,original,predict,differ,abs
0,67,71,-4,4
1,58,64,-6,6
2,88,84,4,4
3,183,176,7,7
4,81,78,3,3
5,88,89,-1,1
6,83,87,-4,4
7,183,144,39,39
8,81,81,0,0
9,117,118,-1,1
10,64,57,7,7
11,59,67,-8,8
12,74,72,2,2
13,100,110,-10,10
14,103,102,1,1
15,66,67,-1,1
16,97,93,4,4
17,120,105,15,15
18,79,78,1,1
19,110,117,-7,7
20,217,200,17,17
21,156,152,4,4
22,97,88,9,9
23,101,120,-19,19
24,82,75,7,7
25,127,119,8,8
26,112,113,-1,1
27,191,170,21,21
28,48,48,0,0
29,106,115,-9,9
30,133,133,0,0
31,57,65,-8,8
32,108,103,5,5
33,89,82,7,7
34,50,54,-4,4
35,62,50,12,12
36,102,94,8,8
37,55,53,2,2
38,89,104,-15,15
39,96,108,-12,12
40,70,72,-2,2
41,115,119,-4,4
42,82,80,2,2
43,102,99,3,3
44,167,144,23,23
45,82,88,-6,6
46,118,129,-11,11
47,85,77,8,8
48,93,92,1,1
49,111,95,16,16
50,77,77,0,0
51,136,132,4,4
52,109,97,12,12
53,85,92,-7,7
54,133,123,10,10
55,138,129,9,9
56,100,121,-21,21
57,130,127,3,3
58,96,107,-11,11
59,58,58,0,0
60,115,114,1,1
61,73,78,-5,5
62,135,123,12,12
63,177,171,6,6
64,96,101,-5,5
65,77,80,-3,3
66,84,86,-2,2
67,105,94,11,11
68,193,186,7,7
69,143,143,0,0
70,111,103,8,8
71,104,93,11,11
72,265,260,5,5
73,88,89,-1,1
74,78,79,-1,1
75,58,60,-2,2
76,86,82,4,4
77,59,63,-4,4
78,139,136,3,3
79,96,93,3,3
80,90,85,5,5
81,83,83,0,0
82,133,132,1,1
83,141,139,2,2
84,72,68,4,4
85,75,74,1,1
86,43,42,1,1
87,68,71,-3,3
88,170,139,31,31
89,92,97,-5,5
90,64,88,-24,24
91,101,111,-10,10
92,82,74,8,8
93,81,77,4,4
94,75,75,0,0
95,99,96,3,3
96,45,55,-10,10
97,186,182,4,4
98,127,145,-18,18
99,100,107,-7,7
100,66,65,1,1
101,129,111,18,18
102,107,114,-7,7
103,128,125,3,3
104,90,83,7,7
105,68,71,-3,3
106,107,109,-2,2
107,90,86,4,4
108,89,90,-1,1
109,70,72,-2,2
110,174,150,24,24
111,90,80,10,10
112,76,78,-2,2
113,67,65,2,2
114,76,86,-10,10
115,168,159,9,9
116,91,86,5,5
117,103,104,-1,1
118,91,90,1,1
119,67,75,-8,8
120,118,124,-6,6
121,51,53,-2,2
122,76,80,-4,4
123,110,118,-8,8
124,99,93,6,6
125,96,96,0,0
126,169,160,9,9
127,89,94,-5,5
128,94,101,-7,7
129,123,133,-10,10
130,186,172,14,14
131,132,131,1,1
132,102,90,12,12
133,78,82,-4,4
134,129,117,12,12
135,116,99,17,17
136,136,128,8,8
137,131,133,-2,2
138,105,109,-4,4
139,69,71,-2,2
140,66,61,5,5
141,127,121,6,6
142,127,129,-2,2
143,66,78,-12,12
144,112,120,-8,8
145,115,109,6,6
146,98,89,9,9
147,69,67,2,2
148,93,80,13,13
149,121,127,-6,6
150,92,94,-2,2
151,73,72,1,1
152,139,137,2,2
153,80,83,-3,3
154,89,94,-5,5
155,67,66,1,1
156,66,61,5,5
157,81,85,-4,4
158,59,59,0,0
159,128,130,-2,2
160,109,115,-6,6
161,50,53,-3,3
162,74,69,5,5
163,80,83,-3,3
164,132,129,3,3
165,51,53,-2,2
166,115,114,1,1
167,70,86,-16,16
168,159,143,16,16
169,151,156,-5,5
170,94,94,0,0
171,81,92,-11,11
172,77,82,-5,5
173,42,43,-1,1
174,135,134,1,1
175,106,100,6,6
176,50,52,-2,2
177,162,143,19,19
178,130,113,17,17
179,120,107,13,13
180,84,89,-5,5
181,76,77,-1,1
182,67,70,-3,3
183,75,69,6,6
184,39,39,0,0
185,119,104,15,15
186,55,60,-5,5
187,90,83,7,7
188,124,126,-2,2
189,171,169,2,2
190,70,69,1,1
191,137,137,0,0
192,127,136,-9,9
193,143,152,-9,9
194,195,164,31,31
195,112,110,2,2
196,43,47,-4,4
197,114,112,2,2
198,111,111,0,0
199,80,81,-1,1
200,128,110,18,18
201,176,175,1,1
202,64,60,4,4
203,142,137,5,5
204,100,91,9,9
205,63,56,7,7
206,145,136,9,9
207,101,96,5,5
208,78,74,4,4
209,98,92,6,6
210,147,148,-1,1
211,50,52,-2,2
212,70,68,2,2
213,175,170,5,5
214,87,100,-13,13
215,87,77,10,10
216,108,126,-18,18
217,67,66,1,1
218,95,97,-2,2
219,89,96,-7,7
220,135,138,-3,3
221,79,88,-9,9
222,43,49,-6,6
223,195,155,40,40
224,83,87,-4,4
225,81,89,-8,8
226,63,70,-7,7
227,119,119,0,0
228,98,96,2,2
229,44,52,-8,8
230,47,57,-10,10
231,87,68,19,19
232,90,80,10,10
233,62,62,0,0
234,103,96,7,7
235,140,138,2,2
236,114,116,-2,2
237,57,70,-13,13
238,81,80,1,1
239,74,99,-25,25
240,61,71,-10,10
241,43,42,1,1
242,55,60,-5,5
243,100,91,9,9
244,124,112,12,12
245,107,104,3,3
246,121,126,-5,5
247,86,93,-7,7
248,146,137,9,9
249,147,149,-2,2
250,47,41,6,6
251,124,114,10,10
252,89,92,-3,3
253,50,59,-9,9
254,110,115,-5,5
255,158,150,8,8
256,86,81,5,5
257,102,109,-7,7
258,107,111,-4,4
259,64,62,2,2
260,136,131,5,5
261,125,111,14,14
262,115,108,7,7
263,71,71,0,0
264,80,80,0,0
265,82,86,-4,4
266,79,82,-3,3
267,102,95,7,7
268,49,57,-8,8
269,109,115,-6,6
270,52,54,-2,2
271,72,68,4,4
272,68,72,-4,4
273,151,156,-5,5
274,112,111,1,1
275,97,108,-11,11
276,82,89,-7,7
277,72,78,-6,6
278,125,134,-9,9
279,128,131,-3,3
280,94,95,-1,1
281,76,68,8,8
282,71,75,-4,4
283,112,114,-2,2
284,75,72,3,3
285,77,73,4,4
286,78,72,6,6
287,89,81,8,8
288,88,81,7,7
289,97,94,3,3
290,80,76,4,4
291,67,72,-5,5
292,83,85,-2,2
293,85,86,-1,1
294,76,72,4,4
295,64,64,0,0
296,107,111,-4,4
297,141,143,-2,2
298,130,127,3,3
299,51,56,-5,5
300,66,62,4,4
301,75,76,-1,1
302,186,165,21,21
303,86,78,8,8
304,141,143,-2,2
305,83,77,6,6
306,85,81,4,4
307,148,135,13,13
308,87,85,2,2
309,77,70,7,7
310,27,42,-15,15
311,88,89,-1,1
312,92,85,7,7
313,86,90,-4,4
314,135,135,0,0
315,77,72,5,5
316,73,71,2,2
317,133,139,-6,6
318,51,51,0,0
319,125,117,8,8
320,98,113,-15,15
321,143,139,4,4
322,140,137,3,3
323,87,93,-6,6
324,89,74,15,15
325,69,72,-3,3
326,96,67,29,29
327,127,119,8,8
328,79,77,2,2
329,137,126,11,11
330,85,86,-1,1
331,84,89,-5,5
332,52,59,-7,7
333,77,70,7,7
334,78,85,-7,7
335,104,96,8,8
336,89,93,-4,4
337,89,51,38,38
338,56,52,4,4
339,106,86,20,20
340,71,70,1,1
341,132,120,12,12
342,82,77,5,5
343,100,96,4,4
344,51,55,-4,4
345,66,65,1,1
346,85,78,7,7
347,112,111,1,1
348,34,51,-17,17
349,134,119,15,15
350,93,99,-6,6
351,114,134,-20,20
352,137,129,8,8
353,88,89,-1,1
354,108,116,-8,8
355,106,97,9,9
356,146,174,-28,28
357,54,66,-12,12
358,170,138,32,32
359,86,73,13,13
360,110,95,15,15
361,82,83,-1,1
362,101,96,5,5
363,64,66,-2,2
364,44,51,-7,7
365,84,80,4,4
366,60,57,3,3
367,101,105,-4,4
368,120,110,10,10
369,60,59,1,1
370,130,127,3,3
371,41,44,-3,3
372,116,110,6,6
373,58,58,0,0
374,77,76,1,1
375,96,102,-6,6
376,88,95,-7,7
377,103,99,4,4
378,35,44,-9,9
379,64,62,2,2
380,86,77,9,9
381,89,90,-1,1
382,108,109,-1,1
383,116,110,6,6
384,82,85,-3,3
385,65,66,-1,1
386,64,69,-5,5
387,134,130,4,4
388,65,67,-2,2
389,77,77,0,0
390,120,119,1,1
391,54,55,-1,1
392,90,87,3,3
393,87,89,-2,2
394,97,94,3,3
395,17,33,-16,16
396,69,90,-21,21
397,31,46,-15,15
398,90,87,3,3
399,104,105,-1,1
400,97,94,3,3
401,52,61,-9,9
402,81,82,-1,1
403,88,86,2,2
404,150,150,0,0
405,103,112,-9,9
406,47,47,0,0
407,119,118,1,1
408,107,116,-9,9
409,88,64,24,24
410,85,85,0,0
411,95,98,-3,3
412,89,81,8,8
413,87,90,-3,3
414,148,136,12,12
415,98,94,4,4
416,148,151,-3,3
417,77,82,-5,5
418,70,72,-2,2
419,64,61,3,3
420,110,131,-21,21
421,143,151,-8,8
422,122,169,-47,47
423,82,83,-1,1
424,112,113,-1,1
425,128,127,1,1
426,148,148,0,0
427,80,77,3,3
428,56,65,-9,9
429,90,90,0,0
430,110,111,-1,1
431,88,98,-10,10
432,91,90,1,1
433,99,97,2,2
434,122,116,6,6
435,66,65,1,1
436,106,100,6,6
437,65,62,3,3
438,164,152,12,12
439,68,66,2,2
440,48,67,-19,19
441,88,79,9,9
442,107,128,-21,21
443,58,63,-5,5
444,91,86,5,5
445,113,109,4,4
446,107,99,8,8
447,101,94,7,7
448,72,82,-10,10
449,134,130,4,4
450,87,86,1,1
451,64,66,-2,2
452,72,67,5,5
453,146,152,-6,6
454,110,112,-2,2
455,104,108,-4,4
456,129,136,-7,7
457,134,142,-8,8
458,123,122,1,1
459,62,61,1,1
460,71,74,-3,3
461,58,64,-6,6
462,88,83,5,5
463,134,138,-4,4
464,81,82,-1,1
465,77,91,-14,14
466,118,115,3,3
467,131,128,3,3
468,66,65,1,1
469,61,63,-2,2
470,43,38,5,5
471,121,120,1,1
472,101,114,-13,13
473,112,100,12,12
474,67,63,4,4
475,88,84,4,4
476,57,51,6,6
477,93,89,4,4
478,77,65,12,12
479,57,60,-3,3
480,55,67,-12,12
481,68,66,2,2
482,118,113,5,5
483,63,66,-3,3
484,110,117,-7,7
485,58,56,2,2
486,119,108,11,11
487,110,140,-30,30
488,146,145,1,1
489,50,47,3,3
490,104,100,4,4
491,136,129,7,7
492,145,147,-2,2
493,110,94,16,16
494,124,131,-7,7
495,117,112,5,5
496,134,129,5,5
497,98,89,9,9
498,104,123,-19,19
499,78,71,7,7
500,100,93,7,7
501,45,52,-7,7
502,108,116,-8,8
503,50,57,-7,7
504,69,73,-4,4
505,106,105,1,1
506,66,61,5,5
507,61,63,-2,2
508,96,93,3,3
509,96,95,1,1
510,53,56,-3,3
511,93,95,-2,2
512,80,75,5,5
513,73,75,-2,2
514,70,78,-8,8
515,100,91,9,9
516,137,133,4,4
517,114,117,-3,3
518,70,69,1,1
519,55,65,-10,10
520,108,87,21,21
521,138,139,-1,1
522,95,96,-1,1
523,142,142,0,0
524,83,82,1,1
525,122,115,7,7
526,97,99,-2,2
527,56,55,1,1
528,122,118,4,4
529,73,76,-3,3
530,69,58,11,11
531,95,99,-4,4
532,68,74,-6,6
533,95,90,5,5
534,78,92,-14,14
535,90,88,2,2
536,106,108,-2,2
537,42,48,-6,6
538,76,80,-4,4
539,157,166,-9,9
540,119,115,4,4
541,99,101,-2,2
542,61,67,-6,6
543,102,97,5,5
544,92,96,-4,4
545,124,112,12,12
546,82,87,-5,5
547,76,80,-4,4
548,67,72,-5,5
549,148,144,4,4
550,74,73,1,1
551,66,73,-7,7
552,108,112,-4,4
553,64,63,1,1
554,102,102,0,0
555,63,61,2,2
556,66,61,5,5
557,74,71,3,3
558,74,78,-4,4
559,67,70,-3,3
560,86,94,-8,8
561,81,91,-10,10
562,90,93,-3,3
563,47,51,-4,4
564,68,76,-8,8
565,88,75,13,13
566,83,78,5,5
567,76,75,1,1
568,55,58,-3,3
569,100,112,-12,12
570,108,121,-13,13
571,178,163,15,15
572,80,82,-2,2
573,82,82,0,0
574,149,136,13,13
575,69,72,-3,3
576,70,77,-7,7
577,90,105,-15,15
578,91,91,0,0
579,75,69,6,6
580,88,84,4,4
581,134,125,9,9
582,49,59,-10,10
583,51,51,0,0
584,113,110,3,3
585,88,89,-1,1
586,53,54,-1,1
587,84,64,20,20
588,105,106,-1,1
589,85,82,3,3
590,105,99,6,6
591,75,76,-1,1
592,139,133,6,6
593,103,97,6,6
594,87,93,-6,6
595,65,77,-12,12
596,74,73,1,1
597,98,104,-6,6
598,110,107,3,3
599,112,110,2,2
600,88,85,3,3
601,85,84,1,1
602,55,54,1,1
603,86,81,5,5
604,124,125,-1,1
605,114,116,-2,2
606,57,59,-2,2
607,56,60,-4,4
608,78,73,5,5
609,122,138,-16,16
610,79,73,6,6
611,81,74,7,7
612,117,111,6,6
613,112,123,-11,11
614,95,100,-5,5
615,195,176,19,19
616,76,86,-10,10
617,104,95,9,9
618,112,107,5,5
619,103,105,-2,2
620,91,97,-6,6
621,105,98,7,7
622,127,111,16,16
623,60,65,-5,5
624,111,112,-1,1
625,106,108,-2,2
626,109,110,-1,1
627,85,86,-1,1
628,67,73,-6,6
629,81,85,-4,4
630,83,84,-1,1
631,56,63,-7,7
632,92,88,4,4
633,71,78,-7,7
634,95,90,5,5
635,93,95,-2,2
636,144,145,-1,1
637,53,55,-2,2
638,77,85,-8,8
639,71,68,3,3
640,95,99,-4,4
641,95,100,-5,5
642,61,57,4,4
643,141,128,13,13
644,133,128,5,5
645,94,85,9,9
646,112,116,-4,4
647,84,85,-1,1
648,92,92,0,0
649,84,85,-1,1
650,94,95,-1,1
651,72,72,0,0
652,102,120,-18,18
653,61,63,-2,2
654,108,117,-9,9
655,105,110,-5,5
656,85,85,0,0
657,74,79,-5,5
658,50,51,-1,1
659,101,96,5,5
660,82,76,6,6
661,108,92,16,16
662,148,141,7,7
663,126,120,6,6
664,136,149,-13,13
665,75,76,-1,1
666,36,35,1,1
667,42,55,-13,13
668,69,64,5,5
669,126,124,2,2
670,109,96,13,13
671,90,87,3,3
672,116,108,8,8
673,151,186,-35,35
674,147,146,1,1
675,52,91,-39,39
676,107,112,-5,5
677,90,90,0,0
678,162,149,13,13
679,103,100,3,3
680,150,136,14,14
681,62,84,-22,22
682,111,105,6,6
683,77,85,-8,8
684,166,168,-2,2
685,151,160,-9,9
686,116,117,-1,1
687,79,80,-1,1
688,94,118,-24,24
689,110,114,-4,4
690,152,137,15,15
691,176,164,12,12
692,92,94,-2,2
693,156,148,8,8
694,92,96,-4,4
695,77,71,6,6
696,32,50,-18,18
697,87,87,0,0
698,108,111,-3,3
699,104,92,12,12
700,70,69,1,1
701,66,51,15,15
702,118,112,6,6
703,65,66,-1,1
704,111,99,12,12
705,74,68,6,6
706,81,88,-7,7
707,88,81,7,7
708,87,87,0,0
709,116,122,-6,6
710,47,44,3,3
711,95,96,-1,1
712,44,48,-4,4
713,91,106,-15,15
714,83,84,-1,1
715,137,131,6,6
716,80,80,0,0
717,147,137,10,10
718,119,127,-8,8
719,137,112,25,25
720,133,142,-9,9
721,89,93,-4,4
722,150,141,9,9
723,108,107,1,1
724,96,77,19,19
725,88,82,6,6
726,140,131,9,9
727,128,132,-4,4
728,53,54,-1,1
729,100,114,-14,14
730,58,69,-11,11
731,110,99,11,11
732,125,121,4,4
733,124,114,10,10
734,109,117,-8,8
735,122,127,-5,5
736,95,95,0,0
737,93,93,0,0
738,85,76,9,9
739,98,85,13,13
740,68,75,-7,7
741,48,47,1,1
742,97,101,-4,4
743,81,80,1,1
744,88,84,4,4
745,91,113,-22,22
746,64,62,2,2
747,204,184,20,20
748,114,112,2,2
749,185,155,30,30
750,75,76,-1,1
751,70,65,5,5
752,145,146,-1,1
753,87,84,3,3
754,45,50,-5,5
755,73,74,-1,1
756,125,132,-7,7
757,60,62,-2,2
758,95,95,0,0
759,119,99,20,20
760,76,71,5,5
761,56,59,-3,3
762,44,57,-13,13
763,98,100,-2,2
764,86,75,11,11
765,161,146,15,15
766,102,121,-19,19
767,103,98,5,5
768,69,73,-4,4
769,151,159,-8,8
770,92,72,20,20
771,80,88,-8,8
772,87,89,-2,2
773,108,98,10,10
774,51,54,-3,3
775,110,110,0,0
776,64,60,4,4
777,73,72,1,1
778,92,89,3,3
779,93,91,2,2
780,103,100,3,3
781,49,48,1,1
782,71,76,-5,5
783,70,66,4,4
784,67,66,1,1
785,100,94,6,6
786,93,99,-6,6
787,75,76,-1,1
788,97,97,0,0
789,84,87,-3,3
790,140,130,10,10
791,151,139,12,12
792,78,85,-7,7
793,79,72,7,7
794,108,122,-14,14
795,95,84,11,11
796,98,91,7,7
797,119,125,-6,6
798,83,95,-12,12
799,67,70,-3,3
800,64,67,-3,3
801,102,99,3,3
802,75,75,0,0
803,68,78,-10,10
804,78,77,1,1
805,53,54,-1,1
806,126,124,2,2
807,89,91,-2,2
808,85,96,-11,11
809,64,68,-4,4
810,85,83,2,2
811,74,70,4,4
812,66,67,-1,1
813,79,71,8,8
814,125,109,16,16
815,119,115,4,4
816,26,47,-21,21
817,66,65,1,1
818,88,80,8,8
819,111,97,14,14
820,86,80,6,6
821,76,86,-10,10
822,86,82,4,4
823,145,136,9,9
824,46,48,-2,2
825,107,98,9,9
826,99,88,11,11
827,63,73,-10,10
828,68,68,0,0
829,100,90,10,10
830,110,120,-10,10
831,77,79,-2,2
832,66,70,-4,4
833,64,63,1,1
834,77,83,-6,6
835,144,145,-1,1
836,106,102,4,4
837,93,94,-1,1
838,73,80,-7,7
839,103,108,-5,5
840,105,112,-7,7
841,75,77,-2,2
842,83,77,6,6
843,112,113,-1,1
844,156,147,9,9
845,156,147,9,9
846,77,79,-2,2
847,76,74,2,2
848,95,92,3,3
849,41,53,-12,12
850,106,116,-10,10
851,135,131,4,4
852,92,98,-6,6
853,91,97,-6,6
854,112,111,1,1
855,84,88,-4,4
856,77,72,5,5
857,29,57,-28,28
858,64,67,-3,3
859,143,128,15,15
860,59,57,2,2
861,155,148,7,7
862,207,170,37,37
863,129,115,14,14
864,115,110,5,5
865,108,97,11,11
866,162,144,18,18
867,69,72,-3,3
868,62,71,-9,9
869,79,95,-16,16
870,57,55,2,2
871,90,85,5,5
872,98,94,4,4
873,108,109,-1,1
874,80,97,-17,17
875,114,109,5,5
876,57,56,1,1
877,41,104,-63,63
878,90,81,9,9
879,84,71,13,13
880,87,89,-2,2
881,70,79,-9,9
882,109,109,0,0
883,76,73,3,3
884,62,49,13,13
885,83,77,6,6
886,124,131,-7,7
887,122,128,-6,6
888,55,60,-5,5
889,108,118,-10,10
890,109,114,-5,5
891,52,77,-25,25
892,134,116,18,18
893,60,54,6,6
894,71,76,-5,5
895,123,118,5,5
896,60,62,-2,2
897,140,137,3,3
898,109,95,14,14
899,150,161,-11,11
900,74,77,-3,3
901,94,82,12,12
902,71,75,-4,4
903,139,130,9,9
904,87,100,-13,13
905,72,75,-3,3
906,53,50,3,3
907,163,146,17,17
908,111,92,19,19
909,70,62,8,8
910,46,53,-7,7
911,138,135,3,3
912,127,121,6,6
913,70,86,-16,16
914,107,119,-12,12
915,64,61,3,3
916,69,76,-7,7
917,196,184,12,12
918,136,140,-4,4
919,52,48,4,4
920,79,82,-3,3
921,109,119,-10,10
922,78,79,-1,1
923,115,117,-2,2
924,77,84,-7,7
925,110,110,0,0
926,74,70,4,4
927,49,52,-3,3
928,55,57,-2,2
929,145,135,10,10
930,119,123,-4,4
931,96,95,1,1
932,196,184,12,12
933,72,78,-6,6
934,90,98,-8,8
935,62,108,-46,46
936,118,104,14,14
937,137,142,-5,5
938,79,78,1,1
939,152,138,14,14
940,87,97,-10,10
941,112,110,2,2
942,62,63,-1,1
943,72,77,-5,5
944,109,109,0,0
945,83,80,3,3
946,68,65,3,3
947,97,97,0,0
948,59,62,-3,3
949,173,153,20,20
950,73,69,4,4
951,85,90,-5,5
952,62,63,-1,1
953,75,71,4,4
954,90,92,-2,2
955,93,90,3,3
956,98,96,2,2
957,116,113,3,3
958,50,46,4,4
959,106,110,-4,4
960,114,104,10,10
961,98,92,6,6
962,184,178,6,6
963,69,71,-2,2
964,147,136,11,11
965,29,53,-24,24
966,108,119,-11,11
967,65,66,-1,1
968,96,91,5,5
969,84,87,-3,3
970,70,66,4,4
971,162,155,7,7
972,112,114,-2,2
973,71,69,2,2
974,139,127,12,12
975,72,80,-8,8
976,68,70,-2,2
977,76,82,-6,6
978,87,94,-7,7
979,52,49,3,3
980,115,112,3,3
981,161,151,10,10
982,88,79,9,9
983,107,108,-1,1
984,84,74,10,10
985,90,88,2,2
986,55,57,-2,2
987,138,128,10,10
988,90,82,8,8
989,114,109,5,5
990,111,127,-16,16
991,44,44,0,0
992,111,121,-10,10
993,128,112,16,16
994,98,92,6,6
995,93,84,9,9
996,74,69,5,5
997,130,130,0,0
998,82,90,-8,8
999,178,154,24,24
1000,42,49,-7,7
1001,96,91,5,5
1002,39,50,-11,11
1003,75,74,1,1
1004,147,147,0,0
1005,102,106,-4,4
1006,212,189,23,23
1007,64,64,0,0
1008,91,90,1,1
1009,39,41,-2,2
1010,92,102,-10,10
1011,159,147,12,12
1012,119,113,6,6
1013,128,126,2,2
1014,125,125,0,0
1015,63,69,-6,6
1016,117,113,4,4
1017,117,121,-4,4
1018,35,44,-9,9
1019,108,112,-4,4
1020,108,100,8,8
1021,77,75,2,2
1022,88,86,2,2
1023,45,50,-5,5
1024,88,98,-10,10
1025,110,99,11,11
1026,93,87,6,6
1027,77,83,-6,6
1028,144,136,8,8
1029,63,69,-6,6
1030,56,51,5,5
1031,143,135,8,8
1032,119,134,-15,15
1033,85,80,5,5
1034,94,91,3,3
1035,115,120,-5,5
1036,117,121,-4,4
1037,71,69,2,2
1038,79,82,-3,3
1039,119,88,31,31
1040,78,76,2,2
1041,101,114,-13,13
1042,89,95,-6,6
1043,91,96,-5,5
1044,112,112,0,0
1045,131,132,-1,1
1046,43,47,-4,4
1047,162,157,5,5
1048,55,58,-3,3
1049,116,119,-3,3
1050,49,49,0,0
1051,88,80,8,8
1052,108,102,6,6
1053,72,67,5,5
1054,115,113,2,2
1055,55,57,-2,2
1056,146,133,13,13
1057,97,78,19,19
1058,81,81,0,0
1059,146,140,6,6
1060,133,127,6,6
1061,62,65,-3,3
1062,148,144,4,4
1063,98,87,11,11
1064,81,69,12,12
1065,73,76,-3,3
1066,81,79,2,2
1067,148,141,7,7
1068,141,128,13,13
1069,56,64,-8,8
1070,123,119,4,4
1071,83,81,2,2
1072,117,121,-4,4
1073,99,99,0,0
1074,99,106,-7,7
1075,64,65,-1,1
1076,92,85,7,7
1077,40,40,0,0
1078,183,159,24,24
1079,44,58,-14,14
1080,115,114,1,1
1081,49,62,-13,13
1082,127,123,4,4
1083,155,138,17,17
1084,81,88,-7,7
1085,92,86,6,6
1086,74,62,12,12
1087,108,111,-3,3
1088,57,60,-3,3
1089,61,65,-4,4
1090,125,124,1,1
1091,97,88,9,9
1092,60,89,-29,29
1093,78,75,3,3
1094,71,79,-8,8
1095,84,83,1,1
1096,177,160,17,17
1097,80,77,3,3
1098,130,134,-4,4
1099,81,84,-3,3
1100,88,80,8,8
1101,56,57,-1,1
1102,149,140,9,9
1103,92,80,12,12
1104,90,91,-1,1
1105,45,50,-5,5
1106,63,72,-9,9
1107,92,92,0,0
1108,124,125,-1,1
1109,140,141,-1,1
1110,122,137,-15,15
1111,47,51,-4,4
1112,67,69,-2,2
1113,199,180,19,19
1114,110,131,-21,21
1115,78,84,-6,6
1116,42,42,0,0
1117,51,54,-3,3
1118,183,152,31,31
1119,160,160,0,0
1120,117,114,3,3
1121,70,74,-4,4
1122,90,84,6,6
1123,101,111,-10,10
1124,73,72,1,1
1125,64,65,-1,1
1126,69,69,0,0
1127,98,96,2,2
1128,121,122,-1,1
1129,83,81,2,2
1130,170,167,3,3
1131,80,81,-1,1
1132,68,69,-1,1
1133,130,138,-8,8
1134,66,74,-8,8
1135,65,86,-21,21
1136,95,94,1,1
1137,99,95,4,4
1138,95,120,-25,25
1139,174,169,5,5
1140,154,138,16,16
1141,121,110,11,11
1142,109,98,11,11
1143,87,104,-17,17
1144,61,51,10,10
1145,96,98,-2,2
1146,96,92,4,4
1147,118,117,1,1
1148,97,90,7,7
1149,105,98,7,7
1150,87,84,3,3
1151,104,93,11,11
1152,80,88,-8,8
1153,54,60,-6,6
1154,92,89,3,3
1155,48,52,-4,4
1156,78,83,-5,5
1157,136,124,12,12
1158,139,129,10,10
1159,61,110,-49,49
1160,83,86,-3,3
1161,103,112,-9,9
1162,128,124,4,4
1163,131,128,3,3
1164,76,76,0,0
1165,74,66,8,8
1166,135,135,0,0
1167,73,73,0,0
1168,115,121,-6,6
1169,81,86,-5,5
1170,140,134,6,6
1171,69,74,-5,5
1172,46,52,-6,6
1173,109,104,5,5
1174,197,176,21,21
1175,111,122,-11,11
1176,100,97,3,3
1177,77,70,7,7
1178,66,67,-1,1
1179,67,69,-2,2
1180,120,134,-14,14
1181,349,338,11,11
1182,78,76,2,2
1183,118,123,-5,5
1184,51,65,-14,14
1185,82,85,-3,3
1186,49,45,4,4
1187,72,70,2,2
1188,112,268,-156,156
1189,140,122,18,18
1190,69,61,8,8
1191,94,92,2,2
1192,69,69,0,0
1193,96,99,-3,3
1194,77,116,-39,39
1195,92,101,-9,9
1196,141,142,-1,1
1197,94,89,5,5
1198,92,79,13,13
1199,96,116,-20,20
1200,69,63,6,6
1201,35,46,-11,11
1202,78,75,3,3
1203,113,114,-1,1
1204,99,90,9,9
1205,108,109,-1,1
1206,118,109,9,9
1207,95,93,2,2
1208,106,112,-6,6
1209,101,81,20,20
1210,77,89,-12,12
1211,97,92,5,5
1212,86,83,3,3
1213,60,61,-1,1
1214,101,111,-10,10
1215,105,95,10,10
1216,73,76,-3,3
1217,90,85,5,5
1218,121,113,8,8
1219,80,86,-6,6
1220,85,91,-6,6
1221,158,158,0,0
1222,75,76,-1,1
1223,70,77,-7,7
1224,66,69,-3,3
1225,107,101,6,6
1226,182,176,6,6
1227,134,129,5,5
1228,103,97,6,6
1229,69,75,-6,6
1230,95,88,7,7
1231,33,41,-8,8
1232,58,58,0,0
1233,63,70,-7,7
1234,115,99,16,16
1235,111,97,14,14
1236,128,119,9,9
1237,141,130,11,11
1238,50,51,-1,1
1239,129,113,16,16
1240,49,56,-7,7
1241,91,84,7,7
1242,131,118,13,13
1243,120,110,10,10
1244,91,86,5,5
1245,108,111,-3,3
1246,70,78,-8,8
1247,51,51,0,0
1248,92,96,-4,4
1249,77,74,3,3
1250,149,137,12,12
1251,117,112,5,5
1252,144,142,2,2
1253,82,70,12,12
1254,107,113,-6,6
1255,51,51,0,0
1256,55,61,-6,6
1257,101,101,0,0
1258,99,94,5,5
1259,114,108,6,6
1260,55,65,-10,10
1261,83,81,2,2
1262,174,168,6,6
1263,136,131,5,5
1264,89,94,-5,5
1265,67,79,-12,12
1266,81,80,1,1
1267,122,125,-3,3
1268,74,78,-4,4
1269,149,164,-15,15
1270,62,66,-4,4
1271,64,74,-10,10
1272,85,90,-5,5
1273,163,141,22,22
1274,72,86,-14,14
1275,62,58,4,4
1276,50,55,-5,5
1277,57,66,-9,9
1278,82,93,-11,11
1279,58,59,-1,1
1280,51,51,0,0
1281,63,69,-6,6
1282,125,117,8,8
1283,78,85,-7,7
1284,57,55,2,2
1285,65,66,-1,1
1286,111,119,-8,8
1287,90,84,6,6
1288,107,108,-1,1
1289,81,75,6,6
1290,133,113,20,20
1291,111,120,-9,9
1292,64,70,-6,6
1293,56,74,-18,18
1294,51,56,-5,5
1295,64,66,-2,2
1296,156,148,8,8
1297,96,104,-8,8
1298,94,89,5,5
1299,65,92,-27,27
1300,167,157,10,10
1301,44,49,-5,5
1302,255,222,33,33
1303,80,76,4,4
1304,142,131,11,11
1305,73,62,11,11
1306,114,109,5,5
1307,81,73,8,8
1308,66,70,-4,4
1309,91,92,-1,1
1310,106,94,12,12
1311,84,89,-5,5
1312,120,121,-1,1
1313,115,113,2,2
1314,130,123,7,7
1315,192,195,-3,3
1316,150,136,14,14
1317,87,85,2,2
1318,69,71,-2,2
1319,170,173,-3,3
1320,99,93,6,6
1321,72,77,-5,5
1322,106,97,9,9
1323,142,124,18,18
1324,44,49,-5,5
1325,87,92,-5,5
1326,72,76,-4,4
1327,116,110,6,6
1328,66,68,-2,2
1329,43,45,-2,2
1330,145,137,8,8
1331,92,86,6,6
1332,86,90,-4,4
1333,87,93,-6,6
1334,71,70,1,1
1335,136,127,9,9
1336,73,77,-4,4
1337,81,83,-2,2
1338,65,59,6,6
1339,97,88,9,9
1340,61,61,0,0
1341,76,65,11,11
1342,55,55,0,0
1343,100,95,5,5
1344,120,121,-1,1
1345,110,118,-8,8
1346,103,102,1,1
1347,57,59,-2,2
1348,95,82,13,13
1349,82,87,-5,5
1350,105,112,-7,7
1351,68,72,-4,4
1352,177,164,13,13
1353,97,95,2,2
1354,150,132,18,18
1355,38,40,-2,2
1356,85,81,4,4
1357,79,82,-3,3
1358,78,80,-2,2
1359,98,100,-2,2
1360,138,132,6,6
1361,92,80,12,12
1362,110,108,2,2
1363,135,147,-12,12
1364,96,98,-2,2
1365,107,97,10,10
1366,84,90,-6,6
1367,82,78,4,4
1368,87,108,-21,21
1369,58,61,-3,3
1370,55,54,1,1
1371,69,73,-4,4
1372,193,180,13,13
1373,102,109,-7,7
1374,105,98,7,7
1375,74,89,-15,15
1376,122,147,-25,25
1377,85,81,4,4
1378,103,99,4,4
1379,139,129,10,10
1380,91,84,7,7
1381,84,94,-10,10
1382,155,142,13,13
1383,73,70,3,3
1384,141,129,12,12
1385,70,64,6,6
1386,93,85,8,8
1387,100,89,11,11
1388,96,93,3,3
1389,56,60,-4,4
1390,93,118,-25,25
1391,97,118,-21,21
1392,43,46,-3,3
1393,58,56,2,2
1394,107,108,-1,1
1395,118,116,2,2
1396,64,57,7,7
1397,114,103,11,11
1398,84,78,6,6
1399,68,72,-4,4
1400,170,154,16,16
1401,121,121,0,0
1402,180,174,6,6
1403,81,81,0,0
1404,131,125,6,6
1405,166,161,5,5
1406,83,85,-2,2
1407,107,95,12,12
1408,95,96,-1,1
1409,88,77,11,11
1410,149,139,10,10
1411,160,156,4,4
1412,112,114,-2,2
1413,145,144,1,1
1414,38,37,1,1
1415,104,95,9,9
1416,125,128,-3,3
1417,86,83,3,3
1418,105,99,6,6
1419,44,50,-6,6
1420,116,103,13,13
1421,136,130,6,6
1422,149,138,11,11
1423,135,109,26,26
1424,51,63,-12,12
1425,94,109,-15,15
1426,88,96,-8,8
1427,128,130,-2,2
1428,148,144,4,4
1429,103,114,-11,11
1430,59,65,-6,6
1431,75,74,1,1
1432,83,81,2,2
1433,73,72,1,1
1434,75,98,-23,23
1435,74,82,-8,8
1436,85,85,0,0
1437,74,68,6,6
1438,99,97,2,2
1439,122,121,1,1
1440,130,131,-1,1
1441,61,67,-6,6
1442,48,54,-6,6
1443,111,117,-6,6
1444,58,53,5,5
1445,61,76,-15,15
1446,129,133,-4,4
1447,55,56,-1,1
1448,159,154,5,5
1449,81,80,1,1
1450,44,50,-6,6
1451,64,59,5,5
1452,105,96,9,9
1453,131,130,1,1
1454,188,174,14,14
1455,107,105,2,2
1456,74,77,-3,3
1457,155,167,-12,12
1458,93,88,5,5
1459,125,122,3,3
1460,113,120,-7,7
1461,81,81,0,0
1462,73,70,3,3
1463,78,76,2,2
1464,124,108,16,16
1465,68,74,-6,6
1466,90,93,-3,3
1467,108,95,13,13
1468,73,67,6,6
1469,92,88,4,4
1470,118,119,-1,1
1471,70,63,7,7
1472,98,103,-5,5
1473,70,63,7,7
1474,72,72,0,0
1475,107,94,13,13
1476,112,109,3,3
1477,118,118,0,0
1478,86,83,3,3
1479,114,95,19,19
1480,121,112,9,9
1481,120,110,10,10
1482,275,216,59,59
1483,98,89,9,9
1484,95,109,-14,14
1485,80,77,3,3
1486,126,133,-7,7
1487,98,106,-8,8
1488,133,147,-14,14
1489,61,63,-2,2
1490,129,119,10,10
1491,117,115,2,2
1492,54,75,-21,21
1493,54,57,-3,3
1494,48,55,-7,7
1495,85,80,5,5
1496,56,76,-20,20
1497,77,87,-10,10
1498,140,126,14,14
1499,69,72,-3,3
1500,88,87,1,1
1501,107,109,-2,2
1502,81,80,1,1
1503,134,122,12,12
1504,80,81,-1,1
1505,121,116,5,5
1506,111,109,2,2
1507,72,76,-4,4
1508,155,156,-1,1
1509,61,60,1,1
1510,70,76,-6,6
1511,55,56,-1,1
1512,74,75,-1,1
1513,151,150,1,1
1514,38,46,-8,8
1515,164,185,-21,21
1516,66,77,-11,11
1517,58,57,1,1
1518,66,67,-1,1
1519,116,108,8,8
1520,71,87,-16,16
1521,99,99,0,0
1522,108,117,-9,9
1523,77,80,-3,3
1524,56,60,-4,4
1525,126,112,14,14
1526,117,115,2,2
1527,71,64,7,7
1528,80,73,7,7
1529,69,71,-2,2
1530,76,62,14,14
1531,137,135,2,2
1532,184,172,12,12
1533,131,119,12,12
1534,149,139,10,10
1535,95,93,2,2
1536,122,123,-1,1
1537,54,54,0,0
1538,88,92,-4,4
1539,83,82,1,1
1540,69,74,-5,5
1541,87,100,-13,13
1542,156,154,2,2
1543,118,122,-4,4
1544,55,59,-4,4
1545,83,85,-2,2
1546,81,92,-11,11
1547,101,111,-10,10
1548,73,74,-1,1
1549,105,108,-3,3
1550,82,86,-4,4
1551,65,68,-3,3
1552,78,77,1,1
1553,115,112,3,3
1554,133,122,11,11
1555,58,62,-4,4
1556,108,111,-3,3
1557,128,132,-4,4
1558,136,121,15,15
1559,37,46,-9,9
1560,95,99,-4,4
1561,121,118,3,3
1562,87,83,4,4
1563,100,119,-19,19
1564,89,83,6,6
1565,126,128,-2,2
1566,109,121,-12,12
1567,103,98,5,5
1568,150,136,14,14
1569,94,123,-29,29
1570,148,156,-8,8
1571,60,63,-3,3
1572,70,74,-4,4
1573,131,136,-5,5
1574,70,67,3,3
1575,95,100,-5,5
1576,66,73,-7,7
1577,86,77,9,9
1578,91,86,5,5
1579,75,86,-11,11
1580,46,51,-5,5
1581,100,107,-7,7
1582,98,93,5,5
1583,92,83,9,9
1584,112,102,10,10
1585,167,156,11,11
1586,90,93,-3,3
1587,109,100,9,9
1588,93,110,-17,17
1589,61,63,-2,2
1590,123,120,3,3
1591,93,92,1,1
1592,74,65,9,9
1593,36,49,-13,13
1594,89,85,4,4
1595,144,154,-10,10
1596,80,78,2,2
1597,114,113,1,1
1598,106,106,0,0
1599,57,60,-3,3
1600,70,77,-7,7
1601,112,115,-3,3
1602,92,87,5,5
1603,106,99,7,7
1604,122,126,-4,4
1605,128,117,11,11
1606,109,111,-2,2
1607,75,74,1,1
1608,120,110,10,10
1609,60,56,4,4
1610,137,126,11,11
1611,78,79,-1,1
1612,93,97,-4,4
1613,91,88,3,3
1614,84,85,-1,1
1615,137,135,2,2
1616,43,50,-7,7
1617,74,55,19,19
1618,77,74,3,3
1619,114,114,0,0
1620,104,88,16,16
1621,101,109,-8,8
1622,43,47,-4,4
1623,106,110,-4,4
1624,90,88,2,2
1625,114,120,-6,6
1626,82,71,11,11
1627,62,70,-8,8
1628,112,110,2,2
1629,46,51,-5,5
1630,104,92,12,12
1631,106,109,-3,3
1632,62,60,2,2
1633,123,123,0,0
1634,95,97,-2,2
1635,64,71,-7,7
1636,76,83,-7,7
1637,104,99,5,5
1638,126,125,1,1
1639,144,137,7,7
1640,119,121,-2,2
1641,74,70,4,4
1642,51,56,-5,5
1643,91,95,-4,4
1644,86,95,-9,9
1645,95,91,4,4
1646,72,74,-2,2
1647,162,150,12,12
1648,87,87,0,0
1649,91,90,1,1
1650,122,134,-12,12
1651,70,71,-1,1
1652,106,115,-9,9
1653,89,97,-8,8
1654,59,54,5,5
1655,44,46,-2,2
1656,74,64,10,10
1657,77,77,0,0
1658,135,129,6,6
1659,107,102,5,5
1660,64,63,1,1
1661,52,70,-18,18
1662,61,62,-1,1
1663,74,77,-3,3
1664,87,100,-13,13
1665,106,97,9,9
1666,64,63,1,1
1667,70,75,-5,5
1668,77,79,-2,2
1669,62,64,-2,2
1670,67,66,1,1
1671,109,108,1,1
1672,118,119,-1,1
1673,74,82,-8,8
1674,100,98,2,2
1675,83,97,-14,14
1676,83,72,11,11
1677,121,114,7,7
1678,79,84,-5,5
1679,46,47,-1,1
1680,92,84,8,8
1681,102,97,5,5
1682,103,94,9,9
1683,64,59,5,5
1684,101,94,7,7
1685,105,99,6,6
1686,55,58,-3,3
1687,66,65,1,1
1688,60,60,0,0
1689,62,65,-3,3
1690,150,151,-1,1
1691,84,88,-4,4
1692,98,110,-12,12
1693,59,64,-5,5
1694,57,60,-3,3
1695,88,127,-39,39
1696,146,149,-3,3
1697,58,62,-4,4
1698,73,66,7,7
1699,192,178,14,14
1700,58,56,2,2
1701,97,86,11,11
1702,84,82,2,2
1703,149,142,7,7
1704,162,140,22,22
1705,53,65,-12,12
1706,48,56,-8,8
1707,103,114,-11,11
1708,64,63,1,1
1709,85,81,4,4
1710,64,68,-4,4
1711,73,73,0,0
1712,72,62,10,10
1713,136,125,11,11
1714,103,94,9,9
1715,161,150,11,11
1716,89,85,4,4
1717,102,91,11,11
1718,66,114,-48,48
1719,87,83,4,4
1720,101,102,-1,1
1721,90,94,-4,4
1722,108,116,-8,8
1723,59,64,-5,5
1724,118,115,3,3
1725,56,54,2,2
1726,195,183,12,12
1727,70,66,4,4
1728,90,90,0,0
1729,108,114,-6,6
1730,118,135,-17,17
1731,74,74,0,0
1732,115,110,5,5
1733,31,41,-10,10
1734,121,122,-1,1
1735,43,48,-5,5
1736,78,75,3,3
1737,63,66,-3,3
1738,57,53,4,4
1739,53,60,-7,7
1740,63,67,-4,4
1741,88,86,2,2
1742,80,89,-9,9
1743,133,133,0,0
1744,90,80,10,10
1745,130,131,-1,1
1746,70,72,-2,2
1747,169,147,22,22
1748,45,50,-5,5
1749,171,161,10,10
1750,84,82,2,2
1751,95,98,-3,3
1752,73,79,-6,6
1753,59,60,-1,1
1754,82,87,-5,5
1755,101,92,9,9
1756,77,85,-8,8
1757,57,64,-7,7
1758,97,93,4,4
1759,69,71,-2,2
1760,82,73,9,9
1761,60,80,-20,20
1762,70,71,-1,1
1763,79,83,-4,4
1764,127,121,6,6
1765,92,102,-10,10
1766,119,122,-3,3
1767,59,61,-2,2
1768,66,72,-6,6
1769,44,50,-6,6
1770,46,47,-1,1
1771,129,117,12,12
1772,93,84,9,9
1773,98,124,-26,26
1774,89,83,6,6
1775,74,68,6,6
1776,96,96,0,0
1777,103,91,12,12
1778,84,88,-4,4
1779,75,75,0,0
1780,167,151,16,16
1781,85,86,-1,1
1782,108,117,-9,9
1783,59,60,-1,1
1784,101,100,1,1
1785,76,75,1,1
1786,118,117,1,1
1787,67,67,0,0
1788,53,64,-11,11
1789,108,111,-3,3
1790,103,95,8,8
1791,130,140,-10,10
1792,83,84,-1,1
1793,52,60,-8,8
1794,79,83,-4,4
1795,80,85,-5,5
1796,88,64,24,24
1797,55,62,-7,7
1798,53,52,1,1
1799,116,112,4,4
1800,103,101,2,2
1801,73,78,-5,5
1802,72,73,-1,1
1803,155,141,14,14
1804,205,204,1,1
1805,55,55,0,0
1806,119,115,4,4
1807,93,86,7,7
1808,81,83,-2,2
1809,93,91,2,2
1810,121,124,-3,3
1811,62,62,0,0
1812,61,64,-3,3
1813,113,114,-1,1
1814,79,74,5,5
1815,130,132,-2,2
1816,68,77,-9,9
1817,81,77,4,4
1818,114,109,5,5
1819,101,88,13,13
1820,63,58,5,5
1821,87,103,-16,16
1822,117,117,0,0
1823,114,115,-1,1
1824,109,107,2,2
1825,96,91,5,5
1826,54,59,-5,5
1827,132,126,6,6
1828,85,86,-1,1
1829,70,65,5,5
1830,60,53,7,7
1831,68,69,-1,1
1832,48,46,2,2
1833,75,82,-7,7
1834,126,121,5,5
1835,106,102,4,4
1836,60,58,2,2
1837,70,65,5,5
1838,52,52,0,0
1839,86,78,8,8
1840,74,71,3,3
1841,118,113,5,5
1842,43,47,-4,4
1843,207,190,17,17
1844,97,88,9,9
1845,78,75,3,3
1846,100,108,-8,8
1847,108,97,11,11
1848,73,73,0,0
1849,151,142,9,9
1850,45,50,-5,5
1851,81,79,2,2
1852,68,70,-2,2
1853,140,149,-9,9
1854,121,114,7,7
1855,88,107,-19,19
1856,42,47,-5,5
1857,76,81,-5,5
1858,89,88,1,1
1859,61,61,0,0
1860,98,91,7,7
1861,78,79,-1,1
1862,54,59,-5,5
1863,128,146,-18,18
1864,160,156,4,4
1865,65,69,-4,4
1866,109,104,5,5
1867,149,157,-8,8
1868,112,109,3,3
1869,78,75,3,3
1870,61,57,4,4
1871,82,75,7,7
1872,54,56,-2,2
1873,45,53,-8,8
1874,102,99,3,3
1875,92,91,1,1
1876,121,122,-1,1
1877,119,116,3,3
1878,84,77,7,7
1879,99,103,-4,4
1880,116,121,-5,5
1881,119,114,5,5
1882,157,152,5,5
1883,119,110,9,9
1884,92,87,5,5
1885,60,69,-9,9
1886,101,99,2,2
1887,90,91,-1,1
1888,132,139,-7,7
1889,156,151,5,5
1890,101,100,1,1
1891,88,85,3,3
1892,141,118,23,23
1893,56,59,-3,3
1894,85,77,8,8
1895,182,163,19,19
1896,127,116,11,11
1897,76,75,1,1
1898,83,78,5,5
1899,59,57,2,2
1900,33,47,-14,14
1901,38,42,-4,4
1902,90,80,10,10
1903,87,100,-13,13
1904,81,91,-10,10
1905,123,126,-3,3
1906,111,112,-1,1
1907,207,212,-5,5
1908,140,138,2,2
1909,90,85,5,5
1910,67,72,-5,5
1911,102,134,-32,32
1912,65,65,0,0
1913,81,82,-1,1
1914,75,75,0,0
1915,93,98,-5,5
1916,87,100,-13,13
1917,183,164,19,19
1918,95,94,1,1
1919,200,190,10,10
1920,95,91,4,4
1921,199,184,15,15
1922,87,102,-15,15
1923,56,55,1,1
1924,55,65,-10,10
1925,90,94,-4,4
1926,64,69,-5,5
1927,57,61,-4,4
1928,179,187,-8,8
1929,78,76,2,2
1930,54,57,-3,3
1931,112,109,3,3
1932,69,88,-19,19
1933,73,81,-8,8
1934,64,65,-1,1
1935,65,69,-4,4
1936,63,64,-1,1
1937,159,151,8,8
1938,71,78,-7,7
1939,90,84,6,6
1940,116,113,3,3
1941,110,110,0,0
1942,80,82,-2,2
1943,116,120,-4,4
1944,101,109,-8,8
1945,145,135,10,10
1946,144,143,1,1
1947,163,149,14,14
1948,115,127,-12,12
1949,115,123,-8,8
1950,102,101,1,1
1951,105,95,10,10
1952,61,60,1,1
1953,74,71,3,3
1954,88,84,4,4
1955,86,73,13,13
1956,98,97,1,1
1957,113,112,1,1
1958,82,65,17,17
1959,124,109,15,15
1960,76,72,4,4
1961,137,137,0,0
1962,88,100,-12,12
1963,130,123,7,7
1964,75,66,9,9
1965,97,84,13,13
1966,114,125,-11,11
1967,92,89,3,3
1968,106,109,-3,3
1969,89,93,-4,4
1970,72,91,-19,19
1971,92,91,1,1
1972,66,62,4,4
1973,26,31,-5,5
1974,106,98,8,8
1975,82,88,-6,6
1976,112,112,0,0
1977,94,92,2,2
1978,106,101,5,5
1979,114,109,5,5
1980,85,100,-15,15
1981,144,147,-3,3
1982,137,127,10,10
1983,56,65,-9,9
1984,62,55,7,7
1985,65,71,-6,6
1986,71,75,-4,4
1987,78,90,-12,12
1988,66,59,7,7
1989,106,110,-4,4
1990,74,101,-27,27
1991,46,124,-78,78
1992,140,134,6,6
1993,129,120,9,9
1994,83,87,-4,4
1995,81,83,-2,2
1996,49,50,-1,1
1997,124,121,3,3
1998,42,48,-6,6
1999,89,84,5,5
2000,101,92,9,9
2001,184,199,-15,15
2002,113,111,2,2
2003,212,204,8,8
2004,120,113,7,7
2005,95,96,-1,1
2006,120,122,-2,2
2007,97,95,2,2
2008,72,71,1,1
2009,80,66,14,14
2010,87,96,-9,9
2011,100,95,5,5
2012,185,174,11,11
2013,90,93,-3,3
2014,77,80,-3,3
2015,67,71,-4,4
2016,63,66,-3,3
2017,74,75,-1,1
2018,104,96,8,8
2019,129,127,2,2
2020,73,70,3,3
2021,128,123,5,5
2022,64,67,-3,3
2023,88,81,7,7
2024,47,53,-6,6
2025,68,65,3,3
2026,75,70,5,5
2027,75,73,2,2
2028,80,85,-5,5
2029,61,64,-3,3
2030,74,76,-2,2
2031,79,84,-5,5
2032,62,69,-7,7
2033,121,128,-7,7
2034,77,79,-2,2
2035,104,105,-1,1
2036,116,115,1,1
2037,61,74,-13,13
2038,86,84,2,2
2039,83,90,-7,7
2040,119,120,-1,1
2041,109,117,-8,8
2042,83,96,-13,13
2043,66,70,-4,4
2044,112,112,0,0
2045,110,113,-3,3
2046,115,127,-12,12
2047,97,96,1,1
2048,115,114,1,1
2049,78,85,-7,7
2050,58,57,1,1
2051,98,102,-4,4
2052,104,100,4,4
2053,109,100,9,9
2054,143,137,6,6
2055,98,96,2,2
2056,56,64,-8,8
2057,61,63,-2,2
2058,86,83,3,3
2059,73,75,-2,2
2060,101,99,2,2
2061,165,151,14,14
2062,64,58,6,6
2063,62,60,2,2
2064,68,66,2,2
2065,101,109,-8,8
2066,72,81,-9,9
2067,56,57,-1,1
2068,109,97,12,12
2069,63,59,4,4
2070,48,53,-5,5
2071,134,137,-3,3
2072,91,98,-7,7
2073,80,82,-2,2
2074,112,109,3,3
2075,49,53,-4,4
2076,91,86,5,5
2077,75,79,-4,4
2078,86,77,9,9
2079,142,132,10,10
2080,79,76,3,3
2081,122,131,-9,9
2082,139,137,2,2
2083,79,71,8,8
2084,184,163,21,21
2085,134,162,-28,28
2086,99,92,7,7
2087,59,63,-4,4
2088,77,80,-3,3
2089,84,83,1,1
2090,116,119,-3,3
2091,41,40,1,1
2092,70,83,-13,13
2093,39,45,-6,6
2094,82,85,-3,3
2095,58,61,-3,3
2096,166,150,16,16
2097,71,74,-3,3
2098,119,114,5,5
2099,92,99,-7,7
2100,116,120,-4,4
2101,121,114,7,7
2102,106,102,4,4
2103,82,79,3,3
2104,137,137,0,0
2105,113,116,-3,3
2106,84,87,-3,3
2107,136,127,9,9
2108,57,59,-2,2
2109,142,133,9,9
2110,55,51,4,4
2111,82,82,0,0
2112,208,194,14,14
2113,101,86,15,15
2114,156,161,-5,5
2115,175,155,20,20
2116,137,120,17,17
2117,105,123,-18,18
2118,84,87,-3,3
2119,78,78,0,0
2120,115,102,13,13
2121,74,72,2,2
2122,67,63,4,4
2123,46,54,-8,8
2124,123,116,7,7
2125,68,65,3,3
2126,110,116,-6,6
2127,95,94,1,1
2128,77,83,-6,6
2129,86,91,-5,5
2130,62,57,5,5
2131,91,80,11,11
2132,76,77,-1,1
2133,92,80,12,12
2134,98,89,9,9
2135,108,109,-1,1
2136,142,142,0,0
2137,111,84,27,27
2138,96,99,-3,3
2139,86,85,1,1
2140,138,134,4,4
2141,89,92,-3,3
2142,149,133,16,16
2143,82,86,-4,4
2144,135,133,2,2
2145,94,91,3,3
2146,79,79,0,0
2147,84,86,-2,2
2148,44,82,-38,38
2149,46,63,-17,17
2150,96,95,1,1
2151,114,109,5,5
2152,57,59,-2,2
2153,79,76,3,3
2154,78,86,-8,8
2155,117,134,-17,17
2156,98,87,11,11
2157,57,52,5,5
2158,99,89,10,10
2159,97,91,6,6
2160,98,87,11,11
2161,70,65,5,5
2162,102,110,-8,8
2163,82,86,-4,4
2164,81,81,0,0
2165,69,74,-5,5
2166,66,61,5,5
2167,97,82,15,15
2168,86,87,-1,1
2169,58,59,-1,1
2170,83,92,-9,9
2171,78,81,-3,3
2172,64,63,1,1
2173,127,103,24,24
2174,73,64,9,9
2175,70,78,-8,8
2176,93,104,-11,11
2177,116,118,-2,2
2178,103,88,15,15
2179,44,59,-15,15
2180,84,92,-8,8
2181,116,99,17,17
2182,102,108,-6,6
2183,56,56,0,0
2184,117,117,0,0
2185,111,113,-2,2
2186,82,89,-7,7
2187,115,109,6,6
2188,96,107,-11,11
2189,137,114,23,23
2190,111,105,6,6
2191,63,72,-9,9
2192,65,65,0,0
2193,57,56,1,1
2194,82,73,9,9
2195,64,84,-20,20
2196,100,99,1,1
2197,68,64,4,4
2198,57,63,-6,6
2199,76,71,5,5
2200,138,134,4,4
2201,61,72,-11,11
2202,80,85,-5,5
2203,98,108,-10,10
2204,137,135,2,2
2205,101,96,5,5
2206,122,126,-4,4
2207,75,83,-8,8
2208,118,115,3,3
2209,87,89,-2,2
2210,116,110,6,6
2211,97,97,0,0
2212,147,159,-12,12
2213,74,70,4,4
2214,55,57,-2,2
2215,110,97,13,13
2216,93,94,-1,1
2217,64,71,-7,7
2218,105,115,-10,10
2219,70,97,-27,27
2220,92,82,10,10
2221,63,63,0,0
2222,93,91,2,2
2223,60,73,-13,13
2224,82,80,2,2
2225,108,109,-1,1
2226,118,118,0,0
2227,167,160,7,7
2228,112,112,0,0
2229,85,84,1,1
2230,77,94,-17,17
2231,105,107,-2,2
2232,144,140,4,4
2233,159,158,1,1
2234,68,69,-1,1
2235,42,47,-5,5
2236,111,130,-19,19
2237,67,77,-10,10
2238,135,129,6,6
2239,45,50,-5,5
2240,79,78,1,1
2241,117,121,-4,4
2242,94,90,4,4
2243,44,72,-28,28
2244,94,108,-14,14
2245,140,127,13,13
2246,98,93,5,5
2247,66,71,-5,5
2248,63,67,-4,4
2249,65,71,-6,6
2250,104,109,-5,5
2251,92,95,-3,3
2252,86,88,-2,2
2253,81,86,-5,5
2254,77,82,-5,5
2255,78,78,0,0
2256,48,57,-9,9
2257,39,41,-2,2
2258,47,44,3,3
2259,94,102,-8,8
2260,161,154,7,7
2261,72,59,13,13
2262,35,43,-8,8
2263,89,99,-10,10
2264,69,92,-23,23
2265,102,109,-7,7
2266,79,99,-20,20
2267,107,98,9,9
2268,111,125,-14,14
2269,95,97,-2,2
2270,102,102,0,0
2271,89,97,-8,8
2272,65,63,2,2
2273,108,109,-1,1
2274,57,72,-15,15
2275,103,98,5,5
2276,151,129,22,22
2277,184,172,12,12
2278,78,79,-1,1
2279,185,158,27,27
2280,63,70,-7,7
2281,131,125,6,6
2282,155,141,14,14
2283,87,81,6,6
2284,136,132,4,4
2285,104,109,-5,5
2286,54,56,-2,2
2287,107,110,-3,3
2288,64,65,-1,1
2289,68,70,-2,2
2290,90,94,-4,4
2291,65,74,-9,9
2292,86,94,-8,8
2293,78,78,0,0
2294,72,66,6,6
2295,50,60,-10,10
2296,107,110,-3,3
2297,101,216,-115,115
2298,104,100,4,4
2299,47,48,-1,1
2300,87,81,6,6
2301,102,104,-2,2
2302,103,94,9,9
2303,62,59,3,3
2304,57,61,-4,4
2305,68,73,-5,5
2306,109,111,-2,2
2307,80,87,-7,7
2308,76,83,-7,7
2309,97,100,-3,3
2310,83,77,6,6
2311,116,115,1,1
2312,72,69,3,3
2313,49,52,-3,3
2314,108,112,-4,4
2315,106,90,16,16
2316,135,126,9,9
2317,115,120,-5,5
2318,111,105,6,6
2319,95,86,9,9
2320,56,67,-11,11
2321,154,139,15,15
2322,106,108,-2,2
2323,71,75,-4,4
2324,92,87,5,5
2325,96,86,10,10
2326,75,79,-4,4
2327,127,113,14,14
2328,66,70,-4,4
2329,78,80,-2,2
2330,148,145,3,3
2331,95,90,5,5
2332,145,126,19,19
2333,80,85,-5,5
2334,48,50,-2,2
2335,73,82,-9,9
2336,128,135,-7,7
2337,38,52,-14,14
2338,180,174,6,6
2339,63,67,-4,4
2340,60,59,1,1
2341,149,146,3,3
2342,97,108,-11,11
2343,57,62,-5,5
2344,158,143,15,15
2345,85,91,-6,6
2346,83,76,7,7
2347,145,137,8,8
2348,76,74,2,2
2349,107,101,6,6
2350,177,167,10,10
2351,106,94,12,12
2352,73,71,2,2
2353,43,47,-4,4
2354,141,121,20,20
2355,100,109,-9,9
2356,81,97,-16,16
2357,267,211,56,56
2358,69,69,0,0
2359,114,117,-3,3
2360,110,110,0,0
2361,107,112,-5,5
2362,95,85,10,10
2363,92,86,6,6
2364,166,142,24,24
2365,83,86,-3,3
2366,140,125,15,15
2367,102,94,8,8
2368,82,88,-6,6
2369,88,95,-7,7
2370,129,114,15,15
2371,171,168,3,3
2372,53,54,-1,1
2373,139,122,17,17
2374,131,118,13,13
2375,137,123,14,14
2376,65,66,-1,1
2377,83,86,-3,3
2378,191,189,2,2
2379,65,58,7,7
2380,197,186,11,11
2381,101,107,-6,6
2382,147,143,4,4
2383,159,159,0,0
2384,46,49,-3,3
2385,151,141,10,10
2386,104,96,8,8
2387,132,135,-3,3
2388,67,69,-2,2
2389,80,81,-1,1
2390,198,184,14,14
2391,116,133,-17,17
2392,72,108,-36,36
2393,152,140,12,12
2394,63,70,-7,7
2395,61,66,-5,5
2396,112,113,-1,1
2397,96,88,8,8
2398,90,87,3,3
2399,118,120,-2,2
2400,102,110,-8,8
2401,65,66,-1,1
2402,93,96,-3,3
2403,64,64,0,0
2404,88,115,-27,27
2405,116,114,2,2
2406,94,108,-14,14
2407,96,109,-13,13
2408,83,98,-15,15
2409,125,126,-1,1
2410,71,66,5,5
2411,147,154,-7,7
2412,117,121,-4,4
2413,125,119,6,6
2414,65,61,4,4
2415,69,74,-5,5
2416,72,72,0,0
2417,80,84,-4,4
2418,73,68,5,5
2419,62,66,-4,4
2420,126,123,3,3
2421,56,57,-1,1
2422,90,100,-10,10
2423,95,101,-6,6
2424,67,71,-4,4
2425,37,45,-8,8
2426,128,120,8,8
2427,63,61,2,2
2428,32,40,-8,8
2429,63,61,2,2
2430,42,53,-11,11
2431,90,90,0,0
2432,58,61,-3,3
2433,159,140,19,19
2434,114,124,-10,10
2435,76,68,8,8
2436,71,69,2,2
2437,91,88,3,3
2438,144,131,13,13
2439,71,67,4,4
2440,70,77,-7,7
2441,109,113,-4,4
2442,86,83,3,3
2443,114,117,-3,3
2444,66,57,9,9
2445,92,82,10,10
2446,71,67,4,4
2447,92,87,5,5
2448,137,148,-11,11
2449,73,82,-9,9
2450,73,66,7,7
2451,101,94,7,7
2452,119,115,4,4
2453,97,97,0,0
2454,110,107,3,3
2455,69,65,4,4
2456,81,77,4,4
2457,67,70,-3,3
2458,139,134,5,5
2459,88,84,4,4
2460,114,111,3,3
2461,64,62,2,2
2462,86,83,3,3
2463,122,118,4,4
2464,122,115,7,7
2465,94,88,6,6
2466,128,133,-5,5
2467,83,78,5,5
2468,92,89,3,3
2469,175,169,6,6
2470,141,140,1,1
2471,72,79,-7,7
2472,135,142,-7,7
2473,84,81,3,3
2474,123,119,4,4
2475,113,119,-6,6
2476,135,134,1,1
2477,83,84,-1,1
2478,58,65,-7,7
2479,146,145,1,1
2480,123,125,-2,2
2481,50,52,-2,2
2482,67,78,-11,11
2483,80,85,-5,5
2484,136,132,4,4
2485,165,162,3,3
2486,84,78,6,6
2487,107,102,5,5
2488,151,152,-1,1
2489,111,114,-3,3
2490,51,63,-12,12
2491,78,79,-1,1
2492,145,125,20,20
2493,54,60,-6,6
2494,86,81,5,5
2495,93,90,3,3
2496,117,104,13,13
2497,52,54,-2,2
2498,84,91,-7,7
2499,196,197,-1,1
2500,70,58,12,12
2501,166,166,0,0
2502,103,89,14,14
2503,67,81,-14,14
2504,54,55,-1,1
2505,91,92,-1,1
2506,124,121,3,3
2507,80,79,1,1
2508,111,113,-2,2
2509,108,97,11,11
2510,134,139,-5,5
2511,98,98,0,0
2512,64,84,-20,20
2513,73,73,0,0
2514,94,97,-3,3
2515,61,73,-12,12
2516,90,94,-4,4
2517,102,97,5,5
2518,150,142,8,8
2519,97,100,-3,3
2520,76,75,1,1
2521,58,62,-4,4
2522,90,76,14,14
2523,70,73,-3,3
2524,65,67,-2,2
2525,78,84,-6,6
2526,53,59,-6,6
2527,83,75,8,8
2528,103,73,30,30
2529,74,74,0,0
2530,173,166,7,7
2531,63,66,-3,3
2532,104,101,3,3
2533,96,99,-3,3
2534,110,122,-12,12
2535,83,81,2,2
2536,89,89,0,0
2537,95,109,-14,14
2538,74,79,-5,5
2539,55,52,3,3
2540,117,118,-1,1
2541,32,30,2,2
2542,64,73,-9,9
2543,103,88,15,15
2544,121,123,-2,2
2545,129,120,9,9
2546,90,96,-6,6
2547,119,150,-31,31
2548,105,93,12,12
2549,78,72,6,6
2550,159,146,13,13
2551,73,75,-2,2
2552,128,129,-1,1
2553,149,150,-1,1
2554,129,112,17,17
2555,87,94,-7,7
2556,69,75,-6,6
2557,120,116,4,4
2558,57,57,0,0
2559,107,114,-7,7
2560,56,57,-1,1
2561,128,81,47,47
2562,153,135,18,18
2563,114,128,-14,14
2564,96,100,-4,4
2565,111,111,0,0
2566,130,133,-3,3
2567,88,90,-2,2
2568,75,74,1,1
2569,85,89,-4,4
2570,105,104,1,1
2571,48,49,-1,1
2572,98,98,0,0
2573,62,70,-8,8
2574,142,138,4,4
2575,91,64,27,27
2576,85,87,-2,2
2577,67,63,4,4
2578,116,110,6,6
2579,82,91,-9,9
2580,136,134,2,2
2581,145,128,17,17
2582,76,79,-3,3
2583,46,55,-9,9
2584,112,130,-18,18
2585,119,124,-5,5
2586,75,90,-15,15
2587,58,65,-7,7
2588,90,96,-6,6
2589,106,116,-10,10
2590,117,116,1,1
2591,97,95,2,2
2592,142,149,-7,7
2593,156,152,4,4
2594,136,97,39,39
2595,73,79,-6,6
2596,98,87,11,11
2597,79,85,-6,6
2598,130,134,-4,4
2599,114,116,-2,2
2600,122,119,3,3
2601,87,80,7,7
2602,136,126,10,10
2603,157,144,13,13
2604,53,54,-1,1
2605,106,102,4,4
2606,62,68,-6,6
2607,87,89,-2,2
2608,75,72,3,3
2609,71,72,-1,1
2610,87,86,1,1
2611,81,82,-1,1
2612,110,108,2,2
2613,119,119,0,0
2614,103,99,4,4
2615,65,59,6,6
2616,137,122,15,15
2617,66,75,-9,9
2618,78,71,7,7
2619,93,99,-6,6
2620,117,113,4,4
2621,95,92,3,3
2622,88,83,5,5
2623,102,90,12,12
2624,49,52,-3,3
2625,82,79,3,3
2626,70,75,-5,5
2627,78,85,-7,7
2628,75,73,2,2
2629,80,94,-14,14
2630,133,125,8,8
2631,82,83,-1,1
2632,147,106,41,41
2633,174,165,9,9
2634,65,66,-1,1
2635,95,93,2,2
2636,105,95,10,10
2637,72,69,3,3
2638,78,81,-3,3
2639,137,135,2,2
2640,153,141,12,12
2641,131,146,-15,15
2642,53,60,-7,7
2643,88,82,6,6
2644,74,78,-4,4
2645,62,63,-1,1
2646,97,110,-13,13
2647,121,117,4,4
2648,106,110,-4,4
2649,76,110,-34,34
2650,103,108,-5,5
2651,87,80,7,7
2652,67,65,2,2
2653,68,95,-27,27
2654,123,112,11,11
2655,68,63,5,5
2656,115,117,-2,2
2657,116,102,14,14
2658,95,90,5,5
2659,57,64,-7,7
2660,106,102,4,4
2661,85,86,-1,1
2662,106,92,14,14
2663,87,83,4,4
2664,86,86,0,0
2665,84,86,-2,2
2666,60,62,-2,2
2667,99,108,-9,9
2668,84,114,-30,30
2669,60,61,-1,1
2670,134,122,12,12
2671,130,131,-1,1
2672,78,76,2,2
2673,62,63,-1,1
2674,90,77,13,13
2675,105,114,-9,9
2676,104,104,0,0
2677,102,102,0,0
2678,125,124,1,1
2679,74,65,9,9
2680,100,95,5,5
2681,103,109,-6,6
2682,77,70,7,7
2683,86,86,0,0
2684,97,108,-11,11
2685,81,86,-5,5
2686,88,94,-6,6
2687,52,57,-5,5
2688,59,68,-9,9
2689,89,81,8,8
2690,51,64,-13,13
2691,45,53,-8,8
2692,103,117,-14,14
2693,70,73,-3,3
2694,148,145,3,3
2695,91,98,-7,7
2696,45,45,0,0
2697,146,150,-4,4
2698,119,119,0,0
2699,107,114,-7,7
2700,170,156,14,14
2701,62,59,3,3
2702,130,112,18,18
2703,40,59,-19,19
2704,91,88,3,3
2705,61,62,-1,1
2706,72,67,5,5
2707,113,115,-2,2
2708,120,103,17,17
2709,52,53,-1,1
2710,43,50,-7,7
2711,63,60,3,3
2712,106,110,-4,4
2713,109,111,-2,2
2714,136,133,3,3
2715,100,99,1,1
2716,58,64,-6,6
2717,64,63,1,1
2718,135,139,-4,4
2719,125,126,-1,1
2720,91,110,-19,19
2721,81,83,-2,2
2722,53,57,-4,4
2723,120,120,0,0
2724,96,98,-2,2
2725,42,39,3,3
2726,122,125,-3,3
2727,67,65,2,2
2728,97,89,8,8
2729,65,67,-2,2
2730,86,89,-3,3
2731,72,68,4,4
2732,62,59,3,3
2733,72,68,4,4
2734,83,72,11,11
2735,129,128,1,1
2736,109,108,1,1
2737,72,84,-12,12
2738,78,82,-4,4
2739,175,178,-3,3
2740,125,124,1,1
2741,65,59,6,6
2742,122,118,4,4
2743,79,82,-3,3
2744,35,44,-9,9
2745,86,91,-5,5
2746,120,113,7,7
2747,96,94,2,2
2748,152,154,-2,2
2749,114,119,-5,5
2750,94,97,-3,3
2751,67,68,-1,1
2752,94,97,-3,3
2753,145,128,17,17
2754,52,57,-5,5
2755,108,109,-1,1
2756,86,94,-8,8
2757,91,94,-3,3
2758,132,129,3,3
2759,160,156,4,4
2760,94,82,12,12
2761,136,122,14,14
2762,46,46,0,0
2763,76,71,5,5
2764,66,70,-4,4
2765,72,70,2,2
2766,102,109,-7,7
2767,77,79,-2,2
2768,56,59,-3,3
2769,139,143,-4,4
2770,217,195,22,22
2771,105,111,-6,6
2772,86,80,6,6
2773,172,162,10,10
2774,131,132,-1,1
2775,141,137,4,4
2776,85,89,-4,4
2777,68,62,6,6
2778,90,95,-5,5
2779,75,75,0,0
2780,82,80,2,2
2781,76,72,4,4
2782,92,90,2,2
2783,76,76,0,0
2784,108,109,-1,1
2785,99,96,3,3
2786,65,71,-6,6
2787,101,111,-10,10
2788,196,183,13,13
2789,80,84,-4,4
2790,130,131,-1,1
2791,57,77,-20,20
2792,105,96,9,9
2793,83,85,-2,2
2794,75,90,-15,15
2795,37,45,-8,8
2796,92,102,-10,10
2797,70,68,2,2
2798,35,45,-10,10
2799,120,112,8,8
2800,87,76,11,11
2801,56,54,2,2
2802,84,85,-1,1
2803,185,177,8,8
2804,95,84,11,11
2805,76,76,0,0
2806,60,60,0,0
2807,84,87,-3,3
2808,67,68,-1,1
2809,79,75,4,4
2810,106,103,3,3
2811,121,120,1,1
2812,81,91,-10,10
2813,93,90,3,3
2814,150,141,9,9
2815,104,113,-9,9
2816,95,93,2,2
2817,120,113,7,7
2818,140,145,-5,5
2819,106,119,-13,13
2820,92,79,13,13
2821,75,75,0,0
2822,69,80,-11,11
2823,78,75,3,3
2824,57,63,-6,6
2825,71,65,6,6
2826,110,102,8,8
2827,90,89,1,1
2828,58,57,1,1
2829,52,55,-3,3
2830,108,110,-2,2
2831,53,61,-8,8
2832,102,101,1,1
2833,89,95,-6,6
2834,158,144,14,14
2835,81,74,7,7
2836,93,101,-8,8
2837,127,120,7,7
2838,117,115,2,2
2839,105,99,6,6
2840,133,129,4,4
2841,106,98,8,8
2842,149,141,8,8
2843,117,115,2,2
2844,92,91,1,1
2845,74,71,3,3
2846,156,145,11,11
2847,90,86,4,4
2848,116,118,-2,2
2849,118,117,1,1
2850,109,111,-2,2
2851,110,110,0,0
2852,84,93,-9,9
2853,120,109,11,11
2854,145,146,-1,1
2855,64,67,-3,3
2856,95,113,-18,18
2857,54,58,-4,4
2858,109,108,1,1
2859,81,78,3,3
2860,74,79,-5,5
2861,123,130,-7,7
2862,88,89,-1,1
2863,153,154,-1,1
2864,119,129,-10,10
2865,100,96,4,4
2866,91,86,5,5
2867,85,74,11,11
2868,72,67,5,5
2869,137,129,8,8
2870,120,145,-25,25
2871,58,60,-2,2
2872,106,108,-2,2
2873,100,91,9,9
2874,75,74,1,1
2875,71,68,3,3
2876,90,80,10,10
2877,56,55,1,1
2878,109,110,-1,1
2879,97,102,-5,5
2880,95,92,3,3
2881,84,79,5,5
2882,64,63,1,1
2883,79,76,3,3
2884,66,63,3,3
2885,65,70,-5,5
2886,117,119,-2,2
2887,143,138,5,5
2888,65,64,1,1
2889,80,78,2,2
2890,111,118,-7,7
2891,116,117,-1,1
2892,80,132,-52,52
2893,89,91,-2,2
2894,181,165,16,16
2895,95,86,9,9
2896,81,81,0,0
2897,172,151,21,21
2898,137,124,13,13
2899,83,84,-1,1
2900,98,101,-3,3
2901,131,125,6,6
2902,75,73,2,2
2903,160,157,3,3
2904,115,108,7,7
2905,124,128,-4,4
2906,121,114,7,7
2907,113,110,3,3
2908,116,111,5,5
2909,62,71,-9,9
2910,94,87,7,7
2911,92,89,3,3
2912,144,139,5,5
2913,37,93,-56,56
2914,65,70,-5,5
2915,159,174,-15,15
2916,76,71,5,5
2917,116,115,1,1
2918,79,79,0,0
2919,89,102,-13,13
2920,79,80,-1,1
2921,100,110,-10,10
2922,92,86,6,6
2923,90,91,-1,1
2924,53,55,-2,2
2925,97,109,-12,12
2926,148,139,9,9
2927,104,110,-6,6
2928,57,56,1,1
2929,71,69,2,2
2930,116,130,-14,14
2931,191,189,2,2
2932,122,118,4,4
2933,60,65,-5,5
2934,125,154,-29,29
2935,69,81,-12,12
2936,98,98,0,0
2937,131,120,11,11
2938,105,111,-6,6
2939,103,98,5,5
2940,60,67,-7,7
2941,67,70,-3,3
2942,118,113,5,5
2943,58,66,-8,8
2944,76,73,3,3
2945,109,98,11,11
2946,72,72,0,0
2947,87,86,1,1
2948,57,61,-4,4
2949,85,86,-1,1
2950,78,80,-2,2
2951,88,82,6,6
2952,75,73,2,2
2953,124,118,6,6
2954,84,88,-4,4
2955,112,109,3,3
2956,98,89,9,9
2957,152,146,6,6
2958,54,54,0,0
2959,121,123,-2,2
2960,164,148,16,16
2961,58,58,0,0
2962,164,158,6,6
2963,47,56,-9,9
2964,163,172,-9,9
2965,104,101,3,3
2966,66,71,-5,5
2967,111,112,-1,1
2968,60,66,-6,6
2969,45,45,0,0
2970,98,92,6,6
2971,129,118,11,11
2972,94,94,0,0
2973,100,100,0,0
2974,88,90,-2,2
2975,79,78,1,1
2976,73,74,-1,1
2977,125,122,3,3
2978,91,97,-6,6
2979,102,108,-6,6
2980,137,133,4,4
2981,186,183,3,3
2982,67,74,-7,7
2983,59,65,-6,6
2984,36,42,-6,6
2985,128,120,8,8
2986,80,75,5,5
2987,102,121,-19,19
2988,137,114,23,23
2989,58,51,7,7
2990,94,94,0,0
2991,90,86,4,4
2992,110,100,10,10
2993,101,111,-10,10
2994,78,74,4,4
2995,121,109,12,12
2996,87,81,6,6
2997,81,84,-3,3
2998,70,73,-3,3
2999,142,136,6,6
3000,93,95,-2,2
3001,98,85,13,13
3002,125,126,-1,1
3003,65,62,3,3
3004,126,126,0,0
3005,77,72,5,5
3006,79,83,-4,4
3007,85,87,-2,2
3008,65,63,2,2
3009,74,79,-5,5
3010,124,127,-3,3
3011,112,103,9,9
3012,99,101,-2,2
3013,73,70,3,3
3014,97,102,-5,5
3015,73,74,-1,1
3016,58,67,-9,9
3017,172,169,3,3
3018,91,89,2,2
3019,67,71,-4,4
3020,100,103,-3,3
3021,110,112,-2,2
3022,58,64,-6,6
3023,96,107,-11,11
3024,69,80,-11,11
3025,91,90,1,1
3026,64,70,-6,6
3027,71,75,-4,4
3028,49,68,-19,19
3029,88,94,-6,6
3030,147,127,20,20
3031,71,69,2,2
3032,117,110,7,7
3033,89,94,-5,5
3034,95,91,4,4
3035,78,81,-3,3
3036,82,93,-11,11
3037,72,77,-5,5
3038,137,118,19,19
3039,122,125,-3,3
3040,115,110,5,5
3041,120,114,6,6
3042,119,127,-8,8
3043,84,81,3,3
3044,88,81,7,7
3045,60,62,-2,2
3046,115,115,0,0
3047,81,80,1,1
3048,136,146,-10,10
3049,85,95,-10,10
3050,100,110,-10,10
3051,118,124,-6,6
3052,109,109,0,0
3053,61,76,-15,15
3054,105,101,4,4
3055,206,189,17,17
3056,112,113,-1,1
3057,83,82,1,1
3058,181,184,-3,3
3059,151,141,10,10
3060,104,108,-4,4
3061,83,98,-15,15
3062,109,100,9,9
3063,62,63,-1,1
3064,76,77,-1,1
3065,86,94,-8,8
3066,127,114,13,13
3067,83,78,5,5
3068,122,111,11,11
3069,103,109,-6,6
3070,107,108,-1,1
3071,94,89,5,5
3072,103,89,14,14
3073,72,66,6,6
3074,66,69,-3,3
3075,70,84,-14,14
3076,54,54,0,0
3077,57,65,-8,8
3078,165,162,3,3
3079,125,120,5,5
3080,125,131,-6,6
3081,92,92,0,0
3082,53,44,9,9
3083,106,127,-21,21
3084,95,90,5,5
3085,94,89,5,5
3086,72,74,-2,2
3087,78,76,2,2
3088,113,114,-1,1
3089,106,94,12,12
3090,101,97,4,4
3091,102,114,-12,12
3092,95,87,8,8
3093,69,71,-2,2
3094,74,69,5,5
3095,104,94,10,10
3096,78,78,0,0
3097,86,87,-1,1
3098,41,47,-6,6
3099,86,87,-1,1
3100,80,74,6,6
3101,182,169,13,13
3102,83,86,-3,3
3103,65,60,5,5
3104,81,76,5,5
3105,159,156,3,3
3106,103,102,1,1
3107,102,94,8,8
3108,60,56,4,4
3109,142,128,14,14
3110,62,65,-3,3
3111,129,123,6,6
3112,79,85,-6,6
3113,87,86,1,1
3114,127,116,11,11
3115,56,64,-8,8
3116,94,109,-15,15
3117,90,88,2,2
3118,62,69,-7,7
3119,60,67,-7,7
3120,110,127,-17,17
3121,98,100,-2,2
3122,58,63,-5,5
3123,88,88,0,0
3124,35,33,2,2
3125,138,137,1,1
3126,73,76,-3,3
3127,99,82,17,17
3128,87,83,4,4
3129,69,71,-2,2
3130,102,90,12,12
3131,89,95,-6,6
3132,106,98,8,8
3133,116,113,3,3
3134,69,73,-4,4
3135,75,71,4,4
3136,91,85,6,6
3137,67,66,1,1
3138,133,140,-7,7
3139,76,78,-2,2
3140,103,94,9,9
3141,71,65,6,6
3142,135,132,3,3
3143,99,102,-3,3
3144,104,99,5,5
3145,146,127,19,19
3146,57,53,4,4
3147,108,117,-9,9
3148,82,72,10,10
3149,106,97,9,9
3150,110,112,-2,2
3151,98,98,0,0
3152,62,59,3,3
3153,102,108,-6,6
3154,130,130,0,0
3155,108,95,13,13
3156,61,65,-4,4
3157,73,85,-12,12
3158,54,56,-2,2
3159,63,58,5,5
3160,140,121,19,19
3161,47,119,-72,72
3162,68,76,-8,8
3163,134,127,7,7
3164,106,102,4,4
3165,72,73,-1,1
3166,107,110,-3,3
3167,107,105,2,2
3168,53,54,-1,1
3169,112,108,4,4
3170,124,122,2,2
3171,103,98,5,5
3172,76,80,-4,4
3173,103,108,-5,5
3174,92,103,-11,11
3175,40,45,-5,5
3176,79,77,2,2
3177,83,90,-7,7
3178,77,75,2,2
3179,75,71,4,4
3180,63,56,7,7
3181,134,131,3,3
3182,66,71,-5,5
3183,173,172,1,1
3184,100,87,13,13
3185,119,109,10,10
3186,143,146,-3,3
3187,61,71,-10,10
3188,59,64,-5,5
3189,91,97,-6,6
3190,61,61,0,0
3191,127,127,0,0
3192,164,158,6,6
3193,81,80,1,1
3194,136,130,6,6
3195,73,80,-7,7
3196,72,74,-2,2
3197,82,81,1,1
3198,79,79,0,0
3199,70,77,-7,7
3200,95,90,5,5
3201,63,64,-1,1
3202,67,71,-4,4
3203,127,128,-1,1
3204,107,108,-1,1
3205,58,62,-4,4
3206,91,90,1,1
3207,60,58,2,2
3208,94,109,-15,15
3209,90,76,14,14
3210,49,50,-1,1
3211,94,114,-20,20
3212,68,65,3,3
3213,86,76,10,10
3214,107,95,12,12
3215,54,56,-2,2
3216,88,79,9,9
3217,69,73,-4,4
3218,85,80,5,5
3219,99,95,4,4
3220,116,124,-8,8
3221,113,112,1,1
3222,42,57,-15,15
3223,36,36,0,0
3224,52,58,-6,6
3225,88,78,10,10
3226,62,67,-5,5
3227,87,77,10,10
3228,97,113,-16,16
3229,94,96,-2,2
3230,113,111,2,2
3231,168,160,8,8
3232,107,107,0,0
3233,130,131,-1,1
3234,169,158,11,11
3235,84,88,-4,4
3236,151,124,27,27
3237,75,69,6,6
3238,73,72,1,1
3239,64,70,-6,6
3240,144,151,-7,7
3241,86,87,-1,1
3242,91,87,4,4
3243,76,71,5,5
3244,112,117,-5,5
3245,46,64,-18,18
3246,51,73,-22,22
3247,116,107,9,9
3248,106,123,-17,17
3249,63,69,-6,6
3250,115,102,13,13
3251,151,158,-7,7
3252,70,64,6,6
3253,153,149,4,4
3254,66,63,3,3
3255,95,100,-5,5
3256,71,74,-3,3
3257,75,72,3,3
3258,83,81,2,2
3259,75,70,5,5
3260,111,97,14,14
3261,95,94,1,1
3262,133,120,13,13
3263,56,49,7,7
3264,42,49,-7,7
3265,61,68,-7,7
3266,72,75,-3,3
3267,60,64,-4,4
3268,95,85,10,10
3269,115,127,-12,12
3270,101,109,-8,8
3271,65,68,-3,3
3272,100,111,-11,11
3273,69,72,-3,3
3274,81,79,2,2
3275,82,85,-3,3
3276,107,107,0,0
3277,112,119,-7,7
3278,99,96,3,3
3279,75,74,1,1
3280,161,152,9,9
3281,76,76,0,0
3282,142,142,0,0
3283,111,102,9,9
3284,78,81,-3,3
3285,137,135,2,2
3286,40,39,1,1
3287,65,67,-2,2
3288,88,91,-3,3
3289,103,88,15,15
3290,143,160,-17,17
3291,37,36,1,1
3292,65,59,6,6
3293,90,85,5,5
3294,97,84,13,13
3295,107,104,3,3
3296,104,112,-8,8
3297,151,140,11,11
3298,98,99,-1,1
3299,91,95,-4,4
3300,90,83,7,7
3301,79,84,-5,5
3302,62,58,4,4
3303,83,78,5,5
3304,102,110,-8,8
3305,92,99,-7,7
3306,48,53,-5,5
3307,103,105,-2,2
3308,65,61,4,4
3309,84,85,-1,1
3310,57,58,-1,1
3311,108,113,-5,5
3312,80,81,-1,1
3313,66,81,-15,15
3314,106,114,-8,8
3315,52,57,-5,5
3316,107,121,-14,14
3317,107,97,10,10
3318,57,60,-3,3
3319,137,134,3,3
3320,69,69,0,0
3321,90,82,8,8
3322,65,67,-2,2
3323,49,51,-2,2
3324,153,146,7,7
3325,119,115,4,4
3326,75,79,-4,4
3327,160,155,5,5
3328,140,139,1,1
3329,146,149,-3,3
3330,104,90,14,14
3331,94,96,-2,2
3332,60,54,6,6
3333,118,108,10,10
3334,71,70,1,1
3335,66,71,-5,5
3336,183,167,16,16
3337,103,91,12,12
3338,119,114,5,5
3339,107,122,-15,15
3340,92,85,7,7
3341,89,95,-6,6
3342,116,111,5,5
3343,84,77,7,7
3344,118,125,-7,7
3345,52,57,-5,5
3346,75,81,-6,6
3347,163,159,4,4
3348,96,96,0,0
3349,104,112,-8,8
3350,135,143,-8,8
3351,78,80,-2,2
3352,127,120,7,7
3353,96,94,2,2
3354,123,111,12,12
3355,119,110,9,9
3356,83,86,-3,3
3357,107,110,-3,3
3358,96,83,13,13
3359,105,101,4,4
3360,142,126,16,16
3361,67,70,-3,3
3362,67,76,-9,9
3363,126,122,4,4
3364,59,63,-4,4
3365,59,59,0,0
3366,74,78,-4,4
3367,87,85,2,2
3368,69,72,-3,3
3369,66,68,-2,2
3370,117,109,8,8
3371,186,179,7,7
3372,63,66,-3,3
3373,125,127,-2,2
3374,87,77,10,10
3375,97,101,-4,4
3376,96,89,7,7
3377,49,47,2,2
3378,105,112,-7,7
3379,48,46,2,2
3380,111,110,1,1
3381,98,101,-3,3
3382,123,111,12,12
3383,74,64,10,10
3384,55,55,0,0
3385,124,121,3,3
3386,151,143,8,8
3387,54,55,-1,1
3388,44,47,-3,3
3389,78,84,-6,6
3390,141,148,-7,7
3391,85,94,-9,9
3392,40,54,-14,14
3393,77,74,3,3
3394,104,100,4,4
3395,71,65,6,6
3396,94,100,-6,6
3397,98,109,-11,11
3398,56,58,-2,2
3399,64,71,-7,7
3400,107,109,-2,2
3401,58,61,-3,3
3402,40,45,-5,5
3403,107,92,15,15
3404,110,104,6,6
3405,124,115,9,9
3406,100,93,7,7
3407,88,95,-7,7
3408,131,110,21,21
3409,93,83,10,10
3410,134,126,8,8
3411,81,90,-9,9
3412,81,83,-2,2
3413,84,87,-3,3
3414,86,90,-4,4
3415,152,154,-2,2
3416,64,66,-2,2
3417,73,80,-7,7
3418,118,116,2,2
3419,73,68,5,5
3420,88,76,12,12
3421,112,120,-8,8
3422,141,139,2,2
3423,150,154,-4,4
3424,105,108,-3,3
3425,163,153,10,10
3426,29,36,-7,7
3427,94,93,1,1
3428,67,73,-6,6
3429,98,115,-17,17
3430,89,90,-1,1
3431,106,108,-2,2
3432,100,98,2,2
3433,107,98,9,9
3434,64,66,-2,2
3435,45,52,-7,7
3436,77,80,-3,3
3437,144,128,16,16
3438,103,108,-5,5
3439,67,105,-38,38
3440,38,38,0,0
3441,116,111,5,5
3442,102,102,0,0
3443,119,114,5,5
3444,88,90,-2,2
3445,111,109,2,2
3446,48,49,-1,1
3447,131,114,17,17
3448,86,85,1,1
3449,76,77,-1,1
3450,80,80,0,0
3451,99,94,5,5
3452,132,128,4,4
3453,91,110,-19,19
3454,105,108,-3,3
3455,159,162,-3,3
3456,117,114,3,3
3457,142,146,-4,4
3458,69,64,5,5
3459,79,92,-13,13
3460,134,141,-7,7
3461,101,90,11,11
3462,94,91,3,3
3463,97,119,-22,22
3464,112,96,16,16
3465,70,67,3,3
3466,139,131,8,8
3467,120,115,5,5
3468,93,95,-2,2
3469,70,72,-2,2
3470,77,71,6,6
3471,91,89,2,2
3472,57,54,3,3
3473,75,83,-8,8
3474,64,60,4,4
3475,88,93,-5,5
3476,90,93,-3,3
3477,82,85,-3,3
3478,54,58,-4,4
3479,101,95,6,6
3480,102,111,-9,9
3481,92,93,-1,1
3482,77,74,3,3
3483,76,80,-4,4
3484,109,129,-20,20
3485,48,54,-6,6
3486,86,86,0,0
3487,91,87,4,4
3488,60,56,4,4
3489,117,119,-2,2
3490,121,125,-4,4
3491,129,134,-5,5
3492,90,98,-8,8
3493,106,83,23,23
3494,80,71,9,9
3495,129,112,17,17
3496,65,62,3,3
3497,48,52,-4,4
3498,104,99,5,5
3499,72,69,3,3
3500,69,71,-2,2
3501,115,113,2,2
3502,147,164,-17,17
3503,83,84,-1,1
3504,96,94,2,2
3505,83,81,2,2
3506,106,105,1,1
3507,83,87,-4,4
3508,94,80,14,14
3509,101,86,15,15
3510,112,112,0,0
3511,56,64,-8,8
3512,106,110,-4,4
3513,93,84,9,9
3514,83,91,-8,8
3515,60,63,-3,3
3516,116,113,3,3
3517,127,113,14,14
3518,65,70,-5,5
3519,134,137,-3,3
3520,45,55,-10,10
3521,74,81,-7,7
3522,107,110,-3,3
3523,97,96,1,1
3524,145,145,0,0
3525,101,101,0,0
3526,104,88,16,16
3527,90,92,-2,2
3528,98,95,3,3
3529,107,112,-5,5
3530,66,67,-1,1
3531,76,83,-7,7
3532,39,37,2,2
3533,89,88,1,1
3534,47,51,-4,4
3535,68,78,-10,10
3536,47,48,-1,1
3537,194,169,25,25
3538,107,118,-11,11
3539,155,150,5,5
3540,163,156,7,7
3541,93,89,4,4
3542,124,129,-5,5
3543,28,32,-4,4
3544,101,109,-8,8
3545,70,72,-2,2
3546,61,68,-7,7
3547,92,82,10,10
3548,78,82,-4,4
3549,51,55,-4,4
3550,99,98,1,1
3551,95,95,0,0
3552,137,121,16,16
3553,90,85,5,5
3554,84,88,-4,4
3555,72,80,-8,8
3556,83,90,-7,7
3557,94,94,0,0
3558,86,80,6,6
3559,86,77,9,9
3560,87,90,-3,3
3561,104,114,-10,10
3562,58,60,-2,2
3563,50,61,-11,11
3564,44,49,-5,5
3565,83,81,2,2
3566,97,96,1,1
3567,146,130,16,16
3568,147,129,18,18
3569,107,102,5,5
3570,117,103,14,14
3571,152,155,-3,3
3572,130,116,14,14
3573,157,143,14,14
3574,268,242,26,26
3575,90,85,5,5
3576,101,108,-7,7
3577,73,71,2,2
3578,120,119,1,1
3579,86,83,3,3
3580,144,127,17,17
3581,97,93,4,4
3582,93,89,4,4
3583,49,48,1,1
3584,97,97,0,0
3585,99,87,12,12
3586,63,61,2,2
3587,135,126,9,9
3588,66,69,-3,3
3589,71,70,1,1
3590,74,73,1,1
3591,160,147,13,13
3592,52,63,-11,11
3593,84,78,6,6
3594,127,132,-5,5
3595,82,83,-1,1
3596,80,85,-5,5
3597,108,112,-4,4
3598,104,113,-9,9
3599,106,98,8,8
3600,154,149,5,5
3601,54,59,-5,5
3602,91,99,-8,8
3603,115,131,-16,16
3604,98,108,-10,10
3605,117,121,-4,4
3606,46,49,-3,3
3607,93,95,-2,2
3608,50,51,-1,1
3609,110,153,-43,43
3610,101,99,2,2
3611,121,112,9,9
3612,129,136,-7,7
3613,123,113,10,10
3614,55,61,-6,6
3615,97,85,12,12
3616,102,99,3,3
3617,127,135,-8,8
3618,66,77,-11,11
3619,75,74,1,1
3620,125,133,-8,8
3621,75,69,6,6
3622,137,146,-9,9
3623,76,73,3,3
3624,80,68,12,12
3625,93,91,2,2
3626,213,211,2,2
3627,73,71,2,2
3628,99,95,4,4
3629,152,148,4,4
3630,110,112,-2,2
3631,53,56,-3,3
3632,83,82,1,1
3633,94,97,-3,3
3634,60,63,-3,3
3635,150,143,7,7
3636,146,134,12,12
3637,156,167,-11,11
3638,99,95,4,4
3639,66,65,1,1
3640,85,75,10,10
3641,68,81,-13,13
3642,174,165,9,9
3643,112,99,13,13
3644,102,108,-6,6
3645,96,96,0,0
3646,123,119,4,4
3647,62,70,-8,8
3648,42,46,-4,4
3649,84,80,4,4
3650,99,115,-16,16
3651,96,99,-3,3
3652,94,87,7,7
3653,88,80,8,8
3654,113,110,3,3
3655,136,141,-5,5
3656,51,57,-6,6
3657,82,89,-7,7
3658,103,90,13,13
3659,109,108,1,1
3660,39,48,-9,9
3661,66,62,4,4
3662,68,63,5,5
3663,97,89,8,8
3664,85,83,2,2
3665,123,117,6,6
3666,134,140,-6,6
3667,171,161,10,10
3668,88,91,-3,3
3669,83,75,8,8
3670,52,56,-4,4
3671,90,87,3,3
3672,75,74,1,1
3673,80,80,0,0
3674,85,76,9,9
3675,113,126,-13,13
3676,85,71,14,14
3677,124,121,3,3
3678,126,117,9,9
3679,136,122,14,14
3680,111,114,-3,3
3681,122,114,8,8
3682,84,87,-3,3
3683,53,57,-4,4
3684,83,85,-2,2
3685,132,132,0,0
3686,133,135,-2,2
3687,96,93,3,3
3688,53,54,-1,1
3689,87,100,-13,13
3690,63,62,1,1
3691,92,81,11,11
3692,73,79,-6,6
3693,142,134,8,8
3694,93,77,16,16
3695,69,67,2,2
3696,59,60,-1,1
3697,120,127,-7,7
3698,52,54,-2,2
3699,50,52,-2,2
3700,80,89,-9,9
3701,68,69,-1,1
3702,73,73,0,0
3703,245,202,43,43
3704,147,149,-2,2
3705,75,74,1,1
3706,59,63,-4,4
3707,84,80,4,4
3708,92,90,2,2
3709,146,138,8,8
3710,183,180,3,3
3711,64,69,-5,5
3712,101,89,12,12
3713,102,102,0,0
3714,117,114,3,3
3715,178,174,4,4
3716,143,122,21,21
3717,68,77,-9,9
3718,90,83,7,7
3719,48,45,3,3
3720,74,74,0,0
3721,63,58,5,5
3722,74,74,0,0
3723,83,88,-5,5
3724,89,94,-5,5
3725,112,108,4,4
3726,89,95,-6,6
3727,71,65,6,6
3728,72,77,-5,5
3729,66,63,3,3
3730,173,175,-2,2
3731,139,142,-3,3
3732,94,99,-5,5
3733,48,52,-4,4
3734,102,107,-5,5
3735,69,69,0,0
3736,67,62,5,5
3737,91,90,1,1
3738,109,115,-6,6
3739,39,46,-7,7
3740,146,138,8,8
3741,103,104,-1,1
3742,149,151,-2,2
3743,78,70,8,8
3744,78,78,0,0
3745,76,67,9,9
3746,81,86,-5,5
3747,155,156,-1,1
3748,76,80,-4,4
3749,113,110,3,3
3750,87,84,3,3
3751,81,73,8,8
3752,82,86,-4,4
3753,107,113,-6,6
3754,148,149,-1,1
3755,57,66,-9,9
3756,73,71,2,2
3757,112,109,3,3
3758,48,50,-2,2
3759,77,85,-8,8
3760,142,130,12,12
3761,142,130,12,12
3762,122,125,-3,3
3763,67,60,7,7
3764,132,116,16,16
3765,134,153,-19,19
3766,96,85,11,11
3767,70,72,-2,2
3768,84,83,1,1
3769,108,95,13,13
3770,159,154,5,5
3771,114,124,-10,10
3772,71,73,-2,2
3773,88,97,-9,9
3774,95,90,5,5
3775,36,37,-1,1
3776,99,103,-4,4
3777,54,62,-8,8
3778,148,136,12,12
3779,75,71,4,4
3780,64,74,-10,10
3781,170,164,6,6
3782,176,165,11,11
3783,143,130,13,13
3784,108,96,12,12
3785,94,165,-71,71
3786,102,119,-17,17
3787,92,99,-7,7
3788,132,138,-6,6
3789,84,84,0,0
3790,152,149,3,3
3791,94,81,13,13
3792,103,109,-6,6
3793,122,121,1,1
3794,79,85,-6,6
3795,81,69,12,12
3796,81,82,-1,1
3797,65,61,4,4
3798,90,79,11,11
3799,85,87,-2,2
3800,74,76,-2,2
3801,110,107,3,3
3802,62,72,-10,10
3803,132,133,-1,1
3804,94,91,3,3
3805,77,71,6,6
3806,69,77,-8,8
3807,90,86,4,4
3808,58,59,-1,1
3809,101,109,-8,8
3810,72,79,-7,7
3811,49,66,-17,17
3812,120,123,-3,3
3813,60,71,-11,11
3814,140,154,-14,14
3815,53,53,0,0
3816,66,66,0,0
3817,60,62,-2,2
3818,103,110,-7,7
3819,92,94,-2,2
3820,158,137,21,21
3821,71,97,-26,26
3822,73,75,-2,2
3823,66,71,-5,5
3824,149,143,6,6
3825,146,142,4,4
3826,68,62,6,6
3827,108,111,-3,3
3828,54,57,-3,3
3829,70,68,2,2
3830,98,98,0,0
3831,112,110,2,2
3832,64,65,-1,1
3833,96,98,-2,2
3834,124,134,-10,10
3835,73,75,-2,2
3836,75,76,-1,1
3837,97,96,1,1
3838,100,99,1,1
3839,153,173,-20,20
3840,145,144,1,1
3841,98,91,7,7
3842,114,102,12,12
3843,111,98,13,13
3844,68,75,-7,7
3845,60,63,-3,3
3846,87,99,-12,12
3847,74,60,14,14
3848,54,63,-9,9
3849,77,73,4,4
3850,63,63,0,0
3851,120,114,6,6
3852,107,95,12,12
3853,75,79,-4,4
3854,96,98,-2,2
3855,50,43,7,7
3856,152,131,21,21
3857,133,128,5,5
3858,140,143,-3,3
3859,63,60,3,3
3860,82,91,-9,9
3861,101,114,-13,13
3862,78,73,5,5
3863,101,93,8,8
3864,74,73,1,1
3865,104,97,7,7
3866,97,95,2,2
3867,55,70,-15,15
3868,166,157,9,9
3869,110,99,11,11
3870,76,95,-19,19
3871,81,82,-1,1
3872,128,125,3,3
3873,108,111,-3,3
3874,68,68,0,0
3875,86,86,0,0
3876,79,77,2,2
3877,65,65,0,0
3878,148,146,2,2
3879,165,149,16,16
3880,96,99,-3,3
3881,61,61,0,0
3882,86,76,10,10
3883,65,64,1,1
3884,124,131,-7,7
3885,94,92,2,2
3886,55,56,-1,1
3887,71,70,1,1
3888,132,119,13,13
3889,55,58,-3,3
3890,97,110,-13,13
3891,96,100,-4,4
3892,101,96,5,5
3893,100,85,15,15
3894,78,73,5,5
3895,132,136,-4,4
3896,73,74,-1,1
3897,93,81,12,12
3898,51,50,1,1
3899,136,137,-1,1
3900,80,69,11,11
3901,159,171,-12,12
3902,151,141,10,10
3903,64,63,1,1
3904,75,78,-3,3
3905,151,133,18,18
3906,72,78,-6,6
3907,113,98,15,15
3908,88,91,-3,3
3909,93,89,4,4
3910,62,69,-7,7
3911,59,67,-8,8
3912,104,103,1,1
3913,133,122,11,11
3914,66,76,-10,10
3915,90,98,-8,8
3916,98,95,3,3
3917,181,145,36,36
3918,68,64,4,4
3919,81,79,2,2
3920,148,143,5,5
3921,92,82,10,10
3922,109,108,1,1
3923,176,170,6,6
3924,236,205,31,31
3925,112,109,3,3
3926,74,75,-1,1
3927,82,72,10,10
3928,78,75,3,3
3929,83,84,-1,1
3930,89,88,1,1
3931,95,93,2,2
3932,177,165,12,12
3933,53,63,-10,10
3934,94,108,-14,14
3935,104,101,3,3
3936,63,63,0,0
3937,94,90,4,4
3938,95,93,2,2
3939,122,116,6,6
3940,135,128,7,7
3941,170,150,20,20
3942,104,120,-16,16
3943,153,141,12,12
3944,70,96,-26,26
3945,124,116,8,8
3946,81,78,3,3
3947,143,137,6,6
3948,86,95,-9,9
3949,87,81,6,6
3950,92,97,-5,5
3951,111,110,1,1
3952,73,77,-4,4
3953,83,73,10,10
3954,117,111,6,6
3955,92,91,1,1
3956,70,77,-7,7
3957,107,108,-1,1
3958,62,69,-7,7
3959,96,94,2,2
3960,93,91,2,2
3961,50,55,-5,5
3962,61,61,0,0
3963,118,123,-5,5
3964,117,114,3,3
3965,116,111,5,5
3966,183,174,9,9
3967,56,65,-9,9
3968,67,66,1,1
3969,81,74,7,7
3970,117,111,6,6
3971,98,94,4,4
3972,63,61,2,2
3973,62,60,2,2
3974,84,90,-6,6
3975,156,155,1,1
3976,105,95,10,10
3977,89,80,9,9
3978,132,139,-7,7
3979,106,110,-4,4
3980,111,112,-1,1
3981,150,154,-4,4
3982,95,99,-4,4
3983,20,34,-14,14
3984,99,98,1,1
3985,103,103,0,0
3986,73,88,-15,15
3987,83,95,-12,12
3988,69,70,-1,1
3989,130,128,2,2
3990,106,109,-3,3
3991,104,93,11,11
3992,125,133,-8,8
3993,121,108,13,13
3994,190,185,5,5
3995,116,118,-2,2
3996,87,103,-16,16
3997,71,72,-1,1
3998,71,81,-10,10
3999,146,153,-7,7
4000,97,99,-2,2
4001,98,93,5,5
4002,127,129,-2,2
4003,74,74,0,0
4004,47,49,-2,2
4005,92,89,3,3
4006,82,75,7,7
4007,118,115,3,3
4008,137,118,19,19
4009,101,96,5,5
4010,51,56,-5,5
4011,88,93,-5,5
4012,177,161,16,16
4013,82,76,6,6
4014,90,94,-4,4
4015,99,91,8,8
4016,83,88,-5,5
4017,104,101,3,3
4018,83,76,7,7
4019,57,63,-6,6
4020,155,153,2,2
4021,107,98,9,9
4022,72,77,-5,5
4023,72,67,5,5
4024,102,106,-4,4
4025,90,88,2,2
4026,111,108,3,3
4027,123,115,8,8
4028,46,47,-1,1
4029,81,81,0,0
4030,95,78,17,17
4031,125,119,6,6
4032,105,98,7,7
4033,74,75,-1,1
4034,166,154,12,12
4035,96,98,-2,2
4036,70,66,4,4
4037,56,58,-2,2
4038,66,62,4,4
4039,85,85,0,0
4040,46,49,-3,3
4041,47,65,-18,18
4042,68,73,-5,5
4043,130,128,2,2
4044,141,142,-1,1
4045,95,91,4,4
4046,111,100,11,11
4047,50,53,-3,3
4048,111,117,-6,6
4049,100,103,-3,3
4050,72,70,2,2
4051,80,84,-4,4
4052,120,110,10,10
4053,180,170,10,10
4054,39,44,-5,5
4055,103,115,-12,12
4056,95,95,0,0
4057,146,153,-7,7
4058,110,108,2,2
4059,48,40,8,8
4060,83,99,-16,16
4061,66,83,-17,17
4062,86,88,-2,2
4063,79,73,6,6
4064,113,119,-6,6
4065,114,112,2,2
4066,86,74,12,12
4067,165,162,3,3
4068,69,78,-9,9
4069,124,125,-1,1
4070,103,110,-7,7
4071,76,56,20,20
4072,118,121,-3,3
4073,157,154,3,3
4074,107,107,0,0
4075,170,142,28,28
4076,58,60,-2,2
4077,59,63,-4,4
4078,124,114,10,10
4079,142,126,16,16
4080,105,120,-15,15
4081,116,115,1,1
4082,140,136,4,4
4083,92,87,5,5
4084,130,133,-3,3
4085,113,114,-1,1
4086,129,140,-11,11
4087,73,85,-12,12
4088,100,99,1,1
4089,87,97,-10,10
4090,75,71,4,4
4091,87,90,-3,3
4092,113,98,15,15
4093,64,69,-5,5
4094,83,79,4,4
4095,75,75,0,0
4096,124,131,-7,7
4097,87,85,2,2
4098,63,65,-2,2
4099,78,74,4,4
4100,86,87,-1,1
4101,104,114,-10,10
4102,95,96,-1,1
4103,119,129,-10,10
4104,99,108,-9,9
4105,54,60,-6,6
4106,73,71,2,2
4107,71,66,5,5
4108,83,78,5,5
4109,182,154,28,28
4110,74,85,-11,11
4111,133,130,3,3
4112,80,76,4,4
4113,98,108,-10,10
4114,98,100,-2,2
4115,96,92,4,4
4116,84,72,12,12
4117,199,201,-2,2
4118,153,143,10,10
4119,121,136,-15,15
4120,104,116,-12,12
4121,79,85,-6,6
4122,109,96,13,13
4123,74,80,-6,6
4124,48,54,-6,6
4125,127,126,1,1
4126,77,81,-4,4
4127,57,62,-5,5
4128,88,84,4,4
4129,76,71,5,5
4130,120,121,-1,1
4131,86,92,-6,6
4132,62,69,-7,7
4133,60,62,-2,2
4134,83,77,6,6
4135,90,91,-1,1
4136,69,72,-3,3
4137,65,66,-1,1
4138,97,97,0,0
4139,107,101,6,6
4140,131,137,-6,6
4141,118,112,6,6
4142,107,129,-22,22
4143,72,81,-9,9
4144,153,152,1,1
4145,83,78,5,5
4146,55,59,-4,4
4147,106,108,-2,2
4148,97,110,-13,13
4149,176,168,8,8
4150,139,128,11,11
4151,84,96,-12,12
4152,112,107,5,5
4153,58,70,-12,12
4154,119,116,3,3
4155,75,75,0,0
4156,155,153,2,2
4157,71,64,7,7
4158,150,141,9,9
4159,94,97,-3,3
4160,54,63,-9,9
4161,70,74,-4,4
4162,125,116,9,9
4163,36,35,1,1
4164,78,82,-4,4
4165,96,91,5,5
4166,100,96,4,4
4167,106,102,4,4
4168,129,119,10,10
4169,39,42,-3,3
4170,44,47,-3,3
4171,97,88,9,9
4172,80,87,-7,7
4173,52,55,-3,3
4174,102,99,3,3
4175,101,94,7,7
4176,90,91,-1,1
4177,151,145,6,6
4178,82,79,3,3
4179,117,113,4,4
4180,63,74,-11,11
4181,135,133,2,2
4182,71,67,4,4
4183,96,108,-12,12
4184,123,123,0,0
4185,75,73,2,2
4186,60,64,-4,4
4187,103,104,-1,1
4188,59,57,2,2
4189,116,125,-9,9
4190,92,88,4,4
4191,76,67,9,9
4192,53,49,4,4
4193,107,116,-9,9
4194,70,72,-2,2
4195,101,99,2,2
4196,88,84,4,4
4197,84,87,-3,3
4198,26,51,-25,25
4199,107,112,-5,5
4200,121,121,0,0
4201,66,70,-4,4
4202,75,81,-6,6
4203,140,151,-11,11
4204,87,82,5,5
4205,57,52,5,5
4206,100,98,2,2
4207,183,163,20,20
4208,131,132,-1,1
4209,98,121,-23,23
4210,70,75,-5,5
4211,80,77,3,3
4212,112,115,-3,3
4213,164,170,-6,6
4214,112,102,10,10
4215,49,51,-2,2
4216,69,75,-6,6
4217,64,74,-10,10
4218,78,82,-4,4
4219,116,125,-9,9
4220,113,109,4,4
4221,123,127,-4,4
4222,101,109,-8,8
4223,100,110,-10,10
4224,84,80,4,4
4225,114,113,1,1
4226,109,97,12,12
4227,52,51,1,1
4228,115,109,6,6
4229,106,110,-4,4
4230,93,91,2,2
4231,69,75,-6,6
4232,149,147,2,2
4233,87,85,2,2
4234,103,96,7,7
4235,106,110,-4,4
4236,76,92,-16,16
4237,124,133,-9,9
4238,115,122,-7,7
4239,82,80,2,2
4240,152,159,-7,7
4241,138,136,2,2
4242,196,180,16,16
4243,133,114,19,19
4244,146,143,3,3
4245,105,113,-8,8
4246,92,99,-7,7
4247,71,70,1,1
4248,97,100,-3,3
4249,70,72,-2,2
4250,107,118,-11,11
4251,80,84,-4,4
4252,63,79,-16,16
4253,75,75,0,0
4254,75,78,-3,3
4255,75,77,-2,2
4256,104,94,10,10
4257,152,145,7,7
4258,71,68,3,3
4259,107,98,9,9
4260,161,151,10,10
4261,71,76,-5,5
4262,91,85,6,6
4263,98,94,4,4
4264,108,110,-2,2
4265,78,73,5,5
4266,116,122,-6,6
4267,108,97,11,11
4268,81,82,-1,1
4269,65,74,-9,9
4270,111,116,-5,5
4271,70,69,1,1
4272,55,59,-4,4
4273,102,98,4,4
4274,102,99,3,3
4275,56,59,-3,3
4276,100,89,11,11
4277,47,45,2,2
4278,145,137,8,8
4279,108,100,8,8
4280,143,141,2,2
4281,123,122,1,1
4282,172,159,13,13
4283,60,65,-5,5
4284,105,98,7,7
4285,46,43,3,3
4286,80,65,15,15
4287,114,120,-6,6
4288,189,187,2,2
4289,82,76,6,6
4290,126,126,0,0
4291,157,144,13,13
4292,147,171,-24,24
4293,27,56,-29,29
4294,79,74,5,5
4295,75,73,2,2
4296,65,63,2,2
4297,68,66,2,2
4298,126,122,4,4
4299,133,129,4,4
4300,101,90,11,11
4301,80,79,1,1
4302,103,94,9,9
4303,95,91,4,4
4304,103,94,9,9
4305,113,111,2,2
4306,42,43,-1,1
4307,85,87,-2,2
4308,82,87,-5,5
4309,104,108,-4,4
4310,85,75,10,10
4311,107,89,18,18
4312,78,74,4,4
4313,66,65,1,1
4314,108,109,-1,1
4315,90,106,-16,16
4316,88,91,-3,3
4317,59,59,0,0
4318,79,72,7,7
4319,69,69,0,0
4320,135,135,0,0
4321,96,114,-18,18
4322,148,148,0,0
4323,31,39,-8,8
4324,65,68,-3,3
4325,86,86,0,0
4326,47,50,-3,3
4327,83,75,8,8
4328,170,179,-9,9
4329,63,66,-3,3
4330,110,105,5,5
4331,182,168,14,14
4332,141,142,-1,1
4333,94,98,-4,4
4334,81,80,1,1
4335,87,90,-3,3
4336,131,129,2,2
4337,117,101,16,16
4338,64,59,5,5
4339,150,172,-22,22
4340,93,100,-7,7
4341,88,87,1,1
4342,90,93,-3,3
4343,86,86,0,0
4344,96,111,-15,15
4345,173,159,14,14
4346,104,99,5,5
4347,44,51,-7,7
4348,81,79,2,2
4349,71,64,7,7
4350,77,68,9,9
4351,82,74,8,8
4352,196,181,15,15
4353,126,122,4,4
4354,100,99,1,1
4355,159,152,7,7
4356,61,68,-7,7
4357,54,60,-6,6
4358,73,68,5,5
4359,73,80,-7,7
4360,88,81,7,7
4361,136,135,1,1
4362,94,94,0,0
4363,164,181,-17,17
4364,100,104,-4,4
4365,126,120,6,6
4366,50,54,-4,4
4367,79,84,-5,5
4368,94,113,-19,19
4369,110,121,-11,11
4370,144,136,8,8
4371,62,58,4,4
4372,92,94,-2,2
4373,59,64,-5,5
4374,279,244,35,35
4375,149,141,8,8
4376,61,76,-15,15
4377,72,89,-17,17
4378,64,68,-4,4
4379,142,137,5,5
4380,56,56,0,0
4381,140,146,-6,6
4382,221,197,24,24
4383,111,100,11,11
4384,93,89,4,4
4385,110,114,-4,4
4386,83,73,10,10
4387,65,73,-8,8
4388,154,155,-1,1
4389,92,89,3,3
4390,144,136,8,8
4391,102,104,-2,2
4392,131,122,9,9
4393,98,94,4,4
4394,104,97,7,7
4395,95,94,1,1
4396,108,114,-6,6
4397,89,87,2,2
4398,139,146,-7,7
4399,116,110,6,6
4400,58,63,-5,5
4401,140,141,-1,1
4402,89,92,-3,3
4403,103,103,0,0
4404,67,82,-15,15
4405,62,62,0,0
4406,162,162,0,0
4407,77,74,3,3
4408,99,98,1,1
4409,92,79,13,13
4410,105,105,0,0
4411,99,94,5,5
4412,82,94,-12,12
4413,139,127,12,12
4414,99,97,2,2
4415,82,86,-4,4
4416,95,98,-3,3
4417,101,96,5,5
4418,85,90,-5,5
4419,102,100,2,2
4420,133,136,-3,3
4421,76,76,0,0
4422,126,129,-3,3
4423,101,99,2,2
4424,119,103,16,16
4425,152,158,-6,6
4426,136,120,16,16
4427,87,87,0,0
4428,116,111,5,5
4429,60,64,-4,4
4430,96,94,2,2
4431,76,78,-2,2
4432,128,123,5,5
4433,85,86,-1,1
4434,84,86,-2,2
4435,153,140,13,13
4436,72,65,7,7
4437,73,68,5,5
4438,108,96,12,12
4439,73,73,0,0
4440,94,88,6,6
4441,86,80,6,6
4442,89,84,5,5
4443,56,58,-2,2
4444,195,182,13,13
4445,70,69,1,1
4446,64,64,0,0
4447,96,89,7,7
4448,103,110,-7,7
4449,131,126,5,5
4450,93,90,3,3
4451,122,125,-3,3
4452,54,56,-2,2
4453,67,78,-11,11
4454,66,63,3,3
4455,110,114,-4,4
4456,108,107,1,1
4457,119,126,-7,7
4458,80,67,13,13
4459,60,67,-7,7
4460,88,82,6,6
4461,123,110,13,13
4462,59,60,-1,1
4463,103,92,11,11
4464,93,92,1,1
4465,90,87,3,3
4466,157,155,2,2
4467,94,92,2,2
4468,79,66,13,13
4469,131,133,-2,2
4470,50,54,-4,4
4471,111,103,8,8
4472,106,111,-5,5
4473,104,107,-3,3
4474,94,98,-4,4
4475,71,65,6,6
4476,168,149,19,19
4477,102,117,-15,15
4478,58,61,-3,3
4479,49,50,-1,1
4480,96,91,5,5
4481,74,82,-8,8
4482,135,135,0,0
4483,171,162,9,9
4484,70,74,-4,4
4485,118,123,-5,5
4486,90,80,10,10
4487,101,120,-19,19
4488,97,94,3,3
4489,107,101,6,6
4490,87,83,4,4
4491,43,47,-4,4
4492,79,76,3,3
4493,106,97,9,9
4494,39,43,-4,4
4495,178,162,16,16
4496,74,81,-7,7
4497,36,40,-4,4
4498,68,71,-3,3
4499,114,98,16,16
4500,80,83,-3,3
4501,109,120,-11,11
4502,128,122,6,6
4503,87,96,-9,9
4504,110,109,1,1
4505,100,97,3,3
4506,128,128,0,0
4507,136,135,1,1
4508,129,126,3,3
4509,122,123,-1,1
4510,102,97,5,5
4511,109,111,-2,2
4512,58,63,-5,5
4513,122,118,4,4
4514,90,85,5,5
4515,57,50,7,7
4516,107,108,-1,1
4517,168,161,7,7
4518,98,99,-1,1
4519,120,112,8,8
4520,74,73,1,1
4521,88,85,3,3
4522,96,85,11,11
4523,64,76,-12,12
4524,55,59,-4,4
4525,94,92,2,2
4526,148,134,14,14
4527,92,109,-17,17
4528,95,109,-14,14
4529,110,109,1,1
4530,83,76,7,7
4531,139,133,6,6
4532,108,95,13,13
4533,78,80,-2,2
4534,78,77,1,1
4535,98,95,3,3
4536,104,98,6,6
4537,68,65,3,3
4538,103,105,-2,2
4539,66,58,8,8
4540,100,97,3,3
4541,123,121,2,2
4542,74,84,-10,10
4543,136,127,9,9
4544,47,49,-2,2
4545,92,92,0,0
4546,122,116,6,6
4547,125,132,-7,7
4548,122,112,10,10
4549,61,63,-2,2
4550,82,100,-18,18
4551,112,110,2,2
4552,48,65,-17,17
4553,146,152,-6,6
4554,67,58,9,9
4555,115,112,3,3
4556,165,166,-1,1
4557,87,96,-9,9
4558,40,43,-3,3
4559,55,49,6,6
4560,127,118,9,9
4561,70,71,-1,1
4562,99,109,-10,10
4563,45,51,-6,6
4564,95,89,6,6
4565,80,82,-2,2
4566,47,52,-5,5
4567,99,120,-21,21
4568,118,120,-2,2
4569,104,102,2,2
4570,75,79,-4,4
4571,90,87,3,3
4572,82,84,-2,2
4573,163,150,13,13
4574,93,86,7,7
4575,166,177,-11,11
4576,69,71,-2,2
4577,122,134,-12,12
4578,148,149,-1,1
4579,56,58,-2,2
4580,66,61,5,5
4581,83,93,-10,10
4582,63,61,2,2
4583,108,109,-1,1
4584,123,109,14,14
4585,161,168,-7,7
4586,83,103,-20,20
4587,49,47,2,2
4588,78,78,0,0
4589,101,103,-2,2
4590,38,38,0,0
4591,98,94,4,4
4592,174,152,22,22
4593,75,85,-10,10
4594,56,58,-2,2
4595,138,127,11,11
4596,38,41,-3,3
4597,51,50,1,1
4598,69,65,4,4
4599,98,99,-1,1
4600,87,89,-2,2
4601,88,85,3,3
4602,156,161,-5,5
4603,140,137,3,3
4604,92,93,-1,1
4605,49,54,-5,5
4606,82,87,-5,5
4607,217,245,-28,28
4608,99,101,-2,2
4609,110,100,10,10
4610,79,83,-4,4
4611,69,64,5,5
4612,87,74,13,13
4613,84,80,4,4
4614,77,69,8,8
4615,78,72,6,6
4616,100,106,-6,6
4617,112,111,1,1
4618,130,122,8,8
4619,137,117,20,20
4620,125,117,8,8
4621,86,87,-1,1
4622,152,142,10,10
4623,96,101,-5,5
4624,111,114,-3,3
4625,99,109,-10,10
4626,56,55,1,1
4627,211,211,0,0
4628,109,118,-9,9
4629,137,134,3,3
4630,74,77,-3,3
4631,120,125,-5,5
4632,81,85,-4,4
4633,71,69,2,2
4634,88,85,3,3
4635,111,108,3,3
4636,197,190,7,7
4637,85,82,3,3
4638,112,114,-2,2
4639,44,62,-18,18
4640,86,89,-3,3
4641,72,79,-7,7
4642,59,61,-2,2
4643,82,92,-10,10
4644,69,65,4,4
4645,91,83,8,8
4646,142,140,2,2
4647,84,66,18,18
4648,81,82,-1,1
4649,101,98,3,3
4650,190,165,25,25
4651,107,93,14,14
4652,119,123,-4,4
4653,77,76,1,1
4654,152,150,2,2
4655,64,60,4,4
4656,77,80,-3,3
4657,51,49,2,2
4658,77,78,-1,1
4659,84,88,-4,4
4660,60,61,-1,1
4661,107,103,4,4
4662,87,104,-17,17
4663,116,130,-14,14
4664,160,141,19,19
4665,116,118,-2,2
4666,84,78,6,6
4667,113,118,-5,5
4668,105,109,-4,4
4669,55,50,5,5
4670,91,95,-4,4
4671,113,107,6,6
4672,62,57,5,5
4673,75,74,1,1
4674,45,45,0,0
4675,177,159,18,18
4676,131,140,-9,9
4677,112,111,1,1
4678,127,136,-9,9
4679,146,127,19,19
4680,138,136,2,2
4681,93,96,-3,3
4682,65,70,-5,5
4683,168,171,-3,3
4684,112,125,-13,13
4685,149,139,10,10
4686,140,145,-5,5
4687,94,92,2,2
4688,141,138,3,3
4689,75,78,-3,3
4690,134,125,9,9
4691,95,86,9,9
4692,119,104,15,15
4693,95,102,-7,7
4694,65,67,-2,2
4695,95,104,-9,9
4696,97,100,-3,3
4697,132,133,-1,1
4698,87,87,0,0
4699,124,124,0,0
4700,115,118,-3,3
4701,45,47,-2,2
4702,110,109,1,1
4703,57,62,-5,5
4704,126,108,18,18
4705,50,49,1,1
4706,132,133,-1,1
4707,71,68,3,3
4708,88,79,9,9
4709,91,108,-17,17
4710,79,77,2,2
4711,47,45,2,2
4712,103,113,-10,10
4713,38,41,-3,3
4714,68,61,7,7
4715,130,123,7,7
4716,157,157,0,0
4717,99,98,1,1
4718,62,58,4,4
4719,79,78,1,1
4720,74,78,-4,4
4721,154,138,16,16
4722,36,52,-16,16
4723,81,81,0,0
4724,69,68,1,1
4725,39,47,-8,8
4726,106,109,-3,3
4727,141,130,11,11
4728,71,70,1,1
4729,108,108,0,0
4730,142,137,5,5
4731,43,45,-2,2
4732,109,118,-9,9
4733,72,74,-2,2
4734,110,102,8,8
4735,84,95,-11,11
4736,88,81,7,7
4737,156,145,11,11
4738,106,114,-8,8
4739,160,154,6,6
4740,105,107,-2,2
4741,231,218,13,13
4742,111,108,3,3
4743,53,57,-4,4
4744,124,130,-6,6
4745,105,111,-6,6
4746,144,146,-2,2
4747,83,90,-7,7
4748,81,81,0,0
4749,96,94,2,2
4750,143,135,8,8
4751,118,112,6,6
4752,77,79,-2,2
4753,116,120,-4,4
4754,116,77,39,39
4755,76,76,0,0
4756,73,76,-3,3
4757,92,86,6,6
4758,89,83,6,6
4759,58,56,2,2
4760,70,67,3,3
4761,134,130,4,4
4762,73,79,-6,6
4763,139,135,4,4
4764,59,65,-6,6
4765,59,60,-1,1
4766,72,73,-1,1
4767,81,82,-1,1
4768,96,94,2,2
4769,190,174,16,16
4770,131,121,10,10
4771,188,192,-4,4
4772,141,151,-10,10
4773,103,102,1,1
4774,65,77,-12,12
4775,86,84,2,2
4776,64,62,2,2
4777,115,119,-4,4
4778,58,69,-11,11
4779,150,143,7,7
4780,70,73,-3,3
4781,91,87,4,4
4782,104,101,3,3
4783,78,81,-3,3
4784,57,55,2,2
4785,117,112,5,5
4786,82,83,-1,1
4787,50,56,-6,6
4788,76,78,-2,2
4789,64,64,0,0
4790,140,140,0,0
4791,88,93,-5,5
4792,41,40,1,1
4793,56,70,-14,14
4794,161,167,-6,6
4795,107,89,18,18
4796,94,94,0,0
4797,71,63,8,8
4798,163,149,14,14
4799,99,92,7,7
4800,30,33,-3,3
4801,99,87,12,12
4802,161,144,17,17
4803,82,82,0,0
4804,92,89,3,3
4805,152,132,20,20
4806,131,112,19,19
4807,99,92,7,7
4808,50,53,-3,3
4809,80,85,-5,5
4810,99,98,1,1
4811,69,67,2,2
4812,67,76,-9,9
4813,143,124,19,19
4814,68,70,-2,2
4815,65,70,-5,5
4816,94,96,-2,2
4817,55,57,-2,2
4818,94,92,2,2
4819,45,50,-5,5
4820,140,139,1,1
4821,65,62,3,3
4822,62,55,7,7
4823,94,97,-3,3
4824,129,125,4,4
4825,123,125,-2,2
4826,80,82,-2,2
4827,86,81,5,5
4828,112,117,-5,5
4829,89,83,6,6
4830,72,72,0,0
4831,65,70,-5,5
4832,90,91,-1,1
4833,71,78,-7,7
4834,107,113,-6,6
4835,140,139,1,1
4836,57,65,-8,8
4837,104,108,-4,4
4838,56,59,-3,3
4839,103,93,10,10
4840,104,107,-3,3
4841,78,79,-1,1
4842,126,122,4,4
4843,101,93,8,8
4844,85,93,-8,8
4845,72,64,8,8
4846,57,61,-4,4
4847,51,62,-11,11
4848,102,109,-7,7
4849,85,89,-4,4
4850,71,68,3,3
4851,87,85,2,2
4852,74,76,-2,2
4853,104,101,3,3
4854,102,103,-1,1
4855,181,166,15,15
4856,130,128,2,2
4857,75,88,-13,13
4858,102,100,2,2
4859,56,64,-8,8
4860,72,74,-2,2
4861,90,94,-4,4
4862,66,72,-6,6
4863,82,77,5,5
4864,139,157,-18,18
4865,97,85,12,12
4866,83,84,-1,1
4867,71,80,-9,9
4868,81,75,6,6
4869,80,73,7,7
4870,152,151,1,1
4871,54,55,-1,1
4872,51,55,-4,4
4873,142,127,15,15
4874,134,143,-9,9
4875,253,273,-20,20
4876,85,101,-16,16
4877,274,232,42,42
4878,180,162,18,18
4879,85,91,-6,6
4880,68,76,-8,8
4881,126,126,0,0
4882,147,138,9,9
4883,67,68,-1,1
4884,58,63,-5,5
4885,146,147,-1,1
4886,170,171,-1,1
4887,80,87,-7,7
4888,117,118,-1,1
4889,72,75,-3,3
4890,52,57,-5,5
4891,92,90,2,2
4892,88,84,4,4
4893,106,109,-3,3
4894,93,90,3,3
4895,151,146,5,5
4896,90,90,0,0
4897,71,70,1,1
4898,63,67,-4,4
4899,171,154,17,17
4900,83,72,11,11
4901,125,119,6,6
4902,123,114,9,9
4903,119,113,6,6
4904,100,96,4,4
4905,97,112,-15,15
4906,82,75,7,7
4907,104,112,-8,8
4908,84,78,6,6
4909,133,136,-3,3
4910,66,69,-3,3
4911,328,291,37,37
4912,66,71,-5,5
4913,129,122,7,7
4914,60,66,-6,6
4915,107,121,-14,14
4916,88,79,9,9
4917,92,112,-20,20
4918,97,83,14,14
4919,95,96,-1,1
4920,176,160,16,16
4921,93,90,3,3
4922,124,130,-6,6
4923,80,74,6,6
4924,117,114,3,3
4925,92,89,3,3
4926,137,118,19,19
4927,160,157,3,3
4928,114,114,0,0
4929,78,72,6,6
4930,73,73,0,0
4931,62,60,2,2
4932,85,89,-4,4
4933,52,56,-4,4
4934,53,58,-5,5
4935,98,75,23,23
4936,92,91,1,1
4937,100,101,-1,1
4938,114,106,8,8
4939,139,140,-1,1
4940,76,79,-3,3
4941,119,115,4,4
4942,41,48,-7,7
4943,53,50,3,3
4944,268,268,0,0
4945,66,64,2,2
4946,130,123,7,7
4947,115,112,3,3
4948,157,160,-3,3
4949,50,55,-5,5
4950,75,72,3,3
4951,79,72,7,7
4952,85,82,3,3
4953,42,65,-23,23
4954,85,78,7,7
4955,95,95,0,0
4956,72,78,-6,6
4957,90,100,-10,10
4958,81,76,5,5
4959,109,113,-4,4
4960,146,154,-8,8
4961,131,121,10,10
4962,138,130,8,8
4963,32,42,-10,10
4964,86,85,1,1
4965,76,80,-4,4
4966,73,83,-10,10
4967,132,129,3,3
4968,136,134,2,2
4969,36,45,-9,9
4970,40,46,-6,6
4971,62,61,1,1
4972,99,109,-10,10
4973,63,75,-12,12
4974,90,81,9,9
4975,63,75,-12,12
4976,63,66,-3,3
4977,73,83,-10,10
4978,73,76,-3,3
4979,120,132,-12,12
4980,161,149,12,12
4981,74,72,2,2
4982,74,68,6,6
4983,49,52,-3,3
4984,157,138,19,19
4985,123,119,4,4
4986,91,85,6,6
4987,115,103,12,12
4988,85,85,0,0
4989,66,68,-2,2
4990,102,95,7,7
4991,98,94,4,4
4992,100,94,6,6
4993,105,121,-16,16
4994,84,98,-14,14
4995,95,87,8,8
4996,108,95,13,13
4997,62,62,0,0
4998,116,119,-3,3
4999,79,75,4,4
5000,73,64,9,9
5001,50,64,-14,14
5002,97,92,5,5
5003,145,129,16,16
5004,152,142,10,10
5005,134,123,11,11
5006,110,101,9,9
5007,114,112,2,2
5008,72,67,5,5
5009,113,98,15,15
5010,58,68,-10,10
5011,50,52,-2,2
5012,29,38,-9,9
5013,71,69,2,2
5014,90,94,-4,4
5015,140,135,5,5
5016,123,115,8,8
5017,131,123,8,8
5018,50,51,-1,1
5019,82,81,1,1
5020,77,82,-5,5
5021,98,91,7,7
5022,83,74,9,9
5023,88,77,11,11
5024,122,107,15,15
5025,87,83,4,4
5026,107,110,-3,3
5027,75,79,-4,4
5028,89,93,-4,4
5029,124,125,-1,1
5030,105,102,3,3
5031,62,58,4,4
5032,125,113,12,12
5033,94,94,0,0
5034,91,95,-4,4
5035,74,86,-12,12
5036,82,92,-10,10
5037,60,59,1,1
5038,69,70,-1,1
5039,132,124,8,8
5040,76,73,3,3
5041,169,169,0,0
5042,101,102,-1,1
5043,167,163,4,4
5044,79,81,-2,2
5045,78,90,-12,12
5046,61,60,1,1
5047,137,122,15,15
5048,116,108,8,8
5049,77,84,-7,7
5050,76,96,-20,20
5051,157,166,-9,9
5052,90,97,-7,7
5053,79,71,8,8
5054,131,118,13,13
5055,118,112,6,6
5056,110,96,14,14
5057,151,135,16,16
5058,159,162,-3,3
5059,95,99,-4,4
5060,78,75,3,3
5061,107,116,-9,9
5062,131,128,3,3
5063,87,91,-4,4
5064,42,44,-2,2
5065,66,69,-3,3
5066,101,107,-6,6
5067,140,134,6,6
5068,66,63,3,3
5069,43,46,-3,3
5070,100,97,3,3
5071,120,108,12,12
5072,76,65,11,11
5073,121,132,-11,11
5074,78,76,2,2
5075,121,118,3,3
5076,51,56,-5,5
5077,101,108,-7,7
5078,136,135,1,1
5079,107,120,-13,13
5080,106,110,-4,4
5081,116,115,1,1
5082,89,87,2,2
5083,65,70,-5,5
5084,154,144,10,10
5085,130,125,5,5
5086,98,87,11,11
5087,75,87,-12,12
5088,81,80,1,1
5089,82,89,-7,7
5090,86,90,-4,4
5091,93,95,-2,2
5092,73,78,-5,5
5093,76,82,-6,6
5094,166,164,2,2
5095,98,97,1,1
5096,120,103,17,17
5097,67,72,-5,5
5098,81,78,3,3
5099,170,166,4,4
5100,40,52,-12,12
5101,101,96,5,5
5102,80,79,1,1
5103,121,102,19,19
5104,58,54,4,4
5105,115,110,5,5
5106,63,62,1,1
5107,87,91,-4,4
5108,148,155,-7,7
5109,102,101,1,1
5110,79,77,2,2
5111,118,110,8,8
5112,92,93,-1,1
5113,110,112,-2,2
5114,131,132,-1,1
5115,139,150,-11,11
5116,68,74,-6,6
5117,122,126,-4,4
5118,140,132,8,8
5119,124,118,6,6
5120,103,93,10,10
5121,59,75,-16,16
5122,80,83,-3,3
5123,131,126,5,5
5124,104,99,5,5
5125,155,143,12,12
5126,89,92,-3,3
5127,68,81,-13,13
5128,79,79,0,0
5129,110,110,0,0
5130,54,57,-3,3
5131,121,136,-15,15
5132,101,105,-4,4
5133,109,115,-6,6
5134,100,98,2,2
5135,132,131,1,1
5136,71,73,-2,2
5137,89,91,-2,2
5138,92,91,1,1
5139,91,90,1,1
5140,117,109,8,8
5141,100,98,2,2
5142,118,110,8,8
5143,160,134,26,26
5144,121,111,10,10
5145,88,95,-7,7
5146,152,149,3,3
5147,56,54,2,2
5148,51,69,-18,18
5149,110,94,16,16
5150,79,81,-2,2
5151,68,92,-24,24
5152,52,56,-4,4
5153,129,131,-2,2
5154,81,74,7,7
5155,39,42,-3,3
5156,55,114,-59,59
5157,53,60,-7,7
5158,92,93,-1,1
5159,72,72,0,0
5160,103,107,-4,4
5161,141,129,12,12
5162,82,85,-3,3
5163,69,75,-6,6
5164,168,162,6,6
5165,65,67,-2,2
5166,76,82,-6,6
5167,104,104,0,0
5168,89,92,-3,3
5169,101,104,-3,3
5170,53,58,-5,5
5171,105,108,-3,3
5172,90,82,8,8
5173,116,111,5,5
5174,137,133,4,4
5175,126,112,14,14
5176,43,41,2,2
5177,65,70,-5,5
5178,76,79,-3,3
5179,104,97,7,7
5180,88,82,6,6
5181,75,71,4,4
5182,82,82,0,0
5183,40,57,-17,17
5184,77,78,-1,1
5185,66,68,-2,2
5186,154,141,13,13
5187,86,84,2,2
5188,112,122,-10,10
5189,93,95,-2,2
5190,130,150,-20,20
5191,177,169,8,8
5192,148,137,11,11
5193,80,84,-4,4
5194,58,53,5,5
5195,115,109,6,6
5196,118,114,4,4
5197,66,64,2,2
5198,161,157,4,4
5199,80,80,0,0
5200,105,99,6,6
5201,56,55,1,1
5202,66,68,-2,2
5203,93,92,1,1
5204,105,102,3,3
5205,96,96,0,0
5206,62,63,-1,1
5207,68,76,-8,8
5208,83,78,5,5
5209,110,112,-2,2
5210,109,111,-2,2
5211,147,136,11,11
5212,68,61,7,7
5213,121,113,8,8
5214,128,135,-7,7
5215,136,133,3,3
5216,110,99,11,11
5217,84,75,9,9
5218,93,89,4,4
5219,68,71,-3,3
5220,88,89,-1,1
5221,89,93,-4,4
5222,134,137,-3,3
5223,128,130,-2,2
5224,79,76,3,3
5225,66,73,-7,7
5226,58,52,6,6
5227,58,74,-16,16
5228,69,67,2,2
5229,56,57,-1,1
5230,85,88,-3,3
5231,73,75,-2,2
5232,97,93,4,4
5233,100,83,17,17
5234,82,71,11,11
5235,65,66,-1,1
5236,90,95,-5,5
5237,66,81,-15,15
5238,58,56,2,2
5239,62,108,-46,46
5240,50,54,-4,4
5241,84,79,5,5
5242,82,85,-3,3
5243,147,154,-7,7
5244,91,84,7,7
5245,95,89,6,6
5246,121,118,3,3
5247,56,61,-5,5
5248,54,53,1,1
5249,103,98,5,5
5250,86,75,11,11
5251,85,81,4,4
5252,97,81,16,16
5253,92,78,14,14
5254,59,64,-5,5
5255,115,115,0,0
5256,116,115,1,1
5257,101,101,0,0
5258,120,97,23,23
5259,164,150,14,14
5260,55,49,6,6
5261,91,94,-3,3
5262,75,80,-5,5
5263,121,122,-1,1
5264,57,59,-2,2
5265,38,53,-15,15
5266,92,86,6,6
5267,67,68,-1,1
5268,120,117,3,3
5269,83,83,0,0
5270,138,139,-1,1
5271,169,159,10,10
5272,59,68,-9,9
5273,47,51,-4,4
5274,46,46,0,0
5275,123,132,-9,9
5276,142,138,4,4
5277,80,87,-7,7
5278,31,39,-8,8
5279,128,128,0,0
5280,112,98,14,14
5281,98,109,-11,11
5282,55,61,-6,6
5283,110,98,12,12
5284,91,94,-3,3
5285,112,93,19,19
5286,115,115,0,0
5287,73,69,4,4
5288,106,109,-3,3
5289,93,92,1,1
5290,166,159,7,7
5291,128,137,-9,9
5292,112,110,2,2
5293,89,83,6,6
5294,74,76,-2,2
5295,106,122,-16,16
5296,72,76,-4,4
5297,78,76,2,2
5298,92,91,1,1
5299,140,129,11,11
5300,103,100,3,3
5301,102,114,-12,12
5302,63,76,-13,13
5303,169,157,12,12
5304,78,76,2,2
5305,132,127,5,5
5306,50,50,0,0
5307,127,115,12,12
5308,138,113,25,25
5309,61,56,5,5
5310,87,88,-1,1
5311,109,114,-5,5
5312,77,79,-2,2
5313,92,109,-17,17
5314,84,81,3,3
5315,140,123,17,17
5316,79,84,-5,5
5317,87,82,5,5
5318,76,78,-2,2
5319,54,53,1,1
5320,77,84,-7,7
5321,28,58,-30,30
5322,85,68,17,17
5323,41,40,1,1
5324,78,83,-5,5
5325,117,110,7,7
5326,99,101,-2,2
5327,130,127,3,3
5328,58,62,-4,4
5329,76,73,3,3
5330,72,77,-5,5
5331,72,71,1,1
5332,130,119,11,11
5333,85,92,-7,7
5334,74,75,-1,1
5335,117,108,9,9
5336,105,113,-8,8
5337,114,112,2,2
5338,94,94,0,0
5339,127,121,6,6
5340,100,93,7,7
5341,100,108,-8,8
5342,114,109,5,5
5343,137,150,-13,13
5344,141,134,7,7
5345,186,172,14,14
5346,49,53,-4,4
5347,71,73,-2,2
5348,144,142,2,2
5349,108,86,22,22
5350,102,89,13,13
5351,129,124,5,5
5352,123,121,2,2
5353,48,50,-2,2
5354,70,65,5,5
5355,81,82,-1,1
5356,72,77,-5,5
5357,76,77,-1,1
5358,114,126,-12,12
5359,130,126,4,4
5360,113,120,-7,7
5361,57,59,-2,2
5362,77,80,-3,3
5363,117,115,2,2
5364,79,73,6,6
5365,87,94,-7,7
5366,99,97,2,2
5367,211,196,15,15
5368,92,82,10,10
5369,119,112,7,7
5370,54,61,-7,7
5371,111,100,11,11
5372,67,67,0,0
5373,185,187,-2,2
5374,68,76,-8,8
5375,190,167,23,23
5376,124,121,3,3
5377,80,88,-8,8
5378,78,75,3,3
5379,92,102,-10,10
5380,70,71,-1,1
5381,51,65,-14,14
5382,89,91,-2,2
5383,82,86,-4,4
5384,83,77,6,6
5385,204,189,15,15
5386,114,110,4,4
5387,62,66,-4,4
5388,100,88,12,12
5389,143,160,-17,17
5390,89,86,3,3
5391,123,130,-7,7
5392,150,146,4,4
5393,135,112,23,23
5394,114,119,-5,5
5395,94,99,-5,5
5396,158,148,10,10
5397,58,70,-12,12
5398,94,101,-7,7
5399,59,59,0,0
5400,81,97,-16,16
5401,70,72,-2,2
5402,79,81,-2,2
5403,49,57,-8,8
5404,85,79,6,6
5405,85,83,2,2
5406,55,53,2,2
5407,97,99,-2,2
5408,95,95,0,0
5409,129,118,11,11
5410,53,60,-7,7
5411,109,114,-5,5
5412,92,97,-5,5
5413,122,101,21,21
5414,102,108,-6,6
5415,98,114,-16,16
5416,68,78,-10,10
5417,108,105,3,3
5418,92,84,8,8
5419,95,92,3,3
5420,65,65,0,0
5421,27,35,-8,8
5422,62,61,1,1
5423,109,109,0,0
5424,72,75,-3,3
5425,58,59,-1,1
5426,121,112,9,9
5427,101,96,5,5
5428,63,69,-6,6
5429,38,33,5,5
5430,145,139,6,6
5431,103,108,-5,5
5432,215,221,-6,6
5433,122,113,9,9
5434,90,94,-4,4
5435,67,66,1,1
5436,98,107,-9,9
5437,106,115,-9,9
5438,119,122,-3,3
5439,93,93,0,0
5440,48,60,-12,12
5441,87,86,1,1
5442,108,117,-9,9
5443,72,67,5,5
5444,124,122,2,2
5445,114,114,0,0
5446,43,43,0,0
5447,109,109,0,0
5448,99,108,-9,9
5449,116,111,5,5
5450,72,90,-18,18
5451,122,132,-10,10
5452,98,97,1,1
5453,144,152,-8,8
5454,78,75,3,3
5455,70,65,5,5
5456,114,106,8,8
5457,137,132,5,5
5458,113,108,5,5
5459,115,108,7,7
5460,85,85,0,0
5461,63,63,0,0
5462,114,118,-4,4
5463,88,89,-1,1
5464,125,114,11,11
5465,116,117,-1,1
5466,150,119,31,31
5467,78,79,-1,1
5468,75,74,1,1
5469,81,88,-7,7
5470,116,130,-14,14
5471,64,60,4,4
5472,93,95,-2,2
5473,96,90,6,6
5474,147,148,-1,1
5475,77,74,3,3
5476,139,138,1,1
5477,64,58,6,6
5478,82,77,5,5
5479,70,71,-1,1
5480,142,138,4,4
5481,99,94,5,5
5482,64,67,-3,3
5483,80,88,-8,8
5484,69,62,7,7
5485,64,65,-1,1
5486,99,99,0,0
5487,120,109,11,11
5488,80,77,3,3
5489,145,146,-1,1
5490,161,152,9,9
5491,86,91,-5,5
5492,123,123,0,0
5493,91,87,4,4
5494,147,137,10,10
5495,92,88,4,4
5496,79,83,-4,4
5497,144,134,10,10
5498,72,70,2,2
5499,91,103,-12,12
5500,162,161,1,1
5501,76,85,-9,9
5502,82,84,-2,2
5503,63,71,-8,8
5504,71,73,-2,2
5505,74,74,0,0
5506,152,143,9,9
5507,102,104,-2,2
5508,70,69,1,1
5509,46,52,-6,6
5510,85,93,-8,8
5511,81,84,-3,3
5512,85,87,-2,2
5513,108,99,9,9
5514,124,120,4,4
5515,81,86,-5,5
5516,97,125,-28,28
5517,137,140,-3,3
5518,125,116,9,9
5519,90,98,-8,8
5520,83,77,6,6
5521,89,87,2,2
5522,124,115,9,9
5523,101,90,11,11
5524,103,102,1,1
5525,61,61,0,0
5526,85,77,8,8
5527,102,107,-5,5
5528,83,96,-13,13
5529,91,94,-3,3
5530,131,109,22,22
5531,150,139,11,11
5532,107,108,-1,1
5533,115,115,0,0
5534,126,124,2,2
5535,129,127,2,2
5536,95,88,7,7
5537,143,131,12,12
5538,115,117,-2,2
5539,85,81,4,4
5540,164,157,7,7
5541,95,93,2,2
5542,137,142,-5,5
5543,121,118,3,3
5544,83,81,2,2
5545,115,125,-10,10
5546,154,158,-4,4
5547,115,115,0,0
5548,88,82,6,6
5549,116,119,-3,3
5550,119,100,19,19
5551,30,39,-9,9
5552,100,94,6,6
5553,132,140,-8,8
5554,186,174,12,12
5555,82,86,-4,4
5556,176,141,35,35
5557,107,101,6,6
5558,89,80,9,9
5559,94,96,-2,2
5560,51,48,3,3
5561,138,142,-4,4
5562,78,81,-3,3
5563,59,64,-5,5
5564,58,55,3,3
5565,67,66,1,1
5566,79,73,6,6
5567,54,54,0,0
5568,62,62,0,0
5569,83,80,3,3
5570,75,81,-6,6
5571,115,114,1,1
5572,114,116,-2,2
5573,126,113,13,13
5574,88,99,-11,11
5575,69,64,5,5
5576,38,54,-16,16
5577,71,67,4,4
5578,66,63,3,3
5579,62,61,1,1
5580,75,66,9,9
5581,59,56,3,3
5582,97,109,-12,12
5583,81,92,-11,11
5584,69,78,-9,9
5585,81,75,6,6
5586,101,106,-5,5
5587,97,89,8,8
5588,60,69,-9,9
5589,119,116,3,3
5590,113,133,-20,20
5591,130,116,14,14
5592,61,68,-7,7
5593,166,157,9,9
5594,51,56,-5,5
5595,140,135,5,5
5596,109,117,-8,8
5597,115,121,-6,6
5598,112,108,4,4
5599,89,87,2,2
5600,65,67,-2,2
5601,97,100,-3,3
5602,81,80,1,1
5603,59,60,-1,1
5604,52,52,0,0
5605,74,86,-12,12
5606,76,80,-4,4
5607,111,76,35,35
5608,112,110,2,2
5609,66,68,-2,2
5610,96,89,7,7
5611,61,65,-4,4
5612,162,157,5,5
5613,120,113,7,7
5614,68,81,-13,13
5615,61,72,-11,11
5616,110,110,0,0
5617,114,120,-6,6
5618,41,43,-2,2
5619,63,54,9,9
5620,77,76,1,1
5621,92,84,8,8
5622,80,79,1,1
5623,40,46,-6,6
5624,56,59,-3,3
5625,72,72,0,0
5626,123,113,10,10
5627,77,75,2,2
5628,107,109,-2,2
5629,112,114,-2,2
5630,72,79,-7,7
5631,99,109,-10,10
5632,118,115,3,3
5633,77,72,5,5
5634,139,132,7,7
5635,84,80,4,4
5636,62,66,-4,4
5637,100,98,2,2
5638,80,78,2,2
5639,91,95,-4,4
5640,113,110,3,3
5641,45,45,0,0
5642,71,61,10,10
5643,122,105,17,17
5644,53,56,-3,3
5645,78,91,-13,13
5646,65,65,0,0
5647,40,52,-12,12
5648,136,130,6,6
5649,120,113,7,7
5650,104,111,-7,7
5651,85,81,4,4
5652,89,88,1,1
5653,84,87,-3,3
5654,80,88,-8,8
5655,119,127,-8,8
5656,105,99,6,6
5657,61,70,-9,9
5658,53,61,-8,8
5659,69,74,-5,5
5660,83,79,4,4
5661,122,104,18,18
5662,88,86,2,2
5663,88,79,9,9
5664,104,110,-6,6
5665,94,89,5,5
5666,133,128,5,5
5667,53,72,-19,19
5668,73,76,-3,3
5669,92,92,0,0
5670,92,88,4,4
5671,91,89,2,2
5672,82,84,-2,2
5673,87,92,-5,5
5674,135,128,7,7
5675,126,127,-1,1
5676,94,89,5,5
5677,55,56,-1,1
5678,104,95,9,9
5679,127,125,2,2
5680,135,132,3,3
5681,145,131,14,14
5682,99,99,0,0
5683,96,107,-11,11
5684,103,90,13,13
5685,32,38,-6,6
5686,74,77,-3,3
5687,109,94,15,15
5688,59,63,-4,4
5689,101,98,3,3
5690,69,68,1,1
5691,71,83,-12,12
5692,101,93,8,8
5693,129,132,-3,3
5694,114,115,-1,1
5695,73,72,1,1
5696,179,156,23,23
5697,81,82,-1,1
5698,127,118,9,9
5699,129,129,0,0
5700,57,54,3,3
5701,50,57,-7,7
5702,80,67,13,13
5703,116,114,2,2
5704,93,83,10,10
5705,164,138,26,26
5706,43,49,-6,6
5707,96,109,-13,13
5708,88,79,9,9
5709,66,64,2,2
5710,97,97,0,0
5711,86,86,0,0
5712,83,91,-8,8
5713,87,85,2,2
5714,61,65,-4,4
5715,81,82,-1,1
5716,164,154,10,10
5717,138,134,4,4
5718,115,119,-4,4
5719,86,87,-1,1
5720,118,141,-23,23
5721,67,66,1,1
5722,87,92,-5,5
5723,74,70,4,4
5724,51,46,5,5
5725,67,64,3,3
5726,84,79,5,5
5727,94,91,3,3
5728,69,70,-1,1
5729,115,122,-7,7
5730,48,50,-2,2
5731,77,74,3,3
5732,81,80,1,1
5733,110,118,-8,8
5734,74,89,-15,15
5735,54,65,-11,11
5736,84,87,-3,3
5737,70,76,-6,6
5738,64,70,-6,6
5739,80,86,-6,6
5740,78,72,6,6
5741,83,94,-11,11
5742,81,80,1,1
5743,34,39,-5,5
5744,149,163,-14,14
5745,50,52,-2,2
5746,57,58,-1,1
5747,75,74,1,1
5748,139,131,8,8
5749,48,49,-1,1
5750,61,66,-5,5
5751,96,89,7,7
5752,64,58,6,6
5753,90,105,-15,15
5754,81,82,-1,1
5755,119,128,-9,9
5756,129,128,1,1
5757,111,117,-6,6
5758,79,80,-1,1
5759,107,107,0,0
5760,77,80,-3,3
5761,67,66,1,1
5762,103,92,11,11
5763,60,64,-4,4
5764,115,118,-3,3
5765,62,57,5,5
5766,71,77,-6,6
5767,67,77,-10,10
5768,46,47,-1,1
5769,52,52,0,0
5770,55,60,-5,5
5771,95,91,4,4
5772,119,102,17,17
5773,156,166,-10,10
5774,89,79,10,10
5775,130,114,16,16
5776,149,138,11,11
5777,53,65,-12,12
5778,103,107,-4,4
5779,181,161,20,20
5780,88,86,2,2
5781,91,90,1,1
5782,79,72,7,7
5783,64,76,-12,12
5784,85,90,-5,5
5785,45,47,-2,2
5786,72,72,0,0
5787,118,113,5,5
5788,54,52,2,2
5789,98,102,-4,4
5790,79,85,-6,6
5791,63,63,0,0
5792,27,39,-12,12
5793,142,137,5,5
5794,67,70,-3,3
5795,146,142,4,4
5796,80,86,-6,6
5797,68,77,-9,9
5798,92,96,-4,4
5799,48,53,-5,5
5800,117,102,15,15
5801,98,99,-1,1
5802,73,76,-3,3
5803,84,84,0,0
5804,95,91,4,4
5805,120,120,0,0
5806,151,162,-11,11
5807,50,49,1,1
5808,93,94,-1,1
5809,150,145,5,5
5810,65,79,-14,14
5811,76,81,-5,5
5812,69,71,-2,2
5813,91,90,1,1
5814,81,86,-5,5
5815,92,87,5,5
5816,127,138,-11,11
5817,100,94,6,6
5818,98,96,2,2
5819,109,100,9,9
5820,69,72,-3,3
5821,94,99,-5,5
5822,156,142,14,14
5823,82,92,-10,10
5824,62,76,-14,14
5825,56,59,-3,3
5826,44,47,-3,3
5827,134,100,34,34
5828,75,76,-1,1
5829,88,89,-1,1
5830,63,68,-5,5
5831,106,110,-4,4
5832,121,111,10,10
5833,94,98,-4,4
5834,89,97,-8,8
5835,45,53,-8,8
5836,76,81,-5,5
5837,85,89,-4,4
5838,129,137,-8,8
5839,113,112,1,1
5840,127,123,4,4
5841,129,151,-22,22
5842,92,90,2,2
5843,60,58,2,2
5844,91,74,17,17
5845,90,85,5,5
5846,143,143,0,0
5847,79,76,3,3
5848,118,163,-45,45
5849,65,65,0,0
5850,88,78,10,10
5851,102,109,-7,7
5852,67,65,2,2
5853,104,97,7,7
5854,164,161,3,3
5855,145,138,7,7
5856,51,48,3,3
5857,35,39,-4,4
5858,125,123,2,2
5859,78,82,-4,4
5860,110,110,0,0
5861,133,135,-2,2
5862,92,94,-2,2
5863,89,92,-3,3
5864,66,68,-2,2
5865,96,104,-8,8
5866,74,77,-3,3
5867,21,28,-7,7
5868,52,53,-1,1
5869,49,50,-1,1
5870,133,144,-11,11
5871,56,59,-3,3
5872,48,51,-3,3
5873,53,49,4,4
5874,86,89,-3,3
5875,81,93,-12,12
5876,139,140,-1,1
5877,111,123,-12,12
5878,118,124,-6,6
5879,61,61,0,0
5880,88,98,-10,10
5881,58,62,-4,4
5882,91,88,3,3
5883,110,109,1,1
5884,118,91,27,27
5885,109,101,8,8
5886,52,55,-3,3
5887,69,74,-5,5
5888,144,132,12,12
5889,87,87,0,0
5890,153,136,17,17
5891,49,53,-4,4
5892,106,115,-9,9
5893,85,84,1,1
5894,95,94,1,1
5895,99,96,3,3
5896,154,150,4,4
5897,64,78,-14,14
5898,74,71,3,3
5899,94,87,7,7
5900,83,70,13,13
5901,66,67,-1,1
5902,48,55,-7,7
5903,87,99,-12,12
5904,28,50,-22,22
5905,63,59,4,4
5906,117,115,2,2
5907,169,166,3,3
5908,54,53,1,1
5909,118,118,0,0
5910,77,73,4,4
5911,87,89,-2,2
5912,259,235,24,24
5913,116,125,-9,9
5914,141,138,3,3
5915,63,69,-6,6
5916,194,172,22,22
5917,58,74,-16,16
5918,117,115,2,2
5919,101,98,3,3
5920,128,128,0,0
5921,99,88,11,11
5922,122,111,11,11
5923,146,135,11,11
5924,117,109,8,8
5925,85,91,-6,6
5926,156,151,5,5
5927,85,85,0,0
5928,149,156,-7,7
5929,62,67,-5,5
5930,133,135,-2,2
5931,76,79,-3,3
5932,67,68,-1,1
5933,125,146,-21,21
5934,73,70,3,3
5935,106,97,9,9
5936,98,96,2,2
5937,113,115,-2,2
5938,151,150,1,1
5939,91,86,5,5
5940,115,127,-12,12
5941,99,101,-2,2
5942,51,54,-3,3
5943,102,113,-11,11
5944,123,116,7,7
5945,71,64,7,7
5946,116,120,-4,4
5947,118,118,0,0
5948,151,158,-7,7
5949,93,85,8,8
5950,77,79,-2,2
5951,52,49,3,3
5952,88,87,1,1
5953,56,54,2,2
5954,152,166,-14,14
5955,129,132,-3,3
5956,75,78,-3,3
5957,98,93,5,5
5958,149,150,-1,1
5959,73,69,4,4
5960,96,111,-15,15
5961,145,141,4,4
5962,88,83,5,5
5963,159,147,12,12
5964,178,163,15,15
5965,81,89,-8,8
5966,142,133,9,9
5967,97,91,6,6
5968,145,142,3,3
5969,91,89,2,2
5970,85,71,14,14
5971,87,73,14,14
5972,90,76,14,14
5973,68,68,0,0
5974,94,89,5,5
5975,101,95,6,6
5976,92,83,9,9
5977,71,77,-6,6
5978,113,110,3,3
5979,102,97,5,5
5980,114,118,-4,4
5981,97,92,5,5
5982,47,55,-8,8
5983,60,63,-3,3
5984,135,132,3,3
5985,58,55,3,3
5986,206,177,29,29
5987,68,72,-4,4
5988,42,48,-6,6
5989,73,60,13,13
5990,83,78,5,5
5991,72,67,5,5
5992,111,80,31,31
5993,58,52,6,6
5994,130,139,-9,9
5995,111,111,0,0
5996,140,151,-11,11
5997,95,97,-2,2
5998,96,94,2,2
5999,91,87,4,4
6000,79,78,1,1
6001,74,73,1,1
6002,169,154,15,15
6003,117,120,-3,3
6004,78,60,18,18
6005,115,120,-5,5
6006,44,45,-1,1
6007,103,115,-12,12
6008,78,100,-22,22
6009,49,53,-4,4
6010,126,133,-7,7
6011,93,84,9,9
6012,140,139,1,1
6013,85,88,-3,3
6014,116,126,-10,10
6015,83,76,7,7
6016,96,108,-12,12
6017,143,131,12,12
6018,74,76,-2,2
6019,92,96,-4,4
6020,63,59,4,4
6021,49,56,-7,7
6022,144,144,0,0
6023,54,55,-1,1
6024,116,167,-51,51
6025,66,79,-13,13
6026,56,61,-5,5
6027,56,90,-34,34
6028,107,111,-4,4
6029,140,131,9,9
6030,92,97,-5,5
6031,76,81,-5,5
6032,90,96,-6,6
6033,138,145,-7,7
6034,71,64,7,7
6035,89,104,-15,15
6036,66,58,8,8
6037,60,60,0,0
6038,116,127,-11,11
6039,179,181,-2,2
6040,90,82,8,8
6041,116,122,-6,6
6042,89,88,1,1
6043,95,87,8,8
6044,85,78,7,7
6045,53,52,1,1
6046,166,163,3,3
6047,43,47,-4,4
6048,119,125,-6,6
6049,105,119,-14,14
6050,121,114,7,7
6051,73,75,-2,2
6052,67,66,1,1
6053,119,120,-1,1
6054,106,110,-4,4
6055,72,66,6,6
6056,75,72,3,3
6057,70,77,-7,7
6058,143,132,11,11
6059,83,78,5,5
6060,83,72,11,11
6061,46,60,-14,14
6062,47,46,1,1
6063,119,118,1,1
6064,108,99,9,9
6065,43,50,-7,7
6066,64,59,5,5
6067,83,87,-4,4
6068,141,135,6,6
6069,107,109,-2,2
6070,35,54,-19,19
6071,119,121,-2,2
6072,88,81,7,7
6073,77,80,-3,3
6074,75,73,2,2
6075,140,137,3,3
6076,66,69,-3,3
6077,121,130,-9,9
6078,47,59,-12,12
6079,68,71,-3,3
6080,112,102,10,10
6081,178,163,15,15
6082,87,92,-5,5
6083,164,151,13,13
6084,79,82,-3,3
6085,71,69,2,2
6086,111,130,-19,19
6087,78,82,-4,4
6088,160,165,-5,5
6089,98,96,2,2
6090,115,155,-40,40
6091,95,110,-15,15
6092,65,65,0,0
6093,159,160,-1,1
6094,85,88,-3,3
6095,69,65,4,4
6096,116,117,-1,1
6097,55,56,-1,1
6098,96,97,-1,1
6099,94,85,9,9
6100,72,71,1,1
6101,94,86,8,8
6102,124,134,-10,10
6103,62,62,0,0
6104,79,71,8,8
6105,146,136,10,10
6106,42,46,-4,4
6107,85,80,5,5
6108,100,88,12,12
6109,131,115,16,16
6110,72,79,-7,7
6111,49,52,-3,3
6112,116,110,6,6
6113,102,99,3,3
6114,135,135,0,0
6115,138,132,6,6
6116,40,59,-19,19
6117,104,99,5,5
6118,99,97,2,2
6119,50,48,2,2
6120,108,108,0,0
6121,106,109,-3,3
6122,93,88,5,5
6123,155,158,-3,3
6124,127,122,5,5
6125,78,77,1,1
6126,87,87,0,0
6127,73,76,-3,3
6128,92,92,0,0
6129,86,82,4,4
6130,117,116,1,1
6131,65,60,5,5
6132,44,43,1,1
6133,142,138,4,4
6134,83,91,-8,8
6135,104,95,9,9
6136,119,106,13,13
6137,112,110,2,2
6138,96,85,11,11
6139,58,64,-6,6
6140,44,53,-9,9
6141,107,109,-2,2
6142,115,114,1,1
6143,87,90,-3,3
6144,102,100,2,2
6145,89,85,4,4
6146,119,118,1,1
6147,101,96,5,5
6148,55,59,-4,4
6149,92,87,5,5
6150,108,100,8,8
6151,57,57,0,0
6152,119,113,6,6
6153,133,133,0,0
6154,80,82,-2,2
6155,66,69,-3,3
6156,114,108,6,6
6157,111,115,-4,4
6158,140,132,8,8
6159,108,85,23,23
6160,89,96,-7,7
6161,88,79,9,9
6162,76,82,-6,6
6163,80,80,0,0
6164,98,89,9,9
6165,73,75,-2,2
6166,136,132,4,4
6167,50,51,-1,1
6168,88,100,-12,12
6169,69,71,-2,2
6170,151,149,2,2
6171,66,60,6,6
6172,73,71,2,2
6173,65,59,6,6
6174,72,72,0,0
6175,52,54,-2,2
6176,108,92,16,16
6177,86,84,2,2
6178,34,47,-13,13
6179,183,181,2,2
6180,54,50,4,4
6181,122,129,-7,7
6182,64,65,-1,1
6183,75,79,-4,4
6184,105,95,10,10
6185,65,70,-5,5
6186,84,93,-9,9
6187,101,99,2,2
6188,117,112,5,5
6189,148,150,-2,2
6190,66,67,-1,1
6191,106,115,-9,9
6192,147,130,17,17
6193,108,111,-3,3
6194,133,109,24,24
6195,42,47,-5,5
6196,67,64,3,3
6197,117,111,6,6
6198,127,134,-7,7
6199,84,82,2,2
6200,72,68,4,4
6201,77,75,2,2
6202,83,77,6,6
6203,77,92,-15,15
6204,133,131,2,2
6205,61,69,-8,8
6206,75,80,-5,5
6207,81,81,0,0
6208,95,92,3,3
6209,115,112,3,3
6210,106,94,12,12
6211,85,74,11,11
6212,89,89,0,0
6213,103,101,2,2
6214,78,75,3,3
6215,83,78,5,5
6216,128,115,13,13
6217,64,70,-6,6
6218,87,83,4,4
6219,108,96,12,12
6220,108,110,-2,2
6221,77,75,2,2
6222,65,75,-10,10
6223,56,58,-2,2
6224,69,65,4,4
6225,83,84,-1,1
6226,93,95,-2,2
6227,85,86,-1,1
6228,177,177,0,0
6229,52,54,-2,2
6230,35,41,-6,6
6231,128,118,10,10
6232,98,95,3,3
6233,83,77,6,6
6234,67,63,4,4
6235,102,101,1,1
6236,115,117,-2,2
6237,103,97,6,6
6238,99,99,0,0
6239,100,99,1,1
6240,148,128,20,20
6241,67,65,2,2
6242,131,128,3,3
6243,76,77,-1,1
6244,91,91,0,0
6245,110,87,23,23
6246,133,135,-2,2
6247,77,88,-11,11
6248,151,153,-2,2
6249,130,137,-7,7
6250,80,87,-7,7
6251,86,89,-3,3
6252,117,125,-8,8
6253,72,68,4,4
6254,104,103,1,1
6255,108,105,3,3
6256,103,102,1,1
6257,57,61,-4,4
6258,30,41,-11,11
6259,70,74,-4,4
6260,93,110,-17,17
6261,75,72,3,3
6262,46,50,-4,4
6263,169,139,30,30
6264,88,86,2,2
6265,71,78,-7,7
6266,97,101,-4,4
6267,133,125,8,8
6268,77,81,-4,4
6269,93,96,-3,3
6270,52,63,-11,11
6271,124,137,-13,13
6272,60,88,-28,28
6273,53,59,-6,6
6274,98,98,0,0
6275,105,92,13,13
6276,92,84,8,8
6277,106,99,7,7
6278,55,63,-8,8
6279,94,96,-2,2
6280,94,85,9,9
6281,67,71,-4,4
6282,109,97,12,12
6283,61,67,-6,6
6284,49,55,-6,6
6285,99,93,6,6
6286,109,100,9,9
6287,73,68,5,5
6288,107,108,-1,1
6289,82,78,4,4
6290,122,117,5,5
6291,50,49,1,1
6292,102,95,7,7
6293,99,97,2,2
6294,40,41,-1,1
6295,61,58,3,3
6296,94,96,-2,2
6297,55,60,-5,5
6298,66,65,1,1
6299,58,64,-6,6
6300,139,151,-12,12
6301,104,90,14,14
6302,74,74,0,0
6303,77,74,3,3
6304,77,69,8,8
6305,91,91,0,0
6306,74,73,1,1
6307,63,64,-1,1
6308,56,56,0,0
6309,103,114,-11,11
6310,83,84,-1,1
6311,69,74,-5,5
6312,165,150,15,15
6313,109,113,-4,4
6314,93,79,14,14
6315,123,123,0,0
6316,142,142,0,0
6317,71,64,7,7
6318,102,107,-5,5
6319,81,83,-2,2
6320,178,155,23,23
6321,75,65,10,10
6322,68,71,-3,3
6323,135,129,6,6
6324,103,104,-1,1
6325,108,110,-2,2
6326,62,76,-14,14
6327,95,101,-6,6
6328,114,111,3,3
6329,120,120,0,0
6330,124,128,-4,4
6331,90,92,-2,2
6332,29,41,-12,12
6333,69,74,-5,5
6334,61,71,-10,10
6335,85,79,6,6
6336,83,92,-9,9
6337,122,112,10,10
6338,148,142,6,6
6339,108,99,9,9
6340,96,100,-4,4
6341,75,75,0,0
6342,101,113,-12,12
6343,81,76,5,5
6344,98,103,-5,5
6345,95,90,5,5
6346,100,95,5,5
6347,96,100,-4,4
6348,161,173,-12,12
6349,84,84,0,0
6350,55,55,0,0
6351,59,63,-4,4
6352,124,124,0,0
6353,137,136,1,1
6354,118,113,5,5
6355,144,123,21,21
6356,182,174,8,8
6357,126,119,7,7
6358,127,113,14,14
6359,111,109,2,2
6360,92,91,1,1
6361,106,108,-2,2
6362,74,79,-5,5
6363,68,82,-14,14
6364,108,118,-10,10
6365,95,89,6,6
6366,103,103,0,0
6367,81,83,-2,2
6368,86,91,-5,5
6369,170,154,16,16
6370,50,50,0,0
6371,51,54,-3,3
6372,94,85,9,9
6373,146,157,-11,11
6374,74,75,-1,1
6375,100,90,10,10
6376,128,111,17,17
6377,74,69,5,5
6378,108,108,0,0
6379,77,83,-6,6
6380,63,65,-2,2
6381,50,44,6,6
6382,109,103,6,6
6383,52,56,-4,4
6384,68,76,-8,8
6385,90,97,-7,7
6386,80,86,-6,6
6387,55,66,-11,11
6388,103,94,9,9
6389,84,89,-5,5
6390,90,79,11,11
6391,66,73,-7,7
6392,167,161,6,6
6393,82,85,-3,3
6394,73,71,2,2
6395,86,91,-5,5
6396,71,75,-4,4
6397,80,87,-7,7
6398,92,93,-1,1
6399,117,110,7,7
6400,51,65,-14,14
6401,94,95,-1,1
6402,84,82,2,2
6403,135,138,-3,3
6404,66,73,-7,7
6405,151,147,4,4
6406,92,93,-1,1
6407,102,98,4,4
6408,116,109,7,7
6409,50,60,-10,10
6410,88,93,-5,5
6411,119,115,4,4
6412,107,110,-3,3
6413,93,105,-12,12
6414,142,135,7,7
6415,52,52,0,0
6416,115,118,-3,3
6417,52,55,-3,3
6418,56,57,-1,1
6419,152,132,20,20
6420,83,74,9,9
6421,62,63,-1,1
6422,64,74,-10,10
6423,119,112,7,7
6424,157,142,15,15
6425,51,58,-7,7
6426,118,120,-2,2
6427,58,66,-8,8
6428,94,88,6,6
6429,45,47,-2,2
6430,120,111,9,9
6431,88,87,1,1
6432,84,90,-6,6
6433,131,134,-3,3
6434,98,92,6,6
6435,50,49,1,1
6436,88,79,9,9
6437,101,113,-12,12
6438,78,73,5,5
6439,40,61,-21,21
6440,103,114,-11,11
6441,96,90,6,6
6442,83,83,0,0
6443,93,92,1,1
6444,82,70,12,12
6445,103,100,3,3
6446,41,66,-25,25
6447,39,49,-10,10
6448,60,56,4,4
6449,137,129,8,8
6450,46,45,1,1
6451,51,52,-1,1
6452,82,87,-5,5
6453,131,121,10,10
6454,66,75,-9,9
6455,76,73,3,3
6456,204,186,18,18
6457,106,109,-3,3
6458,72,68,4,4
6459,145,144,1,1
6460,80,74,6,6
6461,89,95,-6,6
6462,148,148,0,0
6463,141,127,14,14
6464,59,62,-3,3
6465,51,47,4,4
6466,88,83,5,5
6467,77,73,4,4
6468,103,104,-1,1
6469,94,85,9,9
6470,92,84,8,8
6471,82,78,4,4
6472,89,96,-7,7
6473,72,74,-2,2
6474,135,128,7,7
6475,135,127,8,8
6476,85,82,3,3
6477,63,67,-4,4
6478,173,168,5,5
6479,108,109,-1,1
6480,141,120,21,21
6481,85,89,-4,4
6482,144,142,2,2
6483,66,66,0,0
6484,86,91,-5,5
6485,84,73,11,11
6486,107,100,7,7
6487,60,62,-2,2
6488,62,70,-8,8
6489,174,173,1,1
6490,68,64,4,4
6491,74,82,-8,8
6492,67,67,0,0
6493,72,64,8,8
6494,117,111,6,6
6495,93,117,-24,24
6496,69,77,-8,8
6497,75,75,0,0
6498,84,82,2,2
6499,101,103,-2,2
6500,78,78,0,0
6501,202,192,10,10
6502,97,109,-12,12
6503,79,79,0,0
6504,97,101,-4,4
6505,60,70,-10,10
6506,58,58,0,0
6507,113,121,-8,8
6508,63,67,-4,4
6509,79,80,-1,1
6510,94,92,2,2
6511,129,128,1,1
6512,142,141,1,1
6513,96,94,2,2
6514,83,77,6,6
6515,137,129,8,8
6516,99,90,9,9
6517,92,95,-3,3
6518,92,101,-9,9
6519,69,66,3,3
6520,126,141,-15,15
6521,148,162,-14,14
6522,90,90,0,0
6523,94,89,5,5
6524,111,113,-2,2
6525,86,91,-5,5
6526,49,57,-8,8
6527,124,117,7,7
6528,107,112,-5,5
6529,129,123,6,6
6530,58,54,4,4
6531,70,71,-1,1
6532,70,76,-6,6
6533,91,84,7,7
6534,86,75,11,11
6535,102,106,-4,4
6536,83,83,0,0
6537,119,122,-3,3
6538,76,88,-12,12
6539,49,52,-3,3
6540,94,83,11,11
6541,124,102,22,22
6542,65,62,3,3
6543,96,110,-14,14
6544,170,169,1,1
6545,68,74,-6,6
6546,28,32,-4,4
6547,135,139,-4,4
6548,151,129,22,22
6549,80,86,-6,6
6550,79,94,-15,15
6551,68,80,-12,12
6552,118,109,9,9
6553,73,72,1,1
6554,104,115,-11,11
6555,147,131,16,16
6556,91,104,-13,13
6557,147,130,17,17
6558,55,64,-9,9
6559,66,69,-3,3
6560,121,112,9,9
6561,70,71,-1,1
6562,107,104,3,3
6563,153,152,1,1
6564,124,124,0,0
6565,59,68,-9,9
6566,90,89,1,1
6567,57,65,-8,8
6568,129,115,14,14
6569,98,107,-9,9
6570,152,141,11,11
6571,55,62,-7,7
6572,93,60,33,33
6573,61,58,3,3
6574,135,129,6,6
6575,72,67,5,5
6576,105,113,-8,8
6577,65,95,-30,30
6578,91,87,4,4
6579,117,113,4,4
6580,85,89,-4,4
6581,125,120,5,5
6582,57,62,-5,5
6583,151,139,12,12
6584,68,71,-3,3
6585,104,114,-10,10
6586,53,59,-6,6
6587,88,88,0,0
6588,91,86,5,5
6589,184,157,27,27
6590,99,97,2,2
6591,189,169,20,20
6592,186,176,10,10
6593,125,118,7,7
6594,62,74,-12,12
6595,103,102,1,1
6596,183,179,4,4
6597,62,57,5,5
6598,66,68,-2,2
6599,73,68,5,5
6600,114,112,2,2
6601,123,126,-3,3
6602,108,92,16,16
6603,115,111,4,4
6604,124,117,7,7
6605,66,78,-12,12
6606,104,81,23,23
6607,75,78,-3,3
6608,108,113,-5,5
6609,81,85,-4,4
6610,82,72,10,10
6611,80,73,7,7
6612,30,39,-9,9
6613,90,88,2,2
6614,62,63,-1,1
6615,86,82,4,4
6616,56,56,0,0
6617,95,99,-4,4
6618,100,102,-2,2
6619,102,99,3,3
6620,102,102,0,0
6621,59,57,2,2
6622,152,138,14,14
6623,163,164,-1,1
6624,143,139,4,4
6625,162,159,3,3
6626,84,87,-3,3
6627,78,84,-6,6
6628,92,97,-5,5
6629,79,86,-7,7
6630,78,74,4,4
6631,120,110,10,10
6632,99,93,6,6
6633,103,85,18,18
6634,76,85,-9,9
6635,80,76,4,4
6636,66,68,-2,2
6637,128,127,1,1
6638,85,75,10,10
6639,100,108,-8,8
6640,46,51,-5,5
6641,125,124,1,1
6642,111,115,-4,4
6643,119,117,2,2
6644,59,64,-5,5
6645,55,55,0,0
6646,158,149,9,9
6647,106,112,-6,6
6648,136,136,0,0
6649,108,101,7,7
6650,124,121,3,3
6651,106,108,-2,2
6652,92,80,12,12
6653,118,125,-7,7
6654,108,104,4,4
6655,114,110,4,4
6656,51,57,-6,6
6657,85,81,4,4
6658,61,87,-26,26
6659,74,71,3,3
6660,67,65,2,2
6661,108,107,1,1
6662,132,129,3,3
6663,78,71,7,7
6664,102,112,-10,10
6665,175,148,27,27
6666,140,139,1,1
6667,93,87,6,6
6668,75,85,-10,10
6669,98,95,3,3
6670,98,91,7,7
6671,119,111,8,8
6672,121,148,-27,27
6673,94,94,0,0
6674,117,98,19,19
6675,108,113,-5,5
6676,87,109,-22,22
6677,100,95,5,5
6678,88,82,6,6
6679,86,66,20,20
6680,65,70,-5,5
6681,81,78,3,3
6682,89,83,6,6
6683,114,111,3,3
6684,108,110,-2,2
6685,95,87,8,8
6686,100,99,1,1
6687,98,100,-2,2
6688,88,87,1,1
6689,95,95,0,0
6690,92,91,1,1
6691,161,156,5,5
6692,57,54,3,3
6693,89,89,0,0
6694,67,54,13,13
6695,101,108,-7,7
6696,102,109,-7,7
6697,84,84,0,0
6698,64,61,3,3
6699,127,125,2,2
6700,97,100,-3,3
6701,101,107,-6,6
6702,65,72,-7,7
6703,89,83,6,6
6704,70,67,3,3
6705,67,70,-3,3
6706,169,162,7,7
6707,59,68,-9,9
6708,163,150,13,13
6709,38,43,-5,5
6710,117,113,4,4
6711,53,54,-1,1
6712,52,53,-1,1
6713,120,120,0,0
6714,80,67,13,13
6715,52,57,-5,5
6716,127,148,-21,21
6717,87,98,-11,11
6718,54,84,-30,30
6719,66,60,6,6
6720,98,93,5,5
6721,112,118,-6,6
6722,56,59,-3,3
6723,114,112,2,2
6724,90,87,3,3
6725,87,88,-1,1
6726,58,61,-3,3
6727,118,115,3,3
6728,96,99,-3,3
6729,102,112,-10,10
6730,84,88,-4,4
6731,111,108,3,3
6732,62,66,-4,4
6733,73,67,6,6
6734,69,71,-2,2
6735,133,125,8,8
6736,87,81,6,6
6737,64,65,-1,1
6738,85,90,-5,5
6739,103,94,9,9
6740,86,82,4,4
6741,68,64,4,4
6742,145,146,-1,1
6743,74,67,7,7
6744,91,97,-6,6
6745,102,93,9,9
6746,128,129,-1,1
6747,104,111,-7,7
6748,110,120,-10,10
6749,56,58,-2,2
6750,83,84,-1,1
6751,109,115,-6,6
6752,77,75,2,2
6753,164,145,19,19
6754,137,133,4,4
6755,134,123,11,11
6756,172,166,6,6
6757,116,114,2,2
6758,80,74,6,6
6759,50,55,-5,5
6760,168,155,13,13
6761,68,74,-6,6
6762,88,95,-7,7
6763,48,52,-4,4
6764,60,57,3,3
6765,135,138,-3,3
6766,75,68,7,7
6767,187,179,8,8
6768,78,74,4,4
6769,117,98,19,19
6770,109,115,-6,6
6771,79,74,5,5
6772,80,83,-3,3
6773,72,72,0,0
6774,105,109,-4,4
6775,130,140,-10,10
6776,108,115,-7,7
6777,39,45,-6,6
6778,94,101,-7,7
6779,76,83,-7,7
6780,84,87,-3,3
6781,110,120,-10,10
6782,79,77,2,2
6783,129,112,17,17
6784,66,66,0,0
6785,73,75,-2,2
6786,90,82,8,8
6787,69,72,-3,3
6788,76,69,7,7
6789,96,111,-15,15
6790,113,111,2,2
6791,118,120,-2,2
6792,78,75,3,3
6793,92,87,5,5
6794,96,91,5,5
6795,111,121,-10,10
6796,143,150,-7,7
6797,101,98,3,3
6798,99,102,-3,3
6799,110,121,-11,11
6800,105,110,-5,5
6801,79,80,-1,1
6802,80,88,-8,8
6803,54,52,2,2
6804,86,80,6,6
6805,66,77,-11,11
6806,96,93,3,3
6807,151,150,1,1
6808,78,101,-23,23
6809,82,90,-8,8
6810,93,92,1,1
6811,57,70,-13,13
6812,129,122,7,7
6813,89,88,1,1
6814,83,78,5,5
6815,72,80,-8,8
6816,85,88,-3,3
6817,58,59,-1,1
6818,69,69,0,0
6819,69,83,-14,14
6820,55,49,6,6
6821,114,101,13,13
6822,145,130,15,15
6823,81,88,-7,7
6824,41,54,-13,13
6825,88,108,-20,20
6826,108,112,-4,4
6827,104,105,-1,1
6828,74,66,8,8
6829,111,111,0,0
6830,74,73,1,1
6831,82,80,2,2
6832,129,126,3,3
6833,75,80,-5,5
6834,137,129,8,8
6835,135,133,2,2
6836,93,83,10,10
6837,73,87,-14,14
6838,125,127,-2,2
6839,110,120,-10,10
6840,147,161,-14,14
6841,86,92,-6,6
6842,96,93,3,3
6843,104,100,4,4
6844,110,116,-6,6
6845,80,76,4,4
6846,66,71,-5,5
6847,168,162,6,6
6848,123,137,-14,14
6849,138,142,-4,4
6850,66,65,1,1
6851,66,63,3,3
6852,143,133,10,10
6853,88,80,8,8
6854,76,85,-9,9
6855,143,150,-7,7
6856,108,99,9,9
6857,74,73,1,1
6858,76,73,3,3
6859,59,63,-4,4
6860,87,84,3,3
6861,113,110,3,3
6862,57,57,0,0
6863,56,67,-11,11
6864,102,96,6,6
6865,74,82,-8,8
6866,89,91,-2,2
6867,75,81,-6,6
6868,128,131,-3,3
6869,106,113,-7,7
6870,92,86,6,6
6871,138,142,-4,4
6872,75,73,2,2
6873,103,99,4,4
6874,120,110,10,10
6875,136,125,11,11
6876,72,76,-4,4
6877,128,131,-3,3
6878,128,125,3,3
6879,150,143,7,7
6880,86,82,4,4
6881,85,80,5,5
6882,62,59,3,3
6883,76,77,-1,1
6884,123,122,1,1
6885,64,65,-1,1
6886,116,117,-1,1
6887,62,65,-3,3
6888,81,78,3,3
6889,118,112,6,6
6890,117,116,1,1
6891,123,114,9,9
6892,144,132,12,12
6893,109,110,-1,1
6894,79,78,1,1
6895,97,108,-11,11
6896,87,81,6,6
6897,55,51,4,4
6898,65,68,-3,3
6899,103,108,-5,5
6900,90,77,13,13
6901,87,79,8,8
6902,43,46,-3,3
6903,92,88,4,4
6904,147,150,-3,3
6905,106,107,-1,1
6906,68,74,-6,6
6907,71,67,4,4
6908,97,97,0,0
6909,93,94,-1,1
6910,69,84,-15,15
6911,92,96,-4,4
6912,77,84,-7,7
6913,132,128,4,4
6914,87,91,-4,4
6915,118,112,6,6
6916,58,59,-1,1
6917,43,41,2,2
6918,80,89,-9,9
6919,118,109,9,9
6920,107,120,-13,13
6921,132,131,1,1
6922,86,89,-3,3
6923,114,110,4,4
6924,85,81,4,4
6925,66,72,-6,6
6926,65,67,-2,2
6927,84,87,-3,3
6928,122,116,6,6
6929,74,77,-3,3
6930,154,159,-5,5
6931,93,92,1,1
6932,40,72,-32,32
6933,88,82,6,6
6934,84,90,-6,6
6935,67,62,5,5
6936,113,118,-5,5
6937,110,110,0,0
6938,217,195,22,22
6939,99,105,-6,6
6940,107,113,-6,6
6941,120,120,0,0
6942,116,111,5,5
6943,70,80,-10,10
6944,86,85,1,1
6945,89,95,-6,6
6946,75,73,2,2
6947,72,71,1,1
6948,75,75,0,0
6949,55,64,-9,9
6950,196,196,0,0
6951,114,111,3,3
6952,142,83,59,59
6953,76,80,-4,4
6954,71,64,7,7
6955,80,86,-6,6
6956,81,77,4,4
6957,106,96,10,10
6958,126,123,3,3
6959,114,117,-3,3
6960,90,87,3,3
6961,134,130,4,4
6962,112,112,0,0
6963,86,85,1,1
6964,109,117,-8,8
6965,98,112,-14,14
6966,123,123,0,0
6967,48,45,3,3
6968,89,86,3,3
6969,141,143,-2,2
6970,122,121,1,1
6971,65,70,-5,5
6972,163,150,13,13
6973,106,104,2,2
6974,145,147,-2,2
6975,65,62,3,3
6976,111,92,19,19
6977,110,115,-5,5
6978,40,40,0,0
6979,77,78,-1,1
6980,81,78,3,3
6981,136,129,7,7
6982,124,131,-7,7
6983,107,111,-4,4
6984,83,81,2,2
6985,137,130,7,7
6986,93,98,-5,5
6987,95,98,-3,3
6988,82,92,-10,10
6989,91,90,1,1
6990,139,124,15,15
6991,49,48,1,1
6992,36,42,-6,6
6993,76,68,8,8
6994,57,60,-3,3
6995,128,132,-4,4
6996,77,91,-14,14
6997,86,90,-4,4
6998,144,140,4,4
6999,72,74,-2,2
7000,48,51,-3,3
7001,86,81,5,5
7002,96,89,7,7
7003,67,68,-1,1
7004,65,63,2,2
7005,132,118,14,14
7006,128,121,7,7
7007,115,114,1,1
7008,109,111,-2,2
7009,63,65,-2,2
7010,55,63,-8,8
7011,119,99,20,20
7012,70,66,4,4
7013,125,120,5,5
7014,146,137,9,9
7015,84,83,1,1
7016,120,126,-6,6
7017,83,90,-7,7
7018,68,65,3,3
7019,106,99,7,7
7020,147,127,20,20
7021,81,79,2,2
7022,87,94,-7,7
7023,86,84,2,2
7024,67,73,-6,6
7025,100,91,9,9
7026,81,84,-3,3
7027,70,77,-7,7
7028,94,87,7,7
7029,123,113,10,10
7030,121,116,5,5
7031,71,72,-1,1
7032,73,69,4,4
7033,79,76,3,3
7034,98,104,-6,6
7035,147,118,29,29
7036,86,76,10,10
7037,83,77,6,6
7038,117,113,4,4
7039,93,97,-4,4
7040,44,46,-2,2
7041,68,73,-5,5
7042,74,76,-2,2
7043,76,95,-19,19
7044,96,88,8,8
7045,80,69,11,11
7046,73,80,-7,7
7047,93,87,6,6
7048,48,52,-4,4
7049,85,84,1,1
7050,140,140,0,0
7051,81,84,-3,3
7052,57,54,3,3
7053,93,87,6,6
7054,119,119,0,0
7055,129,140,-11,11
7056,88,80,8,8
7057,101,101,0,0
7058,91,91,0,0
7059,59,57,2,2
7060,109,119,-10,10
7061,89,82,7,7
7062,101,88,13,13
7063,116,110,6,6
7064,86,87,-1,1
7065,113,111,2,2
7066,101,93,8,8
7067,110,116,-6,6
7068,115,142,-27,27
7069,137,144,-7,7
7070,64,74,-10,10
7071,133,123,10,10
7072,80,88,-8,8
7073,61,54,7,7
7074,116,120,-4,4
7075,154,147,7,7
7076,69,69,0,0
7077,123,124,-1,1
7078,63,66,-3,3
7079,99,120,-21,21
7080,52,50,2,2
7081,86,80,6,6
7082,79,76,3,3
7083,97,104,-7,7
7084,68,72,-4,4
7085,79,85,-6,6
7086,82,75,7,7
7087,66,63,3,3
7088,28,28,0,0
7089,54,63,-9,9
7090,76,74,2,2
7091,74,85,-11,11
7092,97,100,-3,3
7093,82,81,1,1
7094,103,105,-2,2
7095,61,56,5,5
7096,69,62,7,7
7097,60,66,-6,6
7098,61,87,-26,26
7099,100,109,-9,9
7100,100,107,-7,7
7101,129,122,7,7
7102,184,166,18,18
7103,119,121,-2,2
7104,91,83,8,8
7105,99,105,-6,6
7106,100,96,4,4
7107,58,67,-9,9
7108,70,71,-1,1
7109,76,86,-10,10
7110,77,77,0,0
7111,70,64,6,6
7112,116,113,3,3
7113,149,144,5,5
7114,124,129,-5,5
7115,139,113,26,26
7116,142,154,-12,12
7117,77,81,-4,4
7118,96,87,9,9
7119,215,186,29,29
7120,70,74,-4,4
7121,118,120,-2,2
7122,89,91,-2,2
7123,106,97,9,9
7124,117,117,0,0
7125,60,63,-3,3
7126,67,70,-3,3
7127,149,152,-3,3
7128,364,414,-50,50
7129,110,109,1,1
7130,106,95,11,11
7131,161,161,0,0
7132,119,133,-14,14
7133,113,145,-32,32
7134,100,103,-3,3
7135,51,57,-6,6
7136,121,119,2,2
7137,108,110,-2,2
7138,107,110,-3,3
7139,62,63,-1,1
7140,84,85,-1,1
7141,93,80,13,13
7142,143,144,-1,1
7143,136,128,8,8
7144,53,62,-9,9
7145,97,99,-2,2
7146,139,144,-5,5
7147,126,130,-4,4
7148,46,55,-9,9
7149,172,172,0,0
7150,101,105,-4,4
7151,89,87,2,2
7152,118,112,6,6
7153,71,75,-4,4
7154,120,124,-4,4
7155,77,78,-1,1
7156,145,134,11,11
7157,45,40,5,5
7158,80,77,3,3
7159,58,63,-5,5
7160,117,114,3,3
7161,91,90,1,1
7162,192,180,12,12
7163,68,67,1,1
7164,71,64,7,7
7165,82,79,3,3
7166,84,83,1,1
7167,70,78,-8,8
7168,47,56,-9,9
7169,95,86,9,9
7170,59,64,-5,5
7171,154,142,12,12
7172,131,124,7,7
7173,98,107,-9,9
7174,38,44,-6,6
7175,86,94,-8,8
7176,55,58,-3,3
7177,40,44,-4,4
7178,119,117,2,2
7179,247,217,30,30
7180,96,98,-2,2
7181,69,73,-4,4
7182,87,95,-8,8
7183,93,96,-3,3
7184,84,84,0,0
7185,127,135,-8,8
7186,106,107,-1,1
7187,62,62,0,0
7188,84,88,-4,4
7189,48,55,-7,7
7190,116,123,-7,7
7191,83,79,4,4
7192,123,126,-3,3
7193,97,87,10,10
7194,119,111,8,8
7195,113,118,-5,5
7196,70,73,-3,3
7197,123,126,-3,3
7198,86,81,5,5
7199,49,58,-9,9
7200,113,114,-1,1
7201,100,97,3,3
7202,131,129,2,2
7203,93,93,0,0
7204,92,83,9,9
7205,73,73,0,0
7206,61,63,-2,2
7207,72,68,4,4
7208,91,86,5,5
7209,86,86,0,0
7210,82,78,4,4
7211,179,176,3,3
7212,121,109,12,12
7213,58,57,1,1
7214,83,76,7,7
7215,100,81,19,19
7216,84,78,6,6
7217,76,72,4,4
7218,83,73,10,10
7219,81,81,0,0
7220,119,119,0,0
7221,160,152,8,8
7222,97,101,-4,4
7223,143,160,-17,17
7224,49,49,0,0
7225,188,170,18,18
7226,79,82,-3,3
7227,62,66,-4,4
7228,71,65,6,6
7229,114,125,-11,11
7230,167,171,-4,4
7231,100,87,13,13
7232,90,80,10,10
7233,106,111,-5,5
7234,129,133,-4,4
7235,81,78,3,3
7236,52,59,-7,7
7237,86,81,5,5
7238,92,107,-15,15
7239,59,63,-4,4
7240,98,107,-9,9
7241,94,90,4,4
7242,173,166,7,7
7243,82,93,-11,11
7244,121,116,5,5
7245,84,77,7,7
7246,44,41,3,3
7247,88,97,-9,9
7248,91,85,6,6
7249,97,92,5,5
7250,46,47,-1,1
7251,114,109,5,5
7252,108,102,6,6
7253,66,64,2,2
7254,71,70,1,1
7255,76,78,-2,2
7256,159,157,2,2
7257,39,45,-6,6
7258,47,54,-7,7
7259,142,120,22,22
7260,124,134,-10,10
7261,109,110,-1,1
7262,110,115,-5,5
7263,59,57,2,2
7264,107,96,11,11
7265,59,57,2,2
7266,93,93,0,0
7267,96,107,-11,11
7268,40,52,-12,12
7269,124,119,5,5
7270,90,74,16,16
7271,52,56,-4,4
7272,95,88,7,7
7273,81,85,-4,4
7274,171,154,17,17
7275,78,66,12,12
7276,97,84,13,13
7277,82,87,-5,5
7278,93,87,6,6
7279,106,112,-6,6
7280,129,119,10,10
7281,110,123,-13,13
7282,28,54,-26,26
7283,152,158,-6,6
7284,113,101,12,12
7285,62,62,0,0
7286,51,52,-1,1
7287,167,169,-2,2
7288,60,53,7,7
7289,176,168,8,8
7290,139,137,2,2
7291,193,189,4,4
7292,78,82,-4,4
7293,76,71,5,5
7294,80,77,3,3
7295,86,106,-20,20
7296,102,94,8,8
7297,51,49,2,2
7298,32,24,8,8
7299,133,114,19,19
7300,160,147,13,13
7301,75,72,3,3
7302,84,77,7,7
7303,85,85,0,0
7304,89,92,-3,3
7305,69,65,4,4
7306,113,111,2,2
7307,69,65,4,4
7308,76,77,-1,1
7309,56,78,-22,22
7310,86,75,11,11
7311,92,102,-10,10
7312,54,56,-2,2
7313,100,91,9,9
7314,37,54,-17,17
7315,140,136,4,4
7316,57,75,-18,18
7317,83,88,-5,5
7318,75,68,7,7
7319,59,58,1,1
7320,99,121,-22,22
7321,108,102,6,6
7322,93,98,-5,5
7323,78,83,-5,5
7324,166,165,1,1
7325,81,81,0,0
7326,80,77,3,3
7327,166,143,23,23
7328,56,53,3,3
7329,108,110,-2,2
7330,88,87,1,1
7331,124,130,-6,6
7332,71,72,-1,1
7333,111,101,10,10
7334,77,91,-14,14
7335,84,80,4,4
7336,85,85,0,0
7337,103,89,14,14
7338,67,74,-7,7
7339,128,120,8,8
7340,54,53,1,1
7341,98,93,5,5
7342,115,132,-17,17
7343,80,81,-1,1
7344,66,62,4,4
7345,84,83,1,1
7346,179,171,8,8
7347,70,73,-3,3
7348,93,96,-3,3
7349,139,154,-15,15
7350,136,129,7,7
7351,173,172,1,1
7352,112,102,10,10
7353,76,84,-8,8
7354,112,118,-6,6
7355,118,132,-14,14
7356,109,107,2,2
7357,101,109,-8,8
7358,105,96,9,9
7359,67,63,4,4
7360,131,123,8,8
7361,41,52,-11,11
7362,49,46,3,3
7363,113,114,-1,1
7364,137,139,-2,2
7365,96,102,-6,6
7366,68,69,-1,1
7367,110,114,-4,4
7368,70,73,-3,3
7369,155,160,-5,5
7370,58,55,3,3
7371,140,150,-10,10
7372,119,126,-7,7
7373,67,69,-2,2
7374,79,80,-1,1
7375,68,72,-4,4
7376,62,60,2,2
7377,48,53,-5,5
7378,104,109,-5,5
7379,67,75,-8,8
7380,63,69,-6,6
7381,70,69,1,1
7382,83,86,-3,3
7383,66,70,-4,4
7384,67,76,-9,9
7385,54,56,-2,2
7386,144,149,-5,5
7387,68,69,-1,1
7388,76,78,-2,2
7389,62,59,3,3
7390,147,134,13,13
7391,80,102,-22,22
7392,53,56,-3,3
7393,73,64,9,9
7394,74,69,5,5
7395,63,67,-4,4
7396,111,115,-4,4
7397,199,179,20,20
7398,90,88,2,2
7399,65,69,-4,4
7400,68,61,7,7
7401,81,83,-2,2
7402,95,92,3,3
7403,83,86,-3,3
7404,99,84,15,15
7405,64,68,-4,4
7406,70,73,-3,3
7407,62,56,6,6
7408,60,64,-4,4
7409,84,87,-3,3
7410,63,65,-2,2
7411,91,94,-3,3
7412,53,70,-17,17
7413,114,113,1,1
7414,102,99,3,3
7415,80,65,15,15
7416,85,94,-9,9
7417,112,119,-7,7
7418,86,84,2,2
7419,61,67,-6,6
7420,118,112,6,6
7421,108,91,17,17
7422,179,161,18,18
7423,87,88,-1,1
7424,185,172,13,13
7425,91,89,2,2
7426,73,75,-2,2
7427,63,54,9,9
7428,159,147,12,12
7429,146,143,3,3
7430,75,81,-6,6
7431,73,76,-3,3
7432,107,99,8,8
7433,93,87,6,6
7434,89,97,-8,8
7435,82,95,-13,13
7436,79,73,6,6
7437,50,58,-8,8
7438,69,73,-4,4
7439,89,91,-2,2
7440,145,148,-3,3
7441,84,88,-4,4
7442,115,123,-8,8
7443,103,120,-17,17
7444,90,97,-7,7
7445,57,53,4,4
7446,118,108,10,10
7447,99,100,-1,1
7448,124,117,7,7
7449,102,115,-13,13
7450,97,96,1,1
7451,64,58,6,6
7452,78,73,5,5
7453,121,124,-3,3
7454,163,155,8,8
7455,63,61,2,2
7456,53,61,-8,8
7457,71,70,1,1
7458,79,78,1,1
7459,102,109,-7,7
7460,130,125,5,5
7461,114,112,2,2
7462,118,128,-10,10
7463,93,95,-2,2
7464,78,73,5,5
7465,87,86,1,1
7466,107,96,11,11
7467,105,98,7,7
7468,135,140,-5,5
7469,64,62,2,2
7470,80,73,7,7
7471,79,85,-6,6
7472,156,158,-2,2
7473,123,129,-6,6
7474,81,88,-7,7
7475,91,92,-1,1
7476,184,165,19,19
7477,62,70,-8,8
7478,76,84,-8,8
7479,112,111,1,1
7480,60,67,-7,7
7481,103,97,6,6
7482,83,86,-3,3
7483,69,72,-3,3
7484,206,194,12,12
7485,78,81,-3,3
7486,82,72,10,10
7487,81,82,-1,1
7488,39,40,-1,1
7489,109,112,-3,3
7490,32,61,-29,29
7491,65,75,-10,10
7492,88,86,2,2
7493,94,97,-3,3
7494,87,91,-4,4
7495,74,72,2,2
7496,88,83,5,5
7497,103,113,-10,10
7498,72,62,10,10
7499,83,85,-2,2
7500,197,209,-12,12
7501,41,45,-4,4
7502,76,76,0,0
7503,129,116,13,13
7504,40,60,-20,20
7505,136,141,-5,5
7506,62,61,1,1
7507,66,64,2,2
7508,106,120,-14,14
7509,62,63,-1,1
7510,109,108,1,1
7511,136,127,9,9
7512,100,95,5,5
7513,160,153,7,7
7514,105,103,2,2
7515,122,116,6,6
7516,98,98,0,0
7517,78,75,3,3
7518,75,78,-3,3
7519,67,69,-2,2
7520,56,60,-4,4
7521,60,60,0,0
7522,38,37,1,1
7523,53,57,-4,4
7524,57,68,-11,11
7525,113,111,2,2
7526,83,77,6,6
7527,81,73,8,8
7528,136,140,-4,4
7529,78,71,7,7
7530,89,82,7,7
7531,86,89,-3,3
7532,68,72,-4,4
7533,156,156,0,0
7534,85,81,4,4
7535,126,124,2,2
7536,57,67,-10,10
7537,114,117,-3,3
7538,113,107,6,6
7539,75,81,-6,6
7540,130,122,8,8
7541,79,62,17,17
7542,112,110,2,2
7543,120,122,-2,2
7544,76,80,-4,4
7545,86,81,5,5
7546,60,60,0,0
7547,52,57,-5,5
7548,80,72,8,8
7549,136,129,7,7
7550,71,76,-5,5
7551,152,153,-1,1
7552,59,65,-6,6
7553,88,80,8,8
7554,71,67,4,4
7555,71,66,5,5
7556,88,94,-6,6
7557,44,51,-7,7
7558,95,102,-7,7
7559,99,96,3,3
7560,74,82,-8,8
7561,148,138,10,10
7562,74,70,4,4
7563,103,89,14,14
7564,70,62,8,8
7565,128,119,9,9
7566,70,66,4,4
7567,69,71,-2,2
7568,95,69,26,26
7569,125,125,0,0
7570,87,91,-4,4
7571,130,132,-2,2
7572,105,123,-18,18
7573,96,88,8,8
7574,90,89,1,1
7575,52,53,-1,1
7576,77,92,-15,15
7577,143,139,4,4
7578,97,111,-14,14
7579,81,82,-1,1
7580,55,53,2,2
7581,122,129,-7,7
7582,59,63,-4,4
7583,106,109,-3,3
7584,146,126,20,20
7585,62,62,0,0
7586,122,119,3,3
7587,166,157,9,9
7588,76,71,5,5
7589,82,89,-7,7
7590,114,113,1,1
7591,113,123,-10,10
7592,94,93,1,1
7593,113,115,-2,2
7594,79,82,-3,3
7595,106,108,-2,2
7596,123,123,0,0
7597,118,111,7,7
7598,80,74,6,6
7599,94,91,3,3
7600,89,83,6,6
7601,64,57,7,7
7602,113,116,-3,3
7603,137,132,5,5
7604,53,108,-55,55
7605,133,132,1,1
7606,65,92,-27,27
7607,78,86,-8,8
7608,40,43,-3,3
7609,60,63,-3,3
7610,52,54,-2,2
7611,136,133,3,3
7612,155,154,1,1
7613,94,98,-4,4
7614,75,77,-2,2
7615,36,41,-5,5
7616,132,124,8,8
7617,117,114,3,3
7618,136,149,-13,13
7619,141,127,14,14
7620,65,67,-2,2
7621,96,79,17,17
7622,68,60,8,8
7623,144,127,17,17
7624,148,143,5,5
7625,117,120,-3,3
7626,60,66,-6,6
7627,98,96,2,2
7628,114,111,3,3
7629,139,122,17,17
7630,109,101,8,8
7631,69,78,-9,9
7632,105,99,6,6
7633,116,103,13,13
7634,72,67,5,5
7635,74,94,-20,20
7636,102,109,-7,7
7637,62,55,7,7
7638,36,34,2,2
7639,94,87,7,7
7640,78,79,-1,1
7641,150,140,10,10
7642,81,79,2,2
7643,154,155,-1,1
7644,115,121,-6,6
7645,44,55,-11,11
7646,88,90,-2,2
7647,80,76,4,4
7648,75,70,5,5
7649,58,56,2,2
7650,124,124,0,0
7651,90,87,3,3
7652,117,110,7,7
7653,93,86,7,7
7654,133,129,4,4
7655,71,66,5,5
7656,82,84,-2,2
7657,66,70,-4,4
7658,69,70,-1,1
7659,112,109,3,3
7660,114,109,5,5
7661,81,70,11,11
7662,110,115,-5,5
7663,76,73,3,3
7664,97,99,-2,2
7665,83,83,0,0
7666,73,74,-1,1
7667,109,110,-1,1
7668,67,66,1,1
7669,101,110,-9,9
7670,74,70,4,4
7671,122,118,4,4
7672,51,59,-8,8
7673,80,89,-9,9
7674,118,114,4,4
7675,87,79,8,8
7676,84,79,5,5
7677,135,123,12,12
7678,51,98,-47,47
7679,121,109,12,12
7680,60,61,-1,1
7681,150,148,2,2
7682,41,46,-5,5
7683,55,54,1,1
7684,149,131,18,18
7685,136,137,-1,1
7686,121,103,18,18
7687,121,120,1,1
7688,50,63,-13,13
7689,61,57,4,4
7690,129,123,6,6
7691,83,94,-11,11
7692,83,98,-15,15
7693,77,72,5,5
7694,110,100,10,10
7695,110,92,18,18
7696,108,118,-10,10
7697,95,99,-4,4
7698,91,85,6,6
7699,99,92,7,7
7700,105,108,-3,3
7701,104,128,-24,24
7702,82,85,-3,3
7703,68,67,1,1
7704,77,77,0,0
7705,103,96,7,7
7706,87,86,1,1
7707,55,55,0,0
7708,94,91,3,3
7709,67,65,2,2
7710,75,89,-14,14
7711,137,138,-1,1
7712,69,70,-1,1
7713,67,69,-2,2
7714,77,88,-11,11
7715,68,71,-3,3
7716,117,115,2,2
7717,109,114,-5,5
7718,164,147,17,17
7719,102,118,-16,16
7720,77,83,-6,6
7721,71,89,-18,18
7722,71,76,-5,5
7723,146,131,15,15
7724,40,37,3,3
7725,121,115,6,6
7726,86,78,8,8
7727,99,101,-2,2
7728,68,72,-4,4
7729,89,76,13,13
7730,71,74,-3,3
7731,72,72,0,0
7732,49,47,2,2
7733,155,123,32,32
7734,145,148,-3,3
7735,102,110,-8,8
7736,131,130,1,1
7737,101,86,15,15
7738,61,64,-3,3
7739,108,112,-4,4
7740,62,67,-5,5
7741,93,91,2,2
7742,84,80,4,4
7743,56,94,-38,38
7744,143,135,8,8
7745,145,138,7,7
7746,103,95,8,8
7747,88,90,-2,2
7748,96,93,3,3
7749,63,64,-1,1
7750,88,90,-2,2
7751,50,62,-12,12
7752,106,110,-4,4
7753,89,75,14,14
7754,101,112,-11,11
7755,134,126,8,8
7756,91,86,5,5
7757,134,146,-12,12
7758,79,83,-4,4
7759,161,152,9,9
7760,127,128,-1,1
7761,88,90,-2,2
7762,61,65,-4,4
7763,60,74,-14,14
7764,102,92,10,10
7765,140,146,-6,6
7766,69,72,-3,3
7767,101,113,-12,12
7768,175,170,5,5
7769,129,144,-15,15
7770,115,116,-1,1
7771,88,100,-12,12
7772,79,79,0,0
7773,102,109,-7,7
7774,43,44,-1,1
7775,97,96,1,1
7776,132,141,-9,9
7777,58,57,1,1
7778,89,95,-6,6
7779,90,96,-6,6
7780,98,110,-12,12
7781,102,108,-6,6
7782,88,88,0,0
7783,106,103,3,3
7784,99,99,0,0
7785,151,144,7,7
7786,111,90,21,21
7787,65,63,2,2
7788,71,74,-3,3
7789,79,95,-16,16
7790,65,64,1,1
7791,136,128,8,8
7792,151,155,-4,4
7793,108,110,-2,2
7794,121,113,8,8
7795,54,63,-9,9
7796,96,103,-7,7
7797,98,90,8,8
7798,62,68,-6,6
7799,78,84,-6,6
7800,97,99,-2,2
7801,80,77,3,3
7802,65,68,-3,3
7803,74,77,-3,3
7804,118,120,-2,2
7805,109,100,9,9
7806,99,98,1,1
7807,78,85,-7,7
7808,59,71,-12,12
7809,84,88,-4,4
7810,108,113,-5,5
7811,89,93,-4,4
7812,119,109,10,10
7813,182,165,17,17
7814,133,115,18,18
7815,90,95,-5,5
7816,144,157,-13,13
7817,109,108,1,1
7818,154,142,12,12
7819,54,56,-2,2
7820,59,66,-7,7
7821,120,120,0,0
7822,113,122,-9,9
7823,90,87,3,3
7824,119,110,9,9
7825,72,74,-2,2
7826,173,166,7,7
7827,252,241,11,11
7828,123,136,-13,13
7829,178,167,11,11
7830,207,189,18,18
7831,86,91,-5,5
7832,61,57,4,4
7833,82,87,-5,5
7834,77,77,0,0
7835,90,87,3,3
7836,85,102,-17,17
7837,133,143,-10,10
7838,67,70,-3,3
7839,71,80,-9,9
7840,118,129,-11,11
7841,168,164,4,4
7842,101,108,-7,7
7843,126,117,9,9
7844,127,125,2,2
7845,197,183,14,14
7846,67,68,-1,1
7847,59,57,2,2
7848,139,135,4,4
7849,84,87,-3,3
7850,75,75,0,0
7851,124,125,-1,1
7852,61,65,-4,4
7853,78,75,3,3
7854,102,90,12,12
7855,50,46,4,4
7856,72,84,-12,12
7857,98,110,-12,12
7858,109,109,0,0
7859,97,89,8,8
7860,79,74,5,5
7861,73,71,2,2
7862,114,107,7,7
7863,118,115,3,3
7864,101,104,-3,3
7865,103,103,0,0
7866,49,53,-4,4
7867,49,55,-6,6
7868,37,46,-9,9
7869,121,122,-1,1
7870,69,72,-3,3
7871,126,129,-3,3
7872,91,89,2,2
7873,119,114,5,5
7874,105,107,-2,2
7875,129,129,0,0
7876,83,78,5,5
7877,99,97,2,2
7878,106,114,-8,8
7879,67,62,5,5
7880,132,131,1,1
7881,110,98,12,12
7882,72,70,2,2
7883,126,124,2,2
7884,129,144,-15,15
7885,74,73,1,1
7886,131,128,3,3
7887,97,98,-1,1
7888,118,124,-6,6
7889,124,122,2,2
7890,66,74,-8,8
7891,99,109,-10,10
7892,93,90,3,3
7893,169,168,1,1
7894,109,118,-9,9
7895,194,176,18,18
7896,131,125,6,6
7897,67,70,-3,3
7898,102,103,-1,1
7899,126,124,2,2
7900,166,172,-6,6
7901,52,60,-8,8
7902,129,144,-15,15
7903,175,168,7,7
7904,77,70,7,7
7905,52,49,3,3
7906,73,66,7,7
7907,97,98,-1,1
7908,49,51,-2,2
7909,112,111,1,1
7910,108,116,-8,8
7911,91,82,9,9
7912,84,111,-27,27
7913,35,47,-12,12
7914,182,191,-9,9
7915,61,64,-3,3
7916,61,53,8,8
7917,79,81,-2,2
7918,55,59,-4,4
7919,64,68,-4,4
7920,142,135,7,7
7921,66,65,1,1
7922,74,81,-7,7
7923,150,144,6,6
7924,99,97,2,2
7925,106,114,-8,8
7926,72,80,-8,8
7927,121,117,4,4
7928,114,115,-1,1
7929,75,73,2,2
7930,65,70,-5,5
7931,116,118,-2,2
7932,99,96,3,3
7933,199,186,13,13
7934,60,57,3,3
7935,67,63,4,4
7936,81,80,1,1
7937,178,137,41,41
7938,70,79,-9,9
7939,131,121,10,10
7940,149,138,11,11
7941,70,70,0,0
7942,97,109,-12,12
7943,104,92,12,12
7944,73,71,2,2
7945,74,82,-8,8
7946,87,97,-10,10
7947,112,114,-2,2
7948,126,120,6,6
7949,86,109,-23,23
7950,134,128,6,6
7951,117,98,19,19
7952,61,64,-3,3
7953,71,81,-10,10
7954,80,91,-11,11
7955,63,64,-1,1
7956,70,66,4,4
7957,63,75,-12,12
7958,46,49,-3,3
7959,59,62,-3,3
7960,89,91,-2,2
7961,134,130,4,4
7962,113,115,-2,2
7963,73,87,-14,14
7964,122,115,7,7
7965,59,62,-3,3
7966,142,150,-8,8
7967,175,170,5,5
7968,61,57,4,4
7969,142,158,-16,16
7970,68,59,9,9
7971,51,58,-7,7
7972,94,98,-4,4
7973,104,95,9,9
7974,85,79,6,6
7975,155,161,-6,6
7976,157,169,-12,12
7977,115,114,1,1
7978,94,98,-4,4
7979,86,91,-5,5
7980,115,128,-13,13
7981,85,83,2,2
7982,106,102,4,4
7983,64,63,1,1
7984,38,77,-39,39
7985,51,55,-4,4
7986,106,110,-4,4
7987,101,110,-9,9
7988,46,56,-10,10
7989,85,79,6,6
7990,104,104,0,0
7991,95,100,-5,5
7992,130,123,7,7
7993,151,145,6,6
7994,57,56,1,1
7995,93,95,-2,2
7996,69,66,3,3
7997,39,35,4,4
7998,76,82,-6,6
7999,84,75,9,9
8000,41,42,-1,1
8001,45,53,-8,8
8002,68,72,-4,4
8003,82,81,1,1
8004,68,74,-6,6
8005,73,67,6,6
8006,49,63,-14,14
8007,93,89,4,4
8008,75,71,4,4
8009,85,79,6,6
8010,103,108,-5,5
8011,129,128,1,1
8012,116,118,-2,2
8013,77,81,-4,4
8014,83,80,3,3
8015,104,93,11,11
8016,124,114,10,10
8017,89,90,-1,1
8018,88,101,-13,13
8019,49,62,-13,13
8020,104,110,-6,6
8021,107,108,-1,1
8022,125,126,-1,1
8023,57,64,-7,7
8024,104,98,6,6
8025,51,70,-19,19
8026,86,83,3,3
8027,96,107,-11,11
8028,190,188,2,2
8029,84,88,-4,4
8030,105,110,-5,5
8031,94,92,2,2
8032,74,71,3,3
8033,100,93,7,7
8034,126,121,5,5
8035,73,72,1,1
8036,83,87,-4,4
8037,141,133,8,8
8038,124,126,-2,2
8039,79,88,-9,9
8040,135,131,4,4
8041,81,75,6,6
8042,137,138,-1,1
8043,75,80,-5,5
8044,54,64,-10,10
8045,102,101,1,1
8046,157,141,16,16
8047,93,92,1,1
8048,155,141,14,14
8049,71,67,4,4
8050,109,99,10,10
8051,60,61,-1,1
8052,57,70,-13,13
8053,113,113,0,0
8054,130,133,-3,3
8055,71,80,-9,9
8056,92,88,4,4
8057,148,127,21,21
8058,117,109,8,8
8059,68,69,-1,1
8060,161,150,11,11
8061,85,84,1,1
8062,65,60,5,5
8063,43,47,-4,4
8064,102,100,2,2
8065,69,63,6,6
8066,185,181,4,4
8067,133,130,3,3
8068,104,108,-4,4
8069,105,108,-3,3
8070,120,113,7,7
8071,85,81,4,4
8072,73,59,14,14
8073,158,166,-8,8
8074,76,74,2,2
8075,87,68,19,19
8076,148,131,17,17
8077,85,88,-3,3
8078,98,85,13,13
8079,66,71,-5,5
8080,100,99,1,1
8081,110,113,-3,3
8082,86,89,-3,3
8083,119,127,-8,8
8084,75,73,2,2
8085,110,126,-16,16
8086,69,74,-5,5
8087,127,113,14,14
8088,98,93,5,5
8089,116,125,-9,9
8090,65,66,-1,1
8091,94,94,0,0
8092,58,57,1,1
8093,68,83,-15,15
8094,118,114,4,4
8095,27,26,1,1
8096,74,72,2,2
8097,81,82,-1,1
8098,98,91,7,7
8099,56,64,-8,8
8100,101,99,2,2
8101,128,121,7,7
8102,104,110,-6,6
8103,69,64,5,5
8104,130,115,15,15
8105,121,124,-3,3
8106,42,89,-47,47
8107,89,96,-7,7
8108,71,64,7,7
8109,129,119,10,10
8110,59,68,-9,9
8111,101,105,-4,4
8112,102,109,-7,7
8113,109,114,-5,5
8114,94,90,4,4
8115,108,113,-5,5
8116,102,96,6,6
8117,89,92,-3,3
8118,121,126,-5,5
8119,122,131,-9,9
8120,67,72,-5,5
8121,51,62,-11,11
8122,89,86,3,3
8123,88,94,-6,6
8124,131,113,18,18
8125,103,100,3,3
8126,151,179,-28,28
8127,134,143,-9,9
8128,108,111,-3,3
8129,92,93,-1,1
8130,65,61,4,4
8131,81,81,0,0
8132,68,80,-12,12
8133,91,90,1,1
8134,114,109,5,5
8135,48,62,-14,14
8136,102,110,-8,8
8137,149,150,-1,1
8138,108,110,-2,2
8139,60,63,-3,3
8140,103,111,-8,8
8141,65,68,-3,3
8142,119,123,-4,4
8143,104,114,-10,10
8144,64,58,6,6
8145,48,53,-5,5
8146,55,58,-3,3
8147,75,81,-6,6
8148,44,55,-11,11
8149,73,81,-8,8
8150,54,57,-3,3
8151,54,57,-3,3
8152,52,55,-3,3
8153,95,85,10,10
8154,66,73,-7,7
8155,85,101,-16,16
8156,75,64,11,11
8157,95,102,-7,7
8158,95,88,7,7
8159,36,40,-4,4
8160,79,82,-3,3
8161,123,122,1,1
8162,81,74,7,7
8163,176,158,18,18
8164,60,52,8,8
8165,61,72,-11,11
8166,140,127,13,13
8167,127,122,5,5
8168,96,96,0,0
8169,99,90,9,9
8170,108,97,11,11
8171,58,59,-1,1
8172,51,61,-10,10
8173,95,90,5,5
8174,58,75,-17,17
8175,76,71,5,5
8176,116,111,5,5
8177,108,98,10,10
8178,168,156,12,12
8179,27,38,-11,11
8180,145,130,15,15
8181,53,58,-5,5
8182,67,67,0,0
8183,92,89,3,3
8184,78,75,3,3
8185,113,117,-4,4
8186,141,143,-2,2
8187,136,126,10,10
8188,103,111,-8,8
8189,86,83,3,3
8190,195,192,3,3
8191,75,71,4,4
8192,63,65,-2,2
8193,66,69,-3,3
8194,127,130,-3,3
8195,122,115,7,7
8196,54,99,-45,45
8197,101,108,-7,7
8198,93,79,14,14
8199,64,67,-3,3
8200,108,113,-5,5
8201,111,110,1,1
8202,77,68,9,9
8203,154,149,5,5
8204,94,82,12,12
8205,84,84,0,0
8206,76,88,-12,12
8207,87,83,4,4
8208,126,118,8,8
8209,82,81,1,1
8210,82,86,-4,4
8211,80,78,2,2
8212,126,127,-1,1
8213,64,67,-3,3
8214,142,125,17,17
8215,143,138,5,5
8216,127,141,-14,14
8217,76,77,-1,1
8218,57,70,-13,13
8219,109,97,12,12
8220,141,135,6,6
8221,129,121,8,8
8222,114,109,5,5
8223,83,83,0,0
8224,149,146,3,3
8225,47,53,-6,6
8226,88,89,-1,1
8227,88,85,3,3
8228,105,109,-4,4
8229,93,104,-11,11
8230,109,95,14,14
8231,87,82,5,5
8232,43,39,4,4
8233,81,75,6,6
8234,101,85,16,16
8235,80,71,9,9
8236,112,112,0,0
8237,92,99,-7,7
8238,102,101,1,1
8239,71,68,3,3
8240,166,157,9,9
8241,98,92,6,6
8242,129,117,12,12
8243,79,84,-5,5
8244,109,102,7,7
8245,145,137,8,8
8246,166,155,11,11
8247,76,83,-7,7
8248,46,48,-2,2
8249,113,110,3,3
8250,75,86,-11,11
8251,86,74,12,12
8252,76,78,-2,2
8253,88,93,-5,5
8254,67,75,-8,8
8255,100,97,3,3
8256,71,79,-8,8
8257,59,64,-5,5
8258,181,171,10,10
8259,56,57,-1,1
8260,114,96,18,18
8261,92,94,-2,2
8262,100,100,0,0
8263,75,92,-17,17
8264,188,173,15,15
8265,51,52,-1,1
8266,84,92,-8,8
8267,171,186,-15,15
8268,66,62,4,4
8269,92,87,5,5
8270,122,124,-2,2
8271,40,51,-11,11
8272,87,88,-1,1
8273,122,119,3,3
8274,98,91,7,7
8275,96,92,4,4
8276,120,114,6,6
8277,82,85,-3,3
8278,88,84,4,4
8279,60,64,-4,4
8280,83,82,1,1
8281,81,71,10,10
8282,151,151,0,0
8283,187,180,7,7
8284,98,110,-12,12
8285,95,88,7,7
8286,77,77,0,0
8287,144,141,3,3
8288,81,83,-2,2
8289,91,92,-1,1
8290,149,148,1,1
8291,99,116,-17,17
8292,96,85,11,11
8293,129,135,-6,6
8294,63,62,1,1
8295,86,82,4,4
8296,64,71,-7,7
8297,74,65,9,9
8298,93,92,1,1
8299,85,82,3,3
8300,248,224,24,24
8301,91,93,-2,2
8302,58,60,-2,2
8303,93,87,6,6
8304,93,97,-4,4
8305,55,59,-4,4
8306,102,108,-6,6
8307,107,98,9,9
8308,79,80,-1,1
8309,84,81,3,3
8310,95,92,3,3
8311,110,109,1,1
8312,80,76,4,4
8313,44,40,4,4
8314,96,95,1,1
8315,59,67,-8,8
8316,109,111,-2,2
8317,198,192,6,6
8318,81,91,-10,10
8319,119,116,3,3
8320,106,109,-3,3
8321,114,100,14,14
8322,51,58,-7,7
8323,110,111,-1,1
8324,112,116,-4,4
8325,99,103,-4,4
8326,80,74,6,6
8327,59,70,-11,11
8328,110,118,-8,8
8329,125,113,12,12
8330,137,126,11,11
8331,73,76,-3,3
8332,190,182,8,8
8333,137,141,-4,4
8334,46,50,-4,4
8335,124,127,-3,3
8336,87,83,4,4
8337,114,109,5,5
8338,83,83,0,0
8339,85,86,-1,1
8340,142,161,-19,19
8341,108,98,10,10
8342,129,131,-2,2
8343,107,95,12,12
8344,109,114,-5,5
8345,144,146,-2,2
8346,76,77,-1,1
8347,38,54,-16,16
8348,157,156,1,1
8349,55,57,-2,2
8350,99,106,-7,7
8351,153,143,10,10
8352,74,71,3,3
8353,74,76,-2,2
8354,78,77,1,1
8355,74,82,-8,8
8356,94,90,4,4
8357,112,102,10,10
8358,141,146,-5,5
8359,82,75,7,7
8360,160,163,-3,3
8361,103,108,-5,5
8362,110,108,2,2
8363,42,52,-10,10
8364,69,72,-3,3
8365,59,51,8,8
8366,98,95,3,3
8367,75,68,7,7
8368,58,60,-2,2
8369,74,68,6,6
8370,108,113,-5,5
8371,66,76,-10,10
8372,105,95,10,10
8373,46,62,-16,16
8374,55,56,-1,1
8375,71,67,4,4
8376,115,112,3,3
8377,88,79,9,9
8378,47,45,2,2
8379,174,166,8,8
8380,94,88,6,6
8381,74,73,1,1
8382,84,81,3,3
8383,85,76,9,9
8384,65,57,8,8
8385,39,38,1,1
8386,118,110,8,8
8387,101,96,5,5
8388,78,81,-3,3
8389,97,114,-17,17
8390,104,100,4,4
8391,98,93,5,5
8392,81,95,-14,14
8393,112,110,2,2
8394,98,96,2,2
8395,96,108,-12,12
8396,53,50,3,3
8397,67,81,-14,14
8398,70,75,-5,5
8399,114,103,11,11
8400,104,111,-7,7
8401,65,70,-5,5
8402,80,62,18,18
8403,96,76,20,20
8404,70,65,5,5
8405,105,107,-2,2
8406,100,86,14,14
8407,160,147,13,13
8408,91,97,-6,6
8409,100,102,-2,2
8410,119,101,18,18
8411,65,69,-4,4
8412,99,103,-4,4
8413,172,142,30,30
8414,83,80,3,3
8415,85,75,10,10
8416,69,66,3,3
8417,59,64,-5,5
8418,93,96,-3,3
8419,81,80,1,1
8420,75,76,-1,1
8421,62,60,2,2
8422,115,106,9,9
8423,107,142,-35,35
8424,105,102,3,3
8425,51,55,-4,4
8426,76,83,-7,7
8427,88,92,-4,4
8428,145,143,2,2
8429,114,117,-3,3
8430,38,43,-5,5
8431,133,133,0,0
8432,74,72,2,2
8433,119,117,2,2
8434,96,92,4,4
8435,143,129,14,14
8436,60,61,-1,1
8437,130,118,12,12
8438,120,109,11,11
8439,122,140,-18,18
8440,113,110,3,3
8441,68,75,-7,7
8442,98,92,6,6
8443,143,125,18,18
8444,77,71,6,6
8445,92,95,-3,3
8446,61,61,0,0
8447,74,80,-6,6
8448,94,82,12,12
8449,102,100,2,2
8450,118,117,1,1
8451,119,119,0,0
8452,193,180,13,13
8453,95,98,-3,3
8454,89,90,-1,1
8455,129,123,6,6
8456,124,117,7,7
8457,84,81,3,3
8458,76,76,0,0
8459,55,57,-2,2
8460,143,138,5,5
8461,134,119,15,15
8462,88,89,-1,1
8463,132,133,-1,1
8464,114,100,14,14
8465,71,68,3,3
8466,79,72,7,7
8467,101,99,2,2
8468,134,138,-4,4
8469,61,39,22,22
8470,81,78,3,3
8471,107,113,-6,6
8472,86,82,4,4
8473,83,82,1,1
8474,94,96,-2,2
8475,102,106,-4,4
8476,110,127,-17,17
8477,137,140,-3,3
8478,56,70,-14,14
8479,134,126,8,8
8480,80,87,-7,7
8481,46,49,-3,3
8482,111,115,-4,4
8483,112,105,7,7
8484,121,121,0,0
8485,113,111,2,2
8486,91,97,-6,6
8487,47,55,-8,8
8488,65,64,1,1
8489,56,66,-10,10
8490,83,89,-6,6
8491,85,94,-9,9
8492,102,96,6,6
8493,80,83,-3,3
8494,110,109,1,1
8495,141,147,-6,6
8496,90,92,-2,2
8497,73,70,3,3
8498,60,59,1,1
8499,178,149,29,29
8500,124,136,-12,12
8501,108,104,4,4
8502,100,101,-1,1
8503,78,80,-2,2
8504,115,121,-6,6
8505,127,135,-8,8
8506,47,46,1,1
8507,58,57,1,1
8508,151,138,13,13
8509,104,94,10,10
8510,56,68,-12,12
8511,79,85,-6,6
8512,67,69,-2,2
8513,109,112,-3,3
8514,83,73,10,10
8515,101,72,29,29
8516,78,84,-6,6
8517,101,131,-30,30
8518,64,71,-7,7
8519,69,67,2,2
8520,81,80,1,1
8521,185,177,8,8
8522,89,79,10,10
8523,137,123,14,14
8524,98,91,7,7
8525,185,173,12,12
8526,62,80,-18,18
8527,135,131,4,4
8528,140,133,7,7
8529,166,174,-8,8
8530,68,69,-1,1
8531,100,110,-10,10
8532,122,135,-13,13
8533,105,104,1,1
8534,129,129,0,0
8535,117,114,3,3
8536,74,77,-3,3
8537,91,86,5,5
8538,96,94,2,2
8539,96,96,0,0
8540,76,84,-8,8
8541,106,98,8,8
8542,71,68,3,3
8543,43,46,-3,3
8544,88,82,6,6
8545,79,90,-11,11
8546,104,96,8,8
8547,82,82,0,0
8548,112,117,-5,5
8549,104,109,-5,5
8550,55,56,-1,1
8551,90,90,0,0
8552,47,59,-12,12
8553,111,97,14,14
8554,127,124,3,3
8555,67,74,-7,7
8556,163,151,12,12
8557,154,157,-3,3
8558,63,66,-3,3
8559,50,56,-6,6
8560,56,66,-10,10
8561,104,112,-8,8
8562,80,86,-6,6
8563,83,78,5,5
8564,64,69,-5,5
8565,55,55,0,0
8566,84,75,9,9
8567,130,128,2,2
8568,85,87,-2,2
8569,109,108,1,1
8570,153,133,20,20
8571,104,104,0,0
8572,129,125,4,4
8573,106,99,7,7
8574,173,172,1,1
8575,93,92,1,1
8576,93,88,5,5
8577,99,96,3,3
8578,66,68,-2,2
8579,98,95,3,3
8580,110,136,-26,26
8581,50,62,-12,12
8582,104,108,-4,4
8583,110,102,8,8
8584,60,75,-15,15
8585,102,98,4,4
8586,87,82,5,5
8587,133,134,-1,1
8588,133,133,0,0
8589,122,109,13,13
8590,92,87,5,5
8591,139,136,3,3
8592,52,51,1,1
8593,83,98,-15,15
8594,91,88,3,3
8595,65,67,-2,2
8596,113,117,-4,4
8597,77,81,-4,4
8598,161,149,12,12
8599,92,93,-1,1
8600,180,159,21,21
8601,77,76,1,1
8602,109,109,0,0
8603,81,82,-1,1
8604,98,108,-10,10
8605,54,52,2,2
8606,126,122,4,4
8607,91,94,-3,3
8608,77,82,-5,5
8609,124,120,4,4
8610,78,82,-4,4
8611,189,161,28,28
8612,80,77,3,3
8613,159,141,18,18
8614,73,79,-6,6
8615,90,98,-8,8
8616,62,69,-7,7
8617,90,89,1,1
8618,134,140,-6,6
8619,121,102,19,19
8620,87,86,1,1
8621,59,61,-2,2
8622,89,100,-11,11
8623,105,108,-3,3
8624,97,92,5,5
8625,110,105,5,5
8626,141,123,18,18
8627,85,84,1,1
8628,132,132,0,0
8629,89,89,0,0
8630,75,83,-8,8
8631,81,76,5,5
8632,77,66,11,11
8633,104,99,5,5
8634,132,146,-14,14
8635,136,126,10,10
8636,82,83,-1,1
8637,85,88,-3,3
8638,76,78,-2,2
8639,109,127,-18,18
8640,51,57,-6,6
8641,85,93,-8,8
8642,58,61,-3,3
8643,161,161,0,0
8644,85,89,-4,4
8645,61,54,7,7
8646,82,85,-3,3
8647,114,118,-4,4
8648,113,110,3,3
8649,82,80,2,2
8650,128,125,3,3
8651,113,115,-2,2
8652,61,71,-10,10
8653,85,75,10,10
8654,112,109,3,3
8655,76,82,-6,6
8656,89,87,2,2
8657,142,134,8,8
8658,81,80,1,1
8659,143,140,3,3
8660,94,89,5,5
8661,134,111,23,23
8662,59,56,3,3
8663,55,62,-7,7
8664,75,84,-9,9
8665,87,92,-5,5
8666,69,57,12,12
8667,104,102,2,2
8668,57,49,8,8
8669,68,66,2,2
8670,169,160,9,9
8671,114,119,-5,5
8672,92,89,3,3
8673,97,87,10,10
8674,121,119,2,2
8675,89,72,17,17
8676,116,119,-3,3
8677,93,100,-7,7
8678,116,105,11,11
8679,125,131,-6,6
8680,82,111,-29,29
8681,50,47,3,3
8682,46,61,-15,15
8683,45,52,-7,7
8684,120,121,-1,1
8685,93,90,3,3
8686,102,108,-6,6
8687,126,124,2,2
8688,108,127,-19,19
8689,110,109,1,1
8690,101,99,2,2
8691,73,75,-2,2
8692,58,56,2,2
8693,113,109,4,4
8694,136,145,-9,9
8695,64,64,0,0
8696,125,158,-33,33
8697,88,78,10,10
8698,92,88,4,4
8699,106,101,5,5
8700,90,108,-18,18
8701,85,79,6,6
8702,80,76,4,4
8703,110,108,2,2
8704,80,81,-1,1
8705,117,115,2,2
8706,47,55,-8,8
8707,112,109,3,3
8708,84,85,-1,1
8709,116,112,4,4
8710,61,69,-8,8
8711,82,76,6,6
8712,164,142,22,22
8713,125,123,2,2
8714,80,81,-1,1
8715,66,69,-3,3
8716,61,66,-5,5
8717,82,107,-25,25
8718,81,85,-4,4
8719,143,130,13,13
8720,145,128,17,17
8721,75,71,4,4
8722,60,82,-22,22
8723,86,91,-5,5
8724,99,104,-5,5
8725,112,114,-2,2
8726,98,95,3,3
8727,96,89,7,7
8728,64,73,-9,9
8729,62,61,1,1
8730,123,132,-9,9
8731,83,85,-2,2
8732,101,100,1,1
8733,27,30,-3,3
8734,167,160,7,7
8735,149,153,-4,4
8736,94,88,6,6
8737,155,150,5,5
8738,39,40,-1,1
8739,62,62,0,0
8740,81,74,7,7
8741,58,57,1,1
8742,74,78,-4,4
8743,139,140,-1,1
8744,74,74,0,0
8745,84,88,-4,4
8746,155,119,36,36
8747,114,114,0,0
8748,152,218,-66,66
8749,104,93,11,11
8750,92,100,-8,8
8751,55,60,-5,5
8752,91,88,3,3
8753,90,82,8,8
8754,86,86,0,0
8755,76,85,-9,9
8756,86,91,-5,5
8757,49,48,1,1
8758,105,109,-4,4
8759,67,69,-2,2
8760,96,124,-28,28
8761,105,110,-5,5
8762,98,81,17,17
8763,114,114,0,0
8764,114,118,-4,4
8765,103,117,-14,14
8766,128,124,4,4
8767,110,97,13,13
8768,89,78,11,11
8769,67,63,4,4
8770,136,120,16,16
8771,154,152,2,2
8772,62,72,-10,10
8773,109,111,-2,2
8774,91,92,-1,1
8775,63,63,0,0
8776,172,167,5,5
8777,93,85,8,8
8778,81,79,2,2
8779,87,91,-4,4
8780,49,60,-11,11
8781,157,161,-4,4
8782,87,84,3,3
8783,61,83,-22,22
8784,60,60,0,0
8785,129,127,2,2
8786,75,76,-1,1
8787,86,95,-9,9
8788,37,38,-1,1
8789,110,112,-2,2
8790,124,120,4,4
8791,65,67,-2,2
8792,148,153,-5,5
8793,73,83,-10,10
8794,105,113,-8,8
8795,70,76,-6,6
8796,63,71,-8,8
8797,71,67,4,4
8798,71,73,-2,2
8799,68,71,-3,3
8800,96,87,9,9
8801,87,82,5,5
8802,88,90,-2,2
8803,69,66,3,3
8804,83,83,0,0
8805,72,82,-10,10
8806,98,108,-10,10
8807,126,123,3,3
8808,45,55,-10,10
8809,52,51,1,1
8810,103,110,-7,7
8811,77,73,4,4
8812,83,76,7,7
8813,73,61,12,12
8814,108,108,0,0
8815,73,79,-6,6
8816,80,79,1,1
8817,57,56,1,1
8818,63,65,-2,2
8819,24,36,-12,12
8820,89,76,13,13
8821,61,63,-2,2
8822,97,99,-2,2
8823,85,85,0,0
8824,143,145,-2,2
8825,129,122,7,7
8826,75,84,-9,9
8827,71,76,-5,5
8828,92,87,5,5
8829,72,68,4,4
8830,91,81,10,10
8831,83,73,10,10
8832,75,82,-7,7
8833,66,66,0,0
8834,43,49,-6,6
8835,127,123,4,4
8836,125,133,-8,8
8837,44,46,-2,2
8838,51,58,-7,7
8839,54,56,-2,2
8840,203,214,-11,11
8841,127,121,6,6
8842,102,100,2,2
8843,81,76,5,5
8844,69,63,6,6
8845,121,121,0,0
8846,85,79,6,6
8847,125,116,9,9
8848,138,127,11,11
8849,191,161,30,30
8850,92,99,-7,7
8851,94,90,4,4
8852,128,127,1,1
8853,35,52,-17,17
8854,104,98,6,6
8855,86,81,5,5
8856,132,123,9,9
8857,89,87,2,2
8858,48,50,-2,2
8859,75,67,8,8
8860,80,70,10,10
8861,100,96,4,4
8862,115,113,2,2
8863,135,132,3,3
8864,88,93,-5,5
8865,108,102,6,6
8866,141,147,-6,6
8867,81,82,-1,1
8868,147,149,-2,2
8869,94,89,5,5
8870,86,85,1,1
8871,125,123,2,2
8872,62,64,-2,2
8873,82,81,1,1
8874,123,116,7,7
8875,80,78,2,2
8876,108,100,8,8
8877,91,81,10,10
8878,124,122,2,2
8879,93,100,-7,7
8880,141,159,-18,18
8881,97,57,40,40
8882,177,163,14,14
8883,80,83,-3,3
8884,133,154,-21,21
8885,98,109,-11,11
8886,104,92,12,12
8887,64,66,-2,2
8888,170,165,5,5
8889,91,93,-2,2
8890,98,97,1,1
8891,125,117,8,8
8892,65,68,-3,3
8893,86,91,-5,5
8894,75,66,9,9
8895,72,73,-1,1
8896,53,72,-19,19
8897,93,82,11,11
8898,69,70,-1,1
8899,95,86,9,9
8900,76,78,-2,2
8901,73,74,-1,1
8902,56,58,-2,2
8903,92,91,1,1
8904,43,51,-8,8
8905,60,58,2,2
8906,74,83,-9,9
8907,85,91,-6,6
8908,91,92,-1,1
8909,92,87,5,5
8910,91,88,3,3
8911,60,69,-9,9
8912,142,151,-9,9
8913,127,135,-8,8
8914,87,86,1,1
8915,130,146,-16,16
8916,104,99,5,5
8917,62,61,1,1
8918,125,131,-6,6
8919,96,175,-79,79
8920,170,147,23,23
8921,103,122,-19,19
8922,185,169,16,16
8923,80,79,1,1
8924,56,64,-8,8
8925,105,119,-14,14
8926,63,66,-3,3
8927,88,91,-3,3
8928,79,83,-4,4
8929,60,71,-11,11
8930,84,86,-2,2
8931,123,131,-8,8
8932,107,105,2,2
8933,94,96,-2,2
8934,70,74,-4,4
8935,141,124,17,17
8936,56,49,7,7
8937,166,162,4,4
8938,120,102,18,18
8939,137,121,16,16
8940,88,95,-7,7
8941,127,99,28,28
8942,157,151,6,6
8943,130,135,-5,5
8944,106,112,-6,6
8945,131,132,-1,1
8946,54,54,0,0
8947,132,129,3,3
8948,80,79,1,1
8949,81,86,-5,5
8950,128,114,14,14
8951,36,43,-7,7
8952,106,114,-8,8
8953,85,88,-3,3
8954,64,69,-5,5
8955,81,82,-1,1
8956,120,116,4,4
8957,130,122,8,8
8958,99,91,8,8
8959,70,65,5,5
8960,78,72,6,6
8961,112,118,-6,6
8962,82,82,0,0
8963,184,164,20,20
8964,129,140,-11,11
8965,111,108,3,3
8966,99,112,-13,13
8967,51,59,-8,8
8968,102,96,6,6
8969,66,69,-3,3
8970,74,75,-1,1
8971,129,133,-4,4
8972,54,59,-5,5
8973,117,139,-22,22
8974,120,116,4,4
8975,73,81,-8,8
8976,177,169,8,8
8977,157,152,5,5
8978,77,76,1,1
8979,55,60,-5,5
8980,132,125,7,7
8981,180,162,18,18
8982,72,70,2,2
8983,88,96,-8,8
8984,71,76,-5,5
8985,85,83,2,2
8986,51,46,5,5
8987,61,62,-1,1
8988,76,71,5,5
8989,90,92,-2,2
8990,64,73,-9,9
8991,67,85,-18,18
8992,95,94,1,1
8993,46,47,-1,1
8994,92,84,8,8
8995,121,139,-18,18
8996,93,93,0,0
8997,92,96,-4,4
8998,52,53,-1,1
8999,112,121,-9,9
9000,66,109,-43,43
9001,76,73,3,3
9002,157,150,7,7
9003,75,73,2,2
9004,68,69,-1,1
9005,64,70,-6,6
9006,135,122,13,13
9007,107,108,-1,1
9008,79,92,-13,13
9009,82,83,-1,1
9010,101,91,10,10
9011,142,165,-23,23
9012,108,107,1,1
9013,93,99,-6,6
9014,111,120,-9,9
9015,111,111,0,0
9016,101,88,13,13
9017,67,64,3,3
9018,58,58,0,0
9019,117,113,4,4
9020,100,97,3,3
9021,96,91,5,5
9022,106,111,-5,5
9023,82,82,0,0
9024,57,61,-4,4
9025,95,88,7,7
9026,92,87,5,5
9027,78,79,-1,1
9028,85,81,4,4
9029,46,41,5,5
9030,60,67,-7,7
9031,68,72,-4,4
9032,90,86,4,4
9033,106,109,-3,3
9034,72,71,1,1
9035,91,89,2,2
9036,142,142,0,0
9037,63,60,3,3
9038,55,56,-1,1
9039,112,109,3,3
9040,165,158,7,7
9041,80,76,4,4
9042,58,56,2,2
9043,96,108,-12,12
9044,69,69,0,0
9045,85,98,-13,13
9046,74,77,-3,3
9047,148,141,7,7
9048,61,58,3,3
9049,114,118,-4,4
9050,117,115,2,2
9051,87,88,-1,1
9052,148,145,3,3
9053,129,121,8,8
9054,100,90,10,10
9055,79,78,1,1
9056,84,81,3,3
9057,75,75,0,0
9058,101,98,3,3
9059,74,75,-1,1
9060,98,83,15,15
9061,97,98,-1,1
9062,58,59,-1,1
9063,104,97,7,7
9064,122,118,4,4
9065,33,40,-7,7
9066,62,55,7,7
9067,59,67,-8,8
9068,66,73,-7,7
9069,112,109,3,3
9070,109,99,10,10
9071,67,70,-3,3
9072,157,178,-21,21
9073,147,148,-1,1
9074,114,113,1,1
9075,45,42,3,3
9076,71,77,-6,6
9077,135,127,8,8
9078,64,55,9,9
9079,101,110,-9,9
9080,93,97,-4,4
9081,92,86,6,6
9082,128,125,3,3
9083,90,80,10,10
9084,113,107,6,6
9085,62,60,2,2
9086,66,62,4,4
9087,69,70,-1,1
9088,90,86,4,4
9089,69,66,3,3
9090,87,88,-1,1
9091,70,80,-10,10
9092,88,88,0,0
9093,60,65,-5,5
9094,172,158,14,14
9095,94,93,1,1
9096,53,61,-8,8
9097,81,77,4,4
9098,103,96,7,7
9099,146,138,8,8
9100,93,92,1,1
9101,106,112,-6,6
9102,115,104,11,11
9103,171,159,12,12
9104,80,79,1,1
9105,89,81,8,8
9106,75,80,-5,5
9107,197,180,17,17
9108,52,60,-8,8
9109,56,64,-8,8
9110,76,77,-1,1
9111,136,137,-1,1
9112,127,129,-2,2
9113,102,103,-1,1
9114,100,103,-3,3
9115,154,146,8,8
9116,127,138,-11,11
9117,115,111,4,4
9118,69,76,-7,7
9119,113,101,12,12
9120,116,118,-2,2
9121,92,95,-3,3
9122,95,99,-4,4
9123,81,71,10,10
9124,81,82,-1,1
9125,148,147,1,1
9126,94,90,4,4
9127,117,118,-1,1
9128,47,50,-3,3
9129,100,94,6,6
9130,133,128,5,5
9131,79,99,-20,20
9132,147,139,8,8
9133,62,66,-4,4
9134,77,81,-4,4
9135,154,143,11,11
9136,112,118,-6,6
9137,65,63,2,2
9138,42,47,-5,5
9139,114,115,-1,1
9140,114,110,4,4
9141,77,68,9,9
9142,68,74,-6,6
9143,84,88,-4,4
9144,120,123,-3,3
9145,132,131,1,1
9146,113,124,-11,11
9147,86,81,5,5
9148,78,81,-3,3
9149,73,92,-19,19
9150,68,63,5,5
9151,93,96,-3,3
9152,113,122,-9,9
9153,58,61,-3,3
9154,63,65,-2,2
9155,54,46,8,8
9156,123,110,13,13
9157,43,44,-1,1
9158,82,78,4,4
9159,144,141,3,3
9160,73,81,-8,8
9161,49,49,0,0
9162,103,98,5,5
9163,179,187,-8,8
9164,106,107,-1,1
9165,93,103,-10,10
9166,135,147,-12,12
9167,120,122,-2,2
9168,130,127,3,3
9169,79,89,-10,10
9170,82,82,0,0
9171,55,54,1,1
9172,74,67,7,7
9173,153,152,1,1
9174,93,92,1,1
9175,107,109,-2,2
9176,136,149,-13,13
9177,88,92,-4,4
9178,56,67,-11,11
9179,171,156,15,15
9180,115,114,1,1
9181,53,59,-6,6
9182,124,129,-5,5
9183,117,110,7,7
9184,76,78,-2,2
9185,168,159,9,9
9186,78,72,6,6
9187,42,43,-1,1
9188,74,76,-2,2
9189,156,136,20,20
9190,81,86,-5,5
9191,88,78,10,10
9192,169,159,10,10
9193,74,71,3,3
9194,108,109,-1,1
9195,98,90,8,8
9196,175,191,-16,16
9197,39,45,-6,6
9198,47,53,-6,6
9199,100,86,14,14
9200,105,93,12,12
9201,103,108,-5,5
9202,114,114,0,0
9203,65,71,-6,6
9204,70,65,5,5
9205,79,87,-8,8
9206,96,99,-3,3
9207,123,130,-7,7
9208,94,91,3,3
9209,124,130,-6,6
9210,102,96,6,6
9211,108,103,5,5
9212,78,84,-6,6
9213,111,115,-4,4
9214,84,91,-7,7
9215,58,52,6,6
9216,124,123,1,1
9217,92,81,11,11
9218,75,78,-3,3
9219,64,53,11,11
9220,89,81,8,8
9221,88,94,-6,6
9222,58,65,-7,7
9223,116,117,-1,1
9224,57,62,-5,5
9225,98,95,3,3
9226,138,144,-6,6
9227,87,92,-5,5
9228,58,54,4,4
9229,141,130,11,11
9230,72,72,0,0
9231,63,71,-8,8
9232,173,162,11,11
9233,113,110,3,3
9234,114,110,4,4
9235,95,88,7,7
9236,80,85,-5,5
9237,75,73,2,2
9238,113,115,-2,2
9239,86,94,-8,8
9240,54,59,-5,5
9241,99,95,4,4
9242,149,141,8,8
9243,73,59,14,14
9244,86,79,7,7
9245,108,109,-1,1
9246,74,70,4,4
9247,59,60,-1,1
9248,106,112,-6,6
9249,158,141,17,17
9250,45,64,-19,19
9251,77,76,1,1
9252,116,129,-13,13
9253,52,55,-3,3
9254,93,103,-10,10
9255,129,119,10,10
9256,63,67,-4,4
9257,41,46,-5,5
9258,62,60,2,2
9259,168,162,6,6
9260,117,115,2,2
9261,142,134,8,8
9262,112,108,4,4
9263,101,99,2,2
9264,86,82,4,4
9265,77,83,-6,6
9266,141,135,6,6
9267,80,89,-9,9
9268,107,120,-13,13
9269,90,90,0,0
9270,65,70,-5,5
9271,57,53,4,4
9272,89,83,6,6
9273,63,61,2,2
9274,121,116,5,5
9275,108,102,6,6
9276,83,85,-2,2
9277,116,116,0,0
9278,66,71,-5,5
9279,128,131,-3,3
9280,98,96,2,2
9281,76,81,-5,5
9282,130,123,7,7
9283,55,53,2,2
9284,64,66,-2,2
9285,107,118,-11,11
9286,117,110,7,7
9287,124,120,4,4
9288,88,84,4,4
9289,44,41,3,3
9290,89,89,0,0
9291,82,83,-1,1
9292,78,74,4,4
9293,63,65,-2,2
9294,60,60,0,0
9295,55,58,-3,3
9296,80,84,-4,4
9297,56,58,-2,2
9298,68,73,-5,5
9299,177,176,1,1
9300,69,68,1,1
9301,63,68,-5,5
9302,116,109,7,7
9303,96,100,-4,4
9304,142,125,17,17
9305,85,80,5,5
9306,56,64,-8,8
9307,91,90,1,1
9308,72,74,-2,2
9309,69,77,-8,8
9310,114,108,6,6
9311,131,136,-5,5
9312,70,77,-7,7
9313,138,134,4,4
9314,103,99,4,4
9315,69,73,-4,4
9316,97,99,-2,2
9317,98,116,-18,18
9318,117,109,8,8
9319,95,108,-13,13
9320,130,123,7,7
9321,174,157,17,17
9322,114,122,-8,8
9323,87,97,-10,10
9324,92,95,-3,3
9325,57,62,-5,5
9326,93,86,7,7
9327,90,89,1,1
9328,87,92,-5,5
9329,87,90,-3,3
9330,115,117,-2,2
9331,103,108,-5,5
9332,66,68,-2,2
9333,95,90,5,5
9334,98,95,3,3
9335,82,82,0,0
9336,63,59,4,4
9337,39,47,-8,8
9338,60,61,-1,1
9339,112,111,1,1
9340,159,148,11,11
9341,41,49,-8,8
9342,96,96,0,0
9343,117,112,5,5
9344,69,80,-11,11
9345,82,82,0,0
9346,125,118,7,7
9347,82,78,4,4
9348,65,73,-8,8
9349,92,82,10,10
9350,91,90,1,1
9351,91,86,5,5
9352,95,96,-1,1
9353,28,43,-15,15
9354,64,61,3,3
9355,73,73,0,0
9356,122,112,10,10
9357,76,81,-5,5
9358,82,77,5,5
9359,134,129,5,5
9360,118,111,7,7
9361,72,75,-3,3
9362,96,123,-27,27
9363,176,164,12,12
9364,156,154,2,2
9365,64,78,-14,14
9366,99,109,-10,10
9367,94,89,5,5
9368,84,75,9,9
9369,88,90,-2,2
9370,144,146,-2,2
9371,123,114,9,9
9372,99,109,-10,10
9373,63,84,-21,21
9374,64,64,0,0
9375,141,131,10,10
9376,71,88,-17,17
9377,166,153,13,13
9378,118,114,4,4
9379,120,110,10,10
9380,145,135,10,10
9381,87,87,0,0
9382,90,86,4,4
9383,80,87,-7,7
9384,125,125,0,0
9385,59,53,6,6
9386,171,162,9,9
9387,72,69,3,3
9388,121,109,12,12
9389,47,48,-1,1
9390,73,82,-9,9
9391,124,109,15,15
9392,87,91,-4,4
9393,95,94,1,1
9394,77,76,1,1
9395,167,164,3,3
9396,53,46,7,7
9397,89,85,4,4
9398,83,77,6,6
9399,77,87,-10,10
9400,127,127,0,0
9401,94,99,-5,5
9402,95,83,12,12
9403,93,91,2,2
9404,74,63,11,11
9405,112,117,-5,5
9406,117,110,7,7
9407,69,70,-1,1
9408,88,97,-9,9
9409,71,72,-1,1
9410,57,49,8,8
9411,89,84,5,5
9412,98,112,-14,14
9413,123,123,0,0
9414,88,84,4,4
9415,136,123,13,13
9416,85,76,9,9
9417,93,93,0,0
9418,150,155,-5,5
9419,50,54,-4,4
9420,77,79,-2,2
9421,87,93,-6,6
9422,123,120,3,3
9423,71,75,-4,4
9424,142,143,-1,1
9425,78,81,-3,3
9426,111,105,6,6
9427,54,73,-19,19
9428,66,72,-6,6
9429,110,103,7,7
9430,96,93,3,3
9431,56,57,-1,1
9432,17,27,-10,10
9433,84,81,3,3
9434,108,111,-3,3
9435,103,85,18,18
9436,102,102,0,0
9437,81,83,-2,2
9438,125,126,-1,1
9439,120,131,-11,11
9440,89,85,4,4
9441,73,68,5,5
9442,110,109,1,1
9443,86,83,3,3
9444,94,96,-2,2
9445,76,71,5,5
9446,72,69,3,3
9447,41,46,-5,5
9448,129,128,1,1
9449,80,78,2,2
9450,92,85,7,7
9451,208,184,24,24
9452,170,168,2,2
9453,88,89,-1,1
9454,43,48,-5,5
9455,65,65,0,0
9456,52,54,-2,2
9457,44,43,1,1
9458,96,102,-6,6
9459,165,155,10,10
9460,92,83,9,9
9461,104,90,14,14
9462,131,130,1,1
9463,73,77,-4,4
9464,131,119,12,12
9465,51,65,-14,14
9466,63,68,-5,5
9467,107,113,-6,6
9468,109,128,-19,19
9469,131,114,17,17
9470,96,93,3,3
9471,90,75,15,15
9472,60,69,-9,9
9473,106,111,-5,5
9474,101,84,17,17
9475,67,71,-4,4
9476,117,116,1,1
9477,76,81,-5,5
9478,78,71,7,7
9479,94,88,6,6
9480,95,94,1,1
9481,78,68,10,10
9482,133,132,1,1
9483,41,61,-20,20
9484,105,94,11,11
9485,102,92,10,10
9486,88,94,-6,6
9487,106,109,-3,3
9488,89,87,2,2
9489,98,119,-21,21
9490,128,120,8,8
9491,102,108,-6,6
9492,132,136,-4,4
9493,101,94,7,7
9494,144,144,0,0
9495,61,66,-5,5
9496,61,66,-5,5
9497,114,121,-7,7
9498,125,126,-1,1
9499,70,71,-1,1
9500,83,85,-2,2
9501,147,146,1,1
9502,97,100,-3,3
9503,82,84,-2,2
9504,87,81,6,6
9505,94,86,8,8
9506,54,60,-6,6
9507,71,79,-8,8
9508,105,96,9,9
9509,87,89,-2,2
9510,95,109,-14,14
9511,71,76,-5,5
9512,76,82,-6,6
9513,123,120,3,3
9514,127,128,-1,1
9515,84,94,-10,10
9516,48,53,-5,5
9517,108,94,14,14
9518,157,134,23,23
9519,54,58,-4,4
9520,100,91,9,9
9521,118,112,6,6
9522,57,58,-1,1
9523,137,132,5,5
9524,80,84,-4,4
9525,48,51,-3,3
9526,49,44,5,5
9527,94,94,0,0
9528,101,95,6,6
9529,64,70,-6,6
9530,114,124,-10,10
9531,82,79,3,3
9532,62,65,-3,3
9533,57,65,-8,8
9534,88,93,-5,5
9535,92,97,-5,5
9536,66,85,-19,19
9537,76,81,-5,5
9538,59,59,0,0
9539,89,86,3,3
9540,63,63,0,0
9541,51,52,-1,1
9542,123,123,0,0
9543,88,92,-4,4
9544,59,67,-8,8
9545,66,66,0,0
9546,135,121,14,14
9547,54,61,-7,7
9548,24,30,-6,6
9549,91,80,11,11
9550,166,160,6,6
9551,45,46,-1,1
9552,95,86,9,9
9553,99,99,0,0
9554,70,77,-7,7
9555,81,74,7,7
9556,97,81,16,16
9557,75,91,-16,16
9558,55,64,-9,9
9559,86,92,-6,6
9560,172,162,10,10
9561,65,79,-14,14
9562,174,156,18,18
9563,78,78,0,0
9564,81,88,-7,7
9565,68,61,7,7
9566,74,65,9,9
9567,46,49,-3,3
9568,119,129,-10,10
9569,48,53,-5,5
9570,112,116,-4,4
9571,135,151,-16,16
9572,91,81,10,10
9573,103,97,6,6
9574,95,117,-22,22
9575,91,75,16,16
9576,201,177,24,24
9577,89,88,1,1
9578,71,67,4,4
9579,198,186,12,12
9580,93,82,11,11
9581,82,77,5,5
9582,132,126,6,6
9583,79,92,-13,13
9584,60,62,-2,2
9585,72,82,-10,10
9586,107,113,-6,6
9587,112,112,0,0
9588,99,106,-7,7
9589,104,113,-9,9
9590,68,69,-1,1
9591,57,59,-2,2
9592,47,54,-7,7
9593,96,91,5,5
9594,95,106,-11,11
9595,43,46,-3,3
9596,116,110,6,6
9597,65,74,-9,9
9598,106,92,14,14
9599,117,126,-9,9
9600,96,93,3,3
9601,67,64,3,3
9602,100,93,7,7
9603,108,109,-1,1
9604,103,99,4,4
9605,58,59,-1,1
9606,88,86,2,2
9607,133,127,6,6
9608,161,156,5,5
9609,95,90,5,5
9610,99,85,14,14
9611,69,67,2,2
9612,112,110,2,2
9613,127,120,7,7
9614,66,67,-1,1
9615,116,118,-2,2
9616,105,113,-8,8
9617,100,94,6,6
9618,93,92,1,1
9619,79,86,-7,7
9620,121,115,6,6
9621,86,93,-7,7
9622,88,79,9,9
9623,177,156,21,21
9624,67,63,4,4
9625,73,73,0,0
9626,105,99,6,6
9627,115,114,1,1
9628,141,137,4,4
9629,75,74,1,1
9630,58,62,-4,4
9631,86,84,2,2
9632,137,132,5,5
9633,113,119,-6,6
9634,92,87,5,5
9635,83,87,-4,4
9636,103,115,-12,12
9637,145,121,24,24
9638,84,80,4,4
9639,123,129,-6,6
9640,104,100,4,4
9641,61,62,-1,1
9642,79,93,-14,14
9643,90,113,-23,23
9644,115,119,-4,4
9645,138,144,-6,6
9646,80,80,0,0
9647,92,104,-12,12
9648,126,124,2,2
9649,62,52,10,10
9650,81,87,-6,6
9651,88,83,5,5
9652,90,95,-5,5
9653,70,71,-1,1
9654,113,111,2,2
9655,81,84,-3,3
9656,70,80,-10,10
9657,87,80,7,7
9658,62,71,-9,9
9659,54,58,-4,4
9660,85,87,-2,2
9661,76,72,4,4
9662,44,46,-2,2
9663,106,97,9,9
9664,116,113,3,3
9665,114,116,-2,2
9666,156,153,3,3
9667,127,117,10,10
9668,61,62,-1,1
9669,57,52,5,5
9670,128,126,2,2
9671,90,81,9,9
9672,113,111,2,2
9673,81,76,5,5
9674,48,60,-12,12
9675,47,46,1,1
9676,139,128,11,11
9677,154,152,2,2
9678,104,112,-8,8
9679,97,94,3,3
9680,123,124,-1,1
9681,68,59,9,9
9682,94,95,-1,1
9683,77,86,-9,9
9684,45,47,-2,2
9685,78,78,0,0
9686,75,77,-2,2
9687,79,75,4,4
9688,175,172,3,3
9689,117,115,2,2
9690,108,104,4,4
9691,106,112,-6,6
9692,82,71,11,11
9693,112,103,9,9
9694,74,79,-5,5
9695,117,119,-2,2
9696,94,97,-3,3
9697,226,211,15,15
9698,120,111,9,9
9699,40,45,-5,5
9700,40,103,-63,63
9701,119,122,-3,3
9702,51,56,-5,5
9703,61,61,0,0
9704,119,116,3,3
9705,97,83,14,14
9706,70,74,-4,4
9707,101,90,11,11
9708,160,152,8,8
9709,88,82,6,6
9710,41,52,-11,11
9711,86,81,5,5
9712,76,81,-5,5
9713,66,74,-8,8
9714,110,112,-2,2
9715,120,116,4,4
9716,97,99,-2,2
9717,89,98,-9,9
9718,117,116,1,1
9719,59,67,-8,8
9720,145,138,7,7
9721,84,76,8,8
9722,78,85,-7,7
9723,65,64,1,1
9724,62,64,-2,2
9725,114,115,-1,1
9726,76,79,-3,3
9727,51,55,-4,4
9728,131,145,-14,14
9729,162,174,-12,12
9730,90,98,-8,8
9731,95,99,-4,4
9732,49,60,-11,11
9733,81,84,-3,3
9734,103,99,4,4
9735,136,141,-5,5
9736,116,114,2,2
9737,74,71,3,3
9738,54,65,-11,11
9739,110,114,-4,4
9740,113,100,13,13
9741,142,119,23,23
9742,130,108,22,22
9743,156,147,9,9
9744,186,188,-2,2
9745,70,70,0,0
9746,115,108,7,7
9747,149,130,19,19
9748,135,122,13,13
9749,72,68,4,4
9750,143,141,2,2
9751,190,175,15,15
9752,117,127,-10,10
9753,124,115,9,9
9754,78,86,-8,8
9755,90,93,-3,3
9756,49,47,2,2
9757,52,58,-6,6
9758,48,51,-3,3
9759,69,71,-2,2
9760,69,74,-5,5
9761,40,51,-11,11
9762,89,94,-5,5
9763,85,83,2,2
9764,104,114,-10,10
9765,130,123,7,7
9766,110,88,22,22
9767,136,127,9,9
9768,91,79,12,12
9769,83,88,-5,5
9770,50,51,-1,1
9771,104,104,0,0
9772,83,78,5,5
9773,114,115,-1,1
9774,119,133,-14,14
9775,88,85,3,3
9776,68,91,-23,23
9777,84,101,-17,17
9778,93,74,19,19
9779,56,58,-2,2
9780,66,69,-3,3
9781,60,56,4,4
9782,58,61,-3,3
9783,142,140,2,2
9784,197,179,18,18
9785,53,55,-2,2
9786,86,100,-14,14
9787,85,84,1,1
9788,153,139,14,14
9789,58,61,-3,3
9790,78,76,2,2
9791,159,152,7,7
9792,129,128,1,1
9793,115,113,2,2
9794,64,62,2,2
9795,142,139,3,3
9796,83,79,4,4
9797,171,175,-4,4
9798,137,134,3,3
9799,107,111,-4,4
9800,101,90,11,11
9801,75,67,8,8
9802,103,98,5,5
9803,80,82,-2,2
9804,51,55,-4,4
9805,92,83,9,9
9806,88,85,3,3
9807,96,101,-5,5
9808,140,125,15,15
9809,107,108,-1,1
9810,59,60,-1,1
9811,128,114,14,14
9812,80,78,2,2
9813,40,43,-3,3
9814,139,137,2,2
9815,79,75,4,4
9816,89,94,-5,5
9817,127,128,-1,1
9818,132,121,11,11
9819,104,111,-7,7
9820,100,94,6,6
9821,76,77,-1,1
9822,182,151,31,31
9823,43,46,-3,3
9824,56,56,0,0
9825,140,132,8,8
9826,98,99,-1,1
9827,66,76,-10,10
9828,52,46,6,6
9829,100,98,2,2
9830,131,117,14,14
9831,47,41,6,6
9832,57,55,2,2
9833,58,63,-5,5
9834,100,96,4,4
9835,143,153,-10,10
9836,81,75,6,6
9837,130,102,28,28
9838,63,71,-8,8
9839,84,102,-18,18
9840,86,87,-1,1
9841,118,118,0,0
9842,109,99,10,10
9843,176,179,-3,3
9844,68,70,-2,2
9845,102,108,-6,6
9846,65,69,-4,4
9847,88,89,-1,1
9848,127,118,9,9
9849,56,55,1,1
9850,104,102,2,2
9851,105,93,12,12
9852,84,83,1,1
9853,27,68,-41,41
9854,95,98,-3,3
9855,77,75,2,2
9856,192,192,0,0
9857,78,70,8,8
9858,122,125,-3,3
9859,80,85,-5,5
9860,94,82,12,12
9861,126,120,6,6
9862,44,53,-9,9
9863,73,79,-6,6
9864,104,83,21,21
9865,71,68,3,3
9866,65,74,-9,9
9867,96,80,16,16
9868,116,96,20,20
9869,103,108,-5,5
9870,129,129,0,0
9871,143,141,2,2
9872,100,119,-19,19
9873,133,125,8,8
9874,64,65,-1,1
9875,121,120,1,1
9876,61,61,0,0
9877,55,60,-5,5
9878,49,49,0,0
9879,86,82,4,4
9880,85,81,4,4
9881,61,59,2,2
9882,128,135,-7,7
9883,91,78,13,13
9884,99,83,16,16
9885,92,90,2,2
9886,179,171,8,8
9887,114,108,6,6
9888,66,62,4,4
9889,78,86,-8,8
9890,69,70,-1,1
9891,121,115,6,6
9892,85,70,15,15
9893,110,125,-15,15
9894,92,95,-3,3
9895,117,108,9,9
9896,174,162,12,12
9897,135,133,2,2
9898,64,61,3,3
9899,75,73,2,2
9900,97,110,-13,13
9901,120,125,-5,5
9902,102,96,6,6
9903,91,86,5,5
9904,70,75,-5,5
9905,64,70,-6,6
9906,49,50,-1,1
9907,94,98,-4,4
9908,71,77,-6,6
9909,136,166,-30,30
9910,68,69,-1,1
9911,122,122,0,0
9912,73,73,0,0
9913,114,116,-2,2
9914,98,93,5,5
9915,104,100,4,4
9916,103,93,10,10
9917,108,100,8,8
9918,127,124,3,3
9919,130,135,-5,5
9920,95,95,0,0
9921,89,82,7,7
9922,73,72,1,1
9923,157,140,17,17
9924,103,96,7,7
9925,105,100,5,5
9926,112,102,10,10
9927,109,108,1,1
9928,79,74,5,5
9929,92,113,-21,21
9930,72,67,5,5
9931,48,59,-11,11
9932,98,90,8,8
9933,111,113,-2,2
9934,119,114,5,5
9935,139,124,15,15
9936,55,67,-12,12
9937,107,114,-7,7
9938,135,146,-11,11
9939,102,98,4,4
9940,88,91,-3,3
9941,105,117,-12,12
9942,136,123,13,13
9943,82,85,-3,3
9944,67,66,1,1
9945,123,120,3,3
9946,120,122,-2,2
9947,94,104,-10,10
9948,51,51,0,0
9949,95,87,8,8
9950,92,92,0,0
9951,154,133,21,21
9952,76,79,-3,3
9953,59,57,2,2
9954,153,144,9,9
9955,66,75,-9,9
9956,96,102,-6,6
9957,131,127,4,4
9958,81,77,4,4
9959,80,82,-2,2
9960,59,61,-2,2
9961,72,75,-3,3
9962,148,140,8,8
9963,123,137,-14,14
9964,72,72,0,0
9965,59,61,-2,2
9966,145,143,2,2
9967,95,95,0,0
9968,125,125,0,0
9969,79,79,0,0
9970,79,81,-2,2
9971,68,73,-5,5
9972,135,139,-4,4
9973,96,96,0,0
9974,64,64,0,0
9975,62,57,5,5
9976,102,99,3,3
9977,141,136,5,5
9978,82,73,9,9
9979,84,76,8,8
9980,85,87,-2,2
9981,77,79,-2,2
9982,107,107,0,0
9983,94,92,2,2
9984,84,73,11,11
9985,90,87,3,3
9986,127,124,3,3
9987,94,94,0,0
9988,142,164,-22,22
9989,88,93,-5,5
9990,104,96,8,8
9991,66,70,-4,4
9992,48,50,-2,2
9993,76,74,2,2
9994,105,102,3,3
9995,62,56,6,6
9996,82,81,1,1
9997,123,127,-4,4
9998,88,93,-5,5
9999,68,65,3,3
10000,171,153,18,18
10001,134,128,6,6
10002,81,76,5,5
10003,66,70,-4,4
10004,49,53,-4,4
10005,92,93,-1,1
10006,121,118,3,3
10007,133,125,8,8
10008,147,140,7,7
10009,81,80,1,1
10010,69,74,-5,5
10011,83,85,-2,2
10012,88,87,1,1
10013,59,54,5,5
10014,91,96,-5,5
10015,153,154,-1,1
10016,114,110,4,4
10017,77,83,-6,6
10018,85,77,8,8
10019,80,74,6,6
10020,74,75,-1,1
10021,169,158,11,11
10022,108,110,-2,2
10023,121,124,-3,3
10024,83,89,-6,6
10025,56,54,2,2
10026,74,76,-2,2
10027,53,61,-8,8
10028,80,87,-7,7
10029,79,80,-1,1
10030,117,115,2,2
10031,174,162,12,12
10032,77,73,4,4
10033,114,99,15,15
10034,79,77,2,2
10035,158,152,6,6
10036,80,78,2,2
10037,90,118,-28,28
10038,111,110,1,1
10039,155,141,14,14
10040,55,58,-3,3
10041,74,76,-2,2
10042,62,69,-7,7
10043,138,137,1,1
10044,143,152,-9,9
10045,113,120,-7,7
10046,100,105,-5,5
10047,115,96,19,19
10048,49,49,0,0
10049,139,144,-5,5
10050,114,122,-8,8
10051,125,128,-3,3
10052,61,62,-1,1
10053,136,132,4,4
10054,77,75,2,2
10055,211,188,23,23
10056,66,60,6,6
10057,111,109,2,2
10058,122,126,-4,4
10059,139,134,5,5
10060,121,110,11,11
10061,108,117,-9,9
10062,85,94,-9,9
10063,110,106,4,4
10064,62,72,-10,10
10065,107,99,8,8
10066,49,49,0,0
10067,82,71,11,11
10068,92,93,-1,1
10069,59,62,-3,3
10070,56,54,2,2
10071,105,95,10,10
10072,61,67,-6,6
10073,95,107,-12,12
10074,56,61,-5,5
10075,148,147,1,1
10076,123,127,-4,4
10077,111,118,-7,7
10078,75,72,3,3
10079,139,151,-12,12
10080,68,73,-5,5
10081,90,82,8,8
10082,150,156,-6,6
10083,133,117,16,16
10084,49,54,-5,5
10085,62,64,-2,2
10086,111,107,4,4
10087,117,115,2,2
10088,151,150,1,1
10089,100,97,3,3
10090,42,52,-10,10
10091,78,74,4,4
10092,48,54,-6,6
10093,118,109,9,9
10094,70,63,7,7
10095,117,128,-11,11
10096,61,90,-29,29
10097,94,107,-13,13
10098,78,81,-3,3
10099,170,161,9,9
10100,68,69,-1,1
10101,78,73,5,5
10102,47,49,-2,2
10103,130,112,18,18
10104,80,76,4,4
10105,70,75,-5,5
10106,49,64,-15,15
10107,117,113,4,4
10108,86,88,-2,2
10109,82,77,5,5
10110,54,57,-3,3
10111,160,153,7,7
10112,78,92,-14,14
10113,82,84,-2,2
10114,59,55,4,4
10115,115,109,6,6
10116,86,88,-2,2
10117,119,110,9,9
10118,116,118,-2,2
10119,90,95,-5,5
10120,75,78,-3,3
10121,81,82,-1,1
10122,87,87,0,0
10123,108,108,0,0
10124,50,53,-3,3
10125,53,56,-3,3
10126,130,139,-9,9
10127,125,115,10,10
10128,118,115,3,3
10129,112,111,1,1
10130,62,73,-11,11
10131,105,103,2,2
10132,90,96,-6,6
10133,143,145,-2,2
10134,58,57,1,1
10135,64,68,-4,4
10136,108,99,9,9
10137,98,83,15,15
10138,136,132,4,4
10139,101,116,-15,15
10140,85,91,-6,6
10141,92,96,-4,4
10142,144,133,11,11
10143,80,83,-3,3
10144,110,95,15,15
10145,66,63,3,3
10146,73,71,2,2
10147,59,59,0,0
10148,88,90,-2,2
10149,74,83,-9,9
10150,61,63,-2,2
10151,125,116,9,9
10152,55,54,1,1
10153,115,112,3,3
10154,58,66,-8,8
10155,76,82,-6,6
10156,137,143,-6,6
10157,81,77,4,4
10158,116,117,-1,1
10159,81,80,1,1
10160,94,89,5,5
10161,78,92,-14,14
10162,80,74,6,6
10163,99,94,5,5
10164,118,116,2,2
10165,137,127,10,10
10166,98,102,-4,4
10167,71,69,2,2
10168,83,85,-2,2
10169,132,145,-13,13
10170,69,71,-2,2
10171,119,121,-2,2
10172,101,110,-9,9
10173,92,95,-3,3
10174,74,70,4,4
10175,95,95,0,0
10176,67,70,-3,3
10177,50,53,-3,3
10178,106,107,-1,1
10179,102,95,7,7
10180,359,268,91,91
10181,58,61,-3,3
10182,94,90,4,4
10183,90,78,12,12
10184,88,82,6,6
10185,105,94,11,11
10186,75,75,0,0
10187,89,89,0,0
10188,86,83,3,3
10189,133,130,3,3
10190,35,43,-8,8
10191,88,81,7,7
10192,177,161,16,16
10193,100,93,7,7
10194,65,64,1,1
10195,104,100,4,4
10196,67,62,5,5
10197,86,85,1,1
10198,123,114,9,9
10199,108,100,8,8
10200,84,80,4,4
10201,54,65,-11,11
10202,95,94,1,1
10203,86,80,6,6
10204,70,82,-12,12
10205,84,79,5,5
10206,107,109,-2,2
10207,45,48,-3,3
10208,85,86,-1,1
10209,79,73,6,6
10210,125,126,-1,1
10211,92,91,1,1
10212,74,76,-2,2
10213,139,143,-4,4
10214,84,81,3,3
10215,103,115,-12,12
10216,60,74,-14,14
10217,78,84,-6,6
10218,69,51,18,18
10219,131,134,-3,3
10220,102,96,6,6
10221,69,74,-5,5
10222,58,64,-6,6
10223,43,48,-5,5
10224,29,40,-11,11
10225,86,88,-2,2
10226,114,114,0,0
10227,38,46,-8,8
10228,113,127,-14,14
10229,74,85,-11,11
10230,67,68,-1,1
10231,221,211,10,10
10232,103,111,-8,8
10233,224,214,10,10
10234,82,100,-18,18
10235,104,99,5,5
10236,115,104,11,11
10237,70,86,-16,16
10238,92,90,2,2
10239,118,116,2,2
10240,159,145,14,14
10241,124,112,12,12
10242,165,139,26,26
10243,118,125,-7,7
10244,79,75,4,4
10245,113,109,4,4
10246,61,65,-4,4
10247,112,110,2,2
10248,68,69,-1,1
10249,71,78,-7,7
10250,127,121,6,6
10251,82,79,3,3
10252,63,62,1,1
10253,189,196,-7,7
10254,73,75,-2,2
10255,76,68,8,8
10256,99,106,-7,7
10257,131,131,0,0
10258,88,87,1,1
10259,61,65,-4,4
10260,135,133,2,2
10261,52,59,-7,7
10262,114,115,-1,1
10263,82,84,-2,2
10264,106,107,-1,1
10265,102,119,-17,17
10266,105,118,-13,13
10267,77,84,-7,7
10268,66,66,0,0
10269,129,119,10,10
10270,73,75,-2,2
10271,77,76,1,1
10272,70,67,3,3
10273,40,44,-4,4
10274,55,65,-10,10
10275,130,136,-6,6
10276,168,158,10,10
10277,76,67,9,9
10278,136,131,5,5
10279,104,110,-6,6
10280,52,60,-8,8
10281,151,145,6,6
10282,74,77,-3,3
10283,60,69,-9,9
10284,90,81,9,9
10285,81,75,6,6
10286,118,118,0,0
10287,96,97,-1,1
10288,96,93,3,3
10289,151,157,-6,6
10290,125,118,7,7
10291,73,71,2,2
10292,107,106,1,1
10293,113,117,-4,4
10294,118,126,-8,8
10295,71,80,-9,9
10296,68,71,-3,3
10297,65,68,-3,3
10298,48,56,-8,8
10299,73,76,-3,3
10300,86,110,-24,24
10301,45,48,-3,3
10302,87,86,1,1
10303,113,112,1,1
10304,137,134,3,3
10305,114,116,-2,2
10306,61,63,-2,2
10307,106,92,14,14
10308,128,125,3,3
10309,111,115,-4,4
10310,100,98,2,2
10311,100,94,6,6
10312,133,140,-7,7
10313,96,96,0,0
10314,133,131,2,2
10315,130,131,-1,1
10316,78,84,-6,6
10317,130,112,18,18
10318,110,121,-11,11
10319,75,81,-6,6
10320,144,146,-2,2
10321,81,86,-5,5
10322,63,69,-6,6
10323,122,125,-3,3
10324,119,128,-9,9
10325,99,97,2,2
10326,111,111,0,0
10327,143,122,21,21
10328,104,118,-14,14
10329,93,85,8,8
10330,72,80,-8,8
10331,79,82,-3,3
10332,128,133,-5,5
10333,99,93,6,6
10334,76,83,-7,7
10335,100,102,-2,2
10336,70,70,0,0
10337,148,150,-2,2
10338,68,66,2,2
10339,100,112,-12,12
10340,74,89,-15,15
10341,86,76,10,10
10342,93,87,6,6
10343,138,120,18,18
10344,149,161,-12,12
10345,65,61,4,4
10346,89,94,-5,5
10347,117,86,31,31
10348,98,84,14,14
10349,127,128,-1,1
10350,106,98,8,8
10351,68,62,6,6
10352,160,140,20,20
10353,83,90,-7,7
10354,129,117,12,12
10355,117,102,15,15
10356,74,82,-8,8
10357,101,99,2,2
10358,113,113,0,0
10359,121,114,7,7
10360,122,129,-7,7
10361,117,115,2,2
10362,131,134,-3,3
10363,68,61,7,7
10364,86,93,-7,7
10365,97,89,8,8
10366,125,121,4,4
10367,65,70,-5,5
10368,49,46,3,3
10369,81,79,2,2
10370,103,108,-5,5
10371,110,102,8,8
10372,86,90,-4,4
10373,103,99,4,4
10374,103,109,-6,6
10375,59,60,-1,1
10376,119,111,8,8
10377,40,39,1,1
10378,102,103,-1,1
10379,120,113,7,7
10380,103,110,-7,7
10381,101,98,3,3
10382,106,107,-1,1
10383,110,114,-4,4
10384,82,77,5,5
10385,88,80,8,8
10386,174,175,-1,1
10387,99,87,12,12
10388,66,65,1,1
10389,105,111,-6,6
10390,59,58,1,1
10391,128,115,13,13
10392,53,63,-10,10
10393,123,127,-4,4
10394,88,82,6,6
10395,80,79,1,1
10396,72,88,-16,16
10397,73,77,-4,4
10398,60,63,-3,3
10399,88,86,2,2
10400,82,82,0,0
10401,156,148,8,8
10402,163,143,20,20
10403,73,72,1,1
10404,105,94,11,11
10405,137,125,12,12
10406,74,78,-4,4
10407,85,79,6,6
10408,71,77,-6,6
10409,56,65,-9,9
10410,95,92,3,3
10411,48,49,-1,1
10412,113,117,-4,4
10413,96,93,3,3
10414,111,112,-1,1
10415,80,113,-33,33
10416,44,48,-4,4
10417,73,71,2,2
10418,132,111,21,21
10419,100,89,11,11
10420,126,121,5,5
10421,77,84,-7,7
10422,81,92,-11,11
10423,68,69,-1,1
10424,73,93,-20,20
10425,100,98,2,2
10426,98,89,9,9
10427,60,60,0,0
10428,110,111,-1,1
10429,102,98,4,4
10430,75,72,3,3
10431,138,141,-3,3
10432,81,76,5,5
10433,108,116,-8,8
10434,148,134,14,14
10435,59,56,3,3
10436,88,91,-3,3
10437,104,85,19,19
10438,72,65,7,7
10439,82,85,-3,3
10440,93,92,1,1
10441,93,87,6,6
10442,160,159,1,1
10443,129,128,1,1
10444,113,117,-4,4
10445,116,99,17,17
10446,119,116,3,3
10447,86,84,2,2
10448,44,44,0,0
10449,76,70,6,6
10450,61,64,-3,3
10451,80,90,-10,10
10452,99,87,12,12
10453,87,101,-14,14
10454,117,116,1,1
10455,50,73,-23,23
10456,150,140,10,10
10457,123,114,9,9
10458,100,78,22,22
10459,147,141,6,6
10460,185,186,-1,1
10461,59,59,0,0
10462,81,75,6,6
10463,61,76,-15,15
10464,126,123,3,3
10465,82,84,-2,2
10466,100,96,4,4
10467,81,77,4,4
10468,39,39,0,0
10469,77,73,4,4
10470,51,54,-3,3
10471,98,110,-12,12
10472,133,147,-14,14
10473,80,82,-2,2
10474,151,131,20,20
10475,88,78,10,10
10476,55,53,2,2
10477,72,79,-7,7
10478,75,86,-11,11
10479,77,70,7,7
10480,81,70,11,11
10481,144,139,5,5
10482,121,103,18,18
10483,57,56,1,1
10484,69,73,-4,4
10485,99,101,-2,2
10486,64,72,-8,8
10487,130,112,18,18
10488,106,108,-2,2
10489,72,73,-1,1
10490,67,76,-9,9
10491,68,67,1,1
10492,79,86,-7,7
10493,81,82,-1,1
10494,69,69,0,0
10495,67,67,0,0
10496,73,74,-1,1
10497,39,48,-9,9
10498,112,127,-15,15
10499,71,76,-5,5
10500,132,124,8,8
10501,133,137,-4,4
10502,95,92,3,3
10503,112,109,3,3
10504,112,98,14,14
10505,99,115,-16,16
10506,71,80,-9,9
10507,127,140,-13,13
10508,89,96,-7,7
10509,87,79,8,8
10510,124,115,9,9
10511,66,71,-5,5
10512,92,96,-4,4
10513,80,74,6,6
10514,94,95,-1,1
10515,146,150,-4,4
10516,139,138,1,1
10517,136,133,3,3
10518,63,62,1,1
10519,54,60,-6,6
10520,171,159,12,12
10521,91,85,6,6
10522,170,152,18,18
10523,147,147,0,0
10524,70,70,0,0
10525,140,145,-5,5
10526,117,119,-2,2
10527,72,71,1,1
10528,132,130,2,2
10529,63,63,0,0
10530,102,109,-7,7
10531,81,84,-3,3
10532,90,89,1,1
10533,87,90,-3,3
10534,127,122,5,5
10535,56,59,-3,3
10536,44,43,1,1
10537,122,119,3,3
10538,111,110,1,1
10539,66,69,-3,3
10540,110,117,-7,7
10541,101,103,-2,2
10542,119,122,-3,3
10543,75,80,-5,5
10544,65,67,-2,2
10545,55,60,-5,5
10546,76,86,-10,10
10547,70,73,-3,3
10548,157,184,-27,27
10549,27,32,-5,5
10550,83,80,3,3
10551,125,122,3,3
10552,95,102,-7,7
10553,86,77,9,9
10554,116,117,-1,1
10555,66,66,0,0
10556,144,163,-19,19
10557,96,108,-12,12
10558,94,95,-1,1
10559,37,43,-6,6
10560,195,181,14,14
10561,108,103,5,5
10562,130,128,2,2
10563,78,83,-5,5
10564,57,64,-7,7
10565,72,68,4,4
10566,57,71,-14,14
10567,90,100,-10,10
10568,67,64,3,3
10569,157,157,0,0
10570,57,65,-8,8
10571,94,95,-1,1
10572,69,73,-4,4
10573,86,84,2,2
10574,58,61,-3,3
10575,105,104,1,1
10576,74,74,0,0
10577,116,113,3,3
10578,78,72,6,6
10579,115,113,2,2
10580,64,66,-2,2
10581,127,118,9,9
10582,77,78,-1,1
10583,99,88,11,11
10584,68,72,-4,4
10585,101,113,-12,12
10586,88,85,3,3
10587,121,121,0,0
10588,100,99,1,1
10589,87,69,18,18
10590,80,72,8,8
10591,43,50,-7,7
10592,103,112,-9,9
10593,149,137,12,12
10594,67,72,-5,5
10595,110,113,-3,3
10596,127,116,11,11
10597,55,58,-3,3
10598,133,128,5,5
10599,82,83,-1,1
10600,45,45,0,0
10601,59,58,1,1
10602,120,118,2,2
10603,103,110,-7,7
10604,145,144,1,1
10605,119,125,-6,6
10606,75,82,-7,7
10607,74,69,5,5
10608,109,116,-7,7
10609,148,142,6,6
10610,80,79,1,1
10611,68,67,1,1
10612,116,120,-4,4
10613,114,109,5,5
10614,100,99,1,1
10615,72,73,-1,1
10616,119,132,-13,13
10617,96,88,8,8
10618,58,63,-5,5
10619,132,140,-8,8
10620,169,169,0,0
10621,70,70,0,0
10622,90,84,6,6
10623,93,90,3,3
10624,107,123,-16,16
10625,124,116,8,8
10626,43,48,-5,5
10627,102,97,5,5
10628,107,109,-2,2
10629,61,66,-5,5
10630,62,63,-1,1
10631,72,69,3,3
10632,129,120,9,9
10633,74,72,2,2
10634,81,76,5,5
10635,107,97,10,10
10636,79,81,-2,2
10637,43,39,4,4
10638,72,75,-3,3
10639,102,87,15,15
10640,93,85,8,8
10641,90,91,-1,1
10642,66,60,6,6
10643,125,120,5,5
10644,73,72,1,1
10645,78,71,7,7
10646,49,53,-4,4
10647,81,75,6,6
10648,74,80,-6,6
10649,78,75,3,3
10650,82,82,0,0
10651,92,112,-20,20
10652,110,78,32,32
10653,96,91,5,5
10654,83,87,-4,4
10655,143,141,2,2
10656,88,79,9,9
10657,111,111,0,0
10658,54,53,1,1
10659,66,70,-4,4
10660,68,83,-15,15
10661,57,66,-9,9
10662,169,149,20,20
10663,63,72,-9,9
10664,131,141,-10,10
10665,102,97,5,5
10666,47,49,-2,2
10667,58,61,-3,3
10668,127,122,5,5
10669,100,90,10,10
10670,109,115,-6,6
10671,109,102,7,7
10672,92,90,2,2
10673,93,86,7,7
10674,64,64,0,0
10675,95,99,-4,4
10676,97,92,5,5
10677,87,90,-3,3
10678,65,71,-6,6
10679,84,84,0,0
10680,140,122,18,18
10681,88,84,4,4
10682,56,53,3,3
10683,131,129,2,2
10684,107,102,5,5
10685,93,86,7,7
10686,125,118,7,7
10687,204,189,15,15
10688,128,120,8,8
10689,80,75,5,5
10690,161,180,-19,19
10691,114,112,2,2
10692,96,80,16,16
10693,79,81,-2,2
10694,60,61,-1,1
10695,176,166,10,10
10696,41,45,-4,4
10697,50,54,-4,4
10698,45,47,-2,2
10699,168,134,34,34
10700,65,71,-6,6
10701,57,48,9,9
10702,98,97,1,1
10703,77,76,1,1
10704,84,81,3,3
10705,76,78,-2,2
10706,75,85,-10,10
10707,93,93,0,0
10708,71,105,-34,34
10709,87,83,4,4
10710,65,67,-2,2
10711,130,122,8,8
10712,74,64,10,10
10713,34,43,-9,9
10714,129,113,16,16
10715,114,121,-7,7
10716,70,66,4,4
10717,50,62,-12,12
10718,93,87,6,6
10719,55,55,0,0
10720,94,81,13,13
10721,46,41,5,5
10722,50,47,3,3
10723,104,94,10,10
10724,118,117,1,1
10725,102,99,3,3
10726,84,85,-1,1
10727,165,174,-9,9
10728,97,98,-1,1
10729,92,93,-1,1
10730,89,76,13,13
10731,76,75,1,1
10732,75,93,-18,18
10733,142,141,1,1
10734,96,96,0,0
10735,145,147,-2,2
10736,87,89,-2,2
10737,64,62,2,2
10738,48,57,-9,9
10739,94,90,4,4
10740,69,67,2,2
10741,66,60,6,6
10742,131,119,12,12
10743,98,94,4,4
10744,94,99,-5,5
10745,65,66,-1,1
10746,89,92,-3,3
10747,128,121,7,7
10748,144,131,13,13
10749,53,59,-6,6
10750,108,114,-6,6
10751,29,41,-12,12
10752,58,59,-1,1
10753,94,108,-14,14
10754,74,70,4,4
10755,133,130,3,3
10756,75,75,0,0
10757,87,79,8,8
10758,133,131,2,2
10759,74,68,6,6
10760,80,80,0,0
10761,52,54,-2,2
10762,116,116,0,0
10763,158,152,6,6
10764,224,203,21,21
10765,97,100,-3,3
10766,128,120,8,8
10767,102,101,1,1
10768,114,109,5,5
10769,41,40,1,1
10770,86,86,0,0
10771,42,49,-7,7
10772,111,109,2,2
10773,142,145,-3,3
10774,68,72,-4,4
10775,65,69,-4,4
10776,116,117,-1,1
10777,91,85,6,6
10778,157,156,1,1
10779,140,138,2,2
10780,126,118,8,8
10781,77,70,7,7
10782,86,87,-1,1
10783,102,107,-5,5
10784,95,91,4,4
10785,64,64,0,0
10786,103,106,-3,3
10787,55,61,-6,6
10788,77,79,-2,2
10789,160,150,10,10
10790,58,60,-2,2
10791,191,185,6,6
10792,121,127,-6,6
10793,77,63,14,14
10794,161,152,9,9
10795,65,64,1,1
10796,80,90,-10,10
10797,77,81,-4,4
10798,67,76,-9,9
10799,51,51,0,0
10800,76,76,0,0
10801,155,139,16,16
10802,96,88,8,8
10803,65,64,1,1
10804,98,96,2,2
10805,101,97,4,4
10806,49,47,2,2
10807,112,106,6,6
10808,81,67,14,14
10809,49,50,-1,1
10810,65,64,1,1
10811,90,85,5,5
10812,126,117,9,9
10813,48,51,-3,3
10814,120,118,2,2
10815,55,58,-3,3
10816,75,87,-12,12
10817,83,97,-14,14
10818,135,127,8,8
10819,131,132,-1,1
10820,117,127,-10,10
10821,88,81,7,7
10822,92,91,1,1
10823,90,96,-6,6
10824,98,101,-3,3
10825,101,95,6,6
10826,138,140,-2,2
10827,84,89,-5,5
10828,104,110,-6,6
10829,98,115,-17,17
10830,87,90,-3,3
10831,102,100,2,2
10832,81,83,-2,2
10833,75,77,-2,2
10834,145,138,7,7
10835,114,113,1,1
10836,63,64,-1,1
10837,51,56,-5,5
10838,109,111,-2,2
10839,69,67,2,2
10840,87,106,-19,19
10841,72,67,5,5
10842,114,117,-3,3
10843,96,85,11,11
10844,140,146,-6,6
10845,171,163,8,8
10846,97,93,4,4
10847,77,78,-1,1
10848,125,102,23,23
10849,75,75,0,0
10850,98,104,-6,6
10851,118,118,0,0
10852,120,115,5,5
10853,69,68,1,1
10854,57,54,3,3
10855,129,119,10,10
10856,127,125,2,2
10857,81,82,-1,1
10858,102,103,-1,1
10859,154,143,11,11
10860,116,110,6,6
10861,47,47,0,0
10862,124,118,6,6
10863,124,117,7,7
10864,138,128,10,10
10865,82,80,2,2
10866,120,115,5,5
10867,114,105,9,9
10868,90,87,3,3
10869,88,83,5,5
10870,53,56,-3,3
10871,84,78,6,6
10872,80,80,0,0
10873,147,140,7,7
10874,79,87,-8,8
10875,115,109,6,6
10876,80,80,0,0
10877,117,115,2,2
10878,123,115,8,8
10879,54,61,-7,7
10880,93,91,2,2
10881,145,142,3,3
10882,128,134,-6,6
10883,73,73,0,0
10884,51,48,3,3
10885,65,65,0,0
10886,102,115,-13,13
10887,95,106,-11,11
10888,58,56,2,2
10889,49,60,-11,11
10890,113,116,-3,3
10891,121,124,-3,3
10892,148,150,-2,2
10893,139,145,-6,6
10894,96,113,-17,17
10895,143,136,7,7
10896,92,95,-3,3
10897,78,78,0,0
10898,11,18,-7,7
10899,66,72,-6,6
10900,79,77,2,2
10901,70,69,1,1
10902,67,72,-5,5
10903,77,77,0,0
10904,144,143,1,1
10905,84,87,-3,3
10906,50,49,1,1
10907,79,72,7,7
10908,90,98,-8,8
10909,62,60,2,2
10910,134,145,-11,11
10911,110,104,6,6
10912,78,100,-22,22
10913,142,124,18,18
10914,79,84,-5,5
10915,143,140,3,3
10916,80,85,-5,5
10917,37,39,-2,2
10918,70,65,5,5
10919,96,103,-7,7
10920,135,142,-7,7
10921,76,75,1,1
10922,181,171,10,10
10923,105,113,-8,8
10924,49,50,-1,1
10925,65,72,-7,7
10926,139,132,7,7
10927,38,41,-3,3
10928,83,81,2,2
10929,56,57,-1,1
10930,120,109,11,11
10931,109,115,-6,6
10932,160,151,9,9
10933,117,129,-12,12
10934,92,98,-6,6
10935,99,98,1,1
10936,114,114,0,0
10937,70,62,8,8
10938,93,100,-7,7
10939,112,108,4,4
10940,118,111,7,7
10941,72,66,6,6
10942,51,58,-7,7
10943,119,107,12,12
10944,85,84,1,1
10945,101,111,-10,10
10946,78,84,-6,6
10947,75,74,1,1
10948,69,80,-11,11
10949,120,114,6,6
10950,72,70,2,2
10951,64,75,-11,11
10952,80,80,0,0
10953,80,83,-3,3
10954,75,73,2,2
10955,76,72,4,4
10956,157,141,16,16
10957,80,97,-17,17
10958,117,117,0,0
10959,103,93,10,10
10960,129,113,16,16
10961,139,136,3,3
10962,98,93,5,5
10963,87,77,10,10
10964,165,147,18,18
10965,73,76,-3,3
10966,137,136,1,1
10967,150,154,-4,4
10968,74,83,-9,9
10969,157,148,9,9
10970,82,98,-16,16
10971,74,69,5,5
10972,37,46,-9,9
10973,95,94,1,1
10974,104,90,14,14
10975,124,129,-5,5
10976,37,48,-11,11
10977,80,103,-23,23
10978,80,91,-11,11
10979,88,82,6,6
10980,147,122,25,25
10981,65,73,-8,8
10982,101,101,0,0
10983,93,90,3,3
10984,71,71,0,0
10985,64,57,7,7
10986,71,75,-4,4
10987,60,68,-8,8
10988,64,75,-11,11
10989,55,57,-2,2
10990,48,72,-24,24
10991,141,131,10,10
10992,95,91,4,4
10993,58,62,-4,4
10994,95,92,3,3
10995,71,75,-4,4
10996,89,87,2,2
10997,125,123,2,2
10998,170,175,-5,5
10999,153,156,-3,3
11000,84,80,4,4
11001,137,136,1,1
11002,81,77,4,4
11003,77,89,-12,12
11004,75,82,-7,7
11005,110,111,-1,1
11006,53,52,1,1
11007,92,87,5,5
11008,105,119,-14,14
11009,55,61,-6,6
11010,85,101,-16,16
11011,141,125,16,16
11012,126,132,-6,6
11013,82,82,0,0
11014,124,119,5,5
11015,76,94,-18,18
11016,126,110,16,16
11017,56,58,-2,2
11018,65,66,-1,1
11019,91,100,-9,9
11020,65,70,-5,5
11021,84,89,-5,5
11022,95,94,1,1
11023,109,96,13,13
11024,74,65,9,9
11025,60,56,4,4
11026,65,61,4,4
11027,77,78,-1,1
11028,79,81,-2,2
11029,65,63,2,2
11030,110,111,-1,1
11031,116,123,-7,7
11032,67,69,-2,2
11033,83,83,0,0
11034,120,113,7,7
11035,157,132,25,25
11036,123,122,1,1
11037,80,77,3,3
11038,99,102,-3,3
11039,88,81,7,7
11040,67,81,-14,14
11041,134,132,2,2
11042,76,72,4,4
11043,96,109,-13,13
11044,83,85,-2,2
11045,57,59,-2,2
11046,93,90,3,3
11047,60,62,-2,2
11048,85,81,4,4
11049,62,71,-9,9
11050,110,114,-4,4
11051,108,113,-5,5
11052,66,64,2,2
11053,67,80,-13,13
11054,71,63,8,8
11055,79,74,5,5
11056,145,150,-5,5
11057,62,74,-12,12
11058,60,69,-9,9
11059,126,130,-4,4
11060,120,124,-4,4
11061,67,69,-2,2
11062,96,96,0,0
11063,54,50,4,4
11064,66,60,6,6
11065,101,96,5,5
11066,83,78,5,5
11067,120,113,7,7
11068,186,182,4,4
11069,72,73,-1,1
11070,91,84,7,7
11071,158,149,9,9
11072,67,70,-3,3
11073,118,99,19,19
11074,63,58,5,5
11075,105,97,8,8
11076,124,105,19,19
11077,108,87,21,21
11078,121,114,7,7
11079,39,36,3,3
11080,90,89,1,1
11081,218,227,-9,9
11082,71,81,-10,10
11083,81,86,-5,5
11084,61,55,6,6
11085,86,80,6,6
11086,59,57,2,2
11087,168,168,0,0
11088,86,97,-11,11
11089,104,112,-8,8
11090,89,92,-3,3
11091,80,80,0,0
11092,81,78,3,3
11093,87,77,10,10
11094,119,113,6,6
11095,136,127,9,9
11096,113,108,5,5
11097,68,80,-12,12
11098,86,75,11,11
11099,103,106,-3,3
11100,72,80,-8,8
11101,142,148,-6,6
11102,172,186,-14,14
11103,166,161,5,5
11104,96,111,-15,15
11105,106,118,-12,12
11106,125,118,7,7
11107,125,119,6,6
11108,75,102,-27,27
11109,94,85,9,9
11110,103,108,-5,5
11111,58,60,-2,2
11112,81,75,6,6
11113,133,120,13,13
11114,122,121,1,1
11115,99,108,-9,9
11116,67,67,0,0
11117,126,119,7,7
11118,91,87,4,4
11119,73,75,-2,2
11120,89,93,-4,4
11121,124,141,-17,17
11122,68,56,12,12
11123,126,121,5,5
11124,76,82,-6,6
11125,167,151,16,16
11126,36,37,-1,1
11127,137,133,4,4
11128,93,89,4,4
11129,115,114,1,1
11130,125,118,7,7
11131,79,80,-1,1
11132,59,60,-1,1
11133,90,91,-1,1
11134,73,74,-1,1
11135,74,73,1,1
11136,111,102,9,9
11137,129,126,3,3
11138,80,78,2,2
11139,97,93,4,4
11140,83,80,3,3
11141,129,127,2,2
11142,120,118,2,2
11143,93,83,10,10
11144,95,109,-14,14
11145,101,99,2,2
11146,93,91,2,2
11147,112,127,-15,15
11148,103,107,-4,4
11149,60,62,-2,2
11150,95,110,-15,15
11151,62,61,1,1
11152,69,70,-1,1
11153,83,99,-16,16
11154,53,47,6,6
11155,98,90,8,8
11156,101,112,-11,11
11157,73,84,-11,11
11158,94,107,-13,13
11159,55,52,3,3
11160,93,111,-18,18
11161,70,72,-2,2
11162,102,110,-8,8
11163,75,69,6,6
11164,77,66,11,11
11165,96,93,3,3
11166,93,108,-15,15
11167,78,86,-8,8
11168,155,146,9,9
11169,94,97,-3,3
11170,66,67,-1,1
11171,71,81,-10,10
11172,96,94,2,2
11173,143,144,-1,1
11174,60,58,2,2
11175,79,86,-7,7
11176,93,94,-1,1
11177,126,124,2,2
11178,128,120,8,8
11179,103,93,10,10
11180,95,90,5,5
11181,86,106,-20,20
11182,95,91,4,4
11183,68,68,0,0
11184,102,110,-8,8
11185,74,76,-2,2
11186,94,121,-27,27
11187,83,63,20,20
11188,107,107,0,0
11189,65,59,6,6
11190,66,69,-3,3
11191,113,115,-2,2
11192,164,146,18,18
11193,60,64,-4,4
11194,139,155,-16,16
11195,96,104,-8,8
11196,87,77,10,10
11197,113,112,1,1
11198,180,173,7,7
11199,106,99,7,7
11200,73,75,-2,2
11201,121,121,0,0
11202,125,121,4,4
11203,62,63,-1,1
11204,56,57,-1,1
11205,81,80,1,1
11206,103,95,8,8
11207,107,101,6,6
11208,70,64,6,6
11209,107,101,6,6
11210,167,201,-34,34
11211,72,59,13,13
11212,123,116,7,7
11213,178,185,-7,7
11214,142,149,-7,7
11215,138,126,12,12
11216,148,137,11,11
11217,141,138,3,3
11218,119,129,-10,10
11219,67,68,-1,1
11220,126,140,-14,14
11221,35,62,-27,27
11222,86,92,-6,6
11223,82,92,-10,10
11224,135,164,-29,29
11225,111,100,11,11
11226,145,143,2,2
11227,99,84,15,15
11228,69,76,-7,7
11229,81,93,-12,12
11230,58,58,0,0
11231,58,68,-10,10
11232,141,123,18,18
11233,75,66,9,9
11234,108,116,-8,8
11235,128,138,-10,10
11236,87,100,-13,13
11237,90,97,-7,7
11238,133,133,0,0
11239,73,71,2,2
11240,63,62,1,1
11241,73,77,-4,4
11242,136,147,-11,11
11243,105,100,5,5
11244,60,64,-4,4
11245,102,95,7,7
11246,100,96,4,4
11247,57,62,-5,5
11248,71,69,2,2
11249,76,74,2,2
11250,58,62,-4,4
11251,204,191,13,13
11252,96,95,1,1
11253,113,109,4,4
11254,114,95,19,19
11255,138,132,6,6
11256,79,86,-7,7
11257,142,132,10,10
11258,109,101,8,8
11259,141,141,0,0
11260,73,77,-4,4
11261,89,87,2,2
11262,85,89,-4,4
11263,159,146,13,13
11264,107,107,0,0
11265,68,76,-8,8
11266,79,83,-4,4
11267,109,113,-4,4
11268,78,72,6,6
11269,61,64,-3,3
11270,102,102,0,0
11271,140,138,2,2
11272,156,150,6,6
11273,155,151,4,4
11274,118,108,10,10
11275,85,80,5,5
11276,162,156,6,6
11277,105,111,-6,6
11278,100,98,2,2
11279,102,91,11,11
11280,130,120,10,10
11281,55,60,-5,5
11282,69,77,-8,8
11283,89,83,6,6
11284,39,50,-11,11
11285,139,132,7,7
11286,94,92,2,2
11287,79,72,7,7
11288,171,163,8,8
11289,139,133,6,6
11290,85,90,-5,5
11291,86,85,1,1
11292,114,108,6,6
11293,134,125,9,9
11294,51,52,-1,1
11295,47,52,-5,5
11296,56,63,-7,7
11297,72,75,-3,3
11298,96,103,-7,7
11299,143,143,0,0
11300,115,99,16,16
11301,99,111,-12,12
11302,91,101,-10,10
11303,85,86,-1,1
11304,151,134,17,17
11305,42,51,-9,9
11306,125,117,8,8
11307,41,71,-30,30
11308,137,118,19,19
11309,100,94,6,6
11310,143,126,17,17
11311,174,170,4,4
11312,81,79,2,2
11313,106,103,3,3
11314,150,136,14,14
11315,66,70,-4,4
11316,119,117,2,2
11317,133,116,17,17
11318,58,64,-6,6
11319,90,94,-4,4
11320,111,113,-2,2
11321,157,141,16,16
11322,106,109,-3,3
11323,121,119,2,2
11324,61,65,-4,4
11325,111,111,0,0
11326,88,90,-2,2
11327,81,82,-1,1
11328,93,92,1,1
11329,77,77,0,0
11330,163,141,22,22
11331,104,108,-4,4
11332,76,72,4,4
11333,52,52,0,0
11334,87,96,-9,9
11335,104,106,-2,2
11336,62,60,2,2
11337,112,118,-6,6
11338,76,80,-4,4
11339,129,126,3,3
11340,106,118,-12,12
11341,63,66,-3,3
11342,87,89,-2,2
11343,106,112,-6,6
11344,86,76,10,10
11345,88,73,15,15
11346,89,90,-1,1
11347,71,78,-7,7
11348,116,104,12,12
11349,55,58,-3,3
11350,83,91,-8,8
11351,64,65,-1,1
11352,71,73,-2,2
11353,128,119,9,9
11354,57,61,-4,4
11355,127,129,-2,2
11356,47,45,2,2
11357,94,86,8,8
11358,60,56,4,4
11359,60,67,-7,7
11360,55,60,-5,5
11361,97,102,-5,5
11362,82,84,-2,2
11363,109,109,0,0
11364,111,105,6,6
11365,61,63,-2,2
11366,70,77,-7,7
11367,79,78,1,1
11368,107,109,-2,2
11369,89,85,4,4
11370,60,61,-1,1
11371,147,146,1,1
11372,83,85,-2,2
11373,104,102,2,2
11374,134,138,-4,4
11375,88,87,1,1
11376,35,39,-4,4
11377,117,133,-16,16
11378,78,79,-1,1
11379,149,138,11,11
11380,85,86,-1,1
11381,97,96,1,1
11382,115,122,-7,7
11383,109,94,15,15
11384,81,80,1,1
11385,81,90,-9,9
11386,93,97,-4,4
11387,123,132,-9,9
11388,95,95,0,0
11389,102,95,7,7
11390,57,56,1,1
11391,179,179,0,0
11392,126,129,-3,3
11393,62,62,0,0
11394,65,77,-12,12
11395,109,101,8,8
11396,74,75,-1,1
11397,113,113,0,0
11398,121,115,6,6
11399,114,106,8,8
11400,63,64,-1,1
11401,103,100,3,3
11402,80,73,7,7
11403,45,76,-31,31
11404,93,94,-1,1
11405,121,112,9,9
11406,166,170,-4,4
11407,63,76,-13,13
11408,66,62,4,4
11409,55,74,-19,19
11410,116,117,-1,1
11411,96,94,2,2
11412,76,74,2,2
11413,54,67,-13,13
11414,108,109,-1,1
11415,51,54,-3,3
11416,109,110,-1,1
11417,75,74,1,1
11418,86,93,-7,7
11419,82,92,-10,10
11420,36,41,-5,5
11421,64,72,-8,8
11422,119,110,9,9
11423,53,56,-3,3
11424,73,74,-1,1
11425,58,53,5,5
11426,41,45,-4,4
11427,58,63,-5,5
11428,118,118,0,0
11429,134,125,9,9
11430,75,75,0,0
11431,50,54,-4,4
11432,98,100,-2,2
11433,33,36,-3,3
11434,109,102,7,7
11435,79,84,-5,5
11436,60,60,0,0
11437,100,108,-8,8
11438,85,74,11,11
11439,75,81,-6,6
11440,82,73,9,9
11441,57,57,0,0
11442,164,165,-1,1
11443,157,150,7,7
11444,76,71,5,5
11445,72,77,-5,5
11446,57,83,-26,26
11447,96,111,-15,15
11448,90,84,6,6
11449,100,96,4,4
11450,129,124,5,5
11451,91,87,4,4
11452,98,96,2,2
11453,102,98,4,4
11454,198,198,0,0
11455,78,75,3,3
11456,60,61,-1,1
11457,173,169,4,4
11458,98,98,0,0
11459,72,71,1,1
11460,90,122,-32,32
11461,170,163,7,7
11462,163,149,14,14
11463,77,78,-1,1
11464,66,72,-6,6
11465,67,60,7,7
11466,66,69,-3,3
11467,99,88,11,11
11468,86,86,0,0
11469,85,89,-4,4
11470,71,71,0,0
11471,136,127,9,9
11472,86,82,4,4
11473,60,63,-3,3
11474,119,119,0,0
11475,132,134,-2,2
11476,114,117,-3,3
11477,66,68,-2,2
11478,147,140,7,7
11479,90,90,0,0
11480,112,109,3,3
11481,68,63,5,5
11482,119,113,6,6
11483,121,116,5,5
11484,70,97,-27,27
11485,124,117,7,7
11486,47,52,-5,5
11487,70,78,-8,8
11488,80,77,3,3
11489,44,47,-3,3
11490,75,81,-6,6
11491,65,67,-2,2
11492,80,72,8,8
11493,95,96,-1,1
11494,124,120,4,4
11495,50,59,-9,9
11496,133,123,10,10
11497,77,77,0,0
11498,105,109,-4,4
11499,70,70,0,0
11500,86,87,-1,1
11501,97,85,12,12
11502,80,75,5,5
11503,98,106,-8,8
11504,106,112,-6,6
11505,74,62,12,12
11506,66,70,-4,4
11507,118,120,-2,2
11508,110,96,14,14
11509,156,147,9,9
11510,67,64,3,3
11511,170,146,24,24
11512,117,108,9,9
11513,101,99,2,2
11514,130,123,7,7
11515,93,101,-8,8
11516,105,100,5,5
11517,41,59,-18,18
11518,84,70,14,14
11519,59,61,-2,2
11520,141,136,5,5
11521,47,60,-13,13
11522,114,95,19,19
11523,137,132,5,5
11524,126,135,-9,9
11525,62,63,-1,1
11526,111,114,-3,3
11527,74,76,-2,2
11528,81,77,4,4
11529,160,154,6,6
11530,102,99,3,3
11531,91,84,7,7
11532,83,87,-4,4
11533,72,62,10,10
11534,68,76,-8,8
11535,126,116,10,10
11536,77,83,-6,6
11537,160,140,20,20
11538,106,110,-4,4
11539,81,83,-2,2
11540,170,142,28,28
11541,131,125,6,6
11542,50,62,-12,12
11543,115,111,4,4
11544,70,75,-5,5
11545,109,118,-9,9
11546,72,67,5,5
11547,74,76,-2,2
11548,67,67,0,0
11549,81,78,3,3
11550,83,84,-1,1
11551,105,101,4,4
11552,95,107,-12,12
11553,133,123,10,10
11554,115,125,-10,10
11555,98,92,6,6
11556,55,43,12,12
11557,109,111,-2,2
11558,50,60,-10,10
11559,145,137,8,8
11560,89,79,10,10
11561,85,87,-2,2
11562,85,85,0,0
11563,65,83,-18,18
11564,86,87,-1,1
11565,105,95,10,10
11566,53,55,-2,2
11567,60,61,-1,1
11568,121,114,7,7
11569,52,63,-11,11
11570,53,57,-4,4
11571,164,162,2,2
11572,92,100,-8,8
11573,100,103,-3,3
11574,111,109,2,2
11575,67,66,1,1
11576,169,159,10,10
11577,86,81,5,5
11578,51,49,2,2
11579,96,94,2,2
11580,97,82,15,15
11581,82,70,12,12
11582,75,78,-3,3
11583,103,98,5,5
11584,91,82,9,9
11585,108,110,-2,2
11586,85,92,-7,7
11587,137,136,1,1
11588,88,91,-3,3
11589,167,155,12,12
11590,65,70,-5,5
11591,92,85,7,7
11592,98,90,8,8
11593,68,69,-1,1
11594,65,59,6,6
11595,60,60,0,0
11596,71,68,3,3
11597,50,50,0,0
11598,79,84,-5,5
11599,102,99,3,3
11600,85,79,6,6
11601,69,66,3,3
11602,105,109,-4,4
11603,114,109,5,5
11604,77,79,-2,2
11605,70,61,9,9
11606,80,79,1,1
11607,137,144,-7,7
11608,105,99,6,6
11609,83,89,-6,6
11610,95,94,1,1
11611,70,78,-8,8
11612,183,176,7,7
11613,50,56,-6,6
11614,164,160,4,4
11615,125,117,8,8
11616,90,87,3,3
11617,108,103,5,5
11618,150,148,2,2
11619,90,83,7,7
11620,73,74,-1,1
11621,86,93,-7,7
11622,91,100,-9,9
11623,108,110,-2,2
11624,120,113,7,7
11625,127,114,13,13
11626,65,61,4,4
11627,121,93,28,28
11628,80,75,5,5
11629,89,70,19,19
11630,81,77,4,4
11631,96,78,18,18
11632,119,115,4,4
11633,118,121,-3,3
11634,128,131,-3,3
11635,56,72,-16,16
11636,56,68,-12,12
11637,86,80,6,6
11638,79,76,3,3
11639,116,108,8,8
11640,69,75,-6,6
11641,111,97,14,14
11642,81,96,-15,15
11643,56,60,-4,4
11644,119,122,-3,3
11645,82,72,10,10
11646,81,75,6,6
11647,136,121,15,15
11648,127,133,-6,6
11649,108,117,-9,9
11650,129,127,2,2
11651,74,96,-22,22
11652,63,72,-9,9
11653,168,153,15,15
11654,100,108,-8,8
11655,66,65,1,1
11656,70,84,-14,14
11657,101,98,3,3
11658,112,101,11,11
11659,102,89,13,13
11660,124,123,1,1
11661,82,82,0,0
11662,94,94,0,0
11663,70,80,-10,10
11664,72,77,-5,5
11665,67,64,3,3
11666,117,130,-13,13
11667,47,47,0,0
11668,110,96,14,14
11669,93,89,4,4
11670,64,62,2,2
11671,134,138,-4,4
11672,66,59,7,7
11673,69,67,2,2
11674,99,108,-9,9
11675,137,131,6,6
11676,58,61,-3,3
11677,85,80,5,5
11678,94,89,5,5
11679,104,107,-3,3
11680,108,111,-3,3
11681,89,86,3,3
11682,176,164,12,12
11683,88,89,-1,1
11684,46,50,-4,4
11685,94,96,-2,2
11686,162,157,5,5
11687,92,91,1,1
11688,96,93,3,3
11689,124,126,-2,2
11690,74,80,-6,6
11691,68,75,-7,7
11692,67,70,-3,3
11693,90,95,-5,5
11694,87,81,6,6
11695,86,77,9,9
11696,68,73,-5,5
11697,90,86,4,4
11698,77,81,-4,4
11699,126,110,16,16
11700,126,120,6,6
11701,94,94,0,0
11702,172,168,4,4
11703,63,91,-28,28
11704,101,93,8,8
11705,148,147,1,1
11706,87,94,-7,7
11707,127,116,11,11
11708,121,103,18,18
11709,142,144,-2,2
11710,73,73,0,0
11711,71,72,-1,1
11712,103,130,-27,27
11713,39,42,-3,3
11714,99,111,-12,12
11715,69,67,2,2
11716,182,165,17,17
11717,138,162,-24,24
11718,142,138,4,4
11719,114,123,-9,9
11720,54,55,-1,1
11721,93,88,5,5
11722,110,102,8,8
11723,38,44,-6,6
11724,133,135,-2,2
11725,143,132,11,11
11726,125,128,-3,3
11727,69,68,1,1
11728,120,120,0,0
11729,121,128,-7,7
11730,71,69,2,2
11731,97,94,3,3
11732,104,106,-2,2
11733,97,95,2,2
11734,47,49,-2,2
11735,184,173,11,11
11736,110,122,-12,12
11737,67,68,-1,1
11738,106,109,-3,3
11739,66,79,-13,13
11740,118,109,9,9
11741,81,85,-4,4
11742,83,84,-1,1
11743,64,75,-11,11
11744,70,59,11,11
11745,50,52,-2,2
11746,93,83,10,10
11747,157,138,19,19
11748,51,53,-2,2
11749,77,75,2,2
11750,87,83,4,4
11751,119,109,10,10
11752,115,109,6,6
11753,85,75,10,10
11754,63,77,-14,14
11755,91,95,-4,4
11756,67,64,3,3
11757,64,68,-4,4
11758,127,137,-10,10
11759,67,68,-1,1
11760,71,72,-1,1
11761,96,90,6,6
11762,111,111,0,0
11763,62,61,1,1
11764,77,73,4,4
11765,174,175,-1,1
11766,138,125,13,13
11767,65,65,0,0
11768,116,109,7,7
11769,47,52,-5,5
11770,119,117,2,2
11771,94,84,10,10
11772,122,121,1,1
11773,92,99,-7,7
11774,148,127,21,21
11775,67,70,-3,3
11776,101,102,-1,1
11777,86,86,0,0
11778,53,49,4,4
11779,77,81,-4,4
11780,126,115,11,11
11781,74,68,6,6
11782,91,92,-1,1
11783,81,86,-5,5
11784,43,47,-4,4
11785,114,110,4,4
11786,79,79,0,0
11787,96,92,4,4
11788,106,94,12,12
11789,79,84,-5,5
11790,120,135,-15,15
11791,107,110,-3,3
11792,98,96,2,2
11793,47,51,-4,4
11794,76,78,-2,2
11795,85,82,3,3
11796,67,77,-10,10
11797,79,75,4,4
11798,90,107,-17,17
11799,84,80,4,4
11800,152,142,10,10
11801,152,143,9,9
11802,87,84,3,3
11803,65,65,0,0
11804,83,81,2,2
11805,205,194,11,11
11806,151,147,4,4
11807,114,99,15,15
11808,83,92,-9,9
11809,66,71,-5,5
11810,66,71,-5,5
11811,105,99,6,6
11812,176,168,8,8
11813,166,163,3,3
11814,185,172,13,13
11815,108,109,-1,1
11816,95,96,-1,1
11817,67,84,-17,17
11818,87,89,-2,2
11819,82,85,-3,3
11820,121,116,5,5
11821,71,77,-6,6
11822,62,68,-6,6
11823,113,89,24,24
11824,104,99,5,5
11825,68,70,-2,2
11826,93,96,-3,3
11827,74,69,5,5
11828,60,62,-2,2
11829,80,89,-9,9
11830,70,72,-2,2
11831,75,77,-2,2
11832,76,69,7,7
11833,75,73,2,2
11834,80,72,8,8
11835,45,53,-8,8
11836,93,106,-13,13
11837,99,112,-13,13
11838,77,81,-4,4
11839,89,85,4,4
11840,143,156,-13,13
11841,83,90,-7,7
11842,102,101,1,1
11843,122,120,2,2
11844,118,110,8,8
11845,132,111,21,21
11846,102,113,-11,11
11847,75,72,3,3
11848,105,110,-5,5
11849,124,119,5,5
11850,75,70,5,5
11851,47,52,-5,5
11852,130,131,-1,1
11853,147,141,6,6
11854,134,127,7,7
11855,71,73,-2,2
11856,72,70,2,2
11857,42,45,-3,3
11858,97,92,5,5
11859,99,110,-11,11
11860,147,149,-2,2
11861,127,127,0,0
11862,65,65,0,0
11863,73,87,-14,14
11864,54,59,-5,5
11865,87,85,2,2
11866,125,134,-9,9
11867,120,125,-5,5
11868,75,75,0,0
11869,101,110,-9,9
11870,139,136,3,3
11871,93,88,5,5
11872,85,89,-4,4
11873,162,154,8,8
11874,158,153,5,5
11875,234,199,35,35
11876,76,78,-2,2
11877,68,65,3,3
11878,60,58,2,2
11879,115,108,7,7
11880,92,90,2,2
11881,99,85,14,14
11882,95,89,6,6
11883,69,81,-12,12
11884,53,59,-6,6
11885,100,96,4,4
11886,157,151,6,6
11887,103,99,4,4
11888,117,119,-2,2
11889,100,97,3,3
11890,95,86,9,9
11891,146,132,14,14
11892,97,92,5,5
11893,49,50,-1,1
11894,83,84,-1,1
11895,89,81,8,8
11896,97,102,-5,5
11897,98,98,0,0
11898,99,98,1,1
11899,52,60,-8,8
11900,92,93,-1,1
11901,128,134,-6,6
11902,60,57,3,3
11903,47,51,-4,4
11904,106,97,9,9
11905,78,74,4,4
11906,143,144,-1,1
11907,90,85,5,5
11908,125,120,5,5
11909,80,88,-8,8
11910,114,111,3,3
11911,161,149,12,12
11912,120,117,3,3
11913,41,61,-20,20
11914,38,41,-3,3
11915,105,115,-10,10
11916,48,47,1,1
11917,58,60,-2,2
11918,112,108,4,4
11919,59,60,-1,1
11920,76,77,-1,1
11921,118,116,2,2
11922,77,71,6,6
11923,51,57,-6,6
11924,76,66,10,10
11925,56,59,-3,3
11926,40,48,-8,8
11927,69,68,1,1
11928,77,77,0,0
11929,91,90,1,1
11930,149,147,2,2
11931,110,110,0,0
11932,115,122,-7,7
11933,117,114,3,3
11934,93,89,4,4
11935,31,43,-12,12
11936,111,127,-16,16
11937,79,83,-4,4
11938,72,73,-1,1
11939,44,46,-2,2
11940,89,88,1,1
11941,51,54,-3,3
11942,186,183,3,3
11943,144,134,10,10
11944,98,91,7,7
11945,68,69,-1,1
11946,82,84,-2,2
11947,110,110,0,0
11948,101,80,21,21
11949,73,76,-3,3
11950,106,109,-3,3
11951,50,52,-2,2
11952,128,127,1,1
11953,82,86,-4,4
11954,39,64,-25,25
11955,57,59,-2,2
11956,100,102,-2,2
11957,132,129,3,3
11958,58,59,-1,1
11959,65,64,1,1
11960,46,49,-3,3
11961,90,87,3,3
11962,132,127,5,5
11963,84,87,-3,3
11964,95,91,4,4
11965,152,153,-1,1
11966,67,68,-1,1
11967,96,109,-13,13
11968,78,79,-1,1
11969,99,87,12,12
11970,71,80,-9,9
11971,116,110,6,6
11972,122,128,-6,6
11973,81,79,2,2
11974,42,51,-9,9
11975,121,122,-1,1
11976,144,142,2,2
11977,190,187,3,3
11978,132,127,5,5
11979,112,98,14,14
11980,106,90,16,16
11981,104,99,5,5
11982,79,77,2,2
11983,81,81,0,0
11984,92,112,-20,20
11985,55,60,-5,5
11986,85,77,8,8
11987,72,71,1,1
11988,48,47,1,1
11989,92,105,-13,13
11990,44,49,-5,5
11991,112,110,2,2
11992,118,116,2,2
11993,74,78,-4,4
11994,102,93,9,9
11995,93,102,-9,9
11996,113,108,5,5
11997,89,92,-3,3
11998,133,133,0,0
11999,45,48,-3,3
12000,53,53,0,0
12001,139,141,-2,2
12002,61,60,1,1
12003,85,102,-17,17
12004,67,69,-2,2
12005,81,83,-2,2
12006,33,38,-5,5
12007,74,78,-4,4
12008,81,80,1,1
12009,81,88,-7,7
12010,114,111,3,3
12011,158,165,-7,7
12012,59,65,-6,6
12013,60,65,-5,5
12014,111,109,2,2
12015,102,101,1,1
12016,89,80,9,9
12017,80,76,4,4
12018,73,76,-3,3
12019,53,52,1,1
12020,124,120,4,4
12021,108,109,-1,1
12022,101,89,12,12
12023,93,97,-4,4
12024,69,64,5,5
12025,111,117,-6,6
12026,74,76,-2,2
12027,80,74,6,6
12028,101,92,9,9
12029,127,146,-19,19
12030,78,77,1,1
12031,143,149,-6,6
12032,114,127,-13,13
12033,49,70,-21,21
12034,115,121,-6,6
12035,103,93,10,10
12036,84,88,-4,4
12037,88,90,-2,2
12038,92,90,2,2
12039,108,112,-4,4
12040,90,85,5,5
12041,65,71,-6,6
12042,60,62,-2,2
12043,72,71,1,1
12044,129,142,-13,13
12045,76,76,0,0
12046,109,118,-9,9
12047,88,98,-10,10
12048,60,61,-1,1
12049,47,40,7,7
12050,100,94,6,6
12051,117,124,-7,7
12052,125,114,11,11
12053,113,108,5,5
12054,54,54,0,0
12055,111,110,1,1
12056,156,143,13,13
12057,110,110,0,0
12058,82,95,-13,13
12059,114,109,5,5
12060,68,74,-6,6
12061,66,77,-11,11
12062,90,92,-2,2
12063,63,64,-1,1
12064,100,99,1,1
12065,66,69,-3,3
12066,141,138,3,3
12067,79,78,1,1
12068,104,90,14,14
12069,140,131,9,9
12070,72,74,-2,2
12071,39,45,-6,6
12072,118,112,6,6
12073,97,84,13,13
12074,95,108,-13,13
12075,86,86,0,0
12076,90,84,6,6
12077,86,98,-12,12
12078,95,95,0,0
12079,118,111,7,7
12080,94,91,3,3
12081,130,133,-3,3
12082,58,59,-1,1
12083,121,129,-8,8
12084,125,125,0,0
12085,150,154,-4,4
12086,102,100,2,2
12087,122,110,12,12
12088,109,107,2,2
12089,74,78,-4,4
12090,93,82,11,11
12091,53,56,-3,3
12092,117,121,-4,4
12093,93,91,2,2
12094,191,199,-8,8
12095,142,122,20,20
12096,123,112,11,11
12097,83,87,-4,4
12098,127,123,4,4
12099,83,85,-2,2
12100,85,80,5,5
12101,83,85,-2,2
12102,94,86,8,8
12103,164,159,5,5
12104,72,63,9,9
12105,76,59,17,17
12106,122,112,10,10
12107,59,47,12,12
12108,87,84,3,3
12109,88,62,26,26
12110,61,59,2,2
12111,154,147,7,7
12112,159,147,12,12
12113,163,153,10,10
12114,104,97,7,7
12115,121,126,-5,5
12116,116,109,7,7
12117,98,97,1,1
12118,84,88,-4,4
12119,42,45,-3,3
12120,78,77,1,1
12121,99,116,-17,17
12122,77,92,-15,15
12123,189,174,15,15
12124,66,81,-15,15
12125,144,147,-3,3
12126,196,181,15,15
12127,107,103,4,4
12128,68,71,-3,3
12129,88,79,9,9
12130,36,42,-6,6
12131,107,120,-13,13
12132,123,111,12,12
12133,62,60,2,2
12134,207,197,10,10
12135,89,88,1,1
12136,74,73,1,1
12137,87,87,0,0
12138,135,128,7,7
12139,72,67,5,5
12140,183,141,42,42
12141,118,128,-10,10
12142,110,89,21,21
12143,111,111,0,0
12144,122,110,12,12
12145,90,93,-3,3
12146,121,120,1,1
12147,58,59,-1,1
12148,126,119,7,7
12149,105,100,5,5
12150,109,109,0,0
12151,71,75,-4,4
12152,148,144,4,4
12153,95,98,-3,3
12154,103,96,7,7
12155,90,89,1,1
12156,77,79,-2,2
12157,126,116,10,10
12158,141,138,3,3
12159,134,125,9,9
12160,49,49,0,0
12161,99,101,-2,2
12162,130,122,8,8
12163,74,71,3,3
12164,64,63,1,1
12165,196,173,23,23
12166,106,114,-8,8
12167,100,103,-3,3
12168,88,87,1,1
12169,116,115,1,1
12170,107,110,-3,3
12171,128,127,1,1
12172,93,84,9,9
12173,150,139,11,11
12174,92,81,11,11
12175,96,87,9,9
12176,115,112,3,3
12177,111,105,6,6
12178,87,91,-4,4
12179,69,71,-2,2
12180,139,150,-11,11
12181,104,108,-4,4
12182,115,118,-3,3
12183,114,110,4,4
12184,58,58,0,0
12185,77,75,2,2
12186,79,85,-6,6
12187,114,116,-2,2
12188,111,118,-7,7
12189,102,98,4,4
12190,161,158,3,3
12191,197,189,8,8
12192,72,68,4,4
12193,142,140,2,2
12194,49,49,0,0
12195,63,65,-2,2
12196,135,135,0,0
12197,192,178,14,14
12198,47,48,-1,1
12199,110,112,-2,2
12200,71,71,0,0
12201,108,111,-3,3
12202,137,141,-4,4
12203,128,119,9,9
12204,137,135,2,2
12205,148,147,1,1
12206,82,83,-1,1
12207,70,80,-10,10
12208,60,57,3,3
12209,115,111,4,4
12210,76,74,2,2
12211,86,83,3,3
12212,97,97,0,0
12213,122,119,3,3
12214,104,94,10,10
12215,149,155,-6,6
12216,73,72,1,1
12217,88,85,3,3
12218,93,86,7,7
12219,94,90,4,4
12220,110,109,1,1
12221,56,67,-11,11
12222,66,69,-3,3
12223,73,80,-7,7
12224,96,96,0,0
12225,121,114,7,7
12226,122,128,-6,6
12227,94,90,4,4
12228,88,100,-12,12
12229,130,134,-4,4
12230,63,65,-2,2
12231,141,127,14,14
12232,54,62,-8,8
12233,73,76,-3,3
12234,71,70,1,1
12235,95,87,8,8
12236,121,109,12,12
12237,73,73,0,0
12238,125,127,-2,2
12239,67,76,-9,9
12240,121,116,5,5
12241,109,112,-3,3
12242,64,68,-4,4
12243,96,89,7,7
12244,119,135,-16,16
12245,93,98,-5,5
12246,75,76,-1,1
12247,95,95,0,0
12248,66,72,-6,6
12249,99,96,3,3
12250,47,49,-2,2
12251,84,98,-14,14
12252,165,194,-29,29
12253,97,92,5,5
12254,73,78,-5,5
12255,37,45,-8,8
12256,104,95,9,9
12257,71,74,-3,3
12258,65,67,-2,2
12259,66,59,7,7
12260,63,61,2,2
12261,96,97,-1,1
12262,130,127,3,3
12263,141,137,4,4
12264,86,101,-15,15
12265,108,114,-6,6
12266,128,117,11,11
12267,118,113,5,5
12268,83,79,4,4
12269,68,69,-1,1
12270,84,83,1,1
12271,105,98,7,7
12272,61,74,-13,13
12273,73,76,-3,3
12274,65,69,-4,4
12275,131,113,18,18
12276,118,110,8,8
12277,93,94,-1,1
12278,76,75,1,1
12279,75,72,3,3
12280,65,69,-4,4
12281,70,67,3,3
12282,140,145,-5,5
12283,95,90,5,5
12284,145,127,18,18
12285,82,71,11,11
12286,185,166,19,19
12287,71,73,-2,2
12288,100,110,-10,10
12289,99,91,8,8
12290,64,66,-2,2
12291,65,63,2,2
12292,51,54,-3,3
12293,79,91,-12,12
12294,50,54,-4,4
12295,128,138,-10,10
12296,109,107,2,2
12297,106,93,13,13
12298,50,53,-3,3
12299,126,123,3,3
12300,105,108,-3,3
12301,39,47,-8,8
12302,70,70,0,0
12303,134,109,25,25
12304,46,49,-3,3
12305,81,82,-1,1
12306,115,114,1,1
12307,56,60,-4,4
12308,90,86,4,4
12309,107,102,5,5
12310,38,42,-4,4
12311,112,111,1,1
12312,86,87,-1,1
12313,102,99,3,3
12314,81,85,-4,4
12315,133,124,9,9
12316,65,64,1,1
12317,67,79,-12,12
12318,63,68,-5,5
12319,105,99,6,6
12320,81,83,-2,2
12321,97,103,-6,6
12322,96,107,-11,11
12323,113,129,-16,16
12324,91,93,-2,2
12325,67,78,-11,11
12326,85,82,3,3
12327,102,101,1,1
12328,76,73,3,3
12329,190,194,-4,4
12330,63,66,-3,3
12331,87,73,14,14
12332,140,135,5,5
12333,113,99,14,14
12334,102,98,4,4
12335,62,55,7,7
12336,57,57,0,0
12337,48,53,-5,5
12338,62,58,4,4
12339,94,114,-20,20
12340,95,101,-6,6
12341,183,175,8,8
12342,80,81,-1,1
12343,164,161,3,3
12344,66,70,-4,4
12345,67,79,-12,12
12346,103,105,-2,2
12347,69,81,-12,12
12348,118,119,-1,1
12349,78,74,4,4
12350,66,64,2,2
12351,94,92,2,2
12352,92,89,3,3
12353,142,129,13,13
12354,55,68,-13,13
12355,101,108,-7,7
12356,79,72,7,7
12357,122,128,-6,6
12358,123,110,13,13
12359,38,37,1,1
12360,65,78,-13,13
12361,138,123,15,15
12362,76,75,1,1
12363,114,117,-3,3
12364,79,85,-6,6
12365,114,109,5,5
12366,68,69,-1,1
12367,78,78,0,0
12368,93,100,-7,7
12369,103,108,-5,5
12370,163,139,24,24
12371,101,109,-8,8
12372,126,123,3,3
12373,67,64,3,3
12374,78,77,1,1
12375,116,112,4,4
12376,128,130,-2,2
12377,91,86,5,5
12378,142,132,10,10
12379,65,67,-2,2
12380,145,159,-14,14
12381,61,57,4,4
12382,136,129,7,7
12383,84,79,5,5
12384,98,89,9,9
12385,87,88,-1,1
12386,107,110,-3,3
12387,115,131,-16,16
12388,106,101,5,5
12389,93,93,0,0
12390,80,72,8,8
12391,130,118,12,12
12392,115,109,6,6
12393,97,111,-14,14
12394,92,92,0,0
12395,88,88,0,0
12396,66,64,2,2
12397,66,64,2,2
12398,87,90,-3,3
12399,106,103,3,3
12400,70,79,-9,9
12401,180,164,16,16
12402,87,99,-12,12
12403,89,82,7,7
12404,92,96,-4,4
12405,125,113,12,12
12406,88,101,-13,13
12407,109,109,0,0
12408,35,45,-10,10
12409,67,75,-8,8
12410,117,116,1,1
12411,190,178,12,12
12412,114,113,1,1
12413,137,134,3,3
12414,138,151,-13,13
12415,129,136,-7,7
12416,106,88,18,18
12417,63,70,-7,7
12418,58,63,-5,5
12419,57,64,-7,7
12420,86,91,-5,5
12421,104,100,4,4
12422,97,97,0,0
12423,101,102,-1,1
12424,137,126,11,11
12425,64,53,11,11
12426,176,198,-22,22
12427,93,86,7,7
12428,120,116,4,4
12429,108,109,-1,1
12430,70,73,-3,3
12431,97,90,7,7
12432,83,88,-5,5
12433,83,79,4,4
12434,150,160,-10,10
12435,64,67,-3,3
12436,89,84,5,5
12437,96,94,2,2
12438,114,112,2,2
12439,119,116,3,3
12440,61,57,4,4
12441,96,95,1,1
12442,105,109,-4,4
12443,61,61,0,0
12444,141,138,3,3
12445,86,82,4,4
12446,87,86,1,1
12447,90,78,12,12
12448,105,108,-3,3
12449,91,85,6,6
12450,111,115,-4,4
12451,76,76,0,0
12452,87,87,0,0
12453,91,96,-5,5
12454,107,113,-6,6
12455,110,112,-2,2
12456,124,132,-8,8
12457,128,122,6,6
12458,109,109,0,0
12459,71,69,2,2
12460,87,79,8,8
12461,148,146,2,2
12462,107,101,6,6
12463,134,134,0,0
12464,23,31,-8,8
12465,119,134,-15,15
12466,91,84,7,7
12467,25,42,-17,17
12468,61,76,-15,15
12469,101,92,9,9
12470,72,69,3,3
12471,95,107,-12,12
12472,47,43,4,4
12473,97,94,3,3
12474,81,82,-1,1
12475,59,58,1,1
12476,77,73,4,4
12477,138,123,15,15
12478,120,141,-21,21
12479,136,141,-5,5
12480,79,80,-1,1
12481,63,67,-4,4
12482,102,99,3,3
12483,158,146,12,12
12484,73,77,-4,4
12485,53,49,4,4
12486,83,86,-3,3
12487,155,134,21,21
12488,139,124,15,15
12489,93,85,8,8
12490,128,132,-4,4
12491,98,111,-13,13
12492,96,88,8,8
12493,153,150,3,3
12494,104,108,-4,4
12495,115,102,13,13
12496,72,72,0,0
12497,90,87,3,3
12498,127,138,-11,11
12499,112,125,-13,13
12500,64,71,-7,7
12501,73,70,3,3
12502,72,77,-5,5
12503,73,85,-12,12
12504,56,58,-2,2
12505,106,101,5,5
12506,144,136,8,8
12507,47,65,-18,18
12508,147,142,5,5
12509,95,93,2,2
12510,76,82,-6,6
12511,128,129,-1,1
12512,81,73,8,8
12513,79,83,-4,4
12514,86,81,5,5
12515,44,51,-7,7
12516,87,89,-2,2
12517,102,108,-6,6
12518,116,117,-1,1
12519,105,101,4,4
12520,113,123,-10,10
12521,152,139,13,13
12522,175,162,13,13
12523,70,70,0,0
12524,173,164,9,9
12525,87,78,9,9
12526,102,96,6,6
12527,88,91,-3,3
12528,76,74,2,2
12529,110,100,10,10
12530,99,106,-7,7
12531,71,71,0,0
12532,75,73,2,2
12533,105,108,-3,3
12534,153,154,-1,1
12535,100,114,-14,14
12536,90,86,4,4
12537,83,96,-13,13
12538,82,82,0,0
12539,49,53,-4,4
12540,69,67,2,2
12541,113,114,-1,1
12542,63,67,-4,4
12543,58,62,-4,4
12544,65,63,2,2
12545,145,145,0,0
12546,50,51,-1,1
12547,83,89,-6,6
12548,100,98,2,2
12549,76,75,1,1
12550,72,76,-4,4
12551,71,89,-18,18
12552,106,100,6,6
12553,127,136,-9,9
12554,96,92,4,4
12555,67,67,0,0
12556,140,137,3,3
12557,56,56,0,0
12558,108,107,1,1
12559,94,86,8,8
12560,59,58,1,1
12561,84,86,-2,2
12562,96,97,-1,1
12563,92,101,-9,9
12564,186,177,9,9
12565,62,63,-1,1
12566,164,149,15,15
12567,49,54,-5,5
12568,62,59,3,3
12569,50,55,-5,5
12570,128,123,5,5
12571,57,63,-6,6
12572,69,70,-1,1
12573,48,56,-8,8
12574,132,124,8,8
12575,140,146,-6,6
12576,107,109,-2,2
12577,80,82,-2,2
12578,78,79,-1,1
12579,140,120,20,20
12580,78,79,-1,1
12581,123,112,11,11
12582,87,90,-3,3
12583,91,108,-17,17
12584,119,130,-11,11
12585,107,108,-1,1
12586,52,53,-1,1
12587,61,71,-10,10
12588,102,94,8,8
12589,79,72,7,7
12590,81,81,0,0
12591,72,70,2,2
12592,74,84,-10,10
12593,73,64,9,9
12594,114,90,24,24
12595,127,124,3,3
12596,92,80,12,12
12597,118,125,-7,7
12598,115,191,-76,76
12599,73,72,1,1
12600,93,95,-2,2
12601,70,68,2,2
12602,73,72,1,1
12603,107,119,-12,12
12604,96,100,-4,4
12605,101,84,17,17
12606,76,87,-11,11
12607,85,77,8,8
12608,111,102,9,9
12609,42,50,-8,8
12610,69,69,0,0
12611,97,89,8,8
12612,90,86,4,4
12613,96,91,5,5
12614,114,133,-19,19
12615,121,115,6,6
12616,68,71,-3,3
12617,45,49,-4,4
12618,73,76,-3,3
12619,109,108,1,1
12620,175,171,4,4
12621,90,81,9,9
12622,70,67,3,3
12623,85,88,-3,3
12624,62,70,-8,8
12625,89,98,-9,9
12626,132,129,3,3
12627,155,142,13,13
12628,99,99,0,0
12629,60,61,-1,1
12630,110,105,5,5
12631,87,84,3,3
12632,98,109,-11,11
12633,80,89,-9,9
12634,127,126,1,1
12635,172,157,15,15
12636,181,175,6,6
12637,130,121,9,9
12638,76,75,1,1
12639,86,83,3,3
12640,105,100,5,5
12641,105,114,-9,9
12642,56,63,-7,7
12643,65,69,-4,4
12644,42,45,-3,3
12645,120,113,7,7
12646,65,65,0,0
12647,76,82,-6,6
12648,134,127,7,7
12649,28,70,-42,42
12650,96,92,4,4
12651,92,94,-2,2
12652,53,51,2,2
12653,66,62,4,4
12654,79,75,4,4
12655,101,116,-15,15
12656,78,97,-19,19
12657,88,93,-5,5
12658,136,131,5,5
12659,142,138,4,4
12660,73,66,7,7
12661,97,88,9,9
12662,80,74,6,6
12663,51,57,-6,6
12664,69,78,-9,9
12665,52,57,-5,5
12666,57,57,0,0
12667,100,129,-29,29
12668,147,144,3,3
12669,129,130,-1,1
12670,92,98,-6,6
12671,107,92,15,15
12672,99,109,-10,10
12673,89,93,-4,4
12674,58,59,-1,1
12675,103,89,14,14
12676,33,40,-7,7
12677,103,93,10,10
12678,88,90,-2,2
12679,81,82,-1,1
12680,53,57,-4,4
12681,70,80,-10,10
12682,32,46,-14,14
12683,88,83,5,5
12684,99,115,-16,16
12685,110,109,1,1
12686,78,79,-1,1
12687,99,98,1,1
12688,46,56,-10,10
12689,136,119,17,17
12690,75,70,5,5
12691,117,101,16,16
12692,93,81,12,12
12693,132,133,-1,1
12694,70,71,-1,1
12695,69,72,-3,3
12696,49,46,3,3
12697,71,66,5,5
12698,118,117,1,1
12699,97,96,1,1
12700,76,90,-14,14
12701,195,148,47,47
12702,128,124,4,4
12703,66,58,8,8
12704,120,120,0,0
12705,73,78,-5,5
12706,62,69,-7,7
12707,104,90,14,14
12708,94,98,-4,4
12709,94,87,7,7
12710,110,100,10,10
12711,96,91,5,5
12712,107,102,5,5
12713,77,84,-7,7
12714,91,98,-7,7
12715,63,60,3,3
12716,128,113,15,15
12717,77,75,2,2
12718,67,73,-6,6
12719,124,116,8,8
12720,94,92,2,2
12721,64,66,-2,2
12722,74,76,-2,2
12723,88,89,-1,1
12724,70,74,-4,4
12725,78,78,0,0
12726,66,77,-11,11
12727,104,108,-4,4
12728,134,142,-8,8
12729,92,90,2,2
12730,74,70,4,4
12731,93,87,6,6
12732,98,92,6,6
12733,100,93,7,7
12734,87,90,-3,3
12735,101,97,4,4
12736,49,53,-4,4
12737,121,114,7,7
12738,84,97,-13,13
12739,158,158,0,0
12740,115,106,9,9
12741,125,113,12,12
12742,53,50,3,3
12743,80,84,-4,4
12744,68,66,2,2
12745,103,98,5,5
12746,107,109,-2,2
12747,77,91,-14,14
12748,100,109,-9,9
12749,120,128,-8,8
12750,91,87,4,4
12751,77,64,13,13
12752,132,125,7,7
12753,131,126,5,5
12754,43,62,-19,19
12755,45,46,-1,1
12756,124,117,7,7
12757,86,80,6,6
12758,107,99,8,8
12759,82,88,-6,6
12760,204,187,17,17
12761,107,100,7,7
12762,120,124,-4,4
12763,140,139,1,1
12764,153,142,11,11
12765,83,84,-1,1
12766,47,48,-1,1
12767,91,79,12,12
12768,68,56,12,12
12769,56,55,1,1
12770,77,85,-8,8
12771,37,46,-9,9
12772,117,111,6,6
12773,85,83,2,2
12774,101,96,5,5
12775,67,76,-9,9
12776,118,130,-12,12
12777,56,63,-7,7
12778,68,67,1,1
12779,65,78,-13,13
12780,105,99,6,6
12781,102,111,-9,9
12782,116,110,6,6
12783,69,70,-1,1
12784,79,74,5,5
12785,105,103,2,2
12786,101,80,21,21
12787,106,92,14,14
12788,89,81,8,8
12789,77,80,-3,3
12790,116,117,-1,1
12791,111,108,3,3
12792,91,78,13,13
12793,74,68,6,6
12794,96,94,2,2
12795,119,125,-6,6
12796,124,117,7,7
12797,83,77,6,6
12798,59,66,-7,7
12799,87,80,7,7
12800,55,57,-2,2
12801,121,122,-1,1
12802,94,92,2,2
12803,90,87,3,3
12804,181,170,11,11
12805,93,85,8,8
12806,72,74,-2,2
12807,92,94,-2,2
12808,153,143,10,10
12809,55,58,-3,3
12810,61,67,-6,6
12811,99,95,4,4
12812,82,83,-1,1
12813,102,95,7,7
12814,148,142,6,6
12815,112,110,2,2
12816,172,173,-1,1
12817,133,133,0,0
12818,97,95,2,2
12819,70,72,-2,2
12820,70,78,-8,8
12821,98,83,15,15
12822,96,109,-13,13
12823,69,67,2,2
12824,90,89,1,1
12825,138,131,7,7
12826,132,129,3,3
12827,153,156,-3,3
12828,86,77,9,9
12829,108,106,2,2
12830,80,90,-10,10
12831,154,138,16,16
12832,116,119,-3,3
12833,103,95,8,8
12834,104,112,-8,8
12835,116,114,2,2
12836,107,94,13,13
12837,96,88,8,8
12838,90,93,-3,3
12839,50,56,-6,6
12840,104,107,-3,3
12841,72,64,8,8
12842,106,97,9,9
12843,87,87,0,0
12844,124,125,-1,1
12845,27,37,-10,10
12846,133,119,14,14
12847,122,110,12,12
12848,124,142,-18,18
12849,89,95,-6,6
12850,97,125,-28,28
12851,84,89,-5,5
12852,140,144,-4,4
12853,136,128,8,8
12854,20,28,-8,8
12855,93,95,-2,2
12856,85,87,-2,2
12857,74,77,-3,3
12858,103,94,9,9
12859,75,77,-2,2
12860,46,50,-4,4
12861,84,108,-24,24
12862,75,75,0,0
12863,53,55,-2,2
12864,52,78,-26,26
12865,87,90,-3,3
12866,109,98,11,11
12867,105,92,13,13
12868,67,66,1,1
12869,154,136,18,18
12870,84,87,-3,3
12871,128,121,7,7
12872,113,122,-9,9
12873,87,77,10,10
12874,101,108,-7,7
12875,96,99,-3,3
12876,39,47,-8,8
12877,133,131,2,2
12878,191,192,-1,1
12879,60,62,-2,2
12880,125,119,6,6
12881,75,79,-4,4
12882,40,54,-14,14
12883,103,94,9,9
12884,79,78,1,1
12885,185,180,5,5
12886,124,114,10,10
12887,109,117,-8,8
12888,89,99,-10,10
12889,67,67,0,0
12890,47,47,0,0
12891,76,68,8,8
12892,122,125,-3,3
12893,106,96,10,10
12894,142,128,14,14
12895,96,73,23,23
12896,52,52,0,0
12897,96,95,1,1
12898,117,124,-7,7
12899,69,75,-6,6
12900,89,82,7,7
12901,72,71,1,1
12902,180,173,7,7
12903,94,88,6,6
12904,53,62,-9,9
12905,93,101,-8,8
12906,161,144,17,17
12907,137,136,1,1
12908,129,130,-1,1
12909,89,78,11,11
12910,102,102,0,0
12911,159,158,1,1
12912,67,70,-3,3
12913,67,85,-18,18
12914,97,96,1,1
12915,71,69,2,2
12916,153,151,2,2
12917,100,97,3,3
12918,92,98,-6,6
12919,79,87,-8,8
12920,79,81,-2,2
12921,73,74,-1,1
12922,133,132,1,1
12923,51,55,-4,4
12924,139,131,8,8
12925,115,122,-7,7
12926,89,86,3,3
12927,124,125,-1,1
12928,90,89,1,1
12929,128,130,-2,2
12930,131,121,10,10
12931,71,70,1,1
12932,113,110,3,3
12933,127,135,-8,8
12934,61,67,-6,6
12935,113,113,0,0
12936,112,87,25,25
12937,75,75,0,0
12938,125,110,15,15
12939,73,76,-3,3
12940,100,112,-12,12
12941,187,177,10,10
12942,101,93,8,8
12943,103,93,10,10
12944,99,110,-11,11
12945,65,66,-1,1
12946,116,111,5,5
12947,97,112,-15,15
12948,83,88,-5,5
12949,90,99,-9,9
12950,101,108,-7,7
12951,97,101,-4,4
12952,107,103,4,4
12953,119,131,-12,12
12954,78,72,6,6
12955,79,82,-3,3
12956,74,78,-4,4
12957,150,142,8,8
12958,83,93,-10,10
12959,131,144,-13,13
12960,68,73,-5,5
12961,222,192,30,30
12962,88,83,5,5
12963,109,94,15,15
12964,149,153,-4,4
12965,82,91,-9,9
12966,33,37,-4,4
12967,97,109,-12,12
12968,88,89,-1,1
12969,127,132,-5,5
12970,70,71,-1,1
12971,86,85,1,1
12972,63,62,1,1
12973,101,98,3,3
12974,85,83,2,2
12975,97,85,12,12
12976,68,72,-4,4
12977,79,91,-12,12
12978,182,172,10,10
12979,68,70,-2,2
12980,68,67,1,1
12981,81,77,4,4
12982,118,112,6,6
12983,93,90,3,3
12984,117,99,18,18
12985,144,138,6,6
12986,134,121,13,13
12987,69,68,1,1
12988,133,129,4,4
12989,88,92,-4,4
12990,63,56,7,7
12991,116,119,-3,3
12992,113,124,-11,11
12993,103,95,8,8
12994,127,116,11,11
12995,116,117,-1,1
12996,114,109,5,5
12997,123,116,7,7
12998,72,72,0,0
12999,107,99,8,8
13000,121,109,12,12
13001,100,89,11,11
13002,87,87,0,0
13003,102,93,9,9
13004,155,164,-9,9
13005,72,79,-7,7
13006,84,86,-2,2
13007,86,92,-6,6
13008,115,121,-6,6
13009,100,97,3,3
13010,81,72,9,9
13011,51,52,-1,1
13012,54,55,-1,1
13013,86,85,1,1
13014,92,91,1,1
13015,60,64,-4,4
13016,112,112,0,0
13017,92,86,6,6
13018,87,88,-1,1
13019,95,96,-1,1
13020,80,77,3,3
13021,139,139,0,0
13022,103,95,8,8
13023,120,132,-12,12
13024,75,83,-8,8
13025,51,46,5,5
13026,76,75,1,1
13027,67,71,-4,4
13028,165,154,11,11
13029,84,88,-4,4
13030,83,89,-6,6
13031,61,59,2,2
13032,159,151,8,8
13033,64,71,-7,7
13034,140,141,-1,1
13035,65,79,-14,14
13036,68,72,-4,4
13037,67,60,7,7
13038,87,92,-5,5
13039,109,110,-1,1
13040,116,114,2,2
13041,94,113,-19,19
13042,135,126,9,9
13043,77,74,3,3
13044,55,52,3,3
13045,61,61,0,0
13046,73,75,-2,2
13047,139,122,17,17
13048,106,117,-11,11
13049,78,83,-5,5
13050,74,63,11,11
13051,99,96,3,3
13052,88,91,-3,3
13053,93,84,9,9
13054,69,64,5,5
13055,235,211,24,24
13056,83,87,-4,4
13057,101,76,25,25
13058,66,71,-5,5
13059,58,57,1,1
13060,119,122,-3,3
13061,129,128,1,1
13062,82,81,1,1
13063,168,156,12,12
13064,72,77,-5,5
13065,125,115,10,10
13066,82,78,4,4
13067,97,90,7,7
13068,56,64,-8,8
13069,123,136,-13,13
13070,79,72,7,7
13071,84,78,6,6
13072,112,111,1,1
13073,80,88,-8,8
13074,106,108,-2,2
13075,60,62,-2,2
13076,72,72,0,0
13077,96,103,-7,7
13078,60,51,9,9
13079,117,96,21,21
13080,66,74,-8,8
13081,78,79,-1,1
13082,55,58,-3,3
13083,164,144,20,20
13084,184,171,13,13
13085,78,81,-3,3
13086,61,67,-6,6
13087,109,128,-19,19
13088,101,101,0,0
13089,79,78,1,1
13090,51,55,-4,4
13091,64,57,7,7
13092,62,68,-6,6
13093,144,141,3,3
13094,57,59,-2,2
13095,50,51,-1,1
13096,81,78,3,3
13097,99,97,2,2
13098,97,98,-1,1
13099,129,116,13,13
13100,104,96,8,8
13101,93,100,-7,7
13102,84,79,5,5
13103,90,96,-6,6
13104,112,116,-4,4
13105,69,70,-1,1
13106,69,71,-2,2
13107,107,89,18,18
13108,145,129,16,16
13109,84,76,8,8
13110,51,56,-5,5
13111,100,91,9,9
13112,82,89,-7,7
13113,71,81,-10,10
13114,104,96,8,8
13115,67,77,-10,10
13116,89,92,-3,3
13117,61,75,-14,14
13118,74,81,-7,7
13119,101,109,-8,8
13120,67,74,-7,7
13121,72,77,-5,5
13122,70,69,1,1
13123,158,158,0,0
13124,94,90,4,4
13125,84,80,4,4
13126,120,122,-2,2
13127,152,155,-3,3
13128,137,132,5,5
13129,82,90,-8,8
13130,116,111,5,5
13131,112,105,7,7
13132,99,89,10,10
13133,150,153,-3,3
13134,66,58,8,8
13135,81,69,12,12
13136,50,53,-3,3
13137,133,134,-1,1
13138,65,70,-5,5
13139,65,66,-1,1
13140,80,79,1,1
13141,53,48,5,5
13142,108,97,11,11
13143,80,66,14,14
13144,126,133,-7,7
13145,73,78,-5,5
13146,58,57,1,1
13147,80,76,4,4
13148,62,62,0,0
13149,64,66,-2,2
13150,55,55,0,0
13151,81,80,1,1
13152,97,99,-2,2
13153,78,71,7,7
13154,101,90,11,11
13155,72,83,-11,11
13156,112,111,1,1
13157,84,83,1,1
13158,68,71,-3,3
13159,102,109,-7,7
13160,117,129,-12,12
13161,88,82,6,6
13162,127,116,11,11
13163,64,59,5,5
13164,87,91,-4,4
13165,80,80,0,0
13166,101,90,11,11
13167,122,118,4,4
13168,67,66,1,1
13169,131,126,5,5
13170,97,90,7,7
13171,135,120,15,15
13172,88,86,2,2
13173,115,126,-11,11
13174,134,122,12,12
13175,116,117,-1,1
13176,79,82,-3,3
13177,45,45,0,0
13178,100,100,0,0
13179,85,108,-23,23
13180,63,67,-4,4
13181,89,89,0,0
13182,76,78,-2,2
13183,138,129,9,9
13184,123,123,0,0
13185,74,78,-4,4
13186,43,50,-7,7
13187,66,74,-8,8
13188,86,111,-25,25
13189,115,129,-14,14
13190,30,47,-17,17
13191,66,70,-4,4
13192,208,175,33,33
13193,90,85,5,5
13194,71,64,7,7
13195,94,83,11,11
13196,171,162,9,9
13197,55,55,0,0
13198,43,46,-3,3
13199,67,71,-4,4
13200,143,124,19,19
13201,98,95,3,3
13202,100,97,3,3
13203,108,102,6,6
13204,91,79,12,12
13205,131,129,2,2
13206,79,70,9,9
13207,153,156,-3,3
13208,37,40,-3,3
13209,46,44,2,2
13210,241,218,23,23
13211,89,85,4,4
13212,72,69,3,3
13213,100,93,7,7
13214,83,80,3,3
13215,98,102,-4,4
13216,128,122,6,6
13217,162,121,41,41
13218,81,78,3,3
13219,98,95,3,3
13220,70,80,-10,10
13221,182,167,15,15
13222,71,72,-1,1
13223,173,171,2,2
13224,54,58,-4,4
13225,66,69,-3,3
13226,85,80,5,5
13227,93,93,0,0
13228,71,113,-42,42
13229,163,160,3,3
13230,86,83,3,3
13231,74,71,3,3
13232,148,152,-4,4
13233,112,111,1,1
13234,90,78,12,12
13235,64,59,5,5
13236,78,94,-16,16
13237,115,119,-4,4
13238,105,97,8,8
13239,90,88,2,2
13240,117,111,6,6
13241,103,92,11,11
13242,139,157,-18,18
13243,107,114,-7,7
13244,118,131,-13,13
13245,94,84,10,10
13246,56,53,3,3
13247,97,92,5,5
13248,77,70,7,7
13249,117,98,19,19
13250,125,127,-2,2
13251,67,72,-5,5
13252,73,69,4,4
13253,152,144,8,8
13254,73,69,4,4
13255,121,117,4,4
13256,166,166,0,0
13257,90,90,0,0
13258,96,101,-5,5
13259,149,155,-6,6
13260,61,67,-6,6
13261,144,137,7,7
13262,121,122,-1,1
13263,131,121,10,10
13264,58,55,3,3
13265,51,56,-5,5
13266,54,65,-11,11
13267,72,74,-2,2
13268,99,108,-9,9
13269,124,112,12,12
13270,105,108,-3,3
13271,100,94,6,6
13272,153,156,-3,3
13273,76,84,-8,8
13274,120,113,7,7
13275,94,92,2,2
13276,85,81,4,4
13277,84,91,-7,7
13278,53,67,-14,14
13279,106,109,-3,3
13280,108,115,-7,7
13281,140,131,9,9
13282,113,111,2,2
13283,57,69,-12,12
13284,108,110,-2,2
13285,123,112,11,11
13286,108,107,1,1
13287,83,81,2,2
13288,99,84,15,15
13289,78,79,-1,1
13290,96,99,-3,3
13291,58,58,0,0
13292,82,82,0,0
13293,148,149,-1,1
13294,86,93,-7,7
13295,81,73,8,8
13296,119,119,0,0
13297,97,98,-1,1
13298,118,118,0,0
13299,92,86,6,6
13300,102,112,-10,10
13301,72,71,1,1
13302,64,62,2,2
13303,86,87,-1,1
13304,57,67,-10,10
13305,102,100,2,2
13306,67,62,5,5
13307,88,89,-1,1
13308,139,124,15,15
13309,61,66,-5,5
13310,77,77,0,0
13311,158,157,1,1
13312,130,119,11,11
13313,132,135,-3,3
13314,187,176,11,11
13315,79,76,3,3
13316,96,109,-13,13
13317,76,76,0,0
13318,71,74,-3,3
13319,78,82,-4,4
13320,209,203,6,6
13321,75,73,2,2
13322,146,134,12,12
13323,100,97,3,3
13324,80,87,-7,7
13325,70,72,-2,2
13326,65,70,-5,5
13327,95,99,-4,4
13328,80,77,3,3
13329,69,71,-2,2
13330,132,139,-7,7
13331,77,71,6,6
13332,98,94,4,4
13333,94,93,1,1
13334,86,86,0,0
13335,90,82,8,8
13336,75,69,6,6
13337,130,103,27,27
13338,87,94,-7,7
13339,141,127,14,14
13340,161,148,13,13
13341,68,77,-9,9
13342,97,93,4,4
13343,125,116,9,9
13344,36,44,-8,8
13345,115,112,3,3
13346,68,56,12,12
13347,106,98,8,8
13348,96,112,-16,16
13349,82,83,-1,1
13350,73,65,8,8
13351,89,78,11,11
13352,75,70,5,5
13353,85,93,-8,8
13354,134,145,-11,11
13355,90,84,6,6
13356,83,85,-2,2
13357,129,110,19,19
13358,140,143,-3,3
13359,60,67,-7,7
13360,82,77,5,5
13361,153,154,-1,1
13362,80,90,-10,10
13363,119,120,-1,1
13364,108,100,8,8
13365,54,57,-3,3
13366,99,108,-9,9
13367,130,164,-34,34
13368,100,97,3,3
13369,59,54,5,5
13370,84,92,-8,8
13371,117,119,-2,2
13372,60,63,-3,3
13373,55,57,-2,2
13374,96,98,-2,2
13375,73,83,-10,10
13376,64,71,-7,7
13377,75,73,2,2
13378,55,52,3,3
13379,90,86,4,4
13380,142,149,-7,7
13381,139,138,1,1
13382,118,113,5,5
13383,120,113,7,7
13384,112,115,-3,3
13385,43,47,-4,4
13386,106,110,-4,4
13387,187,171,16,16
13388,117,122,-5,5
13389,111,113,-2,2
13390,188,182,6,6
13391,156,138,18,18
13392,136,140,-4,4
13393,88,89,-1,1
13394,29,38,-9,9
13395,107,92,15,15
13396,113,95,18,18
13397,93,87,6,6
13398,81,80,1,1
13399,22,35,-13,13
13400,69,69,0,0
13401,168,162,6,6
13402,147,135,12,12
13403,105,113,-8,8
13404,145,135,10,10
13405,58,64,-6,6
13406,60,65,-5,5
13407,150,156,-6,6
13408,70,66,4,4
13409,69,73,-4,4
13410,140,141,-1,1
13411,88,84,4,4
13412,120,123,-3,3
13413,63,64,-1,1
13414,81,87,-6,6
13415,66,61,5,5
13416,91,84,7,7
13417,131,139,-8,8
13418,126,110,16,16
13419,138,141,-3,3
13420,103,103,0,0
13421,103,104,-1,1
13422,50,62,-12,12
13423,64,69,-5,5
13424,75,76,-1,1
13425,67,64,3,3
13426,97,94,3,3
13427,109,113,-4,4
13428,137,133,4,4
13429,71,68,3,3
13430,98,89,9,9
13431,82,98,-16,16
13432,65,72,-7,7
13433,117,103,14,14
13434,148,154,-6,6
13435,190,177,13,13
13436,84,77,7,7
13437,110,100,10,10
13438,138,135,3,3
13439,74,73,1,1
13440,130,115,15,15
13441,79,78,1,1
13442,92,111,-19,19
13443,137,140,-3,3
13444,104,90,14,14
13445,160,127,33,33
13446,90,86,4,4
13447,101,98,3,3
13448,123,126,-3,3
13449,73,71,2,2
13450,66,67,-1,1
13451,124,124,0,0
13452,173,138,35,35
13453,142,131,11,11
13454,32,37,-5,5
13455,104,101,3,3
13456,65,82,-17,17
13457,60,60,0,0
13458,71,77,-6,6
13459,56,55,1,1
13460,122,124,-2,2
13461,135,150,-15,15
13462,162,161,1,1
13463,96,111,-15,15
13464,126,132,-6,6
13465,74,76,-2,2
13466,102,108,-6,6
13467,80,80,0,0
13468,88,81,7,7
13469,92,81,11,11
13470,107,112,-5,5
13471,87,98,-11,11
13472,58,59,-1,1
13473,80,70,10,10
13474,79,72,7,7
13475,114,123,-9,9
13476,78,87,-9,9
13477,75,79,-4,4
13478,168,172,-4,4
13479,114,114,0,0
13480,59,68,-9,9
13481,152,158,-6,6
13482,66,64,2,2
13483,98,91,7,7
13484,70,72,-2,2
13485,101,88,13,13
13486,130,127,3,3
13487,114,109,5,5
13488,63,67,-4,4
13489,181,170,11,11
13490,86,86,0,0
13491,107,121,-14,14
13492,59,59,0,0
13493,74,72,2,2
13494,134,135,-1,1
13495,199,167,32,32
13496,58,64,-6,6
13497,99,100,-1,1
13498,103,110,-7,7
13499,183,156,27,27
13500,96,97,-1,1
13501,99,108,-9,9
13502,113,103,10,10
13503,88,75,13,13
13504,88,93,-5,5
13505,128,125,3,3
13506,82,91,-9,9
13507,80,76,4,4
13508,53,57,-4,4
13509,47,52,-5,5
13510,102,89,13,13
13511,97,94,3,3
13512,68,68,0,0
13513,125,115,10,10
13514,110,116,-6,6
13515,77,74,3,3
13516,127,118,9,9
13517,87,88,-1,1
13518,107,91,16,16
13519,105,112,-7,7
13520,153,127,26,26
13521,61,66,-5,5
13522,33,76,-43,43
13523,146,139,7,7
13524,100,110,-10,10
13525,170,153,17,17
13526,134,124,10,10
13527,78,97,-19,19
13528,73,65,8,8
13529,60,58,2,2
13530,64,64,0,0
13531,99,91,8,8
13532,80,90,-10,10
13533,65,65,0,0
13534,67,60,7,7
13535,141,130,11,11
13536,60,64,-4,4
13537,138,145,-7,7
13538,154,156,-2,2
13539,58,59,-1,1
13540,114,125,-11,11
13541,132,125,7,7
13542,98,97,1,1
13543,80,85,-5,5
13544,105,109,-4,4
13545,84,94,-10,10
13546,78,81,-3,3
13547,154,148,6,6
13548,67,72,-5,5
13549,95,108,-13,13
13550,125,118,7,7
13551,128,121,7,7
13552,42,44,-2,2
13553,204,193,11,11
13554,98,95,3,3
13555,112,111,1,1
13556,132,123,9,9
13557,139,130,9,9
13558,93,89,4,4
13559,146,143,3,3
13560,56,57,-1,1
13561,65,61,4,4
13562,124,115,9,9
13563,103,102,1,1
13564,86,78,8,8
13565,60,70,-10,10
13566,98,99,-1,1
13567,80,120,-40,40
13568,89,108,-19,19
13569,148,131,17,17
13570,40,45,-5,5
13571,80,87,-7,7
13572,70,81,-11,11
13573,82,73,9,9
13574,133,145,-12,12
13575,75,81,-6,6
13576,75,70,5,5
13577,120,102,18,18
13578,50,55,-5,5
13579,111,128,-17,17
13580,86,86,0,0
13581,115,120,-5,5
13582,63,58,5,5
13583,93,96,-3,3
13584,104,95,9,9
13585,153,152,1,1
13586,51,54,-3,3
13587,128,117,11,11
13588,92,89,3,3
13589,51,59,-8,8
13590,84,83,1,1
13591,104,102,2,2
13592,101,93,8,8
13593,83,91,-8,8
13594,69,75,-6,6
13595,96,93,3,3
13596,83,75,8,8
13597,54,71,-17,17
13598,83,70,13,13
13599,54,49,5,5
13600,61,59,2,2
13601,116,106,10,10
13602,113,104,9,9
13603,76,71,5,5
13604,87,85,2,2
13605,59,57,2,2
13606,141,140,1,1
13607,97,98,-1,1
13608,89,81,8,8
13609,131,134,-3,3
13610,71,69,2,2
13611,60,57,3,3
13612,39,45,-6,6
13613,68,74,-6,6
13614,61,61,0,0
13615,107,103,4,4
13616,95,91,4,4
13617,94,112,-18,18
13618,82,88,-6,6
13619,110,114,-4,4
13620,113,117,-4,4
13621,107,99,8,8
13622,161,145,16,16
13623,180,158,22,22
13624,101,108,-7,7
13625,88,84,4,4
13626,87,88,-1,1
13627,115,116,-1,1
13628,121,117,4,4
13629,139,138,1,1
13630,123,117,6,6
13631,63,60,3,3
13632,122,113,9,9
13633,68,72,-4,4
13634,110,103,7,7
13635,57,78,-21,21
13636,82,73,9,9
13637,95,95,0,0
13638,134,136,-2,2
13639,98,88,10,10
13640,128,121,7,7
13641,95,94,1,1
13642,104,125,-21,21
13643,175,163,12,12
13644,109,95,14,14
13645,164,148,16,16
13646,118,114,4,4
13647,70,71,-1,1
13648,54,66,-12,12
13649,145,145,0,0
13650,68,67,1,1
13651,82,77,5,5
13652,61,61,0,0
13653,92,89,3,3
13654,89,85,4,4
13655,96,92,4,4
13656,122,114,8,8
13657,79,81,-2,2
13658,75,77,-2,2
13659,108,110,-2,2
13660,43,48,-5,5
13661,67,71,-4,4
13662,75,79,-4,4
13663,67,65,2,2
13664,88,93,-5,5
13665,55,56,-1,1
13666,96,109,-13,13
13667,60,61,-1,1
13668,125,116,9,9
13669,56,63,-7,7
13670,111,112,-1,1
13671,105,119,-14,14
13672,77,96,-19,19
13673,89,92,-3,3
13674,79,83,-4,4
13675,107,113,-6,6
13676,124,115,9,9
13677,119,118,1,1
13678,57,77,-20,20
13679,127,125,2,2
13680,64,73,-9,9
13681,96,99,-3,3
13682,89,80,9,9
13683,71,74,-3,3
13684,76,77,-1,1
13685,110,110,0,0
13686,120,133,-13,13
13687,98,90,8,8
13688,84,90,-6,6
13689,233,218,15,15
13690,75,67,8,8
13691,107,87,20,20
13692,76,78,-2,2
13693,84,86,-2,2
13694,86,85,1,1
13695,103,95,8,8
13696,106,95,11,11
13697,150,130,20,20
13698,73,72,1,1
13699,130,143,-13,13
13700,132,121,11,11
13701,139,131,8,8
13702,115,115,0,0
13703,155,149,6,6
13704,75,80,-5,5
13705,70,70,0,0
13706,127,117,10,10
13707,65,63,2,2
13708,100,110,-10,10
13709,170,161,9,9
13710,135,134,1,1
13711,75,79,-4,4
13712,164,171,-7,7
13713,125,113,12,12
13714,104,114,-10,10
13715,53,52,1,1
13716,146,144,2,2
13717,102,85,17,17
13718,70,78,-8,8
13719,54,58,-4,4
13720,108,105,3,3
13721,97,99,-2,2
13722,104,100,4,4
13723,140,141,-1,1
13724,94,98,-4,4
13725,62,76,-14,14
13726,105,95,10,10
13727,48,49,-1,1
13728,63,67,-4,4
13729,64,56,8,8
13730,51,52,-1,1
13731,63,59,4,4
13732,121,118,3,3
13733,120,112,8,8
13734,86,87,-1,1
13735,91,92,-1,1
13736,55,61,-6,6
13737,98,97,1,1
13738,69,61,8,8
13739,45,41,4,4
13740,126,139,-13,13
13741,169,163,6,6
13742,95,88,7,7
13743,106,111,-5,5
13744,91,84,7,7
13745,126,117,9,9
13746,67,70,-3,3
13747,55,59,-4,4
13748,74,80,-6,6
13749,87,75,12,12
13750,87,86,1,1
13751,83,72,11,11
13752,114,128,-14,14
13753,125,129,-4,4
13754,120,117,3,3
13755,86,80,6,6
13756,66,70,-4,4
13757,106,108,-2,2
13758,62,59,3,3
13759,87,110,-23,23
13760,68,62,6,6
13761,77,77,0,0
13762,106,108,-2,2
13763,101,98,3,3
13764,93,86,7,7
13765,63,82,-19,19
13766,53,60,-7,7
13767,116,119,-3,3
13768,116,117,-1,1
13769,92,116,-24,24
13770,80,84,-4,4
13771,93,91,2,2
13772,129,123,6,6
13773,97,97,0,0
13774,51,58,-7,7
13775,98,90,8,8
13776,80,109,-29,29
13777,74,73,1,1
13778,157,147,10,10
13779,163,169,-6,6
13780,62,64,-2,2
13781,107,110,-3,3
13782,107,93,14,14
13783,107,106,1,1
13784,83,81,2,2
13785,117,101,16,16
13786,94,100,-6,6
13787,65,67,-2,2
13788,61,69,-8,8
13789,79,84,-5,5
13790,137,139,-2,2
13791,141,132,9,9
13792,95,98,-3,3
13793,101,101,0,0
13794,95,95,0,0
13795,142,124,18,18
13796,107,95,12,12
13797,80,77,3,3
13798,91,92,-1,1
13799,71,71,0,0
13800,81,81,0,0
13801,96,90,6,6
13802,151,142,9,9
13803,75,83,-8,8
13804,69,70,-1,1
13805,70,70,0,0
13806,66,73,-7,7
13807,100,102,-2,2
13808,107,101,6,6
13809,116,114,2,2
13810,59,64,-5,5
13811,90,92,-2,2
13812,60,56,4,4
13813,55,55,0,0
13814,66,70,-4,4
13815,90,93,-3,3
13816,80,87,-7,7
13817,151,79,72,72
13818,91,88,3,3
13819,59,63,-4,4
13820,73,73,0,0
13821,51,59,-8,8
13822,95,96,-1,1
13823,92,88,4,4
13824,61,60,1,1
13825,80,77,3,3
13826,107,123,-16,16
13827,79,80,-1,1
13828,167,154,13,13
13829,58,65,-7,7
13830,104,107,-3,3
13831,106,118,-12,12
13832,61,56,5,5
13833,111,118,-7,7
13834,97,114,-17,17
13835,101,98,3,3
13836,67,74,-7,7
13837,56,61,-5,5
13838,57,60,-3,3
13839,82,65,17,17
13840,95,93,2,2
13841,69,74,-5,5
13842,58,62,-4,4
13843,105,107,-2,2
13844,163,141,22,22
13845,61,65,-4,4
13846,90,75,15,15
13847,220,202,18,18
13848,96,81,15,15
13849,44,49,-5,5
13850,59,64,-5,5
13851,60,63,-3,3
13852,64,70,-6,6
13853,94,93,1,1
13854,151,139,12,12
13855,75,74,1,1
13856,75,76,-1,1
13857,79,72,7,7
13858,70,78,-8,8
13859,107,112,-5,5
13860,145,137,8,8
13861,70,65,5,5
13862,75,66,9,9
13863,141,135,6,6
13864,66,70,-4,4
13865,79,73,6,6
13866,111,102,9,9
13867,112,103,9,9
13868,125,137,-12,12
13869,121,129,-8,8
13870,108,104,4,4
13871,74,82,-8,8
13872,106,111,-5,5
13873,118,120,-2,2
13874,162,147,15,15
13875,142,110,32,32
13876,65,68,-3,3
13877,59,58,1,1
13878,91,84,7,7
13879,75,73,2,2
13880,125,114,11,11
13881,146,141,5,5
13882,84,80,4,4
13883,95,93,2,2
13884,88,83,5,5
13885,95,91,4,4
13886,54,61,-7,7
13887,68,60,8,8
13888,250,262,-12,12
13889,64,67,-3,3
13890,89,84,5,5
13891,63,64,-1,1
13892,47,62,-15,15
13893,113,114,-1,1
13894,118,111,7,7
13895,77,74,3,3
13896,175,161,14,14
13897,87,86,1,1
13898,85,86,-1,1
13899,107,96,11,11
13900,77,63,14,14
13901,112,119,-7,7
13902,67,72,-5,5
13903,124,134,-10,10
13904,69,67,2,2
13905,170,168,2,2
13906,91,83,8,8
13907,69,72,-3,3
13908,69,62,7,7
13909,102,108,-6,6
13910,87,98,-11,11
13911,61,64,-3,3
13912,140,120,20,20
13913,56,66,-10,10
13914,50,49,1,1
13915,71,66,5,5
13916,46,51,-5,5
13917,102,106,-4,4
13918,72,69,3,3
13919,102,109,-7,7
13920,98,95,3,3
13921,114,118,-4,4
13922,83,88,-5,5
13923,75,77,-2,2
13924,92,83,9,9
13925,107,111,-4,4
13926,166,156,10,10
13927,72,74,-2,2
13928,43,59,-16,16
13929,98,85,13,13
13930,141,135,6,6
13931,112,96,16,16
13932,149,146,3,3
13933,17,35,-18,18
13934,63,71,-8,8
13935,127,122,5,5
13936,128,127,1,1
13937,64,62,2,2
13938,59,64,-5,5
13939,45,56,-11,11
13940,104,97,7,7
13941,82,81,1,1
13942,52,47,5,5
13943,96,87,9,9
13944,108,109,-1,1
13945,122,123,-1,1
13946,105,108,-3,3
13947,72,71,1,1
13948,75,71,4,4
13949,111,109,2,2
13950,86,81,5,5
13951,121,121,0,0
13952,86,85,1,1
13953,66,63,3,3
13954,93,90,3,3
13955,128,137,-9,9
13956,142,133,9,9
13957,87,73,14,14
13958,84,83,1,1
13959,103,108,-5,5
13960,113,102,11,11
13961,136,138,-2,2
13962,74,70,4,4
13963,108,125,-17,17
13964,89,97,-8,8
13965,84,85,-1,1
13966,98,94,4,4
13967,51,56,-5,5
13968,53,49,4,4
13969,88,101,-13,13
13970,96,88,8,8
13971,105,115,-10,10
13972,95,88,7,7
13973,119,115,4,4
13974,79,74,5,5
13975,110,91,19,19
13976,68,65,3,3
13977,98,98,0,0
13978,162,161,1,1
13979,124,122,2,2
13980,54,52,2,2
13981,89,95,-6,6
13982,55,54,1,1
13983,147,129,18,18
13984,118,110,8,8
13985,28,42,-14,14
13986,115,112,3,3
13987,87,87,0,0
13988,129,124,5,5
13989,100,94,6,6
13990,119,119,0,0
13991,95,96,-1,1
13992,130,128,2,2
13993,57,53,4,4
13994,103,92,11,11
13995,100,94,6,6
13996,95,92,3,3
13997,61,60,1,1
13998,59,63,-4,4
13999,126,116,10,10
14000,162,169,-7,7
14001,98,98,0,0
14002,134,111,23,23
14003,118,116,2,2
14004,57,63,-6,6
14005,84,90,-6,6
14006,84,79,5,5
14007,120,134,-14,14
14008,163,162,1,1
14009,64,67,-3,3
14010,83,77,6,6
14011,69,79,-10,10
14012,135,97,38,38
14013,86,83,3,3
14014,60,52,8,8
14015,77,79,-2,2
14016,92,89,3,3
14017,85,80,5,5
14018,161,158,3,3
14019,126,112,14,14
14020,63,64,-1,1
14021,93,100,-7,7
14022,73,68,5,5
14023,107,109,-2,2
14024,74,75,-1,1
14025,73,68,5,5
14026,108,94,14,14
14027,182,171,11,11
14028,134,121,13,13
14029,67,68,-1,1
14030,91,93,-2,2
14031,131,156,-25,25
14032,146,143,3,3
14033,80,78,2,2
14034,139,133,6,6
14035,188,186,2,2
14036,150,139,11,11
14037,74,75,-1,1
14038,115,119,-4,4
14039,87,83,4,4
14040,83,66,17,17
14041,71,68,3,3
14042,95,94,1,1
14043,110,104,6,6
14044,91,89,2,2
14045,108,110,-2,2
14046,51,51,0,0
14047,71,73,-2,2
14048,50,53,-3,3
14049,66,71,-5,5
14050,56,65,-9,9
14051,108,111,-3,3
14052,114,111,3,3
14053,86,72,14,14
14054,88,87,1,1
14055,66,60,6,6
14056,111,112,-1,1
14057,53,56,-3,3
14058,94,90,4,4
14059,74,73,1,1
14060,129,135,-6,6
14061,75,80,-5,5
14062,198,182,16,16
14063,76,69,7,7
14064,94,91,3,3
14065,70,67,3,3
14066,172,152,20,20
14067,61,62,-1,1
14068,80,79,1,1
14069,102,93,9,9
14070,114,115,-1,1
14071,70,73,-3,3
14072,75,83,-8,8
14073,112,109,3,3
14074,44,49,-5,5
14075,145,170,-25,25
14076,68,92,-24,24
14077,148,145,3,3
14078,56,59,-3,3
14079,81,82,-1,1
14080,73,75,-2,2
14081,122,126,-4,4
14082,75,82,-7,7
14083,121,125,-4,4
14084,139,142,-3,3
14085,63,62,1,1
14086,125,123,2,2
14087,85,80,5,5
14088,112,123,-11,11
14089,114,112,2,2
14090,134,128,6,6
14091,98,110,-12,12
14092,75,84,-9,9
14093,135,116,19,19
14094,96,98,-2,2
14095,102,98,4,4
14096,150,155,-5,5
14097,186,168,18,18
14098,63,60,3,3
14099,116,110,6,6
14100,83,71,12,12
14101,110,94,16,16
14102,104,96,8,8
14103,71,72,-1,1
14104,111,120,-9,9
14105,106,111,-5,5
14106,147,149,-2,2
14107,67,68,-1,1
14108,212,200,12,12
14109,83,84,-1,1
14110,174,150,24,24
14111,113,129,-16,16
14112,68,80,-12,12
14113,159,165,-6,6
14114,52,63,-11,11
14115,123,124,-1,1
14116,112,114,-2,2
14117,69,77,-8,8
14118,61,62,-1,1
14119,63,65,-2,2
14120,70,73,-3,3
14121,65,74,-9,9
14122,145,149,-4,4
14123,121,125,-4,4
14124,60,56,4,4
14125,187,169,18,18
14126,24,30,-6,6
14127,136,133,3,3
14128,65,75,-10,10
14129,67,66,1,1
14130,189,184,5,5
14131,83,102,-19,19
14132,76,78,-2,2
14133,91,88,3,3
14134,74,87,-13,13
14135,55,63,-8,8
14136,107,99,8,8
14137,160,150,10,10
14138,149,137,12,12
14139,96,87,9,9
14140,88,84,4,4
14141,118,116,2,2
14142,91,90,1,1
14143,92,91,1,1
14144,74,74,0,0
14145,118,125,-7,7
14146,81,97,-16,16
14147,95,91,4,4
14148,68,72,-4,4
14149,132,119,13,13
14150,49,45,4,4
14151,115,118,-3,3
14152,148,146,2,2
14153,109,126,-17,17
14154,104,97,7,7
14155,159,162,-3,3
14156,83,75,8,8
14157,47,44,3,3
14158,92,87,5,5
14159,101,109,-8,8
14160,57,59,-2,2
14161,40,46,-6,6
14162,153,144,9,9
14163,163,141,22,22
14164,66,65,1,1
14165,90,85,5,5
14166,55,49,6,6
14167,52,62,-10,10
14168,96,96,0,0
14169,115,117,-2,2
14170,47,49,-2,2
14171,77,89,-12,12
14172,76,80,-4,4
14173,115,119,-4,4
14174,93,97,-4,4
14175,120,93,27,27
14176,83,86,-3,3
14177,119,115,4,4
14178,40,51,-11,11
14179,47,52,-5,5
14180,55,53,2,2
14181,96,91,5,5
14182,88,94,-6,6
14183,74,87,-13,13
14184,80,85,-5,5
14185,68,65,3,3
14186,144,137,7,7
14187,101,96,5,5
14188,116,116,0,0
14189,63,66,-3,3
14190,51,55,-4,4
14191,123,136,-13,13
14192,145,139,6,6
14193,107,96,11,11
14194,109,110,-1,1
14195,115,120,-5,5
14196,59,58,1,1
14197,63,72,-9,9
14198,190,184,6,6
14199,69,67,2,2
14200,77,76,1,1
14201,78,85,-7,7
14202,85,94,-9,9
14203,112,93,19,19
14204,82,84,-2,2
14205,150,147,3,3
14206,72,79,-7,7
14207,105,110,-5,5
14208,80,78,2,2
14209,39,45,-6,6
14210,102,111,-9,9
14211,68,73,-5,5
14212,95,91,4,4
14213,24,32,-8,8
14214,50,51,-1,1
14215,66,58,8,8
14216,69,72,-3,3
14217,120,115,5,5
14218,140,121,19,19
14219,69,74,-5,5
14220,187,154,33,33
14221,107,102,5,5
14222,67,66,1,1
14223,126,129,-3,3
14224,112,123,-11,11
14225,93,108,-15,15
14226,89,93,-4,4
14227,93,100,-7,7
14228,48,46,2,2
14229,153,148,5,5
14230,67,66,1,1
14231,48,55,-7,7
14232,58,68,-10,10
14233,179,168,11,11
14234,91,90,1,1
14235,123,127,-4,4
14236,70,77,-7,7
14237,32,48,-16,16
14238,96,84,12,12
14239,53,58,-5,5
14240,99,101,-2,2
14241,133,120,13,13
14242,77,84,-7,7
14243,47,63,-16,16
14244,55,55,0,0
14245,85,76,9,9
14246,135,133,2,2
14247,103,93,10,10
14248,62,72,-10,10
14249,73,72,1,1
14250,117,130,-13,13
14251,112,113,-1,1
14252,34,36,-2,2
14253,46,51,-5,5
14254,68,63,5,5
14255,42,42,0,0
14256,88,102,-14,14
14257,88,89,-1,1
14258,78,80,-2,2
14259,74,82,-8,8
14260,145,138,7,7
14261,144,145,-1,1
14262,146,149,-3,3
14263,50,54,-4,4
14264,134,118,16,16
14265,81,78,3,3
14266,81,75,6,6
14267,64,63,1,1
14268,134,130,4,4
14269,177,172,5,5
14270,115,110,5,5
14271,105,110,-5,5
14272,142,129,13,13
14273,104,103,1,1
14274,74,82,-8,8
14275,177,163,14,14
14276,47,47,0,0
14277,127,133,-6,6
14278,186,171,15,15
14279,81,91,-10,10
14280,78,74,4,4
14281,155,142,13,13
14282,170,127,43,43
14283,97,93,4,4
14284,94,90,4,4
14285,77,81,-4,4
14286,83,78,5,5
14287,109,111,-2,2
14288,92,95,-3,3
14289,93,94,-1,1
14290,63,87,-24,24
14291,85,87,-2,2
14292,92,97,-5,5
14293,68,57,11,11
14294,111,119,-8,8
14295,181,173,8,8
14296,57,56,1,1
14297,93,101,-8,8
14298,68,77,-9,9
14299,95,101,-6,6
14300,123,110,13,13
14301,58,62,-4,4
14302,159,143,16,16
14303,97,85,12,12
14304,82,80,2,2
14305,70,67,3,3
14306,87,77,10,10
14307,63,66,-3,3
14308,138,136,2,2
14309,124,122,2,2
14310,90,88,2,2
14311,72,70,2,2
14312,82,89,-7,7
14313,102,118,-16,16
14314,149,133,16,16
14315,127,121,6,6
14316,127,109,18,18
14317,80,80,0,0
14318,79,68,11,11
14319,126,132,-6,6
14320,160,155,5,5
14321,88,89,-1,1
14322,57,51,6,6
14323,117,116,1,1
14324,88,82,6,6
14325,117,119,-2,2
14326,108,109,-1,1
14327,122,135,-13,13
14328,126,116,10,10
14329,137,135,2,2
14330,119,107,12,12
14331,94,94,0,0
14332,89,69,20,20
14333,65,61,4,4
14334,80,78,2,2
14335,73,77,-4,4
14336,137,120,17,17
14337,112,113,-1,1
14338,93,93,0,0
14339,121,103,18,18
14340,94,96,-2,2
14341,74,78,-4,4
14342,126,123,3,3
14343,102,94,8,8
14344,61,62,-1,1
14345,107,111,-4,4
14346,187,173,14,14
14347,129,125,4,4
14348,96,101,-5,5
14349,85,77,8,8
14350,89,89,0,0
14351,65,58,7,7
14352,67,76,-9,9
14353,95,86,9,9
14354,90,83,7,7
14355,70,84,-14,14
14356,51,58,-7,7
14357,67,75,-8,8
14358,105,91,14,14
14359,72,87,-15,15
14360,73,67,6,6
14361,90,92,-2,2
14362,60,55,5,5
14363,125,122,3,3
14364,128,119,9,9
14365,114,112,2,2
14366,80,63,17,17
14367,130,117,13,13
14368,170,185,-15,15
14369,163,152,11,11
14370,121,110,11,11
14371,65,70,-5,5
14372,110,109,1,1
14373,86,87,-1,1
14374,136,137,-1,1
14375,95,94,1,1
14376,82,78,4,4
14377,117,112,5,5
14378,122,124,-2,2
14379,61,61,0,0
14380,49,50,-1,1
14381,188,168,20,20
14382,61,66,-5,5
14383,164,163,1,1
14384,64,69,-5,5
14385,100,94,6,6
14386,75,75,0,0
14387,90,86,4,4
14388,83,76,7,7
14389,74,82,-8,8
14390,88,88,0,0
14391,110,99,11,11
14392,104,100,4,4
14393,61,66,-5,5
14394,80,85,-5,5
14395,121,112,9,9
14396,72,78,-6,6
14397,80,79,1,1
14398,38,39,-1,1
14399,136,118,18,18
14400,85,90,-5,5
14401,86,86,0,0
14402,129,125,4,4
14403,58,60,-2,2
14404,73,81,-8,8
14405,135,137,-2,2
14406,106,118,-12,12
14407,53,56,-3,3
14408,54,63,-9,9
14409,62,78,-16,16
14410,91,96,-5,5
14411,61,60,1,1
14412,56,66,-10,10
14413,53,54,-1,1
14414,67,65,2,2
14415,81,85,-4,4
14416,77,84,-7,7
14417,92,93,-1,1
14418,181,167,14,14
14419,68,74,-6,6
14420,73,75,-2,2
14421,102,96,6,6
14422,85,86,-1,1
14423,78,79,-1,1
14424,85,80,5,5
14425,86,94,-8,8
14426,61,57,4,4
14427,60,61,-1,1
14428,70,81,-11,11
14429,63,67,-4,4
14430,141,150,-9,9
14431,82,77,5,5
14432,125,116,9,9
14433,25,31,-6,6
14434,124,115,9,9
14435,42,43,-1,1
14436,123,129,-6,6
14437,50,63,-13,13
14438,94,100,-6,6
14439,175,166,9,9
14440,119,123,-4,4
14441,97,100,-3,3
14442,112,109,3,3
14443,105,101,4,4
14444,85,83,2,2
14445,117,124,-7,7
14446,140,134,6,6
14447,117,110,7,7
14448,45,44,1,1
14449,73,77,-4,4
14450,71,81,-10,10
14451,41,46,-5,5
14452,134,125,9,9
14453,102,100,2,2
14454,69,72,-3,3
14455,98,101,-3,3
14456,113,109,4,4
14457,90,94,-4,4
14458,67,63,4,4
14459,83,88,-5,5
14460,64,65,-1,1
14461,192,164,28,28
14462,93,78,15,15
14463,111,111,0,0
14464,122,129,-7,7
14465,89,98,-9,9
14466,77,98,-21,21
14467,66,67,-1,1
14468,57,60,-3,3
14469,84,88,-4,4
14470,90,92,-2,2
14471,103,108,-5,5
14472,144,143,1,1
14473,120,111,9,9
14474,105,100,5,5
14475,121,118,3,3
14476,51,97,-46,46
14477,91,82,9,9
14478,73,80,-7,7
14479,60,60,0,0
14480,50,50,0,0
14481,94,107,-13,13
14482,107,96,11,11
14483,62,59,3,3
14484,77,77,0,0
14485,109,103,6,6
14486,113,110,3,3
14487,95,99,-4,4
14488,153,157,-4,4
14489,146,131,15,15
14490,75,79,-4,4
14491,97,99,-2,2
14492,96,99,-3,3
14493,112,130,-18,18
14494,93,102,-9,9
14495,88,88,0,0
14496,143,128,15,15
14497,131,131,0,0
14498,92,92,0,0
14499,77,73,4,4
14500,94,91,3,3
14501,60,67,-7,7
14502,70,69,1,1
14503,73,72,1,1
14504,115,110,5,5
14505,111,114,-3,3
14506,41,41,0,0
14507,49,51,-2,2
14508,141,133,8,8
14509,85,78,7,7
14510,89,85,4,4
14511,84,70,14,14
14512,102,99,3,3
14513,100,99,1,1
14514,72,74,-2,2
14515,99,93,6,6
14516,68,66,2,2
14517,63,60,3,3
14518,156,161,-5,5
14519,113,110,3,3
14520,109,101,8,8
14521,141,136,5,5
14522,173,167,6,6
14523,95,103,-8,8
14524,89,94,-5,5
14525,103,98,5,5
14526,71,73,-2,2
14527,81,80,1,1
14528,93,94,-1,1
14529,138,146,-8,8
14530,94,81,13,13
14531,168,147,21,21
14532,56,60,-4,4
14533,70,64,6,6
14534,143,122,21,21
14535,115,116,-1,1
14536,78,73,5,5
14537,71,67,4,4
14538,61,59,2,2
14539,174,168,6,6
14540,136,139,-3,3
14541,137,144,-7,7
14542,64,58,6,6
14543,98,97,1,1
14544,61,65,-4,4
14545,79,76,3,3
14546,58,60,-2,2
14547,88,90,-2,2
14548,83,81,2,2
14549,58,66,-8,8
14550,113,102,11,11
14551,65,63,2,2
14552,98,98,0,0
14553,98,91,7,7
14554,119,109,10,10
14555,81,84,-3,3
14556,107,112,-5,5
14557,69,66,3,3
14558,102,103,-1,1
14559,64,68,-4,4
14560,92,100,-8,8
14561,91,80,11,11
14562,76,67,9,9
14563,120,117,3,3
14564,131,125,6,6
14565,73,66,7,7
14566,113,89,24,24
14567,46,55,-9,9
14568,31,31,0,0
14569,86,105,-19,19
14570,124,132,-8,8
14571,69,67,2,2
14572,103,97,6,6
14573,78,84,-6,6
14574,85,81,4,4
14575,43,45,-2,2
14576,102,107,-5,5
14577,64,71,-7,7
14578,112,120,-8,8
14579,104,100,4,4
14580,116,117,-1,1
14581,72,73,-1,1
14582,86,95,-9,9
14583,45,46,-1,1
14584,90,96,-6,6
14585,204,186,18,18
14586,38,44,-6,6
14587,95,77,18,18
14588,102,111,-9,9
14589,193,187,6,6
14590,130,121,9,9
14591,47,50,-3,3
14592,132,134,-2,2
14593,176,152,24,24
14594,67,71,-4,4
14595,100,108,-8,8
14596,73,66,7,7
14597,44,49,-5,5
14598,65,70,-5,5
14599,34,40,-6,6
14600,56,60,-4,4
14601,87,89,-2,2
14602,87,102,-15,15
14603,44,51,-7,7
14604,115,110,5,5
14605,82,79,3,3
14606,134,138,-4,4
14607,161,155,6,6
14608,61,58,3,3
14609,150,145,5,5
14610,106,100,6,6
14611,68,65,3,3
14612,106,98,8,8
14613,96,93,3,3
14614,142,150,-8,8
14615,74,69,5,5
14616,47,53,-6,6
14617,130,134,-4,4
14618,121,123,-2,2
14619,104,108,-4,4
14620,79,77,2,2
14621,85,78,7,7
14622,92,90,2,2
14623,52,97,-45,45
14624,144,155,-11,11
14625,92,81,11,11
14626,58,54,4,4
14627,116,126,-10,10
14628,71,77,-6,6
14629,65,60,5,5
14630,86,75,11,11
14631,51,58,-7,7
14632,51,55,-4,4
14633,169,162,7,7
14634,117,127,-10,10
14635,94,95,-1,1
14636,77,75,2,2
14637,61,63,-2,2
14638,64,62,2,2
14639,38,46,-8,8
14640,54,55,-1,1
14641,70,75,-5,5
14642,77,83,-6,6
14643,127,119,8,8
14644,58,59,-1,1
14645,84,84,0,0
14646,89,92,-3,3
14647,52,50,2,2
14648,73,73,0,0
14649,64,74,-10,10
14650,53,64,-11,11
14651,112,102,10,10
14652,92,93,-1,1
14653,90,70,20,20
14654,72,71,1,1
14655,99,108,-9,9
14656,84,79,5,5
14657,90,92,-2,2
14658,135,138,-3,3
14659,91,85,6,6
14660,81,88,-7,7
14661,119,113,6,6
14662,70,72,-2,2
14663,62,62,0,0
14664,80,84,-4,4
14665,69,69,0,0
14666,107,118,-11,11
14667,145,134,11,11
14668,137,130,7,7
14669,94,95,-1,1
14670,158,142,16,16
14671,174,178,-4,4
14672,100,103,-3,3
14673,141,135,6,6
14674,131,126,5,5
14675,168,160,8,8
14676,98,95,3,3
14677,116,126,-10,10
14678,101,97,4,4
14679,89,106,-17,17
14680,119,113,6,6
14681,139,139,0,0
14682,25,30,-5,5
14683,106,109,-3,3
14684,161,158,3,3
14685,123,120,3,3
14686,87,84,3,3
14687,58,60,-2,2
14688,62,68,-6,6
14689,89,84,5,5
14690,81,76,5,5
14691,70,61,9,9
14692,78,79,-1,1
14693,163,159,4,4
14694,46,72,-26,26
14695,57,59,-2,2
14696,108,105,3,3
14697,148,111,37,37
14698,74,77,-3,3
14699,54,59,-5,5
14700,64,74,-10,10
14701,162,144,18,18
14702,124,112,12,12
14703,75,78,-3,3
14704,76,75,1,1
14705,81,91,-10,10
14706,56,61,-5,5
14707,90,83,7,7
14708,70,77,-7,7
14709,66,81,-15,15
14710,75,76,-1,1
14711,95,115,-20,20
14712,123,125,-2,2
14713,125,118,7,7
14714,44,46,-2,2
14715,141,137,4,4
14716,53,59,-6,6
14717,97,95,2,2
14718,100,114,-14,14
14719,78,94,-16,16
14720,199,182,17,17
14721,124,117,7,7
14722,56,69,-13,13
14723,62,58,4,4
14724,109,108,1,1
14725,149,135,14,14
14726,101,103,-2,2
14727,129,120,9,9
14728,138,121,17,17
14729,118,121,-3,3
14730,151,146,5,5
14731,58,57,1,1
14732,148,150,-2,2
14733,89,91,-2,2
14734,93,93,0,0
14735,111,103,8,8
14736,131,130,1,1
14737,106,110,-4,4
14738,123,120,3,3
14739,119,141,-22,22
14740,106,110,-4,4
14741,121,113,8,8
14742,74,68,6,6
14743,94,97,-3,3
14744,83,76,7,7
14745,159,148,11,11
14746,126,117,9,9
14747,71,72,-1,1
14748,52,52,0,0
14749,139,145,-6,6
14750,98,94,4,4
14751,94,90,4,4
14752,58,54,4,4
14753,126,131,-5,5
14754,65,66,-1,1
14755,98,84,14,14
14756,170,162,8,8
14757,71,76,-5,5
14758,63,70,-7,7
14759,74,79,-5,5
14760,119,113,6,6
14761,73,84,-11,11
14762,88,87,1,1
14763,96,99,-3,3
14764,125,129,-4,4
14765,119,120,-1,1
14766,88,88,0,0
14767,98,90,8,8
14768,103,119,-16,16
14769,95,89,6,6
14770,80,83,-3,3
14771,88,85,3,3
14772,50,48,2,2
14773,81,74,7,7
14774,72,67,5,5
14775,56,54,2,2
14776,54,58,-4,4
14777,70,78,-8,8
14778,92,86,6,6
14779,79,79,0,0
14780,64,67,-3,3
14781,121,115,6,6
14782,55,55,0,0
14783,110,110,0,0
14784,142,137,5,5
14785,160,153,7,7
14786,61,63,-2,2
14787,59,59,0,0
14788,102,110,-8,8
14789,95,89,6,6
14790,62,67,-5,5
14791,142,141,1,1
14792,91,77,14,14
14793,114,109,5,5
14794,54,52,2,2
14795,93,101,-8,8
14796,96,93,3,3
14797,75,73,2,2
14798,95,91,4,4
14799,59,62,-3,3
14800,87,76,11,11
14801,121,108,13,13
14802,85,90,-5,5
14803,74,77,-3,3
14804,94,94,0,0
14805,117,120,-3,3
14806,136,137,-1,1
14807,51,49,2,2
14808,143,138,5,5
14809,110,107,3,3
14810,112,110,2,2
14811,59,56,3,3
14812,69,62,7,7
14813,92,89,3,3
14814,92,98,-6,6
14815,125,116,9,9
14816,93,84,9,9
14817,94,86,8,8
14818,183,169,14,14
14819,158,162,-4,4
14820,126,125,1,1
14821,201,182,19,19
14822,96,86,10,10
14823,69,85,-16,16
14824,112,122,-10,10
14825,60,66,-6,6
14826,81,77,4,4
14827,229,222,7,7
14828,81,76,5,5
14829,49,57,-8,8
14830,98,89,9,9
14831,104,100,4,4
14832,117,112,5,5
14833,91,92,-1,1
14834,96,87,9,9
14835,82,81,1,1
14836,193,166,27,27
14837,75,80,-5,5
14838,101,96,5,5
14839,128,115,13,13
14840,103,102,1,1
14841,84,77,7,7
14842,162,153,9,9
14843,117,116,1,1
14844,104,124,-20,20
14845,85,84,1,1
14846,90,90,0,0
14847,67,69,-2,2
14848,91,79,12,12
14849,152,144,8,8
14850,60,58,2,2
14851,107,101,6,6
14852,114,131,-17,17
14853,95,94,1,1
14854,85,89,-4,4
14855,72,105,-33,33
14856,66,97,-31,31
14857,81,83,-2,2
14858,112,106,6,6
14859,39,40,-1,1
14860,125,140,-15,15
14861,67,66,1,1
14862,103,95,8,8
14863,44,56,-12,12
14864,52,49,3,3
14865,58,60,-2,2
14866,105,110,-5,5
14867,55,67,-12,12
14868,107,126,-19,19
14869,102,111,-9,9
14870,61,77,-16,16
14871,129,128,1,1
14872,72,71,1,1
14873,144,141,3,3
14874,67,72,-5,5
14875,131,126,5,5
14876,59,62,-3,3
14877,142,137,5,5
14878,80,82,-2,2
14879,95,89,6,6
14880,62,68,-6,6
14881,99,101,-2,2
14882,69,78,-9,9
14883,36,43,-7,7
14884,53,57,-4,4
14885,174,154,20,20
14886,120,118,2,2
14887,60,67,-7,7
14888,44,42,2,2
14889,104,111,-7,7
14890,70,63,7,7
14891,80,74,6,6
14892,72,71,1,1
14893,114,127,-13,13
14894,110,110,0,0
14895,69,63,6,6
14896,108,103,5,5
14897,136,135,1,1
14898,62,66,-4,4
14899,170,171,-1,1
14900,109,99,10,10
14901,85,84,1,1
14902,93,84,9,9
14903,117,115,2,2
14904,102,85,17,17
14905,123,116,7,7
14906,91,109,-18,18
14907,65,67,-2,2
14908,52,57,-5,5
14909,139,127,12,12
14910,88,89,-1,1
14911,67,82,-15,15
14912,143,139,4,4
14913,153,157,-4,4
14914,65,66,-1,1
14915,84,84,0,0
14916,101,113,-12,12
14917,90,116,-26,26
14918,75,74,1,1
14919,95,92,3,3
14920,197,175,22,22
14921,60,62,-2,2
14922,152,151,1,1
14923,69,66,3,3
14924,79,81,-2,2
14925,63,71,-8,8
14926,114,111,3,3
14927,94,88,6,6
14928,107,101,6,6
14929,94,92,2,2
14930,68,66,2,2
14931,95,90,5,5
14932,123,115,8,8
14933,81,78,3,3
14934,141,127,14,14
14935,78,80,-2,2
14936,100,110,-10,10
14937,120,118,2,2
14938,36,48,-12,12
14939,81,87,-6,6
14940,118,99,19,19
14941,122,123,-1,1
14942,80,75,5,5
14943,130,120,10,10
14944,44,43,1,1
14945,170,171,-1,1
14946,74,86,-12,12
14947,66,71,-5,5
14948,192,183,9,9
14949,84,86,-2,2
14950,116,137,-21,21
14951,81,80,1,1
14952,43,43,0,0
14953,69,74,-5,5
14954,63,59,4,4
14955,94,91,3,3
14956,84,80,4,4
14957,56,53,3,3
14958,106,113,-7,7
14959,152,128,24,24
14960,92,90,2,2
14961,68,67,1,1
14962,87,89,-2,2
14963,88,101,-13,13
14964,78,78,0,0
14965,64,75,-11,11
14966,147,143,4,4
14967,57,55,2,2
14968,81,99,-18,18
14969,59,62,-3,3
14970,70,70,0,0
14971,87,94,-7,7
14972,90,79,11,11
14973,87,74,13,13
14974,49,57,-8,8
14975,160,140,20,20
14976,131,115,16,16
14977,83,86,-3,3
14978,44,47,-3,3
14979,44,51,-7,7
14980,52,51,1,1
14981,102,112,-10,10
14982,69,72,-3,3
14983,99,95,4,4
14984,81,88,-7,7
14985,91,97,-6,6
14986,87,84,3,3
14987,57,56,1,1
14988,82,87,-5,5
14989,56,57,-1,1
14990,76,73,3,3
14991,79,79,0,0
14992,78,74,4,4
14993,121,112,9,9
14994,119,98,21,21
14995,68,77,-9,9
14996,146,142,4,4
14997,106,89,17,17
14998,132,122,10,10
14999,47,49,-2,2
15000,70,68,2,2
15001,114,97,17,17
15002,71,67,4,4
15003,85,96,-11,11
15004,132,122,10,10
15005,33,33,0,0
15006,16,36,-20,20
15007,68,71,-3,3
15008,62,64,-2,2
15009,84,91,-7,7
15010,50,54,-4,4
15011,91,93,-2,2
15012,116,115,1,1
15013,97,91,6,6
15014,126,130,-4,4
15015,102,110,-8,8
15016,111,96,15,15
15017,113,110,3,3
15018,149,136,13,13
15019,87,76,11,11
15020,120,110,10,10
15021,124,125,-1,1
15022,145,130,15,15
15023,78,77,1,1
15024,158,161,-3,3
15025,47,56,-9,9
15026,228,199,29,29
15027,86,93,-7,7
15028,97,93,4,4
15029,105,99,6,6
15030,59,68,-9,9
15031,134,110,24,24
15032,122,125,-3,3
15033,116,133,-17,17
15034,72,80,-8,8
15035,95,110,-15,15
15036,48,48,0,0
15037,71,71,0,0
15038,164,168,-4,4
15039,80,79,1,1
15040,96,87,9,9
15041,133,124,9,9
15042,121,129,-8,8
15043,122,125,-3,3
15044,99,91,8,8
15045,96,86,10,10
15046,41,49,-8,8
15047,157,134,23,23
15048,104,84,20,20
15049,65,71,-6,6
15050,103,111,-8,8
15051,118,114,4,4
15052,99,96,3,3
15053,126,114,12,12
15054,106,101,5,5
15055,55,47,8,8
15056,75,74,1,1
15057,69,71,-2,2
15058,107,110,-3,3
15059,122,120,2,2
15060,63,67,-4,4
15061,107,103,4,4
15062,96,115,-19,19
15063,62,72,-10,10
15064,72,69,3,3
15065,152,144,8,8
15066,65,68,-3,3
15067,78,76,2,2
15068,115,114,1,1
15069,113,107,6,6
15070,113,98,15,15
15071,105,101,4,4
15072,116,118,-2,2
15073,158,151,7,7
15074,57,63,-6,6
15075,141,142,-1,1
15076,82,80,2,2
15077,106,109,-3,3
15078,96,88,8,8
15079,104,102,2,2
15080,98,91,7,7
15081,83,93,-10,10
15082,138,133,5,5
15083,148,142,6,6
15084,71,69,2,2
15085,90,98,-8,8
15086,134,125,9,9
15087,129,136,-7,7
15088,127,126,1,1
15089,77,76,1,1
15090,69,79,-10,10
15091,102,107,-5,5
15092,69,70,-1,1
15093,65,67,-2,2
15094,102,113,-11,11
15095,56,71,-15,15
15096,123,115,8,8
15097,73,73,0,0
15098,61,69,-8,8
15099,102,117,-15,15
15100,98,99,-1,1
15101,80,71,9,9
15102,85,90,-5,5
15103,61,73,-12,12
15104,127,131,-4,4
15105,68,66,2,2
15106,127,135,-8,8
15107,71,71,0,0
15108,71,58,13,13
15109,149,141,8,8
15110,91,82,9,9
15111,98,108,-10,10
15112,51,56,-5,5
15113,90,85,5,5
15114,105,119,-14,14
15115,84,85,-1,1
15116,98,90,8,8
15117,188,199,-11,11
15118,57,55,2,2
15119,135,113,22,22
15120,107,102,5,5
15121,166,158,8,8
15122,102,96,6,6
15123,162,156,6,6
15124,74,70,4,4
15125,81,80,1,1
15126,58,58,0,0
15127,93,78,15,15
15128,67,67,0,0
15129,136,142,-6,6
15130,122,123,-1,1
15131,114,120,-6,6
15132,66,63,3,3
15133,121,113,8,8
15134,82,89,-7,7
15135,110,106,4,4
15136,63,69,-6,6
15137,108,101,7,7
15138,77,76,1,1
15139,86,79,7,7
15140,74,70,4,4
15141,101,103,-2,2
15142,114,123,-9,9
15143,105,99,6,6
15144,106,109,-3,3
15145,83,80,3,3
15146,169,162,7,7
15147,71,70,1,1
15148,87,93,-6,6
15149,67,69,-2,2
15150,86,111,-25,25
15151,244,230,14,14
15152,96,80,16,16
15153,136,136,0,0
15154,64,65,-1,1
15155,131,146,-15,15
15156,142,146,-4,4
15157,63,74,-11,11
15158,56,61,-5,5
15159,65,58,7,7
15160,116,109,7,7
15161,57,55,2,2
15162,109,117,-8,8
15163,114,127,-13,13
15164,68,63,5,5
15165,114,112,2,2
15166,64,85,-21,21
15167,112,121,-9,9
15168,47,53,-6,6
15169,66,63,3,3
15170,81,86,-5,5
15171,127,130,-3,3
15172,109,110,-1,1
15173,72,67,5,5
15174,94,96,-2,2
15175,46,52,-6,6
15176,113,83,30,30
15177,70,73,-3,3
15178,80,84,-4,4
15179,64,65,-1,1
15180,113,107,6,6
15181,56,67,-11,11
15182,112,108,4,4
15183,50,61,-11,11
15184,101,98,3,3
15185,173,167,6,6
15186,57,53,4,4
15187,104,102,2,2
15188,90,85,5,5
15189,76,73,3,3
15190,94,91,3,3
15191,105,121,-16,16
15192,121,120,1,1
15193,126,138,-12,12
15194,127,110,17,17
15195,116,117,-1,1
15196,88,85,3,3
15197,62,75,-13,13
15198,190,187,3,3
15199,91,103,-12,12
15200,68,75,-7,7
15201,102,95,7,7
15202,150,120,30,30
15203,85,88,-3,3
15204,45,52,-7,7
15205,106,112,-6,6
15206,64,60,4,4
15207,152,152,0,0
15208,124,128,-4,4
15209,77,80,-3,3
15210,80,86,-6,6
15211,68,60,8,8
15212,131,131,0,0
15213,141,134,7,7
15214,138,122,16,16
15215,139,152,-13,13
15216,54,59,-5,5
15217,81,82,-1,1
15218,131,126,5,5
15219,105,103,2,2
15220,88,79,9,9
15221,97,98,-1,1
15222,132,124,8,8
15223,80,83,-3,3
15224,83,83,0,0
15225,56,62,-6,6
15226,68,74,-6,6
15227,88,84,4,4
15228,101,104,-3,3
15229,123,118,5,5
15230,123,130,-7,7
15231,56,71,-15,15
15232,139,138,1,1
15233,102,109,-7,7
15234,53,54,-1,1
15235,145,144,1,1
15236,94,97,-3,3
15237,126,123,3,3
15238,92,84,8,8
15239,82,78,4,4
15240,74,83,-9,9
15241,165,137,28,28
15242,99,109,-10,10
15243,139,146,-7,7
15244,84,74,10,10
15245,85,81,4,4
15246,63,68,-5,5
15247,174,153,21,21
15248,127,111,16,16
15249,93,107,-14,14
15250,106,108,-2,2
15251,108,138,-30,30
15252,93,91,2,2
15253,98,79,19,19
15254,91,87,4,4
15255,68,62,6,6
15256,98,95,3,3
15257,264,223,41,41
15258,105,91,14,14
15259,71,78,-7,7
15260,57,52,5,5
15261,99,96,3,3
15262,87,82,5,5
15263,109,111,-2,2
15264,132,131,1,1
15265,66,74,-8,8
15266,99,100,-1,1
15267,70,63,7,7
15268,111,111,0,0
15269,124,119,5,5
15270,53,61,-8,8
15271,113,107,6,6
15272,69,59,10,10
15273,69,78,-9,9
15274,80,77,3,3
15275,87,86,1,1
15276,117,109,8,8
15277,105,96,9,9
15278,64,57,7,7
15279,41,45,-4,4
15280,60,61,-1,1
15281,93,91,2,2
15282,74,67,7,7
15283,100,91,9,9
15284,75,70,5,5
15285,117,108,9,9
15286,129,132,-3,3
15287,145,142,3,3
15288,102,109,-7,7
15289,147,150,-3,3
15290,55,57,-2,2
15291,91,82,9,9
15292,46,49,-3,3
15293,211,176,35,35
15294,125,132,-7,7
15295,76,74,2,2
15296,84,82,2,2
15297,104,103,1,1
15298,62,68,-6,6
15299,77,82,-5,5
15300,100,91,9,9
15301,83,89,-6,6
15302,90,89,1,1
15303,181,172,9,9
15304,132,148,-16,16
15305,88,84,4,4
15306,85,86,-1,1
15307,69,74,-5,5
15308,59,55,4,4
15309,42,35,7,7
15310,138,130,8,8
15311,75,69,6,6
15312,116,118,-2,2
15313,76,90,-14,14
15314,85,82,3,3
15315,60,64,-4,4
15316,101,96,5,5
15317,117,124,-7,7
15318,73,80,-7,7
15319,65,66,-1,1
15320,136,139,-3,3
15321,40,45,-5,5
15322,61,60,1,1
15323,138,138,0,0
15324,55,62,-7,7
15325,87,82,5,5
15326,60,55,5,5
15327,42,44,-2,2
15328,184,190,-6,6
15329,136,142,-6,6
15330,46,51,-5,5
15331,157,119,38,38
15332,99,104,-5,5
15333,64,61,3,3
15334,95,94,1,1
15335,138,138,0,0
15336,63,67,-4,4
15337,72,69,3,3
15338,52,55,-3,3
15339,90,81,9,9
15340,78,88,-10,10
15341,97,99,-2,2
15342,118,114,4,4
15343,89,91,-2,2
15344,55,58,-3,3
15345,109,109,0,0
15346,64,70,-6,6
15347,103,94,9,9
15348,96,97,-1,1
15349,101,100,1,1
15350,130,128,2,2
15351,67,81,-14,14
15352,65,63,2,2
15353,80,80,0,0
15354,90,84,6,6
15355,86,79,7,7
15356,62,62,0,0
15357,162,156,6,6
15358,107,115,-8,8
15359,42,40,2,2
15360,104,107,-3,3
15361,125,123,2,2
15362,93,96,-3,3
15363,163,182,-19,19
15364,42,55,-13,13
15365,127,121,6,6
15366,94,100,-6,6
15367,88,88,0,0
15368,147,144,3,3
15369,155,152,3,3
15370,107,96,11,11
15371,65,65,0,0
15372,94,112,-18,18
15373,77,80,-3,3
15374,128,132,-4,4
15375,70,74,-4,4
15376,51,59,-8,8
15377,101,109,-8,8
15378,108,93,15,15
15379,169,156,13,13
15380,56,60,-4,4
15381,114,102,12,12
15382,129,140,-11,11
15383,98,96,2,2
15384,62,60,2,2
15385,52,53,-1,1
15386,125,115,10,10
15387,123,116,7,7
15388,107,109,-2,2
15389,100,102,-2,2
15390,153,168,-15,15
15391,81,87,-6,6
15392,82,83,-1,1
15393,97,97,0,0
15394,28,34,-6,6
15395,123,127,-4,4
15396,66,77,-11,11
15397,91,92,-1,1
15398,95,95,0,0
15399,66,71,-5,5
15400,105,113,-8,8
15401,64,63,1,1
15402,106,103,3,3
15403,136,124,12,12
15404,87,88,-1,1
15405,71,69,2,2
15406,116,118,-2,2
15407,88,94,-6,6
15408,53,56,-3,3
15409,126,116,10,10
15410,144,131,13,13
15411,74,76,-2,2
15412,63,64,-1,1
15413,72,71,1,1
15414,73,63,10,10
15415,76,79,-3,3
15416,88,85,3,3
15417,78,80,-2,2
15418,103,102,1,1
15419,76,65,11,11
15420,41,83,-42,42
15421,231,205,26,26
15422,134,135,-1,1
15423,126,110,16,16
15424,138,131,7,7
15425,103,112,-9,9
15426,90,93,-3,3
15427,73,72,1,1
15428,63,73,-10,10
15429,81,85,-4,4
15430,120,102,18,18
15431,92,96,-4,4
15432,100,96,4,4
15433,51,57,-6,6
15434,116,120,-4,4
15435,97,95,2,2
15436,87,73,14,14
15437,138,125,13,13
15438,52,60,-8,8
15439,36,42,-6,6
15440,167,171,-4,4
15441,80,92,-12,12
15442,117,116,1,1
15443,91,80,11,11
15444,163,155,8,8
15445,112,126,-14,14
15446,75,81,-6,6
15447,119,116,3,3
15448,61,65,-4,4
15449,71,68,3,3
15450,117,117,0,0
15451,115,132,-17,17
15452,99,108,-9,9
15453,125,123,2,2
15454,100,100,0,0
15455,153,133,20,20
15456,146,150,-4,4
15457,157,146,11,11
15458,104,104,0,0
15459,130,122,8,8
15460,137,143,-6,6
15461,105,115,-10,10
15462,101,90,11,11
15463,110,116,-6,6
15464,97,90,7,7
15465,87,83,4,4
15466,107,110,-3,3
15467,87,89,-2,2
15468,90,78,12,12
15469,90,86,4,4
15470,118,120,-2,2
15471,57,64,-7,7
15472,108,116,-8,8
15473,51,56,-5,5
15474,56,70,-14,14
15475,53,69,-16,16
15476,55,61,-6,6
15477,68,73,-5,5
15478,61,68,-7,7
15479,142,141,1,1
15480,83,76,7,7
15481,56,62,-6,6
15482,60,71,-11,11
15483,59,64,-5,5
15484,119,118,1,1
15485,60,69,-9,9
15486,60,64,-4,4
15487,106,102,4,4
15488,78,80,-2,2
15489,83,80,3,3
15490,63,65,-2,2
15491,147,145,2,2
15492,182,167,15,15
15493,129,124,5,5
15494,97,99,-2,2
15495,115,112,3,3
15496,105,112,-7,7
15497,102,113,-11,11
15498,127,133,-6,6
15499,157,148,9,9
15500,84,82,2,2
15501,152,140,12,12
15502,74,79,-5,5
15503,79,78,1,1
15504,123,129,-6,6
15505,135,141,-6,6
15506,82,83,-1,1
15507,111,115,-4,4
15508,62,86,-24,24
15509,59,66,-7,7
15510,77,90,-13,13
15511,63,69,-6,6
15512,81,82,-1,1
15513,56,60,-4,4
15514,69,73,-4,4
15515,65,68,-3,3
15516,82,80,2,2
15517,91,89,2,2
15518,190,161,29,29
15519,185,172,13,13
15520,131,122,9,9
15521,65,66,-1,1
15522,158,147,11,11
15523,144,155,-11,11
15524,73,78,-5,5
15525,80,98,-18,18
15526,152,144,8,8
15527,62,67,-5,5
15528,64,69,-5,5
15529,65,68,-3,3
15530,146,138,8,8
15531,124,120,4,4
15532,108,108,0,0
15533,131,122,9,9
15534,107,113,-6,6
15535,104,109,-5,5
15536,78,73,5,5
15537,115,123,-8,8
15538,159,149,10,10
15539,103,111,-8,8
15540,101,107,-6,6
15541,63,58,5,5
15542,160,158,2,2
15543,61,67,-6,6
15544,60,59,1,1
15545,130,136,-6,6
15546,96,94,2,2
15547,84,86,-2,2
15548,93,87,6,6
15549,110,112,-2,2
15550,66,64,2,2
15551,77,70,7,7
15552,103,105,-2,2
15553,78,80,-2,2
15554,147,141,6,6
15555,87,91,-4,4
15556,84,76,8,8
15557,83,77,6,6
15558,69,64,5,5
15559,180,176,4,4
15560,140,138,2,2
15561,57,61,-4,4
15562,120,117,3,3
15563,62,65,-3,3
15564,79,77,2,2
15565,127,130,-3,3
15566,64,69,-5,5
15567,81,76,5,5
15568,100,96,4,4
15569,118,118,0,0
15570,85,80,5,5
15571,77,87,-10,10
15572,104,98,6,6
15573,72,70,2,2
15574,101,98,3,3
15575,95,99,-4,4
15576,98,92,6,6
15577,62,60,2,2
15578,98,87,11,11
15579,113,128,-15,15
15580,62,63,-1,1
15581,52,62,-10,10
15582,112,100,12,12
15583,80,82,-2,2
15584,106,117,-11,11
15585,63,66,-3,3
15586,49,64,-15,15
15587,72,73,-1,1
15588,117,107,10,10
15589,116,113,3,3
15590,94,90,4,4
15591,95,95,0,0
15592,83,93,-10,10
15593,119,120,-1,1
15594,106,109,-3,3
15595,92,83,9,9
15596,70,76,-6,6
15597,133,128,5,5
15598,64,63,1,1
15599,169,158,11,11
15600,93,87,6,6
15601,102,103,-1,1
15602,87,82,5,5
15603,71,73,-2,2
15604,62,65,-3,3
15605,59,54,5,5
15606,85,81,4,4
15607,72,75,-3,3
15608,50,54,-4,4
15609,92,91,1,1
15610,127,122,5,5
15611,57,56,1,1
15612,107,101,6,6
15613,65,61,4,4
15614,82,85,-3,3
15615,81,85,-4,4
15616,98,97,1,1
15617,82,78,4,4
15618,110,125,-15,15
15619,166,159,7,7
15620,107,102,5,5
15621,50,57,-7,7
15622,148,138,10,10
15623,70,71,-1,1
15624,100,91,9,9
15625,108,105,3,3
15626,113,115,-2,2
15627,53,62,-9,9
15628,126,128,-2,2
15629,72,72,0,0
15630,197,176,21,21
15631,47,46,1,1
15632,89,83,6,6
15633,143,130,13,13
15634,119,119,0,0
15635,76,82,-6,6
15636,73,79,-6,6
15637,68,70,-2,2
15638,111,109,2,2
15639,121,109,12,12
15640,92,99,-7,7
15641,113,110,3,3
15642,98,96,2,2
15643,152,160,-8,8
15644,80,81,-1,1
15645,82,80,2,2
15646,128,121,7,7
15647,49,55,-6,6
15648,128,130,-2,2
15649,63,63,0,0
15650,52,55,-3,3
15651,89,88,1,1
15652,68,63,5,5
15653,109,110,-1,1
15654,83,83,0,0
15655,97,97,0,0
15656,73,76,-3,3
15657,75,69,6,6
15658,127,122,5,5
15659,52,78,-26,26
15660,69,58,11,11
15661,152,148,4,4
15662,87,86,1,1
15663,130,113,17,17
15664,72,81,-9,9
15665,114,118,-4,4
15666,75,79,-4,4
15667,136,124,12,12
15668,77,73,4,4
15669,88,84,4,4
15670,64,73,-9,9
15671,90,78,12,12
15672,174,172,2,2
15673,57,66,-9,9
15674,56,63,-7,7
15675,78,76,2,2
15676,81,75,6,6
15677,67,60,7,7
15678,123,115,8,8
15679,146,143,3,3
15680,123,129,-6,6
15681,98,103,-5,5
15682,61,73,-12,12
15683,109,113,-4,4
15684,76,83,-7,7
15685,121,121,0,0
15686,81,81,0,0
15687,38,51,-13,13
15688,70,73,-3,3
15689,83,79,4,4
15690,100,99,1,1
15691,79,88,-9,9
15692,98,107,-9,9
15693,79,71,8,8
15694,196,181,15,15
15695,137,137,0,0
15696,67,72,-5,5
15697,87,87,0,0
15698,79,80,-1,1
15699,84,86,-2,2
15700,104,118,-14,14
15701,105,113,-8,8
15702,113,108,5,5
15703,54,56,-2,2
15704,77,73,4,4
15705,124,120,4,4
15706,103,95,8,8
15707,175,160,15,15
15708,67,62,5,5
15709,86,85,1,1
15710,65,68,-3,3
15711,74,73,1,1
15712,85,65,20,20
15713,77,75,2,2
15714,94,89,5,5
15715,163,143,20,20
15716,107,109,-2,2
15717,126,126,0,0
15718,97,90,7,7
15719,80,79,1,1
15720,150,153,-3,3
15721,67,76,-9,9
15722,120,105,15,15
15723,86,94,-8,8
15724,80,78,2,2
15725,79,79,0,0
15726,98,95,3,3
15727,100,102,-2,2
15728,105,112,-7,7
15729,140,156,-16,16
15730,110,101,9,9
15731,101,95,6,6
15732,50,53,-3,3
15733,132,127,5,5
15734,160,161,-1,1
15735,119,111,8,8
15736,94,89,5,5
15737,83,82,1,1
15738,92,90,2,2
15739,76,66,10,10
15740,103,104,-1,1
15741,93,92,1,1
15742,67,69,-2,2
15743,104,116,-12,12
15744,123,123,0,0
15745,90,79,11,11
15746,75,80,-5,5
15747,120,115,5,5
15748,66,62,4,4
15749,106,109,-3,3
15750,120,115,5,5
15751,98,83,15,15
15752,105,109,-4,4
15753,97,95,2,2
15754,101,95,6,6
15755,80,81,-1,1
15756,87,82,5,5
15757,68,64,4,4
15758,160,149,11,11
15759,77,80,-3,3
15760,65,68,-3,3
15761,90,92,-2,2
15762,34,42,-8,8
15763,90,97,-7,7
15764,83,73,10,10
15765,47,46,1,1
15766,47,64,-17,17
15767,106,114,-8,8
15768,63,67,-4,4
15769,96,97,-1,1
15770,108,117,-9,9
15771,85,82,3,3
15772,157,143,14,14
15773,90,75,15,15
15774,116,121,-5,5
15775,132,132,0,0
15776,123,116,7,7
15777,118,117,1,1
15778,45,55,-10,10
15779,60,62,-2,2
15780,179,161,18,18
15781,111,112,-1,1
15782,118,124,-6,6
15783,87,95,-8,8
15784,51,58,-7,7
15785,37,45,-8,8
15786,91,88,3,3
15787,69,73,-4,4
15788,130,118,12,12
15789,102,110,-8,8
15790,93,102,-9,9
15791,129,125,4,4
15792,54,52,2,2
15793,70,68,2,2
15794,125,113,12,12
15795,59,61,-2,2
15796,46,44,2,2
15797,64,69,-5,5
15798,113,98,15,15
15799,110,95,15,15
15800,46,52,-6,6
15801,134,141,-7,7
15802,71,83,-12,12
15803,143,148,-5,5
15804,63,65,-2,2
15805,120,120,0,0
15806,86,75,11,11
15807,74,79,-5,5
15808,118,123,-5,5
15809,61,67,-6,6
15810,65,64,1,1
15811,136,123,13,13
15812,85,88,-3,3
15813,105,90,15,15
15814,146,140,6,6
15815,98,110,-12,12
15816,30,42,-12,12
15817,76,76,0,0
15818,148,143,5,5
15819,126,121,5,5
15820,121,117,4,4
15821,173,124,49,49
15822,68,80,-12,12
15823,100,100,0,0
15824,109,114,-5,5
15825,73,77,-4,4
15826,97,95,2,2
15827,92,86,6,6
15828,97,93,4,4
15829,88,99,-11,11
15830,159,147,12,12
15831,104,100,4,4
15832,65,66,-1,1
15833,84,80,4,4
15834,82,83,-1,1
15835,100,113,-13,13
15836,105,104,1,1
15837,70,78,-8,8
15838,77,71,6,6
15839,111,113,-2,2
15840,96,87,9,9
15841,98,108,-10,10
15842,89,88,1,1
15843,62,71,-9,9
15844,144,130,14,14
15845,134,129,5,5
15846,96,94,2,2
15847,64,74,-10,10
15848,74,73,1,1
15849,113,107,6,6
15850,125,136,-11,11
15851,122,116,6,6
15852,66,74,-8,8
15853,46,50,-4,4
15854,115,117,-2,2
15855,59,63,-4,4
15856,76,73,3,3
15857,97,95,2,2
15858,125,127,-2,2
15859,138,110,28,28
15860,24,32,-8,8
15861,34,39,-5,5
15862,77,76,1,1
15863,112,125,-13,13
15864,123,123,0,0
15865,88,89,-1,1
15866,130,123,7,7
15867,108,110,-2,2
15868,52,47,5,5
15869,112,119,-7,7
15870,41,40,1,1
15871,68,75,-7,7
15872,111,113,-2,2
15873,97,107,-10,10
15874,73,73,0,0
15875,75,74,1,1
15876,79,95,-16,16
15877,62,63,-1,1
15878,75,92,-17,17
15879,128,124,4,4
15880,113,119,-6,6
15881,49,45,4,4
15882,65,54,11,11
15883,64,66,-2,2
15884,97,107,-10,10
15885,117,108,9,9
15886,62,60,2,2
15887,75,93,-18,18
15888,80,84,-4,4
15889,63,68,-5,5
15890,50,59,-9,9
15891,112,111,1,1
15892,129,130,-1,1
15893,78,74,4,4
15894,102,107,-5,5
15895,101,92,9,9
15896,67,73,-6,6
15897,49,53,-4,4
15898,184,167,17,17
15899,81,79,2,2
15900,70,67,3,3
15901,95,85,10,10
15902,111,107,4,4
15903,141,133,8,8
15904,105,122,-17,17
15905,54,49,5,5
15906,78,75,3,3
15907,155,144,11,11
15908,134,130,4,4
15909,88,79,9,9
15910,66,74,-8,8
15911,64,70,-6,6
15912,60,72,-12,12
15913,94,90,4,4
15914,103,93,10,10
15915,146,143,3,3
15916,74,84,-10,10
15917,73,70,3,3
15918,62,62,0,0
15919,103,101,2,2
15920,126,121,5,5
15921,96,87,9,9
15922,160,149,11,11
15923,118,117,1,1
15924,128,118,10,10
15925,191,183,8,8
15926,123,117,6,6
15927,107,104,3,3
15928,55,54,1,1
15929,47,45,2,2
15930,55,54,1,1
15931,58,59,-1,1
15932,107,110,-3,3
15933,76,74,2,2
15934,96,82,14,14
15935,57,57,0,0
15936,110,118,-8,8
15937,79,75,4,4
15938,65,70,-5,5
15939,123,115,8,8
15940,61,51,10,10
15941,65,74,-9,9
15942,113,110,3,3
15943,49,46,3,3
15944,82,90,-8,8
15945,98,101,-3,3
15946,75,79,-4,4
15947,112,119,-7,7
15948,113,103,10,10
15949,94,93,1,1
15950,58,46,12,12
15951,64,76,-12,12
15952,105,115,-10,10
15953,101,108,-7,7
15954,68,70,-2,2
15955,101,93,8,8
15956,52,54,-2,2
15957,70,69,1,1
15958,97,133,-36,36
15959,117,110,7,7
15960,68,69,-1,1
15961,127,113,14,14
15962,69,74,-5,5
15963,90,98,-8,8
15964,40,46,-6,6
15965,114,110,4,4
15966,98,98,0,0
15967,66,68,-2,2
15968,67,83,-16,16
15969,190,188,2,2
15970,104,99,5,5
15971,74,84,-10,10
15972,69,56,13,13
15973,86,92,-6,6
15974,102,92,10,10
15975,122,117,5,5
15976,142,132,10,10
15977,103,91,12,12
15978,164,152,12,12
15979,110,127,-17,17
15980,64,67,-3,3
15981,74,72,2,2
15982,61,60,1,1
15983,63,68,-5,5
15984,100,88,12,12
15985,107,110,-3,3
15986,102,98,4,4
15987,31,45,-14,14
15988,147,137,10,10
15989,60,63,-3,3
15990,86,83,3,3
15991,114,126,-12,12
15992,103,117,-14,14
15993,75,77,-2,2
15994,95,107,-12,12
15995,87,80,7,7
15996,99,88,11,11
15997,114,115,-1,1
15998,76,84,-8,8
15999,120,128,-8,8
16000,90,82,8,8
16001,64,59,5,5
16002,113,114,-1,1
16003,66,65,1,1
16004,123,111,12,12
16005,132,119,13,13
16006,124,110,14,14
16007,56,59,-3,3
16008,125,136,-11,11
16009,101,100,1,1
16010,89,85,4,4
16011,57,67,-10,10
16012,98,89,9,9
16013,101,103,-2,2
16014,82,87,-5,5
16015,128,135,-7,7
16016,56,59,-3,3
16017,162,160,2,2
16018,84,91,-7,7
16019,79,73,6,6
16020,53,54,-1,1
16021,55,61,-6,6
16022,62,60,2,2
16023,73,75,-2,2
16024,42,49,-7,7
16025,127,141,-14,14
16026,52,59,-7,7
16027,121,126,-5,5
16028,75,86,-11,11
16029,89,85,4,4
16030,64,66,-2,2
16031,36,33,3,3
16032,89,81,8,8
16033,72,69,3,3
16034,148,144,4,4
16035,106,100,6,6
16036,158,164,-6,6
16037,131,124,7,7
16038,130,134,-4,4
16039,77,72,5,5
16040,136,130,6,6
16041,102,102,0,0
16042,86,88,-2,2
16043,89,83,6,6
16044,101,90,11,11
16045,99,98,1,1
16046,100,90,10,10
16047,69,73,-4,4
16048,92,80,12,12
16049,69,70,-1,1
16050,128,125,3,3
16051,151,143,8,8
16052,39,37,2,2
16053,44,51,-7,7
16054,74,82,-8,8
16055,82,77,5,5
16056,140,133,7,7
16057,120,111,9,9
16058,79,68,11,11
16059,89,91,-2,2
16060,158,187,-29,29
16061,105,128,-23,23
16062,113,116,-3,3
16063,58,56,2,2
16064,95,91,4,4
16065,82,87,-5,5
16066,140,132,8,8
16067,66,74,-8,8
16068,94,95,-1,1
16069,116,120,-4,4
16070,70,79,-9,9
16071,90,91,-1,1
16072,73,82,-9,9
16073,62,100,-38,38
16074,55,58,-3,3
16075,87,84,3,3
16076,97,96,1,1
16077,75,75,0,0
16078,113,110,3,3
16079,148,132,16,16
16080,144,167,-23,23
16081,64,59,5,5
16082,117,107,10,10
16083,89,86,3,3
16084,106,101,5,5
16085,130,110,20,20
16086,91,99,-8,8
16087,52,54,-2,2
16088,54,62,-8,8
16089,117,108,9,9
16090,127,136,-9,9
16091,104,92,12,12
16092,122,115,7,7
16093,67,65,2,2
16094,73,78,-5,5
16095,84,83,1,1
16096,63,61,2,2
16097,199,194,5,5
16098,138,151,-13,13
16099,85,81,4,4
16100,112,117,-5,5
16101,100,108,-8,8
16102,184,193,-9,9
16103,90,89,1,1
16104,55,57,-2,2
16105,142,136,6,6
16106,124,123,1,1
16107,83,95,-12,12
16108,79,86,-7,7
16109,52,62,-10,10
16110,92,93,-1,1
16111,71,70,1,1
16112,47,44,3,3
16113,83,85,-2,2
16114,68,67,1,1
16115,65,72,-7,7
16116,99,96,3,3
16117,114,120,-6,6
16118,98,101,-3,3
16119,84,105,-21,21
16120,181,162,19,19
16121,51,49,2,2
16122,95,82,13,13
16123,77,75,2,2
16124,70,76,-6,6
16125,103,99,4,4
16126,106,99,7,7
16127,70,77,-7,7
16128,92,93,-1,1
16129,104,105,-1,1
16130,49,58,-9,9
16131,62,72,-10,10
16132,52,54,-2,2
16133,88,84,4,4
16134,84,76,8,8
16135,80,81,-1,1
16136,55,60,-5,5
16137,84,78,6,6
16138,158,135,23,23
16139,76,72,4,4
16140,58,64,-6,6
16141,94,84,10,10
16142,44,44,0,0
16143,96,90,6,6
16144,134,128,6,6
16145,124,123,1,1
16146,137,141,-4,4
16147,139,129,10,10
16148,40,40,0,0
16149,64,67,-3,3
16150,100,101,-1,1
16151,90,94,-4,4
16152,88,89,-1,1
16153,80,80,0,0
16154,67,65,2,2
16155,96,94,2,2
16156,74,65,9,9
16157,80,66,14,14
16158,54,62,-8,8
16159,133,137,-4,4
16160,71,68,3,3
16161,151,144,7,7
16162,150,149,1,1
16163,107,111,-4,4
16164,104,109,-5,5
16165,96,93,3,3
16166,164,154,10,10
16167,61,73,-12,12
16168,95,95,0,0
16169,120,118,2,2
16170,107,113,-6,6
16171,116,110,6,6
16172,89,88,1,1
16173,42,43,-1,1
16174,74,74,0,0
16175,100,109,-9,9
16176,66,61,5,5
16177,105,111,-6,6
16178,108,95,13,13
16179,144,143,1,1
16180,118,127,-9,9
16181,82,77,5,5
16182,164,146,18,18
16183,125,130,-5,5
16184,68,69,-1,1
16185,102,107,-5,5
16186,109,119,-10,10
16187,111,103,8,8
16188,115,101,14,14
16189,58,56,2,2
16190,109,99,10,10
16191,90,92,-2,2
16192,99,94,5,5
16193,124,137,-13,13
16194,147,118,29,29
16195,67,68,-1,1
16196,89,92,-3,3
16197,77,70,7,7
16198,106,127,-21,21
16199,78,82,-4,4
16200,58,70,-12,12
16201,119,112,7,7
16202,74,79,-5,5
16203,80,80,0,0
16204,143,136,7,7
16205,160,146,14,14
16206,117,112,5,5
16207,79,73,6,6
16208,103,108,-5,5
16209,88,72,16,16
16210,74,78,-4,4
16211,96,98,-2,2
16212,94,117,-23,23
16213,66,62,4,4
16214,43,52,-9,9
16215,137,130,7,7
16216,89,87,2,2
16217,95,100,-5,5
16218,172,179,-7,7
16219,37,41,-4,4
16220,75,79,-4,4
16221,112,114,-2,2
16222,98,99,-1,1
16223,137,134,3,3
16224,122,114,8,8
16225,55,53,2,2
16226,65,62,3,3
16227,105,105,0,0
16228,67,70,-3,3
16229,115,107,8,8
16230,35,53,-18,18
16231,95,89,6,6
16232,62,57,5,5
16233,60,61,-1,1
16234,142,128,14,14
16235,74,84,-10,10
16236,100,95,5,5
16237,179,99,80,80
16238,173,156,17,17
16239,161,160,1,1
16240,76,75,1,1
16241,79,89,-10,10
16242,116,97,19,19
16243,58,62,-4,4
16244,83,81,2,2
16245,48,55,-7,7
16246,74,72,2,2
16247,57,63,-6,6
16248,84,79,5,5
16249,114,108,6,6
16250,72,63,9,9
16251,96,108,-12,12
16252,113,143,-30,30
16253,105,97,8,8
16254,149,138,11,11
16255,62,64,-2,2
16256,72,64,8,8
16257,77,78,-1,1
16258,152,145,7,7
16259,94,87,7,7
16260,115,112,3,3
16261,56,54,2,2
16262,65,68,-3,3
16263,111,103,8,8
16264,73,78,-5,5
16265,75,71,4,4
16266,90,96,-6,6
16267,121,126,-5,5
16268,111,107,4,4
16269,179,168,11,11
16270,136,140,-4,4
16271,111,122,-11,11
16272,35,62,-27,27
16273,90,92,-2,2
16274,58,57,1,1
16275,172,159,13,13
16276,77,78,-1,1
16277,81,74,7,7
16278,31,40,-9,9
16279,87,91,-4,4
16280,63,78,-15,15
16281,114,108,6,6
16282,96,95,1,1
16283,83,83,0,0
16284,117,125,-8,8
16285,121,108,13,13
16286,89,92,-3,3
16287,106,111,-5,5
16288,108,102,6,6
16289,121,118,3,3
16290,160,148,12,12
16291,110,111,-1,1
16292,87,74,13,13
16293,107,109,-2,2
16294,117,122,-5,5
16295,74,78,-4,4
16296,96,96,0,0
16297,133,128,5,5
16298,81,92,-11,11
16299,81,81,0,0
16300,76,75,1,1
16301,57,64,-7,7
16302,131,137,-6,6
16303,91,81,10,10
16304,39,46,-7,7
16305,119,110,9,9
16306,138,130,8,8
16307,105,113,-8,8
16308,77,70,7,7
16309,132,134,-2,2
16310,58,67,-9,9
16311,42,41,1,1
16312,67,67,0,0
16313,54,53,1,1
16314,74,72,2,2
16315,95,97,-2,2
16316,73,68,5,5
16317,75,103,-28,28
16318,58,60,-2,2
16319,112,109,3,3
16320,114,105,9,9
16321,118,125,-7,7
16322,63,64,-1,1
16323,59,69,-10,10
16324,56,55,1,1
16325,66,65,1,1
16326,64,68,-4,4
16327,100,91,9,9
16328,97,97,0,0
16329,155,148,7,7
16330,93,87,6,6
16331,123,125,-2,2
16332,89,79,10,10
16333,76,80,-4,4
16334,178,179,-1,1
16335,67,63,4,4
16336,112,108,4,4
16337,105,104,1,1
16338,95,90,5,5
16339,81,82,-1,1
16340,67,78,-11,11
16341,79,77,2,2
16342,117,121,-4,4
16343,72,82,-10,10
16344,103,105,-2,2
16345,109,108,1,1
16346,59,61,-2,2
16347,101,96,5,5
16348,112,113,-1,1
16349,158,146,12,12
16350,119,122,-3,3
16351,92,88,4,4
16352,38,41,-3,3
16353,66,73,-7,7
16354,69,76,-7,7
16355,51,56,-5,5
16356,200,168,32,32
16357,93,87,6,6
16358,97,97,0,0
16359,171,141,30,30
16360,65,74,-9,9
16361,102,97,5,5
16362,72,72,0,0
16363,55,60,-5,5
16364,118,99,19,19
16365,86,82,4,4
16366,135,127,8,8
16367,78,69,9,9
16368,115,118,-3,3
16369,140,148,-8,8
16370,61,64,-3,3
16371,48,55,-7,7
16372,78,76,2,2
16373,195,191,4,4
16374,48,57,-9,9
16375,71,66,5,5
16376,126,123,3,3
16377,207,189,18,18
16378,111,98,13,13
16379,75,87,-12,12
16380,106,108,-2,2
16381,84,77,7,7
16382,140,139,1,1
16383,77,97,-20,20
16384,88,87,1,1
16385,63,60,3,3
16386,146,137,9,9
16387,43,49,-6,6
16388,87,84,3,3
16389,63,59,4,4
16390,92,101,-9,9
16391,64,70,-6,6
16392,107,96,11,11
16393,114,109,5,5
16394,76,68,8,8
16395,108,119,-11,11
16396,61,60,1,1
16397,157,155,2,2
16398,161,148,13,13
16399,81,80,1,1
16400,42,46,-4,4
16401,120,93,27,27
16402,118,108,10,10
16403,99,97,2,2
16404,78,77,1,1
16405,39,39,0,0
16406,62,65,-3,3
16407,93,83,10,10
16408,51,59,-8,8
16409,63,83,-20,20
16410,131,144,-13,13
16411,117,100,17,17
16412,96,88,8,8
16413,158,153,5,5
16414,88,91,-3,3
16415,77,85,-8,8
16416,84,83,1,1
16417,123,119,4,4
16418,84,79,5,5
16419,122,124,-2,2
16420,88,91,-3,3
16421,73,64,9,9
16422,198,185,13,13
16423,87,76,11,11
16424,76,81,-5,5
16425,85,87,-2,2
16426,86,91,-5,5
16427,161,164,-3,3
16428,132,111,21,21
16429,65,57,8,8
16430,65,60,5,5
16431,155,146,9,9
16432,94,99,-5,5
16433,91,85,6,6
16434,94,103,-9,9
16435,132,129,3,3
16436,74,74,0,0
16437,134,132,2,2
16438,186,178,8,8
16439,117,111,6,6
16440,128,129,-1,1
16441,49,54,-5,5
16442,52,55,-3,3
16443,54,51,3,3
16444,49,59,-10,10
16445,61,66,-5,5
16446,87,86,1,1
16447,121,130,-9,9
16448,110,110,0,0
16449,29,36,-7,7
16450,75,72,3,3
16451,119,126,-7,7
16452,100,94,6,6
16453,73,94,-21,21
16454,71,74,-3,3
16455,61,81,-20,20
16456,91,111,-20,20
16457,68,81,-13,13
16458,79,79,0,0
16459,141,148,-7,7
16460,89,89,0,0
16461,132,130,2,2
16462,110,111,-1,1
16463,70,74,-4,4
16464,49,52,-3,3
16465,99,101,-2,2
16466,60,56,4,4
16467,94,96,-2,2
16468,89,87,2,2
16469,149,145,4,4
16470,78,70,8,8
16471,133,145,-12,12
16472,134,147,-13,13
16473,65,71,-6,6
16474,117,105,12,12
16475,96,93,3,3
16476,130,114,16,16
16477,138,138,0,0
16478,85,89,-4,4
16479,128,129,-1,1
16480,84,85,-1,1
16481,127,116,11,11
16482,67,72,-5,5
16483,149,156,-7,7
16484,77,74,3,3
16485,91,92,-1,1
16486,137,130,7,7
16487,142,138,4,4
16488,68,70,-2,2
16489,129,129,0,0
16490,120,114,6,6
16491,38,46,-8,8
16492,109,109,0,0
16493,101,95,6,6
16494,66,100,-34,34
16495,61,65,-4,4
16496,107,109,-2,2
16497,112,98,14,14
16498,114,126,-12,12
16499,96,97,-1,1
16500,136,138,-2,2
16501,60,65,-5,5
16502,108,98,10,10
16503,109,111,-2,2
16504,98,96,2,2
16505,53,65,-12,12
16506,68,60,8,8
16507,114,111,3,3
16508,181,184,-3,3
16509,121,114,7,7
16510,67,68,-1,1
16511,78,68,10,10
16512,74,72,2,2
16513,47,48,-1,1
16514,113,124,-11,11
16515,41,42,-1,1
16516,57,58,-1,1
16517,68,61,7,7
16518,88,94,-6,6
16519,76,93,-17,17
16520,96,97,-1,1
16521,45,51,-6,6
16522,119,116,3,3
16523,104,112,-8,8
16524,111,110,1,1
16525,62,56,6,6
16526,94,94,0,0
16527,86,81,5,5
16528,78,86,-8,8
16529,132,128,4,4
16530,105,100,5,5
16531,141,128,13,13
16532,59,61,-2,2
16533,205,175,30,30
16534,91,93,-2,2
16535,87,109,-22,22
16536,87,86,1,1
16537,102,86,16,16
16538,94,88,6,6
16539,77,77,0,0
16540,61,60,1,1
16541,152,134,18,18
16542,85,86,-1,1
16543,120,118,2,2
16544,83,92,-9,9
16545,135,132,3,3
16546,52,52,0,0
16547,79,73,6,6
16548,50,56,-6,6
16549,152,143,9,9
16550,80,72,8,8
16551,83,89,-6,6
16552,163,160,3,3
16553,75,82,-7,7
16554,72,74,-2,2
16555,93,90,3,3
16556,118,113,5,5
16557,84,86,-2,2
16558,72,71,1,1
16559,75,77,-2,2
16560,79,81,-2,2
16561,84,86,-2,2
16562,88,91,-3,3
16563,99,96,3,3
16564,59,61,-2,2
16565,112,111,1,1
16566,128,115,13,13
16567,115,119,-4,4
16568,101,117,-16,16
16569,60,60,0,0
16570,80,88,-8,8
16571,134,138,-4,4
16572,72,79,-7,7
16573,160,145,15,15
16574,123,122,1,1
16575,111,109,2,2
16576,61,66,-5,5
16577,68,71,-3,3
16578,131,141,-10,10
16579,135,122,13,13
16580,217,220,-3,3
16581,56,48,8,8
16582,86,92,-6,6
16583,104,102,2,2
16584,87,97,-10,10
16585,76,76,0,0
16586,137,128,9,9
16587,86,88,-2,2
16588,53,55,-2,2
16589,82,84,-2,2
16590,52,47,5,5
16591,85,84,1,1
16592,110,108,2,2
16593,58,56,2,2
16594,103,108,-5,5
16595,40,41,-1,1
16596,70,68,2,2
16597,50,48,2,2
16598,69,69,0,0
16599,108,115,-7,7
16600,82,73,9,9
16601,138,129,9,9
16602,103,105,-2,2
16603,119,111,8,8
16604,111,99,12,12
16605,154,145,9,9
16606,131,124,7,7
16607,67,70,-3,3
16608,76,73,3,3
16609,104,107,-3,3
16610,134,122,12,12
16611,41,52,-11,11
16612,54,54,0,0
16613,116,113,3,3
16614,58,63,-5,5
16615,74,83,-9,9
16616,101,102,-1,1
16617,62,57,5,5
16618,141,139,2,2
16619,93,88,5,5
16620,98,96,2,2
16621,88,101,-13,13
16622,33,40,-7,7
16623,115,122,-7,7
16624,86,82,4,4
16625,156,146,10,10
16626,66,65,1,1
16627,93,86,7,7
16628,61,60,1,1
16629,128,122,6,6
16630,161,140,21,21
16631,51,55,-4,4
16632,59,61,-2,2
16633,97,94,3,3
16634,157,148,9,9
16635,91,98,-7,7
16636,67,57,10,10
16637,90,94,-4,4
16638,82,83,-1,1
16639,104,99,5,5
16640,96,95,1,1
16641,122,127,-5,5
16642,86,82,4,4
16643,126,122,4,4
16644,87,82,5,5
16645,77,81,-4,4
16646,117,112,5,5
16647,144,133,11,11
16648,86,75,11,11
16649,61,57,4,4
16650,79,99,-20,20
16651,96,90,6,6
16652,89,91,-2,2
16653,89,96,-7,7
16654,110,108,2,2
16655,87,79,8,8
16656,39,46,-7,7
16657,98,93,5,5
16658,151,145,6,6
16659,89,86,3,3
16660,67,65,2,2
16661,71,67,4,4
16662,119,111,8,8
16663,86,85,1,1
16664,147,140,7,7
16665,51,47,4,4
16666,83,95,-12,12
16667,83,81,2,2
16668,54,56,-2,2
16669,138,113,25,25
16670,64,66,-2,2
16671,80,78,2,2
16672,58,60,-2,2
16673,92,90,2,2
16674,56,73,-17,17
16675,114,124,-10,10
16676,58,60,-2,2
16677,51,55,-4,4
16678,111,109,2,2
16679,66,78,-12,12
16680,64,68,-4,4
16681,99,110,-11,11
16682,73,70,3,3
16683,110,95,15,15
16684,99,109,-10,10
16685,92,84,8,8
16686,57,55,2,2
16687,138,135,3,3
16688,156,157,-1,1
16689,113,110,3,3
16690,37,42,-5,5
16691,119,114,5,5
16692,109,112,-3,3
16693,137,133,4,4
16694,187,149,38,38
16695,77,84,-7,7
16696,78,73,5,5
16697,89,94,-5,5
16698,144,147,-3,3
16699,111,112,-1,1
16700,46,55,-9,9
16701,119,117,2,2
16702,89,79,10,10
16703,85,66,19,19
16704,155,138,17,17
16705,164,171,-7,7
16706,176,168,8,8
16707,61,66,-5,5
16708,143,148,-5,5
16709,66,58,8,8
16710,138,127,11,11
16711,107,109,-2,2
16712,80,75,5,5
16713,95,91,4,4
16714,94,110,-16,16
16715,90,86,4,4
16716,65,68,-3,3
16717,75,76,-1,1
16718,54,56,-2,2
16719,84,83,1,1
16720,129,119,10,10
16721,142,126,16,16
16722,96,105,-9,9
16723,112,111,1,1
16724,93,79,14,14
16725,57,59,-2,2
16726,36,51,-15,15
16727,46,54,-8,8
16728,94,97,-3,3
16729,57,60,-3,3
16730,106,114,-8,8
16731,130,132,-2,2
16732,62,66,-4,4
16733,89,90,-1,1
16734,137,134,3,3
16735,107,113,-6,6
16736,58,55,3,3
16737,73,70,3,3
16738,86,87,-1,1
16739,103,97,6,6
16740,121,120,1,1
16741,66,61,5,5
16742,87,93,-6,6
16743,59,54,5,5
16744,109,112,-3,3
16745,79,86,-7,7
16746,68,70,-2,2
16747,66,69,-3,3
16748,72,73,-1,1
16749,100,93,7,7
16750,102,99,3,3
16751,55,59,-4,4
16752,98,94,4,4
16753,107,105,2,2
16754,77,72,5,5
16755,76,81,-5,5
16756,65,66,-1,1
16757,134,119,15,15
16758,39,49,-10,10
16759,123,128,-5,5
16760,64,64,0,0
16761,105,101,4,4
16762,66,68,-2,2
16763,203,196,7,7
16764,144,115,29,29
16765,75,79,-4,4
16766,106,103,3,3
16767,104,105,-1,1
16768,73,78,-5,5
16769,83,71,12,12
16770,81,95,-14,14
16771,83,86,-3,3
16772,100,109,-9,9
16773,103,98,5,5
16774,76,73,3,3
16775,66,67,-1,1
16776,72,75,-3,3
16777,87,97,-10,10
16778,81,92,-11,11
16779,109,109,0,0
16780,103,95,8,8
16781,112,121,-9,9
16782,170,162,8,8
16783,89,88,1,1
16784,73,82,-9,9
16785,59,58,1,1
16786,135,133,2,2
16787,61,67,-6,6
16788,78,81,-3,3
16789,125,115,10,10
16790,64,73,-9,9
16791,54,58,-4,4
16792,119,113,6,6
16793,92,96,-4,4
16794,117,112,5,5
16795,88,81,7,7
16796,99,94,5,5
16797,48,52,-4,4
16798,123,124,-1,1
16799,113,115,-2,2
16800,98,98,0,0
16801,66,62,4,4
16802,82,78,4,4
16803,38,39,-1,1
16804,86,89,-3,3
16805,135,142,-7,7
16806,140,135,5,5
16807,73,70,3,3
16808,95,97,-2,2
16809,40,46,-6,6
16810,67,86,-19,19
16811,160,154,6,6
16812,121,114,7,7
16813,104,85,19,19
16814,98,96,2,2
16815,125,116,9,9
16816,119,109,10,10
16817,109,115,-6,6
16818,73,69,4,4
16819,212,193,19,19
16820,81,77,4,4
16821,104,101,3,3
16822,44,49,-5,5
16823,82,68,14,14
16824,181,154,27,27
16825,50,50,0,0
16826,90,102,-12,12
16827,87,84,3,3
16828,76,87,-11,11
16829,211,203,8,8
16830,104,99,5,5
16831,114,113,1,1
16832,143,145,-2,2
16833,142,138,4,4
16834,153,166,-13,13
16835,60,60,0,0
16836,60,66,-6,6
16837,111,93,18,18
16838,143,151,-8,8
16839,76,81,-5,5
16840,73,72,1,1
16841,76,70,6,6
16842,75,74,1,1
16843,58,63,-5,5
16844,57,51,6,6
16845,112,111,1,1
16846,151,138,13,13
16847,51,47,4,4
16848,64,69,-5,5
16849,80,80,0,0
16850,89,87,2,2
16851,155,150,5,5
16852,97,96,1,1
16853,82,86,-4,4
16854,122,114,8,8
16855,110,116,-6,6
16856,91,86,5,5
16857,27,60,-33,33
16858,55,55,0,0
16859,107,102,5,5
16860,61,66,-5,5
16861,67,76,-9,9
16862,111,118,-7,7
16863,95,89,6,6
16864,129,130,-1,1
16865,165,180,-15,15
16866,139,132,7,7
16867,97,133,-36,36
16868,88,85,3,3
16869,64,72,-8,8
16870,83,80,3,3
16871,118,117,1,1
16872,81,77,4,4
16873,78,77,1,1
16874,164,165,-1,1
16875,60,75,-15,15
16876,23,33,-10,10
16877,60,62,-2,2
16878,58,64,-6,6
16879,102,108,-6,6
16880,100,97,3,3
16881,103,108,-5,5
16882,98,87,11,11
16883,136,138,-2,2
16884,110,110,0,0
16885,95,93,2,2
16886,113,115,-2,2
16887,143,154,-11,11
16888,141,141,0,0
16889,117,111,6,6
16890,63,71,-8,8
16891,83,74,9,9
16892,52,56,-4,4
16893,95,100,-5,5
16894,85,85,0,0
16895,75,82,-7,7
16896,137,133,4,4
16897,81,81,0,0
16898,55,55,0,0
16899,128,112,16,16
16900,135,124,11,11
16901,107,105,2,2
16902,68,73,-5,5
16903,95,94,1,1
16904,131,124,7,7
16905,106,104,2,2
16906,84,101,-17,17
16907,120,124,-4,4
16908,69,71,-2,2
16909,93,97,-4,4
16910,100,97,3,3
16911,152,145,7,7
16912,139,148,-9,9
16913,109,110,-1,1
16914,122,118,4,4
16915,70,71,-1,1
16916,89,83,6,6
16917,81,70,11,11
16918,59,60,-1,1
16919,74,81,-7,7
16920,121,109,12,12
16921,88,82,6,6
16922,72,91,-19,19
16923,107,110,-3,3
16924,47,55,-8,8
16925,105,100,5,5
16926,61,69,-8,8
16927,116,115,1,1
16928,110,103,7,7
16929,63,62,1,1
16930,121,113,8,8
16931,52,53,-1,1
16932,92,84,8,8
16933,102,116,-14,14
16934,86,86,0,0
16935,171,190,-19,19
16936,97,100,-3,3
16937,105,92,13,13
16938,127,128,-1,1
16939,84,91,-7,7
16940,99,89,10,10
16941,65,64,1,1
16942,86,73,13,13
16943,107,96,11,11
16944,84,84,0,0
16945,136,126,10,10
16946,82,74,8,8
16947,52,55,-3,3
16948,103,117,-14,14
16949,102,107,-5,5
16950,126,120,6,6
16951,185,174,11,11
16952,143,137,6,6
16953,48,62,-14,14
16954,142,120,22,22
16955,58,62,-4,4
16956,164,160,4,4
16957,95,95,0,0
16958,191,191,0,0
16959,115,119,-4,4
16960,58,63,-5,5
16961,121,115,6,6
16962,101,96,5,5
16963,79,85,-6,6
16964,84,87,-3,3
16965,69,67,2,2
16966,153,153,0,0
16967,67,74,-7,7
16968,69,82,-13,13
16969,71,75,-4,4
16970,94,96,-2,2
16971,110,111,-1,1
16972,105,108,-3,3
16973,88,95,-7,7
16974,93,94,-1,1
16975,70,66,4,4
16976,65,70,-5,5
16977,62,68,-6,6
16978,120,113,7,7
16979,55,51,4,4
16980,73,78,-5,5
16981,102,99,3,3
16982,71,71,0,0
16983,111,129,-18,18
16984,156,155,1,1
16985,89,96,-7,7
16986,67,66,1,1
16987,71,73,-2,2
16988,71,74,-3,3
16989,108,101,7,7
16990,72,69,3,3
16991,80,75,5,5
16992,104,88,16,16
16993,111,115,-4,4
16994,58,56,2,2
16995,68,65,3,3
16996,92,88,4,4
16997,161,154,7,7
16998,107,96,11,11
16999,66,78,-12,12
17000,76,82,-6,6
17001,105,100,5,5
17002,140,131,9,9
17003,77,74,3,3
17004,70,76,-6,6
17005,133,126,7,7
17006,50,60,-10,10
17007,66,66,0,0
17008,60,72,-12,12
17009,72,74,-2,2
17010,123,114,9,9
17011,88,84,4,4
17012,110,110,0,0
17013,94,90,4,4
17014,88,84,4,4
17015,82,77,5,5
17016,107,124,-17,17
17017,69,68,1,1
17018,85,88,-3,3
17019,81,81,0,0
17020,57,65,-8,8
17021,124,114,10,10
17022,126,128,-2,2
17023,59,50,9,9
17024,78,80,-2,2
17025,112,118,-6,6
17026,87,105,-18,18
17027,101,92,9,9
17028,101,96,5,5
17029,150,146,4,4
17030,135,125,10,10
17031,146,141,5,5
17032,61,63,-2,2
17033,103,106,-3,3
17034,134,126,8,8
17035,68,75,-7,7
17036,84,75,9,9
17037,59,63,-4,4
17038,115,114,1,1
17039,98,82,16,16
17040,118,132,-14,14
17041,97,98,-1,1
17042,94,104,-10,10
17043,143,131,12,12
17044,119,118,1,1
17045,82,91,-9,9
17046,86,94,-8,8
17047,79,81,-2,2
17048,178,184,-6,6
17049,151,137,14,14
17050,133,129,4,4
17051,71,78,-7,7
17052,56,56,0,0
17053,61,60,1,1
17054,69,74,-5,5
17055,95,97,-2,2
17056,98,93,5,5
17057,88,92,-4,4
17058,86,90,-4,4
17059,79,85,-6,6
17060,77,71,6,6
17061,88,108,-20,20
17062,110,108,2,2
17063,138,144,-6,6
17064,98,109,-11,11
17065,99,91,8,8
17066,73,71,2,2
17067,143,140,3,3
17068,44,44,0,0
17069,136,125,11,11
17070,150,140,10,10
17071,125,122,3,3
17072,134,128,6,6
17073,93,101,-8,8
17074,107,103,4,4
17075,38,46,-8,8
17076,133,147,-14,14
17077,151,150,1,1
17078,104,111,-7,7
17079,83,79,4,4
17080,124,107,17,17
17081,161,161,0,0
17082,72,68,4,4
17083,77,85,-8,8
17084,111,111,0,0
17085,107,108,-1,1
17086,107,112,-5,5
17087,98,107,-9,9
17088,168,164,4,4
17089,100,91,9,9
17090,70,73,-3,3
17091,68,67,1,1
17092,74,65,9,9
17093,129,130,-1,1
17094,121,119,2,2
17095,69,64,5,5
17096,121,123,-2,2
17097,103,100,3,3
17098,187,186,1,1
17099,61,59,2,2
17100,81,77,4,4
17101,117,127,-10,10
17102,46,54,-8,8
17103,77,75,2,2
17104,85,87,-2,2
17105,47,52,-5,5
17106,81,77,4,4
17107,99,87,12,12
17108,152,157,-5,5
17109,58,69,-11,11
17110,45,56,-11,11
17111,87,87,0,0
17112,100,82,18,18
17113,41,41,0,0
17114,184,158,26,26
17115,72,72,0,0
17116,38,44,-6,6
17117,79,97,-18,18
17118,98,88,10,10
17119,71,74,-3,3
17120,62,63,-1,1
17121,90,82,8,8
17122,97,83,14,14
17123,52,53,-1,1
17124,74,66,8,8
17125,154,146,8,8
17126,99,95,4,4
17127,44,40,4,4
17128,85,82,3,3
17129,128,127,1,1
17130,128,114,14,14
17131,78,91,-13,13
17132,62,65,-3,3
17133,112,123,-11,11
17134,63,67,-4,4
17135,88,88,0,0
17136,51,49,2,2
17137,129,125,4,4
17138,65,67,-2,2
17139,56,55,1,1
17140,102,94,8,8
17141,87,82,5,5
17142,129,127,2,2
17143,61,67,-6,6
17144,79,79,0,0
17145,57,65,-8,8
17146,171,150,21,21
17147,90,93,-3,3
17148,96,90,6,6
17149,91,88,3,3
17150,47,56,-9,9
17151,87,98,-11,11
17152,86,101,-15,15
17153,133,136,-3,3
17154,133,132,1,1
17155,89,90,-1,1
17156,64,58,6,6
17157,54,57,-3,3
17158,99,114,-15,15
17159,91,90,1,1
17160,76,81,-5,5
17161,75,75,0,0
17162,72,70,2,2
17163,107,114,-7,7
17164,39,42,-3,3
17165,99,92,7,7
17166,121,114,7,7
17167,89,84,5,5
17168,132,132,0,0
17169,108,118,-10,10
17170,84,72,12,12
17171,104,101,3,3
17172,68,69,-1,1
17173,55,60,-5,5
17174,74,69,5,5
17175,85,88,-3,3
17176,63,62,1,1
17177,77,79,-2,2
17178,103,101,2,2
17179,66,69,-3,3
17180,77,69,8,8
17181,112,110,2,2
17182,127,138,-11,11
17183,100,109,-9,9
17184,59,65,-6,6
17185,111,105,6,6
17186,29,36,-7,7
17187,77,79,-2,2
17188,98,100,-2,2
17189,108,110,-2,2
17190,196,191,5,5
17191,79,77,2,2
17192,150,150,0,0
17193,99,92,7,7
17194,73,72,1,1
17195,75,75,0,0
17196,62,60,2,2
17197,77,83,-6,6
17198,100,87,13,13
17199,139,141,-2,2
17200,80,78,2,2
17201,151,123,28,28
17202,125,125,0,0
17203,70,76,-6,6
17204,141,134,7,7
17205,76,81,-5,5
17206,74,82,-8,8
17207,108,99,9,9
17208,146,128,18,18
17209,65,62,3,3
17210,92,103,-11,11
17211,98,96,2,2
17212,112,119,-7,7
17213,155,140,15,15
17214,109,109,0,0
17215,127,121,6,6
17216,40,53,-13,13
17217,106,119,-13,13
17218,106,119,-13,13
17219,68,70,-2,2
17220,73,77,-4,4
17221,69,69,0,0
17222,93,94,-1,1
17223,95,93,2,2
17224,99,94,5,5
17225,108,104,4,4
17226,77,74,3,3
17227,76,77,-1,1
17228,102,108,-6,6
17229,117,110,7,7
17230,88,86,2,2
17231,82,81,1,1
17232,99,96,3,3
17233,147,134,13,13
17234,66,66,0,0
17235,79,73,6,6
17236,62,74,-12,12
17237,175,167,8,8
17238,101,98,3,3
17239,64,68,-4,4
17240,74,71,3,3
17241,72,88,-16,16
17242,64,69,-5,5
17243,73,70,3,3
17244,48,57,-9,9
17245,186,175,11,11
17246,100,124,-24,24
17247,120,117,3,3
17248,53,64,-11,11
17249,120,111,9,9
17250,98,105,-7,7
17251,34,44,-10,10
17252,97,91,6,6
17253,118,113,5,5
17254,128,114,14,14
17255,90,86,4,4
17256,63,66,-3,3
17257,160,141,19,19
17258,177,149,28,28
17259,185,177,8,8
17260,104,102,2,2
17261,68,69,-1,1
17262,119,120,-1,1
17263,110,101,9,9
17264,67,60,7,7
17265,56,63,-7,7
17266,160,150,10,10
17267,103,118,-15,15
17268,68,67,1,1
17269,112,114,-2,2
17270,75,72,3,3
17271,101,109,-8,8
17272,89,111,-22,22
17273,57,71,-14,14
17274,65,67,-2,2
17275,95,100,-5,5
17276,93,95,-2,2
17277,100,97,3,3
17278,127,130,-3,3
17279,105,96,9,9
17280,58,54,4,4
17281,70,73,-3,3
17282,146,145,1,1
17283,90,90,0,0
17284,75,71,4,4
17285,92,91,1,1
17286,122,120,2,2
17287,77,80,-3,3
17288,50,54,-4,4
17289,69,77,-8,8
17290,36,41,-5,5
17291,97,88,9,9
17292,81,85,-4,4
17293,127,136,-9,9
17294,142,139,3,3
17295,98,100,-2,2
17296,91,80,11,11
17297,84,87,-3,3
17298,94,95,-1,1
17299,71,83,-12,12
17300,87,77,10,10
17301,109,109,0,0
17302,58,54,4,4
17303,63,68,-5,5
17304,65,65,0,0
17305,45,43,2,2
17306,87,73,14,14
17307,64,66,-2,2
17308,82,85,-3,3
17309,156,160,-4,4
17310,138,116,22,22
17311,76,82,-6,6
17312,134,125,9,9
17313,115,111,4,4
17314,92,94,-2,2
17315,126,128,-2,2
17316,103,110,-7,7
17317,56,61,-5,5
17318,125,138,-13,13
17319,108,93,15,15
17320,69,68,1,1
17321,151,145,6,6
17322,88,94,-6,6
17323,101,99,2,2
17324,165,167,-2,2
17325,151,135,16,16
17326,82,80,2,2
17327,65,62,3,3
17328,93,95,-2,2
17329,102,101,1,1
17330,71,74,-3,3
17331,66,71,-5,5
17332,101,104,-3,3
17333,109,99,10,10
17334,67,59,8,8
17335,150,145,5,5
17336,71,55,16,16
17337,93,97,-4,4
17338,106,113,-7,7
17339,127,125,2,2
17340,167,164,3,3
17341,67,66,1,1
17342,137,138,-1,1
17343,90,86,4,4
17344,48,55,-7,7
17345,79,74,5,5
17346,72,77,-5,5
17347,139,134,5,5
17348,81,85,-4,4
17349,124,120,4,4
17350,114,108,6,6
17351,75,78,-3,3
17352,73,75,-2,2
17353,90,81,9,9
17354,156,155,1,1
17355,107,111,-4,4
17356,88,87,1,1
17357,135,146,-11,11
17358,120,110,10,10
17359,55,68,-13,13
17360,58,65,-7,7
17361,104,113,-9,9
17362,53,47,6,6
17363,65,64,1,1
17364,71,72,-1,1
17365,36,51,-15,15
17366,135,125,10,10
17367,159,158,1,1
17368,118,103,15,15
17369,93,101,-8,8
17370,91,93,-2,2
17371,66,70,-4,4
17372,68,62,6,6
17373,81,78,3,3
17374,138,145,-7,7
17375,68,67,1,1
17376,128,131,-3,3
17377,97,110,-13,13
17378,83,85,-2,2
17379,194,179,15,15
17380,63,61,2,2
17381,68,64,4,4
17382,68,69,-1,1
17383,89,92,-3,3
17384,103,93,10,10
17385,113,121,-8,8
17386,95,94,1,1
17387,93,85,8,8
17388,68,64,4,4
17389,57,52,5,5
17390,58,65,-7,7
17391,174,160,14,14
17392,71,73,-2,2
17393,106,96,10,10
17394,63,63,0,0
17395,63,56,7,7
17396,126,117,9,9
17397,104,101,3,3
17398,83,83,0,0
17399,80,83,-3,3
17400,175,171,4,4
17401,77,96,-19,19
17402,146,141,5,5
17403,78,75,3,3
17404,114,104,10,10
17405,86,98,-12,12
17406,149,150,-1,1
17407,170,166,4,4
17408,121,119,2,2
17409,61,60,1,1
17410,64,56,8,8
17411,67,62,5,5
17412,99,110,-11,11
17413,185,171,14,14
17414,56,68,-12,12
17415,99,97,2,2
17416,75,83,-8,8
17417,85,76,9,9
17418,92,85,7,7
17419,91,85,6,6
17420,80,74,6,6
17421,56,67,-11,11
17422,80,76,4,4
17423,135,127,8,8
17424,98,120,-22,22
17425,150,155,-5,5
17426,53,62,-9,9
17427,106,108,-2,2
17428,74,76,-2,2
17429,196,166,30,30
17430,88,84,4,4
17431,47,51,-4,4
17432,101,112,-11,11
17433,110,101,9,9
17434,116,118,-2,2
17435,96,100,-4,4
17436,65,62,3,3
17437,55,52,3,3
17438,140,141,-1,1
17439,94,82,12,12
17440,89,81,8,8
17441,101,96,5,5
17442,80,73,7,7
17443,112,109,3,3
17444,106,116,-10,10
17445,103,110,-7,7
17446,60,63,-3,3
17447,95,107,-12,12
17448,87,90,-3,3
17449,45,46,-1,1
17450,92,93,-1,1
17451,108,103,5,5
17452,98,95,3,3
17453,62,64,-2,2
17454,107,109,-2,2
17455,74,70,4,4
17456,137,122,15,15
17457,75,72,3,3
17458,66,67,-1,1
17459,100,92,8,8
17460,129,141,-12,12
17461,79,79,0,0
17462,111,107,4,4
17463,88,93,-5,5
17464,63,66,-3,3
17465,95,99,-4,4
17466,74,72,2,2
17467,108,109,-1,1
17468,115,110,5,5
17469,96,95,1,1
17470,146,135,11,11
17471,178,167,11,11
17472,171,164,7,7
17473,171,151,20,20
17474,151,156,-5,5
17475,90,92,-2,2
17476,94,84,10,10
17477,89,77,12,12
17478,71,71,0,0
17479,223,214,9,9
17480,66,68,-2,2
17481,116,114,2,2
17482,69,67,2,2
17483,153,145,8,8
17484,48,54,-6,6
17485,83,82,1,1
17486,177,164,13,13
17487,70,86,-16,16
17488,80,83,-3,3
17489,77,78,-1,1
17490,69,66,3,3
17491,81,75,6,6
17492,115,116,-1,1
17493,96,107,-11,11
17494,94,87,7,7
17495,46,52,-6,6
17496,88,101,-13,13
17497,90,78,12,12
17498,89,96,-7,7
17499,65,63,2,2
17500,78,77,1,1
17501,76,77,-1,1
17502,116,109,7,7
17503,127,119,8,8
17504,146,144,2,2
17505,89,94,-5,5
17506,42,59,-17,17
17507,73,62,11,11
17508,61,63,-2,2
17509,79,71,8,8
17510,105,101,4,4
17511,64,64,0,0
17512,115,119,-4,4
17513,66,73,-7,7
17514,75,74,1,1
17515,82,84,-2,2
17516,46,58,-12,12
17517,106,110,-4,4
17518,74,82,-8,8
17519,58,70,-12,12
17520,89,91,-2,2
17521,76,70,6,6
17522,90,78,12,12
17523,108,109,-1,1
17524,89,99,-10,10
17525,75,73,2,2
17526,98,91,7,7
17527,87,83,4,4
17528,65,69,-4,4
17529,121,109,12,12
17530,63,66,-3,3
17531,139,146,-7,7
17532,80,80,0,0
17533,75,73,2,2
17534,64,70,-6,6
17535,48,50,-2,2
17536,115,113,2,2
17537,82,83,-1,1
17538,120,120,0,0
17539,141,144,-3,3
17540,67,81,-14,14
17541,48,62,-14,14
17542,117,114,3,3
17543,173,166,7,7
17544,74,77,-3,3
17545,53,56,-3,3
17546,33,42,-9,9
17547,79,82,-3,3
17548,76,70,6,6
17549,119,108,11,11
17550,139,133,6,6
17551,77,75,2,2
17552,115,114,1,1
17553,67,75,-8,8
17554,105,94,11,11
17555,127,128,-1,1
17556,84,80,4,4
17557,106,113,-7,7
17558,79,87,-8,8
17559,96,108,-12,12
17560,82,78,4,4
17561,146,140,6,6
17562,98,101,-3,3
17563,116,123,-7,7
17564,42,44,-2,2
17565,82,84,-2,2
17566,71,71,0,0
17567,103,93,10,10
17568,60,65,-5,5
17569,86,86,0,0
17570,137,127,10,10
17571,105,97,8,8
17572,68,75,-7,7
17573,94,98,-4,4
17574,190,178,12,12
17575,61,62,-1,1
17576,112,110,2,2
17577,72,64,8,8
17578,137,127,10,10
17579,85,85,0,0
17580,190,184,6,6
17581,145,153,-8,8
17582,100,107,-7,7
17583,143,133,10,10
17584,81,82,-1,1
17585,58,65,-7,7
17586,79,91,-12,12
17587,119,115,4,4
17588,63,66,-3,3
17589,106,101,5,5
17590,111,108,3,3
17591,90,93,-3,3
17592,134,140,-6,6
17593,129,116,13,13
17594,67,69,-2,2
17595,128,131,-3,3
17596,43,46,-3,3
17597,58,58,0,0
17598,123,128,-5,5
17599,63,60,3,3
17600,61,67,-6,6
17601,74,63,11,11
17602,117,104,13,13
17603,132,110,22,22
17604,73,60,13,13
17605,127,127,0,0
17606,170,168,2,2
17607,101,103,-2,2
17608,118,108,10,10
17609,73,69,4,4
17610,82,82,0,0
17611,100,100,0,0
17612,62,66,-4,4
17613,80,75,5,5
17614,50,53,-3,3
17615,68,72,-4,4
17616,163,159,4,4
17617,49,51,-2,2
17618,75,76,-1,1
17619,133,124,9,9
17620,115,118,-3,3
17621,102,109,-7,7
17622,74,77,-3,3
17623,161,148,13,13
17624,130,134,-4,4
17625,122,117,5,5
17626,109,104,5,5
17627,120,129,-9,9
17628,72,51,21,21
17629,90,95,-5,5
17630,80,93,-13,13
17631,103,113,-10,10
17632,134,128,6,6
17633,93,93,0,0
17634,82,79,3,3
17635,184,166,18,18
17636,84,84,0,0
17637,62,65,-3,3
17638,65,65,0,0
17639,68,73,-5,5
17640,118,119,-1,1
17641,81,82,-1,1
17642,116,119,-3,3
17643,116,116,0,0
17644,85,78,7,7
17645,55,60,-5,5
17646,91,93,-2,2
17647,79,82,-3,3
17648,24,44,-20,20
17649,155,148,7,7
17650,97,86,11,11
17651,69,79,-10,10
17652,105,104,1,1
17653,158,159,-1,1
17654,129,131,-2,2
17655,115,111,4,4
17656,92,98,-6,6
17657,82,83,-1,1
17658,100,97,3,3
17659,66,60,6,6
17660,46,50,-4,4
17661,141,147,-6,6
17662,128,124,4,4
17663,101,81,20,20
17664,103,93,10,10
17665,75,75,0,0
17666,125,122,3,3
17667,50,49,1,1
17668,67,66,1,1
17669,91,94,-3,3
17670,95,93,2,2
17671,133,124,9,9
17672,124,119,5,5
17673,59,55,4,4
17674,138,128,10,10
17675,132,133,-1,1
17676,109,109,0,0
17677,72,77,-5,5
17678,84,86,-2,2
17679,107,107,0,0
17680,73,79,-6,6
17681,76,78,-2,2
17682,122,111,11,11
17683,107,112,-5,5
17684,38,43,-5,5
17685,127,118,9,9
17686,82,77,5,5
17687,189,171,18,18
17688,115,110,5,5
17689,100,97,3,3
17690,70,66,4,4
17691,81,66,15,15
17692,150,164,-14,14
17693,94,87,7,7
17694,88,84,4,4
17695,81,83,-2,2
17696,148,144,4,4
17697,75,85,-10,10
17698,90,87,3,3
17699,124,121,3,3
17700,46,46,0,0
17701,103,112,-9,9
17702,101,93,8,8
17703,93,95,-2,2
17704,105,108,-3,3
17705,91,93,-2,2
17706,138,136,2,2
17707,85,87,-2,2
17708,102,96,6,6
17709,72,83,-11,11
17710,81,79,2,2
17711,118,116,2,2
17712,114,123,-9,9
17713,118,113,5,5
17714,79,81,-2,2
17715,149,140,9,9
17716,74,79,-5,5
17717,46,50,-4,4
17718,76,72,4,4
17719,80,80,0,0
17720,124,138,-14,14
17721,126,135,-9,9
17722,57,53,4,4
17723,91,106,-15,15
17724,206,182,24,24
17725,122,111,11,11
17726,89,95,-6,6
17727,108,112,-4,4
17728,170,158,12,12
17729,89,89,0,0
17730,90,84,6,6
17731,85,87,-2,2
17732,80,69,11,11
17733,105,92,13,13
17734,84,71,13,13
17735,97,95,2,2
17736,60,61,-1,1
17737,39,48,-9,9
17738,103,96,7,7
17739,122,125,-3,3
17740,105,109,-4,4
17741,72,75,-3,3
17742,72,77,-5,5
17743,126,119,7,7
17744,113,105,8,8
17745,88,87,1,1
17746,121,122,-1,1
17747,88,91,-3,3
17748,72,71,1,1
17749,65,72,-7,7
17750,74,79,-5,5
17751,112,120,-8,8
17752,53,52,1,1
17753,138,132,6,6
17754,108,112,-4,4
17755,65,67,-2,2
17756,72,75,-3,3
17757,122,115,7,7
17758,48,57,-9,9
17759,93,87,6,6
17760,124,120,4,4
17761,92,92,0,0
17762,66,70,-4,4
17763,69,68,1,1
17764,144,154,-10,10
17765,103,108,-5,5
17766,96,93,3,3
17767,107,103,4,4
17768,129,123,6,6
17769,60,62,-2,2
17770,72,71,1,1
17771,53,54,-1,1
17772,117,103,14,14
17773,109,112,-3,3
17774,73,72,1,1
17775,121,115,6,6
17776,193,187,6,6
17777,69,77,-8,8
17778,80,69,11,11
17779,135,120,15,15
17780,47,49,-2,2
17781,75,70,5,5
17782,135,147,-12,12
17783,97,93,4,4
17784,76,79,-3,3
17785,108,109,-1,1
17786,110,113,-3,3
17787,87,90,-3,3
17788,59,59,0,0
17789,163,157,6,6
17790,80,81,-1,1
17791,169,158,11,11
17792,91,95,-4,4
17793,122,117,5,5
17794,97,95,2,2
17795,63,71,-8,8
17796,139,141,-2,2
17797,76,72,4,4
17798,80,78,2,2
17799,79,75,4,4
17800,112,112,0,0
17801,94,94,0,0
17802,103,111,-8,8
17803,53,59,-6,6
17804,70,74,-4,4
17805,156,156,0,0
17806,29,55,-26,26
17807,128,134,-6,6
17808,125,127,-2,2
17809,126,108,18,18
17810,50,73,-23,23
17811,152,154,-2,2
17812,195,163,32,32
17813,76,80,-4,4
17814,87,83,4,4
17815,80,73,7,7
17816,66,65,1,1
17817,72,76,-4,4
17818,104,113,-9,9
17819,67,65,2,2
17820,109,110,-1,1
17821,146,142,4,4
17822,59,67,-8,8
17823,78,75,3,3
17824,73,69,4,4
17825,139,138,1,1
17826,103,97,6,6
17827,112,118,-6,6
17828,99,89,10,10
17829,68,73,-5,5
17830,53,52,1,1
17831,152,129,23,23
17832,55,52,3,3
17833,96,100,-4,4
17834,78,79,-1,1
17835,69,91,-22,22
17836,54,53,1,1
17837,118,108,10,10
17838,120,109,11,11
17839,45,59,-14,14
17840,94,90,4,4
17841,141,140,1,1
17842,81,88,-7,7
17843,85,94,-9,9
17844,100,104,-4,4
17845,104,108,-4,4
17846,189,166,23,23
17847,79,71,8,8
17848,98,96,2,2
17849,53,54,-1,1
17850,139,130,9,9
17851,96,114,-18,18
17852,75,75,0,0
17853,74,77,-3,3
17854,142,144,-2,2
17855,135,152,-17,17
17856,40,35,5,5
17857,176,157,19,19
17858,55,60,-5,5
17859,70,80,-10,10
17860,71,75,-4,4
17861,55,68,-13,13
17862,168,166,2,2
17863,146,134,12,12
17864,111,115,-4,4
17865,117,96,21,21
17866,64,66,-2,2
17867,106,98,8,8
17868,110,99,11,11
17869,79,77,2,2
17870,95,88,7,7
17871,121,117,4,4
17872,129,132,-3,3
17873,98,88,10,10
17874,60,58,2,2
17875,53,58,-5,5
17876,121,111,10,10
17877,112,131,-19,19
17878,54,56,-2,2
17879,76,74,2,2
17880,126,136,-10,10
17881,131,122,9,9
17882,45,52,-7,7
17883,135,133,2,2
17884,95,85,10,10
17885,80,72,8,8
17886,96,94,2,2
17887,143,134,9,9
17888,59,63,-4,4
17889,140,140,0,0
17890,73,73,0,0
17891,109,114,-5,5
17892,116,127,-11,11
17893,42,47,-5,5
17894,44,41,3,3
17895,151,147,4,4
17896,109,114,-5,5
17897,106,90,16,16
17898,131,109,22,22
17899,139,133,6,6
17900,77,74,3,3
17901,127,120,7,7
17902,79,98,-19,19
17903,140,137,3,3
17904,63,61,2,2
17905,121,125,-4,4
17906,65,62,3,3
17907,146,128,18,18
17908,110,103,7,7
17909,101,109,-8,8
17910,35,40,-5,5
17911,105,102,3,3
17912,154,161,-7,7
17913,72,67,5,5
17914,98,108,-10,10
17915,126,136,-10,10
17916,142,134,8,8
17917,98,116,-18,18
17918,82,87,-5,5
17919,86,108,-22,22
17920,79,75,4,4
17921,111,98,13,13
17922,74,71,3,3
17923,58,57,1,1
17924,48,49,-1,1
17925,74,74,0,0
17926,123,119,4,4
17927,40,47,-7,7
17928,80,65,15,15
17929,63,61,2,2
17930,115,94,21,21
17931,107,113,-6,6
17932,80,74,6,6
17933,85,82,3,3
17934,166,161,5,5
17935,71,78,-7,7
17936,56,63,-7,7
17937,48,57,-9,9
17938,96,91,5,5
17939,54,57,-3,3
17940,124,125,-1,1
17941,92,97,-5,5
17942,51,58,-7,7
17943,62,67,-5,5
17944,89,82,7,7
17945,141,132,9,9
17946,87,70,17,17
17947,75,86,-11,11
17948,81,79,2,2
17949,65,85,-20,20
17950,90,79,11,11
17951,85,81,4,4
17952,71,77,-6,6
17953,61,68,-7,7
17954,104,108,-4,4
17955,98,104,-6,6
17956,68,70,-2,2
17957,77,65,12,12
17958,90,89,1,1
17959,71,87,-16,16
17960,59,71,-12,12
17961,109,99,10,10
17962,105,109,-4,4
17963,175,166,9,9
17964,83,89,-6,6
17965,139,129,10,10
17966,68,71,-3,3
17967,88,94,-6,6
17968,75,71,4,4
17969,104,112,-8,8
17970,126,115,11,11
17971,91,95,-4,4
17972,94,98,-4,4
17973,89,89,0,0
17974,41,45,-4,4
17975,91,111,-20,20
17976,81,88,-7,7
17977,72,67,5,5
17978,146,131,15,15
17979,80,82,-2,2
17980,141,118,23,23
17981,104,94,10,10
17982,111,104,7,7
17983,115,118,-3,3
17984,67,66,1,1
17985,132,127,5,5
17986,118,120,-2,2
17987,79,75,4,4
17988,67,79,-12,12
17989,158,134,24,24
17990,90,79,11,11
17991,78,78,0,0
17992,52,54,-2,2
17993,67,68,-1,1
17994,57,68,-11,11
17995,93,94,-1,1
17996,73,70,3,3
17997,100,106,-6,6
17998,150,135,15,15
17999,68,68,0,0
18000,74,75,-1,1
18001,100,100,0,0
18002,92,98,-6,6
18003,101,108,-7,7
18004,96,91,5,5
18005,161,149,12,12
18006,71,75,-4,4
18007,97,95,2,2
18008,62,59,3,3
18009,70,74,-4,4
18010,106,103,3,3
18011,67,74,-7,7
18012,56,60,-4,4
18013,75,72,3,3
18014,47,48,-1,1
18015,78,75,3,3
18016,62,59,3,3
18017,68,68,0,0
18018,106,98,8,8
18019,125,114,11,11
18020,84,95,-11,11
18021,107,106,1,1
18022,63,61,2,2
18023,76,88,-12,12
18024,98,86,12,12
18025,139,119,20,20
18026,94,94,0,0
18027,142,136,6,6
18028,121,118,3,3
18029,79,76,3,3
18030,123,123,0,0
18031,82,83,-1,1
18032,174,171,3,3
18033,116,123,-7,7
18034,51,54,-3,3
18035,157,144,13,13
18036,57,59,-2,2
18037,71,65,6,6
18038,30,37,-7,7
18039,102,100,2,2
18040,140,130,10,10
18041,156,159,-3,3
18042,44,42,2,2
18043,157,150,7,7
18044,91,91,0,0
18045,111,121,-10,10
18046,107,112,-5,5
18047,83,86,-3,3
18048,83,81,2,2
18049,103,97,6,6
18050,84,80,4,4
18051,79,74,5,5
18052,119,109,10,10
18053,66,69,-3,3
18054,34,48,-14,14
18055,134,129,5,5
18056,108,108,0,0
18057,60,66,-6,6
18058,33,39,-6,6
18059,105,112,-7,7
18060,71,73,-2,2
18061,92,96,-4,4
18062,62,65,-3,3
18063,54,57,-3,3
18064,85,90,-5,5
18065,154,139,15,15
18066,109,108,1,1
18067,120,133,-13,13
18068,55,54,1,1
18069,102,115,-13,13
18070,58,55,3,3
18071,34,39,-5,5
18072,91,91,0,0
18073,110,109,1,1
18074,117,110,7,7
18075,102,125,-23,23
18076,95,91,4,4
18077,38,46,-8,8
18078,88,85,3,3
18079,107,90,17,17
18080,113,108,5,5
18081,58,59,-1,1
18082,56,65,-9,9
18083,68,71,-3,3
18084,59,63,-4,4
18085,169,172,-3,3
18086,70,63,7,7
18087,117,113,4,4
18088,84,82,2,2
18089,150,156,-6,6
18090,123,133,-10,10
18091,72,72,0,0
18092,108,112,-4,4
18093,87,84,3,3
18094,123,148,-25,25
18095,79,79,0,0
18096,112,129,-17,17
18097,77,74,3,3
18098,123,116,7,7
18099,109,120,-11,11
18100,82,73,9,9
18101,57,65,-8,8
18102,120,112,8,8
18103,117,125,-8,8
18104,53,52,1,1
18105,72,80,-8,8
18106,90,81,9,9
18107,92,109,-17,17
18108,88,80,8,8
18109,55,67,-12,12
18110,62,55,7,7
18111,108,114,-6,6
18112,85,82,3,3
18113,66,81,-15,15
18114,165,171,-6,6
18115,124,119,5,5
18116,75,80,-5,5
18117,54,54,0,0
18118,141,141,0,0
18119,67,67,0,0
18120,94,96,-2,2
18121,102,112,-10,10
18122,119,123,-4,4
18123,53,59,-6,6
18124,122,136,-14,14
18125,60,62,-2,2
18126,88,89,-1,1
18127,101,108,-7,7
18128,64,66,-2,2
18129,48,66,-18,18
18130,75,71,4,4
18131,53,70,-17,17
18132,123,112,11,11
18133,90,81,9,9
18134,137,141,-4,4
18135,95,99,-4,4
18136,88,109,-21,21
18137,106,113,-7,7
18138,155,147,8,8
18139,75,65,10,10
18140,62,63,-1,1
18141,91,85,6,6
18142,58,55,3,3
18143,51,59,-8,8
18144,120,121,-1,1
18145,94,96,-2,2
18146,112,109,3,3
18147,84,100,-16,16
18148,67,69,-2,2
18149,83,84,-1,1
18150,162,156,6,6
18151,122,122,0,0
18152,36,40,-4,4
18153,127,121,6,6
18154,75,88,-13,13
18155,119,109,10,10
18156,147,140,7,7
18157,105,102,3,3
18158,55,57,-2,2
18159,90,85,5,5
18160,57,59,-2,2
18161,100,101,-1,1
18162,63,57,6,6
18163,58,63,-5,5
18164,140,147,-7,7
18165,107,108,-1,1
18166,71,81,-10,10
18167,145,146,-1,1
18168,64,70,-6,6
18169,94,83,11,11
18170,71,71,0,0
18171,68,71,-3,3
18172,109,97,12,12
18173,67,68,-1,1
18174,81,83,-2,2
18175,101,94,7,7
18176,135,127,8,8
18177,60,56,4,4
18178,154,145,9,9
18179,131,123,8,8
18180,97,88,9,9
18181,65,66,-1,1
18182,132,130,2,2
18183,95,98,-3,3
18184,97,88,9,9
18185,122,113,9,9
18186,80,82,-2,2
18187,89,83,6,6
18188,97,84,13,13
18189,106,109,-3,3
18190,101,102,-1,1
18191,116,126,-10,10
18192,70,87,-17,17
18193,44,46,-2,2
18194,149,141,8,8
18195,95,95,0,0
18196,79,78,1,1
18197,114,115,-1,1
18198,77,72,5,5
18199,121,114,7,7
18200,80,83,-3,3
18201,117,110,7,7
18202,150,142,8,8
18203,85,79,6,6
18204,72,80,-8,8
18205,112,109,3,3
18206,91,87,4,4
18207,61,59,2,2
18208,126,119,7,7
18209,78,77,1,1
18210,129,127,2,2
18211,71,72,-1,1
18212,72,76,-4,4
18213,166,160,6,6
18214,134,133,1,1
18215,36,42,-6,6
18216,63,68,-5,5
18217,73,71,2,2
18218,88,92,-4,4
18219,88,93,-5,5
18220,113,119,-6,6
18221,138,131,7,7
18222,88,69,19,19
18223,127,129,-2,2
18224,216,211,5,5
18225,108,110,-2,2
18226,137,137,0,0
18227,66,80,-14,14
18228,68,75,-7,7
18229,100,94,6,6
18230,50,52,-2,2
18231,130,132,-2,2
18232,100,108,-8,8
18233,201,169,32,32
18234,53,54,-1,1
18235,65,67,-2,2
18236,60,60,0,0
18237,177,171,6,6
18238,88,80,8,8
18239,64,66,-2,2
18240,141,144,-3,3
18241,87,90,-3,3
18242,144,137,7,7
18243,118,107,11,11
18244,84,87,-3,3
18245,80,84,-4,4
18246,131,135,-4,4
18247,61,63,-2,2
18248,93,88,5,5
18249,78,89,-11,11
18250,58,55,3,3
18251,99,88,11,11
18252,107,100,7,7
18253,119,118,1,1
18254,104,115,-11,11
18255,87,96,-9,9
18256,88,83,5,5
18257,131,129,2,2
18258,126,120,6,6
18259,125,114,11,11
18260,99,109,-10,10
18261,127,124,3,3
18262,34,54,-20,20
18263,77,67,10,10
18264,88,91,-3,3
18265,106,121,-15,15
18266,104,98,6,6
18267,78,85,-7,7
18268,78,78,0,0
18269,211,189,22,22
18270,68,53,15,15
18271,110,111,-1,1
18272,86,83,3,3
18273,102,102,0,0
18274,82,75,7,7
18275,57,57,0,0
18276,106,109,-3,3
18277,52,58,-6,6
18278,60,58,2,2
18279,78,80,-2,2
18280,66,58,8,8
18281,134,129,5,5
18282,61,64,-3,3
18283,88,82,6,6
18284,95,98,-3,3
18285,79,80,-1,1
18286,109,112,-3,3
18287,74,77,-3,3
18288,82,76,6,6
18289,77,75,2,2
18290,89,86,3,3
18291,115,111,4,4
18292,64,64,0,0
18293,143,138,5,5
18294,189,177,12,12
18295,27,40,-13,13
18296,82,90,-8,8
18297,127,137,-10,10
18298,121,112,9,9
18299,103,108,-5,5
18300,55,56,-1,1
18301,163,164,-1,1
18302,93,96,-3,3
18303,95,93,2,2
18304,123,125,-2,2
18305,59,60,-1,1
18306,112,106,6,6
18307,76,78,-2,2
18308,77,85,-8,8
18309,62,64,-2,2
18310,71,72,-1,1
18311,60,60,0,0
18312,141,142,-1,1
18313,91,93,-2,2
18314,96,91,5,5
18315,58,60,-2,2
18316,93,92,1,1
18317,165,164,1,1
18318,199,193,6,6
18319,98,98,0,0
18320,152,151,1,1
18321,81,72,9,9
18322,93,84,9,9
18323,122,115,7,7
18324,83,82,1,1
18325,82,84,-2,2
18326,61,63,-2,2
18327,87,91,-4,4
18328,44,46,-2,2
18329,90,107,-17,17
18330,50,55,-5,5
18331,122,118,4,4
18332,82,80,2,2
18333,101,109,-8,8
18334,93,95,-2,2
18335,132,119,13,13
18336,111,119,-8,8
18337,96,82,14,14
18338,47,51,-4,4
18339,113,114,-1,1
18340,182,174,8,8
18341,107,127,-20,20
18342,99,110,-11,11
18343,72,78,-6,6
18344,84,91,-7,7
18345,55,57,-2,2
18346,154,157,-3,3
18347,39,46,-7,7
18348,107,106,1,1
18349,89,92,-3,3
18350,114,114,0,0
18351,99,108,-9,9
18352,76,77,-1,1
18353,61,66,-5,5
18354,112,97,15,15
18355,79,77,2,2
18356,81,81,0,0
18357,80,85,-5,5
18358,49,54,-5,5
18359,48,42,6,6
18360,113,112,1,1
18361,91,92,-1,1
18362,76,74,2,2
18363,144,149,-5,5
18364,67,68,-1,1
18365,81,71,10,10
18366,111,110,1,1
18367,78,79,-1,1
18368,53,58,-5,5
18369,77,77,0,0
18370,71,80,-9,9
18371,76,69,7,7
18372,65,65,0,0
18373,90,91,-1,1
18374,165,158,7,7
18375,188,183,5,5
18376,58,160,-102,102
18377,81,81,0,0
18378,65,66,-1,1
18379,91,91,0,0
18380,116,119,-3,3
18381,145,136,9,9
18382,111,104,7,7
18383,146,140,6,6
18384,119,109,10,10
18385,91,93,-2,2
18386,116,118,-2,2
18387,48,49,-1,1
18388,107,119,-12,12
18389,63,64,-1,1
18390,120,112,8,8
18391,86,83,3,3
18392,93,93,0,0
18393,89,92,-3,3
18394,95,99,-4,4
18395,90,82,8,8
18396,104,99,5,5
18397,144,141,3,3
18398,119,109,10,10
18399,82,84,-2,2
18400,61,76,-15,15
18401,93,102,-9,9
18402,142,131,11,11
18403,73,73,0,0
18404,133,120,13,13
18405,128,136,-8,8
18406,104,105,-1,1
18407,90,87,3,3
18408,88,95,-7,7
18409,65,75,-10,10
18410,102,97,5,5
18411,176,158,18,18
18412,90,95,-5,5
18413,241,222,19,19
18414,115,102,13,13
18415,69,67,2,2
18416,94,85,9,9
18417,123,118,5,5
18418,96,111,-15,15
18419,90,95,-5,5
18420,59,64,-5,5
18421,76,74,2,2
18422,72,72,0,0
18423,70,73,-3,3
18424,67,66,1,1
18425,83,83,0,0
18426,205,185,20,20
18427,62,67,-5,5
18428,214,210,4,4
18429,79,72,7,7
18430,142,132,10,10
18431,88,85,3,3
18432,107,113,-6,6
18433,120,114,6,6
18434,108,109,-1,1
18435,102,94,8,8
18436,64,69,-5,5
18437,86,93,-7,7
18438,70,74,-4,4
18439,130,109,21,21
18440,97,89,8,8
18441,85,89,-4,4
18442,67,60,7,7
18443,142,113,29,29
18444,48,55,-7,7
18445,88,83,5,5
18446,123,128,-5,5
18447,69,74,-5,5
18448,92,90,2,2
18449,69,71,-2,2
18450,45,46,-1,1
18451,64,65,-1,1
18452,84,77,7,7
18453,131,128,3,3
18454,78,81,-3,3
18455,32,41,-9,9
18456,85,78,7,7
18457,100,94,6,6
18458,99,83,16,16
18459,125,118,7,7
18460,91,82,9,9
18461,196,186,10,10
18462,94,121,-27,27
18463,54,53,1,1
18464,134,127,7,7
18465,168,156,12,12
18466,64,63,1,1
18467,73,76,-3,3
18468,96,87,9,9
18469,82,69,13,13
18470,48,53,-5,5
18471,65,69,-4,4
18472,121,120,1,1
18473,102,109,-7,7
18474,69,69,0,0
18475,92,91,1,1
18476,79,77,2,2
18477,107,112,-5,5
18478,76,91,-15,15
18479,73,77,-4,4
18480,75,72,3,3
18481,150,154,-4,4
18482,149,144,5,5
18483,144,137,7,7
18484,113,112,1,1
18485,62,69,-7,7
18486,108,111,-3,3
18487,103,109,-6,6
18488,58,93,-35,35
18489,42,55,-13,13
18490,115,101,14,14
18491,58,89,-31,31
18492,115,101,14,14
18493,109,107,2,2
18494,51,43,8,8
18495,70,68,2,2
18496,68,84,-16,16
18497,143,137,6,6
18498,83,70,13,13
18499,116,111,5,5
18500,45,47,-2,2
18501,90,85,5,5
18502,67,67,0,0
18503,100,103,-3,3
18504,113,117,-4,4
18505,30,49,-19,19
18506,98,101,-3,3
18507,67,69,-2,2
18508,53,60,-7,7
18509,105,109,-4,4
18510,123,127,-4,4
18511,57,60,-3,3
18512,125,114,11,11
18513,98,94,4,4
18514,111,113,-2,2
18515,122,117,5,5
18516,117,120,-3,3
18517,74,77,-3,3
18518,84,82,2,2
18519,143,140,3,3
18520,121,115,6,6
18521,121,120,1,1
18522,99,96,3,3
18523,103,95,8,8
18524,104,87,17,17
18525,63,59,4,4
18526,222,190,32,32
18527,113,102,11,11
18528,88,90,-2,2
18529,122,108,14,14
18530,109,119,-10,10
18531,72,69,3,3
18532,64,64,0,0
18533,144,136,8,8
18534,82,80,2,2
18535,82,88,-6,6
18536,162,155,7,7
18537,112,122,-10,10
18538,62,65,-3,3
18539,78,94,-16,16
18540,48,47,1,1
18541,90,87,3,3
18542,130,116,14,14
18543,70,71,-1,1
18544,141,150,-9,9
18545,138,136,2,2
18546,126,94,32,32
18547,71,73,-2,2
18548,89,96,-7,7
18549,138,135,3,3
18550,70,64,6,6
18551,123,117,6,6
18552,72,72,0,0
18553,107,112,-5,5
18554,58,55,3,3
18555,90,85,5,5
18556,136,141,-5,5
18557,163,158,5,5
18558,108,100,8,8
18559,83,63,20,20
18560,117,117,0,0
18561,142,138,4,4
18562,69,69,0,0
18563,100,91,9,9
18564,211,190,21,21
18565,148,153,-5,5
18566,82,81,1,1
18567,86,87,-1,1
18568,201,196,5,5
18569,113,122,-9,9
18570,126,128,-2,2
18571,64,61,3,3
18572,98,96,2,2
18573,51,54,-3,3
18574,93,108,-15,15
18575,60,60,0,0
18576,82,80,2,2
18577,95,113,-18,18
18578,94,85,9,9
18579,81,80,1,1
18580,111,115,-4,4
18581,63,71,-8,8
18582,55,55,0,0
18583,142,142,0,0
18584,139,125,14,14
18585,118,114,4,4
18586,209,174,35,35
18587,73,73,0,0
18588,103,110,-7,7
18589,118,123,-5,5
18590,124,117,7,7
18591,79,92,-13,13
18592,124,120,4,4
18593,129,126,3,3
18594,91,83,8,8
18595,83,91,-8,8
18596,120,109,11,11
18597,91,85,6,6
18598,101,98,3,3
18599,117,113,4,4
18600,154,143,11,11
18601,83,83,0,0
18602,113,112,1,1
18603,83,87,-4,4
18604,106,114,-8,8
18605,47,51,-4,4
18606,63,64,-1,1
18607,99,95,4,4
18608,47,65,-18,18
18609,111,108,3,3
18610,111,109,2,2
18611,152,145,7,7
18612,91,103,-12,12
18613,111,113,-2,2
18614,103,119,-16,16
18615,80,85,-5,5
18616,133,127,6,6
18617,83,81,2,2
18618,67,63,4,4
18619,124,131,-7,7
18620,93,99,-6,6
18621,80,80,0,0
18622,64,73,-9,9
18623,74,85,-11,11
18624,92,93,-1,1
18625,122,116,6,6
18626,92,109,-17,17
18627,111,116,-5,5
18628,148,131,17,17
18629,102,93,9,9
18630,101,101,0,0
18631,89,87,2,2
18632,94,102,-8,8
18633,78,76,2,2
18634,88,80,8,8
18635,87,97,-10,10
18636,59,52,7,7
18637,75,80,-5,5
18638,101,109,-8,8
18639,96,105,-9,9
18640,64,65,-1,1
18641,106,100,6,6
18642,90,90,0,0
18643,95,102,-7,7
18644,107,110,-3,3
18645,95,96,-1,1
18646,78,86,-8,8
18647,124,155,-31,31
18648,142,142,0,0
18649,73,71,2,2
18650,111,112,-1,1
18651,92,74,18,18
18652,205,181,24,24
18653,93,87,6,6
18654,87,98,-11,11
18655,43,41,2,2
18656,51,58,-7,7
18657,102,103,-1,1
18658,85,97,-12,12
18659,152,149,3,3
18660,69,70,-1,1
18661,47,55,-8,8
18662,52,58,-6,6
18663,94,106,-12,12
18664,149,147,2,2
18665,81,68,13,13
18666,96,84,12,12
18667,88,87,1,1
18668,81,78,3,3
18669,129,126,3,3
18670,107,128,-21,21
18671,93,84,9,9
18672,90,87,3,3
18673,72,75,-3,3
18674,82,85,-3,3
18675,73,75,-2,2
18676,102,104,-2,2
18677,52,60,-8,8
18678,79,86,-7,7
18679,131,123,8,8
18680,56,54,2,2
18681,58,53,5,5
18682,66,62,4,4
18683,58,62,-4,4
18684,76,83,-7,7
18685,83,79,4,4
18686,84,81,3,3
18687,100,102,-2,2
18688,114,103,11,11
18689,112,116,-4,4
18690,104,96,8,8
18691,110,114,-4,4
18692,160,164,-4,4
18693,98,99,-1,1
18694,122,122,0,0
18695,39,42,-3,3
18696,120,125,-5,5
18697,84,85,-1,1
18698,64,76,-12,12
18699,87,95,-8,8
18700,102,102,0,0
18701,87,90,-3,3
18702,76,71,5,5
18703,132,132,0,0
18704,65,63,2,2
18705,136,120,16,16
18706,87,76,11,11
18707,93,89,4,4
18708,130,122,8,8
18709,96,91,5,5
18710,93,91,2,2
18711,67,76,-9,9
18712,116,115,1,1
18713,81,90,-9,9
18714,107,113,-6,6
18715,70,57,13,13
18716,113,113,0,0
18717,78,84,-6,6
18718,93,86,7,7
18719,62,70,-8,8
18720,43,45,-2,2
18721,81,77,4,4
18722,85,84,1,1
18723,128,118,10,10
18724,110,114,-4,4
18725,37,37,0,0
18726,66,71,-5,5
18727,56,55,1,1
18728,95,92,3,3
18729,95,96,-1,1
18730,92,90,2,2
18731,99,104,-5,5
18732,75,81,-6,6
18733,186,165,21,21
18734,30,36,-6,6
18735,63,66,-3,3
18736,60,51,9,9
18737,38,46,-8,8
18738,70,79,-9,9
18739,85,86,-1,1
18740,71,55,16,16
18741,122,128,-6,6
18742,45,43,2,2
18743,94,88,6,6
18744,133,127,6,6
18745,89,81,8,8
18746,85,77,8,8
18747,80,80,0,0
18748,141,132,9,9
18749,108,109,-1,1
18750,39,52,-13,13
18751,85,107,-22,22
18752,99,99,0,0
18753,81,76,5,5
18754,123,124,-1,1
18755,98,97,1,1
18756,81,84,-3,3
18757,110,114,-4,4
18758,64,70,-6,6
18759,75,85,-10,10
18760,59,56,3,3
18761,66,71,-5,5
18762,81,62,19,19
18763,92,89,3,3
18764,115,112,3,3
18765,129,134,-5,5
18766,99,97,2,2
18767,72,76,-4,4
18768,91,93,-2,2
18769,69,74,-5,5
18770,80,73,7,7
18771,89,93,-4,4
18772,92,101,-9,9
18773,95,93,2,2
18774,166,152,14,14
18775,61,56,5,5
18776,59,49,10,10
18777,42,53,-11,11
18778,53,59,-6,6
18779,101,96,5,5
18780,90,81,9,9
18781,116,112,4,4
18782,83,75,8,8
18783,89,87,2,2
18784,121,121,0,0
18785,74,57,17,17
18786,113,102,11,11
18787,85,87,-2,2
18788,137,137,0,0
18789,72,81,-9,9
18790,78,72,6,6
18791,113,123,-10,10
18792,144,119,25,25
18793,54,55,-1,1
18794,74,70,4,4
18795,72,73,-1,1
18796,73,74,-1,1
18797,163,143,20,20
18798,96,99,-3,3
18799,90,89,1,1
18800,64,67,-3,3
18801,61,63,-2,2
18802,79,77,2,2
18803,118,124,-6,6
18804,70,69,1,1
18805,108,109,-1,1
18806,83,109,-26,26
18807,55,54,1,1
18808,139,139,0,0
18809,49,49,0,0
18810,159,147,12,12
18811,30,46,-16,16
18812,111,118,-7,7
18813,112,112,0,0
18814,149,153,-4,4
18815,104,96,8,8
18816,166,142,24,24
18817,76,67,9,9
18818,128,137,-9,9
18819,54,61,-7,7
18820,99,105,-6,6
18821,53,51,2,2
18822,98,94,4,4
18823,94,98,-4,4
18824,144,157,-13,13
18825,47,46,1,1
18826,124,133,-9,9
18827,137,152,-15,15
18828,55,50,5,5
18829,79,65,14,14
18830,103,108,-5,5
18831,67,71,-4,4
18832,45,46,-1,1
18833,129,120,9,9
18834,33,53,-20,20
18835,108,110,-2,2
18836,68,67,1,1
18837,165,152,13,13
18838,108,98,10,10
18839,142,123,19,19
18840,108,112,-4,4
18841,56,62,-6,6
18842,73,78,-5,5
18843,121,121,0,0
18844,139,146,-7,7
18845,124,122,2,2
18846,59,58,1,1
18847,98,119,-21,21
18848,42,43,-1,1
18849,94,100,-6,6
18850,120,113,7,7
18851,64,68,-4,4
18852,52,60,-8,8
18853,193,183,10,10
18854,99,97,2,2
18855,73,80,-7,7
18856,166,140,26,26
18857,116,116,0,0
18858,69,86,-17,17
18859,67,68,-1,1
18860,81,60,21,21
18861,112,107,5,5
18862,120,107,13,13
18863,67,58,9,9
18864,105,90,15,15
18865,146,138,8,8
18866,110,100,10,10
18867,90,88,2,2
18868,94,83,11,11
18869,106,120,-14,14
18870,95,94,1,1
18871,112,115,-3,3
18872,104,93,11,11
18873,60,65,-5,5
18874,93,78,15,15
18875,171,169,2,2
18876,57,56,1,1
18877,106,99,7,7
18878,83,88,-5,5
18879,65,56,9,9
18880,111,114,-3,3
18881,117,120,-3,3
18882,71,76,-5,5
18883,46,60,-14,14
18884,87,104,-17,17
18885,80,78,2,2
18886,58,61,-3,3
18887,47,38,9,9
18888,196,177,19,19
18889,100,108,-8,8
18890,122,127,-5,5
18891,126,125,1,1
18892,61,63,-2,2
18893,68,76,-8,8
18894,90,98,-8,8
18895,96,97,-1,1
18896,154,159,-5,5
18897,153,151,2,2
18898,83,80,3,3
18899,130,127,3,3
18900,110,102,8,8
18901,122,121,1,1
18902,85,77,8,8
18903,55,56,-1,1
18904,85,82,3,3
18905,122,120,2,2
18906,71,68,3,3
18907,149,142,7,7
18908,101,100,1,1
18909,81,90,-9,9
18910,95,93,2,2
18911,120,117,3,3
18912,137,143,-6,6
18913,132,144,-12,12
18914,83,77,6,6
18915,121,114,7,7
18916,121,118,3,3
18917,125,140,-15,15
18918,81,81,0,0
18919,137,140,-3,3
18920,89,89,0,0
18921,113,112,1,1
18922,23,32,-9,9
18923,123,109,14,14
18924,172,173,-1,1
18925,64,63,1,1
18926,122,131,-9,9
18927,67,69,-2,2
18928,86,86,0,0
18929,42,53,-11,11
18930,126,122,4,4
18931,148,134,14,14
18932,81,73,8,8
18933,78,81,-3,3
18934,74,72,2,2
18935,52,58,-6,6
18936,67,67,0,0
18937,69,69,0,0
18938,76,84,-8,8
18939,56,55,1,1
18940,103,114,-11,11
18941,86,96,-10,10
18942,67,71,-4,4
18943,74,80,-6,6
18944,61,58,3,3
18945,42,56,-14,14
18946,106,101,5,5
18947,59,60,-1,1
18948,65,63,2,2
18949,148,151,-3,3
18950,161,151,10,10
18951,140,134,6,6
18952,140,134,6,6
18953,70,77,-7,7
18954,157,147,10,10
18955,70,77,-7,7
18956,110,116,-6,6
18957,132,156,-24,24
18958,40,65,-25,25
18959,115,110,5,5
18960,165,160,5,5
18961,46,56,-10,10
18962,108,118,-10,10
18963,145,142,3,3
18964,153,140,13,13
18965,64,67,-3,3
18966,104,111,-7,7
18967,104,87,17,17
18968,103,92,11,11
18969,99,109,-10,10
18970,58,61,-3,3
18971,78,75,3,3
18972,116,115,1,1
18973,95,113,-18,18
18974,77,71,6,6
18975,100,101,-1,1
18976,147,141,6,6
18977,73,73,0,0
18978,90,91,-1,1
18979,91,89,2,2
18980,136,132,4,4
18981,156,141,15,15
18982,71,71,0,0
18983,65,68,-3,3
18984,82,79,3,3
18985,116,114,2,2
18986,134,129,5,5
18987,70,74,-4,4
18988,98,97,1,1
18989,194,180,14,14
18990,58,62,-4,4
18991,111,151,-40,40
18992,55,59,-4,4
18993,105,109,-4,4
18994,85,86,-1,1
18995,105,96,9,9
18996,83,89,-6,6
18997,96,90,6,6
18998,83,79,4,4
18999,153,152,1,1
19000,81,82,-1,1
19001,60,63,-3,3
19002,137,141,-4,4
19003,140,135,5,5
19004,88,93,-5,5
19005,124,124,0,0
19006,101,95,6,6
19007,84,78,6,6
19008,99,97,2,2
19009,59,54,5,5
19010,83,92,-9,9
19011,113,123,-10,10
19012,83,86,-3,3
19013,65,65,0,0
19014,52,58,-6,6
19015,120,125,-5,5
19016,102,91,11,11
19017,50,69,-19,19
19018,134,136,-2,2
19019,90,89,1,1
19020,79,73,6,6
19021,78,82,-4,4
19022,122,112,10,10
19023,69,71,-2,2
19024,72,71,1,1
19025,71,74,-3,3
19026,112,90,22,22
19027,111,99,12,12
19028,96,105,-9,9
19029,96,93,3,3
19030,67,69,-2,2
19031,102,104,-2,2
19032,71,77,-6,6
19033,147,148,-1,1
19034,123,129,-6,6
19035,89,73,16,16
19036,72,80,-8,8
19037,81,86,-5,5
19038,61,61,0,0
19039,79,78,1,1
19040,112,103,9,9
19041,167,172,-5,5
19042,74,78,-4,4
19043,122,114,8,8
19044,78,86,-8,8
19045,64,62,2,2
19046,72,77,-5,5
19047,90,81,9,9
19048,86,77,9,9
19049,122,117,5,5
19050,70,61,9,9
19051,80,77,3,3
19052,55,55,0,0
19053,86,76,10,10
19054,117,115,2,2
19055,95,92,3,3
19056,88,88,0,0
19057,123,112,11,11
19058,102,96,6,6
19059,73,65,8,8
19060,33,36,-3,3
19061,133,120,13,13
19062,65,74,-9,9
19063,75,66,9,9
19064,39,39,0,0
19065,119,113,6,6
19066,88,91,-3,3
19067,110,97,13,13
19068,59,68,-9,9
19069,94,108,-14,14
19070,90,87,3,3
19071,64,66,-2,2
19072,111,112,-1,1
19073,95,95,0,0
19074,77,77,0,0
19075,60,62,-2,2
19076,151,151,0,0
19077,90,82,8,8
19078,65,72,-7,7
19079,100,114,-14,14
19080,59,63,-4,4
19081,89,88,1,1
19082,91,99,-8,8
19083,152,146,6,6
19084,58,57,1,1
19085,98,110,-12,12
19086,111,110,1,1
19087,94,85,9,9
19088,98,108,-10,10
19089,99,90,9,9
19090,132,125,7,7
19091,99,118,-19,19
19092,163,173,-10,10
19093,105,94,11,11
19094,109,113,-4,4
19095,49,52,-3,3
19096,97,115,-18,18
19097,153,141,12,12
19098,73,97,-24,24
19099,71,75,-4,4
19100,89,82,7,7
19101,110,96,14,14
19102,73,75,-2,2
19103,151,131,20,20
19104,146,143,3,3
19105,74,71,3,3
19106,76,70,6,6
19107,57,129,-72,72
19108,96,86,10,10
19109,143,129,14,14
19110,98,85,13,13
19111,74,76,-2,2
19112,78,74,4,4
19113,139,153,-14,14
19114,81,82,-1,1
19115,74,80,-6,6
19116,81,83,-2,2
19117,149,166,-17,17
19118,59,67,-8,8
19119,92,96,-4,4
19120,88,85,3,3
19121,94,95,-1,1
19122,106,109,-3,3
19123,143,126,17,17
19124,61,67,-6,6
19125,84,80,4,4
19126,107,112,-5,5
19127,129,136,-7,7
19128,80,80,0,0
19129,89,91,-2,2
19130,159,151,8,8
19131,44,49,-5,5
19132,116,120,-4,4
19133,79,79,0,0
19134,82,76,6,6
19135,77,79,-2,2
19136,124,115,9,9
19137,97,101,-4,4
19138,62,69,-7,7
19139,65,67,-2,2
19140,78,72,6,6
19141,105,108,-3,3
19142,107,116,-9,9
19143,60,64,-4,4
19144,63,61,2,2
19145,71,69,2,2
19146,122,127,-5,5
19147,76,75,1,1
19148,137,140,-3,3
19149,89,91,-2,2
19150,87,92,-5,5
19151,147,146,1,1
19152,121,136,-15,15
19153,91,81,10,10
19154,62,62,0,0
19155,77,85,-8,8
19156,95,93,2,2
19157,71,74,-3,3
19158,129,143,-14,14
19159,114,115,-1,1
19160,196,182,14,14
19161,113,114,-1,1
19162,122,112,10,10
19163,120,111,9,9
19164,104,119,-15,15
19165,99,96,3,3
19166,80,82,-2,2
19167,69,73,-4,4
19168,100,109,-9,9
19169,63,65,-2,2
19170,145,135,10,10
19171,55,54,1,1
19172,91,87,4,4
19173,148,140,8,8
19174,75,68,7,7
19175,106,109,-3,3
19176,179,165,14,14
19177,86,95,-9,9
19178,72,74,-2,2
19179,127,132,-5,5
19180,68,63,5,5
19181,69,87,-18,18
19182,136,142,-6,6
19183,91,92,-1,1
19184,102,109,-7,7
19185,128,119,9,9
19186,94,92,2,2
19187,105,108,-3,3
19188,146,139,7,7
19189,72,66,6,6
19190,105,103,2,2
19191,137,131,6,6
19192,169,160,9,9
19193,130,153,-23,23
19194,126,127,-1,1
19195,125,117,8,8
19196,102,101,1,1
19197,74,74,0,0
19198,74,81,-7,7
19199,97,97,0,0
19200,113,113,0,0
19201,54,57,-3,3
19202,127,113,14,14
19203,73,78,-5,5
19204,145,150,-5,5
19205,117,115,2,2
19206,123,120,3,3
19207,188,165,23,23
19208,75,86,-11,11
19209,76,86,-10,10
19210,45,53,-8,8
19211,86,86,0,0
19212,74,75,-1,1
19213,103,116,-13,13
19214,140,124,16,16
19215,95,96,-1,1
19216,102,109,-7,7
19217,34,43,-9,9
19218,101,95,6,6
19219,62,73,-11,11
19220,81,91,-10,10
19221,84,85,-1,1
19222,114,130,-16,16
19223,90,83,7,7
19224,66,92,-26,26
19225,98,98,0,0
19226,68,74,-6,6
19227,115,110,5,5
19228,101,64,37,37
19229,137,125,12,12
19230,125,125,0,0
19231,84,86,-2,2
19232,43,55,-12,12
19233,99,91,8,8
19234,126,129,-3,3
19235,97,98,-1,1
19236,105,93,12,12
19237,74,83,-9,9
19238,108,110,-2,2
19239,70,66,4,4
19240,49,54,-5,5
19241,133,130,3,3
19242,105,99,6,6
19243,147,151,-4,4
19244,98,97,1,1
19245,124,118,6,6
19246,73,72,1,1
19247,78,74,4,4
19248,106,111,-5,5
19249,63,61,2,2
19250,87,91,-4,4
19251,80,76,4,4
19252,101,96,5,5
19253,80,82,-2,2
19254,107,97,10,10
19255,65,73,-8,8
19256,62,57,5,5
19257,124,130,-6,6
19258,37,40,-3,3
19259,109,111,-2,2
19260,48,55,-7,7
19261,152,140,12,12
19262,163,162,1,1
19263,126,123,3,3
19264,62,85,-23,23
19265,128,137,-9,9
19266,104,101,3,3
19267,110,126,-16,16
19268,79,83,-4,4
19269,79,78,1,1
19270,145,140,5,5
19271,74,84,-10,10
19272,59,65,-6,6
19273,107,110,-3,3
19274,88,94,-6,6
19275,47,62,-15,15
19276,111,115,-4,4
19277,108,104,4,4
19278,133,121,12,12
19279,155,160,-5,5
19280,85,86,-1,1
19281,135,123,12,12
19282,104,95,9,9
19283,149,154,-5,5
19284,78,76,2,2
19285,76,77,-1,1
19286,96,106,-10,10
19287,130,118,12,12
19288,90,86,4,4
19289,55,70,-15,15
19290,123,133,-10,10
19291,65,65,0,0
19292,69,49,20,20
19293,50,58,-8,8
19294,51,61,-10,10
19295,81,69,12,12
19296,108,110,-2,2
19297,81,83,-2,2
19298,42,41,1,1
19299,141,120,21,21
19300,66,72,-6,6
19301,103,100,3,3
19302,147,138,9,9
19303,105,90,15,15
19304,136,114,22,22
19305,58,65,-7,7
19306,108,93,15,15
19307,63,64,-1,1
19308,116,118,-2,2
19309,147,139,8,8
19310,73,70,3,3
19311,92,92,0,0
19312,63,61,2,2
19313,98,98,0,0
19314,153,150,3,3
19315,98,97,1,1
19316,68,75,-7,7
19317,70,60,10,10
19318,69,128,-59,59
19319,68,66,2,2
19320,66,65,1,1
19321,83,80,3,3
19322,113,108,5,5
19323,123,109,14,14
19324,39,44,-5,5
19325,127,114,13,13
19326,119,124,-5,5
19327,80,76,4,4
19328,202,221,-19,19
19329,71,77,-6,6
19330,49,55,-6,6
19331,73,85,-12,12
19332,90,97,-7,7
19333,86,87,-1,1
19334,71,84,-13,13
19335,62,69,-7,7
19336,89,84,5,5
19337,205,185,20,20
19338,157,123,34,34
19339,95,111,-16,16
19340,54,64,-10,10
19341,86,88,-2,2
19342,105,112,-7,7
19343,51,61,-10,10
19344,56,74,-18,18
19345,142,147,-5,5
19346,151,136,15,15
19347,72,69,3,3
19348,71,82,-11,11
19349,73,71,2,2
19350,58,61,-3,3
19351,175,198,-23,23
19352,132,127,5,5
19353,102,109,-7,7
19354,115,116,-1,1
19355,92,108,-16,16
19356,77,75,2,2
19357,113,113,0,0
19358,103,110,-7,7
19359,147,159,-12,12
19360,93,110,-17,17
19361,105,112,-7,7
19362,95,89,6,6
19363,158,149,9,9
19364,117,120,-3,3
19365,113,121,-8,8
19366,84,72,12,12
19367,64,72,-8,8
19368,98,96,2,2
19369,91,98,-7,7
19370,106,96,10,10
19371,57,64,-7,7
19372,130,131,-1,1
19373,67,74,-7,7
19374,60,64,-4,4
19375,80,73,7,7
19376,109,110,-1,1
19377,56,82,-26,26
19378,61,70,-9,9
19379,162,158,4,4
19380,105,108,-3,3
19381,118,114,4,4
19382,88,87,1,1
19383,61,53,8,8
19384,101,97,4,4
19385,130,136,-6,6
19386,116,105,11,11
19387,66,68,-2,2
19388,67,82,-15,15
19389,68,78,-10,10
19390,54,55,-1,1
19391,76,72,4,4
19392,91,92,-1,1
19393,48,48,0,0
19394,108,111,-3,3
19395,50,53,-3,3
19396,121,132,-11,11
19397,55,54,1,1
19398,99,93,6,6
19399,109,111,-2,2
19400,129,121,8,8
19401,59,55,4,4
19402,193,183,10,10
19403,115,114,1,1
19404,168,167,1,1
19405,109,112,-3,3
19406,79,88,-9,9
19407,69,67,2,2
19408,124,125,-1,1
19409,86,96,-10,10
19410,108,102,6,6
19411,57,61,-4,4
19412,69,63,6,6
19413,73,75,-2,2
19414,93,108,-15,15
19415,108,105,3,3
19416,47,48,-1,1
19417,96,92,4,4
19418,136,144,-8,8
19419,62,51,11,11
19420,35,48,-13,13
19421,168,175,-7,7
19422,72,67,5,5
19423,53,53,0,0
19424,181,176,5,5
19425,106,107,-1,1
19426,110,122,-12,12
19427,71,74,-3,3
19428,81,89,-8,8
19429,66,66,0,0
19430,96,108,-12,12
19431,94,84,10,10
19432,101,90,11,11
19433,56,55,1,1
19434,161,149,12,12
19435,120,112,8,8
19436,90,90,0,0
19437,74,77,-3,3
19438,119,115,4,4
19439,120,117,3,3
19440,116,139,-23,23
19441,72,70,2,2
19442,100,91,9,9
19443,72,71,1,1
19444,152,152,0,0
19445,65,76,-11,11
19446,84,80,4,4
19447,100,101,-1,1
19448,116,103,13,13
19449,88,89,-1,1
19450,94,108,-14,14
19451,76,73,3,3
19452,70,75,-5,5
19453,72,86,-14,14
19454,114,113,1,1
19455,95,96,-1,1
19456,88,79,9,9
19457,103,121,-18,18
19458,82,82,0,0
19459,66,77,-11,11
19460,126,118,8,8
19461,215,225,-10,10
19462,127,125,2,2
19463,71,72,-1,1
19464,106,92,14,14
19465,125,126,-1,1
19466,98,91,7,7
19467,80,94,-14,14
19468,76,79,-3,3
19469,126,127,-1,1
19470,45,48,-3,3
19471,98,96,2,2
19472,75,74,1,1
19473,76,70,6,6
19474,103,102,1,1
19475,149,137,12,12
19476,110,114,-4,4
19477,71,71,0,0
19478,121,133,-12,12
19479,86,84,2,2
19480,44,47,-3,3
19481,126,128,-2,2
19482,145,129,16,16
19483,94,109,-15,15
19484,49,58,-9,9
19485,99,94,5,5
19486,75,87,-12,12
19487,77,94,-17,17
19488,65,73,-8,8
19489,117,114,3,3
19490,87,84,3,3
19491,87,98,-11,11
19492,138,140,-2,2
19493,66,65,1,1
19494,100,83,17,17
19495,107,98,9,9
19496,82,111,-29,29
19497,76,83,-7,7
19498,67,77,-10,10
19499,40,49,-9,9
19500,88,92,-4,4
19501,184,170,14,14
19502,92,84,8,8
19503,134,139,-5,5
19504,105,103,2,2
19505,112,115,-3,3
19506,70,72,-2,2
19507,70,75,-5,5
19508,57,65,-8,8
19509,120,119,1,1
19510,98,109,-11,11
19511,115,109,6,6
19512,84,94,-10,10
19513,97,94,3,3
19514,85,84,1,1
19515,67,69,-2,2
19516,93,82,11,11
19517,123,120,3,3
19518,52,92,-40,40
19519,113,110,3,3
19520,63,66,-3,3
19521,97,92,5,5
19522,103,97,6,6
19523,91,96,-5,5
19524,74,75,-1,1
19525,110,119,-9,9
19526,162,155,7,7
19527,98,97,1,1
19528,103,98,5,5
19529,96,111,-15,15
19530,35,47,-12,12
19531,85,91,-6,6
19532,69,71,-2,2
19533,80,72,8,8
19534,60,60,0,0
19535,87,101,-14,14
19536,77,76,1,1
19537,139,133,6,6
19538,51,55,-4,4
19539,122,114,8,8
19540,125,117,8,8
19541,63,57,6,6
19542,125,116,9,9
19543,85,93,-8,8
19544,112,113,-1,1
19545,58,59,-1,1
19546,104,108,-4,4
19547,120,116,4,4
19548,43,49,-6,6
19549,90,102,-12,12
19550,29,31,-2,2
19551,92,84,8,8
19552,99,85,14,14
19553,55,61,-6,6
19554,66,60,6,6
19555,78,75,3,3
19556,67,61,6,6
19557,91,83,8,8
19558,143,132,11,11
19559,86,95,-9,9
19560,57,70,-13,13
19561,96,88,8,8
19562,101,116,-15,15
19563,58,53,5,5
19564,113,108,5,5
19565,44,42,2,2
19566,140,121,19,19
19567,150,150,0,0
19568,117,123,-6,6
19569,86,90,-4,4
19570,99,91,8,8
19571,114,109,5,5
19572,81,77,4,4
19573,64,61,3,3
19574,132,133,-1,1
19575,82,82,0,0
19576,141,136,5,5
19577,68,81,-13,13
19578,137,128,9,9
19579,75,70,5,5
19580,71,72,-1,1
19581,59,40,19,19
19582,45,41,4,4
19583,70,70,0,0
19584,107,108,-1,1
19585,59,62,-3,3
19586,41,45,-4,4
19587,65,73,-8,8
19588,50,49,1,1
19589,88,89,-1,1
19590,114,116,-2,2
19591,64,60,4,4
19592,154,153,1,1
19593,64,70,-6,6
19594,46,64,-18,18
19595,120,119,1,1
19596,80,82,-2,2
19597,52,51,1,1
19598,88,110,-22,22
19599,65,91,-26,26
19600,49,55,-6,6
19601,82,96,-14,14
19602,108,118,-10,10
19603,59,67,-8,8
19604,68,69,-1,1
19605,99,89,10,10
19606,100,100,0,0
19607,100,90,10,10
19608,156,152,4,4
19609,91,97,-6,6
19610,152,148,4,4
19611,125,116,9,9
19612,60,63,-3,3
19613,43,50,-7,7
19614,48,48,0,0
19615,94,98,-4,4
19616,70,69,1,1
19617,52,51,1,1
19618,70,70,0,0
19619,154,143,11,11
19620,133,134,-1,1
19621,72,72,0,0
19622,79,87,-8,8
19623,111,116,-5,5
19624,72,73,-1,1
19625,147,152,-5,5
19626,94,87,7,7
19627,41,45,-4,4
19628,79,87,-8,8
19629,61,61,0,0
19630,68,74,-6,6
19631,70,66,4,4
19632,80,87,-7,7
19633,58,65,-7,7
19634,45,48,-3,3
19635,187,168,19,19
19636,84,83,1,1
19637,76,76,0,0
19638,154,150,4,4
19639,139,132,7,7
19640,173,166,7,7
19641,75,68,7,7
19642,148,142,6,6
19643,174,168,6,6
19644,100,112,-12,12
19645,29,33,-4,4
19646,102,95,7,7
19647,67,71,-4,4
19648,51,50,1,1
19649,133,115,18,18
19650,36,40,-4,4
19651,66,64,2,2
19652,65,61,4,4
19653,73,77,-4,4
19654,151,133,18,18
19655,87,82,5,5
19656,138,145,-7,7
19657,65,64,1,1
19658,97,94,3,3
19659,84,83,1,1
19660,171,159,12,12
19661,110,111,-1,1
19662,120,113,7,7
19663,99,93,6,6
19664,135,159,-24,24
19665,90,89,1,1
19666,70,69,1,1
19667,99,108,-9,9
19668,58,60,-2,2
19669,109,134,-25,25
19670,77,79,-2,2
19671,74,73,1,1
19672,134,136,-2,2
19673,130,115,15,15
19674,65,66,-1,1
19675,109,108,1,1
19676,75,80,-5,5
19677,125,127,-2,2
19678,99,97,2,2
19679,147,145,2,2
19680,160,149,11,11
19681,49,49,0,0
19682,62,70,-8,8
19683,332,318,14,14
19684,127,123,4,4
19685,34,34,0,0
19686,145,139,6,6
19687,108,106,2,2
19688,66,73,-7,7
19689,65,68,-3,3
19690,157,147,10,10
19691,89,80,9,9
19692,97,109,-12,12
19693,116,116,0,0
19694,102,100,2,2
19695,118,127,-9,9
19696,161,158,3,3
19697,97,92,5,5
19698,40,40,0,0
19699,63,64,-1,1
19700,70,79,-9,9
19701,83,77,6,6
19702,100,101,-1,1
19703,76,75,1,1
19704,105,108,-3,3
19705,72,84,-12,12
19706,69,84,-15,15
19707,136,143,-7,7
19708,126,110,16,16
19709,130,139,-9,9
19710,116,118,-2,2
19711,87,83,4,4
19712,100,101,-1,1
19713,100,95,5,5
19714,55,58,-3,3
19715,92,94,-2,2
19716,101,94,7,7
19717,149,154,-5,5
19718,98,88,10,10
19719,89,87,2,2
19720,40,50,-10,10
19721,91,88,3,3
19722,103,109,-6,6
19723,88,81,7,7
19724,76,89,-13,13
19725,43,54,-11,11
19726,60,61,-1,1
19727,165,153,12,12
19728,148,153,-5,5
19729,114,113,1,1
19730,97,86,11,11
19731,141,141,0,0
19732,82,90,-8,8
19733,89,88,1,1
19734,141,142,-1,1
19735,31,42,-11,11
19736,87,98,-11,11
19737,83,88,-5,5
19738,64,67,-3,3
19739,68,74,-6,6
19740,75,73,2,2
19741,102,107,-5,5
19742,54,59,-5,5
19743,108,114,-6,6
19744,104,90,14,14
19745,132,136,-4,4
19746,77,77,0,0
19747,130,131,-1,1
19748,46,48,-2,2
19749,83,34,49,49
19750,79,86,-7,7
19751,180,160,20,20
19752,118,128,-10,10
19753,105,116,-11,11
19754,93,95,-2,2
19755,81,79,2,2
19756,61,66,-5,5
19757,142,142,0,0
19758,93,96,-3,3
19759,100,101,-1,1
19760,146,138,8,8
19761,64,69,-5,5
19762,116,114,2,2
19763,55,51,4,4
19764,55,61,-6,6
19765,86,98,-12,12
19766,90,87,3,3
19767,146,145,1,1
19768,55,54,1,1
19769,76,77,-1,1
19770,48,57,-9,9
19771,84,71,13,13
19772,62,62,0,0
19773,93,87,6,6
19774,104,107,-3,3
19775,108,108,0,0
19776,83,90,-7,7
19777,57,53,4,4
19778,76,75,1,1
19779,100,130,-30,30
19780,96,98,-2,2
19781,124,96,28,28
19782,55,70,-15,15
19783,61,64,-3,3
19784,104,108,-4,4
19785,70,73,-3,3
19786,94,85,9,9
19787,64,71,-7,7
19788,113,118,-5,5
19789,92,97,-5,5
19790,136,142,-6,6
19791,115,102,13,13
19792,103,116,-13,13
19793,84,85,-1,1
19794,60,65,-5,5
19795,83,115,-32,32
19796,127,127,0,0
19797,137,131,6,6
19798,64,56,8,8
19799,180,171,9,9
19800,144,133,11,11
19801,82,76,6,6
19802,89,81,8,8
19803,122,130,-8,8
19804,85,88,-3,3
19805,127,118,9,9
19806,86,80,6,6
19807,81,88,-7,7
19808,102,93,9,9
19809,104,79,25,25
19810,47,47,0,0
19811,163,145,18,18
19812,102,99,3,3
19813,152,134,18,18
19814,139,129,10,10
19815,88,75,13,13
19816,57,55,2,2
19817,79,74,5,5
19818,60,49,11,11
19819,104,95,9,9
19820,92,89,3,3
19821,74,71,3,3
19822,94,91,3,3
19823,102,112,-10,10
19824,109,101,8,8
19825,86,83,3,3
19826,85,77,8,8
19827,86,79,7,7
19828,158,144,14,14
19829,78,77,1,1
19830,72,69,3,3
19831,127,126,1,1
19832,81,81,0,0
19833,99,101,-2,2
19834,64,70,-6,6
19835,137,144,-7,7
19836,99,107,-8,8
19837,74,80,-6,6
19838,80,87,-7,7
19839,99,116,-17,17
19840,95,99,-4,4
19841,48,51,-3,3
19842,77,79,-2,2
19843,88,96,-8,8
19844,99,94,5,5
19845,87,78,9,9
19846,75,79,-4,4
19847,103,109,-6,6
19848,190,184,6,6
19849,88,61,27,27
19850,85,88,-3,3
19851,59,53,6,6
19852,63,82,-19,19
19853,85,84,1,1
19854,67,87,-20,20
19855,76,83,-7,7
19856,115,115,0,0
19857,62,62,0,0
19858,61,70,-9,9
19859,147,147,0,0
19860,153,146,7,7
19861,68,60,8,8
19862,106,114,-8,8
19863,79,79,0,0
19864,165,154,11,11
19865,63,62,1,1
19866,106,110,-4,4
19867,74,79,-5,5
19868,135,132,3,3
19869,76,81,-5,5
19870,113,123,-10,10
19871,77,81,-4,4
19872,67,70,-3,3
19873,93,113,-20,20
19874,170,162,8,8
19875,77,84,-7,7
19876,88,82,6,6
19877,103,97,6,6
19878,85,88,-3,3
19879,82,73,9,9
19880,70,79,-9,9
19881,94,110,-16,16
19882,44,52,-8,8
19883,103,94,9,9
19884,99,101,-2,2
19885,67,65,2,2
19886,56,62,-6,6
19887,94,97,-3,3
19888,77,78,-1,1
19889,68,69,-1,1
19890,125,115,10,10
19891,110,111,-1,1
19892,102,89,13,13
19893,57,54,3,3
19894,68,88,-20,20
19895,75,78,-3,3
19896,101,94,7,7
19897,57,54,3,3
19898,93,110,-17,17
19899,52,49,3,3
19900,57,64,-7,7
19901,123,113,10,10
19902,111,121,-10,10
19903,62,65,-3,3
19904,89,100,-11,11
19905,114,109,5,5
19906,45,53,-8,8
19907,79,75,4,4
19908,134,125,9,9
19909,101,96,5,5
19910,92,89,3,3
19911,74,69,5,5
19912,95,94,1,1
19913,49,58,-9,9
19914,86,82,4,4
19915,50,69,-19,19
19916,55,57,-2,2
19917,49,46,3,3
19918,87,90,-3,3
19919,59,67,-8,8
19920,108,112,-4,4
19921,88,99,-11,11
19922,118,127,-9,9
19923,108,104,4,4
19924,38,67,-29,29
19925,94,90,4,4
19926,35,44,-9,9
19927,114,116,-2,2
19928,124,114,10,10
19929,108,117,-9,9
19930,129,142,-13,13
19931,69,73,-4,4
19932,108,116,-8,8
19933,66,73,-7,7
19934,62,60,2,2
19935,107,111,-4,4
19936,65,65,0,0
19937,169,152,17,17
19938,115,110,5,5
19939,116,117,-1,1
19940,87,88,-1,1
19941,62,67,-5,5
19942,128,122,6,6
19943,126,133,-7,7
19944,139,142,-3,3
19945,217,198,19,19
19946,147,153,-6,6
19947,117,110,7,7
19948,181,179,2,2
19949,101,122,-21,21
19950,66,71,-5,5
19951,77,73,4,4
19952,110,111,-1,1
19953,186,181,5,5
19954,60,60,0,0
19955,68,72,-4,4
19956,125,128,-3,3
19957,52,53,-1,1
19958,75,72,3,3
19959,109,113,-4,4
19960,44,58,-14,14
19961,123,129,-6,6
19962,123,119,4,4
19963,69,68,1,1
19964,51,55,-4,4
19965,148,135,13,13
19966,104,92,12,12
19967,64,63,1,1
19968,82,95,-13,13
19969,82,78,4,4
19970,135,139,-4,4
19971,54,59,-5,5
19972,88,76,12,12
19973,88,80,8,8
19974,102,102,0,0
19975,45,51,-6,6
19976,85,85,0,0
19977,117,108,9,9
19978,124,117,7,7
19979,60,66,-6,6
19980,40,59,-19,19
19981,133,133,0,0
19982,101,103,-2,2
19983,80,77,3,3
19984,90,111,-21,21
19985,85,88,-3,3
19986,68,69,-1,1
19987,150,149,1,1
19988,86,79,7,7
19989,105,112,-7,7
19990,45,52,-7,7
19991,149,162,-13,13
19992,74,77,-3,3
19993,40,52,-12,12
19994,75,82,-7,7
19995,47,53,-6,6
19996,70,79,-9,9
19997,56,59,-3,3
19998,46,51,-5,5
19999,98,102,-4,4
20000,107,101,6,6
20001,121,112,9,9
20002,192,188,4,4
20003,50,50,0,0
20004,62,76,-14,14
20005,93,92,1,1
20006,96,86,10,10
20007,72,70,2,2
20008,134,139,-5,5
20009,98,97,1,1
20010,159,141,18,18
20011,115,113,2,2
20012,54,54,0,0
20013,60,61,-1,1
20014,80,76,4,4
20015,103,109,-6,6
20016,89,82,7,7
20017,118,123,-5,5
20018,109,109,0,0
20019,65,72,-7,7
20020,62,69,-7,7
20021,100,104,-4,4
20022,127,135,-8,8
20023,54,58,-4,4
20024,113,108,5,5
20025,122,118,4,4
20026,140,126,14,14
20027,71,63,8,8
20028,86,93,-7,7
20029,94,105,-11,11
20030,124,120,4,4
20031,59,62,-3,3
20032,115,111,4,4
20033,61,60,1,1
20034,65,66,-1,1
20035,79,77,2,2
20036,122,114,8,8
20037,97,102,-5,5
20038,64,70,-6,6
20039,107,103,4,4
20040,109,109,0,0
20041,70,68,2,2
20042,63,63,0,0
20043,104,104,0,0
20044,88,77,11,11
20045,91,90,1,1
20046,136,138,-2,2
20047,67,67,0,0
20048,65,64,1,1
20049,97,99,-2,2
20050,114,121,-7,7
20051,122,133,-11,11
20052,76,70,6,6
20053,96,106,-10,10
20054,90,82,8,8
20055,68,65,3,3
20056,78,80,-2,2
20057,158,142,16,16
20058,77,82,-5,5
20059,65,65,0,0
20060,126,119,7,7
20061,102,94,8,8
20062,96,87,9,9
20063,120,126,-6,6
20064,44,50,-6,6
20065,68,73,-5,5
20066,170,172,-2,2
20067,40,42,-2,2
20068,43,54,-11,11
20069,95,86,9,9
20070,114,108,6,6
20071,60,66,-6,6
20072,35,46,-11,11
20073,70,68,2,2
20074,126,122,4,4
20075,68,68,0,0
20076,137,144,-7,7
20077,154,127,27,27
20078,139,139,0,0
20079,103,98,5,5
20080,82,74,8,8
20081,94,108,-14,14
20082,136,129,7,7
20083,81,71,10,10
20084,51,46,5,5
20085,126,126,0,0
20086,89,123,-34,34
20087,88,93,-5,5
20088,77,66,11,11
20089,83,85,-2,2
20090,77,69,8,8
20091,84,84,0,0
20092,82,72,10,10
20093,65,67,-2,2
20094,113,102,11,11
20095,78,88,-10,10
20096,54,55,-1,1
20097,94,103,-9,9
20098,59,67,-8,8
20099,117,124,-7,7
20100,78,66,12,12
20101,48,40,8,8
20102,54,58,-4,4
20103,99,109,-10,10
20104,71,69,2,2
20105,136,130,6,6
20106,45,50,-5,5
20107,84,87,-3,3
20108,82,87,-5,5
20109,45,52,-7,7
20110,125,109,16,16
20111,50,51,-1,1
20112,71,74,-3,3
20113,89,83,6,6
20114,61,69,-8,8
20115,105,97,8,8
20116,143,143,0,0
20117,185,171,14,14
20118,48,53,-5,5
20119,98,104,-6,6
20120,38,48,-10,10
20121,92,87,5,5
20122,139,136,3,3
20123,99,88,11,11
20124,106,109,-3,3
20125,60,76,-16,16
20126,96,80,16,16
20127,138,149,-11,11
20128,83,85,-2,2
20129,152,127,25,25
20130,115,119,-4,4
20131,84,89,-5,5
20132,133,128,5,5
20133,128,126,2,2
20134,78,80,-2,2
20135,93,92,1,1
20136,105,108,-3,3
20137,90,95,-5,5
20138,205,180,25,25
20139,80,80,0,0
20140,80,82,-2,2
20141,118,101,17,17
20142,60,71,-11,11
20143,101,99,2,2
20144,95,92,3,3
20145,130,144,-14,14
20146,113,111,2,2
20147,79,86,-7,7
20148,88,84,4,4
20149,109,109,0,0
20150,98,88,10,10
20151,70,68,2,2
20152,92,81,11,11
20153,157,166,-9,9
20154,44,55,-11,11
20155,95,88,7,7
20156,87,81,6,6
20157,109,93,16,16
20158,111,112,-1,1
20159,86,83,3,3
20160,149,151,-2,2
20161,111,109,2,2
20162,45,49,-4,4
20163,150,150,0,0
20164,89,80,9,9
20165,67,77,-10,10
20166,87,91,-4,4
20167,150,139,11,11
20168,124,105,19,19
20169,96,93,3,3
20170,125,125,0,0
20171,116,130,-14,14
20172,80,86,-6,6
20173,156,133,23,23
20174,159,161,-2,2
20175,108,104,4,4
20176,90,86,4,4
20177,117,109,8,8
20178,139,131,8,8
20179,87,85,2,2
20180,79,70,9,9
20181,103,108,-5,5
20182,157,144,13,13
20183,159,172,-13,13
20184,46,81,-35,35
20185,84,85,-1,1
20186,62,69,-7,7
20187,99,108,-9,9
20188,62,64,-2,2
20189,87,108,-21,21
20190,186,184,2,2
20191,104,97,7,7
20192,83,80,3,3
20193,82,79,3,3
20194,82,84,-2,2
20195,116,119,-3,3
20196,48,49,-1,1
20197,72,79,-7,7
20198,81,83,-2,2
20199,89,96,-7,7
20200,66,68,-2,2
20201,99,99,0,0
20202,97,94,3,3
20203,83,81,2,2
20204,57,54,3,3
20205,95,94,1,1
20206,81,83,-2,2
20207,77,87,-10,10
20208,65,61,4,4
20209,109,109,0,0
20210,58,60,-2,2
20211,38,53,-15,15
20212,109,111,-2,2
20213,128,124,4,4
20214,68,62,6,6
20215,134,134,0,0
20216,80,85,-5,5
20217,197,187,10,10
20218,105,110,-5,5
20219,78,77,1,1
20220,99,117,-18,18
20221,88,88,0,0
20222,105,107,-2,2
20223,63,77,-14,14
20224,76,105,-29,29
20225,80,85,-5,5
20226,68,74,-6,6
20227,97,98,-1,1
20228,107,97,10,10
20229,96,79,17,17
20230,120,126,-6,6
20231,110,104,6,6
20232,67,70,-3,3
20233,154,142,12,12
20234,133,120,13,13
20235,98,94,4,4
20236,93,92,1,1
20237,93,91,2,2
20238,95,98,-3,3
20239,96,92,4,4
20240,66,66,0,0
20241,54,59,-5,5
20242,89,87,2,2
20243,165,154,11,11
20244,189,180,9,9
20245,62,67,-5,5
20246,49,53,-4,4
20247,59,59,0,0
20248,82,79,3,3
20249,75,79,-4,4
20250,121,116,5,5
20251,116,100,16,16
20252,185,183,2,2
20253,139,139,0,0
20254,73,82,-9,9
20255,147,146,1,1
20256,109,119,-10,10
20257,119,116,3,3
20258,83,76,7,7
20259,122,129,-7,7
20260,84,92,-8,8
20261,130,124,6,6
20262,137,145,-8,8
20263,96,100,-4,4
20264,81,79,2,2
20265,123,117,6,6
20266,83,70,13,13
20267,104,99,5,5
20268,121,110,11,11
20269,130,123,7,7
20270,104,101,3,3
20271,107,95,12,12
20272,121,115,6,6
20273,76,79,-3,3
20274,59,64,-5,5
20275,127,131,-4,4
20276,179,188,-9,9
20277,70,74,-4,4
20278,83,85,-2,2
20279,83,92,-9,9
20280,52,66,-14,14
20281,58,68,-10,10
20282,116,123,-7,7
20283,57,65,-8,8
20284,107,105,2,2
20285,164,161,3,3
20286,110,109,1,1
20287,101,101,0,0
20288,159,152,7,7
20289,103,116,-13,13
20290,133,140,-7,7
20291,59,75,-16,16
20292,93,110,-17,17
20293,129,121,8,8
20294,49,61,-12,12
20295,98,97,1,1
20296,100,96,4,4
20297,131,133,-2,2
20298,140,141,-1,1
20299,87,89,-2,2
20300,138,128,10,10
20301,145,145,0,0
20302,124,119,5,5
20303,111,113,-2,2
20304,128,120,8,8
20305,83,74,9,9
20306,90,101,-11,11
20307,96,95,1,1
20308,160,154,6,6
20309,75,76,-1,1
20310,83,92,-9,9
20311,115,111,4,4
20312,78,84,-6,6
20313,91,90,1,1
20314,60,55,5,5
20315,92,88,4,4
20316,107,94,13,13
20317,94,102,-8,8
20318,75,110,-35,35
20319,60,60,0,0
20320,58,70,-12,12
20321,103,109,-6,6
20322,68,67,1,1
20323,141,133,8,8
20324,89,98,-9,9
20325,172,156,16,16
20326,147,145,2,2
20327,94,86,8,8
20328,128,126,2,2
20329,76,78,-2,2
20330,97,90,7,7
20331,110,110,0,0
20332,89,90,-1,1
20333,72,67,5,5
20334,104,113,-9,9
20335,82,101,-19,19
20336,87,83,4,4
20337,96,95,1,1
20338,94,112,-18,18
20339,158,165,-7,7
20340,102,103,-1,1
20341,62,67,-5,5
20342,53,63,-10,10
20343,98,97,1,1
20344,96,93,3,3
20345,79,86,-7,7
20346,131,118,13,13
20347,44,50,-6,6
20348,102,90,12,12
20349,69,71,-2,2
20350,106,113,-7,7
20351,128,135,-7,7
20352,49,56,-7,7
20353,123,116,7,7
20354,191,166,25,25
20355,116,109,7,7
20356,127,121,6,6
20357,42,44,-2,2
20358,124,102,22,22
20359,92,102,-10,10
20360,143,130,13,13
20361,68,69,-1,1
20362,111,110,1,1
20363,120,133,-13,13
20364,93,87,6,6
20365,46,55,-9,9
20366,116,115,1,1
20367,84,82,2,2
20368,39,46,-7,7
20369,70,64,6,6
20370,59,74,-15,15
20371,107,127,-20,20
20372,59,57,2,2
20373,115,111,4,4
20374,92,102,-10,10
20375,105,117,-12,12
20376,110,107,3,3
20377,60,58,2,2
20378,119,110,9,9
20379,106,114,-8,8
20380,90,91,-1,1
20381,63,66,-3,3
20382,103,99,4,4
20383,105,114,-9,9
20384,98,100,-2,2
20385,48,51,-3,3
20386,110,134,-24,24
20387,119,108,11,11
20388,86,92,-6,6
20389,82,97,-15,15
20390,65,63,2,2
20391,89,89,0,0
20392,118,124,-6,6
20393,146,134,12,12
20394,65,70,-5,5
20395,125,126,-1,1
20396,87,90,-3,3
20397,89,96,-7,7
20398,75,77,-2,2
20399,87,85,2,2
20400,130,134,-4,4
20401,51,54,-3,3
20402,129,137,-8,8
20403,81,80,1,1
20404,80,75,5,5
20405,66,70,-4,4
20406,47,51,-4,4
20407,103,108,-5,5
20408,77,87,-10,10
20409,60,63,-3,3
20410,133,131,2,2
20411,66,68,-2,2
20412,161,151,10,10
20413,101,109,-8,8
20414,80,85,-5,5
20415,124,130,-6,6
20416,140,134,6,6
20417,120,112,8,8
20418,141,135,6,6
20419,90,92,-2,2
20420,54,60,-6,6
20421,63,59,4,4
20422,115,118,-3,3
20423,59,70,-11,11
20424,68,73,-5,5
20425,51,52,-1,1
20426,56,61,-5,5
20427,69,82,-13,13
20428,71,72,-1,1
20429,103,110,-7,7
20430,94,100,-6,6
20431,157,171,-14,14
20432,122,115,7,7
20433,111,111,0,0
20434,120,130,-10,10
20435,103,94,9,9
20436,62,66,-4,4
20437,130,133,-3,3
20438,81,82,-1,1
20439,166,147,19,19
20440,79,86,-7,7
20441,90,94,-4,4
20442,91,95,-4,4
20443,44,43,1,1
20444,87,92,-5,5
20445,117,119,-2,2
20446,101,109,-8,8
20447,106,119,-13,13
20448,102,94,8,8
20449,74,72,2,2
20450,175,165,10,10
20451,71,84,-13,13
20452,122,118,4,4
20453,165,161,4,4
20454,134,128,6,6
20455,192,176,16,16
20456,80,70,10,10
20457,65,62,3,3
20458,105,111,-6,6
20459,121,116,5,5
20460,84,87,-3,3
20461,106,111,-5,5
20462,91,87,4,4
20463,174,176,-2,2
20464,64,62,2,2
20465,58,65,-7,7
20466,76,66,10,10
20467,70,77,-7,7
20468,143,141,2,2
20469,92,88,4,4
20470,94,96,-2,2
20471,95,88,7,7
20472,119,114,5,5
20473,101,92,9,9
20474,110,110,0,0
20475,144,156,-12,12
20476,129,140,-11,11
20477,79,76,3,3
20478,99,103,-4,4
20479,85,81,4,4
20480,142,134,8,8
20481,77,86,-9,9
20482,62,63,-1,1
20483,122,126,-4,4
20484,106,113,-7,7
20485,52,51,1,1
20486,79,87,-8,8
20487,95,85,10,10
20488,77,84,-7,7
20489,89,88,1,1
20490,70,74,-4,4
20491,97,95,2,2
20492,100,110,-10,10
20493,79,71,8,8
20494,138,139,-1,1
20495,123,111,12,12
20496,152,130,22,22
20497,135,135,0,0
20498,83,85,-2,2
20499,118,108,10,10
20500,91,86,5,5
20501,83,87,-4,4
20502,77,77,0,0
20503,69,69,0,0
20504,68,71,-3,3
20505,139,136,3,3
20506,171,166,5,5
20507,80,82,-2,2
20508,83,80,3,3
20509,108,108,0,0
20510,92,94,-2,2
20511,59,61,-2,2
20512,74,73,1,1
20513,62,60,2,2
20514,138,134,4,4
20515,55,57,-2,2
20516,85,82,3,3
20517,77,75,2,2
20518,39,39,0,0
20519,65,70,-5,5
20520,109,117,-8,8
20521,91,94,-3,3
20522,74,71,3,3
20523,74,77,-3,3
20524,154,148,6,6
20525,153,147,6,6
20526,40,36,4,4
20527,110,113,-3,3
20528,63,60,3,3
20529,114,111,3,3
20530,114,125,-11,11
20531,62,75,-13,13
20532,81,73,8,8
20533,49,51,-2,2
20534,63,61,2,2
20535,93,89,4,4
20536,76,70,6,6
20537,146,145,1,1
20538,87,79,8,8
20539,162,150,12,12
20540,91,99,-8,8
20541,107,126,-19,19
20542,82,88,-6,6
20543,97,89,8,8
20544,42,43,-1,1
20545,81,82,-1,1
20546,115,114,1,1
20547,120,115,5,5
20548,62,68,-6,6
20549,131,141,-10,10
20550,82,85,-3,3
20551,59,62,-3,3
20552,127,135,-8,8
20553,100,88,12,12
20554,92,87,5,5
20555,55,62,-7,7
20556,111,110,1,1
20557,92,90,2,2
20558,111,116,-5,5
20559,189,161,28,28
20560,93,80,13,13
20561,61,60,1,1
20562,50,47,3,3
20563,62,66,-4,4
20564,46,51,-5,5
20565,145,149,-4,4
20566,82,86,-4,4
20567,83,83,0,0
20568,78,75,3,3
20569,69,65,4,4
20570,117,105,12,12
20571,142,137,5,5
20572,111,115,-4,4
20573,72,69,3,3
20574,95,90,5,5
20575,141,127,14,14
20576,179,169,10,10
20577,85,89,-4,4
20578,286,246,40,40
20579,87,76,11,11
20580,93,89,4,4
20581,87,83,4,4
20582,49,52,-3,3
20583,87,87,0,0
20584,143,118,25,25
20585,98,107,-9,9
20586,70,74,-4,4
20587,112,116,-4,4
20588,53,58,-5,5
20589,55,61,-6,6
20590,88,85,3,3
20591,113,116,-3,3
20592,86,88,-2,2
20593,59,54,5,5
20594,62,62,0,0
20595,71,79,-8,8
20596,102,125,-23,23
20597,69,74,-5,5
20598,117,118,-1,1
20599,79,82,-3,3
20600,131,132,-1,1
20601,45,51,-6,6
20602,81,82,-1,1
20603,62,74,-12,12
20604,82,89,-7,7
20605,86,82,4,4
20606,52,50,2,2
20607,79,81,-2,2
20608,108,98,10,10
20609,62,67,-5,5
20610,94,94,0,0
20611,74,86,-12,12
20612,136,127,9,9
20613,151,137,14,14
20614,145,153,-8,8
20615,99,96,3,3
20616,169,181,-12,12
20617,69,73,-4,4
20618,54,55,-1,1
20619,93,82,11,11
20620,106,106,0,0
20621,77,77,0,0
20622,100,111,-11,11
20623,96,110,-14,14
20624,56,58,-2,2
20625,99,91,8,8
20626,115,117,-2,2
20627,90,87,3,3
20628,56,65,-9,9
20629,83,75,8,8
20630,117,111,6,6
20631,75,79,-4,4
20632,88,87,1,1
20633,80,82,-2,2
20634,150,129,21,21
20635,126,113,13,13
20636,92,87,5,5
20637,117,115,2,2
20638,75,78,-3,3
20639,92,83,9,9
20640,72,74,-2,2
20641,45,51,-6,6
20642,55,71,-16,16
20643,123,131,-8,8
20644,127,119,8,8
20645,128,133,-5,5
20646,161,157,4,4
20647,130,123,7,7
20648,87,80,7,7
20649,223,181,42,42
20650,79,83,-4,4
20651,155,144,11,11
20652,77,80,-3,3
20653,82,72,10,10
20654,101,109,-8,8
20655,89,93,-4,4
20656,106,110,-4,4
20657,68,61,7,7
20658,98,106,-8,8
20659,102,110,-8,8
20660,88,78,10,10
20661,102,100,2,2
20662,173,158,15,15
20663,52,63,-11,11
20664,114,114,0,0
20665,85,74,11,11
20666,86,87,-1,1
20667,77,72,5,5
20668,81,81,0,0
20669,89,83,6,6
20670,149,140,9,9
20671,68,75,-7,7
20672,77,74,3,3
20673,83,84,-1,1
20674,71,70,1,1
20675,71,72,-1,1
20676,91,96,-5,5
20677,56,71,-15,15
20678,80,85,-5,5
20679,129,120,9,9
20680,95,95,0,0
20681,114,108,6,6
20682,149,138,11,11
20683,74,74,0,0
20684,84,74,10,10
20685,72,67,5,5
20686,119,117,2,2
20687,82,77,5,5
20688,94,118,-24,24
20689,89,105,-16,16
20690,45,49,-4,4
20691,77,68,9,9
20692,169,167,2,2
20693,100,86,14,14
20694,114,110,4,4
20695,95,92,3,3
20696,97,115,-18,18
20697,224,208,16,16
20698,96,98,-2,2
20699,66,72,-6,6
20700,97,94,3,3
20701,113,111,2,2
20702,107,112,-5,5
20703,59,72,-13,13
20704,148,159,-11,11
20705,66,55,11,11
20706,151,156,-5,5
20707,87,83,4,4
20708,119,111,8,8
20709,63,58,5,5
20710,122,114,8,8
20711,75,73,2,2
20712,142,138,4,4
20713,33,40,-7,7
20714,86,88,-2,2
20715,33,41,-8,8
20716,144,125,19,19
20717,124,120,4,4
20718,77,79,-2,2
20719,144,142,2,2
20720,88,95,-7,7
20721,87,93,-6,6
20722,45,45,0,0
20723,104,90,14,14
20724,70,76,-6,6
20725,87,87,0,0
20726,139,139,0,0
20727,136,139,-3,3
20728,85,78,7,7
20729,106,112,-6,6
20730,134,129,5,5
20731,98,94,4,4
20732,77,82,-5,5
20733,131,133,-2,2
20734,125,146,-21,21
20735,76,75,1,1
20736,110,101,9,9
20737,123,115,8,8
20738,56,51,5,5
20739,62,66,-4,4
20740,59,59,0,0
20741,96,107,-11,11
20742,107,97,10,10
20743,126,136,-10,10
20744,114,118,-4,4
20745,85,91,-6,6
20746,63,58,5,5
20747,59,77,-18,18
20748,80,75,5,5
20749,93,87,6,6
20750,82,90,-8,8
20751,73,71,2,2
20752,133,127,6,6
20753,145,130,15,15
20754,78,79,-1,1
20755,89,88,1,1
20756,81,82,-1,1
20757,100,100,0,0
20758,129,139,-10,10
20759,80,85,-5,5
20760,122,117,5,5
20761,26,44,-18,18
20762,151,146,5,5
20763,118,127,-9,9
20764,146,136,10,10
20765,75,75,0,0
20766,80,99,-19,19
20767,52,67,-15,15
20768,128,113,15,15
20769,76,90,-14,14
20770,73,76,-3,3
20771,55,64,-9,9
20772,94,95,-1,1
20773,115,110,5,5
20774,70,71,-1,1
20775,125,114,11,11
20776,50,48,2,2
20777,90,93,-3,3
20778,110,109,1,1
20779,120,125,-5,5
20780,62,67,-5,5
20781,78,90,-12,12
20782,132,133,-1,1
20783,46,48,-2,2
20784,140,152,-12,12
20785,97,92,5,5
20786,53,56,-3,3
20787,93,94,-1,1
20788,145,137,8,8
20789,84,86,-2,2
20790,121,126,-5,5
20791,124,126,-2,2
20792,65,63,2,2
20793,129,140,-11,11
20794,111,111,0,0
20795,81,70,11,11
20796,87,73,14,14
20797,64,70,-6,6
20798,92,88,4,4
20799,74,72,2,2
20800,78,75,3,3
20801,72,81,-9,9
20802,101,107,-6,6
20803,35,43,-8,8
20804,171,160,11,11
20805,54,56,-2,2
20806,155,171,-16,16
20807,151,150,1,1
20808,45,49,-4,4
20809,87,85,2,2
20810,115,111,4,4
20811,75,69,6,6
20812,89,90,-1,1
20813,134,124,10,10
20814,65,68,-3,3
20815,51,52,-1,1
20816,33,38,-5,5
20817,85,98,-13,13
20818,114,116,-2,2
20819,120,120,0,0
20820,83,85,-2,2
20821,106,113,-7,7
20822,41,48,-7,7
20823,101,120,-19,19
20824,134,127,7,7
20825,132,132,0,0
20826,53,49,4,4
20827,89,84,5,5
20828,120,124,-4,4
20829,106,116,-10,10
20830,165,149,16,16
20831,59,72,-13,13
20832,77,78,-1,1
20833,105,101,4,4
20834,113,116,-3,3
20835,85,89,-4,4
20836,57,57,0,0
20837,101,113,-12,12
20838,109,110,-1,1
20839,129,132,-3,3
20840,75,90,-15,15
20841,143,141,2,2
20842,48,51,-3,3
20843,115,124,-9,9
20844,57,110,-53,53
20845,76,73,3,3
20846,79,79,0,0
20847,107,104,3,3
20848,61,70,-9,9
20849,134,136,-2,2
20850,93,93,0,0
20851,141,142,-1,1
20852,81,74,7,7
20853,65,74,-9,9
20854,148,144,4,4
20855,70,81,-11,11
20856,78,89,-11,11
20857,46,49,-3,3
20858,108,112,-4,4
20859,94,97,-3,3
20860,165,164,1,1
20861,83,93,-10,10
20862,131,131,0,0
20863,91,83,8,8
20864,86,117,-31,31
20865,99,101,-2,2
20866,111,97,14,14
20867,93,90,3,3
20868,82,68,14,14
20869,60,70,-10,10
20870,89,86,3,3
20871,153,155,-2,2
20872,102,102,0,0
20873,92,98,-6,6
20874,102,99,3,3
20875,118,127,-9,9
20876,75,70,5,5
20877,176,168,8,8
20878,129,126,3,3
20879,69,81,-12,12
20880,83,81,2,2
20881,124,120,4,4
20882,68,64,4,4
20883,102,104,-2,2
20884,63,63,0,0
20885,96,113,-17,17
20886,120,130,-10,10
20887,75,80,-5,5
20888,111,114,-3,3
20889,181,165,16,16
20890,82,84,-2,2
20891,132,129,3,3
20892,48,73,-25,25
20893,75,80,-5,5
20894,64,64,0,0
20895,41,45,-4,4
20896,64,80,-16,16
20897,97,99,-2,2
20898,77,85,-8,8
20899,91,87,4,4
20900,51,55,-4,4
20901,68,73,-5,5
20902,121,129,-8,8
20903,86,82,4,4
20904,59,64,-5,5
20905,107,110,-3,3
20906,84,89,-5,5
20907,55,56,-1,1
20908,76,91,-15,15
20909,93,84,9,9
20910,40,44,-4,4
20911,118,102,16,16
20912,156,156,0,0
20913,126,123,3,3
20914,74,72,2,2
20915,96,99,-3,3
20916,121,120,1,1
20917,76,69,7,7
20918,122,137,-15,15
20919,89,81,8,8
20920,59,58,1,1
20921,84,70,14,14
20922,83,78,5,5
20923,73,70,3,3
20924,63,59,4,4
20925,64,71,-7,7
20926,125,115,10,10
20927,101,89,12,12
20928,122,135,-13,13
20929,63,64,-1,1
20930,107,113,-6,6
20931,68,68,0,0
20932,74,73,1,1
20933,102,109,-7,7
20934,119,125,-6,6
20935,106,97,9,9
20936,66,70,-4,4
20937,87,89,-2,2
20938,85,86,-1,1
20939,66,60,6,6
20940,145,141,4,4
20941,180,159,21,21
20942,75,78,-3,3
20943,63,76,-13,13
20944,144,144,0,0
20945,66,71,-5,5
20946,49,48,1,1
20947,98,98,0,0
20948,77,66,11,11
20949,105,107,-2,2
20950,81,100,-19,19
20951,92,83,9,9
20952,104,112,-8,8
20953,151,149,2,2
20954,51,53,-2,2
20955,124,135,-11,11
20956,84,84,0,0
20957,58,63,-5,5
20958,108,101,7,7
20959,41,45,-4,4
20960,151,143,8,8
20961,113,102,11,11
20962,138,134,4,4
20963,70,78,-8,8
20964,106,112,-6,6
20965,95,102,-7,7
20966,121,123,-2,2
20967,66,65,1,1
20968,98,94,4,4
20969,70,72,-2,2
20970,142,139,3,3
20971,139,143,-4,4
20972,62,63,-1,1
20973,138,147,-9,9
20974,70,69,1,1
20975,138,117,21,21
20976,105,99,6,6
20977,61,61,0,0
20978,113,120,-7,7
20979,173,154,19,19
20980,94,90,4,4
20981,90,83,7,7
20982,112,111,1,1
20983,43,43,0,0
20984,140,144,-4,4
20985,197,199,-2,2
20986,116,109,7,7
20987,229,205,24,24
20988,119,116,3,3
20989,80,68,12,12
20990,115,120,-5,5
20991,61,67,-6,6
20992,41,47,-6,6
20993,101,95,6,6
20994,185,185,0,0
20995,46,50,-4,4
20996,221,205,16,16
20997,113,109,4,4
20998,60,65,-5,5
20999,116,98,18,18
21000,125,123,2,2
21001,99,98,1,1
21002,97,116,-19,19
21003,171,156,15,15
21004,79,83,-4,4
21005,73,72,1,1
21006,80,87,-7,7
21007,148,138,10,10
21008,111,125,-14,14
21009,110,115,-5,5
21010,84,90,-6,6
21011,60,70,-10,10
21012,94,87,7,7
21013,57,61,-4,4
21014,118,119,-1,1
21015,115,116,-1,1
21016,118,129,-11,11
21017,133,124,9,9
21018,67,71,-4,4
21019,148,145,3,3
21020,34,86,-52,52
21021,59,59,0,0
21022,71,72,-1,1
21023,59,56,3,3
21024,58,73,-15,15
21025,61,55,6,6
21026,105,101,4,4
21027,144,144,0,0
21028,135,134,1,1
21029,120,120,0,0
21030,180,174,6,6
21031,177,156,21,21
21032,115,133,-18,18
21033,138,131,7,7
21034,113,97,16,16
21035,97,95,2,2
21036,88,82,6,6
21037,108,120,-12,12
21038,106,102,4,4
21039,81,77,4,4
21040,105,103,2,2
21041,30,34,-4,4
21042,97,99,-2,2
21043,39,42,-3,3
21044,57,54,3,3
21045,92,115,-23,23
21046,85,79,6,6
21047,94,87,7,7
21048,165,156,9,9
21049,119,122,-3,3
21050,120,115,5,5
21051,139,129,10,10
21052,42,44,-2,2
21053,78,78,0,0
21054,78,81,-3,3
21055,73,68,5,5
21056,84,83,1,1
21057,159,152,7,7
21058,84,83,1,1
21059,133,130,3,3
21060,87,93,-6,6
21061,147,136,11,11
21062,83,81,2,2
21063,51,57,-6,6
21064,107,108,-1,1
21065,62,62,0,0
21066,94,89,5,5
21067,62,62,0,0
21068,79,79,0,0
21069,177,156,21,21
21070,104,86,18,18
21071,85,94,-9,9
21072,100,97,3,3
21073,69,68,1,1
21074,119,125,-6,6
21075,90,76,14,14
21076,82,77,5,5
21077,54,52,2,2
21078,115,103,12,12
21079,74,68,6,6
21080,113,110,3,3
21081,56,60,-4,4
21082,68,76,-8,8
21083,195,184,11,11
21084,150,135,15,15
21085,62,73,-11,11
21086,71,74,-3,3
21087,81,79,2,2
21088,131,132,-1,1
21089,90,82,8,8
21090,86,95,-9,9
21091,168,175,-7,7
21092,101,96,5,5
21093,109,108,1,1
21094,71,111,-40,40
21095,67,71,-4,4
21096,115,112,3,3
21097,95,110,-15,15
21098,84,79,5,5
21099,74,84,-10,10
21100,69,66,3,3
21101,63,70,-7,7
21102,127,124,3,3
21103,82,87,-5,5
21104,78,76,2,2
21105,78,80,-2,2
21106,147,138,9,9
21107,96,94,2,2
21108,72,84,-12,12
21109,65,63,2,2
21110,107,110,-3,3
21111,119,110,9,9
21112,101,94,7,7
21113,162,149,13,13
21114,119,119,0,0
21115,93,94,-1,1
21116,102,108,-6,6
21117,145,142,3,3
21118,94,92,2,2
21119,83,85,-2,2
21120,166,155,11,11
21121,63,68,-5,5
21122,90,89,1,1
21123,53,55,-2,2
21124,103,110,-7,7
21125,117,112,5,5
21126,99,97,2,2
21127,44,48,-4,4
21128,149,143,6,6
21129,104,99,5,5
21130,225,220,5,5
21131,101,102,-1,1
21132,101,97,4,4
21133,76,71,5,5
21134,80,79,1,1
21135,70,65,5,5
21136,130,107,23,23
21137,148,138,10,10
21138,70,82,-12,12
21139,137,147,-10,10
21140,59,57,2,2
21141,71,76,-5,5
21142,134,130,4,4
21143,116,109,7,7
21144,104,108,-4,4
21145,63,71,-8,8
21146,61,62,-1,1
21147,89,115,-26,26
21148,61,59,2,2
21149,97,96,1,1
21150,102,100,2,2
21151,63,66,-3,3
21152,165,159,6,6
21153,88,98,-10,10
21154,112,97,15,15
21155,90,87,3,3
21156,179,176,3,3
21157,89,94,-5,5
21158,19,26,-7,7
21159,123,118,5,5
21160,111,138,-27,27
21161,89,86,3,3
21162,86,99,-13,13
21163,92,97,-5,5
21164,93,87,6,6
21165,91,90,1,1
21166,70,69,1,1
21167,105,108,-3,3
21168,85,81,4,4
21169,78,72,6,6
21170,112,115,-3,3
21171,96,97,-1,1
21172,54,59,-5,5
21173,121,111,10,10
21174,131,128,3,3
21175,66,71,-5,5
21176,61,69,-8,8
21177,80,77,3,3
21178,89,86,3,3
21179,74,64,10,10
21180,65,79,-14,14
21181,101,109,-8,8
21182,97,89,8,8
21183,108,113,-5,5
21184,96,101,-5,5
21185,132,128,4,4
21186,62,59,3,3
21187,82,72,10,10
21188,154,140,14,14
21189,82,80,2,2
21190,50,52,-2,2
21191,68,63,5,5
21192,124,131,-7,7
21193,74,70,4,4
21194,149,149,0,0
21195,59,67,-8,8
21196,56,57,-1,1
21197,58,59,-1,1
21198,151,158,-7,7
21199,113,112,1,1
21200,74,101,-27,27
21201,71,70,1,1
21202,86,83,3,3
21203,65,62,3,3
21204,69,75,-6,6
21205,161,158,3,3
21206,89,92,-3,3
21207,36,42,-6,6
21208,55,53,2,2
21209,97,93,4,4
21210,89,82,7,7
21211,64,62,2,2
21212,98,101,-3,3
21213,89,84,5,5
21214,44,42,2,2
21215,162,156,6,6
21216,126,135,-9,9
21217,82,83,-1,1
21218,77,88,-11,11
21219,81,84,-3,3
21220,137,135,2,2
21221,69,68,1,1
21222,86,85,1,1
21223,67,70,-3,3
21224,101,97,4,4
21225,74,80,-6,6
21226,71,72,-1,1
21227,66,67,-1,1
21228,104,111,-7,7
21229,111,126,-15,15
21230,86,90,-4,4
21231,96,97,-1,1
21232,79,77,2,2
21233,183,189,-6,6
21234,89,84,5,5
21235,133,126,7,7
21236,80,80,0,0
21237,72,71,1,1
21238,109,97,12,12
21239,107,107,0,0
21240,84,78,6,6
21241,67,63,4,4
21242,102,97,5,5
21243,66,176,-110,110
21244,132,138,-6,6
21245,103,109,-6,6
21246,91,94,-3,3
21247,111,113,-2,2
21248,110,109,1,1
21249,156,156,0,0
21250,44,43,1,1
21251,48,48,0,0
21252,79,87,-8,8
21253,58,53,5,5
21254,134,125,9,9
21255,105,109,-4,4
21256,79,76,3,3
21257,124,163,-39,39
21258,109,93,16,16
21259,79,73,6,6
21260,66,72,-6,6
21261,93,89,4,4
21262,93,95,-2,2
21263,85,96,-11,11
21264,92,89,3,3
21265,103,109,-6,6
21266,104,107,-3,3
21267,108,112,-4,4
21268,82,78,4,4
21269,92,98,-6,6
21270,41,42,-1,1
21271,47,53,-6,6
21272,79,79,0,0
21273,101,112,-11,11
21274,66,70,-4,4
21275,83,82,1,1
21276,89,78,11,11
21277,55,59,-4,4
21278,137,134,3,3
21279,92,85,7,7
21280,131,130,1,1
21281,99,96,3,3
21282,100,109,-9,9
21283,82,76,6,6
21284,57,62,-5,5
21285,74,79,-5,5
21286,79,81,-2,2
21287,83,81,2,2
21288,118,115,3,3
21289,133,160,-27,27
21290,129,132,-3,3
21291,70,85,-15,15
21292,145,143,2,2
21293,149,120,29,29
21294,113,123,-10,10
21295,56,62,-6,6
21296,44,43,1,1
21297,89,99,-10,10
21298,90,92,-2,2
21299,74,66,8,8
21300,117,109,8,8
21301,65,59,6,6
21302,48,51,-3,3
21303,92,88,4,4
21304,72,72,0,0
21305,83,76,7,7
21306,63,66,-3,3
21307,135,116,19,19
21308,147,153,-6,6
21309,142,154,-12,12
21310,122,112,10,10
21311,77,76,1,1
21312,106,107,-1,1
21313,65,70,-5,5
21314,70,68,2,2
21315,124,117,7,7
21316,100,97,3,3
21317,56,57,-1,1
21318,72,64,8,8
21319,83,79,4,4
21320,66,65,1,1
21321,45,49,-4,4
21322,162,163,-1,1
21323,85,86,-1,1
21324,115,115,0,0
21325,122,122,0,0
21326,72,69,3,3
21327,68,69,-1,1
21328,65,68,-3,3
21329,84,82,2,2
21330,161,147,14,14
21331,149,139,10,10
21332,109,111,-2,2
21333,57,64,-7,7
21334,85,82,3,3
21335,100,97,3,3
21336,171,140,31,31
21337,73,79,-6,6
21338,78,82,-4,4
21339,67,80,-13,13
21340,122,134,-12,12
21341,84,75,9,9
21342,171,156,15,15
21343,87,88,-1,1
21344,140,126,14,14
21345,86,97,-11,11
21346,85,91,-6,6
21347,50,50,0,0
21348,78,78,0,0
21349,67,62,5,5
21350,81,74,7,7
21351,75,77,-2,2
21352,91,91,0,0
21353,119,122,-3,3
21354,138,133,5,5
21355,58,57,1,1
21356,137,129,8,8
21357,88,97,-9,9
21358,122,119,3,3
21359,106,98,8,8
21360,101,108,-7,7
21361,88,90,-2,2
21362,83,74,9,9
21363,80,77,3,3
21364,111,113,-2,2
21365,183,175,8,8
21366,73,70,3,3
21367,97,89,8,8
21368,55,60,-5,5
21369,116,124,-8,8
21370,78,78,0,0
21371,99,98,1,1
21372,141,132,9,9
21373,56,56,0,0
21374,65,65,0,0
21375,72,71,1,1
21376,99,71,28,28
21377,96,86,10,10
21378,69,76,-7,7
21379,94,110,-16,16
21380,98,91,7,7
21381,55,61,-6,6
21382,107,108,-1,1
21383,68,67,1,1
21384,84,89,-5,5
21385,65,65,0,0
21386,177,158,19,19
21387,62,60,2,2
21388,182,163,19,19
21389,72,53,19,19
21390,151,148,3,3
21391,80,75,5,5
21392,122,126,-4,4
21393,136,125,11,11
21394,141,137,4,4
21395,88,83,5,5
21396,88,80,8,8
21397,127,129,-2,2
21398,92,98,-6,6
21399,74,70,4,4
21400,111,111,0,0
21401,204,198,6,6
21402,111,108,3,3
21403,59,56,3,3
21404,129,116,13,13
21405,107,107,0,0
21406,104,96,8,8
21407,76,78,-2,2
21408,113,119,-6,6
21409,110,113,-3,3
21410,69,62,7,7
21411,67,69,-2,2
21412,85,80,5,5
21413,94,94,0,0
21414,93,90,3,3
21415,90,90,0,0
21416,61,51,10,10
21417,56,51,5,5
21418,114,109,5,5
21419,71,63,8,8
21420,86,90,-4,4
21421,114,118,-4,4
21422,50,50,0,0
21423,155,152,3,3
21424,108,117,-9,9
21425,104,85,19,19
21426,89,85,4,4
21427,75,72,3,3
21428,149,149,0,0
21429,94,88,6,6
21430,63,77,-14,14
21431,127,139,-12,12
21432,103,108,-5,5
21433,90,81,9,9
21434,64,72,-8,8
21435,144,134,10,10
21436,119,112,7,7
21437,45,53,-8,8
21438,78,76,2,2
21439,45,56,-11,11
21440,113,116,-3,3
21441,89,94,-5,5
21442,122,126,-4,4
21443,93,95,-2,2
21444,54,56,-2,2
21445,89,80,9,9
21446,85,80,5,5
21447,101,106,-5,5
21448,132,145,-13,13
21449,47,45,2,2
21450,83,78,5,5
21451,89,79,10,10
21452,77,69,8,8
21453,150,135,15,15
21454,130,115,15,15
21455,85,85,0,0
21456,114,111,3,3
21457,155,152,3,3
21458,63,63,0,0
21459,94,96,-2,2
21460,42,44,-2,2
21461,138,144,-6,6
21462,78,83,-5,5
21463,79,78,1,1
21464,95,91,4,4
21465,80,70,10,10
21466,80,92,-12,12
21467,39,47,-8,8
21468,143,134,9,9
21469,88,84,4,4
21470,47,52,-5,5
21471,70,72,-2,2
21472,174,165,9,9
21473,148,145,3,3
21474,185,171,14,14
21475,122,134,-12,12
21476,138,136,2,2
21477,99,95,4,4
21478,50,52,-2,2
21479,104,93,11,11
21480,69,69,0,0
21481,127,124,3,3
21482,59,68,-9,9
21483,89,89,0,0
21484,81,85,-4,4
21485,64,70,-6,6
21486,124,127,-3,3
21487,75,83,-8,8
21488,102,96,6,6
21489,156,146,10,10
21490,81,81,0,0
21491,90,83,7,7
21492,58,69,-11,11
21493,153,134,19,19
21494,100,97,3,3
21495,133,123,10,10
21496,133,126,7,7
21497,68,73,-5,5
21498,104,108,-4,4
21499,74,74,0,0
21500,138,129,9,9
21501,83,85,-2,2
21502,125,141,-16,16
21503,98,106,-8,8
21504,92,85,7,7
21505,39,43,-4,4
21506,93,97,-4,4
21507,47,58,-11,11
21508,72,84,-12,12
21509,138,131,7,7
21510,81,84,-3,3
21511,102,107,-5,5
21512,146,141,5,5
21513,80,76,4,4
21514,76,68,8,8
21515,130,143,-13,13
21516,138,125,13,13
21517,69,78,-9,9
21518,134,124,10,10
21519,73,75,-2,2
21520,55,61,-6,6
21521,68,71,-3,3
21522,78,92,-14,14
21523,85,88,-3,3
21524,118,118,0,0
21525,80,80,0,0
21526,153,158,-5,5
21527,81,70,11,11
21528,85,84,1,1
21529,117,117,0,0
21530,126,130,-4,4
21531,34,39,-5,5
21532,72,68,4,4
21533,138,133,5,5
21534,82,87,-5,5
21535,113,118,-5,5
21536,63,70,-7,7
21537,80,70,10,10
21538,67,66,1,1
21539,117,134,-17,17
21540,120,113,7,7
21541,75,73,2,2
21542,117,113,4,4
21543,103,110,-7,7
21544,149,160,-11,11
21545,169,171,-2,2
21546,85,95,-10,10
21547,91,82,9,9
21548,121,125,-4,4
21549,95,115,-20,20
21550,123,130,-7,7
21551,36,47,-11,11
21552,71,72,-1,1
21553,106,103,3,3
21554,101,89,12,12
21555,60,78,-18,18
21556,68,65,3,3
21557,76,72,4,4
21558,91,83,8,8
21559,84,78,6,6
21560,97,100,-3,3
21561,75,79,-4,4
21562,44,46,-2,2
21563,78,62,16,16
21564,55,59,-4,4
21565,106,118,-12,12
21566,125,123,2,2
21567,185,166,19,19
21568,148,169,-21,21
21569,156,143,13,13
21570,128,126,2,2
21571,96,91,5,5
21572,99,92,7,7
21573,63,68,-5,5
21574,78,83,-5,5
21575,162,136,26,26
21576,75,72,3,3
21577,103,99,4,4
21578,110,102,8,8
21579,116,115,1,1
21580,51,54,-3,3
21581,126,124,2,2
21582,37,47,-10,10
21583,109,98,11,11
21584,115,121,-6,6
21585,70,69,1,1
21586,94,110,-16,16
21587,113,114,-1,1
21588,91,88,3,3
21589,71,73,-2,2
21590,55,58,-3,3
21591,63,70,-7,7
21592,59,62,-3,3
21593,81,79,2,2
21594,135,139,-4,4
21595,95,90,5,5
21596,67,76,-9,9
21597,80,79,1,1
21598,73,86,-13,13
21599,98,93,5,5
21600,104,96,8,8
21601,63,57,6,6
21602,60,55,5,5
21603,117,116,1,1
21604,60,61,-1,1
21605,127,126,1,1
21606,121,107,14,14
21607,118,115,3,3
21608,80,77,3,3
21609,77,78,-1,1
21610,104,92,12,12
21611,182,202,-20,20
21612,90,92,-2,2
21613,49,47,2,2
21614,86,86,0,0
21615,88,87,1,1
21616,114,108,6,6
21617,56,55,1,1
21618,66,60,6,6
21619,68,83,-15,15
21620,88,87,1,1
21621,45,67,-22,22
21622,231,218,13,13
21623,136,128,8,8
21624,69,69,0,0
21625,123,132,-9,9
21626,60,57,3,3
21627,72,70,2,2
21628,84,87,-3,3
21629,123,121,2,2
21630,58,68,-10,10
21631,58,58,0,0
21632,71,64,7,7
21633,97,88,9,9
21634,61,63,-2,2
21635,57,62,-5,5
21636,172,164,8,8
21637,62,61,1,1
21638,112,113,-1,1
21639,126,121,5,5
21640,85,83,2,2
21641,105,115,-10,10
21642,100,96,4,4
21643,117,132,-15,15
21644,76,86,-10,10
21645,85,84,1,1
21646,187,160,27,27
21647,145,140,5,5
21648,64,73,-9,9
21649,107,100,7,7
21650,140,136,4,4
21651,46,57,-11,11
21652,63,59,4,4
21653,93,91,2,2
21654,111,112,-1,1
21655,60,57,3,3
21656,120,114,6,6
21657,67,71,-4,4
21658,157,153,4,4
21659,133,133,0,0
21660,112,121,-9,9
21661,119,133,-14,14
21662,86,82,4,4
21663,128,131,-3,3
21664,109,107,2,2
21665,133,129,4,4
21666,62,60,2,2
21667,167,156,11,11
21668,122,114,8,8
21669,42,42,0,0
21670,66,63,3,3
21671,110,111,-1,1
21672,84,97,-13,13
21673,115,116,-1,1
21674,174,163,11,11
21675,85,84,1,1
21676,100,96,4,4
21677,56,62,-6,6
21678,72,70,2,2
21679,87,87,0,0
21680,70,87,-17,17
21681,76,73,3,3
21682,89,85,4,4
21683,69,69,0,0
21684,175,162,13,13
21685,191,174,17,17
21686,66,59,7,7
21687,145,146,-1,1
21688,127,115,12,12
21689,54,50,4,4
21690,70,66,4,4
21691,67,64,3,3
21692,77,75,2,2
21693,119,128,-9,9
21694,38,50,-12,12
21695,77,77,0,0
21696,49,50,-1,1
21697,63,78,-15,15
21698,40,37,3,3
21699,69,77,-8,8
21700,35,43,-8,8
21701,93,87,6,6
21702,61,76,-15,15
21703,50,47,3,3
21704,113,117,-4,4
21705,123,112,11,11
21706,75,76,-1,1
21707,94,89,5,5
21708,71,76,-5,5
21709,114,118,-4,4
21710,68,67,1,1
21711,129,142,-13,13
21712,61,61,0,0
21713,92,86,6,6
21714,76,66,10,10
21715,106,94,12,12
21716,123,118,5,5
21717,89,90,-1,1
21718,88,92,-4,4
21719,48,56,-8,8
21720,87,90,-3,3
21721,53,60,-7,7
21722,120,112,8,8
21723,105,111,-6,6
21724,117,113,4,4
21725,128,123,5,5
21726,173,161,12,12
21727,85,84,1,1
21728,97,87,10,10
21729,101,95,6,6
21730,67,72,-5,5
21731,71,72,-1,1
21732,89,81,8,8
21733,85,96,-11,11
21734,83,80,3,3
21735,78,74,4,4
21736,76,78,-2,2
21737,115,114,1,1
21738,68,64,4,4
21739,75,73,2,2
21740,106,90,16,16
21741,76,77,-1,1
21742,123,115,8,8
21743,82,83,-1,1
21744,82,87,-5,5
21745,162,157,5,5
21746,64,71,-7,7
21747,66,56,10,10
21748,48,45,3,3
21749,86,88,-2,2
21750,59,63,-4,4
21751,118,115,3,3
21752,75,76,-1,1
21753,138,127,11,11
21754,50,52,-2,2
21755,96,86,10,10
21756,68,70,-2,2
21757,83,84,-1,1
21758,93,111,-18,18
21759,78,85,-7,7
21760,45,44,1,1
21761,85,84,1,1
21762,123,114,9,9
21763,42,46,-4,4
21764,84,83,1,1
21765,123,120,3,3
21766,45,53,-8,8
21767,88,89,-1,1
21768,85,81,4,4
21769,79,68,11,11
21770,75,71,4,4
21771,125,127,-2,2
21772,33,47,-14,14
21773,84,87,-3,3
21774,117,124,-7,7
21775,79,78,1,1
21776,190,185,5,5
21777,112,116,-4,4
21778,86,91,-5,5
21779,115,111,4,4
21780,74,70,4,4
21781,85,86,-1,1
21782,28,34,-6,6
21783,45,50,-5,5
21784,115,112,3,3
21785,92,89,3,3
21786,78,73,5,5
21787,129,129,0,0
21788,119,110,9,9
21789,78,79,-1,1
21790,78,67,11,11
21791,211,190,21,21
21792,95,102,-7,7
21793,101,100,1,1
21794,163,153,10,10
21795,168,156,12,12
21796,109,108,1,1
21797,98,108,-10,10
21798,61,62,-1,1
21799,131,137,-6,6
21800,74,74,0,0
21801,66,75,-9,9
21802,130,125,5,5
21803,71,70,1,1
21804,135,140,-5,5
21805,88,81,7,7
21806,150,166,-16,16
21807,152,127,25,25
21808,117,99,18,18
21809,133,134,-1,1
21810,77,77,0,0
21811,75,72,3,3
21812,63,65,-2,2
21813,73,67,6,6
21814,72,72,0,0
21815,62,78,-16,16
21816,98,102,-4,4
21817,103,97,6,6
21818,167,185,-18,18
21819,73,78,-5,5
21820,68,63,5,5
21821,104,101,3,3
21822,96,99,-3,3
21823,165,162,3,3
21824,128,128,0,0
21825,147,141,6,6
21826,139,139,0,0
21827,156,142,14,14
21828,86,88,-2,2
21829,78,78,0,0
21830,78,74,4,4
21831,89,86,3,3
21832,115,106,9,9
21833,122,120,2,2
21834,47,62,-15,15
21835,60,73,-13,13
21836,87,101,-14,14
21837,77,79,-2,2
21838,115,109,6,6
21839,105,89,16,16
21840,120,119,1,1
21841,95,105,-10,10
21842,103,98,5,5
21843,57,55,2,2
21844,132,125,7,7
21845,118,107,11,11
21846,134,118,16,16
21847,85,95,-10,10
21848,130,138,-8,8
21849,107,115,-8,8
21850,112,106,6,6
21851,63,64,-1,1
21852,176,166,10,10
21853,83,78,5,5
21854,88,96,-8,8
21855,141,125,16,16
21856,121,115,6,6
21857,119,111,8,8
21858,51,60,-9,9
21859,60,64,-4,4
21860,103,87,16,16
21861,122,117,5,5
21862,79,75,4,4
21863,103,97,6,6
21864,86,72,14,14
21865,58,63,-5,5
21866,103,108,-5,5
21867,89,82,7,7
21868,94,87,7,7
21869,115,119,-4,4
21870,151,161,-10,10
21871,97,94,3,3
21872,88,82,6,6
21873,78,79,-1,1
21874,79,77,2,2
21875,51,54,-3,3
21876,77,88,-11,11
21877,98,87,11,11
21878,160,140,20,20
21879,114,116,-2,2
21880,95,99,-4,4
21881,77,82,-5,5
21882,75,76,-1,1
21883,142,138,4,4
21884,72,74,-2,2
21885,150,137,13,13
21886,67,74,-7,7
21887,104,108,-4,4
21888,95,99,-4,4
21889,116,111,5,5
21890,43,72,-29,29
21891,98,98,0,0
21892,85,75,10,10
21893,93,91,2,2
21894,106,101,5,5
21895,99,97,2,2
21896,179,167,12,12
21897,61,76,-15,15
21898,77,78,-1,1
21899,64,62,2,2
21900,90,93,-3,3
21901,106,118,-12,12
21902,67,65,2,2
21903,102,100,2,2
21904,94,49,45,45
21905,92,88,4,4
21906,81,68,13,13
21907,84,80,4,4
21908,131,139,-8,8
21909,96,99,-3,3
21910,89,86,3,3
21911,107,102,5,5
21912,73,81,-8,8
21913,81,76,5,5
21914,69,76,-7,7
21915,73,73,0,0
21916,150,149,1,1
21917,115,102,13,13
21918,90,85,5,5
21919,63,70,-7,7
21920,138,131,7,7
21921,125,131,-6,6
21922,111,109,2,2
21923,124,112,12,12
21924,37,44,-7,7
21925,114,114,0,0
21926,67,66,1,1
21927,116,120,-4,4
21928,134,148,-14,14
21929,58,64,-6,6
21930,75,70,5,5
21931,119,116,3,3
21932,94,86,8,8
21933,72,71,1,1
21934,144,144,0,0
21935,86,83,3,3
21936,112,113,-1,1
21937,57,58,-1,1
21938,121,132,-11,11
21939,118,114,4,4
21940,79,77,2,2
21941,53,51,2,2
21942,61,56,5,5
21943,90,94,-4,4
21944,114,116,-2,2
21945,101,108,-7,7
21946,180,176,4,4
21947,136,150,-14,14
21948,100,99,1,1
21949,107,111,-4,4
21950,95,102,-7,7
21951,75,79,-4,4
21952,86,89,-3,3
21953,71,79,-8,8
21954,126,129,-3,3
21955,125,124,1,1
21956,162,155,7,7
21957,71,74,-3,3
21958,60,57,3,3
21959,118,124,-6,6
21960,104,82,22,22
21961,117,116,1,1
21962,144,136,8,8
21963,78,80,-2,2
21964,95,93,2,2
21965,157,147,10,10
21966,70,70,0,0
21967,68,71,-3,3
21968,125,120,5,5
21969,111,95,16,16
21970,112,109,3,3
21971,118,103,15,15
21972,71,62,9,9
21973,126,114,12,12
21974,96,91,5,5
21975,59,73,-14,14
21976,82,93,-11,11
21977,101,109,-8,8
21978,80,84,-4,4
21979,61,60,1,1
21980,89,93,-4,4
21981,107,91,16,16
21982,55,61,-6,6
21983,99,95,4,4
21984,131,138,-7,7
21985,80,75,5,5
21986,110,92,18,18
21987,94,93,1,1
21988,32,35,-3,3
21989,105,102,3,3
21990,103,111,-8,8
21991,152,154,-2,2
21992,136,124,12,12
21993,78,73,5,5
21994,68,66,2,2
21995,68,82,-14,14
21996,36,35,1,1
21997,111,116,-5,5
21998,64,58,6,6
21999,70,71,-1,1
22000,89,87,2,2
22001,103,100,3,3
22002,79,79,0,0
22003,175,172,3,3
22004,103,110,-7,7
22005,84,81,3,3
22006,79,73,6,6
22007,93,99,-6,6
22008,124,123,1,1
22009,106,105,1,1
22010,144,131,13,13
22011,100,97,3,3
22012,70,71,-1,1
22013,122,128,-6,6
22014,101,98,3,3
22015,125,122,3,3
22016,94,90,4,4
22017,134,144,-10,10
22018,69,72,-3,3
22019,119,111,8,8
22020,106,98,8,8
22021,122,124,-2,2
22022,54,51,3,3
22023,89,87,2,2
22024,76,92,-16,16
22025,86,86,0,0
22026,144,130,14,14
22027,93,85,8,8
22028,105,113,-8,8
22029,101,108,-7,7
22030,81,93,-12,12
22031,85,83,2,2
22032,157,136,21,21
22033,112,117,-5,5
22034,76,78,-2,2
22035,85,93,-8,8
22036,141,124,17,17
22037,87,93,-6,6
22038,71,77,-6,6
22039,104,111,-7,7
22040,73,79,-6,6
22041,143,138,5,5
22042,92,99,-7,7
22043,80,83,-3,3
22044,98,100,-2,2
22045,80,74,6,6
22046,54,61,-7,7
22047,134,150,-16,16
22048,70,68,2,2
22049,114,112,2,2
22050,80,70,10,10
22051,90,85,5,5
22052,82,92,-10,10
22053,103,97,6,6
22054,82,81,1,1
22055,92,87,5,5
22056,82,78,4,4
22057,66,69,-3,3
22058,124,161,-37,37
22059,61,69,-8,8
22060,63,71,-8,8
22061,91,95,-4,4
22062,72,70,2,2
22063,54,68,-14,14
22064,87,84,3,3
22065,104,115,-11,11
22066,61,66,-5,5
22067,125,113,12,12
22068,129,133,-4,4
22069,33,39,-6,6
22070,97,101,-4,4
22071,73,88,-15,15
22072,154,143,11,11
22073,74,74,0,0
22074,125,129,-4,4
22075,54,57,-3,3
22076,68,75,-7,7
22077,91,84,7,7
22078,68,67,1,1
22079,92,110,-18,18
22080,117,102,15,15
22081,98,110,-12,12
22082,124,115,9,9
22083,71,78,-7,7
22084,66,63,3,3
22085,37,46,-9,9
22086,108,107,1,1
22087,59,59,0,0
22088,84,81,3,3
22089,162,151,11,11
22090,108,112,-4,4
22091,120,115,5,5
22092,102,112,-10,10
22093,68,85,-17,17
22094,146,125,21,21
22095,116,120,-4,4
22096,66,67,-1,1
22097,67,71,-4,4
22098,46,55,-9,9
22099,92,83,9,9
22100,150,137,13,13
22101,58,59,-1,1
22102,103,104,-1,1
22103,112,101,11,11
22104,90,99,-9,9
22105,98,96,2,2
22106,54,61,-7,7
22107,76,77,-1,1
22108,77,84,-7,7
22109,111,108,3,3
22110,118,123,-5,5
22111,125,124,1,1
22112,94,101,-7,7
22113,73,76,-3,3
22114,173,168,5,5
22115,155,157,-2,2
22116,120,131,-11,11
22117,86,79,7,7
22118,115,111,4,4
22119,149,138,11,11
22120,68,90,-22,22
22121,130,115,15,15
22122,65,67,-2,2
22123,63,50,13,13
22124,39,41,-2,2
22125,82,80,2,2
22126,74,65,9,9
22127,57,68,-11,11
22128,105,110,-5,5
22129,106,109,-3,3
22130,126,148,-22,22
22131,113,111,2,2
22132,109,112,-3,3
22133,95,98,-3,3
22134,86,74,12,12
22135,99,94,5,5
22136,65,75,-10,10
22137,70,71,-1,1
22138,66,61,5,5
22139,45,49,-4,4
22140,77,77,0,0
22141,50,59,-9,9
22142,105,101,4,4
22143,101,112,-11,11
22144,62,68,-6,6
22145,82,91,-9,9
22146,69,61,8,8
22147,122,141,-19,19
22148,147,144,3,3
22149,220,216,4,4
22150,69,70,-1,1
22151,93,89,4,4
22152,111,111,0,0
22153,152,153,-1,1
22154,124,124,0,0
22155,43,43,0,0
22156,112,96,16,16
22157,83,81,2,2
22158,140,140,0,0
22159,110,110,0,0
22160,71,80,-9,9
22161,96,112,-16,16
22162,148,150,-2,2
22163,53,48,5,5
22164,120,112,8,8
22165,188,186,2,2
22166,29,40,-11,11
22167,117,118,-1,1
22168,104,106,-2,2
22169,81,83,-2,2
22170,124,126,-2,2
22171,103,114,-11,11
22172,139,136,3,3
22173,79,65,14,14
22174,133,127,6,6
22175,112,119,-7,7
22176,99,110,-11,11
22177,101,94,7,7
22178,75,69,6,6
22179,110,111,-1,1
22180,121,121,0,0
22181,110,112,-2,2
22182,68,87,-19,19
22183,99,98,1,1
22184,67,76,-9,9
22185,72,79,-7,7
22186,151,136,15,15
22187,87,93,-6,6
22188,83,81,2,2
22189,58,71,-13,13
22190,56,57,-1,1
22191,72,69,3,3
22192,91,86,5,5
22193,61,58,3,3
22194,95,80,15,15
22195,101,90,11,11
22196,98,95,3,3
22197,128,137,-9,9
22198,183,171,12,12
22199,68,69,-1,1
22200,97,92,5,5
22201,74,73,1,1
22202,127,126,1,1
22203,91,89,2,2
22204,95,94,1,1
22205,83,82,1,1
22206,130,130,0,0
22207,143,79,64,64
22208,68,75,-7,7
22209,72,68,4,4
22210,81,80,1,1
22211,63,66,-3,3
22212,92,87,5,5
22213,70,82,-12,12
22214,114,120,-6,6
22215,119,100,19,19
22216,130,131,-1,1
22217,94,93,1,1
22218,104,109,-5,5
22219,99,109,-10,10
22220,55,64,-9,9
22221,111,116,-5,5
22222,101,93,8,8
22223,86,86,0,0
22224,89,89,0,0
22225,91,111,-20,20
22226,140,139,1,1
22227,74,74,0,0
22228,82,84,-2,2
22229,103,87,16,16
22230,104,94,10,10
22231,75,83,-8,8
22232,92,103,-11,11
22233,53,57,-4,4
22234,74,83,-9,9
22235,38,40,-2,2
22236,141,135,6,6
22237,91,90,1,1
22238,97,89,8,8
22239,115,112,3,3
22240,141,137,4,4
22241,72,83,-11,11
22242,87,90,-3,3
22243,114,115,-1,1
22244,96,86,10,10
22245,68,76,-8,8
22246,123,131,-8,8
22247,91,87,4,4
22248,91,87,4,4
22249,116,124,-8,8
22250,49,69,-20,20
22251,57,56,1,1
22252,124,126,-2,2
22253,88,97,-9,9
22254,129,127,2,2
22255,55,52,3,3
22256,188,174,14,14
22257,64,69,-5,5
22258,71,70,1,1
22259,45,51,-6,6
22260,93,105,-12,12
22261,68,67,1,1
22262,161,173,-12,12
22263,69,78,-9,9
22264,113,121,-8,8
22265,74,86,-12,12
22266,58,65,-7,7
22267,149,155,-6,6
22268,49,51,-2,2
22269,96,92,4,4
22270,122,119,3,3
22271,92,82,10,10
22272,124,125,-1,1
22273,93,93,0,0
22274,149,153,-4,4
22275,179,171,8,8
22276,147,148,-1,1
22277,121,123,-2,2
22278,62,63,-1,1
22279,50,55,-5,5
22280,54,55,-1,1
22281,104,92,12,12
22282,73,71,2,2
22283,101,101,0,0
22284,71,76,-5,5
22285,90,85,5,5
22286,71,70,1,1
22287,72,76,-4,4
22288,61,84,-23,23
22289,65,62,3,3
22290,81,79,2,2
22291,37,49,-12,12
22292,65,69,-4,4
22293,128,125,3,3
22294,55,80,-25,25
22295,55,66,-11,11
22296,131,116,15,15
22297,67,59,8,8
22298,138,140,-2,2
22299,66,66,0,0
22300,62,64,-2,2
22301,187,179,8,8
22302,127,120,7,7
22303,105,113,-8,8
22304,78,76,2,2
22305,94,92,2,2
22306,94,92,2,2
22307,108,110,-2,2
22308,135,130,5,5
22309,78,74,4,4
22310,87,89,-2,2
22311,59,60,-1,1
22312,134,145,-11,11
22313,89,81,8,8
22314,79,81,-2,2
22315,27,45,-18,18
22316,74,65,9,9
22317,56,63,-7,7
22318,121,128,-7,7
22319,88,91,-3,3
22320,145,148,-3,3
22321,99,101,-2,2
22322,127,116,11,11
22323,85,85,0,0
22324,91,75,16,16
22325,184,189,-5,5
22326,76,75,1,1
22327,86,85,1,1
22328,88,78,10,10
22329,156,149,7,7
22330,106,112,-6,6
22331,102,89,13,13
22332,106,100,6,6
22333,87,85,2,2
22334,60,66,-6,6
22335,82,79,3,3
22336,112,108,4,4
22337,118,124,-6,6
22338,75,65,10,10
22339,94,94,0,0
22340,57,62,-5,5
22341,96,92,4,4
22342,67,68,-1,1
22343,78,91,-13,13
22344,114,108,6,6
22345,70,69,1,1
22346,60,66,-6,6
22347,91,90,1,1
22348,86,81,5,5
22349,84,85,-1,1
22350,75,74,1,1
22351,133,143,-10,10
22352,193,170,23,23
22353,68,70,-2,2
22354,139,139,0,0
22355,57,73,-16,16
22356,110,115,-5,5
22357,83,91,-8,8
22358,159,132,27,27
22359,110,111,-1,1
22360,150,135,15,15
22361,95,108,-13,13
22362,139,130,9,9
22363,72,66,6,6
22364,147,134,13,13
22365,89,85,4,4
22366,136,137,-1,1
22367,47,43,4,4
22368,158,159,-1,1
22369,111,116,-5,5
22370,99,90,9,9
22371,112,112,0,0
22372,82,89,-7,7
22373,38,45,-7,7
22374,82,77,5,5
22375,80,81,-1,1
22376,119,110,9,9
22377,68,78,-10,10
22378,117,116,1,1
22379,76,76,0,0
22380,94,94,0,0
22381,68,67,1,1
22382,49,46,3,3
22383,59,61,-2,2
22384,135,143,-8,8
22385,111,114,-3,3
22386,102,93,9,9
22387,118,120,-2,2
22388,90,86,4,4
22389,62,68,-6,6
22390,104,107,-3,3
22391,120,114,6,6
22392,105,109,-4,4
22393,131,129,2,2
22394,103,112,-9,9
22395,117,115,2,2
22396,92,90,2,2
22397,70,72,-2,2
22398,108,112,-4,4
22399,71,70,1,1
22400,58,64,-6,6
22401,91,75,16,16
22402,98,90,8,8
22403,40,48,-8,8
22404,92,81,11,11
22405,100,109,-9,9
22406,138,147,-9,9
22407,132,122,10,10
22408,101,110,-9,9
22409,71,80,-9,9
22410,86,84,2,2
22411,107,109,-2,2
22412,85,84,1,1
22413,68,72,-4,4
22414,80,75,5,5
22415,125,121,4,4
22416,99,91,8,8
22417,122,117,5,5
22418,190,172,18,18
22419,109,90,19,19
22420,83,75,8,8
22421,121,142,-21,21
22422,79,91,-12,12
22423,142,159,-17,17
22424,63,64,-1,1
22425,66,65,1,1
22426,114,100,14,14
22427,80,79,1,1
22428,72,70,2,2
22429,190,186,4,4
22430,91,91,0,0
22431,152,141,11,11
22432,74,64,10,10
22433,88,93,-5,5
22434,181,183,-2,2
22435,118,121,-3,3
22436,131,127,4,4
22437,64,109,-45,45
22438,86,88,-2,2
22439,74,82,-8,8
22440,79,77,2,2
22441,99,99,0,0
22442,169,167,2,2
22443,68,60,8,8
22444,79,71,8,8
22445,181,165,16,16
22446,119,113,6,6
22447,120,111,9,9
22448,67,71,-4,4
22449,67,77,-10,10
22450,76,71,5,5
22451,87,80,7,7
22452,91,101,-10,10
22453,161,148,13,13
22454,58,57,1,1
22455,57,56,1,1
22456,95,87,8,8
22457,63,68,-5,5
22458,64,66,-2,2
22459,55,58,-3,3
22460,136,142,-6,6
22461,107,109,-2,2
22462,83,90,-7,7
22463,52,61,-9,9
22464,127,139,-12,12
22465,90,93,-3,3
22466,141,134,7,7
22467,87,94,-7,7
22468,99,96,3,3
22469,67,73,-6,6
22470,79,79,0,0
22471,102,107,-5,5
22472,168,172,-4,4
22473,154,153,1,1
22474,118,118,0,0
22475,68,82,-14,14
22476,109,110,-1,1
22477,41,44,-3,3
22478,65,71,-6,6
22479,108,102,6,6
22480,26,30,-4,4
22481,99,115,-16,16
22482,137,137,0,0
22483,180,178,2,2
22484,223,179,44,44
22485,103,98,5,5
22486,91,94,-3,3
22487,120,116,4,4
22488,73,68,5,5
22489,69,75,-6,6
22490,76,97,-21,21
22491,73,60,13,13
22492,41,44,-3,3
22493,143,148,-5,5
22494,121,137,-16,16
22495,97,109,-12,12
22496,86,95,-9,9
22497,80,86,-6,6
22498,105,115,-10,10
22499,111,98,13,13
22500,133,142,-9,9
22501,120,120,0,0
22502,156,163,-7,7
22503,100,107,-7,7
22504,41,48,-7,7
22505,94,107,-13,13
22506,59,56,3,3
22507,71,72,-1,1
22508,68,69,-1,1
22509,102,95,7,7
22510,134,133,1,1
22511,60,52,8,8
22512,169,147,22,22
22513,80,79,1,1
22514,126,150,-24,24
22515,146,135,11,11
22516,128,136,-8,8
22517,67,69,-2,2
22518,92,98,-6,6
22519,72,75,-3,3
22520,79,78,1,1
22521,102,97,5,5
22522,62,65,-3,3
22523,59,62,-3,3
22524,116,103,13,13
22525,96,90,6,6
22526,86,84,2,2
22527,68,76,-8,8
22528,90,92,-2,2
22529,90,82,8,8
22530,141,129,12,12
22531,109,110,-1,1
22532,51,66,-15,15
22533,107,102,5,5
22534,130,127,3,3
22535,103,102,1,1
22536,49,60,-11,11
22537,106,97,9,9
22538,87,86,1,1
22539,68,69,-1,1
22540,88,90,-2,2
22541,79,86,-7,7
22542,104,92,12,12
22543,94,93,1,1
22544,123,112,11,11
22545,98,86,12,12
22546,123,119,4,4
22547,104,109,-5,5
22548,60,68,-8,8
22549,70,81,-11,11
22550,89,86,3,3
22551,122,118,4,4
22552,55,55,0,0
22553,141,135,6,6
22554,80,81,-1,1
22555,97,98,-1,1
22556,126,116,10,10
22557,73,78,-5,5
22558,63,75,-12,12
22559,151,137,14,14
22560,109,105,4,4
22561,161,160,1,1
22562,80,81,-1,1
22563,126,113,13,13
22564,89,82,7,7
22565,95,89,6,6
22566,163,148,15,15
22567,121,112,9,9
22568,80,82,-2,2
22569,79,72,7,7
22570,94,89,5,5
22571,143,135,8,8
22572,95,92,3,3
22573,108,109,-1,1
22574,94,96,-2,2
22575,102,97,5,5
22576,84,89,-5,5
22577,80,76,4,4
22578,135,129,6,6
22579,98,83,15,15
22580,113,116,-3,3
22581,85,101,-16,16
22582,97,89,8,8
22583,67,71,-4,4
22584,135,131,4,4
22585,31,31,0,0
22586,154,158,-4,4
22587,136,135,1,1
22588,35,40,-5,5
22589,145,136,9,9
22590,76,71,5,5
22591,89,98,-9,9
22592,84,94,-10,10
22593,82,97,-15,15
22594,76,72,4,4
22595,88,93,-5,5
22596,85,75,10,10
22597,109,121,-12,12
22598,165,159,6,6
22599,88,97,-9,9
22600,54,56,-2,2
22601,93,84,9,9
22602,66,71,-5,5
22603,75,80,-5,5
22604,55,58,-3,3
22605,72,74,-2,2
22606,113,113,0,0
22607,127,127,0,0
22608,53,51,2,2
22609,94,98,-4,4
22610,90,90,0,0
22611,65,75,-10,10
22612,60,65,-5,5
22613,59,50,9,9
22614,107,109,-2,2
22615,93,107,-14,14
22616,128,118,10,10
22617,55,60,-5,5
22618,93,93,0,0
22619,79,76,3,3
22620,148,134,14,14
22621,129,126,3,3
22622,51,62,-11,11
22623,92,94,-2,2
22624,93,111,-18,18
22625,114,117,-3,3
22626,72,76,-4,4
22627,92,98,-6,6
22628,81,77,4,4
22629,69,78,-9,9
22630,93,88,5,5
22631,189,179,10,10
22632,71,73,-2,2
22633,87,82,5,5
22634,48,80,-32,32
22635,94,90,4,4
22636,116,131,-15,15
22637,62,69,-7,7
22638,240,216,24,24
22639,104,99,5,5
22640,80,90,-10,10
22641,66,58,8,8
22642,100,92,8,8
22643,133,131,2,2
22644,103,97,6,6
22645,137,141,-4,4
22646,165,153,12,12
22647,125,123,2,2
22648,86,79,7,7
22649,95,89,6,6
22650,103,113,-10,10
22651,140,123,17,17
22652,95,97,-2,2
22653,68,69,-1,1
22654,52,54,-2,2
22655,77,73,4,4
22656,121,117,4,4
22657,107,112,-5,5
22658,98,96,2,2
22659,100,93,7,7
22660,81,83,-2,2
22661,46,44,2,2
22662,162,160,2,2
22663,136,126,10,10
22664,85,88,-3,3
22665,83,74,9,9
22666,135,127,8,8
22667,39,39,0,0
22668,61,63,-2,2
22669,73,61,12,12
22670,87,75,12,12
22671,76,82,-6,6
22672,84,107,-23,23
22673,94,82,12,12
22674,163,168,-5,5
22675,80,87,-7,7
22676,86,109,-23,23
22677,152,142,10,10
22678,100,114,-14,14
22679,75,74,1,1
22680,92,86,6,6
22681,84,82,2,2
22682,144,140,4,4
22683,69,68,1,1
22684,109,116,-7,7
22685,109,98,11,11
22686,88,73,15,15
22687,67,70,-3,3
22688,115,110,5,5
22689,125,133,-8,8
22690,95,100,-5,5
22691,87,81,6,6
22692,98,99,-1,1
22693,83,95,-12,12
22694,101,97,4,4
22695,51,47,4,4
22696,108,109,-1,1
22697,136,143,-7,7
22698,208,216,-8,8
22699,121,121,0,0
22700,84,76,8,8
22701,86,78,8,8
22702,148,152,-4,4
22703,110,118,-8,8
22704,117,116,1,1
22705,96,97,-1,1
22706,69,69,0,0
22707,137,131,6,6
22708,66,62,4,4
22709,89,77,12,12
22710,44,50,-6,6
22711,136,130,6,6
22712,128,116,12,12
22713,73,78,-5,5
22714,155,158,-3,3
22715,89,73,16,16
22716,87,73,14,14
22717,147,140,7,7
22718,64,62,2,2
22719,37,38,-1,1
22720,122,118,4,4
22721,44,49,-5,5
22722,126,124,2,2
22723,60,71,-11,11
22724,148,146,2,2
22725,134,131,3,3
22726,87,78,9,9
22727,135,142,-7,7
22728,90,83,7,7
22729,60,57,3,3
22730,86,75,11,11
22731,150,151,-1,1
22732,59,69,-10,10
22733,111,103,8,8
22734,54,56,-2,2
22735,158,145,13,13
22736,135,123,12,12
22737,32,40,-8,8
22738,63,65,-2,2
22739,117,103,14,14
22740,83,86,-3,3
22741,54,60,-6,6
22742,151,144,7,7
22743,64,68,-4,4
22744,44,49,-5,5
22745,138,134,4,4
22746,48,60,-12,12
22747,123,113,10,10
22748,97,98,-1,1
22749,59,63,-4,4
22750,96,98,-2,2
22751,19,27,-8,8
22752,112,115,-3,3
22753,131,147,-16,16
22754,153,151,2,2
22755,100,107,-7,7
22756,183,182,1,1
22757,121,115,6,6
22758,129,124,5,5
22759,93,106,-13,13
22760,89,94,-5,5
22761,92,89,3,3
22762,81,100,-19,19
22763,133,127,6,6
22764,77,81,-4,4
22765,63,65,-2,2
22766,66,59,7,7
22767,74,81,-7,7
22768,150,158,-8,8
22769,76,82,-6,6
22770,68,60,8,8
22771,73,67,6,6
22772,93,91,2,2
22773,90,81,9,9
22774,81,95,-14,14
22775,59,52,7,7
22776,160,143,17,17
22777,47,46,1,1
22778,109,132,-23,23
22779,133,130,3,3
22780,114,121,-7,7
22781,89,81,8,8
22782,86,81,5,5
22783,95,85,10,10
22784,149,158,-9,9
22785,86,83,3,3
22786,112,114,-2,2
22787,61,109,-48,48
22788,32,39,-7,7
22789,141,137,4,4
22790,106,97,9,9
22791,62,67,-5,5
22792,98,97,1,1
22793,169,139,30,30
22794,75,91,-16,16
22795,113,110,3,3
22796,69,70,-1,1
22797,54,60,-6,6
22798,72,80,-8,8
22799,140,146,-6,6
22800,86,89,-3,3
22801,106,101,5,5
22802,81,81,0,0
22803,109,96,13,13
22804,120,110,10,10
22805,103,95,8,8
22806,201,183,18,18
22807,115,130,-15,15
22808,94,79,15,15
22809,110,123,-13,13
22810,90,92,-2,2
22811,117,110,7,7
22812,80,77,3,3
22813,136,131,5,5
22814,95,100,-5,5
22815,121,109,12,12
22816,38,45,-7,7
22817,100,90,10,10
22818,83,87,-4,4
22819,102,100,2,2
22820,100,104,-4,4
22821,67,70,-3,3
22822,88,122,-34,34
22823,68,65,3,3
22824,145,144,1,1
22825,86,85,1,1
22826,107,95,12,12
22827,85,96,-11,11
22828,102,103,-1,1
22829,132,133,-1,1
22830,61,63,-2,2
22831,70,64,6,6
22832,91,90,1,1
22833,139,139,0,0
22834,51,55,-4,4
22835,39,42,-3,3
22836,100,89,11,11
22837,93,93,0,0
22838,89,97,-8,8
22839,92,98,-6,6
22840,35,41,-6,6
22841,93,84,9,9
22842,64,67,-3,3
22843,62,57,5,5
22844,102,84,18,18
22845,101,98,3,3
22846,93,91,2,2
22847,63,64,-1,1
22848,88,87,1,1
22849,80,86,-6,6
22850,134,100,34,34
22851,77,77,0,0
22852,73,75,-2,2
22853,57,61,-4,4
22854,118,89,29,29
22855,134,135,-1,1
22856,127,125,2,2
22857,88,85,3,3
22858,91,87,4,4
22859,110,113,-3,3
22860,46,46,0,0
22861,105,102,3,3
22862,103,111,-8,8
22863,108,99,9,9
22864,93,98,-5,5
22865,75,80,-5,5
22866,131,133,-2,2
22867,130,131,-1,1
22868,89,85,4,4
22869,49,108,-59,59
22870,120,122,-2,2
22871,151,163,-12,12
22872,92,88,4,4
22873,77,87,-10,10
22874,126,135,-9,9
22875,100,101,-1,1
22876,54,56,-2,2
22877,110,109,1,1
22878,133,133,0,0
22879,119,126,-7,7
22880,126,118,8,8
22881,42,42,0,0
22882,63,65,-2,2
22883,170,166,4,4
22884,68,77,-9,9
22885,114,112,2,2
22886,115,104,11,11
22887,64,70,-6,6
22888,90,91,-1,1
22889,126,113,13,13
22890,72,85,-13,13
22891,116,136,-20,20
22892,151,157,-6,6
22893,98,83,15,15
22894,135,130,5,5
22895,132,122,10,10
22896,166,156,10,10
22897,109,108,1,1
22898,73,68,5,5
22899,43,45,-2,2
22900,60,61,-1,1
22901,95,108,-13,13
22902,185,173,12,12
22903,116,116,0,0
22904,120,120,0,0
22905,117,114,3,3
22906,80,90,-10,10
22907,54,57,-3,3
22908,94,96,-2,2
22909,104,110,-6,6
22910,167,174,-7,7
22911,183,181,2,2
22912,125,130,-5,5
22913,67,67,0,0
22914,127,117,10,10
22915,108,110,-2,2
22916,110,110,0,0
22917,72,71,1,1
22918,76,79,-3,3
22919,60,60,0,0
22920,127,114,13,13
22921,60,61,-1,1
22922,117,113,4,4
22923,62,62,0,0
22924,98,85,13,13
22925,64,65,-1,1
22926,90,85,5,5
22927,155,159,-4,4
22928,69,67,2,2
22929,91,84,7,7
22930,91,83,8,8
22931,97,88,9,9
22932,116,109,7,7
22933,100,100,0,0
22934,81,81,0,0
22935,77,74,3,3
22936,46,43,3,3
22937,86,95,-9,9
22938,98,90,8,8
22939,128,102,26,26
22940,53,55,-2,2
22941,86,86,0,0
22942,106,109,-3,3
22943,118,115,3,3
22944,132,136,-4,4
22945,179,181,-2,2
22946,72,65,7,7
22947,57,59,-2,2
22948,159,159,0,0
22949,56,63,-7,7
22950,90,97,-7,7
22951,84,86,-2,2
22952,120,122,-2,2
22953,99,88,11,11
22954,121,112,9,9
22955,96,99,-3,3
22956,46,55,-9,9
22957,84,89,-5,5
22958,79,79,0,0
22959,165,156,9,9
22960,72,72,0,0
22961,75,75,0,0
22962,116,119,-3,3
22963,117,125,-8,8
22964,95,87,8,8
22965,138,138,0,0
22966,64,65,-1,1
22967,70,74,-4,4
22968,51,56,-5,5
22969,74,82,-8,8
22970,105,109,-4,4
22971,137,135,2,2
22972,93,90,3,3
22973,72,78,-6,6
22974,83,81,2,2
22975,113,110,3,3
22976,97,94,3,3
22977,76,80,-4,4
22978,65,63,2,2
22979,159,153,6,6
22980,72,72,0,0
22981,127,122,5,5
22982,94,92,2,2
22983,83,80,3,3
22984,84,87,-3,3
22985,60,59,1,1
22986,100,109,-9,9
22987,108,110,-2,2
22988,118,115,3,3
22989,76,75,1,1
22990,87,78,9,9
22991,50,53,-3,3
22992,38,39,-1,1
22993,146,130,16,16
22994,114,114,0,0
22995,52,56,-4,4
22996,84,89,-5,5
22997,122,127,-5,5
22998,102,94,8,8
22999,181,169,12,12
23000,98,95,3,3
23001,39,43,-4,4
23002,84,71,13,13
23003,145,115,30,30
23004,124,132,-8,8
23005,110,122,-12,12
23006,57,61,-4,4
23007,88,82,6,6
23008,64,69,-5,5
23009,195,186,9,9
23010,131,138,-7,7
23011,124,123,1,1
23012,79,100,-21,21
23013,66,66,0,0
23014,100,111,-11,11
23015,82,77,5,5
23016,81,85,-4,4
23017,85,79,6,6
23018,192,189,3,3
23019,112,111,1,1
23020,166,157,9,9
23021,101,98,3,3
23022,82,72,10,10
23023,89,79,10,10
23024,94,86,8,8
23025,79,87,-8,8
23026,108,114,-6,6
23027,117,113,4,4
23028,123,115,8,8
23029,81,77,4,4
23030,87,76,11,11
23031,66,68,-2,2
23032,35,38,-3,3
23033,102,91,11,11
23034,145,135,10,10
23035,62,64,-2,2
23036,121,116,5,5
23037,69,69,0,0
23038,142,135,7,7
23039,74,66,8,8
23040,92,86,6,6
23041,63,58,5,5
23042,71,76,-5,5
23043,148,136,12,12
23044,72,78,-6,6
23045,75,76,-1,1
23046,118,122,-4,4
23047,103,110,-7,7
23048,136,121,15,15
23049,126,134,-8,8
23050,93,98,-5,5
23051,101,108,-7,7
23052,133,124,9,9
23053,83,89,-6,6
23054,91,94,-3,3
23055,52,46,6,6
23056,100,101,-1,1
23057,88,86,2,2
23058,80,88,-8,8
23059,83,93,-10,10
23060,90,86,4,4
23061,69,95,-26,26
23062,85,80,5,5
23063,107,100,7,7
23064,103,94,9,9
23065,60,60,0,0
23066,152,154,-2,2
23067,40,42,-2,2
23068,87,78,9,9
23069,78,68,10,10
23070,145,145,0,0
23071,47,54,-7,7
23072,139,127,12,12
23073,94,91,3,3
23074,138,154,-16,16
23075,115,97,18,18
23076,94,94,0,0
23077,106,107,-1,1
23078,85,82,3,3
23079,82,79,3,3
23080,61,62,-1,1
23081,160,152,8,8
23082,157,165,-8,8
23083,87,89,-2,2
23084,135,122,13,13
23085,120,114,6,6
23086,104,97,7,7
23087,165,149,16,16
23088,88,87,1,1
23089,67,74,-7,7
23090,87,82,5,5
23091,66,69,-3,3
23092,74,72,2,2
23093,76,76,0,0
23094,62,64,-2,2
23095,79,81,-2,2
23096,91,93,-2,2
23097,70,68,2,2
23098,148,138,10,10
23099,135,124,11,11
23100,74,78,-4,4
23101,78,76,2,2
23102,93,93,0,0
23103,124,117,7,7
23104,129,134,-5,5
23105,98,92,6,6
23106,72,69,3,3
23107,53,60,-7,7
23108,138,138,0,0
23109,184,158,26,26
23110,85,87,-2,2
23111,82,72,10,10
23112,105,113,-8,8
23113,99,95,4,4
23114,65,66,-1,1
23115,73,66,7,7
23116,66,62,4,4
23117,102,108,-6,6
23118,85,77,8,8
23119,188,191,-3,3
23120,81,203,-122,122
23121,124,119,5,5
23122,59,63,-4,4
23123,108,110,-2,2
23124,92,94,-2,2
23125,100,97,3,3
23126,105,104,1,1
23127,93,96,-3,3
23128,155,151,4,4
23129,71,70,1,1
23130,65,56,9,9
23131,94,90,4,4
23132,122,129,-7,7
23133,70,68,2,2
23134,65,66,-1,1
23135,160,155,5,5
23136,115,115,0,0
23137,134,139,-5,5
23138,101,109,-8,8
23139,105,108,-3,3
23140,93,93,0,0
23141,94,86,8,8
23142,82,75,7,7
23143,90,89,1,1
23144,78,69,9,9
23145,145,143,2,2
23146,120,119,1,1
23147,94,91,3,3
23148,95,83,12,12
23149,115,132,-17,17
23150,49,47,2,2
23151,134,137,-3,3
23152,88,84,4,4
23153,82,83,-1,1
23154,67,58,9,9
23155,71,66,5,5
23156,56,65,-9,9
23157,88,83,5,5
23158,34,41,-7,7
23159,62,76,-14,14
23160,82,84,-2,2
23161,111,119,-8,8
23162,48,49,-1,1
23163,102,109,-7,7
23164,143,136,7,7
23165,47,48,-1,1
23166,76,75,1,1
23167,119,119,0,0
23168,64,63,1,1
23169,72,67,5,5
23170,141,133,8,8
23171,64,57,7,7
23172,127,117,10,10
23173,72,74,-2,2
23174,111,111,0,0
23175,104,86,18,18
23176,77,83,-6,6
23177,133,139,-6,6
23178,113,110,3,3
23179,110,110,0,0
23180,89,85,4,4
23181,125,124,1,1
23182,127,111,16,16
23183,68,65,3,3
23184,99,109,-10,10
23185,86,91,-5,5
23186,111,112,-1,1
23187,118,109,9,9
23188,74,77,-3,3
23189,132,122,10,10
23190,99,96,3,3
23191,139,140,-1,1
23192,107,111,-4,4
23193,70,76,-6,6
23194,77,70,7,7
23195,101,109,-8,8
23196,103,101,2,2
23197,86,91,-5,5
23198,104,92,12,12
23199,100,104,-4,4
23200,150,141,9,9
23201,69,68,1,1
23202,129,127,2,2
23203,162,169,-7,7
23204,111,122,-11,11
23205,133,127,6,6
23206,87,86,1,1
23207,74,83,-9,9
23208,95,102,-7,7
23209,110,120,-10,10
23210,124,125,-1,1
23211,155,149,6,6
23212,74,62,12,12
23213,80,77,3,3
23214,90,83,7,7
23215,100,98,2,2
23216,112,96,16,16
23217,81,67,14,14
23218,73,81,-8,8
23219,122,118,4,4
23220,130,126,4,4
23221,129,123,6,6
23222,123,116,7,7
23223,84,89,-5,5
23224,63,66,-3,3
23225,144,135,9,9
23226,91,159,-68,68
23227,66,74,-8,8
23228,95,93,2,2
23229,129,123,6,6
23230,75,77,-2,2
23231,152,193,-41,41
23232,119,95,24,24
23233,107,107,0,0
23234,184,170,14,14
23235,84,90,-6,6
23236,123,119,4,4
23237,167,146,21,21
23238,59,55,4,4
23239,68,71,-3,3
23240,119,95,24,24
23241,77,64,13,13
23242,70,77,-7,7
23243,79,73,6,6
23244,114,119,-5,5
23245,75,71,4,4
23246,64,58,6,6
23247,127,119,8,8
23248,52,58,-6,6
23249,67,63,4,4
23250,73,76,-3,3
23251,85,78,7,7
23252,63,67,-4,4
23253,88,79,9,9
23254,89,109,-20,20
23255,133,117,16,16
23256,82,83,-1,1
23257,115,104,11,11
23258,97,99,-2,2
23259,81,90,-9,9
23260,102,94,8,8
23261,68,63,5,5
23262,64,63,1,1
23263,70,70,0,0
23264,73,79,-6,6
23265,59,68,-9,9
23266,136,134,2,2
23267,103,111,-8,8
23268,137,120,17,17
23269,73,74,-1,1
23270,83,82,1,1
23271,95,86,9,9
23272,138,128,10,10
23273,86,80,6,6
23274,66,85,-19,19
23275,134,159,-25,25
23276,116,114,2,2
23277,70,72,-2,2
23278,118,112,6,6
23279,131,129,2,2
23280,40,65,-25,25
23281,82,84,-2,2
23282,78,74,4,4
23283,97,87,10,10
23284,89,95,-6,6
23285,133,129,4,4
23286,76,74,2,2
23287,152,135,17,17
23288,92,89,3,3
23289,62,66,-4,4
23290,179,156,23,23
23291,127,116,11,11
23292,115,114,1,1
23293,54,66,-12,12
23294,136,122,14,14
23295,76,81,-5,5
23296,62,73,-11,11
23297,78,79,-1,1
23298,182,158,24,24
23299,67,65,2,2
23300,110,99,11,11
23301,92,86,6,6
23302,150,139,11,11
23303,122,127,-5,5
23304,62,70,-8,8
23305,109,99,10,10
23306,123,119,4,4
23307,107,112,-5,5
23308,50,60,-10,10
23309,62,65,-3,3
23310,115,114,1,1
23311,41,50,-9,9
23312,106,108,-2,2
23313,58,61,-3,3
23314,67,66,1,1
23315,64,59,5,5
23316,71,90,-19,19
23317,83,90,-7,7
23318,157,172,-15,15
23319,90,91,-1,1
23320,100,112,-12,12
23321,92,92,0,0
23322,87,104,-17,17
23323,76,90,-14,14
23324,101,109,-8,8
23325,56,48,8,8
23326,65,71,-6,6
23327,70,67,3,3
23328,57,60,-3,3
23329,112,143,-31,31
23330,50,70,-20,20
23331,47,54,-7,7
23332,140,155,-15,15
23333,51,53,-2,2
23334,61,71,-10,10
23335,78,78,0,0
23336,70,66,4,4
23337,98,92,6,6
23338,152,144,8,8
23339,99,103,-4,4
23340,93,97,-4,4
23341,90,87,3,3
23342,51,55,-4,4
23343,94,89,5,5
23344,82,87,-5,5
23345,137,152,-15,15
23346,85,93,-8,8
23347,131,138,-7,7
23348,110,99,11,11
23349,70,65,5,5
23350,99,109,-10,10
23351,146,138,8,8
23352,37,41,-4,4
23353,94,88,6,6
23354,124,121,3,3
23355,91,109,-18,18
23356,85,89,-4,4
23357,58,63,-5,5
23358,78,82,-4,4
23359,62,70,-8,8
23360,51,55,-4,4
23361,85,94,-9,9
23362,64,67,-3,3
23363,108,119,-11,11
23364,89,94,-5,5
23365,120,120,0,0
23366,131,117,14,14
23367,50,52,-2,2
23368,109,109,0,0
23369,82,75,7,7
23370,115,109,6,6
23371,121,124,-3,3
23372,193,186,7,7
23373,66,66,0,0
23374,125,119,6,6
23375,64,61,3,3
23376,105,97,8,8
23377,47,53,-6,6
23378,57,66,-9,9
23379,105,97,8,8
23380,124,124,0,0
23381,90,98,-8,8
23382,126,118,8,8
23383,89,97,-8,8
23384,122,117,5,5
23385,116,112,4,4
23386,80,67,13,13
23387,92,88,4,4
23388,62,85,-23,23
23389,144,142,2,2
23390,45,55,-10,10
23391,139,139,0,0
23392,117,112,5,5
23393,99,100,-1,1
23394,98,97,1,1
23395,87,89,-2,2
23396,171,144,27,27
23397,127,111,16,16
23398,114,111,3,3
23399,100,109,-9,9
23400,71,82,-11,11
23401,143,131,12,12
23402,84,86,-2,2
23403,89,80,9,9
23404,85,90,-5,5
23405,69,69,0,0
23406,145,154,-9,9
23407,115,118,-3,3
23408,116,116,0,0
23409,114,115,-1,1
23410,58,53,5,5
23411,79,76,3,3
23412,73,75,-2,2
23413,114,119,-5,5
23414,140,146,-6,6
23415,92,98,-6,6
23416,111,111,0,0
23417,131,138,-7,7
23418,76,80,-4,4
23419,94,94,0,0
23420,91,99,-8,8
23421,76,72,4,4
23422,115,111,4,4
23423,65,62,3,3
23424,113,117,-4,4
23425,85,91,-6,6
23426,214,232,-18,18
23427,211,200,11,11
23428,41,45,-4,4
23429,78,75,3,3
23430,161,154,7,7
23431,79,78,1,1
23432,51,56,-5,5
23433,103,109,-6,6
23434,73,75,-2,2
23435,55,63,-8,8
23436,136,117,19,19
23437,131,133,-2,2
23438,77,78,-1,1
23439,80,77,3,3
23440,110,112,-2,2
23441,54,57,-3,3
23442,111,118,-7,7
23443,84,86,-2,2
23444,70,64,6,6
23445,70,66,4,4
23446,106,97,9,9
23447,97,96,1,1
23448,100,94,6,6
23449,135,131,4,4
23450,86,85,1,1
23451,42,41,1,1
23452,132,135,-3,3
23453,73,78,-5,5
23454,125,123,2,2
23455,83,84,-1,1
23456,125,128,-3,3
23457,120,118,2,2
23458,110,107,3,3
23459,197,183,14,14
23460,111,111,0,0
23461,86,93,-7,7
23462,76,71,5,5
23463,150,142,8,8
23464,115,114,1,1
23465,89,97,-8,8
23466,176,159,17,17
23467,64,70,-6,6
23468,120,117,3,3
23469,121,118,3,3
23470,64,77,-13,13
23471,49,66,-17,17
23472,70,67,3,3
23473,112,110,2,2
23474,89,93,-4,4
23475,107,108,-1,1
23476,155,156,-1,1
23477,73,77,-4,4
23478,129,135,-6,6
23479,161,152,9,9
23480,89,88,1,1
23481,113,115,-2,2
23482,99,89,10,10
23483,127,128,-1,1
23484,115,118,-3,3
23485,78,77,1,1
23486,155,171,-16,16
23487,54,50,4,4
23488,89,88,1,1
23489,115,110,5,5
23490,82,83,-1,1
23491,165,159,6,6
23492,90,87,3,3
23493,87,88,-1,1
23494,115,111,4,4
23495,70,69,1,1
23496,85,78,7,7
23497,101,104,-3,3
23498,118,133,-15,15
23499,135,117,18,18
23500,74,80,-6,6
23501,108,119,-11,11
23502,134,128,6,6
23503,109,110,-1,1
23504,77,76,1,1
23505,71,63,8,8
23506,78,74,4,4
23507,125,112,13,13
23508,90,90,0,0
23509,47,43,4,4
23510,89,85,4,4
23511,102,93,9,9
23512,94,95,-1,1
23513,137,139,-2,2
23514,110,101,9,9
23515,100,99,1,1
23516,125,116,9,9
23517,57,87,-30,30
23518,120,120,0,0
23519,149,142,7,7
23520,69,75,-6,6
23521,91,98,-7,7
23522,69,70,-1,1
23523,143,135,8,8
23524,112,108,4,4
23525,108,99,9,9
23526,83,91,-8,8
23527,102,110,-8,8
23528,55,56,-1,1
23529,101,97,4,4
23530,39,42,-3,3
23531,173,172,1,1
23532,98,94,4,4
23533,136,134,2,2
23534,62,62,0,0
23535,188,157,31,31
23536,98,99,-1,1
23537,132,126,6,6
23538,89,99,-10,10
23539,106,111,-5,5
23540,101,112,-11,11
23541,150,137,13,13
23542,194,177,17,17
23543,108,114,-6,6
23544,78,88,-10,10
23545,70,70,0,0
23546,93,99,-6,6
23547,65,74,-9,9
23548,113,101,12,12
23549,129,127,2,2
23550,94,98,-4,4
23551,108,108,0,0
23552,90,93,-3,3
23553,68,72,-4,4
23554,98,108,-10,10
23555,96,111,-15,15
23556,85,95,-10,10
23557,137,139,-2,2
23558,112,113,-1,1
23559,168,158,10,10
23560,87,95,-8,8
23561,134,127,7,7
23562,75,77,-2,2
23563,135,130,5,5
23564,81,79,2,2
23565,96,108,-12,12
23566,91,98,-7,7
23567,104,92,12,12
23568,105,99,6,6
23569,56,55,1,1
23570,111,109,2,2
23571,56,62,-6,6
23572,62,63,-1,1
23573,103,102,1,1
23574,144,146,-2,2
23575,101,99,2,2
23576,79,74,5,5
23577,102,95,7,7
23578,121,121,0,0
23579,140,135,5,5
23580,135,134,1,1
23581,80,77,3,3
23582,51,60,-9,9
23583,152,133,19,19
23584,94,97,-3,3
23585,52,48,4,4
23586,78,80,-2,2
23587,82,83,-1,1
23588,75,69,6,6
23589,117,118,-1,1
23590,136,131,5,5
23591,92,92,0,0
23592,55,50,5,5
23593,126,115,11,11
23594,55,58,-3,3
23595,43,43,0,0
23596,83,88,-5,5
23597,116,124,-8,8
23598,113,113,0,0
23599,60,62,-2,2
23600,100,103,-3,3
23601,100,110,-10,10
23602,113,112,1,1
23603,123,144,-21,21
23604,69,71,-2,2
23605,113,130,-17,17
23606,71,77,-6,6
23607,132,125,7,7
23608,151,149,2,2
23609,57,59,-2,2
23610,105,109,-4,4
23611,188,151,37,37
23612,79,73,6,6
23613,151,150,1,1
23614,137,139,-2,2
23615,42,37,5,5
23616,144,140,4,4
23617,41,52,-11,11
23618,82,82,0,0
23619,91,86,5,5
23620,65,69,-4,4
23621,65,65,0,0
23622,103,108,-5,5
23623,116,114,2,2
23624,149,150,-1,1
23625,202,184,18,18
23626,61,60,1,1
23627,78,78,0,0
23628,154,138,16,16
23629,87,90,-3,3
23630,93,84,9,9
23631,134,146,-12,12
23632,116,121,-5,5
23633,124,126,-2,2
23634,148,145,3,3
23635,140,141,-1,1
23636,69,64,5,5
23637,107,110,-3,3
23638,99,95,4,4
23639,137,129,8,8
23640,165,144,21,21
23641,102,93,9,9
23642,116,110,6,6
23643,95,79,16,16
23644,86,104,-18,18
23645,88,99,-11,11
23646,108,109,-1,1
23647,153,153,0,0
23648,69,68,1,1
23649,76,73,3,3
23650,103,106,-3,3
23651,79,90,-11,11
23652,129,118,11,11
23653,87,87,0,0
23654,67,69,-2,2
23655,81,81,0,0
23656,118,114,4,4
23657,69,65,4,4
23658,63,71,-8,8
23659,77,78,-1,1
23660,113,110,3,3
23661,143,143,0,0
23662,57,60,-3,3
23663,86,87,-1,1
23664,36,52,-16,16
23665,128,109,19,19
23666,111,110,1,1
23667,68,73,-5,5
23668,60,68,-8,8
23669,90,87,3,3
23670,99,97,2,2
23671,80,77,3,3
23672,79,90,-11,11
23673,84,91,-7,7
23674,77,69,8,8
23675,132,129,3,3
23676,94,65,29,29
23677,95,95,0,0
23678,67,69,-2,2
23679,134,124,10,10
23680,148,148,0,0
23681,92,87,5,5
23682,85,74,11,11
23683,69,79,-10,10
23684,107,117,-10,10
23685,113,131,-18,18
23686,49,50,-1,1
23687,31,37,-6,6
23688,72,78,-6,6
23689,135,137,-2,2
23690,126,121,5,5
23691,67,65,2,2
23692,70,76,-6,6
23693,64,67,-3,3
23694,70,111,-41,41
23695,88,80,8,8
23696,66,74,-8,8
23697,80,88,-8,8
23698,82,97,-15,15
23699,85,85,0,0
23700,128,128,0,0
23701,116,114,2,2
23702,74,66,8,8
23703,107,109,-2,2
23704,74,74,0,0
23705,133,119,14,14
23706,91,88,3,3
23707,100,107,-7,7
23708,90,81,9,9
23709,41,47,-6,6
23710,117,114,3,3
23711,91,96,-5,5
23712,108,124,-16,16
23713,61,63,-2,2
23714,201,189,12,12
23715,112,112,0,0
23716,62,60,2,2
23717,70,71,-1,1
23718,79,75,4,4
23719,85,77,8,8
23720,138,129,9,9
23721,132,130,2,2
23722,46,55,-9,9
23723,172,168,4,4
23724,120,112,8,8
23725,120,116,4,4
23726,96,99,-3,3
23727,108,103,5,5
23728,125,133,-8,8
23729,72,80,-8,8
23730,110,98,12,12
23731,51,60,-9,9
23732,127,126,1,1
23733,109,109,0,0
23734,70,66,4,4
23735,91,90,1,1
23736,53,62,-9,9
23737,195,192,3,3
23738,63,66,-3,3
23739,97,99,-2,2
23740,109,102,7,7
23741,116,117,-1,1
23742,52,57,-5,5
23743,66,78,-12,12
23744,70,67,3,3
23745,143,146,-3,3
23746,61,103,-42,42
23747,105,96,9,9
23748,58,55,3,3
23749,141,142,-1,1
23750,64,59,5,5
23751,126,125,1,1
23752,154,153,1,1
23753,103,94,9,9
23754,54,57,-3,3
23755,100,107,-7,7
23756,99,100,-1,1
23757,84,90,-6,6
23758,67,71,-4,4
23759,51,63,-12,12
23760,118,119,-1,1
23761,139,127,12,12
23762,83,81,2,2
23763,127,128,-1,1
23764,98,92,6,6
23765,86,81,5,5
23766,53,57,-4,4
23767,111,116,-5,5
23768,82,84,-2,2
23769,101,91,10,10
23770,79,81,-2,2
23771,82,92,-10,10
23772,101,91,10,10
23773,172,160,12,12
23774,49,59,-10,10
23775,144,138,6,6
23776,79,77,2,2
23777,71,76,-5,5
23778,109,114,-5,5
23779,97,91,6,6
23780,134,129,5,5
23781,139,160,-21,21
23782,103,101,2,2
23783,104,96,8,8
23784,45,55,-10,10
23785,124,134,-10,10
23786,77,84,-7,7
23787,92,98,-6,6
23788,54,54,0,0
23789,96,96,0,0
23790,77,68,9,9
23791,99,90,9,9
23792,46,47,-1,1
23793,128,130,-2,2
23794,114,121,-7,7
23795,183,173,10,10
23796,74,76,-2,2
23797,152,139,13,13
23798,95,86,9,9
23799,84,72,12,12
23800,103,96,7,7
23801,118,115,3,3
23802,82,99,-17,17
23803,161,170,-9,9
23804,93,82,11,11
23805,91,82,9,9
23806,106,101,5,5
23807,91,84,7,7
23808,52,58,-6,6
23809,89,86,3,3
23810,80,84,-4,4
23811,112,120,-8,8
23812,69,64,5,5
23813,68,66,2,2
23814,219,205,14,14
23815,89,92,-3,3
23816,127,123,4,4
23817,84,94,-10,10
23818,85,83,2,2
23819,28,42,-14,14
23820,141,134,7,7
23821,92,93,-1,1
23822,130,122,8,8
23823,59,62,-3,3
23824,143,129,14,14
23825,145,136,9,9
23826,73,75,-2,2
23827,177,172,5,5
23828,169,154,15,15
23829,54,55,-1,1
23830,128,117,11,11
23831,52,56,-4,4
23832,129,130,-1,1
23833,99,103,-4,4
23834,119,108,11,11
23835,75,80,-5,5
23836,119,112,7,7
23837,103,98,5,5
23838,130,127,3,3
23839,119,114,5,5
23840,100,96,4,4
23841,159,162,-3,3
23842,75,69,6,6
23843,86,89,-3,3
23844,123,122,1,1
23845,74,78,-4,4
23846,50,62,-12,12
23847,57,50,7,7
23848,50,55,-5,5
23849,71,73,-2,2
23850,96,94,2,2
23851,76,73,3,3
23852,130,123,7,7
23853,62,73,-11,11
23854,92,86,6,6
23855,98,104,-6,6
23856,67,60,7,7
23857,231,232,-1,1
23858,68,59,9,9
23859,59,56,3,3
23860,82,72,10,10
23861,67,69,-2,2
23862,88,82,6,6
23863,138,120,18,18
23864,81,68,13,13
23865,117,117,0,0
23866,67,71,-4,4
23867,57,64,-7,7
23868,53,53,0,0
23869,87,88,-1,1
23870,123,128,-5,5
23871,128,126,2,2
23872,80,84,-4,4
23873,95,90,5,5
23874,105,110,-5,5
23875,92,94,-2,2
23876,97,90,7,7
23877,96,108,-12,12
23878,114,108,6,6
23879,57,61,-4,4
23880,174,162,12,12
23881,98,94,4,4
23882,96,85,11,11
23883,34,56,-22,22
23884,53,52,1,1
23885,70,68,2,2
23886,100,108,-8,8
23887,112,118,-6,6
23888,86,89,-3,3
23889,106,99,7,7
23890,75,75,0,0
23891,97,112,-15,15
23892,93,94,-1,1
23893,105,80,25,25
23894,108,108,0,0
23895,137,138,-1,1
23896,99,103,-4,4
23897,71,72,-1,1
23898,157,160,-3,3
23899,111,110,1,1
23900,102,90,12,12
23901,144,137,7,7
23902,86,81,5,5
23903,63,75,-12,12
23904,97,86,11,11
23905,30,40,-10,10
23906,77,80,-3,3
23907,111,101,10,10
23908,77,72,5,5
23909,41,41,0,0
23910,82,88,-6,6
23911,144,137,7,7
23912,117,117,0,0
23913,94,87,7,7
23914,58,54,4,4
23915,101,97,4,4
23916,105,92,13,13
23917,99,108,-9,9
23918,88,85,3,3
23919,69,77,-8,8
23920,67,62,5,5
23921,51,64,-13,13
23922,120,116,4,4
23923,60,62,-2,2
23924,90,87,3,3
23925,81,80,1,1
23926,163,172,-9,9
23927,142,132,10,10
23928,65,67,-2,2
23929,156,154,2,2
23930,52,50,2,2
23931,74,66,8,8
23932,115,113,2,2
23933,126,136,-10,10
23934,48,47,1,1
23935,129,135,-6,6
23936,160,149,11,11
23937,110,118,-8,8
23938,121,128,-7,7
23939,97,92,5,5
23940,110,137,-27,27
23941,135,133,2,2
23942,153,153,0,0
23943,103,127,-24,24
23944,103,97,6,6
23945,119,113,6,6
23946,76,83,-7,7
23947,195,205,-10,10
23948,57,59,-2,2
23949,59,70,-11,11
23950,146,148,-2,2
23951,91,80,11,11
23952,101,93,8,8
23953,240,203,37,37
23954,88,92,-4,4
23955,83,73,10,10
23956,77,79,-2,2
23957,82,97,-15,15
23958,82,95,-13,13
23959,119,109,10,10
23960,106,98,8,8
23961,101,112,-11,11
23962,78,82,-4,4
23963,82,77,5,5
23964,82,81,1,1
23965,126,113,13,13
23966,87,95,-8,8
23967,96,96,0,0
23968,68,67,1,1
23969,100,94,6,6
23970,71,78,-7,7
23971,91,100,-9,9
23972,118,115,3,3
23973,93,95,-2,2
23974,87,88,-1,1
23975,75,80,-5,5
23976,64,64,0,0
23977,94,95,-1,1
23978,45,51,-6,6
23979,97,86,11,11
23980,115,113,2,2
23981,84,81,3,3
23982,139,129,10,10
23983,155,163,-8,8
23984,65,70,-5,5
23985,72,77,-5,5
23986,65,68,-3,3
23987,45,47,-2,2
23988,92,96,-4,4
23989,148,145,3,3
23990,163,144,19,19
23991,80,74,6,6
23992,131,120,11,11
23993,74,82,-8,8
23994,62,65,-3,3
23995,65,57,8,8
23996,110,97,13,13
23997,119,89,30,30
23998,110,108,2,2
23999,89,93,-4,4
24000,104,115,-11,11
24001,110,119,-9,9
24002,83,77,6,6
24003,134,131,3,3
24004,110,115,-5,5
24005,74,84,-10,10
24006,152,151,1,1
24007,103,102,1,1
24008,47,49,-2,2
24009,104,96,8,8
24010,59,66,-7,7
24011,76,63,13,13
24012,82,86,-4,4
24013,100,103,-3,3
24014,127,128,-1,1
24015,70,67,3,3
24016,71,76,-5,5
24017,83,92,-9,9
24018,80,83,-3,3
24019,102,108,-6,6
24020,70,83,-13,13
24021,89,85,4,4
24022,75,75,0,0
24023,104,97,7,7
24024,84,71,13,13
24025,56,58,-2,2
24026,55,63,-8,8
24027,141,152,-11,11
24028,82,82,0,0
24029,182,167,15,15
24030,154,155,-1,1
24031,86,86,0,0
24032,78,75,3,3
24033,91,91,0,0
24034,115,120,-5,5
24035,112,117,-5,5
24036,98,118,-20,20
24037,83,76,7,7
24038,58,59,-1,1
24039,72,71,1,1
24040,46,68,-22,22
24041,54,57,-3,3
24042,99,98,1,1
24043,100,126,-26,26
24044,114,118,-4,4
24045,56,51,5,5
24046,49,58,-9,9
24047,63,63,0,0
24048,63,64,-1,1
24049,72,73,-1,1
24050,97,91,6,6
24051,59,62,-3,3
24052,123,128,-5,5
24053,109,114,-5,5
24054,108,108,0,0
24055,95,104,-9,9
24056,94,88,6,6
24057,59,64,-5,5
24058,80,85,-5,5
24059,140,140,0,0
24060,102,102,0,0
24061,65,70,-5,5
24062,117,112,5,5
24063,63,59,4,4
24064,77,84,-7,7
24065,137,103,34,34
24066,114,118,-4,4
24067,78,70,8,8
24068,45,48,-3,3
24069,84,90,-6,6
24070,96,113,-17,17
24071,62,66,-4,4
24072,67,77,-10,10
24073,178,158,20,20
24074,78,88,-10,10
24075,112,114,-2,2
24076,99,82,17,17
24077,94,98,-4,4
24078,86,75,11,11
24079,116,111,5,5
24080,64,60,4,4
24081,51,49,2,2
24082,176,149,27,27
24083,120,111,9,9
24084,121,104,17,17
24085,84,82,2,2
24086,108,109,-1,1
24087,97,95,2,2
24088,91,91,0,0
24089,117,118,-1,1
24090,102,88,14,14
24091,53,50,3,3
24092,82,79,3,3
24093,63,67,-4,4
24094,50,91,-41,41
24095,121,112,9,9
24096,33,51,-18,18
24097,75,70,5,5
24098,98,100,-2,2
24099,95,89,6,6
24100,94,93,1,1
24101,43,45,-2,2
24102,88,101,-13,13
24103,72,75,-3,3
24104,118,111,7,7
24105,76,82,-6,6
24106,58,57,1,1
24107,104,85,19,19
24108,115,115,0,0
24109,63,60,3,3
24110,105,113,-8,8
24111,59,56,3,3
24112,58,57,1,1
24113,146,138,8,8
24114,82,88,-6,6
24115,114,123,-9,9
24116,95,90,5,5
24117,46,50,-4,4
24118,122,114,8,8
24119,78,82,-4,4
24120,97,91,6,6
24121,111,113,-2,2
24122,161,147,14,14
24123,157,165,-8,8
24124,90,99,-9,9
24125,69,65,4,4
24126,78,76,2,2
24127,111,109,2,2
24128,56,51,5,5
24129,83,72,11,11
24130,186,174,12,12
24131,76,82,-6,6
24132,76,82,-6,6
24133,136,138,-2,2
24134,87,84,3,3
24135,87,80,7,7
24136,72,55,17,17
24137,64,77,-13,13
24138,162,162,0,0
24139,59,63,-4,4
24140,77,74,3,3
24141,58,60,-2,2
24142,65,60,5,5
24143,103,93,10,10
24144,74,68,6,6
24145,83,73,10,10
24146,62,62,0,0
24147,115,109,6,6
24148,88,95,-7,7
24149,79,85,-6,6
24150,102,98,4,4
24151,76,73,3,3
24152,72,75,-3,3
24153,127,134,-7,7
24154,57,60,-3,3
24155,123,127,-4,4
24156,108,108,0,0
24157,179,160,19,19
24158,56,82,-26,26
24159,129,140,-11,11
24160,76,75,1,1
24161,160,140,20,20
24162,108,97,11,11
24163,65,68,-3,3
24164,80,73,7,7
24165,68,77,-9,9
24166,125,155,-30,30
24167,55,57,-2,2
24168,101,109,-8,8
24169,102,96,6,6
24170,151,155,-4,4
24171,98,126,-28,28
24172,72,86,-14,14
24173,124,121,3,3
24174,113,109,4,4
24175,84,74,10,10
24176,51,57,-6,6
24177,73,72,1,1
24178,58,54,4,4
24179,103,101,2,2
24180,89,75,14,14
24181,103,110,-7,7
24182,122,120,2,2
24183,62,66,-4,4
24184,152,140,12,12
24185,49,53,-4,4
24186,76,79,-3,3
24187,107,99,8,8
24188,63,78,-15,15
24189,132,131,1,1
24190,167,102,65,65
24191,105,95,10,10
24192,160,160,0,0
24193,86,85,1,1
24194,105,97,8,8
24195,88,89,-1,1
24196,102,96,6,6
24197,102,116,-14,14
24198,101,117,-16,16
24199,48,57,-9,9
24200,131,129,2,2
24201,45,41,4,4
24202,100,99,1,1
24203,77,76,1,1
24204,131,140,-9,9
24205,106,109,-3,3
24206,115,113,2,2
24207,140,129,11,11
24208,111,118,-7,7
24209,100,103,-3,3
24210,55,59,-4,4
24211,80,77,3,3
24212,98,105,-7,7
24213,61,57,4,4
24214,106,99,7,7
24215,91,93,-2,2
24216,96,91,5,5
24217,88,84,4,4
24218,79,83,-4,4
24219,108,118,-10,10
24220,108,113,-5,5
24221,137,122,15,15
24222,110,107,3,3
24223,67,67,0,0
24224,81,78,3,3
24225,74,75,-1,1
24226,95,108,-13,13
24227,36,33,3,3
24228,96,96,0,0
24229,80,86,-6,6
24230,86,78,8,8
24231,145,157,-12,12
24232,163,163,0,0
24233,57,54,3,3
24234,91,99,-8,8
24235,100,108,-8,8
24236,55,55,0,0
24237,118,113,5,5
24238,183,185,-2,2
24239,79,85,-6,6
24240,82,70,12,12
24241,107,109,-2,2
24242,47,49,-2,2
24243,103,112,-9,9
24244,78,77,1,1
24245,114,116,-2,2
24246,127,120,7,7
24247,65,68,-3,3
24248,149,160,-11,11
24249,72,68,4,4
24250,75,78,-3,3
24251,99,98,1,1
24252,91,88,3,3
24253,50,61,-11,11
24254,116,114,2,2
24255,150,138,12,12
24256,136,140,-4,4
24257,145,105,40,40
24258,64,71,-7,7
24259,81,81,0,0
24260,76,69,7,7
24261,91,79,12,12
24262,64,60,4,4
24263,52,64,-12,12
24264,85,89,-4,4
24265,93,96,-3,3
24266,80,87,-7,7
24267,84,90,-6,6
24268,71,66,5,5
24269,73,70,3,3
24270,54,62,-8,8
24271,87,80,7,7
24272,88,95,-7,7
24273,50,56,-6,6
24274,122,116,6,6
24275,98,98,0,0
24276,82,77,5,5
24277,173,159,14,14
24278,78,77,1,1
24279,106,94,12,12
24280,103,112,-9,9
24281,78,74,4,4
24282,57,56,1,1
24283,125,134,-9,9
24284,103,113,-10,10
24285,100,106,-6,6
24286,78,81,-3,3
24287,122,113,9,9
24288,122,132,-10,10
24289,135,120,15,15
24290,110,96,14,14
24291,174,159,15,15
24292,54,57,-3,3
24293,43,46,-3,3
24294,82,78,4,4
24295,91,86,5,5
24296,104,96,8,8
24297,148,137,11,11
24298,30,36,-6,6
24299,115,108,7,7
24300,122,115,7,7
24301,126,118,8,8
24302,68,75,-7,7
24303,119,103,16,16
24304,124,133,-9,9
24305,81,67,14,14
24306,74,72,2,2
24307,75,77,-2,2
24308,57,61,-4,4
24309,92,63,29,29
24310,79,72,7,7
24311,118,122,-4,4
24312,62,66,-4,4
24313,86,75,11,11
24314,57,50,7,7
24315,93,108,-15,15
24316,111,107,4,4
24317,77,77,0,0
24318,66,73,-7,7
24319,142,109,33,33
24320,117,102,15,15
24321,48,52,-4,4
24322,195,176,19,19
24323,100,102,-2,2
24324,103,84,19,19
24325,59,69,-10,10
24326,76,75,1,1
24327,108,110,-2,2
24328,127,128,-1,1
24329,91,82,9,9
24330,67,71,-4,4
24331,157,149,8,8
24332,120,133,-13,13
24333,79,79,0,0
24334,95,97,-2,2
24335,103,102,1,1
24336,126,120,6,6
24337,73,100,-27,27
24338,53,64,-11,11
24339,126,126,0,0
24340,78,72,6,6
24341,128,125,3,3
24342,51,55,-4,4
24343,76,75,1,1
24344,130,131,-1,1
24345,87,89,-2,2
24346,76,83,-7,7
24347,71,66,5,5
24348,115,113,2,2
24349,119,119,0,0
24350,75,74,1,1
24351,75,86,-11,11
24352,93,90,3,3
24353,128,136,-8,8
24354,127,158,-31,31
24355,94,91,3,3
24356,133,121,12,12
24357,53,45,8,8
24358,146,135,11,11
24359,117,130,-13,13
24360,74,74,0,0
24361,126,125,1,1
24362,41,47,-6,6
24363,143,145,-2,2
24364,90,88,2,2
24365,73,79,-6,6
24366,156,151,5,5
24367,72,69,3,3
24368,59,58,1,1
24369,27,58,-31,31
24370,93,96,-3,3
24371,87,91,-4,4
24372,44,54,-10,10
24373,182,182,0,0
24374,90,92,-2,2
24375,170,155,15,15
24376,128,129,-1,1
24377,102,95,7,7
24378,99,98,1,1
24379,106,101,5,5
24380,86,81,5,5
24381,127,113,14,14
24382,99,89,10,10
24383,101,105,-4,4
24384,155,137,18,18
24385,184,163,21,21
24386,98,94,4,4
24387,95,97,-2,2
24388,108,136,-28,28
24389,103,112,-9,9
24390,147,144,3,3
24391,100,94,6,6
24392,76,96,-20,20
24393,308,215,93,93
24394,71,58,13,13
24395,80,82,-2,2
24396,88,82,6,6
24397,92,102,-10,10
24398,105,113,-8,8
24399,63,72,-9,9
24400,89,84,5,5
24401,77,89,-12,12
24402,94,92,2,2
24403,72,85,-13,13
24404,65,64,1,1
24405,132,125,7,7
24406,90,87,3,3
24407,83,82,1,1
24408,35,71,-36,36
24409,163,156,7,7
24410,73,71,2,2
24411,117,117,0,0
24412,87,81,6,6
24413,70,77,-7,7
24414,189,176,13,13
24415,81,80,1,1
24416,59,68,-9,9
24417,110,117,-7,7
24418,103,114,-11,11
24419,89,92,-3,3
24420,90,81,9,9
24421,475,330,145,145
24422,66,63,3,3
24423,97,106,-9,9
24424,89,83,6,6
24425,106,109,-3,3
24426,81,79,2,2
24427,143,143,0,0
24428,113,112,1,1
24429,83,84,-1,1
24430,276,271,5,5
24431,88,85,3,3
24432,91,95,-4,4
24433,179,162,17,17
24434,175,134,41,41
24435,86,86,0,0
24436,60,62,-2,2
24437,86,86,0,0
24438,104,99,5,5
24439,144,142,2,2
24440,93,90,3,3
24441,98,99,-1,1
24442,59,66,-7,7
24443,112,147,-35,35
24444,98,111,-13,13
24445,60,62,-2,2
24446,72,69,3,3
24447,42,48,-6,6
24448,57,54,3,3
24449,138,128,10,10
24450,99,93,6,6
24451,134,136,-2,2
24452,96,82,14,14
24453,101,113,-12,12
24454,88,100,-12,12
24455,79,85,-6,6
24456,61,55,6,6
24457,77,65,12,12
24458,119,116,3,3
24459,124,117,7,7
24460,77,80,-3,3
24461,81,81,0,0
24462,70,71,-1,1
24463,120,131,-11,11
24464,90,98,-8,8
24465,88,95,-7,7
24466,49,49,0,0
24467,70,65,5,5
24468,90,88,2,2
24469,70,66,4,4
24470,119,110,9,9
24471,99,97,2,2
24472,79,82,-3,3
24473,112,110,2,2
24474,63,70,-7,7
24475,40,50,-10,10
24476,145,137,8,8
24477,82,78,4,4
24478,87,85,2,2
24479,75,67,8,8
24480,71,69,2,2
24481,84,79,5,5
24482,85,79,6,6
24483,101,94,7,7
24484,111,96,15,15
24485,90,90,0,0
24486,63,63,0,0
24487,174,176,-2,2
24488,106,109,-3,3
24489,64,71,-7,7
24490,33,38,-5,5
24491,100,112,-12,12
24492,185,162,23,23
24493,68,67,1,1
24494,29,35,-6,6
24495,45,48,-3,3
24496,58,63,-5,5
24497,120,112,8,8
24498,124,116,8,8
24499,70,65,5,5
24500,104,111,-7,7
24501,101,97,4,4
24502,92,94,-2,2
24503,81,75,6,6
24504,59,62,-3,3
24505,84,84,0,0
24506,67,71,-4,4
24507,105,96,9,9
24508,81,81,0,0
24509,56,60,-4,4
24510,115,118,-3,3
24511,117,112,5,5
24512,95,86,9,9
24513,134,125,9,9
24514,89,91,-2,2
24515,136,135,1,1
24516,100,107,-7,7
24517,95,109,-14,14
24518,73,78,-5,5
24519,58,66,-8,8
24520,157,147,10,10
24521,77,78,-1,1
24522,54,46,8,8
24523,90,102,-12,12
24524,85,91,-6,6
24525,71,72,-1,1
24526,73,71,2,2
24527,87,81,6,6
24528,57,63,-6,6
24529,64,66,-2,2
24530,72,71,1,1
24531,184,160,24,24
24532,152,122,30,30
24533,88,88,0,0
24534,90,86,4,4
24535,96,103,-7,7
24536,117,109,8,8
24537,65,61,4,4
24538,101,92,9,9
24539,130,133,-3,3
24540,189,171,18,18
24541,80,86,-6,6
24542,72,75,-3,3
24543,99,102,-3,3
24544,131,124,7,7
24545,120,131,-11,11
24546,64,67,-3,3
24547,59,48,11,11
24548,69,71,-2,2
24549,44,53,-9,9
24550,85,95,-10,10
24551,51,70,-19,19
24552,70,74,-4,4
24553,61,70,-9,9
24554,110,124,-14,14
24555,69,74,-5,5
24556,56,57,-1,1
24557,125,141,-16,16
24558,91,83,8,8
24559,53,63,-10,10
24560,91,92,-1,1
24561,42,50,-8,8
24562,85,86,-1,1
24563,33,37,-4,4
24564,94,82,12,12
24565,143,142,1,1
24566,72,65,7,7
24567,85,84,1,1
24568,132,136,-4,4
24569,103,97,6,6
24570,131,112,19,19
24571,72,73,-1,1
24572,109,112,-3,3
24573,104,102,2,2
24574,128,121,7,7
24575,147,142,5,5
24576,90,88,2,2
24577,44,55,-11,11
24578,84,82,2,2
24579,129,129,0,0
24580,76,91,-15,15
24581,82,92,-10,10
24582,155,133,22,22
24583,141,129,12,12
24584,110,120,-10,10
24585,117,122,-5,5
24586,112,114,-2,2
24587,109,116,-7,7
24588,63,56,7,7
24589,68,69,-1,1
24590,140,132,8,8
24591,42,53,-11,11
24592,97,111,-14,14
24593,73,68,5,5
24594,49,47,2,2
24595,163,139,24,24
24596,116,115,1,1
24597,98,114,-16,16
24598,97,97,0,0
24599,76,78,-2,2
24600,84,81,3,3
24601,52,47,5,5
24602,134,128,6,6
24603,62,58,4,4
24604,123,125,-2,2
24605,55,56,-1,1
24606,80,83,-3,3
24607,77,77,0,0
24608,121,130,-9,9
24609,45,52,-7,7
24610,66,69,-3,3
24611,59,48,11,11
24612,45,53,-8,8
24613,63,64,-1,1
24614,65,77,-12,12
24615,95,92,3,3
24616,84,80,4,4
24617,110,125,-15,15
24618,83,84,-1,1
24619,133,115,18,18
24620,111,109,2,2
24621,69,70,-1,1
24622,43,44,-1,1
24623,97,107,-10,10
24624,78,92,-14,14
24625,75,75,0,0
24626,130,117,13,13
24627,73,74,-1,1
24628,156,151,5,5
24629,110,96,14,14
24630,132,132,0,0
24631,108,114,-6,6
24632,97,99,-2,2
24633,139,134,5,5
24634,88,83,5,5
24635,136,125,11,11
24636,115,109,6,6
24637,141,134,7,7
24638,125,122,3,3
24639,114,109,5,5
24640,127,125,2,2
24641,87,91,-4,4
24642,126,127,-1,1
24643,83,92,-9,9
24644,68,64,4,4
24645,100,99,1,1
24646,67,68,-1,1
24647,79,70,9,9
24648,123,118,5,5
24649,49,49,0,0
24650,73,90,-17,17
24651,105,99,6,6
24652,86,82,4,4
24653,78,89,-11,11
24654,97,91,6,6
24655,95,101,-6,6
24656,46,54,-8,8
24657,105,102,3,3
24658,157,148,9,9
24659,97,112,-15,15
24660,130,120,10,10
24661,114,129,-15,15
24662,56,60,-4,4
24663,37,42,-5,5
24664,133,133,0,0
24665,80,97,-17,17
24666,56,55,1,1
24667,64,63,1,1
24668,78,84,-6,6
24669,96,91,5,5
24670,90,85,5,5
24671,126,118,8,8
24672,85,85,0,0
24673,60,55,5,5
24674,92,87,5,5
24675,105,103,2,2
24676,92,91,1,1
24677,85,84,1,1
24678,187,164,23,23
24679,108,121,-13,13
24680,64,52,12,12
24681,99,93,6,6
24682,92,93,-1,1
24683,111,112,-1,1
24684,83,76,7,7
24685,92,86,6,6
24686,68,60,8,8
24687,158,138,20,20
24688,54,54,0,0
24689,86,74,12,12
24690,94,89,5,5
24691,102,100,2,2
24692,55,57,-2,2
24693,52,62,-10,10
24694,69,77,-8,8
24695,97,93,4,4
24696,59,68,-9,9
24697,86,82,4,4
24698,104,108,-4,4
24699,119,127,-8,8
24700,124,111,13,13
24701,99,98,1,1
24702,94,91,3,3
24703,129,134,-5,5
24704,134,118,16,16
24705,58,66,-8,8
24706,131,120,11,11
24707,100,93,7,7
24708,97,90,7,7
24709,75,68,7,7
24710,133,131,2,2
24711,87,78,9,9
24712,76,76,0,0
24713,55,55,0,0
24714,167,167,0,0
24715,108,114,-6,6
24716,64,67,-3,3
24717,56,67,-11,11
24718,49,71,-22,22
24719,55,51,4,4
24720,80,93,-13,13
24721,55,59,-4,4
24722,169,159,10,10
24723,156,152,4,4
24724,102,94,8,8
24725,94,91,3,3
24726,92,89,3,3
24727,116,130,-14,14
24728,120,122,-2,2
24729,107,104,3,3
24730,113,112,1,1
24731,75,78,-3,3
24732,67,62,5,5
24733,98,87,11,11
24734,193,175,18,18
24735,165,156,9,9
24736,92,80,12,12
24737,53,52,1,1
24738,82,92,-10,10
24739,113,120,-7,7
24740,89,96,-7,7
24741,93,83,10,10
24742,94,92,2,2
24743,87,84,3,3
24744,145,127,18,18
24745,142,136,6,6
24746,115,111,4,4
24747,82,86,-4,4
24748,87,92,-5,5
24749,74,64,10,10
24750,61,62,-1,1
24751,125,118,7,7
24752,74,75,-1,1
24753,129,125,4,4
24754,88,83,5,5
24755,93,97,-4,4
24756,83,83,0,0
24757,123,113,10,10
24758,103,102,1,1
24759,136,139,-3,3
24760,88,85,3,3
24761,94,91,3,3
24762,71,76,-5,5
24763,80,87,-7,7
24764,73,72,1,1
24765,90,81,9,9
24766,81,84,-3,3
24767,85,90,-5,5
24768,48,57,-9,9
24769,122,135,-13,13
24770,120,118,2,2
24771,100,109,-9,9
24772,123,115,8,8
24773,154,141,13,13
24774,49,61,-12,12
24775,110,95,15,15
24776,90,92,-2,2
24777,103,100,3,3
24778,69,77,-8,8
24779,113,109,4,4
24780,102,107,-5,5
24781,80,112,-32,32
24782,45,49,-4,4
24783,154,147,7,7
24784,116,110,6,6
24785,125,116,9,9
24786,182,161,21,21
24787,68,63,5,5
24788,82,68,14,14
24789,78,77,1,1
24790,60,74,-14,14
24791,119,112,7,7
24792,76,77,-1,1
24793,102,107,-5,5
24794,94,110,-16,16
24795,76,80,-4,4
24796,52,51,1,1
24797,82,71,11,11
24798,117,121,-4,4
24799,110,109,1,1
24800,165,153,12,12
24801,79,71,8,8
24802,132,125,7,7
24803,118,110,8,8
24804,95,89,6,6
24805,74,77,-3,3
24806,52,61,-9,9
24807,104,111,-7,7
24808,103,131,-28,28
24809,119,117,2,2
24810,99,100,-1,1
24811,141,133,8,8
24812,62,60,2,2
24813,95,92,3,3
24814,115,113,2,2
24815,97,111,-14,14
24816,46,50,-4,4
24817,122,128,-6,6
24818,121,124,-3,3
24819,102,110,-8,8
24820,148,140,8,8
24821,71,68,3,3
24822,114,102,12,12
24823,126,123,3,3
24824,84,79,5,5
24825,83,81,2,2
24826,101,85,16,16
24827,98,97,1,1
24828,121,112,9,9
24829,84,93,-9,9
24830,56,66,-10,10
24831,90,77,13,13
24832,85,81,4,4
24833,87,83,4,4
24834,113,117,-4,4
24835,140,139,1,1
24836,116,118,-2,2
24837,120,128,-8,8
24838,82,77,5,5
24839,150,138,12,12
24840,89,86,3,3
24841,72,72,0,0
24842,106,111,-5,5
24843,66,74,-8,8
24844,67,72,-5,5
24845,78,76,2,2
24846,118,114,4,4
24847,83,94,-11,11
24848,133,139,-6,6
24849,127,126,1,1
24850,178,165,13,13
24851,70,71,-1,1
24852,50,53,-3,3
24853,121,115,6,6
24854,127,124,3,3
24855,62,54,8,8
24856,74,72,2,2
24857,79,78,1,1
24858,95,89,6,6
24859,103,109,-6,6
24860,113,101,12,12
24861,58,72,-14,14
24862,162,124,38,38
24863,43,43,0,0
24864,73,66,7,7
24865,60,64,-4,4
24866,134,127,7,7
24867,66,70,-4,4
24868,42,58,-16,16
24869,89,85,4,4
24870,82,70,12,12
24871,133,130,3,3
24872,28,35,-7,7
24873,120,109,11,11
24874,60,57,3,3
24875,59,66,-7,7
24876,54,57,-3,3
24877,81,88,-7,7
24878,102,100,2,2
24879,47,53,-6,6
24880,90,73,17,17
24881,123,111,12,12
24882,83,81,2,2
24883,92,109,-17,17
24884,105,103,2,2
24885,108,94,14,14
24886,114,123,-9,9
24887,57,60,-3,3
24888,67,67,0,0
24889,85,92,-7,7
24890,68,71,-3,3
24891,55,56,-1,1
24892,93,86,7,7
24893,61,65,-4,4
24894,61,62,-1,1
24895,87,87,0,0
24896,85,84,1,1
24897,88,90,-2,2
24898,57,56,1,1
24899,65,69,-4,4
24900,58,61,-3,3
24901,118,116,2,2
24902,94,96,-2,2
24903,164,161,3,3
24904,74,78,-4,4
24905,106,148,-42,42
24906,97,115,-18,18
24907,117,115,2,2
24908,123,120,3,3
24909,72,81,-9,9
24910,73,70,3,3
24911,105,150,-45,45
24912,53,58,-5,5
24913,63,65,-2,2
24914,85,84,1,1
24915,136,143,-7,7
24916,113,102,11,11
24917,92,102,-10,10
24918,97,98,-1,1
24919,95,109,-14,14
24920,106,108,-2,2
24921,167,162,5,5
24922,121,133,-12,12
24923,42,47,-5,5
24924,80,87,-7,7
24925,48,61,-13,13
24926,116,115,1,1
24927,117,115,2,2
24928,67,68,-1,1
24929,69,69,0,0
24930,114,100,14,14
24931,134,124,10,10
24932,91,85,6,6
24933,88,82,6,6
24934,130,128,2,2
24935,187,183,4,4
24936,99,101,-2,2
24937,95,109,-14,14
24938,151,148,3,3
24939,97,97,0,0
24940,66,67,-1,1
24941,39,42,-3,3
24942,114,117,-3,3
24943,124,117,7,7
24944,109,111,-2,2
24945,92,110,-18,18
24946,50,55,-5,5
24947,139,132,7,7
24948,116,120,-4,4
24949,79,77,2,2
24950,69,83,-14,14
24951,95,99,-4,4
24952,112,117,-5,5
24953,57,67,-10,10
24954,57,60,-3,3
24955,112,121,-9,9
24956,77,81,-4,4
24957,79,87,-8,8
24958,115,113,2,2
24959,52,60,-8,8
24960,121,109,12,12
24961,93,95,-2,2
24962,51,54,-3,3
24963,71,73,-2,2
24964,126,130,-4,4
24965,149,140,9,9
24966,91,112,-21,21
24967,142,145,-3,3
24968,55,65,-10,10
24969,110,112,-2,2
24970,197,199,-2,2
24971,85,82,3,3
24972,115,114,1,1
24973,111,103,8,8
24974,136,123,13,13
24975,57,60,-3,3
24976,100,88,12,12
24977,121,114,7,7
24978,105,99,6,6
24979,145,152,-7,7
24980,93,89,4,4
24981,104,109,-5,5
24982,104,94,10,10
24983,89,82,7,7
24984,82,79,3,3
24985,137,123,14,14
24986,112,101,11,11
24987,99,91,8,8
24988,94,93,1,1
24989,140,130,10,10
24990,75,81,-6,6
24991,114,116,-2,2
24992,71,71,0,0
24993,155,133,22,22
24994,71,72,-1,1
24995,61,59,2,2
24996,84,96,-12,12
24997,75,72,3,3
24998,128,136,-8,8
24999,247,247,0,0
25000,101,110,-9,9
25001,113,108,5,5
25002,116,115,1,1
25003,112,111,1,1
25004,83,85,-2,2
25005,52,60,-8,8
25006,73,60,13,13
25007,43,54,-11,11
25008,96,100,-4,4
25009,49,59,-10,10
25010,57,64,-7,7
25011,104,124,-20,20
25012,86,86,0,0
25013,66,70,-4,4
25014,69,82,-13,13
25015,92,97,-5,5
25016,120,122,-2,2
25017,124,126,-2,2
25018,109,103,6,6
25019,90,102,-12,12
25020,88,82,6,6
25021,60,61,-1,1
25022,100,108,-8,8
25023,171,202,-31,31
25024,55,58,-3,3
25025,143,139,4,4
25026,104,100,4,4
25027,120,121,-1,1
25028,132,131,1,1
25029,142,145,-3,3
25030,68,70,-2,2
25031,74,72,2,2
25032,107,105,2,2
25033,82,76,6,6
25034,48,50,-2,2
25035,83,78,5,5
25036,66,66,0,0
25037,90,90,0,0
25038,114,119,-5,5
25039,123,108,15,15
25040,140,128,12,12
25041,71,63,8,8
25042,112,108,4,4
25043,175,182,-7,7
25044,148,134,14,14
25045,87,83,4,4
25046,156,155,1,1
25047,44,45,-1,1
25048,105,109,-4,4
25049,120,125,-5,5
25050,65,66,-1,1
25051,120,122,-2,2
25052,69,69,0,0
25053,91,99,-8,8
25054,135,112,23,23
25055,133,134,-1,1
25056,81,84,-3,3
25057,74,67,7,7
25058,144,143,1,1
25059,146,147,-1,1
25060,95,81,14,14
25061,223,191,32,32
25062,126,110,16,16
25063,49,52,-3,3
25064,102,102,0,0
25065,116,113,3,3
25066,60,59,1,1
25067,154,149,5,5
25068,134,117,17,17
25069,100,100,0,0
25070,76,68,8,8
25071,74,74,0,0
25072,77,68,9,9
25073,88,85,3,3
25074,76,85,-9,9
25075,81,81,0,0
25076,165,160,5,5
25077,108,106,2,2
25078,53,25,28,28
25079,59,63,-4,4
25080,85,109,-24,24
25081,98,96,2,2
25082,58,60,-2,2
25083,105,108,-3,3
25084,148,145,3,3
25085,159,138,21,21
25086,163,166,-3,3
25087,102,97,5,5
25088,71,92,-21,21
25089,156,144,12,12
25090,97,92,5,5
25091,97,90,7,7
25092,72,71,1,1
25093,83,110,-27,27
25094,81,65,16,16
25095,103,98,5,5
25096,95,96,-1,1
25097,82,95,-13,13
25098,121,118,3,3
25099,78,82,-4,4
25100,98,94,4,4
25101,145,147,-2,2
25102,122,118,4,4
25103,123,113,10,10
25104,76,69,7,7
25105,195,177,18,18
25106,48,43,5,5
25107,59,72,-13,13
25108,73,75,-2,2
25109,73,74,-1,1
25110,63,56,7,7
25111,178,157,21,21
25112,69,70,-1,1
25113,96,95,1,1
25114,67,68,-1,1
25115,46,47,-1,1
25116,88,90,-2,2
25117,47,56,-9,9
25118,45,48,-3,3
25119,47,44,3,3
25120,123,119,4,4
25121,124,122,2,2
25122,167,157,10,10
25123,136,125,11,11
25124,72,77,-5,5
25125,109,111,-2,2
25126,74,75,-1,1
25127,80,77,3,3
25128,126,125,1,1
25129,119,113,6,6
25130,60,65,-5,5
25131,98,98,0,0
25132,128,116,12,12
25133,96,90,6,6
25134,109,108,1,1
25135,135,126,9,9
25136,86,77,9,9
25137,125,123,2,2
25138,71,77,-6,6
25139,137,133,4,4
25140,86,92,-6,6
25141,150,156,-6,6
25142,83,92,-9,9
25143,57,57,0,0
25144,87,88,-1,1
25145,58,67,-9,9
25146,74,82,-8,8
25147,168,147,21,21
25148,145,132,13,13
25149,65,66,-1,1
25150,76,78,-2,2
25151,114,114,0,0
25152,151,152,-1,1
25153,146,163,-17,17
25154,65,69,-4,4
25155,77,93,-16,16
25156,165,149,16,16
25157,89,110,-21,21
25158,107,100,7,7
25159,96,115,-19,19
25160,115,116,-1,1
25161,74,71,3,3
25162,160,157,3,3
25163,82,85,-3,3
25164,80,76,4,4
25165,94,100,-6,6
25166,97,97,0,0
25167,48,63,-15,15
25168,79,69,10,10
25169,16,31,-15,15
25170,100,99,1,1
25171,51,65,-14,14
25172,86,84,2,2
25173,108,111,-3,3
25174,46,45,1,1
25175,55,62,-7,7
25176,112,124,-12,12
25177,84,84,0,0
25178,100,99,1,1
25179,150,136,14,14
25180,138,134,4,4
25181,92,90,2,2
25182,66,68,-2,2
25183,103,100,3,3
25184,96,93,3,3
25185,148,152,-4,4
25186,81,82,-1,1
25187,45,70,-25,25
25188,126,123,3,3
25189,168,162,6,6
25190,76,80,-4,4
25191,134,144,-10,10
25192,83,86,-3,3
25193,118,114,4,4
25194,117,110,7,7
25195,100,110,-10,10
25196,96,99,-3,3
25197,122,118,4,4
25198,76,83,-7,7
25199,96,109,-13,13
25200,103,97,6,6
25201,70,74,-4,4
25202,209,184,25,25
25203,75,76,-1,1
25204,54,72,-18,18
25205,111,112,-1,1
25206,70,68,2,2
25207,100,102,-2,2
25208,108,97,11,11
25209,56,64,-8,8
25210,172,181,-9,9
25211,67,68,-1,1
25212,118,106,12,12
25213,47,50,-3,3
25214,69,69,0,0
25215,85,91,-6,6
25216,63,56,7,7
25217,267,232,35,35
25218,101,99,2,2
25219,126,116,10,10
25220,99,103,-4,4
25221,124,131,-7,7
25222,145,134,11,11
25223,83,82,1,1
25224,96,88,8,8
25225,149,165,-16,16
25226,65,67,-2,2
25227,83,79,4,4
25228,51,53,-2,2
25229,73,85,-12,12
25230,164,148,16,16
25231,76,83,-7,7
25232,86,82,4,4
25233,128,115,13,13
25234,126,111,15,15
25235,75,71,4,4
25236,85,85,0,0
25237,59,55,4,4
25238,80,72,8,8
25239,115,110,5,5
25240,96,90,6,6
25241,57,61,-4,4
25242,78,74,4,4
25243,92,83,9,9
25244,114,114,0,0
25245,97,89,8,8
25246,67,66,1,1
25247,68,86,-18,18
25248,88,86,2,2
25249,58,62,-4,4
25250,86,93,-7,7
25251,81,83,-2,2
25252,80,80,0,0
25253,107,113,-6,6
25254,65,66,-1,1
25255,77,75,2,2
25256,30,48,-18,18
25257,81,81,0,0
25258,91,98,-7,7
25259,62,70,-8,8
25260,78,87,-9,9
25261,103,95,8,8
25262,113,112,1,1
25263,121,117,4,4
25264,75,74,1,1
25265,113,113,0,0
25266,52,59,-7,7
25267,93,101,-8,8
25268,51,65,-14,14
25269,128,116,12,12
25270,86,74,12,12
25271,107,108,-1,1
25272,105,107,-2,2
25273,195,189,6,6
25274,64,61,3,3
25275,56,70,-14,14
25276,38,73,-35,35
25277,111,131,-20,20
25278,72,72,0,0
25279,103,108,-5,5
25280,93,90,3,3
25281,90,98,-8,8
25282,64,70,-6,6
25283,142,134,8,8
25284,96,102,-6,6
25285,85,86,-1,1
25286,99,97,2,2
25287,52,54,-2,2
25288,117,137,-20,20
25289,76,76,0,0
25290,80,85,-5,5
25291,99,88,11,11
25292,103,96,7,7
25293,60,67,-7,7
25294,96,98,-2,2
25295,112,113,-1,1
25296,77,72,5,5
25297,126,115,11,11
25298,125,127,-2,2
25299,132,137,-5,5
25300,79,85,-6,6
25301,106,110,-4,4
25302,35,44,-9,9
25303,85,77,8,8
25304,63,59,4,4
25305,65,71,-6,6
25306,23,54,-31,31
25307,73,73,0,0
25308,103,110,-7,7
25309,79,78,1,1
25310,81,84,-3,3
25311,54,54,0,0
25312,77,78,-1,1
25313,90,88,2,2
25314,92,94,-2,2
25315,54,58,-4,4
25316,101,108,-7,7
25317,102,91,11,11
25318,77,81,-4,4
25319,113,125,-12,12
25320,166,153,13,13
25321,74,78,-4,4
25322,116,116,0,0
25323,127,135,-8,8
25324,89,86,3,3
25325,101,100,1,1
25326,103,110,-7,7
25327,127,126,1,1
25328,83,77,6,6
25329,123,128,-5,5
25330,118,120,-2,2
25331,160,158,2,2
25332,79,79,0,0
25333,76,71,5,5
25334,51,48,3,3
25335,110,116,-6,6
25336,112,129,-17,17
25337,73,71,2,2
25338,90,83,7,7
25339,87,87,0,0
25340,97,96,1,1
25341,51,52,-1,1
25342,175,170,5,5
25343,51,56,-5,5
25344,96,94,2,2
25345,96,81,15,15
25346,87,90,-3,3
25347,98,93,5,5
25348,195,178,17,17
25349,74,71,3,3
25350,111,107,4,4
25351,62,60,2,2
25352,62,72,-10,10
25353,50,53,-3,3
25354,77,73,4,4
25355,68,62,6,6
25356,72,74,-2,2
25357,82,76,6,6
25358,69,71,-2,2
25359,133,133,0,0
25360,57,62,-5,5
25361,87,100,-13,13
25362,86,81,5,5
25363,53,84,-31,31
25364,111,138,-27,27
25365,85,94,-9,9
25366,68,72,-4,4
25367,82,89,-7,7
25368,125,115,10,10
25369,127,119,8,8
25370,46,82,-36,36
25371,125,132,-7,7
25372,133,125,8,8
25373,84,89,-5,5
25374,70,67,3,3
25375,130,117,13,13
25376,86,87,-1,1
25377,161,154,7,7
25378,100,124,-24,24
25379,107,109,-2,2
25380,89,94,-5,5
25381,62,49,13,13
25382,75,76,-1,1
25383,82,81,1,1
25384,104,109,-5,5
25385,83,94,-11,11
25386,109,102,7,7
25387,57,48,9,9
25388,125,121,4,4
25389,87,74,13,13
25390,201,170,31,31
25391,75,76,-1,1
25392,80,83,-3,3
25393,143,154,-11,11
25394,120,120,0,0
25395,146,144,2,2
25396,70,65,5,5
25397,93,90,3,3
25398,110,114,-4,4
25399,43,50,-7,7
25400,97,89,8,8
25401,70,63,7,7
25402,85,82,3,3
25403,91,99,-8,8
25404,85,91,-6,6
25405,120,114,6,6
25406,70,74,-4,4
25407,61,69,-8,8
25408,67,67,0,0
25409,156,149,7,7
25410,45,41,4,4
25411,121,131,-10,10
25412,93,109,-16,16
25413,111,120,-9,9
25414,72,76,-4,4
25415,44,47,-3,3
25416,140,149,-9,9
25417,52,54,-2,2
25418,70,73,-3,3
25419,117,119,-2,2
25420,60,53,7,7
25421,73,89,-16,16
25422,107,99,8,8
25423,90,96,-6,6
25424,59,68,-9,9
25425,102,102,0,0
25426,73,72,1,1
25427,86,90,-4,4
25428,58,61,-3,3
25429,66,65,1,1
25430,62,98,-36,36
25431,130,124,6,6
25432,121,109,12,12
25433,114,110,4,4
25434,128,130,-2,2
25435,106,110,-4,4
25436,94,87,7,7
25437,139,137,2,2
25438,57,55,2,2
25439,62,74,-12,12
25440,59,64,-5,5
25441,134,121,13,13
25442,88,85,3,3
25443,67,72,-5,5
25444,91,91,0,0
25445,79,75,4,4
25446,99,100,-1,1
25447,135,146,-11,11
25448,118,123,-5,5
25449,97,95,2,2
25450,96,85,11,11
25451,81,80,1,1
25452,93,97,-4,4
25453,108,111,-3,3
25454,69,66,3,3
25455,106,110,-4,4
25456,80,83,-3,3
25457,108,110,-2,2
25458,95,88,7,7
25459,41,41,0,0
25460,97,93,4,4
25461,161,136,25,25
25462,96,96,0,0
25463,86,93,-7,7
25464,123,114,9,9
25465,84,76,8,8
25466,81,86,-5,5
25467,99,98,1,1
25468,108,101,7,7
25469,57,67,-10,10
25470,82,88,-6,6
25471,117,145,-28,28
25472,78,87,-9,9
25473,206,199,7,7
25474,70,70,0,0
25475,66,70,-4,4
25476,132,120,12,12
25477,73,69,4,4
25478,53,61,-8,8
25479,47,55,-8,8
25480,73,81,-8,8
25481,72,77,-5,5
25482,96,87,9,9
25483,182,180,2,2
25484,80,73,7,7
25485,98,93,5,5
25486,103,109,-6,6
25487,182,181,1,1
25488,136,143,-7,7
25489,101,105,-4,4
25490,81,77,4,4
25491,161,151,10,10
25492,83,90,-7,7
25493,57,67,-10,10
25494,119,110,9,9
25495,103,97,6,6
25496,143,131,12,12
25497,61,101,-40,40
25498,117,111,6,6
25499,113,112,1,1
25500,94,97,-3,3
25501,70,74,-4,4
25502,116,123,-7,7
25503,102,91,11,11
25504,154,150,4,4
25505,91,85,6,6
25506,105,115,-10,10
25507,114,124,-10,10
25508,160,165,-5,5
25509,94,94,0,0
25510,151,134,17,17
25511,170,162,8,8
25512,76,69,7,7
25513,74,71,3,3
25514,101,100,1,1
25515,62,61,1,1
25516,84,86,-2,2
25517,109,113,-4,4
25518,106,106,0,0
25519,119,111,8,8
25520,89,93,-4,4
25521,53,52,1,1
25522,37,37,0,0
25523,97,95,2,2
25524,91,87,4,4
25525,94,85,9,9
25526,111,96,15,15
25527,203,200,3,3
25528,71,71,0,0
25529,63,69,-6,6
25530,55,62,-7,7
25531,87,80,7,7
25532,125,140,-15,15
25533,101,109,-8,8
25534,98,87,11,11
25535,116,123,-7,7
25536,79,84,-5,5
25537,206,191,15,15
25538,102,116,-14,14
25539,153,150,3,3
25540,86,90,-4,4
25541,60,60,0,0
25542,95,109,-14,14
25543,156,148,8,8
25544,90,82,8,8
25545,131,126,5,5
25546,107,104,3,3
25547,56,61,-5,5
25548,96,96,0,0
25549,67,74,-7,7
25550,66,65,1,1
25551,116,118,-2,2
25552,97,100,-3,3
25553,132,127,5,5
25554,87,93,-6,6
25555,94,98,-4,4
25556,50,51,-1,1
25557,104,94,10,10
25558,179,185,-6,6
25559,121,102,19,19
25560,54,61,-7,7
25561,86,75,11,11
25562,29,35,-6,6
25563,109,110,-1,1
25564,81,84,-3,3
25565,75,85,-10,10
25566,179,161,18,18
25567,59,53,6,6
25568,122,114,8,8
25569,209,189,20,20
25570,53,57,-4,4
25571,79,71,8,8
25572,97,95,2,2
25573,99,108,-9,9
25574,50,52,-2,2
25575,81,88,-7,7
25576,77,73,4,4
25577,179,168,11,11
25578,100,110,-10,10
25579,57,65,-8,8
25580,88,93,-5,5
25581,47,51,-4,4
25582,92,95,-3,3
25583,94,87,7,7
25584,49,62,-13,13
25585,155,135,20,20
25586,93,100,-7,7
25587,160,145,15,15
25588,34,42,-8,8
25589,109,100,9,9
25590,112,111,1,1
25591,65,62,3,3
25592,76,72,4,4
25593,82,90,-8,8
25594,97,80,17,17
25595,72,75,-3,3
25596,95,101,-6,6
25597,59,65,-6,6
25598,52,53,-1,1
25599,81,70,11,11
25600,87,82,5,5
25601,129,123,6,6
25602,57,65,-8,8
25603,54,60,-6,6
25604,122,109,13,13
25605,90,93,-3,3
25606,136,129,7,7
25607,55,51,4,4
25608,69,78,-9,9
25609,118,114,4,4
25610,103,107,-4,4
25611,70,70,0,0
25612,43,49,-6,6
25613,66,70,-4,4
25614,140,141,-1,1
25615,89,94,-5,5
25616,147,119,28,28
25617,112,113,-1,1
25618,78,67,11,11
25619,40,45,-5,5
25620,55,58,-3,3
25621,77,75,2,2
25622,80,94,-14,14
25623,71,75,-4,4
25624,82,83,-1,1
25625,82,85,-3,3
25626,93,107,-14,14
25627,68,67,1,1
25628,96,87,9,9
25629,116,113,3,3
25630,53,70,-17,17
25631,87,81,6,6
25632,116,117,-1,1
25633,102,97,5,5
25634,89,85,4,4
25635,121,115,6,6
25636,92,88,4,4
25637,29,51,-22,22
25638,98,88,10,10
25639,70,62,8,8
25640,127,118,9,9
25641,208,193,15,15
25642,85,80,5,5
25643,84,92,-8,8
25644,92,94,-2,2
25645,118,131,-13,13
25646,66,72,-6,6
25647,79,80,-1,1
25648,167,152,15,15
25649,174,170,4,4
25650,92,91,1,1
25651,90,98,-8,8
25652,103,97,6,6
25653,85,82,3,3
25654,43,44,-1,1
25655,144,143,1,1
25656,66,63,3,3
25657,33,51,-18,18
25658,50,55,-5,5
25659,68,68,0,0
25660,152,162,-10,10
25661,102,97,5,5
25662,45,43,2,2
25663,67,67,0,0
25664,59,64,-5,5
25665,92,102,-10,10
25666,138,137,1,1
25667,152,148,4,4
25668,79,74,5,5
25669,122,126,-4,4
25670,122,119,3,3
25671,59,65,-6,6
25672,164,149,15,15
25673,93,145,-52,52
25674,86,94,-8,8
25675,133,124,9,9
25676,95,110,-15,15
25677,86,95,-9,9
25678,76,73,3,3
25679,152,148,4,4
25680,99,87,12,12
25681,62,61,1,1
25682,92,97,-5,5
25683,105,98,7,7
25684,95,89,6,6
25685,103,81,22,22
25686,64,70,-6,6
25687,113,126,-13,13
25688,139,143,-4,4
25689,116,110,6,6
25690,109,114,-5,5
25691,110,112,-2,2
25692,102,107,-5,5
25693,108,117,-9,9
25694,83,72,11,11
25695,151,149,2,2
25696,84,93,-9,9
25697,109,99,10,10
25698,136,129,7,7
25699,109,103,6,6
25700,136,115,21,21
25701,109,108,1,1
25702,68,77,-9,9
25703,76,75,1,1
25704,81,83,-2,2
25705,102,98,4,4
25706,139,135,4,4
25707,86,88,-2,2
25708,105,99,6,6
25709,58,65,-7,7
25710,35,48,-13,13
25711,49,59,-10,10
25712,82,80,2,2
25713,70,77,-7,7
25714,79,78,1,1
25715,66,61,5,5
25716,122,120,2,2
25717,77,65,12,12
25718,120,116,4,4
25719,155,139,16,16
25720,123,124,-1,1
25721,74,81,-7,7
25722,88,83,5,5
25723,143,139,4,4
25724,88,77,11,11
25725,57,59,-2,2
25726,130,128,2,2
25727,81,87,-6,6
25728,83,90,-7,7
25729,173,150,23,23
25730,66,68,-2,2
25731,91,91,0,0
25732,70,68,2,2
25733,73,63,10,10
25734,72,77,-5,5
25735,73,71,2,2
25736,109,120,-11,11
25737,106,59,47,47
25738,72,70,2,2
25739,80,86,-6,6
25740,188,173,15,15
25741,112,113,-1,1
25742,116,114,2,2
25743,115,105,10,10
25744,97,96,1,1
25745,171,167,4,4
25746,96,99,-3,3
25747,97,92,5,5
25748,60,65,-5,5
25749,119,105,14,14
25750,144,138,6,6
25751,64,64,0,0
25752,55,60,-5,5
25753,92,90,2,2
25754,92,86,6,6
25755,133,139,-6,6
25756,62,64,-2,2
25757,143,141,2,2
25758,92,96,-4,4
25759,95,116,-21,21
25760,43,42,1,1
25761,110,109,1,1
25762,94,82,12,12
25763,68,67,1,1
25764,81,82,-1,1
25765,150,135,15,15
25766,129,127,2,2
25767,133,123,10,10
25768,105,107,-2,2
25769,66,82,-16,16
25770,91,92,-1,1
25771,90,79,11,11
25772,117,100,17,17
25773,140,135,5,5
25774,165,158,7,7
25775,95,96,-1,1
25776,85,75,10,10
25777,158,137,21,21
25778,138,141,-3,3
25779,96,98,-2,2
25780,122,121,1,1
25781,65,63,2,2
25782,63,65,-2,2
25783,111,110,1,1
25784,80,97,-17,17
25785,79,81,-2,2
25786,100,90,10,10
25787,81,85,-4,4
25788,92,89,3,3
25789,75,92,-17,17
25790,82,86,-4,4
25791,79,87,-8,8
25792,57,62,-5,5
25793,148,122,26,26
25794,79,81,-2,2
25795,122,119,3,3
25796,82,83,-1,1
25797,61,62,-1,1
25798,38,44,-6,6
25799,94,108,-14,14
25800,101,87,14,14
25801,89,84,5,5
25802,68,64,4,4
25803,47,53,-6,6
25804,90,88,2,2
25805,60,63,-3,3
25806,114,109,5,5
25807,80,88,-8,8
25808,127,115,12,12
25809,102,113,-11,11
25810,69,66,3,3
25811,53,66,-13,13
25812,59,62,-3,3
25813,95,98,-3,3
25814,64,64,0,0
25815,144,149,-5,5
25816,71,56,15,15
25817,100,108,-8,8
25818,116,118,-2,2
25819,104,99,5,5
25820,177,180,-3,3
25821,108,109,-1,1
25822,132,125,7,7
25823,118,109,9,9
25824,135,149,-14,14
25825,115,115,0,0
25826,73,75,-2,2
25827,133,122,11,11
25828,95,92,3,3
25829,80,80,0,0
25830,48,68,-20,20
25831,158,153,5,5
25832,73,78,-5,5
25833,94,89,5,5
25834,74,97,-23,23
25835,154,156,-2,2
25836,127,130,-3,3
25837,73,70,3,3
25838,89,84,5,5
25839,61,68,-7,7
25840,87,80,7,7
25841,65,84,-19,19
25842,81,87,-6,6
25843,99,98,1,1
25844,83,89,-6,6
25845,90,95,-5,5
25846,82,81,1,1
25847,115,105,10,10
25848,137,143,-6,6
25849,78,80,-2,2
25850,94,82,12,12
25851,101,99,2,2
25852,96,93,3,3
25853,77,75,2,2
25854,112,107,5,5
25855,138,139,-1,1
25856,98,95,3,3
25857,91,98,-7,7
25858,143,135,8,8
25859,153,151,2,2
25860,40,45,-5,5
25861,69,67,2,2
25862,67,68,-1,1
25863,43,51,-8,8
25864,104,102,2,2
25865,117,112,5,5
25866,84,78,6,6
25867,84,90,-6,6
25868,74,70,4,4
25869,75,71,4,4
25870,147,153,-6,6
25871,94,98,-4,4
25872,92,88,4,4
25873,71,75,-4,4
25874,84,83,1,1
25875,78,99,-21,21
25876,83,80,3,3
25877,84,92,-8,8
25878,42,46,-4,4
25879,149,151,-2,2
25880,95,107,-12,12
25881,132,121,11,11
25882,83,93,-10,10
25883,131,136,-5,5
25884,62,74,-12,12
25885,87,89,-2,2
25886,91,86,5,5
25887,155,168,-13,13
25888,73,80,-7,7
25889,98,102,-4,4
25890,72,68,4,4
25891,75,81,-6,6
25892,147,144,3,3
25893,54,62,-8,8
25894,128,122,6,6
25895,98,97,1,1
25896,111,113,-2,2
25897,81,84,-3,3
25898,87,81,6,6
25899,28,63,-35,35
25900,123,124,-1,1
25901,82,79,3,3
25902,82,73,9,9
25903,113,109,4,4
25904,121,134,-13,13
25905,124,124,0,0
25906,85,82,3,3
25907,82,84,-2,2
25908,107,111,-4,4
25909,113,115,-2,2
25910,74,85,-11,11
25911,97,90,7,7
25912,56,66,-10,10
25913,89,88,1,1
25914,132,125,7,7
25915,134,130,4,4
25916,93,96,-3,3
25917,128,141,-13,13
25918,121,125,-4,4
25919,132,140,-8,8
25920,114,115,-1,1
25921,93,91,2,2
25922,132,128,4,4
25923,139,121,18,18
25924,59,62,-3,3
25925,185,165,20,20
25926,47,57,-10,10
25927,68,70,-2,2
25928,122,132,-10,10
25929,130,136,-6,6
25930,98,106,-8,8
25931,42,40,2,2
25932,125,126,-1,1
25933,56,59,-3,3
25934,129,129,0,0
25935,60,82,-22,22
25936,51,55,-4,4
25937,78,76,2,2
25938,62,66,-4,4
25939,80,95,-15,15
25940,39,49,-10,10
25941,120,124,-4,4
25942,100,94,6,6
25943,112,123,-11,11
25944,85,84,1,1
25945,118,114,4,4
25946,124,133,-9,9
25947,56,57,-1,1
25948,97,99,-2,2
25949,83,89,-6,6
25950,91,96,-5,5
25951,68,69,-1,1
25952,108,114,-6,6
25953,87,90,-3,3
25954,57,63,-6,6
25955,70,65,5,5
25956,87,87,0,0
25957,111,107,4,4
25958,79,83,-4,4
25959,117,109,8,8
25960,95,99,-4,4
25961,139,134,5,5
25962,52,49,3,3
25963,47,97,-50,50
25964,104,104,0,0
25965,89,82,7,7
25966,86,93,-7,7
25967,90,85,5,5
25968,113,110,3,3
25969,89,90,-1,1
25970,94,98,-4,4
25971,134,130,4,4
25972,63,62,1,1
25973,102,98,4,4
25974,146,134,12,12
25975,140,139,1,1
25976,73,76,-3,3
25977,127,124,3,3
25978,47,56,-9,9
25979,90,110,-20,20
25980,77,77,0,0
25981,136,126,10,10
25982,121,124,-3,3
25983,82,74,8,8
25984,114,122,-8,8
25985,114,111,3,3
25986,80,77,3,3
25987,82,75,7,7
25988,79,77,2,2
25989,107,113,-6,6
25990,113,98,15,15
25991,114,111,3,3
25992,52,60,-8,8
25993,67,69,-2,2
25994,74,77,-3,3
25995,113,114,-1,1
25996,77,73,4,4
25997,125,135,-10,10
25998,60,58,2,2
25999,78,78,0,0
26000,94,96,-2,2
26001,102,97,5,5
26002,115,112,3,3
26003,114,111,3,3
26004,115,121,-6,6
26005,109,108,1,1
26006,107,114,-7,7
26007,80,77,3,3
26008,111,105,6,6
26009,36,58,-22,22
26010,78,78,0,0
26011,87,84,3,3
26012,74,74,0,0
26013,70,77,-7,7
26014,64,63,1,1
26015,51,51,0,0
26016,97,99,-2,2
26017,106,108,-2,2
26018,150,148,2,2
26019,105,101,4,4
26020,80,82,-2,2
26021,81,82,-1,1
26022,78,83,-5,5
26023,103,111,-8,8
26024,68,68,0,0
26025,69,69,0,0
26026,100,119,-19,19
26027,100,83,17,17
26028,171,163,8,8
26029,102,95,7,7
26030,98,85,13,13
26031,81,87,-6,6
26032,86,76,10,10
26033,47,52,-5,5
26034,83,88,-5,5
26035,139,139,0,0
26036,71,75,-4,4
26037,142,141,1,1
26038,65,62,3,3
26039,68,68,0,0
26040,63,64,-1,1
26041,105,95,10,10
26042,53,57,-4,4
26043,126,121,5,5
26044,137,138,-1,1
26045,64,60,4,4
26046,126,139,-13,13
26047,117,113,4,4
26048,65,90,-25,25
26049,133,138,-5,5
26050,64,61,3,3
26051,96,88,8,8
26052,92,92,0,0
26053,99,109,-10,10
26054,148,149,-1,1
26055,54,57,-3,3
26056,99,80,19,19
26057,89,97,-8,8
26058,63,60,3,3
26059,90,89,1,1
26060,71,80,-9,9
26061,82,73,9,9
26062,89,82,7,7
26063,58,57,1,1
26064,88,92,-4,4
26065,91,94,-3,3
26066,29,33,-4,4
26067,63,66,-3,3
26068,73,71,2,2
26069,68,61,7,7
26070,76,78,-2,2
26071,73,69,4,4
26072,152,139,13,13
26073,113,96,17,17
26074,57,55,2,2
26075,81,78,3,3
26076,102,112,-10,10
26077,87,114,-27,27
26078,106,103,3,3
26079,83,86,-3,3
26080,164,154,10,10
26081,122,108,14,14
26082,68,77,-9,9
26083,79,74,5,5
26084,57,60,-3,3
26085,116,121,-5,5
26086,57,62,-5,5
26087,105,93,12,12
26088,95,87,8,8
26089,164,161,3,3
26090,159,165,-6,6
26091,92,81,11,11
26092,100,112,-12,12
26093,64,58,6,6
26094,121,160,-39,39
26095,157,149,8,8
26096,116,114,2,2
26097,46,55,-9,9
26098,106,104,2,2
26099,67,73,-6,6
26100,83,84,-1,1
26101,66,62,4,4
26102,105,112,-7,7
26103,166,167,-1,1
26104,109,88,21,21
26105,75,72,3,3
26106,86,85,1,1
26107,91,84,7,7
26108,76,71,5,5
26109,149,157,-8,8
26110,102,94,8,8
26111,76,77,-1,1
26112,64,61,3,3
26113,108,108,0,0
26114,99,95,4,4
26115,104,104,0,0
26116,136,140,-4,4
26117,72,85,-13,13
26118,92,80,12,12
26119,70,69,1,1
26120,69,69,0,0
26121,154,141,13,13
26122,129,123,6,6
26123,102,99,3,3
26124,107,109,-2,2
26125,107,110,-3,3
26126,75,71,4,4
26127,108,103,5,5
26128,96,88,8,8
26129,80,85,-5,5
26130,73,77,-4,4
26131,129,127,2,2
26132,57,57,0,0
26133,92,89,3,3
26134,70,78,-8,8
26135,61,68,-7,7
26136,52,65,-13,13
26137,145,139,6,6
26138,74,80,-6,6
26139,75,74,1,1
26140,134,134,0,0
26141,105,111,-6,6
26142,108,94,14,14
26143,98,98,0,0
26144,96,87,9,9
26145,135,137,-2,2
26146,103,108,-5,5
26147,84,81,3,3
26148,132,124,8,8
26149,114,98,16,16
26150,87,81,6,6
26151,55,61,-6,6
26152,65,58,7,7
26153,48,54,-6,6
26154,64,65,-1,1
26155,113,96,17,17
26156,137,129,8,8
26157,124,124,0,0
26158,47,53,-6,6
26159,103,97,6,6
26160,136,133,3,3
26161,80,79,1,1
26162,65,99,-34,34
26163,117,109,8,8
26164,113,119,-6,6
26165,71,64,7,7
26166,132,141,-9,9
26167,102,86,16,16
26168,191,181,10,10
26169,127,117,10,10
26170,102,103,-1,1
26171,104,94,10,10
26172,113,113,0,0
26173,74,89,-15,15
26174,143,143,0,0
26175,73,68,5,5
26176,143,139,4,4
26177,120,111,9,9
26178,95,95,0,0
26179,84,87,-3,3
26180,146,145,1,1
26181,70,67,3,3
26182,125,109,16,16
26183,79,79,0,0
26184,77,83,-6,6
26185,69,65,4,4
26186,100,98,2,2
26187,190,166,24,24
26188,90,92,-2,2
26189,67,83,-16,16
26190,179,175,4,4
26191,68,79,-11,11
26192,79,94,-15,15
26193,149,135,14,14
26194,87,61,26,26
26195,58,83,-25,25
26196,176,184,-8,8
26197,67,66,1,1
26198,76,77,-1,1
26199,127,124,3,3
26200,73,67,6,6
26201,68,71,-3,3
26202,70,70,0,0
26203,101,95,6,6
26204,122,132,-10,10
26205,95,89,6,6
26206,90,92,-2,2
26207,85,92,-7,7
26208,138,133,5,5
26209,115,118,-3,3
26210,122,116,6,6
26211,59,58,1,1
26212,51,53,-2,2
26213,106,96,10,10
26214,110,113,-3,3
26215,111,116,-5,5
26216,62,81,-19,19
26217,93,82,11,11
26218,46,48,-2,2
26219,107,112,-5,5
26220,144,131,13,13
26221,92,80,12,12
26222,92,90,2,2
26223,95,106,-11,11
26224,154,150,4,4
26225,54,54,0,0
26226,102,103,-1,1
26227,61,67,-6,6
26228,109,116,-7,7
26229,155,130,25,25
26230,83,70,13,13
26231,79,80,-1,1
26232,102,99,3,3
26233,133,117,16,16
26234,134,141,-7,7
26235,81,77,4,4
26236,151,149,2,2
26237,46,50,-4,4
26238,97,91,6,6
26239,62,62,0,0
26240,114,115,-1,1
26241,83,88,-5,5
26242,114,111,3,3
26243,87,98,-11,11
26244,110,99,11,11
26245,232,233,-1,1
26246,35,42,-7,7
26247,96,88,8,8
26248,87,95,-8,8
26249,52,58,-6,6
26250,89,84,5,5
26251,84,73,11,11
26252,84,82,2,2
26253,151,150,1,1
26254,51,54,-3,3
26255,112,100,12,12
26256,189,180,9,9
26257,68,65,3,3
26258,77,71,6,6
26259,62,65,-3,3
26260,112,114,-2,2
26261,95,94,1,1
26262,81,86,-5,5
26263,108,95,13,13
26264,96,95,1,1
26265,58,58,0,0
26266,84,82,2,2
26267,116,107,9,9
26268,97,99,-2,2
26269,92,94,-2,2
26270,101,112,-11,11
26271,56,53,3,3
26272,74,79,-5,5
26273,115,110,5,5
26274,74,81,-7,7
26275,58,56,2,2
26276,129,131,-2,2
26277,91,91,0,0
26278,59,55,4,4
26279,52,52,0,0
26280,73,76,-3,3
26281,69,58,11,11
26282,119,98,21,21
26283,126,119,7,7
26284,114,95,19,19
26285,100,105,-5,5
26286,86,87,-1,1
26287,116,132,-16,16
26288,72,69,3,3
26289,61,62,-1,1
26290,83,67,16,16
26291,94,94,0,0
26292,90,94,-4,4
26293,93,96,-3,3
26294,31,35,-4,4
26295,163,154,9,9
26296,99,94,5,5
26297,46,54,-8,8
26298,55,54,1,1
26299,75,80,-5,5
26300,72,75,-3,3
26301,107,96,11,11
26302,89,95,-6,6
26303,66,53,13,13
26304,67,73,-6,6
26305,145,143,2,2
26306,151,147,4,4
26307,153,134,19,19
26308,56,50,6,6
26309,97,105,-8,8
26310,162,160,2,2
26311,90,88,2,2
26312,106,97,9,9
26313,27,33,-6,6
26314,93,83,10,10
26315,105,102,3,3
26316,123,136,-13,13
26317,61,69,-8,8
26318,64,59,5,5
26319,109,110,-1,1
26320,153,148,5,5
26321,81,76,5,5
26322,167,152,15,15
26323,100,95,5,5
26324,40,56,-16,16
26325,84,94,-10,10
26326,126,123,3,3
26327,69,71,-2,2
26328,54,47,7,7
26329,41,45,-4,4
26330,86,90,-4,4
26331,71,63,8,8
26332,97,94,3,3
26333,131,132,-1,1
26334,42,46,-4,4
26335,102,105,-3,3
26336,83,87,-4,4
26337,187,176,11,11
26338,180,178,2,2
26339,73,73,0,0
26340,108,133,-25,25
26341,57,61,-4,4
26342,121,122,-1,1
26343,88,90,-2,2
26344,105,98,7,7
26345,80,90,-10,10
26346,86,92,-6,6
26347,124,118,6,6
26348,117,112,5,5
26349,112,110,2,2
26350,66,63,3,3
26351,94,107,-13,13
26352,107,112,-5,5
26353,45,48,-3,3
26354,121,117,4,4
26355,82,80,2,2
26356,69,69,0,0
26357,160,149,11,11
26358,119,111,8,8
26359,58,59,-1,1
26360,100,97,3,3
26361,72,71,1,1
26362,67,66,1,1
26363,66,73,-7,7
26364,119,116,3,3
26365,138,148,-10,10
26366,65,61,4,4
26367,105,112,-7,7
26368,36,47,-11,11
26369,69,74,-5,5
26370,78,75,3,3
26371,131,119,12,12
26372,109,117,-8,8
26373,75,69,6,6
26374,63,55,8,8
26375,53,62,-9,9
26376,105,109,-4,4
26377,64,71,-7,7
26378,70,75,-5,5
26379,26,35,-9,9
26380,181,169,12,12
26381,66,68,-2,2
26382,130,141,-11,11
26383,122,120,2,2
26384,94,86,8,8
26385,124,126,-2,2
26386,70,73,-3,3
26387,114,116,-2,2
26388,93,86,7,7
26389,106,113,-7,7
26390,96,96,0,0
26391,90,94,-4,4
26392,118,121,-3,3
26393,63,90,-27,27
26394,79,84,-5,5
26395,43,55,-12,12
26396,112,118,-6,6
26397,45,61,-16,16
26398,114,122,-8,8
26399,107,100,7,7
26400,83,81,2,2
26401,40,48,-8,8
26402,98,101,-3,3
26403,115,115,0,0
26404,92,102,-10,10
26405,131,137,-6,6
26406,106,89,17,17
26407,99,94,5,5
26408,67,67,0,0
26409,171,163,8,8
26410,128,112,16,16
26411,88,81,7,7
26412,56,60,-4,4
26413,113,109,4,4
26414,62,52,10,10
26415,81,72,9,9
26416,83,84,-1,1
26417,113,103,10,10
26418,100,109,-9,9
26419,91,88,3,3
26420,79,86,-7,7
26421,156,146,10,10
26422,113,115,-2,2
26423,67,80,-13,13
26424,129,122,7,7
26425,89,90,-1,1
26426,66,68,-2,2
26427,102,108,-6,6
26428,131,129,2,2
26429,111,110,1,1
26430,47,47,0,0
26431,37,49,-12,12
26432,92,93,-1,1
26433,91,90,1,1
26434,101,99,2,2
26435,43,58,-15,15
26436,78,71,7,7
26437,102,103,-1,1
26438,92,92,0,0
26439,96,104,-8,8
26440,109,109,0,0
26441,98,104,-6,6
26442,131,121,10,10
26443,104,113,-9,9
26444,96,123,-27,27
26445,98,95,3,3
26446,66,69,-3,3
26447,75,76,-1,1
26448,70,72,-2,2
26449,49,55,-6,6
26450,110,98,12,12
26451,128,114,14,14
26452,50,49,1,1
26453,85,89,-4,4
26454,59,58,1,1
26455,41,46,-5,5
26456,71,72,-1,1
26457,117,113,4,4
26458,91,94,-3,3
26459,64,65,-1,1
26460,118,122,-4,4
26461,43,49,-6,6
26462,134,132,2,2
26463,101,94,7,7
26464,109,93,16,16
26465,114,118,-4,4
26466,118,130,-12,12
26467,70,79,-9,9
26468,102,98,4,4
26469,157,159,-2,2
26470,308,282,26,26
26471,104,118,-14,14
26472,106,97,9,9
26473,74,71,3,3
26474,148,141,7,7
26475,106,106,0,0
26476,74,74,0,0
26477,118,118,0,0
26478,114,118,-4,4
26479,60,60,0,0
26480,135,119,16,16
26481,60,60,0,0
26482,62,61,1,1
26483,120,127,-7,7
26484,150,163,-13,13
26485,112,108,4,4
26486,87,85,2,2
26487,100,99,1,1
26488,52,59,-7,7
26489,82,82,0,0
26490,136,144,-8,8
26491,65,68,-3,3
26492,104,95,9,9
26493,134,130,4,4
26494,104,89,15,15
26495,119,121,-2,2
26496,119,112,7,7
26497,60,70,-10,10
26498,155,155,0,0
26499,129,132,-3,3
26500,46,51,-5,5
26501,58,61,-3,3
26502,73,65,8,8
26503,114,102,12,12
26504,85,94,-9,9
26505,77,75,2,2
26506,89,83,6,6
26507,186,171,15,15
26508,74,72,2,2
26509,80,67,13,13
26510,108,111,-3,3
26511,112,88,24,24
26512,38,40,-2,2
26513,61,57,4,4
26514,109,100,9,9
26515,46,39,7,7
26516,139,126,13,13
26517,85,88,-3,3
26518,97,89,8,8
26519,60,71,-11,11
26520,36,47,-11,11
26521,89,97,-8,8
26522,147,146,1,1
26523,94,84,10,10
26524,88,80,8,8
26525,120,113,7,7
26526,75,85,-10,10
26527,95,95,0,0
26528,90,85,5,5
26529,46,53,-7,7
26530,49,54,-5,5
26531,145,138,7,7
26532,93,82,11,11
26533,48,47,1,1
26534,93,93,0,0
26535,76,68,8,8
26536,51,51,0,0
26537,102,95,7,7
26538,86,85,1,1
26539,88,81,7,7
26540,97,102,-5,5
26541,139,132,7,7
26542,163,155,8,8
26543,91,106,-15,15
26544,139,128,11,11
26545,56,67,-11,11
26546,56,68,-12,12
26547,84,81,3,3
26548,85,88,-3,3
26549,55,61,-6,6
26550,82,79,3,3
26551,90,83,7,7
26552,102,94,8,8
26553,46,51,-5,5
26554,151,151,0,0
26555,90,82,8,8
26556,78,113,-35,35
26557,70,63,7,7
26558,126,117,9,9
26559,114,116,-2,2
26560,135,118,17,17
26561,209,192,17,17
26562,163,154,9,9
26563,62,61,1,1
26564,79,95,-16,16
26565,90,88,2,2
26566,126,121,5,5
26567,161,147,14,14
26568,119,113,6,6
26569,65,79,-14,14
26570,75,99,-24,24
26571,94,88,6,6
26572,57,56,1,1
26573,60,60,0,0
26574,62,61,1,1
26575,61,64,-3,3
26576,174,166,8,8
26577,65,67,-2,2
26578,122,123,-1,1
26579,103,121,-18,18
26580,66,67,-1,1
26581,110,107,3,3
26582,59,57,2,2
26583,120,111,9,9
26584,101,107,-6,6
26585,94,91,3,3
26586,125,120,5,5
26587,76,72,4,4
26588,66,74,-8,8
26589,85,92,-7,7
26590,101,104,-3,3
26591,79,79,0,0
26592,179,167,12,12
26593,73,80,-7,7
26594,97,106,-9,9
26595,40,58,-18,18
26596,75,70,5,5
26597,157,153,4,4
26598,77,78,-1,1
26599,108,116,-8,8
26600,129,121,8,8
26601,100,97,3,3
26602,76,92,-16,16
26603,40,48,-8,8
26604,72,74,-2,2
26605,81,77,4,4
26606,122,112,10,10
26607,77,69,8,8
26608,162,156,6,6
26609,52,53,-1,1
26610,86,81,5,5
26611,61,61,0,0
26612,139,132,7,7
26613,122,116,6,6
26614,129,131,-2,2
26615,64,64,0,0
26616,53,56,-3,3
26617,163,147,16,16
26618,76,90,-14,14
26619,47,49,-2,2
26620,57,61,-4,4
26621,142,133,9,9
26622,89,77,12,12
26623,100,108,-8,8
26624,126,135,-9,9
26625,149,140,9,9
26626,102,95,7,7
26627,51,57,-6,6
26628,131,114,17,17
26629,113,112,1,1
26630,128,121,7,7
26631,84,74,10,10
26632,88,85,3,3
26633,96,92,4,4
26634,131,116,15,15
26635,142,136,6,6
26636,139,137,2,2
26637,62,66,-4,4
26638,162,167,-5,5
26639,100,98,2,2
26640,94,93,1,1
26641,118,113,5,5
26642,140,124,16,16
26643,105,102,3,3
26644,54,62,-8,8
26645,80,79,1,1
26646,54,57,-3,3
26647,82,87,-5,5
26648,78,78,0,0
26649,81,81,0,0
26650,55,53,2,2
26651,142,149,-7,7
26652,152,143,9,9
26653,121,118,3,3
26654,109,109,0,0
26655,80,89,-9,9
26656,73,74,-1,1
26657,154,117,37,37
26658,122,123,-1,1
26659,85,82,3,3
26660,65,68,-3,3
26661,127,119,8,8
26662,44,46,-2,2
26663,90,93,-3,3
26664,115,115,0,0
26665,124,122,2,2
26666,148,151,-3,3
26667,49,48,1,1
26668,77,77,0,0
26669,173,168,5,5
26670,68,67,1,1
26671,149,152,-3,3
26672,73,73,0,0
26673,54,53,1,1
26674,90,82,8,8
26675,73,74,-1,1
26676,74,76,-2,2
26677,49,49,0,0
26678,79,73,6,6
26679,117,120,-3,3
26680,57,67,-10,10
26681,123,114,9,9
26682,94,93,1,1
26683,124,100,24,24
26684,74,76,-2,2
26685,63,65,-2,2
26686,116,109,7,7
26687,93,86,7,7
26688,115,121,-6,6
26689,64,66,-2,2
26690,117,126,-9,9
26691,74,77,-3,3
26692,49,47,2,2
26693,72,67,5,5
26694,86,88,-2,2
26695,52,54,-2,2
26696,87,82,5,5
26697,152,150,2,2
26698,61,66,-5,5
26699,67,70,-3,3
26700,64,71,-7,7
26701,100,101,-1,1
26702,135,116,19,19
26703,120,120,0,0
26704,124,113,11,11
26705,105,113,-8,8
26706,144,146,-2,2
26707,100,101,-1,1
26708,80,83,-3,3
26709,73,84,-11,11
26710,82,83,-1,1
26711,76,69,7,7
26712,115,112,3,3
26713,106,110,-4,4
26714,125,128,-3,3
26715,86,82,4,4
26716,94,92,2,2
26717,80,83,-3,3
26718,145,132,13,13
26719,122,115,7,7
26720,122,123,-1,1
26721,115,111,4,4
26722,66,68,-2,2
26723,85,77,8,8
26724,95,102,-7,7
26725,110,98,12,12
26726,49,58,-9,9
26727,80,93,-13,13
26728,101,97,4,4
26729,77,77,0,0
26730,89,98,-9,9
26731,130,119,11,11
26732,106,117,-11,11
26733,56,52,4,4
26734,68,64,4,4
26735,152,144,8,8
26736,113,117,-4,4
26737,98,102,-4,4
26738,125,119,6,6
26739,71,70,1,1
26740,123,112,11,11
26741,97,81,16,16
26742,77,79,-2,2
26743,56,64,-8,8
26744,127,121,6,6
26745,49,59,-10,10
26746,115,111,4,4
26747,61,62,-1,1
26748,97,93,4,4
26749,101,107,-6,6
26750,77,82,-5,5
26751,117,129,-12,12
26752,90,99,-9,9
26753,120,112,8,8
26754,80,82,-2,2
26755,71,69,2,2
26756,54,56,-2,2
26757,80,82,-2,2
26758,110,110,0,0
26759,71,89,-18,18
26760,82,84,-2,2
26761,68,79,-11,11
26762,78,86,-8,8
26763,69,67,2,2
26764,87,89,-2,2
26765,94,89,5,5
26766,137,131,6,6
26767,57,60,-3,3
26768,56,53,3,3
26769,57,69,-12,12
26770,62,58,4,4
26771,63,71,-8,8
26772,165,158,7,7
26773,115,110,5,5
26774,133,131,2,2
26775,94,84,10,10
26776,107,111,-4,4
26777,106,98,8,8
26778,112,118,-6,6
26779,93,94,-1,1
26780,55,63,-8,8
26781,85,86,-1,1
26782,41,42,-1,1
26783,120,112,8,8
26784,99,97,2,2
26785,83,73,10,10
26786,84,84,0,0
26787,110,107,3,3
26788,124,134,-10,10
26789,122,115,7,7
26790,38,44,-6,6
26791,120,114,6,6
26792,97,96,1,1
26793,61,64,-3,3
26794,113,120,-7,7
26795,74,67,7,7
26796,79,78,1,1
26797,125,110,15,15
26798,81,77,4,4
26799,125,117,8,8
26800,123,123,0,0
26801,90,95,-5,5
26802,48,56,-8,8
26803,55,57,-2,2
26804,62,67,-5,5
26805,64,75,-11,11
26806,91,95,-4,4
26807,145,149,-4,4
26808,86,83,3,3
26809,66,73,-7,7
26810,116,128,-12,12
26811,76,75,1,1
26812,88,95,-7,7
26813,103,111,-8,8
26814,97,104,-7,7
26815,138,129,9,9
26816,75,78,-3,3
26817,92,84,8,8
26818,149,151,-2,2
26819,60,62,-2,2
26820,108,105,3,3
26821,30,38,-8,8
26822,89,84,5,5
26823,49,57,-8,8
26824,97,92,5,5
26825,128,115,13,13
26826,96,92,4,4
26827,96,93,3,3
26828,63,57,6,6
26829,76,73,3,3
26830,106,117,-11,11
26831,79,84,-5,5
26832,127,119,8,8
26833,45,53,-8,8
26834,105,114,-9,9
26835,90,88,2,2
26836,43,49,-6,6
26837,235,157,78,78
26838,50,57,-7,7
26839,111,107,4,4
26840,69,71,-2,2
26841,52,131,-79,79
26842,105,108,-3,3
26843,49,47,2,2
26844,66,71,-5,5
26845,64,66,-2,2
26846,75,68,7,7
26847,70,76,-6,6
26848,96,89,7,7
26849,86,91,-5,5
26850,109,109,0,0
26851,357,200,157,157
26852,74,71,3,3
26853,96,108,-12,12
26854,101,108,-7,7
26855,86,88,-2,2
26856,97,88,9,9
26857,47,45,2,2
26858,76,86,-10,10
26859,139,132,7,7
26860,127,124,3,3
26861,119,111,8,8
26862,133,126,7,7
26863,190,190,0,0
26864,119,113,6,6
26865,96,93,3,3
26866,31,38,-7,7
26867,94,112,-18,18
26868,112,125,-13,13
26869,104,100,4,4
26870,162,147,15,15
26871,128,123,5,5
26872,142,146,-4,4
26873,107,82,25,25
26874,120,108,12,12
26875,57,61,-4,4
26876,157,148,9,9
26877,94,94,0,0
26878,109,117,-8,8
26879,58,67,-9,9
26880,108,95,13,13
26881,88,84,4,4
26882,123,130,-7,7
26883,85,86,-1,1
26884,136,134,2,2
26885,72,70,2,2
26886,77,75,2,2
26887,59,57,2,2
26888,154,142,12,12
26889,63,79,-16,16
26890,40,45,-5,5
26891,142,151,-9,9
26892,160,151,9,9
26893,68,64,4,4
26894,91,81,10,10
26895,77,83,-6,6
26896,135,134,1,1
26897,134,197,-63,63
26898,172,172,0,0
26899,131,161,-30,30
26900,86,88,-2,2
26901,67,69,-2,2
26902,55,56,-1,1
26903,148,143,5,5
26904,66,69,-3,3
26905,120,108,12,12
26906,83,80,3,3
26907,101,94,7,7
26908,83,75,8,8
26909,106,128,-22,22
26910,99,106,-7,7
26911,67,69,-2,2
26912,130,129,1,1
26913,79,80,-1,1
26914,43,50,-7,7
26915,146,137,9,9
26916,57,61,-4,4
26917,100,110,-10,10
26918,139,123,16,16
26919,114,100,14,14
26920,61,64,-3,3
26921,77,93,-16,16
26922,102,108,-6,6
26923,104,98,6,6
26924,145,150,-5,5
26925,81,88,-7,7
26926,87,92,-5,5
26927,135,142,-7,7
26928,117,117,0,0
26929,82,73,9,9
26930,118,121,-3,3
26931,106,115,-9,9
26932,123,122,1,1
26933,109,111,-2,2
26934,66,68,-2,2
26935,86,85,1,1
26936,104,110,-6,6
26937,61,76,-15,15
26938,59,83,-24,24
26939,68,71,-3,3
26940,68,72,-4,4
26941,63,68,-5,5
26942,85,81,4,4
26943,135,140,-5,5
26944,117,124,-7,7
26945,134,126,8,8
26946,104,108,-4,4
26947,73,75,-2,2
26948,79,81,-2,2
26949,137,135,2,2
26950,106,94,12,12
26951,80,67,13,13
26952,175,162,13,13
26953,96,98,-2,2
26954,137,127,10,10
26955,119,117,2,2
26956,118,116,2,2
26957,135,134,1,1
26958,127,103,24,24
26959,103,108,-5,5
26960,87,89,-2,2
26961,90,70,20,20
26962,50,54,-4,4
26963,68,71,-3,3
26964,75,76,-1,1
26965,150,152,-2,2
26966,107,95,12,12
26967,122,121,1,1
26968,48,49,-1,1
26969,141,144,-3,3
26970,96,96,0,0
26971,93,95,-2,2
26972,85,82,3,3
26973,55,57,-2,2
26974,51,54,-3,3
26975,99,97,2,2
26976,52,60,-8,8
26977,79,69,10,10
26978,110,110,0,0
26979,121,117,4,4
26980,37,39,-2,2
26981,92,90,2,2
26982,66,58,8,8
26983,148,122,26,26
26984,83,79,4,4
26985,175,165,10,10
26986,88,80,8,8
26987,110,109,1,1
26988,79,84,-5,5
26989,64,60,4,4
26990,124,113,11,11
26991,129,123,6,6
26992,91,88,3,3
26993,59,56,3,3
26994,49,66,-17,17
26995,132,128,4,4
26996,76,111,-35,35
26997,110,100,10,10
26998,61,60,1,1
26999,90,90,0,0
27000,126,126,0,0
27001,98,98,0,0
27002,59,60,-1,1
27003,93,98,-5,5
27004,76,64,12,12
27005,75,68,7,7
27006,85,89,-4,4
27007,149,137,12,12
27008,89,86,3,3
27009,112,112,0,0
27010,88,80,8,8
27011,65,63,2,2
27012,86,90,-4,4
27013,64,57,7,7
27014,81,93,-12,12
27015,86,86,0,0
27016,70,66,4,4
27017,150,130,20,20
27018,102,92,10,10
27019,92,84,8,8
27020,47,51,-4,4
27021,92,97,-5,5
27022,108,103,5,5
27023,85,86,-1,1
27024,127,125,2,2
27025,114,113,1,1
27026,89,80,9,9
27027,98,100,-2,2
27028,47,46,1,1
27029,95,107,-12,12
27030,174,177,-3,3
27031,74,74,0,0
27032,214,211,3,3
27033,35,49,-14,14
27034,202,204,-2,2
27035,83,79,4,4
27036,125,116,9,9
27037,109,96,13,13
27038,54,61,-7,7
27039,56,59,-3,3
27040,71,76,-5,5
27041,81,81,0,0
27042,78,78,0,0
27043,61,58,3,3
27044,77,74,3,3
27045,114,112,2,2
27046,59,63,-4,4
27047,116,123,-7,7
27048,49,64,-15,15
27049,66,82,-16,16
27050,91,81,10,10
27051,98,99,-1,1
27052,73,74,-1,1
27053,78,76,2,2
27054,105,112,-7,7
27055,112,110,2,2
27056,84,87,-3,3
27057,78,70,8,8
27058,112,120,-8,8
27059,178,156,22,22
27060,134,138,-4,4
27061,93,89,4,4
27062,99,99,0,0
27063,67,69,-2,2
27064,76,79,-3,3
27065,80,76,4,4
27066,74,69,5,5
27067,83,86,-3,3
27068,99,112,-13,13
27069,70,60,10,10
27070,64,70,-6,6
27071,128,124,4,4
27072,93,83,10,10
27073,65,62,3,3
27074,40,44,-4,4
27075,133,127,6,6
27076,97,101,-4,4
27077,89,96,-7,7
27078,73,72,1,1
27079,102,91,11,11
27080,62,62,0,0
27081,91,94,-3,3
27082,147,141,6,6
27083,70,69,1,1
27084,71,72,-1,1
27085,86,85,1,1
27086,62,62,0,0
27087,104,90,14,14
27088,72,70,2,2
27089,52,52,0,0
27090,38,50,-12,12
27091,67,66,1,1
27092,196,186,10,10
27093,47,48,-1,1
27094,51,56,-5,5
27095,88,86,2,2
27096,96,95,1,1
27097,42,47,-5,5
27098,101,108,-7,7
27099,105,98,7,7
27100,70,68,2,2
27101,87,101,-14,14
27102,120,124,-4,4
27103,71,70,1,1
27104,118,112,6,6
27105,71,83,-12,12
27106,101,113,-12,12
27107,80,78,2,2
27108,107,96,11,11
27109,87,81,6,6
27110,60,74,-14,14
27111,56,52,4,4
27112,79,76,3,3
27113,148,141,7,7
27114,75,72,3,3
27115,53,54,-1,1
27116,88,86,2,2
27117,104,129,-25,25
27118,77,71,6,6
27119,53,54,-1,1
27120,114,115,-1,1
27121,74,69,5,5
27122,73,84,-11,11
27123,127,119,8,8
27124,81,78,3,3
27125,127,126,1,1
27126,139,129,10,10
27127,78,76,2,2
27128,79,75,4,4
27129,115,109,6,6
27130,125,115,10,10
27131,141,140,1,1
27132,127,113,14,14
27133,105,109,-4,4
27134,57,61,-4,4
27135,99,107,-8,8
27136,91,89,2,2
27137,98,91,7,7
27138,114,127,-13,13
27139,74,74,0,0
27140,143,126,17,17
27141,68,73,-5,5
27142,159,150,9,9
27143,69,66,3,3
27144,72,65,7,7
27145,48,54,-6,6
27146,110,113,-3,3
27147,86,85,1,1
27148,72,75,-3,3
27149,80,75,5,5
27150,70,72,-2,2
27151,37,45,-8,8
27152,79,77,2,2
27153,53,49,4,4
27154,82,80,2,2
27155,55,56,-1,1
27156,72,82,-10,10
27157,104,107,-3,3
27158,81,84,-3,3
27159,131,139,-8,8
27160,110,116,-6,6
27161,70,75,-5,5
27162,96,108,-12,12
27163,56,67,-11,11
27164,76,82,-6,6
27165,87,91,-4,4
27166,100,92,8,8
27167,51,57,-6,6
27168,67,65,2,2
27169,50,55,-5,5
27170,72,84,-12,12
27171,69,67,2,2
27172,96,98,-2,2
27173,90,84,6,6
27174,84,84,0,0
27175,136,140,-4,4
27176,83,79,4,4
27177,93,96,-3,3
27178,130,148,-18,18
27179,111,114,-3,3
27180,107,120,-13,13
27181,112,120,-8,8
27182,27,35,-8,8
27183,156,142,14,14
27184,102,93,9,9
27185,122,123,-1,1
27186,114,108,6,6
27187,39,44,-5,5
27188,137,132,5,5
27189,86,83,3,3
27190,83,78,5,5
27191,148,141,7,7
27192,108,111,-3,3
27193,102,94,8,8
27194,95,95,0,0
27195,52,62,-10,10
27196,78,83,-5,5
27197,99,98,1,1
27198,124,129,-5,5
27199,94,102,-8,8
27200,120,124,-4,4
27201,102,108,-6,6
27202,128,131,-3,3
27203,64,55,9,9
27204,78,79,-1,1
27205,65,75,-10,10
27206,128,133,-5,5
27207,88,80,8,8
27208,63,72,-9,9
27209,86,93,-7,7
27210,102,97,5,5
27211,120,95,25,25
27212,95,100,-5,5
27213,83,79,4,4
27214,96,109,-13,13
27215,75,76,-1,1
27216,50,52,-2,2
27217,69,69,0,0
27218,118,109,9,9
27219,103,111,-8,8
27220,88,92,-4,4
27221,83,84,-1,1
27222,113,109,4,4
27223,89,81,8,8
27224,92,90,2,2
27225,96,98,-2,2
27226,97,120,-23,23
27227,57,58,-1,1
27228,70,73,-3,3
27229,79,88,-9,9
27230,81,80,1,1
27231,106,102,4,4
27232,178,167,11,11
27233,141,141,0,0
27234,97,94,3,3
27235,152,156,-4,4
27236,82,78,4,4
27237,62,62,0,0
27238,69,76,-7,7
27239,145,142,3,3
27240,80,76,4,4
27241,124,121,3,3
27242,128,132,-4,4
27243,147,133,14,14
27244,181,184,-3,3
27245,92,93,-1,1
27246,48,51,-3,3
27247,144,141,3,3
27248,54,63,-9,9
27249,116,112,4,4
27250,106,101,5,5
27251,72,69,3,3
27252,139,132,7,7
27253,153,152,1,1
27254,105,93,12,12
27255,152,145,7,7
27256,137,117,20,20
27257,123,127,-4,4
27258,49,57,-8,8
27259,80,74,6,6
27260,63,52,11,11
27261,35,62,-27,27
27262,53,56,-3,3
27263,80,83,-3,3
27264,56,50,6,6
27265,143,149,-6,6
27266,160,152,8,8
27267,98,95,3,3
27268,98,90,8,8
27269,83,87,-4,4
27270,117,130,-13,13
27271,143,139,4,4
27272,91,93,-2,2
27273,60,66,-6,6
27274,106,99,7,7
27275,33,46,-13,13
27276,65,63,2,2
27277,79,76,3,3
27278,47,47,0,0
27279,78,76,2,2
27280,108,113,-5,5
27281,59,62,-3,3
27282,75,82,-7,7
27283,130,132,-2,2
27284,75,85,-10,10
27285,89,91,-2,2
27286,85,77,8,8
27287,127,123,4,4
27288,71,82,-11,11
27289,103,99,4,4
27290,40,44,-4,4
27291,57,67,-10,10
27292,142,138,4,4
27293,61,75,-14,14
27294,77,70,7,7
27295,95,99,-4,4
27296,90,74,16,16
27297,101,104,-3,3
27298,64,60,4,4
27299,154,132,22,22
27300,90,88,2,2
27301,103,106,-3,3
27302,134,130,4,4
27303,96,80,16,16
27304,48,48,0,0
27305,88,81,7,7
27306,126,124,2,2
27307,80,75,5,5
27308,66,65,1,1
27309,43,45,-2,2
27310,71,67,4,4
27311,102,97,5,5
27312,78,75,3,3
27313,99,98,1,1
27314,110,110,0,0
27315,105,109,-4,4
27316,103,113,-10,10
27317,103,100,3,3
27318,62,85,-23,23
27319,92,95,-3,3
27320,68,76,-8,8
27321,94,94,0,0
27322,97,97,0,0
27323,50,62,-12,12
27324,46,60,-14,14
27325,76,68,8,8
27326,127,108,19,19
27327,55,57,-2,2
27328,62,59,3,3
27329,114,116,-2,2
27330,70,63,7,7
27331,110,104,6,6
27332,115,117,-2,2
27333,102,93,9,9
27334,105,114,-9,9
27335,99,92,7,7
27336,122,121,1,1
27337,69,75,-6,6
27338,69,61,8,8
27339,79,77,2,2
27340,67,70,-3,3
27341,76,72,4,4
27342,54,54,0,0
27343,96,92,4,4
27344,90,89,1,1
27345,73,69,4,4
27346,76,77,-1,1
27347,48,51,-3,3
27348,104,111,-7,7
27349,64,67,-3,3
27350,76,75,1,1
27351,106,109,-3,3
27352,58,61,-3,3
27353,118,120,-2,2
27354,78,80,-2,2
27355,119,118,1,1
27356,64,67,-3,3
27357,144,117,27,27
27358,112,100,12,12
27359,60,58,2,2
27360,58,84,-26,26
27361,148,164,-16,16
27362,70,66,4,4
27363,193,176,17,17
27364,90,91,-1,1
27365,50,53,-3,3
27366,94,88,6,6
27367,114,108,6,6
27368,57,60,-3,3
27369,72,84,-12,12
27370,97,82,15,15
27371,121,118,3,3
27372,96,92,4,4
27373,78,84,-6,6
27374,124,134,-10,10
27375,156,156,0,0
27376,103,94,9,9
27377,117,117,0,0
27378,75,63,12,12
27379,101,108,-7,7
27380,45,46,-1,1
27381,60,59,1,1
27382,124,127,-3,3
27383,129,127,2,2
27384,90,92,-2,2
27385,79,87,-8,8
27386,64,69,-5,5
27387,87,93,-6,6
27388,138,138,0,0
27389,106,111,-5,5
27390,96,96,0,0
27391,124,124,0,0
27392,78,76,2,2
27393,99,95,4,4
27394,208,175,33,33
27395,111,109,2,2
27396,107,95,12,12
27397,92,82,10,10
27398,87,77,10,10
27399,108,117,-9,9
27400,70,65,5,5
27401,115,117,-2,2
27402,86,92,-6,6
27403,86,82,4,4
27404,165,165,0,0
27405,59,100,-41,41
27406,111,118,-7,7
27407,196,174,22,22
27408,99,96,3,3
27409,121,98,23,23
27410,57,54,3,3
27411,78,74,4,4
27412,98,107,-9,9
27413,90,80,10,10
27414,89,91,-2,2
27415,97,90,7,7
27416,77,77,0,0
27417,78,75,3,3
27418,95,111,-16,16
27419,98,96,2,2
27420,126,119,7,7
27421,107,113,-6,6
27422,83,83,0,0
27423,129,131,-2,2
27424,93,95,-2,2
27425,210,180,30,30
27426,112,112,0,0
27427,51,54,-3,3
27428,93,83,10,10
27429,61,72,-11,11
27430,76,83,-7,7
27431,107,111,-4,4
27432,115,96,19,19
27433,106,109,-3,3
27434,77,79,-2,2
27435,102,110,-8,8
27436,54,60,-6,6
27437,81,72,9,9
27438,64,75,-11,11
27439,134,132,2,2
27440,124,118,6,6
27441,49,59,-10,10
27442,90,100,-10,10
27443,72,64,8,8
27444,76,78,-2,2
27445,114,106,8,8
27446,59,70,-11,11
27447,97,114,-17,17
27448,96,92,4,4
27449,177,143,34,34
27450,111,113,-2,2
27451,105,113,-8,8
27452,78,88,-10,10
27453,85,94,-9,9
27454,71,71,0,0
27455,114,115,-1,1
27456,78,81,-3,3
27457,164,160,4,4
27458,75,80,-5,5
27459,128,125,3,3
27460,105,118,-13,13
27461,75,73,2,2
27462,87,88,-1,1
27463,104,97,7,7
27464,130,124,6,6
27465,101,108,-7,7
27466,81,82,-1,1
27467,75,71,4,4
27468,115,114,1,1
27469,80,71,9,9
27470,54,65,-11,11
27471,93,98,-5,5
27472,142,120,22,22
27473,41,49,-8,8
27474,78,81,-3,3
27475,62,61,1,1
27476,68,78,-10,10
27477,45,55,-10,10
27478,99,95,4,4
27479,92,86,6,6
27480,88,78,10,10
27481,134,140,-6,6
27482,112,102,10,10
27483,97,104,-7,7
27484,131,139,-8,8
27485,71,68,3,3
27486,39,43,-4,4
27487,68,74,-6,6
27488,47,48,-1,1
27489,60,58,2,2
27490,151,129,22,22
27491,81,70,11,11
27492,104,94,10,10
27493,99,108,-9,9
27494,103,100,3,3
27495,84,82,2,2
27496,92,92,0,0
27497,108,111,-3,3
27498,124,118,6,6
27499,68,74,-6,6
27500,107,113,-6,6
27501,97,81,16,16
27502,108,108,0,0
27503,54,62,-8,8
27504,75,77,-2,2
27505,43,48,-5,5
27506,105,108,-3,3
27507,103,113,-10,10
27508,85,91,-6,6
27509,121,119,2,2
27510,85,85,0,0
27511,102,95,7,7
27512,113,122,-9,9
27513,70,73,-3,3
27514,120,115,5,5
27515,106,97,9,9
27516,72,76,-4,4
27517,89,87,2,2
27518,90,85,5,5
27519,52,53,-1,1
27520,78,77,1,1
27521,88,92,-4,4
27522,290,237,53,53
27523,98,94,4,4
27524,94,97,-3,3
27525,130,119,11,11
27526,50,66,-16,16
27527,102,97,5,5
27528,72,73,-1,1
27529,79,73,6,6
27530,101,108,-7,7
27531,88,78,10,10
27532,75,78,-3,3
27533,109,122,-13,13
27534,68,65,3,3
27535,117,112,5,5
27536,112,115,-3,3
27537,149,144,5,5
27538,94,107,-13,13
27539,73,70,3,3
27540,86,83,3,3
27541,68,71,-3,3
27542,94,88,6,6
27543,96,96,0,0
27544,86,112,-26,26
27545,84,84,0,0
27546,98,90,8,8
27547,149,136,13,13
27548,92,92,0,0
27549,72,68,4,4
27550,108,111,-3,3
27551,85,95,-10,10
27552,92,93,-1,1
27553,72,77,-5,5
27554,73,79,-6,6
27555,91,92,-1,1
27556,167,173,-6,6
27557,78,87,-9,9
27558,50,63,-13,13
27559,96,78,18,18
27560,105,100,5,5
27561,102,108,-6,6
27562,106,99,7,7
27563,138,124,14,14
27564,123,123,0,0
27565,76,71,5,5
27566,95,92,3,3
27567,87,87,0,0
27568,154,153,1,1
27569,75,73,2,2
27570,137,124,13,13
27571,98,83,15,15
27572,96,97,-1,1
27573,68,70,-2,2
27574,66,71,-5,5
27575,96,98,-2,2
27576,99,98,1,1
27577,53,64,-11,11
27578,36,61,-25,25
27579,79,84,-5,5
27580,108,108,0,0
27581,20,32,-12,12
27582,95,93,2,2
27583,78,82,-4,4
27584,114,114,0,0
27585,89,96,-7,7
27586,118,137,-19,19
27587,163,149,14,14
27588,64,63,1,1
27589,50,44,6,6
27590,65,67,-2,2
27591,91,89,2,2
27592,126,127,-1,1
27593,96,92,4,4
27594,115,110,5,5
27595,114,114,0,0
27596,139,119,20,20
27597,45,57,-12,12
27598,155,157,-2,2
27599,77,72,5,5
27600,105,91,14,14
27601,156,130,26,26
27602,90,90,0,0
27603,105,96,9,9
27604,36,47,-11,11
27605,134,140,-6,6
27606,111,122,-11,11
27607,61,55,6,6
27608,97,94,3,3
27609,76,76,0,0
27610,81,85,-4,4
27611,71,71,0,0
27612,99,93,6,6
27613,98,100,-2,2
27614,89,84,5,5
27615,153,144,9,9
27616,110,116,-6,6
27617,61,60,1,1
27618,72,77,-5,5
27619,107,110,-3,3
27620,107,109,-2,2
27621,116,113,3,3
27622,116,113,3,3
27623,71,72,-1,1
27624,95,93,2,2
27625,99,99,0,0
27626,59,55,4,4
27627,107,126,-19,19
27628,130,126,4,4
27629,95,78,17,17
27630,165,148,17,17
27631,171,153,18,18
27632,93,101,-8,8
27633,79,88,-9,9
27634,175,163,12,12
27635,121,122,-1,1
27636,155,153,2,2
27637,174,173,1,1
27638,81,71,10,10
27639,57,55,2,2
27640,180,155,25,25
27641,116,112,4,4
27642,162,158,4,4
27643,77,79,-2,2
27644,78,76,2,2
27645,111,110,1,1
27646,87,76,11,11
27647,37,46,-9,9
27648,176,169,7,7
27649,69,77,-8,8
27650,72,75,-3,3
27651,91,91,0,0
27652,102,108,-6,6
27653,81,84,-3,3
27654,142,140,2,2
27655,189,172,17,17
27656,200,183,17,17
27657,61,66,-5,5
27658,89,88,1,1
27659,94,97,-3,3
27660,88,86,2,2
27661,85,77,8,8
27662,88,85,3,3
27663,52,54,-2,2
27664,61,81,-20,20
27665,79,73,6,6
27666,141,136,5,5
27667,83,78,5,5
27668,112,146,-34,34
27669,123,119,4,4
27670,54,52,2,2
27671,66,63,3,3
27672,117,116,1,1
27673,73,73,0,0
27674,70,86,-16,16
27675,66,65,1,1
27676,105,119,-14,14
27677,77,78,-1,1
27678,100,97,3,3
27679,167,144,23,23
27680,73,73,0,0
27681,130,125,5,5
27682,87,73,14,14
27683,85,79,6,6
27684,69,71,-2,2
27685,73,75,-2,2
27686,77,78,-1,1
27687,138,137,1,1
27688,80,87,-7,7
27689,55,55,0,0
27690,117,109,8,8
27691,110,109,1,1
27692,60,60,0,0
27693,96,89,7,7
27694,85,80,5,5
27695,106,115,-9,9
27696,94,93,1,1
27697,69,75,-6,6
27698,125,131,-6,6
27699,179,163,16,16
27700,86,83,3,3
27701,129,128,1,1
27702,82,86,-4,4
27703,91,79,12,12
27704,150,146,4,4
27705,57,64,-7,7
27706,70,67,3,3
27707,134,129,5,5
27708,71,76,-5,5
27709,74,81,-7,7
27710,83,82,1,1
27711,82,100,-18,18
27712,70,70,0,0
27713,82,89,-7,7
27714,52,59,-7,7
27715,93,87,6,6
27716,54,54,0,0
27717,136,136,0,0
27718,72,74,-2,2
27719,86,111,-25,25
27720,108,115,-7,7
27721,93,85,8,8
27722,57,76,-19,19
27723,78,77,1,1
27724,130,121,9,9
27725,83,86,-3,3
27726,116,94,22,22
27727,103,91,12,12
27728,79,79,0,0
27729,43,47,-4,4
27730,100,107,-7,7
27731,77,75,2,2
27732,127,124,3,3
27733,83,78,5,5
27734,134,149,-15,15
27735,108,93,15,15
27736,122,116,6,6
27737,86,88,-2,2
27738,71,70,1,1
27739,111,109,2,2
27740,132,120,12,12
27741,200,192,8,8
27742,77,75,2,2
27743,131,115,16,16
27744,75,80,-5,5
27745,66,65,1,1
27746,83,81,2,2
27747,155,144,11,11
27748,104,89,15,15
27749,85,79,6,6
27750,149,135,14,14
27751,198,245,-47,47
27752,68,80,-12,12
27753,143,112,31,31
27754,118,110,8,8
27755,75,73,2,2
27756,150,174,-24,24
27757,52,55,-3,3
27758,153,151,2,2
27759,88,97,-9,9
27760,101,114,-13,13
27761,74,69,5,5
27762,102,104,-2,2
27763,140,135,5,5
27764,71,63,8,8
27765,110,91,19,19
27766,110,115,-5,5
27767,63,66,-3,3
27768,66,64,2,2
27769,49,53,-4,4
27770,54,50,4,4
27771,86,85,1,1
27772,58,58,0,0
27773,54,58,-4,4
27774,60,66,-6,6
27775,77,78,-1,1
27776,70,78,-8,8
27777,91,91,0,0
27778,112,116,-4,4
27779,89,84,5,5
27780,80,77,3,3
27781,95,95,0,0
27782,98,88,10,10
27783,91,90,1,1
27784,117,118,-1,1
27785,76,81,-5,5
27786,126,158,-32,32
27787,131,117,14,14
27788,65,70,-5,5
27789,90,84,6,6
27790,77,77,0,0
27791,114,117,-3,3
27792,88,85,3,3
27793,90,88,2,2
27794,84,93,-9,9
27795,135,123,12,12
27796,95,92,3,3
27797,94,109,-15,15
27798,106,106,0,0
27799,75,77,-2,2
27800,115,113,2,2
27801,143,141,2,2
27802,60,58,2,2
27803,68,64,4,4
27804,73,71,2,2
27805,168,145,23,23
27806,99,102,-3,3
27807,108,108,0,0
27808,77,86,-9,9
27809,60,55,5,5
27810,79,72,7,7
27811,103,119,-16,16
27812,120,122,-2,2
27813,137,150,-13,13
27814,80,88,-8,8
27815,78,78,0,0
27816,49,56,-7,7
27817,97,106,-9,9
27818,104,109,-5,5
27819,172,162,10,10
27820,154,154,0,0
27821,93,96,-3,3
27822,103,92,11,11
27823,51,54,-3,3
27824,72,72,0,0
27825,81,81,0,0
27826,69,63,6,6
27827,111,108,3,3
27828,106,109,-3,3
27829,143,131,12,12
27830,46,44,2,2
27831,118,121,-3,3
27832,136,117,19,19
27833,103,95,8,8
27834,115,121,-6,6
27835,100,96,4,4
27836,130,123,7,7
27837,146,137,9,9
27838,106,109,-3,3
27839,160,159,1,1
27840,151,119,32,32
27841,111,111,0,0
27842,132,120,12,12
27843,70,61,9,9
27844,95,95,0,0
27845,113,114,-1,1
27846,100,133,-33,33
27847,84,96,-12,12
27848,144,126,18,18
27849,75,78,-3,3
27850,127,127,0,0
27851,35,44,-9,9
27852,48,61,-13,13
27853,52,53,-1,1
27854,110,113,-3,3
27855,109,109,0,0
27856,72,74,-2,2
27857,99,98,1,1
27858,58,53,5,5
27859,81,72,9,9
27860,96,85,11,11
27861,71,70,1,1
27862,122,101,21,21
27863,151,145,6,6
27864,92,88,4,4
27865,69,69,0,0
27866,111,110,1,1
27867,106,99,7,7
27868,122,121,1,1
27869,100,85,15,15
27870,62,64,-2,2
27871,77,74,3,3
27872,111,112,-1,1
27873,68,76,-8,8
27874,97,91,6,6
27875,118,90,28,28
27876,118,119,-1,1
27877,97,108,-11,11
27878,78,81,-3,3
27879,146,145,1,1
27880,99,99,0,0
27881,76,73,3,3
27882,64,60,4,4
27883,48,50,-2,2
27884,89,88,1,1
27885,59,61,-2,2
27886,74,76,-2,2
27887,72,75,-3,3
27888,83,79,4,4
27889,83,70,13,13
27890,97,98,-1,1
27891,100,92,8,8
27892,181,183,-2,2
27893,37,39,-2,2
27894,64,65,-1,1
27895,84,75,9,9
27896,68,63,5,5
27897,54,52,2,2
27898,85,85,0,0
27899,75,77,-2,2
27900,98,94,4,4
27901,147,142,5,5
27902,138,136,2,2
27903,61,62,-1,1
27904,83,88,-5,5
27905,158,144,14,14
27906,119,112,7,7
27907,88,82,6,6
27908,119,117,2,2
27909,118,109,9,9
27910,68,69,-1,1
27911,49,54,-5,5
27912,112,103,9,9
27913,113,110,3,3
27914,83,88,-5,5
27915,81,85,-4,4
27916,31,38,-7,7
27917,87,79,8,8
27918,144,140,4,4
27919,133,143,-10,10
27920,137,137,0,0
27921,95,95,0,0
27922,80,80,0,0
27923,109,109,0,0
27924,90,96,-6,6
27925,70,69,1,1
27926,66,70,-4,4
27927,81,72,9,9
27928,156,154,2,2
27929,70,76,-6,6
27930,95,103,-8,8
27931,109,99,10,10
27932,61,111,-50,50
27933,40,45,-5,5
27934,138,144,-6,6
27935,96,90,6,6
27936,53,68,-15,15
27937,85,91,-6,6
27938,137,127,10,10
27939,113,112,1,1
27940,127,124,3,3
27941,77,73,4,4
27942,66,70,-4,4
27943,36,44,-8,8
27944,83,87,-4,4
27945,120,109,11,11
27946,55,65,-10,10
27947,61,65,-4,4
27948,68,64,4,4
27949,93,98,-5,5
27950,173,169,4,4
27951,58,65,-7,7
27952,75,79,-4,4
27953,83,74,9,9
27954,141,150,-9,9
27955,67,67,0,0
27956,35,49,-14,14
27957,63,67,-4,4
27958,52,56,-4,4
27959,183,170,13,13
27960,52,52,0,0
27961,72,70,2,2
27962,77,78,-1,1
27963,61,61,0,0
27964,124,109,15,15
27965,78,81,-3,3
27966,123,126,-3,3
27967,122,122,0,0
27968,88,94,-6,6
27969,74,79,-5,5
27970,66,68,-2,2
27971,69,80,-11,11
27972,92,91,1,1
27973,79,75,4,4
27974,45,66,-21,21
27975,115,118,-3,3
27976,143,141,2,2
27977,99,104,-5,5
27978,129,137,-8,8
27979,103,108,-5,5
27980,90,100,-10,10
27981,88,87,1,1
27982,123,127,-4,4
27983,175,152,23,23
27984,95,90,5,5
27985,105,109,-4,4
27986,65,72,-7,7
27987,66,62,4,4
27988,137,129,8,8
27989,84,84,0,0
27990,110,107,3,3
27991,118,110,8,8
27992,114,115,-1,1
27993,97,110,-13,13
27994,90,85,5,5
27995,124,126,-2,2
27996,158,158,0,0
27997,67,90,-23,23
27998,96,94,2,2
27999,97,94,3,3
28000,108,108,0,0
28001,106,102,4,4
28002,56,56,0,0
28003,69,70,-1,1
28004,41,50,-9,9
28005,67,66,1,1
28006,172,170,2,2
28007,53,53,0,0
28008,94,86,8,8
28009,121,117,4,4
28010,97,82,15,15
28011,91,91,0,0
28012,117,91,26,26
28013,125,145,-20,20
28014,59,58,1,1
28015,114,108,6,6
28016,87,81,6,6
28017,106,104,2,2
28018,77,78,-1,1
28019,135,121,14,14
28020,145,127,18,18
28021,72,72,0,0
28022,53,56,-3,3
28023,149,140,9,9
28024,101,108,-7,7
28025,76,60,16,16
28026,87,95,-8,8
28027,73,68,5,5
28028,107,109,-2,2
28029,67,56,11,11
28030,67,74,-7,7
28031,80,83,-3,3
28032,91,89,2,2
28033,91,85,6,6
28034,104,124,-20,20
28035,66,58,8,8
28036,90,87,3,3
28037,71,80,-9,9
28038,118,107,11,11
28039,87,94,-7,7
28040,68,67,1,1
28041,114,119,-5,5
28042,117,122,-5,5
28043,130,121,9,9
28044,134,145,-11,11
28045,125,124,1,1
28046,74,69,5,5
28047,88,83,5,5
28048,56,73,-17,17
28049,116,114,2,2
28050,145,141,4,4
28051,75,68,7,7
28052,71,84,-13,13
28053,50,52,-2,2
28054,97,98,-1,1
28055,55,51,4,4
28056,52,49,3,3
28057,154,128,26,26
28058,132,124,8,8
28059,180,162,18,18
28060,68,71,-3,3
28061,86,86,0,0
28062,147,147,0,0
28063,68,83,-15,15
28064,80,76,4,4
28065,98,90,8,8
28066,109,117,-8,8
28067,88,90,-2,2
28068,78,84,-6,6
28069,86,76,10,10
28070,42,48,-6,6
28071,74,87,-13,13
28072,137,135,2,2
28073,110,109,1,1
28074,76,84,-8,8
28075,64,67,-3,3
28076,150,136,14,14
28077,116,108,8,8
28078,74,75,-1,1
28079,69,67,2,2
28080,55,48,7,7
28081,114,121,-7,7
28082,178,181,-3,3
28083,78,76,2,2
28084,71,71,0,0
28085,80,87,-7,7
28086,119,131,-12,12
28087,59,64,-5,5
28088,75,69,6,6
28089,77,88,-11,11
28090,64,70,-6,6
28091,118,111,7,7
28092,141,140,1,1
28093,144,147,-3,3
28094,118,117,1,1
28095,90,74,16,16
28096,96,99,-3,3
28097,107,108,-1,1
28098,141,147,-6,6
28099,71,62,9,9
28100,94,87,7,7
28101,196,176,20,20
28102,93,107,-14,14
28103,122,106,16,16
28104,78,82,-4,4
28105,83,108,-25,25
28106,84,78,6,6
28107,65,59,6,6
28108,165,167,-2,2
28109,116,126,-10,10
28110,91,78,13,13
28111,69,65,4,4
28112,87,80,7,7
28113,94,98,-4,4
28114,113,113,0,0
28115,169,170,-1,1
28116,112,101,11,11
28117,85,90,-5,5
28118,113,108,5,5
28119,145,131,14,14
28120,53,57,-4,4
28121,97,95,2,2
28122,102,111,-9,9
28123,107,121,-14,14
28124,88,83,5,5
28125,76,74,2,2
28126,46,49,-3,3
28127,83,86,-3,3
28128,99,95,4,4
28129,118,117,1,1
28130,85,78,7,7
28131,112,115,-3,3
28132,120,111,9,9
28133,246,217,29,29
28134,124,115,9,9
28135,64,69,-5,5
28136,118,110,8,8
28137,118,113,5,5
28138,78,81,-3,3
28139,74,79,-5,5
28140,86,81,5,5
28141,90,76,14,14
28142,132,142,-10,10
28143,125,120,5,5
28144,70,68,2,2
28145,69,67,2,2
28146,119,117,2,2
28147,144,134,10,10
28148,172,159,13,13
28149,83,78,5,5
28150,99,91,8,8
28151,104,102,2,2
28152,127,125,2,2
28153,78,69,9,9
28154,110,98,12,12
28155,53,57,-4,4
28156,79,87,-8,8
28157,47,44,3,3
28158,123,135,-12,12
28159,132,135,-3,3
28160,104,110,-6,6
28161,127,123,4,4
28162,105,90,15,15
28163,65,70,-5,5
28164,100,98,2,2
28165,192,165,27,27
28166,61,89,-28,28
28167,106,114,-8,8
28168,38,70,-32,32
28169,186,163,23,23
28170,166,153,13,13
28171,122,116,6,6
28172,141,137,4,4
28173,122,133,-11,11
28174,39,62,-23,23
28175,117,122,-5,5
28176,128,123,5,5
28177,148,145,3,3
28178,118,117,1,1
28179,96,95,1,1
28180,72,75,-3,3
28181,76,66,10,10
28182,63,61,2,2
28183,84,95,-11,11
28184,102,104,-2,2
28185,75,74,1,1
28186,92,91,1,1
28187,69,67,2,2
28188,94,83,11,11
28189,70,67,3,3
28190,112,101,11,11
28191,87,77,10,10
28192,68,69,-1,1
28193,123,137,-14,14
28194,81,72,9,9
28195,116,129,-13,13
28196,82,87,-5,5
28197,149,133,16,16
28198,60,74,-14,14
28199,59,66,-7,7
28200,110,98,12,12
28201,89,123,-34,34
28202,114,114,0,0
28203,128,125,3,3
28204,57,63,-6,6
28205,77,85,-8,8
28206,85,85,0,0
28207,194,195,-1,1
28208,72,86,-14,14
28209,75,83,-8,8
28210,57,81,-24,24
28211,165,153,12,12
28212,99,95,4,4
28213,84,83,1,1
28214,89,93,-4,4
28215,64,68,-4,4
28216,115,122,-7,7
28217,81,85,-4,4
28218,96,107,-11,11
28219,134,134,0,0
28220,74,71,3,3
28221,121,137,-16,16
28222,81,93,-12,12
28223,58,58,0,0
28224,77,69,8,8
28225,97,94,3,3
28226,66,63,3,3
28227,104,107,-3,3
28228,112,116,-4,4
28229,59,59,0,0
28230,151,139,12,12
28231,111,101,10,10
28232,133,132,1,1
28233,76,78,-2,2
28234,93,98,-5,5
28235,76,74,2,2
28236,85,79,6,6
28237,151,153,-2,2
28238,76,80,-4,4
28239,79,73,6,6
28240,172,187,-15,15
28241,148,138,10,10
28242,89,89,0,0
28243,87,81,6,6
28244,128,126,2,2
28245,71,59,12,12
28246,72,67,5,5
28247,77,77,0,0
28248,100,97,3,3
28249,107,110,-3,3
28250,86,83,3,3
28251,81,72,9,9
28252,93,89,4,4
28253,56,53,3,3
28254,138,132,6,6
28255,77,82,-5,5
28256,175,172,3,3
28257,72,72,0,0
28258,93,93,0,0
28259,92,85,7,7
28260,104,119,-15,15
28261,132,108,24,24
28262,81,87,-6,6
28263,71,76,-5,5
28264,140,143,-3,3
28265,102,96,6,6
28266,53,56,-3,3
28267,87,91,-4,4
28268,147,145,2,2
28269,93,108,-15,15
28270,65,68,-3,3
28271,154,146,8,8
28272,222,204,18,18
28273,107,99,8,8
28274,81,76,5,5
28275,59,62,-3,3
28276,63,64,-1,1
28277,100,103,-3,3
28278,89,81,8,8
28279,70,64,6,6
28280,90,91,-1,1
28281,135,144,-9,9
28282,112,110,2,2
28283,102,100,2,2
28284,126,133,-7,7
28285,87,90,-3,3
28286,98,96,2,2
28287,128,117,11,11
28288,54,56,-2,2
28289,88,88,0,0
28290,79,82,-3,3
28291,177,162,15,15
28292,110,110,0,0
28293,68,74,-6,6
28294,126,128,-2,2
28295,115,116,-1,1
28296,105,114,-9,9
28297,86,86,0,0
28298,66,99,-33,33
28299,65,60,5,5
28300,78,86,-8,8
28301,87,87,0,0
28302,108,111,-3,3
28303,46,57,-11,11
28304,106,109,-3,3
28305,127,120,7,7
28306,137,139,-2,2
28307,84,77,7,7
28308,73,78,-5,5
28309,70,69,1,1
28310,76,71,5,5
28311,84,80,4,4
28312,125,95,30,30
28313,73,78,-5,5
28314,176,173,3,3
28315,97,88,9,9
28316,128,124,4,4
28317,74,74,0,0
28318,145,138,7,7
28319,93,97,-4,4
28320,70,74,-4,4
28321,67,79,-12,12
28322,84,83,1,1
28323,59,60,-1,1
28324,92,90,2,2
28325,112,108,4,4
28326,51,50,1,1
28327,56,56,0,0
28328,92,91,1,1
28329,49,59,-10,10
28330,98,96,2,2
28331,71,74,-3,3
28332,72,74,-2,2
28333,68,76,-8,8
28334,87,90,-3,3
28335,121,115,6,6
28336,94,93,1,1
28337,76,83,-7,7
28338,112,105,7,7
28339,69,61,8,8
28340,113,114,-1,1
28341,129,133,-4,4
28342,105,112,-7,7
28343,99,110,-11,11
28344,58,61,-3,3
28345,130,120,10,10
28346,85,82,3,3
28347,73,66,7,7
28348,56,51,5,5
28349,97,110,-13,13
28350,104,107,-3,3
28351,73,79,-6,6
28352,111,99,12,12
28353,73,66,7,7
28354,98,90,8,8
28355,102,109,-7,7
28356,80,77,3,3
28357,47,49,-2,2
28358,102,112,-10,10
28359,76,75,1,1
28360,69,81,-12,12
28361,85,90,-5,5
28362,111,119,-8,8
28363,34,39,-5,5
28364,137,140,-3,3
28365,79,79,0,0
28366,72,80,-8,8
28367,62,65,-3,3
28368,91,91,0,0
28369,82,84,-2,2
28370,120,135,-15,15
28371,92,98,-6,6
28372,110,115,-5,5
28373,122,117,5,5
28374,119,115,4,4
28375,183,175,8,8
28376,61,66,-5,5
28377,97,89,8,8
28378,117,116,1,1
28379,71,74,-3,3
28380,100,90,10,10
28381,119,112,7,7
28382,94,81,13,13
28383,94,95,-1,1
28384,97,82,15,15
28385,62,55,7,7
28386,74,73,1,1
28387,104,107,-3,3
28388,143,142,1,1
28389,74,77,-3,3
28390,126,122,4,4
28391,64,70,-6,6
28392,97,89,8,8
28393,82,81,1,1
28394,56,65,-9,9
28395,98,103,-5,5
28396,139,134,5,5
28397,102,109,-7,7
28398,100,101,-1,1
28399,115,99,16,16
28400,138,120,18,18
28401,39,45,-6,6
28402,132,134,-2,2
28403,127,130,-3,3
28404,98,90,8,8
28405,83,73,10,10
28406,106,111,-5,5
28407,161,152,9,9
28408,77,67,10,10
28409,76,86,-10,10
28410,96,87,9,9
28411,107,110,-3,3
28412,85,245,-160,160
28413,79,82,-3,3
28414,102,98,4,4
28415,57,54,3,3
28416,79,81,-2,2
28417,76,88,-12,12
28418,82,85,-3,3
28419,56,57,-1,1
28420,84,78,6,6
28421,110,102,8,8
28422,183,166,17,17
28423,118,126,-8,8
28424,100,96,4,4
28425,109,98,11,11
28426,101,98,3,3
28427,57,65,-8,8
28428,89,109,-20,20
28429,148,137,11,11
28430,202,199,3,3
28431,137,147,-10,10
28432,91,89,2,2
28433,112,109,3,3
28434,68,72,-4,4
28435,83,82,1,1
28436,72,70,2,2
28437,79,76,3,3
28438,116,116,0,0
28439,54,57,-3,3
28440,87,88,-1,1
28441,82,80,2,2
28442,104,101,3,3
28443,126,124,2,2
28444,106,112,-6,6
28445,116,112,4,4
28446,91,96,-5,5
28447,77,76,1,1
28448,123,143,-20,20
28449,145,138,7,7
28450,88,81,7,7
28451,95,111,-16,16
28452,79,84,-5,5
28453,91,96,-5,5
28454,133,125,8,8
28455,165,180,-15,15
28456,61,58,3,3
28457,63,67,-4,4
28458,120,118,2,2
28459,54,51,3,3
28460,145,145,0,0
28461,130,131,-1,1
28462,68,63,5,5
28463,55,58,-3,3
28464,90,87,3,3
28465,102,92,10,10
28466,52,52,0,0
28467,102,108,-6,6
28468,162,162,0,0
28469,85,93,-8,8
28470,81,83,-2,2
28471,57,53,4,4
28472,82,76,6,6
28473,135,90,45,45
28474,43,47,-4,4
28475,82,77,5,5
28476,66,71,-5,5
28477,102,98,4,4
28478,70,70,0,0
28479,151,147,4,4
28480,127,127,0,0
28481,77,59,18,18
28482,137,124,13,13
28483,83,76,7,7
28484,183,169,14,14
28485,43,41,2,2
28486,129,135,-6,6
28487,58,58,0,0
28488,73,73,0,0
28489,67,59,8,8
28490,57,61,-4,4
28491,133,147,-14,14
28492,76,78,-2,2
28493,87,88,-1,1
28494,76,80,-4,4
28495,99,88,11,11
28496,95,96,-1,1
28497,56,61,-5,5
28498,146,137,9,9
28499,123,111,12,12
28500,93,116,-23,23
28501,71,71,0,0
28502,97,90,7,7
28503,122,113,9,9
28504,97,97,0,0
28505,86,82,4,4
28506,87,88,-1,1
28507,134,125,9,9
28508,99,109,-10,10
28509,135,132,3,3
28510,85,81,4,4
28511,132,134,-2,2
28512,54,55,-1,1
28513,77,83,-6,6
28514,63,70,-7,7
28515,138,141,-3,3
28516,58,59,-1,1
28517,141,132,9,9
28518,161,159,2,2
28519,105,116,-11,11
28520,107,116,-9,9
28521,153,160,-7,7
28522,90,91,-1,1
28523,147,147,0,0
28524,92,94,-2,2
28525,34,33,1,1
28526,90,96,-6,6
28527,50,57,-7,7
28528,83,79,4,4
28529,127,140,-13,13
28530,59,53,6,6
28531,57,61,-4,4
28532,115,121,-6,6
28533,91,96,-5,5
28534,143,133,10,10
28535,119,113,6,6
28536,97,96,1,1
28537,155,149,6,6
28538,128,122,6,6
28539,67,71,-4,4
28540,60,62,-2,2
28541,103,97,6,6
28542,128,122,6,6
28543,100,96,4,4
28544,71,71,0,0
28545,85,87,-2,2
28546,74,74,0,0
28547,172,143,29,29
28548,73,70,3,3
28549,51,61,-10,10
28550,76,75,1,1
28551,110,110,0,0
28552,125,114,11,11
28553,49,57,-8,8
28554,145,134,11,11
28555,81,77,4,4
28556,79,101,-22,22
28557,108,109,-1,1
28558,95,90,5,5
28559,66,58,8,8
28560,78,78,0,0
28561,41,46,-5,5
28562,89,77,12,12
28563,60,62,-2,2
28564,88,83,5,5
28565,54,63,-9,9
28566,112,108,4,4
28567,135,122,13,13
28568,123,119,4,4
28569,76,94,-18,18
28570,82,81,1,1
28571,38,42,-4,4
28572,51,52,-1,1
28573,33,47,-14,14
28574,100,97,3,3
28575,64,73,-9,9
28576,98,100,-2,2
28577,104,98,6,6
28578,108,113,-5,5
28579,112,111,1,1
28580,54,57,-3,3
28581,75,79,-4,4
28582,89,95,-6,6
28583,137,129,8,8
28584,66,62,4,4
28585,81,82,-1,1
28586,91,98,-7,7
28587,84,86,-2,2
28588,52,54,-2,2
28589,64,72,-8,8
28590,176,174,2,2
28591,59,63,-4,4
28592,70,69,1,1
28593,69,68,1,1
28594,83,106,-23,23
28595,71,75,-4,4
28596,61,63,-2,2
28597,65,66,-1,1
28598,94,115,-21,21
28599,53,54,-1,1
28600,66,59,7,7
28601,93,93,0,0
28602,66,63,3,3
28603,75,71,4,4
28604,96,101,-5,5
28605,66,64,2,2
28606,158,127,31,31
28607,80,69,11,11
28608,67,63,4,4
28609,67,71,-4,4
28610,79,81,-2,2
28611,57,64,-7,7
28612,66,72,-6,6
28613,44,47,-3,3
28614,59,60,-1,1
28615,150,138,12,12
28616,128,124,4,4
28617,74,72,2,2
28618,38,53,-15,15
28619,51,52,-1,1
28620,123,123,0,0
28621,61,57,4,4
28622,77,65,12,12
28623,61,64,-3,3
28624,94,90,4,4
28625,104,113,-9,9
28626,62,71,-9,9
28627,115,110,5,5
28628,122,109,13,13
28629,96,97,-1,1
28630,84,84,0,0
28631,119,113,6,6
28632,99,93,6,6
28633,85,83,2,2
28634,118,112,6,6
28635,144,129,15,15
28636,54,56,-2,2
28637,152,139,13,13
28638,47,53,-6,6
28639,67,67,0,0
28640,81,83,-2,2
28641,125,122,3,3
28642,104,96,8,8
28643,63,73,-10,10
28644,71,63,8,8
28645,56,62,-6,6
28646,144,141,3,3
28647,125,136,-11,11
28648,64,57,7,7
28649,108,98,10,10
28650,87,79,8,8
28651,66,74,-8,8
28652,83,89,-6,6
28653,102,96,6,6
28654,120,119,1,1
28655,114,115,-1,1
28656,114,113,1,1
28657,148,146,2,2
28658,100,98,2,2
28659,76,72,4,4
28660,53,61,-8,8
28661,104,109,-5,5
28662,101,109,-8,8
28663,93,91,2,2
28664,50,56,-6,6
28665,47,50,-3,3
28666,137,134,3,3
28667,109,103,6,6
28668,83,97,-14,14
28669,32,38,-6,6
28670,69,67,2,2
28671,92,90,2,2
28672,78,84,-6,6
28673,96,114,-18,18
28674,92,88,4,4
28675,53,57,-4,4
28676,144,141,3,3
28677,107,98,9,9
28678,112,111,1,1
28679,72,64,8,8
28680,108,100,8,8
28681,84,77,7,7
28682,54,56,-2,2
28683,82,113,-31,31
28684,98,92,6,6
28685,73,78,-5,5
28686,50,55,-5,5
28687,89,90,-1,1
28688,66,63,3,3
28689,140,143,-3,3
28690,97,96,1,1
28691,77,83,-6,6
28692,106,72,34,34
28693,73,74,-1,1
28694,122,119,3,3
28695,80,83,-3,3
28696,60,61,-1,1
28697,90,82,8,8
28698,83,84,-1,1
28699,86,87,-1,1
28700,33,35,-2,2
28701,134,130,4,4
28702,117,120,-3,3
28703,60,57,3,3
28704,116,113,3,3
28705,110,119,-9,9
28706,129,129,0,0
28707,88,88,0,0
28708,76,71,5,5
28709,171,168,3,3
28710,98,77,21,21
28711,100,96,4,4
28712,66,60,6,6
28713,140,129,11,11
28714,101,84,17,17
28715,61,58,3,3
28716,89,84,5,5
28717,93,96,-3,3
28718,101,93,8,8
28719,63,71,-8,8
28720,85,87,-2,2
28721,94,96,-2,2
28722,114,133,-19,19
28723,104,113,-9,9
28724,78,77,1,1
28725,108,123,-15,15
28726,57,57,0,0
28727,38,39,-1,1
28728,69,74,-5,5
28729,106,111,-5,5
28730,77,74,3,3
28731,235,234,1,1
28732,98,108,-10,10
28733,111,110,1,1
28734,70,86,-16,16
28735,102,92,10,10
28736,92,94,-2,2
28737,67,70,-3,3
28738,83,89,-6,6
28739,71,68,3,3
28740,92,73,19,19
28741,59,63,-4,4
28742,90,90,0,0
28743,71,70,1,1
28744,52,57,-5,5
28745,109,95,14,14
28746,105,114,-9,9
28747,79,77,2,2
28748,81,72,9,9
28749,84,88,-4,4
28750,80,69,11,11
28751,56,67,-11,11
28752,84,81,3,3
28753,44,48,-4,4
28754,85,85,0,0
28755,62,68,-6,6
28756,83,75,8,8
28757,59,72,-13,13
28758,92,88,4,4
28759,99,108,-9,9
28760,131,148,-17,17
28761,58,63,-5,5
28762,164,152,12,12
28763,132,120,12,12
28764,73,71,2,2
28765,82,82,0,0
28766,57,60,-3,3
28767,97,110,-13,13
28768,26,41,-15,15
28769,107,97,10,10
28770,88,83,5,5
28771,84,85,-1,1
28772,82,85,-3,3
28773,141,145,-4,4
28774,78,74,4,4
28775,146,144,2,2
28776,84,77,7,7
28777,93,87,6,6
28778,74,74,0,0
28779,139,132,7,7
28780,125,126,-1,1
28781,65,67,-2,2
28782,101,110,-9,9
28783,114,123,-9,9
28784,54,59,-5,5
28785,99,92,7,7
28786,83,88,-5,5
28787,128,124,4,4
28788,90,95,-5,5
28789,77,76,1,1
28790,68,57,11,11
28791,78,92,-14,14
28792,76,75,1,1
28793,85,81,4,4
28794,106,111,-5,5
28795,207,177,30,30
28796,105,104,1,1
28797,110,116,-6,6
28798,86,82,4,4
28799,166,133,33,33
28800,118,117,1,1
28801,99,95,4,4
28802,80,87,-7,7
28803,27,44,-17,17
28804,125,112,13,13
28805,92,92,0,0
28806,85,79,6,6
28807,91,92,-1,1
28808,61,59,2,2
28809,86,79,7,7
28810,50,51,-1,1
28811,101,102,-1,1
28812,79,67,12,12
28813,82,97,-15,15
28814,63,59,4,4
28815,100,94,6,6
28816,103,86,17,17
28817,150,143,7,7
28818,86,75,11,11
28819,72,81,-9,9
28820,54,57,-3,3
28821,136,138,-2,2
28822,60,57,3,3
28823,118,113,5,5
28824,64,57,7,7
28825,78,75,3,3
28826,76,69,7,7
28827,145,140,5,5
28828,62,70,-8,8
28829,98,102,-4,4
28830,100,100,0,0
28831,142,137,5,5
28832,77,85,-8,8
28833,81,91,-10,10
28834,79,79,0,0
28835,78,76,2,2
28836,84,91,-7,7
28837,63,65,-2,2
28838,94,90,4,4
28839,89,87,2,2
28840,78,75,3,3
28841,132,139,-7,7
28842,151,142,9,9
28843,156,145,11,11
28844,41,56,-15,15
28845,106,110,-4,4
28846,99,98,1,1
28847,42,47,-5,5
28848,79,72,7,7
28849,60,76,-16,16
28850,136,143,-7,7
28851,130,131,-1,1
28852,136,141,-5,5
28853,81,71,10,10
28854,112,113,-1,1
28855,60,65,-5,5
28856,93,80,13,13
28857,103,109,-6,6
28858,180,165,15,15
28859,93,88,5,5
28860,172,160,12,12
28861,95,108,-13,13
28862,79,91,-12,12
28863,55,58,-3,3
28864,105,109,-4,4
28865,118,115,3,3
28866,111,111,0,0
28867,66,72,-6,6
28868,146,128,18,18
28869,81,113,-32,32
28870,75,69,6,6
28871,79,85,-6,6
28872,64,64,0,0
28873,97,99,-2,2
28874,103,101,2,2
28875,68,70,-2,2
28876,74,80,-6,6
28877,80,72,8,8
28878,90,75,15,15
28879,59,51,8,8
28880,109,114,-5,5
28881,90,86,4,4
28882,71,78,-7,7
28883,108,109,-1,1
28884,83,79,4,4
28885,130,125,5,5
28886,85,87,-2,2
28887,49,60,-11,11
28888,73,73,0,0
28889,104,108,-4,4
28890,131,130,1,1
28891,69,72,-3,3
28892,102,98,4,4
28893,74,73,1,1
28894,58,60,-2,2
28895,167,154,13,13
28896,144,141,3,3
28897,108,111,-3,3
28898,70,71,-1,1
28899,84,84,0,0
28900,50,50,0,0
28901,68,71,-3,3
28902,128,137,-9,9
28903,106,113,-7,7
28904,63,65,-2,2
28905,61,88,-27,27
28906,82,77,5,5
28907,100,109,-9,9
28908,92,89,3,3
28909,75,82,-7,7
28910,132,132,0,0
28911,85,93,-8,8
28912,183,171,12,12
28913,115,112,3,3
28914,125,134,-9,9
28915,99,97,2,2
28916,102,101,1,1
28917,125,131,-6,6
28918,75,74,1,1
28919,173,167,6,6
28920,66,71,-5,5
28921,90,81,9,9
28922,88,86,2,2
28923,124,123,1,1
28924,70,68,2,2
28925,93,87,6,6
28926,64,61,3,3
28927,60,54,6,6
28928,134,137,-3,3
28929,104,98,6,6
28930,44,48,-4,4
28931,109,95,14,14
28932,68,67,1,1
28933,81,85,-4,4
28934,103,100,3,3
28935,99,102,-3,3
28936,80,80,0,0
28937,104,109,-5,5
28938,67,72,-5,5
28939,126,124,2,2
28940,53,54,-1,1
28941,135,129,6,6
28942,95,81,14,14
28943,95,101,-6,6
28944,63,67,-4,4
28945,140,123,17,17
28946,71,79,-8,8
28947,79,76,3,3
28948,47,64,-17,17
28949,87,101,-14,14
28950,57,60,-3,3
28951,81,78,3,3
28952,53,53,0,0
28953,88,97,-9,9
28954,109,114,-5,5
28955,85,87,-2,2
28956,114,112,2,2
28957,81,83,-2,2
28958,85,95,-10,10
28959,95,93,2,2
28960,61,72,-11,11
28961,65,64,1,1
28962,47,56,-9,9
28963,57,55,2,2
28964,66,76,-10,10
28965,86,89,-3,3
28966,76,74,2,2
28967,143,131,12,12
28968,79,94,-15,15
28969,87,78,9,9
28970,99,96,3,3
28971,103,116,-13,13
28972,83,77,6,6
28973,116,116,0,0
28974,128,126,2,2
28975,159,154,5,5
28976,113,101,12,12
28977,124,120,4,4
28978,81,89,-8,8
28979,66,57,9,9
28980,82,65,17,17
28981,58,64,-6,6
28982,101,109,-8,8
28983,67,83,-16,16
28984,97,84,13,13
28985,78,82,-4,4
28986,104,110,-6,6
28987,117,113,4,4
28988,82,93,-11,11
28989,125,128,-3,3
28990,152,151,1,1
28991,92,97,-5,5
28992,128,120,8,8
28993,68,69,-1,1
28994,101,93,8,8
28995,96,99,-3,3
28996,98,96,2,2
28997,134,122,12,12
28998,106,112,-6,6
28999,54,53,1,1
29000,88,96,-8,8
29001,66,59,7,7
29002,99,98,1,1
29003,82,84,-2,2
29004,118,121,-3,3
29005,66,62,4,4
29006,96,90,6,6
29007,139,138,1,1
29008,25,39,-14,14
29009,123,115,8,8
29010,130,125,5,5
29011,92,86,6,6
29012,80,78,2,2
29013,67,63,4,4
29014,71,70,1,1
29015,92,94,-2,2
29016,113,102,11,11
29017,67,80,-13,13
29018,58,62,-4,4
29019,39,86,-47,47
29020,78,84,-6,6
29021,113,99,14,14
29022,50,51,-1,1
29023,66,62,4,4
29024,88,85,3,3
29025,88,99,-11,11
29026,131,120,11,11
29027,64,78,-14,14
29028,91,87,4,4
29029,101,88,13,13
29030,110,108,2,2
29031,56,65,-9,9
29032,77,75,2,2
29033,129,127,2,2
29034,91,102,-11,11
29035,97,101,-4,4
29036,98,97,1,1
29037,75,76,-1,1
29038,109,92,17,17
29039,64,70,-6,6
29040,71,75,-4,4
29041,54,57,-3,3
29042,59,63,-4,4
29043,145,145,0,0
29044,86,77,9,9
29045,56,57,-1,1
29046,79,83,-4,4
29047,114,117,-3,3
29048,65,72,-7,7
29049,104,95,9,9
29050,61,70,-9,9
29051,155,154,1,1
29052,106,103,3,3
29053,48,68,-20,20
29054,173,144,29,29
29055,31,46,-15,15
29056,87,89,-2,2
29057,147,145,2,2
29058,79,81,-2,2
29059,92,108,-16,16
29060,100,88,12,12
29061,118,129,-11,11
29062,83,80,3,3
29063,72,71,1,1
29064,101,93,8,8
29065,83,86,-3,3
29066,94,95,-1,1
29067,103,110,-7,7
29068,73,73,0,0
29069,179,173,6,6
29070,115,109,6,6
29071,85,83,2,2
29072,101,98,3,3
29073,130,130,0,0
29074,155,161,-6,6
29075,65,69,-4,4
29076,116,123,-7,7
29077,71,64,7,7
29078,78,86,-8,8
29079,129,131,-2,2
29080,78,72,6,6
29081,141,132,9,9
29082,139,125,14,14
29083,90,89,1,1
29084,174,165,9,9
29085,92,89,3,3
29086,76,77,-1,1
29087,40,48,-8,8
29088,36,38,-2,2
29089,78,73,5,5
29090,89,90,-1,1
29091,63,67,-4,4
29092,79,75,4,4
29093,127,118,9,9
29094,61,69,-8,8
29095,118,70,48,48
29096,112,100,12,12
29097,131,126,5,5
29098,78,79,-1,1
29099,95,94,1,1
29100,75,75,0,0
29101,170,162,8,8
29102,97,101,-4,4
29103,62,64,-2,2
29104,130,126,4,4
29105,116,135,-19,19
29106,72,79,-7,7
29107,89,84,5,5
29108,95,98,-3,3
29109,82,78,4,4
29110,54,61,-7,7
29111,102,101,1,1
29112,106,100,6,6
29113,138,134,4,4
29114,90,93,-3,3
29115,53,63,-10,10
29116,111,97,14,14
29117,91,88,3,3
29118,84,88,-4,4
29119,116,109,7,7
29120,119,115,4,4
29121,82,84,-2,2
29122,102,94,8,8
29123,64,65,-1,1
29124,40,55,-15,15
29125,104,109,-5,5
29126,73,73,0,0
29127,92,90,2,2
29128,127,113,14,14
29129,155,150,5,5
29130,82,83,-1,1
29131,86,88,-2,2
29132,61,55,6,6
29133,136,125,11,11
29134,123,131,-8,8
29135,40,52,-12,12
29136,103,95,8,8
29137,145,146,-1,1
29138,92,100,-8,8
29139,60,80,-20,20
29140,71,70,1,1
29141,63,63,0,0
29142,51,57,-6,6
29143,92,92,0,0
29144,48,51,-3,3
29145,66,46,20,20
29146,165,152,13,13
29147,114,110,4,4
29148,48,48,0,0
29149,121,113,8,8
29150,134,128,6,6
29151,68,66,2,2
29152,34,45,-11,11
29153,68,64,4,4
29154,72,73,-1,1
29155,63,62,1,1
29156,59,67,-8,8
29157,94,96,-2,2
29158,59,58,1,1
29159,77,90,-13,13
29160,119,112,7,7
29161,134,134,0,0
29162,120,118,2,2
29163,90,82,8,8
29164,79,77,2,2
29165,70,67,3,3
29166,103,100,3,3
29167,111,95,16,16
29168,62,64,-2,2
29169,139,122,17,17
29170,138,142,-4,4
29171,213,211,2,2
29172,73,74,-1,1
29173,116,118,-2,2
29174,135,135,0,0
29175,77,71,6,6
29176,89,81,8,8
29177,40,41,-1,1
29178,82,73,9,9
29179,101,109,-8,8
29180,81,97,-16,16
29181,159,155,4,4
29182,89,92,-3,3
29183,74,84,-10,10
29184,106,108,-2,2
29185,53,62,-9,9
29186,98,118,-20,20
29187,96,93,3,3
29188,116,122,-6,6
29189,68,69,-1,1
29190,74,75,-1,1
29191,167,168,-1,1
29192,90,99,-9,9
29193,106,100,6,6
29194,62,56,6,6
29195,46,52,-6,6
29196,68,79,-11,11
29197,73,71,2,2
29198,78,77,1,1
29199,58,58,0,0
29200,129,124,5,5
29201,79,89,-10,10
29202,92,88,4,4
29203,34,47,-13,13
29204,81,48,33,33
29205,73,66,7,7
29206,171,169,2,2
29207,90,96,-6,6
29208,70,83,-13,13
29209,199,199,0,0
29210,68,65,3,3
29211,161,162,-1,1
29212,46,47,-1,1
29213,61,62,-1,1
29214,112,109,3,3
29215,133,123,10,10
29216,91,85,6,6
29217,80,87,-7,7
29218,160,133,27,27
29219,90,88,2,2
29220,103,92,11,11
29221,87,79,8,8
29222,148,139,9,9
29223,183,126,57,57
29224,87,84,3,3
29225,161,149,12,12
29226,80,76,4,4
29227,128,131,-3,3
29228,123,122,1,1
29229,159,151,8,8
29230,48,46,2,2
29231,77,82,-5,5
29232,87,85,2,2
29233,53,52,1,1
29234,118,113,5,5
29235,89,70,19,19
29236,76,75,1,1
29237,145,133,12,12
29238,125,112,13,13
29239,97,109,-12,12
29240,49,55,-6,6
29241,62,76,-14,14
29242,81,81,0,0
29243,136,138,-2,2
29244,100,106,-6,6
29245,187,202,-15,15
29246,105,112,-7,7
29247,176,159,17,17
29248,113,112,1,1
29249,115,122,-7,7
29250,86,87,-1,1
29251,120,112,8,8
29252,74,81,-7,7
29253,86,95,-9,9
29254,99,112,-13,13
29255,70,67,3,3
29256,109,113,-4,4
29257,110,105,5,5
29258,102,102,0,0
29259,156,144,12,12
29260,107,109,-2,2
29261,53,57,-4,4
29262,121,114,7,7
29263,97,93,4,4
29264,103,116,-13,13
29265,66,62,4,4
29266,108,126,-18,18
29267,59,67,-8,8
29268,64,69,-5,5
29269,70,73,-3,3
29270,86,83,3,3
29271,118,111,7,7
29272,61,66,-5,5
29273,120,112,8,8
29274,112,109,3,3
29275,176,151,25,25
29276,61,63,-2,2
29277,89,106,-17,17
29278,115,102,13,13
29279,112,99,13,13
29280,110,109,1,1
29281,92,91,1,1
29282,124,115,9,9
29283,60,61,-1,1
29284,70,66,4,4
29285,98,95,3,3
29286,77,76,1,1
29287,60,57,3,3
29288,149,146,3,3
29289,135,135,0,0
29290,71,70,1,1
29291,47,55,-8,8
29292,141,129,12,12
29293,76,86,-10,10
29294,85,79,6,6
29295,66,66,0,0
29296,86,85,1,1
29297,144,139,5,5
29298,74,80,-6,6
29299,181,172,9,9
29300,79,83,-4,4
29301,106,99,7,7
29302,138,128,10,10
29303,91,76,15,15
29304,76,73,3,3
29305,140,130,10,10
29306,77,78,-1,1
29307,54,60,-6,6
29308,71,75,-4,4
29309,110,97,13,13
29310,90,85,5,5
29311,116,123,-7,7
29312,83,81,2,2
29313,59,63,-4,4
29314,92,90,2,2
29315,144,133,11,11
29316,67,59,8,8
29317,105,107,-2,2
29318,62,61,1,1
29319,136,129,7,7
29320,111,114,-3,3
29321,64,69,-5,5
29322,73,60,13,13
29323,86,93,-7,7
29324,84,82,2,2
29325,74,76,-2,2
29326,135,131,4,4
29327,119,114,5,5
29328,83,87,-4,4
29329,102,101,1,1
29330,84,90,-6,6
29331,66,118,-52,52
29332,47,46,1,1
29333,97,91,6,6
29334,106,107,-1,1
29335,75,75,0,0
29336,108,120,-12,12
29337,154,149,5,5
29338,91,85,6,6
29339,75,80,-5,5
29340,155,143,12,12
29341,75,87,-12,12
29342,211,186,25,25
29343,69,66,3,3
29344,52,53,-1,1
29345,84,68,16,16
29346,89,88,1,1
29347,79,78,1,1
29348,78,81,-3,3
29349,90,84,6,6
29350,305,277,28,28
29351,83,88,-5,5
29352,193,189,4,4
29353,124,129,-5,5
29354,46,48,-2,2
29355,85,79,6,6
29356,84,88,-4,4
29357,98,95,3,3
29358,72,72,0,0
29359,60,65,-5,5
29360,102,97,5,5
29361,92,87,5,5
29362,102,108,-6,6
29363,74,76,-2,2
29364,114,109,5,5
29365,86,94,-8,8
29366,114,117,-3,3
29367,151,161,-10,10
29368,91,90,1,1
29369,78,71,7,7
29370,153,146,7,7
29371,80,95,-15,15
29372,108,112,-4,4
29373,88,78,10,10
29374,153,143,10,10
29375,71,79,-8,8
29376,95,100,-5,5
29377,127,120,7,7
29378,139,144,-5,5
29379,46,48,-2,2
29380,124,122,2,2
29381,93,94,-1,1
29382,114,108,6,6
29383,93,85,8,8
29384,67,64,3,3
29385,110,112,-2,2
29386,63,66,-3,3
29387,70,67,3,3
29388,87,85,2,2
29389,122,120,2,2
29390,107,114,-7,7
29391,153,145,8,8
29392,94,95,-1,1
29393,101,107,-6,6
29394,78,84,-6,6
29395,82,93,-11,11
29396,88,85,3,3
29397,94,85,9,9
29398,37,51,-14,14
29399,67,68,-1,1
29400,85,93,-8,8
29401,105,90,15,15
29402,40,53,-13,13
29403,194,176,18,18
29404,123,125,-2,2
29405,87,79,8,8
29406,102,98,4,4
29407,145,136,9,9
29408,68,66,2,2
29409,159,137,22,22
29410,82,82,0,0
29411,83,74,9,9
29412,82,79,3,3
29413,69,64,5,5
29414,103,101,2,2
29415,105,103,2,2
29416,100,110,-10,10
29417,55,54,1,1
29418,80,79,1,1
29419,73,81,-8,8
29420,51,29,22,22
29421,124,121,3,3
29422,52,54,-2,2
29423,115,131,-16,16
29424,116,112,4,4
29425,101,108,-7,7
29426,63,52,11,11
29427,52,58,-6,6
29428,84,76,8,8
29429,142,142,0,0
29430,71,74,-3,3
29431,82,91,-9,9
29432,85,93,-8,8
29433,74,73,1,1
29434,61,54,7,7
29435,107,111,-4,4
29436,98,98,0,0
29437,80,80,0,0
29438,69,77,-8,8
29439,64,66,-2,2
29440,137,130,7,7
29441,77,74,3,3
29442,94,108,-14,14
29443,86,84,2,2
29444,60,61,-1,1
29445,54,64,-10,10
29446,62,64,-2,2
29447,86,85,1,1
29448,60,59,1,1
29449,64,64,0,0
29450,91,96,-5,5
29451,71,65,6,6
29452,78,86,-8,8
29453,104,99,5,5
29454,103,110,-7,7
29455,167,176,-9,9
29456,129,111,18,18
29457,125,148,-23,23
29458,108,117,-9,9
29459,77,80,-3,3
29460,121,126,-5,5
29461,77,74,3,3
29462,61,69,-8,8
29463,67,66,1,1
29464,96,89,7,7
29465,113,125,-12,12
29466,70,71,-1,1
29467,79,71,8,8
29468,91,93,-2,2
29469,86,95,-9,9
29470,74,74,0,0
29471,78,86,-8,8
29472,117,100,17,17
29473,82,69,13,13
29474,79,82,-3,3
29475,138,150,-12,12
29476,92,85,7,7
29477,69,66,3,3
29478,81,89,-8,8
29479,73,75,-2,2
29480,100,108,-8,8
29481,51,47,4,4
29482,60,61,-1,1
29483,109,107,2,2
29484,131,132,-1,1
29485,71,75,-4,4
29486,77,81,-4,4
29487,97,111,-14,14
29488,69,67,2,2
29489,124,118,6,6
29490,69,68,1,1
29491,131,122,9,9
29492,87,88,-1,1
29493,178,176,2,2
29494,111,113,-2,2
29495,122,109,13,13
29496,155,146,9,9
29497,136,113,23,23
29498,113,127,-14,14
29499,64,71,-7,7
29500,111,111,0,0
29501,94,93,1,1
29502,58,65,-7,7
29503,89,80,9,9
29504,82,80,2,2
29505,87,92,-5,5
29506,50,60,-10,10
29507,79,75,4,4
29508,140,127,13,13
29509,134,200,-66,66
29510,119,112,7,7
29511,140,143,-3,3
29512,119,119,0,0
29513,52,54,-2,2
29514,124,134,-10,10
29515,131,102,29,29
29516,45,52,-7,7
29517,70,68,2,2
29518,99,107,-8,8
29519,82,76,6,6
29520,73,69,4,4
29521,120,127,-7,7
29522,107,114,-7,7
29523,88,87,1,1
29524,82,81,1,1
29525,59,60,-1,1
29526,90,98,-8,8
29527,56,63,-7,7
29528,113,114,-1,1
29529,78,75,3,3
29530,61,69,-8,8
29531,89,87,2,2
29532,44,50,-6,6
29533,62,59,3,3
29534,111,114,-3,3
29535,75,76,-1,1
29536,74,70,4,4
29537,79,71,8,8
29538,89,90,-1,1
29539,94,94,0,0
29540,116,111,5,5
29541,120,115,5,5
29542,180,168,12,12
29543,48,45,3,3
29544,85,85,0,0
29545,112,109,3,3
29546,114,94,20,20
29547,78,80,-2,2
29548,111,124,-13,13
29549,71,73,-2,2
29550,64,67,-3,3
29551,47,45,2,2
29552,85,89,-4,4
29553,90,95,-5,5
29554,137,124,13,13
29555,138,139,-1,1
29556,64,64,0,0
29557,78,73,5,5
29558,42,42,0,0
29559,98,96,2,2
29560,59,50,9,9
29561,76,86,-10,10
29562,106,99,7,7
29563,33,35,-2,2
29564,121,123,-2,2
29565,108,97,11,11
29566,76,76,0,0
29567,64,60,4,4
29568,73,64,9,9
29569,112,111,1,1
29570,105,98,7,7
29571,59,67,-8,8
29572,205,178,27,27
29573,78,84,-6,6
29574,79,84,-5,5
29575,123,122,1,1
29576,83,82,1,1
29577,115,119,-4,4
29578,75,76,-1,1
29579,86,90,-4,4
29580,111,126,-15,15
29581,82,111,-29,29
29582,157,157,0,0
29583,58,59,-1,1
29584,101,98,3,3
29585,99,98,1,1
29586,96,97,-1,1
29587,133,142,-9,9
29588,93,93,0,0
29589,79,77,2,2
29590,87,71,16,16
29591,101,110,-9,9
29592,73,73,0,0
29593,76,75,1,1
29594,110,97,13,13
29595,100,97,3,3
29596,87,85,2,2
29597,126,133,-7,7
29598,81,75,6,6
29599,70,80,-10,10
29600,139,142,-3,3
29601,74,73,1,1
29602,147,123,24,24
29603,92,83,9,9
29604,133,116,17,17
29605,87,85,2,2
29606,96,101,-5,5
29607,70,102,-32,32
29608,75,80,-5,5
29609,121,115,6,6
29610,88,87,1,1
29611,96,101,-5,5
29612,196,133,63,63
29613,90,92,-2,2
29614,110,109,1,1
29615,59,57,2,2
29616,131,128,3,3
29617,56,56,0,0
29618,98,101,-3,3
29619,94,90,4,4
29620,73,78,-5,5
29621,52,50,2,2
29622,97,88,9,9
29623,119,116,3,3
29624,94,84,10,10
29625,144,141,3,3
29626,128,123,5,5
29627,81,73,8,8
29628,101,93,8,8
29629,138,131,7,7
29630,68,66,2,2
29631,124,109,15,15
29632,61,74,-13,13
29633,118,104,14,14
29634,69,70,-1,1
29635,84,86,-2,2
29636,175,158,17,17
29637,54,53,1,1
29638,72,83,-11,11
29639,82,71,11,11
29640,102,95,7,7
29641,107,108,-1,1
29642,110,110,0,0
29643,128,126,2,2
29644,132,135,-3,3
29645,80,79,1,1
29646,60,66,-6,6
29647,54,59,-5,5
29648,89,92,-3,3
29649,90,96,-6,6
29650,62,75,-13,13
29651,64,83,-19,19
29652,74,64,10,10
29653,123,207,-84,84
29654,77,74,3,3
29655,79,74,5,5
29656,88,88,0,0
29657,77,87,-10,10
29658,96,99,-3,3
29659,80,77,3,3
29660,104,108,-4,4
29661,46,55,-9,9
29662,70,79,-9,9
29663,93,99,-6,6
29664,103,100,3,3
29665,117,110,7,7
29666,80,81,-1,1
29667,93,95,-2,2
29668,88,93,-5,5
29669,101,95,6,6
29670,69,70,-1,1
29671,97,92,5,5
29672,56,61,-5,5
29673,101,96,5,5
29674,122,118,4,4
29675,95,101,-6,6
29676,113,113,0,0
29677,150,135,15,15
29678,164,168,-4,4
29679,87,88,-1,1
29680,128,122,6,6
29681,66,72,-6,6
29682,68,62,6,6
29683,120,115,5,5
29684,151,153,-2,2
29685,72,65,7,7
29686,89,95,-6,6
29687,231,223,8,8
29688,49,61,-12,12
29689,68,66,2,2
29690,81,79,2,2
29691,96,99,-3,3
29692,123,114,9,9
29693,88,86,2,2
29694,188,179,9,9
29695,78,70,8,8
29696,78,77,1,1
29697,105,110,-5,5
29698,102,98,4,4
29699,74,84,-10,10
29700,74,76,-2,2
29701,63,67,-4,4
29702,106,108,-2,2
29703,90,84,6,6
29704,100,95,5,5
29705,106,101,5,5
29706,74,77,-3,3
29707,75,80,-5,5
29708,119,129,-10,10
29709,115,115,0,0
29710,125,115,10,10
29711,106,107,-1,1
29712,113,113,0,0
29713,81,78,3,3
29714,84,79,5,5
29715,79,89,-10,10
29716,129,123,6,6
29717,55,55,0,0
29718,99,101,-2,2
29719,88,93,-5,5
29720,129,113,16,16
29721,92,92,0,0
29722,113,118,-5,5
29723,67,65,2,2
29724,96,111,-15,15
29725,64,70,-6,6
29726,132,146,-14,14
29727,172,159,13,13
29728,104,110,-6,6
29729,83,79,4,4
29730,70,83,-13,13
29731,104,103,1,1
29732,78,71,7,7
29733,66,82,-16,16
29734,81,82,-1,1
29735,63,67,-4,4
29736,74,80,-6,6
29737,109,95,14,14
29738,70,69,1,1
29739,91,82,9,9
29740,95,96,-1,1
29741,76,78,-2,2
29742,68,68,0,0
29743,92,88,4,4
29744,65,66,-1,1
29745,36,41,-5,5
29746,105,110,-5,5
29747,110,110,0,0
29748,121,114,7,7
29749,49,45,4,4
29750,98,85,13,13
29751,117,112,5,5
29752,52,103,-51,51
29753,84,85,-1,1
29754,148,142,6,6
29755,63,63,0,0
29756,63,74,-11,11
29757,92,95,-3,3
29758,85,81,4,4
29759,93,86,7,7
29760,88,73,15,15
29761,80,78,2,2
29762,83,85,-2,2
29763,61,68,-7,7
29764,76,78,-2,2
29765,81,88,-7,7
29766,75,68,7,7
29767,61,55,6,6
29768,110,102,8,8
29769,91,86,5,5
29770,63,56,7,7
29771,126,127,-1,1
29772,102,90,12,12
29773,102,97,5,5
29774,107,102,5,5
29775,49,54,-5,5
29776,71,78,-7,7
29777,70,86,-16,16
29778,94,96,-2,2
29779,201,189,12,12
29780,80,87,-7,7
29781,62,59,3,3
29782,97,97,0,0
29783,77,76,1,1
29784,74,82,-8,8
29785,55,60,-5,5
29786,88,85,3,3
29787,27,45,-18,18
29788,64,63,1,1
29789,95,112,-17,17
29790,74,76,-2,2
29791,99,101,-2,2
29792,68,69,-1,1
29793,65,65,0,0
29794,97,100,-3,3
29795,73,73,0,0
29796,88,101,-13,13
29797,121,127,-6,6
29798,102,96,6,6
29799,101,109,-8,8
29800,78,85,-7,7
29801,156,145,11,11
29802,76,82,-6,6
29803,66,66,0,0
29804,91,99,-8,8
29805,82,76,6,6
29806,150,148,2,2
29807,46,48,-2,2
29808,164,162,2,2
29809,134,132,2,2
29810,124,120,4,4
29811,75,77,-2,2
29812,64,71,-7,7
29813,207,194,13,13
29814,125,129,-4,4
29815,143,129,14,14
29816,79,71,8,8
29817,62,63,-1,1
29818,149,154,-5,5
29819,136,132,4,4
29820,48,49,-1,1
29821,117,110,7,7
29822,50,54,-4,4
29823,88,83,5,5
29824,62,65,-3,3
29825,37,44,-7,7
29826,142,128,14,14
29827,59,61,-2,2
29828,123,123,0,0
29829,78,75,3,3
29830,117,113,4,4
29831,84,90,-6,6
29832,191,178,13,13
29833,176,161,15,15
29834,68,48,20,20
29835,58,55,3,3
29836,74,74,0,0
29837,166,160,6,6
29838,178,169,9,9
29839,102,109,-7,7
29840,106,99,7,7
29841,121,128,-7,7
29842,157,153,4,4
29843,60,57,3,3
29844,116,112,4,4
29845,133,135,-2,2
29846,50,51,-1,1
29847,90,91,-1,1
29848,138,128,10,10
29849,216,213,3,3
29850,114,115,-1,1
29851,107,111,-4,4
29852,68,59,9,9
29853,52,59,-7,7
29854,139,133,6,6
29855,98,89,9,9
29856,143,138,5,5
29857,97,87,10,10
29858,80,83,-3,3
29859,60,59,1,1
29860,104,108,-4,4
29861,102,103,-1,1
29862,155,152,3,3
29863,157,142,15,15
29864,122,105,17,17
29865,89,88,1,1
29866,68,69,-1,1
29867,68,70,-2,2
29868,102,108,-6,6
29869,107,112,-5,5
29870,62,62,0,0
29871,145,152,-7,7
29872,92,90,2,2
29873,113,109,4,4
29874,72,65,7,7
29875,67,70,-3,3
29876,86,88,-2,2
29877,78,77,1,1
29878,94,95,-1,1
29879,103,90,13,13
29880,145,152,-7,7
29881,74,78,-4,4
29882,128,135,-7,7
29883,146,120,26,26
29884,54,55,-1,1
29885,162,153,9,9
29886,150,152,-2,2
29887,57,64,-7,7
29888,118,120,-2,2
29889,37,41,-4,4
29890,121,115,6,6
29891,130,121,9,9
29892,62,65,-3,3
29893,66,70,-4,4
29894,119,101,18,18
29895,120,114,6,6
29896,100,106,-6,6
29897,121,130,-9,9
29898,85,89,-4,4
29899,99,92,7,7
29900,63,67,-4,4
29901,98,87,11,11
29902,62,60,2,2
29903,78,75,3,3
29904,61,62,-1,1
29905,110,102,8,8
29906,90,90,0,0
29907,125,100,25,25
29908,59,53,6,6
29909,83,76,7,7
29910,103,116,-13,13
29911,66,66,0,0
29912,131,131,0,0
29913,72,79,-7,7
29914,56,62,-6,6
29915,110,112,-2,2
29916,72,76,-4,4
29917,120,123,-3,3
29918,82,84,-2,2
29919,79,82,-3,3
29920,169,164,5,5
29921,140,149,-9,9
29922,139,139,0,0
29923,53,59,-6,6
29924,93,103,-10,10
29925,95,87,8,8
29926,91,87,4,4
29927,96,92,4,4
29928,115,114,1,1
29929,80,74,6,6
29930,61,67,-6,6
29931,125,134,-9,9
29932,79,75,4,4
29933,113,109,4,4
29934,113,119,-6,6
29935,79,82,-3,3
29936,143,133,10,10
29937,69,82,-13,13
29938,71,99,-28,28
29939,67,68,-1,1
29940,53,52,1,1
29941,132,143,-11,11
29942,129,121,8,8
29943,85,83,2,2
29944,107,106,1,1
29945,143,139,4,4
29946,57,52,5,5
29947,99,98,1,1
29948,54,62,-8,8
29949,102,112,-10,10
29950,64,63,1,1
29951,86,97,-11,11
29952,88,87,1,1
29953,170,152,18,18
29954,71,72,-1,1
29955,127,125,2,2
29956,61,63,-2,2
29957,63,69,-6,6
29958,46,51,-5,5
29959,78,72,6,6
29960,85,90,-5,5
29961,86,76,10,10
29962,91,88,3,3
29963,75,71,4,4
29964,75,73,2,2
29965,73,99,-26,26
29966,74,71,3,3
29967,69,75,-6,6
29968,77,72,5,5
29969,119,120,-1,1
29970,77,90,-13,13
29971,143,140,3,3
29972,132,136,-4,4
29973,89,93,-4,4
29974,60,57,3,3
29975,131,136,-5,5
29976,83,73,10,10
29977,80,74,6,6
29978,92,83,9,9
29979,187,187,0,0
29980,128,131,-3,3
29981,151,140,11,11
29982,44,47,-3,3
29983,83,88,-5,5
29984,78,72,6,6
29985,81,82,-1,1
29986,73,72,1,1
29987,138,140,-2,2
29988,45,43,2,2
29989,58,58,0,0
29990,105,109,-4,4
29991,103,104,-1,1
29992,91,89,2,2
29993,48,53,-5,5
29994,74,80,-6,6
29995,104,92,12,12
29996,69,69,0,0
29997,62,68,-6,6
29998,140,159,-19,19
29999,129,154,-25,25
30000,98,93,5,5
30001,99,98,1,1
30002,71,66,5,5
30003,149,162,-13,13
30004,101,109,-8,8
30005,114,124,-10,10
30006,181,171,10,10
30007,112,119,-7,7
30008,112,114,-2,2
30009,95,96,-1,1
30010,133,131,2,2
30011,168,155,13,13
30012,24,40,-16,16
30013,119,113,6,6
30014,102,99,3,3
30015,84,81,3,3
30016,134,129,5,5
30017,69,65,4,4
30018,66,63,3,3
30019,74,65,9,9
30020,113,111,2,2
30021,64,71,-7,7
30022,79,78,1,1
30023,103,89,14,14
30024,107,109,-2,2
30025,66,71,-5,5
30026,88,88,0,0
30027,158,165,-7,7
30028,123,112,11,11
30029,73,79,-6,6
30030,105,101,4,4
30031,65,67,-2,2
30032,119,122,-3,3
30033,68,66,2,2
30034,64,66,-2,2
30035,74,71,3,3
30036,23,29,-6,6
30037,97,95,2,2
30038,124,119,5,5
30039,72,73,-1,1
30040,132,130,2,2
30041,42,54,-12,12
30042,121,114,7,7
30043,89,83,6,6
30044,113,110,3,3
30045,114,110,4,4
30046,57,54,3,3
30047,63,61,2,2
30048,121,121,0,0
30049,144,136,8,8
30050,118,117,1,1
30051,64,64,0,0
30052,121,117,4,4
30053,135,130,5,5
30054,80,81,-1,1
30055,110,107,3,3
30056,100,98,2,2
30057,94,103,-9,9
30058,83,79,4,4
30059,87,96,-9,9
30060,67,66,1,1
30061,95,107,-12,12
30062,88,83,5,5
30063,93,94,-1,1
30064,91,76,15,15
30065,133,129,4,4
30066,77,95,-18,18
30067,106,113,-7,7
30068,53,61,-8,8
30069,89,92,-3,3
30070,154,131,23,23
30071,98,108,-10,10
30072,54,56,-2,2
30073,79,83,-4,4
30074,115,114,1,1
30075,135,136,-1,1
30076,81,81,0,0
30077,56,55,1,1
30078,54,64,-10,10
30079,73,65,8,8
30080,80,85,-5,5
30081,114,110,4,4
30082,170,177,-7,7
30083,124,121,3,3
30084,63,61,2,2
30085,93,105,-12,12
30086,77,75,2,2
30087,178,172,6,6
30088,67,66,1,1
30089,72,60,12,12
30090,60,64,-4,4
30091,64,66,-2,2
30092,85,81,4,4
30093,158,148,10,10
30094,124,116,8,8
30095,70,117,-47,47
30096,61,63,-2,2
30097,110,121,-11,11
30098,94,108,-14,14
30099,161,154,7,7
30100,98,101,-3,3
30101,165,155,10,10
30102,82,85,-3,3
30103,102,109,-7,7
30104,105,107,-2,2
30105,85,95,-10,10
30106,106,113,-7,7
30107,91,80,11,11
30108,86,90,-4,4
30109,44,47,-3,3
30110,96,102,-6,6
30111,114,109,5,5
30112,83,85,-2,2
30113,24,21,3,3
30114,75,78,-3,3
30115,140,148,-8,8
30116,46,50,-4,4
30117,80,77,3,3
30118,82,98,-16,16
30119,125,119,6,6
30120,56,59,-3,3
30121,76,78,-2,2
30122,44,42,2,2
30123,102,93,9,9
30124,146,145,1,1
30125,46,47,-1,1
30126,80,85,-5,5
30127,117,126,-9,9
30128,85,75,10,10
30129,60,58,2,2
30130,81,89,-8,8
30131,42,40,2,2
30132,79,89,-10,10
30133,98,92,6,6
30134,110,109,1,1
30135,74,71,3,3
30136,54,53,1,1
30137,113,121,-8,8
30138,78,88,-10,10
30139,52,49,3,3
30140,449,436,13,13
30141,121,121,0,0
30142,68,64,4,4
30143,35,41,-6,6
30144,36,38,-2,2
30145,81,88,-7,7
30146,155,155,0,0
30147,207,187,20,20
30148,105,110,-5,5
30149,66,72,-6,6
30150,105,87,18,18
30151,63,58,5,5
30152,97,95,2,2
30153,114,105,9,9
30154,69,68,1,1
30155,181,177,4,4
30156,58,61,-3,3
30157,56,60,-4,4
30158,41,43,-2,2
30159,61,67,-6,6
30160,108,119,-11,11
30161,113,108,5,5
30162,46,40,6,6
30163,85,79,6,6
30164,109,112,-3,3
30165,144,146,-2,2
30166,45,80,-35,35
30167,56,56,0,0
30168,71,64,7,7
30169,83,72,11,11
30170,72,74,-2,2
30171,92,83,9,9
30172,97,115,-18,18
30173,52,57,-5,5
30174,135,141,-6,6
30175,69,73,-4,4
30176,88,94,-6,6
30177,79,75,4,4
30178,74,72,2,2
30179,74,77,-3,3
30180,102,109,-7,7
30181,154,144,10,10
30182,225,213,12,12
30183,98,103,-5,5
30184,77,78,-1,1
30185,164,146,18,18
30186,144,115,29,29
30187,75,69,6,6
30188,142,151,-9,9
30189,115,118,-3,3
30190,81,79,2,2
30191,103,109,-6,6
30192,94,99,-5,5
30193,76,87,-11,11
30194,50,60,-10,10
30195,108,120,-12,12
30196,146,140,6,6
30197,90,90,0,0
30198,129,127,2,2
30199,74,85,-11,11
30200,105,98,7,7
30201,91,89,2,2
30202,121,127,-6,6
30203,109,95,14,14
30204,85,101,-16,16
30205,111,117,-6,6
30206,136,133,3,3
30207,74,72,2,2
30208,89,95,-6,6
30209,102,100,2,2
30210,63,55,8,8
30211,113,117,-4,4
30212,92,80,12,12
30213,87,91,-4,4
30214,98,96,2,2
30215,111,113,-2,2
30216,116,109,7,7
30217,133,134,-1,1
30218,160,148,12,12
30219,86,86,0,0
30220,132,133,-1,1
30221,110,109,1,1
30222,53,53,0,0
30223,95,91,4,4
30224,88,85,3,3
30225,56,58,-2,2
30226,75,78,-3,3
30227,76,77,-1,1
30228,47,49,-2,2
30229,96,87,9,9
30230,39,61,-22,22
30231,159,143,16,16
30232,61,65,-4,4
30233,53,51,2,2
30234,84,84,0,0
30235,85,82,3,3
30236,82,88,-6,6
30237,88,91,-3,3
30238,87,78,9,9
30239,111,112,-1,1
30240,161,151,10,10
30241,131,131,0,0
30242,89,81,8,8
30243,156,154,2,2
30244,61,59,2,2
30245,94,99,-5,5
30246,102,86,16,16
30247,167,173,-6,6
30248,182,174,8,8
30249,59,53,6,6
30250,162,148,14,14
30251,132,129,3,3
30252,66,63,3,3
30253,88,86,2,2
30254,106,89,17,17
30255,59,60,-1,1
30256,86,87,-1,1
30257,45,51,-6,6
30258,42,50,-8,8
30259,54,53,1,1
30260,79,81,-2,2
30261,139,142,-3,3
30262,98,108,-10,10
30263,113,115,-2,2
30264,87,86,1,1
30265,55,61,-6,6
30266,47,47,0,0
30267,93,99,-6,6
30268,55,57,-2,2
30269,113,143,-30,30
30270,87,81,6,6
30271,138,143,-5,5
30272,106,96,10,10
30273,76,77,-1,1
30274,89,87,2,2
30275,90,87,3,3
30276,119,115,4,4
30277,106,109,-3,3
30278,89,88,1,1
30279,80,83,-3,3
30280,77,79,-2,2
30281,138,125,13,13
30282,99,95,4,4
30283,70,78,-8,8
30284,107,106,1,1
30285,64,64,0,0
30286,123,120,3,3
30287,75,80,-5,5
30288,46,51,-5,5
30289,94,94,0,0
30290,68,65,3,3
30291,116,126,-10,10
30292,68,77,-9,9
30293,42,39,3,3
30294,74,61,13,13
30295,102,108,-6,6
30296,111,109,2,2
30297,102,113,-11,11
30298,155,177,-22,22
30299,97,108,-11,11
30300,75,73,2,2
30301,158,166,-8,8
30302,66,55,11,11
30303,72,73,-1,1
30304,197,166,31,31
30305,133,117,16,16
30306,103,111,-8,8
30307,119,118,1,1
30308,88,92,-4,4
30309,56,63,-7,7
30310,59,68,-9,9
30311,73,85,-12,12
30312,100,95,5,5
30313,83,73,10,10
30314,104,101,3,3
30315,91,94,-3,3
30316,86,88,-2,2
30317,62,58,4,4
30318,90,100,-10,10
30319,79,81,-2,2
30320,127,127,0,0
30321,108,118,-10,10
30322,38,58,-20,20
30323,63,72,-9,9
30324,55,57,-2,2
30325,111,94,17,17
30326,53,59,-6,6
30327,77,74,3,3
30328,143,146,-3,3
30329,136,132,4,4
30330,47,54,-7,7
30331,85,81,4,4
30332,96,92,4,4
30333,87,83,4,4
30334,87,86,1,1
30335,144,132,12,12
30336,105,97,8,8
30337,96,105,-9,9
30338,78,80,-2,2
30339,140,156,-16,16
30340,69,67,2,2
30341,41,50,-9,9
30342,73,82,-9,9
30343,75,80,-5,5
30344,54,62,-8,8
30345,71,75,-4,4
30346,92,97,-5,5
30347,78,76,2,2
30348,106,109,-3,3
30349,77,82,-5,5
30350,74,81,-7,7
30351,59,56,3,3
30352,94,110,-16,16
30353,86,80,6,6
30354,102,114,-12,12
30355,87,93,-6,6
30356,121,122,-1,1
30357,75,69,6,6
30358,108,108,0,0
30359,174,157,17,17
30360,119,116,3,3
30361,84,90,-6,6
30362,98,95,3,3
30363,84,92,-8,8
30364,89,83,6,6
30365,87,76,11,11
30366,43,56,-13,13
30367,95,102,-7,7
30368,62,67,-5,5
30369,97,108,-11,11
30370,110,110,0,0
30371,102,110,-8,8
30372,95,98,-3,3
30373,84,87,-3,3
30374,88,91,-3,3
30375,101,100,1,1
30376,154,158,-4,4
30377,159,152,7,7
30378,103,98,5,5
30379,75,77,-2,2
30380,119,109,10,10
30381,27,33,-6,6
30382,77,82,-5,5
30383,169,150,19,19
30384,151,153,-2,2
30385,72,61,11,11
30386,145,127,18,18
30387,62,66,-4,4
30388,52,68,-16,16
30389,69,75,-6,6
30390,74,72,2,2
30391,102,76,26,26
30392,91,96,-5,5
30393,93,90,3,3
30394,81,81,0,0
30395,137,131,6,6
30396,157,157,0,0
30397,48,47,1,1
30398,122,123,-1,1
30399,64,65,-1,1
30400,175,165,10,10
30401,74,63,11,11
30402,47,49,-2,2
30403,103,97,6,6
30404,88,93,-5,5
30405,64,63,1,1
30406,94,92,2,2
30407,111,108,3,3
30408,209,182,27,27
30409,80,77,3,3
30410,108,112,-4,4
30411,103,98,5,5
30412,93,117,-24,24
30413,86,89,-3,3
30414,105,100,5,5
30415,110,109,1,1
30416,82,85,-3,3
30417,69,61,8,8
30418,43,39,4,4
30419,74,80,-6,6
30420,131,117,14,14
30421,137,139,-2,2
30422,110,125,-15,15
30423,61,65,-4,4
30424,90,90,0,0
30425,78,75,3,3
30426,82,85,-3,3
30427,82,84,-2,2
30428,66,65,1,1
30429,136,139,-3,3
30430,112,101,11,11
30431,71,71,0,0
30432,114,117,-3,3
30433,105,153,-48,48
30434,93,81,12,12
30435,122,123,-1,1
30436,167,168,-1,1
30437,67,61,6,6
30438,62,82,-20,20
30439,116,113,3,3
30440,120,110,10,10
30441,126,125,1,1
30442,110,109,1,1
30443,85,85,0,0
30444,124,117,7,7
30445,129,135,-6,6
30446,99,116,-17,17
30447,172,162,10,10
30448,76,77,-1,1
30449,64,60,4,4
30450,138,125,13,13
30451,59,60,-1,1
30452,123,113,10,10
30453,140,100,40,40
30454,67,69,-2,2
30455,211,195,16,16
30456,155,146,9,9
30457,84,96,-12,12
30458,125,128,-3,3
30459,72,68,4,4
30460,121,130,-9,9
30461,121,125,-4,4
30462,141,143,-2,2
30463,67,67,0,0
30464,73,100,-27,27
30465,107,114,-7,7
30466,72,64,8,8
30467,65,70,-5,5
30468,82,80,2,2
30469,87,76,11,11
30470,87,82,5,5
30471,52,56,-4,4
30472,84,75,9,9
30473,81,79,2,2
30474,75,80,-5,5
30475,126,127,-1,1
30476,45,49,-4,4
30477,48,55,-7,7
30478,77,81,-4,4
30479,150,131,19,19
30480,100,96,4,4
30481,128,137,-9,9
30482,86,84,2,2
30483,72,61,11,11
30484,108,106,2,2
30485,61,44,17,17
30486,121,125,-4,4
30487,132,132,0,0
30488,112,118,-6,6
30489,148,145,3,3
30490,89,103,-14,14
30491,47,55,-8,8
30492,75,77,-2,2
30493,113,128,-15,15
30494,82,87,-5,5
30495,82,84,-2,2
30496,155,143,12,12
30497,114,111,3,3
30498,85,92,-7,7
30499,97,98,-1,1
30500,117,109,8,8
30501,57,61,-4,4
30502,121,122,-1,1
30503,50,51,-1,1
30504,32,39,-7,7
30505,126,125,1,1
30506,85,87,-2,2
30507,45,57,-12,12
30508,105,98,7,7
30509,84,88,-4,4
30510,99,92,7,7
30511,129,98,31,31
30512,115,113,2,2
30513,127,130,-3,3
30514,42,65,-23,23
30515,86,96,-10,10
30516,106,109,-3,3
30517,108,101,7,7
30518,143,141,2,2
30519,98,109,-11,11
30520,131,110,21,21
30521,117,115,2,2
30522,82,76,6,6
30523,79,82,-3,3
30524,58,57,1,1
30525,96,91,5,5
30526,105,93,12,12
30527,103,107,-4,4
30528,72,85,-13,13
30529,108,117,-9,9
30530,155,150,5,5
30531,164,152,12,12
30532,60,60,0,0
30533,130,125,5,5
30534,123,121,2,2
30535,104,111,-7,7
30536,79,76,3,3
30537,136,132,4,4
30538,130,131,-1,1
30539,135,120,15,15
30540,77,75,2,2
30541,136,127,9,9
30542,107,78,29,29
30543,127,118,9,9
30544,116,121,-5,5
30545,132,131,1,1
30546,88,81,7,7
30547,74,78,-4,4
30548,71,81,-10,10
30549,53,56,-3,3
30550,57,55,2,2
30551,189,180,9,9
30552,49,47,2,2
30553,124,130,-6,6
30554,127,122,5,5
30555,45,62,-17,17
30556,110,118,-8,8
30557,104,110,-6,6
30558,82,83,-1,1
30559,133,129,4,4
30560,229,212,17,17
30561,64,69,-5,5
30562,107,97,10,10
30563,109,111,-2,2
30564,174,166,8,8
30565,176,172,4,4
30566,101,91,10,10
30567,113,109,4,4
30568,139,131,8,8
30569,56,55,1,1
30570,75,75,0,0
30571,89,89,0,0
30572,34,44,-10,10
30573,130,129,1,1
30574,81,74,7,7
30575,103,114,-11,11
30576,99,102,-3,3
30577,136,141,-5,5
30578,37,44,-7,7
30579,82,77,5,5
30580,125,126,-1,1
30581,121,120,1,1
30582,94,90,4,4
30583,67,64,3,3
30584,110,120,-10,10
30585,82,80,2,2
30586,106,116,-10,10
30587,154,143,11,11
30588,97,91,6,6
30589,65,68,-3,3
30590,81,85,-4,4
30591,53,51,2,2
30592,123,113,10,10
30593,123,114,9,9
30594,60,51,9,9
30595,59,65,-6,6
30596,71,97,-26,26
30597,154,147,7,7
30598,89,85,4,4
30599,89,83,6,6
30600,95,88,7,7
30601,78,78,0,0
30602,79,80,-1,1
30603,132,134,-2,2
30604,124,127,-3,3
30605,125,123,2,2
30606,73,71,2,2
30607,109,113,-4,4
30608,84,82,2,2
30609,114,119,-5,5
30610,98,98,0,0
30611,229,216,13,13
30612,118,122,-4,4
30613,105,111,-6,6
30614,56,63,-7,7
30615,86,84,2,2
30616,72,74,-2,2
30617,144,167,-23,23
30618,151,143,8,8
30619,91,88,3,3
30620,134,137,-3,3
30621,142,137,5,5
30622,119,122,-3,3
30623,115,113,2,2
30624,122,128,-6,6
30625,121,114,7,7
30626,145,158,-13,13
30627,151,145,6,6
30628,99,77,22,22
30629,90,91,-1,1
30630,115,142,-27,27
30631,65,83,-18,18
30632,90,90,0,0
30633,78,81,-3,3
30634,65,71,-6,6
30635,77,79,-2,2
30636,64,63,1,1
30637,204,188,16,16
30638,134,140,-6,6
30639,144,134,10,10
30640,127,132,-5,5
30641,88,79,9,9
30642,61,65,-4,4
30643,118,121,-3,3
30644,91,92,-1,1
30645,143,125,18,18
30646,166,149,17,17
30647,77,74,3,3
30648,97,91,6,6
30649,97,102,-5,5
30650,98,87,11,11
30651,71,71,0,0
30652,77,74,3,3
30653,145,141,4,4
30654,127,125,2,2
30655,144,142,2,2
30656,128,122,6,6
30657,148,147,1,1
30658,67,64,3,3
30659,147,149,-2,2
30660,85,94,-9,9
30661,98,100,-2,2
30662,72,73,-1,1
30663,74,79,-5,5
30664,111,115,-4,4
30665,80,76,4,4
30666,73,72,1,1
30667,79,79,0,0
30668,90,77,13,13
30669,104,97,7,7
30670,70,70,0,0
30671,99,99,0,0
30672,64,68,-4,4
30673,68,72,-4,4
30674,96,93,3,3
30675,44,50,-6,6
30676,84,86,-2,2
30677,81,76,5,5
30678,152,146,6,6
30679,69,75,-6,6
30680,86,104,-18,18
30681,89,93,-4,4
30682,151,146,5,5
30683,80,88,-8,8
30684,97,97,0,0
30685,55,52,3,3
30686,126,118,8,8
30687,110,119,-9,9
30688,112,122,-10,10
30689,156,137,19,19
30690,52,66,-14,14
30691,88,88,0,0
30692,98,105,-7,7
30693,131,125,6,6
30694,114,111,3,3
30695,154,158,-4,4
30696,52,57,-5,5
30697,134,136,-2,2
30698,60,59,1,1
30699,68,69,-1,1
30700,119,120,-1,1
30701,61,68,-7,7
30702,94,104,-10,10
30703,98,100,-2,2
30704,103,112,-9,9
30705,120,124,-4,4
30706,97,95,2,2
30707,126,117,9,9
30708,103,99,4,4
30709,97,99,-2,2
30710,89,83,6,6
30711,69,66,3,3
30712,58,56,2,2
30713,109,108,1,1
30714,91,80,11,11
30715,76,75,1,1
30716,206,194,12,12
30717,109,97,12,12
30718,167,163,4,4
30719,124,117,7,7
30720,68,65,3,3
30721,162,138,24,24
30722,92,86,6,6
30723,160,164,-4,4
30724,107,109,-2,2
30725,104,91,13,13
30726,72,65,7,7
30727,59,62,-3,3
30728,102,94,8,8
30729,110,121,-11,11
30730,71,71,0,0
30731,96,90,6,6
30732,117,114,3,3
30733,67,70,-3,3
30734,64,70,-6,6
30735,111,111,0,0
30736,54,48,6,6
30737,70,73,-3,3
30738,89,85,4,4
30739,125,134,-9,9
30740,81,91,-10,10
30741,132,123,9,9
30742,122,123,-1,1
30743,83,88,-5,5
30744,49,62,-13,13
30745,134,118,16,16
30746,86,85,1,1
30747,87,83,4,4
30748,113,114,-1,1
30749,147,150,-3,3
30750,57,66,-9,9
30751,81,80,1,1
30752,84,91,-7,7
30753,130,126,4,4
30754,103,98,5,5
30755,57,62,-5,5
30756,58,61,-3,3
30757,147,127,20,20
30758,136,135,1,1
30759,78,79,-1,1
30760,92,92,0,0
30761,69,73,-4,4
30762,151,139,12,12
30763,155,157,-2,2
30764,80,85,-5,5
30765,71,66,5,5
30766,113,172,-59,59
30767,129,114,15,15
30768,113,114,-1,1
30769,82,87,-5,5
30770,69,61,8,8
30771,95,91,4,4
30772,86,86,0,0
30773,86,80,6,6
30774,73,68,5,5
30775,84,88,-4,4
30776,99,95,4,4
30777,159,144,15,15
30778,94,98,-4,4
30779,93,96,-3,3
30780,52,54,-2,2
30781,92,92,0,0
30782,77,85,-8,8
30783,83,84,-1,1
30784,145,149,-4,4
30785,89,84,5,5
30786,98,91,7,7
30787,128,134,-6,6
30788,70,81,-11,11
30789,85,85,0,0
30790,94,96,-2,2
30791,63,69,-6,6
30792,120,110,10,10
30793,93,108,-15,15
30794,113,111,2,2
30795,164,167,-3,3
30796,121,117,4,4
30797,61,55,6,6
30798,100,81,19,19
30799,67,60,7,7
30800,107,111,-4,4
30801,56,54,2,2
30802,79,79,0,0
30803,116,149,-33,33
30804,139,135,4,4
30805,112,123,-11,11
30806,92,92,0,0
30807,108,108,0,0
30808,124,130,-6,6
30809,158,160,-2,2
30810,106,98,8,8
30811,132,126,6,6
30812,100,92,8,8
30813,64,97,-33,33
30814,128,120,8,8
30815,53,47,6,6
30816,54,52,2,2
30817,81,83,-2,2
30818,67,64,3,3
30819,97,115,-18,18
30820,129,122,7,7
30821,122,105,17,17
30822,139,137,2,2
30823,44,48,-4,4
30824,131,128,3,3
30825,67,73,-6,6
30826,115,118,-3,3
30827,53,57,-4,4
30828,84,79,5,5
30829,124,122,2,2
30830,74,68,6,6
30831,104,111,-7,7
30832,70,76,-6,6
30833,112,115,-3,3
30834,90,78,12,12
30835,83,99,-16,16
30836,71,71,0,0
30837,81,80,1,1
30838,124,143,-19,19
30839,161,164,-3,3
30840,52,54,-2,2
30841,78,82,-4,4
30842,57,53,4,4
30843,113,114,-1,1
30844,105,97,8,8
30845,119,110,9,9
30846,48,49,-1,1
30847,123,124,-1,1
30848,96,94,2,2
30849,124,114,10,10
30850,129,131,-2,2
30851,125,127,-2,2
30852,104,109,-5,5
30853,117,118,-1,1
30854,151,150,1,1
30855,125,122,3,3
30856,87,97,-10,10
30857,71,70,1,1
30858,58,59,-1,1
30859,127,130,-3,3
30860,143,128,15,15
30861,78,76,2,2
30862,114,126,-12,12
30863,49,48,1,1
30864,86,90,-4,4
30865,81,90,-9,9
30866,85,83,2,2
30867,158,136,22,22
30868,57,55,2,2
30869,109,112,-3,3
30870,95,93,2,2
30871,45,45,0,0
30872,76,90,-14,14
30873,83,78,5,5
30874,100,115,-15,15
30875,65,81,-16,16
30876,76,79,-3,3
30877,47,60,-13,13
30878,70,69,1,1
30879,157,159,-2,2
30880,204,175,29,29
30881,88,83,5,5
30882,93,89,4,4
30883,53,59,-6,6
30884,97,106,-9,9
30885,84,85,-1,1
30886,66,73,-7,7
30887,73,76,-3,3
30888,64,67,-3,3
30889,102,92,10,10
30890,56,60,-4,4
30891,73,77,-4,4
30892,78,84,-6,6
30893,64,74,-10,10
30894,89,92,-3,3
30895,108,113,-5,5
30896,79,72,7,7
30897,99,96,3,3
30898,104,102,2,2
30899,174,160,14,14
30900,76,79,-3,3
30901,67,77,-10,10
30902,103,99,4,4
30903,72,71,1,1
30904,65,79,-14,14
30905,79,82,-3,3
30906,39,69,-30,30
30907,42,45,-3,3
30908,43,50,-7,7
30909,130,128,2,2
30910,56,57,-1,1
30911,67,71,-4,4
30912,61,62,-1,1
30913,79,68,11,11
30914,122,103,19,19
30915,121,118,3,3
30916,87,77,10,10
30917,95,100,-5,5
30918,76,75,1,1
30919,98,88,10,10
30920,149,150,-1,1
30921,37,43,-6,6
30922,91,81,10,10
30923,99,100,-1,1
30924,64,69,-5,5
30925,113,112,1,1
30926,82,81,1,1
30927,71,73,-2,2
30928,103,112,-9,9
30929,58,65,-7,7
30930,112,111,1,1
30931,61,62,-1,1
30932,60,66,-6,6
30933,118,124,-6,6
30934,48,54,-6,6
30935,86,76,10,10
30936,61,68,-7,7
30937,123,114,9,9
30938,151,145,6,6
30939,50,51,-1,1
30940,123,132,-9,9
30941,186,178,8,8
30942,59,65,-6,6
30943,141,139,2,2
30944,130,152,-22,22
30945,83,76,7,7
30946,63,67,-4,4
30947,168,152,16,16
30948,88,88,0,0
30949,49,58,-9,9
30950,47,55,-8,8
30951,81,84,-3,3
30952,176,153,23,23
30953,58,61,-3,3
30954,48,41,7,7
30955,117,118,-1,1
30956,115,104,11,11
30957,120,114,6,6
30958,90,90,0,0
30959,46,55,-9,9
30960,113,123,-10,10
30961,64,69,-5,5
30962,126,118,8,8
30963,153,142,11,11
30964,114,106,8,8
30965,182,181,1,1
30966,114,117,-3,3
30967,91,94,-3,3
30968,116,110,6,6
30969,135,127,8,8
30970,70,71,-1,1
30971,80,74,6,6
30972,50,64,-14,14
30973,90,92,-2,2
30974,50,57,-7,7
30975,144,130,14,14
30976,77,87,-10,10
30977,81,87,-6,6
30978,41,48,-7,7
30979,80,85,-5,5
30980,97,92,5,5
30981,65,66,-1,1
30982,70,72,-2,2
30983,176,180,-4,4
30984,143,143,0,0
30985,79,78,1,1
30986,122,113,9,9
30987,135,134,1,1
30988,85,95,-10,10
30989,50,55,-5,5
30990,88,83,5,5
30991,120,112,8,8
30992,134,133,1,1
30993,74,79,-5,5
30994,86,91,-5,5
30995,95,91,4,4
30996,56,62,-6,6
30997,92,90,2,2
30998,86,85,1,1
30999,70,90,-20,20
31000,81,79,2,2
31001,113,117,-4,4
31002,99,93,6,6
31003,77,79,-2,2
31004,31,29,2,2
31005,99,94,5,5
31006,85,83,2,2
31007,80,89,-9,9
31008,92,92,0,0
31009,56,61,-5,5
31010,139,147,-8,8
31011,51,48,3,3
31012,36,45,-9,9
31013,126,116,10,10
31014,76,79,-3,3
31015,96,113,-17,17
31016,87,91,-4,4
31017,117,113,4,4
31018,102,109,-7,7
31019,89,93,-4,4
31020,107,87,20,20
31021,79,81,-2,2
31022,89,89,0,0
31023,67,61,6,6
31024,114,112,2,2
31025,69,70,-1,1
31026,115,99,16,16
31027,168,170,-2,2
31028,84,92,-8,8
31029,79,50,29,29
31030,133,139,-6,6
31031,123,111,12,12
31032,102,115,-13,13
31033,123,116,7,7
31034,97,84,13,13
31035,89,91,-2,2
31036,92,98,-6,6
31037,171,155,16,16
31038,72,69,3,3
31039,92,100,-8,8
31040,54,61,-7,7
31041,113,117,-4,4
31042,110,98,12,12
31043,64,66,-2,2
31044,64,63,1,1
31045,69,64,5,5
31046,81,81,0,0
31047,101,100,1,1
31048,92,92,0,0
31049,85,93,-8,8
31050,58,58,0,0
31051,124,115,9,9
31052,81,78,3,3
31053,108,99,9,9
31054,93,88,5,5
31055,70,60,10,10
31056,119,94,25,25
31057,65,64,1,1
31058,90,82,8,8
31059,53,55,-2,2
31060,73,75,-2,2
31061,52,61,-9,9
31062,97,98,-1,1
31063,118,96,22,22
31064,95,91,4,4
31065,89,88,1,1
31066,66,65,1,1
31067,75,80,-5,5
31068,107,102,5,5
31069,63,61,2,2
31070,148,138,10,10
31071,110,110,0,0
31072,96,110,-14,14
31073,123,122,1,1
31074,123,115,8,8
31075,106,93,13,13
31076,101,92,9,9
31077,105,110,-5,5
31078,94,104,-10,10
31079,53,69,-16,16
31080,53,60,-7,7
31081,116,115,1,1
31082,122,130,-8,8
31083,96,98,-2,2
31084,117,113,4,4
31085,105,101,4,4
31086,74,75,-1,1
31087,43,53,-10,10
31088,110,112,-2,2
31089,71,73,-2,2
31090,72,69,3,3
31091,109,111,-2,2
31092,142,142,0,0
31093,69,65,4,4
31094,127,139,-12,12
31095,113,123,-10,10
31096,61,64,-3,3
31097,108,108,0,0
31098,83,78,5,5
31099,58,63,-5,5
31100,107,108,-1,1
31101,108,124,-16,16
31102,97,92,5,5
31103,101,93,8,8
31104,101,109,-8,8
31105,123,113,10,10
31106,68,71,-3,3
31107,89,82,7,7
31108,47,49,-2,2
31109,128,117,11,11
31110,117,114,3,3
31111,94,86,8,8
31112,111,102,9,9
31113,51,53,-2,2
31114,65,78,-13,13
31115,79,97,-18,18
31116,140,140,0,0
31117,152,135,17,17
31118,108,110,-2,2
31119,115,110,5,5
31120,78,89,-11,11
31121,100,102,-2,2
31122,69,76,-7,7
31123,127,125,2,2
31124,64,59,5,5
31125,148,146,2,2
31126,105,97,8,8
31127,123,120,3,3
31128,56,56,0,0
31129,60,72,-12,12
31130,100,92,8,8
31131,77,101,-24,24
31132,89,113,-24,24
31133,63,69,-6,6
31134,70,70,0,0
31135,74,71,3,3
31136,74,83,-9,9
31137,149,132,17,17
31138,60,63,-3,3
31139,115,162,-47,47
31140,65,71,-6,6
31141,95,87,8,8
31142,126,140,-14,14
31143,84,92,-8,8
31144,114,102,12,12
31145,130,124,6,6
31146,117,110,7,7
31147,135,140,-5,5
31148,110,114,-4,4
31149,74,70,4,4
31150,91,84,7,7
31151,102,97,5,5
31152,76,83,-7,7
31153,81,94,-13,13
31154,117,113,4,4
31155,58,61,-3,3
31156,52,70,-18,18
31157,44,62,-18,18
31158,126,129,-3,3
31159,102,103,-1,1
31160,68,62,6,6
31161,96,116,-20,20
31162,116,109,7,7
31163,96,89,7,7
31164,44,52,-8,8
31165,49,45,4,4
31166,109,112,-3,3
31167,40,52,-12,12
31168,84,116,-32,32
31169,57,58,-1,1
31170,85,92,-7,7
31171,44,50,-6,6
31172,77,75,2,2
31173,70,78,-8,8
31174,63,69,-6,6
31175,75,70,5,5
31176,88,90,-2,2
31177,98,93,5,5
31178,66,82,-16,16
31179,78,70,8,8
31180,95,101,-6,6
31181,99,125,-26,26
31182,20,93,-73,73
31183,88,93,-5,5
31184,165,158,7,7
31185,127,124,3,3
31186,55,60,-5,5
31187,145,142,3,3
31188,72,72,0,0
31189,84,78,6,6
31190,62,65,-3,3
31191,107,102,5,5
31192,113,93,20,20
31193,64,66,-2,2
31194,132,115,17,17
31195,80,75,5,5
31196,64,70,-6,6
31197,58,69,-11,11
31198,53,63,-10,10
31199,101,98,3,3
31200,97,91,6,6
31201,93,92,1,1
31202,87,75,12,12
31203,78,75,3,3
31204,70,64,6,6
31205,119,84,35,35
31206,66,70,-4,4
31207,82,89,-7,7
31208,117,104,13,13
31209,106,107,-1,1
31210,79,79,0,0
31211,129,161,-32,32
31212,95,86,9,9
31213,66,74,-8,8
31214,63,62,1,1
31215,128,127,1,1
31216,86,76,10,10
31217,87,93,-6,6
31218,115,122,-7,7
31219,126,127,-1,1
31220,66,108,-42,42
31221,138,138,0,0
31222,118,108,10,10
31223,105,108,-3,3
31224,59,69,-10,10
31225,51,60,-9,9
31226,45,61,-16,16
31227,79,82,-3,3
31228,103,88,15,15
31229,86,102,-16,16
31230,63,60,3,3
31231,104,108,-4,4
31232,144,139,5,5
31233,160,147,13,13
31234,55,59,-4,4
31235,83,84,-1,1
31236,104,103,1,1
31237,61,65,-4,4
31238,92,96,-4,4
31239,72,76,-4,4
31240,103,96,7,7
31241,192,169,23,23
31242,89,87,2,2
31243,76,73,3,3
31244,70,78,-8,8
31245,81,72,9,9
31246,96,94,2,2
31247,120,115,5,5
31248,88,91,-3,3
31249,81,75,6,6
31250,91,90,1,1
31251,104,95,9,9
31252,71,71,0,0
31253,51,52,-1,1
31254,138,130,8,8
31255,88,74,14,14
31256,64,75,-11,11
31257,108,113,-5,5
31258,120,117,3,3
31259,78,102,-24,24
31260,158,143,15,15
31261,185,166,19,19
31262,168,174,-6,6
31263,96,100,-4,4
31264,100,80,20,20
31265,48,106,-58,58
31266,80,82,-2,2
31267,49,55,-6,6
31268,108,110,-2,2
31269,71,73,-2,2
31270,111,111,0,0
31271,75,75,0,0
31272,117,119,-2,2
31273,156,141,15,15
31274,111,107,4,4
31275,108,113,-5,5
31276,54,61,-7,7
31277,83,89,-6,6
31278,91,81,10,10
31279,53,59,-6,6
31280,46,48,-2,2
31281,39,47,-8,8
31282,97,110,-13,13
31283,97,111,-14,14
31284,93,85,8,8
31285,173,163,10,10
31286,76,74,2,2
31287,146,140,6,6
31288,128,137,-9,9
31289,81,75,6,6
31290,90,89,1,1
31291,109,114,-5,5
31292,123,112,11,11
31293,100,96,4,4
31294,77,84,-7,7
31295,77,77,0,0
31296,109,114,-5,5
31297,85,81,4,4
31298,94,91,3,3
31299,57,54,3,3
31300,51,53,-2,2
31301,50,58,-8,8
31302,80,75,5,5
31303,73,68,5,5
31304,68,75,-7,7
31305,153,141,12,12
31306,120,128,-8,8
31307,99,99,0,0
31308,97,94,3,3
31309,82,80,2,2
31310,85,96,-11,11
31311,84,77,7,7
31312,93,106,-13,13
31313,55,59,-4,4
31314,53,55,-2,2
31315,148,139,9,9
31316,115,121,-6,6
31317,116,116,0,0
31318,109,98,11,11
31319,72,78,-6,6
31320,85,87,-2,2
31321,78,65,13,13
31322,133,126,7,7
31323,89,84,5,5
31324,53,64,-11,11
31325,145,156,-11,11
31326,75,71,4,4
31327,60,62,-2,2
31328,71,70,1,1
31329,62,66,-4,4
31330,165,154,11,11
31331,51,69,-18,18
31332,146,150,-4,4
31333,64,63,1,1
31334,75,83,-8,8
31335,79,72,7,7
31336,85,88,-3,3
31337,100,100,0,0
31338,119,112,7,7
31339,106,115,-9,9
31340,79,80,-1,1
31341,163,155,8,8
31342,121,128,-7,7
31343,66,73,-7,7
31344,114,117,-3,3
31345,77,80,-3,3
31346,57,67,-10,10
31347,87,91,-4,4
31348,86,81,5,5
31349,71,77,-6,6
31350,124,120,4,4
31351,65,60,5,5
31352,111,105,6,6
31353,62,68,-6,6
31354,94,84,10,10
31355,76,76,0,0
31356,122,136,-14,14
31357,136,153,-17,17
31358,76,75,1,1
31359,82,96,-14,14
31360,62,60,2,2
31361,65,63,2,2
31362,63,70,-7,7
31363,50,50,0,0
31364,56,68,-12,12
31365,80,85,-5,5
31366,95,87,8,8
31367,94,95,-1,1
31368,90,78,12,12
31369,116,100,16,16
31370,113,108,5,5
31371,70,67,3,3
31372,31,39,-8,8
31373,70,75,-5,5
31374,72,67,5,5
31375,92,86,6,6
31376,82,79,3,3
31377,58,70,-12,12
31378,104,112,-8,8
31379,75,76,-1,1
31380,90,93,-3,3
31381,130,127,3,3
31382,126,127,-1,1
31383,89,87,2,2
31384,108,110,-2,2
31385,51,57,-6,6
31386,132,130,2,2
31387,91,93,-2,2
31388,109,116,-7,7
31389,103,120,-17,17
31390,87,81,6,6
31391,123,126,-3,3
31392,109,100,9,9
31393,77,89,-12,12
31394,96,100,-4,4
31395,82,83,-1,1
31396,111,112,-1,1
31397,72,69,3,3
31398,117,111,6,6
31399,117,115,2,2
31400,137,134,3,3
31401,107,96,11,11
31402,91,92,-1,1
31403,110,111,-1,1
31404,76,83,-7,7
31405,83,75,8,8
31406,142,143,-1,1
31407,97,95,2,2
31408,54,52,2,2
31409,71,75,-4,4
31410,91,98,-7,7
31411,100,100,0,0
31412,47,50,-3,3
31413,114,108,6,6
31414,65,57,8,8
31415,33,40,-7,7
31416,88,83,5,5
31417,102,109,-7,7
31418,72,87,-15,15
31419,95,96,-1,1
31420,100,100,0,0
31421,200,193,7,7
31422,147,134,13,13
31423,98,109,-11,11
31424,111,111,0,0
31425,105,110,-5,5
31426,89,89,0,0
31427,108,109,-1,1
31428,35,64,-29,29
31429,54,63,-9,9
31430,124,123,1,1
31431,90,77,13,13
31432,130,127,3,3
31433,138,129,9,9
31434,143,129,14,14
31435,74,75,-1,1
31436,47,57,-10,10
31437,64,65,-1,1
31438,174,174,0,0
31439,96,92,4,4
31440,132,134,-2,2
31441,66,71,-5,5
31442,105,108,-3,3
31443,128,129,-1,1
31444,99,98,1,1
31445,70,72,-2,2
31446,62,57,5,5
31447,78,75,3,3
31448,93,98,-5,5
31449,89,71,18,18
31450,104,114,-10,10
31451,74,73,1,1
31452,102,85,17,17
31453,58,58,0,0
31454,89,87,2,2
31455,84,77,7,7
31456,128,116,12,12
31457,91,94,-3,3
31458,80,70,10,10
31459,84,92,-8,8
31460,100,107,-7,7
31461,115,113,2,2
31462,92,95,-3,3
31463,155,156,-1,1
31464,175,155,20,20
31465,79,78,1,1
31466,70,64,6,6
31467,64,75,-11,11
31468,111,116,-5,5
31469,83,83,0,0
31470,92,94,-2,2
31471,153,148,5,5
31472,138,139,-1,1
31473,90,110,-20,20
31474,104,114,-10,10
31475,52,51,1,1
31476,72,77,-5,5
31477,76,80,-4,4
31478,69,69,0,0
31479,145,140,5,5
31480,67,66,1,1
31481,79,75,4,4
31482,103,94,9,9
31483,145,149,-4,4
31484,86,87,-1,1
31485,112,109,3,3
31486,130,131,-1,1
31487,173,160,13,13
31488,75,76,-1,1
31489,195,168,27,27
31490,93,93,0,0
31491,102,98,4,4
31492,64,63,1,1
31493,68,68,0,0
31494,58,62,-4,4
31495,93,79,14,14
31496,119,101,18,18
31497,54,51,3,3
31498,72,91,-19,19
31499,82,85,-3,3
31500,130,125,5,5
31501,75,80,-5,5
31502,73,80,-7,7
31503,72,75,-3,3
31504,243,261,-18,18
31505,62,82,-20,20
31506,79,64,15,15
31507,129,139,-10,10
31508,119,113,6,6
31509,121,122,-1,1
31510,135,134,1,1
31511,64,57,7,7
31512,84,82,2,2
31513,68,74,-6,6
31514,89,85,4,4
31515,59,56,3,3
31516,67,76,-9,9
31517,108,113,-5,5
31518,55,59,-4,4
31519,161,145,16,16
31520,75,77,-2,2
31521,113,103,10,10
31522,102,98,4,4
31523,116,111,5,5
31524,134,134,0,0
31525,161,134,27,27
31526,122,102,20,20
31527,103,99,4,4
31528,75,76,-1,1
31529,162,144,18,18
31530,76,82,-6,6
31531,57,57,0,0
31532,74,77,-3,3
31533,78,70,8,8
31534,68,65,3,3
31535,101,92,9,9
31536,66,70,-4,4
31537,61,65,-4,4
31538,120,114,6,6
31539,62,62,0,0
31540,149,135,14,14
31541,85,92,-7,7
31542,126,118,8,8
31543,192,185,7,7
31544,94,88,6,6
31545,69,70,-1,1
31546,99,82,17,17
31547,114,109,5,5
31548,75,79,-4,4
31549,113,124,-11,11
31550,165,154,11,11
31551,133,128,5,5
31552,86,92,-6,6
31553,72,67,5,5
31554,97,91,6,6
31555,113,152,-39,39
31556,110,112,-2,2
31557,119,126,-7,7
31558,60,63,-3,3
31559,72,81,-9,9
31560,110,109,1,1
31561,151,138,13,13
31562,70,80,-10,10
31563,89,91,-2,2
31564,112,108,4,4
31565,70,75,-5,5
31566,64,65,-1,1
31567,155,157,-2,2
31568,103,99,4,4
31569,115,112,3,3
31570,57,55,2,2
31571,92,98,-6,6
31572,96,90,6,6
31573,61,64,-3,3
31574,144,131,13,13
31575,75,77,-2,2
31576,138,132,6,6
31577,103,108,-5,5
31578,118,108,10,10
31579,80,89,-9,9
31580,107,107,0,0
31581,84,81,3,3
31582,87,82,5,5
31583,56,49,7,7
31584,129,129,0,0
31585,94,91,3,3
31586,72,79,-7,7
31587,193,172,21,21
31588,141,124,17,17
31589,98,97,1,1
31590,116,126,-10,10
31591,154,147,7,7
31592,116,123,-7,7
31593,75,82,-7,7
31594,107,99,8,8
31595,83,78,5,5
31596,103,111,-8,8
31597,99,99,0,0
31598,109,114,-5,5
31599,95,91,4,4
31600,85,78,7,7
31601,81,78,3,3
31602,112,97,15,15
31603,82,80,2,2
31604,56,57,-1,1
31605,64,67,-3,3
31606,105,122,-17,17
31607,118,120,-2,2
31608,82,86,-4,4
31609,96,97,-1,1
31610,69,65,4,4
31611,128,129,-1,1
31612,88,92,-4,4
31613,90,89,1,1
31614,141,135,6,6
31615,75,83,-8,8
31616,108,108,0,0
31617,153,142,11,11
31618,101,98,3,3
31619,76,80,-4,4
31620,86,93,-7,7
31621,49,48,1,1
31622,130,127,3,3
31623,95,94,1,1
31624,33,45,-12,12
31625,156,160,-4,4
31626,49,46,3,3
31627,89,83,6,6
31628,86,74,12,12
31629,80,78,2,2
31630,97,93,4,4
31631,59,63,-4,4
31632,153,147,6,6
31633,51,52,-1,1
31634,88,74,14,14
31635,145,157,-12,12
31636,165,177,-12,12
31637,74,82,-8,8
31638,80,87,-7,7
31639,101,96,5,5
31640,46,48,-2,2
31641,62,64,-2,2
31642,107,97,10,10
31643,66,67,-1,1
31644,153,148,5,5
31645,75,75,0,0
31646,49,52,-3,3
31647,120,128,-8,8
31648,131,126,5,5
31649,106,110,-4,4
31650,147,142,5,5
31651,81,86,-5,5
31652,94,95,-1,1
31653,57,63,-6,6
31654,61,70,-9,9
31655,47,47,0,0
31656,53,53,0,0
31657,117,112,5,5
31658,98,76,22,22
31659,48,48,0,0
31660,190,190,0,0
31661,68,72,-4,4
31662,106,100,6,6
31663,57,59,-2,2
31664,131,130,1,1
31665,132,129,3,3
31666,74,76,-2,2
31667,125,129,-4,4
31668,86,90,-4,4
31669,49,52,-3,3
31670,95,79,16,16
31671,67,65,2,2
31672,82,90,-8,8
31673,93,100,-7,7
31674,52,60,-8,8
31675,55,56,-1,1
31676,111,111,0,0
31677,73,69,4,4
31678,72,82,-10,10
31679,160,159,1,1
31680,97,100,-3,3
31681,95,90,5,5
31682,117,96,21,21
31683,67,62,5,5
31684,55,59,-4,4
31685,103,96,7,7
31686,108,116,-8,8
31687,82,73,9,9
31688,155,140,15,15
31689,87,95,-8,8
31690,88,83,5,5
31691,84,101,-17,17
31692,66,78,-12,12
31693,59,61,-2,2
31694,80,79,1,1
31695,120,129,-9,9
31696,92,91,1,1
31697,36,40,-4,4
31698,89,81,8,8
31699,113,96,17,17
31700,86,94,-8,8
31701,117,141,-24,24
31702,78,73,5,5
31703,72,80,-8,8
31704,76,67,9,9
31705,76,80,-4,4
31706,87,85,2,2
31707,76,99,-23,23
31708,79,65,14,14
31709,51,45,6,6
31710,121,131,-10,10
31711,100,91,9,9
31712,83,83,0,0
31713,84,73,11,11
31714,100,109,-9,9
31715,125,120,5,5
31716,73,67,6,6
31717,59,64,-5,5
31718,79,80,-1,1
31719,76,85,-9,9
31720,108,114,-6,6
31721,64,76,-12,12
31722,101,96,5,5
31723,140,124,16,16
31724,89,91,-2,2
31725,72,68,4,4
31726,82,88,-6,6
31727,68,69,-1,1
31728,41,50,-9,9
31729,77,76,1,1
31730,150,139,11,11
31731,121,118,3,3
31732,96,116,-20,20
31733,50,54,-4,4
31734,45,49,-4,4
31735,118,125,-7,7
31736,108,109,-1,1
31737,74,71,3,3
31738,148,136,12,12
31739,109,108,1,1
31740,53,56,-3,3
31741,69,67,2,2
31742,75,77,-2,2
31743,75,88,-13,13
31744,93,91,2,2
31745,36,39,-3,3
31746,62,70,-8,8
31747,139,137,2,2
31748,67,66,1,1
31749,199,195,4,4
31750,61,60,1,1
31751,66,66,0,0
31752,58,59,-1,1
31753,58,66,-8,8
31754,98,108,-10,10
31755,65,61,4,4
31756,96,96,0,0
31757,105,110,-5,5
31758,44,52,-8,8
31759,116,114,2,2
31760,87,82,5,5
31761,94,103,-9,9
31762,130,136,-6,6
31763,103,98,5,5
31764,85,84,1,1
31765,94,108,-14,14
31766,78,77,1,1
31767,120,117,3,3
31768,48,52,-4,4
31769,107,97,10,10
31770,87,89,-2,2
31771,115,117,-2,2
31772,122,122,0,0
31773,137,122,15,15
31774,19,31,-12,12
31775,90,93,-3,3
31776,45,45,0,0
31777,53,58,-5,5
31778,132,121,11,11
31779,54,50,4,4
31780,123,133,-10,10
31781,88,107,-19,19
31782,90,86,4,4
31783,112,111,1,1
31784,67,61,6,6
31785,50,59,-9,9
31786,65,64,1,1
31787,44,47,-3,3
31788,86,95,-9,9
31789,65,67,-2,2
31790,80,99,-19,19
31791,128,119,9,9
31792,166,134,32,32
31793,105,98,7,7
31794,77,77,0,0
31795,113,118,-5,5
31796,82,84,-2,2
31797,94,98,-4,4
31798,123,119,4,4
31799,118,120,-2,2
31800,159,147,12,12
31801,100,82,18,18
31802,95,89,6,6
31803,128,128,0,0
31804,67,79,-12,12
31805,131,116,15,15
31806,78,79,-1,1
31807,58,61,-3,3
31808,126,123,3,3
31809,136,140,-4,4
31810,75,72,3,3
31811,100,98,2,2
31812,52,52,0,0
31813,94,86,8,8
31814,64,71,-7,7
31815,65,70,-5,5
31816,85,84,1,1
31817,100,98,2,2
31818,134,133,1,1
31819,88,91,-3,3
31820,87,87,0,0
31821,112,112,0,0
31822,222,202,20,20
31823,103,97,6,6
31824,131,151,-20,20
31825,143,138,5,5
31826,89,90,-1,1
31827,144,130,14,14
31828,90,87,3,3
31829,117,112,5,5
31830,41,42,-1,1
31831,161,159,2,2
31832,87,94,-7,7
31833,67,69,-2,2
31834,89,107,-18,18
31835,58,52,6,6
31836,54,54,0,0
31837,66,64,2,2
31838,62,67,-5,5
31839,46,49,-3,3
31840,116,116,0,0
31841,146,145,1,1
31842,153,160,-7,7
31843,110,94,16,16
31844,83,75,8,8
31845,138,126,12,12
31846,117,110,7,7
31847,86,81,5,5
31848,170,163,7,7
31849,96,102,-6,6
31850,57,56,1,1
31851,102,93,9,9
31852,96,95,1,1
31853,88,84,4,4
31854,117,120,-3,3
31855,83,96,-13,13
31856,94,109,-15,15
31857,68,78,-10,10
31858,81,73,8,8
31859,165,161,4,4
31860,93,85,8,8
31861,169,165,4,4
31862,79,79,0,0
31863,91,87,4,4
31864,96,93,3,3
31865,107,90,17,17
31866,98,93,5,5
31867,81,77,4,4
31868,125,127,-2,2
31869,111,110,1,1
31870,50,57,-7,7
31871,102,109,-7,7
31872,94,85,9,9
31873,57,56,1,1
31874,110,109,1,1
31875,89,83,6,6
31876,69,66,3,3
31877,116,119,-3,3
31878,135,119,16,16
31879,76,72,4,4
31880,98,90,8,8
31881,72,68,4,4
31882,68,78,-10,10
31883,77,74,3,3
31884,125,139,-14,14
31885,115,109,6,6
31886,136,124,12,12
31887,80,79,1,1
31888,82,82,0,0
31889,76,79,-3,3
31890,82,78,4,4
31891,138,127,11,11
31892,108,101,7,7
31893,153,147,6,6
31894,76,75,1,1
31895,100,89,11,11
31896,97,101,-4,4
31897,119,115,4,4
31898,35,43,-8,8
31899,39,41,-2,2
31900,102,93,9,9
31901,93,110,-17,17
31902,122,118,4,4
31903,88,82,6,6
31904,84,85,-1,1
31905,207,191,16,16
31906,67,68,-1,1
31907,111,115,-4,4
31908,75,74,1,1
31909,112,103,9,9
31910,59,60,-1,1
31911,66,65,1,1
31912,161,160,1,1
31913,80,88,-8,8
31914,64,67,-3,3
31915,123,76,47,47
31916,123,116,7,7
31917,144,144,0,0
31918,61,68,-7,7
31919,85,74,11,11
31920,100,95,5,5
31921,100,96,4,4
31922,65,57,8,8
31923,75,69,6,6
31924,104,92,12,12
31925,112,117,-5,5
31926,93,87,6,6
31927,69,64,5,5
31928,58,56,2,2
31929,120,107,13,13
31930,131,119,12,12
31931,101,92,9,9
31932,156,156,0,0
31933,83,75,8,8
31934,62,65,-3,3
31935,94,97,-3,3
31936,87,89,-2,2
31937,182,167,15,15
31938,132,128,4,4
31939,100,107,-7,7
31940,74,76,-2,2
31941,57,64,-7,7
31942,95,95,0,0
31943,64,56,8,8
31944,99,91,8,8
31945,102,113,-11,11
31946,144,126,18,18
31947,152,143,9,9
31948,66,64,2,2
31949,57,61,-4,4
31950,73,81,-8,8
31951,85,82,3,3
31952,111,102,9,9
31953,78,80,-2,2
31954,87,83,4,4
31955,58,64,-6,6
31956,125,121,4,4
31957,98,92,6,6
31958,127,125,2,2
31959,125,117,8,8
31960,107,111,-4,4
31961,57,64,-7,7
31962,161,150,11,11
31963,109,102,7,7
31964,110,99,11,11
31965,64,64,0,0
31966,304,303,1,1
31967,75,76,-1,1
31968,161,164,-3,3
31969,85,97,-12,12
31970,124,110,14,14
31971,53,53,0,0
31972,98,101,-3,3
31973,124,121,3,3
31974,67,63,4,4
31975,59,64,-5,5
31976,115,110,5,5
31977,91,85,6,6
31978,108,110,-2,2
31979,82,87,-5,5
31980,104,94,10,10
31981,65,75,-10,10
31982,107,109,-2,2
31983,140,144,-4,4
31984,83,84,-1,1
31985,128,137,-9,9
31986,65,59,6,6
31987,70,72,-2,2
31988,160,163,-3,3
31989,94,94,0,0
31990,74,70,4,4
31991,99,101,-2,2
31992,105,99,6,6
31993,65,70,-5,5
31994,46,52,-6,6
31995,72,72,0,0
31996,53,51,2,2
31997,110,109,1,1
31998,100,89,11,11
31999,65,71,-6,6
32000,102,96,6,6
32001,128,123,5,5
32002,90,86,4,4
32003,139,154,-15,15
32004,145,128,17,17
32005,89,84,5,5
32006,68,77,-9,9
32007,64,66,-2,2
32008,79,83,-4,4
32009,86,77,9,9
32010,60,69,-9,9
32011,101,95,6,6
32012,36,48,-12,12
32013,103,97,6,6
32014,52,48,4,4
32015,152,151,1,1
32016,80,89,-9,9
32017,142,128,14,14
32018,129,115,14,14
32019,140,118,22,22
32020,49,58,-9,9
32021,147,149,-2,2
32022,100,90,10,10
32023,59,68,-9,9
32024,106,111,-5,5
32025,88,90,-2,2
32026,86,86,0,0
32027,106,93,13,13
32028,110,111,-1,1
32029,43,42,1,1
32030,114,123,-9,9
32031,77,75,2,2
32032,103,102,1,1
32033,125,126,-1,1
32034,65,67,-2,2
32035,105,108,-3,3
32036,98,115,-17,17
32037,132,145,-13,13
32038,119,115,4,4
32039,80,82,-2,2
32040,107,111,-4,4
32041,94,86,8,8
32042,59,68,-9,9
32043,109,114,-5,5
32044,144,148,-4,4
32045,45,51,-6,6
32046,66,49,17,17
32047,122,128,-6,6
32048,88,90,-2,2
32049,53,49,4,4
32050,58,66,-8,8
32051,68,71,-3,3
32052,104,97,7,7
32053,129,133,-4,4
32054,55,55,0,0
32055,80,72,8,8
32056,100,108,-8,8
32057,64,75,-11,11
32058,150,148,2,2
32059,80,76,4,4
32060,96,87,9,9
32061,83,80,3,3
32062,39,43,-4,4
32063,112,99,13,13
32064,146,142,4,4
32065,91,97,-6,6
32066,77,86,-9,9
32067,121,123,-2,2
32068,113,113,0,0
32069,132,140,-8,8
32070,102,102,0,0
32071,71,69,2,2
32072,81,79,2,2
32073,60,73,-13,13
32074,112,101,11,11
32075,95,88,7,7
32076,116,112,4,4
32077,85,87,-2,2
32078,116,129,-13,13
32079,107,111,-4,4
32080,156,142,14,14
32081,84,87,-3,3
32082,77,75,2,2
32083,111,108,3,3
32084,61,86,-25,25
32085,124,131,-7,7
32086,106,98,8,8
32087,116,115,1,1
32088,64,77,-13,13
32089,108,107,1,1
32090,76,74,2,2
32091,72,75,-3,3
32092,75,75,0,0
32093,66,66,0,0
32094,128,139,-11,11
32095,189,164,25,25
32096,120,122,-2,2
32097,64,64,0,0
32098,141,143,-2,2
32099,96,92,4,4
32100,170,168,2,2
32101,83,80,3,3
32102,101,108,-7,7
32103,81,90,-9,9
32104,43,49,-6,6
32105,150,143,7,7
32106,70,66,4,4
32107,89,79,10,10
32108,115,106,9,9
32109,103,101,2,2
32110,54,62,-8,8
32111,63,63,0,0
32112,127,138,-11,11
32113,96,80,16,16
32114,79,92,-13,13
32115,83,87,-4,4
32116,108,104,4,4
32117,116,109,7,7
32118,121,118,3,3
32119,127,115,12,12
32120,109,115,-6,6
32121,96,96,0,0
32122,82,81,1,1
32123,103,133,-30,30
32124,142,148,-6,6
32125,161,147,14,14
32126,126,128,-2,2
32127,78,75,3,3
32128,157,157,0,0
32129,63,66,-3,3
32130,64,63,1,1
32131,90,83,7,7
32132,95,99,-4,4
32133,146,143,3,3
32134,56,64,-8,8
32135,48,46,2,2
32136,68,70,-2,2
32137,94,98,-4,4
32138,87,85,2,2
32139,122,110,12,12
32140,126,113,13,13
32141,55,68,-13,13
32142,61,66,-5,5
32143,89,101,-12,12
32144,62,70,-8,8
32145,71,71,0,0
32146,87,89,-2,2
32147,39,37,2,2
32148,123,116,7,7
32149,79,83,-4,4
32150,109,109,0,0
32151,101,109,-8,8
32152,107,103,4,4
32153,114,112,2,2
32154,81,89,-8,8
32155,167,162,5,5
32156,71,77,-6,6
32157,65,70,-5,5
32158,76,73,3,3
32159,94,94,0,0
32160,162,150,12,12
32161,86,100,-14,14
32162,162,160,2,2
32163,50,49,1,1
32164,109,99,10,10
32165,70,66,4,4
32166,69,67,2,2
32167,36,44,-8,8
32168,117,109,8,8
32169,104,90,14,14
32170,107,113,-6,6
32171,66,69,-3,3
32172,98,99,-1,1
32173,113,118,-5,5
32174,57,60,-3,3
32175,117,115,2,2
32176,79,91,-12,12
32177,88,89,-1,1
32178,101,100,1,1
32179,98,97,1,1
32180,164,179,-15,15
32181,108,108,0,0
32182,79,77,2,2
32183,77,86,-9,9
32184,81,81,0,0
32185,111,110,1,1
32186,108,109,-1,1
32187,104,98,6,6
32188,51,44,7,7
32189,79,82,-3,3
32190,141,133,8,8
32191,105,101,4,4
32192,79,87,-8,8
32193,121,112,9,9
32194,85,92,-7,7
32195,60,61,-1,1
32196,76,73,3,3
32197,66,64,2,2
32198,140,129,11,11
32199,115,95,20,20
32200,135,124,11,11
32201,137,152,-15,15
32202,108,116,-8,8
32203,56,62,-6,6
32204,145,140,5,5
32205,107,99,8,8
32206,75,63,12,12
32207,73,81,-8,8
32208,58,61,-3,3
32209,73,69,4,4
32210,100,94,6,6
32211,154,146,8,8
32212,89,85,4,4
32213,86,79,7,7
32214,218,188,30,30
32215,96,95,1,1
32216,72,75,-3,3
32217,136,148,-12,12
32218,197,191,6,6
32219,75,81,-6,6
32220,138,134,4,4
32221,112,117,-5,5
32222,97,108,-11,11
32223,50,56,-6,6
32224,144,135,9,9
32225,62,63,-1,1
32226,91,99,-8,8
32227,108,113,-5,5
32228,111,113,-2,2
32229,154,149,5,5
32230,84,89,-5,5
32231,181,178,3,3
32232,80,83,-3,3
32233,134,130,4,4
32234,78,86,-8,8
32235,243,225,18,18
32236,59,54,5,5
32237,83,70,13,13
32238,76,65,11,11
32239,88,85,3,3
32240,62,63,-1,1
32241,81,81,0,0
32242,127,128,-1,1
32243,119,115,4,4
32244,70,73,-3,3
32245,114,108,6,6
32246,91,89,2,2
32247,120,110,10,10
32248,61,59,2,2
32249,73,73,0,0
32250,77,85,-8,8
32251,175,177,-2,2
32252,86,82,4,4
32253,125,119,6,6
32254,109,99,10,10
32255,90,96,-6,6
32256,71,75,-4,4
32257,64,60,4,4
32258,91,83,8,8
32259,116,112,4,4
32260,63,59,4,4
32261,79,77,2,2
32262,56,55,1,1
32263,144,139,5,5
32264,130,116,14,14
32265,73,79,-6,6
32266,64,56,8,8
32267,146,131,15,15
32268,30,48,-18,18
32269,107,113,-6,6
32270,80,86,-6,6
32271,94,113,-19,19
32272,57,58,-1,1
32273,85,85,0,0
32274,157,146,11,11
32275,131,135,-4,4
32276,170,145,25,25
32277,115,127,-12,12
32278,124,110,14,14
32279,83,82,1,1
32280,139,136,3,3
32281,104,111,-7,7
32282,54,56,-2,2
32283,117,113,4,4
32284,84,96,-12,12
32285,97,89,8,8
32286,50,44,6,6
32287,57,67,-10,10
32288,84,86,-2,2
32289,70,73,-3,3
32290,75,82,-7,7
32291,33,47,-14,14
32292,110,126,-16,16
32293,60,62,-2,2
32294,66,70,-4,4
32295,121,112,9,9
32296,97,95,2,2
32297,128,121,7,7
32298,82,77,5,5
32299,110,110,0,0
32300,135,138,-3,3
32301,96,96,0,0
32302,79,71,8,8
32303,82,74,8,8
32304,112,102,10,10
32305,119,122,-3,3
32306,113,90,23,23
32307,129,128,1,1
32308,30,36,-6,6
32309,143,146,-3,3
32310,48,54,-6,6
32311,70,73,-3,3
32312,66,98,-32,32
32313,117,124,-7,7
32314,49,49,0,0
32315,73,76,-3,3
32316,104,114,-10,10
32317,78,91,-13,13
32318,94,96,-2,2
32319,39,41,-2,2
32320,163,153,10,10
32321,131,133,-2,2
32322,78,88,-10,10
32323,107,112,-5,5
32324,40,46,-6,6
32325,83,84,-1,1
32326,88,102,-14,14
32327,104,102,2,2
32328,116,109,7,7
32329,144,132,12,12
32330,93,96,-3,3
32331,89,87,2,2
32332,110,110,0,0
32333,62,90,-28,28
32334,100,102,-2,2
32335,79,81,-2,2
32336,80,80,0,0
32337,120,122,-2,2
32338,84,99,-15,15
32339,88,93,-5,5
32340,132,138,-6,6
32341,93,85,8,8
32342,79,83,-4,4
32343,27,33,-6,6
32344,97,98,-1,1
32345,167,158,9,9
32346,146,152,-6,6
32347,45,43,2,2
32348,53,56,-3,3
32349,57,59,-2,2
32350,40,44,-4,4
32351,77,82,-5,5
32352,120,116,4,4
32353,87,107,-20,20
32354,189,171,18,18
32355,84,86,-2,2
32356,68,68,0,0
32357,85,89,-4,4
32358,75,81,-6,6
32359,58,59,-1,1
32360,67,67,0,0
32361,58,58,0,0
32362,38,45,-7,7
32363,63,66,-3,3
32364,82,92,-10,10
32365,111,128,-17,17
32366,168,158,10,10
32367,67,67,0,0
32368,92,93,-1,1
32369,43,41,2,2
32370,126,117,9,9
32371,94,95,-1,1
32372,108,122,-14,14
32373,80,88,-8,8
32374,159,146,13,13
32375,101,83,18,18
32376,71,65,6,6
32377,77,83,-6,6
32378,53,60,-7,7
32379,96,101,-5,5
32380,144,128,16,16
32381,96,99,-3,3
32382,120,124,-4,4
32383,91,91,0,0
32384,57,65,-8,8
32385,95,100,-5,5
32386,114,119,-5,5
32387,115,124,-9,9
32388,63,56,7,7
32389,103,93,10,10
32390,213,202,11,11
32391,82,91,-9,9
32392,113,108,5,5
32393,75,76,-1,1
32394,122,127,-5,5
32395,82,67,15,15
32396,112,108,4,4
32397,114,114,0,0
32398,62,54,8,8
32399,145,131,14,14
32400,153,160,-7,7
32401,102,76,26,26
32402,65,70,-5,5
32403,79,63,16,16
32404,85,88,-3,3
32405,69,64,5,5
32406,69,73,-4,4
32407,106,93,13,13
32408,73,69,4,4
32409,95,86,9,9
32410,68,73,-5,5
32411,72,74,-2,2
32412,71,77,-6,6
32413,135,133,2,2
32414,115,113,2,2
32415,75,75,0,0
32416,57,59,-2,2
32417,33,41,-8,8
32418,73,77,-4,4
32419,147,145,2,2
32420,100,98,2,2
32421,81,81,0,0
32422,130,130,0,0
32423,63,64,-1,1
32424,75,80,-5,5
32425,97,102,-5,5
32426,80,86,-6,6
32427,67,69,-2,2
32428,135,138,-3,3
32429,48,48,0,0
32430,113,121,-8,8
32431,62,65,-3,3
32432,66,64,2,2
32433,62,51,11,11
32434,140,151,-11,11
32435,82,87,-5,5
32436,86,86,0,0
32437,123,123,0,0
32438,134,131,3,3
32439,63,66,-3,3
32440,142,135,7,7
32441,63,68,-5,5
32442,94,87,7,7
32443,72,77,-5,5
32444,146,140,6,6
32445,90,72,18,18
32446,57,61,-4,4
32447,51,60,-9,9
32448,64,67,-3,3
32449,80,87,-7,7
32450,105,107,-2,2
32451,109,110,-1,1
32452,99,110,-11,11
32453,209,191,18,18
32454,82,73,9,9
32455,49,56,-7,7
32456,72,67,5,5
32457,62,58,4,4
32458,50,55,-5,5
32459,153,152,1,1
32460,140,124,16,16
32461,95,87,8,8
32462,81,75,6,6
32463,114,102,12,12
32464,130,128,2,2
32465,31,37,-6,6
32466,86,92,-6,6
32467,100,110,-10,10
32468,58,60,-2,2
32469,58,59,-1,1
32470,95,83,12,12
32471,121,126,-5,5
32472,83,82,1,1
32473,152,141,11,11
32474,138,143,-5,5
32475,128,129,-1,1
32476,92,102,-10,10
32477,64,68,-4,4
32478,72,79,-7,7
32479,110,114,-4,4
32480,57,55,2,2
32481,99,93,6,6
32482,98,94,4,4
32483,73,84,-11,11
32484,53,57,-4,4
32485,55,57,-2,2
32486,61,60,1,1
32487,239,224,15,15
32488,86,85,1,1
32489,133,119,14,14
32490,80,82,-2,2
32491,76,71,5,5
32492,79,71,8,8
32493,140,125,15,15
32494,97,100,-3,3
32495,74,63,11,11
32496,142,133,9,9
32497,82,82,0,0
32498,62,63,-1,1
32499,101,112,-11,11
32500,69,85,-16,16
32501,171,174,-3,3
32502,69,76,-7,7
32503,72,70,2,2
32504,93,93,0,0
32505,78,85,-7,7
32506,68,70,-2,2
32507,54,58,-4,4
32508,110,114,-4,4
32509,69,82,-13,13
32510,92,89,3,3
32511,65,65,0,0
32512,28,35,-7,7
32513,65,68,-3,3
32514,69,63,6,6
32515,119,110,9,9
32516,78,73,5,5
32517,75,75,0,0
32518,70,69,1,1
32519,57,70,-13,13
32520,88,91,-3,3
32521,80,72,8,8
32522,113,117,-4,4
32523,63,68,-5,5
32524,91,90,1,1
32525,141,124,17,17
32526,88,90,-2,2
32527,46,52,-6,6
32528,109,109,0,0
32529,98,101,-3,3
32530,177,169,8,8
32531,142,142,0,0
32532,56,61,-5,5
32533,166,144,22,22
32534,70,67,3,3
32535,64,64,0,0
32536,70,72,-2,2
32537,66,76,-10,10
32538,104,98,6,6
32539,131,123,8,8
32540,82,86,-4,4
32541,65,66,-1,1
32542,95,95,0,0
32543,79,73,6,6
32544,86,81,5,5
32545,84,81,3,3
32546,103,90,13,13
32547,77,77,0,0
32548,125,119,6,6
32549,122,124,-2,2
32550,64,60,4,4
32551,95,108,-13,13
32552,79,84,-5,5
32553,67,65,2,2
32554,160,153,7,7
32555,103,99,4,4
32556,114,110,4,4
32557,74,77,-3,3
32558,123,123,0,0
32559,50,58,-8,8
32560,53,56,-3,3
32561,195,195,0,0
32562,71,72,-1,1
32563,171,151,20,20
32564,90,95,-5,5
32565,75,77,-2,2
32566,84,90,-6,6
32567,86,108,-22,22
32568,101,105,-4,4
32569,131,116,15,15
32570,159,145,14,14
32571,52,60,-8,8
32572,119,115,4,4
32573,85,83,2,2
32574,97,96,1,1
32575,73,74,-1,1
32576,54,61,-7,7
32577,73,69,4,4
32578,127,117,10,10
32579,164,161,3,3
32580,104,93,11,11
32581,57,56,1,1
32582,40,49,-9,9
32583,103,106,-3,3
32584,149,135,14,14
32585,105,98,7,7
32586,184,166,18,18
32587,74,70,4,4
32588,145,132,13,13
32589,74,81,-7,7
32590,83,96,-13,13
32591,82,74,8,8
32592,85,97,-12,12
32593,133,138,-5,5
32594,68,68,0,0
32595,56,76,-20,20
32596,183,174,9,9
32597,66,64,2,2
32598,115,127,-12,12
32599,86,84,2,2
32600,64,66,-2,2
32601,41,45,-4,4
32602,97,116,-19,19
32603,76,73,3,3
32604,64,68,-4,4
32605,67,69,-2,2
32606,92,87,5,5
32607,86,87,-1,1
32608,86,86,0,0
32609,114,114,0,0
32610,134,119,15,15
32611,80,69,11,11
32612,151,166,-15,15
32613,99,96,3,3
32614,144,144,0,0
32615,118,106,12,12
32616,74,76,-2,2
32617,85,77,8,8
32618,51,58,-7,7
32619,57,61,-4,4
32620,152,143,9,9
32621,80,81,-1,1
32622,83,73,10,10
32623,69,64,5,5
32624,126,142,-16,16
32625,178,166,12,12
32626,101,110,-9,9
32627,110,113,-3,3
32628,53,58,-5,5
32629,89,98,-9,9
32630,97,99,-2,2
32631,81,78,3,3
32632,87,83,4,4
32633,52,50,2,2
32634,98,94,4,4
32635,109,103,6,6
32636,103,98,5,5
32637,90,73,17,17
32638,73,71,2,2
32639,157,152,5,5
32640,106,98,8,8
32641,144,138,6,6
32642,105,110,-5,5
32643,191,173,18,18
32644,79,74,5,5
32645,113,103,10,10
32646,66,63,3,3
32647,62,84,-22,22
32648,71,77,-6,6
32649,93,95,-2,2
32650,90,82,8,8
32651,81,79,2,2
32652,97,100,-3,3
32653,43,58,-15,15
32654,150,137,13,13
32655,78,73,5,5
32656,122,112,10,10
32657,76,75,1,1
32658,50,58,-8,8
32659,78,87,-9,9
32660,68,77,-9,9
32661,92,84,8,8
32662,65,74,-9,9
32663,112,108,4,4
32664,69,71,-2,2
32665,86,83,3,3
32666,73,70,3,3
32667,99,99,0,0
32668,99,92,7,7
32669,70,75,-5,5
32670,88,84,4,4
32671,66,66,0,0
32672,123,112,11,11
32673,72,59,13,13
32674,120,130,-10,10
32675,51,62,-11,11
32676,68,63,5,5
32677,103,110,-7,7
32678,76,73,3,3
32679,77,88,-11,11
32680,143,155,-12,12
32681,128,130,-2,2
32682,87,80,7,7
32683,47,51,-4,4
32684,119,117,2,2
32685,119,115,4,4
32686,52,59,-7,7
32687,123,102,21,21
32688,78,79,-1,1
32689,135,142,-7,7
32690,65,66,-1,1
32691,50,53,-3,3
32692,59,80,-21,21
32693,95,86,9,9
32694,74,87,-13,13
32695,127,115,12,12
32696,135,107,28,28
32697,80,81,-1,1
32698,81,85,-4,4
32699,102,101,1,1
32700,131,131,0,0
32701,96,89,7,7
32702,100,109,-9,9
32703,104,103,1,1
32704,112,118,-6,6
32705,103,91,12,12
32706,96,95,1,1
32707,86,81,5,5
32708,130,135,-5,5
32709,47,49,-2,2
32710,118,112,6,6
32711,81,76,5,5
32712,117,97,20,20
32713,77,78,-1,1
32714,129,123,6,6
32715,111,87,24,24
32716,131,124,7,7
32717,67,72,-5,5
32718,66,72,-6,6
32719,111,119,-8,8
32720,71,83,-12,12
32721,58,56,2,2
32722,61,76,-15,15
32723,65,65,0,0
32724,91,97,-6,6
32725,126,126,0,0
32726,79,62,17,17
32727,98,93,5,5
32728,83,108,-25,25
32729,46,47,-1,1
32730,71,74,-3,3
32731,56,68,-12,12
32732,74,70,4,4
32733,86,83,3,3
32734,125,118,7,7
32735,71,61,10,10
32736,62,66,-4,4
32737,96,64,32,32
32738,145,127,18,18
32739,73,70,3,3
32740,67,72,-5,5
32741,87,89,-2,2
32742,79,71,8,8
32743,93,95,-2,2
32744,72,74,-2,2
32745,68,71,-3,3
32746,72,71,1,1
32747,132,124,8,8
32748,75,69,6,6
32749,86,87,-1,1
32750,101,94,7,7
32751,193,195,-2,2
32752,124,120,4,4
32753,96,88,8,8
32754,102,108,-6,6
32755,48,46,2,2
32756,95,85,10,10
32757,172,169,3,3
32758,174,169,5,5
32759,171,151,20,20
32760,64,60,4,4
32761,90,92,-2,2
32762,77,79,-2,2
32763,79,78,1,1
32764,82,81,1,1
32765,128,125,3,3
32766,96,95,1,1
32767,88,87,1,1
32768,78,75,3,3
32769,115,118,-3,3
32770,75,83,-8,8
32771,132,128,4,4
32772,161,151,10,10
32773,117,112,5,5
32774,61,57,4,4
32775,84,73,11,11
32776,102,110,-8,8
32777,108,111,-3,3
32778,108,121,-13,13
32779,156,145,11,11
32780,107,108,-1,1
32781,74,71,3,3
32782,185,194,-9,9
32783,61,76,-15,15
32784,106,101,5,5
32785,73,80,-7,7
32786,83,73,10,10
32787,53,59,-6,6
32788,216,201,15,15
32789,90,84,6,6
32790,94,108,-14,14
32791,113,119,-6,6
32792,48,52,-4,4
32793,125,143,-18,18
32794,58,58,0,0
32795,112,110,2,2
32796,91,85,6,6
32797,90,107,-17,17
32798,104,96,8,8
32799,59,62,-3,3
32800,74,79,-5,5
32801,99,112,-13,13
32802,76,84,-8,8
32803,101,100,1,1
32804,143,139,4,4
32805,66,67,-1,1
32806,108,104,4,4
32807,126,120,6,6
32808,102,93,9,9
32809,106,113,-7,7
32810,84,80,4,4
32811,133,134,-1,1
32812,68,69,-1,1
32813,133,130,3,3
32814,91,91,0,0
32815,148,148,0,0
32816,131,124,7,7
32817,105,98,7,7
32818,111,122,-11,11
32819,50,51,-1,1
32820,118,110,8,8
32821,56,65,-9,9
32822,76,78,-2,2
32823,141,135,6,6
32824,162,156,6,6
32825,144,148,-4,4
32826,131,141,-10,10
32827,57,55,2,2
32828,105,117,-12,12
32829,74,72,2,2
32830,118,143,-25,25
32831,157,149,8,8
32832,105,102,3,3
32833,90,91,-1,1
32834,96,102,-6,6
32835,161,162,-1,1
32836,83,80,3,3
32837,145,138,7,7
32838,55,56,-1,1
32839,113,125,-12,12
32840,72,76,-4,4
32841,199,193,6,6
32842,57,67,-10,10
32843,86,90,-4,4
32844,124,119,5,5
32845,59,72,-13,13
32846,65,52,13,13
32847,82,78,4,4
32848,127,124,3,3
32849,82,86,-4,4
32850,101,94,7,7
32851,105,97,8,8
32852,94,96,-2,2
32853,125,118,7,7
32854,96,83,13,13
32855,48,50,-2,2
32856,68,73,-5,5
32857,98,97,1,1
32858,152,145,7,7
32859,139,115,24,24
32860,80,86,-6,6
32861,113,111,2,2
32862,102,116,-14,14
32863,94,91,3,3
32864,56,61,-5,5
32865,112,114,-2,2
32866,71,71,0,0
32867,163,158,5,5
32868,95,101,-6,6
32869,165,162,3,3
32870,100,102,-2,2
32871,104,98,6,6
32872,68,76,-8,8
32873,152,144,8,8
32874,62,69,-7,7
32875,56,60,-4,4
32876,87,88,-1,1
32877,48,57,-9,9
32878,85,82,3,3
32879,82,98,-16,16
32880,70,92,-22,22
32881,80,79,1,1
32882,100,109,-9,9
32883,158,150,8,8
32884,143,137,6,6
32885,76,73,3,3
32886,64,68,-4,4
32887,121,117,4,4
32888,72,78,-6,6
32889,53,54,-1,1
32890,202,188,14,14
32891,54,55,-1,1
32892,58,56,2,2
32893,125,115,10,10
32894,74,64,10,10
32895,58,100,-42,42
32896,144,144,0,0
32897,124,125,-1,1
32898,84,84,0,0
32899,27,62,-35,35
32900,84,78,6,6
32901,176,161,15,15
32902,44,49,-5,5
32903,66,70,-4,4
32904,73,86,-13,13
32905,71,87,-16,16
32906,42,71,-29,29
32907,61,81,-20,20
32908,71,66,5,5
32909,90,100,-10,10
32910,74,69,5,5
32911,109,94,15,15
32912,124,118,6,6
32913,94,93,1,1
32914,158,168,-10,10
32915,97,85,12,12
32916,73,67,6,6
32917,90,97,-7,7
32918,64,61,3,3
32919,144,148,-4,4
32920,104,110,-6,6
32921,186,170,16,16
32922,102,97,5,5
32923,85,85,0,0
32924,96,103,-7,7
32925,122,121,1,1
32926,97,91,6,6
32927,96,93,3,3
32928,50,45,5,5
32929,110,128,-18,18
32930,89,86,3,3
32931,98,97,1,1
32932,123,130,-7,7
32933,53,62,-9,9
32934,114,113,1,1
32935,152,156,-4,4
32936,146,153,-7,7
32937,134,127,7,7
32938,105,112,-7,7
32939,38,71,-33,33
32940,99,93,6,6
32941,107,108,-1,1
32942,92,83,9,9
32943,120,120,0,0
32944,129,131,-2,2
32945,95,91,4,4
32946,90,91,-1,1
32947,103,108,-5,5
32948,114,111,3,3
32949,59,62,-3,3
32950,36,30,6,6
32951,99,98,1,1
32952,76,76,0,0
32953,149,124,25,25
32954,106,92,14,14
32955,61,71,-10,10
32956,47,56,-9,9
32957,158,163,-5,5
32958,54,55,-1,1
32959,50,56,-6,6
32960,98,91,7,7
32961,94,87,7,7
32962,67,67,0,0
32963,49,50,-1,1
32964,146,143,3,3
32965,135,123,12,12
32966,87,74,13,13
32967,98,102,-4,4
32968,59,59,0,0
32969,86,82,4,4
32970,62,65,-3,3
32971,113,107,6,6
32972,93,94,-1,1
32973,75,80,-5,5
32974,83,78,5,5
32975,138,135,3,3
32976,67,71,-4,4
32977,84,74,10,10
32978,117,117,0,0
32979,64,66,-2,2
32980,80,76,4,4
32981,85,85,0,0
32982,67,69,-2,2
32983,96,97,-1,1
32984,72,72,0,0
32985,63,77,-14,14
32986,151,135,16,16
32987,49,53,-4,4
32988,103,80,23,23
32989,32,38,-6,6
32990,70,66,4,4
32991,135,138,-3,3
32992,55,59,-4,4
32993,99,101,-2,2
32994,114,117,-3,3
32995,82,78,4,4
32996,119,124,-5,5
32997,104,108,-4,4
32998,123,120,3,3
32999,113,117,-4,4
33000,153,153,0,0
33001,89,90,-1,1
33002,48,68,-20,20
33003,113,102,11,11
33004,83,84,-1,1
33005,129,123,6,6
33006,67,73,-6,6
33007,96,94,2,2
33008,92,92,0,0
33009,103,93,10,10
33010,121,110,11,11
33011,48,53,-5,5
33012,98,90,8,8
33013,112,112,0,0
33014,107,111,-4,4
33015,92,81,11,11
33016,72,78,-6,6
33017,86,84,2,2
33018,86,88,-2,2
33019,120,114,6,6
33020,65,70,-5,5
33021,86,83,3,3
33022,138,129,9,9
33023,74,82,-8,8
33024,60,61,-1,1
33025,125,115,10,10
33026,61,67,-6,6
33027,99,96,3,3
33028,150,141,9,9
33029,69,66,3,3
33030,41,41,0,0
33031,108,98,10,10
33032,163,165,-2,2
33033,121,115,6,6
33034,72,73,-1,1
33035,109,104,5,5
33036,133,138,-5,5
33037,74,76,-2,2
33038,119,121,-2,2
33039,77,76,1,1
33040,97,111,-14,14
33041,76,80,-4,4
33042,102,97,5,5
33043,88,79,9,9
33044,139,134,5,5
33045,93,90,3,3
33046,171,160,11,11
33047,115,135,-20,20
33048,73,74,-1,1
33049,102,95,7,7
33050,97,97,0,0
33051,107,114,-7,7
33052,180,176,4,4
33053,78,78,0,0
33054,279,266,13,13
33055,86,90,-4,4
33056,80,78,2,2
33057,131,141,-10,10
33058,49,49,0,0
33059,100,96,4,4
33060,53,68,-15,15
33061,116,111,5,5
33062,61,60,1,1
33063,73,67,6,6
33064,70,64,6,6
33065,56,58,-2,2
33066,69,67,2,2
33067,76,71,5,5
33068,57,64,-7,7
33069,36,39,-3,3
33070,75,83,-8,8
33071,62,59,3,3
33072,78,77,1,1
33073,112,110,2,2
33074,85,80,5,5
33075,164,147,17,17
33076,52,61,-9,9
33077,102,101,1,1
33078,34,36,-2,2
33079,52,56,-4,4
33080,63,77,-14,14
33081,60,60,0,0
33082,145,142,3,3
33083,74,77,-3,3
33084,106,112,-6,6
33085,53,57,-4,4
33086,114,121,-7,7
33087,135,142,-7,7
33088,119,116,3,3
33089,84,99,-15,15
33090,62,63,-1,1
33091,150,149,1,1
33092,178,202,-24,24
33093,125,126,-1,1
33094,125,124,1,1
33095,56,59,-3,3
33096,83,85,-2,2
33097,79,95,-16,16
33098,66,67,-1,1
33099,62,68,-6,6
33100,77,80,-3,3
33101,113,115,-2,2
33102,119,124,-5,5
33103,100,89,11,11
33104,121,122,-1,1
33105,102,93,9,9
33106,106,120,-14,14
33107,67,67,0,0
33108,104,96,8,8
33109,133,136,-3,3
33110,138,128,10,10
33111,62,71,-9,9
33112,110,120,-10,10
33113,140,135,5,5
33114,80,71,9,9
33115,103,109,-6,6
33116,114,113,1,1
33117,55,55,0,0
33118,91,89,2,2
33119,38,45,-7,7
33120,89,76,13,13
33121,129,124,5,5
33122,30,62,-32,32
33123,103,97,6,6
33124,100,104,-4,4
33125,87,91,-4,4
33126,99,97,2,2
33127,87,84,3,3
33128,91,95,-4,4
33129,105,100,5,5
33130,104,107,-3,3
33131,46,51,-5,5
33132,86,76,10,10
33133,59,72,-13,13
33134,135,140,-5,5
33135,47,47,0,0
33136,108,91,17,17
33137,108,98,10,10
33138,120,125,-5,5
33139,50,75,-25,25
33140,102,124,-22,22
33141,129,139,-10,10
33142,82,126,-44,44
33143,141,129,12,12
33144,87,83,4,4
33145,108,107,1,1
33146,113,124,-11,11
33147,166,160,6,6
33148,82,78,4,4
33149,34,67,-33,33
33150,57,62,-5,5
33151,128,138,-10,10
33152,86,90,-4,4
33153,70,69,1,1
33154,106,106,0,0
33155,111,112,-1,1
33156,89,102,-13,13
33157,28,30,-2,2
33158,102,108,-6,6
33159,159,138,21,21
33160,170,158,12,12
33161,98,101,-3,3
33162,77,80,-3,3
33163,118,123,-5,5
33164,96,92,4,4
33165,51,62,-11,11
33166,63,60,3,3
33167,70,69,1,1
33168,99,110,-11,11
33169,58,57,1,1
33170,60,60,0,0
33171,78,82,-4,4
33172,45,58,-13,13
33173,89,102,-13,13
33174,69,71,-2,2
33175,84,87,-3,3
33176,73,71,2,2
33177,178,166,12,12
33178,63,69,-6,6
33179,108,109,-1,1
33180,105,113,-8,8
33181,43,46,-3,3
33182,82,79,3,3
33183,76,80,-4,4
33184,143,128,15,15
33185,91,87,4,4
33186,63,66,-3,3
33187,136,129,7,7
33188,83,75,8,8
33189,128,119,9,9
33190,63,67,-4,4
33191,72,77,-5,5
33192,96,99,-3,3
33193,66,74,-8,8
33194,89,108,-19,19
33195,74,71,3,3
33196,69,66,3,3
33197,86,85,1,1
33198,105,99,6,6
33199,92,95,-3,3
33200,49,61,-12,12
33201,151,139,12,12
33202,87,101,-14,14
33203,86,86,0,0
33204,55,55,0,0
33205,113,127,-14,14
33206,96,96,0,0
33207,84,80,4,4
33208,102,99,3,3
33209,85,90,-5,5
33210,141,141,0,0
33211,90,78,12,12
33212,57,61,-4,4
33213,80,89,-9,9
33214,111,109,2,2
33215,82,122,-40,40
33216,85,86,-1,1
33217,85,78,7,7
33218,67,66,1,1
33219,86,85,1,1
33220,102,90,12,12
33221,71,73,-2,2
33222,130,155,-25,25
33223,76,81,-5,5
33224,70,74,-4,4
33225,86,93,-7,7
33226,55,51,4,4
33227,97,98,-1,1
33228,98,117,-19,19
33229,70,62,8,8
33230,102,96,6,6
33231,79,75,4,4
33232,104,101,3,3
33233,70,62,8,8
33234,94,87,7,7
33235,103,106,-3,3
33236,102,110,-8,8
33237,102,98,4,4
33238,67,66,1,1
33239,165,159,6,6
33240,73,90,-17,17
33241,149,139,10,10
33242,92,89,3,3
33243,57,64,-7,7
33244,76,63,13,13
33245,129,124,5,5
33246,66,72,-6,6
33247,132,125,7,7
33248,108,100,8,8
33249,162,148,14,14
33250,104,99,5,5
33251,98,105,-7,7
33252,81,79,2,2
33253,106,113,-7,7
33254,134,140,-6,6
33255,118,121,-3,3
33256,156,140,16,16
33257,73,70,3,3
33258,106,111,-5,5
33259,64,61,3,3
33260,66,62,4,4
33261,126,112,14,14
33262,103,108,-5,5
33263,57,59,-2,2
33264,158,162,-4,4
33265,103,102,1,1
33266,103,108,-5,5
33267,172,163,9,9
33268,137,140,-3,3
33269,95,88,7,7
33270,127,122,5,5
33271,87,85,2,2
33272,136,119,17,17
33273,51,53,-2,2
33274,95,92,3,3
33275,100,99,1,1
33276,140,134,6,6
33277,102,104,-2,2
33278,69,67,2,2
33279,148,146,2,2
33280,121,136,-15,15
33281,133,138,-5,5
33282,106,112,-6,6
33283,95,88,7,7
33284,71,85,-14,14
33285,148,148,0,0
33286,188,179,9,9
33287,111,111,0,0
33288,88,89,-1,1
33289,71,85,-14,14
33290,83,89,-6,6
33291,44,47,-3,3
33292,69,66,3,3
33293,44,46,-2,2
33294,111,108,3,3
33295,105,114,-9,9
33296,76,78,-2,2
33297,95,96,-1,1
33298,181,172,9,9
33299,128,120,8,8
33300,81,82,-1,1
33301,175,155,20,20
33302,57,56,1,1
33303,70,66,4,4
33304,77,70,7,7
33305,61,66,-5,5
33306,108,112,-4,4
33307,69,72,-3,3
33308,61,69,-8,8
33309,116,113,3,3
33310,50,55,-5,5
33311,95,88,7,7
33312,62,69,-7,7
33313,161,151,10,10
33314,101,105,-4,4
33315,84,78,6,6
33316,87,92,-5,5
33317,71,68,3,3
33318,56,63,-7,7
33319,77,76,1,1
33320,100,118,-18,18
33321,74,79,-5,5
33322,59,66,-7,7
33323,117,117,0,0
33324,102,106,-4,4
33325,97,94,3,3
33326,77,77,0,0
33327,128,137,-9,9
33328,89,90,-1,1
33329,67,69,-2,2
33330,69,68,1,1
33331,104,109,-5,5
33332,55,61,-6,6
33333,62,64,-2,2
33334,101,97,4,4
33335,78,86,-8,8
33336,86,74,12,12
33337,81,78,3,3
33338,104,94,10,10
33339,57,56,1,1
33340,101,90,11,11
33341,84,79,5,5
33342,73,81,-8,8
33343,106,110,-4,4
33344,102,111,-9,9
33345,71,77,-6,6
33346,144,144,0,0
33347,131,117,14,14
33348,82,73,9,9
33349,83,76,7,7
33350,169,165,4,4
33351,70,64,6,6
33352,158,151,7,7
33353,162,138,24,24
33354,104,94,10,10
33355,52,49,3,3
33356,59,62,-3,3
33357,70,72,-2,2
33358,112,121,-9,9
33359,106,99,7,7
33360,130,124,6,6
33361,111,103,8,8
33362,117,110,7,7
33363,118,130,-12,12
33364,74,76,-2,2
33365,52,56,-4,4
33366,97,112,-15,15
33367,72,75,-3,3
33368,84,77,7,7
33369,50,56,-6,6
33370,101,107,-6,6
33371,52,53,-1,1
33372,85,91,-6,6
33373,90,90,0,0
33374,66,73,-7,7
33375,132,122,10,10
33376,91,95,-4,4
33377,46,48,-2,2
33378,36,42,-6,6
33379,94,96,-2,2
33380,65,65,0,0
33381,85,84,1,1
33382,78,76,2,2
33383,140,149,-9,9
33384,79,87,-8,8
33385,108,110,-2,2
33386,84,80,4,4
33387,89,89,0,0
33388,119,111,8,8
33389,52,46,6,6
33390,130,118,12,12
33391,57,51,6,6
33392,128,123,5,5
33393,106,99,7,7
33394,65,58,7,7
33395,75,83,-8,8
33396,153,161,-8,8
33397,42,44,-2,2
33398,70,68,2,2
33399,157,153,4,4
33400,153,148,5,5
33401,93,88,5,5
33402,85,79,6,6
33403,70,85,-15,15
33404,84,88,-4,4
33405,61,62,-1,1
33406,80,81,-1,1
33407,60,58,2,2
33408,60,63,-3,3
33409,122,123,-1,1
33410,87,88,-1,1
33411,207,164,43,43
33412,102,103,-1,1
33413,52,59,-7,7
33414,75,80,-5,5
33415,62,64,-2,2
33416,82,91,-9,9
33417,144,125,19,19
33418,130,134,-4,4
33419,90,79,11,11
33420,71,74,-3,3
33421,77,73,4,4
33422,72,69,3,3
33423,46,47,-1,1
33424,55,67,-12,12
33425,64,91,-27,27
33426,73,70,3,3
33427,76,81,-5,5
33428,100,100,0,0
33429,108,98,10,10
33430,130,121,9,9
33431,136,133,3,3
33432,89,85,4,4
33433,79,88,-9,9
33434,110,101,9,9
33435,125,133,-8,8
33436,79,88,-9,9
33437,32,31,1,1
33438,97,125,-28,28
33439,135,131,4,4
33440,93,93,0,0
33441,111,111,0,0
33442,87,99,-12,12
33443,131,117,14,14
33444,72,66,6,6
33445,72,83,-11,11
33446,192,164,28,28
33447,129,118,11,11
33448,102,98,4,4
33449,86,78,8,8
33450,134,124,10,10
33451,157,154,3,3
33452,75,77,-2,2
33453,93,92,1,1
33454,96,94,2,2
33455,105,102,3,3
33456,110,109,1,1
33457,137,130,7,7
33458,194,190,4,4
33459,82,81,1,1
33460,102,116,-14,14
33461,92,92,0,0
33462,119,99,20,20
33463,113,111,2,2
33464,85,87,-2,2
33465,66,70,-4,4
33466,145,144,1,1
33467,112,113,-1,1
33468,133,135,-2,2
33469,113,107,6,6
33470,175,148,27,27
33471,113,121,-8,8
33472,59,60,-1,1
33473,97,100,-3,3
33474,74,76,-2,2
33475,53,54,-1,1
33476,108,111,-3,3
33477,133,124,9,9
33478,46,46,0,0
33479,135,120,15,15
33480,111,104,7,7
33481,117,110,7,7
33482,69,70,-1,1
33483,175,159,16,16
33484,83,79,4,4
33485,80,84,-4,4
33486,95,104,-9,9
33487,80,82,-2,2
33488,71,72,-1,1
33489,61,59,2,2
33490,83,85,-2,2
33491,168,157,11,11
33492,78,76,2,2
33493,79,86,-7,7
33494,112,119,-7,7
33495,73,73,0,0
33496,71,85,-14,14
33497,86,85,1,1
33498,105,115,-10,10
33499,103,94,9,9
33500,81,81,0,0
33501,70,71,-1,1
33502,107,99,8,8
33503,150,151,-1,1
33504,70,63,7,7
33505,80,86,-6,6
33506,48,58,-10,10
33507,100,112,-12,12
33508,52,63,-11,11
33509,97,95,2,2
33510,172,167,5,5
33511,28,36,-8,8
33512,42,74,-32,32
33513,120,119,1,1
33514,60,66,-6,6
33515,118,106,12,12
33516,175,162,13,13
33517,69,70,-1,1
33518,50,54,-4,4
33519,90,89,1,1
33520,109,113,-4,4
33521,63,75,-12,12
33522,63,67,-4,4
33523,54,53,1,1
33524,115,119,-4,4
33525,61,61,0,0
33526,91,91,0,0
33527,76,91,-15,15
33528,72,81,-9,9
33529,64,68,-4,4
33530,47,46,1,1
33531,67,62,5,5
33532,111,111,0,0
33533,102,135,-33,33
33534,68,65,3,3
33535,101,84,17,17
33536,154,136,18,18
33537,71,72,-1,1
33538,77,75,2,2
33539,74,74,0,0
33540,95,99,-4,4
33541,98,99,-1,1
33542,87,84,3,3
33543,134,135,-1,1
33544,118,117,1,1
33545,146,139,7,7
33546,82,92,-10,10
33547,85,74,11,11
33548,68,91,-23,23
33549,62,63,-1,1
33550,79,69,10,10
33551,33,39,-6,6
33552,130,120,10,10
33553,88,71,17,17
33554,132,133,-1,1
33555,69,74,-5,5
33556,98,88,10,10
33557,113,97,16,16
33558,84,84,0,0
33559,78,75,3,3
33560,121,117,4,4
33561,69,70,-1,1
33562,70,86,-16,16
33563,89,94,-5,5
33564,97,97,0,0
33565,89,88,1,1
33566,128,123,5,5
33567,149,142,7,7
33568,115,107,8,8
33569,68,74,-6,6
33570,44,46,-2,2
33571,36,42,-6,6
33572,64,82,-18,18
33573,75,67,8,8
33574,85,86,-1,1
33575,90,89,1,1
33576,98,116,-18,18
33577,110,101,9,9
33578,91,96,-5,5
33579,179,163,16,16
33580,97,83,14,14
33581,65,71,-6,6
33582,111,119,-8,8
33583,191,167,24,24
33584,181,162,19,19
33585,58,64,-6,6
33586,90,77,13,13
33587,101,91,10,10
33588,164,143,21,21
33589,117,109,8,8
33590,84,91,-7,7
33591,112,109,3,3
33592,117,109,8,8
33593,80,80,0,0
33594,150,141,9,9
33595,94,96,-2,2
33596,115,119,-4,4
33597,157,143,14,14
33598,69,71,-2,2
33599,61,61,0,0
33600,97,98,-1,1
33601,74,79,-5,5
33602,90,92,-2,2
33603,59,56,3,3
33604,121,111,10,10
33605,102,93,9,9
33606,107,115,-8,8
33607,102,112,-10,10
33608,256,272,-16,16
33609,75,78,-3,3
33610,80,79,1,1
33611,67,71,-4,4
33612,122,118,4,4
33613,65,61,4,4
33614,74,81,-7,7
33615,86,86,0,0
33616,206,195,11,11
33617,139,147,-8,8
33618,76,78,-2,2
33619,186,175,11,11
33620,111,113,-2,2
33621,80,75,5,5
33622,148,146,2,2
33623,76,81,-5,5
33624,123,143,-20,20
33625,79,94,-15,15
33626,118,111,7,7
33627,51,54,-3,3
33628,88,108,-20,20
33629,157,152,5,5
33630,84,91,-7,7
33631,129,122,7,7
33632,131,120,11,11
33633,74,94,-20,20
33634,93,92,1,1
33635,88,91,-3,3
33636,74,83,-9,9
33637,102,100,2,2
33638,143,138,5,5
33639,67,65,2,2
33640,197,181,16,16
33641,98,87,11,11
33642,117,109,8,8
33643,120,122,-2,2
33644,118,127,-9,9
33645,63,55,8,8
33646,139,139,0,0
33647,144,147,-3,3
33648,96,87,9,9
33649,110,90,20,20
33650,121,120,1,1
33651,68,81,-13,13
33652,84,111,-27,27
33653,118,114,4,4
33654,96,98,-2,2
33655,78,82,-4,4
33656,27,41,-14,14
33657,157,149,8,8
33658,137,131,6,6
33659,107,111,-4,4
33660,95,95,0,0
33661,45,55,-10,10
33662,69,95,-26,26
33663,196,175,21,21
33664,108,92,16,16
33665,88,81,7,7
33666,199,180,19,19
33667,111,115,-4,4
33668,179,163,16,16
33669,157,156,1,1
33670,82,72,10,10
33671,77,74,3,3
33672,56,58,-2,2
33673,63,68,-5,5
33674,196,182,14,14
33675,89,93,-4,4
33676,126,122,4,4
33677,39,42,-3,3
33678,80,88,-8,8
33679,97,94,3,3
33680,85,77,8,8
33681,58,59,-1,1
33682,132,128,4,4
33683,54,67,-13,13
33684,99,94,5,5
33685,91,95,-4,4
33686,75,69,6,6
33687,57,66,-9,9
33688,66,71,-5,5
33689,105,116,-11,11
33690,51,53,-2,2
33691,134,125,9,9
33692,27,35,-8,8
33693,71,63,8,8
33694,65,63,2,2
33695,112,88,24,24
33696,100,109,-9,9
33697,56,61,-5,5
33698,74,74,0,0
33699,137,132,5,5
33700,96,99,-3,3
33701,113,126,-13,13
33702,56,57,-1,1
33703,91,94,-3,3
33704,179,176,3,3
33705,54,52,2,2
33706,90,91,-1,1
33707,92,91,1,1
33708,87,84,3,3
33709,122,114,8,8
33710,150,139,11,11
33711,90,86,4,4
33712,98,96,2,2
33713,59,63,-4,4
33714,122,122,0,0
33715,150,152,-2,2
33716,74,72,2,2
33717,65,69,-4,4
33718,53,60,-7,7
33719,93,91,2,2
33720,108,100,8,8
33721,70,79,-9,9
33722,135,133,2,2
33723,87,93,-6,6
33724,65,75,-10,10
33725,55,47,8,8
33726,40,46,-6,6
33727,88,84,4,4
33728,168,154,14,14
33729,37,37,0,0
33730,80,69,11,11
33731,92,82,10,10
33732,157,144,13,13
33733,121,126,-5,5
33734,119,123,-4,4
33735,131,110,21,21
33736,112,107,5,5
33737,71,84,-13,13
33738,73,75,-2,2
33739,99,94,5,5
33740,81,72,9,9
33741,70,70,0,0
33742,91,87,4,4
33743,63,62,1,1
33744,65,63,2,2
33745,92,100,-8,8
33746,83,80,3,3
33747,62,68,-6,6
33748,137,135,2,2
33749,194,176,18,18
33750,104,97,7,7
33751,136,134,2,2
33752,149,149,0,0
33753,109,110,-1,1
33754,70,67,3,3
33755,121,115,6,6
33756,73,74,-1,1
33757,97,90,7,7
33758,105,101,4,4
33759,131,127,4,4
33760,118,113,5,5
33761,97,95,2,2
33762,49,52,-3,3
33763,110,110,0,0
33764,87,88,-1,1
33765,107,109,-2,2
33766,72,68,4,4
33767,173,170,3,3
33768,117,120,-3,3
33769,91,96,-5,5
33770,93,78,15,15
33771,34,32,2,2
33772,75,70,5,5
33773,110,115,-5,5
33774,76,85,-9,9
33775,122,162,-40,40
33776,94,97,-3,3
33777,60,62,-2,2
33778,96,99,-3,3
33779,92,93,-1,1
33780,155,143,12,12
33781,116,109,7,7
33782,113,113,0,0
33783,70,62,8,8
33784,127,132,-5,5
33785,104,109,-5,5
33786,103,107,-4,4
33787,66,58,8,8
33788,58,60,-2,2
33789,47,60,-13,13
33790,124,126,-2,2
33791,47,46,1,1
33792,134,123,11,11
33793,126,116,10,10
33794,133,137,-4,4
33795,101,103,-2,2
33796,48,49,-1,1
33797,69,77,-8,8
33798,62,59,3,3
33799,112,101,11,11
33800,124,131,-7,7
33801,68,67,1,1
33802,70,66,4,4
33803,98,99,-1,1
33804,61,75,-14,14
33805,98,108,-10,10
33806,128,117,11,11
33807,112,110,2,2
33808,62,65,-3,3
33809,106,97,9,9
33810,90,81,9,9
33811,57,59,-2,2
33812,127,128,-1,1
33813,83,81,2,2
33814,123,121,2,2
33815,99,95,4,4
33816,114,118,-4,4
33817,124,129,-5,5
33818,63,66,-3,3
33819,169,161,8,8
33820,86,87,-1,1
33821,97,98,-1,1
33822,95,84,11,11
33823,97,97,0,0
33824,120,112,8,8
33825,100,94,6,6
33826,127,135,-8,8
33827,65,67,-2,2
33828,74,74,0,0
33829,146,143,3,3
33830,93,94,-1,1
33831,76,70,6,6
33832,127,121,6,6
33833,61,60,1,1
33834,81,85,-4,4
33835,132,107,25,25
33836,69,61,8,8
33837,56,68,-12,12
33838,103,97,6,6
33839,110,118,-8,8
33840,102,101,1,1
33841,74,69,5,5
33842,111,114,-3,3
33843,74,76,-2,2
33844,58,60,-2,2
33845,96,103,-7,7
33846,67,70,-3,3
33847,57,58,-1,1
33848,104,95,9,9
33849,60,69,-9,9
33850,50,56,-6,6
33851,120,119,1,1
33852,73,70,3,3
33853,45,47,-2,2
33854,95,98,-3,3
33855,125,132,-7,7
33856,106,111,-5,5
33857,80,73,7,7
33858,138,134,4,4
33859,105,109,-4,4
33860,100,111,-11,11
33861,89,86,3,3
33862,161,142,19,19
33863,115,122,-7,7
33864,109,102,7,7
33865,120,117,3,3
33866,64,63,1,1
33867,85,85,0,0
33868,139,135,4,4
33869,56,62,-6,6
33870,100,99,1,1
33871,61,63,-2,2
33872,87,94,-7,7
33873,78,72,6,6
33874,135,125,10,10
33875,149,148,1,1
33876,123,117,6,6
33877,114,98,16,16
33878,106,114,-8,8
33879,121,110,11,11
33880,103,118,-15,15
33881,133,135,-2,2
33882,83,81,2,2
33883,90,85,5,5
33884,43,44,-1,1
33885,195,182,13,13
33886,82,75,7,7
33887,121,119,2,2
33888,77,78,-1,1
33889,80,85,-5,5
33890,56,59,-3,3
33891,70,63,7,7
33892,57,57,0,0
33893,98,100,-2,2
33894,85,88,-3,3
33895,102,100,2,2
33896,114,101,13,13
33897,153,149,4,4
33898,61,57,4,4
33899,99,99,0,0
33900,77,73,4,4
33901,89,72,17,17
33902,79,76,3,3
33903,108,115,-7,7
33904,102,86,16,16
33905,54,57,-3,3
33906,101,94,7,7
33907,131,126,5,5
33908,56,62,-6,6
33909,110,107,3,3
33910,78,75,3,3
33911,153,141,12,12
33912,73,78,-5,5
33913,105,98,7,7
33914,57,66,-9,9
33915,95,110,-15,15
33916,56,64,-8,8
33917,107,99,8,8
33918,62,79,-17,17
33919,157,151,6,6
33920,94,88,6,6
33921,84,72,12,12
33922,131,130,1,1
33923,75,74,1,1
33924,122,120,2,2
33925,114,125,-11,11
33926,61,57,4,4
33927,137,141,-4,4
33928,72,70,2,2
33929,115,100,15,15
33930,49,84,-35,35
33931,98,91,7,7
33932,114,118,-4,4
33933,79,76,3,3
33934,75,69,6,6
33935,111,93,18,18
33936,84,84,0,0
33937,61,63,-2,2
33938,70,76,-6,6
33939,103,110,-7,7
33940,119,110,9,9
33941,62,61,1,1
33942,94,83,11,11
33943,161,148,13,13
33944,253,226,27,27
33945,112,117,-5,5
33946,63,74,-11,11
33947,90,85,5,5
33948,124,122,2,2
33949,85,74,11,11
33950,167,166,1,1
33951,115,100,15,15
33952,113,101,12,12
33953,95,95,0,0
33954,93,93,0,0
33955,138,125,13,13
33956,74,76,-2,2
33957,52,54,-2,2
33958,104,98,6,6
33959,143,141,2,2
33960,74,83,-9,9
33961,69,69,0,0
33962,133,134,-1,1
33963,82,85,-3,3
33964,98,91,7,7
33965,77,73,4,4
33966,142,140,2,2
33967,84,88,-4,4
33968,95,107,-12,12
33969,83,77,6,6
33970,114,102,12,12
33971,53,75,-22,22
33972,91,86,5,5
33973,122,123,-1,1
33974,89,113,-24,24
33975,81,86,-5,5
33976,110,114,-4,4
33977,96,91,5,5
33978,119,115,4,4
33979,80,85,-5,5
33980,108,99,9,9
33981,71,67,4,4
33982,80,77,3,3
33983,157,161,-4,4
33984,85,73,12,12
33985,47,59,-12,12
33986,68,62,6,6
33987,86,73,13,13
33988,71,72,-1,1
33989,64,62,2,2
33990,65,69,-4,4
33991,155,162,-7,7
33992,108,117,-9,9
33993,188,173,15,15
33994,109,109,0,0
33995,64,66,-2,2
33996,120,138,-18,18
33997,72,71,1,1
33998,55,56,-1,1
33999,69,66,3,3
34000,186,174,12,12
34001,96,113,-17,17
34002,77,82,-5,5
34003,83,86,-3,3
34004,79,74,5,5
34005,55,66,-11,11
34006,155,146,9,9
34007,91,93,-2,2
34008,48,58,-10,10
34009,122,121,1,1
34010,75,89,-14,14
34011,109,115,-6,6
34012,110,111,-1,1
34013,79,76,3,3
34014,69,68,1,1
34015,78,85,-7,7
34016,129,132,-3,3
34017,131,128,3,3
34018,45,49,-4,4
34019,96,93,3,3
34020,105,123,-18,18
34021,128,132,-4,4
34022,139,137,2,2
34023,116,108,8,8
34024,81,80,1,1
34025,77,80,-3,3
34026,100,98,2,2
34027,68,67,1,1
34028,70,77,-7,7
34029,222,239,-17,17
34030,22,28,-6,6
34031,121,119,2,2
34032,67,70,-3,3
34033,87,80,7,7
34034,58,59,-1,1
34035,69,78,-9,9
34036,71,79,-8,8
34037,54,69,-15,15
34038,60,59,1,1
34039,87,88,-1,1
34040,101,96,5,5
34041,61,61,0,0
34042,141,129,12,12
34043,121,131,-10,10
34044,102,91,11,11
34045,78,80,-2,2
34046,96,113,-17,17
34047,56,56,0,0
34048,101,89,12,12
34049,64,67,-3,3
34050,55,65,-10,10
34051,89,78,11,11
34052,84,74,10,10
34053,90,89,1,1
34054,166,152,14,14
34055,85,111,-26,26
34056,94,93,1,1
34057,130,138,-8,8
34058,146,152,-6,6
34059,77,93,-16,16
34060,97,88,9,9
34061,102,97,5,5
34062,150,154,-4,4
34063,104,103,1,1
34064,90,91,-1,1
34065,70,69,1,1
34066,45,45,0,0
34067,76,68,8,8
34068,90,110,-20,20
34069,63,57,6,6
34070,123,128,-5,5
34071,91,78,13,13
34072,102,87,15,15
34073,120,115,5,5
34074,48,69,-21,21
34075,42,49,-7,7
34076,85,85,0,0
34077,67,64,3,3
34078,73,62,11,11
34079,67,65,2,2
34080,87,89,-2,2
34081,172,152,20,20
34082,128,134,-6,6
34083,116,120,-4,4
34084,102,94,8,8
34085,134,136,-2,2
34086,94,102,-8,8
34087,55,55,0,0
34088,175,177,-2,2
34089,71,72,-1,1
34090,53,60,-7,7
34091,92,99,-7,7
34092,111,109,2,2
34093,120,123,-3,3
34094,107,119,-12,12
34095,48,43,5,5
34096,85,78,7,7
34097,122,141,-19,19
34098,90,97,-7,7
34099,70,68,2,2
34100,63,64,-1,1
34101,110,108,2,2
34102,56,59,-3,3
34103,96,102,-6,6
34104,79,79,0,0
34105,56,55,1,1
34106,115,102,13,13
34107,60,67,-7,7
34108,59,64,-5,5
34109,74,71,3,3
34110,110,117,-7,7
34111,99,111,-12,12
34112,106,104,2,2
34113,62,55,7,7
34114,93,96,-3,3
34115,59,57,2,2
34116,88,81,7,7
34117,75,87,-12,12
34118,78,70,8,8
34119,67,68,-1,1
34120,118,111,7,7
34121,66,63,3,3
34122,69,71,-2,2
34123,110,101,9,9
34124,102,103,-1,1
34125,127,128,-1,1
34126,99,101,-2,2
34127,127,129,-2,2
34128,97,85,12,12
34129,52,47,5,5
34130,56,61,-5,5
34131,64,62,2,2
34132,111,106,5,5
34133,114,115,-1,1
34134,162,149,13,13
34135,56,67,-11,11
34136,35,38,-3,3
34137,83,84,-1,1
34138,151,152,-1,1
34139,77,78,-1,1
34140,65,73,-8,8
34141,67,68,-1,1
34142,81,77,4,4
34143,56,55,1,1
34144,67,68,-1,1
34145,59,58,1,1
34146,142,125,17,17
34147,79,80,-1,1
34148,104,108,-4,4
34149,68,69,-1,1
34150,67,74,-7,7
34151,56,58,-2,2
34152,66,64,2,2
34153,31,35,-4,4
34154,121,113,8,8
34155,115,113,2,2
34156,68,67,1,1
34157,103,109,-6,6
34158,71,69,2,2
34159,115,121,-6,6
34160,122,113,9,9
34161,99,93,6,6
34162,112,111,1,1
34163,215,224,-9,9
34164,68,75,-7,7
34165,84,80,4,4
34166,82,85,-3,3
34167,82,82,0,0
34168,95,89,6,6
34169,80,83,-3,3
34170,121,113,8,8
34171,103,96,7,7
34172,74,78,-4,4
34173,59,59,0,0
34174,106,100,6,6
34175,62,56,6,6
34176,49,49,0,0
34177,62,64,-2,2
34178,151,146,5,5
34179,178,156,22,22
34180,96,96,0,0
34181,91,92,-1,1
34182,74,72,2,2
34183,78,86,-8,8
34184,95,118,-23,23
34185,109,110,-1,1
34186,59,57,2,2
34187,64,59,5,5
34188,122,110,12,12
34189,106,109,-3,3
34190,137,132,5,5
34191,79,75,4,4
34192,45,51,-6,6
34193,96,91,5,5
34194,53,53,0,0
34195,121,112,9,9
34196,138,141,-3,3
34197,107,99,8,8
34198,90,88,2,2
34199,83,88,-5,5
34200,65,65,0,0
34201,68,75,-7,7
34202,50,52,-2,2
34203,44,67,-23,23
34204,78,84,-6,6
34205,74,73,1,1
34206,67,67,0,0
34207,116,109,7,7
34208,50,47,3,3
34209,100,94,6,6
34210,52,55,-3,3
34211,70,64,6,6
34212,92,93,-1,1
34213,130,122,8,8
34214,139,144,-5,5
34215,96,85,11,11
34216,98,93,5,5
34217,49,52,-3,3
34218,90,82,8,8
34219,103,113,-10,10
34220,39,47,-8,8
34221,172,146,26,26
34222,104,97,7,7
34223,63,66,-3,3
34224,78,75,3,3
34225,65,69,-4,4
34226,58,56,2,2
34227,140,143,-3,3
34228,95,109,-14,14
34229,77,70,7,7
34230,122,112,10,10
34231,63,54,9,9
34232,26,35,-9,9
34233,78,80,-2,2
34234,60,63,-3,3
34235,80,78,2,2
34236,96,98,-2,2
34237,62,63,-1,1
34238,77,81,-4,4
34239,101,93,8,8
34240,103,108,-5,5
34241,87,95,-8,8
34242,132,134,-2,2
34243,223,195,28,28
34244,117,112,5,5
34245,151,142,9,9
34246,87,95,-8,8
34247,103,100,3,3
34248,59,67,-8,8
34249,150,129,21,21
34250,100,91,9,9
34251,92,81,11,11
34252,65,78,-13,13
34253,72,65,7,7
34254,48,46,2,2
34255,114,110,4,4
34256,63,58,5,5
34257,139,134,5,5
34258,86,85,1,1
34259,96,83,13,13
34260,80,78,2,2
34261,126,116,10,10
34262,112,111,1,1
34263,99,112,-13,13
34264,83,77,6,6
34265,62,61,1,1
34266,53,69,-16,16
34267,40,42,-2,2
34268,103,101,2,2
34269,87,92,-5,5
34270,66,69,-3,3
34271,116,108,8,8
34272,107,97,10,10
34273,121,121,0,0
34274,114,99,15,15
34275,111,112,-1,1
34276,105,109,-4,4
34277,103,106,-3,3
34278,106,92,14,14
34279,126,121,5,5
34280,104,98,6,6
34281,77,75,2,2
34282,114,117,-3,3
34283,77,76,1,1
34284,83,85,-2,2
34285,78,83,-5,5
34286,81,85,-4,4
34287,64,66,-2,2
34288,134,130,4,4
34289,78,79,-1,1
34290,137,131,6,6
34291,80,80,0,0
34292,145,132,13,13
34293,103,110,-7,7
34294,101,94,7,7
34295,87,78,9,9
34296,83,85,-2,2
34297,98,88,10,10
34298,133,134,-1,1
34299,114,115,-1,1
34300,119,109,10,10
34301,94,92,2,2
34302,85,91,-6,6
34303,162,161,1,1
34304,85,68,17,17
34305,62,60,2,2
34306,83,78,5,5
34307,99,94,5,5
34308,79,85,-6,6
34309,95,97,-2,2
34310,140,141,-1,1
34311,165,156,9,9
34312,104,99,5,5
34313,110,126,-16,16
34314,138,179,-41,41
34315,117,131,-14,14
34316,120,116,4,4
34317,67,78,-11,11
34318,82,77,5,5
34319,110,102,8,8
34320,110,108,2,2
34321,63,70,-7,7
34322,54,56,-2,2
34323,128,130,-2,2
34324,90,84,6,6
34325,99,101,-2,2
34326,121,144,-23,23
34327,47,57,-10,10
34328,88,84,4,4
34329,96,87,9,9
34330,83,108,-25,25
34331,91,80,11,11
34332,100,100,0,0
34333,68,72,-4,4
34334,44,48,-4,4
34335,94,90,4,4
34336,48,53,-5,5
34337,63,61,2,2
34338,114,112,2,2
34339,88,79,9,9
34340,105,98,7,7
34341,67,72,-5,5
34342,61,52,9,9
34343,120,119,1,1
34344,111,101,10,10
34345,102,93,9,9
34346,111,104,7,7
34347,48,49,-1,1
34348,102,110,-8,8
34349,101,100,1,1
34350,88,94,-6,6
34351,58,63,-5,5
34352,64,65,-1,1
34353,65,68,-3,3
34354,156,149,7,7
34355,84,84,0,0
34356,169,149,20,20
34357,130,114,16,16
34358,51,61,-10,10
34359,60,60,0,0
34360,109,96,13,13
34361,107,111,-4,4
34362,133,145,-12,12
34363,73,69,4,4
34364,117,117,0,0
34365,105,108,-3,3
34366,118,138,-20,20
34367,107,109,-2,2
34368,89,85,4,4
34369,130,124,6,6
34370,107,114,-7,7
34371,86,87,-1,1
34372,87,92,-5,5
34373,166,155,11,11
34374,91,91,0,0
34375,83,73,10,10
34376,90,97,-7,7
34377,60,67,-7,7
34378,73,75,-2,2
34379,133,123,10,10
34380,131,130,1,1
34381,128,154,-26,26
34382,93,88,5,5
34383,48,54,-6,6
34384,126,109,17,17
34385,62,71,-9,9
34386,50,58,-8,8
34387,70,71,-1,1
34388,111,112,-1,1
34389,89,78,11,11
34390,94,97,-3,3
34391,38,48,-10,10
34392,76,89,-13,13
34393,92,91,1,1
34394,66,67,-1,1
34395,84,83,1,1
34396,72,72,0,0
34397,79,79,0,0
34398,78,78,0,0
34399,61,62,-1,1
34400,68,68,0,0
34401,114,108,6,6
34402,84,85,-1,1
34403,51,62,-11,11
34404,96,88,8,8
34405,74,67,7,7
34406,64,72,-8,8
34407,79,80,-1,1
34408,89,82,7,7
34409,150,152,-2,2
34410,137,119,18,18
34411,62,64,-2,2
34412,120,113,7,7
34413,75,59,16,16
34414,63,68,-5,5
34415,144,147,-3,3
34416,83,76,7,7
34417,71,101,-30,30
34418,125,125,0,0
34419,71,72,-1,1
34420,90,95,-5,5
34421,57,56,1,1
34422,68,72,-4,4
34423,117,109,8,8
34424,142,139,3,3
34425,95,89,6,6
34426,91,98,-7,7
34427,86,90,-4,4
34428,119,125,-6,6
34429,71,77,-6,6
34430,97,89,8,8
34431,92,96,-4,4
34432,86,94,-8,8
34433,48,69,-21,21
34434,50,47,3,3
34435,105,139,-34,34
34436,105,110,-5,5
34437,127,111,16,16
34438,108,109,-1,1
34439,71,69,2,2
34440,73,78,-5,5
34441,68,75,-7,7
34442,147,134,13,13
34443,142,146,-4,4
34444,39,46,-7,7
34445,91,78,13,13
34446,79,82,-3,3
34447,84,79,5,5
34448,123,127,-4,4
34449,63,79,-16,16
34450,196,180,16,16
34451,161,162,-1,1
34452,152,128,24,24
34453,144,135,9,9
34454,96,94,2,2
34455,125,126,-1,1
34456,82,78,4,4
34457,128,120,8,8
34458,160,162,-2,2
34459,43,49,-6,6
34460,68,70,-2,2
34461,108,87,21,21
34462,74,72,2,2
34463,52,53,-1,1
34464,107,118,-11,11
34465,64,68,-4,4
34466,89,86,3,3
34467,85,78,7,7
34468,73,77,-4,4
34469,177,184,-7,7
34470,111,106,5,5
34471,67,77,-10,10
34472,76,70,6,6
34473,152,139,13,13
34474,90,93,-3,3
34475,79,78,1,1
34476,99,107,-8,8
34477,78,72,6,6
34478,131,129,2,2
34479,100,90,10,10
34480,74,81,-7,7
34481,99,98,1,1
34482,135,134,1,1
34483,104,110,-6,6
34484,67,64,3,3
34485,102,87,15,15
34486,48,53,-5,5
34487,243,233,10,10
34488,97,94,3,3
34489,112,112,0,0
34490,118,124,-6,6
34491,77,82,-5,5
34492,73,64,9,9
34493,99,99,0,0
34494,60,78,-18,18
34495,155,152,3,3
34496,125,124,1,1
34497,202,176,26,26
34498,82,89,-7,7
34499,100,90,10,10
34500,78,76,2,2
34501,59,67,-8,8
34502,48,56,-8,8
34503,121,123,-2,2
34504,128,123,5,5
34505,96,108,-12,12
34506,133,121,12,12
34507,107,108,-1,1
34508,106,99,7,7
34509,111,129,-18,18
34510,48,69,-21,21
34511,79,83,-4,4
34512,121,111,10,10
34513,147,142,5,5
34514,113,113,0,0
34515,58,60,-2,2
34516,93,83,10,10
34517,109,112,-3,3
34518,85,89,-4,4
34519,69,75,-6,6
34520,70,71,-1,1
34521,81,89,-8,8
34522,47,46,1,1
34523,121,114,7,7
34524,151,134,17,17
34525,80,82,-2,2
34526,60,60,0,0
34527,133,129,4,4
34528,65,69,-4,4
34529,162,154,8,8
34530,73,68,5,5
34531,108,100,8,8
34532,87,84,3,3
34533,101,109,-8,8
34534,90,93,-3,3
34535,130,150,-20,20
34536,133,127,6,6
34537,139,138,1,1
34538,95,107,-12,12
34539,96,93,3,3
34540,66,69,-3,3
34541,69,73,-4,4
34542,69,68,1,1
34543,86,83,3,3
34544,95,93,2,2
34545,91,86,5,5
34546,189,163,26,26
34547,109,110,-1,1
34548,63,63,0,0
34549,156,156,0,0
34550,64,64,0,0
34551,117,112,5,5
34552,55,54,1,1
34553,115,123,-8,8
34554,103,96,7,7
34555,155,145,10,10
34556,78,79,-1,1
34557,159,164,-5,5
34558,73,65,8,8
34559,188,178,10,10
34560,150,152,-2,2
34561,103,96,7,7
34562,80,82,-2,2
34563,92,95,-3,3
34564,121,124,-3,3
34565,113,117,-4,4
34566,106,108,-2,2
34567,72,66,6,6
34568,120,121,-1,1
34569,49,53,-4,4
34570,124,130,-6,6
34571,82,81,1,1
34572,145,159,-14,14
34573,61,58,3,3
34574,108,107,1,1
34575,53,56,-3,3
34576,117,111,6,6
34577,88,90,-2,2
34578,122,96,26,26
34579,56,57,-1,1
34580,161,150,11,11
34581,115,112,3,3
34582,100,97,3,3
34583,149,152,-3,3
34584,126,119,7,7
34585,74,75,-1,1
34586,124,118,6,6
34587,101,99,2,2
34588,83,95,-12,12
34589,105,98,7,7
34590,143,138,5,5
34591,153,146,7,7
34592,54,55,-1,1
34593,52,53,-1,1
34594,87,89,-2,2
34595,63,62,1,1
34596,84,90,-6,6
34597,96,92,4,4
34598,59,64,-5,5
34599,141,133,8,8
34600,121,110,11,11
34601,21,24,-3,3
34602,93,86,7,7
34603,126,130,-4,4
34604,91,92,-1,1
34605,126,122,4,4
34606,79,77,2,2
34607,133,136,-3,3
34608,72,77,-5,5
34609,117,97,20,20
34610,51,59,-8,8
34611,92,92,0,0
34612,78,84,-6,6
34613,70,74,-4,4
34614,77,77,0,0
34615,94,86,8,8
34616,75,77,-2,2
34617,93,96,-3,3
34618,75,67,8,8
34619,149,147,2,2
34620,99,99,0,0
34621,94,110,-16,16
34622,98,91,7,7
34623,68,68,0,0
34624,101,144,-43,43
34625,115,110,5,5
34626,87,81,6,6
34627,100,113,-13,13
34628,80,88,-8,8
34629,133,126,7,7
34630,54,56,-2,2
34631,164,159,5,5
34632,98,97,1,1
34633,75,77,-2,2
34634,77,70,7,7
34635,126,123,3,3
34636,124,118,6,6
34637,89,88,1,1
34638,77,83,-6,6
34639,162,147,15,15
34640,129,115,14,14
34641,126,126,0,0
34642,90,84,6,6
34643,145,142,3,3
34644,59,66,-7,7
34645,79,74,5,5
34646,100,87,13,13
34647,136,132,4,4
34648,53,63,-10,10
34649,109,108,1,1
34650,79,80,-1,1
34651,111,109,2,2
34652,172,141,31,31
34653,142,147,-5,5
34654,81,79,2,2
34655,100,99,1,1
34656,71,68,3,3
34657,37,43,-6,6
34658,91,89,2,2
34659,85,84,1,1
34660,96,97,-1,1
34661,96,95,1,1
34662,72,67,5,5
34663,58,60,-2,2
34664,128,136,-8,8
34665,90,81,9,9
34666,79,77,2,2
34667,57,59,-2,2
34668,164,143,21,21
34669,147,118,29,29
34670,42,50,-8,8
34671,92,107,-15,15
34672,73,76,-3,3
34673,80,80,0,0
34674,82,78,4,4
34675,82,84,-2,2
34676,124,122,2,2
34677,87,95,-8,8
34678,93,93,0,0
34679,151,138,13,13
34680,88,85,3,3
34681,99,90,9,9
34682,104,102,2,2
34683,80,82,-2,2
34684,91,83,8,8
34685,116,135,-19,19
34686,136,126,10,10
34687,76,110,-34,34
34688,125,133,-8,8
34689,99,92,7,7
34690,112,123,-11,11
34691,103,115,-12,12
34692,152,145,7,7
34693,122,117,5,5
34694,74,62,12,12
34695,106,110,-4,4
34696,76,75,1,1
34697,59,63,-4,4
34698,100,121,-21,21
34699,58,61,-3,3
34700,69,74,-5,5
34701,120,129,-9,9
34702,74,75,-1,1
34703,55,57,-2,2
34704,89,88,1,1
34705,79,76,3,3
34706,137,141,-4,4
34707,81,82,-1,1
34708,64,76,-12,12
34709,170,166,4,4
34710,69,70,-1,1
34711,72,68,4,4
34712,73,76,-3,3
34713,66,72,-6,6
34714,114,114,0,0
34715,96,109,-13,13
34716,67,67,0,0
34717,83,81,2,2
34718,72,68,4,4
34719,150,149,1,1
34720,56,52,4,4
34721,66,68,-2,2
34722,53,62,-9,9
34723,169,153,16,16
34724,66,68,-2,2
34725,105,113,-8,8
34726,101,99,2,2
34727,78,82,-4,4
34728,130,129,1,1
34729,140,135,5,5
34730,91,108,-17,17
34731,89,76,13,13
34732,73,74,-1,1
34733,111,110,1,1
34734,111,115,-4,4
34735,154,142,12,12
34736,56,54,2,2
34737,136,126,10,10
34738,101,91,10,10
34739,120,124,-4,4
34740,62,54,8,8
34741,105,109,-4,4
34742,76,74,2,2
34743,161,162,-1,1
34744,88,90,-2,2
34745,51,56,-5,5
34746,108,111,-3,3
34747,101,95,6,6
34748,74,74,0,0
34749,189,167,22,22
34750,46,47,-1,1
34751,58,62,-4,4
34752,100,87,13,13
34753,171,148,23,23
34754,45,47,-2,2
34755,87,71,16,16
34756,57,58,-1,1
34757,137,123,14,14
34758,72,73,-1,1
34759,115,112,3,3
34760,98,94,4,4
34761,58,62,-4,4
34762,87,111,-24,24
34763,79,75,4,4
34764,79,75,4,4
34765,67,65,2,2
34766,32,37,-5,5
34767,76,76,0,0
34768,80,71,9,9
34769,106,90,16,16
34770,54,63,-9,9
34771,75,81,-6,6
34772,149,143,6,6
34773,110,99,11,11
34774,106,109,-3,3
34775,130,131,-1,1
34776,49,51,-2,2
34777,119,123,-4,4
34778,75,79,-4,4
34779,89,89,0,0
34780,63,59,4,4
34781,64,56,8,8
34782,116,115,1,1
34783,79,66,13,13
34784,92,96,-4,4
34785,70,74,-4,4
34786,120,118,2,2
34787,165,159,6,6
34788,187,186,1,1
34789,82,80,2,2
34790,53,65,-12,12
34791,88,84,4,4
34792,75,71,4,4
34793,66,60,6,6
34794,80,80,0,0
34795,113,108,5,5
34796,48,48,0,0
34797,52,50,2,2
34798,169,160,9,9
34799,100,110,-10,10
34800,71,77,-6,6
34801,103,115,-12,12
34802,127,124,3,3
34803,132,128,4,4
34804,136,137,-1,1
34805,67,58,9,9
34806,127,130,-3,3
34807,142,145,-3,3
34808,114,115,-1,1
34809,71,77,-6,6
34810,77,76,1,1
34811,86,97,-11,11
34812,166,147,19,19
34813,116,113,3,3
34814,42,44,-2,2
34815,91,80,11,11
34816,81,76,5,5
34817,109,108,1,1
34818,164,163,1,1
34819,119,122,-3,3
34820,79,73,6,6
34821,122,118,4,4
34822,67,70,-3,3
34823,96,93,3,3
34824,81,77,4,4
34825,110,81,29,29
34826,142,139,3,3
34827,30,42,-12,12
34828,102,116,-14,14
34829,128,117,11,11
34830,127,134,-7,7
34831,55,88,-33,33
34832,125,156,-31,31
34833,85,91,-6,6
34834,82,82,0,0
34835,99,105,-6,6
34836,142,143,-1,1
34837,99,112,-13,13
34838,96,108,-12,12
34839,87,101,-14,14
34840,76,71,5,5
34841,95,104,-9,9
34842,61,66,-5,5
34843,58,64,-6,6
34844,88,90,-2,2
34845,87,96,-9,9
34846,89,86,3,3
34847,100,95,5,5
34848,87,87,0,0
34849,86,82,4,4
34850,43,54,-11,11
34851,33,36,-3,3
34852,97,95,2,2
34853,130,124,6,6
34854,149,138,11,11
34855,139,126,13,13
34856,71,76,-5,5
34857,53,66,-13,13
34858,69,62,7,7
34859,114,101,13,13
34860,60,69,-9,9
34861,53,58,-5,5
34862,80,78,2,2
34863,75,64,11,11
34864,101,119,-18,18
34865,147,144,3,3
34866,100,90,10,10
34867,112,121,-9,9
34868,61,60,1,1
34869,68,69,-1,1
34870,41,60,-19,19
34871,72,76,-4,4
34872,69,78,-9,9
34873,135,125,10,10
34874,112,115,-3,3
34875,63,65,-2,2
34876,83,81,2,2
34877,74,78,-4,4
34878,85,93,-8,8
34879,91,81,10,10
34880,150,148,2,2
34881,96,93,3,3
34882,61,81,-20,20
34883,51,65,-14,14
34884,61,63,-2,2
34885,143,163,-20,20
34886,64,70,-6,6
34887,59,57,2,2
34888,67,80,-13,13
34889,65,79,-14,14
34890,142,131,11,11
34891,66,67,-1,1
34892,73,80,-7,7
34893,107,108,-1,1
34894,112,97,15,15
34895,104,109,-5,5
34896,46,53,-7,7
34897,83,74,9,9
34898,89,86,3,3
34899,73,66,7,7
34900,59,64,-5,5
34901,59,59,0,0
34902,112,110,2,2
34903,75,77,-2,2
34904,68,74,-6,6
34905,80,88,-8,8
34906,70,77,-7,7
34907,77,80,-3,3
34908,49,53,-4,4
34909,91,88,3,3
34910,65,63,2,2
34911,77,75,2,2
34912,130,119,11,11
34913,77,76,1,1
34914,175,176,-1,1
34915,103,114,-11,11
34916,79,79,0,0
34917,74,69,5,5
34918,98,109,-11,11
34919,111,112,-1,1
34920,105,116,-11,11
34921,106,111,-5,5
34922,43,44,-1,1
34923,91,99,-8,8
34924,88,88,0,0
34925,121,116,5,5
34926,111,103,8,8
34927,65,68,-3,3
34928,63,60,3,3
34929,91,98,-7,7
34930,70,73,-3,3
34931,117,111,6,6
34932,56,64,-8,8
34933,153,152,1,1
34934,135,135,0,0
34935,66,62,4,4
34936,97,101,-4,4
34937,94,97,-3,3
34938,79,80,-1,1
34939,89,81,8,8
34940,117,110,7,7
34941,50,53,-3,3
34942,172,176,-4,4
34943,71,80,-9,9
34944,94,92,2,2
34945,146,150,-4,4
34946,57,58,-1,1
34947,91,91,0,0
34948,44,49,-5,5
34949,124,125,-1,1
34950,117,103,14,14
34951,93,85,8,8
34952,100,108,-8,8
34953,167,154,13,13
34954,97,95,2,2
34955,117,113,4,4
34956,142,134,8,8
34957,62,63,-1,1
34958,99,102,-3,3
34959,83,85,-2,2
34960,61,69,-8,8
34961,80,87,-7,7
34962,85,78,7,7
34963,102,102,0,0
34964,127,135,-8,8
34965,123,128,-5,5
34966,117,117,0,0
34967,102,117,-15,15
34968,100,92,8,8
34969,105,101,4,4
34970,116,100,16,16
34971,104,113,-9,9
34972,70,70,0,0
34973,71,78,-7,7
34974,59,70,-11,11
34975,86,85,1,1
34976,121,101,20,20
34977,104,96,8,8
34978,93,89,4,4
34979,78,80,-2,2
34980,124,118,6,6
34981,83,87,-4,4
34982,126,125,1,1
34983,91,91,0,0
34984,89,107,-18,18
34985,79,76,3,3
34986,110,113,-3,3
34987,80,80,0,0
34988,116,117,-1,1
34989,133,119,14,14
34990,91,113,-22,22
34991,94,86,8,8
34992,160,149,11,11
34993,107,117,-10,10
34994,61,68,-7,7
34995,74,63,11,11
34996,80,81,-1,1
34997,50,53,-3,3
34998,98,100,-2,2
34999,47,48,-1,1
35000,63,83,-20,20
35001,92,96,-4,4
35002,97,93,4,4
35003,101,104,-3,3
35004,48,55,-7,7
35005,114,116,-2,2
35006,106,105,1,1
35007,98,91,7,7
35008,133,132,1,1
35009,98,83,15,15
35010,41,44,-3,3
35011,85,87,-2,2
35012,102,109,-7,7
35013,97,88,9,9
35014,49,56,-7,7
35015,50,59,-9,9
35016,86,92,-6,6
35017,96,109,-13,13
35018,110,106,4,4
35019,95,98,-3,3
35020,89,81,8,8
35021,92,90,2,2
35022,109,109,0,0
35023,75,74,1,1
35024,61,55,6,6
35025,82,93,-11,11
35026,88,91,-3,3
35027,139,138,1,1
35028,67,81,-14,14
35029,106,109,-3,3
35030,108,109,-1,1
35031,80,86,-6,6
35032,78,85,-7,7
35033,87,86,1,1
35034,57,58,-1,1
35035,63,64,-1,1
35036,105,92,13,13
35037,129,113,16,16
35038,65,62,3,3
35039,93,92,1,1
35040,50,46,4,4
35041,30,47,-17,17
35042,81,78,3,3
35043,55,68,-13,13
35044,76,72,4,4
35045,135,124,11,11
35046,55,60,-5,5
35047,140,144,-4,4
35048,92,87,5,5
35049,124,127,-3,3
35050,100,100,0,0
35051,40,39,1,1
35052,50,46,4,4
35053,85,87,-2,2
35054,87,96,-9,9
35055,136,128,8,8
35056,65,69,-4,4
35057,97,75,22,22
35058,80,75,5,5
35059,99,98,1,1
35060,69,71,-2,2
35061,97,100,-3,3
35062,65,65,0,0
35063,67,69,-2,2
35064,108,109,-1,1
35065,105,113,-8,8
35066,98,90,8,8
35067,73,71,2,2
35068,87,86,1,1
35069,80,69,11,11
35070,115,119,-4,4
35071,129,117,12,12
35072,62,64,-2,2
35073,141,133,8,8
35074,165,156,9,9
35075,167,165,2,2
35076,128,114,14,14
35077,163,147,16,16
35078,49,60,-11,11
35079,73,81,-8,8
35080,117,160,-43,43
35081,182,165,17,17
35082,91,83,8,8
35083,73,78,-5,5
35084,130,133,-3,3
35085,92,92,0,0
35086,164,145,19,19
35087,100,116,-16,16
35088,106,113,-7,7
35089,155,161,-6,6
35090,84,83,1,1
35091,115,121,-6,6
35092,74,76,-2,2
35093,62,57,5,5
35094,76,79,-3,3
35095,82,90,-8,8
35096,116,111,5,5
35097,84,84,0,0
35098,61,68,-7,7
35099,155,143,12,12
35100,87,145,-58,58
35101,118,120,-2,2
35102,126,132,-6,6
35103,123,126,-3,3
35104,72,77,-5,5
35105,106,104,2,2
35106,119,113,6,6
35107,79,80,-1,1
35108,70,84,-14,14
35109,129,115,14,14
35110,93,83,10,10
35111,98,86,12,12
35112,164,168,-4,4
35113,110,114,-4,4
35114,108,106,2,2
35115,79,76,3,3
35116,140,146,-6,6
35117,81,88,-7,7
35118,84,94,-10,10
35119,64,60,4,4
35120,101,100,1,1
35121,65,69,-4,4
35122,71,79,-8,8
35123,66,63,3,3
35124,81,81,0,0
35125,82,94,-12,12
35126,101,108,-7,7
35127,95,99,-4,4
35128,95,97,-2,2
35129,177,171,6,6
35130,148,158,-10,10
35131,83,88,-5,5
35132,79,76,3,3
35133,87,84,3,3
35134,120,120,0,0
35135,140,157,-17,17
35136,117,116,1,1
35137,88,87,1,1
35138,79,67,12,12
35139,89,88,1,1
35140,83,78,5,5
35141,79,94,-15,15
35142,118,117,1,1
35143,79,83,-4,4
35144,95,88,7,7
35145,62,63,-1,1
35146,67,71,-4,4
35147,63,66,-3,3
35148,99,85,14,14
35149,164,160,4,4
35150,71,63,8,8
35151,49,50,-1,1
35152,88,87,1,1
35153,93,93,0,0
35154,90,87,3,3
35155,96,82,14,14
35156,91,89,2,2
35157,41,43,-2,2
35158,94,93,1,1
35159,58,59,-1,1
35160,87,89,-2,2
35161,100,93,7,7
35162,117,118,-1,1
35163,106,107,-1,1
35164,65,73,-8,8
35165,126,129,-3,3
35166,92,92,0,0
35167,78,86,-8,8
35168,98,95,3,3
35169,102,120,-18,18
35170,115,101,14,14
35171,93,86,7,7
35172,48,57,-9,9
35173,64,68,-4,4
35174,168,176,-8,8
35175,95,82,13,13
35176,125,123,2,2
35177,128,135,-7,7
35178,137,118,19,19
35179,62,54,8,8
35180,76,80,-4,4
35181,66,65,1,1
35182,50,56,-6,6
35183,98,92,6,6
35184,101,111,-10,10
35185,77,77,0,0
35186,97,97,0,0
35187,116,109,7,7
35188,118,112,6,6
35189,157,159,-2,2
35190,48,53,-5,5
35191,86,88,-2,2
35192,79,93,-14,14
35193,93,86,7,7
35194,58,58,0,0
35195,65,67,-2,2
35196,203,185,18,18
35197,59,60,-1,1
35198,103,97,6,6
35199,35,36,-1,1
35200,95,100,-5,5
35201,89,94,-5,5
35202,122,115,7,7
35203,97,95,2,2
35204,84,83,1,1
35205,146,129,17,17
35206,129,116,13,13
35207,76,83,-7,7
35208,79,78,1,1
35209,92,92,0,0
35210,82,70,12,12
35211,111,108,3,3
35212,88,84,4,4
35213,155,148,7,7
35214,75,67,8,8
35215,109,108,1,1
35216,64,60,4,4
35217,76,70,6,6
35218,114,118,-4,4
35219,84,80,4,4
35220,90,86,4,4
35221,49,52,-3,3
35222,103,109,-6,6
35223,140,137,3,3
35224,64,62,2,2
35225,171,174,-3,3
35226,89,89,0,0
35227,57,64,-7,7
35228,99,78,21,21
35229,62,63,-1,1
35230,191,184,7,7
35231,108,98,10,10
35232,116,115,1,1
35233,157,148,9,9
35234,98,114,-16,16
35235,167,171,-4,4
35236,89,83,6,6
35237,65,68,-3,3
35238,103,100,3,3
35239,107,109,-2,2
35240,66,63,3,3
35241,137,136,1,1
35242,68,63,5,5
35243,64,60,4,4
35244,137,131,6,6
35245,101,100,1,1
35246,120,114,6,6
35247,99,101,-2,2
35248,58,67,-9,9
35249,93,95,-2,2
35250,48,66,-18,18
35251,96,119,-23,23
35252,68,69,-1,1
35253,95,100,-5,5
35254,117,110,7,7
35255,61,69,-8,8
35256,122,126,-4,4
35257,77,88,-11,11
35258,69,75,-6,6
35259,105,96,9,9
35260,126,124,2,2
35261,67,61,6,6
35262,122,121,1,1
35263,96,90,6,6
35264,188,169,19,19
35265,72,62,10,10
35266,122,115,7,7
35267,53,56,-3,3
35268,49,59,-10,10
35269,131,119,12,12
35270,118,102,16,16
35271,68,65,3,3
35272,84,90,-6,6
35273,80,83,-3,3
35274,95,104,-9,9
35275,54,55,-1,1
35276,80,85,-5,5
35277,55,58,-3,3
35278,50,47,3,3
35279,141,141,0,0
35280,118,114,4,4
35281,64,61,3,3
35282,132,121,11,11
35283,81,75,6,6
35284,49,45,4,4
35285,86,83,3,3
35286,107,108,-1,1
35287,123,123,0,0
35288,109,100,9,9
35289,121,118,3,3
35290,89,96,-7,7
35291,57,63,-6,6
35292,123,118,5,5
35293,102,110,-8,8
35294,143,133,10,10
35295,57,58,-1,1
35296,84,81,3,3
35297,73,68,5,5
35298,124,125,-1,1
35299,86,80,6,6
35300,128,124,4,4
35301,146,132,14,14
35302,92,86,6,6
35303,68,79,-11,11
35304,88,90,-2,2
35305,147,147,0,0
35306,134,138,-4,4
35307,91,92,-1,1
35308,137,131,6,6
35309,130,131,-1,1
35310,103,99,4,4
35311,78,89,-11,11
35312,85,79,6,6
35313,57,58,-1,1
35314,159,147,12,12
35315,80,87,-7,7
35316,113,125,-12,12
35317,152,141,11,11
35318,163,154,9,9
35319,137,118,19,19
35320,116,115,1,1
35321,144,138,6,6
35322,61,69,-8,8
35323,158,146,12,12
35324,120,150,-30,30
35325,64,68,-4,4
35326,106,100,6,6
35327,60,67,-7,7
35328,87,94,-7,7
35329,72,61,11,11
35330,92,87,5,5
35331,164,148,16,16
35332,121,130,-9,9
35333,63,66,-3,3
35334,108,109,-1,1
35335,70,63,7,7
35336,66,72,-6,6
35337,81,130,-49,49
35338,84,84,0,0
35339,69,69,0,0
35340,161,161,0,0
35341,73,71,2,2
35342,62,61,1,1
35343,66,68,-2,2
35344,80,84,-4,4
35345,110,127,-17,17
35346,145,130,15,15
35347,32,56,-24,24
35348,62,69,-7,7
35349,191,186,5,5
35350,84,83,1,1
35351,96,89,7,7
35352,87,77,10,10
35353,54,57,-3,3
35354,85,84,1,1
35355,118,104,14,14
35356,52,51,1,1
35357,102,88,14,14
35358,66,67,-1,1
35359,151,153,-2,2
35360,129,142,-13,13
35361,61,56,5,5
35362,102,110,-8,8
35363,88,90,-2,2
35364,61,74,-13,13
35365,77,89,-12,12
35366,79,79,0,0
35367,110,108,2,2
35368,96,91,5,5
35369,74,72,2,2
35370,120,122,-2,2
35371,134,127,7,7
35372,66,65,1,1
35373,61,59,2,2
35374,130,120,10,10
35375,60,66,-6,6
35376,66,68,-2,2
35377,115,113,2,2
35378,99,96,3,3
35379,55,53,2,2
35380,104,92,12,12
35381,104,103,1,1
35382,97,98,-1,1
35383,48,50,-2,2
35384,51,56,-5,5
35385,51,45,6,6
35386,80,80,0,0
35387,57,54,3,3
35388,77,58,19,19
35389,128,120,8,8
35390,141,143,-2,2
35391,77,76,1,1
35392,132,126,6,6
35393,110,111,-1,1
35394,43,38,5,5
35395,110,116,-6,6
35396,85,74,11,11
35397,92,98,-6,6
35398,49,50,-1,1
35399,69,68,1,1
35400,64,63,1,1
35401,82,77,5,5
35402,59,67,-8,8
35403,69,67,2,2
35404,66,69,-3,3
35405,92,85,7,7
35406,101,86,15,15
35407,62,69,-7,7
35408,126,116,10,10
35409,119,119,0,0
35410,117,104,13,13
35411,162,154,8,8
35412,100,98,2,2
35413,107,118,-11,11
35414,49,57,-8,8
35415,75,78,-3,3
35416,85,80,5,5
35417,87,73,14,14
35418,58,55,3,3
35419,86,109,-23,23
35420,54,56,-2,2
35421,149,148,1,1
35422,99,91,8,8
35423,118,117,1,1
35424,88,92,-4,4
35425,128,148,-20,20
35426,121,124,-3,3
35427,62,59,3,3
35428,32,34,-2,2
35429,152,143,9,9
35430,58,55,3,3
35431,77,84,-7,7
35432,127,110,17,17
35433,109,109,0,0
35434,116,114,2,2
35435,83,82,1,1
35436,70,80,-10,10
35437,101,93,8,8
35438,70,68,2,2
35439,117,103,14,14
35440,93,98,-5,5
35441,72,77,-5,5
35442,131,134,-3,3
35443,64,68,-4,4
35444,160,155,5,5
35445,86,76,10,10
35446,84,89,-5,5
35447,56,57,-1,1
35448,94,87,7,7
35449,149,136,13,13
35450,128,119,9,9
35451,97,109,-12,12
35452,178,169,9,9
35453,102,98,4,4
35454,53,54,-1,1
35455,124,115,9,9
35456,79,85,-6,6
35457,136,154,-18,18
35458,71,78,-7,7
35459,54,49,5,5
35460,97,90,7,7
35461,72,77,-5,5
35462,169,152,17,17
35463,80,79,1,1
35464,53,60,-7,7
35465,64,61,3,3
35466,52,57,-5,5
35467,38,48,-10,10
35468,78,76,2,2
35469,160,73,87,87
35470,113,106,7,7
35471,90,94,-4,4
35472,63,65,-2,2
35473,79,81,-2,2
35474,56,58,-2,2
35475,241,238,3,3
35476,68,66,2,2
35477,145,147,-2,2
35478,69,65,4,4
35479,107,107,0,0
35480,79,83,-4,4
35481,123,122,1,1
35482,97,89,8,8
35483,77,75,2,2
35484,66,138,-72,72
35485,83,82,1,1
35486,82,84,-2,2
35487,78,80,-2,2
35488,89,84,5,5
35489,76,66,10,10
35490,61,63,-2,2
35491,116,112,4,4
35492,128,135,-7,7
35493,130,134,-4,4
35494,46,53,-7,7
35495,105,108,-3,3
35496,150,128,22,22
35497,156,158,-2,2
35498,69,69,0,0
35499,89,85,4,4
35500,77,74,3,3
35501,123,126,-3,3
35502,97,92,5,5
35503,87,81,6,6
35504,80,78,2,2
35505,79,81,-2,2
35506,58,61,-3,3
35507,53,54,-1,1
35508,105,111,-6,6
35509,74,80,-6,6
35510,101,109,-8,8
35511,56,56,0,0
35512,115,110,5,5
35513,141,152,-11,11
35514,116,111,5,5
35515,47,50,-3,3
35516,43,43,0,0
35517,80,86,-6,6
35518,91,95,-4,4
35519,75,88,-13,13
35520,114,108,6,6
35521,79,82,-3,3
35522,106,97,9,9
35523,69,60,9,9
35524,87,75,12,12
35525,118,123,-5,5
35526,84,86,-2,2
35527,90,97,-7,7
35528,97,87,10,10
35529,57,59,-2,2
35530,132,131,1,1
35531,90,110,-20,20
35532,108,110,-2,2
35533,132,119,13,13
35534,76,84,-8,8
35535,38,36,2,2
35536,52,51,1,1
35537,68,61,7,7
35538,141,147,-6,6
35539,90,93,-3,3
35540,72,68,4,4
35541,74,71,3,3
35542,89,84,5,5
35543,72,70,2,2
35544,78,61,17,17
35545,67,66,1,1
35546,94,92,2,2
35547,65,66,-1,1
35548,75,73,2,2
35549,76,85,-9,9
35550,78,70,8,8
35551,70,72,-2,2
35552,124,113,11,11
35553,123,115,8,8
35554,185,174,11,11
35555,126,111,15,15
35556,104,102,2,2
35557,79,77,2,2
35558,74,59,15,15
35559,82,82,0,0
35560,47,51,-4,4
35561,40,42,-2,2
35562,102,99,3,3
35563,68,71,-3,3
35564,95,99,-4,4
35565,111,108,3,3
35566,74,77,-3,3
35567,63,70,-7,7
35568,118,116,2,2
35569,181,167,14,14
35570,63,64,-1,1
35571,73,72,1,1
35572,76,81,-5,5
35573,80,77,3,3
35574,99,99,0,0
35575,83,92,-9,9
35576,48,48,0,0
35577,140,126,14,14
35578,101,110,-9,9
35579,76,90,-14,14
35580,84,95,-11,11
35581,95,84,11,11
35582,60,62,-2,2
35583,78,76,2,2
35584,125,125,0,0
35585,90,94,-4,4
35586,99,95,4,4
35587,58,54,4,4
35588,128,129,-1,1
35589,67,67,0,0
35590,96,112,-16,16
35591,96,88,8,8
35592,141,135,6,6
35593,77,83,-6,6
35594,114,99,15,15
35595,86,85,1,1
35596,175,170,5,5
35597,129,127,2,2
35598,50,56,-6,6
35599,70,64,6,6
35600,224,205,19,19
35601,146,142,4,4
35602,81,80,1,1
35603,97,88,9,9
35604,118,125,-7,7
35605,77,69,8,8
35606,73,70,3,3
35607,85,85,0,0
35608,102,98,4,4
35609,130,127,3,3
35610,133,137,-4,4
35611,129,125,4,4
35612,80,77,3,3
35613,93,95,-2,2
35614,91,82,9,9
35615,41,95,-54,54
35616,82,88,-6,6
35617,67,72,-5,5
35618,85,82,3,3
35619,75,80,-5,5
35620,118,124,-6,6
35621,118,99,19,19
35622,79,78,1,1
35623,63,64,-1,1
35624,170,170,0,0
35625,73,76,-3,3
35626,114,91,23,23
35627,154,160,-6,6
35628,54,61,-7,7
35629,115,110,5,5
35630,49,121,-72,72
35631,99,108,-9,9
35632,80,79,1,1
35633,152,154,-2,2
35634,71,70,1,1
35635,118,145,-27,27
35636,106,99,7,7
35637,106,113,-7,7
35638,173,159,14,14
35639,89,94,-5,5
35640,65,67,-2,2
35641,93,90,3,3
35642,109,111,-2,2
35643,126,127,-1,1
35644,143,165,-22,22
35645,127,131,-4,4
35646,114,106,8,8
35647,84,90,-6,6
35648,68,77,-9,9
35649,60,67,-7,7
35650,111,113,-2,2
35651,127,139,-12,12
35652,83,76,7,7
35653,98,96,2,2
35654,83,68,15,15
35655,77,79,-2,2
35656,51,56,-5,5
35657,88,92,-4,4
35658,48,63,-15,15
35659,147,146,1,1
35660,66,77,-11,11
35661,100,94,6,6
35662,76,81,-5,5
35663,59,61,-2,2
35664,116,112,4,4
35665,61,65,-4,4
35666,155,151,4,4
35667,99,103,-4,4
35668,112,111,1,1
35669,70,54,16,16
35670,79,86,-7,7
35671,96,94,2,2
35672,90,95,-5,5
35673,104,96,8,8
35674,99,97,2,2
35675,81,85,-4,4
35676,134,147,-13,13
35677,126,128,-2,2
35678,160,115,45,45
35679,75,72,3,3
35680,104,111,-7,7
35681,150,133,17,17
35682,120,120,0,0
35683,90,92,-2,2
35684,120,111,9,9
35685,142,136,6,6
35686,75,69,6,6
35687,102,88,14,14
35688,162,151,11,11
35689,74,72,2,2
35690,75,73,2,2
35691,99,97,2,2
35692,130,127,3,3
35693,53,49,4,4
35694,127,130,-3,3
35695,103,93,10,10
35696,94,91,3,3
35697,76,83,-7,7
35698,83,87,-4,4
35699,195,176,19,19
35700,58,71,-13,13
35701,51,64,-13,13
35702,153,148,5,5
35703,190,177,13,13
35704,87,87,0,0
35705,96,96,0,0
35706,100,90,10,10
35707,74,74,0,0
35708,67,70,-3,3
35709,124,122,2,2
35710,74,70,4,4
35711,111,97,14,14
35712,93,114,-21,21
35713,107,98,9,9
35714,70,61,9,9
35715,154,152,2,2
35716,125,113,12,12
35717,107,93,14,14
35718,69,85,-16,16
35719,101,109,-8,8
35720,95,85,10,10
35721,96,89,7,7
35722,85,82,3,3
35723,70,94,-24,24
35724,68,64,4,4
35725,61,62,-1,1
35726,155,153,2,2
35727,58,64,-6,6
35728,72,72,0,0
35729,47,50,-3,3
35730,98,100,-2,2
35731,145,129,16,16
35732,52,59,-7,7
35733,120,108,12,12
35734,78,73,5,5
35735,56,57,-1,1
35736,89,93,-4,4
35737,82,83,-1,1
35738,104,108,-4,4
35739,128,140,-12,12
35740,159,137,22,22
35741,79,86,-7,7
35742,109,109,0,0
35743,120,120,0,0
35744,79,94,-15,15
35745,73,62,11,11
35746,64,60,4,4
35747,97,89,8,8
35748,135,113,22,22
35749,81,88,-7,7
35750,91,87,4,4
35751,58,51,7,7
35752,78,69,9,9
35753,77,74,3,3
35754,47,46,1,1
35755,167,156,11,11
35756,65,86,-21,21
35757,152,147,5,5
35758,159,155,4,4
35759,89,108,-19,19
35760,205,195,10,10
35761,108,107,1,1
35762,101,94,7,7
35763,129,131,-2,2
35764,123,121,2,2
35765,90,88,2,2
35766,138,129,9,9
35767,105,94,11,11
35768,93,85,8,8
35769,129,120,9,9
35770,110,95,15,15
35771,86,97,-11,11
35772,72,77,-5,5
35773,122,118,4,4
35774,37,44,-7,7
35775,173,173,0,0
35776,97,85,12,12
35777,45,45,0,0
35778,97,88,9,9
35779,85,92,-7,7
35780,83,88,-5,5
35781,105,96,9,9
35782,138,135,3,3
35783,98,87,11,11
35784,128,119,9,9
35785,94,84,10,10
35786,131,116,15,15
35787,67,73,-6,6
35788,176,171,5,5
35789,116,112,4,4
35790,116,124,-8,8
35791,80,61,19,19
35792,84,79,5,5
35793,69,72,-3,3
35794,165,166,-1,1
35795,55,67,-12,12
35796,123,123,0,0
35797,117,125,-8,8
35798,81,73,8,8
35799,86,81,5,5
35800,185,178,7,7
35801,104,109,-5,5
35802,89,89,0,0
35803,85,78,7,7
35804,156,143,13,13
35805,72,71,1,1
35806,95,79,16,16
35807,86,76,10,10
35808,72,66,6,6
35809,168,148,20,20
35810,42,45,-3,3
35811,93,96,-3,3
35812,103,90,13,13
35813,83,83,0,0
35814,137,133,4,4
35815,117,127,-10,10
35816,77,83,-6,6
35817,79,89,-10,10
35818,121,118,3,3
35819,110,121,-11,11
35820,101,97,4,4
35821,88,95,-7,7
35822,91,89,2,2
35823,166,154,12,12
35824,63,62,1,1
35825,92,92,0,0
35826,138,123,15,15
35827,110,110,0,0
35828,151,148,3,3
35829,121,131,-10,10
35830,73,75,-2,2
35831,77,74,3,3
35832,197,192,5,5
35833,94,77,17,17
35834,67,72,-5,5
35835,147,124,23,23
35836,92,115,-23,23
35837,138,138,0,0
35838,71,82,-11,11
35839,93,89,4,4
35840,115,112,3,3
35841,90,83,7,7
35842,137,129,8,8
35843,136,140,-4,4
35844,63,63,0,0
35845,68,68,0,0
35846,105,97,8,8
35847,61,59,2,2
35848,75,74,1,1
35849,120,121,-1,1
35850,145,147,-2,2
35851,106,108,-2,2
35852,171,159,12,12
35853,87,92,-5,5
35854,112,95,17,17
35855,75,77,-2,2
35856,84,88,-4,4
35857,55,55,0,0
35858,57,60,-3,3
35859,71,67,4,4
35860,150,141,9,9
35861,42,45,-3,3
35862,95,94,1,1
35863,100,103,-3,3
35864,77,70,7,7
35865,134,145,-11,11
35866,100,83,17,17
35867,117,123,-6,6
35868,74,110,-36,36
35869,106,98,8,8
35870,121,118,3,3
35871,115,109,6,6
35872,137,134,3,3
35873,80,80,0,0
35874,81,86,-5,5
35875,50,58,-8,8
35876,60,67,-7,7
35877,143,129,14,14
35878,80,90,-10,10
35879,72,71,1,1
35880,74,73,1,1
35881,125,124,1,1
35882,111,100,11,11
35883,99,96,3,3
35884,72,71,1,1
35885,84,77,7,7
35886,52,52,0,0
35887,54,53,1,1
35888,63,65,-2,2
35889,101,97,4,4
35890,65,58,7,7
35891,74,82,-8,8
35892,141,141,0,0
35893,84,83,1,1
35894,156,137,19,19
35895,105,97,8,8
35896,130,123,7,7
35897,74,76,-2,2
35898,97,110,-13,13
35899,111,114,-3,3
35900,65,70,-5,5
35901,124,120,4,4
35902,80,81,-1,1
35903,93,88,5,5
35904,122,120,2,2
35905,84,93,-9,9
35906,92,96,-4,4
35907,52,73,-21,21
35908,86,92,-6,6
35909,69,73,-4,4
35910,114,110,4,4
35911,68,66,2,2
35912,123,129,-6,6
35913,104,122,-18,18
35914,119,109,10,10
35915,123,102,21,21
35916,99,93,6,6
35917,117,132,-15,15
35918,94,98,-4,4
35919,126,125,1,1
35920,148,136,12,12
35921,112,101,11,11
35922,168,171,-3,3
35923,81,79,2,2
35924,100,95,5,5
35925,78,80,-2,2
35926,109,111,-2,2
35927,120,112,8,8
35928,119,123,-4,4
35929,83,105,-22,22
35930,138,136,2,2
35931,63,67,-4,4
35932,63,55,8,8
35933,88,80,8,8
35934,50,50,0,0
35935,171,164,7,7
35936,111,99,12,12
35937,154,152,2,2
35938,131,116,15,15
35939,110,103,7,7
35940,74,79,-5,5
35941,116,121,-5,5
35942,112,114,-2,2
35943,89,89,0,0
35944,109,115,-6,6
35945,68,68,0,0
35946,77,79,-2,2
35947,69,66,3,3
35948,54,60,-6,6
35949,74,71,3,3
35950,140,138,2,2
35951,92,81,11,11
35952,47,54,-7,7
35953,49,59,-10,10
35954,72,73,-1,1
35955,79,82,-3,3
35956,45,57,-12,12
35957,53,59,-6,6
35958,114,118,-4,4
35959,64,70,-6,6
35960,63,56,7,7
35961,113,102,11,11
35962,103,95,8,8
35963,109,108,1,1
35964,94,93,1,1
35965,65,65,0,0
35966,94,83,11,11
35967,142,143,-1,1
35968,38,43,-5,5
35969,91,101,-10,10
35970,86,80,6,6
35971,150,147,3,3
35972,66,68,-2,2
35973,68,64,4,4
35974,62,59,3,3
35975,53,49,4,4
35976,53,53,0,0
35977,117,114,3,3
35978,89,93,-4,4
35979,96,85,11,11
35980,109,111,-2,2
35981,100,99,1,1
35982,132,124,8,8
35983,125,126,-1,1
35984,47,46,1,1
35985,76,91,-15,15
35986,80,81,-1,1
35987,108,130,-22,22
35988,72,74,-2,2
35989,79,77,2,2
35990,103,101,2,2
35991,93,92,1,1
35992,90,86,4,4
35993,76,75,1,1
35994,88,84,4,4
35995,70,71,-1,1
35996,162,139,23,23
35997,86,80,6,6
35998,62,63,-1,1
35999,78,78,0,0
36000,51,49,2,2
36001,131,112,19,19
36002,81,79,2,2
36003,100,102,-2,2
36004,107,109,-2,2
36005,71,74,-3,3
36006,99,93,6,6
36007,128,119,9,9
36008,102,108,-6,6
36009,111,119,-8,8
36010,114,118,-4,4
36011,145,135,10,10
36012,123,111,12,12
36013,64,65,-1,1
36014,138,133,5,5
36015,120,129,-9,9
36016,96,96,0,0
36017,143,140,3,3
36018,79,79,0,0
36019,139,149,-10,10
36020,124,117,7,7
36021,76,81,-5,5
36022,67,71,-4,4
36023,65,75,-10,10
36024,62,62,0,0
36025,184,179,5,5
36026,102,98,4,4
36027,60,62,-2,2
36028,79,87,-8,8
36029,63,66,-3,3
36030,70,59,11,11
36031,91,98,-7,7
36032,68,72,-4,4
36033,86,90,-4,4
36034,97,111,-14,14
36035,78,84,-6,6
36036,110,96,14,14
36037,94,84,10,10
36038,68,85,-17,17
36039,150,143,7,7
36040,81,74,7,7
36041,58,61,-3,3
36042,48,50,-2,2
36043,76,73,3,3
36044,102,96,6,6
36045,74,76,-2,2
36046,60,61,-1,1
36047,75,83,-8,8
36048,92,88,4,4
36049,62,61,1,1
36050,91,95,-4,4
36051,93,92,1,1
36052,146,148,-2,2
36053,94,88,6,6
36054,88,90,-2,2
36055,124,125,-1,1
36056,92,94,-2,2
36057,87,113,-26,26
36058,113,125,-12,12
36059,99,93,6,6
36060,90,91,-1,1
36061,95,87,8,8
36062,61,61,0,0
36063,139,129,10,10
36064,106,119,-13,13
36065,42,45,-3,3
36066,95,108,-13,13
36067,121,127,-6,6
36068,130,140,-10,10
36069,121,124,-3,3
36070,74,74,0,0
36071,84,84,0,0
36072,70,71,-1,1
36073,73,76,-3,3
36074,116,109,7,7
36075,120,118,2,2
36076,151,144,7,7
36077,80,79,1,1
36078,90,93,-3,3
36079,68,72,-4,4
36080,102,106,-4,4
36081,180,174,6,6
36082,44,77,-33,33
36083,170,163,7,7
36084,99,88,11,11
36085,130,121,9,9
36086,78,109,-31,31
36087,107,108,-1,1
36088,93,100,-7,7
36089,146,145,1,1
36090,97,92,5,5
36091,107,106,1,1
36092,116,113,3,3
36093,81,91,-10,10
36094,84,81,3,3
36095,88,98,-10,10
36096,77,64,13,13
36097,65,65,0,0
36098,158,148,10,10
36099,76,84,-8,8
36100,56,54,2,2
36101,119,123,-4,4
36102,82,78,4,4
36103,52,61,-9,9
36104,44,54,-10,10
36105,122,111,11,11
36106,92,96,-4,4
36107,87,84,3,3
36108,152,154,-2,2
36109,97,95,2,2
36110,127,117,10,10
36111,61,64,-3,3
36112,58,64,-6,6
36113,94,93,1,1
36114,123,121,2,2
36115,141,125,16,16
36116,61,69,-8,8
36117,151,165,-14,14
36118,117,115,2,2
36119,88,87,1,1
36120,71,65,6,6
36121,131,137,-6,6
36122,98,90,8,8
36123,54,60,-6,6
36124,133,121,12,12
36125,68,66,2,2
36126,49,58,-9,9
36127,106,107,-1,1
36128,144,138,6,6
36129,105,109,-4,4
36130,59,53,6,6
36131,65,66,-1,1
36132,136,127,9,9
36133,58,56,2,2
36134,49,53,-4,4
36135,47,48,-1,1
36136,87,86,1,1
36137,81,90,-9,9
36138,110,98,12,12
36139,119,118,1,1
36140,114,111,3,3
36141,77,68,9,9
36142,114,113,1,1
36143,112,112,0,0
36144,86,111,-25,25
36145,91,89,2,2
36146,136,123,13,13
36147,52,48,4,4
36148,85,88,-3,3
36149,97,92,5,5
36150,151,141,10,10
36151,118,111,7,7
36152,156,141,15,15
36153,61,55,6,6
36154,107,108,-1,1
36155,173,171,2,2
36156,86,91,-5,5
36157,74,80,-6,6
36158,90,82,8,8
36159,61,63,-2,2
36160,112,117,-5,5
36161,114,97,17,17
36162,86,92,-6,6
36163,115,117,-2,2
36164,128,128,0,0
36165,62,65,-3,3
36166,81,85,-4,4
36167,102,100,2,2
36168,104,108,-4,4
36169,70,81,-11,11
36170,85,80,5,5
36171,59,61,-2,2
36172,112,108,4,4
36173,141,149,-8,8
36174,103,106,-3,3
36175,89,89,0,0
36176,83,80,3,3
36177,54,52,2,2
36178,70,75,-5,5
36179,75,78,-3,3
36180,124,120,4,4
36181,64,64,0,0
36182,137,126,11,11
36183,112,123,-11,11
36184,60,70,-10,10
36185,103,110,-7,7
36186,76,71,5,5
36187,100,85,15,15
36188,68,70,-2,2
36189,72,80,-8,8
36190,52,55,-3,3
36191,91,91,0,0
36192,57,56,1,1
36193,71,63,8,8
36194,99,100,-1,1
36195,117,132,-15,15
36196,179,167,12,12
36197,109,109,0,0
36198,33,34,-1,1
36199,101,100,1,1
36200,105,98,7,7
36201,88,88,0,0
36202,152,159,-7,7
36203,88,81,7,7
36204,140,132,8,8
36205,123,109,14,14
36206,129,123,6,6
36207,57,59,-2,2
36208,53,51,2,2
36209,65,68,-3,3
36210,72,71,1,1
36211,127,143,-16,16
36212,62,69,-7,7
36213,47,52,-5,5
36214,101,113,-12,12
36215,58,49,9,9
36216,90,95,-5,5
36217,71,71,0,0
36218,148,134,14,14
36219,131,125,6,6
36220,173,175,-2,2
36221,140,129,11,11
36222,88,87,1,1
36223,105,114,-9,9
36224,129,119,10,10
36225,105,97,8,8
36226,113,124,-11,11
36227,83,89,-6,6
36228,58,58,0,0
36229,59,61,-2,2
36230,110,90,20,20
36231,106,111,-5,5
36232,95,95,0,0
36233,101,87,14,14
36234,56,56,0,0
36235,134,138,-4,4
36236,118,114,4,4
36237,114,109,5,5
36238,70,73,-3,3
36239,68,73,-5,5
36240,66,59,7,7
36241,92,84,8,8
36242,113,113,0,0
36243,108,108,0,0
36244,91,97,-6,6
36245,146,151,-5,5
36246,114,114,0,0
36247,103,110,-7,7
36248,108,139,-31,31
36249,60,61,-1,1
36250,62,66,-4,4
36251,102,107,-5,5
36252,110,115,-5,5
36253,194,171,23,23
36254,53,58,-5,5
36255,102,97,5,5
36256,175,156,19,19
36257,66,63,3,3
36258,108,108,0,0
36259,112,109,3,3
36260,154,141,13,13
36261,121,127,-6,6
36262,66,62,4,4
36263,84,80,4,4
36264,72,71,1,1
36265,97,88,9,9
36266,125,121,4,4
36267,53,50,3,3
36268,56,58,-2,2
36269,139,146,-7,7
36270,76,88,-12,12
36271,98,94,4,4
36272,64,69,-5,5
36273,102,97,5,5
36274,63,74,-11,11
36275,125,124,1,1
36276,133,114,19,19
36277,61,60,1,1
36278,57,58,-1,1
36279,87,85,2,2
36280,65,70,-5,5
36281,45,51,-6,6
36282,105,112,-7,7
36283,123,110,13,13
36284,96,85,11,11
36285,146,146,0,0
36286,65,70,-5,5
36287,93,87,6,6
36288,67,67,0,0
36289,112,88,24,24
36290,128,121,7,7
36291,78,80,-2,2
36292,73,73,0,0
36293,89,88,1,1
36294,62,58,4,4
36295,127,133,-6,6
36296,126,116,10,10
36297,80,78,2,2
36298,84,90,-6,6
36299,85,109,-24,24
36300,65,68,-3,3
36301,63,67,-4,4
36302,42,48,-6,6
36303,84,83,1,1
36304,73,72,1,1
36305,50,46,4,4
36306,107,127,-20,20
36307,108,102,6,6
36308,65,71,-6,6
36309,150,127,23,23
36310,101,100,1,1
36311,51,46,5,5
36312,74,70,4,4
36313,79,79,0,0
36314,117,109,8,8
36315,71,87,-16,16
36316,70,74,-4,4
36317,75,70,5,5
36318,38,50,-12,12
36319,104,110,-6,6
36320,97,93,4,4
36321,117,114,3,3
36322,78,75,3,3
36323,58,70,-12,12
36324,133,132,1,1
36325,51,54,-3,3
36326,117,122,-5,5
36327,82,75,7,7
36328,155,141,14,14
36329,102,110,-8,8
36330,137,139,-2,2
36331,85,79,6,6
36332,132,134,-2,2
36333,35,43,-8,8
36334,72,73,-1,1
36335,119,122,-3,3
36336,90,82,8,8
36337,69,70,-1,1
36338,76,84,-8,8
36339,85,89,-4,4
36340,114,103,11,11
36341,84,111,-27,27
36342,78,80,-2,2
36343,55,61,-6,6
36344,102,103,-1,1
36345,163,143,20,20
36346,69,70,-1,1
36347,126,123,3,3
36348,43,39,4,4
36349,61,56,5,5
36350,54,59,-5,5
36351,109,108,1,1
36352,102,118,-16,16
36353,80,82,-2,2
36354,206,184,22,22
36355,51,53,-2,2
36356,89,70,19,19
36357,72,81,-9,9
36358,127,125,2,2
36359,76,82,-6,6
36360,107,100,7,7
36361,71,67,4,4
36362,66,64,2,2
36363,76,71,5,5
36364,184,170,14,14
36365,129,128,1,1
36366,55,59,-4,4
36367,110,113,-3,3
36368,75,79,-4,4
36369,61,68,-7,7
36370,136,129,7,7
36371,103,92,11,11
36372,115,119,-4,4
36373,55,57,-2,2
36374,113,109,4,4
36375,89,80,9,9
36376,121,110,11,11
36377,80,92,-12,12
36378,141,135,6,6
36379,150,165,-15,15
36380,90,83,7,7
36381,73,77,-4,4
36382,137,156,-19,19
36383,107,97,10,10
36384,86,85,1,1
36385,112,116,-4,4
36386,46,56,-10,10
36387,72,77,-5,5
36388,99,108,-9,9
36389,63,63,0,0
36390,126,109,17,17
36391,64,59,5,5
36392,90,102,-12,12
36393,59,63,-4,4
36394,66,56,10,10
36395,114,95,19,19
36396,102,96,6,6
36397,77,79,-2,2
36398,90,75,15,15
36399,68,66,2,2
36400,78,72,6,6
36401,71,72,-1,1
36402,49,52,-3,3
36403,83,85,-2,2
36404,112,125,-13,13
36405,102,112,-10,10
36406,134,114,20,20
36407,57,59,-2,2
36408,71,73,-2,2
36409,163,160,3,3
36410,130,121,9,9
36411,123,132,-9,9
36412,117,118,-1,1
36413,78,76,2,2
36414,39,43,-4,4
36415,49,54,-5,5
36416,57,58,-1,1
36417,51,58,-7,7
36418,123,111,12,12
36419,92,93,-1,1
36420,93,95,-2,2
36421,77,76,1,1
36422,197,159,38,38
36423,112,115,-3,3
36424,63,69,-6,6
36425,83,89,-6,6
36426,68,84,-16,16
36427,105,99,6,6
36428,62,69,-7,7
36429,71,66,5,5
36430,91,88,3,3
36431,85,82,3,3
36432,197,194,3,3
36433,124,117,7,7
36434,119,116,3,3
36435,130,135,-5,5
36436,81,77,4,4
36437,92,95,-3,3
36438,71,72,-1,1
36439,67,64,3,3
36440,99,91,8,8
36441,94,96,-2,2
36442,114,120,-6,6
36443,167,156,11,11
36444,120,110,10,10
36445,125,108,17,17
36446,70,63,7,7
36447,114,109,5,5
36448,95,91,4,4
36449,46,54,-8,8
36450,101,109,-8,8
36451,61,60,1,1
36452,90,98,-8,8
36453,67,136,-69,69
36454,157,145,12,12
36455,79,77,2,2
36456,105,107,-2,2
36457,112,100,12,12
36458,89,93,-4,4
36459,105,108,-3,3
36460,124,114,10,10
36461,65,63,2,2
36462,73,71,2,2
36463,66,68,-2,2
36464,61,66,-5,5
36465,125,137,-12,12
36466,122,131,-9,9
36467,76,74,2,2
36468,90,95,-5,5
36469,176,154,22,22
36470,62,65,-3,3
36471,139,139,0,0
36472,43,43,0,0
36473,67,71,-4,4
36474,50,54,-4,4
36475,66,62,4,4
36476,59,62,-3,3
36477,81,74,7,7
36478,83,74,9,9
36479,92,89,3,3
36480,76,83,-7,7
36481,62,62,0,0
36482,64,79,-15,15
36483,92,100,-8,8
36484,123,119,4,4
36485,84,74,10,10
36486,88,92,-4,4
36487,58,63,-5,5
36488,87,87,0,0
36489,73,75,-2,2
36490,44,54,-10,10
36491,123,123,0,0
36492,76,73,3,3
36493,82,88,-6,6
36494,84,82,2,2
36495,69,72,-3,3
36496,80,82,-2,2
36497,104,105,-1,1
36498,81,79,2,2
36499,79,83,-4,4
36500,90,104,-14,14
36501,105,98,7,7
36502,140,136,4,4
36503,85,85,0,0
36504,96,90,6,6
36505,102,99,3,3
36506,81,78,3,3
36507,117,111,6,6
36508,68,66,2,2
36509,79,82,-3,3
36510,143,133,10,10
36511,66,58,8,8
36512,52,53,-1,1
36513,109,98,11,11
36514,40,52,-12,12
36515,140,127,13,13
36516,115,115,0,0
36517,74,86,-12,12
36518,61,66,-5,5
36519,66,68,-2,2
36520,92,80,12,12
36521,48,73,-25,25
36522,116,114,2,2
36523,141,134,7,7
36524,113,108,5,5
36525,89,80,9,9
36526,139,129,10,10
36527,134,135,-1,1
36528,152,146,6,6
36529,88,86,2,2
36530,93,93,0,0
36531,161,155,6,6
36532,90,94,-4,4
36533,68,62,6,6
36534,148,136,12,12
36535,82,80,2,2
36536,96,89,7,7
36537,171,168,3,3
36538,96,110,-14,14
36539,66,65,1,1
36540,113,109,4,4
36541,78,81,-3,3
36542,82,80,2,2
36543,61,63,-2,2
36544,82,79,3,3
36545,99,110,-11,11
36546,225,187,38,38
36547,81,78,3,3
36548,62,61,1,1
36549,66,68,-2,2
36550,44,48,-4,4
36551,74,86,-12,12
36552,83,80,3,3
36553,109,109,0,0
36554,51,62,-11,11
36555,121,117,4,4
36556,83,72,11,11
36557,81,89,-8,8
36558,53,61,-8,8
36559,73,83,-10,10
36560,109,98,11,11
36561,151,152,-1,1
36562,115,114,1,1
36563,122,113,9,9
36564,116,116,0,0
36565,107,103,4,4
36566,109,105,4,4
36567,72,72,0,0
36568,43,42,1,1
36569,78,73,5,5
36570,127,116,11,11
36571,50,54,-4,4
36572,96,93,3,3
36573,53,57,-4,4
36574,37,40,-3,3
36575,94,85,9,9
36576,56,60,-4,4
36577,27,34,-7,7
36578,38,44,-6,6
36579,109,114,-5,5
36580,109,108,1,1
36581,70,76,-6,6
36582,60,63,-3,3
36583,82,90,-8,8
36584,67,68,-1,1
36585,67,70,-3,3
36586,78,76,2,2
36587,62,73,-11,11
36588,49,57,-8,8
36589,109,101,8,8
36590,88,90,-2,2
36591,81,93,-12,12
36592,82,90,-8,8
36593,90,88,2,2
36594,79,83,-4,4
36595,97,89,8,8
36596,75,81,-6,6
36597,104,97,7,7
36598,84,88,-4,4
36599,146,140,6,6
36600,62,60,2,2
36601,104,113,-9,9
36602,106,101,5,5
36603,92,92,0,0
36604,92,88,4,4
36605,92,95,-3,3
36606,71,74,-3,3
36607,91,94,-3,3
36608,87,83,4,4
36609,79,95,-16,16
36610,86,97,-11,11
36611,128,115,13,13
36612,186,182,4,4
36613,138,128,10,10
36614,89,82,7,7
36615,168,157,11,11
36616,46,51,-5,5
36617,93,93,0,0
36618,72,75,-3,3
36619,110,109,1,1
36620,99,86,13,13
36621,51,49,2,2
36622,93,98,-5,5
36623,99,96,3,3
36624,126,126,0,0
36625,64,69,-5,5
36626,209,196,13,13
36627,102,99,3,3
36628,98,102,-4,4
36629,79,71,8,8
36630,85,90,-5,5
36631,64,67,-3,3
36632,83,78,5,5
36633,121,99,22,22
36634,111,109,2,2
36635,72,70,2,2
36636,97,93,4,4
36637,96,87,9,9
36638,64,69,-5,5
36639,128,121,7,7
36640,34,39,-5,5
36641,124,99,25,25
36642,84,76,8,8
36643,132,128,4,4
36644,55,56,-1,1
36645,118,115,3,3
36646,47,48,-1,1
36647,74,70,4,4
36648,75,71,4,4
36649,93,94,-1,1
36650,171,146,25,25
36651,81,83,-2,2
36652,62,64,-2,2
36653,81,79,2,2
36654,83,77,6,6
36655,65,63,2,2
36656,61,65,-4,4
36657,83,86,-3,3
36658,102,100,2,2
36659,78,76,2,2
36660,85,82,3,3
36661,122,117,5,5
36662,60,62,-2,2
36663,151,156,-5,5
36664,72,77,-5,5
36665,93,95,-2,2
36666,99,97,2,2
36667,95,99,-4,4
36668,105,103,2,2
36669,83,71,12,12
36670,128,135,-7,7
36671,76,105,-29,29
36672,114,103,11,11
36673,125,128,-3,3
36674,88,83,5,5
36675,117,126,-9,9
36676,54,54,0,0
36677,102,99,3,3
36678,60,54,6,6
36679,47,65,-18,18
36680,76,73,3,3
36681,53,55,-2,2
36682,83,89,-6,6
36683,148,155,-7,7
36684,101,95,6,6
36685,126,120,6,6
36686,124,192,-68,68
36687,114,115,-1,1
36688,74,81,-7,7
36689,83,95,-12,12
36690,109,108,1,1
36691,89,96,-7,7
36692,76,80,-4,4
36693,53,58,-5,5
36694,78,76,2,2
36695,60,62,-2,2
36696,136,128,8,8
36697,42,55,-13,13
36698,126,119,7,7
36699,99,110,-11,11
36700,96,98,-2,2
36701,45,49,-4,4
36702,77,70,7,7
36703,167,149,18,18
36704,102,132,-30,30
36705,92,92,0,0
36706,61,62,-1,1
36707,138,131,7,7
36708,117,129,-12,12
36709,127,120,7,7
36710,92,77,15,15
36711,83,85,-2,2
36712,69,68,1,1
36713,189,176,13,13
36714,89,75,14,14
36715,154,153,1,1
36716,78,83,-5,5
36717,92,92,0,0
36718,151,155,-4,4
36719,138,145,-7,7
36720,73,70,3,3
36721,152,150,2,2
36722,122,118,4,4
36723,71,66,5,5
36724,118,118,0,0
36725,93,79,14,14
36726,104,102,2,2
36727,85,80,5,5
36728,91,85,6,6
36729,50,50,0,0
36730,102,91,11,11
36731,120,118,2,2
36732,111,104,7,7
36733,71,76,-5,5
36734,57,53,4,4
36735,161,120,41,41
36736,53,50,3,3
36737,122,139,-17,17
36738,125,126,-1,1
36739,83,81,2,2
36740,74,81,-7,7
36741,78,78,0,0
36742,51,52,-1,1
36743,167,140,27,27
36744,78,80,-2,2
36745,207,189,18,18
36746,120,119,1,1
36747,142,144,-2,2
36748,71,84,-13,13
36749,144,123,21,21
36750,55,53,2,2
36751,75,66,9,9
36752,113,118,-5,5
36753,100,110,-10,10
36754,56,55,1,1
36755,137,124,13,13
36756,92,91,1,1
36757,142,133,9,9
36758,114,112,2,2
36759,47,49,-2,2
36760,61,58,3,3
36761,130,121,9,9
36762,68,74,-6,6
36763,72,83,-11,11
36764,39,42,-3,3
36765,116,123,-7,7
36766,135,127,8,8
36767,121,118,3,3
36768,126,119,7,7
36769,115,130,-15,15
36770,92,89,3,3
36771,137,127,10,10
36772,67,67,0,0
36773,58,52,6,6
36774,74,76,-2,2
36775,66,49,17,17
36776,70,64,6,6
36777,89,109,-20,20
36778,85,92,-7,7
36779,77,76,1,1
36780,54,51,3,3
36781,103,109,-6,6
36782,45,50,-5,5
36783,35,51,-16,16
36784,84,112,-28,28
36785,61,72,-11,11
36786,114,110,4,4
36787,47,52,-5,5
36788,86,84,2,2
36789,92,99,-7,7
36790,61,58,3,3
36791,96,94,2,2
36792,48,49,-1,1
36793,115,126,-11,11
36794,209,191,18,18
36795,89,87,2,2
36796,63,56,7,7
36797,68,71,-3,3
36798,88,98,-10,10
36799,63,74,-11,11
36800,121,133,-12,12
36801,146,161,-15,15
36802,64,61,3,3
36803,75,76,-1,1
36804,118,124,-6,6
36805,121,125,-4,4
36806,87,82,5,5
36807,80,79,1,1
36808,80,84,-4,4
36809,107,98,9,9
36810,137,130,7,7
36811,96,87,9,9
36812,74,74,0,0
36813,90,81,9,9
36814,70,65,5,5
36815,45,51,-6,6
36816,63,57,6,6
36817,122,118,4,4
36818,80,80,0,0
36819,91,93,-2,2
36820,241,219,22,22
36821,49,50,-1,1
36822,115,125,-10,10
36823,136,101,35,35
36824,87,74,13,13
36825,90,105,-15,15
36826,86,83,3,3
36827,126,123,3,3
36828,63,78,-15,15
36829,68,68,0,0
36830,83,73,10,10
36831,101,97,4,4
36832,82,113,-31,31
36833,105,115,-10,10
36834,141,148,-7,7
36835,67,70,-3,3
36836,29,37,-8,8
36837,96,99,-3,3
36838,69,63,6,6
36839,62,68,-6,6
36840,68,73,-5,5
36841,96,85,11,11
36842,122,128,-6,6
36843,109,117,-8,8
36844,83,79,4,4
36845,127,119,8,8
36846,115,130,-15,15
36847,95,91,4,4
36848,64,62,2,2
36849,80,83,-3,3
36850,285,277,8,8
36851,88,85,3,3
36852,154,119,35,35
36853,163,154,9,9
36854,68,113,-45,45
36855,72,80,-8,8
36856,184,182,2,2
36857,87,82,5,5
36858,58,59,-1,1
36859,110,117,-7,7
36860,62,71,-9,9
36861,53,48,5,5
36862,158,159,-1,1
36863,87,105,-18,18
36864,70,78,-8,8
36865,72,73,-1,1
36866,141,123,18,18
36867,94,90,4,4
36868,48,60,-12,12
36869,56,55,1,1
36870,169,156,13,13
36871,81,108,-27,27
36872,71,71,0,0
36873,97,85,12,12
36874,73,78,-5,5
36875,90,94,-4,4
36876,122,117,5,5
36877,68,58,10,10
36878,128,115,13,13
36879,68,69,-1,1
36880,128,129,-1,1
36881,80,79,1,1
36882,76,68,8,8
36883,131,141,-10,10
36884,96,94,2,2
36885,118,128,-10,10
36886,112,101,11,11
36887,174,165,9,9
36888,44,43,1,1
36889,92,94,-2,2
36890,66,69,-3,3
36891,90,91,-1,1
36892,144,136,8,8
36893,110,101,9,9
36894,164,145,19,19
36895,85,78,7,7
36896,87,99,-12,12
36897,126,145,-19,19
36898,70,69,1,1
36899,111,111,0,0
36900,56,54,2,2
36901,50,56,-6,6
36902,93,93,0,0
36903,66,70,-4,4
36904,77,75,2,2
36905,59,58,1,1
36906,95,99,-4,4
36907,79,75,4,4
36908,84,84,0,0
36909,81,76,5,5
36910,118,108,10,10
36911,62,61,1,1
36912,113,116,-3,3
36913,89,80,9,9
36914,109,101,8,8
36915,157,149,8,8
36916,144,159,-15,15
36917,113,103,10,10
36918,136,122,14,14
36919,55,50,5,5
36920,100,127,-27,27
36921,127,113,14,14
36922,137,137,0,0
36923,77,76,1,1
36924,75,74,1,1
36925,96,100,-4,4
36926,183,170,13,13
36927,100,98,2,2
36928,66,60,6,6
36929,87,89,-2,2
36930,76,76,0,0
36931,79,99,-20,20
36932,84,80,4,4
36933,101,96,5,5
36934,110,111,-1,1
36935,97,94,3,3
36936,55,58,-3,3
36937,94,84,10,10
36938,65,66,-1,1
36939,78,78,0,0
36940,69,68,1,1
36941,171,164,7,7
36942,78,77,1,1
36943,58,60,-2,2
36944,79,81,-2,2
36945,90,81,9,9
36946,43,42,1,1
36947,80,95,-15,15
36948,121,128,-7,7
36949,186,169,17,17
36950,87,87,0,0
36951,25,26,-1,1
36952,77,85,-8,8
36953,111,112,-1,1
36954,60,60,0,0
36955,70,73,-3,3
36956,145,133,12,12
36957,83,85,-2,2
36958,87,76,11,11
36959,79,73,6,6
36960,110,112,-2,2
36961,70,65,5,5
36962,157,150,7,7
36963,95,94,1,1
36964,62,67,-5,5
36965,83,82,1,1
36966,64,65,-1,1
36967,240,228,12,12
36968,77,80,-3,3
36969,171,155,16,16
36970,111,112,-1,1
36971,98,89,9,9
36972,60,62,-2,2
36973,94,96,-2,2
36974,117,113,4,4
36975,113,117,-4,4
36976,149,163,-14,14
36977,84,82,2,2
36978,50,55,-5,5
36979,109,121,-12,12
36980,77,89,-12,12
36981,125,122,3,3
36982,74,86,-12,12
36983,80,81,-1,1
36984,70,74,-4,4
36985,79,80,-1,1
36986,125,112,13,13
36987,102,85,17,17
36988,72,71,1,1
36989,99,97,2,2
36990,73,82,-9,9
36991,104,95,9,9
36992,99,92,7,7
36993,97,90,7,7
36994,135,135,0,0
36995,80,85,-5,5
36996,146,145,1,1
36997,59,68,-9,9
36998,95,96,-1,1
36999,159,140,19,19
37000,73,65,8,8
37001,94,93,1,1
37002,159,137,22,22
37003,178,157,21,21
37004,58,57,1,1
37005,88,81,7,7
37006,88,95,-7,7
37007,81,89,-8,8
37008,79,71,8,8
37009,54,56,-2,2
37010,88,82,6,6
37011,75,69,6,6
37012,101,86,15,15
37013,89,81,8,8
37014,51,60,-9,9
37015,121,120,1,1
37016,110,112,-2,2
37017,99,87,12,12
37018,63,66,-3,3
37019,113,116,-3,3
37020,137,139,-2,2
37021,114,123,-9,9
37022,87,88,-1,1
37023,176,151,25,25
37024,136,132,4,4
37025,104,98,6,6
37026,131,122,9,9
37027,100,115,-15,15
37028,110,118,-8,8
37029,54,53,1,1
37030,99,100,-1,1
37031,55,58,-3,3
37032,141,129,12,12
37033,142,139,3,3
37034,125,112,13,13
37035,114,124,-10,10
37036,121,122,-1,1
37037,138,130,8,8
37038,66,77,-11,11
37039,108,107,1,1
37040,137,132,5,5
37041,57,55,2,2
37042,97,98,-1,1
37043,114,108,6,6
37044,124,149,-25,25
37045,66,72,-6,6
37046,51,55,-4,4
37047,162,147,15,15
37048,161,155,6,6
37049,116,110,6,6
37050,111,114,-3,3
37051,143,142,1,1
37052,41,50,-9,9
37053,97,82,15,15
37054,49,54,-5,5
37055,156,150,6,6
37056,48,49,-1,1
37057,82,79,3,3
37058,58,60,-2,2
37059,81,74,7,7
37060,81,81,0,0
37061,68,65,3,3
37062,120,125,-5,5
37063,28,38,-10,10
37064,84,98,-14,14
37065,96,100,-4,4
37066,79,80,-1,1
37067,446,395,51,51
37068,132,133,-1,1
37069,131,126,5,5
37070,60,70,-10,10
37071,78,73,5,5
37072,113,114,-1,1
37073,67,65,2,2
37074,83,81,2,2
37075,77,64,13,13
37076,82,81,1,1
37077,60,60,0,0
37078,112,110,2,2
37079,124,118,6,6
37080,150,136,14,14
37081,87,84,3,3
37082,129,120,9,9
37083,151,145,6,6
37084,36,41,-5,5
37085,100,98,2,2
37086,57,106,-49,49
37087,108,117,-9,9
37088,78,82,-4,4
37089,72,64,8,8
37090,69,84,-15,15
37091,108,112,-4,4
37092,87,82,5,5
37093,51,63,-12,12
37094,48,52,-4,4
37095,98,112,-14,14
37096,31,46,-15,15
37097,140,118,22,22
37098,74,65,9,9
37099,95,107,-12,12
37100,87,82,5,5
37101,120,121,-1,1
37102,83,74,9,9
37103,81,95,-14,14
37104,75,77,-2,2
37105,87,91,-4,4
37106,145,145,0,0
37107,98,92,6,6
37108,52,47,5,5
37109,83,81,2,2
37110,55,72,-17,17
37111,110,118,-8,8
37112,125,134,-9,9
37113,87,76,11,11
37114,101,101,0,0
37115,81,73,8,8
37116,143,137,6,6
37117,218,199,19,19
37118,79,74,5,5
37119,97,87,10,10
37120,58,61,-3,3
37121,116,123,-7,7
37122,76,70,6,6
37123,94,91,3,3
37124,79,90,-11,11
37125,60,59,1,1
37126,103,113,-10,10
37127,51,50,1,1
37128,113,104,9,9
37129,83,97,-14,14
37130,121,122,-1,1
37131,87,76,11,11
37132,152,148,4,4
37133,97,93,4,4
37134,169,165,4,4
37135,73,88,-15,15
37136,141,148,-7,7
37137,88,76,12,12
37138,75,167,-92,92
37139,78,79,-1,1
37140,114,110,4,4
37141,95,82,13,13
37142,100,107,-7,7
37143,94,95,-1,1
37144,62,64,-2,2
37145,75,99,-24,24
37146,91,94,-3,3
37147,155,137,18,18
37148,82,77,5,5
37149,120,121,-1,1
37150,154,145,9,9
37151,45,47,-2,2
37152,69,71,-2,2
37153,70,76,-6,6
37154,129,128,1,1
37155,83,77,6,6
37156,102,95,7,7
37157,34,42,-8,8
37158,84,78,6,6
37159,93,85,8,8
37160,173,157,16,16
37161,81,85,-4,4
37162,112,125,-13,13
37163,141,139,2,2
37164,117,114,3,3
37165,87,96,-9,9
37166,89,106,-17,17
37167,138,144,-6,6
37168,77,82,-5,5
37169,71,72,-1,1
37170,108,114,-6,6
37171,84,79,5,5
37172,90,107,-17,17
37173,156,147,9,9
37174,90,95,-5,5
37175,91,91,0,0
37176,64,65,-1,1
37177,66,67,-1,1
37178,59,50,9,9
37179,124,113,11,11
37180,49,51,-2,2
37181,108,111,-3,3
37182,83,81,2,2
37183,115,101,14,14
37184,59,64,-5,5
37185,51,65,-14,14
37186,90,84,6,6
37187,77,90,-13,13
37188,59,53,6,6
37189,100,97,3,3
37190,138,130,8,8
37191,237,227,10,10
37192,71,73,-2,2
37193,51,50,1,1
37194,160,163,-3,3
37195,162,123,39,39
37196,121,119,2,2
37197,122,115,7,7
37198,64,60,4,4
37199,78,69,9,9
37200,107,134,-27,27
37201,102,109,-7,7
37202,74,83,-9,9
37203,90,99,-9,9
37204,65,58,7,7
37205,85,92,-7,7
37206,88,92,-4,4
37207,95,97,-2,2
37208,92,93,-1,1
37209,148,132,16,16
37210,89,89,0,0
37211,63,63,0,0
37212,98,89,9,9
37213,74,75,-1,1
37214,69,70,-1,1
37215,58,61,-3,3
37216,148,137,11,11
37217,75,78,-3,3
37218,128,129,-1,1
37219,63,77,-14,14
37220,113,96,17,17
37221,88,93,-5,5
37222,68,60,8,8
37223,98,95,3,3
37224,79,82,-3,3
37225,69,73,-4,4
37226,284,263,21,21
37227,76,77,-1,1
37228,98,101,-3,3
37229,73,76,-3,3
37230,135,135,0,0
37231,71,69,2,2
37232,85,80,5,5
37233,58,63,-5,5
37234,110,112,-2,2
37235,63,63,0,0
37236,91,94,-3,3
37237,72,76,-4,4
37238,111,132,-21,21
37239,75,70,5,5
37240,127,123,4,4
37241,157,140,17,17
37242,136,135,1,1
37243,66,65,1,1
37244,53,55,-2,2
37245,76,81,-5,5
37246,76,71,5,5
37247,123,133,-10,10
37248,90,91,-1,1
37249,62,63,-1,1
37250,93,114,-21,21
37251,150,138,12,12
37252,114,116,-2,2
37253,99,85,14,14
37254,85,79,6,6
37255,68,66,2,2
37256,54,54,0,0
37257,64,63,1,1
37258,126,131,-5,5
37259,52,55,-3,3
37260,119,114,5,5
37261,112,111,1,1
37262,257,228,29,29
37263,75,78,-3,3
37264,58,55,3,3
37265,87,86,1,1
37266,50,51,-1,1
37267,79,83,-4,4
37268,142,133,9,9
37269,122,127,-5,5
37270,69,71,-2,2
37271,82,78,4,4
37272,83,86,-3,3
37273,87,82,5,5
37274,132,131,1,1
37275,110,124,-14,14
37276,98,83,15,15
37277,93,91,2,2
37278,112,120,-8,8
37279,101,92,9,9
37280,97,99,-2,2
37281,111,118,-7,7
37282,53,57,-4,4
37283,78,95,-17,17
37284,104,106,-2,2
37285,86,81,5,5
37286,109,108,1,1
37287,136,131,5,5
37288,113,124,-11,11
37289,53,58,-5,5
37290,85,77,8,8
37291,142,132,10,10
37292,141,137,4,4
37293,87,87,0,0
37294,79,78,1,1
37295,171,158,13,13
37296,104,111,-7,7
37297,91,122,-31,31
37298,70,67,3,3
37299,93,95,-2,2
37300,115,117,-2,2
37301,49,60,-11,11
37302,115,102,13,13
37303,85,79,6,6
37304,96,98,-2,2
37305,112,112,0,0
37306,133,136,-3,3
37307,114,113,1,1
37308,78,96,-18,18
37309,158,149,9,9
37310,73,68,5,5
37311,44,48,-4,4
37312,160,160,0,0
37313,114,119,-5,5
37314,163,118,45,45
37315,113,108,5,5
37316,92,96,-4,4
37317,35,37,-2,2
37318,135,129,6,6
37319,113,114,-1,1
37320,105,96,9,9
37321,79,71,8,8
37322,130,116,14,14
37323,129,131,-2,2
37324,81,84,-3,3
37325,71,78,-7,7
37326,233,204,29,29
37327,79,86,-7,7
37328,88,88,0,0
37329,121,124,-3,3
37330,132,123,9,9
37331,179,167,12,12
37332,199,180,19,19
37333,133,126,7,7
37334,127,120,7,7
37335,71,75,-4,4
37336,59,65,-6,6
37337,92,93,-1,1
37338,98,94,4,4
37339,93,81,12,12
37340,103,76,27,27
37341,114,125,-11,11
37342,80,88,-8,8
37343,84,85,-1,1
37344,95,84,11,11
37345,141,137,4,4
37346,184,172,12,12
37347,138,116,22,22
37348,59,60,-1,1
37349,172,165,7,7
37350,146,137,9,9
37351,72,75,-3,3
37352,139,141,-2,2
37353,108,110,-2,2
37354,91,107,-16,16
37355,38,38,0,0
37356,44,50,-6,6
37357,86,86,0,0
37358,68,73,-5,5
37359,68,60,8,8
37360,100,108,-8,8
37361,135,124,11,11
37362,30,44,-14,14
37363,149,137,12,12
37364,93,90,3,3
37365,132,136,-4,4
37366,61,61,0,0
37367,104,111,-7,7
37368,119,117,2,2
37369,61,67,-6,6
37370,79,82,-3,3
37371,48,53,-5,5
37372,80,63,17,17
37373,145,169,-24,24
37374,65,70,-5,5
37375,68,69,-1,1
37376,68,69,-1,1
37377,78,83,-5,5
37378,65,62,3,3
37379,98,92,6,6
37380,102,111,-9,9
37381,115,98,17,17
37382,71,67,4,4
37383,63,66,-3,3
37384,64,75,-11,11
37385,97,96,1,1
37386,102,87,15,15
37387,101,107,-6,6
37388,34,36,-2,2
37389,70,71,-1,1
37390,53,62,-9,9
37391,92,92,0,0
37392,83,85,-2,2
37393,101,110,-9,9
37394,76,73,3,3
37395,76,82,-6,6
37396,111,109,2,2
37397,49,60,-11,11
37398,55,64,-9,9
37399,115,111,4,4
37400,126,127,-1,1
37401,121,110,11,11
37402,145,135,10,10
37403,60,75,-15,15
37404,73,64,9,9
37405,63,67,-4,4
37406,71,71,0,0
37407,81,84,-3,3
37408,98,96,2,2
37409,138,139,-1,1
37410,69,74,-5,5
37411,172,175,-3,3
37412,57,68,-11,11
37413,119,115,4,4
37414,65,69,-4,4
37415,54,57,-3,3
37416,86,89,-3,3
37417,116,117,-1,1
37418,145,132,13,13
37419,102,105,-3,3
37420,108,108,0,0
37421,63,65,-2,2
37422,125,118,7,7
37423,90,88,2,2
37424,139,143,-4,4
37425,94,89,5,5
37426,86,86,0,0
37427,44,65,-21,21
37428,89,94,-5,5
37429,82,80,2,2
37430,114,107,7,7
37431,60,60,0,0
37432,103,108,-5,5
37433,58,57,1,1
37434,108,117,-9,9
37435,140,147,-7,7
37436,160,157,3,3
37437,54,55,-1,1
37438,106,98,8,8
37439,140,143,-3,3
37440,101,100,1,1
37441,120,118,2,2
37442,118,116,2,2
37443,116,115,1,1
37444,108,109,-1,1
37445,205,207,-2,2
37446,192,175,17,17
37447,97,98,-1,1
37448,59,59,0,0
37449,60,65,-5,5
37450,51,49,2,2
37451,48,52,-4,4
37452,118,114,4,4
37453,209,193,16,16
37454,64,66,-2,2
37455,76,82,-6,6
37456,130,125,5,5
37457,83,88,-5,5
37458,69,75,-6,6
37459,66,58,8,8
37460,81,88,-7,7
37461,116,135,-19,19
37462,91,96,-5,5
37463,178,179,-1,1
37464,148,167,-19,19
37465,160,160,0,0
37466,116,128,-12,12
37467,87,93,-6,6
37468,93,95,-2,2
37469,71,75,-4,4
37470,121,118,3,3
37471,85,70,15,15
37472,75,80,-5,5
37473,101,98,3,3
37474,72,73,-1,1
37475,60,58,2,2
37476,102,94,8,8
37477,111,104,7,7
37478,81,86,-5,5
37479,75,90,-15,15
37480,107,112,-5,5
37481,75,77,-2,2
37482,67,73,-6,6
37483,126,127,-1,1
37484,106,109,-3,3
37485,126,127,-1,1
37486,104,109,-5,5
37487,65,72,-7,7
37488,92,94,-2,2
37489,78,75,3,3
37490,127,119,8,8
37491,88,89,-1,1
37492,35,46,-11,11
37493,87,85,2,2
37494,53,63,-10,10
37495,108,111,-3,3
37496,89,91,-2,2
37497,79,76,3,3
37498,79,85,-6,6
37499,138,120,18,18
37500,92,82,10,10
37501,84,84,0,0
37502,65,67,-2,2
37503,74,75,-1,1
37504,147,145,2,2
37505,96,99,-3,3
37506,124,122,2,2
37507,84,88,-4,4
37508,118,117,1,1
37509,80,79,1,1
37510,89,95,-6,6
37511,154,159,-5,5
37512,96,108,-12,12
37513,73,83,-10,10
37514,218,192,26,26
37515,108,111,-3,3
37516,156,151,5,5
37517,56,63,-7,7
37518,105,99,6,6
37519,103,128,-25,25
37520,98,107,-9,9
37521,161,158,3,3
37522,150,131,19,19
37523,50,54,-4,4
37524,99,96,3,3
37525,62,65,-3,3
37526,102,104,-2,2
37527,86,83,3,3
37528,81,76,5,5
37529,51,56,-5,5
37530,100,92,8,8
37531,74,71,3,3
37532,65,61,4,4
37533,95,95,0,0
37534,99,99,0,0
37535,84,90,-6,6
37536,114,98,16,16
37537,99,90,9,9
37538,58,52,6,6
37539,49,46,3,3
37540,119,111,8,8
37541,83,83,0,0
37542,96,100,-4,4
37543,70,73,-3,3
37544,108,109,-1,1
37545,128,112,16,16
37546,75,71,4,4
37547,72,69,3,3
37548,88,80,8,8
37549,71,71,0,0
37550,103,95,8,8
37551,109,107,2,2
37552,77,80,-3,3
37553,74,72,2,2
37554,105,95,10,10
37555,56,56,0,0
37556,95,92,3,3
37557,152,141,11,11
37558,62,61,1,1
37559,128,124,4,4
37560,108,99,9,9
37561,58,64,-6,6
37562,144,130,14,14
37563,109,98,11,11
37564,66,62,4,4
37565,114,114,0,0
37566,150,133,17,17
37567,98,92,6,6
37568,151,146,5,5
37569,73,70,3,3
37570,84,79,5,5
37571,126,124,2,2
37572,50,55,-5,5
37573,101,117,-16,16
37574,56,61,-5,5
37575,95,94,1,1
37576,65,66,-1,1
37577,141,123,18,18
37578,94,89,5,5
37579,67,72,-5,5
37580,55,57,-2,2
37581,65,63,2,2
37582,52,68,-16,16
37583,95,89,6,6
37584,158,152,6,6
37585,106,37,69,69
37586,101,99,2,2
37587,96,92,4,4
37588,132,136,-4,4
37589,91,89,2,2
37590,80,79,1,1
37591,209,193,16,16
37592,71,79,-8,8
37593,94,99,-5,5
37594,93,88,5,5
37595,103,103,0,0
37596,69,78,-9,9
37597,190,189,1,1
37598,92,91,1,1
37599,105,96,9,9
37600,69,75,-6,6
37601,54,63,-9,9
37602,59,59,0,0
37603,82,87,-5,5
37604,84,82,2,2
37605,30,53,-23,23
37606,150,140,10,10
37607,65,62,3,3
37608,88,81,7,7
37609,80,77,3,3
37610,174,165,9,9
37611,134,157,-23,23
37612,82,79,3,3
37613,77,70,7,7
37614,65,69,-4,4
37615,49,53,-4,4
37616,95,98,-3,3
37617,67,67,0,0
37618,69,67,2,2
37619,125,131,-6,6
37620,124,132,-8,8
37621,81,82,-1,1
37622,93,96,-3,3
37623,148,124,24,24
37624,158,145,13,13
37625,107,109,-2,2
37626,138,128,10,10
37627,106,108,-2,2
37628,102,110,-8,8
37629,151,151,0,0
37630,103,109,-6,6
37631,77,74,3,3
37632,139,136,3,3
37633,122,122,0,0
37634,86,75,11,11
37635,85,81,4,4
37636,76,69,7,7
37637,115,108,7,7
37638,137,123,14,14
37639,113,119,-6,6
37640,155,138,17,17
37641,66,78,-12,12
37642,75,69,6,6
37643,120,121,-1,1
37644,116,103,13,13
37645,152,149,3,3
37646,56,61,-5,5
37647,205,182,23,23
37648,96,97,-1,1
37649,101,94,7,7
37650,100,100,0,0
37651,94,87,7,7
37652,130,123,7,7
37653,61,78,-17,17
37654,123,119,4,4
37655,111,119,-8,8
37656,136,141,-5,5
37657,166,156,10,10
37658,85,91,-6,6
37659,99,99,0,0
37660,58,61,-3,3
37661,98,91,7,7
37662,88,76,12,12
37663,164,143,21,21
37664,67,67,0,0
37665,112,97,15,15
37666,105,102,3,3
37667,151,143,8,8
37668,80,71,9,9
37669,121,129,-8,8
37670,179,151,28,28
37671,151,146,5,5
37672,116,119,-3,3
37673,93,90,3,3
37674,96,94,2,2
37675,112,119,-7,7
37676,45,47,-2,2
37677,100,95,5,5
37678,71,83,-12,12
37679,72,66,6,6
37680,124,117,7,7
37681,54,53,1,1
37682,135,130,5,5
37683,125,119,6,6
37684,125,102,23,23
37685,104,114,-10,10
37686,76,75,1,1
37687,106,128,-22,22
37688,76,75,1,1
37689,87,86,1,1
37690,146,141,5,5
37691,91,81,10,10
37692,72,86,-14,14
37693,149,146,3,3
37694,82,78,4,4
37695,157,158,-1,1
37696,138,127,11,11
37697,122,123,-1,1
37698,105,107,-2,2
37699,88,83,5,5
37700,157,170,-13,13
37701,108,95,13,13
37702,94,89,5,5
37703,102,111,-9,9
37704,51,61,-10,10
37705,84,86,-2,2
37706,67,83,-16,16
37707,128,117,11,11
37708,130,129,1,1
37709,165,155,10,10
37710,100,113,-13,13
37711,121,133,-12,12
37712,74,82,-8,8
37713,58,58,0,0
37714,88,101,-13,13
37715,105,113,-8,8
37716,116,115,1,1
37717,103,94,9,9
37718,101,108,-7,7
37719,108,116,-8,8
37720,75,90,-15,15
37721,106,110,-4,4
37722,69,73,-4,4
37723,87,87,0,0
37724,68,76,-8,8
37725,51,52,-1,1
37726,61,63,-2,2
37727,110,110,0,0
37728,104,100,4,4
37729,70,68,2,2
37730,47,54,-7,7
37731,69,83,-14,14
37732,48,59,-11,11
37733,92,87,5,5
37734,116,115,1,1
37735,94,98,-4,4
37736,79,81,-2,2
37737,116,131,-15,15
37738,133,140,-7,7
37739,70,75,-5,5
37740,153,148,5,5
37741,41,85,-44,44
37742,73,75,-2,2
37743,109,111,-2,2
37744,145,129,16,16
37745,106,109,-3,3
37746,89,81,8,8
37747,69,77,-8,8
37748,73,72,1,1
37749,61,64,-3,3
37750,127,122,5,5
37751,104,110,-6,6
37752,103,108,-5,5
37753,107,103,4,4
37754,116,116,0,0
37755,66,65,1,1
37756,130,130,0,0
37757,102,92,10,10
37758,102,108,-6,6
37759,72,81,-9,9
37760,98,89,9,9
37761,55,54,1,1
37762,90,97,-7,7
37763,116,114,2,2
37764,64,69,-5,5
37765,113,104,9,9
37766,75,79,-4,4
37767,75,92,-17,17
37768,119,120,-1,1
37769,81,74,7,7
37770,74,70,4,4
37771,156,153,3,3
37772,93,86,7,7
37773,84,85,-1,1
37774,118,142,-24,24
37775,70,70,0,0
37776,197,192,5,5
37777,57,58,-1,1
37778,41,49,-8,8
37779,110,118,-8,8
37780,94,90,4,4
37781,121,109,12,12
37782,77,81,-4,4
37783,104,83,21,21
37784,98,93,5,5
37785,101,97,4,4
37786,65,73,-8,8
37787,140,130,10,10
37788,113,109,4,4
37789,103,87,16,16
37790,84,77,7,7
37791,75,68,7,7
37792,136,122,14,14
37793,123,124,-1,1
37794,117,126,-9,9
37795,107,98,9,9
37796,64,61,3,3
37797,61,64,-3,3
37798,216,182,34,34
37799,94,100,-6,6
37800,96,95,1,1
37801,83,104,-21,21
37802,42,53,-11,11
37803,93,108,-15,15
37804,61,67,-6,6
37805,101,83,18,18
37806,118,116,2,2
37807,100,106,-6,6
37808,107,132,-25,25
37809,98,102,-4,4
37810,64,59,5,5
37811,215,213,2,2
37812,127,123,4,4
37813,91,86,5,5
37814,113,131,-18,18
37815,82,83,-1,1
37816,120,124,-4,4
37817,72,71,1,1
37818,77,93,-16,16
37819,79,89,-10,10
37820,67,75,-8,8
37821,89,89,0,0
37822,54,58,-4,4
37823,97,103,-6,6
37824,82,77,5,5
37825,91,102,-11,11
37826,83,76,7,7
37827,54,67,-13,13
37828,116,120,-4,4
37829,80,88,-8,8
37830,75,75,0,0
37831,187,186,1,1
37832,78,86,-8,8
37833,95,99,-4,4
37834,87,88,-1,1
37835,74,75,-1,1
37836,67,65,2,2
37837,66,61,5,5
37838,78,74,4,4
37839,107,103,4,4
37840,59,53,6,6
37841,92,95,-3,3
37842,41,52,-11,11
37843,130,121,9,9
37844,100,109,-9,9
37845,88,83,5,5
37846,67,64,3,3
37847,100,94,6,6
37848,99,106,-7,7
37849,69,70,-1,1
37850,115,122,-7,7
37851,116,112,4,4
37852,49,49,0,0
37853,91,93,-2,2
37854,67,76,-9,9
37855,105,103,2,2
37856,137,136,1,1
37857,72,83,-11,11
37858,61,62,-1,1
37859,86,82,4,4
37860,91,97,-6,6
37861,85,84,1,1
37862,83,82,1,1
37863,68,59,9,9
37864,103,96,7,7
37865,106,96,10,10
37866,139,116,23,23
37867,115,119,-4,4
37868,48,52,-4,4
37869,159,160,-1,1
37870,61,58,3,3
37871,113,117,-4,4
37872,101,99,2,2
37873,77,73,4,4
37874,134,134,0,0
37875,67,62,5,5
37876,106,108,-2,2
37877,57,56,1,1
37878,95,102,-7,7
37879,93,100,-7,7
37880,95,82,13,13
37881,179,173,6,6
37882,153,170,-17,17
37883,62,67,-5,5
37884,69,66,3,3
37885,165,165,0,0
37886,180,188,-8,8
37887,87,85,2,2
37888,110,111,-1,1
37889,116,124,-8,8
37890,159,166,-7,7
37891,99,102,-3,3
37892,114,114,0,0
37893,102,94,8,8
37894,154,153,1,1
37895,91,91,0,0
37896,124,112,12,12
37897,91,87,4,4
37898,41,47,-6,6
37899,45,47,-2,2
37900,71,88,-17,17
37901,76,78,-2,2
37902,99,111,-12,12
37903,111,108,3,3
37904,97,88,9,9
37905,124,112,12,12
37906,96,108,-12,12
37907,79,88,-9,9
37908,122,133,-11,11
37909,115,99,16,16
37910,89,86,3,3
37911,73,73,0,0
37912,111,120,-9,9
37913,89,95,-6,6
37914,138,132,6,6
37915,100,112,-12,12
37916,78,87,-9,9
37917,83,87,-4,4
37918,86,93,-7,7
37919,135,142,-7,7
37920,114,114,0,0
37921,56,59,-3,3
37922,149,157,-8,8
37923,81,79,2,2
37924,79,77,2,2
37925,103,106,-3,3
37926,56,71,-15,15
37927,150,144,6,6
37928,78,80,-2,2
37929,78,77,1,1
37930,41,46,-5,5
37931,121,113,8,8
37932,123,122,1,1
37933,76,89,-13,13
37934,103,97,6,6
37935,35,54,-19,19
37936,124,121,3,3
37937,55,61,-6,6
37938,88,86,2,2
37939,90,86,4,4
37940,120,95,25,25
37941,71,70,1,1
37942,79,83,-4,4
37943,62,66,-4,4
37944,86,84,2,2
37945,64,68,-4,4
37946,131,143,-12,12
37947,146,137,9,9
37948,86,80,6,6
37949,98,93,5,5
37950,183,162,21,21
37951,91,93,-2,2
37952,77,73,4,4
37953,142,138,4,4
37954,79,79,0,0
37955,41,43,-2,2
37956,105,110,-5,5
37957,197,187,10,10
37958,115,113,2,2
37959,71,73,-2,2
37960,140,145,-5,5
37961,130,125,5,5
37962,83,82,1,1
37963,108,126,-18,18
37964,67,65,2,2
37965,70,78,-8,8
37966,93,96,-3,3
37967,64,68,-4,4
37968,98,117,-19,19
37969,115,117,-2,2
37970,62,62,0,0
37971,88,90,-2,2
37972,61,64,-3,3
37973,198,182,16,16
37974,101,111,-10,10
37975,66,64,2,2
37976,31,43,-12,12
37977,94,92,2,2
37978,93,103,-10,10
37979,117,157,-40,40
37980,99,101,-2,2
37981,36,37,-1,1
37982,76,78,-2,2
37983,67,72,-5,5
37984,78,86,-8,8
37985,50,54,-4,4
37986,55,50,5,5
37987,92,94,-2,2
37988,94,84,10,10
37989,137,139,-2,2
37990,102,101,1,1
37991,113,112,1,1
37992,89,80,9,9
37993,124,131,-7,7
37994,82,79,3,3
37995,60,67,-7,7
37996,125,113,12,12
37997,78,85,-7,7
37998,143,134,9,9
37999,142,141,1,1
38000,106,97,9,9
38001,124,115,9,9
38002,52,56,-4,4
38003,97,114,-17,17
38004,80,80,0,0
38005,107,117,-10,10
38006,141,139,2,2
38007,57,56,1,1
38008,89,78,11,11
38009,104,113,-9,9
38010,154,144,10,10
38011,76,87,-11,11
38012,95,79,16,16
38013,179,159,20,20
38014,64,74,-10,10
38015,119,111,8,8
38016,108,121,-13,13
38017,114,110,4,4
38018,92,92,0,0
38019,109,109,0,0
38020,139,144,-5,5
38021,130,130,0,0
38022,112,109,3,3
38023,123,117,6,6
38024,125,120,5,5
38025,66,61,5,5
38026,77,87,-10,10
38027,87,85,2,2
38028,97,108,-11,11
38029,56,54,2,2
38030,146,138,8,8
38031,71,66,5,5
38032,176,166,10,10
38033,96,86,10,10
38034,105,97,8,8
38035,127,125,2,2
38036,82,87,-5,5
38037,137,151,-14,14
38038,120,114,6,6
38039,82,82,0,0
38040,73,68,5,5
38041,78,71,7,7
38042,83,82,1,1
38043,83,79,4,4
38044,74,77,-3,3
38045,81,81,0,0
38046,178,159,19,19
38047,96,110,-14,14
38048,48,54,-6,6
38049,74,80,-6,6
38050,143,136,7,7
38051,94,88,6,6
38052,142,141,1,1
38053,144,148,-4,4
38054,114,120,-6,6
38055,91,95,-4,4
38056,127,128,-1,1
38057,65,75,-10,10
38058,152,145,7,7
38059,106,102,4,4
38060,140,133,7,7
38061,96,104,-8,8
38062,72,108,-36,36
38063,71,47,24,24
38064,116,112,4,4
38065,156,147,9,9
38066,57,54,3,3
38067,24,40,-16,16
38068,122,118,4,4
38069,118,112,6,6
38070,96,98,-2,2
38071,86,82,4,4
38072,163,156,7,7
38073,60,64,-4,4
38074,80,77,3,3
38075,78,75,3,3
38076,82,79,3,3
38077,113,109,4,4
38078,104,113,-9,9
38079,154,173,-19,19
38080,34,44,-10,10
38081,111,115,-4,4
38082,103,97,6,6
38083,88,85,3,3
38084,112,117,-5,5
38085,115,112,3,3
38086,60,56,4,4
38087,150,146,4,4
38088,116,115,1,1
38089,80,77,3,3
38090,112,100,12,12
38091,116,115,1,1
38092,83,89,-6,6
38093,161,150,11,11
38094,65,71,-6,6
38095,74,78,-4,4
38096,72,63,9,9
38097,185,162,23,23
38098,89,74,15,15
38099,90,90,0,0
38100,175,165,10,10
38101,96,89,7,7
38102,96,91,5,5
38103,111,114,-3,3
38104,46,49,-3,3
38105,105,118,-13,13
38106,69,73,-4,4
38107,117,114,3,3
38108,91,88,3,3
38109,70,77,-7,7
38110,150,137,13,13
38111,122,125,-3,3
38112,98,110,-12,12
38113,100,88,12,12
38114,160,139,21,21
38115,139,131,8,8
38116,170,158,12,12
38117,79,84,-5,5
38118,132,125,7,7
38119,121,121,0,0
38120,118,123,-5,5
38121,102,90,12,12
38122,98,97,1,1
38123,115,123,-8,8
38124,159,158,1,1
38125,92,94,-2,2
38126,41,53,-12,12
38127,84,84,0,0
38128,132,146,-14,14
38129,109,93,16,16
38130,78,86,-8,8
38131,114,105,9,9
38132,121,114,7,7
38133,93,89,4,4
38134,115,118,-3,3
38135,44,47,-3,3
38136,74,70,4,4
38137,49,52,-3,3
38138,165,155,10,10
38139,83,79,4,4
38140,158,147,11,11
38141,101,89,12,12
38142,118,116,2,2
38143,94,94,0,0
38144,117,135,-18,18
38145,109,110,-1,1
38146,73,90,-17,17
38147,76,79,-3,3
38148,138,136,2,2
38149,113,108,5,5
38150,96,96,0,0
38151,73,78,-5,5
38152,112,108,4,4
38153,63,63,0,0
38154,104,96,8,8
38155,82,86,-4,4
38156,54,60,-6,6
38157,84,79,5,5
38158,133,139,-6,6
38159,101,100,1,1
38160,108,118,-10,10
38161,83,78,5,5
38162,78,82,-4,4
38163,82,73,9,9
38164,76,76,0,0
38165,90,85,5,5
38166,105,105,0,0
38167,61,60,1,1
38168,102,118,-16,16
38169,104,122,-18,18
38170,72,72,0,0
38171,74,66,8,8
38172,92,95,-3,3
38173,85,84,1,1
38174,99,98,1,1
38175,111,120,-9,9
38176,67,72,-5,5
38177,76,74,2,2
38178,113,98,15,15
38179,107,102,5,5
38180,117,114,3,3
38181,116,120,-4,4
38182,97,103,-6,6
38183,125,124,1,1
38184,112,119,-7,7
38185,71,82,-11,11
38186,115,114,1,1
38187,59,82,-23,23
38188,97,92,5,5
38189,124,114,10,10
38190,45,46,-1,1
38191,87,88,-1,1
38192,103,124,-21,21
38193,64,67,-3,3
38194,100,91,9,9
38195,97,85,12,12
38196,121,118,3,3
38197,111,119,-8,8
38198,74,72,2,2
38199,118,147,-29,29
38200,91,86,5,5
38201,89,91,-2,2
38202,105,84,21,21
38203,79,84,-5,5
38204,68,70,-2,2
38205,125,130,-5,5
38206,87,85,2,2
38207,123,113,10,10
38208,93,92,1,1
38209,100,96,4,4
38210,64,59,5,5
38211,108,109,-1,1
38212,68,56,12,12
38213,86,87,-1,1
38214,107,90,17,17
38215,73,76,-3,3
38216,128,137,-9,9
38217,119,115,4,4
38218,54,48,6,6
38219,72,73,-1,1
38220,73,79,-6,6
38221,159,151,8,8
38222,83,86,-3,3
38223,97,92,5,5
38224,131,129,2,2
38225,69,73,-4,4
38226,86,75,11,11
38227,119,121,-2,2
38228,100,92,8,8
38229,102,110,-8,8
38230,67,63,4,4
38231,53,63,-10,10
38232,85,90,-5,5
38233,168,161,7,7
38234,61,63,-2,2
38235,77,74,3,3
38236,85,90,-5,5
38237,69,69,0,0
38238,124,123,1,1
38239,89,81,8,8
38240,148,148,0,0
38241,143,131,12,12
38242,57,77,-20,20
38243,144,138,6,6
38244,66,67,-1,1
38245,83,98,-15,15
38246,120,121,-1,1
38247,131,131,0,0
38248,51,57,-6,6
38249,77,64,13,13
38250,62,65,-3,3
38251,125,132,-7,7
38252,87,86,1,1
38253,89,88,1,1
38254,162,154,8,8
38255,109,116,-7,7
38256,126,132,-6,6
38257,87,93,-6,6
38258,87,102,-15,15
38259,116,115,1,1
38260,51,54,-3,3
38261,65,60,5,5
38262,95,85,10,10
38263,86,78,8,8
38264,98,98,0,0
38265,74,72,2,2
38266,87,95,-8,8
38267,113,111,2,2
38268,70,87,-17,17
38269,119,112,7,7
38270,180,169,11,11
38271,94,83,11,11
38272,67,77,-10,10
38273,85,84,1,1
38274,147,152,-5,5
38275,79,68,11,11
38276,76,78,-2,2
38277,60,55,5,5
38278,55,57,-2,2
38279,95,100,-5,5
38280,127,116,11,11
38281,100,96,4,4
38282,85,88,-3,3
38283,127,124,3,3
38284,101,88,13,13
38285,70,69,1,1
38286,102,102,0,0
38287,73,74,-1,1
38288,107,110,-3,3
38289,129,134,-5,5
38290,114,111,3,3
38291,45,53,-8,8
38292,52,53,-1,1
38293,69,72,-3,3
38294,71,70,1,1
38295,65,70,-5,5
38296,211,181,30,30
38297,113,128,-15,15
38298,97,97,0,0
38299,60,68,-8,8
38300,184,155,29,29
38301,106,101,5,5
38302,121,121,0,0
38303,112,117,-5,5
38304,137,136,1,1
38305,104,108,-4,4
38306,124,128,-4,4
38307,72,67,5,5
38308,116,110,6,6
38309,76,74,2,2
38310,99,108,-9,9
38311,75,78,-3,3
38312,81,82,-1,1
38313,69,68,1,1
38314,72,79,-7,7
38315,87,76,11,11
38316,93,92,1,1
38317,136,131,5,5
38318,101,94,7,7
38319,89,85,4,4
38320,112,108,4,4
38321,65,68,-3,3
38322,118,112,6,6
38323,92,86,6,6
38324,80,88,-8,8
38325,98,95,3,3
38326,70,68,2,2
38327,127,119,8,8
38328,149,131,18,18
38329,70,68,2,2
38330,139,143,-4,4
38331,82,80,2,2
38332,91,92,-1,1
38333,39,48,-9,9
38334,82,91,-9,9
38335,105,100,5,5
38336,147,145,2,2
38337,104,113,-9,9
38338,117,96,21,21
38339,91,106,-15,15
38340,90,94,-4,4
38341,104,94,10,10
38342,47,54,-7,7
38343,56,59,-3,3
38344,110,114,-4,4
38345,43,53,-10,10
38346,120,117,3,3
38347,70,74,-4,4
38348,75,78,-3,3
38349,77,80,-3,3
38350,72,72,0,0
38351,105,108,-3,3
38352,218,195,23,23
38353,56,64,-8,8
38354,100,109,-9,9
38355,123,136,-13,13
38356,130,123,7,7
38357,63,58,5,5
38358,89,90,-1,1
38359,60,68,-8,8
38360,65,80,-15,15
38361,118,117,1,1
38362,86,89,-3,3
38363,166,171,-5,5
38364,106,109,-3,3
38365,58,64,-6,6
38366,141,127,14,14
38367,96,96,0,0
38368,106,99,7,7
38369,110,115,-5,5
38370,64,66,-2,2
38371,83,81,2,2
38372,92,110,-18,18
38373,70,71,-1,1
38374,122,125,-3,3
38375,86,88,-2,2
38376,105,94,11,11
38377,99,108,-9,9
38378,57,54,3,3
38379,79,79,0,0
38380,59,56,3,3
38381,70,70,0,0
38382,104,99,5,5
38383,86,89,-3,3
38384,112,123,-11,11
38385,102,102,0,0
38386,63,70,-7,7
38387,118,114,4,4
38388,63,60,3,3
38389,104,124,-20,20
38390,86,89,-3,3
38391,167,158,9,9
38392,164,154,10,10
38393,85,85,0,0
38394,111,112,-1,1
38395,121,114,7,7
38396,94,92,2,2
38397,77,86,-9,9
38398,35,39,-4,4
38399,95,93,2,2
38400,133,137,-4,4
38401,85,89,-4,4
38402,67,62,5,5
38403,114,117,-3,3
38404,157,147,10,10
38405,157,147,10,10
38406,94,108,-14,14
38407,54,65,-11,11
38408,64,58,6,6
38409,109,103,6,6
38410,71,74,-3,3
38411,73,78,-5,5
38412,76,80,-4,4
38413,130,117,13,13
38414,79,76,3,3
38415,142,156,-14,14
38416,89,88,1,1
38417,105,111,-6,6
38418,78,90,-12,12
38419,64,61,3,3
38420,63,68,-5,5
38421,89,89,0,0
38422,171,171,0,0
38423,111,99,12,12
38424,86,77,9,9
38425,102,98,4,4
38426,61,62,-1,1
38427,85,85,0,0
38428,134,122,12,12
38429,81,82,-1,1
38430,142,143,-1,1
38431,80,73,7,7
38432,83,80,3,3
38433,121,113,8,8
38434,67,54,13,13
38435,100,114,-14,14
38436,129,128,1,1
38437,102,110,-8,8
38438,126,125,1,1
38439,98,97,1,1
38440,63,53,10,10
38441,72,76,-4,4
38442,88,95,-7,7
38443,64,69,-5,5
38444,107,115,-8,8
38445,89,82,7,7
38446,93,91,2,2
38447,146,140,6,6
38448,101,109,-8,8
38449,87,85,2,2
38450,97,99,-2,2
38451,78,67,11,11
38452,130,114,16,16
38453,85,72,13,13
38454,77,74,3,3
38455,44,48,-4,4
38456,96,88,8,8
38457,89,77,12,12
38458,117,117,0,0
38459,41,40,1,1
38460,113,117,-4,4
38461,103,87,16,16
38462,161,146,15,15
38463,196,190,6,6
38464,64,48,16,16
38465,82,74,8,8
38466,66,94,-28,28
38467,80,76,4,4
38468,54,60,-6,6
38469,104,110,-6,6
38470,55,53,2,2
38471,57,58,-1,1
38472,49,56,-7,7
38473,70,71,-1,1
38474,74,79,-5,5
38475,33,45,-12,12
38476,83,89,-6,6
38477,89,87,2,2
38478,102,95,7,7
38479,156,164,-8,8
38480,36,45,-9,9
38481,62,60,2,2
38482,102,96,6,6
38483,87,95,-8,8
38484,50,46,4,4
38485,89,98,-9,9
38486,100,97,3,3
38487,98,86,12,12
38488,56,58,-2,2
38489,75,73,2,2
38490,98,83,15,15
38491,117,110,7,7
38492,235,210,25,25
38493,54,57,-3,3
38494,68,63,5,5
38495,116,124,-8,8
38496,32,39,-7,7
38497,55,52,3,3
38498,82,83,-1,1
38499,119,118,1,1
38500,183,182,1,1
38501,112,85,27,27
38502,57,61,-4,4
38503,120,118,2,2
38504,77,82,-5,5
38505,68,73,-5,5
38506,126,120,6,6
38507,68,58,10,10
38508,103,93,10,10
38509,110,117,-7,7
38510,122,105,17,17
38511,100,117,-17,17
38512,74,75,-1,1
38513,185,158,27,27
38514,118,128,-10,10
38515,41,49,-8,8
38516,91,94,-3,3
38517,83,73,10,10
38518,79,84,-5,5
38519,82,76,6,6
38520,84,88,-4,4
38521,70,59,11,11
38522,97,108,-11,11
38523,99,100,-1,1
38524,108,108,0,0
38525,85,82,3,3
38526,132,128,4,4
38527,99,98,1,1
38528,62,56,6,6
38529,80,76,4,4
38530,96,84,12,12
38531,98,90,8,8
38532,109,106,3,3
38533,124,131,-7,7
38534,101,113,-12,12
38535,118,122,-4,4
38536,57,56,1,1
38537,79,83,-4,4
38538,86,87,-1,1
38539,77,74,3,3
38540,132,124,8,8
38541,74,65,9,9
38542,108,108,0,0
38543,137,125,12,12
38544,102,100,2,2
38545,150,146,4,4
38546,51,53,-2,2
38547,77,73,4,4
38548,59,53,6,6
38549,42,40,2,2
38550,141,142,-1,1
38551,132,125,7,7
38552,67,63,4,4
38553,108,103,5,5
38554,144,151,-7,7
38555,69,72,-3,3
38556,85,80,5,5
38557,64,66,-2,2
38558,65,67,-2,2
38559,221,219,2,2
38560,70,68,2,2
38561,56,52,4,4
38562,62,64,-2,2
38563,88,108,-20,20
38564,108,113,-5,5
38565,178,160,18,18
38566,74,69,5,5
38567,85,95,-10,10
38568,61,70,-9,9
38569,111,85,26,26
38570,103,111,-8,8
38571,110,110,0,0
38572,74,70,4,4
38573,172,171,1,1
38574,87,100,-13,13
38575,141,150,-9,9
38576,86,78,8,8
38577,89,105,-16,16
38578,106,90,16,16
38579,103,101,2,2
38580,115,97,18,18
38581,61,57,4,4
38582,102,109,-7,7
38583,64,66,-2,2
38584,121,115,6,6
38585,61,65,-4,4
38586,75,73,2,2
38587,43,41,2,2
38588,84,82,2,2
38589,118,116,2,2
38590,50,50,0,0
38591,81,67,14,14
38592,160,155,5,5
38593,121,113,8,8
38594,77,85,-8,8
38595,124,120,4,4
38596,140,132,8,8
38597,56,61,-5,5
38598,92,84,8,8
38599,99,95,4,4
38600,169,162,7,7
38601,102,111,-9,9
38602,149,148,1,1
38603,161,168,-7,7
38604,73,79,-6,6
38605,81,83,-2,2
38606,76,74,2,2
38607,131,123,8,8
38608,155,160,-5,5
38609,87,87,0,0
38610,62,62,0,0
38611,87,75,12,12
38612,78,85,-7,7
38613,74,78,-4,4
38614,49,71,-22,22
38615,92,87,5,5
38616,133,134,-1,1
38617,149,145,4,4
38618,120,123,-3,3
38619,89,80,9,9
38620,102,99,3,3
38621,62,49,13,13
38622,57,47,10,10
38623,43,61,-18,18
38624,72,74,-2,2
38625,58,56,2,2
38626,66,63,3,3
38627,73,79,-6,6
38628,112,96,16,16
38629,158,147,11,11
38630,70,79,-9,9
38631,136,130,6,6
38632,85,81,4,4
38633,37,44,-7,7
38634,87,92,-5,5
38635,130,141,-11,11
38636,88,90,-2,2
38637,57,60,-3,3
38638,117,117,0,0
38639,105,97,8,8
38640,75,74,1,1
38641,153,154,-1,1
38642,90,103,-13,13
38643,130,120,10,10
38644,86,89,-3,3
38645,124,131,-7,7
38646,83,85,-2,2
38647,145,126,19,19
38648,77,79,-2,2
38649,64,67,-3,3
38650,129,127,2,2
38651,109,113,-4,4
38652,94,84,10,10
38653,84,80,4,4
38654,64,63,1,1
38655,90,91,-1,1
38656,171,164,7,7
38657,93,97,-4,4
38658,121,125,-4,4
38659,72,78,-6,6
38660,72,79,-7,7
38661,85,84,1,1
38662,86,76,10,10
38663,93,97,-4,4
38664,94,77,17,17
38665,118,120,-2,2
38666,72,61,11,11
38667,64,66,-2,2
38668,127,113,14,14
38669,64,63,1,1
38670,75,75,0,0
38671,57,63,-6,6
38672,61,62,-1,1
38673,74,85,-11,11
38674,53,64,-11,11
38675,80,84,-4,4
38676,83,83,0,0
38677,124,121,3,3
38678,81,87,-6,6
38679,84,94,-10,10
38680,128,115,13,13
38681,93,94,-1,1
38682,79,83,-4,4
38683,81,99,-18,18
38684,81,82,-1,1
38685,104,106,-2,2
38686,82,78,4,4
38687,84,70,14,14
38688,71,73,-2,2
38689,62,61,1,1
38690,66,71,-5,5
38691,63,71,-8,8
38692,77,76,1,1
38693,56,59,-3,3
38694,155,149,6,6
38695,143,133,10,10
38696,75,74,1,1
38697,92,106,-14,14
38698,108,108,0,0
38699,105,108,-3,3
38700,63,59,4,4
38701,117,116,1,1
38702,123,110,13,13
38703,69,73,-4,4
38704,119,131,-12,12
38705,92,104,-12,12
38706,94,89,5,5
38707,80,80,0,0
38708,101,100,1,1
38709,150,142,8,8
38710,92,86,6,6
38711,97,93,4,4
38712,100,98,2,2
38713,74,87,-13,13
38714,157,158,-1,1
38715,65,69,-4,4
38716,97,90,7,7
38717,79,80,-1,1
38718,86,84,2,2
38719,91,85,6,6
38720,51,50,1,1
38721,110,113,-3,3
38722,106,110,-4,4
38723,50,54,-4,4
38724,76,71,5,5
38725,126,122,4,4
38726,73,74,-1,1
38727,80,86,-6,6
38728,90,82,8,8
38729,94,77,17,17
38730,99,97,2,2
38731,140,131,9,9
38732,92,90,2,2
38733,96,96,0,0
38734,107,100,7,7
38735,120,111,9,9
38736,141,138,3,3
38737,58,62,-4,4
38738,99,96,3,3
38739,75,74,1,1
38740,118,109,9,9
38741,93,93,0,0
38742,104,90,14,14
38743,81,83,-2,2
38744,107,103,4,4
38745,91,109,-18,18
38746,87,86,1,1
38747,53,65,-12,12
38748,147,140,7,7
38749,108,102,6,6
38750,76,75,1,1
38751,59,60,-1,1
38752,85,92,-7,7
38753,82,82,0,0
38754,57,60,-3,3
38755,37,46,-9,9
38756,129,132,-3,3
38757,57,55,2,2
38758,67,65,2,2
38759,76,74,2,2
38760,85,83,2,2
38761,130,121,9,9
38762,106,109,-3,3
38763,104,116,-12,12
38764,88,89,-1,1
38765,65,59,6,6
38766,75,77,-2,2
38767,145,134,11,11
38768,149,145,4,4
38769,44,49,-5,5
38770,69,64,5,5
38771,93,98,-5,5
38772,78,73,5,5
38773,63,68,-5,5
38774,78,84,-6,6
38775,85,81,4,4
38776,55,53,2,2
38777,73,86,-13,13
38778,107,110,-3,3
38779,131,125,6,6
38780,87,84,3,3
38781,40,49,-9,9
38782,139,123,16,16
38783,85,88,-3,3
38784,163,170,-7,7
38785,64,73,-9,9
38786,193,182,11,11
38787,86,96,-10,10
38788,98,97,1,1
38789,51,59,-8,8
38790,128,125,3,3
38791,141,127,14,14
38792,84,81,3,3
38793,142,138,4,4
38794,59,65,-6,6
38795,108,102,6,6
38796,39,46,-7,7
38797,156,151,5,5
38798,107,114,-7,7
38799,99,109,-10,10
38800,166,157,9,9
38801,85,85,0,0
38802,84,85,-1,1
38803,98,96,2,2
38804,76,70,6,6
38805,138,126,12,12
38806,93,88,5,5
38807,182,160,22,22
38808,149,133,16,16
38809,132,119,13,13
38810,127,118,9,9
38811,70,70,0,0
38812,57,58,-1,1
38813,176,185,-9,9
38814,68,69,-1,1
38815,46,47,-1,1
38816,66,63,3,3
38817,113,120,-7,7
38818,135,136,-1,1
38819,48,51,-3,3
38820,135,130,5,5
38821,70,74,-4,4
38822,91,94,-3,3
38823,125,118,7,7
38824,109,95,14,14
38825,53,59,-6,6
38826,91,88,3,3
38827,70,70,0,0
38828,65,74,-9,9
38829,125,115,10,10
38830,72,71,1,1
38831,103,108,-5,5
38832,103,75,28,28
38833,101,84,17,17
38834,117,126,-9,9
38835,63,62,1,1
38836,164,164,0,0
38837,57,66,-9,9
38838,120,125,-5,5
38839,133,128,5,5
38840,83,89,-6,6
38841,64,66,-2,2
38842,102,98,4,4
38843,70,72,-2,2
38844,124,129,-5,5
38845,106,93,13,13
38846,156,148,8,8
38847,67,72,-5,5
38848,147,149,-2,2
38849,113,118,-5,5
38850,121,123,-2,2
38851,97,96,1,1
38852,59,68,-9,9
38853,50,62,-12,12
38854,118,109,9,9
38855,56,57,-1,1
38856,87,79,8,8
38857,89,99,-10,10
38858,65,70,-5,5
38859,62,64,-2,2
38860,138,139,-1,1
38861,149,149,0,0
38862,69,67,2,2
38863,76,84,-8,8
38864,65,73,-8,8
38865,70,68,2,2
38866,133,141,-8,8
38867,77,80,-3,3
38868,93,98,-5,5
38869,105,126,-21,21
38870,67,70,-3,3
38871,84,80,4,4
38872,83,92,-9,9
38873,46,41,5,5
38874,102,97,5,5
38875,80,68,12,12
38876,106,110,-4,4
38877,91,94,-3,3
38878,70,58,12,12
38879,213,196,17,17
38880,84,87,-3,3
38881,124,105,19,19
38882,113,109,4,4
38883,89,92,-3,3
38884,112,111,1,1
38885,78,72,6,6
38886,60,60,0,0
38887,119,111,8,8
38888,58,61,-3,3
38889,109,101,8,8
38890,113,137,-24,24
38891,101,87,14,14
38892,61,55,6,6
38893,76,83,-7,7
38894,84,81,3,3
38895,86,91,-5,5
38896,108,99,9,9
38897,102,89,13,13
38898,151,146,5,5
38899,66,66,0,0
38900,71,69,2,2
38901,66,71,-5,5
38902,131,131,0,0
38903,49,50,-1,1
38904,99,104,-5,5
38905,69,79,-10,10
38906,72,63,9,9
38907,179,163,16,16
38908,152,144,8,8
38909,70,68,2,2
38910,63,67,-4,4
38911,104,109,-5,5
38912,22,44,-22,22
38913,105,101,4,4
38914,174,171,3,3
38915,123,123,0,0
38916,34,45,-11,11
38917,76,79,-3,3
38918,114,112,2,2
38919,84,98,-14,14
38920,114,100,14,14
38921,236,208,28,28
38922,86,90,-4,4
38923,91,79,12,12
38924,109,110,-1,1
38925,99,88,11,11
38926,79,72,7,7
38927,51,59,-8,8
38928,201,185,16,16
38929,60,59,1,1
38930,89,93,-4,4
38931,84,85,-1,1
38932,40,46,-6,6
38933,68,66,2,2
38934,58,57,1,1
38935,73,72,1,1
38936,121,125,-4,4
38937,55,53,2,2
38938,91,92,-1,1
38939,57,58,-1,1
38940,68,57,11,11
38941,93,78,15,15
38942,59,62,-3,3
38943,76,72,4,4
38944,99,108,-9,9
38945,85,105,-20,20
38946,113,104,9,9
38947,107,92,15,15
38948,184,171,13,13
38949,80,76,4,4
38950,99,95,4,4
38951,180,166,14,14
38952,94,108,-14,14
38953,37,37,0,0
38954,59,71,-12,12
38955,65,65,0,0
38956,93,97,-4,4
38957,88,90,-2,2
38958,92,95,-3,3
38959,128,117,11,11
38960,111,118,-7,7
38961,128,167,-39,39
38962,48,50,-2,2
38963,116,126,-10,10
38964,54,52,2,2
38965,57,66,-9,9
38966,61,65,-4,4
38967,79,80,-1,1
38968,61,62,-1,1
38969,122,121,1,1
38970,89,87,2,2
38971,121,113,8,8
38972,119,115,4,4
38973,108,122,-14,14
38974,100,104,-4,4
38975,58,59,-1,1
38976,106,96,10,10
38977,88,93,-5,5
38978,103,92,11,11
38979,31,41,-10,10
38980,34,52,-18,18
38981,87,86,1,1
38982,111,113,-2,2
38983,101,102,-1,1
38984,41,44,-3,3
38985,60,63,-3,3
38986,115,115,0,0
38987,136,137,-1,1
38988,74,67,7,7
38989,84,76,8,8
38990,110,110,0,0
38991,73,78,-5,5
38992,126,121,5,5
38993,77,72,5,5
38994,129,124,5,5
38995,123,130,-7,7
38996,99,92,7,7
38997,88,62,26,26
38998,61,71,-10,10
38999,74,76,-2,2
39000,107,101,6,6
39001,122,116,6,6
39002,60,63,-3,3
39003,188,184,4,4
39004,84,77,7,7
39005,146,147,-1,1
39006,154,154,0,0
39007,114,120,-6,6
39008,117,112,5,5
39009,163,165,-2,2
39010,74,74,0,0
39011,113,111,2,2
39012,68,69,-1,1
39013,137,135,2,2
39014,86,90,-4,4
39015,136,136,0,0
39016,77,69,8,8
39017,156,147,9,9
39018,146,138,8,8
39019,62,58,4,4
39020,66,75,-9,9
39021,121,121,0,0
39022,161,145,16,16
39023,102,111,-9,9
39024,67,66,1,1
39025,129,126,3,3
39026,120,128,-8,8
39027,174,171,3,3
39028,179,165,14,14
39029,92,87,5,5
39030,112,116,-4,4
39031,110,99,11,11
39032,97,97,0,0
39033,68,66,2,2
39034,117,123,-6,6
39035,155,140,15,15
39036,60,62,-2,2
39037,167,140,27,27
39038,115,113,2,2
39039,134,136,-2,2
39040,48,53,-5,5
39041,89,80,9,9
39042,42,56,-14,14
39043,31,40,-9,9
39044,105,101,4,4
39045,138,132,6,6
39046,97,85,12,12
39047,83,84,-1,1
39048,54,60,-6,6
39049,65,65,0,0
39050,94,101,-7,7
39051,86,85,1,1
39052,88,95,-7,7
39053,63,60,3,3
39054,144,143,1,1
39055,62,64,-2,2
39056,63,75,-12,12
39057,98,95,3,3
39058,60,62,-2,2
39059,49,53,-4,4
39060,96,87,9,9
39061,71,78,-7,7
39062,120,112,8,8
39063,150,130,20,20
39064,80,76,4,4
39065,58,61,-3,3
39066,64,70,-6,6
39067,140,139,1,1
39068,124,126,-2,2
39069,97,87,10,10
39070,161,138,23,23
39071,50,62,-12,12
39072,101,109,-8,8
39073,44,54,-10,10
39074,99,108,-9,9
39075,171,149,22,22
39076,43,49,-6,6
39077,93,107,-14,14
39078,139,137,2,2
39079,120,116,4,4
39080,98,109,-11,11
39081,101,107,-6,6
39082,80,75,5,5
39083,63,58,5,5
39084,149,150,-1,1
39085,132,123,9,9
39086,71,73,-2,2
39087,92,99,-7,7
39088,61,73,-12,12
39089,110,112,-2,2
39090,67,69,-2,2
39091,38,59,-21,21
39092,89,109,-20,20
39093,86,91,-5,5
39094,157,169,-12,12
39095,63,71,-8,8
39096,56,61,-5,5
39097,96,100,-4,4
39098,58,62,-4,4
39099,164,164,0,0
39100,107,108,-1,1
39101,131,121,10,10
39102,119,116,3,3
39103,103,107,-4,4
39104,58,61,-3,3
39105,158,142,16,16
39106,148,132,16,16
39107,107,112,-5,5
39108,108,94,14,14
39109,85,74,11,11
39110,76,82,-6,6
39111,72,67,5,5
39112,133,136,-3,3
39113,71,73,-2,2
39114,90,83,7,7
39115,105,109,-4,4
39116,107,110,-3,3
39117,84,81,3,3
39118,67,76,-9,9
39119,154,152,2,2
39120,63,72,-9,9
39121,182,160,22,22
39122,130,122,8,8
39123,126,130,-4,4
39124,135,128,7,7
39125,86,86,0,0
39126,90,95,-5,5
39127,69,67,2,2
39128,99,109,-10,10
39129,81,89,-8,8
39130,92,88,4,4
39131,83,80,3,3
39132,76,71,5,5
39133,79,70,9,9
39134,59,65,-6,6
39135,100,102,-2,2
39136,60,57,3,3
39137,76,80,-4,4
39138,110,96,14,14
39139,112,112,0,0
39140,93,94,-1,1
39141,101,108,-7,7
39142,107,110,-3,3
39143,180,170,10,10
39144,109,111,-2,2
39145,85,74,11,11
39146,123,118,5,5
39147,90,93,-3,3
39148,118,119,-1,1
39149,108,99,9,9
39150,95,92,3,3
39151,119,114,5,5
39152,115,97,18,18
39153,145,137,8,8
39154,46,61,-15,15
39155,59,64,-5,5
39156,127,134,-7,7
39157,114,116,-2,2
39158,101,101,0,0
39159,134,134,0,0
39160,99,96,3,3
39161,143,135,8,8
39162,136,130,6,6
39163,152,147,5,5
39164,103,103,0,0
39165,79,77,2,2
39166,83,79,4,4
39167,125,116,9,9
39168,74,90,-16,16
39169,44,50,-6,6
39170,100,106,-6,6
39171,111,107,4,4
39172,65,61,4,4
39173,102,99,3,3
39174,109,105,4,4
39175,80,72,8,8
39176,117,116,1,1
39177,121,118,3,3
39178,154,146,8,8
39179,55,61,-6,6
39180,90,91,-1,1
39181,137,115,22,22
39182,53,51,2,2
39183,137,138,-1,1
39184,64,65,-1,1
39185,133,119,14,14
39186,38,35,3,3
39187,105,90,15,15
39188,45,47,-2,2
39189,133,121,12,12
39190,121,121,0,0
39191,138,130,8,8
39192,84,75,9,9
39193,79,79,0,0
39194,48,53,-5,5
39195,51,60,-9,9
39196,90,90,0,0
39197,79,77,2,2
39198,73,72,1,1
39199,82,72,10,10
39200,90,92,-2,2
39201,98,79,19,19
39202,56,66,-10,10
39203,100,96,4,4
39204,55,66,-11,11
39205,116,127,-11,11
39206,61,59,2,2
39207,77,73,4,4
39208,131,127,4,4
39209,115,112,3,3
39210,94,86,8,8
39211,80,76,4,4
39212,57,62,-5,5
39213,112,111,1,1
39214,98,90,8,8
39215,136,140,-4,4
39216,125,112,13,13
39217,90,99,-9,9
39218,81,81,0,0
39219,123,120,3,3
39220,114,122,-8,8
39221,35,51,-16,16
39222,55,51,4,4
39223,110,104,6,6
39224,52,54,-2,2
39225,191,172,19,19
39226,48,59,-11,11
39227,70,62,8,8
39228,116,115,1,1
39229,114,118,-4,4
39230,71,76,-5,5
39231,130,114,16,16
39232,92,90,2,2
39233,111,116,-5,5
39234,150,151,-1,1
39235,112,132,-20,20
39236,85,86,-1,1
39237,75,74,1,1
39238,64,67,-3,3
39239,65,67,-2,2
39240,164,158,6,6
39241,63,37,26,26
39242,105,108,-3,3
39243,96,95,1,1
39244,102,90,12,12
39245,84,73,11,11
39246,72,80,-8,8
39247,118,123,-5,5
39248,110,111,-1,1
39249,81,84,-3,3
39250,109,115,-6,6
39251,76,68,8,8
39252,64,61,3,3
39253,133,119,14,14
39254,143,129,14,14
39255,72,73,-1,1
39256,74,82,-8,8
39257,41,45,-4,4
39258,65,67,-2,2
39259,73,67,6,6
39260,63,71,-8,8
39261,175,161,14,14
39262,85,98,-13,13
39263,82,81,1,1
39264,48,49,-1,1
39265,97,91,6,6
39266,86,94,-8,8
39267,66,68,-2,2
39268,80,75,5,5
39269,84,87,-3,3
39270,90,88,2,2
39271,76,84,-8,8
39272,90,94,-4,4
39273,128,132,-4,4
39274,76,85,-9,9
39275,84,80,4,4
39276,116,117,-1,1
39277,72,76,-4,4
39278,88,84,4,4
39279,58,54,4,4
39280,80,78,2,2
39281,122,116,6,6
39282,84,89,-5,5
39283,62,64,-2,2
39284,78,71,7,7
39285,113,113,0,0
39286,152,150,2,2
39287,68,75,-7,7
39288,72,68,4,4
39289,104,110,-6,6
39290,100,100,0,0
39291,92,85,7,7
39292,95,85,10,10
39293,66,62,4,4
39294,78,82,-4,4
39295,117,108,9,9
39296,109,93,16,16
39297,157,141,16,16
39298,100,89,11,11
39299,101,94,7,7
39300,68,61,7,7
39301,137,120,17,17
39302,144,149,-5,5
39303,152,152,0,0
39304,121,112,9,9
39305,83,86,-3,3
39306,86,108,-22,22
39307,72,67,5,5
39308,82,94,-12,12
39309,115,110,5,5
39310,44,47,-3,3
39311,130,138,-8,8
39312,84,85,-1,1
39313,104,99,5,5
39314,70,62,8,8
39315,152,133,19,19
39316,66,69,-3,3
39317,137,115,22,22
39318,86,83,3,3
39319,130,114,16,16
39320,105,102,3,3
39321,79,81,-2,2
39322,79,77,2,2
39323,68,66,2,2
39324,86,81,5,5
39325,90,99,-9,9
39326,174,159,15,15
39327,41,46,-5,5
39328,109,97,12,12
39329,98,90,8,8
39330,79,85,-6,6
39331,107,114,-7,7
39332,138,140,-2,2
39333,49,41,8,8
39334,68,76,-8,8
39335,465,365,100,100
39336,102,92,10,10
39337,108,113,-5,5
39338,98,101,-3,3
39339,70,62,8,8
39340,90,91,-1,1
39341,103,102,1,1
39342,84,74,10,10
39343,128,138,-10,10
39344,205,185,20,20
39345,149,138,11,11
39346,51,55,-4,4
39347,64,68,-4,4
39348,155,141,14,14
39349,61,66,-5,5
39350,91,87,4,4
39351,69,76,-7,7
39352,51,64,-13,13
39353,59,58,1,1
39354,110,98,12,12
39355,145,128,17,17
39356,86,97,-11,11
39357,192,180,12,12
39358,80,69,11,11
39359,62,62,0,0
39360,116,120,-4,4
39361,94,107,-13,13
39362,60,61,-1,1
39363,128,146,-18,18
39364,129,125,4,4
39365,111,114,-3,3
39366,137,136,1,1
39367,164,150,14,14
39368,119,114,5,5
39369,90,90,0,0
39370,114,126,-12,12
39371,26,20,6,6
39372,107,109,-2,2
39373,68,67,1,1
39374,118,119,-1,1
39375,124,118,6,6
39376,170,161,9,9
39377,61,65,-4,4
39378,136,138,-2,2
39379,196,145,51,51
39380,87,82,5,5
39381,95,110,-15,15
39382,108,114,-6,6
39383,151,146,5,5
39384,67,72,-5,5
39385,149,144,5,5
39386,113,111,2,2
39387,50,63,-13,13
39388,79,85,-6,6
39389,103,101,2,2
39390,80,77,3,3
39391,172,172,0,0
39392,105,114,-9,9
39393,82,83,-1,1
39394,47,49,-2,2
39395,54,54,0,0
39396,80,76,4,4
39397,64,61,3,3
39398,150,141,9,9
39399,134,132,2,2
39400,61,68,-7,7
39401,108,102,6,6
39402,116,117,-1,1
39403,101,119,-18,18
39404,81,79,2,2
39405,90,92,-2,2
39406,71,74,-3,3
39407,119,116,3,3
39408,133,135,-2,2
39409,125,134,-9,9
39410,70,66,4,4
39411,182,171,11,11
39412,114,119,-5,5
39413,136,139,-3,3
39414,76,78,-2,2
39415,114,101,13,13
39416,46,51,-5,5
39417,97,115,-18,18
39418,70,76,-6,6
39419,63,56,7,7
39420,100,90,10,10
39421,114,111,3,3
39422,52,52,0,0
39423,130,130,0,0
39424,108,98,10,10
39425,133,120,13,13
39426,26,40,-14,14
39427,75,74,1,1
39428,112,118,-6,6
39429,73,66,7,7
39430,44,52,-8,8
39431,75,73,2,2
39432,93,93,0,0
39433,60,74,-14,14
39434,83,81,2,2
39435,140,132,8,8
39436,100,100,0,0
39437,107,100,7,7
39438,95,80,15,15
39439,111,99,12,12
39440,112,108,4,4
39441,67,71,-4,4
39442,52,54,-2,2
39443,113,102,11,11
39444,77,74,3,3
39445,135,135,0,0
39446,61,61,0,0
39447,58,67,-9,9
39448,60,60,0,0
39449,100,94,6,6
39450,49,57,-8,8
39451,71,68,3,3
39452,104,109,-5,5
39453,49,54,-5,5
39454,141,138,3,3
39455,113,115,-2,2
39456,74,70,4,4
39457,135,137,-2,2
39458,61,65,-4,4
39459,115,115,0,0
39460,89,96,-7,7
39461,76,74,2,2
39462,111,120,-9,9
39463,61,68,-7,7
39464,54,53,1,1
39465,95,102,-7,7
39466,125,124,1,1
39467,168,165,3,3
39468,71,68,3,3
39469,80,75,5,5
39470,224,223,1,1
39471,87,90,-3,3
39472,65,67,-2,2
39473,130,133,-3,3
39474,111,116,-5,5
39475,76,71,5,5
39476,111,102,9,9
39477,88,94,-6,6
39478,97,93,4,4
39479,118,118,0,0
39480,93,81,12,12
39481,131,118,13,13
39482,82,83,-1,1
39483,153,144,9,9
39484,76,76,0,0
39485,105,113,-8,8
39486,38,38,0,0
39487,56,63,-7,7
39488,75,75,0,0
39489,40,45,-5,5
39490,139,141,-2,2
39491,78,93,-15,15
39492,72,74,-2,2
39493,123,133,-10,10
39494,71,67,4,4
39495,144,139,5,5
39496,51,57,-6,6
39497,63,61,2,2
39498,51,54,-3,3
39499,98,93,5,5
39500,83,79,4,4
39501,75,85,-10,10
39502,108,111,-3,3
39503,100,93,7,7
39504,61,56,5,5
39505,76,76,0,0
39506,156,210,-54,54
39507,69,66,3,3
39508,219,211,8,8
39509,112,114,-2,2
39510,86,87,-1,1
39511,53,49,4,4
39512,108,107,1,1
39513,82,81,1,1
39514,89,80,9,9
39515,125,119,6,6
39516,96,118,-22,22
39517,113,112,1,1
39518,61,71,-10,10
39519,39,45,-6,6
39520,65,77,-12,12
39521,101,101,0,0
39522,188,167,21,21
39523,73,73,0,0
39524,51,59,-8,8
39525,126,125,1,1
39526,95,119,-24,24
39527,85,102,-17,17
39528,112,128,-16,16
39529,117,119,-2,2
39530,109,93,16,16
39531,47,54,-7,7
39532,63,74,-11,11
39533,92,93,-1,1
39534,78,78,0,0
39535,100,93,7,7
39536,137,125,12,12
39537,163,155,8,8
39538,74,87,-13,13
39539,64,73,-9,9
39540,87,74,13,13
39541,87,90,-3,3
39542,120,125,-5,5
39543,129,122,7,7
39544,137,133,4,4
39545,65,66,-1,1
39546,67,67,0,0
39547,83,81,2,2
39548,91,86,5,5
39549,88,82,6,6
39550,47,54,-7,7
39551,119,117,2,2
39552,76,79,-3,3
39553,96,92,4,4
39554,69,77,-8,8
39555,91,90,1,1
39556,95,95,0,0
39557,89,100,-11,11
39558,89,84,5,5
39559,106,109,-3,3
39560,86,60,26,26
39561,119,111,8,8
39562,76,82,-6,6
39563,95,87,8,8
39564,93,86,7,7
39565,93,79,14,14
39566,87,87,0,0
39567,142,148,-6,6
39568,81,79,2,2
39569,54,52,2,2
39570,131,123,8,8
39571,53,55,-2,2
39572,132,135,-3,3
39573,83,83,0,0
39574,77,69,8,8
39575,86,91,-5,5
39576,135,128,7,7
39577,114,110,4,4
39578,75,88,-13,13
39579,62,72,-10,10
39580,96,93,3,3
39581,88,82,6,6
39582,58,61,-3,3
39583,55,61,-6,6
39584,70,70,0,0
39585,162,147,15,15
39586,98,89,9,9
39587,73,66,7,7
39588,52,57,-5,5
39589,86,84,2,2
39590,133,117,16,16
39591,102,100,2,2
39592,137,134,3,3
39593,58,56,2,2
39594,94,78,16,16
39595,158,148,10,10
39596,88,89,-1,1
39597,81,89,-8,8
39598,88,78,10,10
39599,170,177,-7,7
39600,132,127,5,5
39601,160,157,3,3
39602,69,70,-1,1
39603,78,79,-1,1
39604,47,61,-14,14
39605,122,123,-1,1
39606,46,46,0,0
39607,81,87,-6,6
39608,173,177,-4,4
39609,36,111,-75,75
39610,84,76,8,8
39611,118,103,15,15
39612,113,99,14,14
39613,162,159,3,3
39614,98,104,-6,6
39615,96,92,4,4
39616,71,73,-2,2
39617,68,66,2,2
39618,85,81,4,4
39619,34,62,-28,28
39620,69,82,-13,13
39621,69,74,-5,5
39622,128,120,8,8
39623,99,103,-4,4
39624,121,122,-1,1
39625,179,165,14,14
39626,92,97,-5,5
39627,171,174,-3,3
39628,94,95,-1,1
39629,112,116,-4,4
39630,79,75,4,4
39631,57,67,-10,10
39632,72,79,-7,7
39633,161,141,20,20
39634,132,129,3,3
39635,126,120,6,6
39636,78,82,-4,4
39637,72,71,1,1
39638,88,92,-4,4
39639,93,90,3,3
39640,56,57,-1,1
39641,179,162,17,17
39642,99,94,5,5
39643,143,127,16,16
39644,25,35,-10,10
39645,85,81,4,4
39646,50,53,-3,3
39647,110,108,2,2
39648,133,126,7,7
39649,103,96,7,7
39650,149,146,3,3
39651,146,148,-2,2
39652,65,68,-3,3
39653,117,134,-17,17
39654,53,52,1,1
39655,155,141,14,14
39656,127,129,-2,2
39657,87,89,-2,2
39658,167,154,13,13
39659,74,68,6,6
39660,65,69,-4,4
39661,50,53,-3,3
39662,109,108,1,1
39663,65,65,0,0
39664,98,94,4,4
39665,128,125,3,3
39666,132,133,-1,1
39667,174,175,-1,1
39668,81,82,-1,1
39669,69,73,-4,4
39670,77,72,5,5
39671,69,70,-1,1
39672,68,71,-3,3
39673,132,136,-4,4
39674,152,162,-10,10
39675,87,88,-1,1
39676,30,38,-8,8
39677,98,86,12,12
39678,99,92,7,7
39679,116,117,-1,1
39680,100,98,2,2
39681,137,129,8,8
39682,63,67,-4,4
39683,82,90,-8,8
39684,99,116,-17,17
39685,58,62,-4,4
39686,68,71,-3,3
39687,121,117,4,4
39688,91,76,15,15
39689,61,80,-19,19
39690,46,49,-3,3
39691,107,119,-12,12
39692,80,74,6,6
39693,78,81,-3,3
39694,83,77,6,6
39695,139,134,5,5
39696,113,114,-1,1
39697,109,115,-6,6
39698,168,162,6,6
39699,148,140,8,8
39700,90,82,8,8
39701,49,55,-6,6
39702,91,99,-8,8
39703,48,53,-5,5
39704,99,102,-3,3
39705,125,130,-5,5
39706,77,95,-18,18
39707,89,89,0,0
39708,85,76,9,9
39709,85,81,4,4
39710,60,66,-6,6
39711,100,97,3,3
39712,61,65,-4,4
39713,87,86,1,1
39714,79,79,0,0
39715,48,48,0,0
39716,90,99,-9,9
39717,85,82,3,3
39718,77,71,6,6
39719,56,61,-5,5
39720,55,56,-1,1
39721,148,147,1,1
39722,108,99,9,9
39723,69,63,6,6
39724,151,143,8,8
39725,98,84,14,14
39726,87,87,0,0
39727,76,72,4,4
39728,84,79,5,5
39729,39,45,-6,6
39730,105,106,-1,1
39731,68,93,-25,25
39732,58,68,-10,10
39733,81,79,2,2
39734,108,112,-4,4
39735,98,100,-2,2
39736,148,120,28,28
39737,71,73,-2,2
39738,108,103,5,5
39739,68,73,-5,5
39740,82,84,-2,2
39741,159,142,17,17
39742,109,97,12,12
39743,113,109,4,4
39744,106,102,4,4
39745,124,116,8,8
39746,74,74,0,0
39747,23,28,-5,5
39748,94,87,7,7
39749,69,69,0,0
39750,63,67,-4,4
39751,49,56,-7,7
39752,83,80,3,3
39753,65,64,1,1
39754,122,96,26,26
39755,110,111,-1,1
39756,145,142,3,3
39757,128,115,13,13
39758,61,59,2,2
39759,135,128,7,7
39760,62,53,9,9
39761,143,123,20,20
39762,59,62,-3,3
39763,133,128,5,5
39764,84,92,-8,8
39765,127,123,4,4
39766,75,69,6,6
39767,128,125,3,3
39768,85,92,-7,7
39769,127,116,11,11
39770,66,76,-10,10
39771,45,43,2,2
39772,89,89,0,0
39773,82,77,5,5
39774,98,89,9,9
39775,51,56,-5,5
39776,112,115,-3,3
39777,70,71,-1,1
39778,75,59,16,16
39779,97,96,1,1
39780,59,71,-12,12
39781,51,48,3,3
39782,53,56,-3,3
39783,56,68,-12,12
39784,67,61,6,6
39785,66,71,-5,5
39786,89,85,4,4
39787,94,81,13,13
39788,77,85,-8,8
39789,41,43,-2,2
39790,85,82,3,3
39791,72,69,3,3
39792,108,111,-3,3
39793,105,108,-3,3
39794,67,72,-5,5
39795,97,92,5,5
39796,76,75,1,1
39797,133,146,-13,13
39798,93,94,-1,1
39799,40,45,-5,5
39800,66,64,2,2
39801,43,50,-7,7
39802,145,133,12,12
39803,135,116,19,19
39804,64,70,-6,6
39805,76,94,-18,18
39806,55,57,-2,2
39807,78,70,8,8
39808,103,99,4,4
39809,141,145,-4,4
39810,152,151,1,1
39811,110,121,-11,11
39812,122,116,6,6
39813,78,80,-2,2
39814,82,82,0,0
39815,104,90,14,14
39816,112,109,3,3
39817,69,64,5,5
39818,48,50,-2,2
39819,60,68,-8,8
39820,54,52,2,2
39821,128,120,8,8
39822,61,60,1,1
39823,108,115,-7,7
39824,86,87,-1,1
39825,74,80,-6,6
39826,168,163,5,5
39827,76,72,4,4
39828,80,80,0,0
39829,96,91,5,5
39830,74,70,4,4
39831,59,57,2,2
39832,143,141,2,2
39833,68,61,7,7
39834,76,79,-3,3
39835,97,99,-2,2
39836,66,67,-1,1
39837,94,92,2,2
39838,159,149,10,10
39839,76,69,7,7
39840,121,123,-2,2
39841,123,127,-4,4
39842,80,80,0,0
39843,77,79,-2,2
39844,52,57,-5,5
39845,115,119,-4,4
39846,180,156,24,24
39847,70,71,-1,1
39848,79,85,-6,6
39849,112,99,13,13
39850,89,92,-3,3
39851,83,83,0,0
39852,108,115,-7,7
39853,67,70,-3,3
39854,86,83,3,3
39855,82,86,-4,4
39856,156,149,7,7
39857,141,130,11,11
39858,154,147,7,7
39859,63,65,-2,2
39860,52,53,-1,1
39861,122,112,10,10
39862,69,75,-6,6
39863,93,89,4,4
39864,106,115,-9,9
39865,76,83,-7,7
39866,97,85,12,12
39867,96,94,2,2
39868,116,118,-2,2
39869,98,93,5,5
39870,89,86,3,3
39871,137,139,-2,2
39872,88,73,15,15
39873,115,115,0,0
39874,135,133,2,2
39875,99,101,-2,2
39876,68,73,-5,5
39877,98,97,1,1
39878,119,114,5,5
39879,77,73,4,4
39880,74,82,-8,8
39881,115,113,2,2
39882,67,67,0,0
39883,79,85,-6,6
39884,107,113,-6,6
39885,83,81,2,2
39886,74,83,-9,9
39887,160,158,2,2
39888,56,58,-2,2
39889,74,74,0,0
39890,95,97,-2,2
39891,141,151,-10,10
39892,98,96,2,2
39893,84,86,-2,2
39894,118,114,4,4
39895,58,55,3,3
39896,54,62,-8,8
39897,74,72,2,2
39898,69,72,-3,3
39899,123,110,13,13
39900,59,61,-2,2
39901,50,54,-4,4
39902,56,54,2,2
39903,55,59,-4,4
39904,145,135,10,10
39905,89,85,4,4
39906,74,63,11,11
39907,67,69,-2,2
39908,100,108,-8,8
39909,99,99,0,0
39910,64,69,-5,5
39911,49,58,-9,9
39912,144,146,-2,2
39913,65,65,0,0
39914,57,60,-3,3
39915,74,79,-5,5
39916,82,87,-5,5
39917,80,74,6,6
39918,167,186,-19,19
39919,55,48,7,7
39920,98,100,-2,2
39921,69,71,-2,2
39922,60,65,-5,5
39923,149,144,5,5
39924,170,163,7,7
39925,56,59,-3,3
39926,120,116,4,4
39927,114,117,-3,3
39928,123,125,-2,2
39929,67,73,-6,6
39930,145,141,4,4
39931,72,71,1,1
39932,85,80,5,5
39933,117,120,-3,3
39934,87,109,-22,22
39935,66,73,-7,7
39936,116,123,-7,7
39937,53,64,-11,11
39938,109,100,9,9
39939,26,32,-6,6
39940,51,53,-2,2
39941,65,59,6,6
39942,89,80,9,9
39943,110,93,17,17
39944,70,73,-3,3
39945,46,49,-3,3
39946,119,117,2,2
39947,127,120,7,7
39948,95,90,5,5
39949,68,71,-3,3
39950,73,70,3,3
39951,112,108,4,4
39952,152,158,-6,6
39953,83,82,1,1
39954,115,115,0,0
39955,131,111,20,20
39956,49,48,1,1
39957,118,97,21,21
39958,94,83,11,11
39959,120,120,0,0
39960,64,75,-11,11
39961,145,137,8,8
39962,63,66,-3,3
39963,62,61,1,1
39964,55,56,-1,1
39965,113,122,-9,9
39966,62,60,2,2
39967,80,84,-4,4
39968,100,94,6,6
39969,72,77,-5,5
39970,75,74,1,1
39971,104,102,2,2
39972,56,53,3,3
39973,116,128,-12,12
39974,87,90,-3,3
39975,109,109,0,0
39976,107,115,-8,8
39977,63,66,-3,3
39978,127,132,-5,5
39979,124,112,12,12
39980,67,67,0,0
39981,229,190,39,39
39982,144,126,18,18
39983,110,113,-3,3
39984,70,65,5,5
39985,102,97,5,5
39986,153,136,17,17
39987,82,82,0,0
39988,50,51,-1,1
39989,54,61,-7,7
39990,97,89,8,8
39991,75,82,-7,7
39992,83,77,6,6
39993,88,85,3,3
39994,129,122,7,7
39995,91,80,11,11
39996,115,109,6,6
39997,96,94,2,2
39998,177,170,7,7
39999,109,111,-2,2
40000,91,91,0,0
40001,102,97,5,5
40002,75,67,8,8
40003,67,70,-3,3
40004,85,87,-2,2
40005,133,125,8,8
40006,122,122,0,0
40007,99,98,1,1
40008,72,75,-3,3
40009,80,82,-2,2
40010,61,62,-1,1
40011,118,112,6,6
40012,112,113,-1,1
40013,69,75,-6,6
40014,156,151,5,5
40015,140,135,5,5
40016,55,53,2,2
40017,85,89,-4,4
40018,104,96,8,8
40019,113,110,3,3
40020,61,67,-6,6
40021,110,117,-7,7
40022,142,126,16,16
40023,93,88,5,5
40024,49,54,-5,5
40025,139,143,-4,4
40026,42,46,-4,4
40027,80,73,7,7
40028,138,135,3,3
40029,148,145,3,3
40030,28,46,-18,18
40031,54,61,-7,7
40032,85,78,7,7
40033,84,79,5,5
40034,161,145,16,16
40035,80,80,0,0
40036,108,124,-16,16
40037,91,91,0,0
40038,92,85,7,7
40039,92,103,-11,11
40040,91,96,-5,5
40041,146,135,11,11
40042,59,68,-9,9
40043,109,99,10,10
40044,67,70,-3,3
40045,89,92,-3,3
40046,156,142,14,14
40047,106,98,8,8
40048,71,74,-3,3
40049,161,154,7,7
40050,97,93,4,4
40051,95,89,6,6
40052,128,129,-1,1
40053,79,92,-13,13
40054,127,134,-7,7
40055,88,93,-5,5
40056,63,64,-1,1
40057,47,48,-1,1
40058,67,77,-10,10
40059,44,42,2,2
40060,70,65,5,5
40061,59,52,7,7
40062,115,114,1,1
40063,123,128,-5,5
40064,49,50,-1,1
40065,81,80,1,1
40066,55,59,-4,4
40067,105,96,9,9
40068,120,119,1,1
40069,95,98,-3,3
40070,73,79,-6,6
40071,76,79,-3,3
40072,95,93,2,2
40073,35,38,-3,3
40074,85,81,4,4
40075,65,78,-13,13
40076,125,126,-1,1
40077,62,62,0,0
40078,95,96,-1,1
40079,139,136,3,3
40080,77,81,-4,4
40081,65,65,0,0
40082,53,58,-5,5
40083,83,72,11,11
40084,62,50,12,12
40085,74,74,0,0
40086,32,34,-2,2
40087,67,67,0,0
40088,134,121,13,13
40089,78,84,-6,6
40090,88,85,3,3
40091,81,87,-6,6
40092,60,63,-3,3
40093,117,108,9,9
40094,61,66,-5,5
40095,147,144,3,3
40096,217,194,23,23
40097,84,82,2,2
40098,67,65,2,2
40099,158,172,-14,14
40100,51,59,-8,8
40101,91,93,-2,2
40102,72,69,3,3
40103,121,125,-4,4
40104,76,70,6,6
40105,117,112,5,5
40106,63,64,-1,1
40107,82,89,-7,7
40108,87,96,-9,9
40109,77,74,3,3
40110,67,70,-3,3
40111,129,109,20,20
40112,56,57,-1,1
40113,60,68,-8,8
40114,130,119,11,11
40115,106,118,-12,12
40116,73,71,2,2
40117,89,89,0,0
40118,85,96,-11,11
40119,71,66,5,5
40120,206,208,-2,2
40121,142,146,-4,4
40122,106,110,-4,4
40123,98,96,2,2
40124,60,72,-12,12
40125,113,115,-2,2
40126,57,61,-4,4
40127,73,54,19,19
40128,186,161,25,25
40129,87,95,-8,8
40130,122,116,6,6
40131,80,83,-3,3
40132,130,119,11,11
40133,106,104,2,2
40134,175,193,-18,18
40135,135,119,16,16
40136,115,111,4,4
40137,80,76,4,4
40138,125,114,11,11
40139,85,95,-10,10
40140,85,76,9,9
40141,143,136,7,7
40142,92,88,4,4
40143,74,61,13,13
40144,66,76,-10,10
40145,68,65,3,3
40146,103,94,9,9
40147,82,83,-1,1
40148,57,61,-4,4
40149,102,114,-12,12
40150,117,118,-1,1
40151,79,82,-3,3
40152,179,157,22,22
40153,111,119,-8,8
40154,59,62,-3,3
40155,90,85,5,5
40156,82,109,-27,27
40157,120,116,4,4
40158,89,90,-1,1
40159,76,75,1,1
40160,74,69,5,5
40161,54,56,-2,2
40162,51,52,-1,1
40163,71,73,-2,2
40164,116,98,18,18
40165,84,78,6,6
40166,107,101,6,6
40167,83,81,2,2
40168,170,159,11,11
40169,118,119,-1,1
40170,115,112,3,3
40171,78,89,-11,11
40172,155,146,9,9
40173,143,144,-1,1
40174,80,86,-6,6
40175,64,77,-13,13
40176,97,89,8,8
40177,92,93,-1,1
40178,63,66,-3,3
40179,196,170,26,26
40180,70,79,-9,9
40181,95,92,3,3
40182,73,76,-3,3
40183,64,71,-7,7
40184,86,99,-13,13
40185,93,97,-4,4
40186,81,77,4,4
40187,132,108,24,24
40188,89,70,19,19
40189,80,71,9,9
40190,61,63,-2,2
40191,148,153,-5,5
40192,104,99,5,5
40193,105,110,-5,5
40194,94,86,8,8
40195,72,76,-4,4
40196,71,71,0,0
40197,115,116,-1,1
40198,100,96,4,4
40199,64,64,0,0
40200,88,79,9,9
40201,175,181,-6,6
40202,153,157,-4,4
40203,58,54,4,4
40204,143,148,-5,5
40205,49,53,-4,4
40206,62,58,4,4
40207,72,74,-2,2
40208,112,113,-1,1
40209,90,84,6,6
40210,88,84,4,4
40211,92,87,5,5
40212,25,39,-14,14
40213,97,94,3,3
40214,133,122,11,11
40215,86,87,-1,1
40216,81,80,1,1
40217,164,152,12,12
40218,64,61,3,3
40219,79,77,2,2
40220,108,107,1,1
40221,62,71,-9,9
40222,84,82,2,2
40223,187,184,3,3
40224,70,81,-11,11
40225,119,110,9,9
40226,86,107,-21,21
40227,118,114,4,4
40228,79,86,-7,7
40229,77,78,-1,1
40230,85,92,-7,7
40231,107,95,12,12
40232,76,77,-1,1
40233,54,46,8,8
40234,66,69,-3,3
40235,64,74,-10,10
40236,56,52,4,4
40237,147,155,-8,8
40238,92,68,24,24
40239,119,114,5,5
40240,61,73,-12,12
40241,112,110,2,2
40242,116,122,-6,6
40243,68,76,-8,8
40244,153,152,1,1
40245,114,125,-11,11
40246,115,113,2,2
40247,91,93,-2,2
40248,68,72,-4,4
40249,111,109,2,2
40250,79,69,10,10
40251,57,65,-8,8
40252,114,116,-2,2
40253,66,73,-7,7
40254,96,83,13,13
40255,83,96,-13,13
40256,93,81,12,12
40257,83,73,10,10
40258,80,74,6,6
40259,82,83,-1,1
40260,114,117,-3,3
40261,49,59,-10,10
40262,67,74,-7,7
40263,79,79,0,0
40264,77,75,2,2
40265,64,66,-2,2
40266,177,167,10,10
40267,71,77,-6,6
40268,99,89,10,10
40269,90,86,4,4
40270,107,109,-2,2
40271,103,95,8,8
40272,144,141,3,3
40273,81,78,3,3
40274,69,73,-4,4
40275,63,82,-19,19
40276,105,110,-5,5
40277,100,90,10,10
40278,118,122,-4,4
40279,89,81,8,8
40280,90,86,4,4
40281,88,93,-5,5
40282,69,65,4,4
40283,59,55,4,4
40284,84,81,3,3
40285,143,144,-1,1
40286,112,124,-12,12
40287,143,155,-12,12
40288,78,83,-5,5
40289,38,43,-5,5
40290,107,94,13,13
40291,57,61,-4,4
40292,62,93,-31,31
40293,79,82,-3,3
40294,72,79,-7,7
40295,85,83,2,2
40296,83,83,0,0
40297,69,71,-2,2
40298,62,59,3,3
40299,80,81,-1,1
40300,55,65,-10,10
40301,77,70,7,7
40302,77,81,-4,4
40303,81,90,-9,9
40304,88,86,2,2
40305,75,87,-12,12
40306,103,108,-5,5
40307,63,61,2,2
40308,115,101,14,14
40309,149,149,0,0
40310,48,50,-2,2
40311,67,65,2,2
40312,167,147,20,20
40313,116,116,0,0
40314,40,51,-11,11
40315,93,94,-1,1
40316,98,91,7,7
40317,105,95,10,10
40318,150,142,8,8
40319,174,146,28,28
40320,156,137,19,19
40321,61,99,-38,38
40322,124,131,-7,7
40323,61,61,0,0
40324,58,61,-3,3
40325,147,148,-1,1
40326,80,90,-10,10
40327,115,108,7,7
40328,139,136,3,3
40329,73,72,1,1
40330,208,199,9,9
40331,92,99,-7,7
40332,63,55,8,8
40333,126,117,9,9
40334,31,36,-5,5
40335,55,68,-13,13
40336,154,148,6,6
40337,110,111,-1,1
40338,62,60,2,2
40339,124,119,5,5
40340,81,74,7,7
40341,78,73,5,5
40342,122,135,-13,13
40343,110,117,-7,7
40344,100,84,16,16
40345,112,113,-1,1
40346,58,56,2,2
40347,92,88,4,4
40348,143,141,2,2
40349,76,71,5,5
40350,62,72,-10,10
40351,72,77,-5,5
40352,96,99,-3,3
40353,98,98,0,0
40354,209,183,26,26
40355,81,80,1,1
40356,65,71,-6,6
40357,111,99,12,12
40358,158,147,11,11
40359,106,110,-4,4
40360,124,113,11,11
40361,90,81,9,9
40362,95,94,1,1
40363,86,91,-5,5
40364,89,83,6,6
40365,59,69,-10,10
40366,132,120,12,12
40367,91,76,15,15
40368,90,85,5,5
40369,85,84,1,1
40370,77,89,-12,12
40371,68,63,5,5
40372,77,84,-7,7
40373,125,133,-8,8
40374,53,52,1,1
40375,100,110,-10,10
40376,128,130,-2,2
40377,78,70,8,8
40378,73,93,-20,20
40379,79,79,0,0
40380,89,93,-4,4
40381,101,101,0,0
40382,93,110,-17,17
40383,93,95,-2,2
40384,62,65,-3,3
40385,113,112,1,1
40386,117,115,2,2
40387,133,125,8,8
40388,107,115,-8,8
40389,64,89,-25,25
40390,48,48,0,0
40391,103,101,2,2
40392,91,97,-6,6
40393,121,128,-7,7
40394,109,112,-3,3
40395,92,92,0,0
40396,118,109,9,9
40397,82,86,-4,4
40398,76,67,9,9
40399,98,92,6,6
40400,118,111,7,7
40401,124,131,-7,7
40402,120,102,18,18
40403,85,91,-6,6
40404,112,111,1,1
40405,88,88,0,0
40406,65,61,4,4
40407,48,51,-3,3
40408,66,75,-9,9
40409,106,80,26,26
40410,174,145,29,29
40411,161,151,10,10
40412,42,86,-44,44
40413,65,73,-8,8
40414,47,54,-7,7
40415,100,112,-12,12
40416,91,90,1,1
40417,59,62,-3,3
40418,77,88,-11,11
40419,83,81,2,2
40420,91,85,6,6
40421,91,87,4,4
40422,163,159,4,4
40423,89,86,3,3
40424,144,152,-8,8
40425,107,115,-8,8
40426,75,67,8,8
40427,210,210,0,0
40428,168,159,9,9
40429,116,96,20,20
40430,67,76,-9,9
40431,66,70,-4,4
40432,23,33,-10,10
40433,99,94,5,5
40434,66,68,-2,2
40435,56,58,-2,2
40436,92,87,5,5
40437,132,125,7,7
40438,67,67,0,0
40439,42,41,1,1
40440,123,124,-1,1
40441,44,49,-5,5
40442,117,115,2,2
40443,109,109,0,0
40444,106,101,5,5
40445,92,92,0,0
40446,88,81,7,7
40447,74,75,-1,1
40448,114,128,-14,14
40449,146,130,16,16
40450,105,107,-2,2
40451,91,96,-5,5
40452,124,121,3,3
40453,178,167,11,11
40454,98,92,6,6
40455,145,151,-6,6
40456,76,76,0,0
40457,100,97,3,3
40458,128,111,17,17
40459,152,148,4,4
40460,40,44,-4,4
40461,65,71,-6,6
40462,107,113,-6,6
40463,90,87,3,3
40464,100,109,-9,9
40465,71,86,-15,15
40466,55,61,-6,6
40467,80,90,-10,10
40468,131,120,11,11
40469,28,38,-10,10
40470,93,92,1,1
40471,149,158,-9,9
40472,88,86,2,2
40473,50,55,-5,5
40474,82,91,-9,9
40475,125,119,6,6
40476,131,117,14,14
40477,93,102,-9,9
40478,83,81,2,2
40479,149,152,-3,3
40480,74,79,-5,5
40481,124,125,-1,1
40482,174,156,18,18
40483,83,111,-28,28
40484,119,121,-2,2
40485,85,80,5,5
40486,70,65,5,5
40487,197,186,11,11
40488,131,128,3,3
40489,130,117,13,13
40490,73,79,-6,6
40491,97,91,6,6
40492,85,96,-11,11
40493,198,173,25,25
40494,100,93,7,7
40495,81,80,1,1
40496,71,75,-4,4
40497,97,98,-1,1
40498,77,87,-10,10
40499,88,88,0,0
40500,90,84,6,6
40501,74,73,1,1
40502,70,75,-5,5
40503,63,60,3,3
40504,149,139,10,10
40505,97,86,11,11
40506,65,70,-5,5
40507,81,77,4,4
40508,100,100,0,0
40509,79,88,-9,9
40510,106,109,-3,3
40511,79,82,-3,3
40512,137,137,0,0
40513,82,90,-8,8
40514,68,59,9,9
40515,100,90,10,10
40516,40,47,-7,7
40517,57,58,-1,1
40518,73,75,-2,2
40519,85,88,-3,3
40520,135,126,9,9
40521,126,124,2,2
40522,158,153,5,5
40523,110,110,0,0
40524,125,130,-5,5
40525,115,110,5,5
40526,112,116,-4,4
40527,71,77,-6,6
40528,121,138,-17,17
40529,97,109,-12,12
40530,104,101,3,3
40531,97,95,2,2
40532,54,58,-4,4
40533,76,78,-2,2
40534,132,107,25,25
40535,98,109,-11,11
40536,107,108,-1,1
40537,119,113,6,6
40538,125,120,5,5
40539,96,100,-4,4
40540,49,53,-4,4
40541,89,77,12,12
40542,101,94,7,7
40543,86,94,-8,8
40544,43,46,-3,3
40545,40,44,-4,4
40546,109,106,3,3
40547,49,56,-7,7
40548,99,104,-5,5
40549,120,93,27,27
40550,70,81,-11,11
40551,177,164,13,13
40552,59,70,-11,11
40553,90,91,-1,1
40554,99,99,0,0
40555,99,100,-1,1
40556,113,100,13,13
40557,87,87,0,0
40558,120,118,2,2
40559,122,111,11,11
40560,156,152,4,4
40561,90,81,9,9
40562,109,110,-1,1
40563,59,68,-9,9
40564,110,113,-3,3
40565,64,67,-3,3
40566,76,77,-1,1
40567,93,87,6,6
40568,81,86,-5,5
40569,155,148,7,7
40570,77,93,-16,16
40571,52,54,-2,2
40572,48,54,-6,6
40573,94,99,-5,5
40574,72,78,-6,6
40575,78,92,-14,14
40576,108,102,6,6
40577,74,83,-9,9
40578,67,65,2,2
40579,88,82,6,6
40580,127,123,4,4
40581,88,108,-20,20
40582,53,68,-15,15
40583,101,108,-7,7
40584,105,107,-2,2
40585,120,120,0,0
40586,63,72,-9,9
40587,50,54,-4,4
40588,67,68,-1,1
40589,121,120,1,1
40590,76,77,-1,1
40591,95,75,20,20
40592,97,96,1,1
40593,63,71,-8,8
40594,135,132,3,3
40595,61,56,5,5
40596,79,78,1,1
40597,133,126,7,7
40598,97,107,-10,10
40599,78,67,11,11
40600,96,92,4,4
40601,47,47,0,0
40602,139,125,14,14
40603,99,94,5,5
40604,113,100,13,13
40605,94,92,2,2
40606,100,108,-8,8
40607,71,82,-11,11
40608,102,109,-7,7
40609,113,111,2,2
40610,85,82,3,3
40611,75,66,9,9
40612,62,57,5,5
40613,111,87,24,24
40614,80,75,5,5
40615,117,117,0,0
40616,107,104,3,3
40617,75,76,-1,1
40618,82,85,-3,3
40619,73,75,-2,2
40620,110,111,-1,1
40621,115,113,2,2
40622,151,144,7,7
40623,60,65,-5,5
40624,51,57,-6,6
40625,76,70,6,6
40626,115,110,5,5
40627,79,79,0,0
40628,85,85,0,0
40629,84,86,-2,2
40630,136,123,13,13
40631,76,80,-4,4
40632,30,43,-13,13
40633,141,136,5,5
40634,83,79,4,4
40635,81,85,-4,4
40636,79,86,-7,7
40637,113,112,1,1
40638,88,82,6,6
40639,145,168,-23,23
40640,156,153,3,3
40641,80,89,-9,9
40642,103,98,5,5
40643,116,115,1,1
40644,76,71,5,5
40645,123,122,1,1
40646,93,89,4,4
40647,103,111,-8,8
40648,67,65,2,2
40649,102,112,-10,10
40650,92,84,8,8
40651,86,84,2,2
40652,56,61,-5,5
40653,80,83,-3,3
40654,137,137,0,0
40655,48,64,-16,16
40656,87,73,14,14
40657,112,120,-8,8
40658,74,68,6,6
40659,87,89,-2,2
40660,101,107,-6,6
40661,58,65,-7,7
40662,116,113,3,3
40663,97,91,6,6
40664,65,62,3,3
40665,98,87,11,11
40666,98,87,11,11
40667,156,146,10,10
40668,88,87,1,1
40669,85,92,-7,7
40670,64,61,3,3
40671,72,75,-3,3
40672,107,116,-9,9
40673,87,101,-14,14
40674,115,114,1,1
40675,102,88,14,14
40676,120,113,7,7
40677,87,93,-6,6
40678,81,82,-1,1
40679,53,57,-4,4
40680,71,91,-20,20
40681,78,79,-1,1
40682,104,98,6,6
40683,113,122,-9,9
40684,51,46,5,5
40685,65,76,-11,11
40686,109,131,-22,22
40687,78,86,-8,8
40688,105,93,12,12
40689,93,100,-7,7
40690,103,99,4,4
40691,113,99,14,14
40692,77,85,-8,8
40693,135,130,5,5
40694,82,68,14,14
40695,84,81,3,3
40696,56,66,-10,10
40697,54,55,-1,1
40698,146,130,16,16
40699,149,144,5,5
40700,91,84,7,7
40701,61,60,1,1
40702,117,126,-9,9
40703,46,48,-2,2
40704,159,155,4,4
40705,94,88,6,6
40706,153,138,15,15
40707,108,104,4,4
40708,85,78,7,7
40709,69,72,-3,3
40710,295,242,53,53
40711,74,75,-1,1
40712,103,107,-4,4
40713,80,80,0,0
40714,68,71,-3,3
40715,120,127,-7,7
40716,86,86,0,0
40717,118,114,4,4
40718,74,79,-5,5
40719,99,83,16,16
40720,76,70,6,6
40721,134,123,11,11
40722,97,111,-14,14
40723,66,73,-7,7
40724,92,107,-15,15
40725,50,55,-5,5
40726,83,87,-4,4
40727,98,98,0,0
40728,72,71,1,1
40729,71,73,-2,2
40730,71,78,-7,7
40731,78,83,-5,5
40732,81,83,-2,2
40733,126,128,-2,2
40734,71,70,1,1
40735,70,69,1,1
40736,141,139,2,2
40737,75,70,5,5
40738,85,78,7,7
40739,89,91,-2,2
40740,82,85,-3,3
40741,174,161,13,13
40742,77,74,3,3
40743,113,120,-7,7
40744,165,165,0,0
40745,55,53,2,2
40746,94,85,9,9
40747,81,88,-7,7
40748,103,98,5,5
40749,87,79,8,8
40750,68,84,-16,16
40751,205,212,-7,7
40752,85,88,-3,3
40753,66,65,1,1
40754,68,65,3,3
40755,87,85,2,2
40756,101,90,11,11
40757,115,113,2,2
40758,69,63,6,6
40759,144,138,6,6
40760,97,95,2,2
40761,107,110,-3,3
40762,88,101,-13,13
40763,138,134,4,4
40764,90,79,11,11
40765,129,140,-11,11
40766,66,68,-2,2
40767,75,75,0,0
40768,118,113,5,5
40769,99,95,4,4
40770,77,72,5,5
40771,89,84,5,5
40772,95,95,0,0
40773,56,55,1,1
40774,115,116,-1,1
40775,59,59,0,0
40776,117,117,0,0
40777,110,114,-4,4
40778,120,101,19,19
40779,98,84,14,14
40780,121,122,-1,1
40781,100,84,16,16
40782,85,81,4,4
40783,106,108,-2,2
40784,165,153,12,12
40785,65,73,-8,8
40786,58,60,-2,2
40787,165,159,6,6
40788,56,61,-5,5
40789,62,71,-9,9
40790,85,75,10,10
40791,93,96,-3,3
40792,57,63,-6,6
40793,97,95,2,2
40794,96,98,-2,2
40795,45,50,-5,5
40796,114,114,0,0
40797,77,70,7,7
40798,77,85,-8,8
40799,89,82,7,7
40800,70,67,3,3
40801,84,90,-6,6
40802,89,104,-15,15
40803,104,110,-6,6
40804,88,87,1,1
40805,68,69,-1,1
40806,67,69,-2,2
40807,51,54,-3,3
40808,144,150,-6,6
40809,135,133,2,2
40810,89,90,-1,1
40811,122,117,5,5
40812,110,108,2,2
40813,81,82,-1,1
40814,147,155,-8,8
40815,60,62,-2,2
40816,137,145,-8,8
40817,110,111,-1,1
40818,125,124,1,1
40819,89,91,-2,2
40820,129,140,-11,11
40821,70,62,8,8
40822,149,150,-1,1
40823,72,81,-9,9
40824,96,99,-3,3
40825,76,81,-5,5
40826,154,151,3,3
40827,220,196,24,24
40828,106,109,-3,3
40829,95,100,-5,5
40830,158,163,-5,5
40831,140,138,2,2
40832,86,89,-3,3
40833,96,86,10,10
40834,100,93,7,7
40835,70,82,-12,12
40836,64,65,-1,1
40837,147,141,6,6
40838,75,78,-3,3
40839,80,73,7,7
40840,161,147,14,14
40841,83,102,-19,19
40842,89,79,10,10
40843,169,157,12,12
40844,85,88,-3,3
40845,151,154,-3,3
40846,85,80,5,5
40847,61,67,-6,6
40848,62,63,-1,1
40849,118,114,4,4
40850,97,91,6,6
40851,118,112,6,6
40852,104,92,12,12
40853,44,46,-2,2
40854,101,96,5,5
40855,69,71,-2,2
40856,52,56,-4,4
40857,115,117,-2,2
40858,56,56,0,0
40859,110,119,-9,9
40860,96,121,-25,25
40861,88,86,2,2
40862,94,93,1,1
40863,60,64,-4,4
40864,108,109,-1,1
40865,114,102,12,12
40866,87,88,-1,1
40867,102,101,1,1
40868,75,67,8,8
40869,56,53,3,3
40870,123,126,-3,3
40871,29,45,-16,16
40872,70,83,-13,13
40873,87,84,3,3
40874,48,62,-14,14
40875,108,99,9,9
40876,164,165,-1,1
40877,125,111,14,14
40878,66,69,-3,3
40879,190,179,11,11
40880,91,90,1,1
40881,116,89,27,27
40882,96,94,2,2
40883,86,85,1,1
40884,157,163,-6,6
40885,149,137,12,12
40886,54,59,-5,5
40887,81,84,-3,3
40888,97,101,-4,4
40889,128,122,6,6
40890,96,97,-1,1
40891,121,124,-3,3
40892,131,126,5,5
40893,133,122,11,11
40894,130,128,2,2
40895,97,87,10,10
40896,68,73,-5,5
40897,118,109,9,9
40898,91,87,4,4
40899,90,101,-11,11
40900,65,65,0,0
40901,143,129,14,14
40902,80,67,13,13
40903,96,78,18,18
40904,104,98,6,6
40905,112,115,-3,3
40906,86,85,1,1
40907,91,89,2,2
40908,205,176,29,29
40909,73,82,-9,9
40910,101,93,8,8
40911,73,75,-2,2
40912,90,83,7,7
40913,191,193,-2,2
40914,90,92,-2,2
40915,149,147,2,2
40916,73,85,-12,12
40917,152,153,-1,1
40918,115,111,4,4
40919,88,93,-5,5
40920,86,82,4,4
40921,103,104,-1,1
40922,37,42,-5,5
40923,83,76,7,7
40924,76,66,10,10
40925,56,56,0,0
40926,130,123,7,7
40927,67,64,3,3
40928,78,76,2,2
40929,105,102,3,3
40930,101,97,4,4
40931,88,84,4,4
40932,83,86,-3,3
40933,108,109,-1,1
40934,67,64,3,3
40935,107,105,2,2
40936,43,39,4,4
40937,71,81,-10,10
40938,99,88,11,11
40939,120,127,-7,7
40940,132,119,13,13
40941,30,43,-13,13
40942,88,88,0,0
40943,82,95,-13,13
40944,59,66,-7,7
40945,68,66,2,2
40946,120,106,14,14
40947,60,60,0,0
40948,103,98,5,5
40949,110,109,1,1
40950,114,112,2,2
40951,90,89,1,1
40952,192,179,13,13
40953,100,106,-6,6
40954,119,121,-2,2
40955,91,84,7,7
40956,98,96,2,2
40957,51,52,-1,1
40958,94,91,3,3
40959,98,107,-9,9
40960,71,69,2,2
40961,106,120,-14,14
40962,78,80,-2,2
40963,66,70,-4,4
40964,79,82,-3,3
40965,85,87,-2,2
40966,147,147,0,0
40967,68,66,2,2
40968,66,66,0,0
40969,81,81,0,0
40970,133,131,2,2
40971,120,116,4,4
40972,71,74,-3,3
40973,169,167,2,2
40974,159,153,6,6
40975,57,64,-7,7
40976,73,76,-3,3
40977,44,43,1,1
40978,85,89,-4,4
40979,49,64,-15,15
40980,54,53,1,1
40981,89,85,4,4
40982,62,71,-9,9
40983,88,83,5,5
40984,93,100,-7,7
40985,66,66,0,0
40986,69,69,0,0
40987,138,153,-15,15
40988,88,89,-1,1
40989,102,102,0,0
40990,45,45,0,0
40991,48,54,-6,6
40992,106,111,-5,5
40993,158,127,31,31
40994,125,118,7,7
40995,64,80,-16,16
40996,153,153,0,0
40997,66,67,-1,1
40998,87,90,-3,3
40999,90,84,6,6
41000,105,106,-1,1
41001,51,48,3,3
41002,148,134,14,14
41003,123,132,-9,9
41004,59,57,2,2
41005,88,78,10,10
41006,91,94,-3,3
41007,77,78,-1,1
41008,98,94,4,4
41009,84,89,-5,5
41010,97,92,5,5
41011,129,120,9,9
41012,158,157,1,1
41013,99,108,-9,9
41014,153,155,-2,2
41015,140,124,16,16
41016,97,90,7,7
41017,116,118,-2,2
41018,108,100,8,8
41019,117,117,0,0
41020,112,108,4,4
41021,70,73,-3,3
41022,117,124,-7,7
41023,186,177,9,9
41024,88,89,-1,1
41025,40,46,-6,6
41026,69,76,-7,7
41027,138,121,17,17
41028,68,73,-5,5
41029,194,173,21,21
41030,141,137,4,4
41031,66,77,-11,11
41032,87,92,-5,5
41033,112,112,0,0
41034,120,109,11,11
41035,117,111,6,6
41036,116,119,-3,3
41037,113,124,-11,11
41038,109,120,-11,11
41039,116,113,3,3
41040,107,101,6,6
41041,156,143,13,13
41042,54,59,-5,5
41043,96,93,3,3
41044,116,112,4,4
41045,105,98,7,7
41046,53,55,-2,2
41047,146,139,7,7
41048,111,124,-13,13
41049,55,54,1,1
41050,130,125,5,5
41051,89,83,6,6
41052,99,114,-15,15
41053,101,89,12,12
41054,107,112,-5,5
41055,56,59,-3,3
41056,72,72,0,0
41057,141,139,2,2
41058,49,53,-4,4
41059,50,47,3,3
41060,106,94,12,12
41061,71,70,1,1
41062,82,97,-15,15
41063,112,101,11,11
41064,114,118,-4,4
41065,91,91,0,0
41066,79,79,0,0
41067,87,90,-3,3
41068,72,69,3,3
41069,140,141,-1,1
41070,79,82,-3,3
41071,103,97,6,6
41072,105,109,-4,4
41073,80,79,1,1
41074,63,65,-2,2
41075,89,84,5,5
41076,58,67,-9,9
41077,71,66,5,5
41078,91,95,-4,4
41079,64,59,5,5
41080,134,128,6,6
41081,144,141,3,3
41082,46,67,-21,21
41083,79,88,-9,9
41084,137,123,14,14
41085,71,68,3,3
41086,88,82,6,6
41087,99,86,13,13
41088,77,78,-1,1
41089,71,72,-1,1
41090,66,66,0,0
41091,57,65,-8,8
41092,107,109,-2,2
41093,157,159,-2,2
41094,59,67,-8,8
41095,107,116,-9,9
41096,150,139,11,11
41097,97,98,-1,1
41098,56,58,-2,2
41099,122,119,3,3
41100,118,106,12,12
41101,98,79,19,19
41102,87,95,-8,8
41103,84,68,16,16
41104,67,67,0,0
41105,97,100,-3,3
41106,110,111,-1,1
41107,75,77,-2,2
41108,49,60,-11,11
41109,121,129,-8,8
41110,124,122,2,2
41111,86,83,3,3
41112,91,89,2,2
41113,74,68,6,6
41114,87,79,8,8
41115,61,66,-5,5
41116,76,81,-5,5
41117,169,172,-3,3
41118,79,80,-1,1
41119,85,94,-9,9
41120,129,113,16,16
41121,68,69,-1,1
41122,88,113,-25,25
41123,136,122,14,14
41124,81,79,2,2
41125,143,153,-10,10
41126,66,63,3,3
41127,90,96,-6,6
41128,69,68,1,1
41129,129,133,-4,4
41130,77,84,-7,7
41131,128,131,-3,3
41132,110,113,-3,3
41133,125,126,-1,1
41134,82,76,6,6
41135,147,138,9,9
41136,77,75,2,2
41137,81,70,11,11
41138,91,87,4,4
41139,106,94,12,12
41140,65,71,-6,6
41141,59,54,5,5
41142,107,115,-8,8
41143,75,84,-9,9
41144,86,98,-12,12
41145,92,89,3,3
41146,87,86,1,1
41147,115,126,-11,11
41148,70,73,-3,3
41149,78,67,11,11
41150,77,76,1,1
41151,142,153,-11,11
41152,161,159,2,2
41153,145,133,12,12
41154,102,100,2,2
41155,68,71,-3,3
41156,81,86,-5,5
41157,92,84,8,8
41158,91,93,-2,2
41159,87,85,2,2
41160,168,162,6,6
41161,58,56,2,2
41162,119,102,17,17
41163,55,52,3,3
41164,69,72,-3,3
41165,69,70,-1,1
41166,99,103,-4,4
41167,72,72,0,0
41168,82,87,-5,5
41169,134,128,6,6
41170,88,80,8,8
41171,61,64,-3,3
41172,77,78,-1,1
41173,106,114,-8,8
41174,89,89,0,0
41175,90,88,2,2
41176,102,113,-11,11
41177,77,74,3,3
41178,63,63,0,0
41179,76,80,-4,4
41180,67,64,3,3
41181,64,72,-8,8
41182,66,70,-4,4
41183,126,125,1,1
41184,91,102,-11,11
41185,148,130,18,18
41186,111,103,8,8
41187,58,65,-7,7
41188,93,87,6,6
41189,80,72,8,8
41190,173,165,8,8
41191,80,79,1,1
41192,117,113,4,4
41193,69,60,9,9
41194,115,115,0,0
41195,122,113,9,9
41196,76,77,-1,1
41197,89,72,17,17
41198,92,111,-19,19
41199,101,98,3,3
41200,156,145,11,11
41201,88,88,0,0
41202,61,61,0,0
41203,80,78,2,2
41204,128,124,4,4
41205,101,94,7,7
41206,114,112,2,2
41207,142,124,18,18
41208,53,52,1,1
41209,138,133,5,5
41210,49,50,-1,1
41211,146,133,13,13
41212,91,84,7,7
41213,136,143,-7,7
41214,60,67,-7,7
41215,147,139,8,8
41216,86,85,1,1
41217,71,68,3,3
41218,127,154,-27,27
41219,62,67,-5,5
41220,109,103,6,6
41221,69,70,-1,1
41222,186,184,2,2
41223,44,52,-8,8
41224,39,39,0,0
41225,89,89,0,0
41226,113,117,-4,4
41227,65,64,1,1
41228,63,68,-5,5
41229,61,66,-5,5
41230,132,124,8,8
41231,70,75,-5,5
41232,179,168,11,11
41233,103,111,-8,8
41234,118,110,8,8
41235,71,72,-1,1
41236,156,143,13,13
41237,95,90,5,5
41238,108,115,-7,7
41239,92,91,1,1
41240,125,117,8,8
41241,103,92,11,11
41242,87,76,11,11
41243,57,66,-9,9
41244,95,96,-1,1
41245,207,210,-3,3
41246,72,74,-2,2
41247,158,155,3,3
41248,78,83,-5,5
41249,59,61,-2,2
41250,77,62,15,15
41251,78,75,3,3
41252,120,110,10,10
41253,137,136,1,1
41254,71,64,7,7
41255,117,114,3,3
41256,97,95,2,2
41257,108,110,-2,2
41258,64,69,-5,5
41259,125,115,10,10
41260,57,57,0,0
41261,47,55,-8,8
41262,110,96,14,14
41263,173,176,-3,3
41264,70,62,8,8
41265,112,109,3,3
41266,69,70,-1,1
41267,95,92,3,3
41268,50,49,1,1
41269,60,62,-2,2
41270,108,111,-3,3
41271,88,86,2,2
41272,141,163,-22,22
41273,65,69,-4,4
41274,111,124,-13,13
41275,110,100,10,10
41276,156,131,25,25
41277,70,88,-18,18
41278,77,84,-7,7
41279,111,109,2,2
41280,77,74,3,3
41281,132,147,-15,15
41282,94,85,9,9
41283,87,92,-5,5
41284,71,77,-6,6
41285,69,75,-6,6
41286,57,59,-2,2
41287,63,68,-5,5
41288,170,170,0,0
41289,99,93,6,6
41290,91,92,-1,1
41291,75,80,-5,5
41292,155,151,4,4
41293,169,159,10,10
41294,121,112,9,9
41295,56,61,-5,5
41296,73,72,1,1
41297,142,81,61,61
41298,76,82,-6,6
41299,117,122,-5,5
41300,113,120,-7,7
41301,63,56,7,7
41302,146,134,12,12
41303,71,68,3,3
41304,68,67,1,1
41305,96,97,-1,1
41306,64,69,-5,5
41307,79,68,11,11
41308,77,78,-1,1
41309,54,57,-3,3
41310,81,83,-2,2
41311,106,110,-4,4
41312,130,117,13,13
41313,63,57,6,6
41314,74,76,-2,2
41315,87,87,0,0
41316,97,91,6,6
41317,136,150,-14,14
41318,78,76,2,2
41319,114,104,10,10
41320,172,191,-19,19
41321,69,85,-16,16
41322,55,67,-12,12
41323,68,66,2,2
41324,84,81,3,3
41325,64,59,5,5
41326,44,49,-5,5
41327,98,93,5,5
41328,118,128,-10,10
41329,115,110,5,5
41330,151,147,4,4
41331,66,67,-1,1
41332,150,138,12,12
41333,94,89,5,5
41334,83,90,-7,7
41335,138,129,9,9
41336,96,96,0,0
41337,117,115,2,2
41338,32,38,-6,6
41339,167,160,7,7
41340,162,141,21,21
41341,120,125,-5,5
41342,84,86,-2,2
41343,64,65,-1,1
41344,147,142,5,5
41345,74,80,-6,6
41346,42,56,-14,14
41347,65,78,-13,13
41348,87,80,7,7
41349,101,110,-9,9
41350,64,63,1,1
41351,54,65,-11,11
41352,99,101,-2,2
41353,60,64,-4,4
41354,62,65,-3,3
41355,134,124,10,10
41356,79,83,-4,4
41357,74,74,0,0
41358,103,115,-12,12
41359,160,163,-3,3
41360,103,98,5,5
41361,96,96,0,0
41362,66,63,3,3
41363,72,68,4,4
41364,69,74,-5,5
41365,115,112,3,3
41366,74,71,3,3
41367,47,54,-7,7
41368,116,104,12,12
41369,75,85,-10,10
41370,74,83,-9,9
41371,138,126,12,12
41372,83,87,-4,4
41373,78,82,-4,4
41374,144,136,8,8
41375,94,90,4,4
41376,91,87,4,4
41377,97,108,-11,11
41378,79,81,-2,2
41379,87,89,-2,2
41380,50,55,-5,5
41381,61,60,1,1
41382,66,76,-10,10
41383,83,81,2,2
41384,69,63,6,6
41385,117,104,13,13
41386,123,116,7,7
41387,152,129,23,23
41388,53,51,2,2
41389,41,65,-24,24
41390,120,112,8,8
41391,50,57,-7,7
41392,103,103,0,0
41393,59,74,-15,15
41394,146,147,-1,1
41395,74,63,11,11
41396,119,112,7,7
41397,100,100,0,0
41398,109,107,2,2
41399,140,130,10,10
41400,104,102,2,2
41401,118,125,-7,7
41402,129,118,11,11
41403,62,63,-1,1
41404,80,84,-4,4
41405,67,69,-2,2
41406,45,49,-4,4
41407,111,116,-5,5
41408,110,113,-3,3
41409,68,70,-2,2
41410,84,96,-12,12
41411,132,117,15,15
41412,67,65,2,2
41413,66,70,-4,4
41414,53,72,-19,19
41415,88,90,-2,2
41416,115,120,-5,5
41417,142,146,-4,4
41418,134,138,-4,4
41419,108,111,-3,3
41420,63,68,-5,5
41421,68,61,7,7
41422,96,86,10,10
41423,73,79,-6,6
41424,88,93,-5,5
41425,107,97,10,10
41426,114,130,-16,16
41427,132,132,0,0
41428,64,72,-8,8
41429,73,70,3,3
41430,109,101,8,8
41431,65,67,-2,2
41432,138,117,21,21
41433,103,96,7,7
41434,132,124,8,8
41435,67,70,-3,3
41436,70,70,0,0
41437,114,128,-14,14
41438,54,61,-7,7
41439,87,82,5,5
41440,57,62,-5,5
41441,163,168,-5,5
41442,83,85,-2,2
41443,48,53,-5,5
41444,62,72,-10,10
41445,110,99,11,11
41446,64,57,7,7
41447,154,148,6,6
41448,119,116,3,3
41449,81,86,-5,5
41450,76,76,0,0
41451,125,109,16,16
41452,82,80,2,2
41453,140,137,3,3
41454,58,56,2,2
41455,90,82,8,8
41456,94,86,8,8
41457,70,73,-3,3
41458,126,121,5,5
41459,42,49,-7,7
41460,96,90,6,6
41461,144,129,15,15
41462,84,78,6,6
41463,91,85,6,6
41464,89,86,3,3
41465,68,74,-6,6
41466,74,72,2,2
41467,73,72,1,1
41468,95,88,7,7
41469,141,130,11,11
41470,144,132,12,12
41471,115,120,-5,5
41472,126,115,11,11
41473,81,74,7,7
41474,70,67,3,3
41475,101,109,-8,8
41476,36,44,-8,8
41477,103,97,6,6
41478,50,54,-4,4
41479,108,97,11,11
41480,168,177,-9,9
41481,89,100,-11,11
41482,128,118,10,10
41483,87,74,13,13
41484,72,60,12,12
41485,166,158,8,8
41486,75,74,1,1
41487,116,118,-2,2
41488,66,67,-1,1
41489,89,94,-5,5
41490,72,78,-6,6
41491,103,116,-13,13
41492,82,86,-4,4
41493,108,113,-5,5
41494,115,103,12,12
41495,154,171,-17,17
41496,96,96,0,0
41497,70,71,-1,1
41498,105,100,5,5
41499,103,110,-7,7
41500,80,83,-3,3
41501,167,130,37,37
41502,131,133,-2,2
41503,87,85,2,2
41504,83,82,1,1
41505,221,199,22,22
41506,67,69,-2,2
41507,114,112,2,2
41508,88,76,12,12
41509,80,75,5,5
41510,183,176,7,7
41511,67,71,-4,4
41512,172,165,7,7
41513,56,53,3,3
41514,60,56,4,4
41515,60,57,3,3
41516,77,83,-6,6
41517,85,77,8,8
41518,64,64,0,0
41519,88,93,-5,5
41520,143,127,16,16
41521,148,148,0,0
41522,73,75,-2,2
41523,97,99,-2,2
41524,85,94,-9,9
41525,62,57,5,5
41526,82,80,2,2
41527,63,59,4,4
41528,55,53,2,2
41529,133,126,7,7
41530,96,97,-1,1
41531,98,96,2,2
41532,67,68,-1,1
41533,104,111,-7,7
41534,118,156,-38,38
41535,83,94,-11,11
41536,110,113,-3,3
41537,138,134,4,4
41538,79,72,7,7
41539,75,69,6,6
41540,67,70,-3,3
41541,59,60,-1,1
41542,63,56,7,7
41543,125,119,6,6
41544,156,159,-3,3
41545,88,80,8,8
41546,106,108,-2,2
41547,88,85,3,3
41548,126,128,-2,2
41549,71,78,-7,7
41550,109,110,-1,1
41551,61,99,-38,38
41552,100,108,-8,8
41553,157,131,26,26
41554,168,162,6,6
41555,110,109,1,1
41556,92,98,-6,6
41557,118,129,-11,11
41558,159,162,-3,3
41559,67,68,-1,1
41560,78,88,-10,10
41561,93,91,2,2
41562,76,73,3,3
41563,156,145,11,11
41564,63,70,-7,7
41565,87,88,-1,1
41566,79,75,4,4
41567,56,59,-3,3
41568,65,65,0,0
41569,99,99,0,0
41570,90,74,16,16
41571,108,115,-7,7
41572,59,57,2,2
41573,48,69,-21,21
41574,73,70,3,3
41575,111,97,14,14
41576,69,68,1,1
41577,149,129,20,20
41578,87,78,9,9
41579,87,82,5,5
41580,85,83,2,2
41581,112,98,14,14
41582,78,87,-9,9
41583,74,81,-7,7
41584,85,88,-3,3
41585,77,82,-5,5
41586,113,105,8,8
41587,106,108,-2,2
41588,61,73,-12,12
41589,82,90,-8,8
41590,115,115,0,0
41591,51,57,-6,6
41592,109,93,16,16
41593,61,56,5,5
41594,60,65,-5,5
41595,129,126,3,3
41596,152,130,22,22
41597,90,87,3,3
41598,204,192,12,12
41599,95,86,9,9
41600,81,85,-4,4
41601,75,74,1,1
41602,95,90,5,5
41603,108,113,-5,5
41604,140,131,9,9
41605,47,47,0,0
41606,92,79,13,13
41607,127,129,-2,2
41608,64,75,-11,11
41609,86,75,11,11
41610,83,78,5,5
41611,86,92,-6,6
41612,110,110,0,0
41613,128,133,-5,5
41614,152,148,4,4
41615,106,112,-6,6
41616,71,73,-2,2
41617,70,78,-8,8
41618,71,72,-1,1
41619,80,87,-7,7
41620,10,20,-10,10
41621,95,86,9,9
41622,88,84,4,4
41623,55,45,10,10
41624,96,83,13,13
41625,114,99,15,15
41626,113,111,2,2
41627,115,108,7,7
41628,50,53,-3,3
41629,130,129,1,1
41630,130,126,4,4
41631,85,84,1,1
41632,72,71,1,1
41633,177,168,9,9
41634,90,98,-8,8
41635,131,142,-11,11
41636,68,70,-2,2
41637,46,52,-6,6
41638,96,98,-2,2
41639,161,151,10,10
41640,60,60,0,0
41641,73,75,-2,2
41642,50,55,-5,5
41643,60,53,7,7
41644,122,117,5,5
41645,136,126,10,10
41646,90,84,6,6
41647,131,125,6,6
41648,95,90,5,5
41649,66,69,-3,3
41650,105,116,-11,11
41651,82,82,0,0
41652,107,104,3,3
41653,61,61,0,0
41654,136,122,14,14
41655,128,140,-12,12
41656,66,74,-8,8
41657,125,126,-1,1
41658,69,66,3,3
41659,68,80,-12,12
41660,84,84,0,0
41661,47,56,-9,9
41662,77,76,1,1
41663,113,108,5,5
41664,155,159,-4,4
41665,88,91,-3,3
41666,76,75,1,1
41667,104,144,-40,40
41668,43,46,-3,3
41669,69,74,-5,5
41670,94,104,-10,10
41671,121,117,4,4
41672,178,169,9,9
41673,69,67,2,2
41674,113,119,-6,6
41675,118,116,2,2
41676,86,85,1,1
41677,71,72,-1,1
41678,112,109,3,3
41679,114,109,5,5
41680,68,66,2,2
41681,75,73,2,2
41682,103,97,6,6
41683,71,75,-4,4
41684,57,58,-1,1
41685,88,88,0,0
41686,165,155,10,10
41687,79,87,-8,8
41688,133,137,-4,4
41689,125,115,10,10
41690,91,111,-20,20
41691,117,122,-5,5
41692,108,98,10,10
41693,101,99,2,2
41694,61,63,-2,2
41695,170,160,10,10
41696,152,146,6,6
41697,86,86,0,0
41698,89,87,2,2
41699,137,130,7,7
41700,107,109,-2,2
41701,145,130,15,15
41702,152,161,-9,9
41703,89,78,11,11
41704,81,75,6,6
41705,102,101,1,1
41706,85,89,-4,4
41707,70,72,-2,2
41708,85,81,4,4
41709,105,107,-2,2
41710,79,61,18,18
41711,55,63,-8,8
41712,94,88,6,6
41713,49,55,-6,6
41714,42,45,-3,3
41715,302,232,70,70
41716,116,110,6,6
41717,68,68,0,0
41718,81,83,-2,2
41719,98,114,-16,16
41720,120,107,13,13
41721,135,138,-3,3
41722,85,88,-3,3
41723,76,77,-1,1
41724,125,123,2,2
41725,26,30,-4,4
41726,111,94,17,17
41727,152,139,13,13
41728,85,83,2,2
41729,99,101,-2,2
41730,98,114,-16,16
41731,99,96,3,3
41732,81,77,4,4
41733,98,110,-12,12
41734,101,86,15,15
41735,64,66,-2,2
41736,185,182,3,3
41737,97,94,3,3
41738,93,107,-14,14
41739,65,66,-1,1
41740,89,89,0,0
41741,53,57,-4,4
41742,96,94,2,2
41743,133,129,4,4
41744,149,130,19,19
41745,155,149,6,6
41746,86,84,2,2
41747,64,60,4,4
41748,133,126,7,7
41749,119,130,-11,11
41750,70,74,-4,4
41751,57,58,-1,1
41752,56,64,-8,8
41753,55,54,1,1
41754,57,62,-5,5
41755,106,111,-5,5
41756,85,94,-9,9
41757,80,80,0,0
41758,71,86,-15,15
41759,79,94,-15,15
41760,72,78,-6,6
41761,67,63,4,4
41762,200,192,8,8
41763,55,61,-6,6
41764,103,102,1,1
41765,80,77,3,3
41766,113,115,-2,2
41767,34,67,-33,33
41768,77,80,-3,3
41769,145,145,0,0
41770,143,149,-6,6
41771,100,95,5,5
41772,53,69,-16,16
41773,61,90,-29,29
41774,109,118,-9,9
41775,86,74,12,12
41776,72,76,-4,4
41777,86,90,-4,4
41778,115,126,-11,11
41779,74,79,-5,5
41780,85,85,0,0
41781,97,94,3,3
41782,111,111,0,0
41783,63,78,-15,15
41784,104,107,-3,3
41785,101,99,2,2
41786,110,109,1,1
41787,72,78,-6,6
41788,128,125,3,3
41789,74,88,-14,14
41790,108,99,9,9
41791,110,110,0,0
41792,68,65,3,3
41793,41,45,-4,4
41794,153,158,-5,5
41795,115,117,-2,2
41796,58,62,-4,4
41797,45,64,-19,19
41798,92,89,3,3
41799,57,63,-6,6
41800,125,117,8,8
41801,82,89,-7,7
41802,61,66,-5,5
41803,148,140,8,8
41804,72,68,4,4
41805,108,109,-1,1
41806,97,109,-12,12
41807,134,123,11,11
41808,50,49,1,1
41809,66,67,-1,1
41810,61,57,4,4
41811,91,86,5,5
41812,133,129,4,4
41813,131,112,19,19
41814,67,76,-9,9
41815,112,111,1,1
41816,100,114,-14,14
41817,193,180,13,13
41818,90,82,8,8
41819,77,75,2,2
41820,80,80,0,0
41821,117,115,2,2
41822,87,88,-1,1
41823,64,70,-6,6
41824,61,60,1,1
41825,120,123,-3,3
41826,119,118,1,1
41827,137,127,10,10
41828,54,61,-7,7
41829,162,147,15,15
41830,152,162,-10,10
41831,69,65,4,4
41832,80,82,-2,2
41833,92,92,0,0
41834,96,90,6,6
41835,107,112,-5,5
41836,71,75,-4,4
41837,83,87,-4,4
41838,89,91,-2,2
41839,121,117,4,4
41840,81,81,0,0
41841,112,115,-3,3
41842,147,136,11,11
41843,62,64,-2,2
41844,129,128,1,1
41845,74,82,-8,8
41846,168,148,20,20
41847,47,49,-2,2
41848,128,134,-6,6
41849,49,55,-6,6
41850,56,59,-3,3
41851,89,82,7,7
41852,67,66,1,1
41853,68,76,-8,8
41854,114,115,-1,1
41855,137,144,-7,7
41856,122,118,4,4
41857,74,75,-1,1
41858,67,64,3,3
41859,129,128,1,1
41860,139,145,-6,6
41861,62,65,-3,3
41862,100,95,5,5
41863,88,85,3,3
41864,64,68,-4,4
41865,92,85,7,7
41866,119,138,-19,19
41867,81,82,-1,1
41868,59,56,3,3
41869,106,100,6,6
41870,94,91,3,3
41871,112,102,10,10
41872,80,85,-5,5
41873,101,111,-10,10
41874,135,126,9,9
41875,135,131,4,4
41876,104,94,10,10
41877,85,81,4,4
41878,176,170,6,6
41879,79,80,-1,1
41880,69,66,3,3
41881,41,40,1,1
41882,47,48,-1,1
41883,67,69,-2,2
41884,69,74,-5,5
41885,51,52,-1,1
41886,73,82,-9,9
41887,108,108,0,0
41888,47,44,3,3
41889,120,128,-8,8
41890,117,114,3,3
41891,91,100,-9,9
41892,110,115,-5,5
41893,82,78,4,4
41894,97,97,0,0
41895,92,91,1,1
41896,72,69,3,3
41897,74,62,12,12
41898,80,94,-14,14
41899,49,48,1,1
41900,133,126,7,7
41901,85,87,-2,2
41902,116,112,4,4
41903,72,63,9,9
41904,125,122,3,3
41905,91,90,1,1
41906,103,103,0,0
41907,110,110,0,0
41908,102,109,-7,7
41909,111,101,10,10
41910,50,66,-16,16
41911,50,53,-3,3
41912,106,101,5,5
41913,79,79,0,0
41914,138,124,14,14
41915,110,116,-6,6
41916,59,60,-1,1
41917,72,76,-4,4
41918,190,172,18,18
41919,93,89,4,4
41920,47,47,0,0
41921,46,57,-11,11
41922,135,129,6,6
41923,56,71,-15,15
41924,67,68,-1,1
41925,101,101,0,0
41926,78,76,2,2
41927,61,73,-12,12
41928,43,60,-17,17
41929,142,144,-2,2
41930,88,93,-5,5
41931,119,119,0,0
41932,146,130,16,16
41933,93,95,-2,2
41934,109,115,-6,6
41935,105,103,2,2
41936,98,107,-9,9
41937,75,72,3,3
41938,78,79,-1,1
41939,101,112,-11,11
41940,88,108,-20,20
41941,133,139,-6,6
41942,66,66,0,0
41943,101,100,1,1
41944,94,95,-1,1
41945,86,83,3,3
41946,95,90,5,5
41947,96,100,-4,4
41948,83,80,3,3
41949,119,100,19,19
41950,116,116,0,0
41951,92,86,6,6
41952,89,96,-7,7
41953,215,222,-7,7
41954,96,96,0,0
41955,138,133,5,5
41956,73,73,0,0
41957,72,77,-5,5
41958,83,91,-8,8
41959,119,113,6,6
41960,83,81,2,2
41961,140,129,11,11
41962,164,148,16,16
41963,105,97,8,8
41964,109,90,19,19
41965,100,93,7,7
41966,95,99,-4,4
41967,85,79,6,6
41968,83,83,0,0
41969,148,144,4,4
41970,95,100,-5,5
41971,110,126,-16,16
41972,104,118,-14,14
41973,125,139,-14,14
41974,110,121,-11,11
41975,109,110,-1,1
41976,87,84,3,3
41977,166,164,2,2
41978,68,81,-13,13
41979,104,92,12,12
41980,127,105,22,22
41981,60,65,-5,5
41982,106,94,12,12
41983,58,63,-5,5
41984,59,58,1,1
41985,98,96,2,2
41986,150,156,-6,6
41987,107,114,-7,7
41988,75,83,-8,8
41989,95,95,0,0
41990,82,83,-1,1
41991,101,87,14,14
41992,63,70,-7,7
41993,81,64,17,17
41994,60,64,-4,4
41995,121,116,5,5
41996,110,104,6,6
41997,73,80,-7,7
41998,62,69,-7,7
41999,66,72,-6,6
42000,87,91,-4,4
42001,130,139,-9,9
42002,84,90,-6,6
42003,142,140,2,2
42004,61,63,-2,2
42005,109,107,2,2
42006,147,137,10,10
42007,37,57,-20,20
42008,246,194,52,52
42009,61,68,-7,7
42010,111,111,0,0
42011,92,95,-3,3
42012,133,145,-12,12
42013,161,148,13,13
42014,128,136,-8,8
42015,73,67,6,6
42016,115,114,1,1
42017,159,156,3,3
42018,75,72,3,3
42019,85,96,-11,11
42020,79,85,-6,6
42021,103,96,7,7
42022,109,103,6,6
42023,89,88,1,1
42024,158,160,-2,2
42025,86,86,0,0
42026,114,99,15,15
42027,145,138,7,7
42028,83,78,5,5
42029,142,147,-5,5
42030,48,55,-7,7
42031,69,70,-1,1
42032,90,109,-19,19
42033,152,141,11,11
42034,72,76,-4,4
42035,93,95,-2,2
42036,59,63,-4,4
42037,142,134,8,8
42038,95,83,12,12
42039,152,138,14,14
42040,87,87,0,0
42041,79,58,21,21
42042,80,83,-3,3
42043,89,91,-2,2
42044,74,69,5,5
42045,78,71,7,7
42046,100,100,0,0
42047,92,93,-1,1
42048,135,136,-1,1
42049,112,113,-1,1
42050,109,111,-2,2
42051,86,79,7,7
42052,80,74,6,6
42053,92,104,-12,12
42054,93,95,-2,2
42055,111,115,-4,4
42056,64,62,2,2
42057,96,79,17,17
42058,79,92,-13,13
42059,148,163,-15,15
42060,74,83,-9,9
42061,91,85,6,6
42062,85,84,1,1
42063,104,103,1,1
42064,132,138,-6,6
42065,75,83,-8,8
42066,175,178,-3,3
42067,77,69,8,8
42068,92,92,0,0
42069,150,145,5,5
42070,35,23,12,12
42071,79,72,7,7
42072,57,60,-3,3
42073,70,58,12,12
42074,117,132,-15,15
42075,84,79,5,5
42076,51,75,-24,24
42077,88,96,-8,8
42078,83,80,3,3
42079,89,77,12,12
42080,79,78,1,1
42081,76,80,-4,4
42082,50,59,-9,9
42083,102,96,6,6
42084,111,128,-17,17
42085,82,87,-5,5
42086,114,128,-14,14
42087,99,89,10,10
42088,111,108,3,3
42089,99,100,-1,1
42090,68,66,2,2
42091,159,141,18,18
42092,78,78,0,0
42093,43,54,-11,11
42094,64,63,1,1
42095,77,80,-3,3
42096,38,47,-9,9
42097,39,40,-1,1
42098,87,98,-11,11
42099,89,83,6,6
42100,101,102,-1,1
42101,115,114,1,1
42102,101,93,8,8
42103,52,57,-5,5
42104,68,72,-4,4
42105,57,61,-4,4
42106,97,90,7,7
42107,80,85,-5,5
42108,95,95,0,0
42109,155,150,5,5
42110,74,76,-2,2
42111,104,95,9,9
42112,63,72,-9,9
42113,28,36,-8,8
42114,96,90,6,6
42115,104,109,-5,5
42116,118,115,3,3
42117,81,74,7,7
42118,58,62,-4,4
42119,85,93,-8,8
42120,59,68,-9,9
42121,91,105,-14,14
42122,120,114,6,6
42123,58,47,11,11
42124,89,79,10,10
42125,101,103,-2,2
42126,89,87,2,2
42127,68,60,8,8
42128,122,115,7,7
42129,71,80,-9,9
42130,71,72,-1,1
42131,75,96,-21,21
42132,130,136,-6,6
42133,103,95,8,8
42134,114,110,4,4
42135,145,139,6,6
42136,108,108,0,0
42137,102,108,-6,6
42138,107,106,1,1
42139,97,95,2,2
42140,94,86,8,8
42141,70,74,-4,4
42142,91,93,-2,2
42143,92,98,-6,6
42144,60,69,-9,9
42145,83,85,-2,2
42146,92,86,6,6
42147,106,114,-8,8
42148,47,59,-12,12
42149,72,70,2,2
42150,137,133,4,4
42151,69,73,-4,4
42152,69,62,7,7
42153,123,123,0,0
42154,77,78,-1,1
42155,74,67,7,7
42156,144,150,-6,6
42157,132,129,3,3
42158,109,103,6,6
42159,93,96,-3,3
42160,56,55,1,1
42161,125,119,6,6
42162,54,63,-9,9
42163,127,120,7,7
42164,96,97,-1,1
42165,106,90,16,16
42166,98,97,1,1
42167,97,94,3,3
42168,65,63,2,2
42169,91,81,10,10
42170,90,91,-1,1
42171,135,122,13,13
42172,109,118,-9,9
42173,101,100,1,1
42174,80,82,-2,2
42175,105,110,-5,5
42176,64,67,-3,3
42177,155,154,1,1
42178,119,120,-1,1
42179,76,67,9,9
42180,122,116,6,6
42181,59,61,-2,2
42182,63,60,3,3
42183,92,97,-5,5
42184,101,100,1,1
42185,100,99,1,1
42186,88,95,-7,7
42187,98,92,6,6
42188,153,139,14,14
42189,92,85,7,7
42190,76,69,7,7
42191,110,104,6,6
42192,86,90,-4,4
42193,130,131,-1,1
42194,126,127,-1,1
42195,78,71,7,7
42196,77,75,2,2
42197,104,107,-3,3
42198,126,138,-12,12
42199,79,74,5,5
42200,117,125,-8,8
42201,45,50,-5,5
42202,100,108,-8,8
42203,83,72,11,11
42204,134,135,-1,1
42205,83,82,1,1
42206,90,101,-11,11
42207,86,91,-5,5
42208,89,86,3,3
42209,60,62,-2,2
42210,78,80,-2,2
42211,120,123,-3,3
42212,72,73,-1,1
42213,104,103,1,1
42214,188,174,14,14
42215,93,89,4,4
42216,159,146,13,13
42217,80,77,3,3
42218,96,100,-4,4
42219,114,118,-4,4
42220,113,117,-4,4
42221,62,71,-9,9
42222,140,136,4,4
42223,157,146,11,11
42224,61,70,-9,9
42225,95,109,-14,14
42226,130,126,4,4
42227,134,142,-8,8
42228,84,87,-3,3
42229,83,79,4,4
42230,96,97,-1,1
42231,85,80,5,5
42232,117,124,-7,7
42233,49,51,-2,2
42234,55,56,-1,1
42235,116,100,16,16
42236,65,69,-4,4
42237,86,87,-1,1
42238,58,72,-14,14
42239,55,60,-5,5
42240,109,108,1,1
42241,109,97,12,12
42242,115,114,1,1
42243,131,113,18,18
42244,79,82,-3,3
42245,74,79,-5,5
42246,114,115,-1,1
42247,125,115,10,10
42248,90,81,9,9
42249,81,81,0,0
42250,109,103,6,6
42251,90,82,8,8
42252,58,52,6,6
42253,67,70,-3,3
42254,88,80,8,8
42255,71,86,-15,15
42256,118,131,-13,13
42257,109,111,-2,2
42258,75,97,-22,22
42259,38,40,-2,2
42260,173,164,9,9
42261,153,158,-5,5
42262,66,61,5,5
42263,58,63,-5,5
42264,44,50,-6,6
42265,86,79,7,7
42266,100,96,4,4
42267,86,87,-1,1
42268,106,110,-4,4
42269,80,79,1,1
42270,84,81,3,3
42271,76,74,2,2
42272,96,91,5,5
42273,90,91,-1,1
42274,116,126,-10,10
42275,196,169,27,27
42276,103,98,5,5
42277,95,106,-11,11
42278,68,64,4,4
42279,96,83,13,13
42280,109,104,5,5
42281,86,90,-4,4
42282,174,177,-3,3
42283,78,83,-5,5
42284,47,54,-7,7
42285,96,94,2,2
42286,92,90,2,2
42287,79,69,10,10
42288,85,82,3,3
42289,113,117,-4,4
42290,96,97,-1,1
42291,80,78,2,2
42292,43,42,1,1
42293,93,107,-14,14
42294,63,68,-5,5
42295,96,86,10,10
42296,103,100,3,3
42297,53,58,-5,5
42298,99,96,3,3
42299,79,85,-6,6
42300,70,72,-2,2
42301,106,96,10,10
42302,104,143,-39,39
42303,141,141,0,0
42304,99,87,12,12
42305,96,88,8,8
42306,55,52,3,3
42307,99,98,1,1
42308,116,119,-3,3
42309,64,91,-27,27
42310,152,135,17,17
42311,63,64,-1,1
42312,78,73,5,5
42313,123,137,-14,14
42314,126,128,-2,2
42315,79,75,4,4
42316,92,75,17,17
42317,94,101,-7,7
42318,200,189,11,11
42319,157,159,-2,2
42320,80,76,4,4
42321,57,59,-2,2
42322,141,138,3,3
42323,60,65,-5,5
42324,85,81,4,4
42325,54,52,2,2
42326,159,166,-7,7
42327,150,139,11,11
42328,87,82,5,5
42329,47,62,-15,15
42330,96,95,1,1
42331,82,82,0,0
42332,74,69,5,5
42333,120,122,-2,2
42334,109,90,19,19
42335,86,92,-6,6
42336,129,121,8,8
42337,196,184,12,12
42338,178,165,13,13
42339,105,96,9,9
42340,61,67,-6,6
42341,67,70,-3,3
42342,109,111,-2,2
42343,111,128,-17,17
42344,52,61,-9,9
42345,89,80,9,9
42346,71,82,-11,11
42347,111,112,-1,1
42348,40,38,2,2
42349,79,86,-7,7
42350,99,94,5,5
42351,96,94,2,2
42352,63,58,5,5
42353,103,125,-22,22
42354,97,113,-16,16
42355,90,92,-2,2
42356,119,109,10,10
42357,176,164,12,12
42358,97,98,-1,1
42359,131,135,-4,4
42360,86,79,7,7
42361,77,71,6,6
42362,84,83,1,1
42363,70,68,2,2
42364,109,110,-1,1
42365,121,120,1,1
42366,125,138,-13,13
42367,150,126,24,24
42368,103,99,4,4
42369,151,132,19,19
42370,58,59,-1,1
42371,64,63,1,1
42372,122,123,-1,1
42373,104,95,9,9
42374,92,82,10,10
42375,100,100,0,0
42376,142,131,11,11
42377,93,86,7,7
42378,120,115,5,5
42379,75,77,-2,2
42380,106,101,5,5
42381,60,75,-15,15
42382,83,84,-1,1
42383,98,98,0,0
42384,56,47,9,9
42385,37,42,-5,5
42386,97,85,12,12
42387,152,148,4,4
42388,97,93,4,4
42389,76,70,6,6
42390,80,89,-9,9
42391,56,56,0,0
42392,108,97,11,11
42393,128,109,19,19
42394,117,113,4,4
42395,103,99,4,4
42396,31,40,-9,9
42397,84,81,3,3
42398,92,90,2,2
42399,115,128,-13,13
42400,128,132,-4,4
42401,128,121,7,7
42402,75,81,-6,6
42403,72,80,-8,8
42404,95,93,2,2
42405,56,62,-6,6
42406,83,89,-6,6
42407,97,100,-3,3
42408,109,99,10,10
42409,126,122,4,4
42410,135,140,-5,5
42411,75,79,-4,4
42412,73,69,4,4
42413,89,87,2,2
42414,94,95,-1,1
42415,81,81,0,0
42416,78,80,-2,2
42417,79,71,8,8
42418,78,80,-2,2
42419,105,112,-7,7
42420,112,112,0,0
42421,75,68,7,7
42422,98,98,0,0
42423,94,91,3,3
42424,56,62,-6,6
42425,92,84,8,8
42426,68,68,0,0
42427,104,101,3,3
42428,144,123,21,21
42429,50,59,-9,9
42430,51,54,-3,3
42431,61,68,-7,7
42432,83,90,-7,7
42433,28,37,-9,9
42434,99,101,-2,2
42435,83,90,-7,7
42436,162,148,14,14
42437,104,100,4,4
42438,88,93,-5,5
42439,95,90,5,5
42440,116,110,6,6
42441,144,134,10,10
42442,69,55,14,14
42443,102,112,-10,10
42444,116,117,-1,1
42445,61,65,-4,4
42446,108,111,-3,3
42447,55,56,-1,1
42448,142,139,3,3
42449,156,149,7,7
42450,129,118,11,11
42451,180,168,12,12
42452,111,116,-5,5
42453,179,177,2,2
42454,89,92,-3,3
42455,114,111,3,3
42456,96,90,6,6
42457,117,121,-4,4
42458,64,61,3,3
42459,57,53,4,4
42460,54,59,-5,5
42461,95,86,9,9
42462,89,64,25,25
42463,109,96,13,13
42464,76,79,-3,3
42465,67,69,-2,2
42466,65,67,-2,2
42467,76,85,-9,9
42468,92,91,1,1
42469,92,91,1,1
42470,74,71,3,3
42471,92,81,11,11
42472,80,76,4,4
42473,89,88,1,1
42474,43,44,-1,1
42475,69,72,-3,3
42476,88,93,-5,5
42477,84,93,-9,9
42478,115,119,-4,4
42479,56,51,5,5
42480,95,108,-13,13
42481,80,92,-12,12
42482,80,82,-2,2
42483,98,93,5,5
42484,49,52,-3,3
42485,91,85,6,6
42486,64,68,-4,4
42487,53,62,-9,9
42488,85,76,9,9
42489,98,95,3,3
42490,100,93,7,7
42491,69,73,-4,4
42492,48,51,-3,3
42493,105,96,9,9
42494,163,147,16,16
42495,150,149,1,1
42496,85,89,-4,4
42497,128,129,-1,1
42498,99,107,-8,8
42499,103,95,8,8
42500,128,117,11,11
42501,107,111,-4,4
42502,55,65,-10,10
42503,84,89,-5,5
42504,90,96,-6,6
42505,90,95,-5,5
42506,72,71,1,1
42507,91,95,-4,4
42508,87,96,-9,9
42509,84,62,22,22
42510,42,46,-4,4
42511,65,68,-3,3
42512,131,131,0,0
42513,48,58,-10,10
42514,109,99,10,10
42515,85,92,-7,7
42516,66,61,5,5
42517,83,90,-7,7
42518,46,43,3,3
42519,141,135,6,6
42520,59,66,-7,7
42521,87,86,1,1
42522,84,91,-7,7
42523,86,91,-5,5
42524,127,121,6,6
42525,111,115,-4,4
42526,102,110,-8,8
42527,65,67,-2,2
42528,70,70,0,0
42529,61,68,-7,7
42530,104,102,2,2
42531,111,111,0,0
42532,202,174,28,28
42533,100,91,9,9
42534,136,136,0,0
42535,35,42,-7,7
42536,40,40,0,0
42537,115,113,2,2
42538,116,112,4,4
42539,72,63,9,9
42540,108,111,-3,3
42541,106,119,-13,13
42542,62,64,-2,2
42543,127,121,6,6
42544,94,88,6,6
42545,89,83,6,6
42546,70,74,-4,4
42547,72,77,-5,5
42548,98,83,15,15
42549,96,93,3,3
42550,108,113,-5,5
42551,142,121,21,21
42552,77,78,-1,1
42553,67,68,-1,1
42554,81,87,-6,6
42555,54,54,0,0
42556,124,121,3,3
42557,110,119,-9,9
42558,101,104,-3,3
42559,86,90,-4,4
42560,117,114,3,3
42561,111,109,2,2
42562,136,127,9,9
42563,78,77,1,1
42564,62,79,-17,17
42565,231,217,14,14
42566,180,184,-4,4
42567,91,90,1,1
42568,134,137,-3,3
42569,80,79,1,1
42570,100,103,-3,3
42571,123,120,3,3
42572,109,110,-1,1
42573,70,70,0,0
42574,57,60,-3,3
42575,148,148,0,0
42576,76,73,3,3
42577,70,73,-3,3
42578,82,86,-4,4
42579,102,111,-9,9
42580,198,190,8,8
42581,56,54,2,2
42582,94,97,-3,3
42583,97,97,0,0
42584,103,93,10,10
42585,81,77,4,4
42586,102,103,-1,1
42587,85,86,-1,1
42588,165,150,15,15
42589,50,57,-7,7
42590,124,126,-2,2
42591,101,102,-1,1
42592,79,75,4,4
42593,138,143,-5,5
42594,191,144,47,47
42595,162,161,1,1
42596,126,120,6,6
42597,103,108,-5,5
42598,49,54,-5,5
42599,113,118,-5,5
42600,100,94,6,6
42601,118,118,0,0
42602,117,125,-8,8
42603,84,86,-2,2
42604,110,103,7,7
42605,128,115,13,13
42606,105,106,-1,1
42607,59,51,8,8
42608,91,87,4,4
42609,68,66,2,2
42610,72,82,-10,10
42611,135,134,1,1
42612,79,98,-19,19
42613,107,112,-5,5
42614,30,37,-7,7
42615,70,74,-4,4
42616,105,108,-3,3
42617,92,92,0,0
42618,177,172,5,5
42619,84,88,-4,4
42620,67,73,-6,6
42621,150,127,23,23
42622,65,88,-23,23
42623,69,71,-2,2
42624,94,92,2,2
42625,87,75,12,12
42626,73,85,-12,12
42627,70,75,-5,5
42628,93,84,9,9
42629,110,110,0,0
42630,87,77,10,10
42631,109,107,2,2
42632,71,76,-5,5
42633,103,110,-7,7
42634,152,144,8,8
42635,70,76,-6,6
42636,125,110,15,15
42637,91,95,-4,4
42638,172,167,5,5
42639,60,68,-8,8
42640,99,127,-28,28
42641,61,60,1,1
42642,91,90,1,1
42643,94,86,8,8
42644,135,126,9,9
42645,43,54,-11,11
42646,83,91,-8,8
42647,93,91,2,2
42648,116,114,2,2
42649,131,110,21,21
42650,140,152,-12,12
42651,101,109,-8,8
42652,160,151,9,9
42653,157,133,24,24
42654,147,175,-28,28
42655,151,151,0,0
42656,162,161,1,1
42657,52,100,-48,48
42658,77,72,5,5
42659,86,84,2,2
42660,86,87,-1,1
42661,91,84,7,7
42662,118,113,5,5
42663,103,96,7,7
42664,103,104,-1,1
42665,74,73,1,1
42666,119,114,5,5
42667,89,86,3,3
42668,107,98,9,9
42669,109,143,-34,34
42670,85,91,-6,6
42671,70,70,0,0
42672,86,82,4,4
42673,105,107,-2,2
42674,98,100,-2,2
42675,75,74,1,1
42676,50,60,-10,10
42677,67,68,-1,1
42678,76,71,5,5
42679,80,76,4,4
42680,124,129,-5,5
42681,60,69,-9,9
42682,73,73,0,0
42683,52,52,0,0
42684,102,101,1,1
42685,29,31,-2,2
42686,66,74,-8,8
42687,80,70,10,10
42688,76,76,0,0
42689,107,108,-1,1
42690,68,61,7,7
42691,129,120,9,9
42692,51,47,4,4
42693,131,137,-6,6
42694,73,79,-6,6
42695,157,148,9,9
42696,96,108,-12,12
42697,19,48,-29,29
42698,109,100,9,9
42699,67,70,-3,3
42700,132,132,0,0
42701,156,128,28,28
42702,85,94,-9,9
42703,90,87,3,3
42704,85,78,7,7
42705,44,58,-14,14
42706,150,140,10,10
42707,65,68,-3,3
42708,91,107,-16,16
42709,63,77,-14,14
42710,80,82,-2,2
42711,163,169,-6,6
42712,110,107,3,3
42713,100,95,5,5
42714,89,79,10,10
42715,51,54,-3,3
42716,97,106,-9,9
42717,82,85,-3,3
42718,85,85,0,0
42719,73,76,-3,3
42720,80,73,7,7
42721,50,59,-9,9
42722,81,77,4,4
42723,68,68,0,0
42724,76,79,-3,3
42725,75,68,7,7
42726,82,89,-7,7
42727,78,80,-2,2
42728,53,69,-16,16
42729,55,58,-3,3
42730,41,43,-2,2
42731,95,96,-1,1
42732,55,53,2,2
42733,99,115,-16,16
42734,64,71,-7,7
42735,93,106,-13,13
42736,61,56,5,5
42737,95,92,3,3
42738,116,121,-5,5
42739,83,72,11,11
42740,82,72,10,10
42741,137,115,22,22
42742,69,77,-8,8
42743,69,63,6,6
42744,60,55,5,5
42745,81,91,-10,10
42746,128,129,-1,1
42747,78,74,4,4
42748,79,86,-7,7
42749,74,83,-9,9
42750,69,73,-4,4
42751,140,127,13,13
42752,108,118,-10,10
42753,61,59,2,2
42754,142,143,-1,1
42755,42,40,2,2
42756,68,64,4,4
42757,74,77,-3,3
42758,94,97,-3,3
42759,164,155,9,9
42760,77,75,2,2
42761,94,86,8,8
42762,192,194,-2,2
42763,121,124,-3,3
42764,61,59,2,2
42765,120,124,-4,4
42766,103,107,-4,4
42767,89,85,4,4
42768,100,92,8,8
42769,97,90,7,7
42770,64,69,-5,5
42771,165,161,4,4
42772,74,71,3,3
42773,65,68,-3,3
42774,39,47,-8,8
42775,183,168,15,15
42776,82,84,-2,2
42777,111,111,0,0
42778,150,138,12,12
42779,89,81,8,8
42780,116,115,1,1
42781,106,109,-3,3
42782,129,135,-6,6
42783,59,63,-4,4
42784,161,139,22,22
42785,108,126,-18,18
42786,63,73,-10,10
42787,114,111,3,3
42788,80,85,-5,5
42789,81,86,-5,5
42790,72,72,0,0
42791,99,95,4,4
42792,98,82,16,16
42793,111,100,11,11
42794,120,117,3,3
42795,119,118,1,1
42796,69,74,-5,5
42797,137,129,8,8
42798,130,129,1,1
42799,106,93,13,13
42800,58,61,-3,3
42801,144,140,4,4
42802,117,121,-4,4
42803,146,158,-12,12
42804,137,132,5,5
42805,116,123,-7,7
42806,86,79,7,7
42807,89,85,4,4
42808,107,103,4,4
42809,108,116,-8,8
42810,109,97,12,12
42811,53,58,-5,5
42812,79,71,8,8
42813,59,64,-5,5
42814,84,81,3,3
42815,156,140,16,16
42816,121,119,2,2
42817,66,67,-1,1
42818,74,73,1,1
42819,47,103,-56,56
42820,106,103,3,3
42821,98,90,8,8
42822,68,65,3,3
42823,58,65,-7,7
42824,86,88,-2,2
42825,87,89,-2,2
42826,85,95,-10,10
42827,143,139,4,4
42828,168,148,20,20
42829,63,73,-10,10
42830,72,118,-46,46
42831,170,184,-14,14
42832,139,147,-8,8
42833,104,116,-12,12
42834,66,56,10,10
42835,78,78,0,0
42836,66,62,4,4
42837,78,75,3,3
42838,178,157,21,21
42839,176,168,8,8
42840,77,75,2,2
42841,51,51,0,0
42842,112,88,24,24
42843,110,128,-18,18
42844,140,145,-5,5
42845,120,111,9,9
42846,88,89,-1,1
42847,85,94,-9,9
42848,166,153,13,13
42849,71,73,-2,2
42850,112,121,-9,9
42851,73,65,8,8
42852,80,81,-1,1
42853,113,127,-14,14
42854,62,65,-3,3
42855,94,55,39,39
42856,145,145,0,0
42857,131,140,-9,9
42858,103,102,1,1
42859,98,106,-8,8
42860,84,78,6,6
42861,133,125,8,8
42862,144,136,8,8
42863,141,132,9,9
42864,119,109,10,10
42865,87,84,3,3
42866,79,83,-4,4
42867,63,71,-8,8
42868,89,93,-4,4
42869,38,43,-5,5
42870,99,109,-10,10
42871,114,108,6,6
42872,129,115,14,14
42873,155,153,2,2
42874,87,71,16,16
42875,70,69,1,1
42876,112,110,2,2
42877,137,132,5,5
42878,92,85,7,7
42879,145,139,6,6
42880,154,131,23,23
42881,130,128,2,2
42882,45,47,-2,2
42883,63,59,4,4
42884,58,56,2,2
42885,96,101,-5,5
42886,102,100,2,2
42887,118,128,-10,10
42888,119,119,0,0
42889,75,74,1,1
42890,115,114,1,1
42891,94,94,0,0
42892,108,109,-1,1
42893,101,95,6,6
42894,136,135,1,1
42895,110,114,-4,4
42896,127,121,6,6
42897,94,80,14,14
42898,124,113,11,11
42899,68,69,-1,1
42900,128,122,6,6
42901,138,135,3,3
42902,83,84,-1,1
42903,125,109,16,16
42904,63,69,-6,6
42905,133,109,24,24
42906,77,74,3,3
42907,94,92,2,2
42908,116,108,8,8
42909,93,94,-1,1
42910,84,89,-5,5
42911,125,123,2,2
42912,123,129,-6,6
42913,92,84,8,8
42914,155,153,2,2
42915,86,189,-103,103
42916,75,75,0,0
42917,74,77,-3,3
42918,78,82,-4,4
42919,96,84,12,12
42920,113,120,-7,7
42921,139,161,-22,22
42922,95,91,4,4
42923,83,84,-1,1
42924,128,131,-3,3
42925,102,101,1,1
42926,124,139,-15,15
42927,71,72,-1,1
42928,63,66,-3,3
42929,71,72,-1,1
42930,131,136,-5,5
42931,115,136,-21,21
42932,91,87,4,4
42933,92,96,-4,4
42934,59,52,7,7
42935,138,135,3,3
42936,71,70,1,1
42937,53,47,6,6
42938,103,108,-5,5
42939,85,79,6,6
42940,92,92,0,0
42941,109,121,-12,12
42942,74,83,-9,9
42943,100,96,4,4
42944,111,110,1,1
42945,112,112,0,0
42946,112,107,5,5
42947,31,38,-7,7
42948,57,72,-15,15
42949,194,179,15,15
42950,75,76,-1,1
42951,119,119,0,0
42952,106,108,-2,2
42953,89,77,12,12
42954,75,70,5,5
42955,77,79,-2,2
42956,68,73,-5,5
42957,48,47,1,1
42958,53,53,0,0
42959,91,90,1,1
42960,90,108,-18,18
42961,57,66,-9,9
42962,81,83,-2,2
42963,113,113,0,0
42964,89,81,8,8
42965,74,71,3,3
42966,89,83,6,6
42967,73,79,-6,6
42968,54,48,6,6
42969,77,79,-2,2
42970,108,95,13,13
42971,59,68,-9,9
42972,218,201,17,17
42973,118,130,-12,12
42974,86,89,-3,3
42975,153,146,7,7
42976,123,120,3,3
42977,117,119,-2,2
42978,51,46,5,5
42979,77,74,3,3
42980,59,56,3,3
42981,69,76,-7,7
42982,67,72,-5,5
42983,83,78,5,5
42984,137,125,12,12
42985,96,84,12,12
42986,68,70,-2,2
42987,91,100,-9,9
42988,81,87,-6,6
42989,79,66,13,13
42990,50,48,2,2
42991,78,82,-4,4
42992,32,35,-3,3
42993,64,62,2,2
42994,80,86,-6,6
42995,99,102,-3,3
42996,131,141,-10,10
42997,48,51,-3,3
42998,77,71,6,6
42999,128,127,1,1
43000,120,120,0,0
43001,55,57,-2,2
43002,79,68,11,11
43003,85,84,1,1
43004,148,139,9,9
43005,136,133,3,3
43006,111,124,-13,13
43007,105,128,-23,23
43008,93,90,3,3
43009,79,75,4,4
43010,87,84,3,3
43011,69,74,-5,5
43012,109,103,6,6
43013,156,153,3,3
43014,106,110,-4,4
43015,105,110,-5,5
43016,42,40,2,2
43017,84,79,5,5
43018,15,25,-10,10
43019,89,96,-7,7
43020,179,175,4,4
43021,65,69,-4,4
43022,108,114,-6,6
43023,40,44,-4,4
43024,89,81,8,8
43025,138,131,7,7
43026,134,137,-3,3
43027,102,96,6,6
43028,103,99,4,4
43029,143,129,14,14
43030,65,69,-4,4
43031,74,72,2,2
43032,116,108,8,8
43033,79,80,-1,1
43034,74,77,-3,3
43035,91,65,26,26
43036,99,95,4,4
43037,64,57,7,7
43038,120,114,6,6
43039,103,91,12,12
43040,90,87,3,3
43041,51,47,4,4
43042,96,86,10,10
43043,77,72,5,5
43044,142,144,-2,2
43045,77,63,14,14
43046,90,86,4,4
43047,141,140,1,1
43048,85,89,-4,4
43049,98,90,8,8
43050,146,145,1,1
43051,120,112,8,8
43052,107,114,-7,7
43053,97,107,-10,10
43054,125,132,-7,7
43055,81,85,-4,4
43056,99,101,-2,2
43057,90,93,-3,3
43058,53,46,7,7
43059,88,78,10,10
43060,70,67,3,3
43061,57,75,-18,18
43062,77,71,6,6
43063,51,63,-12,12
43064,110,113,-3,3
43065,72,75,-3,3
43066,101,107,-6,6
43067,177,159,18,18
43068,153,139,14,14
43069,157,156,1,1
43070,67,68,-1,1
43071,63,63,0,0
43072,208,187,21,21
43073,84,78,6,6
43074,69,72,-3,3
43075,110,95,15,15
43076,85,70,15,15
43077,37,43,-6,6
43078,142,120,22,22
43079,82,93,-11,11
43080,81,87,-6,6
43081,94,93,1,1
43082,143,144,-1,1
43083,118,112,6,6
43084,86,94,-8,8
43085,76,79,-3,3
43086,73,64,9,9
43087,131,115,16,16
43088,53,74,-21,21
43089,66,68,-2,2
43090,101,108,-7,7
43091,115,115,0,0
43092,136,132,4,4
43093,61,83,-22,22
43094,86,89,-3,3
43095,71,77,-6,6
43096,81,81,0,0
43097,69,78,-9,9
43098,36,45,-9,9
43099,157,152,5,5
43100,57,59,-2,2
43101,73,67,6,6
43102,185,166,19,19
43103,62,56,6,6
43104,123,125,-2,2
43105,65,64,1,1
43106,73,68,5,5
43107,98,92,6,6
43108,101,95,6,6
43109,104,102,2,2
43110,83,86,-3,3
43111,58,62,-4,4
43112,85,87,-2,2
43113,55,59,-4,4
43114,80,72,8,8
43115,66,63,3,3
43116,83,78,5,5
43117,107,117,-10,10
43118,104,98,6,6
43119,44,56,-12,12
43120,63,70,-7,7
43121,85,76,9,9
43122,133,126,7,7
43123,59,60,-1,1
43124,130,110,20,20
43125,74,76,-2,2
43126,62,58,4,4
43127,109,99,10,10
43128,71,73,-2,2
43129,55,87,-32,32
43130,142,137,5,5
43131,117,124,-7,7
43132,110,101,9,9
43133,35,49,-14,14
43134,85,90,-5,5
43135,63,57,6,6
43136,79,86,-7,7
43137,101,94,7,7
43138,73,78,-5,5
43139,150,161,-11,11
43140,164,143,21,21
43141,121,117,4,4
43142,56,61,-5,5
43143,82,86,-4,4
43144,115,131,-16,16
43145,103,93,10,10
43146,80,75,5,5
43147,90,98,-8,8
43148,103,98,5,5
43149,122,127,-5,5
43150,113,116,-3,3
43151,62,70,-8,8
43152,120,122,-2,2
43153,94,96,-2,2
43154,93,90,3,3
43155,52,54,-2,2
43156,89,83,6,6
43157,72,60,12,12
43158,65,60,5,5
43159,92,86,6,6
43160,59,58,1,1
43161,86,102,-16,16
43162,119,112,7,7
43163,64,68,-4,4
43164,142,114,28,28
43165,80,83,-3,3
43166,68,70,-2,2
43167,85,86,-1,1
43168,69,67,2,2
43169,157,159,-2,2
43170,120,104,16,16
43171,135,131,4,4
43172,72,68,4,4
43173,99,85,14,14
43174,88,94,-6,6
43175,101,97,4,4
43176,72,74,-2,2
43177,166,169,-3,3
43178,49,52,-3,3
43179,89,84,5,5
43180,113,103,10,10
43181,113,105,8,8
43182,85,90,-5,5
43183,67,77,-10,10
43184,89,91,-2,2
43185,63,68,-5,5
43186,52,92,-40,40
43187,127,122,5,5
43188,106,108,-2,2
43189,120,102,18,18
43190,97,117,-20,20
43191,57,64,-7,7
43192,68,76,-8,8
43193,105,109,-4,4
43194,106,113,-7,7
43195,133,131,2,2
43196,63,71,-8,8
43197,58,62,-4,4
43198,106,114,-8,8
43199,103,95,8,8
43200,71,72,-1,1
43201,103,109,-6,6
43202,42,44,-2,2
43203,91,84,7,7
43204,103,112,-9,9
43205,90,88,2,2
43206,103,104,-1,1
43207,111,103,8,8
43208,132,117,15,15
43209,115,114,1,1
43210,121,126,-5,5
43211,122,112,10,10
43212,132,127,5,5
43213,32,45,-13,13
43214,110,102,8,8
43215,87,88,-1,1
43216,135,131,4,4
43217,102,97,5,5
43218,82,87,-5,5
43219,131,122,9,9
43220,102,108,-6,6
43221,52,52,0,0
43222,100,109,-9,9
43223,100,94,6,6
43224,90,94,-4,4
43225,85,90,-5,5
43226,61,65,-4,4
43227,154,166,-12,12
43228,137,128,9,9
43229,107,96,11,11
43230,98,97,1,1
43231,92,86,6,6
43232,191,173,18,18
43233,113,124,-11,11
43234,104,107,-3,3
43235,62,55,7,7
43236,80,78,2,2
43237,50,49,1,1
43238,100,84,16,16
43239,126,129,-3,3
43240,113,110,3,3
43241,69,71,-2,2
43242,62,60,2,2
43243,52,70,-18,18
43244,118,117,1,1
43245,59,67,-8,8
43246,40,42,-2,2
43247,93,93,0,0
43248,105,112,-7,7
43249,127,116,11,11
43250,84,95,-11,11
43251,93,109,-16,16
43252,121,130,-9,9
43253,94,96,-2,2
43254,64,66,-2,2
43255,109,103,6,6
43256,123,131,-8,8
43257,130,125,5,5
43258,138,135,3,3
43259,67,69,-2,2
43260,99,95,4,4
43261,84,77,7,7
43262,112,127,-15,15
43263,103,104,-1,1
43264,60,56,4,4
43265,90,115,-25,25
43266,131,134,-3,3
43267,47,48,-1,1
43268,90,85,5,5
43269,81,82,-1,1
43270,84,80,4,4
43271,81,82,-1,1
43272,105,111,-6,6
43273,67,69,-2,2
43274,86,85,1,1
43275,140,145,-5,5
43276,78,72,6,6
43277,96,89,7,7
43278,102,108,-6,6
43279,43,45,-2,2
43280,71,81,-10,10
43281,91,98,-7,7
43282,84,84,0,0
43283,125,120,5,5
43284,50,62,-12,12
43285,90,92,-2,2
43286,68,64,4,4
43287,129,127,2,2
43288,133,140,-7,7
43289,72,92,-20,20
43290,150,147,3,3
43291,179,164,15,15
43292,96,94,2,2
43293,72,69,3,3
43294,178,155,23,23
43295,89,87,2,2
43296,129,118,11,11
43297,84,79,5,5
43298,87,83,4,4
43299,82,76,6,6
43300,82,93,-11,11
43301,91,89,2,2
43302,112,118,-6,6
43303,88,93,-5,5
43304,100,110,-10,10
43305,164,157,7,7
43306,89,92,-3,3
43307,72,77,-5,5
43308,111,118,-7,7
43309,123,130,-7,7
43310,163,145,18,18
43311,65,66,-1,1
43312,130,139,-9,9
43313,145,144,1,1
43314,92,91,1,1
43315,50,60,-10,10
43316,73,92,-19,19
43317,57,61,-4,4
43318,89,75,14,14
43319,82,84,-2,2
43320,67,64,3,3
43321,91,101,-10,10
43322,112,114,-2,2
43323,73,73,0,0
43324,64,64,0,0
43325,119,133,-14,14
43326,61,51,10,10
43327,26,35,-9,9
43328,67,70,-3,3
43329,178,166,12,12
43330,97,79,18,18
43331,132,116,16,16
43332,121,126,-5,5
43333,143,122,21,21
43334,92,99,-7,7
43335,78,81,-3,3
43336,99,105,-6,6
43337,68,67,1,1
43338,61,60,1,1
43339,139,143,-4,4
43340,162,160,2,2
43341,86,82,4,4
43342,106,100,6,6
43343,48,48,0,0
43344,125,116,9,9
43345,123,121,2,2
43346,117,116,1,1
43347,229,199,30,30
43348,83,85,-2,2
43349,72,113,-41,41
43350,130,129,1,1
43351,49,52,-3,3
43352,124,122,2,2
43353,123,127,-4,4
43354,127,136,-9,9
43355,78,78,0,0
43356,87,111,-24,24
43357,129,118,11,11
43358,97,90,7,7
43359,129,143,-14,14
43360,69,66,3,3
43361,84,83,1,1
43362,122,111,11,11
43363,158,141,17,17
43364,77,83,-6,6
43365,86,100,-14,14
43366,100,105,-5,5
43367,93,98,-5,5
43368,117,113,4,4
43369,139,132,7,7
43370,100,95,5,5
43371,162,152,10,10
43372,68,71,-3,3
43373,68,70,-2,2
43374,85,77,8,8
43375,105,97,8,8
43376,174,158,16,16
43377,85,88,-3,3
43378,108,101,7,7
43379,67,71,-4,4
43380,115,115,0,0
43381,63,62,1,1
43382,107,108,-1,1
43383,99,102,-3,3
43384,52,55,-3,3
43385,87,84,3,3
43386,125,95,30,30
43387,64,57,7,7
43388,101,107,-6,6
43389,118,120,-2,2
43390,129,127,2,2
43391,100,97,3,3
43392,71,65,6,6
43393,70,80,-10,10
43394,70,73,-3,3
43395,101,84,17,17
43396,71,72,-1,1
43397,70,69,1,1
43398,115,113,2,2
43399,56,57,-1,1
43400,106,102,4,4
43401,125,124,1,1
43402,104,100,4,4
43403,84,81,3,3
43404,64,67,-3,3
43405,82,85,-3,3
43406,99,108,-9,9
43407,167,166,1,1
43408,107,101,6,6
43409,91,83,8,8
43410,83,87,-4,4
43411,89,78,11,11
43412,92,85,7,7
43413,114,110,4,4
43414,126,105,21,21
43415,133,123,10,10
43416,51,56,-5,5
43417,87,80,7,7
43418,67,66,1,1
43419,67,64,3,3
43420,142,131,11,11
43421,139,126,13,13
43422,125,112,13,13
43423,81,76,5,5
43424,210,189,21,21
43425,113,111,2,2
43426,57,72,-15,15
43427,94,97,-3,3
43428,121,96,25,25
43429,107,109,-2,2
43430,38,51,-13,13
43431,81,84,-3,3
43432,126,114,12,12
43433,248,242,6,6
43434,92,93,-1,1
43435,153,146,7,7
43436,127,129,-2,2
43437,45,51,-6,6
43438,81,106,-25,25
43439,164,159,5,5
43440,140,150,-10,10
43441,114,112,2,2
43442,115,118,-3,3
43443,87,83,4,4
43444,57,62,-5,5
43445,51,46,5,5
43446,95,108,-13,13
43447,33,44,-11,11
43448,128,124,4,4
43449,101,96,5,5
43450,75,77,-2,2
43451,138,134,4,4
43452,136,126,10,10
43453,63,86,-23,23
43454,80,64,16,16
43455,90,101,-11,11
43456,47,47,0,0
43457,96,95,1,1
43458,62,60,2,2
43459,98,92,6,6
43460,140,136,4,4
43461,84,74,10,10
43462,143,141,2,2
43463,84,87,-3,3
43464,151,156,-5,5
43465,87,78,9,9
43466,107,114,-7,7
43467,118,112,6,6
43468,60,67,-7,7
43469,82,87,-5,5
43470,167,159,8,8
43471,110,107,3,3
43472,98,96,2,2
43473,83,85,-2,2
43474,76,75,1,1
43475,93,105,-12,12
43476,102,100,2,2
43477,76,66,10,10
43478,76,80,-4,4
43479,115,114,1,1
43480,77,80,-3,3
43481,98,93,5,5
43482,149,141,8,8
43483,78,76,2,2
43484,119,120,-1,1
43485,121,116,5,5
43486,46,74,-28,28
43487,67,77,-10,10
43488,129,117,12,12
43489,114,118,-4,4
43490,73,74,-1,1
43491,118,118,0,0
43492,90,92,-2,2
43493,165,164,1,1
43494,147,146,1,1
43495,52,45,7,7
43496,111,119,-8,8
43497,160,143,17,17
43498,88,92,-4,4
43499,105,110,-5,5
43500,105,92,13,13
43501,90,91,-1,1
43502,120,123,-3,3
43503,89,73,16,16
43504,79,80,-1,1
43505,82,90,-8,8
43506,122,126,-4,4
43507,96,93,3,3
43508,48,51,-3,3
43509,70,65,5,5
43510,65,76,-11,11
43511,78,81,-3,3
43512,133,133,0,0
43513,48,49,-1,1
43514,90,90,0,0
43515,54,56,-2,2
43516,104,94,10,10
43517,91,78,13,13
43518,112,113,-1,1
43519,63,69,-6,6
43520,113,112,1,1
43521,99,87,12,12
43522,100,99,1,1
43523,69,70,-1,1
43524,122,117,5,5
43525,84,87,-3,3
43526,119,108,11,11
43527,103,94,9,9
43528,91,111,-20,20
43529,55,58,-3,3
43530,64,66,-2,2
43531,87,85,2,2
43532,220,205,15,15
43533,85,82,3,3
43534,63,68,-5,5
43535,64,65,-1,1
43536,109,112,-3,3
43537,80,75,5,5
43538,91,88,3,3
43539,146,147,-1,1
43540,125,123,2,2
43541,130,136,-6,6
43542,127,143,-16,16
43543,113,104,9,9
43544,125,125,0,0
43545,84,84,0,0
43546,111,112,-1,1
43547,138,126,12,12
43548,47,52,-5,5
43549,75,82,-7,7
43550,98,111,-13,13
43551,163,154,9,9
43552,140,127,13,13
43553,50,48,2,2
43554,77,77,0,0
43555,64,59,5,5
43556,76,73,3,3
43557,108,109,-1,1
43558,53,51,2,2
43559,65,75,-10,10
43560,197,186,11,11
43561,182,171,11,11
43562,71,69,2,2
43563,134,117,17,17
43564,126,117,9,9
43565,54,60,-6,6
43566,132,135,-3,3
43567,86,79,7,7
43568,106,112,-6,6
43569,53,60,-7,7
43570,87,89,-2,2
43571,80,80,0,0
43572,150,154,-4,4
43573,49,49,0,0
43574,137,101,36,36
43575,51,53,-2,2
43576,90,81,9,9
43577,125,126,-1,1
43578,110,116,-6,6
43579,112,117,-5,5
43580,51,53,-2,2
43581,105,95,10,10
43582,110,114,-4,4
43583,93,97,-4,4
43584,169,161,8,8
43585,97,79,18,18
43586,97,82,15,15
43587,89,94,-5,5
43588,75,78,-3,3
43589,119,121,-2,2
43590,93,96,-3,3
43591,53,60,-7,7
43592,121,104,17,17
43593,61,79,-18,18
43594,98,110,-12,12
43595,92,94,-2,2
43596,63,62,1,1
43597,101,88,13,13
43598,180,166,14,14
43599,70,70,0,0
43600,66,69,-3,3
43601,121,195,-74,74
43602,100,99,1,1
43603,151,147,4,4
43604,44,66,-22,22
43605,93,93,0,0
43606,79,72,7,7
43607,133,122,11,11
43608,51,57,-6,6
43609,111,115,-4,4
43610,83,83,0,0
43611,93,97,-4,4
43612,78,67,11,11
43613,75,74,1,1
43614,133,134,-1,1
43615,128,117,11,11
43616,98,111,-13,13
43617,137,119,18,18
43618,79,87,-8,8
43619,90,85,5,5
43620,62,69,-7,7
43621,170,170,0,0
43622,123,123,0,0
43623,57,63,-6,6
43624,87,100,-13,13
43625,35,49,-14,14
43626,76,84,-8,8
43627,95,83,12,12
43628,63,65,-2,2
43629,74,71,3,3
43630,125,129,-4,4
43631,115,116,-1,1
43632,63,64,-1,1
43633,141,137,4,4
43634,78,80,-2,2
43635,71,74,-3,3
43636,90,89,1,1
43637,235,220,15,15
43638,118,110,8,8
43639,65,70,-5,5
43640,98,91,7,7
43641,97,110,-13,13
43642,48,59,-11,11
43643,110,111,-1,1
43644,96,95,1,1
43645,119,115,4,4
43646,141,136,5,5
43647,80,79,1,1
43648,88,112,-24,24
43649,93,93,0,0
43650,141,139,2,2
43651,59,81,-22,22
43652,98,98,0,0
43653,66,78,-12,12
43654,91,92,-1,1
43655,90,88,2,2
43656,111,111,0,0
43657,96,93,3,3
43658,103,98,5,5
43659,59,58,1,1
43660,68,72,-4,4
43661,73,70,3,3
43662,60,64,-4,4
43663,75,94,-19,19
43664,65,71,-6,6
43665,91,93,-2,2
43666,53,62,-9,9
43667,97,99,-2,2
43668,66,60,6,6
43669,94,97,-3,3
43670,97,94,3,3
43671,81,81,0,0
43672,134,130,4,4
43673,96,100,-4,4
43674,115,118,-3,3
43675,51,69,-18,18
43676,75,79,-4,4
43677,157,147,10,10
43678,86,89,-3,3
43679,147,149,-2,2
43680,85,84,1,1
43681,88,94,-6,6
43682,46,51,-5,5
43683,119,121,-2,2
43684,109,100,9,9
43685,142,146,-4,4
43686,95,96,-1,1
43687,93,102,-9,9
43688,79,79,0,0
43689,142,141,1,1
43690,83,86,-3,3
43691,93,92,1,1
43692,149,112,37,37
43693,114,107,7,7
43694,99,89,10,10
43695,125,130,-5,5
43696,116,118,-2,2
43697,131,139,-8,8
43698,103,97,6,6
43699,79,75,4,4
43700,171,167,4,4
43701,69,78,-9,9
43702,78,87,-9,9
43703,67,79,-12,12
43704,82,79,3,3
43705,110,118,-8,8
43706,171,159,12,12
43707,46,45,1,1
43708,60,58,2,2
43709,179,161,18,18
43710,68,74,-6,6
43711,66,62,4,4
43712,67,68,-1,1
43713,87,108,-21,21
43714,61,63,-2,2
43715,61,65,-4,4
43716,122,129,-7,7
43717,96,95,1,1
43718,106,93,13,13
43719,54,57,-3,3
43720,76,79,-3,3
43721,111,117,-6,6
43722,44,46,-2,2
43723,163,156,7,7
43724,71,62,9,9
43725,74,76,-2,2
43726,97,99,-2,2
43727,134,130,4,4
43728,82,76,6,6
43729,79,98,-19,19
43730,138,123,15,15
43731,82,89,-7,7
43732,152,150,2,2
43733,111,112,-1,1
43734,123,116,7,7
43735,77,73,4,4
43736,146,138,8,8
43737,82,83,-1,1
43738,69,73,-4,4
43739,91,97,-6,6
43740,166,158,8,8
43741,53,54,-1,1
43742,71,69,2,2
43743,84,81,3,3
43744,68,75,-7,7
43745,94,108,-14,14
43746,101,130,-29,29
43747,106,102,4,4
43748,93,83,10,10
43749,69,71,-2,2
43750,136,124,12,12
43751,90,85,5,5
43752,87,77,10,10
43753,64,61,3,3
43754,62,101,-39,39
43755,77,84,-7,7
43756,47,63,-16,16
43757,122,122,0,0
43758,67,70,-3,3
43759,87,94,-7,7
43760,84,73,11,11
43761,68,72,-4,4
43762,60,65,-5,5
43763,75,76,-1,1
43764,90,85,5,5
43765,69,83,-14,14
43766,77,74,3,3
43767,82,80,2,2
43768,127,127,0,0
43769,58,62,-4,4
43770,151,143,8,8
43771,125,135,-10,10
43772,114,111,3,3
43773,106,115,-9,9
43774,85,89,-4,4
43775,92,92,0,0
43776,70,67,3,3
43777,124,126,-2,2
43778,97,108,-11,11
43779,71,77,-6,6
43780,146,148,-2,2
43781,93,94,-1,1
43782,91,85,6,6
43783,63,63,0,0
43784,60,59,1,1
43785,84,101,-17,17
43786,192,195,-3,3
43787,93,87,6,6
43788,133,125,8,8
43789,95,93,2,2
43790,65,61,4,4
43791,81,91,-10,10
43792,107,115,-8,8
43793,131,121,10,10
43794,130,136,-6,6
43795,68,66,2,2
43796,77,80,-3,3
43797,112,119,-7,7
43798,67,72,-5,5
43799,91,89,2,2
43800,90,85,5,5
43801,125,127,-2,2
43802,69,64,5,5
43803,106,109,-3,3
43804,110,100,10,10
43805,65,66,-1,1
43806,87,88,-1,1
43807,60,53,7,7
43808,91,85,6,6
43809,153,140,13,13
43810,95,94,1,1
43811,150,143,7,7
43812,61,69,-8,8
43813,169,176,-7,7
43814,76,74,2,2
43815,93,94,-1,1
43816,75,70,5,5
43817,76,85,-9,9
43818,85,107,-22,22
43819,63,70,-7,7
43820,86,89,-3,3
43821,111,105,6,6
43822,81,77,4,4
43823,225,172,53,53
43824,49,52,-3,3
43825,90,93,-3,3
43826,67,66,1,1
43827,109,114,-5,5
43828,103,94,9,9
43829,73,70,3,3
43830,137,135,2,2
43831,93,96,-3,3
43832,68,65,3,3
43833,82,98,-16,16
43834,66,74,-8,8
43835,110,96,14,14
43836,170,174,-4,4
43837,104,107,-3,3
43838,73,78,-5,5
43839,137,130,7,7
43840,55,52,3,3
43841,52,62,-10,10
43842,95,85,10,10
43843,48,49,-1,1
43844,67,77,-10,10
43845,64,66,-2,2
43846,71,72,-1,1
43847,77,76,1,1
43848,66,62,4,4
43849,78,77,1,1
43850,71,75,-4,4
43851,117,119,-2,2
43852,83,76,7,7
43853,43,50,-7,7
43854,100,92,8,8
43855,50,59,-9,9
43856,140,144,-4,4
43857,86,104,-18,18
43858,63,62,1,1
43859,91,91,0,0
43860,113,111,2,2
43861,63,65,-2,2
43862,61,60,1,1
43863,78,88,-10,10
43864,34,50,-16,16
43865,90,103,-13,13
43866,47,43,4,4
43867,64,73,-9,9
43868,58,67,-9,9
43869,116,120,-4,4
43870,117,116,1,1
43871,84,91,-7,7
43872,105,111,-6,6
43873,86,87,-1,1
43874,68,61,7,7
43875,131,141,-10,10
43876,77,81,-4,4
43877,76,69,7,7
43878,117,109,8,8
43879,97,94,3,3
43880,123,123,0,0
43881,98,107,-9,9
43882,71,72,-1,1
43883,127,121,6,6
43884,56,54,2,2
43885,122,113,9,9
43886,49,57,-8,8
43887,60,66,-6,6
43888,115,111,4,4
43889,78,84,-6,6
43890,46,52,-6,6
43891,119,117,2,2
43892,129,145,-16,16
43893,66,63,3,3
43894,142,144,-2,2
43895,79,77,2,2
43896,71,80,-9,9
43897,144,142,2,2
43898,106,110,-4,4
43899,77,79,-2,2
43900,74,79,-5,5
43901,69,70,-1,1
43902,88,82,6,6
43903,59,55,4,4
43904,123,121,2,2
43905,54,57,-3,3
43906,43,48,-5,5
43907,155,135,20,20
43908,68,71,-3,3
43909,131,132,-1,1
43910,146,141,5,5
43911,102,86,16,16
43912,80,82,-2,2
43913,57,64,-7,7
43914,81,79,2,2
43915,104,119,-15,15
43916,39,39,0,0
43917,78,79,-1,1
43918,112,105,7,7
43919,44,84,-40,40
43920,79,78,1,1
43921,132,131,1,1
43922,117,136,-19,19
43923,80,86,-6,6
43924,88,76,12,12
43925,61,61,0,0
43926,57,50,7,7
43927,123,126,-3,3
43928,60,64,-4,4
43929,113,109,4,4
43930,64,71,-7,7
43931,101,91,10,10
43932,143,144,-1,1
43933,71,77,-6,6
43934,80,74,6,6
43935,70,66,4,4
43936,45,50,-5,5
43937,44,54,-10,10
43938,92,85,7,7
43939,67,72,-5,5
43940,63,56,7,7
43941,139,133,6,6
43942,127,119,8,8
43943,69,67,2,2
43944,136,132,4,4
43945,109,117,-8,8
43946,120,120,0,0
43947,63,65,-2,2
43948,50,56,-6,6
43949,97,92,5,5
43950,103,92,11,11
43951,89,84,5,5
43952,85,78,7,7
43953,173,164,9,9
43954,128,125,3,3
43955,171,171,0,0
43956,49,52,-3,3
43957,99,85,14,14
43958,129,139,-10,10
43959,85,88,-3,3
43960,102,99,3,3
43961,124,125,-1,1
43962,122,112,10,10
43963,137,136,1,1
43964,89,94,-5,5
43965,51,49,2,2
43966,81,100,-19,19
43967,88,81,7,7
43968,76,81,-5,5
43969,111,118,-7,7
43970,86,84,2,2
43971,131,127,4,4
43972,23,33,-10,10
43973,109,109,0,0
43974,84,83,1,1
43975,101,102,-1,1
43976,139,140,-1,1
43977,58,66,-8,8
43978,71,73,-2,2
43979,95,80,15,15
43980,70,68,2,2
43981,65,72,-7,7
43982,95,92,3,3
43983,109,102,7,7
43984,57,59,-2,2
43985,103,108,-5,5
43986,184,162,22,22
43987,80,76,4,4
43988,103,108,-5,5
43989,94,123,-29,29
43990,62,63,-1,1
43991,110,91,19,19
43992,109,113,-4,4
43993,47,50,-3,3
43994,107,114,-7,7
43995,184,163,21,21
43996,122,135,-13,13
43997,155,159,-4,4
43998,66,74,-8,8
43999,63,61,2,2
44000,104,119,-15,15
44001,100,89,11,11
44002,82,98,-16,16
44003,162,161,1,1
44004,122,126,-4,4
44005,78,132,-54,54
44006,71,63,8,8
44007,131,115,16,16
44008,113,102,11,11
44009,84,89,-5,5
44010,65,64,1,1
44011,81,85,-4,4
44012,93,82,11,11
44013,67,71,-4,4
44014,148,134,14,14
44015,72,80,-8,8
44016,106,99,7,7
44017,79,89,-10,10
44018,113,116,-3,3
44019,66,64,2,2
44020,68,65,3,3
44021,63,62,1,1
44022,81,99,-18,18
44023,117,115,2,2
44024,70,110,-40,40
44025,78,77,1,1
44026,165,172,-7,7
44027,40,42,-2,2
44028,85,91,-6,6
44029,73,123,-50,50
44030,104,98,6,6
44031,129,117,12,12
44032,116,109,7,7
44033,115,110,5,5
44034,82,79,3,3
44035,84,86,-2,2
44036,82,89,-7,7
44037,29,64,-35,35
44038,64,73,-9,9
44039,66,57,9,9
44040,114,110,4,4
44041,146,134,12,12
44042,65,63,2,2
44043,42,43,-1,1
44044,157,159,-2,2
44045,89,87,2,2
44046,116,132,-16,16
44047,54,54,0,0
44048,77,76,1,1
44049,79,85,-6,6
44050,137,138,-1,1
44051,67,67,0,0
44052,105,114,-9,9
44053,149,119,30,30
44054,57,61,-4,4
44055,104,115,-11,11
44056,89,100,-11,11
44057,82,88,-6,6
44058,106,124,-18,18
44059,191,184,7,7
44060,87,84,3,3
44061,58,60,-2,2
44062,114,114,0,0
44063,114,120,-6,6
44064,118,113,5,5
44065,159,150,9,9
44066,58,54,4,4
44067,95,93,2,2
44068,74,76,-2,2
44069,135,123,12,12
44070,134,135,-1,1
44071,87,80,7,7
44072,130,119,11,11
44073,119,118,1,1
44074,142,136,6,6
44075,152,149,3,3
44076,105,108,-3,3
44077,63,65,-2,2
44078,92,94,-2,2
44079,75,71,4,4
44080,96,95,1,1
44081,75,68,7,7
44082,56,53,3,3
44083,72,67,5,5
44084,89,111,-22,22
44085,58,63,-5,5
44086,76,74,2,2
44087,90,106,-16,16
44088,73,80,-7,7
44089,78,79,-1,1
44090,110,118,-8,8
44091,174,150,24,24
44092,104,88,16,16
44093,94,99,-5,5
44094,165,150,15,15
44095,107,98,9,9
44096,78,80,-2,2
44097,90,86,4,4
44098,124,120,4,4
44099,129,120,9,9
44100,66,63,3,3
44101,73,78,-5,5
44102,139,143,-4,4
44103,72,79,-7,7
44104,140,136,4,4
44105,93,98,-5,5
44106,135,129,6,6
44107,56,57,-1,1
44108,76,74,2,2
44109,102,104,-2,2
44110,102,104,-2,2
44111,130,126,4,4
44112,152,151,1,1
44113,76,72,4,4
44114,178,180,-2,2
44115,85,77,8,8
44116,78,73,5,5
44117,97,117,-20,20
44118,113,121,-8,8
44119,81,87,-6,6
44120,65,75,-10,10
44121,42,48,-6,6
44122,72,85,-13,13
44123,115,115,0,0
44124,80,86,-6,6
44125,39,41,-2,2
44126,85,80,5,5
44127,101,95,6,6
44128,158,157,1,1
44129,91,96,-5,5
44130,68,68,0,0
44131,112,121,-9,9
44132,161,162,-1,1
44133,147,154,-7,7
44134,63,68,-5,5
44135,60,74,-14,14
44136,84,84,0,0
44137,112,112,0,0
44138,129,119,10,10
44139,136,137,-1,1
44140,130,127,3,3
44141,74,75,-1,1
44142,111,114,-3,3
44143,118,121,-3,3
44144,60,59,1,1
44145,59,70,-11,11
44146,90,93,-3,3
44147,72,78,-6,6
44148,118,120,-2,2
44149,63,63,0,0
44150,91,89,2,2
44151,106,111,-5,5
44152,89,90,-1,1
44153,111,112,-1,1
44154,131,129,2,2
44155,85,97,-12,12
44156,97,99,-2,2
44157,41,50,-9,9
44158,104,109,-5,5
44159,137,142,-5,5
44160,110,102,8,8
44161,50,71,-21,21
44162,143,130,13,13
44163,110,110,0,0
44164,79,84,-5,5
44165,79,83,-4,4
44166,71,78,-7,7
44167,116,120,-4,4
44168,89,86,3,3
44169,85,91,-6,6
44170,62,71,-9,9
44171,105,94,11,11
44172,110,116,-6,6
44173,68,78,-10,10
44174,125,132,-7,7
44175,120,119,1,1
44176,118,115,3,3
44177,63,61,2,2
44178,42,46,-4,4
44179,49,53,-4,4
44180,96,96,0,0
44181,107,110,-3,3
44182,108,115,-7,7
44183,94,94,0,0
44184,89,88,1,1
44185,117,115,2,2
44186,120,126,-6,6
44187,71,72,-1,1
44188,71,75,-4,4
44189,58,61,-3,3
44190,90,100,-10,10
44191,118,112,6,6
44192,43,69,-26,26
44193,78,76,2,2
44194,159,150,9,9
44195,99,110,-11,11
44196,92,98,-6,6
44197,148,135,13,13
44198,97,85,12,12
44199,84,91,-7,7
44200,45,45,0,0
44201,63,68,-5,5
44202,117,114,3,3
44203,122,119,3,3
44204,115,111,4,4
44205,110,109,1,1
44206,114,109,5,5
44207,71,72,-1,1
44208,132,142,-10,10
44209,73,70,3,3
44210,137,132,5,5
44211,79,77,2,2
44212,79,70,9,9
44213,106,108,-2,2
44214,99,91,8,8
44215,77,101,-24,24
44216,127,132,-5,5
44217,96,89,7,7
44218,66,64,2,2
44219,63,65,-2,2
44220,95,106,-11,11
44221,97,94,3,3
44222,42,42,0,0
44223,60,49,11,11
44224,59,65,-6,6
44225,66,65,1,1
44226,140,100,40,40
44227,64,68,-4,4
44228,72,72,0,0
44229,85,82,3,3
44230,119,98,21,21
44231,99,93,6,6
44232,133,125,8,8
44233,75,77,-2,2
44234,66,65,1,1
44235,102,96,6,6
44236,63,70,-7,7
44237,133,126,7,7
44238,144,144,0,0
44239,141,129,12,12
44240,97,104,-7,7
44241,90,94,-4,4
44242,124,130,-6,6
44243,123,127,-4,4
44244,191,165,26,26
44245,62,62,0,0
44246,58,63,-5,5
44247,98,91,7,7
44248,113,113,0,0
44249,107,99,8,8
44250,106,110,-4,4
44251,95,90,5,5
44252,144,136,8,8
44253,50,50,0,0
44254,195,174,21,21
44255,122,106,16,16
44256,97,80,17,17
44257,71,63,8,8
44258,153,146,7,7
44259,67,68,-1,1
44260,51,55,-4,4
44261,65,71,-6,6
44262,78,77,1,1
44263,87,84,3,3
44264,72,79,-7,7
44265,81,78,3,3
44266,149,144,5,5
44267,119,109,10,10
44268,102,91,11,11
44269,93,91,2,2
44270,116,119,-3,3
44271,125,124,1,1
44272,138,132,6,6
44273,75,81,-6,6
44274,100,98,2,2
44275,107,96,11,11
44276,91,118,-27,27
44277,135,133,2,2
44278,47,54,-7,7
44279,95,87,8,8
44280,88,98,-10,10
44281,71,66,5,5
44282,110,127,-17,17
44283,108,110,-2,2
44284,49,58,-9,9
44285,48,57,-9,9
44286,93,93,0,0
44287,94,96,-2,2
44288,140,138,2,2
44289,68,61,7,7
44290,79,87,-8,8
44291,147,147,0,0
44292,107,96,11,11
44293,77,75,2,2
44294,87,86,1,1
44295,183,180,3,3
44296,123,115,8,8
44297,143,137,6,6
44298,94,92,2,2
44299,96,87,9,9
44300,85,91,-6,6
44301,112,114,-2,2
44302,82,84,-2,2
44303,103,105,-2,2
44304,98,100,-2,2
44305,104,110,-6,6
44306,81,75,6,6
44307,57,58,-1,1
44308,113,127,-14,14
44309,80,79,1,1
44310,117,116,1,1
44311,68,64,4,4
44312,76,78,-2,2
44313,69,76,-7,7
44314,86,94,-8,8
44315,107,94,13,13
44316,63,61,2,2
44317,127,125,2,2
44318,87,85,2,2
44319,82,83,-1,1
44320,92,88,4,4
44321,78,79,-1,1
44322,117,114,3,3
44323,93,104,-11,11
44324,116,119,-3,3
44325,51,57,-6,6
44326,80,76,4,4
44327,126,132,-6,6
44328,48,53,-5,5
44329,183,180,3,3
44330,61,62,-1,1
44331,128,133,-5,5
44332,95,85,10,10
44333,107,96,11,11
44334,87,91,-4,4
44335,136,140,-4,4
44336,49,52,-3,3
44337,77,71,6,6
44338,114,112,2,2
44339,139,129,10,10
44340,90,92,-2,2
44341,164,181,-17,17
44342,124,135,-11,11
44343,115,118,-3,3
44344,111,109,2,2
44345,144,144,0,0
44346,72,80,-8,8
44347,121,116,5,5
44348,131,120,11,11
44349,99,113,-14,14
44350,55,61,-6,6
44351,125,114,11,11
44352,43,47,-4,4
44353,75,71,4,4
44354,71,70,1,1
44355,62,66,-4,4
44356,86,84,2,2
44357,78,78,0,0
44358,101,101,0,0
44359,81,83,-2,2
44360,144,131,13,13
44361,121,110,11,11
44362,84,85,-1,1
44363,91,88,3,3
44364,108,126,-18,18
44365,84,84,0,0
44366,96,90,6,6
44367,130,132,-2,2
44368,53,53,0,0
44369,111,123,-12,12
44370,65,59,6,6
44371,138,129,9,9
44372,39,39,0,0
44373,54,61,-7,7
44374,48,47,1,1
44375,62,62,0,0
44376,110,111,-1,1
44377,88,93,-5,5
44378,92,85,7,7
44379,124,120,4,4
44380,86,88,-2,2
44381,89,99,-10,10
44382,96,108,-12,12
44383,50,53,-3,3
44384,92,86,6,6
44385,70,72,-2,2
44386,101,102,-1,1
44387,143,135,8,8
44388,128,142,-14,14
44389,83,87,-4,4
44390,59,61,-2,2
44391,131,125,6,6
44392,79,76,3,3
44393,66,65,1,1
44394,110,103,7,7
44395,99,94,5,5
44396,100,109,-9,9
44397,92,91,1,1
44398,115,109,6,6
44399,87,80,7,7
44400,105,95,10,10
44401,77,76,1,1
44402,93,94,-1,1
44403,124,121,3,3
44404,71,78,-7,7
44405,68,70,-2,2
44406,107,116,-9,9
44407,130,131,-1,1
44408,32,41,-9,9
44409,96,114,-18,18
44410,82,78,4,4
44411,73,70,3,3
44412,57,76,-19,19
44413,60,64,-4,4
44414,61,58,3,3
44415,127,116,11,11
44416,67,62,5,5
44417,148,134,14,14
44418,111,112,-1,1
44419,119,111,8,8
44420,86,80,6,6
44421,88,87,1,1
44422,68,68,0,0
44423,65,70,-5,5
44424,64,70,-6,6
44425,158,135,23,23
44426,144,123,21,21
44427,91,93,-2,2
44428,63,64,-1,1
44429,88,91,-3,3
44430,122,110,12,12
44431,51,55,-4,4
44432,124,135,-11,11
44433,118,102,16,16
44434,49,49,0,0
44435,94,83,11,11
44436,69,63,6,6
44437,168,160,8,8
44438,79,84,-5,5
44439,70,73,-3,3
44440,199,194,5,5
44441,43,49,-6,6
44442,85,89,-4,4
44443,51,52,-1,1
44444,135,128,7,7
44445,57,76,-19,19
44446,191,196,-5,5
44447,94,99,-5,5
44448,109,114,-5,5
44449,76,73,3,3
44450,175,173,2,2
44451,126,132,-6,6
44452,143,137,6,6
44453,101,100,1,1
44454,50,62,-12,12
44455,84,86,-2,2
44456,94,91,3,3
44457,110,108,2,2
44458,170,148,22,22
44459,149,140,9,9
44460,94,94,0,0
44461,102,102,0,0
44462,118,131,-13,13
44463,112,116,-4,4
44464,108,111,-3,3
44465,58,61,-3,3
44466,39,111,-72,72
44467,112,110,2,2
44468,107,119,-12,12
44469,61,61,0,0
44470,99,97,2,2
44471,62,73,-11,11
44472,119,111,8,8
44473,105,97,8,8
44474,93,85,8,8
44475,109,109,0,0
44476,132,125,7,7
44477,83,109,-26,26
44478,46,52,-6,6
44479,170,160,10,10
44480,217,189,28,28
44481,119,118,1,1
44482,140,157,-17,17
44483,106,102,4,4
44484,100,98,2,2
44485,61,60,1,1
44486,111,131,-20,20
44487,117,104,13,13
44488,68,79,-11,11
44489,94,94,0,0
44490,74,71,3,3
44491,109,117,-8,8
44492,98,118,-20,20
44493,103,97,6,6
44494,78,90,-12,12
44495,80,82,-2,2
44496,83,81,2,2
44497,76,84,-8,8
44498,110,110,0,0
44499,152,146,6,6
44500,81,71,10,10
44501,133,135,-2,2
44502,66,64,2,2
44503,102,97,5,5
44504,102,100,2,2
44505,53,55,-2,2
44506,139,139,0,0
44507,133,125,8,8
44508,57,60,-3,3
44509,61,62,-1,1
44510,116,108,8,8
44511,97,92,5,5
44512,187,161,26,26
44513,62,60,2,2
44514,102,96,6,6
44515,62,69,-7,7
44516,48,47,1,1
44517,108,114,-6,6
44518,68,64,4,4
44519,112,114,-2,2
44520,154,145,9,9
44521,76,77,-1,1
44522,110,116,-6,6
44523,89,93,-4,4
44524,128,124,4,4
44525,61,70,-9,9
44526,60,67,-7,7
44527,143,143,0,0
44528,107,114,-7,7
44529,76,70,6,6
44530,79,83,-4,4
44531,65,63,2,2
44532,104,109,-5,5
44533,145,144,1,1
44534,86,76,10,10
44535,83,81,2,2
44536,88,98,-10,10
44537,178,166,12,12
44538,116,123,-7,7
44539,105,125,-20,20
44540,72,78,-6,6
44541,77,75,2,2
44542,56,58,-2,2
44543,109,95,14,14
44544,45,46,-1,1
44545,106,100,6,6
44546,42,46,-4,4
44547,118,123,-5,5
44548,102,95,7,7
44549,47,67,-20,20
44550,70,74,-4,4
44551,103,100,3,3
44552,123,131,-8,8
44553,170,173,-3,3
44554,124,132,-8,8
44555,98,106,-8,8
44556,57,66,-9,9
44557,122,132,-10,10
44558,59,57,2,2
44559,107,110,-3,3
44560,73,69,4,4
44561,65,64,1,1
44562,53,52,1,1
44563,152,144,8,8
44564,81,65,16,16
44565,87,79,8,8
44566,77,75,2,2
44567,129,135,-6,6
44568,165,161,4,4
44569,111,114,-3,3
44570,108,115,-7,7
44571,67,71,-4,4
44572,78,76,2,2
44573,105,97,8,8
44574,72,72,0,0
44575,75,86,-11,11
44576,85,78,7,7
44577,57,57,0,0
44578,115,128,-13,13
44579,74,74,0,0
44580,170,157,13,13
44581,90,96,-6,6
44582,85,87,-2,2
44583,65,69,-4,4
44584,45,47,-2,2
44585,160,142,18,18
44586,160,140,20,20
44587,99,105,-6,6
44588,62,72,-10,10
44589,121,124,-3,3
44590,129,124,5,5
44591,98,102,-4,4
44592,104,100,4,4
44593,69,69,0,0
44594,75,68,7,7
44595,95,91,4,4
44596,118,120,-2,2
44597,94,138,-44,44
44598,100,106,-6,6
44599,129,119,10,10
44600,118,118,0,0
44601,57,159,-102,102
44602,68,68,0,0
44603,123,123,0,0
44604,93,88,5,5
44605,53,53,0,0
44606,92,90,2,2
44607,78,79,-1,1
44608,175,149,26,26
44609,115,130,-15,15
44610,70,76,-6,6
44611,161,143,18,18
44612,61,63,-2,2
44613,64,62,2,2
44614,86,89,-3,3
44615,84,85,-1,1
44616,152,140,12,12
44617,116,114,2,2
44618,53,58,-5,5
44619,57,60,-3,3
44620,68,75,-7,7
44621,178,171,7,7
44622,93,89,4,4
44623,120,114,6,6
44624,136,138,-2,2
44625,39,47,-8,8
44626,102,100,2,2
44627,167,170,-3,3
44628,65,64,1,1
44629,50,61,-11,11
44630,80,78,2,2
44631,126,119,7,7
44632,67,67,0,0
44633,59,68,-9,9
44634,116,115,1,1
44635,95,96,-1,1
44636,57,58,-1,1
44637,75,80,-5,5
44638,99,98,1,1
44639,94,92,2,2
44640,65,62,3,3
44641,90,90,0,0
44642,126,115,11,11
44643,86,95,-9,9
44644,103,107,-4,4
44645,92,102,-10,10
44646,120,119,1,1
44647,86,83,3,3
44648,19,25,-6,6
44649,138,134,4,4
44650,86,86,0,0
44651,126,121,5,5
44652,103,96,7,7
44653,89,85,4,4
44654,71,73,-2,2
44655,63,62,1,1
44656,76,79,-3,3
44657,154,150,4,4
44658,64,66,-2,2
44659,73,73,0,0
44660,61,63,-2,2
44661,57,67,-10,10
44662,142,144,-2,2
44663,193,184,9,9
44664,58,76,-18,18
44665,89,100,-11,11
44666,88,87,1,1
44667,121,119,2,2
44668,110,110,0,0
44669,116,111,5,5
44670,100,93,7,7
44671,62,60,2,2
44672,100,109,-9,9
44673,146,126,20,20
44674,33,36,-3,3
44675,105,110,-5,5
44676,93,93,0,0
44677,48,59,-11,11
44678,74,76,-2,2
44679,55,56,-1,1
44680,77,71,6,6
44681,83,71,12,12
44682,162,155,7,7
44683,59,59,0,0
44684,196,186,10,10
44685,95,89,6,6
44686,64,59,5,5
44687,107,110,-3,3
44688,163,151,12,12
44689,78,70,8,8
44690,66,74,-8,8
44691,62,71,-9,9
44692,109,100,9,9
44693,77,79,-2,2
44694,125,117,8,8
44695,103,98,5,5
44696,81,80,1,1
44697,50,52,-2,2
44698,116,134,-18,18
44699,70,76,-6,6
44700,68,61,7,7
44701,96,89,7,7
44702,155,138,17,17
44703,128,136,-8,8
44704,75,81,-6,6
44705,116,115,1,1
44706,88,87,1,1
44707,100,92,8,8
44708,73,75,-2,2
44709,140,142,-2,2
44710,106,104,2,2
44711,87,91,-4,4
44712,78,89,-11,11
44713,92,88,4,4
44714,109,108,1,1
44715,69,75,-6,6
44716,174,167,7,7
44717,60,60,0,0
44718,61,59,2,2
44719,59,63,-4,4
44720,124,121,3,3
44721,85,82,3,3
44722,136,112,24,24
44723,118,119,-1,1
44724,81,85,-4,4
44725,80,82,-2,2
44726,69,66,3,3
44727,60,66,-6,6
44728,63,66,-3,3
44729,46,43,3,3
44730,61,63,-2,2
44731,65,78,-13,13
44732,104,111,-7,7
44733,144,136,8,8
44734,73,91,-18,18
44735,77,76,1,1
44736,96,96,0,0
44737,71,84,-13,13
44738,74,77,-3,3
44739,60,63,-3,3
44740,80,82,-2,2
44741,74,81,-7,7
44742,168,155,13,13
44743,145,135,10,10
44744,86,93,-7,7
44745,137,137,0,0
44746,121,120,1,1
44747,91,77,14,14
44748,68,69,-1,1
44749,78,71,7,7
44750,84,87,-3,3
44751,150,142,8,8
44752,103,93,10,10
44753,79,79,0,0
44754,63,69,-6,6
44755,70,69,1,1
44756,229,209,20,20
44757,130,145,-15,15
44758,81,84,-3,3
44759,112,105,7,7
44760,134,118,16,16
44761,82,82,0,0
44762,152,210,-58,58
44763,90,96,-6,6
44764,105,112,-7,7
44765,138,137,1,1
44766,95,95,0,0
44767,86,80,6,6
44768,91,81,10,10
44769,58,73,-15,15
44770,130,120,10,10
44771,154,146,8,8
44772,69,75,-6,6
44773,158,139,19,19
44774,136,133,3,3
44775,56,64,-8,8
44776,86,82,4,4
44777,49,51,-2,2
44778,138,132,6,6
44779,100,97,3,3
44780,146,143,3,3
44781,56,58,-2,2
44782,79,79,0,0
44783,53,54,-1,1
44784,59,57,2,2
44785,64,62,2,2
44786,108,98,10,10
44787,66,66,0,0
44788,117,117,0,0
44789,60,58,2,2
44790,51,51,0,0
44791,104,102,2,2
44792,92,108,-16,16
44793,87,78,9,9
44794,84,101,-17,17
44795,155,153,2,2
44796,100,102,-2,2
44797,43,45,-2,2
44798,72,63,9,9
44799,124,131,-7,7
44800,116,140,-24,24
44801,159,144,15,15
44802,91,103,-12,12
44803,71,69,2,2
44804,158,153,5,5
44805,71,73,-2,2
44806,102,93,9,9
44807,117,112,5,5
44808,94,96,-2,2
44809,79,85,-6,6
44810,51,55,-4,4
44811,63,61,2,2
44812,55,60,-5,5
44813,152,130,22,22
44814,78,62,16,16
44815,54,55,-1,1
44816,80,80,0,0
44817,59,59,0,0
44818,84,86,-2,2
44819,110,110,0,0
44820,124,115,9,9
44821,92,78,14,14
44822,126,125,1,1
44823,130,122,8,8
44824,89,88,1,1
44825,109,109,0,0
44826,87,95,-8,8
44827,75,67,8,8
44828,225,213,12,12
44829,182,180,2,2
44830,82,85,-3,3
44831,54,62,-8,8
44832,187,173,14,14
44833,128,135,-7,7
44834,87,77,10,10
44835,92,84,8,8
44836,58,70,-12,12
44837,63,56,7,7
44838,100,92,8,8
44839,102,112,-10,10
44840,46,55,-9,9
44841,89,100,-11,11
44842,61,61,0,0
44843,134,136,-2,2
44844,69,69,0,0
44845,118,117,1,1
44846,153,148,5,5
44847,115,111,4,4
44848,88,82,6,6
44849,91,90,1,1
44850,51,52,-1,1
44851,68,81,-13,13
44852,155,144,11,11
44853,52,52,0,0
44854,71,72,-1,1
44855,100,96,4,4
44856,81,78,3,3
44857,168,157,11,11
44858,80,75,5,5
44859,83,79,4,4
44860,90,98,-8,8
44861,99,96,3,3
44862,45,46,-1,1
44863,110,112,-2,2
44864,118,104,14,14
44865,98,97,1,1
44866,162,148,14,14
44867,54,56,-2,2
44868,80,81,-1,1
44869,91,83,8,8
44870,81,72,9,9
44871,89,86,3,3
44872,58,56,2,2
44873,194,202,-8,8
44874,78,84,-6,6
44875,63,60,3,3
44876,61,60,1,1
44877,98,96,2,2
44878,95,92,3,3
44879,97,88,9,9
44880,96,110,-14,14
44881,89,86,3,3
44882,154,145,9,9
44883,51,53,-2,2
44884,117,100,17,17
44885,42,58,-16,16
44886,92,88,4,4
44887,91,91,0,0
44888,162,170,-8,8
44889,75,75,0,0
44890,104,107,-3,3
44891,117,117,0,0
44892,74,84,-10,10
44893,52,52,0,0
44894,77,72,5,5
44895,83,78,5,5
44896,71,74,-3,3
44897,57,56,1,1
44898,62,59,3,3
44899,114,110,4,4
44900,58,62,-4,4
44901,120,121,-1,1
44902,74,74,0,0
44903,95,83,12,12
44904,63,69,-6,6
44905,84,90,-6,6
44906,57,65,-8,8
44907,70,75,-5,5
44908,71,78,-7,7
44909,71,63,8,8
44910,140,126,14,14
44911,116,122,-6,6
44912,62,70,-8,8
44913,96,107,-11,11
44914,73,74,-1,1
44915,79,77,2,2
44916,97,88,9,9
44917,80,70,10,10
44918,76,79,-3,3
44919,67,67,0,0
44920,176,172,4,4
44921,71,86,-15,15
44922,89,88,1,1
44923,75,74,1,1
44924,142,133,9,9
44925,96,96,0,0
44926,70,75,-5,5
44927,134,131,3,3
44928,123,121,2,2
44929,71,77,-6,6
44930,45,56,-11,11
44931,102,104,-2,2
44932,130,131,-1,1
44933,134,133,1,1
44934,71,82,-11,11
44935,111,124,-13,13
44936,134,120,14,14
44937,131,117,14,14
44938,136,162,-26,26
44939,116,115,1,1
44940,156,149,7,7
44941,139,125,14,14
44942,102,99,3,3
44943,69,78,-9,9
44944,81,78,3,3
44945,109,114,-5,5
44946,94,94,0,0
44947,77,72,5,5
44948,173,178,-5,5
44949,70,71,-1,1
44950,77,84,-7,7
44951,95,90,5,5
44952,96,91,5,5
44953,90,88,2,2
44954,47,64,-17,17
44955,116,124,-8,8
44956,84,72,12,12
44957,62,67,-5,5
44958,128,139,-11,11
44959,83,82,1,1
44960,90,95,-5,5
44961,86,89,-3,3
44962,113,110,3,3
44963,153,137,16,16
44964,90,86,4,4
44965,96,98,-2,2
44966,76,84,-8,8
44967,73,76,-3,3
44968,98,95,3,3
44969,23,44,-21,21
44970,57,63,-6,6
44971,65,79,-14,14
44972,107,111,-4,4
44973,140,138,2,2
44974,112,99,13,13
44975,149,163,-14,14
44976,100,81,19,19
44977,100,98,2,2
44978,64,61,3,3
44979,89,85,4,4
44980,154,148,6,6
44981,53,55,-2,2
44982,45,47,-2,2
44983,61,67,-6,6
44984,108,110,-2,2
44985,88,79,9,9
44986,109,116,-7,7
44987,143,124,19,19
44988,91,108,-17,17
44989,102,101,1,1
44990,61,62,-1,1
44991,85,88,-3,3
44992,121,106,15,15
44993,65,61,4,4
44994,56,53,3,3
44995,103,100,3,3
44996,111,98,13,13
44997,102,96,6,6
44998,99,86,13,13
44999,97,117,-20,20
45000,79,78,1,1
45001,139,135,4,4
45002,107,91,16,16
45003,166,172,-6,6
45004,51,58,-7,7
45005,75,66,9,9
45006,113,109,4,4
45007,69,75,-6,6
45008,129,129,0,0
45009,197,192,5,5
45010,104,102,2,2
45011,99,104,-5,5
45012,86,79,7,7
45013,95,87,8,8
45014,138,128,10,10
45015,78,77,1,1
45016,47,85,-38,38
45017,56,59,-3,3
45018,62,65,-3,3
45019,64,68,-4,4
45020,105,87,18,18
45021,104,98,6,6
45022,140,135,5,5
45023,84,108,-24,24
45024,126,135,-9,9
45025,82,84,-2,2
45026,75,76,-1,1
45027,92,96,-4,4
45028,77,78,-1,1
45029,100,97,3,3
45030,140,143,-3,3
45031,67,61,6,6
45032,117,125,-8,8
45033,54,59,-5,5
45034,81,82,-1,1
45035,130,130,0,0
45036,100,94,6,6
45037,86,84,2,2
45038,57,64,-7,7
45039,115,111,4,4
45040,147,151,-4,4
45041,86,84,2,2
45042,39,47,-8,8
45043,79,77,2,2
45044,89,96,-7,7
45045,70,66,4,4
45046,73,80,-7,7
45047,113,109,4,4
45048,99,107,-8,8
45049,78,79,-1,1
45050,132,133,-1,1
45051,79,86,-7,7
45052,143,138,5,5
45053,57,61,-4,4
45054,49,52,-3,3
45055,85,83,2,2
45056,49,80,-31,31
45057,96,88,8,8
45058,87,87,0,0
45059,151,122,29,29
45060,147,146,1,1
45061,94,99,-5,5
45062,91,90,1,1
45063,56,55,1,1
45064,123,136,-13,13
45065,188,170,18,18
45066,55,49,6,6
45067,117,110,7,7
45068,106,107,-1,1
45069,109,121,-12,12
45070,61,57,4,4
45071,46,59,-13,13
45072,62,58,4,4
45073,102,98,4,4
45074,62,60,2,2
45075,85,86,-1,1
45076,89,90,-1,1
45077,96,95,1,1
45078,132,128,4,4
45079,94,93,1,1
45080,118,110,8,8
45081,73,74,-1,1
45082,69,73,-4,4
45083,57,61,-4,4
45084,86,90,-4,4
45085,130,119,11,11
45086,144,140,4,4
45087,67,68,-1,1
45088,64,100,-36,36
45089,85,77,8,8
45090,104,115,-11,11
45091,109,102,7,7
45092,110,111,-1,1
45093,129,118,11,11
45094,97,93,4,4
45095,85,86,-1,1
45096,104,99,5,5
45097,77,83,-6,6
45098,81,87,-6,6
45099,97,93,4,4
45100,130,144,-14,14
45101,67,69,-2,2
45102,55,57,-2,2
45103,92,83,9,9
45104,83,84,-1,1
45105,135,144,-9,9
45106,69,62,7,7
45107,109,113,-4,4
45108,98,88,10,10
45109,95,91,4,4
45110,121,122,-1,1
45111,80,73,7,7
45112,79,78,1,1
45113,123,125,-2,2
45114,117,115,2,2
45115,59,64,-5,5
45116,89,91,-2,2
45117,82,83,-1,1
45118,117,109,8,8
45119,69,75,-6,6
45120,123,111,12,12
45121,57,68,-11,11
45122,87,77,10,10
45123,105,108,-3,3
45124,108,109,-1,1
45125,76,74,2,2
45126,74,108,-34,34
45127,84,74,10,10
45128,96,98,-2,2
45129,78,77,1,1
45130,76,84,-8,8
45131,88,95,-7,7
45132,89,90,-1,1
45133,90,93,-3,3
45134,60,60,0,0
45135,53,59,-6,6
45136,67,68,-1,1
45137,89,89,0,0
45138,149,129,20,20
45139,95,98,-3,3
45140,109,116,-7,7
45141,169,173,-4,4
45142,78,72,6,6
45143,122,122,0,0
45144,48,64,-16,16
45145,108,121,-13,13
45146,90,92,-2,2
45147,147,131,16,16
45148,69,68,1,1
45149,112,106,6,6
45150,158,152,6,6
45151,123,133,-10,10
45152,42,46,-4,4
45153,135,124,11,11
45154,148,139,9,9
45155,109,110,-1,1
45156,73,68,5,5
45157,88,84,4,4
45158,90,84,6,6
45159,55,58,-3,3
45160,83,88,-5,5
45161,54,47,7,7
45162,85,88,-3,3
45163,75,70,5,5
45164,121,123,-2,2
45165,65,62,3,3
45166,77,73,4,4
45167,102,96,6,6
45168,104,113,-9,9
45169,67,63,4,4
45170,134,121,13,13
45171,107,98,9,9
45172,87,90,-3,3
45173,168,159,9,9
45174,145,144,1,1
45175,127,129,-2,2
45176,168,159,9,9
45177,113,108,5,5
45178,64,69,-5,5
45179,64,67,-3,3
45180,83,87,-4,4
45181,83,85,-2,2
45182,125,120,5,5
45183,61,58,3,3
45184,40,46,-6,6
45185,57,53,4,4
45186,153,142,11,11
45187,101,107,-6,6
45188,83,85,-2,2
45189,89,98,-9,9
45190,111,112,-1,1
45191,77,74,3,3
45192,127,122,5,5
45193,128,120,8,8
45194,146,136,10,10
45195,49,56,-7,7
45196,49,56,-7,7
45197,57,67,-10,10
45198,89,85,4,4
45199,88,105,-17,17
45200,153,157,-4,4
45201,71,73,-2,2
45202,135,139,-4,4
45203,109,99,10,10
45204,73,69,4,4
45205,185,163,22,22
45206,69,67,2,2
45207,109,112,-3,3
45208,74,78,-4,4
45209,181,148,33,33
45210,96,98,-2,2
45211,93,111,-18,18
45212,60,57,3,3
45213,104,109,-5,5
45214,67,56,11,11
45215,89,96,-7,7
45216,128,120,8,8
45217,100,95,5,5
45218,96,95,1,1
45219,90,80,10,10
45220,68,66,2,2
45221,126,120,6,6
45222,54,62,-8,8
45223,106,111,-5,5
45224,63,62,1,1
45225,113,96,17,17
45226,45,55,-10,10
45227,98,87,11,11
45228,156,143,13,13
45229,52,58,-6,6
45230,134,124,10,10
45231,74,77,-3,3
45232,102,98,4,4
45233,100,95,5,5
45234,62,67,-5,5
45235,82,76,6,6
45236,105,94,11,11
45237,69,74,-5,5
45238,124,136,-12,12
45239,118,114,4,4
45240,82,84,-2,2
45241,63,70,-7,7
45242,70,69,1,1
45243,68,71,-3,3
45244,121,111,10,10
45245,73,73,0,0
45246,51,51,0,0
45247,81,74,7,7
45248,146,136,10,10
45249,88,87,1,1
45250,101,97,4,4
45251,126,134,-8,8
45252,119,121,-2,2
45253,113,122,-9,9
45254,172,154,18,18
45255,81,75,6,6
45256,90,89,1,1
45257,110,107,3,3
45258,134,138,-4,4
45259,37,52,-15,15
45260,62,64,-2,2
45261,65,68,-3,3
45262,52,52,0,0
45263,76,81,-5,5
45264,116,112,4,4
45265,98,124,-26,26
45266,61,61,0,0
45267,84,86,-2,2
45268,153,145,8,8
45269,72,68,4,4
45270,77,74,3,3
45271,86,88,-2,2
45272,99,108,-9,9
45273,124,120,4,4
45274,66,75,-9,9
45275,76,74,2,2
45276,67,52,15,15
45277,133,120,13,13
45278,91,91,0,0
45279,71,79,-8,8
45280,207,202,5,5
45281,65,64,1,1
45282,97,99,-2,2
45283,131,134,-3,3
45284,120,112,8,8
45285,59,63,-4,4
45286,124,117,7,7
45287,74,71,3,3
45288,101,99,2,2
45289,85,85,0,0
45290,85,84,1,1
45291,137,128,9,9
45292,76,73,3,3
45293,136,139,-3,3
45294,139,136,3,3
45295,49,55,-6,6
45296,136,134,2,2
45297,75,64,11,11
45298,109,110,-1,1
45299,53,56,-3,3
45300,110,110,0,0
45301,59,66,-7,7
45302,119,117,2,2
45303,86,84,2,2
45304,139,132,7,7
45305,132,126,6,6
45306,191,183,8,8
45307,87,79,8,8
45308,90,87,3,3
45309,122,123,-1,1
45310,73,67,6,6
45311,122,111,11,11
45312,93,96,-3,3
45313,46,58,-12,12
45314,84,91,-7,7
45315,103,92,11,11
45316,39,39,0,0
45317,96,104,-8,8
45318,72,70,2,2
45319,146,139,7,7
45320,80,93,-13,13
45321,68,71,-3,3
45322,49,53,-4,4
45323,110,108,2,2
45324,117,119,-2,2
45325,121,111,10,10
45326,55,64,-9,9
45327,149,157,-8,8
45328,78,76,2,2
45329,60,68,-8,8
45330,161,158,3,3
45331,95,102,-7,7
45332,75,65,10,10
45333,92,94,-2,2
45334,112,125,-13,13
45335,67,72,-5,5
45336,91,88,3,3
45337,109,102,7,7
45338,177,167,10,10
45339,105,113,-8,8
45340,82,80,2,2
45341,89,77,12,12
45342,109,110,-1,1
45343,67,77,-10,10
45344,117,117,0,0
45345,96,95,1,1
45346,49,58,-9,9
45347,110,107,3,3
45348,57,55,2,2
45349,118,94,24,24
45350,120,113,7,7
45351,77,81,-4,4
45352,107,97,10,10
45353,60,65,-5,5
45354,70,61,9,9
45355,115,114,1,1
45356,70,75,-5,5
45357,70,68,2,2
45358,96,111,-15,15
45359,72,82,-10,10
45360,72,67,5,5
45361,67,71,-4,4
45362,170,157,13,13
45363,57,55,2,2
45364,67,63,4,4
45365,85,88,-3,3
45366,95,110,-15,15
45367,119,144,-25,25
45368,84,76,8,8
45369,65,88,-23,23
45370,225,219,6,6
45371,97,96,1,1
45372,81,80,1,1
45373,104,108,-4,4
45374,23,39,-16,16
45375,75,77,-2,2
45376,115,114,1,1
45377,111,100,11,11
45378,60,55,5,5
45379,72,75,-3,3
45380,100,108,-8,8
45381,85,78,7,7
45382,60,62,-2,2
45383,55,63,-8,8
45384,120,127,-7,7
45385,121,128,-7,7
45386,79,77,2,2
45387,89,89,0,0
45388,127,117,10,10
45389,86,84,2,2
45390,58,55,3,3
45391,99,88,11,11
45392,126,131,-5,5
45393,53,58,-5,5
45394,55,60,-5,5
45395,107,116,-9,9
45396,67,65,2,2
45397,83,91,-8,8
45398,81,82,-1,1
45399,92,89,3,3
45400,109,100,9,9
45401,148,153,-5,5
45402,115,122,-7,7
45403,124,118,6,6
45404,103,108,-5,5
45405,122,128,-6,6
45406,104,108,-4,4
45407,58,45,13,13
45408,68,69,-1,1
45409,83,90,-7,7
45410,51,69,-18,18
45411,84,85,-1,1
45412,129,135,-6,6
45413,64,70,-6,6
45414,150,140,10,10
45415,48,54,-6,6
45416,67,58,9,9
45417,72,72,0,0
45418,101,99,2,2
45419,68,66,2,2
45420,135,124,11,11
45421,98,98,0,0
45422,73,74,-1,1
45423,93,107,-14,14
45424,161,161,0,0
45425,58,61,-3,3
45426,125,127,-2,2
45427,91,94,-3,3
45428,82,80,2,2
45429,82,87,-5,5
45430,89,107,-18,18
45431,45,42,3,3
45432,56,82,-26,26
45433,152,177,-25,25
45434,110,103,7,7
45435,81,76,5,5
45436,43,49,-6,6
45437,154,163,-9,9
45438,82,75,7,7
45439,104,112,-8,8
45440,78,87,-9,9
45441,130,119,11,11
45442,66,78,-12,12
45443,86,89,-3,3
45444,98,108,-10,10
45445,106,110,-4,4
45446,78,85,-7,7
45447,89,80,9,9
45448,84,86,-2,2
45449,111,100,11,11
45450,73,72,1,1
45451,115,137,-22,22
45452,174,164,10,10
45453,87,75,12,12
45454,102,102,0,0
45455,77,70,7,7
45456,37,38,-1,1
45457,131,130,1,1
45458,104,101,3,3
45459,109,144,-35,35
45460,89,83,6,6
45461,108,109,-1,1
45462,158,147,11,11
45463,69,68,1,1
45464,89,80,9,9
45465,42,46,-4,4
45466,97,83,14,14
45467,70,74,-4,4
45468,116,113,3,3
45469,138,149,-11,11
45470,110,113,-3,3
45471,105,97,8,8
45472,51,57,-6,6
45473,94,106,-12,12
45474,75,72,3,3
45475,129,134,-5,5
45476,88,84,4,4
45477,100,89,11,11
45478,79,78,1,1
45479,176,169,7,7
45480,86,83,3,3
45481,88,97,-9,9
45482,105,116,-11,11
45483,140,132,8,8
45484,72,69,3,3
45485,111,92,19,19
45486,105,98,7,7
45487,191,179,12,12
45488,120,119,1,1
45489,99,104,-5,5
45490,45,55,-10,10
45491,94,88,6,6
45492,80,84,-4,4
45493,85,84,1,1
45494,74,68,6,6
45495,78,78,0,0
45496,131,123,8,8
45497,95,93,2,2
45498,59,62,-3,3
45499,72,62,10,10
45500,108,112,-4,4
45501,71,73,-2,2
45502,74,72,2,2
45503,134,139,-5,5
45504,101,108,-7,7
45505,68,66,2,2
45506,127,129,-2,2
45507,195,166,29,29
45508,73,73,0,0
45509,77,77,0,0
45510,79,73,6,6
45511,59,53,6,6
45512,115,100,15,15
45513,79,78,1,1
45514,91,93,-2,2
45515,82,81,1,1
45516,72,71,1,1
45517,63,71,-8,8
45518,89,89,0,0
45519,69,77,-8,8
45520,62,93,-31,31
45521,45,53,-8,8
45522,87,93,-6,6
45523,75,84,-9,9
45524,105,107,-2,2
45525,93,102,-9,9
45526,104,99,5,5
45527,86,89,-3,3
45528,159,155,4,4
45529,93,82,11,11
45530,112,113,-1,1
45531,120,117,3,3
45532,62,55,7,7
45533,108,109,-1,1
45534,124,129,-5,5
45535,167,154,13,13
45536,163,161,2,2
45537,113,112,1,1
45538,98,88,10,10
45539,64,73,-9,9
45540,120,116,4,4
45541,52,51,1,1
45542,42,45,-3,3
45543,131,142,-11,11
45544,95,80,15,15
45545,85,86,-1,1
45546,71,67,4,4
45547,116,111,5,5
45548,91,79,12,12
45549,94,92,2,2
45550,52,57,-5,5
45551,84,99,-15,15
45552,61,57,4,4
45553,101,104,-3,3
45554,97,95,2,2
45555,96,108,-12,12
45556,141,151,-10,10
45557,124,118,6,6
45558,72,72,0,0
45559,79,133,-54,54
45560,155,157,-2,2
45561,112,121,-9,9
45562,63,65,-2,2
45563,73,78,-5,5
45564,67,73,-6,6
45565,61,61,0,0
45566,114,111,3,3
45567,33,39,-6,6
45568,64,67,-3,3
45569,79,75,4,4
45570,149,162,-13,13
45571,97,94,3,3
45572,84,80,4,4
45573,134,137,-3,3
45574,85,93,-8,8
45575,123,112,11,11
45576,97,88,9,9
45577,69,70,-1,1
45578,116,109,7,7
45579,92,83,9,9
45580,125,127,-2,2
45581,103,94,9,9
45582,99,90,9,9
45583,154,160,-6,6
45584,102,103,-1,1
45585,53,57,-4,4
45586,104,109,-5,5
45587,218,184,34,34
45588,57,58,-1,1
45589,154,160,-6,6
45590,141,146,-5,5
45591,113,124,-11,11
45592,69,72,-3,3
45593,87,99,-12,12
45594,126,126,0,0
45595,99,109,-10,10
45596,85,90,-5,5
45597,78,86,-8,8
45598,85,74,11,11
45599,77,74,3,3
45600,97,94,3,3
45601,67,77,-10,10
45602,114,113,1,1
45603,130,135,-5,5
45604,127,116,11,11
45605,66,64,2,2
45606,74,79,-5,5
45607,117,117,0,0
45608,57,55,2,2
45609,169,161,8,8
45610,79,80,-1,1
45611,122,135,-13,13
45612,117,119,-2,2
45613,82,82,0,0
45614,119,116,3,3
45615,105,103,2,2
45616,121,113,8,8
45617,107,111,-4,4
45618,63,63,0,0
45619,76,80,-4,4
45620,141,114,27,27
45621,76,73,3,3
45622,189,146,43,43
45623,78,77,1,1
45624,105,122,-17,17
45625,69,71,-2,2
45626,95,103,-8,8
45627,55,61,-6,6
45628,85,76,9,9
45629,62,66,-4,4
45630,72,73,-1,1
45631,91,91,0,0
45632,78,89,-11,11
45633,69,64,5,5
45634,58,60,-2,2
45635,104,95,9,9
45636,90,90,0,0
45637,45,56,-11,11
45638,109,98,11,11
45639,174,177,-3,3
45640,102,117,-15,15
45641,72,79,-7,7
45642,93,94,-1,1
45643,88,117,-29,29
45644,147,137,10,10
45645,116,114,2,2
45646,71,92,-21,21
45647,59,64,-5,5
45648,110,107,3,3
45649,112,110,2,2
45650,67,56,11,11
45651,63,67,-4,4
45652,99,84,15,15
45653,71,69,2,2
45654,61,68,-7,7
45655,145,178,-33,33
45656,59,63,-4,4
45657,91,97,-6,6
45658,97,102,-5,5
45659,67,70,-3,3
45660,75,72,3,3
45661,107,89,18,18
45662,47,61,-14,14
45663,111,113,-2,2
45664,122,112,10,10
45665,145,137,8,8
45666,133,119,14,14
45667,90,83,7,7
45668,153,148,5,5
45669,83,72,11,11
45670,44,56,-12,12
45671,64,67,-3,3
45672,74,80,-6,6
45673,98,100,-2,2
45674,117,70,47,47
45675,83,88,-5,5
45676,52,60,-8,8
45677,74,71,3,3
45678,128,125,3,3
45679,75,77,-2,2
45680,71,70,1,1
45681,72,70,2,2
45682,80,76,4,4
45683,98,96,2,2
45684,138,138,0,0
45685,161,152,9,9
45686,152,150,2,2
45687,117,114,3,3
45688,96,99,-3,3
45689,76,75,1,1
45690,150,150,0,0
45691,71,80,-9,9
45692,127,134,-7,7
45693,93,98,-5,5
45694,116,117,-1,1
45695,128,124,4,4
45696,47,52,-5,5
45697,53,57,-4,4
45698,173,169,4,4
45699,84,100,-16,16
45700,74,70,4,4
45701,40,46,-6,6
45702,125,108,17,17
45703,100,110,-10,10
45704,62,64,-2,2
45705,120,111,9,9
45706,163,140,23,23
45707,111,111,0,0
45708,62,69,-7,7
45709,104,110,-6,6
45710,96,91,5,5
45711,71,66,5,5
45712,94,99,-5,5
45713,109,109,0,0
45714,46,48,-2,2
45715,94,90,4,4
45716,52,52,0,0
45717,88,82,6,6
45718,68,75,-7,7
45719,193,206,-13,13
45720,137,128,9,9
45721,109,110,-1,1
45722,97,103,-6,6
45723,114,109,5,5
45724,90,88,2,2
45725,57,62,-5,5
45726,119,113,6,6
45727,157,152,5,5
45728,86,81,5,5
45729,108,109,-1,1
45730,82,84,-2,2
45731,111,109,2,2
45732,110,113,-3,3
45733,108,93,15,15
45734,92,84,8,8
45735,38,38,0,0
45736,92,92,0,0
45737,92,88,4,4
45738,68,60,8,8
45739,74,82,-8,8
45740,83,85,-2,2
45741,106,88,18,18
45742,86,83,3,3
45743,78,69,9,9
45744,155,163,-8,8
45745,116,116,0,0
45746,129,97,32,32
45747,99,96,3,3
45748,114,109,5,5
45749,103,96,7,7
45750,82,71,11,11
45751,50,49,1,1
45752,86,84,2,2
45753,82,79,3,3
45754,82,90,-8,8
45755,50,57,-7,7
45756,88,76,12,12
45757,86,79,7,7
45758,103,100,3,3
45759,60,58,2,2
45760,68,66,2,2
45761,86,67,19,19
45762,85,80,5,5
45763,80,74,6,6
45764,58,66,-8,8
45765,63,77,-14,14
45766,117,114,3,3
45767,97,111,-14,14
45768,59,62,-3,3
45769,66,69,-3,3
45770,121,120,1,1
45771,77,71,6,6
45772,47,48,-1,1
45773,61,67,-6,6
45774,128,124,4,4
45775,225,210,15,15
45776,145,135,10,10
45777,125,134,-9,9
45778,40,44,-4,4
45779,94,86,8,8
45780,103,97,6,6
45781,137,132,5,5
45782,151,143,8,8
45783,98,99,-1,1
45784,115,113,2,2
45785,77,73,4,4
45786,75,95,-20,20
45787,75,85,-10,10
45788,117,115,2,2
45789,133,137,-4,4
45790,89,98,-9,9
45791,92,90,2,2
45792,66,66,0,0
45793,26,34,-8,8
45794,135,127,8,8
45795,82,88,-6,6
45796,44,52,-8,8
45797,79,58,21,21
45798,135,143,-8,8
45799,122,136,-14,14
45800,177,173,4,4
45801,93,85,8,8
45802,54,50,4,4
45803,104,118,-14,14
45804,69,65,4,4
45805,64,69,-5,5
45806,113,122,-9,9
45807,69,65,4,4
45808,127,134,-7,7
45809,115,116,-1,1
45810,75,74,1,1
45811,81,79,2,2
45812,35,40,-5,5
45813,120,122,-2,2
45814,86,89,-3,3
45815,111,105,6,6
45816,149,139,10,10
45817,86,84,2,2
45818,122,118,4,4
45819,80,82,-2,2
45820,91,84,7,7
45821,106,109,-3,3
45822,30,37,-7,7
45823,84,83,1,1
45824,159,131,28,28
45825,76,80,-4,4
45826,73,73,0,0
45827,78,79,-1,1
45828,271,244,27,27
45829,138,144,-6,6
45830,72,77,-5,5
45831,77,72,5,5
45832,94,93,1,1
45833,101,100,1,1
45834,72,72,0,0
45835,101,109,-8,8
45836,120,121,-1,1
45837,159,157,2,2
45838,78,79,-1,1
45839,78,82,-4,4
45840,106,102,4,4
45841,87,95,-8,8
45842,62,65,-3,3
45843,106,110,-4,4
45844,127,140,-13,13
45845,101,100,1,1
45846,56,57,-1,1
45847,41,52,-11,11
45848,83,84,-1,1
45849,128,132,-4,4
45850,86,76,10,10
45851,82,88,-6,6
45852,104,100,4,4
45853,116,136,-20,20
45854,115,120,-5,5
45855,81,78,3,3
45856,82,97,-15,15
45857,88,82,6,6
45858,115,114,1,1
45859,170,169,1,1
45860,110,113,-3,3
45861,228,205,23,23
45862,161,148,13,13
45863,72,73,-1,1
45864,171,157,14,14
45865,117,110,7,7
45866,116,114,2,2
45867,60,54,6,6
45868,113,120,-7,7
45869,121,113,8,8
45870,41,54,-13,13
45871,98,93,5,5
45872,83,79,4,4
45873,56,61,-5,5
45874,107,99,8,8
45875,90,85,5,5
45876,91,94,-3,3
45877,68,70,-2,2
45878,131,121,10,10
45879,95,85,10,10
45880,93,89,4,4
45881,99,97,2,2
45882,195,165,30,30
45883,124,115,9,9
45884,124,118,6,6
45885,44,55,-11,11
45886,63,60,3,3
45887,175,161,14,14
45888,127,114,13,13
45889,113,118,-5,5
45890,118,98,20,20
45891,99,111,-12,12
45892,89,87,2,2
45893,64,64,0,0
45894,73,75,-2,2
45895,104,95,9,9
45896,50,55,-5,5
45897,94,81,13,13
45898,115,120,-5,5
45899,91,89,2,2
45900,80,73,7,7
45901,81,87,-6,6
45902,80,84,-4,4
45903,100,95,5,5
45904,123,125,-2,2
45905,89,80,9,9
45906,71,70,1,1
45907,162,144,18,18
45908,152,133,19,19
45909,69,65,4,4
45910,81,90,-9,9
45911,71,75,-4,4
45912,90,84,6,6
45913,104,100,4,4
45914,106,100,6,6
45915,66,66,0,0
45916,66,62,4,4
45917,79,87,-8,8
45918,45,48,-3,3
45919,89,84,5,5
45920,105,87,18,18
45921,59,55,4,4
45922,103,95,8,8
45923,116,120,-4,4
45924,93,92,1,1
45925,116,131,-15,15
45926,133,126,7,7
45927,86,83,3,3
45928,86,75,11,11
45929,65,63,2,2
45930,139,128,11,11
45931,117,124,-7,7
45932,67,66,1,1
45933,119,102,17,17
45934,81,99,-18,18
45935,127,124,3,3
45936,142,133,9,9
45937,87,85,2,2
45938,70,67,3,3
45939,79,81,-2,2
45940,119,119,0,0
45941,73,69,4,4
45942,72,63,9,9
45943,87,90,-3,3
45944,108,108,0,0
45945,120,119,1,1
45946,82,78,4,4
45947,97,96,1,1
45948,73,78,-5,5
45949,69,69,0,0
45950,96,93,3,3
45951,44,46,-2,2
45952,104,97,7,7
45953,68,74,-6,6
45954,108,85,23,23
45955,81,85,-4,4
45956,124,119,5,5
45957,91,82,9,9
45958,116,134,-18,18
45959,41,41,0,0
45960,93,91,2,2
45961,100,107,-7,7
45962,70,78,-8,8
45963,82,83,-1,1
45964,124,110,14,14
45965,168,153,15,15
45966,81,79,2,2
45967,124,128,-4,4
45968,74,70,4,4
45969,191,177,14,14
45970,99,111,-12,12
45971,72,71,1,1
45972,92,99,-7,7
45973,122,124,-2,2
45974,104,97,7,7
45975,93,89,4,4
45976,50,55,-5,5
45977,79,85,-6,6
45978,86,87,-1,1
45979,147,159,-12,12
45980,129,144,-15,15
45981,135,148,-13,13
45982,124,111,13,13
45983,91,92,-1,1
45984,80,90,-10,10
45985,150,156,-6,6
45986,113,111,2,2
45987,74,66,8,8
45988,165,152,13,13
45989,105,91,14,14
45990,49,53,-4,4
45991,96,100,-4,4
45992,115,114,1,1
45993,132,123,9,9
45994,111,105,6,6
45995,44,52,-8,8
45996,98,89,9,9
45997,52,49,3,3
45998,78,82,-4,4
45999,71,69,2,2
46000,30,31,-1,1
46001,116,118,-2,2
46002,128,150,-22,22
46003,75,86,-11,11
46004,47,53,-6,6
46005,89,91,-2,2
46006,88,78,10,10
46007,102,100,2,2
46008,48,49,-1,1
46009,59,60,-1,1
46010,131,125,6,6
46011,71,71,0,0
46012,81,84,-3,3
46013,110,107,3,3
46014,154,147,7,7
46015,120,121,-1,1
46016,155,138,17,17
46017,109,109,0,0
46018,71,80,-9,9
46019,81,82,-1,1
46020,58,61,-3,3
46021,69,77,-8,8
46022,134,130,4,4
46023,99,99,0,0
46024,71,70,1,1
46025,99,99,0,0
46026,76,76,0,0
46027,98,83,15,15
46028,68,67,1,1
46029,105,92,13,13
46030,109,103,6,6
46031,143,138,5,5
46032,112,109,3,3
46033,82,102,-20,20
46034,59,59,0,0
46035,170,161,9,9
46036,84,92,-8,8
46037,84,94,-10,10
46038,97,100,-3,3
46039,241,215,26,26
46040,216,191,25,25
46041,121,120,1,1
46042,72,63,9,9
46043,61,62,-1,1
46044,76,72,4,4
46045,140,146,-6,6
46046,101,93,8,8
46047,92,84,8,8
46048,65,61,4,4
46049,62,67,-5,5
46050,62,67,-5,5
46051,172,153,19,19
46052,82,79,3,3
46053,118,119,-1,1
46054,99,95,4,4
46055,121,119,2,2
46056,108,109,-1,1
46057,96,76,20,20
46058,145,128,17,17
46059,111,136,-25,25
46060,46,48,-2,2
46061,74,70,4,4
46062,96,92,4,4
46063,60,60,0,0
46064,110,139,-29,29
46065,78,80,-2,2
46066,114,97,17,17
46067,154,166,-12,12
46068,165,153,12,12
46069,42,45,-3,3
46070,91,87,4,4
46071,100,107,-7,7
46072,110,91,19,19
46073,67,73,-6,6
46074,68,76,-8,8
46075,137,118,19,19
46076,87,90,-3,3
46077,93,85,8,8
46078,86,88,-2,2
46079,200,205,-5,5
46080,119,114,5,5
46081,176,164,12,12
46082,75,75,0,0
46083,125,125,0,0
46084,74,79,-5,5
46085,102,95,7,7
46086,53,53,0,0
46087,107,108,-1,1
46088,95,87,8,8
46089,120,125,-5,5
46090,88,86,2,2
46091,66,74,-8,8
46092,94,88,6,6
46093,137,142,-5,5
46094,67,76,-9,9
46095,83,82,1,1
46096,56,58,-2,2
46097,139,127,12,12
46098,100,92,8,8
46099,78,89,-11,11
46100,103,93,10,10
46101,59,67,-8,8
46102,47,55,-8,8
46103,65,60,5,5
46104,112,102,10,10
46105,132,116,16,16
46106,82,87,-5,5
46107,118,117,1,1
46108,109,97,12,12
46109,91,85,6,6
46110,67,70,-3,3
46111,83,84,-1,1
46112,79,80,-1,1
46113,26,34,-8,8
46114,44,59,-15,15
46115,71,75,-4,4
46116,86,83,3,3
46117,77,75,2,2
46118,53,49,4,4
46119,98,88,10,10
46120,144,129,15,15
46121,89,81,8,8
46122,67,67,0,0
46123,147,136,11,11
46124,127,129,-2,2
46125,85,81,4,4
46126,66,62,4,4
46127,89,79,10,10
46128,89,90,-1,1
46129,75,74,1,1
46130,72,69,3,3
46131,101,108,-7,7
46132,126,100,26,26
46133,62,61,1,1
46134,83,81,2,2
46135,151,142,9,9
46136,102,111,-9,9
46137,215,206,9,9
46138,149,142,7,7
46139,133,130,3,3
46140,90,83,7,7
46141,100,85,15,15
46142,57,54,3,3
46143,61,57,4,4
46144,41,37,4,4
46145,137,126,11,11
46146,164,153,11,11
46147,242,234,8,8
46148,99,100,-1,1
46149,51,52,-1,1
46150,68,67,1,1
46151,78,73,5,5
46152,120,118,2,2
46153,87,83,4,4
46154,105,97,8,8
46155,112,110,2,2
46156,87,88,-1,1
46157,88,90,-2,2
46158,71,67,4,4
46159,125,119,6,6
46160,73,77,-4,4
46161,108,110,-2,2
46162,76,79,-3,3
46163,45,44,1,1
46164,100,96,4,4
46165,76,78,-2,2
46166,158,152,6,6
46167,92,91,1,1
46168,77,79,-2,2
46169,44,45,-1,1
46170,115,122,-7,7
46171,85,91,-6,6
46172,109,109,0,0
46173,89,89,0,0
46174,39,47,-8,8
46175,66,68,-2,2
46176,62,71,-9,9
46177,89,94,-5,5
46178,130,126,4,4
46179,92,90,2,2
46180,138,121,17,17
46181,118,110,8,8
46182,219,247,-28,28
46183,104,109,-5,5
46184,94,99,-5,5
46185,100,85,15,15
46186,54,51,3,3
46187,153,133,20,20
46188,84,82,2,2
46189,91,98,-7,7
46190,46,46,0,0
46191,53,64,-11,11
46192,77,73,4,4
46193,80,72,8,8
46194,138,129,9,9
46195,80,75,5,5
46196,138,122,16,16
46197,141,133,8,8
46198,91,87,4,4
46199,176,162,14,14
46200,117,121,-4,4
46201,69,73,-4,4
46202,108,118,-10,10
46203,101,94,7,7
46204,135,132,3,3
46205,115,114,1,1
46206,102,104,-2,2
46207,56,63,-7,7
46208,96,98,-2,2
46209,69,69,0,0
46210,106,113,-7,7
46211,151,155,-4,4
46212,110,109,1,1
46213,112,109,3,3
46214,134,125,9,9
46215,65,65,0,0
46216,66,68,-2,2
46217,97,100,-3,3
46218,109,111,-2,2
46219,141,137,4,4
46220,78,92,-14,14
46221,94,114,-20,20
46222,64,70,-6,6
46223,47,59,-12,12
46224,79,74,5,5
46225,104,110,-6,6
46226,39,45,-6,6
46227,62,73,-11,11
46228,123,122,1,1
46229,144,126,18,18
46230,108,110,-2,2
46231,183,159,24,24
46232,85,83,2,2
46233,49,52,-3,3
46234,40,44,-4,4
46235,27,44,-17,17
46236,107,108,-1,1
46237,135,145,-10,10
46238,129,118,11,11
46239,77,76,1,1
46240,61,69,-8,8
46241,58,70,-12,12
46242,144,140,4,4
46243,53,54,-1,1
46244,95,100,-5,5
46245,82,73,9,9
46246,73,74,-1,1
46247,174,176,-2,2
46248,101,96,5,5
46249,100,126,-26,26
46250,81,74,7,7
46251,94,92,2,2
46252,76,78,-2,2
46253,70,71,-1,1
46254,100,108,-8,8
46255,79,71,8,8
46256,83,83,0,0
46257,90,95,-5,5
46258,136,129,7,7
46259,61,69,-8,8
46260,106,111,-5,5
46261,90,91,-1,1
46262,32,38,-6,6
46263,100,108,-8,8
46264,74,67,7,7
46265,62,65,-3,3
46266,101,93,8,8
46267,104,96,8,8
46268,94,82,12,12
46269,95,99,-4,4
46270,134,130,4,4
46271,134,135,-1,1
46272,77,71,6,6
46273,80,95,-15,15
46274,90,88,2,2
46275,128,120,8,8
46276,108,105,3,3
46277,64,71,-7,7
46278,44,54,-10,10
46279,115,110,5,5
46280,49,61,-12,12
46281,64,72,-8,8
46282,64,65,-1,1
46283,128,128,0,0
46284,69,71,-2,2
46285,73,67,6,6
46286,38,45,-7,7
46287,71,73,-2,2
46288,94,97,-3,3
46289,89,92,-3,3
46290,63,67,-4,4
46291,116,109,7,7
46292,83,87,-4,4
46293,38,45,-7,7
46294,57,63,-6,6
46295,84,84,0,0
46296,552,420,132,132
46297,75,73,2,2
46298,70,86,-16,16
46299,90,103,-13,13
46300,181,197,-16,16
46301,109,105,4,4
46302,99,113,-14,14
46303,99,95,4,4
46304,73,75,-2,2
46305,71,74,-3,3
46306,125,128,-3,3
46307,142,146,-4,4
46308,125,122,3,3
46309,99,95,4,4
46310,127,118,9,9
46311,134,120,14,14
46312,87,78,9,9
46313,99,110,-11,11
46314,116,121,-5,5
46315,57,60,-3,3
46316,160,147,13,13
46317,104,94,10,10
46318,106,110,-4,4
46319,82,85,-3,3
46320,149,137,12,12
46321,122,127,-5,5
46322,46,52,-6,6
46323,44,58,-14,14
46324,47,59,-12,12
46325,46,65,-19,19
46326,103,109,-6,6
46327,118,115,3,3
46328,62,63,-1,1
46329,61,68,-7,7
46330,90,90,0,0
46331,87,80,7,7
46332,163,149,14,14
46333,108,113,-5,5
46334,68,69,-1,1
46335,128,125,3,3
46336,132,152,-20,20
46337,48,59,-11,11
46338,66,65,1,1
46339,62,68,-6,6
46340,77,85,-8,8
46341,47,61,-14,14
46342,124,115,9,9
46343,95,108,-13,13
46344,65,62,3,3
46345,70,74,-4,4
46346,133,133,0,0
46347,98,99,-1,1
46348,138,142,-4,4
46349,93,96,-3,3
46350,136,129,7,7
46351,119,116,3,3
46352,102,111,-9,9
46353,106,124,-18,18
46354,75,79,-4,4
46355,58,58,0,0
46356,130,114,16,16
46357,85,89,-4,4
46358,102,118,-16,16
46359,66,67,-1,1
46360,83,98,-15,15
46361,85,89,-4,4
46362,122,119,3,3
46363,107,115,-8,8
46364,68,74,-6,6
46365,58,62,-4,4
46366,87,83,4,4
46367,67,74,-7,7
46368,74,80,-6,6
46369,68,64,4,4
46370,104,96,8,8
46371,158,155,3,3
46372,131,125,6,6
46373,103,101,2,2
46374,109,110,-1,1
46375,64,63,1,1
46376,123,113,10,10
46377,111,102,9,9
46378,38,40,-2,2
46379,59,51,8,8
46380,46,56,-10,10
46381,101,109,-8,8
46382,149,139,10,10
46383,116,112,4,4
46384,62,80,-18,18
46385,78,80,-2,2
46386,92,87,5,5
46387,109,101,8,8
46388,94,97,-3,3
46389,107,113,-6,6
46390,75,81,-6,6
46391,64,66,-2,2
46392,30,40,-10,10
46393,127,130,-3,3
46394,67,66,1,1
46395,109,113,-4,4
46396,187,172,15,15
46397,90,85,5,5
46398,123,119,4,4
46399,72,67,5,5
46400,124,121,3,3
46401,110,112,-2,2
46402,108,112,-4,4
46403,65,72,-7,7
46404,116,118,-2,2
46405,77,91,-14,14
46406,40,46,-6,6
46407,108,109,-1,1
46408,159,152,7,7
46409,60,62,-2,2
46410,116,112,4,4
46411,124,143,-19,19
46412,94,106,-12,12
46413,90,81,9,9
46414,30,35,-5,5
46415,89,89,0,0
46416,89,82,7,7
46417,111,120,-9,9
46418,84,86,-2,2
46419,49,55,-6,6
46420,75,63,12,12
46421,136,117,19,19
46422,41,62,-21,21
46423,72,71,1,1
46424,173,163,10,10
46425,70,74,-4,4
46426,90,92,-2,2
46427,153,156,-3,3
46428,138,143,-5,5
46429,147,145,2,2
46430,116,131,-15,15
46431,148,140,8,8
46432,117,117,0,0
46433,103,99,4,4
46434,123,119,4,4
46435,151,134,17,17
46436,126,125,1,1
46437,105,115,-10,10
46438,111,116,-5,5
46439,71,65,6,6
46440,99,113,-14,14
46441,59,68,-9,9
46442,104,95,9,9
46443,60,57,3,3
46444,88,93,-5,5
46445,63,61,2,2
46446,186,172,14,14
46447,97,86,11,11
46448,128,118,10,10
46449,162,148,14,14
46450,74,70,4,4
46451,92,83,9,9
46452,153,144,9,9
46453,97,97,0,0
46454,116,112,4,4
46455,161,136,25,25
46456,73,74,-1,1
46457,107,109,-2,2
46458,112,128,-16,16
46459,89,86,3,3
46460,92,88,4,4
46461,83,81,2,2
46462,108,120,-12,12
46463,108,114,-6,6
46464,49,46,3,3
46465,64,63,1,1
46466,109,118,-9,9
46467,52,53,-1,1
46468,139,144,-5,5
46469,90,90,0,0
46470,90,92,-2,2
46471,70,72,-2,2
46472,97,102,-5,5
46473,56,61,-5,5
46474,64,75,-11,11
46475,67,66,1,1
46476,48,53,-5,5
46477,69,68,1,1
46478,93,92,1,1
46479,144,141,3,3
46480,145,153,-8,8
46481,142,142,0,0
46482,150,153,-3,3
46483,58,54,4,4
46484,120,106,14,14
46485,102,99,3,3
46486,142,146,-4,4
46487,100,107,-7,7
46488,125,124,1,1
46489,84,95,-11,11
46490,123,125,-2,2
46491,145,153,-8,8
46492,86,90,-4,4
46493,73,73,0,0
46494,97,95,2,2
46495,57,58,-1,1
46496,122,120,2,2
46497,71,64,7,7
46498,99,101,-2,2
46499,83,75,8,8
46500,165,157,8,8
46501,193,173,20,20
46502,104,98,6,6
46503,110,124,-14,14
46504,65,56,9,9
46505,72,77,-5,5
46506,76,77,-1,1
46507,173,166,7,7
46508,76,90,-14,14
46509,95,93,2,2
46510,96,92,4,4
46511,82,81,1,1
46512,91,101,-10,10
46513,88,87,1,1
46514,104,110,-6,6
46515,114,120,-6,6
46516,109,103,6,6
46517,74,74,0,0
46518,137,129,8,8
46519,93,92,1,1
46520,88,88,0,0
46521,55,67,-12,12
46522,72,75,-3,3
46523,71,95,-24,24
46524,110,95,15,15
46525,114,119,-5,5
46526,128,131,-3,3
46527,65,58,7,7
46528,114,117,-3,3
46529,97,92,5,5
46530,117,147,-30,30
46531,72,75,-3,3
46532,92,89,3,3
46533,64,62,2,2
46534,125,132,-7,7
46535,99,102,-3,3
46536,56,63,-7,7
46537,54,55,-1,1
46538,122,121,1,1
46539,178,177,1,1
46540,179,168,11,11
46541,80,75,5,5
46542,109,108,1,1
46543,83,85,-2,2
46544,103,96,7,7
46545,61,68,-7,7
46546,125,114,11,11
46547,96,87,9,9
46548,96,117,-21,21
46549,97,94,3,3
46550,108,91,17,17
46551,89,91,-2,2
46552,55,55,0,0
46553,87,134,-47,47
46554,49,52,-3,3
46555,94,97,-3,3
46556,93,117,-24,24
46557,75,73,2,2
46558,65,67,-2,2
46559,52,51,1,1
46560,83,77,6,6
46561,123,109,14,14
46562,92,85,7,7
46563,74,80,-6,6
46564,109,98,11,11
46565,52,59,-7,7
46566,76,68,8,8
46567,116,114,2,2
46568,83,78,5,5
46569,82,79,3,3
46570,144,138,6,6
46571,35,40,-5,5
46572,155,152,3,3
46573,136,132,4,4
46574,123,119,4,4
46575,81,77,4,4
46576,66,69,-3,3
46577,131,124,7,7
46578,133,116,17,17
46579,71,68,3,3
46580,82,82,0,0
46581,82,81,1,1
46582,42,43,-1,1
46583,137,154,-17,17
46584,140,163,-23,23
46585,58,67,-9,9
46586,117,108,9,9
46587,69,77,-8,8
46588,85,85,0,0
46589,52,50,2,2
46590,87,97,-10,10
46591,135,144,-9,9
46592,64,65,-1,1
46593,129,113,16,16
46594,190,186,4,4
46595,68,76,-8,8
46596,82,76,6,6
46597,75,78,-3,3
46598,149,135,14,14
46599,84,82,2,2
46600,54,53,1,1
46601,98,93,5,5
46602,99,84,15,15
46603,125,127,-2,2
46604,86,89,-3,3
46605,95,91,4,4
46606,75,76,-1,1
46607,80,75,5,5
46608,118,121,-3,3
46609,91,84,7,7
46610,106,106,0,0
46611,85,94,-9,9
46612,153,144,9,9
46613,103,108,-5,5
46614,159,158,1,1
46615,69,70,-1,1
46616,166,131,35,35
46617,109,111,-2,2
46618,133,125,8,8
46619,191,172,19,19
46620,113,94,19,19
46621,124,114,10,10
46622,139,135,4,4
46623,88,92,-4,4
46624,43,61,-18,18
46625,71,74,-3,3
46626,116,112,4,4
46627,115,111,4,4
46628,118,119,-1,1
46629,62,60,2,2
46630,106,110,-4,4
46631,116,128,-12,12
46632,137,131,6,6
46633,201,174,27,27
46634,53,57,-4,4
46635,73,76,-3,3
46636,46,52,-6,6
46637,90,88,2,2
46638,126,124,2,2
46639,113,117,-4,4
46640,80,74,6,6
46641,102,93,9,9
46642,161,154,7,7
46643,103,103,0,0
46644,119,131,-12,12
46645,54,64,-10,10
46646,159,148,11,11
46647,87,79,8,8
46648,59,53,6,6
46649,59,63,-4,4
46650,90,88,2,2
46651,59,65,-6,6
46652,104,107,-3,3
46653,131,133,-2,2
46654,60,61,-1,1
46655,68,64,4,4
46656,86,85,1,1
46657,88,85,3,3
46658,146,145,1,1
46659,62,61,1,1
46660,152,149,3,3
46661,104,108,-4,4
46662,67,67,0,0
46663,102,108,-6,6
46664,96,97,-1,1
46665,99,112,-13,13
46666,99,107,-8,8
46667,76,76,0,0
46668,97,97,0,0
46669,83,89,-6,6
46670,112,118,-6,6
46671,63,67,-4,4
46672,136,142,-6,6
46673,74,77,-3,3
46674,172,152,20,20
46675,136,120,16,16
46676,120,127,-7,7
46677,116,118,-2,2
46678,126,118,8,8
46679,114,109,5,5
46680,72,73,-1,1
46681,104,103,1,1
46682,147,154,-7,7
46683,103,108,-5,5
46684,81,70,11,11
46685,80,81,-1,1
46686,101,96,5,5
46687,125,111,14,14
46688,92,72,20,20
46689,84,83,1,1
46690,80,111,-31,31
46691,150,144,6,6
46692,61,63,-2,2
46693,112,112,0,0
46694,112,108,4,4
46695,67,60,7,7
46696,137,133,4,4
46697,58,60,-2,2
46698,105,102,3,3
46699,88,90,-2,2
46700,76,72,4,4
46701,88,83,5,5
46702,108,113,-5,5
46703,97,94,3,3
46704,141,142,-1,1
46705,64,78,-14,14
46706,51,57,-6,6
46707,101,92,9,9
46708,158,156,2,2
46709,97,98,-1,1
46710,79,85,-6,6
46711,69,69,0,0
46712,97,109,-12,12
46713,90,89,1,1
46714,85,92,-7,7
46715,90,87,3,3
46716,120,116,4,4
46717,61,61,0,0
46718,145,144,1,1
46719,77,76,1,1
46720,49,60,-11,11
46721,81,84,-3,3
46722,70,72,-2,2
46723,107,98,9,9
46724,87,85,2,2
46725,66,65,1,1
46726,108,111,-3,3
46727,86,84,2,2
46728,68,71,-3,3
46729,84,74,10,10
46730,72,75,-3,3
46731,67,71,-4,4
46732,73,74,-1,1
46733,81,81,0,0
46734,65,58,7,7
46735,130,115,15,15
46736,47,47,0,0
46737,117,120,-3,3
46738,141,126,15,15
46739,204,174,30,30
46740,85,82,3,3
46741,116,125,-9,9
46742,118,113,5,5
46743,110,114,-4,4
46744,100,96,4,4
46745,93,92,1,1
46746,53,52,1,1
46747,86,77,9,9
46748,70,68,2,2
46749,80,80,0,0
46750,146,151,-5,5
46751,72,71,1,1
46752,154,150,4,4
46753,206,201,5,5
46754,72,78,-6,6
46755,141,137,4,4
46756,83,108,-25,25
46757,141,145,-4,4
46758,97,103,-6,6
46759,137,131,6,6
46760,124,122,2,2
46761,84,85,-1,1
46762,102,118,-16,16
46763,22,56,-34,34
46764,97,99,-2,2
46765,59,59,0,0
46766,124,130,-6,6
46767,198,193,5,5
46768,93,81,12,12
46769,96,92,4,4
46770,99,90,9,9
46771,191,157,34,34
46772,88,83,5,5
46773,88,83,5,5
46774,114,112,2,2
46775,85,94,-9,9
46776,85,73,12,12
46777,63,65,-2,2
46778,129,104,25,25
46779,142,136,6,6
46780,66,77,-11,11
46781,64,61,3,3
46782,72,64,8,8
46783,143,146,-3,3
46784,73,67,6,6
46785,92,95,-3,3
46786,80,90,-10,10
46787,123,119,4,4
46788,67,71,-4,4
46789,87,107,-20,20
46790,81,68,13,13
46791,77,101,-24,24
46792,70,70,0,0
46793,120,118,2,2
46794,119,121,-2,2
46795,116,123,-7,7
46796,193,191,2,2
46797,90,90,0,0
46798,113,132,-19,19
46799,109,102,7,7
46800,85,98,-13,13
46801,63,64,-1,1
46802,56,58,-2,2
46803,131,136,-5,5
46804,108,112,-4,4
46805,58,60,-2,2
46806,57,64,-7,7
46807,98,118,-20,20
46808,86,107,-21,21
46809,60,62,-2,2
46810,54,63,-9,9
46811,160,148,12,12
46812,91,107,-16,16
46813,179,148,31,31
46814,68,84,-16,16
46815,143,142,1,1
46816,86,76,10,10
46817,115,120,-5,5
46818,139,122,17,17
46819,95,96,-1,1
46820,66,77,-11,11
46821,66,67,-1,1
46822,143,142,1,1
46823,87,82,5,5
46824,85,90,-5,5
46825,77,80,-3,3
46826,77,69,8,8
46827,91,83,8,8
46828,80,83,-3,3
46829,23,34,-11,11
46830,92,91,1,1
46831,109,102,7,7
46832,115,108,7,7
46833,93,93,0,0
46834,67,74,-7,7
46835,150,146,4,4
46836,78,68,10,10
46837,159,160,-1,1
46838,124,113,11,11
46839,93,108,-15,15
46840,133,140,-7,7
46841,79,83,-4,4
46842,62,67,-5,5
46843,73,71,2,2
46844,66,66,0,0
46845,69,67,2,2
46846,146,162,-16,16
46847,73,67,6,6
46848,91,107,-16,16
46849,67,67,0,0
46850,80,99,-19,19
46851,96,89,7,7
46852,75,72,3,3
46853,72,81,-9,9
46854,87,84,3,3
46855,93,86,7,7
46856,115,111,4,4
46857,142,138,4,4
46858,168,135,33,33
46859,149,139,10,10
46860,91,88,3,3
46861,69,75,-6,6
46862,112,113,-1,1
46863,83,81,2,2
46864,63,53,10,10
46865,84,88,-4,4
46866,113,104,9,9
46867,98,96,2,2
46868,174,170,4,4
46869,103,95,8,8
46870,32,79,-47,47
46871,126,129,-3,3
46872,132,134,-2,2
46873,49,51,-2,2
46874,107,111,-4,4
46875,121,134,-13,13
46876,132,123,9,9
46877,75,76,-1,1
46878,71,77,-6,6
46879,69,84,-15,15
46880,158,146,12,12
46881,73,71,2,2
46882,146,134,12,12
46883,49,60,-11,11
46884,124,126,-2,2
46885,71,69,2,2
46886,43,41,2,2
46887,94,103,-9,9
46888,120,131,-11,11
46889,107,110,-3,3
46890,83,77,6,6
46891,111,110,1,1
46892,79,82,-3,3
46893,93,94,-1,1
46894,130,130,0,0
46895,119,113,6,6
46896,80,74,6,6
46897,80,72,8,8
46898,76,76,0,0
46899,101,108,-7,7
46900,131,129,2,2
46901,91,97,-6,6
46902,81,86,-5,5
46903,102,103,-1,1
46904,108,91,17,17
46905,79,78,1,1
46906,121,113,8,8
46907,135,139,-4,4
46908,68,81,-13,13
46909,104,112,-8,8
46910,44,44,0,0
46911,103,111,-8,8
46912,136,143,-7,7
46913,107,88,19,19
46914,78,90,-12,12
46915,75,74,1,1
46916,37,40,-3,3
46917,24,30,-6,6
46918,166,165,1,1
46919,134,126,8,8
46920,116,117,-1,1
46921,85,85,0,0
46922,130,130,0,0
46923,150,139,11,11
46924,103,95,8,8
46925,92,88,4,4
46926,127,134,-7,7
46927,72,73,-1,1
46928,95,100,-5,5
46929,56,56,0,0
46930,170,152,18,18
46931,106,98,8,8
46932,78,78,0,0
46933,135,140,-5,5
46934,113,109,4,4
46935,191,180,11,11
46936,61,69,-8,8
46937,95,86,9,9
46938,119,119,0,0
46939,114,103,11,11
46940,88,85,3,3
46941,71,72,-1,1
46942,76,80,-4,4
46943,50,60,-10,10
46944,69,68,1,1
46945,51,74,-23,23
46946,74,82,-8,8
46947,79,79,0,0
46948,74,79,-5,5
46949,113,120,-7,7
46950,99,111,-12,12
46951,86,85,1,1
46952,91,89,2,2
46953,83,96,-13,13
46954,106,99,7,7
46955,66,65,1,1
46956,74,72,2,2
46957,78,74,4,4
46958,101,99,2,2
46959,78,85,-7,7
46960,91,100,-9,9
46961,94,98,-4,4
46962,86,84,2,2
46963,64,65,-1,1
46964,98,79,19,19
46965,100,113,-13,13
46966,148,135,13,13
46967,96,109,-13,13
46968,135,119,16,16
46969,123,139,-16,16
46970,65,65,0,0
46971,86,78,8,8
46972,86,81,5,5
46973,93,90,3,3
46974,106,108,-2,2
46975,122,117,5,5
46976,75,86,-11,11
46977,86,85,1,1
46978,51,54,-3,3
46979,56,62,-6,6
46980,125,133,-8,8
46981,92,87,5,5
46982,108,114,-6,6
46983,151,145,6,6
46984,83,86,-3,3
46985,66,69,-3,3
46986,138,126,12,12
46987,120,126,-6,6
46988,79,73,6,6
46989,86,92,-6,6
46990,163,167,-4,4
46991,112,114,-2,2
46992,98,89,9,9
46993,40,69,-29,29
46994,85,88,-3,3
46995,73,81,-8,8
46996,84,93,-9,9
46997,127,132,-5,5
46998,113,103,10,10
46999,116,112,4,4
47000,91,95,-4,4
47001,91,77,14,14
47002,50,53,-3,3
47003,78,82,-4,4
47004,90,92,-2,2
47005,125,120,5,5
47006,84,89,-5,5
47007,79,74,5,5
47008,69,69,0,0
47009,115,100,15,15
47010,227,244,-17,17
47011,107,111,-4,4
47012,136,162,-26,26
47013,88,86,2,2
47014,117,118,-1,1
47015,81,86,-5,5
47016,150,145,5,5
47017,101,117,-16,16
47018,169,165,4,4
47019,75,82,-7,7
47020,146,154,-8,8
47021,96,90,6,6
47022,66,69,-3,3
47023,73,72,1,1
47024,85,95,-10,10
47025,104,91,13,13
47026,53,58,-5,5
47027,148,159,-11,11
47028,119,113,6,6
47029,45,45,0,0
47030,72,72,0,0
47031,126,124,2,2
47032,64,62,2,2
47033,119,121,-2,2
47034,89,96,-7,7
47035,139,138,1,1
47036,111,119,-8,8
47037,100,102,-2,2
47038,82,84,-2,2
47039,138,136,2,2
47040,47,48,-1,1
47041,167,147,20,20
47042,63,62,1,1
47043,118,114,4,4
47044,201,198,3,3
47045,82,89,-7,7
47046,91,95,-4,4
47047,81,81,0,0
47048,91,88,3,3
47049,119,110,9,9
47050,88,82,6,6
47051,76,80,-4,4
47052,86,88,-2,2
47053,47,51,-4,4
47054,134,129,5,5
47055,96,96,0,0
47056,82,78,4,4
47057,82,78,4,4
47058,89,87,2,2
47059,99,109,-10,10
47060,93,97,-4,4
47061,87,89,-2,2
47062,62,74,-12,12
47063,58,56,2,2
47064,82,83,-1,1
47065,142,147,-5,5
47066,101,98,3,3
47067,127,120,7,7
47068,46,47,-1,1
47069,116,112,4,4
47070,54,64,-10,10
47071,71,69,2,2
47072,121,141,-20,20
47073,80,85,-5,5
47074,86,87,-1,1
47075,119,116,3,3
47076,71,77,-6,6
47077,171,165,6,6
47078,126,115,11,11
47079,57,54,3,3
47080,99,98,1,1
47081,55,69,-14,14
47082,77,81,-4,4
47083,110,103,7,7
47084,77,101,-24,24
47085,111,111,0,0
47086,164,164,0,0
47087,104,96,8,8
47088,85,86,-1,1
47089,75,79,-4,4
47090,119,111,8,8
47091,82,82,0,0
47092,122,111,11,11
47093,111,111,0,0
47094,102,94,8,8
47095,54,54,0,0
47096,96,94,2,2
47097,65,66,-1,1
47098,135,135,0,0
47099,79,74,5,5
47100,92,78,14,14
47101,56,61,-5,5
47102,109,98,11,11
47103,124,123,1,1
47104,65,70,-5,5
47105,84,84,0,0
47106,107,108,-1,1
47107,114,113,1,1
47108,92,84,8,8
47109,129,125,4,4
47110,159,152,7,7
47111,80,84,-4,4
47112,106,108,-2,2
47113,76,76,0,0
47114,81,88,-7,7
47115,115,111,4,4
47116,89,98,-9,9
47117,66,72,-6,6
47118,49,55,-6,6
47119,74,69,5,5
47120,77,72,5,5
47121,98,95,3,3
47122,181,166,15,15
47123,65,73,-8,8
47124,125,121,4,4
47125,120,126,-6,6
47126,92,86,6,6
47127,125,120,5,5
47128,97,95,2,2
47129,113,102,11,11
47130,69,73,-4,4
47131,41,46,-5,5
47132,112,112,0,0
47133,93,83,10,10
47134,77,74,3,3
47135,114,127,-13,13
47136,90,90,0,0
47137,119,125,-6,6
47138,85,93,-8,8
47139,99,111,-12,12
47140,113,91,22,22
47141,112,121,-9,9
47142,43,46,-3,3
47143,73,72,1,1
47144,149,147,2,2
47145,72,72,0,0
47146,62,69,-7,7
47147,74,73,1,1
47148,197,184,13,13
47149,93,104,-11,11
47150,103,76,27,27
47151,96,91,5,5
47152,191,169,22,22
47153,116,115,1,1
47154,75,71,4,4
47155,99,110,-11,11
47156,94,84,10,10
47157,124,131,-7,7
47158,83,80,3,3
47159,131,127,4,4
47160,108,94,14,14
47161,108,119,-11,11
47162,77,75,2,2
47163,77,64,13,13
47164,126,123,3,3
47165,59,76,-17,17
47166,101,113,-12,12
47167,121,119,2,2
47168,116,121,-5,5
47169,124,116,8,8
47170,69,63,6,6
47171,160,151,9,9
47172,67,73,-6,6
47173,111,118,-7,7
47174,80,100,-20,20
47175,44,49,-5,5
47176,89,84,5,5
47177,92,89,3,3
47178,105,113,-8,8
47179,113,97,16,16
47180,83,84,-1,1
47181,54,53,1,1
47182,47,50,-3,3
47183,105,98,7,7
47184,65,63,2,2
47185,118,111,7,7
47186,115,106,9,9
47187,92,97,-5,5
47188,69,61,8,8
47189,42,47,-5,5
47190,64,60,4,4
47191,119,126,-7,7
47192,142,132,10,10
47193,117,112,5,5
47194,67,75,-8,8
47195,157,146,11,11
47196,57,60,-3,3
47197,122,111,11,11
47198,84,79,5,5
47199,112,116,-4,4
47200,96,98,-2,2
47201,75,55,20,20
47202,86,86,0,0
47203,168,152,16,16
47204,128,113,15,15
47205,111,118,-7,7
47206,95,95,0,0
47207,74,84,-10,10
47208,101,89,12,12
47209,69,67,2,2
47210,160,160,0,0
47211,139,128,11,11
47212,24,60,-36,36
47213,89,84,5,5
47214,102,108,-6,6
47215,49,52,-3,3
47216,94,109,-15,15
47217,76,74,2,2
47218,170,153,17,17
47219,158,152,6,6
47220,31,73,-42,42
47221,66,70,-4,4
47222,106,92,14,14
47223,60,68,-8,8
47224,77,81,-4,4
47225,68,67,1,1
47226,129,130,-1,1
47227,60,59,1,1
47228,106,110,-4,4
47229,64,62,2,2
47230,67,67,0,0
47231,85,88,-3,3
47232,79,72,7,7
47233,175,167,8,8
47234,20,60,-40,40
47235,169,152,17,17
47236,90,94,-4,4
47237,74,75,-1,1
47238,68,79,-11,11
47239,52,59,-7,7
47240,81,87,-6,6
47241,106,112,-6,6
47242,113,116,-3,3
47243,64,67,-3,3
47244,98,101,-3,3
47245,120,123,-3,3
47246,85,81,4,4
47247,70,64,6,6
47248,121,118,3,3
47249,132,126,6,6
47250,50,47,3,3
47251,68,76,-8,8
47252,55,56,-1,1
47253,122,113,9,9
47254,107,97,10,10
47255,69,73,-4,4
47256,115,112,3,3
47257,118,116,2,2
47258,184,212,-28,28
47259,78,91,-13,13
47260,47,53,-6,6
47261,65,66,-1,1
47262,109,97,12,12
47263,89,79,10,10
47264,141,146,-5,5
47265,68,89,-21,21
47266,167,149,18,18
47267,68,76,-8,8
47268,86,96,-10,10
47269,93,90,3,3
47270,91,91,0,0
47271,65,72,-7,7
47272,132,134,-2,2
47273,91,91,0,0
47274,71,65,6,6
47275,71,65,6,6
47276,120,121,-1,1
47277,118,114,4,4
47278,117,115,2,2
47279,157,156,1,1
47280,73,77,-4,4
47281,108,112,-4,4
47282,82,74,8,8
47283,122,117,5,5
47284,143,148,-5,5
47285,172,159,13,13
47286,76,62,14,14
47287,130,136,-6,6
47288,61,60,1,1
47289,65,72,-7,7
47290,128,119,9,9
47291,98,94,4,4
47292,161,166,-5,5
47293,56,56,0,0
47294,97,134,-37,37
47295,176,196,-20,20
47296,125,123,2,2
47297,115,110,5,5
47298,81,82,-1,1
47299,103,100,3,3
47300,53,56,-3,3
47301,173,165,8,8
47302,132,127,5,5
47303,129,124,5,5
47304,120,121,-1,1
47305,123,117,6,6
47306,203,162,41,41
47307,59,52,7,7
47308,67,69,-2,2
47309,132,122,10,10
47310,182,166,16,16
47311,143,148,-5,5
47312,97,86,11,11
47313,91,84,7,7
47314,96,110,-14,14
47315,91,92,-1,1
47316,87,82,5,5
47317,143,149,-6,6
47318,65,59,6,6
47319,78,67,11,11
47320,78,78,0,0
47321,140,138,2,2
47322,93,96,-3,3
47323,52,54,-2,2
47324,95,107,-12,12
47325,96,86,10,10
47326,72,75,-3,3
47327,113,114,-1,1
47328,97,95,2,2
47329,77,77,0,0
47330,71,72,-1,1
47331,58,57,1,1
47332,72,72,0,0
47333,210,179,31,31
47334,97,90,7,7
47335,141,147,-6,6
47336,130,132,-2,2
47337,105,108,-3,3
47338,66,75,-9,9
47339,78,89,-11,11
47340,96,99,-3,3
47341,120,120,0,0
47342,57,62,-5,5
47343,162,153,9,9
47344,134,138,-4,4
47345,161,153,8,8
47346,171,169,2,2
47347,91,99,-8,8
47348,46,49,-3,3
47349,128,119,9,9
47350,113,100,13,13
47351,96,90,6,6
47352,55,52,3,3
47353,101,108,-7,7
47354,146,138,8,8
47355,83,123,-40,40
47356,41,46,-5,5
47357,117,117,0,0
47358,118,120,-2,2
47359,89,92,-3,3
47360,88,89,-1,1
47361,37,33,4,4
47362,68,72,-4,4
47363,53,48,5,5
47364,106,108,-2,2
47365,125,121,4,4
47366,79,78,1,1
47367,100,93,7,7
47368,99,107,-8,8
47369,99,100,-1,1
47370,130,125,5,5
47371,75,85,-10,10
47372,101,97,4,4
47373,90,89,1,1
47374,154,142,12,12
47375,116,113,3,3
47376,60,69,-9,9
47377,144,147,-3,3
47378,75,76,-1,1
47379,110,106,4,4
47380,124,128,-4,4
47381,79,93,-14,14
47382,38,43,-5,5
47383,90,87,3,3
47384,84,73,11,11
47385,76,83,-7,7
47386,88,91,-3,3
47387,124,128,-4,4
47388,76,82,-6,6
47389,84,79,5,5
47390,75,75,0,0
47391,78,76,2,2
47392,48,54,-6,6
47393,70,78,-8,8
47394,125,119,6,6
47395,129,132,-3,3
47396,75,67,8,8
47397,91,104,-13,13
47398,108,110,-2,2
47399,100,94,6,6
47400,56,66,-10,10
47401,140,129,11,11
47402,62,61,1,1
47403,224,186,38,38
47404,109,116,-7,7
47405,159,158,1,1
47406,90,92,-2,2
47407,125,116,9,9
47408,96,97,-1,1
47409,74,90,-16,16
47410,109,117,-8,8
47411,84,82,2,2
47412,50,49,1,1
47413,146,139,7,7
47414,116,108,8,8
47415,93,86,7,7
47416,92,85,7,7
47417,72,65,7,7
47418,159,140,19,19
47419,79,75,4,4
47420,117,111,6,6
47421,92,82,10,10
47422,102,102,0,0
47423,61,66,-5,5
47424,55,54,1,1
47425,91,76,15,15
47426,94,86,8,8
47427,64,66,-2,2
47428,121,118,3,3
47429,50,51,-1,1
47430,91,87,4,4
47431,87,85,2,2
47432,100,92,8,8
47433,60,58,2,2
47434,139,140,-1,1
47435,77,73,4,4
47436,54,60,-6,6
47437,117,96,21,21
47438,105,118,-13,13
47439,105,104,1,1
47440,78,80,-2,2
47441,108,99,9,9
47442,111,125,-14,14
47443,112,116,-4,4
47444,69,67,2,2
47445,100,110,-10,10
47446,96,92,4,4
47447,31,48,-17,17
47448,75,72,3,3
47449,68,71,-3,3
47450,53,57,-4,4
47451,63,65,-2,2
47452,85,80,5,5
47453,126,127,-1,1
47454,107,109,-2,2
47455,130,127,3,3
47456,65,63,2,2
47457,73,74,-1,1
47458,107,110,-3,3
47459,121,122,-1,1
47460,99,100,-1,1
47461,92,98,-6,6
47462,170,172,-2,2
47463,85,70,15,15
47464,142,136,6,6
47465,86,86,0,0
47466,63,65,-2,2
47467,121,115,6,6
47468,84,92,-8,8
47469,66,64,2,2
47470,60,62,-2,2
47471,68,60,8,8
47472,113,122,-9,9
47473,101,99,2,2
47474,48,56,-8,8
47475,154,154,0,0
47476,160,155,5,5
47477,102,92,10,10
47478,94,93,1,1
47479,84,80,4,4
47480,107,115,-8,8
47481,66,71,-5,5
47482,87,92,-5,5
47483,84,74,10,10
47484,86,91,-5,5
47485,101,63,38,38
47486,83,78,5,5
47487,70,64,6,6
47488,104,92,12,12
47489,78,75,3,3
47490,69,68,1,1
47491,172,160,12,12
47492,66,73,-7,7
47493,96,90,6,6
47494,73,74,-1,1
47495,122,130,-8,8
47496,66,76,-10,10
47497,78,81,-3,3
47498,70,126,-56,56
47499,62,71,-9,9
47500,64,63,1,1
47501,189,174,15,15
47502,101,107,-6,6
47503,83,80,3,3
47504,88,78,10,10
47505,108,103,5,5
47506,109,108,1,1
47507,50,47,3,3
47508,100,98,2,2
47509,98,93,5,5
47510,74,68,6,6
47511,151,133,18,18
47512,67,72,-5,5
47513,145,136,9,9
47514,99,95,4,4
47515,79,79,0,0
47516,66,73,-7,7
47517,87,80,7,7
47518,104,95,9,9
47519,75,73,2,2
47520,81,72,9,9
47521,79,87,-8,8
47522,82,78,4,4
47523,202,180,22,22
47524,64,60,4,4
47525,142,138,4,4
47526,77,79,-2,2
47527,95,110,-15,15
47528,127,131,-4,4
47529,89,96,-7,7
47530,136,147,-11,11
47531,63,69,-6,6
47532,123,120,3,3
47533,113,110,3,3
47534,98,98,0,0
47535,136,121,15,15
47536,124,116,8,8
47537,124,121,3,3
47538,162,150,12,12
47539,81,95,-14,14
47540,93,93,0,0
47541,83,89,-6,6
47542,127,114,13,13
47543,60,58,2,2
47544,83,86,-3,3
47545,60,62,-2,2
47546,103,114,-11,11
47547,93,81,12,12
47548,78,79,-1,1
47549,97,93,4,4
47550,73,70,3,3
47551,128,123,5,5
47552,92,97,-5,5
47553,37,40,-3,3
47554,154,153,1,1
47555,60,69,-9,9
47556,94,90,4,4
47557,103,99,4,4
47558,72,74,-2,2
47559,65,71,-6,6
47560,85,87,-2,2
47561,111,110,1,1
47562,88,91,-3,3
47563,110,100,10,10
47564,102,97,5,5
47565,59,58,1,1
47566,89,78,11,11
47567,113,101,12,12
47568,65,72,-7,7
47569,148,144,4,4
47570,83,84,-1,1
47571,81,79,2,2
47572,88,83,5,5
47573,67,70,-3,3
47574,44,50,-6,6
47575,98,104,-6,6
47576,89,89,0,0
47577,85,87,-2,2
47578,165,150,15,15
47579,58,67,-9,9
47580,118,113,5,5
47581,138,119,19,19
47582,85,79,6,6
47583,77,79,-2,2
47584,58,63,-5,5
47585,78,71,7,7
47586,94,109,-15,15
47587,51,55,-4,4
47588,109,116,-7,7
47589,72,78,-6,6
47590,71,71,0,0
47591,83,90,-7,7
47592,97,94,3,3
47593,81,84,-3,3
47594,192,205,-13,13
47595,152,148,4,4
47596,101,98,3,3
47597,65,60,5,5
47598,77,81,-4,4
47599,130,120,10,10
47600,124,98,26,26
47601,89,95,-6,6
47602,105,115,-10,10
47603,85,84,1,1
47604,147,147,0,0
47605,108,123,-15,15
47606,86,86,0,0
47607,66,70,-4,4
47608,62,62,0,0
47609,74,69,5,5
47610,144,123,21,21
47611,77,74,3,3
47612,53,47,6,6
47613,81,75,6,6
47614,121,119,2,2
47615,71,67,4,4
47616,75,63,12,12
47617,105,96,9,9
47618,98,107,-9,9
47619,133,139,-6,6
47620,115,120,-5,5
47621,56,58,-2,2
47622,139,134,5,5
47623,108,112,-4,4
47624,207,187,20,20
47625,43,59,-16,16
47626,135,129,6,6
47627,122,121,1,1
47628,61,68,-7,7
47629,97,90,7,7
47630,77,73,4,4
47631,123,108,15,15
47632,59,64,-5,5
47633,113,118,-5,5
47634,125,119,6,6
47635,88,90,-2,2
47636,72,69,3,3
47637,137,139,-2,2
47638,113,108,5,5
47639,112,109,3,3
47640,60,66,-6,6
47641,106,106,0,0
47642,143,143,0,0
47643,91,91,0,0
47644,95,87,8,8
47645,155,136,19,19
47646,106,111,-5,5
47647,103,120,-17,17
47648,142,129,13,13
47649,76,76,0,0
47650,115,123,-8,8
47651,96,120,-24,24
47652,103,94,9,9
47653,106,112,-6,6
47654,67,64,3,3
47655,100,97,3,3
47656,103,95,8,8
47657,72,73,-1,1
47658,142,136,6,6
47659,32,49,-17,17
47660,137,135,2,2
47661,57,65,-8,8
47662,69,76,-7,7
47663,47,53,-6,6
47664,82,74,8,8
47665,113,104,9,9
47666,81,88,-7,7
47667,96,94,2,2
47668,67,65,2,2
47669,138,131,7,7
47670,73,70,3,3
47671,62,78,-16,16
47672,45,52,-7,7
47673,106,107,-1,1
47674,65,63,2,2
47675,79,80,-1,1
47676,109,116,-7,7
47677,147,140,7,7
47678,67,65,2,2
47679,94,91,3,3
47680,73,72,1,1
47681,57,65,-8,8
47682,124,114,10,10
47683,68,64,4,4
47684,89,83,6,6
47685,105,92,13,13
47686,64,77,-13,13
47687,78,86,-8,8
47688,108,99,9,9
47689,171,168,3,3
47690,92,84,8,8
47691,63,65,-2,2
47692,66,69,-3,3
47693,85,91,-6,6
47694,134,130,4,4
47695,73,72,1,1
47696,85,82,3,3
47697,81,77,4,4
47698,119,120,-1,1
47699,64,59,5,5
47700,73,72,1,1
47701,120,109,11,11
47702,122,118,4,4
47703,97,108,-11,11
47704,69,72,-3,3
47705,88,85,3,3
47706,86,86,0,0
47707,87,88,-1,1
47708,152,142,10,10
47709,65,65,0,0
47710,37,46,-9,9
47711,125,113,12,12
47712,117,127,-10,10
47713,72,72,0,0
47714,120,137,-17,17
47715,67,70,-3,3
47716,147,144,3,3
47717,142,136,6,6
47718,111,104,7,7
47719,104,108,-4,4
47720,90,83,7,7
47721,76,75,1,1
47722,82,73,9,9
47723,122,96,26,26
47724,176,169,7,7
47725,97,77,20,20
47726,84,84,0,0
47727,94,90,4,4
47728,175,177,-2,2
47729,90,93,-3,3
47730,62,63,-1,1
47731,116,109,7,7
47732,137,134,3,3
47733,141,131,10,10
47734,96,109,-13,13
47735,99,95,4,4
47736,66,61,5,5
47737,183,179,4,4
47738,64,62,2,2
47739,137,146,-9,9
47740,51,55,-4,4
47741,35,43,-8,8
47742,137,125,12,12
47743,151,156,-5,5
47744,115,113,2,2
47745,94,89,5,5
47746,42,45,-3,3
47747,57,65,-8,8
47748,102,111,-9,9
47749,59,61,-2,2
47750,73,84,-11,11
47751,80,79,1,1
47752,102,110,-8,8
47753,111,112,-1,1
47754,150,149,1,1
47755,149,140,9,9
47756,129,119,10,10
47757,35,59,-24,24
47758,50,55,-5,5
47759,85,73,12,12
47760,90,89,1,1
47761,129,119,10,10
47762,111,114,-3,3
47763,80,86,-6,6
47764,165,173,-8,8
47765,69,68,1,1
47766,132,119,13,13
47767,145,138,7,7
47768,51,53,-2,2
47769,152,140,12,12
47770,64,65,-1,1
47771,168,156,12,12
47772,100,108,-8,8
47773,72,66,6,6
47774,86,94,-8,8
47775,67,72,-5,5
47776,71,73,-2,2
47777,156,152,4,4
47778,92,86,6,6
47779,93,97,-4,4
47780,95,98,-3,3
47781,113,111,2,2
47782,105,101,4,4
47783,77,84,-7,7
47784,96,109,-13,13
47785,103,109,-6,6
47786,76,90,-14,14
47787,77,73,4,4
47788,103,91,12,12
47789,80,78,2,2
47790,72,76,-4,4
47791,98,97,1,1
47792,94,86,8,8
47793,145,151,-6,6
47794,57,56,1,1
47795,95,87,8,8
47796,97,74,23,23
47797,160,144,16,16
47798,161,156,5,5
47799,71,68,3,3
47800,95,89,6,6
47801,100,98,2,2
47802,57,50,7,7
47803,96,95,1,1
47804,70,69,1,1
47805,51,80,-29,29
47806,70,70,0,0
47807,27,37,-10,10
47808,93,85,8,8
47809,110,110,0,0
47810,128,125,3,3
47811,146,151,-5,5
47812,81,71,10,10
47813,100,94,6,6
47814,77,72,5,5
47815,57,62,-5,5
47816,110,105,5,5
47817,90,91,-1,1
47818,105,112,-7,7
47819,91,82,9,9
47820,158,153,5,5
47821,79,76,3,3
47822,52,52,0,0
47823,86,82,4,4
47824,100,98,2,2
47825,65,65,0,0
47826,116,111,5,5
47827,75,70,5,5
47828,95,92,3,3
47829,71,76,-5,5
47830,87,90,-3,3
47831,79,70,9,9
47832,77,76,1,1
47833,55,62,-7,7
47834,94,91,3,3
47835,99,98,1,1
47836,98,97,1,1
47837,95,111,-16,16
47838,123,127,-4,4
47839,76,89,-13,13
47840,157,163,-6,6
47841,75,80,-5,5
47842,114,113,1,1
47843,47,43,4,4
47844,110,111,-1,1
47845,122,114,8,8
47846,89,99,-10,10
47847,65,70,-5,5
47848,63,68,-5,5
47849,140,130,10,10
47850,101,107,-6,6
47851,132,129,3,3
47852,175,180,-5,5
47853,79,77,2,2
47854,97,94,3,3
47855,108,96,12,12
47856,76,70,6,6
47857,80,75,5,5
47858,114,104,10,10
47859,160,165,-5,5
47860,101,92,9,9
47861,143,130,13,13
47862,40,49,-9,9
47863,151,145,6,6
47864,111,124,-13,13
47865,105,120,-15,15
47866,93,87,6,6
47867,121,125,-4,4
47868,162,155,7,7
47869,91,107,-16,16
47870,86,87,-1,1
47871,133,140,-7,7
47872,69,73,-4,4
47873,110,103,7,7
47874,76,70,6,6
47875,70,75,-5,5
47876,129,112,17,17
47877,105,97,8,8
47878,118,115,3,3
47879,51,57,-6,6
47880,155,147,8,8
47881,80,78,2,2
47882,91,106,-15,15
47883,87,84,3,3
47884,61,74,-13,13
47885,65,66,-1,1
47886,85,88,-3,3
47887,89,83,6,6
47888,62,59,3,3
47889,85,88,-3,3
47890,65,72,-7,7
47891,127,122,5,5
47892,94,96,-2,2
47893,106,110,-4,4
47894,72,70,2,2
47895,115,114,1,1
47896,100,90,10,10
47897,56,56,0,0
47898,78,86,-8,8
47899,100,98,2,2
47900,94,93,1,1
47901,104,96,8,8
47902,76,94,-18,18
47903,100,94,6,6
47904,114,109,5,5
47905,94,82,12,12
47906,92,86,6,6
47907,51,52,-1,1
47908,129,130,-1,1
47909,30,37,-7,7
47910,91,100,-9,9
47911,72,75,-3,3
47912,99,100,-1,1
47913,59,58,1,1
47914,103,98,5,5
47915,140,120,20,20
47916,71,75,-4,4
47917,77,77,0,0
47918,108,112,-4,4
47919,87,77,10,10
47920,150,149,1,1
47921,108,115,-7,7
47922,78,74,4,4
47923,143,139,4,4
47924,109,118,-9,9
47925,81,82,-1,1
47926,82,87,-5,5
47927,46,44,2,2
47928,142,132,10,10
47929,54,57,-3,3
47930,89,94,-5,5
47931,53,55,-2,2
47932,73,69,4,4
47933,74,72,2,2
47934,43,41,2,2
47935,89,86,3,3
47936,71,76,-5,5
47937,62,75,-13,13
47938,59,65,-6,6
47939,114,109,5,5
47940,56,57,-1,1
47941,94,97,-3,3
47942,102,110,-8,8
47943,112,110,2,2
47944,75,78,-3,3
47945,77,89,-12,12
47946,124,124,0,0
47947,128,118,10,10
47948,70,73,-3,3
47949,84,132,-48,48
47950,151,136,15,15
47951,113,105,8,8
47952,85,80,5,5
47953,82,104,-22,22
47954,163,162,1,1
47955,124,137,-13,13
47956,80,74,6,6
47957,122,149,-27,27
47958,88,78,10,10
47959,66,65,1,1
47960,83,83,0,0
47961,118,115,3,3
47962,57,57,0,0
47963,66,73,-7,7
47964,108,105,3,3
47965,93,98,-5,5
47966,51,51,0,0
47967,171,160,11,11
47968,114,108,6,6
47969,45,51,-6,6
47970,86,82,4,4
47971,62,70,-8,8
47972,67,69,-2,2
47973,76,79,-3,3
47974,108,115,-7,7
47975,100,118,-18,18
47976,139,136,3,3
47977,115,116,-1,1
47978,144,115,29,29
47979,90,79,11,11
47980,91,81,10,10
47981,75,81,-6,6
47982,135,131,4,4
47983,67,77,-10,10
47984,117,102,15,15
47985,127,115,12,12
47986,59,59,0,0
47987,48,55,-7,7
47988,69,70,-1,1
47989,93,82,11,11
47990,123,126,-3,3
47991,131,143,-12,12
47992,105,108,-3,3
47993,121,126,-5,5
47994,111,116,-5,5
47995,43,46,-3,3
47996,131,126,5,5
47997,133,124,9,9
47998,74,73,1,1
47999,154,137,17,17
48000,36,40,-4,4
48001,83,91,-8,8
48002,114,117,-3,3
48003,115,110,5,5
48004,117,115,2,2
48005,129,123,6,6
48006,119,116,3,3
48007,65,67,-2,2
48008,88,89,-1,1
48009,80,71,9,9
48010,43,39,4,4
48011,68,71,-3,3
48012,157,147,10,10
48013,104,108,-4,4
48014,56,53,3,3
48015,52,60,-8,8
48016,115,110,5,5
48017,64,62,2,2
48018,139,138,1,1
48019,58,59,-1,1
48020,105,109,-4,4
48021,196,192,4,4
48022,117,109,8,8
48023,108,93,15,15
48024,109,116,-7,7
48025,53,52,1,1
48026,97,88,9,9
48027,89,91,-2,2
48028,136,128,8,8
48029,156,163,-7,7
48030,107,98,9,9
48031,48,45,3,3
48032,108,117,-9,9
48033,151,139,12,12
48034,71,84,-13,13
48035,99,88,11,11
48036,119,102,17,17
48037,131,131,0,0
48038,72,76,-4,4
48039,112,110,2,2
48040,142,153,-11,11
48041,130,128,2,2
48042,103,110,-7,7
48043,136,135,1,1
48044,61,64,-3,3
48045,93,90,3,3
48046,124,125,-1,1
48047,44,52,-8,8
48048,166,174,-8,8
48049,134,136,-2,2
48050,85,81,4,4
48051,56,64,-8,8
48052,58,66,-8,8
48053,95,92,3,3
48054,113,111,2,2
48055,80,86,-6,6
48056,105,99,6,6
48057,56,53,3,3
48058,79,86,-7,7
48059,77,84,-7,7
48060,90,88,2,2
48061,68,77,-9,9
48062,65,72,-7,7
48063,95,91,4,4
48064,51,56,-5,5
48065,99,91,8,8
48066,81,70,11,11
48067,116,100,16,16
48068,72,71,1,1
48069,55,63,-8,8
48070,144,137,7,7
48071,74,80,-6,6
48072,135,142,-7,7
48073,60,66,-6,6
48074,76,85,-9,9
48075,144,120,24,24
48076,141,122,19,19
48077,80,65,15,15
48078,74,84,-10,10
48079,83,84,-1,1
48080,76,69,7,7
48081,100,95,5,5
48082,97,91,6,6
48083,141,120,21,21
48084,109,106,3,3
48085,87,109,-22,22
48086,104,103,1,1
48087,69,67,2,2
48088,60,71,-11,11
48089,71,73,-2,2
48090,64,68,-4,4
48091,69,75,-6,6
48092,92,94,-2,2
48093,93,89,4,4
48094,88,83,5,5
48095,11,29,-18,18
48096,132,123,9,9
48097,62,72,-10,10
48098,73,89,-16,16
48099,110,100,10,10
48100,84,89,-5,5
48101,63,55,8,8
48102,110,111,-1,1
48103,61,58,3,3
48104,81,88,-7,7
48105,107,113,-6,6
48106,161,148,13,13
48107,66,64,2,2
48108,59,67,-8,8
48109,115,124,-9,9
48110,113,112,1,1
48111,125,127,-2,2
48112,104,105,-1,1
48113,90,87,3,3
48114,84,82,2,2
48115,101,100,1,1
48116,151,139,12,12
48117,127,121,6,6
48118,102,99,3,3
48119,85,87,-2,2
48120,64,70,-6,6
48121,114,116,-2,2
48122,104,97,7,7
48123,99,103,-4,4
48124,60,60,0,0
48125,102,111,-9,9
48126,125,123,2,2
48127,109,120,-11,11
48128,106,100,6,6
48129,91,92,-1,1
48130,54,69,-15,15
48131,86,107,-21,21
48132,108,117,-9,9
48133,61,64,-3,3
48134,63,79,-16,16
48135,112,113,-1,1
48136,35,37,-2,2
48137,86,84,2,2
48138,79,83,-4,4
48139,112,111,1,1
48140,180,173,7,7
48141,94,86,8,8
48142,125,123,2,2
48143,82,77,5,5
48144,94,101,-7,7
48145,83,78,5,5
48146,93,96,-3,3
48147,89,91,-2,2
48148,63,64,-1,1
48149,120,123,-3,3
48150,91,77,14,14
48151,102,123,-21,21
48152,70,73,-3,3
48153,66,64,2,2
48154,73,70,3,3
48155,122,111,11,11
48156,50,57,-7,7
48157,65,71,-6,6
48158,146,139,7,7
48159,72,77,-5,5
48160,109,98,11,11
48161,67,71,-4,4
48162,138,129,9,9
48163,78,81,-3,3
48164,143,141,2,2
48165,82,78,4,4
48166,147,158,-11,11
48167,115,112,3,3
48168,107,113,-6,6
48169,60,63,-3,3
48170,95,86,9,9
48171,95,96,-1,1
48172,39,45,-6,6
48173,75,86,-11,11
48174,61,63,-2,2
48175,194,206,-12,12
48176,67,75,-8,8
48177,104,95,9,9
48178,79,80,-1,1
48179,57,73,-16,16
48180,45,48,-3,3
48181,66,73,-7,7
48182,70,71,-1,1
48183,61,72,-11,11
48184,93,89,4,4
48185,104,107,-3,3
48186,122,137,-15,15
48187,64,68,-4,4
48188,68,73,-5,5
48189,132,132,0,0
48190,55,58,-3,3
48191,117,118,-1,1
48192,89,81,8,8
48193,83,91,-8,8
48194,94,116,-22,22
48195,59,51,8,8
48196,149,140,9,9
48197,77,82,-5,5
48198,92,98,-6,6
48199,84,75,9,9
48200,71,72,-1,1
48201,75,72,3,3
48202,123,113,10,10
48203,108,113,-5,5
48204,90,92,-2,2
48205,99,82,17,17
48206,38,44,-6,6
48207,59,64,-5,5
48208,104,100,4,4
48209,114,128,-14,14
48210,83,84,-1,1
48211,182,163,19,19
48212,89,95,-6,6
48213,77,70,7,7
48214,146,132,14,14
48215,74,77,-3,3
48216,73,71,2,2
48217,71,70,1,1
48218,70,66,4,4
48219,139,149,-10,10
48220,75,58,17,17
48221,110,128,-18,18
48222,106,110,-4,4
48223,150,149,1,1
48224,132,128,4,4
48225,108,96,12,12
48226,56,59,-3,3
48227,133,133,0,0
48228,123,111,12,12
48229,58,56,2,2
48230,73,80,-7,7
48231,118,111,7,7
48232,83,81,2,2
48233,66,65,1,1
48234,83,83,0,0
48235,89,90,-1,1
48236,87,95,-8,8
48237,95,93,2,2
48238,57,61,-4,4
48239,124,127,-3,3
48240,136,135,1,1
48241,102,101,1,1
48242,123,127,-4,4
48243,53,54,-1,1
48244,59,66,-7,7
48245,150,139,11,11
48246,140,133,7,7
48247,88,85,3,3
48248,140,136,4,4
48249,86,89,-3,3
48250,106,101,5,5
48251,127,141,-14,14
48252,88,78,10,10
48253,99,109,-10,10
48254,83,82,1,1
48255,81,82,-1,1
48256,151,138,13,13
48257,144,148,-4,4
48258,55,56,-1,1
48259,66,64,2,2
48260,103,99,4,4
48261,100,95,5,5
48262,76,73,3,3
48263,115,114,1,1
48264,135,125,10,10
48265,128,116,12,12
48266,163,148,15,15
48267,81,70,11,11
48268,88,85,3,3
48269,86,114,-28,28
48270,147,138,9,9
48271,179,171,8,8
48272,98,91,7,7
48273,91,86,5,5
48274,145,140,5,5
48275,53,56,-3,3
48276,122,125,-3,3
48277,79,76,3,3
48278,118,132,-14,14
48279,100,88,12,12
48280,76,72,4,4
48281,148,144,4,4
48282,55,39,16,16
48283,80,81,-1,1
48284,129,137,-8,8
48285,52,61,-9,9
48286,108,112,-4,4
48287,71,71,0,0
48288,49,47,2,2
48289,111,102,9,9
48290,97,89,8,8
48291,106,98,8,8
48292,31,36,-5,5
48293,62,57,5,5
48294,140,156,-16,16
48295,102,95,7,7
48296,68,61,7,7
48297,66,66,0,0
48298,98,101,-3,3
48299,29,34,-5,5
48300,162,156,6,6
48301,68,70,-2,2
48302,39,46,-7,7
48303,61,64,-3,3
48304,126,133,-7,7
48305,82,67,15,15
48306,95,86,9,9
48307,86,90,-4,4
48308,91,90,1,1
48309,68,81,-13,13
48310,70,71,-1,1
48311,56,50,6,6
48312,113,116,-3,3
48313,83,77,6,6
48314,185,169,16,16
48315,133,132,1,1
48316,98,95,3,3
48317,47,54,-7,7
48318,86,81,5,5
48319,115,109,6,6
48320,121,116,5,5
48321,130,136,-6,6
48322,116,115,1,1
48323,55,53,2,2
48324,88,86,2,2
48325,158,158,0,0
48326,208,206,2,2
48327,104,98,6,6
48328,109,111,-2,2
48329,94,102,-8,8
48330,49,54,-5,5
48331,66,72,-6,6
48332,135,153,-18,18
48333,112,100,12,12
48334,75,74,1,1
48335,99,99,0,0
48336,98,100,-2,2
48337,77,85,-8,8
48338,108,98,10,10
48339,81,82,-1,1
48340,99,110,-11,11
48341,113,92,21,21
48342,68,71,-3,3
48343,111,117,-6,6
48344,57,64,-7,7
48345,141,129,12,12
48346,96,93,3,3
48347,57,64,-7,7
48348,86,82,4,4
48349,64,85,-21,21
48350,58,57,1,1
48351,68,69,-1,1
48352,79,74,5,5
48353,128,128,0,0
48354,133,128,5,5
48355,129,138,-9,9
48356,98,89,9,9
48357,126,114,12,12
48358,68,74,-6,6
48359,98,90,8,8
48360,76,65,11,11
48361,151,136,15,15
48362,143,144,-1,1
48363,81,83,-2,2
48364,154,143,11,11
48365,99,107,-8,8
48366,58,63,-5,5
48367,40,43,-3,3
48368,101,118,-17,17
48369,88,82,6,6
48370,102,93,9,9
48371,82,78,4,4
48372,80,79,1,1
48373,77,77,0,0
48374,91,87,4,4
48375,133,133,0,0
48376,160,147,13,13
48377,137,134,3,3
48378,110,100,10,10
48379,78,70,8,8
48380,83,82,1,1
48381,68,80,-12,12
48382,85,90,-5,5
48383,90,90,0,0
48384,51,54,-3,3
48385,95,90,5,5
48386,133,126,7,7
48387,63,67,-4,4
48388,64,62,2,2
48389,64,58,6,6
48390,128,132,-4,4
48391,94,98,-4,4
48392,87,86,1,1
48393,49,54,-5,5
48394,66,64,2,2
48395,53,55,-2,2
48396,99,100,-1,1
48397,55,65,-10,10
48398,166,159,7,7
48399,179,167,12,12
48400,100,94,6,6
48401,97,96,1,1
48402,139,128,11,11
48403,59,58,1,1
48404,175,166,9,9
48405,123,131,-8,8
48406,72,74,-2,2
48407,77,86,-9,9
48408,86,78,8,8
48409,52,57,-5,5
48410,122,135,-13,13
48411,83,81,2,2
48412,109,118,-9,9
48413,123,113,10,10
48414,72,74,-2,2
48415,86,86,0,0
48416,97,112,-15,15
48417,98,92,6,6
48418,98,86,12,12
48419,72,71,1,1
48420,160,143,17,17
48421,61,61,0,0
48422,91,91,0,0
48423,65,62,3,3
48424,145,138,7,7
48425,60,63,-3,3
48426,125,118,7,7
48427,57,62,-5,5
48428,117,113,4,4
48429,104,100,4,4
48430,141,137,4,4
48431,65,67,-2,2
48432,78,71,7,7
48433,74,72,2,2
48434,82,84,-2,2
48435,83,87,-4,4
48436,79,82,-3,3
48437,79,83,-4,4
48438,73,75,-2,2
48439,154,136,18,18
48440,89,91,-2,2
48441,83,90,-7,7
48442,79,79,0,0
48443,167,153,14,14
48444,103,121,-18,18
48445,89,88,1,1
48446,199,179,20,20
48447,63,73,-10,10
48448,67,65,2,2
48449,152,158,-6,6
48450,98,107,-9,9
48451,78,78,0,0
48452,78,78,0,0
48453,119,127,-8,8
48454,93,95,-2,2
48455,121,127,-6,6
48456,105,90,15,15
48457,184,137,47,47
48458,60,59,1,1
48459,167,151,16,16
48460,51,59,-8,8
48461,114,118,-4,4
48462,59,57,2,2
48463,98,102,-4,4
48464,62,66,-4,4
48465,74,62,12,12
48466,87,84,3,3
48467,84,81,3,3
48468,63,61,2,2
48469,103,93,10,10
48470,133,121,12,12
48471,125,110,15,15
48472,137,139,-2,2
48473,82,73,9,9
48474,145,143,2,2
48475,111,114,-3,3
48476,117,116,1,1
48477,61,60,1,1
48478,107,115,-8,8
48479,127,125,2,2
48480,50,51,-1,1
48481,75,69,6,6
48482,173,166,7,7
48483,162,147,15,15
48484,72,82,-10,10
48485,104,103,1,1
48486,84,82,2,2
48487,84,75,9,9
48488,99,96,3,3
48489,109,111,-2,2
48490,125,128,-3,3
48491,100,102,-2,2
48492,108,113,-5,5
48493,118,120,-2,2
48494,70,75,-5,5
48495,67,59,8,8
48496,39,44,-5,5
48497,87,86,1,1
48498,71,82,-11,11
48499,65,67,-2,2
48500,185,168,17,17
48501,89,85,4,4
48502,94,91,3,3
48503,68,70,-2,2
48504,66,63,3,3
48505,126,120,6,6
48506,99,103,-4,4
48507,100,100,0,0
48508,85,78,7,7
48509,38,46,-8,8
48510,170,163,7,7
48511,109,95,14,14
48512,90,81,9,9
48513,58,60,-2,2
48514,52,57,-5,5
48515,162,175,-13,13
48516,60,64,-4,4
48517,99,94,5,5
48518,80,76,4,4
48519,82,98,-16,16
48520,112,110,2,2
48521,81,73,8,8
48522,112,130,-18,18
48523,160,150,10,10
48524,44,49,-5,5
48525,60,65,-5,5
48526,87,78,9,9
48527,66,62,4,4
48528,54,54,0,0
48529,158,138,20,20
48530,125,124,1,1
48531,61,63,-2,2
48532,179,168,11,11
48533,174,147,27,27
48534,86,101,-15,15
48535,86,95,-9,9
48536,79,97,-18,18
48537,60,60,0,0
48538,78,76,2,2
48539,128,130,-2,2
48540,111,108,3,3
48541,98,97,1,1
48542,142,121,21,21
48543,65,64,1,1
48544,142,131,11,11
48545,176,176,0,0
48546,88,80,8,8
48547,165,159,6,6
48548,85,90,-5,5
48549,85,79,6,6
48550,88,90,-2,2
48551,97,109,-12,12
48552,125,123,2,2
48553,99,92,7,7
48554,83,79,4,4
48555,97,85,12,12
48556,96,94,2,2
48557,62,69,-7,7
48558,99,110,-11,11
48559,57,61,-4,4
48560,77,81,-4,4
48561,77,83,-6,6
48562,104,129,-25,25
48563,114,108,6,6
48564,94,90,4,4
48565,67,84,-17,17
48566,112,109,3,3
48567,128,121,7,7
48568,93,92,1,1
48569,115,123,-8,8
48570,63,62,1,1
48571,67,75,-8,8
48572,136,135,1,1
48573,96,111,-15,15
48574,97,108,-11,11
48575,97,110,-13,13
48576,100,95,5,5
48577,60,64,-4,4
48578,155,177,-22,22
48579,80,91,-11,11
48580,92,109,-17,17
48581,130,125,5,5
48582,139,124,15,15
48583,121,122,-1,1
48584,58,63,-5,5
48585,73,79,-6,6
48586,98,95,3,3
48587,95,98,-3,3
48588,126,117,9,9
48589,112,111,1,1
48590,82,86,-4,4
48591,105,99,6,6
48592,68,80,-12,12
48593,67,80,-13,13
48594,121,124,-3,3
48595,164,147,17,17
48596,107,111,-4,4
48597,110,109,1,1
48598,125,128,-3,3
48599,71,70,1,1
48600,77,82,-5,5
48601,97,96,1,1
48602,114,122,-8,8
48603,140,142,-2,2
48604,57,65,-8,8
48605,99,96,3,3
48606,99,94,5,5
48607,52,48,4,4
48608,83,77,6,6
48609,173,238,-65,65
48610,94,100,-6,6
48611,47,54,-7,7
48612,58,65,-7,7
48613,61,73,-12,12
48614,82,97,-15,15
48615,53,65,-12,12
48616,53,58,-5,5
48617,77,72,5,5
48618,88,96,-8,8
48619,74,77,-3,3
48620,74,66,8,8
48621,150,143,7,7
48622,135,139,-4,4
48623,176,172,4,4
48624,53,59,-6,6
48625,140,134,6,6
48626,106,114,-8,8
48627,189,168,21,21
48628,104,117,-13,13
48629,71,87,-16,16
48630,66,61,5,5
48631,82,89,-7,7
48632,111,123,-12,12
48633,114,108,6,6
48634,140,143,-3,3
48635,95,99,-4,4
48636,152,144,8,8
48637,101,111,-10,10
48638,67,61,6,6
48639,47,55,-8,8
48640,73,80,-7,7
48641,84,108,-24,24
48642,92,83,9,9
48643,157,155,2,2
48644,128,132,-4,4
48645,96,107,-11,11
48646,91,89,2,2
48647,92,87,5,5
48648,132,127,5,5
48649,170,163,7,7
48650,103,88,15,15
48651,46,54,-8,8
48652,123,111,12,12
48653,91,76,15,15
48654,111,113,-2,2
48655,144,148,-4,4
48656,73,79,-6,6
48657,116,110,6,6
48658,137,134,3,3
48659,131,120,11,11
48660,37,44,-7,7
48661,84,90,-6,6
48662,91,88,3,3
48663,175,175,0,0
48664,137,136,1,1
48665,91,85,6,6
48666,41,51,-10,10
48667,88,80,8,8
48668,86,81,5,5
48669,67,71,-4,4
48670,181,160,21,21
48671,108,106,2,2
48672,51,45,6,6
48673,145,137,8,8
48674,87,86,1,1
48675,42,43,-1,1
48676,92,89,3,3
48677,196,179,17,17
48678,43,44,-1,1
48679,108,113,-5,5
48680,131,122,9,9
48681,105,111,-6,6
48682,77,81,-4,4
48683,80,80,0,0
48684,144,135,9,9
48685,120,134,-14,14
48686,70,71,-1,1
48687,62,62,0,0
48688,40,43,-3,3
48689,80,75,5,5
48690,93,85,8,8
48691,41,50,-9,9
48692,90,97,-7,7
48693,82,79,3,3
48694,85,87,-2,2
48695,103,97,6,6
48696,119,115,4,4
48697,65,66,-1,1
48698,85,81,4,4
48699,114,110,4,4
48700,95,89,6,6
48701,39,39,0,0
48702,89,86,3,3
48703,116,118,-2,2
48704,133,140,-7,7
48705,76,75,1,1
48706,146,129,17,17
48707,55,59,-4,4
48708,170,168,2,2
48709,76,71,5,5
48710,89,89,0,0
48711,76,96,-20,20
48712,107,100,7,7
48713,69,67,2,2
48714,94,103,-9,9
48715,106,110,-4,4
48716,91,79,12,12
48717,158,162,-4,4
48718,110,111,-1,1
48719,69,73,-4,4
48720,90,82,8,8
48721,99,92,7,7
48722,74,74,0,0
48723,94,103,-9,9
48724,70,69,1,1
48725,81,95,-14,14
48726,136,144,-8,8
48727,89,91,-2,2
48728,113,117,-4,4
48729,110,108,2,2
48730,137,139,-2,2
48731,100,98,2,2
48732,114,109,5,5
48733,122,105,17,17
48734,27,29,-2,2
48735,105,111,-6,6
48736,65,72,-7,7
48737,120,131,-11,11
48738,68,69,-1,1
48739,158,151,7,7
48740,76,81,-5,5
48741,123,122,1,1
48742,71,71,0,0
48743,86,89,-3,3
48744,68,77,-9,9
48745,118,116,2,2
48746,36,44,-8,8
48747,26,33,-7,7
48748,55,57,-2,2
48749,87,89,-2,2
48750,117,112,5,5
48751,36,44,-8,8
48752,112,102,10,10
48753,73,69,4,4
48754,93,90,3,3
48755,122,113,9,9
48756,117,115,2,2
48757,116,131,-15,15
48758,95,93,2,2
48759,51,52,-1,1
48760,81,76,5,5
48761,88,75,13,13
48762,62,64,-2,2
48763,84,63,21,21
48764,69,74,-5,5
48765,62,68,-6,6
48766,101,108,-7,7
48767,112,114,-2,2
48768,182,163,19,19
48769,51,60,-9,9
48770,89,88,1,1
48771,123,125,-2,2
48772,91,87,4,4
48773,67,73,-6,6
48774,150,138,12,12
48775,61,70,-9,9
48776,107,108,-1,1
48777,53,59,-6,6
48778,79,83,-4,4
48779,143,157,-14,14
48780,115,120,-5,5
48781,66,68,-2,2
48782,104,102,2,2
48783,154,162,-8,8
48784,96,87,9,9
48785,165,166,-1,1
48786,124,128,-4,4
48787,108,108,0,0
48788,106,115,-9,9
48789,124,133,-9,9
48790,91,99,-8,8
48791,98,117,-19,19
48792,74,82,-8,8
48793,146,149,-3,3
48794,136,141,-5,5
48795,96,111,-15,15
48796,117,121,-4,4
48797,113,111,2,2
48798,118,112,6,6
48799,151,142,9,9
48800,157,156,1,1
48801,98,85,13,13
48802,136,138,-2,2
48803,119,139,-20,20
48804,66,64,2,2
48805,144,137,7,7
48806,118,121,-3,3
48807,186,175,11,11
48808,91,91,0,0
48809,99,97,2,2
48810,78,83,-5,5
48811,81,83,-2,2
48812,77,81,-4,4
48813,51,53,-2,2
48814,81,85,-4,4
48815,110,112,-2,2
48816,83,79,4,4
48817,75,87,-12,12
48818,73,73,0,0
48819,113,114,-1,1
48820,84,76,8,8
48821,94,91,3,3
48822,77,93,-16,16
48823,101,93,8,8
48824,100,90,10,10
48825,68,67,1,1
48826,65,70,-5,5
48827,159,160,-1,1
48828,66,70,-4,4
48829,149,130,19,19
48830,81,100,-19,19
48831,56,58,-2,2
48832,149,165,-16,16
48833,56,56,0,0
48834,110,110,0,0
48835,61,66,-5,5
48836,57,52,5,5
48837,107,112,-5,5
48838,58,63,-5,5
48839,106,110,-4,4
48840,145,128,17,17
48841,70,73,-3,3
48842,115,119,-4,4
48843,106,85,21,21
48844,144,136,8,8
48845,129,115,14,14
48846,127,121,6,6
48847,223,191,32,32
48848,147,149,-2,2
48849,95,90,5,5
48850,34,41,-7,7
48851,66,62,4,4
48852,88,90,-2,2
48853,91,84,7,7
48854,90,83,7,7
48855,131,134,-3,3
48856,61,66,-5,5
48857,66,63,3,3
48858,125,129,-4,4
48859,69,67,2,2
48860,73,80,-7,7
48861,87,89,-2,2
48862,89,85,4,4
48863,69,75,-6,6
48864,114,112,2,2
48865,64,68,-4,4
48866,146,142,4,4
48867,93,97,-4,4
48868,54,57,-3,3
48869,171,178,-7,7
48870,63,64,-1,1
48871,70,75,-5,5
48872,61,65,-4,4
48873,75,76,-1,1
48874,158,143,15,15
48875,65,80,-15,15
48876,93,93,0,0
48877,97,88,9,9
48878,126,111,15,15
48879,122,119,3,3
48880,128,139,-11,11
48881,109,109,0,0
48882,90,83,7,7
48883,167,164,3,3
48884,79,68,11,11
48885,56,60,-4,4
48886,117,113,4,4
48887,80,77,3,3
48888,48,53,-5,5
48889,72,76,-4,4
48890,69,69,0,0
48891,105,102,3,3
48892,103,99,4,4
48893,94,92,2,2
48894,91,87,4,4
48895,117,117,0,0
48896,168,151,17,17
48897,60,62,-2,2
48898,93,104,-11,11
48899,110,108,2,2
48900,61,60,1,1
48901,133,131,2,2
48902,124,107,17,17
48903,131,129,2,2
48904,81,82,-1,1
48905,78,74,4,4
48906,117,111,6,6
48907,116,113,3,3
48908,75,79,-4,4
48909,50,55,-5,5
48910,76,70,6,6
48911,120,117,3,3
48912,96,91,5,5
48913,99,123,-24,24
48914,163,158,5,5
48915,136,129,7,7
48916,150,138,12,12
48917,87,95,-8,8
48918,116,116,0,0
48919,127,124,3,3
48920,73,69,4,4
48921,110,116,-6,6
48922,65,67,-2,2
48923,74,73,1,1
48924,98,90,8,8
48925,74,72,2,2
48926,105,104,1,1
48927,92,93,-1,1
48928,80,82,-2,2
48929,111,114,-3,3
48930,93,90,3,3
48931,69,68,1,1
48932,76,81,-5,5
48933,59,58,1,1
48934,127,124,3,3
48935,45,53,-8,8
48936,100,80,20,20
48937,111,116,-5,5
48938,165,203,-38,38
48939,161,173,-12,12
48940,108,111,-3,3
48941,85,71,14,14
48942,131,138,-7,7
48943,28,40,-12,12
48944,92,85,7,7
48945,55,59,-4,4
48946,134,125,9,9
48947,112,109,3,3
48948,123,112,11,11
48949,137,136,1,1
48950,72,84,-12,12
48951,116,110,6,6
48952,136,132,4,4
48953,122,120,2,2
48954,120,119,1,1
48955,85,76,9,9
48956,98,109,-11,11
48957,108,126,-18,18
48958,95,98,-3,3
48959,71,71,0,0
48960,160,147,13,13
48961,112,117,-5,5
48962,98,108,-10,10
48963,72,70,2,2
48964,102,108,-6,6
48965,95,85,10,10
48966,130,122,8,8
48967,96,95,1,1
48968,123,121,2,2
48969,100,110,-10,10
48970,172,167,5,5
48971,55,55,0,0
48972,60,70,-10,10
48973,101,109,-8,8
48974,90,108,-18,18
48975,76,84,-8,8
48976,80,77,3,3
48977,100,112,-12,12
48978,61,63,-2,2
48979,75,78,-3,3
48980,81,101,-20,20
48981,121,120,1,1
48982,81,84,-3,3
48983,139,143,-4,4
48984,86,78,8,8
48985,94,91,3,3
48986,121,125,-4,4
48987,83,76,7,7
48988,127,125,2,2
48989,49,61,-12,12
48990,83,91,-8,8
48991,76,70,6,6
48992,113,109,4,4
48993,73,70,3,3
48994,85,83,2,2
48995,97,93,4,4
48996,82,77,5,5
48997,103,103,0,0
48998,68,70,-2,2
48999,65,65,0,0
49000,46,56,-10,10
49001,108,102,6,6
49002,96,109,-13,13
49003,133,129,4,4
49004,97,99,-2,2
49005,62,57,5,5
49006,95,97,-2,2
49007,132,121,11,11
49008,164,154,10,10
49009,62,60,2,2
49010,81,81,0,0
49011,91,94,-3,3
49012,73,74,-1,1
49013,73,70,3,3
49014,105,112,-7,7
49015,75,75,0,0
49016,73,67,6,6
49017,94,102,-8,8
49018,112,121,-9,9
49019,107,97,10,10
49020,79,78,1,1
49021,128,133,-5,5
49022,100,93,7,7
49023,68,69,-1,1
49024,84,72,12,12
49025,115,132,-17,17
49026,68,71,-3,3
49027,50,52,-2,2
49028,80,85,-5,5
49029,71,74,-3,3
49030,115,115,0,0
49031,103,115,-12,12
49032,112,112,0,0
49033,95,92,3,3
49034,132,136,-4,4
49035,108,118,-10,10
49036,89,96,-7,7
49037,96,89,7,7
49038,110,109,1,1
49039,103,161,-58,58
49040,113,98,15,15
49041,72,78,-6,6
49042,85,90,-5,5
49043,106,111,-5,5
49044,101,99,2,2
49045,117,131,-14,14
49046,67,77,-10,10
49047,82,82,0,0
49048,61,64,-3,3
49049,64,63,1,1
49050,86,90,-4,4
49051,89,89,0,0
49052,49,51,-2,2
49053,136,121,15,15
49054,137,140,-3,3
49055,79,69,10,10
49056,127,115,12,12
49057,130,126,4,4
49058,119,130,-11,11
49059,83,75,8,8
49060,98,107,-9,9
49061,124,120,4,4
49062,72,85,-13,13
49063,114,119,-5,5
49064,144,135,9,9
49065,117,109,8,8
49066,68,68,0,0
49067,41,47,-6,6
49068,88,91,-3,3
49069,156,146,10,10
49070,85,81,4,4
49071,99,97,2,2
49072,71,84,-13,13
49073,152,142,10,10
49074,86,80,6,6
49075,95,89,6,6
49076,100,98,2,2
49077,99,97,2,2
49078,137,117,20,20
49079,78,72,6,6
49080,142,135,7,7
49081,80,90,-10,10
49082,70,68,2,2
49083,112,107,5,5
49084,116,122,-6,6
49085,76,78,-2,2
49086,128,122,6,6
49087,101,94,7,7
49088,111,110,1,1
49089,71,69,2,2
49090,129,126,3,3
49091,170,161,9,9
49092,136,117,19,19
49093,105,96,9,9
49094,117,110,7,7
49095,102,98,4,4
49096,77,81,-4,4
49097,103,112,-9,9
49098,53,55,-2,2
49099,94,99,-5,5
49100,73,70,3,3
49101,65,67,-2,2
49102,107,126,-19,19
49103,78,89,-11,11
49104,83,80,3,3
49105,117,117,0,0
49106,33,33,0,0
49107,97,99,-2,2
49108,119,121,-2,2
49109,74,73,1,1
49110,96,90,6,6
49111,113,118,-5,5
49112,68,79,-11,11
49113,78,75,3,3
49114,123,101,22,22
49115,121,130,-9,9
49116,74,73,1,1
49117,100,95,5,5
49118,71,74,-3,3
49119,46,47,-1,1
49120,90,92,-2,2
49121,63,77,-14,14
49122,94,103,-9,9
49123,83,86,-3,3
49124,86,89,-3,3
49125,116,122,-6,6
49126,107,99,8,8
49127,111,125,-14,14
49128,211,189,22,22
49129,71,66,5,5
49130,57,69,-12,12
49131,135,125,10,10
49132,111,111,0,0
49133,97,91,6,6
49134,139,136,3,3
49135,96,98,-2,2
49136,91,88,3,3
49137,131,132,-1,1
49138,134,132,2,2
49139,81,81,0,0
49140,123,118,5,5
49141,122,128,-6,6
49142,149,148,1,1
49143,122,111,11,11
49144,114,110,4,4
49145,112,102,10,10
49146,110,108,2,2
49147,111,116,-5,5
49148,50,54,-4,4
49149,52,53,-1,1
49150,119,126,-7,7
49151,67,67,0,0
49152,135,134,1,1
49153,81,70,11,11
49154,122,111,11,11
49155,130,129,1,1
49156,60,62,-2,2
49157,108,120,-12,12
49158,97,99,-2,2
49159,50,56,-6,6
49160,77,71,6,6
49161,106,94,12,12
49162,100,109,-9,9
49163,70,77,-7,7
49164,99,100,-1,1
49165,108,113,-5,5
49166,138,131,7,7
49167,132,136,-4,4
49168,73,77,-4,4
49169,73,79,-6,6
49170,111,107,4,4
49171,101,100,1,1
49172,123,123,0,0
49173,80,118,-38,38
49174,56,48,8,8
49175,101,94,7,7
49176,119,119,0,0
49177,125,143,-18,18
49178,107,107,0,0
49179,141,140,1,1
49180,110,124,-14,14
49181,91,82,9,9
49182,67,66,1,1
49183,91,92,-1,1
49184,62,68,-6,6
49185,66,62,4,4
49186,51,64,-13,13
49187,26,37,-11,11
49188,112,116,-4,4
49189,85,78,7,7
49190,173,165,8,8
49191,65,60,5,5
49192,71,75,-4,4
49193,48,48,0,0
49194,113,118,-5,5
49195,111,112,-1,1
49196,76,81,-5,5
49197,72,72,0,0
49198,104,97,7,7
49199,113,110,3,3
49200,80,79,1,1
49201,129,135,-6,6
49202,80,76,4,4
49203,99,107,-8,8
49204,98,108,-10,10
49205,186,181,5,5
49206,84,88,-4,4
49207,46,50,-4,4
49208,81,94,-13,13
49209,62,60,2,2
49210,85,84,1,1
49211,63,64,-1,1
49212,114,124,-10,10
49213,91,90,1,1
49214,100,115,-15,15
49215,53,52,1,1
49216,127,113,14,14
49217,93,86,7,7
49218,59,63,-4,4
49219,52,47,5,5
49220,100,97,3,3
49221,73,79,-6,6
49222,110,115,-5,5
49223,88,75,13,13
49224,87,88,-1,1
49225,53,54,-1,1
49226,96,95,1,1
49227,70,83,-13,13
49228,80,89,-9,9
49229,80,81,-1,1
49230,78,75,3,3
49231,45,42,3,3
49232,97,94,3,3
49233,172,161,11,11
49234,92,93,-1,1
49235,72,74,-2,2
49236,125,134,-9,9
49237,72,70,2,2
49238,156,155,1,1
49239,61,65,-4,4
49240,118,125,-7,7
49241,89,114,-25,25
49242,126,109,17,17
49243,121,112,9,9
49244,63,73,-10,10
49245,96,89,7,7
49246,123,117,6,6
49247,80,87,-7,7
49248,120,121,-1,1
49249,75,79,-4,4
49250,128,125,3,3
49251,166,159,7,7
49252,129,123,6,6
49253,74,80,-6,6
49254,70,77,-7,7
49255,75,77,-2,2
49256,115,98,17,17
49257,109,108,1,1
49258,86,83,3,3
49259,90,88,2,2
49260,95,89,6,6
49261,102,112,-10,10
49262,178,168,10,10
49263,140,129,11,11
49264,148,145,3,3
49265,75,78,-3,3
49266,94,86,8,8
49267,83,88,-5,5
49268,184,173,11,11
49269,98,93,5,5
49270,36,37,-1,1
49271,68,69,-1,1
49272,88,86,2,2
49273,71,70,1,1
49274,80,75,5,5
49275,81,80,1,1
49276,98,110,-12,12
49277,99,91,8,8
49278,41,50,-9,9
49279,51,52,-1,1
49280,161,151,10,10
49281,76,75,1,1
49282,103,99,4,4
49283,86,80,6,6
49284,111,110,1,1
49285,132,125,7,7
49286,91,83,8,8
49287,114,100,14,14
49288,106,100,6,6
49289,140,137,3,3
49290,54,52,2,2
49291,231,207,24,24
49292,74,78,-4,4
49293,59,60,-1,1
49294,149,133,16,16
49295,98,89,9,9
49296,96,92,4,4
49297,98,108,-10,10
49298,29,34,-5,5
49299,80,78,2,2
49300,115,110,5,5
49301,75,68,7,7
49302,93,96,-3,3
49303,86,86,0,0
49304,67,57,10,10
49305,56,56,0,0
49306,120,122,-2,2
49307,188,172,16,16
49308,31,36,-5,5
49309,51,60,-9,9
49310,55,61,-6,6
49311,81,86,-5,5
49312,75,81,-6,6
49313,63,69,-6,6
49314,85,83,2,2
49315,32,30,2,2
49316,83,89,-6,6
49317,86,92,-6,6
49318,122,108,14,14
49319,46,52,-6,6
49320,122,114,8,8
49321,101,103,-2,2
49322,55,67,-12,12
49323,80,76,4,4
49324,106,109,-3,3
49325,79,92,-13,13
49326,143,148,-5,5
49327,124,127,-3,3
49328,128,130,-2,2
49329,88,96,-8,8
49330,98,99,-1,1
49331,207,188,19,19
49332,133,125,8,8
49333,46,46,0,0
49334,115,126,-11,11
49335,75,62,13,13
49336,93,91,2,2
49337,99,103,-4,4
49338,107,112,-5,5
49339,99,93,6,6
49340,78,77,1,1
49341,104,94,10,10
49342,112,118,-6,6
49343,75,78,-3,3
49344,84,83,1,1
49345,87,93,-6,6
49346,83,77,6,6
49347,151,142,9,9
49348,23,45,-22,22
49349,168,161,7,7
49350,62,65,-3,3
49351,65,64,1,1
49352,68,71,-3,3
49353,110,115,-5,5
49354,159,150,9,9
49355,44,48,-4,4
49356,144,141,3,3
49357,71,69,2,2
49358,71,66,5,5
49359,131,114,17,17
49360,148,97,51,51
49361,116,119,-3,3
49362,117,101,16,16
49363,116,136,-20,20
49364,95,90,5,5
49365,59,70,-11,11
49366,41,45,-4,4
49367,80,90,-10,10
49368,66,73,-7,7
49369,98,91,7,7
49370,186,178,8,8
49371,109,100,9,9
49372,97,126,-29,29
49373,74,67,7,7
49374,113,114,-1,1
49375,61,58,3,3
49376,108,111,-3,3
49377,123,113,10,10
49378,78,78,0,0
49379,57,64,-7,7
49380,42,57,-15,15
49381,118,129,-11,11
49382,59,59,0,0
49383,96,109,-13,13
49384,69,70,-1,1
49385,94,83,11,11
49386,84,93,-9,9
49387,182,186,-4,4
49388,44,48,-4,4
49389,74,85,-11,11
49390,84,72,12,12
49391,173,162,11,11
49392,73,80,-7,7
49393,67,66,1,1
49394,84,90,-6,6
49395,106,110,-4,4
49396,80,86,-6,6
49397,79,92,-13,13
49398,61,60,1,1
49399,73,78,-5,5
49400,50,50,0,0
49401,94,90,4,4
49402,86,94,-8,8
49403,71,67,4,4
49404,60,71,-11,11
49405,126,127,-1,1
49406,60,60,0,0
49407,65,61,4,4
49408,83,81,2,2
49409,47,46,1,1
49410,234,195,39,39
49411,101,84,17,17
49412,111,111,0,0
49413,65,60,5,5
49414,50,58,-8,8
49415,63,70,-7,7
49416,121,123,-2,2
49417,63,52,11,11
49418,105,96,9,9
49419,51,62,-11,11
49420,85,77,8,8
49421,154,139,15,15
49422,130,123,7,7
49423,95,94,1,1
49424,55,57,-2,2
49425,95,98,-3,3
49426,154,148,6,6
49427,109,109,0,0
49428,57,64,-7,7
49429,109,109,0,0
49430,125,113,12,12
49431,85,77,8,8
49432,76,72,4,4
49433,66,81,-15,15
49434,89,84,5,5
49435,64,64,0,0
49436,46,55,-9,9
49437,79,81,-2,2
49438,114,116,-2,2
49439,73,69,4,4
49440,130,133,-3,3
49441,78,71,7,7
49442,62,71,-9,9
49443,49,50,-1,1
49444,65,72,-7,7
49445,66,66,0,0
49446,72,78,-6,6
49447,81,80,1,1
49448,131,133,-2,2
49449,113,116,-3,3
49450,103,101,2,2
49451,60,61,-1,1
49452,61,59,2,2
49453,62,64,-2,2
49454,79,77,2,2
49455,111,129,-18,18
49456,108,109,-1,1
49457,124,104,20,20
49458,93,104,-11,11
49459,121,124,-3,3
49460,49,48,1,1
49461,72,77,-5,5
49462,86,70,16,16
49463,64,66,-2,2
49464,95,83,12,12
49465,108,114,-6,6
49466,148,145,3,3
49467,71,65,6,6
49468,85,101,-16,16
49469,72,78,-6,6
49470,107,109,-2,2
49471,121,111,10,10
49472,119,107,12,12
49473,81,109,-28,28
49474,94,96,-2,2
49475,147,121,26,26
49476,101,105,-4,4
49477,106,111,-5,5
49478,59,63,-4,4
49479,70,69,1,1
49480,52,52,0,0
49481,89,81,8,8
49482,128,126,2,2
49483,111,120,-9,9
49484,146,143,3,3
49485,49,51,-2,2
49486,110,108,2,2
49487,119,114,5,5
49488,96,99,-3,3
49489,119,117,2,2
49490,140,134,6,6
49491,124,124,0,0
49492,90,82,8,8
49493,68,72,-4,4
49494,92,107,-15,15
49495,163,151,12,12
49496,77,71,6,6
49497,103,98,5,5
49498,126,110,16,16
49499,70,74,-4,4
49500,127,119,8,8
49501,76,81,-5,5
49502,138,136,2,2
49503,88,94,-6,6
49504,58,81,-23,23
49505,68,67,1,1
49506,146,151,-5,5
49507,139,144,-5,5
49508,71,79,-8,8
49509,143,134,9,9
49510,123,110,13,13
49511,55,59,-4,4
49512,93,94,-1,1
49513,74,81,-7,7
49514,122,118,4,4
49515,79,86,-7,7
49516,75,75,0,0
49517,72,80,-8,8
49518,122,124,-2,2
49519,82,82,0,0
49520,66,66,0,0
49521,67,67,0,0
49522,62,63,-1,1
49523,108,98,10,10
49524,82,83,-1,1
49525,93,96,-3,3
49526,57,62,-5,5
49527,73,77,-4,4
49528,116,102,14,14
49529,97,88,9,9
49530,107,110,-3,3
49531,69,70,-1,1
49532,118,115,3,3
49533,112,113,-1,1
49534,75,82,-7,7
49535,128,135,-7,7
49536,96,96,0,0
49537,81,85,-4,4
49538,149,138,11,11
49539,65,69,-4,4
49540,28,26,2,2
49541,92,94,-2,2
49542,82,76,6,6
49543,65,78,-13,13
49544,130,127,3,3
49545,85,87,-2,2
49546,105,111,-6,6
49547,119,121,-2,2
49548,124,113,11,11
49549,89,86,3,3
49550,52,53,-1,1
49551,95,89,6,6
49552,111,124,-13,13
49553,110,98,12,12
49554,104,103,1,1
49555,107,116,-9,9
49556,79,76,3,3
49557,98,89,9,9
49558,113,116,-3,3
49559,59,63,-4,4
49560,86,81,5,5
49561,40,46,-6,6
49562,59,55,4,4
49563,108,109,-1,1
49564,49,57,-8,8
49565,86,75,11,11
49566,84,79,5,5
49567,93,92,1,1
49568,74,71,3,3
49569,73,74,-1,1
49570,89,92,-3,3
49571,83,88,-5,5
49572,94,101,-7,7
49573,103,96,7,7
49574,117,129,-12,12
49575,162,153,9,9
49576,72,80,-8,8
49577,107,113,-6,6
49578,122,116,6,6
49579,108,110,-2,2
49580,96,79,17,17
49581,98,93,5,5
49582,111,115,-4,4
49583,51,52,-1,1
49584,70,79,-9,9
49585,64,67,-3,3
49586,47,43,4,4
49587,45,47,-2,2
49588,69,89,-20,20
49589,91,91,0,0
49590,77,66,11,11
49591,83,81,2,2
49592,73,71,2,2
49593,70,73,-3,3
49594,228,186,42,42
49595,50,59,-9,9
49596,69,69,0,0
49597,88,84,4,4
49598,76,77,-1,1
49599,80,76,4,4
49600,73,72,1,1
49601,86,87,-1,1
49602,103,128,-25,25
49603,135,132,3,3
49604,75,84,-9,9
49605,78,80,-2,2
49606,114,100,14,14
49607,112,116,-4,4
49608,66,68,-2,2
49609,94,86,8,8
49610,86,79,7,7
49611,86,79,7,7
49612,115,124,-9,9
49613,81,76,5,5
49614,96,108,-12,12
49615,100,87,13,13
49616,137,132,5,5
49617,71,69,2,2
49618,77,74,3,3
49619,102,98,4,4
49620,83,87,-4,4
49621,87,87,0,0
49622,123,106,17,17
49623,65,73,-8,8
49624,59,65,-6,6
49625,98,95,3,3
49626,127,133,-6,6
49627,141,126,15,15
49628,55,58,-3,3
49629,63,68,-5,5
49630,102,97,5,5
49631,63,71,-8,8
49632,108,100,8,8
49633,105,108,-3,3
49634,57,49,8,8
49635,64,54,10,10
49636,83,81,2,2
49637,97,95,2,2
49638,97,101,-4,4
49639,84,93,-9,9
49640,117,117,0,0
49641,99,90,9,9
49642,106,109,-3,3
49643,101,100,1,1
49644,91,84,7,7
49645,131,122,9,9
49646,162,161,1,1
49647,81,81,0,0
49648,56,61,-5,5
49649,120,108,12,12
49650,103,94,9,9
49651,43,43,0,0
49652,59,62,-3,3
49653,90,84,6,6
49654,116,110,6,6
49655,55,50,5,5
49656,97,90,7,7
49657,99,94,5,5
49658,52,57,-5,5
49659,32,38,-6,6
49660,91,105,-14,14
49661,92,90,2,2
49662,52,57,-5,5
49663,159,144,15,15
49664,144,131,13,13
49665,115,116,-1,1
49666,44,49,-5,5
49667,114,118,-4,4
49668,183,170,13,13
49669,94,91,3,3
49670,82,96,-14,14
49671,85,69,16,16
49672,71,75,-4,4
49673,151,147,4,4
49674,98,95,3,3
49675,116,117,-1,1
49676,108,100,8,8
49677,85,85,0,0
49678,96,108,-12,12
49679,94,105,-11,11
49680,59,60,-1,1
49681,81,83,-2,2
49682,125,125,0,0
49683,64,68,-4,4
49684,106,95,11,11
49685,89,89,0,0
49686,91,81,10,10
49687,72,62,10,10
49688,69,78,-9,9
49689,94,78,16,16
49690,133,124,9,9
49691,115,118,-3,3
49692,92,89,3,3
49693,171,152,19,19
49694,108,109,-1,1
49695,102,99,3,3
49696,133,142,-9,9
49697,89,78,11,11
49698,93,90,3,3
49699,39,50,-11,11
49700,119,115,4,4
49701,116,117,-1,1
49702,71,62,9,9
49703,121,129,-8,8
49704,109,108,1,1
49705,121,109,12,12
49706,87,93,-6,6
49707,73,84,-11,11
49708,103,91,12,12
49709,50,55,-5,5
49710,53,57,-4,4
49711,94,95,-1,1
49712,143,151,-8,8
49713,68,66,2,2
49714,148,137,11,11
49715,54,52,2,2
49716,121,114,7,7
49717,116,114,2,2
49718,91,100,-9,9
49719,74,72,2,2
49720,68,70,-2,2
49721,129,130,-1,1
49722,69,65,4,4
49723,43,50,-7,7
49724,125,120,5,5
49725,101,113,-12,12
49726,188,169,19,19
49727,135,124,11,11
49728,57,59,-2,2
49729,96,97,-1,1
49730,68,61,7,7
49731,154,141,13,13
49732,101,108,-7,7
49733,48,55,-7,7
49734,62,76,-14,14
49735,182,172,10,10
49736,83,85,-2,2
49737,52,52,0,0
49738,97,80,17,17
49739,108,107,1,1
49740,90,99,-9,9
49741,88,85,3,3
49742,109,111,-2,2
49743,84,98,-14,14
49744,93,105,-12,12
49745,87,85,2,2
49746,75,76,-1,1
49747,77,75,2,2
49748,159,145,14,14
49749,56,57,-1,1
49750,135,118,17,17
49751,42,48,-6,6
49752,42,39,3,3
49753,82,93,-11,11
49754,106,105,1,1
49755,98,109,-11,11
49756,59,63,-4,4
49757,158,141,17,17
49758,109,115,-6,6
49759,93,89,4,4
49760,174,162,12,12
49761,91,92,-1,1
49762,138,117,21,21
49763,104,102,2,2
49764,92,96,-4,4
49765,67,70,-3,3
49766,87,93,-6,6
49767,135,127,8,8
49768,102,92,10,10
49769,164,151,13,13
49770,67,73,-6,6
49771,106,88,18,18
49772,88,97,-9,9
49773,109,112,-3,3
49774,97,88,9,9
49775,49,57,-8,8
49776,124,121,3,3
49777,64,61,3,3
49778,160,146,14,14
49779,108,110,-2,2
49780,71,68,3,3
49781,108,100,8,8
49782,87,86,1,1
49783,181,168,13,13
49784,100,93,7,7
49785,52,51,1,1
49786,128,127,1,1
49787,84,81,3,3
49788,123,114,9,9
49789,131,134,-3,3
49790,113,118,-5,5
49791,127,133,-6,6
49792,85,90,-5,5
49793,71,72,-1,1
49794,108,113,-5,5
49795,74,72,2,2
49796,160,152,8,8
49797,72,80,-8,8
49798,75,73,2,2
49799,122,127,-5,5
49800,85,87,-2,2
49801,74,84,-10,10
49802,44,73,-29,29
49803,110,127,-17,17
49804,64,71,-7,7
49805,40,50,-10,10
49806,124,117,7,7
49807,88,89,-1,1
49808,123,122,1,1
49809,122,125,-3,3
49810,122,123,-1,1
49811,104,92,12,12
49812,100,109,-9,9
49813,83,75,8,8
49814,50,57,-7,7
49815,93,92,1,1
49816,91,87,4,4
49817,78,78,0,0
49818,121,113,8,8
49819,90,89,1,1
49820,53,57,-4,4
49821,112,109,3,3
49822,82,82,0,0
49823,167,160,7,7
49824,97,91,6,6
49825,63,60,3,3
49826,112,115,-3,3
49827,102,85,17,17
49828,78,83,-5,5
49829,124,123,1,1
49830,60,59,1,1
49831,59,53,6,6
49832,55,63,-8,8
49833,154,148,6,6
49834,86,87,-1,1
49835,102,94,8,8
49836,70,75,-5,5
49837,47,50,-3,3
49838,79,64,15,15
49839,62,60,2,2
49840,114,132,-18,18
49841,117,109,8,8
49842,60,60,0,0
49843,86,76,10,10
49844,152,151,1,1
49845,168,168,0,0
49846,124,132,-8,8
49847,60,57,3,3
49848,125,113,12,12
49849,62,68,-6,6
49850,88,94,-6,6
49851,66,66,0,0
49852,175,159,16,16
49853,88,89,-1,1
49854,45,55,-10,10
49855,74,72,2,2
49856,135,133,2,2
49857,106,103,3,3
49858,130,114,16,16
49859,79,85,-6,6
49860,81,80,1,1
49861,65,75,-10,10
49862,107,93,14,14
49863,97,90,7,7
49864,76,88,-12,12
49865,116,106,10,10
49866,59,60,-1,1
49867,54,64,-10,10
49868,98,95,3,3
49869,128,147,-19,19
49870,106,108,-2,2
49871,78,78,0,0
49872,131,132,-1,1
49873,69,68,1,1
49874,153,158,-5,5
49875,71,73,-2,2
49876,67,67,0,0
49877,107,108,-1,1
49878,75,100,-25,25
49879,87,89,-2,2
49880,94,82,12,12
49881,90,97,-7,7
49882,74,80,-6,6
49883,135,133,2,2
49884,134,129,5,5
49885,151,139,12,12
49886,92,98,-6,6
49887,92,99,-7,7
49888,80,89,-9,9
49889,91,95,-4,4
49890,89,92,-3,3
49891,86,82,4,4
49892,76,74,2,2
49893,107,109,-2,2
49894,140,109,31,31
49895,85,106,-21,21
49896,85,83,2,2
49897,69,67,2,2
49898,96,93,3,3
49899,62,58,4,4
49900,79,72,7,7
49901,138,118,20,20
49902,115,107,8,8
49903,106,100,6,6
49904,93,89,4,4
49905,122,120,2,2
49906,106,95,11,11
49907,90,88,2,2
49908,88,77,11,11
49909,72,71,1,1
49910,84,94,-10,10
49911,138,139,-1,1
49912,92,97,-5,5
49913,95,95,0,0
49914,86,81,5,5
49915,73,69,4,4
49916,70,82,-12,12
49917,61,62,-1,1
49918,161,150,11,11
49919,89,83,6,6
49920,130,128,2,2
49921,99,74,25,25
49922,79,79,0,0
49923,47,51,-4,4
49924,75,86,-11,11
49925,69,68,1,1
49926,78,81,-3,3
49927,45,44,1,1
49928,67,77,-10,10
49929,99,109,-10,10
49930,92,101,-9,9
49931,116,114,2,2
49932,132,120,12,12
49933,88,97,-9,9
49934,94,96,-2,2
49935,112,121,-9,9
49936,40,52,-12,12
49937,58,59,-1,1
49938,88,78,10,10
49939,85,85,0,0
49940,86,49,37,37
49941,145,143,2,2
49942,105,98,7,7
49943,99,95,4,4
49944,62,62,0,0
49945,95,95,0,0
49946,90,79,11,11
49947,57,51,6,6
49948,104,100,4,4
49949,70,72,-2,2
49950,103,89,14,14
49951,102,92,10,10
49952,56,60,-4,4
49953,67,66,1,1
49954,65,68,-3,3
49955,65,73,-8,8
49956,100,126,-26,26
49957,77,86,-9,9
49958,140,123,17,17
49959,86,74,12,12
49960,123,121,2,2
49961,33,76,-43,43
49962,102,100,2,2
49963,116,114,2,2
49964,63,68,-5,5
49965,79,81,-2,2
49966,160,149,11,11
49967,60,60,0,0
49968,65,60,5,5
49969,84,86,-2,2
49970,67,67,0,0
49971,90,91,-1,1
49972,70,81,-11,11
49973,68,72,-4,4
49974,104,119,-15,15
49975,87,88,-1,1
49976,124,111,13,13
49977,128,127,1,1
49978,166,163,3,3
49979,72,77,-5,5
49980,54,54,0,0
49981,111,100,11,11
49982,93,87,6,6
49983,107,103,4,4
49984,137,135,2,2
49985,89,84,5,5
49986,68,59,9,9
49987,52,53,-1,1
49988,75,85,-10,10
49989,79,77,2,2
49990,48,55,-7,7
49991,75,72,3,3
49992,85,79,6,6
49993,78,80,-2,2
49994,101,94,7,7
49995,173,153,20,20
49996,90,85,5,5
49997,55,53,2,2
49998,98,108,-10,10
49999,131,114,17,17
50000,149,137,12,12
50001,90,88,2,2
50002,51,53,-2,2
50003,68,70,-2,2
50004,111,101,10,10
50005,77,83,-6,6
50006,150,141,9,9
50007,123,121,2,2
50008,42,52,-10,10
50009,111,110,1,1
50010,73,74,-1,1
50011,77,80,-3,3
50012,74,95,-21,21
50013,145,126,19,19
50014,77,68,9,9
50015,102,106,-4,4
50016,79,80,-1,1
50017,65,64,1,1
50018,64,64,0,0
50019,54,48,6,6
50020,127,119,8,8
50021,126,134,-8,8
50022,83,85,-2,2
50023,108,96,12,12
50024,103,99,4,4
50025,132,135,-3,3
50026,141,128,13,13
50027,132,131,1,1
50028,71,71,0,0
50029,111,110,1,1
50030,133,123,10,10
50031,102,101,1,1
50032,57,61,-4,4
50033,92,108,-16,16
50034,120,110,10,10
50035,85,79,6,6
50036,86,89,-3,3
50037,79,72,7,7
50038,69,78,-9,9
50039,63,52,11,11
50040,118,124,-6,6
50041,132,123,9,9
50042,72,73,-1,1
50043,98,111,-13,13
50044,110,112,-2,2
50045,105,111,-6,6
50046,67,68,-1,1
50047,92,93,-1,1
50048,118,133,-15,15
50049,134,118,16,16
50050,70,68,2,2
50051,129,121,8,8
50052,67,63,4,4
50053,36,43,-7,7
50054,137,144,-7,7
50055,40,53,-13,13
50056,89,89,0,0
50057,89,85,4,4
50058,83,83,0,0
50059,70,89,-19,19
50060,125,125,0,0
50061,113,110,3,3
50062,64,66,-2,2
50063,101,94,7,7
50064,92,90,2,2
50065,118,115,3,3
50066,70,72,-2,2
50067,87,119,-32,32
50068,112,109,3,3
50069,195,194,1,1
50070,122,123,-1,1
50071,59,57,2,2
50072,155,145,10,10
50073,131,125,6,6
50074,143,122,21,21
50075,117,109,8,8
50076,120,117,3,3
50077,113,109,4,4
50078,102,97,5,5
50079,131,121,10,10
50080,105,96,9,9
50081,87,87,0,0
50082,66,64,2,2
50083,122,138,-16,16
50084,116,103,13,13
50085,104,103,1,1
50086,51,57,-6,6
50087,90,93,-3,3
50088,87,87,0,0
50089,93,103,-10,10
50090,61,69,-8,8
50091,106,111,-5,5
50092,47,55,-8,8
50093,80,76,4,4
50094,74,73,1,1
50095,50,54,-4,4
50096,167,163,4,4
50097,56,56,0,0
50098,110,122,-12,12
50099,160,124,36,36
50100,105,112,-7,7
50101,63,62,1,1
50102,97,97,0,0
50103,98,96,2,2
50104,108,110,-2,2
50105,105,109,-4,4
50106,119,111,8,8
50107,144,135,9,9
50108,65,62,3,3
50109,112,107,5,5
50110,113,108,5,5
50111,98,109,-11,11
50112,83,77,6,6
50113,170,163,7,7
50114,88,91,-3,3
50115,109,99,10,10
50116,92,88,4,4
50117,121,124,-3,3
50118,58,52,6,6
50119,96,127,-31,31
50120,108,102,6,6
50121,150,148,2,2
50122,78,76,2,2
50123,43,45,-2,2
50124,49,58,-9,9
50125,173,155,18,18
50126,100,98,2,2
50127,104,99,5,5
50128,76,90,-14,14
50129,108,103,5,5
50130,148,140,8,8
50131,74,76,-2,2
50132,72,64,8,8
50133,78,70,8,8
50134,108,111,-3,3
50135,92,97,-5,5
50136,94,99,-5,5
50137,104,104,0,0
50138,102,110,-8,8
50139,70,69,1,1
50140,88,84,4,4
50141,104,109,-5,5
50142,115,95,20,20
50143,87,76,11,11
50144,110,112,-2,2
50145,70,78,-8,8
50146,78,80,-2,2
50147,80,85,-5,5
50148,56,57,-1,1
50149,125,121,4,4
50150,79,75,4,4
50151,90,80,10,10
50152,134,133,1,1
50153,123,123,0,0
50154,116,102,14,14
50155,79,81,-2,2
50156,100,116,-16,16
50157,55,61,-6,6
50158,86,83,3,3
50159,125,127,-2,2
50160,68,69,-1,1
50161,73,77,-4,4
50162,103,95,8,8
50163,172,173,-1,1
50164,18,26,-8,8
50165,80,79,1,1
50166,64,62,2,2
50167,90,87,3,3
50168,100,102,-2,2
50169,52,61,-9,9
50170,199,178,21,21
50171,90,93,-3,3
50172,80,95,-15,15
50173,138,143,-5,5
50174,64,70,-6,6
50175,101,97,4,4
50176,116,135,-19,19
50177,134,116,18,18
50178,113,107,6,6
50179,84,83,1,1
50180,55,68,-13,13
50181,194,181,13,13
50182,81,85,-4,4
50183,100,94,6,6
50184,97,98,-1,1
50185,64,64,0,0
50186,55,58,-3,3
50187,68,74,-6,6
50188,103,109,-6,6
50189,102,90,12,12
50190,68,65,3,3
50191,95,91,4,4
50192,74,74,0,0
50193,77,56,21,21
50194,97,103,-6,6
50195,77,67,10,10
50196,124,121,3,3
50197,62,66,-4,4
50198,78,82,-4,4
50199,149,142,7,7
50200,53,61,-8,8
50201,80,85,-5,5
50202,82,90,-8,8
50203,69,70,-1,1
50204,80,90,-10,10
50205,45,47,-2,2
50206,66,70,-4,4
50207,46,53,-7,7
50208,82,87,-5,5
50209,45,47,-2,2
50210,105,100,5,5
50211,109,98,11,11
50212,89,91,-2,2
50213,69,67,2,2
50214,132,110,22,22
50215,106,109,-3,3
50216,132,127,5,5
50217,141,137,4,4
50218,282,259,23,23
50219,151,164,-13,13
50220,93,87,6,6
50221,129,132,-3,3
50222,82,93,-11,11
50223,72,73,-1,1
50224,86,83,3,3
50225,42,40,2,2
50226,85,78,7,7
50227,105,94,11,11
50228,110,109,1,1
50229,50,56,-6,6
50230,88,98,-10,10
50231,98,88,10,10
50232,85,79,6,6
50233,122,125,-3,3
50234,122,146,-24,24
50235,124,118,6,6
50236,77,77,0,0
50237,117,116,1,1
50238,98,115,-17,17
50239,90,86,4,4
50240,129,121,8,8
50241,88,95,-7,7
50242,73,75,-2,2
50243,77,78,-1,1
50244,139,147,-8,8
50245,96,90,6,6
50246,102,95,7,7
50247,87,89,-2,2
50248,70,69,1,1
50249,159,155,4,4
50250,60,62,-2,2
50251,69,66,3,3
50252,113,114,-1,1
50253,156,147,9,9
50254,118,110,8,8
50255,53,55,-2,2
50256,104,112,-8,8
50257,83,77,6,6
50258,67,58,9,9
50259,95,109,-14,14
50260,103,99,4,4
50261,132,149,-17,17
50262,115,109,6,6
50263,89,90,-1,1
50264,107,96,11,11
50265,99,105,-6,6
50266,97,97,0,0
50267,54,58,-4,4
50268,101,100,1,1
50269,97,88,9,9
50270,81,88,-7,7
50271,150,161,-11,11
50272,76,103,-27,27
50273,87,94,-7,7
50274,101,119,-18,18
50275,51,53,-2,2
50276,99,97,2,2
50277,76,77,-1,1
50278,170,158,12,12
50279,129,113,16,16
50280,73,77,-4,4
50281,172,176,-4,4
50282,142,139,3,3
50283,104,108,-4,4
50284,125,118,7,7
50285,51,56,-5,5
50286,127,129,-2,2
50287,150,139,11,11
50288,71,77,-6,6
50289,129,137,-8,8
50290,92,99,-7,7
50291,83,82,1,1
50292,82,86,-4,4
50293,143,150,-7,7
50294,105,103,2,2
50295,60,60,0,0
50296,79,85,-6,6
50297,26,33,-7,7
50298,131,117,14,14
50299,90,84,6,6
50300,72,74,-2,2
50301,62,67,-5,5
50302,76,74,2,2
50303,138,139,-1,1
50304,81,90,-9,9
50305,108,100,8,8
50306,88,93,-5,5
50307,115,118,-3,3
50308,123,119,4,4
50309,89,95,-6,6
50310,123,123,0,0
50311,104,97,7,7
50312,67,65,2,2
50313,82,91,-9,9
50314,68,61,7,7
50315,72,70,2,2
50316,92,92,0,0
50317,60,62,-2,2
50318,76,91,-15,15
50319,91,93,-2,2
50320,95,84,11,11
50321,101,104,-3,3
50322,96,100,-4,4
50323,122,117,5,5
50324,139,136,3,3
50325,141,118,23,23
50326,89,80,9,9
50327,103,114,-11,11
50328,51,58,-7,7
50329,75,86,-11,11
50330,107,124,-17,17
50331,64,66,-2,2
50332,54,55,-1,1
50333,90,84,6,6
50334,75,80,-5,5
50335,136,131,5,5
50336,99,110,-11,11
50337,128,139,-11,11
50338,125,106,19,19
50339,131,121,10,10
50340,61,56,5,5
50341,60,58,2,2
50342,70,83,-13,13
50343,136,143,-7,7
50344,91,81,10,10
50345,74,69,5,5
50346,63,71,-8,8
50347,113,108,5,5
50348,78,66,12,12
50349,208,183,25,25
50350,153,146,7,7
50351,154,156,-2,2
50352,92,93,-1,1
50353,61,63,-2,2
50354,88,95,-7,7
50355,53,63,-10,10
50356,60,58,2,2
50357,101,96,5,5
50358,108,110,-2,2
50359,70,67,3,3
50360,73,67,6,6
50361,86,90,-4,4
50362,63,63,0,0
50363,105,110,-5,5
50364,72,63,9,9
50365,145,135,10,10
50366,71,73,-2,2
50367,148,132,16,16
50368,68,74,-6,6
50369,158,146,12,12
50370,176,168,8,8
50371,98,81,17,17
50372,151,142,9,9
50373,72,92,-20,20
50374,48,54,-6,6
50375,77,72,5,5
50376,65,61,4,4
50377,107,111,-4,4
50378,93,86,7,7
50379,103,111,-8,8
50380,95,94,1,1
50381,45,51,-6,6
50382,148,143,5,5
50383,130,126,4,4
50384,123,120,3,3
50385,91,93,-2,2
50386,127,154,-27,27
50387,66,76,-10,10
50388,71,72,-1,1
50389,133,130,3,3
50390,111,119,-8,8
50391,92,100,-8,8
50392,72,71,1,1
50393,70,69,1,1
50394,158,152,6,6
50395,56,55,1,1
50396,63,69,-6,6
50397,73,72,1,1
50398,170,153,17,17
50399,118,120,-2,2
50400,83,88,-5,5
50401,59,65,-6,6
50402,95,81,14,14
50403,79,63,16,16
50404,79,76,3,3
50405,103,120,-17,17
50406,127,125,2,2
50407,93,98,-5,5
50408,82,81,1,1
50409,48,50,-2,2
50410,90,89,1,1
50411,76,67,9,9
50412,91,95,-4,4
50413,43,48,-5,5
50414,66,70,-4,4
50415,55,62,-7,7
50416,93,92,1,1
50417,102,105,-3,3
50418,56,58,-2,2
50419,91,88,3,3
50420,126,130,-4,4
50421,78,86,-8,8
50422,81,79,2,2
50423,103,101,2,2
50424,114,110,4,4
50425,103,102,1,1
50426,137,139,-2,2
50427,111,110,1,1
50428,71,73,-2,2
50429,99,88,11,11
50430,118,113,5,5
50431,145,138,7,7
50432,83,78,5,5
50433,59,53,6,6
50434,79,83,-4,4
50435,60,59,1,1
50436,59,56,3,3
50437,109,115,-6,6
50438,74,80,-6,6
50439,125,135,-10,10
50440,112,98,14,14
50441,74,72,2,2
50442,149,143,6,6
50443,79,86,-7,7
50444,76,74,2,2
50445,124,118,6,6
50446,62,66,-4,4
50447,59,70,-11,11
50448,190,173,17,17
50449,62,80,-18,18
50450,105,116,-11,11
50451,97,82,15,15
50452,128,125,3,3
50453,113,113,0,0
50454,98,89,9,9
50455,37,47,-10,10
50456,136,137,-1,1
50457,79,93,-14,14
50458,47,58,-11,11
50459,98,87,11,11
50460,101,103,-2,2
50461,87,82,5,5
50462,49,58,-9,9
50463,88,74,14,14
50464,92,89,3,3
50465,128,126,2,2
50466,111,110,1,1
50467,106,101,5,5
50468,57,64,-7,7
50469,95,107,-12,12
50470,60,61,-1,1
50471,131,119,12,12
50472,88,81,7,7
50473,83,89,-6,6
50474,109,110,-1,1
50475,114,116,-2,2
50476,84,89,-5,5
50477,85,87,-2,2
50478,86,87,-1,1
50479,76,78,-2,2
50480,112,99,13,13
50481,106,112,-6,6
50482,56,59,-3,3
50483,120,125,-5,5
50484,53,59,-6,6
50485,32,49,-17,17
50486,184,185,-1,1
50487,82,73,9,9
50488,66,63,3,3
50489,67,79,-12,12
50490,123,125,-2,2
50491,123,120,3,3
50492,146,130,16,16
50493,74,75,-1,1
50494,113,108,5,5
50495,102,103,-1,1
50496,143,134,9,9
50497,88,83,5,5
50498,136,132,4,4
50499,149,157,-8,8
50500,165,165,0,0
50501,59,61,-2,2
50502,87,85,2,2
50503,85,78,7,7
50504,54,63,-9,9
50505,48,50,-2,2
50506,73,67,6,6
50507,74,71,3,3
50508,125,135,-10,10
50509,71,66,5,5
50510,36,41,-5,5
50511,127,114,13,13
50512,71,71,0,0
50513,92,91,1,1
50514,55,58,-3,3
50515,62,57,5,5
50516,76,68,8,8
50517,64,64,0,0
50518,129,128,1,1
50519,147,141,6,6
50520,69,70,-1,1
50521,76,70,6,6
50522,86,86,0,0
50523,66,57,9,9
50524,76,72,4,4
50525,74,80,-6,6
50526,54,56,-2,2
50527,109,114,-5,5
50528,141,135,6,6
50529,55,61,-6,6
50530,121,108,13,13
50531,79,82,-3,3
50532,80,77,3,3
50533,156,155,1,1
50534,44,43,1,1
50535,114,102,12,12
50536,105,101,4,4
50537,73,76,-3,3
50538,84,82,2,2
50539,176,167,9,9
50540,62,60,2,2
50541,121,117,4,4
50542,114,120,-6,6
50543,87,92,-5,5
50544,77,83,-6,6
50545,64,63,1,1
50546,165,153,12,12
50547,139,151,-12,12
50548,121,119,2,2
50549,97,92,5,5
50550,193,167,26,26
50551,125,132,-7,7
50552,76,87,-11,11
50553,54,49,5,5
50554,134,141,-7,7
50555,72,74,-2,2
50556,96,91,5,5
50557,37,37,0,0
50558,125,118,7,7
50559,87,79,8,8
50560,33,40,-7,7
50561,71,72,-1,1
50562,53,54,-1,1
50563,59,59,0,0
50564,110,101,9,9
50565,82,86,-4,4
50566,110,110,0,0
50567,64,61,3,3
50568,65,66,-1,1
50569,134,125,9,9
50570,58,61,-3,3
50571,90,97,-7,7
50572,79,83,-4,4
50573,66,82,-16,16
50574,88,99,-11,11
50575,89,121,-32,32
50576,124,123,1,1
50577,111,110,1,1
50578,144,133,11,11
50579,131,133,-2,2
50580,133,129,4,4
50581,104,104,0,0
50582,63,67,-4,4
50583,72,68,4,4
50584,76,72,4,4
50585,59,55,4,4
50586,110,101,9,9
50587,69,65,4,4
50588,112,111,1,1
50589,41,55,-14,14
50590,135,131,4,4
50591,101,121,-20,20
50592,86,83,3,3
50593,116,128,-12,12
50594,88,87,1,1
50595,74,87,-13,13
50596,41,50,-9,9
50597,91,98,-7,7
50598,164,155,9,9
50599,58,54,4,4
50600,203,193,10,10
50601,84,91,-7,7
50602,91,73,18,18
50603,98,108,-10,10
50604,123,128,-5,5
50605,63,55,8,8
50606,88,79,9,9
50607,92,101,-9,9
50608,117,114,3,3
50609,72,65,7,7
50610,69,68,1,1
50611,77,78,-1,1
50612,77,74,3,3
50613,73,67,6,6
50614,94,93,1,1
50615,118,114,4,4
50616,98,95,3,3
50617,82,82,0,0
50618,137,127,10,10
50619,84,96,-12,12
50620,113,111,2,2
50621,145,130,15,15
50622,67,69,-2,2
50623,101,108,-7,7
50624,37,53,-16,16
50625,49,58,-9,9
50626,63,64,-1,1
50627,76,78,-2,2
50628,216,186,30,30
50629,138,145,-7,7
50630,96,97,-1,1
50631,76,85,-9,9
50632,66,66,0,0
50633,55,51,4,4
50634,92,90,2,2
50635,83,94,-11,11
50636,107,122,-15,15
50637,124,115,9,9
50638,78,75,3,3
50639,149,152,-3,3
50640,154,148,6,6
50641,67,66,1,1
50642,82,84,-2,2
50643,99,106,-7,7
50644,107,113,-6,6
50645,156,151,5,5
50646,174,194,-20,20
50647,103,99,4,4
50648,116,116,0,0
50649,44,40,4,4
50650,108,111,-3,3
50651,94,109,-15,15
50652,63,70,-7,7
50653,95,92,3,3
50654,57,59,-2,2
50655,72,71,1,1
50656,72,72,0,0
50657,101,108,-7,7
50658,94,121,-27,27
50659,86,74,12,12
50660,157,148,9,9
50661,56,57,-1,1
50662,77,83,-6,6
50663,76,88,-12,12
50664,164,163,1,1
50665,68,76,-8,8
50666,65,73,-8,8
50667,124,125,-1,1
50668,62,61,1,1
50669,138,130,8,8
50670,146,143,3,3
50671,135,154,-19,19
50672,124,114,10,10
50673,105,102,3,3
50674,71,67,4,4
50675,84,83,1,1
50676,84,74,10,10
50677,70,69,1,1
50678,112,104,8,8
50679,127,137,-10,10
50680,51,127,-76,76
50681,104,108,-4,4
50682,96,109,-13,13
50683,97,86,11,11
50684,72,75,-3,3
50685,117,114,3,3
50686,115,130,-15,15
50687,76,79,-3,3
50688,98,100,-2,2
50689,70,76,-6,6
50690,97,100,-3,3
50691,131,145,-14,14
50692,50,53,-3,3
50693,68,67,1,1
50694,64,65,-1,1
50695,103,109,-6,6
50696,48,50,-2,2
50697,106,101,5,5
50698,80,81,-1,1
50699,131,135,-4,4
50700,59,63,-4,4
50701,196,186,10,10
50702,143,151,-8,8
50703,74,69,5,5
50704,69,76,-7,7
50705,70,72,-2,2
50706,114,103,11,11
50707,70,67,3,3
50708,42,49,-7,7
50709,112,125,-13,13
50710,79,72,7,7
50711,159,158,1,1
50712,121,104,17,17
50713,69,74,-5,5
50714,93,84,9,9
50715,90,90,0,0
50716,91,97,-6,6
50717,65,69,-4,4
50718,136,143,-7,7
50719,65,67,-2,2
50720,51,59,-8,8
50721,131,123,8,8
50722,81,82,-1,1
50723,60,121,-61,61
50724,99,92,7,7
50725,37,72,-35,35
50726,131,118,13,13
50727,164,144,20,20
50728,63,67,-4,4
50729,208,188,20,20
50730,40,53,-13,13
50731,94,102,-8,8
50732,114,113,1,1
50733,72,77,-5,5
50734,83,79,4,4
50735,65,72,-7,7
50736,124,129,-5,5
50737,45,50,-5,5
50738,78,77,1,1
50739,139,131,8,8
50740,63,64,-1,1
50741,88,94,-6,6
50742,81,81,0,0
50743,79,65,14,14
50744,106,109,-3,3
50745,129,121,8,8
50746,107,114,-7,7
50747,67,78,-11,11
50748,119,119,0,0
50749,96,100,-4,4
50750,96,85,11,11
50751,64,70,-6,6
50752,110,103,7,7
50753,122,127,-5,5
50754,159,159,0,0
50755,84,88,-4,4
50756,78,76,2,2
50757,186,186,0,0
50758,77,74,3,3
50759,95,88,7,7
50760,78,78,0,0
50761,84,105,-21,21
50762,115,111,4,4
50763,104,109,-5,5
50764,84,78,6,6
50765,94,88,6,6
50766,103,98,5,5
50767,120,118,2,2
50768,80,83,-3,3
50769,63,55,8,8
50770,113,123,-10,10
50771,82,92,-10,10
50772,111,112,-1,1
50773,103,109,-6,6
50774,122,120,2,2
50775,81,82,-1,1
50776,141,142,-1,1
50777,122,121,1,1
50778,136,134,2,2
50779,67,71,-4,4
50780,91,104,-13,13
50781,86,88,-2,2
50782,97,90,7,7
50783,42,63,-21,21
50784,63,68,-5,5
50785,118,116,2,2
50786,81,93,-12,12
50787,62,57,5,5
50788,55,57,-2,2
50789,89,92,-3,3
50790,71,73,-2,2
50791,57,61,-4,4
50792,83,86,-3,3
50793,153,144,9,9
50794,106,99,7,7
50795,122,112,10,10
50796,76,74,2,2
50797,90,94,-4,4
50798,70,82,-12,12
50799,33,36,-3,3
50800,83,79,4,4
50801,50,56,-6,6
50802,118,115,3,3
50803,115,112,3,3
50804,45,51,-6,6
50805,58,56,2,2
50806,38,45,-7,7
50807,97,108,-11,11
50808,39,51,-12,12
50809,28,35,-7,7
50810,117,118,-1,1
50811,115,107,8,8
50812,121,118,3,3
50813,105,112,-7,7
50814,88,85,3,3
50815,64,74,-10,10
50816,85,85,0,0
50817,103,89,14,14
50818,76,76,0,0
50819,60,65,-5,5
50820,73,71,2,2
50821,70,63,7,7
50822,54,57,-3,3
50823,83,92,-9,9
50824,77,76,1,1
50825,58,55,3,3
50826,105,95,10,10
50827,145,143,2,2
50828,119,102,17,17
50829,100,96,4,4
50830,84,86,-2,2
50831,88,78,10,10
50832,90,85,5,5
50833,65,73,-8,8
50834,131,129,2,2
50835,76,90,-14,14
50836,166,170,-4,4
50837,52,50,2,2
50838,156,157,-1,1
50839,139,153,-14,14
50840,80,78,2,2
50841,73,77,-4,4
50842,94,93,1,1
50843,83,84,-1,1
50844,108,98,10,10
50845,71,72,-1,1
50846,98,110,-12,12
50847,94,94,0,0
50848,99,95,4,4
50849,29,38,-9,9
50850,85,80,5,5
50851,92,92,0,0
50852,96,98,-2,2
50853,107,102,5,5
50854,31,53,-22,22
50855,80,71,9,9
50856,86,85,1,1
50857,147,143,4,4
50858,113,116,-3,3
50859,58,59,-1,1
50860,69,75,-6,6
50861,81,84,-3,3
50862,105,110,-5,5
50863,146,131,15,15
50864,126,122,4,4
50865,72,72,0,0
50866,110,108,2,2
50867,140,142,-2,2
50868,93,86,7,7
50869,88,88,0,0
50870,84,97,-13,13
50871,57,57,0,0
50872,78,74,4,4
50873,76,75,1,1
50874,143,127,16,16
50875,108,141,-33,33
50876,45,57,-12,12
50877,87,91,-4,4
50878,77,81,-4,4
50879,96,116,-20,20
50880,84,81,3,3
50881,60,64,-4,4
50882,74,80,-6,6
50883,83,80,3,3
50884,69,66,3,3
50885,58,51,7,7
50886,73,72,1,1
50887,81,87,-6,6
50888,106,104,2,2
50889,140,153,-13,13
50890,75,80,-5,5
50891,102,102,0,0
50892,137,123,14,14
50893,63,95,-32,32
50894,80,78,2,2
50895,65,67,-2,2
50896,151,143,8,8
50897,138,141,-3,3
50898,104,94,10,10
50899,142,135,7,7
50900,77,87,-10,10
50901,102,110,-8,8
50902,83,83,0,0
50903,74,82,-8,8
50904,113,112,1,1
50905,115,113,2,2
50906,86,94,-8,8
50907,66,62,4,4
50908,123,118,5,5
50909,173,168,5,5
50910,138,145,-7,7
50911,121,119,2,2
50912,187,185,2,2
50913,103,95,8,8
50914,93,148,-55,55
50915,134,129,5,5
50916,84,78,6,6
50917,140,134,6,6
50918,139,126,13,13
50919,112,119,-7,7
50920,81,80,1,1
50921,48,47,1,1
50922,111,108,3,3
50923,133,126,7,7
50924,158,151,7,7
50925,47,54,-7,7
50926,115,123,-8,8
50927,59,65,-6,6
50928,136,131,5,5
50929,86,89,-3,3
50930,89,97,-8,8
50931,104,109,-5,5
50932,88,88,0,0
50933,68,70,-2,2
50934,105,96,9,9
50935,122,115,7,7
50936,93,88,5,5
50937,172,164,8,8
50938,77,87,-10,10
50939,141,134,7,7
50940,106,111,-5,5
50941,102,110,-8,8
50942,136,128,8,8
50943,83,76,7,7
50944,60,68,-8,8
50945,90,102,-12,12
50946,69,69,0,0
50947,96,95,1,1
50948,101,100,1,1
50949,90,78,12,12
50950,95,102,-7,7
50951,80,91,-11,11
50952,91,93,-2,2
50953,125,116,9,9
50954,85,80,5,5
50955,129,130,-1,1
50956,117,121,-4,4
50957,77,77,0,0
50958,82,90,-8,8
50959,135,126,9,9
50960,120,118,2,2
50961,89,80,9,9
50962,161,160,1,1
50963,70,72,-2,2
50964,60,66,-6,6
50965,172,163,9,9
50966,136,129,7,7
50967,86,80,6,6
50968,106,112,-6,6
50969,107,113,-6,6
50970,98,101,-3,3
50971,120,143,-23,23
50972,158,156,2,2
50973,61,62,-1,1
50974,101,95,6,6
50975,94,96,-2,2
50976,60,68,-8,8
50977,68,70,-2,2
50978,99,84,15,15
50979,56,55,1,1
50980,110,95,15,15
50981,102,105,-3,3
50982,83,88,-5,5
50983,92,92,0,0
50984,77,70,7,7
50985,125,139,-14,14
50986,79,70,9,9
50987,67,63,4,4
50988,113,113,0,0
50989,122,125,-3,3
50990,131,131,0,0
50991,104,100,4,4
50992,89,109,-20,20
50993,92,93,-1,1
50994,217,152,65,65
50995,45,48,-3,3
50996,69,80,-11,11
50997,112,118,-6,6
50998,146,123,23,23
50999,95,98,-3,3
51000,91,93,-2,2
51001,70,74,-4,4
51002,75,85,-10,10
51003,95,97,-2,2
51004,112,99,13,13
51005,58,61,-3,3
51006,54,56,-2,2
51007,94,96,-2,2
51008,108,107,1,1
51009,89,90,-1,1
51010,90,89,1,1
51011,129,126,3,3
51012,105,99,6,6
51013,94,93,1,1
51014,132,153,-21,21
51015,95,88,7,7
51016,68,59,9,9
51017,97,90,7,7
51018,128,121,7,7
51019,116,122,-6,6
51020,93,92,1,1
51021,89,80,9,9
51022,176,180,-4,4
51023,172,177,-5,5
51024,54,54,0,0
51025,60,64,-4,4
51026,39,45,-6,6
51027,96,84,12,12
51028,60,76,-16,16
51029,52,50,2,2
51030,105,100,5,5
51031,137,135,2,2
51032,151,137,14,14
51033,108,120,-12,12
51034,100,99,1,1
51035,68,67,1,1
51036,99,107,-8,8
51037,100,100,0,0
51038,112,109,3,3
51039,78,68,10,10
51040,110,111,-1,1
51041,70,64,6,6
51042,122,117,5,5
51043,72,81,-9,9
51044,191,173,18,18
51045,106,109,-3,3
51046,102,103,-1,1
51047,130,117,13,13
51048,83,83,0,0
51049,70,73,-3,3
51050,93,99,-6,6
51051,98,90,8,8
51052,72,71,1,1
51053,121,112,9,9
51054,157,150,7,7
51055,72,78,-6,6
51056,88,90,-2,2
51057,109,110,-1,1
51058,129,120,9,9
51059,185,172,13,13
51060,82,91,-9,9
51061,45,44,1,1
51062,47,49,-2,2
51063,75,82,-7,7
51064,107,96,11,11
51065,73,77,-4,4
51066,90,89,1,1
51067,69,77,-8,8
51068,100,112,-12,12
51069,87,80,7,7
51070,56,54,2,2
51071,83,77,6,6
51072,140,141,-1,1
51073,64,56,8,8
51074,97,90,7,7
51075,86,87,-1,1
51076,129,119,10,10
51077,119,113,6,6
51078,85,84,1,1
51079,109,102,7,7
51080,92,94,-2,2
51081,152,132,20,20
51082,74,80,-6,6
51083,147,195,-48,48
51084,117,119,-2,2
51085,85,91,-6,6
51086,115,126,-11,11
51087,96,93,3,3
51088,109,112,-3,3
51089,70,72,-2,2
51090,107,102,5,5
51091,71,84,-13,13
51092,80,83,-3,3
51093,117,112,5,5
51094,149,151,-2,2
51095,74,73,1,1
51096,100,95,5,5
51097,131,136,-5,5
51098,100,99,1,1
51099,72,73,-1,1
51100,92,109,-17,17
51101,68,68,0,0
51102,71,75,-4,4
51103,60,57,3,3
51104,74,76,-2,2
51105,114,111,3,3
51106,44,48,-4,4
51107,104,116,-12,12
51108,143,141,2,2
51109,159,150,9,9
51110,76,76,0,0
51111,93,94,-1,1
51112,91,90,1,1
51113,91,94,-3,3
51114,188,171,17,17
51115,85,84,1,1
51116,58,52,6,6
51117,115,112,3,3
51118,51,59,-8,8
51119,49,52,-3,3
51120,108,113,-5,5
51121,92,95,-3,3
51122,102,106,-4,4
51123,113,112,1,1
51124,100,98,2,2
51125,80,75,5,5
51126,109,119,-10,10
51127,72,74,-2,2
51128,91,93,-2,2
51129,93,91,2,2
51130,44,45,-1,1
51131,104,113,-9,9
51132,50,65,-15,15
51133,76,76,0,0
51134,53,52,1,1
51135,119,115,4,4
51136,105,96,9,9
51137,110,126,-16,16
51138,148,149,-1,1
51139,105,94,11,11
51140,139,131,8,8
51141,97,87,10,10
51142,113,98,15,15
51143,85,83,2,2
51144,113,109,4,4
51145,60,59,1,1
51146,66,58,8,8
51147,115,113,2,2
51148,30,42,-12,12
51149,76,72,4,4
51150,73,79,-6,6
51151,72,79,-7,7
51152,141,134,7,7
51153,58,69,-11,11
51154,101,99,2,2
51155,80,77,3,3
51156,76,78,-2,2
51157,118,122,-4,4
51158,97,97,0,0
51159,96,110,-14,14
51160,40,45,-5,5
51161,157,147,10,10
51162,125,118,7,7
51163,99,92,7,7
51164,66,67,-1,1
51165,117,115,2,2
51166,94,100,-6,6
51167,54,59,-5,5
51168,62,61,1,1
51169,74,75,-1,1
51170,166,156,10,10
51171,142,145,-3,3
51172,81,93,-12,12
51173,110,120,-10,10
51174,114,109,5,5
51175,96,94,2,2
51176,54,56,-2,2
51177,97,99,-2,2
51178,86,101,-15,15
51179,67,72,-5,5
51180,65,66,-1,1
51181,89,92,-3,3
51182,86,92,-6,6
51183,71,76,-5,5
51184,146,145,1,1
51185,81,70,11,11
51186,108,108,0,0
51187,116,116,0,0
51188,90,99,-9,9
51189,108,100,8,8
51190,127,121,6,6
51191,60,61,-1,1
51192,66,59,7,7
51193,180,171,9,9
51194,52,51,1,1
51195,93,91,2,2
51196,127,126,1,1
51197,96,87,9,9
51198,110,94,16,16
51199,102,110,-8,8
51200,110,112,-2,2
51201,72,65,7,7
51202,161,152,9,9
51203,89,79,10,10
51204,78,77,1,1
51205,77,84,-7,7
51206,80,76,4,4
51207,78,78,0,0
51208,135,119,16,16
51209,88,80,8,8
51210,102,86,16,16
51211,73,76,-3,3
51212,101,98,3,3
51213,84,81,3,3
51214,87,85,2,2
51215,79,90,-11,11
51216,84,88,-4,4
51217,140,141,-1,1
51218,106,113,-7,7
51219,75,67,8,8
51220,94,90,4,4
51221,79,84,-5,5
51222,93,93,0,0
51223,155,155,0,0
51224,97,101,-4,4
51225,109,123,-14,14
51226,115,107,8,8
51227,126,120,6,6
51228,90,91,-1,1
51229,72,79,-7,7
51230,63,59,4,4
51231,105,107,-2,2
51232,68,68,0,0
51233,143,136,7,7
51234,116,117,-1,1
51235,121,128,-7,7
51236,130,112,18,18
51237,75,74,1,1
51238,70,78,-8,8
51239,109,99,10,10
51240,98,95,3,3
51241,106,91,15,15
51242,76,78,-2,2
51243,60,56,4,4
51244,68,74,-6,6
51245,165,148,17,17
51246,90,103,-13,13
51247,178,163,15,15
51248,79,84,-5,5
51249,72,62,10,10
51250,87,84,3,3
51251,82,82,0,0
51252,57,60,-3,3
51253,110,113,-3,3
51254,111,113,-2,2
51255,70,77,-7,7
51256,112,117,-5,5
51257,52,53,-1,1
51258,94,89,5,5
51259,97,99,-2,2
51260,66,68,-2,2
51261,67,72,-5,5
51262,66,70,-4,4
51263,107,109,-2,2
51264,156,194,-38,38
51265,40,92,-52,52
51266,60,66,-6,6
51267,109,130,-21,21
51268,62,66,-4,4
51269,126,115,11,11
51270,96,96,0,0
51271,106,97,9,9
51272,109,96,13,13
51273,77,76,1,1
51274,70,68,2,2
51275,75,98,-23,23
51276,194,184,10,10
51277,24,33,-9,9
51278,94,94,0,0
51279,102,92,10,10
51280,126,121,5,5
51281,150,132,18,18
51282,126,125,1,1
51283,82,92,-10,10
51284,92,108,-16,16
51285,87,86,1,1
51286,122,132,-10,10
51287,129,130,-1,1
51288,93,90,3,3
51289,62,72,-10,10
51290,148,148,0,0
51291,73,76,-3,3
51292,114,98,16,16
51293,82,78,4,4
51294,99,108,-9,9
51295,181,164,17,17
51296,158,142,16,16
51297,100,105,-5,5
51298,143,140,3,3
51299,118,121,-3,3
51300,85,84,1,1
51301,127,134,-7,7
51302,83,93,-10,10
51303,95,93,2,2
51304,63,59,4,4
51305,76,72,4,4
51306,111,121,-10,10
51307,69,76,-7,7
51308,100,90,10,10
51309,47,50,-3,3
51310,83,90,-7,7
51311,85,87,-2,2
51312,74,70,4,4
51313,53,69,-16,16
51314,75,78,-3,3
51315,71,87,-16,16
51316,108,107,1,1
51317,71,70,1,1
51318,121,118,3,3
51319,100,110,-10,10
51320,113,118,-5,5
51321,86,77,9,9
51322,86,75,11,11
51323,115,113,2,2
51324,38,40,-2,2
51325,140,133,7,7
51326,119,127,-8,8
51327,104,102,2,2
51328,135,119,16,16
51329,147,135,12,12
51330,116,110,6,6
51331,137,135,2,2
51332,86,89,-3,3
51333,96,96,0,0
51334,76,74,2,2
51335,64,59,5,5
51336,57,54,3,3
51337,90,104,-14,14
51338,56,74,-18,18
51339,84,91,-7,7
51340,109,99,10,10
51341,124,120,4,4
51342,138,127,11,11
51343,73,72,1,1
51344,98,95,3,3
51345,93,82,11,11
51346,51,42,9,9
51347,54,54,0,0
51348,62,63,-1,1
51349,126,127,-1,1
51350,85,82,3,3
51351,86,73,13,13
51352,67,61,6,6
51353,80,84,-4,4
51354,55,58,-3,3
51355,115,113,2,2
51356,71,71,0,0
51357,86,82,4,4
51358,120,120,0,0
51359,94,90,4,4
51360,71,71,0,0
51361,106,118,-12,12
51362,101,95,6,6
51363,41,47,-6,6
51364,77,68,9,9
51365,130,117,13,13
51366,154,148,6,6
51367,102,90,12,12
51368,56,57,-1,1
51369,108,109,-1,1
51370,74,78,-4,4
51371,33,102,-69,69
51372,109,111,-2,2
51373,113,110,3,3
51374,115,114,1,1
51375,73,75,-2,2
51376,60,71,-11,11
51377,115,110,5,5
51378,85,92,-7,7
51379,121,111,10,10
51380,128,125,3,3
51381,76,89,-13,13
51382,158,150,8,8
51383,109,109,0,0
51384,47,51,-4,4
51385,76,68,8,8
51386,75,64,11,11
51387,92,86,6,6
51388,92,95,-3,3
51389,110,98,12,12
51390,101,97,4,4
51391,95,89,6,6
51392,107,106,1,1
51393,96,95,1,1
51394,127,124,3,3
51395,104,108,-4,4
51396,84,79,5,5
51397,44,43,1,1
51398,112,119,-7,7
51399,94,110,-16,16
51400,65,66,-1,1
51401,67,72,-5,5
51402,106,105,1,1
51403,85,75,10,10
51404,75,89,-14,14
51405,72,68,4,4
51406,99,79,20,20
51407,63,65,-2,2
51408,157,156,1,1
51409,70,68,2,2
51410,79,77,2,2
51411,99,91,8,8
51412,100,105,-5,5
51413,152,142,10,10
51414,111,121,-10,10
51415,73,76,-3,3
51416,117,115,2,2
51417,74,75,-1,1
51418,84,90,-6,6
51419,117,114,3,3
51420,70,72,-2,2
51421,72,76,-4,4
51422,62,64,-2,2
51423,90,92,-2,2
51424,123,113,10,10
51425,81,82,-1,1
51426,62,64,-2,2
51427,74,74,0,0
51428,189,172,17,17
51429,97,102,-5,5
51430,131,130,1,1
51431,66,71,-5,5
51432,131,124,7,7
51433,101,88,13,13
51434,205,198,7,7
51435,92,96,-4,4
51436,74,85,-11,11
51437,108,105,3,3
51438,78,74,4,4
51439,69,75,-6,6
51440,92,95,-3,3
51441,76,77,-1,1
51442,83,79,4,4
51443,104,101,3,3
51444,85,81,4,4
51445,74,71,3,3
51446,134,137,-3,3
51447,119,114,5,5
51448,92,87,5,5
51449,88,88,0,0
51450,126,135,-9,9
51451,100,102,-2,2
51452,45,56,-11,11
51453,131,120,11,11
51454,55,55,0,0
51455,180,169,11,11
51456,133,113,20,20
51457,94,69,25,25
51458,62,81,-19,19
51459,119,115,4,4
51460,183,174,9,9
51461,88,84,4,4
51462,115,91,24,24
51463,100,89,11,11
51464,64,74,-10,10
51465,83,108,-25,25
51466,138,141,-3,3
51467,62,69,-7,7
51468,193,174,19,19
51469,90,80,10,10
51470,77,89,-12,12
51471,111,110,1,1
51472,99,87,12,12
51473,118,124,-6,6
51474,131,122,9,9
51475,71,64,7,7
51476,78,81,-3,3
51477,94,84,10,10
51478,92,95,-3,3
51479,97,96,1,1
51480,89,87,2,2
51481,131,119,12,12
51482,119,98,21,21
51483,59,63,-4,4
51484,80,83,-3,3
51485,116,109,7,7
51486,93,90,3,3
51487,72,77,-5,5
51488,185,162,23,23
51489,85,89,-4,4
51490,108,116,-8,8
51491,84,85,-1,1
51492,100,103,-3,3
51493,109,86,23,23
51494,43,45,-2,2
51495,77,76,1,1
51496,87,80,7,7
51497,121,115,6,6
51498,109,112,-3,3
51499,83,90,-7,7
51500,108,96,12,12
51501,166,146,20,20
51502,68,68,0,0
51503,112,129,-17,17
51504,103,109,-6,6
51505,106,112,-6,6
51506,33,38,-5,5
51507,56,51,5,5
51508,72,72,0,0
51509,136,135,1,1
51510,79,80,-1,1
51511,143,126,17,17
51512,103,98,5,5
51513,75,83,-8,8
51514,73,72,1,1
51515,68,70,-2,2
51516,68,81,-13,13
51517,102,85,17,17
51518,83,82,1,1
51519,70,79,-9,9
51520,88,87,1,1
51521,124,123,1,1
51522,111,115,-4,4
51523,103,107,-4,4
51524,104,102,2,2
51525,122,118,4,4
51526,119,118,1,1
51527,71,103,-32,32
51528,196,193,3,3
51529,70,69,1,1
51530,70,84,-14,14
51531,88,85,3,3
51532,122,119,3,3
51533,102,96,6,6
51534,119,112,7,7
51535,138,131,7,7
51536,165,153,12,12
51537,94,104,-10,10
51538,52,55,-3,3
51539,86,83,3,3
51540,63,72,-9,9
51541,92,83,9,9
51542,65,63,2,2
51543,47,46,1,1
51544,62,62,0,0
51545,79,92,-13,13
51546,166,134,32,32
51547,96,87,9,9
51548,120,132,-12,12
51549,117,115,2,2
51550,99,93,6,6
51551,124,130,-6,6
51552,138,126,12,12
51553,60,63,-3,3
51554,90,88,2,2
51555,76,79,-3,3
51556,113,136,-23,23
51557,129,127,2,2
51558,80,81,-1,1
51559,99,93,6,6
51560,87,89,-2,2
51561,74,74,0,0
51562,70,70,0,0
51563,50,53,-3,3
51564,83,79,4,4
51565,150,144,6,6
51566,104,99,5,5
51567,107,109,-2,2
51568,101,93,8,8
51569,153,150,3,3
51570,81,82,-1,1
51571,58,68,-10,10
51572,104,99,5,5
51573,64,64,0,0
51574,58,55,3,3
51575,137,140,-3,3
51576,132,112,20,20
51577,110,111,-1,1
51578,120,122,-2,2
51579,92,92,0,0
51580,83,114,-31,31
51581,41,49,-8,8
51582,194,205,-11,11
51583,79,71,8,8
51584,65,67,-2,2
51585,126,136,-10,10
51586,125,137,-12,12
51587,148,142,6,6
51588,63,61,2,2
51589,82,87,-5,5
51590,127,123,4,4
51591,141,134,7,7
51592,98,109,-11,11
51593,140,140,0,0
51594,92,87,5,5
51595,78,83,-5,5
51596,72,73,-1,1
51597,133,118,15,15
51598,82,90,-8,8
51599,53,60,-7,7
51600,68,69,-1,1
51601,135,131,4,4
51602,76,92,-16,16
51603,84,75,9,9
51604,109,105,4,4
51605,115,120,-5,5
51606,32,30,2,2
51607,202,181,21,21
51608,64,63,1,1
51609,69,67,2,2
51610,61,64,-3,3
51611,81,73,8,8
51612,81,88,-7,7
51613,103,98,5,5
51614,73,72,1,1
51615,103,118,-15,15
51616,153,156,-3,3
51617,78,77,1,1
51618,100,97,3,3
51619,136,143,-7,7
51620,58,61,-3,3
51621,75,79,-4,4
51622,130,115,15,15
51623,127,119,8,8
51624,51,57,-6,6
51625,87,74,13,13
51626,99,98,1,1
51627,121,116,5,5
51628,83,87,-4,4
51629,65,72,-7,7
51630,86,85,1,1
51631,129,130,-1,1
51632,77,89,-12,12
51633,63,69,-6,6
51634,70,71,-1,1
51635,75,78,-3,3
51636,75,79,-4,4
51637,132,131,1,1
51638,157,154,3,3
51639,130,134,-4,4
51640,80,85,-5,5
51641,97,101,-4,4
51642,68,66,2,2
51643,98,100,-2,2
51644,81,86,-5,5
51645,51,52,-1,1
51646,84,85,-1,1
51647,79,79,0,0
51648,151,144,7,7
51649,82,81,1,1
51650,127,126,1,1
51651,63,70,-7,7
51652,97,94,3,3
51653,121,116,5,5
51654,157,151,6,6
51655,101,95,6,6
51656,160,162,-2,2
51657,92,93,-1,1
51658,107,116,-9,9
51659,108,89,19,19
51660,119,101,18,18
51661,61,66,-5,5
51662,112,109,3,3
51663,71,65,6,6
51664,99,101,-2,2
51665,68,75,-7,7
51666,116,120,-4,4
51667,64,76,-12,12
51668,124,127,-3,3
51669,139,134,5,5
51670,80,78,2,2
51671,157,146,11,11
51672,101,98,3,3
51673,114,109,5,5
51674,126,129,-3,3
51675,148,150,-2,2
51676,77,79,-2,2
51677,187,180,7,7
51678,139,137,2,2
51679,164,156,8,8
51680,98,106,-8,8
51681,86,92,-6,6
51682,61,61,0,0
51683,143,150,-7,7
51684,57,54,3,3
51685,52,53,-1,1
51686,92,104,-12,12
51687,108,104,4,4
51688,156,134,22,22
51689,159,145,14,14
51690,157,144,13,13
51691,102,97,5,5
51692,138,128,10,10
51693,78,80,-2,2
51694,83,74,9,9
51695,108,96,12,12
51696,60,57,3,3
51697,142,123,19,19
51698,55,59,-4,4
51699,65,57,8,8
51700,125,124,1,1
51701,90,91,-1,1
51702,74,74,0,0
51703,156,152,4,4
51704,76,79,-3,3
51705,94,101,-7,7
51706,84,84,0,0
51707,84,80,4,4
51708,68,77,-9,9
51709,144,140,4,4
51710,74,69,5,5
51711,104,109,-5,5
51712,98,69,29,29
51713,92,92,0,0
51714,106,108,-2,2
51715,94,92,2,2
51716,91,94,-3,3
51717,61,40,21,21
51718,77,73,4,4
51719,71,75,-4,4
51720,98,96,2,2
51721,73,78,-5,5
51722,103,110,-7,7
51723,124,115,9,9
51724,135,128,7,7
51725,118,126,-8,8
51726,96,103,-7,7
51727,54,59,-5,5
51728,112,100,12,12
51729,72,75,-3,3
51730,70,77,-7,7
51731,85,83,2,2
51732,51,46,5,5
51733,106,118,-12,12
51734,113,107,6,6
51735,76,72,4,4
51736,63,72,-9,9
51737,140,124,16,16
51738,103,94,9,9
51739,163,162,1,1
51740,126,125,1,1
51741,92,116,-24,24
51742,40,47,-7,7
51743,33,46,-13,13
51744,99,99,0,0
51745,113,107,6,6
51746,59,58,1,1
51747,88,109,-21,21
51748,58,61,-3,3
51749,98,97,1,1
51750,135,120,15,15
51751,92,92,0,0
51752,101,100,1,1
51753,116,113,3,3
51754,171,166,5,5
51755,98,87,11,11
51756,99,94,5,5
51757,77,76,1,1
51758,99,93,6,6
51759,61,59,2,2
51760,124,103,21,21
51761,36,36,0,0
51762,124,114,10,10
51763,89,86,3,3
51764,144,148,-4,4
51765,113,110,3,3
51766,157,149,8,8
51767,95,95,0,0
51768,101,110,-9,9
51769,76,82,-6,6
51770,65,77,-12,12
51771,222,182,40,40
51772,123,118,5,5
51773,71,91,-20,20
51774,102,94,8,8
51775,96,96,0,0
51776,105,100,5,5
51777,81,86,-5,5
51778,122,139,-17,17
51779,64,66,-2,2
51780,43,82,-39,39
51781,114,108,6,6
51782,62,65,-3,3
51783,104,115,-11,11
51784,175,183,-8,8
51785,98,110,-12,12
51786,87,85,2,2
51787,144,144,0,0
51788,76,89,-13,13
51789,125,125,0,0
51790,70,72,-2,2
51791,86,95,-9,9
51792,140,119,21,21
51793,44,54,-10,10
51794,101,97,4,4
51795,68,72,-4,4
51796,155,154,1,1
51797,125,125,0,0
51798,49,53,-4,4
51799,140,144,-4,4
51800,105,96,9,9
51801,192,197,-5,5
51802,89,80,9,9
51803,140,132,8,8
51804,140,137,3,3
51805,112,116,-4,4
51806,136,119,17,17
51807,76,82,-6,6
51808,64,73,-9,9
51809,64,77,-13,13
51810,83,84,-1,1
51811,72,67,5,5
51812,145,142,3,3
51813,113,102,11,11
51814,114,102,12,12
51815,154,141,13,13
51816,67,64,3,3
51817,197,172,25,25
51818,61,62,-1,1
51819,99,96,3,3
51820,91,90,1,1
51821,181,157,24,24
51822,45,43,2,2
51823,55,63,-8,8
51824,183,199,-16,16
51825,106,110,-4,4
51826,57,70,-13,13
51827,133,123,10,10
51828,36,43,-7,7
51829,98,102,-4,4
51830,54,50,4,4
51831,140,143,-3,3
51832,114,115,-1,1
51833,99,97,2,2
51834,69,70,-1,1
51835,144,138,6,6
51836,112,123,-11,11
51837,101,97,4,4
51838,88,81,7,7
51839,88,87,1,1
51840,94,88,6,6
51841,67,61,6,6
51842,46,49,-3,3
51843,72,69,3,3
51844,80,74,6,6
51845,75,71,4,4
51846,94,84,10,10
51847,117,120,-3,3
51848,67,66,1,1
51849,71,73,-2,2
51850,67,80,-13,13
51851,68,64,4,4
51852,91,89,2,2
51853,71,76,-5,5
51854,114,115,-1,1
51855,93,100,-7,7
51856,73,78,-5,5
51857,164,150,14,14
51858,132,122,10,10
51859,66,57,9,9
51860,153,131,22,22
51861,108,118,-10,10
51862,110,103,7,7
51863,156,140,16,16
51864,162,154,8,8
51865,150,148,2,2
51866,125,120,5,5
51867,61,62,-1,1
51868,95,92,3,3
51869,152,133,19,19
51870,125,131,-6,6
51871,119,105,14,14
51872,166,184,-18,18
51873,120,105,15,15
51874,58,58,0,0
51875,45,45,0,0
51876,117,124,-7,7
51877,65,60,5,5
51878,105,112,-7,7
51879,70,71,-1,1
51880,78,72,6,6
51881,91,85,6,6
51882,78,73,5,5
51883,116,131,-15,15
51884,132,116,16,16
51885,143,134,9,9
51886,117,123,-6,6
51887,147,156,-9,9
51888,63,66,-3,3
51889,80,88,-8,8
51890,98,96,2,2
51891,51,61,-10,10
51892,51,53,-2,2
51893,73,71,2,2
51894,95,89,6,6
51895,100,98,2,2
51896,74,83,-9,9
51897,110,97,13,13
51898,78,80,-2,2
51899,54,61,-7,7
51900,115,115,0,0
51901,139,131,8,8
51902,73,80,-7,7
51903,67,68,-1,1
51904,76,78,-2,2
51905,108,108,0,0
51906,104,108,-4,4
51907,130,129,1,1
51908,116,117,-1,1
51909,57,61,-4,4
51910,102,108,-6,6
51911,108,102,6,6
51912,95,88,7,7
51913,40,48,-8,8
51914,76,85,-9,9
51915,71,67,4,4
51916,137,138,-1,1
51917,118,112,6,6
51918,129,126,3,3
51919,67,71,-4,4
51920,72,72,0,0
51921,111,120,-9,9
51922,95,93,2,2
51923,130,142,-12,12
51924,116,121,-5,5
51925,68,68,0,0
51926,103,107,-4,4
51927,95,98,-3,3
51928,117,118,-1,1
51929,62,55,7,7
51930,75,82,-7,7
51931,56,67,-11,11
51932,120,109,11,11
51933,113,111,2,2
51934,85,81,4,4
51935,71,89,-18,18
51936,130,132,-2,2
51937,87,94,-7,7
51938,156,148,8,8
51939,89,89,0,0
51940,61,61,0,0
51941,115,113,2,2
51942,144,132,12,12
51943,73,82,-9,9
51944,94,95,-1,1
51945,102,107,-5,5
51946,125,127,-2,2
51947,71,64,7,7
51948,140,138,2,2
51949,143,137,6,6
51950,77,82,-5,5
51951,86,75,11,11
51952,70,68,2,2
51953,101,90,11,11
51954,82,79,3,3
51955,93,84,9,9
51956,55,60,-5,5
51957,138,148,-10,10
51958,88,89,-1,1
51959,81,84,-3,3
51960,176,159,17,17
51961,90,93,-3,3
51962,52,60,-8,8
51963,97,94,3,3
51964,45,53,-8,8
51965,114,121,-7,7
51966,155,151,4,4
51967,151,174,-23,23
51968,60,63,-3,3
51969,82,77,5,5
51970,96,94,2,2
51971,126,115,11,11
51972,90,91,-1,1
51973,83,73,10,10
51974,72,76,-4,4
51975,139,132,7,7
51976,137,135,2,2
51977,119,118,1,1
51978,115,98,17,17
51979,76,72,4,4
51980,80,95,-15,15
51981,101,93,8,8
51982,92,91,1,1
51983,65,68,-3,3
51984,89,91,-2,2
51985,72,71,1,1
51986,45,38,7,7
51987,69,71,-2,2
51988,81,80,1,1
51989,95,94,1,1
51990,76,77,-1,1
51991,49,44,5,5
51992,97,99,-2,2
51993,90,81,9,9
51994,130,128,2,2
51995,74,79,-5,5
51996,46,58,-12,12
51997,74,81,-7,7
51998,108,108,0,0
51999,115,123,-8,8
52000,37,44,-7,7
52001,79,75,4,4
52002,75,79,-4,4
52003,174,155,19,19
52004,107,106,1,1
52005,53,51,2,2
52006,83,78,5,5
52007,60,59,1,1
52008,98,101,-3,3
52009,57,58,-1,1
52010,54,56,-2,2
52011,83,78,5,5
52012,182,202,-20,20
52013,107,117,-10,10
52014,89,99,-10,10
52015,105,102,3,3
52016,109,113,-4,4
52017,141,127,14,14
52018,121,121,0,0
52019,91,108,-17,17
52020,117,112,5,5
52021,58,58,0,0
52022,80,70,10,10
52023,88,82,6,6
52024,80,81,-1,1
52025,146,146,0,0
52026,105,103,2,2
52027,128,142,-14,14
52028,79,77,2,2
52029,123,128,-5,5
52030,85,85,0,0
52031,77,76,1,1
52032,70,65,5,5
52033,100,99,1,1
52034,71,71,0,0
52035,123,117,6,6
52036,85,87,-2,2
52037,113,111,2,2
52038,98,92,6,6
52039,67,76,-9,9
52040,130,130,0,0
52041,176,159,17,17
52042,117,113,4,4
52043,130,124,6,6
52044,114,111,3,3
52045,108,113,-5,5
52046,111,116,-5,5
52047,91,87,4,4
52048,153,140,13,13
52049,83,95,-12,12
52050,91,94,-3,3
52051,103,107,-4,4
52052,123,120,3,3
52053,57,63,-6,6
52054,115,112,3,3
52055,86,92,-6,6
52056,147,141,6,6
52057,116,134,-18,18
52058,87,84,3,3
52059,81,82,-1,1
52060,58,55,3,3
52061,97,81,16,16
52062,138,147,-9,9
52063,74,70,4,4
52064,60,69,-9,9
52065,94,94,0,0
52066,150,131,19,19
52067,143,142,1,1
52068,72,71,1,1
52069,80,85,-5,5
52070,94,95,-1,1
52071,85,80,5,5
52072,108,108,0,0
52073,106,95,11,11
52074,86,89,-3,3
52075,160,149,11,11
52076,84,84,0,0
52077,78,72,6,6
52078,89,95,-6,6
52079,76,83,-7,7
52080,57,50,7,7
52081,93,92,1,1
52082,92,96,-4,4
52083,79,97,-18,18
52084,105,105,0,0
52085,146,143,3,3
52086,79,86,-7,7
52087,96,100,-4,4
52088,97,96,1,1
52089,74,72,2,2
52090,79,88,-9,9
52091,90,84,6,6
52092,133,133,0,0
52093,81,85,-4,4
52094,140,132,8,8
52095,20,22,-2,2
52096,42,97,-55,55
52097,178,156,22,22
52098,57,66,-9,9
52099,91,97,-6,6
52100,125,134,-9,9
52101,77,76,1,1
52102,73,76,-3,3
52103,96,102,-6,6
52104,63,63,0,0
52105,75,78,-3,3
52106,117,112,5,5
52107,135,137,-2,2
52108,105,112,-7,7
52109,141,137,4,4
52110,123,113,10,10
52111,71,79,-8,8
52112,108,95,13,13
52113,104,110,-6,6
52114,108,105,3,3
52115,93,94,-1,1
52116,102,98,4,4
52117,99,87,12,12
52118,95,98,-3,3
52119,53,54,-1,1
52120,117,102,15,15
52121,79,91,-12,12
52122,55,68,-13,13
52123,163,163,0,0
52124,53,52,1,1
52125,80,81,-1,1
52126,124,116,8,8
52127,75,70,5,5
52128,133,133,0,0
52129,83,85,-2,2
52130,54,60,-6,6
52131,52,55,-3,3
52132,67,70,-3,3
52133,75,71,4,4
52134,106,99,7,7
52135,140,135,5,5
52136,124,128,-4,4
52137,65,69,-4,4
52138,94,101,-7,7
52139,108,111,-3,3
52140,132,117,15,15
52141,123,122,1,1
52142,73,83,-10,10
52143,246,234,12,12
52144,91,84,7,7
52145,48,54,-6,6
52146,109,96,13,13
52147,120,111,9,9
52148,71,64,7,7
52149,44,49,-5,5
52150,83,79,4,4
52151,77,72,5,5
52152,108,107,1,1
52153,76,71,5,5
52154,116,102,14,14
52155,98,112,-14,14
52156,114,108,6,6
52157,142,127,15,15
52158,92,103,-11,11
52159,82,78,4,4
52160,86,81,5,5
52161,65,65,0,0
52162,91,90,1,1
52163,158,158,0,0
52164,79,77,2,2
52165,89,81,8,8
52166,54,51,3,3
52167,144,125,19,19
52168,167,173,-6,6
52169,94,107,-13,13
52170,75,75,0,0
52171,110,121,-11,11
52172,113,110,3,3
52173,63,64,-1,1
52174,138,134,4,4
52175,101,90,11,11
52176,99,114,-15,15
52177,98,102,-4,4
52178,138,158,-20,20
52179,116,117,-1,1
52180,53,63,-10,10
52181,97,95,2,2
52182,79,65,14,14
52183,94,105,-11,11
52184,72,80,-8,8
52185,104,111,-7,7
52186,113,102,11,11
52187,105,113,-8,8
52188,84,83,1,1
52189,66,70,-4,4
52190,75,78,-3,3
52191,106,104,2,2
52192,100,96,4,4
52193,75,85,-10,10
52194,45,41,4,4
52195,126,132,-6,6
52196,102,95,7,7
52197,108,110,-2,2
52198,99,93,6,6
52199,146,133,13,13
52200,107,111,-4,4
52201,105,114,-9,9
52202,58,57,1,1
52203,114,121,-7,7
52204,151,134,17,17
52205,72,74,-2,2
52206,79,74,5,5
52207,131,118,13,13
52208,91,90,1,1
52209,52,57,-5,5
52210,81,71,10,10
52211,85,72,13,13
52212,96,88,8,8
52213,42,49,-7,7
52214,73,65,8,8
52215,100,92,8,8
52216,104,99,5,5
52217,85,91,-6,6
52218,67,75,-8,8
52219,71,74,-3,3
52220,100,91,9,9
52221,134,114,20,20
52222,104,113,-9,9
52223,90,82,8,8
52224,96,124,-28,28
52225,61,86,-25,25
52226,65,68,-3,3
52227,139,138,1,1
52228,46,49,-3,3
52229,70,71,-1,1
52230,142,134,8,8
52231,90,83,7,7
52232,112,102,10,10
52233,113,108,5,5
52234,59,68,-9,9
52235,111,109,2,2
52236,84,74,10,10
52237,74,67,7,7
52238,78,69,9,9
52239,145,148,-3,3
52240,100,120,-20,20
52241,103,96,7,7
52242,55,56,-1,1
52243,93,93,0,0
52244,78,76,2,2
52245,80,79,1,1
52246,104,94,10,10
52247,66,71,-5,5
52248,68,62,6,6
52249,60,56,4,4
52250,103,120,-17,17
52251,69,69,0,0
52252,92,90,2,2
52253,48,56,-8,8
52254,54,62,-8,8
52255,54,54,0,0
52256,58,61,-3,3
52257,160,146,14,14
52258,83,78,5,5
52259,90,82,8,8
52260,71,121,-50,50
52261,168,175,-7,7
52262,137,139,-2,2
52263,139,139,0,0
52264,74,69,5,5
52265,75,79,-4,4
52266,65,62,3,3
52267,93,81,12,12
52268,94,93,1,1
52269,65,78,-13,13
52270,110,114,-4,4
52271,29,39,-10,10
52272,91,89,2,2
52273,78,76,2,2
52274,77,76,1,1
52275,93,94,-1,1
52276,158,152,6,6
52277,206,188,18,18
52278,98,97,1,1
52279,131,129,2,2
52280,115,112,3,3
52281,129,109,20,20
52282,97,90,7,7
52283,97,91,6,6
52284,78,90,-12,12
52285,81,84,-3,3
52286,107,106,1,1
52287,80,80,0,0
52288,67,71,-4,4
52289,66,74,-8,8
52290,56,57,-1,1
52291,72,71,1,1
52292,50,58,-8,8
52293,70,103,-33,33
52294,128,119,9,9
52295,138,140,-2,2
52296,38,41,-3,3
52297,113,111,2,2
52298,168,163,5,5
52299,115,109,6,6
52300,88,86,2,2
52301,80,77,3,3
52302,124,131,-7,7
52303,190,179,11,11
52304,92,96,-4,4
52305,83,83,0,0
52306,78,79,-1,1
52307,64,58,6,6
52308,121,120,1,1
52309,74,75,-1,1
52310,59,64,-5,5
52311,200,151,49,49
52312,157,147,10,10
52313,86,84,2,2
52314,126,123,3,3
52315,75,81,-6,6
52316,95,109,-14,14
52317,118,109,9,9
52318,174,162,12,12
52319,148,140,8,8
52320,70,78,-8,8
52321,99,97,2,2
52322,73,74,-1,1
52323,178,154,24,24
52324,127,124,3,3
52325,137,135,2,2
52326,35,45,-10,10
52327,58,60,-2,2
52328,104,110,-6,6
52329,85,86,-1,1
52330,91,90,1,1
52331,40,39,1,1
52332,83,83,0,0
52333,100,110,-10,10
52334,73,81,-8,8
52335,51,60,-9,9
52336,263,196,67,67
52337,87,91,-4,4
52338,85,83,2,2
52339,85,86,-1,1
52340,89,83,6,6
52341,176,172,4,4
52342,103,100,3,3
52343,128,137,-9,9
52344,166,167,-1,1
52345,92,104,-12,12
52346,100,99,1,1
52347,98,90,8,8
52348,57,62,-5,5
52349,127,116,11,11
52350,86,88,-2,2
52351,144,143,1,1
52352,60,65,-5,5
52353,113,109,4,4
52354,113,113,0,0
52355,103,100,3,3
52356,90,86,4,4
52357,56,49,7,7
52358,47,49,-2,2
52359,105,109,-4,4
52360,61,64,-3,3
52361,128,134,-6,6
52362,55,77,-22,22
52363,67,63,4,4
52364,65,68,-3,3
52365,116,111,5,5
52366,76,80,-4,4
52367,41,44,-3,3
52368,83,75,8,8
52369,82,88,-6,6
52370,50,57,-7,7
52371,81,90,-9,9
52372,57,50,7,7
52373,83,79,4,4
52374,87,95,-8,8
52375,56,51,5,5
52376,68,67,1,1
52377,71,70,1,1
52378,77,79,-2,2
52379,67,64,3,3
52380,120,110,10,10
52381,74,76,-2,2
52382,121,122,-1,1
52383,73,74,-1,1
52384,53,57,-4,4
52385,68,71,-3,3
52386,95,92,3,3
52387,103,110,-7,7
52388,46,52,-6,6
52389,73,66,7,7
52390,148,142,6,6
52391,145,130,15,15
52392,105,96,9,9
52393,71,74,-3,3
52394,43,50,-7,7
52395,106,109,-3,3
52396,114,116,-2,2
52397,80,76,4,4
52398,64,79,-15,15
52399,125,113,12,12
52400,84,96,-12,12
52401,86,89,-3,3
52402,101,97,4,4
52403,95,91,4,4
52404,90,94,-4,4
52405,93,90,3,3
52406,62,65,-3,3
52407,146,138,8,8
52408,87,88,-1,1
52409,85,77,8,8
52410,134,121,13,13
52411,82,76,6,6
52412,46,50,-4,4
52413,73,67,6,6
52414,23,30,-7,7
52415,167,157,10,10
52416,116,97,19,19
52417,112,116,-4,4
52418,227,215,12,12
52419,108,112,-4,4
52420,93,93,0,0
52421,76,75,1,1
52422,75,78,-3,3
52423,74,83,-9,9
52424,85,77,8,8
52425,68,70,-2,2
52426,93,85,8,8
52427,143,140,3,3
52428,132,125,7,7
52429,68,69,-1,1
52430,49,57,-8,8
52431,116,107,9,9
52432,87,85,2,2
52433,114,104,10,10
52434,133,127,6,6
52435,81,79,2,2
52436,105,96,9,9
52437,88,88,0,0
52438,158,138,20,20
52439,82,75,7,7
52440,91,94,-3,3
52441,158,154,4,4
52442,77,81,-4,4
52443,61,85,-24,24
52444,57,63,-6,6
52445,76,81,-5,5
52446,80,83,-3,3
52447,90,96,-6,6
52448,75,65,10,10
52449,105,98,7,7
52450,99,95,4,4
52451,134,136,-2,2
52452,70,75,-5,5
52453,139,143,-4,4
52454,67,69,-2,2
52455,186,166,20,20
52456,101,97,4,4
52457,142,139,3,3
52458,66,63,3,3
52459,88,82,6,6
52460,79,85,-6,6
52461,80,80,0,0
52462,103,110,-7,7
52463,133,146,-13,13
52464,21,55,-34,34
52465,98,83,15,15
52466,67,62,5,5
52467,117,140,-23,23
52468,71,72,-1,1
52469,45,49,-4,4
52470,90,80,10,10
52471,122,105,17,17
52472,133,128,5,5
52473,70,71,-1,1
52474,99,102,-3,3
52475,161,150,11,11
52476,123,117,6,6
52477,116,111,5,5
52478,148,130,18,18
52479,55,47,8,8
52480,107,111,-4,4
52481,69,65,4,4
52482,103,118,-15,15
52483,50,52,-2,2
52484,76,78,-2,2
52485,98,98,0,0
52486,63,67,-4,4
52487,69,69,0,0
52488,115,113,2,2
52489,64,62,2,2
52490,80,78,2,2
52491,93,85,8,8
52492,93,92,1,1
52493,107,101,6,6
52494,91,90,1,1
52495,73,87,-14,14
52496,163,150,13,13
52497,82,80,2,2
52498,133,125,8,8
52499,70,79,-9,9
52500,74,78,-4,4
52501,72,72,0,0
52502,51,46,5,5
52503,192,169,23,23
52504,59,71,-12,12
52505,69,69,0,0
52506,47,50,-3,3
52507,146,157,-11,11
52508,149,137,12,12
52509,96,113,-17,17
52510,73,68,5,5
52511,143,135,8,8
52512,101,110,-9,9
52513,96,95,1,1
52514,108,118,-10,10
52515,77,77,0,0
52516,45,52,-7,7
52517,89,95,-6,6
52518,160,147,13,13
52519,97,104,-7,7
52520,82,82,0,0
52521,80,75,5,5
52522,70,69,1,1
52523,123,114,9,9
52524,109,103,6,6
52525,162,159,3,3
52526,129,126,3,3
52527,80,78,2,2
52528,49,54,-5,5
52529,129,115,14,14
52530,79,73,6,6
52531,89,97,-8,8
52532,92,95,-3,3
52533,87,80,7,7
52534,104,93,11,11
52535,106,92,14,14
52536,169,166,3,3
52537,96,108,-12,12
52538,66,67,-1,1
52539,140,137,3,3
52540,128,121,7,7
52541,82,80,2,2
52542,128,119,9,9
52543,109,115,-6,6
52544,59,63,-4,4
52545,61,65,-4,4
52546,109,88,21,21
52547,72,81,-9,9
52548,57,61,-4,4
52549,94,98,-4,4
52550,86,89,-3,3
52551,57,59,-2,2
52552,142,136,6,6
52553,79,88,-9,9
52554,150,146,4,4
52555,122,132,-10,10
52556,106,115,-9,9
52557,41,48,-7,7
52558,218,193,25,25
52559,106,98,8,8
52560,80,73,7,7
52561,87,89,-2,2
52562,121,129,-8,8
52563,68,67,1,1
52564,79,83,-4,4
52565,63,62,1,1
52566,57,69,-12,12
52567,132,138,-6,6
52568,86,90,-4,4
52569,92,90,2,2
52570,187,176,11,11
52571,97,92,5,5
52572,135,133,2,2
52573,126,114,12,12
52574,79,82,-3,3
52575,69,79,-10,10
52576,142,144,-2,2
52577,97,90,7,7
52578,104,113,-9,9
52579,112,118,-6,6
52580,168,171,-3,3
52581,145,126,19,19
52582,137,130,7,7
52583,142,132,10,10
52584,81,74,7,7
52585,97,94,3,3
52586,90,79,11,11
52587,121,142,-21,21
52588,71,78,-7,7
52589,61,61,0,0
52590,95,113,-18,18
52591,95,116,-21,21
52592,53,61,-8,8
52593,126,130,-4,4
52594,72,78,-6,6
52595,86,78,8,8
52596,141,145,-4,4
52597,96,107,-11,11
52598,98,109,-11,11
52599,123,122,1,1
52600,46,54,-8,8
52601,95,83,12,12
52602,127,119,8,8
52603,153,128,25,25
52604,115,103,12,12
52605,104,97,7,7
52606,53,58,-5,5
52607,95,89,6,6
52608,88,86,2,2
52609,133,117,16,16
52610,88,89,-1,1
52611,25,45,-20,20
52612,142,125,17,17
52613,98,104,-6,6
52614,93,89,4,4
52615,99,89,10,10
52616,152,149,3,3
52617,124,123,1,1
52618,112,118,-6,6
52619,134,120,14,14
52620,104,111,-7,7
52621,86,83,3,3
52622,117,118,-1,1
52623,77,79,-2,2
52624,88,91,-3,3
52625,72,71,1,1
52626,87,110,-23,23
52627,80,80,0,0
52628,103,101,2,2
52629,136,136,0,0
52630,105,115,-10,10
52631,96,93,3,3
52632,90,85,5,5
52633,53,52,1,1
52634,77,76,1,1
52635,60,59,1,1
52636,115,120,-5,5
52637,93,89,4,4
52638,91,79,12,12
52639,162,157,5,5
52640,115,101,14,14
52641,148,157,-9,9
52642,68,63,5,5
52643,79,83,-4,4
52644,53,56,-3,3
52645,60,61,-1,1
52646,63,74,-11,11
52647,102,101,1,1
52648,111,104,7,7
52649,116,117,-1,1
52650,50,53,-3,3
52651,113,108,5,5
52652,46,56,-10,10
52653,62,62,0,0
52654,112,112,0,0
52655,58,61,-3,3
52656,85,86,-1,1
52657,111,108,3,3
52658,105,109,-4,4
52659,113,123,-10,10
52660,174,159,15,15
52661,125,117,8,8
52662,109,109,0,0
52663,67,66,1,1
52664,76,69,7,7
52665,193,232,-39,39
52666,128,124,4,4
52667,88,84,4,4
52668,70,75,-5,5
52669,63,65,-2,2
52670,148,136,12,12
52671,89,97,-8,8
52672,152,151,1,1
52673,62,65,-3,3
52674,141,123,18,18
52675,48,53,-5,5
52676,185,173,12,12
52677,89,86,3,3
52678,87,82,5,5
52679,50,49,1,1
52680,79,72,7,7
52681,124,135,-11,11
52682,109,109,0,0
52683,54,59,-5,5
52684,90,89,1,1
52685,85,87,-2,2
52686,35,96,-61,61
52687,86,84,2,2
52688,47,59,-12,12
52689,103,94,9,9
52690,105,110,-5,5
52691,47,63,-16,16
52692,44,50,-6,6
52693,137,130,7,7
52694,69,77,-8,8
52695,47,46,1,1
52696,63,61,2,2
52697,118,119,-1,1
52698,83,87,-4,4
52699,80,92,-12,12
52700,119,99,20,20
52701,107,117,-10,10
52702,100,115,-15,15
52703,96,100,-4,4
52704,90,96,-6,6
52705,136,128,8,8
52706,142,149,-7,7
52707,82,82,0,0
52708,64,53,11,11
52709,89,89,0,0
52710,49,56,-7,7
52711,138,129,9,9
52712,74,65,9,9
52713,55,66,-11,11
52714,147,130,17,17
52715,87,89,-2,2
52716,67,80,-13,13
52717,90,84,6,6
52718,72,88,-16,16
52719,110,110,0,0
52720,166,168,-2,2
52721,128,110,18,18
52722,70,79,-9,9
52723,95,96,-1,1
52724,58,51,7,7
52725,95,95,0,0
52726,78,84,-6,6
52727,99,104,-5,5
52728,79,73,6,6
52729,96,84,12,12
52730,87,82,5,5
52731,57,62,-5,5
52732,67,66,1,1
52733,84,91,-7,7
52734,73,75,-2,2
52735,77,74,3,3
52736,65,65,0,0
52737,34,46,-12,12
52738,103,100,3,3
52739,117,124,-7,7
52740,73,70,3,3
52741,121,116,5,5
52742,67,72,-5,5
52743,118,99,19,19
52744,145,143,2,2
52745,83,79,4,4
52746,105,100,5,5
52747,81,71,10,10
52748,92,96,-4,4
52749,44,46,-2,2
52750,104,103,1,1
52751,45,48,-3,3
52752,96,90,6,6
52753,115,118,-3,3
52754,91,97,-6,6
52755,64,75,-11,11
52756,63,62,1,1
52757,83,87,-4,4
52758,126,128,-2,2
52759,57,63,-6,6
52760,209,192,17,17
52761,153,135,18,18
52762,57,61,-4,4
52763,70,67,3,3
52764,118,125,-7,7
52765,110,115,-5,5
52766,63,56,7,7
52767,117,111,6,6
52768,151,129,22,22
52769,135,147,-12,12
52770,75,72,3,3
52771,121,116,5,5
52772,142,148,-6,6
52773,107,98,9,9
52774,87,86,1,1
52775,83,87,-4,4
52776,54,48,6,6
52777,120,120,0,0
52778,75,78,-3,3
52779,116,117,-1,1
52780,80,80,0,0
52781,132,143,-11,11
52782,61,67,-6,6
52783,70,78,-8,8
52784,57,49,8,8
52785,137,134,3,3
52786,112,97,15,15
52787,77,75,2,2
52788,78,79,-1,1
52789,94,97,-3,3
52790,85,89,-4,4
52791,61,60,1,1
52792,80,79,1,1
52793,116,109,7,7
52794,64,83,-19,19
52795,69,75,-6,6
52796,124,110,14,14
52797,78,65,13,13
52798,109,115,-6,6
52799,90,84,6,6
52800,148,144,4,4
52801,64,69,-5,5
52802,59,61,-2,2
52803,42,44,-2,2
52804,132,129,3,3
52805,132,129,3,3
52806,68,62,6,6
52807,173,180,-7,7
52808,73,72,1,1
52809,88,89,-1,1
52810,95,89,6,6
52811,56,58,-2,2
52812,83,73,10,10
52813,131,134,-3,3
52814,65,73,-8,8
52815,77,78,-1,1
52816,110,118,-8,8
52817,80,111,-31,31
52818,76,68,8,8
52819,73,74,-1,1
52820,66,69,-3,3
52821,149,134,15,15
52822,55,59,-4,4
52823,60,55,5,5
52824,151,149,2,2
52825,112,123,-11,11
52826,67,65,2,2
52827,67,84,-17,17
52828,77,84,-7,7
52829,114,121,-7,7
52830,123,136,-13,13
52831,83,82,1,1
52832,42,56,-14,14
52833,104,113,-9,9
52834,90,88,2,2
52835,107,118,-11,11
52836,153,139,14,14
52837,68,68,0,0
52838,41,49,-8,8
52839,82,83,-1,1
52840,55,57,-2,2
52841,114,109,5,5
52842,92,88,4,4
52843,90,91,-1,1
52844,70,70,0,0
52845,75,80,-5,5
52846,112,93,19,19
52847,76,83,-7,7
52848,107,80,27,27
52849,96,96,0,0
52850,107,110,-3,3
52851,46,49,-3,3
52852,103,115,-12,12
52853,122,117,5,5
52854,117,114,3,3
52855,69,81,-12,12
52856,100,108,-8,8
52857,70,64,6,6
52858,96,108,-12,12
52859,89,87,2,2
52860,112,120,-8,8
52861,93,110,-17,17
52862,104,103,1,1
52863,79,79,0,0
52864,150,139,11,11
52865,145,142,3,3
52866,135,138,-3,3
52867,61,63,-2,2
52868,75,77,-2,2
52869,63,60,3,3
52870,77,79,-2,2
52871,115,121,-6,6
52872,94,89,5,5
52873,60,58,2,2
52874,99,98,1,1
52875,162,165,-3,3
52876,89,94,-5,5
52877,84,86,-2,2
52878,90,97,-7,7
52879,132,126,6,6
52880,106,98,8,8
52881,50,44,6,6
52882,66,59,7,7
52883,153,142,11,11
52884,55,57,-2,2
52885,92,89,3,3
52886,113,114,-1,1
52887,54,57,-3,3
52888,132,126,6,6
52889,116,107,9,9
52890,88,213,-125,125
52891,127,124,3,3
52892,80,83,-3,3
52893,125,114,11,11
52894,108,98,10,10
52895,104,108,-4,4
52896,62,70,-8,8
52897,76,78,-2,2
52898,77,81,-4,4
52899,120,116,4,4
52900,71,75,-4,4
52901,54,65,-11,11
52902,115,122,-7,7
52903,138,142,-4,4
52904,95,88,7,7
52905,31,36,-5,5
52906,46,43,3,3
52907,147,127,20,20
52908,129,138,-9,9
52909,82,70,12,12
52910,81,89,-8,8
52911,62,63,-1,1
52912,140,135,5,5
52913,101,99,2,2
52914,120,109,11,11
52915,48,46,2,2
52916,132,128,4,4
52917,164,148,16,16
52918,48,62,-14,14
52919,81,93,-12,12
52920,74,80,-6,6
52921,79,92,-13,13
52922,97,97,0,0
52923,81,88,-7,7
52924,47,50,-3,3
52925,97,102,-5,5
52926,59,68,-9,9
52927,68,64,4,4
52928,67,68,-1,1
52929,66,67,-1,1
52930,143,129,14,14
52931,88,85,3,3
52932,96,95,1,1
52933,169,140,29,29
52934,106,95,11,11
52935,106,110,-4,4
52936,78,79,-1,1
52937,107,113,-6,6
52938,132,142,-10,10
52939,88,75,13,13
52940,68,79,-11,11
52941,104,104,0,0
52942,79,84,-5,5
52943,96,88,8,8
52944,159,154,5,5
52945,133,133,0,0
52946,81,84,-3,3
52947,67,75,-8,8
52948,86,87,-1,1
52949,75,75,0,0
52950,106,112,-6,6
52951,55,63,-8,8
52952,167,149,18,18
52953,33,37,-4,4
52954,114,123,-9,9
52955,153,133,20,20
52956,76,73,3,3
52957,74,82,-8,8
52958,152,156,-4,4
52959,176,133,43,43
52960,86,83,3,3
52961,191,164,27,27
52962,116,113,3,3
52963,87,83,4,4
52964,133,132,1,1
52965,131,135,-4,4
52966,96,94,2,2
52967,113,118,-5,5
52968,52,52,0,0
52969,68,73,-5,5
52970,110,109,1,1
52971,58,60,-2,2
52972,104,124,-20,20
52973,93,93,0,0
52974,118,121,-3,3
52975,92,94,-2,2
52976,77,81,-4,4
52977,43,44,-1,1
52978,19,37,-18,18
52979,156,138,18,18
52980,145,143,2,2
52981,85,86,-1,1
52982,85,73,12,12
52983,121,113,8,8
52984,76,77,-1,1
52985,137,141,-4,4
52986,76,76,0,0
52987,91,86,5,5
52988,93,87,6,6
52989,133,140,-7,7
52990,128,117,11,11
52991,106,110,-4,4
52992,77,79,-2,2
52993,104,97,7,7
52994,82,76,6,6
52995,77,80,-3,3
52996,91,107,-16,16
52997,73,98,-25,25
52998,144,133,11,11
52999,103,99,4,4
53000,97,115,-18,18
53001,238,221,17,17
53002,87,85,2,2
53003,135,128,7,7
53004,63,65,-2,2
53005,95,91,4,4
53006,42,43,-1,1
53007,69,73,-4,4
53008,98,90,8,8
53009,147,146,1,1
53010,108,115,-7,7
53011,52,54,-2,2
53012,69,68,1,1
53013,92,71,21,21
53014,129,135,-6,6
53015,83,88,-5,5
53016,108,114,-6,6
53017,126,134,-8,8
53018,84,83,1,1
53019,86,73,13,13
53020,82,101,-19,19
53021,88,90,-2,2
53022,101,85,16,16
53023,130,121,9,9
53024,83,83,0,0
53025,118,128,-10,10
53026,106,108,-2,2
53027,108,114,-6,6
53028,85,70,15,15
53029,133,124,9,9
53030,77,72,5,5
53031,110,101,9,9
53032,71,79,-8,8
53033,72,81,-9,9
53034,44,45,-1,1
53035,69,66,3,3
53036,106,98,8,8
53037,103,99,4,4
53038,82,78,4,4
53039,119,127,-8,8
53040,94,99,-5,5
53041,67,69,-2,2
53042,81,77,4,4
53043,102,104,-2,2
53044,68,64,4,4
53045,154,136,18,18
53046,80,77,3,3
53047,120,115,5,5
53048,59,58,1,1
53049,149,149,0,0
53050,66,72,-6,6
53051,80,68,12,12
53052,61,61,0,0
53053,40,47,-7,7
53054,80,85,-5,5
53055,54,54,0,0
53056,90,106,-16,16
53057,107,101,6,6
53058,62,64,-2,2
53059,157,162,-5,5
53060,113,109,4,4
53061,107,119,-12,12
53062,87,75,12,12
53063,90,91,-1,1
53064,155,148,7,7
53065,37,49,-12,12
53066,66,71,-5,5
53067,92,95,-3,3
53068,74,72,2,2
53069,38,39,-1,1
53070,83,78,5,5
53071,90,100,-10,10
53072,262,318,-56,56
53073,83,82,1,1
53074,65,62,3,3
53075,84,76,8,8
53076,50,54,-4,4
53077,95,108,-13,13
53078,80,87,-7,7
53079,135,126,9,9
53080,75,71,4,4
53081,79,82,-3,3
53082,179,171,8,8
53083,119,119,0,0
53084,89,77,12,12
53085,58,67,-9,9
53086,98,108,-10,10
53087,58,59,-1,1
53088,62,62,0,0
53089,65,63,2,2
53090,90,87,3,3
53091,134,124,10,10
53092,61,64,-3,3
53093,142,138,4,4
53094,71,76,-5,5
53095,147,123,24,24
53096,122,122,0,0
53097,151,141,10,10
53098,105,104,1,1
53099,56,58,-2,2
53100,124,129,-5,5
53101,140,148,-8,8
53102,107,102,5,5
53103,103,111,-8,8
53104,98,92,6,6
53105,63,58,5,5
53106,51,56,-5,5
53107,81,78,3,3
53108,65,72,-7,7
53109,150,144,6,6
53110,134,131,3,3
53111,46,44,2,2
53112,120,109,11,11
53113,80,84,-4,4
53114,93,91,2,2
53115,176,158,18,18
53116,115,126,-11,11
53117,128,128,0,0
53118,143,137,6,6
53119,55,54,1,1
53120,85,74,11,11
53121,102,93,9,9
53122,54,57,-3,3
53123,151,123,28,28
53124,83,75,8,8
53125,47,47,0,0
53126,80,76,4,4
53127,126,118,8,8
53128,105,110,-5,5
53129,103,111,-8,8
53130,70,77,-7,7
53131,64,64,0,0
53132,116,118,-2,2
53133,124,137,-13,13
53134,89,86,3,3
53135,73,76,-3,3
53136,131,138,-7,7
53137,120,115,5,5
53138,102,98,4,4
53139,88,81,7,7
53140,82,83,-1,1
53141,88,86,2,2
53142,135,116,19,19
53143,119,113,6,6
53144,67,75,-8,8
53145,55,52,3,3
53146,170,165,5,5
53147,125,132,-7,7
53148,132,117,15,15
53149,146,145,1,1
53150,83,79,4,4
53151,85,78,7,7
53152,101,107,-6,6
53153,84,88,-4,4
53154,135,128,7,7
53155,54,54,0,0
53156,74,65,9,9
53157,72,75,-3,3
53158,112,92,20,20
53159,137,137,0,0
53160,82,71,11,11
53161,121,111,10,10
53162,83,84,-1,1
53163,112,120,-8,8
53164,66,59,7,7
53165,90,86,4,4
53166,111,118,-7,7
53167,70,77,-7,7
53168,98,102,-4,4
53169,101,96,5,5
53170,108,101,7,7
53171,77,79,-2,2
53172,94,98,-4,4
53173,77,82,-5,5
53174,52,67,-15,15
53175,114,115,-1,1
53176,79,81,-2,2
53177,43,56,-13,13
53178,110,98,12,12
53179,51,53,-2,2
53180,81,78,3,3
53181,122,115,7,7
53182,128,131,-3,3
53183,92,106,-14,14
53184,111,110,1,1
53185,106,95,11,11
53186,56,60,-4,4
53187,137,123,14,14
53188,75,69,6,6
53189,71,70,1,1
53190,67,68,-1,1
53191,89,87,2,2
53192,96,97,-1,1
53193,106,111,-5,5
53194,71,67,4,4
53195,128,118,10,10
53196,63,67,-4,4
53197,82,76,6,6
53198,67,67,0,0
53199,80,79,1,1
53200,124,120,4,4
53201,117,113,4,4
53202,115,125,-10,10
53203,107,110,-3,3
53204,65,66,-1,1
53205,119,120,-1,1
53206,88,95,-7,7
53207,53,59,-6,6
53208,156,148,8,8
53209,71,70,1,1
53210,89,87,2,2
53211,88,77,11,11
53212,113,111,2,2
53213,43,48,-5,5
53214,106,109,-3,3
53215,85,83,2,2
53216,108,128,-20,20
53217,70,62,8,8
53218,163,158,5,5
53219,102,108,-6,6
53220,74,76,-2,2
53221,60,63,-3,3
53222,107,108,-1,1
53223,59,86,-27,27
53224,90,74,16,16
53225,134,127,7,7
53226,159,152,7,7
53227,99,91,8,8
53228,75,77,-2,2
53229,62,57,5,5
53230,93,95,-2,2
53231,101,96,5,5
53232,61,66,-5,5
53233,88,76,12,12
53234,99,103,-4,4
53235,45,49,-4,4
53236,65,69,-4,4
53237,120,109,11,11
53238,85,87,-2,2
53239,76,79,-3,3
53240,111,104,7,7
53241,75,78,-3,3
53242,96,98,-2,2
53243,134,119,15,15
53244,62,62,0,0
53245,69,66,3,3
53246,95,93,2,2
53247,93,87,6,6
53248,73,71,2,2
53249,89,76,13,13
53250,59,52,7,7
53251,73,66,7,7
53252,115,118,-3,3
53253,86,85,1,1
53254,141,158,-17,17
53255,109,130,-21,21
53256,112,98,14,14
53257,74,79,-5,5
53258,57,58,-1,1
53259,61,66,-5,5
53260,104,108,-4,4
53261,111,97,14,14
53262,80,79,1,1
53263,107,101,6,6
53264,43,52,-9,9
53265,71,81,-10,10
53266,54,54,0,0
53267,74,83,-9,9
53268,77,75,2,2
53269,86,98,-12,12
53270,65,69,-4,4
53271,103,91,12,12
53272,67,74,-7,7
53273,77,67,10,10
53274,53,60,-7,7
53275,128,110,18,18
53276,75,81,-6,6
53277,111,134,-23,23
53278,94,94,0,0
53279,93,90,3,3
53280,131,117,14,14
53281,61,90,-29,29
53282,69,62,7,7
53283,70,56,14,14
53284,50,54,-4,4
53285,69,64,5,5
53286,101,95,6,6
53287,86,80,6,6
53288,98,94,4,4
53289,140,105,35,35
53290,88,88,0,0
53291,51,55,-4,4
53292,72,76,-4,4
53293,109,114,-5,5
53294,67,79,-12,12
53295,114,106,8,8
53296,98,91,7,7
53297,98,108,-10,10
53298,107,117,-10,10
53299,133,142,-9,9
53300,161,161,0,0
53301,161,133,28,28
53302,125,121,4,4
53303,90,90,0,0
53304,112,115,-3,3
53305,61,64,-3,3
53306,186,179,7,7
53307,102,112,-10,10
53308,273,275,-2,2
53309,125,129,-4,4
53310,124,133,-9,9
53311,115,111,4,4
53312,86,81,5,5
53313,67,70,-3,3
53314,90,94,-4,4
53315,146,139,7,7
53316,64,64,0,0
53317,78,76,2,2
53318,73,68,5,5
53319,132,124,8,8
53320,78,78,0,0
53321,108,115,-7,7
53322,72,67,5,5
53323,112,121,-9,9
53324,110,110,0,0
53325,157,147,10,10
53326,87,81,6,6
53327,63,63,0,0
53328,47,48,-1,1
53329,55,57,-2,2
53330,57,54,3,3
53331,77,81,-4,4
53332,73,70,3,3
53333,52,53,-1,1
53334,60,75,-15,15
53335,171,181,-10,10
53336,153,147,6,6
53337,128,129,-1,1
53338,101,99,2,2
53339,58,60,-2,2
53340,67,67,0,0
53341,58,61,-3,3
53342,69,68,1,1
53343,198,175,23,23
53344,85,79,6,6
53345,96,85,11,11
53346,68,90,-22,22
53347,80,79,1,1
53348,56,65,-9,9
53349,67,68,-1,1
53350,57,57,0,0
53351,39,46,-7,7
53352,81,86,-5,5
53353,117,116,1,1
53354,104,109,-5,5
53355,105,111,-6,6
53356,83,82,1,1
53357,135,135,0,0
53358,76,65,11,11
53359,122,116,6,6
53360,78,81,-3,3
53361,37,46,-9,9
53362,134,122,12,12
53363,71,64,7,7
53364,119,115,4,4
53365,23,39,-16,16
53366,145,141,4,4
53367,99,99,0,0
53368,70,78,-8,8
53369,41,61,-20,20
53370,82,89,-7,7
53371,102,95,7,7
53372,64,62,2,2
53373,60,60,0,0
53374,157,148,9,9
53375,144,129,15,15
53376,107,111,-4,4
53377,108,116,-8,8
53378,79,77,2,2
53379,77,86,-9,9
53380,102,96,6,6
53381,62,63,-1,1
53382,87,91,-4,4
53383,156,144,12,12
53384,59,59,0,0
53385,54,58,-4,4
53386,114,118,-4,4
53387,87,100,-13,13
53388,132,131,1,1
53389,135,135,0,0
53390,126,113,13,13
53391,105,112,-7,7
53392,95,102,-7,7
53393,101,97,4,4
53394,51,60,-9,9
53395,63,69,-6,6
53396,149,145,4,4
53397,72,62,10,10
53398,147,140,7,7
53399,67,66,1,1
53400,106,112,-6,6
53401,98,108,-10,10
53402,100,92,8,8
53403,93,101,-8,8
53404,69,73,-4,4
53405,116,133,-17,17
53406,88,84,4,4
53407,114,137,-23,23
53408,53,56,-3,3
53409,55,54,1,1
53410,86,94,-8,8
53411,110,102,8,8
53412,82,80,2,2
53413,87,81,6,6
53414,60,56,4,4
53415,59,58,1,1
53416,72,69,3,3
53417,99,88,11,11
53418,111,97,14,14
53419,105,109,-4,4
53420,110,103,7,7
53421,56,57,-1,1
53422,126,137,-11,11
53423,75,78,-3,3
53424,56,56,0,0
53425,119,137,-18,18
53426,98,99,-1,1
53427,171,167,4,4
53428,169,145,24,24
53429,126,127,-1,1
53430,194,169,25,25
53431,112,108,4,4
53432,73,74,-1,1
53433,106,109,-3,3
53434,101,88,13,13
53435,119,111,8,8
53436,96,84,12,12
53437,58,60,-2,2
53438,89,94,-5,5
53439,78,84,-6,6
53440,85,89,-4,4
53441,87,86,1,1
53442,70,76,-6,6
53443,50,59,-9,9
53444,51,58,-7,7
53445,91,86,5,5
53446,79,82,-3,3
53447,98,98,0,0
53448,117,127,-10,10
53449,94,102,-8,8
53450,141,135,6,6
53451,133,135,-2,2
53452,48,53,-5,5
53453,121,119,2,2
53454,90,92,-2,2
53455,50,64,-14,14
53456,69,78,-9,9
53457,90,108,-18,18
53458,83,83,0,0
53459,89,102,-13,13
53460,84,88,-4,4
53461,72,66,6,6
53462,65,69,-4,4
53463,93,90,3,3
53464,70,66,4,4
53465,68,69,-1,1
53466,128,141,-13,13
53467,102,85,17,17
53468,111,114,-3,3
53469,54,53,1,1
53470,94,107,-13,13
53471,102,96,6,6
53472,104,99,5,5
53473,90,92,-2,2
53474,96,98,-2,2
53475,119,127,-8,8
53476,80,86,-6,6
53477,77,75,2,2
53478,228,266,-38,38
53479,134,116,18,18
53480,140,152,-12,12
53481,47,48,-1,1
53482,113,112,1,1
53483,58,60,-2,2
53484,34,36,-2,2
53485,46,43,3,3
53486,68,63,5,5
53487,68,69,-1,1
53488,43,48,-5,5
53489,74,79,-5,5
53490,88,95,-7,7
53491,130,141,-11,11
53492,112,94,18,18
53493,91,84,7,7
53494,70,72,-2,2
53495,137,133,4,4
53496,67,56,11,11
53497,90,83,7,7
53498,137,126,11,11
53499,83,91,-8,8
53500,105,117,-12,12
53501,78,82,-4,4
53502,93,77,16,16
53503,88,80,8,8
53504,65,60,5,5
53505,105,96,9,9
53506,131,136,-5,5
53507,52,52,0,0
53508,48,57,-9,9
53509,127,134,-7,7
53510,70,84,-14,14
53511,62,57,5,5
53512,119,123,-4,4
53513,75,79,-4,4
53514,90,81,9,9
53515,60,68,-8,8
53516,133,127,6,6
53517,86,81,5,5
53518,77,83,-6,6
53519,81,82,-1,1
53520,98,100,-2,2
53521,101,104,-3,3
53522,70,70,0,0
53523,86,78,8,8
53524,111,117,-6,6
53525,99,92,7,7
53526,62,63,-1,1
53527,111,114,-3,3
53528,57,57,0,0
53529,93,94,-1,1
53530,77,81,-4,4
53531,122,122,0,0
53532,96,103,-7,7
53533,52,54,-2,2
53534,66,56,10,10
53535,102,102,0,0
53536,79,94,-15,15
53537,83,93,-10,10
53538,90,91,-1,1
53539,117,111,6,6
53540,87,84,3,3
53541,127,117,10,10
53542,50,59,-9,9
53543,62,67,-5,5
53544,63,77,-14,14
53545,80,73,7,7
53546,111,135,-24,24
53547,53,43,10,10
53548,105,105,0,0
53549,97,87,10,10
53550,48,47,1,1
53551,66,69,-3,3
53552,113,117,-4,4
53553,142,137,5,5
53554,42,42,0,0
53555,55,53,2,2
53556,111,97,14,14
53557,89,85,4,4
53558,76,90,-14,14
53559,126,117,9,9
53560,103,108,-5,5
53561,53,60,-7,7
53562,90,91,-1,1
53563,66,59,7,7
53564,60,65,-5,5
53565,49,57,-8,8
53566,230,202,28,28
53567,64,64,0,0
53568,104,106,-2,2
53569,82,83,-1,1
53570,157,152,5,5
53571,53,51,2,2
53572,93,98,-5,5
53573,76,72,4,4
53574,61,67,-6,6
53575,100,91,9,9
53576,52,58,-6,6
53577,69,67,2,2
53578,117,117,0,0
53579,124,118,6,6
53580,100,109,-9,9
53581,149,124,25,25
53582,99,99,0,0
53583,120,109,11,11
53584,79,85,-6,6
53585,177,171,6,6
53586,62,65,-3,3
53587,99,93,6,6
53588,157,148,9,9
53589,117,120,-3,3
53590,98,95,3,3
53591,68,65,3,3
53592,85,81,4,4
53593,91,101,-10,10
53594,106,94,12,12
53595,129,126,3,3
53596,134,123,11,11
53597,85,84,1,1
53598,122,126,-4,4
53599,89,90,-1,1
53600,46,52,-6,6
53601,91,94,-3,3
53602,136,132,4,4
53603,52,48,4,4
53604,98,108,-10,10
53605,98,88,10,10
53606,129,127,2,2
53607,49,50,-1,1
53608,75,69,6,6
53609,70,74,-4,4
53610,102,94,8,8
53611,114,111,3,3
53612,31,41,-10,10
53613,120,115,5,5
53614,108,110,-2,2
53615,84,88,-4,4
53616,61,64,-3,3
53617,150,149,1,1
53618,52,75,-23,23
53619,44,49,-5,5
53620,71,77,-6,6
53621,62,67,-5,5
53622,74,78,-4,4
53623,100,98,2,2
53624,83,88,-5,5
53625,82,86,-4,4
53626,149,130,19,19
53627,113,120,-7,7
53628,99,90,9,9
53629,94,95,-1,1
53630,77,83,-6,6
53631,116,128,-12,12
53632,154,154,0,0
53633,84,84,0,0
53634,116,104,12,12
53635,169,162,7,7
53636,126,122,4,4
53637,31,35,-4,4
53638,84,82,2,2
53639,81,81,0,0
53640,109,108,1,1
53641,96,95,1,1
53642,78,75,3,3
53643,100,100,0,0
53644,101,98,3,3
53645,63,72,-9,9
53646,118,119,-1,1
53647,119,113,6,6
53648,70,67,3,3
53649,82,73,9,9
53650,57,56,1,1
53651,89,91,-2,2
53652,124,117,7,7
53653,67,71,-4,4
53654,87,80,7,7
53655,115,109,6,6
53656,76,70,6,6
53657,63,65,-2,2
53658,105,100,5,5
53659,77,71,6,6
53660,124,129,-5,5
53661,84,79,5,5
53662,52,47,5,5
53663,55,58,-3,3
53664,120,112,8,8
53665,206,180,26,26
53666,67,72,-5,5
53667,93,94,-1,1
53668,67,71,-4,4
53669,71,65,6,6
53670,87,76,11,11
53671,72,66,6,6
53672,108,109,-1,1
53673,116,112,4,4
53674,62,57,5,5
53675,61,69,-8,8
53676,57,60,-3,3
53677,100,95,5,5
53678,78,73,5,5
53679,93,95,-2,2
53680,102,104,-2,2
53681,187,186,1,1
53682,88,80,8,8
53683,100,100,0,0
53684,169,168,1,1
53685,160,163,-3,3
53686,142,138,4,4
53687,146,148,-2,2
53688,81,86,-5,5
53689,41,44,-3,3
53690,111,93,18,18
53691,124,118,6,6
53692,114,119,-5,5
53693,133,139,-6,6
53694,88,78,10,10
53695,90,83,7,7
53696,76,75,1,1
53697,83,94,-11,11
53698,130,125,5,5
53699,48,62,-14,14
53700,85,98,-13,13
53701,77,74,3,3
53702,130,130,0,0
53703,118,107,11,11
53704,106,108,-2,2
53705,67,73,-6,6
53706,111,115,-4,4
53707,94,85,9,9
53708,69,68,1,1
53709,76,87,-11,11
53710,96,88,8,8
53711,84,75,9,9
53712,144,118,26,26
53713,66,77,-11,11
53714,86,83,3,3
53715,56,62,-6,6
53716,103,112,-9,9
53717,154,145,9,9
53718,80,75,5,5
53719,89,86,3,3
53720,63,69,-6,6
53721,90,95,-5,5
53722,102,92,10,10
53723,132,135,-3,3
53724,103,107,-4,4
53725,138,133,5,5
53726,107,102,5,5
53727,84,87,-3,3
53728,158,145,13,13
53729,143,143,0,0
53730,83,85,-2,2
53731,101,94,7,7
53732,42,51,-9,9
53733,156,148,8,8
53734,96,98,-2,2
53735,124,135,-11,11
53736,91,91,0,0
53737,139,135,4,4
53738,80,74,6,6
53739,95,92,3,3
53740,95,91,4,4
53741,83,86,-3,3
53742,88,89,-1,1
53743,120,123,-3,3
53744,79,81,-2,2
53745,114,109,5,5
53746,54,58,-4,4
53747,72,80,-8,8
53748,122,112,10,10
53749,125,128,-3,3
53750,100,96,4,4
53751,90,98,-8,8
53752,92,91,1,1
53753,85,83,2,2
53754,115,113,2,2
53755,76,71,5,5
53756,94,108,-14,14
53757,128,118,10,10
53758,49,83,-34,34
53759,134,122,12,12
53760,114,116,-2,2
53761,75,73,2,2
53762,71,67,4,4
53763,131,130,1,1
53764,110,109,1,1
53765,113,109,4,4
53766,79,87,-8,8
53767,90,80,10,10
53768,112,98,14,14
53769,92,92,0,0
53770,141,132,9,9
53771,46,49,-3,3
53772,103,99,4,4
53773,124,127,-3,3
53774,98,94,4,4
53775,106,92,14,14
53776,95,85,10,10
53777,50,54,-4,4
53778,98,92,6,6
53779,127,124,3,3
53780,147,144,3,3
53781,136,131,5,5
53782,68,66,2,2
53783,133,128,5,5
53784,112,115,-3,3
53785,73,69,4,4
53786,104,109,-5,5
53787,118,115,3,3
53788,84,91,-7,7
53789,66,67,-1,1
53790,74,71,3,3
53791,71,63,8,8
53792,122,118,4,4
53793,88,87,1,1
53794,90,97,-7,7
53795,44,50,-6,6
53796,68,79,-11,11
53797,72,79,-7,7
53798,141,136,5,5
53799,84,109,-25,25
53800,120,117,3,3
53801,46,40,6,6
53802,59,57,2,2
53803,136,131,5,5
53804,47,49,-2,2
53805,57,62,-5,5
53806,64,77,-13,13
53807,114,100,14,14
53808,75,68,7,7
53809,72,76,-4,4
53810,58,53,5,5
53811,70,73,-3,3
53812,146,137,9,9
53813,83,96,-13,13
53814,116,131,-15,15
53815,143,141,2,2
53816,118,100,18,18
53817,200,174,26,26
53818,116,103,13,13
53819,124,119,5,5
53820,142,145,-3,3
53821,184,162,22,22
53822,137,130,7,7
53823,76,86,-10,10
53824,96,93,3,3
53825,52,50,2,2
53826,91,83,8,8
53827,55,56,-1,1
53828,95,85,10,10
53829,59,67,-8,8
53830,145,147,-2,2
53831,84,72,12,12
53832,112,116,-4,4
53833,63,74,-11,11
53834,60,62,-2,2
53835,134,132,2,2
53836,88,80,8,8
53837,72,72,0,0
53838,107,118,-11,11
53839,74,67,7,7
53840,94,84,10,10
53841,84,79,5,5
53842,55,72,-17,17
53843,30,35,-5,5
53844,31,44,-13,13
53845,77,81,-4,4
53846,74,72,2,2
53847,99,86,13,13
53848,148,142,6,6
53849,70,76,-6,6
53850,86,79,7,7
53851,124,140,-16,16
53852,144,144,0,0
53853,77,72,5,5
53854,117,112,5,5
53855,78,71,7,7
53856,53,65,-12,12
53857,105,98,7,7
53858,79,68,11,11
53859,127,120,7,7
53860,94,84,10,10
53861,159,158,1,1
53862,90,88,2,2
53863,71,76,-5,5
53864,156,147,9,9
53865,140,137,3,3
53866,57,47,10,10
53867,91,91,0,0
53868,61,61,0,0
53869,91,94,-3,3
53870,54,58,-4,4
53871,78,75,3,3
53872,133,118,15,15
53873,121,114,7,7
53874,151,149,2,2
53875,119,117,2,2
53876,76,109,-33,33
53877,98,92,6,6
53878,97,93,4,4
53879,41,42,-1,1
53880,149,164,-15,15
53881,119,118,1,1
53882,80,81,-1,1
53883,67,63,4,4
53884,70,70,0,0
53885,120,114,6,6
53886,125,126,-1,1
53887,76,79,-3,3
53888,77,79,-2,2
53889,89,93,-4,4
53890,63,59,4,4
53891,163,153,10,10
53892,51,49,2,2
53893,68,66,2,2
53894,131,135,-4,4
53895,109,111,-2,2
53896,61,57,4,4
53897,118,132,-14,14
53898,103,101,2,2
53899,137,118,19,19
53900,93,88,5,5
53901,116,97,19,19
53902,61,65,-4,4
53903,80,84,-4,4
53904,88,89,-1,1
53905,121,129,-8,8
53906,63,64,-1,1
53907,150,146,4,4
53908,130,127,3,3
53909,112,109,3,3
53910,48,55,-7,7
53911,159,157,2,2
53912,75,68,7,7
53913,66,74,-8,8
53914,75,76,-1,1
53915,70,69,1,1
53916,80,74,6,6
53917,95,93,2,2
53918,57,52,5,5
53919,79,71,8,8
53920,69,64,5,5
53921,60,56,4,4
53922,115,109,6,6
53923,121,97,24,24
53924,71,62,9,9
53925,88,82,6,6
53926,97,94,3,3
53927,56,62,-6,6
53928,107,97,10,10
53929,35,43,-8,8
53930,112,113,-1,1
53931,74,77,-3,3
53932,80,82,-2,2
53933,89,100,-11,11
53934,81,86,-5,5
53935,142,143,-1,1
53936,109,114,-5,5
53937,118,109,9,9
53938,93,90,3,3
53939,127,128,-1,1
53940,84,85,-1,1
53941,135,135,0,0
53942,128,129,-1,1
53943,88,80,8,8
53944,77,83,-6,6
53945,73,76,-3,3
53946,92,85,7,7
53947,163,165,-2,2
53948,117,112,5,5
53949,186,177,9,9
53950,118,124,-6,6
53951,79,66,13,13
53952,81,83,-2,2
53953,114,131,-17,17
53954,83,80,3,3
53955,89,80,9,9
53956,139,141,-2,2
53957,85,85,0,0
53958,52,60,-8,8
53959,112,108,4,4
53960,79,78,1,1
53961,90,86,4,4
53962,102,102,0,0
53963,86,85,1,1
53964,83,79,4,4
53965,149,142,7,7
53966,50,54,-4,4
53967,73,72,1,1
53968,66,65,1,1
53969,106,111,-5,5
53970,78,74,4,4
53971,85,85,0,0
53972,97,106,-9,9
53973,50,52,-2,2
53974,126,140,-14,14
53975,83,90,-7,7
53976,98,92,6,6
53977,75,71,4,4
53978,93,92,1,1
53979,143,129,14,14
53980,142,125,17,17
53981,55,65,-10,10
53982,68,64,4,4
53983,61,59,2,2
53984,68,69,-1,1
53985,119,99,20,20
53986,85,78,7,7
53987,56,51,5,5
53988,105,113,-8,8
53989,74,72,2,2
53990,61,62,-1,1
53991,125,129,-4,4
53992,49,47,2,2
53993,117,126,-9,9
53994,109,111,-2,2
53995,108,121,-13,13
53996,153,157,-4,4
53997,59,54,5,5
53998,173,161,12,12
53999,90,88,2,2
54000,102,99,3,3
54001,53,57,-4,4
54002,91,98,-7,7
54003,162,130,32,32
54004,129,124,5,5
54005,110,110,0,0
54006,80,71,9,9
54007,94,85,9,9
54008,107,105,2,2
54009,57,62,-5,5
54010,109,110,-1,1
54011,73,73,0,0
54012,229,207,22,22
54013,170,167,3,3
54014,70,68,2,2
54015,104,111,-7,7
54016,83,77,6,6
54017,101,95,6,6
54018,86,90,-4,4
54019,108,109,-1,1
54020,96,95,1,1
54021,80,86,-6,6
54022,68,72,-4,4
54023,91,85,6,6
54024,112,117,-5,5
54025,122,116,6,6
54026,132,115,17,17
54027,96,96,0,0
54028,81,89,-8,8
54029,80,93,-13,13
54030,101,94,7,7
54031,117,115,2,2
54032,100,94,6,6
54033,83,97,-14,14
54034,93,90,3,3
54035,103,108,-5,5
54036,48,57,-9,9
54037,110,108,2,2
54038,128,120,8,8
54039,37,41,-4,4
54040,110,120,-10,10
54041,94,92,2,2
54042,127,140,-13,13
54043,70,67,3,3
54044,112,109,3,3
54045,189,188,1,1
54046,95,102,-7,7
54047,123,127,-4,4
54048,152,148,4,4
54049,85,82,3,3
54050,60,67,-7,7
54051,74,71,3,3
54052,89,88,1,1
54053,97,94,3,3
54054,159,146,13,13
54055,90,94,-4,4
54056,76,76,0,0
54057,83,96,-13,13
54058,71,79,-8,8
54059,105,93,12,12
54060,102,108,-6,6
54061,161,146,15,15
54062,123,112,11,11
54063,85,84,1,1
54064,41,42,-1,1
54065,165,155,10,10
54066,60,91,-31,31
54067,123,128,-5,5
54068,59,54,5,5
54069,51,46,5,5
54070,160,159,1,1
54071,134,146,-12,12
54072,87,91,-4,4
54073,91,88,3,3
54074,52,54,-2,2
54075,111,108,3,3
54076,139,143,-4,4
54077,65,72,-7,7
54078,96,95,1,1
54079,92,87,5,5
54080,77,86,-9,9
54081,106,116,-10,10
54082,194,188,6,6
54083,127,120,7,7
54084,121,108,13,13
54085,140,152,-12,12
54086,129,129,0,0
54087,59,64,-5,5
54088,82,85,-3,3
54089,59,64,-5,5
54090,98,95,3,3
54091,214,187,27,27
54092,107,111,-4,4
54093,122,126,-4,4
54094,75,72,3,3
54095,52,53,-1,1
54096,129,121,8,8
54097,59,58,1,1
54098,64,71,-7,7
54099,144,133,11,11
54100,99,92,7,7
54101,156,148,8,8
54102,173,168,5,5
54103,82,81,1,1
54104,145,130,15,15
54105,105,97,8,8
54106,102,112,-10,10
54107,69,68,1,1
54108,51,51,0,0
54109,44,50,-6,6
54110,30,38,-8,8
54111,118,109,9,9
54112,85,78,7,7
54113,70,70,0,0
54114,61,62,-1,1
54115,69,70,-1,1
54116,81,79,2,2
54117,68,64,4,4
54118,149,142,7,7
54119,47,64,-17,17
54120,53,61,-8,8
54121,143,141,2,2
54122,91,99,-8,8
54123,93,95,-2,2
54124,45,46,-1,1
54125,122,122,0,0
54126,112,109,3,3
54127,165,145,20,20
54128,57,62,-5,5
54129,101,100,1,1
54130,54,58,-4,4
54131,55,55,0,0
54132,74,72,2,2
54133,95,90,5,5
54134,58,91,-33,33
54135,114,126,-12,12
54136,73,90,-17,17
54137,81,77,4,4
54138,63,60,3,3
54139,139,151,-12,12
54140,96,92,4,4
54141,111,112,-1,1
54142,157,145,12,12
54143,167,165,2,2
54144,166,146,20,20
54145,115,120,-5,5
54146,80,76,4,4
54147,166,144,22,22
54148,89,88,1,1
54149,69,66,3,3
54150,34,42,-8,8
54151,92,90,2,2
54152,81,88,-7,7
54153,131,136,-5,5
54154,65,69,-4,4
54155,107,110,-3,3
54156,61,65,-4,4
54157,77,83,-6,6
54158,92,96,-4,4
54159,175,178,-3,3
54160,154,156,-2,2
54161,101,101,0,0
54162,96,88,8,8
54163,82,79,3,3
54164,72,70,2,2
54165,60,63,-3,3
54166,137,127,10,10
54167,44,51,-7,7
54168,77,70,7,7
54169,111,112,-1,1
54170,41,52,-11,11
54171,119,110,9,9
54172,83,83,0,0
54173,108,100,8,8
54174,128,116,12,12
54175,76,88,-12,12
54176,41,51,-10,10
54177,79,77,2,2
54178,175,167,8,8
54179,115,108,7,7
54180,87,94,-7,7
54181,136,123,13,13
54182,76,76,0,0
54183,107,118,-11,11
54184,86,92,-6,6
54185,118,111,7,7
54186,98,94,4,4
54187,73,67,6,6
54188,176,161,15,15
54189,110,100,10,10
54190,73,71,2,2
54191,73,74,-1,1
54192,109,117,-8,8
54193,96,100,-4,4
54194,128,119,9,9
54195,65,62,3,3
54196,81,87,-6,6
54197,76,76,0,0
54198,81,90,-9,9
54199,55,49,6,6
54200,93,92,1,1
54201,138,143,-5,5
54202,127,121,6,6
54203,110,90,20,20
54204,97,89,8,8
54205,106,117,-11,11
54206,70,74,-4,4
54207,84,99,-15,15
54208,103,98,5,5
54209,109,98,11,11
54210,82,78,4,4
54211,82,82,0,0
54212,75,73,2,2
54213,96,92,4,4
54214,74,76,-2,2
54215,50,51,-1,1
54216,80,73,7,7
54217,129,142,-13,13
54218,127,129,-2,2
54219,101,113,-12,12
54220,94,94,0,0
54221,80,82,-2,2
54222,51,52,-1,1
54223,98,97,1,1
54224,93,96,-3,3
54225,138,139,-1,1
54226,127,116,11,11
54227,115,113,2,2
54228,57,61,-4,4
54229,62,66,-4,4
54230,125,129,-4,4
54231,74,83,-9,9
54232,104,97,7,7
54233,112,117,-5,5
54234,101,95,6,6
54235,81,70,11,11
54236,58,63,-5,5
54237,98,86,12,12
54238,60,57,3,3
54239,60,63,-3,3
54240,119,112,7,7
54241,92,89,3,3
54242,79,86,-7,7
54243,72,73,-1,1
54244,59,59,0,0
54245,53,56,-3,3
54246,133,129,4,4
54247,81,91,-10,10
54248,167,154,13,13
54249,110,109,1,1
54250,62,65,-3,3
54251,77,77,0,0
54252,81,90,-9,9
54253,108,90,18,18
54254,107,100,7,7
54255,56,57,-1,1
54256,74,73,1,1
54257,55,74,-19,19
54258,41,41,0,0
54259,95,90,5,5
54260,80,83,-3,3
54261,107,109,-2,2
54262,89,91,-2,2
54263,69,70,-1,1
54264,89,84,5,5
54265,125,115,10,10
54266,139,136,3,3
54267,63,67,-4,4
54268,79,86,-7,7
54269,111,120,-9,9
54270,80,82,-2,2
54271,89,96,-7,7
54272,65,65,0,0
54273,139,133,6,6
54274,105,99,6,6
54275,59,59,0,0
54276,108,97,11,11
54277,71,72,-1,1
54278,57,67,-10,10
54279,65,62,3,3
54280,66,60,6,6
54281,171,171,0,0
54282,69,90,-21,21
54283,137,125,12,12
54284,62,68,-6,6
54285,92,90,2,2
54286,87,80,7,7
54287,131,128,3,3
54288,160,167,-7,7
54289,78,83,-5,5
54290,82,91,-9,9
54291,152,171,-19,19
54292,34,35,-1,1
54293,80,92,-12,12
54294,201,193,8,8
54295,89,90,-1,1
54296,88,93,-5,5
54297,137,134,3,3
54298,58,60,-2,2
54299,87,99,-12,12
54300,106,110,-4,4
54301,67,68,-1,1
54302,57,52,5,5
54303,83,76,7,7
54304,105,94,11,11
54305,187,160,27,27
54306,92,89,3,3
54307,43,43,0,0
54308,130,134,-4,4
54309,103,98,5,5
54310,79,79,0,0
54311,176,170,6,6
54312,120,112,8,8
54313,75,74,1,1
54314,75,71,4,4
54315,77,68,9,9
54316,87,83,4,4
54317,49,58,-9,9
54318,164,144,20,20
54319,142,130,12,12
54320,136,133,3,3
54321,51,54,-3,3
54322,79,81,-2,2
54323,173,167,6,6
54324,118,119,-1,1
54325,75,74,1,1
54326,87,93,-6,6
54327,66,66,0,0
54328,67,71,-4,4
54329,124,121,3,3
54330,62,65,-3,3
54331,88,92,-4,4
54332,87,83,4,4
54333,125,129,-4,4
54334,107,84,23,23
54335,65,58,7,7
54336,50,56,-6,6
54337,80,73,7,7
54338,166,162,4,4
54339,142,135,7,7
54340,171,165,6,6
54341,57,59,-2,2
54342,87,87,0,0
54343,106,95,11,11
54344,95,101,-6,6
54345,108,97,11,11
54346,105,94,11,11
54347,112,110,2,2
54348,101,88,13,13
54349,89,84,5,5
54350,49,53,-4,4
54351,84,81,3,3
54352,101,103,-2,2
54353,66,63,3,3
54354,83,77,6,6
54355,58,59,-1,1
54356,85,89,-4,4
54357,91,115,-24,24
54358,53,67,-14,14
54359,94,96,-2,2
54360,97,82,15,15
54361,76,81,-5,5
54362,45,58,-13,13
54363,49,52,-3,3
54364,150,147,3,3
54365,104,100,4,4
54366,111,117,-6,6
54367,68,61,7,7
54368,93,99,-6,6
54369,100,99,1,1
54370,107,110,-3,3
54371,121,123,-2,2
54372,60,69,-9,9
54373,134,137,-3,3
54374,127,126,1,1
54375,76,75,1,1
54376,122,111,11,11
54377,71,61,10,10
54378,73,80,-7,7
54379,74,69,5,5
54380,133,129,4,4
54381,78,68,10,10
54382,60,72,-12,12
54383,112,129,-17,17
54384,87,90,-3,3
54385,105,97,8,8
54386,62,64,-2,2
54387,76,72,4,4
54388,124,117,7,7
54389,108,116,-8,8
54390,63,61,2,2
54391,192,182,10,10
54392,63,78,-15,15
54393,94,94,0,0
54394,76,96,-20,20
54395,153,149,4,4
54396,145,140,5,5
54397,118,126,-8,8
54398,144,147,-3,3
54399,80,87,-7,7
54400,81,77,4,4
54401,167,148,19,19
54402,112,86,26,26
54403,87,94,-7,7
54404,114,76,38,38
54405,96,98,-2,2
54406,72,72,0,0
54407,148,150,-2,2
54408,105,109,-4,4
54409,138,144,-6,6
54410,80,82,-2,2
54411,79,85,-6,6
54412,92,86,6,6
54413,104,111,-7,7
54414,60,71,-11,11
54415,179,164,15,15
54416,86,81,5,5
54417,32,55,-23,23
54418,134,111,23,23
54419,71,70,1,1
54420,93,93,0,0
54421,112,113,-1,1
54422,117,117,0,0
54423,112,112,0,0
54424,83,86,-3,3
54425,111,114,-3,3
54426,143,140,3,3
54427,84,86,-2,2
54428,58,64,-6,6
54429,78,81,-3,3
54430,116,105,11,11
54431,120,111,9,9
54432,102,92,10,10
54433,155,90,65,65
54434,106,109,-3,3
54435,79,71,8,8
54436,111,118,-7,7
54437,72,71,1,1
54438,59,59,0,0
54439,139,146,-7,7
54440,119,112,7,7
54441,100,96,4,4
54442,59,70,-11,11
54443,67,74,-7,7
54444,149,159,-10,10
54445,74,72,2,2
54446,96,98,-2,2
54447,196,195,1,1
54448,144,143,1,1
54449,101,95,6,6
54450,80,95,-15,15
54451,76,84,-8,8
54452,96,98,-2,2
54453,112,109,3,3
54454,73,92,-19,19
54455,126,122,4,4
54456,92,87,5,5
54457,125,131,-6,6
54458,64,73,-9,9
54459,146,146,0,0
54460,77,93,-16,16
54461,148,144,4,4
54462,126,123,3,3
54463,95,98,-3,3
54464,58,55,3,3
54465,146,136,10,10
54466,148,132,16,16
54467,104,109,-5,5
54468,129,119,10,10
54469,60,56,4,4
54470,83,81,2,2
54471,67,56,11,11
54472,132,123,9,9
54473,82,91,-9,9
54474,34,49,-15,15
54475,76,76,0,0
54476,116,122,-6,6
54477,119,124,-5,5
54478,96,99,-3,3
54479,138,124,14,14
54480,80,81,-1,1
54481,109,111,-2,2
54482,103,98,5,5
54483,57,60,-3,3
54484,41,40,1,1
54485,121,120,1,1
54486,87,80,7,7
54487,125,121,4,4
54488,82,91,-9,9
54489,36,38,-2,2
54490,63,62,1,1
54491,112,111,1,1
54492,90,81,9,9
54493,110,120,-10,10
54494,184,170,14,14
54495,97,98,-1,1
54496,64,70,-6,6
54497,115,102,13,13
54498,85,79,6,6
54499,60,64,-4,4
54500,68,77,-9,9
54501,118,116,2,2
54502,56,70,-14,14
54503,49,63,-14,14
54504,92,97,-5,5
54505,62,60,2,2
54506,131,118,13,13
54507,125,123,2,2
54508,146,149,-3,3
54509,78,78,0,0
54510,69,68,1,1
54511,76,70,6,6
54512,66,68,-2,2
54513,71,73,-2,2
54514,97,102,-5,5
54515,264,248,16,16
54516,38,45,-7,7
54517,134,143,-9,9
54518,70,68,2,2
54519,67,69,-2,2
54520,128,126,2,2
54521,138,109,29,29
54522,101,113,-12,12
54523,76,74,2,2
54524,42,51,-9,9
54525,138,124,14,14
54526,126,120,6,6
54527,80,78,2,2
54528,61,59,2,2
54529,105,91,14,14
54530,113,111,2,2
54531,96,98,-2,2
54532,97,96,1,1
54533,74,85,-11,11
54534,129,131,-2,2
54535,83,80,3,3
54536,87,79,8,8
54537,72,68,4,4
54538,120,112,8,8
54539,95,117,-22,22
54540,62,65,-3,3
54541,54,58,-4,4
54542,80,84,-4,4
54543,109,97,12,12
54544,90,83,7,7
54545,30,27,3,3
54546,103,100,3,3
54547,91,102,-11,11
54548,92,84,8,8
54549,79,87,-8,8
54550,120,119,1,1
54551,131,122,9,9
54552,91,89,2,2
54553,64,65,-1,1
54554,106,109,-3,3
54555,81,81,0,0
54556,86,81,5,5
54557,190,192,-2,2
54558,80,75,5,5
54559,108,116,-8,8
54560,136,143,-7,7
54561,84,83,1,1
54562,122,122,0,0
54563,80,72,8,8
54564,80,74,6,6
54565,143,139,4,4
54566,31,40,-9,9
54567,96,93,3,3
54568,74,65,9,9
54569,130,125,5,5
54570,99,97,2,2
54571,90,94,-4,4
54572,89,81,8,8
54573,122,110,12,12
54574,116,116,0,0
54575,111,117,-6,6
54576,129,120,9,9
54577,97,99,-2,2
54578,122,109,13,13
54579,94,118,-24,24
54580,78,83,-5,5
54581,101,98,3,3
54582,77,83,-6,6
54583,99,109,-10,10
54584,91,107,-16,16
54585,74,74,0,0
54586,120,115,5,5
54587,109,95,14,14
54588,54,62,-8,8
54589,105,94,11,11
54590,140,149,-9,9
54591,175,163,12,12
54592,103,89,14,14
54593,80,84,-4,4
54594,71,77,-6,6
54595,101,96,5,5
54596,91,93,-2,2
54597,75,83,-8,8
54598,51,55,-4,4
54599,59,59,0,0
54600,108,108,0,0
54601,198,178,20,20
54602,48,45,3,3
54603,117,118,-1,1
54604,44,44,0,0
54605,105,109,-4,4
54606,78,82,-4,4
54607,92,99,-7,7
54608,89,86,3,3
54609,68,64,4,4
54610,50,58,-8,8
54611,83,75,8,8
54612,71,68,3,3
54613,96,117,-21,21
54614,146,137,9,9
54615,134,111,23,23
54616,73,99,-26,26
54617,84,110,-26,26
54618,86,92,-6,6
54619,152,144,8,8
54620,59,60,-1,1
54621,183,167,16,16
54622,50,55,-5,5
54623,83,82,1,1
54624,103,94,9,9
54625,63,60,3,3
54626,58,62,-4,4
54627,79,74,5,5
54628,65,86,-21,21
54629,50,57,-7,7
54630,89,83,6,6
54631,132,121,11,11
54632,91,98,-7,7
54633,79,83,-4,4
54634,89,81,8,8
54635,117,123,-6,6
54636,89,79,10,10
54637,109,114,-5,5
54638,124,120,4,4
54639,97,93,4,4
54640,131,133,-2,2
54641,86,85,1,1
54642,77,76,1,1
54643,96,98,-2,2
54644,94,92,2,2
54645,74,72,2,2
54646,129,124,5,5
54647,104,99,5,5
54648,113,121,-8,8
54649,99,96,3,3
54650,63,49,14,14
54651,95,94,1,1
54652,68,78,-10,10
54653,194,157,37,37
54654,99,110,-11,11
54655,123,135,-12,12
54656,119,115,4,4
54657,108,96,12,12
54658,66,82,-16,16
54659,60,58,2,2
54660,58,64,-6,6
54661,183,169,14,14
54662,190,186,4,4
54663,165,148,17,17
54664,80,87,-7,7
54665,166,159,7,7
54666,123,127,-4,4
54667,131,131,0,0
54668,62,71,-9,9
54669,83,71,12,12
54670,125,113,12,12
54671,103,111,-8,8
54672,101,109,-8,8
54673,95,90,5,5
54674,59,63,-4,4
54675,107,100,7,7
54676,79,68,11,11
54677,87,75,12,12
54678,84,88,-4,4
54679,67,66,1,1
54680,75,73,2,2
54681,85,80,5,5
54682,89,79,10,10
54683,105,118,-13,13
54684,71,75,-4,4
54685,150,135,15,15
54686,59,62,-3,3
54687,86,85,1,1
54688,85,85,0,0
54689,110,113,-3,3
54690,76,72,4,4
54691,100,100,0,0
54692,109,98,11,11
54693,110,109,1,1
54694,97,112,-15,15
54695,109,115,-6,6
54696,188,178,10,10
54697,52,54,-2,2
54698,56,60,-4,4
54699,87,85,2,2
54700,72,70,2,2
54701,171,164,7,7
54702,109,102,7,7
54703,86,86,0,0
54704,140,135,5,5
54705,113,111,2,2
54706,89,90,-1,1
54707,102,99,3,3
54708,82,76,6,6
54709,87,84,3,3
54710,85,84,1,1
54711,150,142,8,8
54712,151,128,23,23
54713,65,75,-10,10
54714,150,145,5,5
54715,102,100,2,2
54716,88,84,4,4
54717,108,111,-3,3
54718,38,51,-13,13
54719,123,121,2,2
54720,92,78,14,14
54721,120,115,5,5
54722,108,100,8,8
54723,72,67,5,5
54724,62,56,6,6
54725,105,109,-4,4
54726,71,82,-11,11
54727,99,89,10,10
54728,88,86,2,2
54729,79,92,-13,13
54730,86,86,0,0
54731,116,101,15,15
54732,74,78,-4,4
54733,93,97,-4,4
54734,198,178,20,20
54735,96,94,2,2
54736,78,72,6,6
54737,57,55,2,2
54738,45,52,-7,7
54739,140,139,1,1
54740,76,74,2,2
54741,88,89,-1,1
54742,127,130,-3,3
54743,50,57,-7,7
54744,101,112,-11,11
54745,71,79,-8,8
54746,141,130,11,11
54747,110,119,-9,9
54748,144,132,12,12
54749,114,125,-11,11
54750,66,62,4,4
54751,90,97,-7,7
54752,83,78,5,5
54753,143,128,15,15
54754,81,76,5,5
54755,41,44,-3,3
54756,165,161,4,4
54757,92,97,-5,5
54758,43,65,-22,22
54759,84,74,10,10
54760,58,73,-15,15
54761,74,68,6,6
54762,102,80,22,22
54763,62,72,-10,10
54764,115,109,6,6
54765,93,99,-6,6
54766,155,144,11,11
54767,173,172,1,1
54768,145,138,7,7
54769,75,76,-1,1
54770,116,109,7,7
54771,114,120,-6,6
54772,115,121,-6,6
54773,123,118,5,5
54774,86,97,-11,11
54775,95,90,5,5
54776,59,60,-1,1
54777,123,123,0,0
54778,111,115,-4,4
54779,109,127,-18,18
54780,92,88,4,4
54781,118,135,-17,17
54782,42,45,-3,3
54783,65,69,-4,4
54784,74,73,1,1
54785,144,148,-4,4
54786,139,132,7,7
54787,71,77,-6,6
54788,66,64,2,2
54789,81,83,-2,2
54790,103,110,-7,7
54791,65,64,1,1
54792,137,150,-13,13
54793,86,90,-4,4
54794,64,49,15,15
54795,96,97,-1,1
54796,76,83,-7,7
54797,56,57,-1,1
54798,59,63,-4,4
54799,70,70,0,0
54800,79,74,5,5
54801,92,84,8,8
54802,64,71,-7,7
54803,141,146,-5,5
54804,111,114,-3,3
54805,123,111,12,12
54806,55,63,-8,8
54807,58,60,-2,2
54808,105,89,16,16
54809,124,112,12,12
54810,76,73,3,3
54811,72,86,-14,14
54812,68,74,-6,6
54813,39,45,-6,6
54814,83,74,9,9
54815,90,85,5,5
54816,84,72,12,12
54817,131,118,13,13
54818,100,91,9,9
54819,68,70,-2,2
54820,199,180,19,19
54821,111,111,0,0
54822,63,62,1,1
54823,112,111,1,1
54824,58,61,-3,3
54825,167,163,4,4
54826,167,156,11,11
54827,204,189,15,15
54828,88,87,1,1
54829,112,119,-7,7
54830,109,113,-4,4
54831,74,59,15,15
54832,118,120,-2,2
54833,114,116,-2,2
54834,52,54,-2,2
54835,79,77,2,2
54836,63,63,0,0
54837,34,38,-4,4
54838,75,74,1,1
54839,66,68,-2,2
54840,165,173,-8,8
54841,140,110,30,30
54842,68,70,-2,2
54843,119,113,6,6
54844,109,110,-1,1
54845,79,76,3,3
54846,96,85,11,11
54847,96,93,3,3
54848,58,56,2,2
54849,99,97,2,2
54850,68,72,-4,4
54851,61,57,4,4
54852,89,93,-4,4
54853,135,124,11,11
54854,60,60,0,0
54855,92,93,-1,1
54856,84,76,8,8
54857,84,88,-4,4
54858,94,94,0,0
54859,101,114,-13,13
54860,119,117,2,2
54861,139,147,-8,8
54862,84,82,2,2
54863,204,163,41,41
54864,97,96,1,1
54865,79,87,-8,8
54866,101,108,-7,7
54867,86,83,3,3
54868,84,76,8,8
54869,67,70,-3,3
54870,98,97,1,1
54871,79,77,2,2
54872,90,79,11,11
54873,62,63,-1,1
54874,65,66,-1,1
54875,62,70,-8,8
54876,41,39,2,2
54877,140,126,14,14
54878,167,156,11,11
54879,129,129,0,0
54880,170,187,-17,17
54881,76,77,-1,1
54882,88,86,2,2
54883,57,56,1,1
54884,55,57,-2,2
54885,81,77,4,4
54886,142,134,8,8
54887,118,110,8,8
54888,66,64,2,2
54889,61,69,-8,8
54890,97,99,-2,2
54891,88,85,3,3
54892,101,102,-1,1
54893,64,81,-17,17
54894,116,116,0,0
54895,90,84,6,6
54896,87,95,-8,8
54897,98,88,10,10
54898,111,112,-1,1
54899,67,64,3,3
54900,51,56,-5,5
54901,123,127,-4,4
54902,59,62,-3,3
54903,67,65,2,2
54904,48,50,-2,2
54905,52,61,-9,9
54906,180,183,-3,3
54907,61,65,-4,4
54908,162,150,12,12
54909,76,79,-3,3
54910,57,58,-1,1
54911,90,86,4,4
54912,55,65,-10,10
54913,103,112,-9,9
54914,72,78,-6,6
54915,70,60,10,10
54916,154,142,12,12
54917,113,116,-3,3
54918,108,104,4,4
54919,50,65,-15,15
54920,45,61,-16,16
54921,71,62,9,9
54922,132,128,4,4
54923,164,157,7,7
54924,100,101,-1,1
54925,46,44,2,2
54926,85,80,5,5
54927,88,84,4,4
54928,107,116,-9,9
54929,84,80,4,4
54930,48,50,-2,2
54931,98,100,-2,2
54932,154,151,3,3
54933,115,116,-1,1
54934,69,70,-1,1
54935,47,53,-6,6
54936,79,71,8,8
54937,74,68,6,6
54938,77,82,-5,5
54939,52,57,-5,5
54940,146,139,7,7
54941,74,82,-8,8
54942,122,120,2,2
54943,83,111,-28,28
54944,134,102,32,32
54945,113,124,-11,11
54946,113,110,3,3
54947,100,115,-15,15
54948,77,74,3,3
54949,91,86,5,5
54950,112,145,-33,33
54951,109,101,8,8
54952,97,88,9,9
54953,156,153,3,3
54954,128,124,4,4
54955,88,92,-4,4
54956,68,70,-2,2
54957,69,68,1,1
54958,137,139,-2,2
54959,68,79,-11,11
54960,65,65,0,0
54961,93,88,5,5
54962,58,56,2,2
54963,55,64,-9,9
54964,121,120,1,1
54965,133,134,-1,1
54966,50,55,-5,5
54967,228,214,14,14
54968,101,92,9,9
54969,51,49,2,2
54970,89,87,2,2
54971,63,73,-10,10
54972,70,78,-8,8
54973,41,39,2,2
54974,114,112,2,2
54975,65,64,1,1
54976,83,87,-4,4
54977,61,59,2,2
54978,68,81,-13,13
54979,107,109,-2,2
54980,70,147,-77,77
54981,122,104,18,18
54982,44,46,-2,2
54983,138,138,0,0
54984,178,175,3,3
54985,94,89,5,5
54986,107,93,14,14
54987,63,65,-2,2
54988,84,92,-8,8
54989,124,115,9,9
54990,68,83,-15,15
54991,78,81,-3,3
54992,177,170,7,7
54993,49,59,-10,10
54994,60,56,4,4
54995,63,76,-13,13
54996,39,61,-22,22
54997,88,90,-2,2
54998,150,151,-1,1
54999,105,103,2,2
55000,88,85,3,3
55001,58,51,7,7
55002,47,50,-3,3
55003,135,124,11,11
55004,101,94,7,7
55005,61,64,-3,3
55006,114,100,14,14
55007,75,69,6,6
55008,88,81,7,7
55009,69,65,4,4
55010,95,88,7,7
55011,120,133,-13,13
55012,148,160,-12,12
55013,80,82,-2,2
55014,54,54,0,0
55015,85,83,2,2
55016,123,91,32,32
55017,101,104,-3,3
55018,108,115,-7,7
55019,62,66,-4,4
55020,68,82,-14,14
55021,55,58,-3,3
55022,103,104,-1,1
55023,115,111,4,4
55024,94,89,5,5
55025,77,76,1,1
55026,146,128,18,18
55027,62,66,-4,4
55028,57,58,-1,1
55029,204,194,10,10
55030,52,66,-14,14
55031,111,129,-18,18
55032,67,64,3,3
55033,116,112,4,4
55034,168,168,0,0
55035,47,51,-4,4
55036,75,71,4,4
55037,92,95,-3,3
55038,139,143,-4,4
55039,130,136,-6,6
55040,118,110,8,8
55041,72,77,-5,5
55042,90,93,-3,3
55043,104,81,23,23
55044,99,108,-9,9
55045,98,97,1,1
55046,84,86,-2,2
55047,106,91,15,15
55048,69,66,3,3
55049,72,78,-6,6
55050,86,89,-3,3
55051,122,113,9,9
55052,103,89,14,14
55053,113,117,-4,4
55054,70,61,9,9
55055,73,90,-17,17
55056,79,74,5,5
55057,102,92,10,10
55058,79,79,0,0
55059,67,65,2,2
55060,61,60,1,1
55061,78,86,-8,8
55062,83,77,6,6
55063,91,84,7,7
55064,49,55,-6,6
55065,64,63,1,1
55066,76,79,-3,3
55067,155,152,3,3
55068,90,88,2,2
55069,78,115,-37,37
55070,67,75,-8,8
55071,112,111,1,1
55072,90,87,3,3
55073,98,101,-3,3
55074,93,90,3,3
55075,103,105,-2,2
55076,64,67,-3,3
55077,94,98,-4,4
55078,58,64,-6,6
55079,76,81,-5,5
55080,153,148,5,5
55081,96,82,14,14
55082,151,151,0,0
55083,60,70,-10,10
55084,87,81,6,6
55085,30,41,-11,11
55086,83,77,6,6
55087,107,114,-7,7
55088,114,109,5,5
55089,74,72,2,2
55090,99,114,-15,15
55091,120,119,1,1
55092,89,86,3,3
55093,215,203,12,12
55094,53,52,1,1
55095,74,73,1,1
55096,112,106,6,6
55097,76,78,-2,2
55098,69,67,2,2
55099,146,134,12,12
55100,92,85,7,7
55101,72,70,2,2
55102,184,184,0,0
55103,50,49,1,1
55104,82,78,4,4
55105,90,83,7,7
55106,152,136,16,16
55107,41,50,-9,9
55108,149,145,4,4
55109,83,80,3,3
55110,45,58,-13,13
55111,225,206,19,19
55112,169,158,11,11
55113,44,50,-6,6
55114,118,124,-6,6
55115,108,107,1,1
55116,125,120,5,5
55117,124,123,1,1
55118,65,84,-19,19
55119,164,150,14,14
55120,138,136,2,2
55121,87,82,5,5
55122,51,57,-6,6
55123,98,108,-10,10
55124,64,65,-1,1
55125,63,69,-6,6
55126,101,100,1,1
55127,90,82,8,8
55128,104,94,10,10
55129,140,135,5,5
55130,121,115,6,6
55131,107,105,2,2
55132,85,88,-3,3
55133,116,116,0,0
55134,55,63,-8,8
55135,74,79,-5,5
55136,178,142,36,36
55137,134,117,17,17
55138,62,67,-5,5
55139,113,112,1,1
55140,75,70,5,5
55141,84,80,4,4
55142,88,75,13,13
55143,68,78,-10,10
55144,46,49,-3,3
55145,150,166,-16,16
55146,99,86,13,13
55147,108,104,4,4
55148,118,85,33,33
55149,48,58,-10,10
55150,104,90,14,14
55151,73,63,10,10
55152,109,102,7,7
55153,62,63,-1,1
55154,91,76,15,15
55155,119,121,-2,2
55156,157,155,2,2
55157,117,114,3,3
55158,60,63,-3,3
55159,90,89,1,1
55160,102,99,3,3
55161,100,92,8,8
55162,99,97,2,2
55163,108,96,12,12
55164,90,81,9,9
55165,120,118,2,2
55166,97,96,1,1
55167,78,81,-3,3
55168,105,99,6,6
55169,160,152,8,8
55170,143,137,6,6
55171,112,117,-5,5
55172,152,153,-1,1
55173,153,142,11,11
55174,65,62,3,3
55175,66,69,-3,3
55176,63,64,-1,1
55177,55,80,-25,25
55178,75,75,0,0
55179,91,82,9,9
55180,81,76,5,5
55181,138,126,12,12
55182,120,114,6,6
55183,86,84,2,2
55184,75,72,3,3
55185,15,25,-10,10
55186,71,72,-1,1
55187,158,148,10,10
55188,102,88,14,14
55189,58,61,-3,3
55190,54,48,6,6
55191,77,75,2,2
55192,82,80,2,2
55193,69,67,2,2
55194,92,99,-7,7
55195,132,133,-1,1
55196,109,111,-2,2
55197,192,177,15,15
55198,62,63,-1,1
55199,41,48,-7,7
55200,120,118,2,2
55201,82,80,2,2
55202,116,111,5,5
55203,44,56,-12,12
55204,87,82,5,5
55205,63,73,-10,10
55206,75,82,-7,7
55207,106,95,11,11
55208,198,186,12,12
55209,87,77,10,10
55210,45,45,0,0
55211,95,91,4,4
55212,128,124,4,4
55213,72,69,3,3
55214,80,84,-4,4
55215,144,155,-11,11
55216,83,77,6,6
55217,138,137,1,1
55218,107,95,12,12
55219,42,47,-5,5
55220,105,109,-4,4
55221,129,121,8,8
55222,78,77,1,1
55223,157,142,15,15
55224,135,133,2,2
55225,38,40,-2,2
55226,174,162,12,12
55227,83,83,0,0
55228,79,73,6,6
55229,172,160,12,12
55230,76,66,10,10
55231,106,89,17,17
55232,102,103,-1,1
55233,60,69,-9,9
55234,160,150,10,10
55235,58,58,0,0
55236,66,69,-3,3
55237,93,86,7,7
55238,97,86,11,11
55239,99,109,-10,10
55240,232,228,4,4
55241,111,102,9,9
55242,57,62,-5,5
55243,92,105,-13,13
55244,70,64,6,6
55245,58,71,-13,13
55246,58,55,3,3
55247,80,83,-3,3
55248,119,111,8,8
55249,111,108,3,3
55250,73,72,1,1
55251,72,67,5,5
55252,98,93,5,5
55253,114,118,-4,4
55254,115,110,5,5
55255,180,46,134,134
55256,137,147,-10,10
55257,106,92,14,14
55258,116,115,1,1
55259,161,152,9,9
55260,53,57,-4,4
55261,160,148,12,12
55262,105,110,-5,5
55263,85,82,3,3
55264,137,141,-4,4
55265,78,81,-3,3
55266,152,156,-4,4
55267,107,97,10,10
55268,61,61,0,0
55269,113,100,13,13
55270,145,143,2,2
55271,125,117,8,8
55272,63,64,-1,1
55273,83,87,-4,4
55274,139,124,15,15
55275,79,73,6,6
55276,136,134,2,2
55277,77,80,-3,3
55278,101,91,10,10
55279,54,56,-2,2
55280,103,102,1,1
55281,84,80,4,4
55282,62,64,-2,2
55283,149,153,-4,4
55284,52,54,-2,2
55285,143,145,-2,2
55286,185,176,9,9
55287,121,112,9,9
55288,93,109,-16,16
55289,89,88,1,1
55290,71,71,0,0
55291,96,90,6,6
55292,92,78,14,14
55293,132,128,4,4
55294,110,114,-4,4
55295,81,81,0,0
55296,138,129,9,9
55297,121,124,-3,3
55298,136,126,10,10
55299,108,117,-9,9
55300,102,99,3,3
55301,107,117,-10,10
55302,123,118,5,5
55303,78,75,3,3
55304,123,129,-6,6
55305,191,171,20,20
55306,83,77,6,6
55307,66,69,-3,3
55308,147,137,10,10
55309,75,70,5,5
55310,142,149,-7,7
55311,54,58,-4,4
55312,79,86,-7,7
55313,65,54,11,11
55314,69,70,-1,1
55315,92,90,2,2
55316,116,99,17,17
55317,138,113,25,25
55318,60,63,-3,3
55319,113,112,1,1
55320,107,109,-2,2
55321,71,79,-8,8
55322,87,81,6,6
55323,66,71,-5,5
55324,115,116,-1,1
55325,88,90,-2,2
55326,59,59,0,0
55327,109,107,2,2
55328,101,101,0,0
55329,99,89,10,10
55330,84,80,4,4
55331,79,73,6,6
55332,144,126,18,18
55333,74,81,-7,7
55334,67,70,-3,3
55335,79,85,-6,6
55336,69,70,-1,1
55337,64,71,-7,7
55338,74,68,6,6
55339,122,147,-25,25
55340,88,94,-6,6
55341,85,97,-12,12
55342,135,148,-13,13
55343,150,137,13,13
55344,120,119,1,1
55345,85,80,5,5
55346,87,93,-6,6
55347,69,75,-6,6
55348,136,125,11,11
55349,139,117,22,22
55350,81,83,-2,2
55351,88,89,-1,1
55352,117,116,1,1
55353,127,139,-12,12
55354,83,85,-2,2
55355,53,56,-3,3
55356,41,39,2,2
55357,97,96,1,1
55358,169,168,1,1
55359,112,102,10,10
55360,38,43,-5,5
55361,84,85,-1,1
55362,67,67,0,0
55363,92,85,7,7
55364,110,109,1,1
55365,88,99,-11,11
55366,78,75,3,3
55367,84,90,-6,6
55368,69,72,-3,3
55369,99,96,3,3
55370,101,111,-10,10
55371,86,86,0,0
55372,102,109,-7,7
55373,60,64,-4,4
55374,54,56,-2,2
55375,111,119,-8,8
55376,138,130,8,8
55377,82,74,8,8
55378,96,112,-16,16
55379,62,66,-4,4
55380,161,157,4,4
55381,73,77,-4,4
55382,92,87,5,5
55383,115,118,-3,3
55384,150,142,8,8
55385,78,77,1,1
55386,93,91,2,2
55387,80,78,2,2
55388,88,96,-8,8
55389,89,87,2,2
55390,107,106,1,1
55391,76,70,6,6
55392,115,122,-7,7
55393,96,97,-1,1
55394,119,118,1,1
55395,56,59,-3,3
55396,100,111,-11,11
55397,101,90,11,11
55398,89,81,8,8
55399,75,79,-4,4
55400,106,107,-1,1
55401,68,71,-3,3
55402,69,62,7,7
55403,83,74,9,9
55404,85,92,-7,7
55405,130,128,2,2
55406,64,64,0,0
55407,44,54,-10,10
55408,83,76,7,7
55409,54,92,-38,38
55410,130,116,14,14
55411,91,92,-1,1
55412,59,78,-19,19
55413,109,97,12,12
55414,145,148,-3,3
55415,65,58,7,7
55416,50,48,2,2
55417,147,139,8,8
55418,90,93,-3,3
55419,143,147,-4,4
55420,97,96,1,1
55421,111,110,1,1
55422,63,63,0,0
55423,70,84,-14,14
55424,109,92,17,17
55425,108,118,-10,10
55426,149,146,3,3
55427,98,95,3,3
55428,137,134,3,3
55429,45,46,-1,1
55430,95,91,4,4
55431,59,74,-15,15
55432,71,69,2,2
55433,117,121,-4,4
55434,73,78,-5,5
55435,80,79,1,1
55436,168,143,25,25
55437,149,154,-5,5
55438,53,53,0,0
55439,65,76,-11,11
55440,160,147,13,13
55441,83,83,0,0
55442,88,88,0,0
55443,98,83,15,15
55444,51,56,-5,5
55445,54,61,-7,7
55446,70,77,-7,7
55447,80,83,-3,3
55448,169,148,21,21
55449,109,109,0,0
55450,57,60,-3,3
55451,119,120,-1,1
55452,238,216,22,22
55453,132,132,0,0
55454,78,84,-6,6
55455,88,83,5,5
55456,85,86,-1,1
55457,27,49,-22,22
55458,62,68,-6,6
55459,131,126,5,5
55460,138,129,9,9
55461,43,87,-44,44
55462,58,71,-13,13
55463,76,79,-3,3
55464,72,85,-13,13
55465,121,94,27,27
55466,107,108,-1,1
55467,81,90,-9,9
55468,49,68,-19,19
55469,113,111,2,2
55470,71,68,3,3
55471,44,46,-2,2
55472,81,78,3,3
55473,73,65,8,8
55474,85,86,-1,1
55475,100,95,5,5
55476,126,119,7,7
55477,96,92,4,4
55478,67,70,-3,3
55479,114,125,-11,11
55480,97,79,18,18
55481,185,163,22,22
55482,55,58,-3,3
55483,177,175,2,2
55484,85,87,-2,2
55485,117,115,2,2
55486,157,150,7,7
55487,129,124,5,5
55488,94,100,-6,6
55489,87,93,-6,6
55490,139,124,15,15
55491,121,121,0,0
55492,65,59,6,6
55493,58,65,-7,7
55494,98,94,4,4
55495,37,42,-5,5
55496,63,68,-5,5
55497,193,184,9,9
55498,101,111,-10,10
55499,69,85,-16,16
55500,133,131,2,2
55501,121,109,12,12
55502,91,95,-4,4
55503,85,88,-3,3
55504,67,75,-8,8
55505,117,117,0,0
55506,61,56,5,5
55507,61,62,-1,1
55508,97,109,-12,12
55509,81,84,-3,3
55510,89,95,-6,6
55511,58,63,-5,5
55512,80,76,4,4
55513,96,86,10,10
55514,87,90,-3,3
55515,69,71,-2,2
55516,116,126,-10,10
55517,138,146,-8,8
55518,65,67,-2,2
55519,90,85,5,5
55520,87,89,-2,2
55521,102,98,4,4
55522,79,87,-8,8
55523,146,148,-2,2
55524,130,119,11,11
55525,127,112,15,15
55526,96,88,8,8
55527,80,75,5,5
55528,132,135,-3,3
55529,115,96,19,19
55530,81,92,-11,11
55531,86,88,-2,2
55532,105,98,7,7
55533,130,125,5,5
55534,84,86,-2,2
55535,52,95,-43,43
55536,72,66,6,6
55537,82,80,2,2
55538,115,116,-1,1
55539,100,98,2,2
55540,102,98,4,4
55541,107,110,-3,3
55542,116,116,0,0
55543,61,57,4,4
55544,95,94,1,1
55545,78,72,6,6
55546,78,85,-7,7
55547,79,69,10,10
55548,82,84,-2,2
55549,71,75,-4,4
55550,128,121,7,7
55551,89,94,-5,5
55552,115,136,-21,21
55553,83,79,4,4
55554,80,71,9,9
55555,79,97,-18,18
55556,69,84,-15,15
55557,123,118,5,5
55558,67,71,-4,4
55559,135,129,6,6
55560,134,158,-24,24
55561,133,131,2,2
55562,52,58,-6,6
55563,175,166,9,9
55564,95,84,11,11
55565,122,122,0,0
55566,74,71,3,3
55567,73,79,-6,6
55568,53,56,-3,3
55569,69,71,-2,2
55570,103,116,-13,13
55571,45,48,-3,3
55572,107,109,-2,2
55573,49,58,-9,9
55574,132,120,12,12
55575,89,85,4,4
55576,62,62,0,0
55577,109,109,0,0
55578,81,83,-2,2
55579,72,77,-5,5
55580,52,54,-2,2
55581,74,80,-6,6
55582,36,42,-6,6
55583,68,71,-3,3
55584,73,77,-4,4
55585,89,89,0,0
55586,63,63,0,0
55587,69,75,-6,6
55588,103,107,-4,4
55589,53,58,-5,5
55590,103,109,-6,6
55591,108,98,10,10
55592,109,158,-49,49
55593,187,184,3,3
55594,69,69,0,0
55595,124,115,9,9
55596,117,117,0,0
55597,94,92,2,2
55598,44,52,-8,8
55599,120,114,6,6
55600,140,138,2,2
55601,131,124,7,7
55602,100,109,-9,9
55603,147,150,-3,3
55604,55,48,7,7
55605,126,132,-6,6
55606,84,90,-6,6
55607,81,85,-4,4
55608,110,88,22,22
55609,68,74,-6,6
55610,90,95,-5,5
55611,79,79,0,0
55612,108,112,-4,4
55613,69,72,-3,3
55614,67,53,14,14
55615,151,156,-5,5
55616,121,115,6,6
55617,67,75,-8,8
55618,100,90,10,10
55619,105,108,-3,3
55620,105,117,-12,12
55621,92,96,-4,4
55622,107,113,-6,6
55623,163,158,5,5
55624,110,111,-1,1
55625,115,111,4,4
55626,93,85,8,8
55627,143,136,7,7
55628,105,85,20,20
55629,102,94,8,8
55630,54,52,2,2
55631,117,119,-2,2
55632,94,88,6,6
55633,121,109,12,12
55634,51,50,1,1
55635,93,98,-5,5
55636,136,136,0,0
55637,75,68,7,7
55638,83,71,12,12
55639,90,85,5,5
55640,110,113,-3,3
55641,69,67,2,2
55642,110,111,-1,1
55643,78,83,-5,5
55644,85,80,5,5
55645,89,90,-1,1
55646,86,101,-15,15
55647,106,113,-7,7
55648,102,107,-5,5
55649,52,60,-8,8
55650,207,208,-1,1
55651,93,85,8,8
55652,113,118,-5,5
55653,97,97,0,0
55654,80,89,-9,9
55655,118,131,-13,13
55656,90,92,-2,2
55657,88,99,-11,11
55658,96,99,-3,3
55659,103,112,-9,9
55660,65,66,-1,1
55661,48,49,-1,1
55662,85,73,12,12
55663,104,106,-2,2
55664,54,56,-2,2
55665,89,77,12,12
55666,132,133,-1,1
55667,83,85,-2,2
55668,80,82,-2,2
55669,76,79,-3,3
55670,67,62,5,5
55671,89,85,4,4
55672,149,149,0,0
55673,106,116,-10,10
55674,149,150,-1,1
55675,52,57,-5,5
55676,58,64,-6,6
55677,70,77,-7,7
55678,78,75,3,3
55679,212,189,23,23
55680,105,108,-3,3
55681,101,90,11,11
55682,107,97,10,10
55683,145,143,2,2
55684,77,77,0,0
55685,108,93,15,15
55686,97,94,3,3
55687,90,79,11,11
55688,104,106,-2,2
55689,99,96,3,3
55690,94,87,7,7
55691,105,115,-10,10
55692,69,73,-4,4
55693,81,89,-8,8
55694,88,87,1,1
55695,112,118,-6,6
55696,93,92,1,1
55697,130,129,1,1
55698,145,126,19,19
55699,130,124,6,6
55700,62,78,-16,16
55701,99,98,1,1
55702,67,65,2,2
55703,129,121,8,8
55704,72,72,0,0
55705,96,91,5,5
55706,76,81,-5,5
55707,102,99,3,3
55708,81,78,3,3
55709,157,155,2,2
55710,100,106,-6,6
55711,122,117,5,5
55712,65,65,0,0
55713,82,74,8,8
55714,95,90,5,5
55715,133,142,-9,9
55716,108,112,-4,4
55717,81,81,0,0
55718,91,91,0,0
55719,134,129,5,5
55720,146,140,6,6
55721,93,97,-4,4
55722,53,55,-2,2
55723,108,101,7,7
55724,93,88,5,5
55725,99,90,9,9
55726,158,148,10,10
55727,66,73,-7,7
55728,66,65,1,1
55729,83,86,-3,3
55730,103,100,3,3
55731,54,56,-2,2
55732,144,138,6,6
55733,88,100,-12,12
55734,105,92,13,13
55735,115,111,4,4
55736,125,119,6,6
55737,67,75,-8,8
55738,193,172,21,21
55739,127,105,22,22
55740,29,24,5,5
55741,86,88,-2,2
55742,121,122,-1,1
55743,94,83,11,11
55744,125,114,11,11
55745,174,173,1,1
55746,163,157,6,6
55747,128,115,13,13
55748,155,144,11,11
55749,123,133,-10,10
55750,100,95,5,5
55751,80,86,-6,6
55752,121,118,3,3
55753,31,36,-5,5
55754,96,88,8,8
55755,80,77,3,3
55756,83,79,4,4
55757,82,81,1,1
55758,97,100,-3,3
55759,72,72,0,0
55760,69,73,-4,4
55761,86,85,1,1
55762,73,86,-13,13
55763,100,105,-5,5
55764,66,71,-5,5
55765,83,71,12,12
55766,92,97,-5,5
55767,68,65,3,3
55768,118,125,-7,7
55769,97,109,-12,12
55770,62,64,-2,2
55771,78,71,7,7
55772,48,53,-5,5
55773,98,92,6,6
55774,71,72,-1,1
55775,62,67,-5,5
55776,45,53,-8,8
55777,122,121,1,1
55778,91,87,4,4
55779,71,140,-69,69
55780,68,63,5,5
55781,118,124,-6,6
55782,79,82,-3,3
55783,120,124,-4,4
55784,134,146,-12,12
55785,72,77,-5,5
55786,92,90,2,2
55787,49,70,-21,21
55788,100,102,-2,2
55789,90,93,-3,3
55790,71,75,-4,4
55791,83,85,-2,2
55792,71,73,-2,2
55793,90,98,-8,8
55794,168,168,0,0
55795,68,80,-12,12
55796,50,57,-7,7
55797,59,56,3,3
55798,52,64,-12,12
55799,104,101,3,3
55800,95,105,-10,10
55801,57,65,-8,8
55802,211,207,4,4
55803,58,55,3,3
55804,125,123,2,2
55805,99,94,5,5
55806,88,97,-9,9
55807,182,162,20,20
55808,99,98,1,1
55809,66,60,6,6
55810,169,158,11,11
55811,105,104,1,1
55812,92,94,-2,2
55813,110,111,-1,1
55814,111,103,8,8
55815,95,91,4,4
55816,74,72,2,2
55817,135,121,14,14
55818,51,94,-43,43
55819,78,76,2,2
55820,118,112,6,6
55821,118,119,-1,1
55822,104,106,-2,2
55823,37,48,-11,11
55824,96,93,3,3
55825,93,88,5,5
55826,60,86,-26,26
55827,102,98,4,4
55828,112,117,-5,5
55829,73,79,-6,6
55830,142,132,10,10
55831,67,66,1,1
55832,69,67,2,2
55833,103,176,-73,73
55834,42,62,-20,20
55835,99,84,15,15
55836,181,164,17,17
55837,94,89,5,5
55838,83,85,-2,2
55839,98,85,13,13
55840,151,136,15,15
55841,149,131,18,18
55842,92,96,-4,4
55843,129,134,-5,5
55844,79,78,1,1
55845,119,128,-9,9
55846,159,152,7,7
55847,63,71,-8,8
55848,74,73,1,1
55849,141,142,-1,1
55850,133,127,6,6
55851,106,101,5,5
55852,180,171,9,9
55853,152,134,18,18
55854,85,80,5,5
55855,118,110,8,8
55856,127,126,1,1
55857,143,150,-7,7
55858,80,90,-10,10
55859,123,124,-1,1
55860,131,124,7,7
55861,53,44,9,9
55862,83,77,6,6
55863,97,90,7,7
55864,120,123,-3,3
55865,71,70,1,1
55866,127,115,12,12
55867,68,71,-3,3
55868,79,78,1,1
55869,104,116,-12,12
55870,139,148,-9,9
55871,143,156,-13,13
55872,102,114,-12,12
55873,75,73,2,2
55874,105,103,2,2
55875,71,62,9,9
55876,52,50,2,2
55877,73,72,1,1
55878,95,84,11,11
55879,84,79,5,5
55880,77,77,0,0
55881,63,71,-8,8
55882,80,89,-9,9
55883,111,108,3,3
55884,146,132,14,14
55885,136,145,-9,9
55886,58,53,5,5
55887,77,71,6,6
55888,74,101,-27,27
55889,157,156,1,1
55890,113,111,2,2
55891,88,83,5,5
55892,98,99,-1,1
55893,70,73,-3,3
55894,70,79,-9,9
55895,95,94,1,1
55896,113,98,15,15
55897,65,67,-2,2
55898,82,74,8,8
55899,89,90,-1,1
55900,90,82,8,8
55901,75,92,-17,17
55902,73,64,9,9
55903,45,52,-7,7
55904,75,87,-12,12
55905,89,85,4,4
55906,127,116,11,11
55907,189,189,0,0
55908,132,126,6,6
55909,95,92,3,3
55910,113,105,8,8
55911,81,86,-5,5
55912,121,125,-4,4
55913,73,77,-4,4
55914,107,106,1,1
55915,72,69,3,3
55916,110,120,-10,10
55917,69,72,-3,3
55918,149,139,10,10
55919,63,66,-3,3
55920,115,113,2,2
55921,105,107,-2,2
55922,88,91,-3,3
55923,65,67,-2,2
55924,87,86,1,1
55925,94,100,-6,6
55926,125,125,0,0
55927,93,84,9,9
55928,112,110,2,2
55929,103,92,11,11
55930,117,116,1,1
55931,95,94,1,1
55932,76,75,1,1
55933,94,108,-14,14
55934,50,50,0,0
55935,115,120,-5,5
55936,105,95,10,10
55937,108,102,6,6
55938,141,145,-4,4
55939,102,100,2,2
55940,58,68,-10,10
55941,108,108,0,0
55942,89,81,8,8
55943,71,78,-7,7
55944,59,60,-1,1
55945,89,82,7,7
55946,57,58,-1,1
55947,106,98,8,8
55948,161,147,14,14
55949,92,88,4,4
55950,66,70,-4,4
55951,82,83,-1,1
55952,84,75,9,9
55953,115,108,7,7
55954,110,110,0,0
55955,135,135,0,0
55956,93,92,1,1
55957,134,152,-18,18
55958,105,94,11,11
55959,79,75,4,4
55960,25,34,-9,9
55961,124,131,-7,7
55962,29,35,-6,6
55963,96,85,11,11
55964,125,124,1,1
55965,52,60,-8,8
55966,101,101,0,0
55967,70,67,3,3
55968,98,92,6,6
55969,77,70,7,7
55970,167,152,15,15
55971,82,80,2,2
55972,91,86,5,5
55973,70,70,0,0
55974,74,65,9,9
55975,121,123,-2,2
55976,46,64,-18,18
55977,76,81,-5,5
55978,111,116,-5,5
55979,58,57,1,1
55980,65,63,2,2
55981,53,50,3,3
55982,109,117,-8,8
55983,80,81,-1,1
55984,88,87,1,1
55985,110,110,0,0
55986,98,89,9,9
55987,97,110,-13,13
55988,128,119,9,9
55989,144,137,7,7
55990,82,86,-4,4
55991,131,126,5,5
55992,100,97,3,3
55993,95,95,0,0
55994,108,108,0,0
55995,82,83,-1,1
55996,73,66,7,7
55997,94,98,-4,4
55998,99,111,-12,12
55999,88,83,5,5
56000,157,153,4,4
56001,75,75,0,0
56002,95,99,-4,4
56003,82,79,3,3
56004,160,171,-11,11
56005,146,139,7,7
56006,166,175,-9,9
56007,76,76,0,0
56008,139,140,-1,1
56009,110,109,1,1
56010,118,123,-5,5
56011,122,113,9,9
56012,50,59,-9,9
56013,59,62,-3,3
56014,112,112,0,0
56015,108,121,-13,13
56016,42,46,-4,4
56017,112,117,-5,5
56018,126,116,10,10
56019,88,93,-5,5
56020,121,109,12,12
56021,83,78,5,5
56022,95,107,-12,12
56023,98,91,7,7
56024,104,108,-4,4
56025,66,66,0,0
56026,129,132,-3,3
56027,85,76,9,9
56028,101,107,-6,6
56029,68,71,-3,3
56030,86,88,-2,2
56031,79,76,3,3
56032,91,91,0,0
56033,113,122,-9,9
56034,149,141,8,8
56035,76,76,0,0
56036,107,110,-3,3
56037,110,111,-1,1
56038,75,78,-3,3
56039,100,102,-2,2
56040,110,117,-7,7
56041,115,116,-1,1
56042,128,128,0,0
56043,177,163,14,14
56044,105,99,6,6
56045,79,144,-65,65
56046,126,126,0,0
56047,135,150,-15,15
56048,66,67,-1,1
56049,148,144,4,4
56050,128,125,3,3
56051,106,96,10,10
56052,99,81,18,18
56053,73,64,9,9
56054,64,68,-4,4
56055,98,123,-25,25
56056,111,107,4,4
56057,124,128,-4,4
56058,117,113,4,4
56059,94,92,2,2
56060,86,79,7,7
56061,80,74,6,6
56062,105,114,-9,9
56063,77,85,-8,8
56064,101,98,3,3
56065,118,113,5,5
56066,130,112,18,18
56067,97,98,-1,1
56068,77,78,-1,1
56069,76,79,-3,3
56070,122,130,-8,8
56071,116,135,-19,19
56072,67,78,-11,11
56073,109,98,11,11
56074,62,66,-4,4
56075,95,83,12,12
56076,130,124,6,6
56077,49,64,-15,15
56078,64,60,4,4
56079,84,83,1,1
56080,147,126,21,21
56081,121,110,11,11
56082,158,157,1,1
56083,105,97,8,8
56084,99,106,-7,7
56085,108,115,-7,7
56086,159,157,2,2
56087,87,83,4,4
56088,128,139,-11,11
56089,58,68,-10,10
56090,110,110,0,0
56091,187,178,9,9
56092,87,91,-4,4
56093,143,146,-3,3
56094,84,78,6,6
56095,132,137,-5,5
56096,74,68,6,6
56097,109,109,0,0
56098,86,107,-21,21
56099,111,108,3,3
56100,49,49,0,0
56101,73,73,0,0
56102,125,137,-12,12
56103,75,73,2,2
56104,78,76,2,2
56105,99,97,2,2
56106,103,114,-11,11
56107,106,99,7,7
56108,57,59,-2,2
56109,139,135,4,4
56110,90,81,9,9
56111,67,67,0,0
56112,60,65,-5,5
56113,46,44,2,2
56114,56,56,0,0
56115,135,130,5,5
56116,52,51,1,1
56117,102,95,7,7
56118,79,80,-1,1
56119,75,79,-4,4
56120,118,121,-3,3
56121,107,117,-10,10
56122,24,23,1,1
56123,102,94,8,8
56124,78,81,-3,3
56125,94,85,9,9
56126,109,91,18,18
56127,139,138,1,1
56128,105,111,-6,6
56129,155,148,7,7
56130,53,52,1,1
56131,82,89,-7,7
56132,159,168,-9,9
56133,105,106,-1,1
56134,102,101,1,1
56135,78,75,3,3
56136,67,65,2,2
56137,149,151,-2,2
56138,84,85,-1,1
56139,87,90,-3,3
56140,132,142,-10,10
56141,83,80,3,3
56142,75,68,7,7
56143,99,98,1,1
56144,77,85,-8,8
56145,97,88,9,9
56146,132,113,19,19
56147,105,112,-7,7
56148,105,86,19,19
56149,59,57,2,2
56150,69,66,3,3
56151,120,116,4,4
56152,59,63,-4,4
56153,105,93,12,12
56154,81,78,3,3
56155,156,157,-1,1
56156,62,71,-9,9
56157,63,66,-3,3
56158,156,138,18,18
56159,48,140,-92,92
56160,81,79,2,2
56161,78,79,-1,1
56162,72,67,5,5
56163,110,110,0,0
56164,76,82,-6,6
56165,82,77,5,5
56166,76,77,-1,1
56167,106,108,-2,2
56168,109,117,-8,8
56169,96,92,4,4
56170,129,134,-5,5
56171,71,70,1,1
56172,124,137,-13,13
56173,107,110,-3,3
56174,97,94,3,3
56175,113,101,12,12
56176,152,141,11,11
56177,91,104,-13,13
56178,78,79,-1,1
56179,158,150,8,8
56180,117,116,1,1
56181,97,97,0,0
56182,83,78,5,5
56183,132,125,7,7
56184,79,79,0,0
56185,101,110,-9,9
56186,135,128,7,7
56187,96,72,24,24
56188,82,73,9,9
56189,70,78,-8,8
56190,110,108,2,2
56191,141,128,13,13
56192,61,59,2,2
56193,97,93,4,4
56194,119,91,28,28
56195,67,70,-3,3
56196,92,105,-13,13
56197,84,70,14,14
56198,65,68,-3,3
56199,84,90,-6,6
56200,124,114,10,10
56201,135,134,1,1
56202,146,134,12,12
56203,109,119,-10,10
56204,145,151,-6,6
56205,89,82,7,7
56206,136,133,3,3
56207,85,84,1,1
56208,55,58,-3,3
56209,92,100,-8,8
56210,61,63,-2,2
56211,132,123,9,9
56212,65,75,-10,10
56213,112,116,-4,4
56214,107,97,10,10
56215,48,48,0,0
56216,55,61,-6,6
56217,109,110,-1,1
56218,136,131,5,5
56219,94,96,-2,2
56220,45,48,-3,3
56221,139,126,13,13
56222,72,79,-7,7
56223,156,141,15,15
56224,58,61,-3,3
56225,96,83,13,13
56226,83,80,3,3
56227,94,91,3,3
56228,29,31,-2,2
56229,124,122,2,2
56230,71,77,-6,6
56231,146,135,11,11
56232,97,88,9,9
56233,104,109,-5,5
56234,32,43,-11,11
56235,140,133,7,7
56236,57,57,0,0
56237,112,114,-2,2
56238,70,78,-8,8
56239,92,81,11,11
56240,57,62,-5,5
56241,107,114,-7,7
56242,76,77,-1,1
56243,81,79,2,2
56244,115,124,-9,9
56245,22,68,-46,46
56246,96,99,-3,3
56247,84,95,-11,11
56248,103,99,4,4
56249,126,113,13,13
56250,76,76,0,0
56251,159,146,13,13
56252,74,64,10,10
56253,87,79,8,8
56254,46,57,-11,11
56255,33,43,-10,10
56256,76,64,12,12
56257,98,98,0,0
56258,73,70,3,3
56259,105,95,10,10
56260,51,60,-9,9
56261,94,86,8,8
56262,54,60,-6,6
56263,86,91,-5,5
56264,60,63,-3,3
56265,144,138,6,6
56266,74,62,12,12
56267,90,96,-6,6
56268,100,109,-9,9
56269,107,118,-11,11
56270,129,113,16,16
56271,133,123,10,10
56272,70,72,-2,2
56273,101,90,11,11
56274,60,64,-4,4
56275,200,180,20,20
56276,64,65,-1,1
56277,143,138,5,5
56278,90,84,6,6
56279,72,68,4,4
56280,85,93,-8,8
56281,136,140,-4,4
56282,94,104,-10,10
56283,135,121,14,14
56284,102,93,9,9
56285,71,82,-11,11
56286,74,78,-4,4
56287,122,132,-10,10
56288,86,85,1,1
56289,40,43,-3,3
56290,109,118,-9,9
56291,113,118,-5,5
56292,110,109,1,1
56293,68,65,3,3
56294,130,132,-2,2
56295,89,91,-2,2
56296,106,109,-3,3
56297,98,96,2,2
56298,71,59,12,12
56299,128,130,-2,2
56300,158,140,18,18
56301,82,78,4,4
56302,42,44,-2,2
56303,67,65,2,2
56304,107,114,-7,7
56305,77,76,1,1
56306,113,119,-6,6
56307,73,72,1,1
56308,189,184,5,5
56309,101,102,-1,1
56310,117,130,-13,13
56311,113,117,-4,4
56312,81,74,7,7
56313,113,110,3,3
56314,108,103,5,5
56315,133,143,-10,10
56316,117,119,-2,2
56317,119,117,2,2
56318,72,68,4,4
56319,72,84,-12,12
56320,105,112,-7,7
56321,70,68,2,2
56322,66,64,2,2
56323,152,142,10,10
56324,89,84,5,5
56325,20,20,0,0
56326,72,73,-1,1
56327,89,82,7,7
56328,83,91,-8,8
56329,121,136,-15,15
56330,119,113,6,6
56331,101,101,0,0
56332,84,82,2,2
56333,78,84,-6,6
56334,166,156,10,10
56335,117,117,0,0
56336,141,141,0,0
56337,123,123,0,0
56338,162,161,1,1
56339,50,60,-10,10
56340,60,56,4,4
56341,86,91,-5,5
56342,70,65,5,5
56343,129,132,-3,3
56344,65,68,-3,3
56345,75,79,-4,4
56346,91,68,23,23
56347,55,61,-6,6
56348,82,84,-2,2
56349,102,102,0,0
56350,74,71,3,3
56351,84,80,4,4
56352,128,121,7,7
56353,91,90,1,1
56354,120,120,0,0
56355,85,89,-4,4
56356,108,116,-8,8
56357,72,72,0,0
56358,90,82,8,8
56359,85,88,-3,3
56360,112,112,0,0
56361,148,153,-5,5
56362,105,111,-6,6
56363,44,41,3,3
56364,42,54,-12,12
56365,103,95,8,8
56366,93,77,16,16
56367,63,63,0,0
56368,169,181,-12,12
56369,65,65,0,0
56370,74,74,0,0
56371,99,101,-2,2
56372,129,131,-2,2
56373,93,88,5,5
56374,139,136,3,3
56375,64,111,-47,47
56376,93,88,5,5
56377,53,70,-17,17
56378,110,108,2,2
56379,97,94,3,3
56380,170,163,7,7
56381,56,67,-11,11
56382,172,178,-6,6
56383,71,68,3,3
56384,161,153,8,8
56385,130,140,-10,10
56386,101,102,-1,1
56387,107,109,-2,2
56388,101,100,1,1
56389,64,74,-10,10
56390,75,74,1,1
56391,128,131,-3,3
56392,80,79,1,1
56393,129,129,0,0
56394,54,61,-7,7
56395,71,78,-7,7
56396,55,48,7,7
56397,91,95,-4,4
56398,119,112,7,7
56399,94,90,4,4
56400,158,149,9,9
56401,60,68,-8,8
56402,158,159,-1,1
56403,56,55,1,1
56404,121,124,-3,3
56405,79,70,9,9
56406,120,115,5,5
56407,64,69,-5,5
56408,62,81,-19,19
56409,80,75,5,5
56410,135,128,7,7
56411,102,122,-20,20
56412,115,109,6,6
56413,142,147,-5,5
56414,115,129,-14,14
56415,119,125,-6,6
56416,138,137,1,1
56417,97,88,9,9
56418,80,74,6,6
56419,97,102,-5,5
56420,111,114,-3,3
56421,91,93,-2,2
56422,95,100,-5,5
56423,91,93,-2,2
56424,101,92,9,9
56425,130,129,1,1
56426,89,90,-1,1
56427,86,94,-8,8
56428,178,167,11,11
56429,168,162,6,6
56430,63,50,13,13
56431,69,63,6,6
56432,186,170,16,16
56433,143,138,5,5
56434,76,65,11,11
56435,87,92,-5,5
56436,46,57,-11,11
56437,81,84,-3,3
56438,43,47,-4,4
56439,125,125,0,0
56440,190,182,8,8
56441,112,99,13,13
56442,161,159,2,2
56443,119,112,7,7
56444,98,99,-1,1
56445,122,117,5,5
56446,94,92,2,2
56447,68,73,-5,5
56448,103,88,15,15
56449,126,101,25,25
56450,75,71,4,4
56451,123,113,10,10
56452,81,81,0,0
56453,144,156,-12,12
56454,53,49,4,4
56455,164,152,12,12
56456,60,66,-6,6
56457,117,117,0,0
56458,121,125,-4,4
56459,90,95,-5,5
56460,86,83,3,3
56461,63,66,-3,3
56462,147,138,9,9
56463,103,107,-4,4
56464,68,69,-1,1
56465,91,85,6,6
56466,81,70,11,11
56467,71,71,0,0
56468,63,65,-2,2
56469,123,127,-4,4
56470,105,100,5,5
56471,81,86,-5,5
56472,112,122,-10,10
56473,78,78,0,0
56474,85,84,1,1
56475,118,119,-1,1
56476,65,62,3,3
56477,127,133,-6,6
56478,83,81,2,2
56479,91,87,4,4
56480,62,64,-2,2
56481,75,81,-6,6
56482,88,96,-8,8
56483,163,159,4,4
56484,48,61,-13,13
56485,93,108,-15,15
56486,85,87,-2,2
56487,142,144,-2,2
56488,93,102,-9,9
56489,73,69,4,4
56490,65,67,-2,2
56491,83,82,1,1
56492,77,77,0,0
56493,113,111,2,2
56494,121,117,4,4
56495,71,71,0,0
56496,64,63,1,1
56497,70,78,-8,8
56498,155,150,5,5
56499,59,59,0,0
56500,80,79,1,1
56501,80,82,-2,2
56502,59,62,-3,3
56503,83,77,6,6
56504,68,66,2,2
56505,77,87,-10,10
56506,121,111,10,10
56507,63,73,-10,10
56508,82,80,2,2
56509,145,142,3,3
56510,63,73,-10,10
56511,124,128,-4,4
56512,83,93,-10,10
56513,175,172,3,3
56514,185,185,0,0
56515,65,66,-1,1
56516,61,61,0,0
56517,76,75,1,1
56518,75,78,-3,3
56519,74,90,-16,16
56520,136,121,15,15
56521,47,49,-2,2
56522,66,56,10,10
56523,131,124,7,7
56524,123,112,11,11
56525,118,118,0,0
56526,58,57,1,1
56527,89,82,7,7
56528,156,148,8,8
56529,55,63,-8,8
56530,115,108,7,7
56531,111,111,0,0
56532,116,130,-14,14
56533,62,70,-8,8
56534,108,95,13,13
56535,120,131,-11,11
56536,112,116,-4,4
56537,56,66,-10,10
56538,142,145,-3,3
56539,91,81,10,10
56540,86,82,4,4
56541,121,122,-1,1
56542,80,74,6,6
56543,103,103,0,0
56544,76,81,-5,5
56545,100,125,-25,25
56546,94,92,2,2
56547,117,127,-10,10
56548,84,79,5,5
56549,87,90,-3,3
56550,127,116,11,11
56551,90,104,-14,14
56552,96,91,5,5
56553,56,58,-2,2
56554,74,68,6,6
56555,98,93,5,5
56556,107,115,-8,8
56557,125,112,13,13
56558,66,61,5,5
56559,91,96,-5,5
56560,154,163,-9,9
56561,151,122,29,29
56562,77,78,-1,1
56563,60,62,-2,2
56564,72,80,-8,8
56565,132,117,15,15
56566,74,72,2,2
56567,63,68,-5,5
56568,129,130,-1,1
56569,169,168,1,1
56570,88,98,-10,10
56571,129,125,4,4
56572,140,131,9,9
56573,80,87,-7,7
56574,94,98,-4,4
56575,49,56,-7,7
56576,145,145,0,0
56577,97,100,-3,3
56578,94,95,-1,1
56579,83,82,1,1
56580,135,132,3,3
56581,103,105,-2,2
56582,40,53,-13,13
56583,119,138,-19,19
56584,60,64,-4,4
56585,44,46,-2,2
56586,104,112,-8,8
56587,49,50,-1,1
56588,70,83,-13,13
56589,59,61,-2,2
56590,114,125,-11,11
56591,65,56,9,9
56592,60,63,-3,3
56593,121,131,-10,10
56594,115,111,4,4
56595,75,74,1,1
56596,74,73,1,1
56597,103,99,4,4
56598,59,57,2,2
56599,125,129,-4,4
56600,94,93,1,1
56601,73,68,5,5
56602,54,52,2,2
56603,58,57,1,1
56604,174,170,4,4
56605,46,47,-1,1
56606,79,80,-1,1
56607,108,97,11,11
56608,50,64,-14,14
56609,120,110,10,10
56610,159,153,6,6
56611,171,175,-4,4
56612,81,88,-7,7
56613,85,86,-1,1
56614,118,138,-20,20
56615,73,76,-3,3
56616,114,110,4,4
56617,77,71,6,6
56618,150,133,17,17
56619,72,76,-4,4
56620,64,84,-20,20
56621,85,96,-11,11
56622,112,117,-5,5
56623,57,56,1,1
56624,101,96,5,5
56625,83,85,-2,2
56626,74,72,2,2
56627,142,134,8,8
56628,111,97,14,14
56629,135,122,13,13
56630,64,65,-1,1
56631,75,68,7,7
56632,188,189,-1,1
56633,63,71,-8,8
56634,124,118,6,6
56635,42,52,-10,10
56636,136,122,14,14
56637,50,59,-9,9
56638,87,90,-3,3
56639,140,131,9,9
56640,94,96,-2,2
56641,94,92,2,2
56642,61,73,-12,12
56643,86,85,1,1
56644,126,115,11,11
56645,63,64,-1,1
56646,82,79,3,3
56647,140,144,-4,4
56648,134,121,13,13
56649,79,80,-1,1
56650,126,141,-15,15
56651,101,109,-8,8
56652,103,102,1,1
56653,70,65,5,5
56654,85,75,10,10
56655,84,89,-5,5
56656,58,64,-6,6
56657,139,131,8,8
56658,67,78,-11,11
56659,101,107,-6,6
56660,83,86,-3,3
56661,66,63,3,3
56662,59,57,2,2
56663,77,80,-3,3
56664,53,62,-9,9
56665,130,127,3,3
56666,59,65,-6,6
56667,94,85,9,9
56668,120,116,4,4
56669,108,107,1,1
56670,95,87,8,8
56671,67,66,1,1
56672,103,107,-4,4
56673,68,65,3,3
56674,82,76,6,6
56675,111,116,-5,5
56676,78,74,4,4
56677,59,65,-6,6
56678,72,80,-8,8
56679,101,95,6,6
56680,77,85,-8,8
56681,65,64,1,1
56682,64,74,-10,10
56683,57,65,-8,8
56684,95,100,-5,5
56685,68,70,-2,2
56686,137,125,12,12
56687,65,66,-1,1
56688,82,81,1,1
56689,73,77,-4,4
56690,96,110,-14,14
56691,110,101,9,9
56692,139,134,5,5
56693,87,75,12,12
56694,113,98,15,15
56695,40,38,2,2
56696,81,86,-5,5
56697,51,57,-6,6
56698,173,161,12,12
56699,72,86,-14,14
56700,107,104,3,3
56701,112,116,-4,4
56702,125,116,9,9
56703,56,58,-2,2
56704,141,132,9,9
56705,150,142,8,8
56706,136,139,-3,3
56707,127,121,6,6
56708,132,138,-6,6
56709,96,89,7,7
56710,35,52,-17,17
56711,86,85,1,1
56712,108,99,9,9
56713,149,140,9,9
56714,103,103,0,0
56715,144,156,-12,12
56716,135,125,10,10
56717,112,109,3,3
56718,86,98,-12,12
56719,54,51,3,3
56720,78,75,3,3
56721,72,72,0,0
56722,87,92,-5,5
56723,79,93,-14,14
56724,109,123,-14,14
56725,120,110,10,10
56726,173,158,15,15
56727,57,66,-9,9
56728,40,43,-3,3
56729,82,86,-4,4
56730,70,73,-3,3
56731,86,92,-6,6
56732,98,99,-1,1
56733,134,147,-13,13
56734,45,43,2,2
56735,129,121,8,8
56736,68,76,-8,8
56737,91,84,7,7
56738,113,111,2,2
56739,52,59,-7,7
56740,94,89,5,5
56741,94,102,-8,8
56742,113,113,0,0
56743,128,116,12,12
56744,99,110,-11,11
56745,105,98,7,7
56746,86,108,-22,22
56747,148,144,4,4
56748,138,123,15,15
56749,99,82,17,17
56750,94,93,1,1
56751,73,74,-1,1
56752,153,138,15,15
56753,95,99,-4,4
56754,118,128,-10,10
56755,129,125,4,4
56756,50,66,-16,16
56757,123,119,4,4
56758,142,138,4,4
56759,123,123,0,0
56760,148,148,0,0
56761,107,109,-2,2
56762,98,108,-10,10
56763,112,116,-4,4
56764,137,131,6,6
56765,106,109,-3,3
56766,97,88,9,9
56767,96,99,-3,3
56768,245,194,51,51
56769,115,106,9,9
56770,81,84,-3,3
56771,130,112,18,18
56772,86,78,8,8
56773,128,121,7,7
56774,73,71,2,2
56775,110,107,3,3
56776,130,125,5,5
56777,97,98,-1,1
56778,80,87,-7,7
56779,91,90,1,1
56780,88,81,7,7
56781,105,105,0,0
56782,75,59,16,16
56783,93,102,-9,9
56784,115,112,3,3
56785,133,126,7,7
56786,142,127,15,15
56787,62,77,-15,15
56788,78,81,-3,3
56789,91,83,8,8
56790,102,96,6,6
56791,109,111,-2,2
56792,102,96,6,6
56793,90,85,5,5
56794,135,117,18,18
56795,31,50,-19,19
56796,143,138,5,5
56797,123,118,5,5
56798,102,98,4,4
56799,59,57,2,2
56800,83,90,-7,7
56801,99,98,1,1
56802,50,63,-13,13
56803,168,150,18,18
56804,80,84,-4,4
56805,104,119,-15,15
56806,117,114,3,3
56807,113,122,-9,9
56808,73,90,-17,17
56809,72,78,-6,6
56810,144,119,25,25
56811,131,135,-4,4
56812,107,123,-16,16
56813,85,87,-2,2
56814,58,66,-8,8
56815,67,62,5,5
56816,62,58,4,4
56817,63,57,6,6
56818,148,153,-5,5
56819,139,128,11,11
56820,82,87,-5,5
56821,133,132,1,1
56822,70,74,-4,4
56823,99,108,-9,9
56824,115,115,0,0
56825,121,122,-1,1
56826,107,113,-6,6
56827,113,100,13,13
56828,61,67,-6,6
56829,80,73,7,7
56830,78,72,6,6
56831,68,66,2,2
56832,122,130,-8,8
56833,109,108,1,1
56834,71,70,1,1
56835,60,63,-3,3
56836,125,122,3,3
56837,68,69,-1,1
56838,114,114,0,0
56839,93,81,12,12
56840,75,83,-8,8
56841,99,100,-1,1
56842,133,131,2,2
56843,78,82,-4,4
56844,45,45,0,0
56845,87,75,12,12
56846,72,81,-9,9
56847,129,126,3,3
56848,93,89,4,4
56849,95,99,-4,4
56850,119,121,-2,2
56851,96,84,12,12
56852,45,52,-7,7
56853,151,143,8,8
56854,75,72,3,3
56855,84,86,-2,2
56856,75,72,3,3
56857,97,139,-42,42
56858,79,81,-2,2
56859,132,127,5,5
56860,108,107,1,1
56861,115,110,5,5
56862,89,98,-9,9
56863,84,91,-7,7
56864,132,131,1,1
56865,94,91,3,3
56866,182,182,0,0
56867,170,159,11,11
56868,93,94,-1,1
56869,70,75,-5,5
56870,38,44,-6,6
56871,102,112,-10,10
56872,139,131,8,8
56873,97,109,-12,12
56874,87,85,2,2
56875,86,79,7,7
56876,76,87,-11,11
56877,91,96,-5,5
56878,81,74,7,7
56879,86,79,7,7
56880,90,86,4,4
56881,73,77,-4,4
56882,122,122,0,0
56883,81,77,4,4
56884,182,171,11,11
56885,73,72,1,1
56886,108,109,-1,1
56887,70,68,2,2
56888,170,159,11,11
56889,98,92,6,6
56890,83,84,-1,1
56891,89,96,-7,7
56892,79,81,-2,2
56893,77,82,-5,5
56894,82,87,-5,5
56895,79,83,-4,4
56896,165,152,13,13
56897,57,68,-11,11
56898,94,106,-12,12
56899,101,88,13,13
56900,170,179,-9,9
56901,68,72,-4,4
56902,121,117,4,4
56903,137,128,9,9
56904,72,68,4,4
56905,109,109,0,0
56906,81,75,6,6
56907,71,73,-2,2
56908,135,139,-4,4
56909,105,102,3,3
56910,101,93,8,8
56911,71,78,-7,7
56912,93,95,-2,2
56913,75,74,1,1
56914,68,137,-69,69
56915,107,106,1,1
56916,76,71,5,5
56917,127,120,7,7
56918,117,126,-9,9
56919,123,109,14,14
56920,158,161,-3,3
56921,96,95,1,1
56922,44,45,-1,1
56923,100,99,1,1
56924,69,70,-1,1
56925,77,84,-7,7
56926,66,71,-5,5
56927,71,64,7,7
56928,117,113,4,4
56929,103,111,-8,8
56930,99,96,3,3
56931,131,132,-1,1
56932,50,50,0,0
56933,39,44,-5,5
56934,74,73,1,1
56935,51,52,-1,1
56936,91,95,-4,4
56937,104,113,-9,9
56938,76,75,1,1
56939,126,123,3,3
56940,79,80,-1,1
56941,88,95,-7,7
56942,103,108,-5,5
56943,156,144,12,12
56944,153,150,3,3
56945,82,79,3,3
56946,69,76,-7,7
56947,85,91,-6,6
56948,90,101,-11,11
56949,118,111,7,7
56950,113,114,-1,1
56951,63,73,-10,10
56952,39,46,-7,7
56953,125,121,4,4
56954,111,133,-22,22
56955,85,81,4,4
56956,69,74,-5,5
56957,164,159,5,5
56958,115,116,-1,1
56959,100,120,-20,20
56960,97,99,-2,2
56961,76,86,-10,10
56962,109,123,-14,14
56963,122,116,6,6
56964,75,78,-3,3
56965,94,99,-5,5
56966,73,69,4,4
56967,138,132,6,6
56968,109,91,18,18
56969,84,93,-9,9
56970,65,63,2,2
56971,97,96,1,1
56972,150,146,4,4
56973,158,157,1,1
56974,74,75,-1,1
56975,64,70,-6,6
56976,102,101,1,1
56977,83,93,-10,10
56978,181,160,21,21
56979,149,136,13,13
56980,67,64,3,3
56981,108,114,-6,6
56982,126,126,0,0
56983,129,125,4,4
56984,123,117,6,6
56985,88,80,8,8
56986,79,87,-8,8
56987,122,109,13,13
56988,88,79,9,9
56989,129,135,-6,6
56990,82,80,2,2
56991,72,73,-1,1
56992,116,106,10,10
56993,93,95,-2,2
56994,82,80,2,2
56995,153,153,0,0
56996,169,157,12,12
56997,79,93,-14,14
56998,92,92,0,0
56999,123,119,4,4
57000,75,92,-17,17
57001,162,169,-7,7
57002,79,79,0,0
57003,90,88,2,2
57004,74,85,-11,11
57005,130,127,3,3
57006,128,122,6,6
57007,75,86,-11,11
57008,86,84,2,2
57009,111,114,-3,3
57010,100,97,3,3
57011,57,64,-7,7
57012,126,126,0,0
57013,61,63,-2,2
57014,79,80,-1,1
57015,80,68,12,12
57016,49,56,-7,7
57017,83,82,1,1
57018,65,68,-3,3
57019,76,79,-3,3
57020,99,98,1,1
57021,152,143,9,9
57022,74,79,-5,5
57023,90,94,-4,4
57024,116,124,-8,8
57025,150,144,6,6
57026,98,111,-13,13
57027,136,128,8,8
57028,109,110,-1,1
57029,131,151,-20,20
57030,44,54,-10,10
57031,52,53,-1,1
57032,73,74,-1,1
57033,160,124,36,36
57034,104,108,-4,4
57035,71,68,3,3
57036,52,57,-5,5
57037,69,63,6,6
57038,120,113,7,7
57039,51,45,6,6
57040,65,73,-8,8
57041,93,88,5,5
57042,62,78,-16,16
57043,108,102,6,6
57044,86,93,-7,7
57045,65,70,-5,5
57046,151,154,-3,3
57047,82,86,-4,4
57048,54,55,-1,1
57049,57,58,-1,1
57050,87,89,-2,2
57051,75,79,-4,4
57052,76,81,-5,5
57053,144,141,3,3
57054,82,83,-1,1
57055,70,68,2,2
57056,65,68,-3,3
57057,130,134,-4,4
57058,179,187,-8,8
57059,143,148,-5,5
57060,128,122,6,6
57061,59,58,1,1
57062,141,130,11,11
57063,91,89,2,2
57064,117,111,6,6
57065,103,102,1,1
57066,102,109,-7,7
57067,150,124,26,26
57068,91,84,7,7
57069,82,86,-4,4
57070,72,67,5,5
57071,146,135,11,11
57072,51,54,-3,3
57073,119,124,-5,5
57074,94,95,-1,1
57075,113,103,10,10
57076,115,113,2,2
57077,50,52,-2,2
57078,72,87,-15,15
57079,127,122,5,5
57080,67,84,-17,17
57081,76,79,-3,3
57082,96,107,-11,11
57083,137,149,-12,12
57084,189,185,4,4
57085,83,82,1,1
57086,90,94,-4,4
57087,85,78,7,7
57088,99,101,-2,2
57089,88,89,-1,1
57090,163,166,-3,3
57091,78,81,-3,3
57092,63,60,3,3
57093,87,92,-5,5
57094,81,85,-4,4
57095,117,129,-12,12
57096,86,77,9,9
57097,97,95,2,2
57098,120,119,1,1
57099,61,56,5,5
57100,109,116,-7,7
57101,82,82,0,0
57102,98,90,8,8
57103,100,92,8,8
57104,114,111,3,3
57105,61,66,-5,5
57106,88,90,-2,2
57107,75,82,-7,7
57108,96,97,-1,1
57109,125,132,-7,7
57110,216,201,15,15
57111,91,88,3,3
57112,149,173,-24,24
57113,104,94,10,10
57114,69,73,-4,4
57115,65,67,-2,2
57116,116,105,11,11
57117,66,69,-3,3
57118,53,57,-4,4
57119,61,75,-14,14
57120,106,111,-5,5
57121,118,112,6,6
57122,145,140,5,5
57123,90,86,4,4
57124,76,75,1,1
57125,48,50,-2,2
57126,38,44,-6,6
57127,65,69,-4,4
57128,98,90,8,8
57129,48,57,-9,9
57130,93,95,-2,2
57131,117,123,-6,6
57132,66,68,-2,2
57133,110,96,14,14
57134,121,120,1,1
57135,95,90,5,5
57136,81,79,2,2
57137,48,60,-12,12
57138,80,85,-5,5
57139,136,146,-10,10
57140,55,49,6,6
57141,110,106,4,4
57142,104,117,-13,13
57143,89,81,8,8
57144,90,97,-7,7
57145,111,112,-1,1
57146,85,95,-10,10
57147,113,114,-1,1
57148,100,99,1,1
57149,147,134,13,13
57150,86,95,-9,9
57151,76,81,-5,5
57152,164,145,19,19
57153,130,119,11,11
57154,99,91,8,8
57155,40,44,-4,4
57156,175,179,-4,4
57157,148,148,0,0
57158,106,109,-3,3
57159,152,153,-1,1
57160,91,97,-6,6
57161,98,89,9,9
57162,51,65,-14,14
57163,88,93,-5,5
57164,89,88,1,1
57165,63,62,1,1
57166,84,87,-3,3
57167,75,68,7,7
57168,117,110,7,7
57169,111,113,-2,2
57170,134,148,-14,14
57171,81,91,-10,10
57172,101,110,-9,9
57173,61,62,-1,1
57174,116,118,-2,2
57175,77,84,-7,7
57176,121,121,0,0
57177,101,98,3,3
57178,22,32,-10,10
57179,89,87,2,2
57180,134,134,0,0
57181,132,140,-8,8
57182,48,50,-2,2
57183,102,100,2,2
57184,90,85,5,5
57185,89,92,-3,3
57186,109,114,-5,5
57187,164,151,13,13
57188,93,96,-3,3
57189,93,96,-3,3
57190,63,77,-14,14
57191,99,107,-8,8
57192,72,68,4,4
57193,85,87,-2,2
57194,76,81,-5,5
57195,85,83,2,2
57196,125,89,36,36
57197,63,63,0,0
57198,47,57,-10,10
57199,123,124,-1,1
57200,88,99,-11,11
57201,75,73,2,2
57202,78,78,0,0
57203,73,65,8,8
57204,113,130,-17,17
57205,88,84,4,4
57206,91,79,12,12
57207,99,102,-3,3
57208,92,101,-9,9
57209,102,110,-8,8
57210,84,87,-3,3
57211,153,148,5,5
57212,117,125,-8,8
57213,61,56,5,5
57214,81,77,4,4
57215,148,145,3,3
57216,88,77,11,11
57217,109,110,-1,1
57218,124,118,6,6
57219,44,56,-12,12
57220,75,73,2,2
57221,107,113,-6,6
57222,74,78,-4,4
57223,75,68,7,7
57224,97,88,9,9
57225,95,84,11,11
57226,72,68,4,4
57227,71,69,2,2
57228,100,101,-1,1
57229,110,96,14,14
57230,67,61,6,6
57231,59,57,2,2
57232,162,154,8,8
57233,97,99,-2,2
57234,66,71,-5,5
57235,87,82,5,5
57236,142,134,8,8
57237,77,79,-2,2
57238,61,57,4,4
57239,61,117,-56,56
57240,131,124,7,7
57241,84,88,-4,4
57242,77,80,-3,3
57243,60,63,-3,3
57244,77,79,-2,2
57245,47,52,-5,5
57246,71,77,-6,6
57247,118,124,-6,6
57248,105,117,-12,12
57249,137,132,5,5
57250,48,63,-15,15
57251,81,86,-5,5
57252,105,95,10,10
57253,107,108,-1,1
57254,149,143,6,6
57255,88,85,3,3
57256,104,96,8,8
57257,130,114,16,16
57258,118,124,-6,6
57259,50,69,-19,19
57260,113,106,7,7
57261,48,51,-3,3
57262,105,109,-4,4
57263,63,69,-6,6
57264,63,68,-5,5
57265,65,74,-9,9
57266,105,110,-5,5
57267,38,42,-4,4
57268,57,57,0,0
57269,94,94,0,0
57270,87,78,9,9
57271,68,70,-2,2
57272,66,75,-9,9
57273,87,92,-5,5
57274,121,116,5,5
57275,104,98,6,6
57276,124,131,-7,7
57277,158,145,13,13
57278,30,35,-5,5
57279,101,119,-18,18
57280,86,75,11,11
57281,93,88,5,5
57282,123,140,-17,17
57283,102,91,11,11
57284,142,159,-17,17
57285,61,75,-14,14
57286,75,81,-6,6
57287,125,133,-8,8
57288,95,92,3,3
57289,171,162,9,9
57290,96,126,-30,30
57291,123,125,-2,2
57292,106,116,-10,10
57293,62,65,-3,3
57294,87,84,3,3
57295,57,60,-3,3
57296,56,52,4,4
57297,124,119,5,5
57298,81,78,3,3
57299,109,95,14,14
57300,165,168,-3,3
57301,171,171,0,0
57302,104,101,3,3
57303,59,68,-9,9
57304,40,48,-8,8
57305,74,92,-18,18
57306,127,123,4,4
57307,73,85,-12,12
57308,130,125,5,5
57309,47,65,-18,18
57310,59,64,-5,5
57311,156,142,14,14
57312,101,91,10,10
57313,89,66,23,23
57314,95,94,1,1
57315,60,70,-10,10
57316,91,91,0,0
57317,74,74,0,0
57318,160,152,8,8
57319,114,114,0,0
57320,148,142,6,6
57321,80,76,4,4
57322,24,31,-7,7
57323,52,55,-3,3
57324,259,230,29,29
57325,44,46,-2,2
57326,149,142,7,7
57327,57,63,-6,6
57328,126,134,-8,8
57329,142,131,11,11
57330,111,116,-5,5
57331,167,164,3,3
57332,76,77,-1,1
57333,69,62,7,7
57334,110,118,-8,8
57335,92,110,-18,18
57336,99,84,15,15
57337,95,102,-7,7
57338,114,108,6,6
57339,91,97,-6,6
57340,104,100,4,4
57341,84,84,0,0
57342,164,148,16,16
57343,44,56,-12,12
57344,75,72,3,3
57345,95,95,0,0
57346,27,36,-9,9
57347,81,83,-2,2
57348,72,74,-2,2
57349,100,94,6,6
57350,131,118,13,13
57351,61,70,-9,9
57352,89,86,3,3
57353,65,72,-7,7
57354,53,63,-10,10
57355,103,113,-10,10
57356,129,129,0,0
57357,114,108,6,6
57358,102,107,-5,5
57359,87,94,-7,7
57360,77,70,7,7
57361,72,73,-1,1
57362,71,77,-6,6
57363,67,59,8,8
57364,116,119,-3,3
57365,102,95,7,7
57366,83,79,4,4
57367,55,54,1,1
57368,71,84,-13,13
57369,84,77,7,7
57370,98,96,2,2
57371,101,89,12,12
57372,82,74,8,8
57373,117,120,-3,3
57374,126,131,-5,5
57375,66,75,-9,9
57376,81,87,-6,6
57377,189,192,-3,3
57378,90,83,7,7
57379,86,82,4,4
57380,107,100,7,7
57381,117,137,-20,20
57382,54,56,-2,2
57383,81,90,-9,9
57384,85,80,5,5
57385,88,93,-5,5
57386,57,64,-7,7
57387,103,109,-6,6
57388,103,97,6,6
57389,95,93,2,2
57390,107,108,-1,1
57391,91,90,1,1
57392,111,128,-17,17
57393,200,182,18,18
57394,83,85,-2,2
57395,86,84,2,2
57396,80,85,-5,5
57397,109,115,-6,6
57398,69,71,-2,2
57399,78,75,3,3
57400,70,81,-11,11
57401,77,78,-1,1
57402,69,63,6,6
57403,96,88,8,8
57404,121,140,-19,19
57405,90,95,-5,5
57406,152,147,5,5
57407,91,84,7,7
57408,89,88,1,1
57409,104,98,6,6
57410,88,73,15,15
57411,113,111,2,2
57412,81,92,-11,11
57413,92,86,6,6
57414,112,101,11,11
57415,113,122,-9,9
57416,119,109,10,10
57417,68,69,-1,1
57418,183,160,23,23
57419,154,140,14,14
57420,115,119,-4,4
57421,173,190,-17,17
57422,108,103,5,5
57423,124,133,-9,9
57424,71,67,4,4
57425,84,79,5,5
57426,80,83,-3,3
57427,90,102,-12,12
57428,74,70,4,4
57429,89,79,10,10
57430,81,91,-10,10
57431,100,90,10,10
57432,136,135,1,1
57433,55,57,-2,2
57434,105,105,0,0
57435,77,75,2,2
57436,192,187,5,5
57437,99,89,10,10
57438,90,87,3,3
57439,134,127,7,7
57440,113,113,0,0
57441,90,82,8,8
57442,150,139,11,11
57443,52,57,-5,5
57444,102,98,4,4
57445,55,53,2,2
57446,110,110,0,0
57447,57,60,-3,3
57448,57,63,-6,6
57449,97,94,3,3
57450,117,124,-7,7
57451,83,90,-7,7
57452,121,114,7,7
57453,58,61,-3,3
57454,101,100,1,1
57455,63,68,-5,5
57456,105,110,-5,5
57457,94,86,8,8
57458,138,136,2,2
57459,62,63,-1,1
57460,113,112,1,1
57461,50,56,-6,6
57462,90,91,-1,1
57463,135,138,-3,3
57464,68,61,7,7
57465,94,89,5,5
57466,63,64,-1,1
57467,179,162,17,17
57468,78,76,2,2
57469,197,181,16,16
57470,124,125,-1,1
57471,115,126,-11,11
57472,105,101,4,4
57473,135,135,0,0
57474,59,64,-5,5
57475,75,88,-13,13
57476,131,126,5,5
57477,125,128,-3,3
57478,82,91,-9,9
57479,193,184,9,9
57480,23,27,-4,4
57481,67,65,2,2
57482,204,192,12,12
57483,78,83,-5,5
57484,95,97,-2,2
57485,143,143,0,0
57486,69,70,-1,1
57487,78,72,6,6
57488,185,181,4,4
57489,60,64,-4,4
57490,93,84,9,9
57491,49,52,-3,3
57492,151,136,15,15
57493,93,89,4,4
57494,109,97,12,12
57495,58,56,2,2
57496,132,118,14,14
57497,85,75,10,10
57498,118,98,20,20
57499,69,70,-1,1
57500,76,78,-2,2
57501,68,75,-7,7
57502,68,68,0,0
57503,103,115,-12,12
57504,116,116,0,0
57505,189,168,21,21
57506,64,69,-5,5
57507,54,53,1,1
57508,99,98,1,1
57509,140,129,11,11
57510,52,52,0,0
57511,144,144,0,0
57512,96,95,1,1
57513,60,80,-20,20
57514,131,132,-1,1
57515,101,113,-12,12
57516,21,35,-14,14
57517,77,76,1,1
57518,94,95,-1,1
57519,64,61,3,3
57520,77,73,4,4
57521,89,89,0,0
57522,68,69,-1,1
57523,100,70,30,30
57524,94,90,4,4
57525,99,95,4,4
57526,104,110,-6,6
57527,76,75,1,1
57528,41,44,-3,3
57529,89,80,9,9
57530,159,138,21,21
57531,145,129,16,16
57532,89,84,5,5
57533,117,122,-5,5
57534,56,65,-9,9
57535,112,109,3,3
57536,59,57,2,2
57537,54,56,-2,2
57538,83,77,6,6
57539,70,77,-7,7
57540,64,64,0,0
57541,134,131,3,3
57542,107,119,-12,12
57543,81,82,-1,1
57544,117,124,-7,7
57545,123,129,-6,6
57546,114,100,14,14
57547,173,159,14,14
57548,79,72,7,7
57549,117,109,8,8
57550,32,39,-7,7
57551,87,81,6,6
57552,189,187,2,2
57553,70,77,-7,7
57554,155,136,19,19
57555,81,82,-1,1
57556,168,165,3,3
57557,114,112,2,2
57558,153,158,-5,5
57559,124,115,9,9
57560,51,47,4,4
57561,105,111,-6,6
57562,101,116,-15,15
57563,86,86,0,0
57564,129,124,5,5
57565,122,116,6,6
57566,149,142,7,7
57567,85,83,2,2
57568,73,69,4,4
57569,66,72,-6,6
57570,180,159,21,21
57571,33,40,-7,7
57572,70,75,-5,5
57573,101,116,-15,15
57574,89,96,-7,7
57575,120,119,1,1
57576,121,116,5,5
57577,91,92,-1,1
57578,90,89,1,1
57579,121,119,2,2
57580,154,161,-7,7
57581,110,109,1,1
57582,65,61,4,4
57583,107,119,-12,12
57584,141,136,5,5
57585,61,66,-5,5
57586,119,121,-2,2
57587,135,138,-3,3
57588,185,164,21,21
57589,46,51,-5,5
57590,89,92,-3,3
57591,134,129,5,5
57592,102,96,6,6
57593,138,136,2,2
57594,104,94,10,10
57595,176,163,13,13
57596,112,110,2,2
57597,135,136,-1,1
57598,119,117,2,2
57599,82,73,9,9
57600,99,104,-5,5
57601,119,113,6,6
57602,98,112,-14,14
57603,96,99,-3,3
57604,90,99,-9,9
57605,81,73,8,8
57606,65,67,-2,2
57607,120,115,5,5
57608,90,87,3,3
57609,80,85,-5,5
57610,81,87,-6,6
57611,78,97,-19,19
57612,82,75,7,7
57613,155,137,18,18
57614,77,74,3,3
57615,116,117,-1,1
57616,78,79,-1,1
57617,69,67,2,2
57618,64,66,-2,2
57619,88,89,-1,1
57620,56,57,-1,1
57621,62,71,-9,9
57622,49,57,-8,8
57623,120,109,11,11
57624,154,149,5,5
57625,86,88,-2,2
57626,61,68,-7,7
57627,66,65,1,1
57628,145,128,17,17
57629,83,87,-4,4
57630,136,130,6,6
57631,88,97,-9,9
57632,71,86,-15,15
57633,93,87,6,6
57634,97,92,5,5
57635,94,86,8,8
57636,97,102,-5,5
57637,57,66,-9,9
57638,142,138,4,4
57639,119,117,2,2
57640,87,93,-6,6
57641,131,138,-7,7
57642,119,127,-8,8
57643,76,74,2,2
57644,55,51,4,4
57645,106,108,-2,2
57646,70,76,-6,6
57647,103,108,-5,5
57648,96,86,10,10
57649,150,152,-2,2
57650,128,133,-5,5
57651,38,47,-9,9
57652,65,79,-14,14
57653,79,75,4,4
57654,96,89,7,7
57655,88,85,3,3
57656,185,201,-16,16
57657,81,75,6,6
57658,151,139,12,12
57659,94,93,1,1
57660,72,74,-2,2
57661,110,109,1,1
57662,109,108,1,1
57663,80,72,8,8
57664,68,72,-4,4
57665,111,97,14,14
57666,67,74,-7,7
57667,95,92,3,3
57668,114,117,-3,3
57669,51,53,-2,2
57670,111,111,0,0
57671,118,104,14,14
57672,157,136,21,21
57673,82,86,-4,4
57674,119,95,24,24
57675,73,73,0,0
57676,88,83,5,5
57677,46,45,1,1
57678,61,62,-1,1
57679,81,82,-1,1
57680,117,116,1,1
57681,87,82,5,5
57682,71,64,7,7
57683,70,72,-2,2
57684,98,112,-14,14
57685,89,92,-3,3
57686,100,91,9,9
57687,124,115,9,9
57688,166,156,10,10
57689,90,85,5,5
57690,43,49,-6,6
57691,175,155,20,20
57692,104,113,-9,9
57693,180,174,6,6
57694,57,54,3,3
57695,36,50,-14,14
57696,144,151,-7,7
57697,136,130,6,6
57698,56,59,-3,3
57699,93,98,-5,5
57700,91,91,0,0
57701,98,98,0,0
57702,82,66,16,16
57703,101,114,-13,13
57704,113,114,-1,1
57705,53,60,-7,7
57706,55,58,-3,3
57707,120,113,7,7
57708,105,100,5,5
57709,71,76,-5,5
57710,78,76,2,2
57711,165,163,2,2
57712,82,86,-4,4
57713,126,119,7,7
57714,114,109,5,5
57715,143,135,8,8
57716,118,117,1,1
57717,94,99,-5,5
57718,41,42,-1,1
57719,67,65,2,2
57720,83,81,2,2
57721,119,108,11,11
57722,62,65,-3,3
57723,55,52,3,3
57724,95,95,0,0
57725,91,95,-4,4
57726,68,73,-5,5
57727,144,148,-4,4
57728,64,66,-2,2
57729,43,61,-18,18
57730,81,83,-2,2
57731,94,82,12,12
57732,77,79,-2,2
57733,167,170,-3,3
57734,51,58,-7,7
57735,117,109,8,8
57736,93,93,0,0
57737,71,74,-3,3
57738,64,68,-4,4
57739,168,157,11,11
57740,98,96,2,2
57741,38,41,-3,3
57742,124,115,9,9
57743,104,113,-9,9
57744,45,48,-3,3
57745,36,44,-8,8
57746,82,84,-2,2
57747,120,111,9,9
57748,108,120,-12,12
57749,43,47,-4,4
57750,85,78,7,7
57751,146,135,11,11
57752,82,99,-17,17
57753,115,109,6,6
57754,98,88,10,10
57755,87,79,8,8
57756,124,129,-5,5
57757,86,83,3,3
57758,92,111,-19,19
57759,109,93,16,16
57760,125,117,8,8
57761,140,147,-7,7
57762,84,100,-16,16
57763,66,67,-1,1
57764,131,119,12,12
57765,81,72,9,9
57766,88,84,4,4
57767,143,155,-12,12
57768,74,79,-5,5
57769,118,126,-8,8
57770,56,63,-7,7
57771,61,58,3,3
57772,112,118,-6,6
57773,119,111,8,8
57774,102,95,7,7
57775,101,124,-23,23
57776,71,69,2,2
57777,118,118,0,0
57778,119,134,-15,15
57779,83,86,-3,3
57780,133,123,10,10
57781,57,58,-1,1
57782,87,87,0,0
57783,6,17,-11,11
57784,76,96,-20,20
57785,124,119,5,5
57786,28,31,-3,3
57787,65,62,3,3
57788,86,78,8,8
57789,111,117,-6,6
57790,59,66,-7,7
57791,94,94,0,0
57792,97,114,-17,17
57793,115,117,-2,2
57794,75,77,-2,2
57795,144,139,5,5
57796,86,94,-8,8
57797,74,74,0,0
57798,102,105,-3,3
57799,79,74,5,5
57800,99,96,3,3
57801,140,154,-14,14
57802,101,101,0,0
57803,156,142,14,14
57804,92,89,3,3
57805,70,73,-3,3
57806,59,71,-12,12
57807,116,112,4,4
57808,138,134,4,4
57809,136,143,-7,7
57810,61,61,0,0
57811,53,57,-4,4
57812,79,76,3,3
57813,90,84,6,6
57814,127,121,6,6
57815,177,150,27,27
57816,110,120,-10,10
57817,129,122,7,7
57818,106,124,-18,18
57819,74,77,-3,3
57820,154,157,-3,3
57821,129,132,-3,3
57822,73,72,1,1
57823,77,83,-6,6
57824,84,91,-7,7
57825,103,98,5,5
57826,90,121,-31,31
57827,109,100,9,9
57828,68,64,4,4
57829,72,67,5,5
57830,105,116,-11,11
57831,65,69,-4,4
57832,95,91,4,4
57833,133,136,-3,3
57834,103,92,11,11
57835,107,114,-7,7
57836,79,76,3,3
57837,116,111,5,5
57838,91,85,6,6
57839,72,84,-12,12
57840,66,83,-17,17
57841,147,138,9,9
57842,90,101,-11,11
57843,192,208,-16,16
57844,98,114,-16,16
57845,105,100,5,5
57846,44,50,-6,6
57847,102,90,12,12
57848,82,88,-6,6
57849,107,107,0,0
57850,102,104,-2,2
57851,135,123,12,12
57852,157,143,14,14
57853,61,58,3,3
57854,155,146,9,9
57855,121,131,-10,10
57856,77,76,1,1
57857,142,140,2,2
57858,95,88,7,7
57859,104,98,6,6
57860,77,78,-1,1
57861,135,132,3,3
57862,101,99,2,2
57863,65,59,6,6
57864,108,109,-1,1
57865,46,52,-6,6
57866,196,191,5,5
57867,83,81,2,2
57868,92,83,9,9
57869,66,59,7,7
57870,87,84,3,3
57871,76,75,1,1
57872,24,-9,33,33
57873,94,102,-8,8
57874,85,72,13,13
57875,147,196,-49,49
57876,104,116,-12,12
57877,97,92,5,5
57878,159,144,15,15
57879,103,98,5,5
57880,114,116,-2,2
57881,133,135,-2,2
57882,66,67,-1,1
57883,101,109,-8,8
57884,71,69,2,2
57885,85,84,1,1
57886,87,72,15,15
57887,116,91,25,25
57888,88,79,9,9
57889,64,62,2,2
57890,48,50,-2,2
57891,55,58,-3,3
57892,61,87,-26,26
57893,86,97,-11,11
57894,56,57,-1,1
57895,58,52,6,6
57896,77,79,-2,2
57897,70,77,-7,7
57898,78,85,-7,7
57899,136,126,10,10
57900,69,69,0,0
57901,68,64,4,4
57902,102,97,5,5
57903,67,67,0,0
57904,82,79,3,3
57905,54,53,1,1
57906,70,77,-7,7
57907,83,78,5,5
57908,129,120,9,9
57909,43,44,-1,1
57910,46,58,-12,12
57911,119,122,-3,3
57912,50,51,-1,1
57913,76,75,1,1
57914,168,163,5,5
57915,83,80,3,3
57916,116,108,8,8
57917,121,134,-13,13
57918,96,109,-13,13
57919,126,131,-5,5
57920,86,91,-5,5
57921,85,76,9,9
57922,93,82,11,11
57923,52,57,-5,5
57924,129,124,5,5
57925,87,80,7,7
57926,38,47,-9,9
57927,61,76,-15,15
57928,77,78,-1,1
57929,73,71,2,2
57930,143,151,-8,8
57931,59,62,-3,3
57932,57,61,-4,4
57933,64,68,-4,4
57934,140,137,3,3
57935,109,116,-7,7
57936,91,88,3,3
57937,64,66,-2,2
57938,105,90,15,15
57939,121,111,10,10
57940,65,62,3,3
57941,80,83,-3,3
57942,75,74,1,1
57943,90,83,7,7
57944,93,99,-6,6
57945,60,64,-4,4
57946,75,76,-1,1
57947,97,99,-2,2
57948,130,124,6,6
57949,111,105,6,6
57950,82,72,10,10
57951,102,98,4,4
57952,72,70,2,2
57953,180,182,-2,2
57954,71,84,-13,13
57955,92,92,0,0
57956,109,109,0,0
57957,113,110,3,3
57958,117,116,1,1
57959,105,108,-3,3
57960,85,80,5,5
57961,75,66,9,9
57962,77,75,2,2
57963,79,79,0,0
57964,106,99,7,7
57965,52,62,-10,10
57966,107,80,27,27
57967,89,92,-3,3
57968,150,146,4,4
57969,84,84,0,0
57970,78,82,-4,4
57971,124,114,10,10
57972,58,60,-2,2
57973,110,114,-4,4
57974,108,114,-6,6
57975,95,110,-15,15
57976,139,128,11,11
57977,92,91,1,1
57978,63,71,-8,8
57979,81,85,-4,4
57980,103,92,11,11
57981,75,76,-1,1
57982,75,81,-6,6
57983,125,122,3,3
57984,98,110,-12,12
57985,101,101,0,0
57986,73,85,-12,12
57987,95,92,3,3
57988,120,114,6,6
57989,90,108,-18,18
57990,178,160,18,18
57991,111,118,-7,7
57992,90,91,-1,1
57993,91,75,16,16
57994,92,80,12,12
57995,77,77,0,0
57996,87,81,6,6
57997,121,118,3,3
57998,99,86,13,13
57999,119,128,-9,9
58000,85,94,-9,9
58001,102,108,-6,6
58002,102,97,5,5
58003,68,59,9,9
58004,159,142,17,17
58005,91,75,16,16
58006,85,90,-5,5
58007,77,82,-5,5
58008,136,140,-4,4
58009,182,164,18,18
58010,101,97,4,4
58011,63,60,3,3
58012,89,103,-14,14
58013,78,77,1,1
58014,104,98,6,6
58015,113,110,3,3
58016,88,90,-2,2
58017,87,85,2,2
58018,182,169,13,13
58019,97,94,3,3
58020,123,119,4,4
58021,93,124,-31,31
58022,77,63,14,14
58023,87,85,2,2
58024,71,72,-1,1
58025,60,62,-2,2
58026,95,105,-10,10
58027,92,83,9,9
58028,78,75,3,3
58029,84,90,-6,6
58030,153,145,8,8
58031,140,147,-7,7
58032,99,85,14,14
58033,57,54,3,3
58034,83,87,-4,4
58035,79,76,3,3
58036,87,89,-2,2
58037,85,108,-23,23
58038,80,76,4,4
58039,69,72,-3,3
58040,68,73,-5,5
58041,94,100,-6,6
58042,79,84,-5,5
58043,115,115,0,0
58044,59,63,-4,4
58045,183,188,-5,5
58046,64,66,-2,2
58047,109,100,9,9
58048,54,50,4,4
58049,62,61,1,1
58050,69,80,-11,11
58051,62,57,5,5
58052,71,74,-3,3
58053,140,135,5,5
58054,73,73,0,0
58055,124,125,-1,1
58056,86,89,-3,3
58057,142,152,-10,10
58058,170,168,2,2
58059,69,67,2,2
58060,124,125,-1,1
58061,123,131,-8,8
58062,104,87,17,17
58063,65,72,-7,7
58064,110,110,0,0
58065,80,72,8,8
58066,66,67,-1,1
58067,96,95,1,1
58068,116,123,-7,7
58069,74,76,-2,2
58070,59,56,3,3
58071,64,58,6,6
58072,115,121,-6,6
58073,89,83,6,6
58074,136,124,12,12
58075,51,51,0,0
58076,73,72,1,1
58077,68,79,-11,11
58078,116,114,2,2
58079,135,141,-6,6
58080,29,37,-8,8
58081,96,83,13,13
58082,38,48,-10,10
58083,170,167,3,3
58084,125,123,2,2
58085,160,146,14,14
58086,108,117,-9,9
58087,144,140,4,4
58088,70,62,8,8
58089,100,93,7,7
58090,62,63,-1,1
58091,129,126,3,3
58092,99,90,9,9
58093,93,101,-8,8
58094,108,93,15,15
58095,59,57,2,2
58096,43,50,-7,7
58097,119,106,13,13
58098,71,64,7,7
58099,147,162,-15,15
58100,60,62,-2,2
58101,79,89,-10,10
58102,64,69,-5,5
58103,73,73,0,0
58104,105,107,-2,2
58105,80,77,3,3
58106,79,82,-3,3
58107,90,84,6,6
58108,89,77,12,12
58109,73,70,3,3
58110,113,117,-4,4
58111,78,86,-8,8
58112,63,80,-17,17
58113,142,135,7,7
58114,145,159,-14,14
58115,95,94,1,1
58116,101,98,3,3
58117,126,115,11,11
58118,154,142,12,12
58119,184,157,27,27
58120,116,118,-2,2
58121,84,86,-2,2
58122,129,133,-4,4
58123,74,74,0,0
58124,97,93,4,4
58125,88,110,-22,22
58126,102,109,-7,7
58127,69,71,-2,2
58128,73,80,-7,7
58129,77,69,8,8
58130,98,100,-2,2
58131,78,82,-4,4
58132,108,89,19,19
58133,78,77,1,1
58134,86,93,-7,7
58135,70,66,4,4
58136,70,73,-3,3
58137,78,75,3,3
58138,81,77,4,4
58139,55,62,-7,7
58140,37,46,-9,9
58141,80,80,0,0
58142,68,67,1,1
58143,130,132,-2,2
58144,100,96,4,4
58145,71,77,-6,6
58146,97,93,4,4
58147,147,148,-1,1
58148,93,93,0,0
58149,165,167,-2,2
58150,70,74,-4,4
58151,59,67,-8,8
58152,46,50,-4,4
58153,132,116,16,16
58154,90,77,13,13
58155,208,190,18,18
58156,124,129,-5,5
58157,92,100,-8,8
58158,75,75,0,0
58159,103,99,4,4
58160,47,53,-6,6
58161,72,63,9,9
58162,65,66,-1,1
58163,107,115,-8,8
58164,131,134,-3,3
58165,67,73,-6,6
58166,119,115,4,4
58167,63,64,-1,1
58168,153,136,17,17
58169,72,73,-1,1
58170,131,145,-14,14
58171,92,86,6,6
58172,70,65,5,5
58173,93,99,-6,6
58174,48,64,-16,16
58175,75,71,4,4
58176,185,182,3,3
58177,90,74,16,16
58178,53,53,0,0
58179,130,133,-3,3
58180,139,142,-3,3
58181,92,97,-5,5
58182,77,108,-31,31
58183,130,117,13,13
58184,88,79,9,9
58185,68,73,-5,5
58186,144,126,18,18
58187,73,76,-3,3
58188,136,138,-2,2
58189,115,113,2,2
58190,79,81,-2,2
58191,97,98,-1,1
58192,70,68,2,2
58193,76,82,-6,6
58194,110,110,0,0
58195,103,116,-13,13
58196,106,107,-1,1
58197,82,84,-2,2
58198,82,86,-4,4
58199,64,66,-2,2
58200,108,110,-2,2
58201,162,153,9,9
58202,64,67,-3,3
58203,42,46,-4,4
58204,128,128,0,0
58205,93,85,8,8
58206,83,82,1,1
58207,75,66,9,9
58208,113,109,4,4
58209,131,126,5,5
58210,70,63,7,7
58211,82,85,-3,3
58212,53,56,-3,3
58213,92,96,-4,4
58214,123,113,10,10
58215,132,125,7,7
58216,71,72,-1,1
58217,83,84,-1,1
58218,52,52,0,0
58219,102,99,3,3
58220,51,58,-7,7
58221,90,83,7,7
58222,121,131,-10,10
58223,125,127,-2,2
58224,66,67,-1,1
58225,99,109,-10,10
58226,71,82,-11,11
58227,103,99,4,4
58228,87,89,-2,2
58229,130,131,-1,1
58230,74,73,1,1
58231,171,163,8,8
58232,146,127,19,19
58233,81,78,3,3
58234,72,60,12,12
58235,81,93,-12,12
58236,58,55,3,3
58237,111,108,3,3
58238,148,144,4,4
58239,76,74,2,2
58240,78,69,9,9
58241,91,95,-4,4
58242,91,91,0,0
58243,70,75,-5,5
58244,155,138,17,17
58245,89,90,-1,1
58246,55,51,4,4
58247,97,85,12,12
58248,71,70,1,1
58249,134,141,-7,7
58250,85,74,11,11
58251,76,76,0,0
58252,98,110,-12,12
58253,51,57,-6,6
58254,111,102,9,9
58255,59,65,-6,6
58256,112,109,3,3
58257,43,43,0,0
58258,122,114,8,8
58259,62,77,-15,15
58260,57,57,0,0
58261,94,100,-6,6
58262,92,89,3,3
58263,113,120,-7,7
58264,125,118,7,7
58265,98,108,-10,10
58266,58,69,-11,11
58267,110,101,9,9
58268,69,74,-5,5
58269,57,67,-10,10
58270,54,51,3,3
58271,69,69,0,0
58272,84,92,-8,8
58273,81,92,-11,11
58274,72,74,-2,2
58275,120,112,8,8
58276,59,64,-5,5
58277,121,111,10,10
58278,54,61,-7,7
58279,62,64,-2,2
58280,83,76,7,7
58281,85,77,8,8
58282,102,109,-7,7
58283,109,95,14,14
58284,128,139,-11,11
58285,128,115,13,13
58286,155,118,37,37
58287,75,79,-4,4
58288,44,40,4,4
58289,106,104,2,2
58290,122,111,11,11
58291,99,95,4,4
58292,76,76,0,0
58293,93,89,4,4
58294,59,63,-4,4
58295,115,110,5,5
58296,147,139,8,8
58297,104,110,-6,6
58298,56,59,-3,3
58299,119,116,3,3
58300,92,93,-1,1
58301,55,59,-4,4
58302,70,64,6,6
58303,79,81,-2,2
58304,106,102,4,4
58305,141,127,14,14
58306,142,141,1,1
58307,100,107,-7,7
58308,71,69,2,2
58309,37,42,-5,5
58310,58,59,-1,1
58311,107,112,-5,5
58312,104,99,5,5
58313,125,125,0,0
58314,95,122,-27,27
58315,164,156,8,8
58316,45,60,-15,15
58317,86,81,5,5
58318,101,100,1,1
58319,117,112,5,5
58320,85,92,-7,7
58321,60,63,-3,3
58322,141,151,-10,10
58323,101,107,-6,6
58324,113,101,12,12
58325,108,113,-5,5
58326,86,84,2,2
58327,121,114,7,7
58328,165,178,-13,13
58329,58,59,-1,1
58330,165,164,1,1
58331,99,97,2,2
58332,77,83,-6,6
58333,120,117,3,3
58334,132,124,8,8
58335,138,126,12,12
58336,104,125,-21,21
58337,59,56,3,3
58338,68,65,3,3
58339,76,76,0,0
58340,81,87,-6,6
58341,126,123,3,3
58342,125,99,26,26
58343,39,44,-5,5
58344,103,75,28,28
58345,64,70,-6,6
58346,120,112,8,8
58347,53,57,-4,4
58348,81,71,10,10
58349,128,119,9,9
58350,75,76,-1,1
58351,67,58,9,9
58352,158,142,16,16
58353,77,92,-15,15
58354,140,140,0,0
58355,75,83,-8,8
58356,114,114,0,0
58357,82,80,2,2
58358,96,99,-3,3
58359,142,128,14,14
58360,84,96,-12,12
58361,84,65,19,19
58362,69,67,2,2
58363,63,64,-1,1
58364,83,86,-3,3
58365,136,135,1,1
58366,107,103,4,4
58367,95,98,-3,3
58368,157,141,16,16
58369,89,92,-3,3
58370,85,83,2,2
58371,102,107,-5,5
58372,103,110,-7,7
58373,88,87,1,1
58374,100,95,5,5
58375,69,65,4,4
58376,84,75,9,9
58377,32,42,-10,10
58378,52,54,-2,2
58379,156,146,10,10
58380,71,63,8,8
58381,114,120,-6,6
58382,83,85,-2,2
58383,81,81,0,0
58384,164,134,30,30
58385,109,108,1,1
58386,89,96,-7,7
58387,125,110,15,15
58388,82,75,7,7
58389,73,74,-1,1
58390,117,144,-27,27
58391,69,71,-2,2
58392,98,93,5,5
58393,114,99,15,15
58394,86,85,1,1
58395,112,99,13,13
58396,96,107,-11,11
58397,113,110,3,3
58398,86,96,-10,10
58399,130,126,4,4
58400,80,79,1,1
58401,134,137,-3,3
58402,158,158,0,0
58403,59,57,2,2
58404,55,60,-5,5
58405,87,87,0,0
58406,42,48,-6,6
58407,76,75,1,1
58408,62,58,4,4
58409,119,116,3,3
58410,103,106,-3,3
58411,172,171,1,1
58412,134,136,-2,2
58413,68,67,1,1
58414,62,60,2,2
58415,57,64,-7,7
58416,147,132,15,15
58417,93,90,3,3
58418,116,114,2,2
58419,161,159,2,2
58420,79,93,-14,14
58421,148,147,1,1
58422,118,115,3,3
58423,46,54,-8,8
58424,130,132,-2,2
58425,163,150,13,13
58426,56,62,-6,6
58427,74,68,6,6
58428,66,74,-8,8
58429,84,72,12,12
58430,76,85,-9,9
58431,88,83,5,5
58432,69,69,0,0
58433,60,63,-3,3
58434,75,72,3,3
58435,164,153,11,11
58436,71,81,-10,10
58437,125,101,24,24
58438,86,90,-4,4
58439,62,59,3,3
58440,82,78,4,4
58441,55,57,-2,2
58442,58,72,-14,14
58443,52,63,-11,11
58444,107,99,8,8
58445,82,91,-9,9
58446,118,117,1,1
58447,104,97,7,7
58448,65,65,0,0
58449,148,158,-10,10
58450,104,112,-8,8
58451,189,176,13,13
58452,126,128,-2,2
58453,92,91,1,1
58454,122,120,2,2
58455,75,75,0,0
58456,99,98,1,1
58457,99,103,-4,4
58458,154,153,1,1
58459,89,95,-6,6
58460,145,145,0,0
58461,81,72,9,9
58462,146,155,-9,9
58463,171,174,-3,3
58464,52,54,-2,2
58465,81,74,7,7
58466,102,98,4,4
58467,137,151,-14,14
58468,43,43,0,0
58469,93,99,-6,6
58470,62,62,0,0
58471,110,107,3,3
58472,78,72,6,6
58473,112,120,-8,8
58474,64,71,-7,7
58475,52,50,2,2
58476,51,68,-17,17
58477,71,78,-7,7
58478,62,64,-2,2
58479,54,53,1,1
58480,81,63,18,18
58481,156,136,20,20
58482,76,77,-1,1
58483,74,67,7,7
58484,63,71,-8,8
58485,59,52,7,7
58486,45,47,-2,2
58487,127,110,17,17
58488,110,100,10,10
58489,68,68,0,0
58490,89,87,2,2
58491,64,64,0,0
58492,116,123,-7,7
58493,68,73,-5,5
58494,211,211,0,0
58495,93,87,6,6
58496,79,79,0,0
58497,84,85,-1,1
58498,73,71,2,2
58499,82,77,5,5
58500,80,93,-13,13
58501,75,78,-3,3
58502,83,85,-2,2
58503,123,121,2,2
58504,52,54,-2,2
58505,133,122,11,11
58506,90,87,3,3
58507,70,66,4,4
58508,74,83,-9,9
58509,84,82,2,2
58510,90,94,-4,4
58511,92,95,-3,3
58512,55,62,-7,7
58513,62,67,-5,5
58514,120,122,-2,2
58515,84,82,2,2
58516,83,73,10,10
58517,95,114,-19,19
58518,79,74,5,5
58519,89,94,-5,5
58520,149,145,4,4
58521,81,113,-32,32
58522,91,96,-5,5
58523,87,73,14,14
58524,76,75,1,1
58525,45,49,-4,4
58526,226,223,3,3
58527,125,122,3,3
58528,148,166,-18,18
58529,60,62,-2,2
58530,134,132,2,2
58531,165,157,8,8
58532,129,121,8,8
58533,65,63,2,2
58534,89,88,1,1
58535,95,98,-3,3
58536,83,84,-1,1
58537,79,72,7,7
58538,111,107,4,4
58539,83,78,5,5
58540,121,120,1,1
58541,97,98,-1,1
58542,114,117,-3,3
58543,55,53,2,2
58544,118,115,3,3
58545,95,92,3,3
58546,80,83,-3,3
58547,112,115,-3,3
58548,127,121,6,6
58549,140,132,8,8
58550,100,170,-70,70
58551,50,55,-5,5
58552,130,129,1,1
58553,77,78,-1,1
58554,86,97,-11,11
58555,117,101,16,16
58556,163,155,8,8
58557,78,76,2,2
58558,118,115,3,3
58559,110,118,-8,8
58560,93,86,7,7
58561,76,93,-17,17
58562,71,61,10,10
58563,85,87,-2,2
58564,39,41,-2,2
58565,77,81,-4,4
58566,57,58,-1,1
58567,68,70,-2,2
58568,74,70,4,4
58569,80,76,4,4
58570,86,91,-5,5
58571,55,56,-1,1
58572,129,109,20,20
58573,181,184,-3,3
58574,71,71,0,0
58575,106,130,-24,24
58576,43,52,-9,9
58577,157,156,1,1
58578,68,65,3,3
58579,134,123,11,11
58580,137,146,-9,9
58581,71,73,-2,2
58582,48,48,0,0
58583,45,50,-5,5
58584,75,75,0,0
58585,67,79,-12,12
58586,108,98,10,10
58587,81,81,0,0
58588,94,95,-1,1
58589,229,224,5,5
58590,58,61,-3,3
58591,75,83,-8,8
58592,97,116,-19,19
58593,142,142,0,0
58594,196,163,33,33
58595,78,77,1,1
58596,101,116,-15,15
58597,100,96,4,4
58598,82,75,7,7
58599,100,99,1,1
58600,81,86,-5,5
58601,81,89,-8,8
58602,106,132,-26,26
58603,74,69,5,5
58604,77,87,-10,10
58605,124,121,3,3
58606,35,42,-7,7
58607,76,80,-4,4
58608,106,108,-2,2
58609,83,87,-4,4
58610,82,81,1,1
58611,77,78,-1,1
58612,113,114,-1,1
58613,86,83,3,3
58614,115,111,4,4
58615,98,93,5,5
58616,69,78,-9,9
58617,90,94,-4,4
58618,99,93,6,6
58619,59,67,-8,8
58620,109,99,10,10
58621,72,76,-4,4
58622,130,125,5,5
58623,118,119,-1,1
58624,113,113,0,0
58625,98,97,1,1
58626,102,94,8,8
58627,142,125,17,17
58628,95,101,-6,6
58629,89,90,-1,1
58630,45,62,-17,17
58631,35,38,-3,3
58632,54,56,-2,2
58633,102,86,16,16
58634,27,29,-2,2
58635,66,65,1,1
58636,35,45,-10,10
58637,115,108,7,7
58638,148,147,1,1
58639,98,91,7,7
58640,115,117,-2,2
58641,79,89,-10,10
58642,84,83,1,1
58643,147,145,2,2
58644,79,72,7,7
58645,62,61,1,1
58646,95,85,10,10
58647,71,72,-1,1
58648,66,67,-1,1
58649,84,85,-1,1
58650,142,135,7,7
58651,142,128,14,14
58652,91,90,1,1
58653,102,102,0,0
58654,105,135,-30,30
58655,66,63,3,3
58656,83,86,-3,3
58657,63,65,-2,2
58658,66,71,-5,5
58659,109,124,-15,15
58660,71,74,-3,3
58661,92,95,-3,3
58662,139,148,-9,9
58663,117,121,-4,4
58664,120,121,-1,1
58665,94,112,-18,18
58666,99,97,2,2
58667,58,58,0,0
58668,129,128,1,1
58669,66,73,-7,7
58670,126,110,16,16
58671,111,119,-8,8
58672,54,58,-4,4
58673,153,130,23,23
58674,82,85,-3,3
58675,56,60,-4,4
58676,59,61,-2,2
58677,146,133,13,13
58678,64,67,-3,3
58679,56,58,-2,2
58680,60,65,-5,5
58681,21,53,-32,32
58682,132,135,-3,3
58683,85,85,0,0
58684,113,112,1,1
58685,81,80,1,1
58686,110,113,-3,3
58687,98,96,2,2
58688,86,90,-4,4
58689,102,97,5,5
58690,129,145,-16,16
58691,89,85,4,4
58692,121,123,-2,2
58693,104,101,3,3
58694,63,66,-3,3
58695,138,133,5,5
58696,119,138,-19,19
58697,92,88,4,4
58698,113,109,4,4
58699,97,99,-2,2
58700,162,156,6,6
58701,41,48,-7,7
58702,112,116,-4,4
58703,124,121,3,3
58704,76,73,3,3
58705,116,121,-5,5
58706,86,83,3,3
58707,69,65,4,4
58708,99,110,-11,11
58709,65,68,-3,3
58710,70,82,-12,12
58711,111,97,14,14
58712,79,76,3,3
58713,92,96,-4,4
58714,92,81,11,11
58715,126,128,-2,2
58716,109,110,-1,1
58717,65,74,-9,9
58718,79,75,4,4
58719,160,156,4,4
58720,75,80,-5,5
58721,95,88,7,7
58722,97,94,3,3
58723,102,105,-3,3
58724,75,70,5,5
58725,119,126,-7,7
58726,31,33,-2,2
58727,137,129,8,8
58728,99,112,-13,13
58729,135,131,4,4
58730,143,145,-2,2
58731,128,127,1,1
58732,135,135,0,0
58733,56,54,2,2
58734,79,76,3,3
58735,157,140,17,17
58736,103,115,-12,12
58737,147,144,3,3
58738,78,79,-1,1
58739,124,122,2,2
58740,57,63,-6,6
58741,63,79,-16,16
58742,79,70,9,9
58743,87,90,-3,3
58744,105,95,10,10
58745,119,114,5,5
58746,41,40,1,1
58747,62,68,-6,6
58748,148,154,-6,6
58749,113,110,3,3
58750,236,217,19,19
58751,49,56,-7,7
58752,78,83,-5,5
58753,105,109,-4,4
58754,136,131,5,5
58755,93,93,0,0
58756,55,60,-5,5
58757,87,91,-4,4
58758,67,75,-8,8
58759,113,101,12,12
58760,52,56,-4,4
58761,102,124,-22,22
58762,149,133,16,16
58763,65,73,-8,8
58764,106,95,11,11
58765,88,86,2,2
58766,175,160,15,15
58767,116,122,-6,6
58768,128,128,0,0
58769,86,89,-3,3
58770,154,132,22,22
58771,93,90,3,3
58772,65,93,-28,28
58773,119,122,-3,3
58774,81,77,4,4
58775,93,121,-28,28
58776,77,84,-7,7
58777,144,123,21,21
58778,105,108,-3,3
58779,111,92,19,19
58780,143,134,9,9
58781,96,93,3,3
58782,86,95,-9,9
58783,78,76,2,2
58784,136,132,4,4
58785,82,80,2,2
58786,91,86,5,5
58787,83,88,-5,5
58788,106,109,-3,3
58789,94,98,-4,4
58790,99,103,-4,4
58791,78,71,7,7
58792,154,147,7,7
58793,77,61,16,16
58794,184,172,12,12
58795,192,179,13,13
58796,77,73,4,4
58797,105,111,-6,6
58798,62,69,-7,7
58799,103,99,4,4
58800,59,61,-2,2
58801,77,69,8,8
58802,155,156,-1,1
58803,90,85,5,5
58804,98,120,-22,22
58805,93,93,0,0
58806,132,135,-3,3
58807,115,116,-1,1
58808,67,64,3,3
58809,198,195,3,3
58810,90,87,3,3
58811,114,111,3,3
58812,108,110,-2,2
58813,77,80,-3,3
58814,114,123,-9,9
58815,126,137,-11,11
58816,86,82,4,4
58817,67,71,-4,4
58818,108,109,-1,1
58819,92,93,-1,1
58820,123,125,-2,2
58821,96,100,-4,4
58822,64,63,1,1
58823,166,160,6,6
58824,218,222,-4,4
58825,89,92,-3,3
58826,76,83,-7,7
58827,69,68,1,1
58828,122,124,-2,2
58829,115,116,-1,1
58830,87,98,-11,11
58831,119,116,3,3
58832,95,89,6,6
58833,82,84,-2,2
58834,57,61,-4,4
58835,100,110,-10,10
58836,86,78,8,8
58837,101,91,10,10
58838,65,55,10,10
58839,106,108,-2,2
58840,75,73,2,2
58841,142,131,11,11
58842,81,74,7,7
58843,77,80,-3,3
58844,59,58,1,1
58845,130,118,12,12
58846,100,89,11,11
58847,92,95,-3,3
58848,55,57,-2,2
58849,101,127,-26,26
58850,66,66,0,0
58851,108,94,14,14
58852,83,84,-1,1
58853,69,68,1,1
58854,140,130,10,10
58855,87,82,5,5
58856,96,95,1,1
58857,167,143,24,24
58858,72,69,3,3
58859,88,90,-2,2
58860,124,117,7,7
58861,91,95,-4,4
58862,51,53,-2,2
58863,87,74,13,13
58864,92,94,-2,2
58865,58,62,-4,4
58866,45,47,-2,2
58867,95,85,10,10
58868,134,123,11,11
58869,91,90,1,1
58870,121,117,4,4
58871,51,49,2,2
58872,58,61,-3,3
58873,48,51,-3,3
58874,75,78,-3,3
58875,46,54,-8,8
58876,56,61,-5,5
58877,87,83,4,4
58878,47,64,-17,17
58879,88,91,-3,3
58880,112,109,3,3
58881,56,61,-5,5
58882,104,108,-4,4
58883,61,57,4,4
58884,96,93,3,3
58885,113,104,9,9
58886,66,61,5,5
58887,153,157,-4,4
58888,115,123,-8,8
58889,100,99,1,1
58890,73,69,4,4
58891,89,71,18,18
58892,101,113,-12,12
58893,82,89,-7,7
58894,89,98,-9,9
58895,94,100,-6,6
58896,93,86,7,7
58897,113,113,0,0
58898,129,125,4,4
58899,68,66,2,2
58900,68,60,8,8
58901,94,91,3,3
58902,157,150,7,7
58903,99,93,6,6
58904,54,62,-8,8
58905,123,116,7,7
58906,94,80,14,14
58907,183,182,1,1
58908,74,70,4,4
58909,59,58,1,1
58910,173,159,14,14
58911,122,117,5,5
58912,75,73,2,2
58913,77,81,-4,4
58914,63,64,-1,1
58915,90,97,-7,7
58916,56,64,-8,8
58917,82,79,3,3
58918,86,104,-18,18
58919,149,148,1,1
58920,108,98,10,10
58921,73,71,2,2
58922,67,71,-4,4
58923,93,92,1,1
58924,55,55,0,0
58925,108,116,-8,8
58926,118,107,11,11
58927,30,35,-5,5
58928,70,54,16,16
58929,94,96,-2,2
58930,84,80,4,4
58931,77,70,7,7
58932,64,61,3,3
58933,103,102,1,1
58934,93,118,-25,25
58935,91,85,6,6
58936,65,68,-3,3
58937,108,101,7,7
58938,117,109,8,8
58939,45,48,-3,3
58940,113,118,-5,5
58941,70,67,3,3
58942,75,94,-19,19
58943,79,80,-1,1
58944,59,57,2,2
58945,59,57,2,2
58946,42,52,-10,10
58947,96,83,13,13
58948,109,108,1,1
58949,95,103,-8,8
58950,126,126,0,0
58951,89,93,-4,4
58952,99,99,0,0
58953,145,149,-4,4
58954,108,100,8,8
58955,84,83,1,1
58956,82,90,-8,8
58957,171,159,12,12
58958,103,93,10,10
58959,118,112,6,6
58960,180,163,17,17
58961,61,62,-1,1
58962,163,146,17,17
58963,135,144,-9,9
58964,152,143,9,9
58965,109,95,14,14
58966,61,68,-7,7
58967,108,111,-3,3
58968,181,186,-5,5
58969,104,113,-9,9
58970,105,99,6,6
58971,68,72,-4,4
58972,116,145,-29,29
58973,144,134,10,10
58974,85,81,4,4
58975,141,147,-6,6
58976,152,159,-7,7
58977,114,118,-4,4
58978,143,135,8,8
58979,155,154,1,1
58980,191,176,15,15
58981,102,96,6,6
58982,77,73,4,4
58983,97,105,-8,8
58984,85,94,-9,9
58985,82,73,9,9
58986,83,74,9,9
58987,64,65,-1,1
58988,135,133,2,2
58989,86,75,11,11
58990,59,56,3,3
58991,71,62,9,9
58992,65,52,13,13
58993,134,130,4,4
58994,85,87,-2,2
58995,159,152,7,7
58996,145,152,-7,7
58997,66,68,-2,2
58998,71,76,-5,5
58999,154,135,19,19
59000,159,165,-6,6
59001,50,56,-6,6
59002,95,105,-10,10
59003,81,79,2,2
59004,128,117,11,11
59005,79,80,-1,1
59006,93,101,-8,8
59007,156,156,0,0
59008,107,108,-1,1
59009,48,51,-3,3
59010,49,54,-5,5
59011,52,106,-54,54
59012,43,53,-10,10
59013,166,160,6,6
59014,59,58,1,1
59015,97,89,8,8
59016,143,153,-10,10
59017,107,117,-10,10
59018,122,120,2,2
59019,77,70,7,7
59020,77,79,-2,2
59021,52,52,0,0
59022,70,63,7,7
59023,93,92,1,1
59024,93,110,-17,17
59025,110,115,-5,5
59026,53,60,-7,7
59027,67,65,2,2
59028,185,177,8,8
59029,90,77,13,13
59030,107,108,-1,1
59031,148,156,-8,8
59032,119,122,-3,3
59033,95,106,-11,11
59034,112,97,15,15
59035,171,179,-8,8
59036,110,86,24,24
59037,76,81,-5,5
59038,99,94,5,5
59039,94,100,-6,6
59040,107,115,-8,8
59041,73,74,-1,1
59042,133,117,16,16
59043,70,77,-7,7
59044,80,66,14,14
59045,149,140,9,9
59046,78,55,23,23
59047,95,94,1,1
59048,79,86,-7,7
59049,42,54,-12,12
59050,73,71,2,2
59051,346,286,60,60
59052,70,50,20,20
59053,75,78,-3,3
59054,144,145,-1,1
59055,63,62,1,1
59056,80,78,2,2
59057,124,113,11,11
59058,69,67,2,2
59059,99,97,2,2
59060,140,118,22,22
59061,117,114,3,3
59062,58,60,-2,2
59063,84,84,0,0
59064,47,49,-2,2
59065,86,82,4,4
59066,52,56,-4,4
59067,77,81,-4,4
59068,69,68,1,1
59069,107,108,-1,1
59070,118,109,9,9
59071,81,91,-10,10
59072,109,107,2,2
59073,97,108,-11,11
59074,85,81,4,4
59075,81,77,4,4
59076,65,58,7,7
59077,101,117,-16,16
59078,90,98,-8,8
59079,68,76,-8,8
59080,59,54,5,5
59081,97,97,0,0
59082,104,104,0,0
59083,52,50,2,2
59084,58,61,-3,3
59085,64,70,-6,6
59086,92,89,3,3
59087,179,163,16,16
59088,112,102,10,10
59089,100,113,-13,13
59090,60,58,2,2
59091,102,101,1,1
59092,111,109,2,2
59093,100,90,10,10
59094,80,74,6,6
59095,89,82,7,7
59096,124,131,-7,7
59097,70,71,-1,1
59098,85,92,-7,7
59099,79,84,-5,5
59100,74,75,-1,1
59101,66,76,-10,10
59102,75,80,-5,5
59103,83,81,2,2
59104,65,65,0,0
59105,119,119,0,0
59106,102,97,5,5
59107,81,85,-4,4
59108,77,78,-1,1
59109,81,80,1,1
59110,94,94,0,0
59111,103,108,-5,5
59112,104,107,-3,3
59113,118,102,16,16
59114,90,83,7,7
59115,71,72,-1,1
59116,114,109,5,5
59117,120,95,25,25
59118,85,81,4,4
59119,79,84,-5,5
59120,49,55,-6,6
59121,74,68,6,6
59122,99,97,2,2
59123,106,117,-11,11
59124,89,91,-2,2
59125,21,40,-19,19
59126,114,118,-4,4
59127,90,97,-7,7
59128,129,125,4,4
59129,64,62,2,2
59130,44,47,-3,3
59131,150,140,10,10
59132,136,134,2,2
59133,119,126,-7,7
59134,68,74,-6,6
59135,87,93,-6,6
59136,66,72,-6,6
59137,103,102,1,1
59138,117,119,-2,2
59139,111,94,17,17
59140,112,89,23,23
59141,101,94,7,7
59142,143,147,-4,4
59143,81,80,1,1
59144,180,158,22,22
59145,61,64,-3,3
59146,131,128,3,3
59147,70,72,-2,2
59148,107,111,-4,4
59149,135,122,13,13
59150,92,84,8,8
59151,81,78,3,3
59152,108,108,0,0
59153,90,87,3,3
59154,86,75,11,11
59155,127,117,10,10
59156,47,51,-4,4
59157,130,131,-1,1
59158,84,88,-4,4
59159,79,79,0,0
59160,91,91,0,0
59161,120,110,10,10
59162,80,76,4,4
59163,59,66,-7,7
59164,81,93,-12,12
59165,143,146,-3,3
59166,117,101,16,16
59167,143,142,1,1
59168,154,125,29,29
59169,57,64,-7,7
59170,69,66,3,3
59171,44,49,-5,5
59172,84,92,-8,8
59173,96,91,5,5
59174,80,78,2,2
59175,61,79,-18,18
59176,64,76,-12,12
59177,67,64,3,3
59178,108,106,2,2
59179,87,88,-1,1
59180,87,81,6,6
59181,112,99,13,13
59182,147,145,2,2
59183,143,141,2,2
59184,124,121,3,3
59185,160,149,11,11
59186,109,109,0,0
59187,71,66,5,5
59188,138,134,4,4
59189,76,75,1,1
59190,96,89,7,7
59191,94,89,5,5
59192,44,44,0,0
59193,83,86,-3,3
59194,49,55,-6,6
59195,75,83,-8,8
59196,104,112,-8,8
59197,75,75,0,0
59198,93,91,2,2
59199,96,102,-6,6
59200,81,88,-7,7
59201,80,78,2,2
59202,97,79,18,18
59203,65,70,-5,5
59204,46,53,-7,7
59205,79,82,-3,3
59206,88,90,-2,2
59207,62,72,-10,10
59208,84,75,9,9
59209,70,71,-1,1
59210,129,135,-6,6
59211,104,79,25,25
59212,116,121,-5,5
59213,126,122,4,4
59214,95,100,-5,5
59215,66,66,0,0
59216,81,79,2,2
59217,133,114,19,19
59218,95,98,-3,3
59219,151,139,12,12
59220,88,88,0,0
59221,110,111,-1,1
59222,69,59,10,10
59223,106,94,12,12
59224,64,70,-6,6
59225,126,115,11,11
59226,41,48,-7,7
59227,97,95,2,2
59228,46,66,-20,20
59229,52,66,-14,14
59230,66,57,9,9
59231,81,78,3,3
59232,81,83,-2,2
59233,85,81,4,4
59234,35,40,-5,5
59235,118,114,4,4
59236,94,91,3,3
59237,92,83,9,9
59238,55,59,-4,4
59239,99,93,6,6
59240,68,71,-3,3
59241,56,59,-3,3
59242,97,102,-5,5
59243,110,115,-5,5
59244,152,144,8,8
59245,40,47,-7,7
59246,52,61,-9,9
59247,169,175,-6,6
59248,160,149,11,11
59249,78,74,4,4
59250,77,89,-12,12
59251,40,43,-3,3
59252,93,117,-24,24
59253,115,109,6,6
59254,108,112,-4,4
59255,69,73,-4,4
59256,126,152,-26,26
59257,133,149,-16,16
59258,116,115,1,1
59259,76,87,-11,11
59260,42,47,-5,5
59261,74,81,-7,7
59262,145,136,9,9
59263,72,67,5,5
59264,103,113,-10,10
59265,67,69,-2,2
59266,139,122,17,17
59267,93,90,3,3
59268,112,109,3,3
59269,176,167,9,9
59270,70,69,1,1
59271,158,121,37,37
59272,71,68,3,3
59273,47,43,4,4
59274,93,83,10,10
59275,57,65,-8,8
59276,75,70,5,5
59277,62,75,-13,13
59278,104,127,-23,23
59279,143,140,3,3
59280,83,80,3,3
59281,75,72,3,3
59282,92,92,0,0
59283,60,82,-22,22
59284,117,115,2,2
59285,64,68,-4,4
59286,61,62,-1,1
59287,87,75,12,12
59288,175,180,-5,5
59289,58,68,-10,10
59290,77,65,12,12
59291,96,80,16,16
59292,120,124,-4,4
59293,176,166,10,10
59294,132,128,4,4
59295,67,69,-2,2
59296,73,73,0,0
59297,120,142,-22,22
59298,71,75,-4,4
59299,63,60,3,3
59300,74,66,8,8
59301,35,52,-17,17
59302,129,117,12,12
59303,132,140,-8,8
59304,75,78,-3,3
59305,122,117,5,5
59306,89,84,5,5
59307,90,78,12,12
59308,71,76,-5,5
59309,92,81,11,11
59310,184,167,17,17
59311,59,86,-27,27
59312,90,91,-1,1
59313,100,110,-10,10
59314,83,83,0,0
59315,83,86,-3,3
59316,78,82,-4,4
59317,106,102,4,4
59318,107,113,-6,6
59319,45,49,-4,4
59320,82,86,-4,4
59321,85,93,-8,8
59322,109,86,23,23
59323,70,74,-4,4
59324,70,72,-2,2
59325,109,112,-3,3
59326,62,61,1,1
59327,63,70,-7,7
59328,67,71,-4,4
59329,38,38,0,0
59330,45,45,0,0
59331,111,102,9,9
59332,99,111,-12,12
59333,52,60,-8,8
59334,93,92,1,1
59335,103,119,-16,16
59336,86,85,1,1
59337,69,66,3,3
59338,52,78,-26,26
59339,215,174,41,41
59340,90,88,2,2
59341,54,55,-1,1
59342,110,109,1,1
59343,97,86,11,11
59344,150,115,35,35
59345,142,130,12,12
59346,57,72,-15,15
59347,116,112,4,4
59348,177,160,17,17
59349,109,110,-1,1
59350,78,76,2,2
59351,79,80,-1,1
59352,51,55,-4,4
59353,80,80,0,0
59354,99,109,-10,10
59355,49,50,-1,1
59356,153,154,-1,1
59357,174,172,2,2
59358,100,100,0,0
59359,147,133,14,14
59360,75,90,-15,15
59361,138,123,15,15
59362,78,74,4,4
59363,77,80,-3,3
59364,93,81,12,12
59365,148,142,6,6
59366,176,159,17,17
59367,74,71,3,3
59368,178,187,-9,9
59369,107,116,-9,9
59370,103,98,5,5
59371,125,120,5,5
59372,119,113,6,6
59373,98,98,0,0
59374,69,64,5,5
59375,72,68,4,4
59376,81,97,-16,16
59377,54,59,-5,5
59378,110,114,-4,4
59379,84,86,-2,2
59380,148,145,3,3
59381,61,55,6,6
59382,94,106,-12,12
59383,79,93,-14,14
59384,77,76,1,1
59385,83,80,3,3
59386,102,91,11,11
59387,99,97,2,2
59388,104,96,8,8
59389,128,137,-9,9
59390,73,78,-5,5
59391,85,81,4,4
59392,123,138,-15,15
59393,87,93,-6,6
59394,135,117,18,18
59395,71,69,2,2
59396,81,95,-14,14
59397,64,61,3,3
59398,71,68,3,3
59399,105,107,-2,2
59400,59,55,4,4
59401,140,131,9,9
59402,161,152,9,9
59403,100,89,11,11
59404,89,85,4,4
59405,64,68,-4,4
59406,154,151,3,3
59407,167,135,32,32
59408,178,164,14,14
59409,88,78,10,10
59410,79,100,-21,21
59411,72,81,-9,9
59412,85,82,3,3
59413,92,89,3,3
59414,71,81,-10,10
59415,60,65,-5,5
59416,66,60,6,6
59417,95,86,9,9
59418,82,80,2,2
59419,82,86,-4,4
59420,91,79,12,12
59421,121,113,8,8
59422,78,78,0,0
59423,148,141,7,7
59424,95,95,0,0
59425,138,147,-9,9
59426,61,65,-4,4
59427,66,67,-1,1
59428,83,80,3,3
59429,61,68,-7,7
59430,60,58,2,2
59431,56,53,3,3
59432,127,125,2,2
59433,62,61,1,1
59434,133,133,0,0
59435,79,72,7,7
59436,123,107,16,16
59437,53,53,0,0
59438,79,81,-2,2
59439,126,112,14,14
59440,117,133,-16,16
59441,136,135,1,1
59442,81,108,-27,27
59443,105,127,-22,22
59444,118,122,-4,4
59445,66,64,2,2
59446,59,55,4,4
59447,129,130,-1,1
59448,93,102,-9,9
59449,87,87,0,0
59450,45,52,-7,7
59451,64,64,0,0
59452,121,125,-4,4
59453,168,151,17,17
59454,81,75,6,6
59455,99,90,9,9
59456,117,106,11,11
59457,95,84,11,11
59458,66,70,-4,4
59459,122,114,8,8
59460,112,122,-10,10
59461,71,82,-11,11
59462,172,176,-4,4
59463,108,100,8,8
59464,85,82,3,3
59465,130,122,8,8
59466,64,63,1,1
59467,74,81,-7,7
59468,63,65,-2,2
59469,145,140,5,5
59470,95,97,-2,2
59471,138,148,-10,10
59472,105,102,3,3
59473,51,56,-5,5
59474,109,118,-9,9
59475,91,111,-20,20
59476,70,64,6,6
59477,129,126,3,3
59478,106,88,18,18
59479,82,73,9,9
59480,54,54,0,0
59481,151,162,-11,11
59482,120,115,5,5
59483,151,147,4,4
59484,96,107,-11,11
59485,62,68,-6,6
59486,165,157,8,8
59487,138,129,9,9
59488,128,130,-2,2
59489,80,68,12,12
59490,94,96,-2,2
59491,86,89,-3,3
59492,130,129,1,1
59493,154,140,14,14
59494,81,76,5,5
59495,152,143,9,9
59496,52,68,-16,16
59497,65,65,0,0
59498,109,91,18,18
59499,72,71,1,1
59500,103,96,7,7
59501,112,95,17,17
59502,65,73,-8,8
59503,77,83,-6,6
59504,189,189,0,0
59505,178,166,12,12
59506,48,51,-3,3
59507,145,141,4,4
59508,47,62,-15,15
59509,146,141,5,5
59510,118,120,-2,2
59511,78,80,-2,2
59512,93,96,-3,3
59513,72,71,1,1
59514,86,89,-3,3
59515,118,110,8,8
59516,87,88,-1,1
59517,42,50,-8,8
59518,87,94,-7,7
59519,87,89,-2,2
59520,159,152,7,7
59521,96,98,-2,2
59522,50,54,-4,4
59523,76,95,-19,19
59524,111,118,-7,7
59525,140,136,4,4
59526,133,123,10,10
59527,89,100,-11,11
59528,94,99,-5,5
59529,60,55,5,5
59530,67,69,-2,2
59531,166,147,19,19
59532,74,80,-6,6
59533,88,90,-2,2
59534,113,111,2,2
59535,114,113,1,1
59536,98,90,8,8
59537,52,58,-6,6
59538,109,109,0,0
59539,51,53,-2,2
59540,92,89,3,3
59541,79,80,-1,1
59542,65,69,-4,4
59543,80,84,-4,4
59544,130,121,9,9
59545,90,99,-9,9
59546,108,96,12,12
59547,84,90,-6,6
59548,160,157,3,3
59549,53,54,-1,1
59550,62,70,-8,8
59551,65,79,-14,14
59552,65,67,-2,2
59553,61,56,5,5
59554,35,41,-6,6
59555,113,110,3,3
59556,69,74,-5,5
59557,56,54,2,2
59558,103,118,-15,15
59559,76,74,2,2
59560,106,114,-8,8
59561,157,153,4,4
59562,150,147,3,3
59563,79,80,-1,1
59564,94,93,1,1
59565,59,64,-5,5
59566,135,157,-22,22
59567,91,92,-1,1
59568,129,126,3,3
59569,80,80,0,0
59570,58,54,4,4
59571,96,81,15,15
59572,160,162,-2,2
59573,80,76,4,4
59574,55,56,-1,1
59575,101,97,4,4
59576,85,77,8,8
59577,68,68,0,0
59578,95,110,-15,15
59579,110,110,0,0
59580,75,74,1,1
59581,73,80,-7,7
59582,90,90,0,0
59583,78,81,-3,3
59584,148,142,6,6
59585,94,94,0,0
59586,64,66,-2,2
59587,186,170,16,16
59588,40,48,-8,8
59589,74,78,-4,4
59590,140,130,10,10
59591,103,98,5,5
59592,179,153,26,26
59593,209,173,36,36
59594,114,119,-5,5
59595,44,56,-12,12
59596,84,78,6,6
59597,55,57,-2,2
59598,150,141,9,9
59599,64,56,8,8
59600,61,69,-8,8
59601,89,88,1,1
59602,129,119,10,10
59603,61,63,-2,2
59604,125,111,14,14
59605,129,123,6,6
59606,94,95,-1,1
59607,86,80,6,6
59608,124,125,-1,1
59609,45,47,-2,2
59610,131,120,11,11
59611,89,84,5,5
59612,140,148,-8,8
59613,85,90,-5,5
59614,178,162,16,16
59615,120,116,4,4
59616,135,125,10,10
59617,72,66,6,6
59618,45,51,-6,6
59619,63,65,-2,2
59620,62,73,-11,11
59621,87,86,1,1
59622,165,170,-5,5
59623,107,131,-24,24
59624,69,77,-8,8
59625,94,91,3,3
59626,58,60,-2,2
59627,105,102,3,3
59628,115,118,-3,3
59629,92,87,5,5
59630,80,76,4,4
59631,154,151,3,3
59632,61,51,10,10
59633,115,116,-1,1
59634,52,49,3,3
59635,69,67,2,2
59636,58,63,-5,5
59637,92,99,-7,7
59638,56,60,-4,4
59639,94,110,-16,16
59640,70,73,-3,3
59641,126,98,28,28
59642,77,80,-3,3
59643,77,73,4,4
59644,160,160,0,0
59645,69,69,0,0
59646,73,73,0,0
59647,72,74,-2,2
59648,72,70,2,2
59649,124,129,-5,5
59650,78,76,2,2
59651,81,77,4,4
59652,156,149,7,7
59653,67,63,4,4
59654,118,116,2,2
59655,79,72,7,7
59656,81,77,4,4
59657,87,77,10,10
59658,57,72,-15,15
59659,70,187,-117,117
59660,147,100,47,47
59661,141,131,10,10
59662,42,51,-9,9
59663,89,95,-6,6
59664,94,94,0,0
59665,103,108,-5,5
59666,100,102,-2,2
59667,56,64,-8,8
59668,85,109,-24,24
59669,77,73,4,4
59670,89,89,0,0
59671,125,143,-18,18
59672,41,50,-9,9
59673,135,120,15,15
59674,70,80,-10,10
59675,51,47,4,4
59676,86,92,-6,6
59677,100,97,3,3
59678,103,108,-5,5
59679,62,64,-2,2
59680,153,136,17,17
59681,173,167,6,6
59682,137,146,-9,9
59683,107,91,16,16
59684,161,144,17,17
59685,139,141,-2,2
59686,62,56,6,6
59687,71,64,7,7
59688,104,125,-21,21
59689,115,113,2,2
59690,144,142,2,2
59691,76,75,1,1
59692,168,160,8,8
59693,76,72,4,4
59694,78,81,-3,3
59695,94,119,-25,25
59696,92,83,9,9
59697,96,88,8,8
59698,131,121,10,10
59699,93,95,-2,2
59700,93,85,8,8
59701,60,62,-2,2
59702,78,69,9,9
59703,72,79,-7,7
59704,141,101,40,40
59705,116,112,4,4
59706,83,92,-9,9
59707,78,83,-5,5
59708,79,79,0,0
59709,113,116,-3,3
59710,46,54,-8,8
59711,93,98,-5,5
59712,99,92,7,7
59713,103,113,-10,10
59714,98,89,9,9
59715,113,104,9,9
59716,121,140,-19,19
59717,58,60,-2,2
59718,92,90,2,2
59719,89,95,-6,6
59720,99,100,-1,1
59721,89,91,-2,2
59722,79,83,-4,4
59723,138,131,7,7
59724,79,78,1,1
59725,73,78,-5,5
59726,88,84,4,4
59727,73,86,-13,13
59728,95,98,-3,3
59729,104,109,-5,5
59730,77,72,5,5
59731,54,58,-4,4
59732,128,130,-2,2
59733,88,94,-6,6
59734,89,90,-1,1
59735,100,108,-8,8
59736,132,134,-2,2
59737,73,80,-7,7
59738,69,71,-2,2
59739,88,79,9,9
59740,127,126,1,1
59741,135,136,-1,1
59742,71,67,4,4
59743,133,130,3,3
59744,98,99,-1,1
59745,96,83,13,13
59746,121,116,5,5
59747,110,99,11,11
59748,63,67,-4,4
59749,149,141,8,8
59750,75,89,-14,14
59751,61,71,-10,10
59752,203,180,23,23
59753,106,110,-4,4
59754,90,87,3,3
59755,111,95,16,16
59756,98,89,9,9
59757,70,87,-17,17
59758,77,72,5,5
59759,65,70,-5,5
59760,110,111,-1,1
59761,82,93,-11,11
59762,135,133,2,2
59763,133,133,0,0
59764,93,91,2,2
59765,96,104,-8,8
59766,83,86,-3,3
59767,83,84,-1,1
59768,114,107,7,7
59769,169,176,-7,7
59770,83,68,15,15
59771,87,87,0,0
59772,80,92,-12,12
59773,64,70,-6,6
59774,185,172,13,13
59775,110,99,11,11
59776,109,100,9,9
59777,52,54,-2,2
59778,103,102,1,1
59779,34,44,-10,10
59780,69,117,-48,48
59781,154,146,8,8
59782,149,143,6,6
59783,81,78,3,3
59784,81,82,-1,1
59785,68,71,-3,3
59786,93,84,9,9
59787,57,54,3,3
59788,129,129,0,0
59789,98,100,-2,2
59790,117,127,-10,10
59791,76,85,-9,9
59792,36,35,1,1
59793,130,127,3,3
59794,81,82,-1,1
59795,72,83,-11,11
59796,76,79,-3,3
59797,63,67,-4,4
59798,97,95,2,2
59799,61,63,-2,2
59800,85,85,0,0
59801,110,132,-22,22
59802,85,81,4,4
59803,77,87,-10,10
59804,127,120,7,7
59805,49,51,-2,2
59806,85,84,1,1
59807,83,91,-8,8
59808,132,144,-12,12
59809,136,136,0,0
59810,73,68,5,5
59811,71,76,-5,5
59812,79,76,3,3
59813,88,94,-6,6
59814,70,126,-56,56
59815,75,68,7,7
59816,46,41,5,5
59817,101,96,5,5
59818,128,142,-14,14
59819,92,85,7,7
59820,149,124,25,25
59821,122,80,42,42
59822,79,99,-20,20
59823,48,62,-14,14
59824,101,99,2,2
59825,94,90,4,4
59826,125,122,3,3
59827,91,100,-9,9
59828,78,76,2,2
59829,121,118,3,3
59830,166,145,21,21
59831,96,94,2,2
59832,124,137,-13,13
59833,159,153,6,6
59834,66,69,-3,3
59835,82,78,4,4
59836,75,77,-2,2
59837,59,55,4,4
59838,85,86,-1,1
59839,99,88,11,11
59840,148,138,10,10
59841,109,100,9,9
59842,81,76,5,5
59843,99,92,7,7
59844,47,52,-5,5
59845,78,75,3,3
59846,85,83,2,2
59847,76,85,-9,9
59848,54,47,7,7
59849,106,111,-5,5
59850,83,78,5,5
59851,66,68,-2,2
59852,47,60,-13,13
59853,60,67,-7,7
59854,109,111,-2,2
59855,122,123,-1,1
59856,92,88,4,4
59857,102,90,12,12
59858,130,140,-10,10
59859,104,99,5,5
59860,106,91,15,15
59861,74,77,-3,3
59862,149,149,0,0
59863,46,59,-13,13
59864,55,53,2,2
59865,81,79,2,2
59866,86,90,-4,4
59867,159,147,12,12
59868,49,50,-1,1
59869,76,81,-5,5
59870,109,110,-1,1
59871,88,75,13,13
59872,66,69,-3,3
59873,95,96,-1,1
59874,123,119,4,4
59875,49,56,-7,7
59876,60,55,5,5
59877,140,140,0,0
59878,72,68,4,4
59879,103,106,-3,3
59880,88,86,2,2
59881,94,91,3,3
59882,97,91,6,6
59883,112,109,3,3
59884,37,51,-14,14
59885,70,72,-2,2
59886,217,207,10,10
59887,159,139,20,20
59888,86,85,1,1
59889,116,118,-2,2
59890,76,70,6,6
59891,159,144,15,15
59892,102,96,6,6
59893,72,71,1,1
59894,102,109,-7,7
59895,94,85,9,9
59896,56,55,1,1
59897,136,143,-7,7
59898,78,75,3,3
59899,75,82,-7,7
59900,138,135,3,3
59901,79,75,4,4
59902,89,91,-2,2
59903,63,72,-9,9
59904,59,56,3,3
59905,127,127,0,0
59906,100,88,12,12
59907,60,61,-1,1
59908,100,96,4,4
59909,108,99,9,9
59910,152,145,7,7
59911,118,117,1,1
59912,81,83,-2,2
59913,49,51,-2,2
59914,90,85,5,5
59915,97,95,2,2
59916,90,86,4,4
59917,138,132,6,6
59918,116,131,-15,15
59919,86,86,0,0
59920,106,95,11,11
59921,155,147,8,8
59922,100,96,4,4
59923,66,69,-3,3
59924,84,81,3,3
59925,103,109,-6,6
59926,56,61,-5,5
59927,100,95,5,5
59928,93,90,3,3
59929,135,139,-4,4
59930,32,36,-4,4
59931,93,109,-16,16
59932,107,130,-23,23
59933,62,66,-4,4
59934,59,63,-4,4
59935,91,89,2,2
59936,75,80,-5,5
59937,73,70,3,3
59938,96,107,-11,11
59939,115,116,-1,1
59940,63,67,-4,4
59941,85,106,-21,21
59942,72,85,-13,13
59943,158,171,-13,13
59944,91,84,7,7
59945,69,76,-7,7
59946,89,114,-25,25
59947,74,77,-3,3
59948,104,260,-156,156
59949,49,57,-8,8
59950,99,93,6,6
59951,127,124,3,3
59952,73,78,-5,5
59953,49,55,-6,6
59954,87,84,3,3
59955,157,149,8,8
59956,80,89,-9,9
59957,144,122,22,22
59958,83,93,-10,10
59959,131,135,-4,4
59960,95,98,-3,3
59961,141,139,2,2
59962,89,107,-18,18
59963,59,54,5,5
59964,86,85,1,1
59965,118,118,0,0
59966,78,83,-5,5
59967,148,139,9,9
59968,59,53,6,6
59969,104,110,-6,6
59970,85,83,2,2
59971,103,110,-7,7
59972,236,204,32,32
59973,66,80,-14,14
59974,50,69,-19,19
59975,77,71,6,6
59976,114,102,12,12
59977,85,83,2,2
59978,88,88,0,0
59979,74,70,4,4
59980,71,71,0,0
59981,155,149,6,6
59982,62,72,-10,10
59983,100,91,9,9
59984,82,88,-6,6
59985,113,112,1,1
59986,104,114,-10,10
59987,104,100,4,4
59988,105,127,-22,22
59989,153,147,6,6
59990,76,73,3,3
59991,85,74,11,11
59992,119,128,-9,9
59993,106,91,15,15
59994,73,81,-8,8
59995,137,123,14,14
59996,79,73,6,6
59997,186,180,6,6
59998,63,66,-3,3
59999,93,90,3,3
60000,126,140,-14,14
60001,70,66,4,4
60002,128,118,10,10
60003,61,63,-2,2
60004,83,77,6,6
60005,108,100,8,8
60006,87,97,-10,10
60007,97,100,-3,3
60008,62,65,-3,3
60009,129,131,-2,2
60010,124,116,8,8
60011,63,66,-3,3
60012,138,129,9,9
60013,53,53,0,0
60014,76,69,7,7
60015,138,148,-10,10
60016,123,130,-7,7
60017,57,53,4,4
60018,83,77,6,6
60019,96,108,-12,12
60020,119,128,-9,9
60021,72,69,3,3
60022,78,71,7,7
60023,106,92,14,14
60024,83,74,9,9
60025,71,64,7,7
60026,205,179,26,26
60027,59,63,-4,4
60028,57,55,2,2
60029,90,82,8,8
60030,34,58,-24,24
60031,215,182,33,33
60032,85,89,-4,4
60033,158,156,2,2
60034,136,129,7,7
60035,55,49,6,6
60036,119,115,4,4
60037,109,144,-35,35
60038,57,58,-1,1
60039,92,84,8,8
60040,99,88,11,11
60041,95,92,3,3
60042,74,67,7,7
60043,84,81,3,3
60044,107,103,4,4
60045,78,73,5,5
60046,64,67,-3,3
60047,66,67,-1,1
60048,88,86,2,2
60049,135,118,17,17
60050,139,133,6,6
60051,126,147,-21,21
60052,82,82,0,0
60053,70,65,5,5
60054,81,88,-7,7
60055,60,65,-5,5
60056,56,57,-1,1
60057,131,124,7,7
60058,59,64,-5,5
60059,83,72,11,11
60060,145,141,4,4
60061,86,86,0,0
60062,102,102,0,0
60063,77,75,2,2
60064,136,122,14,14
60065,68,62,6,6
60066,81,74,7,7
60067,82,76,6,6
60068,85,83,2,2
60069,121,118,3,3
60070,69,69,0,0
60071,56,63,-7,7
60072,170,159,11,11
60073,123,127,-4,4
60074,71,64,7,7
60075,77,79,-2,2
60076,140,133,7,7
60077,141,133,8,8
60078,98,96,2,2
60079,93,81,12,12
60080,69,79,-10,10
60081,104,107,-3,3
60082,53,62,-9,9
60083,75,81,-6,6
60084,120,120,0,0
60085,86,95,-9,9
60086,98,92,6,6
60087,84,84,0,0
60088,88,103,-15,15
60089,113,112,1,1
60090,74,75,-1,1
60091,91,83,8,8
60092,149,137,12,12
60093,82,80,2,2
60094,84,78,6,6
60095,195,186,9,9
60096,117,125,-8,8
60097,120,126,-6,6
60098,180,167,13,13
60099,80,91,-11,11
60100,122,121,1,1
60101,135,128,7,7
60102,159,162,-3,3
60103,107,111,-4,4
60104,76,81,-5,5
60105,85,87,-2,2
60106,87,81,6,6
60107,88,82,6,6
60108,41,47,-6,6
60109,78,73,5,5
60110,61,64,-3,3
60111,87,85,2,2
60112,129,120,9,9
60113,84,85,-1,1
60114,142,123,19,19
60115,126,129,-3,3
60116,89,87,2,2
60117,74,66,8,8
60118,51,46,5,5
60119,141,128,13,13
60120,83,77,6,6
60121,120,157,-37,37
60122,144,140,4,4
60123,67,73,-6,6
60124,82,87,-5,5
60125,67,73,-6,6
60126,85,84,1,1
60127,62,48,14,14
60128,106,108,-2,2
60129,59,60,-1,1
60130,73,69,4,4
60131,145,142,3,3
60132,65,64,1,1
60133,72,70,2,2
60134,118,110,8,8
60135,105,118,-13,13
60136,71,72,-1,1
60137,96,98,-2,2
60138,111,108,3,3
60139,73,91,-18,18
60140,88,84,4,4
60141,210,201,9,9
60142,104,97,7,7
60143,76,70,6,6
60144,43,48,-5,5
60145,110,102,8,8
60146,93,85,8,8
60147,114,111,3,3
60148,190,189,1,1
60149,87,84,3,3
60150,85,75,10,10
60151,95,97,-2,2
60152,97,118,-21,21
60153,58,55,3,3
60154,126,135,-9,9
60155,145,134,11,11
60156,61,67,-6,6
60157,113,99,14,14
60158,42,46,-4,4
60159,108,100,8,8
60160,93,83,10,10
60161,157,153,4,4
60162,75,74,1,1
60163,59,62,-3,3
60164,101,88,13,13
60165,83,78,5,5
60166,95,88,7,7
60167,100,96,4,4
60168,69,68,1,1
60169,108,115,-7,7
60170,79,73,6,6
60171,105,100,5,5
60172,98,113,-15,15
60173,123,132,-9,9
60174,103,108,-5,5
60175,158,152,6,6
60176,98,96,2,2
60177,128,127,1,1
60178,54,53,1,1
60179,54,64,-10,10
60180,86,87,-1,1
60181,119,123,-4,4
60182,67,64,3,3
60183,114,114,0,0
60184,104,101,3,3
60185,81,84,-3,3
60186,84,81,3,3
60187,86,86,0,0
60188,93,92,1,1
60189,75,69,6,6
60190,69,67,2,2
60191,96,88,8,8
60192,117,122,-5,5
60193,164,153,11,11
60194,121,118,3,3
60195,93,89,4,4
60196,91,86,5,5
60197,144,140,4,4
60198,101,102,-1,1
60199,135,111,24,24
60200,102,100,2,2
60201,83,85,-2,2
60202,88,81,7,7
60203,101,109,-8,8
60204,102,101,1,1
60205,102,112,-10,10
60206,105,107,-2,2
60207,99,109,-10,10
60208,151,143,8,8
60209,67,72,-5,5
60210,164,143,21,21
60211,85,87,-2,2
60212,89,95,-6,6
60213,59,59,0,0
60214,94,83,11,11
60215,123,119,4,4
60216,79,98,-19,19
60217,74,70,4,4
60218,176,167,9,9
60219,59,69,-10,10
60220,100,105,-5,5
60221,123,127,-4,4
60222,104,108,-4,4
60223,145,152,-7,7
60224,97,98,-1,1
60225,175,167,8,8
60226,63,63,0,0
60227,124,127,-3,3
60228,68,62,6,6
60229,139,135,4,4
60230,78,71,7,7
60231,79,61,18,18
60232,48,60,-12,12
60233,141,137,4,4
60234,136,123,13,13
60235,123,131,-8,8
60236,85,86,-1,1
60237,128,122,6,6
60238,97,92,5,5
60239,63,63,0,0
60240,141,144,-3,3
60241,87,84,3,3
60242,93,101,-8,8
60243,54,52,2,2
60244,133,115,18,18
60245,50,56,-6,6
60246,71,70,1,1
60247,75,74,1,1
60248,165,164,1,1
60249,64,65,-1,1
60250,95,87,8,8
60251,65,61,4,4
60252,106,108,-2,2
60253,91,77,14,14
60254,70,77,-7,7
60255,124,123,1,1
60256,48,57,-9,9
60257,74,75,-1,1
60258,64,62,2,2
60259,104,101,3,3
60260,82,82,0,0
60261,82,83,-1,1
60262,147,151,-4,4
60263,123,102,21,21
60264,81,86,-5,5
60265,146,151,-5,5
60266,88,87,1,1
60267,78,75,3,3
60268,118,125,-7,7
60269,160,156,4,4
60270,176,164,12,12
60271,133,118,15,15
60272,122,119,3,3
60273,74,78,-4,4
60274,75,77,-2,2
60275,116,116,0,0
60276,116,114,2,2
60277,126,122,4,4
60278,53,56,-3,3
60279,58,81,-23,23
60280,169,166,3,3
60281,100,113,-13,13
60282,56,62,-6,6
60283,63,69,-6,6
60284,58,58,0,0
60285,56,66,-10,10
60286,131,139,-8,8
60287,74,67,7,7
60288,143,130,13,13
60289,127,134,-7,7
60290,98,95,3,3
60291,60,56,4,4
60292,65,92,-27,27
60293,76,67,9,9
60294,72,73,-1,1
60295,83,78,5,5
60296,41,48,-7,7
60297,91,84,7,7
60298,125,131,-6,6
60299,119,127,-8,8
60300,92,81,11,11
60301,100,115,-15,15
60302,125,118,7,7
60303,95,98,-3,3
60304,108,108,0,0
60305,118,118,0,0
60306,124,136,-12,12
60307,31,37,-6,6
60308,175,174,1,1
60309,122,124,-2,2
60310,117,125,-8,8
60311,30,52,-22,22
60312,184,168,16,16
60313,93,89,4,4
60314,98,97,1,1
60315,82,84,-2,2
60316,91,83,8,8
60317,67,75,-8,8
60318,103,73,30,30
60319,127,132,-5,5
60320,64,63,1,1
60321,70,80,-10,10
60322,68,71,-3,3
60323,87,99,-12,12
60324,103,98,5,5
60325,91,91,0,0
60326,77,73,4,4
60327,70,63,7,7
60328,90,94,-4,4
60329,64,65,-1,1
60330,53,55,-2,2
60331,87,80,7,7
60332,112,100,12,12
60333,91,85,6,6
60334,132,133,-1,1
60335,116,118,-2,2
60336,99,107,-8,8
60337,80,75,5,5
60338,125,129,-4,4
60339,83,76,7,7
60340,123,130,-7,7
60341,126,123,3,3
60342,114,118,-4,4
60343,139,134,5,5
60344,135,143,-8,8
60345,61,60,1,1
60346,70,78,-8,8
60347,112,109,3,3
60348,79,77,2,2
60349,58,65,-7,7
60350,131,140,-9,9
60351,154,147,7,7
60352,85,86,-1,1
60353,116,109,7,7
60354,71,77,-6,6
60355,62,74,-12,12
60356,72,75,-3,3
60357,137,140,-3,3
60358,152,154,-2,2
60359,85,80,5,5
60360,63,65,-2,2
60361,67,58,9,9
60362,108,114,-6,6
60363,120,130,-10,10
60364,103,101,2,2
60365,96,108,-12,12
60366,108,113,-5,5
60367,49,110,-61,61
60368,83,88,-5,5
60369,91,84,7,7
60370,112,109,3,3
60371,148,142,6,6
60372,110,118,-8,8
60373,90,88,2,2
60374,71,59,12,12
60375,95,108,-13,13
60376,78,71,7,7
60377,102,101,1,1
60378,99,95,4,4
60379,71,73,-2,2
60380,103,101,2,2
60381,75,77,-2,2
60382,128,128,0,0
60383,37,44,-7,7
60384,82,75,7,7
60385,82,90,-8,8
60386,105,110,-5,5
60387,96,96,0,0
60388,57,57,0,0
60389,135,139,-4,4
60390,87,85,2,2
60391,75,77,-2,2
60392,75,85,-10,10
60393,127,118,9,9
60394,105,109,-4,4
60395,61,61,0,0
60396,66,96,-30,30
60397,140,133,7,7
60398,129,132,-3,3
60399,150,134,16,16
60400,109,110,-1,1
60401,115,123,-8,8
60402,118,116,2,2
60403,58,63,-5,5
60404,79,70,9,9
60405,28,37,-9,9
60406,173,152,21,21
60407,89,93,-4,4
60408,95,84,11,11
60409,71,78,-7,7
60410,87,90,-3,3
60411,77,71,6,6
60412,106,109,-3,3
60413,88,88,0,0
60414,74,78,-4,4
60415,66,77,-11,11
60416,64,79,-15,15
60417,115,122,-7,7
60418,59,60,-1,1
60419,142,128,14,14
60420,73,68,5,5
60421,138,132,6,6
60422,110,106,4,4
60423,81,90,-9,9
60424,143,155,-12,12
60425,137,123,14,14
60426,177,166,11,11
60427,100,107,-7,7
60428,112,117,-5,5
60429,136,139,-3,3
60430,48,48,0,0
60431,112,133,-21,21
60432,115,116,-1,1
60433,134,134,0,0
60434,97,109,-12,12
60435,86,80,6,6
60436,115,111,4,4
60437,80,75,5,5
60438,157,147,10,10
60439,59,57,2,2
60440,118,119,-1,1
60441,64,72,-8,8
60442,123,117,6,6
60443,70,78,-8,8
60444,60,67,-7,7
60445,76,78,-2,2
60446,161,157,4,4
60447,129,142,-13,13
60448,66,65,1,1
60449,104,97,7,7
60450,86,79,7,7
60451,53,54,-1,1
60452,76,72,4,4
60453,202,182,20,20
60454,81,74,7,7
60455,136,138,-2,2
60456,80,72,8,8
60457,54,59,-5,5
60458,71,65,6,6
60459,37,41,-4,4
60460,92,86,6,6
60461,81,98,-17,17
60462,94,119,-25,25
60463,116,112,4,4
60464,89,93,-4,4
60465,123,114,9,9
60466,95,91,4,4
60467,114,113,1,1
60468,134,141,-7,7
60469,153,150,3,3
60470,82,80,2,2
60471,104,96,8,8
60472,101,109,-8,8
60473,73,62,11,11
60474,121,128,-7,7
60475,147,133,14,14
60476,70,74,-4,4
60477,126,123,3,3
60478,284,249,35,35
60479,124,131,-7,7
60480,107,103,4,4
60481,78,75,3,3
60482,116,115,1,1
60483,139,130,9,9
60484,127,126,1,1
60485,61,66,-5,5
60486,56,60,-4,4
60487,105,99,6,6
60488,68,72,-4,4
60489,101,94,7,7
60490,64,59,5,5
60491,70,71,-1,1
60492,129,127,2,2
60493,86,81,5,5
60494,71,67,4,4
60495,57,133,-76,76
60496,63,78,-15,15
60497,100,90,10,10
60498,138,146,-8,8
60499,143,134,9,9
60500,123,119,4,4
60501,114,117,-3,3
60502,69,69,0,0
60503,71,75,-4,4
60504,65,55,10,10
60505,94,109,-15,15
60506,73,77,-4,4
60507,77,78,-1,1
60508,68,71,-3,3
60509,126,138,-12,12
60510,133,124,9,9
60511,111,122,-11,11
60512,80,81,-1,1
60513,74,81,-7,7
60514,91,88,3,3
60515,111,120,-9,9
60516,100,98,2,2
60517,191,169,22,22
60518,124,111,13,13
60519,55,52,3,3
60520,113,107,6,6
60521,34,41,-7,7
60522,108,99,9,9
60523,74,68,6,6
60524,163,146,17,17
60525,135,119,16,16
60526,86,102,-16,16
60527,122,117,5,5
60528,135,134,1,1
60529,68,87,-19,19
60530,75,71,4,4
60531,127,138,-11,11
60532,65,67,-2,2
60533,83,88,-5,5
60534,103,91,12,12
60535,79,79,0,0
60536,77,78,-1,1
60537,116,125,-9,9
60538,123,117,6,6
60539,70,69,1,1
60540,66,66,0,0
60541,102,111,-9,9
60542,108,127,-19,19
60543,64,56,8,8
60544,116,128,-12,12
60545,154,158,-4,4
60546,78,80,-2,2
60547,97,106,-9,9
60548,64,69,-5,5
60549,109,110,-1,1
60550,109,101,8,8
60551,110,118,-8,8
60552,124,119,5,5
60553,50,50,0,0
60554,75,70,5,5
60555,112,118,-6,6
60556,72,80,-8,8
60557,113,111,2,2
60558,70,82,-12,12
60559,112,84,28,28
60560,71,71,0,0
60561,117,117,0,0
60562,88,79,9,9
60563,88,80,8,8
60564,96,86,10,10
60565,114,120,-6,6
60566,46,57,-11,11
60567,82,88,-6,6
60568,77,75,2,2
60569,68,72,-4,4
60570,79,89,-10,10
60571,78,80,-2,2
60572,48,52,-4,4
60573,55,58,-3,3
60574,110,112,-2,2
60575,106,107,-1,1
60576,88,78,10,10
60577,90,97,-7,7
60578,84,91,-7,7
60579,78,85,-7,7
60580,108,115,-7,7
60581,52,63,-11,11
60582,162,138,24,24
60583,46,49,-3,3
60584,100,109,-9,9
60585,95,93,2,2
60586,138,137,1,1
60587,53,54,-1,1
60588,100,93,7,7
60589,93,92,1,1
60590,90,111,-21,21
60591,103,109,-6,6
60592,92,84,8,8
60593,52,50,2,2
60594,104,104,0,0
60595,49,53,-4,4
60596,82,77,5,5
60597,104,96,8,8
60598,167,163,4,4
60599,58,66,-8,8
60600,79,81,-2,2
60601,75,66,9,9
60602,70,75,-5,5
60603,78,80,-2,2
60604,70,73,-3,3
60605,130,133,-3,3
60606,90,92,-2,2
60607,68,68,0,0
60608,97,103,-6,6
60609,83,82,1,1
60610,51,58,-7,7
60611,70,73,-3,3
60612,35,56,-21,21
60613,24,43,-19,19
60614,113,94,19,19
60615,133,126,7,7
60616,90,92,-2,2
60617,84,81,3,3
60618,86,84,2,2
60619,63,64,-1,1
60620,51,53,-2,2
60621,153,147,6,6
60622,113,111,2,2
60623,47,52,-5,5
60624,111,108,3,3
60625,67,62,5,5
60626,51,48,3,3
60627,57,67,-10,10
60628,67,61,6,6
60629,149,142,7,7
60630,71,71,0,0
60631,100,110,-10,10
60632,94,100,-6,6
60633,61,59,2,2
60634,100,90,10,10
60635,147,144,3,3
60636,92,93,-1,1
60637,79,82,-3,3
60638,95,97,-2,2
60639,155,161,-6,6
60640,88,82,6,6
60641,149,163,-14,14
60642,128,129,-1,1
60643,73,59,14,14
60644,124,120,4,4
60645,78,79,-1,1
60646,73,71,2,2
60647,104,97,7,7
60648,124,108,16,16
60649,65,68,-3,3
60650,98,101,-3,3
60651,100,96,4,4
60652,79,72,7,7
60653,216,189,27,27
60654,77,79,-2,2
60655,64,72,-8,8
60656,43,42,1,1
60657,124,115,9,9
60658,87,87,0,0
60659,98,93,5,5
60660,91,88,3,3
60661,81,76,5,5
60662,109,119,-10,10
60663,61,74,-13,13
60664,86,89,-3,3
60665,126,121,5,5
60666,85,78,7,7
60667,94,115,-21,21
60668,68,68,0,0
60669,77,73,4,4
60670,72,73,-1,1
60671,107,112,-5,5
60672,83,80,3,3
60673,116,119,-3,3
60674,59,60,-1,1
60675,53,54,-1,1
60676,137,137,0,0
60677,128,116,12,12
60678,97,96,1,1
60679,97,100,-3,3
60680,75,73,2,2
60681,107,95,12,12
60682,96,92,4,4
60683,139,132,7,7
60684,62,61,1,1
60685,90,84,6,6
60686,104,111,-7,7
60687,124,120,4,4
60688,107,125,-18,18
60689,124,132,-8,8
60690,105,100,5,5
60691,134,140,-6,6
60692,122,114,8,8
60693,70,77,-7,7
60694,152,152,0,0
60695,95,89,6,6
60696,67,89,-22,22
60697,109,104,5,5
60698,170,205,-35,35
60699,80,80,0,0
60700,88,81,7,7
60701,131,102,29,29
60702,84,78,6,6
60703,97,107,-10,10
60704,149,127,22,22
60705,79,87,-8,8
60706,93,107,-14,14
60707,81,81,0,0
60708,125,126,-1,1
60709,82,79,3,3
60710,79,79,0,0
60711,65,53,12,12
60712,95,96,-1,1
60713,111,119,-8,8
60714,113,110,3,3
60715,119,122,-3,3
60716,68,75,-7,7
60717,135,118,17,17
60718,102,90,12,12
60719,96,110,-14,14
60720,107,111,-4,4
60721,86,82,4,4
60722,158,136,22,22
60723,141,133,8,8
60724,129,134,-5,5
60725,49,48,1,1
60726,149,145,4,4
60727,114,114,0,0
60728,40,45,-5,5
60729,55,58,-3,3
60730,85,78,7,7
60731,65,61,4,4
60732,97,108,-11,11
60733,148,141,7,7
60734,141,130,11,11
60735,69,65,4,4
60736,80,78,2,2
60737,158,142,16,16
60738,75,78,-3,3
60739,88,89,-1,1
60740,110,107,3,3
60741,82,82,0,0
60742,58,67,-9,9
60743,76,71,5,5
60744,48,53,-5,5
60745,106,90,16,16
60746,108,111,-3,3
60747,191,172,19,19
60748,100,96,4,4
60749,58,64,-6,6
60750,117,119,-2,2
60751,233,191,42,42
60752,78,82,-4,4
60753,83,80,3,3
60754,66,67,-1,1
60755,55,55,0,0
60756,77,79,-2,2
60757,102,96,6,6
60758,62,61,1,1
60759,71,68,3,3
60760,139,137,2,2
60761,132,137,-5,5
60762,94,98,-4,4
60763,107,112,-5,5
60764,60,72,-12,12
60765,94,109,-15,15
60766,72,59,13,13
60767,86,84,2,2
60768,75,79,-4,4
60769,87,87,0,0
60770,148,135,13,13
60771,120,111,9,9
60772,68,71,-3,3
60773,81,73,8,8
60774,222,214,8,8
60775,68,67,1,1
60776,103,112,-9,9
60777,133,115,18,18
60778,135,117,18,18
60779,97,93,4,4
60780,56,58,-2,2
60781,73,71,2,2
60782,110,113,-3,3
60783,116,114,2,2
60784,46,41,5,5
60785,119,114,5,5
60786,42,46,-4,4
60787,71,84,-13,13
60788,80,67,13,13
60789,87,89,-2,2
60790,73,76,-3,3
60791,99,94,5,5
60792,36,49,-13,13
60793,70,67,3,3
60794,55,55,0,0
60795,104,107,-3,3
60796,135,136,-1,1
60797,103,96,7,7
60798,83,86,-3,3
60799,87,77,10,10
60800,78,71,7,7
60801,68,78,-10,10
60802,70,79,-9,9
60803,112,99,13,13
60804,99,98,1,1
60805,103,104,-1,1
60806,87,83,4,4
60807,105,107,-2,2
60808,94,94,0,0
60809,185,171,14,14
60810,167,165,2,2
60811,67,74,-7,7
60812,98,79,19,19
60813,109,114,-5,5
60814,139,139,0,0
60815,88,85,3,3
60816,117,112,5,5
60817,101,115,-14,14
60818,124,134,-10,10
60819,182,154,28,28
60820,198,173,25,25
60821,115,117,-2,2
60822,92,92,0,0
60823,77,73,4,4
60824,104,108,-4,4
60825,75,69,6,6
60826,93,83,10,10
60827,173,173,0,0
60828,121,122,-1,1
60829,141,110,31,31
60830,66,80,-14,14
60831,72,65,7,7
60832,104,111,-7,7
60833,103,99,4,4
60834,81,76,5,5
60835,122,100,22,22
60836,131,121,10,10
60837,58,60,-2,2
60838,106,108,-2,2
60839,119,109,10,10
60840,57,55,2,2
60841,77,76,1,1
60842,67,61,6,6
60843,85,80,5,5
60844,62,68,-6,6
60845,140,137,3,3
60846,72,79,-7,7
60847,125,127,-2,2
60848,166,159,7,7
60849,133,123,10,10
60850,101,81,20,20
60851,156,150,6,6
60852,68,70,-2,2
60853,70,70,0,0
60854,127,123,4,4
60855,89,82,7,7
60856,111,98,13,13
60857,154,134,20,20
60858,91,84,7,7
60859,59,62,-3,3
60860,105,108,-3,3
60861,108,126,-18,18
60862,87,94,-7,7
60863,143,135,8,8
60864,88,87,1,1
60865,83,86,-3,3
60866,105,96,9,9
60867,96,100,-4,4
60868,95,90,5,5
60869,104,111,-7,7
60870,97,116,-19,19
60871,111,115,-4,4
60872,93,88,5,5
60873,54,52,2,2
60874,90,95,-5,5
60875,52,53,-1,1
60876,85,89,-4,4
60877,114,115,-1,1
60878,152,157,-5,5
60879,79,73,6,6
60880,118,124,-6,6
60881,85,76,9,9
60882,94,85,9,9
60883,49,53,-4,4
60884,56,58,-2,2
60885,156,144,12,12
60886,55,50,5,5
60887,116,114,2,2
60888,84,86,-2,2
60889,105,107,-2,2
60890,122,116,6,6
60891,80,85,-5,5
60892,89,79,10,10
60893,117,111,6,6
60894,50,49,1,1
60895,65,69,-4,4
60896,115,120,-5,5
60897,78,77,1,1
60898,112,117,-5,5
60899,84,76,8,8
60900,144,146,-2,2
60901,95,87,8,8
60902,125,127,-2,2
60903,115,129,-14,14
60904,76,74,2,2
60905,119,116,3,3
60906,133,152,-19,19
60907,90,82,8,8
60908,112,110,2,2
60909,76,72,4,4
60910,147,141,6,6
60911,55,58,-3,3
60912,131,119,12,12
60913,116,109,7,7
60914,84,82,2,2
60915,72,72,0,0
60916,73,75,-2,2
60917,43,49,-6,6
60918,73,74,-1,1
60919,82,89,-7,7
60920,56,60,-4,4
60921,99,91,8,8
60922,105,111,-6,6
60923,79,88,-9,9
60924,138,126,12,12
60925,111,119,-8,8
60926,36,46,-10,10
60927,138,133,5,5
60928,89,94,-5,5
60929,93,81,12,12
60930,132,135,-3,3
60931,108,101,7,7
60932,66,66,0,0
60933,71,70,1,1
60934,65,63,2,2
60935,200,187,13,13
60936,72,109,-37,37
60937,232,233,-1,1
60938,75,73,2,2
60939,186,162,24,24
60940,125,119,6,6
60941,95,108,-13,13
60942,203,159,44,44
60943,176,156,20,20
60944,129,130,-1,1
60945,76,79,-3,3
60946,143,142,1,1
60947,49,52,-3,3
60948,92,90,2,2
60949,92,91,1,1
60950,75,81,-6,6
60951,105,96,9,9
60952,155,138,17,17
60953,95,99,-4,4
60954,86,95,-9,9
60955,132,121,11,11
60956,46,50,-4,4
60957,69,74,-5,5
60958,58,69,-11,11
60959,140,134,6,6
60960,70,67,3,3
60961,89,90,-1,1
60962,84,69,15,15
60963,124,119,5,5
60964,71,74,-3,3
60965,127,127,0,0
60966,69,69,0,0
60967,111,107,4,4
60968,125,128,-3,3
60969,85,92,-7,7
60970,76,76,0,0
60971,85,87,-2,2
60972,55,58,-3,3
60973,92,92,0,0
60974,182,167,15,15
60975,89,86,3,3
60976,102,96,6,6
60977,113,117,-4,4
60978,131,137,-6,6
60979,133,140,-7,7
60980,98,95,3,3
60981,154,135,19,19
60982,99,97,2,2
60983,114,112,2,2
60984,110,107,3,3
60985,125,105,20,20
60986,52,66,-14,14
60987,42,47,-5,5
60988,80,74,6,6
60989,83,82,1,1
60990,143,136,7,7
60991,56,61,-5,5
60992,131,126,5,5
60993,112,129,-17,17
60994,110,111,-1,1
60995,104,97,7,7
60996,71,72,-1,1
60997,36,37,-1,1
60998,57,63,-6,6
60999,72,82,-10,10
61000,119,102,17,17
61001,194,179,15,15
61002,107,98,9,9
61003,123,118,5,5
61004,87,84,3,3
61005,157,148,9,9
61006,75,75,0,0
61007,94,95,-1,1
61008,85,85,0,0
61009,85,93,-8,8
61010,44,46,-2,2
61011,78,82,-4,4
61012,97,78,19,19
61013,34,52,-18,18
61014,38,40,-2,2
61015,93,89,4,4
61016,113,110,3,3
61017,130,122,8,8
61018,46,47,-1,1
61019,94,100,-6,6
61020,144,133,11,11
61021,60,60,0,0
61022,110,113,-3,3
61023,78,79,-1,1
61024,172,167,5,5
61025,117,129,-12,12
61026,60,71,-11,11
61027,114,99,15,15
61028,136,146,-10,10
61029,130,139,-9,9
61030,140,132,8,8
61031,58,65,-7,7
61032,87,82,5,5
61033,154,142,12,12
61034,84,80,4,4
61035,78,71,7,7
61036,224,273,-49,49
61037,77,74,3,3
61038,114,112,2,2
61039,64,70,-6,6
61040,145,140,5,5
61041,62,61,1,1
61042,123,124,-1,1
61043,126,126,0,0
61044,59,73,-14,14
61045,59,71,-12,12
61046,65,76,-11,11
61047,81,84,-3,3
61048,104,91,13,13
61049,94,95,-1,1
61050,131,130,1,1
61051,60,59,1,1
61052,111,101,10,10
61053,159,146,13,13
61054,145,143,2,2
61055,67,67,0,0
61056,114,109,5,5
61057,82,79,3,3
61058,93,95,-2,2
61059,53,60,-7,7
61060,83,91,-8,8
61061,101,108,-7,7
61062,112,127,-15,15
61063,71,61,10,10
61064,86,76,10,10
61065,49,98,-49,49
61066,59,58,1,1
61067,125,116,9,9
61068,157,159,-2,2
61069,90,93,-3,3
61070,160,166,-6,6
61071,128,109,19,19
61072,78,80,-2,2
61073,153,152,1,1
61074,87,102,-15,15
61075,133,128,5,5
61076,96,101,-5,5
61077,88,93,-5,5
61078,69,80,-11,11
61079,150,158,-8,8
61080,134,122,12,12
61081,122,123,-1,1
61082,91,88,3,3
61083,156,144,12,12
61084,76,77,-1,1
61085,44,46,-2,2
61086,117,124,-7,7
61087,110,111,-1,1
61088,101,85,16,16
61089,81,76,5,5
61090,52,52,0,0
61091,164,162,2,2
61092,40,42,-2,2
61093,80,87,-7,7
61094,129,121,8,8
61095,131,122,9,9
61096,87,90,-3,3
61097,79,76,3,3
61098,110,109,1,1
61099,120,113,7,7
61100,100,119,-19,19
61101,113,112,1,1
61102,97,118,-21,21
61103,75,72,3,3
61104,85,95,-10,10
61105,49,50,-1,1
61106,103,118,-15,15
61107,177,166,11,11
61108,94,98,-4,4
61109,130,127,3,3
61110,72,74,-2,2
61111,158,153,5,5
61112,47,52,-5,5
61113,74,85,-11,11
61114,101,110,-9,9
61115,51,58,-7,7
61116,83,84,-1,1
61117,142,140,2,2
61118,58,65,-7,7
61119,83,82,1,1
61120,45,45,0,0
61121,138,133,5,5
61122,152,143,9,9
61123,101,110,-9,9
61124,77,68,9,9
61125,52,79,-27,27
61126,89,84,5,5
61127,149,139,10,10
61128,78,68,10,10
61129,146,143,3,3
61130,122,127,-5,5
61131,88,78,10,10
61132,131,132,-1,1
61133,67,65,2,2
61134,107,93,14,14
61135,139,145,-6,6
61136,164,155,9,9
61137,134,131,3,3
61138,71,71,0,0
61139,87,83,4,4
61140,68,70,-2,2
61141,56,110,-54,54
61142,118,123,-5,5
61143,101,102,-1,1
61144,75,77,-2,2
61145,127,141,-14,14
61146,85,85,0,0
61147,57,79,-22,22
61148,37,47,-10,10
61149,116,112,4,4
61150,108,104,4,4
61151,137,133,4,4
61152,58,57,1,1
61153,67,85,-18,18
61154,106,109,-3,3
61155,132,118,14,14
61156,102,93,9,9
61157,115,121,-6,6
61158,85,84,1,1
61159,107,110,-3,3
61160,49,52,-3,3
61161,139,153,-14,14
61162,126,133,-7,7
61163,135,142,-7,7
61164,69,62,7,7
61165,88,80,8,8
61166,117,115,2,2
61167,77,73,4,4
61168,51,59,-8,8
61169,92,109,-17,17
61170,80,87,-7,7
61171,82,80,2,2
61172,157,151,6,6
61173,83,82,1,1
61174,136,125,11,11
61175,147,135,12,12
61176,49,52,-3,3
61177,86,86,0,0
61178,125,118,7,7
61179,73,67,6,6
61180,99,112,-13,13
61181,102,109,-7,7
61182,101,100,1,1
61183,109,99,10,10
61184,126,123,3,3
61185,142,124,18,18
61186,62,62,0,0
61187,113,113,0,0
61188,149,128,21,21
61189,61,60,1,1
61190,66,72,-6,6
61191,122,117,5,5
61192,89,90,-1,1
61193,76,77,-1,1
61194,74,84,-10,10
61195,61,67,-6,6
61196,44,52,-8,8
61197,107,123,-16,16
61198,104,97,7,7
61199,109,112,-3,3
61200,140,128,12,12
61201,43,50,-7,7
61202,40,43,-3,3
61203,223,192,31,31
61204,95,92,3,3
61205,47,54,-7,7
61206,71,68,3,3
61207,121,109,12,12
61208,119,124,-5,5
61209,135,134,1,1
61210,78,72,6,6
61211,96,88,8,8
61212,71,73,-2,2
61213,71,78,-7,7
61214,108,128,-20,20
61215,64,63,1,1
61216,169,184,-15,15
61217,80,78,2,2
61218,78,78,0,0
61219,100,96,4,4
61220,90,89,1,1
61221,108,107,1,1
61222,84,88,-4,4
61223,150,144,6,6
61224,91,111,-20,20
61225,55,63,-8,8
61226,83,84,-1,1
61227,119,156,-37,37
61228,86,87,-1,1
61229,101,109,-8,8
61230,89,81,8,8
61231,80,85,-5,5
61232,116,109,7,7
61233,146,151,-5,5
61234,64,73,-9,9
61235,175,167,8,8
61236,139,139,0,0
61237,79,73,6,6
61238,120,118,2,2
61239,84,88,-4,4
61240,132,137,-5,5
61241,71,72,-1,1
61242,104,93,11,11
61243,60,64,-4,4
61244,171,148,23,23
61245,93,93,0,0
61246,132,129,3,3
61247,55,57,-2,2
61248,74,59,15,15
61249,126,112,14,14
61250,75,78,-3,3
61251,45,58,-13,13
61252,95,90,5,5
61253,154,138,16,16
61254,143,133,10,10
61255,111,112,-1,1
61256,97,105,-8,8
61257,203,219,-16,16
61258,42,42,0,0
61259,49,50,-1,1
61260,111,112,-1,1
61261,76,66,10,10
61262,79,76,3,3
61263,70,80,-10,10
61264,57,59,-2,2
61265,60,53,7,7
61266,119,122,-3,3
61267,76,81,-5,5
61268,72,66,6,6
61269,124,112,12,12
61270,138,116,22,22
61271,118,118,0,0
61272,119,114,5,5
61273,94,83,11,11
61274,113,136,-23,23
61275,69,87,-18,18
61276,106,99,7,7
61277,41,49,-8,8
61278,88,83,5,5
61279,124,136,-12,12
61280,51,56,-5,5
61281,70,80,-10,10
61282,112,113,-1,1
61283,100,95,5,5
61284,143,138,5,5
61285,87,94,-7,7
61286,61,66,-5,5
61287,64,69,-5,5
61288,130,140,-10,10
61289,81,79,2,2
61290,73,61,12,12
61291,47,48,-1,1
61292,99,117,-18,18
61293,95,92,3,3
61294,105,110,-5,5
61295,126,129,-3,3
61296,108,100,8,8
61297,67,69,-2,2
61298,72,79,-7,7
61299,65,61,4,4
61300,109,110,-1,1
61301,52,55,-3,3
61302,122,114,8,8
61303,59,69,-10,10
61304,117,131,-14,14
61305,79,72,7,7
61306,46,51,-5,5
61307,64,74,-10,10
61308,71,82,-11,11
61309,60,62,-2,2
61310,70,69,1,1
61311,114,113,1,1
61312,101,101,0,0
61313,138,139,-1,1
61314,98,88,10,10
61315,92,98,-6,6
61316,196,188,8,8
61317,109,113,-4,4
61318,55,55,0,0
61319,166,166,0,0
61320,68,70,-2,2
61321,61,64,-3,3
61322,79,82,-3,3
61323,86,79,7,7
61324,90,85,5,5
61325,128,124,4,4
61326,102,106,-4,4
61327,118,112,6,6
61328,86,84,2,2
61329,105,108,-3,3
61330,78,75,3,3
61331,96,96,0,0
61332,38,45,-7,7
61333,96,96,0,0
61334,123,122,1,1
61335,85,81,4,4
61336,117,106,11,11
61337,78,100,-22,22
61338,131,136,-5,5
61339,82,81,1,1
61340,87,90,-3,3
61341,81,81,0,0
61342,59,57,2,2
61343,84,84,0,0
61344,89,93,-4,4
61345,65,65,0,0
61346,131,135,-4,4
61347,55,61,-6,6
61348,66,51,15,15
61349,74,74,0,0
61350,84,71,13,13
61351,110,109,1,1
61352,63,74,-11,11
61353,97,85,12,12
61354,55,66,-11,11
61355,94,96,-2,2
61356,148,146,2,2
61357,110,98,12,12
61358,161,155,6,6
61359,139,134,5,5
61360,63,71,-8,8
61361,120,118,2,2
61362,79,84,-5,5
61363,131,134,-3,3
61364,150,130,20,20
61365,80,82,-2,2
61366,37,37,0,0
61367,116,117,-1,1
61368,82,79,3,3
61369,130,128,2,2
61370,68,74,-6,6
61371,86,83,3,3
61372,90,83,7,7
61373,57,58,-1,1
61374,149,139,10,10
61375,79,78,1,1
61376,126,124,2,2
61377,120,134,-14,14
61378,197,184,13,13
61379,62,60,2,2
61380,88,84,4,4
61381,144,135,9,9
61382,99,90,9,9
61383,101,120,-19,19
61384,111,100,11,11
61385,61,62,-1,1
61386,85,80,5,5
61387,96,94,2,2
61388,125,125,0,0
61389,107,99,8,8
61390,136,126,10,10
61391,148,142,6,6
61392,98,104,-6,6
61393,66,63,3,3
61394,95,79,16,16
61395,107,92,15,15
61396,47,55,-8,8
61397,78,78,0,0
61398,81,77,4,4
61399,72,75,-3,3
61400,84,95,-11,11
61401,145,152,-7,7
61402,77,75,2,2
61403,90,84,6,6
61404,131,121,10,10
61405,91,83,8,8
61406,38,60,-22,22
61407,94,90,4,4
61408,111,111,0,0
61409,145,146,-1,1
61410,84,85,-1,1
61411,87,79,8,8
61412,115,109,6,6
61413,95,88,7,7
61414,144,134,10,10
61415,90,85,5,5
61416,101,94,7,7
61417,91,89,2,2
61418,190,189,1,1
61419,80,82,-2,2
61420,167,154,13,13
61421,83,73,10,10
61422,66,66,0,0
61423,50,52,-2,2
61424,111,112,-1,1
61425,83,93,-10,10
61426,72,67,5,5
61427,73,69,4,4
61428,79,84,-5,5
61429,66,73,-7,7
61430,83,80,3,3
61431,262,246,16,16
61432,108,117,-9,9
61433,117,115,2,2
61434,98,85,13,13
61435,85,87,-2,2
61436,63,63,0,0
61437,190,183,7,7
61438,85,83,2,2
61439,123,118,5,5
61440,144,142,2,2
61441,75,76,-1,1
61442,97,92,5,5
61443,85,76,9,9
61444,69,67,2,2
61445,77,79,-2,2
61446,61,63,-2,2
61447,75,74,1,1
61448,97,120,-23,23
61449,70,71,-1,1
61450,85,83,2,2
61451,61,68,-7,7
61452,77,71,6,6
61453,58,63,-5,5
61454,83,76,7,7
61455,91,95,-4,4
61456,53,59,-6,6
61457,55,53,2,2
61458,87,88,-1,1
61459,80,84,-4,4
61460,53,60,-7,7
61461,133,126,7,7
61462,90,94,-4,4
61463,60,67,-7,7
61464,68,68,0,0
61465,66,56,10,10
61466,112,116,-4,4
61467,139,140,-1,1
61468,50,50,0,0
61469,120,122,-2,2
61470,77,76,1,1
61471,81,67,14,14
61472,87,83,4,4
61473,43,46,-3,3
61474,68,64,4,4
61475,58,55,3,3
61476,120,122,-2,2
61477,114,108,6,6
61478,173,160,13,13
61479,62,68,-6,6
61480,115,109,6,6
61481,213,195,18,18
61482,108,110,-2,2
61483,53,64,-11,11
61484,85,77,8,8
61485,119,120,-1,1
61486,74,80,-6,6
61487,93,88,5,5
61488,72,68,4,4
61489,104,88,16,16
61490,88,90,-2,2
61491,56,69,-13,13
61492,139,134,5,5
61493,110,113,-3,3
61494,93,84,9,9
61495,54,47,7,7
61496,83,87,-4,4
61497,73,69,4,4
61498,202,180,22,22
61499,95,94,1,1
61500,51,58,-7,7
61501,141,124,17,17
61502,130,127,3,3
61503,89,96,-7,7
61504,67,66,1,1
61505,92,92,0,0
61506,138,147,-9,9
61507,50,50,0,0
61508,85,77,8,8
61509,118,102,16,16
61510,84,83,1,1
61511,95,91,4,4
61512,92,98,-6,6
61513,141,152,-11,11
61514,94,98,-4,4
61515,117,122,-5,5
61516,82,66,16,16
61517,73,79,-6,6
61518,108,98,10,10
61519,93,109,-16,16
61520,156,158,-2,2
61521,84,86,-2,2
61522,106,94,12,12
61523,91,96,-5,5
61524,88,86,2,2
61525,78,72,6,6
61526,136,133,3,3
61527,59,67,-8,8
61528,94,107,-13,13
61529,100,100,0,0
61530,144,139,5,5
61531,89,112,-23,23
61532,67,68,-1,1
61533,28,34,-6,6
61534,114,112,2,2
61535,123,133,-10,10
61536,85,73,12,12
61537,77,76,1,1
61538,89,109,-20,20
61539,90,90,0,0
61540,80,83,-3,3
61541,114,121,-7,7
61542,46,48,-2,2
61543,123,116,7,7
61544,132,129,3,3
61545,106,120,-14,14
61546,93,97,-4,4
61547,100,124,-24,24
61548,82,78,4,4
61549,170,177,-7,7
61550,103,119,-16,16
61551,60,62,-2,2
61552,101,116,-15,15
61553,101,97,4,4
61554,106,100,6,6
61555,53,64,-11,11
61556,45,41,4,4
61557,102,119,-17,17
61558,74,71,3,3
61559,107,116,-9,9
61560,95,98,-3,3
61561,96,93,3,3
61562,100,97,3,3
61563,40,53,-13,13
61564,85,80,5,5
61565,59,62,-3,3
61566,107,98,9,9
61567,157,148,9,9
61568,72,72,0,0
61569,104,95,9,9
61570,53,61,-8,8
61571,131,130,1,1
61572,147,140,7,7
61573,80,78,2,2
61574,135,132,3,3
61575,119,110,9,9
61576,128,121,7,7
61577,126,122,4,4
61578,91,84,7,7
61579,102,90,12,12
61580,55,63,-8,8
61581,69,71,-2,2
61582,57,59,-2,2
61583,53,57,-4,4
61584,109,94,15,15
61585,106,89,17,17
61586,106,111,-5,5
61587,128,121,7,7
61588,84,80,4,4
61589,73,74,-1,1
61590,137,113,24,24
61591,96,97,-1,1
61592,106,102,4,4
61593,119,120,-1,1
61594,113,115,-2,2
61595,138,131,7,7
61596,52,53,-1,1
61597,115,113,2,2
61598,66,69,-3,3
61599,114,118,-4,4
61600,46,60,-14,14
61601,108,109,-1,1
61602,85,79,6,6
61603,67,65,2,2
61604,66,62,4,4
61605,76,83,-7,7
61606,93,89,4,4
61607,145,159,-14,14
61608,122,116,6,6
61609,88,85,3,3
61610,59,61,-2,2
61611,77,78,-1,1
61612,84,86,-2,2
61613,71,77,-6,6
61614,93,86,7,7
61615,71,69,2,2
61616,40,49,-9,9
61617,165,155,10,10
61618,104,107,-3,3
61619,54,51,3,3
61620,46,45,1,1
61621,70,66,4,4
61622,51,58,-7,7
61623,86,80,6,6
61624,86,82,4,4
61625,90,86,4,4
61626,160,159,1,1
61627,119,116,3,3
61628,78,83,-5,5
61629,112,124,-12,12
61630,89,84,5,5
61631,96,100,-4,4
61632,96,93,3,3
61633,96,93,3,3
61634,33,40,-7,7
61635,78,77,1,1
61636,65,56,9,9
61637,69,71,-2,2
61638,85,87,-2,2
61639,71,63,8,8
61640,119,110,9,9
61641,100,97,3,3
61642,102,106,-4,4
61643,96,86,10,10
61644,77,70,7,7
61645,91,96,-5,5
61646,175,163,12,12
61647,96,100,-4,4
61648,133,126,7,7
61649,107,127,-20,20
61650,98,90,8,8
61651,94,99,-5,5
61652,67,68,-1,1
61653,116,121,-5,5
61654,73,80,-7,7
61655,83,74,9,9
61656,75,78,-3,3
61657,109,125,-16,16
61658,143,148,-5,5
61659,84,88,-4,4
61660,79,84,-5,5
61661,104,108,-4,4
61662,44,44,0,0
61663,53,47,6,6
61664,108,104,4,4
61665,86,89,-3,3
61666,119,121,-2,2
61667,56,44,12,12
61668,88,92,-4,4
61669,118,121,-3,3
61670,102,102,0,0
61671,49,49,0,0
61672,99,94,5,5
61673,105,175,-70,70
61674,131,115,16,16
61675,78,72,6,6
61676,99,93,6,6
61677,23,25,-2,2
61678,126,126,0,0
61679,92,88,4,4
61680,85,92,-7,7
61681,61,61,0,0
61682,137,144,-7,7
61683,74,74,0,0
61684,129,125,4,4
61685,156,156,0,0
61686,72,71,1,1
61687,151,139,12,12
61688,72,66,6,6
61689,81,87,-6,6
61690,128,119,9,9
61691,136,125,11,11
61692,111,115,-4,4
61693,150,147,3,3
61694,79,82,-3,3
61695,124,123,1,1
61696,133,127,6,6
61697,106,117,-11,11
61698,71,72,-1,1
61699,69,66,3,3
61700,105,116,-11,11
61701,60,56,4,4
61702,97,96,1,1
61703,129,136,-7,7
61704,70,69,1,1
61705,137,146,-9,9
61706,110,98,12,12
61707,97,93,4,4
61708,149,168,-19,19
61709,63,67,-4,4
61710,71,73,-2,2
61711,108,98,10,10
61712,127,124,3,3
61713,92,98,-6,6
61714,41,46,-5,5
61715,87,83,4,4
61716,95,93,2,2
61717,58,64,-6,6
61718,103,115,-12,12
61719,106,109,-3,3
61720,100,108,-8,8
61721,49,54,-5,5
61722,103,133,-30,30
61723,147,156,-9,9
61724,110,108,2,2
61725,121,145,-24,24
61726,66,67,-1,1
61727,66,69,-3,3
61728,75,75,0,0
61729,127,136,-9,9
61730,96,93,3,3
61731,179,162,17,17
61732,153,154,-1,1
61733,89,80,9,9
61734,111,114,-3,3
61735,124,108,16,16
61736,86,71,15,15
61737,98,108,-10,10
61738,82,81,1,1
61739,138,118,20,20
61740,98,89,9,9
61741,187,178,9,9
61742,141,131,10,10
61743,72,77,-5,5
61744,110,109,1,1
61745,87,90,-3,3
61746,60,59,1,1
61747,71,71,0,0
61748,123,129,-6,6
61749,57,61,-4,4
61750,113,119,-6,6
61751,148,149,-1,1
61752,73,74,-1,1
61753,62,69,-7,7
61754,108,130,-22,22
61755,105,108,-3,3
61756,152,121,31,31
61757,51,54,-3,3
61758,127,123,4,4
61759,31,31,0,0
61760,68,65,3,3
61761,163,151,12,12
61762,160,149,11,11
61763,73,80,-7,7
61764,43,44,-1,1
61765,102,103,-1,1
61766,91,110,-19,19
61767,136,119,17,17
61768,92,86,6,6
61769,60,65,-5,5
61770,45,52,-7,7
61771,111,106,5,5
61772,95,101,-6,6
61773,100,97,3,3
61774,139,144,-5,5
61775,99,92,7,7
61776,68,73,-5,5
61777,55,56,-1,1
61778,110,99,11,11
61779,67,75,-8,8
61780,103,107,-4,4
61781,115,114,1,1
61782,131,144,-13,13
61783,106,113,-7,7
61784,154,148,6,6
61785,104,115,-11,11
61786,91,88,3,3
61787,139,145,-6,6
61788,56,60,-4,4
61789,139,135,4,4
61790,72,67,5,5
61791,144,141,3,3
61792,112,112,0,0
61793,68,65,3,3
61794,88,86,2,2
61795,79,90,-11,11
61796,104,110,-6,6
61797,54,48,6,6
61798,111,101,10,10
61799,87,88,-1,1
61800,185,175,10,10
61801,92,90,2,2
61802,68,75,-7,7
61803,91,88,3,3
61804,84,76,8,8
61805,82,81,1,1
61806,126,120,6,6
61807,71,72,-1,1
61808,72,66,6,6
61809,137,136,1,1
61810,61,67,-6,6
61811,106,108,-2,2
61812,59,57,2,2
61813,77,73,4,4
61814,149,131,18,18
61815,63,66,-3,3
61816,66,71,-5,5
61817,105,108,-3,3
61818,85,81,4,4
61819,109,99,10,10
61820,81,87,-6,6
61821,60,64,-4,4
61822,40,43,-3,3
61823,95,91,4,4
61824,110,98,12,12
61825,68,64,4,4
61826,67,69,-2,2
61827,76,74,2,2
61828,188,179,9,9
61829,59,58,1,1
61830,131,120,11,11
61831,108,108,0,0
61832,114,119,-5,5
61833,108,108,0,0
61834,104,97,7,7
61835,94,96,-2,2
61836,47,49,-2,2
61837,77,67,10,10
61838,80,86,-6,6
61839,96,92,4,4
61840,103,108,-5,5
61841,109,110,-1,1
61842,66,76,-10,10
61843,98,91,7,7
61844,126,112,14,14
61845,97,114,-17,17
61846,99,96,3,3
61847,107,109,-2,2
61848,129,131,-2,2
61849,87,90,-3,3
61850,69,68,1,1
61851,115,109,6,6
61852,99,108,-9,9
61853,99,96,3,3
61854,155,168,-13,13
61855,121,116,5,5
61856,123,130,-7,7
61857,91,89,2,2
61858,68,77,-9,9
61859,118,109,9,9
61860,98,99,-1,1
61861,108,109,-1,1
61862,112,112,0,0
61863,80,72,8,8
61864,92,135,-43,43
61865,116,112,4,4
61866,56,63,-7,7
61867,127,125,2,2
61868,50,54,-4,4
61869,121,111,10,10
61870,157,151,6,6
61871,78,77,1,1
61872,85,76,9,9
61873,142,142,0,0
61874,42,47,-5,5
61875,62,65,-3,3
61876,61,65,-4,4
61877,75,78,-3,3
61878,82,86,-4,4
61879,107,102,5,5
61880,130,131,-1,1
61881,64,73,-9,9
61882,75,74,1,1
61883,109,109,0,0
61884,65,75,-10,10
61885,112,115,-3,3
61886,88,93,-5,5
61887,140,130,10,10
61888,132,125,7,7
61889,108,114,-6,6
61890,92,76,16,16
61891,63,62,1,1
61892,48,53,-5,5
61893,144,122,22,22
61894,104,98,6,6
61895,107,100,7,7
61896,52,67,-15,15
61897,73,74,-1,1
61898,44,46,-2,2
61899,120,115,5,5
61900,87,85,2,2
61901,110,114,-4,4
61902,73,75,-2,2
61903,79,87,-8,8
61904,57,61,-4,4
61905,68,71,-3,3
61906,81,92,-11,11
61907,63,62,1,1
61908,41,41,0,0
61909,71,63,8,8
61910,106,113,-7,7
61911,105,93,12,12
61912,183,153,30,30
61913,111,118,-7,7
61914,137,135,2,2
61915,51,58,-7,7
61916,40,40,0,0
61917,70,79,-9,9
61918,120,117,3,3
61919,57,65,-8,8
61920,66,62,4,4
61921,140,124,16,16
61922,71,78,-7,7
61923,96,91,5,5
61924,108,112,-4,4
61925,134,148,-14,14
61926,97,97,0,0
61927,44,43,1,1
61928,49,50,-1,1
61929,63,60,3,3
61930,97,101,-4,4
61931,38,38,0,0
61932,68,69,-1,1
61933,114,110,4,4
61934,105,110,-5,5
61935,36,38,-2,2
61936,69,62,7,7
61937,101,97,4,4
61938,155,144,11,11
61939,53,67,-14,14
61940,151,142,9,9
61941,65,64,1,1
61942,64,65,-1,1
61943,181,169,12,12
61944,110,113,-3,3
61945,93,96,-3,3
61946,183,170,13,13
61947,94,92,2,2
61948,91,91,0,0
61949,105,114,-9,9
61950,51,55,-4,4
61951,76,75,1,1
61952,60,71,-11,11
61953,72,67,5,5
61954,108,109,-1,1
61955,119,117,2,2
61956,98,113,-15,15
61957,119,111,8,8
61958,122,118,4,4
61959,90,89,1,1
61960,55,58,-3,3
61961,62,60,2,2
61962,41,68,-27,27
61963,86,83,3,3
61964,58,56,2,2
61965,159,162,-3,3
61966,84,85,-1,1
61967,101,101,0,0
61968,107,97,10,10
61969,150,145,5,5
61970,105,110,-5,5
61971,83,82,1,1
61972,78,89,-11,11
61973,51,53,-2,2
61974,83,91,-8,8
61975,111,115,-4,4
61976,116,126,-10,10
61977,124,100,24,24
61978,116,112,4,4
61979,133,132,1,1
61980,143,142,1,1
61981,102,103,-1,1
61982,94,95,-1,1
61983,66,65,1,1
61984,76,80,-4,4
61985,108,107,1,1
61986,69,63,6,6
61987,90,77,13,13
61988,65,72,-7,7
61989,157,159,-2,2
61990,81,74,7,7
61991,116,124,-8,8
61992,94,93,1,1
61993,98,114,-16,16
61994,149,141,8,8
61995,87,89,-2,2
61996,124,126,-2,2
61997,121,121,0,0
61998,157,149,8,8
61999,100,93,7,7
62000,129,132,-3,3
62001,97,96,1,1
62002,57,57,0,0
62003,108,108,0,0
62004,64,61,3,3
62005,195,175,20,20
62006,81,76,5,5
62007,92,90,2,2
62008,139,148,-9,9
62009,67,66,1,1
62010,78,86,-8,8
62011,56,63,-7,7
62012,90,87,3,3
62013,69,72,-3,3
62014,109,98,11,11
62015,67,66,1,1
62016,65,71,-6,6
62017,67,77,-10,10
62018,128,118,10,10
62019,101,97,4,4
62020,103,105,-2,2
62021,66,64,2,2
62022,78,82,-4,4
62023,121,115,6,6
62024,99,109,-10,10
62025,69,61,8,8
62026,64,68,-4,4
62027,66,67,-1,1
62028,76,78,-2,2
62029,91,91,0,0
62030,49,55,-6,6
62031,222,186,36,36
62032,71,62,9,9
62033,155,152,3,3
62034,80,81,-1,1
62035,94,77,17,17
62036,70,64,6,6
62037,106,109,-3,3
62038,81,86,-5,5
62039,90,80,10,10
62040,73,76,-3,3
62041,65,63,2,2
62042,71,75,-4,4
62043,140,122,18,18
62044,109,115,-6,6
62045,72,70,2,2
62046,95,108,-13,13
62047,92,84,8,8
62048,104,113,-9,9
62049,74,75,-1,1
62050,102,101,1,1
62051,75,80,-5,5
62052,100,93,7,7
62053,111,120,-9,9
62054,52,52,0,0
62055,79,66,13,13
62056,99,97,2,2
62057,140,146,-6,6
62058,181,185,-4,4
62059,106,99,7,7
62060,59,53,6,6
62061,129,120,9,9
62062,95,119,-24,24
62063,50,52,-2,2
62064,71,67,4,4
62065,46,57,-11,11
62066,103,112,-9,9
62067,82,85,-3,3
62068,114,110,4,4
62069,114,115,-1,1
62070,92,93,-1,1
62071,74,78,-4,4
62072,102,108,-6,6
62073,104,107,-3,3
62074,86,80,6,6
62075,51,67,-16,16
62076,86,83,3,3
62077,78,80,-2,2
62078,99,108,-9,9
62079,95,90,5,5
62080,82,81,1,1
62081,111,117,-6,6
62082,129,116,13,13
62083,90,113,-23,23
62084,139,128,11,11
62085,72,78,-6,6
62086,55,58,-3,3
62087,165,157,8,8
62088,115,119,-4,4
62089,61,70,-9,9
62090,84,78,6,6
62091,136,136,0,0
62092,83,79,4,4
62093,27,43,-16,16
62094,108,110,-2,2
62095,147,135,12,12
62096,120,122,-2,2
62097,73,85,-12,12
62098,60,71,-11,11
62099,123,130,-7,7
62100,89,90,-1,1
62101,73,66,7,7
62102,64,68,-4,4
62103,62,61,1,1
62104,100,92,8,8
62105,100,92,8,8
62106,48,63,-15,15
62107,119,114,5,5
62108,53,55,-2,2
62109,142,149,-7,7
62110,58,61,-3,3
62111,100,105,-5,5
62112,77,76,1,1
62113,71,85,-14,14
62114,126,126,0,0
62115,50,53,-3,3
62116,205,173,32,32
62117,60,65,-5,5
62118,91,94,-3,3
62119,70,75,-5,5
62120,90,96,-6,6
62121,159,151,8,8
62122,75,75,0,0
62123,116,93,23,23
62124,109,116,-7,7
62125,143,138,5,5
62126,112,108,4,4
62127,84,86,-2,2
62128,170,177,-7,7
62129,150,152,-2,2
62130,109,101,8,8
62131,161,154,7,7
62132,99,109,-10,10
62133,127,111,16,16
62134,62,35,27,27
62135,133,126,7,7
62136,101,113,-12,12
62137,127,121,6,6
62138,89,85,4,4
62139,95,90,5,5
62140,150,141,9,9
62141,49,51,-2,2
62142,92,92,0,0
62143,92,88,4,4
62144,38,47,-9,9
62145,145,150,-5,5
62146,156,163,-7,7
62147,125,124,1,1
62148,51,51,0,0
62149,134,114,20,20
62150,92,108,-16,16
62151,85,92,-7,7
62152,60,61,-1,1
62153,67,71,-4,4
62154,99,111,-12,12
62155,159,161,-2,2
62156,86,92,-6,6
62157,75,58,17,17
62158,42,40,2,2
62159,71,79,-8,8
62160,136,138,-2,2
62161,67,76,-9,9
62162,112,112,0,0
62163,71,75,-4,4
62164,48,59,-11,11
62165,139,141,-2,2
62166,114,151,-37,37
62167,48,47,1,1
62168,86,86,0,0
62169,119,111,8,8
62170,94,91,3,3
62171,105,110,-5,5
62172,104,95,9,9
62173,85,86,-1,1
62174,66,62,4,4
62175,93,88,5,5
62176,88,96,-8,8
62177,67,69,-2,2
62178,91,101,-10,10
62179,110,110,0,0
62180,80,75,5,5
62181,98,106,-8,8
62182,126,126,0,0
62183,52,60,-8,8
62184,63,70,-7,7
62185,91,96,-5,5
62186,103,108,-5,5
62187,68,68,0,0
62188,73,80,-7,7
62189,95,96,-1,1
62190,100,98,2,2
62191,111,99,12,12
62192,100,109,-9,9
62193,75,77,-2,2
62194,84,89,-5,5
62195,75,77,-2,2
62196,139,128,11,11
62197,105,111,-6,6
62198,84,92,-8,8
62199,137,124,13,13
62200,65,97,-32,32
62201,97,90,7,7
62202,78,81,-3,3
62203,122,125,-3,3
62204,72,78,-6,6
62205,80,93,-13,13
62206,132,121,11,11
62207,113,109,4,4
62208,121,121,0,0
62209,72,73,-1,1
62210,95,101,-6,6
62211,124,122,2,2
62212,122,121,1,1
62213,152,154,-2,2
62214,105,99,6,6
62215,103,112,-9,9
62216,111,109,2,2
62217,60,51,9,9
62218,75,96,-21,21
62219,69,73,-4,4
62220,85,78,7,7
62221,91,101,-10,10
62222,106,95,11,11
62223,76,83,-7,7
62224,43,46,-3,3
62225,65,65,0,0
62226,180,181,-1,1
62227,38,54,-16,16
62228,86,83,3,3
62229,77,79,-2,2
62230,110,114,-4,4
62231,111,114,-3,3
62232,134,127,7,7
62233,123,123,0,0
62234,67,70,-3,3
62235,77,83,-6,6
62236,95,108,-13,13
62237,94,91,3,3
62238,131,129,2,2
62239,88,108,-20,20
62240,130,126,4,4
62241,78,77,1,1
62242,98,97,1,1
62243,66,66,0,0
62244,63,66,-3,3
62245,85,82,3,3
62246,82,82,0,0
62247,82,88,-6,6
62248,104,102,2,2
62249,120,121,-1,1
62250,68,71,-3,3
62251,108,111,-3,3
62252,101,95,6,6
62253,102,96,6,6
62254,161,164,-3,3
62255,48,51,-3,3
62256,82,90,-8,8
62257,134,131,3,3
62258,102,95,7,7
62259,47,48,-1,1
62260,101,78,23,23
62261,103,99,4,4
62262,158,142,16,16
62263,79,82,-3,3
62264,126,124,2,2
62265,72,79,-7,7
62266,103,104,-1,1
62267,86,97,-11,11
62268,73,83,-10,10
62269,150,143,7,7
62270,69,65,4,4
62271,89,85,4,4
62272,102,96,6,6
62273,89,89,0,0
62274,92,97,-5,5
62275,91,84,7,7
62276,69,70,-1,1
62277,31,41,-10,10
62278,62,53,9,9
62279,74,77,-3,3
62280,73,65,8,8
62281,92,78,14,14
62282,68,70,-2,2
62283,121,116,5,5
62284,160,162,-2,2
62285,124,118,6,6
62286,71,69,2,2
62287,98,86,12,12
62288,85,84,1,1
62289,93,84,9,9
62290,87,81,6,6
62291,210,181,29,29
62292,74,76,-2,2
62293,84,90,-6,6
62294,141,142,-1,1
62295,68,71,-3,3
62296,118,116,2,2
62297,75,76,-1,1
62298,150,145,5,5
62299,162,157,5,5
62300,59,56,3,3
62301,82,83,-1,1
62302,118,110,8,8
62303,94,102,-8,8
62304,75,91,-16,16
62305,71,69,2,2
62306,131,125,6,6
62307,120,113,7,7
62308,91,92,-1,1
62309,112,108,4,4
62310,145,147,-2,2
62311,93,81,12,12
62312,93,87,6,6
62313,89,77,12,12
62314,110,108,2,2
62315,78,78,0,0
62316,80,77,3,3
62317,133,135,-2,2
62318,50,47,3,3
62319,82,80,2,2
62320,145,126,19,19
62321,126,110,16,16
62322,105,100,5,5
62323,159,161,-2,2
62324,118,125,-7,7
62325,142,141,1,1
62326,108,102,6,6
62327,110,113,-3,3
62328,106,96,10,10
62329,119,120,-1,1
62330,90,91,-1,1
62331,68,73,-5,5
62332,119,114,5,5
62333,162,149,13,13
62334,76,78,-2,2
62335,89,80,9,9
62336,57,59,-2,2
62337,79,79,0,0
62338,72,79,-7,7
62339,110,96,14,14
62340,82,79,3,3
62341,76,73,3,3
62342,68,75,-7,7
62343,79,108,-29,29
62344,64,70,-6,6
62345,151,137,14,14
62346,64,65,-1,1
62347,110,101,9,9
62348,78,71,7,7
62349,123,122,1,1
62350,118,118,0,0
62351,58,64,-6,6
62352,140,135,5,5
62353,128,118,10,10
62354,57,53,4,4
62355,101,102,-1,1
62356,106,99,7,7
62357,71,76,-5,5
62358,61,60,1,1
62359,187,165,22,22
62360,123,112,11,11
62361,64,64,0,0
62362,59,65,-6,6
62363,83,85,-2,2
62364,68,73,-5,5
62365,83,78,5,5
62366,111,104,7,7
62367,86,94,-8,8
62368,87,86,1,1
62369,97,93,4,4
62370,76,80,-4,4
62371,91,92,-1,1
62372,169,157,12,12
62373,51,48,3,3
62374,57,71,-14,14
62375,168,173,-5,5
62376,93,70,23,23
62377,93,90,3,3
62378,98,84,14,14
62379,76,85,-9,9
62380,142,137,5,5
62381,60,64,-4,4
62382,118,114,4,4
62383,40,61,-21,21
62384,68,64,4,4
62385,75,65,10,10
62386,97,96,1,1
62387,124,124,0,0
62388,68,63,5,5
62389,89,83,6,6
62390,109,112,-3,3
62391,53,52,1,1
62392,112,111,1,1
62393,140,147,-7,7
62394,113,100,13,13
62395,105,117,-12,12
62396,69,65,4,4
62397,98,119,-21,21
62398,150,148,2,2
62399,93,92,1,1
62400,117,127,-10,10
62401,44,47,-3,3
62402,65,59,6,6
62403,78,73,5,5
62404,149,149,0,0
62405,75,73,2,2
62406,82,83,-1,1
62407,93,85,8,8
62408,129,124,5,5
62409,46,52,-6,6
62410,56,48,8,8
62411,99,86,13,13
62412,31,47,-16,16
62413,113,113,0,0
62414,167,170,-3,3
62415,113,117,-4,4
62416,171,172,-1,1
62417,71,74,-3,3
62418,103,103,0,0
62419,76,79,-3,3
62420,64,57,7,7
62421,105,107,-2,2
62422,176,169,7,7
62423,127,120,7,7
62424,118,105,13,13
62425,88,96,-8,8
62426,133,133,0,0
62427,84,94,-10,10
62428,108,112,-4,4
62429,72,70,2,2
62430,128,127,1,1
62431,36,41,-5,5
62432,116,109,7,7
62433,105,110,-5,5
62434,85,88,-3,3
62435,48,51,-3,3
62436,142,129,13,13
62437,78,64,14,14
62438,72,77,-5,5
62439,255,240,15,15
62440,113,121,-8,8
62441,98,90,8,8
62442,143,134,9,9
62443,85,109,-24,24
62444,111,116,-5,5
62445,106,103,3,3
62446,111,112,-1,1
62447,84,79,5,5
62448,74,78,-4,4
62449,87,90,-3,3
62450,133,131,2,2
62451,111,118,-7,7
62452,78,78,0,0
62453,83,89,-6,6
62454,117,109,8,8
62455,97,91,6,6
62456,127,132,-5,5
62457,66,65,1,1
62458,124,119,5,5
62459,72,75,-3,3
62460,108,95,13,13
62461,124,126,-2,2
62462,137,119,18,18
62463,84,84,0,0
62464,175,175,0,0
62465,32,33,-1,1
62466,127,114,13,13
62467,139,142,-3,3
62468,84,109,-25,25
62469,138,146,-8,8
62470,147,154,-7,7
62471,49,52,-3,3
62472,87,85,2,2
62473,71,74,-3,3
62474,89,77,12,12
62475,122,123,-1,1
62476,110,118,-8,8
62477,112,111,1,1
62478,161,143,18,18
62479,78,83,-5,5
62480,84,87,-3,3
62481,96,90,6,6
62482,83,84,-1,1
62483,166,151,15,15
62484,69,64,5,5
62485,48,47,1,1
62486,84,64,20,20
62487,113,97,16,16
62488,89,92,-3,3
62489,51,56,-5,5
62490,101,101,0,0
62491,70,65,5,5
62492,107,97,10,10
62493,99,94,5,5
62494,142,136,6,6
62495,123,114,9,9
62496,81,78,3,3
62497,60,60,0,0
62498,139,130,9,9
62499,93,89,4,4
62500,123,135,-12,12
62501,101,78,23,23
62502,128,129,-1,1
62503,72,72,0,0
62504,134,121,13,13
62505,89,90,-1,1
62506,162,154,8,8
62507,129,114,15,15
62508,97,93,4,4
62509,63,76,-13,13
62510,88,88,0,0
62511,47,48,-1,1
62512,163,153,10,10
62513,169,172,-3,3
62514,88,81,7,7
62515,116,116,0,0
62516,68,70,-2,2
62517,66,68,-2,2
62518,75,79,-4,4
62519,79,85,-6,6
62520,132,135,-3,3
62521,64,68,-4,4
62522,154,148,6,6
62523,159,129,30,30
62524,97,98,-1,1
62525,151,144,7,7
62526,64,61,3,3
62527,86,74,12,12
62528,86,108,-22,22
62529,105,108,-3,3
62530,135,137,-2,2
62531,78,85,-7,7
62532,180,161,19,19
62533,126,119,7,7
62534,115,117,-2,2
62535,95,109,-14,14
62536,123,111,12,12
62537,49,50,-1,1
62538,94,101,-7,7
62539,170,165,5,5
62540,92,89,3,3
62541,101,103,-2,2
62542,93,95,-2,2
62543,123,136,-13,13
62544,83,75,8,8
62545,122,110,12,12
62546,109,122,-13,13
62547,67,60,7,7
62548,59,61,-2,2
62549,79,68,11,11
62550,82,86,-4,4
62551,69,66,3,3
62552,83,88,-5,5
62553,116,110,6,6
62554,202,177,25,25
62555,92,101,-9,9
62556,95,91,4,4
62557,104,107,-3,3
62558,124,118,6,6
62559,203,185,18,18
62560,95,94,1,1
62561,131,129,2,2
62562,42,40,2,2
62563,106,88,18,18
62564,40,48,-8,8
62565,81,83,-2,2
62566,125,115,10,10
62567,82,82,0,0
62568,121,118,3,3
62569,85,96,-11,11
62570,104,95,9,9
62571,82,81,1,1
62572,76,73,3,3
62573,60,61,-1,1
62574,91,74,17,17
62575,96,92,4,4
62576,118,115,3,3
62577,101,95,6,6
62578,140,142,-2,2
62579,153,149,4,4
62580,115,125,-10,10
62581,38,59,-21,21
62582,74,76,-2,2
62583,28,58,-30,30
62584,65,70,-5,5
62585,113,120,-7,7
62586,109,112,-3,3
62587,93,95,-2,2
62588,87,85,2,2
62589,54,60,-6,6
62590,125,121,4,4
62591,141,139,2,2
62592,114,124,-10,10
62593,122,115,7,7
62594,138,141,-3,3
62595,98,93,5,5
62596,84,87,-3,3
62597,118,118,0,0
62598,114,114,0,0
62599,69,72,-3,3
62600,47,57,-10,10
62601,72,63,9,9
62602,72,62,10,10
62603,85,86,-1,1
62604,48,50,-2,2
62605,96,91,5,5
62606,90,85,5,5
62607,99,89,10,10
62608,122,128,-6,6
62609,60,62,-2,2
62610,80,88,-8,8
62611,79,84,-5,5
62612,54,54,0,0
62613,90,90,0,0
62614,84,90,-6,6
62615,98,97,1,1
62616,106,108,-2,2
62617,70,76,-6,6
62618,93,83,10,10
62619,81,79,2,2
62620,108,101,7,7
62621,66,68,-2,2
62622,92,89,3,3
62623,58,54,4,4
62624,80,76,4,4
62625,72,76,-4,4
62626,92,87,5,5
62627,114,121,-7,7
62628,149,136,13,13
62629,85,81,4,4
62630,61,55,6,6
62631,104,96,8,8
62632,100,90,10,10
62633,132,127,5,5
62634,132,123,9,9
62635,114,103,11,11
62636,89,93,-4,4
62637,52,50,2,2
62638,51,49,2,2
62639,109,115,-6,6
62640,112,122,-10,10
62641,80,76,4,4
62642,158,176,-18,18
62643,103,96,7,7
62644,59,60,-1,1
62645,118,111,7,7
62646,114,112,2,2
62647,101,95,6,6
62648,64,67,-3,3
62649,75,73,2,2
62650,110,97,13,13
62651,168,181,-13,13
62652,109,99,10,10
62653,106,105,1,1
62654,32,77,-45,45
62655,86,94,-8,8
62656,185,149,36,36
62657,125,133,-8,8
62658,48,52,-4,4
62659,128,133,-5,5
62660,138,144,-6,6
62661,75,67,8,8
62662,84,103,-19,19
62663,115,102,13,13
62664,58,70,-12,12
62665,97,97,0,0
62666,152,140,12,12
62667,94,97,-3,3
62668,114,115,-1,1
62669,130,140,-10,10
62670,61,65,-4,4
62671,185,168,17,17
62672,110,112,-2,2
62673,58,57,1,1
62674,79,82,-3,3
62675,79,77,2,2
62676,93,88,5,5
62677,129,129,0,0
62678,134,128,6,6
62679,98,103,-5,5
62680,162,158,4,4
62681,83,85,-2,2
62682,107,94,13,13
62683,98,110,-12,12
62684,131,120,11,11
62685,57,53,4,4
62686,153,138,15,15
62687,126,125,1,1
62688,89,87,2,2
62689,68,66,2,2
62690,131,122,9,9
62691,68,78,-10,10
62692,94,87,7,7
62693,135,128,7,7
62694,96,98,-2,2
62695,95,107,-12,12
62696,90,89,1,1
62697,55,60,-5,5
62698,108,115,-7,7
62699,36,41,-5,5
62700,73,72,1,1
62701,73,83,-10,10
62702,102,99,3,3
62703,52,51,1,1
62704,22,41,-19,19
62705,102,91,11,11
62706,136,124,12,12
62707,83,87,-4,4
62708,76,76,0,0
62709,135,134,1,1
62710,116,120,-4,4
62711,69,71,-2,2
62712,42,45,-3,3
62713,86,72,14,14
62714,131,127,4,4
62715,119,116,3,3
62716,65,65,0,0
62717,100,109,-9,9
62718,65,67,-2,2
62719,73,74,-1,1
62720,63,65,-2,2
62721,115,154,-39,39
62722,164,152,12,12
62723,146,149,-3,3
62724,64,67,-3,3
62725,101,94,7,7
62726,124,120,4,4
62727,74,88,-14,14
62728,92,80,12,12
62729,90,89,1,1
62730,93,93,0,0
62731,76,81,-5,5
62732,133,136,-3,3
62733,54,58,-4,4
62734,147,121,26,26
62735,107,115,-8,8
62736,132,117,15,15
62737,129,118,11,11
62738,95,92,3,3
62739,78,89,-11,11
62740,93,85,8,8
62741,85,94,-9,9
62742,138,158,-20,20
62743,106,109,-3,3
62744,45,50,-5,5
62745,50,55,-5,5
62746,55,45,10,10
62747,44,53,-9,9
62748,70,70,0,0
62749,125,123,2,2
62750,82,82,0,0
62751,80,81,-1,1
62752,120,119,1,1
62753,100,98,2,2
62754,70,68,2,2
62755,65,66,-1,1
62756,96,98,-2,2
62757,93,92,1,1
62758,106,99,7,7
62759,168,153,15,15
62760,169,160,9,9
62761,95,82,13,13
62762,95,96,-1,1
62763,81,75,6,6
62764,65,80,-15,15
62765,64,76,-12,12
62766,62,75,-13,13
62767,119,117,2,2
62768,93,85,8,8
62769,77,71,6,6
62770,141,141,0,0
62771,66,69,-3,3
62772,76,89,-13,13
62773,148,144,4,4
62774,57,66,-9,9
62775,78,57,21,21
62776,134,115,19,19
62777,133,127,6,6
62778,66,71,-5,5
62779,75,71,4,4
62780,97,94,3,3
62781,131,121,10,10
62782,171,163,8,8
62783,222,206,16,16
62784,102,107,-5,5
62785,60,63,-3,3
62786,144,147,-3,3
62787,43,39,4,4
62788,82,80,2,2
62789,84,83,1,1
62790,92,96,-4,4
62791,94,70,24,24
62792,179,179,0,0
62793,119,121,-2,2
62794,61,67,-6,6
62795,93,99,-6,6
62796,53,53,0,0
62797,142,142,0,0
62798,69,71,-2,2
62799,90,94,-4,4
62800,139,138,1,1
62801,90,112,-22,22
62802,56,57,-1,1
62803,113,120,-7,7
62804,91,93,-2,2
62805,86,84,2,2
62806,111,108,3,3
62807,74,69,5,5
62808,139,128,11,11
62809,96,88,8,8
62810,105,98,7,7
62811,139,141,-2,2
62812,61,64,-3,3
62813,70,72,-2,2
62814,70,77,-7,7
62815,61,62,-1,1
62816,127,138,-11,11
62817,92,100,-8,8
62818,120,114,6,6
62819,52,45,7,7
62820,86,87,-1,1
62821,62,59,3,3
62822,101,123,-22,22
62823,85,100,-15,15
62824,96,102,-6,6
62825,105,109,-4,4
62826,122,120,2,2
62827,116,115,1,1
62828,98,82,16,16
62829,154,146,8,8
62830,100,91,9,9
62831,164,154,10,10
62832,162,156,6,6
62833,136,138,-2,2
62834,62,70,-8,8
62835,178,170,8,8
62836,109,94,15,15
62837,121,109,12,12
62838,108,122,-14,14
62839,84,87,-3,3
62840,131,120,11,11
62841,122,110,12,12
62842,64,71,-7,7
62843,84,85,-1,1
62844,72,74,-2,2
62845,185,168,17,17
62846,77,76,1,1
62847,137,156,-19,19
62848,93,108,-15,15
62849,86,95,-9,9
62850,144,128,16,16
62851,78,88,-10,10
62852,61,64,-3,3
62853,129,118,11,11
62854,52,64,-12,12
62855,195,186,9,9
62856,87,88,-1,1
62857,101,109,-8,8
62858,103,102,1,1
62859,169,163,6,6
62860,104,100,4,4
62861,80,80,0,0
62862,40,54,-14,14
62863,90,93,-3,3
62864,89,94,-5,5
62865,105,103,2,2
62866,86,93,-7,7
62867,133,129,4,4
62868,89,85,4,4
62869,64,63,1,1
62870,94,108,-14,14
62871,86,95,-9,9
62872,128,126,2,2
62873,53,57,-4,4
62874,91,81,10,10
62875,74,72,2,2
62876,64,66,-2,2
62877,81,71,10,10
62878,66,68,-2,2
62879,76,71,5,5
62880,91,89,2,2
62881,76,75,1,1
62882,109,99,10,10
62883,77,73,4,4
62884,76,76,0,0
62885,110,99,11,11
62886,88,86,2,2
62887,120,114,6,6
62888,127,127,0,0
62889,106,111,-5,5
62890,201,190,11,11
62891,111,112,-1,1
62892,231,206,25,25
62893,59,65,-6,6
62894,150,143,7,7
62895,141,135,6,6
62896,62,60,2,2
62897,191,189,2,2
62898,119,122,-3,3
62899,72,80,-8,8
62900,103,108,-5,5
62901,79,85,-6,6
62902,106,109,-3,3
62903,104,121,-17,17
62904,88,93,-5,5
62905,78,78,0,0
62906,81,89,-8,8
62907,98,98,0,0
62908,123,123,0,0
62909,142,152,-10,10
62910,74,73,1,1
62911,163,152,11,11
62912,102,92,10,10
62913,60,61,-1,1
62914,133,118,15,15
62915,59,60,-1,1
62916,47,55,-8,8
62917,86,92,-6,6
62918,124,117,7,7
62919,28,33,-5,5
62920,59,65,-6,6
62921,124,136,-12,12
62922,105,108,-3,3
62923,103,97,6,6
62924,80,79,1,1
62925,82,78,4,4
62926,84,82,2,2
62927,128,129,-1,1
62928,101,106,-5,5
62929,72,72,0,0
62930,89,80,9,9
62931,119,118,1,1
62932,181,174,7,7
62933,146,144,2,2
62934,58,61,-3,3
62935,80,75,5,5
62936,37,45,-8,8
62937,45,54,-9,9
62938,95,110,-15,15
62939,108,109,-1,1
62940,79,73,6,6
62941,85,73,12,12
62942,53,63,-10,10
62943,211,193,18,18
62944,103,99,4,4
62945,77,73,4,4
62946,75,74,1,1
62947,95,94,1,1
62948,102,94,8,8
62949,77,79,-2,2
62950,54,54,0,0
62951,110,105,5,5
62952,121,114,7,7
62953,89,74,15,15
62954,93,97,-4,4
62955,44,50,-6,6
62956,84,95,-11,11
62957,135,124,11,11
62958,66,60,6,6
62959,104,114,-10,10
62960,141,130,11,11
62961,98,93,5,5
62962,90,94,-4,4
62963,115,114,1,1
62964,109,113,-4,4
62965,69,76,-7,7
62966,64,59,5,5
62967,185,171,14,14
62968,114,111,3,3
62969,191,171,20,20
62970,49,48,1,1
62971,83,87,-4,4
62972,100,101,-1,1
62973,98,89,9,9
62974,69,80,-11,11
62975,103,91,12,12
62976,148,158,-10,10
62977,81,73,8,8
62978,151,152,-1,1
62979,70,59,11,11
62980,88,81,7,7
62981,93,97,-4,4
62982,60,71,-11,11
62983,88,81,7,7
62984,63,68,-5,5
62985,92,84,8,8
62986,108,115,-7,7
62987,78,82,-4,4
62988,156,146,10,10
62989,63,63,0,0
62990,58,56,2,2
62991,38,43,-5,5
62992,107,98,9,9
62993,101,95,6,6
62994,65,69,-4,4
62995,120,124,-4,4
62996,101,90,11,11
62997,106,96,10,10
62998,72,70,2,2
62999,127,118,9,9
63000,65,66,-1,1
63001,126,113,13,13
63002,113,113,0,0
63003,104,114,-10,10
63004,152,146,6,6
63005,57,61,-4,4
63006,83,76,7,7
63007,101,108,-7,7
63008,81,81,0,0
63009,54,64,-10,10
63010,80,77,3,3
63011,83,88,-5,5
63012,31,40,-9,9
63013,64,67,-3,3
63014,159,165,-6,6
63015,133,130,3,3
63016,116,124,-8,8
63017,57,54,3,3
63018,99,93,6,6
63019,62,57,5,5
63020,90,86,4,4
63021,117,118,-1,1
63022,142,130,12,12
63023,177,165,12,12
63024,59,58,1,1
63025,89,107,-18,18
63026,69,65,4,4
63027,63,72,-9,9
63028,46,73,-27,27
63029,136,147,-11,11
63030,105,120,-15,15
63031,127,137,-10,10
63032,66,72,-6,6
63033,138,140,-2,2
63034,71,71,0,0
63035,97,98,-1,1
63036,112,117,-5,5
63037,77,81,-4,4
63038,57,60,-3,3
63039,84,88,-4,4
63040,85,79,6,6
63041,111,101,10,10
63042,123,119,4,4
63043,110,116,-6,6
63044,114,121,-7,7
63045,111,139,-28,28
63046,71,81,-10,10
63047,93,85,8,8
63048,343,334,9,9
63049,72,72,0,0
63050,186,165,21,21
63051,62,64,-2,2
63052,79,80,-1,1
63053,129,133,-4,4
63054,121,140,-19,19
63055,105,102,3,3
63056,157,148,9,9
63057,115,110,5,5
63058,78,75,3,3
63059,179,189,-10,10
63060,80,80,0,0
63061,113,121,-8,8
63062,87,92,-5,5
63063,95,95,0,0
63064,95,104,-9,9
63065,104,100,4,4
63066,88,89,-1,1
63067,61,66,-5,5
63068,63,55,8,8
63069,87,109,-22,22
63070,157,166,-9,9
63071,92,118,-26,26
63072,53,55,-2,2
63073,128,120,8,8
63074,114,113,1,1
63075,95,101,-6,6
63076,102,101,1,1
63077,120,123,-3,3
63078,110,119,-9,9
63079,207,190,17,17
63080,103,101,2,2
63081,55,55,0,0
63082,98,96,2,2
63083,99,97,2,2
63084,94,94,0,0
63085,82,91,-9,9
63086,60,82,-22,22
63087,95,102,-7,7
63088,113,102,11,11
63089,113,114,-1,1
63090,105,97,8,8
63091,80,63,17,17
63092,104,112,-8,8
63093,97,96,1,1
63094,62,68,-6,6
63095,62,76,-14,14
63096,85,90,-5,5
63097,114,120,-6,6
63098,72,64,8,8
63099,82,76,6,6
63100,94,87,7,7
63101,90,91,-1,1
63102,110,98,12,12
63103,90,86,4,4
63104,80,82,-2,2
63105,109,97,12,12
63106,61,66,-5,5
63107,185,179,6,6
63108,117,119,-2,2
63109,139,138,1,1
63110,56,61,-5,5
63111,74,67,7,7
63112,107,115,-8,8
63113,78,88,-10,10
63114,51,53,-2,2
63115,87,87,0,0
63116,114,114,0,0
63117,83,80,3,3
63118,137,130,7,7
63119,117,114,3,3
63120,87,94,-7,7
63121,69,72,-3,3
63122,86,91,-5,5
63123,150,153,-3,3
63124,162,157,5,5
63125,87,87,0,0
63126,68,66,2,2
63127,68,68,0,0
63128,126,107,19,19
63129,109,101,8,8
63130,106,116,-10,10
63131,114,111,3,3
63132,136,142,-6,6
63133,128,113,15,15
63134,109,114,-5,5
63135,114,117,-3,3
63136,102,109,-7,7
63137,144,129,15,15
63138,52,54,-2,2
63139,73,82,-9,9
63140,116,114,2,2
63141,111,97,14,14
63142,106,113,-7,7
63143,125,123,2,2
63144,119,103,16,16
63145,77,82,-5,5
63146,78,75,3,3
63147,62,62,0,0
63148,80,85,-5,5
63149,101,108,-7,7
63150,130,134,-4,4
63151,165,150,15,15
63152,88,75,13,13
63153,97,102,-5,5
63154,125,116,9,9
63155,55,58,-3,3
63156,76,80,-4,4
63157,124,130,-6,6
63158,82,88,-6,6
63159,60,69,-9,9
63160,107,107,0,0
63161,109,112,-3,3
63162,162,155,7,7
63163,95,113,-18,18
63164,54,54,0,0
63165,125,126,-1,1
63166,107,97,10,10
63167,74,67,7,7
63168,155,153,2,2
63169,77,81,-4,4
63170,80,72,8,8
63171,122,128,-6,6
63172,71,80,-9,9
63173,112,103,9,9
63174,61,62,-1,1
63175,88,92,-4,4
63176,171,152,19,19
63177,98,94,4,4
63178,59,62,-3,3
63179,150,153,-3,3
63180,94,94,0,0
63181,112,115,-3,3
63182,113,93,20,20
63183,92,89,3,3
63184,121,125,-4,4
63185,101,95,6,6
63186,82,79,3,3
63187,125,114,11,11
63188,74,76,-2,2
63189,68,70,-2,2
63190,104,112,-8,8
63191,80,76,4,4
63192,101,93,8,8
63193,96,108,-12,12
63194,96,94,2,2
63195,79,85,-6,6
63196,75,76,-1,1
63197,121,120,1,1
63198,173,162,11,11
63199,123,117,6,6
63200,124,120,4,4
63201,123,118,5,5
63202,129,134,-5,5
63203,119,104,15,15
63204,107,112,-5,5
63205,117,110,7,7
63206,74,77,-3,3
63207,72,73,-1,1
63208,92,107,-15,15
63209,102,95,7,7
63210,123,136,-13,13
63211,119,125,-6,6
63212,71,72,-1,1
63213,64,71,-7,7
63214,108,109,-1,1
63215,140,126,14,14
63216,90,93,-3,3
63217,128,115,13,13
63218,99,101,-2,2
63219,82,98,-16,16
63220,156,154,2,2
63221,137,135,2,2
63222,78,67,11,11
63223,95,97,-2,2
63224,82,95,-13,13
63225,90,93,-3,3
63226,64,66,-2,2
63227,73,77,-4,4
63228,53,63,-10,10
63229,123,124,-1,1
63230,62,68,-6,6
63231,92,97,-5,5
63232,123,118,5,5
63233,125,118,7,7
63234,41,46,-5,5
63235,187,174,13,13
63236,91,89,2,2
63237,76,79,-3,3
63238,176,164,12,12
63239,93,99,-6,6
63240,87,91,-4,4
63241,89,93,-4,4
63242,88,83,5,5
63243,99,92,7,7
63244,134,119,15,15
63245,95,97,-2,2
63246,105,109,-4,4
63247,42,53,-11,11
63248,96,89,7,7
63249,50,64,-14,14
63250,63,66,-3,3
63251,95,109,-14,14
63252,99,96,3,3
63253,109,116,-7,7
63254,133,122,11,11
63255,90,82,8,8
63256,71,73,-2,2
63257,58,58,0,0
63258,173,167,6,6
63259,77,73,4,4
63260,88,62,26,26
63261,72,72,0,0
63262,116,113,3,3
63263,61,64,-3,3
63264,94,86,8,8
63265,117,124,-7,7
63266,114,115,-1,1
63267,147,140,7,7
63268,125,119,6,6
63269,100,110,-10,10
63270,101,90,11,11
63271,112,112,0,0
63272,94,82,12,12
63273,119,110,9,9
63274,154,151,3,3
63275,82,81,1,1
63276,58,66,-8,8
63277,131,113,18,18
63278,82,95,-13,13
63279,96,93,3,3
63280,80,66,14,14
63281,118,123,-5,5
63282,51,60,-9,9
63283,164,163,1,1
63284,77,103,-26,26
63285,144,146,-2,2
63286,132,138,-6,6
63287,89,89,0,0
63288,78,66,12,12
63289,51,57,-6,6
63290,100,109,-9,9
63291,108,108,0,0
63292,143,128,15,15
63293,88,87,1,1
63294,67,63,4,4
63295,121,126,-5,5
63296,90,82,8,8
63297,65,68,-3,3
63298,79,77,2,2
63299,144,134,10,10
63300,55,69,-14,14
63301,78,83,-5,5
63302,82,93,-11,11
63303,78,78,0,0
63304,160,161,-1,1
63305,89,82,7,7
63306,101,111,-10,10
63307,114,99,15,15
63308,86,77,9,9
63309,155,153,2,2
63310,105,110,-5,5
63311,76,74,2,2
63312,149,143,6,6
63313,99,111,-12,12
63314,120,112,8,8
63315,69,72,-3,3
63316,102,101,1,1
63317,59,55,4,4
63318,54,61,-7,7
63319,107,95,12,12
63320,60,66,-6,6
63321,70,66,4,4
63322,219,212,7,7
63323,83,80,3,3
63324,68,68,0,0
63325,89,93,-4,4
63326,68,76,-8,8
63327,108,114,-6,6
63328,94,99,-5,5
63329,90,91,-1,1
63330,171,161,10,10
63331,35,39,-4,4
63332,39,42,-3,3
63333,80,117,-37,37
63334,69,69,0,0
63335,109,112,-3,3
63336,112,120,-8,8
63337,127,129,-2,2
63338,87,87,0,0
63339,60,121,-61,61
63340,67,73,-6,6
63341,151,143,8,8
63342,115,110,5,5
63343,86,88,-2,2
63344,97,85,12,12
63345,128,122,6,6
63346,137,125,12,12
63347,102,102,0,0
63348,76,78,-2,2
63349,33,34,-1,1
63350,89,88,1,1
63351,68,65,3,3
63352,55,60,-5,5
63353,104,109,-5,5
63354,98,106,-8,8
63355,67,65,2,2
63356,103,105,-2,2
63357,87,88,-1,1
63358,92,89,3,3
63359,97,86,11,11
63360,144,140,4,4
63361,94,108,-14,14
63362,95,87,8,8
63363,131,118,13,13
63364,102,94,8,8
63365,132,134,-2,2
63366,83,84,-1,1
63367,127,132,-5,5
63368,71,69,2,2
63369,86,85,1,1
63370,202,180,22,22
63371,181,172,9,9
63372,129,130,-1,1
63373,112,110,2,2
63374,118,116,2,2
63375,46,41,5,5
63376,120,106,14,14
63377,55,65,-10,10
63378,141,135,6,6
63379,92,86,6,6
63380,137,138,-1,1
63381,59,61,-2,2
63382,192,197,-5,5
63383,144,145,-1,1
63384,91,95,-4,4
63385,111,109,2,2
63386,52,52,0,0
63387,135,131,4,4
63388,43,50,-7,7
63389,138,121,17,17
63390,159,141,18,18
63391,88,94,-6,6
63392,63,63,0,0
63393,90,90,0,0
63394,101,95,6,6
63395,72,71,1,1
63396,64,61,3,3
63397,81,74,7,7
63398,94,93,1,1
63399,125,130,-5,5
63400,64,64,0,0
63401,68,70,-2,2
63402,77,84,-7,7
63403,125,128,-3,3
63404,68,68,0,0
63405,131,125,6,6
63406,72,69,3,3
63407,113,109,4,4
63408,136,139,-3,3
63409,136,130,6,6
63410,129,118,11,11
63411,118,115,3,3
63412,79,75,4,4
63413,98,92,6,6
63414,117,117,0,0
63415,98,108,-10,10
63416,30,44,-14,14
63417,76,75,1,1
63418,87,81,6,6
63419,110,104,6,6
63420,80,84,-4,4
63421,48,62,-14,14
63422,120,117,3,3
63423,98,108,-10,10
63424,43,48,-5,5
63425,84,81,3,3
63426,62,63,-1,1
63427,165,166,-1,1
63428,56,61,-5,5
63429,85,83,2,2
63430,109,100,9,9
63431,149,139,10,10
63432,55,55,0,0
63433,89,93,-4,4
63434,68,73,-5,5
63435,68,66,2,2
63436,146,146,0,0
63437,112,113,-1,1
63438,104,98,6,6
63439,49,60,-11,11
63440,67,63,4,4
63441,70,61,9,9
63442,109,100,9,9
63443,56,56,0,0
63444,148,143,5,5
63445,97,98,-1,1
63446,79,79,0,0
63447,116,110,6,6
63448,97,96,1,1
63449,79,80,-1,1
63450,74,68,6,6
63451,67,59,8,8
63452,118,113,5,5
63453,72,77,-5,5
63454,128,112,16,16
63455,113,117,-4,4
63456,103,115,-12,12
63457,86,90,-4,4
63458,59,65,-6,6
63459,114,121,-7,7
63460,125,133,-8,8
63461,105,101,4,4
63462,70,63,7,7
63463,147,136,11,11
63464,90,80,10,10
63465,81,88,-7,7
63466,65,74,-9,9
63467,63,61,2,2
63468,110,111,-1,1
63469,108,97,11,11
63470,62,79,-17,17
63471,107,108,-1,1
63472,47,51,-4,4
63473,76,75,1,1
63474,92,93,-1,1
63475,129,129,0,0
63476,87,86,1,1
63477,90,83,7,7
63478,75,78,-3,3
63479,69,71,-2,2
63480,61,66,-5,5
63481,76,72,4,4
63482,49,50,-1,1
63483,133,128,5,5
63484,147,153,-6,6
63485,115,101,14,14
63486,88,95,-7,7
63487,70,69,1,1
63488,77,76,1,1
63489,64,61,3,3
63490,182,161,21,21
63491,103,95,8,8
63492,91,94,-3,3
63493,104,100,4,4
63494,67,61,6,6
63495,90,94,-4,4
63496,81,85,-4,4
63497,140,140,0,0
63498,64,70,-6,6
63499,132,134,-2,2
63500,64,61,3,3
63501,117,114,3,3
63502,86,95,-9,9
63503,216,196,20,20
63504,129,123,6,6
63505,107,108,-1,1
63506,114,111,3,3
63507,99,92,7,7
63508,232,203,29,29
63509,81,83,-2,2
63510,117,119,-2,2
63511,142,142,0,0
63512,33,36,-3,3
63513,80,83,-3,3
63514,95,91,4,4
63515,84,78,6,6
63516,111,120,-9,9
63517,53,60,-7,7
63518,47,58,-11,11
63519,80,82,-2,2
63520,81,78,3,3
63521,74,72,2,2
63522,49,52,-3,3
63523,124,114,10,10
63524,98,94,4,4
63525,155,156,-1,1
63526,58,59,-1,1
63527,111,104,7,7
63528,99,113,-14,14
63529,124,119,5,5
63530,62,62,0,0
63531,55,64,-9,9
63532,72,71,1,1
63533,62,68,-6,6
63534,74,72,2,2
63535,76,63,13,13
63536,102,98,4,4
63537,87,93,-6,6
63538,136,131,5,5
63539,89,82,7,7
63540,68,69,-1,1
63541,67,69,-2,2
63542,97,101,-4,4
63543,123,117,6,6
63544,170,152,18,18
63545,120,121,-1,1
63546,110,118,-8,8
63547,100,94,6,6
63548,37,46,-9,9
63549,84,70,14,14
63550,62,65,-3,3
63551,145,137,8,8
63552,106,108,-2,2
63553,115,110,5,5
63554,126,127,-1,1
63555,141,151,-10,10
63556,92,86,6,6
63557,110,105,5,5
63558,59,67,-8,8
63559,90,80,10,10
63560,77,76,1,1
63561,70,73,-3,3
63562,77,70,7,7
63563,79,75,4,4
63564,154,147,7,7
63565,137,140,-3,3
63566,106,100,6,6
63567,116,111,5,5
63568,119,112,7,7
63569,65,60,5,5
63570,139,133,6,6
63571,145,132,13,13
63572,141,139,2,2
63573,119,112,7,7
63574,70,74,-4,4
63575,78,81,-3,3
63576,75,70,5,5
63577,100,94,6,6
63578,163,155,8,8
63579,162,161,1,1
63580,153,146,7,7
63581,94,97,-3,3
63582,74,74,0,0
63583,88,89,-1,1
63584,67,70,-3,3
63585,100,112,-12,12
63586,117,121,-4,4
63587,80,77,3,3
63588,95,83,12,12
63589,77,76,1,1
63590,121,115,6,6
63591,141,135,6,6
63592,83,75,8,8
63593,55,59,-4,4
63594,87,77,10,10
63595,76,79,-3,3
63596,116,108,8,8
63597,162,188,-26,26
63598,114,114,0,0
63599,79,79,0,0
63600,117,123,-6,6
63601,54,59,-5,5
63602,87,91,-4,4
63603,124,127,-3,3
63604,101,99,2,2
63605,53,54,-1,1
63606,133,131,2,2
63607,75,89,-14,14
63608,78,89,-11,11
63609,69,82,-13,13
63610,40,42,-2,2
63611,84,84,0,0
63612,94,94,0,0
63613,75,69,6,6
63614,95,96,-1,1
63615,82,96,-14,14
63616,75,74,1,1
63617,141,118,23,23
63618,98,100,-2,2
63619,101,113,-12,12
63620,49,49,0,0
63621,45,44,1,1
63622,94,94,0,0
63623,132,112,20,20
63624,122,110,12,12
63625,96,96,0,0
63626,89,81,8,8
63627,114,116,-2,2
63628,112,108,4,4
63629,55,65,-10,10
63630,63,64,-1,1
63631,133,115,18,18
63632,71,78,-7,7
63633,81,73,8,8
63634,104,112,-8,8
63635,97,83,14,14
63636,103,110,-7,7
63637,110,97,13,13
63638,91,92,-1,1
63639,60,62,-2,2
63640,58,65,-7,7
63641,91,88,3,3
63642,69,75,-6,6
63643,75,88,-13,13
63644,175,181,-6,6
63645,62,67,-5,5
63646,121,125,-4,4
63647,64,66,-2,2
63648,103,98,5,5
63649,109,69,40,40
63650,111,99,12,12
63651,87,80,7,7
63652,146,138,8,8
63653,68,69,-1,1
63654,69,73,-4,4
63655,79,82,-3,3
63656,111,112,-1,1
63657,72,68,4,4
63658,110,104,6,6
63659,106,108,-2,2
63660,112,100,12,12
63661,85,75,10,10
63662,153,161,-8,8
63663,102,83,19,19
63664,75,77,-2,2
63665,123,115,8,8
63666,80,93,-13,13
63667,81,82,-1,1
63668,76,75,1,1
63669,107,125,-18,18
63670,163,157,6,6
63671,75,83,-8,8
63672,83,82,1,1
63673,72,68,4,4
63674,73,75,-2,2
63675,47,51,-4,4
63676,127,125,2,2
63677,31,41,-10,10
63678,88,82,6,6
63679,131,130,1,1
63680,140,155,-15,15
63681,172,163,9,9
63682,86,82,4,4
63683,137,134,3,3
63684,108,109,-1,1
63685,67,71,-4,4
63686,157,170,-13,13
63687,42,53,-11,11
63688,81,86,-5,5
63689,96,88,8,8
63690,189,180,9,9
63691,97,110,-13,13
63692,82,85,-3,3
63693,105,91,14,14
63694,107,97,10,10
63695,81,83,-2,2
63696,44,42,2,2
63697,93,96,-3,3
63698,63,63,0,0
63699,46,90,-44,44
63700,128,134,-6,6
63701,133,133,0,0
63702,40,43,-3,3
63703,119,113,6,6
63704,100,92,8,8
63705,96,93,3,3
63706,84,86,-2,2
63707,188,182,6,6
63708,66,68,-2,2
63709,145,146,-1,1
63710,50,61,-11,11
63711,74,72,2,2
63712,82,83,-1,1
63713,92,85,7,7
63714,131,129,2,2
63715,69,68,1,1
63716,97,90,7,7
63717,137,135,2,2
63718,98,99,-1,1
63719,67,70,-3,3
63720,107,113,-6,6
63721,49,49,0,0
63722,76,76,0,0
63723,66,65,1,1
63724,170,158,12,12
63725,101,108,-7,7
63726,95,79,16,16
63727,76,69,7,7
63728,82,78,4,4
63729,84,81,3,3
63730,106,113,-7,7
63731,64,79,-15,15
63732,91,89,2,2
63733,86,82,4,4
63734,54,55,-1,1
63735,82,97,-15,15
63736,89,89,0,0
63737,97,96,1,1
63738,161,152,9,9
63739,48,44,4,4
63740,109,109,0,0
63741,159,151,8,8
63742,106,110,-4,4
63743,181,157,24,24
63744,129,138,-9,9
63745,101,110,-9,9
63746,114,109,5,5
63747,126,116,10,10
63748,168,150,18,18
63749,95,99,-4,4
63750,80,84,-4,4
63751,96,94,2,2
63752,35,50,-15,15
63753,73,73,0,0
63754,89,83,6,6
63755,107,97,10,10
63756,88,90,-2,2
63757,92,96,-4,4
63758,91,80,11,11
63759,91,80,11,11
63760,120,136,-16,16
63761,82,79,3,3
63762,80,84,-4,4
63763,55,56,-1,1
63764,76,68,8,8
63765,72,70,2,2
63766,105,99,6,6
63767,113,107,6,6
63768,67,65,2,2
63769,101,109,-8,8
63770,80,90,-10,10
63771,80,85,-5,5
63772,96,89,7,7
63773,71,76,-5,5
63774,148,152,-4,4
63775,72,70,2,2
63776,127,137,-10,10
63777,75,77,-2,2
63778,83,85,-2,2
63779,90,93,-3,3
63780,86,89,-3,3
63781,75,82,-7,7
63782,72,73,-1,1
63783,70,62,8,8
63784,105,103,2,2
63785,41,45,-4,4
63786,68,69,-1,1
63787,86,81,5,5
63788,64,57,7,7
63789,86,92,-6,6
63790,51,63,-12,12
63791,124,116,8,8
63792,88,94,-6,6
63793,93,93,0,0
63794,54,68,-14,14
63795,71,64,7,7
63796,132,136,-4,4
63797,101,98,3,3
63798,172,156,16,16
63799,176,170,6,6
63800,173,178,-5,5
63801,130,126,4,4
63802,79,75,4,4
63803,102,108,-6,6
63804,133,130,3,3
63805,90,71,19,19
63806,102,98,4,4
63807,65,65,0,0
63808,128,122,6,6
63809,159,129,30,30
63810,57,61,-4,4
63811,171,164,7,7
63812,66,71,-5,5
63813,165,160,5,5
63814,51,49,2,2
63815,111,112,-1,1
63816,211,181,30,30
63817,89,83,6,6
63818,74,78,-4,4
63819,86,98,-12,12
63820,129,110,19,19
63821,67,62,5,5
63822,112,114,-2,2
63823,102,87,15,15
63824,76,73,3,3
63825,67,80,-13,13
63826,96,94,2,2
63827,115,117,-2,2
63828,95,106,-11,11
63829,129,126,3,3
63830,78,74,4,4
63831,58,64,-6,6
63832,93,92,1,1
63833,53,48,5,5
63834,62,64,-2,2
63835,89,86,3,3
63836,110,112,-2,2
63837,109,121,-12,12
63838,34,66,-32,32
63839,94,82,12,12
63840,54,55,-1,1
63841,111,113,-2,2
63842,128,131,-3,3
63843,141,137,4,4
63844,92,82,10,10
63845,102,85,17,17
63846,94,99,-5,5
63847,130,124,6,6
63848,93,96,-3,3
63849,86,74,12,12
63850,102,107,-5,5
63851,137,121,16,16
63852,55,44,11,11
63853,118,115,3,3
63854,121,116,5,5
63855,155,144,11,11
63856,71,77,-6,6
63857,140,141,-1,1
63858,64,74,-10,10
63859,110,122,-12,12
63860,119,123,-4,4
63861,55,60,-5,5
63862,80,85,-5,5
63863,142,131,11,11
63864,44,54,-10,10
63865,111,114,-3,3
63866,113,110,3,3
63867,146,132,14,14
63868,169,170,-1,1
63869,129,121,8,8
63870,76,81,-5,5
63871,67,63,4,4
63872,75,76,-1,1
63873,68,68,0,0
63874,74,80,-6,6
63875,80,78,2,2
63876,33,37,-4,4
63877,91,87,4,4
63878,75,71,4,4
63879,94,92,2,2
63880,142,127,15,15
63881,50,103,-53,53
63882,193,195,-2,2
63883,81,85,-4,4
63884,111,109,2,2
63885,130,129,1,1
63886,51,49,2,2
63887,73,71,2,2
63888,136,142,-6,6
63889,94,95,-1,1
63890,111,98,13,13
63891,119,117,2,2
63892,101,100,1,1
63893,79,72,7,7
63894,92,93,-1,1
63895,84,76,8,8
63896,48,58,-10,10
63897,105,110,-5,5
63898,87,75,12,12
63899,91,97,-6,6
63900,78,83,-5,5
63901,136,153,-17,17
63902,123,124,-1,1
63903,130,129,1,1
63904,126,117,9,9
63905,84,92,-8,8
63906,122,127,-5,5
63907,124,124,0,0
63908,117,113,4,4
63909,49,47,2,2
63910,63,61,2,2
63911,64,64,0,0
63912,57,62,-5,5
63913,37,45,-8,8
63914,38,46,-8,8
63915,56,57,-1,1
63916,137,131,6,6
63917,109,114,-5,5
63918,158,153,5,5
63919,112,121,-9,9
63920,96,108,-12,12
63921,99,107,-8,8
63922,68,69,-1,1
63923,94,95,-1,1
63924,118,123,-5,5
63925,80,84,-4,4
63926,78,90,-12,12
63927,94,89,5,5
63928,172,172,0,0
63929,39,45,-6,6
63930,62,68,-6,6
63931,152,135,17,17
63932,120,114,6,6
63933,90,83,7,7
63934,105,95,10,10
63935,80,78,2,2
63936,58,63,-5,5
63937,51,59,-8,8
63938,90,89,1,1
63939,107,100,7,7
63940,71,74,-3,3
63941,61,69,-8,8
63942,111,132,-21,21
63943,88,94,-6,6
63944,56,61,-5,5
63945,93,89,4,4
63946,106,102,4,4
63947,96,94,2,2
63948,81,87,-6,6
63949,63,58,5,5
63950,112,117,-5,5
63951,120,110,10,10
63952,59,55,4,4
63953,103,89,14,14
63954,50,56,-6,6
63955,115,95,20,20
63956,54,63,-9,9
63957,71,72,-1,1
63958,59,58,1,1
63959,115,110,5,5
63960,47,55,-8,8
63961,100,96,4,4
63962,77,78,-1,1
63963,195,176,19,19
63964,118,116,2,2
63965,90,91,-1,1
63966,101,101,0,0
63967,141,134,7,7
63968,153,144,9,9
63969,72,76,-4,4
63970,76,82,-6,6
63971,141,122,19,19
63972,168,157,11,11
63973,189,166,23,23
63974,52,56,-4,4
63975,90,88,2,2
63976,81,83,-2,2
63977,54,60,-6,6
63978,128,120,8,8
63979,86,91,-5,5
63980,65,70,-5,5
63981,53,53,0,0
63982,57,55,2,2
63983,90,61,29,29
63984,73,76,-3,3
63985,75,85,-10,10
63986,85,79,6,6
63987,143,143,0,0
63988,44,56,-12,12
63989,81,72,9,9
63990,76,84,-8,8
63991,126,125,1,1
63992,46,55,-9,9
63993,139,127,12,12
63994,154,150,4,4
63995,161,165,-4,4
63996,59,55,4,4
63997,78,83,-5,5
63998,85,83,2,2
63999,48,57,-9,9
64000,71,69,2,2
64001,79,82,-3,3
64002,65,63,2,2
64003,78,79,-1,1
64004,117,118,-1,1
64005,51,52,-1,1
64006,153,88,65,65
64007,118,124,-6,6
64008,66,64,2,2
64009,75,79,-4,4
64010,102,110,-8,8
64011,85,87,-2,2
64012,64,68,-4,4
64013,95,101,-6,6
64014,160,146,14,14
64015,94,89,5,5
64016,68,79,-11,11
64017,180,178,2,2
64018,52,77,-25,25
64019,106,105,1,1
64020,85,83,2,2
64021,115,129,-14,14
64022,57,50,7,7
64023,104,105,-1,1
64024,53,57,-4,4
64025,79,73,6,6
64026,68,80,-12,12
64027,86,75,11,11
64028,121,115,6,6
64029,54,53,1,1
64030,74,74,0,0
64031,122,142,-20,20
64032,67,70,-3,3
64033,128,129,-1,1
64034,56,58,-2,2
64035,146,144,2,2
64036,111,118,-7,7
64037,86,92,-6,6
64038,96,89,7,7
64039,144,153,-9,9
64040,73,72,1,1
64041,50,56,-6,6
64042,179,175,4,4
64043,83,87,-4,4
64044,62,63,-1,1
64045,103,105,-2,2
64046,101,100,1,1
64047,59,65,-6,6
64048,74,67,7,7
64049,72,68,4,4
64050,75,85,-10,10
64051,109,113,-4,4
64052,102,88,14,14
64053,143,134,9,9
64054,83,97,-14,14
64055,156,160,-4,4
64056,124,113,11,11
64057,80,79,1,1
64058,161,147,14,14
64059,54,62,-8,8
64060,75,79,-4,4
64061,155,134,21,21
64062,117,102,15,15
64063,130,130,0,0
64064,225,196,29,29
64065,94,93,1,1
64066,63,57,6,6
64067,72,70,2,2
64068,179,172,7,7
64069,141,142,-1,1
64070,82,75,7,7
64071,62,52,10,10
64072,122,123,-1,1
64073,79,73,6,6
64074,93,80,13,13
64075,137,161,-24,24
64076,110,115,-5,5
64077,137,136,1,1
64078,84,74,10,10
64079,64,64,0,0
64080,64,58,6,6
64081,56,61,-5,5
64082,70,73,-3,3
64083,76,75,1,1
64084,118,113,5,5
64085,88,83,5,5
64086,81,78,3,3
64087,129,125,4,4
64088,64,70,-6,6
64089,97,91,6,6
64090,123,129,-6,6
64091,86,76,10,10
64092,97,95,2,2
64093,115,120,-5,5
64094,96,109,-13,13
64095,77,79,-2,2
64096,168,186,-18,18
64097,51,58,-7,7
64098,90,79,11,11
64099,56,65,-9,9
64100,71,79,-8,8
64101,107,112,-5,5
64102,94,85,9,9
64103,46,57,-11,11
64104,118,111,7,7
64105,129,118,11,11
64106,106,110,-4,4
64107,81,84,-3,3
64108,82,77,5,5
64109,56,56,0,0
64110,79,75,4,4
64111,71,73,-2,2
64112,148,156,-8,8
64113,205,188,17,17
64114,142,127,15,15
64115,85,77,8,8
64116,47,53,-6,6
64117,91,88,3,3
64118,108,104,4,4
64119,73,70,3,3
64120,102,108,-6,6
64121,129,137,-8,8
64122,130,160,-30,30
64123,103,93,10,10
64124,70,93,-23,23
64125,90,85,5,5
64126,118,133,-15,15
64127,85,74,11,11
64128,63,71,-8,8
64129,62,60,2,2
64130,93,91,2,2
64131,66,80,-14,14
64132,57,57,0,0
64133,43,52,-9,9
64134,104,97,7,7
64135,131,127,4,4
64136,88,82,6,6
64137,79,82,-3,3
64138,83,69,14,14
64139,77,73,4,4
64140,82,82,0,0
64141,109,109,0,0
64142,118,113,5,5
64143,134,138,-4,4
64144,124,132,-8,8
64145,105,113,-8,8
64146,102,96,6,6
64147,109,109,0,0
64148,100,97,3,3
64149,84,87,-3,3
64150,88,88,0,0
64151,86,86,0,0
64152,92,82,10,10
64153,125,117,8,8
64154,70,67,3,3
64155,167,141,26,26
64156,151,158,-7,7
64157,80,74,6,6
64158,125,103,22,22
64159,140,152,-12,12
64160,101,107,-6,6
64161,68,64,4,4
64162,48,55,-7,7
64163,105,107,-2,2
64164,72,68,4,4
64165,73,71,2,2
64166,139,139,0,0
64167,88,90,-2,2
64168,65,97,-32,32
64169,100,97,3,3
64170,150,151,-1,1
64171,116,117,-1,1
64172,64,67,-3,3
64173,115,103,12,12
64174,58,60,-2,2
64175,132,142,-10,10
64176,91,82,9,9
64177,75,68,7,7
64178,98,107,-9,9
64179,109,108,1,1
64180,115,103,12,12
64181,86,93,-7,7
64182,100,88,12,12
64183,77,75,2,2
64184,156,160,-4,4
64185,63,58,5,5
64186,81,82,-1,1
64187,95,89,6,6
64188,70,70,0,0
64189,100,100,0,0
64190,92,90,2,2
64191,150,157,-7,7
64192,99,111,-12,12
64193,133,125,8,8
64194,46,53,-7,7
64195,99,91,8,8
64196,128,120,8,8
64197,77,79,-2,2
64198,77,77,0,0
64199,62,68,-6,6
64200,175,152,23,23
64201,183,182,1,1
64202,80,84,-4,4
64203,124,124,0,0
64204,116,114,2,2
64205,140,141,-1,1
64206,74,68,6,6
64207,104,121,-17,17
64208,43,53,-10,10
64209,191,178,13,13
64210,245,241,4,4
64211,94,90,4,4
64212,110,101,9,9
64213,86,86,0,0
64214,49,57,-8,8
64215,116,118,-2,2
64216,58,58,0,0
64217,51,57,-6,6
64218,96,95,1,1
64219,73,78,-5,5
64220,100,100,0,0
64221,83,135,-52,52
64222,130,127,3,3
64223,64,71,-7,7
64224,77,82,-5,5
64225,126,130,-4,4
64226,52,55,-3,3
64227,84,79,5,5
64228,69,78,-9,9
64229,107,124,-17,17
64230,104,90,14,14
64231,55,57,-2,2
64232,87,95,-8,8
64233,88,93,-5,5
64234,147,152,-5,5
64235,122,115,7,7
64236,120,112,8,8
64237,166,160,6,6
64238,80,89,-9,9
64239,122,122,0,0
64240,43,43,0,0
64241,121,110,11,11
64242,70,76,-6,6
64243,101,101,0,0
64244,57,63,-6,6
64245,100,92,8,8
64246,52,59,-7,7
64247,69,67,2,2
64248,52,47,5,5
64249,60,64,-4,4
64250,74,69,5,5
64251,92,95,-3,3
64252,47,56,-9,9
64253,91,92,-1,1
64254,72,77,-5,5
64255,45,43,2,2
64256,70,77,-7,7
64257,119,119,0,0
64258,113,116,-3,3
64259,51,53,-2,2
64260,56,61,-5,5
64261,95,91,4,4
64262,82,94,-12,12
64263,79,77,2,2
64264,70,74,-4,4
64265,78,77,1,1
64266,94,93,1,1
64267,68,67,1,1
64268,87,93,-6,6
64269,164,181,-17,17
64270,101,94,7,7
64271,145,146,-1,1
64272,50,48,2,2
64273,65,84,-19,19
64274,108,97,11,11
64275,77,74,3,3
64276,153,143,10,10
64277,113,109,4,4
64278,181,155,26,26
64279,52,52,0,0
64280,96,100,-4,4
64281,139,132,7,7
64282,91,90,1,1
64283,73,75,-2,2
64284,77,78,-1,1
64285,71,71,0,0
64286,51,54,-3,3
64287,90,90,0,0
64288,68,65,3,3
64289,73,73,0,0
64290,94,107,-13,13
64291,69,68,1,1
64292,90,90,0,0
64293,154,157,-3,3
64294,163,145,18,18
64295,74,77,-3,3
64296,55,60,-5,5
64297,73,78,-5,5
64298,33,33,0,0
64299,154,147,7,7
64300,70,54,16,16
64301,72,74,-2,2
64302,96,107,-11,11
64303,117,112,5,5
64304,127,123,4,4
64305,84,90,-6,6
64306,99,109,-10,10
64307,72,78,-6,6
64308,144,135,9,9
64309,74,78,-4,4
64310,75,76,-1,1
64311,89,84,5,5
64312,122,116,6,6
64313,165,160,5,5
64314,45,47,-2,2
64315,82,90,-8,8
64316,84,81,3,3
64317,166,163,3,3
64318,140,129,11,11
64319,96,108,-12,12
64320,73,72,1,1
64321,200,185,15,15
64322,113,112,1,1
64323,137,130,7,7
64324,87,90,-3,3
64325,127,127,0,0
64326,74,64,10,10
64327,89,81,8,8
64328,128,136,-8,8
64329,73,77,-4,4
64330,53,51,2,2
64331,26,43,-17,17
64332,104,108,-4,4
64333,91,82,9,9
64334,157,151,6,6
64335,93,86,7,7
64336,125,130,-5,5
64337,66,61,5,5
64338,125,119,6,6
64339,144,121,23,23
64340,106,99,7,7
64341,129,120,9,9
64342,86,95,-9,9
64343,188,176,12,12
64344,142,134,8,8
64345,54,57,-3,3
64346,185,159,26,26
64347,152,146,6,6
64348,55,55,0,0
64349,74,80,-6,6
64350,132,138,-6,6
64351,80,79,1,1
64352,77,75,2,2
64353,67,73,-6,6
64354,71,68,3,3
64355,129,124,5,5
64356,116,105,11,11
64357,97,92,5,5
64358,39,47,-8,8
64359,44,53,-9,9
64360,73,75,-2,2
64361,78,77,1,1
64362,68,64,4,4
64363,57,55,2,2
64364,97,64,33,33
64365,77,77,0,0
64366,159,159,0,0
64367,144,130,14,14
64368,58,61,-3,3
64369,74,84,-10,10
64370,47,51,-4,4
64371,86,87,-1,1
64372,95,83,12,12
64373,74,71,3,3
64374,84,96,-12,12
64375,175,167,8,8
64376,47,46,1,1
64377,110,108,2,2
64378,181,174,7,7
64379,117,118,-1,1
64380,77,70,7,7
64381,88,79,9,9
64382,84,90,-6,6
64383,56,52,4,4
64384,49,50,-1,1
64385,75,79,-4,4
64386,58,54,4,4
64387,110,114,-4,4
64388,80,83,-3,3
64389,120,127,-7,7
64390,79,97,-18,18
64391,107,113,-6,6
64392,79,78,1,1
64393,69,65,4,4
64394,36,54,-18,18
64395,106,108,-2,2
64396,64,61,3,3
64397,91,95,-4,4
64398,70,74,-4,4
64399,69,67,2,2
64400,75,75,0,0
64401,54,54,0,0
64402,69,77,-8,8
64403,105,118,-13,13
64404,67,72,-5,5
64405,28,38,-10,10
64406,57,59,-2,2
64407,46,39,7,7
64408,52,58,-6,6
64409,122,123,-1,1
64410,101,94,7,7
64411,129,121,8,8
64412,143,153,-10,10
64413,193,179,14,14
64414,55,58,-3,3
64415,92,91,1,1
64416,107,87,20,20
64417,137,122,15,15
64418,100,100,0,0
64419,61,66,-5,5
64420,113,98,15,15
64421,112,111,1,1
64422,78,69,9,9
64423,82,89,-7,7
64424,58,66,-8,8
64425,65,58,7,7
64426,52,60,-8,8
64427,106,108,-2,2
64428,47,54,-7,7
64429,72,79,-7,7
64430,75,78,-3,3
64431,135,143,-8,8
64432,87,88,-1,1
64433,175,169,6,6
64434,99,104,-5,5
64435,50,53,-3,3
64436,90,84,6,6
64437,83,91,-8,8
64438,68,72,-4,4
64439,85,85,0,0
64440,73,80,-7,7
64441,58,67,-9,9
64442,78,75,3,3
64443,89,98,-9,9
64444,49,56,-7,7
64445,73,65,8,8
64446,108,84,24,24
64447,60,66,-6,6
64448,142,128,14,14
64449,217,196,21,21
64450,57,52,5,5
64451,61,60,1,1
64452,82,75,7,7
64453,73,74,-1,1
64454,108,110,-2,2
64455,139,149,-10,10
64456,80,78,2,2
64457,218,209,9,9
64458,119,121,-2,2
64459,105,107,-2,2
64460,57,61,-4,4
64461,106,117,-11,11
64462,74,84,-10,10
64463,77,82,-5,5
64464,143,137,6,6
64465,103,101,2,2
64466,120,115,5,5
64467,124,112,12,12
64468,112,109,3,3
64469,105,95,10,10
64470,144,143,1,1
64471,97,90,7,7
64472,65,63,2,2
64473,74,75,-1,1
64474,55,58,-3,3
64475,80,82,-2,2
64476,115,115,0,0
64477,145,148,-3,3
64478,103,115,-12,12
64479,132,121,11,11
64480,46,40,6,6
64481,59,58,1,1
64482,83,79,4,4
64483,150,141,9,9
64484,182,173,9,9
64485,44,49,-5,5
64486,64,77,-13,13
64487,53,54,-1,1
64488,78,84,-6,6
64489,112,123,-11,11
64490,109,107,2,2
64491,95,108,-13,13
64492,62,88,-26,26
64493,57,62,-5,5
64494,130,130,0,0
64495,101,97,4,4
64496,135,138,-3,3
64497,100,118,-18,18
64498,107,118,-11,11
64499,97,107,-10,10
64500,79,77,2,2
64501,80,83,-3,3
64502,94,70,24,24
64503,122,121,1,1
64504,57,61,-4,4
64505,58,62,-4,4
64506,76,74,2,2
64507,144,129,15,15
64508,51,49,2,2
64509,54,58,-4,4
64510,85,88,-3,3
64511,61,65,-4,4
64512,148,124,24,24
64513,33,37,-4,4
64514,99,94,5,5
64515,117,113,4,4
64516,82,79,3,3
64517,54,78,-24,24
64518,144,137,7,7
64519,141,133,8,8
64520,80,88,-8,8
64521,203,184,19,19
64522,93,92,1,1
64523,65,65,0,0
64524,61,57,4,4
64525,139,133,6,6
64526,84,87,-3,3
64527,72,78,-6,6
64528,68,71,-3,3
64529,56,67,-11,11
64530,101,99,2,2
64531,63,74,-11,11
64532,94,98,-4,4
64533,120,119,1,1
64534,113,116,-3,3
64535,32,38,-6,6
64536,94,109,-15,15
64537,116,118,-2,2
64538,101,96,5,5
64539,57,63,-6,6
64540,144,139,5,5
64541,76,77,-1,1
64542,94,91,3,3
64543,80,83,-3,3
64544,100,95,5,5
64545,150,136,14,14
64546,85,88,-3,3
64547,77,73,4,4
64548,75,71,4,4
64549,170,157,13,13
64550,138,142,-4,4
64551,74,70,4,4
64552,83,83,0,0
64553,193,188,5,5
64554,95,84,11,11
64555,132,130,2,2
64556,69,67,2,2
64557,120,134,-14,14
64558,102,96,6,6
64559,87,81,6,6
64560,133,115,18,18
64561,106,103,3,3
64562,90,94,-4,4
64563,61,65,-4,4
64564,87,87,0,0
64565,130,125,5,5
64566,77,80,-3,3
64567,80,99,-19,19
64568,95,77,18,18
64569,64,65,-1,1
64570,57,64,-7,7
64571,70,70,0,0
64572,111,109,2,2
64573,54,56,-2,2
64574,142,165,-23,23
64575,52,57,-5,5
64576,47,54,-7,7
64577,133,138,-5,5
64578,140,148,-8,8
64579,60,66,-6,6
64580,186,161,25,25
64581,77,76,1,1
64582,101,94,7,7
64583,59,59,0,0
64584,121,128,-7,7
64585,104,115,-11,11
64586,155,132,23,23
64587,83,80,3,3
64588,77,74,3,3
64589,123,110,13,13
64590,59,58,1,1
64591,105,89,16,16
64592,75,84,-9,9
64593,116,109,7,7
64594,72,73,-1,1
64595,149,155,-6,6
64596,119,115,4,4
64597,63,73,-10,10
64598,87,81,6,6
64599,137,133,4,4
64600,82,73,9,9
64601,125,121,4,4
64602,36,39,-3,3
64603,67,68,-1,1
64604,116,118,-2,2
64605,155,143,12,12
64606,103,92,11,11
64607,104,98,6,6
64608,143,139,4,4
64609,123,121,2,2
64610,121,113,8,8
64611,87,80,7,7
64612,72,77,-5,5
64613,49,67,-18,18
64614,69,80,-11,11
64615,72,86,-14,14
64616,116,93,23,23
64617,138,146,-8,8
64618,97,101,-4,4
64619,63,62,1,1
64620,109,105,4,4
64621,80,83,-3,3
64622,96,92,4,4
64623,98,86,12,12
64624,101,108,-7,7
64625,143,132,11,11
64626,90,90,0,0
64627,85,85,0,0
64628,120,121,-1,1
64629,65,58,7,7
64630,161,145,16,16
64631,124,112,12,12
64632,103,102,1,1
64633,99,96,3,3
64634,121,128,-7,7
64635,122,120,2,2
64636,104,113,-9,9
64637,160,168,-8,8
64638,109,89,20,20
64639,63,69,-6,6
64640,112,113,-1,1
64641,88,84,4,4
64642,88,86,2,2
64643,101,114,-13,13
64644,50,52,-2,2
64645,170,176,-6,6
64646,64,73,-9,9
64647,102,114,-12,12
64648,93,87,6,6
64649,132,127,5,5
64650,75,83,-8,8
64651,84,77,7,7
64652,60,62,-2,2
64653,103,117,-14,14
64654,58,57,1,1
64655,153,138,15,15
64656,135,125,10,10
64657,62,77,-15,15
64658,162,147,15,15
64659,74,79,-5,5
64660,90,81,9,9
64661,127,129,-2,2
64662,97,101,-4,4
64663,102,99,3,3
64664,117,116,1,1
64665,38,44,-6,6
64666,114,110,4,4
64667,45,38,7,7
64668,100,99,1,1
64669,61,58,3,3
64670,101,91,10,10
64671,120,119,1,1
64672,152,144,8,8
64673,84,88,-4,4
64674,100,90,10,10
64675,108,100,8,8
64676,124,136,-12,12
64677,148,154,-6,6
64678,46,50,-4,4
64679,119,120,-1,1
64680,118,110,8,8
64681,52,55,-3,3
64682,104,113,-9,9
64683,82,101,-19,19
64684,100,89,11,11
64685,118,112,6,6
64686,70,73,-3,3
64687,104,85,19,19
64688,141,137,4,4
64689,97,96,1,1
64690,24,33,-9,9
64691,192,170,22,22
64692,71,67,4,4
64693,78,87,-9,9
64694,46,52,-6,6
64695,79,82,-3,3
64696,153,140,13,13
64697,88,99,-11,11
64698,64,71,-7,7
64699,81,72,9,9
64700,81,79,2,2
64701,105,99,6,6
64702,88,92,-4,4
64703,120,126,-6,6
64704,68,68,0,0
64705,84,83,1,1
64706,121,116,5,5
64707,80,74,6,6
64708,138,139,-1,1
64709,90,84,6,6
64710,87,92,-5,5
64711,92,92,0,0
64712,111,120,-9,9
64713,77,74,3,3
64714,74,75,-1,1
64715,170,142,28,28
64716,77,77,0,0
64717,117,120,-3,3
64718,151,135,16,16
64719,84,90,-6,6
64720,108,117,-9,9
64721,69,73,-4,4
64722,121,126,-5,5
64723,94,101,-7,7
64724,41,42,-1,1
64725,140,132,8,8
64726,76,68,8,8
64727,85,79,6,6
64728,104,111,-7,7
64729,48,56,-8,8
64730,128,135,-7,7
64731,68,68,0,0
64732,70,68,2,2
64733,93,82,11,11
64734,69,79,-10,10
64735,56,52,4,4
64736,96,96,0,0
64737,50,52,-2,2
64738,64,70,-6,6
64739,69,77,-8,8
64740,89,87,2,2
64741,75,83,-8,8
64742,77,81,-4,4
64743,68,65,3,3
64744,59,86,-27,27
64745,140,122,18,18
64746,79,72,7,7
64747,46,43,3,3
64748,54,49,5,5
64749,89,93,-4,4
64750,99,101,-2,2
64751,68,69,-1,1
64752,86,94,-8,8
64753,106,94,12,12
64754,82,78,4,4
64755,97,125,-28,28
64756,29,44,-15,15
64757,99,97,2,2
64758,119,122,-3,3
64759,102,108,-6,6
64760,104,109,-5,5
64761,148,124,24,24
64762,146,139,7,7
64763,107,98,9,9
64764,49,52,-3,3
64765,45,45,0,0
64766,133,131,2,2
64767,102,107,-5,5
64768,110,115,-5,5
64769,100,99,1,1
64770,112,109,3,3
64771,59,70,-11,11
64772,73,68,5,5
64773,115,128,-13,13
64774,88,84,4,4
64775,77,87,-10,10
64776,133,131,2,2
64777,86,87,-1,1
64778,74,67,7,7
64779,125,123,2,2
64780,97,98,-1,1
64781,71,64,7,7
64782,42,45,-3,3
64783,140,137,3,3
64784,70,70,0,0
64785,76,83,-7,7
64786,59,57,2,2
64787,87,95,-8,8
64788,134,121,13,13
64789,173,163,10,10
64790,47,50,-3,3
64791,112,102,10,10
64792,94,101,-7,7
64793,81,75,6,6
64794,152,150,2,2
64795,56,60,-4,4
64796,72,71,1,1
64797,82,81,1,1
64798,68,68,0,0
64799,87,88,-1,1
64800,116,133,-17,17
64801,49,45,4,4
64802,124,122,2,2
64803,146,149,-3,3
64804,151,145,6,6
64805,67,91,-24,24
64806,57,93,-36,36
64807,147,149,-2,2
64808,104,110,-6,6
64809,124,129,-5,5
64810,46,51,-5,5
64811,118,119,-1,1
64812,110,113,-3,3
64813,82,80,2,2
64814,97,90,7,7
64815,104,96,8,8
64816,46,45,1,1
64817,76,84,-8,8
64818,66,68,-2,2
64819,51,52,-1,1
64820,63,58,5,5
64821,81,78,3,3
64822,110,113,-3,3
64823,160,158,2,2
64824,65,66,-1,1
64825,43,47,-4,4
64826,67,118,-51,51
64827,104,98,6,6
64828,83,91,-8,8
64829,57,70,-13,13
64830,139,136,3,3
64831,78,78,0,0
64832,68,56,12,12
64833,91,85,6,6
64834,117,117,0,0
64835,117,110,7,7
64836,110,116,-6,6
64837,67,66,1,1
64838,89,89,0,0
64839,96,105,-9,9
64840,92,101,-9,9
64841,87,85,2,2
64842,92,83,9,9
64843,59,67,-8,8
64844,66,65,1,1
64845,160,162,-2,2
64846,188,165,23,23
64847,96,97,-1,1
64848,75,83,-8,8
64849,140,138,2,2
64850,95,91,4,4
64851,83,85,-2,2
64852,103,108,-5,5
64853,81,83,-2,2
64854,87,87,0,0
64855,90,91,-1,1
64856,66,66,0,0
64857,100,94,6,6
64858,75,74,1,1
64859,50,49,1,1
64860,68,71,-3,3
64861,82,78,4,4
64862,72,68,4,4
64863,56,60,-4,4
64864,113,113,0,0
64865,41,49,-8,8
64866,56,62,-6,6
64867,92,87,5,5
64868,68,70,-2,2
64869,63,63,0,0
64870,111,117,-6,6
64871,74,76,-2,2
64872,91,92,-1,1
64873,84,139,-55,55
64874,107,116,-9,9
64875,95,93,2,2
64876,80,75,5,5
64877,125,128,-3,3
64878,57,58,-1,1
64879,115,123,-8,8
64880,117,112,5,5
64881,71,74,-3,3
64882,72,69,3,3
64883,199,183,16,16
64884,100,109,-9,9
64885,75,68,7,7
64886,78,76,2,2
64887,82,77,5,5
64888,85,86,-1,1
64889,53,58,-5,5
64890,89,87,2,2
64891,111,100,11,11
64892,58,57,1,1
64893,74,67,7,7
64894,106,117,-11,11
64895,139,137,2,2
64896,94,90,4,4
64897,66,65,1,1
64898,140,123,17,17
64899,100,99,1,1
64900,60,62,-2,2
64901,118,109,9,9
64902,108,94,14,14
64903,131,120,11,11
64904,141,155,-14,14
64905,107,112,-5,5
64906,65,76,-11,11
64907,104,107,-3,3
64908,121,120,1,1
64909,93,102,-9,9
64910,85,89,-4,4
64911,77,80,-3,3
64912,113,110,3,3
64913,44,47,-3,3
64914,110,126,-16,16
64915,75,69,6,6
64916,65,73,-8,8
64917,59,58,1,1
64918,102,91,11,11
64919,93,112,-19,19
64920,85,82,3,3
64921,57,55,2,2
64922,129,125,4,4
64923,45,52,-7,7
64924,60,79,-19,19
64925,89,97,-8,8
64926,93,92,1,1
64927,104,101,3,3
64928,55,56,-1,1
64929,83,90,-7,7
64930,137,130,7,7
64931,109,97,12,12
64932,69,71,-2,2
64933,110,123,-13,13
64934,119,101,18,18
64935,97,90,7,7
64936,81,82,-1,1
64937,104,100,4,4
64938,71,79,-8,8
64939,50,58,-8,8
64940,136,129,7,7
64941,70,63,7,7
64942,63,68,-5,5
64943,90,93,-3,3
64944,102,98,4,4
64945,50,53,-3,3
64946,138,125,13,13
64947,103,130,-27,27
64948,127,124,3,3
64949,129,133,-4,4
64950,144,143,1,1
64951,52,58,-6,6
64952,72,77,-5,5
64953,94,99,-5,5
64954,77,71,6,6
64955,62,65,-3,3
64956,91,92,-1,1
64957,58,59,-1,1
64958,78,78,0,0
64959,63,65,-2,2
64960,111,102,9,9
64961,87,86,1,1
64962,85,81,4,4
64963,224,197,27,27
64964,99,94,5,5
64965,84,79,5,5
64966,101,100,1,1
64967,156,135,21,21
64968,50,54,-4,4
64969,82,80,2,2
64970,190,195,-5,5
64971,127,131,-4,4
64972,61,58,3,3
64973,100,105,-5,5
64974,81,86,-5,5
64975,141,128,13,13
64976,80,75,5,5
64977,67,69,-2,2
64978,90,91,-1,1
64979,81,77,4,4
64980,55,52,3,3
64981,85,88,-3,3
64982,36,46,-10,10
64983,87,73,14,14
64984,73,84,-11,11
64985,90,86,4,4
64986,69,63,6,6
64987,88,86,2,2
64988,64,66,-2,2
64989,56,58,-2,2
64990,130,119,11,11
64991,59,57,2,2
64992,140,148,-8,8
64993,129,118,11,11
64994,122,120,2,2
64995,69,66,3,3
64996,65,75,-10,10
64997,103,100,3,3
64998,36,35,1,1
64999,193,191,2,2
65000,123,120,3,3
65001,77,78,-1,1
65002,75,71,4,4
65003,85,95,-10,10
65004,124,125,-1,1
65005,148,151,-3,3
65006,92,97,-5,5
65007,70,67,3,3
65008,129,123,6,6
65009,51,51,0,0
65010,98,86,12,12
65011,130,122,8,8
65012,134,131,3,3
65013,89,85,4,4
65014,83,93,-10,10
65015,89,89,0,0
65016,101,95,6,6
65017,110,98,12,12
65018,68,69,-1,1
65019,68,65,3,3
65020,72,75,-3,3
65021,77,82,-5,5
65022,147,135,12,12
65023,117,115,2,2
65024,79,96,-17,17
65025,103,109,-6,6
65026,65,70,-5,5
65027,102,100,2,2
65028,66,69,-3,3
65029,101,93,8,8
65030,77,79,-2,2
65031,58,64,-6,6
65032,75,79,-4,4
65033,50,59,-9,9
65034,116,116,0,0
65035,78,75,3,3
65036,111,99,12,12
65037,35,42,-7,7
65038,94,88,6,6
65039,136,126,10,10
65040,71,68,3,3
65041,94,110,-16,16
65042,81,74,7,7
65043,54,53,1,1
65044,94,87,7,7
65045,94,97,-3,3
65046,143,141,2,2
65047,82,83,-1,1
65048,156,143,13,13
65049,81,84,-3,3
65050,169,168,1,1
65051,104,100,4,4
65052,107,111,-4,4
65053,69,80,-11,11
65054,123,109,14,14
65055,51,57,-6,6
65056,88,95,-7,7
65057,41,46,-5,5
65058,56,65,-9,9
65059,138,140,-2,2
65060,102,93,9,9
65061,97,90,7,7
65062,124,130,-6,6
65063,124,118,6,6
65064,119,133,-14,14
65065,55,57,-2,2
65066,116,114,2,2
65067,60,57,3,3
65068,134,125,9,9
65069,63,90,-27,27
65070,73,71,2,2
65071,145,140,5,5
65072,111,111,0,0
65073,110,119,-9,9
65074,194,176,18,18
65075,92,97,-5,5
65076,97,89,8,8
65077,116,119,-3,3
65078,61,59,2,2
65079,150,146,4,4
65080,45,50,-5,5
65081,99,89,10,10
65082,79,77,2,2
65083,118,124,-6,6
65084,74,66,8,8
65085,108,109,-1,1
65086,85,79,6,6
65087,89,78,11,11
65088,107,111,-4,4
65089,165,172,-7,7
65090,84,79,5,5
65091,132,124,8,8
65092,90,85,5,5
65093,144,119,25,25
65094,87,91,-4,4
65095,103,88,15,15
65096,98,108,-10,10
65097,88,86,2,2
65098,125,122,3,3
65099,112,103,9,9
65100,51,64,-13,13
65101,105,111,-6,6
65102,149,126,23,23
65103,109,109,0,0
65104,74,75,-1,1
65105,83,81,2,2
65106,85,88,-3,3
65107,75,67,8,8
65108,78,85,-7,7
65109,67,68,-1,1
65110,48,51,-3,3
65111,109,82,27,27
65112,92,85,7,7
65113,90,95,-5,5
65114,90,88,2,2
65115,98,94,4,4
65116,76,75,1,1
65117,83,86,-3,3
65118,148,154,-6,6
65119,99,106,-7,7
65120,68,69,-1,1
65121,79,72,7,7
65122,98,101,-3,3
65123,194,188,6,6
65124,90,82,8,8
65125,70,66,4,4
65126,88,88,0,0
65127,66,69,-3,3
65128,81,67,14,14
65129,122,121,1,1
65130,96,95,1,1
65131,69,73,-4,4
65132,113,98,15,15
65133,61,68,-7,7
65134,101,85,16,16
65135,178,173,5,5
65136,111,109,2,2
65137,81,77,4,4
65138,147,164,-17,17
65139,121,113,8,8
65140,78,71,7,7
65141,86,81,5,5
65142,54,56,-2,2
65143,46,47,-1,1
65144,62,68,-6,6
65145,94,93,1,1
65146,101,103,-2,2
65147,60,68,-8,8
65148,72,67,5,5
65149,75,86,-11,11
65150,148,141,7,7
65151,123,118,5,5
65152,81,90,-9,9
65153,126,128,-2,2
65154,163,152,11,11
65155,105,102,3,3
65156,85,83,2,2
65157,102,97,5,5
65158,89,87,2,2
65159,123,129,-6,6
65160,62,57,5,5
65161,78,86,-8,8
65162,98,93,5,5
65163,68,67,1,1
65164,99,108,-9,9
65165,112,108,4,4
65166,89,83,6,6
65167,89,94,-5,5
65168,83,78,5,5
65169,119,120,-1,1
65170,92,100,-8,8
65171,77,80,-3,3
65172,74,70,4,4
65173,115,134,-19,19
65174,107,103,4,4
65175,98,87,11,11
65176,136,127,9,9
65177,42,48,-6,6
65178,119,123,-4,4
65179,119,117,2,2
65180,109,104,5,5
65181,113,113,0,0
65182,164,158,6,6
65183,86,84,2,2
65184,97,99,-2,2
65185,112,119,-7,7
65186,124,123,1,1
65187,84,99,-15,15
65188,77,81,-4,4
65189,87,90,-3,3
65190,52,55,-3,3
65191,112,110,2,2
65192,78,74,4,4
65193,93,90,3,3
65194,115,130,-15,15
65195,76,70,6,6
65196,209,191,18,18
65197,41,52,-11,11
65198,115,105,10,10
65199,155,137,18,18
65200,53,53,0,0
65201,72,71,1,1
65202,110,86,24,24
65203,91,97,-6,6
65204,99,96,3,3
65205,88,94,-6,6
65206,100,98,2,2
65207,73,83,-10,10
65208,70,70,0,0
65209,126,118,8,8
65210,102,101,1,1
65211,97,92,5,5
65212,60,65,-5,5
65213,44,49,-5,5
65214,62,70,-8,8
65215,52,58,-6,6
65216,128,123,5,5
65217,168,162,6,6
65218,101,103,-2,2
65219,106,111,-5,5
65220,191,173,18,18
65221,51,63,-12,12
65222,196,168,28,28
65223,92,97,-5,5
65224,47,45,2,2
65225,115,109,6,6
65226,70,68,2,2
65227,84,94,-10,10
65228,145,142,3,3
65229,102,105,-3,3
65230,31,33,-2,2
65231,65,62,3,3
65232,92,88,4,4
65233,77,82,-5,5
65234,90,93,-3,3
65235,30,32,-2,2
65236,72,81,-9,9
65237,109,114,-5,5
65238,148,147,1,1
65239,81,79,2,2
65240,75,72,3,3
65241,60,62,-2,2
65242,147,144,3,3
65243,95,81,14,14
65244,71,76,-5,5
65245,145,151,-6,6
65246,91,97,-6,6
65247,48,72,-24,24
65248,94,94,0,0
65249,86,93,-7,7
65250,70,68,2,2
65251,120,124,-4,4
65252,117,118,-1,1
65253,118,94,24,24
65254,66,67,-1,1
65255,70,69,1,1
65256,51,50,1,1
65257,80,83,-3,3
65258,78,83,-5,5
65259,136,121,15,15
65260,105,108,-3,3
65261,94,84,10,10
65262,119,113,6,6
65263,119,122,-3,3
65264,66,62,4,4
65265,133,125,8,8
65266,106,106,0,0
65267,110,97,13,13
65268,109,102,7,7
65269,97,109,-12,12
65270,54,61,-7,7
65271,143,128,15,15
65272,103,111,-8,8
65273,55,55,0,0
65274,72,72,0,0
65275,300,249,51,51
65276,110,109,1,1
65277,120,119,1,1
65278,114,122,-8,8
65279,65,69,-4,4
65280,51,56,-5,5
65281,107,97,10,10
65282,86,89,-3,3
65283,91,90,1,1
65284,102,95,7,7
65285,72,63,9,9
65286,82,83,-1,1
65287,134,126,8,8
65288,133,124,9,9
65289,79,85,-6,6
65290,146,144,2,2
65291,176,140,36,36
65292,117,115,2,2
65293,82,86,-4,4
65294,105,104,1,1
65295,89,91,-2,2
65296,72,77,-5,5
65297,71,64,7,7
65298,117,121,-4,4
65299,140,132,8,8
65300,80,83,-3,3
65301,53,55,-2,2
65302,185,181,4,4
65303,111,102,9,9
65304,92,98,-6,6
65305,91,85,6,6
65306,112,98,14,14
65307,59,59,0,0
65308,106,98,8,8
65309,53,59,-6,6
65310,132,132,0,0
65311,80,86,-6,6
65312,163,163,0,0
65313,58,66,-8,8
65314,138,127,11,11
65315,173,168,5,5
65316,64,73,-9,9
65317,78,64,14,14
65318,101,103,-2,2
65319,103,98,5,5
65320,87,81,6,6
65321,105,100,5,5
65322,94,88,6,6
65323,89,90,-1,1
65324,63,69,-6,6
65325,92,85,7,7
65326,139,146,-7,7
65327,78,83,-5,5
65328,58,79,-21,21
65329,77,82,-5,5
65330,71,100,-29,29
65331,154,155,-1,1
65332,93,91,2,2
65333,61,61,0,0
65334,168,158,10,10
65335,139,131,8,8
65336,78,79,-1,1
65337,132,126,6,6
65338,56,54,2,2
65339,78,84,-6,6
65340,86,87,-1,1
65341,68,69,-1,1
65342,31,58,-27,27
65343,60,63,-3,3
65344,150,143,7,7
65345,117,116,1,1
65346,104,98,6,6
65347,102,103,-1,1
65348,77,88,-11,11
65349,64,68,-4,4
65350,103,109,-6,6
65351,113,107,6,6
65352,96,98,-2,2
65353,114,91,23,23
65354,126,121,5,5
65355,106,111,-5,5
65356,59,60,-1,1
65357,81,85,-4,4
65358,109,102,7,7
65359,121,128,-7,7
65360,70,67,3,3
65361,148,146,2,2
65362,94,95,-1,1
65363,127,122,5,5
65364,117,121,-4,4
65365,104,98,6,6
65366,46,54,-8,8
65367,106,121,-15,15
65368,94,84,10,10
65369,124,114,10,10
65370,62,67,-5,5
65371,62,77,-15,15
65372,74,85,-11,11
65373,53,55,-2,2
65374,40,50,-10,10
65375,70,69,1,1
65376,60,62,-2,2
65377,45,44,1,1
65378,111,112,-1,1
65379,37,52,-15,15
65380,88,107,-19,19
65381,51,102,-51,51
65382,66,67,-1,1
65383,76,75,1,1
65384,91,84,7,7
65385,121,123,-2,2
65386,135,131,4,4
65387,87,93,-6,6
65388,99,99,0,0
65389,106,109,-3,3
65390,83,87,-4,4
65391,94,84,10,10
65392,76,77,-1,1
65393,69,65,4,4
65394,100,114,-14,14
65395,118,118,0,0
65396,66,83,-17,17
65397,89,93,-4,4
65398,104,118,-14,14
65399,110,94,16,16
65400,106,104,2,2
65401,118,117,1,1
65402,83,89,-6,6
65403,85,79,6,6
65404,73,86,-13,13
65405,72,66,6,6
65406,61,62,-1,1
65407,59,61,-2,2
65408,114,118,-4,4
65409,68,68,0,0
65410,179,176,3,3
65411,70,71,-1,1
65412,91,87,4,4
65413,114,111,3,3
65414,108,108,0,0
65415,79,84,-5,5
65416,79,77,2,2
65417,125,129,-4,4
65418,117,97,20,20
65419,68,79,-11,11
65420,79,79,0,0
65421,103,115,-12,12
65422,207,185,22,22
65423,63,69,-6,6
65424,117,115,2,2
65425,63,62,1,1
65426,71,75,-4,4
65427,74,80,-6,6
65428,55,56,-1,1
65429,170,159,11,11
65430,69,68,1,1
65431,51,60,-9,9
65432,55,54,1,1
65433,73,73,0,0
65434,89,109,-20,20
65435,173,154,19,19
65436,119,117,2,2
65437,85,89,-4,4
65438,94,96,-2,2
65439,104,96,8,8
65440,96,96,0,0
65441,61,67,-6,6
65442,86,89,-3,3
65443,95,93,2,2
65444,161,158,3,3
65445,80,81,-1,1
65446,112,109,3,3
65447,75,82,-7,7
65448,141,131,10,10
65449,161,161,0,0
65450,99,99,0,0
65451,94,91,3,3
65452,146,134,12,12
65453,72,71,1,1
65454,105,93,12,12
65455,69,69,0,0
65456,113,109,4,4
65457,132,117,15,15
65458,121,121,0,0
65459,91,98,-7,7
65460,70,65,5,5
65461,96,93,3,3
65462,155,146,9,9
65463,130,136,-6,6
65464,186,165,21,21
65465,96,96,0,0
65466,146,156,-10,10
65467,113,110,3,3
65468,86,91,-5,5
65469,104,98,6,6
65470,66,64,2,2
65471,96,89,7,7
65472,88,79,9,9
65473,111,100,11,11
65474,146,134,12,12
65475,86,74,12,12
65476,46,47,-1,1
65477,72,71,1,1
65478,170,152,18,18
65479,35,35,0,0
65480,90,91,-1,1
65481,143,150,-7,7
65482,157,151,6,6
65483,62,68,-6,6
65484,65,63,2,2
65485,75,73,2,2
65486,89,90,-1,1
65487,82,75,7,7
65488,80,84,-4,4
65489,56,53,3,3
65490,76,73,3,3
65491,113,113,0,0
65492,104,114,-10,10
65493,99,97,2,2
65494,62,61,1,1
65495,140,145,-5,5
65496,76,78,-2,2
65497,114,112,2,2
65498,108,113,-5,5
65499,81,73,8,8
65500,63,62,1,1
65501,125,122,3,3
65502,70,60,10,10
65503,90,92,-2,2
65504,37,45,-8,8
65505,92,103,-11,11
65506,96,104,-8,8
65507,85,81,4,4
65508,106,112,-6,6
65509,86,80,6,6
65510,101,90,11,11
65511,101,98,3,3
65512,100,108,-8,8
65513,105,99,6,6
65514,71,76,-5,5
65515,58,56,2,2
65516,179,167,12,12
65517,106,108,-2,2
65518,89,82,7,7
65519,84,74,10,10
65520,113,105,8,8
65521,129,122,7,7
65522,87,95,-8,8
65523,122,126,-4,4
65524,109,110,-1,1
65525,78,85,-7,7
65526,96,97,-1,1
65527,176,152,24,24
65528,114,112,2,2
65529,89,77,12,12
65530,115,103,12,12
65531,73,67,6,6
65532,68,71,-3,3
65533,148,144,4,4
65534,70,70,0,0
65535,108,107,1,1
65536,60,57,3,3
65537,98,86,12,12
65538,47,51,-4,4
65539,84,91,-7,7
65540,60,55,5,5
65541,119,126,-7,7
65542,66,70,-4,4
65543,115,115,0,0
65544,172,156,16,16
65545,105,100,5,5
65546,83,78,5,5
65547,75,69,6,6
65548,48,49,-1,1
65549,100,101,-1,1
65550,59,66,-7,7
65551,67,61,6,6
65552,103,111,-8,8
65553,48,48,0,0
65554,108,121,-13,13
65555,77,63,14,14
65556,126,119,7,7
65557,82,104,-22,22
65558,38,47,-9,9
65559,99,95,4,4
65560,56,63,-7,7
65561,131,114,17,17
65562,96,87,9,9
65563,83,86,-3,3
65564,120,112,8,8
65565,102,97,5,5
65566,93,95,-2,2
65567,127,124,3,3
65568,67,57,10,10
65569,98,95,3,3
65570,77,69,8,8
65571,84,76,8,8
65572,96,90,6,6
65573,118,114,4,4
65574,84,86,-2,2
65575,70,82,-12,12
65576,100,101,-1,1
65577,118,113,5,5
65578,54,59,-5,5
65579,170,159,11,11
65580,91,96,-5,5
65581,86,83,3,3
65582,82,86,-4,4
65583,123,125,-2,2
65584,94,94,0,0
65585,86,71,15,15
65586,142,148,-6,6
65587,132,119,13,13
65588,140,135,5,5
65589,177,155,22,22
65590,54,63,-9,9
65591,51,56,-5,5
65592,130,120,10,10
65593,71,73,-2,2
65594,61,58,3,3
65595,93,89,4,4
65596,93,101,-8,8
65597,83,77,6,6
65598,104,94,10,10
65599,93,96,-3,3
65600,88,83,5,5
65601,89,90,-1,1
65602,154,159,-5,5
65603,53,55,-2,2
65604,85,83,2,2
65605,89,96,-7,7
65606,107,111,-4,4
65607,102,107,-5,5
65608,88,93,-5,5
65609,35,39,-4,4
65610,118,113,5,5
65611,63,61,2,2
65612,56,64,-8,8
65613,41,46,-5,5
65614,108,110,-2,2
65615,137,139,-2,2
65616,70,67,3,3
65617,131,143,-12,12
65618,83,77,6,6
65619,87,84,3,3
65620,87,94,-7,7
65621,134,132,2,2
65622,108,90,18,18
65623,73,81,-8,8
65624,110,105,5,5
65625,100,79,21,21
65626,57,66,-9,9
65627,101,95,6,6
65628,124,117,7,7
65629,100,107,-7,7
65630,116,123,-7,7
65631,124,111,13,13
65632,119,127,-8,8
65633,95,111,-16,16
65634,131,119,12,12
65635,46,51,-5,5
65636,119,111,8,8
65637,86,79,7,7
65638,148,147,1,1
65639,63,59,4,4
65640,84,80,4,4
65641,88,84,4,4
65642,125,115,10,10
65643,180,160,20,20
65644,92,97,-5,5
65645,73,77,-4,4
65646,54,60,-6,6
65647,125,131,-6,6
65648,158,155,3,3
65649,115,112,3,3
65650,176,173,3,3
65651,71,91,-20,20
65652,109,121,-12,12
65653,115,112,3,3
65654,135,129,6,6
65655,75,73,2,2
65656,71,75,-4,4
65657,74,84,-10,10
65658,123,132,-9,9
65659,85,88,-3,3
65660,124,116,8,8
65661,51,56,-5,5
65662,53,63,-10,10
65663,97,103,-6,6
65664,92,90,2,2
65665,122,126,-4,4
65666,183,170,13,13
65667,94,107,-13,13
65668,151,140,11,11
65669,65,67,-2,2
65670,146,144,2,2
65671,68,77,-9,9
65672,186,144,42,42
65673,121,109,12,12
65674,77,74,3,3
65675,99,110,-11,11
65676,102,109,-7,7
65677,80,78,2,2
65678,123,122,1,1
65679,90,95,-5,5
65680,96,100,-4,4
65681,119,100,19,19
65682,136,132,4,4
65683,84,80,4,4
65684,135,136,-1,1
65685,84,108,-24,24
65686,56,58,-2,2
65687,81,81,0,0
65688,69,62,7,7
65689,89,70,19,19
65690,105,108,-3,3
65691,113,113,0,0
65692,79,76,3,3
65693,167,150,17,17
65694,85,78,7,7
65695,80,83,-3,3
65696,72,73,-1,1
65697,129,130,-1,1
65698,155,136,19,19
65699,53,56,-3,3
65700,48,50,-2,2
65701,45,42,3,3
65702,55,56,-1,1
65703,99,100,-1,1
65704,91,91,0,0
65705,75,66,9,9
65706,84,80,4,4
65707,38,47,-9,9
65708,41,48,-7,7
65709,86,87,-1,1
65710,76,67,9,9
65711,53,57,-4,4
65712,63,65,-2,2
65713,79,74,5,5
65714,145,138,7,7
65715,97,98,-1,1
65716,120,116,4,4
65717,74,74,0,0
65718,96,96,0,0
65719,101,92,9,9
65720,94,103,-9,9
65721,92,83,9,9
65722,83,72,11,11
65723,122,110,12,12
65724,57,58,-1,1
65725,56,63,-7,7
65726,123,127,-4,4
65727,104,104,0,0
65728,147,136,11,11
65729,190,197,-7,7
65730,120,114,6,6
65731,173,161,12,12
65732,52,51,1,1
65733,134,128,6,6
65734,110,110,0,0
65735,84,80,4,4
65736,92,94,-2,2
65737,112,101,11,11
65738,60,59,1,1
65739,76,75,1,1
65740,159,145,14,14
65741,61,66,-5,5
65742,141,127,14,14
65743,107,110,-3,3
65744,103,92,11,11
65745,129,132,-3,3
65746,61,57,4,4
65747,77,72,5,5
65748,84,85,-1,1
65749,78,80,-2,2
65750,47,48,-1,1
65751,140,135,5,5
65752,56,54,2,2
65753,154,142,12,12
65754,77,87,-10,10
65755,85,70,15,15
65756,104,115,-11,11
65757,70,87,-17,17
65758,71,74,-3,3
65759,63,61,2,2
65760,84,83,1,1
65761,110,99,11,11
65762,88,102,-14,14
65763,74,76,-2,2
65764,72,88,-16,16
65765,46,49,-3,3
65766,94,91,3,3
65767,93,102,-9,9
65768,63,63,0,0
65769,100,100,0,0
65770,71,69,2,2
65771,113,117,-4,4
65772,88,83,5,5
65773,83,66,17,17
65774,76,82,-6,6
65775,83,74,9,9
65776,153,133,20,20
65777,134,138,-4,4
65778,91,90,1,1
65779,56,56,0,0
65780,89,89,0,0
65781,51,55,-4,4
65782,121,117,4,4
65783,107,109,-2,2
65784,97,150,-53,53
65785,79,79,0,0
65786,115,110,5,5
65787,60,63,-3,3
65788,105,107,-2,2
65789,65,70,-5,5
65790,57,59,-2,2
65791,169,159,10,10
65792,92,90,2,2
65793,104,122,-18,18
65794,68,68,0,0
65795,72,67,5,5
65796,92,93,-1,1
65797,124,118,6,6
65798,85,87,-2,2
65799,123,122,1,1
65800,112,105,7,7
65801,138,149,-11,11
65802,205,191,14,14
65803,88,88,0,0
65804,82,82,0,0
65805,77,79,-2,2
65806,68,65,3,3
65807,125,120,5,5
65808,87,84,3,3
65809,112,116,-4,4
65810,66,77,-11,11
65811,132,123,9,9
65812,136,122,14,14
65813,232,217,15,15
65814,63,66,-3,3
65815,77,82,-5,5
65816,121,119,2,2
65817,161,149,12,12
65818,200,160,40,40
65819,65,64,1,1
65820,104,91,13,13
65821,129,115,14,14
65822,129,137,-8,8
65823,123,119,4,4
65824,72,78,-6,6
65825,59,60,-1,1
65826,94,109,-15,15
65827,102,113,-11,11
65828,74,73,1,1
65829,64,65,-1,1
65830,48,53,-5,5
65831,80,82,-2,2
65832,112,98,14,14
65833,67,124,-57,57
65834,79,85,-6,6
65835,79,83,-4,4
65836,51,55,-4,4
65837,213,197,16,16
65838,116,120,-4,4
65839,82,84,-2,2
65840,88,90,-2,2
65841,154,161,-7,7
65842,93,90,3,3
65843,115,116,-1,1
65844,58,56,2,2
65845,89,94,-5,5
65846,69,67,2,2
65847,124,116,8,8
65848,87,86,1,1
65849,114,117,-3,3
65850,75,77,-2,2
65851,46,64,-18,18
65852,54,56,-2,2
65853,63,63,0,0
65854,54,54,0,0
65855,70,67,3,3
65856,98,92,6,6
65857,74,77,-3,3
65858,76,76,0,0
65859,80,78,2,2
65860,73,134,-61,61
65861,108,103,5,5
65862,100,95,5,5
65863,64,57,7,7
65864,101,104,-3,3
65865,75,73,2,2
65866,66,75,-9,9
65867,142,136,6,6
65868,47,49,-2,2
65869,71,59,12,12
65870,26,33,-7,7
65871,53,58,-5,5
65872,133,135,-2,2
65873,96,97,-1,1
65874,91,108,-17,17
65875,83,77,6,6
65876,103,107,-4,4
65877,89,81,8,8
65878,90,93,-3,3
65879,95,108,-13,13
65880,32,38,-6,6
65881,72,77,-5,5
65882,99,81,18,18
65883,115,117,-2,2
65884,86,91,-5,5
65885,93,103,-10,10
65886,129,121,8,8
65887,92,92,0,0
65888,114,119,-5,5
65889,84,84,0,0
65890,93,90,3,3
65891,89,108,-19,19
65892,59,60,-1,1
65893,63,68,-5,5
65894,59,59,0,0
65895,115,114,1,1
65896,144,122,22,22
65897,76,82,-6,6
65898,112,110,2,2
65899,118,130,-12,12
65900,80,85,-5,5
65901,106,102,4,4
65902,92,98,-6,6
65903,65,66,-1,1
65904,130,139,-9,9
65905,108,104,4,4
65906,44,56,-12,12
65907,101,103,-2,2
65908,72,79,-7,7
65909,67,70,-3,3
65910,73,76,-3,3
65911,184,170,14,14
65912,83,80,3,3
65913,77,76,1,1
65914,113,110,3,3
65915,46,43,3,3
65916,101,111,-10,10
65917,92,97,-5,5
65918,122,114,8,8
65919,67,63,4,4
65920,134,128,6,6
65921,82,86,-4,4
65922,142,145,-3,3
65923,101,92,9,9
65924,119,128,-9,9
65925,44,48,-4,4
65926,105,109,-4,4
65927,99,107,-8,8
65928,127,124,3,3
65929,76,76,0,0
65930,107,96,11,11
65931,104,111,-7,7
65932,104,95,9,9
65933,100,104,-4,4
65934,106,99,7,7
65935,66,62,4,4
65936,154,140,14,14
65937,124,125,-1,1
65938,118,118,0,0
65939,79,79,0,0
65940,76,77,-1,1
65941,89,81,8,8
65942,67,75,-8,8
65943,104,109,-5,5
65944,108,96,12,12
65945,76,75,1,1
65946,47,51,-4,4
65947,98,104,-6,6
65948,137,146,-9,9
65949,111,109,2,2
65950,62,57,5,5
65951,37,39,-2,2
65952,69,68,1,1
65953,115,126,-11,11
65954,98,99,-1,1
65955,62,66,-4,4
65956,94,92,2,2
65957,46,53,-7,7
65958,97,87,10,10
65959,108,98,10,10
65960,124,122,2,2
65961,74,89,-15,15
65962,113,114,-1,1
65963,96,106,-10,10
65964,135,130,5,5
65965,81,86,-5,5
65966,101,98,3,3
65967,109,117,-8,8
65968,121,121,0,0
65969,62,55,7,7
65970,105,114,-9,9
65971,105,94,11,11
65972,96,75,21,21
65973,90,72,18,18
65974,81,73,8,8
65975,137,132,5,5
65976,86,83,3,3
65977,86,89,-3,3
65978,105,113,-8,8
65979,120,117,3,3
65980,70,66,4,4
65981,90,89,1,1
65982,90,88,2,2
65983,79,79,0,0
65984,62,65,-3,3
65985,56,64,-8,8
65986,62,63,-1,1
65987,123,113,10,10
65988,108,112,-4,4
65989,73,75,-2,2
65990,92,86,6,6
65991,97,90,7,7
65992,94,89,5,5
65993,119,120,-1,1
65994,125,124,1,1
65995,252,222,30,30
65996,124,125,-1,1
65997,76,85,-9,9
65998,120,120,0,0
65999,83,82,1,1
66000,82,82,0,0
66001,93,96,-3,3
66002,56,61,-5,5
66003,78,92,-14,14
66004,121,148,-27,27
66005,100,91,9,9
66006,91,81,10,10
66007,66,63,3,3
66008,62,61,1,1
66009,72,73,-1,1
66010,77,80,-3,3
66011,93,88,5,5
66012,176,160,16,16
66013,55,58,-3,3
66014,75,80,-5,5
66015,60,61,-1,1
66016,143,129,14,14
66017,117,122,-5,5
66018,36,48,-12,12
66019,45,46,-1,1
66020,96,94,2,2
66021,81,89,-8,8
66022,106,101,5,5
66023,83,88,-5,5
66024,105,98,7,7
66025,80,84,-4,4
66026,43,43,0,0
66027,103,109,-6,6
66028,134,127,7,7
66029,53,55,-2,2
66030,115,106,9,9
66031,157,142,15,15
66032,67,66,1,1
66033,104,119,-15,15
66034,148,152,-4,4
66035,116,111,5,5
66036,100,96,4,4
66037,63,67,-4,4
66038,71,77,-6,6
66039,71,66,5,5
66040,67,73,-6,6
66041,105,116,-11,11
66042,102,107,-5,5
66043,53,55,-2,2
66044,71,73,-2,2
66045,115,116,-1,1
66046,105,98,7,7
66047,62,77,-15,15
66048,119,118,1,1
66049,151,136,15,15
66050,55,63,-8,8
66051,76,81,-5,5
66052,37,43,-6,6
66053,126,101,25,25
66054,116,93,23,23
66055,119,117,2,2
66056,86,83,3,3
66057,64,70,-6,6
66058,53,59,-6,6
66059,108,107,1,1
66060,118,112,6,6
66061,126,129,-3,3
66062,71,70,1,1
66063,99,100,-1,1
66064,49,53,-4,4
66065,87,85,2,2
66066,75,71,4,4
66067,89,90,-1,1
66068,94,87,7,7
66069,100,90,10,10
66070,80,75,5,5
66071,78,78,0,0
66072,65,72,-7,7
66073,104,99,5,5
66074,111,120,-9,9
66075,182,152,30,30
66076,69,70,-1,1
66077,67,66,1,1
66078,99,118,-19,19
66079,82,75,7,7
66080,99,84,15,15
66081,66,67,-1,1
66082,162,156,6,6
66083,142,132,10,10
66084,84,86,-2,2
66085,70,83,-13,13
66086,106,108,-2,2
66087,57,59,-2,2
66088,89,78,11,11
66089,119,115,4,4
66090,90,84,6,6
66091,59,66,-7,7
66092,80,77,3,3
66093,113,111,2,2
66094,47,50,-3,3
66095,72,72,0,0
66096,178,183,-5,5
66097,76,87,-11,11
66098,96,107,-11,11
66099,83,82,1,1
66100,63,65,-2,2
66101,144,142,2,2
66102,42,54,-12,12
66103,52,49,3,3
66104,125,113,12,12
66105,63,66,-3,3
66106,69,58,11,11
66107,78,68,10,10
66108,63,80,-17,17
66109,80,88,-8,8
66110,101,98,3,3
66111,187,155,32,32
66112,163,149,14,14
66113,109,116,-7,7
66114,101,111,-10,10
66115,86,88,-2,2
66116,72,87,-15,15
66117,142,170,-28,28
66118,99,85,14,14
66119,64,66,-2,2
66120,79,83,-4,4
66121,85,60,25,25
66122,107,74,33,33
66123,97,90,7,7
66124,116,115,1,1
66125,67,70,-3,3
66126,89,101,-12,12
66127,122,114,8,8
66128,140,138,2,2
66129,62,59,3,3
66130,119,132,-13,13
66131,117,112,5,5
66132,104,117,-13,13
66133,47,52,-5,5
66134,73,77,-4,4
66135,159,137,22,22
66136,101,107,-6,6
66137,77,69,8,8
66138,58,61,-3,3
66139,78,82,-4,4
66140,97,90,7,7
66141,76,76,0,0
66142,88,89,-1,1
66143,64,61,3,3
66144,81,91,-10,10
66145,69,67,2,2
66146,115,132,-17,17
66147,65,88,-23,23
66148,76,63,13,13
66149,58,63,-5,5
66150,33,41,-8,8
66151,133,126,7,7
66152,45,67,-22,22
66153,123,123,0,0
66154,100,95,5,5
66155,82,85,-3,3
66156,83,86,-3,3
66157,117,103,14,14
66158,74,69,5,5
66159,103,102,1,1
66160,72,75,-3,3
66161,142,127,15,15
66162,121,112,9,9
66163,82,78,4,4
66164,80,76,4,4
66165,100,102,-2,2
66166,164,163,1,1
66167,95,90,5,5
66168,57,61,-4,4
66169,81,75,6,6
66170,39,40,-1,1
66171,123,121,2,2
66172,127,124,3,3
66173,82,81,1,1
66174,105,100,5,5
66175,72,69,3,3
66176,37,43,-6,6
66177,85,88,-3,3
66178,152,145,7,7
66179,80,73,7,7
66180,55,59,-4,4
66181,76,87,-11,11
66182,21,40,-19,19
66183,220,203,17,17
66184,159,141,18,18
66185,90,94,-4,4
66186,148,150,-2,2
66187,102,99,3,3
66188,83,81,2,2
66189,80,96,-16,16
66190,100,88,12,12
66191,111,97,14,14
66192,79,82,-3,3
66193,82,80,2,2
66194,82,81,1,1
66195,197,189,8,8
66196,188,166,22,22
66197,177,183,-6,6
66198,76,77,-1,1
66199,157,171,-14,14
66200,49,56,-7,7
66201,44,48,-4,4
66202,66,73,-7,7
66203,156,144,12,12
66204,111,122,-11,11
66205,69,77,-8,8
66206,188,177,11,11
66207,126,111,15,15
66208,73,69,4,4
66209,111,102,9,9
66210,94,89,5,5
66211,57,66,-9,9
66212,132,126,6,6
66213,164,161,3,3
66214,55,59,-4,4
66215,139,131,8,8
66216,77,73,4,4
66217,43,53,-10,10
66218,96,87,9,9
66219,88,86,2,2
66220,74,73,1,1
66221,81,83,-2,2
66222,84,87,-3,3
66223,100,98,2,2
66224,108,96,12,12
66225,44,58,-14,14
66226,77,83,-6,6
66227,79,84,-5,5
66228,111,113,-2,2
66229,86,84,2,2
66230,61,66,-5,5
66231,85,80,5,5
66232,45,52,-7,7
66233,81,73,8,8
66234,159,147,12,12
66235,80,75,5,5
66236,94,85,9,9
66237,89,89,0,0
66238,96,94,2,2
66239,95,80,15,15
66240,127,111,16,16
66241,71,64,7,7
66242,68,66,2,2
66243,80,86,-6,6
66244,122,117,5,5
66245,136,135,1,1
66246,95,95,0,0
66247,89,86,3,3
66248,88,89,-1,1
66249,44,43,1,1
66250,121,114,7,7
66251,47,54,-7,7
66252,72,70,2,2
66253,72,72,0,0
66254,145,158,-13,13
66255,77,79,-2,2
66256,129,141,-12,12
66257,65,70,-5,5
66258,121,116,5,5
66259,92,86,6,6
66260,100,107,-7,7
66261,36,46,-10,10
66262,122,118,4,4
66263,112,97,15,15
66264,76,72,4,4
66265,112,125,-13,13
66266,75,81,-6,6
66267,81,82,-1,1
66268,102,88,14,14
66269,43,48,-5,5
66270,92,92,0,0
66271,118,109,9,9
66272,73,71,2,2
66273,179,184,-5,5
66274,63,70,-7,7
66275,128,137,-9,9
66276,161,162,-1,1
66277,178,154,24,24
66278,90,83,7,7
66279,74,74,0,0
66280,74,77,-3,3
66281,95,99,-4,4
66282,98,101,-3,3
66283,94,88,6,6
66284,115,121,-6,6
66285,131,140,-9,9
66286,99,80,19,19
66287,87,86,1,1
66288,74,79,-5,5
66289,56,57,-1,1
66290,58,62,-4,4
66291,77,82,-5,5
66292,122,110,12,12
66293,70,74,-4,4
66294,40,52,-12,12
66295,106,111,-5,5
66296,100,106,-6,6
66297,73,77,-4,4
66298,72,65,7,7
66299,99,101,-2,2
66300,135,139,-4,4
66301,184,165,19,19
66302,50,67,-17,17
66303,77,77,0,0
66304,48,52,-4,4
66305,76,73,3,3
66306,87,94,-7,7
66307,137,129,8,8
66308,110,114,-4,4
66309,84,86,-2,2
66310,74,79,-5,5
66311,83,73,10,10
66312,76,74,2,2
66313,107,133,-26,26
66314,78,72,6,6
66315,87,84,3,3
66316,64,69,-5,5
66317,60,62,-2,2
66318,94,101,-7,7
66319,80,72,8,8
66320,50,49,1,1
66321,54,53,1,1
66322,65,61,4,4
66323,101,112,-11,11
66324,89,86,3,3
66325,127,127,0,0
66326,59,68,-9,9
66327,90,99,-9,9
66328,77,80,-3,3
66329,100,107,-7,7
66330,103,105,-2,2
66331,33,58,-25,25
66332,61,60,1,1
66333,63,76,-13,13
66334,47,53,-6,6
66335,51,50,1,1
66336,141,140,1,1
66337,74,70,4,4
66338,74,74,0,0
66339,85,82,3,3
66340,149,138,11,11
66341,90,95,-5,5
66342,79,83,-4,4
66343,93,107,-14,14
66344,79,77,2,2
66345,146,145,1,1
66346,81,78,3,3
66347,83,109,-26,26
66348,196,183,13,13
66349,114,102,12,12
66350,102,97,5,5
66351,140,136,4,4
66352,46,44,2,2
66353,189,175,14,14
66354,102,102,0,0
66355,96,90,6,6
66356,73,84,-11,11
66357,131,139,-8,8
66358,143,130,13,13
66359,94,110,-16,16
66360,95,95,0,0
66361,131,126,5,5
66362,138,128,10,10
66363,55,63,-8,8
66364,40,43,-3,3
66365,97,90,7,7
66366,70,77,-7,7
66367,95,90,5,5
66368,86,78,8,8
66369,107,108,-1,1
66370,45,52,-7,7
66371,107,109,-2,2
66372,77,71,6,6
66373,75,71,4,4
66374,85,85,0,0
66375,81,86,-5,5
66376,100,93,7,7
66377,65,75,-10,10
66378,57,61,-4,4
66379,61,51,10,10
66380,79,81,-2,2
66381,104,107,-3,3
66382,106,110,-4,4
66383,55,54,1,1
66384,100,94,6,6
66385,89,90,-1,1
66386,73,72,1,1
66387,77,83,-6,6
66388,59,61,-2,2
66389,71,70,1,1
66390,52,60,-8,8
66391,58,57,1,1
66392,72,65,7,7
66393,90,85,5,5
66394,57,64,-7,7
66395,82,94,-12,12
66396,92,87,5,5
66397,88,76,12,12
66398,49,55,-6,6
66399,91,85,6,6
66400,171,160,11,11
66401,75,92,-17,17
66402,82,78,4,4
66403,74,68,6,6
66404,116,115,1,1
66405,95,83,12,12
66406,116,108,8,8
66407,74,101,-27,27
66408,100,97,3,3
66409,81,87,-6,6
66410,141,155,-14,14
66411,113,103,10,10
66412,100,91,9,9
66413,80,72,8,8
66414,96,88,8,8
66415,83,83,0,0
66416,68,77,-9,9
66417,66,64,2,2
66418,73,75,-2,2
66419,169,169,0,0
66420,119,104,15,15
66421,82,91,-9,9
66422,85,84,1,1
66423,92,104,-12,12
66424,92,92,0,0
66425,164,153,11,11
66426,131,135,-4,4
66427,106,122,-16,16
66428,72,71,1,1
66429,54,57,-3,3
66430,75,75,0,0
66431,62,60,2,2
66432,89,83,6,6
66433,63,58,5,5
66434,87,80,7,7
66435,136,125,11,11
66436,79,77,2,2
66437,86,85,1,1
66438,71,70,1,1
66439,68,63,5,5
66440,127,124,3,3
66441,78,85,-7,7
66442,43,48,-5,5
66443,82,80,2,2
66444,61,66,-5,5
66445,91,100,-9,9
66446,78,78,0,0
66447,121,122,-1,1
66448,83,84,-1,1
66449,169,173,-4,4
66450,56,61,-5,5
66451,78,59,19,19
66452,73,75,-2,2
66453,66,71,-5,5
66454,67,58,9,9
66455,69,52,17,17
66456,96,92,4,4
66457,118,110,8,8
66458,67,71,-4,4
66459,58,62,-4,4
66460,77,63,14,14
66461,164,152,12,12
66462,57,56,1,1
66463,98,99,-1,1
66464,97,91,6,6
66465,58,61,-3,3
66466,107,110,-3,3
66467,70,76,-6,6
66468,121,114,7,7
66469,144,130,14,14
66470,157,155,2,2
66471,113,113,0,0
66472,66,65,1,1
66473,47,53,-6,6
66474,106,96,10,10
66475,77,82,-5,5
66476,180,175,5,5
66477,55,63,-8,8
66478,57,70,-13,13
66479,104,107,-3,3
66480,120,118,2,2
66481,124,113,11,11
66482,157,159,-2,2
66483,185,183,2,2
66484,63,66,-3,3
66485,158,141,17,17
66486,161,166,-5,5
66487,61,65,-4,4
66488,104,110,-6,6
66489,65,65,0,0
66490,174,167,7,7
66491,52,58,-6,6
66492,118,110,8,8
66493,89,86,3,3
66494,88,88,0,0
66495,88,92,-4,4
66496,62,70,-8,8
66497,67,65,2,2
66498,118,114,4,4
66499,113,121,-8,8
66500,99,108,-9,9
66501,68,72,-4,4
66502,50,45,5,5
66503,123,122,1,1
66504,97,94,3,3
66505,93,111,-18,18
66506,132,113,19,19
66507,70,73,-3,3
66508,65,60,5,5
66509,80,95,-15,15
66510,79,75,4,4
66511,96,96,0,0
66512,69,75,-6,6
66513,142,140,2,2
66514,126,127,-1,1
66515,88,111,-23,23
66516,57,55,2,2
66517,68,63,5,5
66518,97,110,-13,13
66519,128,127,1,1
66520,129,140,-11,11
66521,92,86,6,6
66522,146,122,24,24
66523,83,85,-2,2
66524,92,86,6,6
66525,207,185,22,22
66526,40,52,-12,12
66527,92,97,-5,5
66528,95,106,-11,11
66529,107,107,0,0
66530,51,55,-4,4
66531,210,185,25,25
66532,73,71,2,2
66533,103,95,8,8
66534,120,119,1,1
66535,132,115,17,17
66536,112,103,9,9
66537,86,84,2,2
66538,195,191,4,4
66539,69,69,0,0
66540,91,87,4,4
66541,57,73,-16,16
66542,112,110,2,2
66543,72,81,-9,9
66544,90,85,5,5
66545,99,96,3,3
66546,46,45,1,1
66547,51,53,-2,2
66548,107,109,-2,2
66549,156,156,0,0
66550,61,62,-1,1
66551,88,82,6,6
66552,107,100,7,7
66553,121,111,10,10
66554,89,81,8,8
66555,99,107,-8,8
66556,87,91,-4,4
66557,46,52,-6,6
66558,152,153,-1,1
66559,67,67,0,0
66560,164,162,2,2
66561,68,71,-3,3
66562,94,89,5,5
66563,60,68,-8,8
66564,205,182,23,23
66565,92,89,3,3
66566,95,90,5,5
66567,67,59,8,8
66568,55,60,-5,5
66569,151,134,17,17
66570,160,153,7,7
66571,29,37,-8,8
66572,108,109,-1,1
66573,112,120,-8,8
66574,109,162,-53,53
66575,86,79,7,7
66576,75,78,-3,3
66577,60,64,-4,4
66578,64,72,-8,8
66579,64,84,-20,20
66580,110,116,-6,6
66581,81,88,-7,7
66582,79,78,1,1
66583,124,114,10,10
66584,94,97,-3,3
66585,73,92,-19,19
66586,111,108,3,3
66587,107,103,4,4
66588,71,69,2,2
66589,125,125,0,0
66590,123,112,11,11
66591,63,65,-2,2
66592,98,99,-1,1
66593,101,90,11,11
66594,129,131,-2,2
66595,96,97,-1,1
66596,58,58,0,0
66597,162,163,-1,1
66598,48,46,2,2
66599,151,139,12,12
66600,67,68,-1,1
66601,122,116,6,6
66602,100,103,-3,3
66603,135,145,-10,10
66604,213,180,33,33
66605,129,141,-12,12
66606,61,68,-7,7
66607,70,75,-5,5
66608,88,89,-1,1
66609,75,73,2,2
66610,159,161,-2,2
66611,100,108,-8,8
66612,75,72,3,3
66613,120,137,-17,17
66614,70,77,-7,7
66615,129,117,12,12
66616,124,91,33,33
66617,105,107,-2,2
66618,60,56,4,4
66619,76,72,4,4
66620,64,74,-10,10
66621,145,131,14,14
66622,95,112,-17,17
66623,104,113,-9,9
66624,148,139,9,9
66625,126,129,-3,3
66626,142,136,6,6
66627,67,69,-2,2
66628,96,109,-13,13
66629,114,112,2,2
66630,47,60,-13,13
66631,125,129,-4,4
66632,66,72,-6,6
66633,203,225,-22,22
66634,58,65,-7,7
66635,114,110,4,4
66636,100,118,-18,18
66637,92,99,-7,7
66638,114,124,-10,10
66639,67,71,-4,4
66640,56,54,2,2
66641,78,76,2,2
66642,62,61,1,1
66643,77,88,-11,11
66644,104,96,8,8
66645,37,38,-1,1
66646,94,91,3,3
66647,108,95,13,13
66648,42,40,2,2
66649,106,109,-3,3
66650,74,72,2,2
66651,116,101,15,15
66652,77,64,13,13
66653,123,128,-5,5
66654,89,97,-8,8
66655,74,73,1,1
66656,118,114,4,4
66657,73,76,-3,3
66658,69,86,-17,17
66659,79,77,2,2
66660,58,65,-7,7
66661,172,141,31,31
66662,118,109,9,9
66663,140,131,9,9
66664,124,123,1,1
66665,111,101,10,10
66666,88,102,-14,14
66667,90,115,-25,25
66668,59,53,6,6
66669,139,144,-5,5
66670,125,120,5,5
66671,64,68,-4,4
66672,147,133,14,14
66673,50,63,-13,13
66674,81,83,-2,2
66675,105,105,0,0
66676,63,66,-3,3
66677,87,91,-4,4
66678,90,85,5,5
66679,47,49,-2,2
66680,134,128,6,6
66681,61,62,-1,1
66682,73,90,-17,17
66683,73,68,5,5
66684,78,79,-1,1
66685,134,123,11,11
66686,51,47,4,4
66687,108,102,6,6
66688,96,94,2,2
66689,54,64,-10,10
66690,122,119,3,3
66691,129,126,3,3
66692,86,74,12,12
66693,114,116,-2,2
66694,70,71,-1,1
66695,79,84,-5,5
66696,56,60,-4,4
66697,66,66,0,0
66698,89,83,6,6
66699,106,107,-1,1
66700,77,80,-3,3
66701,82,78,4,4
66702,63,80,-17,17
66703,87,87,0,0
66704,119,129,-10,10
66705,146,139,7,7
66706,71,65,6,6
66707,70,78,-8,8
66708,82,85,-3,3
66709,72,76,-4,4
66710,91,94,-3,3
66711,57,73,-16,16
66712,68,68,0,0
66713,92,85,7,7
66714,71,71,0,0
66715,100,94,6,6
66716,106,94,12,12
66717,64,59,5,5
66718,58,66,-8,8
66719,74,72,2,2
66720,104,116,-12,12
66721,133,125,8,8
66722,59,58,1,1
66723,77,76,1,1
66724,90,88,2,2
66725,116,92,24,24
66726,94,91,3,3
66727,102,102,0,0
66728,130,128,2,2
66729,115,118,-3,3
66730,79,76,3,3
66731,151,142,9,9
66732,88,99,-11,11
66733,188,172,16,16
66734,91,94,-3,3
66735,81,74,7,7
66736,74,77,-3,3
66737,80,80,0,0
66738,125,120,5,5
66739,140,135,5,5
66740,60,62,-2,2
66741,45,51,-6,6
66742,65,71,-6,6
66743,120,121,-1,1
66744,105,110,-5,5
66745,136,138,-2,2
66746,31,60,-29,29
66747,77,80,-3,3
66748,79,88,-9,9
66749,96,94,2,2
66750,40,63,-23,23
66751,54,58,-4,4
66752,94,86,8,8
66753,83,108,-25,25
66754,54,57,-3,3
66755,92,93,-1,1
66756,146,132,14,14
66757,172,162,10,10
66758,62,62,0,0
66759,155,153,2,2
66760,111,103,8,8
66761,99,95,4,4
66762,126,116,10,10
66763,55,57,-2,2
66764,202,195,7,7
66765,60,62,-2,2
66766,97,92,5,5
66767,111,101,10,10
66768,114,115,-1,1
66769,81,75,6,6
66770,35,49,-14,14
66771,88,85,3,3
66772,62,67,-5,5
66773,84,86,-2,2
66774,96,87,9,9
66775,105,109,-4,4
66776,67,72,-5,5
66777,68,74,-6,6
66778,75,75,0,0
66779,64,68,-4,4
66780,165,146,19,19
66781,92,118,-26,26
66782,136,121,15,15
66783,93,94,-1,1
66784,58,55,3,3
66785,72,75,-3,3
66786,87,84,3,3
66787,53,60,-7,7
66788,138,135,3,3
66789,98,104,-6,6
66790,81,83,-2,2
66791,82,84,-2,2
66792,140,148,-8,8
66793,92,90,2,2
66794,116,118,-2,2
66795,169,159,10,10
66796,76,85,-9,9
66797,70,68,2,2
66798,206,183,23,23
66799,118,112,6,6
66800,82,87,-5,5
66801,143,137,6,6
66802,113,109,4,4
66803,82,78,4,4
66804,72,72,0,0
66805,53,55,-2,2
66806,38,55,-17,17
66807,102,97,5,5
66808,98,101,-3,3
66809,60,65,-5,5
66810,133,131,2,2
66811,108,99,9,9
66812,103,94,9,9
66813,58,62,-4,4
66814,80,82,-2,2
66815,72,71,1,1
66816,103,97,6,6
66817,115,126,-11,11
66818,66,74,-8,8
66819,134,131,3,3
66820,129,123,6,6
66821,82,83,-1,1
66822,92,90,2,2
66823,72,67,5,5
66824,156,153,3,3
66825,97,97,0,0
66826,80,81,-1,1
66827,110,97,13,13
66828,112,102,10,10
66829,73,73,0,0
66830,93,98,-5,5
66831,84,93,-9,9
66832,69,64,5,5
66833,63,78,-15,15
66834,97,96,1,1
66835,51,62,-11,11
66836,117,116,1,1
66837,102,114,-12,12
66838,63,64,-1,1
66839,90,113,-23,23
66840,75,72,3,3
66841,31,78,-47,47
66842,118,123,-5,5
66843,110,125,-15,15
66844,126,125,1,1
66845,132,140,-8,8
66846,94,88,6,6
66847,55,68,-13,13
66848,119,112,7,7
66849,47,51,-4,4
66850,152,137,15,15
66851,38,49,-11,11
66852,96,115,-19,19
66853,79,67,12,12
66854,63,60,3,3
66855,120,122,-2,2
66856,97,87,10,10
66857,65,62,3,3
66858,108,109,-1,1
66859,146,144,2,2
66860,99,108,-9,9
66861,50,53,-3,3
66862,98,95,3,3
66863,61,58,3,3
66864,67,72,-5,5
66865,102,97,5,5
66866,98,89,9,9
66867,127,122,5,5
66868,134,126,8,8
66869,107,107,0,0
66870,62,66,-4,4
66871,83,84,-1,1
66872,41,39,2,2
66873,65,76,-11,11
66874,73,79,-6,6
66875,81,79,2,2
66876,85,81,4,4
66877,85,74,11,11
66878,117,113,4,4
66879,128,133,-5,5
66880,89,89,0,0
66881,42,40,2,2
66882,125,143,-18,18
66883,68,68,0,0
66884,72,80,-8,8
66885,96,95,1,1
66886,134,133,1,1
66887,122,125,-3,3
66888,87,89,-2,2
66889,54,58,-4,4
66890,79,81,-2,2
66891,148,134,14,14
66892,66,72,-6,6
66893,142,137,5,5
66894,106,95,11,11
66895,48,49,-1,1
66896,57,70,-13,13
66897,126,121,5,5
66898,51,57,-6,6
66899,109,120,-11,11
66900,106,110,-4,4
66901,102,101,1,1
66902,94,91,3,3
66903,112,110,2,2
66904,140,128,12,12
66905,117,116,1,1
66906,112,95,17,17
66907,49,65,-16,16
66908,156,147,9,9
66909,89,81,8,8
66910,74,79,-5,5
66911,67,71,-4,4
66912,70,81,-11,11
66913,93,99,-6,6
66914,93,94,-1,1
66915,101,108,-7,7
66916,76,85,-9,9
66917,67,66,1,1
66918,106,102,4,4
66919,72,79,-7,7
66920,65,65,0,0
66921,87,89,-2,2
66922,89,81,8,8
66923,257,290,-33,33
66924,175,169,6,6
66925,69,65,4,4
66926,76,69,7,7
66927,65,65,0,0
66928,153,148,5,5
66929,68,72,-4,4
66930,116,109,7,7
66931,114,123,-9,9
66932,76,82,-6,6
66933,65,61,4,4
66934,104,100,4,4
66935,148,138,10,10
66936,43,46,-3,3
66937,90,88,2,2
66938,99,94,5,5
66939,128,135,-7,7
66940,110,114,-4,4
66941,42,63,-21,21
66942,120,118,2,2
66943,135,112,23,23
66944,134,138,-4,4
66945,116,122,-6,6
66946,138,125,13,13
66947,125,114,11,11
66948,43,48,-5,5
66949,89,76,13,13
66950,126,111,15,15
66951,90,83,7,7
66952,77,79,-2,2
66953,91,92,-1,1
66954,120,110,10,10
66955,63,59,4,4
66956,88,83,5,5
66957,50,53,-3,3
66958,110,112,-2,2
66959,71,68,3,3
66960,81,80,1,1
66961,120,117,3,3
66962,94,91,3,3
66963,51,55,-4,4
66964,84,89,-5,5
66965,96,95,1,1
66966,179,162,17,17
66967,57,53,4,4
66968,114,115,-1,1
66969,111,119,-8,8
66970,111,99,12,12
66971,101,92,9,9
66972,53,48,5,5
66973,97,101,-4,4
66974,98,92,6,6
66975,50,56,-6,6
66976,82,79,3,3
66977,108,100,8,8
66978,59,63,-4,4
66979,69,69,0,0
66980,68,68,0,0
66981,69,78,-9,9
66982,73,77,-4,4
66983,28,35,-7,7
66984,75,75,0,0
66985,68,68,0,0
66986,110,113,-3,3
66987,99,103,-4,4
66988,72,72,0,0
66989,74,74,0,0
66990,70,75,-5,5
66991,109,98,11,11
66992,191,186,5,5
66993,54,53,1,1
66994,119,119,0,0
66995,76,79,-3,3
66996,174,167,7,7
66997,87,85,2,2
66998,88,85,3,3
66999,53,57,-4,4
67000,75,75,0,0
67001,68,62,6,6
67002,118,124,-6,6
67003,114,109,5,5
67004,101,99,2,2
67005,102,100,2,2
67006,82,86,-4,4
67007,100,108,-8,8
67008,134,128,6,6
67009,140,141,-1,1
67010,109,116,-7,7
67011,124,121,3,3
67012,157,136,21,21
67013,67,57,10,10
67014,117,116,1,1
67015,64,64,0,0
67016,89,94,-5,5
67017,52,45,7,7
67018,126,125,1,1
67019,99,98,1,1
67020,82,75,7,7
67021,96,82,14,14
67022,85,78,7,7
67023,68,82,-14,14
67024,132,125,7,7
67025,148,140,8,8
67026,56,56,0,0
67027,173,173,0,0
67028,115,119,-4,4
67029,99,98,1,1
67030,115,126,-11,11
67031,71,77,-6,6
67032,141,137,4,4
67033,111,109,2,2
67034,53,57,-4,4
67035,279,219,60,60
67036,101,86,15,15
67037,93,90,3,3
67038,71,68,3,3
67039,163,157,6,6
67040,52,49,3,3
67041,109,110,-1,1
67042,80,91,-11,11
67043,72,109,-37,37
67044,72,65,7,7
67045,87,82,5,5
67046,82,84,-2,2
67047,74,78,-4,4
67048,156,148,8,8
67049,133,125,8,8
67050,123,116,7,7
67051,63,63,0,0
67052,70,73,-3,3
67053,40,40,0,0
67054,76,83,-7,7
67055,201,195,6,6
67056,76,84,-8,8
67057,109,117,-8,8
67058,116,118,-2,2
67059,45,47,-2,2
67060,59,60,-1,1
67061,104,93,11,11
67062,122,149,-27,27
67063,108,98,10,10
67064,59,67,-8,8
67065,111,121,-10,10
67066,47,45,2,2
67067,123,122,1,1
67068,127,120,7,7
67069,98,98,0,0
67070,90,91,-1,1
67071,70,75,-5,5
67072,102,96,6,6
67073,101,100,1,1
67074,72,90,-18,18
67075,86,108,-22,22
67076,77,80,-3,3
67077,175,149,26,26
67078,85,85,0,0
67079,109,109,0,0
67080,143,136,7,7
67081,79,87,-8,8
67082,81,80,1,1
67083,110,99,11,11
67084,68,76,-8,8
67085,107,107,0,0
67086,115,114,1,1
67087,120,122,-2,2
67088,67,69,-2,2
67089,95,85,10,10
67090,116,116,0,0
67091,83,86,-3,3
67092,97,89,8,8
67093,85,90,-5,5
67094,91,102,-11,11
67095,147,137,10,10
67096,60,65,-5,5
67097,104,99,5,5
67098,99,98,1,1
67099,142,130,12,12
67100,65,63,2,2
67101,58,61,-3,3
67102,81,89,-8,8
67103,85,83,2,2
67104,158,152,6,6
67105,57,56,1,1
67106,32,35,-3,3
67107,161,152,9,9
67108,139,133,6,6
67109,123,115,8,8
67110,141,145,-4,4
67111,127,124,3,3
67112,65,65,0,0
67113,177,162,15,15
67114,131,129,2,2
67115,140,135,5,5
67116,51,58,-7,7
67117,85,85,0,0
67118,75,76,-1,1
67119,103,97,6,6
67120,155,140,15,15
67121,85,82,3,3
67122,72,74,-2,2
67123,80,69,11,11
67124,62,64,-2,2
67125,58,59,-1,1
67126,53,56,-3,3
67127,76,85,-9,9
67128,117,121,-4,4
67129,75,70,5,5
67130,138,128,10,10
67131,82,76,6,6
67132,79,82,-3,3
67133,83,93,-10,10
67134,79,77,2,2
67135,141,131,10,10
67136,76,72,4,4
67137,165,152,13,13
67138,150,151,-1,1
67139,65,63,2,2
67140,37,41,-4,4
67141,55,56,-1,1
67142,227,211,16,16
67143,82,84,-2,2
67144,70,68,2,2
67145,57,60,-3,3
67146,73,66,7,7
67147,78,77,1,1
67148,58,61,-3,3
67149,87,87,0,0
67150,48,58,-10,10
67151,127,131,-4,4
67152,65,60,5,5
67153,111,93,18,18
67154,74,71,3,3
67155,103,97,6,6
67156,91,82,9,9
67157,188,199,-11,11
67158,98,113,-15,15
67159,86,83,3,3
67160,68,63,5,5
67161,99,97,2,2
67162,68,69,-1,1
67163,87,86,1,1
67164,110,115,-5,5
67165,53,64,-11,11
67166,75,76,-1,1
67167,113,114,-1,1
67168,103,123,-20,20
67169,48,59,-11,11
67170,180,166,14,14
67171,67,74,-7,7
67172,69,75,-6,6
67173,114,121,-7,7
67174,82,76,6,6
67175,152,146,6,6
67176,108,113,-5,5
67177,126,122,4,4
67178,126,139,-13,13
67179,68,79,-11,11
67180,111,107,4,4
67181,127,116,11,11
67182,106,101,5,5
67183,93,102,-9,9
67184,134,139,-5,5
67185,65,70,-5,5
67186,129,114,15,15
67187,84,85,-1,1
67188,64,66,-2,2
67189,147,140,7,7
67190,123,117,6,6
67191,102,99,3,3
67192,66,59,7,7
67193,56,60,-4,4
67194,99,109,-10,10
67195,92,85,7,7
67196,96,94,2,2
67197,125,136,-11,11
67198,85,81,4,4
67199,100,93,7,7
67200,77,78,-1,1
67201,69,70,-1,1
67202,95,95,0,0
67203,87,81,6,6
67204,112,114,-2,2
67205,124,124,0,0
67206,99,89,10,10
67207,65,63,2,2
67208,119,102,17,17
67209,66,71,-5,5
67210,89,86,3,3
67211,139,129,10,10
67212,111,100,11,11
67213,81,93,-12,12
67214,100,98,2,2
67215,82,76,6,6
67216,145,156,-11,11
67217,91,92,-1,1
67218,187,191,-4,4
67219,84,85,-1,1
67220,45,54,-9,9
67221,116,118,-2,2
67222,69,69,0,0
67223,80,86,-6,6
67224,44,40,4,4
67225,93,99,-6,6
67226,58,56,2,2
67227,74,81,-7,7
67228,74,75,-1,1
67229,99,112,-13,13
67230,93,93,0,0
67231,67,61,6,6
67232,108,111,-3,3
67233,108,114,-6,6
67234,116,101,15,15
67235,127,110,17,17
67236,98,94,4,4
67237,115,126,-11,11
67238,131,131,0,0
67239,185,165,20,20
67240,120,104,16,16
67241,75,77,-2,2
67242,165,134,31,31
67243,44,73,-29,29
67244,82,83,-1,1
67245,66,76,-10,10
67246,72,76,-4,4
67247,137,129,8,8
67248,66,73,-7,7
67249,79,94,-15,15
67250,48,54,-6,6
67251,76,76,0,0
67252,87,80,7,7
67253,90,82,8,8
67254,67,72,-5,5
67255,139,138,1,1
67256,52,55,-3,3
67257,97,89,8,8
67258,135,126,9,9
67259,60,52,8,8
67260,65,69,-4,4
67261,61,56,5,5
67262,175,165,10,10
67263,146,134,12,12
67264,64,74,-10,10
67265,122,121,1,1
67266,66,67,-1,1
67267,62,64,-2,2
67268,97,101,-4,4
67269,117,121,-4,4
67270,72,77,-5,5
67271,66,83,-17,17
67272,147,121,26,26
67273,139,127,12,12
67274,143,149,-6,6
67275,106,111,-5,5
67276,81,91,-10,10
67277,85,73,12,12
67278,112,104,8,8
67279,74,84,-10,10
67280,157,146,11,11
67281,76,74,2,2
67282,69,66,3,3
67283,133,127,6,6
67284,79,88,-9,9
67285,58,63,-5,5
67286,111,114,-3,3
67287,195,177,18,18
67288,129,114,15,15
67289,58,73,-15,15
67290,101,112,-11,11
67291,186,173,13,13
67292,76,69,7,7
67293,72,72,0,0
67294,100,109,-9,9
67295,60,60,0,0
67296,59,62,-3,3
67297,118,114,4,4
67298,195,173,22,22
67299,92,88,4,4
67300,245,249,-4,4
67301,102,113,-11,11
67302,84,85,-1,1
67303,95,93,2,2
67304,126,121,5,5
67305,101,92,9,9
67306,192,170,22,22
67307,118,118,0,0
67308,72,80,-8,8
67309,66,72,-6,6
67310,72,75,-3,3
67311,75,71,4,4
67312,47,53,-6,6
67313,53,58,-5,5
67314,75,81,-6,6
67315,77,91,-14,14
67316,133,138,-5,5
67317,66,68,-2,2
67318,122,128,-6,6
67319,151,153,-2,2
67320,95,113,-18,18
67321,70,80,-10,10
67322,66,66,0,0
67323,101,99,2,2
67324,92,84,8,8
67325,94,85,9,9
67326,80,69,11,11
67327,86,92,-6,6
67328,99,88,11,11
67329,167,151,16,16
67330,104,97,7,7
67331,92,83,9,9
67332,82,95,-13,13
67333,93,89,4,4
67334,57,57,0,0
67335,80,78,2,2
67336,154,134,20,20
67337,92,85,7,7
67338,121,113,8,8
67339,90,97,-7,7
67340,94,94,0,0
67341,100,99,1,1
67342,55,63,-8,8
67343,179,176,3,3
67344,157,144,13,13
67345,58,67,-9,9
67346,94,109,-15,15
67347,85,80,5,5
67348,55,64,-9,9
67349,72,63,9,9
67350,114,112,2,2
67351,99,107,-8,8
67352,75,71,4,4
67353,45,49,-4,4
67354,58,57,1,1
67355,110,109,1,1
67356,69,74,-5,5
67357,68,68,0,0
67358,102,95,7,7
67359,77,84,-7,7
67360,85,80,5,5
67361,112,111,1,1
67362,40,44,-4,4
67363,73,78,-5,5
67364,76,82,-6,6
67365,65,66,-1,1
67366,72,85,-13,13
67367,89,112,-23,23
67368,110,116,-6,6
67369,91,90,1,1
67370,59,87,-28,28
67371,90,82,8,8
67372,84,84,0,0
67373,130,125,5,5
67374,63,60,3,3
67375,63,69,-6,6
67376,87,84,3,3
67377,106,115,-9,9
67378,145,137,8,8
67379,128,130,-2,2
67380,81,84,-3,3
67381,111,96,15,15
67382,76,81,-5,5
67383,53,65,-12,12
67384,82,82,0,0
67385,100,99,1,1
67386,74,83,-9,9
67387,105,110,-5,5
67388,58,59,-1,1
67389,102,108,-6,6
67390,113,108,5,5
67391,99,108,-9,9
67392,113,114,-1,1
67393,55,60,-5,5
67394,98,89,9,9
67395,108,113,-5,5
67396,54,53,1,1
67397,99,94,5,5
67398,78,78,0,0
67399,68,55,13,13
67400,45,52,-7,7
67401,71,77,-6,6
67402,216,196,20,20
67403,103,99,4,4
67404,77,76,1,1
67405,64,69,-5,5
67406,108,113,-5,5
67407,106,86,20,20
67408,124,110,14,14
67409,71,70,1,1
67410,91,83,8,8
67411,80,87,-7,7
67412,122,122,0,0
67413,105,109,-4,4
67414,80,83,-3,3
67415,142,122,20,20
67416,64,89,-25,25
67417,95,78,17,17
67418,112,124,-12,12
67419,83,75,8,8
67420,147,134,13,13
67421,47,50,-3,3
67422,80,85,-5,5
67423,104,114,-10,10
67424,71,75,-4,4
67425,67,68,-1,1
67426,69,74,-5,5
67427,82,81,1,1
67428,85,78,7,7
67429,144,143,1,1
67430,81,88,-7,7
67431,141,141,0,0
67432,86,77,9,9
67433,176,174,2,2
67434,74,68,6,6
67435,91,88,3,3
67436,102,85,17,17
67437,74,68,6,6
67438,97,93,4,4
67439,60,65,-5,5
67440,97,99,-2,2
67441,119,117,2,2
67442,97,108,-11,11
67443,70,72,-2,2
67444,102,93,9,9
67445,61,68,-7,7
67446,86,76,10,10
67447,45,47,-2,2
67448,51,54,-3,3
67449,130,133,-3,3
67450,74,78,-4,4
67451,78,81,-3,3
67452,163,162,1,1
67453,52,63,-11,11
67454,99,106,-7,7
67455,84,89,-5,5
67456,109,101,8,8
67457,84,86,-2,2
67458,88,97,-9,9
67459,117,112,5,5
67460,186,173,13,13
67461,55,51,4,4
67462,65,78,-13,13
67463,119,129,-10,10
67464,71,74,-3,3
67465,87,82,5,5
67466,51,60,-9,9
67467,46,48,-2,2
67468,61,63,-2,2
67469,103,91,12,12
67470,84,80,4,4
67471,56,60,-4,4
67472,73,74,-1,1
67473,84,85,-1,1
67474,127,112,15,15
67475,178,178,0,0
67476,71,73,-2,2
67477,107,101,6,6
67478,111,100,11,11
67479,69,73,-4,4
67480,94,94,0,0
67481,45,51,-6,6
67482,94,101,-7,7
67483,120,126,-6,6
67484,63,67,-4,4
67485,78,70,8,8
67486,40,47,-7,7
67487,114,108,6,6
67488,112,108,4,4
67489,152,144,8,8
67490,184,158,26,26
67491,84,79,5,5
67492,122,113,9,9
67493,108,96,12,12
67494,64,65,-1,1
67495,114,113,1,1
67496,143,145,-2,2
67497,97,84,13,13
67498,99,96,3,3
67499,145,149,-4,4
67500,63,69,-6,6
67501,111,113,-2,2
67502,68,74,-6,6
67503,108,117,-9,9
67504,94,83,11,11
67505,77,79,-2,2
67506,49,53,-4,4
67507,82,83,-1,1
67508,66,68,-2,2
67509,74,68,6,6
67510,142,148,-6,6
67511,82,86,-4,4
67512,87,82,5,5
67513,78,79,-1,1
67514,58,62,-4,4
67515,108,110,-2,2
67516,50,80,-30,30
67517,170,161,9,9
67518,74,77,-3,3
67519,102,101,1,1
67520,95,92,3,3
67521,90,84,6,6
67522,118,116,2,2
67523,70,67,3,3
67524,111,112,-1,1
67525,96,108,-12,12
67526,81,80,1,1
67527,110,102,8,8
67528,94,86,8,8
67529,99,109,-10,10
67530,107,111,-4,4
67531,129,133,-4,4
67532,135,124,11,11
67533,123,115,8,8
67534,67,71,-4,4
67535,79,78,1,1
67536,91,95,-4,4
67537,72,71,1,1
67538,150,158,-8,8
67539,117,127,-10,10
67540,60,65,-5,5
67541,102,109,-7,7
67542,32,45,-13,13
67543,65,65,0,0
67544,163,158,5,5
67545,99,96,3,3
67546,76,72,4,4
67547,146,131,15,15
67548,137,131,6,6
67549,131,135,-4,4
67550,152,141,11,11
67551,93,109,-16,16
67552,78,75,3,3
67553,83,80,3,3
67554,109,94,15,15
67555,134,139,-5,5
67556,56,73,-17,17
67557,82,80,2,2
67558,50,41,9,9
67559,104,108,-4,4
67560,78,80,-2,2
67561,60,60,0,0
67562,137,127,10,10
67563,64,62,2,2
67564,144,145,-1,1
67565,49,53,-4,4
67566,104,99,5,5
67567,66,66,0,0
67568,71,69,2,2
67569,128,121,7,7
67570,84,109,-25,25
67571,141,150,-9,9
67572,97,90,7,7
67573,52,58,-6,6
67574,74,74,0,0
67575,98,114,-16,16
67576,71,70,1,1
67577,56,57,-1,1
67578,71,77,-6,6
67579,123,117,6,6
67580,146,124,22,22
67581,77,76,1,1
67582,68,75,-7,7
67583,110,90,20,20
67584,85,80,5,5
67585,162,123,39,39
67586,105,93,12,12
67587,68,68,0,0
67588,100,90,10,10
67589,103,98,5,5
67590,121,112,9,9
67591,96,87,9,9
67592,199,173,26,26
67593,83,84,-1,1
67594,91,88,3,3
67595,61,65,-4,4
67596,103,111,-8,8
67597,95,96,-1,1
67598,68,74,-6,6
67599,94,91,3,3
67600,54,58,-4,4
67601,160,135,25,25
67602,123,111,12,12
67603,154,142,12,12
67604,48,54,-6,6
67605,66,71,-5,5
67606,81,80,1,1
67607,56,60,-4,4
67608,160,140,20,20
67609,121,150,-29,29
67610,103,87,16,16
67611,126,121,5,5
67612,82,79,3,3
67613,63,76,-13,13
67614,88,88,0,0
67615,111,119,-8,8
67616,139,134,5,5
67617,103,99,4,4
67618,74,79,-5,5
67619,133,127,6,6
67620,49,55,-6,6
67621,93,87,6,6
67622,86,85,1,1
67623,77,68,9,9
67624,56,72,-16,16
67625,66,63,3,3
67626,132,127,5,5
67627,149,135,14,14
67628,39,39,0,0
67629,117,114,3,3
67630,98,98,0,0
67631,59,60,-1,1
67632,146,146,0,0
67633,106,96,10,10
67634,63,68,-5,5
67635,90,90,0,0
67636,73,80,-7,7
67637,80,76,4,4
67638,89,88,1,1
67639,88,87,1,1
67640,51,52,-1,1
67641,85,82,3,3
67642,106,126,-20,20
67643,136,129,7,7
67644,46,46,0,0
67645,107,115,-8,8
67646,154,159,-5,5
67647,109,111,-2,2
67648,79,76,3,3
67649,94,83,11,11
67650,64,67,-3,3
67651,63,62,1,1
67652,62,62,0,0
67653,58,67,-9,9
67654,48,52,-4,4
67655,67,69,-2,2
67656,74,75,-1,1
67657,94,90,4,4
67658,75,74,1,1
67659,158,143,15,15
67660,134,123,11,11
67661,189,173,16,16
67662,62,71,-9,9
67663,73,70,3,3
67664,89,93,-4,4
67665,42,38,4,4
67666,129,119,10,10
67667,65,68,-3,3
67668,49,54,-5,5
67669,163,151,12,12
67670,93,87,6,6
67671,185,168,17,17
67672,91,91,0,0
67673,43,48,-5,5
67674,163,162,1,1
67675,65,69,-4,4
67676,49,46,3,3
67677,62,62,0,0
67678,123,133,-10,10
67679,78,79,-1,1
67680,144,133,11,11
67681,75,100,-25,25
67682,83,78,5,5
67683,122,92,30,30
67684,92,91,1,1
67685,101,99,2,2
67686,75,85,-10,10
67687,130,115,15,15
67688,160,151,9,9
67689,58,65,-7,7
67690,154,146,8,8
67691,101,93,8,8
67692,54,61,-7,7
67693,177,170,7,7
67694,198,179,19,19
67695,98,108,-10,10
67696,87,100,-13,13
67697,116,114,2,2
67698,63,61,2,2
67699,95,89,6,6
67700,57,54,3,3
67701,64,61,3,3
67702,69,60,9,9
67703,79,78,1,1
67704,89,100,-11,11
67705,53,58,-5,5
67706,94,95,-1,1
67707,85,94,-9,9
67708,85,86,-1,1
67709,80,90,-10,10
67710,80,87,-7,7
67711,95,86,9,9
67712,95,90,5,5
67713,72,79,-7,7
67714,59,60,-1,1
67715,122,103,19,19
67716,76,72,4,4
67717,103,88,15,15
67718,80,84,-4,4
67719,84,84,0,0
67720,108,109,-1,1
67721,94,94,0,0
67722,128,123,5,5
67723,121,122,-1,1
67724,156,140,16,16
67725,120,115,5,5
67726,97,94,3,3
67727,87,101,-14,14
67728,116,112,4,4
67729,48,47,1,1
67730,139,131,8,8
67731,93,85,8,8
67732,184,191,-7,7
67733,62,62,0,0
67734,116,125,-9,9
67735,114,109,5,5
67736,104,99,5,5
67737,94,98,-4,4
67738,169,164,5,5
67739,89,93,-4,4
67740,91,99,-8,8
67741,97,98,-1,1
67742,111,111,0,0
67743,69,71,-2,2
67744,120,115,5,5
67745,105,126,-21,21
67746,99,101,-2,2
67747,37,66,-29,29
67748,105,92,13,13
67749,69,72,-3,3
67750,67,67,0,0
67751,31,40,-9,9
67752,60,65,-5,5
67753,90,96,-6,6
67754,74,72,2,2
67755,123,115,8,8
67756,97,100,-3,3
67757,55,49,6,6
67758,127,120,7,7
67759,122,120,2,2
67760,103,104,-1,1
67761,141,135,6,6
67762,67,67,0,0
67763,113,121,-8,8
67764,135,137,-2,2
67765,203,187,16,16
67766,88,90,-2,2
67767,94,101,-7,7
67768,103,103,0,0
67769,86,84,2,2
67770,143,139,4,4
67771,52,48,4,4
67772,75,83,-8,8
67773,114,121,-7,7
67774,92,82,10,10
67775,113,109,4,4
67776,123,124,-1,1
67777,68,72,-4,4
67778,86,98,-12,12
67779,27,37,-10,10
67780,126,127,-1,1
67781,89,84,5,5
67782,113,102,11,11
67783,106,98,8,8
67784,90,85,5,5
67785,82,75,7,7
67786,88,93,-5,5
67787,97,96,1,1
67788,141,132,9,9
67789,123,111,12,12
67790,188,197,-9,9
67791,108,110,-2,2
67792,73,73,0,0
67793,104,109,-5,5
67794,87,90,-3,3
67795,78,83,-5,5
67796,75,74,1,1
67797,153,142,11,11
67798,74,71,3,3
67799,129,116,13,13
67800,117,111,6,6
67801,82,86,-4,4
67802,103,97,6,6
67803,93,82,11,11
67804,89,91,-2,2
67805,44,51,-7,7
67806,76,74,2,2
67807,79,94,-15,15
67808,87,88,-1,1
67809,38,39,-1,1
67810,120,119,1,1
67811,88,92,-4,4
67812,155,140,15,15
67813,120,111,9,9
67814,89,81,8,8
67815,100,94,6,6
67816,66,63,3,3
67817,85,92,-7,7
67818,90,77,13,13
67819,126,120,6,6
67820,153,133,20,20
67821,83,80,3,3
67822,113,109,4,4
67823,88,91,-3,3
67824,152,157,-5,5
67825,104,96,8,8
67826,75,74,1,1
67827,48,49,-1,1
67828,127,115,12,12
67829,79,76,3,3
67830,117,115,2,2
67831,63,70,-7,7
67832,113,121,-8,8
67833,143,156,-13,13
67834,110,111,-1,1
67835,75,86,-11,11
67836,48,54,-6,6
67837,64,85,-21,21
67838,99,98,1,1
67839,91,86,5,5
67840,111,108,3,3
67841,89,87,2,2
67842,141,135,6,6
67843,101,92,9,9
67844,74,71,3,3
67845,124,110,14,14
67846,115,118,-3,3
67847,94,108,-14,14
67848,110,113,-3,3
67849,70,74,-4,4
67850,89,96,-7,7
67851,53,55,-2,2
67852,85,93,-8,8
67853,166,153,13,13
67854,77,72,5,5
67855,76,69,7,7
67856,137,143,-6,6
67857,79,85,-6,6
67858,144,121,23,23
67859,57,49,8,8
67860,102,106,-4,4
67861,77,78,-1,1
67862,105,112,-7,7
67863,99,94,5,5
67864,40,42,-2,2
67865,96,90,6,6
67866,99,100,-1,1
67867,69,67,2,2
67868,111,102,9,9
67869,119,127,-8,8
67870,152,144,8,8
67871,138,133,5,5
67872,146,161,-15,15
67873,79,98,-19,19
67874,113,109,4,4
67875,65,72,-7,7
67876,135,119,16,16
67877,58,40,18,18
67878,68,77,-9,9
67879,103,95,8,8
67880,110,115,-5,5
67881,57,61,-4,4
67882,191,179,12,12
67883,87,82,5,5
67884,130,123,7,7
67885,94,93,1,1
67886,101,109,-8,8
67887,52,47,5,5
67888,134,133,1,1
67889,75,75,0,0
67890,91,99,-8,8
67891,109,110,-1,1
67892,96,90,6,6
67893,55,57,-2,2
67894,114,110,4,4
67895,159,145,14,14
67896,74,73,1,1
67897,89,96,-7,7
67898,45,53,-8,8
67899,50,70,-20,20
67900,78,73,5,5
67901,136,142,-6,6
67902,81,80,1,1
67903,104,94,10,10
67904,42,46,-4,4
67905,45,47,-2,2
67906,91,82,9,9
67907,81,79,2,2
67908,73,75,-2,2
67909,163,150,13,13
67910,62,61,1,1
67911,62,82,-20,20
67912,117,109,8,8
67913,91,94,-3,3
67914,81,91,-10,10
67915,183,157,26,26
67916,115,116,-1,1
67917,45,41,4,4
67918,67,69,-2,2
67919,73,71,2,2
67920,115,117,-2,2
67921,143,133,10,10
67922,122,115,7,7
67923,158,140,18,18
67924,132,128,4,4
67925,56,63,-7,7
67926,138,136,2,2
67927,128,117,11,11
67928,170,162,8,8
67929,101,101,0,0
67930,147,145,2,2
67931,116,116,0,0
67932,97,115,-18,18
67933,116,123,-7,7
67934,73,73,0,0
67935,58,56,2,2
67936,99,90,9,9
67937,148,155,-7,7
67938,56,57,-1,1
67939,144,148,-4,4
67940,73,68,5,5
67941,124,136,-12,12
67942,58,85,-27,27
67943,72,76,-4,4
67944,57,56,1,1
67945,77,67,10,10
67946,93,92,1,1
67947,136,129,7,7
67948,56,59,-3,3
67949,106,96,10,10
67950,68,62,6,6
67951,107,104,3,3
67952,137,133,4,4
67953,51,55,-4,4
67954,161,156,5,5
67955,75,72,3,3
67956,207,181,26,26
67957,134,144,-10,10
67958,139,138,1,1
67959,85,86,-1,1
67960,64,68,-4,4
67961,57,58,-1,1
67962,87,86,1,1
67963,143,138,5,5
67964,89,93,-4,4
67965,78,79,-1,1
67966,73,91,-18,18
67967,188,198,-10,10
67968,115,98,17,17
67969,119,93,26,26
67970,74,76,-2,2
67971,96,99,-3,3
67972,64,68,-4,4
67973,117,114,3,3
67974,127,130,-3,3
67975,70,74,-4,4
67976,97,102,-5,5
67977,163,163,0,0
67978,143,132,11,11
67979,69,77,-8,8
67980,98,109,-11,11
67981,87,84,3,3
67982,100,100,0,0
67983,111,122,-11,11
67984,129,135,-6,6
67985,94,81,13,13
67986,124,123,1,1
67987,70,74,-4,4
67988,64,64,0,0
67989,131,125,6,6
67990,81,89,-8,8
67991,121,114,7,7
67992,139,131,8,8
67993,49,54,-5,5
67994,54,59,-5,5
67995,109,115,-6,6
67996,71,79,-8,8
67997,124,113,11,11
67998,110,98,12,12
67999,103,104,-1,1
68000,104,114,-10,10
68001,95,115,-20,20
68002,85,71,14,14
68003,83,75,8,8
68004,111,119,-8,8
68005,68,56,12,12
68006,76,73,3,3
68007,47,49,-2,2
68008,143,126,17,17
68009,64,64,0,0
68010,102,108,-6,6
68011,77,81,-4,4
68012,52,59,-7,7
68013,52,56,-4,4
68014,75,78,-3,3
68015,83,78,5,5
68016,70,68,2,2
68017,44,49,-5,5
68018,41,49,-8,8
68019,77,72,5,5
68020,53,54,-1,1
68021,132,135,-3,3
68022,112,104,8,8
68023,81,75,6,6
68024,85,85,0,0
68025,90,86,4,4
68026,51,55,-4,4
68027,55,63,-8,8
68028,45,54,-9,9
68029,52,53,-1,1
68030,98,95,3,3
68031,72,74,-2,2
68032,239,226,13,13
68033,123,112,11,11
68034,164,152,12,12
68035,75,76,-1,1
68036,145,143,2,2
68037,63,67,-4,4
68038,63,96,-33,33
68039,100,105,-5,5
68040,110,115,-5,5
68041,76,89,-13,13
68042,94,99,-5,5
68043,109,97,12,12
68044,59,67,-8,8
68045,140,155,-15,15
68046,83,75,8,8
68047,136,128,8,8
68048,50,51,-1,1
68049,85,76,9,9
68050,113,103,10,10
68051,49,58,-9,9
68052,98,81,17,17
68053,80,66,14,14
68054,95,95,0,0
68055,129,133,-4,4
68056,89,80,9,9
68057,115,112,3,3
68058,73,78,-5,5
68059,75,81,-6,6
68060,168,153,15,15
68061,52,59,-7,7
68062,76,72,4,4
68063,104,108,-4,4
68064,124,110,14,14
68065,113,119,-6,6
68066,80,75,5,5
68067,79,103,-24,24
68068,89,90,-1,1
68069,90,81,9,9
68070,46,50,-4,4
68071,80,74,6,6
68072,108,120,-12,12
68073,46,47,-1,1
68074,106,100,6,6
68075,139,137,2,2
68076,99,100,-1,1
68077,50,51,-1,1
68078,65,64,1,1
68079,69,72,-3,3
68080,125,124,1,1
68081,97,94,3,3
68082,84,87,-3,3
68083,114,121,-7,7
68084,39,37,2,2
68085,106,96,10,10
68086,88,92,-4,4
68087,80,83,-3,3
68088,178,167,11,11
68089,104,113,-9,9
68090,76,71,5,5
68091,108,96,12,12
68092,82,91,-9,9
68093,44,47,-3,3
68094,67,65,2,2
68095,69,75,-6,6
68096,69,66,3,3
68097,112,109,3,3
68098,151,138,13,13
68099,47,50,-3,3
68100,70,68,2,2
68101,86,83,3,3
68102,95,97,-2,2
68103,68,72,-4,4
68104,44,45,-1,1
68105,70,74,-4,4
68106,132,125,7,7
68107,66,70,-4,4
68108,104,98,6,6
68109,155,148,7,7
68110,136,134,2,2
68111,74,74,0,0
68112,109,112,-3,3
68113,88,93,-5,5
68114,156,163,-7,7
68115,153,151,2,2
68116,83,74,9,9
68117,88,81,7,7
68118,167,172,-5,5
68119,44,49,-5,5
68120,124,111,13,13
68121,71,68,3,3
68122,131,115,16,16
68123,94,85,9,9
68124,64,66,-2,2
68125,81,79,2,2
68126,69,69,0,0
68127,52,52,0,0
68128,84,86,-2,2
68129,59,60,-1,1
68130,117,119,-2,2
68131,115,110,5,5
68132,86,88,-2,2
68133,111,108,3,3
68134,69,74,-5,5
68135,119,112,7,7
68136,73,71,2,2
68137,81,77,4,4
68138,79,91,-12,12
68139,89,98,-9,9
68140,51,53,-2,2
68141,63,65,-2,2
68142,87,91,-4,4
68143,116,115,1,1
68144,115,109,6,6
68145,111,116,-5,5
68146,38,45,-7,7
68147,130,136,-6,6
68148,100,93,7,7
68149,60,53,7,7
68150,91,83,8,8
68151,67,67,0,0
68152,73,62,11,11
68153,152,153,-1,1
68154,199,186,13,13
68155,156,145,11,11
68156,61,66,-5,5
68157,109,98,11,11
68158,69,71,-2,2
68159,87,89,-2,2
68160,65,67,-2,2
68161,83,87,-4,4
68162,94,95,-1,1
68163,104,91,13,13
68164,72,76,-4,4
68165,74,88,-14,14
68166,93,83,10,10
68167,88,82,6,6
68168,88,82,6,6
68169,75,86,-11,11
68170,102,107,-5,5
68171,72,73,-1,1
68172,95,81,14,14
68173,98,97,1,1
68174,86,85,1,1
68175,91,109,-18,18
68176,67,64,3,3
68177,73,77,-4,4
68178,129,134,-5,5
68179,64,63,1,1
68180,94,95,-1,1
68181,123,115,8,8
68182,89,87,2,2
68183,45,52,-7,7
68184,95,93,2,2
68185,77,78,-1,1
68186,61,66,-5,5
68187,151,157,-6,6
68188,53,55,-2,2
68189,109,107,2,2
68190,84,88,-4,4
68191,86,92,-6,6
68192,105,100,5,5
68193,107,117,-10,10
68194,97,109,-12,12
68195,41,46,-5,5
68196,69,71,-2,2
68197,111,81,30,30
68198,40,44,-4,4
68199,140,137,3,3
68200,65,68,-3,3
68201,149,123,26,26
68202,46,46,0,0
68203,103,99,4,4
68204,80,81,-1,1
68205,41,43,-2,2
68206,97,130,-33,33
68207,65,65,0,0
68208,124,147,-23,23
68209,65,65,0,0
68210,85,81,4,4
68211,151,148,3,3
68212,75,72,3,3
68213,92,94,-2,2
68214,96,90,6,6
68215,120,128,-8,8
68216,71,68,3,3
68217,77,82,-5,5
68218,84,93,-9,9
68219,100,109,-9,9
68220,105,117,-12,12
68221,123,115,8,8
68222,53,57,-4,4
68223,178,176,2,2
68224,99,97,2,2
68225,64,66,-2,2
68226,78,84,-6,6
68227,108,102,6,6
68228,77,78,-1,1
68229,157,141,16,16
68230,72,77,-5,5
68231,68,70,-2,2
68232,87,76,11,11
68233,70,78,-8,8
68234,52,60,-8,8
68235,85,77,8,8
68236,100,107,-7,7
68237,71,64,7,7
68238,109,113,-4,4
68239,154,165,-11,11
68240,96,75,21,21
68241,78,87,-9,9
68242,82,91,-9,9
68243,114,112,2,2
68244,103,110,-7,7
68245,118,123,-5,5
68246,87,92,-5,5
68247,121,129,-8,8
68248,94,95,-1,1
68249,62,61,1,1
68250,89,83,6,6
68251,105,101,4,4
68252,85,83,2,2
68253,79,88,-9,9
68254,86,83,3,3
68255,100,99,1,1
68256,104,97,7,7
68257,83,80,3,3
68258,90,86,4,4
68259,112,128,-16,16
68260,69,73,-4,4
68261,121,104,17,17
68262,84,90,-6,6
68263,87,83,4,4
68264,92,91,1,1
68265,147,145,2,2
68266,86,88,-2,2
68267,89,83,6,6
68268,52,65,-13,13
68269,110,109,1,1
68270,145,138,7,7
68271,87,87,0,0
68272,107,79,28,28
68273,145,119,26,26
68274,55,58,-3,3
68275,51,62,-11,11
68276,95,92,3,3
68277,101,96,5,5
68278,72,66,6,6
68279,90,84,6,6
68280,91,79,12,12
68281,94,100,-6,6
68282,60,67,-7,7
68283,59,56,3,3
68284,96,89,7,7
68285,55,59,-4,4
68286,101,85,16,16
68287,95,98,-3,3
68288,113,106,7,7
68289,77,71,6,6
68290,114,128,-14,14
68291,101,111,-10,10
68292,100,110,-10,10
68293,64,69,-5,5
68294,100,96,4,4
68295,158,143,15,15
68296,81,84,-3,3
68297,62,66,-4,4
68298,136,131,5,5
68299,156,147,9,9
68300,160,149,11,11
68301,128,131,-3,3
68302,49,48,1,1
68303,135,124,11,11
68304,81,85,-4,4
68305,85,86,-1,1
68306,74,71,3,3
68307,141,134,7,7
68308,98,94,4,4
68309,140,136,4,4
68310,102,93,9,9
68311,91,106,-15,15
68312,68,68,0,0
68313,117,111,6,6
68314,57,55,2,2
68315,70,74,-4,4
68316,203,169,34,34
68317,96,111,-15,15
68318,128,128,0,0
68319,81,77,4,4
68320,81,91,-10,10
68321,66,60,6,6
68322,128,123,5,5
68323,150,145,5,5
68324,79,88,-9,9
68325,68,72,-4,4
68326,57,59,-2,2
68327,63,72,-9,9
68328,110,114,-4,4
68329,84,82,2,2
68330,84,70,14,14
68331,59,59,0,0
68332,101,88,13,13
68333,73,76,-3,3
68334,82,85,-3,3
68335,163,156,7,7
68336,113,111,2,2
68337,95,72,23,23
68338,73,77,-4,4
68339,83,81,2,2
68340,114,115,-1,1
68341,136,118,18,18
68342,86,86,0,0
68343,81,77,4,4
68344,108,117,-9,9
68345,149,152,-3,3
68346,101,98,3,3
68347,78,77,1,1
68348,126,119,7,7
68349,122,131,-9,9
68350,112,104,8,8
68351,67,63,4,4
68352,62,61,1,1
68353,112,106,6,6
68354,171,159,12,12
68355,65,62,3,3
68356,97,85,12,12
68357,43,45,-2,2
68358,71,59,12,12
68359,71,68,3,3
68360,55,44,11,11
68361,72,84,-12,12
68362,85,84,1,1
68363,190,173,17,17
68364,97,97,0,0
68365,100,96,4,4
68366,75,76,-1,1
68367,130,114,16,16
68368,60,60,0,0
68369,105,101,4,4
68370,85,82,3,3
68371,89,93,-4,4
68372,93,93,0,0
68373,39,52,-13,13
68374,74,67,7,7
68375,148,151,-3,3
68376,136,130,6,6
68377,61,74,-13,13
68378,181,172,9,9
68379,99,92,7,7
68380,165,157,8,8
68381,97,91,6,6
68382,116,109,7,7
68383,105,111,-6,6
68384,50,47,3,3
68385,71,83,-12,12
68386,115,112,3,3
68387,61,58,3,3
68388,101,107,-6,6
68389,80,81,-1,1
68390,100,110,-10,10
68391,79,90,-11,11
68392,121,118,3,3
68393,85,95,-10,10
68394,87,89,-2,2
68395,61,65,-4,4
68396,125,131,-6,6
68397,85,89,-4,4
68398,87,89,-2,2
68399,64,68,-4,4
68400,66,67,-1,1
68401,85,88,-3,3
68402,159,145,14,14
68403,132,136,-4,4
68404,96,96,0,0
68405,100,110,-10,10
68406,76,73,3,3
68407,117,123,-6,6
68408,101,115,-14,14
68409,86,85,1,1
68410,117,114,3,3
68411,96,88,8,8
68412,55,61,-6,6
68413,145,136,9,9
68414,68,75,-7,7
68415,71,68,3,3
68416,129,122,7,7
68417,121,120,1,1
68418,92,79,13,13
68419,57,62,-5,5
68420,50,46,4,4
68421,56,61,-5,5
68422,52,56,-4,4
68423,61,60,1,1
68424,164,155,9,9
68425,119,116,3,3
68426,85,80,5,5
68427,83,78,5,5
68428,149,139,10,10
68429,103,93,10,10
68430,61,45,16,16
68431,142,142,0,0
68432,80,83,-3,3
68433,49,55,-6,6
68434,109,95,14,14
68435,101,100,1,1
68436,77,80,-3,3
68437,160,170,-10,10
68438,108,115,-7,7
68439,137,133,4,4
68440,125,125,0,0
68441,76,74,2,2
68442,145,132,13,13
68443,86,86,0,0
68444,131,126,5,5
68445,99,107,-8,8
68446,97,97,0,0
68447,67,64,3,3
68448,107,126,-19,19
68449,87,86,1,1
68450,104,99,5,5
68451,77,75,2,2
68452,49,54,-5,5
68453,152,134,18,18
68454,138,135,3,3
68455,183,173,10,10
68456,53,57,-4,4
68457,100,98,2,2
68458,71,74,-3,3
68459,73,87,-14,14
68460,108,101,7,7
68461,85,90,-5,5
68462,72,73,-1,1
68463,92,91,1,1
68464,127,122,5,5
68465,61,82,-21,21
68466,86,96,-10,10
68467,56,58,-2,2
68468,104,93,11,11
68469,86,86,0,0
68470,142,145,-3,3
68471,78,87,-9,9
68472,96,83,13,13
68473,75,82,-7,7
68474,88,86,2,2
68475,69,67,2,2
68476,62,65,-3,3
68477,107,110,-3,3
68478,65,64,1,1
68479,129,137,-8,8
68480,86,90,-4,4
68481,77,70,7,7
68482,115,96,19,19
68483,87,82,5,5
68484,32,32,0,0
68485,80,88,-8,8
68486,107,107,0,0
68487,112,127,-15,15
68488,83,82,1,1
68489,89,94,-5,5
68490,65,66,-1,1
68491,63,68,-5,5
68492,56,60,-4,4
68493,99,85,14,14
68494,88,91,-3,3
68495,130,130,0,0
68496,59,61,-2,2
68497,157,127,30,30
68498,94,109,-15,15
68499,94,93,1,1
68500,61,64,-3,3
68501,98,100,-2,2
68502,98,94,4,4
68503,108,100,8,8
68504,122,118,4,4
68505,115,113,2,2
68506,49,51,-2,2
68507,79,79,0,0
68508,96,102,-6,6
68509,81,92,-11,11
68510,54,55,-1,1
68511,70,77,-7,7
68512,141,133,8,8
68513,113,203,-90,90
68514,110,123,-13,13
68515,75,77,-2,2
68516,85,95,-10,10
68517,85,78,7,7
68518,105,102,3,3
68519,62,67,-5,5
68520,39,48,-9,9
68521,83,83,0,0
68522,103,97,6,6
68523,69,74,-5,5
68524,103,107,-4,4
68525,82,74,8,8
68526,98,95,3,3
68527,134,123,11,11
68528,51,69,-18,18
68529,98,95,3,3
68530,58,63,-5,5
68531,66,75,-9,9
68532,66,65,1,1
68533,139,125,14,14
68534,182,170,12,12
68535,118,132,-14,14
68536,69,66,3,3
68537,61,68,-7,7
68538,101,94,7,7
68539,126,96,30,30
68540,87,84,3,3
68541,53,56,-3,3
68542,83,72,11,11
68543,113,120,-7,7
68544,109,97,12,12
68545,60,60,0,0
68546,113,115,-2,2
68547,84,92,-8,8
68548,60,56,4,4
68549,56,68,-12,12
68550,52,54,-2,2
68551,111,108,3,3
68552,74,79,-5,5
68553,57,58,-1,1
68554,72,74,-2,2
68555,77,80,-3,3
68556,93,88,5,5
68557,167,149,18,18
68558,64,63,1,1
68559,97,89,8,8
68560,106,109,-3,3
68561,165,150,15,15
68562,86,108,-22,22
68563,146,134,12,12
68564,98,94,4,4
68565,88,87,1,1
68566,89,89,0,0
68567,99,96,3,3
68568,86,84,2,2
68569,95,112,-17,17
68570,70,63,7,7
68571,91,98,-7,7
68572,98,96,2,2
68573,92,86,6,6
68574,103,92,11,11
68575,91,80,11,11
68576,58,71,-13,13
68577,61,65,-4,4
68578,53,57,-4,4
68579,83,83,0,0
68580,56,58,-2,2
68581,84,85,-1,1
68582,73,79,-6,6
68583,73,72,1,1
68584,81,82,-1,1
68585,69,71,-2,2
68586,71,77,-6,6
68587,107,115,-8,8
68588,111,113,-2,2
68589,107,100,7,7
68590,115,98,17,17
68591,75,78,-3,3
68592,129,117,12,12
68593,94,91,3,3
68594,52,56,-4,4
68595,146,144,2,2
68596,99,102,-3,3
68597,93,111,-18,18
68598,57,59,-2,2
68599,102,109,-7,7
68600,58,64,-6,6
68601,95,135,-40,40
68602,92,90,2,2
68603,99,95,4,4
68604,115,119,-4,4
68605,77,76,1,1
68606,176,176,0,0
68607,97,108,-11,11
68608,153,137,16,16
68609,74,73,1,1
68610,182,170,12,12
68611,91,94,-3,3
68612,67,79,-12,12
68613,85,96,-11,11
68614,109,105,4,4
68615,113,110,3,3
68616,111,115,-4,4
68617,95,109,-14,14
68618,74,71,3,3
68619,110,110,0,0
68620,58,58,0,0
68621,135,128,7,7
68622,108,113,-5,5
68623,112,115,-3,3
68624,49,54,-5,5
68625,114,117,-3,3
68626,57,60,-3,3
68627,74,72,2,2
68628,99,98,1,1
68629,96,90,6,6
68630,88,84,4,4
68631,79,86,-7,7
68632,82,72,10,10
68633,99,97,2,2
68634,116,110,6,6
68635,80,80,0,0
68636,120,118,2,2
68637,70,66,4,4
68638,74,74,0,0
68639,55,63,-8,8
68640,97,91,6,6
68641,74,76,-2,2
68642,92,97,-5,5
68643,71,71,0,0
68644,86,82,4,4
68645,66,61,5,5
68646,74,71,3,3
68647,90,91,-1,1
68648,110,109,1,1
68649,94,93,1,1
68650,101,100,1,1
68651,115,114,1,1
68652,91,93,-2,2
68653,102,109,-7,7
68654,116,123,-7,7
68655,130,131,-1,1
68656,45,51,-6,6
68657,77,76,1,1
68658,117,130,-13,13
68659,109,113,-4,4
68660,94,90,4,4
68661,130,123,7,7
68662,37,44,-7,7
68663,73,77,-4,4
68664,79,70,9,9
68665,80,89,-9,9
68666,143,127,16,16
68667,69,70,-1,1
68668,143,139,4,4
68669,105,110,-5,5
68670,150,141,9,9
68671,94,87,7,7
68672,107,107,0,0
68673,64,62,2,2
68674,154,134,20,20
68675,129,127,2,2
68676,118,114,4,4
68677,86,84,2,2
68678,98,101,-3,3
68679,134,145,-11,11
68680,96,99,-3,3
68681,90,88,2,2
68682,173,174,-1,1
68683,83,83,0,0
68684,168,161,7,7
68685,97,95,2,2
68686,88,89,-1,1
68687,54,54,0,0
68688,142,122,20,20
68689,152,141,11,11
68690,75,84,-9,9
68691,73,72,1,1
68692,170,177,-7,7
68693,82,79,3,3
68694,103,115,-12,12
68695,135,128,7,7
68696,98,97,1,1
68697,190,177,13,13
68698,110,97,13,13
68699,56,64,-8,8
68700,160,145,15,15
68701,86,99,-13,13
68702,105,108,-3,3
68703,42,44,-2,2
68704,148,157,-9,9
68705,78,72,6,6
68706,108,110,-2,2
68707,81,81,0,0
68708,135,132,3,3
68709,84,94,-10,10
68710,115,112,3,3
68711,124,115,9,9
68712,67,77,-10,10
68713,97,94,3,3
68714,90,86,4,4
68715,158,150,8,8
68716,162,154,8,8
68717,165,162,3,3
68718,76,79,-3,3
68719,174,172,2,2
68720,125,116,9,9
68721,155,152,3,3
68722,80,87,-7,7
68723,150,156,-6,6
68724,54,50,4,4
68725,119,109,10,10
68726,83,77,6,6
68727,56,62,-6,6
68728,69,81,-12,12
68729,94,93,1,1
68730,103,112,-9,9
68731,120,114,6,6
68732,119,125,-6,6
68733,92,91,1,1
68734,102,102,0,0
68735,75,74,1,1
68736,64,62,2,2
68737,175,162,13,13
68738,66,65,1,1
68739,69,63,6,6
68740,66,64,2,2
68741,42,43,-1,1
68742,222,209,13,13
68743,161,153,8,8
68744,139,120,19,19
68745,88,87,1,1
68746,81,73,8,8
68747,160,164,-4,4
68748,100,108,-8,8
68749,64,69,-5,5
68750,26,30,-4,4
68751,126,124,2,2
68752,49,51,-2,2
68753,101,99,2,2
68754,78,72,6,6
68755,82,81,1,1
68756,68,70,-2,2
68757,90,90,0,0
68758,78,77,1,1
68759,114,120,-6,6
68760,160,153,7,7
68761,108,109,-1,1
68762,93,89,4,4
68763,52,54,-2,2
68764,142,138,4,4
68765,151,160,-9,9
68766,118,121,-3,3
68767,90,89,1,1
68768,103,93,10,10
68769,126,121,5,5
68770,121,119,2,2
68771,111,115,-4,4
68772,87,83,4,4
68773,48,49,-1,1
68774,86,72,14,14
68775,60,94,-34,34
68776,162,144,18,18
68777,98,88,10,10
68778,134,130,4,4
68779,147,147,0,0
68780,113,118,-5,5
68781,79,76,3,3
68782,76,70,6,6
68783,72,81,-9,9
68784,59,66,-7,7
68785,151,142,9,9
68786,114,110,4,4
68787,71,76,-5,5
68788,146,146,0,0
68789,83,78,5,5
68790,65,65,0,0
68791,60,58,2,2
68792,113,99,14,14
68793,146,130,16,16
68794,103,109,-6,6
68795,123,114,9,9
68796,59,60,-1,1
68797,158,142,16,16
68798,114,101,13,13
68799,133,122,11,11
68800,151,142,9,9
68801,41,46,-5,5
68802,80,80,0,0
68803,71,66,5,5
68804,88,90,-2,2
68805,94,102,-8,8
68806,41,55,-14,14
68807,129,144,-15,15
68808,126,119,7,7
68809,132,114,18,18
68810,38,45,-7,7
68811,81,82,-1,1
68812,97,98,-1,1
68813,99,95,4,4
68814,159,154,5,5
68815,113,121,-8,8
68816,42,53,-11,11
68817,176,162,14,14
68818,96,85,11,11
68819,122,122,0,0
68820,134,140,-6,6
68821,63,63,0,0
68822,81,77,4,4
68823,94,99,-5,5
68824,122,114,8,8
68825,99,85,14,14
68826,103,111,-8,8
68827,77,106,-29,29
68828,90,98,-8,8
68829,139,125,14,14
68830,74,75,-1,1
68831,83,87,-4,4
68832,84,81,3,3
68833,108,100,8,8
68834,80,84,-4,4
68835,117,118,-1,1
68836,81,75,6,6
68837,73,74,-1,1
68838,146,138,8,8
68839,83,84,-1,1
68840,71,68,3,3
68841,99,111,-12,12
68842,52,51,1,1
68843,97,108,-11,11
68844,80,79,1,1
68845,112,111,1,1
68846,57,68,-11,11
68847,105,105,0,0
68848,145,150,-5,5
68849,104,94,10,10
68850,94,85,9,9
68851,109,112,-3,3
68852,73,73,0,0
68853,54,56,-2,2
68854,99,94,5,5
68855,204,192,12,12
68856,42,49,-7,7
68857,40,44,-4,4
68858,61,57,4,4
68859,98,100,-2,2
68860,88,92,-4,4
68861,107,119,-12,12
68862,101,107,-6,6
68863,156,150,6,6
68864,43,48,-5,5
68865,85,79,6,6
68866,130,120,10,10
68867,49,58,-9,9
68868,82,77,5,5
68869,105,107,-2,2
68870,141,153,-12,12
68871,124,129,-5,5
68872,149,165,-16,16
68873,61,55,6,6
68874,163,162,1,1
68875,94,99,-5,5
68876,64,68,-4,4
68877,129,143,-14,14
68878,71,75,-4,4
68879,95,108,-13,13
68880,106,115,-9,9
68881,103,85,18,18
68882,81,78,3,3
68883,89,84,5,5
68884,144,134,10,10
68885,64,66,-2,2
68886,37,118,-81,81
68887,87,76,11,11
68888,34,34,0,0
68889,94,98,-4,4
68890,84,89,-5,5
68891,76,73,3,3
68892,79,76,3,3
68893,96,108,-12,12
68894,99,93,6,6
68895,102,100,2,2
68896,66,65,1,1
68897,96,83,13,13
68898,75,75,0,0
68899,98,88,10,10
68900,75,73,2,2
68901,106,99,7,7
68902,85,83,2,2
68903,104,119,-15,15
68904,83,90,-7,7
68905,92,92,0,0
68906,110,125,-15,15
68907,89,110,-21,21
68908,148,138,10,10
68909,105,101,4,4
68910,90,81,9,9
68911,42,57,-15,15
68912,102,102,0,0
68913,142,136,6,6
68914,122,115,7,7
68915,109,101,8,8
68916,101,109,-8,8
68917,89,95,-6,6
68918,118,113,5,5
68919,146,137,9,9
68920,100,102,-2,2
68921,99,94,5,5
68922,62,60,2,2
68923,84,76,8,8
68924,62,70,-8,8
68925,190,173,17,17
68926,105,110,-5,5
68927,101,92,9,9
68928,69,78,-9,9
68929,105,107,-2,2
68930,135,134,1,1
68931,162,165,-3,3
68932,96,96,0,0
68933,80,76,4,4
68934,83,87,-4,4
68935,133,129,4,4
68936,77,72,5,5
68937,130,125,5,5
68938,143,157,-14,14
68939,83,87,-4,4
68940,77,81,-4,4
68941,148,141,7,7
68942,88,83,5,5
68943,47,44,3,3
68944,66,58,8,8
68945,54,68,-14,14
68946,97,94,3,3
68947,80,86,-6,6
68948,51,70,-19,19
68949,122,129,-7,7
68950,134,121,13,13
68951,152,151,1,1
68952,96,108,-12,12
68953,75,83,-8,8
68954,143,143,0,0
68955,164,161,3,3
68956,99,98,1,1
68957,149,152,-3,3
68958,126,120,6,6
68959,90,80,10,10
68960,102,102,0,0
68961,18,35,-17,17
68962,103,132,-29,29
68963,130,124,6,6
68964,67,70,-3,3
68965,69,62,7,7
68966,84,86,-2,2
68967,122,129,-7,7
68968,103,96,7,7
68969,65,56,9,9
68970,111,118,-7,7
68971,177,174,3,3
68972,64,60,4,4
68973,159,157,2,2
68974,123,127,-4,4
68975,67,68,-1,1
68976,138,144,-6,6
68977,88,98,-10,10
68978,94,109,-15,15
68979,114,108,6,6
68980,81,78,3,3
68981,68,64,4,4
68982,214,200,14,14
68983,145,129,16,16
68984,54,57,-3,3
68985,100,89,11,11
68986,146,143,3,3
68987,213,187,26,26
68988,106,116,-10,10
68989,57,51,6,6
68990,128,126,2,2
68991,97,94,3,3
68992,90,95,-5,5
68993,102,96,6,6
68994,153,139,14,14
68995,84,79,5,5
68996,27,37,-10,10
68997,51,50,1,1
68998,73,78,-5,5
68999,86,85,1,1
69000,77,73,4,4
69001,154,140,14,14
69002,107,101,6,6
69003,173,168,5,5
69004,80,84,-4,4
69005,92,90,2,2
69006,86,84,2,2
69007,70,76,-6,6
69008,116,123,-7,7
69009,79,80,-1,1
69010,101,100,1,1
69011,138,134,4,4
69012,125,112,13,13
69013,65,66,-1,1
69014,82,82,0,0
69015,88,90,-2,2
69016,40,51,-11,11
69017,104,110,-6,6
69018,111,111,0,0
69019,81,82,-1,1
69020,67,79,-12,12
69021,91,98,-7,7
69022,135,135,0,0
69023,155,166,-11,11
69024,89,83,6,6
69025,58,70,-12,12
69026,137,131,6,6
69027,69,68,1,1
69028,84,83,1,1
69029,110,93,17,17
69030,68,96,-28,28
69031,126,114,12,12
69032,185,151,34,34
69033,64,55,9,9
69034,119,116,3,3
69035,133,131,2,2
69036,96,91,5,5
69037,54,55,-1,1
69038,90,91,-1,1
69039,75,72,3,3
69040,123,130,-7,7
69041,91,90,1,1
69042,114,115,-1,1
69043,49,74,-25,25
69044,119,112,7,7
69045,78,73,5,5
69046,105,99,6,6
69047,113,115,-2,2
69048,75,68,7,7
69049,162,158,4,4
69050,62,58,4,4
69051,93,80,13,13
69052,67,64,3,3
69053,118,115,3,3
69054,76,74,2,2
69055,132,126,6,6
69056,43,44,-1,1
69057,69,74,-5,5
69058,99,108,-9,9
69059,81,80,1,1
69060,103,101,2,2
69061,87,79,8,8
69062,88,82,6,6
69063,92,87,5,5
69064,102,92,10,10
69065,53,57,-4,4
69066,80,80,0,0
69067,86,79,7,7
69068,107,111,-4,4
69069,165,169,-4,4
69070,43,45,-2,2
69071,84,79,5,5
69072,129,126,3,3
69073,135,131,4,4
69074,32,63,-31,31
69075,49,57,-8,8
69076,91,92,-1,1
69077,72,71,1,1
69078,85,82,3,3
69079,75,81,-6,6
69080,95,118,-23,23
69081,132,127,5,5
69082,98,109,-11,11
69083,34,37,-3,3
69084,114,112,2,2
69085,104,97,7,7
69086,111,101,10,10
69087,59,55,4,4
69088,38,45,-7,7
69089,45,45,0,0
69090,160,169,-9,9
69091,87,84,3,3
69092,78,85,-7,7
69093,180,149,31,31
69094,112,120,-8,8
69095,99,100,-1,1
69096,77,79,-2,2
69097,64,76,-12,12
69098,93,79,14,14
69099,135,151,-16,16
69100,80,79,1,1
69101,105,90,15,15
69102,93,95,-2,2
69103,97,99,-2,2
69104,93,107,-14,14
69105,126,113,13,13
69106,100,97,3,3
69107,93,93,0,0
69108,116,119,-3,3
69109,89,87,2,2
69110,72,84,-12,12
69111,158,141,17,17
69112,107,94,13,13
69113,57,62,-5,5
69114,95,100,-5,5
69115,199,182,17,17
69116,98,97,1,1
69117,50,49,1,1
69118,72,70,2,2
69119,86,78,8,8
69120,36,36,0,0
69121,77,64,13,13
69122,144,145,-1,1
69123,101,118,-17,17
69124,141,142,-1,1
69125,136,124,12,12
69126,81,77,4,4
69127,96,117,-21,21
69128,92,90,2,2
69129,37,46,-9,9
69130,117,120,-3,3
69131,96,89,7,7
69132,120,139,-19,19
69133,58,62,-4,4
69134,147,130,17,17
69135,60,62,-2,2
69136,85,80,5,5
69137,71,61,10,10
69138,74,70,4,4
69139,98,98,0,0
69140,59,59,0,0
69141,77,80,-3,3
69142,77,83,-6,6
69143,76,79,-3,3
69144,52,56,-4,4
69145,116,116,0,0
69146,78,85,-7,7
69147,74,76,-2,2
69148,124,122,2,2
69149,58,57,1,1
69150,86,83,3,3
69151,132,123,9,9
69152,108,97,11,11
69153,38,41,-3,3
69154,138,143,-5,5
69155,74,75,-1,1
69156,73,75,-2,2
69157,95,82,13,13
69158,129,131,-2,2
69159,102,95,7,7
69160,112,110,2,2
69161,141,141,0,0
69162,76,75,1,1
69163,142,141,1,1
69164,72,72,0,0
69165,163,158,5,5
69166,122,121,1,1
69167,44,45,-1,1
69168,104,101,3,3
69169,72,82,-10,10
69170,60,57,3,3
69171,69,66,3,3
69172,113,109,4,4
69173,89,92,-3,3
69174,42,49,-7,7
69175,146,143,3,3
69176,147,126,21,21
69177,132,147,-15,15
69178,107,101,6,6
69179,77,81,-4,4
69180,102,107,-5,5
69181,153,140,13,13
69182,56,77,-21,21
69183,105,112,-7,7
69184,129,129,0,0
69185,99,92,7,7
69186,55,55,0,0
69187,102,113,-11,11
69188,102,94,8,8
69189,111,112,-1,1
69190,123,128,-5,5
69191,62,66,-4,4
69192,152,169,-17,17
69193,89,78,11,11
69194,94,90,4,4
69195,35,55,-20,20
69196,94,92,2,2
69197,110,117,-7,7
69198,175,170,5,5
69199,105,97,8,8
69200,42,48,-6,6
69201,152,145,7,7
69202,149,136,13,13
69203,207,184,23,23
69204,152,157,-5,5
69205,88,97,-9,9
69206,94,92,2,2
69207,76,69,7,7
69208,84,80,4,4
69209,87,83,4,4
69210,59,49,10,10
69211,112,110,2,2
69212,110,104,6,6
69213,136,117,19,19
69214,81,93,-12,12
69215,177,162,15,15
69216,120,122,-2,2
69217,86,91,-5,5
69218,57,61,-4,4
69219,100,83,17,17
69220,134,131,3,3
69221,75,70,5,5
69222,88,82,6,6
69223,82,87,-5,5
69224,54,58,-4,4
69225,74,67,7,7
69226,50,53,-3,3
69227,125,115,10,10
69228,85,87,-2,2
69229,148,137,11,11
69230,88,91,-3,3
69231,58,73,-15,15
69232,124,110,14,14
69233,129,130,-1,1
69234,100,95,5,5
69235,76,75,1,1
69236,86,77,9,9
69237,57,66,-9,9
69238,84,86,-2,2
69239,103,96,7,7
69240,87,88,-1,1
69241,114,118,-4,4
69242,58,61,-3,3
69243,100,96,4,4
69244,92,92,0,0
69245,78,83,-5,5
69246,73,87,-14,14
69247,73,68,5,5
69248,106,108,-2,2
69249,135,137,-2,2
69250,95,115,-20,20
69251,75,79,-4,4
69252,116,125,-9,9
69253,58,55,3,3
69254,135,125,10,10
69255,75,77,-2,2
69256,51,58,-7,7
69257,69,68,1,1
69258,97,111,-14,14
69259,73,76,-3,3
69260,91,97,-6,6
69261,156,149,7,7
69262,67,70,-3,3
69263,77,70,7,7
69264,133,138,-5,5
69265,129,150,-21,21
69266,110,108,2,2
69267,121,136,-15,15
69268,150,144,6,6
69269,89,87,2,2
69270,71,77,-6,6
69271,119,109,10,10
69272,70,78,-8,8
69273,121,124,-3,3
69274,116,120,-4,4
69275,123,126,-3,3
69276,95,89,6,6
69277,70,64,6,6
69278,111,91,20,20
69279,113,110,3,3
69280,92,84,8,8
69281,52,57,-5,5
69282,114,111,3,3
69283,106,108,-2,2
69284,102,117,-15,15
69285,72,84,-12,12
69286,134,120,14,14
69287,101,99,2,2
69288,134,122,12,12
69289,111,116,-5,5
69290,99,99,0,0
69291,98,92,6,6
69292,94,96,-2,2
69293,44,46,-2,2
69294,92,96,-4,4
69295,81,76,5,5
69296,74,74,0,0
69297,51,47,4,4
69298,135,132,3,3
69299,34,42,-8,8
69300,151,152,-1,1
69301,64,64,0,0
69302,105,113,-8,8
69303,117,108,9,9
69304,88,89,-1,1
69305,100,102,-2,2
69306,88,82,6,6
69307,84,86,-2,2
69308,189,181,8,8
69309,45,51,-6,6
69310,64,67,-3,3
69311,94,93,1,1
69312,199,182,17,17
69313,80,74,6,6
69314,105,110,-5,5
69315,112,109,3,3
69316,59,46,13,13
69317,54,61,-7,7
69318,123,118,5,5
69319,59,65,-6,6
69320,186,175,11,11
69321,110,111,-1,1
69322,117,112,5,5
69323,82,84,-2,2
69324,202,177,25,25
69325,129,113,16,16
69326,91,92,-1,1
69327,131,112,19,19
69328,117,111,6,6
69329,82,75,7,7
69330,78,85,-7,7
69331,129,125,4,4
69332,46,41,5,5
69333,122,128,-6,6
69334,124,117,7,7
69335,186,187,-1,1
69336,103,106,-3,3
69337,112,118,-6,6
69338,135,143,-8,8
69339,68,73,-5,5
69340,110,113,-3,3
69341,57,58,-1,1
69342,144,139,5,5
69343,115,108,7,7
69344,143,143,0,0
69345,75,85,-10,10
69346,69,64,5,5
69347,140,128,12,12
69348,93,107,-14,14
69349,74,71,3,3
69350,165,163,2,2
69351,77,83,-6,6
69352,57,59,-2,2
69353,87,108,-21,21
69354,123,122,1,1
69355,78,85,-7,7
69356,120,120,0,0
69357,100,101,-1,1
69358,112,112,0,0
69359,87,89,-2,2
69360,98,84,14,14
69361,106,103,3,3
69362,91,97,-6,6
69363,107,109,-2,2
69364,67,65,2,2
69365,125,124,1,1
69366,61,54,7,7
69367,96,97,-1,1
69368,73,73,0,0
69369,70,68,2,2
69370,89,84,5,5
69371,114,111,3,3
69372,74,81,-7,7
69373,133,116,17,17
69374,107,118,-11,11
69375,91,89,2,2
69376,83,78,5,5
69377,76,72,4,4
69378,75,81,-6,6
69379,83,79,4,4
69380,62,60,2,2
69381,71,80,-9,9
69382,40,46,-6,6
69383,131,123,8,8
69384,138,140,-2,2
69385,43,49,-6,6
69386,76,87,-11,11
69387,128,152,-24,24
69388,62,63,-1,1
69389,128,123,5,5
69390,79,81,-2,2
69391,140,135,5,5
69392,94,108,-14,14
69393,96,99,-3,3
69394,43,43,0,0
69395,159,150,9,9
69396,62,56,6,6
69397,131,123,8,8
69398,65,66,-1,1
69399,63,67,-4,4
69400,116,127,-11,11
69401,65,79,-14,14
69402,70,70,0,0
69403,56,62,-6,6
69404,95,93,2,2
69405,120,114,6,6
69406,93,98,-5,5
69407,92,90,2,2
69408,101,92,9,9
69409,106,110,-4,4
69410,151,143,8,8
69411,98,91,7,7
69412,63,64,-1,1
69413,120,121,-1,1
69414,93,92,1,1
69415,89,87,2,2
69416,47,52,-5,5
69417,92,94,-2,2
69418,95,85,10,10
69419,90,83,7,7
69420,116,110,6,6
69421,88,85,3,3
69422,107,115,-8,8
69423,168,177,-9,9
69424,49,45,4,4
69425,111,103,8,8
69426,76,81,-5,5
69427,89,88,1,1
69428,72,74,-2,2
69429,131,133,-2,2
69430,61,74,-13,13
69431,106,100,6,6
69432,65,71,-6,6
69433,76,77,-1,1
69434,62,93,-31,31
69435,63,63,0,0
69436,77,75,2,2
69437,120,113,7,7
69438,109,110,-1,1
69439,93,91,2,2
69440,66,65,1,1
69441,72,62,10,10
69442,94,87,7,7
69443,143,130,13,13
69444,75,77,-2,2
69445,99,97,2,2
69446,112,115,-3,3
69447,66,68,-2,2
69448,72,68,4,4
69449,46,54,-8,8
69450,100,99,1,1
69451,89,81,8,8
69452,101,100,1,1
69453,63,63,0,0
69454,108,109,-1,1
69455,89,93,-4,4
69456,101,99,2,2
69457,94,89,5,5
69458,73,74,-1,1
69459,148,118,30,30
69460,142,136,6,6
69461,92,92,0,0
69462,151,138,13,13
69463,119,115,4,4
69464,61,68,-7,7
69465,124,126,-2,2
69466,46,54,-8,8
69467,67,75,-8,8
69468,46,62,-16,16
69469,81,82,-1,1
69470,104,109,-5,5
69471,47,49,-2,2
69472,88,87,1,1
69473,115,79,36,36
69474,92,112,-20,20
69475,100,86,14,14
69476,141,138,3,3
69477,107,109,-2,2
69478,127,113,14,14
69479,117,122,-5,5
69480,72,73,-1,1
69481,81,82,-1,1
69482,100,130,-30,30
69483,84,103,-19,19
69484,70,66,4,4
69485,152,139,13,13
69486,32,38,-6,6
69487,121,125,-4,4
69488,69,70,-1,1
69489,63,64,-1,1
69490,76,75,1,1
69491,81,83,-2,2
69492,106,100,6,6
69493,69,79,-10,10
69494,54,58,-4,4
69495,92,89,3,3
69496,61,65,-4,4
69497,141,129,12,12
69498,78,74,4,4
69499,124,142,-18,18
69500,94,91,3,3
69501,66,70,-4,4
69502,156,159,-3,3
69503,80,100,-20,20
69504,84,87,-3,3
69505,161,158,3,3
69506,106,97,9,9
69507,98,97,1,1
69508,108,107,1,1
69509,109,101,8,8
69510,85,83,2,2
69511,74,81,-7,7
69512,74,76,-2,2
69513,88,98,-10,10
69514,128,125,3,3
69515,93,90,3,3
69516,140,136,4,4
69517,109,109,0,0
69518,58,56,2,2
69519,73,63,10,10
69520,86,84,2,2
69521,94,89,5,5
69522,332,315,17,17
69523,112,99,13,13
69524,48,46,2,2
69525,73,77,-4,4
69526,116,112,4,4
69527,105,90,15,15
69528,65,65,0,0
69529,108,103,5,5
69530,83,92,-9,9
69531,81,86,-5,5
69532,155,156,-1,1
69533,110,97,13,13
69534,120,111,9,9
69535,92,83,9,9
69536,152,137,15,15
69537,131,139,-8,8
69538,48,64,-16,16
69539,68,70,-2,2
69540,74,73,1,1
69541,86,95,-9,9
69542,148,157,-9,9
69543,188,179,9,9
69544,79,89,-10,10
69545,125,119,6,6
69546,95,83,12,12
69547,63,60,3,3
69548,78,73,5,5
69549,116,117,-1,1
69550,83,82,1,1
69551,68,68,0,0
69552,104,113,-9,9
69553,107,103,4,4
69554,93,85,8,8
69555,115,114,1,1
69556,105,92,13,13
69557,76,93,-17,17
69558,129,118,11,11
69559,53,52,1,1
69560,78,85,-7,7
69561,108,98,10,10
69562,39,44,-5,5
69563,81,77,4,4
69564,122,130,-8,8
69565,74,68,6,6
69566,63,67,-4,4
69567,115,112,3,3
69568,119,123,-4,4
69569,130,126,4,4
69570,103,128,-25,25
69571,107,114,-7,7
69572,69,77,-8,8
69573,130,121,9,9
69574,98,118,-20,20
69575,126,116,10,10
69576,119,109,10,10
69577,86,92,-6,6
69578,211,203,8,8
69579,82,82,0,0
69580,64,61,3,3
69581,96,75,21,21
69582,63,65,-2,2
69583,102,102,0,0
69584,119,128,-9,9
69585,82,89,-7,7
69586,119,113,6,6
69587,64,65,-1,1
69588,48,46,2,2
69589,140,136,4,4
69590,112,108,4,4
69591,93,109,-16,16
69592,88,89,-1,1
69593,93,91,2,2
69594,60,59,1,1
69595,66,66,0,0
69596,48,49,-1,1
69597,101,92,9,9
69598,54,53,1,1
69599,99,92,7,7
69600,81,79,2,2
69601,155,147,8,8
69602,80,71,9,9
69603,69,68,1,1
69604,65,76,-11,11
69605,81,89,-8,8
69606,100,103,-3,3
69607,89,98,-9,9
69608,86,88,-2,2
69609,107,113,-6,6
69610,61,66,-5,5
69611,59,53,6,6
69612,51,57,-6,6
69613,147,151,-4,4
69614,127,113,14,14
69615,130,137,-7,7
69616,53,49,4,4
69617,117,94,23,23
69618,132,127,5,5
69619,119,113,6,6
69620,107,93,14,14
69621,79,92,-13,13
69622,157,153,4,4
69623,125,111,14,14
69624,60,65,-5,5
69625,79,68,11,11
69626,80,85,-5,5
69627,151,135,16,16
69628,109,100,9,9
69629,64,66,-2,2
69630,111,96,15,15
69631,44,53,-9,9
69632,95,86,9,9
69633,137,132,5,5
69634,121,103,18,18
69635,51,59,-8,8
69636,53,61,-8,8
69637,93,91,2,2
69638,91,93,-2,2
69639,125,114,11,11
69640,59,57,2,2
69641,63,64,-1,1
69642,111,95,16,16
69643,117,120,-3,3
69644,74,72,2,2
69645,117,122,-5,5
69646,65,61,4,4
69647,100,91,9,9
69648,227,221,6,6
69649,145,166,-21,21
69650,82,85,-3,3
69651,93,77,16,16
69652,120,132,-12,12
69653,122,113,9,9
69654,121,118,3,3
69655,106,91,15,15
69656,95,99,-4,4
69657,71,71,0,0
69658,64,74,-10,10
69659,103,97,6,6
69660,66,83,-17,17
69661,60,64,-4,4
69662,85,84,1,1
69663,110,113,-3,3
69664,109,111,-2,2
69665,80,88,-8,8
69666,80,75,5,5
69667,147,150,-3,3
69668,107,115,-8,8
69669,61,63,-2,2
69670,163,165,-2,2
69671,60,57,3,3
69672,85,82,3,3
69673,152,163,-11,11
69674,90,91,-1,1
69675,81,80,1,1
69676,76,74,2,2
69677,95,91,4,4
69678,70,74,-4,4
69679,101,95,6,6
69680,65,60,5,5
69681,78,88,-10,10
69682,94,96,-2,2
69683,69,69,0,0
69684,161,163,-2,2
69685,97,104,-7,7
69686,66,71,-5,5
69687,171,158,13,13
69688,93,80,13,13
69689,98,92,6,6
69690,101,105,-4,4
69691,97,95,2,2
69692,74,78,-4,4
69693,88,76,12,12
69694,184,181,3,3
69695,74,80,-6,6
69696,65,74,-9,9
69697,193,184,9,9
69698,103,98,5,5
69699,57,61,-4,4
69700,113,133,-20,20
69701,145,169,-24,24
69702,60,60,0,0
69703,128,142,-14,14
69704,89,88,1,1
69705,80,78,2,2
69706,79,74,5,5
69707,114,108,6,6
69708,200,187,13,13
69709,133,130,3,3
69710,114,105,9,9
69711,125,121,4,4
69712,82,78,4,4
69713,90,82,8,8
69714,95,93,2,2
69715,140,146,-6,6
69716,96,108,-12,12
69717,186,180,6,6
69718,89,99,-10,10
69719,57,64,-7,7
69720,76,79,-3,3
69721,64,63,1,1
69722,138,131,7,7
69723,97,92,5,5
69724,95,105,-10,10
69725,157,156,1,1
69726,76,71,5,5
69727,77,83,-6,6
69728,110,110,0,0
69729,191,169,22,22
69730,70,75,-5,5
69731,100,113,-13,13
69732,98,103,-5,5
69733,64,71,-7,7
69734,106,101,5,5
69735,95,98,-3,3
69736,70,76,-6,6
69737,132,117,15,15
69738,43,36,7,7
69739,177,155,22,22
69740,59,60,-1,1
69741,42,48,-6,6
69742,40,40,0,0
69743,82,36,46,46
69744,79,87,-8,8
69745,62,74,-12,12
69746,108,107,1,1
69747,103,116,-13,13
69748,92,93,-1,1
69749,63,67,-4,4
69750,65,69,-4,4
69751,144,146,-2,2
69752,92,87,5,5
69753,129,129,0,0
69754,137,140,-3,3
69755,122,129,-7,7
69756,48,64,-16,16
69757,85,67,18,18
69758,90,94,-4,4
69759,82,71,11,11
69760,112,106,6,6
69761,85,84,1,1
69762,91,86,5,5
69763,78,78,0,0
69764,69,70,-1,1
69765,121,113,8,8
69766,68,72,-4,4
69767,131,134,-3,3
69768,89,88,1,1
69769,93,88,5,5
69770,54,54,0,0
69771,136,139,-3,3
69772,35,61,-26,26
69773,178,159,19,19
69774,105,98,7,7
69775,145,149,-4,4
69776,75,82,-7,7
69777,117,110,7,7
69778,63,61,2,2
69779,132,131,1,1
69780,100,108,-8,8
69781,67,69,-2,2
69782,47,52,-5,5
69783,128,114,14,14
69784,119,124,-5,5
69785,119,121,-2,2
69786,93,80,13,13
69787,121,121,0,0
69788,79,74,5,5
69789,166,155,11,11
69790,87,77,10,10
69791,85,86,-1,1
69792,80,77,3,3
69793,68,69,-1,1
69794,131,137,-6,6
69795,124,121,3,3
69796,146,149,-3,3
69797,71,68,3,3
69798,89,95,-6,6
69799,60,67,-7,7
69800,64,64,0,0
69801,63,74,-11,11
69802,61,64,-3,3
69803,119,99,20,20
69804,83,88,-5,5
69805,96,98,-2,2
69806,116,134,-18,18
69807,122,120,2,2
69808,102,93,9,9
69809,85,88,-3,3
69810,129,134,-5,5
69811,109,99,10,10
69812,41,42,-1,1
69813,95,99,-4,4
69814,131,113,18,18
69815,98,74,24,24
69816,105,98,7,7
69817,35,45,-10,10
69818,65,64,1,1
69819,69,67,2,2
69820,72,66,6,6
69821,101,104,-3,3
69822,86,84,2,2
69823,103,108,-5,5
69824,110,97,13,13
69825,77,70,7,7
69826,98,64,34,34
69827,107,99,8,8
69828,72,79,-7,7
69829,109,112,-3,3
69830,68,60,8,8
69831,64,60,4,4
69832,158,155,3,3
69833,112,119,-7,7
69834,71,80,-9,9
69835,119,114,5,5
69836,63,62,1,1
69837,66,69,-3,3
69838,90,86,4,4
69839,114,120,-6,6
69840,81,84,-3,3
69841,136,126,10,10
69842,92,91,1,1
69843,46,68,-22,22
69844,48,54,-6,6
69845,99,88,11,11
69846,63,66,-3,3
69847,113,111,2,2
69848,77,80,-3,3
69849,95,100,-5,5
69850,95,95,0,0
69851,92,93,-1,1
69852,77,74,3,3
69853,108,103,5,5
69854,80,79,1,1
69855,106,104,2,2
69856,193,188,5,5
69857,138,126,12,12
69858,146,145,1,1
69859,146,148,-2,2
69860,121,114,7,7
69861,134,121,13,13
69862,92,93,-1,1
69863,109,109,0,0
69864,94,101,-7,7
69865,96,101,-5,5
69866,105,122,-17,17
69867,124,127,-3,3
69868,101,96,5,5
69869,63,70,-7,7
69870,91,93,-2,2
69871,75,81,-6,6
69872,89,98,-9,9
69873,134,135,-1,1
69874,130,127,3,3
69875,71,80,-9,9
69876,152,154,-2,2
69877,79,64,15,15
69878,82,70,12,12
69879,80,96,-16,16
69880,51,57,-6,6
69881,134,134,0,0
69882,120,105,15,15
69883,88,85,3,3
69884,66,72,-6,6
69885,40,47,-7,7
69886,81,74,7,7
69887,125,114,11,11
69888,57,59,-2,2
69889,127,119,8,8
69890,70,63,7,7
69891,144,100,44,44
69892,100,112,-12,12
69893,190,169,21,21
69894,79,77,2,2
69895,95,74,21,21
69896,86,74,12,12
69897,75,61,14,14
69898,108,108,0,0
69899,74,72,2,2
69900,110,122,-12,12
69901,121,113,8,8
69902,75,78,-3,3
69903,193,170,23,23
69904,102,96,6,6
69905,83,89,-6,6
69906,161,156,5,5
69907,43,51,-8,8
69908,157,179,-22,22
69909,152,157,-5,5
69910,166,155,11,11
69911,61,57,4,4
69912,123,119,4,4
69913,77,68,9,9
69914,76,70,6,6
69915,103,112,-9,9
69916,73,69,4,4
69917,94,97,-3,3
69918,71,78,-7,7
69919,69,83,-14,14
69920,46,47,-1,1
69921,59,57,2,2
69922,109,99,10,10
69923,166,174,-8,8
69924,65,66,-1,1
69925,97,88,9,9
69926,170,159,11,11
69927,76,80,-4,4
69928,79,77,2,2
69929,84,91,-7,7
69930,36,38,-2,2
69931,149,150,-1,1
69932,61,59,2,2
69933,109,112,-3,3
69934,160,145,15,15
69935,96,89,7,7
69936,139,142,-3,3
69937,59,57,2,2
69938,52,44,8,8
69939,148,135,13,13
69940,90,71,19,19
69941,68,61,7,7
69942,60,67,-7,7
69943,110,112,-2,2
69944,80,97,-17,17
69945,37,38,-1,1
69946,75,84,-9,9
69947,62,72,-10,10
69948,66,67,-1,1
69949,99,109,-10,10
69950,105,98,7,7
69951,165,153,12,12
69952,164,161,3,3
69953,93,95,-2,2
69954,58,75,-17,17
69955,93,88,5,5
69956,37,45,-8,8
69957,68,73,-5,5
69958,122,124,-2,2
69959,36,38,-2,2
69960,109,110,-1,1
69961,111,110,1,1
69962,39,44,-5,5
69963,139,135,4,4
69964,109,112,-3,3
69965,169,165,4,4
69966,138,137,1,1
69967,104,121,-17,17
69968,170,180,-10,10
69969,66,66,0,0
69970,154,151,3,3
69971,46,53,-7,7
69972,136,126,10,10
69973,81,79,2,2
69974,390,339,51,51
69975,88,83,5,5
69976,66,79,-13,13
69977,69,70,-1,1
69978,48,57,-9,9
69979,136,124,12,12
69980,85,83,2,2
69981,73,70,3,3
69982,128,139,-11,11
69983,90,92,-2,2
69984,105,110,-5,5
69985,127,122,5,5
69986,102,109,-7,7
69987,111,110,1,1
69988,110,99,11,11
69989,92,87,5,5
69990,66,103,-37,37
69991,103,98,5,5
69992,111,104,7,7
69993,120,121,-1,1
69994,96,98,-2,2
69995,141,137,4,4
69996,89,104,-15,15
69997,66,69,-3,3
69998,95,87,8,8
69999,83,93,-10,10
70000,62,59,3,3
70001,136,142,-6,6
70002,99,95,4,4
70003,78,71,7,7
70004,79,84,-5,5
70005,86,79,7,7
70006,70,70,0,0
70007,128,132,-4,4
70008,100,87,13,13
70009,116,105,11,11
70010,165,178,-13,13
70011,125,122,3,3
70012,63,71,-8,8
70013,93,101,-8,8
70014,135,124,11,11
70015,61,61,0,0
70016,55,69,-14,14
70017,95,87,8,8
70018,98,99,-1,1
70019,54,55,-1,1
70020,85,89,-4,4
70021,96,88,8,8
70022,132,134,-2,2
70023,81,83,-2,2
70024,57,63,-6,6
70025,71,64,7,7
70026,92,90,2,2
70027,99,85,14,14
70028,87,81,6,6
70029,116,102,14,14
70030,46,52,-6,6
70031,29,30,-1,1
70032,163,172,-9,9
70033,110,101,9,9
70034,68,68,0,0
70035,62,60,2,2
70036,60,55,5,5
70037,91,97,-6,6
70038,35,39,-4,4
70039,61,71,-10,10
70040,101,89,12,12
70041,135,131,4,4
70042,169,172,-3,3
70043,122,113,9,9
70044,182,173,9,9
70045,86,90,-4,4
70046,121,117,4,4
70047,65,61,4,4
70048,84,91,-7,7
70049,98,92,6,6
70050,61,65,-4,4
70051,71,72,-1,1
70052,54,57,-3,3
70053,130,120,10,10
70054,47,51,-4,4
70055,78,72,6,6
70056,83,72,11,11
70057,119,109,10,10
70058,86,78,8,8
70059,92,95,-3,3
70060,76,80,-4,4
70061,80,82,-2,2
70062,103,96,7,7
70063,113,111,2,2
70064,79,84,-5,5
70065,68,69,-1,1
70066,115,113,2,2
70067,62,71,-9,9
70068,107,117,-10,10
70069,115,109,6,6
70070,138,139,-1,1
70071,115,123,-8,8
70072,117,105,12,12
70073,92,144,-52,52
70074,122,116,6,6
70075,54,56,-2,2
70076,76,78,-2,2
70077,96,93,3,3
70078,57,60,-3,3
70079,108,108,0,0
70080,104,112,-8,8
70081,107,109,-2,2
70082,66,62,4,4
70083,57,66,-9,9
70084,72,70,2,2
70085,63,88,-25,25
70086,119,124,-5,5
70087,123,116,7,7
70088,86,85,1,1
70089,121,108,13,13
70090,72,63,9,9
70091,70,70,0,0
70092,84,74,10,10
70093,72,80,-8,8
70094,61,58,3,3
70095,128,116,12,12
70096,90,92,-2,2
70097,138,153,-15,15
70098,80,81,-1,1
70099,134,103,31,31
70100,135,133,2,2
70101,108,104,4,4
70102,114,111,3,3
70103,87,85,2,2
70104,29,48,-19,19
70105,84,82,2,2
70106,139,137,2,2
70107,126,116,10,10
70108,61,57,4,4
70109,22,28,-6,6
70110,61,72,-11,11
70111,74,85,-11,11
70112,120,114,6,6
70113,69,67,2,2
70114,61,67,-6,6
70115,88,92,-4,4
70116,102,103,-1,1
70117,107,111,-4,4
70118,103,99,4,4
70119,89,91,-2,2
70120,134,136,-2,2
70121,52,58,-6,6
70122,63,91,-28,28
70123,116,104,12,12
70124,123,129,-6,6
70125,101,91,10,10
70126,58,62,-4,4
70127,95,96,-1,1
70128,66,64,2,2
70129,69,68,1,1
70130,107,100,7,7
70131,118,132,-14,14
70132,155,141,14,14
70133,75,75,0,0
70134,103,93,10,10
70135,81,76,5,5
70136,94,93,1,1
70137,64,65,-1,1
70138,135,129,6,6
70139,116,137,-21,21
70140,213,186,27,27
70141,87,89,-2,2
70142,109,127,-18,18
70143,149,148,1,1
70144,81,95,-14,14
70145,78,76,2,2
70146,62,57,5,5
70147,73,76,-3,3
70148,68,64,4,4
70149,103,78,25,25
70150,121,110,11,11
70151,165,148,17,17
70152,105,97,8,8
70153,71,65,6,6
70154,139,146,-7,7
70155,75,100,-25,25
70156,146,156,-10,10
70157,88,95,-7,7
70158,184,184,0,0
70159,122,112,10,10
70160,50,69,-19,19
70161,98,99,-1,1
70162,28,77,-49,49
70163,68,63,5,5
70164,34,39,-5,5
70165,88,78,10,10
70166,87,89,-2,2
70167,91,88,3,3
70168,97,92,5,5
70169,93,73,20,20
70170,46,49,-3,3
70171,63,63,0,0
70172,54,60,-6,6
70173,68,72,-4,4
70174,100,116,-16,16
70175,51,51,0,0
70176,92,93,-1,1
70177,111,115,-4,4
70178,66,58,8,8
70179,60,72,-12,12
70180,66,67,-1,1
70181,130,117,13,13
70182,125,113,12,12
70183,134,137,-3,3
70184,139,139,0,0
70185,105,108,-3,3
70186,70,72,-2,2
70187,106,99,7,7
70188,146,133,13,13
70189,144,148,-4,4
70190,108,126,-18,18
70191,77,78,-1,1
70192,99,94,5,5
70193,79,78,1,1
70194,65,66,-1,1
70195,65,80,-15,15
70196,89,99,-10,10
70197,128,117,11,11
70198,95,122,-27,27
70199,131,142,-11,11
70200,48,48,0,0
70201,127,117,10,10
70202,102,109,-7,7
70203,127,124,3,3
70204,53,58,-5,5
70205,148,135,13,13
70206,173,162,11,11
70207,110,104,6,6
70208,61,64,-3,3
70209,65,66,-1,1
70210,83,83,0,0
70211,125,128,-3,3
70212,94,89,5,5
70213,82,78,4,4
70214,95,87,8,8
70215,48,56,-8,8
70216,112,113,-1,1
70217,74,79,-5,5
70218,114,109,5,5
70219,64,66,-2,2
70220,109,101,8,8
70221,163,153,10,10
70222,136,136,0,0
70223,218,197,21,21
70224,114,109,5,5
70225,152,148,4,4
70226,115,120,-5,5
70227,70,75,-5,5
70228,76,75,1,1
70229,101,100,1,1
70230,122,114,8,8
70231,95,88,7,7
70232,112,144,-32,32
70233,114,114,0,0
70234,93,90,3,3
70235,56,65,-9,9
70236,110,115,-5,5
70237,97,98,-1,1
70238,86,95,-9,9
70239,87,86,1,1
70240,55,66,-11,11
70241,183,197,-14,14
70242,99,99,0,0
70243,102,100,2,2
70244,113,105,8,8
70245,95,92,3,3
70246,191,172,19,19
70247,82,84,-2,2
70248,55,54,1,1
70249,60,64,-4,4
70250,81,80,1,1
70251,87,87,0,0
70252,142,148,-6,6
70253,97,82,15,15
70254,116,101,15,15
70255,73,71,2,2
70256,87,91,-4,4
70257,102,93,9,9
70258,57,61,-4,4
70259,56,63,-7,7
70260,193,165,28,28
70261,99,100,-1,1
70262,61,67,-6,6
70263,90,88,2,2
70264,129,137,-8,8
70265,86,88,-2,2
70266,68,75,-7,7
70267,106,95,11,11
70268,101,112,-11,11
70269,139,133,6,6
70270,97,107,-10,10
70271,79,87,-8,8
70272,54,64,-10,10
70273,47,54,-7,7
70274,119,112,7,7
70275,93,90,3,3
70276,70,69,1,1
70277,109,110,-1,1
70278,55,66,-11,11
70279,127,137,-10,10
70280,76,76,0,0
70281,35,42,-7,7
70282,66,65,1,1
70283,72,73,-1,1
70284,91,102,-11,11
70285,128,137,-9,9
70286,123,124,-1,1
70287,129,127,2,2
70288,106,100,6,6
70289,84,88,-4,4
70290,99,90,9,9
70291,59,58,1,1
70292,54,63,-9,9
70293,120,118,2,2
70294,188,172,16,16
70295,83,81,2,2
70296,146,133,13,13
70297,69,67,2,2
70298,58,61,-3,3
70299,173,152,21,21
70300,131,120,11,11
70301,150,143,7,7
70302,115,113,2,2
70303,107,99,8,8
70304,131,136,-5,5
70305,101,99,2,2
70306,105,94,11,11
70307,104,107,-3,3
70308,138,128,10,10
70309,62,61,1,1
70310,88,91,-3,3
70311,44,46,-2,2
70312,116,120,-4,4
70313,84,80,4,4
70314,80,101,-21,21
70315,112,112,0,0
70316,85,84,1,1
70317,82,73,9,9
70318,101,101,0,0
70319,123,121,2,2
70320,137,129,8,8
70321,112,90,22,22
70322,72,75,-3,3
70323,100,95,5,5
70324,106,97,9,9
70325,64,55,9,9
70326,115,108,7,7
70327,44,45,-1,1
70328,112,110,2,2
70329,113,108,5,5
70330,203,182,21,21
70331,113,101,12,12
70332,154,151,3,3
70333,88,93,-5,5
70334,88,101,-13,13
70335,56,59,-3,3
70336,116,117,-1,1
70337,104,101,3,3
70338,96,91,5,5
70339,99,95,4,4
70340,98,109,-11,11
70341,128,140,-12,12
70342,79,80,-1,1
70343,97,107,-10,10
70344,68,71,-3,3
70345,93,82,11,11
70346,99,97,2,2
70347,68,72,-4,4
70348,83,75,8,8
70349,85,86,-1,1
70350,89,94,-5,5
70351,95,89,6,6
70352,133,124,9,9
70353,86,85,1,1
70354,94,91,3,3
70355,63,72,-9,9
70356,134,131,3,3
70357,79,83,-4,4
70358,55,54,1,1
70359,82,87,-5,5
70360,60,65,-5,5
70361,63,72,-9,9
70362,179,165,14,14
70363,127,124,3,3
70364,65,60,5,5
70365,101,107,-6,6
70366,112,110,2,2
70367,66,67,-1,1
70368,104,100,4,4
70369,80,98,-18,18
70370,84,78,6,6
70371,57,59,-2,2
70372,55,54,1,1
70373,134,131,3,3
70374,125,117,8,8
70375,83,81,2,2
70376,66,66,0,0
70377,59,83,-24,24
70378,117,112,5,5
70379,103,123,-20,20
70380,101,90,11,11
70381,128,128,0,0
70382,92,98,-6,6
70383,167,155,12,12
70384,79,80,-1,1
70385,121,117,4,4
70386,85,74,11,11
70387,80,65,15,15
70388,26,34,-8,8
70389,52,58,-6,6
70390,58,70,-12,12
70391,137,135,2,2
70392,48,52,-4,4
70393,138,132,6,6
70394,81,67,14,14
70395,132,127,5,5
70396,111,111,0,0
70397,115,115,0,0
70398,129,127,2,2
70399,125,123,2,2
70400,138,162,-24,24
70401,51,57,-6,6
70402,131,142,-11,11
70403,164,171,-7,7
70404,107,92,15,15
70405,102,100,2,2
70406,66,68,-2,2
70407,59,60,-1,1
70408,60,59,1,1
70409,145,140,5,5
70410,143,139,4,4
70411,121,123,-2,2
70412,98,108,-10,10
70413,107,92,15,15
70414,69,65,4,4
70415,154,156,-2,2
70416,93,98,-5,5
70417,93,97,-4,4
70418,41,39,2,2
70419,103,109,-6,6
70420,81,79,2,2
70421,105,96,9,9
70422,60,56,4,4
70423,90,92,-2,2
70424,76,77,-1,1
70425,98,96,2,2
70426,70,69,1,1
70427,49,58,-9,9
70428,113,109,4,4
70429,45,59,-14,14
70430,109,108,1,1
70431,53,55,-2,2
70432,98,80,18,18
70433,70,66,4,4
70434,91,86,5,5
70435,126,117,9,9
70436,68,57,11,11
70437,54,72,-18,18
70438,99,88,11,11
70439,85,87,-2,2
70440,85,78,7,7
70441,93,97,-4,4
70442,69,67,2,2
70443,59,60,-1,1
70444,47,58,-11,11
70445,83,80,3,3
70446,103,111,-8,8
70447,93,86,7,7
70448,125,134,-9,9
70449,97,93,4,4
70450,103,112,-9,9
70451,79,77,2,2
70452,103,114,-11,11
70453,132,124,8,8
70454,165,166,-1,1
70455,132,127,5,5
70456,88,85,3,3
70457,92,82,10,10
70458,75,73,2,2
70459,108,100,8,8
70460,98,95,3,3
70461,133,152,-19,19
70462,75,69,6,6
70463,187,184,3,3
70464,123,121,2,2
70465,63,78,-15,15
70466,92,109,-17,17
70467,117,114,3,3
70468,98,86,12,12
70469,247,223,24,24
70470,98,105,-7,7
70471,102,85,17,17
70472,66,76,-10,10
70473,62,60,2,2
70474,84,85,-1,1
70475,52,52,0,0
70476,107,108,-1,1
70477,155,144,11,11
70478,118,119,-1,1
70479,150,154,-4,4
70480,112,110,2,2
70481,106,111,-5,5
70482,61,62,-1,1
70483,101,99,2,2
70484,80,69,11,11
70485,65,77,-12,12
70486,86,79,7,7
70487,74,70,4,4
70488,163,148,15,15
70489,100,108,-8,8
70490,44,48,-4,4
70491,86,72,14,14
70492,119,116,3,3
70493,80,77,3,3
70494,57,65,-8,8
70495,136,126,10,10
70496,113,118,-5,5
70497,75,76,-1,1
70498,41,52,-11,11
70499,125,141,-16,16
70500,77,79,-2,2
70501,97,90,7,7
70502,159,160,-1,1
70503,43,47,-4,4
70504,47,48,-1,1
70505,53,56,-3,3
70506,141,129,12,12
70507,79,80,-1,1
70508,74,73,1,1
70509,117,116,1,1
70510,39,49,-10,10
70511,74,78,-4,4
70512,131,133,-2,2
70513,95,93,2,2
70514,152,140,12,12
70515,80,84,-4,4
70516,125,110,15,15
70517,114,120,-6,6
70518,113,105,8,8
70519,58,67,-9,9
70520,98,89,9,9
70521,135,129,6,6
70522,88,99,-11,11
70523,147,147,0,0
70524,83,82,1,1
70525,145,141,4,4
70526,144,144,0,0
70527,142,130,12,12
70528,65,67,-2,2
70529,59,64,-5,5
70530,116,115,1,1
70531,51,54,-3,3
70532,48,51,-3,3
70533,113,120,-7,7
70534,87,69,18,18
70535,72,79,-7,7
70536,100,96,4,4
70537,66,69,-3,3
70538,106,114,-8,8
70539,128,116,12,12
70540,71,66,5,5
70541,69,76,-7,7
70542,117,132,-15,15
70543,125,127,-2,2
70544,105,100,5,5
70545,43,48,-5,5
70546,154,158,-4,4
70547,77,80,-3,3
70548,104,108,-4,4
70549,112,111,1,1
70550,84,86,-2,2
70551,69,69,0,0
70552,135,125,10,10
70553,130,119,11,11
70554,117,124,-7,7
70555,47,58,-11,11
70556,114,118,-4,4
70557,100,102,-2,2
70558,129,136,-7,7
70559,59,60,-1,1
70560,159,153,6,6
70561,61,53,8,8
70562,51,54,-3,3
70563,92,86,6,6
70564,73,76,-3,3
70565,98,80,18,18
70566,117,113,4,4
70567,100,110,-10,10
70568,54,70,-16,16
70569,76,75,1,1
70570,132,132,0,0
70571,178,136,42,42
70572,91,94,-3,3
70573,127,115,12,12
70574,75,70,5,5
70575,70,70,0,0
70576,124,122,2,2
70577,125,131,-6,6
70578,80,82,-2,2
70579,59,64,-5,5
70580,82,86,-4,4
70581,130,131,-1,1
70582,82,87,-5,5
70583,93,83,10,10
70584,82,89,-7,7
70585,160,151,9,9
70586,83,79,4,4
70587,128,115,13,13
70588,123,112,11,11
70589,98,94,4,4
70590,104,90,14,14
70591,109,101,8,8
70592,48,46,2,2
70593,62,63,-1,1
70594,63,58,5,5
70595,63,65,-2,2
70596,115,110,5,5
70597,94,87,7,7
70598,94,98,-4,4
70599,91,89,2,2
70600,141,147,-6,6
70601,162,154,8,8
70602,91,91,0,0
70603,88,94,-6,6
70604,117,128,-11,11
70605,52,56,-4,4
70606,57,62,-5,5
70607,106,90,16,16
70608,77,84,-7,7
70609,58,62,-4,4
70610,85,79,6,6
70611,110,108,2,2
70612,74,78,-4,4
70613,97,88,9,9
70614,58,61,-3,3
70615,92,95,-3,3
70616,97,94,3,3
70617,73,72,1,1
70618,89,92,-3,3
70619,108,101,7,7
70620,129,124,5,5
70621,83,83,0,0
70622,97,91,6,6
70623,88,87,1,1
70624,88,83,5,5
70625,74,79,-5,5
70626,103,105,-2,2
70627,93,84,9,9
70628,39,45,-6,6
70629,168,159,9,9
70630,102,91,11,11
70631,77,84,-7,7
70632,209,214,-5,5
70633,88,83,5,5
70634,88,89,-1,1
70635,95,108,-13,13
70636,113,109,4,4
70637,109,112,-3,3
70638,93,95,-2,2
70639,167,153,14,14
70640,55,71,-16,16
70641,115,114,1,1
70642,101,103,-2,2
70643,52,61,-9,9
70644,155,155,0,0
70645,47,57,-10,10
70646,123,126,-3,3
70647,71,67,4,4
70648,109,114,-5,5
70649,63,69,-6,6
70650,132,147,-15,15
70651,74,78,-4,4
70652,89,100,-11,11
70653,131,129,2,2
70654,71,73,-2,2
70655,100,87,13,13
70656,76,88,-12,12
70657,67,68,-1,1
70658,121,112,9,9
70659,45,60,-15,15
70660,79,66,13,13
70661,145,144,1,1
70662,242,209,33,33
70663,64,58,6,6
70664,146,137,9,9
70665,80,78,2,2
70666,135,140,-5,5
70667,94,90,4,4
70668,88,79,9,9
70669,119,122,-3,3
70670,129,123,6,6
70671,86,84,2,2
70672,60,58,2,2
70673,148,157,-9,9
70674,43,54,-11,11
70675,41,46,-5,5
70676,272,252,20,20
70677,116,98,18,18
70678,86,81,5,5
70679,69,73,-4,4
70680,51,52,-1,1
70681,80,80,0,0
70682,83,79,4,4
70683,108,102,6,6
70684,66,64,2,2
70685,178,183,-5,5
70686,138,144,-6,6
70687,124,110,14,14
70688,58,56,2,2
70689,93,93,0,0
70690,135,128,7,7
70691,98,82,16,16
70692,91,82,9,9
70693,83,78,5,5
70694,192,184,8,8
70695,119,105,14,14
70696,44,52,-8,8
70697,83,85,-2,2
70698,75,81,-6,6
70699,216,208,8,8
70700,178,173,5,5
70701,81,81,0,0
70702,56,69,-13,13
70703,85,85,0,0
70704,87,83,4,4
70705,77,77,0,0
70706,73,78,-5,5
70707,122,122,0,0
70708,169,152,17,17
70709,155,144,11,11
70710,111,110,1,1
70711,37,44,-7,7
70712,116,121,-5,5
70713,107,109,-2,2
70714,63,70,-7,7
70715,97,90,7,7
70716,108,92,16,16
70717,94,95,-1,1
70718,56,56,0,0
70719,49,46,3,3
70720,87,91,-4,4
70721,110,111,-1,1
70722,89,97,-8,8
70723,87,82,5,5
70724,127,129,-2,2
70725,82,81,1,1
70726,58,58,0,0
70727,69,72,-3,3
70728,66,58,8,8
70729,62,79,-17,17
70730,80,81,-1,1
70731,62,64,-2,2
70732,46,48,-2,2
70733,48,68,-20,20
70734,77,74,3,3
70735,99,116,-17,17
70736,98,96,2,2
70737,87,85,2,2
70738,63,69,-6,6
70739,114,119,-5,5
70740,121,129,-8,8
70741,70,73,-3,3
70742,118,109,9,9
70743,116,117,-1,1
70744,89,92,-3,3
70745,100,96,4,4
70746,249,260,-11,11
70747,202,184,18,18
70748,152,147,5,5
70749,140,134,6,6
70750,162,150,12,12
70751,90,86,4,4
70752,132,120,12,12
70753,79,68,11,11
70754,73,71,2,2
70755,115,108,7,7
70756,188,178,10,10
70757,72,75,-3,3
70758,112,112,0,0
70759,131,122,9,9
70760,128,130,-2,2
70761,125,124,1,1
70762,133,126,7,7
70763,159,149,10,10
70764,96,89,7,7
70765,85,88,-3,3
70766,103,101,2,2
70767,74,70,4,4
70768,139,141,-2,2
70769,114,111,3,3
70770,35,41,-6,6
70771,56,56,0,0
70772,85,89,-4,4
70773,111,97,14,14
70774,107,111,-4,4
70775,138,140,-2,2
70776,79,72,7,7
70777,89,90,-1,1
70778,97,90,7,7
70779,88,83,5,5
70780,77,78,-1,1
70781,83,76,7,7
70782,138,137,1,1
70783,109,110,-1,1
70784,58,66,-8,8
70785,65,70,-5,5
70786,97,101,-4,4
70787,95,90,5,5
70788,93,89,4,4
70789,80,84,-4,4
70790,88,79,9,9
70791,104,111,-7,7
70792,72,74,-2,2
70793,75,72,3,3
70794,88,89,-1,1
70795,104,115,-11,11
70796,70,70,0,0
70797,83,88,-5,5
70798,108,98,10,10
70799,84,80,4,4
70800,91,96,-5,5
70801,115,115,0,0
70802,80,87,-7,7
70803,122,126,-4,4
70804,116,117,-1,1
70805,119,116,3,3
70806,105,102,3,3
70807,80,84,-4,4
70808,63,82,-19,19
70809,108,115,-7,7
70810,73,72,1,1
70811,116,118,-2,2
70812,101,91,10,10
70813,78,78,0,0
70814,137,141,-4,4
70815,94,107,-13,13
70816,63,61,2,2
70817,122,135,-13,13
70818,145,139,6,6
70819,110,101,9,9
70820,86,84,2,2
70821,160,154,6,6
70822,149,141,8,8
70823,93,86,7,7
70824,77,69,8,8
70825,43,49,-6,6
70826,85,92,-7,7
70827,85,77,8,8
70828,71,71,0,0
70829,68,75,-7,7
70830,85,88,-3,3
70831,74,81,-7,7
70832,152,164,-12,12
70833,161,148,13,13
70834,130,138,-8,8
70835,83,79,4,4
70836,102,107,-5,5
70837,96,109,-13,13
70838,111,115,-4,4
70839,41,43,-2,2
70840,54,61,-7,7
70841,119,115,4,4
70842,89,79,10,10
70843,105,92,13,13
70844,163,155,8,8
70845,102,97,5,5
70846,90,87,3,3
70847,52,66,-14,14
70848,61,62,-1,1
70849,84,97,-13,13
70850,87,93,-6,6
70851,56,69,-13,13
70852,86,99,-13,13
70853,153,148,5,5
70854,130,115,15,15
70855,171,160,11,11
70856,81,79,2,2
70857,76,72,4,4
70858,82,91,-9,9
70859,114,122,-8,8
70860,103,109,-6,6
70861,98,97,1,1
70862,130,132,-2,2
70863,145,128,17,17
70864,66,78,-12,12
70865,136,116,20,20
70866,96,107,-11,11
70867,35,42,-7,7
70868,77,76,1,1
70869,108,101,7,7
70870,91,103,-12,12
70871,68,74,-6,6
70872,114,116,-2,2
70873,38,43,-5,5
70874,123,101,22,22
70875,81,79,2,2
70876,96,87,9,9
70877,89,88,1,1
70878,129,147,-18,18
70879,93,90,3,3
70880,57,58,-1,1
70881,81,77,4,4
70882,137,127,10,10
70883,83,74,9,9
70884,97,94,3,3
70885,100,102,-2,2
70886,83,85,-2,2
70887,94,85,9,9
70888,87,102,-15,15
70889,154,149,5,5
70890,126,109,17,17
70891,74,75,-1,1
70892,87,92,-5,5
70893,62,72,-10,10
70894,61,61,0,0
70895,94,85,9,9
70896,91,84,7,7
70897,67,68,-1,1
70898,87,80,7,7
70899,58,69,-11,11
70900,126,119,7,7
70901,102,97,5,5
70902,97,100,-3,3
70903,60,63,-3,3
70904,84,87,-3,3
70905,168,124,44,44
70906,89,91,-2,2
70907,60,62,-2,2
70908,99,101,-2,2
70909,119,113,6,6
70910,90,87,3,3
70911,150,153,-3,3
70912,95,92,3,3
70913,79,80,-1,1
70914,45,48,-3,3
70915,101,96,5,5
70916,123,118,5,5
70917,145,145,0,0
70918,56,58,-2,2
70919,83,84,-1,1
70920,48,52,-4,4
70921,65,65,0,0
70922,102,110,-8,8
70923,75,71,4,4
70924,194,205,-11,11
70925,55,59,-4,4
70926,61,60,1,1
70927,97,91,6,6
70928,123,128,-5,5
70929,47,52,-5,5
70930,99,117,-18,18
70931,88,85,3,3
70932,65,64,1,1
70933,71,72,-1,1
70934,140,134,6,6
70935,113,108,5,5
70936,70,75,-5,5
70937,123,125,-2,2
70938,113,100,13,13
70939,170,153,17,17
70940,101,110,-9,9
70941,113,108,5,5
70942,102,95,7,7
70943,74,79,-5,5
70944,73,80,-7,7
70945,90,95,-5,5
70946,62,60,2,2
70947,104,124,-20,20
70948,119,118,1,1
70949,71,66,5,5
70950,129,141,-12,12
70951,48,52,-4,4
70952,149,158,-9,9
70953,63,61,2,2
70954,115,117,-2,2
70955,110,115,-5,5
70956,93,119,-26,26
70957,100,107,-7,7
70958,90,92,-2,2
70959,46,56,-10,10
70960,126,119,7,7
70961,99,97,2,2
70962,65,63,2,2
70963,77,76,1,1
70964,70,63,7,7
70965,82,90,-8,8
70966,91,91,0,0
70967,142,133,9,9
70968,73,69,4,4
70969,146,136,10,10
70970,106,103,3,3
70971,185,182,3,3
70972,72,73,-1,1
70973,119,110,9,9
70974,56,60,-4,4
70975,110,103,7,7
70976,94,89,5,5
70977,79,87,-8,8
70978,50,49,1,1
70979,86,83,3,3
70980,73,74,-1,1
70981,81,81,0,0
70982,68,73,-5,5
70983,69,73,-4,4
70984,135,121,14,14
70985,162,145,17,17
70986,107,104,3,3
70987,74,75,-1,1
70988,61,67,-6,6
70989,101,90,11,11
70990,70,67,3,3
70991,101,121,-20,20
70992,61,66,-5,5
70993,103,99,4,4
70994,47,110,-63,63
70995,87,86,1,1
70996,73,77,-4,4
70997,100,89,11,11
70998,97,85,12,12
70999,75,79,-4,4
71000,77,74,3,3
71001,59,58,1,1
71002,136,139,-3,3
71003,44,47,-3,3
71004,149,141,8,8
71005,85,88,-3,3
71006,132,134,-2,2
71007,54,57,-3,3
71008,98,92,6,6
71009,102,111,-9,9
71010,122,122,0,0
71011,70,69,1,1
71012,121,131,-10,10
71013,86,85,1,1
71014,99,97,2,2
71015,71,67,4,4
71016,113,110,3,3
71017,100,101,-1,1
71018,61,62,-1,1
71019,69,73,-4,4
71020,103,114,-11,11
71021,122,141,-19,19
71022,90,83,7,7
71023,113,103,10,10
71024,99,110,-11,11
71025,100,93,7,7
71026,77,82,-5,5
71027,84,80,4,4
71028,101,96,5,5
71029,86,86,0,0
71030,43,49,-6,6
71031,73,78,-5,5
71032,128,124,4,4
71033,81,71,10,10
71034,67,60,7,7
71035,137,133,4,4
71036,77,76,1,1
71037,52,58,-6,6
71038,103,114,-11,11
71039,107,103,4,4
71040,101,95,6,6
71041,80,81,-1,1
71042,114,115,-1,1
71043,112,116,-4,4
71044,118,102,16,16
71045,110,110,0,0
71046,88,80,8,8
71047,63,90,-27,27
71048,125,115,10,10
71049,126,113,13,13
71050,68,83,-15,15
71051,59,65,-6,6
71052,69,73,-4,4
71053,90,82,8,8
71054,108,114,-6,6
71055,80,84,-4,4
71056,63,64,-1,1
71057,52,53,-1,1
71058,72,76,-4,4
71059,76,81,-5,5
71060,92,90,2,2
71061,133,160,-27,27
71062,65,71,-6,6
71063,69,70,-1,1
71064,121,113,8,8
71065,92,88,4,4
71066,67,72,-5,5
71067,134,129,5,5
71068,81,74,7,7
71069,68,78,-10,10
71070,67,68,-1,1
71071,52,54,-2,2
71072,107,109,-2,2
71073,120,117,3,3
71074,133,134,-1,1
71075,150,136,14,14
71076,124,138,-14,14
71077,86,85,1,1
71078,29,32,-3,3
71079,170,153,17,17
71080,88,89,-1,1
71081,158,151,7,7
71082,58,59,-1,1
71083,129,123,6,6
71084,94,94,0,0
71085,116,117,-1,1
71086,159,154,5,5
71087,86,79,7,7
71088,174,178,-4,4
71089,104,94,10,10
71090,90,81,9,9
71091,101,96,5,5
71092,107,110,-3,3
71093,133,118,15,15
71094,70,67,3,3
71095,100,97,3,3
71096,174,173,1,1
71097,41,45,-4,4
71098,85,83,2,2
71099,76,80,-4,4
71100,73,75,-2,2
71101,131,127,4,4
71102,83,81,2,2
71103,88,95,-7,7
71104,128,130,-2,2
71105,86,89,-3,3
71106,163,160,3,3
71107,104,102,2,2
71108,50,51,-1,1
71109,114,96,18,18
71110,108,111,-3,3
71111,72,74,-2,2
71112,63,67,-4,4
71113,51,51,0,0
71114,94,88,6,6
71115,76,71,5,5
71116,39,42,-3,3
71117,100,101,-1,1
71118,64,67,-3,3
71119,87,85,2,2
71120,112,109,3,3
71121,105,109,-4,4
71122,84,88,-4,4
71123,135,132,3,3
71124,66,62,4,4
71125,164,161,3,3
71126,53,59,-6,6
71127,131,120,11,11
71128,97,95,2,2
71129,44,55,-11,11
71130,85,85,0,0
71131,58,53,5,5
71132,105,110,-5,5
71133,51,54,-3,3
71134,67,70,-3,3
71135,82,86,-4,4
71136,100,94,6,6
71137,154,135,19,19
71138,89,95,-6,6
71139,88,81,7,7
71140,104,89,15,15
71141,82,72,10,10
71142,97,92,5,5
71143,87,105,-18,18
71144,71,63,8,8
71145,87,89,-2,2
71146,71,72,-1,1
71147,168,158,10,10
71148,124,114,10,10
71149,75,68,7,7
71150,137,111,26,26
71151,131,127,4,4
71152,161,165,-4,4
71153,80,80,0,0
71154,109,110,-1,1
71155,65,66,-1,1
71156,152,152,0,0
71157,120,115,5,5
71158,116,117,-1,1
71159,82,98,-16,16
71160,214,198,16,16
71161,75,75,0,0
71162,95,87,8,8
71163,120,112,8,8
71164,126,126,0,0
71165,112,109,3,3
71166,115,127,-12,12
71167,94,89,5,5
71168,84,87,-3,3
71169,99,100,-1,1
71170,69,63,6,6
71171,62,60,2,2
71172,106,109,-3,3
71173,110,107,3,3
71174,78,78,0,0
71175,161,189,-28,28
71176,140,103,37,37
71177,83,98,-15,15
71178,110,101,9,9
71179,50,55,-5,5
71180,160,148,12,12
71181,93,87,6,6
71182,161,160,1,1
71183,37,44,-7,7
71184,58,53,5,5
71185,109,122,-13,13
71186,99,103,-4,4
71187,124,146,-22,22
71188,65,64,1,1
71189,113,106,7,7
71190,114,124,-10,10
71191,127,121,6,6
71192,99,90,9,9
71193,83,80,3,3
71194,74,80,-6,6
71195,112,119,-7,7
71196,76,76,0,0
71197,86,82,4,4
71198,59,67,-8,8
71199,185,160,25,25
71200,113,91,22,22
71201,90,90,0,0
71202,60,62,-2,2
71203,136,119,17,17
71204,94,95,-1,1
71205,100,93,7,7
71206,93,91,2,2
71207,80,83,-3,3
71208,138,124,14,14
71209,123,120,3,3
71210,84,86,-2,2
71211,96,97,-1,1
71212,123,120,3,3
71213,46,86,-40,40
71214,54,60,-6,6
71215,135,136,-1,1
71216,135,112,23,23
71217,79,82,-3,3
71218,127,118,9,9
71219,75,78,-3,3
71220,43,67,-24,24
71221,107,90,17,17
71222,86,79,7,7
71223,114,120,-6,6
71224,56,54,2,2
71225,80,79,1,1
71226,86,81,5,5
71227,62,59,3,3
71228,78,69,9,9
71229,158,161,-3,3
71230,96,116,-20,20
71231,88,85,3,3
71232,62,62,0,0
71233,116,110,6,6
71234,103,101,2,2
71235,108,120,-12,12
71236,96,91,5,5
71237,65,67,-2,2
71238,64,71,-7,7
71239,136,126,10,10
71240,92,96,-4,4
71241,66,61,5,5
71242,106,109,-3,3
71243,168,155,13,13
71244,91,91,0,0
71245,90,97,-7,7
71246,83,77,6,6
71247,198,189,9,9
71248,98,97,1,1
71249,116,98,18,18
71250,77,84,-7,7
71251,95,93,2,2
71252,113,113,0,0
71253,102,97,5,5
71254,54,55,-1,1
71255,138,141,-3,3
71256,76,73,3,3
71257,58,57,1,1
71258,74,74,0,0
71259,93,98,-5,5
71260,56,77,-21,21
71261,139,143,-4,4
71262,169,167,2,2
71263,131,128,3,3
71264,64,49,15,15
71265,89,94,-5,5
71266,111,103,8,8
71267,149,143,6,6
71268,86,78,8,8
71269,67,81,-14,14
71270,54,57,-3,3
71271,47,56,-9,9
71272,43,52,-9,9
71273,90,93,-3,3
71274,139,128,11,11
71275,62,65,-3,3
71276,67,74,-7,7
71277,75,77,-2,2
71278,87,85,2,2
71279,82,82,0,0
71280,41,48,-7,7
71281,86,88,-2,2
71282,151,139,12,12
71283,87,82,5,5
71284,107,110,-3,3
71285,67,67,0,0
71286,90,100,-10,10
71287,133,130,3,3
71288,42,45,-3,3
71289,124,116,8,8
71290,66,67,-1,1
71291,74,76,-2,2
71292,54,56,-2,2
71293,123,118,5,5
71294,137,137,0,0
71295,67,63,4,4
71296,113,117,-4,4
71297,103,95,8,8
71298,161,146,15,15
71299,114,109,5,5
71300,112,120,-8,8
71301,103,105,-2,2
71302,112,113,-1,1
71303,123,129,-6,6
71304,65,66,-1,1
71305,97,91,6,6
71306,68,62,6,6
71307,69,66,3,3
71308,69,63,6,6
71309,143,136,7,7
71310,107,105,2,2
71311,59,74,-15,15
71312,125,121,4,4
71313,57,61,-4,4
71314,108,113,-5,5
71315,86,88,-2,2
71316,98,92,6,6
71317,82,79,3,3
71318,87,120,-33,33
71319,65,68,-3,3
71320,96,90,6,6
71321,60,56,4,4
71322,77,79,-2,2
71323,81,78,3,3
71324,147,146,1,1
71325,75,68,7,7
71326,75,70,5,5
71327,85,94,-9,9
71328,94,93,1,1
71329,158,154,4,4
71330,103,78,25,25
71331,125,116,9,9
71332,119,143,-24,24
71333,109,110,-1,1
71334,64,61,3,3
71335,74,75,-1,1
71336,33,36,-3,3
71337,104,99,5,5
71338,73,78,-5,5
71339,148,125,23,23
71340,57,63,-6,6
71341,62,61,1,1
71342,143,139,4,4
71343,96,112,-16,16
71344,61,64,-3,3
71345,126,124,2,2
71346,66,82,-16,16
71347,97,107,-10,10
71348,58,63,-5,5
71349,85,88,-3,3
71350,207,180,27,27
71351,114,112,2,2
71352,105,102,3,3
71353,92,93,-1,1
71354,80,80,0,0
71355,97,90,7,7
71356,93,92,1,1
71357,55,56,-1,1
71358,89,83,6,6
71359,116,113,3,3
71360,98,98,0,0
71361,79,72,7,7
71362,127,128,-1,1
71363,112,104,8,8
71364,131,115,16,16
71365,92,94,-2,2
71366,81,80,1,1
71367,236,217,19,19
71368,110,123,-13,13
71369,66,75,-9,9
71370,100,109,-9,9
71371,98,100,-2,2
71372,118,111,7,7
71373,91,95,-4,4
71374,162,146,16,16
71375,77,75,2,2
71376,67,70,-3,3
71377,131,129,2,2
71378,103,103,0,0
71379,57,62,-5,5
71380,93,84,9,9
71381,72,81,-9,9
71382,67,59,8,8
71383,49,62,-13,13
71384,72,72,0,0
71385,56,54,2,2
71386,154,176,-22,22
71387,72,78,-6,6
71388,44,50,-6,6
71389,97,95,2,2
71390,173,143,30,30
71391,151,142,9,9
71392,92,86,6,6
71393,41,60,-19,19
71394,101,110,-9,9
71395,151,134,17,17
71396,112,100,12,12
71397,82,81,1,1
71398,147,140,7,7
71399,104,88,16,16
71400,156,144,12,12
71401,69,67,2,2
71402,88,93,-5,5
71403,49,55,-6,6
71404,72,74,-2,2
71405,87,86,1,1
71406,83,78,5,5
71407,78,67,11,11
71408,109,107,2,2
71409,118,128,-10,10
71410,146,189,-43,43
71411,95,91,4,4
71412,139,134,5,5
71413,112,120,-8,8
71414,74,77,-3,3
71415,101,109,-8,8
71416,69,67,2,2
71417,60,58,2,2
71418,52,56,-4,4
71419,70,68,2,2
71420,52,52,0,0
71421,93,96,-3,3
71422,75,76,-1,1
71423,50,58,-8,8
71424,64,67,-3,3
71425,167,148,19,19
71426,59,62,-3,3
71427,117,119,-2,2
71428,97,98,-1,1
71429,93,95,-2,2
71430,70,74,-4,4
71431,91,82,9,9
71432,52,54,-2,2
71433,97,100,-3,3
71434,66,56,10,10
71435,91,90,1,1
71436,72,112,-40,40
71437,113,104,9,9
71438,91,87,4,4
71439,50,64,-14,14
71440,85,104,-19,19
71441,167,161,6,6
71442,78,80,-2,2
71443,149,143,6,6
71444,102,96,6,6
71445,116,114,2,2
71446,69,78,-9,9
71447,63,66,-3,3
71448,108,115,-7,7
71449,81,78,3,3
71450,82,81,1,1
71451,113,116,-3,3
71452,83,83,0,0
71453,97,87,10,10
71454,78,93,-15,15
71455,102,107,-5,5
71456,109,115,-6,6
71457,64,68,-4,4
71458,98,96,2,2
71459,156,137,19,19
71460,126,126,0,0
71461,90,89,1,1
71462,122,120,2,2
71463,67,73,-6,6
71464,60,58,2,2
71465,60,64,-4,4
71466,73,70,3,3
71467,135,138,-3,3
71468,116,113,3,3
71469,92,88,4,4
71470,116,117,-1,1
71471,76,76,0,0
71472,137,134,3,3
71473,38,52,-14,14
71474,212,192,20,20
71475,115,113,2,2
71476,170,160,10,10
71477,140,159,-19,19
71478,194,166,28,28
71479,119,116,3,3
71480,46,52,-6,6
71481,67,66,1,1
71482,114,111,3,3
71483,107,125,-18,18
71484,83,99,-16,16
71485,103,96,7,7
71486,75,80,-5,5
71487,117,145,-28,28
71488,59,59,0,0
71489,68,92,-24,24
71490,117,123,-6,6
71491,142,131,11,11
71492,50,47,3,3
71493,72,73,-1,1
71494,114,129,-15,15
71495,161,158,3,3
71496,104,99,5,5
71497,241,224,17,17
71498,72,69,3,3
71499,89,92,-3,3
71500,76,76,0,0
71501,97,96,1,1
71502,93,85,8,8
71503,73,68,5,5
71504,67,49,18,18
71505,89,90,-1,1
71506,91,90,1,1
71507,112,113,-1,1
71508,156,155,1,1
71509,59,58,1,1
71510,71,78,-7,7
71511,35,36,-1,1
71512,60,60,0,0
71513,151,157,-6,6
71514,83,86,-3,3
71515,114,117,-3,3
71516,66,60,6,6
71517,68,73,-5,5
71518,128,126,2,2
71519,168,142,26,26
71520,84,82,2,2
71521,87,87,0,0
71522,94,92,2,2
71523,44,53,-9,9
71524,93,96,-3,3
71525,135,127,8,8
71526,80,76,4,4
71527,105,94,11,11
71528,86,88,-2,2
71529,115,115,0,0
71530,183,172,11,11
71531,120,114,6,6
71532,25,46,-21,21
71533,53,56,-3,3
71534,131,115,16,16
71535,164,154,10,10
71536,74,75,-1,1
71537,125,118,7,7
71538,91,95,-4,4
71539,106,94,12,12
71540,95,89,6,6
71541,75,68,7,7
71542,114,105,9,9
71543,70,70,0,0
71544,89,83,6,6
71545,37,29,8,8
71546,90,86,4,4
71547,60,61,-1,1
71548,106,111,-5,5
71549,59,65,-6,6
71550,114,123,-9,9
71551,69,69,0,0
71552,96,99,-3,3
71553,90,73,17,17
71554,132,141,-9,9
71555,117,120,-3,3
71556,78,80,-2,2
71557,63,71,-8,8
71558,96,104,-8,8
71559,132,110,22,22
71560,83,79,4,4
71561,114,111,3,3
71562,109,107,2,2
71563,97,87,10,10
71564,81,82,-1,1
71565,95,92,3,3
71566,82,85,-3,3
71567,127,135,-8,8
71568,108,109,-1,1
71569,91,109,-18,18
71570,87,84,3,3
71571,92,89,3,3
71572,165,156,9,9
71573,85,83,2,2
71574,50,59,-9,9
71575,62,60,2,2
71576,97,98,-1,1
71577,87,90,-3,3
71578,66,60,6,6
71579,76,75,1,1
71580,75,79,-4,4
71581,172,167,5,5
71582,45,50,-5,5
71583,86,90,-4,4
71584,73,80,-7,7
71585,189,167,22,22
71586,65,69,-4,4
71587,76,75,1,1
71588,95,96,-1,1
71589,95,86,9,9
71590,87,85,2,2
71591,108,110,-2,2
71592,91,77,14,14
71593,69,76,-7,7
71594,141,148,-7,7
71595,75,77,-2,2
71596,82,84,-2,2
71597,55,55,0,0
71598,55,64,-9,9
71599,121,120,1,1
71600,55,54,1,1
71601,131,119,12,12
71602,111,102,9,9
71603,52,63,-11,11
71604,141,131,10,10
71605,82,89,-7,7
71606,49,51,-2,2
71607,67,77,-10,10
71608,65,64,1,1
71609,116,120,-4,4
71610,112,115,-3,3
71611,117,113,4,4
71612,137,132,5,5
71613,95,100,-5,5
71614,59,63,-4,4
71615,84,93,-9,9
71616,89,79,10,10
71617,137,135,2,2
71618,194,164,30,30
71619,144,129,15,15
71620,106,96,10,10
71621,122,112,10,10
71622,67,75,-8,8
71623,104,110,-6,6
71624,114,111,3,3
71625,84,93,-9,9
71626,49,65,-16,16
71627,232,195,37,37
71628,79,74,5,5
71629,101,108,-7,7
71630,105,102,3,3
71631,104,108,-4,4
71632,221,189,32,32
71633,124,107,17,17
71634,154,145,9,9
71635,110,109,1,1
71636,75,77,-2,2
71637,175,165,10,10
71638,162,165,-3,3
71639,169,149,20,20
71640,82,87,-5,5
71641,69,69,0,0
71642,63,64,-1,1
71643,101,108,-7,7
71644,59,59,0,0
71645,123,124,-1,1
71646,105,110,-5,5
71647,99,88,11,11
71648,58,64,-6,6
71649,103,97,6,6
71650,77,85,-8,8
71651,64,61,3,3
71652,49,49,0,0
71653,96,94,2,2
71654,78,81,-3,3
71655,124,131,-7,7
71656,66,88,-22,22
71657,163,153,10,10
71658,140,149,-9,9
71659,77,80,-3,3
71660,55,63,-8,8
71661,64,61,3,3
71662,73,98,-25,25
71663,86,86,0,0
71664,87,85,2,2
71665,80,85,-5,5
71666,74,81,-7,7
71667,69,65,4,4
71668,118,118,0,0
71669,74,82,-8,8
71670,162,160,2,2
71671,63,68,-5,5
71672,88,86,2,2
71673,105,103,2,2
71674,70,59,11,11
71675,86,91,-5,5
71676,82,79,3,3
71677,181,182,-1,1
71678,60,61,-1,1
71679,139,138,1,1
71680,45,39,6,6
71681,84,85,-1,1
71682,87,82,5,5
71683,94,83,11,11
71684,94,93,1,1
71685,102,127,-25,25
71686,82,84,-2,2
71687,102,90,12,12
71688,51,50,1,1
71689,91,86,5,5
71690,92,90,2,2
71691,119,119,0,0
71692,98,103,-5,5
71693,92,86,6,6
71694,144,138,6,6
71695,117,123,-6,6
71696,61,57,4,4
71697,55,49,6,6
71698,89,84,5,5
71699,83,83,0,0
71700,122,110,12,12
71701,101,108,-7,7
71702,71,74,-3,3
71703,183,180,3,3
71704,79,85,-6,6
71705,68,79,-11,11
71706,124,121,3,3
71707,96,92,4,4
71708,82,79,3,3
71709,99,106,-7,7
71710,145,126,19,19
71711,143,141,2,2
71712,131,134,-3,3
71713,83,78,5,5
71714,118,133,-15,15
71715,65,69,-4,4
71716,52,60,-8,8
71717,78,75,3,3
71718,76,75,1,1
71719,142,131,11,11
71720,90,85,5,5
71721,64,66,-2,2
71722,70,68,2,2
71723,81,88,-7,7
71724,155,148,7,7
71725,94,106,-12,12
71726,64,65,-1,1
71727,83,78,5,5
71728,112,108,4,4
71729,112,95,17,17
71730,132,129,3,3
71731,84,77,7,7
71732,63,68,-5,5
71733,78,84,-6,6
71734,143,134,9,9
71735,71,71,0,0
71736,94,90,4,4
71737,75,74,1,1
71738,54,64,-10,10
71739,81,72,9,9
71740,72,77,-5,5
71741,95,90,5,5
71742,136,128,8,8
71743,89,85,4,4
71744,66,70,-4,4
71745,95,88,7,7
71746,85,81,4,4
71747,114,115,-1,1
71748,70,68,2,2
71749,70,84,-14,14
71750,115,119,-4,4
71751,139,139,0,0
71752,104,97,7,7
71753,65,64,1,1
71754,145,136,9,9
71755,108,105,3,3
71756,81,84,-3,3
71757,85,71,14,14
71758,59,66,-7,7
71759,146,153,-7,7
71760,89,100,-11,11
71761,94,93,1,1
71762,82,81,1,1
71763,58,62,-4,4
71764,78,77,1,1
71765,92,82,10,10
71766,65,67,-2,2
71767,100,97,3,3
71768,126,122,4,4
71769,115,111,4,4
71770,64,63,1,1
71771,67,76,-9,9
71772,114,106,8,8
71773,73,71,2,2
71774,86,84,2,2
71775,92,82,10,10
71776,393,375,18,18
71777,121,139,-18,18
71778,77,84,-7,7
71779,106,92,14,14
71780,81,82,-1,1
71781,99,84,15,15
71782,150,149,1,1
71783,98,97,1,1
71784,107,110,-3,3
71785,59,54,5,5
71786,53,46,7,7
71787,99,94,5,5
71788,138,134,4,4
71789,58,63,-5,5
71790,85,80,5,5
71791,129,124,5,5
71792,60,56,4,4
71793,67,66,1,1
71794,107,99,8,8
71795,42,56,-14,14
71796,73,75,-2,2
71797,81,89,-8,8
71798,154,127,27,27
71799,84,82,2,2
71800,67,68,-1,1
71801,62,58,4,4
71802,93,87,6,6
71803,119,116,3,3
71804,112,109,3,3
71805,146,141,5,5
71806,45,44,1,1
71807,127,121,6,6
71808,87,83,4,4
71809,122,118,4,4
71810,83,77,6,6
71811,116,115,1,1
71812,95,100,-5,5
71813,101,102,-1,1
71814,132,131,1,1
71815,116,110,6,6
71816,79,72,7,7
71817,94,90,4,4
71818,131,123,8,8
71819,61,60,1,1
71820,66,68,-2,2
71821,78,82,-4,4
71822,145,146,-1,1
71823,166,164,2,2
71824,88,82,6,6
71825,99,93,6,6
71826,85,88,-3,3
71827,62,64,-2,2
71828,85,87,-2,2
71829,103,109,-6,6
71830,123,146,-23,23
71831,43,52,-9,9
71832,89,95,-6,6
71833,61,68,-7,7
71834,65,67,-2,2
71835,81,79,2,2
71836,77,74,3,3
71837,118,114,4,4
71838,53,54,-1,1
71839,90,78,12,12
71840,101,119,-18,18
71841,88,88,0,0
71842,136,134,2,2
71843,142,137,5,5
71844,79,71,8,8
71845,124,123,1,1
71846,69,68,1,1
71847,55,56,-1,1
71848,84,87,-3,3
71849,34,38,-4,4
71850,86,80,6,6
71851,67,51,16,16
71852,234,213,21,21
71853,175,165,10,10
71854,50,51,-1,1
71855,75,67,8,8
71856,61,66,-5,5
71857,103,98,5,5
71858,59,61,-2,2
71859,83,95,-12,12
71860,50,49,1,1
71861,89,89,0,0
71862,65,71,-6,6
71863,140,124,16,16
71864,158,157,1,1
71865,113,112,1,1
71866,118,124,-6,6
71867,172,156,16,16
71868,119,123,-4,4
71869,106,109,-3,3
71870,146,145,1,1
71871,72,73,-1,1
71872,84,80,4,4
71873,78,79,-1,1
71874,58,54,4,4
71875,85,78,7,7
71876,137,127,10,10
71877,86,117,-31,31
71878,78,78,0,0
71879,88,93,-5,5
71880,108,100,8,8
71881,104,94,10,10
71882,77,88,-11,11
71883,101,104,-3,3
71884,109,104,5,5
71885,84,82,2,2
71886,70,65,5,5
71887,134,133,1,1
71888,51,48,3,3
71889,128,128,0,0
71890,103,113,-10,10
71891,76,78,-2,2
71892,101,111,-10,10
71893,92,92,0,0
71894,72,75,-3,3
71895,68,73,-5,5
71896,84,86,-2,2
71897,88,88,0,0
71898,119,125,-6,6
71899,56,57,-1,1
71900,31,36,-5,5
71901,91,92,-1,1
71902,163,161,2,2
71903,124,118,6,6
71904,71,65,6,6
71905,101,97,4,4
71906,112,143,-31,31
71907,103,101,2,2
71908,74,75,-1,1
71909,57,61,-4,4
71910,137,137,0,0
71911,124,112,12,12
71912,77,90,-13,13
71913,83,80,3,3
71914,66,79,-13,13
71915,110,100,10,10
71916,65,68,-3,3
71917,98,104,-6,6
71918,87,86,1,1
71919,90,84,6,6
71920,140,140,0,0
71921,116,113,3,3
71922,128,119,9,9
71923,73,72,1,1
71924,155,179,-24,24
71925,96,103,-7,7
71926,115,118,-3,3
71927,63,66,-3,3
71928,57,52,5,5
71929,113,121,-8,8
71930,104,94,10,10
71931,53,60,-7,7
71932,62,70,-8,8
71933,53,57,-4,4
71934,71,70,1,1
71935,76,80,-4,4
71936,117,114,3,3
71937,57,60,-3,3
71938,79,72,7,7
71939,69,84,-15,15
71940,78,74,4,4
71941,40,63,-23,23
71942,58,73,-15,15
71943,105,100,5,5
71944,87,102,-15,15
71945,118,108,10,10
71946,101,114,-13,13
71947,32,37,-5,5
71948,75,75,0,0
71949,112,111,1,1
71950,112,100,12,12
71951,124,132,-8,8
71952,68,68,0,0
71953,72,68,4,4
71954,52,56,-4,4
71955,84,80,4,4
71956,78,76,2,2
71957,106,87,19,19
71958,126,126,0,0
71959,103,103,0,0
71960,110,93,17,17
71961,91,81,10,10
71962,149,138,11,11
71963,55,54,1,1
71964,113,110,3,3
71965,72,72,0,0
71966,79,84,-5,5
71967,125,122,3,3
71968,126,118,8,8
71969,156,163,-7,7
71970,69,68,1,1
71971,59,52,7,7
71972,92,113,-21,21
71973,65,67,-2,2
71974,94,95,-1,1
71975,76,86,-10,10
71976,145,140,5,5
71977,141,140,1,1
71978,71,73,-2,2
71979,91,90,1,1
71980,56,61,-5,5
71981,107,114,-7,7
71982,73,70,3,3
71983,120,137,-17,17
71984,109,69,40,40
71985,125,119,6,6
71986,80,75,5,5
71987,55,58,-3,3
71988,92,94,-2,2
71989,125,119,6,6
71990,74,76,-2,2
71991,65,74,-9,9
71992,85,85,0,0
71993,41,50,-9,9
71994,73,81,-8,8
71995,133,105,28,28
71996,48,52,-4,4
71997,81,76,5,5
71998,109,120,-11,11
71999,98,93,5,5
72000,123,123,0,0
72001,103,109,-6,6
72002,79,78,1,1
72003,60,68,-8,8
72004,93,94,-1,1
72005,162,134,28,28
72006,121,114,7,7
72007,113,121,-8,8
72008,64,73,-9,9
72009,61,65,-4,4
72010,110,109,1,1
72011,106,102,4,4
72012,111,108,3,3
72013,72,82,-10,10
72014,50,49,1,1
72015,58,53,5,5
72016,112,120,-8,8
72017,86,98,-12,12
72018,77,75,2,2
72019,116,114,2,2
72020,77,78,-1,1
72021,156,144,12,12
72022,94,99,-5,5
72023,152,142,10,10
72024,153,150,3,3
72025,91,92,-1,1
72026,114,111,3,3
72027,54,58,-4,4
72028,68,66,2,2
72029,108,128,-20,20
72030,144,139,5,5
72031,122,114,8,8
72032,94,97,-3,3
72033,100,90,10,10
72034,63,67,-4,4
72035,109,102,7,7
72036,92,80,12,12
72037,104,99,5,5
72038,80,69,11,11
72039,83,76,7,7
72040,115,117,-2,2
72041,149,149,0,0
72042,111,114,-3,3
72043,64,70,-6,6
72044,117,109,8,8
72045,68,69,-1,1
72046,98,89,9,9
72047,58,61,-3,3
72048,109,106,3,3
72049,84,74,10,10
72050,59,66,-7,7
72051,122,103,19,19
72052,67,74,-7,7
72053,74,66,8,8
72054,65,69,-4,4
72055,95,90,5,5
72056,90,88,2,2
72057,71,69,2,2
72058,46,41,5,5
72059,37,59,-22,22
72060,128,121,7,7
72061,110,109,1,1
72062,98,104,-6,6
72063,55,54,1,1
72064,118,110,8,8
72065,28,31,-3,3
72066,164,155,9,9
72067,97,99,-2,2
72068,149,133,16,16
72069,100,92,8,8
72070,102,112,-10,10
72071,99,95,4,4
72072,170,147,23,23
72073,124,130,-6,6
72074,109,123,-14,14
72075,146,138,8,8
72076,170,172,-2,2
72077,85,66,19,19
72078,106,99,7,7
72079,96,96,0,0
72080,105,109,-4,4
72081,116,109,7,7
72082,61,64,-3,3
72083,114,112,2,2
72084,105,108,-3,3
72085,163,169,-6,6
72086,50,53,-3,3
72087,141,123,18,18
72088,79,84,-5,5
72089,129,124,5,5
72090,82,79,3,3
72091,61,63,-2,2
72092,69,72,-3,3
72093,62,74,-12,12
72094,93,91,2,2
72095,92,95,-3,3
72096,91,105,-14,14
72097,45,50,-5,5
72098,167,155,12,12
72099,71,70,1,1
72100,43,48,-5,5
72101,122,117,5,5
72102,73,65,8,8
72103,99,94,5,5
72104,82,80,2,2
72105,119,111,8,8
72106,135,123,12,12
72107,46,47,-1,1
72108,102,96,6,6
72109,66,65,1,1
72110,159,156,3,3
72111,93,90,3,3
72112,93,84,9,9
72113,71,70,1,1
72114,106,87,19,19
72115,99,91,8,8
72116,145,156,-11,11
72117,102,115,-13,13
72118,146,143,3,3
72119,129,123,6,6
72120,105,117,-12,12
72121,119,112,7,7
72122,49,53,-4,4
72123,114,110,4,4
72124,137,135,2,2
72125,84,85,-1,1
72126,63,64,-1,1
72127,120,113,7,7
72128,63,61,2,2
72129,153,142,11,11
72130,73,81,-8,8
72131,110,100,10,10
72132,178,173,5,5
72133,73,101,-28,28
72134,80,70,10,10
72135,98,95,3,3
72136,122,124,-2,2
72137,122,120,2,2
72138,95,94,1,1
72139,100,108,-8,8
72140,107,110,-3,3
72141,86,77,9,9
72142,62,59,3,3
72143,77,79,-2,2
72144,49,53,-4,4
72145,68,72,-4,4
72146,25,31,-6,6
72147,83,79,4,4
72148,54,46,8,8
72149,122,124,-2,2
72150,115,114,1,1
72151,92,84,8,8
72152,120,133,-13,13
72153,161,150,11,11
72154,100,88,12,12
72155,127,128,-1,1
72156,56,65,-9,9
72157,120,118,2,2
72158,319,303,16,16
72159,161,151,10,10
72160,120,110,10,10
72161,119,104,15,15
72162,119,107,12,12
72163,155,136,19,19
72164,90,94,-4,4
72165,43,50,-7,7
72166,67,59,8,8
72167,75,67,8,8
72168,86,84,2,2
72169,107,102,5,5
72170,109,111,-2,2
72171,105,112,-7,7
72172,120,125,-5,5
72173,57,59,-2,2
72174,81,85,-4,4
72175,114,110,4,4
72176,101,95,6,6
72177,104,95,9,9
72178,105,95,10,10
72179,93,96,-3,3
72180,117,116,1,1
72181,93,87,6,6
72182,60,61,-1,1
72183,81,67,14,14
72184,96,94,2,2
72185,99,102,-3,3
72186,88,82,6,6
72187,113,115,-2,2
72188,91,97,-6,6
72189,142,134,8,8
72190,95,96,-1,1
72191,79,82,-3,3
72192,80,93,-13,13
72193,54,53,1,1
72194,124,115,9,9
72195,86,93,-7,7
72196,154,134,20,20
72197,77,79,-2,2
72198,129,114,15,15
72199,196,169,27,27
72200,78,80,-2,2
72201,63,67,-4,4
72202,176,163,13,13
72203,102,102,0,0
72204,102,109,-7,7
72205,92,88,4,4
72206,145,136,9,9
72207,64,65,-1,1
72208,100,93,7,7
72209,96,113,-17,17
72210,96,83,13,13
72211,51,54,-3,3
72212,61,75,-14,14
72213,129,126,3,3
72214,196,181,15,15
72215,61,63,-2,2
72216,86,79,7,7
72217,69,77,-8,8
72218,121,112,9,9
72219,87,95,-8,8
72220,105,95,10,10
72221,67,83,-16,16
72222,71,87,-16,16
72223,165,150,15,15
72224,132,125,7,7
72225,171,164,7,7
72226,81,77,4,4
72227,142,137,5,5
72228,75,77,-2,2
72229,102,93,9,9
72230,86,91,-5,5
72231,136,127,9,9
72232,63,62,1,1
72233,122,130,-8,8
72234,89,91,-2,2
72235,97,104,-7,7
72236,67,68,-1,1
72237,105,107,-2,2
72238,64,67,-3,3
72239,85,95,-10,10
72240,99,109,-10,10
72241,80,67,13,13
72242,115,111,4,4
72243,65,67,-2,2
72244,104,89,15,15
72245,115,112,3,3
72246,147,146,1,1
72247,105,108,-3,3
72248,141,135,6,6
72249,163,157,6,6
72250,129,122,7,7
72251,90,90,0,0
72252,73,76,-3,3
72253,101,84,17,17
72254,103,103,0,0
72255,53,59,-6,6
72256,67,71,-4,4
72257,78,80,-2,2
72258,75,72,3,3
72259,76,77,-1,1
72260,105,107,-2,2
72261,103,94,9,9
72262,108,116,-8,8
72263,154,135,19,19
72264,84,88,-4,4
72265,125,121,4,4
72266,71,70,1,1
72267,84,91,-7,7
72268,81,81,0,0
72269,95,95,0,0
72270,249,215,34,34
72271,101,108,-7,7
72272,69,72,-3,3
72273,109,116,-7,7
72274,76,78,-2,2
72275,92,94,-2,2
72276,56,64,-8,8
72277,85,92,-7,7
72278,51,54,-3,3
72279,117,108,9,9
72280,74,76,-2,2
72281,184,169,15,15
72282,82,88,-6,6
72283,93,101,-8,8
72284,87,77,10,10
72285,56,55,1,1
72286,65,62,3,3
72287,95,84,11,11
72288,112,119,-7,7
72289,110,114,-4,4
72290,137,135,2,2
72291,73,75,-2,2
72292,128,120,8,8
72293,99,84,15,15
72294,133,128,5,5
72295,109,108,1,1
72296,74,87,-13,13
72297,99,90,9,9
72298,23,35,-12,12
72299,87,92,-5,5
72300,175,164,11,11
72301,71,76,-5,5
72302,64,70,-6,6
72303,74,83,-9,9
72304,127,127,0,0
72305,136,143,-7,7
72306,114,112,2,2
72307,143,139,4,4
72308,115,111,4,4
72309,83,91,-8,8
72310,118,117,1,1
72311,64,63,1,1
72312,94,93,1,1
72313,69,61,8,8
72314,142,135,7,7
72315,75,73,2,2
72316,58,59,-1,1
72317,19,29,-10,10
72318,83,86,-3,3
72319,59,61,-2,2
72320,99,101,-2,2
72321,69,69,0,0
72322,95,88,7,7
72323,248,194,54,54
72324,129,127,2,2
72325,45,50,-5,5
72326,129,130,-1,1
72327,99,95,4,4
72328,98,97,1,1
72329,115,121,-6,6
72330,136,140,-4,4
72331,111,103,8,8
72332,98,101,-3,3
72333,85,92,-7,7
72334,141,139,2,2
72335,94,102,-8,8
72336,94,93,1,1
72337,112,121,-9,9
72338,107,110,-3,3
72339,127,127,0,0
72340,113,100,13,13
72341,131,113,18,18
72342,69,74,-5,5
72343,51,53,-2,2
72344,148,140,8,8
72345,79,69,10,10
72346,108,104,4,4
72347,105,113,-8,8
72348,82,99,-17,17
72349,152,161,-9,9
72350,77,83,-6,6
72351,96,109,-13,13
72352,118,134,-16,16
72353,176,169,7,7
72354,161,165,-4,4
72355,74,71,3,3
72356,89,110,-21,21
72357,126,135,-9,9
72358,105,100,5,5
72359,102,108,-6,6
72360,74,82,-8,8
72361,122,116,6,6
72362,80,80,0,0
72363,75,75,0,0
72364,148,146,2,2
72365,129,126,3,3
72366,68,67,1,1
72367,74,90,-16,16
72368,96,84,12,12
72369,88,82,6,6
72370,53,67,-14,14
72371,79,79,0,0
72372,78,75,3,3
72373,69,72,-3,3
72374,134,122,12,12
72375,77,73,4,4
72376,144,130,14,14
72377,102,108,-6,6
72378,112,120,-8,8
72379,122,116,6,6
72380,87,86,1,1
72381,111,118,-7,7
72382,102,96,6,6
72383,73,75,-2,2
72384,86,86,0,0
72385,74,72,2,2
72386,132,119,13,13
72387,128,126,2,2
72388,130,127,3,3
72389,62,65,-3,3
72390,44,49,-5,5
72391,78,81,-3,3
72392,95,92,3,3
72393,95,84,11,11
72394,116,116,0,0
72395,80,79,1,1
72396,57,60,-3,3
72397,84,98,-14,14
72398,122,112,10,10
72399,115,119,-4,4
72400,185,160,25,25
72401,144,122,22,22
72402,54,59,-5,5
72403,125,124,1,1
72404,107,112,-5,5
72405,140,148,-8,8
72406,59,62,-3,3
72407,64,64,0,0
72408,83,85,-2,2
72409,56,55,1,1
72410,79,72,7,7
72411,58,58,0,0
72412,92,95,-3,3
72413,138,137,1,1
72414,110,108,2,2
72415,197,176,21,21
72416,102,95,7,7
72417,75,71,4,4
72418,127,118,9,9
72419,95,101,-6,6
72420,64,59,5,5
72421,68,77,-9,9
72422,174,168,6,6
72423,61,63,-2,2
72424,74,69,5,5
72425,106,110,-4,4
72426,60,62,-2,2
72427,73,83,-10,10
72428,92,89,3,3
72429,189,163,26,26
72430,99,90,9,9
72431,147,139,8,8
72432,120,115,5,5
72433,75,76,-1,1
72434,57,56,1,1
72435,56,54,2,2
72436,73,72,1,1
72437,67,66,1,1
72438,176,160,16,16
72439,131,131,0,0
72440,101,103,-2,2
72441,77,73,4,4
72442,90,115,-25,25
72443,106,112,-6,6
72444,120,120,0,0
72445,82,76,6,6
72446,117,118,-1,1
72447,57,72,-15,15
72448,57,69,-12,12
72449,104,102,2,2
72450,85,83,2,2
72451,112,115,-3,3
72452,89,92,-3,3
72453,88,103,-15,15
72454,87,78,9,9
72455,103,123,-20,20
72456,151,138,13,13
72457,92,95,-3,3
72458,98,90,8,8
72459,63,72,-9,9
72460,88,90,-2,2
72461,85,81,4,4
72462,29,35,-6,6
72463,88,97,-9,9
72464,105,113,-8,8
72465,108,109,-1,1
72466,69,68,1,1
72467,100,99,1,1
72468,67,72,-5,5
72469,78,68,10,10
72470,97,100,-3,3
72471,84,70,14,14
72472,57,68,-11,11
72473,124,116,8,8
72474,117,113,4,4
72475,101,91,10,10
72476,104,109,-5,5
72477,97,109,-12,12
72478,69,66,3,3
72479,105,108,-3,3
72480,78,83,-5,5
72481,75,71,4,4
72482,67,63,4,4
72483,182,169,13,13
72484,49,55,-6,6
72485,89,91,-2,2
72486,72,70,2,2
72487,97,99,-2,2
72488,72,70,2,2
72489,66,65,1,1
72490,118,127,-9,9
72491,49,57,-8,8
72492,87,81,6,6
72493,157,136,21,21
72494,63,61,2,2
72495,69,78,-9,9
72496,163,168,-5,5
72497,221,211,10,10
72498,60,66,-6,6
72499,97,99,-2,2
72500,64,53,11,11
72501,87,99,-12,12
72502,101,108,-7,7
72503,96,96,0,0
72504,111,119,-8,8
72505,67,68,-1,1
72506,112,114,-2,2
72507,92,80,12,12
72508,90,99,-9,9
72509,127,134,-7,7
72510,62,66,-4,4
72511,82,87,-5,5
72512,131,114,17,17
72513,66,62,4,4
72514,122,127,-5,5
72515,80,91,-11,11
72516,83,91,-8,8
72517,71,79,-8,8
72518,76,69,7,7
72519,130,138,-8,8
72520,72,61,11,11
72521,51,52,-1,1
72522,114,121,-7,7
72523,62,69,-7,7
72524,46,45,1,1
72525,58,65,-7,7
72526,84,94,-10,10
72527,69,69,0,0
72528,59,113,-54,54
72529,65,66,-1,1
72530,175,170,5,5
72531,135,132,3,3
72532,106,109,-3,3
72533,72,79,-7,7
72534,124,120,4,4
72535,126,119,7,7
72536,120,119,1,1
72537,92,92,0,0
72538,68,65,3,3
72539,109,108,1,1
72540,74,87,-13,13
72541,61,63,-2,2
72542,96,93,3,3
72543,115,124,-9,9
72544,88,94,-6,6
72545,112,111,1,1
72546,182,164,18,18
72547,156,151,5,5
72548,156,144,12,12
72549,103,88,15,15
72550,89,87,2,2
72551,114,107,7,7
72552,106,91,15,15
72553,85,78,7,7
72554,107,97,10,10
72555,75,72,3,3
72556,84,88,-4,4
72557,120,120,0,0
72558,95,86,9,9
72559,48,48,0,0
72560,65,61,4,4
72561,59,69,-10,10
72562,85,81,4,4
72563,125,122,3,3
72564,89,85,4,4
72565,92,83,9,9
72566,131,138,-7,7
72567,83,85,-2,2
72568,81,75,6,6
72569,82,76,6,6
72570,66,68,-2,2
72571,126,130,-4,4
72572,167,154,13,13
72573,103,103,0,0
72574,119,113,6,6
72575,133,130,3,3
72576,138,142,-4,4
72577,136,130,6,6
72578,57,58,-1,1
72579,111,109,2,2
72580,75,78,-3,3
72581,64,63,1,1
72582,111,113,-2,2
72583,126,127,-1,1
72584,147,138,9,9
72585,188,161,27,27
72586,123,63,60,60
72587,87,94,-7,7
72588,77,79,-2,2
72589,82,78,4,4
72590,83,86,-3,3
72591,69,80,-11,11
72592,136,142,-6,6
72593,53,61,-8,8
72594,81,79,2,2
72595,124,126,-2,2
72596,111,104,7,7
72597,120,117,3,3
72598,66,74,-8,8
72599,68,65,3,3
72600,147,153,-6,6
72601,193,170,23,23
72602,62,61,1,1
72603,113,114,-1,1
72604,83,84,-1,1
72605,114,122,-8,8
72606,138,135,3,3
72607,63,73,-10,10
72608,153,139,14,14
72609,75,80,-5,5
72610,104,108,-4,4
72611,138,140,-2,2
72612,86,76,10,10
72613,85,87,-2,2
72614,132,133,-1,1
72615,86,85,1,1
72616,60,67,-7,7
72617,119,115,4,4
72618,233,203,30,30
72619,125,134,-9,9
72620,128,122,6,6
72621,135,138,-3,3
72622,92,84,8,8
72623,134,128,6,6
72624,108,105,3,3
72625,154,142,12,12
72626,149,147,2,2
72627,112,109,3,3
72628,117,116,1,1
72629,158,154,4,4
72630,83,79,4,4
72631,92,91,1,1
72632,80,74,6,6
72633,86,90,-4,4
72634,23,27,-4,4
72635,90,87,3,3
72636,129,133,-4,4
72637,122,119,3,3
72638,49,59,-10,10
72639,58,63,-5,5
72640,115,109,6,6
72641,92,89,3,3
72642,146,162,-16,16
72643,69,90,-21,21
72644,107,116,-9,9
72645,152,143,9,9
72646,106,96,10,10
72647,78,78,0,0
72648,122,113,9,9
72649,97,109,-12,12
72650,62,67,-5,5
72651,125,124,1,1
72652,172,157,15,15
72653,73,76,-3,3
72654,88,84,4,4
72655,69,75,-6,6
72656,72,65,7,7
72657,87,87,0,0
72658,53,53,0,0
72659,65,68,-3,3
72660,117,114,3,3
72661,105,107,-2,2
72662,168,158,10,10
72663,83,94,-11,11
72664,65,71,-6,6
72665,108,108,0,0
72666,45,52,-7,7
72667,123,114,9,9
72668,62,69,-7,7
72669,69,75,-6,6
72670,65,68,-3,3
72671,88,106,-18,18
72672,70,72,-2,2
72673,115,111,4,4
72674,68,63,5,5
72675,109,111,-2,2
72676,117,120,-3,3
72677,68,72,-4,4
72678,93,88,5,5
72679,76,73,3,3
72680,147,136,11,11
72681,124,120,4,4
72682,146,138,8,8
72683,104,115,-11,11
72684,85,87,-2,2
72685,107,93,14,14
72686,131,120,11,11
72687,71,70,1,1
72688,78,72,6,6
72689,69,72,-3,3
72690,124,127,-3,3
72691,101,97,4,4
72692,64,58,6,6
72693,69,71,-2,2
72694,60,66,-6,6
72695,97,94,3,3
72696,78,77,1,1
72697,106,129,-23,23
72698,102,96,6,6
72699,102,96,6,6
72700,135,136,-1,1
72701,84,93,-9,9
72702,132,124,8,8
72703,81,79,2,2
72704,55,49,6,6
72705,80,75,5,5
72706,89,100,-11,11
72707,218,388,-170,170
72708,68,63,5,5
72709,136,116,20,20
72710,78,73,5,5
72711,66,68,-2,2
72712,115,116,-1,1
72713,102,93,9,9
72714,64,67,-3,3
72715,32,36,-4,4
72716,61,57,4,4
72717,98,98,0,0
72718,87,78,9,9
72719,75,63,12,12
72720,131,123,8,8
72721,82,88,-6,6
72722,102,93,9,9
72723,68,64,4,4
72724,129,124,5,5
72725,147,140,7,7
72726,54,58,-4,4
72727,95,96,-1,1
72728,181,170,11,11
72729,102,109,-7,7
72730,49,54,-5,5
72731,100,93,7,7
72732,72,77,-5,5
72733,137,148,-11,11
72734,57,57,0,0
72735,85,79,6,6
72736,69,68,1,1
72737,44,35,9,9
72738,102,101,1,1
72739,140,140,0,0
72740,59,66,-7,7
72741,59,64,-5,5
72742,67,65,2,2
72743,96,97,-1,1
72744,54,50,4,4
72745,81,80,1,1
72746,154,148,6,6
72747,134,144,-10,10
72748,100,81,19,19
72749,104,98,6,6
72750,92,100,-8,8
72751,63,66,-3,3
72752,115,97,18,18
72753,55,60,-5,5
72754,163,151,12,12
72755,122,127,-5,5
72756,106,102,4,4
72757,90,96,-6,6
72758,97,96,1,1
72759,69,73,-4,4
72760,86,84,2,2
72761,87,86,1,1
72762,134,121,13,13
72763,83,90,-7,7
72764,96,100,-4,4
72765,75,69,6,6
72766,91,85,6,6
72767,74,72,2,2
72768,105,104,1,1
72769,109,108,1,1
72770,50,65,-15,15
72771,83,72,11,11
72772,101,97,4,4
72773,98,108,-10,10
72774,78,78,0,0
72775,115,107,8,8
72776,151,143,8,8
72777,50,46,4,4
72778,111,113,-2,2
72779,75,86,-11,11
72780,191,181,10,10
72781,82,78,4,4
72782,133,125,8,8
72783,131,130,1,1
72784,69,67,2,2
72785,112,109,3,3
72786,52,58,-6,6
72787,109,121,-12,12
72788,82,89,-7,7
72789,106,112,-6,6
72790,36,44,-8,8
72791,84,84,0,0
72792,103,98,5,5
72793,56,58,-2,2
72794,78,79,-1,1
72795,69,70,-1,1
72796,67,71,-4,4
72797,83,87,-4,4
72798,103,109,-6,6
72799,84,87,-3,3
72800,68,74,-6,6
72801,78,76,2,2
72802,118,111,7,7
72803,112,111,1,1
72804,108,112,-4,4
72805,113,111,2,2
72806,116,101,15,15
72807,67,67,0,0
72808,110,112,-2,2
72809,100,93,7,7
72810,111,98,13,13
72811,82,85,-3,3
72812,157,152,5,5
72813,75,79,-4,4
72814,102,98,4,4
72815,90,89,1,1
72816,60,64,-4,4
72817,88,88,0,0
72818,96,95,1,1
72819,117,136,-19,19
72820,76,85,-9,9
72821,166,149,17,17
72822,187,147,40,40
72823,73,66,7,7
72824,91,96,-5,5
72825,125,125,0,0
72826,60,65,-5,5
72827,91,89,2,2
72828,99,113,-14,14
72829,80,73,7,7
72830,125,125,0,0
72831,111,120,-9,9
72832,54,57,-3,3
72833,192,176,16,16
72834,159,149,10,10
72835,71,67,4,4
72836,80,83,-3,3
72837,58,62,-4,4
72838,78,70,8,8
72839,146,136,10,10
72840,73,65,8,8
72841,178,157,21,21
72842,94,96,-2,2
72843,131,119,12,12
72844,70,61,9,9
72845,126,128,-2,2
72846,84,83,1,1
72847,80,84,-4,4
72848,214,188,26,26
72849,111,111,0,0
72850,134,139,-5,5
72851,89,102,-13,13
72852,124,140,-16,16
72853,112,104,8,8
72854,94,101,-7,7
72855,110,108,2,2
72856,143,141,2,2
72857,70,71,-1,1
72858,112,115,-3,3
72859,88,83,5,5
72860,89,80,9,9
72861,78,73,5,5
72862,121,115,6,6
72863,69,66,3,3
72864,82,81,1,1
72865,137,168,-31,31
72866,116,117,-1,1
72867,169,160,9,9
72868,108,99,9,9
72869,62,59,3,3
72870,66,82,-16,16
72871,126,119,7,7
72872,77,70,7,7
72873,170,157,13,13
72874,48,51,-3,3
72875,123,116,7,7
72876,135,131,4,4
72877,128,129,-1,1
72878,108,111,-3,3
72879,102,93,9,9
72880,89,88,1,1
72881,68,72,-4,4
72882,83,78,5,5
72883,174,169,5,5
72884,130,116,14,14
72885,176,163,13,13
72886,87,95,-8,8
72887,69,63,6,6
72888,69,73,-4,4
72889,100,86,14,14
72890,164,156,8,8
72891,94,101,-7,7
72892,82,80,2,2
72893,191,180,11,11
72894,99,108,-9,9
72895,78,80,-2,2
72896,68,69,-1,1
72897,121,108,13,13
72898,128,125,3,3
72899,149,144,5,5
72900,164,153,11,11
72901,74,76,-2,2
72902,67,63,4,4
72903,59,65,-6,6
72904,100,116,-16,16
72905,62,72,-10,10
72906,100,108,-8,8
72907,79,80,-1,1
72908,137,156,-19,19
72909,74,78,-4,4
72910,94,93,1,1
72911,119,100,19,19
72912,103,96,7,7
72913,95,95,0,0
72914,60,56,4,4
72915,111,104,7,7
72916,34,36,-2,2
72917,78,87,-9,9
72918,97,94,3,3
72919,111,113,-2,2
72920,85,90,-5,5
72921,149,139,10,10
72922,90,82,8,8
72923,49,53,-4,4
72924,138,132,6,6
72925,69,68,1,1
72926,79,75,4,4
72927,70,70,0,0
72928,82,84,-2,2
72929,79,81,-2,2
72930,85,93,-8,8
72931,89,83,6,6
72932,67,69,-2,2
72933,106,116,-10,10
72934,70,81,-11,11
72935,74,82,-8,8
72936,55,60,-5,5
72937,164,163,1,1
72938,77,73,4,4
72939,57,55,2,2
72940,97,112,-15,15
72941,136,145,-9,9
72942,83,80,3,3
72943,66,67,-1,1
72944,92,98,-6,6
72945,92,91,1,1
72946,71,66,5,5
72947,67,76,-9,9
72948,150,139,11,11
72949,69,72,-3,3
72950,132,126,6,6
72951,194,180,14,14
72952,137,133,4,4
72953,68,71,-3,3
72954,90,95,-5,5
72955,113,111,2,2
72956,61,55,6,6
72957,160,150,10,10
72958,149,147,2,2
72959,48,56,-8,8
72960,128,130,-2,2
72961,102,97,5,5
72962,95,95,0,0
72963,68,65,3,3
72964,164,152,12,12
72965,92,97,-5,5
72966,100,90,10,10
72967,68,75,-7,7
72968,81,81,0,0
72969,87,79,8,8
72970,121,104,17,17
72971,95,98,-3,3
72972,99,82,17,17
72973,59,68,-9,9
72974,140,128,12,12
72975,109,85,24,24
72976,147,136,11,11
72977,84,83,1,1
72978,111,109,2,2
72979,85,87,-2,2
72980,63,69,-6,6
72981,64,63,1,1
72982,75,72,3,3
72983,136,117,19,19
72984,140,144,-4,4
72985,45,48,-3,3
72986,159,158,1,1
72987,110,101,9,9
72988,54,70,-16,16
72989,129,129,0,0
72990,170,180,-10,10
72991,111,112,-1,1
72992,72,68,4,4
72993,129,128,1,1
72994,67,69,-2,2
72995,159,169,-10,10
72996,60,66,-6,6
72997,91,88,3,3
72998,126,115,11,11
72999,240,205,35,35
73000,113,112,1,1
73001,85,79,6,6
73002,54,60,-6,6
73003,68,65,3,3
73004,89,86,3,3
73005,142,131,11,11
73006,146,136,10,10
73007,87,87,0,0
73008,122,126,-4,4
73009,81,56,25,25
73010,77,79,-2,2
73011,113,104,9,9
73012,182,185,-3,3
73013,111,103,8,8
73014,97,87,10,10
73015,90,85,5,5
73016,149,141,8,8
73017,62,77,-15,15
73018,121,120,1,1
73019,90,88,2,2
73020,64,57,7,7
73021,158,154,4,4
73022,89,88,1,1
73023,93,89,4,4
73024,82,79,3,3
73025,80,84,-4,4
73026,231,227,4,4
73027,52,57,-5,5
73028,185,171,14,14
73029,125,129,-4,4
73030,116,109,7,7
73031,70,73,-3,3
73032,92,88,4,4
73033,135,142,-7,7
73034,83,90,-7,7
73035,78,80,-2,2
73036,89,87,2,2
73037,98,91,7,7
73038,74,79,-5,5
73039,117,118,-1,1
73040,65,205,-140,140
73041,80,82,-2,2
73042,82,78,4,4
73043,144,149,-5,5
73044,64,66,-2,2
73045,144,137,7,7
73046,46,44,2,2
73047,29,35,-6,6
73048,81,79,2,2
73049,115,115,0,0
73050,99,94,5,5
73051,80,77,3,3
73052,111,109,2,2
73053,113,112,1,1
73054,119,98,21,21
73055,49,49,0,0
73056,128,126,2,2
73057,168,157,11,11
73058,52,54,-2,2
73059,115,114,1,1
73060,230,198,32,32
73061,113,128,-15,15
73062,66,61,5,5
73063,102,100,2,2
73064,52,52,0,0
73065,94,91,3,3
73066,69,68,1,1
73067,146,153,-7,7
73068,130,127,3,3
73069,82,75,7,7
73070,51,53,-2,2
73071,114,104,10,10
73072,58,68,-10,10
73073,70,76,-6,6
73074,74,71,3,3
73075,75,68,7,7
73076,54,51,3,3
73077,134,138,-4,4
73078,46,44,2,2
73079,79,71,8,8
73080,66,78,-12,12
73081,114,118,-4,4
73082,76,83,-7,7
73083,149,143,6,6
73084,126,119,7,7
73085,91,96,-5,5
73086,56,57,-1,1
73087,131,126,5,5
73088,119,133,-14,14
73089,119,117,2,2
73090,124,125,-1,1
73091,142,141,1,1
73092,215,189,26,26
73093,59,58,1,1
73094,60,60,0,0
73095,76,83,-7,7
73096,54,52,2,2
73097,78,86,-8,8
73098,133,143,-10,10
73099,56,54,2,2
73100,79,80,-1,1
73101,74,68,6,6
73102,55,66,-11,11
73103,62,56,6,6
73104,47,46,1,1
73105,112,117,-5,5
73106,112,108,4,4
73107,122,118,4,4
73108,104,108,-4,4
73109,81,98,-17,17
73110,76,87,-11,11
73111,61,59,2,2
73112,230,181,49,49
73113,87,83,4,4
73114,94,89,5,5
73115,83,80,3,3
73116,154,134,20,20
73117,140,130,10,10
73118,81,85,-4,4
73119,78,77,1,1
73120,112,108,4,4
73121,133,120,13,13
73122,72,75,-3,3
73123,150,122,28,28
73124,133,128,5,5
73125,74,66,8,8
73126,122,122,0,0
73127,90,90,0,0
73128,69,66,3,3
73129,75,81,-6,6
73130,50,49,1,1
73131,135,129,6,6
73132,126,121,5,5
73133,68,87,-19,19
73134,88,87,1,1
73135,78,84,-6,6
73136,55,59,-4,4
73137,94,99,-5,5
73138,57,63,-6,6
73139,70,73,-3,3
73140,150,143,7,7
73141,67,71,-4,4
73142,78,82,-4,4
73143,82,86,-4,4
73144,123,129,-6,6
73145,75,69,6,6
73146,151,153,-2,2
73147,79,78,1,1
73148,116,111,5,5
73149,89,85,4,4
73150,143,139,4,4
73151,94,96,-2,2
73152,94,101,-7,7
73153,81,87,-6,6
73154,77,79,-2,2
73155,85,83,2,2
73156,104,112,-8,8
73157,58,59,-1,1
73158,76,81,-5,5
73159,72,73,-1,1
73160,90,84,6,6
73161,126,137,-11,11
73162,81,81,0,0
73163,113,115,-2,2
73164,72,79,-7,7
73165,111,114,-3,3
73166,94,90,4,4
73167,77,74,3,3
73168,76,70,6,6
73169,91,86,5,5
73170,84,85,-1,1
73171,50,57,-7,7
73172,111,118,-7,7
73173,160,153,7,7
73174,90,82,8,8
73175,165,175,-10,10
73176,153,136,17,17
73177,38,47,-9,9
73178,76,91,-15,15
73179,73,71,2,2
73180,99,106,-7,7
73181,64,66,-2,2
73182,148,139,9,9
73183,146,146,0,0
73184,86,87,-1,1
73185,70,72,-2,2
73186,74,71,3,3
73187,102,96,6,6
73188,76,70,6,6
73189,115,109,6,6
73190,111,108,3,3
73191,67,73,-6,6
73192,120,123,-3,3
73193,72,73,-1,1
73194,93,91,2,2
73195,256,245,11,11
73196,157,152,5,5
73197,70,70,0,0
73198,95,109,-14,14
73199,99,98,1,1
73200,94,94,0,0
73201,81,76,5,5
73202,102,93,9,9
73203,107,111,-4,4
73204,137,130,7,7
73205,91,90,1,1
73206,90,95,-5,5
73207,68,70,-2,2
73208,59,62,-3,3
73209,86,89,-3,3
73210,118,129,-11,11
73211,197,191,6,6
73212,55,59,-4,4
73213,82,75,7,7
73214,96,99,-3,3
73215,88,97,-9,9
73216,72,86,-14,14
73217,56,76,-20,20
73218,110,109,1,1
73219,75,73,2,2
73220,107,116,-9,9
73221,100,109,-9,9
73222,137,124,13,13
73223,76,76,0,0
73224,174,167,7,7
73225,101,109,-8,8
73226,85,87,-2,2
73227,53,60,-7,7
73228,108,98,10,10
73229,82,79,3,3
73230,84,91,-7,7
73231,92,94,-2,2
73232,125,139,-14,14
73233,93,101,-8,8
73234,54,60,-6,6
73235,113,108,5,5
73236,196,188,8,8
73237,71,67,4,4
73238,75,71,4,4
73239,46,50,-4,4
73240,107,112,-5,5
73241,82,86,-4,4
73242,88,101,-13,13
73243,57,56,1,1
73244,153,134,19,19
73245,131,137,-6,6
73246,111,126,-15,15
73247,136,137,-1,1
73248,58,62,-4,4
73249,85,85,0,0
73250,98,90,8,8
73251,80,83,-3,3
73252,82,91,-9,9
73253,74,70,4,4
73254,135,125,10,10
73255,88,88,0,0
73256,27,38,-11,11
73257,60,61,-1,1
73258,82,79,3,3
73259,176,175,1,1
73260,163,145,18,18
73261,130,133,-3,3
73262,120,111,9,9
73263,143,115,28,28
73264,138,142,-4,4
73265,88,81,7,7
73266,125,125,0,0
73267,81,80,1,1
73268,56,56,0,0
73269,70,75,-5,5
73270,59,62,-3,3
73271,117,134,-17,17
73272,35,43,-8,8
73273,115,107,8,8
73274,59,62,-3,3
73275,88,80,8,8
73276,124,131,-7,7
73277,110,98,12,12
73278,118,114,4,4
73279,103,93,10,10
73280,121,121,0,0
73281,78,78,0,0
73282,69,73,-4,4
73283,129,125,4,4
73284,75,71,4,4
73285,54,52,2,2
73286,185,167,18,18
73287,105,108,-3,3
73288,65,63,2,2
73289,145,132,13,13
73290,134,124,10,10
73291,102,97,5,5
73292,75,71,4,4
73293,106,97,9,9
73294,122,123,-1,1
73295,42,48,-6,6
73296,144,150,-6,6
73297,104,96,8,8
73298,117,109,8,8
73299,69,71,-2,2
73300,63,78,-15,15
73301,184,153,31,31
73302,96,95,1,1
73303,86,77,9,9
73304,98,99,-1,1
73305,78,75,3,3
73306,91,87,4,4
73307,53,51,2,2
73308,79,74,5,5
73309,141,134,7,7
73310,82,79,3,3
73311,49,50,-1,1
73312,109,98,11,11
73313,61,62,-1,1
73314,90,93,-3,3
73315,61,60,1,1
73316,94,108,-14,14
73317,134,137,-3,3
73318,65,71,-6,6
73319,136,136,0,0
73320,164,160,4,4
73321,98,109,-11,11
73322,83,83,0,0
73323,40,45,-5,5
73324,67,79,-12,12
73325,90,86,4,4
73326,62,54,8,8
73327,60,59,1,1
73328,115,102,13,13
73329,135,138,-3,3
73330,75,76,-1,1
73331,35,61,-26,26
73332,94,109,-15,15
73333,113,104,9,9
73334,133,129,4,4
73335,103,73,30,30
73336,108,96,12,12
73337,65,66,-1,1
73338,67,60,7,7
73339,121,119,2,2
73340,89,103,-14,14
73341,69,71,-2,2
73342,128,130,-2,2
73343,99,90,9,9
73344,100,99,1,1
73345,88,75,13,13
73346,160,149,11,11
73347,94,87,7,7
73348,111,114,-3,3
73349,83,76,7,7
73350,51,61,-10,10
73351,126,122,4,4
73352,150,134,16,16
73353,57,55,2,2
73354,63,70,-7,7
73355,112,114,-2,2
73356,196,182,14,14
73357,71,74,-3,3
73358,152,146,6,6
73359,87,88,-1,1
73360,59,61,-2,2
73361,144,140,4,4
73362,122,113,9,9
73363,61,65,-4,4
73364,99,112,-13,13
73365,74,67,7,7
73366,68,68,0,0
73367,92,100,-8,8
73368,147,146,1,1
73369,114,113,1,1
73370,64,67,-3,3
73371,92,78,14,14
73372,85,76,9,9
73373,100,92,8,8
73374,142,130,12,12
73375,34,39,-5,5
73376,107,97,10,10
73377,110,109,1,1
73378,154,148,6,6
73379,69,71,-2,2
73380,91,102,-11,11
73381,124,115,9,9
73382,71,62,9,9
73383,61,56,5,5
73384,110,108,2,2
73385,86,93,-7,7
73386,143,128,15,15
73387,65,67,-2,2
73388,82,74,8,8
73389,90,98,-8,8
73390,156,155,1,1
73391,177,170,7,7
73392,108,105,3,3
73393,100,110,-10,10
73394,60,70,-10,10
73395,81,93,-12,12
73396,99,107,-8,8
73397,63,86,-23,23
73398,87,98,-11,11
73399,53,54,-1,1
73400,47,50,-3,3
73401,65,75,-10,10
73402,79,73,6,6
73403,65,67,-2,2
73404,99,108,-9,9
73405,61,61,0,0
73406,101,111,-10,10
73407,75,66,9,9
73408,99,109,-10,10
73409,84,83,1,1
73410,130,125,5,5
73411,147,135,12,12
73412,103,103,0,0
73413,48,49,-1,1
73414,88,87,1,1
73415,115,113,2,2
73416,81,80,1,1
73417,69,80,-11,11
73418,144,147,-3,3
73419,103,96,7,7
73420,84,79,5,5
73421,175,180,-5,5
73422,133,117,16,16
73423,88,90,-2,2
73424,112,112,0,0
73425,98,100,-2,2
73426,79,77,2,2
73427,65,64,1,1
73428,75,85,-10,10
73429,101,108,-7,7
73430,44,46,-2,2
73431,89,85,4,4
73432,107,111,-4,4
73433,85,83,2,2
73434,42,49,-7,7
73435,86,88,-2,2
73436,92,87,5,5
73437,70,74,-4,4
73438,79,80,-1,1
73439,39,57,-18,18
73440,90,88,2,2
73441,126,117,9,9
73442,116,114,2,2
73443,69,73,-4,4
73444,51,58,-7,7
73445,107,99,8,8
73446,88,89,-1,1
73447,104,92,12,12
73448,81,71,10,10
73449,78,77,1,1
73450,87,86,1,1
73451,63,77,-14,14
73452,92,90,2,2
73453,125,131,-6,6
73454,113,110,3,3
73455,50,52,-2,2
73456,71,70,1,1
73457,78,80,-2,2
73458,65,66,-1,1
73459,145,138,7,7
73460,64,58,6,6
73461,83,83,0,0
73462,162,145,17,17
73463,84,84,0,0
73464,149,149,0,0
73465,68,69,-1,1
73466,84,86,-2,2
73467,74,67,7,7
73468,106,110,-4,4
73469,87,91,-4,4
73470,102,119,-17,17
73471,142,126,16,16
73472,159,152,7,7
73473,49,50,-1,1
73474,133,136,-3,3
73475,89,87,2,2
73476,47,53,-6,6
73477,111,112,-1,1
73478,79,74,5,5
73479,108,119,-11,11
73480,58,61,-3,3
73481,111,119,-8,8
73482,46,50,-4,4
73483,69,67,2,2
73484,144,142,2,2
73485,122,120,2,2
73486,114,112,2,2
73487,60,61,-1,1
73488,75,80,-5,5
73489,79,81,-2,2
73490,97,105,-8,8
73491,177,175,2,2
73492,111,108,3,3
73493,35,45,-10,10
73494,133,119,14,14
73495,58,59,-1,1
73496,114,107,7,7
73497,80,82,-2,2
73498,133,118,15,15
73499,116,118,-2,2
73500,88,67,21,21
73501,126,119,7,7
73502,135,122,13,13
73503,85,87,-2,2
73504,154,153,1,1
73505,118,113,5,5
73506,92,90,2,2
73507,146,150,-4,4
73508,63,65,-2,2
73509,77,77,0,0
73510,113,111,2,2
73511,110,122,-12,12
73512,63,67,-4,4
73513,78,71,7,7
73514,130,126,4,4
73515,64,61,3,3
73516,81,83,-2,2
73517,75,67,8,8
73518,41,49,-8,8
73519,139,134,5,5
73520,60,60,0,0
73521,81,87,-6,6
73522,108,107,1,1
73523,102,97,5,5
73524,63,61,2,2
73525,111,106,5,5
73526,42,48,-6,6
73527,93,95,-2,2
73528,106,111,-5,5
73529,92,86,6,6
73530,87,87,0,0
73531,100,102,-2,2
73532,73,76,-3,3
73533,65,62,3,3
73534,84,88,-4,4
73535,158,160,-2,2
73536,73,72,1,1
73537,116,126,-10,10
73538,79,89,-10,10
73539,114,110,4,4
73540,108,110,-2,2
73541,89,85,4,4
73542,65,73,-8,8
73543,123,121,2,2
73544,70,75,-5,5
73545,58,60,-2,2
73546,61,65,-4,4
73547,118,133,-15,15
73548,91,99,-8,8
73549,82,87,-5,5
73550,42,52,-10,10
73551,43,44,-1,1
73552,144,127,17,17
73553,60,73,-13,13
73554,29,42,-13,13
73555,111,96,15,15
73556,69,69,0,0
73557,192,173,19,19
73558,88,102,-14,14
73559,64,64,0,0
73560,131,131,0,0
73561,107,113,-6,6
73562,95,108,-13,13
73563,70,76,-6,6
73564,51,49,2,2
73565,195,182,13,13
73566,77,77,0,0
73567,117,122,-5,5
73568,87,79,8,8
73569,46,44,2,2
73570,71,69,2,2
73571,65,64,1,1
73572,171,180,-9,9
73573,106,108,-2,2
73574,82,81,1,1
73575,130,118,12,12
73576,58,66,-8,8
73577,105,110,-5,5
73578,121,117,4,4
73579,148,156,-8,8
73580,87,84,3,3
73581,98,99,-1,1
73582,74,83,-9,9
73583,138,138,0,0
73584,95,98,-3,3
73585,104,103,1,1
73586,64,62,2,2
73587,74,75,-1,1
73588,126,109,17,17
73589,93,104,-11,11
73590,80,79,1,1
73591,62,68,-6,6
73592,56,60,-4,4
73593,91,94,-3,3
73594,202,185,17,17
73595,97,98,-1,1
73596,109,119,-10,10
73597,62,53,9,9
73598,156,154,2,2
73599,62,59,3,3
73600,156,160,-4,4
73601,60,64,-4,4
73602,67,64,3,3
73603,109,114,-5,5
73604,129,122,7,7
73605,126,118,8,8
73606,141,135,6,6
73607,117,105,12,12
73608,167,162,5,5
73609,123,130,-7,7
73610,127,115,12,12
73611,70,65,5,5
73612,67,70,-3,3
73613,93,89,4,4
73614,79,75,4,4
73615,80,84,-4,4
73616,81,88,-7,7
73617,77,73,4,4
73618,57,60,-3,3
73619,125,135,-10,10
73620,137,124,13,13
73621,98,107,-9,9
73622,76,72,4,4
73623,99,90,9,9
73624,88,92,-4,4
73625,71,70,1,1
73626,85,81,4,4
73627,93,95,-2,2
73628,112,102,10,10
73629,63,68,-5,5
73630,79,94,-15,15
73631,90,89,1,1
73632,71,67,4,4
73633,67,81,-14,14
73634,147,124,23,23
73635,57,76,-19,19
73636,61,62,-1,1
73637,100,93,7,7
73638,79,77,2,2
73639,136,114,22,22
73640,88,93,-5,5
73641,67,66,1,1
73642,173,162,11,11
73643,111,99,12,12
73644,96,81,15,15
73645,91,83,8,8
73646,90,79,11,11
73647,93,89,4,4
73648,99,100,-1,1
73649,57,54,3,3
73650,71,70,1,1
73651,165,154,11,11
73652,91,104,-13,13
73653,59,60,-1,1
73654,103,102,1,1
73655,72,74,-2,2
73656,95,88,7,7
73657,86,74,12,12
73658,142,120,22,22
73659,92,92,0,0
73660,86,91,-5,5
73661,143,134,9,9
73662,37,44,-7,7
73663,66,66,0,0
73664,121,116,5,5
73665,89,114,-25,25
73666,54,68,-14,14
73667,64,62,2,2
73668,48,48,0,0
73669,33,39,-6,6
73670,154,146,8,8
73671,55,59,-4,4
73672,85,79,6,6
73673,68,69,-1,1
73674,88,89,-1,1
73675,61,66,-5,5
73676,123,116,7,7
73677,98,101,-3,3
73678,161,155,6,6
73679,53,60,-7,7
73680,68,74,-6,6
73681,131,124,7,7
73682,100,96,4,4
73683,64,63,1,1
73684,109,119,-10,10
73685,87,86,1,1
73686,78,79,-1,1
73687,56,62,-6,6
73688,96,90,6,6
73689,104,100,4,4
73690,94,94,0,0
73691,66,65,1,1
73692,106,100,6,6
73693,132,142,-10,10
73694,142,120,22,22
73695,112,117,-5,5
73696,104,77,27,27
73697,129,137,-8,8
73698,107,108,-1,1
73699,137,146,-9,9
73700,81,86,-5,5
73701,57,54,3,3
73702,126,120,6,6
73703,57,68,-11,11
73704,141,126,15,15
73705,94,89,5,5
73706,56,65,-9,9
73707,100,90,10,10
73708,65,71,-6,6
73709,153,150,3,3
73710,106,109,-3,3
73711,65,67,-2,2
73712,89,90,-1,1
73713,69,59,10,10
73714,172,164,8,8
73715,74,77,-3,3
73716,55,63,-8,8
73717,95,92,3,3
73718,80,82,-2,2
73719,72,74,-2,2
73720,69,68,1,1
73721,77,85,-8,8
73722,136,129,7,7
73723,60,64,-4,4
73724,106,98,8,8
73725,98,90,8,8
73726,113,113,0,0
73727,66,66,0,0
73728,117,112,5,5
73729,75,76,-1,1
73730,123,124,-1,1
73731,54,52,2,2
73732,157,164,-7,7
73733,100,95,5,5
73734,74,75,-1,1
73735,61,64,-3,3
73736,72,74,-2,2
73737,81,79,2,2
73738,138,148,-10,10
73739,137,141,-4,4
73740,163,146,17,17
73741,65,74,-9,9
73742,130,132,-2,2
73743,68,72,-4,4
73744,97,93,4,4
73745,167,155,12,12
73746,93,77,16,16
73747,63,67,-4,4
73748,91,87,4,4
73749,174,160,14,14
73750,138,120,18,18
73751,75,73,2,2
73752,129,136,-7,7
73753,116,109,7,7
73754,47,45,2,2
73755,116,110,6,6
73756,103,98,5,5
73757,112,99,13,13
73758,133,126,7,7
73759,55,66,-11,11
73760,75,77,-2,2
73761,53,56,-3,3
73762,88,99,-11,11
73763,132,127,5,5
73764,35,35,0,0
73765,45,51,-6,6
73766,67,69,-2,2
73767,124,112,12,12
73768,148,137,11,11
73769,138,125,13,13
73770,98,94,4,4
73771,81,81,0,0
73772,54,57,-3,3
73773,35,44,-9,9
73774,69,66,3,3
73775,66,67,-1,1
73776,116,110,6,6
73777,86,81,5,5
73778,95,95,0,0
73779,95,99,-4,4
73780,61,60,1,1
73781,79,75,4,4
73782,74,95,-21,21
73783,117,113,4,4
73784,63,65,-2,2
73785,138,120,18,18
73786,125,124,1,1
73787,95,94,1,1
73788,66,68,-2,2
73789,53,55,-2,2
73790,83,80,3,3
73791,60,67,-7,7
73792,52,59,-7,7
73793,55,51,4,4
73794,100,109,-9,9
73795,91,109,-18,18
73796,87,91,-4,4
73797,63,57,6,6
73798,122,98,24,24
73799,75,70,5,5
73800,57,69,-12,12
73801,55,58,-3,3
73802,110,101,9,9
73803,88,90,-2,2
73804,155,163,-8,8
73805,96,95,1,1
73806,81,79,2,2
73807,102,98,4,4
73808,141,127,14,14
73809,105,108,-3,3
73810,68,68,0,0
73811,80,75,5,5
73812,94,102,-8,8
73813,60,62,-2,2
73814,107,91,16,16
73815,112,112,0,0
73816,92,94,-2,2
73817,86,74,12,12
73818,131,116,15,15
73819,62,60,2,2
73820,146,149,-3,3
73821,67,79,-12,12
73822,77,82,-5,5
73823,101,109,-8,8
73824,80,70,10,10
73825,97,82,15,15
73826,140,130,10,10
73827,128,138,-10,10
73828,108,111,-3,3
73829,91,86,5,5
73830,91,95,-4,4
73831,87,82,5,5
73832,151,132,19,19
73833,91,94,-3,3
73834,161,147,14,14
73835,60,68,-8,8
73836,135,125,10,10
73837,73,86,-13,13
73838,88,98,-10,10
73839,71,69,2,2
73840,80,81,-1,1
73841,50,50,0,0
73842,106,106,0,0
73843,66,67,-1,1
73844,90,96,-6,6
73845,122,132,-10,10
73846,99,93,6,6
73847,73,75,-2,2
73848,60,61,-1,1
73849,63,66,-3,3
73850,105,121,-16,16
73851,34,35,-1,1
73852,74,82,-8,8
73853,122,116,6,6
73854,123,112,11,11
73855,66,62,4,4
73856,122,117,5,5
73857,114,109,5,5
73858,165,163,2,2
73859,139,152,-13,13
73860,58,51,7,7
73861,70,74,-4,4
73862,71,64,7,7
73863,158,180,-22,22
73864,66,64,2,2
73865,166,129,37,37
73866,129,132,-3,3
73867,91,91,0,0
73868,109,133,-24,24
73869,118,132,-14,14
73870,90,93,-3,3
73871,125,120,5,5
73872,94,90,4,4
73873,107,98,9,9
73874,144,124,20,20
73875,83,79,4,4
73876,71,75,-4,4
73877,93,90,3,3
73878,103,100,3,3
73879,78,78,0,0
73880,33,76,-43,43
73881,44,78,-34,34
73882,129,121,8,8
73883,210,195,15,15
73884,98,90,8,8
73885,60,76,-16,16
73886,110,102,8,8
73887,56,63,-7,7
73888,149,136,13,13
73889,86,84,2,2
73890,101,98,3,3
73891,80,76,4,4
73892,96,97,-1,1
73893,66,69,-3,3
73894,73,77,-4,4
73895,87,73,14,14
73896,73,69,4,4
73897,96,89,7,7
73898,36,46,-10,10
73899,171,197,-26,26
73900,125,123,2,2
73901,82,84,-2,2
73902,79,76,3,3
73903,148,140,8,8
73904,137,132,5,5
73905,82,83,-1,1
73906,72,95,-23,23
73907,57,60,-3,3
73908,162,161,1,1
73909,148,136,12,12
73910,82,79,3,3
73911,76,79,-3,3
73912,72,65,7,7
73913,42,40,2,2
73914,102,110,-8,8
73915,61,69,-8,8
73916,107,110,-3,3
73917,72,65,7,7
73918,117,127,-10,10
73919,70,68,2,2
73920,60,60,0,0
73921,110,92,18,18
73922,94,94,0,0
73923,121,128,-7,7
73924,102,101,1,1
73925,61,64,-3,3
73926,69,70,-1,1
73927,51,62,-11,11
73928,113,124,-11,11
73929,148,169,-21,21
73930,129,124,5,5
73931,60,61,-1,1
73932,82,100,-18,18
73933,149,138,11,11
73934,64,60,4,4
73935,95,97,-2,2
73936,105,101,4,4
73937,129,129,0,0
73938,140,137,3,3
73939,143,149,-6,6
73940,67,65,2,2
73941,81,81,0,0
73942,131,119,12,12
73943,61,57,4,4
73944,95,92,3,3
73945,121,119,2,2
73946,96,84,12,12
73947,159,136,23,23
73948,51,58,-7,7
73949,72,71,1,1
73950,83,83,0,0
73951,114,109,5,5
73952,90,93,-3,3
73953,72,70,2,2
73954,88,80,8,8
73955,149,140,9,9
73956,69,67,2,2
73957,67,70,-3,3
73958,65,73,-8,8
73959,119,125,-6,6
73960,146,134,12,12
73961,75,84,-9,9
73962,175,158,17,17
73963,109,115,-6,6
73964,80,77,3,3
73965,99,89,10,10
73966,137,133,4,4
73967,77,93,-16,16
73968,44,72,-28,28
73969,96,90,6,6
73970,55,57,-2,2
73971,113,108,5,5
73972,108,109,-1,1
73973,55,53,2,2
73974,138,119,19,19
73975,74,71,3,3
73976,69,73,-4,4
73977,131,126,5,5
73978,129,161,-32,32
73979,103,108,-5,5
73980,50,51,-1,1
73981,90,94,-4,4
73982,42,43,-1,1
73983,140,155,-15,15
73984,76,93,-17,17
73985,113,110,3,3
73986,43,51,-8,8
73987,73,87,-14,14
73988,116,119,-3,3
73989,112,121,-9,9
73990,126,129,-3,3
73991,98,102,-4,4
73992,83,89,-6,6
73993,51,52,-1,1
73994,73,91,-18,18
73995,220,192,28,28
73996,72,81,-9,9
73997,63,62,1,1
73998,107,111,-4,4
73999,90,82,8,8
74000,50,63,-13,13
74001,100,97,3,3
74002,126,114,12,12
74003,73,72,1,1
74004,88,91,-3,3
74005,65,80,-15,15
74006,73,64,9,9
74007,83,83,0,0
74008,118,125,-7,7
74009,77,74,3,3
74010,175,168,7,7
74011,101,98,3,3
74012,72,69,3,3
74013,84,87,-3,3
74014,320,372,-52,52
74015,86,99,-13,13
74016,48,53,-5,5
74017,82,74,8,8
74018,111,103,8,8
74019,83,87,-4,4
74020,105,118,-13,13
74021,87,94,-7,7
74022,92,90,2,2
74023,106,107,-1,1
74024,179,178,1,1
74025,123,114,9,9
74026,68,79,-11,11
74027,52,51,1,1
74028,155,131,24,24
74029,97,113,-16,16
74030,78,81,-3,3
74031,52,52,0,0
74032,62,66,-4,4
74033,92,90,2,2
74034,113,109,4,4
74035,141,136,5,5
74036,66,70,-4,4
74037,97,86,11,11
74038,80,100,-20,20
74039,71,92,-21,21
74040,117,116,1,1
74041,202,189,13,13
74042,89,81,8,8
74043,65,69,-4,4
74044,83,89,-6,6
74045,151,142,9,9
74046,68,62,6,6
74047,84,91,-7,7
74048,114,112,2,2
74049,67,68,-1,1
74050,48,47,1,1
74051,108,113,-5,5
74052,159,133,26,26
74053,84,81,3,3
74054,153,142,11,11
74055,52,67,-15,15
74056,159,155,4,4
74057,118,120,-2,2
74058,83,88,-5,5
74059,50,51,-1,1
74060,125,116,9,9
74061,41,85,-44,44
74062,62,73,-11,11
74063,85,78,7,7
74064,133,133,0,0
74065,129,121,8,8
74066,97,99,-2,2
74067,102,109,-7,7
74068,23,34,-11,11
74069,74,78,-4,4
74070,41,51,-10,10
74071,108,117,-9,9
74072,104,108,-4,4
74073,108,94,14,14
74074,97,93,4,4
74075,74,80,-6,6
74076,94,92,2,2
74077,78,74,4,4
74078,117,119,-2,2
74079,119,123,-4,4
74080,60,52,8,8
74081,86,81,5,5
74082,84,87,-3,3
74083,72,72,0,0
74084,93,98,-5,5
74085,72,72,0,0
74086,156,132,24,24
74087,73,78,-5,5
74088,108,102,6,6
74089,126,134,-8,8
74090,93,96,-3,3
74091,79,68,11,11
74092,181,156,25,25
74093,83,74,9,9
74094,119,116,3,3
74095,71,70,1,1
74096,77,68,9,9
74097,104,121,-17,17
74098,72,79,-7,7
74099,68,69,-1,1
74100,98,97,1,1
74101,57,76,-19,19
74102,80,110,-30,30
74103,73,72,1,1
74104,191,175,16,16
74105,100,93,7,7
74106,132,119,13,13
74107,40,38,2,2
74108,54,54,0,0
74109,154,149,5,5
74110,139,135,4,4
74111,107,102,5,5
74112,128,119,9,9
74113,133,123,10,10
74114,83,73,10,10
74115,63,89,-26,26
74116,81,78,3,3
74117,163,156,7,7
74118,109,110,-1,1
74119,63,62,1,1
74120,90,87,3,3
74121,81,95,-14,14
74122,66,65,1,1
74123,120,124,-4,4
74124,89,86,3,3
74125,67,72,-5,5
74126,85,85,0,0
74127,78,78,0,0
74128,75,78,-3,3
74129,198,187,11,11
74130,92,90,2,2
74131,118,109,9,9
74132,57,62,-5,5
74133,155,151,4,4
74134,86,85,1,1
74135,67,64,3,3
74136,178,149,29,29
74137,68,71,-3,3
74138,85,85,0,0
74139,79,84,-5,5
74140,93,83,10,10
74141,50,55,-5,5
74142,58,58,0,0
74143,104,108,-4,4
74144,100,95,5,5
74145,201,187,14,14
74146,105,109,-4,4
74147,105,110,-5,5
74148,90,90,0,0
74149,68,75,-7,7
74150,74,77,-3,3
74151,60,59,1,1
74152,59,72,-13,13
74153,97,108,-11,11
74154,87,84,3,3
74155,55,63,-8,8
74156,111,104,7,7
74157,119,109,10,10
74158,115,117,-2,2
74159,59,57,2,2
74160,61,60,1,1
74161,30,46,-16,16
74162,96,93,3,3
74163,131,116,15,15
74164,183,179,4,4
74165,161,166,-5,5
74166,146,148,-2,2
74167,200,185,15,15
74168,100,101,-1,1
74169,114,113,1,1
74170,108,109,-1,1
74171,73,69,4,4
74172,75,71,4,4
74173,72,72,0,0
74174,143,152,-9,9
74175,101,93,8,8
74176,66,69,-3,3
74177,164,149,15,15
74178,85,83,2,2
74179,88,86,2,2
74180,98,102,-4,4
74181,54,87,-33,33
74182,95,94,1,1
74183,64,71,-7,7
74184,144,140,4,4
74185,105,108,-3,3
74186,102,111,-9,9
74187,114,96,18,18
74188,54,55,-1,1
74189,112,108,4,4
74190,181,164,17,17
74191,110,105,5,5
74192,75,65,10,10
74193,51,60,-9,9
74194,98,95,3,3
74195,85,87,-2,2
74196,54,63,-9,9
74197,57,62,-5,5
74198,77,86,-9,9
74199,66,74,-8,8
74200,84,77,7,7
74201,102,109,-7,7
74202,124,128,-4,4
74203,129,122,7,7
74204,195,193,2,2
74205,111,110,1,1
74206,109,121,-12,12
74207,68,66,2,2
74208,57,56,1,1
74209,76,87,-11,11
74210,99,94,5,5
74211,78,87,-9,9
74212,124,118,6,6
74213,83,78,5,5
74214,82,78,4,4
74215,73,71,2,2
74216,66,71,-5,5
74217,102,108,-6,6
74218,107,116,-9,9
74219,101,98,3,3
74220,119,123,-4,4
74221,120,132,-12,12
74222,69,74,-5,5
74223,80,96,-16,16
74224,113,112,1,1
74225,63,69,-6,6
74226,94,87,7,7
74227,146,147,-1,1
74228,109,109,0,0
74229,117,110,7,7
74230,66,68,-2,2
74231,151,131,20,20
74232,60,54,6,6
74233,146,158,-12,12
74234,135,135,0,0
74235,90,82,8,8
74236,48,59,-11,11
74237,71,69,2,2
74238,155,152,3,3
74239,86,76,10,10
74240,111,124,-13,13
74241,96,92,4,4
74242,137,151,-14,14
74243,81,85,-4,4
74244,60,64,-4,4
74245,83,89,-6,6
74246,106,108,-2,2
74247,67,71,-4,4
74248,52,52,0,0
74249,104,100,4,4
74250,73,82,-9,9
74251,87,96,-9,9
74252,148,152,-4,4
74253,77,71,6,6
74254,92,89,3,3
74255,201,185,16,16
74256,50,54,-4,4
74257,149,147,2,2
74258,150,130,20,20
74259,89,96,-7,7
74260,131,124,7,7
74261,73,69,4,4
74262,83,83,0,0
74263,155,151,4,4
74264,80,62,18,18
74265,128,126,2,2
74266,59,60,-1,1
74267,85,93,-8,8
74268,87,108,-21,21
74269,85,82,3,3
74270,72,70,2,2
74271,72,78,-6,6
74272,56,58,-2,2
74273,127,127,0,0
74274,73,71,2,2
74275,94,79,15,15
74276,72,67,5,5
74277,48,47,1,1
74278,130,117,13,13
74279,103,91,12,12
74280,96,83,13,13
74281,140,147,-7,7
74282,63,69,-6,6
74283,61,57,4,4
74284,78,74,4,4
74285,75,71,4,4
74286,81,85,-4,4
74287,79,85,-6,6
74288,94,91,3,3
74289,117,115,2,2
74290,59,57,2,2
74291,84,80,4,4
74292,149,141,8,8
74293,109,114,-5,5
74294,46,56,-10,10
74295,131,119,12,12
74296,118,110,8,8
74297,83,91,-8,8
74298,68,85,-17,17
74299,70,82,-12,12
74300,49,54,-5,5
74301,73,73,0,0
74302,132,137,-5,5
74303,93,85,8,8
74304,159,157,2,2
74305,107,114,-7,7
74306,185,169,16,16
74307,143,140,3,3
74308,60,69,-9,9
74309,78,74,4,4
74310,106,112,-6,6
74311,98,88,10,10
74312,101,85,16,16
74313,39,57,-18,18
74314,104,108,-4,4
74315,51,64,-13,13
74316,88,83,5,5
74317,83,81,2,2
74318,116,134,-18,18
74319,59,62,-3,3
74320,88,85,3,3
74321,206,174,32,32
74322,147,127,20,20
74323,40,50,-10,10
74324,45,50,-5,5
74325,89,90,-1,1
74326,146,140,6,6
74327,76,78,-2,2
74328,92,73,19,19
74329,35,45,-10,10
74330,77,93,-16,16
74331,104,109,-5,5
74332,97,89,8,8
74333,135,129,6,6
74334,63,60,3,3
74335,54,55,-1,1
74336,117,118,-1,1
74337,79,74,5,5
74338,64,70,-6,6
74339,63,64,-1,1
74340,63,64,-1,1
74341,80,78,2,2
74342,136,135,1,1
74343,106,93,13,13
74344,76,75,1,1
74345,80,79,1,1
74346,126,121,5,5
74347,96,91,5,5
74348,56,53,3,3
74349,124,129,-5,5
74350,137,132,5,5
74351,63,69,-6,6
74352,59,61,-2,2
74353,102,98,4,4
74354,41,43,-2,2
74355,84,87,-3,3
74356,99,101,-2,2
74357,108,113,-5,5
74358,125,127,-2,2
74359,115,114,1,1
74360,84,84,0,0
74361,100,110,-10,10
74362,128,132,-4,4
74363,60,63,-3,3
74364,77,80,-3,3
74365,63,60,3,3
74366,90,101,-11,11
74367,64,73,-9,9
74368,61,50,11,11
74369,99,102,-3,3
74370,97,105,-8,8
74371,65,57,8,8
74372,99,96,3,3
74373,181,165,16,16
74374,83,89,-6,6
74375,102,99,3,3
74376,136,143,-7,7
74377,56,54,2,2
74378,132,128,4,4
74379,76,78,-2,2
74380,101,95,6,6
74381,110,94,16,16
74382,51,51,0,0
74383,60,67,-7,7
74384,127,127,0,0
74385,81,109,-28,28
74386,59,60,-1,1
74387,82,82,0,0
74388,103,98,5,5
74389,99,94,5,5
74390,50,43,7,7
74391,85,100,-15,15
74392,67,61,6,6
74393,125,119,6,6
74394,93,87,6,6
74395,116,113,3,3
74396,68,76,-8,8
74397,77,79,-2,2
74398,95,97,-2,2
74399,59,68,-9,9
74400,111,100,11,11
74401,79,81,-2,2
74402,84,89,-5,5
74403,89,96,-7,7
74404,164,158,6,6
74405,72,70,2,2
74406,78,82,-4,4
74407,149,155,-6,6
74408,95,77,18,18
74409,85,65,20,20
74410,96,97,-1,1
74411,72,65,7,7
74412,112,102,10,10
74413,77,76,1,1
74414,40,46,-6,6
74415,110,112,-2,2
74416,59,69,-10,10
74417,107,109,-2,2
74418,66,76,-10,10
74419,87,85,2,2
74420,72,72,0,0
74421,85,91,-6,6
74422,49,50,-1,1
74423,72,78,-6,6
74424,156,180,-24,24
74425,75,64,11,11
74426,83,75,8,8
74427,107,109,-2,2
74428,97,89,8,8
74429,108,102,6,6
74430,89,79,10,10
74431,103,117,-14,14
74432,133,128,5,5
74433,56,55,1,1
74434,77,78,-1,1
74435,88,101,-13,13
74436,106,112,-6,6
74437,134,140,-6,6
74438,81,86,-5,5
74439,126,125,1,1
74440,69,71,-2,2
74441,120,161,-41,41
74442,121,111,10,10
74443,62,60,2,2
74444,85,81,4,4
74445,93,88,5,5
74446,111,110,1,1
74447,99,117,-18,18
74448,50,53,-3,3
74449,98,112,-14,14
74450,83,68,15,15
74451,94,103,-9,9
74452,144,142,2,2
74453,49,54,-5,5
74454,46,43,3,3
74455,87,93,-6,6
74456,80,87,-7,7
74457,150,129,21,21
74458,67,73,-6,6
74459,39,37,2,2
74460,82,71,11,11
74461,76,81,-5,5
74462,56,58,-2,2
74463,33,45,-12,12
74464,95,93,2,2
74465,67,57,10,10
74466,87,90,-3,3
74467,101,94,7,7
74468,62,65,-3,3
74469,62,74,-12,12
74470,93,86,7,7
74471,71,61,10,10
74472,79,83,-4,4
74473,86,81,5,5
74474,70,72,-2,2
74475,117,114,3,3
74476,51,62,-11,11
74477,168,161,7,7
74478,120,111,9,9
74479,99,91,8,8
74480,73,78,-5,5
74481,120,122,-2,2
74482,136,129,7,7
74483,57,68,-11,11
74484,89,81,8,8
74485,89,91,-2,2
74486,81,88,-7,7
74487,72,59,13,13
74488,104,99,5,5
74489,141,132,9,9
74490,79,78,1,1
74491,167,157,10,10
74492,86,83,3,3
74493,138,124,14,14
74494,66,66,0,0
74495,59,58,1,1
74496,110,124,-14,14
74497,82,77,5,5
74498,92,91,1,1
74499,62,60,2,2
74500,82,75,7,7
74501,62,68,-6,6
74502,94,88,6,6
74503,135,153,-18,18
74504,227,241,-14,14
74505,85,84,1,1
74506,74,83,-9,9
74507,106,139,-33,33
74508,52,58,-6,6
74509,96,106,-10,10
74510,97,99,-2,2
74511,143,147,-4,4
74512,84,65,19,19
74513,77,68,9,9
74514,49,53,-4,4
74515,116,111,5,5
74516,67,92,-25,25
74517,74,81,-7,7
74518,83,82,1,1
74519,77,73,4,4
74520,113,111,2,2
74521,125,119,6,6
74522,59,60,-1,1
74523,62,68,-6,6
74524,148,144,4,4
74525,56,65,-9,9
74526,85,94,-9,9
74527,158,143,15,15
74528,79,86,-7,7
74529,87,81,6,6
74530,115,144,-29,29
74531,62,62,0,0
74532,78,77,1,1
74533,107,96,11,11
74534,129,126,3,3
74535,109,103,6,6
74536,46,53,-7,7
74537,73,68,5,5
74538,47,46,1,1
74539,57,58,-1,1
74540,136,140,-4,4
74541,74,69,5,5
74542,73,71,2,2
74543,117,116,1,1
74544,64,52,12,12
74545,65,73,-8,8
74546,61,63,-2,2
74547,40,52,-12,12
74548,84,78,6,6
74549,96,99,-3,3
74550,108,97,11,11
74551,148,147,1,1
74552,111,110,1,1
74553,131,135,-4,4
74554,55,60,-5,5
74555,132,124,8,8
74556,156,127,29,29
74557,68,65,3,3
74558,109,112,-3,3
74559,65,60,5,5
74560,78,71,7,7
74561,136,127,9,9
74562,190,192,-2,2
74563,157,156,1,1
74564,110,111,-1,1
74565,50,56,-6,6
74566,123,134,-11,11
74567,127,122,5,5
74568,88,90,-2,2
74569,116,114,2,2
74570,85,92,-7,7
74571,116,110,6,6
74572,181,172,9,9
74573,87,91,-4,4
74574,135,137,-2,2
74575,64,78,-14,14
74576,92,91,1,1
74577,59,62,-3,3
74578,81,68,13,13
74579,71,69,2,2
74580,130,137,-7,7
74581,96,85,11,11
74582,86,79,7,7
74583,107,124,-17,17
74584,118,112,6,6
74585,93,95,-2,2
74586,88,94,-6,6
74587,54,62,-8,8
74588,101,101,0,0
74589,58,62,-4,4
74590,109,100,9,9
74591,106,112,-6,6
74592,139,137,2,2
74593,50,53,-3,3
74594,168,166,2,2
74595,115,126,-11,11
74596,70,74,-4,4
74597,92,88,4,4
74598,133,126,7,7
74599,74,74,0,0
74600,159,161,-2,2
74601,120,121,-1,1
74602,84,107,-23,23
74603,103,110,-7,7
74604,183,154,29,29
74605,139,132,7,7
74606,86,73,13,13
74607,82,83,-1,1
74608,61,71,-10,10
74609,123,101,22,22
74610,87,89,-2,2
74611,135,133,2,2
74612,99,92,7,7
74613,74,73,1,1
74614,74,78,-4,4
74615,139,141,-2,2
74616,85,83,2,2
74617,70,75,-5,5
74618,106,108,-2,2
74619,123,122,1,1
74620,100,98,2,2
74621,61,62,-1,1
74622,92,90,2,2
74623,132,137,-5,5
74624,59,63,-4,4
74625,226,208,18,18
74626,84,77,7,7
74627,165,173,-8,8
74628,83,88,-5,5
74629,115,117,-2,2
74630,159,147,12,12
74631,93,84,9,9
74632,126,136,-10,10
74633,51,51,0,0
74634,118,117,1,1
74635,80,69,11,11
74636,161,144,17,17
74637,91,88,3,3
74638,83,85,-2,2
74639,91,88,3,3
74640,234,215,19,19
74641,78,77,1,1
74642,101,94,7,7
74643,72,71,1,1
74644,92,73,19,19
74645,44,57,-13,13
74646,76,78,-2,2
74647,106,101,5,5
74648,119,111,8,8
74649,111,94,17,17
74650,111,118,-7,7
74651,105,97,8,8
74652,62,66,-4,4
74653,113,119,-6,6
74654,94,99,-5,5
74655,155,142,13,13
74656,59,57,2,2
74657,86,98,-12,12
74658,61,57,4,4
74659,198,177,21,21
74660,83,83,0,0
74661,50,60,-10,10
74662,126,124,2,2
74663,95,86,9,9
74664,95,86,9,9
74665,24,36,-12,12
74666,90,96,-6,6
74667,47,46,1,1
74668,64,74,-10,10
74669,107,115,-8,8
74670,94,84,10,10
74671,77,78,-1,1
74672,111,126,-15,15
74673,107,110,-3,3
74674,33,35,-2,2
74675,73,68,5,5
74676,63,67,-4,4
74677,90,92,-2,2
74678,89,168,-79,79
74679,79,73,6,6
74680,128,125,3,3
74681,91,91,0,0
74682,114,108,6,6
74683,103,95,8,8
74684,61,49,12,12
74685,122,132,-10,10
74686,114,114,0,0
74687,143,138,5,5
74688,75,76,-1,1
74689,66,64,2,2
74690,90,92,-2,2
74691,108,95,13,13
74692,74,78,-4,4
74693,137,139,-2,2
74694,121,109,12,12
74695,85,99,-14,14
74696,47,52,-5,5
74697,51,60,-9,9
74698,79,74,5,5
74699,80,79,1,1
74700,111,110,1,1
74701,126,133,-7,7
74702,37,41,-4,4
74703,87,83,4,4
74704,102,106,-4,4
74705,73,74,-1,1
74706,81,89,-8,8
74707,85,74,11,11
74708,127,124,3,3
74709,127,114,13,13
74710,93,109,-16,16
74711,122,124,-2,2
74712,175,154,21,21
74713,96,97,-1,1
74714,88,81,7,7
74715,162,141,21,21
74716,124,137,-13,13
74717,42,41,1,1
74718,90,86,4,4
74719,91,89,2,2
74720,129,128,1,1
74721,53,58,-5,5
74722,75,75,0,0
74723,88,85,3,3
74724,70,65,5,5
74725,185,179,6,6
74726,105,101,4,4
74727,128,121,7,7
74728,103,99,4,4
74729,100,109,-9,9
74730,71,75,-4,4
74731,157,136,21,21
74732,103,110,-7,7
74733,118,118,0,0
74734,140,166,-26,26
74735,102,103,-1,1
74736,71,68,3,3
74737,143,147,-4,4
74738,58,63,-5,5
74739,96,103,-7,7
74740,112,111,1,1
74741,85,84,1,1
74742,92,102,-10,10
74743,81,87,-6,6
74744,102,98,4,4
74745,43,53,-10,10
74746,87,81,6,6
74747,118,116,2,2
74748,85,75,10,10
74749,100,109,-9,9
74750,83,91,-8,8
74751,83,73,10,10
74752,89,87,2,2
74753,50,54,-4,4
74754,134,130,4,4
74755,65,58,7,7
74756,72,75,-3,3
74757,75,68,7,7
74758,78,78,0,0
74759,81,86,-5,5
74760,105,115,-10,10
74761,67,64,3,3
74762,136,71,65,65
74763,86,99,-13,13
74764,139,136,3,3
74765,78,75,3,3
74766,38,37,1,1
74767,78,75,3,3
74768,59,56,3,3
74769,91,88,3,3
74770,152,142,10,10
74771,148,159,-11,11
74772,108,109,-1,1
74773,77,74,3,3
74774,83,79,4,4
74775,89,81,8,8
74776,104,93,11,11
74777,117,122,-5,5
74778,151,149,2,2
74779,45,55,-10,10
74780,60,55,5,5
74781,125,127,-2,2
74782,41,47,-6,6
74783,49,51,-2,2
74784,140,136,4,4
74785,90,95,-5,5
74786,93,95,-2,2
74787,100,87,13,13
74788,125,119,6,6
74789,114,118,-4,4
74790,128,126,2,2
74791,60,62,-2,2
74792,191,174,17,17
74793,140,143,-3,3
74794,82,99,-17,17
74795,76,71,5,5
74796,117,118,-1,1
74797,83,87,-4,4
74798,82,79,3,3
74799,122,129,-7,7
74800,60,63,-3,3
74801,117,117,0,0
74802,96,86,10,10
74803,115,116,-1,1
74804,134,135,-1,1
74805,109,111,-2,2
74806,91,80,11,11
74807,72,74,-2,2
74808,96,92,4,4
74809,80,84,-4,4
74810,71,74,-3,3
74811,95,84,11,11
74812,101,101,0,0
74813,67,67,0,0
74814,87,96,-9,9
74815,89,92,-3,3
74816,62,66,-4,4
74817,126,151,-25,25
74818,78,85,-7,7
74819,100,108,-8,8
74820,96,94,2,2
74821,100,99,1,1
74822,59,65,-6,6
74823,93,89,4,4
74824,120,120,0,0
74825,70,75,-5,5
74826,46,47,-1,1
74827,153,147,6,6
74828,91,88,3,3
74829,94,97,-3,3
74830,74,89,-15,15
74831,87,78,9,9
74832,76,77,-1,1
74833,56,58,-2,2
74834,104,125,-21,21
74835,126,125,1,1
74836,115,116,-1,1
74837,107,117,-10,10
74838,41,54,-13,13
74839,75,70,5,5
74840,76,82,-6,6
74841,75,80,-5,5
74842,50,53,-3,3
74843,118,121,-3,3
74844,131,132,-1,1
74845,92,134,-42,42
74846,113,111,2,2
74847,126,115,11,11
74848,65,74,-9,9
74849,128,125,3,3
74850,89,90,-1,1
74851,100,87,13,13
74852,85,82,3,3
74853,166,151,15,15
74854,100,113,-13,13
74855,119,121,-2,2
74856,72,67,5,5
74857,78,79,-1,1
74858,70,65,5,5
74859,84,82,2,2
74860,56,56,0,0
74861,18,31,-13,13
74862,75,79,-4,4
74863,107,117,-10,10
74864,86,77,9,9
74865,128,131,-3,3
74866,99,108,-9,9
74867,69,74,-5,5
74868,130,122,8,8
74869,127,128,-1,1
74870,188,178,10,10
74871,99,98,1,1
74872,83,81,2,2
74873,105,102,3,3
74874,56,60,-4,4
74875,84,81,3,3
74876,43,51,-8,8
74877,104,116,-12,12
74878,93,95,-2,2
74879,111,120,-9,9
74880,106,121,-15,15
74881,77,75,2,2
74882,74,69,5,5
74883,138,139,-1,1
74884,47,46,1,1
74885,158,155,3,3
74886,111,112,-1,1
74887,84,90,-6,6
74888,129,135,-6,6
74889,76,78,-2,2
74890,84,82,2,2
74891,67,67,0,0
74892,61,55,6,6
74893,107,98,9,9
74894,79,68,11,11
74895,112,120,-8,8
74896,53,56,-3,3
74897,84,82,2,2
74898,46,48,-2,2
74899,115,111,4,4
74900,48,44,4,4
74901,51,53,-2,2
74902,73,86,-13,13
74903,81,100,-19,19
74904,53,55,-2,2
74905,144,138,6,6
74906,93,87,6,6
74907,63,72,-9,9
74908,47,43,4,4
74909,117,106,11,11
74910,172,128,44,44
74911,57,63,-6,6
74912,143,143,0,0
74913,108,115,-7,7
74914,140,126,14,14
74915,70,73,-3,3
74916,96,95,1,1
74917,107,111,-4,4
74918,116,110,6,6
74919,120,120,0,0
74920,60,53,7,7
74921,77,85,-8,8
74922,112,114,-2,2
74923,97,109,-12,12
74924,183,189,-6,6
74925,95,94,1,1
74926,92,89,3,3
74927,76,88,-12,12
74928,99,99,0,0
74929,85,77,8,8
74930,76,82,-6,6
74931,93,90,3,3
74932,50,55,-5,5
74933,55,59,-4,4
74934,88,89,-1,1
74935,97,107,-10,10
74936,83,84,-1,1
74937,54,49,5,5
74938,86,82,4,4
74939,77,86,-9,9
74940,282,332,-50,50
74941,136,132,4,4
74942,91,80,11,11
74943,150,163,-13,13
74944,66,67,-1,1
74945,71,77,-6,6
74946,87,84,3,3
74947,87,92,-5,5
74948,119,125,-6,6
74949,148,139,9,9
74950,117,113,4,4
74951,85,86,-1,1
74952,97,96,1,1
74953,49,53,-4,4
74954,103,108,-5,5
74955,38,41,-3,3
74956,86,95,-9,9
74957,49,47,2,2
74958,103,97,6,6
74959,103,122,-19,19
74960,45,47,-2,2
74961,103,100,3,3
74962,83,81,2,2
74963,95,89,6,6
74964,60,70,-10,10
74965,102,102,0,0
74966,138,150,-12,12
74967,83,81,2,2
74968,95,100,-5,5
74969,96,91,5,5
74970,150,151,-1,1
74971,53,51,2,2
74972,133,117,16,16
74973,45,49,-4,4
74974,50,50,0,0
74975,35,86,-51,51
74976,103,94,9,9
74977,58,58,0,0
74978,72,75,-3,3
74979,100,109,-9,9
74980,95,92,3,3
74981,109,99,10,10
74982,57,64,-7,7
74983,68,84,-16,16
74984,89,87,2,2
74985,129,125,4,4
74986,118,117,1,1
74987,114,113,1,1
74988,112,111,1,1
74989,103,98,5,5
74990,95,93,2,2
74991,130,140,-10,10
74992,95,83,12,12
74993,129,128,1,1
74994,84,80,4,4
74995,103,111,-8,8
74996,146,146,0,0
74997,84,90,-6,6
74998,143,134,9,9
74999,84,87,-3,3
75000,69,76,-7,7
75001,94,101,-7,7
75002,56,72,-16,16
75003,133,138,-5,5
75004,49,64,-15,15
75005,58,53,5,5
75006,122,111,11,11
75007,117,114,3,3
75008,87,86,1,1
75009,113,116,-3,3
75010,60,63,-3,3
75011,65,58,7,7
75012,103,98,5,5
75013,152,139,13,13
75014,121,120,1,1
75015,119,117,2,2
75016,47,55,-8,8
75017,113,109,4,4
75018,101,100,1,1
75019,73,80,-7,7
75020,88,96,-8,8
75021,156,141,15,15
75022,99,93,6,6
75023,86,88,-2,2
75024,101,105,-4,4
75025,91,89,2,2
75026,59,60,-1,1
75027,72,76,-4,4
75028,111,99,12,12
75029,108,103,5,5
75030,78,81,-3,3
75031,63,71,-8,8
75032,97,100,-3,3
75033,76,77,-1,1
75034,94,109,-15,15
75035,83,80,3,3
75036,72,71,1,1
75037,113,98,15,15
75038,126,122,4,4
75039,86,96,-10,10
75040,67,61,6,6
75041,149,139,10,10
75042,89,80,9,9
75043,115,110,5,5
75044,111,99,12,12
75045,135,143,-8,8
75046,54,59,-5,5
75047,123,129,-6,6
75048,82,85,-3,3
75049,26,38,-12,12
75050,66,67,-1,1
75051,117,108,9,9
75052,135,148,-13,13
75053,70,66,4,4
75054,59,61,-2,2
75055,141,140,1,1
75056,64,60,4,4
75057,126,131,-5,5
75058,97,92,5,5
75059,54,51,3,3
75060,99,96,3,3
75061,138,123,15,15
75062,130,137,-7,7
75063,111,93,18,18
75064,81,82,-1,1
75065,97,91,6,6
75066,146,143,3,3
75067,92,85,7,7
75068,68,54,14,14
75069,70,74,-4,4
75070,79,73,6,6
75071,57,62,-5,5
75072,70,63,7,7
75073,52,58,-6,6
75074,82,91,-9,9
75075,72,74,-2,2
75076,86,80,6,6
75077,124,113,11,11
75078,71,69,2,2
75079,75,59,16,16
75080,111,102,9,9
75081,85,76,9,9
75082,77,77,0,0
75083,116,118,-2,2
75084,121,131,-10,10
75085,63,60,3,3
75086,65,60,5,5
75087,92,92,0,0
75088,115,113,2,2
75089,62,59,3,3
75090,90,86,4,4
75091,50,53,-3,3
75092,81,86,-5,5
75093,33,38,-5,5
75094,141,134,7,7
75095,51,52,-1,1
75096,32,47,-15,15
75097,89,106,-17,17
75098,117,115,2,2
75099,97,104,-7,7
75100,92,83,9,9
75101,71,70,1,1
75102,76,76,0,0
75103,42,54,-12,12
75104,84,95,-11,11
75105,87,96,-9,9
75106,153,146,7,7
75107,91,93,-2,2
75108,59,76,-17,17
75109,69,68,1,1
75110,109,99,10,10
75111,115,109,6,6
75112,169,170,-1,1
75113,67,69,-2,2
75114,96,96,0,0
75115,94,92,2,2
75116,173,148,25,25
75117,96,89,7,7
75118,127,100,27,27
75119,58,59,-1,1
75120,69,67,2,2
75121,68,70,-2,2
75122,141,139,2,2
75123,110,134,-24,24
75124,46,90,-44,44
75125,56,118,-62,62
75126,99,108,-9,9
75127,117,113,4,4
75128,53,55,-2,2
75129,92,91,1,1
75130,100,109,-9,9
75131,100,90,10,10
75132,92,102,-10,10
75133,67,63,4,4
75134,148,135,13,13
75135,122,122,0,0
75136,162,154,8,8
75137,86,88,-2,2
75138,165,145,20,20
75139,106,95,11,11
75140,84,106,-22,22
75141,97,94,3,3
75142,61,61,0,0
75143,187,186,1,1
75144,153,163,-10,10
75145,57,63,-6,6
75146,101,100,1,1
75147,154,128,26,26
75148,108,105,3,3
75149,55,53,2,2
75150,113,101,12,12
75151,55,52,3,3
75152,101,91,10,10
75153,91,95,-4,4
75154,89,89,0,0
75155,96,88,8,8
75156,52,65,-13,13
75157,54,56,-2,2
75158,69,69,0,0
75159,95,110,-15,15
75160,88,82,6,6
75161,126,126,0,0
75162,82,92,-10,10
75163,76,81,-5,5
75164,112,109,3,3
75165,117,112,5,5
75166,113,114,-1,1
75167,97,92,5,5
75168,98,96,2,2
75169,83,79,4,4
75170,76,70,6,6
75171,80,77,3,3
75172,111,116,-5,5
75173,135,127,8,8
75174,62,66,-4,4
75175,140,138,2,2
75176,68,67,1,1
75177,141,146,-5,5
75178,53,63,-10,10
75179,140,144,-4,4
75180,74,69,5,5
75181,70,70,0,0
75182,78,87,-9,9
75183,103,96,7,7
75184,97,92,5,5
75185,75,77,-2,2
75186,143,147,-4,4
75187,163,160,3,3
75188,71,70,1,1
75189,58,56,2,2
75190,69,68,1,1
75191,72,70,2,2
75192,158,159,-1,1
75193,93,97,-4,4
75194,80,81,-1,1
75195,142,131,11,11
75196,46,58,-12,12
75197,76,67,9,9
75198,129,164,-35,35
75199,82,78,4,4
75200,146,138,8,8
75201,93,89,4,4
75202,113,104,9,9
75203,142,149,-7,7
75204,72,71,1,1
75205,74,74,0,0
75206,88,109,-21,21
75207,105,116,-11,11
75208,110,119,-9,9
75209,83,80,3,3
75210,27,52,-25,25
75211,136,135,1,1
75212,81,78,3,3
75213,98,92,6,6
75214,120,120,0,0
75215,92,75,17,17
75216,145,140,5,5
75217,137,138,-1,1
75218,103,111,-8,8
75219,121,136,-15,15
75220,54,67,-13,13
75221,112,111,1,1
75222,76,75,1,1
75223,89,86,3,3
75224,160,120,40,40
75225,28,44,-16,16
75226,76,71,5,5
75227,165,160,5,5
75228,100,91,9,9
75229,152,135,17,17
75230,82,86,-4,4
75231,94,86,8,8
75232,60,65,-5,5
75233,125,125,0,0
75234,69,70,-1,1
75235,120,96,24,24
75236,91,86,5,5
75237,96,90,6,6
75238,45,51,-6,6
75239,56,58,-2,2
75240,76,74,2,2
75241,75,78,-3,3
75242,79,81,-2,2
75243,124,119,5,5
75244,106,96,10,10
75245,122,119,3,3
75246,51,59,-8,8
75247,69,70,-1,1
75248,85,88,-3,3
75249,115,148,-33,33
75250,115,110,5,5
75251,115,111,4,4
75252,60,69,-9,9
75253,76,77,-1,1
75254,32,39,-7,7
75255,79,81,-2,2
75256,44,50,-6,6
75257,58,59,-1,1
75258,130,127,3,3
75259,132,124,8,8
75260,79,78,1,1
75261,92,93,-1,1
75262,144,143,1,1
75263,54,60,-6,6
75264,133,121,12,12
75265,64,75,-11,11
75266,92,91,1,1
75267,156,153,3,3
75268,58,56,2,2
75269,82,70,12,12
75270,86,84,2,2
75271,173,166,7,7
75272,94,87,7,7
75273,60,65,-5,5
75274,108,105,3,3
75275,126,122,4,4
75276,56,58,-2,2
75277,98,100,-2,2
75278,92,80,12,12
75279,117,110,7,7
75280,52,52,0,0
75281,94,87,7,7
75282,78,76,2,2
75283,76,108,-32,32
75284,67,67,0,0
75285,124,127,-3,3
75286,128,129,-1,1
75287,73,67,6,6
75288,62,59,3,3
75289,100,109,-9,9
75290,130,130,0,0
75291,61,62,-1,1
75292,262,229,33,33
75293,60,59,1,1
75294,102,114,-12,12
75295,57,59,-2,2
75296,97,108,-11,11
75297,84,90,-6,6
75298,61,84,-23,23
75299,135,127,8,8
75300,104,88,16,16
75301,79,80,-1,1
75302,187,162,25,25
75303,62,60,2,2
75304,94,93,1,1
75305,94,108,-14,14
75306,94,84,10,10
75307,126,118,8,8
75308,126,113,13,13
75309,108,107,1,1
75310,60,51,9,9
75311,93,110,-17,17
75312,53,53,0,0
75313,61,62,-1,1
75314,79,77,2,2
75315,74,71,3,3
75316,50,48,2,2
75317,75,57,18,18
75318,40,49,-9,9
75319,47,51,-4,4
75320,78,82,-4,4
75321,51,56,-5,5
75322,97,104,-7,7
75323,54,49,5,5
75324,100,102,-2,2
75325,91,89,2,2
75326,48,54,-6,6
75327,46,50,-4,4
75328,153,148,5,5
75329,123,123,0,0
75330,52,61,-9,9
75331,92,84,8,8
75332,71,81,-10,10
75333,141,130,11,11
75334,46,41,5,5
75335,72,76,-4,4
75336,84,80,4,4
75337,82,88,-6,6
75338,78,77,1,1
75339,77,70,7,7
75340,93,80,13,13
75341,47,51,-4,4
75342,67,68,-1,1
75343,67,66,1,1
75344,113,109,4,4
75345,179,172,7,7
75346,95,97,-2,2
75347,164,161,3,3
75348,45,52,-7,7
75349,127,119,8,8
75350,118,127,-9,9
75351,96,91,5,5
75352,57,55,2,2
75353,151,150,1,1
75354,69,99,-30,30
75355,79,76,3,3
75356,86,86,0,0
75357,186,177,9,9
75358,147,135,12,12
75359,109,114,-5,5
75360,97,89,8,8
75361,110,109,1,1
75362,69,66,3,3
75363,65,71,-6,6
75364,119,114,5,5
75365,58,64,-6,6
75366,77,72,5,5
75367,97,100,-3,3
75368,95,93,2,2
75369,123,126,-3,3
75370,107,131,-24,24
75371,117,114,3,3
75372,72,83,-11,11
75373,119,112,7,7
75374,103,99,4,4
75375,129,131,-2,2
75376,83,77,6,6
75377,248,245,3,3
75378,93,83,10,10
75379,129,131,-2,2
75380,68,77,-9,9
75381,117,116,1,1
75382,87,88,-1,1
75383,118,113,5,5
75384,98,92,6,6
75385,103,112,-9,9
75386,69,70,-1,1
75387,110,108,2,2
75388,125,120,5,5
75389,113,112,1,1
75390,112,110,2,2
75391,81,77,4,4
75392,86,91,-5,5
75393,148,139,9,9
75394,102,96,6,6
75395,31,44,-13,13
75396,64,68,-4,4
75397,114,119,-5,5
75398,87,90,-3,3
75399,127,123,4,4
75400,91,93,-2,2
75401,74,70,4,4
75402,175,158,17,17
75403,223,174,49,49
75404,87,75,12,12
75405,67,64,3,3
75406,59,59,0,0
75407,104,93,11,11
75408,64,89,-25,25
75409,149,154,-5,5
75410,125,119,6,6
75411,45,47,-2,2
75412,93,98,-5,5
75413,86,89,-3,3
75414,80,76,4,4
75415,73,64,9,9
75416,92,86,6,6
75417,120,136,-16,16
75418,126,119,7,7
75419,73,73,0,0
75420,54,58,-4,4
75421,65,66,-1,1
75422,100,98,2,2
75423,105,97,8,8
75424,85,78,7,7
75425,100,94,6,6
75426,81,86,-5,5
75427,67,68,-1,1
75428,174,169,5,5
75429,132,125,7,7
75430,127,107,20,20
75431,96,108,-12,12
75432,73,70,3,3
75433,86,81,5,5
75434,73,71,2,2
75435,124,123,1,1
75436,75,73,2,2
75437,49,61,-12,12
75438,99,127,-28,28
75439,55,56,-1,1
75440,141,112,29,29
75441,62,67,-5,5
75442,75,73,2,2
75443,99,97,2,2
75444,97,92,5,5
75445,104,107,-3,3
75446,96,87,9,9
75447,122,122,0,0
75448,101,84,17,17
75449,109,114,-5,5
75450,111,112,-1,1
75451,99,93,6,6
75452,77,85,-8,8
75453,118,123,-5,5
75454,89,79,10,10
75455,75,84,-9,9
75456,59,61,-2,2
75457,57,66,-9,9
75458,99,93,6,6
75459,88,78,10,10
75460,106,98,8,8
75461,101,109,-8,8
75462,131,128,3,3
75463,127,127,0,0
75464,65,60,5,5
75465,101,89,12,12
75466,140,134,6,6
75467,122,119,3,3
75468,80,80,0,0
75469,128,134,-6,6
75470,85,87,-2,2
75471,111,115,-4,4
75472,78,89,-11,11
75473,93,92,1,1
75474,42,44,-2,2
75475,66,54,12,12
75476,95,100,-5,5
75477,90,75,15,15
75478,100,102,-2,2
75479,82,80,2,2
75480,67,75,-8,8
75481,105,98,7,7
75482,110,102,8,8
75483,56,59,-3,3
75484,37,41,-4,4
75485,65,71,-6,6
75486,72,68,4,4
75487,106,111,-5,5
75488,99,89,10,10
75489,104,102,2,2
75490,87,88,-1,1
75491,76,85,-9,9
75492,53,46,7,7
75493,57,63,-6,6
75494,69,66,3,3
75495,83,79,4,4
75496,56,60,-4,4
75497,78,79,-1,1
75498,95,105,-10,10
75499,78,77,1,1
75500,74,70,4,4
75501,82,100,-18,18
75502,95,90,5,5
75503,85,81,4,4
75504,63,68,-5,5
75505,124,126,-2,2
75506,67,62,5,5
75507,112,115,-3,3
75508,94,93,1,1
75509,69,67,2,2
75510,121,131,-10,10
75511,82,87,-5,5
75512,111,109,2,2
75513,126,129,-3,3
75514,74,69,5,5
75515,81,75,6,6
75516,100,100,0,0
75517,148,138,10,10
75518,88,87,1,1
75519,70,68,2,2
75520,150,134,16,16
75521,88,84,4,4
75522,28,32,-4,4
75523,93,88,5,5
75524,96,109,-13,13
75525,90,89,1,1
75526,150,160,-10,10
75527,75,81,-6,6
75528,93,100,-7,7
75529,150,146,4,4
75530,123,100,23,23
75531,133,136,-3,3
75532,69,86,-17,17
75533,167,145,22,22
75534,46,45,1,1
75535,92,95,-3,3
75536,54,55,-1,1
75537,154,139,15,15
75538,45,47,-2,2
75539,137,135,2,2
75540,115,111,4,4
75541,99,89,10,10
75542,93,87,6,6
75543,83,79,4,4
75544,115,108,7,7
75545,23,55,-32,32
75546,92,94,-2,2
75547,85,90,-5,5
75548,80,74,6,6
75549,190,191,-1,1
75550,95,89,6,6
75551,153,133,20,20
75552,83,89,-6,6
75553,51,48,3,3
75554,85,86,-1,1
75555,85,89,-4,4
75556,59,67,-8,8
75557,172,160,12,12
75558,53,60,-7,7
75559,128,115,13,13
75560,72,75,-3,3
75561,130,123,7,7
75562,54,59,-5,5
75563,145,119,26,26
75564,94,99,-5,5
75565,111,111,0,0
75566,35,51,-16,16
75567,74,79,-5,5
75568,85,89,-4,4
75569,129,123,6,6
75570,49,59,-10,10
75571,56,64,-8,8
75572,99,96,3,3
75573,79,96,-17,17
75574,129,125,4,4
75575,74,73,1,1
75576,78,87,-9,9
75577,70,73,-3,3
75578,157,174,-17,17
75579,98,98,0,0
75580,66,70,-4,4
75581,75,78,-3,3
75582,76,72,4,4
75583,94,100,-6,6
75584,100,92,8,8
75585,50,51,-1,1
75586,98,98,0,0
75587,96,101,-5,5
75588,134,136,-2,2
75589,108,96,12,12
75590,212,206,6,6
75591,138,139,-1,1
75592,88,84,4,4
75593,12,29,-17,17
75594,66,65,1,1
75595,98,89,9,9
75596,110,108,2,2
75597,75,72,3,3
75598,146,153,-7,7
75599,176,180,-4,4
75600,91,86,5,5
75601,88,84,4,4
75602,51,53,-2,2
75603,190,174,16,16
75604,128,122,6,6
75605,74,75,-1,1
75606,83,87,-4,4
75607,64,58,6,6
75608,127,126,1,1
75609,130,123,7,7
75610,95,85,10,10
75611,66,134,-68,68
75612,46,45,1,1
75613,79,81,-2,2
75614,110,109,1,1
75615,116,116,0,0
75616,68,72,-4,4
75617,70,84,-14,14
75618,59,71,-12,12
75619,107,93,14,14
75620,77,88,-11,11
75621,97,118,-21,21
75622,160,152,8,8
75623,130,141,-11,11
75624,60,61,-1,1
75625,104,98,6,6
75626,91,90,1,1
75627,89,96,-7,7
75628,49,53,-4,4
75629,155,155,0,0
75630,94,90,4,4
75631,146,148,-2,2
75632,87,92,-5,5
75633,127,124,3,3
75634,79,86,-7,7
75635,93,94,-1,1
75636,121,128,-7,7
75637,74,69,5,5
75638,113,116,-3,3
75639,163,151,12,12
75640,122,110,12,12
75641,118,122,-4,4
75642,56,59,-3,3
75643,129,119,10,10
75644,128,124,4,4
75645,159,149,10,10
75646,62,64,-2,2
75647,108,111,-3,3
75648,72,69,3,3
75649,79,83,-4,4
75650,166,158,8,8
75651,62,72,-10,10
75652,144,148,-4,4
75653,129,122,7,7
75654,72,73,-1,1
75655,93,84,9,9
75656,86,96,-10,10
75657,126,120,6,6
75658,86,82,4,4
75659,87,87,0,0
75660,183,177,6,6
75661,68,73,-5,5
75662,80,75,5,5
75663,63,74,-11,11
75664,61,67,-6,6
75665,103,107,-4,4
75666,46,48,-2,2
75667,107,97,10,10
75668,127,127,0,0
75669,89,84,5,5
75670,104,108,-4,4
75671,82,89,-7,7
75672,114,119,-5,5
75673,82,78,4,4
75674,109,116,-7,7
75675,105,104,1,1
75676,67,71,-4,4
75677,64,63,1,1
75678,109,109,0,0
75679,50,52,-2,2
75680,49,51,-2,2
75681,89,93,-4,4
75682,163,159,4,4
75683,64,69,-5,5
75684,180,166,14,14
75685,73,122,-49,49
75686,155,146,9,9
75687,106,110,-4,4
75688,102,95,7,7
75689,142,138,4,4
75690,62,67,-5,5
75691,93,93,0,0
75692,125,109,16,16
75693,71,71,0,0
75694,62,70,-8,8
75695,129,124,5,5
75696,109,121,-12,12
75697,174,165,9,9
75698,103,103,0,0
75699,124,114,10,10
75700,74,78,-4,4
75701,96,92,4,4
75702,112,111,1,1
75703,78,80,-2,2
75704,59,59,0,0
75705,54,58,-4,4
75706,86,83,3,3
75707,99,112,-13,13
75708,120,135,-15,15
75709,134,126,8,8
75710,141,131,10,10
75711,99,107,-8,8
75712,92,91,1,1
75713,121,120,1,1
75714,74,70,4,4
75715,101,89,12,12
75716,14,77,-63,63
75717,80,73,7,7
75718,88,80,8,8
75719,60,67,-7,7
75720,112,114,-2,2
75721,153,137,16,16
75722,108,107,1,1
75723,98,99,-1,1
75724,78,97,-19,19
75725,115,144,-29,29
75726,71,69,2,2
75727,129,130,-1,1
75728,56,60,-4,4
75729,68,67,1,1
75730,80,80,0,0
75731,110,122,-12,12
75732,86,94,-8,8
75733,139,136,3,3
75734,125,122,3,3
75735,73,77,-4,4
75736,122,116,6,6
75737,99,108,-9,9
75738,78,71,7,7
75739,150,140,10,10
75740,112,93,19,19
75741,95,96,-1,1
75742,85,79,6,6
75743,67,71,-4,4
75744,91,86,5,5
75745,110,102,8,8
75746,88,73,15,15
75747,115,127,-12,12
75748,78,79,-1,1
75749,89,99,-10,10
75750,71,70,1,1
75751,65,61,4,4
75752,67,78,-11,11
75753,144,132,12,12
75754,98,99,-1,1
75755,78,76,2,2
75756,130,137,-7,7
75757,75,76,-1,1
75758,83,77,6,6
75759,72,69,3,3
75760,106,101,5,5
75761,44,47,-3,3
75762,108,110,-2,2
75763,80,69,11,11
75764,98,101,-3,3
75765,97,96,1,1
75766,124,139,-15,15
75767,96,85,11,11
75768,71,73,-2,2
75769,118,121,-3,3
75770,115,112,3,3
75771,88,87,1,1
75772,104,107,-3,3
75773,75,68,7,7
75774,115,113,2,2
75775,94,84,10,10
75776,97,98,-1,1
75777,71,72,-1,1
75778,73,85,-12,12
75779,64,70,-6,6
75780,61,65,-4,4
75781,46,45,1,1
75782,81,78,3,3
75783,56,59,-3,3
75784,99,96,3,3
75785,131,143,-12,12
75786,75,86,-11,11
75787,74,69,5,5
75788,111,111,0,0
75789,136,133,3,3
75790,81,78,3,3
75791,50,55,-5,5
75792,95,92,3,3
75793,108,121,-13,13
75794,62,109,-47,47
75795,78,78,0,0
75796,92,80,12,12
75797,42,45,-3,3
75798,102,110,-8,8
75799,104,110,-6,6
75800,55,63,-8,8
75801,69,75,-6,6
75802,90,91,-1,1
75803,63,62,1,1
75804,101,104,-3,3
75805,43,45,-2,2
75806,69,76,-7,7
75807,109,110,-1,1
75808,142,146,-4,4
75809,140,136,4,4
75810,67,71,-4,4
75811,62,67,-5,5
75812,114,108,6,6
75813,107,106,1,1
75814,85,102,-17,17
75815,167,163,4,4
75816,163,168,-5,5
75817,85,88,-3,3
75818,73,79,-6,6
75819,109,105,4,4
75820,61,67,-6,6
75821,77,82,-5,5
75822,207,181,26,26
75823,99,98,1,1
75824,182,170,12,12
75825,99,98,1,1
75826,83,85,-2,2
75827,75,79,-4,4
75828,139,138,1,1
75829,47,45,2,2
75830,65,80,-15,15
75831,143,116,27,27
75832,73,78,-5,5
75833,79,81,-2,2
75834,85,78,7,7
75835,88,92,-4,4
75836,141,135,6,6
75837,71,95,-24,24
75838,96,88,8,8
75839,153,146,7,7
75840,133,124,9,9
75841,80,87,-7,7
75842,171,173,-2,2
75843,125,131,-6,6
75844,91,85,6,6
75845,61,61,0,0
75846,131,120,11,11
75847,136,117,19,19
75848,58,58,0,0
75849,93,90,3,3
75850,88,87,1,1
75851,68,70,-2,2
75852,129,132,-3,3
75853,127,114,13,13
75854,98,143,-45,45
75855,87,87,0,0
75856,84,84,0,0
75857,51,84,-33,33
75858,72,70,2,2
75859,144,139,5,5
75860,96,95,1,1
75861,61,57,4,4
75862,86,80,6,6
75863,78,77,1,1
75864,51,56,-5,5
75865,151,145,6,6
75866,109,98,11,11
75867,108,113,-5,5
75868,80,76,4,4
75869,67,59,8,8
75870,125,140,-15,15
75871,75,71,4,4
75872,176,175,1,1
75873,105,109,-4,4
75874,82,88,-6,6
75875,146,147,-1,1
75876,49,83,-34,34
75877,68,85,-17,17
75878,119,123,-4,4
75879,40,41,-1,1
75880,118,120,-2,2
75881,65,65,0,0
75882,92,97,-5,5
75883,69,64,5,5
75884,110,109,1,1
75885,94,91,3,3
75886,152,176,-24,24
75887,118,119,-1,1
75888,72,74,-2,2
75889,141,132,9,9
75890,43,47,-4,4
75891,122,115,7,7
75892,73,70,3,3
75893,92,97,-5,5
75894,101,110,-9,9
75895,66,63,3,3
75896,70,68,2,2
75897,43,45,-2,2
75898,84,74,10,10
75899,83,97,-14,14
75900,71,67,4,4
75901,97,86,11,11
75902,116,115,1,1
75903,107,116,-9,9
75904,152,145,7,7
75905,130,152,-22,22
75906,49,47,2,2
75907,111,110,1,1
75908,124,111,13,13
75909,75,72,3,3
75910,112,132,-20,20
75911,111,117,-6,6
75912,97,97,0,0
75913,47,43,4,4
75914,114,99,15,15
75915,107,113,-6,6
75916,93,92,1,1
75917,107,103,4,4
75918,114,113,1,1
75919,124,132,-8,8
75920,133,121,12,12
75921,64,66,-2,2
75922,80,82,-2,2
75923,155,143,12,12
75924,98,111,-13,13
75925,82,67,15,15
75926,50,54,-4,4
75927,64,60,4,4
75928,97,100,-3,3
75929,123,114,9,9
75930,46,52,-6,6
75931,78,71,7,7
75932,122,121,1,1
75933,181,162,19,19
75934,64,72,-8,8
75935,56,58,-2,2
75936,72,81,-9,9
75937,141,134,7,7
75938,126,119,7,7
75939,71,65,6,6
75940,81,71,10,10
75941,137,128,9,9
75942,91,91,0,0
75943,117,110,7,7
75944,160,157,3,3
75945,101,90,11,11
75946,55,65,-10,10
75947,104,109,-5,5
75948,72,73,-1,1
75949,165,160,5,5
75950,74,71,3,3
75951,72,72,0,0
75952,138,116,22,22
75953,87,89,-2,2
75954,66,65,1,1
75955,78,82,-4,4
75956,80,76,4,4
75957,111,115,-4,4
75958,132,128,4,4
75959,70,72,-2,2
75960,96,92,4,4
75961,127,126,1,1
75962,121,122,-1,1
75963,57,57,0,0
75964,203,193,10,10
75965,94,91,3,3
75966,81,94,-13,13
75967,52,53,-1,1
75968,150,138,12,12
75969,83,114,-31,31
75970,99,82,17,17
75971,64,62,2,2
75972,79,81,-2,2
75973,81,84,-3,3
75974,47,51,-4,4
75975,54,57,-3,3
75976,152,144,8,8
75977,44,51,-7,7
75978,87,84,3,3
75979,161,150,11,11
75980,83,81,2,2
75981,75,77,-2,2
75982,111,120,-9,9
75983,60,55,5,5
75984,98,90,8,8
75985,74,80,-6,6
75986,81,74,7,7
75987,113,116,-3,3
75988,110,104,6,6
75989,84,85,-1,1
75990,57,56,1,1
75991,70,71,-1,1
75992,175,159,16,16
75993,95,96,-1,1
75994,94,93,1,1
75995,107,103,4,4
75996,75,77,-2,2
75997,85,93,-8,8
75998,162,143,19,19
75999,93,93,0,0
76000,73,77,-4,4
76001,86,87,-1,1
76002,179,170,9,9
76003,202,195,7,7
76004,98,100,-2,2
76005,85,88,-3,3
76006,37,46,-9,9
76007,121,115,6,6
76008,128,118,10,10
76009,87,95,-8,8
76010,141,144,-3,3
76011,70,64,6,6
76012,151,156,-5,5
76013,116,117,-1,1
76014,81,77,4,4
76015,81,76,5,5
76016,89,92,-3,3
76017,124,108,16,16
76018,94,95,-1,1
76019,56,67,-11,11
76020,151,147,4,4
76021,157,149,8,8
76022,70,73,-3,3
76023,154,150,4,4
76024,130,128,2,2
76025,121,115,6,6
76026,119,127,-8,8
76027,94,98,-4,4
76028,62,71,-9,9
76029,99,89,10,10
76030,82,76,6,6
76031,145,146,-1,1
76032,107,121,-14,14
76033,107,111,-4,4
76034,128,120,8,8
76035,52,55,-3,3
76036,103,101,2,2
76037,70,72,-2,2
76038,161,158,3,3
76039,74,78,-4,4
76040,70,63,7,7
76041,114,101,13,13
76042,150,150,0,0
76043,105,114,-9,9
76044,119,127,-8,8
76045,71,78,-7,7
76046,102,95,7,7
76047,43,52,-9,9
76048,84,82,2,2
76049,70,75,-5,5
76050,82,82,0,0
76051,74,66,8,8
76052,98,97,1,1
76053,55,56,-1,1
76054,110,112,-2,2
76055,145,153,-8,8
76056,80,78,2,2
76057,137,129,8,8
76058,77,84,-7,7
76059,80,70,10,10
76060,73,67,6,6
76061,83,75,8,8
76062,100,91,9,9
76063,85,82,3,3
76064,101,102,-1,1
76065,79,80,-1,1
76066,89,95,-6,6
76067,60,65,-5,5
76068,112,96,16,16
76069,173,168,5,5
76070,60,58,2,2
76071,41,48,-7,7
76072,57,67,-10,10
76073,88,92,-4,4
76074,101,93,8,8
76075,82,72,10,10
76076,100,104,-4,4
76077,85,88,-3,3
76078,117,103,14,14
76079,83,87,-4,4
76080,162,141,21,21
76081,59,59,0,0
76082,127,120,7,7
76083,170,154,16,16
76084,114,110,4,4
76085,111,109,2,2
76086,44,47,-3,3
76087,91,98,-7,7
76088,76,83,-7,7
76089,64,71,-7,7
76090,67,64,3,3
76091,135,129,6,6
76092,75,76,-1,1
76093,110,106,4,4
76094,84,78,6,6
76095,77,73,4,4
76096,97,99,-2,2
76097,85,92,-7,7
76098,61,57,4,4
76099,86,86,0,0
76100,75,74,1,1
76101,83,112,-29,29
76102,168,162,6,6
76103,97,96,1,1
76104,64,66,-2,2
76105,126,118,8,8
76106,85,88,-3,3
76107,111,115,-4,4
76108,87,82,5,5
76109,101,116,-15,15
76110,162,108,54,54
76111,143,145,-2,2
76112,123,117,6,6
76113,82,78,4,4
76114,101,98,3,3
76115,92,108,-16,16
76116,87,100,-13,13
76117,93,84,9,9
76118,100,109,-9,9
76119,92,85,7,7
76120,85,78,7,7
76121,49,54,-5,5
76122,79,91,-12,12
76123,58,57,1,1
76124,85,91,-6,6
76125,61,60,1,1
76126,140,139,1,1
76127,127,134,-7,7
76128,152,151,1,1
76129,67,63,4,4
76130,64,65,-1,1
76131,136,134,2,2
76132,74,72,2,2
76133,100,91,9,9
76134,158,141,17,17
76135,80,86,-6,6
76136,88,86,2,2
76137,110,118,-8,8
76138,74,65,9,9
76139,116,120,-4,4
76140,82,78,4,4
76141,117,112,5,5
76142,81,79,2,2
76143,74,77,-3,3
76144,104,101,3,3
76145,147,135,12,12
76146,82,76,6,6
76147,50,48,2,2
76148,180,175,5,5
76149,182,187,-5,5
76150,63,74,-11,11
76151,190,165,25,25
76152,122,138,-16,16
76153,99,93,6,6
76154,66,72,-6,6
76155,53,68,-15,15
76156,63,65,-2,2
76157,125,137,-12,12
76158,112,107,5,5
76159,85,87,-2,2
76160,56,58,-2,2
76161,85,82,3,3
76162,70,77,-7,7
76163,83,89,-6,6
76164,135,135,0,0
76165,57,54,3,3
76166,84,84,0,0
76167,90,102,-12,12
76168,59,61,-2,2
76169,77,73,4,4
76170,64,61,3,3
76171,99,102,-3,3
76172,109,108,1,1
76173,97,99,-2,2
76174,92,88,4,4
76175,87,92,-5,5
76176,42,44,-2,2
76177,74,81,-7,7
76178,162,179,-17,17
76179,125,113,12,12
76180,178,178,0,0
76181,98,109,-11,11
76182,89,97,-8,8
76183,72,67,5,5
76184,78,74,4,4
76185,53,61,-8,8
76186,85,79,6,6
76187,122,120,2,2
76188,101,108,-7,7
76189,81,79,2,2
76190,128,92,36,36
76191,98,100,-2,2
76192,154,161,-7,7
76193,122,128,-6,6
76194,63,60,3,3
76195,83,91,-8,8
76196,98,99,-1,1
76197,70,71,-1,1
76198,89,109,-20,20
76199,111,121,-10,10
76200,44,55,-11,11
76201,48,56,-8,8
76202,104,101,3,3
76203,106,108,-2,2
76204,148,133,15,15
76205,128,132,-4,4
76206,118,116,2,2
76207,105,92,13,13
76208,141,148,-7,7
76209,115,105,10,10
76210,161,159,2,2
76211,71,93,-22,22
76212,149,140,9,9
76213,77,78,-1,1
76214,117,111,6,6
76215,119,118,1,1
76216,116,109,7,7
76217,88,82,6,6
76218,107,112,-5,5
76219,72,84,-12,12
76220,137,157,-20,20
76221,122,128,-6,6
76222,126,124,2,2
76223,50,55,-5,5
76224,119,104,15,15
76225,79,74,5,5
76226,124,129,-5,5
76227,128,129,-1,1
76228,132,119,13,13
76229,90,88,2,2
76230,95,93,2,2
76231,97,90,7,7
76232,63,66,-3,3
76233,109,101,8,8
76234,133,146,-13,13
76235,104,109,-5,5
76236,35,61,-26,26
76237,72,72,0,0
76238,65,72,-7,7
76239,120,112,8,8
76240,135,156,-21,21
76241,130,121,9,9
76242,137,139,-2,2
76243,81,79,2,2
76244,83,84,-1,1
76245,51,56,-5,5
76246,77,81,-4,4
76247,116,110,6,6
76248,72,76,-4,4
76249,97,103,-6,6
76250,78,75,3,3
76251,63,62,1,1
76252,130,135,-5,5
76253,158,150,8,8
76254,75,84,-9,9
76255,76,75,1,1
76256,101,100,1,1
76257,44,52,-8,8
76258,74,73,1,1
76259,98,88,10,10
76260,134,136,-2,2
76261,104,99,5,5
76262,88,85,3,3
76263,179,161,18,18
76264,46,54,-8,8
76265,141,138,3,3
76266,91,81,10,10
76267,72,75,-3,3
76268,82,80,2,2
76269,73,71,2,2
76270,139,135,4,4
76271,124,122,2,2
76272,100,95,5,5
76273,98,94,4,4
76274,80,82,-2,2
76275,97,116,-19,19
76276,62,69,-7,7
76277,136,133,3,3
76278,93,88,5,5
76279,104,108,-4,4
76280,158,153,5,5
76281,105,99,6,6
76282,82,68,14,14
76283,150,146,4,4
76284,161,148,13,13
76285,68,64,4,4
76286,97,101,-4,4
76287,106,100,6,6
76288,75,71,4,4
76289,95,93,2,2
76290,84,82,2,2
76291,144,129,15,15
76292,115,115,0,0
76293,45,53,-8,8
76294,99,96,3,3
76295,91,86,5,5
76296,75,68,7,7
76297,134,121,13,13
76298,69,65,4,4
76299,74,73,1,1
76300,53,57,-4,4
76301,74,78,-4,4
76302,95,94,1,1
76303,54,57,-3,3
76304,96,91,5,5
76305,93,90,3,3
76306,108,109,-1,1
76307,104,119,-15,15
76308,80,76,4,4
76309,87,78,9,9
76310,98,102,-4,4
76311,60,65,-5,5
76312,65,69,-4,4
76313,75,83,-8,8
76314,80,90,-10,10
76315,81,89,-8,8
76316,123,118,5,5
76317,89,98,-9,9
76318,142,141,1,1
76319,64,60,4,4
76320,100,103,-3,3
76321,45,51,-6,6
76322,118,110,8,8
76323,73,77,-4,4
76324,74,77,-3,3
76325,102,109,-7,7
76326,66,75,-9,9
76327,120,125,-5,5
76328,57,57,0,0
76329,149,135,14,14
76330,131,134,-3,3
76331,81,75,6,6
76332,61,67,-6,6
76333,89,91,-2,2
76334,66,62,4,4
76335,64,66,-2,2
76336,76,78,-2,2
76337,124,118,6,6
76338,48,58,-10,10
76339,68,68,0,0
76340,100,107,-7,7
76341,96,96,0,0
76342,50,49,1,1
76343,85,89,-4,4
76344,85,85,0,0
76345,61,65,-4,4
76346,91,79,12,12
76347,72,71,1,1
76348,129,116,13,13
76349,104,98,6,6
76350,54,64,-10,10
76351,53,55,-2,2
76352,105,116,-11,11
76353,91,108,-17,17
76354,66,75,-9,9
76355,59,61,-2,2
76356,118,117,1,1
76357,109,117,-8,8
76358,63,67,-4,4
76359,63,55,8,8
76360,68,66,2,2
76361,166,172,-6,6
76362,84,78,6,6
76363,66,61,5,5
76364,100,112,-12,12
76365,104,99,5,5
76366,65,64,1,1
76367,57,60,-3,3
76368,99,95,4,4
76369,96,114,-18,18
76370,71,67,4,4
76371,57,62,-5,5
76372,105,113,-8,8
76373,88,80,8,8
76374,54,57,-3,3
76375,181,165,16,16
76376,100,96,4,4
76377,103,98,5,5
76378,138,126,12,12
76379,65,71,-6,6
76380,71,75,-4,4
76381,70,69,1,1
76382,72,70,2,2
76383,66,62,4,4
76384,79,77,2,2
76385,169,167,2,2
76386,129,121,8,8
76387,129,108,21,21
76388,63,61,2,2
76389,92,89,3,3
76390,109,113,-4,4
76391,58,62,-4,4
76392,108,98,10,10
76393,107,99,8,8
76394,162,156,6,6
76395,57,59,-2,2
76396,109,117,-8,8
76397,86,86,0,0
76398,91,86,5,5
76399,89,78,11,11
76400,93,97,-4,4
76401,70,70,0,0
76402,73,72,1,1
76403,71,68,3,3
76404,59,55,4,4
76405,166,160,6,6
76406,71,60,11,11
76407,71,62,9,9
76408,132,117,15,15
76409,103,113,-10,10
76410,114,103,11,11
76411,103,113,-10,10
76412,98,96,2,2
76413,92,84,8,8
76414,102,113,-11,11
76415,113,117,-4,4
76416,130,153,-23,23
76417,56,63,-7,7
76418,127,121,6,6
76419,53,69,-16,16
76420,129,125,4,4
76421,93,90,3,3
76422,133,124,9,9
76423,93,90,3,3
76424,92,89,3,3
76425,45,54,-9,9
76426,96,86,10,10
76427,104,127,-23,23
76428,65,66,-1,1
76429,114,111,3,3
76430,52,51,1,1
76431,80,83,-3,3
76432,135,131,4,4
76433,78,122,-44,44
76434,69,67,2,2
76435,61,51,10,10
76436,75,69,6,6
76437,131,134,-3,3
76438,108,117,-9,9
76439,96,94,2,2
76440,178,164,14,14
76441,171,177,-6,6
76442,81,78,3,3
76443,91,84,7,7
76444,69,73,-4,4
76445,146,135,11,11
76446,111,98,13,13
76447,65,68,-3,3
76448,86,81,5,5
76449,79,93,-14,14
76450,108,97,11,11
76451,94,92,2,2
76452,107,108,-1,1
76453,100,95,5,5
76454,121,113,8,8
76455,144,155,-11,11
76456,66,68,-2,2
76457,40,45,-5,5
76458,99,101,-2,2
76459,32,44,-12,12
76460,69,73,-4,4
76461,145,147,-2,2
76462,76,80,-4,4
76463,85,83,2,2
76464,53,59,-6,6
76465,27,29,-2,2
76466,55,68,-13,13
76467,41,41,0,0
76468,57,62,-5,5
76469,83,56,27,27
76470,77,73,4,4
76471,85,96,-11,11
76472,118,103,15,15
76473,55,58,-3,3
76474,62,61,1,1
76475,111,110,1,1
76476,108,106,2,2
76477,89,93,-4,4
76478,97,92,5,5
76479,94,100,-6,6
76480,61,61,0,0
76481,82,87,-5,5
76482,83,86,-3,3
76483,140,119,21,21
76484,152,131,21,21
76485,86,77,9,9
76486,33,36,-3,3
76487,88,89,-1,1
76488,71,68,3,3
76489,97,115,-18,18
76490,81,85,-4,4
76491,129,126,3,3
76492,55,57,-2,2
76493,122,126,-4,4
76494,103,113,-10,10
76495,98,91,7,7
76496,89,83,6,6
76497,87,82,5,5
76498,79,85,-6,6
76499,98,111,-13,13
76500,49,47,2,2
76501,82,79,3,3
76502,120,122,-2,2
76503,108,109,-1,1
76504,169,155,14,14
76505,161,153,8,8
76506,134,139,-5,5
76507,96,100,-4,4
76508,56,55,1,1
76509,101,109,-8,8
76510,86,92,-6,6
76511,82,77,5,5
76512,85,91,-6,6
76513,79,74,5,5
76514,78,83,-5,5
76515,105,89,16,16
76516,142,138,4,4
76517,65,75,-10,10
76518,57,63,-6,6
76519,81,82,-1,1
76520,139,114,25,25
76521,84,78,6,6
76522,81,81,0,0
76523,154,133,21,21
76524,147,137,10,10
76525,153,144,9,9
76526,73,77,-4,4
76527,141,134,7,7
76528,43,50,-7,7
76529,101,96,5,5
76530,42,49,-7,7
76531,78,80,-2,2
76532,97,112,-15,15
76533,65,71,-6,6
76534,58,62,-4,4
76535,79,86,-7,7
76536,95,92,3,3
76537,105,120,-15,15
76538,37,46,-9,9
76539,82,85,-3,3
76540,130,123,7,7
76541,99,109,-10,10
76542,125,108,17,17
76543,51,60,-9,9
76544,87,85,2,2
76545,147,152,-5,5
76546,61,58,3,3
76547,122,125,-3,3
76548,70,77,-7,7
76549,81,73,8,8
76550,93,88,5,5
76551,136,134,2,2
76552,61,66,-5,5
76553,75,84,-9,9
76554,118,108,10,10
76555,110,115,-5,5
76556,153,161,-8,8
76557,57,57,0,0
76558,128,118,10,10
76559,118,109,9,9
76560,81,88,-7,7
76561,82,79,3,3
76562,126,124,2,2
76563,110,107,3,3
76564,91,93,-2,2
76565,106,87,19,19
76566,92,88,4,4
76567,74,78,-4,4
76568,119,117,2,2
76569,47,51,-4,4
76570,81,88,-7,7
76571,101,93,8,8
76572,91,90,1,1
76573,68,69,-1,1
76574,119,115,4,4
76575,90,87,3,3
76576,104,109,-5,5
76577,80,85,-5,5
76578,84,89,-5,5
76579,132,121,11,11
76580,32,69,-37,37
76581,139,134,5,5
76582,85,81,4,4
76583,83,78,5,5
76584,55,58,-3,3
76585,98,111,-13,13
76586,177,173,4,4
76587,81,85,-4,4
76588,90,97,-7,7
76589,133,120,13,13
76590,85,65,20,20
76591,58,53,5,5
76592,133,130,3,3
76593,81,78,3,3
76594,149,140,9,9
76595,107,106,1,1
76596,113,94,19,19
76597,108,99,9,9
76598,93,88,5,5
76599,100,89,11,11
76600,66,70,-4,4
76601,109,102,7,7
76602,77,87,-10,10
76603,208,177,31,31
76604,79,85,-6,6
76605,74,67,7,7
76606,74,73,1,1
76607,131,125,6,6
76608,127,116,11,11
76609,77,71,6,6
76610,100,78,22,22
76611,82,113,-31,31
76612,100,108,-8,8
76613,65,68,-3,3
76614,97,102,-5,5
76615,146,132,14,14
76616,99,86,13,13
76617,117,109,8,8
76618,71,73,-2,2
76619,60,55,5,5
76620,75,77,-2,2
76621,46,47,-1,1
76622,121,109,12,12
76623,55,54,1,1
76624,119,125,-6,6
76625,178,171,7,7
76626,131,128,3,3
76627,123,119,4,4
76628,99,101,-2,2
76629,164,170,-6,6
76630,69,71,-2,2
76631,55,58,-3,3
76632,148,150,-2,2
76633,67,61,6,6
76634,138,138,0,0
76635,115,110,5,5
76636,134,127,7,7
76637,91,97,-6,6
76638,94,92,2,2
76639,114,109,5,5
76640,92,88,4,4
76641,98,98,0,0
76642,41,38,3,3
76643,49,58,-9,9
76644,59,65,-6,6
76645,90,86,4,4
76646,165,152,13,13
76647,53,51,2,2
76648,67,67,0,0
76649,77,75,2,2
76650,87,83,4,4
76651,65,64,1,1
76652,133,132,1,1
76653,98,93,5,5
76654,103,104,-1,1
76655,85,82,3,3
76656,153,145,8,8
76657,85,75,10,10
76658,126,132,-6,6
76659,102,116,-14,14
76660,115,114,1,1
76661,78,91,-13,13
76662,152,158,-6,6
76663,72,72,0,0
76664,65,66,-1,1
76665,71,72,-1,1
76666,134,137,-3,3
76667,104,108,-4,4
76668,54,61,-7,7
76669,133,124,9,9
76670,99,85,14,14
76671,69,70,-1,1
76672,169,168,1,1
76673,94,97,-3,3
76674,106,112,-6,6
76675,86,90,-4,4
76676,107,108,-1,1
76677,52,59,-7,7
76678,71,75,-4,4
76679,87,80,7,7
76680,155,161,-6,6
76681,58,62,-4,4
76682,144,132,12,12
76683,111,108,3,3
76684,90,87,3,3
76685,74,63,11,11
76686,100,91,9,9
76687,112,112,0,0
76688,117,115,2,2
76689,48,87,-39,39
76690,107,94,13,13
76691,144,142,2,2
76692,86,76,10,10
76693,101,94,7,7
76694,94,93,1,1
76695,129,118,11,11
76696,132,132,0,0
76697,61,62,-1,1
76698,103,112,-9,9
76699,104,97,7,7
76700,135,116,19,19
76701,76,81,-5,5
76702,112,115,-3,3
76703,114,97,17,17
76704,69,62,7,7
76705,92,82,10,10
76706,80,83,-3,3
76707,139,130,9,9
76708,76,72,4,4
76709,71,63,8,8
76710,100,101,-1,1
76711,106,99,7,7
76712,145,140,5,5
76713,76,86,-10,10
76714,92,100,-8,8
76715,49,48,1,1
76716,110,109,1,1
76717,92,94,-2,2
76718,173,150,23,23
76719,98,98,0,0
76720,175,153,22,22
76721,75,87,-12,12
76722,103,88,15,15
76723,111,124,-13,13
76724,215,201,14,14
76725,131,124,7,7
76726,67,74,-7,7
76727,127,141,-14,14
76728,72,74,-2,2
76729,43,68,-25,25
76730,65,65,0,0
76731,69,67,2,2
76732,149,156,-7,7
76733,75,65,10,10
76734,81,81,0,0
76735,76,64,12,12
76736,53,63,-10,10
76737,79,88,-9,9
76738,152,142,10,10
76739,97,100,-3,3
76740,48,50,-2,2
76741,107,111,-4,4
76742,118,120,-2,2
76743,78,71,7,7
76744,98,95,3,3
76745,121,115,6,6
76746,108,106,2,2
76747,59,57,2,2
76748,95,98,-3,3
76749,98,98,0,0
76750,71,70,1,1
76751,76,75,1,1
76752,100,111,-11,11
76753,70,68,2,2
76754,71,65,6,6
76755,94,74,20,20
76756,86,87,-1,1
76757,102,112,-10,10
76758,106,102,4,4
76759,74,81,-7,7
76760,49,56,-7,7
76761,103,97,6,6
76762,70,72,-2,2
76763,168,170,-2,2
76764,66,70,-4,4
76765,128,134,-6,6
76766,110,110,0,0
76767,82,74,8,8
76768,92,84,8,8
76769,187,182,5,5
76770,101,119,-18,18
76771,47,48,-1,1
76772,72,72,0,0
76773,77,77,0,0
76774,30,37,-7,7
76775,124,121,3,3
76776,218,188,30,30
76777,110,113,-3,3
76778,106,112,-6,6
76779,133,122,11,11
76780,88,75,13,13
76781,58,59,-1,1
76782,184,168,16,16
76783,152,132,20,20
76784,87,92,-5,5
76785,167,155,12,12
76786,93,97,-4,4
76787,130,113,17,17
76788,96,86,10,10
76789,119,121,-2,2
76790,81,81,0,0
76791,52,53,-1,1
76792,66,62,4,4
76793,102,111,-9,9
76794,76,73,3,3
76795,117,108,9,9
76796,98,94,4,4
76797,81,77,4,4
76798,99,109,-10,10
76799,81,77,4,4
76800,64,70,-6,6
76801,139,145,-6,6
76802,84,84,0,0
76803,68,67,1,1
76804,42,45,-3,3
76805,73,67,6,6
76806,158,122,36,36
76807,101,107,-6,6
76808,122,115,7,7
76809,76,91,-15,15
76810,129,153,-24,24
76811,99,88,11,11
76812,71,65,6,6
76813,80,79,1,1
76814,141,129,12,12
76815,48,48,0,0
76816,146,137,9,9
76817,83,85,-2,2
76818,102,100,2,2
76819,87,87,0,0
76820,83,75,8,8
76821,63,67,-4,4
76822,89,88,1,1
76823,142,132,10,10
76824,90,95,-5,5
76825,97,92,5,5
76826,130,127,3,3
76827,88,85,3,3
76828,146,149,-3,3
76829,118,111,7,7
76830,124,118,6,6
76831,108,118,-10,10
76832,53,59,-6,6
76833,78,79,-1,1
76834,54,56,-2,2
76835,121,110,11,11
76836,105,116,-11,11
76837,47,61,-14,14
76838,58,51,7,7
76839,126,116,10,10
76840,165,144,21,21
76841,118,111,7,7
76842,54,57,-3,3
76843,98,93,5,5
76844,39,38,1,1
76845,88,94,-6,6
76846,85,91,-6,6
76847,92,102,-10,10
76848,101,100,1,1
76849,69,78,-9,9
76850,70,65,5,5
76851,57,88,-31,31
76852,89,88,1,1
76853,165,158,7,7
76854,88,89,-1,1
76855,142,134,8,8
76856,109,116,-7,7
76857,105,109,-4,4
76858,94,97,-3,3
76859,124,120,4,4
76860,119,115,4,4
76861,41,44,-3,3
76862,102,98,4,4
76863,90,72,18,18
76864,126,128,-2,2
76865,59,74,-15,15
76866,74,71,3,3
76867,104,112,-8,8
76868,101,96,5,5
76869,102,98,4,4
76870,123,126,-3,3
76871,90,87,3,3
76872,85,81,4,4
76873,85,95,-10,10
76874,57,56,1,1
76875,73,75,-2,2
76876,73,77,-4,4
76877,106,114,-8,8
76878,47,43,4,4
76879,91,95,-4,4
76880,93,81,12,12
76881,63,66,-3,3
76882,80,78,2,2
76883,71,70,1,1
76884,92,86,6,6
76885,125,121,4,4
76886,82,93,-11,11
76887,97,107,-10,10
76888,59,54,5,5
76889,125,136,-11,11
76890,115,108,7,7
76891,103,98,5,5
76892,97,96,1,1
76893,89,89,0,0
76894,78,79,-1,1
76895,159,147,12,12
76896,117,124,-7,7
76897,100,94,6,6
76898,104,109,-5,5
76899,97,109,-12,12
76900,114,103,11,11
76901,118,127,-9,9
76902,99,81,18,18
76903,98,92,6,6
76904,114,113,1,1
76905,99,98,1,1
76906,95,93,2,2
76907,68,73,-5,5
76908,119,113,6,6
76909,125,116,9,9
76910,74,76,-2,2
76911,97,90,7,7
76912,101,99,2,2
76913,157,155,2,2
76914,141,136,5,5
76915,132,137,-5,5
76916,104,103,1,1
76917,85,87,-2,2
76918,110,112,-2,2
76919,91,105,-14,14
76920,53,51,2,2
76921,81,82,-1,1
76922,78,80,-2,2
76923,79,90,-11,11
76924,73,69,4,4
76925,81,82,-1,1
76926,89,83,6,6
76927,78,75,3,3
76928,122,110,12,12
76929,64,68,-4,4
76930,52,55,-3,3
76931,87,90,-3,3
76932,134,135,-1,1
76933,104,96,8,8
76934,116,123,-7,7
76935,102,110,-8,8
76936,160,142,18,18
76937,83,77,6,6
76938,159,166,-7,7
76939,130,138,-8,8
76940,92,89,3,3
76941,95,86,9,9
76942,179,186,-7,7
76943,132,113,19,19
76944,53,54,-1,1
76945,100,97,3,3
76946,105,95,10,10
76947,77,80,-3,3
76948,115,115,0,0
76949,126,126,0,0
76950,91,92,-1,1
76951,79,81,-2,2
76952,40,47,-7,7
76953,128,124,4,4
76954,145,143,2,2
76955,153,142,11,11
76956,81,78,3,3
76957,113,122,-9,9
76958,138,125,13,13
76959,100,104,-4,4
76960,77,70,7,7
76961,71,74,-3,3
76962,110,112,-2,2
76963,118,116,2,2
76964,137,139,-2,2
76965,94,94,0,0
76966,65,65,0,0
76967,52,66,-14,14
76968,74,76,-2,2
76969,68,61,7,7
76970,101,108,-7,7
76971,104,100,4,4
76972,138,129,9,9
76973,71,68,3,3
76974,140,125,15,15
76975,83,80,3,3
76976,91,91,0,0
76977,125,117,8,8
76978,77,83,-6,6
76979,63,61,2,2
76980,116,112,4,4
76981,102,107,-5,5
76982,121,131,-10,10
76983,116,113,3,3
76984,181,179,2,2
76985,112,123,-11,11
76986,151,161,-10,10
76987,127,122,5,5
76988,87,85,2,2
76989,123,122,1,1
76990,74,86,-12,12
76991,161,154,7,7
76992,48,50,-2,2
76993,207,195,12,12
76994,124,130,-6,6
76995,91,99,-8,8
76996,104,103,1,1
76997,118,123,-5,5
76998,112,114,-2,2
76999,70,70,0,0
77000,76,72,4,4
77001,133,126,7,7
77002,79,71,8,8
77003,56,69,-13,13
77004,111,134,-23,23
77005,48,56,-8,8
77006,80,71,9,9
77007,144,151,-7,7
77008,39,35,4,4
77009,91,93,-2,2
77010,97,94,3,3
77011,93,84,9,9
77012,142,132,10,10
77013,116,116,0,0
77014,86,85,1,1
77015,128,133,-5,5
77016,101,111,-10,10
77017,53,59,-6,6
77018,153,147,6,6
77019,69,79,-10,10
77020,101,93,8,8
77021,146,146,0,0
77022,107,110,-3,3
77023,86,85,1,1
77024,44,49,-5,5
77025,64,71,-7,7
77026,90,73,17,17
77027,69,72,-3,3
77028,78,91,-13,13
77029,141,134,7,7
77030,54,47,7,7
77031,61,55,6,6
77032,140,128,12,12
77033,158,128,30,30
77034,96,92,4,4
77035,159,158,1,1
77036,155,124,31,31
77037,152,141,11,11
77038,62,58,4,4
77039,84,77,7,7
77040,197,188,9,9
77041,123,123,0,0
77042,80,82,-2,2
77043,25,15,10,10
77044,140,146,-6,6
77045,65,71,-6,6
77046,67,96,-29,29
77047,62,69,-7,7
77048,71,69,2,2
77049,138,138,0,0
77050,73,75,-2,2
77051,84,86,-2,2
77052,227,200,27,27
77053,97,89,8,8
77054,47,48,-1,1
77055,74,77,-3,3
77056,75,77,-2,2
77057,64,69,-5,5
77058,107,109,-2,2
77059,60,65,-5,5
77060,70,72,-2,2
77061,117,99,18,18
77062,110,118,-8,8
77063,118,119,-1,1
77064,86,85,1,1
77065,61,69,-8,8
77066,72,71,1,1
77067,153,141,12,12
77068,92,95,-3,3
77069,117,120,-3,3
77070,79,78,1,1
77071,111,98,13,13
77072,48,48,0,0
77073,71,63,8,8
77074,100,105,-5,5
77075,90,81,9,9
77076,67,67,0,0
77077,111,110,1,1
77078,68,68,0,0
77079,113,108,5,5
77080,78,95,-17,17
77081,94,93,1,1
77082,86,87,-1,1
77083,131,133,-2,2
77084,142,127,15,15
77085,83,92,-9,9
77086,62,78,-16,16
77087,74,64,10,10
77088,143,137,6,6
77089,163,161,2,2
77090,78,76,2,2
77091,42,42,0,0
77092,69,71,-2,2
77093,68,69,-1,1
77094,132,125,7,7
77095,59,57,2,2
77096,107,109,-2,2
77097,107,112,-5,5
77098,49,49,0,0
77099,114,113,1,1
77100,87,83,4,4
77101,103,81,22,22
77102,122,114,8,8
77103,114,115,-1,1
77104,172,158,14,14
77105,69,70,-1,1
77106,57,65,-8,8
77107,108,109,-1,1
77108,80,98,-18,18
77109,70,72,-2,2
77110,126,128,-2,2
77111,102,95,7,7
77112,45,52,-7,7
77113,72,69,3,3
77114,174,159,15,15
77115,101,108,-7,7
77116,53,53,0,0
77117,71,67,4,4
77118,157,170,-13,13
77119,139,131,8,8
77120,116,102,14,14
77121,86,79,7,7
77122,96,92,4,4
77123,107,112,-5,5
77124,98,110,-12,12
77125,89,92,-3,3
77126,117,127,-10,10
77127,108,110,-2,2
77128,54,55,-1,1
77129,116,118,-2,2
77130,111,112,-1,1
77131,139,144,-5,5
77132,74,75,-1,1
77133,117,120,-3,3
77134,106,115,-9,9
77135,158,129,29,29
77136,97,97,0,0
77137,70,67,3,3
77138,106,110,-4,4
77139,82,75,7,7
77140,141,125,16,16
77141,132,128,4,4
77142,114,103,11,11
77143,145,138,7,7
77144,56,60,-4,4
77145,109,97,12,12
77146,131,117,14,14
77147,154,119,35,35
77148,73,70,3,3
77149,63,71,-8,8
77150,134,148,-14,14
77151,91,81,10,10
77152,127,118,9,9
77153,42,45,-3,3
77154,101,109,-8,8
77155,52,48,4,4
77156,143,146,-3,3
77157,92,86,6,6
77158,84,80,4,4
77159,101,115,-14,14
77160,117,117,0,0
77161,85,81,4,4
77162,52,57,-5,5
77163,74,64,10,10
77164,78,66,12,12
77165,64,64,0,0
77166,90,90,0,0
77167,59,67,-8,8
77168,53,63,-10,10
77169,94,98,-4,4
77170,77,77,0,0
77171,108,94,14,14
77172,138,132,6,6
77173,83,86,-3,3
77174,150,136,14,14
77175,108,109,-1,1
77176,64,68,-4,4
77177,101,114,-13,13
77178,92,86,6,6
77179,150,141,9,9
77180,133,133,0,0
77181,42,51,-9,9
77182,43,47,-4,4
77183,63,64,-1,1
77184,82,85,-3,3
77185,56,51,5,5
77186,101,113,-12,12
77187,65,77,-12,12
77188,112,109,3,3
77189,50,52,-2,2
77190,130,124,6,6
77191,88,98,-10,10
77192,74,69,5,5
77193,129,133,-4,4
77194,57,66,-9,9
77195,110,110,0,0
77196,99,108,-9,9
77197,77,71,6,6
77198,117,113,4,4
77199,107,100,7,7
77200,62,57,5,5
77201,75,78,-3,3
77202,97,108,-11,11
77203,54,58,-4,4
77204,80,77,3,3
77205,84,80,4,4
77206,52,54,-2,2
77207,106,108,-2,2
77208,99,117,-18,18
77209,92,89,3,3
77210,53,59,-6,6
77211,135,135,0,0
77212,116,100,16,16
77213,96,101,-5,5
77214,116,114,2,2
77215,90,86,4,4
77216,187,158,29,29
77217,55,93,-38,38
77218,48,46,2,2
77219,77,81,-4,4
77220,74,75,-1,1
77221,97,109,-12,12
77222,159,154,5,5
77223,127,126,1,1
77224,83,84,-1,1
77225,67,67,0,0
77226,103,88,15,15
77227,68,60,8,8
77228,75,72,3,3
77229,88,90,-2,2
77230,82,113,-31,31
77231,128,117,11,11
77232,177,162,15,15
77233,140,134,6,6
77234,108,90,18,18
77235,59,56,3,3
77236,97,98,-1,1
77237,105,108,-3,3
77238,59,61,-2,2
77239,74,73,1,1
77240,63,59,4,4
77241,53,54,-1,1
77242,67,68,-1,1
77243,88,88,0,0
77244,116,115,1,1
77245,141,143,-2,2
77246,123,126,-3,3
77247,111,112,-1,1
77248,89,92,-3,3
77249,112,125,-13,13
77250,118,116,2,2
77251,51,56,-5,5
77252,165,138,27,27
77253,70,76,-6,6
77254,92,82,10,10
77255,156,134,22,22
77256,160,139,21,21
77257,64,65,-1,1
77258,137,138,-1,1
77259,93,89,4,4
77260,124,128,-4,4
77261,77,79,-2,2
77262,128,126,2,2
77263,79,69,10,10
77264,61,61,0,0
77265,112,102,10,10
77266,45,46,-1,1
77267,67,60,7,7
77268,126,125,1,1
77269,92,87,5,5
77270,74,78,-4,4
77271,67,75,-8,8
77272,105,98,7,7
77273,167,169,-2,2
77274,131,126,5,5
77275,84,128,-44,44
77276,110,119,-9,9
77277,72,76,-4,4
77278,71,112,-41,41
77279,115,122,-7,7
77280,159,150,9,9
77281,82,94,-12,12
77282,100,114,-14,14
77283,70,63,7,7
77284,104,110,-6,6
77285,49,50,-1,1
77286,104,109,-5,5
77287,101,109,-8,8
77288,66,70,-4,4
77289,87,88,-1,1
77290,85,92,-7,7
77291,124,135,-11,11
77292,121,111,10,10
77293,97,89,8,8
77294,63,61,2,2
77295,93,93,0,0
77296,79,75,4,4
77297,49,51,-2,2
77298,95,94,1,1
77299,76,80,-4,4
77300,133,131,2,2
77301,66,70,-4,4
77302,85,84,1,1
77303,228,250,-22,22
77304,124,133,-9,9
77305,90,81,9,9
77306,95,85,10,10
77307,54,58,-4,4
77308,82,84,-2,2
77309,155,142,13,13
77310,173,165,8,8
77311,171,155,16,16
77312,42,61,-19,19
77313,141,140,1,1
77314,92,88,4,4
77315,94,91,3,3
77316,82,86,-4,4
77317,132,127,5,5
77318,124,118,6,6
77319,94,89,5,5
77320,60,63,-3,3
77321,58,64,-6,6
77322,102,110,-8,8
77323,112,111,1,1
77324,121,120,1,1
77325,133,140,-7,7
77326,54,68,-14,14
77327,105,112,-7,7
77328,82,85,-3,3
77329,104,95,9,9
77330,91,86,5,5
77331,103,111,-8,8
77332,96,106,-10,10
77333,147,159,-12,12
77334,95,98,-3,3
77335,111,120,-9,9
77336,106,111,-5,5
77337,59,61,-2,2
77338,77,71,6,6
77339,97,83,14,14
77340,73,61,12,12
77341,105,98,7,7
77342,122,116,6,6
77343,55,61,-6,6
77344,108,111,-3,3
77345,59,56,3,3
77346,124,128,-4,4
77347,116,122,-6,6
77348,100,93,7,7
77349,76,80,-4,4
77350,102,93,9,9
77351,95,101,-6,6
77352,138,127,11,11
77353,119,117,2,2
77354,78,79,-1,1
77355,108,111,-3,3
77356,34,37,-3,3
77357,105,109,-4,4
77358,120,115,5,5
77359,91,91,0,0
77360,103,115,-12,12
77361,75,75,0,0
77362,176,159,17,17
77363,85,80,5,5
77364,75,74,1,1
77365,103,109,-6,6
77366,81,84,-3,3
77367,105,115,-10,10
77368,50,60,-10,10
77369,118,115,3,3
77370,163,159,4,4
77371,137,129,8,8
77372,167,168,-1,1
77373,116,118,-2,2
77374,52,55,-3,3
77375,115,111,4,4
77376,188,185,3,3
77377,187,173,14,14
77378,84,78,6,6
77379,124,120,4,4
77380,95,95,0,0
77381,79,87,-8,8
77382,72,64,8,8
77383,68,65,3,3
77384,116,117,-1,1
77385,83,103,-20,20
77386,94,86,8,8
77387,63,64,-1,1
77388,200,197,3,3
77389,61,62,-1,1
77390,148,141,7,7
77391,56,59,-3,3
77392,110,113,-3,3
77393,94,97,-3,3
77394,59,70,-11,11
77395,76,70,6,6
77396,67,77,-10,10
77397,102,109,-7,7
77398,165,149,16,16
77399,79,84,-5,5
77400,74,68,6,6
77401,136,128,8,8
77402,116,102,14,14
77403,95,106,-11,11
77404,112,111,1,1
77405,65,71,-6,6
77406,43,45,-2,2
77407,92,89,3,3
77408,48,53,-5,5
77409,75,75,0,0
77410,118,119,-1,1
77411,99,90,9,9
77412,101,95,6,6
77413,41,64,-23,23
77414,78,82,-4,4
77415,129,116,13,13
77416,109,117,-8,8
77417,81,79,2,2
77418,167,159,8,8
77419,55,79,-24,24
77420,202,178,24,24
77421,118,114,4,4
77422,122,126,-4,4
77423,67,66,1,1
77424,67,67,0,0
77425,54,55,-1,1
77426,54,58,-4,4
77427,89,95,-6,6
77428,107,108,-1,1
77429,94,94,0,0
77430,72,66,6,6
77431,127,132,-5,5
77432,84,94,-10,10
77433,64,66,-2,2
77434,96,96,0,0
77435,116,113,3,3
77436,127,127,0,0
77437,128,120,8,8
77438,118,131,-13,13
77439,62,64,-2,2
77440,73,68,5,5
77441,36,43,-7,7
77442,165,143,22,22
77443,100,106,-6,6
77444,65,68,-3,3
77445,75,79,-4,4
77446,75,89,-14,14
77447,97,102,-5,5
77448,93,108,-15,15
77449,57,62,-5,5
77450,59,57,2,2
77451,85,81,4,4
77452,99,112,-13,13
77453,87,89,-2,2
77454,102,114,-12,12
77455,75,77,-2,2
77456,92,91,1,1
77457,79,89,-10,10
77458,50,61,-11,11
77459,48,53,-5,5
77460,217,188,29,29
77461,132,122,10,10
77462,101,99,2,2
77463,82,82,0,0
77464,116,120,-4,4
77465,112,100,12,12
77466,66,78,-12,12
77467,81,86,-5,5
77468,56,59,-3,3
77469,97,87,10,10
77470,84,76,8,8
77471,37,42,-5,5
77472,74,71,3,3
77473,127,124,3,3
77474,54,57,-3,3
77475,80,78,2,2
77476,57,53,4,4
77477,106,81,25,25
77478,91,90,1,1
77479,103,103,0,0
77480,114,100,14,14
77481,131,130,1,1
77482,85,83,2,2
77483,85,88,-3,3
77484,93,93,0,0
77485,74,67,7,7
77486,88,88,0,0
77487,52,53,-1,1
77488,41,42,-1,1
77489,82,82,0,0
77490,112,111,1,1
77491,67,63,4,4
77492,69,79,-10,10
77493,150,139,11,11
77494,93,96,-3,3
77495,63,62,1,1
77496,95,85,10,10
77497,46,51,-5,5
77498,72,72,0,0
77499,77,80,-3,3
77500,87,93,-6,6
77501,121,124,-3,3
77502,149,137,12,12
77503,82,71,11,11
77504,57,57,0,0
77505,127,115,12,12
77506,103,97,6,6
77507,96,97,-1,1
77508,82,79,3,3
77509,161,154,7,7
77510,133,125,8,8
77511,73,70,3,3
77512,71,64,7,7
77513,168,160,8,8
77514,137,137,0,0
77515,72,66,6,6
77516,77,80,-3,3
77517,114,114,0,0
77518,115,113,2,2
77519,70,64,6,6
77520,78,82,-4,4
77521,118,120,-2,2
77522,88,86,2,2
77523,81,78,3,3
77524,118,119,-1,1
77525,60,57,3,3
77526,98,100,-2,2
77527,99,87,12,12
77528,55,55,0,0
77529,100,96,4,4
77530,75,76,-1,1
77531,77,69,8,8
77532,139,140,-1,1
77533,99,91,8,8
77534,106,110,-4,4
77535,92,97,-5,5
77536,87,89,-2,2
77537,55,62,-7,7
77538,89,94,-5,5
77539,106,112,-6,6
77540,161,166,-5,5
77541,72,77,-5,5
77542,119,108,11,11
77543,90,84,6,6
77544,110,110,0,0
77545,51,54,-3,3
77546,63,65,-2,2
77547,42,46,-4,4
77548,85,77,8,8
77549,144,139,5,5
77550,69,73,-4,4
77551,43,47,-4,4
77552,94,100,-6,6
77553,178,188,-10,10
77554,80,80,0,0
77555,65,65,0,0
77556,62,66,-4,4
77557,62,60,2,2
77558,144,148,-4,4
77559,102,99,3,3
77560,104,104,0,0
77561,45,51,-6,6
77562,57,59,-2,2
77563,132,112,20,20
77564,105,100,5,5
77565,99,97,2,2
77566,60,71,-11,11
77567,72,73,-1,1
77568,122,123,-1,1
77569,141,139,2,2
77570,94,87,7,7
77571,89,97,-8,8
77572,43,52,-9,9
77573,160,153,7,7
77574,84,72,12,12
77575,84,80,4,4
77576,90,99,-9,9
77577,68,68,0,0
77578,189,179,10,10
77579,77,89,-12,12
77580,59,66,-7,7
77581,139,142,-3,3
77582,98,97,1,1
77583,147,137,10,10
77584,158,137,21,21
77585,97,91,6,6
77586,109,114,-5,5
77587,112,111,1,1
77588,74,73,1,1
77589,155,143,12,12
77590,75,74,1,1
77591,129,123,6,6
77592,189,185,4,4
77593,98,106,-8,8
77594,68,71,-3,3
77595,100,100,0,0
77596,136,122,14,14
77597,144,139,5,5
77598,123,126,-3,3
77599,60,57,3,3
77600,131,125,6,6
77601,74,77,-3,3
77602,148,118,30,30
77603,112,103,9,9
77604,60,66,-6,6
77605,89,86,3,3
77606,83,88,-5,5
77607,100,89,11,11
77608,70,72,-2,2
77609,119,128,-9,9
77610,52,61,-9,9
77611,72,73,-1,1
77612,127,124,3,3
77613,82,82,0,0
77614,65,61,4,4
77615,75,68,7,7
77616,65,68,-3,3
77617,80,96,-16,16
77618,95,119,-24,24
77619,74,80,-6,6
77620,107,104,3,3
77621,63,67,-4,4
77622,117,114,3,3
77623,83,70,13,13
77624,74,68,6,6
77625,56,52,4,4
77626,143,148,-5,5
77627,61,68,-7,7
77628,92,95,-3,3
77629,147,160,-13,13
77630,68,79,-11,11
77631,95,92,3,3
77632,80,87,-7,7
77633,129,120,9,9
77634,133,149,-16,16
77635,47,48,-1,1
77636,65,57,8,8
77637,85,83,2,2
77638,100,93,7,7
77639,113,110,3,3
77640,104,97,7,7
77641,70,67,3,3
77642,16,25,-9,9
77643,102,98,4,4
77644,125,113,12,12
77645,83,87,-4,4
77646,114,99,15,15
77647,150,147,3,3
77648,164,153,11,11
77649,97,98,-1,1
77650,71,69,2,2
77651,78,77,1,1
77652,128,123,5,5
77653,111,102,9,9
77654,78,74,4,4
77655,83,82,1,1
77656,84,76,8,8
77657,81,83,-2,2
77658,103,114,-11,11
77659,91,96,-5,5
77660,79,80,-1,1
77661,84,86,-2,2
77662,143,122,21,21
77663,97,91,6,6
77664,85,84,1,1
77665,120,112,8,8
77666,88,101,-13,13
77667,114,102,12,12
77668,116,110,6,6
77669,72,80,-8,8
77670,101,94,7,7
77671,129,128,1,1
77672,119,106,13,13
77673,86,88,-2,2
77674,75,85,-10,10
77675,76,72,4,4
77676,84,74,10,10
77677,75,78,-3,3
77678,124,121,3,3
77679,177,190,-13,13
77680,75,73,2,2
77681,117,121,-4,4
77682,99,130,-31,31
77683,50,51,-1,1
77684,70,74,-4,4
77685,115,113,2,2
77686,60,62,-2,2
77687,96,91,5,5
77688,142,141,1,1
77689,87,80,7,7
77690,112,116,-4,4
77691,116,102,14,14
77692,56,58,-2,2
77693,158,158,0,0
77694,188,180,8,8
77695,181,166,15,15
77696,104,91,13,13
77697,159,155,4,4
77698,122,130,-8,8
77699,69,75,-6,6
77700,105,98,7,7
77701,84,91,-7,7
77702,80,77,3,3
77703,62,57,5,5
77704,75,73,2,2
77705,72,79,-7,7
77706,86,82,4,4
77707,99,106,-7,7
77708,59,60,-1,1
77709,104,96,8,8
77710,78,78,0,0
77711,97,108,-11,11
77712,129,121,8,8
77713,64,73,-9,9
77714,105,98,7,7
77715,93,85,8,8
77716,92,92,0,0
77717,40,40,0,0
77718,98,108,-10,10
77719,132,136,-4,4
77720,67,75,-8,8
77721,51,82,-31,31
77722,81,94,-13,13
77723,142,138,4,4
77724,145,138,7,7
77725,72,64,8,8
77726,102,97,5,5
77727,87,83,4,4
77728,111,111,0,0
77729,80,76,4,4
77730,85,88,-3,3
77731,144,134,10,10
77732,66,73,-7,7
77733,98,93,5,5
77734,91,93,-2,2
77735,61,67,-6,6
77736,46,54,-8,8
77737,89,96,-7,7
77738,105,96,9,9
77739,102,93,9,9
77740,100,102,-2,2
77741,58,65,-7,7
77742,116,116,0,0
77743,73,77,-4,4
77744,96,95,1,1
77745,89,84,5,5
77746,79,82,-3,3
77747,74,74,0,0
77748,100,89,11,11
77749,35,50,-15,15
77750,49,50,-1,1
77751,79,79,0,0
77752,102,91,11,11
77753,104,82,22,22
77754,198,175,23,23
77755,136,123,13,13
77756,62,71,-9,9
77757,100,98,2,2
77758,89,85,4,4
77759,131,127,4,4
77760,82,82,0,0
77761,157,150,7,7
77762,71,68,3,3
77763,54,54,0,0
77764,115,119,-4,4
77765,80,80,0,0
77766,69,66,3,3
77767,80,73,7,7
77768,89,90,-1,1
77769,91,89,2,2
77770,171,141,30,30
77771,86,82,4,4
77772,120,121,-1,1
77773,72,75,-3,3
77774,67,64,3,3
77775,122,142,-20,20
77776,71,72,-1,1
77777,119,119,0,0
77778,80,78,2,2
77779,110,101,9,9
77780,47,50,-3,3
77781,193,173,20,20
77782,80,77,3,3
77783,52,62,-10,10
77784,61,62,-1,1
77785,90,91,-1,1
77786,85,83,2,2
77787,74,75,-1,1
77788,85,83,2,2
77789,125,146,-21,21
77790,150,143,7,7
77791,89,88,1,1
77792,93,88,5,5
77793,131,135,-4,4
77794,66,71,-5,5
77795,78,74,4,4
77796,151,151,0,0
77797,91,93,-2,2
77798,75,81,-6,6
77799,39,41,-2,2
77800,54,52,2,2
77801,106,105,1,1
77802,128,132,-4,4
77803,49,55,-6,6
77804,124,123,1,1
77805,76,75,1,1
77806,89,85,4,4
77807,48,46,2,2
77808,135,155,-20,20
77809,108,111,-3,3
77810,113,99,14,14
77811,97,100,-3,3
77812,155,155,0,0
77813,154,144,10,10
77814,118,110,8,8
77815,87,79,8,8
77816,56,63,-7,7
77817,56,74,-18,18
77818,70,81,-11,11
77819,45,51,-6,6
77820,49,74,-25,25
77821,91,80,11,11
77822,76,73,3,3
77823,81,100,-19,19
77824,121,122,-1,1
77825,109,110,-1,1
77826,72,67,5,5
77827,75,77,-2,2
77828,35,46,-11,11
77829,90,95,-5,5
77830,132,129,3,3
77831,140,148,-8,8
77832,75,81,-6,6
77833,76,76,0,0
77834,111,134,-23,23
77835,92,99,-7,7
77836,120,135,-15,15
77837,119,116,3,3
77838,78,83,-5,5
77839,86,82,4,4
77840,60,66,-6,6
77841,158,144,14,14
77842,94,84,10,10
77843,126,120,6,6
77844,112,102,10,10
77845,112,108,4,4
77846,73,77,-4,4
77847,94,97,-3,3
77848,133,124,9,9
77849,70,61,9,9
77850,83,77,6,6
77851,117,118,-1,1
77852,104,103,1,1
77853,109,109,0,0
77854,173,148,25,25
77855,55,67,-12,12
77856,46,50,-4,4
77857,36,38,-2,2
77858,76,78,-2,2
77859,136,131,5,5
77860,102,100,2,2
77861,110,110,0,0
77862,94,90,4,4
77863,80,80,0,0
77864,149,141,8,8
77865,249,227,22,22
77866,150,154,-4,4
77867,49,56,-7,7
77868,58,56,2,2
77869,54,54,0,0
77870,83,71,12,12
77871,119,111,8,8
77872,58,66,-8,8
77873,123,113,10,10
77874,125,116,9,9
77875,115,121,-6,6
77876,74,82,-8,8
77877,71,65,6,6
77878,162,143,19,19
77879,96,100,-4,4
77880,63,62,1,1
77881,87,92,-5,5
77882,74,61,13,13
77883,70,90,-20,20
77884,114,119,-5,5
77885,72,68,4,4
77886,58,66,-8,8
77887,117,111,6,6
77888,77,98,-21,21
77889,57,65,-8,8
77890,142,137,5,5
77891,57,67,-10,10
77892,77,74,3,3
77893,100,122,-22,22
77894,92,110,-18,18
77895,53,58,-5,5
77896,98,90,8,8
77897,96,94,2,2
77898,67,65,2,2
77899,69,68,1,1
77900,108,111,-3,3
77901,97,93,4,4
77902,75,70,5,5
77903,97,99,-2,2
77904,127,118,9,9
77905,87,83,4,4
77906,86,84,2,2
77907,84,76,8,8
77908,86,86,0,0
77909,88,86,2,2
77910,97,96,1,1
77911,86,81,5,5
77912,79,85,-6,6
77913,183,173,10,10
77914,97,98,-1,1
77915,136,134,2,2
77916,78,80,-2,2
77917,128,126,2,2
77918,116,112,4,4
77919,167,160,7,7
77920,143,154,-11,11
77921,72,76,-4,4
77922,101,98,3,3
77923,89,88,1,1
77924,63,61,2,2
77925,136,131,5,5
77926,129,126,3,3
77927,77,78,-1,1
77928,70,79,-9,9
77929,114,110,4,4
77930,100,115,-15,15
77931,133,125,8,8
77932,130,129,1,1
77933,64,61,3,3
77934,105,98,7,7
77935,171,155,16,16
77936,120,115,5,5
77937,95,93,2,2
77938,72,74,-2,2
77939,75,72,3,3
77940,110,96,14,14
77941,119,112,7,7
77942,184,175,9,9
77943,132,126,6,6
77944,128,136,-8,8
77945,78,93,-15,15
77946,124,124,0,0
77947,123,127,-4,4
77948,105,94,11,11
77949,51,61,-10,10
77950,89,101,-12,12
77951,58,63,-5,5
77952,112,105,7,7
77953,97,97,0,0
77954,95,97,-2,2
77955,79,80,-1,1
77956,85,84,1,1
77957,135,121,14,14
77958,127,134,-7,7
77959,95,84,11,11
77960,141,147,-6,6
77961,76,81,-5,5
77962,63,66,-3,3
77963,106,107,-1,1
77964,95,91,4,4
77965,91,90,1,1
77966,147,145,2,2
77967,124,117,7,7
77968,88,77,11,11
77969,70,73,-3,3
77970,80,90,-10,10
77971,41,48,-7,7
77972,59,59,0,0
77973,97,103,-6,6
77974,61,62,-1,1
77975,148,136,12,12
77976,106,98,8,8
77977,102,114,-12,12
77978,66,65,1,1
77979,75,71,4,4
77980,98,90,8,8
77981,58,55,3,3
77982,59,62,-3,3
77983,53,52,1,1
77984,53,74,-21,21
77985,121,109,12,12
77986,101,88,13,13
77987,145,137,8,8
77988,57,58,-1,1
77989,74,69,5,5
77990,65,66,-1,1
77991,79,88,-9,9
77992,117,123,-6,6
77993,65,63,2,2
77994,64,66,-2,2
77995,81,72,9,9
77996,125,110,15,15
77997,67,68,-1,1
77998,69,69,0,0
77999,59,49,10,10
78000,126,119,7,7
78001,106,111,-5,5
78002,63,64,-1,1
78003,89,96,-7,7
78004,120,107,13,13
78005,97,99,-2,2
78006,70,69,1,1
78007,116,122,-6,6
78008,77,69,8,8
78009,49,52,-3,3
78010,71,68,3,3
78011,64,76,-12,12
78012,72,61,11,11
78013,128,112,16,16
78014,98,92,6,6
78015,66,70,-4,4
78016,112,115,-3,3
78017,51,56,-5,5
78018,85,82,3,3
78019,100,92,8,8
78020,92,87,5,5
78021,111,114,-3,3
78022,100,118,-18,18
78023,96,96,0,0
78024,166,153,13,13
78025,137,147,-10,10
78026,72,71,1,1
78027,115,119,-4,4
78028,88,85,3,3
78029,91,90,1,1
78030,103,109,-6,6
78031,47,54,-7,7
78032,86,92,-6,6
78033,136,128,8,8
78034,157,158,-1,1
78035,124,119,5,5
78036,137,138,-1,1
78037,101,100,1,1
78038,74,69,5,5
78039,85,77,8,8
78040,45,48,-3,3
78041,168,158,10,10
78042,115,106,9,9
78043,116,132,-16,16
78044,84,88,-4,4
78045,102,100,2,2
78046,59,71,-12,12
78047,106,113,-7,7
78048,60,70,-10,10
78049,123,115,8,8
78050,85,76,9,9
78051,60,68,-8,8
78052,82,72,10,10
78053,160,148,12,12
78054,82,79,3,3
78055,83,82,1,1
78056,73,78,-5,5
78057,113,115,-2,2
78058,95,82,13,13
78059,100,94,6,6
78060,40,46,-6,6
78061,80,82,-2,2
78062,110,110,0,0
78063,144,145,-1,1
78064,115,108,7,7
78065,64,73,-9,9
78066,119,111,8,8
78067,102,109,-7,7
78068,159,142,17,17
78069,104,99,5,5
78070,91,92,-1,1
78071,133,135,-2,2
78072,98,97,1,1
78073,96,102,-6,6
78074,134,129,5,5
78075,160,153,7,7
78076,59,69,-10,10
78077,74,83,-9,9
78078,106,95,11,11
78079,64,60,4,4
78080,90,97,-7,7
78081,67,67,0,0
78082,100,107,-7,7
78083,68,68,0,0
78084,159,158,1,1
78085,87,87,0,0
78086,123,130,-7,7
78087,78,79,-1,1
78088,95,88,7,7
78089,56,69,-13,13
78090,102,107,-5,5
78091,108,93,15,15
78092,73,69,4,4
78093,111,114,-3,3
78094,137,131,6,6
78095,84,88,-4,4
78096,89,81,8,8
78097,70,78,-8,8
78098,78,81,-3,3
78099,152,149,3,3
78100,81,82,-1,1
78101,49,53,-4,4
78102,69,71,-2,2
78103,102,89,13,13
78104,62,66,-4,4
78105,91,88,3,3
78106,72,58,14,14
78107,47,46,1,1
78108,184,161,23,23
78109,103,92,11,11
78110,69,73,-4,4
78111,51,61,-10,10
78112,120,133,-13,13
78113,105,87,18,18
78114,46,56,-10,10
78115,75,75,0,0
78116,71,69,2,2
78117,45,52,-7,7
78118,80,85,-5,5
78119,79,88,-9,9
78120,78,76,2,2
78121,62,73,-11,11
78122,86,83,3,3
78123,122,126,-4,4
78124,101,95,6,6
78125,72,72,0,0
78126,141,141,0,0
78127,69,73,-4,4
78128,93,87,6,6
78129,55,54,1,1
78130,121,118,3,3
78131,105,113,-8,8
78132,99,88,11,11
78133,195,173,22,22
78134,76,74,2,2
78135,124,119,5,5
78136,100,83,17,17
78137,152,151,1,1
78138,108,109,-1,1
78139,49,51,-2,2
78140,176,165,11,11
78141,104,196,-92,92
78142,81,65,16,16
78143,97,95,2,2
78144,58,58,0,0
78145,110,109,1,1
78146,55,62,-7,7
78147,69,68,1,1
78148,107,134,-27,27
78149,71,68,3,3
78150,88,90,-2,2
78151,43,52,-9,9
78152,117,117,0,0
78153,81,65,16,16
78154,75,79,-4,4
78155,108,110,-2,2
78156,63,65,-2,2
78157,74,80,-6,6
78158,68,67,1,1
78159,62,63,-1,1
78160,52,52,0,0
78161,78,85,-7,7
78162,108,117,-9,9
78163,188,162,26,26
78164,61,65,-4,4
78165,77,75,2,2
78166,97,89,8,8
78167,67,55,12,12
78168,77,102,-25,25
78169,91,95,-4,4
78170,69,70,-1,1
78171,131,134,-3,3
78172,56,56,0,0
78173,49,55,-6,6
78174,126,127,-1,1
78175,114,114,0,0
78176,90,89,1,1
78177,75,87,-12,12
78178,83,78,5,5
78179,92,101,-9,9
78180,83,85,-2,2
78181,89,76,13,13
78182,85,82,3,3
78183,70,64,6,6
78184,108,102,6,6
78185,71,75,-4,4
78186,68,64,4,4
78187,70,72,-2,2
78188,107,114,-7,7
78189,58,60,-2,2
78190,51,52,-1,1
78191,55,66,-11,11
78192,161,163,-2,2
78193,46,53,-7,7
78194,92,89,3,3
78195,154,151,3,3
78196,83,85,-2,2
78197,128,126,2,2
78198,73,78,-5,5
78199,87,85,2,2
78200,122,115,7,7
78201,108,91,17,17
78202,76,90,-14,14
78203,59,69,-10,10
78204,83,88,-5,5
78205,92,94,-2,2
78206,96,95,1,1
78207,105,96,9,9
78208,58,63,-5,5
78209,81,75,6,6
78210,110,100,10,10
78211,44,55,-11,11
78212,81,77,4,4
78213,63,69,-6,6
78214,78,79,-1,1
78215,68,71,-3,3
78216,120,126,-6,6
78217,181,168,13,13
78218,141,136,5,5
78219,178,164,14,14
78220,64,57,7,7
78221,72,76,-4,4
78222,45,43,2,2
78223,143,127,16,16
78224,145,132,13,13
78225,111,112,-1,1
78226,86,86,0,0
78227,125,132,-7,7
78228,79,79,0,0
78229,67,72,-5,5
78230,173,164,9,9
78231,81,81,0,0
78232,88,97,-9,9
78233,63,64,-1,1
78234,66,88,-22,22
78235,96,92,4,4
78236,100,73,27,27
78237,57,54,3,3
78238,125,114,11,11
78239,156,149,7,7
78240,125,119,6,6
78241,133,135,-2,2
78242,66,66,0,0
78243,159,165,-6,6
78244,44,77,-33,33
78245,67,63,4,4
78246,105,109,-4,4
78247,77,80,-3,3
78248,64,71,-7,7
78249,62,88,-26,26
78250,69,64,5,5
78251,163,155,8,8
78252,62,62,0,0
78253,50,51,-1,1
78254,100,101,-1,1
78255,108,107,1,1
78256,70,70,0,0
78257,97,91,6,6
78258,83,74,9,9
78259,137,149,-12,12
78260,70,69,1,1
78261,122,100,22,22
78262,79,86,-7,7
78263,52,74,-22,22
78264,86,94,-8,8
78265,93,86,7,7
78266,93,109,-16,16
78267,62,64,-2,2
78268,109,95,14,14
78269,107,110,-3,3
78270,83,84,-1,1
78271,57,60,-3,3
78272,61,67,-6,6
78273,43,48,-5,5
78274,156,143,13,13
78275,102,92,10,10
78276,56,71,-15,15
78277,199,175,24,24
78278,103,110,-7,7
78279,77,76,1,1
78280,147,157,-10,10
78281,99,112,-13,13
78282,74,111,-37,37
78283,71,69,2,2
78284,142,143,-1,1
78285,72,68,4,4
78286,28,29,-1,1
78287,99,115,-16,16
78288,145,153,-8,8
78289,51,49,2,2
78290,132,138,-6,6
78291,102,100,2,2
78292,69,71,-2,2
78293,142,141,1,1
78294,52,48,4,4
78295,87,94,-7,7
78296,122,127,-5,5
78297,93,104,-11,11
78298,85,93,-8,8
78299,101,95,6,6
78300,88,92,-4,4
78301,64,63,1,1
78302,131,127,4,4
78303,91,91,0,0
78304,174,153,21,21
78305,50,53,-3,3
78306,78,84,-6,6
78307,76,82,-6,6
78308,118,116,2,2
78309,56,61,-5,5
78310,53,55,-2,2
78311,98,103,-5,5
78312,119,125,-6,6
78313,133,130,3,3
78314,66,64,2,2
78315,117,125,-8,8
78316,94,92,2,2
78317,79,84,-5,5
78318,114,119,-5,5
78319,96,83,13,13
78320,81,85,-4,4
78321,83,86,-3,3
78322,74,78,-4,4
78323,89,84,5,5
78324,73,82,-9,9
78325,160,156,4,4
78326,120,112,8,8
78327,52,51,1,1
78328,127,131,-4,4
78329,93,89,4,4
78330,108,119,-11,11
78331,95,95,0,0
78332,75,77,-2,2
78333,124,111,13,13
78334,90,93,-3,3
78335,101,108,-7,7
78336,44,51,-7,7
78337,113,109,4,4
78338,64,74,-10,10
78339,135,131,4,4
78340,147,140,7,7
78341,112,118,-6,6
78342,63,69,-6,6
78343,91,107,-16,16
78344,93,74,19,19
78345,116,114,2,2
78346,124,129,-5,5
78347,127,133,-6,6
78348,114,122,-8,8
78349,137,115,22,22
78350,56,60,-4,4
78351,54,61,-7,7
78352,78,80,-2,2
78353,71,71,0,0
78354,72,76,-4,4
78355,67,73,-6,6
78356,48,48,0,0
78357,115,136,-21,21
78358,53,54,-1,1
78359,95,92,3,3
78360,56,66,-10,10
78361,45,38,7,7
78362,209,194,15,15
78363,85,97,-12,12
78364,80,78,2,2
78365,139,143,-4,4
78366,64,65,-1,1
78367,83,88,-5,5
78368,121,114,7,7
78369,102,112,-10,10
78370,94,89,5,5
78371,119,116,3,3
78372,59,63,-4,4
78373,61,82,-21,21
78374,74,70,4,4
78375,76,74,2,2
78376,91,93,-2,2
78377,132,118,14,14
78378,54,59,-5,5
78379,74,74,0,0
78380,96,86,10,10
78381,60,68,-8,8
78382,91,97,-6,6
78383,102,108,-6,6
78384,131,130,1,1
78385,95,89,6,6
78386,35,38,-3,3
78387,70,81,-11,11
78388,115,103,12,12
78389,63,68,-5,5
78390,70,78,-8,8
78391,73,70,3,3
78392,79,81,-2,2
78393,114,119,-5,5
78394,75,85,-10,10
78395,103,102,1,1
78396,111,105,6,6
78397,110,119,-9,9
78398,55,52,3,3
78399,89,95,-6,6
78400,53,63,-10,10
78401,114,102,12,12
78402,104,108,-4,4
78403,45,44,1,1
78404,122,117,5,5
78405,72,74,-2,2
78406,140,133,7,7
78407,132,118,14,14
78408,127,158,-31,31
78409,133,131,2,2
78410,66,67,-1,1
78411,99,98,1,1
78412,112,114,-2,2
78413,104,86,18,18
78414,143,142,1,1
78415,107,98,9,9
78416,122,120,2,2
78417,166,166,0,0
78418,169,166,3,3
78419,165,168,-3,3
78420,147,128,19,19
78421,63,62,1,1
78422,71,78,-7,7
78423,59,55,4,4
78424,127,128,-1,1
78425,168,153,15,15
78426,43,47,-4,4
78427,103,85,18,18
78428,109,104,5,5
78429,99,108,-9,9
78430,71,71,0,0
78431,94,95,-1,1
78432,104,100,4,4
78433,96,97,-1,1
78434,85,78,7,7
78435,122,105,17,17
78436,85,87,-2,2
78437,49,54,-5,5
78438,44,66,-22,22
78439,65,62,3,3
78440,78,79,-1,1
78441,117,116,1,1
78442,103,95,8,8
78443,106,94,12,12
78444,97,106,-9,9
78445,167,179,-12,12
78446,50,54,-4,4
78447,134,127,7,7
78448,100,112,-12,12
78449,81,81,0,0
78450,108,114,-6,6
78451,55,58,-3,3
78452,82,84,-2,2
78453,94,114,-20,20
78454,94,91,3,3
78455,61,63,-2,2
78456,141,139,2,2
78457,79,81,-2,2
78458,71,81,-10,10
78459,48,55,-7,7
78460,140,143,-3,3
78461,70,82,-12,12
78462,63,63,0,0
78463,137,131,6,6
78464,40,44,-4,4
78465,103,98,5,5
78466,67,77,-10,10
78467,82,77,5,5
78468,119,123,-4,4
78469,131,129,2,2
78470,77,93,-16,16
78471,98,95,3,3
78472,148,158,-10,10
78473,91,87,4,4
78474,95,107,-12,12
78475,60,59,1,1
78476,72,73,-1,1
78477,123,120,3,3
78478,68,67,1,1
78479,124,132,-8,8
78480,128,127,1,1
78481,114,118,-4,4
78482,90,91,-1,1
78483,108,112,-4,4
78484,114,109,5,5
78485,33,57,-24,24
78486,95,97,-2,2
78487,113,111,2,2
78488,57,58,-1,1
78489,71,70,1,1
78490,110,91,19,19
78491,67,72,-5,5
78492,59,63,-4,4
78493,105,111,-6,6
78494,132,123,9,9
78495,93,100,-7,7
78496,90,96,-6,6
78497,134,127,7,7
78498,32,39,-7,7
78499,108,147,-39,39
78500,81,77,4,4
78501,94,94,0,0
78502,116,124,-8,8
78503,131,129,2,2
78504,63,74,-11,11
78505,96,93,3,3
78506,71,65,6,6
78507,71,63,8,8
78508,79,86,-7,7
78509,115,114,1,1
78510,48,68,-20,20
78511,85,78,7,7
78512,113,103,10,10
78513,89,89,0,0
78514,131,132,-1,1
78515,91,95,-4,4
78516,72,67,5,5
78517,169,153,16,16
78518,133,138,-5,5
78519,176,168,8,8
78520,118,125,-7,7
78521,71,78,-7,7
78522,65,70,-5,5
78523,144,127,17,17
78524,72,83,-11,11
78525,70,75,-5,5
78526,70,72,-2,2
78527,117,109,8,8
78528,97,97,0,0
78529,57,61,-4,4
78530,61,82,-21,21
78531,80,77,3,3
78532,92,87,5,5
78533,85,90,-5,5
78534,125,114,11,11
78535,90,101,-11,11
78536,80,77,3,3
78537,71,77,-6,6
78538,149,135,14,14
78539,69,68,1,1
78540,104,97,7,7
78541,95,91,4,4
78542,129,112,17,17
78543,144,123,21,21
78544,61,64,-3,3
78545,130,118,12,12
78546,144,137,7,7
78547,39,43,-4,4
78548,114,112,2,2
78549,48,47,1,1
78550,94,87,7,7
78551,92,86,6,6
78552,101,88,13,13
78553,79,84,-5,5
78554,113,108,5,5
78555,69,73,-4,4
78556,41,50,-9,9
78557,69,74,-5,5
78558,108,110,-2,2
78559,66,66,0,0
78560,93,83,10,10
78561,86,81,5,5
78562,79,75,4,4
78563,80,85,-5,5
78564,87,90,-3,3
78565,179,162,17,17
78566,67,58,9,9
78567,71,79,-8,8
78568,86,78,8,8
78569,92,96,-4,4
78570,109,113,-4,4
78571,45,50,-5,5
78572,84,84,0,0
78573,158,152,6,6
78574,92,86,6,6
78575,75,74,1,1
78576,84,84,0,0
78577,65,72,-7,7
78578,104,96,8,8
78579,44,48,-4,4
78580,198,164,34,34
78581,124,118,6,6
78582,134,120,14,14
78583,122,115,7,7
78584,77,78,-1,1
78585,103,101,2,2
78586,98,94,4,4
78587,59,53,6,6
78588,87,70,17,17
78589,74,69,5,5
78590,67,74,-7,7
78591,85,87,-2,2
78592,79,70,9,9
78593,96,100,-4,4
78594,121,123,-2,2
78595,98,111,-13,13
78596,145,133,12,12
78597,110,109,1,1
78598,144,149,-5,5
78599,85,82,3,3
78600,114,122,-8,8
78601,95,91,4,4
78602,51,55,-4,4
78603,97,94,3,3
78604,81,67,14,14
78605,81,81,0,0
78606,85,85,0,0
78607,154,155,-1,1
78608,125,123,2,2
78609,97,101,-4,4
78610,161,152,9,9
78611,144,125,19,19
78612,127,124,3,3
78613,88,86,2,2
78614,180,165,15,15
78615,90,97,-7,7
78616,66,72,-6,6
78617,95,93,2,2
78618,94,108,-14,14
78619,75,80,-5,5
78620,65,71,-6,6
78621,111,125,-14,14
78622,67,65,2,2
78623,86,90,-4,4
78624,141,132,9,9
78625,102,98,4,4
78626,142,148,-6,6
78627,188,187,1,1
78628,62,55,7,7
78629,104,110,-6,6
78630,63,63,0,0
78631,100,94,6,6
78632,148,141,7,7
78633,103,111,-8,8
78634,122,130,-8,8
78635,69,71,-2,2
78636,89,87,2,2
78637,113,94,19,19
78638,135,134,1,1
78639,158,145,13,13
78640,74,66,8,8
78641,54,55,-1,1
78642,106,109,-3,3
78643,56,81,-25,25
78644,113,110,3,3
78645,95,87,8,8
78646,134,133,1,1
78647,73,76,-3,3
78648,51,50,1,1
78649,50,47,3,3
78650,33,35,-2,2
78651,130,121,9,9
78652,111,122,-11,11
78653,58,55,3,3
78654,103,101,2,2
78655,136,140,-4,4
78656,99,99,0,0
78657,99,93,6,6
78658,116,111,5,5
78659,149,141,8,8
78660,69,69,0,0
78661,81,90,-9,9
78662,57,60,-3,3
78663,85,78,7,7
78664,78,95,-17,17
78665,94,92,2,2
78666,112,105,7,7
78667,141,120,21,21
78668,133,121,12,12
78669,85,93,-8,8
78670,100,109,-9,9
78671,62,64,-2,2
78672,121,116,5,5
78673,54,59,-5,5
78674,154,151,3,3
78675,142,127,15,15
78676,104,117,-13,13
78677,103,99,4,4
78678,70,67,3,3
78679,118,117,1,1
78680,115,115,0,0
78681,145,143,2,2
78682,106,112,-6,6
78683,114,116,-2,2
78684,87,83,4,4
78685,155,137,18,18
78686,142,132,10,10
78687,132,125,7,7
78688,94,91,3,3
78689,142,138,4,4
78690,150,146,4,4
78691,53,59,-6,6
78692,94,91,3,3
78693,85,99,-14,14
78694,62,70,-8,8
78695,53,51,2,2
78696,81,86,-5,5
78697,175,169,6,6
78698,55,52,3,3
78699,72,83,-11,11
78700,93,89,4,4
78701,73,81,-8,8
78702,47,59,-12,12
78703,67,70,-3,3
78704,117,112,5,5
78705,104,102,2,2
78706,76,75,1,1
78707,99,85,14,14
78708,131,125,6,6
78709,84,90,-6,6
78710,105,118,-13,13
78711,157,137,20,20
78712,111,120,-9,9
78713,91,94,-3,3
78714,74,77,-3,3
78715,79,77,2,2
78716,103,93,10,10
78717,119,115,4,4
78718,163,128,35,35
78719,69,72,-3,3
78720,112,109,3,3
78721,55,64,-9,9
78722,97,98,-1,1
78723,99,88,11,11
78724,58,70,-12,12
78725,125,111,14,14
78726,88,80,8,8
78727,81,80,1,1
78728,158,159,-1,1
78729,55,65,-10,10
78730,114,118,-4,4
78731,95,94,1,1
78732,87,109,-22,22
78733,139,126,13,13
78734,79,74,5,5
78735,75,68,7,7
78736,56,61,-5,5
78737,113,125,-12,12
78738,148,139,9,9
78739,160,142,18,18
78740,97,97,0,0
78741,88,88,0,0
78742,89,89,0,0
78743,101,99,2,2
78744,53,57,-4,4
78745,97,113,-16,16
78746,67,70,-3,3
78747,117,105,12,12
78748,72,64,8,8
78749,40,47,-7,7
78750,48,49,-1,1
78751,88,79,9,9
78752,95,87,8,8
78753,132,124,8,8
78754,63,59,4,4
78755,95,94,1,1
78756,84,83,1,1
78757,33,39,-6,6
78758,70,73,-3,3
78759,154,147,7,7
78760,163,151,12,12
78761,175,164,11,11
78762,92,87,5,5
78763,150,148,2,2
78764,67,72,-5,5
78765,127,132,-5,5
78766,131,116,15,15
78767,194,175,19,19
78768,113,109,4,4
78769,106,105,1,1
78770,88,81,7,7
78771,75,73,2,2
78772,56,71,-15,15
78773,86,97,-11,11
78774,66,63,3,3
78775,171,163,8,8
78776,127,124,3,3
78777,110,111,-1,1
78778,93,94,-1,1
78779,89,88,1,1
78780,72,81,-9,9
78781,98,90,8,8
78782,77,76,1,1
78783,93,91,2,2
78784,112,97,15,15
78785,68,67,1,1
78786,104,112,-8,8
78787,78,76,2,2
78788,69,78,-9,9
78789,48,50,-2,2
78790,65,71,-6,6
78791,109,115,-6,6
78792,90,105,-15,15
78793,141,136,5,5
78794,100,107,-7,7
78795,133,136,-3,3
78796,110,107,3,3
78797,54,56,-2,2
78798,71,71,0,0
78799,144,138,6,6
78800,57,68,-11,11
78801,88,86,2,2
78802,107,99,8,8
78803,128,125,3,3
78804,93,99,-6,6
78805,136,141,-5,5
78806,107,93,14,14
78807,151,140,11,11
78808,114,112,2,2
78809,67,68,-1,1
78810,94,95,-1,1
78811,90,84,6,6
78812,105,95,10,10
78813,132,120,12,12
78814,90,85,5,5
78815,120,128,-8,8
78816,91,112,-21,21
78817,155,149,6,6
78818,62,64,-2,2
78819,109,107,2,2
78820,100,110,-10,10
78821,160,141,19,19
78822,96,92,4,4
78823,104,111,-7,7
78824,93,89,4,4
78825,72,72,0,0
78826,59,73,-14,14
78827,74,72,2,2
78828,83,75,8,8
78829,92,80,12,12
78830,100,103,-3,3
78831,87,84,3,3
78832,122,123,-1,1
78833,78,77,1,1
78834,79,71,8,8
78835,138,124,14,14
78836,158,148,10,10
78837,75,73,2,2
78838,100,94,6,6
78839,134,126,8,8
78840,138,156,-18,18
78841,82,90,-8,8
78842,52,49,3,3
78843,74,78,-4,4
78844,60,56,4,4
78845,49,69,-20,20
78846,45,48,-3,3
78847,83,81,2,2
78848,55,59,-4,4
78849,74,70,4,4
78850,96,89,7,7
78851,71,74,-3,3
78852,73,74,-1,1
78853,104,117,-13,13
78854,57,54,3,3
78855,79,80,-1,1
78856,109,113,-4,4
78857,65,62,3,3
78858,129,142,-13,13
78859,75,71,4,4
78860,209,188,21,21
78861,102,93,9,9
78862,102,110,-8,8
78863,142,129,13,13
78864,140,118,22,22
78865,44,45,-1,1
78866,102,110,-8,8
78867,89,78,11,11
78868,86,81,5,5
78869,85,84,1,1
78870,88,82,6,6
78871,77,85,-8,8
78872,123,129,-6,6
78873,62,73,-11,11
78874,163,158,5,5
78875,114,117,-3,3
78876,55,64,-9,9
78877,112,116,-4,4
78878,125,123,2,2
78879,123,120,3,3
78880,96,95,1,1
78881,111,108,3,3
78882,136,124,12,12
78883,75,73,2,2
78884,134,133,1,1
78885,77,84,-7,7
78886,98,100,-2,2
78887,94,87,7,7
78888,77,78,-1,1
78889,83,80,3,3
78890,97,85,12,12
78891,82,80,2,2
78892,126,120,6,6
78893,159,154,5,5
78894,100,111,-11,11
78895,100,117,-17,17
78896,121,118,3,3
78897,117,104,13,13
78898,81,82,-1,1
78899,90,91,-1,1
78900,68,65,3,3
78901,110,111,-1,1
78902,118,131,-13,13
78903,97,95,2,2
78904,81,73,8,8
78905,105,108,-3,3
78906,95,85,10,10
78907,66,84,-18,18
78908,109,112,-3,3
78909,141,143,-2,2
78910,52,49,3,3
78911,80,74,6,6
78912,93,86,7,7
78913,76,77,-1,1
78914,111,112,-1,1
78915,107,107,0,0
78916,132,124,8,8
78917,100,102,-2,2
78918,138,127,11,11
78919,122,116,6,6
78920,105,109,-4,4
78921,85,83,2,2
78922,96,91,5,5
78923,60,57,3,3
78924,106,108,-2,2
78925,47,62,-15,15
78926,97,95,2,2
78927,36,41,-5,5
78928,111,98,13,13
78929,121,129,-8,8
78930,85,74,11,11
78931,95,99,-4,4
78932,78,78,0,0
78933,113,119,-6,6
78934,72,71,1,1
78935,110,121,-11,11
78936,38,43,-5,5
78937,133,132,1,1
78938,52,74,-22,22
78939,49,53,-4,4
78940,57,55,2,2
78941,209,164,45,45
78942,93,99,-6,6
78943,62,65,-3,3
78944,51,58,-7,7
78945,82,105,-23,23
78946,77,74,3,3
78947,165,151,14,14
78948,58,59,-1,1
78949,108,108,0,0
78950,43,52,-9,9
78951,83,84,-1,1
78952,92,87,5,5
78953,127,119,8,8
78954,47,49,-2,2
78955,78,76,2,2
78956,62,74,-12,12
78957,136,123,13,13
78958,121,126,-5,5
78959,79,83,-4,4
78960,83,93,-10,10
78961,100,108,-8,8
78962,86,104,-18,18
78963,89,91,-2,2
78964,74,65,9,9
78965,133,133,0,0
78966,107,106,1,1
78967,89,83,6,6
78968,72,69,3,3
78969,78,84,-6,6
78970,52,53,-1,1
78971,94,96,-2,2
78972,107,109,-2,2
78973,61,59,2,2
78974,224,202,22,22
78975,75,66,9,9
78976,53,61,-8,8
78977,95,98,-3,3
78978,63,59,4,4
78979,133,133,0,0
78980,45,43,2,2
78981,65,65,0,0
78982,93,87,6,6
78983,68,75,-7,7
78984,86,86,0,0
78985,116,116,0,0
78986,112,115,-3,3
78987,79,74,5,5
78988,83,78,5,5
78989,136,145,-9,9
78990,58,60,-2,2
78991,98,91,7,7
78992,216,220,-4,4
78993,135,131,4,4
78994,87,85,2,2
78995,99,95,4,4
78996,85,82,3,3
78997,57,54,3,3
78998,69,65,4,4
78999,72,73,-1,1
79000,42,47,-5,5
79001,50,55,-5,5
79002,120,117,3,3
79003,43,48,-5,5
79004,58,56,2,2
79005,64,74,-10,10
79006,47,53,-6,6
79007,118,109,9,9
79008,91,114,-23,23
79009,115,116,-1,1
79010,132,134,-2,2
79011,124,123,1,1
79012,127,142,-15,15
79013,90,84,6,6
79014,142,143,-1,1
79015,72,74,-2,2
79016,91,95,-4,4
79017,93,96,-3,3
79018,159,161,-2,2
79019,76,80,-4,4
79020,89,95,-6,6
79021,127,109,18,18
79022,76,77,-1,1
79023,101,88,13,13
79024,95,93,2,2
79025,82,81,1,1
79026,109,111,-2,2
79027,108,107,1,1
79028,84,88,-4,4
79029,184,177,7,7
79030,77,74,3,3
79031,92,79,13,13
79032,57,62,-5,5
79033,104,93,11,11
79034,118,123,-5,5
79035,111,102,9,9
79036,78,67,11,11
79037,122,112,10,10
79038,72,71,1,1
79039,106,95,11,11
79040,61,59,2,2
79041,106,110,-4,4
79042,122,124,-2,2
79043,119,116,3,3
79044,141,125,16,16
79045,114,112,2,2
79046,124,116,8,8
79047,86,79,7,7
79048,43,53,-10,10
79049,177,175,2,2
79050,169,181,-12,12
79051,100,108,-8,8
79052,70,73,-3,3
79053,80,84,-4,4
79054,82,83,-1,1
79055,97,91,6,6
79056,112,101,11,11
79057,122,114,8,8
79058,62,62,0,0
79059,146,124,22,22
79060,77,88,-11,11
79061,95,99,-4,4
79062,167,150,17,17
79063,62,92,-30,30
79064,112,138,-26,26
79065,56,60,-4,4
79066,126,111,15,15
79067,127,115,12,12
79068,221,208,13,13
79069,180,165,15,15
79070,73,65,8,8
79071,53,57,-4,4
79072,82,90,-8,8
79073,58,58,0,0
79074,78,73,5,5
79075,130,126,4,4
79076,39,36,3,3
79077,93,112,-19,19
79078,87,82,5,5
79079,82,77,5,5
79080,130,129,1,1
79081,74,74,0,0
79082,93,87,6,6
79083,69,78,-9,9
79084,57,59,-2,2
79085,79,73,6,6
79086,120,116,4,4
79087,91,82,9,9
79088,99,112,-13,13
79089,100,93,7,7
79090,93,92,1,1
79091,78,84,-6,6
79092,82,85,-3,3
79093,242,202,40,40
79094,154,149,5,5
79095,63,63,0,0
79096,52,55,-3,3
79097,106,102,4,4
79098,87,105,-18,18
79099,106,112,-6,6
79100,36,36,0,0
79101,108,128,-20,20
79102,153,189,-36,36
79103,44,59,-15,15
79104,119,118,1,1
79105,51,55,-4,4
79106,156,140,16,16
79107,114,128,-14,14
79108,123,122,1,1
79109,149,140,9,9
79110,90,85,5,5
79111,67,70,-3,3
79112,179,170,9,9
79113,123,119,4,4
79114,88,90,-2,2
79115,211,207,4,4
79116,149,137,12,12
79117,58,57,1,1
79118,85,84,1,1
79119,94,91,3,3
79120,125,132,-7,7
79121,50,60,-10,10
79122,78,71,7,7
79123,91,87,4,4
79124,166,167,-1,1
79125,89,80,9,9
79126,55,64,-9,9
79127,140,136,4,4
79128,122,125,-3,3
79129,92,79,13,13
79130,59,61,-2,2
79131,112,122,-10,10
79132,97,97,0,0
79133,109,114,-5,5
79134,121,142,-21,21
79135,75,77,-2,2
79136,80,76,4,4
79137,104,103,1,1
79138,130,130,0,0
79139,148,151,-3,3
79140,54,51,3,3
79141,121,111,10,10
79142,65,84,-19,19
79143,51,60,-9,9
79144,142,123,19,19
79145,40,37,3,3
79146,58,64,-6,6
79147,92,88,4,4
79148,71,75,-4,4
79149,96,94,2,2
79150,118,111,7,7
79151,54,61,-7,7
79152,91,96,-5,5
79153,70,67,3,3
79154,85,81,4,4
79155,47,52,-5,5
79156,137,139,-2,2
79157,88,107,-19,19
79158,73,76,-3,3
79159,99,95,4,4
79160,68,70,-2,2
79161,174,175,-1,1
79162,119,127,-8,8
79163,84,84,0,0
79164,103,121,-18,18
79165,174,171,3,3
79166,98,94,4,4
79167,86,77,9,9
79168,101,102,-1,1
79169,88,77,11,11
79170,78,68,10,10
79171,94,89,5,5
79172,131,126,5,5
79173,104,93,11,11
79174,89,94,-5,5
79175,104,120,-16,16
79176,43,51,-8,8
79177,85,85,0,0
79178,66,67,-1,1
79179,108,122,-14,14
79180,89,107,-18,18
79181,54,58,-4,4
79182,75,75,0,0
79183,85,92,-7,7
79184,94,93,1,1
79185,58,62,-4,4
79186,191,178,13,13
79187,63,60,3,3
79188,73,67,6,6
79189,92,91,1,1
79190,125,113,12,12
79191,90,92,-2,2
79192,128,129,-1,1
79193,38,47,-9,9
79194,84,74,10,10
79195,85,81,4,4
79196,147,142,5,5
79197,54,52,2,2
79198,78,79,-1,1
79199,117,108,9,9
79200,78,81,-3,3
79201,83,77,6,6
79202,125,152,-27,27
79203,108,105,3,3
79204,94,95,-1,1
79205,45,46,-1,1
79206,120,116,4,4
79207,86,84,2,2
79208,85,85,0,0
79209,50,52,-2,2
79210,89,85,4,4
79211,90,83,7,7
79212,75,75,0,0
79213,110,115,-5,5
79214,82,81,1,1
79215,140,137,3,3
79216,102,110,-8,8
79217,78,83,-5,5
79218,90,91,-1,1
79219,49,53,-4,4
79220,60,60,0,0
79221,128,145,-17,17
79222,91,96,-5,5
79223,94,91,3,3
79224,101,92,9,9
79225,90,84,6,6
79226,115,111,4,4
79227,111,95,16,16
79228,110,120,-10,10
79229,64,69,-5,5
79230,112,98,14,14
79231,88,92,-4,4
79232,108,97,11,11
79233,100,107,-7,7
79234,66,66,0,0
79235,142,125,17,17
79236,64,66,-2,2
79237,140,136,4,4
79238,124,119,5,5
79239,66,67,-1,1
79240,99,90,9,9
79241,78,72,6,6
79242,103,115,-12,12
79243,121,120,1,1
79244,96,89,7,7
79245,30,39,-9,9
79246,69,65,4,4
79247,97,90,7,7
79248,81,73,8,8
79249,72,70,2,2
79250,93,85,8,8
79251,84,90,-6,6
79252,84,92,-8,8
79253,98,100,-2,2
79254,57,74,-17,17
79255,81,84,-3,3
79256,88,94,-6,6
79257,98,94,4,4
79258,171,167,4,4
79259,76,75,1,1
79260,126,134,-8,8
79261,90,91,-1,1
79262,91,83,8,8
79263,94,86,8,8
79264,91,82,9,9
79265,122,121,1,1
79266,81,85,-4,4
79267,86,107,-21,21
79268,79,77,2,2
79269,76,83,-7,7
79270,97,108,-11,11
79271,125,145,-20,20
79272,125,129,-4,4
79273,62,65,-3,3
79274,63,68,-5,5
79275,81,82,-1,1
79276,115,95,20,20
79277,162,162,0,0
79278,103,97,6,6
79279,64,66,-2,2
79280,153,140,13,13
79281,69,80,-11,11
79282,132,121,11,11
79283,76,71,5,5
79284,63,75,-12,12
79285,65,66,-1,1
79286,89,100,-11,11
79287,165,139,26,26
79288,84,80,4,4
79289,89,82,7,7
79290,130,128,2,2
79291,73,65,8,8
79292,110,121,-11,11
79293,157,141,16,16
79294,82,85,-3,3
79295,100,100,0,0
79296,128,121,7,7
79297,122,119,3,3
79298,102,103,-1,1
79299,102,92,10,10
79300,86,77,9,9
79301,124,128,-4,4
79302,157,148,9,9
79303,104,99,5,5
79304,94,97,-3,3
79305,59,59,0,0
79306,103,96,7,7
79307,78,73,5,5
79308,73,76,-3,3
79309,76,79,-3,3
79310,112,125,-13,13
79311,103,111,-8,8
79312,159,132,27,27
79313,42,49,-7,7
79314,83,78,5,5
79315,108,110,-2,2
79316,129,121,8,8
79317,129,131,-2,2
79318,145,138,7,7
79319,70,71,-1,1
79320,71,69,2,2
79321,60,67,-7,7
79322,100,94,6,6
79323,173,167,6,6
79324,156,146,10,10
79325,101,96,5,5
79326,99,99,0,0
79327,130,128,2,2
79328,68,123,-55,55
79329,138,130,8,8
79330,138,139,-1,1
79331,126,128,-2,2
79332,74,70,4,4
79333,75,73,2,2
79334,79,75,4,4
79335,67,68,-1,1
79336,80,120,-40,40
79337,86,78,8,8
79338,57,60,-3,3
79339,111,122,-11,11
79340,95,93,2,2
79341,85,78,7,7
79342,88,83,5,5
79343,72,68,4,4
79344,22,45,-23,23
79345,97,84,13,13
79346,130,119,11,11
79347,55,55,0,0
79348,95,85,10,10
79349,86,87,-1,1
79350,53,55,-2,2
79351,66,63,3,3
79352,122,133,-11,11
79353,130,131,-1,1
79354,135,131,4,4
79355,47,48,-1,1
79356,65,101,-36,36
79357,46,41,5,5
79358,155,141,14,14
79359,60,64,-4,4
79360,75,81,-6,6
79361,97,90,7,7
79362,142,122,20,20
79363,57,63,-6,6
79364,80,77,3,3
79365,44,44,0,0
79366,107,109,-2,2
79367,39,58,-19,19
79368,163,164,-1,1
79369,152,165,-13,13
79370,119,117,2,2
79371,98,83,15,15
79372,67,74,-7,7
79373,61,60,1,1
79374,99,100,-1,1
79375,62,64,-2,2
79376,68,67,1,1
79377,72,75,-3,3
79378,83,85,-2,2
79379,103,95,8,8
79380,116,127,-11,11
79381,122,126,-4,4
79382,88,91,-3,3
79383,129,121,8,8
79384,86,81,5,5
79385,82,83,-1,1
79386,83,89,-6,6
79387,71,83,-12,12
79388,77,78,-1,1
79389,100,109,-9,9
79390,206,194,12,12
79391,152,173,-21,21
79392,58,55,3,3
79393,141,138,3,3
79394,96,86,10,10
79395,149,130,19,19
79396,80,73,7,7
79397,48,47,1,1
79398,75,79,-4,4
79399,95,89,6,6
79400,126,128,-2,2
79401,74,71,3,3
79402,95,92,3,3
79403,59,65,-6,6
79404,164,157,7,7
79405,95,92,3,3
79406,46,54,-8,8
79407,88,88,0,0
79408,135,141,-6,6
79409,140,128,12,12
79410,103,107,-4,4
79411,69,69,0,0
79412,144,126,18,18
79413,147,135,12,12
79414,105,114,-9,9
79415,154,127,27,27
79416,77,78,-1,1
79417,74,79,-5,5
79418,132,125,7,7
79419,56,58,-2,2
79420,48,52,-4,4
79421,77,76,1,1
79422,20,37,-17,17
79423,94,99,-5,5
79424,66,71,-5,5
79425,72,71,1,1
79426,130,120,10,10
79427,282,251,31,31
79428,139,117,22,22
79429,99,114,-15,15
79430,67,68,-1,1
79431,72,74,-2,2
79432,96,107,-11,11
79433,76,76,0,0
79434,119,112,7,7
79435,93,82,11,11
79436,61,65,-4,4
79437,79,72,7,7
79438,107,102,5,5
79439,152,160,-8,8
79440,85,77,8,8
79441,62,52,10,10
79442,103,88,15,15
79443,59,59,0,0
79444,109,116,-7,7
79445,84,94,-10,10
79446,85,91,-6,6
79447,77,91,-14,14
79448,182,174,8,8
79449,105,113,-8,8
79450,165,164,1,1
79451,101,96,5,5
79452,91,86,5,5
79453,93,92,1,1
79454,105,111,-6,6
79455,98,99,-1,1
79456,140,141,-1,1
79457,150,136,14,14
79458,168,158,10,10
79459,155,148,7,7
79460,75,66,9,9
79461,56,53,3,3
79462,41,52,-11,11
79463,84,82,2,2
79464,46,51,-5,5
79465,168,166,2,2
79466,148,138,10,10
79467,92,92,0,0
79468,93,88,5,5
79469,108,101,7,7
79470,52,57,-5,5
79471,100,96,4,4
79472,77,86,-9,9
79473,95,88,7,7
79474,67,66,1,1
79475,84,73,11,11
79476,107,102,5,5
79477,80,73,7,7
79478,104,99,5,5
79479,86,86,0,0
79480,90,80,10,10
79481,70,79,-9,9
79482,125,137,-12,12
79483,68,68,0,0
79484,125,124,1,1
79485,133,136,-3,3
79486,77,78,-1,1
79487,70,74,-4,4
79488,182,170,12,12
79489,114,99,15,15
79490,114,114,0,0
79491,183,181,2,2
79492,57,63,-6,6
79493,111,113,-2,2
79494,49,54,-5,5
79495,58,59,-1,1
79496,97,109,-12,12
79497,141,147,-6,6
79498,133,133,0,0
79499,115,108,7,7
79500,142,135,7,7
79501,53,58,-5,5
79502,69,65,4,4
79503,152,133,19,19
79504,52,53,-1,1
79505,145,144,1,1
79506,90,86,4,4
79507,125,117,8,8
79508,73,64,9,9
79509,72,73,-1,1
79510,69,80,-11,11
79511,146,135,11,11
79512,149,147,2,2
79513,79,81,-2,2
79514,105,114,-9,9
79515,65,63,2,2
79516,139,128,11,11
79517,123,120,3,3
79518,105,81,24,24
79519,40,45,-5,5
79520,65,67,-2,2
79521,134,128,6,6
79522,123,121,2,2
79523,127,116,11,11
79524,39,64,-25,25
79525,104,117,-13,13
79526,48,51,-3,3
79527,78,85,-7,7
79528,102,97,5,5
79529,72,60,12,12
79530,130,133,-3,3
79531,107,108,-1,1
79532,90,89,1,1
79533,85,81,4,4
79534,103,109,-6,6
79535,118,115,3,3
79536,67,74,-7,7
79537,101,85,16,16
79538,108,103,5,5
79539,134,150,-16,16
79540,83,74,9,9
79541,103,101,2,2
79542,43,58,-15,15
79543,154,142,12,12
79544,137,136,1,1
79545,133,124,9,9
79546,165,141,24,24
79547,68,74,-6,6
79548,144,141,3,3
79549,112,116,-4,4
79550,96,95,1,1
79551,84,82,2,2
79552,131,116,15,15
79553,95,91,4,4
79554,166,153,13,13
79555,56,63,-7,7
79556,112,113,-1,1
79557,55,55,0,0
79558,88,86,2,2
79559,81,72,9,9
79560,79,75,4,4
79561,105,110,-5,5
79562,52,60,-8,8
79563,131,128,3,3
79564,101,108,-7,7
79565,98,71,27,27
79566,60,58,2,2
79567,66,70,-4,4
79568,85,73,12,12
79569,81,75,6,6
79570,117,126,-9,9
79571,61,62,-1,1
79572,74,78,-4,4
79573,64,69,-5,5
79574,61,61,0,0
79575,106,105,1,1
79576,82,82,0,0
79577,68,88,-20,20
79578,100,100,0,0
79579,111,92,19,19
79580,73,80,-7,7
79581,110,110,0,0
79582,110,114,-4,4
79583,150,144,6,6
79584,119,121,-2,2
79585,140,138,2,2
79586,107,100,7,7
79587,31,47,-16,16
79588,111,109,2,2
79589,93,96,-3,3
79590,73,76,-3,3
79591,75,80,-5,5
79592,106,120,-14,14
79593,46,52,-6,6
79594,169,162,7,7
79595,128,124,4,4
79596,189,190,-1,1
79597,119,118,1,1
79598,61,56,5,5
79599,109,112,-3,3
79600,129,118,11,11
79601,118,122,-4,4
79602,91,92,-1,1
79603,95,96,-1,1
79604,106,90,16,16
79605,188,178,10,10
79606,78,74,4,4
79607,59,74,-15,15
79608,66,63,3,3
79609,62,66,-4,4
79610,137,132,5,5
79611,82,82,0,0
79612,115,118,-3,3
79613,102,124,-22,22
79614,50,76,-26,26
79615,119,117,2,2
79616,159,161,-2,2
79617,146,142,4,4
79618,62,60,2,2
79619,72,66,6,6
79620,82,81,1,1
79621,64,68,-4,4
79622,74,75,-1,1
79623,104,97,7,7
79624,169,129,40,40
79625,86,87,-1,1
79626,178,186,-8,8
79627,83,79,4,4
79628,115,114,1,1
79629,124,123,1,1
79630,123,149,-26,26
79631,90,91,-1,1
79632,51,53,-2,2
79633,99,96,3,3
79634,99,121,-22,22
79635,108,94,14,14
79636,124,111,13,13
79637,144,146,-2,2
79638,128,136,-8,8
79639,70,72,-2,2
79640,74,81,-7,7
79641,134,138,-4,4
79642,119,126,-7,7
79643,41,45,-4,4
79644,101,108,-7,7
79645,149,140,9,9
79646,121,113,8,8
79647,56,54,2,2
79648,108,108,0,0
79649,72,75,-3,3
79650,98,94,4,4
79651,67,63,4,4
79652,69,70,-1,1
79653,89,85,4,4
79654,122,132,-10,10
79655,75,76,-1,1
79656,80,83,-3,3
79657,184,185,-1,1
79658,80,77,3,3
79659,136,135,1,1
79660,85,84,1,1
79661,86,85,1,1
79662,99,108,-9,9
79663,161,165,-4,4
79664,106,114,-8,8
79665,86,86,0,0
79666,160,151,9,9
79667,140,147,-7,7
79668,157,157,0,0
79669,121,124,-3,3
79670,61,63,-2,2
79671,108,109,-1,1
79672,110,110,0,0
79673,101,94,7,7
79674,85,85,0,0
79675,125,124,1,1
79676,67,65,2,2
79677,64,62,2,2
79678,47,58,-11,11
79679,111,120,-9,9
79680,45,49,-4,4
79681,79,62,17,17
79682,102,98,4,4
79683,99,82,17,17
79684,121,118,3,3
79685,75,83,-8,8
79686,172,165,7,7
79687,67,69,-2,2
79688,111,97,14,14
79689,119,129,-10,10
79690,134,126,8,8
79691,139,137,2,2
79692,67,69,-2,2
79693,100,120,-20,20
79694,64,68,-4,4
79695,105,103,2,2
79696,106,103,3,3
79697,41,45,-4,4
79698,122,116,6,6
79699,96,99,-3,3
79700,74,79,-5,5
79701,97,90,7,7
79702,106,98,8,8
79703,58,56,2,2
79704,61,60,1,1
79705,72,70,2,2
79706,97,96,1,1
79707,104,109,-5,5
79708,90,90,0,0
79709,190,178,12,12
79710,113,127,-14,14
79711,72,93,-21,21
79712,102,95,7,7
79713,143,117,26,26
79714,71,71,0,0
79715,80,85,-5,5
79716,45,47,-2,2
79717,57,61,-4,4
79718,109,108,1,1
79719,80,79,1,1
79720,54,60,-6,6
79721,75,81,-6,6
79722,80,88,-8,8
79723,73,76,-3,3
79724,216,198,18,18
79725,73,76,-3,3
79726,124,124,0,0
79727,160,129,31,31
79728,140,133,7,7
79729,136,131,5,5
79730,68,62,6,6
79731,91,90,1,1
79732,69,60,9,9
79733,93,103,-10,10
79734,103,99,4,4
79735,93,94,-1,1
79736,53,55,-2,2
79737,116,112,4,4
79738,57,68,-11,11
79739,89,84,5,5
79740,58,56,2,2
79741,136,134,2,2
79742,95,94,1,1
79743,59,63,-4,4
79744,169,157,12,12
79745,105,109,-4,4
79746,119,96,23,23
79747,89,88,1,1
79748,132,122,10,10
79749,81,72,9,9
79750,52,46,6,6
79751,139,118,21,21
79752,60,63,-3,3
79753,128,126,2,2
79754,54,52,2,2
79755,123,128,-5,5
79756,99,97,2,2
79757,36,46,-10,10
79758,40,42,-2,2
79759,114,115,-1,1
79760,89,79,10,10
79761,68,72,-4,4
79762,96,83,13,13
79763,120,118,2,2
79764,85,86,-1,1
79765,67,62,5,5
79766,90,89,1,1
79767,59,60,-1,1
79768,86,76,10,10
79769,187,180,7,7
79770,117,110,7,7
79771,50,60,-10,10
79772,90,86,4,4
79773,92,86,6,6
79774,57,64,-7,7
79775,55,56,-1,1
79776,51,63,-12,12
79777,84,91,-7,7
79778,110,112,-2,2
79779,52,66,-14,14
79780,56,66,-10,10
79781,82,82,0,0
79782,141,143,-2,2
79783,104,101,3,3
79784,113,120,-7,7
79785,119,109,10,10
79786,124,122,2,2
79787,79,77,2,2
79788,99,92,7,7
79789,133,120,13,13
79790,53,56,-3,3
79791,88,83,5,5
79792,58,57,1,1
79793,90,92,-2,2
79794,89,96,-7,7
79795,91,100,-9,9
79796,110,109,1,1
79797,77,79,-2,2
79798,71,73,-2,2
79799,77,81,-4,4
79800,115,120,-5,5
79801,62,72,-10,10
79802,167,165,2,2
79803,105,113,-8,8
79804,100,96,4,4
79805,100,109,-9,9
79806,111,118,-7,7
79807,92,87,5,5
79808,162,159,3,3
79809,109,114,-5,5
79810,164,161,3,3
79811,63,57,6,6
79812,67,72,-5,5
79813,158,162,-4,4
79814,82,82,0,0
79815,65,59,6,6
79816,118,110,8,8
79817,87,92,-5,5
79818,159,158,1,1
79819,122,114,8,8
79820,102,101,1,1
79821,63,62,1,1
79822,94,93,1,1
79823,100,108,-8,8
79824,87,71,16,16
79825,98,92,6,6
79826,79,73,6,6
79827,104,97,7,7
79828,115,109,6,6
79829,118,136,-18,18
79830,82,78,4,4
79831,130,123,7,7
79832,98,98,0,0
79833,141,149,-8,8
79834,197,181,16,16
79835,141,145,-4,4
79836,91,91,0,0
79837,80,78,2,2
79838,104,92,12,12
79839,171,166,5,5
79840,292,252,40,40
79841,113,119,-6,6
79842,111,109,2,2
79843,116,117,-1,1
79844,66,63,3,3
79845,146,141,5,5
79846,62,63,-1,1
79847,105,101,4,4
79848,66,66,0,0
79849,59,61,-2,2
79850,74,77,-3,3
79851,91,80,11,11
79852,117,115,2,2
79853,101,103,-2,2
79854,167,173,-6,6
79855,69,69,0,0
79856,120,121,-1,1
79857,119,114,5,5
79858,130,124,6,6
79859,69,65,4,4
79860,97,101,-4,4
79861,76,80,-4,4
79862,183,175,8,8
79863,65,73,-8,8
79864,155,144,11,11
79865,80,80,0,0
79866,107,112,-5,5
79867,46,57,-11,11
79868,95,89,6,6
79869,72,68,4,4
79870,74,81,-7,7
79871,73,75,-2,2
79872,66,60,6,6
79873,76,77,-1,1
79874,75,78,-3,3
79875,36,58,-22,22
79876,82,82,0,0
79877,150,143,7,7
79878,88,94,-6,6
79879,40,44,-4,4
79880,82,82,0,0
79881,166,160,6,6
79882,113,112,1,1
79883,120,123,-3,3
79884,136,132,4,4
79885,53,59,-6,6
79886,233,232,1,1
79887,78,77,1,1
79888,112,112,0,0
79889,103,111,-8,8
79890,100,93,7,7
79891,86,91,-5,5
79892,69,74,-5,5
79893,109,111,-2,2
79894,105,107,-2,2
79895,51,84,-33,33
79896,99,111,-12,12
79897,138,144,-6,6
79898,42,90,-48,48
79899,87,81,6,6
79900,141,139,2,2
79901,75,84,-9,9
79902,96,92,4,4
79903,56,57,-1,1
79904,122,114,8,8
79905,65,67,-2,2
79906,113,99,14,14
79907,67,62,5,5
79908,83,84,-1,1
79909,91,78,13,13
79910,136,137,-1,1
79911,85,80,5,5
79912,66,70,-4,4
79913,79,65,14,14
79914,73,69,4,4
79915,106,103,3,3
79916,76,74,2,2
79917,149,140,9,9
79918,38,52,-14,14
79919,108,101,7,7
79920,91,94,-3,3
79921,105,104,1,1
79922,85,86,-1,1
79923,62,73,-11,11
79924,117,133,-16,16
79925,62,67,-5,5
79926,115,110,5,5
79927,85,71,14,14
79928,150,151,-1,1
79929,132,138,-6,6
79930,74,77,-3,3
79931,44,61,-17,17
79932,152,151,1,1
79933,142,149,-7,7
79934,106,111,-5,5
79935,97,98,-1,1
79936,97,87,10,10
79937,53,62,-9,9
79938,116,121,-5,5
79939,141,140,1,1
79940,109,111,-2,2
79941,90,86,4,4
79942,111,113,-2,2
79943,186,186,0,0
79944,133,129,4,4
79945,83,78,5,5
79946,69,81,-12,12
79947,73,74,-1,1
79948,154,144,10,10
79949,93,108,-15,15
79950,87,85,2,2
79951,126,133,-7,7
79952,91,92,-1,1
79953,79,81,-2,2
79954,82,88,-6,6
79955,112,91,21,21
79956,72,65,7,7
79957,179,181,-2,2
79958,67,74,-7,7
79959,61,80,-19,19
79960,134,127,7,7
79961,129,118,11,11
79962,79,75,4,4
79963,95,97,-2,2
79964,147,139,8,8
79965,86,94,-8,8
79966,64,66,-2,2
79967,73,81,-8,8
79968,60,59,1,1
79969,122,127,-5,5
79970,91,95,-4,4
79971,78,86,-8,8
79972,69,78,-9,9
79973,64,81,-17,17
79974,120,115,5,5
79975,101,101,0,0
79976,51,53,-2,2
79977,80,86,-6,6
79978,100,135,-35,35
79979,104,109,-5,5
79980,69,75,-6,6
79981,94,95,-1,1
79982,110,122,-12,12
79983,157,158,-1,1
79984,56,61,-5,5
79985,118,121,-3,3
79986,29,26,3,3
79987,110,139,-29,29
79988,102,104,-2,2
79989,78,79,-1,1
79990,116,130,-14,14
79991,129,127,2,2
79992,124,133,-9,9
79993,69,84,-15,15
79994,94,96,-2,2
79995,105,97,8,8
79996,127,142,-15,15
79997,99,98,1,1
79998,106,95,11,11
79999,45,44,1,1
80000,73,69,4,4
80001,57,51,6,6
80002,71,70,1,1
80003,84,84,0,0
80004,91,94,-3,3
80005,93,91,2,2
80006,75,79,-4,4
80007,98,91,7,7
80008,76,73,3,3
80009,87,83,4,4
80010,100,110,-10,10
80011,101,96,5,5
80012,63,76,-13,13
80013,94,82,12,12
80014,58,62,-4,4
80015,77,67,10,10
80016,136,128,8,8
80017,86,93,-7,7
80018,109,102,7,7
80019,77,73,4,4
80020,146,140,6,6
80021,128,127,1,1
80022,164,158,6,6
80023,71,74,-3,3
80024,147,148,-1,1
80025,96,92,4,4
80026,65,66,-1,1
80027,95,93,2,2
80028,84,85,-1,1
80029,104,100,4,4
80030,75,78,-3,3
80031,168,162,6,6
80032,200,181,19,19
80033,153,156,-3,3
80034,171,171,0,0
80035,111,121,-10,10
80036,65,74,-9,9
80037,85,94,-9,9
80038,98,87,11,11
80039,111,112,-1,1
80040,112,110,2,2
80041,113,110,3,3
80042,148,135,13,13
80043,115,115,0,0
80044,63,71,-8,8
80045,95,89,6,6
80046,98,100,-2,2
80047,117,119,-2,2
80048,144,137,7,7
80049,115,125,-10,10
80050,124,120,4,4
80051,115,119,-4,4
80052,93,97,-4,4
80053,83,83,0,0
80054,83,84,-1,1
80055,106,108,-2,2
80056,104,108,-4,4
80057,149,165,-16,16
80058,94,98,-4,4
80059,61,65,-4,4
80060,63,74,-11,11
80061,98,97,1,1
80062,70,78,-8,8
80063,96,103,-7,7
80064,89,84,5,5
80065,120,144,-24,24
80066,85,77,8,8
80067,159,138,21,21
80068,144,145,-1,1
80069,63,67,-4,4
80070,102,100,2,2
80071,119,113,6,6
80072,106,110,-4,4
80073,88,73,15,15
80074,54,56,-2,2
80075,58,61,-3,3
80076,130,114,16,16
80077,168,156,12,12
80078,73,72,1,1
80079,133,136,-3,3
80080,98,100,-2,2
80081,86,81,5,5
80082,81,82,-1,1
80083,83,84,-1,1
80084,59,63,-4,4
80085,43,49,-6,6
80086,80,81,-1,1
80087,73,76,-3,3
80088,86,86,0,0
80089,89,116,-27,27
80090,77,80,-3,3
80091,59,56,3,3
80092,64,93,-29,29
80093,82,76,6,6
80094,47,50,-3,3
80095,99,82,17,17
80096,104,109,-5,5
80097,62,68,-6,6
80098,70,76,-6,6
80099,65,68,-3,3
80100,79,79,0,0
80101,86,85,1,1
80102,105,102,3,3
80103,91,90,1,1
80104,117,109,8,8
80105,43,50,-7,7
80106,171,166,5,5
80107,115,115,0,0
80108,111,114,-3,3
80109,73,75,-2,2
80110,118,114,4,4
80111,84,77,7,7
80112,96,100,-4,4
80113,115,117,-2,2
80114,172,174,-2,2
80115,138,135,3,3
80116,130,122,8,8
80117,142,136,6,6
80118,92,95,-3,3
80119,71,64,7,7
80120,42,44,-2,2
80121,93,89,4,4
80122,116,109,7,7
80123,90,76,14,14
80124,74,78,-4,4
80125,56,63,-7,7
80126,139,125,14,14
80127,76,83,-7,7
80128,97,107,-10,10
80129,88,92,-4,4
80130,70,70,0,0
80131,148,142,6,6
80132,70,69,1,1
80133,112,114,-2,2
80134,81,67,14,14
80135,52,56,-4,4
80136,95,98,-3,3
80137,80,82,-2,2
80138,46,52,-6,6
80139,50,51,-1,1
80140,129,128,1,1
80141,90,92,-2,2
80142,132,115,17,17
80143,143,140,3,3
80144,130,149,-19,19
80145,147,139,8,8
80146,103,96,7,7
80147,61,63,-2,2
80148,88,92,-4,4
80149,158,150,8,8
80150,50,56,-6,6
80151,115,112,3,3
80152,86,89,-3,3
80153,95,92,3,3
80154,135,143,-8,8
80155,84,88,-4,4
80156,116,135,-19,19
80157,31,39,-8,8
80158,86,87,-1,1
80159,87,80,7,7
80160,99,89,10,10
80161,61,68,-7,7
80162,66,63,3,3
80163,99,97,2,2
80164,83,71,12,12
80165,63,62,1,1
80166,85,78,7,7
80167,90,90,0,0
80168,114,112,2,2
80169,77,77,0,0
80170,74,79,-5,5
80171,85,84,1,1
80172,49,78,-29,29
80173,29,40,-11,11
80174,77,72,5,5
80175,70,76,-6,6
80176,72,79,-7,7
80177,67,86,-19,19
80178,73,73,0,0
80179,112,100,12,12
80180,153,155,-2,2
80181,120,120,0,0
80182,96,96,0,0
80183,104,98,6,6
80184,74,80,-6,6
80185,50,46,4,4
80186,74,73,1,1
80187,91,85,6,6
80188,100,99,1,1
80189,45,59,-14,14
80190,96,97,-1,1
80191,57,57,0,0
80192,117,111,6,6
80193,116,114,2,2
80194,117,123,-6,6
80195,85,90,-5,5
80196,90,94,-4,4
80197,120,108,12,12
80198,63,73,-10,10
80199,131,149,-18,18
80200,55,59,-4,4
80201,159,165,-6,6
80202,95,87,8,8
80203,91,90,1,1
80204,52,55,-3,3
80205,73,67,6,6
80206,107,108,-1,1
80207,73,77,-4,4
80208,144,136,8,8
80209,101,108,-7,7
80210,84,78,6,6
80211,72,77,-5,5
80212,100,114,-14,14
80213,57,59,-2,2
80214,89,81,8,8
80215,85,84,1,1
80216,136,137,-1,1
80217,104,111,-7,7
80218,180,167,13,13
80219,88,86,2,2
80220,81,90,-9,9
80221,98,97,1,1
80222,63,57,6,6
80223,81,93,-12,12
80224,132,142,-10,10
80225,139,138,1,1
80226,156,143,13,13
80227,94,95,-1,1
80228,113,119,-6,6
80229,155,175,-20,20
80230,106,93,13,13
80231,71,72,-1,1
80232,98,108,-10,10
80233,48,132,-84,84
80234,54,56,-2,2
80235,86,82,4,4
80236,103,108,-5,5
80237,148,138,10,10
80238,73,69,4,4
80239,135,145,-10,10
80240,93,92,1,1
80241,137,140,-3,3
80242,82,81,1,1
80243,78,71,7,7
80244,95,97,-2,2
80245,74,72,2,2
80246,95,96,-1,1
80247,64,66,-2,2
80248,100,109,-9,9
80249,95,99,-4,4
80250,28,45,-17,17
80251,38,43,-5,5
80252,92,90,2,2
80253,134,138,-4,4
80254,68,71,-3,3
80255,117,112,5,5
80256,118,112,6,6
80257,79,72,7,7
80258,61,64,-3,3
80259,132,123,9,9
80260,98,110,-12,12
80261,70,76,-6,6
80262,117,112,5,5
80263,61,56,5,5
80264,69,72,-3,3
80265,76,68,8,8
80266,56,62,-6,6
80267,108,103,5,5
80268,70,69,1,1
80269,53,53,0,0
80270,94,96,-2,2
80271,158,155,3,3
80272,146,146,0,0
80273,94,97,-3,3
80274,48,52,-4,4
80275,85,90,-5,5
80276,117,108,9,9
80277,119,111,8,8
80278,72,77,-5,5
80279,103,108,-5,5
80280,85,85,0,0
80281,121,110,11,11
80282,66,72,-6,6
80283,177,186,-9,9
80284,85,81,4,4
80285,151,157,-6,6
80286,57,53,4,4
80287,83,74,9,9
80288,68,67,1,1
80289,118,121,-3,3
80290,70,68,2,2
80291,30,47,-17,17
80292,94,98,-4,4
80293,68,72,-4,4
80294,153,157,-4,4
80295,81,77,4,4
80296,106,103,3,3
80297,93,82,11,11
80298,152,155,-3,3
80299,117,118,-1,1
80300,121,118,3,3
80301,104,111,-7,7
80302,130,120,10,10
80303,113,111,2,2
80304,108,98,10,10
80305,110,103,7,7
80306,76,85,-9,9
80307,119,115,4,4
80308,79,70,9,9
80309,96,96,0,0
80310,74,86,-12,12
80311,71,66,5,5
80312,79,70,9,9
80313,62,64,-2,2
80314,67,70,-3,3
80315,149,130,19,19
80316,70,73,-3,3
80317,87,84,3,3
80318,302,267,35,35
80319,51,57,-6,6
80320,73,70,3,3
80321,47,50,-3,3
80322,138,125,13,13
80323,155,150,5,5
80324,67,72,-5,5
80325,118,123,-5,5
80326,73,78,-5,5
80327,67,70,-3,3
80328,43,53,-10,10
80329,101,109,-8,8
80330,89,82,7,7
80331,67,72,-5,5
80332,148,150,-2,2
80333,131,127,4,4
80334,73,65,8,8
80335,135,143,-8,8
80336,71,78,-7,7
80337,71,70,1,1
80338,108,93,15,15
80339,131,122,9,9
80340,115,133,-18,18
80341,56,66,-10,10
80342,84,80,4,4
80343,92,98,-6,6
80344,38,38,0,0
80345,134,119,15,15
80346,75,76,-1,1
80347,124,111,13,13
80348,126,126,0,0
80349,103,116,-13,13
80350,57,50,7,7
80351,82,91,-9,9
80352,113,114,-1,1
80353,103,114,-11,11
80354,119,103,16,16
80355,259,274,-15,15
80356,87,84,3,3
80357,180,153,27,27
80358,84,91,-7,7
80359,110,120,-10,10
80360,116,110,6,6
80361,114,115,-1,1
80362,124,136,-12,12
80363,92,84,8,8
80364,86,91,-5,5
80365,85,87,-2,2
80366,65,68,-3,3
80367,73,73,0,0
80368,72,76,-4,4
80369,108,110,-2,2
80370,47,54,-7,7
80371,96,98,-2,2
80372,66,70,-4,4
80373,70,76,-6,6
80374,134,128,6,6
80375,47,49,-2,2
80376,50,55,-5,5
80377,69,77,-8,8
80378,82,84,-2,2
80379,103,97,6,6
80380,79,74,5,5
80381,82,83,-1,1
80382,77,86,-9,9
80383,77,83,-6,6
80384,99,97,2,2
80385,99,99,0,0
80386,156,164,-8,8
80387,82,78,4,4
80388,123,118,5,5
80389,75,69,6,6
80390,47,53,-6,6
80391,32,42,-10,10
80392,72,75,-3,3
80393,92,88,4,4
80394,128,108,20,20
80395,100,108,-8,8
80396,78,84,-6,6
80397,141,135,6,6
80398,361,299,62,62
80399,142,129,13,13
80400,28,56,-28,28
80401,53,53,0,0
80402,80,83,-3,3
80403,81,85,-4,4
80404,181,158,23,23
80405,55,64,-9,9
80406,81,78,3,3
80407,58,62,-4,4
80408,28,34,-6,6
80409,76,81,-5,5
80410,77,84,-7,7
80411,125,121,4,4
80412,89,100,-11,11
80413,91,88,3,3
80414,103,110,-7,7
80415,97,99,-2,2
80416,90,81,9,9
80417,69,67,2,2
80418,140,141,-1,1
80419,59,54,5,5
80420,140,135,5,5
80421,119,124,-5,5
80422,86,92,-6,6
80423,71,70,1,1
80424,179,172,7,7
80425,119,101,18,18
80426,115,110,5,5
80427,61,64,-3,3
80428,160,162,-2,2
80429,127,128,-1,1
80430,186,187,-1,1
80431,95,99,-4,4
80432,73,78,-5,5
80433,86,78,8,8
80434,64,71,-7,7
80435,164,156,8,8
80436,80,78,2,2
80437,107,124,-17,17
80438,138,131,7,7
80439,95,94,1,1
80440,161,150,11,11
80441,81,78,3,3
80442,118,118,0,0
80443,102,98,4,4
80444,79,79,0,0
80445,83,82,1,1
80446,96,82,14,14
80447,99,101,-2,2
80448,101,98,3,3
80449,73,74,-1,1
80450,151,141,10,10
80451,86,93,-7,7
80452,107,107,0,0
80453,102,96,6,6
80454,87,87,0,0
80455,110,109,1,1
80456,75,80,-5,5
80457,68,87,-19,19
80458,88,93,-5,5
80459,84,78,6,6
80460,81,79,2,2
80461,78,80,-2,2
80462,73,73,0,0
80463,103,93,10,10
80464,175,165,10,10
80465,122,121,1,1
80466,106,101,5,5
80467,53,50,3,3
80468,120,119,1,1
80469,135,134,1,1
80470,96,92,4,4
80471,69,70,-1,1
80472,86,85,1,1
80473,94,97,-3,3
80474,46,53,-7,7
80475,93,92,1,1
80476,111,116,-5,5
80477,54,55,-1,1
80478,63,67,-4,4
80479,59,68,-9,9
80480,61,67,-6,6
80481,68,65,3,3
80482,140,122,18,18
80483,79,74,5,5
80484,148,151,-3,3
80485,114,114,0,0
80486,77,84,-7,7
80487,95,83,12,12
80488,53,50,3,3
80489,102,109,-7,7
80490,150,155,-5,5
80491,142,123,19,19
80492,123,128,-5,5
80493,85,79,6,6
80494,86,80,6,6
80495,106,96,10,10
80496,123,119,4,4
80497,99,97,2,2
80498,78,69,9,9
80499,74,72,2,2
80500,83,78,5,5
80501,68,92,-24,24
80502,100,109,-9,9
80503,71,65,6,6
80504,85,73,12,12
80505,105,101,4,4
80506,132,130,2,2
80507,109,99,10,10
80508,95,92,3,3
80509,101,97,4,4
80510,49,59,-10,10
80511,37,40,-3,3
80512,80,84,-4,4
80513,66,57,9,9
80514,70,71,-1,1
80515,93,84,9,9
80516,54,59,-5,5
80517,99,109,-10,10
80518,100,99,1,1
80519,143,141,2,2
80520,67,61,6,6
80521,69,67,2,2
80522,72,89,-17,17
80523,88,93,-5,5
80524,116,91,25,25
80525,103,104,-1,1
80526,129,134,-5,5
80527,112,112,0,0
80528,47,47,0,0
80529,80,77,3,3
80530,87,81,6,6
80531,102,105,-3,3
80532,111,113,-2,2
80533,113,116,-3,3
80534,85,77,8,8
80535,57,62,-5,5
80536,110,108,2,2
80537,91,93,-2,2
80538,127,122,5,5
80539,71,72,-1,1
80540,110,107,3,3
80541,143,142,1,1
80542,90,93,-3,3
80543,122,114,8,8
80544,124,116,8,8
80545,53,53,0,0
80546,77,81,-4,4
80547,35,39,-4,4
80548,63,74,-11,11
80549,115,110,5,5
80550,128,125,3,3
80551,99,102,-3,3
80552,90,96,-6,6
80553,80,77,3,3
80554,98,96,2,2
80555,95,92,3,3
80556,138,139,-1,1
80557,84,81,3,3
80558,129,135,-6,6
80559,101,92,9,9
80560,109,92,17,17
80561,142,144,-2,2
80562,72,57,15,15
80563,110,110,0,0
80564,52,49,3,3
80565,66,85,-19,19
80566,69,71,-2,2
80567,79,73,6,6
80568,69,71,-2,2
80569,97,94,3,3
80570,96,89,7,7
80571,105,107,-2,2
80572,144,137,7,7
80573,129,123,6,6
80574,75,78,-3,3
80575,111,109,2,2
80576,149,143,6,6
80577,110,102,8,8
80578,73,73,0,0
80579,58,63,-5,5
80580,47,49,-2,2
80581,82,86,-4,4
80582,70,69,1,1
80583,124,103,21,21
80584,78,78,0,0
80585,136,127,9,9
80586,147,153,-6,6
80587,84,98,-14,14
80588,121,114,7,7
80589,63,56,7,7
80590,94,92,2,2
80591,125,133,-8,8
80592,82,91,-9,9
80593,158,144,14,14
80594,67,73,-6,6
80595,61,70,-9,9
80596,119,119,0,0
80597,65,69,-4,4
80598,86,90,-4,4
80599,98,85,13,13
80600,143,145,-2,2
80601,105,109,-4,4
80602,113,128,-15,15
80603,77,74,3,3
80604,107,115,-8,8
80605,58,58,0,0
80606,145,145,0,0
80607,52,65,-13,13
80608,109,99,10,10
80609,71,70,1,1
80610,64,68,-4,4
80611,129,119,10,10
80612,83,89,-6,6
80613,40,58,-18,18
80614,102,111,-9,9
80615,65,61,4,4
80616,100,86,14,14
80617,131,128,3,3
80618,90,87,3,3
80619,92,96,-4,4
80620,67,79,-12,12
80621,121,118,3,3
80622,126,115,11,11
80623,93,94,-1,1
80624,157,153,4,4
80625,89,85,4,4
80626,53,63,-10,10
80627,96,89,7,7
80628,111,101,10,10
80629,121,115,6,6
80630,67,79,-12,12
80631,59,58,1,1
80632,88,89,-1,1
80633,71,81,-10,10
80634,57,58,-1,1
80635,118,113,5,5
80636,78,72,6,6
80637,118,113,5,5
80638,85,83,2,2
80639,102,108,-6,6
80640,69,73,-4,4
80641,179,181,-2,2
80642,94,111,-17,17
80643,100,99,1,1
80644,91,84,7,7
80645,139,148,-9,9
80646,77,80,-3,3
80647,64,66,-2,2
80648,64,65,-1,1
80649,137,138,-1,1
80650,113,110,3,3
80651,93,83,10,10
80652,100,104,-4,4
80653,88,85,3,3
80654,87,85,2,2
80655,144,141,3,3
80656,41,52,-11,11
80657,51,58,-7,7
80658,78,73,5,5
80659,72,70,2,2
80660,66,64,2,2
80661,58,66,-8,8
80662,123,127,-4,4
80663,90,83,7,7
80664,56,52,4,4
80665,98,83,15,15
80666,91,92,-1,1
80667,126,119,7,7
80668,68,52,16,16
80669,117,110,7,7
80670,46,54,-8,8
80671,71,77,-6,6
80672,111,110,1,1
80673,89,83,6,6
80674,58,63,-5,5
80675,104,108,-4,4
80676,110,101,9,9
80677,101,100,1,1
80678,203,221,-18,18
80679,90,92,-2,2
80680,82,79,3,3
80681,133,119,14,14
80682,67,71,-4,4
80683,75,76,-1,1
80684,90,82,8,8
80685,91,84,7,7
80686,91,92,-1,1
80687,67,70,-3,3
80688,122,118,4,4
80689,59,64,-5,5
80690,40,48,-8,8
80691,104,96,8,8
80692,118,121,-3,3
80693,92,82,10,10
80694,157,163,-6,6
80695,65,67,-2,2
80696,60,66,-6,6
80697,100,95,5,5
80698,31,38,-7,7
80699,94,90,4,4
80700,45,48,-3,3
80701,109,101,8,8
80702,85,74,11,11
80703,86,93,-7,7
80704,185,172,13,13
80705,97,92,5,5
80706,69,60,9,9
80707,194,187,7,7
80708,63,77,-14,14
80709,141,142,-1,1
80710,87,76,11,11
80711,131,125,6,6
80712,152,142,10,10
80713,96,92,4,4
80714,111,111,0,0
80715,92,79,13,13
80716,108,107,1,1
80717,83,79,4,4
80718,52,56,-4,4
80719,103,108,-5,5
80720,189,177,12,12
80721,80,65,15,15
80722,149,142,7,7
80723,146,137,9,9
80724,66,62,4,4
80725,38,43,-5,5
80726,124,133,-9,9
80727,55,58,-3,3
80728,141,114,27,27
80729,83,117,-34,34
80730,144,153,-9,9
80731,127,132,-5,5
80732,80,72,8,8
80733,125,118,7,7
80734,115,113,2,2
80735,79,79,0,0
80736,73,75,-2,2
80737,92,75,17,17
80738,84,86,-2,2
80739,103,102,1,1
80740,104,111,-7,7
80741,101,104,-3,3
80742,92,99,-7,7
80743,169,157,12,12
80744,53,54,-1,1
80745,114,102,12,12
80746,138,139,-1,1
80747,86,84,2,2
80748,85,85,0,0
80749,147,145,2,2
80750,58,65,-7,7
80751,128,126,2,2
80752,65,70,-5,5
80753,89,86,3,3
80754,95,98,-3,3
80755,84,81,3,3
80756,115,110,5,5
80757,142,137,5,5
80758,120,115,5,5
80759,102,105,-3,3
80760,121,144,-23,23
80761,48,54,-6,6
80762,127,101,26,26
80763,76,70,6,6
80764,133,126,7,7
80765,108,108,0,0
80766,67,64,3,3
80767,33,36,-3,3
80768,148,131,17,17
80769,115,101,14,14
80770,68,101,-33,33
80771,132,142,-10,10
80772,167,156,11,11
80773,145,157,-12,12
80774,126,126,0,0
80775,72,67,5,5
80776,108,116,-8,8
80777,75,78,-3,3
80778,66,74,-8,8
80779,72,70,2,2
80780,99,92,7,7
80781,67,67,0,0
80782,113,114,-1,1
80783,108,100,8,8
80784,94,90,4,4
80785,57,66,-9,9
80786,97,84,13,13
80787,64,68,-4,4
80788,127,125,2,2
80789,90,84,6,6
80790,185,180,5,5
80791,110,97,13,13
80792,59,64,-5,5
80793,119,105,14,14
80794,88,97,-9,9
80795,196,180,16,16
80796,95,96,-1,1
80797,69,76,-7,7
80798,159,163,-4,4
80799,66,84,-18,18
80800,100,87,13,13
80801,90,96,-6,6
80802,71,69,2,2
80803,63,64,-1,1
80804,104,93,11,11
80805,64,72,-8,8
80806,67,74,-7,7
80807,71,74,-3,3
80808,155,144,11,11
80809,89,82,7,7
80810,128,125,3,3
80811,95,98,-3,3
80812,51,52,-1,1
80813,118,116,2,2
80814,102,99,3,3
80815,124,124,0,0
80816,68,69,-1,1
80817,50,50,0,0
80818,86,90,-4,4
80819,89,89,0,0
80820,113,108,5,5
80821,126,122,4,4
80822,64,77,-13,13
80823,120,121,-1,1
80824,62,69,-7,7
80825,73,88,-15,15
80826,145,143,2,2
80827,63,64,-1,1
80828,80,86,-6,6
80829,82,82,0,0
80830,41,38,3,3
80831,93,95,-2,2
80832,107,108,-1,1
80833,60,61,-1,1
80834,93,87,6,6
80835,97,96,1,1
80836,90,91,-1,1
80837,111,116,-5,5
80838,57,59,-2,2
80839,75,72,3,3
80840,54,63,-9,9
80841,55,70,-15,15
80842,84,86,-2,2
80843,95,93,2,2
80844,101,90,11,11
80845,91,90,1,1
80846,65,66,-1,1
80847,59,60,-1,1
80848,112,113,-1,1
80849,164,162,2,2
80850,61,67,-6,6
80851,75,78,-3,3
80852,149,144,5,5
80853,152,140,12,12
80854,65,68,-3,3
80855,90,86,4,4
80856,96,100,-4,4
80857,105,108,-3,3
80858,75,76,-1,1
80859,61,61,0,0
80860,102,96,6,6
80861,96,89,7,7
80862,96,85,11,11
80863,89,86,3,3
80864,100,95,5,5
80865,96,86,10,10
80866,57,62,-5,5
80867,67,73,-6,6
80868,148,147,1,1
80869,108,109,-1,1
80870,50,49,1,1
80871,151,142,9,9
80872,72,78,-6,6
80873,55,60,-5,5
80874,166,144,22,22
80875,75,79,-4,4
80876,154,138,16,16
80877,71,77,-6,6
80878,77,80,-3,3
80879,72,64,8,8
80880,79,83,-4,4
80881,166,154,12,12
80882,72,73,-1,1
80883,91,90,1,1
80884,80,85,-5,5
80885,111,88,23,23
80886,81,88,-7,7
80887,74,77,-3,3
80888,129,124,5,5
80889,120,114,6,6
80890,79,76,3,3
80891,95,81,14,14
80892,82,88,-6,6
80893,124,116,8,8
80894,73,72,1,1
80895,328,441,-113,113
80896,95,90,5,5
80897,90,84,6,6
80898,105,109,-4,4
80899,131,128,3,3
80900,96,90,6,6
80901,64,58,6,6
80902,129,111,18,18
80903,84,74,10,10
80904,126,120,6,6
80905,132,126,6,6
80906,108,110,-2,2
80907,74,70,4,4
80908,122,120,2,2
80909,96,111,-15,15
80910,172,181,-9,9
80911,150,141,9,9
80912,82,83,-1,1
80913,119,122,-3,3
80914,42,45,-3,3
80915,125,113,12,12
80916,47,42,5,5
80917,78,69,9,9
80918,51,56,-5,5
80919,56,63,-7,7
80920,100,111,-11,11
80921,105,105,0,0
80922,241,193,48,48
80923,148,137,11,11
80924,49,49,0,0
80925,116,115,1,1
80926,45,43,2,2
80927,89,80,9,9
80928,83,86,-3,3
80929,106,108,-2,2
80930,84,97,-13,13
80931,82,78,4,4
80932,69,73,-4,4
80933,87,87,0,0
80934,85,108,-23,23
80935,75,69,6,6
80936,142,143,-1,1
80937,84,84,0,0
80938,112,95,17,17
80939,74,77,-3,3
80940,82,86,-4,4
80941,96,98,-2,2
80942,106,104,2,2
80943,41,47,-6,6
80944,70,63,7,7
80945,62,64,-2,2
80946,108,113,-5,5
80947,115,108,7,7
80948,79,76,3,3
80949,101,106,-5,5
80950,73,70,3,3
80951,69,70,-1,1
80952,42,44,-2,2
80953,130,126,4,4
80954,74,67,7,7
80955,69,70,-1,1
80956,112,106,6,6
80957,95,97,-2,2
80958,56,59,-3,3
80959,98,91,7,7
80960,93,97,-4,4
80961,93,89,4,4
80962,99,103,-4,4
80963,137,128,9,9
80964,127,129,-2,2
80965,82,81,1,1
80966,58,70,-12,12
80967,83,77,6,6
80968,130,121,9,9
80969,99,83,16,16
80970,134,133,1,1
80971,134,125,9,9
80972,73,69,4,4
80973,98,112,-14,14
80974,56,57,-1,1
80975,106,112,-6,6
80976,157,147,10,10
80977,70,67,3,3
80978,105,102,3,3
80979,108,115,-7,7
80980,65,70,-5,5
80981,82,78,4,4
80982,75,78,-3,3
80983,88,91,-3,3
80984,79,81,-2,2
80985,85,91,-6,6
80986,98,92,6,6
80987,70,70,0,0
80988,132,137,-5,5
80989,121,109,12,12
80990,120,137,-17,17
80991,131,121,10,10
80992,100,105,-5,5
80993,103,101,2,2
80994,89,80,9,9
80995,87,88,-1,1
80996,63,68,-5,5
80997,101,98,3,3
80998,80,74,6,6
80999,60,59,1,1
81000,53,57,-4,4
81001,147,135,12,12
81002,83,83,0,0
81003,91,90,1,1
81004,120,114,6,6
81005,79,77,2,2
81006,66,61,5,5
81007,126,108,18,18
81008,155,143,12,12
81009,73,74,-1,1
81010,75,71,4,4
81011,110,112,-2,2
81012,87,86,1,1
81013,92,90,2,2
81014,133,138,-5,5
81015,100,94,6,6
81016,89,89,0,0
81017,73,75,-2,2
81018,56,53,3,3
81019,117,103,14,14
81020,77,52,25,25
81021,58,55,3,3
81022,132,132,0,0
81023,149,128,21,21
81024,60,57,3,3
81025,88,81,7,7
81026,118,111,7,7
81027,71,77,-6,6
81028,158,156,2,2
81029,143,132,11,11
81030,63,72,-9,9
81031,49,59,-10,10
81032,111,110,1,1
81033,121,122,-1,1
81034,97,87,10,10
81035,116,117,-1,1
81036,58,59,-1,1
81037,66,57,9,9
81038,63,58,5,5
81039,54,49,5,5
81040,83,85,-2,2
81041,66,69,-3,3
81042,48,52,-4,4
81043,69,77,-8,8
81044,39,71,-32,32
81045,158,129,29,29
81046,48,54,-6,6
81047,63,62,1,1
81048,93,99,-6,6
81049,87,77,10,10
81050,64,55,9,9
81051,148,120,28,28
81052,58,60,-2,2
81053,51,62,-11,11
81054,53,60,-7,7
81055,138,136,2,2
81056,75,77,-2,2
81057,94,95,-1,1
81058,49,61,-12,12
81059,132,140,-8,8
81060,98,94,4,4
81061,97,104,-7,7
81062,100,93,7,7
81063,107,98,9,9
81064,65,59,6,6
81065,67,65,2,2
81066,54,56,-2,2
81067,123,124,-1,1
81068,133,122,11,11
81069,105,125,-20,20
81070,91,95,-4,4
81071,121,118,3,3
81072,81,88,-7,7
81073,59,67,-8,8
81074,154,137,17,17
81075,85,86,-1,1
81076,80,93,-13,13
81077,181,182,-1,1
81078,112,110,2,2
81079,80,80,0,0
81080,140,126,14,14
81081,92,79,13,13
81082,87,79,8,8
81083,62,66,-4,4
81084,136,126,10,10
81085,74,72,2,2
81086,74,69,5,5
81087,45,47,-2,2
81088,87,87,0,0
81089,81,76,5,5
81090,37,37,0,0
81091,73,71,2,2
81092,81,83,-2,2
81093,119,118,1,1
81094,139,138,1,1
81095,106,110,-4,4
81096,105,103,2,2
81097,129,128,1,1
81098,97,102,-5,5
81099,94,118,-24,24
81100,89,111,-22,22
81101,84,81,3,3
81102,182,163,19,19
81103,44,51,-7,7
81104,98,91,7,7
81105,83,78,5,5
81106,159,150,9,9
81107,61,62,-1,1
81108,145,124,21,21
81109,113,134,-21,21
81110,74,77,-3,3
81111,44,45,-1,1
81112,70,80,-10,10
81113,87,109,-22,22
81114,156,142,14,14
81115,78,78,0,0
81116,99,88,11,11
81117,120,112,8,8
81118,100,114,-14,14
81119,90,84,6,6
81120,90,94,-4,4
81121,126,128,-2,2
81122,59,50,9,9
81123,82,81,1,1
81124,71,89,-18,18
81125,87,79,8,8
81126,72,79,-7,7
81127,112,108,4,4
81128,65,64,1,1
81129,68,70,-2,2
81130,62,67,-5,5
81131,130,130,0,0
81132,60,59,1,1
81133,100,109,-9,9
81134,48,52,-4,4
81135,97,96,1,1
81136,85,79,6,6
81137,143,118,25,25
81138,112,114,-2,2
81139,70,74,-4,4
81140,107,119,-12,12
81141,103,100,3,3
81142,79,71,8,8
81143,65,59,6,6
81144,74,68,6,6
81145,62,65,-3,3
81146,146,144,2,2
81147,138,133,5,5
81148,109,110,-1,1
81149,57,55,2,2
81150,81,84,-3,3
81151,100,99,1,1
81152,55,62,-7,7
81153,71,75,-4,4
81154,137,126,11,11
81155,173,166,7,7
81156,53,60,-7,7
81157,69,68,1,1
81158,115,99,16,16
81159,71,76,-5,5
81160,129,124,5,5
81161,142,133,9,9
81162,48,54,-6,6
81163,77,78,-1,1
81164,81,89,-8,8
81165,103,96,7,7
81166,75,75,0,0
81167,86,80,6,6
81168,105,110,-5,5
81169,61,56,5,5
81170,109,108,1,1
81171,98,95,3,3
81172,153,154,-1,1
81173,50,58,-8,8
81174,178,164,14,14
81175,85,81,4,4
81176,118,118,0,0
81177,94,85,9,9
81178,116,97,19,19
81179,92,89,3,3
81180,96,94,2,2
81181,44,48,-4,4
81182,96,91,5,5
81183,146,122,24,24
81184,90,76,14,14
81185,86,85,1,1
81186,112,115,-3,3
81187,102,113,-11,11
81188,47,49,-2,2
81189,107,94,13,13
81190,52,64,-12,12
81191,122,122,0,0
81192,84,75,9,9
81193,76,79,-3,3
81194,72,77,-5,5
81195,181,172,9,9
81196,71,73,-2,2
81197,92,98,-6,6
81198,152,147,5,5
81199,133,130,3,3
81200,97,99,-2,2
81201,135,135,0,0
81202,75,80,-5,5
81203,99,98,1,1
81204,92,118,-26,26
81205,113,118,-5,5
81206,65,62,3,3
81207,100,104,-4,4
81208,124,128,-4,4
81209,82,82,0,0
81210,111,118,-7,7
81211,101,97,4,4
81212,60,62,-2,2
81213,141,128,13,13
81214,69,71,-2,2
81215,141,145,-4,4
81216,111,98,13,13
81217,169,164,5,5
81218,126,123,3,3
81219,75,78,-3,3
81220,120,112,8,8
81221,141,147,-6,6
81222,104,120,-16,16
81223,48,56,-8,8
81224,93,91,2,2
81225,140,136,4,4
81226,97,82,15,15
81227,110,106,4,4
81228,45,41,4,4
81229,92,92,0,0
81230,87,76,11,11
81231,90,80,10,10
81232,68,74,-6,6
81233,64,69,-5,5
81234,59,55,4,4
81235,135,131,4,4
81236,52,58,-6,6
81237,121,130,-9,9
81238,78,81,-3,3
81239,97,100,-3,3
81240,64,85,-21,21
81241,113,115,-2,2
81242,83,80,3,3
81243,79,75,4,4
81244,77,85,-8,8
81245,56,66,-10,10
81246,156,148,8,8
81247,134,131,3,3
81248,66,67,-1,1
81249,113,115,-2,2
81250,89,87,2,2
81251,95,101,-6,6
81252,98,98,0,0
81253,137,144,-7,7
81254,113,110,3,3
81255,173,159,14,14
81256,122,119,3,3
81257,92,85,7,7
81258,142,134,8,8
81259,82,85,-3,3
81260,42,43,-1,1
81261,116,137,-21,21
81262,89,87,2,2
81263,140,136,4,4
81264,130,108,22,22
81265,80,79,1,1
81266,113,119,-6,6
81267,60,62,-2,2
81268,143,167,-24,24
81269,86,78,8,8
81270,126,120,6,6
81271,75,69,6,6
81272,120,115,5,5
81273,125,117,8,8
81274,195,181,14,14
81275,71,69,2,2
81276,131,132,-1,1
81277,111,113,-2,2
81278,89,96,-7,7
81279,93,91,2,2
81280,80,79,1,1
81281,80,69,11,11
81282,46,44,2,2
81283,134,126,8,8
81284,83,81,2,2
81285,145,142,3,3
81286,80,80,0,0
81287,82,72,10,10
81288,86,75,11,11
81289,62,70,-8,8
81290,46,51,-5,5
81291,112,110,2,2
81292,99,95,4,4
81293,145,128,17,17
81294,166,167,-1,1
81295,45,51,-6,6
81296,126,110,16,16
81297,89,86,3,3
81298,99,108,-9,9
81299,77,77,0,0
81300,119,102,17,17
81301,93,112,-19,19
81302,102,111,-9,9
81303,62,64,-2,2
81304,57,64,-7,7
81305,63,66,-3,3
81306,56,50,6,6
81307,137,134,3,3
81308,101,96,5,5
81309,90,83,7,7
81310,136,134,2,2
81311,70,68,2,2
81312,81,81,0,0
81313,66,60,6,6
81314,93,89,4,4
81315,73,67,6,6
81316,90,89,1,1
81317,83,81,2,2
81318,89,74,15,15
81319,103,109,-6,6
81320,105,98,7,7
81321,83,104,-21,21
81322,115,118,-3,3
81323,99,98,1,1
81324,85,85,0,0
81325,73,77,-4,4
81326,80,85,-5,5
81327,49,57,-8,8
81328,80,78,2,2
81329,63,64,-1,1
81330,33,36,-3,3
81331,178,182,-4,4
81332,105,130,-25,25
81333,41,56,-15,15
81334,92,97,-5,5
81335,98,94,4,4
81336,71,74,-3,3
81337,30,34,-4,4
81338,62,65,-3,3
81339,126,145,-19,19
81340,102,102,0,0
81341,122,125,-3,3
81342,79,80,-1,1
81343,152,143,9,9
81344,159,144,15,15
81345,161,164,-3,3
81346,71,67,4,4
81347,84,87,-3,3
81348,118,109,9,9
81349,73,72,1,1
81350,118,120,-2,2
81351,102,88,14,14
81352,69,79,-10,10
81353,101,92,9,9
81354,127,121,6,6
81355,84,78,6,6
81356,40,39,1,1
81357,70,69,1,1
81358,135,129,6,6
81359,77,79,-2,2
81360,78,73,5,5
81361,70,70,0,0
81362,73,77,-4,4
81363,85,83,2,2
81364,106,99,7,7
81365,151,144,7,7
81366,153,154,-1,1
81367,133,117,16,16
81368,121,117,4,4
81369,110,110,0,0
81370,71,80,-9,9
81371,98,96,2,2
81372,126,132,-6,6
81373,86,88,-2,2
81374,77,78,-1,1
81375,198,181,17,17
81376,133,132,1,1
81377,124,128,-4,4
81378,90,85,5,5
81379,60,61,-1,1
81380,80,92,-12,12
81381,47,50,-3,3
81382,82,76,6,6
81383,119,97,22,22
81384,66,66,0,0
81385,136,121,15,15
81386,141,132,9,9
81387,50,61,-11,11
81388,71,77,-6,6
81389,98,93,5,5
81390,121,108,13,13
81391,81,90,-9,9
81392,117,116,1,1
81393,112,115,-3,3
81394,94,92,2,2
81395,55,71,-16,16
81396,97,110,-13,13
81397,92,98,-6,6
81398,137,137,0,0
81399,54,56,-2,2
81400,140,138,2,2
81401,138,125,13,13
81402,85,84,1,1
81403,84,89,-5,5
81404,104,100,4,4
81405,113,114,-1,1
81406,109,116,-7,7
81407,76,90,-14,14
81408,79,84,-5,5
81409,65,60,5,5
81410,81,79,2,2
81411,131,117,14,14
81412,204,179,25,25
81413,77,73,4,4
81414,161,139,22,22
81415,97,98,-1,1
81416,110,98,12,12
81417,76,73,3,3
81418,70,67,3,3
81419,122,126,-4,4
81420,52,60,-8,8
81421,121,119,2,2
81422,89,87,2,2
81423,99,89,10,10
81424,62,64,-2,2
81425,117,112,5,5
81426,92,96,-4,4
81427,169,165,4,4
81428,122,116,6,6
81429,88,90,-2,2
81430,94,90,4,4
81431,163,138,25,25
81432,72,73,-1,1
81433,87,94,-7,7
81434,104,115,-11,11
81435,51,57,-6,6
81436,57,54,3,3
81437,149,149,0,0
81438,87,90,-3,3
81439,109,114,-5,5
81440,120,113,7,7
81441,79,70,9,9
81442,129,127,2,2
81443,162,150,12,12
81444,133,131,2,2
81445,82,79,3,3
81446,110,111,-1,1
81447,180,158,22,22
81448,104,107,-3,3
81449,134,124,10,10
81450,114,109,5,5
81451,130,136,-6,6
81452,94,99,-5,5
81453,182,168,14,14
81454,93,95,-2,2
81455,74,77,-3,3
81456,66,68,-2,2
81457,164,238,-74,74
81458,125,167,-42,42
81459,74,80,-6,6
81460,148,147,1,1
81461,69,73,-4,4
81462,98,95,3,3
81463,71,72,-1,1
81464,107,103,4,4
81465,133,121,12,12
81466,72,69,3,3
81467,68,68,0,0
81468,97,90,7,7
81469,185,163,22,22
81470,184,178,6,6
81471,106,116,-10,10
81472,143,146,-3,3
81473,82,95,-13,13
81474,47,56,-9,9
81475,82,76,6,6
81476,97,85,12,12
81477,58,61,-3,3
81478,115,109,6,6
81479,137,118,19,19
81480,112,111,1,1
81481,101,99,2,2
81482,56,56,0,0
81483,80,79,1,1
81484,79,83,-4,4
81485,186,167,19,19
81486,79,73,6,6
81487,80,71,9,9
81488,85,75,10,10
81489,123,113,10,10
81490,94,83,11,11
81491,71,85,-14,14
81492,83,84,-1,1
81493,45,48,-3,3
81494,120,140,-20,20
81495,165,161,4,4
81496,73,74,-1,1
81497,87,82,5,5
81498,80,82,-2,2
81499,132,137,-5,5
81500,82,77,5,5
81501,77,76,1,1
81502,62,68,-6,6
81503,74,76,-2,2
81504,87,91,-4,4
81505,142,138,4,4
81506,119,112,7,7
81507,62,60,2,2
