,original,predict,differ,abs
0,67,67,0,0
1,58,58,0,0
2,88,99,-11,11
3,183,168,15,15
4,81,77,4,4
5,88,95,-7,7
6,83,86,-3,3
7,183,119,64,64
8,81,86,-5,5
9,117,114,3,3
10,64,54,10,10
11,59,59,0,0
12,74,70,4,4
13,100,112,-12,12
14,103,108,-5,5
15,66,61,5,5
16,97,100,-3,3
17,120,100,20,20
18,79,75,4,4
19,110,116,-6,6
20,217,203,14,14
21,156,154,2,2
22,97,78,19,19
23,101,130,-29,29
24,82,70,12,12
25,127,119,8,8
26,112,111,1,1
27,191,165,26,26
28,48,51,-3,3
29,106,123,-17,17
30,133,143,-10,10
31,57,66,-9,9
32,108,102,6,6
33,89,82,7,7
34,50,88,-38,38
35,62,95,-33,33
36,102,95,7,7
37,55,46,9,9
38,89,95,-6,6
39,96,96,0,0
40,70,71,-1,1
41,115,113,2,2
42,82,76,6,6
43,102,99,3,3
44,167,148,19,19
45,82,97,-15,15
46,118,123,-5,5
47,85,79,6,6
48,93,94,-1,1
49,111,90,21,21
50,77,70,7,7
51,136,135,1,1
52,109,95,14,14
53,85,90,-5,5
54,133,122,11,11
55,138,126,12,12
56,100,128,-28,28
57,130,137,-7,7
58,96,95,1,1
59,58,54,4,4
60,115,103,12,12
61,73,74,-1,1
62,135,129,6,6
63,177,172,5,5
64,96,97,-1,1
65,77,74,3,3
66,84,81,3,3
67,105,84,21,21
68,193,176,17,17
69,143,146,-3,3
70,111,100,11,11
71,104,86,18,18
72,265,209,56,56
73,88,92,-4,4
74,78,82,-4,4
75,58,52,6,6
76,86,81,5,5
77,59,59,0,0
78,139,151,-12,12
79,96,90,6,6
80,90,87,3,3
81,83,69,14,14
82,133,114,19,19
83,141,141,0,0
84,72,65,7,7
85,75,78,-3,3
86,43,58,-15,15
87,68,69,-1,1
88,170,133,37,37
89,92,110,-18,18
90,64,89,-25,25
91,101,114,-13,13
92,82,85,-3,3
93,81,71,10,10
94,75,72,3,3
95,99,100,-1,1
96,45,55,-10,10
97,186,194,-8,8
98,127,141,-14,14
99,100,100,0,0
100,66,58,8,8
101,129,104,25,25
102,107,117,-10,10
103,128,120,8,8
104,90,92,-2,2
105,68,67,1,1
106,107,117,-10,10
107,90,87,3,3
108,89,84,5,5
109,70,68,2,2
110,174,143,31,31
111,90,82,8,8
112,76,71,5,5
113,67,67,0,0
114,76,83,-7,7
115,168,158,10,10
116,91,89,2,2
117,103,112,-9,9
118,91,83,8,8
119,67,76,-9,9
120,118,116,2,2
121,51,52,-1,1
122,76,84,-8,8
123,110,116,-6,6
124,99,81,18,18
125,96,91,5,5
126,169,149,20,20
127,89,101,-12,12
128,94,96,-2,2
129,123,140,-17,17
130,186,157,29,29
131,132,141,-9,9
132,102,78,24,24
133,78,71,7,7
134,129,119,10,10
135,116,103,13,13
136,136,134,2,2
137,131,133,-2,2
138,105,106,-1,1
139,69,78,-9,9
140,66,51,15,15
141,127,114,13,13
142,127,126,1,1
143,66,81,-15,15
144,112,114,-2,2
145,115,112,3,3
146,98,89,9,9
147,69,64,5,5
148,93,81,12,12
149,121,134,-13,13
150,92,89,3,3
151,73,62,11,11
152,139,141,-2,2
153,80,76,4,4
154,89,87,2,2
155,67,72,-5,5
156,66,68,-2,2
157,81,88,-7,7
158,59,64,-5,5
159,128,124,4,4
160,109,101,8,8
161,50,53,-3,3
162,74,68,6,6
163,80,79,1,1
164,132,132,0,0
165,51,57,-6,6
166,115,111,4,4
167,70,92,-22,22
168,159,148,11,11
169,151,151,0,0
170,94,83,11,11
171,81,101,-20,20
172,77,71,6,6
173,42,42,0,0
174,135,155,-20,20
175,106,93,13,13
176,50,53,-3,3
177,162,146,16,16
178,130,111,19,19
179,120,103,17,17
180,84,80,4,4
181,76,87,-11,11
182,67,66,1,1
183,75,75,0,0
184,39,36,3,3
185,119,121,-2,2
186,55,60,-5,5
187,90,77,13,13
188,124,133,-9,9
189,171,163,8,8
190,70,61,9,9
191,137,142,-5,5
192,127,133,-6,6
193,143,157,-14,14
194,195,161,34,34
195,112,100,12,12
196,43,49,-6,6
197,114,108,6,6
198,111,130,-19,19
199,80,75,5,5
200,128,109,19,19
201,176,177,-1,1
202,64,58,6,6
203,142,136,6,6
204,100,96,4,4
205,63,58,5,5
206,145,144,1,1
207,101,98,3,3
208,78,73,5,5
209,98,87,11,11
210,147,152,-5,5
211,50,47,3,3
212,70,63,7,7
213,175,170,5,5
214,87,85,2,2
215,87,74,13,13
216,108,121,-13,13
217,67,68,-1,1
218,95,98,-3,3
219,89,103,-14,14
220,135,146,-11,11
221,79,86,-7,7
222,43,53,-10,10
223,195,175,20,20
224,83,77,6,6
225,81,93,-12,12
226,63,69,-6,6
227,119,114,5,5
228,98,99,-1,1
229,44,42,2,2
230,47,49,-2,2
231,87,70,17,17
232,90,85,5,5
233,62,71,-9,9
234,103,93,10,10
235,140,153,-13,13
236,114,111,3,3
237,57,67,-10,10
238,81,83,-2,2
239,74,111,-37,37
240,61,69,-8,8
241,43,40,3,3
242,55,56,-1,1
243,100,84,16,16
244,124,104,20,20
245,107,115,-8,8
246,121,124,-3,3
247,86,96,-10,10
248,146,144,2,2
249,147,149,-2,2
250,47,42,5,5
251,124,114,10,10
252,89,92,-3,3
253,50,60,-10,10
254,110,114,-4,4
255,158,155,3,3
256,86,79,7,7
257,102,104,-2,2
258,107,109,-2,2
259,64,59,5,5
260,136,131,5,5
261,125,109,16,16
262,115,105,10,10
263,71,71,0,0
264,80,77,3,3
265,82,92,-10,10
266,79,76,3,3
267,102,87,15,15
268,49,59,-10,10
269,109,116,-7,7
270,52,54,-2,2
271,72,70,2,2
272,68,83,-15,15
273,151,160,-9,9
274,112,106,6,6
275,97,87,10,10
276,82,104,-22,22
277,72,81,-9,9
278,125,123,2,2
279,128,135,-7,7
280,94,93,1,1
281,76,62,14,14
282,71,75,-4,4
283,112,106,6,6
284,75,70,5,5
285,77,64,13,13
286,78,67,11,11
287,89,83,6,6
288,88,84,4,4
289,97,88,9,9
290,80,64,16,16
291,67,63,4,4
292,83,88,-5,5
293,85,73,12,12
294,76,70,6,6
295,64,56,8,8
296,107,105,2,2
297,141,124,17,17
298,130,141,-11,11
299,51,58,-7,7
300,66,50,16,16
301,75,70,5,5
302,186,128,58,58
303,86,78,8,8
304,141,140,1,1
305,83,75,8,8
306,85,82,3,3
307,148,131,17,17
308,87,79,8,8
309,77,70,7,7
310,27,49,-22,22
311,88,87,1,1
312,92,83,9,9
313,86,87,-1,1
314,135,134,1,1
315,77,68,9,9
316,73,79,-6,6
317,133,128,5,5
318,51,53,-2,2
319,125,105,20,20
320,98,105,-7,7
321,143,133,10,10
322,140,131,9,9
323,87,92,-5,5
324,89,76,13,13
325,69,75,-6,6
326,96,98,-2,2
327,127,115,12,12
328,79,74,5,5
329,137,121,16,16
330,85,82,3,3
331,84,84,0,0
332,52,57,-5,5
333,77,83,-6,6
334,78,88,-10,10
335,104,84,20,20
336,89,87,2,2
337,89,118,-29,29
338,56,68,-12,12
339,106,83,23,23
340,71,64,7,7
341,132,127,5,5
342,82,80,2,2
343,100,87,13,13
344,51,53,-2,2
345,66,58,8,8
346,85,80,5,5
347,112,112,0,0
348,34,56,-22,22
349,134,112,22,22
350,93,99,-6,6
351,114,133,-19,19
352,137,119,18,18
353,88,81,7,7
354,108,122,-14,14
355,106,96,10,10
356,146,150,-4,4
357,54,68,-14,14
358,170,136,34,34
359,86,65,21,21
360,110,109,1,1
361,82,65,17,17
362,101,90,11,11
363,64,61,3,3
364,44,50,-6,6
365,84,79,5,5
366,60,53,7,7
367,101,125,-24,24
368,120,112,8,8
369,60,57,3,3
370,130,130,0,0
371,41,49,-8,8
372,116,115,1,1
373,58,55,3,3
374,77,73,4,4
375,96,96,0,0
376,88,94,-6,6
377,103,96,7,7
378,35,58,-23,23
379,64,57,7,7
380,86,80,6,6
381,89,87,2,2
382,108,106,2,2
383,116,99,17,17
384,82,85,-3,3
385,65,64,1,1
386,64,78,-14,14
387,134,130,4,4
388,65,62,3,3
389,77,73,4,4
390,120,120,0,0
391,54,48,6,6
392,90,90,0,0
393,87,85,2,2
394,97,96,1,1
395,17,62,-45,45
396,69,99,-30,30
397,31,35,-4,4
398,90,90,0,0
399,104,99,5,5
400,97,89,8,8
401,52,45,7,7
402,81,87,-6,6
403,88,91,-3,3
404,150,148,2,2
405,103,119,-16,16
406,47,65,-18,18
407,119,124,-5,5
408,107,98,9,9
409,88,61,27,27
410,85,88,-3,3
411,95,92,3,3
412,89,83,6,6
413,87,86,1,1
414,148,126,22,22
415,98,94,4,4
416,148,149,-1,1
417,77,73,4,4
418,70,66,4,4
419,64,61,3,3
420,110,139,-29,29
421,143,153,-10,10
422,122,166,-44,44
423,82,85,-3,3
424,112,108,4,4
425,128,105,23,23
426,148,142,6,6
427,80,70,10,10
428,56,74,-18,18
429,90,101,-11,11
430,110,109,1,1
431,88,97,-9,9
432,91,90,1,1
433,99,96,3,3
434,122,120,2,2
435,66,58,8,8
436,106,97,9,9
437,65,64,1,1
438,164,152,12,12
439,68,59,9,9
440,48,59,-11,11
441,88,79,9,9
442,107,137,-30,30
443,58,59,-1,1
444,91,89,2,2
445,113,104,9,9
446,107,100,7,7
447,101,94,7,7
448,72,90,-18,18
449,134,143,-9,9
450,87,78,9,9
451,64,61,3,3
452,72,69,3,3
453,146,159,-13,13
454,110,103,7,7
455,104,100,4,4
456,129,136,-7,7
457,134,153,-19,19
458,123,133,-10,10
459,62,59,3,3
460,71,61,10,10
461,58,58,0,0
462,88,88,0,0
463,134,126,8,8
464,81,79,2,2
465,77,88,-11,11
466,118,112,6,6
467,131,135,-4,4
468,66,71,-5,5
469,61,59,2,2
470,43,42,1,1
471,121,125,-4,4
472,101,105,-4,4
473,112,99,13,13
474,67,57,10,10
475,88,83,5,5
476,57,54,3,3
477,93,89,4,4
478,77,57,20,20
479,57,57,0,0
480,55,60,-5,5
481,68,74,-6,6
482,118,127,-9,9
483,63,66,-3,3
484,110,111,-1,1
485,58,56,2,2
486,119,105,14,14
487,110,149,-39,39
488,146,156,-10,10
489,50,45,5,5
490,104,97,7,7
491,136,122,14,14
492,145,150,-5,5
493,110,91,19,19
494,124,113,11,11
495,117,115,2,2
496,134,131,3,3
497,98,83,15,15
498,104,108,-4,4
499,78,83,-5,5
500,100,97,3,3
501,45,56,-11,11
502,108,101,7,7
503,50,63,-13,13
504,69,74,-5,5
505,106,101,5,5
506,66,52,14,14
507,61,57,4,4
508,96,93,3,3
509,96,82,14,14
510,53,62,-9,9
511,93,94,-1,1
512,80,78,2,2
513,73,72,1,1
514,70,74,-4,4
515,100,93,7,7
516,137,116,21,21
517,114,111,3,3
518,70,65,5,5
519,55,67,-12,12
520,108,94,14,14
521,138,137,1,1
522,95,93,2,2
523,142,142,0,0
524,83,79,4,4
525,122,100,22,22
526,97,95,2,2
527,56,52,4,4
528,122,130,-8,8
529,73,71,2,2
530,69,58,11,11
531,95,111,-16,16
532,68,77,-9,9
533,95,86,9,9
534,78,86,-8,8
535,90,96,-6,6
536,106,104,2,2
537,42,48,-6,6
538,76,73,3,3
539,157,167,-10,10
540,119,125,-6,6
541,99,100,-1,1
542,61,62,-1,1
543,102,93,9,9
544,92,87,5,5
545,124,105,19,19
546,82,87,-5,5
547,76,77,-1,1
548,67,68,-1,1
549,148,141,7,7
550,74,92,-18,18
551,66,72,-6,6
552,108,106,2,2
553,64,59,5,5
554,102,100,2,2
555,63,56,7,7
556,66,60,6,6
557,74,67,7,7
558,74,66,8,8
559,67,71,-4,4
560,86,94,-8,8
561,81,99,-18,18
562,90,101,-11,11
563,47,49,-2,2
564,68,77,-9,9
565,88,64,24,24
566,83,77,6,6
567,76,75,1,1
568,55,60,-5,5
569,100,112,-12,12
570,108,125,-17,17
571,178,167,11,11
572,80,73,7,7
573,82,84,-2,2
574,149,129,20,20
575,69,72,-3,3
576,70,73,-3,3
577,90,90,0,0
578,91,90,1,1
579,75,53,22,22
580,88,91,-3,3
581,134,138,-4,4
582,49,60,-11,11
583,51,51,0,0
584,113,102,11,11
585,88,71,17,17
586,53,33,20,20
587,84,110,-26,26
588,105,102,3,3
589,85,77,8,8
590,105,100,5,5
591,75,77,-2,2
592,139,121,18,18
593,103,95,8,8
594,87,93,-6,6
595,65,84,-19,19
596,74,73,1,1
597,98,106,-8,8
598,110,106,4,4
599,112,115,-3,3
600,88,70,18,18
601,85,81,4,4
602,55,60,-5,5
603,86,90,-4,4
604,124,122,2,2
605,114,110,4,4
606,57,62,-5,5
607,56,56,0,0
608,78,73,5,5
609,122,153,-31,31
610,79,77,2,2
611,81,70,11,11
612,117,120,-3,3
613,112,127,-15,15
614,95,84,11,11
615,195,168,27,27
616,76,86,-10,10
617,104,94,10,10
618,112,113,-1,1
619,103,98,5,5
620,91,100,-9,9
621,105,86,19,19
622,127,109,18,18
623,60,60,0,0
624,111,104,7,7
625,106,107,-1,1
626,109,105,4,4
627,85,87,-2,2
628,67,77,-10,10
629,81,81,0,0
630,83,89,-6,6
631,56,68,-12,12
632,92,93,-1,1
633,71,76,-5,5
634,95,86,9,9
635,93,92,1,1
636,144,148,-4,4
637,53,40,13,13
638,77,82,-5,5
639,71,61,10,10
640,95,110,-15,15
641,95,108,-13,13
642,61,55,6,6
643,141,134,7,7
644,133,118,15,15
645,94,89,5,5
646,112,105,7,7
647,84,75,9,9
648,92,93,-1,1
649,84,86,-2,2
650,94,91,3,3
651,72,62,10,10
652,102,121,-19,19
653,61,64,-3,3
654,108,110,-2,2
655,105,117,-12,12
656,85,87,-2,2
657,74,80,-6,6
658,50,48,2,2
659,101,89,12,12
660,82,69,13,13
661,108,87,21,21
662,148,147,1,1
663,126,124,2,2
664,136,140,-4,4
665,75,67,8,8
666,36,49,-13,13
667,42,71,-29,29
668,69,56,13,13
669,126,115,11,11
670,109,97,12,12
671,90,75,15,15
672,116,102,14,14
673,151,191,-40,40
674,147,142,5,5
675,52,87,-35,35
676,107,109,-2,2
677,90,82,8,8
678,162,142,20,20
679,103,112,-9,9
680,150,137,13,13
681,62,81,-19,19
682,111,116,-5,5
683,77,95,-18,18
684,166,167,-1,1
685,151,156,-5,5
686,116,113,3,3
687,79,76,3,3
688,94,112,-18,18
689,110,107,3,3
690,152,134,18,18
691,176,162,14,14
692,92,96,-4,4
693,156,127,29,29
694,92,99,-7,7
695,77,77,0,0
696,32,44,-12,12
697,87,87,0,0
698,108,108,0,0
699,104,90,14,14
700,70,61,9,9
701,66,50,16,16
702,118,110,8,8
703,65,64,1,1
704,111,90,21,21
705,74,68,6,6
706,81,81,0,0
707,88,74,14,14
708,87,73,14,14
709,116,116,0,0
710,47,45,2,2
711,95,102,-7,7
712,44,75,-31,31
713,91,93,-2,2
714,83,84,-1,1
715,137,126,11,11
716,80,79,1,1
717,147,131,16,16
718,119,118,1,1
719,137,121,16,16
720,133,149,-16,16
721,89,91,-2,2
722,150,144,6,6
723,108,97,11,11
724,96,74,22,22
725,88,77,11,11
726,140,135,5,5
727,128,139,-11,11
728,53,45,8,8
729,100,112,-12,12
730,58,70,-12,12
731,110,105,5,5
732,125,131,-6,6
733,124,107,17,17
734,109,127,-18,18
735,122,128,-6,6
736,95,86,9,9
737,93,108,-15,15
738,85,72,13,13
739,98,74,24,24
740,68,71,-3,3
741,48,36,12,12
742,97,107,-10,10
743,81,75,6,6
744,88,76,12,12
745,91,113,-22,22
746,64,63,1,1
747,204,168,36,36
748,114,111,3,3
749,185,147,38,38
750,75,75,0,0
751,70,79,-9,9
752,145,118,27,27
753,87,81,6,6
754,45,59,-14,14
755,73,70,3,3
756,125,129,-4,4
757,60,48,12,12
758,95,100,-5,5
759,119,93,26,26
760,76,68,8,8
761,56,59,-3,3
762,44,59,-15,15
763,98,101,-3,3
764,86,68,18,18
765,161,149,12,12
766,102,114,-12,12
767,103,91,12,12
768,69,76,-7,7
769,151,146,5,5
770,92,76,16,16
771,80,89,-9,9
772,87,87,0,0
773,108,102,6,6
774,51,45,6,6
775,110,109,1,1
776,64,54,10,10
777,73,69,4,4
778,92,85,7,7
779,93,83,10,10
780,103,96,7,7
781,49,38,11,11
782,71,73,-2,2
783,70,59,11,11
784,67,60,7,7
785,100,90,10,10
786,93,104,-11,11
787,75,72,3,3
788,97,94,3,3
789,84,83,1,1
790,140,131,9,9
791,151,145,6,6
792,78,75,3,3
793,79,92,-13,13
794,108,107,1,1
795,95,73,22,22
796,98,86,12,12
797,119,124,-5,5
798,83,93,-10,10
799,67,65,2,2
800,64,67,-3,3
801,102,94,8,8
802,75,77,-2,2
803,68,84,-16,16
804,78,84,-6,6
805,53,52,1,1
806,126,111,15,15
807,89,81,8,8
808,85,92,-7,7
809,64,67,-3,3
810,85,84,1,1
811,74,65,9,9
812,66,68,-2,2
813,79,78,1,1
814,125,112,13,13
815,119,121,-2,2
816,26,41,-15,15
817,66,60,6,6
818,88,85,3,3
819,111,104,7,7
820,86,80,6,6
821,76,90,-14,14
822,86,79,7,7
823,145,138,7,7
824,46,48,-2,2
825,107,95,12,12
826,99,90,9,9
827,63,56,7,7
828,68,60,8,8
829,100,98,2,2
830,110,116,-6,6
831,77,73,4,4
832,66,71,-5,5
833,64,62,2,2
834,77,82,-5,5
835,144,139,5,5
836,106,102,4,4
837,93,109,-16,16
838,73,79,-6,6
839,103,107,-4,4
840,105,105,0,0
841,75,74,1,1
842,83,80,3,3
843,112,108,4,4
844,156,157,-1,1
845,156,143,13,13
846,77,71,6,6
847,76,79,-3,3
848,95,98,-3,3
849,41,55,-14,14
850,106,117,-11,11
851,135,131,4,4
852,92,102,-10,10
853,91,98,-7,7
854,112,112,0,0
855,84,93,-9,9
856,77,68,9,9
857,29,55,-26,26
858,64,67,-3,3
859,143,113,30,30
860,59,72,-13,13
861,155,159,-4,4
862,207,170,37,37
863,129,126,3,3
864,115,108,7,7
865,108,88,20,20
866,162,148,14,14
867,69,72,-3,3
868,62,71,-9,9
869,79,104,-25,25
870,57,59,-2,2
871,90,92,-2,2
872,98,95,3,3
873,108,102,6,6
874,80,104,-24,24
875,114,108,6,6
876,57,57,0,0
877,41,37,4,4
878,90,94,-4,4
879,84,65,19,19
880,87,84,3,3
881,70,74,-4,4
882,109,123,-14,14
883,76,71,5,5
884,62,118,-56,56
885,83,82,1,1
886,124,119,5,5
887,122,127,-5,5
888,55,57,-2,2
889,108,109,-1,1
890,109,117,-8,8
891,52,111,-59,59
892,134,125,9,9
893,60,55,5,5
894,71,76,-5,5
895,123,110,13,13
896,60,49,11,11
897,140,139,1,1
898,109,91,18,18
899,150,143,7,7
900,74,76,-2,2
901,94,95,-1,1
902,71,67,4,4
903,139,130,9,9
904,87,99,-12,12
905,72,80,-8,8
906,53,54,-1,1
907,163,147,16,16
908,111,91,20,20
909,70,57,13,13
910,46,37,9,9
911,138,144,-6,6
912,127,119,8,8
913,70,74,-4,4
914,107,128,-21,21
915,64,56,8,8
916,69,70,-1,1
917,196,190,6,6
918,136,127,9,9
919,52,60,-8,8
920,79,81,-2,2
921,109,118,-9,9
922,78,77,1,1
923,115,120,-5,5
924,77,84,-7,7
925,110,108,2,2
926,74,69,5,5
927,49,48,1,1
928,55,51,4,4
929,145,133,12,12
930,119,136,-17,17
931,96,96,0,0
932,196,190,6,6
933,72,73,-1,1
934,90,98,-8,8
935,62,102,-40,40
936,118,103,15,15
937,137,148,-11,11
938,79,72,7,7
939,152,155,-3,3
940,87,99,-12,12
941,112,117,-5,5
942,62,67,-5,5
943,72,75,-3,3
944,109,119,-10,10
945,83,74,9,9
946,68,51,17,17
947,97,94,3,3
948,59,61,-2,2
949,173,146,27,27
950,73,63,10,10
951,85,84,1,1
952,62,64,-2,2
953,75,63,12,12
954,90,85,5,5
955,93,101,-8,8
956,98,100,-2,2
957,116,114,2,2
958,50,55,-5,5
959,106,112,-6,6
960,114,117,-3,3
961,98,90,8,8
962,184,180,4,4
963,69,71,-2,2
964,147,156,-9,9
965,29,80,-51,51
966,108,128,-20,20
967,65,77,-12,12
968,96,88,8,8
969,84,86,-2,2
970,70,61,9,9
971,162,151,11,11
972,112,109,3,3
973,71,70,1,1
974,139,122,17,17
975,72,72,0,0
976,68,67,1,1
977,76,75,1,1
978,87,134,-47,47
979,52,47,5,5
980,115,121,-6,6
981,161,148,13,13
982,88,81,7,7
983,107,103,4,4
984,84,77,7,7
985,90,81,9,9
986,55,57,-2,2
987,138,133,5,5
988,90,88,2,2
989,114,107,7,7
990,111,122,-11,11
991,44,50,-6,6
992,111,119,-8,8
993,128,110,18,18
994,98,97,1,1
995,93,87,6,6
996,74,60,14,14
997,130,135,-5,5
998,82,79,3,3
999,178,159,19,19
1000,42,61,-19,19
1001,96,91,5,5
1002,39,46,-7,7
1003,75,78,-3,3
1004,147,157,-10,10
1005,102,92,10,10
1006,212,181,31,31
1007,64,59,5,5
1008,91,92,-1,1
1009,39,36,3,3
1010,92,96,-4,4
1011,159,153,6,6
1012,119,106,13,13
1013,128,133,-5,5
1014,125,136,-11,11
1015,63,61,2,2
1016,117,111,6,6
1017,117,125,-8,8
1018,35,53,-18,18
1019,108,118,-10,10
1020,108,112,-4,4
1021,77,71,6,6
1022,88,83,5,5
1023,45,48,-3,3
1024,88,99,-11,11
1025,110,115,-5,5
1026,93,78,15,15
1027,77,77,0,0
1028,144,123,21,21
1029,63,71,-8,8
1030,56,41,15,15
1031,143,137,6,6
1032,119,131,-12,12
1033,85,69,16,16
1034,94,79,15,15
1035,115,122,-7,7
1036,117,121,-4,4
1037,71,69,2,2
1038,79,71,8,8
1039,119,80,39,39
1040,78,73,5,5
1041,101,125,-24,24
1042,89,94,-5,5
1043,91,97,-6,6
1044,112,116,-4,4
1045,131,130,1,1
1046,43,52,-9,9
1047,162,160,2,2
1048,55,58,-3,3
1049,116,119,-3,3
1050,49,45,4,4
1051,88,81,7,7
1052,108,106,2,2
1053,72,56,16,16
1054,115,111,4,4
1055,55,57,-2,2
1056,146,135,11,11
1057,97,80,17,17
1058,81,83,-2,2
1059,146,125,21,21
1060,133,143,-10,10
1061,62,68,-6,6
1062,148,149,-1,1
1063,98,90,8,8
1064,81,70,11,11
1065,73,73,0,0
1066,81,67,14,14
1067,148,134,14,14
1068,141,132,9,9
1069,56,43,13,13
1070,123,125,-2,2
1071,83,102,-19,19
1072,117,116,1,1
1073,99,92,7,7
1074,99,119,-20,20
1075,64,64,0,0
1076,92,83,9,9
1077,40,47,-7,7
1078,183,152,31,31
1079,44,62,-18,18
1080,115,112,3,3
1081,49,49,0,0
1082,127,123,4,4
1083,155,123,32,32
1084,81,88,-7,7
1085,92,81,11,11
1086,74,64,10,10
1087,108,106,2,2
1088,57,56,1,1
1089,61,94,-33,33
1090,125,150,-25,25
1091,97,94,3,3
1092,60,88,-28,28
1093,78,83,-5,5
1094,71,87,-16,16
1095,84,99,-15,15
1096,177,173,4,4
1097,80,75,5,5
1098,130,123,7,7
1099,81,86,-5,5
1100,88,100,-12,12
1101,56,57,-1,1
1102,149,148,1,1
1103,92,75,17,17
1104,90,96,-6,6
1105,45,49,-4,4
1106,63,63,0,0
1107,92,96,-4,4
1108,124,134,-10,10
1109,140,140,0,0
1110,122,142,-20,20
1111,47,48,-1,1
1112,67,69,-2,2
1113,199,179,20,20
1114,110,126,-16,16
1115,78,86,-8,8
1116,42,48,-6,6
1117,51,51,0,0
1118,183,124,59,59
1119,160,154,6,6
1120,117,114,3,3
1121,70,81,-11,11
1122,90,82,8,8
1123,101,106,-5,5
1124,73,69,4,4
1125,64,65,-1,1
1126,69,64,5,5
1127,98,99,-1,1
1128,121,111,10,10
1129,83,79,4,4
1130,170,161,9,9
1131,80,76,4,4
1132,68,74,-6,6
1133,130,140,-10,10
1134,66,72,-6,6
1135,65,62,3,3
1136,95,93,2,2
1137,99,100,-1,1
1138,95,119,-24,24
1139,174,160,14,14
1140,154,137,17,17
1141,121,110,11,11
1142,109,93,16,16
1143,87,106,-19,19
1144,61,44,17,17
1145,96,102,-6,6
1146,96,84,12,12
1147,118,121,-3,3
1148,97,82,15,15
1149,105,111,-6,6
1150,87,82,5,5
1151,104,88,16,16
1152,80,80,0,0
1153,54,72,-18,18
1154,92,88,4,4
1155,48,60,-12,12
1156,78,78,0,0
1157,136,126,10,10
1158,139,129,10,10
1159,61,98,-37,37
1160,83,96,-13,13
1161,103,106,-3,3
1162,128,137,-9,9
1163,131,124,7,7
1164,76,59,17,17
1165,74,57,17,17
1166,135,141,-6,6
1167,73,77,-4,4
1168,115,116,-1,1
1169,81,91,-10,10
1170,140,123,17,17
1171,69,69,0,0
1172,46,46,0,0
1173,109,103,6,6
1174,197,179,18,18
1175,111,119,-8,8
1176,100,99,1,1
1177,77,65,12,12
1178,66,60,6,6
1179,67,71,-4,4
1180,120,117,3,3
1181,349,352,-3,3
1182,78,72,6,6
1183,118,124,-6,6
1184,51,54,-3,3
1185,82,84,-2,2
1186,49,44,5,5
1187,72,78,-6,6
1188,112,220,-108,108
1189,140,122,18,18
1190,69,69,0,0
1191,94,89,5,5
1192,69,65,4,4
1193,96,101,-5,5
1194,77,111,-34,34
1195,92,103,-11,11
1196,141,151,-10,10
1197,94,92,2,2
1198,92,81,11,11
1199,96,112,-16,16
1200,69,65,4,4
1201,35,47,-12,12
1202,78,68,10,10
1203,113,123,-10,10
1204,99,88,11,11
1205,108,100,8,8
1206,118,114,4,4
1207,95,89,6,6
1208,106,107,-1,1
1209,101,79,22,22
1210,77,90,-13,13
1211,97,94,3,3
1212,86,92,-6,6
1213,60,59,1,1
1214,101,101,0,0
1215,105,88,17,17
1216,73,76,-3,3
1217,90,86,4,4
1218,121,114,7,7
1219,80,84,-4,4
1220,85,92,-7,7
1221,158,145,13,13
1222,75,77,-2,2
1223,70,78,-8,8
1224,66,64,2,2
1225,107,98,9,9
1226,182,174,8,8
1227,134,145,-11,11
1228,103,95,8,8
1229,69,66,3,3
1230,95,94,1,1
1231,33,61,-28,28
1232,58,55,3,3
1233,63,61,2,2
1234,115,98,17,17
1235,111,111,0,0
1236,128,123,5,5
1237,141,132,9,9
1238,50,49,1,1
1239,129,105,24,24
1240,49,58,-9,9
1241,91,87,4,4
1242,131,114,17,17
1243,120,102,18,18
1244,91,84,7,7
1245,108,106,2,2
1246,70,68,2,2
1247,51,49,2,2
1248,92,100,-8,8
1249,77,75,2,2
1250,149,138,11,11
1251,117,105,12,12
1252,144,142,2,2
1253,82,68,14,14
1254,107,106,1,1
1255,51,50,1,1
1256,55,66,-11,11
1257,101,104,-3,3
1258,99,90,9,9
1259,114,104,10,10
1260,55,60,-5,5
1261,83,78,5,5
1262,174,159,15,15
1263,136,130,6,6
1264,89,84,5,5
1265,67,68,-1,1
1266,81,90,-9,9
1267,122,124,-2,2
1268,74,93,-19,19
1269,149,162,-13,13
1270,62,61,1,1
1271,64,68,-4,4
1272,85,87,-2,2
1273,163,142,21,21
1274,72,74,-2,2
1275,62,52,10,10
1276,50,50,0,0
1277,57,60,-3,3
1278,82,86,-4,4
1279,58,55,3,3
1280,51,55,-4,4
1281,63,56,7,7
1282,125,46,79,79
1283,78,85,-7,7
1284,57,51,6,6
1285,65,71,-6,6
1286,111,127,-16,16
1287,90,86,4,4
1288,107,111,-4,4
1289,81,75,6,6
1290,133,106,27,27
1291,111,113,-2,2
1292,64,60,4,4
1293,56,76,-20,20
1294,51,51,0,0
1295,64,54,10,10
1296,156,149,7,7
1297,96,115,-19,19
1298,94,81,13,13
1299,65,91,-26,26
1300,167,155,12,12
1301,44,46,-2,2
1302,255,177,78,78
1303,80,69,11,11
1304,142,140,2,2
1305,73,64,9,9
1306,114,102,12,12
1307,81,71,10,10
1308,66,67,-1,1
1309,91,93,-2,2
1310,106,97,9,9
1311,84,87,-3,3
1312,120,123,-3,3
1313,115,104,11,11
1314,130,136,-6,6
1315,192,186,6,6
1316,150,145,5,5
1317,87,77,10,10
1318,69,66,3,3
1319,170,178,-8,8
1320,99,102,-3,3
1321,72,86,-14,14
1322,106,94,12,12
1323,142,123,19,19
1324,44,48,-4,4
1325,87,92,-5,5
1326,72,65,7,7
1327,116,104,12,12
1328,66,70,-4,4
1329,43,35,8,8
1330,145,141,4,4
1331,92,96,-4,4
1332,86,88,-2,2
1333,87,90,-3,3
1334,71,69,2,2
1335,136,135,1,1
1336,73,69,4,4
1337,81,79,2,2
1338,65,54,11,11
1339,97,92,5,5
1340,61,50,11,11
1341,76,58,18,18
1342,55,51,4,4
1343,100,100,0,0
1344,120,114,6,6
1345,110,132,-22,22
1346,103,100,3,3
1347,57,58,-1,1
1348,95,77,18,18
1349,82,86,-4,4
1350,105,111,-6,6
1351,68,68,0,0
1352,177,154,23,23
1353,97,95,2,2
1354,150,126,24,24
1355,38,41,-3,3
1356,85,88,-3,3
1357,79,79,0,0
1358,78,79,-1,1
1359,98,96,2,2
1360,138,143,-5,5
1361,92,72,20,20
1362,110,106,4,4
1363,135,144,-9,9
1364,96,96,0,0
1365,107,90,17,17
1366,84,88,-4,4
1367,82,76,6,6
1368,87,117,-30,30
1369,58,62,-4,4
1370,55,54,1,1
1371,69,69,0,0
1372,193,174,19,19
1373,102,111,-9,9
1374,105,89,16,16
1375,74,85,-11,11
1376,122,186,-64,64
1377,85,77,8,8
1378,103,106,-3,3
1379,139,123,16,16
1380,91,95,-4,4
1381,84,98,-14,14
1382,155,147,8,8
1383,73,80,-7,7
1384,141,118,23,23
1385,70,73,-3,3
1386,93,92,1,1
1387,100,88,12,12
1388,96,92,4,4
1389,56,62,-6,6
1390,93,124,-31,31
1391,97,110,-13,13
1392,43,43,0,0
1393,58,48,10,10
1394,107,104,3,3
1395,118,115,3,3
1396,64,68,-4,4
1397,114,87,27,27
1398,84,76,8,8
1399,68,68,0,0
1400,170,144,26,26
1401,121,116,5,5
1402,180,161,19,19
1403,81,82,-1,1
1404,131,110,21,21
1405,166,145,21,21
1406,83,82,1,1
1407,107,99,8,8
1408,95,100,-5,5
1409,88,73,15,15
1410,149,138,11,11
1411,160,159,1,1
1412,112,110,2,2
1413,145,140,5,5
1414,38,40,-2,2
1415,104,103,1,1
1416,125,135,-10,10
1417,86,87,-1,1
1418,105,101,4,4
1419,44,52,-8,8
1420,116,105,11,11
1421,136,120,16,16
1422,149,133,16,16
1423,135,107,28,28
1424,51,57,-6,6
1425,94,104,-10,10
1426,88,92,-4,4
1427,128,123,5,5
1428,148,140,8,8
1429,103,133,-30,30
1430,59,59,0,0
1431,75,79,-4,4
1432,83,79,4,4
1433,73,69,4,4
1434,75,102,-27,27
1435,74,83,-9,9
1436,85,93,-8,8
1437,74,64,10,10
1438,99,96,3,3
1439,122,115,7,7
1440,130,128,2,2
1441,61,63,-2,2
1442,48,42,6,6
1443,111,126,-15,15
1444,58,57,1,1
1445,61,73,-12,12
1446,129,126,3,3
1447,55,51,4,4
1448,159,159,0,0
1449,81,76,5,5
1450,44,54,-10,10
1451,64,57,7,7
1452,105,102,3,3
1453,131,134,-3,3
1454,188,174,14,14
1455,107,102,5,5
1456,74,82,-8,8
1457,155,165,-10,10
1458,93,93,0,0
1459,125,127,-2,2
1460,113,122,-9,9
1461,81,76,5,5
1462,73,71,2,2
1463,78,70,8,8
1464,124,116,8,8
1465,68,67,1,1
1466,90,97,-7,7
1467,108,98,10,10
1468,73,66,7,7
1469,92,94,-2,2
1470,118,122,-4,4
1471,70,55,15,15
1472,98,104,-6,6
1473,70,59,11,11
1474,72,63,9,9
1475,107,92,15,15
1476,112,111,1,1
1477,118,112,6,6
1478,86,81,5,5
1479,114,87,27,27
1480,121,111,10,10
1481,120,109,11,11
1482,275,191,84,84
1483,98,88,10,10
1484,95,106,-11,11
1485,80,67,13,13
1486,126,140,-14,14
1487,98,99,-1,1
1488,133,158,-25,25
1489,61,66,-5,5
1490,129,117,12,12
1491,117,113,4,4
1492,54,65,-11,11
1493,54,56,-2,2
1494,48,58,-10,10
1495,85,72,13,13
1496,56,83,-27,27
1497,77,86,-9,9
1498,140,122,18,18
1499,69,79,-10,10
1500,88,93,-5,5
1501,107,98,9,9
1502,81,78,3,3
1503,134,118,16,16
1504,80,72,8,8
1505,121,111,10,10
1506,111,111,0,0
1507,72,75,-3,3
1508,155,162,-7,7
1509,61,61,0,0
1510,70,78,-8,8
1511,55,55,0,0
1512,74,77,-3,3
1513,151,146,5,5
1514,38,37,1,1
1515,164,187,-23,23
1516,66,73,-7,7
1517,58,47,11,11
1518,66,75,-9,9
1519,116,108,8,8
1520,71,90,-19,19
1521,99,103,-4,4
1522,108,138,-30,30
1523,77,87,-10,10
1524,56,51,5,5
1525,126,109,17,17
1526,117,122,-5,5
1527,71,65,6,6
1528,80,73,7,7
1529,69,69,0,0
1530,76,118,-42,42
1531,137,126,11,11
1532,184,166,18,18
1533,131,112,19,19
1534,149,135,14,14
1535,95,104,-9,9
1536,122,114,8,8
1537,54,40,14,14
1538,88,94,-6,6
1539,83,89,-6,6
1540,69,60,9,9
1541,87,91,-4,4
1542,156,146,10,10
1543,118,112,6,6
1544,55,55,0,0
1545,83,87,-4,4
1546,81,90,-9,9
1547,101,112,-11,11
1548,73,77,-4,4
1549,105,104,1,1
1550,82,83,-1,1
1551,65,59,6,6
1552,78,73,5,5
1553,115,107,8,8
1554,133,122,11,11
1555,58,68,-10,10
1556,108,114,-6,6
1557,128,123,5,5
1558,136,114,22,22
1559,37,56,-19,19
1560,95,93,2,2
1561,121,121,0,0
1562,87,80,7,7
1563,100,107,-7,7
1564,89,90,-1,1
1565,126,124,2,2
1566,109,113,-4,4
1567,103,89,14,14
1568,150,144,6,6
1569,94,124,-30,30
1570,148,160,-12,12
1571,60,74,-14,14
1572,70,76,-6,6
1573,131,132,-1,1
1574,70,65,5,5
1575,95,96,-1,1
1576,66,77,-11,11
1577,86,69,17,17
1578,91,85,6,6
1579,75,79,-4,4
1580,46,47,-1,1
1581,100,100,0,0
1582,98,94,4,4
1583,92,75,17,17
1584,112,82,30,30
1585,167,156,11,11
1586,90,102,-12,12
1587,109,98,11,11
1588,93,105,-12,12
1589,61,57,4,4
1590,123,112,11,11
1591,93,99,-6,6
1592,74,62,12,12
1593,36,44,-8,8
1594,89,80,9,9
1595,144,154,-10,10
1596,80,72,8,8
1597,114,111,3,3
1598,106,113,-7,7
1599,57,57,0,0
1600,70,79,-9,9
1601,112,106,6,6
1602,92,85,7,7
1603,106,97,9,9
1604,122,129,-7,7
1605,128,106,22,22
1606,109,105,4,4
1607,75,79,-4,4
1608,120,87,33,33
1609,60,62,-2,2
1610,137,128,9,9
1611,78,77,1,1
1612,93,81,12,12
1613,91,84,7,7
1614,84,74,10,10
1615,137,128,9,9
1616,43,61,-18,18
1617,74,104,-30,30
1618,77,79,-2,2
1619,114,107,7,7
1620,104,86,18,18
1621,101,99,2,2
1622,43,51,-8,8
1623,106,107,-1,1
1624,90,93,-3,3
1625,114,137,-23,23
1626,82,71,11,11
1627,62,65,-3,3
1628,112,105,7,7
1629,46,64,-18,18
1630,104,64,40,40
1631,106,109,-3,3
1632,62,57,5,5
1633,123,107,16,16
1634,95,87,8,8
1635,64,74,-10,10
1636,76,81,-5,5
1637,104,105,-1,1
1638,126,121,5,5
1639,144,131,13,13
1640,119,122,-3,3
1641,74,67,7,7
1642,51,56,-5,5
1643,91,91,0,0
1644,86,92,-6,6
1645,95,87,8,8
1646,72,76,-4,4
1647,162,115,47,47
1648,87,68,19,19
1649,91,88,3,3
1650,122,129,-7,7
1651,70,68,2,2
1652,106,109,-3,3
1653,89,96,-7,7
1654,59,49,10,10
1655,44,48,-4,4
1656,74,57,17,17
1657,77,72,5,5
1658,135,130,5,5
1659,107,106,1,1
1660,64,65,-1,1
1661,52,71,-19,19
1662,61,56,5,5
1663,74,65,9,9
1664,87,92,-5,5
1665,106,98,8,8
1666,64,54,10,10
1667,70,66,4,4
1668,77,67,10,10
1669,62,56,6,6
1670,67,65,2,2
1671,109,103,6,6
1672,118,121,-3,3
1673,74,87,-13,13
1674,100,96,4,4
1675,83,105,-22,22
1676,83,63,20,20
1677,121,117,4,4
1678,79,80,-1,1
1679,46,52,-6,6
1680,92,86,6,6
1681,102,103,-1,1
1682,103,92,11,11
1683,64,49,15,15
1684,101,93,8,8
1685,105,98,7,7
1686,55,54,1,1
1687,66,54,12,12
1688,60,57,3,3
1689,62,63,-1,1
1690,150,153,-3,3
1691,84,95,-11,11
1692,98,99,-1,1
1693,59,56,3,3
1694,57,53,4,4
1695,88,117,-29,29
1696,146,148,-2,2
1697,58,55,3,3
1698,73,79,-6,6
1699,192,182,10,10
1700,58,77,-19,19
1701,97,104,-7,7
1702,84,80,4,4
1703,149,152,-3,3
1704,162,145,17,17
1705,53,67,-14,14
1706,48,59,-11,11
1707,103,120,-17,17
1708,64,55,9,9
1709,85,96,-11,11
1710,64,67,-3,3
1711,73,66,7,7
1712,72,65,7,7
1713,136,84,52,52
1714,103,103,0,0
1715,161,146,15,15
1716,89,86,3,3
1717,102,88,14,14
1718,66,92,-26,26
1719,87,84,3,3
1720,101,101,0,0
1721,90,90,0,0
1722,108,119,-11,11
1723,59,70,-11,11
1724,118,101,17,17
1725,56,55,1,1
1726,195,179,16,16
1727,70,77,-7,7
1728,90,93,-3,3
1729,108,109,-1,1
1730,118,124,-6,6
1731,74,73,1,1
1732,115,113,2,2
1733,31,32,-1,1
1734,121,117,4,4
1735,43,31,12,12
1736,78,66,12,12
1737,63,59,4,4
1738,57,55,2,2
1739,53,56,-3,3
1740,63,72,-9,9
1741,88,79,9,9
1742,80,87,-7,7
1743,133,141,-8,8
1744,90,79,11,11
1745,130,129,1,1
1746,70,70,0,0
1747,169,166,3,3
1748,45,47,-2,2
1749,171,163,8,8
1750,84,84,0,0
1751,95,104,-9,9
1752,73,71,2,2
1753,59,58,1,1
1754,82,84,-2,2
1755,101,95,6,6
1756,77,82,-5,5
1757,57,58,-1,1
1758,97,89,8,8
1759,69,73,-4,4
1760,82,75,7,7
1761,60,79,-19,19
1762,70,71,-1,1
1763,79,86,-7,7
1764,127,108,19,19
1765,92,103,-11,11
1766,119,121,-2,2
1767,59,62,-3,3
1768,66,75,-9,9
1769,44,54,-10,10
1770,46,47,-1,1
1771,129,121,8,8
1772,93,78,15,15
1773,98,120,-22,22
1774,89,82,7,7
1775,74,72,2,2
1776,96,103,-7,7
1777,103,100,3,3
1778,84,96,-12,12
1779,75,70,5,5
1780,167,152,15,15
1781,85,78,7,7
1782,108,107,1,1
1783,59,62,-3,3
1784,101,109,-8,8
1785,76,65,11,11
1786,118,119,-1,1
1787,67,68,-1,1
1788,53,72,-19,19
1789,108,112,-4,4
1790,103,108,-5,5
1791,130,122,8,8
1792,83,75,8,8
1793,52,72,-20,20
1794,79,74,5,5
1795,80,79,1,1
1796,88,65,23,23
1797,55,52,3,3
1798,53,59,-6,6
1799,116,96,20,20
1800,103,96,7,7
1801,73,76,-3,3
1802,72,59,13,13
1803,155,141,14,14
1804,205,201,4,4
1805,55,63,-8,8
1806,119,118,1,1
1807,93,81,12,12
1808,81,89,-8,8
1809,93,95,-2,2
1810,121,118,3,3
1811,62,58,4,4
1812,61,72,-11,11
1813,113,105,8,8
1814,79,84,-5,5
1815,130,138,-8,8
1816,68,70,-2,2
1817,81,71,10,10
1818,114,110,4,4
1819,101,84,17,17
1820,63,54,9,9
1821,87,97,-10,10
1822,117,120,-3,3
1823,114,106,8,8
1824,109,112,-3,3
1825,96,84,12,12
1826,54,61,-7,7
1827,132,127,5,5
1828,85,60,25,25
1829,70,60,10,10
1830,60,57,3,3
1831,68,72,-4,4
1832,48,49,-1,1
1833,75,80,-5,5
1834,126,132,-6,6
1835,106,95,11,11
1836,60,58,2,2
1837,70,62,8,8
1838,52,56,-4,4
1839,86,81,5,5
1840,74,70,4,4
1841,118,104,14,14
1842,43,53,-10,10
1843,207,159,48,48
1844,97,91,6,6
1845,78,70,8,8
1846,100,102,-2,2
1847,108,99,9,9
1848,73,68,5,5
1849,151,143,8,8
1850,45,48,-3,3
1851,81,71,10,10
1852,68,73,-5,5
1853,140,147,-7,7
1854,121,115,6,6
1855,88,106,-18,18
1856,42,51,-9,9
1857,76,81,-5,5
1858,89,86,3,3
1859,61,53,8,8
1860,98,81,17,17
1861,78,71,7,7
1862,54,58,-4,4
1863,128,150,-22,22
1864,160,155,5,5
1865,65,69,-4,4
1866,109,112,-3,3
1867,149,153,-4,4
1868,112,111,1,1
1869,78,68,10,10
1870,61,59,2,2
1871,82,70,12,12
1872,54,53,1,1
1873,45,60,-15,15
1874,102,109,-7,7
1875,92,89,3,3
1876,121,119,2,2
1877,119,121,-2,2
1878,84,75,9,9
1879,99,107,-8,8
1880,116,123,-7,7
1881,119,115,4,4
1882,157,145,12,12
1883,119,107,12,12
1884,92,82,10,10
1885,60,67,-7,7
1886,101,104,-3,3
1887,90,83,7,7
1888,132,128,4,4
1889,156,148,8,8
1890,101,102,-1,1
1891,88,86,2,2
1892,141,115,26,26
1893,56,55,1,1
1894,85,73,12,12
1895,182,141,41,41
1896,127,110,17,17
1897,76,72,4,4
1898,83,81,2,2
1899,59,67,-8,8
1900,33,38,-5,5
1901,38,50,-12,12
1902,90,74,16,16
1903,87,110,-23,23
1904,81,84,-3,3
1905,123,134,-11,11
1906,111,107,4,4
1907,207,210,-3,3
1908,140,145,-5,5
1909,90,87,3,3
1910,67,70,-3,3
1911,102,119,-17,17
1912,65,68,-3,3
1913,81,74,7,7
1914,75,75,0,0
1915,93,94,-1,1
1916,87,105,-18,18
1917,183,160,23,23
1918,95,103,-8,8
1919,200,195,5,5
1920,95,86,9,9
1921,199,176,23,23
1922,87,71,16,16
1923,56,52,4,4
1924,55,70,-15,15
1925,90,100,-10,10
1926,64,61,3,3
1927,57,56,1,1
1928,179,190,-11,11
1929,78,76,2,2
1930,54,64,-10,10
1931,112,110,2,2
1932,69,79,-10,10
1933,73,78,-5,5
1934,64,67,-3,3
1935,65,68,-3,3
1936,63,60,3,3
1937,159,156,3,3
1938,71,83,-12,12
1939,90,91,-1,1
1940,116,116,0,0
1941,110,114,-4,4
1942,80,92,-12,12
1943,116,117,-1,1
1944,101,108,-7,7
1945,145,146,-1,1
1946,144,141,3,3
1947,163,134,29,29
1948,115,123,-8,8
1949,115,117,-2,2
1950,102,102,0,0
1951,105,50,55,55
1952,61,57,4,4
1953,74,72,2,2
1954,88,89,-1,1
1955,86,75,11,11
1956,98,94,4,4
1957,113,113,0,0
1958,82,112,-30,30
1959,124,105,19,19
1960,76,72,4,4
1961,137,149,-12,12
1962,88,96,-8,8
1963,130,127,3,3
1964,75,65,10,10
1965,97,78,19,19
1966,114,126,-12,12
1967,92,84,8,8
1968,106,105,1,1
1969,89,89,0,0
1970,72,101,-29,29
1971,92,92,0,0
1972,66,77,-11,11
1973,26,35,-9,9
1974,106,91,15,15
1975,82,74,8,8
1976,112,111,1,1
1977,94,84,10,10
1978,106,102,4,4
1979,114,101,13,13
1980,85,106,-21,21
1981,144,156,-12,12
1982,137,127,10,10
1983,56,55,1,1
1984,62,58,4,4
1985,65,66,-1,1
1986,71,81,-10,10
1987,78,90,-12,12
1988,66,55,11,11
1989,106,108,-2,2
1990,74,94,-20,20
1991,46,114,-68,68
1992,140,129,11,11
1993,129,120,9,9
1994,83,69,14,14
1995,81,81,0,0
1996,49,52,-3,3
1997,124,113,11,11
1998,42,40,2,2
1999,89,91,-2,2
2000,101,89,12,12
2001,184,190,-6,6
2002,113,102,11,11
2003,212,181,31,31
2004,120,119,1,1
2005,95,89,6,6
2006,120,116,4,4
2007,97,95,2,2
2008,72,72,0,0
2009,80,60,20,20
2010,87,101,-14,14
2011,100,98,2,2
2012,185,184,1,1
2013,90,87,3,3
2014,77,77,0,0
2015,67,67,0,0
2016,63,70,-7,7
2017,74,66,8,8
2018,104,88,16,16
2019,129,120,9,9
2020,73,68,5,5
2021,128,119,9,9
2022,64,61,3,3
2023,88,75,13,13
2024,47,57,-10,10
2025,68,60,8,8
2026,75,59,16,16
2027,75,61,14,14
2028,80,83,-3,3
2029,61,58,3,3
2030,74,76,-2,2
2031,79,88,-9,9
2032,62,65,-3,3
2033,121,128,-7,7
2034,77,77,0,0
2035,104,102,2,2
2036,116,111,5,5
2037,61,71,-10,10
2038,86,87,-1,1
2039,83,84,-1,1
2040,119,115,4,4
2041,109,120,-11,11
2042,83,100,-17,17
2043,66,68,-2,2
2044,112,113,-1,1
2045,110,104,6,6
2046,115,111,4,4
2047,97,91,6,6
2048,115,110,5,5
2049,78,72,6,6
2050,58,68,-10,10
2051,98,112,-14,14
2052,104,100,4,4
2053,109,95,14,14
2054,143,140,3,3
2055,98,105,-7,7
2056,56,58,-2,2
2057,61,61,0,0
2058,86,83,3,3
2059,73,80,-7,7
2060,101,107,-6,6
2061,165,159,6,6
2062,64,129,-65,65
2063,62,54,8,8
2064,68,62,6,6
2065,101,110,-9,9
2066,72,83,-11,11
2067,56,55,1,1
2068,109,109,0,0
2069,63,56,7,7
2070,48,53,-5,5
2071,134,137,-3,3
2072,91,103,-12,12
2073,80,79,1,1
2074,112,105,7,7
2075,49,52,-3,3
2076,91,89,2,2
2077,75,80,-5,5
2078,86,77,9,9
2079,142,133,9,9
2080,79,76,3,3
2081,122,135,-13,13
2082,139,144,-5,5
2083,79,66,13,13
2084,184,164,20,20
2085,134,165,-31,31
2086,99,90,9,9
2087,59,67,-8,8
2088,77,81,-4,4
2089,84,85,-1,1
2090,116,126,-10,10
2091,41,51,-10,10
2092,70,21,49,49
2093,39,44,-5,5
2094,82,84,-2,2
2095,58,55,3,3
2096,166,143,23,23
2097,71,70,1,1
2098,119,107,12,12
2099,92,100,-8,8
2100,116,120,-4,4
2101,121,110,11,11
2102,106,96,10,10
2103,82,76,6,6
2104,137,127,10,10
2105,113,110,3,3
2106,84,87,-3,3
2107,136,128,8,8
2108,57,52,5,5
2109,142,136,6,6
2110,55,48,7,7
2111,82,74,8,8
2112,208,195,13,13
2113,101,79,22,22
2114,156,158,-2,2
2115,175,170,5,5
2116,137,136,1,1
2117,105,120,-15,15
2118,84,88,-4,4
2119,78,85,-7,7
2120,115,94,21,21
2121,74,67,7,7
2122,67,69,-2,2
2123,46,45,1,1
2124,123,121,2,2
2125,68,66,2,2
2126,110,113,-3,3
2127,95,96,-1,1
2128,77,85,-8,8
2129,86,98,-12,12
2130,62,58,4,4
2131,91,75,16,16
2132,76,66,10,10
2133,92,76,16,16
2134,98,95,3,3
2135,108,106,2,2
2136,142,133,9,9
2137,111,85,26,26
2138,96,96,0,0
2139,86,85,1,1
2140,138,141,-3,3
2141,89,87,2,2
2142,149,125,24,24
2143,82,85,-3,3
2144,135,134,1,1
2145,94,90,4,4
2146,79,72,7,7
2147,84,82,2,2
2148,44,81,-37,37
2149,46,60,-14,14
2150,96,98,-2,2
2151,114,126,-12,12
2152,57,65,-8,8
2153,79,77,2,2
2154,78,66,12,12
2155,117,128,-11,11
2156,98,89,9,9
2157,57,56,1,1
2158,99,87,12,12
2159,97,93,4,4
2160,98,82,16,16
2161,70,73,-3,3
2162,102,99,3,3
2163,82,81,1,1
2164,81,79,2,2
2165,69,79,-10,10
2166,66,64,2,2
2167,97,81,16,16
2168,86,83,3,3
2169,58,58,0,0
2170,83,88,-5,5
2171,78,82,-4,4
2172,64,68,-4,4
2173,127,93,34,34
2174,73,59,14,14
2175,70,83,-13,13
2176,93,72,21,21
2177,116,104,12,12
2178,103,87,16,16
2179,44,42,2,2
2180,84,90,-6,6
2181,116,99,17,17
2182,102,97,5,5
2183,56,52,4,4
2184,117,117,0,0
2185,111,108,3,3
2186,82,87,-5,5
2187,115,106,9,9
2188,96,113,-17,17
2189,137,108,29,29
2190,111,74,37,37
2191,63,56,7,7
2192,65,67,-2,2
2193,57,53,4,4
2194,82,74,8,8
2195,64,79,-15,15
2196,100,98,2,2
2197,68,68,0,0
2198,57,64,-7,7
2199,76,72,4,4
2200,138,125,13,13
2201,61,74,-13,13
2202,80,83,-3,3
2203,98,102,-4,4
2204,137,145,-8,8
2205,101,94,7,7
2206,122,115,7,7
2207,75,85,-10,10
2208,118,115,3,3
2209,87,79,8,8
2210,116,123,-7,7
2211,97,101,-4,4
2212,147,163,-16,16
2213,74,66,8,8
2214,55,60,-5,5
2215,110,100,10,10
2216,93,97,-4,4
2217,64,63,1,1
2218,105,116,-11,11
2219,70,95,-25,25
2220,92,83,9,9
2221,63,62,1,1
2222,93,93,0,0
2223,60,75,-15,15
2224,82,77,5,5
2225,108,107,1,1
2226,118,120,-2,2
2227,167,168,-1,1
2228,112,108,4,4
2229,85,76,9,9
2230,77,91,-14,14
2231,105,121,-16,16
2232,144,134,10,10
2233,159,143,16,16
2234,68,69,-1,1
2235,42,38,4,4
2236,111,122,-11,11
2237,67,75,-8,8
2238,135,125,10,10
2239,45,63,-18,18
2240,79,67,12,12
2241,117,122,-5,5
2242,94,103,-9,9
2243,44,123,-79,79
2244,94,93,1,1
2245,140,116,24,24
2246,98,94,4,4
2247,66,72,-6,6
2248,63,60,3,3
2249,65,64,1,1
2250,104,108,-4,4
2251,92,102,-10,10
2252,86,102,-16,16
2253,81,86,-5,5
2254,77,93,-16,16
2255,78,71,7,7
2256,48,73,-25,25
2257,39,46,-7,7
2258,47,55,-8,8
2259,94,107,-13,13
2260,161,155,6,6
2261,72,62,10,10
2262,35,43,-8,8
2263,89,101,-12,12
2264,69,91,-22,22
2265,102,107,-5,5
2266,79,94,-15,15
2267,107,90,17,17
2268,111,130,-19,19
2269,95,95,0,0
2270,102,103,-1,1
2271,89,100,-11,11
2272,65,64,1,1
2273,108,104,4,4
2274,57,65,-8,8
2275,103,111,-8,8
2276,151,122,29,29
2277,184,163,21,21
2278,78,79,-1,1
2279,185,146,39,39
2280,63,71,-8,8
2281,131,135,-4,4
2282,155,145,10,10
2283,87,93,-6,6
2284,136,131,5,5
2285,104,108,-4,4
2286,54,49,5,5
2287,107,107,0,0
2288,64,63,1,1
2289,68,70,-2,2
2290,90,102,-12,12
2291,65,66,-1,1
2292,86,91,-5,5
2293,78,76,2,2
2294,72,61,11,11
2295,50,59,-9,9
2296,107,115,-8,8
2297,101,193,-92,92
2298,104,93,11,11
2299,47,54,-7,7
2300,87,79,8,8
2301,102,116,-14,14
2302,103,88,15,15
2303,62,49,13,13
2304,57,55,2,2
2305,68,72,-4,4
2306,109,111,-2,2
2307,80,78,2,2
2308,76,80,-4,4
2309,97,112,-15,15
2310,83,69,14,14
2311,116,113,3,3
2312,72,78,-6,6
2313,49,59,-10,10
2314,108,112,-4,4
2315,106,87,19,19
2316,135,131,4,4
2317,115,121,-6,6
2318,111,105,6,6
2319,95,83,12,12
2320,56,72,-16,16
2321,154,137,17,17
2322,106,94,12,12
2323,71,69,2,2
2324,92,93,-1,1
2325,96,93,3,3
2326,75,72,3,3
2327,127,118,9,9
2328,66,66,0,0
2329,78,79,-1,1
2330,148,150,-2,2
2331,95,97,-2,2
2332,145,136,9,9
2333,80,81,-1,1
2334,48,74,-26,26
2335,73,80,-7,7
2336,128,139,-11,11
2337,38,43,-5,5
2338,180,174,6,6
2339,63,67,-4,4
2340,60,51,9,9
2341,149,131,18,18
2342,97,104,-7,7
2343,57,59,-2,2
2344,158,145,13,13
2345,85,90,-5,5
2346,83,67,16,16
2347,145,138,7,7
2348,76,74,2,2
2349,107,94,13,13
2350,177,168,9,9
2351,106,95,11,11
2352,73,74,-1,1
2353,43,41,2,2
2354,141,128,13,13
2355,100,102,-2,2
2356,81,98,-17,17
2357,267,179,88,88
2358,69,72,-3,3
2359,114,115,-1,1
2360,110,111,-1,1
2361,107,107,0,0
2362,95,88,7,7
2363,92,76,16,16
2364,166,131,35,35
2365,83,91,-8,8
2366,140,122,18,18
2367,102,95,7,7
2368,82,83,-1,1
2369,88,104,-16,16
2370,129,111,18,18
2371,171,157,14,14
2372,53,53,0,0
2373,139,117,22,22
2374,131,121,10,10
2375,137,124,13,13
2376,65,64,1,1
2377,83,88,-5,5
2378,191,182,9,9
2379,65,57,8,8
2380,197,177,20,20
2381,101,95,6,6
2382,147,151,-4,4
2383,159,159,0,0
2384,46,47,-1,1
2385,151,148,3,3
2386,104,90,14,14
2387,132,130,2,2
2388,67,66,1,1
2389,80,74,6,6
2390,198,195,3,3
2391,116,136,-20,20
2392,72,108,-36,36
2393,152,134,18,18
2394,63,68,-5,5
2395,61,65,-4,4
2396,112,98,14,14
2397,96,86,10,10
2398,90,83,7,7
2399,118,131,-13,13
2400,102,102,0,0
2401,65,65,0,0
2402,93,96,-3,3
2403,64,67,-3,3
2404,88,86,2,2
2405,116,109,7,7
2406,94,98,-4,4
2407,96,115,-19,19
2408,83,97,-14,14
2409,125,132,-7,7
2410,71,61,10,10
2411,147,144,3,3
2412,117,124,-7,7
2413,125,119,6,6
2414,65,72,-7,7
2415,69,71,-2,2
2416,72,76,-4,4
2417,80,100,-20,20
2418,73,63,10,10
2419,62,65,-3,3
2420,126,130,-4,4
2421,56,51,5,5
2422,90,98,-8,8
2423,95,101,-6,6
2424,67,69,-2,2
2425,37,50,-13,13
2426,128,126,2,2
2427,63,59,4,4
2428,32,67,-35,35
2429,63,54,9,9
2430,42,45,-3,3
2431,90,91,-1,1
2432,58,59,-1,1
2433,159,149,10,10
2434,114,121,-7,7
2435,76,114,-38,38
2436,71,74,-3,3
2437,91,85,6,6
2438,144,146,-2,2
2439,71,73,-2,2
2440,70,77,-7,7
2441,109,108,1,1
2442,86,83,3,3
2443,114,112,2,2
2444,66,59,7,7
2445,92,89,3,3
2446,71,65,6,6
2447,92,84,8,8
2448,137,132,5,5
2449,73,88,-15,15
2450,73,86,-13,13
2451,101,90,11,11
2452,119,111,8,8
2453,97,103,-6,6
2454,110,105,5,5
2455,69,72,-3,3
2456,81,72,9,9
2457,67,63,4,4
2458,139,134,5,5
2459,88,89,-1,1
2460,114,92,22,22
2461,64,63,1,1
2462,86,86,0,0
2463,122,125,-3,3
2464,122,131,-9,9
2465,94,86,8,8
2466,128,142,-14,14
2467,83,81,2,2
2468,92,87,5,5
2469,175,165,10,10
2470,141,140,1,1
2471,72,78,-6,6
2472,135,153,-18,18
2473,84,78,6,6
2474,123,118,5,5
2475,113,118,-5,5
2476,135,129,6,6
2477,83,83,0,0
2478,58,60,-2,2
2479,146,148,-2,2
2480,123,130,-7,7
2481,50,64,-14,14
2482,67,79,-12,12
2483,80,83,-3,3
2484,136,137,-1,1
2485,165,155,10,10
2486,84,75,9,9
2487,107,103,4,4
2488,151,141,10,10
2489,111,100,11,11
2490,51,54,-3,3
2491,78,74,4,4
2492,145,133,12,12
2493,54,54,0,0
2494,86,73,13,13
2495,93,94,-1,1
2496,117,122,-5,5
2497,52,69,-17,17
2498,84,102,-18,18
2499,196,195,1,1
2500,70,74,-4,4
2501,166,168,-2,2
2502,103,93,10,10
2503,67,91,-24,24
2504,54,40,14,14
2505,91,95,-4,4
2506,124,129,-5,5
2507,80,79,1,1
2508,111,110,1,1
2509,108,93,15,15
2510,134,133,1,1
2511,98,91,7,7
2512,64,83,-19,19
2513,73,70,3,3
2514,94,98,-4,4
2515,61,69,-8,8
2516,90,92,-2,2
2517,102,103,-1,1
2518,150,143,7,7
2519,97,103,-6,6
2520,76,75,1,1
2521,58,61,-3,3
2522,90,81,9,9
2523,70,65,5,5
2524,65,67,-2,2
2525,78,79,-1,1
2526,53,51,2,2
2527,83,77,6,6
2528,103,144,-41,41
2529,74,75,-1,1
2530,173,169,4,4
2531,63,63,0,0
2532,104,101,3,3
2533,96,105,-9,9
2534,110,126,-16,16
2535,83,82,1,1
2536,89,82,7,7
2537,95,101,-6,6
2538,74,80,-6,6
2539,55,71,-16,16
2540,117,122,-5,5
2541,32,32,0,0
2542,64,78,-14,14
2543,103,82,21,21
2544,121,125,-4,4
2545,129,115,14,14
2546,90,85,5,5
2547,119,153,-34,34
2548,105,93,12,12
2549,78,63,15,15
2550,159,153,6,6
2551,73,72,1,1
2552,128,124,4,4
2553,149,150,-1,1
2554,129,118,11,11
2555,87,109,-22,22
2556,69,71,-2,2
2557,120,112,8,8
2558,57,60,-3,3
2559,107,120,-13,13
2560,56,56,0,0
2561,128,96,32,32
2562,153,141,12,12
2563,114,125,-11,11
2564,96,97,-1,1
2565,111,109,2,2
2566,130,132,-2,2
2567,88,85,3,3
2568,75,75,0,0
2569,85,86,-1,1
2570,105,105,0,0
2571,48,71,-23,23
2572,98,92,6,6
2573,62,65,-3,3
2574,142,129,13,13
2575,91,105,-14,14
2576,85,88,-3,3
2577,67,63,4,4
2578,116,106,10,10
2579,82,87,-5,5
2580,136,140,-4,4
2581,145,130,15,15
2582,76,77,-1,1
2583,46,50,-4,4
2584,112,129,-17,17
2585,119,124,-5,5
2586,75,87,-12,12
2587,58,66,-8,8
2588,90,98,-8,8
2589,106,116,-10,10
2590,117,112,5,5
2591,97,97,0,0
2592,142,139,3,3
2593,156,146,10,10
2594,136,59,77,77
2595,73,75,-2,2
2596,98,82,16,16
2597,79,84,-5,5
2598,130,138,-8,8
2599,114,116,-2,2
2600,122,105,17,17
2601,87,90,-3,3
2602,136,127,9,9
2603,157,152,5,5
2604,53,48,5,5
2605,106,101,5,5
2606,62,66,-4,4
2607,87,93,-6,6
2608,75,75,0,0
2609,71,64,7,7
2610,87,89,-2,2
2611,81,74,7,7
2612,110,96,14,14
2613,119,120,-1,1
2614,103,97,6,6
2615,65,57,8,8
2616,137,131,6,6
2617,66,76,-10,10
2618,78,68,10,10
2619,93,95,-2,2
2620,117,106,11,11
2621,95,80,15,15
2622,88,84,4,4
2623,102,89,13,13
2624,49,51,-2,2
2625,82,72,10,10
2626,70,66,4,4
2627,78,83,-5,5
2628,75,63,12,12
2629,80,133,-53,53
2630,133,125,8,8
2631,82,82,0,0
2632,147,96,51,51
2633,174,159,15,15
2634,65,72,-7,7
2635,95,85,10,10
2636,105,97,8,8
2637,72,69,3,3
2638,78,72,6,6
2639,137,131,6,6
2640,153,140,13,13
2641,131,156,-25,25
2642,53,62,-9,9
2643,88,84,4,4
2644,74,79,-5,5
2645,62,55,7,7
2646,97,106,-9,9
2647,121,113,8,8
2648,106,115,-9,9
2649,76,109,-33,33
2650,103,103,0,0
2651,87,83,4,4
2652,67,53,14,14
2653,68,86,-18,18
2654,123,122,1,1
2655,68,65,3,3
2656,115,103,12,12
2657,116,109,7,7
2658,95,89,6,6
2659,57,65,-8,8
2660,106,100,6,6
2661,85,82,3,3
2662,106,95,11,11
2663,87,84,3,3
2664,86,81,5,5
2665,84,91,-7,7
2666,60,64,-4,4
2667,99,100,-1,1
2668,84,82,2,2
2669,60,53,7,7
2670,134,110,24,24
2671,130,141,-11,11
2672,78,73,5,5
2673,62,58,4,4
2674,90,78,12,12
2675,105,111,-6,6
2676,104,97,7,7
2677,102,96,6,6
2678,125,139,-14,14
2679,74,104,-30,30
2680,100,97,3,3
2681,103,109,-6,6
2682,77,73,4,4
2683,86,95,-9,9
2684,97,109,-12,12
2685,81,78,3,3
2686,88,101,-13,13
2687,52,51,1,1
2688,59,66,-7,7
2689,89,71,18,18
2690,51,64,-13,13
2691,45,51,-6,6
2692,103,116,-13,13
2693,70,75,-5,5
2694,148,148,0,0
2695,91,92,-1,1
2696,45,56,-11,11
2697,146,153,-7,7
2698,119,116,3,3
2699,107,114,-7,7
2700,170,151,19,19
2701,62,56,6,6
2702,130,115,15,15
2703,40,50,-10,10
2704,91,78,13,13
2705,61,58,3,3
2706,72,70,2,2
2707,113,113,0,0
2708,120,94,26,26
2709,52,47,5,5
2710,43,45,-2,2
2711,63,59,4,4
2712,106,116,-10,10
2713,109,105,4,4
2714,136,139,-3,3
2715,100,100,0,0
2716,58,58,0,0
2717,64,58,6,6
2718,135,134,1,1
2719,125,128,-3,3
2720,91,106,-15,15
2721,81,80,1,1
2722,53,51,2,2
2723,120,112,8,8
2724,96,93,3,3
2725,42,48,-6,6
2726,122,132,-10,10
2727,67,63,4,4
2728,97,93,4,4
2729,65,73,-8,8
2730,86,91,-5,5
2731,72,67,5,5
2732,62,60,2,2
2733,72,63,9,9
2734,83,65,18,18
2735,129,130,-1,1
2736,109,109,0,0
2737,72,78,-6,6
2738,78,79,-1,1
2739,175,177,-2,2
2740,125,125,0,0
2741,65,53,12,12
2742,122,114,8,8
2743,79,82,-3,3
2744,35,53,-18,18
2745,86,97,-11,11
2746,120,113,7,7
2747,96,96,0,0
2748,152,148,4,4
2749,114,119,-5,5
2750,94,102,-8,8
2751,67,65,2,2
2752,94,99,-5,5
2753,145,128,17,17
2754,52,57,-5,5
2755,108,104,4,4
2756,86,96,-10,10
2757,91,89,2,2
2758,132,131,1,1
2759,160,162,-2,2
2760,94,93,1,1
2761,136,127,9,9
2762,46,48,-2,2
2763,76,77,-1,1
2764,66,75,-9,9
2765,72,71,1,1
2766,102,98,4,4
2767,77,76,1,1
2768,56,57,-1,1
2769,139,143,-4,4
2770,217,207,10,10
2771,105,105,0,0
2772,86,75,11,11
2773,172,168,4,4
2774,131,125,6,6
2775,141,143,-2,2
2776,85,72,13,13
2777,68,61,7,7
2778,90,83,7,7
2779,75,80,-5,5
2780,82,76,6,6
2781,76,79,-3,3
2782,92,96,-4,4
2783,76,82,-6,6
2784,108,113,-5,5
2785,99,95,4,4
2786,65,71,-6,6
2787,101,108,-7,7
2788,196,176,20,20
2789,80,84,-4,4
2790,130,126,4,4
2791,57,58,-1,1
2792,105,101,4,4
2793,83,92,-9,9
2794,75,82,-7,7
2795,37,51,-14,14
2796,92,98,-6,6
2797,70,67,3,3
2798,35,44,-9,9
2799,120,106,14,14
2800,87,67,20,20
2801,56,53,3,3
2802,84,79,5,5
2803,185,170,15,15
2804,95,74,21,21
2805,76,69,7,7
2806,60,54,6,6
2807,84,82,2,2
2808,67,67,0,0
2809,79,66,13,13
2810,106,99,7,7
2811,121,119,2,2
2812,81,79,2,2
2813,93,81,12,12
2814,150,135,15,15
2815,104,110,-6,6
2816,95,90,5,5
2817,120,106,14,14
2818,140,127,13,13
2819,106,118,-12,12
2820,92,77,15,15
2821,75,64,11,11
2822,69,86,-17,17
2823,78,57,21,21
2824,57,61,-4,4
2825,71,65,6,6
2826,110,106,4,4
2827,90,89,1,1
2828,58,58,0,0
2829,52,46,6,6
2830,108,114,-6,6
2831,53,66,-13,13
2832,102,102,0,0
2833,89,93,-4,4
2834,158,138,20,20
2835,81,68,13,13
2836,93,102,-9,9
2837,127,121,6,6
2838,117,114,3,3
2839,105,93,12,12
2840,133,131,2,2
2841,106,96,10,10
2842,149,149,0,0
2843,117,114,3,3
2844,92,86,6,6
2845,74,68,6,6
2846,156,136,20,20
2847,90,91,-1,1
2848,116,120,-4,4
2849,118,130,-12,12
2850,109,115,-6,6
2851,110,116,-6,6
2852,84,87,-3,3
2853,120,111,9,9
2854,145,160,-15,15
2855,64,67,-3,3
2856,95,112,-17,17
2857,54,52,2,2
2858,109,104,5,5
2859,81,73,8,8
2860,74,78,-4,4
2861,123,126,-3,3
2862,88,86,2,2
2863,153,166,-13,13
2864,119,132,-13,13
2865,100,92,8,8
2866,91,79,12,12
2867,85,66,19,19
2868,72,68,4,4
2869,137,131,6,6
2870,120,151,-31,31
2871,58,59,-1,1
2872,106,102,4,4
2873,100,83,17,17
2874,75,79,-4,4
2875,71,62,9,9
2876,90,95,-5,5
2877,56,56,0,0
2878,109,107,2,2
2879,97,105,-8,8
2880,95,94,1,1
2881,84,75,9,9
2882,64,58,6,6
2883,79,75,4,4
2884,66,67,-1,1
2885,65,74,-9,9
2886,117,119,-2,2
2887,143,144,-1,1
2888,65,55,10,10
2889,80,85,-5,5
2890,111,128,-17,17
2891,116,107,9,9
2892,80,128,-48,48
2893,89,87,2,2
2894,181,159,22,22
2895,95,86,9,9
2896,81,82,-1,1
2897,172,131,41,41
2898,137,115,22,22
2899,83,76,7,7
2900,98,86,12,12
2901,131,121,10,10
2902,75,71,4,4
2903,160,159,1,1
2904,115,103,12,12
2905,124,121,3,3
2906,121,105,16,16
2907,113,102,11,11
2908,116,111,5,5
2909,62,67,-5,5
2910,94,76,18,18
2911,92,94,-2,2
2912,144,136,8,8
2913,37,48,-11,11
2914,65,66,-1,1
2915,159,168,-9,9
2916,76,70,6,6
2917,116,124,-8,8
2918,79,70,9,9
2919,89,93,-4,4
2920,79,82,-3,3
2921,100,114,-14,14
2922,92,90,2,2
2923,90,81,9,9
2924,53,54,-1,1
2925,97,103,-6,6
2926,148,134,14,14
2927,104,118,-14,14
2928,57,65,-8,8
2929,71,70,1,1
2930,116,110,6,6
2931,191,189,2,2
2932,122,117,5,5
2933,60,63,-3,3
2934,125,139,-14,14
2935,69,71,-2,2
2936,98,96,2,2
2937,131,122,9,9
2938,105,112,-7,7
2939,103,98,5,5
2940,60,58,2,2
2941,67,64,3,3
2942,118,113,5,5
2943,58,78,-20,20
2944,76,72,4,4
2945,109,75,34,34
2946,72,64,8,8
2947,87,81,6,6
2948,57,52,5,5
2949,85,80,5,5
2950,78,76,2,2
2951,88,83,5,5
2952,75,59,16,16
2953,124,112,12,12
2954,84,78,6,6
2955,112,105,7,7
2956,98,88,10,10
2957,152,144,8,8
2958,54,61,-7,7
2959,121,129,-8,8
2960,164,126,38,38
2961,58,53,5,5
2962,164,145,19,19
2963,47,51,-4,4
2964,163,167,-4,4
2965,104,95,9,9
2966,66,66,0,0
2967,111,106,5,5
2968,60,67,-7,7
2969,45,43,2,2
2970,98,78,20,20
2971,129,117,12,12
2972,94,94,0,0
2973,100,103,-3,3
2974,88,89,-1,1
2975,79,75,4,4
2976,73,69,4,4
2977,125,117,8,8
2978,91,96,-5,5
2979,102,111,-9,9
2980,137,133,4,4
2981,186,166,20,20
2982,67,72,-5,5
2983,59,66,-7,7
2984,36,47,-11,11
2985,128,130,-2,2
2986,80,69,11,11
2987,102,125,-23,23
2988,137,124,13,13
2989,58,35,23,23
2990,94,110,-16,16
2991,90,80,10,10
2992,110,95,15,15
2993,101,111,-10,10
2994,78,83,-5,5
2995,121,105,16,16
2996,87,87,0,0
2997,81,113,-32,32
2998,70,71,-1,1
2999,142,137,5,5
3000,93,98,-5,5
3001,98,82,16,16
3002,125,134,-9,9
3003,65,61,4,4
3004,126,121,5,5
3005,77,72,5,5
3006,79,82,-3,3
3007,85,95,-10,10
3008,65,73,-8,8
3009,74,76,-2,2
3010,124,116,8,8
3011,112,87,25,25
3012,99,111,-12,12
3013,73,64,9,9
3014,97,119,-22,22
3015,73,73,0,0
3016,58,88,-30,30
3017,172,161,11,11
3018,91,87,4,4
3019,67,64,3,3
3020,100,102,-2,2
3021,110,117,-7,7
3022,58,65,-7,7
3023,96,100,-4,4
3024,69,78,-9,9
3025,91,87,4,4
3026,64,64,0,0
3027,71,87,-16,16
3028,49,63,-14,14
3029,88,88,0,0
3030,147,128,19,19
3031,71,71,0,0
3032,117,113,4,4
3033,89,92,-3,3
3034,95,94,1,1
3035,78,78,0,0
3036,82,100,-18,18
3037,72,77,-5,5
3038,137,104,33,33
3039,122,99,23,23
3040,115,116,-1,1
3041,120,110,10,10
3042,119,127,-8,8
3043,84,87,-3,3
3044,88,78,10,10
3045,60,56,4,4
3046,115,114,1,1
3047,81,71,10,10
3048,136,148,-12,12
3049,85,98,-13,13
3050,100,114,-14,14
3051,118,128,-10,10
3052,109,102,7,7
3053,61,71,-10,10
3054,105,96,9,9
3055,206,178,28,28
3056,112,118,-6,6
3057,83,76,7,7
3058,181,173,8,8
3059,151,144,7,7
3060,104,89,15,15
3061,83,98,-15,15
3062,109,95,14,14
3063,62,57,5,5
3064,76,79,-3,3
3065,86,92,-6,6
3066,127,123,4,4
3067,83,78,5,5
3068,122,115,7,7
3069,103,105,-2,2
3070,107,104,3,3
3071,94,88,6,6
3072,103,83,20,20
3073,72,66,6,6
3074,66,64,2,2
3075,70,78,-8,8
3076,54,64,-10,10
3077,57,59,-2,2
3078,165,169,-4,4
3079,125,114,11,11
3080,125,118,7,7
3081,92,74,18,18
3082,53,46,7,7
3083,106,137,-31,31
3084,95,98,-3,3
3085,94,86,8,8
3086,72,66,6,6
3087,78,73,5,5
3088,113,119,-6,6
3089,106,97,9,9
3090,101,103,-2,2
3091,102,122,-20,20
3092,95,87,8,8
3093,69,67,2,2
3094,74,66,8,8
3095,104,85,19,19
3096,78,78,0,0
3097,86,86,0,0
3098,41,33,8,8
3099,86,87,-1,1
3100,80,80,0,0
3101,182,167,15,15
3102,83,85,-2,2
3103,65,61,4,4
3104,81,73,8,8
3105,159,144,15,15
3106,103,92,11,11
3107,102,92,10,10
3108,60,49,11,11
3109,142,121,21,21
3110,62,68,-6,6
3111,129,121,8,8
3112,79,81,-2,2
3113,87,83,4,4
3114,127,118,9,9
3115,56,66,-10,10
3116,94,110,-16,16
3117,90,84,6,6
3118,62,68,-6,6
3119,60,61,-1,1
3120,110,140,-30,30
3121,98,96,2,2
3122,58,61,-3,3
3123,88,94,-6,6
3124,35,49,-14,14
3125,138,140,-2,2
3126,73,71,2,2
3127,99,87,12,12
3128,87,75,12,12
3129,69,70,-1,1
3130,102,89,13,13
3131,89,91,-2,2
3132,106,93,13,13
3133,116,114,2,2
3134,69,68,1,1
3135,75,74,1,1
3136,91,84,7,7
3137,67,72,-5,5
3138,133,138,-5,5
3139,76,70,6,6
3140,103,93,10,10
3141,71,66,5,5
3142,135,129,6,6
3143,99,97,2,2
3144,104,98,6,6
3145,146,136,10,10
3146,57,43,14,14
3147,108,113,-5,5
3148,82,84,-2,2
3149,106,98,8,8
3150,110,113,-3,3
3151,98,98,0,0
3152,62,53,9,9
3153,102,100,2,2
3154,130,130,0,0
3155,108,94,14,14
3156,61,62,-1,1
3157,73,92,-19,19
3158,54,52,2,2
3159,63,51,12,12
3160,140,119,21,21
3161,47,108,-61,61
3162,68,72,-4,4
3163,134,110,24,24
3164,106,107,-1,1
3165,72,69,3,3
3166,107,102,5,5
3167,107,113,-6,6
3168,53,47,6,6
3169,112,106,6,6
3170,124,124,0,0
3171,103,102,1,1
3172,76,81,-5,5
3173,103,106,-3,3
3174,92,93,-1,1
3175,40,48,-8,8
3176,79,74,5,5
3177,83,96,-13,13
3178,77,73,4,4
3179,75,70,5,5
3180,63,57,6,6
3181,134,138,-4,4
3182,66,58,8,8
3183,173,163,10,10
3184,100,92,8,8
3185,119,99,20,20
3186,143,144,-1,1
3187,61,66,-5,5
3188,59,74,-15,15
3189,91,98,-7,7
3190,61,48,13,13
3191,127,136,-9,9
3192,164,162,2,2
3193,81,74,7,7
3194,136,128,8,8
3195,73,79,-6,6
3196,72,72,0,0
3197,82,78,4,4
3198,79,76,3,3
3199,70,73,-3,3
3200,95,93,2,2
3201,63,66,-3,3
3202,67,52,15,15
3203,127,133,-6,6
3204,107,100,7,7
3205,58,57,1,1
3206,91,85,6,6
3207,60,58,2,2
3208,94,107,-13,13
3209,90,75,15,15
3210,49,67,-18,18
3211,94,130,-36,36
3212,68,71,-3,3
3213,86,73,13,13
3214,107,96,11,11
3215,54,85,-31,31
3216,88,80,8,8
3217,69,65,4,4
3218,85,75,10,10
3219,99,95,4,4
3220,116,124,-8,8
3221,113,115,-2,2
3222,42,55,-13,13
3223,36,42,-6,6
3224,52,53,-1,1
3225,88,78,10,10
3226,62,69,-7,7
3227,87,86,1,1
3228,97,115,-18,18
3229,94,93,1,1
3230,113,101,12,12
3231,168,135,33,33
3232,107,102,5,5
3233,130,134,-4,4
3234,169,113,56,56
3235,84,86,-2,2
3236,151,122,29,29
3237,75,69,6,6
3238,73,69,4,4
3239,64,69,-5,5
3240,144,151,-7,7
3241,86,82,4,4
3242,91,84,7,7
3243,76,69,7,7
3244,112,126,-14,14
3245,46,102,-56,56
3246,51,23,28,28
3247,116,105,11,11
3248,106,127,-21,21
3249,63,72,-9,9
3250,115,107,8,8
3251,151,167,-16,16
3252,70,63,7,7
3253,153,151,2,2
3254,66,60,6,6
3255,95,96,-1,1
3256,71,77,-6,6
3257,75,92,-17,17
3258,83,79,4,4
3259,75,68,7,7
3260,111,100,11,11
3261,95,96,-1,1
3262,133,114,19,19
3263,56,56,0,0
3264,42,47,-5,5
3265,61,72,-11,11
3266,72,68,4,4
3267,60,62,-2,2
3268,95,79,16,16
3269,115,121,-6,6
3270,101,103,-2,2
3271,65,66,-1,1
3272,100,107,-7,7
3273,69,65,4,4
3274,81,84,-3,3
3275,82,95,-13,13
3276,107,93,14,14
3277,112,122,-10,10
3278,99,93,6,6
3279,75,79,-4,4
3280,161,154,7,7
3281,76,77,-1,1
3282,142,118,24,24
3283,111,97,14,14
3284,78,73,5,5
3285,137,139,-2,2
3286,40,43,-3,3
3287,65,64,1,1
3288,88,87,1,1
3289,103,85,18,18
3290,143,171,-28,28
3291,37,47,-10,10
3292,65,65,0,0
3293,90,75,15,15
3294,97,82,15,15
3295,107,102,5,5
3296,104,105,-1,1
3297,151,129,22,22
3298,98,91,7,7
3299,91,100,-9,9
3300,90,74,16,16
3301,79,89,-10,10
3302,62,57,5,5
3303,83,71,12,12
3304,102,113,-11,11
3305,92,92,0,0
3306,48,47,1,1
3307,103,98,5,5
3308,65,52,13,13
3309,84,81,3,3
3310,57,60,-3,3
3311,108,114,-6,6
3312,80,79,1,1
3313,66,83,-17,17
3314,106,117,-11,11
3315,52,58,-6,6
3316,107,126,-19,19
3317,107,96,11,11
3318,57,54,3,3
3319,137,152,-15,15
3320,69,71,-2,2
3321,90,93,-3,3
3322,65,63,2,2
3323,49,50,-1,1
3324,153,151,2,2
3325,119,112,7,7
3326,75,80,-5,5
3327,160,147,13,13
3328,140,141,-1,1
3329,146,163,-17,17
3330,104,88,16,16
3331,94,101,-7,7
3332,60,53,7,7
3333,118,111,7,7
3334,71,65,6,6
3335,66,66,0,0
3336,183,168,15,15
3337,103,94,9,9
3338,119,108,11,11
3339,107,118,-11,11
3340,92,82,10,10
3341,89,92,-3,3
3342,116,88,28,28
3343,84,77,7,7
3344,118,116,2,2
3345,52,48,4,4
3346,75,80,-5,5
3347,163,149,14,14
3348,96,97,-1,1
3349,104,107,-3,3
3350,135,119,16,16
3351,78,69,9,9
3352,127,118,9,9
3353,96,91,5,5
3354,123,104,19,19
3355,119,120,-1,1
3356,83,82,1,1
3357,107,100,7,7
3358,96,88,8,8
3359,105,104,1,1
3360,142,115,27,27
3361,67,68,-1,1
3362,67,74,-7,7
3363,126,128,-2,2
3364,59,66,-7,7
3365,59,71,-12,12
3366,74,78,-4,4
3367,87,82,5,5
3368,69,61,8,8
3369,66,66,0,0
3370,117,103,14,14
3371,186,162,24,24
3372,63,75,-12,12
3373,125,126,-1,1
3374,87,78,9,9
3375,97,100,-3,3
3376,96,78,18,18
3377,49,52,-3,3
3378,105,107,-2,2
3379,48,59,-11,11
3380,111,100,11,11
3381,98,100,-2,2
3382,123,120,3,3
3383,74,58,16,16
3384,55,60,-5,5
3385,124,123,1,1
3386,151,150,1,1
3387,54,51,3,3
3388,44,43,1,1
3389,78,74,4,4
3390,141,152,-11,11
3391,85,125,-40,40
3392,40,117,-77,77
3393,77,71,6,6
3394,104,110,-6,6
3395,71,63,8,8
3396,94,100,-6,6
3397,98,105,-7,7
3398,56,59,-3,3
3399,64,59,5,5
3400,107,100,7,7
3401,58,59,-1,1
3402,40,51,-11,11
3403,107,94,13,13
3404,110,106,4,4
3405,124,111,13,13
3406,100,98,2,2
3407,88,95,-7,7
3408,131,108,23,23
3409,93,82,11,11
3410,134,141,-7,7
3411,81,90,-9,9
3412,81,82,-1,1
3413,84,81,3,3
3414,86,87,-1,1
3415,152,154,-2,2
3416,64,65,-1,1
3417,73,83,-10,10
3418,118,108,10,10
3419,73,55,18,18
3420,88,79,9,9
3421,112,124,-12,12
3422,141,129,12,12
3423,150,154,-4,4
3424,105,99,6,6
3425,163,148,15,15
3426,29,35,-6,6
3427,94,95,-1,1
3428,67,63,4,4
3429,98,110,-12,12
3430,89,88,1,1
3431,106,98,8,8
3432,100,107,-7,7
3433,107,102,5,5
3434,64,62,2,2
3435,45,54,-9,9
3436,77,74,3,3
3437,144,134,10,10
3438,103,98,5,5
3439,67,89,-22,22
3440,38,60,-22,22
3441,116,111,5,5
3442,102,103,-1,1
3443,119,108,11,11
3444,88,83,5,5
3445,111,107,4,4
3446,48,48,0,0
3447,131,102,29,29
3448,86,83,3,3
3449,76,74,2,2
3450,80,101,-21,21
3451,99,110,-11,11
3452,132,126,6,6
3453,91,104,-13,13
3454,105,125,-20,20
3455,159,166,-7,7
3456,117,107,10,10
3457,142,141,1,1
3458,69,57,12,12
3459,79,111,-32,32
3460,134,137,-3,3
3461,101,87,14,14
3462,94,93,1,1
3463,97,106,-9,9
3464,112,92,20,20
3465,70,63,7,7
3466,139,124,15,15
3467,120,116,4,4
3468,93,84,9,9
3469,70,73,-3,3
3470,77,67,10,10
3471,91,91,0,0
3472,57,53,4,4
3473,75,91,-16,16
3474,64,52,12,12
3475,88,79,9,9
3476,90,92,-2,2
3477,82,84,-2,2
3478,54,64,-10,10
3479,101,96,5,5
3480,102,108,-6,6
3481,92,92,0,0
3482,77,80,-3,3
3483,76,76,0,0
3484,109,128,-19,19
3485,48,58,-10,10
3486,86,75,11,11
3487,91,87,4,4
3488,60,53,7,7
3489,117,117,0,0
3490,121,133,-12,12
3491,129,140,-11,11
3492,90,96,-6,6
3493,106,79,27,27
3494,80,67,13,13
3495,129,105,24,24
3496,65,75,-10,10
3497,48,46,2,2
3498,104,106,-2,2
3499,72,73,-1,1
3500,69,67,2,2
3501,115,99,16,16
3502,147,164,-17,17
3503,83,81,2,2
3504,96,97,-1,1
3505,83,82,1,1
3506,106,106,0,0
3507,83,99,-16,16
3508,94,75,19,19
3509,101,85,16,16
3510,112,121,-9,9
3511,56,71,-15,15
3512,106,106,0,0
3513,93,86,7,7
3514,83,97,-14,14
3515,60,65,-5,5
3516,116,117,-1,1
3517,127,109,18,18
3518,65,61,4,4
3519,134,131,3,3
3520,45,51,-6,6
3521,74,77,-3,3
3522,107,106,1,1
3523,97,95,2,2
3524,145,151,-6,6
3525,101,101,0,0
3526,104,91,13,13
3527,90,87,3,3
3528,98,86,12,12
3529,107,109,-2,2
3530,66,61,5,5
3531,76,84,-8,8
3532,39,49,-10,10
3533,89,89,0,0
3534,47,58,-11,11
3535,68,78,-10,10
3536,47,68,-21,21
3537,194,167,27,27
3538,107,120,-13,13
3539,155,148,7,7
3540,163,154,9,9
3541,93,52,41,41
3542,124,146,-22,22
3543,28,25,3,3
3544,101,107,-6,6
3545,70,68,2,2
3546,61,61,0,0
3547,92,83,9,9
3548,78,78,0,0
3549,51,51,0,0
3550,99,80,19,19
3551,95,98,-3,3
3552,137,116,21,21
3553,90,88,2,2
3554,84,90,-6,6
3555,72,78,-6,6
3556,83,89,-6,6
3557,94,101,-7,7
3558,86,80,6,6
3559,86,76,10,10
3560,87,84,3,3
3561,104,105,-1,1
3562,58,60,-2,2
3563,50,64,-14,14
3564,44,49,-5,5
3565,83,82,1,1
3566,97,91,6,6
3567,146,130,16,16
3568,147,125,22,22
3569,107,112,-5,5
3570,117,100,17,17
3571,152,155,-3,3
3572,130,106,24,24
3573,157,135,22,22
3574,268,251,17,17
3575,90,77,13,13
3576,101,103,-2,2
3577,73,69,4,4
3578,120,135,-15,15
3579,86,81,5,5
3580,144,134,10,10
3581,97,103,-6,6
3582,93,97,-4,4
3583,49,54,-5,5
3584,97,113,-16,16
3585,99,84,15,15
3586,63,58,5,5
3587,135,125,10,10
3588,66,64,2,2
3589,71,61,10,10
3590,74,71,3,3
3591,160,140,20,20
3592,52,60,-8,8
3593,84,66,18,18
3594,127,133,-6,6
3595,82,84,-2,2
3596,80,77,3,3
3597,108,116,-8,8
3598,104,106,-2,2
3599,106,96,10,10
3600,154,137,17,17
3601,54,64,-10,10
3602,91,97,-6,6
3603,115,115,0,0
3604,98,99,-1,1
3605,117,116,1,1
3606,46,50,-4,4
3607,93,98,-5,5
3608,50,46,4,4
3609,110,144,-34,34
3610,101,105,-4,4
3611,121,98,23,23
3612,129,128,1,1
3613,123,112,11,11
3614,55,106,-51,51
3615,97,78,19,19
3616,102,104,-2,2
3617,127,142,-15,15
3618,66,80,-14,14
3619,75,68,7,7
3620,125,134,-9,9
3621,75,63,12,12
3622,137,143,-6,6
3623,76,78,-2,2
3624,80,65,15,15
3625,93,95,-2,2
3626,213,194,19,19
3627,73,65,8,8
3628,99,96,3,3
3629,152,141,11,11
3630,110,108,2,2
3631,53,55,-2,2
3632,83,75,8,8
3633,94,102,-8,8
3634,60,60,0,0
3635,150,148,2,2
3636,146,133,13,13
3637,156,158,-2,2
3638,99,100,-1,1
3639,66,53,13,13
3640,85,85,0,0
3641,68,75,-7,7
3642,174,144,30,30
3643,112,102,10,10
3644,102,111,-9,9
3645,96,94,2,2
3646,123,115,8,8
3647,62,73,-11,11
3648,42,47,-5,5
3649,84,92,-8,8
3650,99,114,-15,15
3651,96,96,0,0
3652,94,86,8,8
3653,88,70,18,18
3654,113,111,2,2
3655,136,139,-3,3
3656,51,74,-23,23
3657,82,89,-7,7
3658,103,89,14,14
3659,109,98,11,11
3660,39,34,5,5
3661,66,63,3,3
3662,68,61,7,7
3663,97,88,9,9
3664,85,79,6,6
3665,123,124,-1,1
3666,134,138,-4,4
3667,171,161,10,10
3668,88,88,0,0
3669,83,74,9,9
3670,52,55,-3,3
3671,90,93,-3,3
3672,75,66,9,9
3673,80,73,7,7
3674,85,70,15,15
3675,113,134,-21,21
3676,85,65,20,20
3677,124,125,-1,1
3678,126,122,4,4
3679,136,125,11,11
3680,111,104,7,7
3681,122,119,3,3
3682,84,80,4,4
3683,53,98,-45,45
3684,83,84,-1,1
3685,132,129,3,3
3686,133,132,1,1
3687,96,97,-1,1
3688,53,55,-2,2
3689,87,100,-13,13
3690,63,67,-4,4
3691,92,81,11,11
3692,73,80,-7,7
3693,142,136,6,6
3694,93,79,14,14
3695,69,65,4,4
3696,59,63,-4,4
3697,120,130,-10,10
3698,52,56,-4,4
3699,50,58,-8,8
3700,80,92,-12,12
3701,68,67,1,1
3702,73,73,0,0
3703,245,209,36,36
3704,147,152,-5,5
3705,75,68,7,7
3706,59,57,2,2
3707,84,77,7,7
3708,92,92,0,0
3709,146,136,10,10
3710,183,189,-6,6
3711,64,66,-2,2
3712,101,76,25,25
3713,102,118,-16,16
3714,117,112,5,5
3715,178,149,29,29
3716,143,121,22,22
3717,68,70,-2,2
3718,90,78,12,12
3719,48,53,-5,5
3720,74,74,0,0
3721,63,59,4,4
3722,74,66,8,8
3723,83,88,-5,5
3724,89,92,-3,3
3725,112,104,8,8
3726,89,96,-7,7
3727,71,77,-6,6
3728,72,76,-4,4
3729,66,60,6,6
3730,173,166,7,7
3731,139,135,4,4
3732,94,110,-16,16
3733,48,49,-1,1
3734,102,93,9,9
3735,69,69,0,0
3736,67,54,13,13
3737,91,91,0,0
3738,109,111,-2,2
3739,39,40,-1,1
3740,146,141,5,5
3741,103,95,8,8
3742,149,151,-2,2
3743,78,66,12,12
3744,78,75,3,3
3745,76,59,17,17
3746,81,87,-6,6
3747,155,149,6,6
3748,76,77,-1,1
3749,113,113,0,0
3750,87,81,6,6
3751,81,65,16,16
3752,82,84,-2,2
3753,107,112,-5,5
3754,148,141,7,7
3755,57,64,-7,7
3756,73,64,9,9
3757,112,99,13,13
3758,48,43,5,5
3759,77,76,1,1
3760,142,141,1,1
3761,142,125,17,17
3762,122,122,0,0
3763,67,71,-4,4
3764,132,111,21,21
3765,134,155,-21,21
3766,96,92,4,4
3767,70,62,8,8
3768,84,88,-4,4
3769,108,95,13,13
3770,159,154,5,5
3771,114,109,5,5
3772,71,69,2,2
3773,88,95,-7,7
3774,95,85,10,10
3775,36,44,-8,8
3776,99,108,-9,9
3777,54,56,-2,2
3778,148,130,18,18
3779,75,54,21,21
3780,64,73,-9,9
3781,170,163,7,7
3782,176,157,19,19
3783,143,125,18,18
3784,108,100,8,8
3785,94,177,-83,83
3786,102,112,-10,10
3787,92,104,-12,12
3788,132,126,6,6
3789,84,80,4,4
3790,152,144,8,8
3791,94,75,19,19
3792,103,101,2,2
3793,122,116,6,6
3794,79,90,-11,11
3795,81,63,18,18
3796,81,86,-5,5
3797,65,63,2,2
3798,90,75,15,15
3799,85,86,-1,1
3800,74,75,-1,1
3801,110,114,-4,4
3802,62,105,-43,43
3803,132,141,-9,9
3804,94,105,-11,11
3805,77,81,-4,4
3806,69,77,-8,8
3807,90,83,7,7
3808,58,62,-4,4
3809,101,102,-1,1
3810,72,80,-8,8
3811,49,65,-16,16
3812,120,133,-13,13
3813,60,72,-12,12
3814,140,155,-15,15
3815,53,54,-1,1
3816,66,61,5,5
3817,60,61,-1,1
3818,103,102,1,1
3819,92,95,-3,3
3820,158,141,17,17
3821,71,94,-23,23
3822,73,75,-2,2
3823,66,68,-2,2
3824,149,135,14,14
3825,146,152,-6,6
3826,68,65,3,3
3827,108,106,2,2
3828,54,56,-2,2
3829,70,64,6,6
3830,98,93,5,5
3831,112,110,2,2
3832,64,53,11,11
3833,96,99,-3,3
3834,124,139,-15,15
3835,73,76,-3,3
3836,75,67,8,8
3837,97,96,1,1
3838,100,105,-5,5
3839,153,165,-12,12
3840,145,147,-2,2
3841,98,84,14,14
3842,114,95,19,19
3843,111,94,17,17
3844,68,69,-1,1
3845,60,69,-9,9
3846,87,103,-16,16
3847,74,51,23,23
3848,54,58,-4,4
3849,77,73,4,4
3850,63,62,1,1
3851,120,109,11,11
3852,107,90,17,17
3853,75,74,1,1
3854,96,101,-5,5
3855,50,45,5,5
3856,152,126,26,26
3857,133,141,-8,8
3858,140,136,4,4
3859,63,58,5,5
3860,82,92,-10,10
3861,101,118,-17,17
3862,78,71,7,7
3863,101,95,6,6
3864,74,68,6,6
3865,104,105,-1,1
3866,97,97,0,0
3867,55,66,-11,11
3868,166,157,9,9
3869,110,104,6,6
3870,76,98,-22,22
3871,81,82,-1,1
3872,128,120,8,8
3873,108,103,5,5
3874,68,61,7,7
3875,86,85,1,1
3876,79,74,5,5
3877,65,63,2,2
3878,148,145,3,3
3879,165,151,14,14
3880,96,88,8,8
3881,61,56,5,5
3882,86,70,16,16
3883,65,66,-1,1
3884,124,120,4,4
3885,94,84,10,10
3886,55,60,-5,5
3887,71,66,5,5
3888,132,116,16,16
3889,55,58,-3,3
3890,97,112,-15,15
3891,96,107,-11,11
3892,101,94,7,7
3893,100,88,12,12
3894,78,72,6,6
3895,132,133,-1,1
3896,73,63,10,10
3897,93,75,18,18
3898,51,49,2,2
3899,136,146,-10,10
3900,80,61,19,19
3901,159,166,-7,7
3902,151,132,19,19
3903,64,58,6,6
3904,75,73,2,2
3905,151,142,9,9
3906,72,83,-11,11
3907,113,91,22,22
3908,88,98,-10,10
3909,93,96,-3,3
3910,62,65,-3,3
3911,59,73,-14,14
3912,104,97,7,7
3913,133,138,-5,5
3914,66,68,-2,2
3915,90,96,-6,6
3916,98,90,8,8
3917,181,141,40,40
3918,68,65,3,3
3919,81,75,6,6
3920,148,140,8,8
3921,92,68,24,24
3922,109,103,6,6
3923,176,163,13,13
3924,236,240,-4,4
3925,112,107,5,5
3926,74,78,-4,4
3927,82,70,12,12
3928,78,76,2,2
3929,83,81,2,2
3930,89,83,6,6
3931,95,93,2,2
3932,177,172,5,5
3933,53,63,-10,10
3934,94,95,-1,1
3935,104,99,5,5
3936,63,51,12,12
3937,94,95,-1,1
3938,95,89,6,6
3939,122,107,15,15
3940,135,124,11,11
3941,170,159,11,11
3942,104,113,-9,9
3943,153,136,17,17
3944,70,72,-2,2
3945,124,120,4,4
3946,81,72,9,9
3947,143,133,10,10
3948,86,99,-13,13
3949,87,92,-5,5
3950,92,85,7,7
3951,111,103,8,8
3952,73,75,-2,2
3953,83,76,7,7
3954,117,111,6,6
3955,92,86,6,6
3956,70,85,-15,15
3957,107,103,4,4
3958,62,67,-5,5
3959,96,92,4,4
3960,93,87,6,6
3961,50,45,5,5
3962,61,60,1,1
3963,118,116,2,2
3964,117,122,-5,5
3965,116,118,-2,2
3966,183,168,15,15
3967,56,59,-3,3
3968,67,68,-1,1
3969,81,71,10,10
3970,117,107,10,10
3971,98,82,16,16
3972,63,61,2,2
3973,62,58,4,4
3974,84,90,-6,6
3975,156,156,0,0
3976,105,92,13,13
3977,89,79,10,10
3978,132,138,-6,6
3979,106,112,-6,6
3980,111,102,9,9
3981,150,134,16,16
3982,95,109,-14,14
3983,20,59,-39,39
3984,99,107,-8,8
3985,103,93,10,10
3986,73,82,-9,9
3987,83,90,-7,7
3988,69,54,15,15
3989,130,132,-2,2
3990,106,94,12,12
3991,104,88,16,16
3992,125,139,-14,14
3993,121,100,21,21
3994,190,183,7,7
3995,116,113,3,3
3996,87,115,-28,28
3997,71,64,7,7
3998,71,81,-10,10
3999,146,155,-9,9
4000,97,96,1,1
4001,98,108,-10,10
4002,127,143,-16,16
4003,74,76,-2,2
4004,47,49,-2,2
4005,92,89,3,3
4006,82,90,-8,8
4007,118,100,18,18
4008,137,121,16,16
4009,101,94,7,7
4010,51,56,-5,5
4011,88,93,-5,5
4012,177,159,18,18
4013,82,68,14,14
4014,90,85,5,5
4015,99,86,13,13
4016,83,87,-4,4
4017,104,99,5,5
4018,83,72,11,11
4019,57,56,1,1
4020,155,154,1,1
4021,107,98,9,9
4022,72,83,-11,11
4023,72,77,-5,5
4024,102,91,11,11
4025,90,88,2,2
4026,111,93,18,18
4027,123,125,-2,2
4028,46,44,2,2
4029,81,81,0,0
4030,95,76,19,19
4031,125,115,10,10
4032,105,97,8,8
4033,74,72,2,2
4034,166,164,2,2
4035,96,95,1,1
4036,70,75,-5,5
4037,56,44,12,12
4038,66,62,4,4
4039,85,76,9,9
4040,46,44,2,2
4041,47,95,-48,48
4042,68,75,-7,7
4043,130,120,10,10
4044,141,140,1,1
4045,95,90,5,5
4046,111,102,9,9
4047,50,56,-6,6
4048,111,118,-7,7
4049,100,108,-8,8
4050,72,67,5,5
4051,80,76,4,4
4052,120,112,8,8
4053,180,155,25,25
4054,39,47,-8,8
4055,103,108,-5,5
4056,95,88,7,7
4057,146,150,-4,4
4058,110,111,-1,1
4059,48,37,11,11
4060,83,97,-14,14
4061,66,80,-14,14
4062,86,87,-1,1
4063,79,82,-3,3
4064,113,120,-7,7
4065,114,110,4,4
4066,86,69,17,17
4067,165,171,-6,6
4068,69,75,-6,6
4069,124,120,4,4
4070,103,108,-5,5
4071,76,123,-47,47
4072,118,103,15,15
4073,157,149,8,8
4074,107,95,12,12
4075,170,137,33,33
4076,58,54,4,4
4077,59,62,-3,3
4078,124,123,1,1
4079,142,126,16,16
4080,105,113,-8,8
4081,116,117,-1,1
4082,140,143,-3,3
4083,92,86,6,6
4084,130,142,-12,12
4085,113,109,4,4
4086,129,143,-14,14
4087,73,78,-5,5
4088,100,95,5,5
4089,87,91,-4,4
4090,75,78,-3,3
4091,87,85,2,2
4092,113,93,20,20
4093,64,59,5,5
4094,83,83,0,0
4095,75,70,5,5
4096,124,126,-2,2
4097,87,93,-6,6
4098,63,62,1,1
4099,78,71,7,7
4100,86,96,-10,10
4101,104,111,-7,7
4102,95,94,1,1
4103,119,125,-6,6
4104,99,105,-6,6
4105,54,56,-2,2
4106,73,73,0,0
4107,71,65,6,6
4108,83,84,-1,1
4109,182,138,44,44
4110,74,84,-10,10
4111,133,133,0,0
4112,80,73,7,7
4113,98,106,-8,8
4114,98,108,-10,10
4115,96,94,2,2
4116,84,64,20,20
4117,199,196,3,3
4118,153,131,22,22
4119,121,130,-9,9
4120,104,112,-8,8
4121,79,87,-8,8
4122,109,95,14,14
4123,74,73,1,1
4124,48,56,-8,8
4125,127,117,10,10
4126,77,72,5,5
4127,57,75,-18,18
4128,88,78,10,10
4129,76,50,26,26
4130,120,125,-5,5
4131,86,89,-3,3
4132,62,61,1,1
4133,60,55,5,5
4134,83,75,8,8
4135,90,107,-17,17
4136,69,77,-8,8
4137,65,65,0,0
4138,97,86,11,11
4139,107,101,6,6
4140,131,136,-5,5
4141,118,114,4,4
4142,107,120,-13,13
4143,72,75,-3,3
4144,153,146,7,7
4145,83,70,13,13
4146,55,59,-4,4
4147,106,105,1,1
4148,97,96,1,1
4149,176,168,8,8
4150,139,145,-6,6
4151,84,89,-5,5
4152,112,94,18,18
4153,58,63,-5,5
4154,119,114,5,5
4155,75,62,13,13
4156,155,161,-6,6
4157,71,66,5,5
4158,150,137,13,13
4159,94,84,10,10
4160,54,61,-7,7
4161,70,75,-5,5
4162,125,130,-5,5
4163,36,54,-18,18
4164,78,80,-2,2
4165,96,92,4,4
4166,100,97,3,3
4167,106,109,-3,3
4168,129,125,4,4
4169,39,48,-9,9
4170,44,50,-6,6
4171,97,98,-1,1
4172,80,88,-8,8
4173,52,54,-2,2
4174,102,100,2,2
4175,101,93,8,8
4176,90,84,6,6
4177,151,139,12,12
4178,82,75,7,7
4179,117,109,8,8
4180,63,86,-23,23
4181,135,133,2,2
4182,71,75,-4,4
4183,96,121,-25,25
4184,123,116,7,7
4185,75,78,-3,3
4186,60,63,-3,3
4187,103,124,-21,21
4188,59,62,-3,3
4189,116,128,-12,12
4190,92,93,-1,1
4191,76,59,17,17
4192,53,55,-2,2
4193,107,108,-1,1
4194,70,69,1,1
4195,101,94,7,7
4196,88,84,4,4
4197,84,88,-4,4
4198,26,53,-27,27
4199,107,106,1,1
4200,121,121,0,0
4201,66,67,-1,1
4202,75,85,-10,10
4203,140,137,3,3
4204,87,86,1,1
4205,57,52,5,5
4206,100,87,13,13
4207,183,157,26,26
4208,131,124,7,7
4209,98,129,-31,31
4210,70,72,-2,2
4211,80,80,0,0
4212,112,115,-3,3
4213,164,171,-7,7
4214,112,97,15,15
4215,49,51,-2,2
4216,69,74,-5,5
4217,64,69,-5,5
4218,78,86,-8,8
4219,116,135,-19,19
4220,113,103,10,10
4221,123,128,-5,5
4222,101,108,-7,7
4223,100,102,-2,2
4224,84,80,4,4
4225,114,111,3,3
4226,109,91,18,18
4227,52,54,-2,2
4228,115,101,14,14
4229,106,96,10,10
4230,93,94,-1,1
4231,69,70,-1,1
4232,149,148,1,1
4233,87,89,-2,2
4234,103,93,10,10
4235,106,113,-7,7
4236,76,87,-11,11
4237,124,142,-18,18
4238,115,126,-11,11
4239,82,70,12,12
4240,152,154,-2,2
4241,138,144,-6,6
4242,196,186,10,10
4243,133,116,17,17
4244,146,151,-5,5
4245,105,113,-8,8
4246,92,106,-14,14
4247,71,73,-2,2
4248,97,97,0,0
4249,70,67,3,3
4250,107,115,-8,8
4251,80,78,2,2
4252,63,84,-21,21
4253,75,65,10,10
4254,75,78,-3,3
4255,75,81,-6,6
4256,104,95,9,9
4257,152,154,-2,2
4258,71,68,3,3
4259,107,96,11,11
4260,161,159,2,2
4261,71,74,-3,3
4262,91,78,13,13
4263,98,77,21,21
4264,108,102,6,6
4265,78,70,8,8
4266,116,117,-1,1
4267,108,95,13,13
4268,81,70,11,11
4269,65,74,-9,9
4270,111,111,0,0
4271,70,61,9,9
4272,55,60,-5,5
4273,102,88,14,14
4274,102,105,-3,3
4275,56,53,3,3
4276,100,88,12,12
4277,47,44,3,3
4278,145,135,10,10
4279,108,97,11,11
4280,143,140,3,3
4281,123,133,-10,10
4282,172,170,2,2
4283,60,61,-1,1
4284,105,85,20,20
4285,46,129,-83,83
4286,80,67,13,13
4287,114,115,-1,1
4288,189,183,6,6
4289,82,66,16,16
4290,126,126,0,0
4291,157,145,12,12
4292,147,182,-35,35
4293,27,130,-103,103
4294,79,69,10,10
4295,75,72,3,3
4296,65,57,8,8
4297,68,60,8,8
4298,126,109,17,17
4299,133,123,10,10
4300,101,86,15,15
4301,80,72,8,8
4302,103,95,8,8
4303,95,97,-2,2
4304,103,114,-11,11
4305,113,104,9,9
4306,42,40,2,2
4307,85,85,0,0
4308,82,83,-1,1
4309,104,117,-13,13
4310,85,70,15,15
4311,107,84,23,23
4312,78,73,5,5
4313,66,69,-3,3
4314,108,107,1,1
4315,90,91,-1,1
4316,88,89,-1,1
4317,59,66,-7,7
4318,79,74,5,5
4319,69,73,-4,4
4320,135,122,13,13
4321,96,113,-17,17
4322,148,145,3,3
4323,31,43,-12,12
4324,65,87,-22,22
4325,86,76,10,10
4326,47,49,-2,2
4327,83,77,6,6
4328,170,176,-6,6
4329,63,68,-5,5
4330,110,110,0,0
4331,182,157,25,25
4332,141,149,-8,8
4333,94,92,2,2
4334,81,82,-1,1
4335,87,84,3,3
4336,131,134,-3,3
4337,117,108,9,9
4338,64,64,0,0
4339,150,151,-1,1
4340,93,99,-6,6
4341,88,84,4,4
4342,90,93,-3,3
4343,86,92,-6,6
4344,96,104,-8,8
4345,173,169,4,4
4346,104,107,-3,3
4347,44,59,-15,15
4348,81,61,20,20
4349,71,66,5,5
4350,77,68,9,9
4351,82,74,8,8
4352,196,174,22,22
4353,126,122,4,4
4354,100,105,-5,5
4355,159,153,6,6
4356,61,65,-4,4
4357,54,54,0,0
4358,73,73,0,0
4359,73,82,-9,9
4360,88,79,9,9
4361,136,123,13,13
4362,94,91,3,3
4363,164,166,-2,2
4364,100,92,8,8
4365,126,129,-3,3
4366,50,53,-3,3
4367,79,82,-3,3
4368,94,118,-24,24
4369,110,128,-18,18
4370,144,151,-7,7
4371,62,55,7,7
4372,92,96,-4,4
4373,59,68,-9,9
4374,279,194,85,85
4375,149,138,11,11
4376,61,74,-13,13
4377,72,83,-11,11
4378,64,64,0,0
4379,142,138,4,4
4380,56,56,0,0
4381,140,152,-12,12
4382,221,205,16,16
4383,111,102,9,9
4384,93,82,11,11
4385,110,114,-4,4
4386,83,70,13,13
4387,65,67,-2,2
4388,154,149,5,5
4389,92,86,6,6
4390,144,135,9,9
4391,102,96,6,6
4392,131,115,16,16
4393,98,89,9,9
4394,104,102,2,2
4395,95,91,4,4
4396,108,115,-7,7
4397,89,91,-2,2
4398,139,151,-12,12
4399,116,105,11,11
4400,58,62,-4,4
4401,140,148,-8,8
4402,89,81,8,8
4403,103,116,-13,13
4404,67,81,-14,14
4405,62,62,0,0
4406,162,162,0,0
4407,77,78,-1,1
4408,99,102,-3,3
4409,92,82,10,10
4410,105,99,6,6
4411,99,84,15,15
4412,82,89,-7,7
4413,139,142,-3,3
4414,99,94,5,5
4415,82,84,-2,2
4416,95,99,-4,4
4417,101,92,9,9
4418,85,89,-4,4
4419,102,93,9,9
4420,133,148,-15,15
4421,76,71,5,5
4422,126,127,-1,1
4423,101,100,1,1
4424,119,105,14,14
4425,152,157,-5,5
4426,136,117,19,19
4427,87,84,3,3
4428,116,112,4,4
4429,60,62,-2,2
4430,96,93,3,3
4431,76,82,-6,6
4432,128,125,3,3
4433,85,79,6,6
4434,84,88,-4,4
4435,153,131,22,22
4436,72,66,6,6
4437,73,65,8,8
4438,108,92,16,16
4439,73,68,5,5
4440,94,80,14,14
4441,86,75,11,11
4442,89,75,14,14
4443,56,59,-3,3
4444,195,180,15,15
4445,70,63,7,7
4446,64,61,3,3
4447,96,91,5,5
4448,103,114,-11,11
4449,131,131,0,0
4450,93,82,11,11
4451,122,123,-1,1
4452,54,53,1,1
4453,67,78,-11,11
4454,66,62,4,4
4455,110,117,-7,7
4456,108,95,13,13
4457,119,118,1,1
4458,80,72,8,8
4459,60,67,-7,7
4460,88,81,7,7
4461,123,109,14,14
4462,59,55,4,4
4463,103,93,10,10
4464,93,88,5,5
4465,90,84,6,6
4466,157,154,3,3
4467,94,90,4,4
4468,79,79,0,0
4469,131,134,-3,3
4470,50,76,-26,26
4471,111,102,9,9
4472,106,103,3,3
4473,104,95,9,9
4474,94,103,-9,9
4475,71,57,14,14
4476,168,147,21,21
4477,102,123,-21,21
4478,58,60,-2,2
4479,49,46,3,3
4480,96,84,12,12
4481,74,72,2,2
4482,135,139,-4,4
4483,171,151,20,20
4484,70,74,-4,4
4485,118,122,-4,4
4486,90,77,13,13
4487,101,112,-11,11
4488,97,92,5,5
4489,107,94,13,13
4490,87,79,8,8
4491,43,60,-17,17
4492,79,70,9,9
4493,106,94,12,12
4494,39,37,2,2
4495,178,162,16,16
4496,74,89,-15,15
4497,36,43,-7,7
4498,68,71,-3,3
4499,114,99,15,15
4500,80,74,6,6
4501,109,120,-11,11
4502,128,112,16,16
4503,87,91,-4,4
4504,110,87,23,23
4505,100,85,15,15
4506,128,131,-3,3
4507,136,129,7,7
4508,129,118,11,11
4509,122,104,18,18
4510,102,94,8,8
4511,109,105,4,4
4512,58,60,-2,2
4513,122,125,-3,3
4514,90,95,-5,5
4515,57,52,5,5
4516,107,104,3,3
4517,168,169,-1,1
4518,98,95,3,3
4519,120,106,14,14
4520,74,67,7,7
4521,88,85,3,3
4522,96,83,13,13
4523,64,81,-17,17
4524,55,56,-1,1
4525,94,92,2,2
4526,148,125,23,23
4527,92,103,-11,11
4528,95,102,-7,7
4529,110,103,7,7
4530,83,78,5,5
4531,139,126,13,13
4532,108,93,15,15
4533,78,79,-1,1
4534,78,79,-1,1
4535,98,94,4,4
4536,104,104,0,0
4537,68,62,6,6
4538,103,103,0,0
4539,66,43,23,23
4540,100,103,-3,3
4541,123,126,-3,3
4542,74,116,-42,42
4543,136,134,2,2
4544,47,45,2,2
4545,92,99,-7,7
4546,122,111,11,11
4547,125,139,-14,14
4548,122,102,20,20
4549,61,66,-5,5
4550,82,97,-15,15
4551,112,109,3,3
4552,48,42,6,6
4553,146,157,-11,11
4554,67,63,4,4
4555,115,106,9,9
4556,165,171,-6,6
4557,87,107,-20,20
4558,40,36,4,4
4559,55,68,-13,13
4560,127,109,18,18
4561,70,73,-3,3
4562,99,105,-6,6
4563,45,52,-7,7
4564,95,86,9,9
4565,80,81,-1,1
4566,47,52,-5,5
4567,99,99,0,0
4568,118,123,-5,5
4569,104,98,6,6
4570,75,73,2,2
4571,90,83,7,7
4572,82,82,0,0
4573,163,141,22,22
4574,93,83,10,10
4575,166,172,-6,6
4576,69,62,7,7
4577,122,115,7,7
4578,148,160,-12,12
4579,56,50,6,6
4580,66,55,11,11
4581,83,106,-23,23
4582,63,59,4,4
4583,108,92,16,16
4584,123,102,21,21
4585,161,157,4,4
4586,83,109,-26,26
4587,49,43,6,6
4588,78,74,4,4
4589,101,105,-4,4
4590,38,52,-14,14
4591,98,88,10,10
4592,174,150,24,24
4593,75,89,-14,14
4594,56,56,0,0
4595,138,123,15,15
4596,38,59,-21,21
4597,51,56,-5,5
4598,69,60,9,9
4599,98,107,-9,9
4600,87,87,0,0
4601,88,84,4,4
4602,156,167,-11,11
4603,140,131,9,9
4604,92,95,-3,3
4605,49,52,-3,3
4606,82,78,4,4
4607,217,269,-52,52
4608,99,104,-5,5
4609,110,104,6,6
4610,79,79,0,0
4611,69,65,4,4
4612,87,72,15,15
4613,84,79,5,5
4614,77,68,9,9
4615,78,75,3,3
4616,100,116,-16,16
4617,112,101,11,11
4618,130,126,4,4
4619,137,91,46,46
4620,125,122,3,3
4621,86,83,3,3
4622,152,137,15,15
4623,96,99,-3,3
4624,111,110,1,1
4625,99,113,-14,14
4626,56,47,9,9
4627,211,199,12,12
4628,109,122,-13,13
4629,137,146,-9,9
4630,74,76,-2,2
4631,120,130,-10,10
4632,81,93,-12,12
4633,71,77,-6,6
4634,88,80,8,8
4635,111,106,5,5
4636,197,184,13,13
4637,85,78,7,7
4638,112,115,-3,3
4639,44,66,-22,22
4640,86,92,-6,6
4641,72,78,-6,6
4642,59,54,5,5
4643,82,89,-7,7
4644,69,62,7,7
4645,91,88,3,3
4646,142,130,12,12
4647,84,66,18,18
4648,81,84,-3,3
4649,101,100,1,1
4650,190,185,5,5
4651,107,107,0,0
4652,119,118,1,1
4653,77,75,2,2
4654,152,147,5,5
4655,64,41,23,23
4656,77,79,-2,2
4657,51,56,-5,5
4658,77,77,0,0
4659,84,83,1,1
4660,60,57,3,3
4661,107,109,-2,2
4662,87,100,-13,13
4663,116,143,-27,27
4664,160,135,25,25
4665,116,113,3,3
4666,84,86,-2,2
4667,113,114,-1,1
4668,105,101,4,4
4669,55,49,6,6
4670,91,95,-4,4
4671,113,99,14,14
4672,62,54,8,8
4673,75,72,3,3
4674,45,44,1,1
4675,177,165,12,12
4676,131,143,-12,12
4677,112,112,0,0
4678,127,121,6,6
4679,146,129,17,17
4680,138,144,-6,6
4681,93,96,-3,3
4682,65,66,-1,1
4683,168,168,0,0
4684,112,140,-28,28
4685,149,141,8,8
4686,140,148,-8,8
4687,94,90,4,4
4688,141,139,2,2
4689,75,83,-8,8
4690,134,122,12,12
4691,95,90,5,5
4692,119,100,19,19
4693,95,100,-5,5
4694,65,64,1,1
4695,95,101,-6,6
4696,97,93,4,4
4697,132,132,0,0
4698,87,85,2,2
4699,124,108,16,16
4700,115,118,-3,3
4701,45,46,-1,1
4702,110,108,2,2
4703,57,60,-3,3
4704,126,105,21,21
4705,50,45,5,5
4706,132,138,-6,6
4707,71,75,-4,4
4708,88,73,15,15
4709,91,112,-21,21
4710,79,72,7,7
4711,47,50,-3,3
4712,103,105,-2,2
4713,38,40,-2,2
4714,68,69,-1,1
4715,130,123,7,7
4716,157,157,0,0
4717,99,103,-4,4
4718,62,60,2,2
4719,79,68,11,11
4720,74,76,-2,2
4721,154,137,17,17
4722,36,51,-15,15
4723,81,82,-1,1
4724,69,67,2,2
4725,39,44,-5,5
4726,106,114,-8,8
4727,141,110,31,31
4728,71,65,6,6
4729,108,104,4,4
4730,142,134,8,8
4731,43,51,-8,8
4732,109,120,-11,11
4733,72,74,-2,2
4734,110,98,12,12
4735,84,94,-10,10
4736,88,87,1,1
4737,156,156,0,0
4738,106,114,-8,8
4739,160,167,-7,7
4740,105,100,5,5
4741,231,201,30,30
4742,111,101,10,10
4743,53,64,-11,11
4744,124,125,-1,1
4745,105,110,-5,5
4746,144,140,4,4
4747,83,89,-6,6
4748,81,86,-5,5
4749,96,99,-3,3
4750,143,134,9,9
4751,118,98,20,20
4752,77,73,4,4
4753,116,111,5,5
4754,116,85,31,31
4755,76,75,1,1
4756,73,69,4,4
4757,92,80,12,12
4758,89,83,6,6
4759,58,51,7,7
4760,70,68,2,2
4761,134,120,14,14
4762,73,80,-7,7
4763,139,141,-2,2
4764,59,65,-6,6
4765,59,61,-2,2
4766,72,90,-18,18
4767,81,83,-2,2
4768,96,87,9,9
4769,190,181,9,9
4770,131,114,17,17
4771,188,177,11,11
4772,141,151,-10,10
4773,103,93,10,10
4774,65,69,-4,4
4775,86,88,-2,2
4776,64,61,3,3
4777,115,123,-8,8
4778,58,67,-9,9
4779,150,149,1,1
4780,70,69,1,1
4781,91,98,-7,7
4782,104,92,12,12
4783,78,85,-7,7
4784,57,53,4,4
4785,117,108,9,9
4786,82,82,0,0
4787,50,61,-11,11
4788,76,71,5,5
4789,64,62,2,2
4790,140,143,-3,3
4791,88,92,-4,4
4792,41,41,0,0
4793,56,62,-6,6
4794,161,164,-3,3
4795,107,100,7,7
4796,94,90,4,4
4797,71,66,5,5
4798,163,146,17,17
4799,99,99,0,0
4800,30,56,-26,26
4801,99,88,11,11
4802,161,137,24,24
4803,82,91,-9,9
4804,92,91,1,1
4805,152,138,14,14
4806,131,104,27,27
4807,99,97,2,2
4808,50,54,-4,4
4809,80,85,-5,5
4810,99,103,-4,4
4811,69,65,4,4
4812,67,81,-14,14
4813,143,108,35,35
4814,68,68,0,0
4815,65,74,-9,9
4816,94,93,1,1
4817,55,68,-13,13
4818,94,91,3,3
4819,45,50,-5,5
4820,140,138,2,2
4821,65,60,5,5
4822,62,68,-6,6
4823,94,98,-4,4
4824,129,140,-11,11
4825,123,135,-12,12
4826,80,98,-18,18
4827,86,93,-7,7
4828,112,116,-4,4
4829,89,96,-7,7
4830,72,67,5,5
4831,65,71,-6,6
4832,90,94,-4,4
4833,71,75,-4,4
4834,107,110,-3,3
4835,140,131,9,9
4836,57,52,5,5
4837,104,112,-8,8
4838,56,79,-23,23
4839,103,119,-16,16
4840,104,101,3,3
4841,78,73,5,5
4842,126,118,8,8
4843,101,89,12,12
4844,85,86,-1,1
4845,72,65,7,7
4846,57,58,-1,1
4847,51,50,1,1
4848,102,109,-7,7
4849,85,85,0,0
4850,71,67,4,4
4851,87,83,4,4
4852,74,74,0,0
4853,104,101,3,3
4854,102,112,-10,10
4855,181,162,19,19
4856,130,142,-12,12
4857,75,83,-8,8
4858,102,100,2,2
4859,56,66,-10,10
4860,72,68,4,4
4861,90,92,-2,2
4862,66,73,-7,7
4863,82,76,6,6
4864,139,156,-17,17
4865,97,78,19,19
4866,83,88,-5,5
4867,71,83,-12,12
4868,81,71,10,10
4869,80,71,9,9
4870,152,141,11,11
4871,54,67,-13,13
4872,51,55,-4,4
4873,142,128,14,14
4874,134,145,-11,11
4875,253,290,-37,37
4876,85,97,-12,12
4877,274,218,56,56
4878,180,163,17,17
4879,85,85,0,0
4880,68,77,-9,9
4881,126,126,0,0
4882,147,140,7,7
4883,67,61,6,6
4884,58,67,-9,9
4885,146,154,-8,8
4886,170,172,-2,2
4887,80,84,-4,4
4888,117,114,3,3
4889,72,61,11,11
4890,52,63,-11,11
4891,92,93,-1,1
4892,88,89,-1,1
4893,106,110,-4,4
4894,93,98,-5,5
4895,151,149,2,2
4896,90,74,16,16
4897,71,67,4,4
4898,63,66,-3,3
4899,171,162,9,9
4900,83,61,22,22
4901,125,133,-8,8
4902,123,115,8,8
4903,119,114,5,5
4904,100,97,3,3
4905,97,114,-17,17
4906,82,76,6,6
4907,104,109,-5,5
4908,84,74,10,10
4909,133,128,5,5
4910,66,73,-7,7
4911,328,239,89,89
4912,66,66,0,0
4913,129,124,5,5
4914,60,57,3,3
4915,107,121,-14,14
4916,88,80,8,8
4917,92,116,-24,24
4918,97,80,17,17
4919,95,96,-1,1
4920,176,153,23,23
4921,93,97,-4,4
4922,124,139,-15,15
4923,80,74,6,6
4924,117,109,8,8
4925,92,87,5,5
4926,137,117,20,20
4927,160,151,9,9
4928,114,111,3,3
4929,78,60,18,18
4930,73,70,3,3
4931,62,53,9,9
4932,85,88,-3,3
4933,52,53,-1,1
4934,53,65,-12,12
4935,98,68,30,30
4936,92,99,-7,7
4937,100,101,-1,1
4938,114,106,8,8
4939,139,144,-5,5
4940,76,78,-2,2
4941,119,106,13,13
4942,41,43,-2,2
4943,53,56,-3,3
4944,268,243,25,25
4945,66,64,2,2
4946,130,128,2,2
4947,115,124,-9,9
4948,157,157,0,0
4949,50,61,-11,11
4950,75,77,-2,2
4951,79,74,5,5
4952,85,75,10,10
4953,42,68,-26,26
4954,85,73,12,12
4955,95,96,-1,1
4956,72,77,-5,5
4957,90,115,-25,25
4958,81,72,9,9
4959,109,108,1,1
4960,146,156,-10,10
4961,131,115,16,16
4962,138,128,10,10
4963,32,42,-10,10
4964,86,87,-1,1
4965,76,73,3,3
4966,73,89,-16,16
4967,132,122,10,10
4968,136,129,7,7
4969,36,42,-6,6
4970,40,58,-18,18
4971,62,60,2,2
4972,99,109,-10,10
4973,63,74,-11,11
4974,90,80,10,10
4975,63,73,-10,10
4976,63,65,-2,2
4977,73,72,1,1
4978,73,72,1,1
4979,120,148,-28,28
4980,161,148,13,13
4981,74,68,6,6
4982,74,56,18,18
4983,49,44,5,5
4984,157,158,-1,1
4985,123,132,-9,9
4986,91,83,8,8
4987,115,99,16,16
4988,85,88,-3,3
4989,66,73,-7,7
4990,102,97,5,5
4991,98,93,5,5
4992,100,100,0,0
4993,105,127,-22,22
4994,84,87,-3,3
4995,95,85,10,10
4996,108,97,11,11
4997,62,60,2,2
4998,116,120,-4,4
4999,79,65,14,14
5000,73,62,11,11
5001,50,56,-6,6
5002,97,86,11,11
5003,145,141,4,4
5004,152,128,24,24
5005,134,131,3,3
5006,110,104,6,6
5007,114,119,-5,5
5008,72,66,6,6
5009,113,117,-4,4
5010,58,64,-6,6
5011,50,30,20,20
5012,29,51,-22,22
5013,71,69,2,2
5014,90,93,-3,3
5015,140,139,1,1
5016,123,103,20,20
5017,131,116,15,15
5018,50,52,-2,2
5019,82,83,-1,1
5020,77,74,3,3
5021,98,89,9,9
5022,83,69,14,14
5023,88,78,10,10
5024,122,121,1,1
5025,87,75,12,12
5026,107,99,8,8
5027,75,86,-11,11
5028,89,86,3,3
5029,124,108,16,16
5030,105,105,0,0
5031,62,54,8,8
5032,125,113,12,12
5033,94,102,-8,8
5034,91,89,2,2
5035,74,93,-19,19
5036,82,83,-1,1
5037,60,55,5,5
5038,69,66,3,3
5039,132,122,10,10
5040,76,73,3,3
5041,169,157,12,12
5042,101,86,15,15
5043,167,153,14,14
5044,79,84,-5,5
5045,78,82,-4,4
5046,61,51,10,10
5047,137,115,22,22
5048,116,95,21,21
5049,77,76,1,1
5050,76,106,-30,30
5051,157,166,-9,9
5052,90,106,-16,16
5053,79,72,7,7
5054,131,131,0,0
5055,118,116,2,2
5056,110,99,11,11
5057,151,144,7,7
5058,159,160,-1,1
5059,95,95,0,0
5060,78,78,0,0
5061,107,119,-12,12
5062,131,129,2,2
5063,87,94,-7,7
5064,42,44,-2,2
5065,66,69,-3,3
5066,101,103,-2,2
5067,140,142,-2,2
5068,66,55,11,11
5069,43,44,-1,1
5070,100,93,7,7
5071,120,124,-4,4
5072,76,52,24,24
5073,121,129,-8,8
5074,78,83,-5,5
5075,121,130,-9,9
5076,51,59,-8,8
5077,101,103,-2,2
5078,136,139,-3,3
5079,107,108,-1,1
5080,106,113,-7,7
5081,116,131,-15,15
5082,89,82,7,7
5083,65,67,-2,2
5084,154,150,4,4
5085,130,130,0,0
5086,98,85,13,13
5087,75,95,-20,20
5088,81,83,-2,2
5089,82,81,1,1
5090,86,85,1,1
5091,93,89,4,4
5092,73,77,-4,4
5093,76,75,1,1
5094,166,164,2,2
5095,98,91,7,7
5096,120,114,6,6
5097,67,71,-4,4
5098,81,65,16,16
5099,170,162,8,8
5100,40,54,-14,14
5101,101,95,6,6
5102,80,81,-1,1
5103,121,108,13,13
5104,58,49,9,9
5105,115,104,11,11
5106,63,68,-5,5
5107,87,84,3,3
5108,148,152,-4,4
5109,102,98,4,4
5110,79,73,6,6
5111,118,103,15,15
5112,92,86,6,6
5113,110,115,-5,5
5114,131,138,-7,7
5115,139,148,-9,9
5116,68,77,-9,9
5117,122,122,0,0
5118,140,122,18,18
5119,124,122,2,2
5120,103,89,14,14
5121,59,72,-13,13
5122,80,78,2,2
5123,131,122,9,9
5124,104,93,11,11
5125,155,145,10,10
5126,89,90,-1,1
5127,68,84,-16,16
5128,79,73,6,6
5129,110,112,-2,2
5130,54,47,7,7
5131,121,147,-26,26
5132,101,106,-5,5
5133,109,115,-6,6
5134,100,96,4,4
5135,132,128,4,4
5136,71,82,-11,11
5137,89,83,6,6
5138,92,88,4,4
5139,91,88,3,3
5140,117,99,18,18
5141,100,94,6,6
5142,118,113,5,5
5143,160,122,38,38
5144,121,120,1,1
5145,88,97,-9,9
5146,152,140,12,12
5147,56,55,1,1
5148,51,91,-40,40
5149,110,91,19,19
5150,79,93,-14,14
5151,68,76,-8,8
5152,52,59,-7,7
5153,129,130,-1,1
5154,81,68,13,13
5155,39,42,-3,3
5156,55,96,-41,41
5157,53,58,-5,5
5158,92,86,6,6
5159,72,77,-5,5
5160,103,110,-7,7
5161,141,126,15,15
5162,82,79,3,3
5163,69,69,0,0
5164,168,152,16,16
5165,65,58,7,7
5166,76,78,-2,2
5167,104,96,8,8
5168,89,90,-1,1
5169,101,114,-13,13
5170,53,57,-4,4
5171,105,103,2,2
5172,90,88,2,2
5173,116,110,6,6
5174,137,121,16,16
5175,126,121,5,5
5176,43,53,-10,10
5177,65,76,-11,11
5178,76,67,9,9
5179,104,90,14,14
5180,88,83,5,5
5181,75,70,5,5
5182,82,93,-11,11
5183,40,57,-17,17
5184,77,71,6,6
5185,66,71,-5,5
5186,154,144,10,10
5187,86,74,12,12
5188,112,140,-28,28
5189,93,93,0,0
5190,130,156,-26,26
5191,177,165,12,12
5192,148,137,11,11
5193,80,82,-2,2
5194,58,60,-2,2
5195,115,106,9,9
5196,118,107,11,11
5197,66,59,7,7
5198,161,151,10,10
5199,80,85,-5,5
5200,105,97,8,8
5201,56,53,3,3
5202,66,67,-1,1
5203,93,94,-1,1
5204,105,98,7,7
5205,96,96,0,0
5206,62,64,-2,2
5207,68,87,-19,19
5208,83,85,-2,2
5209,110,102,8,8
5210,109,108,1,1
5211,147,137,10,10
5212,68,60,8,8
5213,121,109,12,12
5214,128,135,-7,7
5215,136,145,-9,9
5216,110,105,5,5
5217,84,65,19,19
5218,93,81,12,12
5219,68,70,-2,2
5220,88,84,4,4
5221,89,96,-7,7
5222,134,139,-5,5
5223,128,122,6,6
5224,79,76,3,3
5225,66,58,8,8
5226,58,48,10,10
5227,58,77,-19,19
5228,69,58,11,11
5229,56,46,10,10
5230,85,79,6,6
5231,73,76,-3,3
5232,97,100,-3,3
5233,100,81,19,19
5234,82,61,21,21
5235,65,66,-1,1
5236,90,101,-11,11
5237,66,77,-11,11
5238,58,63,-5,5
5239,62,95,-33,33
5240,50,64,-14,14
5241,84,69,15,15
5242,82,73,9,9
5243,147,153,-6,6
5244,91,77,14,14
5245,95,88,7,7
5246,121,119,2,2
5247,56,62,-6,6
5248,54,52,2,2
5249,103,99,4,4
5250,86,70,16,16
5251,85,79,6,6
5252,97,80,17,17
5253,92,74,18,18
5254,59,67,-8,8
5255,115,110,5,5
5256,116,114,2,2
5257,101,98,3,3
5258,120,94,26,26
5259,164,156,8,8
5260,55,56,-1,1
5261,91,105,-14,14
5262,75,83,-8,8
5263,121,118,3,3
5264,57,51,6,6
5265,38,48,-10,10
5266,92,85,7,7
5267,67,64,3,3
5268,120,110,10,10
5269,83,82,1,1
5270,138,135,3,3
5271,169,149,20,20
5272,59,67,-8,8
5273,47,52,-5,5
5274,46,38,8,8
5275,123,131,-8,8
5276,142,137,5,5
5277,80,85,-5,5
5278,31,30,1,1
5279,128,114,14,14
5280,112,96,16,16
5281,98,113,-15,15
5282,55,60,-5,5
5283,110,92,18,18
5284,91,99,-8,8
5285,112,93,19,19
5286,115,116,-1,1
5287,73,62,11,11
5288,106,100,6,6
5289,93,86,7,7
5290,166,176,-10,10
5291,128,146,-18,18
5292,112,104,8,8
5293,89,74,15,15
5294,74,73,1,1
5295,106,120,-14,14
5296,72,82,-10,10
5297,78,72,6,6
5298,92,88,4,4
5299,140,121,19,19
5300,103,99,4,4
5301,102,107,-5,5
5302,63,77,-14,14
5303,169,140,29,29
5304,78,75,3,3
5305,132,135,-3,3
5306,50,116,-66,66
5307,127,117,10,10
5308,138,119,19,19
5309,61,58,3,3
5310,87,87,0,0
5311,109,110,-1,1
5312,77,84,-7,7
5313,92,101,-9,9
5314,84,73,11,11
5315,140,104,36,36
5316,79,86,-7,7
5317,87,90,-3,3
5318,76,80,-4,4
5319,54,44,10,10
5320,77,77,0,0
5321,28,56,-28,28
5322,85,72,13,13
5323,41,37,4,4
5324,78,77,1,1
5325,117,108,9,9
5326,99,99,0,0
5327,130,131,-1,1
5328,58,56,2,2
5329,76,77,-1,1
5330,72,75,-3,3
5331,72,69,3,3
5332,130,112,18,18
5333,85,87,-2,2
5334,74,74,0,0
5335,117,114,3,3
5336,105,112,-7,7
5337,114,114,0,0
5338,94,147,-53,53
5339,127,120,7,7
5340,100,78,22,22
5341,100,102,-2,2
5342,114,98,16,16
5343,137,144,-7,7
5344,141,135,6,6
5345,186,175,11,11
5346,49,62,-13,13
5347,71,69,2,2
5348,144,147,-3,3
5349,108,85,23,23
5350,102,89,13,13
5351,129,129,0,0
5352,123,128,-5,5
5353,48,50,-2,2
5354,70,70,0,0
5355,81,84,-3,3
5356,72,79,-7,7
5357,76,70,6,6
5358,114,124,-10,10
5359,130,120,10,10
5360,113,131,-18,18
5361,57,52,5,5
5362,77,77,0,0
5363,117,119,-2,2
5364,79,65,14,14
5365,87,95,-8,8
5366,99,89,10,10
5367,211,190,21,21
5368,92,82,10,10
5369,119,115,4,4
5370,54,66,-12,12
5371,111,95,16,16
5372,67,67,0,0
5373,185,185,0,0
5374,68,69,-1,1
5375,190,167,23,23
5376,124,112,12,12
5377,80,90,-10,10
5378,78,74,4,4
5379,92,102,-10,10
5380,70,72,-2,2
5381,51,62,-11,11
5382,89,89,0,0
5383,82,89,-7,7
5384,83,73,10,10
5385,204,193,11,11
5386,114,111,3,3
5387,62,56,6,6
5388,100,80,20,20
5389,143,154,-11,11
5390,89,79,10,10
5391,123,130,-7,7
5392,150,146,4,4
5393,135,109,26,26
5394,114,118,-4,4
5395,94,99,-5,5
5396,158,152,6,6
5397,58,68,-10,10
5398,94,110,-16,16
5399,59,52,7,7
5400,81,92,-11,11
5401,70,67,3,3
5402,79,81,-2,2
5403,49,54,-5,5
5404,85,75,10,10
5405,85,80,5,5
5406,55,50,5,5
5407,97,101,-4,4
5408,95,93,2,2
5409,129,122,7,7
5410,53,65,-12,12
5411,109,103,6,6
5412,92,65,27,27
5413,122,87,35,35
5414,102,102,0,0
5415,98,107,-9,9
5416,68,74,-6,6
5417,108,95,13,13
5418,92,89,3,3
5419,95,91,4,4
5420,65,66,-1,1
5421,27,34,-7,7
5422,62,90,-28,28
5423,109,103,6,6
5424,72,71,1,1
5425,58,50,8,8
5426,121,107,14,14
5427,101,92,9,9
5428,63,66,-3,3
5429,38,39,-1,1
5430,145,137,8,8
5431,103,108,-5,5
5432,215,175,40,40
5433,122,113,9,9
5434,90,93,-3,3
5435,67,70,-3,3
5436,98,113,-15,15
5437,106,122,-16,16
5438,119,128,-9,9
5439,93,93,0,0
5440,48,59,-11,11
5441,87,83,4,4
5442,108,118,-10,10
5443,72,61,11,11
5444,124,111,13,13
5445,114,108,6,6
5446,43,41,2,2
5447,109,100,9,9
5448,99,98,1,1
5449,116,110,6,6
5450,72,82,-10,10
5451,122,142,-20,20
5452,98,92,6,6
5453,144,139,5,5
5454,78,69,9,9
5455,70,63,7,7
5456,114,102,12,12
5457,137,132,5,5
5458,113,103,10,10
5459,115,103,12,12
5460,85,92,-7,7
5461,63,53,10,10
5462,114,121,-7,7
5463,88,98,-10,10
5464,125,117,8,8
5465,116,120,-4,4
5466,150,107,43,43
5467,78,83,-5,5
5468,75,72,3,3
5469,81,85,-4,4
5470,116,123,-7,7
5471,64,62,2,2
5472,93,102,-9,9
5473,96,88,8,8
5474,147,160,-13,13
5475,77,76,1,1
5476,139,147,-8,8
5477,64,76,-12,12
5478,82,81,1,1
5479,70,68,2,2
5480,142,140,2,2
5481,99,83,16,16
5482,64,64,0,0
5483,80,90,-10,10
5484,69,60,9,9
5485,64,63,1,1
5486,99,99,0,0
5487,120,118,2,2
5488,80,78,2,2
5489,145,143,2,2
5490,161,139,22,22
5491,86,86,0,0
5492,123,123,0,0
5493,91,94,-3,3
5494,147,136,11,11
5495,92,94,-2,2
5496,79,78,1,1
5497,144,141,3,3
5498,72,73,-1,1
5499,91,89,2,2
5500,162,158,4,4
5501,76,80,-4,4
5502,82,84,-2,2
5503,63,68,-5,5
5504,71,80,-9,9
5505,74,69,5,5
5506,152,144,8,8
5507,102,109,-7,7
5508,70,71,-1,1
5509,46,45,1,1
5510,85,102,-17,17
5511,81,83,-2,2
5512,85,82,3,3
5513,108,96,12,12
5514,124,125,-1,1
5515,81,79,2,2
5516,97,129,-32,32
5517,137,141,-4,4
5518,125,123,2,2
5519,90,101,-11,11
5520,83,78,5,5
5521,89,85,4,4
5522,124,110,14,14
5523,101,93,8,8
5524,103,99,4,4
5525,61,69,-8,8
5526,85,70,15,15
5527,102,101,1,1
5528,83,99,-16,16
5529,91,84,7,7
5530,131,103,28,28
5531,150,145,5,5
5532,107,110,-3,3
5533,115,115,0,0
5534,126,137,-11,11
5535,129,139,-10,10
5536,95,85,10,10
5537,143,136,7,7
5538,115,117,-2,2
5539,85,71,14,14
5540,164,161,3,3
5541,95,88,7,7
5542,137,150,-13,13
5543,121,111,10,10
5544,83,74,9,9
5545,115,138,-23,23
5546,154,153,1,1
5547,115,134,-19,19
5548,88,78,10,10
5549,116,111,5,5
5550,119,99,20,20
5551,30,56,-26,26
5552,100,92,8,8
5553,132,146,-14,14
5554,186,173,13,13
5555,82,90,-8,8
5556,176,134,42,42
5557,107,97,10,10
5558,89,74,15,15
5559,94,94,0,0
5560,51,46,5,5
5561,138,149,-11,11
5562,78,75,3,3
5563,59,68,-9,9
5564,58,62,-4,4
5565,67,70,-3,3
5566,79,70,9,9
5567,54,54,0,0
5568,62,53,9,9
5569,83,77,6,6
5570,75,74,1,1
5571,115,107,8,8
5572,114,114,0,0
5573,126,109,17,17
5574,88,102,-14,14
5575,69,58,11,11
5576,38,45,-7,7
5577,71,62,9,9
5578,66,62,4,4
5579,62,55,7,7
5580,75,62,13,13
5581,59,50,9,9
5582,97,102,-5,5
5583,81,88,-7,7
5584,69,74,-5,5
5585,81,73,8,8
5586,101,100,1,1
5587,97,89,8,8
5588,60,69,-9,9
5589,119,115,4,4
5590,113,98,15,15
5591,130,114,16,16
5592,61,64,-3,3
5593,166,155,11,11
5594,51,48,3,3
5595,140,142,-2,2
5596,109,114,-5,5
5597,115,127,-12,12
5598,112,106,6,6
5599,89,89,0,0
5600,65,60,5,5
5601,97,98,-1,1
5602,81,93,-12,12
5603,59,63,-4,4
5604,52,50,2,2
5605,74,85,-11,11
5606,76,76,0,0
5607,111,107,4,4
5608,112,118,-6,6
5609,66,62,4,4
5610,96,88,8,8
5611,61,62,-1,1
5612,162,154,8,8
5613,120,110,10,10
5614,68,77,-9,9
5615,61,72,-11,11
5616,110,109,1,1
5617,114,119,-5,5
5618,41,42,-1,1
5619,63,46,17,17
5620,77,74,3,3
5621,92,81,11,11
5622,80,76,4,4
5623,40,46,-6,6
5624,56,79,-23,23
5625,72,75,-3,3
5626,123,110,13,13
5627,77,75,2,2
5628,107,94,13,13
5629,112,110,2,2
5630,72,81,-9,9
5631,99,107,-8,8
5632,118,114,4,4
5633,77,75,2,2
5634,139,131,8,8
5635,84,79,5,5
5636,62,69,-7,7
5637,100,109,-9,9
5638,80,77,3,3
5639,91,99,-8,8
5640,113,100,13,13
5641,45,44,1,1
5642,71,65,6,6
5643,122,110,12,12
5644,53,56,-3,3
5645,78,83,-5,5
5646,65,63,2,2
5647,40,54,-14,14
5648,136,125,11,11
5649,120,109,11,11
5650,104,114,-10,10
5651,85,88,-3,3
5652,89,83,6,6
5653,84,86,-2,2
5654,80,90,-10,10
5655,119,117,2,2
5656,105,101,4,4
5657,61,69,-8,8
5658,53,67,-14,14
5659,69,70,-1,1
5660,83,70,13,13
5661,122,92,30,30
5662,88,90,-2,2
5663,88,75,13,13
5664,104,99,5,5
5665,94,91,3,3
5666,133,130,3,3
5667,53,63,-10,10
5668,73,74,-1,1
5669,92,90,2,2
5670,92,76,16,16
5671,91,92,-1,1
5672,82,80,2,2
5673,87,97,-10,10
5674,135,124,11,11
5675,126,126,0,0
5676,94,92,2,2
5677,55,52,3,3
5678,104,92,12,12
5679,127,115,12,12
5680,135,131,4,4
5681,145,130,15,15
5682,99,104,-5,5
5683,96,104,-8,8
5684,103,75,28,28
5685,32,40,-8,8
5686,74,78,-4,4
5687,109,93,16,16
5688,59,56,3,3
5689,101,95,6,6
5690,69,58,11,11
5691,71,90,-19,19
5692,101,93,8,8
5693,129,144,-15,15
5694,114,109,5,5
5695,73,85,-12,12
5696,179,157,22,22
5697,81,80,1,1
5698,127,128,-1,1
5699,129,134,-5,5
5700,57,51,6,6
5701,50,58,-8,8
5702,80,63,17,17
5703,116,106,10,10
5704,93,85,8,8
5705,164,123,41,41
5706,43,50,-7,7
5707,96,103,-7,7
5708,88,78,10,10
5709,66,48,18,18
5710,97,92,5,5
5711,86,85,1,1
5712,83,98,-15,15
5713,87,79,8,8
5714,61,63,-2,2
5715,81,75,6,6
5716,164,155,9,9
5717,138,136,2,2
5718,115,123,-8,8
5719,86,81,5,5
5720,118,151,-33,33
5721,67,60,7,7
5722,87,89,-2,2
5723,74,65,9,9
5724,51,70,-19,19
5725,67,66,1,1
5726,84,88,-4,4
5727,94,85,9,9
5728,69,64,5,5
5729,115,115,0,0
5730,48,49,-1,1
5731,77,66,11,11
5732,81,76,5,5
5733,110,119,-9,9
5734,74,91,-17,17
5735,54,57,-3,3
5736,84,83,1,1
5737,70,67,3,3
5738,64,62,2,2
5739,80,86,-6,6
5740,78,73,5,5
5741,83,92,-9,9
5742,81,79,2,2
5743,34,43,-9,9
5744,149,162,-13,13
5745,50,67,-17,17
5746,57,59,-2,2
5747,75,77,-2,2
5748,139,132,7,7
5749,48,45,3,3
5750,61,56,5,5
5751,96,90,6,6
5752,64,53,11,11
5753,90,92,-2,2
5754,81,77,4,4
5755,119,130,-11,11
5756,129,125,4,4
5757,111,112,-1,1
5758,79,80,-1,1
5759,107,99,8,8
5760,77,79,-2,2
5761,67,64,3,3
5762,103,104,-1,1
5763,60,64,-4,4
5764,115,115,0,0
5765,62,52,10,10
5766,71,76,-5,5
5767,67,76,-9,9
5768,46,57,-11,11
5769,52,50,2,2
5770,55,55,0,0
5771,95,96,-1,1
5772,119,111,8,8
5773,156,158,-2,2
5774,89,81,8,8
5775,130,110,20,20
5776,149,153,-4,4
5777,53,61,-8,8
5778,103,99,4,4
5779,181,161,20,20
5780,88,102,-14,14
5781,91,88,3,3
5782,79,68,11,11
5783,64,71,-7,7
5784,85,84,1,1
5785,45,46,-1,1
5786,72,72,0,0
5787,118,108,10,10
5788,54,48,6,6
5789,98,99,-1,1
5790,79,88,-9,9
5791,63,63,0,0
5792,27,27,0,0
5793,142,136,6,6
5794,67,66,1,1
5795,146,144,2,2
5796,80,92,-12,12
5797,68,84,-16,16
5798,92,94,-2,2
5799,48,53,-5,5
5800,117,98,19,19
5801,98,100,-2,2
5802,73,68,5,5
5803,84,76,8,8
5804,95,94,1,1
5805,120,114,6,6
5806,151,145,6,6
5807,50,50,0,0
5808,93,86,7,7
5809,150,139,11,11
5810,65,76,-11,11
5811,76,76,0,0
5812,69,70,-1,1
5813,91,85,6,6
5814,81,89,-8,8
5815,92,90,2,2
5816,127,153,-26,26
5817,100,88,12,12
5818,98,98,0,0
5819,109,98,11,11
5820,69,65,4,4
5821,94,97,-3,3
5822,156,140,16,16
5823,82,93,-11,11
5824,62,61,1,1
5825,56,59,-3,3
5826,44,51,-7,7
5827,134,68,66,66
5828,75,68,7,7
5829,88,90,-2,2
5830,63,64,-1,1
5831,106,108,-2,2
5832,121,104,17,17
5833,94,97,-3,3
5834,89,94,-5,5
5835,45,52,-7,7
5836,76,79,-3,3
5837,85,80,5,5
5838,129,142,-13,13
5839,113,108,5,5
5840,127,119,8,8
5841,129,155,-26,26
5842,92,89,3,3
5843,60,55,5,5
5844,91,64,27,27
5845,90,85,5,5
5846,143,139,4,4
5847,79,75,4,4
5848,118,163,-45,45
5849,65,71,-6,6
5850,88,75,13,13
5851,102,110,-8,8
5852,67,68,-1,1
5853,104,90,14,14
5854,164,154,10,10
5855,145,131,14,14
5856,51,49,2,2
5857,35,50,-15,15
5858,125,133,-8,8
5859,78,82,-4,4
5860,110,113,-3,3
5861,133,135,-2,2
5862,92,90,2,2
5863,89,96,-7,7
5864,66,57,9,9
5865,96,96,0,0
5866,74,67,7,7
5867,21,35,-14,14
5868,52,54,-2,2
5869,49,51,-2,2
5870,133,141,-8,8
5871,56,53,3,3
5872,48,50,-2,2
5873,53,58,-5,5
5874,86,77,9,9
5875,81,91,-10,10
5876,139,139,0,0
5877,111,126,-15,15
5878,118,127,-9,9
5879,61,55,6,6
5880,88,96,-8,8
5881,58,68,-10,10
5882,91,84,7,7
5883,110,105,5,5
5884,118,91,27,27
5885,109,102,7,7
5886,52,54,-2,2
5887,69,67,2,2
5888,144,127,17,17
5889,87,81,6,6
5890,153,127,26,26
5891,49,56,-7,7
5892,106,110,-4,4
5893,85,86,-1,1
5894,95,96,-1,1
5895,99,108,-9,9
5896,154,124,30,30
5897,64,78,-14,14
5898,74,76,-2,2
5899,94,82,12,12
5900,83,104,-21,21
5901,66,64,2,2
5902,48,50,-2,2
5903,87,94,-7,7
5904,28,45,-17,17
5905,63,52,11,11
5906,117,111,6,6
5907,169,162,7,7
5908,54,47,7,7
5909,118,112,6,6
5910,77,70,7,7
5911,87,86,1,1
5912,259,231,28,28
5913,116,128,-12,12
5914,141,127,14,14
5915,63,71,-8,8
5916,194,185,9,9
5917,58,75,-17,17
5918,117,120,-3,3
5919,101,96,5,5
5920,128,128,0,0
5921,99,83,16,16
5922,122,102,20,20
5923,146,135,11,11
5924,117,107,10,10
5925,85,85,0,0
5926,156,137,19,19
5927,85,90,-5,5
5928,149,152,-3,3
5929,62,65,-3,3
5930,133,132,1,1
5931,76,80,-4,4
5932,67,67,0,0
5933,125,134,-9,9
5934,73,65,8,8
5935,106,73,33,33
5936,98,96,2,2
5937,113,123,-10,10
5938,151,144,7,7
5939,91,87,4,4
5940,115,127,-12,12
5941,99,91,8,8
5942,51,42,9,9
5943,102,112,-10,10
5944,123,114,9,9
5945,71,58,13,13
5946,116,118,-2,2
5947,118,116,2,2
5948,151,158,-7,7
5949,93,80,13,13
5950,77,81,-4,4
5951,52,51,1,1
5952,88,81,7,7
5953,56,48,8,8
5954,152,152,0,0
5955,129,131,-2,2
5956,75,82,-7,7
5957,98,89,9,9
5958,149,159,-10,10
5959,73,68,5,5
5960,96,105,-9,9
5961,145,155,-10,10
5962,88,92,-4,4
5963,159,150,9,9
5964,178,167,11,11
5965,81,86,-5,5
5966,142,132,10,10
5967,97,93,4,4
5968,145,144,1,1
5969,91,89,2,2
5970,85,74,11,11
5971,87,66,21,21
5972,90,82,8,8
5973,68,66,2,2
5974,94,71,23,23
5975,101,92,9,9
5976,92,80,12,12
5977,71,79,-8,8
5978,113,116,-3,3
5979,102,89,13,13
5980,114,136,-22,22
5981,97,99,-2,2
5982,47,53,-6,6
5983,60,53,7,7
5984,135,137,-2,2
5985,58,49,9,9
5986,206,199,7,7
5987,68,67,1,1
5988,42,45,-3,3
5989,73,63,10,10
5990,83,71,12,12
5991,72,58,14,14
5992,111,87,24,24
5993,58,56,2,2
5994,130,148,-18,18
5995,111,113,-2,2
5996,140,147,-7,7
5997,95,115,-20,20
5998,96,91,5,5
5999,91,85,6,6
6000,79,77,2,2
6001,74,71,3,3
6002,169,154,15,15
6003,117,126,-9,9
6004,78,58,20,20
6005,115,121,-6,6
6006,44,56,-12,12
6007,103,116,-13,13
6008,78,122,-44,44
6009,49,54,-5,5
6010,126,129,-3,3
6011,93,92,1,1
6012,140,134,6,6
6013,85,93,-8,8
6014,116,136,-20,20
6015,83,74,9,9
6016,96,111,-15,15
6017,143,128,15,15
6018,74,73,1,1
6019,92,95,-3,3
6020,63,59,4,4
6021,49,65,-16,16
6022,144,138,6,6
6023,54,58,-4,4
6024,116,149,-33,33
6025,66,72,-6,6
6026,56,56,0,0
6027,56,98,-42,42
6028,107,109,-2,2
6029,140,142,-2,2
6030,92,95,-3,3
6031,76,71,5,5
6032,90,95,-5,5
6033,138,143,-5,5
6034,71,71,0,0
6035,89,98,-9,9
6036,66,54,12,12
6037,60,53,7,7
6038,116,122,-6,6
6039,179,175,4,4
6040,90,74,16,16
6041,116,119,-3,3
6042,89,86,3,3
6043,95,85,10,10
6044,85,89,-4,4
6045,53,63,-10,10
6046,166,165,1,1
6047,43,56,-13,13
6048,119,132,-13,13
6049,105,114,-9,9
6050,121,117,4,4
6051,73,74,-1,1
6052,67,53,14,14
6053,119,116,3,3
6054,106,106,0,0
6055,72,60,12,12
6056,75,67,8,8
6057,70,70,0,0
6058,143,138,5,5
6059,83,76,7,7
6060,83,76,7,7
6061,46,63,-17,17
6062,47,46,1,1
6063,119,119,0,0
6064,108,104,4,4
6065,43,98,-55,55
6066,64,63,1,1
6067,83,83,0,0
6068,141,135,6,6
6069,107,106,1,1
6070,35,49,-14,14
6071,119,110,9,9
6072,88,77,11,11
6073,77,80,-3,3
6074,75,74,1,1
6075,140,136,4,4
6076,66,63,3,3
6077,121,134,-13,13
6078,47,52,-5,5
6079,68,74,-6,6
6080,112,97,15,15
6081,178,164,14,14
6082,87,87,0,0
6083,164,150,14,14
6084,79,75,4,4
6085,71,61,10,10
6086,111,122,-11,11
6087,78,78,0,0
6088,160,165,-5,5
6089,98,105,-7,7
6090,115,169,-54,54
6091,95,100,-5,5
6092,65,69,-4,4
6093,159,160,-1,1
6094,85,87,-2,2
6095,69,70,-1,1
6096,116,110,6,6
6097,55,53,2,2
6098,96,94,2,2
6099,94,85,9,9
6100,72,65,7,7
6101,94,79,15,15
6102,124,143,-19,19
6103,62,66,-4,4
6104,79,69,10,10
6105,146,134,12,12
6106,42,53,-11,11
6107,85,77,8,8
6108,100,89,11,11
6109,131,110,21,21
6110,72,77,-5,5
6111,49,51,-2,2
6112,116,104,12,12
6113,102,102,0,0
6114,135,133,2,2
6115,138,134,4,4
6116,40,54,-14,14
6117,104,94,10,10
6118,99,103,-4,4
6119,50,45,5,5
6120,108,95,13,13
6121,106,108,-2,2
6122,93,84,9,9
6123,155,165,-10,10
6124,127,134,-7,7
6125,78,71,7,7
6126,87,78,9,9
6127,73,80,-7,7
6128,92,88,4,4
6129,86,75,11,11
6130,117,114,3,3
6131,65,61,4,4
6132,44,41,3,3
6133,142,142,0,0
6134,83,86,-3,3
6135,104,101,3,3
6136,119,101,18,18
6137,112,116,-4,4
6138,96,83,13,13
6139,58,69,-11,11
6140,44,48,-4,4
6141,107,118,-11,11
6142,115,123,-8,8
6143,87,83,4,4
6144,102,99,3,3
6145,89,89,0,0
6146,119,115,4,4
6147,101,108,-7,7
6148,55,54,1,1
6149,92,90,2,2
6150,108,101,7,7
6151,57,73,-16,16
6152,119,120,-1,1
6153,133,128,5,5
6154,80,75,5,5
6155,66,66,0,0
6156,114,107,7,7
6157,111,115,-4,4
6158,140,132,8,8
6159,108,89,19,19
6160,89,107,-18,18
6161,88,78,10,10
6162,76,76,0,0
6163,80,83,-3,3
6164,98,79,19,19
6165,73,83,-10,10
6166,136,126,10,10
6167,50,46,4,4
6168,88,103,-15,15
6169,69,70,-1,1
6170,151,143,8,8
6171,66,57,9,9
6172,73,63,10,10
6173,65,63,2,2
6174,72,67,5,5
6175,52,47,5,5
6176,108,96,12,12
6177,86,80,6,6
6178,34,47,-13,13
6179,183,183,0,0
6180,54,42,12,12
6181,122,132,-10,10
6182,64,62,2,2
6183,75,72,3,3
6184,105,91,14,14
6185,65,70,-5,5
6186,84,88,-4,4
6187,101,92,9,9
6188,117,112,5,5
6189,148,152,-4,4
6190,66,67,-1,1
6191,106,115,-9,9
6192,147,132,15,15
6193,108,108,0,0
6194,133,98,35,35
6195,42,41,1,1
6196,67,63,4,4
6197,117,110,7,7
6198,127,144,-17,17
6199,84,76,8,8
6200,72,61,11,11
6201,77,77,0,0
6202,83,89,-6,6
6203,77,90,-13,13
6204,133,126,7,7
6205,61,70,-9,9
6206,75,77,-2,2
6207,81,82,-1,1
6208,95,87,8,8
6209,115,109,6,6
6210,106,89,17,17
6211,85,78,7,7
6212,89,93,-4,4
6213,103,93,10,10
6214,78,74,4,4
6215,83,76,7,7
6216,128,113,15,15
6217,64,65,-1,1
6218,87,79,8,8
6219,108,95,13,13
6220,108,107,1,1
6221,77,71,6,6
6222,65,70,-5,5
6223,56,58,-2,2
6224,69,64,5,5
6225,83,79,4,4
6226,93,91,2,2
6227,85,79,6,6
6228,177,167,10,10
6229,52,52,0,0
6230,35,45,-10,10
6231,128,118,10,10
6232,98,94,4,4
6233,83,76,7,7
6234,67,72,-5,5
6235,102,109,-7,7
6236,115,117,-2,2
6237,103,96,7,7
6238,99,99,0,0
6239,100,96,4,4
6240,148,132,16,16
6241,67,64,3,3
6242,131,133,-2,2
6243,76,79,-3,3
6244,91,91,0,0
6245,110,108,2,2
6246,133,142,-9,9
6247,77,101,-24,24
6248,151,149,2,2
6249,130,141,-11,11
6250,80,94,-14,14
6251,86,88,-2,2
6252,117,124,-7,7
6253,72,73,-1,1
6254,104,109,-5,5
6255,108,104,4,4
6256,103,108,-5,5
6257,57,63,-6,6
6258,30,44,-14,14
6259,70,69,1,1
6260,93,103,-10,10
6261,75,74,1,1
6262,46,51,-5,5
6263,169,127,42,42
6264,88,85,3,3
6265,71,77,-6,6
6266,97,93,4,4
6267,133,129,4,4
6268,77,80,-3,3
6269,93,93,0,0
6270,52,60,-8,8
6271,124,127,-3,3
6272,60,85,-25,25
6273,53,53,0,0
6274,98,102,-4,4
6275,105,91,14,14
6276,92,85,7,7
6277,106,104,2,2
6278,55,46,9,9
6279,94,93,1,1
6280,94,91,3,3
6281,67,58,9,9
6282,109,101,8,8
6283,61,60,1,1
6284,49,59,-10,10
6285,99,99,0,0
6286,109,100,9,9
6287,73,66,7,7
6288,107,103,4,4
6289,82,71,11,11
6290,122,122,0,0
6291,50,44,6,6
6292,102,100,2,2
6293,99,99,0,0
6294,40,42,-2,2
6295,61,53,8,8
6296,94,95,-1,1
6297,55,60,-5,5
6298,66,65,1,1
6299,58,57,1,1
6300,139,151,-12,12
6301,104,85,19,19
6302,74,67,7,7
6303,77,59,18,18
6304,77,75,2,2
6305,91,91,0,0
6306,74,76,-2,2
6307,63,62,1,1
6308,56,55,1,1
6309,103,114,-11,11
6310,83,86,-3,3
6311,69,86,-17,17
6312,165,132,33,33
6313,109,111,-2,2
6314,93,73,20,20
6315,123,114,9,9
6316,142,146,-4,4
6317,71,57,14,14
6318,102,100,2,2
6319,81,83,-2,2
6320,178,159,19,19
6321,75,78,-3,3
6322,68,54,14,14
6323,135,117,18,18
6324,103,112,-9,9
6325,108,107,1,1
6326,62,78,-16,16
6327,95,100,-5,5
6328,114,105,9,9
6329,120,109,11,11
6330,124,129,-5,5
6331,90,90,0,0
6332,29,39,-10,10
6333,69,70,-1,1
6334,61,65,-4,4
6335,85,74,11,11
6336,83,97,-14,14
6337,122,119,3,3
6338,148,146,2,2
6339,108,96,12,12
6340,96,99,-3,3
6341,75,75,0,0
6342,101,113,-12,12
6343,81,65,16,16
6344,98,96,2,2
6345,95,87,8,8
6346,100,98,2,2
6347,96,98,-2,2
6348,161,165,-4,4
6349,84,83,1,1
6350,55,51,4,4
6351,59,66,-7,7
6352,124,123,1,1
6353,137,143,-6,6
6354,118,110,8,8
6355,144,130,14,14
6356,182,164,18,18
6357,126,119,7,7
6358,127,88,39,39
6359,111,107,4,4
6360,92,92,0,0
6361,106,104,2,2
6362,74,76,-2,2
6363,68,78,-10,10
6364,108,112,-4,4
6365,95,89,6,6
6366,103,100,3,3
6367,81,74,7,7
6368,86,95,-9,9
6369,170,158,12,12
6370,50,53,-3,3
6371,51,56,-5,5
6372,94,81,13,13
6373,146,153,-7,7
6374,74,78,-4,4
6375,100,92,8,8
6376,128,109,19,19
6377,74,74,0,0
6378,108,80,28,28
6379,77,78,-1,1
6380,63,72,-9,9
6381,50,55,-5,5
6382,109,103,6,6
6383,52,50,2,2
6384,68,94,-26,26
6385,90,102,-12,12
6386,80,87,-7,7
6387,55,70,-15,15
6388,103,109,-6,6
6389,84,84,0,0
6390,90,77,13,13
6391,66,82,-16,16
6392,167,160,7,7
6393,82,76,6,6
6394,73,74,-1,1
6395,86,93,-7,7
6396,71,75,-4,4
6397,80,82,-2,2
6398,92,87,5,5
6399,117,106,11,11
6400,51,44,7,7
6401,94,115,-21,21
6402,84,82,2,2
6403,135,138,-3,3
6404,66,66,0,0
6405,151,137,14,14
6406,92,87,5,5
6407,102,101,1,1
6408,116,105,11,11
6409,50,55,-5,5
6410,88,100,-12,12
6411,119,120,-1,1
6412,107,106,1,1
6413,93,101,-8,8
6414,142,141,1,1
6415,52,47,5,5
6416,115,110,5,5
6417,52,52,0,0
6418,56,45,11,11
6419,152,138,14,14
6420,83,68,15,15
6421,62,60,2,2
6422,64,71,-7,7
6423,119,106,13,13
6424,157,139,18,18
6425,51,58,-7,7
6426,118,109,9,9
6427,58,73,-15,15
6428,94,82,12,12
6429,45,52,-7,7
6430,120,117,3,3
6431,88,87,1,1
6432,84,88,-4,4
6433,131,130,1,1
6434,98,98,0,0
6435,50,49,1,1
6436,88,98,-10,10
6437,101,94,7,7
6438,78,72,6,6
6439,40,61,-21,21
6440,103,114,-11,11
6441,96,92,4,4
6442,83,80,3,3
6443,93,97,-4,4
6444,82,74,8,8
6445,103,96,7,7
6446,41,58,-17,17
6447,39,45,-6,6
6448,60,50,10,10
6449,137,120,17,17
6450,46,41,5,5
6451,51,55,-4,4
6452,82,89,-7,7
6453,131,133,-2,2
6454,66,70,-4,4
6455,76,69,7,7
6456,204,196,8,8
6457,106,113,-7,7
6458,72,73,-1,1
6459,145,145,0,0
6460,80,74,6,6
6461,89,80,9,9
6462,148,140,8,8
6463,141,128,13,13
6464,59,64,-5,5
6465,51,60,-9,9
6466,88,81,7,7
6467,77,81,-4,4
6468,103,113,-10,10
6469,94,81,13,13
6470,92,95,-3,3
6471,82,83,-1,1
6472,89,88,1,1
6473,72,75,-3,3
6474,135,135,0,0
6475,135,130,5,5
6476,85,82,3,3
6477,63,66,-3,3
6478,173,173,0,0
6479,108,111,-3,3
6480,141,113,28,28
6481,85,99,-14,14
6482,144,146,-2,2
6483,66,63,3,3
6484,86,87,-1,1
6485,84,84,0,0
6486,107,99,8,8
6487,60,72,-12,12
6488,62,64,-2,2
6489,174,172,2,2
6490,68,69,-1,1
6491,74,78,-4,4
6492,67,67,0,0
6493,72,64,8,8
6494,117,99,18,18
6495,93,126,-33,33
6496,69,75,-6,6
6497,75,72,3,3
6498,84,76,8,8
6499,101,111,-10,10
6500,78,71,7,7
6501,202,197,5,5
6502,97,111,-14,14
6503,79,77,2,2
6504,97,101,-4,4
6505,60,72,-12,12
6506,58,56,2,2
6507,113,118,-5,5
6508,63,64,-1,1
6509,79,81,-2,2
6510,94,82,12,12
6511,129,137,-8,8
6512,142,137,5,5
6513,96,95,1,1
6514,83,78,5,5
6515,137,123,14,14
6516,99,87,12,12
6517,92,110,-18,18
6518,92,101,-9,9
6519,69,64,5,5
6520,126,142,-16,16
6521,148,167,-19,19
6522,90,88,2,2
6523,94,94,0,0
6524,111,109,2,2
6525,86,108,-22,22
6526,49,55,-6,6
6527,124,121,3,3
6528,107,115,-8,8
6529,129,131,-2,2
6530,58,55,3,3
6531,70,65,5,5
6532,70,73,-3,3
6533,91,82,9,9
6534,86,67,19,19
6535,102,105,-3,3
6536,83,84,-1,1
6537,119,123,-4,4
6538,76,31,45,45
6539,49,39,10,10
6540,94,76,18,18
6541,124,102,22,22
6542,65,59,6,6
6543,96,118,-22,22
6544,170,173,-3,3
6545,68,73,-5,5
6546,28,35,-7,7
6547,135,137,-2,2
6548,151,128,23,23
6549,80,82,-2,2
6550,79,94,-15,15
6551,68,81,-13,13
6552,118,100,18,18
6553,73,74,-1,1
6554,104,112,-8,8
6555,147,121,26,26
6556,91,121,-30,30
6557,147,116,31,31
6558,55,62,-7,7
6559,66,68,-2,2
6560,121,114,7,7
6561,70,70,0,0
6562,107,97,10,10
6563,153,146,7,7
6564,124,125,-1,1
6565,59,74,-15,15
6566,90,90,0,0
6567,57,73,-16,16
6568,129,121,8,8
6569,98,96,2,2
6570,152,147,5,5
6571,55,61,-6,6
6572,93,108,-15,15
6573,61,56,5,5
6574,135,123,12,12
6575,72,64,8,8
6576,105,119,-14,14
6577,65,89,-24,24
6578,91,77,14,14
6579,117,125,-8,8
6580,85,93,-8,8
6581,125,124,1,1
6582,57,68,-11,11
6583,151,134,17,17
6584,68,66,2,2
6585,104,104,0,0
6586,53,56,-3,3
6587,88,80,8,8
6588,91,101,-10,10
6589,184,160,24,24
6590,99,92,7,7
6591,189,164,25,25
6592,186,159,27,27
6593,125,105,20,20
6594,62,75,-13,13
6595,103,103,0,0
6596,183,179,4,4
6597,62,49,13,13
6598,66,68,-2,2
6599,73,66,7,7
6600,114,111,3,3
6601,123,126,-3,3
6602,108,92,16,16
6603,115,106,9,9
6604,124,110,14,14
6605,66,82,-16,16
6606,104,70,34,34
6607,75,71,4,4
6608,108,135,-27,27
6609,81,78,3,3
6610,82,73,9,9
6611,80,64,16,16
6612,30,37,-7,7
6613,90,86,4,4
6614,62,59,3,3
6615,86,79,7,7
6616,56,56,0,0
6617,95,91,4,4
6618,100,101,-1,1
6619,102,99,3,3
6620,102,87,15,15
6621,59,46,13,13
6622,152,128,24,24
6623,163,165,-2,2
6624,143,128,15,15
6625,162,158,4,4
6626,84,89,-5,5
6627,78,73,5,5
6628,92,101,-9,9
6629,79,85,-6,6
6630,78,71,7,7
6631,120,108,12,12
6632,99,93,6,6
6633,103,92,11,11
6634,76,80,-4,4
6635,80,68,12,12
6636,66,73,-7,7
6637,128,133,-5,5
6638,85,71,14,14
6639,100,104,-4,4
6640,46,60,-14,14
6641,125,120,5,5
6642,111,118,-7,7
6643,119,118,1,1
6644,59,60,-1,1
6645,55,64,-9,9
6646,158,148,10,10
6647,106,113,-7,7
6648,136,129,7,7
6649,108,101,7,7
6650,124,116,8,8
6651,106,105,1,1
6652,92,81,11,11
6653,118,132,-14,14
6654,108,104,4,4
6655,114,101,13,13
6656,51,49,2,2
6657,85,85,0,0
6658,61,82,-21,21
6659,74,62,12,12
6660,67,67,0,0
6661,108,105,3,3
6662,132,142,-10,10
6663,78,67,11,11
6664,102,113,-11,11
6665,175,141,34,34
6666,140,153,-13,13
6667,93,83,10,10
6668,75,74,1,1
6669,98,86,12,12
6670,98,81,17,17
6671,119,122,-3,3
6672,121,149,-28,28
6673,94,101,-7,7
6674,117,95,22,22
6675,108,115,-7,7
6676,87,103,-16,16
6677,100,92,8,8
6678,88,77,11,11
6679,86,78,8,8
6680,65,63,2,2
6681,81,74,7,7
6682,89,101,-12,12
6683,114,100,14,14
6684,108,114,-6,6
6685,95,80,15,15
6686,100,104,-4,4
6687,98,94,4,4
6688,88,82,6,6
6689,95,38,57,57
6690,92,97,-5,5
6691,161,164,-3,3
6692,57,46,11,11
6693,89,85,4,4
6694,67,56,11,11
6695,101,110,-9,9
6696,102,128,-26,26
6697,84,85,-1,1
6698,64,61,3,3
6699,127,135,-8,8
6700,97,103,-6,6
6701,101,102,-1,1
6702,65,68,-3,3
6703,89,82,7,7
6704,70,75,-5,5
6705,67,79,-12,12
6706,169,158,11,11
6707,59,67,-8,8
6708,163,149,14,14
6709,38,48,-10,10
6710,117,129,-12,12
6711,53,48,5,5
6712,52,49,3,3
6713,120,131,-11,11
6714,80,64,16,16
6715,52,49,3,3
6716,127,133,-6,6
6717,87,90,-3,3
6718,54,131,-77,77
6719,66,55,11,11
6720,98,94,4,4
6721,112,115,-3,3
6722,56,62,-6,6
6723,114,102,12,12
6724,90,96,-6,6
6725,87,82,5,5
6726,58,64,-6,6
6727,118,117,1,1
6728,96,100,-4,4
6729,102,113,-11,11
6730,84,90,-6,6
6731,111,111,0,0
6732,62,63,-1,1
6733,73,67,6,6
6734,69,66,3,3
6735,133,131,2,2
6736,87,86,1,1
6737,64,55,9,9
6738,85,94,-9,9
6739,103,97,6,6
6740,86,89,-3,3
6741,68,64,4,4
6742,145,155,-10,10
6743,74,59,15,15
6744,91,101,-10,10
6745,102,86,16,16
6746,128,126,2,2
6747,104,104,0,0
6748,110,114,-4,4
6749,56,56,0,0
6750,83,77,6,6
6751,109,116,-7,7
6752,77,65,12,12
6753,164,125,39,39
6754,137,127,10,10
6755,134,121,13,13
6756,172,175,-3,3
6757,116,111,5,5
6758,80,69,11,11
6759,50,53,-3,3
6760,168,154,14,14
6761,68,66,2,2
6762,88,80,8,8
6763,48,47,1,1
6764,60,55,5,5
6765,135,141,-6,6
6766,75,74,1,1
6767,187,174,13,13
6768,78,70,8,8
6769,117,105,12,12
6770,109,121,-12,12
6771,79,70,9,9
6772,80,83,-3,3
6773,72,68,4,4
6774,105,99,6,6
6775,130,139,-9,9
6776,108,108,0,0
6777,39,50,-11,11
6778,94,99,-5,5
6779,76,82,-6,6
6780,84,83,1,1
6781,110,114,-4,4
6782,79,77,2,2
6783,129,104,25,25
6784,66,66,0,0
6785,73,78,-5,5
6786,90,91,-1,1
6787,69,74,-5,5
6788,76,59,17,17
6789,96,100,-4,4
6790,113,107,6,6
6791,118,123,-5,5
6792,78,69,9,9
6793,92,89,3,3
6794,96,89,7,7
6795,111,133,-22,22
6796,143,150,-7,7
6797,101,89,12,12
6798,99,98,1,1
6799,110,128,-18,18
6800,105,110,-5,5
6801,79,75,4,4
6802,80,91,-11,11
6803,54,50,4,4
6804,86,74,12,12
6805,66,75,-9,9
6806,96,91,5,5
6807,151,147,4,4
6808,78,101,-23,23
6809,82,93,-11,11
6810,93,91,2,2
6811,57,69,-12,12
6812,129,110,19,19
6813,89,79,10,10
6814,83,86,-3,3
6815,72,89,-17,17
6816,85,75,10,10
6817,58,60,-2,2
6818,69,66,3,3
6819,69,78,-9,9
6820,55,58,-3,3
6821,114,97,17,17
6822,145,134,11,11
6823,81,93,-12,12
6824,41,53,-12,12
6825,88,99,-11,11
6826,108,113,-5,5
6827,104,101,3,3
6828,74,62,12,12
6829,111,115,-4,4
6830,74,66,8,8
6831,82,80,2,2
6832,129,129,0,0
6833,75,75,0,0
6834,137,129,8,8
6835,135,142,-7,7
6836,93,81,12,12
6837,73,78,-5,5
6838,125,137,-12,12
6839,110,127,-17,17
6840,147,145,2,2
6841,86,84,2,2
6842,96,85,11,11
6843,104,102,2,2
6844,110,120,-10,10
6845,80,73,7,7
6846,66,70,-4,4
6847,168,172,-4,4
6848,123,136,-13,13
6849,138,146,-8,8
6850,66,61,5,5
6851,66,59,7,7
6852,143,134,9,9
6853,88,71,17,17
6854,76,79,-3,3
6855,143,141,2,2
6856,108,98,10,10
6857,74,67,7,7
6858,76,71,5,5
6859,59,67,-8,8
6860,87,82,5,5
6861,113,101,12,12
6862,57,54,3,3
6863,56,58,-2,2
6864,102,85,17,17
6865,74,87,-13,13
6866,89,92,-3,3
6867,75,81,-6,6
6868,128,128,0,0
6869,106,120,-14,14
6870,92,73,19,19
6871,138,146,-8,8
6872,75,69,6,6
6873,103,103,0,0
6874,120,113,7,7
6875,136,128,8,8
6876,72,75,-3,3
6877,128,126,2,2
6878,128,132,-4,4
6879,150,145,5,5
6880,86,79,7,7
6881,85,79,6,6
6882,62,62,0,0
6883,76,74,2,2
6884,123,122,1,1
6885,64,66,-2,2
6886,116,122,-6,6
6887,62,59,3,3
6888,81,78,3,3
6889,118,114,4,4
6890,117,119,-2,2
6891,123,120,3,3
6892,144,138,6,6
6893,109,114,-5,5
6894,79,79,0,0
6895,97,112,-15,15
6896,87,73,14,14
6897,55,60,-5,5
6898,65,64,1,1
6899,103,98,5,5
6900,90,75,15,15
6901,87,78,9,9
6902,43,55,-12,12
6903,92,91,1,1
6904,147,137,10,10
6905,106,95,11,11
6906,68,77,-9,9
6907,71,61,10,10
6908,97,99,-2,2
6909,93,89,4,4
6910,69,76,-7,7
6911,92,94,-2,2
6912,77,83,-6,6
6913,132,133,-1,1
6914,87,85,2,2
6915,118,117,1,1
6916,58,61,-3,3
6917,43,40,3,3
6918,80,92,-12,12
6919,118,105,13,13
6920,107,116,-9,9
6921,132,123,9,9
6922,86,83,3,3
6923,114,107,7,7
6924,85,76,9,9
6925,66,78,-12,12
6926,65,68,-3,3
6927,84,91,-7,7
6928,122,118,4,4
6929,74,89,-15,15
6930,154,161,-7,7
6931,93,98,-5,5
6932,40,58,-18,18
6933,88,73,15,15
6934,84,94,-10,10
6935,67,69,-2,2
6936,113,113,0,0
6937,110,114,-4,4
6938,217,161,56,56
6939,99,120,-21,21
6940,107,109,-2,2
6941,120,119,1,1
6942,116,110,6,6
6943,70,81,-11,11
6944,86,98,-12,12
6945,89,95,-6,6
6946,75,72,3,3
6947,72,63,9,9
6948,75,79,-4,4
6949,55,63,-8,8
6950,196,182,14,14
6951,114,107,7,7
6952,142,79,63,63
6953,76,75,1,1
6954,71,67,4,4
6955,80,84,-4,4
6956,81,87,-6,6
6957,106,92,14,14
6958,126,120,6,6
6959,114,123,-9,9
6960,90,93,-3,3
6961,134,123,11,11
6962,112,104,8,8
6963,86,75,11,11
6964,109,117,-8,8
6965,98,109,-11,11
6966,123,128,-5,5
6967,48,79,-31,31
6968,89,87,2,2
6969,141,139,2,2
6970,122,133,-11,11
6971,65,65,0,0
6972,163,154,9,9
6973,106,109,-3,3
6974,145,145,0,0
6975,65,69,-4,4
6976,111,93,18,18
6977,110,112,-2,2
6978,40,44,-4,4
6979,77,71,6,6
6980,81,74,7,7
6981,136,129,7,7
6982,124,126,-2,2
6983,107,114,-7,7
6984,83,78,5,5
6985,137,125,12,12
6986,93,87,6,6
6987,95,107,-12,12
6988,82,93,-11,11
6989,91,91,0,0
6990,139,136,3,3
6991,49,44,5,5
6992,36,39,-3,3
6993,76,62,14,14
6994,57,60,-3,3
6995,128,134,-6,6
6996,77,100,-23,23
6997,86,91,-5,5
6998,144,120,24,24
6999,72,69,3,3
7000,48,55,-7,7
7001,86,74,12,12
7002,96,80,16,16
7003,67,71,-4,4
7004,65,69,-4,4
7005,132,127,5,5
7006,128,126,2,2
7007,115,103,12,12
7008,109,112,-3,3
7009,63,68,-5,5
7010,55,64,-9,9
7011,119,91,28,28
7012,70,59,11,11
7013,125,122,3,3
7014,146,134,12,12
7015,84,92,-8,8
7016,120,121,-1,1
7017,83,86,-3,3
7018,68,69,-1,1
7019,106,93,13,13
7020,147,118,29,29
7021,81,78,3,3
7022,87,102,-15,15
7023,86,82,4,4
7024,67,69,-2,2
7025,100,96,4,4
7026,81,90,-9,9
7027,70,75,-5,5
7028,94,79,15,15
7029,123,107,16,16
7030,121,112,9,9
7031,71,72,-1,1
7032,73,70,3,3
7033,79,78,1,1
7034,98,100,-2,2
7035,147,123,24,24
7036,86,81,5,5
7037,83,74,9,9
7038,117,124,-7,7
7039,93,94,-1,1
7040,44,58,-14,14
7041,68,68,0,0
7042,74,71,3,3
7043,76,89,-13,13
7044,96,91,5,5
7045,80,68,12,12
7046,73,73,0,0
7047,93,88,5,5
7048,48,57,-9,9
7049,85,77,8,8
7050,140,133,7,7
7051,81,80,1,1
7052,57,49,8,8
7053,93,82,11,11
7054,119,125,-6,6
7055,129,147,-18,18
7056,88,81,7,7
7057,101,90,11,11
7058,91,84,7,7
7059,59,62,-3,3
7060,109,127,-18,18
7061,89,82,7,7
7062,101,93,8,8
7063,116,113,3,3
7064,86,88,-2,2
7065,113,104,9,9
7066,101,91,10,10
7067,110,110,0,0
7068,115,146,-31,31
7069,137,134,3,3
7070,64,69,-5,5
7071,133,124,9,9
7072,80,86,-6,6
7073,61,74,-13,13
7074,116,116,0,0
7075,154,145,9,9
7076,69,63,6,6
7077,123,128,-5,5
7078,63,56,7,7
7079,99,134,-35,35
7080,52,56,-4,4
7081,86,80,6,6
7082,79,67,12,12
7083,97,113,-16,16
7084,68,60,8,8
7085,79,85,-6,6
7086,82,63,19,19
7087,66,60,6,6
7088,28,36,-8,8
7089,54,64,-10,10
7090,76,73,3,3
7091,74,87,-13,13
7092,97,97,0,0
7093,82,83,-1,1
7094,103,118,-15,15
7095,61,49,12,12
7096,69,59,10,10
7097,60,62,-2,2
7098,61,88,-27,27
7099,100,112,-12,12
7100,100,95,5,5
7101,129,116,13,13
7102,184,160,24,24
7103,119,114,5,5
7104,91,79,12,12
7105,99,114,-15,15
7106,100,93,7,7
7107,58,62,-4,4
7108,70,69,1,1
7109,76,86,-10,10
7110,77,78,-1,1
7111,70,51,19,19
7112,116,102,14,14
7113,149,146,3,3
7114,124,133,-9,9
7115,139,126,13,13
7116,142,152,-10,10
7117,77,74,3,3
7118,96,91,5,5
7119,215,178,37,37
7120,70,63,7,7
7121,118,115,3,3
7122,89,89,0,0
7123,106,97,9,9
7124,117,116,1,1
7125,60,56,4,4
7126,67,71,-4,4
7127,149,158,-9,9
7128,364,411,-47,47
7129,110,95,15,15
7130,106,87,19,19
7131,161,158,3,3
7132,119,141,-22,22
7133,113,135,-22,22
7134,100,94,6,6
7135,51,52,-1,1
7136,121,115,6,6
7137,108,120,-12,12
7138,107,108,-1,1
7139,62,62,0,0
7140,84,89,-5,5
7141,93,80,13,13
7142,143,134,9,9
7143,136,133,3,3
7144,53,58,-5,5
7145,97,95,2,2
7146,139,135,4,4
7147,126,131,-5,5
7148,46,58,-12,12
7149,172,165,7,7
7150,101,101,0,0
7151,89,85,4,4
7152,118,111,7,7
7153,71,74,-3,3
7154,120,128,-8,8
7155,77,88,-11,11
7156,145,130,15,15
7157,45,60,-15,15
7158,80,85,-5,5
7159,58,62,-4,4
7160,117,127,-10,10
7161,91,87,4,4
7162,192,176,16,16
7163,68,65,3,3
7164,71,64,7,7
7165,82,77,5,5
7166,84,70,14,14
7167,70,68,2,2
7168,47,51,-4,4
7169,95,80,15,15
7170,59,68,-9,9
7171,154,137,17,17
7172,131,121,10,10
7173,98,103,-5,5
7174,38,41,-3,3
7175,86,94,-8,8
7176,55,55,0,0
7177,40,59,-19,19
7178,119,123,-4,4
7179,247,189,58,58
7180,96,102,-6,6
7181,69,73,-4,4
7182,87,91,-4,4
7183,93,103,-10,10
7184,84,79,5,5
7185,127,131,-4,4
7186,106,100,6,6
7187,62,58,4,4
7188,84,90,-6,6
7189,48,54,-6,6
7190,116,135,-19,19
7191,83,74,9,9
7192,123,137,-14,14
7193,97,88,9,9
7194,119,119,0,0
7195,113,114,-1,1
7196,70,61,9,9
7197,123,147,-24,24
7198,86,88,-2,2
7199,49,57,-8,8
7200,113,105,8,8
7201,100,96,4,4
7202,131,127,4,4
7203,93,90,3,3
7204,92,99,-7,7
7205,73,66,7,7
7206,61,59,2,2
7207,72,60,12,12
7208,91,80,11,11
7209,86,84,2,2
7210,82,79,3,3
7211,179,168,11,11
7212,121,112,9,9
7213,58,58,0,0
7214,83,68,15,15
7215,100,80,20,20
7216,84,71,13,13
7217,76,73,3,3
7218,83,75,8,8
7219,81,81,0,0
7220,119,119,0,0
7221,160,153,7,7
7222,97,94,3,3
7223,143,159,-16,16
7224,49,130,-81,81
7225,188,159,29,29
7226,79,78,1,1
7227,62,63,-1,1
7228,71,66,5,5
7229,114,129,-15,15
7230,167,169,-2,2
7231,100,92,8,8
7232,90,93,-3,3
7233,106,105,1,1
7234,129,123,6,6
7235,81,78,3,3
7236,52,51,1,1
7237,86,78,8,8
7238,92,117,-25,25
7239,59,64,-5,5
7240,98,102,-4,4
7241,94,101,-7,7
7242,173,163,10,10
7243,82,91,-9,9
7244,121,117,4,4
7245,84,67,17,17
7246,44,47,-3,3
7247,88,96,-8,8
7248,91,82,9,9
7249,97,86,11,11
7250,46,46,0,0
7251,114,109,5,5
7252,108,99,9,9
7253,66,53,13,13
7254,71,68,3,3
7255,76,75,1,1
7256,159,154,5,5
7257,39,155,-116,116
7258,47,50,-3,3
7259,142,129,13,13
7260,124,137,-13,13
7261,109,112,-3,3
7262,110,109,1,1
7263,59,57,2,2
7264,107,95,12,12
7265,59,54,5,5
7266,93,100,-7,7
7267,96,105,-9,9
7268,40,81,-41,41
7269,124,123,1,1
7270,90,71,19,19
7271,52,61,-9,9
7272,95,87,8,8
7273,81,83,-2,2
7274,171,162,9,9
7275,78,57,21,21
7276,97,79,18,18
7277,82,92,-10,10
7278,93,72,21,21
7279,106,110,-4,4
7280,129,111,18,18
7281,110,123,-13,13
7282,28,54,-26,26
7283,152,155,-3,3
7284,113,99,14,14
7285,62,55,7,7
7286,51,51,0,0
7287,167,168,-1,1
7288,60,47,13,13
7289,176,164,12,12
7290,139,153,-14,14
7291,193,183,10,10
7292,78,86,-8,8
7293,76,66,10,10
7294,80,78,2,2
7295,86,102,-16,16
7296,102,94,8,8
7297,51,74,-23,23
7298,32,39,-7,7
7299,133,98,35,35
7300,160,148,12,12
7301,75,73,2,2
7302,84,76,8,8
7303,85,82,3,3
7304,89,87,2,2
7305,69,63,6,6
7306,113,108,5,5
7307,69,56,13,13
7308,76,75,1,1
7309,56,70,-14,14
7310,86,79,7,7
7311,92,99,-7,7
7312,54,50,4,4
7313,100,85,15,15
7314,37,51,-14,14
7315,140,136,4,4
7316,57,71,-14,14
7317,83,83,0,0
7318,75,61,14,14
7319,59,60,-1,1
7320,99,123,-24,24
7321,108,102,6,6
7322,93,115,-22,22
7323,78,78,0,0
7324,166,164,2,2
7325,81,73,8,8
7326,80,71,9,9
7327,166,145,21,21
7328,56,71,-15,15
7329,108,107,1,1
7330,88,79,9,9
7331,124,130,-6,6
7332,71,76,-5,5
7333,111,113,-2,2
7334,77,95,-18,18
7335,84,78,6,6
7336,85,93,-8,8
7337,103,94,9,9
7338,67,76,-9,9
7339,128,120,8,8
7340,54,55,-1,1
7341,98,93,5,5
7342,115,121,-6,6
7343,80,74,6,6
7344,66,54,12,12
7345,84,78,6,6
7346,179,183,-4,4
7347,70,70,0,0
7348,93,96,-3,3
7349,139,153,-14,14
7350,136,116,20,20
7351,173,162,11,11
7352,112,114,-2,2
7353,76,73,3,3
7354,112,115,-3,3
7355,118,133,-15,15
7356,109,89,20,20
7357,101,101,0,0
7358,105,92,13,13
7359,67,49,18,18
7360,131,118,13,13
7361,41,55,-14,14
7362,49,49,0,0
7363,113,114,-1,1
7364,137,141,-4,4
7365,96,111,-15,15
7366,68,69,-1,1
7367,110,110,0,0
7368,70,72,-2,2
7369,155,167,-12,12
7370,58,49,9,9
7371,140,149,-9,9
7372,119,120,-1,1
7373,67,72,-5,5
7374,79,76,3,3
7375,68,66,2,2
7376,62,58,4,4
7377,48,56,-8,8
7378,104,113,-9,9
7379,67,67,0,0
7380,63,66,-3,3
7381,70,60,10,10
7382,83,86,-3,3
7383,66,69,-3,3
7384,67,82,-15,15
7385,54,56,-2,2
7386,144,146,-2,2
7387,68,70,-2,2
7388,76,70,6,6
7389,62,52,10,10
7390,147,136,11,11
7391,80,101,-21,21
7392,53,64,-11,11
7393,73,114,-41,41
7394,74,70,4,4
7395,63,58,5,5
7396,111,124,-13,13
7397,199,182,17,17
7398,90,100,-10,10
7399,65,67,-2,2
7400,68,60,8,8
7401,81,80,1,1
7402,95,92,3,3
7403,83,84,-1,1
7404,99,88,11,11
7405,64,59,5,5
7406,70,70,0,0
7407,62,57,5,5
7408,60,61,-1,1
7409,84,89,-5,5
7410,63,66,-3,3
7411,91,90,1,1
7412,53,67,-14,14
7413,114,112,2,2
7414,102,98,4,4
7415,80,69,11,11
7416,85,95,-10,10
7417,112,127,-15,15
7418,86,88,-2,2
7419,61,65,-4,4
7420,118,113,5,5
7421,108,84,24,24
7422,179,167,12,12
7423,87,90,-3,3
7424,185,172,13,13
7425,91,82,9,9
7426,73,75,-2,2
7427,63,42,21,21
7428,159,148,11,11
7429,146,143,3,3
7430,75,78,-3,3
7431,73,79,-6,6
7432,107,95,12,12
7433,93,86,7,7
7434,89,100,-11,11
7435,82,90,-8,8
7436,79,72,7,7
7437,50,53,-3,3
7438,69,63,6,6
7439,89,105,-16,16
7440,145,156,-11,11
7441,84,86,-2,2
7442,115,121,-6,6
7443,103,115,-12,12
7444,90,104,-14,14
7445,57,48,9,9
7446,118,103,15,15
7447,99,116,-17,17
7448,124,111,13,13
7449,102,111,-9,9
7450,97,90,7,7
7451,64,75,-11,11
7452,78,68,10,10
7453,121,124,-3,3
7454,163,151,12,12
7455,63,54,9,9
7456,53,55,-2,2
7457,71,68,3,3
7458,79,78,1,1
7459,102,105,-3,3
7460,130,129,1,1
7461,114,112,2,2
7462,118,108,10,10
7463,93,80,13,13
7464,78,62,16,16
7465,87,84,3,3
7466,107,93,14,14
7467,105,99,6,6
7468,135,164,-29,29
7469,64,65,-1,1
7470,80,71,9,9
7471,79,85,-6,6
7472,156,156,0,0
7473,123,126,-3,3
7474,81,104,-23,23
7475,91,91,0,0
7476,184,161,23,23
7477,62,72,-10,10
7478,76,79,-3,3
7479,112,111,1,1
7480,60,69,-9,9
7481,103,99,4,4
7482,83,75,8,8
7483,69,69,0,0
7484,206,183,23,23
7485,78,81,-3,3
7486,82,74,8,8
7487,81,85,-4,4
7488,39,41,-2,2
7489,109,112,-3,3
7490,32,48,-16,16
7491,65,69,-4,4
7492,88,85,3,3
7493,94,96,-2,2
7494,87,93,-6,6
7495,74,66,8,8
7496,88,84,4,4
7497,103,110,-7,7
7498,72,68,4,4
7499,83,72,11,11
7500,197,188,9,9
7501,41,44,-3,3
7502,76,68,8,8
7503,129,103,26,26
7504,40,66,-26,26
7505,136,144,-8,8
7506,62,57,5,5
7507,66,65,1,1
7508,106,118,-12,12
7509,62,58,4,4
7510,109,92,17,17
7511,136,120,16,16
7512,100,90,10,10
7513,160,147,13,13
7514,105,107,-2,2
7515,122,120,2,2
7516,98,94,4,4
7517,78,66,12,12
7518,75,73,2,2
7519,67,60,7,7
7520,56,56,0,0
7521,60,65,-5,5
7522,38,47,-9,9
7523,53,54,-1,1
7524,57,65,-8,8
7525,113,112,1,1
7526,83,82,1,1
7527,81,72,9,9
7528,136,143,-7,7
7529,78,79,-1,1
7530,89,81,8,8
7531,86,85,1,1
7532,68,68,0,0
7533,156,155,1,1
7534,85,76,9,9
7535,126,130,-4,4
7536,57,67,-10,10
7537,114,114,0,0
7538,113,111,2,2
7539,75,83,-8,8
7540,130,122,8,8
7541,79,80,-1,1
7542,112,106,6,6
7543,120,127,-7,7
7544,76,80,-4,4
7545,86,82,4,4
7546,60,56,4,4
7547,52,62,-10,10
7548,80,62,18,18
7549,136,131,5,5
7550,71,81,-10,10
7551,152,146,6,6
7552,59,67,-8,8
7553,88,76,12,12
7554,71,63,8,8
7555,71,62,9,9
7556,88,105,-17,17
7557,44,52,-8,8
7558,95,110,-15,15
7559,99,86,13,13
7560,74,86,-12,12
7561,148,130,18,18
7562,74,61,13,13
7563,103,81,22,22
7564,70,77,-7,7
7565,128,110,18,18
7566,70,91,-21,21
7567,69,63,6,6
7568,95,97,-2,2
7569,125,128,-3,3
7570,87,97,-10,10
7571,130,126,4,4
7572,105,110,-5,5
7573,96,87,9,9
7574,90,79,11,11
7575,52,57,-5,5
7576,77,92,-15,15
7577,143,138,5,5
7578,97,118,-21,21
7579,81,80,1,1
7580,55,53,2,2
7581,122,131,-9,9
7582,59,55,4,4
7583,106,100,6,6
7584,146,135,11,11
7585,62,56,6,6
7586,122,113,9,9
7587,166,158,8,8
7588,76,63,13,13
7589,82,79,3,3
7590,114,110,4,4
7591,113,137,-24,24
7592,94,97,-3,3
7593,113,117,-4,4
7594,79,77,2,2
7595,106,98,8,8
7596,123,129,-6,6
7597,118,112,6,6
7598,80,75,5,5
7599,94,95,-1,1
7600,89,78,11,11
7601,64,53,11,11
7602,113,110,3,3
7603,137,134,3,3
7604,53,109,-56,56
7605,133,139,-6,6
7606,65,78,-13,13
7607,78,87,-9,9
7608,40,37,3,3
7609,60,57,3,3
7610,52,52,0,0
7611,136,130,6,6
7612,155,150,5,5
7613,94,96,-2,2
7614,75,83,-8,8
7615,36,45,-9,9
7616,132,147,-15,15
7617,117,119,-2,2
7618,136,142,-6,6
7619,141,126,15,15
7620,65,72,-7,7
7621,96,79,17,17
7622,68,93,-25,25
7623,144,132,12,12
7624,148,149,-1,1
7625,117,117,0,0
7626,60,74,-14,14
7627,98,102,-4,4
7628,114,106,8,8
7629,139,123,16,16
7630,109,103,6,6
7631,69,77,-8,8
7632,105,97,8,8
7633,116,85,31,31
7634,72,65,7,7
7635,74,76,-2,2
7636,102,103,-1,1
7637,62,49,13,13
7638,36,36,0,0
7639,94,80,14,14
7640,78,78,0,0
7641,150,136,14,14
7642,81,70,11,11
7643,154,150,4,4
7644,115,120,-5,5
7645,44,52,-8,8
7646,88,93,-5,5
7647,80,80,0,0
7648,75,71,4,4
7649,58,49,9,9
7650,124,123,1,1
7651,90,85,5,5
7652,117,106,11,11
7653,93,79,14,14
7654,133,138,-5,5
7655,71,56,15,15
7656,82,80,2,2
7657,66,66,0,0
7658,69,72,-3,3
7659,112,100,12,12
7660,114,102,12,12
7661,81,62,19,19
7662,110,115,-5,5
7663,76,67,9,9
7664,97,101,-4,4
7665,83,91,-8,8
7666,73,73,0,0
7667,109,103,6,6
7668,67,67,0,0
7669,101,98,3,3
7670,74,68,6,6
7671,122,119,3,3
7672,51,61,-10,10
7673,80,83,-3,3
7674,118,113,5,5
7675,87,72,15,15
7676,84,77,7,7
7677,135,132,3,3
7678,51,102,-51,51
7679,121,103,18,18
7680,60,63,-3,3
7681,150,140,10,10
7682,41,50,-9,9
7683,55,49,6,6
7684,149,138,11,11
7685,136,131,5,5
7686,121,99,22,22
7687,121,113,8,8
7688,50,62,-12,12
7689,61,56,5,5
7690,129,120,9,9
7691,83,101,-18,18
7692,83,90,-7,7
7693,77,67,10,10
7694,110,104,6,6
7695,110,95,15,15
7696,108,115,-7,7
7697,95,99,-4,4
7698,91,86,5,5
7699,99,89,10,10
7700,105,103,2,2
7701,104,138,-34,34
7702,82,75,7,7
7703,68,72,-4,4
7704,77,68,9,9
7705,103,104,-1,1
7706,87,88,-1,1
7707,55,55,0,0
7708,94,92,2,2
7709,67,65,2,2
7710,75,86,-11,11
7711,137,134,3,3
7712,69,63,6,6
7713,67,65,2,2
7714,77,83,-6,6
7715,68,72,-4,4
7716,117,109,8,8
7717,109,102,7,7
7718,164,152,12,12
7719,102,116,-14,14
7720,77,77,0,0
7721,71,77,-6,6
7722,71,62,9,9
7723,146,146,0,0
7724,40,41,-1,1
7725,121,113,8,8
7726,86,74,12,12
7727,99,90,9,9
7728,68,69,-1,1
7729,89,67,22,22
7730,71,82,-11,11
7731,72,65,7,7
7732,49,57,-8,8
7733,155,115,40,40
7734,145,149,-4,4
7735,102,103,-1,1
7736,131,134,-3,3
7737,101,77,24,24
7738,61,62,-1,1
7739,108,128,-20,20
7740,62,67,-5,5
7741,93,76,17,17
7742,84,77,7,7
7743,56,86,-30,30
7744,143,147,-4,4
7745,145,146,-1,1
7746,103,101,2,2
7747,88,90,-2,2
7748,96,93,3,3
7749,63,74,-11,11
7750,88,104,-16,16
7751,50,64,-14,14
7752,106,108,-2,2
7753,89,72,17,17
7754,101,112,-11,11
7755,134,142,-8,8
7756,91,85,6,6
7757,134,131,3,3
7758,79,83,-4,4
7759,161,162,-1,1
7760,127,130,-3,3
7761,88,82,6,6
7762,61,64,-3,3
7763,60,74,-14,14
7764,102,96,6,6
7765,140,136,4,4
7766,69,74,-5,5
7767,101,109,-8,8
7768,175,170,5,5
7769,129,132,-3,3
7770,115,111,4,4
7771,88,102,-14,14
7772,79,79,0,0
7773,102,102,0,0
7774,43,59,-16,16
7775,97,103,-6,6
7776,132,139,-7,7
7777,58,57,1,1
7778,89,93,-4,4
7779,90,97,-7,7
7780,98,117,-19,19
7781,102,102,0,0
7782,88,86,2,2
7783,106,104,2,2
7784,99,93,6,6
7785,151,135,16,16
7786,111,95,16,16
7787,65,54,11,11
7788,71,79,-8,8
7789,79,87,-8,8
7790,65,56,9,9
7791,136,123,13,13
7792,151,165,-14,14
7793,108,110,-2,2
7794,121,117,4,4
7795,54,61,-7,7
7796,96,108,-12,12
7797,98,89,9,9
7798,62,63,-1,1
7799,78,80,-2,2
7800,97,89,8,8
7801,80,70,10,10
7802,65,68,-3,3
7803,74,73,1,1
7804,118,121,-3,3
7805,109,96,13,13
7806,99,99,0,0
7807,78,83,-5,5
7808,59,66,-7,7
7809,84,100,-16,16
7810,108,105,3,3
7811,89,87,2,2
7812,119,107,12,12
7813,182,175,7,7
7814,133,106,27,27
7815,90,95,-5,5
7816,144,146,-2,2
7817,109,99,10,10
7818,154,137,17,17
7819,54,46,8,8
7820,59,58,1,1
7821,120,114,6,6
7822,113,135,-22,22
7823,90,77,13,13
7824,119,108,11,11
7825,72,71,1,1
7826,173,164,9,9
7827,252,248,4,4
7828,123,141,-18,18
7829,178,165,13,13
7830,207,155,52,52
7831,86,94,-8,8
7832,61,50,11,11
7833,82,83,-1,1
7834,77,68,9,9
7835,90,83,7,7
7836,85,105,-20,20
7837,133,147,-14,14
7838,67,69,-2,2
7839,71,76,-5,5
7840,118,125,-7,7
7841,168,144,24,24
7842,101,108,-7,7
7843,126,129,-3,3
7844,127,125,2,2
7845,197,193,4,4
7846,67,64,3,3
7847,59,51,8,8
7848,139,137,2,2
7849,84,83,1,1
7850,75,73,2,2
7851,124,124,0,0
7852,61,63,-2,2
7853,78,75,3,3
7854,102,107,-5,5
7855,50,53,-3,3
7856,72,81,-9,9
7857,98,103,-5,5
7858,109,94,15,15
7859,97,91,6,6
7860,79,80,-1,1
7861,73,67,6,6
7862,114,103,11,11
7863,118,121,-3,3
7864,101,90,11,11
7865,103,102,1,1
7866,49,56,-7,7
7867,49,49,0,0
7868,37,53,-16,16
7869,121,130,-9,9
7870,69,75,-6,6
7871,126,131,-5,5
7872,91,84,7,7
7873,119,122,-3,3
7874,105,102,3,3
7875,129,114,15,15
7876,83,76,7,7
7877,99,92,7,7
7878,106,105,1,1
7879,67,62,5,5
7880,132,135,-3,3
7881,110,101,9,9
7882,72,64,8,8
7883,126,126,0,0
7884,129,144,-15,15
7885,74,58,16,16
7886,131,142,-11,11
7887,97,106,-9,9
7888,118,117,1,1
7889,124,119,5,5
7890,66,66,0,0
7891,99,118,-19,19
7892,93,87,6,6
7893,169,163,6,6
7894,109,114,-5,5
7895,194,180,14,14
7896,131,120,11,11
7897,67,68,-1,1
7898,102,100,2,2
7899,126,121,5,5
7900,166,157,9,9
7901,52,60,-8,8
7902,129,140,-11,11
7903,175,168,7,7
7904,77,62,15,15
7905,52,47,5,5
7906,73,67,6,6
7907,97,94,3,3
7908,49,53,-4,4
7909,112,103,9,9
7910,108,112,-4,4
7911,91,83,8,8
7912,84,117,-33,33
7913,35,50,-15,15
7914,182,177,5,5
7915,61,62,-1,1
7916,61,79,-18,18
7917,79,75,4,4
7918,55,61,-6,6
7919,64,67,-3,3
7920,142,136,6,6
7921,66,67,-1,1
7922,74,76,-2,2
7923,150,158,-8,8
7924,99,103,-4,4
7925,106,105,1,1
7926,72,77,-5,5
7927,121,112,9,9
7928,114,106,8,8
7929,75,73,2,2
7930,65,66,-1,1
7931,116,114,2,2
7932,99,94,5,5
7933,199,193,6,6
7934,60,58,2,2
7935,67,73,-6,6
7936,81,77,4,4
7937,178,133,45,45
7938,70,77,-7,7
7939,131,112,19,19
7940,149,132,17,17
7941,70,65,5,5
7942,97,110,-13,13
7943,104,86,18,18
7944,73,68,5,5
7945,74,80,-6,6
7946,87,101,-14,14
7947,112,109,3,3
7948,126,115,11,11
7949,86,96,-10,10
7950,134,124,10,10
7951,117,96,21,21
7952,61,69,-8,8
7953,71,81,-10,10
7954,80,91,-11,11
7955,63,69,-6,6
7956,70,73,-3,3
7957,63,69,-6,6
7958,46,58,-12,12
7959,59,56,3,3
7960,89,99,-10,10
7961,134,120,14,14
7962,113,117,-4,4
7963,73,84,-11,11
7964,122,117,5,5
7965,59,64,-5,5
7966,142,147,-5,5
7967,175,175,0,0
7968,61,56,5,5
7969,142,153,-11,11
7970,68,59,9,9
7971,51,47,4,4
7972,94,90,4,4
7973,104,100,4,4
7974,85,79,6,6
7975,155,157,-2,2
7976,157,164,-7,7
7977,115,119,-4,4
7978,94,91,3,3
7979,86,91,-5,5
7980,115,142,-27,27
7981,85,77,8,8
7982,106,99,7,7
7983,64,55,9,9
7984,38,82,-44,44
7985,51,59,-8,8
7986,106,103,3,3
7987,101,103,-2,2
7988,46,49,-3,3
7989,85,64,21,21
7990,104,97,7,7
7991,95,108,-13,13
7992,130,121,9,9
7993,151,143,8,8
7994,57,59,-2,2
7995,93,103,-10,10
7996,69,64,5,5
7997,39,42,-3,3
7998,76,80,-4,4
7999,84,77,7,7
8000,41,41,0,0
8001,45,55,-10,10
8002,68,69,-1,1
8003,82,80,2,2
8004,68,70,-2,2
8005,73,56,17,17
8006,49,121,-72,72
8007,93,89,4,4
8008,75,65,10,10
8009,85,79,6,6
8010,103,103,0,0
8011,129,126,3,3
8012,116,119,-3,3
8013,77,66,11,11
8014,83,78,5,5
8015,104,96,8,8
8016,124,124,0,0
8017,89,86,3,3
8018,88,95,-7,7
8019,49,60,-11,11
8020,104,114,-10,10
8021,107,97,10,10
8022,125,125,0,0
8023,57,71,-14,14
8024,104,88,16,16
8025,51,72,-21,21
8026,86,84,2,2
8027,96,102,-6,6
8028,190,172,18,18
8029,84,90,-6,6
8030,105,110,-5,5
8031,94,95,-1,1
8032,74,74,0,0
8033,100,102,-2,2
8034,126,122,4,4
8035,73,70,3,3
8036,83,84,-1,1
8037,141,124,17,17
8038,124,126,-2,2
8039,79,76,3,3
8040,135,132,3,3
8041,81,69,12,12
8042,137,137,0,0
8043,75,84,-9,9
8044,54,65,-11,11
8045,102,98,4,4
8046,157,133,24,24
8047,93,89,4,4
8048,155,121,34,34
8049,71,62,9,9
8050,109,95,14,14
8051,60,65,-5,5
8052,57,68,-11,11
8053,113,108,5,5
8054,130,132,-2,2
8055,71,82,-11,11
8056,92,98,-6,6
8057,148,120,28,28
8058,117,100,17,17
8059,68,63,5,5
8060,161,151,10,10
8061,85,81,4,4
8062,65,55,10,10
8063,43,47,-4,4
8064,102,102,0,0
8065,69,62,7,7
8066,185,152,33,33
8067,133,136,-3,3
8068,104,104,0,0
8069,105,108,-3,3
8070,120,110,10,10
8071,85,80,5,5
8072,73,54,19,19
8073,158,171,-13,13
8074,76,83,-7,7
8075,87,64,23,23
8076,148,127,21,21
8077,85,78,7,7
8078,98,86,12,12
8079,66,65,1,1
8080,100,103,-3,3
8081,110,111,-1,1
8082,86,96,-10,10
8083,119,121,-2,2
8084,75,67,8,8
8085,110,127,-17,17
8086,69,63,6,6
8087,127,117,10,10
8088,98,94,4,4
8089,116,129,-13,13
8090,65,71,-6,6
8091,94,94,0,0
8092,58,60,-2,2
8093,68,102,-34,34
8094,118,112,6,6
8095,27,31,-4,4
8096,74,66,8,8
8097,81,90,-9,9
8098,98,86,12,12
8099,56,61,-5,5
8100,101,96,5,5
8101,128,120,8,8
8102,104,110,-6,6
8103,69,97,-28,28
8104,130,113,17,17
8105,121,116,5,5
8106,42,121,-79,79
8107,89,92,-3,3
8108,71,63,8,8
8109,129,119,10,10
8110,59,64,-5,5
8111,101,107,-6,6
8112,102,108,-6,6
8113,109,123,-14,14
8114,94,88,6,6
8115,108,123,-15,15
8116,102,98,4,4
8117,89,94,-5,5
8118,121,124,-3,3
8119,122,142,-20,20
8120,67,70,-3,3
8121,51,57,-6,6
8122,89,79,10,10
8123,88,102,-14,14
8124,131,92,39,39
8125,103,94,9,9
8126,151,170,-19,19
8127,134,143,-9,9
8128,108,101,7,7
8129,92,86,6,6
8130,65,58,7,7
8131,81,78,3,3
8132,68,76,-8,8
8133,91,82,9,9
8134,114,113,1,1
8135,48,56,-8,8
8136,102,114,-12,12
8137,149,144,5,5
8138,108,104,4,4
8139,60,56,4,4
8140,103,111,-8,8
8141,65,70,-5,5
8142,119,115,4,4
8143,104,114,-10,10
8144,64,64,0,0
8145,48,54,-6,6
8146,55,53,2,2
8147,75,79,-4,4
8148,44,56,-12,12
8149,73,88,-15,15
8150,54,58,-4,4
8151,54,68,-14,14
8152,52,55,-3,3
8153,95,81,14,14
8154,66,69,-3,3
8155,85,93,-8,8
8156,75,63,12,12
8157,95,103,-8,8
8158,95,85,10,10
8159,36,35,1,1
8160,79,79,0,0
8161,123,126,-3,3
8162,81,67,14,14
8163,176,154,22,22
8164,60,46,14,14
8165,61,72,-11,11
8166,140,120,20,20
8167,127,129,-2,2
8168,96,89,7,7
8169,99,90,9,9
8170,108,94,14,14
8171,58,59,-1,1
8172,51,66,-15,15
8173,95,92,3,3
8174,58,74,-16,16
8175,76,71,5,5
8176,116,125,-9,9
8177,108,99,9,9
8178,168,159,9,9
8179,27,36,-9,9
8180,145,140,5,5
8181,53,54,-1,1
8182,67,60,7,7
8183,92,87,5,5
8184,78,66,12,12
8185,113,111,2,2
8186,141,160,-19,19
8187,136,120,16,16
8188,103,89,14,14
8189,86,69,17,17
8190,195,209,-14,14
8191,75,78,-3,3
8192,63,56,7,7
8193,66,67,-1,1
8194,127,141,-14,14
8195,122,126,-4,4
8196,54,101,-47,47
8197,101,100,1,1
8198,93,72,21,21
8199,64,72,-8,8
8200,108,116,-8,8
8201,111,107,4,4
8202,77,72,5,5
8203,154,156,-2,2
8204,94,91,3,3
8205,84,91,-7,7
8206,76,91,-15,15
8207,87,79,8,8
8208,126,101,25,25
8209,82,78,4,4
8210,82,86,-4,4
8211,80,75,5,5
8212,126,126,0,0
8213,64,66,-2,2
8214,142,125,17,17
8215,143,128,15,15
8216,127,144,-17,17
8217,76,80,-4,4
8218,57,73,-16,16
8219,109,96,13,13
8220,141,144,-3,3
8221,129,119,10,10
8222,114,108,6,6
8223,83,92,-9,9
8224,149,143,6,6
8225,47,74,-27,27
8226,88,79,9,9
8227,88,88,0,0
8228,105,108,-3,3
8229,93,107,-14,14
8230,109,76,33,33
8231,87,87,0,0
8232,43,58,-15,15
8233,81,78,3,3
8234,101,89,12,12
8235,80,74,6,6
8236,112,109,3,3
8237,92,99,-7,7
8238,102,95,7,7
8239,71,65,6,6
8240,166,161,5,5
8241,98,100,-2,2
8242,129,112,17,17
8243,79,91,-12,12
8244,109,92,17,17
8245,145,132,13,13
8246,166,154,12,12
8247,76,82,-6,6
8248,46,54,-8,8
8249,113,112,1,1
8250,75,84,-9,9
8251,86,72,14,14
8252,76,77,-1,1
8253,88,95,-7,7
8254,67,80,-13,13
8255,100,92,8,8
8256,71,84,-13,13
8257,59,65,-6,6
8258,181,154,27,27
8259,56,66,-10,10
8260,114,93,21,21
8261,92,103,-11,11
8262,100,101,-1,1
8263,75,89,-14,14
8264,188,161,27,27
8265,51,54,-3,3
8266,84,86,-2,2
8267,171,175,-4,4
8268,66,65,1,1
8269,92,93,-1,1
8270,122,118,4,4
8271,40,75,-35,35
8272,87,88,-1,1
8273,122,119,3,3
8274,98,87,11,11
8275,96,101,-5,5
8276,120,110,10,10
8277,82,76,6,6
8278,88,85,3,3
8279,60,69,-9,9
8280,83,84,-1,1
8281,81,75,6,6
8282,151,136,15,15
8283,187,166,21,21
8284,98,115,-17,17
8285,95,95,0,0
8286,77,70,7,7
8287,144,143,1,1
8288,81,77,4,4
8289,91,82,9,9
8290,149,152,-3,3
8291,99,124,-25,25
8292,96,88,8,8
8293,129,130,-1,1
8294,63,68,-5,5
8295,86,97,-11,11
8296,64,71,-7,7
8297,74,62,12,12
8298,93,95,-2,2
8299,85,84,1,1
8300,248,226,22,22
8301,91,83,8,8
8302,58,55,3,3
8303,93,70,23,23
8304,93,99,-6,6
8305,55,49,6,6
8306,102,111,-9,9
8307,107,97,10,10
8308,79,83,-4,4
8309,84,80,4,4
8310,95,96,-1,1
8311,110,113,-3,3
8312,80,77,3,3
8313,44,102,-58,58
8314,96,97,-1,1
8315,59,70,-11,11
8316,109,103,6,6
8317,198,184,14,14
8318,81,93,-12,12
8319,119,126,-7,7
8320,106,105,1,1
8321,114,102,12,12
8322,51,67,-16,16
8323,110,111,-1,1
8324,112,113,-1,1
8325,99,105,-6,6
8326,80,76,4,4
8327,59,61,-2,2
8328,110,112,-2,2
8329,125,115,10,10
8330,137,110,27,27
8331,73,70,3,3
8332,190,179,11,11
8333,137,142,-5,5
8334,46,61,-15,15
8335,124,139,-15,15
8336,87,88,-1,1
8337,114,97,17,17
8338,83,78,5,5
8339,85,75,10,10
8340,142,157,-15,15
8341,108,99,9,9
8342,129,133,-4,4
8343,107,95,12,12
8344,109,106,3,3
8345,144,175,-31,31
8346,76,80,-4,4
8347,38,78,-40,40
8348,157,155,2,2
8349,55,56,-1,1
8350,99,113,-14,14
8351,153,143,10,10
8352,74,68,6,6
8353,74,76,-2,2
8354,78,77,1,1
8355,74,78,-4,4
8356,94,103,-9,9
8357,112,112,0,0
8358,141,154,-13,13
8359,82,63,19,19
8360,160,159,1,1
8361,103,92,11,11
8362,110,108,2,2
8363,42,42,0,0
8364,69,70,-1,1
8365,59,53,6,6
8366,98,87,11,11
8367,75,65,10,10
8368,58,54,4,4
8369,74,63,11,11
8370,108,108,0,0
8371,66,79,-13,13
8372,105,99,6,6
8373,46,58,-12,12
8374,55,51,4,4
8375,71,64,7,7
8376,115,122,-7,7
8377,88,73,15,15
8378,47,57,-10,10
8379,174,162,12,12
8380,94,88,6,6
8381,74,72,2,2
8382,84,76,8,8
8383,85,82,3,3
8384,65,53,12,12
8385,39,43,-4,4
8386,118,101,17,17
8387,101,104,-3,3
8388,78,74,4,4
8389,97,114,-17,17
8390,104,108,-4,4
8391,98,88,10,10
8392,81,99,-18,18
8393,112,119,-7,7
8394,98,105,-7,7
8395,96,110,-14,14
8396,53,52,1,1
8397,67,84,-17,17
8398,70,71,-1,1
8399,114,110,4,4
8400,104,109,-5,5
8401,65,73,-8,8
8402,80,97,-17,17
8403,96,75,21,21
8404,70,64,6,6
8405,105,107,-2,2
8406,100,85,15,15
8407,160,134,26,26
8408,91,101,-10,10
8409,100,85,15,15
8410,119,107,12,12
8411,65,65,0,0
8412,99,107,-8,8
8413,172,143,29,29
8414,83,79,4,4
8415,85,68,17,17
8416,69,63,6,6
8417,59,72,-13,13
8418,93,95,-2,2
8419,81,85,-4,4
8420,75,75,0,0
8421,62,50,12,12
8422,115,102,13,13
8423,107,133,-26,26
8424,105,107,-2,2
8425,51,56,-5,5
8426,76,81,-5,5
8427,88,95,-7,7
8428,145,131,14,14
8429,114,128,-14,14
8430,38,50,-12,12
8431,133,124,9,9
8432,74,71,3,3
8433,119,115,4,4
8434,96,88,8,8
8435,143,137,6,6
8436,60,66,-6,6
8437,130,130,0,0
8438,120,110,10,10
8439,122,141,-19,19
8440,113,111,2,2
8441,68,83,-15,15
8442,98,107,-9,9
8443,143,127,16,16
8444,77,75,2,2
8445,92,102,-10,10
8446,61,59,2,2
8447,74,73,1,1
8448,94,75,19,19
8449,102,88,14,14
8450,118,119,-1,1
8451,119,112,7,7
8452,193,171,22,22
8453,95,87,8,8
8454,89,98,-9,9
8455,129,104,25,25
8456,124,112,12,12
8457,84,67,17,17
8458,76,72,4,4
8459,55,59,-4,4
8460,143,137,6,6
8461,134,127,7,7
8462,88,103,-15,15
8463,132,134,-2,2
8464,114,111,3,3
8465,71,68,3,3
8466,79,77,2,2
8467,101,108,-7,7
8468,134,141,-7,7
8469,61,139,-78,78
8470,81,73,8,8
8471,107,106,1,1
8472,86,79,7,7
8473,83,80,3,3
8474,94,95,-1,1
8475,102,120,-18,18
8476,110,124,-14,14
8477,137,131,6,6
8478,56,70,-14,14
8479,134,120,14,14
8480,80,83,-3,3
8481,46,46,0,0
8482,111,106,5,5
8483,112,113,-1,1
8484,121,133,-12,12
8485,113,112,1,1
8486,91,94,-3,3
8487,47,69,-22,22
8488,65,68,-3,3
8489,56,56,0,0
8490,83,84,-1,1
8491,85,85,0,0
8492,102,90,12,12
8493,80,85,-5,5
8494,110,104,6,6
8495,141,146,-5,5
8496,90,121,-31,31
8497,73,66,7,7
8498,60,49,11,11
8499,178,148,30,30
8500,124,132,-8,8
8501,108,98,10,10
8502,100,94,6,6
8503,78,78,0,0
8504,115,119,-4,4
8505,127,123,4,4
8506,47,44,3,3
8507,58,82,-24,24
8508,151,139,12,12
8509,104,90,14,14
8510,56,61,-5,5
8511,79,95,-16,16
8512,67,71,-4,4
8513,109,113,-4,4
8514,83,79,4,4
8515,101,76,25,25
8516,78,77,1,1
8517,101,142,-41,41
8518,64,72,-8,8
8519,69,56,13,13
8520,81,79,2,2
8521,185,177,8,8
8522,89,73,16,16
8523,137,121,16,16
8524,98,93,5,5
8525,185,173,12,12
8526,62,96,-34,34
8527,135,140,-5,5
8528,140,139,1,1
8529,166,167,-1,1
8530,68,76,-8,8
8531,100,105,-5,5
8532,122,136,-14,14
8533,105,108,-3,3
8534,129,131,-2,2
8535,117,119,-2,2
8536,74,83,-9,9
8537,91,87,4,4
8538,96,96,0,0
8539,96,94,2,2
8540,76,78,-2,2
8541,106,99,7,7
8542,71,63,8,8
8543,43,51,-8,8
8544,88,85,3,3
8545,79,90,-11,11
8546,104,99,5,5
8547,82,80,2,2
8548,112,109,3,3
8549,104,98,6,6
8550,55,72,-17,17
8551,90,85,5,5
8552,47,50,-3,3
8553,111,100,11,11
8554,127,119,8,8
8555,67,75,-8,8
8556,163,147,16,16
8557,154,149,5,5
8558,63,76,-13,13
8559,50,36,14,14
8560,56,59,-3,3
8561,104,111,-7,7
8562,80,85,-5,5
8563,83,78,5,5
8564,64,65,-1,1
8565,55,51,4,4
8566,84,70,14,14
8567,130,127,3,3
8568,85,88,-3,3
8569,109,117,-8,8
8570,153,145,8,8
8571,104,104,0,0
8572,129,119,10,10
8573,106,103,3,3
8574,173,170,3,3
8575,93,93,0,0
8576,93,82,11,11
8577,99,96,3,3
8578,66,62,4,4
8579,98,96,2,2
8580,110,149,-39,39
8581,50,63,-13,13
8582,104,102,2,2
8583,110,119,-9,9
8584,60,74,-14,14
8585,102,93,9,9
8586,87,80,7,7
8587,133,135,-2,2
8588,133,135,-2,2
8589,122,102,20,20
8590,92,88,4,4
8591,139,132,7,7
8592,52,48,4,4
8593,83,96,-13,13
8594,91,83,8,8
8595,65,63,2,2
8596,113,119,-6,6
8597,77,82,-5,5
8598,161,135,26,26
8599,92,88,4,4
8600,180,154,26,26
8601,77,78,-1,1
8602,109,101,8,8
8603,81,87,-6,6
8604,98,113,-15,15
8605,54,50,4,4
8606,126,116,10,10
8607,91,95,-4,4
8608,77,86,-9,9
8609,124,114,10,10
8610,78,81,-3,3
8611,189,166,23,23
8612,80,78,2,2
8613,159,133,26,26
8614,73,82,-9,9
8615,90,104,-14,14
8616,62,100,-38,38
8617,90,83,7,7
8618,134,145,-11,11
8619,121,110,11,11
8620,87,87,0,0
8621,59,54,5,5
8622,89,100,-11,11
8623,105,117,-12,12
8624,97,92,5,5
8625,110,102,8,8
8626,141,121,20,20
8627,85,75,10,10
8628,132,136,-4,4
8629,89,87,2,2
8630,75,74,1,1
8631,81,78,3,3
8632,77,71,6,6
8633,104,100,4,4
8634,132,141,-9,9
8635,136,122,14,14
8636,82,83,-1,1
8637,85,78,7,7
8638,76,74,2,2
8639,109,119,-10,10
8640,51,52,-1,1
8641,85,90,-5,5
8642,58,56,2,2
8643,161,157,4,4
8644,85,89,-4,4
8645,61,42,19,19
8646,82,84,-2,2
8647,114,119,-5,5
8648,113,116,-3,3
8649,82,78,4,4
8650,128,125,3,3
8651,113,125,-12,12
8652,61,76,-15,15
8653,85,65,20,20
8654,112,103,9,9
8655,76,83,-7,7
8656,89,80,9,9
8657,142,130,12,12
8658,81,76,5,5
8659,143,156,-13,13
8660,94,82,12,12
8661,134,79,55,55
8662,59,53,6,6
8663,55,61,-6,6
8664,75,86,-11,11
8665,87,90,-3,3
8666,69,53,16,16
8667,104,104,0,0
8668,57,65,-8,8
8669,68,65,3,3
8670,169,163,6,6
8671,114,115,-1,1
8672,92,86,6,6
8673,97,89,8,8
8674,121,126,-5,5
8675,89,83,6,6
8676,116,115,1,1
8677,93,103,-10,10
8678,116,115,1,1
8679,125,135,-10,10
8680,82,99,-17,17
8681,50,48,2,2
8682,46,89,-43,43
8683,45,54,-9,9
8684,120,130,-10,10
8685,93,100,-7,7
8686,102,102,0,0
8687,126,123,3,3
8688,108,135,-27,27
8689,110,114,-4,4
8690,101,111,-10,10
8691,73,84,-11,11
8692,58,51,7,7
8693,113,109,4,4
8694,136,135,1,1
8695,64,64,0,0
8696,125,144,-19,19
8697,88,83,5,5
8698,92,82,10,10
8699,106,95,11,11
8700,90,100,-10,10
8701,85,86,-1,1
8702,80,78,2,2
8703,110,101,9,9
8704,80,75,5,5
8705,117,127,-10,10
8706,47,64,-17,17
8707,112,116,-4,4
8708,84,81,3,3
8709,116,104,12,12
8710,61,63,-2,2
8711,82,79,3,3
8712,164,150,14,14
8713,125,129,-4,4
8714,80,81,-1,1
8715,66,63,3,3
8716,61,68,-7,7
8717,82,104,-22,22
8718,81,83,-2,2
8719,143,132,11,11
8720,145,135,10,10
8721,75,68,7,7
8722,60,91,-31,31
8723,86,97,-11,11
8724,99,121,-22,22
8725,112,111,1,1
8726,98,94,4,4
8727,96,109,-13,13
8728,64,65,-1,1
8729,62,55,7,7
8730,123,123,0,0
8731,83,76,7,7
8732,101,105,-4,4
8733,27,43,-16,16
8734,167,155,12,12
8735,149,151,-2,2
8736,94,85,9,9
8737,155,153,2,2
8738,39,41,-2,2
8739,62,53,9,9
8740,81,62,19,19
8741,58,52,6,6
8742,74,75,-1,1
8743,139,125,14,14
8744,74,85,-11,11
8745,84,89,-5,5
8746,155,106,49,49
8747,114,107,7,7
8748,152,171,-19,19
8749,104,96,8,8
8750,92,102,-10,10
8751,55,68,-13,13
8752,91,89,2,2
8753,90,79,11,11
8754,86,83,3,3
8755,76,104,-28,28
8756,86,96,-10,10
8757,49,45,4,4
8758,105,114,-9,9
8759,67,69,-2,2
8760,96,127,-31,31
8761,105,104,1,1
8762,98,77,21,21
8763,114,121,-7,7
8764,114,123,-9,9
8765,103,116,-13,13
8766,128,128,0,0
8767,110,103,7,7
8768,89,73,16,16
8769,67,60,7,7
8770,136,113,23,23
8771,154,144,10,10
8772,62,73,-11,11
8773,109,108,1,1
8774,91,101,-10,10
8775,63,55,8,8
8776,172,176,-4,4
8777,93,76,17,17
8778,81,85,-4,4
8779,87,97,-10,10
8780,49,55,-6,6
8781,157,161,-4,4
8782,87,87,0,0
8783,61,86,-25,25
8784,60,63,-3,3
8785,129,121,8,8
8786,75,59,16,16
8787,86,85,1,1
8788,37,39,-2,2
8789,110,110,0,0
8790,124,120,4,4
8791,65,60,5,5
8792,148,160,-12,12
8793,73,79,-6,6
8794,105,106,-1,1
8795,70,75,-5,5
8796,63,73,-10,10
8797,71,65,6,6
8798,71,77,-6,6
8799,68,72,-4,4
8800,96,92,4,4
8801,87,73,14,14
8802,88,80,8,8
8803,69,60,9,9
8804,83,79,4,4
8805,72,88,-16,16
8806,98,96,2,2
8807,126,113,13,13
8808,45,51,-6,6
8809,52,50,2,2
8810,103,108,-5,5
8811,77,63,14,14
8812,83,84,-1,1
8813,73,56,17,17
8814,108,103,5,5
8815,73,78,-5,5
8816,80,84,-4,4
8817,57,56,1,1
8818,63,66,-3,3
8819,24,25,-1,1
8820,89,81,8,8
8821,61,65,-4,4
8822,97,100,-3,3
8823,85,81,4,4
8824,143,145,-2,2
8825,129,130,-1,1
8826,75,78,-3,3
8827,71,73,-2,2
8828,92,92,0,0
8829,72,68,4,4
8830,91,77,14,14
8831,83,74,9,9
8832,75,84,-9,9
8833,66,66,0,0
8834,43,58,-15,15
8835,127,125,2,2
8836,125,127,-2,2
8837,44,57,-13,13
8838,51,57,-6,6
8839,54,63,-9,9
8840,203,163,40,40
8841,127,116,11,11
8842,102,91,11,11
8843,81,79,2,2
8844,69,60,9,9
8845,121,128,-7,7
8846,85,76,9,9
8847,125,117,8,8
8848,138,127,11,11
8849,191,144,47,47
8850,92,100,-8,8
8851,94,90,4,4
8852,128,132,-4,4
8853,35,57,-22,22
8854,104,116,-12,12
8855,86,78,8,8
8856,132,113,19,19
8857,89,81,8,8
8858,48,45,3,3
8859,75,67,8,8
8860,80,63,17,17
8861,100,96,4,4
8862,115,130,-15,15
8863,135,128,7,7
8864,88,95,-7,7
8865,108,102,6,6
8866,141,146,-5,5
8867,81,81,0,0
8868,147,159,-12,12
8869,94,88,6,6
8870,86,80,6,6
8871,125,117,8,8
8872,62,61,1,1
8873,82,80,2,2
8874,123,116,7,7
8875,80,79,1,1
8876,108,100,8,8
8877,91,80,11,11
8878,124,120,4,4
8879,93,115,-22,22
8880,141,162,-21,21
8881,97,95,2,2
8882,177,179,-2,2
8883,80,81,-1,1
8884,133,148,-15,15
8885,98,101,-3,3
8886,104,103,1,1
8887,64,67,-3,3
8888,170,158,12,12
8889,91,94,-3,3
8890,98,96,2,2
8891,125,116,9,9
8892,65,58,7,7
8893,86,77,9,9
8894,75,68,7,7
8895,72,67,5,5
8896,53,75,-22,22
8897,93,75,18,18
8898,69,66,3,3
8899,95,78,17,17
8900,76,85,-9,9
8901,73,67,6,6
8902,56,52,4,4
8903,92,83,9,9
8904,43,51,-8,8
8905,60,60,0,0
8906,74,82,-8,8
8907,85,96,-11,11
8908,91,89,2,2
8909,92,84,8,8
8910,91,88,3,3
8911,60,66,-6,6
8912,142,153,-11,11
8913,127,132,-5,5
8914,87,94,-7,7
8915,130,169,-39,39
8916,104,102,2,2
8917,62,55,7,7
8918,125,137,-12,12
8919,96,177,-81,81
8920,170,148,22,22
8921,103,124,-21,21
8922,185,140,45,45
8923,80,74,6,6
8924,56,64,-8,8
8925,105,126,-21,21
8926,63,66,-3,3
8927,88,95,-7,7
8928,79,78,1,1
8929,60,80,-20,20
8930,84,76,8,8
8931,123,131,-8,8
8932,107,97,10,10
8933,94,94,0,0
8934,70,78,-8,8
8935,141,119,22,22
8936,56,54,2,2
8937,166,164,2,2
8938,120,108,12,12
8939,137,131,6,6
8940,88,94,-6,6
8941,127,111,16,16
8942,157,156,1,1
8943,130,134,-4,4
8944,106,113,-7,7
8945,131,133,-2,2
8946,54,54,0,0
8947,132,130,2,2
8948,80,71,9,9
8949,81,81,0,0
8950,128,121,7,7
8951,36,34,2,2
8952,106,99,7,7
8953,85,85,0,0
8954,64,59,5,5
8955,81,71,10,10
8956,120,125,-5,5
8957,130,124,6,6
8958,99,87,12,12
8959,70,55,15,15
8960,78,74,4,4
8961,112,106,6,6
8962,82,74,8,8
8963,184,163,21,21
8964,129,141,-12,12
8965,111,103,8,8
8966,99,99,0,0
8967,51,59,-8,8
8968,102,104,-2,2
8969,66,65,1,1
8970,74,72,2,2
8971,129,127,2,2
8972,54,63,-9,9
8973,117,147,-30,30
8974,120,130,-10,10
8975,73,83,-10,10
8976,177,173,4,4
8977,157,161,-4,4
8978,77,73,4,4
8979,55,54,1,1
8980,132,121,11,11
8981,180,168,12,12
8982,72,64,8,8
8983,88,97,-9,9
8984,71,70,1,1
8985,85,79,6,6
8986,51,55,-4,4
8987,61,58,3,3
8988,76,74,2,2
8989,90,88,2,2
8990,64,72,-8,8
8991,67,89,-22,22
8992,95,90,5,5
8993,46,64,-18,18
8994,92,84,8,8
8995,121,139,-18,18
8996,93,93,0,0
8997,92,92,0,0
8998,52,49,3,3
8999,112,123,-11,11
9000,66,101,-35,35
9001,76,76,0,0
9002,157,151,6,6
9003,75,69,6,6
9004,68,63,5,5
9005,64,66,-2,2
9006,135,133,2,2
9007,107,98,9,9
9008,79,108,-29,29
9009,82,79,3,3
9010,101,83,18,18
9011,142,160,-18,18
9012,108,122,-14,14
9013,93,76,17,17
9014,111,123,-12,12
9015,111,101,10,10
9016,101,83,18,18
9017,67,73,-6,6
9018,58,55,3,3
9019,117,113,4,4
9020,100,95,5,5
9021,96,95,1,1
9022,106,105,1,1
9023,82,80,2,2
9024,57,58,-1,1
9025,95,89,6,6
9026,92,79,13,13
9027,78,77,1,1
9028,85,78,7,7
9029,46,49,-3,3
9030,60,70,-10,10
9031,68,64,4,4
9032,90,76,14,14
9033,106,110,-4,4
9034,72,71,1,1
9035,91,80,11,11
9036,142,133,9,9
9037,63,54,9,9
9038,55,60,-5,5
9039,112,115,-3,3
9040,165,139,26,26
9041,80,80,0,0
9042,58,60,-2,2
9043,96,108,-12,12
9044,69,66,3,3
9045,85,101,-16,16
9046,74,72,2,2
9047,148,141,7,7
9048,61,56,5,5
9049,114,122,-8,8
9050,117,113,4,4
9051,87,85,2,2
9052,148,151,-3,3
9053,129,116,13,13
9054,100,90,10,10
9055,79,80,-1,1
9056,84,76,8,8
9057,75,73,2,2
9058,101,103,-2,2
9059,74,76,-2,2
9060,98,89,9,9
9061,97,113,-16,16
9062,58,69,-11,11
9063,104,92,12,12
9064,122,125,-3,3
9065,33,40,-7,7
9066,62,59,3,3
9067,59,63,-4,4
9068,66,77,-11,11
9069,112,113,-1,1
9070,109,93,16,16
9071,67,61,6,6
9072,157,168,-11,11
9073,147,146,1,1
9074,114,104,10,10
9075,45,38,7,7
9076,71,81,-10,10
9077,135,135,0,0
9078,64,49,15,15
9079,101,111,-10,10
9080,93,94,-1,1
9081,92,89,3,3
9082,128,129,-1,1
9083,90,79,11,11
9084,113,102,11,11
9085,62,80,-18,18
9086,66,60,6,6
9087,69,77,-8,8
9088,90,90,0,0
9089,69,68,1,1
9090,87,85,2,2
9091,70,86,-16,16
9092,88,79,9,9
9093,60,59,1,1
9094,172,164,8,8
9095,94,100,-6,6
9096,53,54,-1,1
9097,81,79,2,2
9098,103,96,7,7
9099,146,140,6,6
9100,93,102,-9,9
9101,106,115,-9,9
9102,115,122,-7,7
9103,171,151,20,20
9104,80,74,6,6
9105,89,83,6,6
9106,75,79,-4,4
9107,197,184,13,13
9108,52,53,-1,1
9109,56,54,2,2
9110,76,81,-5,5
9111,136,131,5,5
9112,127,132,-5,5
9113,102,103,-1,1
9114,100,95,5,5
9115,154,143,11,11
9116,127,129,-2,2
9117,115,112,3,3
9118,69,69,0,0
9119,113,104,9,9
9120,116,113,3,3
9121,92,91,1,1
9122,95,94,1,1
9123,81,73,8,8
9124,81,87,-6,6
9125,148,150,-2,2
9126,94,92,2,2
9127,117,114,3,3
9128,47,58,-11,11
9129,100,98,2,2
9130,133,135,-2,2
9131,79,94,-15,15
9132,147,138,9,9
9133,62,64,-2,2
9134,77,82,-5,5
9135,154,144,10,10
9136,112,121,-9,9
9137,65,59,6,6
9138,42,52,-10,10
9139,114,117,-3,3
9140,114,123,-9,9
9141,77,74,3,3
9142,68,75,-7,7
9143,84,90,-6,6
9144,120,120,0,0
9145,132,133,-1,1
9146,113,121,-8,8
9147,86,82,4,4
9148,78,83,-5,5
9149,73,91,-18,18
9150,68,63,5,5
9151,93,95,-2,2
9152,113,133,-20,20
9153,58,58,0,0
9154,63,69,-6,6
9155,54,57,-3,3
9156,123,109,14,14
9157,43,48,-5,5
9158,82,78,4,4
9159,144,143,1,1
9160,73,50,23,23
9161,49,67,-18,18
9162,103,96,7,7
9163,179,171,8,8
9164,106,90,16,16
9165,93,112,-19,19
9166,135,144,-9,9
9167,120,122,-2,2
9168,130,137,-7,7
9169,79,86,-7,7
9170,82,84,-2,2
9171,55,61,-6,6
9172,74,61,13,13
9173,153,147,6,6
9174,93,88,5,5
9175,107,99,8,8
9176,136,143,-7,7
9177,88,97,-9,9
9178,56,66,-10,10
9179,171,162,9,9
9180,115,115,0,0
9181,53,59,-6,6
9182,124,128,-4,4
9183,117,106,11,11
9184,76,81,-5,5
9185,168,144,24,24
9186,78,74,4,4
9187,42,45,-3,3
9188,74,73,1,1
9189,156,126,30,30
9190,81,108,-27,27
9191,88,83,5,5
9192,169,155,14,14
9193,74,64,10,10
9194,108,104,4,4
9195,98,81,17,17
9196,175,185,-10,10
9197,39,64,-25,25
9198,47,54,-7,7
9199,100,77,23,23
9200,105,90,15,15
9201,103,100,3,3
9202,114,112,2,2
9203,65,58,7,7
9204,70,71,-1,1
9205,79,95,-16,16
9206,96,94,2,2
9207,123,131,-8,8
9208,94,91,3,3
9209,124,118,6,6
9210,102,88,14,14
9211,108,101,7,7
9212,78,78,0,0
9213,111,131,-20,20
9214,84,90,-6,6
9215,58,55,3,3
9216,124,125,-1,1
9217,92,88,4,4
9218,75,77,-2,2
9219,64,50,14,14
9220,89,85,4,4
9221,88,88,0,0
9222,58,59,-1,1
9223,116,112,4,4
9224,57,70,-13,13
9225,98,96,2,2
9226,138,144,-6,6
9227,87,92,-5,5
9228,58,52,6,6
9229,141,124,17,17
9230,72,69,3,3
9231,63,73,-10,10
9232,173,161,12,12
9233,113,110,3,3
9234,114,102,12,12
9235,95,85,10,10
9236,80,82,-2,2
9237,75,69,6,6
9238,113,101,12,12
9239,86,91,-5,5
9240,54,59,-5,5
9241,99,94,5,5
9242,149,139,10,10
9243,73,62,11,11
9244,86,77,9,9
9245,108,106,2,2
9246,74,72,2,2
9247,59,70,-11,11
9248,106,118,-12,12
9249,158,147,11,11
9250,45,82,-37,37
9251,77,84,-7,7
9252,116,134,-18,18
9253,52,49,3,3
9254,93,111,-18,18
9255,129,112,17,17
9256,63,78,-15,15
9257,41,56,-15,15
9258,62,53,9,9
9259,168,161,7,7
9260,117,87,30,30
9261,142,129,13,13
9262,112,98,14,14
9263,101,109,-8,8
9264,86,74,12,12
9265,77,82,-5,5
9266,141,136,5,5
9267,80,89,-9,9
9268,107,120,-13,13
9269,90,88,2,2
9270,65,62,3,3
9271,57,50,7,7
9272,89,80,9,9
9273,63,56,7,7
9274,121,125,-4,4
9275,108,112,-4,4
9276,83,82,1,1
9277,116,120,-4,4
9278,66,63,3,3
9279,128,139,-11,11
9280,98,99,-1,1
9281,76,78,-2,2
9282,130,129,1,1
9283,55,66,-11,11
9284,64,72,-8,8
9285,107,120,-13,13
9286,117,104,13,13
9287,124,129,-5,5
9288,88,86,2,2
9289,44,47,-3,3
9290,89,83,6,6
9291,82,74,8,8
9292,78,61,17,17
9293,63,68,-5,5
9294,60,58,2,2
9295,55,71,-16,16
9296,80,90,-10,10
9297,56,59,-3,3
9298,68,68,0,0
9299,177,168,9,9
9300,69,63,6,6
9301,63,64,-1,1
9302,116,107,9,9
9303,96,96,0,0
9304,142,117,25,25
9305,85,79,6,6
9306,56,66,-10,10
9307,91,93,-2,2
9308,72,77,-5,5
9309,69,72,-3,3
9310,114,106,8,8
9311,131,139,-8,8
9312,70,74,-4,4
9313,138,133,5,5
9314,103,110,-7,7
9315,69,79,-10,10
9316,97,104,-7,7
9317,98,118,-20,20
9318,117,117,0,0
9319,95,103,-8,8
9320,130,121,9,9
9321,174,157,17,17
9322,114,111,3,3
9323,87,96,-9,9
9324,92,100,-8,8
9325,57,60,-3,3
9326,93,89,4,4
9327,90,92,-2,2
9328,87,92,-5,5
9329,87,88,-1,1
9330,115,112,3,3
9331,103,113,-10,10
9332,66,65,1,1
9333,95,88,7,7
9334,98,91,7,7
9335,82,79,3,3
9336,63,69,-6,6
9337,39,42,-3,3
9338,60,64,-4,4
9339,112,117,-5,5
9340,159,131,28,28
9341,41,55,-14,14
9342,96,100,-4,4
9343,117,113,4,4
9344,69,95,-26,26
9345,82,81,1,1
9346,125,117,8,8
9347,82,66,16,16
9348,65,72,-7,7
9349,92,80,12,12
9350,91,100,-9,9
9351,91,91,0,0
9352,95,119,-24,24
9353,28,39,-11,11
9354,64,57,7,7
9355,73,71,2,2
9356,122,122,0,0
9357,76,86,-10,10
9358,82,77,5,5
9359,134,129,5,5
9360,118,114,4,4
9361,72,74,-2,2
9362,96,115,-19,19
9363,176,173,3,3
9364,156,156,0,0
9365,64,85,-21,21
9366,99,117,-18,18
9367,94,80,14,14
9368,84,81,3,3
9369,88,89,-1,1
9370,144,150,-6,6
9371,123,121,2,2
9372,99,104,-5,5
9373,63,83,-20,20
9374,64,64,0,0
9375,141,124,17,17
9376,71,90,-19,19
9377,166,159,7,7
9378,118,92,26,26
9379,120,114,6,6
9380,145,140,5,5
9381,87,80,7,7
9382,90,102,-12,12
9383,80,80,0,0
9384,125,129,-4,4
9385,59,48,11,11
9386,171,154,17,17
9387,72,62,10,10
9388,121,104,17,17
9389,47,48,-1,1
9390,73,82,-9,9
9391,124,111,13,13
9392,87,87,0,0
9393,95,102,-7,7
9394,77,74,3,3
9395,167,161,6,6
9396,53,97,-44,44
9397,89,78,11,11
9398,83,75,8,8
9399,77,81,-4,4
9400,127,125,2,2
9401,94,98,-4,4
9402,95,88,7,7
9403,93,92,1,1
9404,74,104,-30,30
9405,112,116,-4,4
9406,117,107,10,10
9407,69,64,5,5
9408,88,109,-21,21
9409,71,91,-20,20
9410,57,53,4,4
9411,89,81,8,8
9412,98,107,-9,9
9413,123,113,10,10
9414,88,91,-3,3
9415,136,130,6,6
9416,85,67,18,18
9417,93,81,12,12
9418,150,163,-13,13
9419,50,55,-5,5
9420,77,72,5,5
9421,87,93,-6,6
9422,123,111,12,12
9423,71,70,1,1
9424,142,141,1,1
9425,78,79,-1,1
9426,111,117,-6,6
9427,54,70,-16,16
9428,66,78,-12,12
9429,110,80,30,30
9430,96,85,11,11
9431,56,61,-5,5
9432,17,30,-13,13
9433,84,73,11,11
9434,108,101,7,7
9435,103,85,18,18
9436,102,106,-4,4
9437,81,90,-9,9
9438,125,113,12,12
9439,120,135,-15,15
9440,89,80,9,9
9441,73,67,6,6
9442,110,104,6,6
9443,86,84,2,2
9444,94,111,-17,17
9445,76,71,5,5
9446,72,68,4,4
9447,41,48,-7,7
9448,129,126,3,3
9449,80,84,-4,4
9450,92,80,12,12
9451,208,172,36,36
9452,170,162,8,8
9453,88,87,1,1
9454,43,47,-4,4
9455,65,71,-6,6
9456,52,72,-20,20
9457,44,46,-2,2
9458,96,117,-21,21
9459,165,155,10,10
9460,92,70,22,22
9461,104,88,16,16
9462,131,143,-12,12
9463,73,68,5,5
9464,131,106,25,25
9465,51,66,-15,15
9466,63,76,-13,13
9467,107,114,-7,7
9468,109,122,-13,13
9469,131,125,6,6
9470,96,93,3,3
9471,90,72,18,18
9472,60,67,-7,7
9473,106,104,2,2
9474,101,86,15,15
9475,67,65,2,2
9476,117,111,6,6
9477,76,71,5,5
9478,78,78,0,0
9479,94,81,13,13
9480,95,92,3,3
9481,78,65,13,13
9482,133,135,-2,2
9483,41,53,-12,12
9484,105,117,-12,12
9485,102,89,13,13
9486,88,101,-13,13
9487,106,109,-3,3
9488,89,91,-2,2
9489,98,112,-14,14
9490,128,117,11,11
9491,102,110,-8,8
9492,132,137,-5,5
9493,101,109,-8,8
9494,144,134,10,10
9495,61,64,-3,3
9496,61,68,-7,7
9497,114,122,-8,8
9498,125,128,-3,3
9499,70,74,-4,4
9500,83,84,-1,1
9501,147,142,5,5
9502,97,102,-5,5
9503,82,84,-2,2
9504,87,83,4,4
9505,94,89,5,5
9506,54,78,-24,24
9507,71,74,-3,3
9508,105,94,11,11
9509,87,93,-6,6
9510,95,96,-1,1
9511,71,70,1,1
9512,76,81,-5,5
9513,123,116,7,7
9514,127,113,14,14
9515,84,90,-6,6
9516,48,54,-6,6
9517,108,98,10,10
9518,157,132,25,25
9519,54,53,1,1
9520,100,86,14,14
9521,118,106,12,12
9522,57,54,3,3
9523,137,142,-5,5
9524,80,81,-1,1
9525,48,58,-10,10
9526,49,45,4,4
9527,94,93,1,1
9528,101,90,11,11
9529,64,70,-6,6
9530,114,133,-19,19
9531,82,74,8,8
9532,62,66,-4,4
9533,57,60,-3,3
9534,88,93,-5,5
9535,92,93,-1,1
9536,66,68,-2,2
9537,76,77,-1,1
9538,59,60,-1,1
9539,89,83,6,6
9540,63,54,9,9
9541,51,63,-12,12
9542,123,121,2,2
9543,88,94,-6,6
9544,59,68,-9,9
9545,66,65,1,1
9546,135,117,18,18
9547,54,61,-7,7
9548,24,36,-12,12
9549,91,76,15,15
9550,166,157,9,9
9551,45,44,1,1
9552,95,87,8,8
9553,99,96,3,3
9554,70,73,-3,3
9555,81,68,13,13
9556,97,86,11,11
9557,75,80,-5,5
9558,55,63,-8,8
9559,86,93,-7,7
9560,172,159,13,13
9561,65,80,-15,15
9562,174,152,22,22
9563,78,71,7,7
9564,81,90,-9,9
9565,68,66,2,2
9566,74,63,11,11
9567,46,46,0,0
9568,119,125,-6,6
9569,48,64,-16,16
9570,112,114,-2,2
9571,135,154,-19,19
9572,91,74,17,17
9573,103,101,2,2
9574,95,111,-16,16
9575,91,75,16,16
9576,201,167,34,34
9577,89,86,3,3
9578,71,70,1,1
9579,198,174,24,24
9580,93,75,18,18
9581,82,71,11,11
9582,132,136,-4,4
9583,79,84,-5,5
9584,60,61,-1,1
9585,72,84,-12,12
9586,107,108,-1,1
9587,112,105,7,7
9588,99,120,-21,21
9589,104,113,-9,9
9590,68,62,6,6
9591,57,50,7,7
9592,47,52,-5,5
9593,96,86,10,10
9594,95,101,-6,6
9595,43,52,-9,9
9596,116,106,10,10
9597,65,64,1,1
9598,106,87,19,19
9599,117,123,-6,6
9600,96,87,9,9
9601,67,65,2,2
9602,100,93,7,7
9603,108,106,2,2
9604,103,98,5,5
9605,58,63,-5,5
9606,88,79,9,9
9607,133,128,5,5
9608,161,156,5,5
9609,95,87,8,8
9610,99,77,22,22
9611,69,54,15,15
9612,112,106,6,6
9613,127,117,10,10
9614,66,66,0,0
9615,116,112,4,4
9616,105,108,-3,3
9617,100,89,11,11
9618,93,95,-2,2
9619,79,87,-8,8
9620,121,110,11,11
9621,86,99,-13,13
9622,88,71,17,17
9623,177,158,19,19
9624,67,66,1,1
9625,73,72,1,1
9626,105,101,4,4
9627,115,103,12,12
9628,141,126,15,15
9629,75,79,-4,4
9630,58,57,1,1
9631,86,84,2,2
9632,137,125,12,12
9633,113,122,-9,9
9634,92,86,6,6
9635,83,86,-3,3
9636,103,118,-15,15
9637,145,109,36,36
9638,84,80,4,4
9639,123,113,10,10
9640,104,107,-3,3
9641,61,56,5,5
9642,79,105,-26,26
9643,90,113,-23,23
9644,115,115,0,0
9645,138,144,-6,6
9646,80,81,-1,1
9647,92,98,-6,6
9648,126,117,9,9
9649,62,55,7,7
9650,81,89,-8,8
9651,88,85,3,3
9652,90,87,3,3
9653,70,62,8,8
9654,113,92,21,21
9655,81,78,3,3
9656,70,77,-7,7
9657,87,91,-4,4
9658,62,74,-12,12
9659,54,55,-1,1
9660,85,87,-2,2
9661,76,73,3,3
9662,44,48,-4,4
9663,106,108,-2,2
9664,116,113,3,3
9665,114,140,-26,26
9666,156,156,0,0
9667,127,118,9,9
9668,61,62,-1,1
9669,57,58,-1,1
9670,128,126,2,2
9671,90,80,10,10
9672,113,100,13,13
9673,81,69,12,12
9674,48,55,-7,7
9675,47,57,-10,10
9676,139,115,24,24
9677,154,144,10,10
9678,104,118,-14,14
9679,97,94,3,3
9680,123,124,-1,1
9681,68,58,10,10
9682,94,98,-4,4
9683,77,86,-9,9
9684,45,42,3,3
9685,78,73,5,5
9686,75,74,1,1
9687,79,70,9,9
9688,175,110,65,65
9689,117,110,7,7
9690,108,104,4,4
9691,106,115,-9,9
9692,82,72,10,10
9693,112,105,7,7
9694,74,66,8,8
9695,117,114,3,3
9696,94,96,-2,2
9697,226,201,25,25
9698,120,109,11,11
9699,40,42,-2,2
9700,40,111,-71,71
9701,119,127,-8,8
9702,51,67,-16,16
9703,61,73,-12,12
9704,119,108,11,11
9705,97,93,4,4
9706,70,79,-9,9
9707,101,94,7,7
9708,160,147,13,13
9709,88,74,14,14
9710,41,55,-14,14
9711,86,93,-7,7
9712,76,71,5,5
9713,66,66,0,0
9714,110,123,-13,13
9715,120,114,6,6
9716,97,97,0,0
9717,89,94,-5,5
9718,117,111,6,6
9719,59,73,-14,14
9720,145,141,4,4
9721,84,74,10,10
9722,78,86,-8,8
9723,65,66,-1,1
9724,62,52,10,10
9725,114,110,4,4
9726,76,67,9,9
9727,51,65,-14,14
9728,131,146,-15,15
9729,162,182,-20,20
9730,90,96,-6,6
9731,95,64,31,31
9732,49,65,-16,16
9733,81,83,-2,2
9734,103,104,-1,1
9735,136,131,5,5
9736,116,107,9,9
9737,74,77,-3,3
9738,54,63,-9,9
9739,110,109,1,1
9740,113,101,12,12
9741,142,113,29,29
9742,130,114,16,16
9743,156,153,3,3
9744,186,187,-1,1
9745,70,70,0,0
9746,115,105,10,10
9747,149,132,17,17
9748,135,123,12,12
9749,72,71,1,1
9750,143,156,-13,13
9751,190,172,18,18
9752,117,126,-9,9
9753,124,129,-5,5
9754,78,84,-6,6
9755,90,91,-1,1
9756,49,44,5,5
9757,52,51,1,1
9758,48,59,-11,11
9759,69,77,-8,8
9760,69,72,-3,3
9761,40,53,-13,13
9762,89,101,-12,12
9763,85,78,7,7
9764,104,108,-4,4
9765,130,119,11,11
9766,110,93,17,17
9767,136,135,1,1
9768,91,79,12,12
9769,83,87,-4,4
9770,50,49,1,1
9771,104,104,0,0
9772,83,70,13,13
9773,114,109,5,5
9774,119,131,-12,12
9775,88,84,4,4
9776,68,87,-19,19
9777,84,106,-22,22
9778,93,66,27,27
9779,56,58,-2,2
9780,66,66,0,0
9781,60,62,-2,2
9782,58,57,1,1
9783,142,142,0,0
9784,197,171,26,26
9785,53,58,-5,5
9786,86,40,46,46
9787,85,86,-1,1
9788,153,124,29,29
9789,58,58,0,0
9790,78,75,3,3
9791,159,145,14,14
9792,129,138,-9,9
9793,115,100,15,15
9794,64,56,8,8
9795,142,137,5,5
9796,83,76,7,7
9797,171,173,-2,2
9798,137,189,-52,52
9799,107,107,0,0
9800,101,81,20,20
9801,75,68,7,7
9802,103,94,9,9
9803,80,83,-3,3
9804,51,54,-3,3
9805,92,87,5,5
9806,88,90,-2,2
9807,96,101,-5,5
9808,140,129,11,11
9809,107,113,-6,6
9810,59,61,-2,2
9811,128,119,9,9
9812,80,78,2,2
9813,40,40,0,0
9814,139,136,3,3
9815,79,66,13,13
9816,89,87,2,2
9817,127,129,-2,2
9818,132,127,5,5
9819,104,104,0,0
9820,100,77,23,23
9821,76,88,-12,12
9822,182,156,26,26
9823,43,45,-2,2
9824,56,50,6,6
9825,140,144,-4,4
9826,98,101,-3,3
9827,66,71,-5,5
9828,52,53,-1,1
9829,100,99,1,1
9830,131,117,14,14
9831,47,113,-66,66
9832,57,65,-8,8
9833,58,62,-4,4
9834,100,95,5,5
9835,143,151,-8,8
9836,81,87,-6,6
9837,130,81,49,49
9838,63,76,-13,13
9839,84,98,-14,14
9840,86,83,3,3
9841,118,108,10,10
9842,109,103,6,6
9843,176,184,-8,8
9844,68,70,-2,2
9845,102,106,-4,4
9846,65,57,8,8
9847,88,84,4,4
9848,127,115,12,12
9849,56,58,-2,2
9850,104,114,-10,10
9851,105,88,17,17
9852,84,82,2,2
9853,27,57,-30,30
9854,95,97,-2,2
9855,77,71,6,6
9856,192,191,1,1
9857,78,67,11,11
9858,122,109,13,13
9859,80,77,3,3
9860,94,76,18,18
9861,126,118,8,8
9862,44,37,7,7
9863,73,73,0,0
9864,104,80,24,24
9865,71,65,6,6
9866,65,70,-5,5
9867,96,80,16,16
9868,116,63,53,53
9869,103,106,-3,3
9870,129,129,0,0
9871,143,143,0,0
9872,100,109,-9,9
9873,133,116,17,17
9874,64,59,5,5
9875,121,111,10,10
9876,61,70,-9,9
9877,55,63,-8,8
9878,49,51,-2,2
9879,86,79,7,7
9880,85,84,1,1
9881,61,49,12,12
9882,128,133,-5,5
9883,91,69,22,22
9884,99,77,22,22
9885,92,88,4,4
9886,179,172,7,7
9887,114,99,15,15
9888,66,64,2,2
9889,78,96,-18,18
9890,69,70,-1,1
9891,121,117,4,4
9892,85,76,9,9
9893,110,131,-21,21
9894,92,91,1,1
9895,117,90,27,27
9896,174,178,-4,4
9897,135,127,8,8
9898,64,70,-6,6
9899,75,61,14,14
9900,97,104,-7,7
9901,120,129,-9,9
9902,102,90,12,12
9903,91,89,2,2
9904,70,78,-8,8
9905,64,72,-8,8
9906,49,41,8,8
9907,94,86,8,8
9908,71,74,-3,3
9909,136,161,-25,25
9910,68,66,2,2
9911,122,122,0,0
9912,73,72,1,1
9913,114,104,10,10
9914,98,98,0,0
9915,104,118,-14,14
9916,103,83,20,20
9917,108,94,14,14
9918,127,122,5,5
9919,130,126,4,4
9920,95,105,-10,10
9921,89,78,11,11
9922,73,65,8,8
9923,157,140,17,17
9924,103,97,6,6
9925,105,98,7,7
9926,112,101,11,11
9927,109,102,7,7
9928,79,77,2,2
9929,92,102,-10,10
9930,72,68,4,4
9931,48,56,-8,8
9932,98,88,10,10
9933,111,124,-13,13
9934,119,114,5,5
9935,139,119,20,20
9936,55,69,-14,14
9937,107,107,0,0
9938,135,141,-6,6
9939,102,90,12,12
9940,88,97,-9,9
9941,105,109,-4,4
9942,136,110,26,26
9943,82,80,2,2
9944,67,63,4,4
9945,123,128,-5,5
9946,120,113,7,7
9947,94,90,4,4
9948,51,54,-3,3
9949,95,80,15,15
9950,92,89,3,3
9951,154,132,22,22
9952,76,79,-3,3
9953,59,58,1,1
9954,153,137,16,16
9955,66,74,-8,8
9956,96,118,-22,22
9957,131,113,18,18
9958,81,72,9,9
9959,80,78,2,2
9960,59,60,-1,1
9961,72,74,-2,2
9962,148,147,1,1
9963,123,125,-2,2
9964,72,89,-17,17
9965,59,59,0,0
9966,145,143,2,2
9967,95,93,2,2
9968,125,122,3,3
9969,79,72,7,7
9970,79,81,-2,2
9971,68,67,1,1
9972,135,131,4,4
9973,96,98,-2,2
9974,64,70,-6,6
9975,62,58,4,4
9976,102,101,1,1
9977,141,128,13,13
9978,82,69,13,13
9979,84,74,10,10
9980,85,84,1,1
9981,77,82,-5,5
9982,107,98,9,9
9983,94,97,-3,3
9984,84,68,16,16
9985,90,86,4,4
9986,127,107,20,20
9987,94,101,-7,7
9988,142,183,-41,41
9989,88,91,-3,3
9990,104,92,12,12
9991,66,73,-7,7
9992,48,50,-2,2
9993,76,76,0,0
9994,105,97,8,8
9995,62,59,3,3
9996,82,85,-3,3
9997,123,120,3,3
9998,88,82,6,6
9999,68,71,-3,3
10000,171,136,35,35
10001,134,137,-3,3
10002,81,77,4,4
10003,66,71,-5,5
10004,49,54,-5,5
10005,92,89,3,3
10006,121,120,1,1
10007,133,125,8,8
10008,147,132,15,15
10009,81,74,7,7
10010,69,71,-2,2
10011,83,84,-1,1
10012,88,92,-4,4
10013,59,49,10,10
10014,91,99,-8,8
10015,153,155,-2,2
10016,114,107,7,7
10017,77,93,-16,16
10018,85,67,18,18
10019,80,67,13,13
10020,74,70,4,4
10021,169,172,-3,3
10022,108,106,2,2
10023,121,120,1,1
10024,83,88,-5,5
10025,56,53,3,3
10026,74,71,3,3
10027,53,55,-2,2
10028,80,84,-4,4
10029,79,90,-11,11
10030,117,111,6,6
10031,174,161,13,13
10032,77,79,-2,2
10033,114,97,17,17
10034,79,73,6,6
10035,158,144,14,14
10036,80,72,8,8
10037,90,105,-15,15
10038,111,103,8,8
10039,155,142,13,13
10040,55,67,-12,12
10041,74,81,-7,7
10042,62,65,-3,3
10043,138,142,-4,4
10044,143,149,-6,6
10045,113,115,-2,2
10046,100,109,-9,9
10047,115,90,25,25
10048,49,58,-9,9
10049,139,123,16,16
10050,114,121,-7,7
10051,125,141,-16,16
10052,61,50,11,11
10053,136,143,-7,7
10054,77,71,6,6
10055,211,181,30,30
10056,66,64,2,2
10057,111,105,6,6
10058,122,115,7,7
10059,139,127,12,12
10060,121,108,13,13
10061,108,122,-14,14
10062,85,95,-10,10
10063,110,103,7,7
10064,62,67,-5,5
10065,107,102,5,5
10066,49,56,-7,7
10067,82,89,-7,7
10068,92,93,-1,1
10069,59,58,1,1
10070,56,72,-16,16
10071,105,98,7,7
10072,61,71,-10,10
10073,95,102,-7,7
10074,56,56,0,0
10075,148,146,2,2
10076,123,121,2,2
10077,111,124,-13,13
10078,75,73,2,2
10079,139,156,-17,17
10080,68,71,-3,3
10081,90,80,10,10
10082,150,155,-5,5
10083,133,123,10,10
10084,49,53,-4,4
10085,62,57,5,5
10086,111,89,22,22
10087,117,121,-4,4
10088,151,144,7,7
10089,100,97,3,3
10090,42,50,-8,8
10091,78,74,4,4
10092,48,46,2,2
10093,118,102,16,16
10094,70,65,5,5
10095,117,133,-16,16
10096,61,57,4,4
10097,94,105,-11,11
10098,78,91,-13,13
10099,170,156,14,14
10100,68,67,1,1
10101,78,69,9,9
10102,47,61,-14,14
10103,130,108,22,22
10104,80,80,0,0
10105,70,71,-1,1
10106,49,39,10,10
10107,117,109,8,8
10108,86,85,1,1
10109,82,63,19,19
10110,54,54,0,0
10111,160,150,10,10
10112,78,89,-11,11
10113,82,78,4,4
10114,59,53,6,6
10115,115,117,-2,2
10116,86,85,1,1
10117,119,106,13,13
10118,116,114,2,2
10119,90,92,-2,2
10120,75,75,0,0
10121,81,77,4,4
10122,87,95,-8,8
10123,108,105,3,3
10124,50,58,-8,8
10125,53,59,-6,6
10126,130,138,-8,8
10127,125,104,21,21
10128,118,108,10,10
10129,112,113,-1,1
10130,62,69,-7,7
10131,105,116,-11,11
10132,90,102,-12,12
10133,143,135,8,8
10134,58,57,1,1
10135,64,68,-4,4
10136,108,107,1,1
10137,98,88,10,10
10138,136,121,15,15
10139,101,114,-13,13
10140,85,100,-15,15
10141,92,97,-5,5
10142,144,151,-7,7
10143,80,75,5,5
10144,110,87,23,23
10145,66,65,1,1
10146,73,72,1,1
10147,59,56,3,3
10148,88,86,2,2
10149,74,85,-11,11
10150,61,65,-4,4
10151,125,127,-2,2
10152,55,53,2,2
10153,115,111,4,4
10154,58,59,-1,1
10155,76,78,-2,2
10156,137,144,-7,7
10157,81,74,7,7
10158,116,104,12,12
10159,81,80,1,1
10160,94,89,5,5
10161,78,99,-21,21
10162,80,68,12,12
10163,99,101,-2,2
10164,118,119,-1,1
10165,137,121,16,16
10166,98,94,4,4
10167,71,66,5,5
10168,83,85,-2,2
10169,132,144,-12,12
10170,69,74,-5,5
10171,119,109,10,10
10172,101,98,3,3
10173,92,93,-1,1
10174,74,67,7,7
10175,95,96,-1,1
10176,67,68,-1,1
10177,50,55,-5,5
10178,106,107,-1,1
10179,102,88,14,14
10180,359,251,108,108
10181,58,63,-5,5
10182,94,95,-1,1
10183,90,79,11,11
10184,88,87,1,1
10185,105,102,3,3
10186,75,80,-5,5
10187,89,98,-9,9
10188,86,85,1,1
10189,133,130,3,3
10190,35,53,-18,18
10191,88,77,11,11
10192,177,164,13,13
10193,100,93,7,7
10194,65,65,0,0
10195,104,100,4,4
10196,67,51,16,16
10197,86,85,1,1
10198,123,124,-1,1
10199,108,97,11,11
10200,84,84,0,0
10201,54,68,-14,14
10202,95,101,-6,6
10203,86,80,6,6
10204,70,82,-12,12
10205,84,84,0,0
10206,107,103,4,4
10207,45,54,-9,9
10208,85,84,1,1
10209,79,103,-24,24
10210,125,132,-7,7
10211,92,86,6,6
10212,74,78,-4,4
10213,139,153,-14,14
10214,84,77,7,7
10215,103,131,-28,28
10216,60,68,-8,8
10217,78,89,-11,11
10218,69,106,-37,37
10219,131,124,7,7
10220,102,106,-4,4
10221,69,76,-7,7
10222,58,65,-7,7
10223,43,58,-15,15
10224,29,40,-11,11
10225,86,89,-3,3
10226,114,116,-2,2
10227,38,51,-13,13
10228,113,126,-13,13
10229,74,84,-10,10
10230,67,68,-1,1
10231,221,213,8,8
10232,103,121,-18,18
10233,224,221,3,3
10234,82,107,-25,25
10235,104,91,13,13
10236,115,117,-2,2
10237,70,82,-12,12
10238,92,81,11,11
10239,118,116,2,2
10240,159,152,7,7
10241,124,115,9,9
10242,165,136,29,29
10243,118,121,-3,3
10244,79,63,16,16
10245,113,101,12,12
10246,61,66,-5,5
10247,112,111,1,1
10248,68,62,6,6
10249,71,78,-7,7
10250,127,130,-3,3
10251,82,90,-8,8
10252,63,58,5,5
10253,189,197,-8,8
10254,73,96,-23,23
10255,76,68,8,8
10256,99,123,-24,24
10257,131,121,10,10
10258,88,102,-14,14
10259,61,60,1,1
10260,135,135,0,0
10261,52,53,-1,1
10262,114,113,1,1
10263,82,81,1,1
10264,106,106,0,0
10265,102,110,-8,8
10266,105,123,-18,18
10267,77,84,-7,7
10268,66,58,8,8
10269,129,115,14,14
10270,73,69,4,4
10271,77,68,9,9
10272,70,67,3,3
10273,40,44,-4,4
10274,55,59,-4,4
10275,130,129,1,1
10276,168,161,7,7
10277,76,62,14,14
10278,136,135,1,1
10279,104,115,-11,11
10280,52,57,-5,5
10281,151,132,19,19
10282,74,74,0,0
10283,60,66,-6,6
10284,90,85,5,5
10285,81,65,16,16
10286,118,124,-6,6
10287,96,95,1,1
10288,96,79,17,17
10289,151,148,3,3
10290,125,126,-1,1
10291,73,59,14,14
10292,107,101,6,6
10293,113,121,-8,8
10294,118,132,-14,14
10295,71,71,0,0
10296,68,72,-4,4
10297,65,61,4,4
10298,48,51,-3,3
10299,73,76,-3,3
10300,86,100,-14,14
10301,45,40,5,5
10302,87,82,5,5
10303,113,107,6,6
10304,137,135,2,2
10305,114,116,-2,2
10306,61,52,9,9
10307,106,94,12,12
10308,128,120,8,8
10309,111,104,7,7
10310,100,94,6,6
10311,100,92,8,8
10312,133,154,-21,21
10313,96,94,2,2
10314,133,122,11,11
10315,130,128,2,2
10316,78,83,-5,5
10317,130,111,19,19
10318,110,112,-2,2
10319,75,82,-7,7
10320,144,134,10,10
10321,81,77,4,4
10322,63,61,2,2
10323,122,113,9,9
10324,119,120,-1,1
10325,99,93,6,6
10326,111,98,13,13
10327,143,133,10,10
10328,104,128,-24,24
10329,93,83,10,10
10330,72,77,-5,5
10331,79,94,-15,15
10332,128,127,1,1
10333,99,89,10,10
10334,76,84,-8,8
10335,100,98,2,2
10336,70,66,4,4
10337,148,140,8,8
10338,68,58,10,10
10339,100,109,-9,9
10340,74,83,-9,9
10341,86,82,4,4
10342,93,90,3,3
10343,138,118,20,20
10344,149,157,-8,8
10345,65,65,0,0
10346,89,96,-7,7
10347,117,86,31,31
10348,98,90,8,8
10349,127,118,9,9
10350,106,95,11,11
10351,68,58,10,10
10352,160,131,29,29
10353,83,89,-6,6
10354,129,128,1,1
10355,117,105,12,12
10356,74,78,-4,4
10357,101,93,8,8
10358,113,104,9,9
10359,121,115,6,6
10360,122,136,-14,14
10361,117,120,-3,3
10362,131,137,-6,6
10363,68,73,-5,5
10364,86,88,-2,2
10365,97,89,8,8
10366,125,129,-4,4
10367,65,66,-1,1
10368,49,50,-1,1
10369,81,83,-2,2
10370,103,99,4,4
10371,110,103,7,7
10372,86,93,-7,7
10373,103,107,-4,4
10374,103,106,-3,3
10375,59,60,-1,1
10376,119,113,6,6
10377,40,44,-4,4
10378,102,111,-9,9
10379,120,111,9,9
10380,103,100,3,3
10381,101,96,5,5
10382,106,108,-2,2
10383,110,110,0,0
10384,82,74,8,8
10385,88,80,8,8
10386,174,172,2,2
10387,99,89,10,10
10388,66,65,1,1
10389,105,109,-4,4
10390,59,56,3,3
10391,128,110,18,18
10392,53,58,-5,5
10393,123,139,-16,16
10394,88,85,3,3
10395,80,78,2,2
10396,72,78,-6,6
10397,73,72,1,1
10398,60,61,-1,1
10399,88,84,4,4
10400,82,83,-1,1
10401,156,139,17,17
10402,163,152,11,11
10403,73,72,1,1
10404,105,98,7,7
10405,137,129,8,8
10406,74,73,1,1
10407,85,87,-2,2
10408,71,76,-5,5
10409,56,61,-5,5
10410,95,82,13,13
10411,48,41,7,7
10412,113,124,-11,11
10413,96,89,7,7
10414,111,111,0,0
10415,80,119,-39,39
10416,44,45,-1,1
10417,73,69,4,4
10418,132,116,16,16
10419,100,82,18,18
10420,126,116,10,10
10421,77,78,-1,1
10422,81,91,-10,10
10423,68,59,9,9
10424,73,108,-35,35
10425,100,108,-8,8
10426,98,86,12,12
10427,60,60,0,0
10428,110,110,0,0
10429,102,114,-12,12
10430,75,74,1,1
10431,138,146,-8,8
10432,81,85,-4,4
10433,108,115,-7,7
10434,148,137,11,11
10435,59,58,1,1
10436,88,97,-9,9
10437,104,86,18,18
10438,72,59,13,13
10439,82,88,-6,6
10440,93,84,9,9
10441,93,82,11,11
10442,160,163,-3,3
10443,129,126,3,3
10444,113,127,-14,14
10445,116,92,24,24
10446,119,133,-14,14
10447,86,75,11,11
10448,44,108,-64,64
10449,76,73,3,3
10450,61,66,-5,5
10451,80,98,-18,18
10452,99,93,6,6
10453,87,112,-25,25
10454,117,114,3,3
10455,50,69,-19,19
10456,150,134,16,16
10457,123,119,4,4
10458,100,103,-3,3
10459,147,147,0,0
10460,185,177,8,8
10461,59,53,6,6
10462,81,76,5,5
10463,61,70,-9,9
10464,126,122,4,4
10465,82,83,-1,1
10466,100,97,3,3
10467,81,74,7,7
10468,39,44,-5,5
10469,77,67,10,10
10470,51,54,-3,3
10471,98,110,-12,12
10472,133,145,-12,12
10473,80,79,1,1
10474,151,119,32,32
10475,88,73,15,15
10476,55,50,5,5
10477,72,79,-7,7
10478,75,75,0,0
10479,77,74,3,3
10480,81,67,14,14
10481,144,148,-4,4
10482,121,103,18,18
10483,57,57,0,0
10484,69,101,-32,32
10485,99,81,18,18
10486,64,72,-8,8
10487,130,116,14,14
10488,106,116,-10,10
10489,72,71,1,1
10490,67,70,-3,3
10491,68,61,7,7
10492,79,85,-6,6
10493,81,83,-2,2
10494,69,65,4,4
10495,67,69,-2,2
10496,73,71,2,2
10497,39,42,-3,3
10498,112,97,15,15
10499,71,74,-3,3
10500,132,122,10,10
10501,133,146,-13,13
10502,95,91,4,4
10503,112,99,13,13
10504,112,102,10,10
10505,99,110,-11,11
10506,71,74,-3,3
10507,127,143,-16,16
10508,89,100,-11,11
10509,87,86,1,1
10510,124,125,-1,1
10511,66,63,3,3
10512,92,96,-4,4
10513,80,70,10,10
10514,94,98,-4,4
10515,146,156,-10,10
10516,139,154,-15,15
10517,136,131,5,5
10518,63,62,1,1
10519,54,60,-6,6
10520,171,166,5,5
10521,91,90,1,1
10522,170,163,7,7
10523,147,138,9,9
10524,70,69,1,1
10525,140,140,0,0
10526,117,112,5,5
10527,72,67,5,5
10528,132,127,5,5
10529,63,67,-4,4
10530,102,107,-5,5
10531,81,77,4,4
10532,90,85,5,5
10533,87,100,-13,13
10534,127,125,2,2
10535,56,72,-16,16
10536,44,43,1,1
10537,122,114,8,8
10538,111,119,-8,8
10539,66,63,3,3
10540,110,122,-12,12
10541,101,103,-2,2
10542,119,116,3,3
10543,75,79,-4,4
10544,65,53,12,12
10545,55,62,-7,7
10546,76,77,-1,1
10547,70,73,-3,3
10548,157,163,-6,6
10549,27,46,-19,19
10550,83,78,5,5
10551,125,122,3,3
10552,95,108,-13,13
10553,86,72,14,14
10554,116,124,-8,8
10555,66,61,5,5
10556,144,165,-21,21
10557,96,101,-5,5
10558,94,81,13,13
10559,37,60,-23,23
10560,195,170,25,25
10561,108,99,9,9
10562,130,138,-8,8
10563,78,84,-6,6
10564,57,63,-6,6
10565,72,68,4,4
10566,57,66,-9,9
10567,90,106,-16,16
10568,67,54,13,13
10569,157,154,3,3
10570,57,64,-7,7
10571,94,89,5,5
10572,69,72,-3,3
10573,86,102,-16,16
10574,58,55,3,3
10575,105,119,-14,14
10576,74,81,-7,7
10577,116,105,11,11
10578,78,63,15,15
10579,115,115,0,0
10580,64,66,-2,2
10581,127,118,9,9
10582,77,78,-1,1
10583,99,93,6,6
10584,68,70,-2,2
10585,101,111,-10,10
10586,88,83,5,5
10587,121,119,2,2
10588,100,102,-2,2
10589,87,60,27,27
10590,80,78,2,2
10591,43,47,-4,4
10592,103,103,0,0
10593,149,141,8,8
10594,67,73,-6,6
10595,110,116,-6,6
10596,127,105,22,22
10597,55,48,7,7
10598,133,140,-7,7
10599,82,85,-3,3
10600,45,61,-16,16
10601,59,62,-3,3
10602,120,113,7,7
10603,103,114,-11,11
10604,145,143,2,2
10605,119,127,-8,8
10606,75,73,2,2
10607,74,65,9,9
10608,109,111,-2,2
10609,148,136,12,12
10610,80,84,-4,4
10611,68,79,-11,11
10612,116,121,-5,5
10613,114,114,0,0
10614,100,101,-1,1
10615,72,73,-1,1
10616,119,132,-13,13
10617,96,82,14,14
10618,58,59,-1,1
10619,132,128,4,4
10620,169,158,11,11
10621,70,72,-2,2
10622,90,79,11,11
10623,93,83,10,10
10624,107,133,-26,26
10625,124,114,10,10
10626,43,43,0,0
10627,102,91,11,11
10628,107,102,5,5
10629,61,65,-4,4
10630,62,61,1,1
10631,72,73,-1,1
10632,129,124,5,5
10633,74,80,-6,6
10634,81,76,5,5
10635,107,98,9,9
10636,79,72,7,7
10637,43,51,-8,8
10638,72,83,-11,11
10639,102,93,9,9
10640,93,71,22,22
10641,90,91,-1,1
10642,66,61,5,5
10643,125,117,8,8
10644,73,68,5,5
10645,78,69,9,9
10646,49,53,-4,4
10647,81,78,3,3
10648,74,78,-4,4
10649,78,70,8,8
10650,82,79,3,3
10651,92,107,-15,15
10652,110,77,33,33
10653,96,99,-3,3
10654,83,81,2,2
10655,143,117,26,26
10656,88,79,9,9
10657,111,107,4,4
10658,54,52,2,2
10659,66,77,-11,11
10660,68,80,-12,12
10661,57,67,-10,10
10662,169,152,17,17
10663,63,68,-5,5
10664,131,134,-3,3
10665,102,98,4,4
10666,47,48,-1,1
10667,58,55,3,3
10668,127,113,14,14
10669,100,91,9,9
10670,109,117,-8,8
10671,109,98,11,11
10672,92,91,1,1
10673,93,116,-23,23
10674,64,63,1,1
10675,95,97,-2,2
10676,97,96,1,1
10677,87,86,1,1
10678,65,56,9,9
10679,84,86,-2,2
10680,140,127,13,13
10681,88,86,2,2
10682,56,55,1,1
10683,131,133,-2,2
10684,107,105,2,2
10685,93,84,9,9
10686,125,108,17,17
10687,204,181,23,23
10688,128,114,14,14
10689,80,65,15,15
10690,161,175,-14,14
10691,114,98,16,16
10692,96,77,19,19
10693,79,85,-6,6
10694,60,60,0,0
10695,176,169,7,7
10696,41,59,-18,18
10697,50,51,-1,1
10698,45,46,-1,1
10699,168,113,55,55
10700,65,55,10,10
10701,57,53,4,4
10702,98,94,4,4
10703,77,72,5,5
10704,84,70,14,14
10705,76,88,-12,12
10706,75,94,-19,19
10707,93,89,4,4
10708,71,87,-16,16
10709,87,81,6,6
10710,65,64,1,1
10711,130,115,15,15
10712,74,60,14,14
10713,34,44,-10,10
10714,129,105,24,24
10715,114,116,-2,2
10716,70,71,-1,1
10717,50,62,-12,12
10718,93,81,12,12
10719,55,47,8,8
10720,94,87,7,7
10721,46,45,1,1
10722,50,45,5,5
10723,104,93,11,11
10724,118,108,10,10
10725,102,95,7,7
10726,84,77,7,7
10727,165,183,-18,18
10728,97,96,1,1
10729,92,90,2,2
10730,89,66,23,23
10731,76,68,8,8
10732,75,95,-20,20
10733,142,126,16,16
10734,96,95,1,1
10735,145,154,-9,9
10736,87,89,-2,2
10737,64,70,-6,6
10738,48,75,-27,27
10739,94,87,7,7
10740,69,61,8,8
10741,66,56,10,10
10742,131,133,-2,2
10743,98,99,-1,1
10744,94,100,-6,6
10745,65,65,0,0
10746,89,84,5,5
10747,128,116,12,12
10748,144,115,29,29
10749,53,68,-15,15
10750,108,106,2,2
10751,29,42,-13,13
10752,58,49,9,9
10753,94,102,-8,8
10754,74,62,12,12
10755,133,126,7,7
10756,75,70,5,5
10757,87,71,16,16
10758,133,143,-10,10
10759,74,92,-18,18
10760,80,78,2,2
10761,52,62,-10,10
10762,116,108,8,8
10763,158,148,10,10
10764,224,193,31,31
10765,97,98,-1,1
10766,128,116,12,12
10767,102,100,2,2
10768,114,107,7,7
10769,41,46,-5,5
10770,86,80,6,6
10771,42,44,-2,2
10772,111,103,8,8
10773,142,138,4,4
10774,68,65,3,3
10775,65,56,9,9
10776,116,117,-1,1
10777,91,76,15,15
10778,157,164,-7,7
10779,140,130,10,10
10780,126,114,12,12
10781,77,70,7,7
10782,86,73,13,13
10783,102,102,0,0
10784,95,91,4,4
10785,64,58,6,6
10786,103,113,-10,10
10787,55,63,-8,8
10788,77,88,-11,11
10789,160,139,21,21
10790,58,58,0,0
10791,191,213,-22,22
10792,121,132,-11,11
10793,77,71,6,6
10794,161,159,2,2
10795,65,62,3,3
10796,80,101,-21,21
10797,77,79,-2,2
10798,67,77,-10,10
10799,51,52,-1,1
10800,76,79,-3,3
10801,155,145,10,10
10802,96,89,7,7
10803,65,57,8,8
10804,98,107,-9,9
10805,101,94,7,7
10806,49,49,0,0
10807,112,106,6,6
10808,81,61,20,20
10809,49,44,5,5
10810,65,62,3,3
10811,90,81,9,9
10812,126,119,7,7
10813,48,57,-9,9
10814,120,113,7,7
10815,55,62,-7,7
10816,75,82,-7,7
10817,83,100,-17,17
10818,135,130,5,5
10819,131,124,7,7
10820,117,126,-9,9
10821,88,74,14,14
10822,92,92,0,0
10823,90,102,-12,12
10824,98,110,-12,12
10825,101,90,11,11
10826,138,137,1,1
10827,84,83,1,1
10828,104,118,-14,14
10829,98,113,-15,15
10830,87,85,2,2
10831,102,103,-1,1
10832,81,79,2,2
10833,75,84,-9,9
10834,145,128,17,17
10835,114,106,8,8
10836,63,54,9,9
10837,51,58,-7,7
10838,109,110,-1,1
10839,69,64,5,5
10840,87,100,-13,13
10841,72,55,17,17
10842,114,110,4,4
10843,96,85,11,11
10844,140,155,-15,15
10845,171,156,15,15
10846,97,97,0,0
10847,77,85,-8,8
10848,125,115,10,10
10849,75,71,4,4
10850,98,103,-5,5
10851,118,134,-16,16
10852,120,112,8,8
10853,69,75,-6,6
10854,57,60,-3,3
10855,129,128,1,1
10856,127,126,1,1
10857,81,82,-1,1
10858,102,107,-5,5
10859,154,149,5,5
10860,116,98,18,18
10861,47,50,-3,3
10862,124,110,14,14
10863,124,118,6,6
10864,138,136,2,2
10865,82,95,-13,13
10866,120,112,8,8
10867,114,104,10,10
10868,90,87,3,3
10869,88,83,5,5
10870,53,61,-8,8
10871,84,73,11,11
10872,80,83,-3,3
10873,147,148,-1,1
10874,79,88,-9,9
10875,115,119,-4,4
10876,80,71,9,9
10877,117,118,-1,1
10878,123,113,10,10
10879,54,71,-17,17
10880,93,97,-4,4
10881,145,143,2,2
10882,128,134,-6,6
10883,73,69,4,4
10884,51,43,8,8
10885,65,68,-3,3
10886,102,115,-13,13
10887,95,100,-5,5
10888,58,82,-24,24
10889,49,60,-11,11
10890,113,111,2,2
10891,121,118,3,3
10892,148,136,12,12
10893,139,139,0,0
10894,96,107,-11,11
10895,143,140,3,3
10896,92,95,-3,3
10897,78,66,12,12
10898,11,14,-3,3
10899,66,69,-3,3
10900,79,76,3,3
10901,70,71,-1,1
10902,67,67,0,0
10903,77,73,4,4
10904,144,141,3,3
10905,84,87,-3,3
10906,50,44,6,6
10907,79,68,11,11
10908,90,98,-8,8
10909,62,50,12,12
10910,134,148,-14,14
10911,110,95,15,15
10912,78,106,-28,28
10913,142,127,15,15
10914,79,85,-6,6
10915,143,141,2,2
10916,80,74,6,6
10917,37,50,-13,13
10918,70,69,1,1
10919,96,118,-22,22
10920,135,137,-2,2
10921,76,75,1,1
10922,181,159,22,22
10923,105,111,-6,6
10924,49,55,-6,6
10925,65,63,2,2
10926,139,124,15,15
10927,38,54,-16,16
10928,83,77,6,6
10929,56,68,-12,12
10930,120,99,21,21
10931,109,110,-1,1
10932,160,162,-2,2
10933,117,130,-13,13
10934,92,94,-2,2
10935,99,98,1,1
10936,114,120,-6,6
10937,70,79,-9,9
10938,93,111,-18,18
10939,112,101,11,11
10940,118,112,6,6
10941,72,63,9,9
10942,51,56,-5,5
10943,119,108,11,11
10944,85,86,-1,1
10945,101,103,-2,2
10946,78,81,-3,3
10947,75,67,8,8
10948,69,83,-14,14
10949,120,113,7,7
10950,72,81,-9,9
10951,64,77,-13,13
10952,80,75,5,5
10953,80,83,-3,3
10954,75,67,8,8
10955,76,66,10,10
10956,157,127,30,30
10957,80,90,-10,10
10958,117,116,1,1
10959,103,87,16,16
10960,129,112,17,17
10961,139,137,2,2
10962,98,84,14,14
10963,87,103,-16,16
10964,165,141,24,24
10965,73,78,-5,5
10966,137,132,5,5
10967,150,154,-4,4
10968,74,83,-9,9
10969,157,142,15,15
10970,82,99,-17,17
10971,74,68,6,6
10972,37,110,-73,73
10973,95,100,-5,5
10974,104,106,-2,2
10975,124,129,-5,5
10976,37,38,-1,1
10977,80,96,-16,16
10978,80,85,-5,5
10979,88,79,9,9
10980,147,121,26,26
10981,65,68,-3,3
10982,101,98,3,3
10983,93,91,2,2
10984,71,79,-8,8
10985,64,49,15,15
10986,71,80,-9,9
10987,60,68,-8,8
10988,64,83,-19,19
10989,55,63,-8,8
10990,48,62,-14,14
10991,141,125,16,16
10992,95,84,11,11
10993,58,63,-5,5
10994,95,91,4,4
10995,71,81,-10,10
10996,89,84,5,5
10997,125,114,11,11
10998,170,175,-5,5
10999,153,158,-5,5
11000,84,81,3,3
11001,137,126,11,11
11002,81,73,8,8
11003,77,94,-17,17
11004,75,81,-6,6
11005,110,108,2,2
11006,53,53,0,0
11007,92,83,9,9
11008,105,114,-9,9
11009,55,60,-5,5
11010,85,96,-11,11
11011,141,121,20,20
11012,126,142,-16,16
11013,82,75,7,7
11014,124,121,3,3
11015,76,97,-21,21
11016,126,106,20,20
11017,56,60,-4,4
11018,65,67,-2,2
11019,91,92,-1,1
11020,65,66,-1,1
11021,84,86,-2,2
11022,95,92,3,3
11023,109,94,15,15
11024,74,67,7,7
11025,60,55,5,5
11026,65,55,10,10
11027,77,78,-1,1
11028,79,78,1,1
11029,65,58,7,7
11030,110,107,3,3
11031,116,123,-7,7
11032,67,74,-7,7
11033,83,85,-2,2
11034,120,113,7,7
11035,157,142,15,15
11036,123,121,2,2
11037,80,85,-5,5
11038,99,109,-10,10
11039,88,75,13,13
11040,67,80,-13,13
11041,134,128,6,6
11042,76,62,14,14
11043,96,99,-3,3
11044,83,91,-8,8
11045,57,66,-9,9
11046,93,88,5,5
11047,60,57,3,3
11048,85,71,14,14
11049,62,70,-8,8
11050,110,105,5,5
11051,108,103,5,5
11052,66,65,1,1
11053,67,79,-12,12
11054,71,68,3,3
11055,79,75,4,4
11056,145,158,-13,13
11057,62,69,-7,7
11058,60,71,-11,11
11059,126,130,-4,4
11060,120,128,-8,8
11061,67,67,0,0
11062,96,95,1,1
11063,54,65,-11,11
11064,66,60,6,6
11065,101,92,9,9
11066,83,71,12,12
11067,120,107,13,13
11068,186,178,8,8
11069,72,73,-1,1
11070,91,81,10,10
11071,158,149,9,9
11072,67,62,5,5
11073,118,103,15,15
11074,63,50,13,13
11075,105,95,10,10
11076,124,56,68,68
11077,108,88,20,20
11078,121,114,7,7
11079,39,48,-9,9
11080,90,87,3,3
11081,218,242,-24,24
11082,71,73,-2,2
11083,81,78,3,3
11084,61,66,-5,5
11085,86,73,13,13
11086,59,59,0,0
11087,168,139,29,29
11088,86,98,-12,12
11089,104,104,0,0
11090,89,93,-4,4
11091,80,77,3,3
11092,81,75,6,6
11093,87,74,13,13
11094,119,122,-3,3
11095,136,111,25,25
11096,113,101,12,12
11097,68,69,-1,1
11098,86,69,17,17
11099,103,94,9,9
11100,72,76,-4,4
11101,142,148,-6,6
11102,172,193,-21,21
11103,166,163,3,3
11104,96,106,-10,10
11105,106,151,-45,45
11106,125,116,9,9
11107,125,112,13,13
11108,75,94,-19,19
11109,94,88,6,6
11110,103,107,-4,4
11111,58,49,9,9
11112,81,69,12,12
11113,133,109,24,24
11114,122,120,2,2
11115,99,99,0,0
11116,67,63,4,4
11117,126,127,-1,1
11118,91,82,9,9
11119,73,67,6,6
11120,89,89,0,0
11121,124,143,-19,19
11122,68,52,16,16
11123,126,134,-8,8
11124,76,77,-1,1
11125,167,152,15,15
11126,36,35,1,1
11127,137,138,-1,1
11128,93,86,7,7
11129,115,118,-3,3
11130,125,123,2,2
11131,79,80,-1,1
11132,59,59,0,0
11133,90,87,3,3
11134,73,68,5,5
11135,74,69,5,5
11136,111,96,15,15
11137,129,143,-14,14
11138,80,73,7,7
11139,97,92,5,5
11140,83,77,6,6
11141,129,142,-13,13
11142,120,131,-11,11
11143,93,87,6,6
11144,95,98,-3,3
11145,101,113,-12,12
11146,93,90,3,3
11147,112,129,-17,17
11148,103,109,-6,6
11149,60,65,-5,5
11150,95,107,-12,12
11151,62,47,15,15
11152,69,69,0,0
11153,83,99,-16,16
11154,53,53,0,0
11155,98,99,-1,1
11156,101,110,-9,9
11157,73,70,3,3
11158,94,109,-15,15
11159,55,56,-1,1
11160,93,98,-5,5
11161,70,75,-5,5
11162,102,103,-1,1
11163,75,65,10,10
11164,77,62,15,15
11165,96,95,1,1
11166,93,109,-16,16
11167,78,90,-12,12
11168,155,151,4,4
11169,94,98,-4,4
11170,66,67,-1,1
11171,71,83,-12,12
11172,96,103,-7,7
11173,143,146,-3,3
11174,60,55,5,5
11175,79,79,0,0
11176,93,70,23,23
11177,126,115,11,11
11178,128,130,-2,2
11179,103,96,7,7
11180,95,85,10,10
11181,86,90,-4,4
11182,95,95,0,0
11183,68,67,1,1
11184,102,107,-5,5
11185,74,73,1,1
11186,94,118,-24,24
11187,83,62,21,21
11188,107,103,4,4
11189,65,74,-9,9
11190,66,64,2,2
11191,113,112,1,1
11192,164,151,13,13
11193,60,63,-3,3
11194,139,151,-12,12
11195,96,109,-13,13
11196,87,77,10,10
11197,113,106,7,7
11198,180,181,-1,1
11199,106,101,5,5
11200,73,74,-1,1
11201,121,123,-2,2
11202,125,123,2,2
11203,62,58,4,4
11204,56,48,8,8
11205,81,78,3,3
11206,103,103,0,0
11207,107,95,12,12
11208,70,55,15,15
11209,107,101,6,6
11210,167,176,-9,9
11211,72,46,26,26
11212,123,120,3,3
11213,178,186,-8,8
11214,142,148,-6,6
11215,138,118,20,20
11216,148,100,48,48
11217,141,123,18,18
11218,119,122,-3,3
11219,67,73,-6,6
11220,126,142,-16,16
11221,35,110,-75,75
11222,86,90,-4,4
11223,82,97,-15,15
11224,135,174,-39,39
11225,111,99,12,12
11226,145,147,-2,2
11227,99,81,18,18
11228,69,69,0,0
11229,81,95,-14,14
11230,58,63,-5,5
11231,58,74,-16,16
11232,141,111,30,30
11233,75,53,22,22
11234,108,110,-2,2
11235,128,141,-13,13
11236,87,101,-14,14
11237,90,113,-23,23
11238,133,137,-4,4
11239,73,72,1,1
11240,63,60,3,3
11241,73,72,1,1
11242,136,151,-15,15
11243,105,99,6,6
11244,60,62,-2,2
11245,102,91,11,11
11246,100,95,5,5
11247,57,59,-2,2
11248,71,93,-22,22
11249,76,77,-1,1
11250,58,57,1,1
11251,204,186,18,18
11252,96,101,-5,5
11253,113,106,7,7
11254,114,92,22,22
11255,138,133,5,5
11256,79,82,-3,3
11257,142,128,14,14
11258,109,95,14,14
11259,141,145,-4,4
11260,73,63,10,10
11261,89,104,-15,15
11262,85,96,-11,11
11263,159,130,29,29
11264,107,98,9,9
11265,68,71,-3,3
11266,79,84,-5,5
11267,109,107,2,2
11268,78,67,11,11
11269,61,63,-2,2
11270,102,102,0,0
11271,140,131,9,9
11272,156,151,5,5
11273,155,148,7,7
11274,118,126,-8,8
11275,85,80,5,5
11276,162,155,7,7
11277,105,116,-11,11
11278,100,90,10,10
11279,102,98,4,4
11280,130,122,8,8
11281,55,54,1,1
11282,69,74,-5,5
11283,89,78,11,11
11284,39,52,-13,13
11285,139,130,9,9
11286,94,94,0,0
11287,79,67,12,12
11288,171,158,13,13
11289,139,136,3,3
11290,85,84,1,1
11291,86,87,-1,1
11292,114,103,11,11
11293,134,118,16,16
11294,51,56,-5,5
11295,47,47,0,0
11296,56,60,-4,4
11297,72,72,0,0
11298,96,97,-1,1
11299,143,137,6,6
11300,115,105,10,10
11301,99,100,-1,1
11302,91,102,-11,11
11303,85,90,-5,5
11304,151,126,25,25
11305,42,59,-17,17
11306,125,115,10,10
11307,41,77,-36,36
11308,137,119,18,18
11309,100,100,0,0
11310,143,126,17,17
11311,174,154,20,20
11312,81,76,5,5
11313,106,114,-8,8
11314,150,146,4,4
11315,66,62,4,4
11316,119,114,5,5
11317,133,116,17,17
11318,58,70,-12,12
11319,90,87,3,3
11320,111,107,4,4
11321,157,129,28,28
11322,106,101,5,5
11323,121,118,3,3
11324,61,65,-4,4
11325,111,110,1,1
11326,88,85,3,3
11327,81,82,-1,1
11328,93,94,-1,1
11329,77,81,-4,4
11330,163,153,10,10
11331,104,101,3,3
11332,76,64,12,12
11333,52,72,-20,20
11334,87,89,-2,2
11335,104,101,3,3
11336,62,60,2,2
11337,112,106,6,6
11338,76,74,2,2
11339,129,128,1,1
11340,106,110,-4,4
11341,63,61,2,2
11342,87,85,2,2
11343,106,103,3,3
11344,86,66,20,20
11345,88,89,-1,1
11346,89,85,4,4
11347,71,89,-18,18
11348,116,98,18,18
11349,55,61,-6,6
11350,83,95,-12,12
11351,64,62,2,2
11352,71,59,12,12
11353,128,115,13,13
11354,57,43,14,14
11355,127,125,2,2
11356,47,55,-8,8
11357,94,84,10,10
11358,60,57,3,3
11359,60,65,-5,5
11360,55,77,-22,22
11361,97,102,-5,5
11362,82,78,4,4
11363,109,99,10,10
11364,111,102,9,9
11365,61,63,-2,2
11366,70,73,-3,3
11367,79,78,1,1
11368,107,102,5,5
11369,89,84,5,5
11370,60,58,2,2
11371,147,149,-2,2
11372,83,73,10,10
11373,104,111,-7,7
11374,134,123,11,11
11375,88,81,7,7
11376,35,36,-1,1
11377,117,128,-11,11
11378,78,82,-4,4
11379,149,140,9,9
11380,85,83,2,2
11381,97,87,10,10
11382,115,125,-10,10
11383,109,80,29,29
11384,81,82,-1,1
11385,81,71,10,10
11386,93,98,-5,5
11387,123,122,1,1
11388,95,100,-5,5
11389,102,105,-3,3
11390,57,59,-2,2
11391,179,153,26,26
11392,126,131,-5,5
11393,62,57,5,5
11394,65,74,-9,9
11395,109,96,13,13
11396,74,68,6,6
11397,113,107,6,6
11398,121,117,4,4
11399,114,125,-11,11
11400,63,60,3,3
11401,103,93,10,10
11402,80,74,6,6
11403,45,73,-28,28
11404,93,95,-2,2
11405,121,112,9,9
11406,166,172,-6,6
11407,63,69,-6,6
11408,66,54,12,12
11409,55,69,-14,14
11410,116,115,1,1
11411,96,108,-12,12
11412,76,73,3,3
11413,54,57,-3,3
11414,108,111,-3,3
11415,51,47,4,4
11416,109,104,5,5
11417,75,72,3,3
11418,86,82,4,4
11419,82,93,-11,11
11420,36,52,-16,16
11421,64,70,-6,6
11422,119,102,17,17
11423,53,59,-6,6
11424,73,69,4,4
11425,58,55,3,3
11426,41,46,-5,5
11427,58,69,-11,11
11428,118,115,3,3
11429,134,129,5,5
11430,75,73,2,2
11431,50,58,-8,8
11432,98,96,2,2
11433,33,41,-8,8
11434,109,101,8,8
11435,79,81,-2,2
11436,60,61,-1,1
11437,100,100,0,0
11438,85,71,14,14
11439,75,76,-1,1
11440,82,67,15,15
11441,57,74,-17,17
11442,164,161,3,3
11443,157,151,6,6
11444,76,64,12,12
11445,72,65,7,7
11446,57,85,-28,28
11447,96,103,-7,7
11448,90,81,9,9
11449,100,103,-3,3
11450,129,129,0,0
11451,91,79,12,12
11452,98,90,8,8
11453,102,93,9,9
11454,198,214,-16,16
11455,78,73,5,5
11456,60,57,3,3
11457,173,165,8,8
11458,98,91,7,7
11459,72,73,-1,1
11460,90,116,-26,26
11461,170,154,16,16
11462,163,144,19,19
11463,77,79,-2,2
11464,66,73,-7,7
11465,67,60,7,7
11466,66,63,3,3
11467,99,83,16,16
11468,86,87,-1,1
11469,85,88,-3,3
11470,71,65,6,6
11471,136,132,4,4
11472,86,85,1,1
11473,60,60,0,0
11474,119,130,-11,11
11475,132,123,9,9
11476,114,109,5,5
11477,66,69,-3,3
11478,147,145,2,2
11479,90,92,-2,2
11480,112,110,2,2
11481,68,62,6,6
11482,119,117,2,2
11483,121,125,-4,4
11484,70,93,-23,23
11485,124,119,5,5
11486,47,47,0,0
11487,70,91,-21,21
11488,80,86,-6,6
11489,44,47,-3,3
11490,75,78,-3,3
11491,65,60,5,5
11492,80,69,11,11
11493,95,79,16,16
11494,124,117,7,7
11495,50,51,-1,1
11496,133,123,10,10
11497,77,73,4,4
11498,105,99,6,6
11499,70,70,0,0
11500,86,87,-1,1
11501,97,82,15,15
11502,80,74,6,6
11503,98,93,5,5
11504,106,103,3,3
11505,74,92,-18,18
11506,66,67,-1,1
11507,118,123,-5,5
11508,110,87,23,23
11509,156,143,13,13
11510,67,59,8,8
11511,170,139,31,31
11512,117,102,15,15
11513,101,105,-4,4
11514,130,132,-2,2
11515,93,111,-18,18
11516,105,98,7,7
11517,41,71,-30,30
11518,84,61,23,23
11519,59,66,-7,7
11520,141,139,2,2
11521,47,87,-40,40
11522,114,90,24,24
11523,137,134,3,3
11524,126,141,-15,15
11525,62,61,1,1
11526,111,108,3,3
11527,74,76,-2,2
11528,81,75,6,6
11529,160,152,8,8
11530,102,94,8,8
11531,91,88,3,3
11532,83,82,1,1
11533,72,60,12,12
11534,68,73,-5,5
11535,126,118,8,8
11536,77,79,-2,2
11537,160,138,22,22
11538,106,102,4,4
11539,81,82,-1,1
11540,170,136,34,34
11541,131,126,5,5
11542,50,65,-15,15
11543,115,105,10,10
11544,70,67,3,3
11545,109,113,-4,4
11546,72,63,9,9
11547,74,76,-2,2
11548,67,74,-7,7
11549,81,71,10,10
11550,83,79,4,4
11551,105,103,2,2
11552,95,104,-9,9
11553,133,117,16,16
11554,115,129,-14,14
11555,98,93,5,5
11556,55,77,-22,22
11557,109,101,8,8
11558,50,57,-7,7
11559,145,128,17,17
11560,89,73,16,16
11561,85,85,0,0
11562,85,83,2,2
11563,65,90,-25,25
11564,86,80,6,6
11565,105,90,15,15
11566,53,61,-8,8
11567,60,55,5,5
11568,121,111,10,10
11569,52,58,-6,6
11570,53,49,4,4
11571,164,155,9,9
11572,92,91,1,1
11573,100,105,-5,5
11574,111,112,-1,1
11575,67,63,4,4
11576,169,150,19,19
11577,86,78,8,8
11578,51,51,0,0
11579,96,96,0,0
11580,97,79,18,18
11581,82,72,10,10
11582,75,79,-4,4
11583,103,96,7,7
11584,91,83,8,8
11585,108,102,6,6
11586,85,84,1,1
11587,137,125,12,12
11588,88,88,0,0
11589,167,143,24,24
11590,65,69,-4,4
11591,92,81,11,11
11592,98,88,10,10
11593,68,68,0,0
11594,65,64,1,1
11595,60,49,11,11
11596,71,64,7,7
11597,50,47,3,3
11598,79,84,-5,5
11599,102,96,6,6
11600,85,74,11,11
11601,69,64,5,5
11602,105,107,-2,2
11603,114,105,9,9
11604,77,81,-4,4
11605,70,58,12,12
11606,80,74,6,6
11607,137,131,6,6
11608,105,98,7,7
11609,83,98,-15,15
11610,95,95,0,0
11611,70,75,-5,5
11612,183,167,16,16
11613,50,52,-2,2
11614,164,157,7,7
11615,125,110,15,15
11616,90,81,9,9
11617,108,111,-3,3
11618,150,139,11,11
11619,90,103,-13,13
11620,73,72,1,1
11621,86,94,-8,8
11622,91,98,-7,7
11623,108,96,12,12
11624,120,106,14,14
11625,127,87,40,40
11626,65,60,5,5
11627,121,91,30,30
11628,80,73,7,7
11629,89,70,19,19
11630,81,84,-3,3
11631,96,113,-17,17
11632,119,111,8,8
11633,118,121,-3,3
11634,128,136,-8,8
11635,56,71,-15,15
11636,56,71,-15,15
11637,86,72,14,14
11638,79,76,3,3
11639,116,109,7,7
11640,69,72,-3,3
11641,111,87,24,24
11642,81,98,-17,17
11643,56,61,-5,5
11644,119,120,-1,1
11645,82,72,10,10
11646,81,79,2,2
11647,136,132,4,4
11648,127,131,-4,4
11649,108,118,-10,10
11650,129,126,3,3
11651,74,91,-17,17
11652,63,84,-21,21
11653,168,162,6,6
11654,100,97,3,3
11655,66,66,0,0
11656,70,85,-15,15
11657,101,94,7,7
11658,112,100,12,12
11659,102,84,18,18
11660,124,121,3,3
11661,82,82,0,0
11662,94,91,3,3
11663,70,84,-14,14
11664,72,82,-10,10
11665,67,67,0,0
11666,117,130,-13,13
11667,47,51,-4,4
11668,110,96,14,14
11669,93,92,1,1
11670,64,56,8,8
11671,134,133,1,1
11672,66,50,16,16
11673,69,69,0,0
11674,99,104,-5,5
11675,137,125,12,12
11676,58,64,-6,6
11677,85,75,10,10
11678,94,67,27,27
11679,104,99,5,5
11680,108,119,-11,11
11681,89,84,5,5
11682,176,168,8,8
11683,88,84,4,4
11684,46,54,-8,8
11685,94,96,-2,2
11686,162,157,5,5
11687,92,92,0,0
11688,96,96,0,0
11689,124,128,-4,4
11690,74,78,-4,4
11691,68,75,-7,7
11692,67,77,-10,10
11693,90,97,-7,7
11694,87,81,6,6
11695,86,93,-7,7
11696,68,71,-3,3
11697,90,93,-3,3
11698,77,88,-11,11
11699,126,103,23,23
11700,126,109,17,17
11701,94,95,-1,1
11702,172,164,8,8
11703,63,85,-22,22
11704,101,93,8,8
11705,148,153,-5,5
11706,87,100,-13,13
11707,127,117,10,10
11708,121,103,18,18
11709,142,138,4,4
11710,73,71,2,2
11711,71,73,-2,2
11712,103,137,-34,34
11713,39,50,-11,11
11714,99,96,3,3
11715,69,59,10,10
11716,182,182,0,0
11717,138,164,-26,26
11718,142,137,5,5
11719,114,123,-9,9
11720,54,43,11,11
11721,93,88,5,5
11722,110,106,4,4
11723,38,46,-8,8
11724,133,116,17,17
11725,143,91,52,52
11726,125,131,-6,6
11727,69,61,8,8
11728,120,126,-6,6
11729,121,133,-12,12
11730,71,63,8,8
11731,97,100,-3,3
11732,104,99,5,5
11733,97,86,11,11
11734,47,57,-10,10
11735,184,152,32,32
11736,110,121,-11,11
11737,67,66,1,1
11738,106,108,-2,2
11739,66,69,-3,3
11740,118,122,-4,4
11741,81,77,4,4
11742,83,81,2,2
11743,64,73,-9,9
11744,70,62,8,8
11745,50,57,-7,7
11746,93,81,12,12
11747,157,141,16,16
11748,51,55,-4,4
11749,77,65,12,12
11750,87,77,10,10
11751,119,113,6,6
11752,115,96,19,19
11753,85,71,14,14
11754,63,74,-11,11
11755,91,93,-2,2
11756,67,53,14,14
11757,64,63,1,1
11758,127,135,-8,8
11759,67,73,-6,6
11760,71,65,6,6
11761,96,84,12,12
11762,111,108,3,3
11763,62,55,7,7
11764,77,70,7,7
11765,174,166,8,8
11766,138,127,11,11
11767,65,55,10,10
11768,116,115,1,1
11769,47,49,-2,2
11770,119,112,7,7
11771,94,76,18,18
11772,122,122,0,0
11773,92,101,-9,9
11774,148,135,13,13
11775,67,67,0,0
11776,101,93,8,8
11777,86,80,6,6
11778,53,66,-13,13
11779,77,80,-3,3
11780,126,115,11,11
11781,74,66,8,8
11782,91,91,0,0
11783,81,84,-3,3
11784,43,50,-7,7
11785,114,106,8,8
11786,79,85,-6,6
11787,96,88,8,8
11788,106,93,13,13
11789,79,96,-17,17
11790,120,141,-21,21
11791,107,109,-2,2
11792,98,102,-4,4
11793,47,45,2,2
11794,76,74,2,2
11795,85,75,10,10
11796,67,73,-6,6
11797,79,73,6,6
11798,90,100,-10,10
11799,84,71,13,13
11800,152,154,-2,2
11801,152,160,-8,8
11802,87,83,4,4
11803,65,57,8,8
11804,83,85,-2,2
11805,205,182,23,23
11806,151,138,13,13
11807,114,96,18,18
11808,83,76,7,7
11809,66,70,-4,4
11810,66,66,0,0
11811,105,104,1,1
11812,176,163,13,13
11813,166,154,12,12
11814,185,160,25,25
11815,108,107,1,1
11816,95,88,7,7
11817,67,83,-16,16
11818,87,82,5,5
11819,82,82,0,0
11820,121,128,-7,7
11821,71,85,-14,14
11822,62,64,-2,2
11823,113,84,29,29
11824,104,108,-4,4
11825,68,61,7,7
11826,93,102,-9,9
11827,74,64,10,10
11828,60,61,-1,1
11829,80,89,-9,9
11830,70,65,5,5
11831,75,65,10,10
11832,76,64,12,12
11833,75,67,8,8
11834,80,75,5,5
11835,45,67,-22,22
11836,93,98,-5,5
11837,99,115,-16,16
11838,77,74,3,3
11839,89,83,6,6
11840,143,154,-11,11
11841,83,90,-7,7
11842,102,96,6,6
11843,122,134,-12,12
11844,118,111,7,7
11845,132,113,19,19
11846,102,99,3,3
11847,75,69,6,6
11848,105,106,-1,1
11849,124,120,4,4
11850,75,70,5,5
11851,47,48,-1,1
11852,130,145,-15,15
11853,147,133,14,14
11854,134,135,-1,1
11855,71,70,1,1
11856,72,69,3,3
11857,42,63,-21,21
11858,97,86,11,11
11859,99,110,-11,11
11860,147,144,3,3
11861,127,131,-4,4
11862,65,70,-5,5
11863,73,92,-19,19
11864,54,62,-8,8
11865,87,84,3,3
11866,125,129,-4,4
11867,120,120,0,0
11868,75,70,5,5
11869,101,118,-17,17
11870,139,128,11,11
11871,93,87,6,6
11872,85,99,-14,14
11873,162,147,15,15
11874,158,134,24,24
11875,234,190,44,44
11876,76,81,-5,5
11877,68,54,14,14
11878,60,50,10,10
11879,115,104,11,11
11880,92,87,5,5
11881,99,66,33,33
11882,95,89,6,6
11883,69,76,-7,7
11884,53,64,-11,11
11885,100,96,4,4
11886,157,137,20,20
11887,103,102,1,1
11888,117,119,-2,2
11889,100,94,6,6
11890,95,94,1,1
11891,146,127,19,19
11892,97,88,9,9
11893,49,46,3,3
11894,83,82,1,1
11895,89,73,16,16
11896,97,101,-4,4
11897,98,98,0,0
11898,99,99,0,0
11899,52,55,-3,3
11900,92,96,-4,4
11901,128,135,-7,7
11902,60,58,2,2
11903,47,50,-3,3
11904,106,100,6,6
11905,78,70,8,8
11906,143,129,14,14
11907,90,86,4,4
11908,125,110,15,15
11909,80,88,-8,8
11910,114,105,9,9
11911,161,156,5,5
11912,120,126,-6,6
11913,41,134,-93,93
11914,38,50,-12,12
11915,105,109,-4,4
11916,48,55,-7,7
11917,58,59,-1,1
11918,112,112,0,0
11919,59,51,8,8
11920,76,86,-10,10
11921,118,113,5,5
11922,77,70,7,7
11923,51,54,-3,3
11924,76,60,16,16
11925,56,69,-13,13
11926,40,44,-4,4
11927,69,65,4,4
11928,77,75,2,2
11929,91,104,-13,13
11930,149,136,13,13
11931,110,104,6,6
11932,115,111,4,4
11933,117,118,-1,1
11934,93,81,12,12
11935,31,49,-18,18
11936,111,117,-6,6
11937,79,87,-8,8
11938,72,68,4,4
11939,44,60,-16,16
11940,89,87,2,2
11941,51,60,-9,9
11942,186,201,-15,15
11943,144,118,26,26
11944,98,88,10,10
11945,68,62,6,6
11946,82,82,0,0
11947,110,96,14,14
11948,101,70,31,31
11949,73,77,-4,4
11950,106,105,1,1
11951,50,50,0,0
11952,128,124,4,4
11953,82,97,-15,15
11954,39,61,-22,22
11955,57,48,9,9
11956,100,93,7,7
11957,132,125,7,7
11958,58,62,-4,4
11959,65,76,-11,11
11960,46,50,-4,4
11961,90,87,3,3
11962,132,123,9,9
11963,84,84,0,0
11964,95,95,0,0
11965,152,147,5,5
11966,67,65,2,2
11967,96,106,-10,10
11968,78,82,-4,4
11969,99,83,16,16
11970,71,80,-9,9
11971,116,99,17,17
11972,122,128,-6,6
11973,81,80,1,1
11974,42,66,-24,24
11975,121,128,-7,7
11976,144,130,14,14
11977,190,196,-6,6
11978,132,130,2,2
11979,112,95,17,17
11980,106,94,12,12
11981,104,88,16,16
11982,79,69,10,10
11983,81,81,0,0
11984,92,109,-17,17
11985,55,53,2,2
11986,85,64,21,21
11987,72,65,7,7
11988,48,56,-8,8
11989,92,109,-17,17
11990,44,53,-9,9
11991,112,110,2,2
11992,118,115,3,3
11993,74,76,-2,2
11994,102,98,4,4
11995,93,99,-6,6
11996,113,100,13,13
11997,89,81,8,8
11998,133,126,7,7
11999,45,45,0,0
12000,53,66,-13,13
12001,139,150,-11,11
12002,61,65,-4,4
12003,85,94,-9,9
12004,67,66,1,1
12005,81,72,9,9
12006,33,34,-1,1
12007,74,71,3,3
12008,81,77,4,4
12009,81,83,-2,2
12010,114,123,-9,9
12011,158,147,11,11
12012,59,65,-6,6
12013,60,64,-4,4
12014,111,103,8,8
12015,102,106,-4,4
12016,89,73,16,16
12017,80,75,5,5
12018,73,80,-7,7
12019,53,48,5,5
12020,124,122,2,2
12021,108,105,3,3
12022,101,80,21,21
12023,93,98,-5,5
12024,69,58,11,11
12025,111,119,-8,8
12026,74,75,-1,1
12027,80,77,3,3
12028,101,92,9,9
12029,127,148,-21,21
12030,78,77,1,1
12031,143,152,-9,9
12032,114,131,-17,17
12033,49,93,-44,44
12034,115,131,-16,16
12035,103,86,17,17
12036,84,91,-7,7
12037,88,81,7,7
12038,92,97,-5,5
12039,108,108,0,0
12040,90,76,14,14
12041,65,75,-10,10
12042,60,55,5,5
12043,72,73,-1,1
12044,129,142,-13,13
12045,76,80,-4,4
12046,109,110,-1,1
12047,88,95,-7,7
12048,60,58,2,2
12049,47,38,9,9
12050,100,82,18,18
12051,117,136,-19,19
12052,125,110,15,15
12053,113,97,16,16
12054,54,55,-1,1
12055,111,107,4,4
12056,156,144,12,12
12057,110,108,2,2
12058,82,72,10,10
12059,114,111,3,3
12060,68,73,-5,5
12061,66,74,-8,8
12062,90,94,-4,4
12063,63,61,2,2
12064,100,93,7,7
12065,66,78,-12,12
12066,141,137,4,4
12067,79,72,7,7
12068,104,92,12,12
12069,140,133,7,7
12070,72,78,-6,6
12071,39,39,0,0
12072,118,108,10,10
12073,97,81,16,16
12074,95,109,-14,14
12075,86,76,10,10
12076,90,85,5,5
12077,86,98,-12,12
12078,95,91,4,4
12079,118,113,5,5
12080,94,87,7,7
12081,130,138,-8,8
12082,58,56,2,2
12083,121,124,-3,3
12084,125,136,-11,11
12085,150,148,2,2
12086,102,97,5,5
12087,122,115,7,7
12088,109,113,-4,4
12089,74,68,6,6
12090,93,80,13,13
12091,53,54,-1,1
12092,117,121,-4,4
12093,93,95,-2,2
12094,191,181,10,10
12095,142,119,23,23
12096,123,108,15,15
12097,83,79,4,4
12098,127,114,13,13
12099,83,74,9,9
12100,85,84,1,1
12101,83,86,-3,3
12102,94,86,8,8
12103,164,162,2,2
12104,72,75,-3,3
12105,76,152,-76,76
12106,122,113,9,9
12107,59,39,20,20
12108,87,75,12,12
12109,88,145,-57,57
12110,61,50,11,11
12111,154,140,14,14
12112,159,148,11,11
12113,163,140,23,23
12114,104,95,9,9
12115,121,120,1,1
12116,116,109,7,7
12117,98,102,-4,4
12118,84,79,5,5
12119,42,50,-8,8
12120,78,76,2,2
12121,99,117,-18,18
12122,77,91,-14,14
12123,189,167,22,22
12124,66,77,-11,11
12125,144,149,-5,5
12126,196,193,3,3
12127,107,104,3,3
12128,68,63,5,5
12129,88,74,14,14
12130,36,43,-7,7
12131,107,82,25,25
12132,123,125,-2,2
12133,62,54,8,8
12134,207,178,29,29
12135,89,93,-4,4
12136,74,80,-6,6
12137,87,81,6,6
12138,135,136,-1,1
12139,72,65,7,7
12140,183,138,45,45
12141,118,122,-4,4
12142,110,83,27,27
12143,111,99,12,12
12144,122,101,21,21
12145,90,100,-10,10
12146,121,121,0,0
12147,58,96,-38,38
12148,126,124,2,2
12149,105,109,-4,4
12150,109,111,-2,2
12151,71,71,0,0
12152,148,141,7,7
12153,95,96,-1,1
12154,103,95,8,8
12155,90,83,7,7
12156,77,71,6,6
12157,126,122,4,4
12158,141,135,6,6
12159,134,129,5,5
12160,49,55,-6,6
12161,99,99,0,0
12162,130,128,2,2
12163,74,65,9,9
12164,64,56,8,8
12165,196,188,8,8
12166,106,120,-14,14
12167,100,100,0,0
12168,88,87,1,1
12169,116,107,9,9
12170,107,114,-7,7
12171,128,133,-5,5
12172,93,88,5,5
12173,150,136,14,14
12174,92,80,12,12
12175,96,83,13,13
12176,115,105,10,10
12177,111,99,12,12
12178,87,89,-2,2
12179,69,72,-3,3
12180,139,145,-6,6
12181,104,108,-4,4
12182,115,117,-2,2
12183,114,107,7,7
12184,58,59,-1,1
12185,77,76,1,1
12186,79,80,-1,1
12187,114,113,1,1
12188,111,120,-9,9
12189,102,99,3,3
12190,161,153,8,8
12191,197,188,9,9
12192,72,85,-13,13
12193,142,143,-1,1
12194,49,97,-48,48
12195,63,64,-1,1
12196,135,135,0,0
12197,192,159,33,33
12198,47,64,-17,17
12199,110,107,3,3
12200,71,75,-4,4
12201,108,79,29,29
12202,137,149,-12,12
12203,128,122,6,6
12204,137,143,-6,6
12205,148,148,0,0
12206,82,83,-1,1
12207,70,70,0,0
12208,60,58,2,2
12209,115,109,6,6
12210,76,78,-2,2
12211,86,73,13,13
12212,97,94,3,3
12213,122,119,3,3
12214,104,101,3,3
12215,149,152,-3,3
12216,73,67,6,6
12217,88,83,5,5
12218,93,82,11,11
12219,94,90,4,4
12220,110,103,7,7
12221,56,43,13,13
12222,66,65,1,1
12223,73,80,-7,7
12224,96,101,-5,5
12225,121,121,0,0
12226,122,115,7,7
12227,94,94,0,0
12228,88,109,-21,21
12229,130,127,3,3
12230,63,63,0,0
12231,141,132,9,9
12232,54,52,2,2
12233,73,72,1,1
12234,71,62,9,9
12235,95,84,11,11
12236,121,109,12,12
12237,73,83,-10,10
12238,125,121,4,4
12239,67,77,-10,10
12240,121,129,-8,8
12241,109,115,-6,6
12242,64,76,-12,12
12243,96,86,10,10
12244,119,122,-3,3
12245,93,97,-4,4
12246,75,71,4,4
12247,95,93,2,2
12248,66,65,1,1
12249,99,90,9,9
12250,47,49,-2,2
12251,84,104,-20,20
12252,165,175,-10,10
12253,97,92,5,5
12254,73,74,-1,1
12255,37,43,-6,6
12256,104,97,7,7
12257,71,70,1,1
12258,65,67,-2,2
12259,66,55,11,11
12260,63,51,12,12
12261,96,99,-3,3
12262,130,123,7,7
12263,141,148,-7,7
12264,86,90,-4,4
12265,108,110,-2,2
12266,128,132,-4,4
12267,118,101,17,17
12268,83,81,2,2
12269,68,52,16,16
12270,84,77,7,7
12271,105,92,13,13
12272,61,67,-6,6
12273,73,69,4,4
12274,65,62,3,3
12275,131,93,38,38
12276,118,121,-3,3
12277,93,91,2,2
12278,76,75,1,1
12279,75,72,3,3
12280,65,60,5,5
12281,70,63,7,7
12282,140,148,-8,8
12283,95,93,2,2
12284,145,127,18,18
12285,82,64,18,18
12286,185,170,15,15
12287,71,75,-4,4
12288,100,107,-7,7
12289,99,94,5,5
12290,64,61,3,3
12291,65,66,-1,1
12292,51,51,0,0
12293,79,83,-4,4
12294,50,59,-9,9
12295,128,149,-21,21
12296,109,92,17,17
12297,106,98,8,8
12298,50,47,3,3
12299,126,120,6,6
12300,105,99,6,6
12301,39,50,-11,11
12302,70,59,11,11
12303,134,90,44,44
12304,46,49,-3,3
12305,81,77,4,4
12306,115,113,2,2
12307,56,61,-5,5
12308,90,86,4,4
12309,107,105,2,2
12310,38,54,-16,16
12311,112,111,1,1
12312,86,90,-4,4
12313,102,99,3,3
12314,81,89,-8,8
12315,133,136,-3,3
12316,65,63,2,2
12317,67,76,-9,9
12318,63,68,-5,5
12319,105,95,10,10
12320,81,84,-3,3
12321,97,101,-4,4
12322,96,105,-9,9
12323,113,122,-9,9
12324,91,94,-3,3
12325,67,84,-17,17
12326,85,84,1,1
12327,102,98,4,4
12328,76,69,7,7
12329,190,188,2,2
12330,63,73,-10,10
12331,87,80,7,7
12332,140,141,-1,1
12333,113,101,12,12
12334,102,97,5,5
12335,62,56,6,6
12336,57,55,2,2
12337,48,113,-65,65
12338,62,56,6,6
12339,94,111,-17,17
12340,95,99,-4,4
12341,183,160,23,23
12342,80,83,-3,3
12343,164,158,6,6
12344,66,67,-1,1
12345,67,75,-8,8
12346,103,95,8,8
12347,69,76,-7,7
12348,118,110,8,8
12349,78,86,-8,8
12350,66,60,6,6
12351,94,87,7,7
12352,92,98,-6,6
12353,142,152,-10,10
12354,55,67,-12,12
12355,101,102,-1,1
12356,79,68,11,11
12357,122,130,-8,8
12358,123,119,4,4
12359,38,45,-7,7
12360,65,80,-15,15
12361,138,135,3,3
12362,76,85,-9,9
12363,114,111,3,3
12364,79,90,-11,11
12365,114,105,9,9
12366,68,70,-2,2
12367,78,78,0,0
12368,93,99,-6,6
12369,103,109,-6,6
12370,163,146,17,17
12371,101,116,-15,15
12372,126,129,-3,3
12373,67,61,6,6
12374,78,70,8,8
12375,116,116,0,0
12376,128,131,-3,3
12377,91,84,7,7
12378,142,128,14,14
12379,65,55,10,10
12380,145,154,-9,9
12381,61,57,4,4
12382,136,139,-3,3
12383,84,78,6,6
12384,98,82,16,16
12385,87,87,0,0
12386,107,100,7,7
12387,115,128,-13,13
12388,106,95,11,11
12389,93,102,-9,9
12390,80,76,4,4
12391,130,119,11,11
12392,115,100,15,15
12393,97,109,-12,12
12394,92,90,2,2
12395,88,83,5,5
12396,66,59,7,7
12397,66,56,10,10
12398,87,90,-3,3
12399,106,108,-2,2
12400,70,77,-7,7
12401,180,171,9,9
12402,87,92,-5,5
12403,89,80,9,9
12404,92,100,-8,8
12405,125,105,20,20
12406,88,106,-18,18
12407,109,110,-1,1
12408,35,40,-5,5
12409,67,80,-13,13
12410,117,117,0,0
12411,190,162,28,28
12412,114,111,3,3
12413,137,133,4,4
12414,138,138,0,0
12415,129,138,-9,9
12416,106,84,22,22
12417,63,67,-4,4
12418,58,64,-6,6
12419,57,66,-9,9
12420,86,89,-3,3
12421,104,95,9,9
12422,97,96,1,1
12423,101,99,2,2
12424,137,130,7,7
12425,64,55,9,9
12426,176,184,-8,8
12427,93,74,19,19
12428,120,114,6,6
12429,108,112,-4,4
12430,70,67,3,3
12431,97,91,6,6
12432,83,85,-2,2
12433,83,80,3,3
12434,150,158,-8,8
12435,64,76,-12,12
12436,89,81,8,8
12437,96,85,11,11
12438,114,116,-2,2
12439,119,117,2,2
12440,61,50,11,11
12441,96,96,0,0
12442,105,102,3,3
12443,61,68,-7,7
12444,141,147,-6,6
12445,86,87,-1,1
12446,87,84,3,3
12447,90,80,10,10
12448,105,108,-3,3
12449,91,86,5,5
12450,111,127,-16,16
12451,76,76,0,0
12452,87,79,8,8
12453,91,88,3,3
12454,107,104,3,3
12455,110,112,-2,2
12456,124,130,-6,6
12457,128,120,8,8
12458,109,113,-4,4
12459,71,68,3,3
12460,87,89,-2,2
12461,148,152,-4,4
12462,107,85,22,22
12463,134,134,0,0
12464,23,38,-15,15
12465,119,126,-7,7
12466,91,94,-3,3
12467,25,102,-77,77
12468,61,73,-12,12
12469,101,105,-4,4
12470,72,63,9,9
12471,95,99,-4,4
12472,47,41,6,6
12473,97,95,2,2
12474,81,77,4,4
12475,59,59,0,0
12476,77,69,8,8
12477,138,118,20,20
12478,120,166,-46,46
12479,136,132,4,4
12480,79,72,7,7
12481,63,63,0,0
12482,102,93,9,9
12483,158,143,15,15
12484,73,69,4,4
12485,53,62,-9,9
12486,83,83,0,0
12487,155,125,30,30
12488,139,90,49,49
12489,93,78,15,15
12490,128,133,-5,5
12491,98,105,-7,7
12492,96,96,0,0
12493,153,147,6,6
12494,104,103,1,1
12495,115,93,22,22
12496,72,72,0,0
12497,90,88,2,2
12498,127,139,-12,12
12499,112,131,-19,19
12500,64,71,-7,7
12501,73,70,3,3
12502,72,74,-2,2
12503,73,101,-28,28
12504,56,56,0,0
12505,106,103,3,3
12506,144,135,9,9
12507,47,116,-69,69
12508,147,145,2,2
12509,95,102,-7,7
12510,76,82,-6,6
12511,128,126,2,2
12512,81,72,9,9
12513,79,81,-2,2
12514,86,83,3,3
12515,44,51,-7,7
12516,87,92,-5,5
12517,102,104,-2,2
12518,116,115,1,1
12519,105,96,9,9
12520,113,121,-8,8
12521,152,150,2,2
12522,175,142,33,33
12523,70,62,8,8
12524,173,151,22,22
12525,87,85,2,2
12526,102,94,8,8
12527,88,86,2,2
12528,76,70,6,6
12529,110,100,10,10
12530,99,99,0,0
12531,71,69,2,2
12532,75,69,6,6
12533,105,101,4,4
12534,153,161,-8,8
12535,100,120,-20,20
12536,90,84,6,6
12537,83,110,-27,27
12538,82,74,8,8
12539,49,49,0,0
12540,69,80,-11,11
12541,113,111,2,2
12542,63,62,1,1
12543,58,60,-2,2
12544,65,64,1,1
12545,145,138,7,7
12546,50,46,4,4
12547,83,78,5,5
12548,100,96,4,4
12549,76,73,3,3
12550,72,80,-8,8
12551,71,92,-21,21
12552,106,102,4,4
12553,127,139,-12,12
12554,96,100,-4,4
12555,67,74,-7,7
12556,140,131,9,9
12557,56,56,0,0
12558,108,114,-6,6
12559,94,86,8,8
12560,59,54,5,5
12561,84,86,-2,2
12562,96,89,7,7
12563,92,96,-4,4
12564,186,204,-18,18
12565,62,64,-2,2
12566,164,139,25,25
12567,49,52,-3,3
12568,62,54,8,8
12569,50,64,-14,14
12570,128,110,18,18
12571,57,76,-19,19
12572,69,67,2,2
12573,48,60,-12,12
12574,132,118,14,14
12575,140,145,-5,5
12576,107,100,7,7
12577,80,79,1,1
12578,78,77,1,1
12579,140,109,31,31
12580,78,83,-5,5
12581,123,110,13,13
12582,87,93,-6,6
12583,91,109,-18,18
12584,119,123,-4,4
12585,107,113,-6,6
12586,52,45,7,7
12587,61,68,-7,7
12588,102,92,10,10
12589,79,73,6,6
12590,81,71,10,10
12591,72,70,2,2
12592,74,79,-5,5
12593,73,58,15,15
12594,114,90,24,24
12595,127,115,12,12
12596,92,85,7,7
12597,118,138,-20,20
12598,115,176,-61,61
12599,73,61,12,12
12600,93,95,-2,2
12601,70,60,10,10
12602,73,60,13,13
12603,107,124,-17,17
12604,96,99,-3,3
12605,101,82,19,19
12606,76,83,-7,7
12607,85,71,14,14
12608,111,68,43,43
12609,42,43,-1,1
12610,69,63,6,6
12611,97,94,3,3
12612,90,84,6,6
12613,96,97,-1,1
12614,114,133,-19,19
12615,121,117,4,4
12616,68,65,3,3
12617,45,57,-12,12
12618,73,82,-9,9
12619,109,101,8,8
12620,175,168,7,7
12621,90,85,5,5
12622,70,69,1,1
12623,85,84,1,1
12624,62,67,-5,5
12625,89,112,-23,23
12626,132,132,0,0
12627,155,136,19,19
12628,99,102,-3,3
12629,60,61,-1,1
12630,110,104,6,6
12631,87,81,6,6
12632,98,112,-14,14
12633,80,89,-9,9
12634,127,130,-3,3
12635,172,123,49,49
12636,181,166,15,15
12637,130,111,19,19
12638,76,66,10,10
12639,86,73,13,13
12640,105,107,-2,2
12641,105,109,-4,4
12642,56,53,3,3
12643,65,71,-6,6
12644,42,46,-4,4
12645,120,109,11,11
12646,65,60,5,5
12647,76,75,1,1
12648,134,127,7,7
12649,28,59,-31,31
12650,96,87,9,9
12651,92,93,-1,1
12652,53,51,2,2
12653,66,59,7,7
12654,79,73,6,6
12655,101,104,-3,3
12656,78,91,-13,13
12657,88,96,-8,8
12658,136,125,11,11
12659,142,141,1,1
12660,73,75,-2,2
12661,97,86,11,11
12662,80,66,14,14
12663,51,58,-7,7
12664,69,80,-11,11
12665,52,69,-17,17
12666,57,54,3,3
12667,100,151,-51,51
12668,147,149,-2,2
12669,129,131,-2,2
12670,92,109,-17,17
12671,107,87,20,20
12672,99,113,-14,14
12673,89,94,-5,5
12674,58,58,0,0
12675,103,94,9,9
12676,33,48,-15,15
12677,103,94,9,9
12678,88,95,-7,7
12679,81,76,5,5
12680,53,53,0,0
12681,70,72,-2,2
12682,32,35,-3,3
12683,88,82,6,6
12684,99,120,-21,21
12685,110,110,0,0
12686,78,82,-4,4
12687,99,102,-3,3
12688,46,45,1,1
12689,136,107,29,29
12690,75,66,9,9
12691,117,96,21,21
12692,93,83,10,10
12693,132,140,-8,8
12694,70,75,-5,5
12695,69,67,2,2
12696,49,38,11,11
12697,71,61,10,10
12698,118,126,-8,8
12699,97,88,9,9
12700,76,86,-10,10
12701,195,102,93,93
12702,128,124,4,4
12703,66,60,6,6
12704,120,120,0,0
12705,73,72,1,1
12706,62,66,-4,4
12707,104,82,22,22
12708,94,101,-7,7
12709,94,80,14,14
12710,110,95,15,15
12711,96,98,-2,2
12712,107,96,11,11
12713,77,84,-7,7
12714,91,96,-5,5
12715,63,62,1,1
12716,128,107,21,21
12717,77,70,7,7
12718,67,65,2,2
12719,124,112,12,12
12720,94,91,3,3
12721,64,66,-2,2
12722,74,80,-6,6
12723,88,89,-1,1
12724,70,77,-7,7
12725,78,74,4,4
12726,66,76,-10,10
12727,104,113,-9,9
12728,134,146,-12,12
12729,92,101,-9,9
12730,74,68,6,6
12731,93,87,6,6
12732,98,91,7,7
12733,100,81,19,19
12734,87,91,-4,4
12735,101,86,15,15
12736,49,50,-1,1
12737,121,114,7,7
12738,84,89,-5,5
12739,158,158,0,0
12740,115,122,-7,7
12741,125,108,17,17
12742,53,53,0,0
12743,80,75,5,5
12744,68,59,9,9
12745,103,102,1,1
12746,107,104,3,3
12747,77,82,-5,5
12748,100,112,-12,12
12749,120,126,-6,6
12750,91,90,1,1
12751,77,49,28,28
12752,132,121,11,11
12753,131,132,-1,1
12754,43,62,-19,19
12755,45,50,-5,5
12756,124,112,12,12
12757,86,70,16,16
12758,107,105,2,2
12759,82,81,1,1
12760,204,196,8,8
12761,107,105,2,2
12762,120,136,-16,16
12763,140,130,10,10
12764,153,146,7,7
12765,83,80,3,3
12766,47,52,-5,5
12767,91,77,14,14
12768,68,55,13,13
12769,56,55,1,1
12770,77,81,-4,4
12771,37,55,-18,18
12772,117,112,5,5
12773,85,80,5,5
12774,101,96,5,5
12775,67,81,-14,14
12776,118,140,-22,22
12777,56,70,-14,14
12778,68,66,2,2
12779,65,113,-48,48
12780,105,95,10,10
12781,102,116,-14,14
12782,116,108,8,8
12783,69,72,-3,3
12784,79,68,11,11
12785,105,108,-3,3
12786,101,72,29,29
12787,106,84,22,22
12788,89,83,6,6
12789,77,78,-1,1
12790,116,113,3,3
12791,111,100,11,11
12792,91,82,9,9
12793,74,72,2,2
12794,96,84,12,12
12795,119,136,-17,17
12796,124,121,3,3
12797,83,75,8,8
12798,59,68,-9,9
12799,87,84,3,3
12800,55,57,-2,2
12801,121,121,0,0
12802,94,97,-3,3
12803,90,86,4,4
12804,181,161,20,20
12805,93,98,-5,5
12806,72,70,2,2
12807,92,113,-21,21
12808,153,148,5,5
12809,55,56,-1,1
12810,61,54,7,7
12811,99,93,6,6
12812,82,83,-1,1
12813,102,93,9,9
12814,148,150,-2,2
12815,112,111,1,1
12816,172,161,11,11
12817,133,121,12,12
12818,97,104,-7,7
12819,70,88,-18,18
12820,70,69,1,1
12821,98,92,6,6
12822,96,114,-18,18
12823,69,62,7,7
12824,90,73,17,17
12825,138,133,5,5
12826,132,143,-11,11
12827,153,159,-6,6
12828,86,76,10,10
12829,108,100,8,8
12830,80,84,-4,4
12831,154,140,14,14
12832,116,129,-13,13
12833,103,91,12,12
12834,104,107,-3,3
12835,116,110,6,6
12836,107,94,13,13
12837,96,89,7,7
12838,90,92,-2,2
12839,50,51,-1,1
12840,104,102,2,2
12841,72,60,12,12
12842,106,100,6,6
12843,87,80,7,7
12844,124,132,-8,8
12845,27,52,-25,25
12846,133,114,19,19
12847,122,113,9,9
12848,124,147,-23,23
12849,89,96,-7,7
12850,97,118,-21,21
12851,84,84,0,0
12852,140,148,-8,8
12853,136,115,21,21
12854,20,40,-20,20
12855,93,95,-2,2
12856,85,77,8,8
12857,74,67,7,7
12858,103,87,16,16
12859,75,75,0,0
12860,46,46,0,0
12861,84,104,-20,20
12862,75,81,-6,6
12863,53,52,1,1
12864,52,81,-29,29
12865,87,88,-1,1
12866,109,96,13,13
12867,105,96,9,9
12868,67,72,-5,5
12869,154,130,24,24
12870,84,85,-1,1
12871,128,130,-2,2
12872,113,122,-9,9
12873,87,78,9,9
12874,101,107,-6,6
12875,96,94,2,2
12876,39,49,-10,10
12877,133,133,0,0
12878,191,196,-5,5
12879,60,55,5,5
12880,125,116,9,9
12881,75,75,0,0
12882,40,45,-5,5
12883,103,87,16,16
12884,79,70,9,9
12885,185,178,7,7
12886,124,130,-6,6
12887,109,111,-2,2
12888,89,96,-7,7
12889,67,64,3,3
12890,47,40,7,7
12891,76,70,6,6
12892,122,123,-1,1
12893,106,107,-1,1
12894,142,116,26,26
12895,96,92,4,4
12896,52,47,5,5
12897,96,96,0,0
12898,117,125,-8,8
12899,69,73,-4,4
12900,89,76,13,13
12901,72,71,1,1
12902,180,166,14,14
12903,94,89,5,5
12904,53,64,-11,11
12905,93,93,0,0
12906,161,145,16,16
12907,137,139,-2,2
12908,129,123,6,6
12909,89,81,8,8
12910,102,100,2,2
12911,159,160,-1,1
12912,67,65,2,2
12913,67,152,-85,85
12914,97,90,7,7
12915,71,69,2,2
12916,153,160,-7,7
12917,100,98,2,2
12918,92,98,-6,6
12919,79,97,-18,18
12920,79,82,-3,3
12921,73,62,11,11
12922,133,137,-4,4
12923,51,58,-7,7
12924,139,124,15,15
12925,115,125,-10,10
12926,89,87,2,2
12927,124,121,3,3
12928,90,86,4,4
12929,128,118,10,10
12930,131,116,15,15
12931,71,59,12,12
12932,113,105,8,8
12933,127,130,-3,3
12934,61,67,-6,6
12935,113,113,0,0
12936,112,88,24,24
12937,75,72,3,3
12938,125,111,14,14
12939,73,72,1,1
12940,100,111,-11,11
12941,187,180,7,7
12942,101,97,4,4
12943,103,93,10,10
12944,99,114,-15,15
12945,65,63,2,2
12946,116,109,7,7
12947,97,111,-14,14
12948,83,97,-14,14
12949,90,117,-27,27
12950,101,96,5,5
12951,97,106,-9,9
12952,107,108,-1,1
12953,119,131,-12,12
12954,78,65,13,13
12955,79,78,1,1
12956,74,72,2,2
12957,150,142,8,8
12958,83,86,-3,3
12959,131,150,-19,19
12960,68,69,-1,1
12961,222,181,41,41
12962,88,91,-3,3
12963,109,105,4,4
12964,149,147,2,2
12965,82,87,-5,5
12966,33,42,-9,9
12967,97,105,-8,8
12968,88,86,2,2
12969,127,138,-11,11
12970,70,63,7,7
12971,86,85,1,1
12972,63,62,1,1
12973,101,93,8,8
12974,85,77,8,8
12975,97,77,20,20
12976,68,63,5,5
12977,79,90,-11,11
12978,182,177,5,5
12979,68,67,1,1
12980,68,73,-5,5
12981,81,72,9,9
12982,118,115,3,3
12983,93,87,6,6
12984,117,101,16,16
12985,144,126,18,18
12986,134,120,14,14
12987,69,64,5,5
12988,133,137,-4,4
12989,88,95,-7,7
12990,63,51,12,12
12991,116,108,8,8
12992,113,134,-21,21
12993,103,90,13,13
12994,127,133,-6,6
12995,116,114,2,2
12996,114,96,18,18
12997,123,119,4,4
12998,72,57,15,15
12999,107,94,13,13
13000,121,117,4,4
13001,100,88,12,12
13002,87,84,3,3
13003,102,95,7,7
13004,155,170,-15,15
13005,72,70,2,2
13006,84,84,0,0
13007,86,94,-8,8
13008,115,111,4,4
13009,100,99,1,1
13010,81,68,13,13
13011,51,57,-6,6
13012,54,58,-4,4
13013,86,87,-1,1
13014,92,87,5,5
13015,60,61,-1,1
13016,112,118,-6,6
13017,92,84,8,8
13018,87,83,4,4
13019,95,95,0,0
13020,80,70,10,10
13021,139,147,-8,8
13022,103,93,10,10
13023,120,131,-11,11
13024,75,86,-11,11
13025,51,43,8,8
13026,76,67,9,9
13027,67,78,-11,11
13028,165,141,24,24
13029,84,91,-7,7
13030,83,90,-7,7
13031,61,60,1,1
13032,159,140,19,19
13033,64,120,-56,56
13034,140,128,12,12
13035,65,76,-11,11
13036,68,72,-4,4
13037,67,50,17,17
13038,87,81,6,6
13039,109,111,-2,2
13040,116,120,-4,4
13041,94,110,-16,16
13042,135,123,12,12
13043,77,73,4,4
13044,55,61,-6,6
13045,61,58,3,3
13046,73,75,-2,2
13047,139,126,13,13
13048,106,122,-16,16
13049,78,90,-12,12
13050,74,59,15,15
13051,99,87,12,12
13052,88,93,-5,5
13053,93,80,13,13
13054,69,61,8,8
13055,235,192,43,43
13056,83,87,-4,4
13057,101,103,-2,2
13058,66,72,-6,6
13059,58,52,6,6
13060,119,130,-11,11
13061,129,126,3,3
13062,82,79,3,3
13063,168,133,35,35
13064,72,72,0,0
13065,125,121,4,4
13066,82,76,6,6
13067,97,87,10,10
13068,56,61,-5,5
13069,123,143,-20,20
13070,79,75,4,4
13071,84,74,10,10
13072,112,107,5,5
13073,80,84,-4,4
13074,106,100,6,6
13075,60,67,-7,7
13076,72,73,-1,1
13077,96,111,-15,15
13078,60,62,-2,2
13079,117,92,25,25
13080,66,80,-14,14
13081,78,73,5,5
13082,55,62,-7,7
13083,164,155,9,9
13084,184,178,6,6
13085,78,78,0,0
13086,61,68,-7,7
13087,109,127,-18,18
13088,101,106,-5,5
13089,79,76,3,3
13090,51,56,-5,5
13091,64,61,3,3
13092,62,54,8,8
13093,144,139,5,5
13094,57,57,0,0
13095,50,46,4,4
13096,81,69,12,12
13097,99,96,3,3
13098,97,93,4,4
13099,129,111,18,18
13100,104,96,8,8
13101,93,118,-25,25
13102,84,78,6,6
13103,90,71,19,19
13104,112,117,-5,5
13105,69,68,1,1
13106,69,82,-13,13
13107,107,88,19,19
13108,145,130,15,15
13109,84,72,12,12
13110,51,52,-1,1
13111,100,90,10,10
13112,82,87,-5,5
13113,71,84,-13,13
13114,104,99,5,5
13115,67,72,-5,5
13116,89,92,-3,3
13117,61,68,-7,7
13118,74,80,-6,6
13119,101,109,-8,8
13120,67,79,-12,12
13121,72,83,-11,11
13122,70,63,7,7
13123,158,155,3,3
13124,94,91,3,3
13125,84,78,6,6
13126,120,113,7,7
13127,152,147,5,5
13128,137,127,10,10
13129,82,86,-4,4
13130,116,107,9,9
13131,112,107,5,5
13132,99,96,3,3
13133,150,146,4,4
13134,66,61,5,5
13135,81,69,12,12
13136,50,55,-5,5
13137,133,135,-2,2
13138,65,68,-3,3
13139,65,66,-1,1
13140,80,80,0,0
13141,53,63,-10,10
13142,108,104,4,4
13143,80,52,28,28
13144,126,126,0,0
13145,73,76,-3,3
13146,58,65,-7,7
13147,80,76,4,4
13148,62,58,4,4
13149,64,60,4,4
13150,55,50,5,5
13151,81,74,7,7
13152,97,107,-10,10
13153,78,64,14,14
13154,101,101,0,0
13155,72,77,-5,5
13156,112,100,12,12
13157,84,82,2,2
13158,68,78,-10,10
13159,102,120,-18,18
13160,117,135,-18,18
13161,88,80,8,8
13162,127,114,13,13
13163,64,58,6,6
13164,87,83,4,4
13165,80,73,7,7
13166,101,84,17,17
13167,122,119,3,3
13168,67,59,8,8
13169,131,127,4,4
13170,97,86,11,11
13171,135,116,19,19
13172,88,90,-2,2
13173,115,129,-14,14
13174,134,127,7,7
13175,116,120,-4,4
13176,79,76,3,3
13177,45,47,-2,2
13178,100,99,1,1
13179,85,103,-18,18
13180,63,61,2,2
13181,89,87,2,2
13182,76,75,1,1
13183,138,127,11,11
13184,123,119,4,4
13185,74,89,-15,15
13186,43,53,-10,10
13187,66,67,-1,1
13188,86,104,-18,18
13189,115,126,-11,11
13190,30,119,-89,89
13191,66,73,-7,7
13192,208,169,39,39
13193,90,78,12,12
13194,71,65,6,6
13195,94,76,18,18
13196,171,182,-11,11
13197,55,49,6,6
13198,43,32,11,11
13199,67,79,-12,12
13200,143,135,8,8
13201,98,94,4,4
13202,100,95,5,5
13203,108,99,9,9
13204,91,66,25,25
13205,131,107,24,24
13206,79,69,10,10
13207,153,151,2,2
13208,37,47,-10,10
13209,46,39,7,7
13210,241,239,2,2
13211,89,82,7,7
13212,72,72,0,0
13213,100,97,3,3
13214,83,88,-5,5
13215,98,116,-18,18
13216,128,138,-10,10
13217,162,115,47,47
13218,81,74,7,7
13219,98,92,6,6
13220,70,74,-4,4
13221,182,171,11,11
13222,71,66,5,5
13223,173,174,-1,1
13224,54,64,-10,10
13225,66,59,7,7
13226,85,80,5,5
13227,93,92,1,1
13228,71,124,-53,53
13229,163,168,-5,5
13230,86,83,3,3
13231,74,63,11,11
13232,148,155,-7,7
13233,112,107,5,5
13234,90,79,11,11
13235,64,66,-2,2
13236,78,88,-10,10
13237,115,119,-4,4
13238,105,90,15,15
13239,90,90,0,0
13240,117,121,-4,4
13241,103,83,20,20
13242,139,159,-20,20
13243,107,104,3,3
13244,118,129,-11,11
13245,94,77,17,17
13246,56,57,-1,1
13247,97,84,13,13
13248,77,74,3,3
13249,117,84,33,33
13250,125,136,-11,11
13251,67,69,-2,2
13252,73,67,6,6
13253,152,137,15,15
13254,73,68,5,5
13255,121,124,-3,3
13256,166,168,-2,2
13257,90,94,-4,4
13258,96,100,-4,4
13259,149,159,-10,10
13260,61,66,-5,5
13261,144,138,6,6
13262,121,122,-1,1
13263,131,114,17,17
13264,58,58,0,0
13265,51,54,-3,3
13266,54,62,-8,8
13267,72,73,-1,1
13268,99,99,0,0
13269,124,108,16,16
13270,105,109,-4,4
13271,100,98,2,2
13272,153,153,0,0
13273,76,76,0,0
13274,120,109,11,11
13275,94,87,7,7
13276,85,73,12,12
13277,84,84,0,0
13278,53,68,-15,15
13279,106,111,-5,5
13280,108,112,-4,4
13281,140,130,10,10
13282,113,96,17,17
13283,57,67,-10,10
13284,108,104,4,4
13285,123,112,11,11
13286,108,98,10,10
13287,83,79,4,4
13288,99,81,18,18
13289,78,66,12,12
13290,96,97,-1,1
13291,58,58,0,0
13292,82,77,5,5
13293,148,157,-9,9
13294,86,87,-1,1
13295,81,74,7,7
13296,119,113,6,6
13297,97,102,-5,5
13298,118,111,7,7
13299,92,84,8,8
13300,102,112,-10,10
13301,72,77,-5,5
13302,64,61,3,3
13303,86,81,5,5
13304,57,72,-15,15
13305,102,98,4,4
13306,67,63,4,4
13307,88,90,-2,2
13308,139,121,18,18
13309,61,67,-6,6
13310,77,69,8,8
13311,158,159,-1,1
13312,130,115,15,15
13313,132,133,-1,1
13314,187,138,49,49
13315,79,70,9,9
13316,96,109,-13,13
13317,76,81,-5,5
13318,71,69,2,2
13319,78,80,-2,2
13320,209,189,20,20
13321,75,69,6,6
13322,146,142,4,4
13323,100,98,2,2
13324,80,94,-14,14
13325,70,67,3,3
13326,65,76,-11,11
13327,95,97,-2,2
13328,80,78,2,2
13329,69,74,-5,5
13330,132,145,-13,13
13331,77,66,11,11
13332,98,88,10,10
13333,94,96,-2,2
13334,86,84,2,2
13335,90,83,7,7
13336,75,68,7,7
13337,130,72,58,58
13338,87,86,1,1
13339,141,139,2,2
13340,161,153,8,8
13341,68,81,-13,13
13342,97,94,3,3
13343,125,130,-5,5
13344,36,62,-26,26
13345,115,114,1,1
13346,68,53,15,15
13347,106,110,-4,4
13348,96,113,-17,17
13349,82,84,-2,2
13350,73,57,16,16
13351,89,75,14,14
13352,75,85,-10,10
13353,85,96,-11,11
13354,134,137,-3,3
13355,90,79,11,11
13356,83,83,0,0
13357,129,97,32,32
13358,140,149,-9,9
13359,60,106,-46,46
13360,82,71,11,11
13361,153,151,2,2
13362,80,94,-14,14
13363,119,121,-2,2
13364,108,98,10,10
13365,54,55,-1,1
13366,99,107,-8,8
13367,130,160,-30,30
13368,100,99,1,1
13369,59,47,12,12
13370,84,97,-13,13
13371,117,120,-3,3
13372,60,48,12,12
13373,55,56,-1,1
13374,96,99,-3,3
13375,73,74,-1,1
13376,64,67,-3,3
13377,75,80,-5,5
13378,55,59,-4,4
13379,90,84,6,6
13380,142,144,-2,2
13381,139,149,-10,10
13382,118,114,4,4
13383,120,111,9,9
13384,112,113,-1,1
13385,43,52,-9,9
13386,106,113,-7,7
13387,187,198,-11,11
13388,117,122,-5,5
13389,111,103,8,8
13390,188,195,-7,7
13391,156,134,22,22
13392,136,137,-1,1
13393,88,90,-2,2
13394,29,43,-14,14
13395,107,86,21,21
13396,113,91,22,22
13397,93,80,13,13
13398,81,76,5,5
13399,22,33,-11,11
13400,69,71,-2,2
13401,168,152,16,16
13402,147,131,16,16
13403,105,115,-10,10
13404,145,134,11,11
13405,58,67,-9,9
13406,60,56,4,4
13407,150,158,-8,8
13408,70,62,8,8
13409,69,86,-17,17
13410,140,147,-7,7
13411,88,73,15,15
13412,120,121,-1,1
13413,63,62,1,1
13414,81,77,4,4
13415,66,66,0,0
13416,91,84,7,7
13417,131,129,2,2
13418,126,103,23,23
13419,138,121,17,17
13420,103,110,-7,7
13421,103,98,5,5
13422,50,78,-28,28
13423,64,70,-6,6
13424,75,69,6,6
13425,67,59,8,8
13426,97,99,-2,2
13427,109,113,-4,4
13428,137,125,12,12
13429,71,63,8,8
13430,98,88,10,10
13431,82,94,-12,12
13432,65,72,-7,7
13433,117,106,11,11
13434,148,145,3,3
13435,190,158,32,32
13436,84,81,3,3
13437,110,86,24,24
13438,138,128,10,10
13439,74,70,4,4
13440,130,116,14,14
13441,79,75,4,4
13442,92,101,-9,9
13443,137,148,-11,11
13444,104,90,14,14
13445,160,149,11,11
13446,90,89,1,1
13447,101,91,10,10
13448,123,115,8,8
13449,73,69,4,4
13450,66,60,6,6
13451,124,141,-17,17
13452,173,97,76,76
13453,142,129,13,13
13454,32,49,-17,17
13455,104,96,8,8
13456,65,85,-20,20
13457,60,61,-1,1
13458,71,71,0,0
13459,56,53,3,3
13460,122,138,-16,16
13461,135,154,-19,19
13462,162,159,3,3
13463,96,109,-13,13
13464,126,144,-18,18
13465,74,84,-10,10
13466,102,104,-2,2
13467,80,76,4,4
13468,88,70,18,18
13469,92,80,12,12
13470,107,114,-7,7
13471,87,52,35,35
13472,58,58,0,0
13473,80,67,13,13
13474,79,70,9,9
13475,114,127,-13,13
13476,78,81,-3,3
13477,75,88,-13,13
13478,168,164,4,4
13479,114,122,-8,8
13480,59,63,-4,4
13481,152,160,-8,8
13482,66,66,0,0
13483,98,89,9,9
13484,70,71,-1,1
13485,101,91,10,10
13486,130,125,5,5
13487,114,112,2,2
13488,63,75,-12,12
13489,181,164,17,17
13490,86,81,5,5
13491,107,122,-15,15
13492,59,62,-3,3
13493,74,74,0,0
13494,134,123,11,11
13495,199,169,30,30
13496,58,73,-15,15
13497,99,103,-4,4
13498,103,109,-6,6
13499,183,176,7,7
13500,96,94,2,2
13501,99,101,-2,2
13502,113,109,4,4
13503,88,76,12,12
13504,88,85,3,3
13505,128,124,4,4
13506,82,88,-6,6
13507,80,72,8,8
13508,53,55,-2,2
13509,47,56,-9,9
13510,102,95,7,7
13511,97,92,5,5
13512,68,59,9,9
13513,125,110,15,15
13514,110,119,-9,9
13515,77,71,6,6
13516,127,117,10,10
13517,87,88,-1,1
13518,107,87,20,20
13519,105,116,-11,11
13520,153,139,14,14
13521,61,62,-1,1
13522,33,76,-43,43
13523,146,144,2,2
13524,100,111,-11,11
13525,170,155,15,15
13526,134,135,-1,1
13527,78,96,-18,18
13528,73,61,12,12
13529,60,61,-1,1
13530,64,60,4,4
13531,99,95,4,4
13532,80,85,-5,5
13533,65,60,5,5
13534,67,57,10,10
13535,141,126,15,15
13536,60,65,-5,5
13537,138,139,-1,1
13538,154,147,7,7
13539,58,56,2,2
13540,114,129,-15,15
13541,132,128,4,4
13542,98,94,4,4
13543,80,82,-2,2
13544,105,110,-5,5
13545,84,91,-7,7
13546,78,76,2,2
13547,154,148,6,6
13548,67,73,-6,6
13549,95,102,-7,7
13550,125,133,-8,8
13551,128,121,7,7
13552,42,58,-16,16
13553,204,177,27,27
13554,98,99,-1,1
13555,112,111,1,1
13556,132,125,7,7
13557,139,120,19,19
13558,93,90,3,3
13559,146,136,10,10
13560,56,56,0,0
13561,65,57,8,8
13562,124,115,9,9
13563,103,104,-1,1
13564,86,72,14,14
13565,60,70,-10,10
13566,98,108,-10,10
13567,80,114,-34,34
13568,89,102,-13,13
13569,148,140,8,8
13570,40,43,-3,3
13571,80,78,2,2
13572,70,81,-11,11
13573,82,66,16,16
13574,133,134,-1,1
13575,75,85,-10,10
13576,75,65,10,10
13577,120,110,10,10
13578,50,57,-7,7
13579,111,118,-7,7
13580,86,84,2,2
13581,115,121,-6,6
13582,63,54,9,9
13583,93,94,-1,1
13584,104,93,11,11
13585,153,155,-2,2
13586,51,62,-11,11
13587,128,125,3,3
13588,92,84,8,8
13589,51,58,-7,7
13590,84,86,-2,2
13591,104,108,-4,4
13592,101,89,12,12
13593,83,94,-11,11
13594,69,70,-1,1
13595,96,86,10,10
13596,83,100,-17,17
13597,54,55,-1,1
13598,83,64,19,19
13599,54,40,14,14
13600,61,58,3,3
13601,116,104,12,12
13602,113,102,11,11
13603,76,72,4,4
13604,87,78,9,9
13605,59,55,4,4
13606,141,137,4,4
13607,97,98,-1,1
13608,89,79,10,10
13609,131,136,-5,5
13610,71,74,-3,3
13611,60,53,7,7
13612,39,46,-7,7
13613,68,82,-14,14
13614,61,64,-3,3
13615,107,100,7,7
13616,95,93,2,2
13617,94,114,-20,20
13618,82,92,-10,10
13619,110,112,-2,2
13620,113,116,-3,3
13621,107,112,-5,5
13622,161,133,28,28
13623,180,158,22,22
13624,101,104,-3,3
13625,88,93,-5,5
13626,87,91,-4,4
13627,115,118,-3,3
13628,121,115,6,6
13629,139,135,4,4
13630,123,114,9,9
13631,63,51,12,12
13632,122,112,10,10
13633,68,72,-4,4
13634,110,98,12,12
13635,57,87,-30,30
13636,82,77,5,5
13637,95,100,-5,5
13638,134,129,5,5
13639,98,80,18,18
13640,128,90,38,38
13641,95,95,0,0
13642,104,122,-18,18
13643,175,159,16,16
13644,109,101,8,8
13645,164,151,13,13
13646,118,107,11,11
13647,70,86,-16,16
13648,54,66,-12,12
13649,145,142,3,3
13650,68,66,2,2
13651,82,72,10,10
13652,61,51,10,10
13653,92,88,4,4
13654,89,88,1,1
13655,96,90,6,6
13656,122,109,13,13
13657,79,77,2,2
13658,75,78,-3,3
13659,108,111,-3,3
13660,43,50,-7,7
13661,67,68,-1,1
13662,75,79,-4,4
13663,67,67,0,0
13664,88,93,-5,5
13665,55,52,3,3
13666,96,109,-13,13
13667,60,52,8,8
13668,125,110,15,15
13669,56,65,-9,9
13670,111,120,-9,9
13671,105,125,-20,20
13672,77,99,-22,22
13673,89,92,-3,3
13674,79,81,-2,2
13675,107,103,4,4
13676,124,116,8,8
13677,119,120,-1,1
13678,57,77,-20,20
13679,127,125,2,2
13680,64,69,-5,5
13681,96,103,-7,7
13682,89,74,15,15
13683,71,83,-12,12
13684,76,65,11,11
13685,110,111,-1,1
13686,120,136,-16,16
13687,98,88,10,10
13688,84,87,-3,3
13689,233,219,14,14
13690,75,69,6,6
13691,107,100,7,7
13692,76,76,0,0
13693,84,82,2,2
13694,86,85,1,1
13695,103,96,7,7
13696,106,85,21,21
13697,150,123,27,27
13698,73,79,-6,6
13699,130,137,-7,7
13700,132,117,15,15
13701,139,148,-9,9
13702,115,117,-2,2
13703,155,148,7,7
13704,75,83,-8,8
13705,70,69,1,1
13706,127,128,-1,1
13707,65,58,7,7
13708,100,113,-13,13
13709,170,159,11,11
13710,135,127,8,8
13711,75,69,6,6
13712,164,181,-17,17
13713,125,108,17,17
13714,104,123,-19,19
13715,53,56,-3,3
13716,146,151,-5,5
13717,102,84,18,18
13718,70,62,8,8
13719,54,58,-4,4
13720,108,106,2,2
13721,97,106,-9,9
13722,104,100,4,4
13723,140,147,-7,7
13724,94,89,5,5
13725,62,79,-17,17
13726,105,92,13,13
13727,48,38,10,10
13728,63,58,5,5
13729,64,55,9,9
13730,51,49,2,2
13731,63,53,10,10
13732,121,123,-2,2
13733,120,110,10,10
13734,86,81,5,5
13735,91,89,2,2
13736,55,72,-17,17
13737,98,97,1,1
13738,69,68,1,1
13739,45,48,-3,3
13740,126,139,-13,13
13741,169,162,7,7
13742,95,77,18,18
13743,106,106,0,0
13744,91,80,11,11
13745,126,119,7,7
13746,67,71,-4,4
13747,55,57,-2,2
13748,74,79,-5,5
13749,87,74,13,13
13750,87,92,-5,5
13751,83,66,17,17
13752,114,126,-12,12
13753,125,129,-4,4
13754,120,117,3,3
13755,86,75,11,11
13756,66,72,-6,6
13757,106,102,4,4
13758,62,58,4,4
13759,87,120,-33,33
13760,68,59,9,9
13761,77,82,-5,5
13762,106,107,-1,1
13763,101,95,6,6
13764,93,75,18,18
13765,63,69,-6,6
13766,53,64,-11,11
13767,116,108,8,8
13768,116,118,-2,2
13769,92,108,-16,16
13770,80,82,-2,2
13771,93,86,7,7
13772,129,125,4,4
13773,97,92,5,5
13774,51,52,-1,1
13775,98,88,10,10
13776,80,99,-19,19
13777,74,70,4,4
13778,157,150,7,7
13779,163,159,4,4
13780,62,60,2,2
13781,107,110,-3,3
13782,107,91,16,16
13783,107,109,-2,2
13784,83,70,13,13
13785,117,103,14,14
13786,94,96,-2,2
13787,65,58,7,7
13788,61,70,-9,9
13789,79,89,-10,10
13790,137,145,-8,8
13791,141,126,15,15
13792,95,92,3,3
13793,101,101,0,0
13794,95,88,7,7
13795,142,142,0,0
13796,107,89,18,18
13797,80,77,3,3
13798,91,105,-14,14
13799,71,64,7,7
13800,81,72,9,9
13801,96,82,14,14
13802,151,133,18,18
13803,75,85,-10,10
13804,69,72,-3,3
13805,70,64,6,6
13806,66,62,4,4
13807,100,103,-3,3
13808,107,104,3,3
13809,116,117,-1,1
13810,59,60,-1,1
13811,90,89,1,1
13812,60,71,-11,11
13813,55,56,-1,1
13814,66,67,-1,1
13815,90,92,-2,2
13816,80,91,-11,11
13817,151,133,18,18
13818,91,79,12,12
13819,59,70,-11,11
13820,73,77,-4,4
13821,51,60,-9,9
13822,95,100,-5,5
13823,92,85,7,7
13824,61,59,2,2
13825,80,69,11,11
13826,107,110,-3,3
13827,79,77,2,2
13828,167,159,8,8
13829,58,58,0,0
13830,104,95,9,9
13831,106,120,-14,14
13832,61,59,2,2
13833,111,114,-3,3
13834,97,122,-25,25
13835,101,99,2,2
13836,67,73,-6,6
13837,56,71,-15,15
13838,57,55,2,2
13839,82,59,23,23
13840,95,99,-4,4
13841,69,79,-10,10
13842,58,49,9,9
13843,105,101,4,4
13844,163,152,11,11
13845,61,63,-2,2
13846,90,73,17,17
13847,220,198,22,22
13848,96,82,14,14
13849,44,54,-10,10
13850,59,54,5,5
13851,60,61,-1,1
13852,64,59,5,5
13853,94,104,-10,10
13854,151,132,19,19
13855,75,68,7,7
13856,75,71,4,4
13857,79,71,8,8
13858,70,78,-8,8
13859,107,105,2,2
13860,145,145,0,0
13861,70,89,-19,19
13862,75,86,-11,11
13863,141,136,5,5
13864,66,65,1,1
13865,79,71,8,8
13866,111,98,13,13
13867,112,112,0,0
13868,125,141,-16,16
13869,121,138,-17,17
13870,108,102,6,6
13871,74,80,-6,6
13872,106,120,-14,14
13873,118,111,7,7
13874,162,146,16,16
13875,142,98,44,44
13876,65,64,1,1
13877,59,46,13,13
13878,91,81,10,10
13879,75,62,13,13
13880,125,132,-7,7
13881,146,133,13,13
13882,84,78,6,6
13883,95,86,9,9
13884,88,82,6,6
13885,95,87,8,8
13886,54,58,-4,4
13887,68,55,13,13
13888,250,201,49,49
13889,64,101,-37,37
13890,89,78,11,11
13891,63,62,1,1
13892,47,66,-19,19
13893,113,109,4,4
13894,118,96,22,22
13895,77,67,10,10
13896,175,170,5,5
13897,87,86,1,1
13898,85,80,5,5
13899,107,97,10,10
13900,77,60,17,17
13901,112,127,-15,15
13902,67,78,-11,11
13903,124,129,-5,5
13904,69,75,-6,6
13905,170,163,7,7
13906,91,70,21,21
13907,69,72,-3,3
13908,69,51,18,18
13909,102,100,2,2
13910,87,99,-12,12
13911,61,66,-5,5
13912,140,115,25,25
13913,56,84,-28,28
13914,50,49,1,1
13915,71,55,16,16
13916,46,57,-11,11
13917,102,104,-2,2
13918,72,63,9,9
13919,102,108,-6,6
13920,98,99,-1,1
13921,114,117,-3,3
13922,83,84,-1,1
13923,75,76,-1,1
13924,92,79,13,13
13925,107,108,-1,1
13926,166,156,10,10
13927,72,70,2,2
13928,43,63,-20,20
13929,98,90,8,8
13930,141,136,5,5
13931,112,103,9,9
13932,149,137,12,12
13933,17,36,-19,19
13934,63,72,-9,9
13935,127,116,11,11
13936,128,114,14,14
13937,64,68,-4,4
13938,59,58,1,1
13939,45,56,-11,11
13940,104,105,-1,1
13941,82,75,7,7
13942,52,45,7,7
13943,96,84,12,12
13944,108,111,-3,3
13945,122,130,-8,8
13946,105,104,1,1
13947,72,74,-2,2
13948,75,66,9,9
13949,111,109,2,2
13950,86,76,10,10
13951,121,121,0,0
13952,86,67,19,19
13953,66,55,11,11
13954,93,105,-12,12
13955,128,135,-7,7
13956,142,137,5,5
13957,87,73,14,14
13958,84,91,-7,7
13959,103,101,2,2
13960,113,101,12,12
13961,136,145,-9,9
13962,74,68,6,6
13963,108,120,-12,12
13964,89,83,6,6
13965,84,75,9,9
13966,98,90,8,8
13967,51,66,-15,15
13968,53,58,-5,5
13969,88,107,-19,19
13970,96,91,5,5
13971,105,118,-13,13
13972,95,86,9,9
13973,119,90,29,29
13974,79,69,10,10
13975,110,87,23,23
13976,68,58,10,10
13977,98,102,-4,4
13978,162,118,44,44
13979,124,125,-1,1
13980,54,50,4,4
13981,89,93,-4,4
13982,55,61,-6,6
13983,147,124,23,23
13984,118,106,12,12
13985,28,61,-33,33
13986,115,104,11,11
13987,87,90,-3,3
13988,129,121,8,8
13989,100,84,16,16
13990,119,112,7,7
13991,95,89,6,6
13992,130,131,-1,1
13993,57,53,4,4
13994,103,86,17,17
13995,100,99,1,1
13996,95,87,8,8
13997,61,57,4,4
13998,59,60,-1,1
13999,126,130,-4,4
14000,162,170,-8,8
14001,98,100,-2,2
14002,134,116,18,18
14003,118,111,7,7
14004,57,61,-4,4
14005,84,94,-10,10
14006,84,82,2,2
14007,120,139,-19,19
14008,163,149,14,14
14009,64,65,-1,1
14010,83,71,12,12
14011,69,77,-8,8
14012,135,76,59,59
14013,86,85,1,1
14014,60,48,12,12
14015,77,78,-1,1
14016,92,86,6,6
14017,85,72,13,13
14018,161,150,11,11
14019,126,84,42,42
14020,63,66,-3,3
14021,93,112,-19,19
14022,73,67,6,6
14023,107,98,9,9
14024,74,71,3,3
14025,73,74,-1,1
14026,108,91,17,17
14027,182,171,11,11
14028,134,117,17,17
14029,67,62,5,5
14030,91,75,16,16
14031,131,149,-18,18
14032,146,145,1,1
14033,80,78,2,2
14034,139,127,12,12
14035,188,181,7,7
14036,150,154,-4,4
14037,74,76,-2,2
14038,115,116,-1,1
14039,87,79,8,8
14040,83,79,4,4
14041,71,70,1,1
14042,95,98,-3,3
14043,110,100,10,10
14044,91,92,-1,1
14045,108,105,3,3
14046,51,44,7,7
14047,71,66,5,5
14048,50,67,-17,17
14049,66,70,-4,4
14050,56,73,-17,17
14051,108,114,-6,6
14052,114,104,10,10
14053,86,69,17,17
14054,88,86,2,2
14055,66,54,12,12
14056,111,115,-4,4
14057,53,60,-7,7
14058,94,84,10,10
14059,74,79,-5,5
14060,129,129,0,0
14061,75,75,0,0
14062,198,179,19,19
14063,76,69,7,7
14064,94,83,11,11
14065,70,68,2,2
14066,172,150,22,22
14067,61,70,-9,9
14068,80,80,0,0
14069,102,98,4,4
14070,114,111,3,3
14071,70,68,2,2
14072,75,84,-9,9
14073,112,104,8,8
14074,44,43,1,1
14075,145,169,-24,24
14076,68,89,-21,21
14077,148,142,6,6
14078,56,56,0,0
14079,81,78,3,3
14080,73,73,0,0
14081,122,131,-9,9
14082,75,76,-1,1
14083,121,124,-3,3
14084,139,140,-1,1
14085,63,57,6,6
14086,125,131,-6,6
14087,85,75,10,10
14088,112,127,-15,15
14089,114,104,10,10
14090,134,133,1,1
14091,98,114,-16,16
14092,75,88,-13,13
14093,135,114,21,21
14094,96,90,6,6
14095,102,95,7,7
14096,150,157,-7,7
14097,186,170,16,16
14098,63,71,-8,8
14099,116,108,8,8
14100,83,64,19,19
14101,110,89,21,21
14102,104,101,3,3
14103,71,70,1,1
14104,111,128,-17,17
14105,106,112,-6,6
14106,147,133,14,14
14107,67,74,-7,7
14108,212,187,25,25
14109,83,86,-3,3
14110,174,154,20,20
14111,113,129,-16,16
14112,68,79,-11,11
14113,159,155,4,4
14114,52,64,-12,12
14115,123,131,-8,8
14116,112,112,0,0
14117,69,76,-7,7
14118,61,73,-12,12
14119,63,65,-2,2
14120,70,70,0,0
14121,65,61,4,4
14122,145,133,12,12
14123,121,135,-14,14
14124,60,58,2,2
14125,187,165,22,22
14126,24,51,-27,27
14127,136,145,-9,9
14128,65,66,-1,1
14129,67,58,9,9
14130,189,165,24,24
14131,83,104,-21,21
14132,76,77,-1,1
14133,91,89,2,2
14134,74,83,-9,9
14135,55,61,-6,6
14136,107,100,7,7
14137,160,137,23,23
14138,149,135,14,14
14139,96,81,15,15
14140,88,88,0,0
14141,118,105,13,13
14142,91,98,-7,7
14143,92,88,4,4
14144,74,74,0,0
14145,118,124,-6,6
14146,81,102,-21,21
14147,95,97,-2,2
14148,68,73,-5,5
14149,132,108,24,24
14150,49,51,-2,2
14151,115,133,-18,18
14152,148,139,9,9
14153,109,126,-17,17
14154,104,86,18,18
14155,159,159,0,0
14156,83,80,3,3
14157,47,38,9,9
14158,92,79,13,13
14159,101,111,-10,10
14160,57,47,10,10
14161,40,40,0,0
14162,153,149,4,4
14163,163,148,15,15
14164,66,64,2,2
14165,90,76,14,14
14166,55,67,-12,12
14167,52,55,-3,3
14168,96,91,5,5
14169,115,111,4,4
14170,47,113,-66,66
14171,77,86,-9,9
14172,76,74,2,2
14173,115,113,2,2
14174,93,100,-7,7
14175,120,86,34,34
14176,83,104,-21,21
14177,119,120,-1,1
14178,40,45,-5,5
14179,47,43,4,4
14180,55,54,1,1
14181,96,102,-6,6
14182,88,88,0,0
14183,74,83,-9,9
14184,80,94,-14,14
14185,68,69,-1,1
14186,144,149,-5,5
14187,101,95,6,6
14188,116,120,-4,4
14189,63,64,-1,1
14190,51,44,7,7
14191,123,135,-12,12
14192,145,137,8,8
14193,107,95,12,12
14194,109,104,5,5
14195,115,121,-6,6
14196,59,50,9,9
14197,63,75,-12,12
14198,190,182,8,8
14199,69,69,0,0
14200,77,69,8,8
14201,78,88,-10,10
14202,85,91,-6,6
14203,112,93,19,19
14204,82,80,2,2
14205,150,153,-3,3
14206,72,73,-1,1
14207,105,91,14,14
14208,80,72,8,8
14209,39,41,-2,2
14210,102,118,-16,16
14211,68,65,3,3
14212,95,84,11,11
14213,24,34,-10,10
14214,50,68,-18,18
14215,66,54,12,12
14216,69,78,-9,9
14217,120,110,10,10
14218,140,116,24,24
14219,69,73,-4,4
14220,187,130,57,57
14221,107,121,-14,14
14222,67,67,0,0
14223,126,120,6,6
14224,112,123,-11,11
14225,93,103,-10,10
14226,89,91,-2,2
14227,93,100,-7,7
14228,48,58,-10,10
14229,153,151,2,2
14230,67,61,6,6
14231,48,50,-2,2
14232,58,62,-4,4
14233,179,162,17,17
14234,91,89,2,2
14235,123,124,-1,1
14236,70,104,-34,34
14237,32,28,4,4
14238,96,74,22,22
14239,53,70,-17,17
14240,99,97,2,2
14241,133,121,12,12
14242,77,86,-9,9
14243,47,144,-97,97
14244,55,53,2,2
14245,85,80,5,5
14246,135,133,2,2
14247,103,95,8,8
14248,62,67,-5,5
14249,73,77,-4,4
14250,117,124,-7,7
14251,112,89,23,23
14252,34,38,-4,4
14253,46,46,0,0
14254,68,65,3,3
14255,42,35,7,7
14256,88,100,-12,12
14257,88,83,5,5
14258,78,82,-4,4
14259,74,80,-6,6
14260,145,137,8,8
14261,144,139,5,5
14262,146,149,-3,3
14263,50,51,-1,1
14264,134,117,17,17
14265,81,76,5,5
14266,81,72,9,9
14267,64,73,-9,9
14268,134,134,0,0
14269,177,172,5,5
14270,115,114,1,1
14271,105,98,7,7
14272,142,117,25,25
14273,104,99,5,5
14274,74,76,-2,2
14275,177,152,25,25
14276,47,46,1,1
14277,127,136,-9,9
14278,186,166,20,20
14279,81,85,-4,4
14280,78,78,0,0
14281,155,141,14,14
14282,170,95,75,75
14283,97,103,-6,6
14284,94,86,8,8
14285,77,74,3,3
14286,83,80,3,3
14287,109,101,8,8
14288,92,92,0,0
14289,93,90,3,3
14290,63,90,-27,27
14291,85,82,3,3
14292,92,93,-1,1
14293,68,39,29,29
14294,111,122,-11,11
14295,181,169,12,12
14296,57,57,0,0
14297,93,96,-3,3
14298,68,87,-19,19
14299,95,98,-3,3
14300,123,110,13,13
14301,58,57,1,1
14302,159,142,17,17
14303,97,76,21,21
14304,82,74,8,8
14305,70,67,3,3
14306,87,76,11,11
14307,63,69,-6,6
14308,138,143,-5,5
14309,124,122,2,2
14310,90,88,2,2
14311,72,66,6,6
14312,82,88,-6,6
14313,102,115,-13,13
14314,149,128,21,21
14315,127,114,13,13
14316,127,112,15,15
14317,80,93,-13,13
14318,79,73,6,6
14319,126,128,-2,2
14320,160,141,19,19
14321,88,87,1,1
14322,57,46,11,11
14323,117,126,-9,9
14324,88,81,7,7
14325,117,117,0,0
14326,108,114,-6,6
14327,122,132,-10,10
14328,126,129,-3,3
14329,137,143,-6,6
14330,119,102,17,17
14331,94,91,3,3
14332,89,66,23,23
14333,65,57,8,8
14334,80,76,4,4
14335,73,70,3,3
14336,137,126,11,11
14337,112,126,-14,14
14338,93,88,5,5
14339,121,92,29,29
14340,94,97,-3,3
14341,74,81,-7,7
14342,126,130,-4,4
14343,102,86,16,16
14344,61,55,6,6
14345,107,124,-17,17
14346,187,169,18,18
14347,129,120,9,9
14348,96,93,3,3
14349,85,79,6,6
14350,89,83,6,6
14351,65,56,9,9
14352,67,72,-5,5
14353,95,89,6,6
14354,90,76,14,14
14355,70,80,-10,10
14356,51,66,-15,15
14357,67,71,-4,4
14358,105,102,3,3
14359,72,90,-18,18
14360,73,64,9,9
14361,90,87,3,3
14362,60,53,7,7
14363,125,124,1,1
14364,128,118,10,10
14365,114,117,-3,3
14366,80,100,-20,20
14367,130,119,11,11
14368,170,181,-11,11
14369,163,178,-15,15
14370,121,113,8,8
14371,65,67,-2,2
14372,110,115,-5,5
14373,86,91,-5,5
14374,136,135,1,1
14375,95,89,6,6
14376,82,75,7,7
14377,117,113,4,4
14378,122,123,-1,1
14379,61,56,5,5
14380,49,50,-1,1
14381,188,161,27,27
14382,61,59,2,2
14383,164,158,6,6
14384,64,64,0,0
14385,100,90,10,10
14386,75,69,6,6
14387,90,84,6,6
14388,83,75,8,8
14389,74,77,-3,3
14390,88,77,11,11
14391,110,97,13,13
14392,104,96,8,8
14393,61,70,-9,9
14394,80,84,-4,4
14395,121,114,7,7
14396,72,79,-7,7
14397,80,78,2,2
14398,38,38,0,0
14399,136,126,10,10
14400,85,81,4,4
14401,86,86,0,0
14402,129,127,2,2
14403,58,55,3,3
14404,73,76,-3,3
14405,135,131,4,4
14406,106,123,-17,17
14407,53,53,0,0
14408,54,65,-11,11
14409,62,78,-16,16
14410,91,86,5,5
14411,61,66,-5,5
14412,56,69,-13,13
14413,53,54,-1,1
14414,67,68,-1,1
14415,81,86,-5,5
14416,77,84,-7,7
14417,92,88,4,4
14418,181,169,12,12
14419,68,78,-10,10
14420,73,74,-1,1
14421,102,94,8,8
14422,85,80,5,5
14423,78,77,1,1
14424,85,78,7,7
14425,86,88,-2,2
14426,61,93,-32,32
14427,60,65,-5,5
14428,70,88,-18,18
14429,63,68,-5,5
14430,141,154,-13,13
14431,82,79,3,3
14432,125,112,13,13
14433,25,29,-4,4
14434,124,125,-1,1
14435,42,68,-26,26
14436,123,120,3,3
14437,50,127,-77,77
14438,94,100,-6,6
14439,175,157,18,18
14440,119,124,-5,5
14441,97,109,-12,12
14442,112,110,2,2
14443,105,111,-6,6
14444,85,75,10,10
14445,117,121,-4,4
14446,140,127,13,13
14447,117,102,15,15
14448,45,38,7,7
14449,73,75,-2,2
14450,71,83,-12,12
14451,41,45,-4,4
14452,134,128,6,6
14453,102,111,-9,9
14454,69,64,5,5
14455,98,103,-5,5
14456,113,104,9,9
14457,90,84,6,6
14458,67,68,-1,1
14459,83,87,-4,4
14460,64,65,-1,1
14461,192,138,54,54
14462,93,80,13,13
14463,111,118,-7,7
14464,122,122,0,0
14465,89,100,-11,11
14466,77,97,-20,20
14467,66,61,5,5
14468,57,60,-3,3
14469,84,90,-6,6
14470,90,86,4,4
14471,103,104,-1,1
14472,144,144,0,0
14473,120,101,19,19
14474,105,91,14,14
14475,121,134,-13,13
14476,51,107,-56,56
14477,91,82,9,9
14478,73,77,-4,4
14479,60,58,2,2
14480,50,48,2,2
14481,94,102,-8,8
14482,107,103,4,4
14483,62,47,15,15
14484,77,74,3,3
14485,109,96,13,13
14486,113,111,2,2
14487,95,81,14,14
14488,153,157,-4,4
14489,146,137,9,9
14490,75,72,3,3
14491,97,104,-7,7
14492,96,103,-7,7
14493,112,133,-21,21
14494,93,98,-5,5
14495,88,88,0,0
14496,143,131,12,12
14497,131,136,-5,5
14498,92,94,-2,2
14499,77,69,8,8
14500,94,83,11,11
14501,60,65,-5,5
14502,70,66,4,4
14503,73,80,-7,7
14504,115,107,8,8
14505,111,110,1,1
14506,41,44,-3,3
14507,49,61,-12,12
14508,141,150,-9,9
14509,85,75,10,10
14510,89,79,10,10
14511,84,75,9,9
14512,102,102,0,0
14513,100,106,-6,6
14514,72,69,3,3
14515,99,91,8,8
14516,68,62,6,6
14517,63,59,4,4
14518,156,169,-13,13
14519,113,102,11,11
14520,109,99,10,10
14521,141,137,4,4
14522,173,156,17,17
14523,95,103,-8,8
14524,89,95,-6,6
14525,103,98,5,5
14526,71,69,2,2
14527,81,70,11,11
14528,93,96,-3,3
14529,138,119,19,19
14530,94,76,18,18
14531,168,112,56,56
14532,56,59,-3,3
14533,70,61,9,9
14534,143,130,13,13
14535,115,111,4,4
14536,78,65,13,13
14537,71,84,-13,13
14538,61,61,0,0
14539,174,161,13,13
14540,136,141,-5,5
14541,137,133,4,4
14542,64,55,9,9
14543,98,76,22,22
14544,61,66,-5,5
14545,79,83,-4,4
14546,58,61,-3,3
14547,88,88,0,0
14548,83,80,3,3
14549,58,67,-9,9
14550,113,81,32,32
14551,65,51,14,14
14552,98,106,-8,8
14553,98,85,13,13
14554,119,107,12,12
14555,81,81,0,0
14556,107,104,3,3
14557,69,61,8,8
14558,102,105,-3,3
14559,64,70,-6,6
14560,92,107,-15,15
14561,91,83,8,8
14562,76,61,15,15
14563,120,112,8,8
14564,131,125,6,6
14565,73,68,5,5
14566,113,101,12,12
14567,46,61,-15,15
14568,31,32,-1,1
14569,86,24,62,62
14570,124,137,-13,13
14571,69,64,5,5
14572,103,89,14,14
14573,78,76,2,2
14574,85,79,6,6
14575,43,46,-3,3
14576,102,100,2,2
14577,64,70,-6,6
14578,112,124,-12,12
14579,104,98,6,6
14580,116,129,-13,13
14581,72,67,5,5
14582,86,94,-8,8
14583,45,57,-12,12
14584,90,98,-8,8
14585,204,183,21,21
14586,38,43,-5,5
14587,95,75,20,20
14588,102,109,-7,7
14589,193,184,9,9
14590,130,121,9,9
14591,47,52,-5,5
14592,132,139,-7,7
14593,176,137,39,39
14594,67,77,-10,10
14595,100,99,1,1
14596,73,64,9,9
14597,44,47,-3,3
14598,65,66,-1,1
14599,34,52,-18,18
14600,56,61,-5,5
14601,87,87,0,0
14602,87,110,-23,23
14603,44,57,-13,13
14604,115,109,6,6
14605,82,79,3,3
14606,134,128,6,6
14607,161,159,2,2
14608,61,56,5,5
14609,150,141,9,9
14610,106,97,9,9
14611,68,70,-2,2
14612,106,97,9,9
14613,96,91,5,5
14614,142,143,-1,1
14615,74,63,11,11
14616,47,54,-7,7
14617,130,140,-10,10
14618,121,123,-2,2
14619,104,104,0,0
14620,79,79,0,0
14621,85,69,16,16
14622,92,86,6,6
14623,52,92,-40,40
14624,144,173,-29,29
14625,92,86,6,6
14626,58,44,14,14
14627,116,127,-11,11
14628,71,74,-3,3
14629,65,61,4,4
14630,86,59,27,27
14631,51,58,-7,7
14632,51,51,0,0
14633,169,160,9,9
14634,117,129,-12,12
14635,94,92,2,2
14636,77,73,4,4
14637,61,67,-6,6
14638,64,56,8,8
14639,38,41,-3,3
14640,54,53,1,1
14641,70,64,6,6
14642,77,83,-6,6
14643,127,118,9,9
14644,58,57,1,1
14645,84,71,13,13
14646,89,101,-12,12
14647,52,45,7,7
14648,73,71,2,2
14649,64,70,-6,6
14650,53,65,-12,12
14651,112,115,-3,3
14652,92,93,-1,1
14653,90,95,-5,5
14654,72,66,6,6
14655,99,108,-9,9
14656,84,74,10,10
14657,90,95,-5,5
14658,135,141,-6,6
14659,91,83,8,8
14660,81,86,-5,5
14661,119,110,9,9
14662,70,68,2,2
14663,62,57,5,5
14664,80,79,1,1
14665,69,67,2,2
14666,107,121,-14,14
14667,145,137,8,8
14668,137,130,7,7
14669,94,98,-4,4
14670,158,147,11,11
14671,174,152,22,22
14672,100,98,2,2
14673,141,125,16,16
14674,131,121,10,10
14675,168,168,0,0
14676,98,89,9,9
14677,116,133,-17,17
14678,101,84,17,17
14679,89,83,6,6
14680,119,109,10,10
14681,139,145,-6,6
14682,25,28,-3,3
14683,106,107,-1,1
14684,161,166,-5,5
14685,123,117,6,6
14686,87,90,-3,3
14687,58,66,-8,8
14688,62,66,-4,4
14689,89,80,9,9
14690,81,75,6,6
14691,70,61,9,9
14692,78,80,-2,2
14693,163,149,14,14
14694,46,69,-23,23
14695,57,58,-1,1
14696,108,99,9,9
14697,148,101,47,47
14698,74,67,7,7
14699,54,68,-14,14
14700,64,71,-7,7
14701,162,152,10,10
14702,124,120,4,4
14703,75,75,0,0
14704,76,71,5,5
14705,81,91,-10,10
14706,56,57,-1,1
14707,90,75,15,15
14708,70,71,-1,1
14709,66,77,-11,11
14710,75,82,-7,7
14711,95,111,-16,16
14712,123,124,-1,1
14713,125,107,18,18
14714,44,45,-1,1
14715,141,154,-13,13
14716,53,59,-6,6
14717,97,96,1,1
14718,100,108,-8,8
14719,78,99,-21,21
14720,199,189,10,10
14721,124,114,10,10
14722,56,74,-18,18
14723,62,58,4,4
14724,109,110,-1,1
14725,149,132,17,17
14726,101,107,-6,6
14727,129,121,8,8
14728,138,114,24,24
14729,118,132,-14,14
14730,151,155,-4,4
14731,58,59,-1,1
14732,148,153,-5,5
14733,89,92,-3,3
14734,93,99,-6,6
14735,111,80,31,31
14736,131,132,-1,1
14737,106,107,-1,1
14738,123,128,-5,5
14739,119,145,-26,26
14740,106,103,3,3
14741,121,118,3,3
14742,74,66,8,8
14743,94,102,-8,8
14744,83,74,9,9
14745,159,153,6,6
14746,126,121,5,5
14747,71,73,-2,2
14748,52,38,14,14
14749,139,138,1,1
14750,98,92,6,6
14751,94,95,-1,1
14752,58,58,0,0
14753,126,138,-12,12
14754,65,67,-2,2
14755,98,93,5,5
14756,170,159,11,11
14757,71,77,-6,6
14758,63,87,-24,24
14759,74,79,-5,5
14760,119,113,6,6
14761,73,91,-18,18
14762,88,94,-6,6
14763,96,96,0,0
14764,125,130,-5,5
14765,119,117,2,2
14766,88,87,1,1
14767,98,96,2,2
14768,103,119,-16,16
14769,95,92,3,3
14770,80,78,2,2
14771,88,83,5,5
14772,50,46,4,4
14773,81,68,13,13
14774,72,69,3,3
14775,56,36,20,20
14776,54,63,-9,9
14777,70,75,-5,5
14778,92,79,13,13
14779,79,78,1,1
14780,64,59,5,5
14781,121,99,22,22
14782,55,51,4,4
14783,110,113,-3,3
14784,142,146,-4,4
14785,160,152,8,8
14786,61,66,-5,5
14787,59,49,10,10
14788,102,108,-6,6
14789,95,86,9,9
14790,62,71,-9,9
14791,142,153,-11,11
14792,91,92,-1,1
14793,114,103,11,11
14794,54,46,8,8
14795,93,104,-11,11
14796,96,87,9,9
14797,75,75,0,0
14798,95,97,-2,2
14799,59,62,-3,3
14800,87,74,13,13
14801,121,108,13,13
14802,85,95,-10,10
14803,74,76,-2,2
14804,94,91,3,3
14805,117,108,9,9
14806,136,134,2,2
14807,51,65,-14,14
14808,143,129,14,14
14809,110,116,-6,6
14810,112,107,5,5
14811,59,55,4,4
14812,69,58,11,11
14813,92,98,-6,6
14814,92,109,-17,17
14815,125,115,10,10
14816,93,91,2,2
14817,94,79,15,15
14818,183,168,15,15
14819,158,161,-3,3
14820,126,126,0,0
14821,201,154,47,47
14822,96,77,19,19
14823,69,77,-8,8
14824,112,115,-3,3
14825,60,58,2,2
14826,81,75,6,6
14827,229,192,37,37
14828,81,82,-1,1
14829,49,60,-11,11
14830,98,88,10,10
14831,104,96,8,8
14832,117,100,17,17
14833,91,88,3,3
14834,96,90,6,6
14835,82,79,3,3
14836,193,139,54,54
14837,75,77,-2,2
14838,101,100,1,1
14839,128,107,21,21
14840,103,106,-3,3
14841,84,81,3,3
14842,162,153,9,9
14843,117,110,7,7
14844,104,120,-16,16
14845,85,94,-9,9
14846,90,91,-1,1
14847,67,64,3,3
14848,91,73,18,18
14849,152,167,-15,15
14850,60,49,11,11
14851,107,103,4,4
14852,114,125,-11,11
14853,95,97,-2,2
14854,85,81,4,4
14855,72,84,-12,12
14856,66,106,-40,40
14857,81,81,0,0
14858,112,124,-12,12
14859,39,46,-7,7
14860,125,140,-15,15
14861,67,58,9,9
14862,103,103,0,0
14863,44,87,-43,43
14864,52,55,-3,3
14865,58,51,7,7
14866,105,109,-4,4
14867,55,62,-7,7
14868,107,135,-28,28
14869,102,107,-5,5
14870,61,87,-26,26
14871,129,141,-12,12
14872,72,62,10,10
14873,144,134,10,10
14874,67,68,-1,1
14875,131,121,10,10
14876,59,62,-3,3
14877,142,140,2,2
14878,80,87,-7,7
14879,95,89,6,6
14880,62,65,-3,3
14881,99,106,-7,7
14882,69,78,-9,9
14883,36,40,-4,4
14884,53,53,0,0
14885,174,154,20,20
14886,120,119,1,1
14887,60,66,-6,6
14888,44,49,-5,5
14889,104,103,1,1
14890,70,68,2,2
14891,80,77,3,3
14892,72,68,4,4
14893,114,111,3,3
14894,110,105,5,5
14895,69,58,11,11
14896,108,95,13,13
14897,136,140,-4,4
14898,62,55,7,7
14899,170,165,5,5
14900,109,103,6,6
14901,85,85,0,0
14902,93,83,10,10
14903,117,121,-4,4
14904,102,84,18,18
14905,123,109,14,14
14906,91,111,-20,20
14907,65,66,-1,1
14908,52,60,-8,8
14909,139,121,18,18
14910,88,83,5,5
14911,67,77,-10,10
14912,143,140,3,3
14913,153,155,-2,2
14914,65,69,-4,4
14915,84,89,-5,5
14916,101,110,-9,9
14917,90,116,-26,26
14918,75,66,9,9
14919,95,92,3,3
14920,197,146,51,51
14921,60,57,3,3
14922,152,151,1,1
14923,69,64,5,5
14924,79,84,-5,5
14925,63,110,-47,47
14926,114,111,3,3
14927,94,83,11,11
14928,107,104,3,3
14929,94,102,-8,8
14930,68,68,0,0
14931,95,97,-2,2
14932,123,114,9,9
14933,81,84,-3,3
14934,141,128,13,13
14935,78,81,-3,3
14936,100,104,-4,4
14937,120,120,0,0
14938,36,22,14,14
14939,81,90,-9,9
14940,118,97,21,21
14941,122,121,1,1
14942,80,72,8,8
14943,130,119,11,11
14944,44,47,-3,3
14945,170,165,5,5
14946,74,110,-36,36
14947,66,67,-1,1
14948,192,195,-3,3
14949,84,87,-3,3
14950,116,144,-28,28
14951,81,79,2,2
14952,43,43,0,0
14953,69,63,6,6
14954,63,59,4,4
14955,94,87,7,7
14956,84,80,4,4
14957,56,55,1,1
14958,106,111,-5,5
14959,152,130,22,22
14960,92,82,10,10
14961,68,66,2,2
14962,87,89,-2,2
14963,88,94,-6,6
14964,78,74,4,4
14965,64,67,-3,3
14966,147,148,-1,1
14967,57,50,7,7
14968,81,90,-9,9
14969,59,58,1,1
14970,70,69,1,1
14971,87,92,-5,5
14972,90,70,20,20
14973,87,85,2,2
14974,49,52,-3,3
14975,160,148,12,12
14976,131,119,12,12
14977,83,89,-6,6
14978,44,54,-10,10
14979,44,48,-4,4
14980,52,102,-50,50
14981,102,112,-10,10
14982,69,71,-2,2
14983,99,87,12,12
14984,81,82,-1,1
14985,91,103,-12,12
14986,87,78,9,9
14987,57,56,1,1
14988,82,82,0,0
14989,56,54,2,2
14990,76,79,-3,3
14991,79,89,-10,10
14992,78,68,10,10
14993,121,110,11,11
14994,119,104,15,15
14995,68,75,-7,7
14996,146,140,6,6
14997,106,88,18,18
14998,132,119,13,13
14999,47,54,-7,7
15000,70,64,6,6
15001,114,98,16,16
15002,71,58,13,13
15003,85,104,-19,19
15004,132,136,-4,4
15005,33,43,-10,10
15006,16,22,-6,6
15007,68,68,0,0
15008,62,59,3,3
15009,84,89,-5,5
15010,50,45,5,5
15011,91,89,2,2
15012,116,130,-14,14
15013,97,90,7,7
15014,126,127,-1,1
15015,102,103,-1,1
15016,111,97,14,14
15017,113,107,6,6
15018,149,137,12,12
15019,87,83,4,4
15020,120,99,21,21
15021,124,125,-1,1
15022,145,142,3,3
15023,78,73,5,5
15024,158,154,4,4
15025,47,56,-9,9
15026,228,174,54,54
15027,86,92,-6,6
15028,97,89,8,8
15029,105,95,10,10
15030,59,73,-14,14
15031,134,93,41,41
15032,122,115,7,7
15033,116,129,-13,13
15034,72,72,0,0
15035,95,103,-8,8
15036,48,48,0,0
15037,71,75,-4,4
15038,164,164,0,0
15039,80,70,10,10
15040,96,90,6,6
15041,133,137,-4,4
15042,121,122,-1,1
15043,122,127,-5,5
15044,99,90,9,9
15045,96,77,19,19
15046,41,44,-3,3
15047,157,130,27,27
15048,104,82,22,22
15049,65,68,-3,3
15050,103,105,-2,2
15051,118,110,8,8
15052,99,96,3,3
15053,126,112,14,14
15054,106,106,0,0
15055,55,50,5,5
15056,75,72,3,3
15057,69,70,-1,1
15058,107,108,-1,1
15059,122,116,6,6
15060,63,67,-4,4
15061,107,110,-3,3
15062,96,113,-17,17
15063,62,67,-5,5
15064,72,67,5,5
15065,152,138,14,14
15066,65,64,1,1
15067,78,76,2,2
15068,115,111,4,4
15069,113,101,12,12
15070,113,119,-6,6
15071,105,104,1,1
15072,116,116,0,0
15073,158,155,3,3
15074,57,52,5,5
15075,141,149,-8,8
15076,82,79,3,3
15077,106,109,-3,3
15078,96,82,14,14
15079,104,103,1,1
15080,98,82,16,16
15081,83,98,-15,15
15082,138,143,-5,5
15083,148,141,7,7
15084,71,68,3,3
15085,90,94,-4,4
15086,134,123,11,11
15087,129,126,3,3
15088,127,115,12,12
15089,77,70,7,7
15090,69,76,-7,7
15091,102,99,3,3
15092,69,75,-6,6
15093,65,69,-4,4
15094,102,116,-14,14
15095,56,61,-5,5
15096,123,118,5,5
15097,73,70,3,3
15098,61,69,-8,8
15099,102,110,-8,8
15100,98,102,-4,4
15101,80,85,-5,5
15102,85,90,-5,5
15103,61,39,22,22
15104,127,133,-6,6
15105,68,61,7,7
15106,127,142,-15,15
15107,71,68,3,3
15108,71,49,22,22
15109,149,137,12,12
15110,91,83,8,8
15111,98,98,0,0
15112,51,55,-4,4
15113,90,84,6,6
15114,105,116,-11,11
15115,84,85,-1,1
15116,98,94,4,4
15117,188,190,-2,2
15118,57,48,9,9
15119,135,115,20,20
15120,107,118,-11,11
15121,166,155,11,11
15122,102,86,16,16
15123,162,164,-2,2
15124,74,64,10,10
15125,81,94,-13,13
15126,58,54,4,4
15127,93,72,21,21
15128,67,65,2,2
15129,136,147,-11,11
15130,122,136,-14,14
15131,114,121,-7,7
15132,66,61,5,5
15133,121,110,11,11
15134,82,82,0,0
15135,110,102,8,8
15136,63,69,-6,6
15137,108,109,-1,1
15138,77,74,3,3
15139,86,77,9,9
15140,74,73,1,1
15141,101,91,10,10
15142,114,127,-13,13
15143,105,98,7,7
15144,106,103,3,3
15145,83,73,10,10
15146,169,158,11,11
15147,71,70,1,1
15148,87,98,-11,11
15149,67,75,-8,8
15150,86,105,-19,19
15151,244,219,25,25
15152,96,70,26,26
15153,136,133,3,3
15154,64,58,6,6
15155,131,147,-16,16
15156,142,142,0,0
15157,63,75,-12,12
15158,56,65,-9,9
15159,65,64,1,1
15160,116,112,4,4
15161,57,44,13,13
15162,109,116,-7,7
15163,114,128,-14,14
15164,68,63,5,5
15165,114,95,19,19
15166,64,89,-25,25
15167,112,113,-1,1
15168,47,58,-11,11
15169,66,65,1,1
15170,81,82,-1,1
15171,127,124,3,3
15172,109,128,-19,19
15173,72,69,3,3
15174,94,103,-9,9
15175,46,59,-13,13
15176,113,94,19,19
15177,70,76,-6,6
15178,80,80,0,0
15179,64,63,1,1
15180,113,118,-5,5
15181,56,63,-7,7
15182,112,101,11,11
15183,50,54,-4,4
15184,101,97,4,4
15185,173,165,8,8
15186,57,60,-3,3
15187,104,100,4,4
15188,90,88,2,2
15189,76,70,6,6
15190,94,84,10,10
15191,105,118,-13,13
15192,121,125,-4,4
15193,126,131,-5,5
15194,127,113,14,14
15195,116,115,1,1
15196,88,71,17,17
15197,62,62,0,0
15198,190,178,12,12
15199,91,92,-1,1
15200,68,78,-10,10
15201,102,92,10,10
15202,150,118,32,32
15203,85,80,5,5
15204,45,62,-17,17
15205,106,114,-8,8
15206,64,63,1,1
15207,152,154,-2,2
15208,124,134,-10,10
15209,77,77,0,0
15210,80,84,-4,4
15211,68,59,9,9
15212,131,137,-6,6
15213,141,135,6,6
15214,138,124,14,14
15215,139,142,-3,3
15216,54,56,-2,2
15217,81,79,2,2
15218,131,120,11,11
15219,105,108,-3,3
15220,88,75,13,13
15221,97,96,1,1
15222,132,121,11,11
15223,80,84,-4,4
15224,83,83,0,0
15225,56,57,-1,1
15226,68,78,-10,10
15227,88,81,7,7
15228,101,103,-2,2
15229,123,110,13,13
15230,123,130,-7,7
15231,56,71,-15,15
15232,139,141,-2,2
15233,102,99,3,3
15234,53,51,2,2
15235,145,151,-6,6
15236,94,93,1,1
15237,126,123,3,3
15238,92,81,11,11
15239,82,72,10,10
15240,74,83,-9,9
15241,165,151,14,14
15242,99,99,0,0
15243,139,127,12,12
15244,84,70,14,14
15245,85,84,1,1
15246,63,74,-11,11
15247,174,156,18,18
15248,127,135,-8,8
15249,93,97,-4,4
15250,106,103,3,3
15251,108,139,-31,31
15252,93,96,-3,3
15253,98,79,19,19
15254,91,94,-3,3
15255,68,60,8,8
15256,98,99,-1,1
15257,264,199,65,65
15258,105,81,24,24
15259,71,77,-6,6
15260,57,65,-8,8
15261,99,92,7,7
15262,87,77,10,10
15263,109,107,2,2
15264,132,135,-3,3
15265,66,71,-5,5
15266,99,91,8,8
15267,70,72,-2,2
15268,111,102,9,9
15269,124,130,-6,6
15270,53,60,-7,7
15271,113,99,14,14
15272,69,58,11,11
15273,69,70,-1,1
15274,80,73,7,7
15275,87,90,-3,3
15276,117,109,8,8
15277,105,93,12,12
15278,64,48,16,16
15279,41,70,-29,29
15280,60,58,2,2
15281,93,85,8,8
15282,74,65,9,9
15283,100,95,5,5
15284,75,66,9,9
15285,117,102,15,15
15286,129,135,-6,6
15287,145,140,5,5
15288,102,108,-6,6
15289,147,154,-7,7
15290,55,68,-13,13
15291,91,89,2,2
15292,46,59,-13,13
15293,211,182,29,29
15294,125,128,-3,3
15295,76,76,0,0
15296,84,80,4,4
15297,104,110,-6,6
15298,62,64,-2,2
15299,77,98,-21,21
15300,100,97,3,3
15301,83,90,-7,7
15302,90,93,-3,3
15303,181,153,28,28
15304,132,143,-11,11
15305,88,82,6,6
15306,85,87,-2,2
15307,69,73,-4,4
15308,59,65,-6,6
15309,42,38,4,4
15310,138,134,4,4
15311,75,73,2,2
15312,116,105,11,11
15313,76,101,-25,25
15314,85,79,6,6
15315,60,60,0,0
15316,101,90,11,11
15317,117,131,-14,14
15318,73,80,-7,7
15319,65,111,-46,46
15320,136,147,-11,11
15321,40,50,-10,10
15322,61,70,-9,9
15323,138,145,-7,7
15324,55,53,2,2
15325,87,87,0,0
15326,60,53,7,7
15327,42,35,7,7
15328,184,180,4,4
15329,136,133,3,3
15330,46,53,-7,7
15331,157,111,46,46
15332,99,97,2,2
15333,64,62,2,2
15334,95,97,-2,2
15335,138,135,3,3
15336,63,63,0,0
15337,72,48,24,24
15338,52,60,-8,8
15339,90,81,9,9
15340,78,83,-5,5
15341,97,104,-7,7
15342,118,113,5,5
15343,89,90,-1,1
15344,55,48,7,7
15345,109,95,14,14
15346,64,68,-4,4
15347,103,91,12,12
15348,96,94,2,2
15349,101,106,-5,5
15350,130,119,11,11
15351,67,80,-13,13
15352,65,69,-4,4
15353,80,77,3,3
15354,90,77,13,13
15355,86,71,15,15
15356,62,63,-1,1
15357,162,160,2,2
15358,107,120,-13,13
15359,42,38,4,4
15360,104,102,2,2
15361,125,118,7,7
15362,93,99,-6,6
15363,163,175,-12,12
15364,42,57,-15,15
15365,127,126,1,1
15366,94,103,-9,9
15367,88,83,5,5
15368,147,145,2,2
15369,155,148,7,7
15370,107,88,19,19
15371,65,65,0,0
15372,94,103,-9,9
15373,77,84,-7,7
15374,128,138,-10,10
15375,70,81,-11,11
15376,51,56,-5,5
15377,101,106,-5,5
15378,108,88,20,20
15379,169,168,1,1
15380,56,55,1,1
15381,114,83,31,31
15382,129,140,-11,11
15383,98,93,5,5
15384,62,114,-52,52
15385,52,46,6,6
15386,125,93,32,32
15387,123,112,11,11
15388,107,103,4,4
15389,100,101,-1,1
15390,153,158,-5,5
15391,81,92,-11,11
15392,82,77,5,5
15393,97,101,-4,4
15394,28,49,-21,21
15395,123,130,-7,7
15396,66,73,-7,7
15397,91,89,2,2
15398,95,100,-5,5
15399,66,70,-4,4
15400,105,109,-4,4
15401,64,67,-3,3
15402,106,99,7,7
15403,136,122,14,14
15404,87,88,-1,1
15405,71,66,5,5
15406,116,117,-1,1
15407,88,96,-8,8
15408,53,57,-4,4
15409,126,109,17,17
15410,144,131,13,13
15411,74,76,-2,2
15412,63,62,1,1
15413,72,74,-2,2
15414,73,77,-4,4
15415,76,77,-1,1
15416,88,84,4,4
15417,78,93,-15,15
15418,103,95,8,8
15419,76,65,11,11
15420,41,83,-42,42
15421,231,204,27,27
15422,134,126,8,8
15423,126,107,19,19
15424,138,140,-2,2
15425,103,113,-10,10
15426,90,91,-1,1
15427,73,69,4,4
15428,63,64,-1,1
15429,81,92,-11,11
15430,120,111,9,9
15431,92,109,-17,17
15432,100,95,5,5
15433,51,52,-1,1
15434,116,114,2,2
15435,97,100,-3,3
15436,87,71,16,16
15437,138,127,11,11
15438,52,62,-10,10
15439,36,39,-3,3
15440,167,169,-2,2
15441,80,100,-20,20
15442,117,102,15,15
15443,91,80,11,11
15444,163,161,2,2
15445,112,123,-11,11
15446,75,82,-7,7
15447,119,107,12,12
15448,61,72,-11,11
15449,71,67,4,4
15450,117,117,0,0
15451,115,141,-26,26
15452,99,106,-7,7
15453,125,126,-1,1
15454,100,94,6,6
15455,153,140,13,13
15456,146,150,-4,4
15457,157,144,13,13
15458,104,110,-6,6
15459,130,118,12,12
15460,137,146,-9,9
15461,105,113,-8,8
15462,101,87,14,14
15463,110,109,1,1
15464,97,83,14,14
15465,87,64,23,23
15466,107,110,-3,3
15467,87,90,-3,3
15468,90,70,20,20
15469,90,96,-6,6
15470,118,116,2,2
15471,57,64,-7,7
15472,108,110,-2,2
15473,51,64,-13,13
15474,56,98,-42,42
15475,53,68,-15,15
15476,55,64,-9,9
15477,68,79,-11,11
15478,61,62,-1,1
15479,142,132,10,10
15480,83,98,-15,15
15481,56,65,-9,9
15482,60,70,-10,10
15483,59,67,-8,8
15484,119,120,-1,1
15485,60,75,-15,15
15486,60,61,-1,1
15487,106,97,9,9
15488,78,87,-9,9
15489,83,76,7,7
15490,63,62,1,1
15491,147,169,-22,22
15492,182,165,17,17
15493,129,125,4,4
15494,97,103,-6,6
15495,115,110,5,5
15496,105,121,-16,16
15497,102,126,-24,24
15498,127,126,1,1
15499,157,155,2,2
15500,84,78,6,6
15501,152,136,16,16
15502,74,78,-4,4
15503,79,71,8,8
15504,123,139,-16,16
15505,135,129,6,6
15506,82,77,5,5
15507,111,110,1,1
15508,62,85,-23,23
15509,59,60,-1,1
15510,77,89,-12,12
15511,63,68,-5,5
15512,81,85,-4,4
15513,56,50,6,6
15514,69,74,-5,5
15515,65,65,0,0
15516,82,76,6,6
15517,91,108,-17,17
15518,190,164,26,26
15519,185,174,11,11
15520,131,119,12,12
15521,65,64,1,1
15522,158,146,12,12
15523,144,158,-14,14
15524,73,78,-5,5
15525,80,121,-41,41
15526,152,136,16,16
15527,62,77,-15,15
15528,64,71,-7,7
15529,65,71,-6,6
15530,146,146,0,0
15531,124,125,-1,1
15532,108,98,10,10
15533,131,139,-8,8
15534,107,112,-5,5
15535,104,105,-1,1
15536,78,70,8,8
15537,115,133,-18,18
15538,159,154,5,5
15539,103,100,3,3
15540,101,109,-8,8
15541,63,53,10,10
15542,160,157,3,3
15543,61,68,-7,7
15544,60,56,4,4
15545,130,146,-16,16
15546,96,88,8,8
15547,84,83,1,1
15548,93,82,11,11
15549,110,111,-1,1
15550,66,58,8,8
15551,77,68,9,9
15552,103,104,-1,1
15553,78,77,1,1
15554,147,146,1,1
15555,87,90,-3,3
15556,84,75,9,9
15557,83,71,12,12
15558,69,60,9,9
15559,180,175,5,5
15560,140,142,-2,2
15561,57,55,2,2
15562,120,111,9,9
15563,62,61,1,1
15564,79,73,6,6
15565,127,124,3,3
15566,64,67,-3,3
15567,81,69,12,12
15568,100,94,6,6
15569,118,123,-5,5
15570,85,68,17,17
15571,77,85,-8,8
15572,104,95,9,9
15573,72,59,13,13
15574,101,90,11,11
15575,95,93,2,2
15576,98,99,-1,1
15577,62,63,-1,1
15578,98,86,12,12
15579,113,129,-16,16
15580,62,55,7,7
15581,52,68,-16,16
15582,112,106,6,6
15583,80,88,-8,8
15584,106,113,-7,7
15585,63,63,0,0
15586,49,66,-17,17
15587,72,73,-1,1
15588,117,97,20,20
15589,116,109,7,7
15590,94,81,13,13
15591,95,90,5,5
15592,83,90,-7,7
15593,119,117,2,2
15594,106,119,-13,13
15595,92,86,6,6
15596,70,86,-16,16
15597,133,121,12,12
15598,64,68,-4,4
15599,169,158,11,11
15600,93,86,7,7
15601,102,111,-9,9
15602,87,92,-5,5
15603,71,79,-8,8
15604,62,63,-1,1
15605,59,56,3,3
15606,85,86,-1,1
15607,72,75,-3,3
15608,50,58,-8,8
15609,92,84,8,8
15610,127,120,7,7
15611,57,54,3,3
15612,107,103,4,4
15613,65,53,12,12
15614,82,90,-8,8
15615,81,90,-9,9
15616,98,89,9,9
15617,82,75,7,7
15618,110,103,7,7
15619,166,162,4,4
15620,107,96,11,11
15621,50,60,-10,10
15622,148,135,13,13
15623,70,71,-1,1
15624,100,86,14,14
15625,108,104,4,4
15626,113,109,4,4
15627,53,53,0,0
15628,126,132,-6,6
15629,72,62,10,10
15630,197,193,4,4
15631,47,44,3,3
15632,89,79,10,10
15633,143,131,12,12
15634,119,126,-7,7
15635,76,85,-9,9
15636,73,76,-3,3
15637,68,72,-4,4
15638,111,102,9,9
15639,121,109,12,12
15640,92,91,1,1
15641,113,103,10,10
15642,98,96,2,2
15643,152,155,-3,3
15644,80,82,-2,2
15645,82,75,7,7
15646,128,119,9,9
15647,49,56,-7,7
15648,128,134,-6,6
15649,63,53,10,10
15650,52,46,6,6
15651,89,84,5,5
15652,68,53,15,15
15653,109,111,-2,2
15654,83,76,7,7
15655,97,94,3,3
15656,73,71,2,2
15657,75,67,8,8
15658,127,114,13,13
15659,52,79,-27,27
15660,69,48,21,21
15661,152,135,17,17
15662,87,110,-23,23
15663,130,115,15,15
15664,72,82,-10,10
15665,114,114,0,0
15666,75,48,27,27
15667,136,138,-2,2
15668,77,70,7,7
15669,88,89,-1,1
15670,64,67,-3,3
15671,90,76,14,14
15672,174,173,1,1
15673,57,67,-10,10
15674,56,58,-2,2
15675,78,76,2,2
15676,81,68,13,13
15677,67,75,-8,8
15678,123,118,5,5
15679,146,138,8,8
15680,123,130,-7,7
15681,98,95,3,3
15682,61,63,-2,2
15683,109,116,-7,7
15684,76,81,-5,5
15685,121,123,-2,2
15686,81,79,2,2
15687,38,61,-23,23
15688,70,78,-8,8
15689,83,75,8,8
15690,100,107,-7,7
15691,79,90,-11,11
15692,98,105,-7,7
15693,79,71,8,8
15694,196,175,21,21
15695,137,133,4,4
15696,67,76,-9,9
15697,87,85,2,2
15698,79,76,3,3
15699,84,88,-4,4
15700,104,110,-6,6
15701,105,110,-5,5
15702,113,106,7,7
15703,54,57,-3,3
15704,77,86,-9,9
15705,124,125,-1,1
15706,103,103,0,0
15707,175,151,24,24
15708,67,53,14,14
15709,86,86,0,0
15710,65,69,-4,4
15711,74,83,-9,9
15712,85,82,3,3
15713,77,84,-7,7
15714,94,95,-1,1
15715,163,145,18,18
15716,107,103,4,4
15717,126,116,10,10
15718,97,87,10,10
15719,80,75,5,5
15720,150,141,9,9
15721,67,70,-3,3
15722,120,107,13,13
15723,86,100,-14,14
15724,80,72,8,8
15725,79,75,4,4
15726,98,89,9,9
15727,100,110,-10,10
15728,105,122,-17,17
15729,140,163,-23,23
15730,110,102,8,8
15731,101,92,9,9
15732,50,45,5,5
15733,132,131,1,1
15734,160,157,3,3
15735,119,112,7,7
15736,94,81,13,13
15737,83,71,12,12
15738,92,90,2,2
15739,76,50,26,26
15740,103,91,12,12
15741,93,91,2,2
15742,67,69,-2,2
15743,104,122,-18,18
15744,123,123,0,0
15745,90,82,8,8
15746,75,79,-4,4
15747,120,132,-12,12
15748,66,56,10,10
15749,106,104,2,2
15750,120,115,5,5
15751,98,77,21,21
15752,105,110,-5,5
15753,97,105,-8,8
15754,101,93,8,8
15755,80,84,-4,4
15756,87,75,12,12
15757,68,60,8,8
15758,160,156,4,4
15759,77,76,1,1
15760,65,75,-10,10
15761,90,87,3,3
15762,34,50,-16,16
15763,90,102,-12,12
15764,83,63,20,20
15765,47,54,-7,7
15766,47,65,-18,18
15767,106,126,-20,20
15768,63,64,-1,1
15769,96,101,-5,5
15770,108,122,-14,14
15771,85,95,-10,10
15772,157,147,10,10
15773,90,75,15,15
15774,116,118,-2,2
15775,132,126,6,6
15776,123,111,12,12
15777,118,109,9,9
15778,45,50,-5,5
15779,60,60,0,0
15780,179,157,22,22
15781,111,113,-2,2
15782,118,126,-8,8
15783,87,88,-1,1
15784,51,62,-11,11
15785,37,48,-11,11
15786,91,98,-7,7
15787,69,74,-5,5
15788,130,120,10,10
15789,102,122,-20,20
15790,93,101,-8,8
15791,129,138,-9,9
15792,54,51,3,3
15793,70,71,-1,1
15794,125,115,10,10
15795,59,62,-3,3
15796,46,43,3,3
15797,64,72,-8,8
15798,113,96,17,17
15799,110,101,9,9
15800,46,52,-6,6
15801,134,148,-14,14
15802,71,73,-2,2
15803,143,148,-5,5
15804,63,61,2,2
15805,120,120,0,0
15806,86,76,10,10
15807,74,72,2,2
15808,118,125,-7,7
15809,61,54,7,7
15810,65,64,1,1
15811,136,132,4,4
15812,85,89,-4,4
15813,105,101,4,4
15814,146,148,-2,2
15815,98,103,-5,5
15816,30,45,-15,15
15817,76,80,-4,4
15818,148,138,10,10
15819,126,142,-16,16
15820,121,112,9,9
15821,173,88,85,85
15822,68,81,-13,13
15823,100,113,-13,13
15824,109,117,-8,8
15825,73,70,3,3
15826,97,91,6,6
15827,92,81,11,11
15828,97,89,8,8
15829,88,97,-9,9
15830,159,144,15,15
15831,104,101,3,3
15832,65,59,6,6
15833,84,76,8,8
15834,82,73,9,9
15835,100,110,-10,10
15836,105,89,16,16
15837,70,77,-7,7
15838,77,70,7,7
15839,111,119,-8,8
15840,96,83,13,13
15841,98,111,-13,13
15842,89,87,2,2
15843,62,62,0,0
15844,144,126,18,18
15845,134,140,-6,6
15846,96,98,-2,2
15847,64,81,-17,17
15848,74,72,2,2
15849,113,124,-11,11
15850,125,128,-3,3
15851,122,107,15,15
15852,66,69,-3,3
15853,46,55,-9,9
15854,115,102,13,13
15855,59,58,1,1
15856,76,72,4,4
15857,97,99,-2,2
15858,125,130,-5,5
15859,138,114,24,24
15860,24,46,-22,22
15861,34,50,-16,16
15862,77,67,10,10
15863,112,126,-14,14
15864,123,116,7,7
15865,88,85,3,3
15866,130,125,5,5
15867,108,115,-7,7
15868,52,48,4,4
15869,112,112,0,0
15870,41,56,-15,15
15871,68,81,-13,13
15872,111,117,-6,6
15873,97,106,-9,9
15874,73,77,-4,4
15875,75,67,8,8
15876,79,94,-15,15
15877,62,92,-30,30
15878,75,97,-22,22
15879,128,118,10,10
15880,113,113,0,0
15881,49,45,4,4
15882,65,62,3,3
15883,64,70,-6,6
15884,97,91,6,6
15885,117,100,17,17
15886,62,56,6,6
15887,75,100,-25,25
15888,80,80,0,0
15889,63,71,-8,8
15890,50,60,-10,10
15891,112,115,-3,3
15892,129,129,0,0
15893,78,73,5,5
15894,102,105,-3,3
15895,101,94,7,7
15896,67,66,1,1
15897,49,58,-9,9
15898,184,170,14,14
15899,81,76,5,5
15900,70,72,-2,2
15901,95,80,15,15
15902,111,105,6,6
15903,141,140,1,1
15904,105,130,-25,25
15905,54,50,4,4
15906,78,66,12,12
15907,155,141,14,14
15908,134,138,-4,4
15909,88,76,12,12
15910,66,74,-8,8
15911,64,72,-8,8
15912,60,62,-2,2
15913,94,85,9,9
15914,103,93,10,10
15915,146,144,2,2
15916,74,79,-5,5
15917,73,62,11,11
15918,62,67,-5,5
15919,103,98,5,5
15920,126,120,6,6
15921,96,87,9,9
15922,160,147,13,13
15923,118,116,2,2
15924,128,119,9,9
15925,191,171,20,20
15926,123,110,13,13
15927,107,94,13,13
15928,55,62,-7,7
15929,47,40,7,7
15930,55,54,1,1
15931,58,62,-4,4
15932,107,107,0,0
15933,76,76,0,0
15934,96,79,17,17
15935,57,67,-10,10
15936,110,122,-12,12
15937,79,77,2,2
15938,65,81,-16,16
15939,123,108,15,15
15940,61,55,6,6
15941,65,74,-9,9
15942,113,102,11,11
15943,49,51,-2,2
15944,82,92,-10,10
15945,98,98,0,0
15946,75,77,-2,2
15947,112,112,0,0
15948,113,96,17,17
15949,94,94,0,0
15950,58,50,8,8
15951,64,56,8,8
15952,105,120,-15,15
15953,101,92,9,9
15954,68,66,2,2
15955,101,88,13,13
15956,52,48,4,4
15957,70,59,11,11
15958,97,148,-51,51
15959,117,104,13,13
15960,68,65,3,3
15961,127,122,5,5
15962,69,70,-1,1
15963,90,95,-5,5
15964,40,46,-6,6
15965,114,107,7,7
15966,98,94,4,4
15967,66,68,-2,2
15968,67,75,-8,8
15969,190,182,8,8
15970,104,99,5,5
15971,74,93,-19,19
15972,69,65,4,4
15973,86,90,-4,4
15974,102,93,9,9
15975,122,107,15,15
15976,142,125,17,17
15977,103,89,14,14
15978,164,154,10,10
15979,110,131,-21,21
15980,64,73,-9,9
15981,74,70,4,4
15982,61,63,-2,2
15983,63,65,-2,2
15984,100,87,13,13
15985,107,105,2,2
15986,102,106,-4,4
15987,31,63,-32,32
15988,147,140,7,7
15989,60,55,5,5
15990,86,77,9,9
15991,114,128,-14,14
15992,103,123,-20,20
15993,75,76,-1,1
15994,95,107,-12,12
15995,87,75,12,12
15996,99,86,13,13
15997,114,115,-1,1
15998,76,83,-7,7
15999,120,120,0,0
16000,90,81,9,9
16001,64,59,5,5
16002,113,94,19,19
16003,66,64,2,2
16004,123,106,17,17
16005,132,126,6,6
16006,124,117,7,7
16007,56,57,-1,1
16008,125,133,-8,8
16009,101,110,-9,9
16010,89,126,-37,37
16011,57,67,-10,10
16012,98,82,16,16
16013,101,93,8,8
16014,82,85,-3,3
16015,128,144,-16,16
16016,56,58,-2,2
16017,162,164,-2,2
16018,84,92,-8,8
16019,79,79,0,0
16020,53,57,-4,4
16021,55,65,-10,10
16022,62,59,3,3
16023,73,75,-2,2
16024,42,76,-34,34
16025,127,146,-19,19
16026,52,64,-12,12
16027,121,115,6,6
16028,75,88,-13,13
16029,89,91,-2,2
16030,64,68,-4,4
16031,36,36,0,0
16032,89,76,13,13
16033,72,69,3,3
16034,148,150,-2,2
16035,106,108,-2,2
16036,158,156,2,2
16037,131,129,2,2
16038,130,126,4,4
16039,77,76,1,1
16040,136,124,12,12
16041,102,106,-4,4
16042,86,88,-2,2
16043,89,89,0,0
16044,101,87,14,14
16045,99,91,8,8
16046,100,90,10,10
16047,69,67,2,2
16048,92,80,12,12
16049,69,73,-4,4
16050,128,114,14,14
16051,151,146,5,5
16052,39,42,-3,3
16053,44,50,-6,6
16054,74,76,-2,2
16055,82,77,5,5
16056,140,121,19,19
16057,120,104,16,16
16058,79,70,9,9
16059,89,93,-4,4
16060,158,184,-26,26
16061,105,131,-26,26
16062,113,114,-1,1
16063,58,60,-2,2
16064,95,90,5,5
16065,82,85,-3,3
16066,140,127,13,13
16067,66,71,-5,5
16068,94,86,8,8
16069,116,111,5,5
16070,70,75,-5,5
16071,90,89,1,1
16072,73,73,0,0
16073,62,103,-41,41
16074,55,57,-2,2
16075,87,114,-27,27
16076,97,94,3,3
16077,75,80,-5,5
16078,113,97,16,16
16079,148,129,19,19
16080,144,164,-20,20
16081,64,56,8,8
16082,117,102,15,15
16083,89,82,7,7
16084,106,107,-1,1
16085,130,93,37,37
16086,91,103,-12,12
16087,52,58,-6,6
16088,54,70,-16,16
16089,117,100,17,17
16090,127,131,-4,4
16091,104,89,15,15
16092,122,132,-10,10
16093,67,69,-2,2
16094,73,72,1,1
16095,84,77,7,7
16096,63,66,-3,3
16097,199,184,15,15
16098,138,162,-24,24
16099,85,81,4,4
16100,112,119,-7,7
16101,100,101,-1,1
16102,184,180,4,4
16103,90,85,5,5
16104,55,56,-1,1
16105,142,128,14,14
16106,124,125,-1,1
16107,83,99,-16,16
16108,79,77,2,2
16109,52,96,-44,44
16110,92,94,-2,2
16111,71,66,5,5
16112,47,51,-4,4
16113,83,94,-11,11
16114,68,67,1,1
16115,65,60,5,5
16116,99,88,11,11
16117,114,115,-1,1
16118,98,100,-2,2
16119,84,102,-18,18
16120,181,158,23,23
16121,51,57,-6,6
16122,95,84,11,11
16123,77,79,-2,2
16124,70,68,2,2
16125,103,108,-5,5
16126,106,85,21,21
16127,70,75,-5,5
16128,92,88,4,4
16129,104,77,27,27
16130,49,48,1,1
16131,62,68,-6,6
16132,52,54,-2,2
16133,88,76,12,12
16134,84,80,4,4
16135,80,85,-5,5
16136,55,51,4,4
16137,84,79,5,5
16138,158,104,54,54
16139,76,65,11,11
16140,58,59,-1,1
16141,94,82,12,12
16142,44,43,1,1
16143,96,90,6,6
16144,134,111,23,23
16145,124,113,11,11
16146,137,141,-4,4
16147,139,134,5,5
16148,40,49,-9,9
16149,64,64,0,0
16150,100,98,2,2
16151,90,97,-7,7
16152,88,82,6,6
16153,80,79,1,1
16154,67,71,-4,4
16155,96,87,9,9
16156,74,58,16,16
16157,80,66,14,14
16158,54,64,-10,10
16159,133,130,3,3
16160,71,57,14,14
16161,151,137,14,14
16162,150,140,10,10
16163,107,112,-5,5
16164,104,111,-7,7
16165,96,87,9,9
16166,164,128,36,36
16167,61,74,-13,13
16168,95,94,1,1
16169,120,120,0,0
16170,107,111,-4,4
16171,116,109,7,7
16172,89,94,-5,5
16173,42,53,-11,11
16174,74,71,3,3
16175,100,104,-4,4
16176,66,57,9,9
16177,105,101,4,4
16178,108,98,10,10
16179,144,152,-8,8
16180,118,123,-5,5
16181,82,76,6,6
16182,164,125,39,39
16183,125,132,-7,7
16184,68,76,-8,8
16185,102,109,-7,7
16186,109,104,5,5
16187,111,99,12,12
16188,115,115,0,0
16189,58,62,-4,4
16190,109,99,10,10
16191,90,86,4,4
16192,99,88,11,11
16193,124,140,-16,16
16194,147,118,29,29
16195,67,61,6,6
16196,89,84,5,5
16197,77,66,11,11
16198,106,127,-21,21
16199,78,84,-6,6
16200,58,72,-14,14
16201,119,108,11,11
16202,74,82,-8,8
16203,80,79,1,1
16204,143,138,5,5
16205,160,140,20,20
16206,117,130,-13,13
16207,79,72,7,7
16208,103,100,3,3
16209,88,72,16,16
16210,74,73,1,1
16211,96,100,-4,4
16212,94,125,-31,31
16213,66,68,-2,2
16214,43,47,-4,4
16215,137,127,10,10
16216,89,86,3,3
16217,95,111,-16,16
16218,172,174,-2,2
16219,37,39,-2,2
16220,75,70,5,5
16221,112,110,2,2
16222,98,105,-7,7
16223,137,133,4,4
16224,122,116,6,6
16225,55,57,-2,2
16226,65,64,1,1
16227,105,108,-3,3
16228,67,66,1,1
16229,115,102,13,13
16230,35,42,-7,7
16231,95,84,11,11
16232,62,59,3,3
16233,60,57,3,3
16234,142,129,13,13
16235,74,82,-8,8
16236,100,87,13,13
16237,179,116,63,63
16238,173,159,14,14
16239,161,162,-1,1
16240,76,75,1,1
16241,79,91,-12,12
16242,116,78,38,38
16243,58,55,3,3
16244,83,95,-12,12
16245,48,54,-6,6
16246,74,72,2,2
16247,57,79,-22,22
16248,84,86,-2,2
16249,114,101,13,13
16250,72,61,11,11
16251,96,103,-7,7
16252,113,133,-20,20
16253,105,99,6,6
16254,149,137,12,12
16255,62,62,0,0
16256,72,59,13,13
16257,77,77,0,0
16258,152,134,18,18
16259,94,82,12,12
16260,115,119,-4,4
16261,56,55,1,1
16262,65,64,1,1
16263,111,107,4,4
16264,73,78,-5,5
16265,75,75,0,0
16266,90,104,-14,14
16267,121,129,-8,8
16268,111,110,1,1
16269,179,161,18,18
16270,136,141,-5,5
16271,111,139,-28,28
16272,35,112,-77,77
16273,90,81,9,9
16274,58,51,7,7
16275,172,165,7,7
16276,77,72,5,5
16277,81,68,13,13
16278,31,49,-18,18
16279,87,88,-1,1
16280,63,80,-17,17
16281,114,100,14,14
16282,96,92,4,4
16283,83,68,15,15
16284,117,128,-11,11
16285,121,99,22,22
16286,89,81,8,8
16287,106,106,0,0
16288,108,100,8,8
16289,121,100,21,21
16290,160,152,8,8
16291,110,94,16,16
16292,87,77,10,10
16293,107,109,-2,2
16294,117,130,-13,13
16295,74,73,1,1
16296,96,101,-5,5
16297,133,134,-1,1
16298,81,102,-21,21
16299,81,75,6,6
16300,76,82,-6,6
16301,57,60,-3,3
16302,131,143,-12,12
16303,91,78,13,13
16304,39,44,-5,5
16305,119,111,8,8
16306,138,134,4,4
16307,105,104,1,1
16308,77,134,-57,57
16309,132,137,-5,5
16310,58,54,4,4
16311,42,55,-13,13
16312,67,66,1,1
16313,54,50,4,4
16314,74,71,3,3
16315,95,98,-3,3
16316,73,71,2,2
16317,75,103,-28,28
16318,58,73,-15,15
16319,112,107,5,5
16320,114,106,8,8
16321,118,126,-8,8
16322,63,65,-2,2
16323,59,63,-4,4
16324,56,72,-16,16
16325,66,60,6,6
16326,64,70,-6,6
16327,100,95,5,5
16328,97,96,1,1
16329,155,147,8,8
16330,93,63,30,30
16331,123,117,6,6
16332,89,109,-20,20
16333,76,73,3,3
16334,178,179,-1,1
16335,67,65,2,2
16336,112,96,16,16
16337,105,97,8,8
16338,95,93,2,2
16339,81,80,1,1
16340,67,84,-17,17
16341,79,73,6,6
16342,117,136,-19,19
16343,72,69,3,3
16344,103,119,-16,16
16345,109,102,7,7
16346,59,60,-1,1
16347,101,89,12,12
16348,112,106,6,6
16349,158,141,17,17
16350,119,109,10,10
16351,92,81,11,11
16352,38,44,-6,6
16353,66,65,1,1
16354,69,105,-36,36
16355,51,68,-17,17
16356,200,159,41,41
16357,93,83,10,10
16358,97,102,-5,5
16359,171,134,37,37
16360,65,70,-5,5
16361,102,94,8,8
16362,72,68,4,4
16363,55,59,-4,4
16364,118,98,20,20
16365,86,81,5,5
16366,135,127,8,8
16367,78,100,-22,22
16368,115,121,-6,6
16369,140,142,-2,2
16370,61,58,3,3
16371,48,53,-5,5
16372,78,78,0,0
16373,195,200,-5,5
16374,48,51,-3,3
16375,71,69,2,2
16376,126,130,-4,4
16377,207,188,19,19
16378,111,97,14,14
16379,75,88,-13,13
16380,106,103,3,3
16381,84,78,6,6
16382,140,134,6,6
16383,77,99,-22,22
16384,88,82,6,6
16385,63,59,4,4
16386,146,145,1,1
16387,43,58,-15,15
16388,87,77,10,10
16389,63,54,9,9
16390,92,101,-9,9
16391,64,65,-1,1
16392,107,96,11,11
16393,114,106,8,8
16394,76,66,10,10
16395,108,118,-10,10
16396,61,67,-6,6
16397,157,147,10,10
16398,161,153,8,8
16399,81,80,1,1
16400,42,49,-7,7
16401,120,87,33,33
16402,118,101,17,17
16403,99,72,27,27
16404,78,72,6,6
16405,39,38,1,1
16406,62,63,-1,1
16407,93,80,13,13
16408,51,62,-11,11
16409,63,80,-17,17
16410,131,139,-8,8
16411,117,110,7,7
16412,96,78,18,18
16413,158,152,6,6
16414,88,90,-2,2
16415,77,81,-4,4
16416,84,81,3,3
16417,123,124,-1,1
16418,84,72,12,12
16419,122,129,-7,7
16420,88,86,2,2
16421,73,66,7,7
16422,198,198,0,0
16423,87,77,10,10
16424,76,92,-16,16
16425,85,82,3,3
16426,86,99,-13,13
16427,161,146,15,15
16428,132,113,19,19
16429,65,61,4,4
16430,65,63,2,2
16431,155,151,4,4
16432,94,82,12,12
16433,91,88,3,3
16434,94,117,-23,23
16435,132,131,1,1
16436,74,69,5,5
16437,134,138,-4,4
16438,186,191,-5,5
16439,117,126,-9,9
16440,128,125,3,3
16441,49,45,4,4
16442,52,55,-3,3
16443,54,46,8,8
16444,49,54,-5,5
16445,61,60,1,1
16446,87,87,0,0
16447,121,126,-5,5
16448,110,114,-4,4
16449,29,42,-13,13
16450,75,78,-3,3
16451,119,114,5,5
16452,100,85,15,15
16453,73,88,-15,15
16454,71,72,-1,1
16455,61,72,-11,11
16456,91,112,-21,21
16457,68,73,-5,5
16458,79,88,-9,9
16459,141,129,12,12
16460,89,93,-4,4
16461,132,125,7,7
16462,110,111,-1,1
16463,70,62,8,8
16464,49,54,-5,5
16465,99,99,0,0
16466,60,58,2,2
16467,94,91,3,3
16468,89,76,13,13
16469,149,145,4,4
16470,78,64,14,14
16471,133,150,-17,17
16472,134,144,-10,10
16473,65,66,-1,1
16474,117,108,9,9
16475,96,95,1,1
16476,130,116,14,14
16477,138,133,5,5
16478,85,90,-5,5
16479,128,119,9,9
16480,84,79,5,5
16481,127,118,9,9
16482,67,66,1,1
16483,149,165,-16,16
16484,77,68,9,9
16485,91,94,-3,3
16486,137,129,8,8
16487,142,134,8,8
16488,68,79,-11,11
16489,129,133,-4,4
16490,120,110,10,10
16491,38,40,-2,2
16492,109,110,-1,1
16493,101,112,-11,11
16494,66,97,-31,31
16495,61,63,-2,2
16496,107,100,7,7
16497,112,99,13,13
16498,114,124,-10,10
16499,96,96,0,0
16500,136,121,15,15
16501,60,54,6,6
16502,108,105,3,3
16503,109,89,20,20
16504,98,104,-6,6
16505,53,68,-15,15
16506,68,58,10,10
16507,114,111,3,3
16508,181,175,6,6
16509,121,117,4,4
16510,67,56,11,11
16511,78,88,-10,10
16512,74,76,-2,2
16513,47,50,-3,3
16514,113,125,-12,12
16515,41,45,-4,4
16516,57,55,2,2
16517,68,55,13,13
16518,88,96,-8,8
16519,76,90,-14,14
16520,96,91,5,5
16521,45,54,-9,9
16522,119,115,4,4
16523,104,93,11,11
16524,111,101,10,10
16525,62,51,11,11
16526,94,89,5,5
16527,86,76,10,10
16528,78,90,-12,12
16529,132,141,-9,9
16530,105,100,5,5
16531,141,115,26,26
16532,59,60,-1,1
16533,205,151,54,54
16534,91,90,1,1
16535,87,106,-19,19
16536,87,74,13,13
16537,102,86,16,16
16538,94,83,11,11
16539,77,69,8,8
16540,61,64,-3,3
16541,152,141,11,11
16542,85,85,0,0
16543,120,106,14,14
16544,83,89,-6,6
16545,135,131,4,4
16546,52,53,-1,1
16547,79,77,2,2
16548,50,63,-13,13
16549,152,139,13,13
16550,80,79,1,1
16551,83,84,-1,1
16552,163,160,3,3
16553,75,87,-12,12
16554,72,77,-5,5
16555,93,85,8,8
16556,118,83,35,35
16557,84,84,0,0
16558,72,64,8,8
16559,75,77,-2,2
16560,79,76,3,3
16561,84,91,-7,7
16562,88,94,-6,6
16563,99,99,0,0
16564,59,59,0,0
16565,112,113,-1,1
16566,128,118,10,10
16567,115,146,-31,31
16568,101,112,-11,11
16569,60,60,0,0
16570,80,97,-17,17
16571,134,124,10,10
16572,72,65,7,7
16573,160,152,8,8
16574,123,124,-1,1
16575,111,112,-1,1
16576,61,65,-4,4
16577,68,70,-2,2
16578,131,144,-13,13
16579,135,122,13,13
16580,217,232,-15,15
16581,56,48,8,8
16582,86,95,-9,9
16583,104,80,24,24
16584,87,98,-11,11
16585,76,78,-2,2
16586,137,140,-3,3
16587,86,86,0,0
16588,53,58,-5,5
16589,82,74,8,8
16590,52,48,4,4
16591,85,79,6,6
16592,110,97,13,13
16593,58,55,3,3
16594,103,98,5,5
16595,40,43,-3,3
16596,70,66,4,4
16597,50,50,0,0
16598,69,68,1,1
16599,108,115,-7,7
16600,82,77,5,5
16601,138,132,6,6
16602,103,107,-4,4
16603,119,108,11,11
16604,111,94,17,17
16605,154,133,21,21
16606,131,138,-7,7
16607,67,64,3,3
16608,76,72,4,4
16609,104,101,3,3
16610,134,119,15,15
16611,41,61,-20,20
16612,54,52,2,2
16613,116,119,-3,3
16614,58,48,10,10
16615,74,81,-7,7
16616,101,106,-5,5
16617,62,62,0,0
16618,141,140,1,1
16619,93,83,10,10
16620,98,90,8,8
16621,88,100,-12,12
16622,33,38,-5,5
16623,115,114,1,1
16624,86,78,8,8
16625,156,149,7,7
16626,66,64,2,2
16627,93,81,12,12
16628,61,55,6,6
16629,128,132,-4,4
16630,161,144,17,17
16631,51,53,-2,2
16632,59,79,-20,20
16633,97,89,8,8
16634,157,149,8,8
16635,91,96,-5,5
16636,67,72,-5,5
16637,90,94,-4,4
16638,82,81,1,1
16639,104,97,7,7
16640,96,93,3,3
16641,122,132,-10,10
16642,86,75,11,11
16643,126,108,18,18
16644,87,85,2,2
16645,77,88,-11,11
16646,117,101,16,16
16647,144,123,21,21
16648,86,67,19,19
16649,61,49,12,12
16650,79,99,-20,20
16651,96,84,12,12
16652,89,105,-16,16
16653,89,99,-10,10
16654,110,112,-2,2
16655,87,73,14,14
16656,39,54,-15,15
16657,98,102,-4,4
16658,151,142,9,9
16659,89,85,4,4
16660,67,61,6,6
16661,71,63,8,8
16662,119,120,-1,1
16663,86,80,6,6
16664,147,145,2,2
16665,51,48,3,3
16666,83,89,-6,6
16667,83,98,-15,15
16668,54,51,3,3
16669,138,106,32,32
16670,64,61,3,3
16671,80,76,4,4
16672,58,72,-14,14
16673,92,87,5,5
16674,56,84,-28,28
16675,114,117,-3,3
16676,58,59,-1,1
16677,51,50,1,1
16678,111,101,10,10
16679,66,80,-14,14
16680,64,62,2,2
16681,99,107,-8,8
16682,73,72,1,1
16683,110,89,21,21
16684,99,120,-21,21
16685,92,84,8,8
16686,57,46,11,11
16687,138,131,7,7
16688,156,159,-3,3
16689,113,105,8,8
16690,37,58,-21,21
16691,119,120,-1,1
16692,109,111,-2,2
16693,137,130,7,7
16694,187,141,46,46
16695,77,85,-8,8
16696,78,72,6,6
16697,89,101,-12,12
16698,144,141,3,3
16699,111,108,3,3
16700,46,56,-10,10
16701,119,120,-1,1
16702,89,79,10,10
16703,85,57,28,28
16704,155,145,10,10
16705,164,164,0,0
16706,176,162,14,14
16707,61,71,-10,10
16708,143,139,4,4
16709,66,50,16,16
16710,138,126,12,12
16711,107,99,8,8
16712,80,68,12,12
16713,95,79,16,16
16714,94,113,-19,19
16715,90,86,4,4
16716,65,63,2,2
16717,75,71,4,4
16718,54,57,-3,3
16719,84,80,4,4
16720,129,114,15,15
16721,142,137,5,5
16722,96,111,-15,15
16723,112,117,-5,5
16724,93,84,9,9
16725,57,57,0,0
16726,36,53,-17,17
16727,46,57,-11,11
16728,94,88,6,6
16729,57,62,-5,5
16730,106,112,-6,6
16731,130,131,-1,1
16732,62,60,2,2
16733,89,80,9,9
16734,137,115,22,22
16735,107,117,-10,10
16736,58,50,8,8
16737,73,67,6,6
16738,86,83,3,3
16739,103,87,16,16
16740,121,132,-11,11
16741,66,55,11,11
16742,87,92,-5,5
16743,59,57,2,2
16744,109,110,-1,1
16745,79,85,-6,6
16746,68,66,2,2
16747,66,57,9,9
16748,72,73,-1,1
16749,100,108,-8,8
16750,102,100,2,2
16751,55,58,-3,3
16752,98,101,-3,3
16753,107,99,8,8
16754,77,91,-14,14
16755,76,80,-4,4
16756,65,72,-7,7
16757,134,108,26,26
16758,39,48,-9,9
16759,123,135,-12,12
16760,64,72,-8,8
16761,105,99,6,6
16762,66,64,2,2
16763,203,186,17,17
16764,144,92,52,52
16765,75,71,4,4
16766,106,104,2,2
16767,104,110,-6,6
16768,73,69,4,4
16769,83,71,12,12
16770,81,96,-15,15
16771,83,86,-3,3
16772,100,112,-12,12
16773,103,94,9,9
16774,76,77,-1,1
16775,66,65,1,1
16776,72,73,-1,1
16777,87,88,-1,1
16778,81,142,-61,61
16779,109,108,1,1
16780,103,92,11,11
16781,112,132,-20,20
16782,170,151,19,19
16783,89,94,-5,5
16784,73,72,1,1
16785,59,51,8,8
16786,135,126,9,9
16787,61,61,0,0
16788,78,85,-7,7
16789,125,115,10,10
16790,64,74,-10,10
16791,54,60,-6,6
16792,119,108,11,11
16793,92,90,2,2
16794,117,105,12,12
16795,88,87,1,1
16796,99,90,9,9
16797,48,51,-3,3
16798,123,118,5,5
16799,113,129,-16,16
16800,98,98,0,0
16801,66,57,9,9
16802,82,87,-5,5
16803,38,122,-84,84
16804,86,82,4,4
16805,135,153,-18,18
16806,140,141,-1,1
16807,73,76,-3,3
16808,95,103,-8,8
16809,40,51,-11,11
16810,67,80,-13,13
16811,160,152,8,8
16812,121,113,8,8
16813,104,93,11,11
16814,98,99,-1,1
16815,125,116,9,9
16816,119,107,12,12
16817,109,116,-7,7
16818,73,79,-6,6
16819,212,185,27,27
16820,81,75,6,6
16821,104,101,3,3
16822,44,46,-2,2
16823,82,74,8,8
16824,181,143,38,38
16825,50,42,8,8
16826,90,105,-15,15
16827,87,77,10,10
16828,76,92,-16,16
16829,211,201,10,10
16830,104,95,9,9
16831,114,110,4,4
16832,143,137,6,6
16833,142,139,3,3
16834,153,174,-21,21
16835,60,55,5,5
16836,60,62,-2,2
16837,111,94,17,17
16838,143,160,-17,17
16839,76,77,-1,1
16840,73,69,4,4
16841,76,73,3,3
16842,75,68,7,7
16843,58,64,-6,6
16844,57,61,-4,4
16845,112,111,1,1
16846,151,140,11,11
16847,51,48,3,3
16848,64,72,-8,8
16849,80,84,-4,4
16850,89,77,12,12
16851,155,146,9,9
16852,97,93,4,4
16853,82,84,-2,2
16854,122,118,4,4
16855,110,116,-6,6
16856,91,81,10,10
16857,27,52,-25,25
16858,55,59,-4,4
16859,107,106,1,1
16860,61,64,-3,3
16861,67,73,-6,6
16862,111,128,-17,17
16863,95,91,4,4
16864,129,119,10,10
16865,165,167,-2,2
16866,139,118,21,21
16867,97,138,-41,41
16868,88,86,2,2
16869,64,68,-4,4
16870,83,78,5,5
16871,118,129,-11,11
16872,81,80,1,1
16873,78,69,9,9
16874,164,166,-2,2
16875,60,121,-61,61
16876,23,41,-18,18
16877,60,60,0,0
16878,58,52,6,6
16879,102,111,-9,9
16880,100,100,0,0
16881,103,112,-9,9
16882,98,81,17,17
16883,136,135,1,1
16884,110,113,-3,3
16885,95,99,-4,4
16886,113,102,11,11
16887,143,156,-13,13
16888,141,143,-2,2
16889,117,118,-1,1
16890,63,70,-7,7
16891,83,66,17,17
16892,52,73,-21,21
16893,95,102,-7,7
16894,85,91,-6,6
16895,75,76,-1,1
16896,137,131,6,6
16897,81,78,3,3
16898,55,113,-58,58
16899,128,104,24,24
16900,135,102,33,33
16901,107,110,-3,3
16902,68,74,-6,6
16903,95,102,-7,7
16904,131,119,12,12
16905,106,101,5,5
16906,84,98,-14,14
16907,120,121,-1,1
16908,69,68,1,1
16909,93,94,-1,1
16910,100,91,9,9
16911,152,132,20,20
16912,139,152,-13,13
16913,109,107,2,2
16914,122,119,3,3
16915,70,70,0,0
16916,89,80,9,9
16917,81,64,17,17
16918,59,62,-3,3
16919,74,75,-1,1
16920,121,100,21,21
16921,88,76,12,12
16922,72,88,-16,16
16923,107,96,11,11
16924,47,54,-7,7
16925,105,104,1,1
16926,61,65,-4,4
16927,116,115,1,1
16928,110,107,3,3
16929,63,74,-11,11
16930,121,118,3,3
16931,52,57,-5,5
16932,92,80,12,12
16933,102,120,-18,18
16934,86,84,2,2
16935,171,181,-10,10
16936,97,108,-11,11
16937,105,83,22,22
16938,127,170,-43,43
16939,84,92,-8,8
16940,99,86,13,13
16941,65,66,-1,1
16942,86,78,8,8
16943,107,91,16,16
16944,84,70,14,14
16945,136,135,1,1
16946,82,66,16,16
16947,52,55,-3,3
16948,103,119,-16,16
16949,102,99,3,3
16950,126,121,5,5
16951,185,180,5,5
16952,143,138,5,5
16953,48,62,-14,14
16954,142,115,27,27
16955,58,48,10,10
16956,164,161,3,3
16957,95,90,5,5
16958,191,188,3,3
16959,115,116,-1,1
16960,58,49,9,9
16961,121,117,4,4
16962,101,84,17,17
16963,79,87,-8,8
16964,84,74,10,10
16965,69,63,6,6
16966,153,155,-2,2
16967,67,62,5,5
16968,69,84,-15,15
16969,71,78,-7,7
16970,94,96,-2,2
16971,110,108,2,2
16972,105,108,-3,3
16973,88,88,0,0
16974,93,94,-1,1
16975,70,61,9,9
16976,65,64,1,1
16977,62,62,0,0
16978,120,115,5,5
16979,55,70,-15,15
16980,73,73,0,0
16981,102,100,2,2
16982,71,60,11,11
16983,111,147,-36,36
16984,156,155,1,1
16985,89,93,-4,4
16986,67,65,2,2
16987,71,68,3,3
16988,71,71,0,0
16989,108,88,20,20
16990,72,63,9,9
16991,80,70,10,10
16992,104,98,6,6
16993,111,117,-6,6
16994,58,60,-2,2
16995,68,57,11,11
16996,92,81,11,11
16997,161,147,14,14
16998,107,96,11,11
16999,66,76,-10,10
17000,76,77,-1,1
17001,105,99,6,6
17002,140,138,2,2
17003,77,69,8,8
17004,70,70,0,0
17005,133,121,12,12
17006,50,63,-13,13
17007,66,68,-2,2
17008,60,77,-17,17
17009,72,75,-3,3
17010,123,120,3,3
17011,88,82,6,6
17012,110,103,7,7
17013,94,92,2,2
17014,88,84,4,4
17015,82,74,8,8
17016,107,134,-27,27
17017,69,70,-1,1
17018,85,80,5,5
17019,81,85,-4,4
17020,57,60,-3,3
17021,124,118,6,6
17022,126,114,12,12
17023,59,63,-4,4
17024,78,74,4,4
17025,112,119,-7,7
17026,87,94,-7,7
17027,101,102,-1,1
17028,101,89,12,12
17029,150,153,-3,3
17030,135,123,12,12
17031,146,149,-3,3
17032,61,66,-5,5
17033,103,105,-2,2
17034,134,112,22,22
17035,68,80,-12,12
17036,84,75,9,9
17037,59,66,-7,7
17038,115,113,2,2
17039,98,81,17,17
17040,118,123,-5,5
17041,97,98,-1,1
17042,94,109,-15,15
17043,143,131,12,12
17044,119,118,1,1
17045,82,86,-4,4
17046,86,98,-12,12
17047,79,68,11,11
17048,178,177,1,1
17049,151,143,8,8
17050,133,130,3,3
17051,71,86,-15,15
17052,56,49,7,7
17053,61,55,6,6
17054,69,77,-8,8
17055,95,88,7,7
17056,98,91,7,7
17057,88,86,2,2
17058,86,85,1,1
17059,79,82,-3,3
17060,77,72,5,5
17061,88,95,-7,7
17062,110,103,7,7
17063,138,143,-5,5
17064,98,107,-9,9
17065,99,94,5,5
17066,73,78,-5,5
17067,143,135,8,8
17068,44,46,-2,2
17069,136,125,11,11
17070,150,141,9,9
17071,125,126,-1,1
17072,134,147,-13,13
17073,93,94,-1,1
17074,107,96,11,11
17075,38,58,-20,20
17076,133,138,-5,5
17077,151,144,7,7
17078,104,107,-3,3
17079,83,69,14,14
17080,124,99,25,25
17081,161,154,7,7
17082,72,66,6,6
17083,77,88,-11,11
17084,111,119,-8,8
17085,107,109,-2,2
17086,107,115,-8,8
17087,98,102,-4,4
17088,168,157,11,11
17089,100,90,10,10
17090,70,74,-4,4
17091,68,74,-6,6
17092,74,63,11,11
17093,129,130,-1,1
17094,121,111,10,10
17095,69,57,12,12
17096,121,133,-12,12
17097,103,99,4,4
17098,187,183,4,4
17099,61,58,3,3
17100,81,76,5,5
17101,117,122,-5,5
17102,46,33,13,13
17103,77,72,5,5
17104,85,92,-7,7
17105,47,51,-4,4
17106,81,76,5,5
17107,99,85,14,14
17108,152,149,3,3
17109,58,71,-13,13
17110,45,54,-9,9
17111,87,83,4,4
17112,100,79,21,21
17113,41,52,-11,11
17114,184,151,33,33
17115,72,74,-2,2
17116,38,61,-23,23
17117,79,90,-11,11
17118,98,85,13,13
17119,71,72,-1,1
17120,62,70,-8,8
17121,90,80,10,10
17122,97,76,21,21
17123,52,48,4,4
17124,74,81,-7,7
17125,154,151,3,3
17126,99,91,8,8
17127,44,35,9,9
17128,85,87,-2,2
17129,128,121,7,7
17130,128,115,13,13
17131,78,90,-12,12
17132,62,56,6,6
17133,112,116,-4,4
17134,63,64,-1,1
17135,88,87,1,1
17136,51,53,-2,2
17137,129,126,3,3
17138,65,55,10,10
17139,56,45,11,11
17140,102,90,12,12
17141,87,83,4,4
17142,129,123,6,6
17143,61,67,-6,6
17144,79,70,9,9
17145,57,55,2,2
17146,171,132,39,39
17147,90,106,-16,16
17148,96,89,7,7
17149,91,93,-2,2
17150,47,51,-4,4
17151,87,108,-21,21
17152,86,99,-13,13
17153,133,132,1,1
17154,133,112,21,21
17155,89,93,-4,4
17156,64,50,14,14
17157,54,51,3,3
17158,99,110,-11,11
17159,91,87,4,4
17160,76,77,-1,1
17161,75,75,0,0
17162,72,76,-4,4
17163,107,107,0,0
17164,39,38,1,1
17165,99,91,8,8
17166,121,114,7,7
17167,89,92,-3,3
17168,132,130,2,2
17169,108,112,-4,4
17170,84,65,19,19
17171,104,108,-4,4
17172,68,61,7,7
17173,55,54,1,1
17174,74,64,10,10
17175,85,87,-2,2
17176,63,51,12,12
17177,77,84,-7,7
17178,103,103,0,0
17179,66,66,0,0
17180,77,75,2,2
17181,112,102,10,10
17182,127,144,-17,17
17183,100,101,-1,1
17184,59,60,-1,1
17185,111,123,-12,12
17186,29,42,-13,13
17187,77,83,-6,6
17188,98,97,1,1
17189,108,106,2,2
17190,196,190,6,6
17191,79,71,8,8
17192,150,146,4,4
17193,99,92,7,7
17194,73,71,2,2
17195,75,73,2,2
17196,62,67,-5,5
17197,77,77,0,0
17198,100,92,8,8
17199,139,145,-6,6
17200,80,75,5,5
17201,151,123,28,28
17202,125,131,-6,6
17203,70,80,-10,10
17204,141,143,-2,2
17205,76,73,3,3
17206,74,79,-5,5
17207,108,98,10,10
17208,146,129,17,17
17209,65,54,11,11
17210,92,110,-18,18
17211,98,93,5,5
17212,112,126,-14,14
17213,155,147,8,8
17214,109,104,5,5
17215,127,119,8,8
17216,40,56,-16,16
17217,106,110,-4,4
17218,106,115,-9,9
17219,68,55,13,13
17220,73,71,2,2
17221,69,69,0,0
17222,93,95,-2,2
17223,95,95,0,0
17224,99,111,-12,12
17225,108,102,6,6
17226,77,102,-25,25
17227,76,74,2,2
17228,102,102,0,0
17229,117,117,0,0
17230,88,91,-3,3
17231,82,87,-5,5
17232,99,90,9,9
17233,147,136,11,11
17234,66,66,0,0
17235,79,69,10,10
17236,62,75,-13,13
17237,175,173,2,2
17238,101,102,-1,1
17239,64,61,3,3
17240,74,74,0,0
17241,72,87,-15,15
17242,64,69,-5,5
17243,73,66,7,7
17244,48,52,-4,4
17245,186,167,19,19
17246,100,141,-41,41
17247,120,123,-3,3
17248,53,56,-3,3
17249,120,108,12,12
17250,98,99,-1,1
17251,34,44,-10,10
17252,97,119,-22,22
17253,118,110,8,8
17254,128,114,14,14
17255,90,90,0,0
17256,63,70,-7,7
17257,160,128,32,32
17258,177,158,19,19
17259,185,185,0,0
17260,104,110,-6,6
17261,68,74,-6,6
17262,119,122,-3,3
17263,110,105,5,5
17264,67,52,15,15
17265,56,60,-4,4
17266,160,156,4,4
17267,103,118,-15,15
17268,68,58,10,10
17269,112,122,-10,10
17270,75,76,-1,1
17271,101,107,-6,6
17272,89,114,-25,25
17273,57,71,-14,14
17274,65,65,0,0
17275,95,112,-17,17
17276,93,100,-7,7
17277,100,93,7,7
17278,127,141,-14,14
17279,105,93,12,12
17280,58,50,8,8
17281,70,77,-7,7
17282,146,138,8,8
17283,90,81,9,9
17284,75,71,4,4
17285,92,86,6,6
17286,122,127,-5,5
17287,77,81,-4,4
17288,50,51,-1,1
17289,69,92,-23,23
17290,36,38,-2,2
17291,97,86,11,11
17292,81,94,-13,13
17293,127,143,-16,16
17294,142,141,1,1
17295,98,112,-14,14
17296,91,81,10,10
17297,84,82,2,2
17298,94,89,5,5
17299,71,75,-4,4
17300,87,75,12,12
17301,109,98,11,11
17302,58,59,-1,1
17303,63,70,-7,7
17304,65,62,3,3
17305,45,51,-6,6
17306,87,71,16,16
17307,64,55,9,9
17308,82,85,-3,3
17309,156,156,0,0
17310,138,113,25,25
17311,76,83,-7,7
17312,134,146,-12,12
17313,115,113,2,2
17314,92,97,-5,5
17315,126,115,11,11
17316,103,104,-1,1
17317,56,63,-7,7
17318,125,140,-15,15
17319,108,88,20,20
17320,69,72,-3,3
17321,151,142,9,9
17322,88,91,-3,3
17323,101,99,2,2
17324,165,166,-1,1
17325,151,142,9,9
17326,82,75,7,7
17327,65,65,0,0
17328,93,93,0,0
17329,102,97,5,5
17330,71,72,-1,1
17331,66,64,2,2
17332,101,97,4,4
17333,109,100,9,9
17334,67,53,14,14
17335,150,136,14,14
17336,71,68,3,3
17337,93,97,-4,4
17338,106,113,-7,7
17339,127,119,8,8
17340,167,173,-6,6
17341,67,61,6,6
17342,137,135,2,2
17343,90,79,11,11
17344,48,60,-12,12
17345,79,70,9,9
17346,72,79,-7,7
17347,139,143,-4,4
17348,81,83,-2,2
17349,124,133,-9,9
17350,114,106,8,8
17351,75,70,5,5
17352,73,72,1,1
17353,90,66,24,24
17354,156,158,-2,2
17355,107,114,-7,7
17356,88,90,-2,2
17357,135,150,-15,15
17358,120,102,18,18
17359,55,64,-9,9
17360,58,58,0,0
17361,104,106,-2,2
17362,53,51,2,2
17363,65,64,1,1
17364,71,73,-2,2
17365,36,40,-4,4
17366,135,125,10,10
17367,159,146,13,13
17368,118,108,10,10
17369,93,95,-2,2
17370,91,97,-6,6
17371,66,60,6,6
17372,68,59,9,9
17373,81,74,7,7
17374,138,139,-1,1
17375,68,71,-3,3
17376,128,142,-14,14
17377,97,95,2,2
17378,83,85,-2,2
17379,194,193,1,1
17380,63,55,8,8
17381,68,68,0,0
17382,68,59,9,9
17383,89,94,-5,5
17384,103,92,11,11
17385,113,123,-10,10
17386,95,88,7,7
17387,93,99,-6,6
17388,68,67,1,1
17389,57,55,2,2
17390,58,58,0,0
17391,174,150,24,24
17392,71,73,-2,2
17393,106,72,34,34
17394,63,56,7,7
17395,63,65,-2,2
17396,126,120,6,6
17397,104,93,11,11
17398,83,71,12,12
17399,80,96,-16,16
17400,175,176,-1,1
17401,77,103,-26,26
17402,146,143,3,3
17403,78,73,5,5
17404,114,100,14,14
17405,86,93,-7,7
17406,149,155,-6,6
17407,170,160,10,10
17408,121,113,8,8
17409,61,62,-1,1
17410,64,69,-5,5
17411,67,64,3,3
17412,99,106,-7,7
17413,185,166,19,19
17414,56,72,-16,16
17415,99,94,5,5
17416,75,81,-6,6
17417,85,76,9,9
17418,92,80,12,12
17419,91,82,9,9
17420,80,81,-1,1
17421,56,76,-20,20
17422,80,75,5,5
17423,135,123,12,12
17424,98,125,-27,27
17425,150,159,-9,9
17426,53,58,-5,5
17427,106,102,4,4
17428,74,72,2,2
17429,196,164,32,32
17430,88,91,-3,3
17431,47,68,-21,21
17432,101,100,1,1
17433,110,117,-7,7
17434,116,107,9,9
17435,96,100,-4,4
17436,65,65,0,0
17437,55,53,2,2
17438,140,149,-9,9
17439,94,78,16,16
17440,89,78,11,11
17441,101,94,7,7
17442,80,69,11,11
17443,112,99,13,13
17444,106,114,-8,8
17445,103,108,-5,5
17446,60,58,2,2
17447,95,124,-29,29
17448,87,100,-13,13
17449,45,56,-11,11
17450,92,89,3,3
17451,108,100,8,8
17452,98,90,8,8
17453,62,63,-1,1
17454,107,98,9,9
17455,74,74,0,0
17456,137,119,18,18
17457,75,76,-1,1
17458,66,63,3,3
17459,100,90,10,10
17460,129,141,-12,12
17461,79,83,-4,4
17462,111,96,15,15
17463,88,92,-4,4
17464,63,58,5,5
17465,95,101,-6,6
17466,74,63,11,11
17467,108,109,-1,1
17468,115,106,9,9
17469,96,99,-3,3
17470,146,139,7,7
17471,178,175,3,3
17472,171,160,11,11
17473,171,145,26,26
17474,151,133,18,18
17475,90,89,1,1
17476,94,79,15,15
17477,89,77,12,12
17478,71,74,-3,3
17479,223,192,31,31
17480,66,66,0,0
17481,116,118,-2,2
17482,69,66,3,3
17483,153,134,19,19
17484,48,52,-4,4
17485,83,86,-3,3
17486,177,165,12,12
17487,70,81,-11,11
17488,80,80,0,0
17489,77,73,4,4
17490,69,63,6,6
17491,81,71,10,10
17492,115,117,-2,2
17493,96,106,-10,10
17494,94,96,-2,2
17495,46,51,-5,5
17496,88,95,-7,7
17497,90,78,12,12
17498,89,77,12,12
17499,65,66,-1,1
17500,78,65,13,13
17501,76,68,8,8
17502,116,112,4,4
17503,127,114,13,13
17504,146,142,4,4
17505,89,91,-2,2
17506,42,76,-34,34
17507,73,83,-10,10
17508,61,62,-1,1
17509,79,61,18,18
17510,105,93,12,12
17511,64,61,3,3
17512,115,107,8,8
17513,66,77,-11,11
17514,75,73,2,2
17515,82,75,7,7
17516,46,56,-10,10
17517,106,104,2,2
17518,74,84,-10,10
17519,58,76,-18,18
17520,89,92,-3,3
17521,76,73,3,3
17522,90,78,12,12
17523,108,111,-3,3
17524,89,101,-12,12
17525,75,67,8,8
17526,98,101,-3,3
17527,87,79,8,8
17528,65,65,0,0
17529,121,107,14,14
17530,63,60,3,3
17531,139,146,-7,7
17532,80,73,7,7
17533,75,68,7,7
17534,64,68,-4,4
17535,48,45,3,3
17536,115,115,0,0
17537,82,82,0,0
17538,120,123,-3,3
17539,141,152,-11,11
17540,67,65,2,2
17541,48,60,-12,12
17542,117,104,13,13
17543,173,167,6,6
17544,74,80,-6,6
17545,53,106,-53,53
17546,33,44,-11,11
17547,79,98,-19,19
17548,76,71,5,5
17549,119,120,-1,1
17550,139,129,10,10
17551,77,74,3,3
17552,115,106,9,9
17553,67,67,0,0
17554,105,103,2,2
17555,127,125,2,2
17556,84,85,-1,1
17557,106,116,-10,10
17558,79,86,-7,7
17559,96,99,-3,3
17560,82,71,11,11
17561,146,134,12,12
17562,98,98,0,0
17563,116,135,-19,19
17564,42,45,-3,3
17565,82,88,-6,6
17566,71,64,7,7
17567,103,101,2,2
17568,60,61,-1,1
17569,86,81,5,5
17570,137,124,13,13
17571,105,98,7,7
17572,68,71,-3,3
17573,94,97,-3,3
17574,190,171,19,19
17575,61,59,2,2
17576,112,116,-4,4
17577,72,61,11,11
17578,137,136,1,1
17579,85,90,-5,5
17580,190,170,20,20
17581,145,157,-12,12
17582,100,105,-5,5
17583,143,135,8,8
17584,81,72,9,9
17585,58,66,-8,8
17586,79,91,-12,12
17587,119,113,6,6
17588,63,75,-12,12
17589,106,100,6,6
17590,111,104,7,7
17591,90,91,-1,1
17592,134,140,-6,6
17593,129,107,22,22
17594,67,68,-1,1
17595,128,120,8,8
17596,43,44,-1,1
17597,58,55,3,3
17598,123,130,-7,7
17599,63,62,1,1
17600,61,66,-5,5
17601,74,61,13,13
17602,117,102,15,15
17603,132,109,23,23
17604,73,64,9,9
17605,127,114,13,13
17606,170,166,4,4
17607,101,107,-6,6
17608,118,104,14,14
17609,73,59,14,14
17610,82,77,5,5
17611,100,89,11,11
17612,62,62,0,0
17613,80,77,3,3
17614,50,50,0,0
17615,68,70,-2,2
17616,163,157,6,6
17617,49,54,-5,5
17618,75,72,3,3
17619,133,137,-4,4
17620,115,108,7,7
17621,102,104,-2,2
17622,74,76,-2,2
17623,161,135,26,26
17624,130,141,-11,11
17625,122,109,13,13
17626,109,93,16,16
17627,120,127,-7,7
17628,72,47,25,25
17629,90,95,-5,5
17630,80,108,-28,28
17631,103,120,-17,17
17632,134,123,11,11
17633,93,88,5,5
17634,82,77,5,5
17635,184,170,14,14
17636,84,87,-3,3
17637,62,67,-5,5
17638,65,61,4,4
17639,68,63,5,5
17640,118,119,-1,1
17641,81,80,1,1
17642,116,103,13,13
17643,116,117,-1,1
17644,85,70,15,15
17645,55,51,4,4
17646,91,86,5,5
17647,79,82,-3,3
17648,24,38,-14,14
17649,155,140,15,15
17650,97,79,18,18
17651,69,82,-13,13
17652,105,105,0,0
17653,158,161,-3,3
17654,129,128,1,1
17655,115,130,-15,15
17656,92,91,1,1
17657,82,88,-6,6
17658,100,103,-3,3
17659,66,55,11,11
17660,46,52,-6,6
17661,141,144,-3,3
17662,128,125,3,3
17663,101,71,30,30
17664,103,97,6,6
17665,75,68,7,7
17666,125,131,-6,6
17667,50,43,7,7
17668,67,63,4,4
17669,91,92,-1,1
17670,95,98,-3,3
17671,133,127,6,6
17672,124,125,-1,1
17673,59,55,4,4
17674,138,118,20,20
17675,132,131,1,1
17676,109,105,4,4
17677,72,67,5,5
17678,84,75,9,9
17679,107,104,3,3
17680,73,83,-10,10
17681,76,77,-1,1
17682,122,112,10,10
17683,107,118,-11,11
17684,38,45,-7,7
17685,127,116,11,11
17686,82,76,6,6
17687,189,175,14,14
17688,115,116,-1,1
17689,100,95,5,5
17690,70,60,10,10
17691,81,65,16,16
17692,150,160,-10,10
17693,94,106,-12,12
17694,88,93,-5,5
17695,81,77,4,4
17696,148,149,-1,1
17697,75,87,-12,12
17698,90,78,12,12
17699,124,118,6,6
17700,46,60,-14,14
17701,103,102,1,1
17702,101,93,8,8
17703,93,95,-2,2
17704,105,103,2,2
17705,91,106,-15,15
17706,138,133,5,5
17707,85,92,-7,7
17708,102,96,6,6
17709,72,90,-18,18
17710,81,80,1,1
17711,118,122,-4,4
17712,114,121,-7,7
17713,118,124,-6,6
17714,79,76,3,3
17715,149,136,13,13
17716,74,89,-15,15
17717,46,43,3,3
17718,76,69,7,7
17719,80,74,6,6
17720,124,142,-18,18
17721,126,143,-17,17
17722,57,51,6,6
17723,91,95,-4,4
17724,206,176,30,30
17725,122,108,14,14
17726,89,93,-4,4
17727,108,104,4,4
17728,170,148,22,22
17729,89,91,-2,2
17730,90,91,-1,1
17731,85,86,-1,1
17732,80,69,11,11
17733,105,96,9,9
17734,84,73,11,11
17735,97,91,6,6
17736,60,65,-5,5
17737,39,50,-11,11
17738,103,98,5,5
17739,122,135,-13,13
17740,105,106,-1,1
17741,72,74,-2,2
17742,72,73,-1,1
17743,126,111,15,15
17744,113,99,14,14
17745,88,80,8,8
17746,121,117,4,4
17747,88,91,-3,3
17748,72,66,6,6
17749,65,72,-7,7
17750,74,82,-8,8
17751,112,116,-4,4
17752,53,60,-7,7
17753,138,142,-4,4
17754,108,109,-1,1
17755,65,72,-7,7
17756,72,72,0,0
17757,122,123,-1,1
17758,48,54,-6,6
17759,93,88,5,5
17760,124,115,9,9
17761,92,88,4,4
17762,66,61,5,5
17763,69,66,3,3
17764,144,163,-19,19
17765,103,106,-3,3
17766,96,89,7,7
17767,107,113,-6,6
17768,129,135,-6,6
17769,60,53,7,7
17770,72,70,2,2
17771,53,54,-1,1
17772,117,108,9,9
17773,109,109,0,0
17774,73,69,4,4
17775,121,117,4,4
17776,193,194,-1,1
17777,69,75,-6,6
17778,80,65,15,15
17779,135,134,1,1
17780,47,51,-4,4
17781,75,64,11,11
17782,135,137,-2,2
17783,97,92,5,5
17784,76,78,-2,2
17785,108,96,12,12
17786,110,114,-4,4
17787,87,89,-2,2
17788,59,65,-6,6
17789,163,158,5,5
17790,80,87,-7,7
17791,169,169,0,0
17792,91,90,1,1
17793,122,117,5,5
17794,97,89,8,8
17795,63,65,-2,2
17796,139,148,-9,9
17797,76,71,5,5
17798,80,85,-5,5
17799,79,74,5,5
17800,112,107,5,5
17801,94,89,5,5
17802,103,105,-2,2
17803,53,61,-8,8
17804,70,69,1,1
17805,156,156,0,0
17806,29,40,-11,11
17807,128,139,-11,11
17808,125,122,3,3
17809,126,101,25,25
17810,50,105,-55,55
17811,152,162,-10,10
17812,195,160,35,35
17813,76,78,-2,2
17814,87,97,-10,10
17815,80,73,7,7
17816,66,60,6,6
17817,72,68,4,4
17818,104,121,-17,17
17819,67,65,2,2
17820,109,111,-2,2
17821,146,140,6,6
17822,59,77,-18,18
17823,78,73,5,5
17824,73,69,4,4
17825,139,142,-3,3
17826,103,93,10,10
17827,112,121,-9,9
17828,99,84,15,15
17829,68,83,-15,15
17830,53,67,-14,14
17831,152,135,17,17
17832,55,58,-3,3
17833,96,107,-11,11
17834,78,75,3,3
17835,69,95,-26,26
17836,54,45,9,9
17837,118,104,14,14
17838,120,107,13,13
17839,45,71,-26,26
17840,94,86,8,8
17841,141,143,-2,2
17842,81,85,-4,4
17843,85,98,-13,13
17844,100,101,-1,1
17845,104,106,-2,2
17846,189,158,31,31
17847,79,71,8,8
17848,98,99,-1,1
17849,53,56,-3,3
17850,139,139,0,0
17851,96,106,-10,10
17852,75,73,2,2
17853,74,71,3,3
17854,142,140,2,2
17855,135,148,-13,13
17856,40,30,10,10
17857,176,170,6,6
17858,55,60,-5,5
17859,70,69,1,1
17860,71,73,-2,2
17861,55,57,-2,2
17862,168,169,-1,1
17863,146,135,11,11
17864,111,98,13,13
17865,117,104,13,13
17866,64,63,1,1
17867,106,92,14,14
17868,110,106,4,4
17869,79,70,9,9
17870,95,81,14,14
17871,121,113,8,8
17872,129,119,10,10
17873,98,78,20,20
17874,60,46,14,14
17875,53,53,0,0
17876,121,112,9,9
17877,112,143,-31,31
17878,54,58,-4,4
17879,76,79,-3,3
17880,126,127,-1,1
17881,131,119,12,12
17882,45,54,-9,9
17883,135,131,4,4
17884,95,82,13,13
17885,80,75,5,5
17886,96,84,12,12
17887,143,134,9,9
17888,59,63,-4,4
17889,140,146,-6,6
17890,73,63,10,10
17891,109,114,-5,5
17892,116,118,-2,2
17893,42,44,-2,2
17894,44,43,1,1
17895,151,158,-7,7
17896,109,117,-8,8
17897,106,85,21,21
17898,131,101,30,30
17899,139,127,12,12
17900,77,75,2,2
17901,127,124,3,3
17902,79,70,9,9
17903,140,146,-6,6
17904,63,61,2,2
17905,121,137,-16,16
17906,65,61,4,4
17907,146,123,23,23
17908,110,115,-5,5
17909,101,101,0,0
17910,35,45,-10,10
17911,105,100,5,5
17912,154,156,-2,2
17913,72,59,13,13
17914,98,105,-7,7
17915,126,127,-1,1
17916,142,131,11,11
17917,98,120,-22,22
17918,82,82,0,0
17919,86,106,-20,20
17920,79,73,6,6
17921,111,98,13,13
17922,74,72,2,2
17923,58,54,4,4
17924,48,56,-8,8
17925,74,73,1,1
17926,123,112,11,11
17927,40,47,-7,7
17928,80,60,20,20
17929,63,58,5,5
17930,115,84,31,31
17931,107,109,-2,2
17932,80,76,4,4
17933,85,77,8,8
17934,166,158,8,8
17935,71,78,-7,7
17936,56,61,-5,5
17937,48,52,-4,4
17938,96,91,5,5
17939,54,59,-5,5
17940,124,139,-15,15
17941,92,83,9,9
17942,51,62,-11,11
17943,62,64,-2,2
17944,89,83,6,6
17945,141,138,3,3
17946,87,79,8,8
17947,75,89,-14,14
17948,81,74,7,7
17949,65,71,-6,6
17950,90,86,4,4
17951,85,77,8,8
17952,71,68,3,3
17953,61,61,0,0
17954,104,96,8,8
17955,98,104,-6,6
17956,68,75,-7,7
17957,77,73,4,4
17958,90,81,9,9
17959,71,85,-14,14
17960,59,75,-16,16
17961,109,100,9,9
17962,105,116,-11,11
17963,175,160,15,15
17964,83,89,-6,6
17965,139,123,16,16
17966,68,75,-7,7
17967,88,92,-4,4
17968,75,67,8,8
17969,104,108,-4,4
17970,126,109,17,17
17971,91,93,-2,2
17972,94,98,-4,4
17973,89,86,3,3
17974,41,50,-9,9
17975,91,127,-36,36
17976,81,73,8,8
17977,72,66,6,6
17978,146,128,18,18
17979,80,79,1,1
17980,141,112,29,29
17981,104,103,1,1
17982,111,97,14,14
17983,115,116,-1,1
17984,67,62,5,5
17985,132,133,-1,1
17986,118,132,-14,14
17987,79,72,7,7
17988,67,75,-8,8
17989,158,139,19,19
17990,90,83,7,7
17991,78,83,-5,5
17992,52,85,-33,33
17993,67,71,-4,4
17994,57,86,-29,29
17995,93,90,3,3
17996,73,65,8,8
17997,100,120,-20,20
17998,150,124,26,26
17999,68,71,-3,3
18000,74,86,-12,12
18001,100,98,2,2
18002,92,97,-5,5
18003,101,111,-10,10
18004,96,76,20,20
18005,161,146,15,15
18006,71,72,-1,1
18007,97,96,1,1
18008,62,57,5,5
18009,70,74,-4,4
18010,106,104,2,2
18011,67,66,1,1
18012,56,69,-13,13
18013,75,66,9,9
18014,47,40,7,7
18015,78,77,1,1
18016,62,61,1,1
18017,68,58,10,10
18018,106,91,15,15
18019,125,105,20,20
18020,84,99,-15,15
18021,107,94,13,13
18022,63,65,-2,2
18023,76,84,-8,8
18024,98,89,9,9
18025,139,107,32,32
18026,94,108,-14,14
18027,142,138,4,4
18028,121,120,1,1
18029,79,80,-1,1
18030,123,126,-3,3
18031,82,77,5,5
18032,174,164,10,10
18033,116,119,-3,3
18034,51,67,-16,16
18035,157,142,15,15
18036,57,57,0,0
18037,71,69,2,2
18038,30,38,-8,8
18039,102,102,0,0
18040,140,129,11,11
18041,156,158,-2,2
18042,44,42,2,2
18043,157,146,11,11
18044,91,88,3,3
18045,111,136,-25,25
18046,107,127,-20,20
18047,83,86,-3,3
18048,83,74,9,9
18049,103,102,1,1
18050,84,67,17,17
18051,79,70,9,9
18052,119,109,10,10
18053,66,80,-14,14
18054,34,75,-41,41
18055,134,121,13,13
18056,108,100,8,8
18057,60,61,-1,1
18058,33,42,-9,9
18059,105,115,-10,10
18060,71,68,3,3
18061,92,89,3,3
18062,62,53,9,9
18063,54,54,0,0
18064,85,102,-17,17
18065,154,139,15,15
18066,109,104,5,5
18067,120,122,-2,2
18068,55,56,-1,1
18069,102,130,-28,28
18070,58,59,-1,1
18071,34,38,-4,4
18072,91,96,-5,5
18073,110,107,3,3
18074,117,107,10,10
18075,102,123,-21,21
18076,95,91,4,4
18077,38,48,-10,10
18078,88,87,1,1
18079,107,101,6,6
18080,113,114,-1,1
18081,58,53,5,5
18082,56,62,-6,6
18083,68,73,-5,5
18084,59,56,3,3
18085,169,163,6,6
18086,70,73,-3,3
18087,117,109,8,8
18088,84,78,6,6
18089,150,159,-9,9
18090,123,138,-15,15
18091,72,65,7,7
18092,108,116,-8,8
18093,87,86,1,1
18094,123,153,-30,30
18095,79,68,11,11
18096,112,132,-20,20
18097,77,74,3,3
18098,123,94,29,29
18099,109,120,-11,11
18100,82,71,11,11
18101,57,60,-3,3
18102,120,109,11,11
18103,117,125,-8,8
18104,53,48,5,5
18105,72,71,1,1
18106,90,85,5,5
18107,92,98,-6,6
18108,88,81,7,7
18109,55,68,-13,13
18110,62,51,11,11
18111,108,118,-10,10
18112,85,72,13,13
18113,66,84,-18,18
18114,165,162,3,3
18115,124,132,-8,8
18116,75,82,-7,7
18117,54,47,7,7
18118,141,139,2,2
18119,67,66,1,1
18120,94,106,-12,12
18121,102,134,-32,32
18122,119,129,-10,10
18123,53,61,-8,8
18124,122,141,-19,19
18125,60,53,7,7
18126,88,91,-3,3
18127,101,105,-4,4
18128,64,61,3,3
18129,48,56,-8,8
18130,75,63,12,12
18131,53,78,-25,25
18132,123,107,16,16
18133,90,100,-10,10
18134,137,145,-8,8
18135,95,103,-8,8
18136,88,101,-13,13
18137,106,115,-9,9
18138,155,156,-1,1
18139,75,68,7,7
18140,62,59,3,3
18141,91,83,8,8
18142,58,65,-7,7
18143,51,50,1,1
18144,120,125,-5,5
18145,94,90,4,4
18146,112,99,13,13
18147,84,97,-13,13
18148,67,62,5,5
18149,83,82,1,1
18150,162,143,19,19
18151,122,122,0,0
18152,36,47,-11,11
18153,127,117,10,10
18154,75,86,-11,11
18155,119,104,15,15
18156,147,118,29,29
18157,105,101,4,4
18158,55,51,4,4
18159,90,78,12,12
18160,57,64,-7,7
18161,100,98,2,2
18162,63,67,-4,4
18163,58,61,-3,3
18164,140,150,-10,10
18165,107,100,7,7
18166,71,77,-6,6
18167,145,152,-7,7
18168,64,62,2,2
18169,94,84,10,10
18170,71,64,7,7
18171,68,64,4,4
18172,109,103,6,6
18173,67,63,4,4
18174,81,77,4,4
18175,101,89,12,12
18176,135,110,25,25
18177,60,61,-1,1
18178,154,142,12,12
18179,131,118,13,13
18180,97,82,15,15
18181,65,57,8,8
18182,132,129,3,3
18183,95,105,-10,10
18184,97,82,15,15
18185,122,119,3,3
18186,80,70,10,10
18187,89,79,10,10
18188,97,79,18,18
18189,106,99,7,7
18190,101,100,1,1
18191,116,138,-22,22
18192,70,95,-25,25
18193,44,73,-29,29
18194,149,142,7,7
18195,95,95,0,0
18196,79,74,5,5
18197,114,112,2,2
18198,77,64,13,13
18199,121,115,6,6
18200,80,84,-4,4
18201,117,106,11,11
18202,150,136,14,14
18203,85,76,9,9
18204,72,84,-12,12
18205,112,105,7,7
18206,91,90,1,1
18207,61,57,4,4
18208,126,119,7,7
18209,78,76,2,2
18210,129,139,-10,10
18211,71,78,-7,7
18212,72,70,2,2
18213,166,161,5,5
18214,134,137,-3,3
18215,36,33,3,3
18216,63,70,-7,7
18217,73,64,9,9
18218,88,80,8,8
18219,88,95,-7,7
18220,113,111,2,2
18221,138,133,5,5
18222,88,73,15,15
18223,127,124,3,3
18224,216,201,15,15
18225,108,108,0,0
18226,137,131,6,6
18227,66,76,-10,10
18228,68,79,-11,11
18229,100,94,6,6
18230,50,54,-4,4
18231,130,137,-7,7
18232,100,119,-19,19
18233,201,177,24,24
18234,53,46,7,7
18235,65,61,4,4
18236,60,60,0,0
18237,177,169,8,8
18238,88,77,11,11
18239,64,63,1,1
18240,141,142,-1,1
18241,87,94,-7,7
18242,144,140,4,4
18243,118,117,1,1
18244,84,93,-9,9
18245,80,87,-7,7
18246,131,141,-10,10
18247,61,65,-4,4
18248,93,81,12,12
18249,78,82,-4,4
18250,58,49,9,9
18251,99,92,7,7
18252,107,96,11,11
18253,119,111,8,8
18254,104,121,-17,17
18255,87,85,2,2
18256,88,84,4,4
18257,131,132,-1,1
18258,126,131,-5,5
18259,125,118,7,7
18260,99,112,-13,13
18261,127,127,0,0
18262,34,58,-24,24
18263,77,69,8,8
18264,88,83,5,5
18265,106,115,-9,9
18266,104,99,5,5
18267,78,85,-7,7
18268,78,70,8,8
18269,211,197,14,14
18270,68,45,23,23
18271,110,95,15,15
18272,86,92,-6,6
18273,102,103,-1,1
18274,82,68,14,14
18275,57,55,2,2
18276,106,114,-8,8
18277,52,48,4,4
18278,60,52,8,8
18279,78,77,1,1
18280,66,59,7,7
18281,134,138,-4,4
18282,61,75,-14,14
18283,88,84,4,4
18284,95,96,-1,1
18285,79,85,-6,6
18286,109,105,4,4
18287,74,69,5,5
18288,82,67,15,15
18289,77,65,12,12
18290,89,78,11,11
18291,115,104,11,11
18292,64,53,11,11
18293,143,131,12,12
18294,189,179,10,10
18295,27,36,-9,9
18296,82,87,-5,5
18297,127,139,-12,12
18298,121,102,19,19
18299,103,104,-1,1
18300,55,55,0,0
18301,163,169,-6,6
18302,93,94,-1,1
18303,95,87,8,8
18304,123,120,3,3
18305,59,55,4,4
18306,112,101,11,11
18307,76,78,-2,2
18308,77,68,9,9
18309,62,72,-10,10
18310,71,69,2,2
18311,60,61,-1,1
18312,141,147,-6,6
18313,91,99,-8,8
18314,96,90,6,6
18315,58,68,-10,10
18316,93,87,6,6
18317,165,174,-9,9
18318,199,185,14,14
18319,98,97,1,1
18320,152,146,6,6
18321,81,66,15,15
18322,93,85,8,8
18323,122,117,5,5
18324,83,81,2,2
18325,82,97,-15,15
18326,61,66,-5,5
18327,87,90,-3,3
18328,44,54,-10,10
18329,90,96,-6,6
18330,50,67,-17,17
18331,122,123,-1,1
18332,82,80,2,2
18333,101,116,-15,15
18334,93,88,5,5
18335,132,130,2,2
18336,111,110,1,1
18337,96,77,19,19
18338,47,45,2,2
18339,113,117,-4,4
18340,182,197,-15,15
18341,107,126,-19,19
18342,99,106,-7,7
18343,72,59,13,13
18344,84,83,1,1
18345,55,63,-8,8
18346,154,156,-2,2
18347,39,44,-5,5
18348,107,100,7,7
18349,89,97,-8,8
18350,114,124,-10,10
18351,99,99,0,0
18352,76,91,-15,15
18353,61,64,-3,3
18354,112,109,3,3
18355,79,72,7,7
18356,81,80,1,1
18357,80,78,2,2
18358,49,67,-18,18
18359,48,114,-66,66
18360,113,109,4,4
18361,91,97,-6,6
18362,76,79,-3,3
18363,144,154,-10,10
18364,67,56,11,11
18365,81,67,14,14
18366,111,105,6,6
18367,78,74,4,4
18368,53,59,-6,6
18369,77,84,-7,7
18370,71,99,-28,28
18371,76,80,-4,4
18372,65,61,4,4
18373,90,94,-4,4
18374,165,160,5,5
18375,188,181,7,7
18376,58,173,-115,115
18377,81,78,3,3
18378,65,72,-7,7
18379,91,93,-2,2
18380,116,117,-1,1
18381,145,130,15,15
18382,111,130,-19,19
18383,146,130,16,16
18384,119,109,10,10
18385,91,98,-7,7
18386,116,133,-17,17
18387,48,45,3,3
18388,107,112,-5,5
18389,63,63,0,0
18390,120,111,9,9
18391,86,81,5,5
18392,93,90,3,3
18393,89,85,4,4
18394,95,93,2,2
18395,90,74,16,16
18396,104,99,5,5
18397,144,149,-5,5
18398,119,111,8,8
18399,82,89,-7,7
18400,61,70,-9,9
18401,93,97,-4,4
18402,142,126,16,16
18403,73,68,5,5
18404,133,132,1,1
18405,128,125,3,3
18406,104,94,10,10
18407,90,82,8,8
18408,88,98,-10,10
18409,65,72,-7,7
18410,102,100,2,2
18411,176,172,4,4
18412,90,95,-5,5
18413,241,185,56,56
18414,115,96,19,19
18415,69,61,8,8
18416,94,88,6,6
18417,123,138,-15,15
18418,96,104,-8,8
18419,90,99,-9,9
18420,59,64,-5,5
18421,76,68,8,8
18422,72,64,8,8
18423,70,73,-3,3
18424,67,72,-5,5
18425,83,86,-3,3
18426,205,177,28,28
18427,62,58,4,4
18428,214,199,15,15
18429,79,70,9,9
18430,142,121,21,21
18431,88,85,3,3
18432,107,115,-8,8
18433,120,109,11,11
18434,108,104,4,4
18435,102,92,10,10
18436,64,64,0,0
18437,86,93,-7,7
18438,70,72,-2,2
18439,130,108,22,22
18440,97,83,14,14
18441,85,96,-11,11
18442,67,64,3,3
18443,142,103,39,39
18444,48,55,-7,7
18445,88,77,11,11
18446,123,135,-12,12
18447,69,75,-6,6
18448,92,87,5,5
18449,69,75,-6,6
18450,45,46,-1,1
18451,64,61,3,3
18452,84,78,6,6
18453,131,119,12,12
18454,78,83,-5,5
18455,32,41,-9,9
18456,85,76,9,9
18457,100,87,13,13
18458,99,86,13,13
18459,125,115,10,10
18460,91,80,11,11
18461,196,182,14,14
18462,94,123,-29,29
18463,54,43,11,11
18464,134,116,18,18
18465,168,147,21,21
18466,64,60,4,4
18467,73,77,-4,4
18468,96,83,13,13
18469,82,89,-7,7
18470,48,68,-20,20
18471,65,69,-4,4
18472,121,123,-2,2
18473,102,104,-2,2
18474,69,61,8,8
18475,92,84,8,8
18476,79,76,3,3
18477,107,117,-10,10
18478,76,89,-13,13
18479,73,67,6,6
18480,75,66,9,9
18481,150,154,-4,4
18482,149,147,2,2
18483,144,136,8,8
18484,113,116,-3,3
18485,62,67,-5,5
18486,108,125,-17,17
18487,103,107,-4,4
18488,58,76,-18,18
18489,42,53,-11,11
18490,115,118,-3,3
18491,58,91,-33,33
18492,115,104,11,11
18493,109,98,11,11
18494,51,37,14,14
18495,70,65,5,5
18496,68,94,-26,26
18497,143,163,-20,20
18498,83,71,12,12
18499,116,109,7,7
18500,45,46,-1,1
18501,90,98,-8,8
18502,67,65,2,2
18503,100,99,1,1
18504,113,119,-6,6
18505,30,32,-2,2
18506,98,96,2,2
18507,67,62,5,5
18508,53,51,2,2
18509,105,107,-2,2
18510,123,121,2,2
18511,57,57,0,0
18512,125,118,7,7
18513,98,91,7,7
18514,111,109,2,2
18515,122,115,7,7
18516,117,116,1,1
18517,74,76,-2,2
18518,84,83,1,1
18519,143,150,-7,7
18520,121,111,10,10
18521,121,129,-8,8
18522,99,88,11,11
18523,103,86,17,17
18524,104,94,10,10
18525,63,51,12,12
18526,222,197,25,25
18527,113,113,0,0
18528,88,86,2,2
18529,122,99,23,23
18530,109,118,-9,9
18531,72,63,9,9
18532,64,58,6,6
18533,144,138,6,6
18534,82,76,6,6
18535,82,86,-4,4
18536,162,156,6,6
18537,112,118,-6,6
18538,62,54,8,8
18539,78,94,-16,16
18540,48,57,-9,9
18541,90,90,0,0
18542,130,111,19,19
18543,70,66,4,4
18544,141,148,-7,7
18545,138,128,10,10
18546,126,109,17,17
18547,71,73,-2,2
18548,89,98,-9,9
18549,138,120,18,18
18550,70,71,-1,1
18551,123,115,8,8
18552,72,66,6,6
18553,107,126,-19,19
18554,58,50,8,8
18555,90,80,10,10
18556,136,148,-12,12
18557,163,152,11,11
18558,108,100,8,8
18559,83,104,-21,21
18560,117,113,4,4
18561,142,138,4,4
18562,69,65,4,4
18563,100,98,2,2
18564,211,189,22,22
18565,148,153,-5,5
18566,82,76,6,6
18567,86,95,-9,9
18568,201,184,17,17
18569,113,133,-20,20
18570,126,124,2,2
18571,64,62,2,2
18572,98,93,5,5
18573,51,59,-8,8
18574,93,103,-10,10
18575,60,54,6,6
18576,82,77,5,5
18577,95,104,-9,9
18578,94,83,11,11
18579,81,77,4,4
18580,111,110,1,1
18581,63,78,-15,15
18582,55,59,-4,4
18583,142,138,4,4
18584,139,104,35,35
18585,118,122,-4,4
18586,209,153,56,56
18587,73,79,-6,6
18588,103,107,-4,4
18589,118,131,-13,13
18590,124,107,17,17
18591,79,92,-13,13
18592,124,111,13,13
18593,129,132,-3,3
18594,91,87,4,4
18595,83,90,-7,7
18596,120,108,12,12
18597,91,82,9,9
18598,101,92,9,9
18599,117,110,7,7
18600,154,148,6,6
18601,83,89,-6,6
18602,113,80,33,33
18603,83,86,-3,3
18604,106,119,-13,13
18605,47,66,-19,19
18606,63,57,6,6
18607,99,89,10,10
18608,47,60,-13,13
18609,111,98,13,13
18610,111,103,8,8
18611,152,144,8,8
18612,91,115,-24,24
18613,111,124,-13,13
18614,103,105,-2,2
18615,80,86,-6,6
18616,133,128,5,5
18617,83,80,3,3
18618,67,68,-1,1
18619,124,144,-20,20
18620,93,102,-9,9
18621,80,77,3,3
18622,64,71,-7,7
18623,74,93,-19,19
18624,92,92,0,0
18625,122,106,16,16
18626,92,102,-10,10
18627,111,112,-1,1
18628,148,126,22,22
18629,102,86,16,16
18630,101,92,9,9
18631,89,88,1,1
18632,94,107,-13,13
18633,78,81,-3,3
18634,88,73,15,15
18635,87,83,4,4
18636,59,51,8,8
18637,75,93,-18,18
18638,101,109,-8,8
18639,96,100,-4,4
18640,64,54,10,10
18641,106,68,38,38
18642,90,91,-1,1
18643,95,85,10,10
18644,107,104,3,3
18645,95,102,-7,7
18646,78,78,0,0
18647,124,156,-32,32
18648,142,150,-8,8
18649,73,62,11,11
18650,111,107,4,4
18651,92,76,16,16
18652,205,163,42,42
18653,93,76,17,17
18654,87,102,-15,15
18655,43,65,-22,22
18656,51,49,2,2
18657,102,107,-5,5
18658,85,96,-11,11
18659,152,160,-8,8
18660,69,69,0,0
18661,47,42,5,5
18662,52,58,-6,6
18663,94,101,-7,7
18664,149,157,-8,8
18665,81,68,13,13
18666,96,88,8,8
18667,88,90,-2,2
18668,81,69,12,12
18669,129,127,2,2
18670,107,111,-4,4
18671,93,82,11,11
18672,90,100,-10,10
18673,72,80,-8,8
18674,82,76,6,6
18675,73,80,-7,7
18676,102,105,-3,3
18677,52,60,-8,8
18678,79,96,-17,17
18679,131,123,8,8
18680,56,46,10,10
18681,58,55,3,3
18682,66,57,9,9
18683,58,63,-5,5
18684,76,73,3,3
18685,83,73,10,10
18686,84,76,8,8
18687,100,114,-14,14
18688,114,88,26,26
18689,112,108,4,4
18690,104,96,8,8
18691,110,114,-4,4
18692,160,160,0,0
18693,98,108,-10,10
18694,122,113,9,9
18695,39,45,-6,6
18696,120,124,-4,4
18697,84,84,0,0
18698,64,80,-16,16
18699,87,91,-4,4
18700,102,100,2,2
18701,87,82,5,5
18702,76,69,7,7
18703,132,127,5,5
18704,65,63,2,2
18705,136,117,19,19
18706,87,74,13,13
18707,93,98,-5,5
18708,130,127,3,3
18709,96,97,-1,1
18710,93,88,5,5
18711,67,74,-7,7
18712,116,113,3,3
18713,81,91,-10,10
18714,107,107,0,0
18715,70,101,-31,31
18716,113,101,12,12
18717,78,81,-3,3
18718,93,84,9,9
18719,62,69,-7,7
18720,43,56,-13,13
18721,81,79,2,2
18722,85,78,7,7
18723,128,111,17,17
18724,110,104,6,6
18725,37,30,7,7
18726,66,66,0,0
18727,56,49,7,7
18728,95,99,-4,4
18729,95,103,-8,8
18730,92,88,4,4
18731,99,106,-7,7
18732,75,76,-1,1
18733,186,157,29,29
18734,30,37,-7,7
18735,63,67,-4,4
18736,60,53,7,7
18737,38,47,-9,9
18738,70,69,1,1
18739,85,80,5,5
18740,71,94,-23,23
18741,122,131,-9,9
18742,45,105,-60,60
18743,94,86,8,8
18744,133,128,5,5
18745,89,69,20,20
18746,85,70,15,15
18747,80,83,-3,3
18748,141,133,8,8
18749,108,104,4,4
18750,39,55,-16,16
18751,85,93,-8,8
18752,99,97,2,2
18753,81,80,1,1
18754,123,121,2,2
18755,98,83,15,15
18756,81,80,1,1
18757,110,105,5,5
18758,64,73,-9,9
18759,75,86,-11,11
18760,59,58,1,1
18761,66,63,3,3
18762,81,134,-53,53
18763,92,88,4,4
18764,115,98,17,17
18765,129,136,-7,7
18766,99,89,10,10
18767,72,72,0,0
18768,91,91,0,0
18769,69,72,-3,3
18770,80,69,11,11
18771,89,99,-10,10
18772,92,90,2,2
18773,95,87,8,8
18774,166,158,8,8
18775,61,50,11,11
18776,59,57,2,2
18777,42,62,-20,20
18778,53,57,-4,4
18779,101,98,3,3
18780,90,81,9,9
18781,116,117,-1,1
18782,83,76,7,7
18783,89,80,9,9
18784,121,122,-1,1
18785,74,70,4,4
18786,113,109,4,4
18787,85,82,3,3
18788,137,127,10,10
18789,72,81,-9,9
18790,78,60,18,18
18791,113,130,-17,17
18792,144,121,23,23
18793,54,55,-1,1
18794,74,63,11,11
18795,72,74,-2,2
18796,73,73,0,0
18797,163,127,36,36
18798,96,100,-4,4
18799,90,89,1,1
18800,64,62,2,2
18801,61,73,-12,12
18802,79,67,12,12
18803,118,127,-9,9
18804,70,60,10,10
18805,108,110,-2,2
18806,83,107,-24,24
18807,55,55,0,0
18808,139,140,-1,1
18809,49,52,-3,3
18810,159,155,4,4
18811,30,47,-17,17
18812,111,118,-7,7
18813,112,110,2,2
18814,149,150,-1,1
18815,104,105,-1,1
18816,166,150,16,16
18817,76,69,7,7
18818,128,138,-10,10
18819,54,50,4,4
18820,99,101,-2,2
18821,53,54,-1,1
18822,98,104,-6,6
18823,94,102,-8,8
18824,144,152,-8,8
18825,47,38,9,9
18826,124,143,-19,19
18827,137,155,-18,18
18828,55,49,6,6
18829,79,72,7,7
18830,103,97,6,6
18831,67,70,-3,3
18832,45,47,-2,2
18833,129,122,7,7
18834,33,56,-23,23
18835,108,111,-3,3
18836,68,61,7,7
18837,165,168,-3,3
18838,108,97,11,11
18839,142,124,18,18
18840,108,112,-4,4
18841,56,55,1,1
18842,73,80,-7,7
18843,121,111,10,10
18844,139,153,-14,14
18845,124,119,5,5
18846,59,59,0,0
18847,98,114,-16,16
18848,42,38,4,4
18849,94,105,-11,11
18850,120,108,12,12
18851,64,75,-11,11
18852,52,61,-9,9
18853,193,185,8,8
18854,99,79,20,20
18855,73,78,-5,5
18856,166,148,18,18
18857,116,115,1,1
18858,69,83,-14,14
18859,67,65,2,2
18860,81,81,0,0
18861,112,101,11,11
18862,120,118,2,2
18863,67,56,11,11
18864,105,88,17,17
18865,146,141,5,5
18866,110,97,13,13
18867,90,81,9,9
18868,94,79,15,15
18869,106,113,-7,7
18870,95,102,-7,7
18871,112,120,-8,8
18872,104,91,13,13
18873,60,51,9,9
18874,93,81,12,12
18875,171,174,-3,3
18876,57,99,-42,42
18877,106,102,4,4
18878,83,81,2,2
18879,65,55,10,10
18880,111,112,-1,1
18881,117,116,1,1
18882,71,64,7,7
18883,46,80,-34,34
18884,87,111,-24,24
18885,80,77,3,3
18886,58,58,0,0
18887,47,130,-83,83
18888,196,169,27,27
18889,100,106,-6,6
18890,122,110,12,12
18891,126,108,18,18
18892,61,54,7,7
18893,68,71,-3,3
18894,90,99,-9,9
18895,96,93,3,3
18896,154,153,1,1
18897,153,166,-13,13
18898,83,89,-6,6
18899,130,132,-2,2
18900,110,112,-2,2
18901,122,112,10,10
18902,85,75,10,10
18903,55,47,8,8
18904,85,80,5,5
18905,122,121,1,1
18906,71,68,3,3
18907,149,137,12,12
18908,101,93,8,8
18909,81,97,-16,16
18910,95,87,8,8
18911,120,122,-2,2
18912,137,146,-9,9
18913,132,147,-15,15
18914,83,69,14,14
18915,121,128,-7,7
18916,121,112,9,9
18917,125,150,-25,25
18918,81,74,7,7
18919,137,143,-6,6
18920,89,90,-1,1
18921,113,95,18,18
18922,23,47,-24,24
18923,123,101,22,22
18924,172,166,6,6
18925,64,66,-2,2
18926,122,129,-7,7
18927,67,65,2,2
18928,86,86,0,0
18929,42,54,-12,12
18930,126,123,3,3
18931,148,142,6,6
18932,81,62,19,19
18933,78,80,-2,2
18934,74,72,2,2
18935,52,59,-7,7
18936,67,60,7,7
18937,69,68,1,1
18938,76,77,-1,1
18939,56,62,-6,6
18940,103,110,-7,7
18941,86,87,-1,1
18942,67,71,-4,4
18943,74,75,-1,1
18944,61,50,11,11
18945,42,55,-13,13
18946,106,105,1,1
18947,59,58,1,1
18948,65,69,-4,4
18949,148,149,-1,1
18950,161,166,-5,5
18951,140,127,13,13
18952,140,136,4,4
18953,70,70,0,0
18954,157,151,6,6
18955,70,80,-10,10
18956,110,113,-3,3
18957,132,176,-44,44
18958,40,35,5,5
18959,115,98,17,17
18960,165,173,-8,8
18961,46,69,-23,23
18962,108,116,-8,8
18963,145,141,4,4
18964,153,131,22,22
18965,64,61,3,3
18966,104,122,-18,18
18967,104,92,12,12
18968,103,103,0,0
18969,99,110,-11,11
18970,58,66,-8,8
18971,78,73,5,5
18972,116,114,2,2
18973,95,111,-16,16
18974,77,63,14,14
18975,100,82,18,18
18976,147,151,-4,4
18977,73,70,3,3
18978,90,104,-14,14
18979,91,88,3,3
18980,136,129,7,7
18981,156,154,2,2
18982,71,67,4,4
18983,65,64,1,1
18984,82,78,4,4
18985,116,118,-2,2
18986,134,132,2,2
18987,70,75,-5,5
18988,98,104,-6,6
18989,194,186,8,8
18990,58,56,2,2
18991,111,136,-25,25
18992,55,58,-3,3
18993,105,101,4,4
18994,85,88,-3,3
18995,105,101,4,4
18996,83,87,-4,4
18997,96,92,4,4
18998,83,79,4,4
18999,153,144,9,9
19000,81,78,3,3
19001,60,69,-9,9
19002,137,134,3,3
19003,140,139,1,1
19004,88,95,-7,7
19005,124,125,-1,1
19006,101,100,1,1
19007,84,80,4,4
19008,99,92,7,7
19009,59,52,7,7
19010,83,92,-9,9
19011,113,139,-26,26
19012,83,93,-10,10
19013,65,56,9,9
19014,52,62,-10,10
19015,120,112,8,8
19016,102,86,16,16
19017,50,97,-47,47
19018,134,152,-18,18
19019,90,93,-3,3
19020,79,74,5,5
19021,78,82,-4,4
19022,122,102,20,20
19023,69,62,7,7
19024,72,67,5,5
19025,71,72,-1,1
19026,112,64,48,48
19027,111,97,14,14
19028,96,98,-2,2
19029,96,82,14,14
19030,67,70,-3,3
19031,102,106,-4,4
19032,71,75,-4,4
19033,147,139,8,8
19034,123,124,-1,1
19035,89,72,17,17
19036,72,88,-16,16
19037,81,99,-18,18
19038,61,58,3,3
19039,79,82,-3,3
19040,112,106,6,6
19041,167,170,-3,3
19042,74,80,-6,6
19043,122,110,12,12
19044,78,99,-21,21
19045,64,100,-36,36
19046,72,77,-5,5
19047,90,86,4,4
19048,86,78,8,8
19049,122,130,-8,8
19050,70,63,7,7
19051,80,85,-5,5
19052,55,58,-3,3
19053,86,66,20,20
19054,117,126,-9,9
19055,95,97,-2,2
19056,88,85,3,3
19057,123,105,18,18
19058,102,90,12,12
19059,73,69,4,4
19060,33,41,-8,8
19061,133,117,16,16
19062,65,78,-13,13
19063,75,69,6,6
19064,39,36,3,3
19065,119,104,15,15
19066,88,90,-2,2
19067,110,95,15,15
19068,59,58,1,1
19069,94,112,-18,18
19070,90,81,9,9
19071,64,66,-2,2
19072,111,115,-4,4
19073,95,89,6,6
19074,77,74,3,3
19075,60,64,-4,4
19076,151,148,3,3
19077,90,86,4,4
19078,65,67,-2,2
19079,100,110,-10,10
19080,59,63,-4,4
19081,89,76,13,13
19082,91,107,-16,16
19083,152,141,11,11
19084,58,53,5,5
19085,98,107,-9,9
19086,111,105,6,6
19087,94,83,11,11
19088,98,102,-4,4
19089,99,87,12,12
19090,132,126,6,6
19091,99,118,-19,19
19092,163,177,-14,14
19093,105,72,33,33
19094,109,110,-1,1
19095,49,52,-3,3
19096,97,115,-18,18
19097,153,140,13,13
19098,73,81,-8,8
19099,71,81,-10,10
19100,89,73,16,16
19101,110,87,23,23
19102,73,73,0,0
19103,151,126,25,25
19104,146,134,12,12
19105,74,70,4,4
19106,76,66,10,10
19107,57,99,-42,42
19108,96,85,11,11
19109,143,134,9,9
19110,98,77,21,21
19111,74,82,-8,8
19112,78,71,7,7
19113,139,163,-24,24
19114,81,75,6,6
19115,74,83,-9,9
19116,81,85,-4,4
19117,149,144,5,5
19118,59,61,-2,2
19119,92,97,-5,5
19120,88,83,5,5
19121,94,80,14,14
19122,106,107,-1,1
19123,143,119,24,24
19124,61,69,-8,8
19125,84,75,9,9
19126,107,104,3,3
19127,129,135,-6,6
19128,80,78,2,2
19129,89,104,-15,15
19130,159,152,7,7
19131,44,52,-8,8
19132,116,113,3,3
19133,79,82,-3,3
19134,82,70,12,12
19135,77,72,5,5
19136,124,119,5,5
19137,97,98,-1,1
19138,62,69,-7,7
19139,65,67,-2,2
19140,78,77,1,1
19141,105,99,6,6
19142,107,120,-13,13
19143,60,67,-7,7
19144,63,60,3,3
19145,71,74,-3,3
19146,122,132,-10,10
19147,76,75,1,1
19148,137,142,-5,5
19149,89,88,1,1
19150,87,96,-9,9
19151,147,144,3,3
19152,121,138,-17,17
19153,91,87,4,4
19154,62,56,6,6
19155,77,88,-11,11
19156,95,97,-2,2
19157,71,73,-2,2
19158,129,137,-8,8
19159,114,114,0,0
19160,196,189,7,7
19161,113,111,2,2
19162,122,123,-1,1
19163,120,121,-1,1
19164,104,109,-5,5
19165,99,97,2,2
19166,80,89,-9,9
19167,69,84,-15,15
19168,100,108,-8,8
19169,63,68,-5,5
19170,145,135,10,10
19171,55,49,6,6
19172,91,85,6,6
19173,148,141,7,7
19174,75,63,12,12
19175,106,98,8,8
19176,179,172,7,7
19177,86,90,-4,4
19178,72,70,2,2
19179,127,121,6,6
19180,68,57,11,11
19181,69,87,-18,18
19182,136,133,3,3
19183,91,75,16,16
19184,102,98,4,4
19185,128,116,12,12
19186,94,96,-2,2
19187,105,100,5,5
19188,146,149,-3,3
19189,72,65,7,7
19190,105,99,6,6
19191,137,138,-1,1
19192,169,171,-2,2
19193,130,152,-22,22
19194,126,116,10,10
19195,125,136,-11,11
19196,102,82,20,20
19197,74,79,-5,5
19198,74,83,-9,9
19199,97,99,-2,2
19200,113,108,5,5
19201,54,64,-10,10
19202,127,113,14,14
19203,73,84,-11,11
19204,145,144,1,1
19205,117,108,9,9
19206,123,124,-1,1
19207,188,169,19,19
19208,75,80,-5,5
19209,76,84,-8,8
19210,45,61,-16,16
19211,86,81,5,5
19212,74,77,-3,3
19213,103,109,-6,6
19214,140,129,11,11
19215,95,104,-9,9
19216,102,103,-1,1
19217,34,54,-20,20
19218,101,85,16,16
19219,62,70,-8,8
19220,81,98,-17,17
19221,84,88,-4,4
19222,114,134,-20,20
19223,90,78,12,12
19224,66,92,-26,26
19225,98,97,1,1
19226,68,75,-7,7
19227,115,120,-5,5
19228,101,101,0,0
19229,137,139,-2,2
19230,125,131,-6,6
19231,84,84,0,0
19232,43,65,-22,22
19233,99,90,9,9
19234,126,133,-7,7
19235,97,91,6,6
19236,105,104,1,1
19237,74,79,-5,5
19238,108,99,9,9
19239,70,67,3,3
19240,49,57,-8,8
19241,133,126,7,7
19242,105,92,13,13
19243,147,148,-1,1
19244,98,95,3,3
19245,124,110,14,14
19246,73,73,0,0
19247,78,69,9,9
19248,106,106,0,0
19249,63,56,7,7
19250,87,87,0,0
19251,80,74,6,6
19252,101,90,11,11
19253,80,78,2,2
19254,107,94,13,13
19255,65,76,-11,11
19256,62,64,-2,2
19257,124,132,-8,8
19258,37,40,-3,3
19259,109,102,7,7
19260,48,51,-3,3
19261,152,137,15,15
19262,163,151,12,12
19263,126,114,12,12
19264,62,66,-4,4
19265,128,141,-13,13
19266,104,106,-2,2
19267,110,122,-12,12
19268,79,100,-21,21
19269,79,74,5,5
19270,145,142,3,3
19271,74,78,-4,4
19272,59,56,3,3
19273,107,114,-7,7
19274,88,92,-4,4
19275,47,126,-79,79
19276,111,113,-2,2
19277,108,101,7,7
19278,133,119,14,14
19279,155,165,-10,10
19280,85,79,6,6
19281,135,114,21,21
19282,104,97,7,7
19283,149,155,-6,6
19284,78,78,0,0
19285,76,66,10,10
19286,96,98,-2,2
19287,130,126,4,4
19288,90,78,12,12
19289,55,96,-41,41
19290,123,131,-8,8
19291,65,61,4,4
19292,69,88,-19,19
19293,50,55,-5,5
19294,51,65,-14,14
19295,81,78,3,3
19296,108,112,-4,4
19297,81,77,4,4
19298,42,53,-11,11
19299,141,125,16,16
19300,66,62,4,4
19301,103,98,5,5
19302,147,146,1,1
19303,105,89,16,16
19304,136,122,14,14
19305,58,61,-3,3
19306,108,92,16,16
19307,63,69,-6,6
19308,116,112,4,4
19309,147,127,20,20
19310,73,66,7,7
19311,92,98,-6,6
19312,63,74,-11,11
19313,98,97,1,1
19314,153,158,-5,5
19315,98,97,1,1
19316,68,77,-9,9
19317,70,61,9,9
19318,69,141,-72,72
19319,68,56,12,12
19320,66,65,1,1
19321,83,82,1,1
19322,113,101,12,12
19323,123,127,-4,4
19324,39,39,0,0
19325,127,125,2,2
19326,119,111,8,8
19327,80,68,12,12
19328,202,199,3,3
19329,71,82,-11,11
19330,49,55,-6,6
19331,73,74,-1,1
19332,90,90,0,0
19333,86,85,1,1
19334,71,87,-16,16
19335,62,60,2,2
19336,89,76,13,13
19337,205,183,22,22
19338,157,95,62,62
19339,95,105,-10,10
19340,54,70,-16,16
19341,86,85,1,1
19342,105,102,3,3
19343,51,61,-10,10
19344,56,67,-11,11
19345,142,133,9,9
19346,151,144,7,7
19347,72,65,7,7
19348,71,78,-7,7
19349,73,79,-6,6
19350,58,56,2,2
19351,175,167,8,8
19352,132,134,-2,2
19353,102,102,0,0
19354,115,115,0,0
19355,92,104,-12,12
19356,77,75,2,2
19357,113,106,7,7
19358,103,97,6,6
19359,147,163,-16,16
19360,93,103,-10,10
19361,105,100,5,5
19362,95,90,5,5
19363,158,149,9,9
19364,117,124,-7,7
19365,113,120,-7,7
19366,84,73,11,11
19367,64,65,-1,1
19368,98,103,-5,5
19369,91,92,-1,1
19370,106,96,10,10
19371,57,63,-6,6
19372,130,121,9,9
19373,67,76,-9,9
19374,60,67,-7,7
19375,80,84,-4,4
19376,109,107,2,2
19377,56,88,-32,32
19378,61,82,-21,21
19379,162,155,7,7
19380,105,101,4,4
19381,118,105,13,13
19382,88,85,3,3
19383,61,54,7,7
19384,101,99,2,2
19385,130,147,-17,17
19386,116,101,15,15
19387,66,76,-10,10
19388,67,21,46,46
19389,68,66,2,2
19390,54,56,-2,2
19391,76,94,-18,18
19392,91,93,-2,2
19393,48,59,-11,11
19394,108,99,9,9
19395,50,58,-8,8
19396,121,128,-7,7
19397,55,51,4,4
19398,99,68,31,31
19399,109,107,2,2
19400,129,125,4,4
19401,59,54,5,5
19402,193,196,-3,3
19403,115,107,8,8
19404,168,165,3,3
19405,109,104,5,5
19406,79,94,-15,15
19407,69,72,-3,3
19408,124,119,5,5
19409,86,100,-14,14
19410,108,102,6,6
19411,57,64,-7,7
19412,69,54,15,15
19413,73,78,-5,5
19414,93,101,-8,8
19415,108,102,6,6
19416,47,53,-6,6
19417,96,87,9,9
19418,136,145,-9,9
19419,62,42,20,20
19420,35,48,-13,13
19421,168,176,-8,8
19422,72,68,4,4
19423,53,50,3,3
19424,181,153,28,28
19425,106,100,6,6
19426,110,114,-4,4
19427,71,71,0,0
19428,81,83,-2,2
19429,66,69,-3,3
19430,96,103,-7,7
19431,94,81,13,13
19432,101,92,9,9
19433,56,72,-16,16
19434,161,138,23,23
19435,120,111,9,9
19436,90,90,0,0
19437,74,79,-5,5
19438,119,114,5,5
19439,120,112,8,8
19440,116,150,-34,34
19441,72,80,-8,8
19442,100,84,16,16
19443,72,70,2,2
19444,152,155,-3,3
19445,65,73,-8,8
19446,84,78,6,6
19447,100,101,-1,1
19448,116,106,10,10
19449,88,86,2,2
19450,94,99,-5,5
19451,76,76,0,0
19452,70,73,-3,3
19453,72,85,-13,13
19454,114,108,6,6
19455,95,93,2,2
19456,88,82,6,6
19457,103,145,-42,42
19458,82,79,3,3
19459,66,74,-8,8
19460,126,123,3,3
19461,215,195,20,20
19462,127,124,3,3
19463,71,72,-1,1
19464,106,84,22,22
19465,125,124,1,1
19466,98,100,-2,2
19467,80,90,-10,10
19468,76,80,-4,4
19469,126,125,1,1
19470,45,48,-3,3
19471,98,104,-6,6
19472,75,67,8,8
19473,76,69,7,7
19474,103,112,-9,9
19475,149,119,30,30
19476,110,121,-11,11
19477,71,66,5,5
19478,121,135,-14,14
19479,86,88,-2,2
19480,44,38,6,6
19481,126,120,6,6
19482,145,136,9,9
19483,94,90,4,4
19484,49,59,-10,10
19485,99,91,8,8
19486,75,85,-10,10
19487,77,99,-22,22
19488,65,73,-8,8
19489,117,115,2,2
19490,87,82,5,5
19491,87,95,-8,8
19492,138,138,0,0
19493,66,68,-2,2
19494,100,90,10,10
19495,107,95,12,12
19496,82,109,-27,27
19497,76,88,-12,12
19498,67,60,7,7
19499,40,47,-7,7
19500,88,86,2,2
19501,184,166,18,18
19502,92,76,16,16
19503,134,142,-8,8
19504,105,109,-4,4
19505,112,110,2,2
19506,70,73,-3,3
19507,70,82,-12,12
19508,57,59,-2,2
19509,120,118,2,2
19510,98,100,-2,2
19511,115,110,5,5
19512,84,88,-4,4
19513,97,93,4,4
19514,85,89,-4,4
19515,67,75,-8,8
19516,93,89,4,4
19517,123,119,4,4
19518,52,84,-32,32
19519,113,116,-3,3
19520,63,68,-5,5
19521,97,90,7,7
19522,103,91,12,12
19523,91,112,-21,21
19524,74,82,-8,8
19525,110,117,-7,7
19526,162,161,1,1
19527,98,97,1,1
19528,103,106,-3,3
19529,96,104,-8,8
19530,35,39,-4,4
19531,85,91,-6,6
19532,69,71,-2,2
19533,80,73,7,7
19534,60,60,0,0
19535,87,101,-14,14
19536,77,74,3,3
19537,139,135,4,4
19538,51,52,-1,1
19539,122,110,12,12
19540,125,114,11,11
19541,63,56,7,7
19542,125,115,10,10
19543,85,96,-11,11
19544,112,123,-11,11
19545,58,78,-20,20
19546,104,111,-7,7
19547,120,115,5,5
19548,43,43,0,0
19549,90,103,-13,13
19550,29,33,-4,4
19551,92,77,15,15
19552,99,88,11,11
19553,55,62,-7,7
19554,66,61,5,5
19555,78,76,2,2
19556,67,60,7,7
19557,91,92,-1,1
19558,143,127,16,16
19559,86,108,-22,22
19560,57,61,-4,4
19561,96,83,13,13
19562,101,110,-9,9
19563,58,63,-5,5
19564,113,96,17,17
19565,44,44,0,0
19566,140,125,15,15
19567,150,147,3,3
19568,117,123,-6,6
19569,86,85,1,1
19570,99,86,13,13
19571,114,112,2,2
19572,81,72,9,9
19573,64,62,2,2
19574,132,110,22,22
19575,82,84,-2,2
19576,141,126,15,15
19577,68,76,-8,8
19578,137,131,6,6
19579,75,71,4,4
19580,71,67,4,4
19581,59,112,-53,53
19582,45,41,4,4
19583,70,71,-1,1
19584,107,103,4,4
19585,59,57,2,2
19586,41,50,-9,9
19587,65,77,-12,12
19588,50,68,-18,18
19589,88,79,9,9
19590,114,114,0,0
19591,64,54,10,10
19592,154,157,-3,3
19593,64,72,-8,8
19594,46,68,-22,22
19595,120,118,2,2
19596,80,82,-2,2
19597,52,42,10,10
19598,88,114,-26,26
19599,65,104,-39,39
19600,49,47,2,2
19601,82,91,-9,9
19602,108,115,-7,7
19603,59,73,-14,14
19604,68,69,-1,1
19605,99,104,-5,5
19606,100,97,3,3
19607,100,88,12,12
19608,156,149,7,7
19609,91,94,-3,3
19610,152,152,0,0
19611,125,117,8,8
19612,60,58,2,2
19613,43,58,-15,15
19614,48,53,-5,5
19615,94,97,-3,3
19616,70,65,5,5
19617,52,53,-1,1
19618,70,67,3,3
19619,154,120,34,34
19620,133,123,10,10
19621,72,65,7,7
19622,79,85,-6,6
19623,111,116,-5,5
19624,72,70,2,2
19625,147,161,-14,14
19626,94,86,8,8
19627,41,44,-3,3
19628,79,89,-10,10
19629,61,49,12,12
19630,68,71,-3,3
19631,70,65,5,5
19632,80,81,-1,1
19633,58,60,-2,2
19634,45,46,-1,1
19635,187,165,22,22
19636,84,84,0,0
19637,76,80,-4,4
19638,154,141,13,13
19639,139,144,-5,5
19640,173,170,3,3
19641,75,62,13,13
19642,148,150,-2,2
19643,174,143,31,31
19644,100,105,-5,5
19645,29,54,-25,25
19646,102,86,16,16
19647,67,68,-1,1
19648,51,58,-7,7
19649,133,114,19,19
19650,36,51,-15,15
19651,66,69,-3,3
19652,65,54,11,11
19653,73,74,-1,1
19654,151,90,61,61
19655,87,96,-9,9
19656,138,143,-5,5
19657,65,57,8,8
19658,97,87,10,10
19659,84,87,-3,3
19660,171,165,6,6
19661,110,96,14,14
19662,120,117,3,3
19663,99,111,-12,12
19664,135,164,-29,29
19665,90,77,13,13
19666,70,63,7,7
19667,99,109,-10,10
19668,58,58,0,0
19669,109,136,-27,27
19670,77,76,1,1
19671,74,72,2,2
19672,134,143,-9,9
19673,130,122,8,8
19674,65,63,2,2
19675,109,101,8,8
19676,75,71,4,4
19677,125,124,1,1
19678,99,93,6,6
19679,147,147,0,0
19680,160,130,30,30
19681,49,46,3,3
19682,62,72,-10,10
19683,332,224,108,108
19684,127,129,-2,2
19685,34,54,-20,20
19686,145,139,6,6
19687,108,99,9,9
19688,66,69,-3,3
19689,65,71,-6,6
19690,157,152,5,5
19691,89,86,3,3
19692,97,100,-3,3
19693,116,117,-1,1
19694,102,92,10,10
19695,118,116,2,2
19696,161,151,10,10
19697,97,89,8,8
19698,40,38,2,2
19699,63,58,5,5
19700,70,72,-2,2
19701,83,73,10,10
19702,100,107,-7,7
19703,76,71,5,5
19704,105,96,9,9
19705,72,84,-12,12
19706,69,82,-13,13
19707,136,141,-5,5
19708,126,110,16,16
19709,130,137,-7,7
19710,116,132,-16,16
19711,87,90,-3,3
19712,100,109,-9,9
19713,100,99,1,1
19714,55,63,-8,8
19715,92,90,2,2
19716,101,96,5,5
19717,149,145,4,4
19718,98,89,9,9
19719,89,90,-1,1
19720,40,70,-30,30
19721,91,93,-2,2
19722,103,108,-5,5
19723,88,80,8,8
19724,76,84,-8,8
19725,43,58,-15,15
19726,60,50,10,10
19727,165,156,9,9
19728,148,123,25,25
19729,114,117,-3,3
19730,97,86,11,11
19731,141,146,-5,5
19732,82,78,4,4
19733,89,100,-11,11
19734,141,148,-7,7
19735,31,48,-17,17
19736,87,105,-18,18
19737,83,81,2,2
19738,64,62,2,2
19739,68,72,-4,4
19740,75,70,5,5
19741,102,98,4,4
19742,54,54,0,0
19743,108,119,-11,11
19744,104,86,18,18
19745,132,134,-2,2
19746,77,65,12,12
19747,130,135,-5,5
19748,46,44,2,2
19749,83,106,-23,23
19750,79,82,-3,3
19751,180,177,3,3
19752,118,135,-17,17
19753,105,110,-5,5
19754,93,99,-6,6
19755,81,67,14,14
19756,61,73,-12,12
19757,142,139,3,3
19758,93,90,3,3
19759,100,101,-1,1
19760,146,134,12,12
19761,64,71,-7,7
19762,116,116,0,0
19763,55,110,-55,55
19764,55,61,-6,6
19765,86,96,-10,10
19766,90,88,2,2
19767,146,144,2,2
19768,55,54,1,1
19769,76,83,-7,7
19770,48,57,-9,9
19771,84,75,9,9
19772,62,74,-12,12
19773,93,82,11,11
19774,104,103,1,1
19775,108,99,9,9
19776,83,81,2,2
19777,57,53,4,4
19778,76,75,1,1
19779,100,123,-23,23
19780,96,95,1,1
19781,124,96,28,28
19782,55,63,-8,8
19783,61,67,-6,6
19784,104,115,-11,11
19785,70,62,8,8
19786,94,98,-4,4
19787,64,61,3,3
19788,113,115,-2,2
19789,92,101,-9,9
19790,136,140,-4,4
19791,115,99,16,16
19792,103,119,-16,16
19793,84,89,-5,5
19794,60,63,-3,3
19795,83,112,-29,29
19796,127,119,8,8
19797,137,141,-4,4
19798,64,51,13,13
19799,180,170,10,10
19800,144,141,3,3
19801,82,77,5,5
19802,89,73,16,16
19803,122,147,-25,25
19804,85,84,1,1
19805,127,122,5,5
19806,86,84,2,2
19807,81,86,-5,5
19808,102,96,6,6
19809,104,77,27,27
19810,47,47,0,0
19811,163,146,17,17
19812,102,104,-2,2
19813,152,137,15,15
19814,139,127,12,12
19815,88,76,12,12
19816,57,50,7,7
19817,79,72,7,7
19818,60,47,13,13
19819,104,89,15,15
19820,92,86,6,6
19821,74,67,7,7
19822,94,80,14,14
19823,102,103,-1,1
19824,109,100,9,9
19825,86,82,4,4
19826,85,79,6,6
19827,86,77,9,9
19828,158,138,20,20
19829,78,70,8,8
19830,72,60,12,12
19831,127,114,13,13
19832,81,77,4,4
19833,99,96,3,3
19834,64,77,-13,13
19835,137,140,-3,3
19836,99,101,-2,2
19837,74,76,-2,2
19838,80,88,-8,8
19839,99,93,6,6
19840,95,99,-4,4
19841,48,47,1,1
19842,77,72,5,5
19843,88,97,-9,9
19844,99,102,-3,3
19845,87,77,10,10
19846,75,69,6,6
19847,103,116,-13,13
19848,190,183,7,7
19849,88,164,-76,76
19850,85,84,1,1
19851,59,50,9,9
19852,63,81,-18,18
19853,85,74,11,11
19854,67,87,-20,20
19855,76,82,-6,6
19856,115,114,1,1
19857,62,65,-3,3
19858,61,68,-7,7
19859,147,146,1,1
19860,153,137,16,16
19861,68,57,11,11
19862,106,119,-13,13
19863,79,78,1,1
19864,165,151,14,14
19865,63,64,-1,1
19866,106,103,3,3
19867,74,75,-1,1
19868,135,124,11,11
19869,76,70,6,6
19870,113,113,0,0
19871,77,83,-6,6
19872,67,79,-12,12
19873,93,122,-29,29
19874,170,161,9,9
19875,77,82,-5,5
19876,88,83,5,5
19877,103,98,5,5
19878,85,91,-6,6
19879,82,71,11,11
19880,70,71,-1,1
19881,94,103,-9,9
19882,44,51,-7,7
19883,103,105,-2,2
19884,99,109,-10,10
19885,67,58,9,9
19886,56,62,-6,6
19887,94,95,-1,1
19888,77,77,0,0
19889,68,70,-2,2
19890,125,113,12,12
19891,110,109,1,1
19892,102,88,14,14
19893,57,63,-6,6
19894,68,86,-18,18
19895,75,76,-1,1
19896,101,97,4,4
19897,57,57,0,0
19898,93,110,-17,17
19899,52,106,-54,54
19900,57,62,-5,5
19901,123,104,19,19
19902,111,128,-17,17
19903,62,67,-5,5
19904,89,99,-10,10
19905,114,108,6,6
19906,45,53,-8,8
19907,79,75,4,4
19908,134,128,6,6
19909,101,98,3,3
19910,92,91,1,1
19911,74,74,0,0
19912,95,96,-1,1
19913,49,55,-6,6
19914,86,82,4,4
19915,50,68,-18,18
19916,55,71,-16,16
19917,49,53,-4,4
19918,87,83,4,4
19919,59,67,-8,8
19920,108,98,10,10
19921,88,83,5,5
19922,118,109,9,9
19923,108,107,1,1
19924,38,128,-90,90
19925,94,77,17,17
19926,35,32,3,3
19927,114,112,2,2
19928,124,109,15,15
19929,108,111,-3,3
19930,129,146,-17,17
19931,69,65,4,4
19932,108,106,2,2
19933,66,75,-9,9
19934,62,66,-4,4
19935,107,113,-6,6
19936,65,63,2,2
19937,169,139,30,30
19938,115,120,-5,5
19939,116,112,4,4
19940,87,82,5,5
19941,62,68,-6,6
19942,128,124,4,4
19943,126,139,-13,13
19944,139,144,-5,5
19945,217,185,32,32
19946,147,129,18,18
19947,117,101,16,16
19948,181,175,6,6
19949,101,107,-6,6
19950,66,77,-11,11
19951,77,73,4,4
19952,110,106,4,4
19953,186,183,3,3
19954,60,55,5,5
19955,68,62,6,6
19956,125,117,8,8
19957,52,51,1,1
19958,75,69,6,6
19959,109,118,-9,9
19960,44,41,3,3
19961,123,119,4,4
19962,123,129,-6,6
19963,69,71,-2,2
19964,51,51,0,0
19965,148,128,20,20
19966,104,89,15,15
19967,64,57,7,7
19968,82,101,-19,19
19969,82,78,4,4
19970,135,137,-2,2
19971,54,58,-4,4
19972,88,73,15,15
19973,88,71,17,17
19974,102,96,6,6
19975,45,54,-9,9
19976,85,83,2,2
19977,117,103,14,14
19978,124,110,14,14
19979,60,76,-16,16
19980,40,65,-25,25
19981,133,135,-2,2
19982,101,101,0,0
19983,80,82,-2,2
19984,90,112,-22,22
19985,85,82,3,3
19986,68,66,2,2
19987,150,152,-2,2
19988,86,73,13,13
19989,105,109,-4,4
19990,45,59,-14,14
19991,149,163,-14,14
19992,74,69,5,5
19993,40,41,-1,1
19994,75,74,1,1
19995,47,47,0,0
19996,70,69,1,1
19997,56,60,-4,4
19998,46,52,-6,6
19999,98,113,-15,15
20000,107,100,7,7
20001,121,106,15,15
20002,192,187,5,5
20003,50,57,-7,7
20004,62,70,-8,8
20005,93,92,1,1
20006,96,89,7,7
20007,72,68,4,4
20008,134,140,-6,6
20009,98,97,1,1
20010,159,147,12,12
20011,115,114,1,1
20012,54,61,-7,7
20013,60,56,4,4
20014,80,64,16,16
20015,103,97,6,6
20016,89,87,2,2
20017,118,125,-7,7
20018,109,105,4,4
20019,65,62,3,3
20020,62,70,-8,8
20021,100,101,-1,1
20022,127,125,2,2
20023,54,52,2,2
20024,113,108,5,5
20025,122,118,4,4
20026,140,117,23,23
20027,71,63,8,8
20028,86,82,4,4
20029,94,95,-1,1
20030,124,124,0,0
20031,59,62,-3,3
20032,115,99,16,16
20033,61,59,2,2
20034,65,55,10,10
20035,79,89,-10,10
20036,122,111,11,11
20037,97,109,-12,12
20038,64,67,-3,3
20039,107,101,6,6
20040,109,104,5,5
20041,70,61,9,9
20042,63,67,-4,4
20043,104,100,4,4
20044,88,77,11,11
20045,91,94,-3,3
20046,136,150,-14,14
20047,67,65,2,2
20048,65,70,-5,5
20049,97,99,-2,2
20050,114,113,1,1
20051,122,129,-7,7
20052,76,58,18,18
20053,96,100,-4,4
20054,90,95,-5,5
20055,68,65,3,3
20056,78,89,-11,11
20057,158,130,28,28
20058,77,82,-5,5
20059,65,67,-2,2
20060,126,119,7,7
20061,102,97,5,5
20062,96,82,14,14
20063,120,137,-17,17
20064,44,49,-5,5
20065,68,73,-5,5
20066,170,163,7,7
20067,40,42,-2,2
20068,43,49,-6,6
20069,95,94,1,1
20070,114,102,12,12
20071,60,67,-7,7
20072,35,48,-13,13
20073,70,70,0,0
20074,126,125,1,1
20075,68,75,-7,7
20076,137,141,-4,4
20077,154,120,34,34
20078,139,141,-2,2
20079,103,118,-15,15
20080,82,71,11,11
20081,94,98,-4,4
20082,136,129,7,7
20083,81,69,12,12
20084,51,37,14,14
20085,126,133,-7,7
20086,89,123,-34,34
20087,88,92,-4,4
20088,77,56,21,21
20089,83,92,-9,9
20090,77,76,1,1
20091,84,82,2,2
20092,82,66,16,16
20093,65,60,5,5
20094,113,110,3,3
20095,78,94,-16,16
20096,54,48,6,6
20097,94,102,-8,8
20098,59,64,-5,5
20099,117,134,-17,17
20100,78,57,21,21
20101,48,43,5,5
20102,54,66,-12,12
20103,99,106,-7,7
20104,71,79,-8,8
20105,136,123,13,13
20106,45,45,0,0
20107,84,93,-9,9
20108,82,78,4,4
20109,45,54,-9,9
20110,125,103,22,22
20111,50,57,-7,7
20112,71,73,-2,2
20113,89,85,4,4
20114,61,57,4,4
20115,105,99,6,6
20116,143,144,-1,1
20117,185,148,37,37
20118,48,64,-16,16
20119,98,100,-2,2
20120,38,42,-4,4
20121,92,88,4,4
20122,139,115,24,24
20123,99,89,10,10
20124,106,105,1,1
20125,60,76,-16,16
20126,96,81,15,15
20127,138,142,-4,4
20128,83,95,-12,12
20129,152,121,31,31
20130,115,110,5,5
20131,84,95,-11,11
20132,133,127,6,6
20133,128,114,14,14
20134,78,84,-6,6
20135,93,85,8,8
20136,105,100,5,5
20137,90,99,-9,9
20138,205,164,41,41
20139,80,76,4,4
20140,80,78,2,2
20141,118,96,22,22
20142,60,68,-8,8
20143,101,105,-4,4
20144,95,94,1,1
20145,130,150,-20,20
20146,113,93,20,20
20147,79,87,-8,8
20148,88,90,-2,2
20149,109,101,8,8
20150,98,105,-7,7
20151,70,64,6,6
20152,92,97,-5,5
20153,157,167,-10,10
20154,44,57,-13,13
20155,95,79,16,16
20156,87,80,7,7
20157,109,91,18,18
20158,111,116,-5,5
20159,86,74,12,12
20160,149,154,-5,5
20161,111,110,1,1
20162,45,48,-3,3
20163,150,153,-3,3
20164,89,75,14,14
20165,67,80,-13,13
20166,87,77,10,10
20167,150,147,3,3
20168,124,108,16,16
20169,96,94,2,2
20170,125,138,-13,13
20171,116,133,-17,17
20172,80,72,8,8
20173,156,141,15,15
20174,159,163,-4,4
20175,108,110,-2,2
20176,90,98,-8,8
20177,117,115,2,2
20178,139,132,7,7
20179,87,84,3,3
20180,79,72,7,7
20181,103,101,2,2
20182,157,131,26,26
20183,159,164,-5,5
20184,46,77,-31,31
20185,84,85,-1,1
20186,62,69,-7,7
20187,99,106,-7,7
20188,62,63,-1,1
20189,87,105,-18,18
20190,186,192,-6,6
20191,104,102,2,2
20192,83,91,-8,8
20193,82,72,10,10
20194,82,88,-6,6
20195,116,117,-1,1
20196,48,49,-1,1
20197,72,72,0,0
20198,81,76,5,5
20199,89,96,-7,7
20200,66,62,4,4
20201,99,105,-6,6
20202,97,97,0,0
20203,83,86,-3,3
20204,57,54,3,3
20205,95,89,6,6
20206,81,81,0,0
20207,77,79,-2,2
20208,65,67,-2,2
20209,109,102,7,7
20210,58,54,4,4
20211,38,42,-4,4
20212,109,102,7,7
20213,128,122,6,6
20214,68,63,5,5
20215,134,134,0,0
20216,80,80,0,0
20217,197,169,28,28
20218,105,106,-1,1
20219,78,69,9,9
20220,99,131,-32,32
20221,88,82,6,6
20222,105,113,-8,8
20223,63,69,-6,6
20224,76,119,-43,43
20225,80,80,0,0
20226,68,69,-1,1
20227,97,97,0,0
20228,107,95,12,12
20229,96,75,21,21
20230,120,132,-12,12
20231,110,93,17,17
20232,67,74,-7,7
20233,154,142,12,12
20234,133,133,0,0
20235,98,85,13,13
20236,93,92,1,1
20237,93,93,0,0
20238,95,105,-10,10
20239,96,90,6,6
20240,66,72,-6,6
20241,54,62,-8,8
20242,89,81,8,8
20243,165,151,14,14
20244,189,156,33,33
20245,62,77,-15,15
20246,49,52,-3,3
20247,59,50,9,9
20248,82,74,8,8
20249,75,81,-6,6
20250,121,120,1,1
20251,116,86,30,30
20252,185,164,21,21
20253,139,138,1,1
20254,73,71,2,2
20255,147,164,-17,17
20256,109,121,-12,12
20257,119,112,7,7
20258,83,71,12,12
20259,122,122,0,0
20260,84,92,-8,8
20261,130,137,-7,7
20262,137,147,-10,10
20263,96,101,-5,5
20264,81,72,9,9
20265,123,120,3,3
20266,83,74,9,9
20267,104,82,22,22
20268,121,108,13,13
20269,130,132,-2,2
20270,104,97,7,7
20271,107,102,5,5
20272,121,105,16,16
20273,76,73,3,3
20274,59,66,-7,7
20275,127,135,-8,8
20276,179,174,5,5
20277,70,76,-6,6
20278,83,81,2,2
20279,83,82,1,1
20280,52,71,-19,19
20281,58,68,-10,10
20282,116,117,-1,1
20283,57,59,-2,2
20284,107,101,6,6
20285,164,165,-1,1
20286,110,100,10,10
20287,101,93,8,8
20288,159,161,-2,2
20289,103,118,-15,15
20290,133,142,-9,9
20291,59,82,-23,23
20292,93,103,-10,10
20293,129,116,13,13
20294,49,66,-17,17
20295,98,88,10,10
20296,100,95,5,5
20297,131,130,1,1
20298,140,136,4,4
20299,87,77,10,10
20300,138,129,9,9
20301,145,146,-1,1
20302,124,131,-7,7
20303,111,112,-1,1
20304,128,121,7,7
20305,83,71,12,12
20306,90,89,1,1
20307,96,94,2,2
20308,160,161,-1,1
20309,75,83,-8,8
20310,83,92,-9,9
20311,115,111,4,4
20312,78,90,-12,12
20313,91,92,-1,1
20314,60,53,7,7
20315,92,88,4,4
20316,107,92,15,15
20317,94,105,-11,11
20318,75,108,-33,33
20319,60,55,5,5
20320,58,63,-5,5
20321,103,104,-1,1
20322,68,60,8,8
20323,141,143,-2,2
20324,89,103,-14,14
20325,172,141,31,31
20326,147,160,-13,13
20327,94,85,9,9
20328,128,121,7,7
20329,76,71,5,5
20330,97,90,7,7
20331,110,109,1,1
20332,89,99,-10,10
20333,72,70,2,2
20334,104,107,-3,3
20335,82,102,-20,20
20336,87,82,5,5
20337,96,117,-21,21
20338,94,103,-9,9
20339,158,177,-19,19
20340,102,96,6,6
20341,62,59,3,3
20342,53,60,-7,7
20343,98,83,15,15
20344,96,89,7,7
20345,79,88,-9,9
20346,131,113,18,18
20347,44,46,-2,2
20348,102,91,11,11
20349,69,68,1,1
20350,106,111,-5,5
20351,128,140,-12,12
20352,49,62,-13,13
20353,123,115,8,8
20354,191,164,27,27
20355,116,105,11,11
20356,127,112,15,15
20357,42,46,-4,4
20358,124,95,29,29
20359,92,101,-9,9
20360,143,122,21,21
20361,68,72,-4,4
20362,111,110,1,1
20363,120,132,-12,12
20364,93,88,5,5
20365,46,54,-8,8
20366,116,127,-11,11
20367,84,77,7,7
20368,39,48,-9,9
20369,70,63,7,7
20370,59,70,-11,11
20371,107,126,-19,19
20372,59,55,4,4
20373,115,106,9,9
20374,92,101,-9,9
20375,105,111,-6,6
20376,110,94,16,16
20377,60,56,4,4
20378,119,102,17,17
20379,106,118,-12,12
20380,90,88,2,2
20381,63,67,-4,4
20382,103,97,6,6
20383,105,110,-5,5
20384,98,100,-2,2
20385,48,52,-4,4
20386,110,143,-33,33
20387,119,108,11,11
20388,86,95,-9,9
20389,82,109,-27,27
20390,65,79,-14,14
20391,89,92,-3,3
20392,118,120,-2,2
20393,146,127,19,19
20394,65,68,-3,3
20395,125,129,-4,4
20396,87,80,7,7
20397,89,104,-15,15
20398,75,77,-2,2
20399,87,87,0,0
20400,130,135,-5,5
20401,51,52,-1,1
20402,129,130,-1,1
20403,81,75,6,6
20404,80,71,9,9
20405,66,60,6,6
20406,47,51,-4,4
20407,103,118,-15,15
20408,77,99,-22,22
20409,60,109,-49,49
20410,133,134,-1,1
20411,66,74,-8,8
20412,161,161,0,0
20413,101,98,3,3
20414,80,82,-2,2
20415,124,126,-2,2
20416,140,151,-11,11
20417,120,118,2,2
20418,141,140,1,1
20419,90,95,-5,5
20420,54,56,-2,2
20421,63,58,5,5
20422,115,119,-4,4
20423,59,71,-12,12
20424,68,71,-3,3
20425,51,52,-1,1
20426,56,58,-2,2
20427,69,76,-7,7
20428,71,64,7,7
20429,103,111,-8,8
20430,94,102,-8,8
20431,157,167,-10,10
20432,122,128,-6,6
20433,111,110,1,1
20434,120,125,-5,5
20435,103,93,10,10
20436,62,69,-7,7
20437,130,135,-5,5
20438,81,66,15,15
20439,166,145,21,21
20440,79,82,-3,3
20441,90,85,5,5
20442,91,98,-7,7
20443,44,42,2,2
20444,87,89,-2,2
20445,117,118,-1,1
20446,101,103,-2,2
20447,106,131,-25,25
20448,102,90,12,12
20449,74,71,3,3
20450,175,163,12,12
20451,71,86,-15,15
20452,122,122,0,0
20453,165,150,15,15
20454,134,130,4,4
20455,192,200,-8,8
20456,80,59,21,21
20457,65,73,-8,8
20458,105,116,-11,11
20459,121,114,7,7
20460,84,81,3,3
20461,106,99,7,7
20462,91,88,3,3
20463,174,171,3,3
20464,64,58,6,6
20465,58,81,-23,23
20466,76,64,12,12
20467,70,80,-10,10
20468,143,141,2,2
20469,92,83,9,9
20470,94,96,-2,2
20471,95,92,3,3
20472,119,108,11,11
20473,101,83,18,18
20474,110,114,-4,4
20475,144,156,-12,12
20476,129,128,1,1
20477,79,73,6,6
20478,99,96,3,3
20479,85,76,9,9
20480,142,125,17,17
20481,77,77,0,0
20482,62,54,8,8
20483,122,123,-1,1
20484,106,121,-15,15
20485,52,54,-2,2
20486,79,113,-34,34
20487,95,87,8,8
20488,77,82,-5,5
20489,89,93,-4,4
20490,70,76,-6,6
20491,97,91,6,6
20492,100,104,-4,4
20493,79,64,15,15
20494,138,136,2,2
20495,123,105,18,18
20496,152,128,24,24
20497,135,135,0,0
20498,83,83,0,0
20499,118,99,19,19
20500,91,91,0,0
20501,83,71,12,12
20502,77,80,-3,3
20503,69,75,-6,6
20504,68,66,2,2
20505,139,140,-1,1
20506,171,154,17,17
20507,80,86,-6,6
20508,83,72,11,11
20509,108,105,3,3
20510,92,85,7,7
20511,59,68,-9,9
20512,74,69,5,5
20513,62,69,-7,7
20514,138,127,11,11
20515,55,52,3,3
20516,85,75,10,10
20517,77,86,-9,9
20518,39,46,-7,7
20519,65,72,-7,7
20520,109,116,-7,7
20521,91,110,-19,19
20522,74,69,5,5
20523,74,87,-13,13
20524,154,145,9,9
20525,153,139,14,14
20526,40,76,-36,36
20527,110,113,-3,3
20528,63,61,2,2
20529,114,118,-4,4
20530,114,115,-1,1
20531,62,75,-13,13
20532,81,79,2,2
20533,49,58,-9,9
20534,63,57,6,6
20535,93,79,14,14
20536,76,66,10,10
20537,146,147,-1,1
20538,87,77,10,10
20539,162,130,32,32
20540,91,102,-11,11
20541,107,121,-14,14
20542,82,85,-3,3
20543,97,96,1,1
20544,42,50,-8,8
20545,81,81,0,0
20546,115,112,3,3
20547,120,121,-1,1
20548,62,75,-13,13
20549,131,137,-6,6
20550,82,80,2,2
20551,59,63,-4,4
20552,127,125,2,2
20553,100,97,3,3
20554,92,80,12,12
20555,55,62,-7,7
20556,111,103,8,8
20557,92,94,-2,2
20558,111,119,-8,8
20559,189,159,30,30
20560,93,80,13,13
20561,61,59,2,2
20562,50,45,5,5
20563,62,66,-4,4
20564,46,49,-3,3
20565,145,139,6,6
20566,82,85,-3,3
20567,83,78,5,5
20568,78,70,8,8
20569,69,64,5,5
20570,117,87,30,30
20571,142,140,2,2
20572,111,116,-5,5
20573,72,63,9,9
20574,95,87,8,8
20575,141,127,14,14
20576,179,167,12,12
20577,85,94,-9,9
20578,286,237,49,49
20579,87,79,8,8
20580,93,94,-1,1
20581,87,80,7,7
20582,49,63,-14,14
20583,87,85,2,2
20584,143,115,28,28
20585,98,94,4,4
20586,70,68,2,2
20587,112,124,-12,12
20588,53,52,1,1
20589,55,52,3,3
20590,88,80,8,8
20591,113,105,8,8
20592,86,88,-2,2
20593,59,62,-3,3
20594,62,59,3,3
20595,71,70,1,1
20596,102,129,-27,27
20597,69,65,4,4
20598,117,115,2,2
20599,79,84,-5,5
20600,131,118,13,13
20601,45,45,0,0
20602,81,81,0,0
20603,62,79,-17,17
20604,82,88,-6,6
20605,86,88,-2,2
20606,52,51,1,1
20607,79,74,5,5
20608,108,104,4,4
20609,62,60,2,2
20610,94,96,-2,2
20611,74,79,-5,5
20612,136,133,3,3
20613,151,120,31,31
20614,145,152,-7,7
20615,99,88,11,11
20616,169,181,-12,12
20617,69,74,-5,5
20618,54,56,-2,2
20619,93,95,-2,2
20620,106,118,-12,12
20621,77,76,1,1
20622,100,114,-14,14
20623,96,103,-7,7
20624,56,58,-2,2
20625,99,98,1,1
20626,115,131,-16,16
20627,90,88,2,2
20628,56,72,-16,16
20629,83,66,17,17
20630,117,106,11,11
20631,75,82,-7,7
20632,88,82,6,6
20633,80,74,6,6
20634,150,118,32,32
20635,126,114,12,12
20636,92,110,-18,18
20637,117,117,0,0
20638,75,79,-4,4
20639,92,82,10,10
20640,72,78,-6,6
20641,45,76,-31,31
20642,55,67,-12,12
20643,123,140,-17,17
20644,127,127,0,0
20645,128,137,-9,9
20646,161,157,4,4
20647,130,126,4,4
20648,87,83,4,4
20649,223,169,54,54
20650,79,78,1,1
20651,155,133,22,22
20652,77,77,0,0
20653,82,74,8,8
20654,101,105,-4,4
20655,89,93,-4,4
20656,106,107,-1,1
20657,68,54,14,14
20658,98,103,-5,5
20659,102,104,-2,2
20660,88,79,9,9
20661,102,98,4,4
20662,173,157,16,16
20663,52,68,-16,16
20664,114,114,0,0
20665,85,69,16,16
20666,86,80,6,6
20667,77,67,10,10
20668,81,84,-3,3
20669,89,88,1,1
20670,149,130,19,19
20671,68,87,-19,19
20672,77,68,9,9
20673,83,86,-3,3
20674,71,70,1,1
20675,71,75,-4,4
20676,91,92,-1,1
20677,56,61,-5,5
20678,80,85,-5,5
20679,129,129,0,0
20680,95,93,2,2
20681,114,104,10,10
20682,149,138,11,11
20683,74,70,4,4
20684,84,73,11,11
20685,72,61,11,11
20686,119,112,7,7
20687,82,82,0,0
20688,94,121,-27,27
20689,89,95,-6,6
20690,45,53,-8,8
20691,77,72,5,5
20692,169,143,26,26
20693,100,89,11,11
20694,114,110,4,4
20695,95,90,5,5
20696,97,112,-15,15
20697,224,197,27,27
20698,96,98,-2,2
20699,66,76,-10,10
20700,97,95,2,2
20701,113,119,-6,6
20702,107,102,5,5
20703,59,70,-11,11
20704,148,164,-16,16
20705,66,76,-10,10
20706,151,150,1,1
20707,87,73,14,14
20708,119,114,5,5
20709,63,57,6,6
20710,122,116,6,6
20711,75,75,0,0
20712,142,138,4,4
20713,33,36,-3,3
20714,86,83,3,3
20715,33,38,-5,5
20716,144,116,28,28
20717,124,124,0,0
20718,77,73,4,4
20719,144,147,-3,3
20720,88,87,1,1
20721,87,80,7,7
20722,45,54,-9,9
20723,104,95,9,9
20724,70,82,-12,12
20725,87,82,5,5
20726,139,134,5,5
20727,136,141,-5,5
20728,85,76,9,9
20729,106,116,-10,10
20730,134,127,7,7
20731,98,94,4,4
20732,77,82,-5,5
20733,131,129,2,2
20734,125,152,-27,27
20735,76,76,0,0
20736,110,105,5,5
20737,123,117,6,6
20738,56,56,0,0
20739,62,69,-7,7
20740,59,61,-2,2
20741,96,95,1,1
20742,107,97,10,10
20743,126,120,6,6
20744,114,121,-7,7
20745,85,90,-5,5
20746,63,51,12,12
20747,59,72,-13,13
20748,80,70,10,10
20749,93,81,12,12
20750,82,89,-7,7
20751,73,66,7,7
20752,133,121,12,12
20753,145,146,-1,1
20754,78,78,0,0
20755,89,83,6,6
20756,81,84,-3,3
20757,100,103,-3,3
20758,129,141,-12,12
20759,80,84,-4,4
20760,122,113,9,9
20761,26,52,-26,26
20762,151,148,3,3
20763,118,113,5,5
20764,146,147,-1,1
20765,75,65,10,10
20766,80,92,-12,12
20767,52,62,-10,10
20768,128,131,-3,3
20769,76,87,-11,11
20770,73,73,0,0
20771,55,43,12,12
20772,94,96,-2,2
20773,115,103,12,12
20774,70,67,3,3
20775,125,114,11,11
20776,50,72,-22,22
20777,90,88,2,2
20778,110,108,2,2
20779,120,134,-14,14
20780,62,66,-4,4
20781,78,89,-11,11
20782,132,137,-5,5
20783,46,51,-5,5
20784,140,148,-8,8
20785,97,89,8,8
20786,53,53,0,0
20787,93,101,-8,8
20788,145,131,14,14
20789,84,85,-1,1
20790,121,120,1,1
20791,124,126,-2,2
20792,65,62,3,3
20793,129,136,-7,7
20794,111,108,3,3
20795,81,63,18,18
20796,87,73,14,14
20797,64,74,-10,10
20798,92,80,12,12
20799,74,79,-5,5
20800,78,75,3,3
20801,72,67,5,5
20802,101,95,6,6
20803,35,44,-9,9
20804,171,166,5,5
20805,54,48,6,6
20806,155,162,-7,7
20807,151,161,-10,10
20808,45,47,-2,2
20809,87,92,-5,5
20810,115,115,0,0
20811,75,63,12,12
20812,89,100,-11,11
20813,134,115,19,19
20814,65,69,-4,4
20815,51,53,-2,2
20816,33,49,-16,16
20817,85,102,-17,17
20818,114,112,2,2
20819,120,121,-1,1
20820,83,90,-7,7
20821,106,121,-15,15
20822,41,46,-5,5
20823,101,120,-19,19
20824,134,123,11,11
20825,132,119,13,13
20826,53,36,17,17
20827,89,80,9,9
20828,120,120,0,0
20829,106,113,-7,7
20830,165,194,-29,29
20831,59,72,-13,13
20832,77,75,2,2
20833,105,94,11,11
20834,113,105,8,8
20835,85,84,1,1
20836,57,58,-1,1
20837,101,113,-12,12
20838,109,112,-3,3
20839,129,141,-12,12
20840,75,88,-13,13
20841,143,136,7,7
20842,48,46,2,2
20843,115,127,-12,12
20844,57,111,-54,54
20845,76,81,-5,5
20846,79,72,7,7
20847,107,109,-2,2
20848,61,56,5,5
20849,134,136,-2,2
20850,93,96,-3,3
20851,141,154,-13,13
20852,81,64,17,17
20853,65,66,-1,1
20854,148,145,3,3
20855,70,75,-5,5
20856,78,95,-17,17
20857,46,44,2,2
20858,108,119,-11,11
20859,94,101,-7,7
20860,165,155,10,10
20861,83,97,-14,14
20862,131,134,-3,3
20863,91,88,3,3
20864,86,121,-35,35
20865,99,99,0,0
20866,111,96,15,15
20867,93,89,4,4
20868,82,48,34,34
20869,60,74,-14,14
20870,89,89,0,0
20871,153,146,7,7
20872,102,107,-5,5
20873,92,119,-27,27
20874,102,108,-6,6
20875,118,113,5,5
20876,75,72,3,3
20877,176,156,20,20
20878,129,126,3,3
20879,69,89,-20,20
20880,83,84,-1,1
20881,124,125,-1,1
20882,68,63,5,5
20883,102,98,4,4
20884,63,56,7,7
20885,96,104,-8,8
20886,120,123,-3,3
20887,75,78,-3,3
20888,111,124,-13,13
20889,181,154,27,27
20890,82,88,-6,6
20891,132,132,0,0
20892,48,77,-29,29
20893,75,77,-2,2
20894,64,66,-2,2
20895,41,46,-5,5
20896,64,78,-14,14
20897,97,102,-5,5
20898,77,79,-2,2
20899,91,83,8,8
20900,51,48,3,3
20901,68,72,-4,4
20902,121,112,9,9
20903,86,85,1,1
20904,59,73,-14,14
20905,107,103,4,4
20906,84,101,-17,17
20907,55,55,0,0
20908,76,89,-13,13
20909,93,84,9,9
20910,40,53,-13,13
20911,118,102,16,16
20912,156,139,17,17
20913,126,123,3,3
20914,74,77,-3,3
20915,96,108,-12,12
20916,121,121,0,0
20917,76,66,10,10
20918,122,139,-17,17
20919,89,72,17,17
20920,59,51,8,8
20921,84,72,12,12
20922,83,72,11,11
20923,73,63,10,10
20924,63,56,7,7
20925,64,69,-5,5
20926,125,130,-5,5
20927,101,95,6,6
20928,122,127,-5,5
20929,63,55,8,8
20930,107,113,-6,6
20931,68,70,-2,2
20932,74,73,1,1
20933,102,102,0,0
20934,119,119,0,0
20935,106,95,11,11
20936,66,72,-6,6
20937,87,96,-9,9
20938,85,78,7,7
20939,66,56,10,10
20940,145,128,17,17
20941,180,155,25,25
20942,75,79,-4,4
20943,63,74,-11,11
20944,144,141,3,3
20945,66,71,-5,5
20946,49,26,23,23
20947,98,97,1,1
20948,77,64,13,13
20949,105,106,-1,1
20950,81,100,-19,19
20951,92,82,10,10
20952,104,113,-9,9
20953,151,144,7,7
20954,51,55,-4,4
20955,124,141,-17,17
20956,84,81,3,3
20957,58,62,-4,4
20958,108,102,6,6
20959,41,53,-12,12
20960,151,131,20,20
20961,113,107,6,6
20962,138,130,8,8
20963,70,83,-13,13
20964,106,111,-5,5
20965,95,111,-16,16
20966,121,117,4,4
20967,66,76,-10,10
20968,98,90,8,8
20969,70,68,2,2
20970,142,134,8,8
20971,139,148,-9,9
20972,62,58,4,4
20973,138,159,-21,21
20974,70,63,7,7
20975,138,111,27,27
20976,105,96,9,9
20977,61,65,-4,4
20978,113,109,4,4
20979,173,155,18,18
20980,94,92,2,2
20981,90,83,7,7
20982,112,112,0,0
20983,43,44,-1,1
20984,140,150,-10,10
20985,197,197,0,0
20986,116,101,15,15
20987,229,204,25,25
20988,119,117,2,2
20989,80,61,19,19
20990,115,114,1,1
20991,61,60,1,1
20992,41,66,-25,25
20993,101,94,7,7
20994,185,178,7,7
20995,46,39,7,7
20996,221,180,41,41
20997,113,104,9,9
20998,60,56,4,4
20999,116,91,25,25
21000,125,125,0,0
21001,99,96,3,3
21002,97,124,-27,27
21003,171,156,15,15
21004,79,80,-1,1
21005,73,72,1,1
21006,80,86,-6,6
21007,148,129,19,19
21008,111,125,-14,14
21009,110,112,-2,2
21010,84,91,-7,7
21011,60,65,-5,5
21012,94,83,11,11
21013,57,60,-3,3
21014,118,119,-1,1
21015,115,119,-4,4
21016,118,127,-9,9
21017,133,126,7,7
21018,67,71,-4,4
21019,148,146,2,2
21020,34,110,-76,76
21021,59,59,0,0
21022,71,70,1,1
21023,59,56,3,3
21024,58,68,-10,10
21025,61,59,2,2
21026,105,100,5,5
21027,144,149,-5,5
21028,135,131,4,4
21029,120,117,3,3
21030,180,171,9,9
21031,177,150,27,27
21032,115,134,-19,19
21033,138,134,4,4
21034,113,94,19,19
21035,97,97,0,0
21036,88,84,4,4
21037,108,117,-9,9
21038,106,98,8,8
21039,81,79,2,2
21040,105,103,2,2
21041,30,32,-2,2
21042,97,95,2,2
21043,39,34,5,5
21044,57,76,-19,19
21045,92,110,-18,18
21046,85,75,10,10
21047,94,87,7,7
21048,165,155,10,10
21049,119,126,-7,7
21050,120,110,10,10
21051,139,129,10,10
21052,42,43,-1,1
21053,78,74,4,4
21054,78,85,-7,7
21055,73,66,7,7
21056,84,86,-2,2
21057,159,148,11,11
21058,84,86,-2,2
21059,133,131,2,2
21060,87,99,-12,12
21061,147,145,2,2
21062,83,83,0,0
21063,51,55,-4,4
21064,107,103,4,4
21065,62,62,0,0
21066,94,81,13,13
21067,62,64,-2,2
21068,79,70,9,9
21069,177,154,23,23
21070,104,82,22,22
21071,85,88,-3,3
21072,100,99,1,1
21073,69,62,7,7
21074,119,130,-11,11
21075,90,72,18,18
21076,82,69,13,13
21077,54,47,7,7
21078,115,98,17,17
21079,74,68,6,6
21080,113,110,3,3
21081,56,56,0,0
21082,68,76,-8,8
21083,195,175,20,20
21084,150,133,17,17
21085,62,64,-2,2
21086,71,78,-7,7
21087,81,73,8,8
21088,131,136,-5,5
21089,90,94,-4,4
21090,86,94,-8,8
21091,168,173,-5,5
21092,101,94,7,7
21093,109,109,0,0
21094,71,113,-42,42
21095,67,75,-8,8
21096,115,101,14,14
21097,95,142,-47,47
21098,84,88,-4,4
21099,74,90,-16,16
21100,69,61,8,8
21101,63,77,-14,14
21102,127,127,0,0
21103,82,94,-12,12
21104,78,80,-2,2
21105,78,81,-3,3
21106,147,134,13,13
21107,96,93,3,3
21108,72,77,-5,5
21109,65,71,-6,6
21110,107,106,1,1
21111,119,119,0,0
21112,101,96,5,5
21113,162,139,23,23
21114,119,109,10,10
21115,93,99,-6,6
21116,102,94,8,8
21117,145,149,-4,4
21118,94,93,1,1
21119,83,80,3,3
21120,166,152,14,14
21121,63,67,-4,4
21122,90,81,9,9
21123,53,48,5,5
21124,103,113,-10,10
21125,117,113,4,4
21126,99,106,-7,7
21127,44,37,7,7
21128,149,141,8,8
21129,104,97,7,7
21130,225,215,10,10
21131,101,99,2,2
21132,101,95,6,6
21133,76,70,6,6
21134,80,69,11,11
21135,70,63,7,7
21136,130,101,29,29
21137,148,127,21,21
21138,70,79,-9,9
21139,137,145,-8,8
21140,59,57,2,2
21141,71,78,-7,7
21142,134,137,-3,3
21143,116,101,15,15
21144,104,105,-1,1
21145,63,75,-12,12
21146,61,56,5,5
21147,89,104,-15,15
21148,61,65,-4,4
21149,97,100,-3,3
21150,102,103,-1,1
21151,63,70,-7,7
21152,165,164,1,1
21153,88,98,-10,10
21154,112,101,11,11
21155,90,92,-2,2
21156,179,167,12,12
21157,89,95,-6,6
21158,19,26,-7,7
21159,123,127,-4,4
21160,111,131,-20,20
21161,89,84,5,5
21162,86,111,-25,25
21163,92,90,2,2
21164,93,83,10,10
21165,91,90,1,1
21166,70,77,-7,7
21167,105,104,1,1
21168,85,79,6,6
21169,78,69,9,9
21170,112,106,6,6
21171,96,97,-1,1
21172,54,56,-2,2
21173,121,104,17,17
21174,131,129,2,2
21175,66,71,-5,5
21176,61,72,-11,11
21177,80,77,3,3
21178,89,79,10,10
21179,74,70,4,4
21180,65,71,-6,6
21181,101,99,2,2
21182,97,92,5,5
21183,108,106,2,2
21184,96,101,-5,5
21185,132,140,-8,8
21186,62,62,0,0
21187,82,73,9,9
21188,154,141,13,13
21189,82,87,-5,5
21190,50,46,4,4
21191,68,65,3,3
21192,124,115,9,9
21193,74,68,6,6
21194,149,151,-2,2
21195,59,53,6,6
21196,56,59,-3,3
21197,58,59,-1,1
21198,151,164,-13,13
21199,113,108,5,5
21200,74,95,-21,21
21201,71,65,6,6
21202,86,79,7,7
21203,65,71,-6,6
21204,69,71,-2,2
21205,161,154,7,7
21206,89,89,0,0
21207,36,43,-7,7
21208,55,66,-11,11
21209,97,93,4,4
21210,89,84,5,5
21211,64,57,7,7
21212,98,101,-3,3
21213,89,86,3,3
21214,44,43,1,1
21215,162,153,9,9
21216,126,138,-12,12
21217,82,76,6,6
21218,77,98,-21,21
21219,81,86,-5,5
21220,137,132,5,5
21221,69,59,10,10
21222,86,83,3,3
21223,67,63,4,4
21224,101,94,7,7
21225,74,80,-6,6
21226,71,71,0,0
21227,66,67,-1,1
21228,104,102,2,2
21229,111,126,-15,15
21230,86,84,2,2
21231,96,101,-5,5
21232,79,74,5,5
21233,183,183,0,0
21234,89,78,11,11
21235,133,120,13,13
21236,80,78,2,2
21237,72,62,10,10
21238,109,99,10,10
21239,107,103,4,4
21240,84,67,17,17
21241,67,60,7,7
21242,102,93,9,9
21243,66,155,-89,89
21244,132,145,-13,13
21245,103,105,-2,2
21246,91,85,6,6
21247,111,122,-11,11
21248,110,106,4,4
21249,156,165,-9,9
21250,44,42,2,2
21251,48,48,0,0
21252,79,82,-3,3
21253,58,54,4,4
21254,134,123,11,11
21255,105,103,2,2
21256,79,74,5,5
21257,124,160,-36,36
21258,109,86,23,23
21259,79,78,1,1
21260,66,75,-9,9
21261,93,89,4,4
21262,93,93,0,0
21263,85,100,-15,15
21264,92,79,13,13
21265,103,110,-7,7
21266,104,94,10,10
21267,108,106,2,2
21268,82,76,6,6
21269,92,96,-4,4
21270,41,34,7,7
21271,47,52,-5,5
21272,79,78,1,1
21273,101,107,-6,6
21274,66,74,-8,8
21275,83,82,1,1
21276,89,79,10,10
21277,55,55,0,0
21278,137,125,12,12
21279,92,87,5,5
21280,131,132,-1,1
21281,99,96,3,3
21282,100,105,-5,5
21283,82,72,10,10
21284,57,59,-2,2
21285,74,89,-15,15
21286,79,77,2,2
21287,83,85,-2,2
21288,118,111,7,7
21289,133,160,-27,27
21290,129,129,0,0
21291,70,85,-15,15
21292,145,138,7,7
21293,149,110,39,39
21294,113,125,-12,12
21295,56,60,-4,4
21296,44,38,6,6
21297,89,97,-8,8
21298,90,94,-4,4
21299,74,75,-1,1
21300,117,86,31,31
21301,65,53,12,12
21302,48,54,-6,6
21303,92,88,4,4
21304,72,71,1,1
21305,83,90,-7,7
21306,63,59,4,4
21307,135,78,57,57
21308,147,154,-7,7
21309,142,141,1,1
21310,122,116,6,6
21311,77,68,9,9
21312,106,96,10,10
21313,65,67,-2,2
21314,70,77,-7,7
21315,124,114,10,10
21316,100,93,7,7
21317,56,52,4,4
21318,72,73,-1,1
21319,83,78,5,5
21320,66,56,10,10
21321,45,49,-4,4
21322,162,151,11,11
21323,85,85,0,0
21324,115,122,-7,7
21325,122,118,4,4
21326,72,65,7,7
21327,68,71,-3,3
21328,65,68,-3,3
21329,84,76,8,8
21330,161,156,5,5
21331,149,124,25,25
21332,109,102,7,7
21333,57,69,-12,12
21334,85,86,-1,1
21335,100,95,5,5
21336,171,123,48,48
21337,73,78,-5,5
21338,78,90,-12,12
21339,67,81,-14,14
21340,122,145,-23,23
21341,84,74,10,10
21342,171,158,13,13
21343,87,83,4,4
21344,140,128,12,12
21345,86,93,-7,7
21346,85,90,-5,5
21347,50,54,-4,4
21348,78,67,11,11
21349,67,68,-1,1
21350,81,71,10,10
21351,75,75,0,0
21352,91,89,2,2
21353,119,117,2,2
21354,138,118,20,20
21355,58,49,9,9
21356,137,132,5,5
21357,88,97,-9,9
21358,122,129,-7,7
21359,106,98,8,8
21360,101,113,-12,12
21361,88,81,7,7
21362,83,67,16,16
21363,80,73,7,7
21364,111,129,-18,18
21365,183,176,7,7
21366,73,68,5,5
21367,97,100,-3,3
21368,55,61,-6,6
21369,116,132,-16,16
21370,78,73,5,5
21371,99,101,-2,2
21372,141,140,1,1
21373,56,66,-10,10
21374,65,61,4,4
21375,72,81,-9,9
21376,99,67,32,32
21377,96,85,11,11
21378,69,76,-7,7
21379,94,100,-6,6
21380,98,87,11,11
21381,55,51,4,4
21382,107,110,-3,3
21383,68,53,15,15
21384,84,84,0,0
21385,65,62,3,3
21386,177,151,26,26
21387,62,59,3,3
21388,182,171,11,11
21389,72,50,22,22
21390,151,150,1,1
21391,80,73,7,7
21392,122,117,5,5
21393,136,111,25,25
21394,141,123,18,18
21395,88,84,4,4
21396,88,81,7,7
21397,127,133,-6,6
21398,92,96,-4,4
21399,74,66,8,8
21400,111,112,-1,1
21401,204,204,0,0
21402,111,97,14,14
21403,59,53,6,6
21404,129,117,12,12
21405,107,109,-2,2
21406,104,94,10,10
21407,76,79,-3,3
21408,113,124,-11,11
21409,110,103,7,7
21410,69,66,3,3
21411,67,75,-8,8
21412,85,85,0,0
21413,94,103,-9,9
21414,93,85,8,8
21415,90,87,3,3
21416,61,51,10,10
21417,56,50,6,6
21418,114,103,11,11
21419,71,66,5,5
21420,86,66,20,20
21421,114,112,2,2
21422,50,54,-4,4
21423,155,148,7,7
21424,108,119,-11,11
21425,104,79,25,25
21426,89,85,4,4
21427,75,72,3,3
21428,149,131,18,18
21429,94,85,9,9
21430,63,76,-13,13
21431,127,144,-17,17
21432,103,105,-2,2
21433,90,87,3,3
21434,64,61,3,3
21435,144,128,16,16
21436,119,102,17,17
21437,45,54,-9,9
21438,78,72,6,6
21439,45,58,-13,13
21440,113,112,1,1
21441,89,99,-10,10
21442,122,134,-12,12
21443,93,91,2,2
21444,54,56,-2,2
21445,89,74,15,15
21446,85,89,-4,4
21447,101,96,5,5
21448,132,152,-20,20
21449,47,40,7,7
21450,83,70,13,13
21451,89,83,6,6
21452,77,67,10,10
21453,150,110,40,40
21454,130,113,17,17
21455,85,80,5,5
21456,114,106,8,8
21457,155,152,3,3
21458,63,64,-1,1
21459,94,93,1,1
21460,42,53,-11,11
21461,138,142,-4,4
21462,78,74,4,4
21463,79,72,7,7
21464,95,94,1,1
21465,80,75,5,5
21466,80,93,-13,13
21467,39,56,-17,17
21468,143,144,-1,1
21469,88,82,6,6
21470,47,55,-8,8
21471,70,67,3,3
21472,174,160,14,14
21473,148,155,-7,7
21474,185,160,25,25
21475,122,126,-4,4
21476,138,120,18,18
21477,99,102,-3,3
21478,50,52,-2,2
21479,104,85,19,19
21480,69,70,-1,1
21481,127,117,10,10
21482,59,69,-10,10
21483,89,89,0,0
21484,81,75,6,6
21485,64,70,-6,6
21486,124,131,-7,7
21487,75,87,-12,12
21488,102,86,16,16
21489,156,149,7,7
21490,81,88,-7,7
21491,90,80,10,10
21492,58,90,-32,32
21493,153,129,24,24
21494,100,106,-6,6
21495,133,123,10,10
21496,133,112,21,21
21497,68,71,-3,3
21498,104,96,8,8
21499,74,60,14,14
21500,138,137,1,1
21501,83,85,-2,2
21502,125,126,-1,1
21503,98,96,2,2
21504,92,85,7,7
21505,39,58,-19,19
21506,93,89,4,4
21507,47,59,-12,12
21508,72,93,-21,21
21509,138,138,0,0
21510,81,80,1,1
21511,102,94,8,8
21512,146,146,0,0
21513,80,72,8,8
21514,76,70,6,6
21515,130,150,-20,20
21516,138,128,10,10
21517,69,74,-5,5
21518,134,126,8,8
21519,73,68,5,5
21520,55,57,-2,2
21521,68,76,-8,8
21522,78,90,-12,12
21523,85,75,10,10
21524,118,99,19,19
21525,80,87,-7,7
21526,153,159,-6,6
21527,81,65,16,16
21528,85,84,1,1
21529,117,107,10,10
21530,126,137,-11,11
21531,34,36,-2,2
21532,72,69,3,3
21533,138,142,-4,4
21534,82,77,5,5
21535,113,121,-8,8
21536,63,63,0,0
21537,80,68,12,12
21538,67,65,2,2
21539,117,125,-8,8
21540,120,106,14,14
21541,75,78,-3,3
21542,117,105,12,12
21543,103,105,-2,2
21544,149,163,-14,14
21545,169,159,10,10
21546,85,98,-13,13
21547,91,87,4,4
21548,121,118,3,3
21549,95,109,-14,14
21550,123,128,-5,5
21551,36,43,-7,7
21552,71,65,6,6
21553,106,93,13,13
21554,101,88,13,13
21555,60,67,-7,7
21556,68,64,4,4
21557,76,84,-8,8
21558,91,81,10,10
21559,84,78,6,6
21560,97,104,-7,7
21561,75,85,-10,10
21562,44,46,-2,2
21563,78,60,18,18
21564,55,42,13,13
21565,106,120,-14,14
21566,125,123,2,2
21567,185,156,29,29
21568,148,148,0,0
21569,156,146,10,10
21570,128,117,11,11
21571,96,82,14,14
21572,99,85,14,14
21573,63,67,-4,4
21574,78,87,-9,9
21575,162,127,35,35
21576,75,75,0,0
21577,103,100,3,3
21578,110,97,13,13
21579,116,114,2,2
21580,51,44,7,7
21581,126,115,11,11
21582,37,39,-2,2
21583,109,115,-6,6
21584,115,128,-13,13
21585,70,67,3,3
21586,94,86,8,8
21587,113,114,-1,1
21588,91,92,-1,1
21589,71,61,10,10
21590,55,62,-7,7
21591,63,77,-14,14
21592,59,64,-5,5
21593,81,79,2,2
21594,135,122,13,13
21595,95,90,5,5
21596,67,76,-9,9
21597,80,83,-3,3
21598,73,81,-8,8
21599,98,96,2,2
21600,104,88,16,16
21601,63,71,-8,8
21602,60,61,-1,1
21603,117,109,8,8
21604,60,57,3,3
21605,127,135,-8,8
21606,121,97,24,24
21607,118,131,-13,13
21608,80,84,-4,4
21609,77,72,5,5
21610,104,100,4,4
21611,182,193,-11,11
21612,90,86,4,4
21613,49,43,6,6
21614,86,83,3,3
21615,88,83,5,5
21616,114,96,18,18
21617,56,50,6,6
21618,66,63,3,3
21619,68,73,-5,5
21620,88,76,12,12
21621,45,60,-15,15
21622,231,224,7,7
21623,136,129,7,7
21624,69,66,3,3
21625,123,146,-23,23
21626,60,57,3,3
21627,72,68,4,4
21628,84,87,-3,3
21629,123,120,3,3
21630,58,70,-12,12
21631,58,58,0,0
21632,71,40,31,31
21633,97,85,12,12
21634,61,58,3,3
21635,57,71,-14,14
21636,172,176,-4,4
21637,62,88,-26,26
21638,112,43,69,69
21639,126,139,-13,13
21640,85,80,5,5
21641,105,113,-8,8
21642,100,105,-5,5
21643,117,134,-17,17
21644,76,90,-14,14
21645,85,79,6,6
21646,187,178,9,9
21647,145,134,11,11
21648,64,77,-13,13
21649,107,92,15,15
21650,140,147,-7,7
21651,46,48,-2,2
21652,63,68,-5,5
21653,93,90,3,3
21654,111,109,2,2
21655,60,58,2,2
21656,120,123,-3,3
21657,67,71,-4,4
21658,157,150,7,7
21659,133,137,-4,4
21660,112,138,-26,26
21661,119,124,-5,5
21662,86,78,8,8
21663,128,129,-1,1
21664,109,93,16,16
21665,133,123,10,10
21666,62,62,0,0
21667,167,150,17,17
21668,122,115,7,7
21669,42,49,-7,7
21670,66,65,1,1
21671,110,99,11,11
21672,84,94,-10,10
21673,115,106,9,9
21674,174,169,5,5
21675,85,98,-13,13
21676,100,87,13,13
21677,56,54,2,2
21678,72,77,-5,5
21679,87,87,0,0
21680,70,97,-27,27
21681,76,71,5,5
21682,89,83,6,6
21683,69,66,3,3
21684,175,154,21,21
21685,191,169,22,22
21686,66,66,0,0
21687,145,159,-14,14
21688,127,108,19,19
21689,54,46,8,8
21690,70,65,5,5
21691,67,62,5,5
21692,77,67,10,10
21693,119,129,-10,10
21694,38,53,-15,15
21695,77,83,-6,6
21696,49,51,-2,2
21697,63,86,-23,23
21698,40,44,-4,4
21699,69,70,-1,1
21700,35,57,-22,22
21701,93,89,4,4
21702,61,73,-12,12
21703,50,53,-3,3
21704,113,113,0,0
21705,123,117,6,6
21706,75,72,3,3
21707,94,87,7,7
21708,71,76,-5,5
21709,114,116,-2,2
21710,68,64,4,4
21711,129,136,-7,7
21712,61,53,8,8
21713,92,84,8,8
21714,76,65,11,11
21715,106,92,14,14
21716,123,117,6,6
21717,89,92,-3,3
21718,88,95,-7,7
21719,48,49,-1,1
21720,87,85,2,2
21721,53,59,-6,6
21722,120,115,5,5
21723,105,104,1,1
21724,117,111,6,6
21725,128,113,15,15
21726,173,171,2,2
21727,85,82,3,3
21728,97,88,9,9
21729,101,100,1,1
21730,67,73,-6,6
21731,71,62,9,9
21732,89,79,10,10
21733,85,85,0,0
21734,83,71,12,12
21735,78,73,5,5
21736,76,66,10,10
21737,115,97,18,18
21738,68,61,7,7
21739,75,75,0,0
21740,106,95,11,11
21741,76,73,3,3
21742,123,102,21,21
21743,82,78,4,4
21744,82,84,-2,2
21745,162,152,10,10
21746,64,74,-10,10
21747,66,53,13,13
21748,48,43,5,5
21749,86,92,-6,6
21750,59,59,0,0
21751,118,123,-5,5
21752,75,71,4,4
21753,138,125,13,13
21754,50,59,-9,9
21755,96,79,17,17
21756,68,74,-6,6
21757,83,91,-8,8
21758,93,122,-29,29
21759,78,81,-3,3
21760,45,49,-4,4
21761,85,87,-2,2
21762,123,105,18,18
21763,42,51,-9,9
21764,84,74,10,10
21765,123,121,2,2
21766,45,58,-13,13
21767,88,90,-2,2
21768,85,80,5,5
21769,79,60,19,19
21770,75,78,-3,3
21771,125,117,8,8
21772,33,114,-81,81
21773,84,81,3,3
21774,117,131,-14,14
21775,79,75,4,4
21776,190,170,20,20
21777,112,115,-3,3
21778,86,88,-2,2
21779,115,110,5,5
21780,74,61,13,13
21781,85,79,6,6
21782,28,46,-18,18
21783,45,57,-12,12
21784,115,117,-2,2
21785,92,86,6,6
21786,78,72,6,6
21787,129,121,8,8
21788,119,101,18,18
21789,78,75,3,3
21790,78,62,16,16
21791,211,177,34,34
21792,95,98,-3,3
21793,101,97,4,4
21794,163,147,16,16
21795,168,170,-2,2
21796,109,104,5,5
21797,98,110,-12,12
21798,61,59,2,2
21799,131,131,0,0
21800,74,72,2,2
21801,66,84,-18,18
21802,130,136,-6,6
21803,71,66,5,5
21804,135,148,-13,13
21805,88,76,12,12
21806,150,174,-24,24
21807,152,97,55,55
21808,117,93,24,24
21809,133,142,-9,9
21810,77,71,6,6
21811,75,69,6,6
21812,63,74,-11,11
21813,73,68,5,5
21814,72,76,-4,4
21815,62,68,-6,6
21816,98,106,-8,8
21817,103,97,6,6
21818,167,171,-4,4
21819,73,81,-8,8
21820,68,58,10,10
21821,104,107,-3,3
21822,96,98,-2,2
21823,165,162,3,3
21824,128,125,3,3
21825,147,146,1,1
21826,139,142,-3,3
21827,156,144,12,12
21828,86,89,-3,3
21829,78,76,2,2
21830,78,69,9,9
21831,89,79,10,10
21832,115,121,-6,6
21833,122,119,3,3
21834,47,56,-9,9
21835,60,74,-14,14
21836,87,100,-13,13
21837,77,80,-3,3
21838,115,105,10,10
21839,105,94,11,11
21840,120,119,1,1
21841,95,99,-4,4
21842,103,92,11,11
21843,57,55,2,2
21844,132,109,23,23
21845,118,96,22,22
21846,134,124,10,10
21847,85,103,-18,18
21848,130,129,1,1
21849,107,123,-16,16
21850,112,99,13,13
21851,63,63,0,0
21852,176,165,11,11
21853,83,81,2,2
21854,88,100,-12,12
21855,141,122,19,19
21856,121,110,11,11
21857,119,109,10,10
21858,51,55,-4,4
21859,60,67,-7,7
21860,103,87,16,16
21861,122,114,8,8
21862,79,73,6,6
21863,103,93,10,10
21864,86,84,2,2
21865,58,56,2,2
21866,103,105,-2,2
21867,89,78,11,11
21868,94,83,11,11
21869,115,118,-3,3
21870,151,131,20,20
21871,97,95,2,2
21872,88,75,13,13
21873,78,80,-2,2
21874,79,81,-2,2
21875,51,63,-12,12
21876,77,79,-2,2
21877,98,82,16,16
21878,160,131,29,29
21879,114,118,-4,4
21880,95,94,1,1
21881,77,80,-3,3
21882,75,74,1,1
21883,142,125,17,17
21884,72,72,0,0
21885,150,149,1,1
21886,67,71,-4,4
21887,104,106,-2,2
21888,95,90,5,5
21889,116,111,5,5
21890,43,68,-25,25
21891,98,104,-6,6
21892,85,65,20,20
21893,93,96,-3,3
21894,106,95,11,11
21895,99,105,-6,6
21896,179,155,24,24
21897,61,79,-18,18
21898,77,77,0,0
21899,64,61,3,3
21900,90,96,-6,6
21901,106,114,-8,8
21902,67,70,-3,3
21903,102,106,-4,4
21904,94,95,-1,1
21905,92,89,3,3
21906,81,113,-32,32
21907,84,78,6,6
21908,131,137,-6,6
21909,96,97,-1,1
21910,89,86,3,3
21911,107,101,6,6
21912,73,80,-7,7
21913,81,74,7,7
21914,69,76,-7,7
21915,73,73,0,0
21916,150,153,-3,3
21917,115,100,15,15
21918,90,79,11,11
21919,63,86,-23,23
21920,138,125,13,13
21921,125,123,2,2
21922,111,114,-3,3
21923,124,104,20,20
21924,37,43,-6,6
21925,114,126,-12,12
21926,67,62,5,5
21927,116,116,0,0
21928,134,143,-9,9
21929,58,65,-7,7
21930,75,70,5,5
21931,119,109,10,10
21932,94,81,13,13
21933,72,69,3,3
21934,144,145,-1,1
21935,86,79,7,7
21936,112,113,-1,1
21937,57,56,1,1
21938,121,142,-21,21
21939,118,123,-5,5
21940,79,74,5,5
21941,53,48,5,5
21942,61,54,7,7
21943,90,98,-8,8
21944,114,111,3,3
21945,101,106,-5,5
21946,180,180,0,0
21947,136,166,-30,30
21948,100,101,-1,1
21949,107,117,-10,10
21950,95,99,-4,4
21951,75,77,-2,2
21952,86,95,-9,9
21953,71,83,-12,12
21954,126,119,7,7
21955,125,120,5,5
21956,162,161,1,1
21957,71,70,1,1
21958,60,56,4,4
21959,118,139,-21,21
21960,104,86,18,18
21961,117,114,3,3
21962,144,142,2,2
21963,78,74,4,4
21964,95,97,-2,2
21965,157,128,29,29
21966,70,63,7,7
21967,68,69,-1,1
21968,125,119,6,6
21969,111,88,23,23
21970,112,108,4,4
21971,118,113,5,5
21972,71,69,2,2
21973,126,106,20,20
21974,96,81,15,15
21975,59,61,-2,2
21976,82,94,-12,12
21977,101,104,-3,3
21978,80,75,5,5
21979,61,58,3,3
21980,89,94,-5,5
21981,107,91,16,16
21982,55,57,-2,2
21983,99,92,7,7
21984,131,135,-4,4
21985,80,68,12,12
21986,110,106,4,4
21987,94,89,5,5
21988,32,54,-22,22
21989,105,110,-5,5
21990,103,108,-5,5
21991,152,156,-4,4
21992,136,117,19,19
21993,78,75,3,3
21994,68,68,0,0
21995,68,69,-1,1
21996,36,41,-5,5
21997,111,113,-2,2
21998,64,50,14,14
21999,70,73,-3,3
22000,89,84,5,5
22001,103,100,3,3
22002,79,71,8,8
22003,175,169,6,6
22004,103,106,-3,3
22005,84,78,6,6
22006,79,65,14,14
22007,93,100,-7,7
22008,124,126,-2,2
22009,106,98,8,8
22010,144,119,25,25
22011,100,91,9,9
22012,70,78,-8,8
22013,122,120,2,2
22014,101,99,2,2
22015,125,118,7,7
22016,94,81,13,13
22017,134,152,-18,18
22018,69,79,-10,10
22019,119,116,3,3
22020,106,92,14,14
22021,122,130,-8,8
22022,54,57,-3,3
22023,89,87,2,2
22024,76,76,0,0
22025,86,85,1,1
22026,144,140,4,4
22027,93,76,17,17
22028,105,103,2,2
22029,101,104,-3,3
22030,81,90,-9,9
22031,85,82,3,3
22032,157,125,32,32
22033,112,112,0,0
22034,76,69,7,7
22035,85,95,-10,10
22036,141,116,25,25
22037,87,84,3,3
22038,71,80,-9,9
22039,104,120,-16,16
22040,73,74,-1,1
22041,143,128,15,15
22042,92,91,1,1
22043,80,78,2,2
22044,98,100,-2,2
22045,80,65,15,15
22046,54,64,-10,10
22047,134,141,-7,7
22048,70,61,9,9
22049,114,103,11,11
22050,80,69,11,11
22051,90,84,6,6
22052,82,94,-12,12
22053,103,92,11,11
22054,82,82,0,0
22055,92,83,9,9
22056,82,76,6,6
22057,66,68,-2,2
22058,124,144,-20,20
22059,61,65,-4,4
22060,63,70,-7,7
22061,91,106,-15,15
22062,72,66,6,6
22063,54,70,-16,16
22064,87,81,6,6
22065,104,121,-17,17
22066,61,67,-6,6
22067,125,103,22,22
22068,129,139,-10,10
22069,33,39,-6,6
22070,97,114,-17,17
22071,73,79,-6,6
22072,154,142,12,12
22073,74,65,9,9
22074,125,141,-16,16
22075,54,60,-6,6
22076,68,71,-3,3
22077,91,81,10,10
22078,68,68,0,0
22079,92,105,-13,13
22080,117,97,20,20
22081,98,114,-16,16
22082,124,104,20,20
22083,71,78,-7,7
22084,66,66,0,0
22085,37,42,-5,5
22086,108,102,6,6
22087,59,47,12,12
22088,84,82,2,2
22089,162,148,14,14
22090,108,100,8,8
22091,120,107,13,13
22092,102,117,-15,15
22093,68,82,-14,14
22094,146,130,16,16
22095,116,126,-10,10
22096,66,75,-9,9
22097,67,64,3,3
22098,46,55,-9,9
22099,92,88,4,4
22100,150,123,27,27
22101,58,37,21,21
22102,103,99,4,4
22103,112,95,17,17
22104,90,99,-9,9
22105,98,100,-2,2
22106,54,63,-9,9
22107,76,79,-3,3
22108,77,85,-8,8
22109,111,96,15,15
22110,118,119,-1,1
22111,125,125,0,0
22112,94,101,-7,7
22113,73,77,-4,4
22114,173,149,24,24
22115,155,151,4,4
22116,120,141,-21,21
22117,86,72,14,14
22118,115,116,-1,1
22119,149,132,17,17
22120,68,81,-13,13
22121,130,106,24,24
22122,65,65,0,0
22123,63,68,-5,5
22124,39,55,-16,16
22125,82,77,5,5
22126,74,59,15,15
22127,57,77,-20,20
22128,105,106,-1,1
22129,106,105,1,1
22130,126,141,-15,15
22131,113,112,1,1
22132,109,107,2,2
22133,95,96,-1,1
22134,86,68,18,18
22135,99,100,-1,1
22136,65,106,-41,41
22137,70,69,1,1
22138,66,58,8,8
22139,45,51,-6,6
22140,77,73,4,4
22141,50,65,-15,15
22142,105,109,-4,4
22143,101,111,-10,10
22144,62,65,-3,3
22145,82,91,-9,9
22146,69,62,7,7
22147,122,142,-20,20
22148,147,158,-11,11
22149,220,246,-26,26
22150,69,62,7,7
22151,93,94,-1,1
22152,111,109,2,2
22153,152,152,0,0
22154,124,124,0,0
22155,43,47,-4,4
22156,112,92,20,20
22157,83,77,6,6
22158,140,137,3,3
22159,110,115,-5,5
22160,71,70,1,1
22161,96,116,-20,20
22162,148,154,-6,6
22163,53,67,-14,14
22164,120,127,-7,7
22165,188,178,10,10
22166,29,46,-17,17
22167,117,104,13,13
22168,104,97,7,7
22169,81,94,-13,13
22170,124,110,14,14
22171,103,109,-6,6
22172,139,145,-6,6
22173,79,72,7,7
22174,133,137,-4,4
22175,112,122,-10,10
22176,99,104,-5,5
22177,101,89,12,12
22178,75,66,9,9
22179,110,94,16,16
22180,121,122,-1,1
22181,110,122,-12,12
22182,68,80,-12,12
22183,99,91,8,8
22184,67,77,-10,10
22185,72,72,0,0
22186,151,138,13,13
22187,87,85,2,2
22188,83,82,1,1
22189,58,61,-3,3
22190,56,55,1,1
22191,72,65,7,7
22192,91,84,7,7
22193,61,56,5,5
22194,95,71,24,24
22195,101,95,6,6
22196,98,95,3,3
22197,128,136,-8,8
22198,183,172,11,11
22199,68,69,-1,1
22200,97,97,0,0
22201,74,84,-10,10
22202,127,121,6,6
22203,91,88,3,3
22204,95,91,4,4
22205,83,84,-1,1
22206,130,129,1,1
22207,143,96,47,47
22208,68,68,0,0
22209,72,67,5,5
22210,81,77,4,4
22211,63,61,2,2
22212,92,83,9,9
22213,70,75,-5,5
22214,114,131,-17,17
22215,119,111,8,8
22216,130,122,8,8
22217,94,91,3,3
22218,104,113,-9,9
22219,99,106,-7,7
22220,55,65,-10,10
22221,111,112,-1,1
22222,101,86,15,15
22223,86,82,4,4
22224,89,92,-3,3
22225,91,101,-10,10
22226,140,140,0,0
22227,74,70,4,4
22228,82,85,-3,3
22229,103,71,32,32
22230,104,95,9,9
22231,75,81,-6,6
22232,92,99,-7,7
22233,53,52,1,1
22234,74,80,-6,6
22235,38,35,3,3
22236,141,141,0,0
22237,91,93,-2,2
22238,97,91,6,6
22239,115,108,7,7
22240,141,139,2,2
22241,72,71,1,1
22242,87,87,0,0
22243,114,109,5,5
22244,96,88,8,8
22245,68,89,-21,21
22246,123,125,-2,2
22247,91,90,1,1
22248,91,82,9,9
22249,116,113,3,3
22250,49,74,-25,25
22251,57,59,-2,2
22252,124,126,-2,2
22253,88,103,-15,15
22254,129,125,4,4
22255,55,52,3,3
22256,188,168,20,20
22257,64,70,-6,6
22258,71,65,6,6
22259,45,53,-8,8
22260,93,89,4,4
22261,68,64,4,4
22262,161,172,-11,11
22263,69,69,0,0
22264,113,129,-16,16
22265,74,86,-12,12
22266,58,60,-2,2
22267,149,151,-2,2
22268,49,63,-14,14
22269,96,97,-1,1
22270,122,113,9,9
22271,92,76,16,16
22272,124,113,11,11
22273,93,98,-5,5
22274,149,161,-12,12
22275,179,173,6,6
22276,147,147,0,0
22277,121,124,-3,3
22278,62,58,4,4
22279,50,48,2,2
22280,54,49,5,5
22281,104,103,1,1
22282,73,72,1,1
22283,101,95,6,6
22284,71,77,-6,6
22285,90,95,-5,5
22286,71,64,7,7
22287,72,75,-3,3
22288,61,86,-25,25
22289,65,58,7,7
22290,81,75,6,6
22291,37,49,-12,12
22292,65,66,-1,1
22293,128,123,5,5
22294,55,76,-21,21
22295,55,60,-5,5
22296,131,102,29,29
22297,67,61,6,6
22298,138,139,-1,1
22299,66,70,-4,4
22300,62,60,2,2
22301,187,177,10,10
22302,127,126,1,1
22303,105,109,-4,4
22304,78,70,8,8
22305,94,96,-2,2
22306,94,93,1,1
22307,108,105,3,3
22308,135,139,-4,4
22309,78,73,5,5
22310,87,94,-7,7
22311,59,64,-5,5
22312,134,131,3,3
22313,89,74,15,15
22314,79,83,-4,4
22315,27,43,-16,16
22316,74,77,-3,3
22317,56,64,-8,8
22318,121,138,-17,17
22319,88,86,2,2
22320,145,154,-9,9
22321,99,94,5,5
22322,127,107,20,20
22323,85,83,2,2
22324,91,75,16,16
22325,184,179,5,5
22326,76,64,12,12
22327,86,87,-1,1
22328,88,75,13,13
22329,156,141,15,15
22330,106,103,3,3
22331,102,83,19,19
22332,106,93,13,13
22333,87,81,6,6
22334,60,64,-4,4
22335,82,84,-2,2
22336,112,110,2,2
22337,118,131,-13,13
22338,75,61,14,14
22339,94,89,5,5
22340,57,60,-3,3
22341,96,89,7,7
22342,67,58,9,9
22343,78,84,-6,6
22344,114,96,18,18
22345,70,64,6,6
22346,60,65,-5,5
22347,91,85,6,6
22348,86,79,7,7
22349,84,80,4,4
22350,75,74,1,1
22351,133,146,-13,13
22352,193,189,4,4
22353,68,74,-6,6
22354,139,139,0,0
22355,57,78,-21,21
22356,110,118,-8,8
22357,83,95,-12,12
22358,159,139,20,20
22359,110,108,2,2
22360,150,128,22,22
22361,95,108,-13,13
22362,139,128,11,11
22363,72,84,-12,12
22364,147,139,8,8
22365,89,78,11,11
22366,136,118,18,18
22367,47,56,-9,9
22368,158,157,1,1
22369,111,124,-13,13
22370,99,82,17,17
22371,112,111,1,1
22372,82,86,-4,4
22373,38,39,-1,1
22374,82,74,8,8
22375,80,80,0,0
22376,119,109,10,10
22377,68,69,-1,1
22378,117,108,9,9
22379,76,71,5,5
22380,94,91,3,3
22381,68,72,-4,4
22382,49,44,5,5
22383,59,68,-9,9
22384,135,151,-16,16
22385,111,107,4,4
22386,102,88,14,14
22387,118,121,-3,3
22388,90,94,-4,4
22389,62,60,2,2
22390,104,97,7,7
22391,120,107,13,13
22392,105,112,-7,7
22393,131,130,1,1
22394,103,109,-6,6
22395,117,107,10,10
22396,92,102,-10,10
22397,70,67,3,3
22398,108,107,1,1
22399,71,71,0,0
22400,58,60,-2,2
22401,91,74,17,17
22402,98,89,9,9
22403,40,51,-11,11
22404,92,72,20,20
22405,100,103,-3,3
22406,138,142,-4,4
22407,132,120,12,12
22408,101,104,-3,3
22409,71,75,-4,4
22410,86,75,11,11
22411,107,100,7,7
22412,85,82,3,3
22413,68,68,0,0
22414,80,79,1,1
22415,125,114,11,11
22416,99,93,6,6
22417,122,108,14,14
22418,190,182,8,8
22419,109,88,21,21
22420,83,70,13,13
22421,121,133,-12,12
22422,79,91,-12,12
22423,142,150,-8,8
22424,63,63,0,0
22425,66,56,10,10
22426,114,100,14,14
22427,80,81,-1,1
22428,72,78,-6,6
22429,190,174,16,16
22430,91,81,10,10
22431,152,139,13,13
22432,74,61,13,13
22433,88,90,-2,2
22434,181,189,-8,8
22435,118,127,-9,9
22436,131,125,6,6
22437,64,121,-57,57
22438,86,90,-4,4
22439,74,94,-20,20
22440,79,76,3,3
22441,99,99,0,0
22442,169,159,10,10
22443,68,67,1,1
22444,79,82,-3,3
22445,181,150,31,31
22446,119,108,11,11
22447,120,114,6,6
22448,67,66,1,1
22449,67,74,-7,7
22450,76,65,11,11
22451,87,73,14,14
22452,91,102,-11,11
22453,161,149,12,12
22454,58,61,-3,3
22455,57,63,-6,6
22456,95,67,28,28
22457,63,70,-7,7
22458,64,66,-2,2
22459,55,48,7,7
22460,136,118,18,18
22461,107,103,4,4
22462,83,100,-17,17
22463,52,71,-19,19
22464,127,129,-2,2
22465,90,96,-6,6
22466,141,142,-1,1
22467,87,90,-3,3
22468,99,93,6,6
22469,67,63,4,4
22470,79,71,8,8
22471,102,99,3,3
22472,168,166,2,2
22473,154,151,3,3
22474,118,118,0,0
22475,68,77,-9,9
22476,109,104,5,5
22477,41,61,-20,20
22478,65,66,-1,1
22479,108,100,8,8
22480,26,23,3,3
22481,99,104,-5,5
22482,137,136,1,1
22483,180,170,10,10
22484,223,166,57,57
22485,103,103,0,0
22486,91,86,5,5
22487,120,112,8,8
22488,73,72,1,1
22489,69,82,-13,13
22490,76,90,-14,14
22491,73,67,6,6
22492,41,35,6,6
22493,143,136,7,7
22494,121,143,-22,22
22495,97,103,-6,6
22496,86,93,-7,7
22497,80,83,-3,3
22498,105,109,-4,4
22499,111,97,14,14
22500,133,153,-20,20
22501,120,133,-13,13
22502,156,181,-25,25
22503,100,125,-25,25
22504,41,42,-1,1
22505,94,102,-8,8
22506,59,49,10,10
22507,71,61,10,10
22508,68,57,11,11
22509,102,99,3,3
22510,134,132,2,2
22511,60,53,7,7
22512,169,142,27,27
22513,80,77,3,3
22514,126,142,-16,16
22515,146,145,1,1
22516,128,133,-5,5
22517,67,73,-6,6
22518,92,94,-2,2
22519,72,78,-6,6
22520,79,77,2,2
22521,102,94,8,8
22522,62,60,2,2
22523,59,59,0,0
22524,116,101,15,15
22525,96,95,1,1
22526,86,86,0,0
22527,68,77,-9,9
22528,90,96,-6,6
22529,90,75,15,15
22530,141,126,15,15
22531,109,100,9,9
22532,51,69,-18,18
22533,107,103,4,4
22534,130,133,-3,3
22535,103,108,-5,5
22536,49,57,-8,8
22537,106,102,4,4
22538,87,86,1,1
22539,68,65,3,3
22540,88,95,-7,7
22541,79,77,2,2
22542,104,93,11,11
22543,94,94,0,0
22544,123,115,8,8
22545,98,94,4,4
22546,123,118,5,5
22547,104,103,1,1
22548,60,70,-10,10
22549,70,81,-11,11
22550,89,86,3,3
22551,122,123,-1,1
22552,55,48,7,7
22553,141,137,4,4
22554,80,72,8,8
22555,97,103,-6,6
22556,126,120,6,6
22557,73,73,0,0
22558,63,75,-12,12
22559,151,148,3,3
22560,109,99,10,10
22561,161,159,2,2
22562,80,78,2,2
22563,126,103,23,23
22564,89,80,9,9
22565,95,85,10,10
22566,163,146,17,17
22567,121,124,-3,3
22568,80,83,-3,3
22569,79,61,18,18
22570,94,88,6,6
22571,143,129,14,14
22572,95,87,8,8
22573,108,109,-1,1
22574,94,94,0,0
22575,102,98,4,4
22576,84,101,-17,17
22577,80,68,12,12
22578,135,125,10,10
22579,98,85,13,13
22580,113,110,3,3
22581,85,103,-18,18
22582,97,85,12,12
22583,67,63,4,4
22584,135,131,4,4
22585,31,36,-5,5
22586,154,144,10,10
22587,136,137,-1,1
22588,35,32,3,3
22589,145,142,3,3
22590,76,71,5,5
22591,89,92,-3,3
22592,84,100,-16,16
22593,82,104,-22,22
22594,76,81,-5,5
22595,88,88,0,0
22596,85,69,16,16
22597,109,110,-1,1
22598,165,155,10,10
22599,88,78,10,10
22600,54,55,-1,1
22601,93,84,9,9
22602,66,67,-1,1
22603,75,73,2,2
22604,55,60,-5,5
22605,72,67,5,5
22606,113,118,-5,5
22607,127,123,4,4
22608,53,74,-21,21
22609,94,96,-2,2
22610,90,88,2,2
22611,65,75,-10,10
22612,60,68,-8,8
22613,59,48,11,11
22614,107,100,7,7
22615,93,111,-18,18
22616,128,120,8,8
22617,55,52,3,3
22618,93,94,-1,1
22619,79,69,10,10
22620,148,147,1,1
22621,129,112,17,17
22622,51,60,-9,9
22623,92,94,-2,2
22624,93,113,-20,20
22625,114,121,-7,7
22626,72,72,0,0
22627,92,95,-3,3
22628,81,87,-6,6
22629,69,77,-8,8
22630,93,85,8,8
22631,189,183,6,6
22632,71,69,2,2
22633,87,86,1,1
22634,48,75,-27,27
22635,94,86,8,8
22636,116,131,-15,15
22637,62,81,-19,19
22638,240,224,16,16
22639,104,100,4,4
22640,80,75,5,5
22641,66,47,19,19
22642,100,102,-2,2
22643,133,131,2,2
22644,103,98,5,5
22645,137,151,-14,14
22646,165,166,-1,1
22647,125,117,8,8
22648,86,84,2,2
22649,95,83,12,12
22650,103,120,-17,17
22651,140,121,19,19
22652,95,99,-4,4
22653,68,66,2,2
22654,52,40,12,12
22655,77,74,3,3
22656,121,113,8,8
22657,107,118,-11,11
22658,98,92,6,6
22659,100,94,6,6
22660,81,77,4,4
22661,46,47,-1,1
22662,162,153,9,9
22663,136,129,7,7
22664,85,90,-5,5
22665,83,81,2,2
22666,135,124,11,11
22667,39,71,-32,32
22668,61,60,1,1
22669,73,58,15,15
22670,87,70,17,17
22671,76,68,8,8
22672,84,103,-19,19
22673,94,88,6,6
22674,163,177,-14,14
22675,80,88,-8,8
22676,86,100,-14,14
22677,152,144,8,8
22678,100,99,1,1
22679,75,66,9,9
22680,92,97,-5,5
22681,84,82,2,2
22682,144,149,-5,5
22683,69,62,7,7
22684,109,114,-5,5
22685,109,99,10,10
22686,88,66,22,22
22687,67,68,-1,1
22688,115,114,1,1
22689,125,140,-15,15
22690,95,100,-5,5
22691,87,81,6,6
22692,98,93,5,5
22693,83,92,-9,9
22694,101,112,-11,11
22695,51,54,-3,3
22696,108,98,10,10
22697,136,139,-3,3
22698,208,225,-17,17
22699,121,126,-5,5
22700,84,84,0,0
22701,86,77,9,9
22702,148,131,17,17
22703,110,125,-15,15
22704,117,111,6,6
22705,96,97,-1,1
22706,69,73,-4,4
22707,137,135,2,2
22708,66,60,6,6
22709,89,82,7,7
22710,44,56,-12,12
22711,136,138,-2,2
22712,128,123,5,5
22713,73,70,3,3
22714,155,155,0,0
22715,89,74,15,15
22716,87,80,7,7
22717,147,146,1,1
22718,64,56,8,8
22719,37,38,-1,1
22720,122,108,14,14
22721,44,30,14,14
22722,126,109,17,17
22723,60,69,-9,9
22724,148,141,7,7
22725,134,128,6,6
22726,87,66,21,21
22727,135,133,2,2
22728,90,95,-5,5
22729,60,58,2,2
22730,86,66,20,20
22731,150,153,-3,3
22732,59,91,-32,32
22733,111,95,16,16
22734,54,52,2,2
22735,158,143,15,15
22736,135,129,6,6
22737,32,26,6,6
22738,63,63,0,0
22739,117,97,20,20
22740,83,84,-1,1
22741,54,51,3,3
22742,151,123,28,28
22743,64,66,-2,2
22744,44,49,-5,5
22745,138,139,-1,1
22746,48,67,-19,19
22747,123,108,15,15
22748,97,91,6,6
22749,59,59,0,0
22750,96,91,5,5
22751,19,32,-13,13
22752,112,105,7,7
22753,131,151,-20,20
22754,153,154,-1,1
22755,100,98,2,2
22756,183,171,12,12
22757,121,126,-5,5
22758,129,117,12,12
22759,93,103,-10,10
22760,89,90,-1,1
22761,92,86,6,6
22762,81,72,9,9
22763,133,126,7,7
22764,77,72,5,5
22765,63,64,-1,1
22766,66,57,9,9
22767,74,88,-14,14
22768,150,157,-7,7
22769,76,78,-2,2
22770,68,69,-1,1
22771,73,64,9,9
22772,93,79,14,14
22773,90,70,20,20
22774,81,102,-21,21
22775,59,53,6,6
22776,160,150,10,10
22777,47,50,-3,3
22778,109,131,-22,22
22779,133,131,2,2
22780,114,115,-1,1
22781,89,75,14,14
22782,86,77,9,9
22783,95,91,4,4
22784,149,153,-4,4
22785,86,80,6,6
22786,112,111,1,1
22787,61,104,-43,43
22788,32,40,-8,8
22789,141,140,1,1
22790,106,100,6,6
22791,62,67,-5,5
22792,98,101,-3,3
22793,169,135,34,34
22794,75,90,-15,15
22795,113,115,-2,2
22796,69,63,6,6
22797,54,51,3,3
22798,72,78,-6,6
22799,140,141,-1,1
22800,86,86,0,0
22801,106,99,7,7
22802,81,66,15,15
22803,109,99,10,10
22804,120,102,18,18
22805,103,97,6,6
22806,201,170,31,31
22807,115,136,-21,21
22808,94,100,-6,6
22809,110,123,-13,13
22810,90,91,-1,1
22811,117,119,-2,2
22812,80,80,0,0
22813,136,142,-6,6
22814,95,106,-11,11
22815,121,102,19,19
22816,38,54,-16,16
22817,100,79,21,21
22818,83,88,-5,5
22819,102,98,4,4
22820,100,100,0,0
22821,67,70,-3,3
22822,88,113,-25,25
22823,68,71,-3,3
22824,145,145,0,0
22825,86,86,0,0
22826,107,104,3,3
22827,85,100,-15,15
22828,102,112,-10,10
22829,132,131,1,1
22830,61,69,-8,8
22831,70,68,2,2
22832,91,89,2,2
22833,139,126,13,13
22834,51,52,-1,1
22835,39,47,-8,8
22836,100,94,6,6
22837,93,90,3,3
22838,89,88,1,1
22839,92,95,-3,3
22840,35,43,-8,8
22841,93,86,7,7
22842,64,77,-13,13
22843,62,62,0,0
22844,102,87,15,15
22845,101,95,6,6
22846,93,95,-2,2
22847,63,53,10,10
22848,88,84,4,4
22849,80,84,-4,4
22850,134,93,41,41
22851,77,73,4,4
22852,73,66,7,7
22853,57,53,4,4
22854,118,90,28,28
22855,134,124,10,10
22856,127,122,5,5
22857,88,99,-11,11
22858,91,92,-1,1
22859,110,113,-3,3
22860,46,48,-2,2
22861,105,99,6,6
22862,103,101,2,2
22863,108,102,6,6
22864,93,102,-9,9
22865,75,78,-3,3
22866,131,112,19,19
22867,130,132,-2,2
22868,89,88,1,1
22869,49,100,-51,51
22870,120,126,-6,6
22871,151,162,-11,11
22872,92,82,10,10
22873,77,65,12,12
22874,126,141,-15,15
22875,100,103,-3,3
22876,54,72,-18,18
22877,110,107,3,3
22878,133,121,12,12
22879,119,134,-15,15
22880,126,122,4,4
22881,42,42,0,0
22882,63,70,-7,7
22883,170,178,-8,8
22884,68,82,-14,14
22885,114,112,2,2
22886,115,120,-5,5
22887,64,71,-7,7
22888,90,89,1,1
22889,126,101,25,25
22890,72,83,-11,11
22891,116,142,-26,26
22892,151,144,7,7
22893,98,80,18,18
22894,135,133,2,2
22895,132,115,17,17
22896,166,153,13,13
22897,109,110,-1,1
22898,73,80,-7,7
22899,43,41,2,2
22900,60,56,4,4
22901,95,98,-3,3
22902,185,167,18,18
22903,116,119,-3,3
22904,120,112,8,8
22905,117,118,-1,1
22906,80,84,-4,4
22907,54,64,-10,10
22908,94,97,-3,3
22909,104,113,-9,9
22910,167,172,-5,5
22911,183,186,-3,3
22912,125,130,-5,5
22913,67,61,6,6
22914,127,113,14,14
22915,108,118,-10,10
22916,110,105,5,5
22917,72,71,1,1
22918,76,78,-2,2
22919,60,64,-4,4
22920,127,113,14,14
22921,60,53,7,7
22922,117,119,-2,2
22923,62,62,0,0
22924,98,91,7,7
22925,64,76,-12,12
22926,90,91,-1,1
22927,155,141,14,14
22928,69,66,3,3
22929,91,84,7,7
22930,91,87,4,4
22931,97,98,-1,1
22932,116,99,17,17
22933,100,100,0,0
22934,81,58,23,23
22935,77,82,-5,5
22936,46,41,5,5
22937,86,94,-8,8
22938,98,89,9,9
22939,128,108,20,20
22940,53,53,0,0
22941,86,90,-4,4
22942,106,108,-2,2
22943,118,110,8,8
22944,132,148,-16,16
22945,179,174,5,5
22946,72,66,6,6
22947,57,58,-1,1
22948,159,155,4,4
22949,56,74,-18,18
22950,90,101,-11,11
22951,84,80,4,4
22952,120,134,-14,14
22953,99,84,15,15
22954,121,107,14,14
22955,96,95,1,1
22956,46,54,-8,8
22957,84,82,2,2
22958,79,75,4,4
22959,165,159,6,6
22960,72,71,1,1
22961,75,67,8,8
22962,116,120,-4,4
22963,117,122,-5,5
22964,95,91,4,4
22965,138,114,24,24
22966,64,60,4,4
22967,70,71,-1,1
22968,51,56,-5,5
22969,74,84,-10,10
22970,105,101,4,4
22971,137,144,-7,7
22972,93,88,5,5
22973,72,72,0,0
22974,83,74,9,9
22975,113,115,-2,2
22976,97,92,5,5
22977,76,66,10,10
22978,65,80,-15,15
22979,159,156,3,3
22980,72,73,-1,1
22981,127,131,-4,4
22982,94,88,6,6
22983,83,80,3,3
22984,84,91,-7,7
22985,60,63,-3,3
22986,100,100,0,0
22987,108,108,0,0
22988,118,116,2,2
22989,76,84,-8,8
22990,87,82,5,5
22991,50,55,-5,5
22992,38,40,-2,2
22993,146,129,17,17
22994,114,116,-2,2
22995,52,59,-7,7
22996,84,98,-14,14
22997,122,133,-11,11
22998,102,97,5,5
22999,181,176,5,5
23000,98,84,14,14
23001,39,64,-25,25
23002,84,66,18,18
23003,145,114,31,31
23004,124,135,-11,11
23005,110,123,-13,13
23006,57,51,6,6
23007,88,92,-4,4
23008,64,77,-13,13
23009,195,190,5,5
23010,131,129,2,2
23011,124,116,8,8
23012,79,115,-36,36
23013,66,68,-2,2
23014,100,120,-20,20
23015,82,83,-1,1
23016,81,79,2,2
23017,85,72,13,13
23018,192,177,15,15
23019,112,121,-9,9
23020,166,154,12,12
23021,101,100,1,1
23022,82,71,11,11
23023,89,75,14,14
23024,94,87,7,7
23025,79,90,-11,11
23026,108,125,-17,17
23027,117,114,3,3
23028,123,119,4,4
23029,81,74,7,7
23030,87,69,18,18
23031,66,64,2,2
23032,35,48,-13,13
23033,102,92,10,10
23034,145,125,20,20
23035,62,62,0,0
23036,121,114,7,7
23037,69,63,6,6
23038,142,139,3,3
23039,74,62,12,12
23040,92,92,0,0
23041,63,56,7,7
23042,71,68,3,3
23043,148,133,15,15
23044,72,80,-8,8
23045,75,74,1,1
23046,118,125,-7,7
23047,103,109,-6,6
23048,136,120,16,16
23049,126,146,-20,20
23050,93,90,3,3
23051,101,96,5,5
23052,133,129,4,4
23053,83,81,2,2
23054,91,88,3,3
23055,52,55,-3,3
23056,100,107,-7,7
23057,88,87,1,1
23058,80,86,-6,6
23059,83,89,-6,6
23060,90,89,1,1
23061,69,98,-29,29
23062,85,73,12,12
23063,107,90,17,17
23064,103,91,12,12
23065,60,54,6,6
23066,152,165,-13,13
23067,40,40,0,0
23068,87,77,10,10
23069,78,67,11,11
23070,145,150,-5,5
23071,47,44,3,3
23072,139,131,8,8
23073,94,86,8,8
23074,138,143,-5,5
23075,115,97,18,18
23076,94,90,4,4
23077,106,99,7,7
23078,85,55,30,30
23079,82,80,2,2
23080,61,64,-3,3
23081,160,145,15,15
23082,157,155,2,2
23083,87,91,-4,4
23084,135,128,7,7
23085,120,116,4,4
23086,104,106,-2,2
23087,165,152,13,13
23088,88,88,0,0
23089,67,74,-7,7
23090,87,79,8,8
23091,66,68,-2,2
23092,74,65,9,9
23093,76,74,2,2
23094,62,71,-9,9
23095,79,86,-7,7
23096,91,92,-1,1
23097,70,67,3,3
23098,148,135,13,13
23099,135,130,5,5
23100,74,80,-6,6
23101,78,73,5,5
23102,93,92,1,1
23103,124,103,21,21
23104,129,148,-19,19
23105,98,79,19,19
23106,72,64,8,8
23107,53,59,-6,6
23108,138,132,6,6
23109,184,158,26,26
23110,85,86,-1,1
23111,82,57,25,25
23112,105,120,-15,15
23113,99,101,-2,2
23114,65,67,-2,2
23115,73,58,15,15
23116,66,56,10,10
23117,102,106,-4,4
23118,85,82,3,3
23119,188,187,1,1
23120,81,168,-87,87
23121,124,137,-13,13
23122,59,60,-1,1
23123,108,110,-2,2
23124,92,104,-12,12
23125,100,97,3,3
23126,105,95,10,10
23127,93,88,5,5
23128,155,136,19,19
23129,71,62,9,9
23130,65,54,11,11
23131,94,88,6,6
23132,122,133,-11,11
23133,70,74,-4,4
23134,65,65,0,0
23135,160,159,1,1
23136,115,102,13,13
23137,134,128,6,6
23138,101,102,-1,1
23139,105,107,-2,2
23140,93,97,-4,4
23141,94,83,11,11
23142,82,71,11,11
23143,90,93,-3,3
23144,78,65,13,13
23145,145,142,3,3
23146,120,115,5,5
23147,94,98,-4,4
23148,95,83,12,12
23149,115,127,-12,12
23150,49,54,-5,5
23151,134,144,-10,10
23152,88,84,4,4
23153,82,71,11,11
23154,67,78,-11,11
23155,71,60,11,11
23156,56,56,0,0
23157,88,87,1,1
23158,34,47,-13,13
23159,62,73,-11,11
23160,82,82,0,0
23161,111,113,-2,2
23162,48,50,-2,2
23163,102,108,-6,6
23164,143,130,13,13
23165,47,49,-2,2
23166,76,77,-1,1
23167,119,119,0,0
23168,64,59,5,5
23169,72,66,6,6
23170,141,145,-4,4
23171,64,63,1,1
23172,127,113,14,14
23173,72,71,1,1
23174,111,116,-5,5
23175,104,98,6,6
23176,77,83,-6,6
23177,133,133,0,0
23178,113,114,-1,1
23179,110,105,5,5
23180,89,92,-3,3
23181,125,127,-2,2
23182,127,112,15,15
23183,68,64,4,4
23184,99,104,-5,5
23185,86,88,-2,2
23186,111,122,-11,11
23187,118,103,15,15
23188,74,89,-15,15
23189,132,115,17,17
23190,99,96,3,3
23191,139,145,-6,6
23192,107,102,5,5
23193,70,75,-5,5
23194,77,67,10,10
23195,101,109,-8,8
23196,103,96,7,7
23197,86,69,17,17
23198,104,90,14,14
23199,100,109,-9,9
23200,150,134,16,16
23201,69,65,4,4
23202,129,125,4,4
23203,162,159,3,3
23204,111,124,-13,13
23205,133,138,-5,5
23206,87,81,6,6
23207,74,87,-13,13
23208,95,115,-20,20
23209,110,120,-10,10
23210,124,114,10,10
23211,155,145,10,10
23212,74,55,19,19
23213,80,78,2,2
23214,90,79,11,11
23215,100,91,9,9
23216,112,96,16,16
23217,81,67,14,14
23218,73,78,-5,5
23219,122,121,1,1
23220,130,119,11,11
23221,129,125,4,4
23222,123,121,2,2
23223,84,77,7,7
23224,63,73,-10,10
23225,144,139,5,5
23226,91,157,-66,66
23227,66,78,-12,12
23228,95,101,-6,6
23229,129,137,-8,8
23230,75,75,0,0
23231,152,192,-40,40
23232,119,32,87,87
23233,107,108,-1,1
23234,184,169,15,15
23235,84,84,0,0
23236,123,120,3,3
23237,167,149,18,18
23238,59,49,10,10
23239,68,74,-6,6
23240,119,86,33,33
23241,77,95,-18,18
23242,70,74,-4,4
23243,79,64,15,15
23244,114,107,7,7
23245,75,77,-2,2
23246,64,58,6,6
23247,127,102,25,25
23248,52,58,-6,6
23249,67,55,12,12
23250,73,76,-3,3
23251,85,86,-1,1
23252,63,58,5,5
23253,88,78,10,10
23254,89,113,-24,24
23255,133,119,14,14
23256,82,87,-5,5
23257,115,104,11,11
23258,97,98,-1,1
23259,81,82,-1,1
23260,102,102,0,0
23261,68,57,11,11
23262,64,62,2,2
23263,70,66,4,4
23264,73,78,-5,5
23265,59,70,-11,11
23266,136,128,8,8
23267,103,112,-9,9
23268,137,139,-2,2
23269,73,71,2,2
23270,83,92,-9,9
23271,95,93,2,2
23272,138,127,11,11
23273,86,79,7,7
23274,66,84,-18,18
23275,134,125,9,9
23276,116,119,-3,3
23277,70,70,0,0
23278,118,115,3,3
23279,131,121,10,10
23280,40,76,-36,36
23281,82,82,0,0
23282,78,71,7,7
23283,97,81,16,16
23284,89,98,-9,9
23285,133,130,3,3
23286,76,74,2,2
23287,152,133,19,19
23288,92,90,2,2
23289,62,60,2,2
23290,179,166,13,13
23291,127,121,6,6
23292,115,108,7,7
23293,54,62,-8,8
23294,136,111,25,25
23295,76,84,-8,8
23296,62,68,-6,6
23297,78,71,7,7
23298,182,145,37,37
23299,67,71,-4,4
23300,110,106,4,4
23301,92,84,8,8
23302,150,129,21,21
23303,122,121,1,1
23304,62,70,-8,8
23305,109,110,-1,1
23306,123,119,4,4
23307,107,107,0,0
23308,50,45,5,5
23309,62,63,-1,1
23310,115,118,-3,3
23311,41,77,-36,36
23312,106,106,0,0
23313,58,59,-1,1
23314,67,69,-2,2
23315,64,58,6,6
23316,71,96,-25,25
23317,83,84,-1,1
23318,157,182,-25,25
23319,90,95,-5,5
23320,100,107,-7,7
23321,92,101,-9,9
23322,87,103,-16,16
23323,76,90,-14,14
23324,101,99,2,2
23325,56,49,7,7
23326,65,69,-4,4
23327,70,73,-3,3
23328,57,58,-1,1
23329,112,137,-25,25
23330,50,79,-29,29
23331,47,63,-16,16
23332,140,157,-17,17
23333,51,51,0,0
23334,61,72,-11,11
23335,78,82,-4,4
23336,70,71,-1,1
23337,98,89,9,9
23338,152,140,12,12
23339,99,111,-12,12
23340,93,92,1,1
23341,90,84,6,6
23342,51,49,2,2
23343,94,90,4,4
23344,82,95,-13,13
23345,137,181,-44,44
23346,85,82,3,3
23347,131,139,-8,8
23348,110,97,13,13
23349,70,63,7,7
23350,99,128,-29,29
23351,146,146,0,0
23352,37,51,-14,14
23353,94,94,0,0
23354,124,119,5,5
23355,91,104,-13,13
23356,85,87,-2,2
23357,58,60,-2,2
23358,78,80,-2,2
23359,62,74,-12,12
23360,51,52,-1,1
23361,85,86,-1,1
23362,64,69,-5,5
23363,108,126,-18,18
23364,89,96,-7,7
23365,120,113,7,7
23366,131,130,1,1
23367,50,48,2,2
23368,109,105,4,4
23369,82,71,11,11
23370,115,99,16,16
23371,121,146,-25,25
23372,193,169,24,24
23373,66,63,3,3
23374,125,126,-1,1
23375,64,82,-18,18
23376,105,94,11,11
23377,47,53,-6,6
23378,57,64,-7,7
23379,105,87,18,18
23380,124,125,-1,1
23381,90,101,-11,11
23382,126,123,3,3
23383,89,93,-4,4
23384,122,119,3,3
23385,116,117,-1,1
23386,80,65,15,15
23387,92,85,7,7
23388,62,82,-20,20
23389,144,154,-10,10
23390,45,49,-4,4
23391,139,148,-9,9
23392,117,100,17,17
23393,99,104,-5,5
23394,98,99,-1,1
23395,87,91,-4,4
23396,171,123,48,48
23397,127,104,23,23
23398,114,111,3,3
23399,100,103,-3,3
23400,71,80,-9,9
23401,143,125,18,18
23402,84,78,6,6
23403,89,75,14,14
23404,85,64,21,21
23405,69,69,0,0
23406,145,156,-11,11
23407,115,129,-14,14
23408,116,111,5,5
23409,114,111,3,3
23410,58,49,9,9
23411,79,70,9,9
23412,73,79,-6,6
23413,114,125,-11,11
23414,140,147,-7,7
23415,92,99,-7,7
23416,111,111,0,0
23417,131,126,5,5
23418,76,79,-3,3
23419,94,107,-13,13
23420,91,89,2,2
23421,76,73,3,3
23422,115,103,12,12
23423,65,61,4,4
23424,113,121,-8,8
23425,85,94,-9,9
23426,214,240,-26,26
23427,211,191,20,20
23428,41,45,-4,4
23429,78,72,6,6
23430,161,156,5,5
23431,79,69,10,10
23432,51,55,-4,4
23433,103,106,-3,3
23434,73,70,3,3
23435,55,64,-9,9
23436,136,107,29,29
23437,131,138,-7,7
23438,77,86,-9,9
23439,80,79,1,1
23440,110,100,10,10
23441,54,65,-11,11
23442,111,130,-19,19
23443,84,85,-1,1
23444,70,62,8,8
23445,70,63,7,7
23446,106,102,4,4
23447,97,95,2,2
23448,100,93,7,7
23449,135,106,29,29
23450,86,80,6,6
23451,42,51,-9,9
23452,132,132,0,0
23453,73,65,8,8
23454,125,119,6,6
23455,83,87,-4,4
23456,125,124,1,1
23457,120,102,18,18
23458,110,118,-8,8
23459,197,175,22,22
23460,111,111,0,0
23461,86,91,-5,5
23462,76,64,12,12
23463,150,138,12,12
23464,115,119,-4,4
23465,89,112,-23,23
23466,176,158,18,18
23467,64,64,0,0
23468,120,121,-1,1
23469,121,113,8,8
23470,64,77,-13,13
23471,49,56,-7,7
23472,70,70,0,0
23473,112,102,10,10
23474,89,98,-9,9
23475,107,109,-2,2
23476,155,155,0,0
23477,73,74,-1,1
23478,129,119,10,10
23479,161,150,11,11
23480,89,88,1,1
23481,113,117,-4,4
23482,99,100,-1,1
23483,127,129,-2,2
23484,115,108,7,7
23485,78,68,10,10
23486,155,155,0,0
23487,54,46,8,8
23488,89,94,-5,5
23489,115,107,8,8
23490,82,84,-2,2
23491,165,170,-5,5
23492,90,80,10,10
23493,87,92,-5,5
23494,115,107,8,8
23495,70,70,0,0
23496,85,73,12,12
23497,101,94,7,7
23498,118,137,-19,19
23499,135,113,22,22
23500,74,68,6,6
23501,108,111,-3,3
23502,134,137,-3,3
23503,109,98,11,11
23504,77,77,0,0
23505,71,54,17,17
23506,78,75,3,3
23507,125,109,16,16
23508,90,72,18,18
23509,47,39,8,8
23510,89,80,9,9
23511,102,98,4,4
23512,94,94,0,0
23513,137,126,11,11
23514,110,99,11,11
23515,100,102,-2,2
23516,125,105,20,20
23517,57,76,-19,19
23518,120,109,11,11
23519,149,136,13,13
23520,69,65,4,4
23521,91,90,1,1
23522,69,70,-1,1
23523,143,126,17,17
23524,112,105,7,7
23525,108,105,3,3
23526,83,83,0,0
23527,102,99,3,3
23528,55,57,-2,2
23529,101,95,6,6
23530,39,58,-19,19
23531,173,181,-8,8
23532,98,97,1,1
23533,136,147,-11,11
23534,62,56,6,6
23535,188,159,29,29
23536,98,93,5,5
23537,132,125,7,7
23538,89,98,-9,9
23539,106,117,-11,11
23540,101,112,-11,11
23541,150,153,-3,3
23542,194,165,29,29
23543,108,120,-12,12
23544,78,94,-16,16
23545,70,74,-4,4
23546,93,97,-4,4
23547,65,70,-5,5
23548,113,102,11,11
23549,129,124,5,5
23550,94,91,3,3
23551,108,108,0,0
23552,90,93,-3,3
23553,68,71,-3,3
23554,98,109,-11,11
23555,96,107,-11,11
23556,85,97,-12,12
23557,137,129,8,8
23558,112,107,5,5
23559,168,140,28,28
23560,87,113,-26,26
23561,134,127,7,7
23562,75,76,-1,1
23563,135,131,4,4
23564,81,77,4,4
23565,96,125,-29,29
23566,91,101,-10,10
23567,104,85,19,19
23568,105,97,8,8
23569,56,52,4,4
23570,111,113,-2,2
23571,56,59,-3,3
23572,62,56,6,6
23573,103,101,2,2
23574,144,162,-18,18
23575,101,104,-3,3
23576,79,73,6,6
23577,102,104,-2,2
23578,121,113,8,8
23579,140,142,-2,2
23580,135,136,-1,1
23581,80,72,8,8
23582,51,59,-8,8
23583,152,128,24,24
23584,94,90,4,4
23585,52,43,9,9
23586,78,84,-6,6
23587,82,94,-12,12
23588,75,62,13,13
23589,117,132,-15,15
23590,136,113,23,23
23591,92,88,4,4
23592,55,56,-1,1
23593,126,113,13,13
23594,55,54,1,1
23595,43,48,-5,5
23596,83,77,6,6
23597,116,130,-14,14
23598,113,108,5,5
23599,60,55,5,5
23600,100,97,3,3
23601,100,112,-12,12
23602,113,120,-7,7
23603,123,140,-17,17
23604,69,64,5,5
23605,113,141,-28,28
23606,71,77,-6,6
23607,132,127,5,5
23608,151,160,-9,9
23609,57,58,-1,1
23610,105,108,-3,3
23611,188,167,21,21
23612,79,67,12,12
23613,151,155,-4,4
23614,137,120,17,17
23615,42,48,-6,6
23616,144,127,17,17
23617,41,49,-8,8
23618,82,79,3,3
23619,91,90,1,1
23620,65,69,-4,4
23621,65,74,-9,9
23622,103,105,-2,2
23623,116,124,-8,8
23624,149,144,5,5
23625,202,181,21,21
23626,61,60,1,1
23627,78,75,3,3
23628,154,138,16,16
23629,87,89,-2,2
23630,93,92,1,1
23631,134,181,-47,47
23632,116,123,-7,7
23633,124,123,1,1
23634,148,150,-2,2
23635,140,142,-2,2
23636,69,54,15,15
23637,107,98,9,9
23638,99,92,7,7
23639,137,115,22,22
23640,165,150,15,15
23641,102,95,7,7
23642,116,113,3,3
23643,95,86,9,9
23644,86,118,-32,32
23645,88,99,-11,11
23646,108,110,-2,2
23647,153,150,3,3
23648,69,68,1,1
23649,76,70,6,6
23650,103,103,0,0
23651,79,91,-12,12
23652,129,120,9,9
23653,87,90,-3,3
23654,67,70,-3,3
23655,81,76,5,5
23656,118,121,-3,3
23657,69,61,8,8
23658,63,71,-8,8
23659,77,75,2,2
23660,113,115,-2,2
23661,143,141,2,2
23662,57,61,-4,4
23663,86,81,5,5
23664,36,118,-82,82
23665,128,83,45,45
23666,111,97,14,14
23667,68,67,1,1
23668,60,70,-10,10
23669,90,93,-3,3
23670,99,92,7,7
23671,80,69,11,11
23672,79,88,-9,9
23673,84,98,-14,14
23674,77,58,19,19
23675,132,127,5,5
23676,94,77,17,17
23677,95,96,-1,1
23678,67,62,5,5
23679,134,139,-5,5
23680,148,149,-1,1
23681,92,83,9,9
23682,85,74,11,11
23683,69,69,0,0
23684,107,119,-12,12
23685,113,137,-24,24
23686,49,65,-16,16
23687,31,52,-21,21
23688,72,75,-3,3
23689,135,136,-1,1
23690,126,122,4,4
23691,67,66,1,1
23692,70,83,-13,13
23693,64,62,2,2
23694,70,127,-57,57
23695,88,79,9,9
23696,66,71,-5,5
23697,80,98,-18,18
23698,82,100,-18,18
23699,85,78,7,7
23700,128,132,-4,4
23701,116,123,-7,7
23702,74,58,16,16
23703,107,107,0,0
23704,74,67,7,7
23705,133,126,7,7
23706,91,80,11,11
23707,100,99,1,1
23708,90,72,18,18
23709,41,52,-11,11
23710,117,112,5,5
23711,91,100,-9,9
23712,108,127,-19,19
23713,61,48,13,13
23714,201,178,23,23
23715,112,107,5,5
23716,62,59,3,3
23717,70,72,-2,2
23718,79,72,7,7
23719,85,82,3,3
23720,138,134,4,4
23721,132,134,-2,2
23722,46,48,-2,2
23723,172,171,1,1
23724,120,106,14,14
23725,120,113,7,7
23726,96,99,-3,3
23727,108,104,4,4
23728,125,120,5,5
23729,72,89,-17,17
23730,110,97,13,13
23731,51,59,-8,8
23732,127,120,7,7
23733,109,107,2,2
23734,70,65,5,5
23735,91,77,14,14
23736,53,61,-8,8
23737,195,179,16,16
23738,63,58,5,5
23739,97,98,-1,1
23740,109,114,-5,5
23741,116,112,4,4
23742,52,63,-11,11
23743,66,76,-10,10
23744,70,60,10,10
23745,143,151,-8,8
23746,61,82,-21,21
23747,105,96,9,9
23748,58,53,5,5
23749,141,144,-3,3
23750,64,60,4,4
23751,126,128,-2,2
23752,154,148,6,6
23753,103,99,4,4
23754,54,53,1,1
23755,100,95,5,5
23756,99,102,-3,3
23757,84,84,0,0
23758,67,71,-4,4
23759,51,63,-12,12
23760,118,109,9,9
23761,139,139,0,0
23762,83,85,-2,2
23763,127,129,-2,2
23764,98,93,5,5
23765,86,84,2,2
23766,53,62,-9,9
23767,111,118,-7,7
23768,82,84,-2,2
23769,101,84,17,17
23770,79,82,-3,3
23771,82,93,-11,11
23772,101,87,14,14
23773,172,158,14,14
23774,49,74,-25,25
23775,144,135,9,9
23776,79,81,-2,2
23777,71,70,1,1
23778,109,113,-4,4
23779,97,93,4,4
23780,134,130,4,4
23781,139,159,-20,20
23782,103,93,10,10
23783,104,106,-2,2
23784,45,53,-8,8
23785,124,138,-14,14
23786,77,83,-6,6
23787,92,92,0,0
23788,54,53,1,1
23789,96,103,-7,7
23790,77,68,9,9
23791,99,90,9,9
23792,46,56,-10,10
23793,128,108,20,20
23794,114,133,-19,19
23795,183,170,13,13
23796,74,78,-4,4
23797,152,127,25,25
23798,95,99,-4,4
23799,84,76,8,8
23800,103,100,3,3
23801,118,116,2,2
23802,82,99,-17,17
23803,161,162,-1,1
23804,93,86,7,7
23805,91,88,3,3
23806,106,106,0,0
23807,91,81,10,10
23808,52,48,4,4
23809,89,87,2,2
23810,80,80,0,0
23811,112,134,-22,22
23812,69,58,11,11
23813,68,61,7,7
23814,219,216,3,3
23815,89,96,-7,7
23816,127,130,-3,3
23817,84,77,7,7
23818,85,83,2,2
23819,28,127,-99,99
23820,141,125,16,16
23821,92,100,-8,8
23822,130,114,16,16
23823,59,61,-2,2
23824,143,127,16,16
23825,145,136,9,9
23826,73,67,6,6
23827,177,183,-6,6
23828,169,148,21,21
23829,54,54,0,0
23830,128,112,16,16
23831,52,56,-4,4
23832,129,131,-2,2
23833,99,106,-7,7
23834,119,105,14,14
23835,75,85,-10,10
23836,119,110,9,9
23837,103,95,8,8
23838,130,118,12,12
23839,119,117,2,2
23840,100,98,2,2
23841,159,143,16,16
23842,75,75,0,0
23843,86,84,2,2
23844,123,118,5,5
23845,74,81,-7,7
23846,50,67,-17,17
23847,57,45,12,12
23848,50,55,-5,5
23849,71,68,3,3
23850,96,96,0,0
23851,76,84,-8,8
23852,130,115,15,15
23853,62,85,-23,23
23854,92,83,9,9
23855,98,108,-10,10
23856,67,51,16,16
23857,231,205,26,26
23858,68,54,14,14
23859,59,59,0,0
23860,82,69,13,13
23861,67,63,4,4
23862,88,80,8,8
23863,138,110,28,28
23864,81,66,15,15
23865,117,118,-1,1
23866,67,76,-9,9
23867,57,62,-5,5
23868,53,65,-12,12
23869,87,87,0,0
23870,123,142,-19,19
23871,128,123,5,5
23872,80,84,-4,4
23873,95,98,-3,3
23874,105,111,-6,6
23875,92,101,-9,9
23876,97,88,9,9
23877,96,109,-13,13
23878,114,109,5,5
23879,57,50,7,7
23880,174,160,14,14
23881,98,91,7,7
23882,96,82,14,14
23883,34,45,-11,11
23884,53,49,4,4
23885,70,59,11,11
23886,100,104,-4,4
23887,112,121,-9,9
23888,86,89,-3,3
23889,106,107,-1,1
23890,75,80,-5,5
23891,97,116,-19,19
23892,93,94,-1,1
23893,105,94,11,11
23894,108,109,-1,1
23895,137,122,15,15
23896,99,103,-4,4
23897,71,71,0,0
23898,157,148,9,9
23899,111,79,32,32
23900,102,86,16,16
23901,144,143,1,1
23902,86,77,9,9
23903,63,76,-13,13
23904,97,80,17,17
23905,30,42,-12,12
23906,77,78,-1,1
23907,111,98,13,13
23908,77,79,-2,2
23909,41,44,-3,3
23910,82,89,-7,7
23911,144,139,5,5
23912,117,113,4,4
23913,94,92,2,2
23914,58,65,-7,7
23915,101,95,6,6
23916,105,93,12,12
23917,99,121,-22,22
23918,88,82,6,6
23919,69,71,-2,2
23920,67,61,6,6
23921,51,69,-18,18
23922,120,123,-3,3
23923,60,63,-3,3
23924,90,81,9,9
23925,81,81,0,0
23926,163,166,-3,3
23927,142,123,19,19
23928,65,72,-7,7
23929,156,142,14,14
23930,52,54,-2,2
23931,74,60,14,14
23932,115,112,3,3
23933,126,146,-20,20
23934,48,55,-7,7
23935,129,137,-8,8
23936,160,158,2,2
23937,110,116,-6,6
23938,121,127,-6,6
23939,97,90,7,7
23940,110,126,-16,16
23941,135,134,1,1
23942,153,155,-2,2
23943,103,125,-22,22
23944,103,90,13,13
23945,119,124,-5,5
23946,76,90,-14,14
23947,195,191,4,4
23948,57,53,4,4
23949,59,78,-19,19
23950,146,153,-7,7
23951,91,75,16,16
23952,101,93,8,8
23953,240,172,68,68
23954,88,95,-7,7
23955,83,68,15,15
23956,77,74,3,3
23957,82,114,-32,32
23958,82,96,-14,14
23959,119,104,15,15
23960,106,96,10,10
23961,101,101,0,0
23962,78,85,-7,7
23963,82,73,9,9
23964,82,83,-1,1
23965,126,115,11,11
23966,87,100,-13,13
23967,96,97,-1,1
23968,68,62,6,6
23969,100,100,0,0
23970,71,80,-9,9
23971,91,93,-2,2
23972,118,117,1,1
23973,93,104,-11,11
23974,87,86,1,1
23975,75,75,0,0
23976,64,58,6,6
23977,94,86,8,8
23978,45,58,-13,13
23979,97,80,17,17
23980,115,108,7,7
23981,84,49,35,35
23982,139,126,13,13
23983,155,155,0,0
23984,65,70,-5,5
23985,72,78,-6,6
23986,65,76,-11,11
23987,45,49,-4,4
23988,92,84,8,8
23989,148,139,9,9
23990,163,146,17,17
23991,80,72,8,8
23992,131,131,0,0
23993,74,58,16,16
23994,62,65,-3,3
23995,65,67,-2,2
23996,110,94,16,16
23997,119,111,8,8
23998,110,97,13,13
23999,89,95,-6,6
24000,104,107,-3,3
24001,110,118,-8,8
24002,83,81,2,2
24003,134,136,-2,2
24004,110,121,-11,11
24005,74,88,-14,14
24006,152,148,4,4
24007,103,100,3,3
24008,47,64,-17,17
24009,104,92,12,12
24010,59,61,-2,2
24011,76,58,18,18
24012,82,77,5,5
24013,100,99,1,1
24014,127,128,-1,1
24015,70,62,8,8
24016,71,73,-2,2
24017,83,86,-3,3
24018,80,74,6,6
24019,102,95,7,7
24020,70,78,-8,8
24021,89,79,10,10
24022,75,72,3,3
24023,104,97,7,7
24024,84,70,14,14
24025,56,55,1,1
24026,55,57,-2,2
24027,141,155,-14,14
24028,82,84,-2,2
24029,182,165,17,17
24030,154,158,-4,4
24031,86,85,1,1
24032,78,70,8,8
24033,91,88,3,3
24034,115,111,4,4
24035,112,111,1,1
24036,98,119,-21,21
24037,83,83,0,0
24038,58,64,-6,6
24039,72,65,7,7
24040,46,137,-91,91
24041,54,54,0,0
24042,99,104,-5,5
24043,100,132,-32,32
24044,114,111,3,3
24045,56,51,5,5
24046,49,64,-15,15
24047,63,56,7,7
24048,63,62,1,1
24049,72,64,8,8
24050,97,88,9,9
24051,59,57,2,2
24052,123,135,-12,12
24053,109,103,6,6
24054,108,107,1,1
24055,95,118,-23,23
24056,94,98,-4,4
24057,59,67,-8,8
24058,80,81,-1,1
24059,140,143,-3,3
24060,102,110,-8,8
24061,65,62,3,3
24062,117,110,7,7
24063,63,49,14,14
24064,77,86,-9,9
24065,137,93,44,44
24066,114,120,-6,6
24067,78,72,6,6
24068,45,43,2,2
24069,84,95,-11,11
24070,96,127,-31,31
24071,62,72,-10,10
24072,67,79,-12,12
24073,178,155,23,23
24074,78,101,-23,23
24075,112,108,4,4
24076,99,84,15,15
24077,94,97,-3,3
24078,86,80,6,6
24079,116,103,13,13
24080,64,69,-5,5
24081,51,51,0,0
24082,176,151,25,25
24083,120,106,14,14
24084,121,109,12,12
24085,84,88,-4,4
24086,108,108,0,0
24087,97,96,1,1
24088,91,82,9,9
24089,117,125,-8,8
24090,102,83,19,19
24091,53,50,3,3
24092,82,85,-3,3
24093,63,63,0,0
24094,50,85,-35,35
24095,121,122,-1,1
24096,33,40,-7,7
24097,75,59,16,16
24098,98,97,1,1
24099,95,84,11,11
24100,94,83,11,11
24101,43,40,3,3
24102,88,97,-9,9
24103,72,75,-3,3
24104,118,110,8,8
24105,76,76,0,0
24106,58,46,12,12
24107,104,95,9,9
24108,115,131,-16,16
24109,63,73,-10,10
24110,105,104,1,1
24111,59,52,7,7
24112,58,53,5,5
24113,146,130,16,16
24114,82,84,-2,2
24115,114,130,-16,16
24116,95,86,9,9
24117,46,56,-10,10
24118,122,95,27,27
24119,78,75,3,3
24120,97,85,12,12
24121,111,106,5,5
24122,161,152,9,9
24123,157,148,9,9
24124,90,118,-28,28
24125,69,63,6,6
24126,78,79,-1,1
24127,111,105,6,6
24128,56,46,10,10
24129,83,67,16,16
24130,186,171,15,15
24131,76,77,-1,1
24132,76,78,-2,2
24133,136,135,1,1
24134,87,77,10,10
24135,87,81,6,6
24136,72,65,7,7
24137,64,67,-3,3
24138,162,161,1,1
24139,59,61,-2,2
24140,77,70,7,7
24141,58,61,-3,3
24142,65,65,0,0
24143,103,98,5,5
24144,74,49,25,25
24145,83,70,13,13
24146,62,65,-3,3
24147,115,98,17,17
24148,88,86,2,2
24149,79,88,-9,9
24150,102,90,12,12
24151,76,63,13,13
24152,72,70,2,2
24153,127,122,5,5
24154,57,62,-5,5
24155,123,134,-11,11
24156,108,106,2,2
24157,179,170,9,9
24158,56,80,-24,24
24159,129,128,1,1
24160,76,78,-2,2
24161,160,154,6,6
24162,108,101,7,7
24163,65,61,4,4
24164,80,72,8,8
24165,68,79,-11,11
24166,125,148,-23,23
24167,55,65,-10,10
24168,101,115,-14,14
24169,102,98,4,4
24170,151,163,-12,12
24171,98,119,-21,21
24172,72,69,3,3
24173,124,112,12,12
24174,113,109,4,4
24175,84,63,21,21
24176,51,59,-8,8
24177,73,69,4,4
24178,58,30,28,28
24179,103,97,6,6
24180,89,77,12,12
24181,103,106,-3,3
24182,122,120,2,2
24183,62,60,2,2
24184,152,131,21,21
24185,49,46,3,3
24186,76,75,1,1
24187,107,117,-10,10
24188,63,79,-16,16
24189,132,130,2,2
24190,167,115,52,52
24191,105,97,8,8
24192,160,155,5,5
24193,86,82,4,4
24194,105,95,10,10
24195,88,88,0,0
24196,102,103,-1,1
24197,102,117,-15,15
24198,101,116,-15,15
24199,48,58,-10,10
24200,131,137,-6,6
24201,45,48,-3,3
24202,100,104,-4,4
24203,77,71,6,6
24204,131,141,-10,10
24205,106,105,1,1
24206,115,108,7,7
24207,140,134,6,6
24208,111,117,-6,6
24209,100,99,1,1
24210,55,59,-4,4
24211,80,73,7,7
24212,98,99,-1,1
24213,61,47,14,14
24214,106,100,6,6
24215,91,95,-4,4
24216,96,86,10,10
24217,88,80,8,8
24218,79,78,1,1
24219,108,121,-13,13
24220,108,112,-4,4
24221,137,119,18,18
24222,110,92,18,18
24223,67,60,7,7
24224,81,79,2,2
24225,74,77,-3,3
24226,95,104,-9,9
24227,36,35,1,1
24228,96,88,8,8
24229,80,93,-13,13
24230,86,79,7,7
24231,145,157,-12,12
24232,163,166,-3,3
24233,57,51,6,6
24234,91,110,-19,19
24235,100,99,1,1
24236,55,52,3,3
24237,118,114,4,4
24238,183,180,3,3
24239,79,74,5,5
24240,82,68,14,14
24241,107,100,7,7
24242,47,69,-22,22
24243,103,107,-4,4
24244,78,76,2,2
24245,114,118,-4,4
24246,127,128,-1,1
24247,65,71,-6,6
24248,149,145,4,4
24249,72,62,10,10
24250,75,74,1,1
24251,99,99,0,0
24252,91,91,0,0
24253,50,64,-14,14
24254,116,117,-1,1
24255,150,128,22,22
24256,136,119,17,17
24257,145,101,44,44
24258,64,78,-14,14
24259,81,73,8,8
24260,76,69,7,7
24261,91,72,19,19
24262,64,64,0,0
24263,52,57,-5,5
24264,85,86,-1,1
24265,93,91,2,2
24266,80,74,6,6
24267,84,88,-4,4
24268,71,51,20,20
24269,73,73,0,0
24270,54,63,-9,9
24271,87,71,16,16
24272,88,88,0,0
24273,50,58,-8,8
24274,122,135,-13,13
24275,98,95,3,3
24276,82,69,13,13
24277,173,164,9,9
24278,78,73,5,5
24279,106,82,24,24
24280,103,122,-19,19
24281,78,76,2,2
24282,57,51,6,6
24283,125,137,-12,12
24284,103,103,0,0
24285,100,94,6,6
24286,78,75,3,3
24287,122,105,17,17
24288,122,139,-17,17
24289,135,121,14,14
24290,110,90,20,20
24291,174,144,30,30
24292,54,61,-7,7
24293,43,53,-10,10
24294,82,82,0,0
24295,91,74,17,17
24296,104,95,9,9
24297,148,147,1,1
24298,30,43,-13,13
24299,115,117,-2,2
24300,122,108,14,14
24301,126,131,-5,5
24302,68,71,-3,3
24303,119,101,18,18
24304,124,125,-1,1
24305,81,68,13,13
24306,74,72,2,2
24307,75,78,-3,3
24308,57,59,-2,2
24309,92,79,13,13
24310,79,78,1,1
24311,118,127,-9,9
24312,62,69,-7,7
24313,86,76,10,10
24314,57,43,14,14
24315,93,99,-6,6
24316,111,101,10,10
24317,77,82,-5,5
24318,66,73,-7,7
24319,142,114,28,28
24320,117,97,20,20
24321,48,61,-13,13
24322,195,176,19,19
24323,100,96,4,4
24324,103,99,4,4
24325,59,69,-10,10
24326,76,72,4,4
24327,108,107,1,1
24328,127,121,6,6
24329,91,89,2,2
24330,67,70,-3,3
24331,157,152,5,5
24332,120,127,-7,7
24333,79,77,2,2
24334,95,96,-1,1
24335,103,99,4,4
24336,126,114,12,12
24337,73,83,-10,10
24338,53,65,-12,12
24339,126,130,-4,4
24340,78,59,19,19
24341,128,135,-7,7
24342,51,61,-10,10
24343,76,68,8,8
24344,130,141,-11,11
24345,87,86,1,1
24346,76,81,-5,5
24347,71,57,14,14
24348,115,121,-6,6
24349,119,128,-9,9
24350,75,78,-3,3
24351,75,71,4,4
24352,93,87,6,6
24353,128,128,0,0
24354,127,145,-18,18
24355,94,85,9,9
24356,133,122,11,11
24357,53,41,12,12
24358,146,135,11,11
24359,117,135,-18,18
24360,74,71,3,3
24361,126,137,-11,11
24362,41,49,-8,8
24363,143,141,2,2
24364,90,82,8,8
24365,73,74,-1,1
24366,156,154,2,2
24367,72,56,16,16
24368,59,50,9,9
24369,27,59,-32,32
24370,93,93,0,0
24371,87,93,-6,6
24372,44,64,-20,20
24373,182,159,23,23
24374,90,85,5,5
24375,170,149,21,21
24376,128,129,-1,1
24377,102,96,6,6
24378,99,99,0,0
24379,106,106,0,0
24380,86,77,9,9
24381,127,115,12,12
24382,99,81,18,18
24383,101,101,0,0
24384,155,88,67,67
24385,184,169,15,15
24386,98,96,2,2
24387,95,100,-5,5
24388,108,122,-14,14
24389,103,111,-8,8
24390,147,135,12,12
24391,100,99,1,1
24392,76,107,-31,31
24393,308,156,152,152
24394,71,101,-30,30
24395,80,86,-6,6
24396,88,76,12,12
24397,92,97,-5,5
24398,105,105,0,0
24399,63,65,-2,2
24400,89,78,11,11
24401,77,81,-4,4
24402,94,103,-9,9
24403,72,81,-9,9
24404,65,54,11,11
24405,132,111,21,21
24406,90,85,5,5
24407,83,90,-7,7
24408,35,60,-25,25
24409,163,152,11,11
24410,73,82,-9,9
24411,117,122,-5,5
24412,87,72,15,15
24413,70,70,0,0
24414,189,188,1,1
24415,81,74,7,7
24416,59,83,-24,24
24417,110,109,1,1
24418,103,116,-13,13
24419,89,86,3,3
24420,90,71,19,19
24421,475,391,84,84
24422,66,57,9,9
24423,97,100,-3,3
24424,89,82,7,7
24425,106,108,-2,2
24426,81,75,6,6
24427,143,139,4,4
24428,113,106,7,7
24429,83,91,-8,8
24430,276,164,112,112
24431,88,83,5,5
24432,91,94,-3,3
24433,179,171,8,8
24434,175,127,48,48
24435,86,90,-4,4
24436,60,63,-3,3
24437,86,88,-2,2
24438,104,90,14,14
24439,144,143,1,1
24440,93,88,5,5
24441,98,102,-4,4
24442,59,65,-6,6
24443,112,148,-36,36
24444,98,110,-12,12
24445,60,53,7,7
24446,72,66,6,6
24447,42,56,-14,14
24448,57,61,-4,4
24449,138,114,24,24
24450,99,92,7,7
24451,134,134,0,0
24452,96,77,19,19
24453,101,126,-25,25
24454,88,92,-4,4
24455,79,81,-2,2
24456,61,46,15,15
24457,77,61,16,16
24458,119,117,2,2
24459,124,117,7,7
24460,77,78,-1,1
24461,81,75,6,6
24462,70,68,2,2
24463,120,138,-18,18
24464,90,101,-11,11
24465,88,92,-4,4
24466,49,42,7,7
24467,70,68,2,2
24468,90,81,9,9
24469,70,69,1,1
24470,119,107,12,12
24471,99,95,4,4
24472,79,83,-4,4
24473,112,114,-2,2
24474,63,70,-7,7
24475,40,52,-12,12
24476,145,138,7,7
24477,82,75,7,7
24478,87,88,-1,1
24479,75,76,-1,1
24480,71,60,11,11
24481,84,80,4,4
24482,85,77,8,8
24483,101,93,8,8
24484,111,97,14,14
24485,90,85,5,5
24486,63,67,-4,4
24487,174,181,-7,7
24488,106,121,-15,15
24489,64,67,-3,3
24490,33,56,-23,23
24491,100,119,-19,19
24492,185,162,23,23
24493,68,57,11,11
24494,29,48,-19,19
24495,45,47,-2,2
24496,58,59,-1,1
24497,120,100,20,20
24498,124,120,4,4
24499,70,64,6,6
24500,104,108,-4,4
24501,101,92,9,9
24502,92,93,-1,1
24503,81,78,3,3
24504,59,54,5,5
24505,84,85,-1,1
24506,67,68,-1,1
24507,105,101,4,4
24508,81,75,6,6
24509,56,57,-1,1
24510,115,114,1,1
24511,117,94,23,23
24512,95,85,10,10
24513,134,130,4,4
24514,89,93,-4,4
24515,136,128,8,8
24516,100,103,-3,3
24517,95,110,-15,15
24518,73,69,4,4
24519,58,74,-16,16
24520,157,139,18,18
24521,77,65,12,12
24522,54,41,13,13
24523,90,99,-9,9
24524,85,95,-10,10
24525,71,81,-10,10
24526,73,70,3,3
24527,87,91,-4,4
24528,57,59,-2,2
24529,64,67,-3,3
24530,72,69,3,3
24531,184,150,34,34
24532,152,124,28,28
24533,88,84,4,4
24534,90,84,6,6
24535,96,105,-9,9
24536,117,102,15,15
24537,65,61,4,4
24538,101,89,12,12
24539,130,136,-6,6
24540,189,170,19,19
24541,80,85,-5,5
24542,72,67,5,5
24543,99,113,-14,14
24544,131,124,7,7
24545,120,124,-4,4
24546,64,70,-6,6
24547,59,48,11,11
24548,69,61,8,8
24549,44,57,-13,13
24550,85,93,-8,8
24551,51,73,-22,22
24552,70,64,6,6
24553,61,57,4,4
24554,110,120,-10,10
24555,69,78,-9,9
24556,56,54,2,2
24557,125,129,-4,4
24558,91,74,17,17
24559,53,71,-18,18
24560,91,87,4,4
24561,42,39,3,3
24562,85,86,-1,1
24563,33,39,-6,6
24564,94,83,11,11
24565,143,145,-2,2
24566,72,66,6,6
24567,85,79,6,6
24568,132,142,-10,10
24569,103,91,12,12
24570,131,106,25,25
24571,72,66,6,6
24572,109,120,-11,11
24573,104,93,11,11
24574,128,103,25,25
24575,147,138,9,9
24576,90,88,2,2
24577,44,50,-6,6
24578,84,93,-9,9
24579,129,144,-15,15
24580,76,89,-13,13
24581,82,82,0,0
24582,155,128,27,27
24583,141,120,21,21
24584,110,112,-2,2
24585,117,130,-13,13
24586,112,114,-2,2
24587,109,108,1,1
24588,63,57,6,6
24589,68,70,-2,2
24590,140,142,-2,2
24591,42,45,-3,3
24592,97,103,-6,6
24593,73,67,6,6
24594,49,47,2,2
24595,163,142,21,21
24596,116,119,-3,3
24597,98,105,-7,7
24598,97,94,3,3
24599,76,71,5,5
24600,84,84,0,0
24601,52,46,6,6
24602,134,132,2,2
24603,62,46,16,16
24604,123,137,-14,14
24605,55,54,1,1
24606,80,81,-1,1
24607,77,67,10,10
24608,121,137,-16,16
24609,45,55,-10,10
24610,66,58,8,8
24611,59,83,-24,24
24612,45,53,-8,8
24613,63,60,3,3
24614,65,78,-13,13
24615,95,80,15,15
24616,84,79,5,5
24617,110,138,-28,28
24618,83,84,-1,1
24619,133,122,11,11
24620,111,107,4,4
24621,69,68,1,1
24622,43,55,-12,12
24623,97,92,5,5
24624,78,94,-16,16
24625,75,67,8,8
24626,130,131,-1,1
24627,73,77,-4,4
24628,156,86,70,70
24629,110,95,15,15
24630,132,120,12,12
24631,108,99,9,9
24632,97,104,-7,7
24633,139,132,7,7
24634,88,79,9,9
24635,136,127,9,9
24636,115,120,-5,5
24637,141,138,3,3
24638,125,124,1,1
24639,114,109,5,5
24640,127,118,9,9
24641,87,87,0,0
24642,126,131,-5,5
24643,83,85,-2,2
24644,68,65,3,3
24645,100,94,6,6
24646,67,69,-2,2
24647,79,64,15,15
24648,123,115,8,8
24649,49,39,10,10
24650,73,95,-22,22
24651,105,94,11,11
24652,86,78,8,8
24653,78,85,-7,7
24654,97,91,6,6
24655,95,108,-13,13
24656,46,46,0,0
24657,105,122,-17,17
24658,157,138,19,19
24659,97,112,-15,15
24660,130,115,15,15
24661,114,124,-10,10
24662,56,61,-5,5
24663,37,54,-17,17
24664,133,136,-3,3
24665,80,95,-15,15
24666,56,47,9,9
24667,64,58,6,6
24668,78,72,6,6
24669,96,93,3,3
24670,90,85,5,5
24671,126,121,5,5
24672,85,83,2,2
24673,60,62,-2,2
24674,92,90,2,2
24675,105,114,-9,9
24676,92,97,-5,5
24677,85,78,7,7
24678,187,174,13,13
24679,108,120,-12,12
24680,64,69,-5,5
24681,99,93,6,6
24682,92,94,-2,2
24683,111,116,-5,5
24684,83,70,13,13
24685,92,82,10,10
24686,68,59,9,9
24687,158,140,18,18
24688,54,55,-1,1
24689,86,66,20,20
24690,94,100,-6,6
24691,102,95,7,7
24692,55,55,0,0
24693,52,56,-4,4
24694,69,76,-7,7
24695,97,85,12,12
24696,59,65,-6,6
24697,86,77,9,9
24698,104,103,1,1
24699,119,131,-12,12
24700,124,101,23,23
24701,99,113,-14,14
24702,94,82,12,12
24703,129,138,-9,9
24704,134,121,13,13
24705,58,69,-11,11
24706,131,131,0,0
24707,100,89,11,11
24708,97,96,1,1
24709,75,71,4,4
24710,133,121,12,12
24711,87,76,11,11
24712,76,72,4,4
24713,55,57,-2,2
24714,167,160,7,7
24715,108,114,-6,6
24716,64,68,-4,4
24717,56,67,-11,11
24718,49,155,-106,106
24719,55,62,-7,7
24720,80,89,-9,9
24721,55,58,-3,3
24722,169,155,14,14
24723,156,143,13,13
24724,102,102,0,0
24725,94,88,6,6
24726,92,96,-4,4
24727,116,128,-12,12
24728,120,122,-2,2
24729,107,108,-1,1
24730,113,109,4,4
24731,75,70,5,5
24732,67,69,-2,2
24733,98,90,8,8
24734,193,160,33,33
24735,165,181,-16,16
24736,92,73,19,19
24737,53,52,1,1
24738,82,78,4,4
24739,113,117,-4,4
24740,89,101,-12,12
24741,93,85,8,8
24742,94,88,6,6
24743,87,86,1,1
24744,145,98,47,47
24745,142,132,10,10
24746,115,131,-16,16
24747,82,88,-6,6
24748,87,96,-9,9
24749,74,65,9,9
24750,61,92,-31,31
24751,125,114,11,11
24752,74,70,4,4
24753,129,120,9,9
24754,88,80,8,8
24755,93,104,-11,11
24756,83,78,5,5
24757,123,114,9,9
24758,103,99,4,4
24759,136,130,6,6
24760,88,75,13,13
24761,94,90,4,4
24762,71,71,0,0
24763,80,78,2,2
24764,73,74,-1,1
24765,90,78,12,12
24766,81,83,-2,2
24767,85,89,-4,4
24768,48,57,-9,9
24769,122,130,-8,8
24770,120,106,14,14
24771,100,100,0,0
24772,123,120,3,3
24773,154,134,20,20
24774,49,63,-14,14
24775,110,97,13,13
24776,90,87,3,3
24777,103,92,11,11
24778,69,72,-3,3
24779,113,103,10,10
24780,102,97,5,5
24781,80,105,-25,25
24782,45,58,-13,13
24783,154,144,10,10
24784,116,100,16,16
24785,125,138,-13,13
24786,182,160,22,22
24787,68,57,11,11
24788,82,70,12,12
24789,78,75,3,3
24790,60,74,-14,14
24791,119,116,3,3
24792,76,73,3,3
24793,102,106,-4,4
24794,94,103,-9,9
24795,76,80,-4,4
24796,52,45,7,7
24797,82,68,14,14
24798,117,134,-17,17
24799,110,108,2,2
24800,165,150,15,15
24801,79,78,1,1
24802,132,129,3,3
24803,118,90,28,28
24804,95,90,5,5
24805,74,75,-1,1
24806,52,107,-55,55
24807,104,110,-6,6
24808,103,130,-27,27
24809,119,129,-10,10
24810,99,116,-17,17
24811,141,138,3,3
24812,62,59,3,3
24813,95,88,7,7
24814,115,114,1,1
24815,97,99,-2,2
24816,46,98,-52,52
24817,122,131,-9,9
24818,121,123,-2,2
24819,102,104,-2,2
24820,148,137,11,11
24821,71,62,9,9
24822,114,117,-3,3
24823,126,124,2,2
24824,84,88,-4,4
24825,83,77,6,6
24826,101,89,12,12
24827,98,93,5,5
24828,121,96,25,25
24829,84,88,-4,4
24830,56,60,-4,4
24831,90,76,14,14
24832,85,71,14,14
24833,87,77,10,10
24834,113,119,-6,6
24835,140,140,0,0
24836,116,107,9,9
24837,120,135,-15,15
24838,82,80,2,2
24839,150,146,4,4
24840,89,89,0,0
24841,72,72,0,0
24842,106,105,1,1
24843,66,70,-4,4
24844,67,61,6,6
24845,78,76,2,2
24846,118,117,1,1
24847,83,96,-13,13
24848,133,125,8,8
24849,127,125,2,2
24850,178,157,21,21
24851,70,64,6,6
24852,50,51,-1,1
24853,121,112,9,9
24854,127,122,5,5
24855,62,62,0,0
24856,74,73,1,1
24857,79,77,2,2
24858,95,82,13,13
24859,103,106,-3,3
24860,113,101,12,12
24861,58,71,-13,13
24862,162,119,43,43
24863,43,57,-14,14
24864,73,65,8,8
24865,60,58,2,2
24866,134,120,14,14
24867,66,71,-5,5
24868,42,57,-15,15
24869,89,76,13,13
24870,82,73,9,9
24871,133,122,11,11
24872,28,39,-11,11
24873,120,108,12,12
24874,60,48,12,12
24875,59,58,1,1
24876,54,55,-1,1
24877,81,77,4,4
24878,102,91,11,11
24879,47,61,-14,14
24880,90,76,14,14
24881,123,114,9,9
24882,83,76,7,7
24883,92,110,-18,18
24884,105,107,-2,2
24885,108,92,16,16
24886,114,138,-24,24
24887,57,61,-4,4
24888,67,63,4,4
24889,85,88,-3,3
24890,68,76,-8,8
24891,55,49,6,6
24892,93,99,-6,6
24893,61,68,-7,7
24894,61,72,-11,11
24895,87,82,5,5
24896,85,77,8,8
24897,88,88,0,0
24898,57,58,-1,1
24899,65,65,0,0
24900,58,55,3,3
24901,118,103,15,15
24902,94,92,2,2
24903,164,157,7,7
24904,74,75,-1,1
24905,106,129,-23,23
24906,97,119,-22,22
24907,117,133,-16,16
24908,123,128,-5,5
24909,72,76,-4,4
24910,73,64,9,9
24911,105,152,-47,47
24912,53,53,0,0
24913,63,64,-1,1
24914,85,84,1,1
24915,136,154,-18,18
24916,113,101,12,12
24917,92,103,-11,11
24918,97,107,-10,10
24919,95,110,-15,15
24920,106,100,6,6
24921,167,154,13,13
24922,121,128,-7,7
24923,42,45,-3,3
24924,80,81,-1,1
24925,48,45,3,3
24926,116,110,6,6
24927,117,135,-18,18
24928,67,66,1,1
24929,69,67,2,2
24930,114,100,14,14
24931,134,109,25,25
24932,91,80,11,11
24933,88,79,9,9
24934,130,133,-3,3
24935,187,180,7,7
24936,99,105,-6,6
24937,95,94,1,1
24938,151,153,-2,2
24939,97,95,2,2
24940,66,67,-1,1
24941,39,65,-26,26
24942,114,117,-3,3
24943,124,109,15,15
24944,109,114,-5,5
24945,92,112,-20,20
24946,50,57,-7,7
24947,139,134,5,5
24948,116,122,-6,6
24949,79,68,11,11
24950,69,88,-19,19
24951,95,90,5,5
24952,112,115,-3,3
24953,57,57,0,0
24954,57,52,5,5
24955,112,126,-14,14
24956,77,77,0,0
24957,79,88,-9,9
24958,115,121,-6,6
24959,52,65,-13,13
24960,121,119,2,2
24961,93,96,-3,3
24962,51,43,8,8
24963,71,64,7,7
24964,126,135,-9,9
24965,149,131,18,18
24966,91,113,-22,22
24967,142,150,-8,8
24968,55,63,-8,8
24969,110,116,-6,6
24970,197,182,15,15
24971,85,83,2,2
24972,115,106,9,9
24973,111,98,13,13
24974,136,132,4,4
24975,57,55,2,2
24976,100,93,7,7
24977,121,122,-1,1
24978,105,97,8,8
24979,145,144,1,1
24980,93,93,0,0
24981,104,107,-3,3
24982,104,89,15,15
24983,89,81,8,8
24984,82,89,-7,7
24985,137,134,3,3
24986,112,98,14,14
24987,99,96,3,3
24988,94,89,5,5
24989,140,131,9,9
24990,75,78,-3,3
24991,114,109,5,5
24992,71,69,2,2
24993,155,144,11,11
24994,71,74,-3,3
24995,61,67,-6,6
24996,84,92,-8,8
24997,75,62,13,13
24998,128,126,2,2
24999,247,243,4,4
25000,101,103,-2,2
25001,113,100,13,13
25002,116,112,4,4
25003,112,120,-8,8
25004,83,83,0,0
25005,52,49,3,3
25006,73,64,9,9
25007,43,44,-1,1
25008,96,94,2,2
25009,49,60,-11,11
25010,57,55,2,2
25011,104,119,-15,15
25012,86,79,7,7
25013,66,63,3,3
25014,69,81,-12,12
25015,92,90,2,2
25016,120,132,-12,12
25017,124,138,-14,14
25018,109,103,6,6
25019,90,107,-17,17
25020,88,99,-11,11
25021,60,58,2,2
25022,100,107,-7,7
25023,171,180,-9,9
25024,55,57,-2,2
25025,143,146,-3,3
25026,104,105,-1,1
25027,120,121,-1,1
25028,132,136,-4,4
25029,142,144,-2,2
25030,68,66,2,2
25031,74,66,8,8
25032,107,98,9,9
25033,82,70,12,12
25034,48,51,-3,3
25035,83,92,-9,9
25036,66,65,1,1
25037,90,94,-4,4
25038,114,115,-1,1
25039,123,100,23,23
25040,140,138,2,2
25041,71,69,2,2
25042,112,114,-2,2
25043,175,169,6,6
25044,148,135,13,13
25045,87,85,2,2
25046,156,155,1,1
25047,44,43,1,1
25048,105,99,6,6
25049,120,135,-15,15
25050,65,52,13,13
25051,120,129,-9,9
25052,69,64,5,5
25053,91,94,-3,3
25054,135,108,27,27
25055,133,135,-2,2
25056,81,85,-4,4
25057,74,67,7,7
25058,144,152,-8,8
25059,146,144,2,2
25060,95,73,22,22
25061,223,182,41,41
25062,126,107,19,19
25063,49,53,-4,4
25064,102,104,-2,2
25065,116,99,17,17
25066,60,62,-2,2
25067,154,135,19,19
25068,134,134,0,0
25069,100,100,0,0
25070,76,62,14,14
25071,74,73,1,1
25072,77,58,19,19
25073,88,87,1,1
25074,76,91,-15,15
25075,81,75,6,6
25076,165,152,13,13
25077,108,110,-2,2
25078,53,95,-42,42
25079,59,59,0,0
25080,85,96,-11,11
25081,98,88,10,10
25082,58,61,-3,3
25083,105,99,6,6
25084,148,137,11,11
25085,159,125,34,34
25086,163,166,-3,3
25087,102,90,12,12
25088,71,96,-25,25
25089,156,156,0,0
25090,97,92,5,5
25091,97,89,8,8
25092,72,64,8,8
25093,83,107,-24,24
25094,81,68,13,13
25095,103,97,6,6
25096,95,84,11,11
25097,82,87,-5,5
25098,121,107,14,14
25099,78,80,-2,2
25100,98,86,12,12
25101,145,142,3,3
25102,122,121,1,1
25103,123,118,5,5
25104,76,100,-24,24
25105,195,179,16,16
25106,48,47,1,1
25107,59,65,-6,6
25108,73,72,1,1
25109,73,73,0,0
25110,63,55,8,8
25111,178,153,25,25
25112,69,60,9,9
25113,96,99,-3,3
25114,67,73,-6,6
25115,46,53,-7,7
25116,88,80,8,8
25117,47,63,-16,16
25118,45,72,-27,27
25119,47,43,4,4
25120,123,132,-9,9
25121,124,118,6,6
25122,167,167,0,0
25123,136,122,14,14
25124,72,80,-8,8
25125,109,103,6,6
25126,74,72,2,2
25127,80,76,4,4
25128,126,120,6,6
25129,119,114,5,5
25130,60,62,-2,2
25131,98,96,2,2
25132,128,112,16,16
25133,96,98,-2,2
25134,109,111,-2,2
25135,135,137,-2,2
25136,86,71,15,15
25137,125,120,5,5
25138,71,73,-2,2
25139,137,139,-2,2
25140,86,90,-4,4
25141,150,148,2,2
25142,83,87,-4,4
25143,57,54,3,3
25144,87,85,2,2
25145,58,99,-41,41
25146,74,91,-17,17
25147,168,151,17,17
25148,145,126,19,19
25149,65,61,4,4
25150,76,70,6,6
25151,114,111,3,3
25152,151,157,-6,6
25153,146,142,4,4
25154,65,74,-9,9
25155,77,87,-10,10
25156,165,145,20,20
25157,89,121,-32,32
25158,107,96,11,11
25159,96,126,-30,30
25160,115,116,-1,1
25161,74,67,7,7
25162,160,156,4,4
25163,82,82,0,0
25164,80,73,7,7
25165,94,115,-21,21
25166,97,99,-2,2
25167,48,69,-21,21
25168,79,66,13,13
25169,16,45,-29,29
25170,100,93,7,7
25171,51,74,-23,23
25172,86,84,2,2
25173,108,118,-10,10
25174,46,56,-10,10
25175,55,49,6,6
25176,112,115,-3,3
25177,84,80,4,4
25178,100,93,7,7
25179,150,139,11,11
25180,138,137,1,1
25181,92,79,13,13
25182,66,70,-4,4
25183,103,101,2,2
25184,96,89,7,7
25185,148,149,-1,1
25186,81,87,-6,6
25187,45,64,-19,19
25188,126,125,1,1
25189,168,151,17,17
25190,76,82,-6,6
25191,134,140,-6,6
25192,83,87,-4,4
25193,118,118,0,0
25194,117,94,23,23
25195,100,108,-8,8
25196,96,106,-10,10
25197,122,120,2,2
25198,76,91,-15,15
25199,96,115,-19,19
25200,103,92,11,11
25201,70,69,1,1
25202,209,177,32,32
25203,75,76,-1,1
25204,54,85,-31,31
25205,111,111,0,0
25206,70,66,4,4
25207,100,110,-10,10
25208,108,94,14,14
25209,56,60,-4,4
25210,172,182,-10,10
25211,67,70,-3,3
25212,118,104,14,14
25213,47,50,-3,3
25214,69,60,9,9
25215,85,104,-19,19
25216,63,60,3,3
25217,267,136,131,131
25218,101,94,7,7
25219,126,113,13,13
25220,99,100,-1,1
25221,124,131,-7,7
25222,145,127,18,18
25223,83,71,12,12
25224,96,85,11,11
25225,149,134,15,15
25226,65,61,4,4
25227,83,77,6,6
25228,51,54,-3,3
25229,73,86,-13,13
25230,164,150,14,14
25231,76,81,-5,5
25232,86,89,-3,3
25233,128,101,27,27
25234,126,122,4,4
25235,75,80,-5,5
25236,85,80,5,5
25237,59,51,8,8
25238,80,70,10,10
25239,115,106,9,9
25240,96,96,0,0
25241,57,64,-7,7
25242,78,79,-1,1
25243,92,96,-4,4
25244,114,120,-6,6
25245,97,85,12,12
25246,67,109,-42,42
25247,68,87,-19,19
25248,88,90,-2,2
25249,58,58,0,0
25250,86,87,-1,1
25251,81,78,3,3
25252,80,85,-5,5
25253,107,116,-9,9
25254,65,65,0,0
25255,77,72,5,5
25256,30,40,-10,10
25257,81,77,4,4
25258,91,88,3,3
25259,62,68,-6,6
25260,78,96,-18,18
25261,103,96,7,7
25262,113,119,-6,6
25263,121,116,5,5
25264,75,80,-5,5
25265,113,118,-5,5
25266,52,60,-8,8
25267,93,102,-9,9
25268,51,69,-18,18
25269,128,110,18,18
25270,86,84,2,2
25271,107,111,-4,4
25272,105,107,-2,2
25273,195,159,36,36
25274,64,54,10,10
25275,56,73,-17,17
25276,38,90,-52,52
25277,111,114,-3,3
25278,72,72,0,0
25279,103,98,5,5
25280,93,84,9,9
25281,90,99,-9,9
25282,64,70,-6,6
25283,142,138,4,4
25284,96,123,-27,27
25285,85,77,8,8
25286,99,98,1,1
25287,52,48,4,4
25288,117,130,-13,13
25289,76,84,-8,8
25290,80,101,-21,21
25291,99,91,8,8
25292,103,97,6,6
25293,60,62,-2,2
25294,96,91,5,5
25295,112,113,-1,1
25296,77,69,8,8
25297,126,115,11,11
25298,125,125,0,0
25299,132,132,0,0
25300,79,83,-4,4
25301,106,114,-8,8
25302,35,45,-10,10
25303,85,84,1,1
25304,63,65,-2,2
25305,65,74,-9,9
25306,23,63,-40,40
25307,73,71,2,2
25308,103,106,-3,3
25309,79,83,-4,4
25310,81,75,6,6
25311,54,50,4,4
25312,77,79,-2,2
25313,90,83,7,7
25314,92,101,-9,9
25315,54,53,1,1
25316,101,109,-8,8
25317,102,97,5,5
25318,77,76,1,1
25319,113,123,-10,10
25320,166,159,7,7
25321,74,81,-7,7
25322,116,133,-17,17
25323,127,137,-10,10
25324,89,86,3,3
25325,101,103,-2,2
25326,103,105,-2,2
25327,127,126,1,1
25328,83,76,7,7
25329,123,132,-9,9
25330,118,122,-4,4
25331,160,151,9,9
25332,79,83,-4,4
25333,76,64,12,12
25334,51,51,0,0
25335,110,120,-10,10
25336,112,136,-24,24
25337,73,72,1,1
25338,90,84,6,6
25339,87,84,3,3
25340,97,90,7,7
25341,51,53,-2,2
25342,175,177,-2,2
25343,51,64,-13,13
25344,96,93,3,3
25345,96,75,21,21
25346,87,100,-13,13
25347,98,95,3,3
25348,195,173,22,22
25349,74,69,5,5
25350,111,106,5,5
25351,62,64,-2,2
25352,62,73,-11,11
25353,50,62,-12,12
25354,77,66,11,11
25355,68,55,13,13
25356,72,74,-2,2
25357,82,74,8,8
25358,69,69,0,0
25359,133,141,-8,8
25360,57,61,-4,4
25361,87,104,-17,17
25362,86,80,6,6
25363,53,79,-26,26
25364,111,129,-18,18
25365,85,94,-9,9
25366,68,76,-8,8
25367,82,88,-6,6
25368,125,119,6,6
25369,127,127,0,0
25370,46,91,-45,45
25371,125,122,3,3
25372,133,121,12,12
25373,84,96,-12,12
25374,70,75,-5,5
25375,130,105,25,25
25376,86,80,6,6
25377,161,168,-7,7
25378,100,125,-25,25
25379,107,109,-2,2
25380,89,90,-1,1
25381,62,55,7,7
25382,75,70,5,5
25383,82,73,9,9
25384,104,118,-14,14
25385,83,97,-14,14
25386,109,97,12,12
25387,57,43,14,14
25388,125,128,-3,3
25389,87,85,2,2
25390,201,172,29,29
25391,75,71,4,4
25392,80,79,1,1
25393,143,169,-26,26
25394,120,116,4,4
25395,146,142,4,4
25396,70,70,0,0
25397,93,92,1,1
25398,110,110,0,0
25399,43,52,-9,9
25400,97,93,4,4
25401,70,56,14,14
25402,85,80,5,5
25403,91,108,-17,17
25404,85,90,-5,5
25405,120,112,8,8
25406,70,69,1,1
25407,61,70,-9,9
25408,67,62,5,5
25409,156,148,8,8
25410,45,28,17,17
25411,121,124,-3,3
25412,93,104,-11,11
25413,111,125,-14,14
25414,72,71,1,1
25415,44,45,-1,1
25416,140,147,-7,7
25417,52,62,-10,10
25418,70,71,-1,1
25419,117,113,4,4
25420,60,110,-50,50
25421,73,88,-15,15
25422,107,107,0,0
25423,90,105,-15,15
25424,59,64,-5,5
25425,102,112,-10,10
25426,73,71,2,2
25427,86,85,1,1
25428,58,60,-2,2
25429,66,64,2,2
25430,62,97,-35,35
25431,130,133,-3,3
25432,121,106,15,15
25433,114,103,11,11
25434,128,114,14,14
25435,106,103,3,3
25436,94,99,-5,5
25437,139,135,4,4
25438,57,55,2,2
25439,62,73,-11,11
25440,59,72,-13,13
25441,134,118,16,16
25442,88,82,6,6
25443,67,71,-4,4
25444,91,83,8,8
25445,79,69,10,10
25446,99,107,-8,8
25447,135,144,-9,9
25448,118,120,-2,2
25449,97,95,2,2
25450,96,82,14,14
25451,81,73,8,8
25452,93,104,-11,11
25453,108,119,-11,11
25454,69,65,4,4
25455,106,116,-10,10
25456,80,78,2,2
25457,108,100,8,8
25458,95,84,11,11
25459,41,48,-7,7
25460,97,94,3,3
25461,161,126,35,35
25462,96,107,-11,11
25463,86,97,-11,11
25464,123,105,18,18
25465,84,58,26,26
25466,81,84,-3,3
25467,99,98,1,1
25468,108,93,15,15
25469,57,59,-2,2
25470,82,81,1,1
25471,117,139,-22,22
25472,78,83,-5,5
25473,206,198,8,8
25474,70,74,-4,4
25475,66,63,3,3
25476,132,133,-1,1
25477,73,75,-2,2
25478,53,50,3,3
25479,47,48,-1,1
25480,73,79,-6,6
25481,72,72,0,0
25482,96,89,7,7
25483,182,173,9,9
25484,80,70,10,10
25485,98,89,9,9
25486,103,98,5,5
25487,182,178,4,4
25488,136,158,-22,22
25489,101,101,0,0
25490,81,78,3,3
25491,161,153,8,8
25492,83,90,-7,7
25493,57,58,-1,1
25494,119,110,9,9
25495,103,87,16,16
25496,143,128,15,15
25497,61,104,-43,43
25498,117,97,20,20
25499,113,113,0,0
25500,94,96,-2,2
25501,70,70,0,0
25502,116,126,-10,10
25503,102,86,16,16
25504,154,158,-4,4
25505,91,79,12,12
25506,105,109,-4,4
25507,114,125,-11,11
25508,160,157,3,3
25509,94,90,4,4
25510,151,149,2,2
25511,170,159,11,11
25512,76,59,17,17
25513,74,71,3,3
25514,101,96,5,5
25515,62,60,2,2
25516,84,81,3,3
25517,109,105,4,4
25518,106,103,3,3
25519,119,106,13,13
25520,89,96,-7,7
25521,53,57,-4,4
25522,37,36,1,1
25523,97,92,5,5
25524,91,79,12,12
25525,94,86,8,8
25526,111,99,12,12
25527,203,190,13,13
25528,71,59,12,12
25529,63,66,-3,3
25530,55,65,-10,10
25531,87,81,6,6
25532,125,140,-15,15
25533,101,105,-4,4
25534,98,89,9,9
25535,116,127,-11,11
25536,79,81,-2,2
25537,206,204,2,2
25538,102,126,-24,24
25539,153,146,7,7
25540,86,90,-4,4
25541,60,70,-10,10
25542,95,106,-11,11
25543,156,145,11,11
25544,90,77,13,13
25545,131,126,5,5
25546,107,104,3,3
25547,56,58,-2,2
25548,96,93,3,3
25549,67,81,-14,14
25550,66,76,-10,10
25551,116,113,3,3
25552,97,106,-9,9
25553,132,119,13,13
25554,87,92,-5,5
25555,94,93,1,1
25556,50,44,6,6
25557,104,92,12,12
25558,179,177,2,2
25559,121,96,25,25
25560,54,60,-6,6
25561,86,67,19,19
25562,29,28,1,1
25563,109,104,5,5
25564,81,85,-4,4
25565,75,91,-16,16
25566,179,166,13,13
25567,59,47,12,12
25568,122,112,10,10
25569,209,185,24,24
25570,53,52,1,1
25571,79,68,11,11
25572,97,96,1,1
25573,99,109,-10,10
25574,50,44,6,6
25575,81,77,4,4
25576,77,69,8,8
25577,179,161,18,18
25578,100,106,-6,6
25579,57,60,-3,3
25580,88,80,8,8
25581,47,53,-6,6
25582,92,86,6,6
25583,94,81,13,13
25584,49,77,-28,28
25585,155,140,15,15
25586,93,95,-2,2
25587,160,144,16,16
25588,34,42,-8,8
25589,109,103,6,6
25590,112,106,6,6
25591,65,59,6,6
25592,76,75,1,1
25593,82,92,-10,10
25594,97,80,17,17
25595,72,76,-4,4
25596,95,95,0,0
25597,59,62,-3,3
25598,52,53,-1,1
25599,81,75,6,6
25600,87,77,10,10
25601,129,123,6,6
25602,57,43,14,14
25603,54,64,-10,10
25604,122,94,28,28
25605,90,87,3,3
25606,136,128,8,8
25607,55,73,-18,18
25608,69,77,-8,8
25609,118,110,8,8
25610,103,102,1,1
25611,70,75,-5,5
25612,43,47,-4,4
25613,66,79,-13,13
25614,140,144,-4,4
25615,89,88,1,1
25616,147,112,35,35
25617,112,106,6,6
25618,78,59,19,19
25619,40,46,-6,6
25620,55,56,-1,1
25621,77,80,-3,3
25622,80,94,-14,14
25623,71,68,3,3
25624,82,83,-1,1
25625,82,85,-3,3
25626,93,91,2,2
25627,68,61,7,7
25628,96,81,15,15
25629,116,113,3,3
25630,53,50,3,3
25631,87,78,9,9
25632,116,129,-13,13
25633,102,91,11,11
25634,89,82,7,7
25635,121,129,-8,8
25636,92,87,5,5
25637,29,64,-35,35
25638,98,81,17,17
25639,70,65,5,5
25640,127,120,7,7
25641,208,180,28,28
25642,85,80,5,5
25643,84,107,-23,23
25644,92,86,6,6
25645,118,137,-19,19
25646,66,71,-5,5
25647,79,75,4,4
25648,167,146,21,21
25649,174,169,5,5
25650,92,84,8,8
25651,90,96,-6,6
25652,103,95,8,8
25653,85,71,14,14
25654,43,56,-13,13
25655,144,143,1,1
25656,66,56,10,10
25657,33,73,-40,40
25658,50,52,-2,2
25659,68,70,-2,2
25660,152,162,-10,10
25661,102,93,9,9
25662,45,55,-10,10
25663,67,71,-4,4
25664,59,62,-3,3
25665,92,107,-15,15
25666,138,144,-6,6
25667,152,146,6,6
25668,79,76,3,3
25669,122,126,-4,4
25670,122,114,8,8
25671,59,68,-9,9
25672,164,140,24,24
25673,93,135,-42,42
25674,86,92,-6,6
25675,133,131,2,2
25676,95,95,0,0
25677,86,87,-1,1
25678,76,69,7,7
25679,152,149,3,3
25680,99,80,19,19
25681,62,64,-2,2
25682,92,99,-7,7
25683,105,96,9,9
25684,95,85,10,10
25685,103,92,11,11
25686,64,67,-3,3
25687,113,132,-19,19
25688,139,141,-2,2
25689,116,102,14,14
25690,109,95,14,14
25691,110,112,-2,2
25692,102,99,3,3
25693,108,118,-10,10
25694,83,71,12,12
25695,151,143,8,8
25696,84,88,-4,4
25697,109,99,10,10
25698,136,131,5,5
25699,109,113,-4,4
25700,136,127,9,9
25701,109,107,2,2
25702,68,70,-2,2
25703,76,61,15,15
25704,81,80,1,1
25705,102,102,0,0
25706,139,128,11,11
25707,86,84,2,2
25708,105,89,16,16
25709,58,63,-5,5
25710,35,47,-12,12
25711,49,52,-3,3
25712,82,83,-1,1
25713,70,69,1,1
25714,79,85,-6,6
25715,66,49,17,17
25716,122,122,0,0
25717,77,92,-15,15
25718,120,103,17,17
25719,155,134,21,21
25720,123,122,1,1
25721,74,74,0,0
25722,88,96,-8,8
25723,143,143,0,0
25724,88,65,23,23
25725,57,60,-3,3
25726,130,126,4,4
25727,81,79,2,2
25728,83,87,-4,4
25729,173,143,30,30
25730,66,68,-2,2
25731,91,98,-7,7
25732,70,80,-10,10
25733,73,63,10,10
25734,72,84,-12,12
25735,73,68,5,5
25736,109,124,-15,15
25737,106,84,22,22
25738,72,69,3,3
25739,80,86,-6,6
25740,188,161,27,27
25741,112,126,-14,14
25742,116,113,3,3
25743,115,110,5,5
25744,97,107,-10,10
25745,171,171,0,0
25746,96,106,-10,10
25747,97,88,9,9
25748,60,64,-4,4
25749,119,101,18,18
25750,144,151,-7,7
25751,64,70,-6,6
25752,55,60,-5,5
25753,92,84,8,8
25754,92,90,2,2
25755,133,140,-7,7
25756,62,60,2,2
25757,143,140,3,3
25758,92,89,3,3
25759,95,111,-16,16
25760,43,42,1,1
25761,110,112,-2,2
25762,94,83,11,11
25763,68,62,6,6
25764,81,76,5,5
25765,150,134,16,16
25766,129,126,3,3
25767,133,122,11,11
25768,105,102,3,3
25769,66,83,-17,17
25770,91,98,-7,7
25771,90,77,13,13
25772,117,89,28,28
25773,140,135,5,5
25774,165,142,23,23
25775,95,98,-3,3
25776,85,81,4,4
25777,158,96,62,62
25778,138,131,7,7
25779,96,97,-1,1
25780,122,110,12,12
25781,65,60,5,5
25782,63,58,5,5
25783,111,104,7,7
25784,80,92,-12,12
25785,79,80,-1,1
25786,100,91,9,9
25787,81,79,2,2
25788,92,93,-1,1
25789,75,91,-16,16
25790,82,88,-6,6
25791,79,96,-17,17
25792,57,75,-18,18
25793,148,118,30,30
25794,79,72,7,7
25795,122,117,5,5
25796,82,90,-8,8
25797,61,73,-12,12
25798,38,46,-8,8
25799,94,96,-2,2
25800,101,85,16,16
25801,89,80,9,9
25802,68,63,5,5
25803,47,58,-11,11
25804,90,94,-4,4
25805,60,63,-3,3
25806,114,104,10,10
25807,80,90,-10,10
25808,127,108,19,19
25809,102,115,-13,13
25810,69,67,2,2
25811,53,66,-13,13
25812,59,66,-7,7
25813,95,97,-2,2
25814,64,75,-11,11
25815,144,150,-6,6
25816,71,116,-45,45
25817,100,102,-2,2
25818,116,118,-2,2
25819,104,107,-3,3
25820,177,171,6,6
25821,108,105,3,3
25822,132,114,18,18
25823,118,103,15,15
25824,135,158,-23,23
25825,115,116,-1,1
25826,73,71,2,2
25827,133,124,9,9
25828,95,91,4,4
25829,80,83,-3,3
25830,48,76,-28,28
25831,158,160,-2,2
25832,73,76,-3,3
25833,94,89,5,5
25834,74,111,-37,37
25835,154,169,-15,15
25836,127,134,-7,7
25837,73,70,3,3
25838,89,84,5,5
25839,61,58,3,3
25840,87,71,16,16
25841,65,83,-18,18
25842,81,90,-9,9
25843,99,104,-5,5
25844,83,86,-3,3
25845,90,87,3,3
25846,82,90,-8,8
25847,115,122,-7,7
25848,137,138,-1,1
25849,78,78,0,0
25850,94,84,10,10
25851,101,111,-10,10
25852,96,105,-9,9
25853,77,67,10,10
25854,112,102,10,10
25855,138,136,2,2
25856,98,92,6,6
25857,91,78,13,13
25858,143,133,10,10
25859,153,136,17,17
25860,40,45,-5,5
25861,69,57,12,12
25862,67,56,11,11
25863,43,53,-10,10
25864,104,120,-16,16
25865,117,109,8,8
25866,84,69,15,15
25867,84,86,-2,2
25868,74,72,2,2
25869,75,68,7,7
25870,147,151,-4,4
25871,94,107,-13,13
25872,92,82,10,10
25873,71,76,-5,5
25874,84,81,3,3
25875,78,98,-20,20
25876,83,79,4,4
25877,84,92,-8,8
25878,42,15,27,27
25879,149,145,4,4
25880,95,104,-9,9
25881,132,128,4,4
25882,83,116,-33,33
25883,131,136,-5,5
25884,62,69,-7,7
25885,87,90,-3,3
25886,91,81,10,10
25887,155,173,-18,18
25888,73,74,-1,1
25889,98,100,-2,2
25890,72,63,9,9
25891,75,75,0,0
25892,147,144,3,3
25893,54,57,-3,3
25894,128,115,13,13
25895,98,94,4,4
25896,111,105,6,6
25897,81,87,-6,6
25898,87,79,8,8
25899,28,70,-42,42
25900,123,117,6,6
25901,82,76,6,6
25902,82,77,5,5
25903,113,98,15,15
25904,121,135,-14,14
25905,124,126,-2,2
25906,85,86,-1,1
25907,82,99,-17,17
25908,107,110,-3,3
25909,113,110,3,3
25910,74,93,-19,19
25911,97,94,3,3
25912,56,50,6,6
25913,89,91,-2,2
25914,132,118,14,14
25915,134,131,3,3
25916,93,98,-5,5
25917,128,148,-20,20
25918,121,116,5,5
25919,132,147,-15,15
25920,114,118,-4,4
25921,93,92,1,1
25922,132,128,4,4
25923,139,118,21,21
25924,59,59,0,0
25925,185,151,34,34
25926,47,48,-1,1
25927,68,68,0,0
25928,122,129,-7,7
25929,130,122,8,8
25930,98,98,0,0
25931,42,40,2,2
25932,125,127,-2,2
25933,56,63,-7,7
25934,129,124,5,5
25935,60,74,-14,14
25936,51,49,2,2
25937,78,70,8,8
25938,62,70,-8,8
25939,80,98,-18,18
25940,39,47,-8,8
25941,120,113,7,7
25942,100,92,8,8
25943,112,127,-15,15
25944,85,84,1,1
25945,118,119,-1,1
25946,124,136,-12,12
25947,56,56,0,0
25948,97,101,-4,4
25949,83,81,2,2
25950,91,102,-11,11
25951,68,71,-3,3
25952,108,119,-11,11
25953,87,88,-1,1
25954,57,59,-2,2
25955,70,64,6,6
25956,87,89,-2,2
25957,111,104,7,7
25958,79,86,-7,7
25959,117,105,12,12
25960,95,96,-1,1
25961,139,131,8,8
25962,52,46,6,6
25963,47,67,-20,20
25964,104,112,-8,8
25965,89,83,6,6
25966,86,92,-6,6
25967,90,83,7,7
25968,113,100,13,13
25969,89,98,-9,9
25970,94,87,7,7
25971,134,112,22,22
25972,63,55,8,8
25973,102,91,11,11
25974,146,132,14,14
25975,140,142,-2,2
25976,73,77,-4,4
25977,127,141,-14,14
25978,47,59,-12,12
25979,90,105,-15,15
25980,77,75,2,2
25981,136,134,2,2
25982,121,121,0,0
25983,82,73,9,9
25984,114,140,-26,26
25985,114,106,8,8
25986,80,79,1,1
25987,82,71,11,11
25988,79,73,6,6
25989,107,114,-7,7
25990,113,95,18,18
25991,114,106,8,8
25992,52,56,-4,4
25993,67,69,-2,2
25994,74,83,-9,9
25995,113,106,7,7
25996,77,71,6,6
25997,125,150,-25,25
25998,60,59,1,1
25999,78,83,-5,5
26000,94,88,6,6
26001,102,87,15,15
26002,115,115,0,0
26003,114,112,2,2
26004,115,117,-2,2
26005,109,105,4,4
26006,107,116,-9,9
26007,80,78,2,2
26008,111,111,0,0
26009,36,60,-24,24
26010,78,74,4,4
26011,87,82,5,5
26012,74,73,1,1
26013,70,67,3,3
26014,64,63,1,1
26015,51,63,-12,12
26016,97,97,0,0
26017,106,99,7,7
26018,150,159,-9,9
26019,105,92,13,13
26020,80,82,-2,2
26021,81,78,3,3
26022,78,71,7,7
26023,103,101,2,2
26024,68,63,5,5
26025,69,66,3,3
26026,100,116,-16,16
26027,100,93,7,7
26028,171,161,10,10
26029,102,96,6,6
26030,98,92,6,6
26031,81,84,-3,3
26032,86,80,6,6
26033,47,56,-9,9
26034,83,75,8,8
26035,139,133,6,6
26036,71,83,-12,12
26037,142,143,-1,1
26038,65,56,9,9
26039,68,69,-1,1
26040,63,63,0,0
26041,105,93,12,12
26042,53,62,-9,9
26043,126,119,7,7
26044,137,143,-6,6
26045,64,57,7,7
26046,126,128,-2,2
26047,117,98,19,19
26048,65,81,-16,16
26049,133,144,-11,11
26050,64,65,-1,1
26051,96,80,16,16
26052,92,96,-4,4
26053,99,106,-7,7
26054,148,144,4,4
26055,54,58,-4,4
26056,99,81,18,18
26057,89,92,-3,3
26058,63,60,3,3
26059,90,91,-1,1
26060,71,81,-10,10
26061,82,70,12,12
26062,89,97,-8,8
26063,58,49,9,9
26064,88,94,-6,6
26065,91,97,-6,6
26066,29,47,-18,18
26067,63,62,1,1
26068,73,68,5,5
26069,68,60,8,8
26070,76,74,2,2
26071,73,63,10,10
26072,152,138,14,14
26073,113,98,15,15
26074,57,41,16,16
26075,81,78,3,3
26076,102,108,-6,6
26077,87,108,-21,21
26078,106,105,1,1
26079,83,89,-6,6
26080,164,155,9,9
26081,122,101,21,21
26082,68,83,-15,15
26083,79,82,-3,3
26084,57,62,-5,5
26085,116,127,-11,11
26086,57,66,-9,9
26087,105,90,15,15
26088,95,96,-1,1
26089,164,162,2,2
26090,159,156,3,3
26091,92,78,14,14
26092,100,122,-22,22
26093,64,55,9,9
26094,121,161,-40,40
26095,157,152,5,5
26096,116,111,5,5
26097,46,54,-8,8
26098,106,117,-11,11
26099,67,71,-4,4
26100,83,83,0,0
26101,66,51,15,15
26102,105,105,0,0
26103,166,162,4,4
26104,109,93,16,16
26105,75,70,5,5
26106,86,83,3,3
26107,91,85,6,6
26108,76,73,3,3
26109,149,163,-14,14
26110,102,95,7,7
26111,76,75,1,1
26112,64,50,14,14
26113,108,107,1,1
26114,99,87,12,12
26115,104,119,-15,15
26116,136,153,-17,17
26117,72,84,-12,12
26118,92,78,14,14
26119,70,67,3,3
26120,69,62,7,7
26121,154,142,12,12
26122,129,134,-5,5
26123,102,98,4,4
26124,107,98,9,9
26125,107,108,-1,1
26126,75,69,6,6
26127,108,100,8,8
26128,96,89,7,7
26129,80,94,-14,14
26130,73,74,-1,1
26131,129,139,-10,10
26132,57,60,-3,3
26133,92,90,2,2
26134,70,75,-5,5
26135,61,69,-8,8
26136,52,77,-25,25
26137,145,137,8,8
26138,74,77,-3,3
26139,75,78,-3,3
26140,134,124,10,10
26141,105,107,-2,2
26142,108,92,16,16
26143,98,101,-3,3
26144,96,76,20,20
26145,135,124,11,11
26146,103,92,11,11
26147,84,83,1,1
26148,132,131,1,1
26149,114,95,19,19
26150,87,76,11,11
26151,55,60,-5,5
26152,65,51,14,14
26153,48,52,-4,4
26154,64,58,6,6
26155,113,109,4,4
26156,137,133,4,4
26157,124,114,10,10
26158,47,35,12,12
26159,103,105,-2,2
26160,136,132,4,4
26161,80,80,0,0
26162,65,81,-16,16
26163,117,100,17,17
26164,113,123,-10,10
26165,71,92,-21,21
26166,132,138,-6,6
26167,102,93,9,9
26168,191,175,16,16
26169,127,122,5,5
26170,102,103,-1,1
26171,104,106,-2,2
26172,113,113,0,0
26173,74,100,-26,26
26174,143,134,9,9
26175,73,67,6,6
26176,143,149,-6,6
26177,120,121,-1,1
26178,95,99,-4,4
26179,84,86,-2,2
26180,146,151,-5,5
26181,70,69,1,1
26182,125,104,21,21
26183,79,82,-3,3
26184,77,79,-2,2
26185,69,59,10,10
26186,100,104,-4,4
26187,190,188,2,2
26188,90,95,-5,5
26189,67,73,-6,6
26190,179,154,25,25
26191,68,71,-3,3
26192,79,91,-12,12
26193,149,154,-5,5
26194,87,86,1,1
26195,58,79,-21,21
26196,176,178,-2,2
26197,67,61,6,6
26198,76,71,5,5
26199,127,123,4,4
26200,73,69,4,4
26201,68,60,8,8
26202,70,66,4,4
26203,101,65,36,36
26204,122,142,-20,20
26205,95,86,9,9
26206,90,80,10,10
26207,85,87,-2,2
26208,138,138,0,0
26209,115,114,1,1
26210,122,116,6,6
26211,59,55,4,4
26212,51,47,4,4
26213,106,90,16,16
26214,110,107,3,3
26215,111,116,-5,5
26216,62,80,-18,18
26217,93,75,18,18
26218,46,54,-8,8
26219,107,112,-5,5
26220,144,135,9,9
26221,92,72,20,20
26222,92,96,-4,4
26223,95,115,-20,20
26224,154,153,1,1
26225,54,68,-14,14
26226,102,99,3,3
26227,61,64,-3,3
26228,109,123,-14,14
26229,155,125,30,30
26230,83,68,15,15
26231,79,78,1,1
26232,102,104,-2,2
26233,133,94,39,39
26234,134,140,-6,6
26235,81,65,16,16
26236,151,147,4,4
26237,46,51,-5,5
26238,97,95,2,2
26239,62,54,8,8
26240,114,127,-13,13
26241,83,88,-5,5
26242,114,106,8,8
26243,87,89,-2,2
26244,110,92,18,18
26245,232,199,33,33
26246,35,37,-2,2
26247,96,98,-2,2
26248,87,95,-8,8
26249,52,55,-3,3
26250,89,85,4,4
26251,84,70,14,14
26252,84,77,7,7
26253,151,149,2,2
26254,51,50,1,1
26255,112,102,10,10
26256,189,186,3,3
26257,68,65,3,3
26258,77,71,6,6
26259,62,62,0,0
26260,112,118,-6,6
26261,95,93,2,2
26262,81,73,8,8
26263,108,99,9,9
26264,96,92,4,4
26265,58,56,2,2
26266,84,78,6,6
26267,116,109,7,7
26268,97,100,-3,3
26269,92,104,-12,12
26270,101,119,-18,18
26271,56,50,6,6
26272,74,80,-6,6
26273,115,107,8,8
26274,74,77,-3,3
26275,58,53,5,5
26276,129,124,5,5
26277,91,91,0,0
26278,59,38,21,21
26279,52,55,-3,3
26280,73,74,-1,1
26281,69,63,6,6
26282,119,91,28,28
26283,126,113,13,13
26284,114,94,20,20
26285,100,94,6,6
26286,86,93,-7,7
26287,116,131,-15,15
26288,72,71,1,1
26289,61,66,-5,5
26290,83,76,7,7
26291,94,102,-8,8
26292,90,91,-1,1
26293,93,92,1,1
26294,31,50,-19,19
26295,163,164,-1,1
26296,99,94,5,5
26297,46,53,-7,7
26298,55,55,0,0
26299,75,78,-3,3
26300,72,79,-7,7
26301,107,97,10,10
26302,89,97,-8,8
26303,66,55,11,11
26304,67,67,0,0
26305,145,152,-7,7
26306,151,141,10,10
26307,153,141,12,12
26308,56,47,9,9
26309,97,104,-7,7
26310,162,156,6,6
26311,90,95,-5,5
26312,106,101,5,5
26313,27,36,-9,9
26314,93,80,13,13
26315,105,107,-2,2
26316,123,125,-2,2
26317,61,62,-1,1
26318,64,50,14,14
26319,109,115,-6,6
26320,153,144,9,9
26321,81,76,5,5
26322,167,158,9,9
26323,100,103,-3,3
26324,40,59,-19,19
26325,84,91,-7,7
26326,126,128,-2,2
26327,69,68,1,1
26328,54,46,8,8
26329,41,49,-8,8
26330,86,93,-7,7
26331,71,57,14,14
26332,97,102,-5,5
26333,131,133,-2,2
26334,42,53,-11,11
26335,102,102,0,0
26336,83,82,1,1
26337,187,176,11,11
26338,180,170,10,10
26339,73,76,-3,3
26340,108,121,-13,13
26341,57,71,-14,14
26342,121,113,8,8
26343,88,93,-5,5
26344,105,105,0,0
26345,80,95,-15,15
26346,86,88,-2,2
26347,124,125,-1,1
26348,117,106,11,11
26349,112,109,3,3
26350,66,57,9,9
26351,94,88,6,6
26352,107,109,-2,2
26353,45,58,-13,13
26354,121,117,4,4
26355,82,85,-3,3
26356,69,67,2,2
26357,160,151,9,9
26358,119,101,18,18
26359,58,58,0,0
26360,100,95,5,5
26361,72,67,5,5
26362,67,64,3,3
26363,66,62,4,4
26364,119,114,5,5
26365,138,139,-1,1
26366,65,61,4,4
26367,105,112,-7,7
26368,36,51,-15,15
26369,69,71,-2,2
26370,78,69,9,9
26371,131,116,15,15
26372,109,115,-6,6
26373,75,65,10,10
26374,63,62,1,1
26375,53,68,-15,15
26376,105,121,-16,16
26377,64,77,-13,13
26378,70,78,-8,8
26379,26,38,-12,12
26380,181,166,15,15
26381,66,64,2,2
26382,130,140,-10,10
26383,122,127,-5,5
26384,94,88,6,6
26385,124,137,-13,13
26386,70,73,-3,3
26387,114,114,0,0
26388,93,76,17,17
26389,106,110,-4,4
26390,96,100,-4,4
26391,90,91,-1,1
26392,118,116,2,2
26393,63,82,-19,19
26394,79,90,-11,11
26395,43,56,-13,13
26396,112,109,3,3
26397,45,54,-9,9
26398,114,118,-4,4
26399,107,102,5,5
26400,83,80,3,3
26401,40,68,-28,28
26402,98,97,1,1
26403,115,103,12,12
26404,92,99,-7,7
26405,131,143,-12,12
26406,106,85,21,21
26407,99,93,6,6
26408,67,62,5,5
26409,171,164,7,7
26410,128,109,19,19
26411,88,81,7,7
26412,56,52,4,4
26413,113,98,15,15
26414,62,53,9,9
26415,81,69,12,12
26416,83,86,-3,3
26417,113,102,11,11
26418,100,103,-3,3
26419,91,87,4,4
26420,79,87,-8,8
26421,156,130,26,26
26422,113,127,-14,14
26423,67,78,-11,11
26424,129,114,15,15
26425,89,85,4,4
26426,66,68,-2,2
26427,102,112,-10,10
26428,131,113,18,18
26429,111,101,10,10
26430,47,56,-9,9
26431,37,48,-11,11
26432,92,82,10,10
26433,91,89,2,2
26434,101,101,0,0
26435,43,55,-12,12
26436,78,61,17,17
26437,102,116,-14,14
26438,92,92,0,0
26439,96,109,-13,13
26440,109,106,3,3
26441,98,95,3,3
26442,131,124,7,7
26443,104,103,1,1
26444,96,121,-25,25
26445,98,98,0,0
26446,66,73,-7,7
26447,75,72,3,3
26448,70,76,-6,6
26449,49,56,-7,7
26450,110,104,6,6
26451,128,116,12,12
26452,50,63,-13,13
26453,85,78,7,7
26454,59,60,-1,1
26455,41,62,-21,21
26456,71,59,12,12
26457,117,108,9,9
26458,91,91,0,0
26459,64,61,3,3
26460,118,122,-4,4
26461,43,49,-6,6
26462,134,118,16,16
26463,101,98,3,3
26464,109,99,10,10
26465,114,104,10,10
26466,118,122,-4,4
26467,70,82,-12,12
26468,102,100,2,2
26469,157,158,-1,1
26470,308,239,69,69
26471,104,106,-2,2
26472,106,89,17,17
26473,74,74,0,0
26474,148,147,1,1
26475,106,105,1,1
26476,74,73,1,1
26477,118,119,-1,1
26478,114,130,-16,16
26479,60,56,4,4
26480,135,135,0,0
26481,60,63,-3,3
26482,62,67,-5,5
26483,120,115,5,5
26484,150,169,-19,19
26485,112,101,11,11
26486,87,91,-4,4
26487,100,105,-5,5
26488,52,61,-9,9
26489,82,81,1,1
26490,136,150,-14,14
26491,65,64,1,1
26492,104,92,12,12
26493,134,141,-7,7
26494,104,85,19,19
26495,119,118,1,1
26496,119,116,3,3
26497,60,62,-2,2
26498,155,165,-10,10
26499,129,127,2,2
26500,46,57,-11,11
26501,58,47,11,11
26502,73,64,9,9
26503,114,109,5,5
26504,85,94,-9,9
26505,77,75,2,2
26506,89,82,7,7
26507,186,171,15,15
26508,74,67,7,7
26509,80,70,10,10
26510,108,105,3,3
26511,112,80,32,32
26512,38,38,0,0
26513,61,68,-7,7
26514,109,94,15,15
26515,46,53,-7,7
26516,139,123,16,16
26517,85,93,-8,8
26518,97,90,7,7
26519,60,67,-7,7
26520,36,37,-1,1
26521,89,88,1,1
26522,147,136,11,11
26523,94,84,10,10
26524,88,88,0,0
26525,120,103,17,17
26526,75,82,-7,7
26527,95,89,6,6
26528,90,91,-1,1
26529,46,58,-12,12
26530,49,69,-20,20
26531,145,134,11,11
26532,93,81,12,12
26533,48,53,-5,5
26534,93,98,-5,5
26535,76,72,4,4
26536,51,61,-10,10
26537,102,104,-2,2
26538,86,93,-7,7
26539,88,75,13,13
26540,97,110,-13,13
26541,139,130,9,9
26542,163,166,-3,3
26543,91,94,-3,3
26544,139,117,22,22
26545,56,58,-2,2
26546,56,61,-5,5
26547,84,76,8,8
26548,85,85,0,0
26549,55,52,3,3
26550,82,63,19,19
26551,90,93,-3,3
26552,102,90,12,12
26553,46,54,-8,8
26554,151,146,5,5
26555,90,91,-1,1
26556,78,105,-27,27
26557,70,56,14,14
26558,126,111,15,15
26559,114,124,-10,10
26560,135,110,25,25
26561,209,181,28,28
26562,163,157,6,6
26563,62,64,-2,2
26564,79,76,3,3
26565,90,93,-3,3
26566,126,111,15,15
26567,161,158,3,3
26568,119,102,17,17
26569,65,78,-13,13
26570,75,83,-8,8
26571,94,81,13,13
26572,57,47,10,10
26573,60,56,4,4
26574,62,65,-3,3
26575,61,62,-1,1
26576,174,165,9,9
26577,65,66,-1,1
26578,122,118,4,4
26579,103,125,-22,22
26580,66,62,4,4
26581,110,97,13,13
26582,59,67,-8,8
26583,120,110,10,10
26584,101,100,1,1
26585,94,92,2,2
26586,125,116,9,9
26587,76,62,14,14
26588,66,63,3,3
26589,85,97,-12,12
26590,101,94,7,7
26591,79,80,-1,1
26592,179,136,43,43
26593,73,71,2,2
26594,97,92,5,5
26595,40,60,-20,20
26596,75,68,7,7
26597,157,158,-1,1
26598,77,77,0,0
26599,108,117,-9,9
26600,129,128,1,1
26601,100,100,0,0
26602,76,96,-20,20
26603,40,50,-10,10
26604,72,64,8,8
26605,81,76,5,5
26606,122,117,5,5
26607,77,67,10,10
26608,162,154,8,8
26609,52,49,3,3
26610,86,81,5,5
26611,61,54,7,7
26612,139,130,9,9
26613,122,119,3,3
26614,129,126,3,3
26615,64,63,1,1
26616,53,53,0,0
26617,163,167,-4,4
26618,76,92,-16,16
26619,47,54,-7,7
26620,57,60,-3,3
26621,142,117,25,25
26622,89,67,22,22
26623,100,113,-13,13
26624,126,137,-11,11
26625,149,139,10,10
26626,102,99,3,3
26627,51,60,-9,9
26628,131,107,24,24
26629,113,113,0,0
26630,128,114,14,14
26631,84,66,18,18
26632,88,90,-2,2
26633,96,78,18,18
26634,131,116,15,15
26635,142,129,13,13
26636,139,136,3,3
26637,62,64,-2,2
26638,162,173,-11,11
26639,100,96,4,4
26640,94,97,-3,3
26641,118,100,18,18
26642,140,119,21,21
26643,105,107,-2,2
26644,54,68,-14,14
26645,80,70,10,10
26646,54,53,1,1
26647,82,75,7,7
26648,78,77,1,1
26649,81,76,5,5
26650,55,61,-6,6
26651,142,151,-9,9
26652,152,143,9,9
26653,121,116,5,5
26654,109,101,8,8
26655,80,83,-3,3
26656,73,67,6,6
26657,154,95,59,59
26658,122,127,-5,5
26659,85,77,8,8
26660,65,67,-2,2
26661,127,124,3,3
26662,44,36,8,8
26663,90,95,-5,5
26664,115,113,2,2
26665,124,117,7,7
26666,148,147,1,1
26667,49,48,1,1
26668,77,72,5,5
26669,173,169,4,4
26670,68,109,-41,41
26671,149,156,-7,7
26672,73,62,11,11
26673,54,62,-8,8
26674,90,74,16,16
26675,73,73,0,0
26676,74,71,3,3
26677,49,47,2,2
26678,79,65,14,14
26679,117,128,-11,11
26680,57,64,-7,7
26681,123,115,8,8
26682,94,97,-3,3
26683,124,75,49,49
26684,74,79,-5,5
26685,63,63,0,0
26686,116,104,12,12
26687,93,80,13,13
26688,115,116,-1,1
26689,64,64,0,0
26690,117,127,-10,10
26691,74,83,-9,9
26692,49,51,-2,2
26693,72,58,14,14
26694,86,90,-4,4
26695,52,57,-5,5
26696,87,75,12,12
26697,152,127,25,25
26698,61,76,-15,15
26699,67,67,0,0
26700,64,73,-9,9
26701,100,99,1,1
26702,135,128,7,7
26703,120,117,3,3
26704,124,115,9,9
26705,105,114,-9,9
26706,144,132,12,12
26707,100,106,-6,6
26708,80,79,1,1
26709,73,95,-22,22
26710,82,85,-3,3
26711,76,67,9,9
26712,115,120,-5,5
26713,106,107,-1,1
26714,125,125,0,0
26715,86,77,9,9
26716,94,92,2,2
26717,80,75,5,5
26718,145,134,11,11
26719,122,121,1,1
26720,122,114,8,8
26721,115,110,5,5
26722,66,78,-12,12
26723,85,77,8,8
26724,95,106,-11,11
26725,110,106,4,4
26726,49,81,-32,32
26727,80,102,-22,22
26728,101,113,-12,12
26729,77,81,-4,4
26730,89,95,-6,6
26731,130,116,14,14
26732,106,128,-22,22
26733,56,49,7,7
26734,68,67,1,1
26735,152,150,2,2
26736,113,113,0,0
26737,98,113,-15,15
26738,125,112,13,13
26739,71,68,3,3
26740,123,76,47,47
26741,97,67,30,30
26742,77,78,-1,1
26743,56,58,-2,2
26744,127,123,4,4
26745,49,55,-6,6
26746,115,116,-1,1
26747,61,54,7,7
26748,97,82,15,15
26749,101,103,-2,2
26750,77,74,3,3
26751,117,135,-18,18
26752,90,98,-8,8
26753,120,124,-4,4
26754,80,85,-5,5
26755,71,69,2,2
26756,54,56,-2,2
26757,80,76,4,4
26758,110,108,2,2
26759,71,88,-17,17
26760,82,81,1,1
26761,68,78,-10,10
26762,78,86,-8,8
26763,69,62,7,7
26764,87,109,-22,22
26765,94,80,14,14
26766,137,139,-2,2
26767,57,59,-2,2
26768,56,61,-5,5
26769,57,69,-12,12
26770,62,60,2,2
26771,63,70,-7,7
26772,165,157,8,8
26773,115,112,3,3
26774,133,132,1,1
26775,94,82,12,12
26776,107,106,1,1
26777,106,108,-2,2
26778,112,114,-2,2
26779,93,106,-13,13
26780,55,56,-1,1
26781,85,91,-6,6
26782,41,50,-9,9
26783,120,123,-3,3
26784,99,90,9,9
26785,83,59,24,24
26786,84,81,3,3
26787,110,120,-10,10
26788,124,155,-31,31
26789,122,112,10,10
26790,38,46,-8,8
26791,120,121,-1,1
26792,97,98,-1,1
26793,61,59,2,2
26794,113,113,0,0
26795,74,69,5,5
26796,79,72,7,7
26797,125,107,18,18
26798,81,81,0,0
26799,125,121,4,4
26800,123,129,-6,6
26801,90,86,4,4
26802,48,55,-7,7
26803,55,56,-1,1
26804,62,90,-28,28
26805,64,76,-12,12
26806,91,92,-1,1
26807,145,139,6,6
26808,86,82,4,4
26809,66,73,-7,7
26810,116,153,-37,37
26811,76,74,2,2
26812,88,98,-10,10
26813,103,108,-5,5
26814,97,116,-19,19
26815,138,130,8,8
26816,75,83,-8,8
26817,92,79,13,13
26818,149,150,-1,1
26819,60,69,-9,9
26820,108,109,-1,1
26821,30,46,-16,16
26822,89,87,2,2
26823,49,71,-22,22
26824,97,82,15,15
26825,128,111,17,17
26826,96,89,7,7
26827,96,93,3,3
26828,63,54,9,9
26829,76,66,10,10
26830,106,129,-23,23
26831,79,84,-5,5
26832,127,117,10,10
26833,45,47,-2,2
26834,105,99,6,6
26835,90,80,10,10
26836,43,56,-13,13
26837,235,56,179,179
26838,50,67,-17,17
26839,111,98,13,13
26840,69,56,13,13
26841,52,90,-38,38
26842,105,108,-3,3
26843,49,50,-1,1
26844,66,69,-3,3
26845,64,68,-4,4
26846,75,65,10,10
26847,70,65,5,5
26848,96,91,5,5
26849,86,87,-1,1
26850,109,106,3,3
26851,357,148,209,209
26852,74,73,1,1
26853,96,103,-7,7
26854,101,102,-1,1
26855,86,93,-7,7
26856,97,88,9,9
26857,47,56,-9,9
26858,76,92,-16,16
26859,139,127,12,12
26860,127,128,-1,1
26861,119,123,-4,4
26862,133,130,3,3
26863,190,195,-5,5
26864,119,104,15,15
26865,96,93,3,3
26866,31,37,-6,6
26867,94,113,-19,19
26868,112,146,-34,34
26869,104,94,10,10
26870,162,145,17,17
26871,128,120,8,8
26872,142,134,8,8
26873,107,105,2,2
26874,120,98,22,22
26875,57,61,-4,4
26876,157,154,3,3
26877,94,95,-1,1
26878,109,119,-10,10
26879,58,66,-8,8
26880,108,99,9,9
26881,88,103,-15,15
26882,123,117,6,6
26883,85,81,4,4
26884,136,141,-5,5
26885,72,97,-25,25
26886,77,76,1,1
26887,59,51,8,8
26888,154,149,5,5
26889,63,79,-16,16
26890,40,47,-7,7
26891,142,149,-7,7
26892,160,159,1,1
26893,68,74,-6,6
26894,91,77,14,14
26895,77,75,2,2
26896,135,143,-8,8
26897,134,184,-50,50
26898,172,171,1,1
26899,131,154,-23,23
26900,86,94,-8,8
26901,67,76,-9,9
26902,55,48,7,7
26903,148,156,-8,8
26904,66,60,6,6
26905,120,112,8,8
26906,83,77,6,6
26907,101,92,9,9
26908,83,70,13,13
26909,106,129,-23,23
26910,99,98,1,1
26911,67,67,0,0
26912,130,136,-6,6
26913,79,74,5,5
26914,43,46,-3,3
26915,146,134,12,12
26916,57,46,11,11
26917,100,116,-16,16
26918,139,117,22,22
26919,114,98,16,16
26920,61,58,3,3
26921,77,91,-14,14
26922,102,91,11,11
26923,104,97,7,7
26924,145,182,-37,37
26925,81,86,-5,5
26926,87,92,-5,5
26927,135,139,-4,4
26928,117,123,-6,6
26929,82,65,17,17
26930,118,111,7,7
26931,106,111,-5,5
26932,123,127,-4,4
26933,109,109,0,0
26934,66,66,0,0
26935,86,88,-2,2
26936,104,104,0,0
26937,61,64,-3,3
26938,59,85,-26,26
26939,68,71,-3,3
26940,68,67,1,1
26941,63,67,-4,4
26942,85,76,9,9
26943,135,146,-11,11
26944,117,120,-3,3
26945,134,132,2,2
26946,104,98,6,6
26947,73,70,3,3
26948,79,75,4,4
26949,137,135,2,2
26950,106,95,11,11
26951,80,72,8,8
26952,175,146,29,29
26953,96,104,-8,8
26954,137,142,-5,5
26955,119,108,11,11
26956,118,101,17,17
26957,135,145,-10,10
26958,127,107,20,20
26959,103,95,8,8
26960,87,94,-7,7
26961,90,64,26,26
26962,50,55,-5,5
26963,68,74,-6,6
26964,75,74,1,1
26965,150,162,-12,12
26966,107,92,15,15
26967,122,112,10,10
26968,48,45,3,3
26969,141,147,-6,6
26970,96,86,10,10
26971,93,96,-3,3
26972,85,87,-2,2
26973,55,55,0,0
26974,51,55,-4,4
26975,99,102,-3,3
26976,52,70,-18,18
26977,79,69,10,10
26978,110,102,8,8
26979,121,109,12,12
26980,37,37,0,0
26981,92,87,5,5
26982,66,58,8,8
26983,148,131,17,17
26984,83,72,11,11
26985,175,162,13,13
26986,88,72,16,16
26987,110,105,5,5
26988,79,93,-14,14
26989,64,49,15,15
26990,124,112,12,12
26991,129,113,16,16
26992,91,88,3,3
26993,59,49,10,10
26994,49,55,-6,6
26995,132,122,10,10
26996,76,121,-45,45
26997,110,97,13,13
26998,61,58,3,3
26999,90,91,-1,1
27000,126,124,2,2
27001,98,103,-5,5
27002,59,47,12,12
27003,93,94,-1,1
27004,76,68,8,8
27005,75,64,11,11
27006,85,89,-4,4
27007,149,134,15,15
27008,89,80,9,9
27009,112,110,2,2
27010,88,74,14,14
27011,65,63,2,2
27012,86,67,19,19
27013,64,76,-12,12
27014,81,90,-9,9
27015,86,79,7,7
27016,70,63,7,7
27017,150,141,9,9
27018,102,93,9,9
27019,92,79,13,13
27020,47,57,-10,10
27021,92,97,-5,5
27022,108,107,1,1
27023,85,82,3,3
27024,127,127,0,0
27025,114,116,-2,2
27026,89,71,18,18
27027,98,102,-4,4
27028,47,44,3,3
27029,95,103,-8,8
27030,174,169,5,5
27031,74,73,1,1
27032,214,195,19,19
27033,35,31,4,4
27034,202,203,-1,1
27035,83,72,11,11
27036,125,116,9,9
27037,109,95,14,14
27038,54,65,-11,11
27039,56,64,-8,8
27040,71,72,-1,1
27041,81,85,-4,4
27042,78,69,9,9
27043,61,57,4,4
27044,77,79,-2,2
27045,114,106,8,8
27046,59,78,-19,19
27047,116,133,-17,17
27048,49,58,-9,9
27049,66,75,-9,9
27050,91,73,18,18
27051,98,98,0,0
27052,73,72,1,1
27053,78,84,-6,6
27054,105,99,6,6
27055,112,100,12,12
27056,84,82,2,2
27057,78,68,10,10
27058,112,128,-16,16
27059,178,141,37,37
27060,134,139,-5,5
27061,93,81,12,12
27062,99,99,0,0
27063,67,66,1,1
27064,76,75,1,1
27065,80,72,8,8
27066,74,58,16,16
27067,83,77,6,6
27068,99,113,-14,14
27069,70,60,10,10
27070,64,69,-5,5
27071,128,116,12,12
27072,93,73,20,20
27073,65,63,2,2
27074,40,44,-4,4
27075,133,132,1,1
27076,97,94,3,3
27077,89,100,-11,11
27078,73,77,-4,4
27079,102,93,9,9
27080,62,59,3,3
27081,91,91,0,0
27082,147,138,9,9
27083,70,65,5,5
27084,71,64,7,7
27085,86,94,-8,8
27086,62,64,-2,2
27087,104,95,9,9
27088,72,62,10,10
27089,52,48,4,4
27090,38,26,12,12
27091,67,69,-2,2
27092,196,176,20,20
27093,47,42,5,5
27094,51,55,-4,4
27095,88,82,6,6
27096,96,91,5,5
27097,42,45,-3,3
27098,101,96,5,5
27099,105,104,1,1
27100,70,68,2,2
27101,87,107,-20,20
27102,120,130,-10,10
27103,71,70,1,1
27104,118,113,5,5
27105,71,86,-15,15
27106,101,113,-12,12
27107,80,71,9,9
27108,107,97,10,10
27109,87,87,0,0
27110,60,104,-44,44
27111,56,48,8,8
27112,79,95,-16,16
27113,148,148,0,0
27114,75,77,-2,2
27115,53,56,-3,3
27116,88,84,4,4
27117,104,131,-27,27
27118,77,68,9,9
27119,53,58,-5,5
27120,114,119,-5,5
27121,74,65,9,9
27122,73,78,-5,5
27123,127,121,6,6
27124,81,76,5,5
27125,127,132,-5,5
27126,139,125,14,14
27127,78,67,11,11
27128,79,77,2,2
27129,115,106,9,9
27130,125,113,12,12
27131,141,136,5,5
27132,127,107,20,20
27133,105,97,8,8
27134,57,79,-22,22
27135,99,95,4,4
27136,91,88,3,3
27137,98,82,16,16
27138,114,116,-2,2
27139,74,74,0,0
27140,143,137,6,6
27141,68,67,1,1
27142,159,146,13,13
27143,69,67,2,2
27144,72,59,13,13
27145,48,54,-6,6
27146,110,112,-2,2
27147,86,88,-2,2
27148,72,77,-5,5
27149,80,64,16,16
27150,70,68,2,2
27151,37,67,-30,30
27152,79,73,6,6
27153,53,47,6,6
27154,82,93,-11,11
27155,55,64,-9,9
27156,72,66,6,6
27157,104,108,-4,4
27158,81,76,5,5
27159,131,140,-9,9
27160,110,120,-10,10
27161,70,62,8,8
27162,96,104,-8,8
27163,56,72,-16,16
27164,76,104,-28,28
27165,87,89,-2,2
27166,100,89,11,11
27167,51,45,6,6
27168,67,66,1,1
27169,50,59,-9,9
27170,72,84,-12,12
27171,69,76,-7,7
27172,96,103,-7,7
27173,90,83,7,7
27174,84,89,-5,5
27175,136,130,6,6
27176,83,73,10,10
27177,93,89,4,4
27178,130,161,-31,31
27179,111,114,-3,3
27180,107,119,-12,12
27181,112,113,-1,1
27182,27,32,-5,5
27183,156,147,9,9
27184,102,102,0,0
27185,122,125,-3,3
27186,114,105,9,9
27187,39,48,-9,9
27188,137,135,2,2
27189,86,80,6,6
27190,83,78,5,5
27191,148,149,-1,1
27192,108,98,10,10
27193,102,90,12,12
27194,95,91,4,4
27195,52,71,-19,19
27196,78,83,-5,5
27197,99,91,8,8
27198,124,126,-2,2
27199,94,101,-7,7
27200,120,129,-9,9
27201,102,107,-5,5
27202,128,119,9,9
27203,64,62,2,2
27204,78,70,8,8
27205,65,75,-10,10
27206,128,136,-8,8
27207,88,79,9,9
27208,63,83,-20,20
27209,86,99,-13,13
27210,102,111,-9,9
27211,120,106,14,14
27212,95,99,-4,4
27213,83,81,2,2
27214,96,109,-13,13
27215,75,75,0,0
27216,50,51,-1,1
27217,69,60,9,9
27218,118,110,8,8
27219,103,104,-1,1
27220,88,89,-1,1
27221,83,79,4,4
27222,113,108,5,5
27223,89,90,-1,1
27224,92,88,4,4
27225,96,90,6,6
27226,97,126,-29,29
27227,57,55,2,2
27228,70,70,0,0
27229,79,98,-19,19
27230,81,88,-7,7
27231,106,107,-1,1
27232,178,169,9,9
27233,141,145,-4,4
27234,97,103,-6,6
27235,152,153,-1,1
27236,82,75,7,7
27237,62,56,6,6
27238,69,79,-10,10
27239,145,139,6,6
27240,80,73,7,7
27241,124,124,0,0
27242,128,124,4,4
27243,147,132,15,15
27244,181,175,6,6
27245,92,86,6,6
27246,48,45,3,3
27247,144,149,-5,5
27248,54,58,-4,4
27249,116,101,15,15
27250,106,105,1,1
27251,72,64,8,8
27252,139,129,10,10
27253,153,161,-8,8
27254,105,95,10,10
27255,152,138,14,14
27256,137,99,38,38
27257,123,124,-1,1
27258,49,59,-10,10
27259,80,69,11,11
27260,63,56,7,7
27261,35,53,-18,18
27262,53,47,6,6
27263,80,79,1,1
27264,56,52,4,4
27265,143,141,2,2
27266,160,161,-1,1
27267,98,96,2,2
27268,98,93,5,5
27269,83,84,-1,1
27270,117,130,-13,13
27271,143,123,20,20
27272,91,91,0,0
27273,60,62,-2,2
27274,106,110,-4,4
27275,33,47,-14,14
27276,65,61,4,4
27277,79,73,6,6
27278,47,50,-3,3
27279,78,77,1,1
27280,108,106,2,2
27281,59,60,-1,1
27282,75,78,-3,3
27283,130,132,-2,2
27284,75,84,-9,9
27285,89,89,0,0
27286,85,72,13,13
27287,127,124,3,3
27288,71,75,-4,4
27289,103,109,-6,6
27290,40,38,2,2
27291,57,64,-7,7
27292,142,143,-1,1
27293,61,64,-3,3
27294,77,67,10,10
27295,95,96,-1,1
27296,90,70,20,20
27297,101,107,-6,6
27298,64,63,1,1
27299,154,127,27,27
27300,90,99,-9,9
27301,103,99,4,4
27302,134,128,6,6
27303,96,73,23,23
27304,48,58,-10,10
27305,88,81,7,7
27306,126,123,3,3
27307,80,66,14,14
27308,66,63,3,3
27309,43,50,-7,7
27310,71,56,15,15
27311,102,99,3,3
27312,78,67,11,11
27313,99,97,2,2
27314,110,109,1,1
27315,105,100,5,5
27316,103,105,-2,2
27317,103,96,7,7
27318,62,93,-31,31
27319,92,95,-3,3
27320,68,71,-3,3
27321,94,90,4,4
27322,97,100,-3,3
27323,50,64,-14,14
27324,46,67,-21,21
27325,76,73,3,3
27326,127,105,22,22
27327,55,52,3,3
27328,62,59,3,3
27329,114,116,-2,2
27330,70,59,11,11
27331,110,120,-10,10
27332,115,113,2,2
27333,102,91,11,11
27334,105,112,-7,7
27335,99,92,7,7
27336,122,126,-4,4
27337,69,75,-6,6
27338,69,54,15,15
27339,79,79,0,0
27340,67,73,-6,6
27341,76,104,-28,28
27342,54,48,6,6
27343,96,88,8,8
27344,90,82,8,8
27345,73,59,14,14
27346,76,80,-4,4
27347,48,69,-21,21
27348,104,119,-15,15
27349,64,62,2,2
27350,76,75,1,1
27351,106,101,5,5
27352,58,53,5,5
27353,118,111,7,7
27354,78,85,-7,7
27355,119,119,0,0
27356,64,62,2,2
27357,144,108,36,36
27358,112,108,4,4
27359,60,59,1,1
27360,58,83,-25,25
27361,148,156,-8,8
27362,70,60,10,10
27363,193,167,26,26
27364,90,87,3,3
27365,50,52,-2,2
27366,94,92,2,2
27367,114,117,-3,3
27368,57,69,-12,12
27369,72,88,-16,16
27370,97,75,22,22
27371,121,118,3,3
27372,96,85,11,11
27373,78,89,-11,11
27374,124,132,-8,8
27375,156,151,5,5
27376,103,91,12,12
27377,117,112,5,5
27378,75,60,15,15
27379,101,104,-3,3
27380,45,44,1,1
27381,60,74,-14,14
27382,124,128,-4,4
27383,129,134,-5,5
27384,90,87,3,3
27385,79,81,-2,2
27386,64,69,-5,5
27387,87,93,-6,6
27388,138,144,-6,6
27389,106,108,-2,2
27390,96,100,-4,4
27391,124,115,9,9
27392,78,74,4,4
27393,99,88,11,11
27394,208,175,33,33
27395,111,104,7,7
27396,107,96,11,11
27397,92,81,11,11
27398,87,79,8,8
27399,108,140,-32,32
27400,70,70,0,0
27401,115,117,-2,2
27402,86,81,5,5
27403,86,81,5,5
27404,165,160,5,5
27405,59,104,-45,45
27406,111,120,-9,9
27407,196,172,24,24
27408,99,104,-5,5
27409,121,85,36,36
27410,57,54,3,3
27411,78,78,0,0
27412,98,97,1,1
27413,90,84,6,6
27414,89,88,1,1
27415,97,94,3,3
27416,77,79,-2,2
27417,78,74,4,4
27418,95,107,-12,12
27419,98,92,6,6
27420,126,127,-1,1
27421,107,109,-2,2
27422,83,81,2,2
27423,129,124,5,5
27424,93,98,-5,5
27425,210,171,39,39
27426,112,108,4,4
27427,51,51,0,0
27428,93,78,15,15
27429,61,67,-6,6
27430,76,77,-1,1
27431,107,103,4,4
27432,115,100,15,15
27433,106,115,-9,9
27434,77,72,5,5
27435,102,106,-4,4
27436,54,51,3,3
27437,81,65,16,16
27438,64,85,-21,21
27439,134,135,-1,1
27440,124,110,14,14
27441,49,54,-5,5
27442,90,96,-6,6
27443,72,69,3,3
27444,76,91,-15,15
27445,114,100,14,14
27446,59,69,-10,10
27447,97,108,-11,11
27448,96,87,9,9
27449,177,126,51,51
27450,111,105,6,6
27451,105,106,-1,1
27452,78,89,-11,11
27453,85,95,-10,10
27454,71,62,9,9
27455,114,114,0,0
27456,78,83,-5,5
27457,164,142,22,22
27458,75,81,-6,6
27459,128,129,-1,1
27460,105,126,-21,21
27461,75,69,6,6
27462,87,86,1,1
27463,104,91,13,13
27464,130,135,-5,5
27465,101,93,8,8
27466,81,81,0,0
27467,75,70,5,5
27468,115,113,2,2
27469,80,64,16,16
27470,54,59,-5,5
27471,93,100,-7,7
27472,142,96,46,46
27473,41,59,-18,18
27474,78,83,-5,5
27475,62,67,-5,5
27476,68,78,-10,10
27477,45,50,-5,5
27478,99,97,2,2
27479,92,79,13,13
27480,88,75,13,13
27481,134,136,-2,2
27482,112,112,0,0
27483,97,116,-19,19
27484,131,151,-20,20
27485,71,64,7,7
27486,39,47,-8,8
27487,68,69,-1,1
27488,47,38,9,9
27489,60,50,10,10
27490,151,71,80,80
27491,81,69,12,12
27492,104,102,2,2
27493,99,96,3,3
27494,103,112,-9,9
27495,84,84,0,0
27496,92,91,1,1
27497,108,108,0,0
27498,124,115,9,9
27499,68,71,-3,3
27500,107,109,-2,2
27501,97,85,12,12
27502,108,104,4,4
27503,54,60,-6,6
27504,75,73,2,2
27505,43,51,-8,8
27506,105,115,-10,10
27507,103,111,-8,8
27508,85,95,-10,10
27509,121,118,3,3
27510,85,78,7,7
27511,102,100,2,2
27512,113,111,2,2
27513,70,62,8,8
27514,120,110,10,10
27515,106,101,5,5
27516,72,79,-7,7
27517,89,86,3,3
27518,90,89,1,1
27519,52,48,4,4
27520,78,73,5,5
27521,88,96,-8,8
27522,290,244,46,46
27523,98,83,15,15
27524,94,100,-6,6
27525,130,114,16,16
27526,50,63,-13,13
27527,102,101,1,1
27528,72,67,5,5
27529,79,75,4,4
27530,101,106,-5,5
27531,88,80,8,8
27532,75,72,3,3
27533,109,132,-23,23
27534,68,74,-6,6
27535,117,116,1,1
27536,112,107,5,5
27537,149,132,17,17
27538,94,102,-8,8
27539,73,62,11,11
27540,86,84,2,2
27541,68,76,-8,8
27542,94,99,-5,5
27543,96,93,3,3
27544,86,116,-30,30
27545,84,87,-3,3
27546,98,87,11,11
27547,149,157,-8,8
27548,92,92,0,0
27549,72,67,5,5
27550,108,103,5,5
27551,85,97,-12,12
27552,92,98,-6,6
27553,72,78,-6,6
27554,73,75,-2,2
27555,91,91,0,0
27556,167,174,-7,7
27557,78,83,-5,5
27558,50,58,-8,8
27559,96,78,18,18
27560,105,96,9,9
27561,102,106,-4,4
27562,106,100,6,6
27563,138,130,8,8
27564,123,120,3,3
27565,76,67,9,9
27566,95,89,6,6
27567,87,81,6,6
27568,154,134,20,20
27569,75,70,5,5
27570,137,135,2,2
27571,98,82,16,16
27572,96,98,-2,2
27573,68,74,-6,6
27574,66,75,-9,9
27575,96,95,1,1
27576,99,98,1,1
27577,53,56,-3,3
27578,36,52,-16,16
27579,79,84,-5,5
27580,108,105,3,3
27581,20,30,-10,10
27582,95,96,-1,1
27583,78,76,2,2
27584,114,110,4,4
27585,89,96,-7,7
27586,118,128,-10,10
27587,163,150,13,13
27588,64,52,12,12
27589,50,45,5,5
27590,65,65,0,0
27591,91,77,14,14
27592,126,135,-9,9
27593,96,88,8,8
27594,115,111,4,4
27595,114,108,6,6
27596,139,121,18,18
27597,45,57,-12,12
27598,155,149,6,6
27599,77,70,7,7
27600,105,90,15,15
27601,156,132,24,24
27602,90,92,-2,2
27603,105,88,17,17
27604,36,48,-12,12
27605,134,137,-3,3
27606,111,121,-10,10
27607,61,57,4,4
27608,97,88,9,9
27609,76,80,-4,4
27610,81,80,1,1
27611,71,63,8,8
27612,99,76,23,23
27613,98,107,-9,9
27614,89,99,-10,10
27615,153,151,2,2
27616,110,113,-3,3
27617,61,60,1,1
27618,72,81,-9,9
27619,107,116,-9,9
27620,107,108,-1,1
27621,116,107,9,9
27622,116,107,9,9
27623,71,73,-2,2
27624,95,91,4,4
27625,99,100,-1,1
27626,59,54,5,5
27627,107,124,-17,17
27628,130,130,0,0
27629,95,78,17,17
27630,165,156,9,9
27631,171,156,15,15
27632,93,95,-2,2
27633,79,91,-12,12
27634,175,162,13,13
27635,121,124,-3,3
27636,155,155,0,0
27637,174,174,0,0
27638,81,65,16,16
27639,57,49,8,8
27640,180,149,31,31
27641,116,110,6,6
27642,162,155,7,7
27643,77,57,20,20
27644,78,70,8,8
27645,111,107,4,4
27646,87,86,1,1
27647,37,41,-4,4
27648,176,191,-15,15
27649,69,72,-3,3
27650,72,80,-8,8
27651,91,89,2,2
27652,102,106,-4,4
27653,81,81,0,0
27654,142,144,-2,2
27655,189,172,17,17
27656,200,176,24,24
27657,61,65,-4,4
27658,89,82,7,7
27659,94,114,-20,20
27660,88,77,11,11
27661,85,75,10,10
27662,88,80,8,8
27663,52,61,-9,9
27664,61,82,-21,21
27665,79,68,11,11
27666,141,133,8,8
27667,83,86,-3,3
27668,112,150,-38,38
27669,123,116,7,7
27670,54,51,3,3
27671,66,60,6,6
27672,117,125,-8,8
27673,73,81,-8,8
27674,70,76,-6,6
27675,66,63,3,3
27676,105,111,-6,6
27677,77,77,0,0
27678,100,100,0,0
27679,167,144,23,23
27680,73,78,-5,5
27681,130,121,9,9
27682,87,69,18,18
27683,85,68,17,17
27684,69,66,3,3
27685,73,76,-3,3
27686,77,69,8,8
27687,138,132,6,6
27688,80,85,-5,5
27689,55,57,-2,2
27690,117,102,15,15
27691,110,102,8,8
27692,60,53,7,7
27693,96,80,16,16
27694,85,75,10,10
27695,106,117,-11,11
27696,94,87,7,7
27697,69,64,5,5
27698,125,123,2,2
27699,179,167,12,12
27700,86,88,-2,2
27701,129,124,5,5
27702,82,84,-2,2
27703,91,79,12,12
27704,150,133,17,17
27705,57,69,-12,12
27706,70,75,-5,5
27707,134,129,5,5
27708,71,74,-3,3
27709,74,87,-13,13
27710,83,78,5,5
27711,82,83,-1,1
27712,70,70,0,0
27713,82,80,2,2
27714,52,53,-1,1
27715,93,88,5,5
27716,54,61,-7,7
27717,136,113,23,23
27718,72,86,-14,14
27719,86,108,-22,22
27720,108,118,-10,10
27721,93,91,2,2
27722,57,74,-17,17
27723,78,67,11,11
27724,130,120,10,10
27725,83,90,-7,7
27726,116,84,32,32
27727,103,82,21,21
27728,79,76,3,3
27729,43,45,-2,2
27730,100,99,1,1
27731,77,72,5,5
27732,127,125,2,2
27733,83,70,13,13
27734,134,140,-6,6
27735,108,81,27,27
27736,122,111,11,11
27737,86,81,5,5
27738,71,62,9,9
27739,111,115,-4,4
27740,132,112,20,20
27741,200,192,8,8
27742,77,80,-3,3
27743,131,114,17,17
27744,75,76,-1,1
27745,66,62,4,4
27746,83,83,0,0
27747,155,144,11,11
27748,104,88,16,16
27749,85,81,4,4
27750,149,142,7,7
27751,198,237,-39,39
27752,68,72,-4,4
27753,143,102,41,41
27754,118,83,35,35
27755,75,81,-6,6
27756,150,165,-15,15
27757,52,49,3,3
27758,153,143,10,10
27759,88,98,-10,10
27760,101,107,-6,6
27761,74,63,11,11
27762,102,117,-15,15
27763,140,144,-4,4
27764,71,63,8,8
27765,110,92,18,18
27766,110,104,6,6
27767,63,63,0,0
27768,66,79,-13,13
27769,49,56,-7,7
27770,54,60,-6,6
27771,86,83,3,3
27772,58,57,1,1
27773,54,61,-7,7
27774,60,57,3,3
27775,77,80,-3,3
27776,70,76,-6,6
27777,91,89,2,2
27778,112,108,4,4
27779,89,79,10,10
27780,80,73,7,7
27781,95,97,-2,2
27782,98,87,11,11
27783,91,85,6,6
27784,117,134,-17,17
27785,76,77,-1,1
27786,126,152,-26,26
27787,131,113,18,18
27788,65,67,-2,2
27789,90,81,9,9
27790,77,74,3,3
27791,114,111,3,3
27792,88,82,6,6
27793,90,82,8,8
27794,84,87,-3,3
27795,135,123,12,12
27796,95,91,4,4
27797,94,103,-9,9
27798,106,105,1,1
27799,75,76,-1,1
27800,115,114,1,1
27801,143,145,-2,2
27802,60,59,1,1
27803,68,77,-9,9
27804,73,68,5,5
27805,168,149,19,19
27806,99,101,-2,2
27807,108,112,-4,4
27808,77,81,-4,4
27809,60,59,1,1
27810,79,61,18,18
27811,103,133,-30,30
27812,120,128,-8,8
27813,137,148,-11,11
27814,80,96,-16,16
27815,78,83,-5,5
27816,49,61,-12,12
27817,97,119,-22,22
27818,104,100,4,4
27819,172,155,17,17
27820,154,156,-2,2
27821,93,94,-1,1
27822,103,89,14,14
27823,51,60,-9,9
27824,72,73,-1,1
27825,81,93,-12,12
27826,69,68,1,1
27827,111,98,13,13
27828,106,107,-1,1
27829,143,139,4,4
27830,46,44,2,2
27831,118,125,-7,7
27832,136,114,22,22
27833,103,94,9,9
27834,115,122,-7,7
27835,100,86,14,14
27836,130,123,7,7
27837,146,138,8,8
27838,106,94,12,12
27839,160,154,6,6
27840,151,116,35,35
27841,111,106,5,5
27842,132,111,21,21
27843,70,59,11,11
27844,95,94,1,1
27845,113,107,6,6
27846,100,117,-17,17
27847,84,100,-16,16
27848,144,126,18,18
27849,75,75,0,0
27850,127,121,6,6
27851,35,63,-28,28
27852,48,54,-6,6
27853,52,62,-10,10
27854,110,119,-9,9
27855,109,111,-2,2
27856,72,77,-5,5
27857,99,92,7,7
27858,58,50,8,8
27859,81,65,16,16
27860,96,83,13,13
27861,71,63,8,8
27862,122,100,22,22
27863,151,145,6,6
27864,92,93,-1,1
27865,69,70,-1,1
27866,111,107,4,4
27867,106,106,0,0
27868,122,123,-1,1
27869,100,77,23,23
27870,62,64,-2,2
27871,77,64,13,13
27872,111,109,2,2
27873,68,78,-10,10
27874,97,89,8,8
27875,118,89,29,29
27876,118,125,-7,7
27877,97,102,-5,5
27878,78,75,3,3
27879,146,139,7,7
27880,99,95,4,4
27881,76,64,12,12
27882,64,60,4,4
27883,48,54,-6,6
27884,89,87,2,2
27885,59,57,2,2
27886,74,74,0,0
27887,72,74,-2,2
27888,83,83,0,0
27889,83,58,25,25
27890,97,106,-9,9
27891,100,89,11,11
27892,181,169,12,12
27893,37,40,-3,3
27894,64,64,0,0
27895,84,72,12,12
27896,68,63,5,5
27897,54,71,-17,17
27898,85,82,3,3
27899,75,70,5,5
27900,98,90,8,8
27901,147,142,5,5
27902,138,135,3,3
27903,61,66,-5,5
27904,83,87,-4,4
27905,158,154,4,4
27906,119,108,11,11
27907,88,81,7,7
27908,119,120,-1,1
27909,118,104,14,14
27910,68,68,0,0
27911,49,51,-2,2
27912,112,95,17,17
27913,113,99,14,14
27914,83,87,-4,4
27915,81,77,4,4
27916,31,37,-6,6
27917,87,67,20,20
27918,144,133,11,11
27919,133,147,-14,14
27920,137,137,0,0
27921,95,110,-15,15
27922,80,75,5,5
27923,109,100,9,9
27924,90,93,-3,3
27925,70,65,5,5
27926,66,62,4,4
27927,81,66,15,15
27928,156,158,-2,2
27929,70,69,1,1
27930,95,106,-11,11
27931,109,86,23,23
27932,61,104,-43,43
27933,40,38,2,2
27934,138,148,-10,10
27935,96,93,3,3
27936,53,68,-15,15
27937,85,85,0,0
27938,137,130,7,7
27939,113,112,1,1
27940,127,123,4,4
27941,77,73,4,4
27942,66,60,6,6
27943,36,44,-8,8
27944,83,88,-5,5
27945,120,107,13,13
27946,55,63,-8,8
27947,61,57,4,4
27948,68,66,2,2
27949,93,106,-13,13
27950,173,168,5,5
27951,58,67,-9,9
27952,75,78,-3,3
27953,83,84,-1,1
27954,141,133,8,8
27955,67,59,8,8
27956,35,40,-5,5
27957,63,73,-10,10
27958,52,52,0,0
27959,183,179,4,4
27960,52,54,-2,2
27961,72,65,7,7
27962,77,73,4,4
27963,61,55,6,6
27964,124,117,7,7
27965,78,86,-8,8
27966,123,119,4,4
27967,122,119,3,3
27968,88,89,-1,1
27969,74,77,-3,3
27970,66,67,-1,1
27971,69,78,-9,9
27972,92,91,1,1
27973,79,82,-3,3
27974,45,65,-20,20
27975,115,110,5,5
27976,143,136,7,7
27977,99,91,8,8
27978,129,129,0,0
27979,103,108,-5,5
27980,90,96,-6,6
27981,88,90,-2,2
27982,123,121,2,2
27983,175,158,17,17
27984,95,87,8,8
27985,105,128,-23,23
27986,65,69,-4,4
27987,66,56,10,10
27988,137,121,16,16
27989,84,85,-1,1
27990,110,107,3,3
27991,118,110,8,8
27992,114,113,1,1
27993,97,111,-14,14
27994,90,76,14,14
27995,124,112,12,12
27996,158,162,-4,4
27997,67,87,-20,20
27998,96,97,-1,1
27999,97,96,1,1
28000,108,104,4,4
28001,106,116,-10,10
28002,56,53,3,3
28003,69,62,7,7
28004,41,41,0,0
28005,67,65,2,2
28006,172,172,0,0
28007,53,56,-3,3
28008,94,84,10,10
28009,121,131,-10,10
28010,97,95,2,2
28011,91,91,0,0
28012,117,82,35,35
28013,125,135,-10,10
28014,59,48,11,11
28015,114,101,13,13
28016,87,76,11,11
28017,106,118,-12,12
28018,77,67,10,10
28019,135,124,11,11
28020,145,124,21,21
28021,72,77,-5,5
28022,53,77,-24,24
28023,149,136,13,13
28024,101,102,-1,1
28025,76,62,14,14
28026,87,99,-12,12
28027,73,75,-2,2
28028,107,103,4,4
28029,67,72,-5,5
28030,67,67,0,0
28031,80,85,-5,5
28032,91,92,-1,1
28033,91,82,9,9
28034,104,132,-28,28
28035,66,55,11,11
28036,90,80,10,10
28037,71,83,-12,12
28038,118,101,17,17
28039,87,89,-2,2
28040,68,69,-1,1
28041,114,119,-5,5
28042,117,124,-7,7
28043,130,128,2,2
28044,134,146,-12,12
28045,125,125,0,0
28046,74,67,7,7
28047,88,82,6,6
28048,56,85,-29,29
28049,116,78,38,38
28050,145,143,2,2
28051,75,59,16,16
28052,71,81,-10,10
28053,50,55,-5,5
28054,97,97,0,0
28055,55,47,8,8
28056,52,48,4,4
28057,154,118,36,36
28058,132,119,13,13
28059,180,157,23,23
28060,68,68,0,0
28061,86,80,6,6
28062,147,162,-15,15
28063,68,81,-13,13
28064,80,70,10,10
28065,98,93,5,5
28066,109,127,-18,18
28067,88,95,-7,7
28068,78,93,-15,15
28069,86,70,16,16
28070,42,55,-13,13
28071,74,89,-15,15
28072,137,136,1,1
28073,110,103,7,7
28074,76,87,-11,11
28075,64,65,-1,1
28076,150,150,0,0
28077,116,98,18,18
28078,74,80,-6,6
28079,69,67,2,2
28080,55,52,3,3
28081,114,119,-5,5
28082,178,161,17,17
28083,78,72,6,6
28084,71,73,-2,2
28085,80,79,1,1
28086,119,130,-11,11
28087,59,64,-5,5
28088,75,55,20,20
28089,77,93,-16,16
28090,64,61,3,3
28091,118,101,17,17
28092,141,140,1,1
28093,144,156,-12,12
28094,118,121,-3,3
28095,90,81,9,9
28096,96,93,3,3
28097,107,107,0,0
28098,141,145,-4,4
28099,71,49,22,22
28100,94,85,9,9
28101,196,170,26,26
28102,93,105,-12,12
28103,122,118,4,4
28104,78,86,-8,8
28105,83,89,-6,6
28106,84,78,6,6
28107,65,60,5,5
28108,165,159,6,6
28109,116,142,-26,26
28110,91,72,19,19
28111,69,62,7,7
28112,87,76,11,11
28113,94,96,-2,2
28114,113,108,5,5
28115,169,174,-5,5
28116,112,94,18,18
28117,85,93,-8,8
28118,113,106,7,7
28119,145,136,9,9
28120,53,62,-9,9
28121,97,84,13,13
28122,102,109,-7,7
28123,107,114,-7,7
28124,88,91,-3,3
28125,76,77,-1,1
28126,46,49,-3,3
28127,83,86,-3,3
28128,99,91,8,8
28129,118,121,-3,3
28130,85,69,16,16
28131,112,116,-4,4
28132,120,111,9,9
28133,246,217,29,29
28134,124,119,5,5
28135,64,67,-3,3
28136,118,113,5,5
28137,118,120,-2,2
28138,78,79,-1,1
28139,74,76,-2,2
28140,86,81,5,5
28141,90,80,10,10
28142,132,141,-9,9
28143,125,116,9,9
28144,70,76,-6,6
28145,69,68,1,1
28146,119,116,3,3
28147,144,138,6,6
28148,172,165,7,7
28149,83,89,-6,6
28150,99,91,8,8
28151,104,108,-4,4
28152,127,113,14,14
28153,78,72,6,6
28154,110,93,17,17
28155,53,57,-4,4
28156,79,80,-1,1
28157,47,38,9,9
28158,123,170,-47,47
28159,132,143,-11,11
28160,104,103,1,1
28161,127,128,-1,1
28162,105,90,15,15
28163,65,64,1,1
28164,100,103,-3,3
28165,192,191,1,1
28166,61,84,-23,23
28167,106,118,-12,12
28168,38,67,-29,29
28169,186,170,16,16
28170,166,154,12,12
28171,122,108,14,14
28172,141,121,20,20
28173,122,139,-17,17
28174,39,61,-22,22
28175,117,124,-7,7
28176,128,133,-5,5
28177,148,141,7,7
28178,118,108,10,10
28179,96,100,-4,4
28180,72,65,7,7
28181,76,64,12,12
28182,63,74,-11,11
28183,84,90,-6,6
28184,102,96,6,6
28185,75,69,6,6
28186,92,103,-11,11
28187,69,60,9,9
28188,94,79,15,15
28189,70,59,11,11
28190,112,94,18,18
28191,87,83,4,4
28192,68,62,6,6
28193,123,108,15,15
28194,81,66,15,15
28195,116,125,-9,9
28196,82,85,-3,3
28197,149,123,26,26
28198,60,74,-14,14
28199,59,73,-14,14
28200,110,96,14,14
28201,89,105,-16,16
28202,114,112,2,2
28203,128,127,1,1
28204,57,60,-3,3
28205,77,78,-1,1
28206,85,83,2,2
28207,194,195,-1,1
28208,72,84,-12,12
28209,75,76,-1,1
28210,57,84,-27,27
28211,165,153,12,12
28212,99,110,-11,11
28213,84,78,6,6
28214,89,97,-8,8
28215,64,68,-4,4
28216,115,126,-11,11
28217,81,91,-10,10
28218,96,110,-14,14
28219,134,139,-5,5
28220,74,69,5,5
28221,121,152,-31,31
28222,81,95,-14,14
28223,58,55,3,3
28224,77,64,13,13
28225,97,87,10,10
28226,66,59,7,7
28227,104,98,6,6
28228,112,113,-1,1
28229,59,60,-1,1
28230,151,138,13,13
28231,111,99,12,12
28232,133,131,2,2
28233,76,83,-7,7
28234,93,97,-4,4
28235,76,87,-11,11
28236,85,81,4,4
28237,151,149,2,2
28238,76,76,0,0
28239,79,65,14,14
28240,172,178,-6,6
28241,148,141,7,7
28242,89,87,2,2
28243,87,82,5,5
28244,128,136,-8,8
28245,71,80,-9,9
28246,72,65,7,7
28247,77,71,6,6
28248,100,102,-2,2
28249,107,108,-1,1
28250,86,88,-2,2
28251,81,61,20,20
28252,93,96,-3,3
28253,56,46,10,10
28254,138,134,4,4
28255,77,83,-6,6
28256,175,174,1,1
28257,72,74,-2,2
28258,93,95,-2,2
28259,92,80,12,12
28260,104,123,-19,19
28261,132,91,41,41
28262,81,81,0,0
28263,71,85,-14,14
28264,140,132,8,8
28265,102,90,12,12
28266,53,54,-1,1
28267,87,95,-8,8
28268,147,149,-2,2
28269,93,105,-12,12
28270,65,68,-3,3
28271,154,147,7,7
28272,222,179,43,43
28273,107,94,13,13
28274,81,68,13,13
28275,59,61,-2,2
28276,63,69,-6,6
28277,100,96,4,4
28278,89,76,13,13
28279,70,64,6,6
28280,90,88,2,2
28281,135,145,-10,10
28282,112,104,8,8
28283,102,94,8,8
28284,126,144,-18,18
28285,87,88,-1,1
28286,98,97,1,1
28287,128,114,14,14
28288,54,43,11,11
28289,88,87,1,1
28290,79,74,5,5
28291,177,165,12,12
28292,110,105,5,5
28293,68,73,-5,5
28294,126,125,1,1
28295,115,120,-5,5
28296,105,112,-7,7
28297,86,82,4,4
28298,66,110,-44,44
28299,65,57,8,8
28300,78,81,-3,3
28301,87,94,-7,7
28302,108,101,7,7
28303,46,46,0,0
28304,106,108,-2,2
28305,127,120,7,7
28306,137,136,1,1
28307,84,69,15,15
28308,73,73,0,0
28309,70,63,7,7
28310,76,72,4,4
28311,84,86,-2,2
28312,125,80,45,45
28313,73,73,0,0
28314,176,169,7,7
28315,97,88,9,9
28316,128,131,-3,3
28317,74,71,3,3
28318,145,158,-13,13
28319,93,91,2,2
28320,70,66,4,4
28321,67,81,-14,14
28322,84,76,8,8
28323,59,60,-1,1
28324,92,88,4,4
28325,112,103,9,9
28326,51,54,-3,3
28327,56,47,9,9
28328,92,88,4,4
28329,49,61,-12,12
28330,98,114,-16,16
28331,71,67,4,4
28332,72,76,-4,4
28333,68,72,-4,4
28334,87,87,0,0
28335,121,116,5,5
28336,94,85,9,9
28337,76,76,0,0
28338,112,117,-5,5
28339,69,52,17,17
28340,113,108,5,5
28341,129,142,-13,13
28342,105,114,-9,9
28343,99,113,-14,14
28344,58,60,-2,2
28345,130,114,16,16
28346,85,83,2,2
28347,73,118,-45,45
28348,56,63,-7,7
28349,97,107,-10,10
28350,104,96,8,8
28351,73,73,0,0
28352,111,106,5,5
28353,73,59,14,14
28354,98,90,8,8
28355,102,115,-13,13
28356,80,74,6,6
28357,47,59,-12,12
28358,102,105,-3,3
28359,76,71,5,5
28360,69,65,4,4
28361,85,91,-6,6
28362,111,115,-4,4
28363,34,47,-13,13
28364,137,156,-19,19
28365,79,76,3,3
28366,72,83,-11,11
28367,62,69,-7,7
28368,91,88,3,3
28369,82,72,10,10
28370,120,142,-22,22
28371,92,97,-5,5
28372,110,118,-8,8
28373,122,130,-8,8
28374,119,107,12,12
28375,183,189,-6,6
28376,61,65,-4,4
28377,97,90,7,7
28378,117,124,-7,7
28379,71,62,9,9
28380,100,87,13,13
28381,119,110,9,9
28382,94,84,10,10
28383,94,101,-7,7
28384,97,85,12,12
28385,62,52,10,10
28386,74,67,7,7
28387,104,115,-11,11
28388,143,144,-1,1
28389,74,75,-1,1
28390,126,121,5,5
28391,64,55,9,9
28392,97,80,17,17
28393,82,71,11,11
28394,56,66,-10,10
28395,98,111,-13,13
28396,139,141,-2,2
28397,102,107,-5,5
28398,100,114,-14,14
28399,115,85,30,30
28400,138,121,17,17
28401,39,46,-7,7
28402,132,129,3,3
28403,127,139,-12,12
28404,98,90,8,8
28405,83,70,13,13
28406,106,124,-18,18
28407,161,154,7,7
28408,77,64,13,13
28409,76,83,-7,7
28410,96,97,-1,1
28411,107,112,-5,5
28412,85,224,-139,139
28413,79,79,0,0
28414,102,103,-1,1
28415,57,58,-1,1
28416,79,77,2,2
28417,76,85,-9,9
28418,82,88,-6,6
28419,56,56,0,0
28420,84,67,17,17
28421,110,98,12,12
28422,183,158,25,25
28423,118,123,-5,5
28424,100,82,18,18
28425,109,96,13,13
28426,101,104,-3,3
28427,57,57,0,0
28428,89,111,-22,22
28429,148,144,4,4
28430,202,200,2,2
28431,137,145,-8,8
28432,91,85,6,6
28433,112,92,20,20
28434,68,65,3,3
28435,83,79,4,4
28436,72,61,11,11
28437,79,81,-2,2
28438,116,112,4,4
28439,54,51,3,3
28440,87,92,-5,5
28441,82,81,1,1
28442,104,96,8,8
28443,126,115,11,11
28444,106,110,-4,4
28445,116,112,4,4
28446,91,96,-5,5
28447,77,76,1,1
28448,123,147,-24,24
28449,145,144,1,1
28450,88,77,11,11
28451,95,113,-18,18
28452,79,87,-8,8
28453,91,97,-6,6
28454,133,130,3,3
28455,165,177,-12,12
28456,61,49,12,12
28457,63,64,-1,1
28458,120,114,6,6
28459,54,44,10,10
28460,145,136,9,9
28461,130,140,-10,10
28462,68,43,25,25
28463,55,53,2,2
28464,90,86,4,4
28465,102,97,5,5
28466,52,57,-5,5
28467,102,94,8,8
28468,162,161,1,1
28469,85,93,-8,8
28470,81,87,-6,6
28471,57,57,0,0
28472,82,81,1,1
28473,135,103,32,32
28474,43,55,-12,12
28475,82,83,-1,1
28476,66,67,-1,1
28477,102,88,14,14
28478,70,78,-8,8
28479,151,144,7,7
28480,127,131,-4,4
28481,77,100,-23,23
28482,137,118,19,19
28483,83,80,3,3
28484,183,173,10,10
28485,43,38,5,5
28486,129,125,4,4
28487,58,64,-6,6
28488,73,75,-2,2
28489,67,68,-1,1
28490,57,57,0,0
28491,133,142,-9,9
28492,76,81,-5,5
28493,87,85,2,2
28494,76,78,-2,2
28495,99,89,10,10
28496,95,96,-1,1
28497,56,60,-4,4
28498,146,144,2,2
28499,123,104,19,19
28500,93,126,-33,33
28501,71,70,1,1
28502,97,88,9,9
28503,122,112,10,10
28504,97,114,-17,17
28505,86,75,11,11
28506,87,92,-5,5
28507,134,125,9,9
28508,99,101,-2,2
28509,135,127,8,8
28510,85,83,2,2
28511,132,153,-21,21
28512,54,59,-5,5
28513,77,78,-1,1
28514,63,74,-11,11
28515,138,135,3,3
28516,58,58,0,0
28517,141,137,4,4
28518,161,161,0,0
28519,105,120,-15,15
28520,107,115,-8,8
28521,153,162,-9,9
28522,90,100,-10,10
28523,147,150,-3,3
28524,92,89,3,3
28525,34,27,7,7
28526,90,94,-4,4
28527,50,63,-13,13
28528,83,73,10,10
28529,127,141,-14,14
28530,59,54,5,5
28531,57,61,-4,4
28532,115,117,-2,2
28533,91,93,-2,2
28534,143,136,7,7
28535,119,112,7,7
28536,97,105,-8,8
28537,155,159,-4,4
28538,128,126,2,2
28539,67,64,3,3
28540,60,60,0,0
28541,103,95,8,8
28542,128,129,-1,1
28543,100,91,9,9
28544,71,74,-3,3
28545,85,89,-4,4
28546,74,71,3,3
28547,172,150,22,22
28548,73,63,10,10
28549,51,49,2,2
28550,76,80,-4,4
28551,110,113,-3,3
28552,125,100,25,25
28553,49,47,2,2
28554,145,142,3,3
28555,81,72,9,9
28556,79,89,-10,10
28557,108,101,7,7
28558,95,91,4,4
28559,66,49,17,17
28560,78,75,3,3
28561,41,43,-2,2
28562,89,67,22,22
28563,60,59,1,1
28564,88,80,8,8
28565,54,66,-12,12
28566,112,101,11,11
28567,135,120,15,15
28568,123,123,0,0
28569,76,90,-14,14
28570,82,72,10,10
28571,38,46,-8,8
28572,51,57,-6,6
28573,33,44,-11,11
28574,100,80,20,20
28575,64,68,-4,4
28576,98,110,-12,12
28577,104,94,10,10
28578,108,118,-10,10
28579,112,105,7,7
28580,54,55,-1,1
28581,75,74,1,1
28582,89,99,-10,10
28583,137,125,12,12
28584,66,45,21,21
28585,81,83,-2,2
28586,91,91,0,0
28587,84,80,4,4
28588,52,49,3,3
28589,64,60,4,4
28590,176,173,3,3
28591,59,57,2,2
28592,70,61,9,9
28593,69,56,13,13
28594,83,124,-41,41
28595,71,72,-1,1
28596,61,69,-8,8
28597,65,62,3,3
28598,94,108,-14,14
28599,53,66,-13,13
28600,66,54,12,12
28601,93,94,-1,1
28602,66,70,-4,4
28603,75,76,-1,1
28604,96,118,-22,22
28605,66,64,2,2
28606,158,117,41,41
28607,80,78,2,2
28608,67,61,6,6
28609,67,69,-2,2
28610,79,74,5,5
28611,57,57,0,0
28612,66,72,-6,6
28613,44,43,1,1
28614,59,60,-1,1
28615,150,127,23,23
28616,128,113,15,15
28617,74,68,6,6
28618,38,58,-20,20
28619,51,62,-11,11
28620,123,121,2,2
28621,61,55,6,6
28622,77,65,12,12
28623,61,64,-3,3
28624,94,75,19,19
28625,104,112,-8,8
28626,62,73,-11,11
28627,115,109,6,6
28628,122,112,10,10
28629,96,92,4,4
28630,84,87,-3,3
28631,119,104,15,15
28632,99,99,0,0
28633,85,80,5,5
28634,118,107,11,11
28635,144,128,16,16
28636,54,57,-3,3
28637,152,151,1,1
28638,47,49,-2,2
28639,67,75,-8,8
28640,81,81,0,0
28641,125,130,-5,5
28642,104,94,10,10
28643,63,70,-7,7
28644,71,63,8,8
28645,56,54,2,2
28646,144,135,9,9
28647,125,140,-15,15
28648,64,61,3,3
28649,108,108,0,0
28650,87,74,13,13
28651,66,68,-2,2
28652,83,82,1,1
28653,102,102,0,0
28654,120,110,10,10
28655,114,110,4,4
28656,114,108,6,6
28657,148,139,9,9
28658,100,101,-1,1
28659,76,65,11,11
28660,53,56,-3,3
28661,104,108,-4,4
28662,101,105,-4,4
28663,93,86,7,7
28664,50,53,-3,3
28665,47,48,-1,1
28666,137,124,13,13
28667,109,117,-8,8
28668,83,100,-17,17
28669,32,56,-24,24
28670,69,66,3,3
28671,92,86,6,6
28672,78,81,-3,3
28673,96,114,-18,18
28674,92,70,22,22
28675,53,44,9,9
28676,144,143,1,1
28677,107,93,14,14
28678,112,104,8,8
28679,72,68,4,4
28680,108,112,-4,4
28681,84,66,18,18
28682,54,55,-1,1
28683,82,91,-9,9
28684,98,86,12,12
28685,73,92,-19,19
28686,50,90,-40,40
28687,89,85,4,4
28688,66,56,10,10
28689,140,127,13,13
28690,97,99,-2,2
28691,77,83,-6,6
28692,106,94,12,12
28693,73,74,-1,1
28694,122,120,2,2
28695,80,77,3,3
28696,60,60,0,0
28697,90,74,16,16
28698,83,83,0,0
28699,86,84,2,2
28700,33,34,-1,1
28701,134,134,0,0
28702,117,119,-2,2
28703,60,58,2,2
28704,116,110,6,6
28705,110,120,-10,10
28706,129,124,5,5
28707,88,83,5,5
28708,76,76,0,0
28709,171,163,8,8
28710,98,107,-9,9
28711,100,98,2,2
28712,66,72,-6,6
28713,140,125,15,15
28714,101,81,20,20
28715,61,58,3,3
28716,89,87,2,2
28717,93,103,-10,10
28718,101,98,3,3
28719,63,60,3,3
28720,85,89,-4,4
28721,94,99,-5,5
28722,114,136,-22,22
28723,104,113,-9,9
28724,78,76,2,2
28725,108,133,-25,25
28726,57,59,-2,2
28727,38,40,-2,2
28728,69,72,-3,3
28729,106,103,3,3
28730,77,72,5,5
28731,235,238,-3,3
28732,98,102,-4,4
28733,111,108,3,3
28734,70,82,-12,12
28735,102,105,-3,3
28736,92,95,-3,3
28737,67,69,-2,2
28738,83,88,-5,5
28739,71,60,11,11
28740,92,64,28,28
28741,59,55,4,4
28742,90,86,4,4
28743,71,70,1,1
28744,52,51,1,1
28745,109,92,17,17
28746,105,116,-11,11
28747,79,68,11,11
28748,81,76,5,5
28749,84,80,4,4
28750,80,70,10,10
28751,56,65,-9,9
28752,84,84,0,0
28753,44,54,-10,10
28754,85,94,-9,9
28755,62,56,6,6
28756,83,76,7,7
28757,59,74,-15,15
28758,92,85,7,7
28759,99,103,-4,4
28760,131,147,-16,16
28761,58,59,-1,1
28762,164,154,10,10
28763,132,116,16,16
28764,73,66,7,7
28765,82,86,-4,4
28766,57,50,7,7
28767,97,106,-9,9
28768,26,23,3,3
28769,107,104,3,3
28770,88,68,20,20
28771,84,91,-7,7
28772,82,90,-8,8
28773,141,147,-6,6
28774,78,67,11,11
28775,146,149,-3,3
28776,84,75,9,9
28777,93,95,-2,2
28778,74,71,3,3
28779,139,128,11,11
28780,125,124,1,1
28781,65,64,1,1
28782,101,110,-9,9
28783,114,125,-11,11
28784,54,56,-2,2
28785,99,90,9,9
28786,83,134,-51,51
28787,128,121,7,7
28788,90,83,7,7
28789,77,74,3,3
28790,68,50,18,18
28791,78,91,-13,13
28792,76,73,3,3
28793,85,86,-1,1
28794,106,105,1,1
28795,207,157,50,50
28796,105,113,-8,8
28797,110,119,-9,9
28798,86,80,6,6
28799,166,139,27,27
28800,118,131,-13,13
28801,99,102,-3,3
28802,80,92,-12,12
28803,27,32,-5,5
28804,125,110,15,15
28805,92,97,-5,5
28806,85,72,13,13
28807,91,86,5,5
28808,61,58,3,3
28809,86,83,3,3
28810,50,49,1,1
28811,101,109,-8,8
28812,79,66,13,13
28813,82,101,-19,19
28814,63,51,12,12
28815,100,96,4,4
28816,103,85,18,18
28817,150,142,8,8
28818,86,70,16,16
28819,72,69,3,3
28820,54,55,-1,1
28821,136,147,-11,11
28822,60,69,-9,9
28823,118,120,-2,2
28824,64,51,13,13
28825,78,71,7,7
28826,76,66,10,10
28827,145,144,1,1
28828,62,69,-7,7
28829,98,97,1,1
28830,100,108,-8,8
28831,142,140,2,2
28832,77,89,-12,12
28833,81,94,-13,13
28834,79,71,8,8
28835,78,72,6,6
28836,84,86,-2,2
28837,63,63,0,0
28838,94,106,-12,12
28839,89,83,6,6
28840,78,74,4,4
28841,132,142,-10,10
28842,151,128,23,23
28843,156,160,-4,4
28844,41,68,-27,27
28845,106,112,-6,6
28846,99,88,11,11
28847,42,43,-1,1
28848,79,75,4,4
28849,60,65,-5,5
28850,136,122,14,14
28851,130,139,-9,9
28852,136,134,2,2
28853,81,62,19,19
28854,112,110,2,2
28855,60,65,-5,5
28856,93,68,25,25
28857,103,102,1,1
28858,180,173,7,7
28859,93,78,15,15
28860,172,179,-7,7
28861,95,87,8,8
28862,79,75,4,4
28863,55,47,8,8
28864,105,113,-8,8
28865,118,110,8,8
28866,111,104,7,7
28867,66,70,-4,4
28868,146,131,15,15
28869,81,107,-26,26
28870,75,63,12,12
28871,79,81,-2,2
28872,64,76,-12,12
28873,97,100,-3,3
28874,103,102,1,1
28875,68,67,1,1
28876,74,72,2,2
28877,80,76,4,4
28878,90,75,15,15
28879,59,58,1,1
28880,109,105,4,4
28881,90,88,2,2
28882,71,78,-7,7
28883,108,108,0,0
28884,83,65,18,18
28885,130,122,8,8
28886,85,85,0,0
28887,49,64,-15,15
28888,73,72,1,1
28889,104,105,-1,1
28890,131,130,1,1
28891,69,64,5,5
28892,102,96,6,6
28893,74,79,-5,5
28894,58,57,1,1
28895,167,149,18,18
28896,144,172,-28,28
28897,108,108,0,0
28898,70,62,8,8
28899,84,82,2,2
28900,50,52,-2,2
28901,68,65,3,3
28902,128,132,-4,4
28903,106,109,-3,3
28904,63,54,9,9
28905,61,51,10,10
28906,82,79,3,3
28907,100,103,-3,3
28908,92,94,-2,2
28909,75,84,-9,9
28910,132,140,-8,8
28911,85,92,-7,7
28912,183,163,20,20
28913,115,104,11,11
28914,125,148,-23,23
28915,99,104,-5,5
28916,102,111,-9,9
28917,125,125,0,0
28918,75,71,4,4
28919,173,157,16,16
28920,66,67,-1,1
28921,90,88,2,2
28922,88,85,3,3
28923,124,116,8,8
28924,70,62,8,8
28925,93,81,12,12
28926,64,60,4,4
28927,60,54,6,6
28928,134,147,-13,13
28929,104,99,5,5
28930,44,50,-6,6
28931,109,93,16,16
28932,68,57,11,11
28933,81,75,6,6
28934,103,116,-13,13
28935,99,103,-4,4
28936,80,78,2,2
28937,104,119,-15,15
28938,67,79,-12,12
28939,126,114,12,12
28940,53,57,-4,4
28941,135,130,5,5
28942,95,78,17,17
28943,95,90,5,5
28944,63,68,-5,5
28945,140,131,9,9
28946,71,79,-8,8
28947,79,71,8,8
28948,47,89,-42,42
28949,87,95,-8,8
28950,57,62,-5,5
28951,81,79,2,2
28952,53,45,8,8
28953,88,91,-3,3
28954,109,116,-7,7
28955,85,86,-1,1
28956,114,112,2,2
28957,81,80,1,1
28958,85,92,-7,7
28959,95,90,5,5
28960,61,68,-7,7
28961,65,65,0,0
28962,47,111,-64,64
28963,57,50,7,7
28964,66,77,-11,11
28965,86,91,-5,5
28966,76,83,-7,7
28967,143,141,2,2
28968,79,101,-22,22
28969,87,73,14,14
28970,99,94,5,5
28971,103,119,-16,16
28972,83,72,11,11
28973,116,118,-2,2
28974,128,139,-11,11
28975,159,145,14,14
28976,113,112,1,1
28977,124,124,0,0
28978,81,88,-7,7
28979,66,56,10,10
28980,82,60,22,22
28981,58,67,-9,9
28982,101,100,1,1
28983,67,82,-15,15
28984,97,87,10,10
28985,78,92,-14,14
28986,104,107,-3,3
28987,117,127,-10,10
28988,82,90,-8,8
28989,125,138,-13,13
28990,152,140,12,12
28991,92,93,-1,1
28992,128,106,22,22
28993,68,65,3,3
28994,101,101,0,0
28995,96,95,1,1
28996,98,97,1,1
28997,134,116,18,18
28998,106,105,1,1
28999,54,45,9,9
29000,88,101,-13,13
29001,66,63,3,3
29002,99,88,11,11
29003,82,76,6,6
29004,118,131,-13,13
29005,66,59,7,7
29006,96,90,6,6
29007,139,132,7,7
29008,25,26,-1,1
29009,123,108,15,15
29010,130,139,-9,9
29011,92,89,3,3
29012,80,106,-26,26
29013,67,51,16,16
29014,71,63,8,8
29015,92,96,-4,4
29016,113,98,15,15
29017,67,78,-11,11
29018,58,61,-3,3
29019,39,87,-48,48
29020,78,80,-2,2
29021,113,106,7,7
29022,50,56,-6,6
29023,66,73,-7,7
29024,88,90,-2,2
29025,88,77,11,11
29026,131,114,17,17
29027,64,78,-14,14
29028,91,89,2,2
29029,101,87,14,14
29030,110,99,11,11
29031,56,55,1,1
29032,77,73,4,4
29033,129,129,0,0
29034,91,111,-20,20
29035,97,106,-9,9
29036,98,104,-6,6
29037,75,74,1,1
29038,109,93,16,16
29039,64,67,-3,3
29040,71,69,2,2
29041,54,65,-11,11
29042,59,65,-6,6
29043,145,154,-9,9
29044,86,81,5,5
29045,56,56,0,0
29046,79,82,-3,3
29047,114,117,-3,3
29048,65,71,-6,6
29049,104,105,-1,1
29050,61,71,-10,10
29051,155,133,22,22
29052,106,98,8,8
29053,48,62,-14,14
29054,173,152,21,21
29055,31,54,-23,23
29056,87,101,-14,14
29057,147,150,-3,3
29058,79,91,-12,12
29059,92,99,-7,7
29060,100,93,7,7
29061,118,129,-11,11
29062,83,83,0,0
29063,72,69,3,3
29064,101,90,11,11
29065,83,82,1,1
29066,94,98,-4,4
29067,103,116,-13,13
29068,73,71,2,2
29069,179,178,1,1
29070,115,97,18,18
29071,85,81,4,4
29072,101,95,6,6
29073,130,128,2,2
29074,155,163,-8,8
29075,65,57,8,8
29076,116,114,2,2
29077,71,95,-24,24
29078,78,81,-3,3
29079,129,130,-1,1
29080,78,68,10,10
29081,141,123,18,18
29082,139,121,18,18
29083,90,79,11,11
29084,174,162,12,12
29085,92,103,-11,11
29086,76,75,1,1
29087,40,64,-24,24
29088,36,39,-3,3
29089,78,66,12,12
29090,89,96,-7,7
29091,63,65,-2,2
29092,79,65,14,14
29093,127,114,13,13
29094,61,67,-6,6
29095,118,128,-10,10
29096,112,92,20,20
29097,131,129,2,2
29098,78,74,4,4
29099,95,86,9,9
29100,75,89,-14,14
29101,170,157,13,13
29102,97,96,1,1
29103,62,61,1,1
29104,130,129,1,1
29105,116,132,-16,16
29106,72,78,-6,6
29107,89,84,5,5
29108,95,102,-7,7
29109,82,79,3,3
29110,54,56,-2,2
29111,102,89,13,13
29112,106,104,2,2
29113,138,132,6,6
29114,90,89,1,1
29115,53,64,-11,11
29116,111,96,15,15
29117,91,83,8,8
29118,84,76,8,8
29119,116,97,19,19
29120,119,98,21,21
29121,82,79,3,3
29122,102,97,5,5
29123,64,60,4,4
29124,40,55,-15,15
29125,104,109,-5,5
29126,73,71,2,2
29127,92,77,15,15
29128,127,106,21,21
29129,155,151,4,4
29130,82,86,-4,4
29131,86,88,-2,2
29132,61,55,6,6
29133,136,126,10,10
29134,123,127,-4,4
29135,40,48,-8,8
29136,103,93,10,10
29137,145,148,-3,3
29138,92,92,0,0
29139,60,84,-24,24
29140,71,72,-1,1
29141,63,72,-9,9
29142,51,53,-2,2
29143,92,90,2,2
29144,48,62,-14,14
29145,66,108,-42,42
29146,165,156,9,9
29147,114,103,11,11
29148,48,48,0,0
29149,121,102,19,19
29150,134,143,-9,9
29151,68,62,6,6
29152,34,55,-21,21
29153,68,62,6,6
29154,72,69,3,3
29155,63,64,-1,1
29156,59,64,-5,5
29157,94,103,-9,9
29158,59,55,4,4
29159,77,73,4,4
29160,119,111,8,8
29161,134,130,4,4
29162,120,114,6,6
29163,90,85,5,5
29164,79,70,9,9
29165,70,68,2,2
29166,103,103,0,0
29167,111,91,20,20
29168,62,60,2,2
29169,139,132,7,7
29170,138,143,-5,5
29171,213,199,14,14
29172,73,71,2,2
29173,116,112,4,4
29174,135,133,2,2
29175,77,71,6,6
29176,89,81,8,8
29177,40,39,1,1
29178,82,75,7,7
29179,101,110,-9,9
29180,81,95,-14,14
29181,159,160,-1,1
29182,89,99,-10,10
29183,74,81,-7,7
29184,106,102,4,4
29185,53,59,-6,6
29186,98,118,-20,20
29187,96,98,-2,2
29188,116,125,-9,9
29189,68,72,-4,4
29190,74,77,-3,3
29191,167,172,-5,5
29192,90,99,-9,9
29193,106,100,6,6
29194,62,51,11,11
29195,46,52,-6,6
29196,68,79,-11,11
29197,73,71,2,2
29198,78,86,-8,8
29199,58,57,1,1
29200,129,126,3,3
29201,79,83,-4,4
29202,92,81,11,11
29203,34,54,-20,20
29204,81,90,-9,9
29205,73,65,8,8
29206,171,167,4,4
29207,90,103,-13,13
29208,70,79,-9,9
29209,199,201,-2,2
29210,68,68,0,0
29211,161,148,13,13
29212,46,27,19,19
29213,61,62,-1,1
29214,112,110,2,2
29215,133,119,14,14
29216,91,77,14,14
29217,80,84,-4,4
29218,160,128,32,32
29219,90,97,-7,7
29220,103,91,12,12
29221,87,73,14,14
29222,148,134,14,14
29223,183,105,78,78
29224,87,86,1,1
29225,161,159,2,2
29226,80,72,8,8
29227,128,126,2,2
29228,123,128,-5,5
29229,159,159,0,0
29230,48,49,-1,1
29231,77,77,0,0
29232,87,78,9,9
29233,53,46,7,7
29234,118,107,11,11
29235,89,62,27,27
29236,76,67,9,9
29237,145,145,0,0
29238,125,112,13,13
29239,97,104,-7,7
29240,49,50,-1,1
29241,62,71,-9,9
29242,81,87,-6,6
29243,136,135,1,1
29244,100,101,-1,1
29245,187,209,-22,22
29246,105,113,-8,8
29247,176,143,33,33
29248,113,106,7,7
29249,115,115,0,0
29250,86,80,6,6
29251,120,103,17,17
29252,74,78,-4,4
29253,86,105,-19,19
29254,99,116,-17,17
29255,70,66,4,4
29256,109,115,-6,6
29257,110,96,14,14
29258,102,112,-10,10
29259,156,148,8,8
29260,107,120,-13,13
29261,53,54,-1,1
29262,121,114,7,7
29263,97,103,-6,6
29264,103,113,-10,10
29265,66,57,9,9
29266,108,122,-14,14
29267,59,64,-5,5
29268,64,75,-11,11
29269,70,72,-2,2
29270,86,81,5,5
29271,118,117,1,1
29272,61,62,-1,1
29273,120,105,15,15
29274,112,101,11,11
29275,176,162,14,14
29276,61,63,-2,2
29277,89,101,-12,12
29278,115,100,15,15
29279,112,97,15,15
29280,110,115,-5,5
29281,92,94,-2,2
29282,124,126,-2,2
29283,60,56,4,4
29284,70,68,2,2
29285,98,77,21,21
29286,77,77,0,0
29287,60,57,3,3
29288,149,158,-9,9
29289,135,130,5,5
29290,71,72,-1,1
29291,47,51,-4,4
29292,141,132,9,9
29293,76,75,1,1
29294,85,86,-1,1
29295,66,66,0,0
29296,86,83,3,3
29297,144,143,1,1
29298,74,70,4,4
29299,181,170,11,11
29300,79,80,-1,1
29301,106,98,8,8
29302,138,132,6,6
29303,91,82,9,9
29304,76,71,5,5
29305,140,126,14,14
29306,77,82,-5,5
29307,54,75,-21,21
29308,71,74,-3,3
29309,110,99,11,11
29310,90,83,7,7
29311,116,121,-5,5
29312,83,76,7,7
29313,59,68,-9,9
29314,92,88,4,4
29315,144,138,6,6
29316,67,59,8,8
29317,105,101,4,4
29318,62,58,4,4
29319,136,136,0,0
29320,111,116,-5,5
29321,64,67,-3,3
29322,73,59,14,14
29323,86,89,-3,3
29324,84,74,10,10
29325,74,80,-6,6
29326,135,137,-2,2
29327,119,111,8,8
29328,83,81,2,2
29329,102,94,8,8
29330,84,81,3,3
29331,66,122,-56,56
29332,47,54,-7,7
29333,97,88,9,9
29334,106,101,5,5
29335,75,68,7,7
29336,108,122,-14,14
29337,154,137,17,17
29338,91,78,13,13
29339,75,76,-1,1
29340,155,137,18,18
29341,75,83,-8,8
29342,211,192,19,19
29343,69,67,2,2
29344,52,53,-1,1
29345,84,66,18,18
29346,89,85,4,4
29347,79,75,4,4
29348,78,75,3,3
29349,90,90,0,0
29350,305,268,37,37
29351,83,90,-7,7
29352,193,183,10,10
29353,124,139,-15,15
29354,46,41,5,5
29355,85,77,8,8
29356,84,84,0,0
29357,98,87,11,11
29358,72,76,-4,4
29359,60,87,-27,27
29360,102,96,6,6
29361,92,86,6,6
29362,102,102,0,0
29363,74,102,-28,28
29364,114,104,10,10
29365,86,97,-11,11
29366,114,115,-1,1
29367,151,153,-2,2
29368,91,89,2,2
29369,78,75,3,3
29370,153,152,1,1
29371,80,91,-11,11
29372,108,106,2,2
29373,88,74,14,14
29374,153,138,15,15
29375,71,77,-6,6
29376,95,101,-6,6
29377,127,112,15,15
29378,139,133,6,6
29379,46,61,-15,15
29380,124,117,7,7
29381,93,94,-1,1
29382,114,114,0,0
29383,93,82,11,11
29384,67,59,8,8
29385,110,116,-6,6
29386,63,65,-2,2
29387,70,70,0,0
29388,87,84,3,3
29389,122,115,7,7
29390,107,109,-2,2
29391,153,138,15,15
29392,94,94,0,0
29393,101,99,2,2
29394,78,83,-5,5
29395,82,101,-19,19
29396,88,83,5,5
29397,94,79,15,15
29398,37,46,-9,9
29399,67,69,-2,2
29400,85,102,-17,17
29401,105,89,16,16
29402,40,114,-74,74
29403,194,150,44,44
29404,123,112,11,11
29405,87,76,11,11
29406,102,91,11,11
29407,145,132,13,13
29408,68,68,0,0
29409,159,137,22,22
29410,82,88,-6,6
29411,83,61,22,22
29412,82,75,7,7
29413,69,64,5,5
29414,103,72,31,31
29415,105,96,9,9
29416,100,120,-20,20
29417,55,60,-5,5
29418,80,77,3,3
29419,73,80,-7,7
29420,51,59,-8,8
29421,124,109,15,15
29422,52,70,-18,18
29423,115,115,0,0
29424,116,99,17,17
29425,101,108,-7,7
29426,63,71,-8,8
29427,52,56,-4,4
29428,84,69,15,15
29429,142,131,11,11
29430,71,69,2,2
29431,82,90,-8,8
29432,85,100,-15,15
29433,74,71,3,3
29434,61,46,15,15
29435,107,110,-3,3
29436,98,91,7,7
29437,80,83,-3,3
29438,69,70,-1,1
29439,64,63,1,1
29440,137,117,20,20
29441,77,77,0,0
29442,94,102,-8,8
29443,86,77,9,9
29444,60,65,-5,5
29445,54,60,-6,6
29446,62,61,1,1
29447,86,73,13,13
29448,60,53,7,7
29449,64,67,-3,3
29450,91,88,3,3
29451,71,61,10,10
29452,78,85,-7,7
29453,104,96,8,8
29454,103,105,-2,2
29455,167,181,-14,14
29456,129,122,7,7
29457,125,145,-20,20
29458,108,112,-4,4
29459,77,87,-10,10
29460,121,120,1,1
29461,77,71,6,6
29462,61,61,0,0
29463,67,62,5,5
29464,96,92,4,4
29465,113,129,-16,16
29466,70,71,-1,1
29467,79,76,3,3
29468,91,87,4,4
29469,86,77,9,9
29470,74,68,6,6
29471,78,84,-6,6
29472,117,102,15,15
29473,82,70,12,12
29474,79,84,-5,5
29475,138,156,-18,18
29476,92,84,8,8
29477,69,55,14,14
29478,81,97,-16,16
29479,73,70,3,3
29480,100,105,-5,5
29481,51,46,5,5
29482,60,52,8,8
29483,109,106,3,3
29484,131,136,-5,5
29485,71,85,-14,14
29486,77,79,-2,2
29487,97,110,-13,13
29488,69,63,6,6
29489,124,105,19,19
29490,69,58,11,11
29491,131,130,1,1
29492,87,93,-6,6
29493,178,176,2,2
29494,111,107,4,4
29495,122,108,14,14
29496,155,146,9,9
29497,136,122,14,14
29498,113,113,0,0
29499,64,69,-5,5
29500,111,110,1,1
29501,94,98,-4,4
29502,58,71,-13,13
29503,89,86,3,3
29504,82,76,6,6
29505,87,101,-14,14
29506,50,51,-1,1
29507,79,75,4,4
29508,140,125,15,15
29509,134,149,-15,15
29510,119,107,12,12
29511,140,150,-10,10
29512,119,115,4,4
29513,52,48,4,4
29514,124,141,-17,17
29515,131,88,43,43
29516,45,49,-4,4
29517,70,66,4,4
29518,99,101,-2,2
29519,82,82,0,0
29520,73,72,1,1
29521,120,125,-5,5
29522,107,115,-8,8
29523,88,83,5,5
29524,82,76,6,6
29525,59,61,-2,2
29526,90,100,-10,10
29527,56,55,1,1
29528,113,119,-6,6
29529,78,62,16,16
29530,61,68,-7,7
29531,89,99,-10,10
29532,44,49,-5,5
29533,62,54,8,8
29534,111,115,-4,4
29535,75,75,0,0
29536,74,73,1,1
29537,79,78,1,1
29538,89,93,-4,4
29539,94,88,6,6
29540,116,121,-5,5
29541,120,109,11,11
29542,180,170,10,10
29543,48,49,-1,1
29544,85,81,4,4
29545,112,99,13,13
29546,114,111,3,3
29547,78,67,11,11
29548,111,124,-13,13
29549,71,62,9,9
29550,64,64,0,0
29551,47,55,-8,8
29552,85,87,-2,2
29553,90,97,-7,7
29554,137,120,17,17
29555,138,124,14,14
29556,64,51,13,13
29557,78,59,19,19
29558,42,46,-4,4
29559,98,95,3,3
29560,59,45,14,14
29561,76,87,-11,11
29562,106,112,-6,6
29563,33,38,-5,5
29564,121,116,5,5
29565,108,95,13,13
29566,76,82,-6,6
29567,64,67,-3,3
29568,73,63,10,10
29569,112,108,4,4
29570,105,100,5,5
29571,59,63,-4,4
29572,205,173,32,32
29573,78,73,5,5
29574,79,89,-10,10
29575,123,110,13,13
29576,83,90,-7,7
29577,115,118,-3,3
29578,75,75,0,0
29579,86,88,-2,2
29580,111,127,-16,16
29581,82,108,-26,26
29582,157,154,3,3
29583,58,69,-11,11
29584,101,91,10,10
29585,99,92,7,7
29586,96,91,5,5
29587,133,152,-19,19
29588,93,92,1,1
29589,79,67,12,12
29590,87,71,16,16
29591,101,105,-4,4
29592,73,70,3,3
29593,76,64,12,12
29594,110,101,9,9
29595,100,104,-4,4
29596,87,84,3,3
29597,126,132,-6,6
29598,81,72,9,9
29599,70,77,-7,7
29600,139,138,1,1
29601,74,71,3,3
29602,147,124,23,23
29603,92,92,0,0
29604,133,113,20,20
29605,87,88,-1,1
29606,96,89,7,7
29607,70,97,-27,27
29608,75,75,0,0
29609,121,122,-1,1
29610,88,88,0,0
29611,96,98,-2,2
29612,196,102,94,94
29613,90,107,-17,17
29614,110,107,3,3
29615,59,69,-10,10
29616,131,128,3,3
29617,56,51,5,5
29618,98,115,-17,17
29619,94,86,8,8
29620,73,87,-14,14
29621,52,47,5,5
29622,97,88,9,9
29623,119,117,2,2
29624,94,82,12,12
29625,144,137,7,7
29626,128,130,-2,2
29627,81,69,12,12
29628,101,92,9,9
29629,138,127,11,11
29630,68,63,5,5
29631,124,102,22,22
29632,61,67,-6,6
29633,118,111,7,7
29634,69,71,-2,2
29635,84,83,1,1
29636,175,136,39,39
29637,54,63,-9,9
29638,72,86,-14,14
29639,82,70,12,12
29640,102,93,9,9
29641,107,104,3,3
29642,110,101,9,9
29643,128,133,-5,5
29644,132,134,-2,2
29645,80,67,13,13
29646,60,81,-21,21
29647,54,49,5,5
29648,89,94,-5,5
29649,90,105,-15,15
29650,62,74,-12,12
29651,64,82,-18,18
29652,74,74,0,0
29653,123,203,-80,80
29654,77,66,11,11
29655,79,78,1,1
29656,88,85,3,3
29657,77,79,-2,2
29658,96,106,-10,10
29659,80,78,2,2
29660,104,105,-1,1
29661,46,42,4,4
29662,70,73,-3,3
29663,93,94,-1,1
29664,103,92,11,11
29665,117,89,28,28
29666,80,76,4,4
29667,93,85,8,8
29668,88,95,-7,7
29669,101,98,3,3
29670,69,66,3,3
29671,97,102,-5,5
29672,56,53,3,3
29673,101,90,11,11
29674,122,120,2,2
29675,95,86,9,9
29676,113,116,-3,3
29677,150,129,21,21
29678,164,162,2,2
29679,87,85,2,2
29680,128,128,0,0
29681,66,73,-7,7
29682,68,66,2,2
29683,120,126,-6,6
29684,151,156,-5,5
29685,72,64,8,8
29686,89,95,-6,6
29687,231,240,-9,9
29688,49,85,-36,36
29689,68,63,5,5
29690,81,73,8,8
29691,96,93,3,3
29692,123,109,14,14
29693,88,80,8,8
29694,188,183,5,5
29695,78,65,13,13
29696,78,84,-6,6
29697,105,101,4,4
29698,102,106,-4,4
29699,74,86,-12,12
29700,74,74,0,0
29701,63,86,-23,23
29702,106,98,8,8
29703,90,74,16,16
29704,100,112,-12,12
29705,106,114,-8,8
29706,74,72,2,2
29707,75,76,-1,1
29708,119,132,-13,13
29709,115,127,-12,12
29710,125,110,15,15
29711,106,102,4,4
29712,113,121,-8,8
29713,81,74,7,7
29714,84,81,3,3
29715,79,86,-7,7
29716,129,119,10,10
29717,55,55,0,0
29718,99,99,0,0
29719,88,92,-4,4
29720,129,111,18,18
29721,92,93,-1,1
29722,113,119,-6,6
29723,67,61,6,6
29724,96,97,-1,1
29725,64,61,3,3
29726,132,145,-13,13
29727,172,154,18,18
29728,104,102,2,2
29729,83,68,15,15
29730,70,81,-11,11
29731,104,106,-2,2
29732,78,65,13,13
29733,66,79,-13,13
29734,81,74,7,7
29735,63,69,-6,6
29736,74,81,-7,7
29737,109,90,19,19
29738,70,69,1,1
29739,91,79,12,12
29740,95,94,1,1
29741,76,83,-7,7
29742,68,62,6,6
29743,92,93,-1,1
29744,65,66,-1,1
29745,36,42,-6,6
29746,105,106,-1,1
29747,110,110,0,0
29748,121,123,-2,2
29749,49,64,-15,15
29750,98,77,21,21
29751,117,111,6,6
29752,52,93,-41,41
29753,84,81,3,3
29754,148,148,0,0
29755,63,60,3,3
29756,63,75,-12,12
29757,92,93,-1,1
29758,85,82,3,3
29759,93,91,2,2
29760,88,72,16,16
29761,80,76,4,4
29762,83,88,-5,5
29763,61,59,2,2
29764,76,76,0,0
29765,81,83,-2,2
29766,75,57,18,18
29767,61,56,5,5
29768,110,108,2,2
29769,91,84,7,7
29770,63,56,7,7
29771,126,124,2,2
29772,102,91,11,11
29773,102,94,8,8
29774,107,94,13,13
29775,49,45,4,4
29776,71,84,-13,13
29777,70,96,-26,26
29778,94,98,-4,4
29779,201,183,18,18
29780,80,80,0,0
29781,62,67,-5,5
29782,97,95,2,2
29783,77,72,5,5
29784,74,104,-30,30
29785,55,67,-12,12
29786,88,87,1,1
29787,27,59,-32,32
29788,64,60,4,4
29789,95,118,-23,23
29790,74,79,-5,5
29791,99,116,-17,17
29792,68,61,7,7
29793,65,79,-14,14
29794,97,100,-3,3
29795,73,74,-1,1
29796,88,126,-38,38
29797,121,132,-11,11
29798,102,93,9,9
29799,101,109,-8,8
29800,78,82,-4,4
29801,156,143,13,13
29802,76,84,-8,8
29803,66,60,6,6
29804,91,93,-2,2
29805,82,70,12,12
29806,150,146,4,4
29807,46,51,-5,5
29808,164,168,-4,4
29809,134,129,5,5
29810,124,117,7,7
29811,75,72,3,3
29812,64,65,-1,1
29813,207,200,7,7
29814,125,123,2,2
29815,143,120,23,23
29816,79,70,9,9
29817,62,68,-6,6
29818,149,154,-5,5
29819,136,139,-3,3
29820,48,45,3,3
29821,117,102,15,15
29822,50,49,1,1
29823,88,82,6,6
29824,62,65,-3,3
29825,37,48,-11,11
29826,142,121,21,21
29827,59,60,-1,1
29828,123,127,-4,4
29829,78,70,8,8
29830,117,121,-4,4
29831,84,89,-5,5
29832,191,173,18,18
29833,176,160,16,16
29834,68,93,-25,25
29835,58,65,-7,7
29836,74,68,6,6
29837,166,157,9,9
29838,178,170,8,8
29839,102,106,-4,4
29840,106,103,3,3
29841,121,140,-19,19
29842,157,156,1,1
29843,60,57,3,3
29844,116,114,2,2
29845,133,145,-12,12
29846,50,47,3,3
29847,90,94,-4,4
29848,138,118,20,20
29849,216,205,11,11
29850,114,109,5,5
29851,107,103,4,4
29852,68,69,-1,1
29853,52,46,6,6
29854,139,135,4,4
29855,98,84,14,14
29856,143,151,-8,8
29857,97,89,8,8
29858,80,82,-2,2
29859,60,52,8,8
29860,104,99,5,5
29861,102,88,14,14
29862,155,150,5,5
29863,157,146,11,11
29864,122,103,19,19
29865,89,88,1,1
29866,68,65,3,3
29867,68,60,8,8
29868,102,108,-6,6
29869,107,116,-9,9
29870,62,56,6,6
29871,145,157,-12,12
29872,92,90,2,2
29873,113,103,10,10
29874,72,63,9,9
29875,67,71,-4,4
29876,86,82,4,4
29877,78,81,-3,3
29878,94,89,5,5
29879,103,87,16,16
29880,145,157,-12,12
29881,74,74,0,0
29882,128,124,4,4
29883,146,115,31,31
29884,54,52,2,2
29885,162,146,16,16
29886,150,151,-1,1
29887,57,57,0,0
29888,118,129,-11,11
29889,37,38,-1,1
29890,121,109,12,12
29891,130,123,7,7
29892,62,62,0,0
29893,66,67,-1,1
29894,119,98,21,21
29895,120,115,5,5
29896,100,93,7,7
29897,121,128,-7,7
29898,85,90,-5,5
29899,99,86,13,13
29900,63,57,6,6
29901,98,88,10,10
29902,62,58,4,4
29903,78,67,11,11
29904,61,54,7,7
29905,110,111,-1,1
29906,90,84,6,6
29907,125,96,29,29
29908,59,55,4,4
29909,83,80,3,3
29910,103,117,-14,14
29911,66,63,3,3
29912,131,127,4,4
29913,72,74,-2,2
29914,56,51,5,5
29915,110,105,5,5
29916,72,73,-1,1
29917,120,125,-5,5
29918,82,83,-1,1
29919,79,73,6,6
29920,169,147,22,22
29921,140,153,-13,13
29922,139,144,-5,5
29923,53,55,-2,2
29924,93,108,-15,15
29925,95,77,18,18
29926,91,79,12,12
29927,96,91,5,5
29928,115,111,4,4
29929,80,70,10,10
29930,61,58,3,3
29931,125,131,-6,6
29932,79,70,9,9
29933,113,92,21,21
29934,113,109,4,4
29935,79,81,-2,2
29936,143,125,18,18
29937,69,86,-17,17
29938,71,93,-22,22
29939,67,70,-3,3
29940,53,57,-4,4
29941,132,146,-14,14
29942,129,134,-5,5
29943,85,78,7,7
29944,107,110,-3,3
29945,143,122,21,21
29946,57,49,8,8
29947,99,95,4,4
29948,54,55,-1,1
29949,102,109,-7,7
29950,64,64,0,0
29951,86,93,-7,7
29952,88,83,5,5
29953,170,156,14,14
29954,71,82,-11,11
29955,127,117,10,10
29956,61,71,-10,10
29957,63,71,-8,8
29958,46,47,-1,1
29959,78,72,6,6
29960,85,92,-7,7
29961,86,74,12,12
29962,91,91,0,0
29963,75,67,8,8
29964,75,73,2,2
29965,73,96,-23,23
29966,74,70,4,4
29967,69,74,-5,5
29968,77,69,8,8
29969,119,112,7,7
29970,77,91,-14,14
29971,143,141,2,2
29972,132,132,0,0
29973,89,86,3,3
29974,60,54,6,6
29975,131,125,6,6
29976,83,70,13,13
29977,80,93,-13,13
29978,92,83,9,9
29979,187,184,3,3
29980,128,142,-14,14
29981,151,139,12,12
29982,44,42,2,2
29983,83,65,18,18
29984,78,70,8,8
29985,81,84,-3,3
29986,73,69,4,4
29987,138,144,-6,6
29988,45,48,-3,3
29989,58,70,-12,12
29990,105,110,-5,5
29991,103,107,-4,4
29992,91,92,-1,1
29993,48,48,0,0
29994,74,79,-5,5
29995,104,87,17,17
29996,69,70,-1,1
29997,62,55,7,7
29998,140,151,-11,11
29999,129,158,-29,29
30000,98,92,6,6
30001,99,102,-3,3
30002,71,59,12,12
30003,149,160,-11,11
30004,101,104,-3,3
30005,114,126,-12,12
30006,181,178,3,3
30007,112,122,-10,10
30008,112,107,5,5
30009,95,89,6,6
30010,133,134,-1,1
30011,168,162,6,6
30012,24,47,-23,23
30013,119,115,4,4
30014,102,93,9,9
30015,84,77,7,7
30016,134,142,-8,8
30017,69,64,5,5
30018,66,70,-4,4
30019,74,60,14,14
30020,113,114,-1,1
30021,64,64,0,0
30022,79,75,4,4
30023,103,90,13,13
30024,107,97,10,10
30025,66,75,-9,9
30026,88,82,6,6
30027,158,159,-1,1
30028,123,106,17,17
30029,73,69,4,4
30030,105,101,4,4
30031,65,64,1,1
30032,119,117,2,2
30033,68,70,-2,2
30034,64,63,1,1
30035,74,67,7,7
30036,23,53,-30,30
30037,97,97,0,0
30038,124,132,-8,8
30039,72,63,9,9
30040,132,126,6,6
30041,42,55,-13,13
30042,121,111,10,10
30043,89,80,9,9
30044,113,102,11,11
30045,114,109,5,5
30046,57,53,4,4
30047,63,64,-1,1
30048,121,126,-5,5
30049,144,143,1,1
30050,118,112,6,6
30051,64,58,6,6
30052,121,116,5,5
30053,135,130,5,5
30054,80,85,-5,5
30055,110,100,10,10
30056,100,104,-4,4
30057,94,101,-7,7
30058,83,75,8,8
30059,87,98,-11,11
30060,67,62,5,5
30061,95,95,0,0
30062,88,81,7,7
30063,93,104,-11,11
30064,91,79,12,12
30065,133,125,8,8
30066,77,106,-29,29
30067,106,105,1,1
30068,53,58,-5,5
30069,89,103,-14,14
30070,154,135,19,19
30071,98,105,-7,7
30072,54,67,-13,13
30073,79,79,0,0
30074,115,109,6,6
30075,135,143,-8,8
30076,81,89,-8,8
30077,56,102,-46,46
30078,54,67,-13,13
30079,73,66,7,7
30080,80,87,-7,7
30081,114,116,-2,2
30082,170,150,20,20
30083,124,118,6,6
30084,63,71,-8,8
30085,93,113,-20,20
30086,77,67,10,10
30087,178,165,13,13
30088,67,64,3,3
30089,72,62,10,10
30090,60,57,3,3
30091,64,65,-1,1
30092,85,81,4,4
30093,158,161,-3,3
30094,124,117,7,7
30095,70,113,-43,43
30096,61,80,-19,19
30097,110,132,-22,22
30098,94,103,-9,9
30099,161,154,7,7
30100,98,113,-15,15
30101,165,155,10,10
30102,82,97,-15,15
30103,102,118,-16,16
30104,105,102,3,3
30105,85,109,-24,24
30106,106,114,-8,8
30107,91,75,16,16
30108,86,95,-9,9
30109,44,43,1,1
30110,96,120,-24,24
30111,114,118,-4,4
30112,83,83,0,0
30113,24,45,-21,21
30114,75,71,4,4
30115,140,150,-10,10
30116,46,56,-10,10
30117,80,80,0,0
30118,82,96,-14,14
30119,125,124,1,1
30120,56,52,4,4
30121,76,69,7,7
30122,44,55,-11,11
30123,102,93,9,9
30124,146,142,4,4
30125,46,51,-5,5
30126,80,81,-1,1
30127,117,128,-11,11
30128,85,80,5,5
30129,60,52,8,8
30130,81,87,-6,6
30131,42,46,-4,4
30132,79,84,-5,5
30133,98,86,12,12
30134,110,101,9,9
30135,74,63,11,11
30136,54,58,-4,4
30137,113,126,-13,13
30138,78,102,-24,24
30139,52,47,5,5
30140,449,361,88,88
30141,121,118,3,3
30142,68,55,13,13
30143,35,45,-10,10
30144,36,39,-3,3
30145,81,84,-3,3
30146,155,147,8,8
30147,207,170,37,37
30148,105,104,1,1
30149,66,67,-1,1
30150,105,83,22,22
30151,63,53,10,10
30152,97,99,-2,2
30153,114,112,2,2
30154,69,67,2,2
30155,181,179,2,2
30156,58,62,-4,4
30157,56,61,-5,5
30158,41,58,-17,17
30159,61,61,0,0
30160,108,110,-2,2
30161,113,105,8,8
30162,46,35,11,11
30163,85,81,4,4
30164,109,108,1,1
30165,144,151,-7,7
30166,45,70,-25,25
30167,56,49,7,7
30168,71,67,4,4
30169,83,78,5,5
30170,72,72,0,0
30171,92,82,10,10
30172,97,106,-9,9
30173,52,46,6,6
30174,135,133,2,2
30175,69,72,-3,3
30176,88,91,-3,3
30177,79,79,0,0
30178,74,68,6,6
30179,74,74,0,0
30180,102,108,-6,6
30181,154,147,7,7
30182,225,180,45,45
30183,98,100,-2,2
30184,77,73,4,4
30185,164,154,10,10
30186,144,117,27,27
30187,75,74,1,1
30188,142,150,-8,8
30189,115,110,5,5
30190,81,76,5,5
30191,103,105,-2,2
30192,94,105,-11,11
30193,76,121,-45,45
30194,50,50,0,0
30195,108,121,-13,13
30196,146,148,-2,2
30197,90,101,-11,11
30198,129,127,2,2
30199,74,93,-19,19
30200,105,95,10,10
30201,91,89,2,2
30202,121,132,-11,11
30203,109,95,14,14
30204,85,99,-14,14
30205,111,112,-1,1
30206,136,125,11,11
30207,74,75,-1,1
30208,89,101,-12,12
30209,102,104,-2,2
30210,63,53,10,10
30211,113,111,2,2
30212,92,76,16,16
30213,87,99,-12,12
30214,98,95,3,3
30215,111,114,-3,3
30216,116,104,12,12
30217,133,129,4,4
30218,160,134,26,26
30219,86,85,1,1
30220,132,132,0,0
30221,110,116,-6,6
30222,53,52,1,1
30223,95,90,5,5
30224,88,86,2,2
30225,56,60,-4,4
30226,75,71,4,4
30227,76,79,-3,3
30228,47,50,-3,3
30229,96,78,18,18
30230,39,50,-11,11
30231,159,134,25,25
30232,61,63,-2,2
30233,53,46,7,7
30234,84,81,3,3
30235,85,78,7,7
30236,82,91,-9,9
30237,88,92,-4,4
30238,87,88,-1,1
30239,111,105,6,6
30240,161,141,20,20
30241,131,117,14,14
30242,89,81,8,8
30243,156,161,-5,5
30244,61,62,-1,1
30245,94,106,-12,12
30246,102,80,22,22
30247,167,164,3,3
30248,182,152,30,30
30249,59,46,13,13
30250,162,140,22,22
30251,132,132,0,0
30252,66,73,-7,7
30253,88,79,9,9
30254,106,90,16,16
30255,59,62,-3,3
30256,86,83,3,3
30257,45,54,-9,9
30258,42,45,-3,3
30259,54,48,6,6
30260,79,87,-8,8
30261,139,156,-17,17
30262,98,95,3,3
30263,113,115,-2,2
30264,87,84,3,3
30265,55,61,-6,6
30266,47,54,-7,7
30267,93,107,-14,14
30268,55,71,-16,16
30269,113,132,-19,19
30270,87,72,15,15
30271,138,139,-1,1
30272,106,91,15,15
30273,76,84,-8,8
30274,89,85,4,4
30275,90,84,6,6
30276,119,111,8,8
30277,106,99,7,7
30278,89,82,7,7
30279,80,79,1,1
30280,77,82,-5,5
30281,138,130,8,8
30282,99,92,7,7
30283,70,74,-4,4
30284,107,98,9,9
30285,64,67,-3,3
30286,123,130,-7,7
30287,75,75,0,0
30288,46,52,-6,6
30289,94,98,-4,4
30290,68,68,0,0
30291,116,124,-8,8
30292,68,81,-13,13
30293,42,35,7,7
30294,74,66,8,8
30295,102,102,0,0
30296,111,107,4,4
30297,102,103,-1,1
30298,155,166,-11,11
30299,97,99,-2,2
30300,75,66,9,9
30301,158,182,-24,24
30302,66,53,13,13
30303,72,61,11,11
30304,197,172,25,25
30305,133,113,20,20
30306,103,113,-10,10
30307,119,108,11,11
30308,88,86,2,2
30309,56,62,-6,6
30310,59,69,-10,10
30311,73,90,-17,17
30312,100,100,0,0
30313,83,81,2,2
30314,104,113,-9,9
30315,91,89,2,2
30316,86,86,0,0
30317,62,58,4,4
30318,90,104,-14,14
30319,79,55,24,24
30320,127,119,8,8
30321,108,116,-8,8
30322,38,110,-72,72
30323,63,78,-15,15
30324,55,53,2,2
30325,111,92,19,19
30326,53,69,-16,16
30327,77,69,8,8
30328,143,144,-1,1
30329,136,135,1,1
30330,47,57,-10,10
30331,85,81,4,4
30332,96,97,-1,1
30333,87,84,3,3
30334,87,80,7,7
30335,144,128,16,16
30336,105,99,6,6
30337,96,111,-15,15
30338,78,77,1,1
30339,140,150,-10,10
30340,69,67,2,2
30341,41,49,-8,8
30342,73,91,-18,18
30343,75,73,2,2
30344,54,57,-3,3
30345,71,68,3,3
30346,92,97,-5,5
30347,78,91,-13,13
30348,106,107,-1,1
30349,77,77,0,0
30350,74,68,6,6
30351,59,57,2,2
30352,94,104,-10,10
30353,86,73,13,13
30354,102,109,-7,7
30355,87,87,0,0
30356,121,120,1,1
30357,75,65,10,10
30358,108,107,1,1
30359,174,137,37,37
30360,119,112,7,7
30361,84,95,-11,11
30362,98,90,8,8
30363,84,83,1,1
30364,89,88,1,1
30365,87,83,4,4
30366,43,44,-1,1
30367,95,120,-25,25
30368,62,68,-6,6
30369,97,107,-10,10
30370,110,98,12,12
30371,102,116,-14,14
30372,95,107,-12,12
30373,84,87,-3,3
30374,88,87,1,1
30375,101,100,1,1
30376,154,161,-7,7
30377,159,154,5,5
30378,103,88,15,15
30379,75,80,-5,5
30380,119,106,13,13
30381,27,32,-5,5
30382,77,88,-11,11
30383,169,151,18,18
30384,151,130,21,21
30385,72,55,17,17
30386,145,132,13,13
30387,62,67,-5,5
30388,52,87,-35,35
30389,69,79,-10,10
30390,74,70,4,4
30391,102,109,-7,7
30392,91,94,-3,3
30393,93,94,-1,1
30394,81,77,4,4
30395,137,133,4,4
30396,157,166,-9,9
30397,48,46,2,2
30398,122,127,-5,5
30399,64,64,0,0
30400,175,163,12,12
30401,74,54,20,20
30402,47,49,-2,2
30403,103,94,9,9
30404,88,92,-4,4
30405,64,79,-15,15
30406,94,93,1,1
30407,111,110,1,1
30408,209,154,55,55
30409,80,75,5,5
30410,108,121,-13,13
30411,103,103,0,0
30412,93,117,-24,24
30413,86,96,-10,10
30414,105,92,13,13
30415,110,105,5,5
30416,82,81,1,1
30417,69,66,3,3
30418,43,47,-4,4
30419,74,75,-1,1
30420,131,130,1,1
30421,137,130,7,7
30422,110,142,-32,32
30423,61,63,-2,2
30424,90,85,5,5
30425,78,58,20,20
30426,82,80,2,2
30427,82,82,0,0
30428,66,69,-3,3
30429,136,137,-1,1
30430,112,116,-4,4
30431,71,65,6,6
30432,114,130,-16,16
30433,105,147,-42,42
30434,93,80,13,13
30435,122,132,-10,10
30436,167,156,11,11
30437,67,57,10,10
30438,62,67,-5,5
30439,116,103,13,13
30440,120,104,16,16
30441,126,130,-4,4
30442,110,109,1,1
30443,85,84,1,1
30444,124,71,53,53
30445,129,131,-2,2
30446,99,117,-18,18
30447,172,163,9,9
30448,76,76,0,0
30449,64,61,3,3
30450,138,131,7,7
30451,59,63,-4,4
30452,123,104,19,19
30453,140,91,49,49
30454,67,67,0,0
30455,211,189,22,22
30456,155,143,12,12
30457,84,102,-18,18
30458,125,127,-2,2
30459,72,64,8,8
30460,121,133,-12,12
30461,121,125,-4,4
30462,141,140,1,1
30463,67,71,-4,4
30464,73,97,-24,24
30465,107,119,-12,12
30466,72,62,10,10
30467,65,74,-9,9
30468,82,78,4,4
30469,87,72,15,15
30470,87,79,8,8
30471,52,50,2,2
30472,84,74,10,10
30473,81,82,-1,1
30474,75,77,-2,2
30475,126,143,-17,17
30476,45,44,1,1
30477,48,55,-7,7
30478,77,75,2,2
30479,150,139,11,11
30480,100,97,3,3
30481,128,127,1,1
30482,86,78,8,8
30483,72,64,8,8
30484,108,101,7,7
30485,61,37,24,24
30486,121,128,-7,7
30487,132,137,-5,5
30488,112,116,-4,4
30489,148,149,-1,1
30490,89,104,-15,15
30491,47,50,-3,3
30492,75,77,-2,2
30493,113,127,-14,14
30494,82,97,-15,15
30495,82,81,1,1
30496,155,153,2,2
30497,114,115,-1,1
30498,85,90,-5,5
30499,97,92,5,5
30500,117,106,11,11
30501,57,65,-8,8
30502,121,122,-1,1
30503,50,45,5,5
30504,32,16,16,16
30505,126,124,2,2
30506,85,82,3,3
30507,45,55,-10,10
30508,105,106,-1,1
30509,84,90,-6,6
30510,99,87,12,12
30511,129,99,30,30
30512,115,116,-1,1
30513,127,143,-16,16
30514,42,59,-17,17
30515,86,88,-2,2
30516,106,101,5,5
30517,108,102,6,6
30518,143,134,9,9
30519,98,111,-13,13
30520,131,105,26,26
30521,117,118,-1,1
30522,82,70,12,12
30523,79,87,-8,8
30524,58,52,6,6
30525,96,90,6,6
30526,105,89,16,16
30527,103,127,-24,24
30528,72,93,-21,21
30529,108,115,-7,7
30530,155,162,-7,7
30531,164,150,14,14
30532,60,56,4,4
30533,130,123,7,7
30534,123,126,-3,3
30535,104,103,1,1
30536,79,74,5,5
30537,136,127,9,9
30538,130,133,-3,3
30539,135,109,26,26
30540,77,71,6,6
30541,136,142,-6,6
30542,107,109,-2,2
30543,127,111,16,16
30544,116,110,6,6
30545,132,137,-5,5
30546,88,76,12,12
30547,74,67,7,7
30548,71,79,-8,8
30549,53,51,2,2
30550,57,53,4,4
30551,189,172,17,17
30552,49,39,10,10
30553,124,126,-2,2
30554,127,128,-1,1
30555,45,69,-24,24
30556,110,117,-7,7
30557,104,110,-6,6
30558,82,76,6,6
30559,133,130,3,3
30560,229,206,23,23
30561,64,69,-5,5
30562,107,103,4,4
30563,109,106,3,3
30564,174,158,16,16
30565,176,169,7,7
30566,101,87,14,14
30567,113,106,7,7
30568,139,132,7,7
30569,56,54,2,2
30570,75,76,-1,1
30571,89,86,3,3
30572,34,42,-8,8
30573,130,129,1,1
30574,81,70,11,11
30575,103,109,-6,6
30576,99,93,6,6
30577,136,137,-1,1
30578,37,44,-7,7
30579,82,77,5,5
30580,125,121,4,4
30581,121,114,7,7
30582,94,91,3,3
30583,67,69,-2,2
30584,110,117,-7,7
30585,82,88,-6,6
30586,106,119,-13,13
30587,154,153,1,1
30588,97,111,-14,14
30589,65,64,1,1
30590,81,90,-9,9
30591,53,57,-4,4
30592,123,112,11,11
30593,123,108,15,15
30594,60,47,13,13
30595,59,66,-7,7
30596,71,106,-35,35
30597,154,142,12,12
30598,89,94,-5,5
30599,89,80,9,9
30600,95,99,-4,4
30601,78,71,7,7
30602,79,73,6,6
30603,132,134,-2,2
30604,124,123,1,1
30605,125,125,0,0
30606,73,66,7,7
30607,109,128,-19,19
30608,84,86,-2,2
30609,114,117,-3,3
30610,98,96,2,2
30611,229,214,15,15
30612,118,118,0,0
30613,105,108,-3,3
30614,56,64,-8,8
30615,86,75,11,11
30616,72,68,4,4
30617,144,162,-18,18
30618,151,149,2,2
30619,91,86,5,5
30620,134,148,-14,14
30621,142,141,1,1
30622,119,129,-10,10
30623,115,122,-7,7
30624,122,127,-5,5
30625,121,114,7,7
30626,145,169,-24,24
30627,151,150,1,1
30628,99,71,28,28
30629,90,94,-4,4
30630,115,139,-24,24
30631,65,87,-22,22
30632,90,80,10,10
30633,78,82,-4,4
30634,65,64,1,1
30635,77,77,0,0
30636,64,64,0,0
30637,204,158,46,46
30638,134,145,-11,11
30639,144,130,14,14
30640,127,128,-1,1
30641,88,84,4,4
30642,61,69,-8,8
30643,118,119,-1,1
30644,91,87,4,4
30645,143,121,22,22
30646,166,153,13,13
30647,77,66,11,11
30648,97,93,4,4
30649,97,106,-9,9
30650,98,80,18,18
30651,71,77,-6,6
30652,77,74,3,3
30653,145,143,2,2
30654,127,122,5,5
30655,144,142,2,2
30656,128,114,14,14
30657,148,142,6,6
30658,67,51,16,16
30659,147,151,-4,4
30660,85,88,-3,3
30661,98,102,-4,4
30662,72,75,-3,3
30663,74,79,-5,5
30664,111,114,-3,3
30665,80,68,12,12
30666,73,74,-1,1
30667,79,74,5,5
30668,90,85,5,5
30669,104,104,0,0
30670,70,68,2,2
30671,99,100,-1,1
30672,64,66,-2,2
30673,68,69,-1,1
30674,96,84,12,12
30675,44,56,-12,12
30676,84,79,5,5
30677,81,83,-2,2
30678,152,122,30,30
30679,69,63,6,6
30680,86,90,-4,4
30681,89,95,-6,6
30682,151,153,-2,2
30683,80,86,-6,6
30684,97,89,8,8
30685,55,57,-2,2
30686,126,116,10,10
30687,110,124,-14,14
30688,112,114,-2,2
30689,156,140,16,16
30690,52,72,-20,20
30691,88,88,0,0
30692,98,118,-20,20
30693,131,140,-9,9
30694,114,107,7,7
30695,154,159,-5,5
30696,52,64,-12,12
30697,134,142,-8,8
30698,60,55,5,5
30699,68,78,-10,10
30700,119,121,-2,2
30701,61,101,-40,40
30702,94,100,-6,6
30703,98,103,-5,5
30704,103,92,11,11
30705,120,126,-6,6
30706,97,96,1,1
30707,126,126,0,0
30708,103,99,4,4
30709,97,95,2,2
30710,89,80,9,9
30711,69,67,2,2
30712,58,60,-2,2
30713,109,101,8,8
30714,91,82,9,9
30715,76,72,4,4
30716,206,184,22,22
30717,109,102,7,7
30718,167,154,13,13
30719,124,109,15,15
30720,68,76,-8,8
30721,162,135,27,27
30722,92,89,3,3
30723,160,161,-1,1
30724,107,103,4,4
30725,104,84,20,20
30726,72,55,17,17
30727,59,61,-2,2
30728,102,100,2,2
30729,110,114,-4,4
30730,71,66,5,5
30731,96,89,7,7
30732,117,133,-16,16
30733,67,75,-8,8
30734,64,55,9,9
30735,111,106,5,5
30736,54,39,15,15
30737,70,75,-5,5
30738,89,85,4,4
30739,125,127,-2,2
30740,81,93,-12,12
30741,132,134,-2,2
30742,122,120,2,2
30743,83,84,-1,1
30744,49,60,-11,11
30745,134,116,18,18
30746,86,80,6,6
30747,87,76,11,11
30748,113,112,1,1
30749,147,148,-1,1
30750,57,84,-27,27
30751,81,72,9,9
30752,84,93,-9,9
30753,130,122,8,8
30754,103,99,4,4
30755,57,66,-9,9
30756,58,50,8,8
30757,147,125,22,22
30758,136,128,8,8
30759,78,84,-6,6
30760,92,87,5,5
30761,69,64,5,5
30762,151,137,14,14
30763,155,155,0,0
30764,80,86,-6,6
30765,71,55,16,16
30766,113,147,-34,34
30767,129,84,45,45
30768,113,110,3,3
30769,82,101,-19,19
30770,69,59,10,10
30771,95,88,7,7
30772,86,88,-2,2
30773,86,77,9,9
30774,73,72,1,1
30775,84,86,-2,2
30776,99,89,10,10
30777,159,147,12,12
30778,94,102,-8,8
30779,93,93,0,0
30780,52,48,4,4
30781,92,88,4,4
30782,77,81,-4,4
30783,83,88,-5,5
30784,145,157,-12,12
30785,89,75,14,14
30786,98,93,5,5
30787,128,141,-13,13
30788,70,88,-18,18
30789,85,93,-8,8
30790,94,96,-2,2
30791,63,67,-4,4
30792,120,104,16,16
30793,93,113,-20,20
30794,113,111,2,2
30795,164,171,-7,7
30796,121,118,3,3
30797,61,46,15,15
30798,100,135,-35,35
30799,67,64,3,3
30800,107,106,1,1
30801,56,56,0,0
30802,79,84,-5,5
30803,116,140,-24,24
30804,139,147,-8,8
30805,112,113,-1,1
30806,92,96,-4,4
30807,108,97,11,11
30808,124,123,1,1
30809,158,163,-5,5
30810,106,118,-12,12
30811,132,124,8,8
30812,100,95,5,5
30813,64,97,-33,33
30814,128,137,-9,9
30815,53,56,-3,3
30816,54,53,1,1
30817,81,87,-6,6
30818,67,68,-1,1
30819,97,109,-12,12
30820,129,117,12,12
30821,122,105,17,17
30822,139,143,-4,4
30823,44,57,-13,13
30824,131,145,-14,14
30825,67,69,-2,2
30826,115,92,23,23
30827,53,49,4,4
30828,84,74,10,10
30829,124,116,8,8
30830,74,67,7,7
30831,104,117,-13,13
30832,70,70,0,0
30833,112,109,3,3
30834,90,78,12,12
30835,83,102,-19,19
30836,71,63,8,8
30837,81,61,20,20
30838,124,143,-19,19
30839,161,168,-7,7
30840,52,58,-6,6
30841,78,82,-4,4
30842,57,47,10,10
30843,113,111,2,2
30844,105,100,5,5
30845,119,109,10,10
30846,48,49,-1,1
30847,123,55,68,68
30848,96,83,13,13
30849,124,117,7,7
30850,129,130,-1,1
30851,125,124,1,1
30852,104,99,5,5
30853,117,120,-3,3
30854,151,149,2,2
30855,125,120,5,5
30856,87,84,3,3
30857,71,70,1,1
30858,58,60,-2,2
30859,127,122,5,5
30860,143,133,10,10
30861,78,68,10,10
30862,114,119,-5,5
30863,49,51,-2,2
30864,86,82,4,4
30865,81,86,-5,5
30866,85,76,9,9
30867,158,131,27,27
30868,57,54,3,3
30869,109,113,-4,4
30870,95,94,1,1
30871,45,45,0,0
30872,76,80,-4,4
30873,83,82,1,1
30874,100,112,-12,12
30875,65,76,-11,11
30876,76,81,-5,5
30877,47,62,-15,15
30878,70,72,-2,2
30879,157,156,1,1
30880,204,187,17,17
30881,88,80,8,8
30882,93,88,5,5
30883,53,69,-16,16
30884,97,97,0,0
30885,84,75,9,9
30886,66,74,-8,8
30887,73,77,-4,4
30888,64,66,-2,2
30889,102,96,6,6
30890,56,58,-2,2
30891,73,70,3,3
30892,78,80,-2,2
30893,64,66,-2,2
30894,89,90,-1,1
30895,108,116,-8,8
30896,79,65,14,14
30897,99,100,-1,1
30898,104,106,-2,2
30899,174,164,10,10
30900,76,77,-1,1
30901,67,84,-17,17
30902,103,97,6,6
30903,72,72,0,0
30904,65,75,-10,10
30905,79,83,-4,4
30906,39,69,-30,30
30907,42,40,2,2
30908,43,58,-15,15
30909,130,125,5,5
30910,56,62,-6,6
30911,67,67,0,0
30912,61,58,3,3
30913,79,67,12,12
30914,122,104,18,18
30915,121,102,19,19
30916,87,83,4,4
30917,95,108,-13,13
30918,76,73,3,3
30919,98,82,16,16
30920,149,152,-3,3
30921,37,46,-9,9
30922,91,84,7,7
30923,99,81,18,18
30924,64,70,-6,6
30925,113,119,-6,6
30926,82,77,5,5
30927,71,75,-4,4
30928,103,115,-12,12
30929,58,56,2,2
30930,112,106,6,6
30931,61,64,-3,3
30932,60,68,-8,8
30933,118,125,-7,7
30934,48,78,-30,30
30935,86,80,6,6
30936,61,61,0,0
30937,123,118,5,5
30938,151,151,0,0
30939,50,53,-3,3
30940,123,125,-2,2
30941,186,163,23,23
30942,59,60,-1,1
30943,141,142,-1,1
30944,130,148,-18,18
30945,83,74,9,9
30946,63,68,-5,5
30947,168,159,9,9
30948,88,81,7,7
30949,49,54,-5,5
30950,47,54,-7,7
30951,81,85,-4,4
30952,176,155,21,21
30953,58,64,-6,6
30954,48,48,0,0
30955,117,128,-11,11
30956,115,108,7,7
30957,120,126,-6,6
30958,90,102,-12,12
30959,46,50,-4,4
30960,113,127,-14,14
30961,64,60,4,4
30962,126,124,2,2
30963,153,155,-2,2
30964,114,104,10,10
30965,182,176,6,6
30966,114,111,3,3
30967,91,93,-2,2
30968,116,105,11,11
30969,135,124,11,11
30970,70,65,5,5
30971,80,78,2,2
30972,50,66,-16,16
30973,90,89,1,1
30974,50,62,-12,12
30975,144,121,23,23
30976,77,43,34,34
30977,81,56,25,25
30978,41,62,-21,21
30979,80,84,-4,4
30980,97,84,13,13
30981,65,74,-9,9
30982,70,73,-3,3
30983,176,180,-4,4
30984,143,133,10,10
30985,79,82,-3,3
30986,122,107,15,15
30987,135,128,7,7
30988,85,85,0,0
30989,50,60,-10,10
30990,88,82,6,6
30991,120,103,17,17
30992,134,121,13,13
30993,74,61,13,13
30994,86,80,6,6
30995,95,85,10,10
30996,56,62,-6,6
30997,92,86,6,6
30998,86,83,3,3
30999,70,87,-17,17
31000,81,76,5,5
31001,113,110,3,3
31002,99,95,4,4
31003,77,82,-5,5
31004,31,36,-5,5
31005,99,92,7,7
31006,85,82,3,3
31007,80,99,-19,19
31008,92,90,2,2
31009,56,62,-6,6
31010,139,156,-17,17
31011,51,47,4,4
31012,36,127,-91,91
31013,126,111,15,15
31014,76,73,3,3
31015,96,107,-11,11
31016,87,89,-2,2
31017,117,117,0,0
31018,102,104,-2,2
31019,89,91,-2,2
31020,107,89,18,18
31021,79,76,3,3
31022,89,92,-3,3
31023,67,54,13,13
31024,114,110,4,4
31025,69,75,-6,6
31026,115,93,22,22
31027,168,171,-3,3
31028,84,93,-9,9
31029,79,90,-11,11
31030,133,136,-3,3
31031,123,97,26,26
31032,102,118,-16,16
31033,123,117,6,6
31034,97,91,6,6
31035,89,86,3,3
31036,92,97,-5,5
31037,171,162,9,9
31038,72,66,6,6
31039,92,95,-3,3
31040,54,56,-2,2
31041,113,117,-4,4
31042,110,98,12,12
31043,64,61,3,3
31044,64,55,9,9
31045,69,62,7,7
31046,81,76,5,5
31047,101,97,4,4
31048,92,87,5,5
31049,85,93,-8,8
31050,58,58,0,0
31051,124,112,12,12
31052,81,72,9,9
31053,108,100,8,8
31054,93,90,3,3
31055,70,61,9,9
31056,119,93,26,26
31057,65,67,-2,2
31058,90,79,11,11
31059,53,68,-15,15
31060,73,76,-3,3
31061,52,59,-7,7
31062,97,98,-1,1
31063,118,83,35,35
31064,95,86,9,9
31065,89,85,4,4
31066,66,76,-10,10
31067,75,78,-3,3
31068,107,111,-4,4
31069,63,61,2,2
31070,148,133,15,15
31071,110,117,-7,7
31072,96,103,-7,7
31073,123,97,26,26
31074,123,112,11,11
31075,106,96,10,10
31076,101,101,0,0
31077,105,119,-14,14
31078,94,97,-3,3
31079,53,62,-9,9
31080,53,67,-14,14
31081,116,121,-5,5
31082,122,134,-12,12
31083,96,112,-16,16
31084,117,111,6,6
31085,105,108,-3,3
31086,74,80,-6,6
31087,43,55,-12,12
31088,110,106,4,4
31089,71,66,5,5
31090,72,72,0,0
31091,109,109,0,0
31092,142,146,-4,4
31093,69,64,5,5
31094,127,131,-4,4
31095,113,127,-14,14
31096,61,64,-3,3
31097,108,110,-2,2
31098,83,75,8,8
31099,58,64,-6,6
31100,107,99,8,8
31101,108,141,-33,33
31102,97,89,8,8
31103,101,84,17,17
31104,101,103,-2,2
31105,123,107,16,16
31106,68,67,1,1
31107,89,91,-2,2
31108,47,48,-1,1
31109,128,104,24,24
31110,117,112,5,5
31111,94,86,8,8
31112,111,104,7,7
31113,51,46,5,5
31114,65,73,-8,8
31115,79,93,-14,14
31116,140,135,5,5
31117,152,128,24,24
31118,108,112,-4,4
31119,115,99,16,16
31120,78,87,-9,9
31121,100,104,-4,4
31122,69,72,-3,3
31123,127,131,-4,4
31124,64,51,13,13
31125,148,143,5,5
31126,105,94,11,11
31127,123,121,2,2
31128,56,64,-8,8
31129,60,84,-24,24
31130,100,86,14,14
31131,77,94,-17,17
31132,89,108,-19,19
31133,63,61,2,2
31134,70,62,8,8
31135,74,65,9,9
31136,74,70,4,4
31137,149,124,25,25
31138,60,55,5,5
31139,115,146,-31,31
31140,65,77,-12,12
31141,95,93,2,2
31142,126,126,0,0
31143,84,84,0,0
31144,114,101,13,13
31145,130,118,12,12
31146,117,101,16,16
31147,135,132,3,3
31148,110,117,-7,7
31149,74,71,3,3
31150,91,98,-7,7
31151,102,100,2,2
31152,76,79,-3,3
31153,81,91,-10,10
31154,117,121,-4,4
31155,58,48,10,10
31156,52,67,-15,15
31157,44,65,-21,21
31158,126,138,-12,12
31159,102,106,-4,4
31160,68,60,8,8
31161,96,128,-32,32
31162,116,102,14,14
31163,96,83,13,13
31164,44,49,-5,5
31165,49,48,1,1
31166,109,118,-9,9
31167,40,47,-7,7
31168,84,132,-48,48
31169,57,68,-11,11
31170,85,94,-9,9
31171,44,49,-5,5
31172,77,71,6,6
31173,70,71,-1,1
31174,63,62,1,1
31175,75,63,12,12
31176,88,85,3,3
31177,98,93,5,5
31178,66,82,-16,16
31179,78,59,19,19
31180,95,96,-1,1
31181,99,123,-24,24
31182,20,96,-76,76
31183,88,94,-6,6
31184,165,163,2,2
31185,127,121,6,6
31186,55,61,-6,6
31187,145,141,4,4
31188,72,76,-4,4
31189,84,75,9,9
31190,62,66,-4,4
31191,107,100,7,7
31192,113,93,20,20
31193,64,68,-4,4
31194,132,113,19,19
31195,80,75,5,5
31196,64,67,-3,3
31197,58,72,-14,14
31198,53,57,-4,4
31199,101,95,6,6
31200,97,89,8,8
31201,93,104,-11,11
31202,87,67,20,20
31203,78,76,2,2
31204,70,62,8,8
31205,119,76,43,43
31206,66,71,-5,5
31207,82,101,-19,19
31208,117,111,6,6
31209,106,116,-10,10
31210,79,78,1,1
31211,129,163,-34,34
31212,95,79,16,16
31213,66,67,-1,1
31214,63,60,3,3
31215,128,151,-23,23
31216,86,83,3,3
31217,87,79,8,8
31218,115,144,-29,29
31219,126,132,-6,6
31220,66,104,-38,38
31221,138,132,6,6
31222,118,111,7,7
31223,105,108,-3,3
31224,59,71,-12,12
31225,51,60,-9,9
31226,45,57,-12,12
31227,79,87,-8,8
31228,103,91,12,12
31229,86,72,14,14
31230,63,59,4,4
31231,104,104,0,0
31232,144,144,0,0
31233,160,142,18,18
31234,55,66,-11,11
31235,83,87,-4,4
31236,104,97,7,7
31237,61,73,-12,12
31238,92,94,-2,2
31239,72,72,0,0
31240,103,90,13,13
31241,192,165,27,27
31242,89,79,10,10
31243,76,70,6,6
31244,70,73,-3,3
31245,81,67,14,14
31246,96,93,3,3
31247,120,118,2,2
31248,88,88,0,0
31249,81,68,13,13
31250,91,86,5,5
31251,104,91,13,13
31252,71,65,6,6
31253,51,43,8,8
31254,138,131,7,7
31255,88,66,22,22
31256,64,69,-5,5
31257,108,114,-6,6
31258,120,135,-15,15
31259,78,91,-13,13
31260,158,137,21,21
31261,185,169,16,16
31262,168,170,-2,2
31263,96,103,-7,7
31264,100,75,25,25
31265,48,98,-50,50
31266,80,84,-4,4
31267,49,57,-8,8
31268,108,112,-4,4
31269,71,67,4,4
31270,111,105,6,6
31271,75,70,5,5
31272,117,109,8,8
31273,156,124,32,32
31274,111,92,19,19
31275,108,112,-4,4
31276,54,49,5,5
31277,83,102,-19,19
31278,91,86,5,5
31279,53,53,0,0
31280,46,44,2,2
31281,39,43,-4,4
31282,97,106,-9,9
31283,97,108,-11,11
31284,93,83,10,10
31285,173,147,26,26
31286,76,73,3,3
31287,146,150,-4,4
31288,128,134,-6,6
31289,81,69,12,12
31290,90,84,6,6
31291,109,116,-7,7
31292,123,111,12,12
31293,100,89,11,11
31294,77,89,-12,12
31295,77,73,4,4
31296,109,126,-17,17
31297,85,75,10,10
31298,94,95,-1,1
31299,57,48,9,9
31300,51,53,-2,2
31301,50,56,-6,6
31302,80,64,16,16
31303,73,63,10,10
31304,68,68,0,0
31305,153,135,18,18
31306,120,121,-1,1
31307,99,101,-2,2
31308,97,92,5,5
31309,82,84,-2,2
31310,85,88,-3,3
31311,84,90,-6,6
31312,93,98,-5,5
31313,55,52,3,3
31314,53,53,0,0
31315,148,150,-2,2
31316,115,117,-2,2
31317,116,108,8,8
31318,109,98,11,11
31319,72,73,-1,1
31320,85,86,-1,1
31321,78,69,9,9
31322,133,114,19,19
31323,89,88,1,1
31324,53,55,-2,2
31325,145,170,-25,25
31326,75,72,3,3
31327,60,57,3,3
31328,71,65,6,6
31329,62,64,-2,2
31330,165,152,13,13
31331,51,72,-21,21
31332,146,141,5,5
31333,64,60,4,4
31334,75,85,-10,10
31335,79,73,6,6
31336,85,89,-4,4
31337,100,97,3,3
31338,119,119,0,0
31339,106,108,-2,2
31340,79,88,-9,9
31341,163,154,9,9
31342,121,134,-13,13
31343,66,73,-7,7
31344,114,117,-3,3
31345,77,76,1,1
31346,57,49,8,8
31347,87,80,7,7
31348,86,84,2,2
31349,71,75,-4,4
31350,124,123,1,1
31351,65,56,9,9
31352,111,110,1,1
31353,62,66,-4,4
31354,94,83,11,11
31355,76,71,5,5
31356,122,129,-7,7
31357,136,150,-14,14
31358,76,72,4,4
31359,82,91,-9,9
31360,62,73,-11,11
31361,65,64,1,1
31362,63,74,-11,11
31363,50,46,4,4
31364,56,72,-16,16
31365,80,89,-9,9
31366,95,82,13,13
31367,94,88,6,6
31368,90,78,12,12
31369,116,97,19,19
31370,113,97,16,16
31371,70,69,1,1
31372,31,57,-26,26
31373,70,73,-3,3
31374,72,69,3,3
31375,92,85,7,7
31376,82,78,4,4
31377,58,57,1,1
31378,104,93,11,11
31379,75,68,7,7
31380,90,87,3,3
31381,130,116,14,14
31382,126,123,3,3
31383,89,85,4,4
31384,108,107,1,1
31385,51,56,-5,5
31386,132,142,-10,10
31387,91,96,-5,5
31388,109,115,-6,6
31389,103,117,-14,14
31390,87,77,10,10
31391,123,126,-3,3
31392,109,102,7,7
31393,77,94,-17,17
31394,96,103,-7,7
31395,82,81,1,1
31396,111,117,-6,6
31397,72,68,4,4
31398,117,106,11,11
31399,117,109,8,8
31400,137,144,-7,7
31401,107,90,17,17
31402,91,95,-4,4
31403,110,101,9,9
31404,76,79,-3,3
31405,83,66,17,17
31406,142,129,13,13
31407,97,90,7,7
31408,54,47,7,7
31409,71,70,1,1
31410,91,102,-11,11
31411,100,92,8,8
31412,47,46,1,1
31413,114,107,7,7
31414,65,53,12,12
31415,33,50,-17,17
31416,88,86,2,2
31417,102,96,6,6
31418,72,83,-11,11
31419,95,93,2,2
31420,100,88,12,12
31421,200,210,-10,10
31422,147,138,9,9
31423,98,102,-4,4
31424,111,112,-1,1
31425,105,100,5,5
31426,89,89,0,0
31427,108,106,2,2
31428,35,65,-30,30
31429,54,63,-9,9
31430,124,136,-12,12
31431,90,94,-4,4
31432,130,119,11,11
31433,138,135,3,3
31434,143,128,15,15
31435,74,73,1,1
31436,47,46,1,1
31437,64,61,3,3
31438,174,183,-9,9
31439,96,90,6,6
31440,132,134,-2,2
31441,66,70,-4,4
31442,105,101,4,4
31443,128,138,-10,10
31444,99,101,-2,2
31445,70,61,9,9
31446,62,52,10,10
31447,78,80,-2,2
31448,93,86,7,7
31449,89,85,4,4
31450,104,111,-7,7
31451,74,73,1,1
31452,102,90,12,12
31453,58,51,7,7
31454,89,85,4,4
31455,84,76,8,8
31456,128,115,13,13
31457,91,87,4,4
31458,80,72,8,8
31459,84,90,-6,6
31460,100,109,-9,9
31461,115,116,-1,1
31462,92,93,-1,1
31463,155,138,17,17
31464,175,156,19,19
31465,79,74,5,5
31466,70,57,13,13
31467,64,75,-11,11
31468,111,106,5,5
31469,83,78,5,5
31470,92,97,-5,5
31471,153,152,1,1
31472,138,140,-2,2
31473,90,114,-24,24
31474,104,110,-6,6
31475,52,45,7,7
31476,72,71,1,1
31477,76,77,-1,1
31478,69,69,0,0
31479,145,134,11,11
31480,67,55,12,12
31481,79,70,9,9
31482,103,93,10,10
31483,145,140,5,5
31484,86,81,5,5
31485,112,105,7,7
31486,130,150,-20,20
31487,173,148,25,25
31488,75,76,-1,1
31489,195,166,29,29
31490,93,95,-2,2
31491,102,93,9,9
31492,64,63,1,1
31493,68,66,2,2
31494,58,73,-15,15
31495,93,72,21,21
31496,119,101,18,18
31497,54,56,-2,2
31498,72,83,-11,11
31499,82,78,4,4
31500,130,126,4,4
31501,75,74,1,1
31502,73,76,-3,3
31503,72,72,0,0
31504,243,239,4,4
31505,62,89,-27,27
31506,79,85,-6,6
31507,129,139,-10,10
31508,119,113,6,6
31509,121,120,1,1
31510,135,132,3,3
31511,64,49,15,15
31512,84,81,3,3
31513,68,72,-4,4
31514,89,80,9,9
31515,59,50,9,9
31516,67,75,-8,8
31517,108,108,0,0
31518,55,63,-8,8
31519,161,146,15,15
31520,75,83,-8,8
31521,113,111,2,2
31522,102,97,5,5
31523,116,130,-14,14
31524,134,140,-6,6
31525,161,124,37,37
31526,122,112,10,10
31527,103,99,4,4
31528,75,76,-1,1
31529,162,151,11,11
31530,76,84,-8,8
31531,57,62,-5,5
31532,74,70,4,4
31533,78,67,11,11
31534,68,58,10,10
31535,101,91,10,10
31536,66,66,0,0
31537,61,77,-16,16
31538,120,106,14,14
31539,62,65,-3,3
31540,149,121,28,28
31541,85,96,-11,11
31542,126,114,12,12
31543,192,190,2,2
31544,94,100,-6,6
31545,69,73,-4,4
31546,99,82,17,17
31547,114,106,8,8
31548,75,80,-5,5
31549,113,127,-14,14
31550,165,140,25,25
31551,133,132,1,1
31552,86,101,-15,15
31553,72,65,7,7
31554,97,105,-8,8
31555,113,109,4,4
31556,110,126,-16,16
31557,119,131,-12,12
31558,60,63,-3,3
31559,72,77,-5,5
31560,110,100,10,10
31561,151,137,14,14
31562,70,71,-1,1
31563,89,100,-11,11
31564,112,115,-3,3
31565,70,62,8,8
31566,64,63,1,1
31567,155,163,-8,8
31568,103,92,11,11
31569,115,117,-2,2
31570,57,64,-7,7
31571,92,98,-6,6
31572,96,85,11,11
31573,61,59,2,2
31574,144,126,18,18
31575,75,68,7,7
31576,138,125,13,13
31577,103,98,5,5
31578,118,100,18,18
31579,80,95,-15,15
31580,107,100,7,7
31581,84,87,-3,3
31582,87,80,7,7
31583,56,69,-13,13
31584,129,162,-33,33
31585,94,90,4,4
31586,72,87,-15,15
31587,193,202,-9,9
31588,141,116,25,25
31589,98,99,-1,1
31590,116,129,-13,13
31591,154,144,10,10
31592,116,116,0,0
31593,75,79,-4,4
31594,107,105,2,2
31595,83,76,7,7
31596,103,117,-14,14
31597,99,90,9,9
31598,109,118,-9,9
31599,95,86,9,9
31600,85,74,11,11
31601,81,84,-3,3
31602,112,53,59,59
31603,82,70,12,12
31604,56,69,-13,13
31605,64,60,4,4
31606,105,126,-21,21
31607,118,122,-4,4
31608,82,88,-6,6
31609,96,99,-3,3
31610,69,65,4,4
31611,128,134,-6,6
31612,88,103,-15,15
31613,90,94,-4,4
31614,141,134,7,7
31615,75,80,-5,5
31616,108,91,17,17
31617,153,154,-1,1
31618,101,91,10,10
31619,76,79,-3,3
31620,86,96,-10,10
31621,49,47,2,2
31622,130,141,-11,11
31623,95,93,2,2
31624,33,43,-10,10
31625,156,152,4,4
31626,49,43,6,6
31627,89,79,10,10
31628,86,69,17,17
31629,80,81,-1,1
31630,97,91,6,6
31631,59,64,-5,5
31632,153,145,8,8
31633,51,66,-15,15
31634,88,75,13,13
31635,145,161,-16,16
31636,165,176,-11,11
31637,74,82,-8,8
31638,80,86,-6,6
31639,101,93,8,8
31640,46,51,-5,5
31641,62,58,4,4
31642,107,92,15,15
31643,66,60,6,6
31644,153,157,-4,4
31645,75,75,0,0
31646,49,49,0,0
31647,120,126,-6,6
31648,131,131,0,0
31649,106,108,-2,2
31650,147,143,4,4
31651,81,84,-3,3
31652,94,93,1,1
31653,57,70,-13,13
31654,61,63,-2,2
31655,47,42,5,5
31656,53,51,2,2
31657,117,124,-7,7
31658,98,104,-6,6
31659,48,48,0,0
31660,190,183,7,7
31661,68,78,-10,10
31662,106,103,3,3
31663,57,53,4,4
31664,131,119,12,12
31665,132,130,2,2
31666,74,65,9,9
31667,125,125,0,0
31668,86,81,5,5
31669,49,56,-7,7
31670,95,78,17,17
31671,67,59,8,8
31672,82,88,-6,6
31673,93,113,-20,20
31674,52,57,-5,5
31675,55,53,2,2
31676,111,109,2,2
31677,73,75,-2,2
31678,72,79,-7,7
31679,160,160,0,0
31680,97,107,-10,10
31681,95,86,9,9
31682,117,101,16,16
31683,67,62,5,5
31684,55,50,5,5
31685,103,99,4,4
31686,108,109,-1,1
31687,82,77,5,5
31688,155,152,3,3
31689,87,115,-28,28
31690,88,76,12,12
31691,84,90,-6,6
31692,66,82,-16,16
31693,59,55,4,4
31694,80,81,-1,1
31695,120,126,-6,6
31696,92,94,-2,2
31697,36,42,-6,6
31698,89,83,6,6
31699,113,75,38,38
31700,86,89,-3,3
31701,117,129,-12,12
31702,78,65,13,13
31703,72,78,-6,6
31704,76,63,13,13
31705,76,84,-8,8
31706,87,89,-2,2
31707,76,91,-15,15
31708,79,57,22,22
31709,51,52,-1,1
31710,121,126,-5,5
31711,100,82,18,18
31712,83,87,-4,4
31713,84,73,11,11
31714,100,104,-4,4
31715,125,114,11,11
31716,73,77,-4,4
31717,59,57,2,2
31718,79,69,10,10
31719,76,73,3,3
31720,108,118,-10,10
31721,64,75,-11,11
31722,101,88,13,13
31723,140,122,18,18
31724,89,82,7,7
31725,72,65,7,7
31726,82,94,-12,12
31727,68,70,-2,2
31728,41,46,-5,5
31729,77,72,5,5
31730,150,141,9,9
31731,121,112,9,9
31732,96,97,-1,1
31733,50,56,-6,6
31734,45,56,-11,11
31735,118,117,1,1
31736,108,100,8,8
31737,74,68,6,6
31738,148,133,15,15
31739,109,112,-3,3
31740,53,51,2,2
31741,69,68,1,1
31742,75,76,-1,1
31743,75,86,-11,11
31744,93,93,0,0
31745,36,33,3,3
31746,62,70,-8,8
31747,139,140,-1,1
31748,67,65,2,2
31749,199,193,6,6
31750,61,55,6,6
31751,66,59,7,7
31752,58,55,3,3
31753,58,54,4,4
31754,98,101,-3,3
31755,65,60,5,5
31756,96,95,1,1
31757,105,102,3,3
31758,44,52,-8,8
31759,116,124,-8,8
31760,87,81,6,6
31761,94,87,7,7
31762,130,140,-10,10
31763,103,105,-2,2
31764,85,84,1,1
31765,94,96,-2,2
31766,78,74,4,4
31767,120,121,-1,1
31768,48,66,-18,18
31769,107,90,17,17
31770,87,81,6,6
31771,115,117,-2,2
31772,122,110,12,12
31773,137,121,16,16
31774,19,28,-9,9
31775,90,99,-9,9
31776,45,42,3,3
31777,53,60,-7,7
31778,132,114,18,18
31779,54,44,10,10
31780,123,132,-9,9
31781,88,96,-8,8
31782,90,91,-1,1
31783,112,106,6,6
31784,67,69,-2,2
31785,50,48,2,2
31786,65,71,-6,6
31787,44,47,-3,3
31788,86,98,-12,12
31789,65,63,2,2
31790,80,121,-41,41
31791,128,123,5,5
31792,166,120,46,46
31793,105,89,16,16
31794,77,70,7,7
31795,113,110,3,3
31796,82,79,3,3
31797,94,104,-10,10
31798,123,125,-2,2
31799,118,118,0,0
31800,159,151,8,8
31801,100,83,17,17
31802,95,73,22,22
31803,128,135,-7,7
31804,67,75,-8,8
31805,131,131,0,0
31806,78,79,-1,1
31807,58,71,-13,13
31808,126,115,11,11
31809,136,136,0,0
31810,75,72,3,3
31811,100,97,3,3
31812,52,54,-2,2
31813,94,60,34,34
31814,64,78,-14,14
31815,65,55,10,10
31816,85,88,-3,3
31817,100,103,-3,3
31818,134,127,7,7
31819,88,91,-3,3
31820,87,84,3,3
31821,112,111,1,1
31822,222,215,7,7
31823,103,94,9,9
31824,131,158,-27,27
31825,143,132,11,11
31826,89,92,-3,3
31827,144,133,11,11
31828,90,81,9,9
31829,117,102,15,15
31830,41,48,-7,7
31831,161,166,-5,5
31832,87,90,-3,3
31833,67,62,5,5
31834,89,111,-22,22
31835,58,52,6,6
31836,54,55,-1,1
31837,66,62,4,4
31838,62,65,-3,3
31839,46,49,-3,3
31840,116,108,8,8
31841,146,155,-9,9
31842,153,158,-5,5
31843,110,95,15,15
31844,83,69,14,14
31845,138,138,0,0
31846,117,105,12,12
31847,86,91,-5,5
31848,170,163,7,7
31849,96,94,2,2
31850,57,55,2,2
31851,102,91,11,11
31852,96,106,-10,10
31853,88,87,1,1
31854,117,130,-13,13
31855,83,98,-15,15
31856,94,109,-15,15
31857,68,79,-11,11
31858,81,71,10,10
31859,165,168,-3,3
31860,93,81,12,12
31861,169,159,10,10
31862,79,79,0,0
31863,91,84,7,7
31864,96,96,0,0
31865,107,97,10,10
31866,98,94,4,4
31867,81,80,1,1
31868,125,142,-17,17
31869,111,110,1,1
31870,50,60,-10,10
31871,102,98,4,4
31872,94,84,10,10
31873,57,62,-5,5
31874,110,105,5,5
31875,89,80,9,9
31876,69,76,-7,7
31877,116,112,4,4
31878,135,121,14,14
31879,76,65,11,11
31880,98,87,11,11
31881,72,68,4,4
31882,68,72,-4,4
31883,77,76,1,1
31884,125,145,-20,20
31885,115,98,17,17
31886,136,132,4,4
31887,80,74,6,6
31888,82,83,-1,1
31889,76,72,4,4
31890,82,85,-3,3
31891,138,131,7,7
31892,108,106,2,2
31893,153,145,8,8
31894,76,78,-2,2
31895,100,98,2,2
31896,97,105,-8,8
31897,119,129,-10,10
31898,35,59,-24,24
31899,39,46,-7,7
31900,102,89,13,13
31901,93,107,-14,14
31902,122,106,16,16
31903,88,82,6,6
31904,84,81,3,3
31905,207,178,29,29
31906,67,62,5,5
31907,111,113,-2,2
31908,75,76,-1,1
31909,112,104,8,8
31910,59,71,-12,12
31911,66,65,1,1
31912,161,168,-7,7
31913,80,84,-4,4
31914,64,95,-31,31
31915,123,122,1,1
31916,123,117,6,6
31917,144,147,-3,3
31918,61,55,6,6
31919,85,67,18,18
31920,100,97,3,3
31921,100,91,9,9
31922,65,58,7,7
31923,75,56,19,19
31924,104,89,15,15
31925,112,94,18,18
31926,93,84,9,9
31927,69,70,-1,1
31928,58,63,-5,5
31929,120,96,24,24
31930,131,116,15,15
31931,101,82,19,19
31932,156,155,1,1
31933,83,77,6,6
31934,62,60,2,2
31935,94,94,0,0
31936,87,90,-3,3
31937,182,178,4,4
31938,132,129,3,3
31939,100,99,1,1
31940,74,76,-2,2
31941,57,66,-9,9
31942,95,94,1,1
31943,64,47,17,17
31944,99,86,13,13
31945,102,109,-7,7
31946,144,79,65,65
31947,152,141,11,11
31948,66,60,6,6
31949,57,62,-5,5
31950,73,82,-9,9
31951,85,80,5,5
31952,111,106,5,5
31953,78,76,2,2
31954,87,86,1,1
31955,58,62,-4,4
31956,125,139,-14,14
31957,98,92,6,6
31958,127,140,-13,13
31959,125,124,1,1
31960,107,106,1,1
31961,57,60,-3,3
31962,161,152,9,9
31963,109,97,12,12
31964,110,97,13,13
31965,64,61,3,3
31966,304,330,-26,26
31967,75,68,7,7
31968,161,155,6,6
31969,85,81,4,4
31970,124,109,15,15
31971,53,51,2,2
31972,98,98,0,0
31973,124,123,1,1
31974,67,60,7,7
31975,59,106,-47,47
31976,115,103,12,12
31977,91,90,1,1
31978,108,101,7,7
31979,82,107,-25,25
31980,104,97,7,7
31981,65,79,-14,14
31982,107,105,2,2
31983,140,147,-7,7
31984,83,97,-14,14
31985,128,111,17,17
31986,65,62,3,3
31987,70,78,-8,8
31988,160,156,4,4
31989,94,90,4,4
31990,74,58,16,16
31991,99,98,1,1
31992,105,104,1,1
31993,65,62,3,3
31994,46,48,-2,2
31995,72,74,-2,2
31996,53,57,-4,4
31997,110,108,2,2
31998,100,83,17,17
31999,65,73,-8,8
32000,102,101,1,1
32001,128,128,0,0
32002,90,83,7,7
32003,139,151,-12,12
32004,145,125,20,20
32005,89,87,2,2
32006,68,67,1,1
32007,64,75,-11,11
32008,79,86,-7,7
32009,86,76,10,10
32010,60,73,-13,13
32011,101,99,2,2
32012,36,55,-19,19
32013,103,97,6,6
32014,52,54,-2,2
32015,152,153,-1,1
32016,80,83,-3,3
32017,142,132,10,10
32018,129,128,1,1
32019,140,107,33,33
32020,49,53,-4,4
32021,147,156,-9,9
32022,100,90,10,10
32023,59,66,-7,7
32024,106,105,1,1
32025,88,95,-7,7
32026,86,80,6,6
32027,106,99,7,7
32028,110,106,4,4
32029,43,33,10,10
32030,114,117,-3,3
32031,77,75,2,2
32032,103,98,5,5
32033,125,134,-9,9
32034,65,68,-3,3
32035,105,97,8,8
32036,98,109,-11,11
32037,132,149,-17,17
32038,119,85,34,34
32039,80,78,2,2
32040,107,102,5,5
32041,94,81,13,13
32042,59,55,4,4
32043,109,115,-6,6
32044,144,151,-7,7
32045,45,50,-5,5
32046,66,39,27,27
32047,122,126,-4,4
32048,88,94,-6,6
32049,53,61,-8,8
32050,58,69,-11,11
32051,68,66,2,2
32052,104,100,4,4
32053,129,144,-15,15
32054,55,58,-3,3
32055,80,56,24,24
32056,100,104,-4,4
32057,64,77,-13,13
32058,150,151,-1,1
32059,80,88,-8,8
32060,96,86,10,10
32061,83,78,5,5
32062,39,68,-29,29
32063,112,96,16,16
32064,146,144,2,2
32065,91,96,-5,5
32066,77,79,-2,2
32067,121,113,8,8
32068,113,118,-5,5
32069,132,137,-5,5
32070,102,115,-13,13
32071,71,69,2,2
32072,81,76,5,5
32073,60,70,-10,10
32074,112,92,20,20
32075,95,87,8,8
32076,116,100,16,16
32077,85,84,1,1
32078,116,132,-16,16
32079,107,106,1,1
32080,156,138,18,18
32081,84,93,-9,9
32082,77,74,3,3
32083,111,105,6,6
32084,61,86,-25,25
32085,124,136,-12,12
32086,106,101,5,5
32087,116,124,-8,8
32088,64,75,-11,11
32089,108,103,5,5
32090,76,78,-2,2
32091,72,71,1,1
32092,75,80,-5,5
32093,66,67,-1,1
32094,128,132,-4,4
32095,189,160,29,29
32096,120,133,-13,13
32097,64,57,7,7
32098,141,144,-3,3
32099,96,95,1,1
32100,170,161,9,9
32101,83,80,3,3
32102,101,96,5,5
32103,81,87,-6,6
32104,43,41,2,2
32105,150,134,16,16
32106,70,75,-5,5
32107,89,80,9,9
32108,115,93,22,22
32109,103,101,2,2
32110,54,56,-2,2
32111,63,66,-3,3
32112,127,136,-9,9
32113,96,90,6,6
32114,79,86,-7,7
32115,83,73,10,10
32116,108,92,16,16
32117,116,111,5,5
32118,121,122,-1,1
32119,127,119,8,8
32120,109,117,-8,8
32121,96,89,7,7
32122,82,83,-1,1
32123,103,129,-26,26
32124,142,165,-23,23
32125,161,151,10,10
32126,126,120,6,6
32127,78,72,6,6
32128,157,162,-5,5
32129,63,69,-6,6
32130,64,74,-10,10
32131,90,75,15,15
32132,95,94,1,1
32133,146,149,-3,3
32134,56,44,12,12
32135,48,39,9,9
32136,68,70,-2,2
32137,94,102,-8,8
32138,87,84,3,3
32139,122,109,13,13
32140,126,110,16,16
32141,55,68,-13,13
32142,61,71,-10,10
32143,89,115,-26,26
32144,62,74,-12,12
32145,71,67,4,4
32146,87,93,-6,6
32147,39,39,0,0
32148,123,116,7,7
32149,79,81,-2,2
32150,109,99,10,10
32151,101,108,-7,7
32152,107,113,-6,6
32153,114,110,4,4
32154,81,91,-10,10
32155,167,160,7,7
32156,71,73,-2,2
32157,65,78,-13,13
32158,76,77,-1,1
32159,94,96,-2,2
32160,162,155,7,7
32161,86,103,-17,17
32162,162,164,-2,2
32163,50,68,-18,18
32164,109,94,15,15
32165,70,54,16,16
32166,69,74,-5,5
32167,36,27,9,9
32168,117,112,5,5
32169,104,92,12,12
32170,107,108,-1,1
32171,66,66,0,0
32172,98,107,-9,9
32173,113,111,2,2
32174,57,65,-8,8
32175,117,109,8,8
32176,79,83,-4,4
32177,88,84,4,4
32178,101,95,6,6
32179,98,98,0,0
32180,164,151,13,13
32181,108,108,0,0
32182,79,74,5,5
32183,77,83,-6,6
32184,81,83,-2,2
32185,111,128,-17,17
32186,108,108,0,0
32187,104,107,-3,3
32188,51,35,16,16
32189,79,89,-10,10
32190,141,143,-2,2
32191,105,99,6,6
32192,79,82,-3,3
32193,121,107,14,14
32194,85,93,-8,8
32195,60,59,1,1
32196,76,71,5,5
32197,66,60,6,6
32198,140,135,5,5
32199,115,94,21,21
32200,135,117,18,18
32201,137,157,-20,20
32202,108,118,-10,10
32203,56,61,-5,5
32204,145,146,-1,1
32205,107,99,8,8
32206,75,95,-20,20
32207,73,75,-2,2
32208,58,61,-3,3
32209,73,65,8,8
32210,100,96,4,4
32211,154,139,15,15
32212,89,83,6,6
32213,86,82,4,4
32214,218,195,23,23
32215,96,92,4,4
32216,72,67,5,5
32217,136,153,-17,17
32218,197,179,18,18
32219,75,90,-15,15
32220,138,138,0,0
32221,112,124,-12,12
32222,97,103,-6,6
32223,50,55,-5,5
32224,144,127,17,17
32225,62,60,2,2
32226,91,90,1,1
32227,108,116,-8,8
32228,111,108,3,3
32229,154,150,4,4
32230,84,83,1,1
32231,181,178,3,3
32232,80,66,14,14
32233,134,129,5,5
32234,78,95,-17,17
32235,243,161,82,82
32236,59,54,5,5
32237,83,67,16,16
32238,76,52,24,24
32239,88,85,3,3
32240,62,65,-3,3
32241,81,76,5,5
32242,127,132,-5,5
32243,119,118,1,1
32244,70,73,-3,3
32245,114,98,16,16
32246,91,97,-6,6
32247,120,106,14,14
32248,61,58,3,3
32249,73,71,2,2
32250,77,83,-6,6
32251,175,177,-2,2
32252,86,84,2,2
32253,125,112,13,13
32254,109,96,13,13
32255,90,98,-8,8
32256,71,75,-4,4
32257,64,80,-16,16
32258,91,81,10,10
32259,116,121,-5,5
32260,63,60,3,3
32261,79,77,2,2
32262,56,52,4,4
32263,144,151,-7,7
32264,130,118,12,12
32265,73,75,-2,2
32266,64,103,-39,39
32267,146,141,5,5
32268,30,44,-14,14
32269,107,102,5,5
32270,80,86,-6,6
32271,94,112,-18,18
32272,57,58,-1,1
32273,85,96,-11,11
32274,157,158,-1,1
32275,131,136,-5,5
32276,170,141,29,29
32277,115,128,-13,13
32278,124,102,22,22
32279,83,74,9,9
32280,139,147,-8,8
32281,104,102,2,2
32282,54,46,8,8
32283,117,124,-7,7
32284,84,89,-5,5
32285,97,84,13,13
32286,50,40,10,10
32287,57,62,-5,5
32288,84,85,-1,1
32289,70,80,-10,10
32290,75,83,-8,8
32291,33,100,-67,67
32292,110,135,-25,25
32293,60,65,-5,5
32294,66,63,3,3
32295,121,117,4,4
32296,97,90,7,7
32297,128,117,11,11
32298,82,80,2,2
32299,110,97,13,13
32300,135,141,-6,6
32301,96,107,-11,11
32302,79,65,14,14
32303,82,78,4,4
32304,112,114,-2,2
32305,119,126,-7,7
32306,113,84,29,29
32307,129,129,0,0
32308,30,46,-16,16
32309,143,137,6,6
32310,48,55,-7,7
32311,70,66,4,4
32312,66,93,-27,27
32313,117,122,-5,5
32314,49,49,0,0
32315,73,72,1,1
32316,104,105,-1,1
32317,78,93,-15,15
32318,94,100,-6,6
32319,39,41,-2,2
32320,163,152,11,11
32321,131,125,6,6
32322,78,82,-4,4
32323,107,110,-3,3
32324,40,47,-7,7
32325,83,82,1,1
32326,88,111,-23,23
32327,104,103,1,1
32328,116,113,3,3
32329,144,128,16,16
32330,93,96,-3,3
32331,89,85,4,4
32332,110,102,8,8
32333,62,82,-20,20
32334,100,89,11,11
32335,79,80,-1,1
32336,80,75,5,5
32337,120,122,-2,2
32338,84,101,-17,17
32339,88,91,-3,3
32340,132,143,-11,11
32341,93,82,11,11
32342,79,79,0,0
32343,27,52,-25,25
32344,97,93,4,4
32345,167,158,9,9
32346,146,163,-17,17
32347,45,38,7,7
32348,53,50,3,3
32349,57,61,-4,4
32350,40,57,-17,17
32351,77,87,-10,10
32352,120,113,7,7
32353,87,92,-5,5
32354,189,167,22,22
32355,84,88,-4,4
32356,68,54,14,14
32357,85,103,-18,18
32358,75,72,3,3
32359,58,53,5,5
32360,67,66,1,1
32361,58,71,-13,13
32362,38,43,-5,5
32363,63,67,-4,4
32364,82,93,-11,11
32365,111,116,-5,5
32366,168,151,17,17
32367,67,67,0,0
32368,92,94,-2,2
32369,43,38,5,5
32370,126,123,3,3
32371,94,91,3,3
32372,108,117,-9,9
32373,80,87,-7,7
32374,159,149,10,10
32375,101,88,13,13
32376,71,63,8,8
32377,77,85,-8,8
32378,53,51,2,2
32379,96,111,-15,15
32380,144,132,12,12
32381,96,105,-9,9
32382,120,124,-4,4
32383,91,91,0,0
32384,57,67,-10,10
32385,95,89,6,6
32386,114,119,-5,5
32387,115,117,-2,2
32388,63,51,12,12
32389,103,95,8,8
32390,213,196,17,17
32391,82,88,-6,6
32392,113,105,8,8
32393,75,83,-8,8
32394,122,128,-6,6
32395,82,72,10,10
32396,112,101,11,11
32397,114,120,-6,6
32398,62,57,5,5
32399,145,143,2,2
32400,153,156,-3,3
32401,102,65,37,37
32402,65,65,0,0
32403,79,65,14,14
32404,85,82,3,3
32405,69,53,16,16
32406,69,71,-2,2
32407,106,114,-8,8
32408,73,66,7,7
32409,95,86,9,9
32410,68,62,6,6
32411,72,71,1,1
32412,71,80,-9,9
32413,135,136,-1,1
32414,115,112,3,3
32415,75,71,4,4
32416,57,55,2,2
32417,33,40,-7,7
32418,73,78,-5,5
32419,147,139,8,8
32420,100,92,8,8
32421,81,91,-10,10
32422,130,125,5,5
32423,63,63,0,0
32424,75,81,-6,6
32425,97,104,-7,7
32426,80,74,6,6
32427,67,66,1,1
32428,135,139,-4,4
32429,48,46,2,2
32430,113,123,-10,10
32431,62,59,3,3
32432,66,65,1,1
32433,62,56,6,6
32434,140,155,-15,15
32435,82,84,-2,2
32436,86,84,2,2
32437,123,61,62,62
32438,134,133,1,1
32439,63,65,-2,2
32440,142,143,-1,1
32441,63,57,6,6
32442,94,87,7,7
32443,72,75,-3,3
32444,146,148,-2,2
32445,90,63,27,27
32446,57,63,-6,6
32447,51,67,-16,16
32448,64,69,-5,5
32449,80,84,-4,4
32450,105,97,8,8
32451,109,107,2,2
32452,99,107,-8,8
32453,209,181,28,28
32454,82,68,14,14
32455,49,66,-17,17
32456,72,67,5,5
32457,62,61,1,1
32458,50,52,-2,2
32459,153,149,4,4
32460,140,121,19,19
32461,95,98,-3,3
32462,81,71,10,10
32463,114,102,12,12
32464,130,133,-3,3
32465,31,45,-14,14
32466,86,88,-2,2
32467,100,99,1,1
32468,58,54,4,4
32469,58,59,-1,1
32470,95,78,17,17
32471,121,115,6,6
32472,83,88,-5,5
32473,152,144,8,8
32474,138,140,-2,2
32475,128,138,-10,10
32476,92,99,-7,7
32477,64,70,-6,6
32478,72,78,-6,6
32479,110,116,-6,6
32480,57,55,2,2
32481,99,103,-4,4
32482,98,104,-6,6
32483,73,87,-14,14
32484,53,65,-12,12
32485,55,81,-26,26
32486,61,58,3,3
32487,239,187,52,52
32488,86,84,2,2
32489,133,129,4,4
32490,80,81,-1,1
32491,76,76,0,0
32492,79,66,13,13
32493,140,109,31,31
32494,97,106,-9,9
32495,74,66,8,8
32496,142,125,17,17
32497,82,88,-6,6
32498,62,53,9,9
32499,101,102,-1,1
32500,69,87,-18,18
32501,171,147,24,24
32502,69,70,-1,1
32503,72,60,12,12
32504,93,97,-4,4
32505,78,77,1,1
32506,68,69,-1,1
32507,54,67,-13,13
32508,110,120,-10,10
32509,69,73,-4,4
32510,92,87,5,5
32511,65,63,2,2
32512,28,35,-7,7
32513,65,70,-5,5
32514,69,66,3,3
32515,119,109,10,10
32516,78,73,5,5
32517,75,74,1,1
32518,70,64,6,6
32519,57,73,-16,16
32520,88,90,-2,2
32521,80,72,8,8
32522,113,116,-3,3
32523,63,58,5,5
32524,91,89,2,2
32525,141,134,7,7
32526,88,88,0,0
32527,46,66,-20,20
32528,109,108,1,1
32529,98,104,-6,6
32530,177,167,10,10
32531,142,137,5,5
32532,56,66,-10,10
32533,166,133,33,33
32534,70,55,15,15
32535,64,59,5,5
32536,70,78,-8,8
32537,66,67,-1,1
32538,104,89,15,15
32539,131,117,14,14
32540,82,86,-4,4
32541,65,67,-2,2
32542,95,102,-7,7
32543,79,69,10,10
32544,86,83,3,3
32545,84,84,0,0
32546,103,74,29,29
32547,77,75,2,2
32548,125,127,-2,2
32549,122,114,8,8
32550,64,57,7,7
32551,95,109,-14,14
32552,79,83,-4,4
32553,67,67,0,0
32554,160,153,7,7
32555,103,98,5,5
32556,114,114,0,0
32557,74,74,0,0
32558,123,120,3,3
32559,50,57,-7,7
32560,53,53,0,0
32561,195,203,-8,8
32562,71,70,1,1
32563,171,142,29,29
32564,90,90,0,0
32565,75,79,-4,4
32566,84,77,7,7
32567,86,108,-22,22
32568,101,104,-3,3
32569,131,120,11,11
32570,159,137,22,22
32571,52,64,-12,12
32572,119,111,8,8
32573,85,79,6,6
32574,97,95,2,2
32575,73,71,2,2
32576,54,59,-5,5
32577,73,74,-1,1
32578,127,114,13,13
32579,164,167,-3,3
32580,104,74,30,30
32581,57,50,7,7
32582,40,56,-16,16
32583,103,99,4,4
32584,149,136,13,13
32585,105,93,12,12
32586,184,162,22,22
32587,74,69,5,5
32588,145,141,4,4
32589,74,86,-12,12
32590,83,104,-21,21
32591,82,62,20,20
32592,85,94,-9,9
32593,133,131,2,2
32594,68,74,-6,6
32595,56,79,-23,23
32596,183,170,13,13
32597,66,52,14,14
32598,115,124,-9,9
32599,86,84,2,2
32600,64,67,-3,3
32601,41,46,-5,5
32602,97,122,-25,25
32603,76,72,4,4
32604,64,67,-3,3
32605,67,70,-3,3
32606,92,91,1,1
32607,86,95,-9,9
32608,86,85,1,1
32609,114,115,-1,1
32610,134,118,16,16
32611,80,65,15,15
32612,151,165,-14,14
32613,99,85,14,14
32614,144,144,0,0
32615,118,116,2,2
32616,74,71,3,3
32617,85,79,6,6
32618,51,56,-5,5
32619,57,61,-4,4
32620,152,149,3,3
32621,80,75,5,5
32622,83,74,9,9
32623,69,55,14,14
32624,126,145,-19,19
32625,178,157,21,21
32626,101,115,-14,14
32627,110,107,3,3
32628,53,49,4,4
32629,89,95,-6,6
32630,97,99,-2,2
32631,81,70,11,11
32632,87,79,8,8
32633,52,60,-8,8
32634,98,95,3,3
32635,109,111,-2,2
32636,103,94,9,9
32637,90,70,20,20
32638,73,73,0,0
32639,157,150,7,7
32640,106,96,10,10
32641,144,133,11,11
32642,105,94,11,11
32643,191,170,21,21
32644,79,64,15,15
32645,113,102,11,11
32646,66,60,6,6
32647,62,89,-27,27
32648,71,84,-13,13
32649,93,89,4,4
32650,90,79,11,11
32651,81,78,3,3
32652,97,104,-7,7
32653,43,59,-16,16
32654,150,143,7,7
32655,78,65,13,13
32656,122,107,15,15
32657,76,67,9,9
32658,50,56,-6,6
32659,78,102,-24,24
32660,68,75,-7,7
32661,92,82,10,10
32662,65,67,-2,2
32663,112,107,5,5
32664,69,67,2,2
32665,86,86,0,0
32666,73,80,-7,7
32667,99,80,19,19
32668,99,88,11,11
32669,70,87,-17,17
32670,88,90,-2,2
32671,66,69,-3,3
32672,123,110,13,13
32673,72,52,20,20
32674,120,120,0,0
32675,51,63,-12,12
32676,68,65,3,3
32677,103,106,-3,3
32678,76,76,0,0
32679,77,87,-10,10
32680,143,157,-14,14
32681,128,139,-11,11
32682,87,72,15,15
32683,47,43,4,4
32684,119,114,5,5
32685,119,120,-1,1
32686,52,64,-12,12
32687,123,98,25,25
32688,78,80,-2,2
32689,135,148,-13,13
32690,65,62,3,3
32691,50,71,-21,21
32692,59,73,-14,14
32693,95,78,17,17
32694,74,85,-11,11
32695,127,107,20,20
32696,135,76,59,59
32697,80,84,-4,4
32698,81,86,-5,5
32699,102,108,-6,6
32700,131,142,-11,11
32701,96,90,6,6
32702,100,104,-4,4
32703,104,94,10,10
32704,112,115,-3,3
32705,103,91,12,12
32706,96,106,-10,10
32707,86,88,-2,2
32708,130,145,-15,15
32709,47,52,-5,5
32710,118,104,14,14
32711,81,68,13,13
32712,117,94,23,23
32713,77,74,3,3
32714,129,141,-12,12
32715,111,90,21,21
32716,131,116,15,15
32717,67,71,-4,4
32718,66,60,6,6
32719,111,124,-13,13
32720,71,78,-7,7
32721,58,55,3,3
32722,61,82,-21,21
32723,65,69,-4,4
32724,91,100,-9,9
32725,126,122,4,4
32726,79,30,49,49
32727,98,91,7,7
32728,83,105,-22,22
32729,46,46,0,0
32730,71,67,4,4
32731,56,64,-8,8
32732,74,71,3,3
32733,86,90,-4,4
32734,125,112,13,13
32735,71,72,-1,1
32736,62,62,0,0
32737,96,68,28,28
32738,145,137,8,8
32739,73,63,10,10
32740,67,62,5,5
32741,87,82,5,5
32742,79,71,8,8
32743,93,95,-2,2
32744,72,71,1,1
32745,68,57,11,11
32746,72,69,3,3
32747,132,129,3,3
32748,75,62,13,13
32749,86,87,-1,1
32750,101,91,10,10
32751,193,186,7,7
32752,124,116,8,8
32753,96,80,16,16
32754,102,102,0,0
32755,48,47,1,1
32756,95,92,3,3
32757,172,169,3,3
32758,174,151,23,23
32759,171,151,20,20
32760,64,68,-4,4
32761,90,94,-4,4
32762,77,78,-1,1
32763,79,79,0,0
32764,82,71,11,11
32765,128,118,10,10
32766,96,95,1,1
32767,88,84,4,4
32768,78,78,0,0
32769,115,127,-12,12
32770,75,82,-7,7
32771,132,137,-5,5
32772,161,144,17,17
32773,117,96,21,21
32774,61,51,10,10
32775,84,71,13,13
32776,102,105,-3,3
32777,108,110,-2,2
32778,108,127,-19,19
32779,156,134,22,22
32780,107,105,2,2
32781,74,70,4,4
32782,185,196,-11,11
32783,61,79,-18,18
32784,106,106,0,0
32785,73,77,-4,4
32786,83,73,10,10
32787,53,56,-3,3
32788,216,188,28,28
32789,90,81,9,9
32790,94,103,-9,9
32791,113,118,-5,5
32792,48,51,-3,3
32793,125,156,-31,31
32794,58,54,4,4
32795,112,105,7,7
32796,91,82,9,9
32797,90,100,-10,10
32798,104,103,1,1
32799,59,65,-6,6
32800,74,98,-24,24
32801,99,102,-3,3
32802,76,68,8,8
32803,101,96,5,5
32804,143,146,-3,3
32805,66,59,7,7
32806,108,77,31,31
32807,126,121,5,5
32808,102,90,12,12
32809,106,107,-1,1
32810,84,77,7,7
32811,133,129,4,4
32812,68,72,-4,4
32813,133,133,0,0
32814,91,83,8,8
32815,148,148,0,0
32816,131,87,44,44
32817,105,101,4,4
32818,111,121,-10,10
32819,50,51,-1,1
32820,118,110,8,8
32821,56,63,-7,7
32822,76,71,5,5
32823,141,130,11,11
32824,162,145,17,17
32825,144,146,-2,2
32826,131,142,-11,11
32827,57,42,15,15
32828,105,123,-18,18
32829,74,71,3,3
32830,118,156,-38,38
32831,157,158,-1,1
32832,105,111,-6,6
32833,90,97,-7,7
32834,96,111,-15,15
32835,161,147,14,14
32836,83,75,8,8
32837,145,145,0,0
32838,55,49,6,6
32839,113,126,-13,13
32840,72,81,-9,9
32841,199,180,19,19
32842,57,71,-14,14
32843,86,90,-4,4
32844,124,138,-14,14
32845,59,70,-11,11
32846,65,64,1,1
32847,82,85,-3,3
32848,127,114,13,13
32849,82,87,-5,5
32850,101,88,13,13
32851,105,93,12,12
32852,94,97,-3,3
32853,125,113,12,12
32854,96,139,-43,43
32855,48,50,-2,2
32856,68,79,-11,11
32857,98,100,-2,2
32858,152,134,18,18
32859,139,103,36,36
32860,80,90,-10,10
32861,113,112,1,1
32862,102,128,-26,26
32863,94,91,3,3
32864,56,51,5,5
32865,112,117,-5,5
32866,71,71,0,0
32867,163,164,-1,1
32868,95,110,-15,15
32869,165,155,10,10
32870,100,114,-14,14
32871,104,97,7,7
32872,68,91,-23,23
32873,152,145,7,7
32874,62,62,0,0
32875,56,66,-10,10
32876,87,83,4,4
32877,48,46,2,2
32878,85,78,7,7
32879,82,90,-8,8
32880,70,95,-25,25
32881,80,75,5,5
32882,100,107,-7,7
32883,158,127,31,31
32884,143,132,11,11
32885,76,73,3,3
32886,64,68,-4,4
32887,121,113,8,8
32888,72,76,-4,4
32889,53,60,-7,7
32890,202,187,15,15
32891,54,51,3,3
32892,58,62,-4,4
32893,125,102,23,23
32894,74,58,16,16
32895,58,98,-40,40
32896,144,138,6,6
32897,124,132,-8,8
32898,84,98,-14,14
32899,27,72,-45,45
32900,84,79,5,5
32901,176,150,26,26
32902,44,47,-3,3
32903,66,67,-1,1
32904,73,76,-3,3
32905,71,78,-7,7
32906,42,65,-23,23
32907,61,90,-29,29
32908,71,76,-5,5
32909,90,101,-11,11
32910,74,64,10,10
32911,109,103,6,6
32912,124,128,-4,4
32913,94,91,3,3
32914,158,172,-14,14
32915,97,88,9,9
32916,73,69,4,4
32917,90,100,-10,10
32918,64,62,2,2
32919,144,153,-9,9
32920,104,103,1,1
32921,186,159,27,27
32922,102,95,7,7
32923,85,82,3,3
32924,96,101,-5,5
32925,122,133,-11,11
32926,97,86,11,11
32927,96,90,6,6
32928,50,39,11,11
32929,110,126,-16,16
32930,89,79,10,10
32931,98,95,3,3
32932,123,122,1,1
32933,53,52,1,1
32934,114,123,-9,9
32935,152,157,-5,5
32936,146,159,-13,13
32937,134,117,17,17
32938,105,108,-3,3
32939,38,65,-27,27
32940,99,98,1,1
32941,107,102,5,5
32942,92,82,10,10
32943,120,137,-17,17
32944,129,125,4,4
32945,95,90,5,5
32946,90,91,-1,1
32947,103,110,-7,7
32948,114,105,9,9
32949,59,60,-1,1
32950,36,104,-68,68
32951,99,94,5,5
32952,76,69,7,7
32953,149,107,42,42
32954,106,84,22,22
32955,61,74,-13,13
32956,47,93,-46,46
32957,158,157,1,1
32958,54,43,11,11
32959,50,53,-3,3
32960,98,89,9,9
32961,94,79,15,15
32962,67,65,2,2
32963,49,51,-2,2
32964,146,142,4,4
32965,135,135,0,0
32966,87,77,10,10
32967,98,103,-5,5
32968,59,51,8,8
32969,86,83,3,3
32970,62,70,-8,8
32971,113,103,10,10
32972,93,94,-1,1
32973,75,72,3,3
32974,83,83,0,0
32975,138,132,6,6
32976,67,71,-4,4
32977,84,70,14,14
32978,117,124,-7,7
32979,64,69,-5,5
32980,80,66,14,14
32981,85,91,-6,6
32982,67,73,-6,6
32983,96,91,5,5
32984,72,67,5,5
32985,63,71,-8,8
32986,151,127,24,24
32987,49,72,-23,23
32988,103,82,21,21
32989,32,50,-18,18
32990,70,57,13,13
32991,135,142,-7,7
32992,55,57,-2,2
32993,99,107,-8,8
32994,114,117,-3,3
32995,82,74,8,8
32996,119,126,-7,7
32997,104,107,-3,3
32998,123,116,7,7
32999,113,116,-3,3
33000,153,159,-6,6
33001,89,96,-7,7
33002,48,84,-36,36
33003,113,109,4,4
33004,83,79,4,4
33005,129,121,8,8
33006,67,73,-6,6
33007,96,90,6,6
33008,92,99,-7,7
33009,103,97,6,6
33010,121,106,15,15
33011,48,51,-3,3
33012,98,92,6,6
33013,112,114,-2,2
33014,107,105,2,2
33015,92,79,13,13
33016,72,68,4,4
33017,86,84,2,2
33018,86,78,8,8
33019,120,120,0,0
33020,65,73,-8,8
33021,86,83,3,3
33022,138,131,7,7
33023,74,80,-6,6
33024,60,66,-6,6
33025,125,122,3,3
33026,61,62,-1,1
33027,99,93,6,6
33028,150,152,-2,2
33029,69,72,-3,3
33030,41,42,-1,1
33031,108,94,14,14
33032,163,169,-6,6
33033,121,124,-3,3
33034,72,74,-2,2
33035,109,104,5,5
33036,133,142,-9,9
33037,74,76,-2,2
33038,119,125,-6,6
33039,77,82,-5,5
33040,97,106,-9,9
33041,76,76,0,0
33042,102,99,3,3
33043,88,74,14,14
33044,139,126,13,13
33045,93,89,4,4
33046,171,132,39,39
33047,115,135,-20,20
33048,73,71,2,2
33049,102,100,2,2
33050,97,108,-11,11
33051,107,119,-12,12
33052,180,173,7,7
33053,78,66,12,12
33054,279,252,27,27
33055,86,93,-7,7
33056,80,71,9,9
33057,131,128,3,3
33058,49,57,-8,8
33059,100,98,2,2
33060,53,58,-5,5
33061,116,110,6,6
33062,61,52,9,9
33063,73,73,0,0
33064,70,64,6,6
33065,56,66,-10,10
33066,69,73,-4,4
33067,76,73,3,3
33068,57,65,-8,8
33069,36,64,-28,28
33070,75,95,-20,20
33071,62,56,6,6
33072,78,78,0,0
33073,112,114,-2,2
33074,85,88,-3,3
33075,164,147,17,17
33076,52,61,-9,9
33077,102,112,-10,10
33078,34,23,11,11
33079,52,51,1,1
33080,63,79,-16,16
33081,60,65,-5,5
33082,145,139,6,6
33083,74,79,-5,5
33084,106,128,-22,22
33085,53,60,-7,7
33086,114,117,-3,3
33087,135,138,-3,3
33088,119,122,-3,3
33089,84,97,-13,13
33090,62,60,2,2
33091,150,148,2,2
33092,178,192,-14,14
33093,125,125,0,0
33094,125,122,3,3
33095,56,55,1,1
33096,83,74,9,9
33097,79,96,-17,17
33098,66,62,4,4
33099,62,57,5,5
33100,77,88,-11,11
33101,113,109,4,4
33102,119,136,-17,17
33103,100,80,20,20
33104,121,114,7,7
33105,102,96,6,6
33106,106,116,-10,10
33107,67,63,4,4
33108,104,96,8,8
33109,133,149,-16,16
33110,138,130,8,8
33111,62,75,-13,13
33112,110,110,0,0
33113,140,136,4,4
33114,80,68,12,12
33115,103,99,4,4
33116,114,112,2,2
33117,55,52,3,3
33118,91,95,-4,4
33119,38,61,-23,23
33120,89,72,17,17
33121,129,124,5,5
33122,30,64,-34,34
33123,103,84,19,19
33124,100,92,8,8
33125,87,92,-5,5
33126,99,94,5,5
33127,87,86,1,1
33128,91,93,-2,2
33129,105,93,12,12
33130,104,97,7,7
33131,46,59,-13,13
33132,86,73,13,13
33133,59,74,-15,15
33134,135,129,6,6
33135,47,67,-20,20
33136,108,90,18,18
33137,108,88,20,20
33138,120,122,-2,2
33139,50,77,-27,27
33140,102,118,-16,16
33141,129,138,-9,9
33142,82,115,-33,33
33143,141,124,17,17
33144,87,76,11,11
33145,108,97,11,11
33146,113,122,-9,9
33147,166,159,7,7
33148,82,77,5,5
33149,34,59,-25,25
33150,57,59,-2,2
33151,128,129,-1,1
33152,86,86,0,0
33153,70,65,5,5
33154,106,102,4,4
33155,111,109,2,2
33156,89,99,-10,10
33157,28,56,-28,28
33158,102,100,2,2
33159,159,150,9,9
33160,170,149,21,21
33161,98,102,-4,4
33162,77,75,2,2
33163,118,128,-10,10
33164,96,95,1,1
33165,51,59,-8,8
33166,63,57,6,6
33167,70,72,-2,2
33168,99,110,-11,11
33169,58,54,4,4
33170,60,59,1,1
33171,78,82,-4,4
33172,45,60,-15,15
33173,89,101,-12,12
33174,69,73,-4,4
33175,84,86,-2,2
33176,73,60,13,13
33177,178,170,8,8
33178,63,67,-4,4
33179,108,102,6,6
33180,105,106,-1,1
33181,43,58,-15,15
33182,82,69,13,13
33183,76,83,-7,7
33184,143,142,1,1
33185,91,82,9,9
33186,63,64,-1,1
33187,136,126,10,10
33188,83,77,6,6
33189,128,127,1,1
33190,63,71,-8,8
33191,72,75,-3,3
33192,96,107,-11,11
33193,66,49,17,17
33194,89,114,-25,25
33195,74,70,4,4
33196,69,67,2,2
33197,86,82,4,4
33198,105,108,-3,3
33199,92,97,-5,5
33200,49,57,-8,8
33201,151,148,3,3
33202,87,89,-2,2
33203,86,77,9,9
33204,55,54,1,1
33205,113,132,-19,19
33206,96,94,2,2
33207,84,80,4,4
33208,102,99,3,3
33209,85,93,-8,8
33210,141,133,8,8
33211,90,73,17,17
33212,57,61,-4,4
33213,80,89,-9,9
33214,111,115,-4,4
33215,82,118,-36,36
33216,85,86,-1,1
33217,85,66,19,19
33218,67,60,7,7
33219,86,81,5,5
33220,102,103,-1,1
33221,71,66,5,5
33222,130,152,-22,22
33223,76,79,-3,3
33224,70,61,9,9
33225,86,102,-16,16
33226,55,48,7,7
33227,97,111,-14,14
33228,98,125,-27,27
33229,70,65,5,5
33230,102,101,1,1
33231,79,79,0,0
33232,104,99,5,5
33233,70,67,3,3
33234,94,87,7,7
33235,103,108,-5,5
33236,102,95,7,7
33237,102,105,-3,3
33238,67,65,2,2
33239,165,156,9,9
33240,73,76,-3,3
33241,149,129,20,20
33242,92,84,8,8
33243,57,68,-11,11
33244,76,58,18,18
33245,129,134,-5,5
33246,66,60,6,6
33247,132,120,12,12
33248,108,108,0,0
33249,162,152,10,10
33250,104,99,5,5
33251,98,107,-9,9
33252,81,66,15,15
33253,106,115,-9,9
33254,134,150,-16,16
33255,118,112,6,6
33256,156,146,10,10
33257,73,73,0,0
33258,106,103,3,3
33259,64,61,3,3
33260,66,53,13,13
33261,126,113,13,13
33262,103,99,4,4
33263,57,49,8,8
33264,158,159,-1,1
33265,103,100,3,3
33266,103,101,2,2
33267,172,148,24,24
33268,137,145,-8,8
33269,95,81,14,14
33270,127,124,3,3
33271,87,72,15,15
33272,136,130,6,6
33273,51,53,-2,2
33274,95,89,6,6
33275,100,96,4,4
33276,140,129,11,11
33277,102,78,24,24
33278,69,69,0,0
33279,148,139,9,9
33280,121,136,-15,15
33281,133,151,-18,18
33282,106,104,2,2
33283,95,93,2,2
33284,71,82,-11,11
33285,148,146,2,2
33286,188,176,12,12
33287,111,113,-2,2
33288,88,85,3,3
33289,71,84,-13,13
33290,83,85,-2,2
33291,44,52,-8,8
33292,69,69,0,0
33293,44,36,8,8
33294,111,116,-5,5
33295,105,113,-8,8
33296,76,75,1,1
33297,95,93,2,2
33298,181,188,-7,7
33299,128,120,8,8
33300,81,79,2,2
33301,175,156,19,19
33302,57,56,1,1
33303,70,66,4,4
33304,77,66,11,11
33305,61,65,-4,4
33306,108,105,3,3
33307,69,68,1,1
33308,61,61,0,0
33309,116,110,6,6
33310,50,52,-2,2
33311,95,87,8,8
33312,62,64,-2,2
33313,161,153,8,8
33314,101,97,4,4
33315,84,83,1,1
33316,87,100,-13,13
33317,71,65,6,6
33318,56,65,-9,9
33319,77,81,-4,4
33320,100,86,14,14
33321,74,73,1,1
33322,59,60,-1,1
33323,117,119,-2,2
33324,102,105,-3,3
33325,97,92,5,5
33326,77,64,13,13
33327,128,142,-14,14
33328,89,90,-1,1
33329,67,66,1,1
33330,69,65,4,4
33331,104,110,-6,6
33332,55,49,6,6
33333,62,62,0,0
33334,101,80,21,21
33335,78,69,9,9
33336,86,63,23,23
33337,81,77,4,4
33338,104,88,16,16
33339,57,60,-3,3
33340,101,100,1,1
33341,84,77,7,7
33342,73,90,-17,17
33343,106,115,-9,9
33344,102,105,-3,3
33345,71,73,-2,2
33346,144,141,3,3
33347,131,112,19,19
33348,82,76,6,6
33349,83,88,-5,5
33350,169,171,-2,2
33351,70,61,9,9
33352,158,155,3,3
33353,162,126,36,36
33354,104,99,5,5
33355,52,40,12,12
33356,59,56,3,3
33357,70,67,3,3
33358,112,118,-6,6
33359,106,85,21,21
33360,130,129,1,1
33361,111,98,13,13
33362,117,104,13,13
33363,118,136,-18,18
33364,74,72,2,2
33365,52,59,-7,7
33366,97,100,-3,3
33367,72,70,2,2
33368,84,88,-4,4
33369,50,63,-13,13
33370,101,97,4,4
33371,52,76,-24,24
33372,85,96,-11,11
33373,90,91,-1,1
33374,66,70,-4,4
33375,132,119,13,13
33376,91,106,-15,15
33377,46,50,-4,4
33378,36,35,1,1
33379,94,95,-1,1
33380,65,63,2,2
33381,85,84,1,1
33382,78,77,1,1
33383,140,151,-11,11
33384,79,68,11,11
33385,108,107,1,1
33386,84,87,-3,3
33387,89,87,2,2
33388,119,114,5,5
33389,52,55,-3,3
33390,130,109,21,21
33391,57,49,8,8
33392,128,126,2,2
33393,106,101,5,5
33394,65,57,8,8
33395,75,79,-4,4
33396,153,148,5,5
33397,42,51,-9,9
33398,70,61,9,9
33399,157,151,6,6
33400,153,152,1,1
33401,93,85,8,8
33402,85,85,0,0
33403,70,85,-15,15
33404,84,89,-5,5
33405,61,60,1,1
33406,80,76,4,4
33407,60,56,4,4
33408,60,54,6,6
33409,122,136,-14,14
33410,87,82,5,5
33411,207,143,64,64
33412,102,113,-11,11
33413,52,53,-1,1
33414,75,75,0,0
33415,62,62,0,0
33416,82,92,-10,10
33417,144,141,3,3
33418,130,132,-2,2
33419,90,75,15,15
33420,71,74,-3,3
33421,77,70,7,7
33422,72,68,4,4
33423,46,47,-1,1
33424,55,63,-8,8
33425,64,81,-17,17
33426,73,65,8,8
33427,76,80,-4,4
33428,100,99,1,1
33429,108,93,15,15
33430,130,124,6,6
33431,136,128,8,8
33432,89,85,4,4
33433,79,82,-3,3
33434,110,97,13,13
33435,125,144,-19,19
33436,79,87,-8,8
33437,32,32,0,0
33438,97,116,-19,19
33439,135,128,7,7
33440,93,87,6,6
33441,111,106,5,5
33442,87,101,-14,14
33443,131,121,10,10
33444,72,72,0,0
33445,72,86,-14,14
33446,192,163,29,29
33447,129,119,10,10
33448,102,91,11,11
33449,86,72,14,14
33450,134,123,11,11
33451,157,154,3,3
33452,75,73,2,2
33453,93,89,4,4
33454,96,90,6,6
33455,105,102,3,3
33456,110,118,-8,8
33457,137,118,19,19
33458,194,191,3,3
33459,82,79,3,3
33460,102,110,-8,8
33461,92,93,-1,1
33462,119,98,21,21
33463,113,106,7,7
33464,85,81,4,4
33465,66,67,-1,1
33466,145,147,-2,2
33467,112,119,-7,7
33468,133,141,-8,8
33469,113,102,11,11
33470,175,150,25,25
33471,113,127,-14,14
33472,59,61,-2,2
33473,97,94,3,3
33474,74,78,-4,4
33475,53,45,8,8
33476,108,120,-12,12
33477,133,120,13,13
33478,46,48,-2,2
33479,135,108,27,27
33480,111,112,-1,1
33481,117,121,-4,4
33482,69,69,0,0
33483,175,157,18,18
33484,83,72,11,11
33485,80,80,0,0
33486,95,117,-22,22
33487,80,76,4,4
33488,71,62,9,9
33489,61,62,-1,1
33490,83,88,-5,5
33491,168,162,6,6
33492,78,69,9,9
33493,79,91,-12,12
33494,112,116,-4,4
33495,73,82,-9,9
33496,71,86,-15,15
33497,86,83,3,3
33498,105,108,-3,3
33499,103,98,5,5
33500,81,82,-1,1
33501,70,65,5,5
33502,107,100,7,7
33503,150,163,-13,13
33504,70,66,4,4
33505,80,80,0,0
33506,48,55,-7,7
33507,100,111,-11,11
33508,52,54,-2,2
33509,97,99,-2,2
33510,172,154,18,18
33511,28,42,-14,14
33512,42,87,-45,45
33513,120,124,-4,4
33514,60,68,-8,8
33515,118,90,28,28
33516,175,162,13,13
33517,69,70,-1,1
33518,50,54,-4,4
33519,90,96,-6,6
33520,109,119,-10,10
33521,63,80,-17,17
33522,63,64,-1,1
33523,54,61,-7,7
33524,115,117,-2,2
33525,61,54,7,7
33526,91,89,2,2
33527,76,88,-12,12
33528,72,82,-10,10
33529,64,65,-1,1
33530,47,54,-7,7
33531,67,62,5,5
33532,111,122,-11,11
33533,102,135,-33,33
33534,68,65,3,3
33535,101,84,17,17
33536,154,141,13,13
33537,71,74,-3,3
33538,77,79,-2,2
33539,74,68,6,6
33540,95,97,-2,2
33541,98,106,-8,8
33542,87,79,8,8
33543,134,142,-8,8
33544,118,120,-2,2
33545,146,148,-2,2
33546,82,85,-3,3
33547,85,71,14,14
33548,68,87,-19,19
33549,62,66,-4,4
33550,79,63,16,16
33551,33,42,-9,9
33552,130,121,9,9
33553,88,117,-29,29
33554,132,134,-2,2
33555,69,70,-1,1
33556,98,83,15,15
33557,113,73,40,40
33558,84,84,0,0
33559,78,65,13,13
33560,121,104,17,17
33561,69,69,0,0
33562,70,88,-18,18
33563,89,104,-15,15
33564,97,89,8,8
33565,89,83,6,6
33566,128,113,15,15
33567,149,141,8,8
33568,115,113,2,2
33569,68,125,-57,57
33570,44,41,3,3
33571,36,45,-9,9
33572,64,83,-19,19
33573,75,50,25,25
33574,85,83,2,2
33575,90,84,6,6
33576,98,119,-21,21
33577,110,110,0,0
33578,91,88,3,3
33579,179,158,21,21
33580,97,80,17,17
33581,65,76,-11,11
33582,111,120,-9,9
33583,191,158,33,33
33584,181,154,27,27
33585,58,55,3,3
33586,90,78,12,12
33587,101,95,6,6
33588,164,154,10,10
33589,117,99,18,18
33590,84,94,-10,10
33591,112,101,11,11
33592,117,97,20,20
33593,80,72,8,8
33594,150,125,25,25
33595,94,96,-2,2
33596,115,112,3,3
33597,157,133,24,24
33598,69,70,-1,1
33599,61,68,-7,7
33600,97,100,-3,3
33601,74,76,-2,2
33602,90,87,3,3
33603,59,60,-1,1
33604,121,113,8,8
33605,102,91,11,11
33606,107,108,-1,1
33607,102,108,-6,6
33608,256,257,-1,1
33609,75,77,-2,2
33610,80,79,1,1
33611,67,71,-4,4
33612,122,123,-1,1
33613,65,54,11,11
33614,74,79,-5,5
33615,86,75,11,11
33616,206,221,-15,15
33617,139,146,-7,7
33618,76,77,-1,1
33619,186,180,6,6
33620,111,120,-9,9
33621,80,64,16,16
33622,148,161,-13,13
33623,76,74,2,2
33624,123,126,-3,3
33625,79,84,-5,5
33626,118,121,-3,3
33627,51,48,3,3
33628,88,106,-18,18
33629,157,153,4,4
33630,84,96,-12,12
33631,129,134,-5,5
33632,131,111,20,20
33633,74,87,-13,13
33634,93,91,2,2
33635,88,91,-3,3
33636,74,80,-6,6
33637,102,100,2,2
33638,143,142,1,1
33639,67,73,-6,6
33640,197,167,30,30
33641,98,84,14,14
33642,117,105,12,12
33643,120,122,-2,2
33644,118,124,-6,6
33645,63,54,9,9
33646,139,150,-11,11
33647,144,133,11,11
33648,96,99,-3,3
33649,110,88,22,22
33650,121,117,4,4
33651,68,78,-10,10
33652,84,102,-18,18
33653,118,122,-4,4
33654,96,92,4,4
33655,78,83,-5,5
33656,27,23,4,4
33657,157,149,8,8
33658,137,143,-6,6
33659,107,108,-1,1
33660,95,99,-4,4
33661,45,56,-11,11
33662,69,77,-8,8
33663,196,180,16,16
33664,108,96,12,12
33665,88,79,9,9
33666,199,177,22,22
33667,111,115,-4,4
33668,179,157,22,22
33669,157,160,-3,3
33670,82,66,16,16
33671,77,74,3,3
33672,56,51,5,5
33673,63,59,4,4
33674,196,174,22,22
33675,89,87,2,2
33676,126,111,15,15
33677,39,39,0,0
33678,80,87,-7,7
33679,97,99,-2,2
33680,85,90,-5,5
33681,58,52,6,6
33682,132,134,-2,2
33683,54,58,-4,4
33684,99,95,4,4
33685,91,92,-1,1
33686,75,64,11,11
33687,57,69,-12,12
33688,66,70,-4,4
33689,105,107,-2,2
33690,51,33,18,18
33691,134,117,17,17
33692,27,38,-11,11
33693,71,61,10,10
33694,65,66,-1,1
33695,112,96,16,16
33696,100,106,-6,6
33697,56,48,8,8
33698,74,60,14,14
33699,137,125,12,12
33700,96,101,-5,5
33701,113,135,-22,22
33702,56,59,-3,3
33703,91,94,-3,3
33704,179,180,-1,1
33705,54,49,5,5
33706,90,114,-24,24
33707,92,88,4,4
33708,87,85,2,2
33709,122,117,5,5
33710,150,137,13,13
33711,90,84,6,6
33712,98,87,11,11
33713,59,72,-13,13
33714,122,116,6,6
33715,150,149,1,1
33716,74,69,5,5
33717,65,59,6,6
33718,53,58,-5,5
33719,93,85,8,8
33720,108,101,7,7
33721,70,77,-7,7
33722,135,129,6,6
33723,87,88,-1,1
33724,65,81,-16,16
33725,55,44,11,11
33726,40,57,-17,17
33727,88,81,7,7
33728,168,153,15,15
33729,37,39,-2,2
33730,80,63,17,17
33731,92,92,0,0
33732,157,147,10,10
33733,121,125,-4,4
33734,119,121,-2,2
33735,131,109,22,22
33736,112,104,8,8
33737,71,89,-18,18
33738,73,75,-2,2
33739,99,91,8,8
33740,81,67,14,14
33741,70,62,8,8
33742,91,90,1,1
33743,63,61,2,2
33744,65,68,-3,3
33745,92,97,-5,5
33746,83,73,10,10
33747,62,60,2,2
33748,137,123,14,14
33749,194,171,23,23
33750,104,100,4,4
33751,136,139,-3,3
33752,149,145,4,4
33753,109,107,2,2
33754,70,66,4,4
33755,121,105,16,16
33756,73,85,-12,12
33757,97,96,1,1
33758,105,103,2,2
33759,131,130,1,1
33760,118,108,10,10
33761,97,95,2,2
33762,49,46,3,3
33763,110,106,4,4
33764,87,100,-13,13
33765,107,110,-3,3
33766,72,65,7,7
33767,173,156,17,17
33768,117,117,0,0
33769,91,96,-5,5
33770,93,74,19,19
33771,34,36,-2,2
33772,75,70,5,5
33773,110,108,2,2
33774,76,83,-7,7
33775,122,143,-21,21
33776,94,91,3,3
33777,60,60,0,0
33778,96,95,1,1
33779,92,86,6,6
33780,155,138,17,17
33781,116,105,11,11
33782,113,109,4,4
33783,70,56,14,14
33784,127,138,-11,11
33785,104,116,-12,12
33786,103,109,-6,6
33787,66,60,6,6
33788,58,74,-16,16
33789,47,49,-2,2
33790,124,128,-4,4
33791,47,44,3,3
33792,134,117,17,17
33793,126,126,0,0
33794,133,126,7,7
33795,101,102,-1,1
33796,48,51,-3,3
33797,69,63,6,6
33798,62,55,7,7
33799,112,99,13,13
33800,124,138,-14,14
33801,68,67,1,1
33802,70,59,11,11
33803,98,100,-2,2
33804,61,77,-16,16
33805,98,105,-7,7
33806,128,113,15,15
33807,112,104,8,8
33808,62,65,-3,3
33809,106,97,9,9
33810,90,77,13,13
33811,57,57,0,0
33812,127,131,-4,4
33813,83,80,3,3
33814,123,113,10,10
33815,99,91,8,8
33816,114,118,-4,4
33817,124,130,-6,6
33818,63,63,0,0
33819,169,164,5,5
33820,86,75,11,11
33821,97,96,1,1
33822,95,89,6,6
33823,97,88,9,9
33824,120,111,9,9
33825,100,93,7,7
33826,127,142,-15,15
33827,65,55,10,10
33828,74,78,-4,4
33829,146,134,12,12
33830,93,91,2,2
33831,76,76,0,0
33832,127,118,9,9
33833,61,55,6,6
33834,81,85,-4,4
33835,132,93,39,39
33836,69,55,14,14
33837,56,66,-10,10
33838,103,101,2,2
33839,110,102,8,8
33840,102,99,3,3
33841,74,67,7,7
33842,111,118,-7,7
33843,74,66,8,8
33844,58,60,-2,2
33845,96,108,-12,12
33846,67,68,-1,1
33847,57,69,-12,12
33848,104,96,8,8
33849,60,77,-17,17
33850,50,53,-3,3
33851,120,113,7,7
33852,73,70,3,3
33853,45,54,-9,9
33854,95,95,0,0
33855,125,135,-10,10
33856,106,102,4,4
33857,80,70,10,10
33858,138,134,4,4
33859,105,107,-2,2
33860,100,91,9,9
33861,89,79,10,10
33862,161,146,15,15
33863,115,125,-10,10
33864,109,101,8,8
33865,120,117,3,3
33866,64,53,11,11
33867,85,88,-3,3
33868,139,135,4,4
33869,56,71,-15,15
33870,100,101,-1,1
33871,61,55,6,6
33872,87,88,-1,1
33873,78,67,11,11
33874,135,124,11,11
33875,149,148,1,1
33876,123,96,27,27
33877,114,97,17,17
33878,106,120,-14,14
33879,121,105,16,16
33880,103,121,-18,18
33881,133,127,6,6
33882,83,73,10,10
33883,90,84,6,6
33884,43,64,-21,21
33885,195,171,24,24
33886,82,76,6,6
33887,121,119,2,2
33888,77,77,0,0
33889,80,88,-8,8
33890,56,58,-2,2
33891,70,56,14,14
33892,57,54,3,3
33893,98,96,2,2
33894,85,89,-4,4
33895,102,98,4,4
33896,114,100,14,14
33897,153,146,7,7
33898,61,61,0,0
33899,99,97,2,2
33900,77,73,4,4
33901,89,66,23,23
33902,79,83,-4,4
33903,108,116,-8,8
33904,102,79,23,23
33905,54,58,-4,4
33906,101,94,7,7
33907,131,127,4,4
33908,56,52,4,4
33909,110,105,5,5
33910,78,72,6,6
33911,153,141,12,12
33912,73,72,1,1
33913,105,94,11,11
33914,57,92,-35,35
33915,95,102,-7,7
33916,56,69,-13,13
33917,107,102,5,5
33918,62,86,-24,24
33919,157,147,10,10
33920,94,79,15,15
33921,84,75,9,9
33922,131,122,9,9
33923,75,74,1,1
33924,122,122,0,0
33925,114,129,-15,15
33926,61,57,4,4
33927,137,134,3,3
33928,72,68,4,4
33929,115,104,11,11
33930,49,80,-31,31
33931,98,100,-2,2
33932,114,113,1,1
33933,79,89,-10,10
33934,75,63,12,12
33935,111,90,21,21
33936,84,70,14,14
33937,61,56,5,5
33938,70,83,-13,13
33939,103,98,5,5
33940,119,111,8,8
33941,62,55,7,7
33942,94,76,18,18
33943,161,151,10,10
33944,253,208,45,45
33945,112,115,-3,3
33946,63,67,-4,4
33947,90,81,9,9
33948,124,127,-3,3
33949,85,73,12,12
33950,167,158,9,9
33951,115,85,30,30
33952,113,109,4,4
33953,95,96,-1,1
33954,93,89,4,4
33955,138,126,12,12
33956,74,81,-7,7
33957,52,69,-17,17
33958,104,104,0,0
33959,143,134,9,9
33960,74,83,-9,9
33961,69,69,0,0
33962,133,91,42,42
33963,82,72,10,10
33964,98,93,5,5
33965,77,74,3,3
33966,142,147,-5,5
33967,84,101,-17,17
33968,95,95,0,0
33969,83,76,7,7
33970,114,100,14,14
33971,53,82,-29,29
33972,91,87,4,4
33973,122,124,-2,2
33974,89,116,-27,27
33975,81,80,1,1
33976,110,106,4,4
33977,96,95,1,1
33978,119,119,0,0
33979,80,78,2,2
33980,108,88,20,20
33981,71,63,8,8
33982,80,79,1,1
33983,157,161,-4,4
33984,85,70,15,15
33985,47,56,-9,9
33986,68,49,19,19
33987,86,72,14,14
33988,71,68,3,3
33989,64,61,3,3
33990,65,72,-7,7
33991,155,160,-5,5
33992,108,112,-4,4
33993,188,163,25,25
33994,109,99,10,10
33995,64,65,-1,1
33996,120,135,-15,15
33997,72,71,1,1
33998,55,58,-3,3
33999,69,65,4,4
34000,186,158,28,28
34001,96,114,-18,18
34002,77,77,0,0
34003,83,79,4,4
34004,79,72,7,7
34005,55,58,-3,3
34006,155,132,23,23
34007,91,85,6,6
34008,48,60,-12,12
34009,122,114,8,8
34010,75,88,-13,13
34011,109,117,-8,8
34012,110,115,-5,5
34013,79,70,9,9
34014,69,58,11,11
34015,78,84,-6,6
34016,129,134,-5,5
34017,131,124,7,7
34018,45,49,-4,4
34019,96,88,8,8
34020,105,123,-18,18
34021,128,123,5,5
34022,139,124,15,15
34023,116,109,7,7
34024,81,83,-2,2
34025,77,77,0,0
34026,100,100,0,0
34027,68,71,-3,3
34028,70,78,-8,8
34029,222,224,-2,2
34030,22,41,-19,19
34031,121,123,-2,2
34032,67,66,1,1
34033,87,82,5,5
34034,58,59,-1,1
34035,69,73,-4,4
34036,71,77,-6,6
34037,54,66,-12,12
34038,60,57,3,3
34039,87,90,-3,3
34040,101,91,10,10
34041,61,52,9,9
34042,141,120,21,21
34043,121,125,-4,4
34044,102,90,12,12
34045,78,80,-2,2
34046,96,111,-15,15
34047,56,46,10,10
34048,101,80,21,21
34049,64,68,-4,4
34050,55,58,-3,3
34051,89,69,20,20
34052,84,83,1,1
34053,90,84,6,6
34054,166,158,8,8
34055,85,119,-34,34
34056,94,87,7,7
34057,130,135,-5,5
34058,146,151,-5,5
34059,77,91,-14,14
34060,97,97,0,0
34061,102,96,6,6
34062,150,149,1,1
34063,104,103,1,1
34064,90,88,2,2
34065,70,73,-3,3
34066,45,59,-14,14
34067,76,58,18,18
34068,90,106,-16,16
34069,63,50,13,13
34070,123,143,-20,20
34071,91,74,17,17
34072,102,79,23,23
34073,120,104,16,16
34074,48,68,-20,20
34075,42,60,-18,18
34076,85,83,2,2
34077,67,65,2,2
34078,73,56,17,17
34079,67,62,5,5
34080,87,85,2,2
34081,172,130,42,42
34082,128,137,-9,9
34083,116,108,8,8
34084,102,97,5,5
34085,134,135,-1,1
34086,94,116,-22,22
34087,55,55,0,0
34088,175,173,2,2
34089,71,70,1,1
34090,53,55,-2,2
34091,92,98,-6,6
34092,111,101,10,10
34093,120,123,-3,3
34094,107,114,-7,7
34095,48,48,0,0
34096,85,72,13,13
34097,122,128,-6,6
34098,90,96,-6,6
34099,70,70,0,0
34100,63,59,4,4
34101,110,105,5,5
34102,56,49,7,7
34103,96,103,-7,7
34104,79,76,3,3
34105,56,56,0,0
34106,115,103,12,12
34107,60,67,-7,7
34108,59,56,3,3
34109,74,62,12,12
34110,110,118,-8,8
34111,99,103,-4,4
34112,106,115,-9,9
34113,62,49,13,13
34114,93,87,6,6
34115,59,63,-4,4
34116,88,73,15,15
34117,75,91,-16,16
34118,78,71,7,7
34119,67,61,6,6
34120,118,117,1,1
34121,66,56,10,10
34122,69,66,3,3
34123,110,103,7,7
34124,102,103,-1,1
34125,127,122,5,5
34126,99,96,3,3
34127,127,135,-8,8
34128,97,80,17,17
34129,52,56,-4,4
34130,56,56,0,0
34131,64,58,6,6
34132,111,113,-2,2
34133,114,102,12,12
34134,162,141,21,21
34135,56,71,-15,15
34136,35,35,0,0
34137,83,83,0,0
34138,151,152,-1,1
34139,77,81,-4,4
34140,65,77,-12,12
34141,67,64,3,3
34142,81,77,4,4
34143,56,52,4,4
34144,67,73,-6,6
34145,59,60,-1,1
34146,142,124,18,18
34147,79,82,-3,3
34148,104,94,10,10
34149,68,67,1,1
34150,67,64,3,3
34151,56,69,-13,13
34152,66,64,2,2
34153,31,34,-3,3
34154,121,111,10,10
34155,115,102,13,13
34156,68,65,3,3
34157,103,108,-5,5
34158,71,105,-34,34
34159,115,117,-2,2
34160,122,110,12,12
34161,99,99,0,0
34162,112,109,3,3
34163,215,212,3,3
34164,68,73,-5,5
34165,84,89,-5,5
34166,82,83,-1,1
34167,82,82,0,0
34168,95,89,6,6
34169,80,87,-7,7
34170,121,124,-3,3
34171,103,90,13,13
34172,74,88,-14,14
34173,59,60,-1,1
34174,106,95,11,11
34175,62,62,0,0
34176,49,47,2,2
34177,62,61,1,1
34178,151,153,-2,2
34179,178,145,33,33
34180,96,96,0,0
34181,91,102,-11,11
34182,74,81,-7,7
34183,78,78,0,0
34184,95,121,-26,26
34185,109,110,-1,1
34186,59,64,-5,5
34187,64,54,10,10
34188,122,120,2,2
34189,106,114,-8,8
34190,137,142,-5,5
34191,79,69,10,10
34192,45,53,-8,8
34193,96,92,4,4
34194,53,52,1,1
34195,121,111,10,10
34196,138,142,-4,4
34197,107,99,8,8
34198,90,85,5,5
34199,83,96,-13,13
34200,65,64,1,1
34201,68,68,0,0
34202,50,52,-2,2
34203,44,63,-19,19
34204,78,82,-4,4
34205,74,70,4,4
34206,67,60,7,7
34207,116,100,16,16
34208,50,51,-1,1
34209,100,91,9,9
34210,52,61,-9,9
34211,70,54,16,16
34212,92,92,0,0
34213,130,121,9,9
34214,139,149,-10,10
34215,96,83,13,13
34216,98,82,16,16
34217,49,50,-1,1
34218,90,73,17,17
34219,103,104,-1,1
34220,39,46,-7,7
34221,172,156,16,16
34222,104,90,14,14
34223,63,70,-7,7
34224,78,69,9,9
34225,65,60,5,5
34226,58,49,9,9
34227,140,127,13,13
34228,95,106,-11,11
34229,77,64,13,13
34230,122,121,1,1
34231,63,53,10,10
34232,26,45,-19,19
34233,78,76,2,2
34234,60,67,-7,7
34235,80,76,4,4
34236,96,96,0,0
34237,62,67,-5,5
34238,77,78,-1,1
34239,101,90,11,11
34240,103,107,-4,4
34241,87,93,-6,6
34242,132,130,2,2
34243,223,183,40,40
34244,117,109,8,8
34245,151,116,35,35
34246,87,103,-16,16
34247,103,92,11,11
34248,59,62,-3,3
34249,150,127,23,23
34250,100,87,13,13
34251,92,75,17,17
34252,65,67,-2,2
34253,72,70,2,2
34254,48,63,-15,15
34255,114,113,1,1
34256,63,54,9,9
34257,139,135,4,4
34258,86,91,-5,5
34259,96,79,17,17
34260,80,76,4,4
34261,126,100,26,26
34262,112,109,3,3
34263,99,108,-9,9
34264,83,77,6,6
34265,62,60,2,2
34266,53,67,-14,14
34267,40,46,-6,6
34268,103,120,-17,17
34269,87,84,3,3
34270,66,57,9,9
34271,116,115,1,1
34272,107,97,10,10
34273,121,122,-1,1
34274,114,90,24,24
34275,111,119,-8,8
34276,105,106,-1,1
34277,103,107,-4,4
34278,106,107,-1,1
34279,126,115,11,11
34280,104,109,-5,5
34281,77,76,1,1
34282,114,108,6,6
34283,77,73,4,4
34284,83,79,4,4
34285,78,77,1,1
34286,81,84,-3,3
34287,64,67,-3,3
34288,134,123,11,11
34289,78,76,2,2
34290,137,130,7,7
34291,80,73,7,7
34292,145,132,13,13
34293,103,111,-8,8
34294,101,99,2,2
34295,87,78,9,9
34296,83,85,-2,2
34297,98,97,1,1
34298,133,140,-7,7
34299,114,119,-5,5
34300,119,95,24,24
34301,94,94,0,0
34302,85,85,0,0
34303,162,157,5,5
34304,85,77,8,8
34305,62,70,-8,8
34306,83,78,5,5
34307,99,99,0,0
34308,79,77,2,2
34309,95,98,-3,3
34310,140,137,3,3
34311,165,161,4,4
34312,104,102,2,2
34313,110,120,-10,10
34314,138,162,-24,24
34315,117,145,-28,28
34316,120,110,10,10
34317,67,70,-3,3
34318,82,79,3,3
34319,110,96,14,14
34320,110,99,11,11
34321,63,63,0,0
34322,54,50,4,4
34323,128,137,-9,9
34324,90,78,12,12
34325,99,105,-6,6
34326,121,159,-38,38
34327,47,51,-4,4
34328,88,65,23,23
34329,96,80,16,16
34330,83,107,-24,24
34331,91,75,16,16
34332,100,99,1,1
34333,68,71,-3,3
34334,44,45,-1,1
34335,94,86,8,8
34336,48,50,-2,2
34337,63,62,1,1
34338,114,118,-4,4
34339,88,75,13,13
34340,105,96,9,9
34341,67,60,7,7
34342,61,50,11,11
34343,120,121,-1,1
34344,111,99,12,12
34345,102,99,3,3
34346,111,104,7,7
34347,48,48,0,0
34348,102,107,-5,5
34349,101,98,3,3
34350,88,88,0,0
34351,58,65,-7,7
34352,64,65,-1,1
34353,65,63,2,2
34354,156,154,2,2
34355,84,82,2,2
34356,169,155,14,14
34357,130,118,12,12
34358,51,66,-15,15
34359,60,59,1,1
34360,109,87,22,22
34361,107,112,-5,5
34362,133,137,-4,4
34363,73,67,6,6
34364,117,126,-9,9
34365,105,95,10,10
34366,118,149,-31,31
34367,107,93,14,14
34368,89,79,10,10
34369,130,125,5,5
34370,107,127,-20,20
34371,86,97,-11,11
34372,87,90,-3,3
34373,166,156,10,10
34374,91,82,9,9
34375,83,81,2,2
34376,90,133,-43,43
34377,60,68,-8,8
34378,73,74,-1,1
34379,133,119,14,14
34380,131,126,5,5
34381,128,152,-24,24
34382,93,84,9,9
34383,48,55,-7,7
34384,126,103,23,23
34385,62,67,-5,5
34386,50,62,-12,12
34387,70,69,1,1
34388,111,107,4,4
34389,89,77,12,12
34390,94,100,-6,6
34391,38,38,0,0
34392,76,87,-11,11
34393,92,94,-2,2
34394,66,69,-3,3
34395,84,79,5,5
34396,72,71,1,1
34397,79,73,6,6
34398,78,84,-6,6
34399,61,67,-6,6
34400,68,63,5,5
34401,114,92,22,22
34402,84,80,4,4
34403,51,56,-5,5
34404,96,80,16,16
34405,74,78,-4,4
34406,64,75,-11,11
34407,79,67,12,12
34408,89,75,14,14
34409,150,163,-13,13
34410,137,132,5,5
34411,62,70,-8,8
34412,120,108,12,12
34413,75,69,6,6
34414,63,70,-7,7
34415,144,155,-11,11
34416,83,72,11,11
34417,71,100,-29,29
34418,125,115,10,10
34419,71,75,-4,4
34420,90,91,-1,1
34421,57,42,15,15
34422,68,74,-6,6
34423,117,109,8,8
34424,142,140,2,2
34425,95,85,10,10
34426,91,85,6,6
34427,86,81,5,5
34428,119,135,-16,16
34429,71,82,-11,11
34430,97,94,3,3
34431,92,92,0,0
34432,86,115,-29,29
34433,48,25,23,23
34434,50,29,21,21
34435,105,152,-47,47
34436,105,113,-8,8
34437,127,109,18,18
34438,108,116,-8,8
34439,71,66,5,5
34440,73,74,-1,1
34441,68,62,6,6
34442,147,127,20,20
34443,142,145,-3,3
34444,39,47,-8,8
34445,91,75,16,16
34446,79,78,1,1
34447,84,78,6,6
34448,123,119,4,4
34449,63,68,-5,5
34450,196,196,0,0
34451,161,167,-6,6
34452,152,125,27,27
34453,144,135,9,9
34454,96,106,-10,10
34455,125,129,-4,4
34456,82,89,-7,7
34457,128,116,12,12
34458,160,167,-7,7
34459,43,47,-4,4
34460,68,68,0,0
34461,108,80,28,28
34462,74,67,7,7
34463,52,77,-25,25
34464,107,119,-12,12
34465,64,65,-1,1
34466,89,78,11,11
34467,85,64,21,21
34468,73,76,-3,3
34469,177,171,6,6
34470,111,112,-1,1
34471,67,75,-8,8
34472,76,62,14,14
34473,152,134,18,18
34474,90,94,-4,4
34475,79,74,5,5
34476,99,99,0,0
34477,78,73,5,5
34478,131,131,0,0
34479,100,88,12,12
34480,74,72,2,2
34481,99,104,-5,5
34482,135,138,-3,3
34483,104,108,-4,4
34484,67,59,8,8
34485,102,94,8,8
34486,48,57,-9,9
34487,243,187,56,56
34488,97,94,3,3
34489,112,113,-1,1
34490,118,119,-1,1
34491,77,80,-3,3
34492,73,60,13,13
34493,99,95,4,4
34494,60,81,-21,21
34495,155,159,-4,4
34496,125,125,0,0
34497,202,177,25,25
34498,82,85,-3,3
34499,100,89,11,11
34500,78,68,10,10
34501,59,68,-9,9
34502,48,56,-8,8
34503,121,130,-9,9
34504,128,122,6,6
34505,96,106,-10,10
34506,133,125,8,8
34507,107,100,7,7
34508,106,95,11,11
34509,111,126,-15,15
34510,48,62,-14,14
34511,79,82,-3,3
34512,121,96,25,25
34513,147,141,6,6
34514,113,101,12,12
34515,58,58,0,0
34516,93,86,7,7
34517,109,116,-7,7
34518,85,80,5,5
34519,69,84,-15,15
34520,70,65,5,5
34521,81,94,-13,13
34522,47,63,-16,16
34523,121,118,3,3
34524,151,136,15,15
34525,80,80,0,0
34526,60,53,7,7
34527,133,129,4,4
34528,65,66,-1,1
34529,162,123,39,39
34530,73,62,11,11
34531,108,100,8,8
34532,87,84,3,3
34533,101,108,-7,7
34534,90,89,1,1
34535,130,146,-16,16
34536,133,128,5,5
34537,139,128,11,11
34538,95,102,-7,7
34539,96,103,-7,7
34540,66,71,-5,5
34541,69,75,-6,6
34542,69,79,-10,10
34543,86,80,6,6
34544,95,84,11,11
34545,91,87,4,4
34546,189,162,27,27
34547,109,109,0,0
34548,63,54,9,9
34549,156,154,2,2
34550,64,63,1,1
34551,117,121,-4,4
34552,55,53,2,2
34553,115,116,-1,1
34554,103,87,16,16
34555,155,139,16,16
34556,78,69,9,9
34557,159,165,-6,6
34558,73,73,0,0
34559,188,177,11,11
34560,150,160,-10,10
34561,103,92,11,11
34562,80,78,2,2
34563,92,102,-10,10
34564,121,132,-11,11
34565,113,124,-11,11
34566,106,102,4,4
34567,72,58,14,14
34568,120,115,5,5
34569,49,55,-6,6
34570,124,136,-12,12
34571,82,83,-1,1
34572,145,165,-20,20
34573,61,50,11,11
34574,108,103,5,5
34575,53,59,-6,6
34576,117,109,8,8
34577,88,96,-8,8
34578,122,93,29,29
34579,56,53,3,3
34580,161,136,25,25
34581,115,116,-1,1
34582,100,104,-4,4
34583,149,147,2,2
34584,126,122,4,4
34585,74,108,-34,34
34586,124,111,13,13
34587,101,114,-13,13
34588,83,88,-5,5
34589,105,94,11,11
34590,143,148,-5,5
34591,153,155,-2,2
34592,54,71,-17,17
34593,52,149,-97,97
34594,87,80,7,7
34595,63,58,5,5
34596,84,97,-13,13
34597,96,93,3,3
34598,59,99,-40,40
34599,141,136,5,5
34600,121,117,4,4
34601,21,25,-4,4
34602,93,83,10,10
34603,126,124,2,2
34604,91,95,-4,4
34605,126,107,19,19
34606,79,78,1,1
34607,133,143,-10,10
34608,72,70,2,2
34609,117,98,19,19
34610,51,62,-11,11
34611,92,87,5,5
34612,78,86,-8,8
34613,70,68,2,2
34614,77,79,-2,2
34615,94,93,1,1
34616,75,75,0,0
34617,93,85,8,8
34618,75,70,5,5
34619,149,144,5,5
34620,99,96,3,3
34621,94,105,-11,11
34622,98,99,-1,1
34623,68,61,7,7
34624,101,139,-38,38
34625,115,119,-4,4
34626,87,83,4,4
34627,100,126,-26,26
34628,80,96,-16,16
34629,133,142,-9,9
34630,54,58,-4,4
34631,164,156,8,8
34632,98,101,-3,3
34633,75,74,1,1
34634,77,58,19,19
34635,126,132,-6,6
34636,124,124,0,0
34637,89,80,9,9
34638,77,75,2,2
34639,162,147,15,15
34640,129,113,16,16
34641,126,125,1,1
34642,90,79,11,11
34643,145,134,11,11
34644,59,65,-6,6
34645,79,68,11,11
34646,100,82,18,18
34647,136,121,15,15
34648,53,62,-9,9
34649,109,99,10,10
34650,79,77,2,2
34651,111,109,2,2
34652,172,129,43,43
34653,142,141,1,1
34654,81,76,5,5
34655,100,103,-3,3
34656,71,70,1,1
34657,37,59,-22,22
34658,91,85,6,6
34659,85,89,-4,4
34660,96,103,-7,7
34661,96,92,4,4
34662,72,72,0,0
34663,58,63,-5,5
34664,128,138,-10,10
34665,90,75,15,15
34666,79,78,1,1
34667,57,56,1,1
34668,164,139,25,25
34669,147,120,27,27
34670,42,61,-19,19
34671,92,99,-7,7
34672,73,72,1,1
34673,80,76,4,4
34674,82,77,5,5
34675,82,76,6,6
34676,124,116,8,8
34677,87,84,3,3
34678,93,94,-1,1
34679,151,129,22,22
34680,88,87,1,1
34681,99,91,8,8
34682,104,105,-1,1
34683,80,77,3,3
34684,91,76,15,15
34685,116,141,-25,25
34686,136,135,1,1
34687,76,109,-33,33
34688,125,128,-3,3
34689,99,68,31,31
34690,112,124,-12,12
34691,103,106,-3,3
34692,152,136,16,16
34693,122,116,6,6
34694,74,115,-41,41
34695,106,96,10,10
34696,76,69,7,7
34697,59,71,-12,12
34698,100,122,-22,22
34699,58,58,0,0
34700,69,70,-1,1
34701,120,124,-4,4
34702,74,74,0,0
34703,55,51,4,4
34704,89,84,5,5
34705,79,84,-5,5
34706,137,141,-4,4
34707,81,81,0,0
34708,64,90,-26,26
34709,170,164,6,6
34710,69,71,-2,2
34711,72,67,5,5
34712,73,66,7,7
34713,66,65,1,1
34714,114,118,-4,4
34715,96,108,-12,12
34716,67,66,1,1
34717,83,81,2,2
34718,72,66,6,6
34719,150,142,8,8
34720,56,64,-8,8
34721,66,60,6,6
34722,53,67,-14,14
34723,169,142,27,27
34724,66,57,9,9
34725,105,106,-1,1
34726,101,101,0,0
34727,78,79,-1,1
34728,130,142,-12,12
34729,140,133,7,7
34730,91,109,-18,18
34731,89,76,13,13
34732,73,73,0,0
34733,111,107,4,4
34734,111,110,1,1
34735,154,142,12,12
34736,56,52,4,4
34737,136,141,-5,5
34738,101,90,11,11
34739,120,128,-8,8
34740,62,56,6,6
34741,105,109,-4,4
34742,76,77,-1,1
34743,161,167,-6,6
34744,88,99,-11,11
34745,51,52,-1,1
34746,108,109,-1,1
34747,101,93,8,8
34748,74,79,-5,5
34749,189,173,16,16
34750,46,42,4,4
34751,58,60,-2,2
34752,100,89,11,11
34753,171,137,34,34
34754,45,62,-17,17
34755,87,71,16,16
34756,57,58,-1,1
34757,137,128,9,9
34758,72,70,2,2
34759,115,103,12,12
34760,98,97,1,1
34761,58,62,-4,4
34762,87,102,-15,15
34763,79,71,8,8
34764,79,66,13,13
34765,67,63,4,4
34766,32,48,-16,16
34767,76,76,0,0
34768,80,58,22,22
34769,106,101,5,5
34770,54,62,-8,8
34771,75,81,-6,6
34772,149,154,-5,5
34773,110,93,17,17
34774,106,113,-7,7
34775,130,128,2,2
34776,49,48,1,1
34777,119,113,6,6
34778,75,77,-2,2
34779,89,91,-2,2
34780,63,50,13,13
34781,64,40,24,24
34782,116,106,10,10
34783,79,78,1,1
34784,92,94,-2,2
34785,70,72,-2,2
34786,120,109,11,11
34787,165,154,11,11
34788,187,177,10,10
34789,82,67,15,15
34790,53,51,2,2
34791,88,78,10,10
34792,75,70,5,5
34793,66,65,1,1
34794,80,78,2,2
34795,113,101,12,12
34796,48,45,3,3
34797,52,60,-8,8
34798,169,159,10,10
34799,100,109,-9,9
34800,71,72,-1,1
34801,103,109,-6,6
34802,127,139,-12,12
34803,132,125,7,7
34804,136,139,-3,3
34805,67,73,-6,6
34806,127,132,-5,5
34807,142,147,-5,5
34808,114,136,-22,22
34809,71,70,1,1
34810,77,82,-5,5
34811,86,96,-10,10
34812,166,154,12,12
34813,116,118,-2,2
34814,42,52,-10,10
34815,91,72,19,19
34816,81,67,14,14
34817,109,99,10,10
34818,164,157,7,7
34819,119,118,1,1
34820,79,67,12,12
34821,122,117,5,5
34822,67,63,4,4
34823,96,91,5,5
34824,81,81,0,0
34825,110,74,36,36
34826,142,144,-2,2
34827,30,37,-7,7
34828,102,127,-25,25
34829,128,114,14,14
34830,127,140,-13,13
34831,55,89,-34,34
34832,125,148,-23,23
34833,85,79,6,6
34834,82,87,-5,5
34835,99,119,-20,20
34836,142,142,0,0
34837,99,107,-8,8
34838,96,105,-9,9
34839,87,107,-20,20
34840,76,75,1,1
34841,95,107,-12,12
34842,61,62,-1,1
34843,58,60,-2,2
34844,88,87,1,1
34845,87,92,-5,5
34846,89,83,6,6
34847,100,95,5,5
34848,87,93,-6,6
34849,86,73,13,13
34850,43,49,-6,6
34851,33,35,-2,2
34852,97,99,-2,2
34853,130,131,-1,1
34854,149,146,3,3
34855,139,118,21,21
34856,71,72,-1,1
34857,53,60,-7,7
34858,69,55,14,14
34859,114,98,16,16
34860,60,62,-2,2
34861,53,48,5,5
34862,80,72,8,8
34863,75,64,11,11
34864,101,124,-23,23
34865,147,138,9,9
34866,100,89,11,11
34867,112,109,3,3
34868,61,49,12,12
34869,68,65,3,3
34870,41,49,-8,8
34871,72,69,3,3
34872,69,76,-7,7
34873,135,123,12,12
34874,112,116,-4,4
34875,63,57,6,6
34876,83,74,9,9
34877,74,75,-1,1
34878,85,91,-6,6
34879,91,87,4,4
34880,150,152,-2,2
34881,96,93,3,3
34882,61,85,-24,24
34883,51,104,-53,53
34884,61,61,0,0
34885,143,158,-15,15
34886,64,75,-11,11
34887,59,54,5,5
34888,67,79,-12,12
34889,65,114,-49,49
34890,142,143,-1,1
34891,66,72,-6,6
34892,73,76,-3,3
34893,107,105,2,2
34894,112,94,18,18
34895,104,111,-7,7
34896,46,47,-1,1
34897,83,73,10,10
34898,89,83,6,6
34899,73,57,16,16
34900,59,61,-2,2
34901,59,55,4,4
34902,112,98,14,14
34903,75,76,-1,1
34904,68,73,-5,5
34905,80,85,-5,5
34906,70,82,-12,12
34907,77,73,4,4
34908,49,48,1,1
34909,91,92,-1,1
34910,65,48,17,17
34911,77,73,4,4
34912,130,120,10,10
34913,77,71,6,6
34914,175,168,7,7
34915,103,115,-12,12
34916,79,73,6,6
34917,74,63,11,11
34918,98,101,-3,3
34919,111,114,-3,3
34920,105,126,-21,21
34921,106,108,-2,2
34922,43,51,-8,8
34923,91,98,-7,7
34924,88,87,1,1
34925,121,117,4,4
34926,111,99,12,12
34927,65,67,-2,2
34928,63,64,-1,1
34929,91,94,-3,3
34930,70,77,-7,7
34931,117,112,5,5
34932,56,63,-7,7
34933,153,151,2,2
34934,135,141,-6,6
34935,66,66,0,0
34936,97,93,4,4
34937,94,102,-8,8
34938,79,77,2,2
34939,89,84,5,5
34940,117,112,5,5
34941,50,52,-2,2
34942,172,177,-5,5
34943,71,80,-9,9
34944,94,90,4,4
34945,146,147,-1,1
34946,57,57,0,0
34947,91,93,-2,2
34948,44,46,-2,2
34949,124,136,-12,12
34950,117,104,13,13
34951,93,83,10,10
34952,100,100,0,0
34953,167,162,5,5
34954,97,90,7,7
34955,117,106,11,11
34956,142,113,29,29
34957,62,61,1,1
34958,99,101,-2,2
34959,83,80,3,3
34960,61,62,-1,1
34961,80,79,1,1
34962,85,76,9,9
34963,102,99,3,3
34964,127,130,-3,3
34965,123,131,-8,8
34966,117,111,6,6
34967,102,118,-16,16
34968,100,100,0,0
34969,105,98,7,7
34970,116,92,24,24
34971,104,107,-3,3
34972,70,65,5,5
34973,71,74,-3,3
34974,59,74,-15,15
34975,86,81,5,5
34976,121,104,17,17
34977,104,94,10,10
34978,93,83,10,10
34979,78,83,-5,5
34980,124,129,-5,5
34981,83,81,2,2
34982,126,128,-2,2
34983,91,86,5,5
34984,89,99,-10,10
34985,79,82,-3,3
34986,110,115,-5,5
34987,80,77,3,3
34988,116,119,-3,3
34989,133,126,7,7
34990,91,113,-22,22
34991,94,85,9,9
34992,160,141,19,19
34993,107,110,-3,3
34994,61,65,-4,4
34995,74,62,12,12
34996,80,83,-3,3
34997,50,56,-6,6
34998,98,100,-2,2
34999,47,50,-3,3
35000,63,77,-14,14
35001,92,98,-6,6
35002,97,97,0,0
35003,101,113,-12,12
35004,48,55,-7,7
35005,114,123,-9,9
35006,106,122,-16,16
35007,98,93,5,5
35008,133,132,1,1
35009,98,79,19,19
35010,41,42,-1,1
35011,85,83,2,2
35012,102,107,-5,5
35013,97,91,6,6
35014,49,52,-3,3
35015,50,60,-10,10
35016,86,86,0,0
35017,96,109,-13,13
35018,110,100,10,10
35019,95,74,21,21
35020,89,76,13,13
35021,92,87,5,5
35022,109,113,-4,4
35023,75,76,-1,1
35024,61,46,15,15
35025,82,82,0,0
35026,88,92,-4,4
35027,139,137,2,2
35028,67,80,-13,13
35029,106,111,-5,5
35030,108,119,-11,11
35031,80,87,-7,7
35032,78,84,-6,6
35033,87,77,10,10
35034,57,51,6,6
35035,63,59,4,4
35036,105,87,18,18
35037,129,110,19,19
35038,65,64,1,1
35039,93,92,1,1
35040,50,54,-4,4
35041,30,29,1,1
35042,81,77,4,4
35043,55,71,-16,16
35044,76,78,-2,2
35045,135,125,10,10
35046,55,59,-4,4
35047,140,142,-2,2
35048,92,88,4,4
35049,124,122,2,2
35050,100,100,0,0
35051,40,46,-6,6
35052,50,55,-5,5
35053,85,75,10,10
35054,87,97,-10,10
35055,136,129,7,7
35056,65,60,5,5
35057,97,145,-48,48
35058,80,73,7,7
35059,99,89,10,10
35060,69,68,1,1
35061,97,99,-2,2
35062,65,63,2,2
35063,67,66,1,1
35064,108,110,-2,2
35065,105,106,-1,1
35066,98,91,7,7
35067,73,71,2,2
35068,87,82,5,5
35069,80,71,9,9
35070,115,116,-1,1
35071,129,111,18,18
35072,62,62,0,0
35073,141,127,14,14
35074,165,147,18,18
35075,167,150,17,17
35076,128,116,12,12
35077,163,159,4,4
35078,49,61,-12,12
35079,73,94,-21,21
35080,117,174,-57,57
35081,182,166,16,16
35082,91,88,3,3
35083,73,78,-5,5
35084,130,133,-3,3
35085,92,98,-6,6
35086,164,143,21,21
35087,100,115,-15,15
35088,106,116,-10,10
35089,155,150,5,5
35090,84,83,1,1
35091,115,125,-10,10
35092,74,74,0,0
35093,62,51,11,11
35094,76,82,-6,6
35095,82,85,-3,3
35096,116,103,13,13
35097,84,82,2,2
35098,61,58,3,3
35099,155,136,19,19
35100,87,149,-62,62
35101,118,116,2,2
35102,126,131,-5,5
35103,123,130,-7,7
35104,72,78,-6,6
35105,106,110,-4,4
35106,119,107,12,12
35107,79,79,0,0
35108,70,82,-12,12
35109,129,116,13,13
35110,93,78,15,15
35111,98,79,19,19
35112,164,170,-6,6
35113,110,120,-10,10
35114,108,115,-7,7
35115,79,77,2,2
35116,140,141,-1,1
35117,81,92,-11,11
35118,84,74,10,10
35119,64,74,-10,10
35120,101,97,4,4
35121,65,66,-1,1
35122,71,88,-17,17
35123,66,119,-53,53
35124,81,76,5,5
35125,82,91,-9,9
35126,101,115,-14,14
35127,95,98,-3,3
35128,95,93,2,2
35129,177,159,18,18
35130,148,155,-7,7
35131,83,81,2,2
35132,79,80,-1,1
35133,87,81,6,6
35134,120,118,2,2
35135,140,174,-34,34
35136,117,118,-1,1
35137,88,82,6,6
35138,79,62,17,17
35139,89,101,-12,12
35140,83,72,11,11
35141,79,104,-25,25
35142,118,114,4,4
35143,79,79,0,0
35144,95,94,1,1
35145,62,52,10,10
35146,67,61,6,6
35147,63,59,4,4
35148,99,85,14,14
35149,164,137,27,27
35150,71,56,15,15
35151,49,37,12,12
35152,88,85,3,3
35153,93,69,24,24
35154,90,93,-3,3
35155,96,81,15,15
35156,91,88,3,3
35157,41,47,-6,6
35158,94,103,-9,9
35159,58,65,-7,7
35160,87,86,1,1
35161,100,87,13,13
35162,117,111,6,6
35163,106,104,2,2
35164,65,73,-8,8
35165,126,122,4,4
35166,92,92,0,0
35167,78,91,-13,13
35168,98,100,-2,2
35169,102,119,-17,17
35170,115,98,17,17
35171,93,88,5,5
35172,48,55,-7,7
35173,64,66,-2,2
35174,168,170,-2,2
35175,95,78,17,17
35176,125,123,2,2
35177,128,141,-13,13
35178,137,111,26,26
35179,62,47,15,15
35180,76,65,11,11
35181,66,61,5,5
35182,50,58,-8,8
35183,98,89,9,9
35184,101,104,-3,3
35185,77,83,-6,6
35186,97,94,3,3
35187,116,103,13,13
35188,118,109,9,9
35189,157,159,-2,2
35190,48,68,-20,20
35191,86,80,6,6
35192,79,100,-21,21
35193,93,76,17,17
35194,58,68,-10,10
35195,65,65,0,0
35196,203,178,25,25
35197,59,61,-2,2
35198,103,99,4,4
35199,35,23,12,12
35200,95,98,-3,3
35201,89,87,2,2
35202,122,112,10,10
35203,97,92,5,5
35204,84,77,7,7
35205,146,123,23,23
35206,129,124,5,5
35207,76,82,-6,6
35208,79,72,7,7
35209,92,89,3,3
35210,82,77,5,5
35211,111,115,-4,4
35212,88,82,6,6
35213,155,152,3,3
35214,75,72,3,3
35215,109,107,2,2
35216,64,59,5,5
35217,76,66,10,10
35218,114,112,2,2
35219,84,76,8,8
35220,90,82,8,8
35221,49,64,-15,15
35222,103,107,-4,4
35223,140,135,5,5
35224,64,69,-5,5
35225,171,166,5,5
35226,89,82,7,7
35227,57,65,-8,8
35228,99,80,19,19
35229,62,63,-1,1
35230,191,181,10,10
35231,108,95,13,13
35232,116,110,6,6
35233,157,143,14,14
35234,98,120,-22,22
35235,167,165,2,2
35236,89,90,-1,1
35237,65,61,4,4
35238,103,112,-9,9
35239,107,105,2,2
35240,66,61,5,5
35241,137,124,13,13
35242,68,60,8,8
35243,64,53,11,11
35244,137,128,9,9
35245,101,99,2,2
35246,120,106,14,14
35247,99,100,-1,1
35248,58,58,0,0
35249,93,114,-21,21
35250,48,66,-18,18
35251,96,102,-6,6
35252,68,69,-1,1
35253,95,98,-3,3
35254,117,118,-1,1
35255,61,67,-6,6
35256,122,118,4,4
35257,77,96,-19,19
35258,69,80,-11,11
35259,105,101,4,4
35260,126,118,8,8
35261,67,59,8,8
35262,122,122,0,0
35263,96,98,-2,2
35264,188,163,25,25
35265,72,134,-62,62
35266,122,112,10,10
35267,53,80,-27,27
35268,49,57,-8,8
35269,131,130,1,1
35270,118,99,19,19
35271,68,67,1,1
35272,84,92,-8,8
35273,80,82,-2,2
35274,95,119,-24,24
35275,54,58,-4,4
35276,80,81,-1,1
35277,55,52,3,3
35278,50,40,10,10
35279,141,147,-6,6
35280,118,124,-6,6
35281,64,70,-6,6
35282,132,119,13,13
35283,81,72,9,9
35284,49,48,1,1
35285,86,75,11,11
35286,107,120,-13,13
35287,123,124,-1,1
35288,109,106,3,3
35289,121,110,11,11
35290,89,92,-3,3
35291,57,58,-1,1
35292,123,114,9,9
35293,102,108,-6,6
35294,143,137,6,6
35295,57,56,1,1
35296,84,79,5,5
35297,73,71,2,2
35298,124,130,-6,6
35299,86,89,-3,3
35300,128,128,0,0
35301,146,121,25,25
35302,92,79,13,13
35303,68,79,-11,11
35304,88,86,2,2
35305,147,132,15,15
35306,134,128,6,6
35307,91,91,0,0
35308,137,133,4,4
35309,130,139,-9,9
35310,103,105,-2,2
35311,78,78,0,0
35312,85,70,15,15
35313,57,52,5,5
35314,159,146,13,13
35315,80,77,3,3
35316,113,126,-13,13
35317,152,150,2,2
35318,163,151,12,12
35319,137,112,25,25
35320,116,96,20,20
35321,144,131,13,13
35322,61,63,-2,2
35323,158,116,42,42
35324,120,148,-28,28
35325,64,61,3,3
35326,106,97,9,9
35327,60,62,-2,2
35328,87,90,-3,3
35329,72,65,7,7
35330,92,91,1,1
35331,164,137,27,27
35332,121,127,-6,6
35333,63,56,7,7
35334,108,112,-4,4
35335,70,68,2,2
35336,66,70,-4,4
35337,81,128,-47,47
35338,84,81,3,3
35339,69,66,3,3
35340,161,165,-4,4
35341,73,62,11,11
35342,62,63,-1,1
35343,66,58,8,8
35344,80,85,-5,5
35345,110,126,-16,16
35346,145,105,40,40
35347,32,67,-35,35
35348,62,73,-11,11
35349,191,177,14,14
35350,84,89,-5,5
35351,96,91,5,5
35352,87,92,-5,5
35353,54,66,-12,12
35354,85,80,5,5
35355,118,54,64,64
35356,52,54,-2,2
35357,102,88,14,14
35358,66,60,6,6
35359,151,137,14,14
35360,129,135,-6,6
35361,61,51,10,10
35362,102,107,-5,5
35363,88,89,-1,1
35364,61,83,-22,22
35365,77,86,-9,9
35366,79,74,5,5
35367,110,100,10,10
35368,96,97,-1,1
35369,74,70,4,4
35370,120,112,8,8
35371,134,131,3,3
35372,66,74,-8,8
35373,61,55,6,6
35374,130,129,1,1
35375,60,64,-4,4
35376,66,63,3,3
35377,115,104,11,11
35378,99,82,17,17
35379,55,50,5,5
35380,104,94,10,10
35381,104,104,0,0
35382,97,94,3,3
35383,48,49,-1,1
35384,51,45,6,6
35385,51,50,1,1
35386,80,83,-3,3
35387,57,50,7,7
35388,77,63,14,14
35389,128,132,-4,4
35390,141,141,0,0
35391,77,72,5,5
35392,132,132,0,0
35393,110,108,2,2
35394,43,34,9,9
35395,110,120,-10,10
35396,85,70,15,15
35397,92,103,-11,11
35398,49,39,10,10
35399,69,65,4,4
35400,64,65,-1,1
35401,82,77,5,5
35402,59,70,-11,11
35403,69,62,7,7
35404,66,66,0,0
35405,92,86,6,6
35406,101,80,21,21
35407,62,69,-7,7
35408,126,122,4,4
35409,119,116,3,3
35410,117,103,14,14
35411,162,153,9,9
35412,100,92,8,8
35413,107,114,-7,7
35414,49,60,-11,11
35415,75,81,-6,6
35416,85,76,9,9
35417,87,84,3,3
35418,58,65,-7,7
35419,86,105,-19,19
35420,54,56,-2,2
35421,149,153,-4,4
35422,99,93,6,6
35423,118,124,-6,6
35424,88,90,-2,2
35425,128,161,-33,33
35426,121,134,-13,13
35427,62,62,0,0
35428,32,39,-7,7
35429,152,155,-3,3
35430,58,53,5,5
35431,77,90,-13,13
35432,127,113,14,14
35433,109,106,3,3
35434,116,109,7,7
35435,83,85,-2,2
35436,70,84,-14,14
35437,101,92,9,9
35438,70,64,6,6
35439,117,90,27,27
35440,93,102,-9,9
35441,72,79,-7,7
35442,131,117,14,14
35443,64,66,-2,2
35444,160,147,13,13
35445,86,82,4,4
35446,84,90,-6,6
35447,56,50,6,6
35448,94,86,8,8
35449,149,138,11,11
35450,128,131,-3,3
35451,97,103,-6,6
35452,178,170,8,8
35453,102,87,15,15
35454,53,60,-7,7
35455,124,124,0,0
35456,79,88,-9,9
35457,136,140,-4,4
35458,71,79,-8,8
35459,54,49,5,5
35460,97,86,11,11
35461,72,79,-7,7
35462,169,151,18,18
35463,80,74,6,6
35464,53,62,-9,9
35465,64,52,12,12
35466,52,60,-8,8
35467,38,51,-13,13
35468,78,74,4,4
35469,160,83,77,77
35470,113,119,-6,6
35471,90,88,2,2
35472,63,54,9,9
35473,79,84,-5,5
35474,56,60,-4,4
35475,241,240,1,1
35476,68,68,0,0
35477,145,133,12,12
35478,69,58,11,11
35479,107,103,4,4
35480,79,80,-1,1
35481,123,113,10,10
35482,97,85,12,12
35483,77,69,8,8
35484,66,132,-66,66
35485,83,82,1,1
35486,82,77,5,5
35487,78,75,3,3
35488,89,87,2,2
35489,76,67,9,9
35490,61,65,-4,4
35491,116,117,-1,1
35492,128,127,1,1
35493,130,138,-8,8
35494,46,57,-11,11
35495,105,108,-3,3
35496,150,132,18,18
35497,156,142,14,14
35498,69,70,-1,1
35499,89,89,0,0
35500,77,72,5,5
35501,123,124,-1,1
35502,97,87,10,10
35503,87,83,4,4
35504,80,80,0,0
35505,79,90,-11,11
35506,58,56,2,2
35507,53,46,7,7
35508,105,97,8,8
35509,74,76,-2,2
35510,101,104,-3,3
35511,56,59,-3,3
35512,115,114,1,1
35513,141,162,-21,21
35514,116,106,10,10
35515,47,49,-2,2
35516,43,48,-5,5
35517,80,82,-2,2
35518,91,96,-5,5
35519,75,83,-8,8
35520,114,105,9,9
35521,79,79,0,0
35522,106,94,12,12
35523,69,52,17,17
35524,87,68,19,19
35525,118,130,-12,12
35526,84,86,-2,2
35527,90,95,-5,5
35528,97,89,8,8
35529,57,57,0,0
35530,132,143,-11,11
35531,90,104,-14,14
35532,108,109,-1,1
35533,132,122,10,10
35534,76,83,-7,7
35535,38,37,1,1
35536,52,45,7,7
35537,68,65,3,3
35538,141,143,-2,2
35539,90,90,0,0
35540,72,65,7,7
35541,74,65,9,9
35542,89,76,13,13
35543,72,67,5,5
35544,78,56,22,22
35545,67,56,11,11
35546,94,90,4,4
35547,65,64,1,1
35548,75,71,4,4
35549,76,79,-3,3
35550,78,73,5,5
35551,70,67,3,3
35552,124,107,17,17
35553,123,124,-1,1
35554,185,170,15,15
35555,126,104,22,22
35556,104,95,9,9
35557,79,86,-7,7
35558,74,94,-20,20
35559,82,82,0,0
35560,47,53,-6,6
35561,40,46,-6,6
35562,102,99,3,3
35563,68,74,-6,6
35564,95,97,-2,2
35565,111,99,12,12
35566,74,82,-8,8
35567,63,72,-9,9
35568,118,110,8,8
35569,181,168,13,13
35570,63,67,-4,4
35571,73,72,1,1
35572,76,78,-2,2
35573,80,76,4,4
35574,99,99,0,0
35575,83,86,-3,3
35576,48,48,0,0
35577,140,141,-1,1
35578,101,108,-7,7
35579,76,97,-21,21
35580,84,92,-8,8
35581,95,93,2,2
35582,60,49,11,11
35583,78,74,4,4
35584,125,119,6,6
35585,90,84,6,6
35586,99,97,2,2
35587,58,64,-6,6
35588,128,137,-9,9
35589,67,76,-9,9
35590,96,106,-10,10
35591,96,87,9,9
35592,141,133,8,8
35593,77,80,-3,3
35594,114,99,15,15
35595,86,91,-5,5
35596,175,159,16,16
35597,129,114,15,15
35598,50,54,-4,4
35599,70,56,14,14
35600,224,195,29,29
35601,146,136,10,10
35602,81,74,7,7
35603,97,104,-7,7
35604,118,131,-13,13
35605,77,53,24,24
35606,73,67,6,6
35607,85,81,4,4
35608,102,98,4,4
35609,130,132,-2,2
35610,133,137,-4,4
35611,129,127,2,2
35612,80,79,1,1
35613,93,98,-5,5
35614,91,87,4,4
35615,41,86,-45,45
35616,82,81,1,1
35617,67,59,8,8
35618,85,75,10,10
35619,75,75,0,0
35620,118,117,1,1
35621,118,98,20,20
35622,79,73,6,6
35623,63,61,2,2
35624,170,165,5,5
35625,73,76,-3,3
35626,114,84,30,30
35627,154,160,-6,6
35628,54,91,-37,37
35629,115,103,12,12
35630,49,137,-88,88
35631,99,96,3,3
35632,80,77,3,3
35633,152,153,-1,1
35634,71,74,-3,3
35635,118,145,-27,27
35636,106,98,8,8
35637,106,112,-6,6
35638,173,156,17,17
35639,89,111,-22,22
35640,65,69,-4,4
35641,93,80,13,13
35642,109,105,4,4
35643,126,132,-6,6
35644,143,167,-24,24
35645,127,126,1,1
35646,114,106,8,8
35647,84,88,-4,4
35648,68,77,-9,9
35649,60,71,-11,11
35650,111,108,3,3
35651,127,139,-12,12
35652,83,80,3,3
35653,98,92,6,6
35654,83,56,27,27
35655,77,76,1,1
35656,51,52,-1,1
35657,88,87,1,1
35658,48,70,-22,22
35659,147,152,-5,5
35660,66,75,-9,9
35661,100,91,9,9
35662,76,74,2,2
35663,59,68,-9,9
35664,116,111,5,5
35665,61,66,-5,5
35666,155,137,18,18
35667,99,107,-8,8
35668,112,110,2,2
35669,70,62,8,8
35670,79,85,-6,6
35671,96,108,-12,12
35672,90,98,-8,8
35673,104,95,9,9
35674,99,98,1,1
35675,81,90,-9,9
35676,134,146,-12,12
35677,126,131,-5,5
35678,160,89,71,71
35679,75,72,3,3
35680,104,104,0,0
35681,150,145,5,5
35682,120,113,7,7
35683,90,85,5,5
35684,120,106,14,14
35685,142,126,16,16
35686,75,63,12,12
35687,102,105,-3,3
35688,162,150,12,12
35689,74,75,-1,1
35690,75,71,4,4
35691,99,99,0,0
35692,130,136,-6,6
35693,53,43,10,10
35694,127,127,0,0
35695,103,94,9,9
35696,94,90,4,4
35697,76,96,-20,20
35698,83,88,-5,5
35699,195,170,25,25
35700,58,66,-8,8
35701,51,76,-25,25
35702,153,140,13,13
35703,190,178,12,12
35704,87,93,-6,6
35705,96,100,-4,4
35706,100,93,7,7
35707,74,74,0,0
35708,67,64,3,3
35709,124,118,6,6
35710,74,67,7,7
35711,111,89,22,22
35712,93,124,-31,31
35713,107,93,14,14
35714,70,70,0,0
35715,154,150,4,4
35716,125,111,14,14
35717,107,99,8,8
35718,69,79,-10,10
35719,101,105,-4,4
35720,95,84,11,11
35721,96,80,16,16
35722,85,86,-1,1
35723,70,94,-24,24
35724,68,65,3,3
35725,61,60,1,1
35726,155,155,0,0
35727,58,68,-10,10
35728,72,72,0,0
35729,47,45,2,2
35730,98,100,-2,2
35731,145,113,32,32
35732,52,56,-4,4
35733,120,103,17,17
35734,78,68,10,10
35735,56,54,2,2
35736,89,96,-7,7
35737,82,81,1,1
35738,104,111,-7,7
35739,128,134,-6,6
35740,159,101,58,58
35741,79,83,-4,4
35742,109,105,4,4
35743,120,120,0,0
35744,79,69,10,10
35745,73,60,13,13
35746,64,61,3,3
35747,97,88,9,9
35748,135,105,30,30
35749,81,84,-3,3
35750,91,98,-7,7
35751,58,59,-1,1
35752,78,65,13,13
35753,77,71,6,6
35754,47,39,8,8
35755,167,157,10,10
35756,65,88,-23,23
35757,152,142,10,10
35758,159,153,6,6
35759,89,117,-28,28
35760,205,154,51,51
35761,108,107,1,1
35762,101,93,8,8
35763,129,132,-3,3
35764,123,114,9,9
35765,90,95,-5,5
35766,138,122,16,16
35767,105,93,12,12
35768,93,87,6,6
35769,129,128,1,1
35770,110,100,10,10
35771,86,110,-24,24
35772,72,84,-12,12
35773,122,114,8,8
35774,37,75,-38,38
35775,173,165,8,8
35776,97,92,5,5
35777,45,45,0,0
35778,97,75,22,22
35779,85,93,-8,8
35780,83,82,1,1
35781,105,94,11,11
35782,138,130,8,8
35783,98,81,17,17
35784,128,117,11,11
35785,94,85,9,9
35786,131,112,19,19
35787,67,61,6,6
35788,176,168,8,8
35789,116,105,11,11
35790,116,123,-7,7
35791,80,106,-26,26
35792,84,72,12,12
35793,69,67,2,2
35794,165,163,2,2
35795,55,61,-6,6
35796,123,117,6,6
35797,117,124,-7,7
35798,81,64,17,17
35799,86,80,6,6
35800,185,173,12,12
35801,104,121,-17,17
35802,89,92,-3,3
35803,85,87,-2,2
35804,156,148,8,8
35805,72,71,1,1
35806,95,75,20,20
35807,86,72,14,14
35808,72,62,10,10
35809,168,151,17,17
35810,42,42,0,0
35811,93,93,0,0
35812,103,97,6,6
35813,83,85,-2,2
35814,137,139,-2,2
35815,117,129,-12,12
35816,77,71,6,6
35817,79,89,-10,10
35818,121,108,13,13
35819,110,119,-9,9
35820,101,89,12,12
35821,88,97,-9,9
35822,91,91,0,0
35823,166,148,18,18
35824,63,64,-1,1
35825,92,80,12,12
35826,138,124,14,14
35827,110,118,-8,8
35828,151,137,14,14
35829,121,144,-23,23
35830,73,67,6,6
35831,77,71,6,6
35832,197,200,-3,3
35833,94,74,20,20
35834,67,72,-5,5
35835,147,140,7,7
35836,92,110,-18,18
35837,138,145,-7,7
35838,71,77,-6,6
35839,93,86,7,7
35840,115,99,16,16
35841,90,91,-1,1
35842,137,124,13,13
35843,136,135,1,1
35844,63,69,-6,6
35845,68,69,-1,1
35846,105,102,3,3
35847,61,57,4,4
35848,75,74,1,1
35849,120,127,-7,7
35850,145,145,0,0
35851,106,97,9,9
35852,171,160,11,11
35853,87,99,-12,12
35854,112,98,14,14
35855,75,85,-10,10
35856,84,82,2,2
35857,55,59,-4,4
35858,57,62,-5,5
35859,71,67,4,4
35860,150,133,17,17
35861,42,100,-58,58
35862,95,99,-4,4
35863,100,104,-4,4
35864,77,70,7,7
35865,134,146,-12,12
35866,100,86,14,14
35867,117,120,-3,3
35868,74,100,-26,26
35869,106,106,0,0
35870,121,112,9,9
35871,115,95,20,20
35872,137,125,12,12
35873,80,78,2,2
35874,81,86,-5,5
35875,50,50,0,0
35876,60,65,-5,5
35877,143,127,16,16
35878,80,87,-7,7
35879,72,67,5,5
35880,74,67,7,7
35881,125,116,9,9
35882,111,98,13,13
35883,99,97,2,2
35884,72,69,3,3
35885,84,87,-3,3
35886,52,59,-7,7
35887,54,67,-13,13
35888,63,68,-5,5
35889,101,93,8,8
35890,65,49,16,16
35891,74,80,-6,6
35892,141,134,7,7
35893,84,76,8,8
35894,156,141,15,15
35895,105,97,8,8
35896,130,125,5,5
35897,74,81,-7,7
35898,97,106,-9,9
35899,111,117,-6,6
35900,65,69,-4,4
35901,124,124,0,0
35902,80,79,1,1
35903,93,99,-6,6
35904,122,117,5,5
35905,84,90,-6,6
35906,92,94,-2,2
35907,52,85,-33,33
35908,86,105,-19,19
35909,69,68,1,1
35910,114,101,13,13
35911,68,64,4,4
35912,123,127,-4,4
35913,104,112,-8,8
35914,119,101,18,18
35915,123,88,35,35
35916,99,89,10,10
35917,117,141,-24,24
35918,94,88,6,6
35919,126,121,5,5
35920,148,134,14,14
35921,112,100,12,12
35922,168,160,8,8
35923,81,74,7,7
35924,100,90,10,10
35925,78,79,-1,1
35926,109,97,12,12
35927,120,115,5,5
35928,119,130,-11,11
35929,83,107,-24,24
35930,138,142,-4,4
35931,63,60,3,3
35932,63,55,8,8
35933,88,71,17,17
35934,50,54,-4,4
35935,171,159,12,12
35936,111,106,5,5
35937,154,172,-18,18
35938,131,120,11,11
35939,110,110,0,0
35940,74,79,-5,5
35941,116,120,-4,4
35942,112,120,-8,8
35943,89,77,12,12
35944,109,128,-19,19
35945,68,77,-9,9
35946,77,78,-1,1
35947,69,61,8,8
35948,54,61,-7,7
35949,74,78,-4,4
35950,140,137,3,3
35951,92,85,7,7
35952,47,47,0,0
35953,49,49,0,0
35954,72,72,0,0
35955,79,84,-5,5
35956,45,54,-9,9
35957,53,53,0,0
35958,114,121,-7,7
35959,64,66,-2,2
35960,63,70,-7,7
35961,113,107,6,6
35962,103,91,12,12
35963,109,100,9,9
35964,94,91,3,3
35965,65,65,0,0
35966,94,97,-3,3
35967,142,145,-3,3
35968,38,48,-10,10
35969,91,102,-11,11
35970,86,86,0,0
35971,150,147,3,3
35972,66,72,-6,6
35973,68,64,4,4
35974,62,72,-10,10
35975,53,60,-7,7
35976,53,59,-6,6
35977,117,108,9,9
35978,89,84,5,5
35979,96,83,13,13
35980,109,108,1,1
35981,100,96,4,4
35982,132,119,13,13
35983,125,130,-5,5
35984,47,49,-2,2
35985,76,87,-11,11
35986,80,72,8,8
35987,108,126,-18,18
35988,72,77,-5,5
35989,79,78,1,1
35990,103,100,3,3
35991,93,89,4,4
35992,90,84,6,6
35993,76,72,4,4
35994,88,85,3,3
35995,70,89,-19,19
35996,162,130,32,32
35997,86,86,0,0
35998,62,62,0,0
35999,78,78,0,0
36000,51,50,1,1
36001,131,100,31,31
36002,81,92,-11,11
36003,100,108,-8,8
36004,107,105,2,2
36005,71,76,-5,5
36006,99,104,-5,5
36007,128,133,-5,5
36008,102,100,2,2
36009,111,127,-16,16
36010,114,115,-1,1
36011,145,118,27,27
36012,123,106,17,17
36013,64,61,3,3
36014,138,136,2,2
36015,120,125,-5,5
36016,96,90,6,6
36017,143,141,2,2
36018,79,82,-3,3
36019,139,151,-12,12
36020,124,132,-8,8
36021,76,81,-5,5
36022,67,73,-6,6
36023,65,69,-4,4
36024,62,49,13,13
36025,184,169,15,15
36026,102,99,3,3
36027,60,63,-3,3
36028,79,92,-13,13
36029,63,71,-8,8
36030,70,57,13,13
36031,91,98,-7,7
36032,68,71,-3,3
36033,86,102,-16,16
36034,97,116,-19,19
36035,78,84,-6,6
36036,110,79,31,31
36037,94,75,19,19
36038,68,78,-10,10
36039,150,154,-4,4
36040,81,67,14,14
36041,58,57,1,1
36042,48,53,-5,5
36043,76,73,3,3
36044,102,103,-1,1
36045,74,75,-1,1
36046,60,60,0,0
36047,75,82,-7,7
36048,92,83,9,9
36049,62,59,3,3
36050,91,92,-1,1
36051,93,103,-10,10
36052,146,143,3,3
36053,94,89,5,5
36054,88,86,2,2
36055,124,119,5,5
36056,92,98,-6,6
36057,87,107,-20,20
36058,113,131,-18,18
36059,99,92,7,7
36060,90,83,7,7
36061,95,85,10,10
36062,61,53,8,8
36063,139,117,22,22
36064,106,118,-12,12
36065,42,42,0,0
36066,95,116,-21,21
36067,121,134,-13,13
36068,130,130,0,0
36069,121,119,2,2
36070,74,62,12,12
36071,84,88,-4,4
36072,70,73,-3,3
36073,73,80,-7,7
36074,116,102,14,14
36075,120,114,6,6
36076,151,144,7,7
36077,80,86,-6,6
36078,90,90,0,0
36079,68,64,4,4
36080,102,88,14,14
36081,180,165,15,15
36082,44,71,-27,27
36083,170,164,6,6
36084,99,80,19,19
36085,130,126,4,4
36086,78,108,-30,30
36087,107,101,6,6
36088,93,90,3,3
36089,146,137,9,9
36090,97,80,17,17
36091,107,101,6,6
36092,116,115,1,1
36093,81,90,-9,9
36094,84,77,7,7
36095,88,94,-6,6
36096,77,77,0,0
36097,65,61,4,4
36098,158,142,16,16
36099,76,76,0,0
36100,56,56,0,0
36101,119,121,-2,2
36102,82,85,-3,3
36103,52,52,0,0
36104,44,60,-16,16
36105,122,111,11,11
36106,92,88,4,4
36107,87,82,5,5
36108,152,162,-10,10
36109,97,96,1,1
36110,127,127,0,0
36111,61,73,-12,12
36112,58,64,-6,6
36113,94,95,-1,1
36114,123,119,4,4
36115,141,123,18,18
36116,61,84,-23,23
36117,151,180,-29,29
36118,117,112,5,5
36119,88,93,-5,5
36120,71,55,16,16
36121,131,132,-1,1
36122,98,97,1,1
36123,54,61,-7,7
36124,133,131,2,2
36125,68,66,2,2
36126,49,60,-11,11
36127,106,103,3,3
36128,144,136,8,8
36129,105,103,2,2
36130,59,51,8,8
36131,65,67,-2,2
36132,136,140,-4,4
36133,58,53,5,5
36134,49,56,-7,7
36135,47,54,-7,7
36136,87,75,12,12
36137,81,96,-15,15
36138,110,98,12,12
36139,119,110,9,9
36140,114,106,8,8
36141,77,73,4,4
36142,114,116,-2,2
36143,112,114,-2,2
36144,86,97,-11,11
36145,91,91,0,0
36146,136,131,5,5
36147,52,40,12,12
36148,85,93,-8,8
36149,97,95,2,2
36150,151,123,28,28
36151,118,123,-5,5
36152,156,141,15,15
36153,61,46,15,15
36154,107,109,-2,2
36155,173,161,12,12
36156,86,93,-7,7
36157,74,78,-4,4
36158,90,93,-3,3
36159,61,62,-1,1
36160,112,109,3,3
36161,114,100,14,14
36162,86,89,-3,3
36163,115,119,-4,4
36164,128,129,-1,1
36165,62,53,9,9
36166,81,83,-2,2
36167,102,102,0,0
36168,104,108,-4,4
36169,70,80,-10,10
36170,85,85,0,0
36171,59,69,-10,10
36172,112,99,13,13
36173,141,156,-15,15
36174,103,127,-24,24
36175,89,82,7,7
36176,83,85,-2,2
36177,54,57,-3,3
36178,70,86,-16,16
36179,75,82,-7,7
36180,124,121,3,3
36181,64,61,3,3
36182,137,130,7,7
36183,112,135,-23,23
36184,60,60,0,0
36185,103,104,-1,1
36186,76,79,-3,3
36187,100,90,10,10
36188,68,62,6,6
36189,72,76,-4,4
36190,52,62,-10,10
36191,91,85,6,6
36192,57,53,4,4
36193,71,52,19,19
36194,99,112,-13,13
36195,117,134,-17,17
36196,179,170,9,9
36197,109,103,6,6
36198,33,94,-61,61
36199,101,96,5,5
36200,105,90,15,15
36201,88,85,3,3
36202,152,165,-13,13
36203,88,78,10,10
36204,140,129,11,11
36205,123,103,20,20
36206,129,129,0,0
36207,57,56,1,1
36208,53,60,-7,7
36209,65,70,-5,5
36210,72,64,8,8
36211,127,131,-4,4
36212,62,64,-2,2
36213,47,44,3,3
36214,101,138,-37,37
36215,58,46,12,12
36216,90,114,-24,24
36217,71,64,7,7
36218,148,138,10,10
36219,131,122,9,9
36220,173,172,1,1
36221,140,141,-1,1
36222,88,99,-11,11
36223,105,105,0,0
36224,129,129,0,0
36225,105,95,10,10
36226,113,127,-14,14
36227,83,88,-5,5
36228,58,60,-2,2
36229,59,65,-6,6
36230,110,85,25,25
36231,106,110,-4,4
36232,95,98,-3,3
36233,101,70,31,31
36234,56,76,-20,20
36235,134,133,1,1
36236,118,128,-10,10
36237,114,96,18,18
36238,70,76,-6,6
36239,68,82,-14,14
36240,66,97,-31,31
36241,92,85,7,7
36242,113,120,-7,7
36243,108,103,5,5
36244,91,106,-15,15
36245,146,144,2,2
36246,114,117,-3,3
36247,103,113,-10,10
36248,108,128,-20,20
36249,60,60,0,0
36250,62,60,2,2
36251,102,94,8,8
36252,110,117,-7,7
36253,194,165,29,29
36254,53,59,-6,6
36255,102,98,4,4
36256,175,149,26,26
36257,66,59,7,7
36258,108,108,0,0
36259,112,105,7,7
36260,154,130,24,24
36261,121,129,-8,8
36262,66,57,9,9
36263,84,71,13,13
36264,72,70,2,2
36265,97,86,11,11
36266,125,133,-8,8
36267,53,50,3,3
36268,56,56,0,0
36269,139,142,-3,3
36270,76,78,-2,2
36271,98,96,2,2
36272,64,64,0,0
36273,102,90,12,12
36274,63,60,3,3
36275,125,125,0,0
36276,133,116,17,17
36277,61,54,7,7
36278,57,56,1,1
36279,87,82,5,5
36280,65,67,-2,2
36281,45,47,-2,2
36282,105,111,-6,6
36283,123,121,2,2
36284,96,78,18,18
36285,146,127,19,19
36286,65,62,3,3
36287,93,91,2,2
36288,67,75,-8,8
36289,112,97,15,15
36290,128,116,12,12
36291,78,74,4,4
36292,73,69,4,4
36293,89,94,-5,5
36294,62,58,4,4
36295,127,126,1,1
36296,126,114,12,12
36297,80,67,13,13
36298,84,85,-1,1
36299,85,103,-18,18
36300,65,63,2,2
36301,63,58,5,5
36302,42,54,-12,12
36303,84,83,1,1
36304,73,64,9,9
36305,50,42,8,8
36306,107,121,-14,14
36307,108,108,0,0
36308,65,73,-8,8
36309,150,123,27,27
36310,101,95,6,6
36311,51,53,-2,2
36312,74,70,4,4
36313,79,74,5,5
36314,117,104,13,13
36315,71,75,-4,4
36316,70,78,-8,8
36317,75,62,13,13
36318,38,53,-15,15
36319,104,95,9,9
36320,97,91,6,6
36321,117,121,-4,4
36322,78,64,14,14
36323,58,65,-7,7
36324,133,137,-4,4
36325,51,51,0,0
36326,117,119,-2,2
36327,82,72,10,10
36328,155,114,41,41
36329,102,101,1,1
36330,137,139,-2,2
36331,85,82,3,3
36332,132,137,-5,5
36333,35,34,1,1
36334,72,70,2,2
36335,119,128,-9,9
36336,90,83,7,7
36337,69,65,4,4
36338,76,75,1,1
36339,85,96,-11,11
36340,114,97,17,17
36341,84,104,-20,20
36342,78,82,-4,4
36343,55,64,-9,9
36344,102,101,1,1
36345,163,150,13,13
36346,69,74,-5,5
36347,126,109,17,17
36348,43,44,-1,1
36349,61,44,17,17
36350,54,61,-7,7
36351,109,100,9,9
36352,102,113,-11,11
36353,80,76,4,4
36354,206,182,24,24
36355,51,54,-3,3
36356,89,84,5,5
36357,72,77,-5,5
36358,127,128,-1,1
36359,76,79,-3,3
36360,107,100,7,7
36361,71,64,7,7
36362,66,59,7,7
36363,76,79,-3,3
36364,184,154,30,30
36365,129,126,3,3
36366,55,57,-2,2
36367,110,111,-1,1
36368,75,74,1,1
36369,61,62,-1,1
36370,136,121,15,15
36371,103,94,9,9
36372,115,127,-12,12
36373,55,76,-21,21
36374,113,101,12,12
36375,89,77,12,12
36376,121,107,14,14
36377,80,88,-8,8
36378,141,141,0,0
36379,150,161,-11,11
36380,90,75,15,15
36381,73,77,-4,4
36382,137,159,-22,22
36383,107,94,13,13
36384,86,80,6,6
36385,112,123,-11,11
36386,46,50,-4,4
36387,72,73,-1,1
36388,99,96,3,3
36389,63,64,-1,1
36390,126,101,25,25
36391,64,62,2,2
36392,90,99,-9,9
36393,59,71,-12,12
36394,66,54,12,12
36395,114,94,20,20
36396,102,87,15,15
36397,77,78,-1,1
36398,90,81,9,9
36399,68,62,6,6
36400,78,71,7,7
36401,71,71,0,0
36402,49,49,0,0
36403,83,77,6,6
36404,112,140,-28,28
36405,102,106,-4,4
36406,134,116,18,18
36407,57,59,-2,2
36408,71,70,1,1
36409,163,154,9,9
36410,130,113,17,17
36411,123,141,-18,18
36412,117,111,6,6
36413,78,74,4,4
36414,39,41,-2,2
36415,49,52,-3,3
36416,57,52,5,5
36417,51,70,-19,19
36418,123,107,16,16
36419,92,89,3,3
36420,93,100,-7,7
36421,77,74,3,3
36422,197,147,50,50
36423,112,113,-1,1
36424,63,72,-9,9
36425,83,88,-5,5
36426,68,85,-17,17
36427,105,94,11,11
36428,62,68,-6,6
36429,71,59,12,12
36430,91,90,1,1
36431,85,78,7,7
36432,197,192,5,5
36433,124,111,13,13
36434,119,120,-1,1
36435,130,146,-16,16
36436,81,76,5,5
36437,92,101,-9,9
36438,71,66,5,5
36439,67,60,7,7
36440,99,90,9,9
36441,94,93,1,1
36442,114,121,-7,7
36443,167,148,19,19
36444,120,120,0,0
36445,125,99,26,26
36446,70,61,9,9
36447,114,101,13,13
36448,95,99,-4,4
36449,46,46,0,0
36450,101,109,-8,8
36451,61,68,-7,7
36452,90,104,-14,14
36453,67,104,-37,37
36454,157,145,12,12
36455,79,75,4,4
36456,105,100,5,5
36457,112,94,18,18
36458,89,90,-1,1
36459,105,115,-10,10
36460,124,98,26,26
36461,65,55,10,10
36462,73,60,13,13
36463,66,63,3,3
36464,61,62,-1,1
36465,125,148,-23,23
36466,122,122,0,0
36467,76,75,1,1
36468,90,91,-1,1
36469,176,158,18,18
36470,62,59,3,3
36471,139,134,5,5
36472,43,46,-3,3
36473,67,68,-1,1
36474,50,57,-7,7
36475,66,70,-4,4
36476,59,53,6,6
36477,81,73,8,8
36478,83,78,5,5
36479,92,91,1,1
36480,76,79,-3,3
36481,62,49,13,13
36482,64,71,-7,7
36483,92,96,-4,4
36484,123,113,10,10
36485,84,80,4,4
36486,88,90,-2,2
36487,58,58,0,0
36488,87,94,-7,7
36489,73,71,2,2
36490,44,48,-4,4
36491,123,120,3,3
36492,76,70,6,6
36493,82,79,3,3
36494,84,86,-2,2
36495,69,69,0,0
36496,80,77,3,3
36497,104,101,3,3
36498,81,82,-1,1
36499,79,81,-2,2
36500,90,109,-19,19
36501,105,111,-6,6
36502,140,139,1,1
36503,85,86,-1,1
36504,96,82,14,14
36505,102,105,-3,3
36506,81,76,5,5
36507,117,99,18,18
36508,68,68,0,0
36509,79,81,-2,2
36510,143,138,5,5
36511,66,59,7,7
36512,52,52,0,0
36513,109,100,9,9
36514,40,51,-11,11
36515,140,135,5,5
36516,115,116,-1,1
36517,74,90,-16,16
36518,61,60,1,1
36519,66,66,0,0
36520,92,76,16,16
36521,48,67,-19,19
36522,116,116,0,0
36523,141,137,4,4
36524,113,109,4,4
36525,89,80,9,9
36526,139,130,9,9
36527,134,137,-3,3
36528,152,158,-6,6
36529,88,78,10,10
36530,93,93,0,0
36531,161,155,6,6
36532,90,99,-9,9
36533,68,64,4,4
36534,148,136,12,12
36535,82,83,-1,1
36536,96,85,11,11
36537,171,172,-1,1
36538,96,122,-26,26
36539,66,80,-14,14
36540,113,105,8,8
36541,78,72,6,6
36542,82,70,12,12
36543,61,66,-5,5
36544,82,72,10,10
36545,99,112,-13,13
36546,225,169,56,56
36547,81,77,4,4
36548,62,60,2,2
36549,66,68,-2,2
36550,44,41,3,3
36551,74,83,-9,9
36552,83,83,0,0
36553,109,106,3,3
36554,51,57,-6,6
36555,121,103,18,18
36556,83,75,8,8
36557,81,86,-5,5
36558,53,55,-2,2
36559,73,71,2,2
36560,109,104,5,5
36561,151,141,10,10
36562,115,104,11,11
36563,122,121,1,1
36564,116,118,-2,2
36565,107,104,3,3
36566,109,97,12,12
36567,72,61,11,11
36568,43,82,-39,39
36569,78,66,12,12
36570,127,118,9,9
36571,50,52,-2,2
36572,96,91,5,5
36573,53,62,-9,9
36574,37,44,-7,7
36575,94,85,9,9
36576,56,66,-10,10
36577,27,51,-24,24
36578,38,56,-18,18
36579,109,116,-7,7
36580,109,110,-1,1
36581,70,69,1,1
36582,60,57,3,3
36583,82,95,-13,13
36584,67,70,-3,3
36585,67,67,0,0
36586,78,69,9,9
36587,62,67,-5,5
36588,49,55,-6,6
36589,109,96,13,13
36590,88,86,2,2
36591,81,90,-9,9
36592,82,89,-7,7
36593,90,81,9,9
36594,79,81,-2,2
36595,97,87,10,10
36596,75,83,-8,8
36597,104,94,10,10
36598,84,89,-5,5
36599,146,144,2,2
36600,62,58,4,4
36601,104,110,-6,6
36602,106,103,3,3
36603,92,90,2,2
36604,92,89,3,3
36605,92,94,-2,2
36606,71,72,-1,1
36607,91,99,-8,8
36608,87,100,-13,13
36609,79,95,-16,16
36610,86,93,-7,7
36611,128,107,21,21
36612,186,172,14,14
36613,138,139,-1,1
36614,89,79,10,10
36615,168,159,9,9
36616,46,53,-7,7
36617,93,91,2,2
36618,72,68,4,4
36619,110,98,12,12
36620,99,86,13,13
36621,51,48,3,3
36622,93,90,3,3
36623,99,91,8,8
36624,126,118,8,8
36625,64,72,-8,8
36626,209,195,14,14
36627,102,94,8,8
36628,98,99,-1,1
36629,79,70,9,9
36630,85,86,-1,1
36631,64,58,6,6
36632,83,79,4,4
36633,121,104,17,17
36634,111,102,9,9
36635,72,60,12,12
36636,97,82,15,15
36637,96,88,8,8
36638,64,59,5,5
36639,128,110,18,18
36640,34,42,-8,8
36641,124,105,19,19
36642,84,78,6,6
36643,132,122,10,10
36644,55,57,-2,2
36645,118,119,-1,1
36646,47,44,3,3
36647,74,72,2,2
36648,75,69,6,6
36649,93,88,5,5
36650,171,155,16,16
36651,81,90,-9,9
36652,62,63,-1,1
36653,81,67,14,14
36654,83,74,9,9
36655,65,63,2,2
36656,61,67,-6,6
36657,83,89,-6,6
36658,102,92,10,10
36659,78,73,5,5
36660,85,73,12,12
36661,122,106,16,16
36662,60,66,-6,6
36663,151,160,-9,9
36664,72,78,-6,6
36665,93,85,8,8
36666,99,92,7,7
36667,95,117,-22,22
36668,105,95,10,10
36669,83,75,8,8
36670,128,145,-17,17
36671,76,102,-26,26
36672,114,111,3,3
36673,125,123,2,2
36674,88,91,-3,3
36675,117,124,-7,7
36676,54,47,7,7
36677,102,104,-2,2
36678,60,49,11,11
36679,47,89,-42,42
36680,76,67,9,9
36681,53,59,-6,6
36682,83,84,-1,1
36683,148,147,1,1
36684,101,75,26,26
36685,126,127,-1,1
36686,124,164,-40,40
36687,114,106,8,8
36688,74,86,-12,12
36689,83,89,-6,6
36690,109,101,8,8
36691,89,98,-9,9
36692,76,83,-7,7
36693,53,52,1,1
36694,78,87,-9,9
36695,60,58,2,2
36696,136,125,11,11
36697,42,53,-11,11
36698,126,116,10,10
36699,99,103,-4,4
36700,96,109,-13,13
36701,45,49,-4,4
36702,77,70,7,7
36703,167,155,12,12
36704,102,150,-48,48
36705,92,97,-5,5
36706,61,51,10,10
36707,138,130,8,8
36708,117,141,-24,24
36709,127,115,12,12
36710,92,74,18,18
36711,83,74,9,9
36712,69,60,9,9
36713,189,166,23,23
36714,89,77,12,12
36715,154,150,4,4
36716,78,84,-6,6
36717,92,87,5,5
36718,151,155,-4,4
36719,138,143,-5,5
36720,73,63,10,10
36721,152,162,-10,10
36722,122,115,7,7
36723,71,64,7,7
36724,118,114,4,4
36725,93,83,10,10
36726,104,93,11,11
36727,85,78,7,7
36728,91,88,3,3
36729,50,45,5,5
36730,102,88,14,14
36731,120,111,9,9
36732,111,112,-1,1
36733,71,77,-6,6
36734,57,54,3,3
36735,161,100,61,61
36736,53,53,0,0
36737,122,131,-9,9
36738,125,136,-11,11
36739,83,76,7,7
36740,74,76,-2,2
36741,78,80,-2,2
36742,51,46,5,5
36743,167,146,21,21
36744,78,79,-1,1
36745,207,181,26,26
36746,120,121,-1,1
36747,142,155,-13,13
36748,71,75,-4,4
36749,144,125,19,19
36750,55,50,5,5
36751,75,63,12,12
36752,113,115,-2,2
36753,100,112,-12,12
36754,56,86,-30,30
36755,137,135,2,2
36756,92,88,4,4
36757,142,127,15,15
36758,114,122,-8,8
36759,47,67,-20,20
36760,61,58,3,3
36761,130,133,-3,3
36762,68,71,-3,3
36763,72,84,-12,12
36764,39,34,5,5
36765,116,118,-2,2
36766,135,119,16,16
36767,121,108,13,13
36768,126,129,-3,3
36769,115,126,-11,11
36770,92,79,13,13
36771,137,118,19,19
36772,67,62,5,5
36773,58,51,7,7
36774,74,73,1,1
36775,66,58,8,8
36776,70,58,12,12
36777,89,103,-14,14
36778,85,83,2,2
36779,77,78,-1,1
36780,54,67,-13,13
36781,103,106,-3,3
36782,45,58,-13,13
36783,35,98,-63,63
36784,84,113,-29,29
36785,61,71,-10,10
36786,114,102,12,12
36787,47,47,0,0
36788,86,81,5,5
36789,92,104,-12,12
36790,61,51,10,10
36791,96,88,8,8
36792,48,70,-22,22
36793,115,119,-4,4
36794,209,179,30,30
36795,89,88,1,1
36796,63,59,4,4
36797,68,57,11,11
36798,88,99,-11,11
36799,63,81,-18,18
36800,121,134,-13,13
36801,146,163,-17,17
36802,64,63,1,1
36803,75,70,5,5
36804,118,126,-8,8
36805,121,127,-6,6
36806,87,76,11,11
36807,80,89,-9,9
36808,80,92,-12,12
36809,107,97,10,10
36810,137,129,8,8
36811,96,85,11,11
36812,74,68,6,6
36813,90,77,13,13
36814,70,69,1,1
36815,45,55,-10,10
36816,63,53,10,10
36817,122,136,-14,14
36818,80,73,7,7
36819,91,86,5,5
36820,241,216,25,25
36821,49,56,-7,7
36822,115,124,-9,9
36823,136,92,44,44
36824,87,74,13,13
36825,90,113,-23,23
36826,86,53,33,33
36827,126,133,-7,7
36828,63,75,-12,12
36829,68,59,9,9
36830,83,73,10,10
36831,101,98,3,3
36832,82,105,-23,23
36833,105,112,-7,7
36834,141,143,-2,2
36835,67,69,-2,2
36836,29,40,-11,11
36837,96,97,-1,1
36838,69,59,10,10
36839,62,65,-3,3
36840,68,70,-2,2
36841,96,84,12,12
36842,122,139,-17,17
36843,109,121,-12,12
36844,83,73,10,10
36845,127,119,8,8
36846,115,131,-16,16
36847,95,91,4,4
36848,64,62,2,2
36849,80,83,-3,3
36850,285,308,-23,23
36851,88,86,2,2
36852,154,105,49,49
36853,163,157,6,6
36854,68,128,-60,60
36855,72,67,5,5
36856,184,178,6,6
36857,87,81,6,6
36858,58,62,-4,4
36859,110,114,-4,4
36860,62,68,-6,6
36861,53,55,-2,2
36862,158,160,-2,2
36863,87,107,-20,20
36864,70,76,-6,6
36865,72,69,3,3
36866,141,135,6,6
36867,94,88,6,6
36868,48,54,-6,6
36869,56,54,2,2
36870,169,158,11,11
36871,81,103,-22,22
36872,71,71,0,0
36873,97,89,8,8
36874,73,67,6,6
36875,90,86,4,4
36876,122,119,3,3
36877,68,59,9,9
36878,128,116,12,12
36879,68,65,3,3
36880,128,130,-2,2
36881,80,86,-6,6
36882,76,75,1,1
36883,131,142,-11,11
36884,96,103,-7,7
36885,118,126,-8,8
36886,112,104,8,8
36887,174,154,20,20
36888,44,33,11,11
36889,92,95,-3,3
36890,66,72,-6,6
36891,90,90,0,0
36892,144,131,13,13
36893,110,97,13,13
36894,164,147,17,17
36895,85,78,7,7
36896,87,106,-19,19
36897,126,125,1,1
36898,70,63,7,7
36899,111,106,5,5
36900,56,62,-6,6
36901,50,57,-7,7
36902,93,100,-7,7
36903,66,69,-3,3
36904,77,73,4,4
36905,59,63,-4,4
36906,95,100,-5,5
36907,79,76,3,3
36908,84,73,11,11
36909,81,71,10,10
36910,118,105,13,13
36911,62,60,2,2
36912,113,115,-2,2
36913,89,76,13,13
36914,109,96,13,13
36915,157,143,14,14
36916,144,173,-29,29
36917,113,106,7,7
36918,136,120,16,16
36919,55,41,14,14
36920,100,149,-49,49
36921,127,114,13,13
36922,137,135,2,2
36923,77,69,8,8
36924,75,76,-1,1
36925,96,102,-6,6
36926,183,169,14,14
36927,100,89,11,11
36928,66,56,10,10
36929,87,82,5,5
36930,76,72,4,4
36931,79,100,-21,21
36932,84,83,1,1
36933,101,95,6,6
36934,110,111,-1,1
36935,97,96,1,1
36936,55,59,-4,4
36937,94,85,9,9
36938,65,63,2,2
36939,78,71,7,7
36940,69,65,4,4
36941,171,166,5,5
36942,78,81,-3,3
36943,58,59,-1,1
36944,79,80,-1,1
36945,90,72,18,18
36946,43,28,15,15
36947,80,85,-5,5
36948,121,132,-11,11
36949,186,162,24,24
36950,87,93,-6,6
36951,25,42,-17,17
36952,77,82,-5,5
36953,111,97,14,14
36954,60,59,1,1
36955,70,73,-3,3
36956,145,121,24,24
36957,83,88,-5,5
36958,87,69,18,18
36959,79,82,-3,3
36960,110,109,1,1
36961,70,64,6,6
36962,157,157,0,0
36963,95,86,9,9
36964,62,67,-5,5
36965,83,76,7,7
36966,64,71,-7,7
36967,240,211,29,29
36968,77,79,-2,2
36969,171,156,15,15
36970,111,106,5,5
36971,98,91,7,7
36972,60,63,-3,3
36973,94,95,-1,1
36974,117,125,-8,8
36975,113,115,-2,2
36976,149,161,-12,12
36977,84,83,1,1
36978,50,53,-3,3
36979,109,117,-8,8
36980,77,90,-13,13
36981,125,119,6,6
36982,74,93,-19,19
36983,80,78,2,2
36984,70,69,1,1
36985,79,79,0,0
36986,125,106,19,19
36987,102,83,19,19
36988,72,69,3,3
36989,99,97,2,2
36990,73,83,-10,10
36991,104,88,16,16
36992,99,99,0,0
36993,97,88,9,9
36994,135,137,-2,2
36995,80,84,-4,4
36996,146,152,-6,6
36997,59,64,-5,5
36998,95,95,0,0
36999,159,128,31,31
37000,73,73,0,0
37001,94,87,7,7
37002,159,135,24,24
37003,178,150,28,28
37004,58,58,0,0
37005,88,91,-3,3
37006,88,89,-1,1
37007,81,93,-12,12
37008,79,64,15,15
37009,54,48,6,6
37010,88,73,15,15
37011,75,67,8,8
37012,101,100,1,1
37013,89,74,15,15
37014,51,64,-13,13
37015,121,113,8,8
37016,110,123,-13,13
37017,99,77,22,22
37018,63,66,-3,3
37019,113,116,-3,3
37020,137,134,3,3
37021,114,124,-10,10
37022,87,82,5,5
37023,176,155,21,21
37024,136,127,9,9
37025,104,98,6,6
37026,131,114,17,17
37027,100,121,-21,21
37028,110,134,-24,24
37029,54,47,7,7
37030,99,99,0,0
37031,55,66,-11,11
37032,141,131,10,10
37033,142,144,-2,2
37034,125,114,11,11
37035,114,129,-15,15
37036,121,119,2,2
37037,138,133,5,5
37038,66,85,-19,19
37039,108,102,6,6
37040,137,134,3,3
37041,57,57,0,0
37042,97,108,-11,11
37043,114,97,17,17
37044,124,150,-26,26
37045,66,69,-3,3
37046,51,53,-2,2
37047,162,146,16,16
37048,161,145,16,16
37049,116,106,10,10
37050,111,113,-2,2
37051,143,146,-3,3
37052,41,49,-8,8
37053,97,81,16,16
37054,49,54,-5,5
37055,156,156,0,0
37056,48,61,-13,13
37057,82,74,8,8
37058,58,56,2,2
37059,81,82,-1,1
37060,81,70,11,11
37061,68,75,-7,7
37062,120,130,-10,10
37063,28,39,-11,11
37064,84,101,-17,17
37065,96,99,-3,3
37066,79,76,3,3
37067,446,476,-30,30
37068,132,142,-10,10
37069,131,128,3,3
37070,60,66,-6,6
37071,78,67,11,11
37072,113,111,2,2
37073,67,56,11,11
37074,83,77,6,6
37075,77,84,-7,7
37076,82,75,7,7
37077,60,70,-10,10
37078,112,110,2,2
37079,124,117,7,7
37080,150,132,18,18
37081,87,78,9,9
37082,129,117,12,12
37083,151,151,0,0
37084,36,41,-5,5
37085,100,99,1,1
37086,57,99,-42,42
37087,108,105,3,3
37088,78,85,-7,7
37089,72,62,10,10
37090,69,84,-15,15
37091,108,121,-13,13
37092,87,77,10,10
37093,51,62,-11,11
37094,48,46,2,2
37095,98,104,-6,6
37096,31,83,-52,52
37097,140,126,14,14
37098,74,91,-17,17
37099,95,100,-5,5
37100,87,80,7,7
37101,120,123,-3,3
37102,83,71,12,12
37103,81,101,-20,20
37104,75,73,2,2
37105,87,83,4,4
37106,145,139,6,6
37107,98,98,0,0
37108,52,51,1,1
37109,83,78,5,5
37110,55,73,-18,18
37111,110,115,-5,5
37112,125,119,6,6
37113,87,68,19,19
37114,101,97,4,4
37115,81,73,8,8
37116,143,130,13,13
37117,218,163,55,55
37118,79,71,8,8
37119,97,90,7,7
37120,58,51,7,7
37121,116,130,-14,14
37122,76,68,8,8
37123,94,78,16,16
37124,79,105,-26,26
37125,60,66,-6,6
37126,103,103,0,0
37127,51,48,3,3
37128,113,101,12,12
37129,83,90,-7,7
37130,121,114,7,7
37131,87,69,18,18
37132,152,134,18,18
37133,97,91,6,6
37134,169,174,-5,5
37135,73,87,-14,14
37136,141,151,-10,10
37137,88,70,18,18
37138,75,146,-71,71
37139,78,76,2,2
37140,114,106,8,8
37141,95,76,19,19
37142,100,93,7,7
37143,94,94,0,0
37144,62,60,2,2
37145,75,87,-12,12
37146,91,95,-4,4
37147,155,143,12,12
37148,82,75,7,7
37149,120,122,-2,2
37150,154,146,8,8
37151,45,44,1,1
37152,69,71,-2,2
37153,70,75,-5,5
37154,129,145,-16,16
37155,83,74,9,9
37156,102,89,13,13
37157,34,38,-4,4
37158,84,74,10,10
37159,93,80,13,13
37160,173,157,16,16
37161,81,84,-3,3
37162,112,127,-15,15
37163,141,142,-1,1
37164,117,117,0,0
37165,87,85,2,2
37166,89,103,-14,14
37167,138,149,-11,11
37168,77,76,1,1
37169,71,72,-1,1
37170,108,101,7,7
37171,84,73,11,11
37172,90,100,-10,10
37173,156,131,25,25
37174,90,101,-11,11
37175,91,92,-1,1
37176,64,66,-2,2
37177,66,65,1,1
37178,59,58,1,1
37179,124,115,9,9
37180,49,44,5,5
37181,108,113,-5,5
37182,83,78,5,5
37183,115,102,13,13
37184,59,49,10,10
37185,51,62,-11,11
37186,90,94,-4,4
37187,77,98,-21,21
37188,59,56,3,3
37189,100,99,1,1
37190,138,118,20,20
37191,237,207,30,30
37192,71,72,-1,1
37193,51,46,5,5
37194,160,165,-5,5
37195,162,108,54,54
37196,121,121,0,0
37197,122,105,17,17
37198,64,59,5,5
37199,78,70,8,8
37200,107,138,-31,31
37201,102,105,-3,3
37202,74,74,0,0
37203,90,92,-2,2
37204,65,54,11,11
37205,85,77,8,8
37206,88,82,6,6
37207,95,104,-9,9
37208,92,89,3,3
37209,148,120,28,28
37210,89,76,13,13
37211,63,77,-14,14
37212,98,86,12,12
37213,74,78,-4,4
37214,69,66,3,3
37215,58,61,-3,3
37216,148,124,24,24
37217,75,74,1,1
37218,128,138,-10,10
37219,63,76,-13,13
37220,113,102,11,11
37221,88,100,-12,12
37222,68,60,8,8
37223,98,87,11,11
37224,79,75,4,4
37225,69,70,-1,1
37226,284,274,10,10
37227,76,74,2,2
37228,98,103,-5,5
37229,73,71,2,2
37230,135,136,-1,1
37231,71,63,8,8
37232,85,80,5,5
37233,58,59,-1,1
37234,110,101,9,9
37235,63,57,6,6
37236,91,83,8,8
37237,72,84,-12,12
37238,111,116,-5,5
37239,75,62,13,13
37240,127,123,4,4
37241,157,141,16,16
37242,136,138,-2,2
37243,66,66,0,0
37244,53,58,-5,5
37245,76,77,-1,1
37246,76,78,-2,2
37247,123,137,-14,14
37248,90,82,8,8
37249,62,56,6,6
37250,93,117,-24,24
37251,150,147,3,3
37252,114,108,6,6
37253,99,83,16,16
37254,85,70,15,15
37255,68,63,5,5
37256,54,72,-18,18
37257,64,64,0,0
37258,126,134,-8,8
37259,52,52,0,0
37260,119,109,10,10
37261,112,119,-7,7
37262,257,200,57,57
37263,75,82,-7,7
37264,58,57,1,1
37265,87,83,4,4
37266,50,53,-3,3
37267,79,86,-7,7
37268,142,139,3,3
37269,122,120,2,2
37270,69,80,-11,11
37271,82,78,4,4
37272,83,81,2,2
37273,87,78,9,9
37274,132,132,0,0
37275,110,124,-14,14
37276,98,76,22,22
37277,93,100,-7,7
37278,112,117,-5,5
37279,101,96,5,5
37280,97,107,-10,10
37281,111,120,-9,9
37282,53,53,0,0
37283,78,94,-16,16
37284,104,97,7,7
37285,86,76,10,10
37286,109,109,0,0
37287,136,131,5,5
37288,113,146,-33,33
37289,53,53,0,0
37290,85,81,4,4
37291,142,134,8,8
37292,141,129,12,12
37293,87,89,-2,2
37294,79,86,-7,7
37295,171,148,23,23
37296,104,116,-12,12
37297,91,118,-27,27
37298,70,59,11,11
37299,93,92,1,1
37300,115,118,-3,3
37301,49,125,-76,76
37302,115,100,15,15
37303,85,83,2,2
37304,96,100,-4,4
37305,112,107,5,5
37306,133,145,-12,12
37307,114,106,8,8
37308,78,92,-14,14
37309,158,142,16,16
37310,73,70,3,3
37311,44,49,-5,5
37312,160,157,3,3
37313,114,121,-7,7
37314,163,111,52,52
37315,113,112,1,1
37316,92,105,-13,13
37317,35,50,-15,15
37318,135,130,5,5
37319,113,114,-1,1
37320,105,96,9,9
37321,79,83,-4,4
37322,130,123,7,7
37323,129,118,11,11
37324,81,82,-1,1
37325,71,69,2,2
37326,233,192,41,41
37327,79,89,-10,10
37328,88,85,3,3
37329,121,127,-6,6
37330,132,111,21,21
37331,179,161,18,18
37332,199,201,-2,2
37333,133,125,8,8
37334,127,125,2,2
37335,71,71,0,0
37336,59,66,-7,7
37337,92,82,10,10
37338,98,93,5,5
37339,93,75,18,18
37340,103,80,23,23
37341,114,113,1,1
37342,80,66,14,14
37343,84,75,9,9
37344,95,93,2,2
37345,141,127,14,14
37346,184,166,18,18
37347,138,126,12,12
37348,59,51,8,8
37349,172,158,14,14
37350,146,139,7,7
37351,72,77,-5,5
37352,139,131,8,8
37353,108,114,-6,6
37354,91,95,-4,4
37355,38,57,-19,19
37356,44,47,-3,3
37357,86,90,-4,4
37358,68,71,-3,3
37359,68,56,12,12
37360,100,96,4,4
37361,135,128,7,7
37362,30,49,-19,19
37363,149,128,21,21
37364,93,90,3,3
37365,132,137,-5,5
37366,61,68,-7,7
37367,104,107,-3,3
37368,119,107,12,12
37369,61,63,-2,2
37370,79,73,6,6
37371,48,54,-6,6
37372,80,81,-1,1
37373,145,165,-20,20
37374,65,74,-9,9
37375,68,74,-6,6
37376,68,67,1,1
37377,78,81,-3,3
37378,65,64,1,1
37379,98,93,5,5
37380,102,110,-8,8
37381,115,107,8,8
37382,71,59,12,12
37383,63,59,4,4
37384,64,72,-8,8
37385,97,91,6,6
37386,102,97,5,5
37387,101,97,4,4
37388,34,36,-2,2
37389,70,79,-9,9
37390,53,66,-13,13
37391,92,91,1,1
37392,83,75,8,8
37393,101,102,-1,1
37394,76,70,6,6
37395,76,76,0,0
37396,111,102,9,9
37397,49,54,-5,5
37398,55,60,-5,5
37399,115,100,15,15
37400,126,121,5,5
37401,121,109,12,12
37402,145,140,5,5
37403,60,84,-24,24
37404,73,61,12,12
37405,63,82,-19,19
37406,71,54,17,17
37407,81,88,-7,7
37408,98,97,1,1
37409,138,129,9,9
37410,69,80,-11,11
37411,172,201,-29,29
37412,57,77,-20,20
37413,119,106,13,13
37414,65,71,-6,6
37415,54,56,-2,2
37416,86,88,-2,2
37417,116,117,-1,1
37418,145,147,-2,2
37419,102,115,-13,13
37420,108,115,-7,7
37421,63,67,-4,4
37422,125,126,-1,1
37423,90,97,-7,7
37424,139,151,-12,12
37425,94,91,3,3
37426,86,77,9,9
37427,44,61,-17,17
37428,89,95,-6,6
37429,82,79,3,3
37430,114,104,10,10
37431,60,58,2,2
37432,103,105,-2,2
37433,58,60,-2,2
37434,108,114,-6,6
37435,140,148,-8,8
37436,160,141,19,19
37437,54,61,-7,7
37438,106,102,4,4
37439,140,140,0,0
37440,101,108,-7,7
37441,120,113,7,7
37442,118,114,4,4
37443,116,111,5,5
37444,108,98,10,10
37445,205,189,16,16
37446,192,200,-8,8
37447,97,95,2,2
37448,59,57,2,2
37449,60,57,3,3
37450,51,44,7,7
37451,48,47,1,1
37452,118,126,-8,8
37453,209,191,18,18
37454,64,65,-1,1
37455,76,86,-10,10
37456,130,140,-10,10
37457,83,93,-10,10
37458,69,67,2,2
37459,66,59,7,7
37460,81,87,-6,6
37461,116,146,-30,30
37462,91,91,0,0
37463,178,179,-1,1
37464,148,161,-13,13
37465,160,145,15,15
37466,116,125,-9,9
37467,87,98,-11,11
37468,93,92,1,1
37469,71,67,4,4
37470,121,112,9,9
37471,85,68,17,17
37472,75,81,-6,6
37473,101,100,1,1
37474,72,67,5,5
37475,60,68,-8,8
37476,102,93,9,9
37477,111,107,4,4
37478,81,76,5,5
37479,75,89,-14,14
37480,107,113,-6,6
37481,75,70,5,5
37482,67,70,-3,3
37483,126,111,15,15
37484,106,108,-2,2
37485,126,133,-7,7
37486,104,101,3,3
37487,65,66,-1,1
37488,92,98,-6,6
37489,78,69,9,9
37490,127,124,3,3
37491,88,85,3,3
37492,35,111,-76,76
37493,87,100,-13,13
37494,53,63,-10,10
37495,108,105,3,3
37496,89,85,4,4
37497,79,66,13,13
37498,79,81,-2,2
37499,138,125,13,13
37500,92,73,19,19
37501,84,85,-1,1
37502,65,68,-3,3
37503,74,70,4,4
37504,147,144,3,3
37505,96,80,16,16
37506,124,118,6,6
37507,84,82,2,2
37508,118,109,9,9
37509,80,73,7,7
37510,89,100,-11,11
37511,154,154,0,0
37512,96,72,24,24
37513,73,79,-6,6
37514,218,198,20,20
37515,108,117,-9,9
37516,156,140,16,16
37517,56,57,-1,1
37518,105,89,16,16
37519,103,130,-27,27
37520,98,94,4,4
37521,161,154,7,7
37522,150,133,17,17
37523,50,69,-19,19
37524,99,101,-2,2
37525,62,54,8,8
37526,102,104,-2,2
37527,86,75,11,11
37528,81,71,10,10
37529,51,58,-7,7
37530,100,94,6,6
37531,74,69,5,5
37532,65,50,15,15
37533,95,95,0,0
37534,99,99,0,0
37535,84,96,-12,12
37536,114,83,31,31
37537,99,85,14,14
37538,58,49,9,9
37539,49,52,-3,3
37540,119,110,9,9
37541,83,78,5,5
37542,96,103,-7,7
37543,70,68,2,2
37544,108,113,-5,5
37545,128,120,8,8
37546,75,68,7,7
37547,72,79,-7,7
37548,88,76,12,12
37549,71,68,3,3
37550,103,91,12,12
37551,109,113,-4,4
37552,77,77,0,0
37553,74,69,5,5
37554,105,103,2,2
37555,56,51,5,5
37556,95,94,1,1
37557,152,136,16,16
37558,62,68,-6,6
37559,128,125,3,3
37560,108,92,16,16
37561,58,65,-7,7
37562,144,130,14,14
37563,109,103,6,6
37564,66,60,6,6
37565,114,129,-15,15
37566,150,130,20,20
37567,98,94,4,4
37568,151,144,7,7
37569,73,67,6,6
37570,84,75,9,9
37571,126,129,-3,3
37572,50,56,-6,6
37573,101,109,-8,8
37574,56,55,1,1
37575,95,94,1,1
37576,65,79,-14,14
37577,141,120,21,21
37578,94,89,5,5
37579,67,60,7,7
37580,55,62,-7,7
37581,65,55,10,10
37582,52,64,-12,12
37583,95,87,8,8
37584,158,146,12,12
37585,106,37,69,69
37586,101,90,11,11
37587,96,92,4,4
37588,132,138,-6,6
37589,91,83,8,8
37590,80,82,-2,2
37591,209,193,16,16
37592,71,73,-2,2
37593,94,101,-7,7
37594,93,84,9,9
37595,103,103,0,0
37596,69,72,-3,3
37597,190,184,6,6
37598,92,87,5,5
37599,105,92,13,13
37600,69,74,-5,5
37601,54,61,-7,7
37602,59,51,8,8
37603,82,84,-2,2
37604,84,77,7,7
37605,30,54,-24,24
37606,150,144,6,6
37607,65,66,-1,1
37608,88,80,8,8
37609,80,73,7,7
37610,174,159,15,15
37611,134,152,-18,18
37612,82,74,8,8
37613,77,70,7,7
37614,65,73,-8,8
37615,49,51,-2,2
37616,95,92,3,3
37617,67,78,-11,11
37618,69,72,-3,3
37619,125,138,-13,13
37620,124,129,-5,5
37621,81,77,4,4
37622,93,86,7,7
37623,148,127,21,21
37624,158,134,24,24
37625,107,105,2,2
37626,138,120,18,18
37627,106,110,-4,4
37628,102,115,-13,13
37629,151,133,18,18
37630,103,99,4,4
37631,77,66,11,11
37632,139,134,5,5
37633,122,120,2,2
37634,86,85,1,1
37635,85,85,0,0
37636,76,80,-4,4
37637,115,110,5,5
37638,137,128,9,9
37639,113,142,-29,29
37640,155,140,15,15
37641,66,78,-12,12
37642,75,71,4,4
37643,120,120,0,0
37644,116,104,12,12
37645,152,145,7,7
37646,56,48,8,8
37647,205,181,24,24
37648,96,100,-4,4
37649,101,93,8,8
37650,100,103,-3,3
37651,94,87,7,7
37652,130,129,1,1
37653,61,78,-17,17
37654,123,115,8,8
37655,111,135,-24,24
37656,136,138,-2,2
37657,166,155,11,11
37658,85,90,-5,5
37659,99,111,-12,12
37660,58,59,-1,1
37661,98,104,-6,6
37662,88,76,12,12
37663,164,137,27,27
37664,67,56,11,11
37665,112,95,17,17
37666,105,100,5,5
37667,151,146,5,5
37668,80,60,20,20
37669,121,123,-2,2
37670,179,160,19,19
37671,151,149,2,2
37672,116,115,1,1
37673,93,85,8,8
37674,96,106,-10,10
37675,112,71,41,41
37676,45,52,-7,7
37677,100,93,7,7
37678,71,83,-12,12
37679,72,64,8,8
37680,124,111,13,13
37681,54,59,-5,5
37682,135,116,19,19
37683,125,123,2,2
37684,125,101,24,24
37685,104,126,-22,22
37686,76,72,4,4
37687,106,102,4,4
37688,76,73,3,3
37689,87,80,7,7
37690,146,150,-4,4
37691,91,83,8,8
37692,72,86,-14,14
37693,149,150,-1,1
37694,82,79,3,3
37695,157,199,-42,42
37696,138,129,9,9
37697,122,122,0,0
37698,105,106,-1,1
37699,88,80,8,8
37700,157,163,-6,6
37701,108,102,6,6
37702,94,82,12,12
37703,102,127,-25,25
37704,51,60,-9,9
37705,84,85,-1,1
37706,67,69,-2,2
37707,128,134,-6,6
37708,130,130,0,0
37709,165,153,12,12
37710,100,113,-13,13
37711,121,126,-5,5
37712,74,68,6,6
37713,58,56,2,2
37714,88,95,-7,7
37715,105,110,-5,5
37716,116,119,-3,3
37717,103,103,0,0
37718,101,106,-5,5
37719,108,115,-7,7
37720,75,88,-13,13
37721,106,112,-6,6
37722,69,70,-1,1
37723,87,84,3,3
37724,68,80,-12,12
37725,51,48,3,3
37726,61,79,-18,18
37727,110,113,-3,3
37728,104,92,12,12
37729,70,69,1,1
37730,47,57,-10,10
37731,69,84,-15,15
37732,48,62,-14,14
37733,92,77,15,15
37734,116,116,0,0
37735,94,90,4,4
37736,79,74,5,5
37737,116,129,-13,13
37738,133,148,-15,15
37739,70,71,-1,1
37740,153,152,1,1
37741,41,78,-37,37
37742,73,75,-2,2
37743,109,118,-9,9
37744,145,128,17,17
37745,106,114,-8,8
37746,89,77,12,12
37747,69,74,-5,5
37748,73,96,-23,23
37749,61,63,-2,2
37750,127,131,-4,4
37751,104,108,-4,4
37752,103,107,-4,4
37753,107,95,12,12
37754,116,118,-2,2
37755,66,116,-50,50
37756,130,115,15,15
37757,102,97,5,5
37758,102,94,8,8
37759,72,74,-2,2
37760,98,80,18,18
37761,55,60,-5,5
37762,90,109,-19,19
37763,116,115,1,1
37764,64,69,-5,5
37765,113,109,4,4
37766,75,94,-19,19
37767,75,90,-15,15
37768,119,119,0,0
37769,81,72,9,9
37770,74,71,3,3
37771,156,153,3,3
37772,93,98,-5,5
37773,84,91,-7,7
37774,118,140,-22,22
37775,70,76,-6,6
37776,197,191,6,6
37777,57,56,1,1
37778,41,92,-51,51
37779,110,119,-9,9
37780,94,86,8,8
37781,121,114,7,7
37782,77,69,8,8
37783,104,75,29,29
37784,98,108,-10,10
37785,101,108,-7,7
37786,65,82,-17,17
37787,140,129,11,11
37788,113,104,9,9
37789,103,73,30,30
37790,84,71,13,13
37791,75,68,7,7
37792,136,124,12,12
37793,123,123,0,0
37794,117,123,-6,6
37795,107,90,17,17
37796,64,57,7,7
37797,61,61,0,0
37798,216,178,38,38
37799,94,98,-4,4
37800,96,95,1,1
37801,83,100,-17,17
37802,42,38,4,4
37803,93,106,-13,13
37804,61,69,-8,8
37805,101,74,27,27
37806,118,122,-4,4
37807,100,131,-31,31
37808,107,129,-22,22
37809,98,107,-9,9
37810,64,61,3,3
37811,215,190,25,25
37812,127,128,-1,1
37813,91,85,6,6
37814,113,136,-23,23
37815,82,78,4,4
37816,120,126,-6,6
37817,72,70,2,2
37818,77,90,-13,13
37819,79,81,-2,2
37820,67,64,3,3
37821,89,96,-7,7
37822,54,53,1,1
37823,97,98,-1,1
37824,82,81,1,1
37825,91,99,-8,8
37826,83,74,9,9
37827,54,64,-10,10
37828,116,122,-6,6
37829,80,85,-5,5
37830,75,63,12,12
37831,187,182,5,5
37832,78,88,-10,10
37833,95,103,-8,8
37834,87,82,5,5
37835,74,75,-1,1
37836,67,63,4,4
37837,66,59,7,7
37838,78,78,0,0
37839,107,109,-2,2
37840,59,55,4,4
37841,92,97,-5,5
37842,41,51,-10,10
37843,130,130,0,0
37844,100,105,-5,5
37845,88,88,0,0
37846,67,64,3,3
37847,100,87,13,13
37848,99,110,-11,11
37849,69,74,-5,5
37850,115,110,5,5
37851,116,100,16,16
37852,49,49,0,0
37853,91,103,-12,12
37854,67,79,-12,12
37855,105,100,5,5
37856,137,133,4,4
37857,72,79,-7,7
37858,61,63,-2,2
37859,86,74,12,12
37860,91,104,-13,13
37861,85,79,6,6
37862,83,77,6,6
37863,68,52,16,16
37864,103,94,9,9
37865,106,107,-1,1
37866,139,110,29,29
37867,115,119,-4,4
37868,48,54,-6,6
37869,159,143,16,16
37870,61,60,1,1
37871,113,133,-20,20
37872,101,96,5,5
37873,77,73,4,4
37874,134,142,-8,8
37875,67,59,8,8
37876,106,100,6,6
37877,57,55,2,2
37878,95,109,-14,14
37879,93,97,-4,4
37880,95,71,24,24
37881,179,167,12,12
37882,153,166,-13,13
37883,62,62,0,0
37884,69,70,-1,1
37885,165,162,3,3
37886,180,186,-6,6
37887,87,82,5,5
37888,110,106,4,4
37889,116,124,-8,8
37890,159,168,-9,9
37891,99,98,1,1
37892,114,114,0,0
37893,102,108,-6,6
37894,154,156,-2,2
37895,91,89,2,2
37896,124,111,13,13
37897,91,86,5,5
37898,41,43,-2,2
37899,45,49,-4,4
37900,71,80,-9,9
37901,76,82,-6,6
37902,99,105,-6,6
37903,111,105,6,6
37904,97,84,13,13
37905,124,117,7,7
37906,96,97,-1,1
37907,79,101,-22,22
37908,122,127,-5,5
37909,115,97,18,18
37910,89,84,5,5
37911,73,74,-1,1
37912,111,106,5,5
37913,89,109,-20,20
37914,138,142,-4,4
37915,100,110,-10,10
37916,78,84,-6,6
37917,83,92,-9,9
37918,86,98,-12,12
37919,135,141,-6,6
37920,114,121,-7,7
37921,56,52,4,4
37922,149,161,-12,12
37923,81,71,10,10
37924,79,84,-5,5
37925,103,99,4,4
37926,56,59,-3,3
37927,150,136,14,14
37928,78,75,3,3
37929,78,76,2,2
37930,41,46,-5,5
37931,121,108,13,13
37932,123,113,10,10
37933,76,79,-3,3
37934,103,105,-2,2
37935,35,72,-37,37
37936,124,116,8,8
37937,55,60,-5,5
37938,88,82,6,6
37939,90,88,2,2
37940,120,95,25,25
37941,71,77,-6,6
37942,79,80,-1,1
37943,62,73,-11,11
37944,86,86,0,0
37945,64,59,5,5
37946,131,132,-1,1
37947,146,133,13,13
37948,86,76,10,10
37949,98,93,5,5
37950,183,160,23,23
37951,91,88,3,3
37952,77,62,15,15
37953,142,134,8,8
37954,79,77,2,2
37955,41,38,3,3
37956,105,113,-8,8
37957,197,167,30,30
37958,115,100,15,15
37959,71,75,-4,4
37960,140,139,1,1
37961,130,131,-1,1
37962,83,80,3,3
37963,108,125,-17,17
37964,67,64,3,3
37965,70,86,-16,16
37966,93,92,1,1
37967,64,60,4,4
37968,98,110,-12,12
37969,115,114,1,1
37970,62,64,-2,2
37971,88,84,4,4
37972,61,63,-2,2
37973,198,142,56,56
37974,101,110,-9,9
37975,66,74,-8,8
37976,31,35,-4,4
37977,94,89,5,5
37978,93,117,-24,24
37979,117,163,-46,46
37980,99,106,-7,7
37981,36,39,-3,3
37982,76,77,-1,1
37983,67,73,-6,6
37984,78,84,-6,6
37985,50,48,2,2
37986,55,44,11,11
37987,92,86,6,6
37988,94,78,16,16
37989,137,137,0,0
37990,102,100,2,2
37991,113,111,2,2
37992,89,80,9,9
37993,124,123,1,1
37994,82,75,7,7
37995,60,68,-8,8
37996,125,114,11,11
37997,78,82,-4,4
37998,143,135,8,8
37999,142,148,-6,6
38000,106,104,2,2
38001,124,105,19,19
38002,52,61,-9,9
38003,97,119,-22,22
38004,80,77,3,3
38005,107,116,-9,9
38006,141,140,1,1
38007,57,54,3,3
38008,89,80,9,9
38009,104,109,-5,5
38010,154,151,3,3
38011,76,80,-4,4
38012,95,85,10,10
38013,179,172,7,7
38014,64,76,-12,12
38015,119,118,1,1
38016,108,121,-13,13
38017,114,110,4,4
38018,92,91,1,1
38019,109,102,7,7
38020,139,139,0,0
38021,130,133,-3,3
38022,112,116,-4,4
38023,123,117,6,6
38024,125,113,12,12
38025,66,62,4,4
38026,77,80,-3,3
38027,87,88,-1,1
38028,97,102,-5,5
38029,56,44,12,12
38030,146,144,2,2
38031,71,64,7,7
38032,176,166,10,10
38033,96,86,10,10
38034,105,81,24,24
38035,127,122,5,5
38036,82,84,-2,2
38037,137,150,-13,13
38038,120,120,0,0
38039,82,75,7,7
38040,73,67,6,6
38041,78,65,13,13
38042,83,87,-4,4
38043,83,77,6,6
38044,74,64,10,10
38045,81,77,4,4
38046,178,168,10,10
38047,96,98,-2,2
38048,48,51,-3,3
38049,74,77,-3,3
38050,143,130,13,13
38051,94,97,-3,3
38052,142,123,19,19
38053,144,146,-2,2
38054,114,116,-2,2
38055,91,95,-4,4
38056,127,137,-10,10
38057,65,75,-10,10
38058,152,138,14,14
38059,106,103,3,3
38060,140,127,13,13
38061,96,112,-16,16
38062,72,98,-26,26
38063,71,102,-31,31
38064,116,115,1,1
38065,156,135,21,21
38066,57,67,-10,10
38067,24,80,-56,56
38068,122,120,2,2
38069,118,107,11,11
38070,96,90,6,6
38071,86,73,13,13
38072,163,160,3,3
38073,60,57,3,3
38074,80,74,6,6
38075,78,75,3,3
38076,82,78,4,4
38077,113,103,10,10
38078,104,114,-10,10
38079,154,169,-15,15
38080,34,47,-13,13
38081,111,108,3,3
38082,103,92,11,11
38083,88,77,11,11
38084,112,123,-11,11
38085,115,104,11,11
38086,60,60,0,0
38087,150,137,13,13
38088,116,111,5,5
38089,80,80,0,0
38090,112,100,12,12
38091,116,115,1,1
38092,83,81,2,2
38093,161,143,18,18
38094,65,74,-9,9
38095,74,75,-1,1
38096,72,56,16,16
38097,185,158,27,27
38098,89,71,18,18
38099,90,83,7,7
38100,175,158,17,17
38101,96,85,11,11
38102,96,88,8,8
38103,111,108,3,3
38104,46,49,-3,3
38105,105,130,-25,25
38106,69,72,-3,3
38107,117,110,7,7
38108,91,94,-3,3
38109,70,73,-3,3
38110,150,127,23,23
38111,122,134,-12,12
38112,98,103,-5,5
38113,100,81,19,19
38114,160,146,14,14
38115,139,140,-1,1
38116,170,161,9,9
38117,79,75,4,4
38118,132,139,-7,7
38119,121,116,5,5
38120,118,122,-4,4
38121,102,88,14,14
38122,98,97,1,1
38123,115,115,0,0
38124,159,147,12,12
38125,92,94,-2,2
38126,41,111,-70,70
38127,84,82,2,2
38128,132,139,-7,7
38129,109,93,16,16
38130,78,88,-10,10
38131,114,125,-11,11
38132,121,126,-5,5
38133,93,86,7,7
38134,115,117,-2,2
38135,44,45,-1,1
38136,74,68,6,6
38137,49,48,1,1
38138,165,151,14,14
38139,83,70,13,13
38140,158,132,26,26
38141,101,86,15,15
38142,118,112,6,6
38143,94,86,8,8
38144,117,134,-17,17
38145,109,107,2,2
38146,73,92,-19,19
38147,76,74,2,2
38148,138,132,6,6
38149,113,113,0,0
38150,96,96,0,0
38151,73,70,3,3
38152,112,106,6,6
38153,63,64,-1,1
38154,104,94,10,10
38155,82,94,-12,12
38156,54,59,-5,5
38157,84,78,6,6
38158,133,143,-10,10
38159,101,97,4,4
38160,108,108,0,0
38161,83,76,7,7
38162,78,87,-9,9
38163,82,66,16,16
38164,76,74,2,2
38165,90,87,3,3
38166,105,105,0,0
38167,61,53,8,8
38168,102,110,-8,8
38169,104,120,-16,16
38170,72,70,2,2
38171,74,68,6,6
38172,92,92,0,0
38173,85,84,1,1
38174,99,98,1,1
38175,111,123,-12,12
38176,67,70,-3,3
38177,76,75,1,1
38178,113,95,18,18
38179,107,102,5,5
38180,117,113,4,4
38181,116,122,-6,6
38182,97,97,0,0
38183,125,111,14,14
38184,112,117,-5,5
38185,71,80,-9,9
38186,115,119,-4,4
38187,59,86,-27,27
38188,97,93,4,4
38189,124,104,20,20
38190,45,59,-14,14
38191,87,88,-1,1
38192,103,116,-13,13
38193,64,71,-7,7
38194,100,87,13,13
38195,97,86,11,11
38196,121,124,-3,3
38197,111,131,-20,20
38198,74,69,5,5
38199,118,160,-42,42
38200,91,91,0,0
38201,89,87,2,2
38202,105,83,22,22
38203,79,75,4,4
38204,68,69,-1,1
38205,125,114,11,11
38206,87,85,2,2
38207,123,112,11,11
38208,93,92,1,1
38209,100,84,16,16
38210,64,52,12,12
38211,108,98,10,10
38212,68,54,14,14
38213,86,95,-9,9
38214,107,101,6,6
38215,73,88,-15,15
38216,128,143,-15,15
38217,119,117,2,2
38218,54,37,17,17
38219,72,68,4,4
38220,73,85,-12,12
38221,159,150,9,9
38222,83,81,2,2
38223,97,86,11,11
38224,131,121,10,10
38225,69,66,3,3
38226,86,65,21,21
38227,119,116,3,3
38228,100,85,15,15
38229,102,100,2,2
38230,67,70,-3,3
38231,53,61,-8,8
38232,85,82,3,3
38233,168,161,7,7
38234,61,46,15,15
38235,77,60,17,17
38236,85,91,-6,6
38237,69,65,4,4
38238,124,119,5,5
38239,89,74,15,15
38240,148,147,1,1
38241,143,122,21,21
38242,57,88,-31,31
38243,144,129,15,15
38244,66,58,8,8
38245,83,98,-15,15
38246,120,109,11,11
38247,131,129,2,2
38248,51,51,0,0
38249,77,49,28,28
38250,62,65,-3,3
38251,125,131,-6,6
38252,87,79,8,8
38253,89,85,4,4
38254,162,152,10,10
38255,109,129,-20,20
38256,126,135,-9,9
38257,87,93,-6,6
38258,87,93,-6,6
38259,116,131,-15,15
38260,51,56,-5,5
38261,65,59,6,6
38262,95,81,14,14
38263,86,70,16,16
38264,98,97,1,1
38265,74,73,1,1
38266,87,70,17,17
38267,113,111,2,2
38268,70,83,-13,13
38269,119,101,18,18
38270,180,161,19,19
38271,94,74,20,20
38272,67,72,-5,5
38273,85,95,-10,10
38274,147,142,5,5
38275,79,67,12,12
38276,76,75,1,1
38277,60,56,4,4
38278,55,65,-10,10
38279,95,98,-3,3
38280,127,110,17,17
38281,100,98,2,2
38282,85,73,12,12
38283,127,128,-1,1
38284,101,83,18,18
38285,70,61,9,9
38286,102,103,-1,1
38287,73,76,-3,3
38288,107,109,-2,2
38289,129,139,-10,10
38290,114,102,12,12
38291,45,62,-17,17
38292,52,53,-1,1
38293,69,72,-3,3
38294,71,66,5,5
38295,65,67,-2,2
38296,211,159,52,52
38297,113,139,-26,26
38298,97,87,10,10
38299,60,69,-9,9
38300,184,144,40,40
38301,106,108,-2,2
38302,121,113,8,8
38303,112,104,8,8
38304,137,145,-8,8
38305,104,104,0,0
38306,124,158,-34,34
38307,72,73,-1,1
38308,116,107,9,9
38309,76,79,-3,3
38310,99,111,-12,12
38311,75,76,-1,1
38312,81,77,4,4
38313,69,72,-3,3
38314,72,80,-8,8
38315,87,79,8,8
38316,93,107,-14,14
38317,136,147,-11,11
38318,101,84,17,17
38319,89,81,8,8
38320,112,113,-1,1
38321,65,67,-2,2
38322,118,114,4,4
38323,92,86,6,6
38324,80,92,-12,12
38325,98,98,0,0
38326,70,72,-2,2
38327,127,119,8,8
38328,149,133,16,16
38329,70,58,12,12
38330,139,134,5,5
38331,82,79,3,3
38332,91,99,-8,8
38333,39,110,-71,71
38334,82,94,-12,12
38335,105,98,7,7
38336,147,128,19,19
38337,104,106,-2,2
38338,117,100,17,17
38339,91,106,-15,15
38340,90,95,-5,5
38341,104,91,13,13
38342,47,72,-25,25
38343,56,59,-3,3
38344,110,110,0,0
38345,43,76,-33,33
38346,120,114,6,6
38347,70,68,2,2
38348,75,74,1,1
38349,77,87,-10,10
38350,72,71,1,1
38351,105,103,2,2
38352,218,191,27,27
38353,56,57,-1,1
38354,100,99,1,1
38355,123,138,-15,15
38356,130,127,3,3
38357,63,76,-13,13
38358,89,84,5,5
38359,60,67,-7,7
38360,65,70,-5,5
38361,118,124,-6,6
38362,86,94,-8,8
38363,166,168,-2,2
38364,106,107,-1,1
38365,58,64,-6,6
38366,141,137,4,4
38367,96,97,-1,1
38368,106,108,-2,2
38369,110,120,-10,10
38370,64,61,3,3
38371,83,85,-2,2
38372,92,102,-10,10
38373,70,67,3,3
38374,122,116,6,6
38375,86,87,-1,1
38376,105,88,17,17
38377,99,105,-6,6
38378,57,45,12,12
38379,79,80,-1,1
38380,59,63,-4,4
38381,70,67,3,3
38382,104,106,-2,2
38383,86,92,-6,6
38384,112,115,-3,3
38385,102,98,4,4
38386,63,67,-4,4
38387,118,111,7,7
38388,63,80,-17,17
38389,104,121,-17,17
38390,86,85,1,1
38391,167,155,12,12
38392,164,156,8,8
38393,85,85,0,0
38394,111,122,-11,11
38395,121,121,0,0
38396,94,94,0,0
38397,77,83,-6,6
38398,35,37,-2,2
38399,95,93,2,2
38400,133,135,-2,2
38401,85,77,8,8
38402,67,49,18,18
38403,114,106,8,8
38404,157,153,4,4
38405,157,147,10,10
38406,94,110,-16,16
38407,54,64,-10,10
38408,64,66,-2,2
38409,109,104,5,5
38410,71,72,-1,1
38411,73,73,0,0
38412,76,87,-11,11
38413,130,124,6,6
38414,79,71,8,8
38415,142,149,-7,7
38416,89,82,7,7
38417,105,109,-4,4
38418,78,86,-8,8
38419,64,55,9,9
38420,63,65,-2,2
38421,89,86,3,3
38422,171,183,-12,12
38423,111,93,18,18
38424,86,67,19,19
38425,102,94,8,8
38426,61,65,-4,4
38427,85,85,0,0
38428,134,118,16,16
38429,81,77,4,4
38430,142,146,-4,4
38431,80,80,0,0
38432,83,76,7,7
38433,121,112,9,9
38434,67,56,11,11
38435,100,132,-32,32
38436,129,132,-3,3
38437,102,116,-14,14
38438,126,135,-9,9
38439,98,94,4,4
38440,63,66,-3,3
38441,72,77,-5,5
38442,88,100,-12,12
38443,64,72,-8,8
38444,107,116,-9,9
38445,89,76,13,13
38446,93,88,5,5
38447,146,138,8,8
38448,101,109,-8,8
38449,87,83,4,4
38450,97,112,-15,15
38451,78,61,17,17
38452,130,116,14,14
38453,85,66,19,19
38454,77,76,1,1
38455,44,61,-17,17
38456,96,95,1,1
38457,89,77,12,12
38458,117,114,3,3
38459,41,55,-14,14
38460,113,116,-3,3
38461,103,85,18,18
38462,161,165,-4,4
38463,196,188,8,8
38464,64,96,-32,32
38465,82,69,13,13
38466,66,97,-31,31
38467,80,75,5,5
38468,54,62,-8,8
38469,104,114,-10,10
38470,55,51,4,4
38471,57,57,0,0
38472,49,60,-11,11
38473,70,72,-2,2
38474,74,74,0,0
38475,33,53,-20,20
38476,83,99,-16,16
38477,89,88,1,1
38478,102,93,9,9
38479,156,163,-7,7
38480,36,56,-20,20
38481,62,60,2,2
38482,102,100,2,2
38483,87,97,-10,10
38484,50,50,0,0
38485,89,99,-10,10
38486,100,96,4,4
38487,98,91,7,7
38488,56,56,0,0
38489,75,55,20,20
38490,98,85,13,13
38491,117,107,10,10
38492,235,218,17,17
38493,54,55,-1,1
38494,68,68,0,0
38495,116,132,-16,16
38496,32,40,-8,8
38497,55,53,2,2
38498,82,76,6,6
38499,119,111,8,8
38500,183,186,-3,3
38501,112,73,39,39
38502,57,78,-21,21
38503,120,106,14,14
38504,77,75,2,2
38505,68,71,-3,3
38506,126,127,-1,1
38507,68,61,7,7
38508,103,86,17,17
38509,110,113,-3,3
38510,122,95,27,27
38511,100,108,-8,8
38512,74,75,-1,1
38513,185,171,14,14
38514,118,128,-10,10
38515,41,46,-5,5
38516,91,101,-10,10
38517,83,75,8,8
38518,79,85,-6,6
38519,82,76,6,6
38520,84,92,-8,8
38521,70,56,14,14
38522,97,103,-6,6
38523,99,102,-3,3
38524,108,105,3,3
38525,85,80,5,5
38526,132,146,-14,14
38527,99,98,1,1
38528,62,55,7,7
38529,80,71,9,9
38530,96,85,11,11
38531,98,67,31,31
38532,109,106,3,3
38533,124,133,-9,9
38534,101,109,-8,8
38535,118,118,0,0
38536,57,63,-6,6
38537,79,84,-5,5
38538,86,87,-1,1
38539,77,68,9,9
38540,132,121,11,11
38541,74,60,14,14
38542,108,109,-1,1
38543,137,117,20,20
38544,102,100,2,2
38545,150,141,9,9
38546,51,54,-3,3
38547,77,70,7,7
38548,59,50,9,9
38549,42,35,7,7
38550,141,144,-3,3
38551,132,125,7,7
38552,67,64,3,3
38553,108,94,14,14
38554,144,150,-6,6
38555,69,67,2,2
38556,85,71,14,14
38557,64,67,-3,3
38558,65,58,7,7
38559,221,195,26,26
38560,70,66,4,4
38561,56,48,8,8
38562,62,72,-10,10
38563,88,105,-17,17
38564,108,109,-1,1
38565,178,175,3,3
38566,74,69,5,5
38567,85,102,-17,17
38568,61,61,0,0
38569,111,122,-11,11
38570,103,104,-1,1
38571,110,108,2,2
38572,74,66,8,8
38573,172,168,4,4
38574,87,102,-15,15
38575,141,152,-11,11
38576,86,80,6,6
38577,89,111,-22,22
38578,106,95,11,11
38579,103,97,6,6
38580,115,100,15,15
38581,61,49,12,12
38582,102,97,5,5
38583,64,58,6,6
38584,121,114,7,7
38585,61,64,-3,3
38586,75,71,4,4
38587,43,37,6,6
38588,84,95,-11,11
38589,118,114,4,4
38590,50,46,4,4
38591,81,73,8,8
38592,160,159,1,1
38593,121,113,8,8
38594,77,102,-25,25
38595,124,117,7,7
38596,140,124,16,16
38597,56,58,-2,2
38598,92,83,9,9
38599,99,90,9,9
38600,169,133,36,36
38601,102,112,-10,10
38602,149,151,-2,2
38603,161,162,-1,1
38604,73,76,-3,3
38605,81,84,-3,3
38606,76,73,3,3
38607,131,117,14,14
38608,155,163,-8,8
38609,87,88,-1,1
38610,62,66,-4,4
38611,87,74,13,13
38612,78,85,-7,7
38613,74,68,6,6
38614,49,76,-27,27
38615,92,81,11,11
38616,133,128,5,5
38617,149,142,7,7
38618,120,123,-3,3
38619,89,72,17,17
38620,102,114,-12,12
38621,62,93,-31,31
38622,57,50,7,7
38623,43,52,-9,9
38624,72,70,2,2
38625,58,63,-5,5
38626,66,62,4,4
38627,73,80,-7,7
38628,112,90,22,22
38629,158,148,10,10
38630,70,84,-14,14
38631,136,130,6,6
38632,85,77,8,8
38633,37,53,-16,16
38634,87,98,-11,11
38635,130,126,4,4
38636,88,87,1,1
38637,57,55,2,2
38638,117,117,0,0
38639,105,102,3,3
38640,75,73,2,2
38641,153,142,11,11
38642,90,90,0,0
38643,130,120,10,10
38644,86,82,4,4
38645,124,129,-5,5
38646,83,79,4,4
38647,145,130,15,15
38648,77,80,-3,3
38649,64,65,-1,1
38650,129,113,16,16
38651,109,49,60,60
38652,94,95,-1,1
38653,84,80,4,4
38654,64,65,-1,1
38655,90,97,-7,7
38656,171,162,9,9
38657,93,101,-8,8
38658,121,139,-18,18
38659,72,87,-15,15
38660,72,92,-20,20
38661,85,82,3,3
38662,86,68,18,18
38663,93,101,-8,8
38664,94,84,10,10
38665,118,127,-9,9
38666,72,59,13,13
38667,64,65,-1,1
38668,127,109,18,18
38669,64,58,6,6
38670,75,68,7,7
38671,57,59,-2,2
38672,61,59,2,2
38673,74,83,-9,9
38674,53,71,-18,18
38675,80,81,-1,1
38676,83,81,2,2
38677,124,118,6,6
38678,81,85,-4,4
38679,84,91,-7,7
38680,128,122,6,6
38681,93,76,17,17
38682,79,80,-1,1
38683,81,96,-15,15
38684,81,81,0,0
38685,104,111,-7,7
38686,82,73,9,9
38687,84,84,0,0
38688,71,75,-4,4
38689,62,62,0,0
38690,66,68,-2,2
38691,63,59,4,4
38692,77,76,1,1
38693,56,58,-2,2
38694,155,153,2,2
38695,143,127,16,16
38696,75,81,-6,6
38697,92,114,-22,22
38698,108,104,4,4
38699,105,97,8,8
38700,63,54,9,9
38701,117,112,5,5
38702,123,107,16,16
38703,69,69,0,0
38704,119,131,-12,12
38705,92,102,-10,10
38706,94,98,-4,4
38707,80,70,10,10
38708,101,94,7,7
38709,150,132,18,18
38710,92,77,15,15
38711,97,91,6,6
38712,100,99,1,1
38713,74,88,-14,14
38714,157,148,9,9
38715,65,75,-10,10
38716,97,90,7,7
38717,79,75,4,4
38718,86,87,-1,1
38719,91,85,6,6
38720,51,46,5,5
38721,110,103,7,7
38722,106,104,2,2
38723,50,52,-2,2
38724,76,63,13,13
38725,126,122,4,4
38726,73,69,4,4
38727,80,73,7,7
38728,90,79,11,11
38729,94,70,24,24
38730,99,88,11,11
38731,140,137,3,3
38732,92,92,0,0
38733,96,93,3,3
38734,107,108,-1,1
38735,120,115,5,5
38736,141,134,7,7
38737,58,53,5,5
38738,99,96,3,3
38739,75,71,4,4
38740,118,103,15,15
38741,93,96,-3,3
38742,104,87,17,17
38743,81,79,2,2
38744,107,100,7,7
38745,91,112,-21,21
38746,87,93,-6,6
38747,53,52,1,1
38748,147,156,-9,9
38749,108,106,2,2
38750,76,70,6,6
38751,59,74,-15,15
38752,85,95,-10,10
38753,82,58,24,24
38754,57,59,-2,2
38755,37,58,-21,21
38756,129,133,-4,4
38757,57,48,9,9
38758,67,66,1,1
38759,76,67,9,9
38760,85,85,0,0
38761,130,113,17,17
38762,106,98,8,8
38763,104,112,-8,8
38764,88,94,-6,6
38765,65,88,-23,23
38766,75,74,1,1
38767,145,137,8,8
38768,149,146,3,3
38769,44,78,-34,34
38770,69,60,9,9
38771,93,87,6,6
38772,78,73,5,5
38773,63,64,-1,1
38774,78,83,-5,5
38775,85,77,8,8
38776,55,74,-19,19
38777,73,85,-12,12
38778,107,102,5,5
38779,131,120,11,11
38780,87,89,-2,2
38781,40,55,-15,15
38782,139,118,21,21
38783,85,86,-1,1
38784,163,183,-20,20
38785,64,74,-10,10
38786,193,181,12,12
38787,86,87,-1,1
38788,98,90,8,8
38789,51,58,-7,7
38790,128,123,5,5
38791,141,132,9,9
38792,84,72,12,12
38793,142,143,-1,1
38794,59,73,-14,14
38795,108,96,12,12
38796,39,48,-9,9
38797,156,146,10,10
38798,107,109,-2,2
38799,99,107,-8,8
38800,166,165,1,1
38801,85,86,-1,1
38802,84,77,7,7
38803,98,95,3,3
38804,76,65,11,11
38805,138,130,8,8
38806,93,79,14,14
38807,182,158,24,24
38808,149,142,7,7
38809,132,109,23,23
38810,127,115,12,12
38811,70,62,8,8
38812,57,63,-6,6
38813,176,156,20,20
38814,68,65,3,3
38815,46,79,-33,33
38816,66,60,6,6
38817,113,122,-9,9
38818,135,140,-5,5
38819,48,60,-12,12
38820,135,131,4,4
38821,70,69,1,1
38822,91,94,-3,3
38823,125,126,-1,1
38824,109,90,19,19
38825,53,62,-9,9
38826,91,100,-9,9
38827,70,74,-4,4
38828,65,64,1,1
38829,125,125,0,0
38830,72,73,-1,1
38831,103,102,1,1
38832,103,80,23,23
38833,101,69,32,32
38834,117,135,-18,18
38835,63,72,-9,9
38836,164,160,4,4
38837,57,69,-12,12
38838,120,121,-1,1
38839,133,129,4,4
38840,83,90,-7,7
38841,64,81,-17,17
38842,102,93,9,9
38843,70,60,10,10
38844,124,137,-13,13
38845,106,86,20,20
38846,156,153,3,3
38847,67,68,-1,1
38848,147,146,1,1
38849,113,115,-2,2
38850,121,119,2,2
38851,97,103,-6,6
38852,59,66,-7,7
38853,50,67,-17,17
38854,118,105,13,13
38855,56,57,-1,1
38856,87,77,10,10
38857,89,97,-8,8
38858,65,67,-2,2
38859,62,59,3,3
38860,138,127,11,11
38861,149,155,-6,6
38862,69,67,2,2
38863,76,80,-4,4
38864,65,64,1,1
38865,70,63,7,7
38866,133,150,-17,17
38867,77,77,0,0
38868,93,93,0,0
38869,105,124,-19,19
38870,67,82,-15,15
38871,84,86,-2,2
38872,83,86,-3,3
38873,46,48,-2,2
38874,102,92,10,10
38875,80,75,5,5
38876,106,105,1,1
38877,91,93,-2,2
38878,70,97,-27,27
38879,213,180,33,33
38880,84,80,4,4
38881,124,118,6,6
38882,113,107,6,6
38883,89,94,-5,5
38884,112,113,-1,1
38885,78,75,3,3
38886,60,69,-9,9
38887,119,108,11,11
38888,58,60,-2,2
38889,109,114,-5,5
38890,113,134,-21,21
38891,101,78,23,23
38892,61,59,2,2
38893,76,77,-1,1
38894,84,74,10,10
38895,86,94,-8,8
38896,108,95,13,13
38897,102,94,8,8
38898,151,151,0,0
38899,66,64,2,2
38900,71,68,3,3
38901,66,69,-3,3
38902,131,125,6,6
38903,49,46,3,3
38904,99,103,-4,4
38905,69,86,-17,17
38906,72,61,11,11
38907,179,151,28,28
38908,152,149,3,3
38909,70,71,-1,1
38910,63,65,-2,2
38911,104,100,4,4
38912,22,107,-85,85
38913,105,108,-3,3
38914,174,163,11,11
38915,123,121,2,2
38916,34,67,-33,33
38917,76,76,0,0
38918,114,115,-1,1
38919,84,91,-7,7
38920,114,120,-6,6
38921,236,190,46,46
38922,86,101,-15,15
38923,91,75,16,16
38924,109,115,-6,6
38925,99,90,9,9
38926,79,81,-2,2
38927,51,61,-10,10
38928,201,172,29,29
38929,60,49,11,11
38930,89,98,-9,9
38931,84,87,-3,3
38932,40,65,-25,25
38933,68,66,2,2
38934,58,55,3,3
38935,73,70,3,3
38936,121,123,-2,2
38937,55,51,4,4
38938,91,105,-14,14
38939,57,65,-8,8
38940,68,61,7,7
38941,93,80,13,13
38942,59,60,-1,1
38943,76,66,10,10
38944,99,106,-7,7
38945,85,93,-8,8
38946,113,94,19,19
38947,107,92,15,15
38948,184,181,3,3
38949,80,76,4,4
38950,99,102,-3,3
38951,180,165,15,15
38952,94,105,-11,11
38953,37,49,-12,12
38954,59,60,-1,1
38955,65,64,1,1
38956,93,97,-4,4
38957,88,94,-6,6
38958,92,96,-4,4
38959,128,119,9,9
38960,111,121,-10,10
38961,128,169,-41,41
38962,48,47,1,1
38963,116,111,5,5
38964,54,52,2,2
38965,57,71,-14,14
38966,61,65,-4,4
38967,79,83,-4,4
38968,61,60,1,1
38969,122,112,10,10
38970,89,86,3,3
38971,121,108,13,13
38972,119,111,8,8
38973,108,118,-10,10
38974,100,89,11,11
38975,58,57,1,1
38976,106,95,11,11
38977,88,95,-7,7
38978,103,86,17,17
38979,31,45,-14,14
38980,34,57,-23,23
38981,87,87,0,0
38982,111,111,0,0
38983,101,112,-11,11
38984,41,41,0,0
38985,60,57,3,3
38986,115,115,0,0
38987,136,130,6,6
38988,74,71,3,3
38989,84,72,12,12
38990,110,108,2,2
38991,73,72,1,1
38992,126,84,42,42
38993,77,70,7,7
38994,129,145,-16,16
38995,123,113,10,10
38996,99,87,12,12
38997,88,122,-34,34
38998,61,69,-8,8
38999,74,66,8,8
39000,107,96,11,11
39001,122,120,2,2
39002,60,60,0,0
39003,188,173,15,15
39004,84,82,2,2
39005,146,137,9,9
39006,154,152,2,2
39007,114,115,-1,1
39008,117,117,0,0
39009,163,167,-4,4
39010,74,70,4,4
39011,113,103,10,10
39012,68,71,-3,3
39013,137,117,20,20
39014,86,89,-3,3
39015,136,137,-1,1
39016,77,101,-24,24
39017,156,134,22,22
39018,146,129,17,17
39019,62,66,-4,4
39020,66,82,-16,16
39021,121,120,1,1
39022,161,147,14,14
39023,102,110,-8,8
39024,67,62,5,5
39025,129,141,-12,12
39026,120,116,4,4
39027,174,169,5,5
39028,179,144,35,35
39029,92,89,3,3
39030,112,109,3,3
39031,110,103,7,7
39032,97,97,0,0
39033,68,48,20,20
39034,117,124,-7,7
39035,155,153,2,2
39036,60,63,-3,3
39037,167,106,61,61
39038,115,118,-3,3
39039,134,141,-7,7
39040,48,55,-7,7
39041,89,84,5,5
39042,42,51,-9,9
39043,31,41,-10,10
39044,105,98,7,7
39045,138,126,12,12
39046,97,85,12,12
39047,83,81,2,2
39048,54,64,-10,10
39049,65,59,6,6
39050,94,102,-8,8
39051,86,87,-1,1
39052,88,101,-13,13
39053,63,52,11,11
39054,144,149,-5,5
39055,62,59,3,3
39056,63,78,-15,15
39057,98,99,-1,1
39058,60,51,9,9
39059,49,55,-6,6
39060,96,73,23,23
39061,71,71,0,0
39062,120,106,14,14
39063,150,131,19,19
39064,80,71,9,9
39065,58,66,-8,8
39066,64,69,-5,5
39067,140,145,-5,5
39068,124,136,-12,12
39069,97,80,17,17
39070,161,137,24,24
39071,50,56,-6,6
39072,101,111,-10,10
39073,44,49,-5,5
39074,99,100,-1,1
39075,171,166,5,5
39076,43,48,-5,5
39077,93,107,-14,14
39078,139,150,-11,11
39079,120,121,-1,1
39080,98,104,-6,6
39081,101,111,-10,10
39082,80,79,1,1
39083,63,55,8,8
39084,149,148,1,1
39085,132,117,15,15
39086,71,78,-7,7
39087,92,95,-3,3
39088,61,79,-18,18
39089,110,110,0,0
39090,67,64,3,3
39091,38,105,-67,67
39092,89,108,-19,19
39093,86,89,-3,3
39094,157,174,-17,17
39095,63,71,-8,8
39096,56,65,-9,9
39097,96,86,10,10
39098,58,63,-5,5
39099,164,157,7,7
39100,107,104,3,3
39101,131,109,22,22
39102,119,103,16,16
39103,103,105,-2,2
39104,58,58,0,0
39105,158,135,23,23
39106,148,141,7,7
39107,107,114,-7,7
39108,108,89,19,19
39109,85,70,15,15
39110,76,71,5,5
39111,72,59,13,13
39112,133,122,11,11
39113,71,72,-1,1
39114,90,82,8,8
39115,105,93,12,12
39116,107,112,-5,5
39117,84,78,6,6
39118,67,63,4,4
39119,154,145,9,9
39120,63,67,-4,4
39121,182,164,18,18
39122,130,121,9,9
39123,126,138,-12,12
39124,135,125,10,10
39125,86,91,-5,5
39126,90,91,-1,1
39127,69,62,7,7
39128,99,100,-1,1
39129,81,88,-7,7
39130,92,87,5,5
39131,83,78,5,5
39132,76,58,18,18
39133,79,66,13,13
39134,59,56,3,3
39135,100,98,2,2
39136,60,102,-42,42
39137,76,77,-1,1
39138,110,104,6,6
39139,112,109,3,3
39140,93,101,-8,8
39141,101,110,-9,9
39142,107,116,-9,9
39143,180,176,4,4
39144,109,110,-1,1
39145,85,80,5,5
39146,123,111,12,12
39147,90,92,-2,2
39148,118,118,0,0
39149,108,107,1,1
39150,95,93,2,2
39151,119,123,-4,4
39152,115,86,29,29
39153,145,134,11,11
39154,46,68,-22,22
39155,59,58,1,1
39156,127,130,-3,3
39157,114,108,6,6
39158,101,98,3,3
39159,134,135,-1,1
39160,99,90,9,9
39161,143,124,19,19
39162,136,130,6,6
39163,152,132,20,20
39164,103,96,7,7
39165,79,72,7,7
39166,83,78,5,5
39167,125,116,9,9
39168,74,86,-12,12
39169,44,49,-5,5
39170,100,119,-19,19
39171,111,105,6,6
39172,65,61,4,4
39173,102,103,-1,1
39174,109,101,8,8
39175,80,67,13,13
39176,117,109,8,8
39177,121,122,-1,1
39178,154,135,19,19
39179,55,60,-5,5
39180,90,97,-7,7
39181,137,121,16,16
39182,53,44,9,9
39183,137,127,10,10
39184,64,60,4,4
39185,133,129,4,4
39186,38,35,3,3
39187,105,83,22,22
39188,45,64,-19,19
39189,133,114,19,19
39190,121,131,-10,10
39191,138,126,12,12
39192,84,69,15,15
39193,79,83,-4,4
39194,48,48,0,0
39195,51,61,-10,10
39196,90,95,-5,5
39197,79,71,8,8
39198,73,68,5,5
39199,82,77,5,5
39200,90,95,-5,5
39201,98,77,21,21
39202,56,50,6,6
39203,100,95,5,5
39204,55,74,-19,19
39205,116,128,-12,12
39206,61,53,8,8
39207,77,72,5,5
39208,131,132,-1,1
39209,115,130,-15,15
39210,94,90,4,4
39211,80,84,-4,4
39212,57,71,-14,14
39213,112,107,5,5
39214,98,92,6,6
39215,136,133,3,3
39216,125,117,8,8
39217,90,105,-15,15
39218,81,78,3,3
39219,123,120,3,3
39220,114,119,-5,5
39221,35,137,-102,102
39222,55,50,5,5
39223,110,107,3,3
39224,52,56,-4,4
39225,191,169,22,22
39226,48,62,-14,14
39227,70,63,7,7
39228,116,119,-3,3
39229,114,116,-2,2
39230,71,74,-3,3
39231,130,129,1,1
39232,92,88,4,4
39233,111,108,3,3
39234,150,146,4,4
39235,112,141,-29,29
39236,85,82,3,3
39237,75,74,1,1
39238,64,64,0,0
39239,65,65,0,0
39240,164,152,12,12
39241,63,93,-30,30
39242,105,105,0,0
39243,96,95,1,1
39244,102,84,18,18
39245,84,73,11,11
39246,72,88,-16,16
39247,118,122,-4,4
39248,110,113,-3,3
39249,81,91,-10,10
39250,109,108,1,1
39251,76,74,2,2
39252,64,60,4,4
39253,133,118,15,15
39254,143,139,4,4
39255,72,76,-4,4
39256,74,80,-6,6
39257,41,44,-3,3
39258,65,69,-4,4
39259,73,75,-2,2
39260,63,69,-6,6
39261,175,157,18,18
39262,85,97,-12,12
39263,82,82,0,0
39264,48,53,-5,5
39265,97,88,9,9
39266,86,82,4,4
39267,66,67,-1,1
39268,80,73,7,7
39269,84,85,-1,1
39270,90,86,4,4
39271,76,83,-7,7
39272,90,94,-4,4
39273,128,122,6,6
39274,76,83,-7,7
39275,84,77,7,7
39276,116,118,-2,2
39277,72,74,-2,2
39278,88,73,15,15
39279,58,60,-2,2
39280,80,71,9,9
39281,122,96,26,26
39282,84,86,-2,2
39283,62,62,0,0
39284,78,77,1,1
39285,113,110,3,3
39286,152,140,12,12
39287,68,60,8,8
39288,72,79,-7,7
39289,104,112,-8,8
39290,100,93,7,7
39291,92,83,9,9
39292,95,74,21,21
39293,66,55,11,11
39294,78,76,2,2
39295,117,107,10,10
39296,109,81,28,28
39297,157,158,-1,1
39298,100,86,14,14
39299,101,92,9,9
39300,68,52,16,16
39301,137,123,14,14
39302,144,147,-3,3
39303,152,148,4,4
39304,121,108,13,13
39305,83,82,1,1
39306,86,126,-40,40
39307,72,63,9,9
39308,82,94,-12,12
39309,115,100,15,15
39310,44,47,-3,3
39311,130,132,-2,2
39312,84,81,3,3
39313,104,95,9,9
39314,70,67,3,3
39315,152,128,24,24
39316,66,62,4,4
39317,137,109,28,28
39318,86,79,7,7
39319,130,129,1,1
39320,105,80,25,25
39321,79,77,2,2
39322,79,75,4,4
39323,68,64,4,4
39324,86,91,-5,5
39325,90,97,-7,7
39326,174,158,16,16
39327,41,54,-13,13
39328,109,92,17,17
39329,98,93,5,5
39330,79,85,-6,6
39331,107,111,-4,4
39332,138,133,5,5
39333,49,41,8,8
39334,68,69,-1,1
39335,465,274,191,191
39336,102,95,7,7
39337,108,108,0,0
39338,98,108,-10,10
39339,70,55,15,15
39340,90,93,-3,3
39341,103,104,-1,1
39342,84,68,16,16
39343,128,139,-11,11
39344,205,169,36,36
39345,149,134,15,15
39346,51,62,-11,11
39347,64,61,3,3
39348,155,127,28,28
39349,61,55,6,6
39350,91,95,-4,4
39351,69,67,2,2
39352,51,57,-6,6
39353,59,57,2,2
39354,110,101,9,9
39355,145,129,16,16
39356,86,101,-15,15
39357,192,146,46,46
39358,80,64,16,16
39359,62,56,6,6
39360,116,114,2,2
39361,94,99,-5,5
39362,60,58,2,2
39363,128,150,-22,22
39364,129,130,-1,1
39365,111,114,-3,3
39366,137,129,8,8
39367,164,138,26,26
39368,119,116,3,3
39369,90,98,-8,8
39370,114,117,-3,3
39371,26,36,-10,10
39372,107,111,-4,4
39373,68,65,3,3
39374,118,129,-11,11
39375,124,108,16,16
39376,170,169,1,1
39377,61,62,-1,1
39378,136,144,-8,8
39379,196,104,92,92
39380,87,53,34,34
39381,95,110,-15,15
39382,108,125,-17,17
39383,151,134,17,17
39384,67,64,3,3
39385,149,155,-6,6
39386,113,110,3,3
39387,50,51,-1,1
39388,79,84,-5,5
39389,103,96,7,7
39390,80,74,6,6
39391,172,166,6,6
39392,105,121,-16,16
39393,82,81,1,1
39394,47,60,-13,13
39395,54,51,3,3
39396,80,65,15,15
39397,64,68,-4,4
39398,150,144,6,6
39399,134,121,13,13
39400,61,66,-5,5
39401,108,101,7,7
39402,116,120,-4,4
39403,101,130,-29,29
39404,81,88,-7,7
39405,90,88,2,2
39406,71,80,-9,9
39407,119,118,1,1
39408,133,135,-2,2
39409,125,114,11,11
39410,70,64,6,6
39411,182,163,19,19
39412,114,109,5,5
39413,136,99,37,37
39414,76,81,-5,5
39415,114,104,10,10
39416,46,53,-7,7
39417,97,120,-23,23
39418,70,67,3,3
39419,63,56,7,7
39420,100,98,2,2
39421,114,105,9,9
39422,52,54,-2,2
39423,130,136,-6,6
39424,108,103,5,5
39425,133,122,11,11
39426,26,38,-12,12
39427,75,76,-1,1
39428,112,116,-4,4
39429,73,65,8,8
39430,44,68,-24,24
39431,75,77,-2,2
39432,93,84,9,9
39433,60,73,-13,13
39434,83,78,5,5
39435,140,130,10,10
39436,100,109,-9,9
39437,107,96,11,11
39438,95,83,12,12
39439,111,105,6,6
39440,112,110,2,2
39441,67,65,2,2
39442,52,51,1,1
39443,113,94,19,19
39444,77,66,11,11
39445,135,139,-4,4
39446,61,68,-7,7
39447,58,70,-12,12
39448,60,61,-1,1
39449,100,92,8,8
39450,49,50,-1,1
39451,71,73,-2,2
39452,104,105,-1,1
39453,49,55,-6,6
39454,141,123,18,18
39455,113,112,1,1
39456,74,65,9,9
39457,135,137,-2,2
39458,61,61,0,0
39459,115,109,6,6
39460,89,93,-4,4
39461,76,73,3,3
39462,111,127,-16,16
39463,61,73,-12,12
39464,54,46,8,8
39465,95,98,-3,3
39466,125,121,4,4
39467,168,172,-4,4
39468,71,72,-1,1
39469,80,77,3,3
39470,224,220,4,4
39471,87,82,5,5
39472,65,64,1,1
39473,130,122,8,8
39474,111,107,4,4
39475,76,66,10,10
39476,111,114,-3,3
39477,88,104,-16,16
39478,97,96,1,1
39479,118,119,-1,1
39480,93,79,14,14
39481,131,136,-5,5
39482,82,84,-2,2
39483,153,142,11,11
39484,76,73,3,3
39485,105,119,-14,14
39486,38,38,0,0
39487,56,67,-11,11
39488,75,77,-2,2
39489,40,34,6,6
39490,139,137,2,2
39491,78,91,-13,13
39492,72,67,5,5
39493,123,131,-8,8
39494,71,68,3,3
39495,144,144,0,0
39496,51,54,-3,3
39497,63,77,-14,14
39498,51,56,-5,5
39499,98,92,6,6
39500,83,86,-3,3
39501,75,90,-15,15
39502,108,101,7,7
39503,100,93,7,7
39504,61,54,7,7
39505,76,81,-5,5
39506,156,174,-18,18
39507,69,71,-2,2
39508,219,192,27,27
39509,112,115,-3,3
39510,86,97,-11,11
39511,53,57,-4,4
39512,108,101,7,7
39513,82,82,0,0
39514,89,76,13,13
39515,125,120,5,5
39516,96,110,-14,14
39517,113,105,8,8
39518,61,67,-6,6
39519,39,45,-6,6
39520,65,79,-14,14
39521,101,91,10,10
39522,188,173,15,15
39523,73,76,-3,3
39524,51,80,-29,29
39525,126,123,3,3
39526,95,125,-30,30
39527,85,113,-28,28
39528,112,134,-22,22
39529,117,126,-9,9
39530,109,94,15,15
39531,47,60,-13,13
39532,63,78,-15,15
39533,92,87,5,5
39534,78,85,-7,7
39535,100,87,13,13
39536,137,119,18,18
39537,163,143,20,20
39538,74,84,-10,10
39539,64,87,-23,23
39540,87,72,15,15
39541,87,91,-4,4
39542,120,127,-7,7
39543,129,112,17,17
39544,137,132,5,5
39545,65,62,3,3
39546,67,62,5,5
39547,83,79,4,4
39548,91,87,4,4
39549,88,77,11,11
39550,47,40,7,7
39551,119,109,10,10
39552,76,70,6,6
39553,96,92,4,4
39554,69,69,0,0
39555,91,98,-7,7
39556,95,95,0,0
39557,89,114,-25,25
39558,89,76,13,13
39559,106,103,3,3
39560,86,98,-12,12
39561,119,115,4,4
39562,76,84,-8,8
39563,95,89,6,6
39564,93,75,18,18
39565,93,68,25,25
39566,87,96,-9,9
39567,142,137,5,5
39568,81,85,-4,4
39569,54,51,3,3
39570,131,118,13,13
39571,53,56,-3,3
39572,132,127,5,5
39573,83,80,3,3
39574,77,63,14,14
39575,86,96,-10,10
39576,135,119,16,16
39577,114,104,10,10
39578,75,80,-5,5
39579,62,71,-9,9
39580,96,92,4,4
39581,88,94,-6,6
39582,58,54,4,4
39583,55,65,-10,10
39584,70,71,-1,1
39585,162,134,28,28
39586,98,75,23,23
39587,73,57,16,16
39588,52,53,-1,1
39589,86,80,6,6
39590,133,117,16,16
39591,102,103,-1,1
39592,137,138,-1,1
39593,58,57,1,1
39594,94,78,16,16
39595,158,147,11,11
39596,88,82,6,6
39597,81,92,-11,11
39598,88,72,16,16
39599,170,174,-4,4
39600,132,130,2,2
39601,160,134,26,26
39602,69,70,-1,1
39603,78,79,-1,1
39604,47,78,-31,31
39605,122,118,4,4
39606,46,103,-57,57
39607,81,82,-1,1
39608,173,167,6,6
39609,36,101,-65,65
39610,84,81,3,3
39611,118,76,42,42
39612,113,105,8,8
39613,162,154,8,8
39614,98,107,-9,9
39615,96,104,-8,8
39616,71,72,-1,1
39617,68,59,9,9
39618,85,77,8,8
39619,34,53,-19,19
39620,69,87,-18,18
39621,69,72,-3,3
39622,128,122,6,6
39623,99,101,-2,2
39624,121,141,-20,20
39625,179,137,42,42
39626,92,108,-16,16
39627,171,168,3,3
39628,94,106,-12,12
39629,112,112,0,0
39630,79,76,3,3
39631,57,62,-5,5
39632,72,78,-6,6
39633,161,147,14,14
39634,132,125,7,7
39635,126,134,-8,8
39636,78,79,-1,1
39637,72,63,9,9
39638,88,96,-8,8
39639,93,91,2,2
39640,56,53,3,3
39641,179,139,40,40
39642,99,102,-3,3
39643,143,131,12,12
39644,25,39,-14,14
39645,85,74,11,11
39646,50,66,-16,16
39647,110,111,-1,1
39648,133,124,9,9
39649,103,100,3,3
39650,149,128,21,21
39651,146,147,-1,1
39652,65,70,-5,5
39653,117,130,-13,13
39654,53,46,7,7
39655,155,149,6,6
39656,127,129,-2,2
39657,87,85,2,2
39658,167,151,16,16
39659,74,66,8,8
39660,65,72,-7,7
39661,50,54,-4,4
39662,109,122,-13,13
39663,65,63,2,2
39664,98,103,-5,5
39665,128,120,8,8
39666,132,126,6,6
39667,174,170,4,4
39668,81,79,2,2
39669,69,73,-4,4
39670,77,58,19,19
39671,69,65,4,4
39672,68,66,2,2
39673,132,137,-5,5
39674,152,176,-24,24
39675,87,98,-11,11
39676,30,18,12,12
39677,98,78,20,20
39678,99,85,14,14
39679,116,116,0,0
39680,100,92,8,8
39681,137,119,18,18
39682,63,68,-5,5
39683,82,90,-8,8
39684,99,116,-17,17
39685,58,65,-7,7
39686,68,75,-7,7
39687,121,132,-11,11
39688,91,81,10,10
39689,61,74,-13,13
39690,46,43,3,3
39691,107,126,-19,19
39692,80,77,3,3
39693,78,82,-4,4
39694,83,74,9,9
39695,139,132,7,7
39696,113,120,-7,7
39697,109,118,-9,9
39698,168,156,12,12
39699,148,137,11,11
39700,90,79,11,11
39701,49,60,-11,11
39702,91,94,-3,3
39703,48,55,-7,7
39704,99,99,0,0
39705,125,131,-6,6
39706,77,94,-17,17
39707,89,93,-4,4
39708,85,75,10,10
39709,85,71,14,14
39710,60,67,-7,7
39711,100,95,5,5
39712,61,67,-6,6
39713,87,93,-6,6
39714,79,79,0,0
39715,48,45,3,3
39716,90,99,-9,9
39717,85,74,11,11
39718,77,72,5,5
39719,56,56,0,0
39720,55,49,6,6
39721,148,146,2,2
39722,108,103,5,5
39723,69,56,13,13
39724,151,136,15,15
39725,98,85,13,13
39726,87,82,5,5
39727,76,78,-2,2
39728,84,77,7,7
39729,39,46,-7,7
39730,105,100,5,5
39731,68,91,-23,23
39732,58,70,-12,12
39733,81,74,7,7
39734,108,122,-14,14
39735,98,97,1,1
39736,148,59,89,89
39737,71,64,7,7
39738,108,112,-4,4
39739,68,73,-5,5
39740,82,85,-3,3
39741,159,141,18,18
39742,109,102,7,7
39743,113,110,3,3
39744,106,97,9,9
39745,124,111,13,13
39746,74,73,1,1
39747,23,31,-8,8
39748,94,90,4,4
39749,69,65,4,4
39750,63,75,-12,12
39751,49,53,-4,4
39752,83,87,-4,4
39753,65,67,-2,2
39754,122,85,37,37
39755,110,113,-3,3
39756,145,140,5,5
39757,128,104,24,24
39758,61,61,0,0
39759,135,128,7,7
39760,62,52,10,10
39761,143,119,24,24
39762,59,67,-8,8
39763,133,143,-10,10
39764,84,90,-6,6
39765,127,118,9,9
39766,75,72,3,3
39767,128,125,3,3
39768,85,94,-9,9
39769,127,121,6,6
39770,66,71,-5,5
39771,45,61,-16,16
39772,89,91,-2,2
39773,82,84,-2,2
39774,98,91,7,7
39775,51,122,-71,71
39776,112,126,-14,14
39777,70,70,0,0
39778,75,53,22,22
39779,97,98,-1,1
39780,59,83,-24,24
39781,51,51,0,0
39782,53,55,-2,2
39783,56,72,-16,16
39784,67,56,11,11
39785,66,69,-3,3
39786,89,86,3,3
39787,94,85,9,9
39788,77,82,-5,5
39789,41,49,-8,8
39790,85,76,9,9
39791,72,61,11,11
39792,108,108,0,0
39793,105,98,7,7
39794,67,73,-6,6
39795,97,84,13,13
39796,76,65,11,11
39797,133,135,-2,2
39798,93,89,4,4
39799,40,49,-9,9
39800,66,65,1,1
39801,43,46,-3,3
39802,145,149,-4,4
39803,135,122,13,13
39804,64,65,-1,1
39805,76,91,-15,15
39806,55,67,-12,12
39807,78,76,2,2
39808,103,96,7,7
39809,141,146,-5,5
39810,152,151,1,1
39811,110,111,-1,1
39812,122,110,12,12
39813,78,75,3,3
39814,82,76,6,6
39815,104,87,17,17
39816,112,106,6,6
39817,69,66,3,3
39818,48,49,-1,1
39819,60,67,-7,7
39820,54,46,8,8
39821,128,116,12,12
39822,61,60,1,1
39823,108,121,-13,13
39824,86,91,-5,5
39825,74,80,-6,6
39826,168,151,17,17
39827,76,78,-2,2
39828,80,77,3,3
39829,96,89,7,7
39830,74,72,2,2
39831,59,54,5,5
39832,143,139,4,4
39833,68,60,8,8
39834,76,75,1,1
39835,97,100,-3,3
39836,66,65,1,1
39837,94,92,2,2
39838,159,144,15,15
39839,76,62,14,14
39840,121,122,-1,1
39841,123,130,-7,7
39842,80,72,8,8
39843,77,76,1,1
39844,52,53,-1,1
39845,115,116,-1,1
39846,180,163,17,17
39847,70,63,7,7
39848,79,83,-4,4
39849,112,103,9,9
39850,89,83,6,6
39851,83,79,4,4
39852,108,114,-6,6
39853,67,71,-4,4
39854,86,87,-1,1
39855,82,88,-6,6
39856,156,158,-2,2
39857,141,132,9,9
39858,154,146,8,8
39859,63,65,-2,2
39860,52,52,0,0
39861,122,124,-2,2
39862,69,79,-10,10
39863,93,88,5,5
39864,106,128,-22,22
39865,76,55,21,21
39866,97,86,11,11
39867,96,102,-6,6
39868,116,114,2,2
39869,98,102,-4,4
39870,89,78,11,11
39871,137,144,-7,7
39872,88,70,18,18
39873,115,127,-12,12
39874,135,137,-2,2
39875,99,100,-1,1
39876,68,70,-2,2
39877,98,106,-8,8
39878,119,117,2,2
39879,77,75,2,2
39880,74,82,-8,8
39881,115,107,8,8
39882,67,61,6,6
39883,79,79,0,0
39884,107,112,-5,5
39885,83,83,0,0
39886,74,83,-9,9
39887,160,156,4,4
39888,56,80,-24,24
39889,74,70,4,4
39890,95,93,2,2
39891,141,140,1,1
39892,98,102,-4,4
39893,84,80,4,4
39894,118,108,10,10
39895,58,54,4,4
39896,54,65,-11,11
39897,74,66,8,8
39898,69,66,3,3
39899,123,101,22,22
39900,59,56,3,3
39901,50,49,1,1
39902,56,47,9,9
39903,55,62,-7,7
39904,145,131,14,14
39905,89,83,6,6
39906,74,57,17,17
39907,67,60,7,7
39908,100,101,-1,1
39909,99,99,0,0
39910,64,67,-3,3
39911,49,67,-18,18
39912,144,135,9,9
39913,65,63,2,2
39914,57,47,10,10
39915,74,74,0,0
39916,82,90,-8,8
39917,80,71,9,9
39918,167,172,-5,5
39919,55,53,2,2
39920,98,95,3,3
39921,69,69,0,0
39922,60,63,-3,3
39923,149,138,11,11
39924,170,161,9,9
39925,56,72,-16,16
39926,120,115,5,5
39927,114,111,3,3
39928,123,124,-1,1
39929,67,76,-9,9
39930,145,140,5,5
39931,72,73,-1,1
39932,85,82,3,3
39933,117,116,1,1
39934,87,106,-19,19
39935,66,70,-4,4
39936,116,116,0,0
39937,53,65,-12,12
39938,109,110,-1,1
39939,26,37,-11,11
39940,51,69,-18,18
39941,65,58,7,7
39942,89,80,9,9
39943,110,96,14,14
39944,70,69,1,1
39945,46,48,-2,2
39946,119,113,6,6
39947,127,126,1,1
39948,95,89,6,6
39949,68,75,-7,7
39950,73,75,-2,2
39951,112,113,-1,1
39952,152,149,3,3
39953,83,83,0,0
39954,115,121,-6,6
39955,131,112,19,19
39956,49,69,-20,20
39957,118,101,17,17
39958,94,81,13,13
39959,120,126,-6,6
39960,64,87,-23,23
39961,145,132,13,13
39962,63,66,-3,3
39963,62,60,2,2
39964,55,61,-6,6
39965,113,116,-3,3
39966,62,115,-53,53
39967,80,82,-2,2
39968,100,97,3,3
39969,72,71,1,1
39970,75,71,4,4
39971,104,111,-7,7
39972,56,47,9,9
39973,116,125,-9,9
39974,87,90,-3,3
39975,109,105,4,4
39976,107,118,-11,11
39977,63,58,5,5
39978,127,136,-9,9
39979,124,129,-5,5
39980,67,64,3,3
39981,229,164,65,65
39982,144,136,8,8
39983,110,107,3,3
39984,70,68,2,2
39985,102,100,2,2
39986,153,148,5,5
39987,82,75,7,7
39988,50,58,-8,8
39989,54,53,1,1
39990,97,86,11,11
39991,75,85,-10,10
39992,83,77,6,6
39993,88,77,11,11
39994,129,122,7,7
39995,91,73,18,18
39996,115,100,15,15
39997,96,98,-2,2
39998,177,179,-2,2
39999,109,104,5,5
40000,91,84,7,7
40001,102,99,3,3
40002,75,58,17,17
40003,67,60,7,7
40004,85,84,1,1
40005,133,127,6,6
40006,122,115,7,7
40007,99,108,-9,9
40008,72,72,0,0
40009,80,82,-2,2
40010,61,53,8,8
40011,118,108,10,10
40012,112,123,-11,11
40013,69,75,-6,6
40014,156,150,6,6
40015,140,134,6,6
40016,55,54,1,1
40017,85,94,-9,9
40018,104,94,10,10
40019,113,118,-5,5
40020,61,62,-1,1
40021,110,115,-5,5
40022,142,130,12,12
40023,93,78,15,15
40024,49,46,3,3
40025,139,144,-5,5
40026,42,57,-15,15
40027,80,79,1,1
40028,138,130,8,8
40029,148,151,-3,3
40030,28,34,-6,6
40031,54,60,-6,6
40032,85,73,12,12
40033,84,79,5,5
40034,161,135,26,26
40035,80,73,7,7
40036,108,124,-16,16
40037,91,79,12,12
40038,92,88,4,4
40039,92,97,-5,5
40040,91,96,-5,5
40041,146,128,18,18
40042,59,65,-6,6
40043,109,106,3,3
40044,67,74,-7,7
40045,89,89,0,0
40046,156,143,13,13
40047,106,107,-1,1
40048,71,69,2,2
40049,161,147,14,14
40050,97,92,5,5
40051,95,78,17,17
40052,128,128,0,0
40053,79,87,-8,8
40054,127,135,-8,8
40055,88,83,5,5
40056,63,66,-3,3
40057,47,54,-7,7
40058,67,78,-11,11
40059,44,40,4,4
40060,70,56,14,14
40061,59,59,0,0
40062,115,117,-2,2
40063,123,129,-6,6
40064,49,46,3,3
40065,81,83,-2,2
40066,55,53,2,2
40067,105,91,14,14
40068,120,116,4,4
40069,95,93,2,2
40070,73,71,2,2
40071,76,75,1,1
40072,95,88,7,7
40073,35,44,-9,9
40074,85,74,11,11
40075,65,83,-18,18
40076,125,111,14,14
40077,62,61,1,1
40078,95,92,3,3
40079,139,132,7,7
40080,77,86,-9,9
40081,65,69,-4,4
40082,53,50,3,3
40083,83,70,13,13
40084,62,60,2,2
40085,74,67,7,7
40086,32,39,-7,7
40087,67,67,0,0
40088,134,127,7,7
40089,78,76,2,2
40090,88,85,3,3
40091,81,83,-2,2
40092,60,69,-9,9
40093,117,100,17,17
40094,61,54,7,7
40095,147,136,11,11
40096,217,187,30,30
40097,84,86,-2,2
40098,67,72,-5,5
40099,158,162,-4,4
40100,51,66,-15,15
40101,91,91,0,0
40102,72,59,13,13
40103,121,116,5,5
40104,76,76,0,0
40105,117,104,13,13
40106,63,65,-2,2
40107,82,97,-15,15
40108,87,104,-17,17
40109,77,69,8,8
40110,67,69,-2,2
40111,129,103,26,26
40112,56,54,2,2
40113,60,64,-4,4
40114,130,108,22,22
40115,106,112,-6,6
40116,73,71,2,2
40117,89,89,0,0
40118,85,96,-11,11
40119,71,56,15,15
40120,206,218,-12,12
40121,142,123,19,19
40122,106,104,2,2
40123,98,109,-11,11
40124,60,68,-8,8
40125,113,119,-6,6
40126,57,64,-7,7
40127,73,83,-10,10
40128,186,163,23,23
40129,87,88,-1,1
40130,122,117,5,5
40131,80,87,-7,7
40132,130,111,19,19
40133,106,99,7,7
40134,175,189,-14,14
40135,135,115,20,20
40136,115,115,0,0
40137,80,71,9,9
40138,125,103,22,22
40139,85,96,-11,11
40140,85,72,13,13
40141,143,142,1,1
40142,92,84,8,8
40143,74,55,19,19
40144,66,72,-6,6
40145,68,63,5,5
40146,103,118,-15,15
40147,82,86,-4,4
40148,57,66,-9,9
40149,102,107,-5,5
40150,117,117,0,0
40151,79,77,2,2
40152,179,141,38,38
40153,111,117,-6,6
40154,59,66,-7,7
40155,90,85,5,5
40156,82,104,-22,22
40157,120,112,8,8
40158,89,85,4,4
40159,76,67,9,9
40160,74,66,8,8
40161,54,47,7,7
40162,51,71,-20,20
40163,71,74,-3,3
40164,116,96,20,20
40165,84,75,9,9
40166,107,105,2,2
40167,83,74,9,9
40168,170,156,14,14
40169,118,109,9,9
40170,115,115,0,0
40171,78,84,-6,6
40172,155,156,-1,1
40173,143,146,-3,3
40174,80,83,-3,3
40175,64,79,-15,15
40176,97,91,6,6
40177,92,85,7,7
40178,63,63,0,0
40179,196,180,16,16
40180,70,81,-11,11
40181,95,94,1,1
40182,73,71,2,2
40183,64,72,-8,8
40184,86,101,-15,15
40185,93,86,7,7
40186,81,73,8,8
40187,132,107,25,25
40188,89,71,18,18
40189,80,70,10,10
40190,61,60,1,1
40191,148,148,0,0
40192,104,99,5,5
40193,105,106,-1,1
40194,94,78,16,16
40195,72,69,3,3
40196,71,62,9,9
40197,115,113,2,2
40198,100,86,14,14
40199,64,67,-3,3
40200,88,106,-18,18
40201,175,173,2,2
40202,153,162,-9,9
40203,58,60,-2,2
40204,143,148,-5,5
40205,49,53,-4,4
40206,62,66,-4,4
40207,72,80,-8,8
40208,112,120,-8,8
40209,90,95,-5,5
40210,88,81,7,7
40211,92,87,5,5
40212,25,110,-85,85
40213,97,89,8,8
40214,133,121,12,12
40215,86,93,-7,7
40216,81,76,5,5
40217,164,147,17,17
40218,64,63,1,1
40219,79,85,-6,6
40220,108,103,5,5
40221,62,69,-7,7
40222,84,75,9,9
40223,187,180,7,7
40224,70,74,-4,4
40225,119,107,12,12
40226,86,129,-43,43
40227,118,118,0,0
40228,79,80,-1,1
40229,77,80,-3,3
40230,85,86,-1,1
40231,107,90,17,17
40232,76,83,-7,7
40233,54,44,10,10
40234,66,65,1,1
40235,64,68,-4,4
40236,56,41,15,15
40237,147,136,11,11
40238,92,105,-13,13
40239,119,121,-2,2
40240,61,69,-8,8
40241,112,111,1,1
40242,116,126,-10,10
40243,68,70,-2,2
40244,153,158,-5,5
40245,114,125,-11,11
40246,115,115,0,0
40247,91,85,6,6
40248,68,77,-9,9
40249,111,118,-7,7
40250,79,71,8,8
40251,57,70,-13,13
40252,114,114,0,0
40253,66,65,1,1
40254,96,87,9,9
40255,83,98,-15,15
40256,93,69,24,24
40257,83,71,12,12
40258,80,69,11,11
40259,82,73,9,9
40260,114,107,7,7
40261,49,60,-11,11
40262,67,74,-7,7
40263,79,75,4,4
40264,77,84,-7,7
40265,64,59,5,5
40266,177,176,1,1
40267,71,73,-2,2
40268,99,93,6,6
40269,90,90,0,0
40270,107,97,10,10
40271,103,86,17,17
40272,144,137,7,7
40273,81,71,10,10
40274,69,65,4,4
40275,63,82,-19,19
40276,105,114,-9,9
40277,100,84,16,16
40278,118,120,-2,2
40279,89,74,15,15
40280,90,74,16,16
40281,88,91,-3,3
40282,69,72,-3,3
40283,59,41,18,18
40284,84,78,6,6
40285,143,147,-4,4
40286,112,122,-10,10
40287,143,142,1,1
40288,78,95,-17,17
40289,38,53,-15,15
40290,107,96,11,11
40291,57,59,-2,2
40292,62,95,-33,33
40293,79,82,-3,3
40294,72,71,1,1
40295,85,84,1,1
40296,83,84,-1,1
40297,69,60,9,9
40298,62,59,3,3
40299,80,83,-3,3
40300,55,63,-8,8
40301,77,65,12,12
40302,77,89,-12,12
40303,81,82,-1,1
40304,88,82,6,6
40305,75,90,-15,15
40306,103,96,7,7
40307,63,61,2,2
40308,115,113,2,2
40309,149,149,0,0
40310,48,47,1,1
40311,67,61,6,6
40312,167,154,13,13
40313,116,119,-3,3
40314,40,49,-9,9
40315,93,87,6,6
40316,98,91,7,7
40317,105,92,13,13
40318,150,148,2,2
40319,174,124,50,50
40320,156,181,-25,25
40321,61,87,-26,26
40322,124,130,-6,6
40323,61,55,6,6
40324,58,62,-4,4
40325,147,152,-5,5
40326,80,92,-12,12
40327,115,111,4,4
40328,139,148,-9,9
40329,73,72,1,1
40330,208,184,24,24
40331,92,99,-7,7
40332,63,59,4,4
40333,126,121,5,5
40334,31,41,-10,10
40335,55,78,-23,23
40336,154,154,0,0
40337,110,122,-12,12
40338,62,71,-9,9
40339,124,121,3,3
40340,81,68,13,13
40341,78,73,5,5
40342,122,143,-21,21
40343,110,119,-9,9
40344,100,86,14,14
40345,112,105,7,7
40346,58,47,11,11
40347,92,79,13,13
40348,143,143,0,0
40349,76,68,8,8
40350,62,68,-6,6
40351,72,76,-4,4
40352,96,97,-1,1
40353,98,94,4,4
40354,209,179,30,30
40355,81,75,6,6
40356,65,67,-2,2
40357,111,102,9,9
40358,158,81,77,77
40359,106,110,-4,4
40360,124,116,8,8
40361,90,89,1,1
40362,95,81,14,14
40363,86,90,-4,4
40364,89,84,5,5
40365,59,67,-8,8
40366,132,120,12,12
40367,91,69,22,22
40368,90,71,19,19
40369,85,85,0,0
40370,77,85,-8,8
40371,68,62,6,6
40372,77,85,-8,8
40373,125,129,-4,4
40374,53,56,-3,3
40375,100,107,-7,7
40376,128,120,8,8
40377,78,72,6,6
40378,73,98,-25,25
40379,79,75,4,4
40380,89,90,-1,1
40381,101,102,-1,1
40382,93,101,-8,8
40383,93,90,3,3
40384,62,66,-4,4
40385,113,119,-6,6
40386,117,110,7,7
40387,133,133,0,0
40388,107,106,1,1
40389,64,90,-26,26
40390,48,63,-15,15
40391,103,102,1,1
40392,91,90,1,1
40393,121,136,-15,15
40394,109,121,-12,12
40395,92,94,-2,2
40396,118,106,12,12
40397,82,87,-5,5
40398,76,58,18,18
40399,98,100,-2,2
40400,118,105,13,13
40401,124,127,-3,3
40402,120,106,14,14
40403,85,92,-7,7
40404,112,113,-1,1
40405,88,87,1,1
40406,65,61,4,4
40407,48,63,-15,15
40408,66,74,-8,8
40409,106,81,25,25
40410,174,125,49,49
40411,161,154,7,7
40412,42,55,-13,13
40413,65,77,-12,12
40414,47,52,-5,5
40415,100,107,-7,7
40416,91,84,7,7
40417,59,64,-5,5
40418,77,86,-9,9
40419,83,77,6,6
40420,91,79,12,12
40421,91,83,8,8
40422,163,172,-9,9
40423,89,83,6,6
40424,144,139,5,5
40425,107,106,1,1
40426,75,80,-5,5
40427,210,204,6,6
40428,168,153,15,15
40429,116,118,-2,2
40430,67,76,-9,9
40431,66,68,-2,2
40432,23,39,-16,16
40433,99,90,9,9
40434,66,64,2,2
40435,56,57,-1,1
40436,92,92,0,0
40437,132,123,9,9
40438,67,95,-28,28
40439,42,39,3,3
40440,123,128,-5,5
40441,44,46,-2,2
40442,117,123,-6,6
40443,109,113,-4,4
40444,106,106,0,0
40445,92,94,-2,2
40446,88,72,16,16
40447,74,69,5,5
40448,114,121,-7,7
40449,146,136,10,10
40450,105,98,7,7
40451,91,90,1,1
40452,124,117,7,7
40453,178,171,7,7
40454,98,91,7,7
40455,145,154,-9,9
40456,76,78,-2,2
40457,100,107,-7,7
40458,128,109,19,19
40459,152,147,5,5
40460,40,45,-5,5
40461,65,70,-5,5
40462,107,112,-5,5
40463,90,80,10,10
40464,100,108,-8,8
40465,71,78,-7,7
40466,55,55,0,0
40467,80,76,4,4
40468,131,105,26,26
40469,28,50,-22,22
40470,93,115,-22,22
40471,149,146,3,3
40472,88,85,3,3
40473,50,58,-8,8
40474,82,91,-9,9
40475,125,123,2,2
40476,131,125,6,6
40477,93,99,-6,6
40478,83,78,5,5
40479,149,163,-14,14
40480,74,82,-8,8
40481,124,125,-1,1
40482,174,155,19,19
40483,83,114,-31,31
40484,119,132,-13,13
40485,85,74,11,11
40486,70,61,9,9
40487,197,201,-4,4
40488,131,127,4,4
40489,130,128,2,2
40490,73,71,2,2
40491,97,94,3,3
40492,85,82,3,3
40493,198,173,25,25
40494,100,95,5,5
40495,81,79,2,2
40496,71,74,-3,3
40497,97,97,0,0
40498,77,90,-13,13
40499,88,84,4,4
40500,90,83,7,7
40501,74,74,0,0
40502,70,71,-1,1
40503,63,52,11,11
40504,149,142,7,7
40505,97,82,15,15
40506,65,73,-8,8
40507,81,78,3,3
40508,100,100,0,0
40509,79,85,-6,6
40510,106,114,-8,8
40511,79,82,-3,3
40512,137,146,-9,9
40513,82,90,-8,8
40514,68,49,19,19
40515,100,84,16,16
40516,40,46,-6,6
40517,57,53,4,4
40518,73,82,-9,9
40519,85,79,6,6
40520,135,144,-9,9
40521,126,141,-15,15
40522,158,159,-1,1
40523,110,100,10,10
40524,125,136,-11,11
40525,115,106,9,9
40526,112,113,-1,1
40527,71,75,-4,4
40528,121,139,-18,18
40529,97,101,-4,4
40530,104,103,1,1
40531,97,105,-8,8
40532,54,50,4,4
40533,76,70,6,6
40534,132,123,9,9
40535,98,103,-5,5
40536,107,108,-1,1
40537,119,118,1,1
40538,125,118,7,7
40539,96,96,0,0
40540,49,46,3,3
40541,89,73,16,16
40542,101,93,8,8
40543,86,100,-14,14
40544,43,53,-10,10
40545,40,33,7,7
40546,109,110,-1,1
40547,49,58,-9,9
40548,99,97,2,2
40549,120,97,23,23
40550,70,72,-2,2
40551,177,167,10,10
40552,59,69,-10,10
40553,90,98,-8,8
40554,99,97,2,2
40555,99,97,2,2
40556,113,99,14,14
40557,87,81,6,6
40558,120,115,5,5
40559,122,101,21,21
40560,156,125,31,31
40561,90,85,5,5
40562,109,102,7,7
40563,59,69,-10,10
40564,110,120,-10,10
40565,64,63,1,1
40566,76,76,0,0
40567,93,99,-6,6
40568,81,86,-5,5
40569,155,150,5,5
40570,77,68,9,9
40571,52,44,8,8
40572,48,44,4,4
40573,94,98,-4,4
40574,72,76,-4,4
40575,78,92,-14,14
40576,108,105,3,3
40577,74,79,-5,5
40578,67,63,4,4
40579,88,88,0,0
40580,127,125,2,2
40581,88,94,-6,6
40582,53,68,-15,15
40583,101,96,5,5
40584,105,99,6,6
40585,120,114,6,6
40586,63,65,-2,2
40587,50,50,0,0
40588,67,60,7,7
40589,121,122,-1,1
40590,76,74,2,2
40591,95,74,21,21
40592,97,103,-6,6
40593,63,72,-9,9
40594,135,139,-4,4
40595,61,71,-10,10
40596,79,81,-2,2
40597,133,122,11,11
40598,97,102,-5,5
40599,78,70,8,8
40600,96,81,15,15
40601,47,70,-23,23
40602,139,139,0,0
40603,99,92,7,7
40604,113,99,14,14
40605,94,93,1,1
40606,100,104,-4,4
40607,71,75,-4,4
40608,102,105,-3,3
40609,113,111,2,2
40610,85,84,1,1
40611,75,60,15,15
40612,62,53,9,9
40613,111,86,25,25
40614,80,69,11,11
40615,117,116,1,1
40616,107,106,1,1
40617,75,82,-7,7
40618,82,75,7,7
40619,73,71,2,2
40620,110,108,2,2
40621,115,109,6,6
40622,151,150,1,1
40623,60,60,0,0
40624,51,55,-4,4
40625,76,69,7,7
40626,115,92,23,23
40627,79,74,5,5
40628,85,84,1,1
40629,84,80,4,4
40630,136,122,14,14
40631,76,80,-4,4
40632,30,52,-22,22
40633,141,132,9,9
40634,83,75,8,8
40635,81,89,-8,8
40636,79,82,-3,3
40637,113,111,2,2
40638,88,82,6,6
40639,145,165,-20,20
40640,156,155,1,1
40641,80,92,-12,12
40642,103,104,-1,1
40643,116,113,3,3
40644,76,64,12,12
40645,123,132,-9,9
40646,93,100,-7,7
40647,103,109,-6,6
40648,67,63,4,4
40649,102,110,-8,8
40650,92,96,-4,4
40651,86,87,-1,1
40652,56,60,-4,4
40653,80,87,-7,7
40654,137,138,-1,1
40655,48,52,-4,4
40656,87,85,2,2
40657,112,122,-10,10
40658,74,79,-5,5
40659,87,85,2,2
40660,101,114,-13,13
40661,58,75,-17,17
40662,116,102,14,14
40663,97,78,19,19
40664,65,67,-2,2
40665,98,84,14,14
40666,98,89,9,9
40667,156,152,4,4
40668,88,101,-13,13
40669,85,91,-6,6
40670,64,49,15,15
40671,72,74,-2,2
40672,107,105,2,2
40673,87,112,-25,25
40674,115,111,4,4
40675,102,96,6,6
40676,120,104,16,16
40677,87,95,-8,8
40678,81,85,-4,4
40679,53,59,-6,6
40680,71,84,-13,13
40681,78,78,0,0
40682,104,105,-1,1
40683,113,121,-8,8
40684,51,47,4,4
40685,65,69,-4,4
40686,109,121,-12,12
40687,78,84,-6,6
40688,105,97,8,8
40689,93,95,-2,2
40690,103,106,-3,3
40691,113,97,16,16
40692,77,81,-4,4
40693,135,126,9,9
40694,82,70,12,12
40695,84,75,9,9
40696,56,69,-13,13
40697,54,60,-6,6
40698,146,138,8,8
40699,149,144,5,5
40700,91,81,10,10
40701,61,60,1,1
40702,117,129,-12,12
40703,46,47,-1,1
40704,159,148,11,11
40705,94,88,6,6
40706,153,134,19,19
40707,108,103,5,5
40708,85,81,4,4
40709,69,73,-4,4
40710,295,201,94,94
40711,74,77,-3,3
40712,103,86,17,17
40713,80,85,-5,5
40714,68,66,2,2
40715,120,122,-2,2
40716,86,92,-6,6
40717,118,111,7,7
40718,74,77,-3,3
40719,99,80,19,19
40720,76,75,1,1
40721,134,126,8,8
40722,97,74,23,23
40723,66,70,-4,4
40724,92,100,-8,8
40725,50,46,4,4
40726,83,88,-5,5
40727,98,101,-3,3
40728,72,66,6,6
40729,71,75,-4,4
40730,71,75,-4,4
40731,78,82,-4,4
40732,81,74,7,7
40733,126,126,0,0
40734,71,66,5,5
40735,70,60,10,10
40736,141,147,-6,6
40737,75,67,8,8
40738,85,81,4,4
40739,89,86,3,3
40740,82,79,3,3
40741,174,154,20,20
40742,77,69,8,8
40743,113,111,2,2
40744,165,166,-1,1
40745,55,48,7,7
40746,94,92,2,2
40747,81,87,-6,6
40748,103,98,5,5
40749,87,83,4,4
40750,68,86,-18,18
40751,205,198,7,7
40752,85,84,1,1
40753,66,64,2,2
40754,68,69,-1,1
40755,87,83,4,4
40756,101,95,6,6
40757,115,106,9,9
40758,69,74,-5,5
40759,144,131,13,13
40760,97,86,11,11
40761,107,102,5,5
40762,88,102,-14,14
40763,138,132,6,6
40764,90,79,11,11
40765,129,139,-10,10
40766,66,60,6,6
40767,75,76,-1,1
40768,118,119,-1,1
40769,99,101,-2,2
40770,77,75,2,2
40771,89,90,-1,1
40772,95,93,2,2
40773,56,49,7,7
40774,115,110,5,5
40775,59,65,-6,6
40776,117,113,4,4
40777,110,102,8,8
40778,120,99,21,21
40779,98,75,23,23
40780,121,130,-9,9
40781,100,80,20,20
40782,85,83,2,2
40783,106,98,8,8
40784,165,154,11,11
40785,65,74,-9,9
40786,58,60,-2,2
40787,165,172,-7,7
40788,56,56,0,0
40789,62,72,-10,10
40790,85,70,15,15
40791,93,97,-4,4
40792,57,48,9,9
40793,97,96,1,1
40794,96,98,-2,2
40795,45,51,-6,6
40796,114,118,-4,4
40797,77,113,-36,36
40798,77,87,-10,10
40799,89,80,9,9
40800,70,77,-7,7
40801,84,93,-9,9
40802,89,114,-25,25
40803,104,98,6,6
40804,88,84,4,4
40805,68,70,-2,2
40806,67,66,1,1
40807,51,53,-2,2
40808,144,138,6,6
40809,135,142,-7,7
40810,89,86,3,3
40811,122,115,7,7
40812,110,102,8,8
40813,81,83,-2,2
40814,147,154,-7,7
40815,60,61,-1,1
40816,137,141,-4,4
40817,110,110,0,0
40818,125,127,-2,2
40819,89,89,0,0
40820,129,139,-10,10
40821,70,57,13,13
40822,149,146,3,3
40823,72,99,-27,27
40824,96,96,0,0
40825,76,87,-11,11
40826,154,153,1,1
40827,220,179,41,41
40828,106,113,-7,7
40829,95,108,-13,13
40830,158,158,0,0
40831,140,128,12,12
40832,86,84,2,2
40833,96,78,18,18
40834,100,85,15,15
40835,70,60,10,10
40836,64,56,8,8
40837,147,118,29,29
40838,75,80,-5,5
40839,80,67,13,13
40840,161,153,8,8
40841,83,103,-20,20
40842,89,81,8,8
40843,169,149,20,20
40844,85,74,11,11
40845,151,143,8,8
40846,85,81,4,4
40847,61,70,-9,9
40848,62,54,8,8
40849,118,119,-1,1
40850,97,97,0,0
40851,118,105,13,13
40852,104,88,16,16
40853,44,46,-2,2
40854,101,88,13,13
40855,69,77,-8,8
40856,52,51,1,1
40857,115,118,-3,3
40858,56,51,5,5
40859,110,125,-15,15
40860,96,101,-5,5
40861,88,83,5,5
40862,94,98,-4,4
40863,60,66,-6,6
40864,108,106,2,2
40865,114,103,11,11
40866,87,90,-3,3
40867,102,93,9,9
40868,75,74,1,1
40869,56,47,9,9
40870,123,128,-5,5
40871,29,54,-25,25
40872,70,97,-27,27
40873,87,75,12,12
40874,48,63,-15,15
40875,108,105,3,3
40876,164,162,2,2
40877,125,112,13,13
40878,66,60,6,6
40879,190,166,24,24
40880,91,89,2,2
40881,116,90,26,26
40882,96,94,2,2
40883,86,88,-2,2
40884,157,162,-5,5
40885,149,135,14,14
40886,54,54,0,0
40887,81,92,-11,11
40888,97,102,-5,5
40889,128,126,2,2
40890,96,94,2,2
40891,121,121,0,0
40892,131,135,-4,4
40893,133,114,19,19
40894,130,126,4,4
40895,97,91,6,6
40896,68,69,-1,1
40897,118,95,23,23
40898,91,89,2,2
40899,90,110,-20,20
40900,65,61,4,4
40901,143,129,14,14
40902,80,70,10,10
40903,96,85,11,11
40904,104,99,5,5
40905,112,115,-3,3
40906,86,85,1,1
40907,91,83,8,8
40908,205,167,38,38
40909,73,78,-5,5
40910,101,104,-3,3
40911,73,69,4,4
40912,90,72,18,18
40913,191,180,11,11
40914,90,90,0,0
40915,149,139,10,10
40916,73,83,-10,10
40917,152,150,2,2
40918,115,114,1,1
40919,88,89,-1,1
40920,86,79,7,7
40921,103,105,-2,2
40922,37,40,-3,3
40923,83,73,10,10
40924,76,69,7,7
40925,56,72,-16,16
40926,130,110,20,20
40927,67,62,5,5
40928,78,64,14,14
40929,105,109,-4,4
40930,101,93,8,8
40931,88,76,12,12
40932,83,82,1,1
40933,108,107,1,1
40934,67,64,3,3
40935,107,109,-2,2
40936,43,45,-2,2
40937,71,78,-7,7
40938,99,82,17,17
40939,120,129,-9,9
40940,132,118,14,14
40941,30,29,1,1
40942,88,91,-3,3
40943,82,92,-10,10
40944,59,63,-4,4
40945,68,63,5,5
40946,120,115,5,5
40947,60,46,14,14
40948,103,97,6,6
40949,110,99,11,11
40950,114,112,2,2
40951,90,84,6,6
40952,192,179,13,13
40953,100,108,-8,8
40954,119,130,-11,11
40955,91,60,31,31
40956,98,90,8,8
40957,51,51,0,0
40958,94,92,2,2
40959,98,102,-4,4
40960,71,56,15,15
40961,106,116,-10,10
40962,78,80,-2,2
40963,66,68,-2,2
40964,79,87,-8,8
40965,85,85,0,0
40966,147,137,10,10
40967,68,70,-2,2
40968,66,67,-1,1
40969,81,77,4,4
40970,133,128,5,5
40971,120,106,14,14
40972,71,66,5,5
40973,169,170,-1,1
40974,159,143,16,16
40975,57,62,-5,5
40976,73,77,-4,4
40977,44,52,-8,8
40978,85,87,-2,2
40979,49,66,-17,17
40980,54,50,4,4
40981,89,90,-1,1
40982,62,74,-12,12
40983,88,83,5,5
40984,93,95,-2,2
40985,66,71,-5,5
40986,69,60,9,9
40987,138,152,-14,14
40988,88,79,9,9
40989,102,96,6,6
40990,45,48,-3,3
40991,48,53,-5,5
40992,106,106,0,0
40993,158,82,76,76
40994,125,119,6,6
40995,64,86,-22,22
40996,153,155,-2,2
40997,66,72,-6,6
40998,87,95,-8,8
40999,90,76,14,14
41000,105,103,2,2
41001,51,41,10,10
41002,148,132,16,16
41003,123,136,-13,13
41004,59,53,6,6
41005,88,67,21,21
41006,91,92,-1,1
41007,77,74,3,3
41008,98,89,9,9
41009,84,85,-1,1
41010,97,89,8,8
41011,129,117,12,12
41012,158,158,0,0
41013,99,103,-4,4
41014,153,166,-13,13
41015,140,128,12,12
41016,97,90,7,7
41017,116,111,5,5
41018,108,99,9,9
41019,117,111,6,6
41020,112,102,10,10
41021,70,69,1,1
41022,117,127,-10,10
41023,186,173,13,13
41024,88,85,3,3
41025,40,46,-6,6
41026,69,68,1,1
41027,138,118,20,20
41028,68,68,0,0
41029,194,166,28,28
41030,141,136,5,5
41031,66,82,-16,16
41032,87,95,-8,8
41033,112,111,1,1
41034,120,111,9,9
41035,117,112,5,5
41036,116,115,1,1
41037,113,123,-10,10
41038,109,118,-9,9
41039,116,119,-3,3
41040,107,98,9,9
41041,156,144,12,12
41042,54,47,7,7
41043,96,86,10,10
41044,116,119,-3,3
41045,105,96,9,9
41046,53,70,-17,17
41047,146,132,14,14
41048,111,120,-9,9
41049,55,49,6,6
41050,130,121,9,9
41051,89,79,10,10
41052,99,116,-17,17
41053,101,96,5,5
41054,107,105,2,2
41055,56,59,-3,3
41056,72,78,-6,6
41057,141,144,-3,3
41058,49,45,4,4
41059,50,58,-8,8
41060,106,92,14,14
41061,71,68,3,3
41062,82,97,-15,15
41063,112,100,12,12
41064,114,117,-3,3
41065,91,87,4,4
41066,79,77,2,2
41067,87,91,-4,4
41068,72,70,2,2
41069,140,135,5,5
41070,79,79,0,0
41071,103,81,22,22
41072,105,102,3,3
41073,80,73,7,7
41074,63,63,0,0
41075,89,75,14,14
41076,58,61,-3,3
41077,71,69,2,2
41078,91,108,-17,17
41079,64,50,14,14
41080,134,131,3,3
41081,144,124,20,20
41082,46,60,-14,14
41083,79,88,-9,9
41084,137,120,17,17
41085,71,65,6,6
41086,88,93,-5,5
41087,99,91,8,8
41088,77,82,-5,5
41089,71,73,-2,2
41090,66,69,-3,3
41091,57,64,-7,7
41092,107,109,-2,2
41093,157,163,-6,6
41094,59,70,-11,11
41095,107,119,-12,12
41096,150,129,21,21
41097,97,86,11,11
41098,56,60,-4,4
41099,122,116,6,6
41100,118,101,17,17
41101,98,113,-15,15
41102,87,92,-5,5
41103,84,78,6,6
41104,67,72,-5,5
41105,97,96,1,1
41106,110,109,1,1
41107,75,80,-5,5
41108,49,46,3,3
41109,121,128,-7,7
41110,124,129,-5,5
41111,86,88,-2,2
41112,91,88,3,3
41113,74,69,5,5
41114,87,81,6,6
41115,61,68,-7,7
41116,76,67,9,9
41117,169,150,19,19
41118,79,81,-2,2
41119,85,92,-7,7
41120,129,103,26,26
41121,68,64,4,4
41122,88,112,-24,24
41123,136,122,14,14
41124,81,72,9,9
41125,143,145,-2,2
41126,66,50,16,16
41127,90,106,-16,16
41128,69,68,1,1
41129,129,138,-9,9
41130,77,82,-5,5
41131,128,140,-12,12
41132,110,113,-3,3
41133,125,129,-4,4
41134,82,68,14,14
41135,147,147,0,0
41136,77,83,-6,6
41137,81,71,10,10
41138,91,94,-3,3
41139,106,87,19,19
41140,65,65,0,0
41141,59,58,1,1
41142,107,115,-8,8
41143,75,83,-8,8
41144,86,94,-8,8
41145,92,97,-5,5
41146,87,86,1,1
41147,115,114,1,1
41148,70,65,5,5
41149,78,63,15,15
41150,77,70,7,7
41151,142,154,-12,12
41152,161,161,0,0
41153,145,117,28,28
41154,102,97,5,5
41155,68,74,-6,6
41156,81,84,-3,3
41157,92,73,19,19
41158,91,93,-2,2
41159,87,84,3,3
41160,168,149,19,19
41161,58,66,-8,8
41162,119,100,19,19
41163,55,37,18,18
41164,69,65,4,4
41165,69,57,12,12
41166,99,94,5,5
41167,72,76,-4,4
41168,82,93,-11,11
41169,134,137,-3,3
41170,88,75,13,13
41171,61,55,6,6
41172,77,73,4,4
41173,106,116,-10,10
41174,89,93,-4,4
41175,90,99,-9,9
41176,102,116,-14,14
41177,77,70,7,7
41178,63,65,-2,2
41179,76,76,0,0
41180,67,60,7,7
41181,64,74,-10,10
41182,66,64,2,2
41183,126,125,1,1
41184,91,116,-25,25
41185,148,135,13,13
41186,111,115,-4,4
41187,58,61,-3,3
41188,93,84,9,9
41189,80,72,8,8
41190,173,165,8,8
41191,80,71,9,9
41192,117,109,8,8
41193,69,55,14,14
41194,115,114,1,1
41195,122,114,8,8
41196,76,76,0,0
41197,89,65,24,24
41198,92,107,-15,15
41199,101,93,8,8
41200,156,124,32,32
41201,88,98,-10,10
41202,61,70,-9,9
41203,80,77,3,3
41204,128,119,9,9
41205,101,94,7,7
41206,114,119,-5,5
41207,142,121,21,21
41208,53,50,3,3
41209,138,134,4,4
41210,49,42,7,7
41211,146,123,23,23
41212,91,84,7,7
41213,136,133,3,3
41214,60,65,-5,5
41215,147,131,16,16
41216,86,86,0,0
41217,71,64,7,7
41218,127,153,-26,26
41219,62,60,2,2
41220,109,109,0,0
41221,69,73,-4,4
41222,186,180,6,6
41223,44,52,-8,8
41224,39,37,2,2
41225,89,81,8,8
41226,113,117,-4,4
41227,65,58,7,7
41228,63,65,-2,2
41229,61,63,-2,2
41230,132,126,6,6
41231,70,73,-3,3
41232,179,175,4,4
41233,103,107,-4,4
41234,118,118,0,0
41235,71,66,5,5
41236,156,143,13,13
41237,95,86,9,9
41238,108,110,-2,2
41239,92,86,6,6
41240,125,120,5,5
41241,103,92,11,11
41242,87,76,11,11
41243,57,68,-11,11
41244,95,101,-6,6
41245,207,197,10,10
41246,72,78,-6,6
41247,158,156,2,2
41248,78,93,-15,15
41249,59,65,-6,6
41250,77,81,-4,4
41251,78,77,1,1
41252,120,111,9,9
41253,137,131,6,6
41254,71,74,-3,3
41255,117,107,10,10
41256,97,89,8,8
41257,108,116,-8,8
41258,64,66,-2,2
41259,125,120,5,5
41260,57,41,16,16
41261,47,49,-2,2
41262,110,97,13,13
41263,173,183,-10,10
41264,70,66,4,4
41265,112,117,-5,5
41266,69,65,4,4
41267,95,84,11,11
41268,50,47,3,3
41269,60,65,-5,5
41270,108,109,-1,1
41271,88,86,2,2
41272,141,161,-20,20
41273,65,64,1,1
41274,111,109,2,2
41275,110,108,2,2
41276,156,137,19,19
41277,70,89,-19,19
41278,77,97,-20,20
41279,111,105,6,6
41280,77,78,-1,1
41281,132,143,-11,11
41282,94,90,4,4
41283,87,83,4,4
41284,71,75,-4,4
41285,69,73,-4,4
41286,57,62,-5,5
41287,63,65,-2,2
41288,170,165,5,5
41289,99,93,6,6
41290,91,85,6,6
41291,75,78,-3,3
41292,155,153,2,2
41293,169,163,6,6
41294,121,109,12,12
41295,56,61,-5,5
41296,73,75,-2,2
41297,142,132,10,10
41298,76,81,-5,5
41299,117,80,37,37
41300,113,119,-6,6
41301,63,51,12,12
41302,146,138,8,8
41303,71,72,-1,1
41304,68,68,0,0
41305,96,103,-7,7
41306,64,65,-1,1
41307,79,67,12,12
41308,77,78,-1,1
41309,54,54,0,0
41310,81,77,4,4
41311,106,102,4,4
41312,130,119,11,11
41313,63,58,5,5
41314,74,76,-2,2
41315,87,91,-4,4
41316,97,86,11,11
41317,136,146,-10,10
41318,78,74,4,4
41319,114,106,8,8
41320,172,185,-13,13
41321,69,86,-17,17
41322,55,68,-13,13
41323,68,66,2,2
41324,84,89,-5,5
41325,64,38,26,26
41326,44,57,-13,13
41327,98,102,-4,4
41328,118,122,-4,4
41329,115,103,12,12
41330,151,154,-3,3
41331,66,63,3,3
41332,150,127,23,23
41333,94,83,11,11
41334,83,88,-5,5
41335,138,130,8,8
41336,96,96,0,0
41337,117,109,8,8
41338,32,35,-3,3
41339,167,153,14,14
41340,162,132,30,30
41341,120,122,-2,2
41342,84,78,6,6
41343,64,66,-2,2
41344,147,149,-2,2
41345,74,80,-6,6
41346,42,53,-11,11
41347,65,79,-14,14
41348,87,123,-36,36
41349,101,115,-14,14
41350,64,66,-2,2
41351,54,66,-12,12
41352,99,100,-1,1
41353,60,60,0,0
41354,62,71,-9,9
41355,134,125,9,9
41356,79,74,5,5
41357,74,67,7,7
41358,103,124,-21,21
41359,160,164,-4,4
41360,103,93,10,10
41361,96,94,2,2
41362,66,64,2,2
41363,72,65,7,7
41364,69,71,-2,2
41365,115,105,10,10
41366,74,63,11,11
41367,47,52,-5,5
41368,116,111,5,5
41369,75,86,-11,11
41370,74,77,-3,3
41371,138,106,32,32
41372,83,87,-4,4
41373,78,81,-3,3
41374,144,138,6,6
41375,94,82,12,12
41376,91,89,2,2
41377,97,98,-1,1
41378,79,72,7,7
41379,87,86,1,1
41380,50,75,-25,25
41381,61,59,2,2
41382,66,80,-14,14
41383,83,84,-1,1
41384,69,59,10,10
41385,117,111,6,6
41386,123,114,9,9
41387,152,141,11,11
41388,53,53,0,0
41389,41,94,-53,53
41390,120,124,-4,4
41391,50,63,-13,13
41392,103,105,-2,2
41393,59,68,-9,9
41394,146,155,-9,9
41395,74,64,10,10
41396,119,105,14,14
41397,100,104,-4,4
41398,109,105,4,4
41399,140,123,17,17
41400,104,101,3,3
41401,118,128,-10,10
41402,129,120,9,9
41403,62,67,-5,5
41404,80,79,1,1
41405,67,74,-7,7
41406,45,44,1,1
41407,111,116,-5,5
41408,110,118,-8,8
41409,68,69,-1,1
41410,84,102,-18,18
41411,132,122,10,10
41412,67,67,0,0
41413,66,70,-4,4
41414,53,64,-11,11
41415,88,88,0,0
41416,115,114,1,1
41417,142,140,2,2
41418,134,139,-5,5
41419,108,107,1,1
41420,63,61,2,2
41421,68,62,6,6
41422,96,89,7,7
41423,73,79,-6,6
41424,88,84,4,4
41425,107,99,8,8
41426,114,119,-5,5
41427,132,130,2,2
41428,64,75,-11,11
41429,73,73,0,0
41430,109,95,14,14
41431,65,66,-1,1
41432,138,108,30,30
41433,103,84,19,19
41434,132,123,9,9
41435,67,72,-5,5
41436,70,64,6,6
41437,114,142,-28,28
41438,54,55,-1,1
41439,87,82,5,5
41440,57,55,2,2
41441,163,163,0,0
41442,83,82,1,1
41443,48,53,-5,5
41444,62,70,-8,8
41445,110,103,7,7
41446,64,67,-3,3
41447,154,155,-1,1
41448,119,110,9,9
41449,81,87,-6,6
41450,76,72,4,4
41451,125,92,33,33
41452,82,73,9,9
41453,140,135,5,5
41454,58,63,-5,5
41455,90,75,15,15
41456,94,82,12,12
41457,70,67,3,3
41458,126,102,24,24
41459,42,50,-8,8
41460,96,102,-6,6
41461,144,137,7,7
41462,84,72,12,12
41463,91,86,5,5
41464,89,82,7,7
41465,68,74,-6,6
41466,74,71,3,3
41467,73,66,7,7
41468,95,86,9,9
41469,141,128,13,13
41470,144,121,23,23
41471,115,116,-1,1
41472,126,114,12,12
41473,81,67,14,14
41474,70,69,1,1
41475,101,109,-8,8
41476,36,47,-11,11
41477,103,69,34,34
41478,50,47,3,3
41479,108,93,15,15
41480,168,173,-5,5
41481,89,91,-2,2
41482,128,98,30,30
41483,87,62,25,25
41484,72,65,7,7
41485,166,137,29,29
41486,75,73,2,2
41487,116,112,4,4
41488,66,69,-3,3
41489,89,98,-9,9
41490,72,71,1,1
41491,103,113,-10,10
41492,82,95,-13,13
41493,108,118,-10,10
41494,115,123,-8,8
41495,154,167,-13,13
41496,96,94,2,2
41497,70,58,12,12
41498,105,99,6,6
41499,103,120,-17,17
41500,80,74,6,6
41501,167,101,66,66
41502,131,136,-5,5
41503,87,77,10,10
41504,83,81,2,2
41505,221,167,54,54
41506,67,75,-8,8
41507,114,109,5,5
41508,88,70,18,18
41509,80,77,3,3
41510,183,179,4,4
41511,67,70,-3,3
41512,172,162,10,10
41513,56,47,9,9
41514,60,58,2,2
41515,60,75,-15,15
41516,77,77,0,0
41517,85,75,10,10
41518,64,61,3,3
41519,88,92,-4,4
41520,143,129,14,14
41521,148,144,4,4
41522,73,75,-2,2
41523,97,102,-5,5
41524,85,91,-6,6
41525,62,49,13,13
41526,82,75,7,7
41527,63,61,2,2
41528,55,49,6,6
41529,133,114,19,19
41530,96,104,-8,8
41531,98,91,7,7
41532,67,66,1,1
41533,104,89,15,15
41534,118,78,40,40
41535,83,98,-15,15
41536,110,133,-23,23
41537,138,126,12,12
41538,79,74,5,5
41539,75,65,10,10
41540,67,71,-4,4
41541,59,49,10,10
41542,63,56,7,7
41543,125,122,3,3
41544,156,162,-6,6
41545,88,76,12,12
41546,106,104,2,2
41547,88,87,1,1
41548,126,125,1,1
41549,71,76,-5,5
41550,109,107,2,2
41551,61,112,-51,51
41552,100,110,-10,10
41553,157,144,13,13
41554,168,167,1,1
41555,110,109,1,1
41556,92,99,-7,7
41557,118,132,-14,14
41558,159,155,4,4
41559,67,70,-3,3
41560,78,88,-10,10
41561,93,104,-11,11
41562,76,79,-3,3
41563,156,164,-8,8
41564,63,69,-6,6
41565,87,80,7,7
41566,79,66,13,13
41567,56,60,-4,4
41568,65,64,1,1
41569,99,99,0,0
41570,90,76,14,14
41571,108,112,-4,4
41572,59,57,2,2
41573,48,76,-28,28
41574,73,70,3,3
41575,111,101,10,10
41576,69,67,2,2
41577,149,143,6,6
41578,87,69,18,18
41579,87,83,4,4
41580,85,78,7,7
41581,112,99,13,13
41582,78,89,-11,11
41583,74,80,-6,6
41584,85,89,-4,4
41585,77,87,-10,10
41586,113,103,10,10
41587,106,105,1,1
41588,61,61,0,0
41589,82,93,-11,11
41590,115,123,-8,8
41591,51,57,-6,6
41592,109,94,15,15
41593,61,67,-6,6
41594,60,62,-2,2
41595,129,126,3,3
41596,152,125,27,27
41597,90,86,4,4
41598,204,177,27,27
41599,95,97,-2,2
41600,81,73,8,8
41601,75,83,-8,8
41602,95,85,10,10
41603,108,111,-3,3
41604,140,124,16,16
41605,47,59,-12,12
41606,92,77,15,15
41607,127,125,2,2
41608,64,71,-7,7
41609,86,70,16,16
41610,83,68,15,15
41611,86,93,-7,7
41612,110,105,5,5
41613,128,135,-7,7
41614,152,151,1,1
41615,106,113,-7,7
41616,71,78,-7,7
41617,70,77,-7,7
41618,71,69,2,2
41619,80,96,-16,16
41620,10,31,-21,21
41621,95,89,6,6
41622,88,95,-7,7
41623,55,38,17,17
41624,96,84,12,12
41625,114,112,2,2
41626,113,102,11,11
41627,115,103,12,12
41628,50,47,3,3
41629,130,120,10,10
41630,130,120,10,10
41631,85,88,-3,3
41632,72,78,-6,6
41633,177,163,14,14
41634,90,91,-1,1
41635,131,144,-13,13
41636,68,70,-2,2
41637,46,53,-7,7
41638,96,103,-7,7
41639,161,152,9,9
41640,60,57,3,3
41641,73,82,-9,9
41642,50,55,-5,5
41643,60,51,9,9
41644,122,117,5,5
41645,136,134,2,2
41646,90,79,11,11
41647,131,131,0,0
41648,95,91,4,4
41649,66,70,-4,4
41650,105,103,2,2
41651,82,84,-2,2
41652,107,103,4,4
41653,61,59,2,2
41654,136,127,9,9
41655,128,136,-8,8
41656,66,71,-5,5
41657,125,125,0,0
41658,69,60,9,9
41659,68,79,-11,11
41660,84,91,-7,7
41661,47,54,-7,7
41662,77,72,5,5
41663,113,101,12,12
41664,155,149,6,6
41665,88,98,-10,10
41666,76,78,-2,2
41667,104,130,-26,26
41668,43,42,1,1
41669,69,75,-6,6
41670,94,96,-2,2
41671,121,120,1,1
41672,178,177,1,1
41673,69,57,12,12
41674,113,108,5,5
41675,118,119,-1,1
41676,86,86,0,0
41677,71,70,1,1
41678,112,121,-9,9
41679,114,113,1,1
41680,68,53,15,15
41681,75,63,12,12
41682,103,96,7,7
41683,71,82,-11,11
41684,57,62,-5,5
41685,88,87,1,1
41686,165,156,9,9
41687,79,28,51,51
41688,133,134,-1,1
41689,125,117,8,8
41690,91,107,-16,16
41691,117,117,0,0
41692,108,109,-1,1
41693,101,93,8,8
41694,61,64,-3,3
41695,170,156,14,14
41696,152,138,14,14
41697,86,86,0,0
41698,89,82,7,7
41699,137,134,3,3
41700,107,100,7,7
41701,145,121,24,24
41702,152,152,0,0
41703,89,78,11,11
41704,81,76,5,5
41705,102,105,-3,3
41706,85,90,-5,5
41707,70,74,-4,4
41708,85,70,15,15
41709,105,102,3,3
41710,79,108,-29,29
41711,55,60,-5,5
41712,94,87,7,7
41713,49,54,-5,5
41714,42,47,-5,5
41715,302,222,80,80
41716,116,104,12,12
41717,68,68,0,0
41718,81,80,1,1
41719,98,113,-15,15
41720,120,75,45,45
41721,135,140,-5,5
41722,85,83,2,2
41723,76,73,3,3
41724,125,115,10,10
41725,26,36,-10,10
41726,111,92,19,19
41727,152,144,8,8
41728,85,76,9,9
41729,99,101,-2,2
41730,98,58,40,40
41731,99,97,2,2
41732,81,81,0,0
41733,98,115,-17,17
41734,101,91,10,10
41735,64,73,-9,9
41736,185,184,1,1
41737,97,96,1,1
41738,93,102,-9,9
41739,65,78,-13,13
41740,89,87,2,2
41741,53,51,2,2
41742,96,92,4,4
41743,133,132,1,1
41744,149,132,17,17
41745,155,145,10,10
41746,86,77,9,9
41747,64,51,13,13
41748,133,117,16,16
41749,119,117,2,2
41750,70,62,8,8
41751,57,50,7,7
41752,56,56,0,0
41753,55,54,1,1
41754,57,62,-5,5
41755,106,115,-9,9
41756,85,100,-15,15
41757,80,81,-1,1
41758,71,85,-14,14
41759,79,96,-17,17
41760,72,76,-4,4
41761,67,60,7,7
41762,200,184,16,16
41763,55,58,-3,3
41764,103,99,4,4
41765,80,69,11,11
41766,113,113,0,0
41767,34,65,-31,31
41768,77,76,1,1
41769,145,139,6,6
41770,143,156,-13,13
41771,100,96,4,4
41772,53,23,30,30
41773,61,94,-33,33
41774,109,121,-12,12
41775,86,72,14,14
41776,72,71,1,1
41777,86,96,-10,10
41778,115,112,3,3
41779,74,75,-1,1
41780,85,82,3,3
41781,97,97,0,0
41782,111,104,7,7
41783,63,80,-17,17
41784,104,98,6,6
41785,101,98,3,3
41786,110,111,-1,1
41787,72,77,-5,5
41788,128,119,9,9
41789,74,95,-21,21
41790,108,100,8,8
41791,110,98,12,12
41792,68,69,-1,1
41793,41,40,1,1
41794,153,166,-13,13
41795,115,132,-17,17
41796,58,59,-1,1
41797,45,64,-19,19
41798,92,93,-1,1
41799,57,65,-8,8
41800,125,128,-3,3
41801,82,87,-5,5
41802,61,60,1,1
41803,148,155,-7,7
41804,72,62,10,10
41805,108,108,0,0
41806,97,104,-7,7
41807,134,117,17,17
41808,50,47,3,3
41809,66,70,-4,4
41810,61,69,-8,8
41811,91,79,12,12
41812,133,127,6,6
41813,131,120,11,11
41814,67,84,-17,17
41815,112,98,14,14
41816,100,120,-20,20
41817,193,188,5,5
41818,90,81,9,9
41819,77,73,4,4
41820,80,73,7,7
41821,117,125,-8,8
41822,87,89,-2,2
41823,64,67,-3,3
41824,61,70,-9,9
41825,120,127,-7,7
41826,119,116,3,3
41827,137,123,14,14
41828,54,50,4,4
41829,162,156,6,6
41830,152,157,-5,5
41831,69,67,2,2
41832,80,82,-2,2
41833,92,97,-5,5
41834,96,77,19,19
41835,107,108,-1,1
41836,71,76,-5,5
41837,83,90,-7,7
41838,89,90,-1,1
41839,121,108,13,13
41840,81,75,6,6
41841,112,110,2,2
41842,147,129,18,18
41843,62,65,-3,3
41844,129,131,-2,2
41845,74,81,-7,7
41846,168,155,13,13
41847,47,57,-10,10
41848,128,134,-6,6
41849,49,54,-5,5
41850,56,60,-4,4
41851,89,83,6,6
41852,67,66,1,1
41853,68,83,-15,15
41854,114,115,-1,1
41855,137,121,16,16
41856,122,113,9,9
41857,74,77,-3,3
41858,67,65,2,2
41859,129,128,1,1
41860,139,144,-5,5
41861,62,72,-10,10
41862,100,104,-4,4
41863,88,80,8,8
41864,64,60,4,4
41865,92,85,7,7
41866,119,148,-29,29
41867,81,78,3,3
41868,59,62,-3,3
41869,106,101,5,5
41870,94,80,14,14
41871,112,83,29,29
41872,80,72,8,8
41873,101,101,0,0
41874,135,118,17,17
41875,135,131,4,4
41876,104,95,9,9
41877,85,82,3,3
41878,176,161,15,15
41879,79,73,6,6
41880,69,63,6,6
41881,41,38,3,3
41882,47,42,5,5
41883,67,60,7,7
41884,69,79,-10,10
41885,51,73,-22,22
41886,73,93,-20,20
41887,108,97,11,11
41888,47,41,6,6
41889,120,120,0,0
41890,117,116,1,1
41891,91,98,-7,7
41892,110,123,-13,13
41893,82,83,-1,1
41894,97,92,5,5
41895,92,82,10,10
41896,72,66,6,6
41897,74,73,1,1
41898,80,96,-16,16
41899,49,48,1,1
41900,133,120,13,13
41901,85,86,-1,1
41902,116,113,3,3
41903,72,58,14,14
41904,125,125,0,0
41905,91,90,1,1
41906,103,96,7,7
41907,110,106,4,4
41908,102,105,-3,3
41909,111,98,13,13
41910,50,74,-24,24
41911,50,59,-9,9
41912,106,108,-2,2
41913,79,77,2,2
41914,138,120,18,18
41915,110,118,-8,8
41916,59,59,0,0
41917,72,63,9,9
41918,190,168,22,22
41919,93,83,10,10
41920,47,44,3,3
41921,46,59,-13,13
41922,135,133,2,2
41923,56,72,-16,16
41924,67,67,0,0
41925,101,96,5,5
41926,78,84,-6,6
41927,61,70,-9,9
41928,43,48,-5,5
41929,142,139,3,3
41930,88,83,5,5
41931,119,119,0,0
41932,146,128,18,18
41933,93,98,-5,5
41934,109,107,2,2
41935,105,106,-1,1
41936,98,99,-1,1
41937,75,69,6,6
41938,78,72,6,6
41939,101,109,-8,8
41940,88,110,-22,22
41941,133,148,-15,15
41942,66,65,1,1
41943,101,99,2,2
41944,94,90,4,4
41945,86,97,-11,11
41946,95,95,0,0
41947,96,101,-5,5
41948,83,77,6,6
41949,119,93,26,26
41950,116,115,1,1
41951,92,81,11,11
41952,89,92,-3,3
41953,215,193,22,22
41954,96,96,0,0
41955,138,136,2,2
41956,73,74,-1,1
41957,72,79,-7,7
41958,83,96,-13,13
41959,119,111,8,8
41960,83,78,5,5
41961,140,139,1,1
41962,164,156,8,8
41963,105,99,6,6
41964,109,89,20,20
41965,100,91,9,9
41966,95,107,-12,12
41967,85,80,5,5
41968,83,82,1,1
41969,148,151,-3,3
41970,95,104,-9,9
41971,110,134,-24,24
41972,104,104,0,0
41973,125,146,-21,21
41974,110,119,-9,9
41975,109,107,2,2
41976,87,75,12,12
41977,166,167,-1,1
41978,68,77,-9,9
41979,104,99,5,5
41980,127,98,29,29
41981,60,63,-3,3
41982,106,97,9,9
41983,58,65,-7,7
41984,59,59,0,0
41985,98,86,12,12
41986,150,160,-10,10
41987,107,114,-7,7
41988,75,81,-6,6
41989,95,93,2,2
41990,82,83,-1,1
41991,101,89,12,12
41992,63,71,-8,8
41993,81,66,15,15
41994,60,55,5,5
41995,121,113,8,8
41996,110,106,4,4
41997,73,80,-7,7
41998,62,67,-5,5
41999,66,66,0,0
42000,87,83,4,4
42001,130,114,16,16
42002,84,90,-6,6
42003,142,133,9,9
42004,61,61,0,0
42005,109,99,10,10
42006,147,134,13,13
42007,37,47,-10,10
42008,246,168,78,78
42009,61,66,-5,5
42010,111,103,8,8
42011,92,113,-21,21
42012,133,142,-9,9
42013,161,148,13,13
42014,128,145,-17,17
42015,73,57,16,16
42016,115,121,-6,6
42017,159,152,7,7
42018,75,62,13,13
42019,85,98,-13,13
42020,79,83,-4,4
42021,103,96,7,7
42022,109,107,2,2
42023,89,93,-4,4
42024,158,152,6,6
42025,86,86,0,0
42026,114,113,1,1
42027,145,149,-4,4
42028,83,78,5,5
42029,142,139,3,3
42030,48,53,-5,5
42031,69,65,4,4
42032,90,113,-23,23
42033,152,141,11,11
42034,72,68,4,4
42035,93,99,-6,6
42036,59,71,-12,12
42037,142,110,32,32
42038,95,93,2,2
42039,152,140,12,12
42040,87,83,4,4
42041,79,71,8,8
42042,80,81,-1,1
42043,89,94,-5,5
42044,74,59,15,15
42045,78,79,-1,1
42046,100,103,-3,3
42047,92,86,6,6
42048,135,125,10,10
42049,112,114,-2,2
42050,109,106,3,3
42051,86,76,10,10
42052,80,65,15,15
42053,92,80,12,12
42054,93,85,8,8
42055,111,121,-10,10
42056,64,60,4,4
42057,96,80,16,16
42058,79,97,-18,18
42059,148,154,-6,6
42060,74,78,-4,4
42061,91,80,11,11
42062,85,78,7,7
42063,104,97,7,7
42064,132,135,-3,3
42065,75,78,-3,3
42066,175,192,-17,17
42067,77,69,8,8
42068,92,94,-2,2
42069,150,140,10,10
42070,35,57,-22,22
42071,79,67,12,12
42072,57,67,-10,10
42073,70,54,16,16
42074,117,145,-28,28
42075,84,81,3,3
42076,51,73,-22,22
42077,88,105,-17,17
42078,83,78,5,5
42079,89,75,14,14
42080,79,76,3,3
42081,76,86,-10,10
42082,50,54,-4,4
42083,102,94,8,8
42084,111,133,-22,22
42085,82,84,-2,2
42086,114,127,-13,13
42087,99,107,-8,8
42088,111,103,8,8
42089,99,99,0,0
42090,68,63,5,5
42091,159,151,8,8
42092,78,78,0,0
42093,43,51,-8,8
42094,64,58,6,6
42095,77,73,4,4
42096,38,52,-14,14
42097,39,49,-10,10
42098,87,90,-3,3
42099,89,75,14,14
42100,101,111,-10,10
42101,115,119,-4,4
42102,101,91,10,10
42103,52,49,3,3
42104,68,72,-4,4
42105,57,64,-7,7
42106,97,84,13,13
42107,80,83,-3,3
42108,95,81,14,14
42109,155,145,10,10
42110,74,71,3,3
42111,104,83,21,21
42112,63,70,-7,7
42113,28,43,-15,15
42114,96,87,9,9
42115,104,102,2,2
42116,118,127,-9,9
42117,81,75,6,6
42118,58,63,-5,5
42119,85,80,5,5
42120,59,65,-6,6
42121,91,97,-6,6
42122,120,105,15,15
42123,58,47,11,11
42124,89,79,10,10
42125,101,101,0,0
42126,89,93,-4,4
42127,68,62,6,6
42128,122,114,8,8
42129,71,73,-2,2
42130,71,73,-2,2
42131,75,91,-16,16
42132,130,139,-9,9
42133,103,100,3,3
42134,114,88,26,26
42135,145,143,2,2
42136,108,111,-3,3
42137,102,102,0,0
42138,107,101,6,6
42139,97,93,4,4
42140,94,82,12,12
42141,70,68,2,2
42142,91,91,0,0
42143,92,82,10,10
42144,60,60,0,0
42145,83,81,2,2
42146,92,86,6,6
42147,106,122,-16,16
42148,47,51,-4,4
42149,72,71,1,1
42150,137,137,0,0
42151,69,76,-7,7
42152,69,61,8,8
42153,123,120,3,3
42154,77,83,-6,6
42155,74,56,18,18
42156,144,157,-13,13
42157,132,144,-12,12
42158,109,115,-6,6
42159,93,89,4,4
42160,56,47,9,9
42161,125,119,6,6
42162,54,61,-7,7
42163,127,119,8,8
42164,96,96,0,0
42165,106,88,18,18
42166,98,116,-18,18
42167,97,104,-7,7
42168,65,62,3,3
42169,91,80,11,11
42170,90,85,5,5
42171,135,132,3,3
42172,109,129,-20,20
42173,101,90,11,11
42174,80,75,5,5
42175,105,104,1,1
42176,64,66,-2,2
42177,155,141,14,14
42178,119,116,3,3
42179,76,61,15,15
42180,122,109,13,13
42181,59,60,-1,1
42182,63,60,3,3
42183,92,90,2,2
42184,101,100,1,1
42185,100,105,-5,5
42186,88,91,-3,3
42187,98,95,3,3
42188,153,136,17,17
42189,92,89,3,3
42190,76,67,9,9
42191,110,103,7,7
42192,86,92,-6,6
42193,130,127,3,3
42194,126,138,-12,12
42195,78,69,9,9
42196,77,63,14,14
42197,104,103,1,1
42198,126,125,1,1
42199,79,74,5,5
42200,117,113,4,4
42201,45,49,-4,4
42202,100,103,-3,3
42203,83,83,0,0
42204,134,137,-3,3
42205,83,76,7,7
42206,90,98,-8,8
42207,86,98,-12,12
42208,89,81,8,8
42209,60,64,-4,4
42210,78,84,-6,6
42211,120,125,-5,5
42212,72,83,-11,11
42213,104,110,-6,6
42214,188,156,32,32
42215,93,88,5,5
42216,159,142,17,17
42217,80,72,8,8
42218,96,107,-11,11
42219,114,108,6,6
42220,113,111,2,2
42221,62,63,-1,1
42222,140,130,10,10
42223,157,147,10,10
42224,61,65,-4,4
42225,95,104,-9,9
42226,130,129,1,1
42227,134,147,-13,13
42228,84,83,1,1
42229,83,77,6,6
42230,96,106,-10,10
42231,85,80,5,5
42232,117,127,-10,10
42233,49,74,-25,25
42234,55,57,-2,2
42235,116,106,10,10
42236,65,61,4,4
42237,86,95,-9,9
42238,58,79,-21,21
42239,55,73,-18,18
42240,109,105,4,4
42241,109,107,2,2
42242,115,122,-7,7
42243,131,107,24,24
42244,79,82,-3,3
42245,74,88,-14,14
42246,114,113,1,1
42247,125,126,-1,1
42248,90,82,8,8
42249,81,77,4,4
42250,109,99,10,10
42251,90,89,1,1
42252,58,91,-33,33
42253,67,70,-3,3
42254,88,88,0,0
42255,71,87,-16,16
42256,118,130,-12,12
42257,109,121,-12,12
42258,75,96,-21,21
42259,38,48,-10,10
42260,173,143,30,30
42261,153,162,-9,9
42262,66,57,9,9
42263,58,58,0,0
42264,44,35,9,9
42265,86,77,9,9
42266,100,88,12,12
42267,86,101,-15,15
42268,106,100,6,6
42269,80,74,6,6
42270,84,76,8,8
42271,76,71,5,5
42272,96,89,7,7
42273,90,94,-4,4
42274,116,115,1,1
42275,196,167,29,29
42276,103,113,-10,10
42277,95,100,-5,5
42278,68,61,7,7
42279,96,77,19,19
42280,109,99,10,10
42281,86,82,4,4
42282,174,174,0,0
42283,78,80,-2,2
42284,47,54,-7,7
42285,96,90,6,6
42286,92,87,5,5
42287,79,70,9,9
42288,85,80,5,5
42289,113,117,-4,4
42290,96,94,2,2
42291,80,69,11,11
42292,43,39,4,4
42293,93,96,-3,3
42294,63,64,-1,1
42295,96,82,14,14
42296,103,104,-1,1
42297,53,62,-9,9
42298,99,93,6,6
42299,79,78,1,1
42300,70,70,0,0
42301,106,97,9,9
42302,104,130,-26,26
42303,141,151,-10,10
42304,99,87,12,12
42305,96,86,10,10
42306,55,52,3,3
42307,99,95,4,4
42308,116,118,-2,2
42309,64,105,-41,41
42310,152,139,13,13
42311,63,53,10,10
42312,78,72,6,6
42313,123,133,-10,10
42314,126,129,-3,3
42315,79,71,8,8
42316,92,77,15,15
42317,94,118,-24,24
42318,200,173,27,27
42319,157,142,15,15
42320,80,84,-4,4
42321,57,56,1,1
42322,141,130,11,11
42323,60,69,-9,9
42324,85,77,8,8
42325,54,50,4,4
42326,159,160,-1,1
42327,150,127,23,23
42328,87,76,11,11
42329,47,55,-8,8
42330,96,96,0,0
42331,82,78,4,4
42332,74,95,-21,21
42333,120,112,8,8
42334,109,86,23,23
42335,86,89,-3,3
42336,129,114,15,15
42337,196,170,26,26
42338,178,153,25,25
42339,105,89,16,16
42340,61,79,-18,18
42341,67,77,-10,10
42342,109,102,7,7
42343,111,122,-11,11
42344,52,86,-34,34
42345,89,82,7,7
42346,71,77,-6,6
42347,111,108,3,3
42348,40,51,-11,11
42349,79,85,-6,6
42350,99,92,7,7
42351,96,96,0,0
42352,63,66,-3,3
42353,103,127,-24,24
42354,97,108,-11,11
42355,90,97,-7,7
42356,119,107,12,12
42357,176,159,17,17
42358,97,86,11,11
42359,131,118,13,13
42360,86,76,10,10
42361,77,72,5,5
42362,84,80,4,4
42363,70,63,7,7
42364,109,109,0,0
42365,121,120,1,1
42366,125,130,-5,5
42367,150,125,25,25
42368,103,94,9,9
42369,151,149,2,2
42370,58,54,4,4
42371,64,56,8,8
42372,122,132,-10,10
42373,104,90,14,14
42374,92,72,20,20
42375,100,100,0,0
42376,142,140,2,2
42377,93,86,7,7
42378,120,112,8,8
42379,75,67,8,8
42380,106,96,10,10
42381,60,56,4,4
42382,83,80,3,3
42383,98,103,-5,5
42384,56,53,3,3
42385,37,37,0,0
42386,97,89,8,8
42387,152,145,7,7
42388,97,94,3,3
42389,76,75,1,1
42390,80,94,-14,14
42391,56,58,-2,2
42392,108,92,16,16
42393,128,103,25,25
42394,117,108,9,9
42395,103,93,10,10
42396,31,59,-28,28
42397,84,77,7,7
42398,92,93,-1,1
42399,115,134,-19,19
42400,128,136,-8,8
42401,128,112,16,16
42402,75,75,0,0
42403,72,58,14,14
42404,95,91,4,4
42405,56,64,-8,8
42406,83,85,-2,2
42407,97,95,2,2
42408,109,93,16,16
42409,126,116,10,10
42410,135,142,-7,7
42411,75,75,0,0
42412,73,78,-5,5
42413,89,100,-11,11
42414,94,86,8,8
42415,81,77,4,4
42416,78,75,3,3
42417,79,76,3,3
42418,78,90,-12,12
42419,105,114,-9,9
42420,112,104,8,8
42421,75,60,15,15
42422,98,92,6,6
42423,94,84,10,10
42424,56,62,-6,6
42425,92,83,9,9
42426,68,66,2,2
42427,104,108,-4,4
42428,144,116,28,28
42429,50,56,-6,6
42430,51,50,1,1
42431,61,78,-17,17
42432,83,90,-7,7
42433,28,36,-8,8
42434,99,106,-7,7
42435,83,97,-14,14
42436,162,154,8,8
42437,104,98,6,6
42438,88,89,-1,1
42439,95,87,8,8
42440,116,114,2,2
42441,144,135,9,9
42442,69,61,8,8
42443,102,122,-20,20
42444,116,123,-7,7
42445,61,59,2,2
42446,108,98,10,10
42447,55,50,5,5
42448,142,135,7,7
42449,156,150,6,6
42450,129,122,7,7
42451,180,165,15,15
42452,111,113,-2,2
42453,179,171,8,8
42454,89,73,16,16
42455,114,108,6,6
42456,96,90,6,6
42457,117,118,-1,1
42458,64,89,-25,25
42459,57,59,-2,2
42460,54,58,-4,4
42461,95,85,10,10
42462,89,99,-10,10
42463,109,101,8,8
42464,76,75,1,1
42465,67,60,7,7
42466,65,67,-2,2
42467,76,76,0,0
42468,92,88,4,4
42469,92,88,4,4
42470,74,70,4,4
42471,92,82,10,10
42472,80,78,2,2
42473,89,87,2,2
42474,43,53,-10,10
42475,69,70,-1,1
42476,88,80,8,8
42477,84,92,-8,8
42478,115,122,-7,7
42479,56,48,8,8
42480,95,94,1,1
42481,80,95,-15,15
42482,80,78,2,2
42483,98,90,8,8
42484,49,56,-7,7
42485,91,72,19,19
42486,64,71,-7,7
42487,53,65,-12,12
42488,85,76,9,9
42489,98,88,10,10
42490,100,87,13,13
42491,69,72,-3,3
42492,48,71,-23,23
42493,105,88,17,17
42494,163,158,5,5
42495,150,147,3,3
42496,85,84,1,1
42497,128,137,-9,9
42498,99,101,-2,2
42499,103,94,9,9
42500,128,112,16,16
42501,107,110,-3,3
42502,55,58,-3,3
42503,84,81,3,3
42504,90,93,-3,3
42505,90,100,-10,10
42506,72,66,6,6
42507,91,95,-4,4
42508,87,93,-6,6
42509,84,94,-10,10
42510,42,54,-12,12
42511,65,65,0,0
42512,131,135,-4,4
42513,48,53,-5,5
42514,109,115,-6,6
42515,85,90,-5,5
42516,66,52,14,14
42517,83,87,-4,4
42518,46,47,-1,1
42519,141,146,-5,5
42520,59,67,-8,8
42521,87,84,3,3
42522,84,91,-7,7
42523,86,92,-6,6
42524,127,110,17,17
42525,111,87,24,24
42526,102,100,2,2
42527,65,70,-5,5
42528,70,71,-1,1
42529,61,68,-7,7
42530,104,105,-1,1
42531,111,104,7,7
42532,202,149,53,53
42533,100,88,12,12
42534,136,137,-1,1
42535,35,49,-14,14
42536,40,46,-6,6
42537,115,109,6,6
42538,116,104,12,12
42539,72,71,1,1
42540,108,105,3,3
42541,106,105,1,1
42542,62,62,0,0
42543,127,121,6,6
42544,94,89,5,5
42545,89,76,13,13
42546,70,65,5,5
42547,72,75,-3,3
42548,98,85,13,13
42549,96,84,12,12
42550,108,117,-9,9
42551,142,115,27,27
42552,77,86,-9,9
42553,67,65,2,2
42554,81,82,-1,1
42555,54,55,-1,1
42556,124,129,-5,5
42557,110,112,-2,2
42558,101,106,-5,5
42559,86,89,-3,3
42560,117,105,12,12
42561,111,109,2,2
42562,136,129,7,7
42563,78,62,16,16
42564,62,77,-15,15
42565,231,184,47,47
42566,180,182,-2,2
42567,91,88,3,3
42568,134,135,-1,1
42569,80,84,-4,4
42570,100,104,-4,4
42571,123,127,-4,4
42572,109,111,-2,2
42573,70,69,1,1
42574,57,57,0,0
42575,148,131,17,17
42576,76,66,10,10
42577,70,70,0,0
42578,82,81,1,1
42579,102,112,-10,10
42580,198,180,18,18
42581,56,47,9,9
42582,94,91,3,3
42583,97,90,7,7
42584,103,89,14,14
42585,81,74,7,7
42586,102,96,6,6
42587,85,86,-1,1
42588,165,145,20,20
42589,50,57,-7,7
42590,124,125,-1,1
42591,101,116,-15,15
42592,79,72,7,7
42593,138,144,-6,6
42594,191,104,87,87
42595,162,166,-4,4
42596,126,122,4,4
42597,103,99,4,4
42598,49,51,-2,2
42599,113,126,-13,13
42600,100,88,12,12
42601,118,124,-6,6
42602,117,111,6,6
42603,84,86,-2,2
42604,110,101,9,9
42605,128,110,18,18
42606,105,117,-12,12
42607,59,66,-7,7
42608,91,87,4,4
42609,68,58,10,10
42610,72,85,-13,13
42611,135,130,5,5
42612,79,72,7,7
42613,107,105,2,2
42614,30,34,-4,4
42615,70,76,-6,6
42616,105,111,-6,6
42617,92,80,12,12
42618,177,182,-5,5
42619,84,91,-7,7
42620,67,74,-7,7
42621,150,118,32,32
42622,65,81,-16,16
42623,69,66,3,3
42624,94,89,5,5
42625,87,73,14,14
42626,73,80,-7,7
42627,70,78,-8,8
42628,93,84,9,9
42629,110,106,4,4
42630,87,79,8,8
42631,109,113,-4,4
42632,71,71,0,0
42633,103,116,-13,13
42634,152,140,12,12
42635,70,73,-3,3
42636,125,111,14,14
42637,91,91,0,0
42638,172,171,1,1
42639,60,62,-2,2
42640,99,125,-26,26
42641,61,50,11,11
42642,91,95,-4,4
42643,94,89,5,5
42644,135,135,0,0
42645,43,46,-3,3
42646,83,80,3,3
42647,93,93,0,0
42648,116,112,4,4
42649,131,111,20,20
42650,140,153,-13,13
42651,101,108,-7,7
42652,160,155,5,5
42653,157,131,26,26
42654,147,174,-27,27
42655,151,152,-1,1
42656,162,152,10,10
42657,52,95,-43,43
42658,77,83,-6,6
42659,86,93,-7,7
42660,86,98,-12,12
42661,91,87,4,4
42662,118,116,2,2
42663,103,105,-2,2
42664,103,100,3,3
42665,74,70,4,4
42666,119,119,0,0
42667,89,84,5,5
42668,107,100,7,7
42669,109,144,-35,35
42670,85,83,2,2
42671,70,65,5,5
42672,86,82,4,4
42673,105,100,5,5
42674,98,99,-1,1
42675,75,70,5,5
42676,50,60,-10,10
42677,67,64,3,3
42678,76,73,3,3
42679,80,72,8,8
42680,124,119,5,5
42681,60,65,-5,5
42682,73,76,-3,3
42683,52,50,2,2
42684,102,108,-6,6
42685,29,24,5,5
42686,66,70,-4,4
42687,80,72,8,8
42688,76,80,-4,4
42689,107,105,2,2
42690,68,59,9,9
42691,129,108,21,21
42692,51,56,-5,5
42693,131,141,-10,10
42694,73,80,-7,7
42695,157,149,8,8
42696,96,107,-11,11
42697,19,48,-29,29
42698,109,97,12,12
42699,67,74,-7,7
42700,132,128,4,4
42701,156,139,17,17
42702,85,97,-12,12
42703,90,76,14,14
42704,85,73,12,12
42705,44,56,-12,12
42706,150,144,6,6
42707,65,66,-1,1
42708,91,88,3,3
42709,63,87,-24,24
42710,80,81,-1,1
42711,163,163,0,0
42712,110,100,10,10
42713,100,84,16,16
42714,89,77,12,12
42715,51,51,0,0
42716,97,106,-9,9
42717,82,90,-8,8
42718,85,83,2,2
42719,73,71,2,2
42720,80,70,10,10
42721,50,66,-16,16
42722,81,73,8,8
42723,68,59,9,9
42724,76,77,-1,1
42725,75,70,5,5
42726,82,89,-7,7
42727,78,82,-4,4
42728,53,66,-13,13
42729,55,60,-5,5
42730,41,48,-7,7
42731,95,83,12,12
42732,55,47,8,8
42733,99,91,8,8
42734,64,63,1,1
42735,93,122,-29,29
42736,61,47,14,14
42737,95,83,12,12
42738,116,121,-5,5
42739,83,78,5,5
42740,82,74,8,8
42741,137,118,19,19
42742,69,70,-1,1
42743,69,60,9,9
42744,60,61,-1,1
42745,81,84,-3,3
42746,128,122,6,6
42747,78,59,19,19
42748,79,84,-5,5
42749,74,78,-4,4
42750,69,74,-5,5
42751,140,97,43,43
42752,108,110,-2,2
42753,61,56,5,5
42754,142,139,3,3
42755,42,35,7,7
42756,68,65,3,3
42757,74,75,-1,1
42758,94,104,-10,10
42759,164,169,-5,5
42760,77,68,9,9
42761,94,82,12,12
42762,192,200,-8,8
42763,121,116,5,5
42764,61,59,2,2
42765,120,122,-2,2
42766,103,96,7,7
42767,89,81,8,8
42768,100,89,11,11
42769,97,91,6,6
42770,64,69,-5,5
42771,165,168,-3,3
42772,74,70,4,4
42773,65,64,1,1
42774,39,99,-60,60
42775,183,168,15,15
42776,82,83,-1,1
42777,111,106,5,5
42778,150,133,17,17
42779,89,72,17,17
42780,116,111,5,5
42781,106,100,6,6
42782,129,147,-18,18
42783,59,69,-10,10
42784,161,138,23,23
42785,108,125,-17,17
42786,63,73,-10,10
42787,114,117,-3,3
42788,80,84,-4,4
42789,81,85,-4,4
42790,72,71,1,1
42791,99,97,2,2
42792,98,86,12,12
42793,111,100,11,11
42794,120,118,2,2
42795,119,110,9,9
42796,69,72,-3,3
42797,137,133,4,4
42798,130,139,-9,9
42799,106,92,14,14
42800,58,61,-3,3
42801,144,143,1,1
42802,117,125,-8,8
42803,146,164,-18,18
42804,137,145,-8,8
42805,116,126,-10,10
42806,86,75,11,11
42807,89,75,14,14
42808,107,118,-11,11
42809,108,111,-3,3
42810,109,94,15,15
42811,53,57,-4,4
42812,79,67,12,12
42813,59,63,-4,4
42814,84,88,-4,4
42815,156,151,5,5
42816,121,114,7,7
42817,66,56,10,10
42818,74,75,-1,1
42819,47,116,-69,69
42820,106,98,8,8
42821,98,81,17,17
42822,68,60,8,8
42823,58,68,-10,10
42824,86,94,-8,8
42825,87,87,0,0
42826,85,89,-4,4
42827,143,143,0,0
42828,168,147,21,21
42829,63,76,-13,13
42830,72,126,-54,54
42831,170,174,-4,4
42832,139,159,-20,20
42833,104,120,-16,16
42834,66,57,9,9
42835,78,75,3,3
42836,66,72,-6,6
42837,78,76,2,2
42838,178,166,12,12
42839,176,169,7,7
42840,77,73,4,4
42841,51,49,2,2
42842,112,98,14,14
42843,110,123,-13,13
42844,140,131,9,9
42845,120,123,-3,3
42846,88,85,3,3
42847,85,88,-3,3
42848,166,154,12,12
42849,71,71,0,0
42850,112,116,-4,4
42851,73,64,9,9
42852,80,77,3,3
42853,113,122,-9,9
42854,62,64,-2,2
42855,94,69,25,25
42856,145,148,-3,3
42857,131,140,-9,9
42858,103,109,-6,6
42859,98,122,-24,24
42860,84,78,6,6
42861,133,104,29,29
42862,144,134,10,10
42863,141,130,11,11
42864,119,96,23,23
42865,87,81,6,6
42866,79,78,1,1
42867,63,74,-11,11
42868,89,88,1,1
42869,38,45,-7,7
42870,99,106,-7,7
42871,114,110,4,4
42872,129,129,0,0
42873,155,149,6,6
42874,87,61,26,26
42875,70,70,0,0
42876,112,103,9,9
42877,137,138,-1,1
42878,92,82,10,10
42879,145,140,5,5
42880,154,137,17,17
42881,130,125,5,5
42882,45,73,-28,28
42883,63,50,13,13
42884,58,53,5,5
42885,96,94,2,2
42886,102,91,11,11
42887,118,124,-6,6
42888,119,134,-15,15
42889,75,65,10,10
42890,115,121,-6,6
42891,94,93,1,1
42892,108,100,8,8
42893,101,91,10,10
42894,136,134,2,2
42895,110,107,3,3
42896,127,88,39,39
42897,94,76,18,18
42898,124,114,10,10
42899,68,69,-1,1
42900,128,122,6,6
42901,138,132,6,6
42902,83,77,6,6
42903,125,107,18,18
42904,63,60,3,3
42905,133,102,31,31
42906,77,69,8,8
42907,94,88,6,6
42908,116,99,17,17
42909,93,94,-1,1
42910,84,95,-11,11
42911,125,122,3,3
42912,123,131,-8,8
42913,92,98,-6,6
42914,155,140,15,15
42915,86,82,4,4
42916,75,77,-2,2
42917,74,65,9,9
42918,78,72,6,6
42919,96,80,16,16
42920,113,120,-7,7
42921,139,157,-18,18
42922,95,82,13,13
42923,83,83,0,0
42924,128,107,21,21
42925,102,112,-10,10
42926,124,138,-14,14
42927,71,71,0,0
42928,63,65,-2,2
42929,71,62,9,9
42930,131,133,-2,2
42931,115,132,-17,17
42932,91,86,5,5
42933,92,96,-4,4
42934,59,58,1,1
42935,138,146,-8,8
42936,71,68,3,3
42937,53,102,-49,49
42938,103,106,-3,3
42939,85,85,0,0
42940,92,95,-3,3
42941,109,126,-17,17
42942,74,73,1,1
42943,100,93,7,7
42944,111,105,6,6
42945,112,111,1,1
42946,112,98,14,14
42947,31,43,-12,12
42948,57,76,-19,19
42949,194,190,4,4
42950,75,101,-26,26
42951,119,98,21,21
42952,106,109,-3,3
42953,89,73,16,16
42954,75,74,1,1
42955,77,69,8,8
42956,68,76,-8,8
42957,48,44,4,4
42958,53,49,4,4
42959,91,89,2,2
42960,90,108,-18,18
42961,57,68,-11,11
42962,81,80,1,1
42963,113,108,5,5
42964,89,97,-8,8
42965,74,65,9,9
42966,89,97,-8,8
42967,73,67,6,6
42968,54,50,4,4
42969,77,72,5,5
42970,108,108,0,0
42971,59,69,-10,10
42972,218,201,17,17
42973,118,137,-19,19
42974,86,88,-2,2
42975,153,155,-2,2
42976,123,137,-14,14
42977,117,112,5,5
42978,51,43,8,8
42979,77,78,-1,1
42980,59,56,3,3
42981,69,72,-3,3
42982,67,82,-15,15
42983,83,88,-5,5
42984,137,125,12,12
42985,96,76,20,20
42986,68,72,-4,4
42987,91,100,-9,9
42988,81,89,-8,8
42989,79,72,7,7
42990,50,41,9,9
42991,78,78,0,0
42992,32,33,-1,1
42993,64,61,3,3
42994,80,90,-10,10
42995,99,119,-20,20
42996,131,148,-17,17
42997,48,44,4,4
42998,77,73,4,4
42999,128,131,-3,3
43000,120,128,-8,8
43001,55,48,7,7
43002,79,61,18,18
43003,85,74,11,11
43004,148,147,1,1
43005,136,124,12,12
43006,111,121,-10,10
43007,105,120,-15,15
43008,93,87,6,6
43009,79,80,-1,1
43010,87,82,5,5
43011,69,67,2,2
43012,109,111,-2,2
43013,156,150,6,6
43014,106,102,4,4
43015,105,113,-8,8
43016,42,39,3,3
43017,84,87,-3,3
43018,15,25,-10,10
43019,89,92,-3,3
43020,179,167,12,12
43021,65,61,4,4
43022,108,129,-21,21
43023,40,64,-24,24
43024,89,85,4,4
43025,138,129,9,9
43026,134,121,13,13
43027,102,92,10,10
43028,103,102,1,1
43029,143,130,13,13
43030,65,67,-2,2
43031,74,69,5,5
43032,116,116,0,0
43033,79,79,0,0
43034,74,73,1,1
43035,91,71,20,20
43036,99,97,2,2
43037,64,64,0,0
43038,120,103,17,17
43039,103,90,13,13
43040,90,90,0,0
43041,51,46,5,5
43042,96,88,8,8
43043,77,71,6,6
43044,142,144,-2,2
43045,77,56,21,21
43046,90,84,6,6
43047,141,139,2,2
43048,85,85,0,0
43049,98,87,11,11
43050,146,139,7,7
43051,120,111,9,9
43052,107,111,-4,4
43053,97,90,7,7
43054,125,131,-6,6
43055,81,83,-2,2
43056,99,102,-3,3
43057,90,95,-5,5
43058,53,50,3,3
43059,88,74,14,14
43060,70,68,2,2
43061,57,65,-8,8
43062,77,72,5,5
43063,51,65,-14,14
43064,110,123,-13,13
43065,72,70,2,2
43066,101,97,4,4
43067,177,154,23,23
43068,153,141,12,12
43069,157,155,2,2
43070,67,70,-3,3
43071,63,63,0,0
43072,208,157,51,51
43073,84,76,8,8
43074,69,66,3,3
43075,110,101,9,9
43076,85,76,9,9
43077,37,35,2,2
43078,142,120,22,22
43079,82,86,-4,4
43080,81,85,-4,4
43081,94,95,-1,1
43082,143,146,-3,3
43083,118,114,4,4
43084,86,94,-8,8
43085,76,88,-12,12
43086,73,65,8,8
43087,131,110,21,21
43088,53,73,-20,20
43089,66,70,-4,4
43090,101,109,-8,8
43091,115,124,-9,9
43092,136,141,-5,5
43093,61,84,-23,23
43094,86,84,2,2
43095,71,80,-9,9
43096,81,87,-6,6
43097,69,77,-8,8
43098,36,43,-7,7
43099,157,160,-3,3
43100,57,55,2,2
43101,73,56,17,17
43102,185,177,8,8
43103,62,49,13,13
43104,123,124,-1,1
43105,65,56,9,9
43106,73,61,12,12
43107,98,105,-7,7
43108,101,91,10,10
43109,104,119,-15,15
43110,83,81,2,2
43111,58,52,6,6
43112,85,85,0,0
43113,55,61,-6,6
43114,80,64,16,16
43115,66,66,0,0
43116,83,72,11,11
43117,107,118,-11,11
43118,104,85,19,19
43119,44,52,-8,8
43120,63,65,-2,2
43121,85,76,9,9
43122,133,131,2,2
43123,59,62,-3,3
43124,130,98,32,32
43125,74,73,1,1
43126,62,58,4,4
43127,109,93,16,16
43128,71,72,-1,1
43129,55,93,-38,38
43130,142,132,10,10
43131,117,118,-1,1
43132,110,112,-2,2
43133,35,85,-50,50
43134,85,90,-5,5
43135,63,66,-3,3
43136,79,87,-8,8
43137,101,91,10,10
43138,73,79,-6,6
43139,150,157,-7,7
43140,164,146,18,18
43141,121,138,-17,17
43142,56,60,-4,4
43143,82,83,-1,1
43144,115,130,-15,15
43145,103,94,9,9
43146,80,71,9,9
43147,90,110,-20,20
43148,103,101,2,2
43149,122,122,0,0
43150,113,108,5,5
43151,62,67,-5,5
43152,120,117,3,3
43153,94,97,-3,3
43154,93,87,6,6
43155,52,47,5,5
43156,89,83,6,6
43157,72,56,16,16
43158,65,68,-3,3
43159,92,89,3,3
43160,59,61,-2,2
43161,86,114,-28,28
43162,119,97,22,22
43163,64,62,2,2
43164,142,120,22,22
43165,80,78,2,2
43166,68,76,-8,8
43167,85,96,-11,11
43168,69,67,2,2
43169,157,144,13,13
43170,120,113,7,7
43171,135,130,5,5
43172,72,68,4,4
43173,99,77,22,22
43174,88,91,-3,3
43175,101,91,10,10
43176,72,71,1,1
43177,166,168,-2,2
43178,49,55,-6,6
43179,89,95,-6,6
43180,113,105,8,8
43181,113,120,-7,7
43182,85,86,-1,1
43183,67,76,-9,9
43184,89,89,0,0
43185,63,60,3,3
43186,52,101,-49,49
43187,127,115,12,12
43188,106,107,-1,1
43189,120,102,18,18
43190,97,115,-18,18
43191,57,65,-8,8
43192,68,82,-14,14
43193,105,111,-6,6
43194,106,116,-10,10
43195,133,132,1,1
43196,63,63,0,0
43197,58,64,-6,6
43198,106,115,-9,9
43199,103,93,10,10
43200,71,73,-2,2
43201,103,102,1,1
43202,42,44,-2,2
43203,91,85,6,6
43204,103,105,-2,2
43205,90,84,6,6
43206,103,108,-5,5
43207,111,96,15,15
43208,132,123,9,9
43209,115,115,0,0
43210,121,129,-8,8
43211,122,110,12,12
43212,132,129,3,3
43213,32,51,-19,19
43214,110,106,4,4
43215,87,91,-4,4
43216,135,129,6,6
43217,102,97,5,5
43218,82,87,-5,5
43219,131,114,17,17
43220,102,103,-1,1
43221,52,51,1,1
43222,100,117,-17,17
43223,100,90,10,10
43224,90,108,-18,18
43225,85,82,3,3
43226,61,56,5,5
43227,154,162,-8,8
43228,137,130,7,7
43229,107,101,6,6
43230,98,89,9,9
43231,92,81,11,11
43232,191,160,31,31
43233,113,120,-7,7
43234,104,101,3,3
43235,62,54,8,8
43236,80,85,-5,5
43237,50,49,1,1
43238,100,77,23,23
43239,126,120,6,6
43240,113,110,3,3
43241,69,64,5,5
43242,62,76,-14,14
43243,52,66,-14,14
43244,118,120,-2,2
43245,59,61,-2,2
43246,40,43,-3,3
43247,93,95,-2,2
43248,105,121,-16,16
43249,127,116,11,11
43250,84,94,-10,10
43251,93,103,-10,10
43252,121,129,-8,8
43253,94,97,-3,3
43254,64,58,6,6
43255,109,107,2,2
43256,123,145,-22,22
43257,130,128,2,2
43258,138,142,-4,4
43259,67,72,-5,5
43260,99,113,-14,14
43261,84,77,7,7
43262,112,124,-12,12
43263,103,122,-19,19
43264,60,54,6,6
43265,90,101,-11,11
43266,131,142,-11,11
43267,47,48,-1,1
43268,90,82,8,8
43269,81,79,2,2
43270,84,78,6,6
43271,81,75,6,6
43272,105,103,2,2
43273,67,69,-2,2
43274,86,86,0,0
43275,140,149,-9,9
43276,78,71,7,7
43277,96,99,-3,3
43278,102,92,10,10
43279,43,52,-9,9
43280,71,85,-14,14
43281,91,100,-9,9
43282,84,75,9,9
43283,125,123,2,2
43284,50,60,-10,10
43285,90,101,-11,11
43286,68,61,7,7
43287,129,116,13,13
43288,133,138,-5,5
43289,72,87,-15,15
43290,150,141,9,9
43291,179,166,13,13
43292,96,96,0,0
43293,72,71,1,1
43294,178,157,21,21
43295,89,89,0,0
43296,129,115,14,14
43297,84,81,3,3
43298,87,77,10,10
43299,82,73,9,9
43300,82,86,-4,4
43301,91,80,11,11
43302,112,121,-9,9
43303,88,99,-11,11
43304,100,110,-10,10
43305,164,162,2,2
43306,89,95,-6,6
43307,72,87,-15,15
43308,111,118,-7,7
43309,123,124,-1,1
43310,163,148,15,15
43311,65,62,3,3
43312,130,125,5,5
43313,145,135,10,10
43314,92,88,4,4
43315,50,59,-9,9
43316,73,82,-9,9
43317,57,50,7,7
43318,89,67,22,22
43319,82,73,9,9
43320,67,75,-8,8
43321,91,108,-17,17
43322,112,103,9,9
43323,73,68,5,5
43324,64,62,2,2
43325,119,133,-14,14
43326,61,57,4,4
43327,26,29,-3,3
43328,67,69,-2,2
43329,178,157,21,21
43330,97,75,22,22
43331,132,108,24,24
43332,121,130,-9,9
43333,143,121,22,22
43334,92,101,-9,9
43335,78,87,-9,9
43336,99,96,3,3
43337,68,65,3,3
43338,61,61,0,0
43339,139,139,0,0
43340,162,151,11,11
43341,86,76,10,10
43342,106,117,-11,11
43343,48,48,0,0
43344,125,127,-2,2
43345,123,128,-5,5
43346,117,125,-8,8
43347,229,165,64,64
43348,83,83,0,0
43349,72,109,-37,37
43350,130,121,9,9
43351,49,45,4,4
43352,124,126,-2,2
43353,123,130,-7,7
43354,127,131,-4,4
43355,78,75,3,3
43356,87,112,-25,25
43357,129,128,1,1
43358,97,91,6,6
43359,129,134,-5,5
43360,69,97,-28,28
43361,84,85,-1,1
43362,122,113,9,9
43363,158,149,9,9
43364,77,82,-5,5
43365,86,94,-8,8
43366,100,106,-6,6
43367,93,92,1,1
43368,117,113,4,4
43369,139,129,10,10
43370,100,93,7,7
43371,162,136,26,26
43372,68,69,-1,1
43373,68,65,3,3
43374,85,75,10,10
43375,105,94,11,11
43376,174,159,15,15
43377,85,85,0,0
43378,108,94,14,14
43379,67,66,1,1
43380,115,107,8,8
43381,63,65,-2,2
43382,107,103,4,4
43383,99,100,-1,1
43384,52,50,2,2
43385,87,82,5,5
43386,125,86,39,39
43387,64,57,7,7
43388,101,106,-5,5
43389,118,109,9,9
43390,129,128,1,1
43391,100,100,0,0
43392,71,61,10,10
43393,70,64,6,6
43394,70,92,-22,22
43395,101,77,24,24
43396,71,78,-7,7
43397,70,66,4,4
43398,115,113,2,2
43399,56,47,9,9
43400,106,85,21,21
43401,125,111,14,14
43402,104,105,-1,1
43403,84,77,7,7
43404,64,70,-6,6
43405,82,88,-6,6
43406,99,109,-10,10
43407,167,164,3,3
43408,107,100,7,7
43409,91,86,5,5
43410,83,83,0,0
43411,89,76,13,13
43412,92,78,14,14
43413,114,103,11,11
43414,126,118,8,8
43415,133,108,25,25
43416,51,52,-1,1
43417,87,78,9,9
43418,67,61,6,6
43419,67,54,13,13
43420,142,142,0,0
43421,139,119,20,20
43422,125,110,15,15
43423,81,77,4,4
43424,210,190,20,20
43425,113,100,13,13
43426,57,62,-5,5
43427,94,96,-2,2
43428,121,94,27,27
43429,107,97,10,10
43430,38,50,-12,12
43431,81,85,-4,4
43432,126,123,3,3
43433,248,254,-6,6
43434,92,94,-2,2
43435,153,153,0,0
43436,127,131,-4,4
43437,45,60,-15,15
43438,81,74,7,7
43439,164,166,-2,2
43440,140,145,-5,5
43441,114,120,-6,6
43442,115,110,5,5
43443,87,73,14,14
43444,57,55,2,2
43445,51,62,-11,11
43446,95,106,-11,11
43447,33,32,1,1
43448,128,119,9,9
43449,101,96,5,5
43450,75,70,5,5
43451,138,129,9,9
43452,136,116,20,20
43453,63,79,-16,16
43454,80,56,24,24
43455,90,107,-17,17
43456,47,44,3,3
43457,96,93,3,3
43458,62,55,7,7
43459,98,94,4,4
43460,140,142,-2,2
43461,84,71,13,13
43462,143,124,19,19
43463,84,93,-9,9
43464,151,147,4,4
43465,87,87,0,0
43466,107,124,-17,17
43467,118,110,8,8
43468,60,64,-4,4
43469,82,82,0,0
43470,167,164,3,3
43471,110,101,9,9
43472,98,91,7,7
43473,83,93,-10,10
43474,76,73,3,3
43475,93,140,-47,47
43476,102,102,0,0
43477,76,59,17,17
43478,76,83,-7,7
43479,115,117,-2,2
43480,77,78,-1,1
43481,98,97,1,1
43482,149,142,7,7
43483,78,75,3,3
43484,119,113,6,6
43485,121,111,10,10
43486,46,68,-22,22
43487,67,75,-8,8
43488,129,112,17,17
43489,114,119,-5,5
43490,73,73,0,0
43491,118,116,2,2
43492,90,91,-1,1
43493,165,142,23,23
43494,147,148,-1,1
43495,52,44,8,8
43496,111,125,-14,14
43497,160,145,15,15
43498,88,100,-12,12
43499,105,103,2,2
43500,105,87,18,18
43501,90,98,-8,8
43502,120,129,-9,9
43503,89,76,13,13
43504,79,80,-1,1
43505,82,86,-4,4
43506,122,124,-2,2
43507,96,95,1,1
43508,48,44,4,4
43509,70,64,6,6
43510,65,77,-12,12
43511,78,85,-7,7
43512,133,126,7,7
43513,48,62,-14,14
43514,90,87,3,3
43515,54,55,-1,1
43516,104,97,7,7
43517,91,77,14,14
43518,112,116,-4,4
43519,63,70,-7,7
43520,113,107,6,6
43521,99,82,17,17
43522,100,102,-2,2
43523,69,67,2,2
43524,122,103,19,19
43525,84,76,8,8
43526,119,97,22,22
43527,103,100,3,3
43528,91,106,-15,15
43529,55,61,-6,6
43530,64,68,-4,4
43531,87,83,4,4
43532,220,197,23,23
43533,85,98,-13,13
43534,63,64,-1,1
43535,64,59,5,5
43536,109,108,1,1
43537,80,70,10,10
43538,91,92,-1,1
43539,146,128,18,18
43540,125,124,1,1
43541,130,138,-8,8
43542,127,135,-8,8
43543,113,107,6,6
43544,125,139,-14,14
43545,84,92,-8,8
43546,111,107,4,4
43547,138,130,8,8
43548,47,62,-15,15
43549,75,77,-2,2
43550,98,101,-3,3
43551,163,168,-5,5
43552,140,131,9,9
43553,50,36,14,14
43554,77,74,3,3
43555,64,64,0,0
43556,76,64,12,12
43557,108,113,-5,5
43558,53,49,4,4
43559,65,75,-10,10
43560,197,181,16,16
43561,182,179,3,3
43562,71,66,5,5
43563,134,121,13,13
43564,126,119,7,7
43565,54,56,-2,2
43566,132,139,-7,7
43567,86,72,14,14
43568,106,106,0,0
43569,53,47,6,6
43570,87,90,-3,3
43571,80,87,-7,7
43572,150,146,4,4
43573,49,47,2,2
43574,137,99,38,38
43575,51,51,0,0
43576,90,81,9,9
43577,125,117,8,8
43578,110,119,-9,9
43579,112,118,-6,6
43580,51,49,2,2
43581,105,94,11,11
43582,110,113,-3,3
43583,93,95,-2,2
43584,169,164,5,5
43585,97,75,22,22
43586,97,69,28,28
43587,89,91,-2,2
43588,75,73,2,2
43589,119,123,-4,4
43590,93,96,-3,3
43591,53,65,-12,12
43592,121,109,12,12
43593,61,86,-25,25
43594,98,104,-6,6
43595,92,94,-2,2
43596,63,63,0,0
43597,101,84,17,17
43598,180,165,15,15
43599,70,70,0,0
43600,66,72,-6,6
43601,121,170,-49,49
43602,100,93,7,7
43603,151,141,10,10
43604,44,56,-12,12
43605,93,94,-1,1
43606,79,88,-9,9
43607,133,125,8,8
43608,51,56,-5,5
43609,111,109,2,2
43610,83,81,2,2
43611,93,104,-11,11
43612,78,68,10,10
43613,75,70,5,5
43614,133,130,3,3
43615,128,117,11,11
43616,98,117,-19,19
43617,137,121,16,16
43618,79,90,-11,11
43619,90,86,4,4
43620,62,76,-14,14
43621,170,167,3,3
43622,123,123,0,0
43623,57,67,-10,10
43624,87,95,-8,8
43625,35,45,-10,10
43626,76,86,-10,10
43627,95,90,5,5
43628,63,71,-8,8
43629,74,69,5,5
43630,125,139,-14,14
43631,115,126,-11,11
43632,63,59,4,4
43633,141,144,-3,3
43634,78,74,4,4
43635,71,69,2,2
43636,90,78,12,12
43637,235,231,4,4
43638,118,100,18,18
43639,65,78,-13,13
43640,98,87,11,11
43641,97,104,-7,7
43642,48,58,-10,10
43643,110,112,-2,2
43644,96,91,5,5
43645,119,105,14,14
43646,141,134,7,7
43647,80,82,-2,2
43648,88,107,-19,19
43649,93,103,-10,10
43650,141,139,2,2
43651,59,72,-13,13
43652,98,96,2,2
43653,66,76,-10,10
43654,91,91,0,0
43655,90,81,9,9
43656,111,113,-2,2
43657,96,93,3,3
43658,103,94,9,9
43659,59,57,2,2
43660,68,66,2,2
43661,73,76,-3,3
43662,60,61,-1,1
43663,75,89,-14,14
43664,65,71,-6,6
43665,91,94,-3,3
43666,53,68,-15,15
43667,97,103,-6,6
43668,66,52,14,14
43669,94,97,-3,3
43670,97,91,6,6
43671,81,82,-1,1
43672,134,134,0,0
43673,96,90,6,6
43674,115,114,1,1
43675,51,86,-35,35
43676,75,80,-5,5
43677,157,138,19,19
43678,86,87,-1,1
43679,147,123,24,24
43680,85,84,1,1
43681,88,96,-8,8
43682,46,56,-10,10
43683,119,109,10,10
43684,109,91,18,18
43685,142,148,-6,6
43686,95,98,-3,3
43687,93,99,-6,6
43688,79,79,0,0
43689,142,130,12,12
43690,83,81,2,2
43691,93,88,5,5
43692,149,98,51,51
43693,114,104,10,10
43694,99,86,13,13
43695,125,120,5,5
43696,116,112,4,4
43697,131,132,-1,1
43698,103,105,-2,2
43699,79,63,16,16
43700,171,165,6,6
43701,69,73,-4,4
43702,78,82,-4,4
43703,67,79,-12,12
43704,82,83,-1,1
43705,110,110,0,0
43706,171,164,7,7
43707,46,49,-3,3
43708,60,72,-12,12
43709,179,167,12,12
43710,68,81,-13,13
43711,66,64,2,2
43712,67,67,0,0
43713,87,99,-12,12
43714,61,63,-2,2
43715,61,69,-8,8
43716,122,131,-9,9
43717,96,99,-3,3
43718,106,89,17,17
43719,54,63,-9,9
43720,76,71,5,5
43721,111,116,-5,5
43722,44,43,1,1
43723,163,168,-5,5
43724,71,62,9,9
43725,74,71,3,3
43726,97,98,-1,1
43727,134,132,2,2
43728,82,66,16,16
43729,79,95,-16,16
43730,138,124,14,14
43731,82,107,-25,25
43732,152,148,4,4
43733,111,109,2,2
43734,123,116,7,7
43735,77,63,14,14
43736,146,143,3,3
43737,82,79,3,3
43738,69,73,-4,4
43739,91,100,-9,9
43740,166,153,13,13
43741,53,60,-7,7
43742,71,58,13,13
43743,84,80,4,4
43744,68,69,-1,1
43745,94,109,-15,15
43746,101,141,-40,40
43747,106,103,3,3
43748,93,97,-4,4
43749,69,60,9,9
43750,136,118,18,18
43751,90,87,3,3
43752,87,79,8,8
43753,64,55,9,9
43754,62,100,-38,38
43755,77,78,-1,1
43756,47,72,-25,25
43757,122,125,-3,3
43758,67,71,-4,4
43759,87,94,-7,7
43760,84,66,18,18
43761,68,73,-5,5
43762,60,57,3,3
43763,75,71,4,4
43764,90,79,11,11
43765,69,80,-11,11
43766,77,66,11,11
43767,82,82,0,0
43768,127,119,8,8
43769,58,60,-2,2
43770,151,133,18,18
43771,125,129,-4,4
43772,114,118,-4,4
43773,106,114,-8,8
43774,85,93,-8,8
43775,92,80,12,12
43776,70,58,12,12
43777,124,116,8,8
43778,97,103,-6,6
43779,71,78,-7,7
43780,146,157,-11,11
43781,93,88,5,5
43782,91,84,7,7
43783,63,58,5,5
43784,60,59,1,1
43785,84,97,-13,13
43786,192,184,8,8
43787,93,85,8,8
43788,133,123,10,10
43789,95,94,1,1
43790,65,49,16,16
43791,81,95,-14,14
43792,107,106,1,1
43793,131,128,3,3
43794,130,130,0,0
43795,68,74,-6,6
43796,77,76,1,1
43797,112,119,-7,7
43798,67,73,-6,6
43799,91,100,-9,9
43800,90,87,3,3
43801,125,135,-10,10
43802,69,52,17,17
43803,106,102,4,4
43804,110,98,12,12
43805,65,67,-2,2
43806,87,85,2,2
43807,60,56,4,4
43808,91,82,9,9
43809,153,139,14,14
43810,95,89,6,6
43811,150,134,16,16
43812,61,63,-2,2
43813,169,187,-18,18
43814,76,86,-10,10
43815,93,91,2,2
43816,75,62,13,13
43817,76,90,-14,14
43818,85,103,-18,18
43819,63,67,-4,4
43820,86,84,2,2
43821,111,97,14,14
43822,81,78,3,3
43823,225,124,101,101
43824,49,35,14,14
43825,90,92,-2,2
43826,67,64,3,3
43827,109,121,-12,12
43828,103,94,9,9
43829,73,62,11,11
43830,137,114,23,23
43831,93,98,-5,5
43832,68,62,6,6
43833,82,79,3,3
43834,66,66,0,0
43835,110,90,20,20
43836,170,170,0,0
43837,104,101,3,3
43838,73,73,0,0
43839,137,132,5,5
43840,55,56,-1,1
43841,52,62,-10,10
43842,95,97,-2,2
43843,48,50,-2,2
43844,67,75,-8,8
43845,64,64,0,0
43846,71,69,2,2
43847,77,71,6,6
43848,66,64,2,2
43849,78,72,6,6
43850,71,68,3,3
43851,117,120,-3,3
43852,83,73,10,10
43853,43,52,-9,9
43854,100,101,-1,1
43855,50,41,9,9
43856,140,143,-3,3
43857,86,94,-8,8
43858,63,59,4,4
43859,91,107,-16,16
43860,113,110,3,3
43861,63,64,-1,1
43862,61,62,-1,1
43863,78,96,-18,18
43864,34,51,-17,17
43865,90,98,-8,8
43866,47,42,5,5
43867,64,68,-4,4
43868,58,67,-9,9
43869,116,131,-15,15
43870,117,121,-4,4
43871,84,94,-10,10
43872,105,102,3,3
43873,86,86,0,0
43874,68,68,0,0
43875,131,137,-6,6
43876,77,76,1,1
43877,76,62,14,14
43878,117,111,6,6
43879,97,94,3,3
43880,123,114,9,9
43881,98,97,1,1
43882,71,75,-4,4
43883,127,123,4,4
43884,56,56,0,0
43885,122,108,14,14
43886,49,67,-18,18
43887,60,64,-4,4
43888,115,105,10,10
43889,78,87,-9,9
43890,46,57,-11,11
43891,119,129,-10,10
43892,129,147,-18,18
43893,66,62,4,4
43894,142,132,10,10
43895,79,79,0,0
43896,71,78,-7,7
43897,144,129,15,15
43898,106,120,-14,14
43899,77,79,-2,2
43900,74,77,-3,3
43901,69,76,-7,7
43902,88,80,8,8
43903,59,59,0,0
43904,123,123,0,0
43905,54,49,5,5
43906,43,63,-20,20
43907,155,120,35,35
43908,68,75,-7,7
43909,131,142,-11,11
43910,146,136,10,10
43911,102,72,30,30
43912,80,81,-1,1
43913,57,59,-2,2
43914,81,77,4,4
43915,104,112,-8,8
43916,39,43,-4,4
43917,78,66,12,12
43918,112,57,55,55
43919,44,80,-36,36
43920,79,74,5,5
43921,132,133,-1,1
43922,117,157,-40,40
43923,80,87,-7,7
43924,88,67,21,21
43925,61,59,2,2
43926,57,49,8,8
43927,123,120,3,3
43928,60,62,-2,2
43929,113,104,9,9
43930,64,59,5,5
43931,101,93,8,8
43932,143,144,-1,1
43933,71,79,-8,8
43934,80,76,4,4
43935,70,72,-2,2
43936,45,45,0,0
43937,44,53,-9,9
43938,92,98,-6,6
43939,67,69,-2,2
43940,63,61,2,2
43941,139,135,4,4
43942,127,116,11,11
43943,69,67,2,2
43944,136,126,10,10
43945,109,128,-19,19
43946,120,119,1,1
43947,63,64,-1,1
43948,50,59,-9,9
43949,97,90,7,7
43950,103,92,11,11
43951,89,93,-4,4
43952,85,81,4,4
43953,173,165,8,8
43954,128,135,-7,7
43955,171,182,-11,11
43956,49,49,0,0
43957,99,73,26,26
43958,129,130,-1,1
43959,85,80,5,5
43960,102,92,10,10
43961,124,123,1,1
43962,122,108,14,14
43963,137,130,7,7
43964,89,93,-4,4
43965,51,49,2,2
43966,81,96,-15,15
43967,88,75,13,13
43968,76,79,-3,3
43969,111,113,-2,2
43970,86,98,-12,12
43971,131,117,14,14
43972,23,26,-3,3
43973,109,109,0,0
43974,84,72,12,12
43975,101,97,4,4
43976,139,133,6,6
43977,58,61,-3,3
43978,71,72,-1,1
43979,95,82,13,13
43980,70,58,12,12
43981,65,69,-4,4
43982,95,93,2,2
43983,109,103,6,6
43984,57,63,-6,6
43985,103,101,2,2
43986,184,161,23,23
43987,80,71,9,9
43988,103,106,-3,3
43989,94,129,-35,35
43990,62,65,-3,3
43991,110,93,17,17
43992,109,104,5,5
43993,47,67,-20,20
43994,107,109,-2,2
43995,184,171,13,13
43996,122,128,-6,6
43997,155,167,-12,12
43998,66,70,-4,4
43999,63,55,8,8
44000,104,129,-25,25
44001,100,93,7,7
44002,82,93,-11,11
44003,162,161,1,1
44004,122,130,-8,8
44005,78,137,-59,59
44006,71,59,12,12
44007,131,109,22,22
44008,113,115,-2,2
44009,84,90,-6,6
44010,65,62,3,3
44011,81,81,0,0
44012,93,82,11,11
44013,67,66,1,1
44014,148,135,13,13
44015,72,72,0,0
44016,106,92,14,14
44017,79,85,-6,6
44018,113,112,1,1
44019,66,58,8,8
44020,68,63,5,5
44021,63,50,13,13
44022,81,102,-21,21
44023,117,119,-2,2
44024,70,121,-51,51
44025,78,68,10,10
44026,165,171,-6,6
44027,40,45,-5,5
44028,85,83,2,2
44029,73,130,-57,57
44030,104,94,10,10
44031,129,124,5,5
44032,116,110,6,6
44033,115,107,8,8
44034,82,80,2,2
44035,84,93,-9,9
44036,82,80,2,2
44037,29,60,-31,31
44038,64,77,-13,13
44039,66,57,9,9
44040,114,105,9,9
44041,146,117,29,29
44042,65,69,-4,4
44043,42,55,-13,13
44044,157,151,6,6
44045,89,90,-1,1
44046,116,141,-25,25
44047,54,65,-11,11
44048,77,69,8,8
44049,79,78,1,1
44050,137,133,4,4
44051,67,65,2,2
44052,105,108,-3,3
44053,149,111,38,38
44054,57,58,-1,1
44055,104,107,-3,3
44056,89,96,-7,7
44057,82,88,-6,6
44058,106,116,-10,10
44059,191,183,8,8
44060,87,78,9,9
44061,58,59,-1,1
44062,114,105,9,9
44063,114,117,-3,3
44064,118,110,8,8
44065,159,160,-1,1
44066,58,51,7,7
44067,95,88,7,7
44068,74,82,-8,8
44069,135,120,15,15
44070,134,141,-7,7
44071,87,92,-5,5
44072,130,114,16,16
44073,119,126,-7,7
44074,142,131,11,11
44075,152,158,-6,6
44076,105,102,3,3
44077,63,70,-7,7
44078,92,99,-7,7
44079,75,65,10,10
44080,96,87,9,9
44081,75,69,6,6
44082,56,48,8,8
44083,72,65,7,7
44084,89,107,-18,18
44085,58,57,1,1
44086,76,75,1,1
44087,90,95,-5,5
44088,73,78,-5,5
44089,78,78,0,0
44090,110,130,-20,20
44091,174,142,32,32
44092,104,83,21,21
44093,94,92,2,2
44094,165,152,13,13
44095,107,95,12,12
44096,78,74,4,4
44097,90,84,6,6
44098,124,130,-6,6
44099,129,124,5,5
44100,66,66,0,0
44101,73,80,-7,7
44102,139,140,-1,1
44103,72,77,-5,5
44104,140,140,0,0
44105,93,99,-6,6
44106,135,128,7,7
44107,56,56,0,0
44108,76,74,2,2
44109,102,129,-27,27
44110,102,100,2,2
44111,130,130,0,0
44112,152,171,-19,19
44113,76,60,16,16
44114,178,170,8,8
44115,85,72,13,13
44116,78,66,12,12
44117,97,118,-21,21
44118,113,117,-4,4
44119,81,81,0,0
44120,65,78,-13,13
44121,42,50,-8,8
44122,72,83,-11,11
44123,115,108,7,7
44124,80,83,-3,3
44125,39,39,0,0
44126,85,77,8,8
44127,101,89,12,12
44128,158,160,-2,2
44129,91,94,-3,3
44130,68,62,6,6
44131,112,120,-8,8
44132,161,160,1,1
44133,147,158,-11,11
44134,63,60,3,3
44135,60,73,-13,13
44136,84,85,-1,1
44137,112,116,-4,4
44138,129,122,7,7
44139,136,148,-12,12
44140,130,130,0,0
44141,74,77,-3,3
44142,111,114,-3,3
44143,118,115,3,3
44144,60,55,5,5
44145,59,70,-11,11
44146,90,95,-5,5
44147,72,80,-8,8
44148,118,114,4,4
44149,63,60,3,3
44150,91,91,0,0
44151,106,114,-8,8
44152,89,90,-1,1
44153,111,125,-14,14
44154,131,125,6,6
44155,85,100,-15,15
44156,97,102,-5,5
44157,41,32,9,9
44158,104,98,6,6
44159,137,147,-10,10
44160,110,111,-1,1
44161,50,89,-39,39
44162,143,125,18,18
44163,110,100,10,10
44164,79,79,0,0
44165,79,77,2,2
44166,71,79,-8,8
44167,116,115,1,1
44168,89,90,-1,1
44169,85,99,-14,14
44170,62,62,0,0
44171,105,90,15,15
44172,110,114,-4,4
44173,68,90,-22,22
44174,125,136,-11,11
44175,120,111,9,9
44176,118,115,3,3
44177,63,59,4,4
44178,42,52,-10,10
44179,49,50,-1,1
44180,96,91,5,5
44181,107,119,-12,12
44182,108,105,3,3
44183,94,99,-5,5
44184,89,85,4,4
44185,117,107,10,10
44186,120,122,-2,2
44187,71,73,-2,2
44188,71,78,-7,7
44189,58,55,3,3
44190,90,98,-8,8
44191,118,101,17,17
44192,43,55,-12,12
44193,78,66,12,12
44194,159,153,6,6
44195,99,118,-19,19
44196,92,98,-6,6
44197,148,140,8,8
44198,97,88,9,9
44199,84,90,-6,6
44200,45,45,0,0
44201,63,75,-12,12
44202,117,128,-11,11
44203,122,121,1,1
44204,115,101,14,14
44205,110,97,13,13
44206,114,101,13,13
44207,71,67,4,4
44208,132,136,-4,4
44209,73,66,7,7
44210,137,133,4,4
44211,79,93,-14,14
44212,79,62,17,17
44213,106,99,7,7
44214,99,93,6,6
44215,77,100,-23,23
44216,127,135,-8,8
44217,96,87,9,9
44218,66,67,-1,1
44219,63,58,5,5
44220,95,101,-6,6
44221,97,72,25,25
44222,42,51,-9,9
44223,60,51,9,9
44224,59,68,-9,9
44225,66,63,3,3
44226,140,93,47,47
44227,64,65,-1,1
44228,72,68,4,4
44229,85,84,1,1
44230,119,102,17,17
44231,99,96,3,3
44232,133,124,9,9
44233,75,69,6,6
44234,66,64,2,2
44235,102,93,9,9
44236,63,70,-7,7
44237,133,130,3,3
44238,144,140,4,4
44239,141,125,16,16
44240,97,115,-18,18
44241,90,85,5,5
44242,124,123,1,1
44243,123,127,-4,4
44244,191,167,24,24
44245,62,66,-4,4
44246,58,64,-6,6
44247,98,94,4,4
44248,113,128,-15,15
44249,107,96,11,11
44250,106,101,5,5
44251,95,93,2,2
44252,144,153,-9,9
44253,50,50,0,0
44254,195,175,20,20
44255,122,95,27,27
44256,97,94,3,3
44257,71,60,11,11
44258,153,136,17,17
44259,67,64,3,3
44260,51,47,4,4
44261,65,76,-11,11
44262,78,76,2,2
44263,87,80,7,7
44264,72,79,-7,7
44265,81,78,3,3
44266,149,138,11,11
44267,119,105,14,14
44268,102,92,10,10
44269,93,90,3,3
44270,116,116,0,0
44271,125,123,2,2
44272,138,132,6,6
44273,75,85,-10,10
44274,100,94,6,6
44275,107,102,5,5
44276,91,121,-30,30
44277,135,134,1,1
44278,47,55,-8,8
44279,95,72,23,23
44280,88,95,-7,7
44281,71,55,16,16
44282,110,128,-18,18
44283,108,107,1,1
44284,49,62,-13,13
44285,48,45,3,3
44286,93,99,-6,6
44287,94,103,-9,9
44288,140,139,1,1
44289,68,54,14,14
44290,79,83,-4,4
44291,147,144,3,3
44292,107,91,16,16
44293,77,74,3,3
44294,87,95,-8,8
44295,183,177,6,6
44296,123,118,5,5
44297,143,134,9,9
44298,94,95,-1,1
44299,96,86,10,10
44300,85,95,-10,10
44301,112,108,4,4
44302,82,82,0,0
44303,103,92,11,11
44304,98,101,-3,3
44305,104,118,-14,14
44306,81,73,8,8
44307,57,65,-8,8
44308,113,143,-30,30
44309,80,83,-3,3
44310,117,115,2,2
44311,68,64,4,4
44312,76,78,-2,2
44313,69,79,-10,10
44314,86,93,-7,7
44315,107,91,16,16
44316,63,64,-1,1
44317,127,123,4,4
44318,87,90,-3,3
44319,82,80,2,2
44320,92,81,11,11
44321,78,76,2,2
44322,117,115,2,2
44323,93,86,7,7
44324,116,117,-1,1
44325,51,56,-5,5
44326,80,75,5,5
44327,126,133,-7,7
44328,48,105,-57,57
44329,183,186,-3,3
44330,61,63,-2,2
44331,128,130,-2,2
44332,95,84,11,11
44333,107,89,18,18
44334,87,91,-4,4
44335,136,136,0,0
44336,49,50,-1,1
44337,77,74,3,3
44338,114,107,7,7
44339,139,124,15,15
44340,90,90,0,0
44341,164,171,-7,7
44342,124,136,-12,12
44343,115,118,-3,3
44344,111,115,-4,4
44345,144,142,2,2
44346,72,71,1,1
44347,121,106,15,15
44348,131,130,1,1
44349,99,101,-2,2
44350,55,56,-1,1
44351,125,134,-9,9
44352,43,68,-25,25
44353,75,68,7,7
44354,71,71,0,0
44355,62,60,2,2
44356,86,81,5,5
44357,78,79,-1,1
44358,101,97,4,4
44359,81,79,2,2
44360,144,127,17,17
44361,121,110,11,11
44362,84,80,4,4
44363,91,86,5,5
44364,108,136,-28,28
44365,84,82,2,2
44366,96,88,8,8
44367,130,136,-6,6
44368,53,59,-6,6
44369,111,131,-20,20
44370,65,61,4,4
44371,138,125,13,13
44372,39,61,-22,22
44373,54,61,-7,7
44374,48,50,-2,2
44375,62,57,5,5
44376,110,108,2,2
44377,88,85,3,3
44378,92,79,13,13
44379,124,127,-3,3
44380,86,87,-1,1
44381,89,103,-14,14
44382,96,107,-11,11
44383,50,49,1,1
44384,92,82,10,10
44385,70,75,-5,5
44386,101,97,4,4
44387,143,143,0,0
44388,128,155,-27,27
44389,83,87,-4,4
44390,59,49,10,10
44391,131,137,-6,6
44392,79,71,8,8
44393,66,63,3,3
44394,110,102,8,8
44395,99,84,15,15
44396,100,106,-6,6
44397,92,89,3,3
44398,115,100,15,15
44399,87,78,9,9
44400,105,96,9,9
44401,77,77,0,0
44402,93,97,-4,4
44403,124,131,-7,7
44404,71,74,-3,3
44405,68,73,-5,5
44406,107,110,-3,3
44407,130,130,0,0
44408,32,29,3,3
44409,96,125,-29,29
44410,82,81,1,1
44411,73,71,2,2
44412,57,81,-24,24
44413,60,63,-3,3
44414,61,72,-11,11
44415,127,114,13,13
44416,67,60,7,7
44417,148,142,6,6
44418,111,81,30,30
44419,119,117,2,2
44420,86,82,4,4
44421,88,84,4,4
44422,68,80,-12,12
44423,65,65,0,0
44424,64,70,-6,6
44425,158,127,31,31
44426,144,132,12,12
44427,91,99,-8,8
44428,63,65,-2,2
44429,88,100,-12,12
44430,122,88,34,34
44431,51,64,-13,13
44432,124,132,-8,8
44433,118,106,12,12
44434,49,47,2,2
44435,94,91,3,3
44436,69,63,6,6
44437,168,158,10,10
44438,79,74,5,5
44439,70,78,-8,8
44440,199,182,17,17
44441,43,48,-5,5
44442,85,87,-2,2
44443,51,50,1,1
44444,135,130,5,5
44445,57,74,-17,17
44446,191,201,-10,10
44447,94,100,-6,6
44448,109,123,-14,14
44449,76,74,2,2
44450,175,170,5,5
44451,126,126,0,0
44452,143,133,10,10
44453,101,109,-8,8
44454,50,74,-24,24
44455,84,89,-5,5
44456,94,85,9,9
44457,110,118,-8,8
44458,170,152,18,18
44459,149,145,4,4
44460,94,90,4,4
44461,102,112,-10,10
44462,118,125,-7,7
44463,112,105,7,7
44464,108,117,-9,9
44465,58,72,-14,14
44466,39,92,-53,53
44467,112,108,4,4
44468,107,130,-23,23
44469,61,68,-7,7
44470,99,93,6,6
44471,62,84,-22,22
44472,119,111,8,8
44473,105,92,13,13
44474,93,84,9,9
44475,109,107,2,2
44476,132,137,-5,5
44477,83,123,-40,40
44478,46,50,-4,4
44479,170,157,13,13
44480,217,181,36,36
44481,119,119,0,0
44482,140,154,-14,14
44483,106,109,-3,3
44484,100,96,4,4
44485,61,60,1,1
44486,111,127,-16,16
44487,117,104,13,13
44488,68,79,-11,11
44489,94,92,2,2
44490,74,68,6,6
44491,109,114,-5,5
44492,98,113,-15,15
44493,103,99,4,4
44494,78,87,-9,9
44495,80,78,2,2
44496,83,79,4,4
44497,76,79,-3,3
44498,110,104,6,6
44499,152,141,11,11
44500,81,74,7,7
44501,133,146,-13,13
44502,66,64,2,2
44503,102,106,-4,4
44504,102,112,-10,10
44505,53,48,5,5
44506,139,131,8,8
44507,133,118,15,15
44508,57,61,-4,4
44509,61,57,4,4
44510,116,106,10,10
44511,97,101,-4,4
44512,187,140,47,47
44513,62,58,4,4
44514,102,99,3,3
44515,62,66,-4,4
44516,48,47,1,1
44517,108,119,-11,11
44518,68,61,7,7
44519,112,111,1,1
44520,154,135,19,19
44521,76,72,4,4
44522,110,116,-6,6
44523,89,92,-3,3
44524,128,130,-2,2
44525,61,59,2,2
44526,60,66,-6,6
44527,143,127,16,16
44528,107,110,-3,3
44529,76,63,13,13
44530,79,74,5,5
44531,65,62,3,3
44532,104,105,-1,1
44533,145,134,11,11
44534,86,81,5,5
44535,83,82,1,1
44536,88,115,-27,27
44537,178,167,11,11
44538,116,125,-9,9
44539,105,128,-23,23
44540,72,73,-1,1
44541,77,71,6,6
44542,56,81,-25,25
44543,109,90,19,19
44544,45,47,-2,2
44545,106,100,6,6
44546,42,46,-4,4
44547,118,118,0,0
44548,102,110,-8,8
44549,47,85,-38,38
44550,70,78,-8,8
44551,103,96,7,7
44552,123,149,-26,26
44553,170,155,15,15
44554,124,122,2,2
44555,98,121,-23,23
44556,57,63,-6,6
44557,122,146,-24,24
44558,59,52,7,7
44559,107,91,16,16
44560,73,64,9,9
44561,65,58,7,7
44562,53,47,6,6
44563,152,141,11,11
44564,81,68,13,13
44565,87,73,14,14
44566,77,70,7,7
44567,129,128,1,1
44568,165,161,4,4
44569,111,102,9,9
44570,108,115,-7,7
44571,67,66,1,1
44572,78,74,4,4
44573,105,90,15,15
44574,72,65,7,7
44575,75,75,0,0
44576,85,78,7,7
44577,57,53,4,4
44578,115,139,-24,24
44579,74,69,5,5
44580,170,138,32,32
44581,90,99,-9,9
44582,85,81,4,4
44583,65,58,7,7
44584,45,47,-2,2
44585,160,154,6,6
44586,160,109,51,51
44587,99,113,-14,14
44588,62,79,-17,17
44589,121,117,4,4
44590,129,126,3,3
44591,98,114,-16,16
44592,104,99,5,5
44593,69,72,-3,3
44594,75,61,14,14
44595,95,88,7,7
44596,118,122,-4,4
44597,94,127,-33,33
44598,100,99,1,1
44599,129,139,-10,10
44600,118,112,6,6
44601,57,157,-100,100
44602,68,66,2,2
44603,123,133,-10,10
44604,93,91,2,2
44605,53,97,-44,44
44606,92,89,3,3
44607,78,85,-7,7
44608,175,142,33,33
44609,115,134,-19,19
44610,70,69,1,1
44611,161,138,23,23
44612,61,54,7,7
44613,64,69,-5,5
44614,86,96,-10,10
44615,84,98,-14,14
44616,152,145,7,7
44617,116,105,11,11
44618,53,54,-1,1
44619,57,50,7,7
44620,68,76,-8,8
44621,178,170,8,8
44622,93,87,6,6
44623,120,118,2,2
44624,136,126,10,10
44625,39,42,-3,3
44626,102,91,11,11
44627,167,165,2,2
44628,65,59,6,6
44629,50,59,-9,9
44630,80,80,0,0
44631,126,122,4,4
44632,67,68,-1,1
44633,59,64,-5,5
44634,116,112,4,4
44635,95,94,1,1
44636,57,66,-9,9
44637,75,76,-1,1
44638,99,94,5,5
44639,94,104,-10,10
44640,65,57,8,8
44641,90,81,9,9
44642,126,112,14,14
44643,86,92,-6,6
44644,103,96,7,7
44645,92,103,-11,11
44646,120,116,4,4
44647,86,71,15,15
44648,19,30,-11,11
44649,138,136,2,2
44650,86,87,-1,1
44651,126,129,-3,3
44652,103,104,-1,1
44653,89,82,7,7
44654,71,70,1,1
44655,63,55,8,8
44656,76,74,2,2
44657,154,158,-4,4
44658,64,65,-1,1
44659,73,68,5,5
44660,61,70,-9,9
44661,57,65,-8,8
44662,142,156,-14,14
44663,193,183,10,10
44664,58,76,-18,18
44665,89,101,-12,12
44666,88,89,-1,1
44667,121,109,12,12
44668,110,104,6,6
44669,116,99,17,17
44670,100,95,5,5
44671,62,75,-13,13
44672,100,109,-9,9
44673,146,122,24,24
44674,33,40,-7,7
44675,105,97,8,8
44676,93,90,3,3
44677,48,61,-13,13
44678,74,91,-17,17
44679,55,53,2,2
44680,77,72,5,5
44681,83,87,-4,4
44682,162,160,2,2
44683,59,58,1,1
44684,196,199,-3,3
44685,95,85,10,10
44686,64,57,7,7
44687,107,116,-9,9
44688,163,163,0,0
44689,78,76,2,2
44690,66,77,-11,11
44691,62,81,-19,19
44692,109,99,10,10
44693,77,74,3,3
44694,125,120,5,5
44695,103,97,6,6
44696,81,74,7,7
44697,50,76,-26,26
44698,116,140,-24,24
44699,70,102,-32,32
44700,68,74,-6,6
44701,96,84,12,12
44702,155,142,13,13
44703,128,132,-4,4
44704,75,78,-3,3
44705,116,107,9,9
44706,88,88,0,0
44707,100,80,20,20
44708,73,69,4,4
44709,140,144,-4,4
44710,106,125,-19,19
44711,87,83,4,4
44712,78,89,-11,11
44713,92,82,10,10
44714,109,96,13,13
44715,69,68,1,1
44716,174,174,0,0
44717,60,49,11,11
44718,61,60,1,1
44719,59,61,-2,2
44720,124,120,4,4
44721,85,77,8,8
44722,136,104,32,32
44723,118,126,-8,8
44724,81,81,0,0
44725,80,74,6,6
44726,69,60,9,9
44727,60,63,-3,3
44728,63,55,8,8
44729,46,46,0,0
44730,61,66,-5,5
44731,65,79,-14,14
44732,104,127,-23,23
44733,144,135,9,9
44734,73,89,-16,16
44735,77,82,-5,5
44736,96,95,1,1
44737,71,82,-11,11
44738,74,79,-5,5
44739,60,56,4,4
44740,80,73,7,7
44741,74,87,-13,13
44742,168,154,14,14
44743,145,136,9,9
44744,86,98,-12,12
44745,137,127,10,10
44746,121,116,5,5
44747,91,78,13,13
44748,68,67,1,1
44749,78,65,13,13
44750,84,90,-6,6
44751,150,149,1,1
44752,103,89,14,14
44753,79,83,-4,4
44754,63,74,-11,11
44755,70,63,7,7
44756,229,197,32,32
44757,130,144,-14,14
44758,81,88,-7,7
44759,112,99,13,13
44760,134,124,10,10
44761,82,78,4,4
44762,152,195,-43,43
44763,90,93,-3,3
44764,105,91,14,14
44765,138,135,3,3
44766,95,92,3,3
44767,86,84,2,2
44768,91,70,21,21
44769,58,76,-18,18
44770,130,115,15,15
44771,154,152,2,2
44772,69,64,5,5
44773,158,136,22,22
44774,136,132,4,4
44775,56,64,-8,8
44776,86,90,-4,4
44777,49,58,-9,9
44778,138,133,5,5
44779,100,106,-6,6
44780,146,146,0,0
44781,56,49,7,7
44782,79,83,-4,4
44783,53,52,1,1
44784,59,65,-6,6
44785,64,65,-1,1
44786,108,106,2,2
44787,66,69,-3,3
44788,117,122,-5,5
44789,60,60,0,0
44790,51,67,-16,16
44791,104,90,14,14
44792,92,78,14,14
44793,87,84,3,3
44794,84,86,-2,2
44795,155,129,26,26
44796,100,83,17,17
44797,43,41,2,2
44798,72,57,15,15
44799,124,144,-20,20
44800,116,142,-26,26
44801,159,138,21,21
44802,91,95,-4,4
44803,71,60,11,11
44804,158,145,13,13
44805,71,70,1,1
44806,102,92,10,10
44807,117,110,7,7
44808,94,99,-5,5
44809,79,92,-13,13
44810,51,57,-6,6
44811,63,60,3,3
44812,55,48,7,7
44813,152,130,22,22
44814,78,62,16,16
44815,54,57,-3,3
44816,80,73,7,7
44817,59,50,9,9
44818,84,87,-3,3
44819,110,97,13,13
44820,124,109,15,15
44821,92,97,-5,5
44822,126,135,-9,9
44823,130,126,4,4
44824,89,89,0,0
44825,109,103,6,6
44826,87,82,5,5
44827,75,65,10,10
44828,225,228,-3,3
44829,182,176,6,6
44830,82,86,-4,4
44831,54,58,-4,4
44832,187,151,36,36
44833,128,135,-7,7
44834,87,79,8,8
44835,92,75,17,17
44836,58,70,-12,12
44837,63,56,7,7
44838,100,90,10,10
44839,102,113,-11,11
44840,46,53,-7,7
44841,89,93,-4,4
44842,61,52,9,9
44843,134,140,-6,6
44844,69,67,2,2
44845,118,116,2,2
44846,153,160,-7,7
44847,115,112,3,3
44848,88,83,5,5
44849,91,101,-10,10
44850,51,148,-97,97
44851,68,84,-16,16
44852,155,132,23,23
44853,52,63,-11,11
44854,71,69,2,2
44855,100,110,-10,10
44856,81,73,8,8
44857,168,147,21,21
44858,80,66,14,14
44859,83,78,5,5
44860,90,96,-6,6
44861,99,97,2,2
44862,45,40,5,5
44863,110,102,8,8
44864,118,102,16,16
44865,98,87,11,11
44866,162,169,-7,7
44867,54,52,2,2
44868,80,81,-1,1
44869,91,80,11,11
44870,81,65,16,16
44871,89,83,6,6
44872,58,64,-6,6
44873,194,194,0,0
44874,78,79,-1,1
44875,63,51,12,12
44876,61,61,0,0
44877,98,100,-2,2
44878,95,88,7,7
44879,97,80,17,17
44880,96,117,-21,21
44881,89,79,10,10
44882,154,146,8,8
44883,51,37,14,14
44884,117,101,16,16
44885,42,48,-6,6
44886,92,83,9,9
44887,91,87,4,4
44888,162,161,1,1
44889,75,71,4,4
44890,104,121,-17,17
44891,117,111,6,6
44892,74,74,0,0
44893,52,63,-11,11
44894,77,75,2,2
44895,83,86,-3,3
44896,71,62,9,9
44897,57,70,-13,13
44898,62,63,-1,1
44899,114,110,4,4
44900,58,80,-22,22
44901,120,114,6,6
44902,74,76,-2,2
44903,95,90,5,5
44904,63,63,0,0
44905,84,100,-16,16
44906,57,61,-4,4
44907,70,75,-5,5
44908,71,77,-6,6
44909,71,51,20,20
44910,140,121,19,19
44911,116,118,-2,2
44912,62,66,-4,4
44913,96,110,-14,14
44914,73,71,2,2
44915,79,79,0,0
44916,97,83,14,14
44917,80,64,16,16
44918,76,76,0,0
44919,67,67,0,0
44920,176,166,10,10
44921,71,85,-14,14
44922,89,85,4,4
44923,75,67,8,8
44924,142,129,13,13
44925,96,101,-5,5
44926,70,76,-6,6
44927,134,126,8,8
44928,123,112,11,11
44929,71,74,-3,3
44930,45,52,-7,7
44931,102,103,-1,1
44932,130,124,6,6
44933,134,122,12,12
44934,71,83,-12,12
44935,111,133,-22,22
44936,134,128,6,6
44937,131,108,23,23
44938,136,170,-34,34
44939,116,107,9,9
44940,156,152,4,4
44941,139,124,15,15
44942,102,93,9,9
44943,69,77,-8,8
44944,81,79,2,2
44945,109,115,-6,6
44946,94,84,10,10
44947,77,71,6,6
44948,173,176,-3,3
44949,70,70,0,0
44950,77,83,-6,6
44951,95,97,-2,2
44952,96,96,0,0
44953,90,89,1,1
44954,47,79,-32,32
44955,116,133,-17,17
44956,84,71,13,13
44957,62,64,-2,2
44958,128,139,-11,11
44959,83,83,0,0
44960,90,95,-5,5
44961,86,83,3,3
44962,113,124,-11,11
44963,153,127,26,26
44964,90,93,-3,3
44965,96,102,-6,6
44966,76,98,-22,22
44967,73,77,-4,4
44968,98,94,4,4
44969,23,42,-19,19
44970,57,61,-4,4
44971,65,71,-6,6
44972,107,118,-11,11
44973,140,124,16,16
44974,112,110,2,2
44975,149,157,-8,8
44976,100,74,26,26
44977,100,95,5,5
44978,64,64,0,0
44979,89,95,-6,6
44980,154,151,3,3
44981,53,66,-13,13
44982,45,48,-3,3
44983,61,66,-5,5
44984,108,104,4,4
44985,88,79,9,9
44986,109,107,2,2
44987,143,125,18,18
44988,91,94,-3,3
44989,102,107,-5,5
44990,61,82,-21,21
44991,85,77,8,8
44992,121,124,-3,3
44993,65,65,0,0
44994,56,62,-6,6
44995,103,98,5,5
44996,111,104,7,7
44997,102,95,7,7
44998,99,87,12,12
44999,97,130,-33,33
45000,79,73,6,6
45001,139,131,8,8
45002,107,86,21,21
45003,166,167,-1,1
45004,51,46,5,5
45005,75,62,13,13
45006,113,112,1,1
45007,69,78,-9,9
45008,129,138,-9,9
45009,197,182,15,15
45010,104,103,1,1
45011,99,97,2,2
45012,86,83,3,3
45013,95,88,7,7
45014,138,120,18,18
45015,78,78,0,0
45016,47,95,-48,48
45017,56,57,-1,1
45018,62,62,0,0
45019,64,62,2,2
45020,105,83,22,22
45021,104,96,8,8
45022,140,134,6,6
45023,84,151,-67,67
45024,126,132,-6,6
45025,82,86,-4,4
45026,75,78,-3,3
45027,92,96,-4,4
45028,77,73,4,4
45029,100,90,10,10
45030,140,136,4,4
45031,67,59,8,8
45032,117,126,-9,9
45033,54,58,-4,4
45034,81,78,3,3
45035,130,123,7,7
45036,100,97,3,3
45037,86,82,4,4
45038,57,62,-5,5
45039,115,109,6,6
45040,147,147,0,0
45041,86,100,-14,14
45042,39,52,-13,13
45043,79,70,9,9
45044,89,95,-6,6
45045,70,63,7,7
45046,73,84,-11,11
45047,113,120,-7,7
45048,99,105,-6,6
45049,78,82,-4,4
45050,132,137,-5,5
45051,79,86,-7,7
45052,143,136,7,7
45053,57,58,-1,1
45054,49,72,-23,23
45055,85,71,14,14
45056,49,78,-29,29
45057,96,92,4,4
45058,87,83,4,4
45059,151,118,33,33
45060,147,147,0,0
45061,94,94,0,0
45062,91,89,2,2
45063,56,51,5,5
45064,123,123,0,0
45065,188,169,19,19
45066,55,44,11,11
45067,117,106,11,11
45068,106,101,5,5
45069,109,111,-2,2
45070,61,61,0,0
45071,46,51,-5,5
45072,62,69,-7,7
45073,102,95,7,7
45074,62,57,5,5
45075,85,77,8,8
45076,89,84,5,5
45077,96,95,1,1
45078,132,126,6,6
45079,94,97,-3,3
45080,118,116,2,2
45081,73,73,0,0
45082,69,73,-4,4
45083,57,63,-6,6
45084,86,80,6,6
45085,130,110,20,20
45086,144,137,7,7
45087,67,80,-13,13
45088,64,89,-25,25
45089,85,76,9,9
45090,104,102,2,2
45091,109,101,8,8
45092,110,112,-2,2
45093,129,119,10,10
45094,97,94,3,3
45095,85,82,3,3
45096,104,95,9,9
45097,77,87,-10,10
45098,81,82,-1,1
45099,97,89,8,8
45100,130,153,-23,23
45101,67,69,-2,2
45102,55,53,2,2
45103,92,97,-5,5
45104,83,83,0,0
45105,135,147,-12,12
45106,69,63,6,6
45107,109,108,1,1
45108,98,85,13,13
45109,95,84,11,11
45110,121,146,-25,25
45111,80,75,5,5
45112,79,89,-10,10
45113,123,125,-2,2
45114,117,109,8,8
45115,59,63,-4,4
45116,89,90,-1,1
45117,82,88,-6,6
45118,117,105,12,12
45119,69,74,-5,5
45120,123,101,22,22
45121,57,59,-2,2
45122,87,71,16,16
45123,105,112,-7,7
45124,108,103,5,5
45125,76,62,14,14
45126,74,93,-19,19
45127,84,78,6,6
45128,96,96,0,0
45129,78,80,-2,2
45130,76,82,-6,6
45131,88,97,-9,9
45132,89,89,0,0
45133,90,97,-7,7
45134,60,55,5,5
45135,53,58,-5,5
45136,67,66,1,1
45137,89,85,4,4
45138,149,122,27,27
45139,95,85,10,10
45140,109,106,3,3
45141,169,159,10,10
45142,78,81,-3,3
45143,122,119,3,3
45144,48,68,-20,20
45145,108,114,-6,6
45146,90,94,-4,4
45147,147,101,46,46
45148,69,65,4,4
45149,112,99,13,13
45150,158,161,-3,3
45151,123,142,-19,19
45152,42,54,-12,12
45153,135,121,14,14
45154,148,122,26,26
45155,109,99,10,10
45156,73,60,13,13
45157,88,87,1,1
45158,90,82,8,8
45159,55,57,-2,2
45160,83,97,-14,14
45161,54,44,10,10
45162,85,95,-10,10
45163,75,71,4,4
45164,121,125,-4,4
45165,65,59,6,6
45166,77,70,7,7
45167,102,94,8,8
45168,104,115,-11,11
45169,67,61,6,6
45170,134,119,15,15
45171,107,99,8,8
45172,87,94,-7,7
45173,168,161,7,7
45174,145,123,22,22
45175,127,130,-3,3
45176,168,158,10,10
45177,113,103,10,10
45178,64,64,0,0
45179,64,65,-1,1
45180,83,81,2,2
45181,83,83,0,0
45182,125,130,-5,5
45183,61,46,15,15
45184,40,42,-2,2
45185,57,52,5,5
45186,153,152,1,1
45187,101,107,-6,6
45188,83,85,-2,2
45189,89,92,-3,3
45190,111,105,6,6
45191,77,72,5,5
45192,127,120,7,7
45193,128,124,4,4
45194,146,133,13,13
45195,49,54,-5,5
45196,49,74,-25,25
45197,57,69,-12,12
45198,89,83,6,6
45199,88,99,-11,11
45200,153,144,9,9
45201,71,75,-4,4
45202,135,147,-12,12
45203,109,95,14,14
45204,73,82,-9,9
45205,185,196,-11,11
45206,69,59,10,10
45207,109,126,-17,17
45208,74,68,6,6
45209,181,126,55,55
45210,96,97,-1,1
45211,93,104,-11,11
45212,60,59,1,1
45213,104,119,-15,15
45214,67,59,8,8
45215,89,94,-5,5
45216,128,121,7,7
45217,100,91,9,9
45218,96,95,1,1
45219,90,79,11,11
45220,68,67,1,1
45221,126,121,5,5
45222,54,55,-1,1
45223,106,113,-7,7
45224,63,67,-4,4
45225,113,89,24,24
45226,45,50,-5,5
45227,98,84,14,14
45228,156,149,7,7
45229,52,58,-6,6
45230,134,123,11,11
45231,74,79,-5,5
45232,102,101,1,1
45233,100,91,9,9
45234,62,64,-2,2
45235,82,82,0,0
45236,105,96,9,9
45237,69,65,4,4
45238,124,131,-7,7
45239,118,118,0,0
45240,82,88,-6,6
45241,63,72,-9,9
45242,70,71,-1,1
45243,68,64,4,4
45244,121,111,10,10
45245,73,48,25,25
45246,51,57,-6,6
45247,81,76,5,5
45248,146,146,0,0
45249,88,93,-5,5
45250,101,98,3,3
45251,126,134,-8,8
45252,119,114,5,5
45253,113,128,-15,15
45254,172,155,17,17
45255,81,76,5,5
45256,90,88,2,2
45257,110,99,11,11
45258,134,136,-2,2
45259,37,46,-9,9
45260,62,67,-5,5
45261,65,61,4,4
45262,52,55,-3,3
45263,76,81,-5,5
45264,116,112,4,4
45265,98,117,-19,19
45266,61,58,3,3
45267,84,92,-8,8
45268,153,144,9,9
45269,72,69,3,3
45270,77,80,-3,3
45271,86,90,-4,4
45272,99,113,-14,14
45273,124,118,6,6
45274,66,96,-30,30
45275,76,70,6,6
45276,67,55,12,12
45277,133,114,19,19
45278,91,93,-2,2
45279,71,75,-4,4
45280,207,202,5,5
45281,65,56,9,9
45282,97,99,-2,2
45283,131,126,5,5
45284,120,107,13,13
45285,59,62,-3,3
45286,124,125,-1,1
45287,74,64,10,10
45288,101,106,-5,5
45289,85,84,1,1
45290,85,76,9,9
45291,137,119,18,18
45292,76,71,5,5
45293,136,139,-3,3
45294,139,147,-8,8
45295,49,49,0,0
45296,136,127,9,9
45297,75,59,16,16
45298,109,113,-4,4
45299,53,54,-1,1
45300,110,117,-7,7
45301,59,56,3,3
45302,119,123,-4,4
45303,86,82,4,4
45304,139,140,-1,1
45305,132,143,-11,11
45306,191,177,14,14
45307,87,74,13,13
45308,90,83,7,7
45309,122,122,0,0
45310,73,64,9,9
45311,122,115,7,7
45312,93,90,3,3
45313,46,49,-3,3
45314,84,96,-12,12
45315,103,89,14,14
45316,39,35,4,4
45317,96,105,-9,9
45318,72,66,6,6
45319,146,137,9,9
45320,80,94,-14,14
45321,68,90,-22,22
45322,49,50,-1,1
45323,110,104,6,6
45324,117,118,-1,1
45325,121,107,14,14
45326,55,65,-10,10
45327,149,152,-3,3
45328,78,76,2,2
45329,60,66,-6,6
45330,161,161,0,0
45331,95,110,-15,15
45332,75,68,7,7
45333,92,88,4,4
45334,112,130,-18,18
45335,67,69,-2,2
45336,91,87,4,4
45337,109,81,28,28
45338,177,163,14,14
45339,105,121,-16,16
45340,82,79,3,3
45341,89,78,11,11
45342,109,108,1,1
45343,67,67,0,0
45344,117,108,9,9
45345,96,95,1,1
45346,49,59,-10,10
45347,110,94,16,16
45348,57,46,11,11
45349,118,104,14,14
45350,120,115,5,5
45351,77,77,0,0
45352,107,94,13,13
45353,60,76,-16,16
45354,70,55,15,15
45355,115,123,-8,8
45356,70,76,-6,6
45357,70,63,7,7
45358,96,87,9,9
45359,72,78,-6,6
45360,72,61,11,11
45361,67,71,-4,4
45362,170,151,19,19
45363,57,67,-10,10
45364,67,56,11,11
45365,85,81,4,4
45366,95,106,-11,11
45367,119,129,-10,10
45368,84,65,19,19
45369,65,88,-23,23
45370,225,239,-14,14
45371,97,95,2,2
45372,81,80,1,1
45373,104,104,0,0
45374,23,56,-33,33
45375,75,70,5,5
45376,115,108,7,7
45377,111,99,12,12
45378,60,63,-3,3
45379,72,71,1,1
45380,100,105,-5,5
45381,85,74,11,11
45382,60,62,-2,2
45383,55,68,-13,13
45384,120,125,-5,5
45385,121,135,-14,14
45386,79,80,-1,1
45387,89,89,0,0
45388,127,116,11,11
45389,86,83,3,3
45390,58,62,-4,4
45391,99,82,17,17
45392,126,136,-10,10
45393,53,46,7,7
45394,55,69,-14,14
45395,107,107,0,0
45396,67,64,3,3
45397,83,84,-1,1
45398,81,84,-3,3
45399,92,90,2,2
45400,109,101,8,8
45401,148,137,11,11
45402,115,127,-12,12
45403,124,115,9,9
45404,103,102,1,1
45405,122,139,-17,17
45406,104,104,0,0
45407,58,40,18,18
45408,68,64,4,4
45409,83,90,-7,7
45410,51,80,-29,29
45411,84,87,-3,3
45412,129,145,-16,16
45413,64,68,-4,4
45414,150,144,6,6
45415,48,52,-4,4
45416,67,52,15,15
45417,72,79,-7,7
45418,101,88,13,13
45419,68,62,6,6
45420,135,116,19,19
45421,98,99,-1,1
45422,73,68,5,5
45423,93,100,-7,7
45424,161,156,5,5
45425,58,55,3,3
45426,125,117,8,8
45427,91,92,-1,1
45428,82,79,3,3
45429,82,80,2,2
45430,89,115,-26,26
45431,45,35,10,10
45432,56,81,-25,25
45433,152,162,-10,10
45434,110,90,20,20
45435,81,66,15,15
45436,43,48,-5,5
45437,154,168,-14,14
45438,82,70,12,12
45439,104,111,-7,7
45440,78,89,-11,11
45441,130,120,10,10
45442,66,74,-8,8
45443,86,79,7,7
45444,98,107,-9,9
45445,106,120,-14,14
45446,78,79,-1,1
45447,89,86,3,3
45448,84,79,5,5
45449,111,101,10,10
45450,73,68,5,5
45451,115,134,-19,19
45452,174,148,26,26
45453,87,71,16,16
45454,102,95,7,7
45455,77,82,-5,5
45456,37,49,-12,12
45457,131,138,-7,7
45458,104,101,3,3
45459,109,148,-39,39
45460,89,85,4,4
45461,108,109,-1,1
45462,158,138,20,20
45463,69,70,-1,1
45464,89,82,7,7
45465,42,67,-25,25
45466,97,79,18,18
45467,70,78,-8,8
45468,116,120,-4,4
45469,138,152,-14,14
45470,110,117,-7,7
45471,105,95,10,10
45472,51,58,-7,7
45473,94,95,-1,1
45474,75,66,9,9
45475,129,146,-17,17
45476,88,82,6,6
45477,100,90,10,10
45478,79,79,0,0
45479,176,178,-2,2
45480,86,85,1,1
45481,88,96,-8,8
45482,105,114,-9,9
45483,140,124,16,16
45484,72,56,16,16
45485,111,71,40,40
45486,105,95,10,10
45487,191,181,10,10
45488,120,131,-11,11
45489,99,102,-3,3
45490,45,47,-2,2
45491,94,100,-6,6
45492,80,77,3,3
45493,85,87,-2,2
45494,74,71,3,3
45495,78,71,7,7
45496,131,125,6,6
45497,95,91,4,4
45498,59,57,2,2
45499,72,67,5,5
45500,108,115,-7,7
45501,71,73,-2,2
45502,74,67,7,7
45503,134,151,-17,17
45504,101,98,3,3
45505,68,67,1,1
45506,127,123,4,4
45507,195,172,23,23
45508,73,78,-5,5
45509,77,80,-3,3
45510,79,60,19,19
45511,59,50,9,9
45512,115,111,4,4
45513,79,71,8,8
45514,91,93,-2,2
45515,82,77,5,5
45516,72,71,1,1
45517,63,71,-8,8
45518,89,95,-6,6
45519,69,75,-6,6
45520,62,106,-44,44
45521,45,54,-9,9
45522,87,91,-4,4
45523,75,90,-15,15
45524,105,106,-1,1
45525,93,101,-8,8
45526,104,99,5,5
45527,86,91,-5,5
45528,159,157,2,2
45529,93,89,4,4
45530,112,111,1,1
45531,120,134,-14,14
45532,62,69,-7,7
45533,108,99,9,9
45534,124,129,-5,5
45535,167,145,22,22
45536,163,136,27,27
45537,113,120,-7,7
45538,98,93,5,5
45539,64,68,-4,4
45540,120,116,4,4
45541,52,53,-1,1
45542,42,48,-6,6
45543,131,126,5,5
45544,95,86,9,9
45545,85,83,2,2
45546,71,67,4,4
45547,116,107,9,9
45548,91,86,5,5
45549,94,86,8,8
45550,52,56,-4,4
45551,84,101,-17,17
45552,61,59,2,2
45553,101,107,-6,6
45554,97,94,3,3
45555,96,100,-4,4
45556,141,140,1,1
45557,124,118,6,6
45558,72,68,4,4
45559,79,137,-58,58
45560,155,158,-3,3
45561,112,129,-17,17
45562,63,62,1,1
45563,73,84,-11,11
45564,67,71,-4,4
45565,61,69,-8,8
45566,114,103,11,11
45567,33,44,-11,11
45568,64,63,1,1
45569,79,78,1,1
45570,149,161,-12,12
45571,97,89,8,8
45572,84,82,2,2
45573,134,121,13,13
45574,85,90,-5,5
45575,123,113,10,10
45576,97,87,10,10
45577,69,59,10,10
45578,116,107,9,9
45579,92,89,3,3
45580,125,126,-1,1
45581,103,94,9,9
45582,99,89,10,10
45583,154,158,-4,4
45584,102,95,7,7
45585,53,50,3,3
45586,104,113,-9,9
45587,218,205,13,13
45588,57,59,-2,2
45589,154,159,-5,5
45590,141,150,-9,9
45591,113,126,-13,13
45592,69,74,-5,5
45593,87,99,-12,12
45594,126,123,3,3
45595,99,109,-10,10
45596,85,83,2,2
45597,78,88,-10,10
45598,85,72,13,13
45599,77,70,7,7
45600,97,85,12,12
45601,67,76,-9,9
45602,114,112,2,2
45603,130,127,3,3
45604,127,125,2,2
45605,66,58,8,8
45606,74,71,3,3
45607,117,109,8,8
45608,57,60,-3,3
45609,169,164,5,5
45610,79,78,1,1
45611,122,142,-20,20
45612,117,127,-10,10
45613,82,89,-7,7
45614,119,117,2,2
45615,105,106,-1,1
45616,121,106,15,15
45617,107,120,-13,13
45618,63,65,-2,2
45619,76,71,5,5
45620,141,86,55,55
45621,76,72,4,4
45622,189,35,154,154
45623,78,70,8,8
45624,105,120,-15,15
45625,69,67,2,2
45626,95,112,-17,17
45627,55,61,-6,6
45628,85,71,14,14
45629,62,55,7,7
45630,72,74,-2,2
45631,91,68,23,23
45632,78,90,-12,12
45633,69,61,8,8
45634,58,57,1,1
45635,104,99,5,5
45636,90,91,-1,1
45637,45,56,-11,11
45638,109,89,20,20
45639,174,170,4,4
45640,102,108,-6,6
45641,72,84,-12,12
45642,93,101,-8,8
45643,88,123,-35,35
45644,147,146,1,1
45645,116,116,0,0
45646,71,96,-25,25
45647,59,65,-6,6
45648,110,90,20,20
45649,112,100,12,12
45650,67,108,-41,41
45651,63,64,-1,1
45652,99,79,20,20
45653,71,72,-1,1
45654,61,65,-4,4
45655,145,174,-29,29
45656,59,68,-9,9
45657,91,94,-3,3
45658,97,96,1,1
45659,67,73,-6,6
45660,75,69,6,6
45661,107,95,12,12
45662,47,71,-24,24
45663,111,111,0,0
45664,122,114,8,8
45665,145,140,5,5
45666,133,118,15,15
45667,90,81,9,9
45668,153,148,5,5
45669,83,65,18,18
45670,44,54,-10,10
45671,64,69,-5,5
45672,74,75,-1,1
45673,98,108,-10,10
45674,117,111,6,6
45675,83,89,-6,6
45676,52,63,-11,11
45677,74,70,4,4
45678,128,121,7,7
45679,75,72,3,3
45680,71,66,5,5
45681,72,63,9,9
45682,80,78,2,2
45683,98,88,10,10
45684,138,138,0,0
45685,161,162,-1,1
45686,152,159,-7,7
45687,117,104,13,13
45688,96,102,-6,6
45689,76,72,4,4
45690,150,146,4,4
45691,71,70,1,1
45692,127,135,-8,8
45693,93,100,-7,7
45694,116,118,-2,2
45695,128,122,6,6
45696,47,45,2,2
45697,53,54,-1,1
45698,173,149,24,24
45699,84,110,-26,26
45700,74,66,8,8
45701,40,44,-4,4
45702,125,104,21,21
45703,100,110,-10,10
45704,62,64,-2,2
45705,120,116,4,4
45706,163,143,20,20
45707,111,103,8,8
45708,62,75,-13,13
45709,104,108,-4,4
45710,96,88,8,8
45711,71,73,-2,2
45712,94,91,3,3
45713,109,107,2,2
45714,46,47,-1,1
45715,94,98,-4,4
45716,52,48,4,4
45717,88,87,1,1
45718,68,81,-13,13
45719,193,181,12,12
45720,137,110,27,27
45721,109,110,-1,1
45722,97,101,-4,4
45723,114,107,7,7
45724,90,88,2,2
45725,57,60,-3,3
45726,119,115,4,4
45727,157,157,0,0
45728,86,77,9,9
45729,108,107,1,1
45730,82,81,1,1
45731,111,109,2,2
45732,110,108,2,2
45733,108,118,-10,10
45734,92,76,16,16
45735,38,58,-20,20
45736,92,93,-1,1
45737,92,87,5,5
45738,68,62,6,6
45739,74,72,2,2
45740,83,86,-3,3
45741,106,92,14,14
45742,86,76,10,10
45743,78,71,7,7
45744,155,160,-5,5
45745,116,114,2,2
45746,129,109,20,20
45747,99,96,3,3
45748,114,95,19,19
45749,103,103,0,0
45750,82,78,4,4
45751,50,46,4,4
45752,86,79,7,7
45753,82,82,0,0
45754,82,94,-12,12
45755,50,33,17,17
45756,88,75,13,13
45757,86,76,10,10
45758,103,110,-7,7
45759,60,46,14,14
45760,68,66,2,2
45761,86,78,8,8
45762,85,77,8,8
45763,80,73,7,7
45764,58,62,-4,4
45765,63,82,-19,19
45766,117,105,12,12
45767,97,115,-18,18
45768,59,72,-13,13
45769,66,69,-3,3
45770,121,113,8,8
45771,77,80,-3,3
45772,47,45,2,2
45773,61,72,-11,11
45774,128,122,6,6
45775,225,218,7,7
45776,145,142,3,3
45777,125,128,-3,3
45778,40,48,-8,8
45779,94,82,12,12
45780,103,98,5,5
45781,137,122,15,15
45782,151,145,6,6
45783,98,104,-6,6
45784,115,96,19,19
45785,77,71,6,6
45786,75,95,-20,20
45787,75,55,20,20
45788,117,101,16,16
45789,133,144,-11,11
45790,89,91,-2,2
45791,92,85,7,7
45792,66,63,3,3
45793,26,58,-32,32
45794,135,126,9,9
45795,82,92,-10,10
45796,44,47,-3,3
45797,79,136,-57,57
45798,135,146,-11,11
45799,122,129,-7,7
45800,177,168,9,9
45801,93,85,8,8
45802,54,42,12,12
45803,104,117,-13,13
45804,69,62,7,7
45805,64,66,-2,2
45806,113,126,-13,13
45807,69,57,12,12
45808,127,131,-4,4
45809,115,107,8,8
45810,75,67,8,8
45811,81,77,4,4
45812,35,39,-4,4
45813,120,129,-9,9
45814,86,85,1,1
45815,111,96,15,15
45816,149,138,11,11
45817,86,87,-1,1
45818,122,123,-1,1
45819,80,84,-4,4
45820,91,88,3,3
45821,106,104,2,2
45822,30,101,-71,71
45823,84,81,3,3
45824,159,129,30,30
45825,76,83,-7,7
45826,73,72,1,1
45827,78,81,-3,3
45828,271,270,1,1
45829,138,129,9,9
45830,72,72,0,0
45831,77,49,28,28
45832,94,98,-4,4
45833,101,98,3,3
45834,72,73,-1,1
45835,101,105,-4,4
45836,120,112,8,8
45837,159,173,-14,14
45838,78,88,-10,10
45839,78,76,2,2
45840,106,104,2,2
45841,87,92,-5,5
45842,62,59,3,3
45843,106,114,-8,8
45844,127,163,-36,36
45845,101,108,-7,7
45846,56,71,-15,15
45847,41,44,-3,3
45848,83,79,4,4
45849,128,121,7,7
45850,86,71,15,15
45851,82,84,-2,2
45852,104,110,-6,6
45853,116,139,-23,23
45854,115,92,23,23
45855,81,80,1,1
45856,82,92,-10,10
45857,88,71,17,17
45858,115,123,-8,8
45859,170,160,10,10
45860,110,105,5,5
45861,228,193,35,35
45862,161,146,15,15
45863,72,69,3,3
45864,171,147,24,24
45865,117,112,5,5
45866,116,124,-8,8
45867,60,52,8,8
45868,113,114,-1,1
45869,121,114,7,7
45870,41,49,-8,8
45871,98,85,13,13
45872,83,79,4,4
45873,56,63,-7,7
45874,107,101,6,6
45875,90,84,6,6
45876,91,90,1,1
45877,68,76,-8,8
45878,131,111,20,20
45879,95,85,10,10
45880,93,88,5,5
45881,99,101,-2,2
45882,195,149,46,46
45883,124,109,15,15
45884,124,118,6,6
45885,44,84,-40,40
45886,63,60,3,3
45887,175,164,11,11
45888,127,113,14,14
45889,113,122,-9,9
45890,118,94,24,24
45891,99,113,-14,14
45892,89,82,7,7
45893,64,73,-9,9
45894,73,73,0,0
45895,104,99,5,5
45896,50,51,-1,1
45897,94,81,13,13
45898,115,117,-2,2
45899,91,87,4,4
45900,80,67,13,13
45901,81,92,-11,11
45902,80,82,-2,2
45903,100,88,12,12
45904,123,131,-8,8
45905,89,77,12,12
45906,71,76,-5,5
45907,162,142,20,20
45908,152,121,31,31
45909,69,63,6,6
45910,81,87,-6,6
45911,71,73,-2,2
45912,90,89,1,1
45913,104,94,10,10
45914,106,91,15,15
45915,66,68,-2,2
45916,66,61,5,5
45917,79,92,-13,13
45918,45,48,-3,3
45919,89,79,10,10
45920,105,96,9,9
45921,59,57,2,2
45922,103,103,0,0
45923,116,115,1,1
45924,93,89,4,4
45925,116,128,-12,12
45926,133,122,11,11
45927,86,85,1,1
45928,86,76,10,10
45929,65,78,-13,13
45930,139,144,-5,5
45931,117,115,2,2
45932,67,64,3,3
45933,119,112,7,7
45934,81,98,-17,17
45935,127,117,10,10
45936,142,142,0,0
45937,87,81,6,6
45938,70,68,2,2
45939,79,81,-2,2
45940,119,98,21,21
45941,73,69,4,4
45942,72,60,12,12
45943,87,90,-3,3
45944,108,106,2,2
45945,120,130,-10,10
45946,82,73,9,9
45947,97,94,3,3
45948,73,79,-6,6
45949,69,58,11,11
45950,96,98,-2,2
45951,44,58,-14,14
45952,104,101,3,3
45953,68,76,-8,8
45954,108,88,20,20
45955,81,78,3,3
45956,124,116,8,8
45957,91,85,6,6
45958,116,137,-21,21
45959,41,37,4,4
45960,93,90,3,3
45961,100,90,10,10
45962,70,76,-6,6
45963,82,81,1,1
45964,124,113,11,11
45965,168,154,14,14
45966,81,80,1,1
45967,124,135,-11,11
45968,74,74,0,0
45969,191,183,8,8
45970,99,112,-13,13
45971,72,72,0,0
45972,92,97,-5,5
45973,122,129,-7,7
45974,104,104,0,0
45975,93,91,2,2
45976,50,61,-11,11
45977,79,80,-1,1
45978,86,79,7,7
45979,147,144,3,3
45980,129,142,-13,13
45981,135,141,-6,6
45982,124,108,16,16
45983,91,89,2,2
45984,80,91,-11,11
45985,150,137,13,13
45986,113,115,-2,2
45987,74,64,10,10
45988,165,143,22,22
45989,105,89,16,16
45990,49,60,-11,11
45991,96,103,-7,7
45992,115,109,6,6
45993,132,139,-7,7
45994,111,104,7,7
45995,44,67,-23,23
45996,98,82,16,16
45997,52,48,4,4
45998,78,81,-3,3
45999,71,75,-4,4
46000,30,35,-5,5
46001,116,127,-11,11
46002,128,150,-22,22
46003,75,85,-10,10
46004,47,52,-5,5
46005,89,88,1,1
46006,88,79,9,9
46007,102,100,2,2
46008,48,72,-24,24
46009,59,61,-2,2
46010,131,127,4,4
46011,71,70,1,1
46012,81,96,-15,15
46013,110,115,-5,5
46014,154,150,4,4
46015,120,117,3,3
46016,155,119,36,36
46017,109,104,5,5
46018,71,87,-16,16
46019,81,68,13,13
46020,58,62,-4,4
46021,69,92,-23,23
46022,134,119,15,15
46023,99,97,2,2
46024,71,69,2,2
46025,99,99,0,0
46026,76,69,7,7
46027,98,87,11,11
46028,68,65,3,3
46029,105,93,12,12
46030,109,101,8,8
46031,143,120,23,23
46032,112,97,15,15
46033,82,111,-29,29
46034,59,58,1,1
46035,170,159,11,11
46036,84,90,-6,6
46037,84,95,-11,11
46038,97,101,-4,4
46039,241,236,5,5
46040,216,198,18,18
46041,121,109,12,12
46042,72,67,5,5
46043,61,53,8,8
46044,76,78,-2,2
46045,140,144,-4,4
46046,101,90,11,11
46047,92,77,15,15
46048,65,58,7,7
46049,62,61,1,1
46050,62,59,3,3
46051,172,153,19,19
46052,82,80,2,2
46053,118,114,4,4
46054,99,97,2,2
46055,121,133,-12,12
46056,108,108,0,0
46057,96,79,17,17
46058,145,88,57,57
46059,111,132,-21,21
46060,46,52,-6,6
46061,74,59,15,15
46062,96,92,4,4
46063,60,58,2,2
46064,110,143,-33,33
46065,78,86,-8,8
46066,114,100,14,14
46067,154,167,-13,13
46068,165,151,14,14
46069,42,59,-17,17
46070,91,89,2,2
46071,100,109,-9,9
46072,110,85,25,25
46073,67,75,-8,8
46074,68,68,0,0
46075,137,114,23,23
46076,87,95,-8,8
46077,93,79,14,14
46078,86,89,-3,3
46079,200,199,1,1
46080,119,121,-2,2
46081,176,176,0,0
46082,75,77,-2,2
46083,125,152,-27,27
46084,74,80,-6,6
46085,102,95,7,7
46086,53,50,3,3
46087,107,94,13,13
46088,95,90,5,5
46089,120,127,-7,7
46090,88,85,3,3
46091,66,80,-14,14
46092,94,86,8,8
46093,137,142,-5,5
46094,67,80,-13,13
46095,83,80,3,3
46096,56,52,4,4
46097,139,131,8,8
46098,100,95,5,5
46099,78,94,-16,16
46100,103,91,12,12
46101,59,66,-7,7
46102,47,47,0,0
46103,65,54,11,11
46104,112,97,15,15
46105,132,122,10,10
46106,82,88,-6,6
46107,118,113,5,5
46108,109,92,17,17
46109,91,90,1,1
46110,67,72,-5,5
46111,83,80,3,3
46112,79,79,0,0
46113,26,30,-4,4
46114,44,56,-12,12
46115,71,79,-8,8
46116,86,79,7,7
46117,77,79,-2,2
46118,53,79,-26,26
46119,98,87,11,11
46120,144,139,5,5
46121,89,72,17,17
46122,67,73,-6,6
46123,147,145,2,2
46124,127,122,5,5
46125,85,81,4,4
46126,66,66,0,0
46127,89,87,2,2
46128,89,95,-6,6
46129,75,68,7,7
46130,72,70,2,2
46131,101,100,1,1
46132,126,91,35,35
46133,62,51,11,11
46134,83,76,7,7
46135,151,150,1,1
46136,102,141,-39,39
46137,215,199,16,16
46138,149,144,5,5
46139,133,126,7,7
46140,90,77,13,13
46141,100,80,20,20
46142,57,49,8,8
46143,61,63,-2,2
46144,41,59,-18,18
46145,137,123,14,14
46146,164,158,6,6
46147,242,219,23,23
46148,99,96,3,3
46149,51,56,-5,5
46150,68,62,6,6
46151,78,63,15,15
46152,120,114,6,6
46153,87,81,6,6
46154,105,96,9,9
46155,112,94,18,18
46156,87,88,-1,1
46157,88,90,-2,2
46158,71,68,3,3
46159,125,134,-9,9
46160,73,72,1,1
46161,108,109,-1,1
46162,76,80,-4,4
46163,45,39,6,6
46164,100,101,-1,1
46165,76,75,1,1
46166,158,133,25,25
46167,92,99,-7,7
46168,77,76,1,1
46169,44,49,-5,5
46170,115,114,1,1
46171,85,101,-16,16
46172,109,103,6,6
46173,89,86,3,3
46174,39,51,-12,12
46175,66,65,1,1
46176,62,63,-1,1
46177,89,87,2,2
46178,130,120,10,10
46179,92,97,-5,5
46180,138,129,9,9
46181,118,108,10,10
46182,219,255,-36,36
46183,104,97,7,7
46184,94,105,-11,11
46185,100,86,14,14
46186,54,53,1,1
46187,153,123,30,30
46188,84,78,6,6
46189,91,104,-13,13
46190,46,57,-11,11
46191,53,66,-13,13
46192,77,71,6,6
46193,80,69,11,11
46194,138,123,15,15
46195,80,76,4,4
46196,138,116,22,22
46197,141,142,-1,1
46198,91,88,3,3
46199,176,135,41,41
46200,117,134,-17,17
46201,69,76,-7,7
46202,108,123,-15,15
46203,101,89,12,12
46204,135,132,3,3
46205,115,116,-1,1
46206,102,105,-3,3
46207,56,70,-14,14
46208,96,98,-2,2
46209,69,70,-1,1
46210,106,110,-4,4
46211,151,154,-3,3
46212,110,105,5,5
46213,112,121,-9,9
46214,134,117,17,17
46215,65,64,1,1
46216,66,63,3,3
46217,97,85,12,12
46218,109,112,-3,3
46219,141,142,-1,1
46220,78,101,-23,23
46221,94,123,-29,29
46222,64,66,-2,2
46223,47,54,-7,7
46224,79,76,3,3
46225,104,115,-11,11
46226,39,61,-22,22
46227,62,73,-11,11
46228,123,120,3,3
46229,144,128,16,16
46230,108,117,-9,9
46231,183,164,19,19
46232,85,85,0,0
46233,49,62,-13,13
46234,40,45,-5,5
46235,27,44,-17,17
46236,107,119,-12,12
46237,135,133,2,2
46238,129,125,4,4
46239,77,71,6,6
46240,61,61,0,0
46241,58,71,-13,13
46242,144,136,8,8
46243,53,52,1,1
46244,95,97,-2,2
46245,82,70,12,12
46246,73,72,1,1
46247,174,174,0,0
46248,101,94,7,7
46249,100,121,-21,21
46250,81,74,7,7
46251,94,93,1,1
46252,76,73,3,3
46253,70,69,1,1
46254,100,104,-4,4
46255,79,86,-7,7
46256,83,76,7,7
46257,90,89,1,1
46258,136,137,-1,1
46259,61,56,5,5
46260,106,107,-1,1
46261,90,96,-6,6
46262,32,42,-10,10
46263,100,109,-9,9
46264,74,68,6,6
46265,62,67,-5,5
46266,101,88,13,13
46267,104,95,9,9
46268,94,87,7,7
46269,95,97,-2,2
46270,134,133,1,1
46271,134,135,-1,1
46272,77,59,18,18
46273,80,98,-18,18
46274,90,82,8,8
46275,128,117,11,11
46276,108,102,6,6
46277,64,66,-2,2
46278,44,49,-5,5
46279,115,109,6,6
46280,49,51,-2,2
46281,64,78,-14,14
46282,64,63,1,1
46283,128,125,3,3
46284,69,73,-4,4
46285,73,65,8,8
46286,38,37,1,1
46287,71,74,-3,3
46288,94,92,2,2
46289,89,94,-5,5
46290,63,61,2,2
46291,116,109,7,7
46292,83,85,-2,2
46293,38,53,-15,15
46294,57,59,-2,2
46295,84,83,1,1
46296,552,375,177,177
46297,75,68,7,7
46298,70,80,-10,10
46299,90,100,-10,10
46300,181,197,-16,16
46301,109,111,-2,2
46302,99,112,-13,13
46303,99,103,-4,4
46304,73,70,3,3
46305,71,71,0,0
46306,125,136,-11,11
46307,142,135,7,7
46308,125,127,-2,2
46309,99,97,2,2
46310,127,114,13,13
46311,134,116,18,18
46312,87,86,1,1
46313,99,106,-7,7
46314,116,115,1,1
46315,57,60,-3,3
46316,160,140,20,20
46317,104,98,6,6
46318,106,105,1,1
46319,82,80,2,2
46320,149,144,5,5
46321,122,127,-5,5
46322,46,42,4,4
46323,44,54,-10,10
46324,47,61,-14,14
46325,46,68,-22,22
46326,103,103,0,0
46327,118,110,8,8
46328,62,63,-1,1
46329,61,67,-6,6
46330,90,87,3,3
46331,87,76,11,11
46332,163,140,23,23
46333,108,104,4,4
46334,68,71,-3,3
46335,128,126,2,2
46336,132,168,-36,36
46337,48,53,-5,5
46338,66,64,2,2
46339,62,70,-8,8
46340,77,81,-4,4
46341,47,52,-5,5
46342,124,110,14,14
46343,95,113,-18,18
46344,65,55,10,10
46345,70,68,2,2
46346,133,126,7,7
46347,98,101,-3,3
46348,138,136,2,2
46349,93,95,-2,2
46350,136,134,2,2
46351,119,118,1,1
46352,102,110,-8,8
46353,106,131,-25,25
46354,75,76,-1,1
46355,58,56,2,2
46356,130,106,24,24
46357,85,89,-4,4
46358,102,112,-10,10
46359,66,67,-1,1
46360,83,108,-25,25
46361,85,82,3,3
46362,122,111,11,11
46363,107,114,-7,7
46364,68,78,-10,10
46365,58,58,0,0
46366,87,78,9,9
46367,67,72,-5,5
46368,74,81,-7,7
46369,68,68,0,0
46370,104,90,14,14
46371,158,159,-1,1
46372,131,134,-3,3
46373,103,103,0,0
46374,109,107,2,2
46375,64,51,13,13
46376,123,124,-1,1
46377,111,101,10,10
46378,38,56,-18,18
46379,59,59,0,0
46380,46,53,-7,7
46381,101,106,-5,5
46382,149,135,14,14
46383,116,108,8,8
46384,62,70,-8,8
46385,78,79,-1,1
46386,92,89,3,3
46387,109,96,13,13
46388,94,92,2,2
46389,107,105,2,2
46390,75,75,0,0
46391,64,69,-5,5
46392,30,36,-6,6
46393,127,125,2,2
46394,67,69,-2,2
46395,109,113,-4,4
46396,187,171,16,16
46397,90,102,-12,12
46398,123,116,7,7
46399,72,63,9,9
46400,124,122,2,2
46401,110,114,-4,4
46402,108,112,-4,4
46403,65,82,-17,17
46404,116,102,14,14
46405,77,81,-4,4
46406,40,63,-23,23
46407,108,105,3,3
46408,159,148,11,11
46409,60,60,0,0
46410,116,112,4,4
46411,124,140,-16,16
46412,94,104,-10,10
46413,90,94,-4,4
46414,30,34,-4,4
46415,89,82,7,7
46416,89,77,12,12
46417,111,117,-6,6
46418,84,81,3,3
46419,49,56,-7,7
46420,75,54,21,21
46421,136,124,12,12
46422,41,83,-42,42
46423,72,68,4,4
46424,173,164,9,9
46425,70,74,-4,4
46426,90,84,6,6
46427,153,152,1,1
46428,138,147,-9,9
46429,147,122,25,25
46430,116,130,-14,14
46431,148,144,4,4
46432,117,128,-11,11
46433,103,100,3,3
46434,123,122,1,1
46435,151,134,17,17
46436,126,130,-4,4
46437,105,122,-17,17
46438,111,107,4,4
46439,71,60,11,11
46440,99,103,-4,4
46441,59,67,-8,8
46442,104,94,10,10
46443,60,58,2,2
46444,88,72,16,16
46445,63,63,0,0
46446,186,171,15,15
46447,97,88,9,9
46448,128,118,10,10
46449,162,173,-11,11
46450,74,70,4,4
46451,92,81,11,11
46452,153,145,8,8
46453,97,101,-4,4
46454,116,116,0,0
46455,161,137,24,24
46456,73,82,-9,9
46457,107,104,3,3
46458,112,137,-25,25
46459,89,82,7,7
46460,92,81,11,11
46461,83,71,12,12
46462,108,122,-14,14
46463,108,109,-1,1
46464,49,50,-1,1
46465,64,58,6,6
46466,109,117,-8,8
46467,52,69,-17,17
46468,139,146,-7,7
46469,90,88,2,2
46470,90,86,4,4
46471,70,70,0,0
46472,97,92,5,5
46473,56,57,-1,1
46474,64,72,-8,8
46475,67,66,1,1
46476,48,52,-4,4
46477,69,70,-1,1
46478,93,101,-8,8
46479,144,131,13,13
46480,145,147,-2,2
46481,142,134,8,8
46482,150,156,-6,6
46483,58,50,8,8
46484,120,126,-6,6
46485,102,97,5,5
46486,142,137,5,5
46487,100,105,-5,5
46488,125,123,2,2
46489,84,55,29,29
46490,123,118,5,5
46491,145,153,-8,8
46492,86,86,0,0
46493,73,73,0,0
46494,97,88,9,9
46495,57,55,2,2
46496,122,115,7,7
46497,71,61,10,10
46498,99,91,8,8
46499,83,72,11,11
46500,165,152,13,13
46501,193,157,36,36
46502,104,101,3,3
46503,110,124,-14,14
46504,65,98,-33,33
46505,72,75,-3,3
46506,76,79,-3,3
46507,173,185,-12,12
46508,76,86,-10,10
46509,95,87,8,8
46510,96,89,7,7
46511,82,77,5,5
46512,91,95,-4,4
46513,88,86,2,2
46514,104,115,-11,11
46515,114,125,-11,11
46516,109,99,10,10
46517,74,72,2,2
46518,137,137,0,0
46519,93,93,0,0
46520,88,93,-5,5
46521,55,66,-11,11
46522,72,73,-1,1
46523,71,83,-12,12
46524,110,99,11,11
46525,114,118,-4,4
46526,128,134,-6,6
46527,65,71,-6,6
46528,114,117,-3,3
46529,97,93,4,4
46530,117,141,-24,24
46531,72,71,1,1
46532,92,87,5,5
46533,64,55,9,9
46534,125,134,-9,9
46535,99,97,2,2
46536,56,60,-4,4
46537,54,58,-4,4
46538,122,120,2,2
46539,178,177,1,1
46540,179,180,-1,1
46541,80,72,8,8
46542,109,104,5,5
46543,83,88,-5,5
46544,103,103,0,0
46545,61,62,-1,1
46546,125,103,22,22
46547,96,97,-1,1
46548,96,112,-16,16
46549,97,84,13,13
46550,108,90,18,18
46551,89,92,-3,3
46552,55,60,-5,5
46553,87,130,-43,43
46554,49,47,2,2
46555,94,101,-7,7
46556,93,132,-39,39
46557,75,78,-3,3
46558,65,63,2,2
46559,52,47,5,5
46560,83,74,9,9
46561,123,95,28,28
46562,92,80,12,12
46563,74,87,-13,13
46564,109,99,10,10
46565,52,67,-15,15
46566,76,77,-1,1
46567,116,117,-1,1
46568,83,62,21,21
46569,82,84,-2,2
46570,144,152,-8,8
46571,35,43,-8,8
46572,155,162,-7,7
46573,136,125,11,11
46574,123,120,3,3
46575,81,74,7,7
46576,66,73,-7,7
46577,131,118,13,13
46578,133,130,3,3
46579,71,68,3,3
46580,82,76,6,6
46581,82,94,-12,12
46582,42,46,-4,4
46583,137,145,-8,8
46584,140,164,-24,24
46585,58,62,-4,4
46586,117,104,13,13
46587,69,73,-4,4
46588,85,90,-5,5
46589,52,40,12,12
46590,87,89,-2,2
46591,135,145,-10,10
46592,64,66,-2,2
46593,129,107,22,22
46594,190,176,14,14
46595,68,70,-2,2
46596,82,70,12,12
46597,75,65,10,10
46598,149,146,3,3
46599,84,74,10,10
46600,54,47,7,7
46601,98,93,5,5
46602,99,83,16,16
46603,125,129,-4,4
46604,86,91,-5,5
46605,95,101,-6,6
46606,75,79,-4,4
46607,80,79,1,1
46608,118,113,5,5
46609,91,74,17,17
46610,106,97,9,9
46611,85,96,-11,11
46612,153,97,56,56
46613,103,97,6,6
46614,159,159,0,0
46615,69,68,1,1
46616,166,128,38,38
46617,109,101,8,8
46618,133,119,14,14
46619,191,175,16,16
46620,113,95,18,18
46621,124,112,12,12
46622,139,141,-2,2
46623,88,84,4,4
46624,43,100,-57,57
46625,71,71,0,0
46626,116,122,-6,6
46627,115,105,10,10
46628,118,110,8,8
46629,62,55,7,7
46630,106,100,6,6
46631,116,145,-29,29
46632,137,122,15,15
46633,201,178,23,23
46634,53,59,-6,6
46635,73,76,-3,3
46636,46,53,-7,7
46637,90,85,5,5
46638,126,128,-2,2
46639,113,112,1,1
46640,80,76,4,4
46641,102,96,6,6
46642,161,141,20,20
46643,103,106,-3,3
46644,119,131,-12,12
46645,54,57,-3,3
46646,159,146,13,13
46647,87,86,1,1
46648,59,55,4,4
46649,59,57,2,2
46650,90,81,9,9
46651,59,67,-8,8
46652,104,101,3,3
46653,131,129,2,2
46654,60,51,9,9
46655,68,62,6,6
46656,86,80,6,6
46657,88,89,-1,1
46658,146,143,3,3
46659,62,61,1,1
46660,152,146,6,6
46661,104,97,7,7
46662,67,60,7,7
46663,102,103,-1,1
46664,96,93,3,3
46665,99,116,-17,17
46666,99,101,-2,2
46667,76,83,-7,7
46668,97,100,-3,3
46669,83,88,-5,5
46670,112,122,-10,10
46671,63,70,-7,7
46672,136,148,-12,12
46673,74,76,-2,2
46674,172,153,19,19
46675,136,118,18,18
46676,120,131,-11,11
46677,116,116,0,0
46678,126,127,-1,1
46679,114,102,12,12
46680,72,70,2,2
46681,104,101,3,3
46682,147,148,-1,1
46683,103,102,1,1
46684,81,66,15,15
46685,80,84,-4,4
46686,101,100,1,1
46687,125,109,16,16
46688,92,133,-41,41
46689,84,88,-4,4
46690,80,106,-26,26
46691,150,149,1,1
46692,61,59,2,2
46693,112,117,-5,5
46694,112,95,17,17
46695,67,58,9,9
46696,137,131,6,6
46697,58,63,-5,5
46698,105,105,0,0
46699,88,93,-5,5
46700,76,76,0,0
46701,88,85,3,3
46702,108,118,-10,10
46703,97,88,9,9
46704,141,152,-11,11
46705,64,85,-21,21
46706,51,56,-5,5
46707,101,89,12,12
46708,158,159,-1,1
46709,97,98,-1,1
46710,79,77,2,2
46711,69,73,-4,4
46712,97,102,-5,5
46713,90,95,-5,5
46714,85,109,-24,24
46715,90,92,-2,2
46716,120,116,4,4
46717,61,53,8,8
46718,145,154,-9,9
46719,77,77,0,0
46720,49,48,1,1
46721,81,79,2,2
46722,70,67,3,3
46723,107,111,-4,4
46724,87,80,7,7
46725,66,62,4,4
46726,108,97,11,11
46727,86,83,3,3
46728,68,70,-2,2
46729,84,73,11,11
46730,72,70,2,2
46731,67,74,-7,7
46732,73,73,0,0
46733,81,90,-9,9
46734,65,67,-2,2
46735,130,107,23,23
46736,47,50,-3,3
46737,117,119,-2,2
46738,141,105,36,36
46739,204,157,47,47
46740,85,90,-5,5
46741,116,120,-4,4
46742,118,113,5,5
46743,110,114,-4,4
46744,100,99,1,1
46745,93,83,10,10
46746,53,41,12,12
46747,86,76,10,10
46748,70,72,-2,2
46749,80,87,-7,7
46750,146,153,-7,7
46751,72,62,10,10
46752,154,163,-9,9
46753,206,204,2,2
46754,72,84,-12,12
46755,141,136,5,5
46756,83,100,-17,17
46757,141,144,-3,3
46758,97,118,-21,21
46759,137,129,8,8
46760,124,133,-9,9
46761,84,84,0,0
46762,102,116,-14,14
46763,22,44,-22,22
46764,97,103,-6,6
46765,59,55,4,4
46766,124,125,-1,1
46767,198,187,11,11
46768,93,76,17,17
46769,96,91,5,5
46770,99,89,10,10
46771,191,159,32,32
46772,88,79,9,9
46773,88,89,-1,1
46774,114,108,6,6
46775,85,82,3,3
46776,85,69,16,16
46777,63,71,-8,8
46778,129,100,29,29
46779,142,134,8,8
46780,66,76,-10,10
46781,64,65,-1,1
46782,72,70,2,2
46783,143,148,-5,5
46784,73,58,15,15
46785,92,106,-14,14
46786,80,133,-53,53
46787,123,123,0,0
46788,67,62,5,5
46789,87,103,-16,16
46790,81,70,11,11
46791,77,97,-20,20
46792,70,72,-2,2
46793,120,118,2,2
46794,119,114,5,5
46795,116,109,7,7
46796,193,186,7,7
46797,90,115,-25,25
46798,113,125,-12,12
46799,109,102,7,7
46800,85,113,-28,28
46801,63,65,-2,2
46802,56,67,-11,11
46803,131,142,-11,11
46804,108,113,-5,5
46805,58,59,-1,1
46806,57,60,-3,3
46807,98,119,-21,21
46808,86,102,-16,16
46809,60,55,5,5
46810,54,62,-8,8
46811,160,153,7,7
46812,91,98,-7,7
46813,179,134,45,45
46814,68,87,-19,19
46815,143,132,11,11
46816,86,68,18,18
46817,115,122,-7,7
46818,139,123,16,16
46819,95,88,7,7
46820,66,83,-17,17
46821,66,69,-3,3
46822,143,133,10,10
46823,87,89,-2,2
46824,85,87,-2,2
46825,77,75,2,2
46826,77,74,3,3
46827,91,78,13,13
46828,80,82,-2,2
46829,23,26,-3,3
46830,92,100,-8,8
46831,109,95,14,14
46832,115,103,12,12
46833,93,102,-9,9
46834,67,62,5,5
46835,150,157,-7,7
46836,78,56,22,22
46837,159,158,1,1
46838,124,104,20,20
46839,93,111,-18,18
46840,133,134,-1,1
46841,79,98,-19,19
46842,62,65,-3,3
46843,73,70,3,3
46844,66,64,2,2
46845,69,65,4,4
46846,146,158,-12,12
46847,73,55,18,18
46848,91,99,-8,8
46849,67,62,5,5
46850,80,89,-9,9
46851,96,90,6,6
46852,75,83,-8,8
46853,72,80,-8,8
46854,87,83,4,4
46855,93,90,3,3
46856,115,116,-1,1
46857,142,136,6,6
46858,168,105,63,63
46859,149,129,20,20
46860,91,85,6,6
46861,69,68,1,1
46862,112,105,7,7
46863,83,77,6,6
46864,63,66,-3,3
46865,84,82,2,2
46866,113,99,14,14
46867,98,88,10,10
46868,174,181,-7,7
46869,103,91,12,12
46870,32,76,-44,44
46871,126,124,2,2
46872,132,131,1,1
46873,49,45,4,4
46874,107,95,12,12
46875,121,125,-4,4
46876,132,130,2,2
46877,75,71,4,4
46878,71,81,-10,10
46879,69,87,-18,18
46880,158,135,23,23
46881,73,65,8,8
46882,146,145,1,1
46883,49,70,-21,21
46884,124,117,7,7
46885,71,74,-3,3
46886,43,56,-13,13
46887,94,96,-2,2
46888,120,145,-25,25
46889,107,106,1,1
46890,83,77,6,6
46891,111,109,2,2
46892,79,92,-13,13
46893,93,98,-5,5
46894,130,121,9,9
46895,119,111,8,8
46896,80,76,4,4
46897,80,71,9,9
46898,76,77,-1,1
46899,101,99,2,2
46900,131,131,0,0
46901,91,92,-1,1
46902,81,81,0,0
46903,102,102,0,0
46904,108,90,18,18
46905,79,72,7,7
46906,121,110,11,11
46907,135,137,-2,2
46908,68,77,-9,9
46909,104,110,-6,6
46910,44,40,4,4
46911,103,106,-3,3
46912,136,144,-8,8
46913,107,95,12,12
46914,78,93,-15,15
46915,75,74,1,1
46916,37,35,2,2
46917,24,66,-42,42
46918,166,172,-6,6
46919,134,140,-6,6
46920,116,111,5,5
46921,85,77,8,8
46922,130,133,-3,3
46923,150,135,15,15
46924,103,73,30,30
46925,92,81,11,11
46926,127,127,0,0
46927,72,72,0,0
46928,95,90,5,5
46929,56,56,0,0
46930,170,150,20,20
46931,106,88,18,18
46932,78,69,9,9
46933,135,133,2,2
46934,113,108,5,5
46935,191,178,13,13
46936,61,67,-6,6
46937,95,84,11,11
46938,119,115,4,4
46939,114,104,10,10
46940,88,82,6,6
46941,71,74,-3,3
46942,76,71,5,5
46943,50,60,-10,10
46944,69,65,4,4
46945,51,65,-14,14
46946,74,77,-3,3
46947,79,79,0,0
46948,74,90,-16,16
46949,113,115,-2,2
46950,99,107,-8,8
46951,86,97,-11,11
46952,91,81,10,10
46953,83,96,-13,13
46954,106,93,13,13
46955,66,66,0,0
46956,74,60,14,14
46957,78,78,0,0
46958,101,98,3,3
46959,78,87,-9,9
46960,91,87,4,4
46961,94,112,-18,18
46962,86,93,-7,7
46963,64,67,-3,3
46964,98,75,23,23
46965,100,101,-1,1
46966,148,138,10,10
46967,96,104,-8,8
46968,135,131,4,4
46969,123,140,-17,17
46970,65,58,7,7
46971,86,72,14,14
46972,86,93,-7,7
46973,93,96,-3,3
46974,106,111,-5,5
46975,122,113,9,9
46976,75,82,-7,7
46977,86,86,0,0
46978,51,52,-1,1
46979,56,69,-13,13
46980,125,137,-12,12
46981,92,82,10,10
46982,108,108,0,0
46983,151,153,-2,2
46984,83,82,1,1
46985,66,73,-7,7
46986,138,127,11,11
46987,120,130,-10,10
46988,79,77,2,2
46989,86,92,-6,6
46990,163,158,5,5
46991,112,119,-7,7
46992,98,85,13,13
46993,40,61,-21,21
46994,85,102,-17,17
46995,73,77,-4,4
46996,84,88,-4,4
46997,127,126,1,1
46998,113,109,4,4
46999,116,111,5,5
47000,91,85,6,6
47001,91,77,14,14
47002,50,55,-5,5
47003,78,74,4,4
47004,90,98,-8,8
47005,125,118,7,7
47006,84,93,-9,9
47007,79,73,6,6
47008,69,66,3,3
47009,115,104,11,11
47010,227,219,8,8
47011,107,112,-5,5
47012,136,141,-5,5
47013,88,86,2,2
47014,117,126,-9,9
47015,81,81,0,0
47016,150,142,8,8
47017,101,121,-20,20
47018,169,163,6,6
47019,75,86,-11,11
47020,146,144,2,2
47021,96,92,4,4
47022,66,76,-10,10
47023,73,69,4,4
47024,85,80,5,5
47025,104,85,19,19
47026,53,59,-6,6
47027,148,146,2,2
47028,119,127,-8,8
47029,45,53,-8,8
47030,72,76,-4,4
47031,126,130,-4,4
47032,64,71,-7,7
47033,119,115,4,4
47034,89,94,-5,5
47035,139,135,4,4
47036,111,128,-17,17
47037,100,100,0,0
47038,82,84,-2,2
47039,138,130,8,8
47040,47,55,-8,8
47041,167,137,30,30
47042,63,65,-2,2
47043,118,103,15,15
47044,201,221,-20,20
47045,82,87,-5,5
47046,91,88,3,3
47047,81,79,2,2
47048,91,88,3,3
47049,119,111,8,8
47050,88,78,10,10
47051,76,79,-3,3
47052,86,87,-1,1
47053,47,57,-10,10
47054,134,124,10,10
47055,96,89,7,7
47056,82,88,-6,6
47057,82,78,4,4
47058,89,85,4,4
47059,99,98,1,1
47060,93,91,2,2
47061,87,87,0,0
47062,62,86,-24,24
47063,58,58,0,0
47064,82,83,-1,1
47065,142,143,-1,1
47066,101,96,5,5
47067,127,118,9,9
47068,46,42,4,4
47069,116,115,1,1
47070,54,64,-10,10
47071,71,66,5,5
47072,121,133,-12,12
47073,80,75,5,5
47074,86,90,-4,4
47075,119,131,-12,12
47076,71,76,-5,5
47077,171,160,11,11
47078,126,117,9,9
47079,57,54,3,3
47080,99,91,8,8
47081,55,58,-3,3
47082,77,72,5,5
47083,110,99,11,11
47084,77,103,-26,26
47085,111,116,-5,5
47086,164,161,3,3
47087,104,94,10,10
47088,85,85,0,0
47089,75,74,1,1
47090,119,114,5,5
47091,82,70,12,12
47092,122,108,14,14
47093,111,116,-5,5
47094,102,92,10,10
47095,54,60,-6,6
47096,96,101,-5,5
47097,65,67,-2,2
47098,135,141,-6,6
47099,79,70,9,9
47100,92,75,17,17
47101,56,58,-2,2
47102,109,97,12,12
47103,124,134,-10,10
47104,65,81,-16,16
47105,84,83,1,1
47106,107,104,3,3
47107,114,127,-13,13
47108,92,89,3,3
47109,129,118,11,11
47110,159,147,12,12
47111,80,86,-6,6
47112,106,113,-7,7
47113,76,76,0,0
47114,81,92,-11,11
47115,115,108,7,7
47116,89,94,-5,5
47117,66,72,-6,6
47118,49,57,-8,8
47119,74,63,11,11
47120,77,68,9,9
47121,98,94,4,4
47122,181,163,18,18
47123,65,65,0,0
47124,125,127,-2,2
47125,120,121,-1,1
47126,92,86,6,6
47127,125,109,16,16
47128,97,86,11,11
47129,113,106,7,7
47130,69,71,-2,2
47131,41,57,-16,16
47132,112,108,4,4
47133,93,71,22,22
47134,77,72,5,5
47135,114,128,-14,14
47136,90,91,-1,1
47137,119,136,-17,17
47138,85,100,-15,15
47139,99,106,-7,7
47140,113,83,30,30
47141,112,124,-12,12
47142,43,50,-7,7
47143,73,72,1,1
47144,149,122,27,27
47145,72,68,4,4
47146,62,62,0,0
47147,74,68,6,6
47148,197,179,18,18
47149,93,97,-4,4
47150,103,84,19,19
47151,96,88,8,8
47152,191,163,28,28
47153,116,106,10,10
47154,75,68,7,7
47155,99,108,-9,9
47156,94,75,19,19
47157,124,122,2,2
47158,83,88,-5,5
47159,131,123,8,8
47160,108,100,8,8
47161,108,123,-15,15
47162,77,67,10,10
47163,77,58,19,19
47164,126,129,-3,3
47165,59,83,-24,24
47166,101,121,-20,20
47167,121,114,7,7
47168,116,124,-8,8
47169,124,120,4,4
47170,69,58,11,11
47171,160,141,19,19
47172,67,85,-18,18
47173,111,118,-7,7
47174,80,108,-28,28
47175,44,47,-3,3
47176,89,92,-3,3
47177,92,83,9,9
47178,105,106,-1,1
47179,113,104,9,9
47180,83,87,-4,4
47181,54,47,7,7
47182,47,51,-4,4
47183,105,104,1,1
47184,65,63,2,2
47185,118,107,11,11
47186,115,97,18,18
47187,92,88,4,4
47188,69,57,12,12
47189,42,63,-21,21
47190,64,58,6,6
47191,119,121,-2,2
47192,142,124,18,18
47193,117,121,-4,4
47194,67,71,-4,4
47195,157,161,-4,4
47196,57,65,-8,8
47197,122,125,-3,3
47198,84,63,21,21
47199,112,105,7,7
47200,96,99,-3,3
47201,75,72,3,3
47202,86,81,5,5
47203,168,154,14,14
47204,128,114,14,14
47205,111,122,-11,11
47206,95,92,3,3
47207,74,88,-14,14
47208,101,84,17,17
47209,69,71,-2,2
47210,160,161,-1,1
47211,139,118,21,21
47212,24,57,-33,33
47213,89,87,2,2
47214,102,99,3,3
47215,49,47,2,2
47216,94,105,-11,11
47217,76,66,10,10
47218,170,150,20,20
47219,158,150,8,8
47220,31,84,-53,53
47221,66,70,-4,4
47222,106,85,21,21
47223,60,78,-18,18
47224,77,74,3,3
47225,68,60,8,8
47226,129,126,3,3
47227,60,52,8,8
47228,106,121,-15,15
47229,64,63,1,1
47230,67,70,-3,3
47231,85,81,4,4
47232,79,80,-1,1
47233,175,159,16,16
47234,20,64,-44,44
47235,169,152,17,17
47236,90,92,-2,2
47237,74,73,1,1
47238,68,84,-16,16
47239,52,54,-2,2
47240,81,84,-3,3
47241,106,105,1,1
47242,113,102,11,11
47243,64,66,-2,2
47244,98,95,3,3
47245,120,126,-6,6
47246,85,72,13,13
47247,70,61,9,9
47248,121,108,13,13
47249,132,130,2,2
47250,50,45,5,5
47251,68,72,-4,4
47252,55,54,1,1
47253,122,111,11,11
47254,107,98,9,9
47255,69,70,-1,1
47256,115,106,9,9
47257,118,105,13,13
47258,184,201,-17,17
47259,78,81,-3,3
47260,47,54,-7,7
47261,65,67,-2,2
47262,109,93,16,16
47263,89,73,16,16
47264,141,153,-12,12
47265,68,83,-15,15
47266,167,152,15,15
47267,68,72,-4,4
47268,86,84,2,2
47269,93,91,2,2
47270,91,87,4,4
47271,65,74,-9,9
47272,132,141,-9,9
47273,91,87,4,4
47274,71,63,8,8
47275,71,56,15,15
47276,120,111,9,9
47277,118,115,3,3
47278,117,125,-8,8
47279,157,149,8,8
47280,73,72,1,1
47281,108,108,0,0
47282,82,71,11,11
47283,122,121,1,1
47284,143,152,-9,9
47285,172,163,9,9
47286,76,74,2,2
47287,130,145,-15,15
47288,61,63,-2,2
47289,65,67,-2,2
47290,128,125,3,3
47291,98,89,9,9
47292,161,162,-1,1
47293,56,56,0,0
47294,97,113,-16,16
47295,176,155,21,21
47296,125,116,9,9
47297,115,108,7,7
47298,81,89,-8,8
47299,103,93,10,10
47300,53,53,0,0
47301,173,187,-14,14
47302,132,121,11,11
47303,129,116,13,13
47304,120,117,3,3
47305,123,103,20,20
47306,203,145,58,58
47307,59,52,7,7
47308,67,67,0,0
47309,132,139,-7,7
47310,182,165,17,17
47311,143,144,-1,1
47312,97,77,20,20
47313,91,95,-4,4
47314,96,100,-4,4
47315,91,90,1,1
47316,87,78,9,9
47317,143,145,-2,2
47318,65,48,17,17
47319,78,66,12,12
47320,78,80,-2,2
47321,140,139,1,1
47322,93,90,3,3
47323,52,56,-4,4
47324,95,97,-2,2
47325,96,81,15,15
47326,72,69,3,3
47327,113,112,1,1
47328,97,89,8,8
47329,77,79,-2,2
47330,71,73,-2,2
47331,58,68,-10,10
47332,72,69,3,3
47333,210,192,18,18
47334,97,84,13,13
47335,141,152,-11,11
47336,130,127,3,3
47337,105,101,4,4
47338,66,73,-7,7
47339,78,77,1,1
47340,96,93,3,3
47341,120,128,-8,8
47342,57,51,6,6
47343,162,164,-2,2
47344,134,132,2,2
47345,161,148,13,13
47346,171,162,9,9
47347,91,96,-5,5
47348,46,49,-3,3
47349,128,120,8,8
47350,113,99,14,14
47351,96,88,8,8
47352,55,55,0,0
47353,101,101,0,0
47354,146,135,11,11
47355,83,120,-37,37
47356,41,44,-3,3
47357,117,120,-3,3
47358,118,124,-6,6
47359,89,88,1,1
47360,88,95,-7,7
47361,37,43,-6,6
47362,68,68,0,0
47363,53,53,0,0
47364,106,95,11,11
47365,125,111,14,14
47366,79,75,4,4
47367,100,95,5,5
47368,99,113,-14,14
47369,99,105,-6,6
47370,130,128,2,2
47371,75,83,-8,8
47372,101,98,3,3
47373,90,92,-2,2
47374,154,156,-2,2
47375,116,106,10,10
47376,60,67,-7,7
47377,144,143,1,1
47378,75,81,-6,6
47379,110,101,9,9
47380,124,131,-7,7
47381,79,83,-4,4
47382,38,39,-1,1
47383,90,100,-10,10
47384,84,74,10,10
47385,76,76,0,0
47386,88,92,-4,4
47387,124,133,-9,9
47388,76,71,5,5
47389,84,74,10,10
47390,75,71,4,4
47391,78,75,3,3
47392,48,57,-9,9
47393,70,72,-2,2
47394,125,122,3,3
47395,129,121,8,8
47396,75,85,-10,10
47397,91,106,-15,15
47398,108,105,3,3
47399,100,90,10,10
47400,56,62,-6,6
47401,140,131,9,9
47402,62,53,9,9
47403,224,175,49,49
47404,109,108,1,1
47405,159,166,-7,7
47406,90,91,-1,1
47407,125,115,10,10
47408,96,97,-1,1
47409,74,86,-12,12
47410,109,116,-7,7
47411,84,76,8,8
47412,50,63,-13,13
47413,146,136,10,10
47414,116,96,20,20
47415,93,77,16,16
47416,92,85,7,7
47417,72,63,9,9
47418,159,147,12,12
47419,79,75,4,4
47420,117,103,14,14
47421,92,74,18,18
47422,102,106,-4,4
47423,61,58,3,3
47424,55,51,4,4
47425,91,70,21,21
47426,94,81,13,13
47427,64,60,4,4
47428,121,114,7,7
47429,50,48,2,2
47430,91,82,9,9
47431,87,80,7,7
47432,100,87,13,13
47433,60,64,-4,4
47434,139,132,7,7
47435,77,75,2,2
47436,54,71,-17,17
47437,117,88,29,29
47438,105,119,-14,14
47439,105,98,7,7
47440,78,73,5,5
47441,108,100,8,8
47442,111,120,-9,9
47443,112,126,-14,14
47444,69,58,11,11
47445,100,103,-3,3
47446,96,90,6,6
47447,31,114,-83,83
47448,75,65,10,10
47449,68,72,-4,4
47450,53,55,-2,2
47451,63,55,8,8
47452,85,78,7,7
47453,126,122,4,4
47454,107,107,0,0
47455,130,125,5,5
47456,65,63,2,2
47457,73,73,0,0
47458,107,104,3,3
47459,121,115,6,6
47460,99,99,0,0
47461,92,102,-10,10
47462,170,161,9,9
47463,85,68,17,17
47464,142,123,19,19
47465,86,84,2,2
47466,63,61,2,2
47467,121,111,10,10
47468,84,93,-9,9
47469,66,54,12,12
47470,60,62,-2,2
47471,68,65,3,3
47472,113,138,-25,25
47473,101,99,2,2
47474,48,54,-6,6
47475,154,157,-3,3
47476,160,153,7,7
47477,102,91,11,11
47478,94,92,2,2
47479,84,87,-3,3
47480,107,116,-9,9
47481,66,69,-3,3
47482,87,99,-12,12
47483,84,79,5,5
47484,86,92,-6,6
47485,101,127,-26,26
47486,83,77,6,6
47487,70,53,17,17
47488,104,90,14,14
47489,78,77,1,1
47490,69,66,3,3
47491,172,159,13,13
47492,66,65,1,1
47493,96,82,14,14
47494,73,77,-4,4
47495,122,145,-23,23
47496,66,73,-7,7
47497,78,78,0,0
47498,70,118,-48,48
47499,62,70,-8,8
47500,64,59,5,5
47501,189,174,15,15
47502,101,98,3,3
47503,83,80,3,3
47504,88,74,14,14
47505,108,105,3,3
47506,109,98,11,11
47507,50,42,8,8
47508,100,85,15,15
47509,98,99,-1,1
47510,74,63,11,11
47511,151,152,-1,1
47512,67,67,0,0
47513,145,139,6,6
47514,99,108,-9,9
47515,79,86,-7,7
47516,66,71,-5,5
47517,87,77,10,10
47518,104,88,16,16
47519,75,70,5,5
47520,81,67,14,14
47521,79,86,-7,7
47522,82,69,13,13
47523,202,177,25,25
47524,64,52,12,12
47525,142,141,1,1
47526,77,68,9,9
47527,95,104,-9,9
47528,127,118,9,9
47529,89,103,-14,14
47530,136,137,-1,1
47531,63,64,-1,1
47532,123,116,7,7
47533,113,95,18,18
47534,98,106,-8,8
47535,136,123,13,13
47536,124,119,5,5
47537,124,125,-1,1
47538,162,141,21,21
47539,81,100,-19,19
47540,93,87,6,6
47541,83,98,-15,15
47542,127,113,14,14
47543,60,52,8,8
47544,83,84,-1,1
47545,60,58,2,2
47546,103,113,-10,10
47547,93,69,24,24
47548,78,77,1,1
47549,97,100,-3,3
47550,73,67,6,6
47551,128,122,6,6
47552,92,101,-9,9
47553,37,37,0,0
47554,154,147,7,7
47555,60,61,-1,1
47556,94,87,7,7
47557,103,94,9,9
47558,72,76,-4,4
47559,65,63,2,2
47560,85,83,2,2
47561,111,114,-3,3
47562,88,95,-7,7
47563,110,95,15,15
47564,102,96,6,6
47565,59,51,8,8
47566,89,83,6,6
47567,113,106,7,7
47568,65,71,-6,6
47569,148,133,15,15
47570,83,74,9,9
47571,81,80,1,1
47572,88,90,-2,2
47573,67,67,0,0
47574,44,51,-7,7
47575,98,100,-2,2
47576,89,85,4,4
47577,85,84,1,1
47578,165,137,28,28
47579,58,59,-1,1
47580,118,113,5,5
47581,138,111,27,27
47582,85,72,13,13
47583,77,81,-4,4
47584,58,52,6,6
47585,78,61,17,17
47586,94,104,-10,10
47587,51,59,-8,8
47588,109,122,-13,13
47589,72,77,-5,5
47590,71,75,-4,4
47591,83,94,-11,11
47592,97,91,6,6
47593,81,84,-3,3
47594,192,202,-10,10
47595,152,139,13,13
47596,101,100,1,1
47597,65,52,13,13
47598,77,76,1,1
47599,130,139,-9,9
47600,124,98,26,26
47601,89,92,-3,3
47602,105,120,-15,15
47603,85,80,5,5
47604,147,149,-2,2
47605,108,118,-10,10
47606,86,86,0,0
47607,66,65,1,1
47608,62,63,-1,1
47609,74,62,12,12
47610,144,119,25,25
47611,77,76,1,1
47612,53,43,10,10
47613,81,80,1,1
47614,121,114,7,7
47615,71,58,13,13
47616,75,85,-10,10
47617,105,94,11,11
47618,98,109,-11,11
47619,133,142,-9,9
47620,115,117,-2,2
47621,56,61,-5,5
47622,139,149,-10,10
47623,108,111,-3,3
47624,207,180,27,27
47625,43,50,-7,7
47626,135,131,4,4
47627,122,130,-8,8
47628,61,69,-8,8
47629,97,92,5,5
47630,77,71,6,6
47631,123,108,15,15
47632,59,62,-3,3
47633,113,122,-9,9
47634,125,120,5,5
47635,88,85,3,3
47636,72,68,4,4
47637,137,126,11,11
47638,113,102,11,11
47639,112,101,11,11
47640,60,67,-7,7
47641,106,114,-8,8
47642,143,139,4,4
47643,91,89,2,2
47644,95,85,10,10
47645,155,143,12,12
47646,106,117,-11,11
47647,103,117,-14,14
47648,142,124,18,18
47649,76,69,7,7
47650,115,121,-6,6
47651,96,115,-19,19
47652,103,92,11,11
47653,106,117,-11,11
47654,67,65,2,2
47655,100,96,4,4
47656,103,85,18,18
47657,72,74,-2,2
47658,142,137,5,5
47659,32,87,-55,55
47660,137,127,10,10
47661,57,61,-4,4
47662,69,63,6,6
47663,47,48,-1,1
47664,82,68,14,14
47665,113,107,6,6
47666,81,84,-3,3
47667,96,104,-8,8
47668,67,57,10,10
47669,138,128,10,10
47670,73,67,6,6
47671,62,73,-11,11
47672,45,49,-4,4
47673,106,104,2,2
47674,65,68,-3,3
47675,79,87,-8,8
47676,109,114,-5,5
47677,147,138,9,9
47678,67,61,6,6
47679,94,94,0,0
47680,73,66,7,7
47681,57,63,-6,6
47682,124,113,11,11
47683,68,111,-43,43
47684,89,87,2,2
47685,105,83,22,22
47686,64,76,-12,12
47687,78,87,-9,9
47688,108,97,11,11
47689,171,151,20,20
47690,92,82,10,10
47691,63,57,6,6
47692,66,76,-10,10
47693,85,92,-7,7
47694,134,126,8,8
47695,73,79,-6,6
47696,85,78,7,7
47697,81,77,4,4
47698,119,109,10,10
47699,64,70,-6,6
47700,73,67,6,6
47701,120,112,8,8
47702,122,116,6,6
47703,97,104,-7,7
47704,69,76,-7,7
47705,88,98,-10,10
47706,86,90,-4,4
47707,87,78,9,9
47708,152,145,7,7
47709,65,59,6,6
47710,37,56,-19,19
47711,125,117,8,8
47712,117,129,-12,12
47713,72,70,2,2
47714,120,133,-13,13
47715,67,62,5,5
47716,147,144,3,3
47717,142,140,2,2
47718,111,99,12,12
47719,104,107,-3,3
47720,90,76,14,14
47721,76,74,2,2
47722,82,96,-14,14
47723,122,87,35,35
47724,176,162,14,14
47725,97,80,17,17
47726,84,83,1,1
47727,94,106,-12,12
47728,175,180,-5,5
47729,90,89,1,1
47730,62,60,2,2
47731,116,96,20,20
47732,137,132,5,5
47733,141,128,13,13
47734,96,54,42,42
47735,99,103,-4,4
47736,66,57,9,9
47737,183,163,20,20
47738,64,53,11,11
47739,137,160,-23,23
47740,51,50,1,1
47741,35,37,-2,2
47742,137,133,4,4
47743,151,146,5,5
47744,115,118,-3,3
47745,94,87,7,7
47746,42,40,2,2
47747,57,61,-4,4
47748,102,108,-6,6
47749,59,51,8,8
47750,73,89,-16,16
47751,80,77,3,3
47752,102,98,4,4
47753,111,110,1,1
47754,150,155,-5,5
47755,149,137,12,12
47756,129,130,-1,1
47757,35,58,-23,23
47758,50,47,3,3
47759,85,75,10,10
47760,90,73,17,17
47761,129,111,18,18
47762,111,111,0,0
47763,80,86,-6,6
47764,165,153,12,12
47765,69,66,3,3
47766,132,117,15,15
47767,145,128,17,17
47768,51,53,-2,2
47769,152,149,3,3
47770,64,62,2,2
47771,168,167,1,1
47772,100,104,-4,4
47773,72,59,13,13
47774,86,88,-2,2
47775,67,69,-2,2
47776,71,74,-3,3
47777,156,139,17,17
47778,92,82,10,10
47779,93,100,-7,7
47780,95,94,1,1
47781,113,119,-6,6
47782,105,93,12,12
47783,77,78,-1,1
47784,96,102,-6,6
47785,103,111,-8,8
47786,76,91,-15,15
47787,77,80,-3,3
47788,103,91,12,12
47789,80,81,-1,1
47790,72,82,-10,10
47791,98,89,9,9
47792,94,81,13,13
47793,145,158,-13,13
47794,57,57,0,0
47795,95,87,8,8
47796,97,79,18,18
47797,160,150,10,10
47798,161,164,-3,3
47799,71,69,2,2
47800,95,88,7,7
47801,100,101,-1,1
47802,57,44,13,13
47803,96,89,7,7
47804,70,66,4,4
47805,51,76,-25,25
47806,70,74,-4,4
47807,27,35,-8,8
47808,93,91,2,2
47809,110,111,-1,1
47810,128,120,8,8
47811,146,137,9,9
47812,81,71,10,10
47813,100,104,-4,4
47814,77,69,8,8
47815,57,59,-2,2
47816,110,122,-12,12
47817,90,95,-5,5
47818,105,117,-12,12
47819,91,76,15,15
47820,158,164,-6,6
47821,79,68,11,11
47822,52,51,1,1
47823,86,77,9,9
47824,100,97,3,3
47825,65,63,2,2
47826,116,98,18,18
47827,75,76,-1,1
47828,95,94,1,1
47829,71,72,-1,1
47830,87,87,0,0
47831,79,69,10,10
47832,77,76,1,1
47833,55,54,1,1
47834,94,100,-6,6
47835,99,90,9,9
47836,98,100,-2,2
47837,95,104,-9,9
47838,123,123,0,0
47839,76,82,-6,6
47840,157,170,-13,13
47841,75,68,7,7
47842,114,118,-4,4
47843,47,42,5,5
47844,110,94,16,16
47845,122,115,7,7
47846,89,98,-9,9
47847,65,62,3,3
47848,63,71,-8,8
47849,140,131,9,9
47850,101,99,2,2
47851,132,130,2,2
47852,175,169,6,6
47853,79,72,7,7
47854,97,93,4,4
47855,108,96,12,12
47856,76,70,6,6
47857,80,62,18,18
47858,114,104,10,10
47859,160,148,12,12
47860,101,98,3,3
47861,143,131,12,12
47862,40,40,0,0
47863,151,143,8,8
47864,111,125,-14,14
47865,105,125,-20,20
47866,93,85,8,8
47867,121,141,-20,20
47868,162,145,17,17
47869,91,96,-5,5
47870,86,76,10,10
47871,133,152,-19,19
47872,69,73,-4,4
47873,110,137,-27,27
47874,76,69,7,7
47875,70,73,-3,3
47876,129,107,22,22
47877,105,106,-1,1
47878,118,113,5,5
47879,51,53,-2,2
47880,155,147,8,8
47881,80,78,2,2
47882,91,117,-26,26
47883,87,97,-10,10
47884,61,73,-12,12
47885,65,66,-1,1
47886,85,88,-3,3
47887,89,84,5,5
47888,62,60,2,2
47889,85,89,-4,4
47890,65,70,-5,5
47891,127,131,-4,4
47892,94,89,5,5
47893,106,103,3,3
47894,72,73,-1,1
47895,115,106,9,9
47896,100,90,10,10
47897,56,69,-13,13
47898,78,87,-9,9
47899,100,98,2,2
47900,94,91,3,3
47901,104,97,7,7
47902,76,92,-16,16
47903,100,101,-1,1
47904,114,107,7,7
47905,94,82,12,12
47906,92,106,-14,14
47907,51,46,5,5
47908,129,126,3,3
47909,30,53,-23,23
47910,91,112,-21,21
47911,72,64,8,8
47912,99,107,-8,8
47913,59,51,8,8
47914,103,97,6,6
47915,140,128,12,12
47916,71,71,0,0
47917,77,76,1,1
47918,108,118,-10,10
47919,87,65,22,22
47920,150,127,23,23
47921,108,117,-9,9
47922,78,63,15,15
47923,143,139,4,4
47924,109,114,-5,5
47925,81,87,-6,6
47926,82,83,-1,1
47927,46,50,-4,4
47928,142,134,8,8
47929,54,59,-5,5
47930,89,94,-5,5
47931,53,56,-3,3
47932,73,65,8,8
47933,74,69,5,5
47934,43,40,3,3
47935,89,89,0,0
47936,71,80,-9,9
47937,62,74,-12,12
47938,59,62,-3,3
47939,114,114,0,0
47940,56,56,0,0
47941,94,92,2,2
47942,102,114,-12,12
47943,112,104,8,8
47944,75,79,-4,4
47945,77,88,-11,11
47946,124,117,7,7
47947,128,118,10,10
47948,70,70,0,0
47949,84,128,-44,44
47950,151,155,-4,4
47951,113,103,10,10
47952,85,87,-2,2
47953,82,110,-28,28
47954,163,172,-9,9
47955,124,140,-16,16
47956,80,76,4,4
47957,122,141,-19,19
47958,88,76,12,12
47959,66,70,-4,4
47960,83,80,3,3
47961,118,118,0,0
47962,57,67,-10,10
47963,66,64,2,2
47964,108,122,-14,14
47965,93,99,-6,6
47966,51,51,0,0
47967,171,158,13,13
47968,114,99,15,15
47969,45,51,-6,6
47970,86,75,11,11
47971,62,72,-10,10
47972,67,67,0,0
47973,76,86,-10,10
47974,108,113,-5,5
47975,100,132,-32,32
47976,139,125,14,14
47977,115,118,-3,3
47978,144,118,26,26
47979,90,71,19,19
47980,91,80,11,11
47981,75,76,-1,1
47982,135,122,13,13
47983,67,78,-11,11
47984,117,96,21,21
47985,127,116,11,11
47986,59,56,3,3
47987,48,57,-9,9
47988,69,67,2,2
47989,93,80,13,13
47990,123,117,6,6
47991,131,148,-17,17
47992,105,92,13,13
47993,121,131,-10,10
47994,111,122,-11,11
47995,43,46,-3,3
47996,131,135,-4,4
47997,133,121,12,12
47998,74,72,2,2
47999,154,140,14,14
48000,36,42,-6,6
48001,83,97,-14,14
48002,114,109,5,5
48003,115,104,11,11
48004,117,121,-4,4
48005,129,107,22,22
48006,119,111,8,8
48007,65,69,-4,4
48008,88,89,-1,1
48009,80,71,9,9
48010,43,51,-8,8
48011,68,77,-9,9
48012,157,136,21,21
48013,104,115,-11,11
48014,56,46,10,10
48015,52,67,-15,15
48016,115,113,2,2
48017,64,63,1,1
48018,139,130,9,9
48019,58,53,5,5
48020,105,102,3,3
48021,196,192,4,4
48022,117,110,7,7
48023,108,93,15,15
48024,109,97,12,12
48025,53,48,5,5
48026,97,79,18,18
48027,89,84,5,5
48028,136,129,7,7
48029,156,161,-5,5
48030,107,94,13,13
48031,48,62,-14,14
48032,108,122,-14,14
48033,151,127,24,24
48034,71,81,-10,10
48035,99,88,11,11
48036,119,99,20,20
48037,131,120,11,11
48038,72,69,3,3
48039,112,105,7,7
48040,142,152,-10,10
48041,130,130,0,0
48042,103,118,-15,15
48043,136,126,10,10
48044,61,58,3,3
48045,93,85,8,8
48046,124,134,-10,10
48047,44,65,-21,21
48048,166,162,4,4
48049,134,138,-4,4
48050,85,80,5,5
48051,56,58,-2,2
48052,58,69,-11,11
48053,95,89,6,6
48054,113,105,8,8
48055,80,83,-3,3
48056,105,91,14,14
48057,56,55,1,1
48058,79,86,-7,7
48059,77,76,1,1
48060,90,85,5,5
48061,68,100,-32,32
48062,65,71,-6,6
48063,95,96,-1,1
48064,51,52,-1,1
48065,99,94,5,5
48066,81,72,9,9
48067,116,97,19,19
48068,72,69,3,3
48069,55,66,-11,11
48070,144,123,21,21
48071,74,75,-1,1
48072,135,141,-6,6
48073,60,63,-3,3
48074,76,78,-2,2
48075,144,113,31,31
48076,141,132,9,9
48077,80,48,32,32
48078,74,72,2,2
48079,83,82,1,1
48080,76,64,12,12
48081,100,98,2,2
48082,97,88,9,9
48083,141,115,26,26
48084,109,106,3,3
48085,87,117,-30,30
48086,104,98,6,6
48087,69,63,6,6
48088,60,68,-8,8
48089,71,72,-1,1
48090,64,63,1,1
48091,69,65,4,4
48092,92,95,-3,3
48093,93,85,8,8
48094,88,87,1,1
48095,11,40,-29,29
48096,132,112,20,20
48097,62,79,-17,17
48098,73,77,-4,4
48099,110,95,15,15
48100,84,76,8,8
48101,63,52,11,11
48102,110,113,-3,3
48103,61,56,5,5
48104,81,89,-8,8
48105,107,118,-11,11
48106,161,151,10,10
48107,66,56,10,10
48108,59,57,2,2
48109,115,108,7,7
48110,113,109,4,4
48111,125,140,-15,15
48112,104,116,-12,12
48113,90,82,8,8
48114,84,76,8,8
48115,101,99,2,2
48116,151,138,13,13
48117,127,111,16,16
48118,102,100,2,2
48119,85,84,1,1
48120,64,73,-9,9
48121,114,111,3,3
48122,104,109,-5,5
48123,99,112,-13,13
48124,60,64,-4,4
48125,102,103,-1,1
48126,125,118,7,7
48127,109,128,-19,19
48128,106,97,9,9
48129,91,88,3,3
48130,54,61,-7,7
48131,86,98,-12,12
48132,108,114,-6,6
48133,61,58,3,3
48134,63,92,-29,29
48135,112,106,6,6
48136,35,50,-15,15
48137,86,82,4,4
48138,79,83,-4,4
48139,112,117,-5,5
48140,180,190,-10,10
48141,94,79,15,15
48142,125,132,-7,7
48143,82,75,7,7
48144,94,111,-17,17
48145,83,68,15,15
48146,93,94,-1,1
48147,89,106,-17,17
48148,63,55,8,8
48149,120,130,-10,10
48150,91,69,22,22
48151,102,127,-25,25
48152,70,72,-2,2
48153,66,59,7,7
48154,73,83,-10,10
48155,122,104,18,18
48156,50,43,7,7
48157,65,79,-14,14
48158,146,124,22,22
48159,72,78,-6,6
48160,109,93,16,16
48161,67,74,-7,7
48162,138,134,4,4
48163,78,82,-4,4
48164,143,139,4,4
48165,82,80,2,2
48166,147,157,-10,10
48167,115,113,2,2
48168,107,120,-13,13
48169,60,66,-6,6
48170,95,83,12,12
48171,95,100,-5,5
48172,39,61,-22,22
48173,75,81,-6,6
48174,61,60,1,1
48175,194,202,-8,8
48176,67,73,-6,6
48177,104,98,6,6
48178,79,70,9,9
48179,57,56,1,1
48180,45,48,-3,3
48181,66,80,-14,14
48182,70,76,-6,6
48183,61,75,-14,14
48184,93,85,8,8
48185,104,102,2,2
48186,122,145,-23,23
48187,64,71,-7,7
48188,68,69,-1,1
48189,132,127,5,5
48190,55,62,-7,7
48191,117,117,0,0
48192,89,81,8,8
48193,83,89,-6,6
48194,94,119,-25,25
48195,59,61,-2,2
48196,149,139,10,10
48197,77,77,0,0
48198,92,97,-5,5
48199,84,72,12,12
48200,71,68,3,3
48201,75,73,2,2
48202,123,107,16,16
48203,108,121,-13,13
48204,90,101,-11,11
48205,99,92,7,7
48206,38,46,-8,8
48207,59,61,-2,2
48208,104,103,1,1
48209,114,128,-14,14
48210,83,86,-3,3
48211,182,161,21,21
48212,89,86,3,3
48213,77,74,3,3
48214,146,143,3,3
48215,74,73,1,1
48216,73,72,1,1
48217,71,68,3,3
48218,70,65,5,5
48219,139,147,-8,8
48220,75,64,11,11
48221,110,135,-25,25
48222,106,105,1,1
48223,150,143,7,7
48224,132,134,-2,2
48225,108,98,10,10
48226,56,65,-9,9
48227,133,124,9,9
48228,123,113,10,10
48229,58,55,3,3
48230,73,82,-9,9
48231,118,111,7,7
48232,83,83,0,0
48233,66,68,-2,2
48234,83,88,-5,5
48235,89,92,-3,3
48236,87,94,-7,7
48237,95,83,12,12
48238,57,56,1,1
48239,124,125,-1,1
48240,136,134,2,2
48241,102,101,1,1
48242,123,126,-3,3
48243,53,53,0,0
48244,59,57,2,2
48245,150,157,-7,7
48246,140,116,24,24
48247,88,81,7,7
48248,140,138,2,2
48249,86,81,5,5
48250,106,95,11,11
48251,127,149,-22,22
48252,88,71,17,17
48253,99,99,0,0
48254,83,79,4,4
48255,81,77,4,4
48256,151,150,1,1
48257,144,144,0,0
48258,55,50,5,5
48259,66,57,9,9
48260,103,99,4,4
48261,100,95,5,5
48262,76,48,28,28
48263,115,118,-3,3
48264,135,135,0,0
48265,128,109,19,19
48266,163,145,18,18
48267,81,68,13,13
48268,88,83,5,5
48269,86,104,-18,18
48270,147,131,16,16
48271,179,163,16,16
48272,98,92,6,6
48273,91,83,8,8
48274,145,143,2,2
48275,53,51,2,2
48276,122,128,-6,6
48277,79,77,2,2
48278,118,126,-8,8
48279,100,71,29,29
48280,76,72,4,4
48281,148,151,-3,3
48282,55,101,-46,46
48283,80,80,0,0
48284,129,153,-24,24
48285,52,52,0,0
48286,108,112,-4,4
48287,71,70,1,1
48288,49,44,5,5
48289,111,99,12,12
48290,97,87,10,10
48291,106,105,1,1
48292,31,19,12,12
48293,62,68,-6,6
48294,140,151,-11,11
48295,102,102,0,0
48296,68,60,8,8
48297,66,55,11,11
48298,98,99,-1,1
48299,29,23,6,6
48300,162,159,3,3
48301,68,69,-1,1
48302,39,51,-12,12
48303,61,54,7,7
48304,126,140,-14,14
48305,82,65,17,17
48306,95,81,14,14
48307,86,91,-5,5
48308,91,90,1,1
48309,68,82,-14,14
48310,70,76,-6,6
48311,56,50,6,6
48312,113,113,0,0
48313,83,66,17,17
48314,185,177,8,8
48315,133,139,-6,6
48316,98,93,5,5
48317,47,53,-6,6
48318,86,84,2,2
48319,115,103,12,12
48320,121,111,10,10
48321,130,137,-7,7
48322,116,110,6,6
48323,55,48,7,7
48324,88,85,3,3
48325,158,151,7,7
48326,208,172,36,36
48327,104,90,14,14
48328,109,111,-2,2
48329,94,112,-18,18
48330,49,56,-7,7
48331,66,68,-2,2
48332,135,154,-19,19
48333,112,100,12,12
48334,75,60,15,15
48335,99,87,12,12
48336,98,105,-7,7
48337,77,81,-4,4
48338,108,94,14,14
48339,81,79,2,2
48340,99,109,-10,10
48341,113,89,24,24
48342,68,72,-4,4
48343,111,116,-5,5
48344,57,57,0,0
48345,141,122,19,19
48346,96,88,8,8
48347,57,63,-6,6
48348,86,81,5,5
48349,64,83,-19,19
48350,58,78,-20,20
48351,68,72,-4,4
48352,79,75,4,4
48353,128,135,-7,7
48354,133,123,10,10
48355,129,129,0,0
48356,98,96,2,2
48357,126,108,18,18
48358,68,73,-5,5
48359,98,85,13,13
48360,76,48,28,28
48361,151,126,25,25
48362,143,142,1,1
48363,81,78,3,3
48364,154,145,9,9
48365,99,98,1,1
48366,58,57,1,1
48367,40,46,-6,6
48368,101,120,-19,19
48369,88,66,22,22
48370,102,94,8,8
48371,82,74,8,8
48372,80,68,12,12
48373,77,73,4,4
48374,91,88,3,3
48375,133,125,8,8
48376,160,150,10,10
48377,137,136,1,1
48378,110,101,9,9
48379,78,72,6,6
48380,83,83,0,0
48381,68,85,-17,17
48382,85,97,-12,12
48383,90,90,0,0
48384,51,47,4,4
48385,95,93,2,2
48386,133,124,9,9
48387,63,59,4,4
48388,64,55,9,9
48389,64,55,9,9
48390,128,121,7,7
48391,94,103,-9,9
48392,87,82,5,5
48393,49,55,-6,6
48394,66,62,4,4
48395,53,59,-6,6
48396,99,105,-6,6
48397,55,65,-10,10
48398,166,161,5,5
48399,179,159,20,20
48400,100,93,7,7
48401,97,91,6,6
48402,139,134,5,5
48403,59,71,-12,12
48404,175,154,21,21
48405,123,121,2,2
48406,72,74,-2,2
48407,77,85,-8,8
48408,86,70,16,16
48409,52,52,0,0
48410,122,137,-15,15
48411,83,86,-3,3
48412,109,127,-18,18
48413,123,121,2,2
48414,72,74,-2,2
48415,86,54,32,32
48416,97,113,-16,16
48417,98,93,5,5
48418,98,80,18,18
48419,72,63,9,9
48420,160,147,13,13
48421,61,56,5,5
48422,91,94,-3,3
48423,65,58,7,7
48424,145,144,1,1
48425,60,63,-3,3
48426,125,117,8,8
48427,57,64,-7,7
48428,117,119,-2,2
48429,104,100,4,4
48430,141,126,15,15
48431,65,65,0,0
48432,78,75,3,3
48433,74,66,8,8
48434,82,77,5,5
48435,83,85,-2,2
48436,79,84,-5,5
48437,79,83,-4,4
48438,73,74,-1,1
48439,154,149,5,5
48440,89,72,17,17
48441,83,89,-6,6
48442,79,78,1,1
48443,167,148,19,19
48444,103,116,-13,13
48445,89,86,3,3
48446,199,181,18,18
48447,63,68,-5,5
48448,67,63,4,4
48449,152,165,-13,13
48450,98,95,3,3
48451,78,78,0,0
48452,78,73,5,5
48453,119,125,-6,6
48454,93,98,-5,5
48455,121,119,2,2
48456,105,84,21,21
48457,184,107,77,77
48458,60,66,-6,6
48459,167,147,20,20
48460,51,58,-7,7
48461,114,103,11,11
48462,59,51,8,8
48463,98,117,-19,19
48464,62,60,2,2
48465,74,58,16,16
48466,87,84,3,3
48467,84,79,5,5
48468,63,65,-2,2
48469,103,92,11,11
48470,133,112,21,21
48471,125,119,6,6
48472,137,132,5,5
48473,82,68,14,14
48474,145,135,10,10
48475,111,120,-9,9
48476,117,112,5,5
48477,61,53,8,8
48478,107,127,-20,20
48479,127,119,8,8
48480,50,49,1,1
48481,75,62,13,13
48482,173,162,11,11
48483,162,147,15,15
48484,72,87,-15,15
48485,104,99,5,5
48486,84,76,8,8
48487,84,76,8,8
48488,99,89,10,10
48489,109,107,2,2
48490,125,125,0,0
48491,100,110,-10,10
48492,108,110,-2,2
48493,118,125,-7,7
48494,70,82,-12,12
48495,67,53,14,14
48496,39,47,-8,8
48497,87,86,1,1
48498,71,73,-2,2
48499,65,74,-9,9
48500,185,159,26,26
48501,89,85,4,4
48502,94,91,3,3
48503,68,62,6,6
48504,66,55,11,11
48505,126,122,4,4
48506,99,97,2,2
48507,100,105,-5,5
48508,85,89,-4,4
48509,38,47,-9,9
48510,170,155,15,15
48511,109,87,22,22
48512,90,84,6,6
48513,58,61,-3,3
48514,52,49,3,3
48515,162,185,-23,23
48516,60,69,-9,9
48517,99,90,9,9
48518,80,86,-6,6
48519,82,89,-7,7
48520,112,108,4,4
48521,81,68,13,13
48522,112,144,-32,32
48523,160,145,15,15
48524,44,47,-3,3
48525,60,68,-8,8
48526,87,76,11,11
48527,66,65,1,1
48528,54,68,-14,14
48529,158,148,10,10
48530,125,128,-3,3
48531,61,66,-5,5
48532,179,160,19,19
48533,174,160,14,14
48534,86,101,-15,15
48535,86,102,-16,16
48536,79,115,-36,36
48537,60,56,4,4
48538,78,68,10,10
48539,128,124,4,4
48540,111,104,7,7
48541,98,93,5,5
48542,142,114,28,28
48543,65,57,8,8
48544,142,118,24,24
48545,176,176,0,0
48546,88,83,5,5
48547,165,159,6,6
48548,85,84,1,1
48549,85,82,3,3
48550,88,91,-3,3
48551,97,104,-7,7
48552,125,117,8,8
48553,99,91,8,8
48554,83,71,12,12
48555,97,86,11,11
48556,96,98,-2,2
48557,62,69,-7,7
48558,99,111,-12,12
48559,57,54,3,3
48560,77,77,0,0
48561,77,87,-10,10
48562,104,127,-23,23
48563,114,102,12,12
48564,94,86,8,8
48565,67,78,-11,11
48566,112,107,5,5
48567,128,120,8,8
48568,93,87,6,6
48569,115,130,-15,15
48570,63,58,5,5
48571,67,69,-2,2
48572,136,149,-13,13
48573,96,113,-17,17
48574,97,104,-7,7
48575,97,119,-22,22
48576,100,97,3,3
48577,60,57,3,3
48578,155,170,-15,15
48579,80,87,-7,7
48580,92,101,-9,9
48581,130,128,2,2
48582,139,121,18,18
48583,121,123,-2,2
48584,58,61,-3,3
48585,73,64,9,9
48586,98,91,7,7
48587,95,89,6,6
48588,126,109,17,17
48589,112,98,14,14
48590,82,84,-2,2
48591,105,101,4,4
48592,68,78,-10,10
48593,67,77,-10,10
48594,121,120,1,1
48595,164,139,25,25
48596,107,106,1,1
48597,110,113,-3,3
48598,125,125,0,0
48599,71,66,5,5
48600,77,80,-3,3
48601,97,95,2,2
48602,114,128,-14,14
48603,140,144,-4,4
48604,57,64,-7,7
48605,99,97,2,2
48606,99,88,11,11
48607,52,44,8,8
48608,83,77,6,6
48609,173,224,-51,51
48610,94,104,-10,10
48611,47,56,-9,9
48612,58,72,-14,14
48613,61,74,-13,13
48614,82,105,-23,23
48615,53,62,-9,9
48616,53,58,-5,5
48617,77,76,1,1
48618,88,93,-5,5
48619,74,74,0,0
48620,74,67,7,7
48621,150,144,6,6
48622,135,140,-5,5
48623,176,139,37,37
48624,53,53,0,0
48625,140,138,2,2
48626,106,118,-12,12
48627,189,171,18,18
48628,104,113,-9,9
48629,71,81,-10,10
48630,66,59,7,7
48631,82,95,-13,13
48632,111,112,-1,1
48633,114,103,11,11
48634,140,138,2,2
48635,95,98,-3,3
48636,152,159,-7,7
48637,101,114,-13,13
48638,67,70,-3,3
48639,47,54,-7,7
48640,73,82,-9,9
48641,84,101,-17,17
48642,92,80,12,12
48643,157,158,-1,1
48644,128,123,5,5
48645,96,118,-22,22
48646,91,93,-2,2
48647,92,93,-1,1
48648,132,133,-1,1
48649,170,165,5,5
48650,103,85,18,18
48651,46,49,-3,3
48652,123,107,16,16
48653,91,73,18,18
48654,111,111,0,0
48655,144,148,-4,4
48656,73,76,-3,3
48657,116,113,3,3
48658,137,152,-15,15
48659,131,143,-12,12
48660,37,40,-3,3
48661,84,92,-8,8
48662,91,90,1,1
48663,175,169,6,6
48664,137,132,5,5
48665,91,77,14,14
48666,41,49,-8,8
48667,88,71,17,17
48668,86,79,7,7
48669,67,60,7,7
48670,181,174,7,7
48671,108,104,4,4
48672,51,54,-3,3
48673,145,137,8,8
48674,87,86,1,1
48675,42,41,1,1
48676,92,88,4,4
48677,196,172,24,24
48678,43,51,-8,8
48679,108,104,4,4
48680,131,119,12,12
48681,105,121,-16,16
48682,77,75,2,2
48683,80,85,-5,5
48684,144,127,17,17
48685,120,128,-8,8
48686,70,64,6,6
48687,62,62,0,0
48688,40,49,-9,9
48689,80,75,5,5
48690,93,85,8,8
48691,41,47,-6,6
48692,90,103,-13,13
48693,82,80,2,2
48694,85,89,-4,4
48695,103,100,3,3
48696,119,111,8,8
48697,65,65,0,0
48698,85,73,12,12
48699,114,113,1,1
48700,95,87,8,8
48701,39,44,-5,5
48702,89,86,3,3
48703,116,126,-10,10
48704,133,132,1,1
48705,76,72,4,4
48706,146,116,30,30
48707,55,54,1,1
48708,170,170,0,0
48709,76,76,0,0
48710,89,86,3,3
48711,76,101,-25,25
48712,107,92,15,15
48713,69,70,-1,1
48714,94,113,-19,19
48715,106,106,0,0
48716,91,79,12,12
48717,158,160,-2,2
48718,110,101,9,9
48719,69,67,2,2
48720,90,74,16,16
48721,99,88,11,11
48722,74,73,1,1
48723,94,94,0,0
48724,70,63,7,7
48725,81,88,-7,7
48726,136,135,1,1
48727,89,95,-6,6
48728,113,114,-1,1
48729,110,101,9,9
48730,137,144,-7,7
48731,100,95,5,5
48732,114,112,2,2
48733,122,103,19,19
48734,27,35,-8,8
48735,105,120,-15,15
48736,65,70,-5,5
48737,120,128,-8,8
48738,68,65,3,3
48739,158,161,-3,3
48740,76,81,-5,5
48741,123,129,-6,6
48742,71,55,16,16
48743,86,97,-11,11
48744,68,75,-7,7
48745,118,110,8,8
48746,36,44,-8,8
48747,26,42,-16,16
48748,55,52,3,3
48749,87,77,10,10
48750,117,111,6,6
48751,36,43,-7,7
48752,112,96,16,16
48753,73,75,-2,2
48754,93,92,1,1
48755,122,115,7,7
48756,117,117,0,0
48757,116,127,-11,11
48758,95,86,9,9
48759,51,41,10,10
48760,81,71,10,10
48761,88,77,11,11
48762,62,56,6,6
48763,84,68,16,16
48764,69,69,0,0
48765,62,62,0,0
48766,101,113,-12,12
48767,112,115,-3,3
48768,182,172,10,10
48769,51,50,1,1
48770,89,75,14,14
48771,123,135,-12,12
48772,91,90,1,1
48773,67,76,-9,9
48774,150,134,16,16
48775,61,64,-3,3
48776,107,103,4,4
48777,53,65,-12,12
48778,79,87,-8,8
48779,143,155,-12,12
48780,115,117,-2,2
48781,66,74,-8,8
48782,104,104,0,0
48783,154,155,-1,1
48784,96,92,4,4
48785,165,159,6,6
48786,124,134,-10,10
48787,108,106,2,2
48788,106,108,-2,2
48789,124,149,-25,25
48790,91,96,-5,5
48791,98,117,-19,19
48792,74,88,-14,14
48793,146,147,-1,1
48794,136,142,-6,6
48795,96,109,-13,13
48796,117,126,-9,9
48797,113,107,6,6
48798,118,105,13,13
48799,151,148,3,3
48800,157,155,2,2
48801,98,86,12,12
48802,136,144,-8,8
48803,119,146,-27,27
48804,66,69,-3,3
48805,144,144,0,0
48806,118,117,1,1
48807,186,137,49,49
48808,91,91,0,0
48809,99,101,-2,2
48810,78,78,0,0
48811,81,87,-6,6
48812,77,80,-3,3
48813,51,50,1,1
48814,81,83,-2,2
48815,110,125,-15,15
48816,83,77,6,6
48817,75,85,-10,10
48818,73,80,-7,7
48819,113,123,-10,10
48820,84,69,15,15
48821,94,99,-5,5
48822,77,87,-10,10
48823,101,90,11,11
48824,100,86,14,14
48825,68,58,10,10
48826,65,79,-14,14
48827,159,162,-3,3
48828,66,43,23,23
48829,149,116,33,33
48830,81,93,-12,12
48831,56,56,0,0
48832,149,172,-23,23
48833,56,50,6,6
48834,110,95,15,15
48835,61,71,-10,10
48836,57,57,0,0
48837,107,105,2,2
48838,58,55,3,3
48839,106,108,-2,2
48840,145,119,26,26
48841,70,75,-5,5
48842,115,110,5,5
48843,106,91,15,15
48844,144,140,4,4
48845,129,120,9,9
48846,127,81,46,46
48847,223,178,45,45
48848,147,143,4,4
48849,95,84,11,11
48850,34,40,-6,6
48851,66,58,8,8
48852,88,79,9,9
48853,91,75,16,16
48854,90,87,3,3
48855,131,128,3,3
48856,61,65,-4,4
48857,66,68,-2,2
48858,125,141,-16,16
48859,69,67,2,2
48860,73,77,-4,4
48861,87,90,-3,3
48862,89,90,-1,1
48863,69,74,-5,5
48864,114,119,-5,5
48865,64,63,1,1
48866,146,138,8,8
48867,93,94,-1,1
48868,54,60,-6,6
48869,171,172,-1,1
48870,63,67,-4,4
48871,70,83,-13,13
48872,61,60,1,1
48873,75,67,8,8
48874,158,142,16,16
48875,65,74,-9,9
48876,93,87,6,6
48877,97,84,13,13
48878,126,92,34,34
48879,122,124,-2,2
48880,128,129,-1,1
48881,109,109,0,0
48882,90,84,6,6
48883,167,157,10,10
48884,79,67,12,12
48885,56,54,2,2
48886,117,109,8,8
48887,80,77,3,3
48888,48,48,0,0
48889,72,64,8,8
48890,69,66,3,3
48891,105,91,14,14
48892,103,91,12,12
48893,94,92,2,2
48894,91,83,8,8
48895,117,105,12,12
48896,168,136,32,32
48897,60,61,-1,1
48898,93,100,-7,7
48899,110,104,6,6
48900,61,54,7,7
48901,133,124,9,9
48902,124,89,35,35
48903,131,137,-6,6
48904,81,81,0,0
48905,78,77,1,1
48906,117,120,-3,3
48907,116,119,-3,3
48908,75,72,3,3
48909,50,56,-6,6
48910,76,71,5,5
48911,120,110,10,10
48912,96,86,10,10
48913,99,121,-22,22
48914,163,161,2,2
48915,136,140,-4,4
48916,150,143,7,7
48917,87,101,-14,14
48918,116,116,0,0
48919,127,132,-5,5
48920,73,68,5,5
48921,110,111,-1,1
48922,65,66,-1,1
48923,74,65,9,9
48924,98,108,-10,10
48925,74,68,6,6
48926,105,102,3,3
48927,92,101,-9,9
48928,80,80,0,0
48929,111,111,0,0
48930,93,94,-1,1
48931,69,62,7,7
48932,76,75,1,1
48933,59,55,4,4
48934,127,119,8,8
48935,45,52,-7,7
48936,100,74,26,26
48937,111,109,2,2
48938,165,169,-4,4
48939,161,171,-10,10
48940,108,111,-3,3
48941,85,133,-48,48
48942,131,137,-6,6
48943,28,46,-18,18
48944,92,81,11,11
48945,55,64,-9,9
48946,134,136,-2,2
48947,112,110,2,2
48948,123,103,20,20
48949,137,141,-4,4
48950,72,88,-16,16
48951,116,103,13,13
48952,136,122,14,14
48953,122,125,-3,3
48954,120,115,5,5
48955,85,68,17,17
48956,98,99,-1,1
48957,108,129,-21,21
48958,95,94,1,1
48959,71,69,2,2
48960,160,139,21,21
48961,112,119,-7,7
48962,98,102,-4,4
48963,72,70,2,2
48964,102,98,4,4
48965,95,86,9,9
48966,130,120,10,10
48967,96,90,6,6
48968,123,110,13,13
48969,100,120,-20,20
48970,172,173,-1,1
48971,55,56,-1,1
48972,60,76,-16,16
48973,101,108,-7,7
48974,90,103,-13,13
48975,76,77,-1,1
48976,80,91,-11,11
48977,100,106,-6,6
48978,61,54,7,7
48979,75,73,2,2
48980,81,100,-19,19
48981,121,115,6,6
48982,81,79,2,2
48983,139,142,-3,3
48984,86,67,19,19
48985,94,88,6,6
48986,121,112,9,9
48987,83,74,9,9
48988,127,111,16,16
48989,49,67,-18,18
48990,83,86,-3,3
48991,76,72,4,4
48992,113,109,4,4
48993,73,68,5,5
48994,85,89,-4,4
48995,97,93,4,4
48996,82,71,11,11
48997,103,102,1,1
48998,68,71,-3,3
48999,65,74,-9,9
49000,46,53,-7,7
49001,108,115,-7,7
49002,96,110,-14,14
49003,133,132,1,1
49004,97,95,2,2
49005,62,51,11,11
49006,95,99,-4,4
49007,132,122,10,10
49008,164,156,8,8
49009,62,55,7,7
49010,81,79,2,2
49011,91,97,-6,6
49012,73,66,7,7
49013,73,70,3,3
49014,105,118,-13,13
49015,75,88,-13,13
49016,73,56,17,17
49017,94,98,-4,4
49018,112,125,-13,13
49019,107,105,2,2
49020,79,84,-5,5
49021,128,135,-7,7
49022,100,88,12,12
49023,68,67,1,1
49024,84,72,12,12
49025,115,107,8,8
49026,68,64,4,4
49027,50,44,6,6
49028,80,81,-1,1
49029,71,73,-2,2
49030,115,121,-6,6
49031,103,113,-10,10
49032,112,110,2,2
49033,95,88,7,7
49034,132,132,0,0
49035,108,100,8,8
49036,89,95,-6,6
49037,96,89,7,7
49038,110,106,4,4
49039,103,90,13,13
49040,113,98,15,15
49041,72,74,-2,2
49042,85,87,-2,2
49043,106,115,-9,9
49044,101,101,0,0
49045,117,131,-14,14
49046,67,80,-13,13
49047,82,84,-2,2
49048,61,61,0,0
49049,64,55,9,9
49050,86,94,-8,8
49051,89,88,1,1
49052,49,45,4,4
49053,136,110,26,26
49054,137,130,7,7
49055,79,79,0,0
49056,127,111,16,16
49057,130,108,22,22
49058,119,118,1,1
49059,83,83,0,0
49060,98,106,-8,8
49061,124,125,-1,1
49062,72,80,-8,8
49063,114,130,-16,16
49064,144,129,15,15
49065,117,108,9,9
49066,68,69,-1,1
49067,41,46,-5,5
49068,88,102,-14,14
49069,156,151,5,5
49070,85,72,13,13
49071,99,96,3,3
49072,71,100,-29,29
49073,152,119,33,33
49074,86,82,4,4
49075,95,86,9,9
49076,100,88,12,12
49077,99,103,-4,4
49078,137,90,47,47
49079,78,69,9,9
49080,142,132,10,10
49081,80,86,-6,6
49082,70,69,1,1
49083,112,95,17,17
49084,116,111,5,5
49085,76,76,0,0
49086,128,120,8,8
49087,101,100,1,1
49088,111,107,4,4
49089,71,78,-7,7
49090,129,127,2,2
49091,170,157,13,13
49092,136,119,17,17
49093,105,83,22,22
49094,117,101,16,16
49095,102,93,9,9
49096,77,79,-2,2
49097,103,112,-9,9
49098,53,53,0,0
49099,94,93,1,1
49100,73,65,8,8
49101,65,65,0,0
49102,107,128,-21,21
49103,78,84,-6,6
49104,83,69,14,14
49105,117,113,4,4
49106,33,41,-8,8
49107,97,95,2,2
49108,119,131,-12,12
49109,74,72,2,2
49110,96,93,3,3
49111,113,110,3,3
49112,68,74,-6,6
49113,78,67,11,11
49114,123,88,35,35
49115,121,122,-1,1
49116,74,72,2,2
49117,100,104,-4,4
49118,71,83,-12,12
49119,46,55,-9,9
49120,90,94,-4,4
49121,63,72,-9,9
49122,94,122,-28,28
49123,83,87,-4,4
49124,86,93,-7,7
49125,116,115,1,1
49126,107,94,13,13
49127,111,131,-20,20
49128,211,137,74,74
49129,71,64,7,7
49130,57,71,-14,14
49131,135,106,29,29
49132,111,108,3,3
49133,97,92,5,5
49134,139,145,-6,6
49135,96,93,3,3
49136,91,86,5,5
49137,131,147,-16,16
49138,134,142,-8,8
49139,81,82,-1,1
49140,123,111,12,12
49141,122,126,-4,4
49142,149,148,1,1
49143,122,116,6,6
49144,114,105,9,9
49145,112,109,3,3
49146,110,103,7,7
49147,111,117,-6,6
49148,50,49,1,1
49149,52,56,-4,4
49150,119,133,-14,14
49151,67,81,-14,14
49152,135,139,-4,4
49153,81,60,21,21
49154,122,105,17,17
49155,130,131,-1,1
49156,60,62,-2,2
49157,108,123,-15,15
49158,97,97,0,0
49159,50,51,-1,1
49160,77,59,18,18
49161,106,94,12,12
49162,100,108,-8,8
49163,70,75,-5,5
49164,99,112,-13,13
49165,108,132,-24,24
49166,138,125,13,13
49167,132,134,-2,2
49168,73,84,-11,11
49169,73,78,-5,5
49170,111,92,19,19
49171,101,107,-6,6
49172,123,130,-7,7
49173,80,94,-14,14
49174,56,57,-1,1
49175,101,104,-3,3
49176,119,121,-2,2
49177,125,147,-22,22
49178,107,107,0,0
49179,141,131,10,10
49180,110,135,-25,25
49181,91,87,4,4
49182,67,58,9,9
49183,91,95,-4,4
49184,62,61,1,1
49185,66,52,14,14
49186,51,100,-49,49
49187,26,36,-10,10
49188,112,111,1,1
49189,85,73,12,12
49190,173,158,15,15
49191,65,55,10,10
49192,71,74,-3,3
49193,48,118,-70,70
49194,113,112,1,1
49195,111,117,-6,6
49196,76,80,-4,4
49197,72,62,10,10
49198,104,98,6,6
49199,113,110,3,3
49200,80,76,4,4
49201,129,142,-13,13
49202,80,73,7,7
49203,99,103,-4,4
49204,98,98,0,0
49205,186,177,9,9
49206,84,82,2,2
49207,46,57,-11,11
49208,81,87,-6,6
49209,62,62,0,0
49210,85,85,0,0
49211,63,60,3,3
49212,114,121,-7,7
49213,91,85,6,6
49214,100,118,-18,18
49215,53,64,-11,11
49216,127,113,14,14
49217,93,85,8,8
49218,59,57,2,2
49219,52,51,1,1
49220,100,86,14,14
49221,73,76,-3,3
49222,110,105,5,5
49223,88,69,19,19
49224,87,89,-2,2
49225,53,56,-3,3
49226,96,106,-10,10
49227,70,92,-22,22
49228,80,88,-8,8
49229,80,73,7,7
49230,78,74,4,4
49231,45,44,1,1
49232,97,91,6,6
49233,172,158,14,14
49234,92,98,-6,6
49235,72,73,-1,1
49236,125,139,-14,14
49237,72,72,0,0
49238,156,148,8,8
49239,61,67,-6,6
49240,118,122,-4,4
49241,89,132,-43,43
49242,126,106,20,20
49243,121,101,20,20
49244,63,73,-10,10
49245,96,85,11,11
49246,123,111,12,12
49247,80,82,-2,2
49248,120,121,-1,1
49249,75,78,-3,3
49250,128,133,-5,5
49251,166,176,-10,10
49252,129,121,8,8
49253,74,75,-1,1
49254,70,76,-6,6
49255,75,77,-2,2
49256,115,90,25,25
49257,109,109,0,0
49258,86,76,10,10
49259,90,105,-15,15
49260,95,87,8,8
49261,102,111,-9,9
49262,178,168,10,10
49263,140,136,4,4
49264,148,145,3,3
49265,75,84,-9,9
49266,94,89,5,5
49267,83,85,-2,2
49268,184,183,1,1
49269,98,92,6,6
49270,36,38,-2,2
49271,68,69,-1,1
49272,88,86,2,2
49273,71,67,4,4
49274,80,77,3,3
49275,81,77,4,4
49276,98,110,-12,12
49277,99,92,7,7
49278,41,47,-6,6
49279,51,95,-44,44
49280,161,155,6,6
49281,76,72,4,4
49282,103,96,7,7
49283,86,82,4,4
49284,111,107,4,4
49285,132,115,17,17
49286,91,89,2,2
49287,114,85,29,29
49288,106,95,11,11
49289,140,117,23,23
49290,54,46,8,8
49291,231,194,37,37
49292,74,71,3,3
49293,59,60,-1,1
49294,149,130,19,19
49295,98,85,13,13
49296,96,84,12,12
49297,98,94,4,4
49298,29,40,-11,11
49299,80,78,2,2
49300,115,112,3,3
49301,75,66,9,9
49302,93,107,-14,14
49303,86,85,1,1
49304,67,61,6,6
49305,56,46,10,10
49306,120,127,-7,7
49307,188,170,18,18
49308,31,36,-5,5
49309,51,64,-13,13
49310,55,59,-4,4
49311,81,87,-6,6
49312,75,78,-3,3
49313,63,68,-5,5
49314,85,87,-2,2
49315,32,31,1,1
49316,83,80,3,3
49317,86,91,-5,5
49318,122,101,21,21
49319,46,51,-5,5
49320,122,108,14,14
49321,101,110,-9,9
49322,55,68,-13,13
49323,80,60,20,20
49324,106,105,1,1
49325,79,86,-7,7
49326,143,145,-2,2
49327,124,133,-9,9
49328,128,130,-2,2
49329,88,97,-9,9
49330,98,105,-7,7
49331,207,184,23,23
49332,133,121,12,12
49333,46,48,-2,2
49334,115,121,-6,6
49335,75,57,18,18
49336,93,88,5,5
49337,99,118,-19,19
49338,107,112,-5,5
49339,99,95,4,4
49340,78,72,6,6
49341,104,94,10,10
49342,112,115,-3,3
49343,75,108,-33,33
49344,84,94,-10,10
49345,87,109,-22,22
49346,83,75,8,8
49347,151,136,15,15
49348,23,39,-16,16
49349,168,151,17,17
49350,62,61,1,1
49351,65,65,0,0
49352,68,69,-1,1
49353,110,119,-9,9
49354,159,146,13,13
49355,44,50,-6,6
49356,144,141,3,3
49357,71,69,2,2
49358,71,58,13,13
49359,131,107,24,24
49360,148,100,48,48
49361,116,119,-3,3
49362,117,108,9,9
49363,116,131,-15,15
49364,95,88,7,7
49365,59,71,-12,12
49366,41,43,-2,2
49367,80,87,-7,7
49368,66,71,-5,5
49369,98,82,16,16
49370,186,166,20,20
49371,109,116,-7,7
49372,97,132,-35,35
49373,74,69,5,5
49374,113,126,-13,13
49375,61,61,0,0
49376,108,112,-4,4
49377,123,110,13,13
49378,78,65,13,13
49379,57,64,-7,7
49380,42,50,-8,8
49381,118,128,-10,10
49382,59,60,-1,1
49383,96,108,-12,12
49384,69,83,-14,14
49385,94,77,17,17
49386,84,86,-2,2
49387,182,178,4,4
49388,44,44,0,0
49389,74,87,-13,13
49390,84,71,13,13
49391,173,153,20,20
49392,73,84,-11,11
49393,67,74,-7,7
49394,84,89,-5,5
49395,106,104,2,2
49396,80,76,4,4
49397,79,90,-11,11
49398,61,66,-5,5
49399,73,77,-4,4
49400,50,49,1,1
49401,94,95,-1,1
49402,86,89,-3,3
49403,71,63,8,8
49404,60,66,-6,6
49405,126,127,-1,1
49406,60,63,-3,3
49407,65,68,-3,3
49408,83,81,2,2
49409,47,46,1,1
49410,234,196,38,38
49411,101,83,18,18
49412,111,111,0,0
49413,65,56,9,9
49414,50,63,-13,13
49415,63,71,-8,8
49416,121,135,-14,14
49417,63,51,12,12
49418,105,102,3,3
49419,51,56,-5,5
49420,85,74,11,11
49421,154,146,8,8
49422,130,120,10,10
49423,95,93,2,2
49424,55,58,-3,3
49425,95,95,0,0
49426,154,150,4,4
49427,109,109,0,0
49428,57,67,-10,10
49429,109,107,2,2
49430,125,113,12,12
49431,85,78,7,7
49432,76,78,-2,2
49433,66,80,-14,14
49434,89,90,-1,1
49435,64,60,4,4
49436,46,52,-6,6
49437,79,82,-3,3
49438,114,123,-9,9
49439,73,70,3,3
49440,130,135,-5,5
49441,78,69,9,9
49442,62,66,-4,4
49443,49,46,3,3
49444,65,69,-4,4
49445,66,61,5,5
49446,72,81,-9,9
49447,81,78,3,3
49448,131,135,-4,4
49449,113,105,8,8
49450,103,94,9,9
49451,60,63,-3,3
49452,61,59,2,2
49453,62,58,4,4
49454,79,67,12,12
49455,111,124,-13,13
49456,108,104,4,4
49457,124,95,29,29
49458,93,73,20,20
49459,121,128,-7,7
49460,49,35,14,14
49461,72,74,-2,2
49462,86,72,14,14
49463,64,63,1,1
49464,95,80,15,15
49465,108,101,7,7
49466,148,147,1,1
49467,71,60,11,11
49468,85,100,-15,15
49469,72,68,4,4
49470,107,103,4,4
49471,121,103,18,18
49472,119,176,-57,57
49473,81,100,-19,19
49474,94,95,-1,1
49475,147,115,32,32
49476,101,103,-2,2
49477,106,102,4,4
49478,59,61,-2,2
49479,70,61,9,9
49480,52,48,4,4
49481,89,71,18,18
49482,128,120,8,8
49483,111,130,-19,19
49484,146,147,-1,1
49485,49,50,-1,1
49486,110,101,9,9
49487,119,110,9,9
49488,96,101,-5,5
49489,119,108,11,11
49490,140,142,-2,2
49491,124,121,3,3
49492,90,81,9,9
49493,68,67,1,1
49494,92,98,-6,6
49495,163,139,24,24
49496,77,74,3,3
49497,103,82,21,21
49498,126,117,9,9
49499,70,68,2,2
49500,127,116,11,11
49501,76,79,-3,3
49502,138,123,15,15
49503,88,88,0,0
49504,58,83,-25,25
49505,68,69,-1,1
49506,146,147,-1,1
49507,139,139,0,0
49508,71,75,-4,4
49509,143,143,0,0
49510,123,93,30,30
49511,55,70,-15,15
49512,93,83,10,10
49513,74,78,-4,4
49514,122,116,6,6
49515,79,72,7,7
49516,75,78,-3,3
49517,72,83,-11,11
49518,122,124,-2,2
49519,82,80,2,2
49520,66,62,4,4
49521,67,60,7,7
49522,62,59,3,3
49523,108,89,19,19
49524,82,79,3,3
49525,93,104,-11,11
49526,57,62,-5,5
49527,73,74,-1,1
49528,116,98,18,18
49529,97,89,8,8
49530,107,110,-3,3
49531,69,56,13,13
49532,118,120,-2,2
49533,112,115,-3,3
49534,75,77,-2,2
49535,128,138,-10,10
49536,96,96,0,0
49537,81,82,-1,1
49538,149,131,18,18
49539,65,70,-5,5
49540,28,31,-3,3
49541,92,88,4,4
49542,82,86,-4,4
49543,65,77,-12,12
49544,130,141,-11,11
49545,85,83,2,2
49546,105,100,5,5
49547,119,118,1,1
49548,124,124,0,0
49549,89,83,6,6
49550,52,50,2,2
49551,95,81,14,14
49552,111,115,-4,4
49553,110,95,15,15
49554,104,108,-4,4
49555,107,120,-13,13
49556,79,67,12,12
49557,98,90,8,8
49558,113,114,-1,1
49559,59,56,3,3
49560,86,80,6,6
49561,40,57,-17,17
49562,59,54,5,5
49563,108,109,-1,1
49564,49,47,2,2
49565,86,77,9,9
49566,84,73,11,11
49567,93,92,1,1
49568,74,71,3,3
49569,73,75,-2,2
49570,89,97,-8,8
49571,83,88,-5,5
49572,94,92,2,2
49573,103,95,8,8
49574,117,120,-3,3
49575,162,126,36,36
49576,72,83,-11,11
49577,107,108,-1,1
49578,122,114,8,8
49579,108,106,2,2
49580,96,76,20,20
49581,98,84,14,14
49582,111,117,-6,6
49583,51,53,-2,2
49584,70,81,-11,11
49585,64,61,3,3
49586,47,49,-2,2
49587,45,44,1,1
49588,69,92,-23,23
49589,91,93,-2,2
49590,77,71,6,6
49591,83,77,6,6
49592,73,66,7,7
49593,70,66,4,4
49594,228,169,59,59
49595,50,53,-3,3
49596,69,62,7,7
49597,88,84,4,4
49598,76,67,9,9
49599,80,70,10,10
49600,73,70,3,3
49601,86,77,9,9
49602,103,117,-14,14
49603,135,136,-1,1
49604,75,85,-10,10
49605,78,76,2,2
49606,114,97,17,17
49607,112,84,28,28
49608,66,69,-3,3
49609,94,88,6,6
49610,86,75,11,11
49611,86,71,15,15
49612,115,118,-3,3
49613,81,76,5,5
49614,96,107,-11,11
49615,100,102,-2,2
49616,137,125,12,12
49617,71,74,-3,3
49618,77,80,-3,3
49619,102,96,6,6
49620,83,81,2,2
49621,87,94,-7,7
49622,123,102,21,21
49623,65,67,-2,2
49624,59,61,-2,2
49625,98,99,-1,1
49626,127,125,2,2
49627,141,128,13,13
49628,55,65,-10,10
49629,63,71,-8,8
49630,102,88,14,14
49631,63,67,-4,4
49632,108,99,9,9
49633,105,109,-4,4
49634,57,48,9,9
49635,64,46,18,18
49636,83,81,2,2
49637,97,101,-4,4
49638,97,97,0,0
49639,84,99,-15,15
49640,117,113,4,4
49641,99,96,3,3
49642,106,100,6,6
49643,101,86,15,15
49644,91,77,14,14
49645,131,131,0,0
49646,162,152,10,10
49647,81,81,0,0
49648,56,73,-17,17
49649,120,111,9,9
49650,103,92,11,11
49651,43,47,-4,4
49652,59,62,-3,3
49653,90,62,28,28
49654,116,119,-3,3
49655,55,45,10,10
49656,97,87,10,10
49657,99,85,14,14
49658,52,52,0,0
49659,32,40,-8,8
49660,91,99,-8,8
49661,92,111,-19,19
49662,52,56,-4,4
49663,159,132,27,27
49664,144,133,11,11
49665,115,120,-5,5
49666,44,46,-2,2
49667,114,122,-8,8
49668,183,162,21,21
49669,94,88,6,6
49670,82,99,-17,17
49671,85,76,9,9
49672,71,64,7,7
49673,151,143,8,8
49674,98,95,3,3
49675,116,112,4,4
49676,108,100,8,8
49677,85,89,-4,4
49678,96,111,-15,15
49679,94,106,-12,12
49680,59,63,-4,4
49681,81,81,0,0
49682,125,130,-5,5
49683,64,72,-8,8
49684,106,108,-2,2
49685,89,87,2,2
49686,91,77,14,14
49687,72,54,18,18
49688,69,81,-12,12
49689,94,83,11,11
49690,133,129,4,4
49691,115,128,-13,13
49692,92,92,0,0
49693,171,164,7,7
49694,108,111,-3,3
49695,102,111,-9,9
49696,133,136,-3,3
49697,89,83,6,6
49698,93,89,4,4
49699,39,105,-66,66
49700,119,112,7,7
49701,116,112,4,4
49702,71,58,13,13
49703,121,127,-6,6
49704,109,108,1,1
49705,121,114,7,7
49706,87,89,-2,2
49707,73,83,-10,10
49708,103,89,14,14
49709,50,57,-7,7
49710,53,61,-8,8
49711,94,91,3,3
49712,143,156,-13,13
49713,68,67,1,1
49714,148,146,2,2
49715,54,54,0,0
49716,121,111,10,10
49717,116,91,25,25
49718,91,101,-10,10
49719,74,66,8,8
49720,68,77,-9,9
49721,129,136,-7,7
49722,69,59,10,10
49723,43,48,-5,5
49724,125,114,11,11
49725,101,121,-20,20
49726,188,160,28,28
49727,135,117,18,18
49728,57,55,2,2
49729,96,101,-5,5
49730,68,64,4,4
49731,154,137,17,17
49732,101,105,-4,4
49733,48,47,1,1
49734,62,72,-10,10
49735,182,160,22,22
49736,83,108,-25,25
49737,52,58,-6,6
49738,97,87,10,10
49739,108,68,40,40
49740,90,115,-25,25
49741,88,78,10,10
49742,109,105,4,4
49743,84,93,-9,9
49744,93,99,-6,6
49745,87,82,5,5
49746,75,77,-2,2
49747,77,101,-24,24
49748,159,151,8,8
49749,56,51,5,5
49750,135,133,2,2
49751,42,43,-1,1
49752,42,44,-2,2
49753,82,99,-17,17
49754,106,111,-5,5
49755,98,104,-6,6
49756,59,61,-2,2
49757,158,136,22,22
49758,109,132,-23,23
49759,93,101,-8,8
49760,174,164,10,10
49761,91,97,-6,6
49762,138,120,18,18
49763,104,106,-2,2
49764,92,97,-5,5
49765,67,63,4,4
49766,87,84,3,3
49767,135,136,-1,1
49768,102,93,9,9
49769,164,156,8,8
49770,67,74,-7,7
49771,106,98,8,8
49772,88,94,-6,6
49773,109,103,6,6
49774,97,87,10,10
49775,49,55,-6,6
49776,124,111,13,13
49777,64,50,14,14
49778,160,157,3,3
49779,108,105,3,3
49780,71,66,5,5
49781,108,100,8,8
49782,87,83,4,4
49783,181,163,18,18
49784,100,92,8,8
49785,52,54,-2,2
49786,128,120,8,8
49787,84,75,9,9
49788,123,119,4,4
49789,131,119,12,12
49790,113,118,-5,5
49791,127,134,-7,7
49792,85,83,2,2
49793,71,65,6,6
49794,108,110,-2,2
49795,74,65,9,9
49796,160,154,6,6
49797,72,77,-5,5
49798,75,71,4,4
49799,122,125,-3,3
49800,85,86,-1,1
49801,74,90,-16,16
49802,44,80,-36,36
49803,110,128,-18,18
49804,64,73,-9,9
49805,40,45,-5,5
49806,124,116,8,8
49807,88,96,-8,8
49808,123,119,4,4
49809,122,134,-12,12
49810,122,120,2,2
49811,104,89,15,15
49812,100,113,-13,13
49813,83,74,9,9
49814,50,49,1,1
49815,93,86,7,7
49816,91,95,-4,4
49817,78,86,-8,8
49818,121,92,29,29
49819,90,83,7,7
49820,53,59,-6,6
49821,112,105,7,7
49822,82,75,7,7
49823,167,159,8,8
49824,97,82,15,15
49825,63,61,2,2
49826,112,120,-8,8
49827,102,78,24,24
49828,78,80,-2,2
49829,124,121,3,3
49830,60,54,6,6
49831,59,50,9,9
49832,55,80,-25,25
49833,154,146,8,8
49834,86,84,2,2
49835,102,99,3,3
49836,70,74,-4,4
49837,47,46,1,1
49838,79,56,23,23
49839,62,57,5,5
49840,114,127,-13,13
49841,117,101,16,16
49842,60,67,-7,7
49843,86,75,11,11
49844,152,161,-9,9
49845,168,164,4,4
49846,124,129,-5,5
49847,60,63,-3,3
49848,125,125,0,0
49849,62,66,-4,4
49850,88,91,-3,3
49851,66,68,-2,2
49852,175,153,22,22
49853,88,84,4,4
49854,45,56,-11,11
49855,74,62,12,12
49856,135,149,-14,14
49857,106,100,6,6
49858,130,127,3,3
49859,79,89,-10,10
49860,81,73,8,8
49861,65,81,-16,16
49862,107,89,18,18
49863,97,84,13,13
49864,76,91,-15,15
49865,116,101,15,15
49866,59,58,1,1
49867,54,53,1,1
49868,98,92,6,6
49869,128,151,-23,23
49870,106,103,3,3
49871,78,77,1,1
49872,131,124,7,7
49873,69,64,5,5
49874,153,165,-12,12
49875,71,72,-1,1
49876,67,66,1,1
49877,107,98,9,9
49878,75,96,-21,21
49879,87,88,-1,1
49880,94,81,13,13
49881,90,103,-13,13
49882,74,81,-7,7
49883,135,131,4,4
49884,134,127,7,7
49885,151,148,3,3
49886,92,103,-11,11
49887,92,92,0,0
49888,80,86,-6,6
49889,91,92,-1,1
49890,89,92,-3,3
49891,86,83,3,3
49892,76,65,11,11
49893,107,102,5,5
49894,140,90,50,50
49895,85,103,-18,18
49896,85,86,-1,1
49897,69,60,9,9
49898,96,93,3,3
49899,62,57,5,5
49900,79,70,9,9
49901,138,121,17,17
49902,115,94,21,21
49903,106,93,13,13
49904,93,85,8,8
49905,122,116,6,6
49906,106,88,18,18
49907,90,87,3,3
49908,88,75,13,13
49909,72,57,15,15
49910,84,100,-16,16
49911,138,134,4,4
49912,92,95,-3,3
49913,95,94,1,1
49914,86,75,11,11
49915,73,61,12,12
49916,70,77,-7,7
49917,61,68,-7,7
49918,161,144,17,17
49919,89,91,-2,2
49920,130,124,6,6
49921,99,64,35,35
49922,79,75,4,4
49923,47,80,-33,33
49924,75,75,0,0
49925,69,60,9,9
49926,78,77,1,1
49927,45,58,-13,13
49928,67,73,-6,6
49929,99,98,1,1
49930,92,100,-8,8
49931,116,102,14,14
49932,132,126,6,6
49933,88,78,10,10
49934,94,101,-7,7
49935,112,118,-6,6
49936,40,51,-11,11
49937,58,62,-4,4
49938,88,76,12,12
49939,85,78,7,7
49940,86,132,-46,46
49941,145,143,2,2
49942,105,110,-5,5
49943,99,90,9,9
49944,62,63,-1,1
49945,95,94,1,1
49946,90,68,22,22
49947,57,57,0,0
49948,104,92,12,12
49949,70,72,-2,2
49950,103,89,14,14
49951,102,109,-7,7
49952,56,70,-14,14
49953,67,59,8,8
49954,65,66,-1,1
49955,65,70,-5,5
49956,100,98,2,2
49957,77,84,-7,7
49958,140,125,15,15
49959,86,63,23,23
49960,123,117,6,6
49961,33,78,-45,45
49962,102,104,-2,2
49963,116,112,4,4
49964,63,67,-4,4
49965,79,76,3,3
49966,160,145,15,15
49967,60,62,-2,2
49968,65,47,18,18
49969,84,80,4,4
49970,67,63,4,4
49971,90,93,-3,3
49972,70,78,-8,8
49973,68,75,-7,7
49974,104,118,-14,14
49975,87,81,6,6
49976,124,112,12,12
49977,128,116,12,12
49978,166,171,-5,5
49979,72,76,-4,4
49980,54,48,6,6
49981,111,100,11,11
49982,93,81,12,12
49983,107,100,7,7
49984,137,135,2,2
49985,89,83,6,6
49986,68,57,11,11
49987,52,53,-1,1
49988,75,82,-7,7
49989,79,72,7,7
49990,48,53,-5,5
49991,75,66,9,9
49992,85,86,-1,1
49993,78,74,4,4
49994,101,92,9,9
49995,173,158,15,15
49996,90,79,11,11
49997,55,52,3,3
49998,98,95,3,3
49999,131,101,30,30
50000,149,127,22,22
50001,90,87,3,3
50002,51,45,6,6
50003,68,74,-6,6
50004,111,96,15,15
50005,77,83,-6,6
50006,150,123,27,27
50007,123,116,7,7
50008,42,49,-7,7
50009,111,101,10,10
50010,73,78,-5,5
50011,77,74,3,3
50012,74,92,-18,18
50013,145,87,58,58
50014,77,67,10,10
50015,102,101,1,1
50016,79,79,0,0
50017,65,56,9,9
50018,64,70,-6,6
50019,54,42,12,12
50020,127,117,10,10
50021,126,131,-5,5
50022,83,76,7,7
50023,108,105,3,3
50024,103,99,4,4
50025,132,129,3,3
50026,141,121,20,20
50027,132,128,4,4
50028,71,64,7,7
50029,111,104,7,7
50030,133,114,19,19
50031,102,107,-5,5
50032,57,57,0,0
50033,92,108,-16,16
50034,120,110,10,10
50035,85,78,7,7
50036,86,103,-17,17
50037,79,73,6,6
50038,69,72,-3,3
50039,63,55,8,8
50040,118,124,-6,6
50041,132,117,15,15
50042,72,75,-3,3
50043,98,118,-20,20
50044,110,108,2,2
50045,105,102,3,3
50046,67,66,1,1
50047,92,88,4,4
50048,118,138,-20,20
50049,134,123,11,11
50050,70,63,7,7
50051,129,119,10,10
50052,67,60,7,7
50053,36,143,-107,107
50054,137,146,-9,9
50055,40,51,-11,11
50056,89,90,-1,1
50057,89,77,12,12
50058,83,77,6,6
50059,70,91,-21,21
50060,125,125,0,0
50061,113,105,8,8
50062,64,63,1,1
50063,101,91,10,10
50064,92,90,2,2
50065,118,121,-3,3
50066,70,61,9,9
50067,87,123,-36,36
50068,112,105,7,7
50069,195,183,12,12
50070,122,120,2,2
50071,59,50,9,9
50072,155,151,4,4
50073,131,120,11,11
50074,143,122,21,21
50075,117,98,19,19
50076,120,121,-1,1
50077,113,109,4,4
50078,102,79,23,23
50079,131,125,6,6
50080,105,84,21,21
50081,87,78,9,9
50082,66,121,-55,55
50083,122,153,-31,31
50084,116,96,20,20
50085,104,102,2,2
50086,51,49,2,2
50087,90,96,-6,6
50088,87,85,2,2
50089,93,95,-2,2
50090,61,71,-10,10
50091,106,115,-9,9
50092,47,47,0,0
50093,80,65,15,15
50094,74,66,8,8
50095,50,65,-15,15
50096,167,162,5,5
50097,56,53,3,3
50098,110,116,-6,6
50099,160,87,73,73
50100,105,110,-5,5
50101,63,63,0,0
50102,97,95,2,2
50103,98,89,9,9
50104,108,118,-10,10
50105,105,104,1,1
50106,119,101,18,18
50107,144,130,14,14
50108,65,71,-6,6
50109,112,99,13,13
50110,113,102,11,11
50111,98,114,-16,16
50112,83,79,4,4
50113,170,161,9,9
50114,88,91,-3,3
50115,109,101,8,8
50116,92,87,5,5
50117,121,130,-9,9
50118,58,60,-2,2
50119,96,126,-30,30
50120,108,102,6,6
50121,150,145,5,5
50122,78,76,2,2
50123,43,48,-5,5
50124,49,49,0,0
50125,173,154,19,19
50126,100,95,5,5
50127,104,99,5,5
50128,76,90,-14,14
50129,108,104,4,4
50130,148,140,8,8
50131,74,69,5,5
50132,72,70,2,2
50133,78,68,10,10
50134,108,106,2,2
50135,92,91,1,1
50136,94,101,-7,7
50137,104,114,-10,10
50138,102,120,-18,18
50139,70,69,1,1
50140,88,83,5,5
50141,104,118,-14,14
50142,115,96,19,19
50143,87,64,23,23
50144,110,101,9,9
50145,70,88,-18,18
50146,78,75,3,3
50147,80,92,-12,12
50148,56,51,5,5
50149,125,121,4,4
50150,79,71,8,8
50151,90,84,6,6
50152,134,124,10,10
50153,123,114,9,9
50154,116,95,21,21
50155,79,77,2,2
50156,100,112,-12,12
50157,55,61,-6,6
50158,86,82,4,4
50159,125,118,7,7
50160,68,57,11,11
50161,73,72,1,1
50162,103,91,12,12
50163,172,169,3,3
50164,18,32,-14,14
50165,80,75,5,5
50166,64,86,-22,22
50167,90,91,-1,1
50168,100,107,-7,7
50169,52,62,-10,10
50170,199,136,63,63
50171,90,90,0,0
50172,80,93,-13,13
50173,138,145,-7,7
50174,64,62,2,2
50175,101,102,-1,1
50176,116,147,-31,31
50177,134,126,8,8
50178,113,113,0,0
50179,84,79,5,5
50180,55,59,-4,4
50181,194,193,1,1
50182,81,86,-5,5
50183,100,101,-1,1
50184,97,109,-12,12
50185,64,68,-4,4
50186,55,53,2,2
50187,68,78,-10,10
50188,103,107,-4,4
50189,102,94,8,8
50190,68,52,16,16
50191,95,93,2,2
50192,74,67,7,7
50193,77,119,-42,42
50194,97,106,-9,9
50195,77,81,-4,4
50196,124,116,8,8
50197,62,67,-5,5
50198,78,86,-8,8
50199,149,144,5,5
50200,53,57,-4,4
50201,80,86,-6,6
50202,82,96,-14,14
50203,69,68,1,1
50204,80,94,-14,14
50205,45,41,4,4
50206,66,69,-3,3
50207,46,64,-18,18
50208,82,82,0,0
50209,45,49,-4,4
50210,105,117,-12,12
50211,109,100,9,9
50212,89,91,-2,2
50213,69,57,12,12
50214,132,104,28,28
50215,106,101,5,5
50216,132,134,-2,2
50217,141,145,-4,4
50218,282,257,25,25
50219,151,171,-20,20
50220,93,74,19,19
50221,129,133,-4,4
50222,82,89,-7,7
50223,72,67,5,5
50224,86,86,0,0
50225,42,43,-1,1
50226,85,73,12,12
50227,105,92,13,13
50228,110,107,3,3
50229,50,57,-7,7
50230,88,102,-14,14
50231,98,82,16,16
50232,85,86,-1,1
50233,122,127,-5,5
50234,122,161,-39,39
50235,124,112,12,12
50236,77,84,-7,7
50237,117,124,-7,7
50238,98,100,-2,2
50239,90,81,9,9
50240,129,127,2,2
50241,88,104,-16,16
50242,73,71,2,2
50243,77,83,-6,6
50244,139,152,-13,13
50245,96,98,-2,2
50246,102,97,5,5
50247,87,91,-4,4
50248,70,69,1,1
50249,159,156,3,3
50250,60,58,2,2
50251,69,63,6,6
50252,113,114,-1,1
50253,156,143,13,13
50254,118,101,17,17
50255,53,52,1,1
50256,104,134,-30,30
50257,83,64,19,19
50258,67,53,14,14
50259,95,114,-19,19
50260,103,93,10,10
50261,132,151,-19,19
50262,115,107,8,8
50263,89,90,-1,1
50264,107,99,8,8
50265,99,99,0,0
50266,97,100,-3,3
50267,54,46,8,8
50268,101,101,0,0
50269,97,86,11,11
50270,81,73,8,8
50271,150,161,-11,11
50272,76,101,-25,25
50273,87,89,-2,2
50274,101,122,-21,21
50275,51,47,4,4
50276,99,94,5,5
50277,76,71,5,5
50278,170,157,13,13
50279,129,108,21,21
50280,73,75,-2,2
50281,172,175,-3,3
50282,142,151,-9,9
50283,104,94,10,10
50284,125,118,7,7
50285,51,57,-6,6
50286,127,136,-9,9
50287,150,146,4,4
50288,71,85,-14,14
50289,129,128,1,1
50290,92,104,-12,12
50291,83,77,6,6
50292,82,90,-8,8
50293,143,154,-11,11
50294,105,109,-4,4
50295,60,56,4,4
50296,79,86,-7,7
50297,26,53,-27,27
50298,131,116,15,15
50299,90,96,-6,6
50300,72,84,-12,12
50301,62,63,-1,1
50302,76,72,4,4
50303,138,139,-1,1
50304,81,101,-20,20
50305,108,100,8,8
50306,88,97,-9,9
50307,115,124,-9,9
50308,123,116,7,7
50309,89,95,-6,6
50310,123,121,2,2
50311,104,95,9,9
50312,67,60,7,7
50313,82,92,-10,10
50314,68,63,5,5
50315,72,70,2,2
50316,92,84,8,8
50317,60,64,-4,4
50318,76,85,-9,9
50319,91,98,-7,7
50320,95,84,11,11
50321,101,110,-9,9
50322,96,96,0,0
50323,122,117,5,5
50324,139,136,3,3
50325,141,112,29,29
50326,89,74,15,15
50327,103,126,-23,23
50328,51,64,-13,13
50329,75,85,-10,10
50330,107,153,-46,46
50331,64,64,0,0
50332,54,61,-7,7
50333,90,81,9,9
50334,75,74,1,1
50335,136,142,-6,6
50336,99,103,-4,4
50337,128,132,-4,4
50338,125,90,35,35
50339,131,123,8,8
50340,61,42,19,19
50341,60,56,4,4
50342,70,86,-16,16
50343,136,156,-20,20
50344,91,88,3,3
50345,74,63,11,11
50346,63,72,-9,9
50347,113,107,6,6
50348,78,66,12,12
50349,208,152,56,56
50350,153,133,20,20
50351,154,149,5,5
50352,92,103,-11,11
50353,61,65,-4,4
50354,88,94,-6,6
50355,53,55,-2,2
50356,60,60,0,0
50357,101,94,7,7
50358,108,107,1,1
50359,70,58,12,12
50360,73,61,12,12
50361,86,92,-6,6
50362,63,61,2,2
50363,105,106,-1,1
50364,72,65,7,7
50365,145,136,9,9
50366,71,62,9,9
50367,148,121,27,27
50368,68,85,-17,17
50369,158,152,6,6
50370,176,162,14,14
50371,98,73,25,25
50372,151,143,8,8
50373,72,82,-10,10
50374,48,54,-6,6
50375,77,64,13,13
50376,65,64,1,1
50377,107,111,-4,4
50378,93,82,11,11
50379,103,111,-8,8
50380,95,96,-1,1
50381,45,51,-6,6
50382,148,149,-1,1
50383,130,120,10,10
50384,123,113,10,10
50385,91,93,-2,2
50386,127,150,-23,23
50387,66,73,-7,7
50388,71,68,3,3
50389,133,127,6,6
50390,111,118,-7,7
50391,92,99,-7,7
50392,72,71,1,1
50393,70,60,10,10
50394,158,152,6,6
50395,56,58,-2,2
50396,63,68,-5,5
50397,73,69,4,4
50398,170,171,-1,1
50399,118,110,8,8
50400,83,97,-14,14
50401,59,58,1,1
50402,95,70,25,25
50403,79,62,17,17
50404,79,74,5,5
50405,103,115,-12,12
50406,127,121,6,6
50407,93,102,-9,9
50408,82,76,6,6
50409,48,49,-1,1
50410,90,97,-7,7
50411,76,57,19,19
50412,91,96,-5,5
50413,43,44,-1,1
50414,66,68,-2,2
50415,55,60,-5,5
50416,93,95,-2,2
50417,102,104,-2,2
50418,56,55,1,1
50419,91,95,-4,4
50420,126,128,-2,2
50421,78,84,-6,6
50422,81,76,5,5
50423,103,91,12,12
50424,114,101,13,13
50425,103,113,-10,10
50426,137,140,-3,3
50427,111,109,2,2
50428,71,62,9,9
50429,99,90,9,9
50430,118,120,-2,2
50431,145,136,9,9
50432,83,89,-6,6
50433,59,52,7,7
50434,79,81,-2,2
50435,60,54,6,6
50436,59,60,-1,1
50437,109,117,-8,8
50438,74,72,2,2
50439,125,139,-14,14
50440,112,111,1,1
50441,74,75,-1,1
50442,149,140,9,9
50443,79,82,-3,3
50444,76,69,7,7
50445,124,126,-2,2
50446,62,59,3,3
50447,59,75,-16,16
50448,190,179,11,11
50449,62,64,-2,2
50450,105,109,-4,4
50451,97,87,10,10
50452,128,120,8,8
50453,113,104,9,9
50454,98,85,13,13
50455,37,43,-6,6
50456,136,132,4,4
50457,79,91,-12,12
50458,47,55,-8,8
50459,98,90,8,8
50460,101,108,-7,7
50461,87,89,-2,2
50462,49,55,-6,6
50463,88,76,12,12
50464,92,91,1,1
50465,128,119,9,9
50466,111,99,12,12
50467,106,85,21,21
50468,57,49,8,8
50469,95,101,-6,6
50470,60,58,2,2
50471,131,129,2,2
50472,88,68,20,20
50473,83,77,6,6
50474,109,112,-3,3
50475,114,113,1,1
50476,84,90,-6,6
50477,85,83,2,2
50478,86,83,3,3
50479,76,78,-2,2
50480,112,97,15,15
50481,106,110,-4,4
50482,56,48,8,8
50483,120,129,-9,9
50484,53,63,-10,10
50485,32,74,-42,42
50486,184,174,10,10
50487,82,78,4,4
50488,66,65,1,1
50489,67,77,-10,10
50490,123,120,3,3
50491,123,114,9,9
50492,146,117,29,29
50493,74,77,-3,3
50494,113,102,11,11
50495,102,106,-4,4
50496,143,134,9,9
50497,88,84,4,4
50498,136,130,6,6
50499,149,153,-4,4
50500,165,155,10,10
50501,59,54,5,5
50502,87,95,-8,8
50503,85,75,10,10
50504,54,57,-3,3
50505,48,122,-74,74
50506,73,68,5,5
50507,74,69,5,5
50508,125,144,-19,19
50509,71,64,7,7
50510,36,58,-22,22
50511,127,113,14,14
50512,71,57,14,14
50513,92,87,5,5
50514,55,53,2,2
50515,62,61,1,1
50516,76,59,17,17
50517,64,77,-13,13
50518,129,118,11,11
50519,147,144,3,3
50520,69,67,2,2
50521,76,69,7,7
50522,86,77,9,9
50523,66,57,9,9
50524,76,77,-1,1
50525,74,80,-6,6
50526,54,51,3,3
50527,109,111,-2,2
50528,141,139,2,2
50529,55,61,-6,6
50530,121,107,14,14
50531,79,90,-11,11
50532,80,81,-1,1
50533,156,144,12,12
50534,44,49,-5,5
50535,114,105,9,9
50536,105,102,3,3
50537,73,75,-2,2
50538,84,85,-1,1
50539,176,166,10,10
50540,62,61,1,1
50541,121,119,2,2
50542,114,117,-3,3
50543,87,99,-12,12
50544,77,90,-13,13
50545,64,65,-1,1
50546,165,155,10,10
50547,139,155,-16,16
50548,121,116,5,5
50549,97,93,4,4
50550,193,172,21,21
50551,125,121,4,4
50552,76,87,-11,11
50553,54,51,3,3
50554,134,145,-11,11
50555,72,81,-9,9
50556,96,99,-3,3
50557,37,35,2,2
50558,125,119,6,6
50559,87,79,8,8
50560,33,50,-17,17
50561,71,78,-7,7
50562,53,49,4,4
50563,59,64,-5,5
50564,110,113,-3,3
50565,82,86,-4,4
50566,110,114,-4,4
50567,64,60,4,4
50568,65,71,-6,6
50569,134,127,7,7
50570,58,62,-4,4
50571,90,104,-14,14
50572,79,76,3,3
50573,66,88,-22,22
50574,88,109,-21,21
50575,89,115,-26,26
50576,124,118,6,6
50577,111,119,-8,8
50578,144,129,15,15
50579,131,143,-12,12
50580,133,119,14,14
50581,104,114,-10,10
50582,63,68,-5,5
50583,72,75,-3,3
50584,76,67,9,9
50585,59,65,-6,6
50586,110,110,0,0
50587,69,67,2,2
50588,112,109,3,3
50589,41,58,-17,17
50590,135,129,6,6
50591,101,137,-36,36
50592,86,81,5,5
50593,116,127,-11,11
50594,88,91,-3,3
50595,74,83,-9,9
50596,41,50,-9,9
50597,91,95,-4,4
50598,164,156,8,8
50599,58,81,-23,23
50600,203,211,-8,8
50601,84,88,-4,4
50602,91,71,20,20
50603,98,100,-2,2
50604,123,133,-10,10
50605,63,61,2,2
50606,88,70,18,18
50607,92,99,-7,7
50608,117,118,-1,1
50609,72,66,6,6
50610,69,61,8,8
50611,77,74,3,3
50612,77,63,14,14
50613,73,75,-2,2
50614,94,93,1,1
50615,118,113,5,5
50616,98,92,6,6
50617,82,78,4,4
50618,137,129,8,8
50619,84,101,-17,17
50620,113,109,4,4
50621,145,122,23,23
50622,67,63,4,4
50623,101,98,3,3
50624,37,106,-69,69
50625,49,53,-4,4
50626,63,62,1,1
50627,76,85,-9,9
50628,216,183,33,33
50629,138,141,-3,3
50630,96,98,-2,2
50631,76,94,-18,18
50632,66,60,6,6
50633,55,50,5,5
50634,92,89,3,3
50635,83,57,26,26
50636,107,125,-18,18
50637,124,107,17,17
50638,78,73,5,5
50639,149,153,-4,4
50640,154,151,3,3
50641,67,57,10,10
50642,82,81,1,1
50643,99,104,-5,5
50644,107,108,-1,1
50645,156,151,5,5
50646,174,166,8,8
50647,103,94,9,9
50648,116,128,-12,12
50649,44,44,0,0
50650,108,94,14,14
50651,94,96,-2,2
50652,63,78,-15,15
50653,95,90,5,5
50654,57,62,-5,5
50655,72,66,6,6
50656,72,80,-8,8
50657,101,108,-7,7
50658,94,122,-28,28
50659,86,73,13,13
50660,157,152,5,5
50661,56,55,1,1
50662,77,85,-8,8
50663,76,90,-14,14
50664,164,160,4,4
50665,68,86,-18,18
50666,65,67,-2,2
50667,124,124,0,0
50668,62,67,-5,5
50669,138,122,16,16
50670,146,148,-2,2
50671,135,155,-20,20
50672,124,111,13,13
50673,105,94,11,11
50674,71,65,6,6
50675,84,95,-11,11
50676,84,72,12,12
50677,70,69,1,1
50678,112,114,-2,2
50679,127,163,-36,36
50680,51,176,-125,125
50681,104,106,-2,2
50682,96,115,-19,19
50683,97,89,8,8
50684,72,71,1,1
50685,117,112,5,5
50686,115,133,-18,18
50687,76,78,-2,2
50688,98,98,0,0
50689,70,71,-1,1
50690,97,103,-6,6
50691,131,141,-10,10
50692,50,53,-3,3
50693,68,69,-1,1
50694,64,53,11,11
50695,103,111,-8,8
50696,48,42,6,6
50697,106,106,0,0
50698,80,76,4,4
50699,131,128,3,3
50700,59,57,2,2
50701,196,177,19,19
50702,143,155,-12,12
50703,74,65,9,9
50704,69,75,-6,6
50705,70,75,-5,5
50706,114,101,13,13
50707,70,69,1,1
50708,42,64,-22,22
50709,112,113,-1,1
50710,79,78,1,1
50711,159,156,3,3
50712,121,112,9,9
50713,69,74,-5,5
50714,93,81,12,12
50715,90,86,4,4
50716,91,100,-9,9
50717,65,75,-10,10
50718,136,148,-12,12
50719,65,61,4,4
50720,51,55,-4,4
50721,131,119,12,12
50722,81,86,-5,5
50723,60,123,-63,63
50724,99,94,5,5
50725,37,87,-50,50
50726,131,124,7,7
50727,164,132,32,32
50728,63,67,-4,4
50729,208,175,33,33
50730,40,56,-16,16
50731,94,103,-9,9
50732,114,111,3,3
50733,72,76,-4,4
50734,83,70,13,13
50735,65,72,-7,7
50736,124,129,-5,5
50737,45,61,-16,16
50738,78,71,7,7
50739,139,129,10,10
50740,63,53,10,10
50741,88,86,2,2
50742,81,83,-2,2
50743,79,79,0,0
50744,106,95,11,11
50745,129,110,19,19
50746,107,113,-6,6
50747,67,81,-14,14
50748,119,114,5,5
50749,96,101,-5,5
50750,96,81,15,15
50751,64,65,-1,1
50752,110,103,7,7
50753,122,126,-4,4
50754,159,165,-6,6
50755,84,83,1,1
50756,78,72,6,6
50757,186,183,3,3
50758,77,83,-6,6
50759,95,84,11,11
50760,78,82,-4,4
50761,84,84,0,0
50762,115,107,8,8
50763,104,120,-16,16
50764,84,74,10,10
50765,94,77,17,17
50766,103,98,5,5
50767,120,116,4,4
50768,80,84,-4,4
50769,63,53,10,10
50770,113,138,-25,25
50771,82,93,-11,11
50772,111,119,-8,8
50773,103,100,3,3
50774,122,112,10,10
50775,81,75,6,6
50776,141,126,15,15
50777,122,125,-3,3
50778,136,132,4,4
50779,67,67,0,0
50780,91,95,-4,4
50781,86,95,-9,9
50782,97,87,10,10
50783,42,57,-15,15
50784,63,70,-7,7
50785,118,120,-2,2
50786,81,94,-13,13
50787,62,54,8,8
50788,55,80,-25,25
50789,89,91,-2,2
50790,71,76,-5,5
50791,57,62,-5,5
50792,83,90,-7,7
50793,153,140,13,13
50794,106,98,8,8
50795,122,123,-1,1
50796,76,74,2,2
50797,90,91,-1,1
50798,70,82,-12,12
50799,33,42,-9,9
50800,83,75,8,8
50801,50,52,-2,2
50802,118,121,-3,3
50803,115,126,-11,11
50804,45,44,1,1
50805,58,66,-8,8
50806,38,39,-1,1
50807,97,100,-3,3
50808,39,47,-8,8
50809,28,39,-11,11
50810,117,121,-4,4
50811,115,91,24,24
50812,121,110,11,11
50813,105,109,-4,4
50814,88,91,-3,3
50815,64,81,-17,17
50816,85,87,-2,2
50817,103,88,15,15
50818,76,79,-3,3
50819,60,65,-5,5
50820,73,78,-5,5
50821,70,54,16,16
50822,54,75,-21,21
50823,83,88,-5,5
50824,77,68,9,9
50825,58,72,-14,14
50826,105,98,7,7
50827,145,137,8,8
50828,119,93,26,26
50829,100,85,15,15
50830,84,89,-5,5
50831,88,78,10,10
50832,90,86,4,4
50833,65,70,-5,5
50834,131,125,6,6
50835,76,98,-22,22
50836,166,167,-1,1
50837,52,52,0,0
50838,156,160,-4,4
50839,139,152,-13,13
50840,80,71,9,9
50841,73,73,0,0
50842,94,86,8,8
50843,83,78,5,5
50844,108,100,8,8
50845,71,75,-4,4
50846,98,107,-9,9
50847,94,92,2,2
50848,99,98,1,1
50849,29,35,-6,6
50850,85,70,15,15
50851,92,89,3,3
50852,96,108,-12,12
50853,107,104,3,3
50854,31,50,-19,19
50855,80,68,12,12
50856,86,81,5,5
50857,147,135,12,12
50858,113,120,-7,7
50859,58,50,8,8
50860,69,71,-2,2
50861,81,83,-2,2
50862,105,107,-2,2
50863,146,125,21,21
50864,126,125,1,1
50865,72,59,13,13
50866,110,106,4,4
50867,140,137,3,3
50868,93,84,9,9
50869,88,91,-3,3
50870,84,96,-12,12
50871,57,50,7,7
50872,78,63,15,15
50873,76,71,5,5
50874,143,124,19,19
50875,108,139,-31,31
50876,45,65,-20,20
50877,87,82,5,5
50878,77,55,22,22
50879,96,115,-19,19
50880,84,75,9,9
50881,60,64,-4,4
50882,74,82,-8,8
50883,83,77,6,6
50884,69,61,8,8
50885,58,44,14,14
50886,73,71,2,2
50887,81,85,-4,4
50888,106,112,-6,6
50889,140,149,-9,9
50890,75,78,-3,3
50891,102,110,-8,8
50892,137,122,15,15
50893,63,109,-46,46
50894,80,72,8,8
50895,65,75,-10,10
50896,151,151,0,0
50897,138,140,-2,2
50898,104,93,11,11
50899,142,146,-4,4
50900,77,83,-6,6
50901,102,96,6,6
50902,83,81,2,2
50903,74,81,-7,7
50904,113,103,10,10
50905,115,102,13,13
50906,86,99,-13,13
50907,66,63,3,3
50908,123,125,-2,2
50909,173,159,14,14
50910,138,150,-12,12
50911,121,122,-1,1
50912,187,173,14,14
50913,103,91,12,12
50914,93,147,-54,54
50915,134,127,7,7
50916,84,68,16,16
50917,140,136,4,4
50918,139,130,9,9
50919,112,129,-17,17
50920,81,82,-1,1
50921,48,49,-1,1
50922,111,103,8,8
50923,133,124,9,9
50924,158,151,7,7
50925,47,59,-12,12
50926,115,132,-17,17
50927,59,66,-7,7
50928,136,126,10,10
50929,86,84,2,2
50930,89,100,-11,11
50931,104,116,-12,12
50932,88,87,1,1
50933,68,77,-9,9
50934,105,99,6,6
50935,122,114,8,8
50936,93,90,3,3
50937,172,149,23,23
50938,77,78,-1,1
50939,141,141,0,0
50940,106,113,-7,7
50941,102,104,-2,2
50942,136,119,17,17
50943,83,74,9,9
50944,60,63,-3,3
50945,90,105,-15,15
50946,69,58,11,11
50947,96,95,1,1
50948,101,97,4,4
50949,90,75,15,15
50950,95,101,-6,6
50951,80,94,-14,14
50952,91,88,3,3
50953,125,55,70,70
50954,85,78,7,7
50955,129,139,-10,10
50956,117,116,1,1
50957,77,71,6,6
50958,82,86,-4,4
50959,135,126,9,9
50960,120,114,6,6
50961,89,80,9,9
50962,161,164,-3,3
50963,70,69,1,1
50964,60,67,-7,7
50965,172,168,4,4
50966,136,123,13,13
50967,86,77,9,9
50968,106,106,0,0
50969,107,116,-9,9
50970,98,112,-14,14
50971,120,149,-29,29
50972,158,166,-8,8
50973,61,49,12,12
50974,101,100,1,1
50975,94,97,-3,3
50976,60,63,-3,3
50977,68,70,-2,2
50978,99,91,8,8
50979,56,63,-7,7
50980,110,96,14,14
50981,102,91,11,11
50982,83,82,1,1
50983,92,88,4,4
50984,77,91,-14,14
50985,125,151,-26,26
50986,79,63,16,16
50987,67,58,9,9
50988,113,110,3,3
50989,122,131,-9,9
50990,131,126,5,5
50991,104,93,11,11
50992,89,116,-27,27
50993,92,95,-3,3
50994,217,98,119,119
50995,45,57,-12,12
50996,69,84,-15,15
50997,112,111,1,1
50998,146,119,27,27
50999,95,95,0,0
51000,91,94,-3,3
51001,70,64,6,6
51002,75,80,-5,5
51003,95,103,-8,8
51004,112,97,15,15
51005,58,59,-1,1
51006,54,58,-4,4
51007,94,97,-3,3
51008,108,92,16,16
51009,89,81,8,8
51010,90,82,8,8
51011,129,127,2,2
51012,105,95,10,10
51013,94,85,9,9
51014,132,156,-24,24
51015,95,70,25,25
51016,68,56,12,12
51017,97,82,15,15
51018,128,112,16,16
51019,116,114,2,2
51020,93,102,-9,9
51021,89,82,7,7
51022,176,178,-2,2
51023,172,175,-3,3
51024,54,60,-6,6
51025,60,66,-6,6
51026,39,105,-66,66
51027,96,81,15,15
51028,60,78,-18,18
51029,52,57,-5,5
51030,105,102,3,3
51031,137,125,12,12
51032,151,134,17,17
51033,108,138,-30,30
51034,100,92,8,8
51035,68,66,2,2
51036,99,100,-1,1
51037,100,101,-1,1
51038,112,110,2,2
51039,78,72,6,6
51040,110,104,6,6
51041,70,71,-1,1
51042,122,124,-2,2
51043,72,69,3,3
51044,191,183,8,8
51045,106,105,1,1
51046,102,98,4,4
51047,130,119,11,11
51048,83,76,7,7
51049,70,63,7,7
51050,93,93,0,0
51051,98,93,5,5
51052,72,78,-6,6
51053,121,107,14,14
51054,157,147,10,10
51055,72,80,-8,8
51056,88,82,6,6
51057,109,101,8,8
51058,129,131,-2,2
51059,185,167,18,18
51060,82,90,-8,8
51061,45,49,-4,4
51062,47,57,-10,10
51063,75,73,2,2
51064,107,85,22,22
51065,73,74,-1,1
51066,90,84,6,6
51067,69,41,28,28
51068,100,109,-9,9
51069,87,83,4,4
51070,56,50,6,6
51071,83,77,6,6
51072,140,150,-10,10
51073,64,47,17,17
51074,97,101,-4,4
51075,86,81,5,5
51076,129,130,-1,1
51077,119,106,13,13
51078,85,81,4,4
51079,109,91,18,18
51080,92,82,10,10
51081,152,135,17,17
51082,74,81,-7,7
51083,147,153,-6,6
51084,117,121,-4,4
51085,85,108,-23,23
51086,115,138,-23,23
51087,96,89,7,7
51088,109,114,-5,5
51089,70,73,-3,3
51090,107,103,4,4
51091,71,87,-16,16
51092,80,82,-2,2
51093,117,115,2,2
51094,149,146,3,3
51095,74,72,2,2
51096,100,93,7,7
51097,131,141,-10,10
51098,100,98,2,2
51099,72,64,8,8
51100,92,120,-28,28
51101,68,64,4,4
51102,71,71,0,0
51103,60,71,-11,11
51104,74,78,-4,4
51105,114,109,5,5
51106,44,50,-6,6
51107,104,108,-4,4
51108,143,140,3,3
51109,159,136,23,23
51110,76,80,-4,4
51111,93,89,4,4
51112,91,84,7,7
51113,91,94,-3,3
51114,188,160,28,28
51115,85,87,-2,2
51116,58,48,10,10
51117,115,98,17,17
51118,51,44,7,7
51119,49,55,-6,6
51120,108,114,-6,6
51121,92,94,-2,2
51122,102,89,13,13
51123,113,115,-2,2
51124,100,99,1,1
51125,80,68,12,12
51126,109,123,-14,14
51127,72,68,4,4
51128,91,99,-8,8
51129,93,90,3,3
51130,44,50,-6,6
51131,104,108,-4,4
51132,50,67,-17,17
51133,76,78,-2,2
51134,53,50,3,3
51135,119,125,-6,6
51136,105,101,4,4
51137,110,131,-21,21
51138,148,144,4,4
51139,105,97,8,8
51140,139,144,-5,5
51141,97,85,12,12
51142,113,108,5,5
51143,85,75,10,10
51144,113,94,19,19
51145,60,57,3,3
51146,66,55,11,11
51147,115,112,3,3
51148,30,65,-35,35
51149,76,69,7,7
51150,73,78,-5,5
51151,72,73,-1,1
51152,141,147,-6,6
51153,58,60,-2,2
51154,101,97,4,4
51155,80,65,15,15
51156,76,72,4,4
51157,118,123,-5,5
51158,97,109,-12,12
51159,96,113,-17,17
51160,40,41,-1,1
51161,157,150,7,7
51162,125,128,-3,3
51163,99,87,12,12
51164,66,65,1,1
51165,117,108,9,9
51166,94,102,-8,8
51167,54,58,-4,4
51168,62,61,1,1
51169,74,73,1,1
51170,166,167,-1,1
51171,142,158,-16,16
51172,81,101,-20,20
51173,110,123,-13,13
51174,114,106,8,8
51175,96,101,-5,5
51176,54,56,-2,2
51177,97,98,-1,1
51178,86,93,-7,7
51179,67,80,-13,13
51180,65,69,-4,4
51181,89,93,-4,4
51182,86,88,-2,2
51183,71,68,3,3
51184,146,139,7,7
51185,81,66,15,15
51186,108,106,2,2
51187,116,112,4,4
51188,90,94,-4,4
51189,108,91,17,17
51190,127,130,-3,3
51191,60,57,3,3
51192,66,47,19,19
51193,180,151,29,29
51194,52,56,-4,4
51195,93,92,1,1
51196,127,129,-2,2
51197,96,90,6,6
51198,110,97,13,13
51199,102,98,4,4
51200,110,101,9,9
51201,72,65,7,7
51202,161,152,9,9
51203,89,77,12,12
51204,78,72,6,6
51205,77,82,-5,5
51206,80,81,-1,1
51207,78,76,2,2
51208,135,116,19,19
51209,88,79,9,9
51210,102,87,15,15
51211,73,68,5,5
51212,101,99,2,2
51213,84,78,6,6
51214,87,82,5,5
51215,79,73,6,6
51216,84,88,-4,4
51217,140,141,-1,1
51218,106,110,-4,4
51219,75,70,5,5
51220,94,87,7,7
51221,79,76,3,3
51222,93,94,-1,1
51223,155,145,10,10
51224,97,93,4,4
51225,109,134,-25,25
51226,115,100,15,15
51227,126,122,4,4
51228,90,102,-12,12
51229,72,80,-8,8
51230,63,52,11,11
51231,105,116,-11,11
51232,68,58,10,10
51233,143,154,-11,11
51234,116,118,-2,2
51235,121,114,7,7
51236,130,106,24,24
51237,75,73,2,2
51238,70,77,-7,7
51239,109,103,6,6
51240,98,93,5,5
51241,106,79,27,27
51242,76,81,-5,5
51243,60,51,9,9
51244,68,78,-10,10
51245,165,148,17,17
51246,90,113,-23,23
51247,178,166,12,12
51248,79,84,-5,5
51249,72,70,2,2
51250,87,87,0,0
51251,82,78,4,4
51252,57,59,-2,2
51253,110,125,-15,15
51254,111,110,1,1
51255,70,74,-4,4
51256,112,117,-5,5
51257,52,42,10,10
51258,94,85,9,9
51259,97,104,-7,7
51260,66,68,-2,2
51261,67,76,-9,9
51262,66,65,1,1
51263,107,105,2,2
51264,156,181,-25,25
51265,40,94,-54,54
51266,60,64,-4,4
51267,109,146,-37,37
51268,62,69,-7,7
51269,126,117,9,9
51270,96,110,-14,14
51271,106,94,12,12
51272,109,98,11,11
51273,77,73,4,4
51274,70,59,11,11
51275,75,99,-24,24
51276,194,176,18,18
51277,24,44,-20,20
51278,94,88,6,6
51279,102,90,12,12
51280,126,133,-7,7
51281,150,121,29,29
51282,126,123,3,3
51283,82,82,0,0
51284,92,105,-13,13
51285,87,78,9,9
51286,122,136,-14,14
51287,129,127,2,2
51288,93,90,3,3
51289,62,58,4,4
51290,148,140,8,8
51291,73,70,3,3
51292,114,111,3,3
51293,82,83,-1,1
51294,99,106,-7,7
51295,181,171,10,10
51296,158,119,39,39
51297,100,97,3,3
51298,143,137,6,6
51299,118,110,8,8
51300,85,81,4,4
51301,127,130,-3,3
51302,83,85,-2,2
51303,95,90,5,5
51304,63,55,8,8
51305,76,72,4,4
51306,111,130,-19,19
51307,69,71,-2,2
51308,100,89,11,11
51309,47,51,-4,4
51310,83,93,-10,10
51311,85,83,2,2
51312,74,77,-3,3
51313,53,63,-10,10
51314,75,74,1,1
51315,71,82,-11,11
51316,108,105,3,3
51317,71,71,0,0
51318,121,111,10,10
51319,100,106,-6,6
51320,113,117,-4,4
51321,86,88,-2,2
51322,86,66,20,20
51323,115,115,0,0
51324,38,30,8,8
51325,140,134,6,6
51326,119,120,-1,1
51327,104,114,-10,10
51328,135,114,21,21
51329,147,134,13,13
51330,116,101,15,15
51331,137,127,10,10
51332,86,90,-4,4
51333,96,98,-2,2
51334,76,51,25,25
51335,64,55,9,9
51336,57,55,2,2
51337,90,103,-13,13
51338,56,70,-14,14
51339,84,91,-7,7
51340,109,92,17,17
51341,124,123,1,1
51342,138,130,8,8
51343,73,68,5,5
51344,98,96,2,2
51345,93,81,12,12
51346,51,40,11,11
51347,54,55,-1,1
51348,62,64,-2,2
51349,126,122,4,4
51350,85,87,-2,2
51351,86,82,4,4
51352,67,52,15,15
51353,80,84,-4,4
51354,55,62,-7,7
51355,115,110,5,5
51356,71,67,4,4
51357,86,83,3,3
51358,120,120,0,0
51359,94,83,11,11
51360,71,67,4,4
51361,106,114,-8,8
51362,101,84,17,17
51363,41,49,-8,8
51364,77,67,10,10
51365,130,107,23,23
51366,154,145,9,9
51367,102,95,7,7
51368,56,56,0,0
51369,108,100,8,8
51370,74,84,-10,10
51371,33,110,-77,77
51372,109,116,-7,7
51373,113,117,-4,4
51374,115,118,-3,3
51375,73,72,1,1
51376,60,65,-5,5
51377,115,108,7,7
51378,85,89,-4,4
51379,121,107,14,14
51380,128,133,-5,5
51381,76,92,-16,16
51382,158,157,1,1
51383,109,108,1,1
51384,47,50,-3,3
51385,76,67,9,9
51386,75,61,14,14
51387,92,80,12,12
51388,92,93,-1,1
51389,110,91,19,19
51390,101,102,-1,1
51391,95,89,6,6
51392,107,111,-4,4
51393,96,107,-11,11
51394,127,111,16,16
51395,104,103,1,1
51396,84,73,11,11
51397,44,46,-2,2
51398,112,122,-10,10
51399,94,102,-8,8
51400,65,65,0,0
51401,67,62,5,5
51402,106,123,-17,17
51403,85,73,12,12
51404,75,75,0,0
51405,72,69,3,3
51406,99,85,14,14
51407,63,72,-9,9
51408,157,157,0,0
51409,70,70,0,0
51410,79,76,3,3
51411,99,81,18,18
51412,100,100,0,0
51413,152,153,-1,1
51414,111,141,-30,30
51415,73,79,-6,6
51416,117,115,2,2
51417,74,74,0,0
51418,84,83,1,1
51419,117,105,12,12
51420,70,78,-8,8
51421,72,68,4,4
51422,62,65,-3,3
51423,90,100,-10,10
51424,123,117,6,6
51425,81,79,2,2
51426,62,62,0,0
51427,74,70,4,4
51428,189,173,16,16
51429,97,107,-10,10
51430,131,127,4,4
51431,66,68,-2,2
51432,131,113,18,18
51433,101,89,12,12
51434,205,183,22,22
51435,92,85,7,7
51436,74,80,-6,6
51437,108,104,4,4
51438,78,74,4,4
51439,69,65,4,4
51440,92,75,17,17
51441,76,70,6,6
51442,83,65,18,18
51443,104,91,13,13
51444,85,84,1,1
51445,74,50,24,24
51446,134,133,1,1
51447,119,108,11,11
51448,92,88,4,4
51449,88,87,1,1
51450,126,138,-12,12
51451,100,111,-11,11
51452,45,58,-13,13
51453,131,106,25,25
51454,55,62,-7,7
51455,180,179,1,1
51456,133,114,19,19
51457,94,56,38,38
51458,62,81,-19,19
51459,119,123,-4,4
51460,183,159,24,24
51461,88,69,19,19
51462,115,84,31,31
51463,100,79,21,21
51464,64,69,-5,5
51465,83,103,-20,20
51466,138,145,-7,7
51467,62,62,0,0
51468,193,169,24,24
51469,90,71,19,19
51470,77,83,-6,6
51471,111,101,10,10
51472,99,87,12,12
51473,118,128,-10,10
51474,131,120,11,11
51475,71,58,13,13
51476,78,75,3,3
51477,94,83,11,11
51478,92,106,-14,14
51479,97,95,2,2
51480,89,81,8,8
51481,131,110,21,21
51482,119,91,28,28
51483,59,59,0,0
51484,80,71,9,9
51485,116,103,13,13
51486,93,88,5,5
51487,72,76,-4,4
51488,185,164,21,21
51489,85,91,-6,6
51490,108,99,9,9
51491,84,80,4,4
51492,100,106,-6,6
51493,109,88,21,21
51494,43,39,4,4
51495,77,78,-1,1
51496,87,75,12,12
51497,121,111,10,10
51498,109,126,-17,17
51499,83,90,-7,7
51500,108,91,17,17
51501,166,138,28,28
51502,68,66,2,2
51503,112,111,1,1
51504,103,103,0,0
51505,106,125,-19,19
51506,33,49,-16,16
51507,56,56,0,0
51508,72,66,6,6
51509,136,134,2,2
51510,79,79,0,0
51511,143,121,22,22
51512,103,92,11,11
51513,75,82,-7,7
51514,73,63,10,10
51515,68,74,-6,6
51516,68,90,-22,22
51517,102,91,11,11
51518,83,89,-6,6
51519,70,75,-5,5
51520,88,82,6,6
51521,124,123,1,1
51522,111,122,-11,11
51523,103,115,-12,12
51524,104,108,-4,4
51525,122,121,1,1
51526,119,123,-4,4
51527,71,102,-31,31
51528,196,191,5,5
51529,70,61,9,9
51530,70,91,-21,21
51531,88,80,8,8
51532,122,117,5,5
51533,102,91,11,11
51534,119,118,1,1
51535,138,140,-2,2
51536,165,156,9,9
51537,94,100,-6,6
51538,52,54,-2,2
51539,86,82,4,4
51540,63,66,-3,3
51541,92,76,16,16
51542,65,66,-1,1
51543,47,44,3,3
51544,62,51,11,11
51545,79,91,-12,12
51546,166,144,22,22
51547,96,84,12,12
51548,120,117,3,3
51549,117,117,0,0
51550,99,102,-3,3
51551,124,128,-4,4
51552,138,128,10,10
51553,60,64,-4,4
51554,90,87,3,3
51555,76,77,-1,1
51556,113,129,-16,16
51557,129,126,3,3
51558,80,76,4,4
51559,99,92,7,7
51560,87,89,-2,2
51561,74,73,1,1
51562,70,63,7,7
51563,50,60,-10,10
51564,83,81,2,2
51565,150,146,4,4
51566,104,105,-1,1
51567,107,99,8,8
51568,101,91,10,10
51569,153,145,8,8
51570,81,72,9,9
51571,58,67,-9,9
51572,104,100,4,4
51573,64,53,11,11
51574,58,57,1,1
51575,137,135,2,2
51576,132,111,21,21
51577,110,122,-12,12
51578,120,116,4,4
51579,92,89,3,3
51580,83,108,-25,25
51581,41,48,-7,7
51582,194,210,-16,16
51583,79,66,13,13
51584,65,65,0,0
51585,126,146,-20,20
51586,125,142,-17,17
51587,148,139,9,9
51588,63,57,6,6
51589,82,92,-10,10
51590,127,134,-7,7
51591,141,130,11,11
51592,98,110,-12,12
51593,140,140,0,0
51594,92,81,11,11
51595,78,86,-8,8
51596,72,79,-7,7
51597,133,119,14,14
51598,82,92,-10,10
51599,53,63,-10,10
51600,68,63,5,5
51601,135,147,-12,12
51602,76,86,-10,10
51603,84,75,9,9
51604,109,112,-3,3
51605,115,124,-9,9
51606,32,33,-1,1
51607,202,164,38,38
51608,64,63,1,1
51609,69,67,2,2
51610,61,59,2,2
51611,81,72,9,9
51612,81,87,-6,6
51613,103,95,8,8
51614,73,67,6,6
51615,103,127,-24,24
51616,153,151,2,2
51617,78,74,4,4
51618,100,100,0,0
51619,136,139,-3,3
51620,58,55,3,3
51621,75,95,-20,20
51622,130,114,16,16
51623,127,119,8,8
51624,51,59,-8,8
51625,87,78,9,9
51626,99,97,2,2
51627,121,107,14,14
51628,83,85,-2,2
51629,65,58,7,7
51630,86,82,4,4
51631,129,135,-6,6
51632,77,89,-12,12
51633,63,69,-6,6
51634,70,69,1,1
51635,75,79,-4,4
51636,75,82,-7,7
51637,132,141,-9,9
51638,157,155,2,2
51639,130,141,-11,11
51640,80,79,1,1
51641,97,102,-5,5
51642,68,75,-7,7
51643,98,117,-19,19
51644,81,88,-7,7
51645,51,46,5,5
51646,84,80,4,4
51647,79,73,6,6
51648,151,145,6,6
51649,82,76,6,6
51650,127,142,-15,15
51651,63,75,-12,12
51652,97,100,-3,3
51653,121,102,19,19
51654,157,153,4,4
51655,101,104,-3,3
51656,160,163,-3,3
51657,92,86,6,6
51658,107,104,3,3
51659,108,73,35,35
51660,119,82,37,37
51661,61,63,-2,2
51662,112,102,10,10
51663,71,61,10,10
51664,99,92,7,7
51665,68,78,-10,10
51666,116,137,-21,21
51667,64,71,-7,7
51668,124,132,-8,8
51669,139,141,-2,2
51670,80,75,5,5
51671,157,157,0,0
51672,101,99,2,2
51673,114,105,9,9
51674,126,129,-3,3
51675,148,181,-33,33
51676,77,64,13,13
51677,187,176,11,11
51678,139,132,7,7
51679,164,159,5,5
51680,98,99,-1,1
51681,86,87,-1,1
51682,61,60,1,1
51683,143,139,4,4
51684,57,52,5,5
51685,52,50,2,2
51686,92,118,-26,26
51687,108,106,2,2
51688,156,143,13,13
51689,159,144,15,15
51690,157,155,2,2
51691,102,98,4,4
51692,138,137,1,1
51693,78,81,-3,3
51694,83,70,13,13
51695,108,89,19,19
51696,60,60,0,0
51697,142,118,24,24
51698,55,64,-9,9
51699,65,84,-19,19
51700,125,119,6,6
51701,90,95,-5,5
51702,74,71,3,3
51703,156,155,1,1
51704,76,73,3,3
51705,94,88,6,6
51706,84,78,6,6
51707,84,76,8,8
51708,68,83,-15,15
51709,144,129,15,15
51710,74,64,10,10
51711,104,103,1,1
51712,98,97,1,1
51713,92,94,-2,2
51714,106,104,2,2
51715,94,88,6,6
51716,91,98,-7,7
51717,61,76,-15,15
51718,77,68,9,9
51719,71,72,-1,1
51720,98,106,-8,8
51721,73,88,-15,15
51722,103,115,-12,12
51723,124,113,11,11
51724,135,80,55,55
51725,118,116,2,2
51726,96,101,-5,5
51727,54,49,5,5
51728,112,102,10,10
51729,72,74,-2,2
51730,70,86,-16,16
51731,85,73,12,12
51732,51,45,6,6
51733,106,131,-25,25
51734,113,100,13,13
51735,76,72,4,4
51736,63,67,-4,4
51737,140,120,20,20
51738,103,93,10,10
51739,163,166,-3,3
51740,126,128,-2,2
51741,92,129,-37,37
51742,40,35,5,5
51743,33,34,-1,1
51744,99,95,4,4
51745,113,93,20,20
51746,59,62,-3,3
51747,88,102,-14,14
51748,58,59,-1,1
51749,98,97,1,1
51750,135,119,16,16
51751,92,93,-1,1
51752,101,106,-5,5
51753,116,111,5,5
51754,171,176,-5,5
51755,98,82,16,16
51756,99,92,7,7
51757,77,57,20,20
51758,99,90,9,9
51759,61,59,2,2
51760,124,92,32,32
51761,36,37,-1,1
51762,124,115,9,9
51763,89,84,5,5
51764,144,130,14,14
51765,113,111,2,2
51766,157,156,1,1
51767,95,93,2,2
51768,101,108,-7,7
51769,76,75,1,1
51770,65,80,-15,15
51771,222,178,44,44
51772,123,112,11,11
51773,71,92,-21,21
51774,102,96,6,6
51775,96,101,-5,5
51776,105,102,3,3
51777,81,89,-8,8
51778,122,136,-14,14
51779,64,69,-5,5
51780,43,47,-4,4
51781,114,103,11,11
51782,62,56,6,6
51783,104,134,-30,30
51784,175,188,-13,13
51785,98,105,-7,7
51786,87,88,-1,1
51787,144,140,4,4
51788,76,86,-10,10
51789,125,123,2,2
51790,70,80,-10,10
51791,86,97,-11,11
51792,140,115,25,25
51793,44,54,-10,10
51794,101,93,8,8
51795,68,71,-3,3
51796,155,137,18,18
51797,125,127,-2,2
51798,49,65,-16,16
51799,140,146,-6,6
51800,105,88,17,17
51801,192,198,-6,6
51802,89,68,21,21
51803,140,135,5,5
51804,140,143,-3,3
51805,112,118,-6,6
51806,136,126,10,10
51807,76,93,-17,17
51808,64,71,-7,7
51809,64,70,-6,6
51810,83,79,4,4
51811,72,67,5,5
51812,145,143,2,2
51813,113,103,10,10
51814,114,101,13,13
51815,154,151,3,3
51816,67,63,4,4
51817,197,169,28,28
51818,61,58,3,3
51819,99,95,4,4
51820,91,93,-2,2
51821,181,147,34,34
51822,45,58,-13,13
51823,55,61,-6,6
51824,183,181,2,2
51825,106,116,-10,10
51826,57,21,36,36
51827,133,113,20,20
51828,36,60,-24,24
51829,98,107,-9,9
51830,54,59,-5,5
51831,140,145,-5,5
51832,114,111,3,3
51833,99,137,-38,38
51834,69,65,4,4
51835,144,140,4,4
51836,112,124,-12,12
51837,101,90,11,11
51838,88,77,11,11
51839,88,85,3,3
51840,94,82,12,12
51841,67,73,-6,6
51842,46,74,-28,28
51843,72,73,-1,1
51844,80,69,11,11
51845,75,63,12,12
51846,94,84,10,10
51847,117,121,-4,4
51848,67,63,4,4
51849,71,71,0,0
51850,67,81,-14,14
51851,68,56,12,12
51852,91,97,-6,6
51853,71,71,0,0
51854,114,114,0,0
51855,93,91,2,2
51856,73,85,-12,12
51857,164,142,22,22
51858,132,114,18,18
51859,66,62,4,4
51860,153,122,31,31
51861,108,120,-12,12
51862,110,103,7,7
51863,156,135,21,21
51864,162,154,8,8
51865,150,156,-6,6
51866,125,121,4,4
51867,61,53,8,8
51868,95,86,9,9
51869,152,140,12,12
51870,125,133,-8,8
51871,119,102,17,17
51872,166,173,-7,7
51873,120,112,8,8
51874,58,58,0,0
51875,45,44,1,1
51876,117,136,-19,19
51877,65,57,8,8
51878,105,111,-6,6
51879,70,64,6,6
51880,78,71,7,7
51881,91,87,4,4
51882,78,76,2,2
51883,116,127,-11,11
51884,132,122,10,10
51885,143,137,6,6
51886,117,118,-1,1
51887,147,160,-13,13
51888,63,73,-10,10
51889,80,93,-13,13
51890,98,98,0,0
51891,51,58,-7,7
51892,51,49,2,2
51893,73,73,0,0
51894,95,85,10,10
51895,100,102,-2,2
51896,74,76,-2,2
51897,110,90,20,20
51898,78,84,-6,6
51899,54,63,-9,9
51900,115,118,-3,3
51901,139,117,22,22
51902,73,81,-8,8
51903,67,64,3,3
51904,76,83,-7,7
51905,108,104,4,4
51906,104,103,1,1
51907,130,118,12,12
51908,116,118,-2,2
51909,57,56,1,1
51910,102,113,-11,11
51911,108,90,18,18
51912,95,83,12,12
51913,40,42,-2,2
51914,76,86,-10,10
51915,71,59,12,12
51916,137,134,3,3
51917,118,107,11,11
51918,129,118,11,11
51919,67,74,-7,7
51920,72,63,9,9
51921,111,122,-11,11
51922,95,96,-1,1
51923,130,139,-9,9
51924,116,117,-1,1
51925,68,60,8,8
51926,103,105,-2,2
51927,95,102,-7,7
51928,117,117,0,0
51929,62,53,9,9
51930,75,86,-11,11
51931,56,72,-16,16
51932,120,102,18,18
51933,113,123,-10,10
51934,85,75,10,10
51935,71,84,-13,13
51936,130,132,-2,2
51937,87,90,-3,3
51938,156,132,24,24
51939,89,96,-7,7
51940,61,53,8,8
51941,115,116,-1,1
51942,144,139,5,5
51943,73,78,-5,5
51944,94,99,-5,5
51945,102,98,4,4
51946,125,133,-8,8
51947,71,54,17,17
51948,140,143,-3,3
51949,143,134,9,9
51950,77,65,12,12
51951,86,80,6,6
51952,70,64,6,6
51953,101,86,15,15
51954,82,84,-2,2
51955,93,94,-1,1
51956,55,61,-6,6
51957,138,148,-10,10
51958,88,84,4,4
51959,81,76,5,5
51960,176,155,21,21
51961,90,93,-3,3
51962,52,61,-9,9
51963,97,103,-6,6
51964,45,47,-2,2
51965,114,116,-2,2
51966,155,139,16,16
51967,151,161,-10,10
51968,60,57,3,3
51969,82,78,4,4
51970,96,93,3,3
51971,126,120,6,6
51972,90,95,-5,5
51973,83,74,9,9
51974,72,67,5,5
51975,139,127,12,12
51976,137,154,-17,17
51977,119,115,4,4
51978,115,99,16,16
51979,76,70,6,6
51980,80,96,-16,16
51981,101,93,8,8
51982,92,95,-3,3
51983,65,62,3,3
51984,89,87,2,2
51985,72,68,4,4
51986,45,52,-7,7
51987,69,60,9,9
51988,81,81,0,0
51989,95,93,2,2
51990,76,77,-1,1
51991,49,37,12,12
51992,97,99,-2,2
51993,90,78,12,12
51994,130,125,5,5
51995,74,80,-6,6
51996,46,62,-16,16
51997,74,84,-10,10
51998,108,94,14,14
51999,115,109,6,6
52000,37,64,-27,27
52001,79,69,10,10
52002,75,75,0,0
52003,174,150,24,24
52004,107,105,2,2
52005,53,59,-6,6
52006,83,100,-17,17
52007,60,53,7,7
52008,98,103,-5,5
52009,57,58,-1,1
52010,54,58,-4,4
52011,83,73,10,10
52012,182,226,-44,44
52013,107,115,-8,8
52014,89,103,-14,14
52015,105,105,0,0
52016,109,104,5,5
52017,141,135,6,6
52018,121,120,1,1
52019,91,105,-14,14
52020,117,110,7,7
52021,58,100,-42,42
52022,80,56,24,24
52023,88,101,-13,13
52024,80,72,8,8
52025,146,168,-22,22
52026,105,104,1,1
52027,128,145,-17,17
52028,79,69,10,10
52029,123,130,-7,7
52030,85,82,3,3
52031,77,79,-2,2
52032,70,57,13,13
52033,100,94,6,6
52034,71,66,5,5
52035,123,118,5,5
52036,85,90,-5,5
52037,113,112,1,1
52038,98,96,2,2
52039,67,71,-4,4
52040,130,109,21,21
52041,176,165,11,11
52042,117,129,-12,12
52043,130,128,2,2
52044,114,104,10,10
52045,108,111,-3,3
52046,111,117,-6,6
52047,91,84,7,7
52048,153,134,19,19
52049,83,139,-56,56
52050,91,93,-2,2
52051,103,105,-2,2
52052,123,133,-10,10
52053,57,59,-2,2
52054,115,111,4,4
52055,86,87,-1,1
52056,147,145,2,2
52057,116,130,-14,14
52058,87,89,-2,2
52059,81,68,13,13
52060,58,42,16,16
52061,97,89,8,8
52062,138,149,-11,11
52063,74,75,-1,1
52064,60,67,-7,7
52065,94,88,6,6
52066,150,138,12,12
52067,143,146,-3,3
52068,72,66,6,6
52069,80,76,4,4
52070,94,90,4,4
52071,85,78,7,7
52072,108,97,11,11
52073,106,102,4,4
52074,86,84,2,2
52075,160,157,3,3
52076,84,80,4,4
52077,78,79,-1,1
52078,89,99,-10,10
52079,76,76,0,0
52080,57,56,1,1
52081,93,89,4,4
52082,92,102,-10,10
52083,79,98,-19,19
52084,105,102,3,3
52085,146,143,3,3
52086,79,86,-7,7
52087,96,96,0,0
52088,97,98,-1,1
52089,74,74,0,0
52090,79,89,-10,10
52091,90,82,8,8
52092,133,127,6,6
52093,81,84,-3,3
52094,140,127,13,13
52095,20,25,-5,5
52096,42,78,-36,36
52097,178,153,25,25
52098,57,77,-20,20
52099,91,93,-2,2
52100,125,125,0,0
52101,77,77,0,0
52102,73,77,-4,4
52103,96,88,8,8
52104,63,63,0,0
52105,75,74,1,1
52106,117,114,3,3
52107,135,128,7,7
52108,105,115,-10,10
52109,141,140,1,1
52110,123,110,13,13
52111,71,80,-9,9
52112,108,108,0,0
52113,104,108,-4,4
52114,108,110,-2,2
52115,93,94,-1,1
52116,102,107,-5,5
52117,99,81,18,18
52118,95,105,-10,10
52119,53,55,-2,2
52120,117,94,23,23
52121,79,90,-11,11
52122,55,73,-18,18
52123,163,157,6,6
52124,53,48,5,5
52125,80,75,5,5
52126,124,118,6,6
52127,75,70,5,5
52128,133,133,0,0
52129,83,84,-1,1
52130,54,58,-4,4
52131,52,60,-8,8
52132,67,72,-5,5
52133,75,66,9,9
52134,106,110,-4,4
52135,140,125,15,15
52136,124,131,-7,7
52137,65,71,-6,6
52138,94,94,0,0
52139,108,105,3,3
52140,132,127,5,5
52141,123,111,12,12
52142,73,92,-19,19
52143,246,234,12,12
52144,91,82,9,9
52145,48,71,-23,23
52146,109,99,10,10
52147,120,109,11,11
52148,71,60,11,11
52149,44,51,-7,7
52150,83,77,6,6
52151,77,77,0,0
52152,108,92,16,16
52153,76,70,6,6
52154,116,102,14,14
52155,98,117,-19,19
52156,114,100,14,14
52157,142,136,6,6
52158,92,101,-9,9
52159,82,74,8,8
52160,86,84,2,2
52161,65,69,-4,4
52162,91,83,8,8
52163,158,157,1,1
52164,79,78,1,1
52165,89,73,16,16
52166,54,46,8,8
52167,144,125,19,19
52168,167,163,4,4
52169,94,95,-1,1
52170,75,76,-1,1
52171,110,123,-13,13
52172,113,114,-1,1
52173,63,67,-4,4
52174,138,135,3,3
52175,101,97,4,4
52176,99,110,-11,11
52177,98,106,-8,8
52178,138,161,-23,23
52179,116,113,3,3
52180,53,53,0,0
52181,97,92,5,5
52182,79,67,12,12
52183,94,108,-14,14
52184,72,73,-1,1
52185,104,119,-15,15
52186,113,111,2,2
52187,105,111,-6,6
52188,84,83,1,1
52189,66,70,-4,4
52190,75,70,5,5
52191,106,101,5,5
52192,100,94,6,6
52193,75,82,-7,7
52194,45,49,-4,4
52195,126,132,-6,6
52196,102,93,9,9
52197,108,106,2,2
52198,99,89,10,10
52199,146,97,49,49
52200,107,106,1,1
52201,105,109,-4,4
52202,58,51,7,7
52203,114,123,-9,9
52204,151,131,20,20
52205,72,75,-3,3
52206,79,70,9,9
52207,131,132,-1,1
52208,91,84,7,7
52209,52,55,-3,3
52210,81,63,18,18
52211,85,69,16,16
52212,96,84,12,12
52213,42,58,-16,16
52214,73,62,11,11
52215,100,105,-5,5
52216,104,98,6,6
52217,85,95,-10,10
52218,67,76,-9,9
52219,71,84,-13,13
52220,100,92,8,8
52221,134,107,27,27
52222,104,117,-13,13
52223,90,79,11,11
52224,96,123,-27,27
52225,61,73,-12,12
52226,65,56,9,9
52227,139,133,6,6
52228,46,41,5,5
52229,70,66,4,4
52230,142,129,13,13
52231,90,83,7,7
52232,112,111,1,1
52233,113,107,6,6
52234,59,61,-2,2
52235,111,108,3,3
52236,84,80,4,4
52237,74,64,10,10
52238,78,63,15,15
52239,145,152,-7,7
52240,100,129,-29,29
52241,103,92,11,11
52242,55,71,-16,16
52243,93,91,2,2
52244,78,74,4,4
52245,80,78,2,2
52246,104,95,9,9
52247,66,60,6,6
52248,68,58,10,10
52249,60,58,2,2
52250,103,132,-29,29
52251,69,64,5,5
52252,92,87,5,5
52253,48,57,-9,9
52254,54,57,-3,3
52255,54,72,-18,18
52256,58,61,-3,3
52257,160,137,23,23
52258,83,74,9,9
52259,90,82,8,8
52260,71,125,-54,54
52261,168,166,2,2
52262,137,150,-13,13
52263,139,133,6,6
52264,74,69,5,5
52265,75,71,4,4
52266,65,57,8,8
52267,93,81,12,12
52268,94,92,2,2
52269,65,68,-3,3
52270,110,114,-4,4
52271,29,53,-24,24
52272,91,84,7,7
52273,78,71,7,7
52274,77,84,-7,7
52275,93,92,1,1
52276,158,145,13,13
52277,206,215,-9,9
52278,98,98,0,0
52279,131,117,14,14
52280,115,108,7,7
52281,129,94,35,35
52282,97,87,10,10
52283,97,89,8,8
52284,78,94,-16,16
52285,81,90,-9,9
52286,107,99,8,8
52287,80,64,16,16
52288,67,63,4,4
52289,66,75,-9,9
52290,56,56,0,0
52291,72,65,7,7
52292,50,62,-12,12
52293,70,96,-26,26
52294,128,117,11,11
52295,138,139,-1,1
52296,38,42,-4,4
52297,113,115,-2,2
52298,168,163,5,5
52299,115,100,15,15
52300,88,87,1,1
52301,80,73,7,7
52302,124,136,-12,12
52303,190,178,12,12
52304,92,90,2,2
52305,83,83,0,0
52306,78,74,4,4
52307,64,54,10,10
52308,121,120,1,1
52309,74,77,-3,3
52310,59,62,-3,3
52311,200,128,72,72
52312,157,149,8,8
52313,86,96,-10,10
52314,126,128,-2,2
52315,75,58,17,17
52316,95,108,-13,13
52317,118,96,22,22
52318,174,162,12,12
52319,148,132,16,16
52320,70,67,3,3
52321,99,106,-7,7
52322,73,76,-3,3
52323,178,156,22,22
52324,127,137,-10,10
52325,137,142,-5,5
52326,35,48,-13,13
52327,58,55,3,3
52328,104,113,-9,9
52329,85,84,1,1
52330,91,98,-7,7
52331,40,41,-1,1
52332,83,83,0,0
52333,100,107,-7,7
52334,73,78,-5,5
52335,51,61,-10,10
52336,263,171,92,92
52337,87,94,-7,7
52338,85,81,4,4
52339,85,87,-2,2
52340,89,82,7,7
52341,176,156,20,20
52342,103,99,4,4
52343,128,141,-13,13
52344,166,167,-1,1
52345,92,107,-15,15
52346,100,100,0,0
52347,98,94,4,4
52348,57,66,-9,9
52349,127,129,-2,2
52350,86,96,-10,10
52351,144,158,-14,14
52352,60,67,-7,7
52353,113,119,-6,6
52354,113,94,19,19
52355,103,99,4,4
52356,90,89,1,1
52357,56,53,3,3
52358,47,57,-10,10
52359,105,114,-9,9
52360,61,71,-10,10
52361,128,107,21,21
52362,55,75,-20,20
52363,67,65,2,2
52364,65,66,-1,1
52365,116,112,4,4
52366,76,75,1,1
52367,41,51,-10,10
52368,83,71,12,12
52369,82,89,-7,7
52370,50,54,-4,4
52371,81,90,-9,9
52372,57,55,2,2
52373,83,92,-9,9
52374,87,94,-7,7
52375,56,79,-23,23
52376,68,62,6,6
52377,71,61,10,10
52378,77,76,1,1
52379,67,64,3,3
52380,120,107,13,13
52381,74,68,6,6
52382,121,124,-3,3
52383,73,83,-10,10
52384,53,53,0,0
52385,68,72,-4,4
52386,95,96,-1,1
52387,103,109,-6,6
52388,46,49,-3,3
52389,73,62,11,11
52390,148,131,17,17
52391,145,132,13,13
52392,105,103,2,2
52393,71,71,0,0
52394,43,48,-5,5
52395,106,118,-12,12
52396,114,114,0,0
52397,80,55,25,25
52398,64,121,-57,57
52399,125,116,9,9
52400,84,88,-4,4
52401,86,101,-15,15
52402,101,94,7,7
52403,95,95,0,0
52404,90,87,3,3
52405,93,82,11,11
52406,62,65,-3,3
52407,146,154,-8,8
52408,87,85,2,2
52409,85,82,3,3
52410,134,108,26,26
52411,82,79,3,3
52412,46,42,4,4
52413,73,63,10,10
52414,23,31,-8,8
52415,167,154,13,13
52416,116,96,20,20
52417,112,124,-12,12
52418,227,201,26,26
52419,108,120,-12,12
52420,93,87,6,6
52421,76,86,-10,10
52422,75,70,5,5
52423,74,71,3,3
52424,85,85,0,0
52425,68,67,1,1
52426,93,85,8,8
52427,143,140,3,3
52428,132,137,-5,5
52429,68,75,-7,7
52430,49,71,-22,22
52431,116,120,-4,4
52432,87,74,13,13
52433,114,111,3,3
52434,133,126,7,7
52435,81,74,7,7
52436,105,102,3,3
52437,88,94,-6,6
52438,158,153,5,5
52439,82,71,11,11
52440,91,96,-5,5
52441,158,160,-2,2
52442,77,77,0,0
52443,61,85,-24,24
52444,57,59,-2,2
52445,76,83,-7,7
52446,80,77,3,3
52447,90,97,-7,7
52448,75,60,15,15
52449,105,103,2,2
52450,99,90,9,9
52451,134,138,-4,4
52452,70,67,3,3
52453,139,160,-21,21
52454,67,65,2,2
52455,186,161,25,25
52456,101,94,7,7
52457,142,145,-3,3
52458,66,59,7,7
52459,88,89,-1,1
52460,79,84,-5,5
52461,80,74,6,6
52462,103,111,-8,8
52463,133,139,-6,6
52464,21,131,-110,110
52465,98,83,15,15
52466,67,83,-16,16
52467,117,136,-19,19
52468,71,66,5,5
52469,45,53,-8,8
52470,90,74,16,16
52471,122,83,39,39
52472,133,120,13,13
52473,70,68,2,2
52474,99,111,-12,12
52475,161,148,13,13
52476,123,105,18,18
52477,116,107,9,9
52478,148,124,24,24
52479,55,44,11,11
52480,107,111,-4,4
52481,69,69,0,0
52482,103,132,-29,29
52483,50,46,4,4
52484,76,76,0,0
52485,98,110,-12,12
52486,63,68,-5,5
52487,69,60,9,9
52488,115,107,8,8
52489,64,57,7,7
52490,80,69,11,11
52491,93,73,20,20
52492,93,99,-6,6
52493,107,104,3,3
52494,91,87,4,4
52495,73,85,-12,12
52496,163,142,21,21
52497,82,83,-1,1
52498,133,86,47,47
52499,70,77,-7,7
52500,74,67,7,7
52501,72,69,3,3
52502,51,45,6,6
52503,192,166,26,26
52504,59,61,-2,2
52505,69,63,6,6
52506,47,51,-4,4
52507,146,147,-1,1
52508,149,137,12,12
52509,96,109,-13,13
52510,73,60,13,13
52511,143,132,11,11
52512,101,109,-8,8
52513,96,97,-1,1
52514,108,114,-6,6
52515,77,78,-1,1
52516,45,46,-1,1
52517,89,90,-1,1
52518,160,149,11,11
52519,97,103,-6,6
52520,82,74,8,8
52521,80,67,13,13
52522,70,63,7,7
52523,123,118,5,5
52524,109,102,7,7
52525,162,159,3,3
52526,129,110,19,19
52527,80,69,11,11
52528,49,53,-4,4
52529,129,114,15,15
52530,79,69,10,10
52531,89,97,-8,8
52532,92,90,2,2
52533,87,67,20,20
52534,104,87,17,17
52535,106,88,18,18
52536,169,166,3,3
52537,96,118,-22,22
52538,66,78,-12,12
52539,140,142,-2,2
52540,128,111,17,17
52541,82,68,14,14
52542,128,117,11,11
52543,109,103,6,6
52544,59,58,1,1
52545,61,60,1,1
52546,109,93,16,16
52547,72,79,-7,7
52548,57,97,-40,40
52549,94,97,-3,3
52550,86,90,-4,4
52551,57,61,-4,4
52552,142,139,3,3
52553,79,86,-7,7
52554,150,145,5,5
52555,122,126,-4,4
52556,106,117,-11,11
52557,41,47,-6,6
52558,218,218,0,0
52559,106,93,13,13
52560,80,73,7,7
52561,87,82,5,5
52562,121,130,-9,9
52563,68,66,2,2
52564,79,80,-1,1
52565,63,55,8,8
52566,57,79,-22,22
52567,132,133,-1,1
52568,86,80,6,6
52569,92,83,9,9
52570,187,149,38,38
52571,97,98,-1,1
52572,135,133,2,2
52573,126,103,23,23
52574,79,73,6,6
52575,69,79,-10,10
52576,142,143,-1,1
52577,97,96,1,1
52578,104,109,-5,5
52579,112,118,-6,6
52580,168,168,0,0
52581,145,136,9,9
52582,137,132,5,5
52583,142,118,24,24
52584,81,80,1,1
52585,97,89,8,8
52586,90,77,13,13
52587,121,145,-24,24
52588,71,77,-6,6
52589,61,66,-5,5
52590,95,104,-9,9
52591,95,115,-20,20
52592,53,75,-22,22
52593,126,122,4,4
52594,72,70,2,2
52595,86,78,8,8
52596,141,145,-4,4
52597,96,98,-2,2
52598,98,104,-6,6
52599,123,110,13,13
52600,46,61,-15,15
52601,95,92,3,3
52602,127,127,0,0
52603,153,121,32,32
52604,115,111,4,4
52605,104,89,15,15
52606,53,52,1,1
52607,95,93,2,2
52608,88,84,4,4
52609,133,118,15,15
52610,88,77,11,11
52611,25,50,-25,25
52612,142,138,4,4
52613,98,99,-1,1
52614,93,90,3,3
52615,99,98,1,1
52616,152,148,4,4
52617,124,126,-2,2
52618,112,118,-6,6
52619,134,114,20,20
52620,104,103,1,1
52621,86,92,-6,6
52622,117,116,1,1
52623,77,78,-1,1
52624,88,88,0,0
52625,72,68,4,4
52626,87,104,-17,17
52627,80,68,12,12
52628,103,94,9,9
52629,136,132,4,4
52630,105,113,-8,8
52631,96,88,8,8
52632,90,72,18,18
52633,53,50,3,3
52634,77,80,-3,3
52635,60,60,0,0
52636,115,121,-6,6
52637,93,85,8,8
52638,91,78,13,13
52639,162,171,-9,9
52640,115,99,16,16
52641,148,154,-6,6
52642,68,68,0,0
52643,79,92,-13,13
52644,53,68,-15,15
52645,60,55,5,5
52646,63,69,-6,6
52647,102,105,-3,3
52648,111,102,9,9
52649,116,119,-3,3
52650,50,54,-4,4
52651,113,103,10,10
52652,46,53,-7,7
52653,62,62,0,0
52654,112,111,1,1
52655,58,56,2,2
52656,85,76,9,9
52657,111,101,10,10
52658,105,116,-11,11
52659,113,115,-2,2
52660,174,161,13,13
52661,125,123,2,2
52662,109,108,1,1
52663,67,77,-10,10
52664,76,58,18,18
52665,193,201,-8,8
52666,128,125,3,3
52667,88,90,-2,2
52668,70,72,-2,2
52669,63,62,1,1
52670,148,163,-15,15
52671,89,99,-10,10
52672,152,143,9,9
52673,62,65,-3,3
52674,141,134,7,7
52675,48,55,-7,7
52676,185,169,16,16
52677,89,83,6,6
52678,87,83,4,4
52679,50,107,-57,57
52680,79,73,6,6
52681,124,135,-11,11
52682,109,89,20,20
52683,54,63,-9,9
52684,90,83,7,7
52685,85,91,-6,6
52686,35,97,-62,62
52687,86,81,5,5
52688,47,47,0,0
52689,103,100,3,3
52690,105,101,4,4
52691,47,55,-8,8
52692,44,53,-9,9
52693,137,133,4,4
52694,69,72,-3,3
52695,47,45,2,2
52696,63,55,8,8
52697,118,129,-11,11
52698,83,89,-6,6
52699,80,92,-12,12
52700,119,98,21,21
52701,107,121,-14,14
52702,100,115,-15,15
52703,96,99,-3,3
52704,90,114,-24,24
52705,136,118,18,18
52706,142,153,-11,11
52707,82,85,-3,3
52708,64,47,17,17
52709,89,88,1,1
52710,49,66,-17,17
52711,138,130,8,8
52712,74,71,3,3
52713,55,63,-8,8
52714,147,124,23,23
52715,87,87,0,0
52716,67,75,-8,8
52717,90,83,7,7
52718,72,91,-19,19
52719,110,113,-3,3
52720,166,162,4,4
52721,128,107,21,21
52722,70,76,-6,6
52723,95,99,-4,4
52724,58,55,3,3
52725,95,91,4,4
52726,78,79,-1,1
52727,99,99,0,0
52728,79,75,4,4
52729,96,86,10,10
52730,87,81,6,6
52731,57,54,3,3
52732,67,72,-5,5
52733,84,85,-1,1
52734,73,82,-9,9
52735,77,87,-10,10
52736,65,60,5,5
52737,34,48,-14,14
52738,103,103,0,0
52739,117,123,-6,6
52740,73,66,7,7
52741,121,121,0,0
52742,67,73,-6,6
52743,118,106,12,12
52744,145,147,-2,2
52745,83,95,-12,12
52746,105,94,11,11
52747,81,63,18,18
52748,92,95,-3,3
52749,44,44,0,0
52750,104,103,1,1
52751,45,68,-23,23
52752,96,92,4,4
52753,115,123,-8,8
52754,91,91,0,0
52755,64,76,-12,12
52756,63,71,-8,8
52757,83,95,-12,12
52758,126,131,-5,5
52759,57,53,4,4
52760,209,194,15,15
52761,153,143,10,10
52762,57,59,-2,2
52763,70,58,12,12
52764,118,128,-10,10
52765,110,114,-4,4
52766,63,55,8,8
52767,117,112,5,5
52768,151,138,13,13
52769,135,140,-5,5
52770,75,69,6,6
52771,121,113,8,8
52772,142,149,-7,7
52773,107,91,16,16
52774,87,81,6,6
52775,83,83,0,0
52776,54,49,5,5
52777,120,116,4,4
52778,75,84,-9,9
52779,116,128,-12,12
52780,80,77,3,3
52781,132,125,7,7
52782,61,66,-5,5
52783,70,77,-7,7
52784,57,53,4,4
52785,137,135,2,2
52786,112,93,19,19
52787,77,67,10,10
52788,78,81,-3,3
52789,94,101,-7,7
52790,85,81,4,4
52791,61,58,3,3
52792,80,81,-1,1
52793,116,112,4,4
52794,64,85,-21,21
52795,69,72,-3,3
52796,124,111,13,13
52797,78,61,17,17
52798,109,110,-1,1
52799,90,83,7,7
52800,148,147,1,1
52801,64,78,-14,14
52802,59,70,-11,11
52803,42,37,5,5
52804,132,132,0,0
52805,132,133,-1,1
52806,68,53,15,15
52807,173,174,-1,1
52808,73,77,-4,4
52809,88,80,8,8
52810,95,89,6,6
52811,56,49,7,7
52812,83,84,-1,1
52813,131,118,13,13
52814,65,72,-7,7
52815,77,70,7,7
52816,110,115,-5,5
52817,80,102,-22,22
52818,76,75,1,1
52819,73,84,-11,11
52820,66,61,5,5
52821,149,143,6,6
52822,55,51,4,4
52823,60,62,-2,2
52824,151,153,-2,2
52825,112,136,-24,24
52826,67,58,9,9
52827,67,85,-18,18
52828,77,90,-13,13
52829,114,120,-6,6
52830,123,137,-14,14
52831,83,81,2,2
52832,42,50,-8,8
52833,104,105,-1,1
52834,90,89,1,1
52835,107,118,-11,11
52836,153,128,25,25
52837,68,57,11,11
52838,41,59,-18,18
52839,82,83,-1,1
52840,55,51,4,4
52841,114,98,16,16
52842,92,86,6,6
52843,90,105,-15,15
52844,70,73,-3,3
52845,75,80,-5,5
52846,112,95,17,17
52847,76,82,-6,6
52848,107,80,27,27
52849,96,96,0,0
52850,107,103,4,4
52851,46,50,-4,4
52852,103,114,-11,11
52853,122,113,9,9
52854,117,106,11,11
52855,69,77,-8,8
52856,100,110,-10,10
52857,70,67,3,3
52858,96,102,-6,6
52859,89,82,7,7
52860,112,98,14,14
52861,93,115,-22,22
52862,104,116,-12,12
52863,79,89,-10,10
52864,150,142,8,8
52865,145,135,10,10
52866,135,142,-7,7
52867,61,55,6,6
52868,75,83,-8,8
52869,63,54,9,9
52870,77,75,2,2
52871,115,122,-7,7
52872,94,93,1,1
52873,60,60,0,0
52874,99,105,-6,6
52875,162,169,-7,7
52876,89,98,-9,9
52877,84,108,-24,24
52878,90,99,-9,9
52879,132,124,8,8
52880,106,99,7,7
52881,50,51,-1,1
52882,66,55,11,11
52883,153,142,11,11
52884,55,58,-3,3
52885,92,81,11,11
52886,113,115,-2,2
52887,54,57,-3,3
52888,132,136,-4,4
52889,116,98,18,18
52890,88,176,-88,88
52891,127,132,-5,5
52892,80,82,-2,2
52893,125,113,12,12
52894,108,96,12,12
52895,104,102,2,2
52896,62,69,-7,7
52897,76,73,3,3
52898,77,87,-10,10
52899,120,114,6,6
52900,71,72,-1,1
52901,54,63,-9,9
52902,115,123,-8,8
52903,138,145,-7,7
52904,95,83,12,12
52905,31,40,-9,9
52906,46,45,1,1
52907,147,130,17,17
52908,129,138,-9,9
52909,82,79,3,3
52910,81,82,-1,1
52911,62,60,2,2
52912,140,127,13,13
52913,101,101,0,0
52914,120,103,17,17
52915,48,49,-1,1
52916,132,112,20,20
52917,164,144,20,20
52918,48,57,-9,9
52919,81,87,-6,6
52920,74,71,3,3
52921,79,90,-11,11
52922,97,96,1,1
52923,81,83,-2,2
52924,47,68,-21,21
52925,97,109,-12,12
52926,59,70,-11,11
52927,68,65,3,3
52928,67,64,3,3
52929,66,68,-2,2
52930,143,131,12,12
52931,88,86,2,2
52932,96,95,1,1
52933,169,150,19,19
52934,106,97,9,9
52935,106,100,6,6
52936,78,80,-2,2
52937,107,113,-6,6
52938,132,119,13,13
52939,88,73,15,15
52940,68,86,-18,18
52941,104,122,-18,18
52942,79,73,6,6
52943,96,92,4,4
52944,159,151,8,8
52945,133,148,-15,15
52946,81,77,4,4
52947,67,75,-8,8
52948,86,84,2,2
52949,75,79,-4,4
52950,106,114,-8,8
52951,55,60,-5,5
52952,167,158,9,9
52953,33,36,-3,3
52954,114,130,-16,16
52955,153,138,15,15
52956,76,75,1,1
52957,74,81,-7,7
52958,152,156,-4,4
52959,176,108,68,68
52960,86,76,10,10
52961,191,155,36,36
52962,116,120,-4,4
52963,87,85,2,2
52964,133,144,-11,11
52965,131,139,-8,8
52966,96,85,11,11
52967,113,104,9,9
52968,52,57,-5,5
52969,68,75,-7,7
52970,110,100,10,10
52971,58,58,0,0
52972,104,112,-8,8
52973,93,95,-2,2
52974,118,127,-9,9
52975,92,92,0,0
52976,77,83,-6,6
52977,43,44,-1,1
52978,19,44,-25,25
52979,156,141,15,15
52980,145,151,-6,6
52981,85,82,3,3
52982,85,68,17,17
52983,121,106,15,15
52984,76,76,0,0
52985,137,155,-18,18
52986,76,72,4,4
52987,91,79,12,12
52988,93,79,14,14
52989,133,136,-3,3
52990,128,135,-7,7
52991,106,109,-3,3
52992,77,75,2,2
52993,104,106,-2,2
52994,82,73,9,9
52995,77,74,3,3
52996,91,107,-16,16
52997,73,93,-20,20
52998,144,143,1,1
52999,103,98,5,5
53000,97,142,-45,45
53001,238,235,3,3
53002,87,79,8,8
53003,135,128,7,7
53004,63,63,0,0
53005,95,88,7,7
53006,42,45,-3,3
53007,69,71,-2,2
53008,98,91,7,7
53009,147,152,-5,5
53010,108,111,-3,3
53011,52,56,-4,4
53012,69,62,7,7
53013,92,88,4,4
53014,129,115,14,14
53015,83,93,-10,10
53016,108,106,2,2
53017,126,128,-2,2
53018,84,85,-1,1
53019,86,73,13,13
53020,82,95,-13,13
53021,88,94,-6,6
53022,101,86,15,15
53023,130,111,19,19
53024,83,90,-7,7
53025,118,125,-7,7
53026,106,98,8,8
53027,108,115,-7,7
53028,85,61,24,24
53029,133,120,13,13
53030,77,66,11,11
53031,110,96,14,14
53032,71,83,-12,12
53033,72,68,4,4
53034,44,49,-5,5
53035,69,67,2,2
53036,106,94,12,12
53037,103,95,8,8
53038,82,74,8,8
53039,119,117,2,2
53040,94,101,-7,7
53041,67,67,0,0
53042,81,70,11,11
53043,102,54,48,48
53044,68,67,1,1
53045,154,141,13,13
53046,80,82,-2,2
53047,120,102,18,18
53048,59,134,-75,75
53049,149,143,6,6
53050,66,72,-6,6
53051,80,65,15,15
53052,61,61,0,0
53053,40,60,-20,20
53054,80,86,-6,6
53055,54,48,6,6
53056,90,133,-43,43
53057,107,110,-3,3
53058,62,55,7,7
53059,157,164,-7,7
53060,113,115,-2,2
53061,107,121,-14,14
53062,87,73,14,14
53063,90,79,11,11
53064,155,139,16,16
53065,37,52,-15,15
53066,66,73,-7,7
53067,92,97,-5,5
53068,74,74,0,0
53069,38,31,7,7
53070,83,74,9,9
53071,90,98,-8,8
53072,262,279,-17,17
53073,83,82,1,1
53074,65,54,11,11
53075,84,80,4,4
53076,50,62,-12,12
53077,95,103,-8,8
53078,80,90,-10,10
53079,135,124,11,11
53080,75,67,8,8
53081,79,84,-5,5
53082,179,177,2,2
53083,119,119,0,0
53084,89,71,18,18
53085,58,57,1,1
53086,98,95,3,3
53087,58,66,-8,8
53088,62,64,-2,2
53089,65,64,1,1
53090,90,90,0,0
53091,134,118,16,16
53092,61,54,7,7
53093,142,134,8,8
53094,71,74,-3,3
53095,147,115,32,32
53096,122,122,0,0
53097,151,148,3,3
53098,105,101,4,4
53099,56,59,-3,3
53100,124,132,-8,8
53101,140,150,-10,10
53102,107,110,-3,3
53103,103,100,3,3
53104,98,87,11,11
53105,63,52,11,11
53106,51,57,-6,6
53107,81,81,0,0
53108,65,69,-4,4
53109,150,147,3,3
53110,134,151,-17,17
53111,46,43,3,3
53112,120,106,14,14
53113,80,76,4,4
53114,93,85,8,8
53115,176,159,17,17
53116,115,126,-11,11
53117,128,124,4,4
53118,143,136,7,7
53119,55,55,0,0
53120,85,72,13,13
53121,102,90,12,12
53122,54,62,-8,8
53123,151,126,25,25
53124,83,73,10,10
53125,47,44,3,3
53126,80,85,-5,5
53127,126,126,0,0
53128,105,115,-10,10
53129,103,103,0,0
53130,70,65,5,5
53131,64,64,0,0
53132,116,127,-11,11
53133,124,139,-15,15
53134,89,80,9,9
53135,73,76,-3,3
53136,131,135,-4,4
53137,120,109,11,11
53138,102,98,4,4
53139,88,75,13,13
53140,82,77,5,5
53141,88,89,-1,1
53142,135,121,14,14
53143,119,112,7,7
53144,67,73,-6,6
53145,55,48,7,7
53146,170,159,11,11
53147,125,126,-1,1
53148,132,123,9,9
53149,146,141,5,5
53150,83,80,3,3
53151,85,79,6,6
53152,101,98,3,3
53153,84,93,-9,9
53154,135,119,16,16
53155,54,54,0,0
53156,74,64,10,10
53157,72,73,-1,1
53158,112,92,20,20
53159,137,128,9,9
53160,82,64,18,18
53161,121,106,15,15
53162,83,82,1,1
53163,112,110,2,2
53164,66,63,3,3
53165,90,76,14,14
53166,111,122,-11,11
53167,70,71,-1,1
53168,98,97,1,1
53169,101,94,7,7
53170,108,99,9,9
53171,77,74,3,3
53172,94,92,2,2
53173,77,88,-11,11
53174,52,70,-18,18
53175,114,115,-1,1
53176,79,65,14,14
53177,43,56,-13,13
53178,110,101,9,9
53179,51,65,-14,14
53180,81,79,2,2
53181,122,114,8,8
53182,128,130,-2,2
53183,92,123,-31,31
53184,111,112,-1,1
53185,106,109,-3,3
53186,56,56,0,0
53187,137,127,10,10
53188,75,55,20,20
53189,71,72,-1,1
53190,67,66,1,1
53191,89,86,3,3
53192,96,99,-3,3
53193,106,111,-5,5
53194,71,75,-4,4
53195,128,128,0,0
53196,63,68,-5,5
53197,82,69,13,13
53198,67,67,0,0
53199,80,74,6,6
53200,124,121,3,3
53201,117,115,2,2
53202,115,119,-4,4
53203,107,107,0,0
53204,65,67,-2,2
53205,119,104,15,15
53206,88,87,1,1
53207,53,58,-5,5
53208,156,154,2,2
53209,71,74,-3,3
53210,89,88,1,1
53211,88,81,7,7
53212,113,100,13,13
53213,43,48,-5,5
53214,106,106,0,0
53215,85,79,6,6
53216,108,122,-14,14
53217,70,60,10,10
53218,163,160,3,3
53219,102,97,5,5
53220,74,74,0,0
53221,60,67,-7,7
53222,107,102,5,5
53223,59,110,-51,51
53224,90,98,-8,8
53225,134,123,11,11
53226,159,149,10,10
53227,99,85,14,14
53228,75,77,-2,2
53229,62,54,8,8
53230,93,98,-5,5
53231,101,98,3,3
53232,61,69,-8,8
53233,88,89,-1,1
53234,99,96,3,3
53235,45,46,-1,1
53236,65,67,-2,2
53237,120,107,13,13
53238,85,85,0,0
53239,76,77,-1,1
53240,111,105,6,6
53241,75,64,11,11
53242,96,88,8,8
53243,134,116,18,18
53244,62,51,11,11
53245,69,66,3,3
53246,95,96,-1,1
53247,93,81,12,12
53248,73,108,-35,35
53249,89,68,21,21
53250,59,53,6,6
53251,73,62,11,11
53252,115,119,-4,4
53253,86,81,5,5
53254,141,164,-23,23
53255,109,136,-27,27
53256,112,104,8,8
53257,74,79,-5,5
53258,57,56,1,1
53259,61,64,-3,3
53260,104,109,-5,5
53261,111,102,9,9
53262,80,80,0,0
53263,107,99,8,8
53264,43,40,3,3
53265,71,78,-7,7
53266,54,47,7,7
53267,74,89,-15,15
53268,77,79,-2,2
53269,86,98,-12,12
53270,65,61,4,4
53271,103,94,9,9
53272,67,72,-5,5
53273,77,62,15,15
53274,53,62,-9,9
53275,128,119,9,9
53276,75,74,1,1
53277,111,141,-30,30
53278,94,94,0,0
53279,93,87,6,6
53280,131,120,11,11
53281,61,86,-25,25
53282,69,84,-15,15
53283,70,70,0,0
53284,50,46,4,4
53285,69,61,8,8
53286,101,95,6,6
53287,86,75,11,11
53288,98,98,0,0
53289,140,95,45,45
53290,88,89,-1,1
53291,51,56,-5,5
53292,72,63,9,9
53293,109,116,-7,7
53294,67,83,-16,16
53295,114,113,1,1
53296,98,82,16,16
53297,98,105,-7,7
53298,107,111,-4,4
53299,133,150,-17,17
53300,161,153,8,8
53301,161,104,57,57
53302,125,124,1,1
53303,90,91,-1,1
53304,112,122,-10,10
53305,61,59,2,2
53306,186,193,-7,7
53307,102,110,-8,8
53308,273,265,8,8
53309,125,136,-11,11
53310,124,126,-2,2
53311,115,116,-1,1
53312,86,82,4,4
53313,67,71,-4,4
53314,90,93,-3,3
53315,146,145,1,1
53316,64,63,1,1
53317,78,74,4,4
53318,73,65,8,8
53319,132,124,8,8
53320,78,65,13,13
53321,108,118,-10,10
53322,72,54,18,18
53323,112,109,3,3
53324,110,119,-9,9
53325,157,147,10,10
53326,87,70,17,17
53327,63,64,-1,1
53328,47,54,-7,7
53329,55,52,3,3
53330,57,59,-2,2
53331,77,87,-10,10
53332,73,67,6,6
53333,52,48,4,4
53334,60,78,-18,18
53335,171,190,-19,19
53336,153,137,16,16
53337,128,138,-10,10
53338,101,97,4,4
53339,58,60,-2,2
53340,67,61,6,6
53341,58,58,0,0
53342,69,67,2,2
53343,198,177,21,21
53344,85,81,4,4
53345,96,82,14,14
53346,68,90,-22,22
53347,80,74,6,6
53348,56,65,-9,9
53349,67,59,8,8
53350,57,54,3,3
53351,39,33,6,6
53352,81,90,-9,9
53353,117,111,6,6
53354,104,109,-5,5
53355,105,125,-20,20
53356,83,75,8,8
53357,135,132,3,3
53358,76,62,14,14
53359,122,114,8,8
53360,78,74,4,4
53361,37,34,3,3
53362,134,129,5,5
53363,71,75,-4,4
53364,119,110,9,9
53365,23,44,-21,21
53366,145,142,3,3
53367,99,94,5,5
53368,70,70,0,0
53369,41,56,-15,15
53370,82,87,-5,5
53371,102,96,6,6
53372,64,53,11,11
53373,60,54,6,6
53374,157,152,5,5
53375,144,131,13,13
53376,107,115,-8,8
53377,108,114,-6,6
53378,79,73,6,6
53379,77,85,-8,8
53380,102,111,-9,9
53381,62,61,1,1
53382,87,97,-10,10
53383,156,148,8,8
53384,59,53,6,6
53385,54,58,-4,4
53386,114,114,0,0
53387,87,98,-11,11
53388,132,134,-2,2
53389,135,124,11,11
53390,126,107,19,19
53391,105,110,-5,5
53392,95,99,-4,4
53393,101,104,-3,3
53394,51,60,-9,9
53395,63,67,-4,4
53396,149,151,-2,2
53397,72,63,9,9
53398,147,149,-2,2
53399,67,62,5,5
53400,106,110,-4,4
53401,98,98,0,0
53402,100,96,4,4
53403,93,90,3,3
53404,69,78,-9,9
53405,116,145,-29,29
53406,88,89,-1,1
53407,114,147,-33,33
53408,53,56,-3,3
53409,55,56,-1,1
53410,86,89,-3,3
53411,110,104,6,6
53412,82,76,6,6
53413,87,75,12,12
53414,60,54,6,6
53415,59,56,3,3
53416,72,61,11,11
53417,99,82,17,17
53418,111,91,20,20
53419,105,112,-7,7
53420,110,99,11,11
53421,56,53,3,3
53422,126,136,-10,10
53423,75,83,-8,8
53424,56,51,5,5
53425,119,128,-9,9
53426,98,90,8,8
53427,171,170,1,1
53428,169,149,20,20
53429,126,119,7,7
53430,194,170,24,24
53431,112,100,12,12
53432,73,67,6,6
53433,106,115,-9,9
53434,101,90,11,11
53435,119,107,12,12
53436,96,96,0,0
53437,58,56,2,2
53438,89,93,-4,4
53439,78,114,-36,36
53440,85,82,3,3
53441,87,83,4,4
53442,70,71,-1,1
53443,50,50,0,0
53444,51,51,0,0
53445,91,77,14,14
53446,79,72,7,7
53447,98,89,9,9
53448,117,140,-23,23
53449,94,105,-11,11
53450,141,138,3,3
53451,133,133,0,0
53452,48,43,5,5
53453,121,115,6,6
53454,90,89,1,1
53455,50,63,-13,13
53456,69,75,-6,6
53457,90,98,-8,8
53458,83,72,11,11
53459,89,105,-16,16
53460,84,74,10,10
53461,72,73,-1,1
53462,65,62,3,3
53463,93,91,2,2
53464,70,55,15,15
53465,68,74,-6,6
53466,128,153,-25,25
53467,102,77,25,25
53468,111,116,-5,5
53469,54,53,1,1
53470,94,104,-10,10
53471,102,95,7,7
53472,104,106,-2,2
53473,90,89,1,1
53474,96,90,6,6
53475,119,96,23,23
53476,80,87,-7,7
53477,77,69,8,8
53478,228,254,-26,26
53479,134,106,28,28
53480,140,159,-19,19
53481,47,49,-2,2
53482,113,111,2,2
53483,58,55,3,3
53484,34,42,-8,8
53485,46,52,-6,6
53486,68,56,12,12
53487,68,68,0,0
53488,43,44,-1,1
53489,74,77,-3,3
53490,88,84,4,4
53491,130,143,-13,13
53492,112,91,21,21
53493,91,71,20,20
53494,70,80,-10,10
53495,137,125,12,12
53496,67,74,-7,7
53497,90,78,12,12
53498,137,140,-3,3
53499,83,93,-10,10
53500,105,105,0,0
53501,78,81,-3,3
53502,93,68,25,25
53503,88,78,10,10
53504,65,62,3,3
53505,105,108,-3,3
53506,131,130,1,1
53507,52,51,1,1
53508,48,44,4,4
53509,127,129,-2,2
53510,70,80,-10,10
53511,62,57,5,5
53512,119,133,-14,14
53513,75,74,1,1
53514,90,88,2,2
53515,60,70,-10,10
53516,133,124,9,9
53517,86,82,4,4
53518,77,82,-5,5
53519,81,83,-2,2
53520,98,97,1,1
53521,101,100,1,1
53522,70,61,9,9
53523,86,80,6,6
53524,111,110,1,1
53525,99,92,7,7
53526,62,68,-6,6
53527,111,100,11,11
53528,57,50,7,7
53529,93,96,-3,3
53530,77,77,0,0
53531,122,121,1,1
53532,96,98,-2,2
53533,52,49,3,3
53534,66,59,7,7
53535,102,84,18,18
53536,79,95,-16,16
53537,83,96,-13,13
53538,90,96,-6,6
53539,117,146,-29,29
53540,87,84,3,3
53541,127,108,19,19
53542,50,54,-4,4
53543,62,65,-3,3
53544,63,82,-19,19
53545,80,76,4,4
53546,111,145,-34,34
53547,53,44,9,9
53548,105,101,4,4
53549,97,85,12,12
53550,48,46,2,2
53551,66,66,0,0
53552,113,109,4,4
53553,142,132,10,10
53554,42,43,-1,1
53555,55,62,-7,7
53556,111,106,5,5
53557,89,80,9,9
53558,76,87,-11,11
53559,126,114,12,12
53560,103,110,-7,7
53561,53,49,4,4
53562,90,83,7,7
53563,66,56,10,10
53564,60,59,1,1
53565,49,56,-7,7
53566,230,178,52,52
53567,64,55,9,9
53568,104,106,-2,2
53569,82,80,2,2
53570,157,134,23,23
53571,53,59,-6,6
53572,93,99,-6,6
53573,76,73,3,3
53574,61,76,-15,15
53575,100,92,8,8
53576,52,59,-7,7
53577,69,64,5,5
53578,117,121,-4,4
53579,124,126,-2,2
53580,100,101,-1,1
53581,149,115,34,34
53582,99,100,-1,1
53583,120,102,18,18
53584,79,82,-3,3
53585,177,168,9,9
53586,62,66,-4,4
53587,99,88,11,11
53588,157,151,6,6
53589,117,138,-21,21
53590,98,95,3,3
53591,68,60,8,8
53592,85,77,8,8
53593,91,100,-9,9
53594,106,92,14,14
53595,129,116,13,13
53596,134,125,9,9
53597,85,82,3,3
53598,122,111,11,11
53599,89,83,6,6
53600,46,58,-12,12
53601,91,108,-17,17
53602,136,130,6,6
53603,52,49,3,3
53604,98,98,0,0
53605,98,106,-8,8
53606,129,130,-1,1
53607,49,48,1,1
53608,75,85,-10,10
53609,70,70,0,0
53610,102,97,5,5
53611,114,109,5,5
53612,31,38,-7,7
53613,120,114,6,6
53614,108,109,-1,1
53615,84,88,-4,4
53616,61,67,-6,6
53617,150,155,-5,5
53618,52,104,-52,52
53619,44,45,-1,1
53620,71,91,-20,20
53621,62,65,-3,3
53622,74,72,2,2
53623,100,110,-10,10
53624,83,89,-6,6
53625,82,84,-2,2
53626,149,131,18,18
53627,113,116,-3,3
53628,99,98,1,1
53629,94,112,-18,18
53630,77,78,-1,1
53631,116,133,-17,17
53632,154,152,2,2
53633,84,85,-1,1
53634,116,101,15,15
53635,169,148,21,21
53636,126,121,5,5
53637,31,55,-24,24
53638,84,81,3,3
53639,81,64,17,17
53640,109,104,5,5
53641,96,99,-3,3
53642,78,73,5,5
53643,100,93,7,7
53644,101,96,5,5
53645,63,67,-4,4
53646,118,131,-13,13
53647,119,106,13,13
53648,70,68,2,2
53649,82,89,-7,7
53650,57,54,3,3
53651,89,97,-8,8
53652,124,108,16,16
53653,67,78,-11,11
53654,87,85,2,2
53655,115,117,-2,2
53656,76,64,12,12
53657,63,64,-1,1
53658,105,99,6,6
53659,77,67,10,10
53660,124,124,0,0
53661,84,77,7,7
53662,52,52,0,0
53663,55,62,-7,7
53664,120,115,5,5
53665,206,165,41,41
53666,67,64,3,3
53667,93,92,1,1
53668,67,61,6,6
53669,71,65,6,6
53670,87,76,11,11
53671,72,70,2,2
53672,108,110,-2,2
53673,116,107,9,9
53674,62,69,-7,7
53675,61,64,-3,3
53676,57,63,-6,6
53677,100,98,2,2
53678,78,67,11,11
53679,93,98,-5,5
53680,102,99,3,3
53681,187,174,13,13
53682,88,80,8,8
53683,100,99,1,1
53684,169,163,6,6
53685,160,181,-21,21
53686,142,136,6,6
53687,146,152,-6,6
53688,81,82,-1,1
53689,41,44,-3,3
53690,111,84,27,27
53691,124,113,11,11
53692,114,120,-6,6
53693,133,150,-17,17
53694,88,76,12,12
53695,90,74,16,16
53696,76,84,-8,8
53697,83,87,-4,4
53698,130,139,-9,9
53699,48,54,-6,6
53700,85,96,-11,11
53701,77,83,-6,6
53702,130,131,-1,1
53703,118,100,18,18
53704,106,97,9,9
53705,67,72,-5,5
53706,111,105,6,6
53707,94,79,15,15
53708,69,73,-4,4
53709,76,96,-20,20
53710,96,91,5,5
53711,84,63,21,21
53712,144,79,65,65
53713,66,78,-12,12
53714,86,74,12,12
53715,56,75,-19,19
53716,103,106,-3,3
53717,154,130,24,24
53718,80,76,4,4
53719,89,92,-3,3
53720,63,65,-2,2
53721,90,72,18,18
53722,102,79,23,23
53723,132,123,9,9
53724,103,96,7,7
53725,138,124,14,14
53726,107,104,3,3
53727,84,89,-5,5
53728,158,144,14,14
53729,143,143,0,0
53730,83,86,-3,3
53731,101,96,5,5
53732,42,47,-5,5
53733,156,139,17,17
53734,96,95,1,1
53735,124,124,0,0
53736,91,93,-2,2
53737,139,135,4,4
53738,80,76,4,4
53739,95,90,5,5
53740,95,89,6,6
53741,83,82,1,1
53742,88,82,6,6
53743,120,119,1,1
53744,79,71,8,8
53745,114,106,8,8
53746,54,61,-7,7
53747,72,69,3,3
53748,122,101,21,21
53749,125,131,-6,6
53750,100,95,5,5
53751,90,98,-8,8
53752,92,86,6,6
53753,85,81,4,4
53754,115,110,5,5
53755,76,70,6,6
53756,94,106,-12,12
53757,128,108,20,20
53758,49,90,-41,41
53759,134,127,7,7
53760,114,118,-4,4
53761,75,71,4,4
53762,71,68,3,3
53763,131,130,1,1
53764,110,109,1,1
53765,113,101,12,12
53766,79,86,-7,7
53767,90,97,-7,7
53768,112,102,10,10
53769,92,95,-3,3
53770,141,135,6,6
53771,46,60,-14,14
53772,103,105,-2,2
53773,124,115,9,9
53774,98,99,-1,1
53775,106,94,12,12
53776,95,82,13,13
53777,50,48,2,2
53778,98,99,-1,1
53779,127,139,-12,12
53780,147,147,0,0
53781,136,131,5,5
53782,68,70,-2,2
53783,133,123,10,10
53784,112,105,7,7
53785,73,69,4,4
53786,104,105,-1,1
53787,118,115,3,3
53788,84,95,-11,11
53789,66,69,-3,3
53790,74,75,-1,1
53791,71,58,13,13
53792,122,122,0,0
53793,88,85,3,3
53794,90,105,-15,15
53795,44,50,-6,6
53796,68,75,-7,7
53797,72,81,-9,9
53798,141,136,5,5
53799,84,109,-25,25
53800,120,131,-11,11
53801,46,67,-21,21
53802,59,58,1,1
53803,136,146,-10,10
53804,47,45,2,2
53805,57,61,-4,4
53806,64,75,-11,11
53807,114,98,16,16
53808,75,62,13,13
53809,72,75,-3,3
53810,58,56,2,2
53811,70,70,0,0
53812,146,128,18,18
53813,83,92,-9,9
53814,116,135,-19,19
53815,143,144,-1,1
53816,118,103,15,15
53817,200,151,49,49
53818,116,107,9,9
53819,124,110,14,14
53820,142,134,8,8
53821,184,159,25,25
53822,137,112,25,25
53823,76,91,-15,15
53824,96,103,-7,7
53825,52,46,6,6
53826,91,80,11,11
53827,55,59,-4,4
53828,95,82,13,13
53829,59,51,8,8
53830,145,156,-11,11
53831,84,68,16,16
53832,112,124,-12,12
53833,63,79,-16,16
53834,60,63,-3,3
53835,134,113,21,21
53836,88,88,0,0
53837,72,76,-4,4
53838,107,113,-6,6
53839,74,62,12,12
53840,94,75,19,19
53841,84,77,7,7
53842,55,57,-2,2
53843,30,38,-8,8
53844,31,50,-19,19
53845,77,87,-10,10
53846,74,67,7,7
53847,99,78,21,21
53848,148,155,-7,7
53849,70,67,3,3
53850,86,79,7,7
53851,124,140,-16,16
53852,144,137,7,7
53853,77,64,13,13
53854,117,98,19,19
53855,78,61,17,17
53856,53,67,-14,14
53857,105,98,7,7
53858,79,67,12,12
53859,127,114,13,13
53860,94,85,9,9
53861,159,157,2,2
53862,90,93,-3,3
53863,71,73,-2,2
53864,156,151,5,5
53865,140,148,-8,8
53866,57,47,10,10
53867,91,85,6,6
53868,61,53,8,8
53869,91,104,-13,13
53870,54,58,-4,4
53871,78,78,0,0
53872,133,109,24,24
53873,121,109,12,12
53874,151,145,6,6
53875,119,107,12,12
53876,76,117,-41,41
53877,98,97,1,1
53878,97,107,-10,10
53879,41,57,-16,16
53880,149,158,-9,9
53881,119,114,5,5
53882,80,86,-6,6
53883,67,56,11,11
53884,70,68,2,2
53885,120,106,14,14
53886,125,127,-2,2
53887,76,74,2,2
53888,77,74,3,3
53889,89,84,5,5
53890,63,56,7,7
53891,163,153,10,10
53892,51,45,6,6
53893,68,62,6,6
53894,131,135,-4,4
53895,109,106,3,3
53896,61,57,4,4
53897,118,138,-20,20
53898,103,99,4,4
53899,137,111,26,26
53900,93,89,4,4
53901,116,105,11,11
53902,61,66,-5,5
53903,80,79,1,1
53904,88,86,2,2
53905,121,130,-9,9
53906,63,54,9,9
53907,150,135,15,15
53908,130,124,6,6
53909,112,114,-2,2
53910,48,54,-6,6
53911,159,156,3,3
53912,75,67,8,8
53913,66,70,-4,4
53914,75,74,1,1
53915,70,66,4,4
53916,80,76,4,4
53917,95,88,7,7
53918,57,42,15,15
53919,79,68,11,11
53920,69,55,14,14
53921,60,70,-10,10
53922,115,107,8,8
53923,121,103,18,18
53924,71,61,10,10
53925,88,80,8,8
53926,97,91,6,6
53927,56,73,-17,17
53928,107,96,11,11
53929,35,41,-6,6
53930,112,115,-3,3
53931,74,78,-4,4
53932,80,81,-1,1
53933,89,95,-6,6
53934,81,82,-1,1
53935,142,147,-5,5
53936,109,97,12,12
53937,118,96,22,22
53938,93,97,-4,4
53939,127,121,6,6
53940,84,86,-2,2
53941,135,137,-2,2
53942,128,122,6,6
53943,88,78,10,10
53944,77,75,2,2
53945,73,70,3,3
53946,92,75,17,17
53947,163,165,-2,2
53948,117,115,2,2
53949,186,178,8,8
53950,118,133,-15,15
53951,79,63,16,16
53952,81,77,4,4
53953,114,132,-18,18
53954,83,81,2,2
53955,89,80,9,9
53956,139,144,-5,5
53957,85,80,5,5
53958,52,61,-9,9
53959,112,104,8,8
53960,79,68,11,11
53961,90,69,21,21
53962,102,99,3,3
53963,86,76,10,10
53964,83,77,6,6
53965,149,137,12,12
53966,50,48,2,2
53967,73,70,3,3
53968,66,66,0,0
53969,106,98,8,8
53970,78,71,7,7
53971,85,82,3,3
53972,97,100,-3,3
53973,50,39,11,11
53974,126,134,-8,8
53975,83,89,-6,6
53976,98,90,8,8
53977,75,69,6,6
53978,93,86,7,7
53979,143,132,11,11
53980,142,128,14,14
53981,55,69,-14,14
53982,68,61,7,7
53983,61,59,2,2
53984,68,70,-2,2
53985,119,103,16,16
53986,85,80,5,5
53987,56,48,8,8
53988,105,108,-3,3
53989,74,73,1,1
53990,61,49,12,12
53991,125,129,-4,4
53992,49,49,0,0
53993,117,117,0,0
53994,109,124,-15,15
53995,108,134,-26,26
53996,153,164,-11,11
53997,59,55,4,4
53998,173,138,35,35
53999,90,86,4,4
54000,102,93,9,9
54001,53,59,-6,6
54002,91,100,-9,9
54003,162,123,39,39
54004,129,131,-2,2
54005,110,113,-3,3
54006,80,70,10,10
54007,94,77,17,17
54008,107,98,9,9
54009,57,62,-5,5
54010,109,108,1,1
54011,73,74,-1,1
54012,229,208,21,21
54013,170,175,-5,5
54014,70,57,13,13
54015,104,105,-1,1
54016,83,68,15,15
54017,101,98,3,3
54018,86,95,-9,9
54019,108,106,2,2
54020,96,93,3,3
54021,80,88,-8,8
54022,68,67,1,1
54023,91,83,8,8
54024,112,114,-2,2
54025,122,109,13,13
54026,132,71,61,61
54027,96,93,3,3
54028,81,88,-7,7
54029,80,96,-16,16
54030,101,96,5,5
54031,117,114,3,3
54032,100,71,29,29
54033,83,96,-13,13
54034,93,91,2,2
54035,103,105,-2,2
54036,48,77,-29,29
54037,110,105,5,5
54038,128,123,5,5
54039,37,37,0,0
54040,110,120,-10,10
54041,94,93,1,1
54042,127,132,-5,5
54043,70,67,3,3
54044,112,109,3,3
54045,189,179,10,10
54046,95,96,-1,1
54047,123,142,-19,19
54048,152,153,-1,1
54049,85,84,1,1
54050,60,66,-6,6
54051,74,68,6,6
54052,89,88,1,1
54053,97,99,-2,2
54054,159,141,18,18
54055,90,97,-7,7
54056,76,74,2,2
54057,83,93,-10,10
54058,71,79,-8,8
54059,105,86,19,19
54060,102,95,7,7
54061,161,163,-2,2
54062,123,122,1,1
54063,85,81,4,4
54064,41,61,-20,20
54065,165,155,10,10
54066,60,69,-9,9
54067,123,123,0,0
54068,59,57,2,2
54069,51,46,5,5
54070,160,155,5,5
54071,134,156,-22,22
54072,87,100,-13,13
54073,91,87,4,4
54074,52,62,-10,10
54075,111,104,7,7
54076,139,130,9,9
54077,65,77,-12,12
54078,96,99,-3,3
54079,92,78,14,14
54080,77,85,-8,8
54081,106,107,-1,1
54082,194,179,15,15
54083,127,129,-2,2
54084,121,98,23,23
54085,140,158,-18,18
54086,129,130,-1,1
54087,59,59,0,0
54088,82,88,-6,6
54089,59,59,0,0
54090,98,93,5,5
54091,214,176,38,38
54092,107,101,6,6
54093,122,127,-5,5
54094,75,69,6,6
54095,52,45,7,7
54096,129,126,3,3
54097,59,53,6,6
54098,64,59,5,5
54099,144,141,3,3
54100,99,102,-3,3
54101,156,132,24,24
54102,173,152,21,21
54103,82,80,2,2
54104,145,145,0,0
54105,105,91,14,14
54106,102,106,-4,4
54107,69,68,1,1
54108,51,78,-27,27
54109,44,51,-7,7
54110,30,43,-13,13
54111,118,109,9,9
54112,85,71,14,14
54113,70,75,-5,5
54114,61,95,-34,34
54115,69,57,12,12
54116,81,72,9,9
54117,68,65,3,3
54118,149,146,3,3
54119,47,68,-21,21
54120,53,64,-11,11
54121,143,139,4,4
54122,91,104,-13,13
54123,93,94,-1,1
54124,45,54,-9,9
54125,122,117,5,5
54126,112,105,7,7
54127,165,132,33,33
54128,57,59,-2,2
54129,101,109,-8,8
54130,54,53,1,1
54131,55,55,0,0
54132,74,70,4,4
54133,95,93,2,2
54134,58,86,-28,28
54135,114,124,-10,10
54136,73,93,-20,20
54137,81,72,9,9
54138,63,59,4,4
54139,139,136,3,3
54140,96,101,-5,5
54141,111,106,5,5
54142,157,148,9,9
54143,167,154,13,13
54144,166,133,33,33
54145,115,106,9,9
54146,80,82,-2,2
54147,166,153,13,13
54148,89,86,3,3
54149,69,65,4,4
54150,34,40,-6,6
54151,92,93,-1,1
54152,81,82,-1,1
54153,131,136,-5,5
54154,65,68,-3,3
54155,107,106,1,1
54156,61,65,-4,4
54157,77,80,-3,3
54158,92,95,-3,3
54159,175,166,9,9
54160,154,152,2,2
54161,101,93,8,8
54162,96,79,17,17
54163,82,78,4,4
54164,72,71,1,1
54165,60,65,-5,5
54166,137,123,14,14
54167,44,48,-4,4
54168,77,62,15,15
54169,111,116,-5,5
54170,41,56,-15,15
54171,119,110,9,9
54172,83,82,1,1
54173,108,99,9,9
54174,128,105,23,23
54175,76,89,-13,13
54176,41,41,0,0
54177,79,78,1,1
54178,175,158,17,17
54179,115,108,7,7
54180,87,90,-3,3
54181,136,133,3,3
54182,76,72,4,4
54183,107,122,-15,15
54184,86,95,-9,9
54185,118,104,14,14
54186,98,93,5,5
54187,73,76,-3,3
54188,176,169,7,7
54189,110,99,11,11
54190,73,80,-7,7
54191,73,90,-17,17
54192,109,111,-2,2
54193,96,113,-17,17
54194,128,118,10,10
54195,65,71,-6,6
54196,81,89,-8,8
54197,76,70,6,6
54198,81,93,-12,12
54199,55,64,-9,9
54200,93,87,6,6
54201,138,157,-19,19
54202,127,126,1,1
54203,110,88,22,22
54204,97,85,12,12
54205,106,112,-6,6
54206,70,69,1,1
54207,84,101,-17,17
54208,103,101,2,2
54209,109,96,13,13
54210,82,75,7,7
54211,82,80,2,2
54212,75,62,13,13
54213,96,86,10,10
54214,74,75,-1,1
54215,50,52,-2,2
54216,80,81,-1,1
54217,129,143,-14,14
54218,127,118,9,9
54219,101,111,-10,10
54220,94,86,8,8
54221,80,79,1,1
54222,51,49,2,2
54223,98,97,1,1
54224,93,90,3,3
54225,138,140,-2,2
54226,127,116,11,11
54227,115,107,8,8
54228,57,63,-6,6
54229,62,60,2,2
54230,125,141,-16,16
54231,74,88,-14,14
54232,104,90,14,14
54233,112,114,-2,2
54234,101,93,8,8
54235,81,69,12,12
54236,58,54,4,4
54237,98,78,20,20
54238,60,58,2,2
54239,60,57,3,3
54240,119,106,13,13
54241,92,86,6,6
54242,79,85,-6,6
54243,72,71,1,1
54244,59,65,-6,6
54245,53,53,0,0
54246,133,127,6,6
54247,81,86,-5,5
54248,167,150,17,17
54249,110,108,2,2
54250,62,58,4,4
54251,77,78,-1,1
54252,81,106,-25,25
54253,108,92,16,16
54254,107,98,9,9
54255,56,51,5,5
54256,74,68,6,6
54257,55,59,-4,4
54258,41,46,-5,5
54259,95,80,15,15
54260,80,82,-2,2
54261,107,100,7,7
54262,89,87,2,2
54263,69,65,4,4
54264,89,75,14,14
54265,125,120,5,5
54266,139,102,37,37
54267,63,62,1,1
54268,79,79,0,0
54269,111,126,-15,15
54270,80,78,2,2
54271,89,90,-1,1
54272,65,61,4,4
54273,139,118,21,21
54274,105,102,3,3
54275,59,53,6,6
54276,108,101,7,7
54277,71,69,2,2
54278,57,67,-10,10
54279,65,52,13,13
54280,66,58,8,8
54281,171,162,9,9
54282,69,85,-16,16
54283,137,115,22,22
54284,62,63,-1,1
54285,92,92,0,0
54286,87,80,7,7
54287,131,127,4,4
54288,160,159,1,1
54289,78,81,-3,3
54290,82,89,-7,7
54291,152,161,-9,9
54292,34,42,-8,8
54293,80,93,-13,13
54294,201,186,15,15
54295,89,80,9,9
54296,88,95,-7,7
54297,137,123,14,14
54298,58,59,-1,1
54299,87,93,-6,6
54300,106,118,-12,12
54301,67,68,-1,1
54302,57,54,3,3
54303,83,70,13,13
54304,105,97,8,8
54305,187,148,39,39
54306,92,91,1,1
54307,43,53,-10,10
54308,130,143,-13,13
54309,103,98,5,5
54310,79,79,0,0
54311,176,163,13,13
54312,120,110,10,10
54313,75,69,6,6
54314,75,79,-4,4
54315,77,80,-3,3
54316,87,80,7,7
54317,49,78,-29,29
54318,164,149,15,15
54319,142,141,1,1
54320,136,143,-7,7
54321,51,52,-1,1
54322,79,86,-7,7
54323,173,159,14,14
54324,118,115,3,3
54325,75,65,10,10
54326,87,87,0,0
54327,66,68,-2,2
54328,67,73,-6,6
54329,124,113,11,11
54330,62,66,-4,4
54331,88,81,7,7
54332,87,86,1,1
54333,125,127,-2,2
54334,107,75,32,32
54335,65,60,5,5
54336,50,52,-2,2
54337,80,76,4,4
54338,166,160,6,6
54339,142,143,-1,1
54340,171,162,9,9
54341,57,59,-2,2
54342,87,87,0,0
54343,106,101,5,5
54344,95,110,-15,15
54345,108,100,8,8
54346,105,103,2,2
54347,112,119,-7,7
54348,101,88,13,13
54349,89,89,0,0
54350,49,51,-2,2
54351,84,84,0,0
54352,101,106,-5,5
54353,66,68,-2,2
54354,83,78,5,5
54355,58,67,-9,9
54356,85,92,-7,7
54357,91,107,-16,16
54358,53,71,-18,18
54359,94,92,2,2
54360,97,86,11,11
54361,76,69,7,7
54362,45,54,-9,9
54363,49,56,-7,7
54364,150,152,-2,2
54365,104,99,5,5
54366,111,123,-12,12
54367,68,55,13,13
54368,93,92,1,1
54369,100,104,-4,4
54370,107,104,3,3
54371,121,120,1,1
54372,60,70,-10,10
54373,134,137,-3,3
54374,127,124,3,3
54375,76,71,5,5
54376,122,107,15,15
54377,71,69,2,2
54378,73,80,-7,7
54379,74,69,5,5
54380,133,132,1,1
54381,78,78,0,0
54382,60,71,-11,11
54383,112,136,-24,24
54384,87,87,0,0
54385,105,82,23,23
54386,62,61,1,1
54387,76,66,10,10
54388,124,113,11,11
54389,108,126,-18,18
54390,63,59,4,4
54391,192,173,19,19
54392,63,82,-19,19
54393,94,90,4,4
54394,76,92,-16,16
54395,153,142,11,11
54396,145,139,6,6
54397,118,124,-6,6
54398,144,156,-12,12
54399,80,89,-9,9
54400,81,69,12,12
54401,167,140,27,27
54402,112,95,17,17
54403,87,93,-6,6
54404,114,107,7,7
54405,96,99,-3,3
54406,72,72,0,0
54407,148,139,9,9
54408,105,102,3,3
54409,138,141,-3,3
54410,80,75,5,5
54411,79,80,-1,1
54412,92,83,9,9
54413,104,101,3,3
54414,60,78,-18,18
54415,179,155,24,24
54416,86,79,7,7
54417,32,110,-78,78
54418,134,106,28,28
54419,71,73,-2,2
54420,93,91,2,2
54421,112,113,-1,1
54422,117,112,5,5
54423,112,104,8,8
54424,83,83,0,0
54425,111,97,14,14
54426,143,148,-5,5
54427,84,84,0,0
54428,58,66,-8,8
54429,78,88,-10,10
54430,116,106,10,10
54431,120,104,16,16
54432,102,88,14,14
54433,155,98,57,57
54434,106,110,-4,4
54435,79,67,12,12
54436,111,123,-12,12
54437,72,67,5,5
54438,59,53,6,6
54439,139,153,-14,14
54440,119,120,-1,1
54441,100,94,6,6
54442,59,65,-6,6
54443,67,75,-8,8
54444,149,141,8,8
54445,74,69,5,5
54446,96,98,-2,2
54447,196,197,-1,1
54448,144,144,0,0
54449,101,85,16,16
54450,80,91,-11,11
54451,76,91,-15,15
54452,96,95,1,1
54453,112,106,6,6
54454,73,93,-20,20
54455,126,152,-26,26
54456,92,81,11,11
54457,125,129,-4,4
54458,64,63,1,1
54459,146,142,4,4
54460,77,101,-24,24
54461,148,139,9,9
54462,126,119,7,7
54463,95,93,2,2
54464,58,58,0,0
54465,146,126,20,20
54466,148,128,20,20
54467,104,103,1,1
54468,129,114,15,15
54469,60,54,6,6
54470,83,80,3,3
54471,67,52,15,15
54472,132,116,16,16
54473,82,94,-12,12
54474,34,60,-26,26
54475,76,94,-18,18
54476,116,116,0,0
54477,119,138,-19,19
54478,96,95,1,1
54479,138,136,2,2
54480,80,78,2,2
54481,109,105,4,4
54482,103,91,12,12
54483,57,49,8,8
54484,41,44,-3,3
54485,121,110,11,11
54486,87,80,7,7
54487,125,124,1,1
54488,82,97,-15,15
54489,36,45,-9,9
54490,63,57,6,6
54491,112,116,-4,4
54492,90,79,11,11
54493,110,127,-17,17
54494,184,157,27,27
54495,97,100,-3,3
54496,64,73,-9,9
54497,115,112,3,3
54498,85,80,5,5
54499,60,65,-5,5
54500,68,68,0,0
54501,118,109,9,9
54502,56,68,-12,12
54503,49,60,-11,11
54504,92,88,4,4
54505,62,58,4,4
54506,131,70,61,61
54507,125,123,2,2
54508,146,144,2,2
54509,78,84,-6,6
54510,69,69,0,0
54511,76,68,8,8
54512,66,68,-2,2
54513,71,73,-2,2
54514,97,100,-3,3
54515,264,192,72,72
54516,38,42,-4,4
54517,134,134,0,0
54518,70,65,5,5
54519,67,68,-1,1
54520,128,130,-2,2
54521,138,104,34,34
54522,101,89,12,12
54523,76,68,8,8
54524,42,54,-12,12
54525,138,113,25,25
54526,126,119,7,7
54527,80,70,10,10
54528,61,59,2,2
54529,105,89,16,16
54530,113,112,1,1
54531,96,110,-14,14
54532,97,91,6,6
54533,74,84,-10,10
54534,129,114,15,15
54535,83,69,14,14
54536,87,78,9,9
54537,72,69,3,3
54538,120,111,9,9
54539,95,110,-15,15
54540,62,62,0,0
54541,54,60,-6,6
54542,80,83,-3,3
54543,109,100,9,9
54544,90,82,8,8
54545,30,22,8,8
54546,103,97,6,6
54547,91,103,-12,12
54548,92,80,12,12
54549,79,83,-4,4
54550,120,121,-1,1
54551,131,111,20,20
54552,91,85,6,6
54553,64,64,0,0
54554,106,107,-1,1
54555,81,69,12,12
54556,86,88,-2,2
54557,190,186,4,4
54558,80,77,3,3
54559,108,113,-5,5
54560,136,142,-6,6
54561,84,81,3,3
54562,122,124,-2,2
54563,80,67,13,13
54564,80,72,8,8
54565,143,139,4,4
54566,31,35,-4,4
54567,96,90,6,6
54568,74,54,20,20
54569,130,126,4,4
54570,99,91,8,8
54571,90,98,-8,8
54572,89,78,11,11
54573,122,106,16,16
54574,116,105,11,11
54575,111,123,-12,12
54576,129,118,11,11
54577,97,93,4,4
54578,122,106,16,16
54579,94,126,-32,32
54580,78,82,-4,4
54581,101,93,8,8
54582,77,78,-1,1
54583,99,109,-10,10
54584,91,98,-7,7
54585,74,72,2,2
54586,120,120,0,0
54587,109,95,14,14
54588,54,59,-5,5
54589,105,93,12,12
54590,140,145,-5,5
54591,175,171,4,4
54592,103,91,12,12
54593,80,78,2,2
54594,71,75,-4,4
54595,101,100,1,1
54596,91,93,-2,2
54597,75,90,-15,15
54598,51,59,-8,8
54599,59,56,3,3
54600,108,114,-6,6
54601,198,187,11,11
54602,48,45,3,3
54603,117,99,18,18
54604,44,38,6,6
54605,105,112,-7,7
54606,78,82,-4,4
54607,92,107,-15,15
54608,89,88,1,1
54609,68,64,4,4
54610,50,100,-50,50
54611,83,71,12,12
54612,71,65,6,6
54613,96,120,-24,24
54614,146,146,0,0
54615,134,103,31,31
54616,73,74,-1,1
54617,84,105,-21,21
54618,86,94,-8,8
54619,152,145,7,7
54620,59,62,-3,3
54621,183,120,63,63
54622,50,53,-3,3
54623,83,79,4,4
54624,103,93,10,10
54625,63,72,-9,9
54626,58,66,-8,8
54627,79,79,0,0
54628,65,92,-27,27
54629,50,53,-3,3
54630,89,83,6,6
54631,132,118,14,14
54632,91,98,-7,7
54633,79,81,-2,2
54634,89,74,15,15
54635,117,117,0,0
54636,89,76,13,13
54637,109,113,-4,4
54638,124,131,-7,7
54639,97,84,13,13
54640,131,137,-6,6
54641,86,85,1,1
54642,77,71,6,6
54643,96,95,1,1
54644,94,86,8,8
54645,74,69,5,5
54646,129,132,-3,3
54647,104,105,-1,1
54648,113,126,-13,13
54649,99,100,-1,1
54650,63,58,5,5
54651,95,89,6,6
54652,68,82,-14,14
54653,194,140,54,54
54654,99,119,-20,20
54655,123,145,-22,22
54656,119,118,1,1
54657,108,92,16,16
54658,66,85,-19,19
54659,60,64,-4,4
54660,58,65,-7,7
54661,183,180,3,3
54662,190,168,22,22
54663,165,156,9,9
54664,80,87,-7,7
54665,166,150,16,16
54666,123,144,-21,21
54667,131,135,-4,4
54668,62,76,-14,14
54669,83,73,10,10
54670,125,133,-8,8
54671,103,106,-3,3
54672,101,101,0,0
54673,95,99,-4,4
54674,59,58,1,1
54675,107,104,3,3
54676,79,57,22,22
54677,87,81,6,6
54678,84,85,-1,1
54679,67,69,-2,2
54680,75,75,0,0
54681,85,77,8,8
54682,89,73,16,16
54683,105,115,-10,10
54684,71,61,10,10
54685,150,124,26,26
54686,59,59,0,0
54687,86,84,2,2
54688,85,79,6,6
54689,110,104,6,6
54690,76,69,7,7
54691,100,94,6,6
54692,109,96,13,13
54693,110,111,-1,1
54694,97,114,-17,17
54695,109,106,3,3
54696,188,167,21,21
54697,52,53,-1,1
54698,56,60,-4,4
54699,87,87,0,0
54700,72,71,1,1
54701,171,165,6,6
54702,109,110,-1,1
54703,86,90,-4,4
54704,140,155,-15,15
54705,113,110,3,3
54706,89,85,4,4
54707,102,91,11,11
54708,82,72,10,10
54709,87,83,4,4
54710,85,82,3,3
54711,150,130,20,20
54712,151,107,44,44
54713,65,73,-8,8
54714,150,153,-3,3
54715,102,98,4,4
54716,88,77,11,11
54717,108,104,4,4
54718,38,56,-18,18
54719,123,126,-3,3
54720,92,69,23,23
54721,120,110,10,10
54722,108,99,9,9
54723,72,66,6,6
54724,62,69,-7,7
54725,105,98,7,7
54726,71,78,-7,7
54727,99,87,12,12
54728,88,94,-6,6
54729,79,105,-26,26
54730,86,84,2,2
54731,116,108,8,8
54732,74,79,-5,5
54733,93,87,6,6
54734,198,190,8,8
54735,96,96,0,0
54736,78,72,6,6
54737,57,49,8,8
54738,45,51,-6,6
54739,140,136,4,4
54740,76,74,2,2
54741,88,89,-1,1
54742,127,113,14,14
54743,50,77,-27,27
54744,101,104,-3,3
54745,71,74,-3,3
54746,141,119,22,22
54747,110,123,-13,13
54748,144,127,17,17
54749,114,115,-1,1
54750,66,60,6,6
54751,90,96,-6,6
54752,83,75,8,8
54753,143,130,13,13
54754,81,78,3,3
54755,41,36,5,5
54756,165,177,-12,12
54757,92,107,-15,15
54758,43,67,-24,24
54759,84,76,8,8
54760,58,74,-16,16
54761,74,62,12,12
54762,102,83,19,19
54763,62,76,-14,14
54764,115,102,13,13
54765,93,94,-1,1
54766,155,132,23,23
54767,173,185,-12,12
54768,145,138,7,7
54769,75,78,-3,3
54770,116,108,8,8
54771,114,112,2,2
54772,115,127,-12,12
54773,123,124,-1,1
54774,86,96,-10,10
54775,95,90,5,5
54776,59,54,5,5
54777,123,125,-2,2
54778,111,113,-2,2
54779,109,128,-19,19
54780,92,86,6,6
54781,118,117,1,1
54782,42,55,-13,13
54783,65,59,6,6
54784,74,71,3,3
54785,144,151,-7,7
54786,139,127,12,12
54787,71,72,-1,1
54788,66,71,-5,5
54789,81,74,7,7
54790,103,121,-18,18
54791,65,67,-2,2
54792,137,145,-8,8
54793,86,91,-5,5
54794,64,50,14,14
54795,96,90,6,6
54796,76,81,-5,5
54797,56,53,3,3
54798,59,63,-4,4
54799,70,69,1,1
54800,79,69,10,10
54801,92,91,1,1
54802,64,68,-4,4
54803,141,146,-5,5
54804,111,106,5,5
54805,123,108,15,15
54806,55,54,1,1
54807,58,62,-4,4
54808,105,83,22,22
54809,124,106,18,18
54810,76,65,11,11
54811,72,84,-12,12
54812,68,66,2,2
54813,39,45,-6,6
54814,83,71,12,12
54815,90,81,9,9
54816,84,89,-5,5
54817,131,127,4,4
54818,100,94,6,6
54819,68,72,-4,4
54820,199,181,18,18
54821,111,111,0,0
54822,63,64,-1,1
54823,112,118,-6,6
54824,58,55,3,3
54825,167,155,12,12
54826,167,156,11,11
54827,204,178,26,26
54828,88,81,7,7
54829,112,117,-5,5
54830,109,110,-1,1
54831,74,78,-4,4
54832,118,129,-11,11
54833,114,116,-2,2
54834,52,47,5,5
54835,79,64,15,15
54836,63,66,-3,3
54837,34,66,-32,32
54838,75,79,-4,4
54839,66,55,11,11
54840,165,165,0,0
54841,140,108,32,32
54842,68,77,-9,9
54843,119,109,10,10
54844,109,124,-15,15
54845,79,70,9,9
54846,96,84,12,12
54847,96,99,-3,3
54848,58,48,10,10
54849,99,103,-4,4
54850,68,73,-5,5
54851,61,76,-15,15
54852,89,99,-10,10
54853,135,127,8,8
54854,60,64,-4,4
54855,92,98,-6,6
54856,84,73,11,11
54857,84,82,2,2
54858,94,86,8,8
54859,101,120,-19,19
54860,119,116,3,3
54861,139,144,-5,5
54862,84,83,1,1
54863,204,144,60,60
54864,97,96,1,1
54865,79,84,-5,5
54866,101,102,-1,1
54867,86,74,12,12
54868,84,80,4,4
54869,67,77,-10,10
54870,98,105,-7,7
54871,79,78,1,1
54872,90,77,13,13
54873,62,65,-3,3
54874,65,71,-6,6
54875,62,73,-11,11
54876,41,44,-3,3
54877,140,138,2,2
54878,167,150,17,17
54879,129,132,-3,3
54880,170,193,-23,23
54881,76,81,-5,5
54882,88,80,8,8
54883,57,46,11,11
54884,55,53,2,2
54885,81,75,6,6
54886,142,124,18,18
54887,118,114,4,4
54888,66,70,-4,4
54889,61,69,-8,8
54890,97,92,5,5
54891,88,77,11,11
54892,101,104,-3,3
54893,64,101,-37,37
54894,116,119,-3,3
54895,90,85,5,5
54896,87,94,-7,7
54897,98,91,7,7
54898,111,110,1,1
54899,67,63,4,4
54900,51,71,-20,20
54901,123,120,3,3
54902,59,57,2,2
54903,67,59,8,8
54904,48,48,0,0
54905,52,57,-5,5
54906,180,183,-3,3
54907,61,55,6,6
54908,162,154,8,8
54909,76,74,2,2
54910,57,59,-2,2
54911,90,87,3,3
54912,55,61,-6,6
54913,103,110,-7,7
54914,72,83,-11,11
54915,70,61,9,9
54916,154,142,12,12
54917,113,112,1,1
54918,108,62,46,46
54919,50,62,-12,12
54920,45,55,-10,10
54921,71,55,16,16
54922,132,138,-6,6
54923,164,153,11,11
54924,100,110,-10,10
54925,46,47,-1,1
54926,85,76,9,9
54927,88,78,10,10
54928,107,111,-4,4
54929,84,84,0,0
54930,48,48,0,0
54931,98,88,10,10
54932,154,144,10,10
54933,115,109,6,6
54934,69,62,7,7
54935,47,49,-2,2
54936,79,77,2,2
54937,74,63,11,11
54938,77,76,1,1
54939,52,54,-2,2
54940,146,139,7,7
54941,74,75,-1,1
54942,122,109,13,13
54943,83,107,-24,24
54944,134,99,35,35
54945,113,88,25,25
54946,113,99,14,14
54947,100,108,-8,8
54948,77,82,-5,5
54949,91,82,9,9
54950,112,140,-28,28
54951,109,93,16,16
54952,97,92,5,5
54953,156,154,2,2
54954,128,130,-2,2
54955,88,84,4,4
54956,68,75,-7,7
54957,69,76,-7,7
54958,137,140,-3,3
54959,68,82,-14,14
54960,65,72,-7,7
54961,93,83,10,10
54962,58,50,8,8
54963,55,53,2,2
54964,121,115,6,6
54965,133,124,9,9
54966,50,54,-4,4
54967,228,185,43,43
54968,101,96,5,5
54969,51,56,-5,5
54970,89,89,0,0
54971,63,76,-13,13
54972,70,76,-6,6
54973,41,50,-9,9
54974,114,106,8,8
54975,65,82,-17,17
54976,83,87,-4,4
54977,61,51,10,10
54978,68,90,-22,22
54979,107,108,-1,1
54980,70,133,-63,63
54981,122,111,11,11
54982,44,43,1,1
54983,138,153,-15,15
54984,178,179,-1,1
54985,94,81,13,13
54986,107,89,18,18
54987,63,64,-1,1
54988,84,93,-9,9
54989,124,117,7,7
54990,68,83,-15,15
54991,78,79,-1,1
54992,177,172,5,5
54993,49,46,3,3
54994,60,59,1,1
54995,63,64,-1,1
54996,39,91,-52,52
54997,88,84,4,4
54998,150,147,3,3
54999,105,99,6,6
55000,88,83,5,5
55001,58,76,-18,18
55002,47,52,-5,5
55003,135,128,7,7
55004,101,97,4,4
55005,61,59,2,2
55006,114,95,19,19
55007,75,66,9,9
55008,88,76,12,12
55009,69,62,7,7
55010,95,84,11,11
55011,120,141,-21,21
55012,148,169,-21,21
55013,80,79,1,1
55014,54,66,-12,12
55015,85,90,-5,5
55016,123,89,34,34
55017,101,100,1,1
55018,108,115,-7,7
55019,62,59,3,3
55020,68,78,-10,10
55021,55,55,0,0
55022,103,111,-8,8
55023,115,107,8,8
55024,94,93,1,1
55025,77,72,5,5
55026,146,124,22,22
55027,62,65,-3,3
55028,57,57,0,0
55029,204,161,43,43
55030,52,68,-16,16
55031,111,128,-17,17
55032,67,59,8,8
55033,116,113,3,3
55034,168,171,-3,3
55035,47,38,9,9
55036,75,63,12,12
55037,92,61,31,31
55038,139,135,4,4
55039,130,141,-11,11
55040,118,112,6,6
55041,72,69,3,3
55042,90,91,-1,1
55043,104,79,25,25
55044,99,109,-10,10
55045,98,100,-2,2
55046,84,83,1,1
55047,106,92,14,14
55048,69,61,8,8
55049,72,74,-2,2
55050,86,78,8,8
55051,122,117,5,5
55052,103,89,14,14
55053,113,116,-3,3
55054,70,60,10,10
55055,73,88,-15,15
55056,79,75,4,4
55057,102,86,16,16
55058,79,72,7,7
55059,67,64,3,3
55060,61,51,10,10
55061,78,83,-5,5
55062,83,76,7,7
55063,91,77,14,14
55064,49,55,-6,6
55065,64,64,0,0
55066,76,75,1,1
55067,155,157,-2,2
55068,90,84,6,6
55069,78,107,-29,29
55070,67,72,-5,5
55071,112,109,3,3
55072,90,78,12,12
55073,98,108,-10,10
55074,93,86,7,7
55075,103,113,-10,10
55076,64,63,1,1
55077,94,98,-4,4
55078,58,65,-7,7
55079,76,76,0,0
55080,153,147,6,6
55081,96,83,13,13
55082,151,150,1,1
55083,60,106,-46,46
55084,87,76,11,11
55085,30,46,-16,16
55086,83,68,15,15
55087,107,113,-6,6
55088,114,105,9,9
55089,74,72,2,2
55090,99,120,-21,21
55091,120,117,3,3
55092,89,78,11,11
55093,215,193,22,22
55094,53,44,9,9
55095,74,70,4,4
55096,112,102,10,10
55097,76,81,-5,5
55098,69,65,4,4
55099,146,113,33,33
55100,92,89,3,3
55101,72,70,2,2
55102,184,174,10,10
55103,50,54,-4,4
55104,82,77,5,5
55105,90,82,8,8
55106,152,148,4,4
55107,41,58,-17,17
55108,149,140,9,9
55109,83,65,18,18
55110,45,62,-17,17
55111,225,188,37,37
55112,169,132,37,37
55113,44,56,-12,12
55114,118,123,-5,5
55115,108,97,11,11
55116,125,117,8,8
55117,124,127,-3,3
55118,65,86,-21,21
55119,164,151,13,13
55120,138,130,8,8
55121,87,80,7,7
55122,51,58,-7,7
55123,98,97,1,1
55124,64,61,3,3
55125,63,72,-9,9
55126,101,96,5,5
55127,90,86,4,4
55128,104,96,8,8
55129,140,129,11,11
55130,121,105,16,16
55131,107,100,7,7
55132,85,81,4,4
55133,116,126,-10,10
55134,55,62,-7,7
55135,74,77,-3,3
55136,178,137,41,41
55137,134,70,64,64
55138,62,61,1,1
55139,113,109,4,4
55140,75,66,9,9
55141,84,82,2,2
55142,88,83,5,5
55143,68,70,-2,2
55144,46,53,-7,7
55145,150,163,-13,13
55146,99,89,10,10
55147,108,95,13,13
55148,118,75,43,43
55149,48,55,-7,7
55150,104,93,11,11
55151,73,61,12,12
55152,109,108,1,1
55153,62,67,-5,5
55154,91,79,12,12
55155,119,116,3,3
55156,157,150,7,7
55157,117,111,6,6
55158,60,62,-2,2
55159,90,93,-3,3
55160,102,96,6,6
55161,100,93,7,7
55162,99,96,3,3
55163,108,93,15,15
55164,90,81,9,9
55165,120,118,2,2
55166,97,90,7,7
55167,78,67,11,11
55168,105,104,1,1
55169,160,150,10,10
55170,143,127,16,16
55171,112,110,2,2
55172,152,133,19,19
55173,153,146,7,7
55174,65,57,8,8
55175,66,62,4,4
55176,63,72,-9,9
55177,55,73,-18,18
55178,75,70,5,5
55179,91,86,5,5
55180,81,75,6,6
55181,138,133,5,5
55182,120,118,2,2
55183,86,82,4,4
55184,75,78,-3,3
55185,15,21,-6,6
55186,71,74,-3,3
55187,158,155,3,3
55188,102,86,16,16
55189,58,60,-2,2
55190,54,58,-4,4
55191,77,87,-10,10
55192,82,69,13,13
55193,69,68,1,1
55194,92,101,-9,9
55195,132,145,-13,13
55196,109,101,8,8
55197,192,177,15,15
55198,62,64,-2,2
55199,41,54,-13,13
55200,120,109,11,11
55201,82,77,5,5
55202,116,119,-3,3
55203,44,54,-10,10
55204,87,78,9,9
55205,63,70,-7,7
55206,75,74,1,1
55207,106,95,11,11
55208,198,203,-5,5
55209,87,83,4,4
55210,45,64,-19,19
55211,95,92,3,3
55212,128,121,7,7
55213,72,65,7,7
55214,80,95,-15,15
55215,144,157,-13,13
55216,83,86,-3,3
55217,138,152,-14,14
55218,107,90,17,17
55219,42,43,-1,1
55220,105,97,8,8
55221,129,113,16,16
55222,78,75,3,3
55223,157,143,14,14
55224,135,124,11,11
55225,38,51,-13,13
55226,174,174,0,0
55227,83,82,1,1
55228,79,65,14,14
55229,172,186,-14,14
55230,76,55,21,21
55231,106,76,30,30
55232,102,109,-7,7
55233,60,68,-8,8
55234,160,159,1,1
55235,58,58,0,0
55236,66,66,0,0
55237,93,87,6,6
55238,97,92,5,5
55239,99,103,-4,4
55240,232,239,-7,7
55241,111,107,4,4
55242,57,70,-13,13
55243,92,108,-16,16
55244,70,64,6,6
55245,58,60,-2,2
55246,58,49,9,9
55247,80,89,-9,9
55248,119,113,6,6
55249,111,107,4,4
55250,73,70,3,3
55251,72,70,2,2
55252,98,91,7,7
55253,114,99,15,15
55254,115,103,12,12
55255,180,66,114,114
55256,137,142,-5,5
55257,106,88,18,18
55258,116,130,-14,14
55259,161,158,3,3
55260,53,50,3,3
55261,160,155,5,5
55262,105,99,6,6
55263,85,86,-1,1
55264,137,136,1,1
55265,78,83,-5,5
55266,152,152,0,0
55267,107,105,2,2
55268,61,58,3,3
55269,113,90,23,23
55270,145,152,-7,7
55271,125,109,16,16
55272,63,63,0,0
55273,83,94,-11,11
55274,139,120,19,19
55275,79,68,11,11
55276,136,132,4,4
55277,77,71,6,6
55278,101,86,15,15
55279,54,65,-11,11
55280,103,96,7,7
55281,84,75,9,9
55282,62,59,3,3
55283,149,145,4,4
55284,52,56,-4,4
55285,143,145,-2,2
55286,185,177,8,8
55287,121,114,7,7
55288,93,104,-11,11
55289,89,86,3,3
55290,71,75,-4,4
55291,96,88,8,8
55292,92,67,25,25
55293,132,122,10,10
55294,110,86,24,24
55295,81,82,-1,1
55296,138,137,1,1
55297,121,134,-13,13
55298,136,130,6,6
55299,108,115,-7,7
55300,102,99,3,3
55301,107,115,-8,8
55302,123,122,1,1
55303,78,75,3,3
55304,123,135,-12,12
55305,191,167,24,24
55306,83,68,15,15
55307,66,69,-3,3
55308,147,131,16,16
55309,75,68,7,7
55310,142,151,-9,9
55311,54,55,-1,1
55312,79,86,-7,7
55313,65,49,16,16
55314,69,74,-5,5
55315,92,87,5,5
55316,116,92,24,24
55317,138,109,29,29
55318,60,63,-3,3
55319,113,110,3,3
55320,107,105,2,2
55321,71,77,-6,6
55322,87,81,6,6
55323,66,69,-3,3
55324,115,113,2,2
55325,88,86,2,2
55326,59,67,-8,8
55327,109,100,9,9
55328,101,99,2,2
55329,99,92,7,7
55330,84,85,-1,1
55331,79,73,6,6
55332,144,126,18,18
55333,74,81,-7,7
55334,67,63,4,4
55335,79,81,-2,2
55336,69,74,-5,5
55337,64,69,-5,5
55338,74,58,16,16
55339,122,147,-25,25
55340,88,96,-8,8
55341,85,97,-12,12
55342,135,154,-19,19
55343,150,142,8,8
55344,120,113,7,7
55345,85,75,10,10
55346,87,86,1,1
55347,69,77,-8,8
55348,136,116,20,20
55349,139,111,28,28
55350,81,78,3,3
55351,88,80,8,8
55352,117,122,-5,5
55353,127,155,-28,28
55354,83,81,2,2
55355,53,56,-3,3
55356,41,38,3,3
55357,97,96,1,1
55358,169,157,12,12
55359,112,101,11,11
55360,38,58,-20,20
55361,84,75,9,9
55362,67,69,-2,2
55363,92,81,11,11
55364,110,103,7,7
55365,88,97,-9,9
55366,78,76,2,2
55367,84,98,-14,14
55368,69,68,1,1
55369,99,94,5,5
55370,101,123,-22,22
55371,86,80,6,6
55372,102,108,-6,6
55373,60,39,21,21
55374,54,68,-14,14
55375,111,118,-7,7
55376,138,132,6,6
55377,82,77,5,5
55378,96,105,-9,9
55379,62,66,-4,4
55380,161,146,15,15
55381,73,75,-2,2
55382,92,97,-5,5
55383,115,125,-10,10
55384,150,149,1,1
55385,78,76,2,2
55386,93,91,2,2
55387,80,74,6,6
55388,88,101,-13,13
55389,89,88,1,1
55390,107,102,5,5
55391,76,64,12,12
55392,115,118,-3,3
55393,96,95,1,1
55394,119,109,10,10
55395,56,70,-14,14
55396,100,146,-46,46
55397,101,92,9,9
55398,89,82,7,7
55399,75,78,-3,3
55400,106,104,2,2
55401,68,70,-2,2
55402,69,62,7,7
55403,83,68,15,15
55404,85,99,-14,14
55405,130,124,6,6
55406,64,55,9,9
55407,44,52,-8,8
55408,83,62,21,21
55409,54,81,-27,27
55410,130,117,13,13
55411,91,99,-8,8
55412,59,72,-13,13
55413,109,98,11,11
55414,145,169,-24,24
55415,65,64,1,1
55416,50,43,7,7
55417,147,134,13,13
55418,90,97,-7,7
55419,143,129,14,14
55420,97,87,10,10
55421,111,110,1,1
55422,63,53,10,10
55423,70,88,-18,18
55424,109,88,21,21
55425,108,115,-7,7
55426,149,140,9,9
55427,98,95,3,3
55428,137,140,-3,3
55429,45,52,-7,7
55430,95,86,9,9
55431,59,71,-12,12
55432,71,69,2,2
55433,117,122,-5,5
55434,73,74,-1,1
55435,80,77,3,3
55436,168,134,34,34
55437,149,141,8,8
55438,53,48,5,5
55439,65,75,-10,10
55440,160,132,28,28
55441,83,89,-6,6
55442,88,88,0,0
55443,98,72,26,26
55444,51,55,-4,4
55445,54,58,-4,4
55446,70,67,3,3
55447,80,88,-8,8
55448,169,138,31,31
55449,109,109,0,0
55450,57,58,-1,1
55451,119,125,-6,6
55452,238,207,31,31
55453,132,131,1,1
55454,78,79,-1,1
55455,88,80,8,8
55456,85,81,4,4
55457,27,112,-85,85
55458,62,66,-4,4
55459,131,126,5,5
55460,138,129,9,9
55461,43,82,-39,39
55462,58,70,-12,12
55463,76,87,-11,11
55464,72,82,-10,10
55465,121,97,24,24
55466,107,107,0,0
55467,81,38,43,43
55468,49,63,-14,14
55469,113,106,7,7
55470,71,66,5,5
55471,44,46,-2,2
55472,81,80,1,1
55473,73,62,11,11
55474,85,89,-4,4
55475,100,98,2,2
55476,126,113,13,13
55477,96,99,-3,3
55478,67,68,-1,1
55479,114,124,-10,10
55480,97,75,22,22
55481,185,162,23,23
55482,55,65,-10,10
55483,177,178,-1,1
55484,85,79,6,6
55485,117,115,2,2
55486,157,150,7,7
55487,129,123,6,6
55488,94,106,-12,12
55489,87,103,-16,16
55490,139,116,23,23
55491,121,131,-10,10
55492,65,65,0,0
55493,58,60,-2,2
55494,98,97,1,1
55495,37,44,-7,7
55496,63,57,6,6
55497,193,171,22,22
55498,101,121,-20,20
55499,69,87,-18,18
55500,133,121,12,12
55501,121,106,15,15
55502,91,86,5,5
55503,85,84,1,1
55504,67,73,-6,6
55505,117,131,-14,14
55506,61,60,1,1
55507,61,60,1,1
55508,97,99,-2,2
55509,81,80,1,1
55510,89,98,-9,9
55511,58,55,3,3
55512,80,71,9,9
55513,96,94,2,2
55514,87,88,-1,1
55515,69,67,2,2
55516,116,136,-20,20
55517,138,148,-10,10
55518,65,65,0,0
55519,90,83,7,7
55520,87,95,-8,8
55521,102,97,5,5
55522,79,85,-6,6
55523,146,145,1,1
55524,130,119,11,11
55525,127,126,1,1
55526,96,84,12,12
55527,80,69,11,11
55528,132,153,-21,21
55529,115,107,8,8
55530,81,87,-6,6
55531,86,91,-5,5
55532,105,96,9,9
55533,130,108,22,22
55534,84,77,7,7
55535,52,91,-39,39
55536,72,73,-1,1
55537,82,77,5,5
55538,115,110,5,5
55539,100,102,-2,2
55540,102,99,3,3
55541,107,114,-7,7
55542,116,112,4,4
55543,61,48,13,13
55544,95,94,1,1
55545,78,72,6,6
55546,78,74,4,4
55547,79,62,17,17
55548,82,76,6,6
55549,71,77,-6,6
55550,128,116,12,12
55551,89,96,-7,7
55552,115,144,-29,29
55553,83,66,17,17
55554,80,76,4,4
55555,79,96,-17,17
55556,69,77,-8,8
55557,123,114,9,9
55558,67,66,1,1
55559,135,118,17,17
55560,134,148,-14,14
55561,133,136,-3,3
55562,52,62,-10,10
55563,175,166,9,9
55564,95,84,11,11
55565,122,116,6,6
55566,74,65,9,9
55567,73,78,-5,5
55568,53,50,3,3
55569,69,62,7,7
55570,103,112,-9,9
55571,45,47,-2,2
55572,107,109,-2,2
55573,49,53,-4,4
55574,132,114,18,18
55575,89,91,-2,2
55576,62,55,7,7
55577,109,114,-5,5
55578,81,83,-2,2
55579,72,70,2,2
55580,52,43,9,9
55581,74,69,5,5
55582,36,41,-5,5
55583,68,70,-2,2
55584,73,78,-5,5
55585,89,97,-8,8
55586,63,64,-1,1
55587,69,76,-7,7
55588,103,75,28,28
55589,53,61,-8,8
55590,103,117,-14,14
55591,108,92,16,16
55592,109,161,-52,52
55593,187,185,2,2
55594,69,70,-1,1
55595,124,117,7,7
55596,117,131,-14,14
55597,94,90,4,4
55598,44,116,-72,72
55599,120,91,29,29
55600,140,158,-18,18
55601,131,126,5,5
55602,100,109,-9,9
55603,147,148,-1,1
55604,55,53,2,2
55605,126,125,1,1
55606,84,89,-5,5
55607,81,79,2,2
55608,110,93,17,17
55609,68,70,-2,2
55610,90,77,13,13
55611,79,74,5,5
55612,108,120,-12,12
55613,69,68,1,1
55614,67,67,0,0
55615,151,161,-10,10
55616,121,108,13,13
55617,67,64,3,3
55618,100,95,5,5
55619,105,114,-9,9
55620,105,129,-24,24
55621,92,100,-8,8
55622,107,104,3,3
55623,163,159,4,4
55624,110,123,-13,13
55625,115,107,8,8
55626,93,85,8,8
55627,143,138,5,5
55628,105,77,28,28
55629,102,100,2,2
55630,54,54,0,0
55631,117,118,-1,1
55632,94,84,10,10
55633,121,105,16,16
55634,51,48,3,3
55635,93,97,-4,4
55636,136,149,-13,13
55637,75,67,8,8
55638,83,64,19,19
55639,90,79,11,11
55640,110,115,-5,5
55641,69,68,1,1
55642,110,104,6,6
55643,78,81,-3,3
55644,85,74,11,11
55645,89,88,1,1
55646,86,102,-16,16
55647,106,108,-2,2
55648,102,99,3,3
55649,52,56,-4,4
55650,207,202,5,5
55651,93,88,5,5
55652,113,106,7,7
55653,97,90,7,7
55654,80,90,-10,10
55655,118,120,-2,2
55656,90,85,5,5
55657,88,92,-4,4
55658,96,88,8,8
55659,103,103,0,0
55660,65,71,-6,6
55661,48,48,0,0
55662,85,69,16,16
55663,104,97,7,7
55664,54,60,-6,6
55665,89,76,13,13
55666,132,133,-1,1
55667,83,72,11,11
55668,80,74,6,6
55669,76,78,-2,2
55670,67,59,8,8
55671,89,83,6,6
55672,149,147,2,2
55673,106,122,-16,16
55674,149,154,-5,5
55675,52,57,-5,5
55676,58,58,0,0
55677,70,77,-7,7
55678,78,76,2,2
55679,212,197,15,15
55680,105,84,21,21
55681,101,82,19,19
55682,107,102,5,5
55683,145,159,-14,14
55684,77,75,2,2
55685,108,98,10,10
55686,97,108,-11,11
55687,90,82,8,8
55688,104,98,6,6
55689,99,101,-2,2
55690,94,96,-2,2
55691,105,122,-17,17
55692,69,73,-4,4
55693,81,90,-9,9
55694,88,100,-12,12
55695,112,115,-3,3
55696,93,100,-7,7
55697,130,134,-4,4
55698,145,138,7,7
55699,130,128,2,2
55700,62,66,-4,4
55701,99,96,3,3
55702,67,72,-5,5
55703,129,131,-2,2
55704,72,61,11,11
55705,96,95,1,1
55706,76,80,-4,4
55707,102,92,10,10
55708,81,68,13,13
55709,157,153,4,4
55710,100,100,0,0
55711,122,116,6,6
55712,65,60,5,5
55713,82,69,13,13
55714,95,94,1,1
55715,133,131,2,2
55716,108,107,1,1
55717,81,80,1,1
55718,91,90,1,1
55719,134,124,10,10
55720,146,145,1,1
55721,93,89,4,4
55722,53,51,2,2
55723,108,97,11,11
55724,93,88,5,5
55725,99,87,12,12
55726,158,126,32,32
55727,66,75,-9,9
55728,66,55,11,11
55729,83,88,-5,5
55730,103,83,20,20
55731,54,59,-5,5
55732,144,144,0,0
55733,88,100,-12,12
55734,105,87,18,18
55735,115,104,11,11
55736,125,134,-9,9
55737,67,71,-4,4
55738,193,178,15,15
55739,127,113,14,14
55740,29,56,-27,27
55741,86,84,2,2
55742,121,95,26,26
55743,94,86,8,8
55744,125,107,18,18
55745,174,171,3,3
55746,163,157,6,6
55747,128,120,8,8
55748,155,156,-1,1
55749,123,132,-9,9
55750,100,96,4,4
55751,80,80,0,0
55752,121,124,-3,3
55753,31,52,-21,21
55754,96,94,2,2
55755,80,69,11,11
55756,83,75,8,8
55757,82,73,9,9
55758,97,87,10,10
55759,72,73,-1,1
55760,69,75,-6,6
55761,86,80,6,6
55762,73,104,-31,31
55763,100,106,-6,6
55764,66,75,-9,9
55765,83,71,12,12
55766,92,97,-5,5
55767,68,64,4,4
55768,118,122,-4,4
55769,97,88,9,9
55770,62,67,-5,5
55771,78,65,13,13
55772,48,52,-4,4
55773,98,94,4,4
55774,71,69,2,2
55775,62,71,-9,9
55776,45,122,-77,77
55777,122,129,-7,7
55778,91,85,6,6
55779,71,140,-69,69
55780,68,63,5,5
55781,118,122,-4,4
55782,79,80,-1,1
55783,120,116,4,4
55784,134,147,-13,13
55785,72,79,-7,7
55786,92,89,3,3
55787,49,58,-9,9
55788,100,100,0,0
55789,90,92,-2,2
55790,71,70,1,1
55791,83,87,-4,4
55792,71,72,-1,1
55793,90,88,2,2
55794,168,178,-10,10
55795,68,83,-15,15
55796,50,55,-5,5
55797,59,50,9,9
55798,52,57,-5,5
55799,104,106,-2,2
55800,95,100,-5,5
55801,57,57,0,0
55802,211,193,18,18
55803,58,59,-1,1
55804,125,128,-3,3
55805,99,104,-5,5
55806,88,98,-10,10
55807,182,106,76,76
55808,99,100,-1,1
55809,66,60,6,6
55810,169,162,7,7
55811,105,94,11,11
55812,92,97,-5,5
55813,110,89,21,21
55814,111,105,6,6
55815,95,87,8,8
55816,74,71,3,3
55817,135,120,15,15
55818,51,98,-47,47
55819,78,66,12,12
55820,118,106,12,12
55821,118,117,1,1
55822,104,100,4,4
55823,37,50,-13,13
55824,96,89,7,7
55825,93,86,7,7
55826,60,85,-25,25
55827,102,95,7,7
55828,112,107,5,5
55829,73,84,-11,11
55830,142,136,6,6
55831,67,69,-2,2
55832,69,63,6,6
55833,103,150,-47,47
55834,42,94,-52,52
55835,99,82,17,17
55836,181,161,20,20
55837,94,93,1,1
55838,83,78,5,5
55839,98,81,17,17
55840,151,133,18,18
55841,149,139,10,10
55842,92,95,-3,3
55843,129,119,10,10
55844,79,81,-2,2
55845,119,123,-4,4
55846,159,159,0,0
55847,63,61,2,2
55848,74,78,-4,4
55849,141,152,-11,11
55850,133,137,-4,4
55851,106,96,10,10
55852,180,167,13,13
55853,152,129,23,23
55854,85,82,3,3
55855,118,105,13,13
55856,127,135,-8,8
55857,143,139,4,4
55858,80,91,-11,11
55859,123,115,8,8
55860,131,123,8,8
55861,53,43,10,10
55862,83,73,10,10
55863,97,97,0,0
55864,120,118,2,2
55865,71,68,3,3
55866,127,114,13,13
55867,68,64,4,4
55868,79,72,7,7
55869,104,111,-7,7
55870,139,154,-15,15
55871,143,158,-15,15
55872,102,126,-24,24
55873,75,72,3,3
55874,105,110,-5,5
55875,71,54,17,17
55876,52,44,8,8
55877,73,70,3,3
55878,95,84,11,11
55879,84,75,9,9
55880,77,62,15,15
55881,63,72,-9,9
55882,80,88,-8,8
55883,111,102,9,9
55884,146,125,21,21
55885,136,129,7,7
55886,58,55,3,3
55887,77,74,3,3
55888,74,91,-17,17
55889,157,151,6,6
55890,113,116,-3,3
55891,88,84,4,4
55892,98,102,-4,4
55893,70,72,-2,2
55894,70,80,-10,10
55895,95,87,8,8
55896,113,95,18,18
55897,65,63,2,2
55898,82,67,15,15
55899,89,100,-11,11
55900,90,90,0,0
55901,75,86,-11,11
55902,73,57,16,16
55903,45,59,-14,14
55904,75,83,-8,8
55905,89,73,16,16
55906,127,108,19,19
55907,189,174,15,15
55908,132,119,13,13
55909,95,99,-4,4
55910,113,115,-2,2
55911,81,78,3,3
55912,121,125,-4,4
55913,73,73,0,0
55914,107,106,1,1
55915,72,70,2,2
55916,110,119,-9,9
55917,69,72,-3,3
55918,149,149,0,0
55919,63,64,-1,1
55920,115,111,4,4
55921,105,91,14,14
55922,88,87,1,1
55923,65,58,7,7
55924,87,87,0,0
55925,94,111,-17,17
55926,125,124,1,1
55927,93,80,13,13
55928,112,108,4,4
55929,103,89,14,14
55930,117,114,3,3
55931,95,84,11,11
55932,76,78,-2,2
55933,94,111,-17,17
55934,50,47,3,3
55935,115,107,8,8
55936,105,111,-6,6
55937,108,101,7,7
55938,141,142,-1,1
55939,102,100,2,2
55940,58,64,-6,6
55941,108,99,9,9
55942,89,79,10,10
55943,71,71,0,0
55944,59,52,7,7
55945,89,81,8,8
55946,57,48,9,9
55947,106,100,6,6
55948,161,131,30,30
55949,92,89,3,3
55950,66,65,1,1
55951,82,85,-3,3
55952,84,79,5,5
55953,115,103,12,12
55954,110,106,4,4
55955,135,123,12,12
55956,93,97,-4,4
55957,134,146,-12,12
55958,105,103,2,2
55959,79,67,12,12
55960,25,32,-7,7
55961,124,132,-8,8
55962,29,40,-11,11
55963,96,87,9,9
55964,125,124,1,1
55965,52,56,-4,4
55966,101,102,-1,1
55967,70,65,5,5
55968,98,91,7,7
55969,77,67,10,10
55970,167,154,13,13
55971,82,78,4,4
55972,91,84,7,7
55973,70,69,1,1
55974,74,113,-39,39
55975,121,115,6,6
55976,46,85,-39,39
55977,76,73,3,3
55978,111,122,-11,11
55979,58,52,6,6
55980,65,58,7,7
55981,53,64,-11,11
55982,109,120,-11,11
55983,80,76,4,4
55984,88,88,0,0
55985,110,105,5,5
55986,98,84,14,14
55987,97,100,-3,3
55988,128,109,19,19
55989,144,135,9,9
55990,82,73,9,9
55991,131,124,7,7
55992,100,90,10,10
55993,95,90,5,5
55994,108,107,1,1
55995,82,82,0,0
55996,73,64,9,9
55997,94,96,-2,2
55998,99,103,-4,4
55999,88,86,2,2
56000,157,118,39,39
56001,75,65,10,10
56002,95,94,1,1
56003,82,76,6,6
56004,160,155,5,5
56005,146,138,8,8
56006,166,163,3,3
56007,76,77,-1,1
56008,139,136,3,3
56009,110,114,-4,4
56010,118,131,-13,13
56011,122,113,9,9
56012,50,64,-14,14
56013,59,61,-2,2
56014,112,112,0,0
56015,108,123,-15,15
56016,42,50,-8,8
56017,112,122,-10,10
56018,126,113,13,13
56019,88,91,-3,3
56020,121,105,16,16
56021,83,74,9,9
56022,95,97,-2,2
56023,98,83,15,15
56024,104,108,-4,4
56025,66,74,-8,8
56026,129,147,-18,18
56027,85,78,7,7
56028,101,101,0,0
56029,68,62,6,6
56030,86,89,-3,3
56031,79,74,5,5
56032,91,93,-2,2
56033,113,128,-15,15
56034,149,138,11,11
56035,76,80,-4,4
56036,107,109,-2,2
56037,110,113,-3,3
56038,75,68,7,7
56039,100,112,-12,12
56040,110,119,-9,9
56041,115,117,-2,2
56042,128,124,4,4
56043,177,154,23,23
56044,105,101,4,4
56045,79,143,-64,64
56046,126,129,-3,3
56047,135,125,10,10
56048,66,66,0,0
56049,148,146,2,2
56050,128,118,10,10
56051,106,80,26,26
56052,99,77,22,22
56053,73,60,13,13
56054,64,76,-12,12
56055,98,111,-13,13
56056,111,108,3,3
56057,124,127,-3,3
56058,117,99,18,18
56059,94,93,1,1
56060,86,74,12,12
56061,80,92,-12,12
56062,105,118,-13,13
56063,77,74,3,3
56064,101,111,-10,10
56065,118,118,0,0
56066,130,111,19,19
56067,97,94,3,3
56068,77,80,-3,3
56069,76,77,-1,1
56070,122,132,-10,10
56071,116,146,-30,30
56072,67,76,-9,9
56073,109,98,11,11
56074,62,62,0,0
56075,95,79,16,16
56076,130,130,0,0
56077,49,49,0,0
56078,64,63,1,1
56079,84,74,10,10
56080,147,124,23,23
56081,121,109,12,12
56082,158,162,-4,4
56083,105,105,0,0
56084,99,109,-10,10
56085,108,112,-4,4
56086,159,167,-8,8
56087,87,84,3,3
56088,128,147,-19,19
56089,58,68,-10,10
56090,110,115,-5,5
56091,187,186,1,1
56092,87,87,0,0
56093,143,144,-1,1
56094,84,81,3,3
56095,132,126,6,6
56096,74,77,-3,3
56097,109,112,-3,3
56098,86,107,-21,21
56099,111,113,-2,2
56100,49,38,11,11
56101,73,68,5,5
56102,125,136,-11,11
56103,75,61,14,14
56104,78,76,2,2
56105,99,94,5,5
56106,103,105,-2,2
56107,106,101,5,5
56108,57,64,-7,7
56109,139,132,7,7
56110,90,79,11,11
56111,67,62,5,5
56112,60,64,-4,4
56113,46,45,1,1
56114,56,97,-41,41
56115,135,123,12,12
56116,52,68,-16,16
56117,102,93,9,9
56118,79,72,7,7
56119,75,77,-2,2
56120,118,123,-5,5
56121,107,106,1,1
56122,24,27,-3,3
56123,102,98,4,4
56124,78,80,-2,2
56125,94,82,12,12
56126,109,86,23,23
56127,139,130,9,9
56128,105,100,5,5
56129,155,151,4,4
56130,53,46,7,7
56131,82,89,-7,7
56132,159,165,-6,6
56133,105,96,9,9
56134,102,106,-4,4
56135,78,78,0,0
56136,67,58,9,9
56137,149,157,-8,8
56138,84,90,-6,6
56139,87,92,-5,5
56140,132,139,-7,7
56141,83,79,4,4
56142,75,88,-13,13
56143,99,100,-1,1
56144,77,87,-10,10
56145,97,83,14,14
56146,132,109,23,23
56147,105,111,-6,6
56148,105,89,16,16
56149,59,50,9,9
56150,69,64,5,5
56151,120,108,12,12
56152,59,59,0,0
56153,105,102,3,3
56154,81,84,-3,3
56155,156,158,-2,2
56156,62,73,-11,11
56157,63,63,0,0
56158,156,139,17,17
56159,48,131,-83,83
56160,81,74,7,7
56161,78,73,5,5
56162,72,68,4,4
56163,110,108,2,2
56164,76,71,5,5
56165,82,71,11,11
56166,76,79,-3,3
56167,106,108,-2,2
56168,109,119,-10,10
56169,96,92,4,4
56170,129,127,2,2
56171,71,73,-2,2
56172,124,131,-7,7
56173,107,101,6,6
56174,97,93,4,4
56175,113,92,21,21
56176,152,145,7,7
56177,91,105,-14,14
56178,78,76,2,2
56179,158,147,11,11
56180,117,115,2,2
56181,97,96,1,1
56182,83,77,6,6
56183,132,117,15,15
56184,79,74,5,5
56185,101,108,-7,7
56186,135,112,23,23
56187,96,89,7,7
56188,82,73,9,9
56189,70,73,-3,3
56190,110,103,7,7
56191,141,130,11,11
56192,61,56,5,5
56193,97,93,4,4
56194,119,82,37,37
56195,67,59,8,8
56196,92,116,-24,24
56197,84,70,14,14
56198,65,74,-9,9
56199,84,89,-5,5
56200,124,113,11,11
56201,135,109,26,26
56202,146,116,30,30
56203,109,111,-2,2
56204,145,145,0,0
56205,89,79,10,10
56206,136,126,10,10
56207,85,79,6,6
56208,55,48,7,7
56209,92,97,-5,5
56210,61,62,-1,1
56211,132,128,4,4
56212,65,62,3,3
56213,112,116,-4,4
56214,107,92,15,15
56215,48,58,-10,10
56216,55,55,0,0
56217,109,110,-1,1
56218,136,136,0,0
56219,94,97,-3,3
56220,45,48,-3,3
56221,139,129,10,10
56222,72,76,-4,4
56223,156,129,27,27
56224,58,61,-3,3
56225,96,76,20,20
56226,83,81,2,2
56227,94,86,8,8
56228,29,34,-5,5
56229,124,133,-9,9
56230,71,73,-2,2
56231,146,125,21,21
56232,97,85,12,12
56233,104,106,-2,2
56234,32,42,-10,10
56235,140,124,16,16
56236,57,58,-1,1
56237,112,113,-1,1
56238,70,80,-10,10
56239,92,74,18,18
56240,57,64,-7,7
56241,107,118,-11,11
56242,76,66,10,10
56243,81,75,6,6
56244,115,139,-24,24
56245,22,62,-40,40
56246,96,92,4,4
56247,84,96,-12,12
56248,103,102,1,1
56249,126,114,12,12
56250,76,68,8,8
56251,159,157,2,2
56252,74,57,17,17
56253,87,79,8,8
56254,46,66,-20,20
56255,33,45,-12,12
56256,76,63,13,13
56257,98,94,4,4
56258,73,73,0,0
56259,105,96,9,9
56260,51,60,-9,9
56261,94,89,5,5
56262,54,59,-5,5
56263,86,95,-9,9
56264,60,67,-7,7
56265,144,142,2,2
56266,74,55,19,19
56267,90,122,-32,32
56268,100,107,-7,7
56269,107,118,-11,11
56270,129,106,23,23
56271,133,124,9,9
56272,70,80,-10,10
56273,101,102,-1,1
56274,60,65,-5,5
56275,200,159,41,41
56276,64,76,-12,12
56277,143,139,4,4
56278,90,89,1,1
56279,72,62,10,10
56280,85,87,-2,2
56281,136,135,1,1
56282,94,105,-11,11
56283,135,122,13,13
56284,102,93,9,9
56285,71,78,-7,7
56286,74,81,-7,7
56287,122,132,-10,10
56288,86,92,-6,6
56289,40,45,-5,5
56290,109,116,-7,7
56291,113,104,9,9
56292,110,110,0,0
56293,68,56,12,12
56294,130,124,6,6
56295,89,81,8,8
56296,106,102,4,4
56297,98,102,-4,4
56298,71,47,24,24
56299,128,128,0,0
56300,158,152,6,6
56301,82,77,5,5
56302,42,37,5,5
56303,67,61,6,6
56304,107,116,-9,9
56305,77,68,9,9
56306,113,113,0,0
56307,73,73,0,0
56308,189,179,10,10
56309,101,100,1,1
56310,117,131,-14,14
56311,113,111,2,2
56312,81,75,6,6
56313,113,98,15,15
56314,108,106,2,2
56315,133,145,-12,12
56316,117,115,2,2
56317,119,118,1,1
56318,72,72,0,0
56319,72,83,-11,11
56320,105,97,8,8
56321,70,65,5,5
56322,66,63,3,3
56323,152,139,13,13
56324,89,86,3,3
56325,20,25,-5,5
56326,72,78,-6,6
56327,89,82,7,7
56328,83,81,2,2
56329,121,134,-13,13
56330,119,111,8,8
56331,101,99,2,2
56332,84,83,1,1
56333,78,80,-2,2
56334,166,140,26,26
56335,117,118,-1,1
56336,141,151,-10,10
56337,123,113,10,10
56338,162,145,17,17
56339,50,55,-5,5
56340,60,52,8,8
56341,86,93,-7,7
56342,70,78,-8,8
56343,129,129,0,0
56344,65,69,-4,4
56345,75,85,-10,10
56346,91,70,21,21
56347,55,59,-4,4
56348,82,80,2,2
56349,102,115,-13,13
56350,74,78,-4,4
56351,84,76,8,8
56352,128,130,-2,2
56353,91,88,3,3
56354,120,117,3,3
56355,85,88,-3,3
56356,108,118,-10,10
56357,72,61,11,11
56358,90,85,5,5
56359,85,85,0,0
56360,112,114,-2,2
56361,148,140,8,8
56362,105,122,-17,17
56363,44,10,34,34
56364,42,47,-5,5
56365,103,86,17,17
56366,93,89,4,4
56367,63,59,4,4
56368,169,174,-5,5
56369,65,63,2,2
56370,74,72,2,2
56371,99,99,0,0
56372,129,138,-9,9
56373,93,97,-4,4
56374,139,136,3,3
56375,64,104,-40,40
56376,93,80,13,13
56377,53,60,-7,7
56378,110,106,4,4
56379,97,87,10,10
56380,170,159,11,11
56381,56,62,-6,6
56382,172,175,-3,3
56383,71,69,2,2
56384,161,139,22,22
56385,130,148,-18,18
56386,101,96,5,5
56387,107,112,-5,5
56388,101,104,-3,3
56389,64,65,-1,1
56390,75,72,3,3
56391,128,127,1,1
56392,80,78,2,2
56393,129,131,-2,2
56394,54,57,-3,3
56395,71,78,-7,7
56396,55,59,-4,4
56397,91,95,-4,4
56398,119,106,13,13
56399,94,87,7,7
56400,158,148,10,10
56401,60,64,-4,4
56402,158,153,5,5
56403,56,45,11,11
56404,121,121,0,0
56405,79,61,18,18
56406,120,131,-11,11
56407,64,69,-5,5
56408,62,74,-12,12
56409,80,70,10,10
56410,135,143,-8,8
56411,102,120,-18,18
56412,115,110,5,5
56413,142,140,2,2
56414,115,135,-20,20
56415,119,122,-3,3
56416,138,132,6,6
56417,97,87,10,10
56418,80,79,1,1
56419,97,89,8,8
56420,111,112,-1,1
56421,91,98,-7,7
56422,95,106,-11,11
56423,91,93,-2,2
56424,101,88,13,13
56425,130,139,-9,9
56426,89,92,-3,3
56427,86,92,-6,6
56428,178,167,11,11
56429,168,168,0,0
56430,63,90,-27,27
56431,69,64,5,5
56432,186,169,17,17
56433,143,139,4,4
56434,76,60,16,16
56435,87,96,-9,9
56436,46,47,-1,1
56437,81,81,0,0
56438,43,46,-3,3
56439,125,117,8,8
56440,190,182,8,8
56441,112,97,15,15
56442,161,163,-2,2
56443,119,106,13,13
56444,98,101,-3,3
56445,122,113,9,9
56446,94,88,6,6
56447,68,75,-7,7
56448,103,85,18,18
56449,126,95,31,31
56450,75,90,-15,15
56451,123,108,15,15
56452,81,78,3,3
56453,144,160,-16,16
56454,53,58,-5,5
56455,164,139,25,25
56456,60,62,-2,2
56457,117,111,6,6
56458,121,123,-2,2
56459,90,92,-2,2
56460,86,79,7,7
56461,63,67,-4,4
56462,147,130,17,17
56463,103,93,10,10
56464,68,64,4,4
56465,91,83,8,8
56466,81,64,17,17
56467,71,71,0,0
56468,63,56,7,7
56469,123,135,-12,12
56470,105,100,5,5
56471,81,81,0,0
56472,112,116,-4,4
56473,78,72,6,6
56474,85,78,7,7
56475,118,115,3,3
56476,65,65,0,0
56477,127,138,-11,11
56478,83,84,-1,1
56479,91,84,7,7
56480,62,65,-3,3
56481,75,70,5,5
56482,88,90,-2,2
56483,163,169,-6,6
56484,48,63,-15,15
56485,93,98,-5,5
56486,85,87,-2,2
56487,142,143,-1,1
56488,93,112,-19,19
56489,73,64,9,9
56490,65,65,0,0
56491,83,81,2,2
56492,77,75,2,2
56493,113,117,-4,4
56494,121,115,6,6
56495,71,82,-11,11
56496,64,59,5,5
56497,70,83,-13,13
56498,155,143,12,12
56499,59,58,1,1
56500,80,68,12,12
56501,80,84,-4,4
56502,59,63,-4,4
56503,83,74,9,9
56504,68,65,3,3
56505,77,83,-6,6
56506,121,114,7,7
56507,63,76,-13,13
56508,82,86,-4,4
56509,145,153,-8,8
56510,63,66,-3,3
56511,124,121,3,3
56512,83,93,-10,10
56513,175,170,5,5
56514,185,181,4,4
56515,65,60,5,5
56516,61,56,5,5
56517,76,77,-1,1
56518,75,75,0,0
56519,74,93,-19,19
56520,136,132,4,4
56521,47,120,-73,73
56522,66,48,18,18
56523,131,139,-8,8
56524,123,115,8,8
56525,118,121,-3,3
56526,58,59,-1,1
56527,89,85,4,4
56528,156,142,14,14
56529,55,57,-2,2
56530,115,103,12,12
56531,111,110,1,1
56532,116,127,-11,11
56533,62,69,-7,7
56534,108,89,19,19
56535,120,126,-6,6
56536,112,114,-2,2
56537,56,62,-6,6
56538,142,139,3,3
56539,91,85,6,6
56540,86,83,3,3
56541,121,124,-3,3
56542,80,78,2,2
56543,103,109,-6,6
56544,76,80,-4,4
56545,100,125,-25,25
56546,94,94,0,0
56547,117,116,1,1
56548,84,83,1,1
56549,87,87,0,0
56550,127,103,24,24
56551,90,128,-38,38
56552,96,85,11,11
56553,56,62,-6,6
56554,74,87,-13,13
56555,98,90,8,8
56556,107,134,-27,27
56557,125,105,20,20
56558,66,53,13,13
56559,91,101,-10,10
56560,154,147,7,7
56561,151,101,50,50
56562,77,67,10,10
56563,60,56,4,4
56564,72,78,-6,6
56565,132,115,17,17
56566,74,63,11,11
56567,63,64,-1,1
56568,129,132,-3,3
56569,169,161,8,8
56570,88,94,-6,6
56571,129,124,5,5
56572,140,133,7,7
56573,80,87,-7,7
56574,94,97,-3,3
56575,49,46,3,3
56576,145,133,12,12
56577,97,104,-7,7
56578,94,91,3,3
56579,83,72,11,11
56580,135,138,-3,3
56581,103,100,3,3
56582,40,47,-7,7
56583,119,136,-17,17
56584,60,56,4,4
56585,44,43,1,1
56586,104,101,3,3
56587,49,53,-4,4
56588,70,86,-16,16
56589,59,66,-7,7
56590,114,120,-6,6
56591,65,66,-1,1
56592,60,66,-6,6
56593,121,140,-19,19
56594,115,106,9,9
56595,75,76,-1,1
56596,74,68,6,6
56597,103,95,8,8
56598,59,68,-9,9
56599,125,132,-7,7
56600,94,94,0,0
56601,73,73,0,0
56602,54,49,5,5
56603,58,52,6,6
56604,174,176,-2,2
56605,46,46,0,0
56606,79,85,-6,6
56607,108,100,8,8
56608,50,61,-11,11
56609,120,106,14,14
56610,159,162,-3,3
56611,171,165,6,6
56612,81,79,2,2
56613,85,84,1,1
56614,118,124,-6,6
56615,73,80,-7,7
56616,114,114,0,0
56617,77,58,19,19
56618,150,140,10,10
56619,72,72,0,0
56620,64,82,-18,18
56621,85,99,-14,14
56622,112,117,-5,5
56623,57,64,-7,7
56624,101,98,3,3
56625,83,83,0,0
56626,74,70,4,4
56627,142,137,5,5
56628,111,104,7,7
56629,135,136,-1,1
56630,64,69,-5,5
56631,75,69,6,6
56632,188,175,13,13
56633,63,93,-30,30
56634,124,121,3,3
56635,42,53,-11,11
56636,136,127,9,9
56637,50,46,4,4
56638,87,114,-27,27
56639,140,137,3,3
56640,94,95,-1,1
56641,94,85,9,9
56642,61,70,-9,9
56643,86,82,4,4
56644,126,108,18,18
56645,63,65,-2,2
56646,82,73,9,9
56647,140,120,20,20
56648,134,124,10,10
56649,79,70,9,9
56650,126,127,-1,1
56651,101,92,9,9
56652,103,100,3,3
56653,70,57,13,13
56654,85,76,9,9
56655,84,80,4,4
56656,58,62,-4,4
56657,139,139,0,0
56658,67,89,-22,22
56659,101,111,-10,10
56660,83,85,-2,2
56661,66,58,8,8
56662,59,60,-1,1
56663,77,78,-1,1
56664,53,55,-2,2
56665,130,139,-9,9
56666,59,59,0,0
56667,94,80,14,14
56668,120,121,-1,1
56669,108,98,10,10
56670,95,87,8,8
56671,67,63,4,4
56672,103,98,5,5
56673,68,65,3,3
56674,82,73,9,9
56675,111,109,2,2
56676,78,64,14,14
56677,59,66,-7,7
56678,72,81,-9,9
56679,101,92,9,9
56680,77,84,-7,7
56681,65,64,1,1
56682,64,70,-6,6
56683,57,67,-10,10
56684,95,99,-4,4
56685,68,70,-2,2
56686,137,119,18,18
56687,65,65,0,0
56688,82,76,6,6
56689,73,71,2,2
56690,96,106,-10,10
56691,110,95,15,15
56692,139,137,2,2
56693,87,71,16,16
56694,113,91,22,22
56695,40,41,-1,1
56696,81,84,-3,3
56697,51,59,-8,8
56698,173,142,31,31
56699,72,77,-5,5
56700,107,115,-8,8
56701,112,115,-3,3
56702,125,120,5,5
56703,56,56,0,0
56704,141,126,15,15
56705,150,137,13,13
56706,136,135,1,1
56707,127,119,8,8
56708,132,142,-10,10
56709,96,89,7,7
56710,35,53,-18,18
56711,86,85,1,1
56712,108,108,0,0
56713,149,140,9,9
56714,103,105,-2,2
56715,144,159,-15,15
56716,135,107,28,28
56717,112,109,3,3
56718,86,107,-21,21
56719,54,50,4,4
56720,78,68,10,10
56721,72,69,3,3
56722,87,91,-4,4
56723,79,93,-14,14
56724,109,134,-25,25
56725,120,104,16,16
56726,173,158,15,15
56727,57,61,-4,4
56728,40,49,-9,9
56729,82,90,-8,8
56730,70,74,-4,4
56731,86,95,-9,9
56732,98,96,2,2
56733,134,149,-15,15
56734,45,50,-5,5
56735,129,127,2,2
56736,68,69,-1,1
56737,91,84,7,7
56738,113,114,-1,1
56739,52,68,-16,16
56740,94,92,2,2
56741,94,97,-3,3
56742,113,102,11,11
56743,128,114,14,14
56744,99,109,-10,10
56745,105,98,7,7
56746,86,123,-37,37
56747,148,146,2,2
56748,138,129,9,9
56749,99,85,14,14
56750,94,102,-8,8
56751,73,77,-4,4
56752,153,139,14,14
56753,95,98,-3,3
56754,118,130,-12,12
56755,129,129,0,0
56756,50,59,-9,9
56757,123,118,5,5
56758,142,138,4,4
56759,123,123,0,0
56760,148,139,9,9
56761,107,103,4,4
56762,98,106,-8,8
56763,112,117,-5,5
56764,137,130,7,7
56765,106,107,-1,1
56766,97,87,10,10
56767,96,112,-16,16
56768,245,188,57,57
56769,115,103,12,12
56770,81,69,12,12
56771,130,109,21,21
56772,86,79,7,7
56773,128,142,-14,14
56774,73,73,0,0
56775,110,101,9,9
56776,130,134,-4,4
56777,97,94,3,3
56778,80,73,7,7
56779,91,92,-1,1
56780,88,67,21,21
56781,105,104,1,1
56782,75,148,-73,73
56783,93,102,-9,9
56784,115,109,6,6
56785,133,129,4,4
56786,142,115,27,27
56787,62,73,-11,11
56788,78,74,4,4
56789,91,79,12,12
56790,102,95,7,7
56791,109,107,2,2
56792,102,94,8,8
56793,90,84,6,6
56794,135,120,15,15
56795,31,51,-20,20
56796,143,144,-1,1
56797,123,117,6,6
56798,102,91,11,11
56799,59,58,1,1
56800,83,85,-2,2
56801,99,92,7,7
56802,50,66,-16,16
56803,168,139,29,29
56804,80,82,-2,2
56805,104,120,-16,16
56806,117,113,4,4
56807,113,125,-12,12
56808,73,99,-26,26
56809,72,68,4,4
56810,144,70,74,74
56811,131,139,-8,8
56812,107,116,-9,9
56813,85,87,-2,2
56814,58,60,-2,2
56815,67,66,1,1
56816,62,58,4,4
56817,63,55,8,8
56818,148,154,-6,6
56819,139,119,20,20
56820,82,86,-4,4
56821,133,134,-1,1
56822,70,67,3,3
56823,99,106,-7,7
56824,115,119,-4,4
56825,121,126,-5,5
56826,107,119,-12,12
56827,113,98,15,15
56828,61,62,-1,1
56829,80,77,3,3
56830,78,77,1,1
56831,68,60,8,8
56832,122,130,-8,8
56833,109,92,17,17
56834,71,63,8,8
56835,60,61,-1,1
56836,125,130,-5,5
56837,68,72,-4,4
56838,114,113,1,1
56839,93,82,11,11
56840,75,83,-8,8
56841,99,97,2,2
56842,133,127,6,6
56843,78,80,-2,2
56844,45,34,11,11
56845,87,79,8,8
56846,72,83,-11,11
56847,129,119,10,10
56848,93,89,4,4
56849,95,92,3,3
56850,119,127,-8,8
56851,96,79,17,17
56852,45,41,4,4
56853,151,142,9,9
56854,75,68,7,7
56855,84,85,-1,1
56856,75,69,6,6
56857,97,134,-37,37
56858,79,74,5,5
56859,132,145,-13,13
56860,108,97,11,11
56861,115,103,12,12
56862,89,88,1,1
56863,84,74,10,10
56864,132,137,-5,5
56865,94,83,11,11
56866,182,174,8,8
56867,170,144,26,26
56868,93,96,-3,3
56869,70,75,-5,5
56870,38,44,-6,6
56871,102,124,-22,22
56872,139,134,5,5
56873,97,109,-12,12
56874,87,91,-4,4
56875,86,74,12,12
56876,76,92,-16,16
56877,91,98,-7,7
56878,81,76,5,5
56879,86,69,17,17
56880,90,82,8,8
56881,73,65,8,8
56882,122,119,3,3
56883,81,77,4,4
56884,182,166,16,16
56885,73,71,2,2
56886,108,107,1,1
56887,70,65,5,5
56888,170,156,14,14
56889,98,91,7,7
56890,83,90,-7,7
56891,89,93,-4,4
56892,79,85,-6,6
56893,77,81,-4,4
56894,82,78,4,4
56895,79,83,-4,4
56896,165,152,13,13
56897,57,69,-12,12
56898,94,90,4,4
56899,101,91,10,10
56900,170,172,-2,2
56901,68,69,-1,1
56902,121,121,0,0
56903,137,131,6,6
56904,72,60,12,12
56905,109,101,8,8
56906,81,65,16,16
56907,71,61,10,10
56908,135,132,3,3
56909,105,98,7,7
56910,101,99,2,2
56911,71,72,-1,1
56912,93,94,-1,1
56913,75,78,-3,3
56914,68,147,-79,79
56915,107,110,-3,3
56916,76,77,-1,1
56917,127,112,15,15
56918,117,121,-4,4
56919,123,111,12,12
56920,158,164,-6,6
56921,96,88,8,8
56922,44,27,17,17
56923,100,102,-2,2
56924,69,66,3,3
56925,77,88,-11,11
56926,66,72,-6,6
56927,71,62,9,9
56928,117,112,5,5
56929,103,111,-8,8
56930,99,94,5,5
56931,131,125,6,6
56932,50,41,9,9
56933,39,43,-4,4
56934,74,67,7,7
56935,51,53,-2,2
56936,91,93,-2,2
56937,104,103,1,1
56938,76,74,2,2
56939,126,106,20,20
56940,79,79,0,0
56941,88,93,-5,5
56942,103,105,-2,2
56943,156,134,22,22
56944,153,139,14,14
56945,82,77,5,5
56946,69,70,-1,1
56947,85,89,-4,4
56948,90,112,-22,22
56949,118,108,10,10
56950,113,119,-6,6
56951,63,67,-4,4
56952,39,46,-7,7
56953,125,124,1,1
56954,111,127,-16,16
56955,85,79,6,6
56956,69,75,-6,6
56957,164,161,3,3
56958,115,109,6,6
56959,100,110,-10,10
56960,97,84,13,13
56961,76,84,-8,8
56962,109,132,-23,23
56963,122,114,8,8
56964,75,71,4,4
56965,94,92,2,2
56966,73,67,6,6
56967,138,121,17,17
56968,109,84,25,25
56969,84,97,-13,13
56970,65,60,5,5
56971,97,98,-1,1
56972,150,144,6,6
56973,158,162,-4,4
56974,74,74,0,0
56975,64,79,-15,15
56976,102,116,-14,14
56977,83,100,-17,17
56978,181,163,18,18
56979,149,132,17,17
56980,67,65,2,2
56981,108,113,-5,5
56982,126,110,16,16
56983,129,115,14,14
56984,123,136,-13,13
56985,88,84,4,4
56986,79,87,-8,8
56987,122,103,19,19
56988,88,81,7,7
56989,129,146,-17,17
56990,82,79,3,3
56991,72,67,5,5
56992,116,117,-1,1
56993,93,109,-16,16
56994,82,73,9,9
56995,153,160,-7,7
56996,169,159,10,10
56997,79,88,-9,9
56998,92,92,0,0
56999,123,122,1,1
57000,75,88,-13,13
57001,162,150,12,12
57002,79,83,-4,4
57003,90,86,4,4
57004,74,87,-13,13
57005,130,137,-7,7
57006,128,123,5,5
57007,75,83,-8,8
57008,86,81,5,5
57009,111,106,5,5
57010,100,85,15,15
57011,57,64,-7,7
57012,126,127,-1,1
57013,61,60,1,1
57014,79,90,-11,11
57015,80,60,20,20
57016,49,58,-9,9
57017,83,79,4,4
57018,65,61,4,4
57019,76,83,-7,7
57020,99,108,-9,9
57021,152,142,10,10
57022,74,78,-4,4
57023,90,100,-10,10
57024,116,134,-18,18
57025,150,130,20,20
57026,98,105,-7,7
57027,136,123,13,13
57028,109,119,-10,10
57029,131,156,-25,25
57030,44,53,-9,9
57031,52,65,-13,13
57032,73,72,1,1
57033,160,109,51,51
57034,104,94,10,10
57035,71,63,8,8
57036,52,65,-13,13
57037,69,55,14,14
57038,120,101,19,19
57039,51,43,8,8
57040,65,75,-10,10
57041,93,83,10,10
57042,62,78,-16,16
57043,108,94,14,14
57044,86,85,1,1
57045,65,71,-6,6
57046,151,151,0,0
57047,82,87,-5,5
57048,54,54,0,0
57049,57,55,2,2
57050,87,86,1,1
57051,75,75,0,0
57052,76,76,0,0
57053,144,116,28,28
57054,82,82,0,0
57055,70,74,-4,4
57056,65,65,0,0
57057,130,135,-5,5
57058,179,179,0,0
57059,143,149,-6,6
57060,128,121,7,7
57061,59,50,9,9
57062,141,137,4,4
57063,91,84,7,7
57064,117,110,7,7
57065,103,95,8,8
57066,102,123,-21,21
57067,150,118,32,32
57068,91,86,5,5
57069,82,92,-10,10
57070,72,69,3,3
57071,146,140,6,6
57072,51,65,-14,14
57073,119,142,-23,23
57074,94,97,-3,3
57075,113,103,10,10
57076,115,107,8,8
57077,50,68,-18,18
57078,72,94,-22,22
57079,127,128,-1,1
57080,67,101,-34,34
57081,76,78,-2,2
57082,96,119,-23,23
57083,137,148,-11,11
57084,189,173,16,16
57085,83,80,3,3
57086,90,91,-1,1
57087,85,80,5,5
57088,99,98,1,1
57089,88,86,2,2
57090,163,180,-17,17
57091,78,75,3,3
57092,63,56,7,7
57093,87,90,-3,3
57094,81,85,-4,4
57095,117,130,-13,13
57096,86,74,12,12
57097,97,89,8,8
57098,120,118,2,2
57099,61,53,8,8
57100,109,116,-7,7
57101,82,85,-3,3
57102,98,87,11,11
57103,100,90,10,10
57104,114,98,16,16
57105,61,64,-3,3
57106,88,103,-15,15
57107,75,80,-5,5
57108,96,105,-9,9
57109,125,129,-4,4
57110,216,201,15,15
57111,91,88,3,3
57112,149,174,-25,25
57113,104,98,6,6
57114,69,72,-3,3
57115,65,57,8,8
57116,116,98,18,18
57117,66,66,0,0
57118,53,44,9,9
57119,61,65,-4,4
57120,106,113,-7,7
57121,118,102,16,16
57122,145,145,0,0
57123,90,82,8,8
57124,76,75,1,1
57125,48,48,0,0
57126,38,43,-5,5
57127,65,69,-4,4
57128,98,89,9,9
57129,48,50,-2,2
57130,93,106,-13,13
57131,117,130,-13,13
57132,66,69,-3,3
57133,110,113,-3,3
57134,121,126,-5,5
57135,95,84,11,11
57136,81,75,6,6
57137,48,57,-9,9
57138,80,77,3,3
57139,136,142,-6,6
57140,55,61,-6,6
57141,110,92,18,18
57142,104,118,-14,14
57143,89,82,7,7
57144,90,109,-19,19
57145,111,119,-8,8
57146,85,94,-9,9
57147,113,112,1,1
57148,100,102,-2,2
57149,147,133,14,14
57150,86,92,-6,6
57151,76,71,5,5
57152,164,152,12,12
57153,130,120,10,10
57154,99,96,3,3
57155,40,42,-2,2
57156,175,183,-8,8
57157,148,129,19,19
57158,106,111,-5,5
57159,152,140,12,12
57160,91,96,-5,5
57161,98,108,-10,10
57162,51,55,-4,4
57163,88,87,1,1
57164,89,83,6,6
57165,63,59,4,4
57166,84,85,-1,1
57167,75,66,9,9
57168,117,107,10,10
57169,111,108,3,3
57170,134,162,-28,28
57171,81,86,-5,5
57172,101,109,-8,8
57173,61,71,-10,10
57174,116,109,7,7
57175,77,85,-8,8
57176,121,141,-20,20
57177,101,94,7,7
57178,22,30,-8,8
57179,89,80,9,9
57180,134,134,0,0
57181,132,129,3,3
57182,48,48,0,0
57183,102,99,3,3
57184,90,81,9,9
57185,89,85,4,4
57186,109,119,-10,10
57187,164,152,12,12
57188,93,98,-5,5
57189,93,96,-3,3
57190,63,73,-10,10
57191,99,95,4,4
57192,72,79,-7,7
57193,85,74,11,11
57194,76,82,-6,6
57195,85,78,7,7
57196,125,81,44,44
57197,63,58,5,5
57198,47,54,-7,7
57199,123,124,-1,1
57200,88,102,-14,14
57201,75,77,-2,2
57202,78,73,5,5
57203,73,70,3,3
57204,113,139,-26,26
57205,88,82,6,6
57206,91,73,18,18
57207,99,91,8,8
57208,92,101,-9,9
57209,102,110,-8,8
57210,84,79,5,5
57211,153,153,0,0
57212,117,135,-18,18
57213,61,80,-19,19
57214,81,81,0,0
57215,148,152,-4,4
57216,88,77,11,11
57217,109,105,4,4
57218,124,110,14,14
57219,44,52,-8,8
57220,75,79,-4,4
57221,107,111,-4,4
57222,74,77,-3,3
57223,75,68,7,7
57224,97,86,11,11
57225,95,94,1,1
57226,72,67,5,5
57227,71,68,3,3
57228,100,108,-8,8
57229,110,93,17,17
57230,67,60,7,7
57231,59,68,-9,9
57232,162,147,15,15
57233,97,97,0,0
57234,66,73,-7,7
57235,87,85,2,2
57236,142,103,39,39
57237,77,84,-7,7
57238,61,54,7,7
57239,61,107,-46,46
57240,131,120,11,11
57241,84,81,3,3
57242,77,79,-2,2
57243,60,58,2,2
57244,77,76,1,1
57245,47,72,-25,25
57246,71,82,-11,11
57247,118,118,0,0
57248,105,120,-15,15
57249,137,141,-4,4
57250,48,61,-13,13
57251,81,83,-2,2
57252,105,102,3,3
57253,107,105,2,2
57254,149,133,16,16
57255,88,80,8,8
57256,104,92,12,12
57257,130,116,14,14
57258,118,122,-4,4
57259,50,61,-11,11
57260,113,107,6,6
57261,48,58,-10,10
57262,105,112,-7,7
57263,63,73,-10,10
57264,63,75,-12,12
57265,65,74,-9,9
57266,105,112,-7,7
57267,38,46,-8,8
57268,57,106,-49,49
57269,94,73,21,21
57270,87,83,4,4
57271,68,66,2,2
57272,66,91,-25,25
57273,87,85,2,2
57274,121,111,10,10
57275,104,96,8,8
57276,124,129,-5,5
57277,158,148,10,10
57278,30,49,-19,19
57279,101,114,-13,13
57280,86,79,7,7
57281,93,85,8,8
57282,123,142,-19,19
57283,102,100,2,2
57284,142,146,-4,4
57285,61,79,-18,18
57286,75,93,-18,18
57287,125,130,-5,5
57288,95,89,6,6
57289,171,163,8,8
57290,96,118,-22,22
57291,123,115,8,8
57292,106,101,5,5
57293,62,57,5,5
57294,87,80,7,7
57295,57,51,6,6
57296,56,45,11,11
57297,124,117,7,7
57298,81,82,-1,1
57299,109,103,6,6
57300,165,155,10,10
57301,171,201,-30,30
57302,104,112,-8,8
57303,59,69,-10,10
57304,40,49,-9,9
57305,74,77,-3,3
57306,127,133,-6,6
57307,73,81,-8,8
57308,130,115,15,15
57309,47,53,-6,6
57310,59,46,13,13
57311,156,145,11,11
57312,101,86,15,15
57313,89,82,7,7
57314,95,91,4,4
57315,60,71,-11,11
57316,91,91,0,0
57317,74,66,8,8
57318,160,137,23,23
57319,114,100,14,14
57320,148,145,3,3
57321,80,70,10,10
57322,24,46,-22,22
57323,52,58,-6,6
57324,259,236,23,23
57325,44,53,-9,9
57326,149,148,1,1
57327,57,69,-12,12
57328,126,142,-16,16
57329,142,130,12,12
57330,111,118,-7,7
57331,167,162,5,5
57332,76,75,1,1
57333,69,58,11,11
57334,110,133,-23,23
57335,92,132,-40,40
57336,99,79,20,20
57337,95,92,3,3
57338,114,102,12,12
57339,91,95,-4,4
57340,104,105,-1,1
57341,84,88,-4,4
57342,164,145,19,19
57343,44,61,-17,17
57344,75,75,0,0
57345,95,97,-2,2
57346,27,48,-21,21
57347,81,90,-9,9
57348,72,71,1,1
57349,100,95,5,5
57350,131,124,7,7
57351,61,67,-6,6
57352,89,82,7,7
57353,65,63,2,2
57354,53,67,-14,14
57355,103,118,-15,15
57356,129,118,11,11
57357,114,104,10,10
57358,102,95,7,7
57359,87,94,-7,7
57360,77,73,4,4
57361,72,90,-18,18
57362,71,79,-8,8
57363,67,63,4,4
57364,116,111,5,5
57365,102,90,12,12
57366,83,70,13,13
57367,55,56,-1,1
57368,71,89,-18,18
57369,84,75,9,9
57370,98,99,-1,1
57371,101,83,18,18
57372,82,66,16,16
57373,117,113,4,4
57374,126,122,4,4
57375,66,70,-4,4
57376,81,86,-5,5
57377,189,182,7,7
57378,90,68,22,22
57379,86,79,7,7
57380,107,101,6,6
57381,117,128,-11,11
57382,54,72,-18,18
57383,81,92,-11,11
57384,85,69,16,16
57385,88,88,0,0
57386,57,59,-2,2
57387,103,102,1,1
57388,103,93,10,10
57389,95,80,15,15
57390,107,104,3,3
57391,91,90,1,1
57392,111,133,-22,22
57393,200,197,3,3
57394,83,82,1,1
57395,86,81,5,5
57396,80,80,0,0
57397,109,96,13,13
57398,69,66,3,3
57399,78,68,10,10
57400,70,80,-10,10
57401,77,72,5,5
57402,69,69,0,0
57403,96,64,32,32
57404,121,145,-24,24
57405,90,95,-5,5
57406,152,142,10,10
57407,91,82,9,9
57408,89,84,5,5
57409,104,100,4,4
57410,88,79,9,9
57411,113,110,3,3
57412,81,85,-4,4
57413,92,79,13,13
57414,112,99,13,13
57415,113,120,-7,7
57416,119,118,1,1
57417,68,69,-1,1
57418,183,157,26,26
57419,154,138,16,16
57420,115,117,-2,2
57421,173,186,-13,13
57422,108,101,7,7
57423,124,138,-14,14
57424,71,71,0,0
57425,84,74,10,10
57426,80,74,6,6
57427,90,110,-20,20
57428,74,67,7,7
57429,89,73,16,16
57430,81,92,-11,11
57431,100,83,17,17
57432,136,143,-7,7
57433,55,53,2,2
57434,105,115,-10,10
57435,77,84,-7,7
57436,192,174,18,18
57437,99,93,6,6
57438,90,85,5,5
57439,134,120,14,14
57440,113,102,11,11
57441,90,88,2,2
57442,150,131,19,19
57443,52,60,-8,8
57444,102,94,8,8
57445,55,49,6,6
57446,110,108,2,2
57447,57,65,-8,8
57448,57,50,7,7
57449,97,86,11,11
57450,117,110,7,7
57451,83,90,-7,7
57452,121,125,-4,4
57453,58,67,-9,9
57454,101,104,-3,3
57455,63,68,-5,5
57456,105,102,3,3
57457,94,91,3,3
57458,138,136,2,2
57459,62,62,0,0
57460,113,122,-9,9
57461,50,54,-4,4
57462,90,92,-2,2
57463,135,137,-2,2
57464,68,61,7,7
57465,94,93,1,1
57466,63,67,-4,4
57467,179,168,11,11
57468,78,68,10,10
57469,197,172,25,25
57470,124,123,1,1
57471,115,123,-8,8
57472,105,104,1,1
57473,135,128,7,7
57474,59,53,6,6
57475,75,83,-8,8
57476,131,129,2,2
57477,125,128,-3,3
57478,82,91,-9,9
57479,193,170,23,23
57480,23,31,-8,8
57481,67,71,-4,4
57482,204,200,4,4
57483,78,84,-6,6
57484,95,94,1,1
57485,143,126,17,17
57486,69,66,3,3
57487,78,73,5,5
57488,185,174,11,11
57489,60,59,1,1
57490,93,80,13,13
57491,49,43,6,6
57492,151,127,24,24
57493,93,92,1,1
57494,109,102,7,7
57495,58,52,6,6
57496,132,123,9,9
57497,85,72,13,13
57498,118,98,20,20
57499,69,72,-3,3
57500,76,76,0,0
57501,68,70,-2,2
57502,68,70,-2,2
57503,103,117,-14,14
57504,116,119,-3,3
57505,189,160,29,29
57506,64,71,-7,7
57507,54,50,4,4
57508,99,102,-3,3
57509,140,130,10,10
57510,52,55,-3,3
57511,144,151,-7,7
57512,96,90,6,6
57513,60,91,-31,31
57514,131,121,10,10
57515,101,105,-4,4
57516,21,97,-76,76
57517,77,78,-1,1
57518,94,99,-5,5
57519,64,56,8,8
57520,77,54,23,23
57521,89,96,-7,7
57522,68,70,-2,2
57523,100,88,12,12
57524,94,86,8,8
57525,99,93,6,6
57526,104,112,-8,8
57527,76,64,12,12
57528,41,61,-20,20
57529,89,76,13,13
57530,159,139,20,20
57531,145,121,24,24
57532,89,78,11,11
57533,117,116,1,1
57534,56,79,-23,23
57535,112,107,5,5
57536,59,58,1,1
57537,54,47,7,7
57538,83,71,12,12
57539,70,76,-6,6
57540,64,61,3,3
57541,134,128,6,6
57542,107,116,-9,9
57543,81,92,-11,11
57544,117,115,2,2
57545,123,122,1,1
57546,114,90,24,24
57547,173,154,19,19
57548,79,72,7,7
57549,117,102,15,15
57550,32,43,-11,11
57551,87,80,7,7
57552,189,172,17,17
57553,70,75,-5,5
57554,155,136,19,19
57555,81,85,-4,4
57556,168,155,13,13
57557,114,109,5,5
57558,153,158,-5,5
57559,124,115,9,9
57560,51,55,-4,4
57561,105,109,-4,4
57562,101,125,-24,24
57563,86,88,-2,2
57564,129,118,11,11
57565,122,128,-6,6
57566,149,137,12,12
57567,85,77,8,8
57568,73,63,10,10
57569,66,73,-7,7
57570,180,157,23,23
57571,33,44,-11,11
57572,70,74,-4,4
57573,101,128,-27,27
57574,89,94,-5,5
57575,120,127,-7,7
57576,121,116,5,5
57577,91,91,0,0
57578,90,87,3,3
57579,121,121,0,0
57580,154,149,5,5
57581,110,105,5,5
57582,65,58,7,7
57583,107,103,4,4
57584,141,129,12,12
57585,61,63,-2,2
57586,119,135,-16,16
57587,135,136,-1,1
57588,185,175,10,10
57589,46,52,-6,6
57590,89,87,2,2
57591,134,134,0,0
57592,102,96,6,6
57593,138,150,-12,12
57594,104,96,8,8
57595,176,166,10,10
57596,112,101,11,11
57597,135,130,5,5
57598,119,115,4,4
57599,82,67,15,15
57600,99,97,2,2
57601,119,102,17,17
57602,98,110,-12,12
57603,96,112,-16,16
57604,90,102,-12,12
57605,81,73,8,8
57606,65,67,-2,2
57607,120,116,4,4
57608,90,84,6,6
57609,80,84,-4,4
57610,81,88,-7,7
57611,78,90,-12,12
57612,82,80,2,2
57613,155,139,16,16
57614,77,77,0,0
57615,116,124,-8,8
57616,78,79,-1,1
57617,69,68,1,1
57618,64,60,4,4
57619,88,87,1,1
57620,56,58,-2,2
57621,62,71,-9,9
57622,49,52,-3,3
57623,120,108,12,12
57624,154,157,-3,3
57625,86,92,-6,6
57626,61,66,-5,5
57627,66,58,8,8
57628,145,124,21,21
57629,83,91,-8,8
57630,136,127,9,9
57631,88,88,0,0
57632,71,136,-65,65
57633,93,92,1,1
57634,97,97,0,0
57635,94,81,13,13
57636,97,102,-5,5
57637,57,69,-12,12
57638,142,139,3,3
57639,119,112,7,7
57640,87,93,-6,6
57641,131,139,-8,8
57642,119,126,-7,7
57643,76,71,5,5
57644,55,55,0,0
57645,106,99,7,7
57646,70,71,-1,1
57647,103,100,3,3
57648,96,81,15,15
57649,150,150,0,0
57650,128,133,-5,5
57651,38,34,4,4
57652,65,82,-17,17
57653,79,75,4,4
57654,96,93,3,3
57655,88,87,1,1
57656,185,179,6,6
57657,81,76,5,5
57658,151,147,4,4
57659,94,104,-10,10
57660,72,73,-1,1
57661,110,102,8,8
57662,109,103,6,6
57663,80,65,15,15
57664,68,66,2,2
57665,111,104,7,7
57666,67,70,-3,3
57667,95,92,3,3
57668,114,108,6,6
57669,51,53,-2,2
57670,111,109,2,2
57671,118,117,1,1
57672,157,144,13,13
57673,82,87,-5,5
57674,119,94,25,25
57675,73,73,0,0
57676,88,85,3,3
57677,46,51,-5,5
57678,61,53,8,8
57679,81,81,0,0
57680,117,108,9,9
57681,87,93,-6,6
57682,71,61,10,10
57683,70,58,12,12
57684,98,100,-2,2
57685,89,88,1,1
57686,100,91,9,9
57687,124,107,17,17
57688,166,153,13,13
57689,90,82,8,8
57690,43,42,1,1
57691,175,134,41,41
57692,104,110,-6,6
57693,180,171,9,9
57694,57,64,-7,7
57695,36,42,-6,6
57696,144,162,-18,18
57697,136,138,-2,2
57698,56,63,-7,7
57699,93,92,1,1
57700,91,89,2,2
57701,98,106,-8,8
57702,82,60,22,22
57703,101,113,-12,12
57704,113,126,-13,13
57705,53,49,4,4
57706,55,57,-2,2
57707,120,104,16,16
57708,105,102,3,3
57709,71,71,0,0
57710,78,72,6,6
57711,165,168,-3,3
57712,82,79,3,3
57713,126,114,12,12
57714,114,113,1,1
57715,143,128,15,15
57716,118,128,-10,10
57717,94,99,-5,5
57718,41,51,-10,10
57719,67,58,9,9
57720,83,79,4,4
57721,119,92,27,27
57722,62,58,4,4
57723,55,52,3,3
57724,95,98,-3,3
57725,91,95,-4,4
57726,68,62,6,6
57727,144,147,-3,3
57728,64,64,0,0
57729,43,65,-22,22
57730,81,84,-3,3
57731,94,64,30,30
57732,77,80,-3,3
57733,167,174,-7,7
57734,51,65,-14,14
57735,117,104,13,13
57736,93,87,6,6
57737,71,69,2,2
57738,64,63,1,1
57739,168,167,1,1
57740,98,89,9,9
57741,38,40,-2,2
57742,124,115,9,9
57743,104,118,-14,14
57744,45,44,1,1
57745,36,48,-12,12
57746,82,82,0,0
57747,120,116,4,4
57748,108,130,-22,22
57749,43,46,-3,3
57750,85,83,2,2
57751,146,122,24,24
57752,82,97,-15,15
57753,115,117,-2,2
57754,98,79,19,19
57755,87,72,15,15
57756,124,139,-15,15
57757,86,82,4,4
57758,92,106,-14,14
57759,109,83,26,26
57760,125,129,-4,4
57761,140,152,-12,12
57762,84,111,-27,27
57763,66,60,6,6
57764,131,118,13,13
57765,81,72,9,9
57766,88,89,-1,1
57767,143,155,-12,12
57768,74,81,-7,7
57769,118,118,0,0
57770,56,57,-1,1
57771,61,71,-10,10
57772,112,115,-3,3
57773,119,111,8,8
57774,102,99,3,3
57775,101,130,-29,29
57776,71,76,-5,5
57777,118,114,4,4
57778,119,134,-15,15
57779,83,88,-5,5
57780,133,133,0,0
57781,57,65,-8,8
57782,87,82,5,5
57783,6,16,-10,10
57784,76,98,-22,22
57785,124,110,14,14
57786,28,36,-8,8
57787,65,57,8,8
57788,86,74,12,12
57789,111,116,-5,5
57790,59,63,-4,4
57791,94,88,6,6
57792,97,117,-20,20
57793,115,118,-3,3
57794,75,79,-4,4
57795,144,139,5,5
57796,86,102,-16,16
57797,74,75,-1,1
57798,102,103,-1,1
57799,79,86,-7,7
57800,99,93,6,6
57801,140,154,-14,14
57802,101,106,-5,5
57803,156,146,10,10
57804,92,88,4,4
57805,70,65,5,5
57806,59,72,-13,13
57807,116,108,8,8
57808,138,132,6,6
57809,136,137,-1,1
57810,61,64,-3,3
57811,53,49,4,4
57812,79,70,9,9
57813,90,87,3,3
57814,127,120,7,7
57815,177,155,22,22
57816,110,116,-6,6
57817,129,129,0,0
57818,106,128,-22,22
57819,74,75,-1,1
57820,154,155,-1,1
57821,129,128,1,1
57822,73,75,-2,2
57823,77,92,-15,15
57824,84,91,-7,7
57825,103,96,7,7
57826,90,114,-24,24
57827,109,103,6,6
57828,68,55,13,13
57829,72,62,10,10
57830,105,111,-6,6
57831,65,67,-2,2
57832,95,97,-2,2
57833,133,139,-6,6
57834,103,97,6,6
57835,107,107,0,0
57836,79,80,-1,1
57837,116,111,5,5
57838,91,86,5,5
57839,72,81,-9,9
57840,66,82,-16,16
57841,147,137,10,10
57842,90,101,-11,11
57843,192,185,7,7
57844,98,113,-15,15
57845,105,107,-2,2
57846,44,49,-5,5
57847,102,89,13,13
57848,82,87,-5,5
57849,107,109,-2,2
57850,102,104,-2,2
57851,135,131,4,4
57852,157,131,26,26
57853,61,69,-8,8
57854,155,153,2,2
57855,121,130,-9,9
57856,77,75,2,2
57857,142,135,7,7
57858,95,87,8,8
57859,104,99,5,5
57860,77,81,-4,4
57861,135,131,4,4
57862,101,95,6,6
57863,65,58,7,7
57864,108,106,2,2
57865,46,47,-1,1
57866,196,180,16,16
57867,83,72,11,11
57868,92,80,12,12
57869,66,71,-5,5
57870,87,72,15,15
57871,76,73,3,3
57872,24,120,-96,96
57873,94,105,-11,11
57874,85,64,21,21
57875,147,198,-51,51
57876,104,109,-5,5
57877,97,92,5,5
57878,159,150,9,9
57879,103,99,4,4
57880,114,122,-8,8
57881,133,132,1,1
57882,66,64,2,2
57883,101,105,-4,4
57884,71,59,12,12
57885,85,81,4,4
57886,87,79,8,8
57887,116,93,23,23
57888,88,81,7,7
57889,64,61,3,3
57890,48,52,-4,4
57891,55,59,-4,4
57892,61,84,-23,23
57893,86,108,-22,22
57894,56,62,-6,6
57895,58,49,9,9
57896,77,78,-1,1
57897,70,67,3,3
57898,78,84,-6,6
57899,136,140,-4,4
57900,69,63,6,6
57901,68,57,11,11
57902,102,100,2,2
57903,67,62,5,5
57904,82,78,4,4
57905,54,51,3,3
57906,70,76,-6,6
57907,83,75,8,8
57908,129,116,13,13
57909,43,43,0,0
57910,46,56,-10,10
57911,119,114,5,5
57912,50,50,0,0
57913,76,73,3,3
57914,168,164,4,4
57915,83,85,-2,2
57916,116,113,3,3
57917,121,146,-25,25
57918,96,103,-7,7
57919,126,138,-12,12
57920,86,75,11,11
57921,85,77,8,8
57922,93,78,15,15
57923,52,58,-6,6
57924,129,131,-2,2
57925,87,83,4,4
57926,38,53,-15,15
57927,61,85,-24,24
57928,77,73,4,4
57929,73,62,11,11
57930,143,139,4,4
57931,59,54,5,5
57932,57,63,-6,6
57933,64,70,-6,6
57934,140,129,11,11
57935,109,122,-13,13
57936,91,85,6,6
57937,64,70,-6,6
57938,105,84,21,21
57939,121,112,9,9
57940,65,61,4,4
57941,80,81,-1,1
57942,75,64,11,11
57943,90,76,14,14
57944,93,96,-3,3
57945,60,59,1,1
57946,75,74,1,1
57947,97,103,-6,6
57948,130,131,-1,1
57949,111,98,13,13
57950,82,64,18,18
57951,102,95,7,7
57952,72,71,1,1
57953,180,187,-7,7
57954,71,82,-11,11
57955,92,79,13,13
57956,109,115,-6,6
57957,113,106,7,7
57958,117,86,31,31
57959,105,114,-9,9
57960,85,78,7,7
57961,75,69,6,6
57962,77,75,2,2
57963,79,74,5,5
57964,106,100,6,6
57965,52,53,-1,1
57966,107,82,25,25
57967,89,87,2,2
57968,150,149,1,1
57969,84,86,-2,2
57970,78,86,-8,8
57971,124,115,9,9
57972,58,68,-10,10
57973,110,116,-6,6
57974,108,111,-3,3
57975,95,103,-8,8
57976,139,134,5,5
57977,92,95,-3,3
57978,63,70,-7,7
57979,81,83,-2,2
57980,103,95,8,8
57981,75,68,7,7
57982,75,79,-4,4
57983,125,129,-4,4
57984,98,95,3,3
57985,101,100,1,1
57986,73,88,-15,15
57987,95,92,3,3
57988,120,109,11,11
57989,90,99,-9,9
57990,178,160,18,18
57991,111,118,-7,7
57992,90,92,-2,2
57993,91,74,17,17
57994,92,70,22,22
57995,77,77,0,0
57996,87,81,6,6
57997,121,125,-4,4
57998,99,82,17,17
57999,119,115,4,4
58000,85,93,-8,8
58001,102,104,-2,2
58002,102,98,4,4
58003,68,79,-11,11
58004,159,141,18,18
58005,91,75,16,16
58006,85,80,5,5
58007,77,81,-4,4
58008,136,133,3,3
58009,182,164,18,18
58010,101,96,5,5
58011,63,62,1,1
58012,89,100,-11,11
58013,78,75,3,3
58014,104,93,11,11
58015,113,109,4,4
58016,88,97,-9,9
58017,87,81,6,6
58018,182,154,28,28
58019,97,93,4,4
58020,123,120,3,3
58021,93,133,-40,40
58022,77,60,17,17
58023,87,76,11,11
58024,71,64,7,7
58025,60,58,2,2
58026,95,106,-11,11
58027,92,81,11,11
58028,78,69,9,9
58029,84,90,-6,6
58030,153,139,14,14
58031,140,159,-19,19
58032,99,79,20,20
58033,57,61,-4,4
58034,83,99,-16,16
58035,79,79,0,0
58036,87,92,-5,5
58037,85,108,-23,23
58038,80,90,-10,10
58039,69,63,6,6
58040,68,77,-9,9
58041,94,101,-7,7
58042,79,83,-4,4
58043,115,105,10,10
58044,59,71,-12,12
58045,183,177,6,6
58046,64,66,-2,2
58047,109,104,5,5
58048,54,55,-1,1
58049,62,57,5,5
58050,69,77,-8,8
58051,62,57,5,5
58052,71,78,-7,7
58053,140,135,5,5
58054,73,65,8,8
58055,124,115,9,9
58056,86,89,-3,3
58057,142,154,-12,12
58058,170,165,5,5
58059,69,68,1,1
58060,124,134,-10,10
58061,123,122,1,1
58062,104,91,13,13
58063,65,76,-11,11
58064,110,109,1,1
58065,80,81,-1,1
58066,66,57,9,9
58067,96,120,-24,24
58068,116,112,4,4
58069,74,79,-5,5
58070,59,64,-5,5
58071,64,53,11,11
58072,115,120,-5,5
58073,89,87,2,2
58074,136,128,8,8
58075,51,47,4,4
58076,73,70,3,3
58077,68,80,-12,12
58078,116,119,-3,3
58079,135,149,-14,14
58080,29,50,-21,21
58081,96,77,19,19
58082,38,28,10,10
58083,170,141,29,29
58084,125,126,-1,1
58085,160,142,18,18
58086,108,118,-10,10
58087,144,137,7,7
58088,70,51,19,19
58089,100,93,7,7
58090,62,51,11,11
58091,129,119,10,10
58092,99,83,16,16
58093,93,99,-6,6
58094,108,91,17,17
58095,59,48,11,11
58096,43,77,-34,34
58097,119,110,9,9
58098,71,62,9,9
58099,147,144,3,3
58100,60,57,3,3
58101,79,89,-10,10
58102,64,56,8,8
58103,73,74,-1,1
58104,105,115,-10,10
58105,80,69,11,11
58106,79,79,0,0
58107,90,86,4,4
58108,89,72,17,17
58109,73,69,4,4
58110,113,109,4,4
58111,78,81,-3,3
58112,63,76,-13,13
58113,142,139,3,3
58114,145,163,-18,18
58115,95,92,3,3
58116,101,100,1,1
58117,126,113,13,13
58118,154,145,9,9
58119,184,161,23,23
58120,116,128,-12,12
58121,84,88,-4,4
58122,129,124,5,5
58123,74,68,6,6
58124,97,93,4,4
58125,88,98,-10,10
58126,102,103,-1,1
58127,69,67,2,2
58128,73,78,-5,5
58129,77,67,10,10
58130,98,98,0,0
58131,78,77,1,1
58132,108,94,14,14
58133,78,72,6,6
58134,86,107,-21,21
58135,70,66,4,4
58136,70,69,1,1
58137,78,73,5,5
58138,81,71,10,10
58139,55,49,6,6
58140,37,61,-24,24
58141,80,79,1,1
58142,68,60,8,8
58143,130,129,1,1
58144,100,97,3,3
58145,71,73,-2,2
58146,97,89,8,8
58147,147,145,2,2
58148,93,92,1,1
58149,165,162,3,3
58150,70,72,-2,2
58151,59,68,-9,9
58152,46,53,-7,7
58153,132,125,7,7
58154,90,73,17,17
58155,208,155,53,53
58156,124,127,-3,3
58157,92,91,1,1
58158,75,71,4,4
58159,103,108,-5,5
58160,47,51,-4,4
58161,72,60,12,12
58162,65,55,10,10
58163,107,110,-3,3
58164,131,129,2,2
58165,67,86,-19,19
58166,119,117,2,2
58167,63,66,-3,3
58168,153,148,5,5
58169,72,74,-2,2
58170,131,148,-17,17
58171,92,95,-3,3
58172,70,62,8,8
58173,93,98,-5,5
58174,48,52,-4,4
58175,75,65,10,10
58176,185,172,13,13
58177,90,56,34,34
58178,53,53,0,0
58179,130,144,-14,14
58180,139,140,-1,1
58181,92,105,-13,13
58182,77,97,-20,20
58183,130,131,-1,1
58184,88,82,6,6
58185,68,73,-5,5
58186,144,128,16,16
58187,73,66,7,7
58188,136,143,-7,7
58189,115,107,8,8
58190,79,79,0,0
58191,97,91,6,6
58192,70,68,2,2
58193,76,78,-2,2
58194,110,108,2,2
58195,103,103,0,0
58196,106,104,2,2
58197,82,80,2,2
58198,82,97,-15,15
58199,64,58,6,6
58200,108,116,-8,8
58201,162,135,27,27
58202,64,64,0,0
58203,42,45,-3,3
58204,128,130,-2,2
58205,93,82,11,11
58206,83,87,-4,4
58207,75,60,15,15
58208,113,114,-1,1
58209,131,125,6,6
58210,70,61,9,9
58211,82,85,-3,3
58212,53,57,-4,4
58213,92,85,7,7
58214,123,130,-7,7
58215,132,126,6,6
58216,71,67,4,4
58217,83,84,-1,1
58218,52,51,1,1
58219,102,95,7,7
58220,51,54,-3,3
58221,90,80,10,10
58222,121,131,-10,10
58223,125,130,-5,5
58224,66,71,-5,5
58225,99,106,-7,7
58226,71,79,-8,8
58227,103,88,15,15
58228,87,92,-5,5
58229,130,131,-1,1
58230,74,78,-4,4
58231,171,159,12,12
58232,146,136,10,10
58233,81,83,-2,2
58234,72,66,6,6
58235,81,100,-19,19
58236,58,57,1,1
58237,111,106,5,5
58238,148,145,3,3
58239,76,66,10,10
58240,78,72,6,6
58241,91,92,-1,1
58242,91,90,1,1
58243,70,63,7,7
58244,155,133,22,22
58245,89,100,-11,11
58246,55,45,10,10
58247,97,84,13,13
58248,71,77,-6,6
58249,134,134,0,0
58250,85,77,8,8
58251,76,67,9,9
58252,98,111,-13,13
58253,51,50,1,1
58254,111,105,6,6
58255,59,72,-13,13
58256,112,120,-8,8
58257,43,54,-11,11
58258,122,114,8,8
58259,62,78,-16,16
58260,57,56,1,1
58261,94,100,-6,6
58262,92,84,8,8
58263,113,135,-22,22
58264,125,112,13,13
58265,98,101,-3,3
58266,58,52,6,6
58267,110,101,9,9
58268,69,73,-4,4
58269,57,62,-5,5
58270,54,49,5,5
58271,69,66,3,3
58272,84,95,-11,11
58273,81,91,-10,10
58274,72,64,8,8
58275,120,105,15,15
58276,59,62,-3,3
58277,121,124,-3,3
58278,54,55,-1,1
58279,62,59,3,3
58280,83,76,7,7
58281,85,78,7,7
58282,102,106,-4,4
58283,109,92,17,17
58284,128,137,-9,9
58285,128,111,17,17
58286,155,100,55,55
58287,75,72,3,3
58288,44,36,8,8
58289,106,119,-13,13
58290,122,114,8,8
58291,99,84,15,15
58292,76,80,-4,4
58293,93,85,8,8
58294,59,53,6,6
58295,115,98,17,17
58296,147,148,-1,1
58297,104,111,-7,7
58298,56,64,-8,8
58299,119,113,6,6
58300,92,91,1,1
58301,55,57,-2,2
58302,70,55,15,15
58303,79,80,-1,1
58304,106,100,6,6
58305,141,120,21,21
58306,142,133,9,9
58307,100,101,-1,1
58308,71,71,0,0
58309,37,41,-4,4
58310,58,48,10,10
58311,107,120,-13,13
58312,104,104,0,0
58313,125,120,5,5
58314,95,125,-30,30
58315,164,156,8,8
58316,45,55,-10,10
58317,86,78,8,8
58318,101,96,5,5
58319,117,109,8,8
58320,85,94,-9,9
58321,60,59,1,1
58322,141,163,-22,22
58323,101,108,-7,7
58324,113,99,14,14
58325,108,103,5,5
58326,86,81,5,5
58327,121,106,15,15
58328,165,192,-27,27
58329,58,50,8,8
58330,165,162,3,3
58331,99,105,-6,6
58332,77,86,-9,9
58333,120,112,8,8
58334,132,120,12,12
58335,138,120,18,18
58336,104,134,-30,30
58337,59,57,2,2
58338,68,57,11,11
58339,76,77,-1,1
58340,81,84,-3,3
58341,126,124,2,2
58342,125,91,34,34
58343,39,40,-1,1
58344,103,83,20,20
58345,64,67,-3,3
58346,120,113,7,7
58347,53,48,5,5
58348,81,71,10,10
58349,128,123,5,5
58350,75,74,1,1
58351,67,60,7,7
58352,158,154,4,4
58353,77,93,-16,16
58354,140,142,-2,2
58355,75,86,-11,11
58356,114,120,-6,6
58357,82,86,-4,4
58358,96,96,0,0
58359,142,128,14,14
58360,84,99,-15,15
58361,84,62,22,22
58362,69,71,-2,2
58363,63,54,9,9
58364,83,90,-7,7
58365,136,130,6,6
58366,107,104,3,3
58367,95,98,-3,3
58368,157,125,32,32
58369,89,90,-1,1
58370,85,79,6,6
58371,102,102,0,0
58372,103,101,2,2
58373,88,82,6,6
58374,100,92,8,8
58375,69,69,0,0
58376,84,75,9,9
58377,32,42,-10,10
58378,52,50,2,2
58379,156,145,11,11
58380,71,59,12,12
58381,114,127,-13,13
58382,83,78,5,5
58383,81,83,-2,2
58384,164,98,66,66
58385,109,112,-3,3
58386,89,101,-12,12
58387,125,106,19,19
58388,82,76,6,6
58389,73,71,2,2
58390,117,140,-23,23
58391,69,70,-1,1
58392,98,88,10,10
58393,114,100,14,14
58394,86,80,6,6
58395,112,93,19,19
58396,96,104,-8,8
58397,113,111,2,2
58398,86,95,-9,9
58399,130,122,8,8
58400,80,73,7,7
58401,134,139,-5,5
58402,158,147,11,11
58403,59,59,0,0
58404,55,50,5,5
58405,87,88,-1,1
58406,42,65,-23,23
58407,76,69,7,7
58408,62,67,-5,5
58409,119,122,-3,3
58410,103,108,-5,5
58411,172,167,5,5
58412,134,132,2,2
58413,68,69,-1,1
58414,62,55,7,7
58415,57,61,-4,4
58416,147,111,36,36
58417,93,92,1,1
58418,116,116,0,0
58419,161,158,3,3
58420,79,98,-19,19
58421,148,144,4,4
58422,118,110,8,8
58423,46,54,-8,8
58424,130,137,-7,7
58425,163,160,3,3
58426,56,62,-6,6
58427,74,65,9,9
58428,66,76,-10,10
58429,84,66,18,18
58430,76,75,1,1
58431,88,82,6,6
58432,69,65,4,4
58433,60,63,-3,3
58434,75,63,12,12
58435,164,155,9,9
58436,71,74,-3,3
58437,125,109,16,16
58438,86,95,-9,9
58439,62,62,0,0
58440,82,68,14,14
58441,55,67,-12,12
58442,58,82,-24,24
58443,52,52,0,0
58444,107,102,5,5
58445,82,95,-13,13
58446,118,120,-2,2
58447,104,87,17,17
58448,65,58,7,7
58449,148,141,7,7
58450,104,99,5,5
58451,189,190,-1,1
58452,126,116,10,10
58453,92,69,23,23
58454,122,116,6,6
58455,75,83,-8,8
58456,99,101,-2,2
58457,99,57,42,42
58458,154,153,1,1
58459,89,94,-5,5
58460,145,146,-1,1
58461,81,77,4,4
58462,146,130,16,16
58463,171,158,13,13
58464,52,60,-8,8
58465,81,69,12,12
58466,102,92,10,10
58467,137,150,-13,13
58468,43,43,0,0
58469,93,95,-2,2
58470,62,55,7,7
58471,110,97,13,13
58472,78,70,8,8
58473,112,114,-2,2
58474,64,62,2,2
58475,52,54,-2,2
58476,51,70,-19,19
58477,71,78,-7,7
58478,62,65,-3,3
58479,54,49,5,5
58480,81,76,5,5
58481,156,136,20,20
58482,76,75,1,1
58483,74,59,15,15
58484,63,66,-3,3
58485,59,56,3,3
58486,45,44,1,1
58487,127,105,22,22
58488,110,102,8,8
58489,68,71,-3,3
58490,89,83,6,6
58491,64,60,4,4
58492,116,117,-1,1
58493,68,76,-8,8
58494,211,211,0,0
58495,93,82,11,11
58496,79,76,3,3
58497,84,79,5,5
58498,73,66,7,7
58499,82,70,12,12
58500,80,92,-12,12
58501,75,74,1,1
58502,83,82,1,1
58503,123,129,-6,6
58504,52,45,7,7
58505,133,117,16,16
58506,90,88,2,2
58507,70,66,4,4
58508,74,81,-7,7
58509,84,100,-16,16
58510,90,86,4,4
58511,92,85,7,7
58512,55,96,-41,41
58513,62,73,-11,11
58514,120,120,0,0
58515,84,72,12,12
58516,83,72,11,11
58517,95,112,-17,17
58518,79,71,8,8
58519,89,92,-3,3
58520,149,142,7,7
58521,81,126,-45,45
58522,91,93,-2,2
58523,87,74,13,13
58524,76,67,9,9
58525,45,46,-1,1
58526,226,231,-5,5
58527,125,121,4,4
58528,148,157,-9,9
58529,60,65,-5,5
58530,134,132,2,2
58531,165,159,6,6
58532,129,120,9,9
58533,65,65,0,0
58534,89,90,-1,1
58535,95,92,3,3
58536,83,77,6,6
58537,79,75,4,4
58538,111,102,9,9
58539,83,76,7,7
58540,121,122,-1,1
58541,97,88,9,9
58542,114,111,3,3
58543,55,52,3,3
58544,118,112,6,6
58545,95,87,8,8
58546,80,74,6,6
58547,112,122,-10,10
58548,127,116,11,11
58549,140,140,0,0
58550,100,160,-60,60
58551,50,57,-7,7
58552,130,127,3,3
58553,77,71,6,6
58554,86,94,-8,8
58555,117,101,16,16
58556,163,146,17,17
58557,78,74,4,4
58558,118,117,1,1
58559,110,116,-6,6
58560,93,77,16,16
58561,76,95,-19,19
58562,71,62,9,9
58563,85,90,-5,5
58564,39,50,-11,11
58565,77,77,0,0
58566,57,59,-2,2
58567,68,70,-2,2
58568,74,65,9,9
58569,80,72,8,8
58570,86,102,-16,16
58571,55,54,1,1
58572,129,91,38,38
58573,181,181,0,0
58574,71,64,7,7
58575,106,125,-19,19
58576,43,50,-7,7
58577,157,155,2,2
58578,68,72,-4,4
58579,134,125,9,9
58580,137,134,3,3
58581,71,69,2,2
58582,48,49,-1,1
58583,45,50,-5,5
58584,75,78,-3,3
58585,67,82,-15,15
58586,108,90,18,18
58587,81,79,2,2
58588,94,98,-4,4
58589,229,196,33,33
58590,58,81,-23,23
58591,75,94,-19,19
58592,97,120,-23,23
58593,142,133,9,9
58594,196,161,35,35
58595,78,74,4,4
58596,101,102,-1,1
58597,100,101,-1,1
58598,82,67,15,15
58599,100,95,5,5
58600,81,88,-7,7
58601,81,83,-2,2
58602,106,192,-86,86
58603,74,67,7,7
58604,77,94,-17,17
58605,124,135,-11,11
58606,35,39,-4,4
58607,76,79,-3,3
58608,106,99,7,7
58609,83,88,-5,5
58610,82,78,4,4
58611,77,80,-3,3
58612,113,114,-1,1
58613,86,82,4,4
58614,115,113,2,2
58615,98,99,-1,1
58616,69,81,-12,12
58617,90,91,-1,1
58618,99,90,9,9
58619,59,79,-20,20
58620,109,97,12,12
58621,72,73,-1,1
58622,130,120,10,10
58623,118,119,-1,1
58624,113,113,0,0
58625,98,98,0,0
58626,102,87,15,15
58627,142,130,12,12
58628,95,100,-5,5
58629,89,93,-4,4
58630,45,59,-14,14
58631,35,30,5,5
58632,54,53,1,1
58633,102,81,21,21
58634,27,29,-2,2
58635,66,68,-2,2
58636,35,57,-22,22
58637,115,108,7,7
58638,148,144,4,4
58639,98,103,-5,5
58640,115,115,0,0
58641,79,84,-5,5
58642,84,83,1,1
58643,147,144,3,3
58644,79,70,9,9
58645,62,61,1,1
58646,95,79,16,16
58647,71,67,4,4
58648,66,62,4,4
58649,84,80,4,4
58650,142,134,8,8
58651,142,127,15,15
58652,91,92,-1,1
58653,102,97,5,5
58654,105,146,-41,41
58655,66,60,6,6
58656,83,74,9,9
58657,63,62,1,1
58658,66,69,-3,3
58659,109,112,-3,3
58660,71,43,28,28
58661,92,89,3,3
58662,139,141,-2,2
58663,117,122,-5,5
58664,120,110,10,10
58665,94,120,-26,26
58666,99,98,1,1
58667,58,72,-14,14
58668,129,118,11,11
58669,66,73,-7,7
58670,126,99,27,27
58671,111,119,-8,8
58672,54,55,-1,1
58673,153,149,4,4
58674,82,73,9,9
58675,56,56,0,0
58676,59,60,-1,1
58677,146,127,19,19
58678,64,62,2,2
58679,56,56,0,0
58680,60,51,9,9
58681,21,56,-35,35
58682,132,136,-4,4
58683,85,97,-12,12
58684,113,112,1,1
58685,81,76,5,5
58686,110,108,2,2
58687,98,91,7,7
58688,86,89,-3,3
58689,102,101,1,1
58690,129,135,-6,6
58691,89,84,5,5
58692,121,134,-13,13
58693,104,99,5,5
58694,63,83,-20,20
58695,138,155,-17,17
58696,119,137,-18,18
58697,92,81,11,11
58698,113,101,12,12
58699,97,113,-16,16
58700,162,141,21,21
58701,41,42,-1,1
58702,112,118,-6,6
58703,124,122,2,2
58704,76,59,17,17
58705,116,120,-4,4
58706,86,85,1,1
58707,69,61,8,8
58708,99,111,-12,12
58709,65,64,1,1
58710,70,81,-11,11
58711,111,91,20,20
58712,79,75,4,4
58713,92,95,-3,3
58714,92,77,15,15
58715,126,127,-1,1
58716,109,99,10,10
58717,65,68,-3,3
58718,79,66,13,13
58719,160,164,-4,4
58720,75,79,-4,4
58721,95,88,7,7
58722,97,105,-8,8
58723,102,114,-12,12
58724,75,70,5,5
58725,119,112,7,7
58726,31,34,-3,3
58727,137,127,10,10
58728,99,104,-5,5
58729,135,133,2,2
58730,143,147,-4,4
58731,128,124,4,4
58732,135,142,-7,7
58733,56,50,6,6
58734,79,77,2,2
58735,157,147,10,10
58736,103,123,-20,20
58737,147,144,3,3
58738,78,79,-1,1
58739,124,128,-4,4
58740,57,68,-11,11
58741,63,75,-12,12
58742,79,76,3,3
58743,87,97,-10,10
58744,105,92,13,13
58745,119,113,6,6
58746,41,53,-12,12
58747,62,62,0,0
58748,148,154,-6,6
58749,113,108,5,5
58750,236,231,5,5
58751,49,58,-9,9
58752,78,82,-4,4
58753,105,109,-4,4
58754,136,127,9,9
58755,93,99,-6,6
58756,55,57,-2,2
58757,87,92,-5,5
58758,67,81,-14,14
58759,113,101,12,12
58760,52,54,-2,2
58761,102,108,-6,6
58762,149,125,24,24
58763,65,66,-1,1
58764,106,92,14,14
58765,88,84,4,4
58766,175,153,22,22
58767,116,128,-12,12
58768,128,115,13,13
58769,86,88,-2,2
58770,154,154,0,0
58771,93,88,5,5
58772,65,96,-31,31
58773,119,118,1,1
58774,81,81,0,0
58775,93,127,-34,34
58776,77,86,-9,9
58777,144,112,32,32
58778,105,104,1,1
58779,111,110,1,1
58780,143,144,-1,1
58781,96,112,-16,16
58782,86,100,-14,14
58783,78,75,3,3
58784,136,130,6,6
58785,82,81,1,1
58786,91,87,4,4
58787,83,83,0,0
58788,106,114,-8,8
58789,94,94,0,0
58790,99,96,3,3
58791,78,59,19,19
58792,154,141,13,13
58793,77,77,0,0
58794,184,168,16,16
58795,192,187,5,5
58796,77,71,6,6
58797,105,121,-16,16
58798,62,73,-11,11
58799,103,103,0,0
58800,59,53,6,6
58801,77,72,5,5
58802,155,158,-3,3
58803,90,90,0,0
58804,98,123,-25,25
58805,93,94,-1,1
58806,132,128,4,4
58807,115,107,8,8
58808,67,60,7,7
58809,198,199,-1,1
58810,90,83,7,7
58811,114,122,-8,8
58812,108,102,6,6
58813,77,85,-8,8
58814,114,121,-7,7
58815,126,135,-9,9
58816,86,80,6,6
58817,67,65,2,2
58818,108,105,3,3
58819,92,88,4,4
58820,123,118,5,5
58821,96,99,-3,3
58822,64,62,2,2
58823,166,162,4,4
58824,218,196,22,22
58825,89,93,-4,4
58826,76,79,-3,3
58827,69,75,-6,6
58828,122,130,-8,8
58829,115,122,-7,7
58830,87,115,-28,28
58831,119,98,21,21
58832,95,89,6,6
58833,82,77,5,5
58834,57,61,-4,4
58835,100,106,-6,6
58836,86,78,8,8
58837,101,83,18,18
58838,65,55,10,10
58839,106,110,-4,4
58840,75,80,-5,5
58841,142,130,12,12
58842,81,65,16,16
58843,77,77,0,0
58844,59,56,3,3
58845,130,119,11,11
58846,100,91,9,9
58847,92,90,2,2
58848,55,43,12,12
58849,101,131,-30,30
58850,66,65,1,1
58851,108,95,13,13
58852,83,83,0,0
58853,69,69,0,0
58854,140,123,17,17
58855,87,76,11,11
58856,96,91,5,5
58857,167,159,8,8
58858,72,71,1,1
58859,88,85,3,3
58860,124,122,2,2
58861,91,92,-1,1
58862,51,49,2,2
58863,87,63,24,24
58864,92,89,3,3
58865,58,64,-6,6
58866,45,57,-12,12
58867,95,85,10,10
58868,134,128,6,6
58869,91,92,-1,1
58870,121,119,2,2
58871,51,53,-2,2
58872,58,54,4,4
58873,48,51,-3,3
58874,75,84,-9,9
58875,46,57,-11,11
58876,56,64,-8,8
58877,87,82,5,5
58878,47,71,-24,24
58879,88,93,-5,5
58880,112,98,14,14
58881,56,61,-5,5
58882,104,106,-2,2
58883,61,55,6,6
58884,96,90,6,6
58885,113,114,-1,1
58886,66,71,-5,5
58887,153,150,3,3
58888,115,128,-13,13
58889,100,101,-1,1
58890,73,69,4,4
58891,89,75,14,14
58892,101,105,-4,4
58893,82,88,-6,6
58894,89,101,-12,12
58895,94,94,0,0
58896,93,88,5,5
58897,113,120,-7,7
58898,129,128,1,1
58899,68,56,12,12
58900,68,56,12,12
58901,94,98,-4,4
58902,157,154,3,3
58903,99,96,3,3
58904,54,58,-4,4
58905,123,112,11,11
58906,94,78,16,16
58907,183,180,3,3
58908,74,74,0,0
58909,59,58,1,1
58910,173,159,14,14
58911,122,116,6,6
58912,75,76,-1,1
58913,77,77,0,0
58914,63,61,2,2
58915,90,107,-17,17
58916,56,67,-11,11
58917,82,86,-4,4
58918,86,98,-12,12
58919,149,144,5,5
58920,108,110,-2,2
58921,73,65,8,8
58922,67,73,-6,6
58923,93,87,6,6
58924,55,49,6,6
58925,108,119,-11,11
58926,118,70,48,48
58927,30,44,-14,14
58928,70,80,-10,10
58929,94,92,2,2
58930,84,88,-4,4
58931,77,65,12,12
58932,64,57,7,7
58933,103,101,2,2
58934,93,124,-31,31
58935,91,85,6,6
58936,65,65,0,0
58937,108,99,9,9
58938,117,103,14,14
58939,45,56,-11,11
58940,113,117,-4,4
58941,70,64,6,6
58942,75,101,-26,26
58943,79,87,-8,8
58944,59,58,1,1
58945,59,56,3,3
58946,42,39,3,3
58947,96,88,8,8
58948,109,97,12,12
58949,95,112,-17,17
58950,126,121,5,5
58951,89,85,4,4
58952,99,99,0,0
58953,145,153,-8,8
58954,108,99,9,9
58955,84,87,-3,3
58956,82,88,-6,6
58957,171,168,3,3
58958,103,88,15,15
58959,118,109,9,9
58960,180,157,23,23
58961,61,55,6,6
58962,163,144,19,19
58963,135,127,8,8
58964,152,141,11,11
58965,109,102,7,7
58966,61,63,-2,2
58967,108,101,7,7
58968,181,179,2,2
58969,104,104,0,0
58970,105,101,4,4
58971,68,73,-5,5
58972,116,148,-32,32
58973,144,139,5,5
58974,85,68,17,17
58975,141,148,-7,7
58976,152,155,-3,3
58977,114,117,-3,3
58978,143,127,16,16
58979,155,143,12,12
58980,191,167,24,24
58981,102,90,12,12
58982,77,77,0,0
58983,97,95,2,2
58984,85,89,-4,4
58985,82,74,8,8
58986,83,72,11,11
58987,64,67,-3,3
58988,135,135,0,0
58989,86,81,5,5
58990,59,57,2,2
58991,71,57,14,14
58992,65,87,-22,22
58993,134,136,-2,2
58994,85,87,-2,2
58995,159,152,7,7
58996,145,153,-8,8
58997,66,73,-7,7
58998,71,71,0,0
58999,154,137,17,17
59000,159,165,-6,6
59001,50,51,-1,1
59002,95,102,-7,7
59003,81,76,5,5
59004,128,114,14,14
59005,79,77,2,2
59006,93,109,-16,16
59007,156,149,7,7
59008,107,118,-11,11
59009,48,50,-2,2
59010,49,64,-15,15
59011,52,77,-25,25
59012,43,45,-2,2
59013,166,152,14,14
59014,59,57,2,2
59015,97,92,5,5
59016,143,166,-23,23
59017,107,127,-20,20
59018,122,118,4,4
59019,77,79,-2,2
59020,77,68,9,9
59021,52,51,1,1
59022,70,85,-15,15
59023,93,87,6,6
59024,93,121,-28,28
59025,110,131,-21,21
59026,53,59,-6,6
59027,67,67,0,0
59028,185,187,-2,2
59029,90,79,11,11
59030,107,104,3,3
59031,148,146,2,2
59032,119,123,-4,4
59033,95,113,-18,18
59034,112,94,18,18
59035,171,178,-7,7
59036,110,81,29,29
59037,76,84,-8,8
59038,99,95,4,4
59039,94,97,-3,3
59040,107,114,-7,7
59041,73,68,5,5
59042,133,119,14,14
59043,70,87,-17,17
59044,80,74,6,6
59045,149,130,19,19
59046,78,89,-11,11
59047,95,79,16,16
59048,79,81,-2,2
59049,42,52,-10,10
59050,73,60,13,13
59051,346,197,149,149
59052,70,149,-79,79
59053,75,73,2,2
59054,144,151,-7,7
59055,63,54,9,9
59056,80,84,-4,4
59057,124,109,15,15
59058,69,72,-3,3
59059,99,90,9,9
59060,140,119,21,21
59061,117,109,8,8
59062,58,80,-22,22
59063,84,81,3,3
59064,47,50,-3,3
59065,86,73,13,13
59066,52,50,2,2
59067,77,83,-6,6
59068,69,77,-8,8
59069,107,97,10,10
59070,118,117,1,1
59071,81,98,-17,17
59072,109,98,11,11
59073,97,104,-7,7
59074,85,81,4,4
59075,81,60,21,21
59076,65,52,13,13
59077,101,116,-15,15
59078,90,91,-1,1
59079,68,79,-11,11
59080,59,45,14,14
59081,97,98,-1,1
59082,104,106,-2,2
59083,52,46,6,6
59084,58,72,-14,14
59085,64,58,6,6
59086,92,93,-1,1
59087,179,166,13,13
59088,112,111,1,1
59089,100,109,-9,9
59090,60,51,9,9
59091,102,101,1,1
59092,111,101,10,10
59093,100,92,8,8
59094,80,77,3,3
59095,89,90,-1,1
59096,124,127,-3,3
59097,70,67,3,3
59098,85,101,-16,16
59099,79,84,-5,5
59100,74,84,-10,10
59101,66,53,13,13
59102,75,80,-5,5
59103,83,78,5,5
59104,65,68,-3,3
59105,119,107,12,12
59106,102,105,-3,3
59107,81,83,-2,2
59108,77,85,-8,8
59109,81,78,3,3
59110,94,84,10,10
59111,103,99,4,4
59112,104,95,9,9
59113,118,97,21,21
59114,90,69,21,21
59115,71,69,2,2
59116,114,104,10,10
59117,120,102,18,18
59118,85,79,6,6
59119,79,82,-3,3
59120,49,54,-5,5
59121,74,68,6,6
59122,99,96,3,3
59123,106,109,-3,3
59124,89,92,-3,3
59125,21,101,-80,80
59126,114,121,-7,7
59127,90,99,-9,9
59128,129,117,12,12
59129,64,61,3,3
59130,44,47,-3,3
59131,150,133,17,17
59132,136,143,-7,7
59133,119,123,-4,4
59134,68,67,1,1
59135,87,86,1,1
59136,66,74,-8,8
59137,103,108,-5,5
59138,117,116,1,1
59139,111,89,22,22
59140,112,87,25,25
59141,101,93,8,8
59142,143,151,-8,8
59143,81,75,6,6
59144,180,161,19,19
59145,61,63,-2,2
59146,131,124,7,7
59147,70,66,4,4
59148,107,119,-12,12
59149,135,121,14,14
59150,92,75,17,17
59151,81,75,6,6
59152,108,106,2,2
59153,90,71,19,19
59154,86,75,11,11
59155,127,121,6,6
59156,47,54,-7,7
59157,130,140,-10,10
59158,84,91,-7,7
59159,79,79,0,0
59160,91,87,4,4
59161,120,104,16,16
59162,80,72,8,8
59163,59,64,-5,5
59164,81,91,-10,10
59165,143,135,8,8
59166,117,95,22,22
59167,143,132,11,11
59168,154,83,71,71
59169,57,68,-11,11
59170,69,64,5,5
59171,44,43,1,1
59172,84,86,-2,2
59173,96,92,4,4
59174,80,90,-10,10
59175,61,80,-19,19
59176,64,73,-9,9
59177,67,66,1,1
59178,108,87,21,21
59179,87,86,1,1
59180,87,69,18,18
59181,112,97,15,15
59182,147,147,0,0
59183,143,138,5,5
59184,124,109,15,15
59185,160,148,12,12
59186,109,120,-11,11
59187,71,61,10,10
59188,138,130,8,8
59189,76,73,3,3
59190,96,83,13,13
59191,94,85,9,9
59192,44,47,-3,3
59193,83,86,-3,3
59194,49,59,-10,10
59195,75,79,-4,4
59196,104,112,-8,8
59197,75,71,4,4
59198,93,95,-2,2
59199,96,108,-12,12
59200,81,87,-6,6
59201,80,78,2,2
59202,97,99,-2,2
59203,65,73,-8,8
59204,46,48,-2,2
59205,79,75,4,4
59206,88,83,5,5
59207,62,75,-13,13
59208,84,64,20,20
59209,70,66,4,4
59210,129,137,-8,8
59211,104,67,37,37
59212,116,125,-9,9
59213,126,122,4,4
59214,95,98,-3,3
59215,66,63,3,3
59216,81,76,5,5
59217,133,118,15,15
59218,95,104,-9,9
59219,151,136,15,15
59220,88,83,5,5
59221,110,106,4,4
59222,69,83,-14,14
59223,106,102,4,4
59224,64,60,4,4
59225,126,120,6,6
59226,41,58,-17,17
59227,97,87,10,10
59228,46,115,-69,69
59229,52,62,-10,10
59230,66,57,9,9
59231,81,82,-1,1
59232,81,84,-3,3
59233,85,84,1,1
59234,35,29,6,6
59235,118,110,8,8
59236,94,84,10,10
59237,92,76,16,16
59238,55,51,4,4
59239,99,107,-8,8
59240,68,65,3,3
59241,56,67,-11,11
59242,97,108,-11,11
59243,110,120,-10,10
59244,152,149,3,3
59245,40,66,-26,26
59246,52,65,-13,13
59247,169,170,-1,1
59248,160,144,16,16
59249,78,66,12,12
59250,77,95,-18,18
59251,40,52,-12,12
59252,93,109,-16,16
59253,115,104,11,11
59254,108,105,3,3
59255,69,67,2,2
59256,126,156,-30,30
59257,133,144,-11,11
59258,116,111,5,5
59259,76,88,-12,12
59260,42,57,-15,15
59261,74,78,-4,4
59262,145,125,20,20
59263,72,66,6,6
59264,103,108,-5,5
59265,67,68,-1,1
59266,139,127,12,12
59267,93,82,11,11
59268,112,108,4,4
59269,176,168,8,8
59270,70,72,-2,2
59271,158,85,73,73
59272,71,64,7,7
59273,47,53,-6,6
59274,93,76,17,17
59275,57,61,-4,4
59276,75,63,12,12
59277,62,74,-12,12
59278,104,118,-14,14
59279,143,131,12,12
59280,83,80,3,3
59281,75,73,2,2
59282,92,85,7,7
59283,60,121,-61,61
59284,117,111,6,6
59285,64,71,-7,7
59286,61,59,2,2
59287,87,68,19,19
59288,175,171,4,4
59289,58,64,-6,6
59290,77,58,19,19
59291,96,76,20,20
59292,120,116,4,4
59293,176,159,17,17
59294,132,129,3,3
59295,67,62,5,5
59296,73,75,-2,2
59297,120,148,-28,28
59298,71,75,-4,4
59299,63,59,4,4
59300,74,56,18,18
59301,35,44,-9,9
59302,129,123,6,6
59303,132,134,-2,2
59304,75,76,-1,1
59305,122,95,27,27
59306,89,83,6,6
59307,90,78,12,12
59308,71,71,0,0
59309,92,74,18,18
59310,184,160,24,24
59311,59,85,-26,26
59312,90,90,0,0
59313,100,108,-8,8
59314,83,78,5,5
59315,83,82,1,1
59316,78,75,3,3
59317,106,90,16,16
59318,107,106,1,1
59319,45,52,-7,7
59320,82,95,-13,13
59321,85,100,-15,15
59322,109,87,22,22
59323,70,71,-1,1
59324,70,73,-3,3
59325,109,116,-7,7
59326,62,75,-13,13
59327,63,72,-9,9
59328,67,66,1,1
59329,38,40,-2,2
59330,45,53,-8,8
59331,111,109,2,2
59332,99,115,-16,16
59333,52,59,-7,7
59334,93,88,5,5
59335,103,112,-9,9
59336,86,81,5,5
59337,69,66,3,3
59338,52,72,-20,20
59339,215,147,68,68
59340,90,84,6,6
59341,54,52,2,2
59342,110,109,1,1
59343,97,83,14,14
59344,150,113,37,37
59345,142,126,16,16
59346,57,69,-12,12
59347,116,128,-12,12
59348,177,169,8,8
59349,109,97,12,12
59350,78,76,2,2
59351,79,87,-8,8
59352,51,62,-11,11
59353,80,70,10,10
59354,99,109,-10,10
59355,49,52,-3,3
59356,153,156,-3,3
59357,174,168,6,6
59358,100,99,1,1
59359,147,127,20,20
59360,75,59,16,16
59361,138,134,4,4
59362,78,73,5,5
59363,77,84,-7,7
59364,93,73,20,20
59365,148,132,16,16
59366,176,159,17,17
59367,74,60,14,14
59368,178,175,3,3
59369,107,114,-7,7
59370,103,97,6,6
59371,125,127,-2,2
59372,119,111,8,8
59373,98,97,1,1
59374,69,66,3,3
59375,72,60,12,12
59376,81,92,-11,11
59377,54,52,2,2
59378,110,117,-7,7
59379,84,83,1,1
59380,148,138,10,10
59381,61,61,0,0
59382,94,101,-7,7
59383,79,93,-14,14
59384,77,76,1,1
59385,83,76,7,7
59386,102,95,7,7
59387,99,94,5,5
59388,104,107,-3,3
59389,128,120,8,8
59390,73,77,-4,4
59391,85,78,7,7
59392,123,143,-20,20
59393,87,92,-5,5
59394,135,102,33,33
59395,71,67,4,4
59396,81,94,-13,13
59397,64,60,4,4
59398,71,62,9,9
59399,105,101,4,4
59400,59,64,-5,5
59401,140,131,9,9
59402,161,153,8,8
59403,100,85,15,15
59404,89,97,-8,8
59405,64,69,-5,5
59406,154,162,-8,8
59407,167,130,37,37
59408,178,160,18,18
59409,88,76,12,12
59410,79,97,-18,18
59411,72,79,-7,7
59412,85,83,2,2
59413,92,82,10,10
59414,71,85,-14,14
59415,60,62,-2,2
59416,66,68,-2,2
59417,95,84,11,11
59418,82,82,0,0
59419,82,83,-1,1
59420,91,67,24,24
59421,121,109,12,12
59422,78,71,7,7
59423,148,148,0,0
59424,95,91,4,4
59425,138,144,-6,6
59426,61,72,-11,11
59427,66,72,-6,6
59428,83,78,5,5
59429,61,73,-12,12
59430,60,58,2,2
59431,56,44,12,12
59432,127,119,8,8
59433,62,60,2,2
59434,133,126,7,7
59435,79,71,8,8
59436,123,104,19,19
59437,53,48,5,5
59438,79,86,-7,7
59439,126,115,11,11
59440,117,130,-13,13
59441,136,133,3,3
59442,81,105,-24,24
59443,105,135,-30,30
59444,118,130,-12,12
59445,66,71,-5,5
59446,59,69,-10,10
59447,129,121,8,8
59448,93,97,-4,4
59449,87,89,-2,2
59450,45,44,1,1
59451,64,60,4,4
59452,121,118,3,3
59453,168,151,17,17
59454,81,70,11,11
59455,99,86,13,13
59456,117,97,20,20
59457,95,75,20,20
59458,66,73,-7,7
59459,122,127,-5,5
59460,112,122,-10,10
59461,71,83,-12,12
59462,172,181,-9,9
59463,108,101,7,7
59464,85,84,1,1
59465,130,123,7,7
59466,64,62,2,2
59467,74,77,-3,3
59468,63,63,0,0
59469,145,154,-9,9
59470,95,99,-4,4
59471,138,146,-8,8
59472,105,109,-4,4
59473,51,49,2,2
59474,109,115,-6,6
59475,91,106,-15,15
59476,70,75,-5,5
59477,129,128,1,1
59478,106,89,17,17
59479,82,72,10,10
59480,54,47,7,7
59481,151,158,-7,7
59482,120,115,5,5
59483,151,131,20,20
59484,96,105,-9,9
59485,62,64,-2,2
59486,165,161,4,4
59487,138,131,7,7
59488,128,116,12,12
59489,80,57,23,23
59490,94,95,-1,1
59491,86,89,-3,3
59492,130,116,14,14
59493,154,134,20,20
59494,81,74,7,7
59495,152,138,14,14
59496,52,67,-15,15
59497,65,65,0,0
59498,109,89,20,20
59499,72,68,4,4
59500,103,100,3,3
59501,112,97,15,15
59502,65,68,-3,3
59503,77,80,-3,3
59504,189,199,-10,10
59505,178,190,-12,12
59506,48,52,-4,4
59507,145,128,17,17
59508,47,62,-15,15
59509,146,147,-1,1
59510,118,116,2,2
59511,78,82,-4,4
59512,93,86,7,7
59513,72,68,4,4
59514,86,83,3,3
59515,118,121,-3,3
59516,87,86,1,1
59517,42,50,-8,8
59518,87,100,-13,13
59519,87,88,-1,1
59520,159,153,6,6
59521,96,92,4,4
59522,50,51,-1,1
59523,76,93,-17,17
59524,111,119,-8,8
59525,140,136,4,4
59526,133,132,1,1
59527,89,97,-8,8
59528,94,52,42,42
59529,60,63,-3,3
59530,67,68,-1,1
59531,166,133,33,33
59532,74,71,3,3
59533,88,85,3,3
59534,113,108,5,5
59535,114,112,2,2
59536,98,84,14,14
59537,52,63,-11,11
59538,109,99,10,10
59539,51,62,-11,11
59540,92,85,7,7
59541,79,91,-12,12
59542,65,65,0,0
59543,80,81,-1,1
59544,130,122,8,8
59545,90,91,-1,1
59546,108,99,9,9
59547,84,89,-5,5
59548,160,155,5,5
59549,53,54,-1,1
59550,62,68,-6,6
59551,65,69,-4,4
59552,65,69,-4,4
59553,61,66,-5,5
59554,35,54,-19,19
59555,113,109,4,4
59556,69,69,0,0
59557,56,57,-1,1
59558,103,107,-4,4
59559,76,67,9,9
59560,106,112,-6,6
59561,157,154,3,3
59562,150,144,6,6
59563,79,80,-1,1
59564,94,89,5,5
59565,59,68,-9,9
59566,135,158,-23,23
59567,91,90,1,1
59568,129,134,-5,5
59569,80,90,-10,10
59570,58,63,-5,5
59571,96,77,19,19
59572,160,161,-1,1
59573,80,80,0,0
59574,55,59,-4,4
59575,101,103,-2,2
59576,85,80,5,5
59577,68,76,-8,8
59578,95,119,-24,24
59579,110,108,2,2
59580,75,83,-8,8
59581,73,83,-10,10
59582,90,88,2,2
59583,78,89,-11,11
59584,148,140,8,8
59585,94,95,-1,1
59586,64,60,4,4
59587,186,160,26,26
59588,40,44,-4,4
59589,74,70,4,4
59590,140,135,5,5
59591,103,108,-5,5
59592,179,157,22,22
59593,209,171,38,38
59594,114,117,-3,3
59595,44,60,-16,16
59596,84,80,4,4
59597,55,58,-3,3
59598,150,141,9,9
59599,64,67,-3,3
59600,61,69,-8,8
59601,89,92,-3,3
59602,129,109,20,20
59603,61,71,-10,10
59604,125,104,21,21
59605,129,112,17,17
59606,94,93,1,1
59607,86,82,4,4
59608,124,143,-19,19
59609,45,49,-4,4
59610,131,116,15,15
59611,89,80,9,9
59612,140,149,-9,9
59613,85,86,-1,1
59614,178,135,43,43
59615,120,110,10,10
59616,135,126,9,9
59617,72,64,8,8
59618,45,38,7,7
59619,63,62,1,1
59620,62,69,-7,7
59621,87,82,5,5
59622,165,168,-3,3
59623,107,128,-21,21
59624,69,80,-11,11
59625,94,93,1,1
59626,58,60,-2,2
59627,105,101,4,4
59628,115,119,-4,4
59629,92,87,5,5
59630,80,82,-2,2
59631,154,131,23,23
59632,61,47,14,14
59633,115,112,3,3
59634,52,59,-7,7
59635,69,64,5,5
59636,58,60,-2,2
59637,92,98,-6,6
59638,56,68,-12,12
59639,94,98,-4,4
59640,70,62,8,8
59641,126,97,29,29
59642,77,76,1,1
59643,77,68,9,9
59644,160,161,-1,1
59645,69,62,7,7
59646,73,68,5,5
59647,72,80,-8,8
59648,72,67,5,5
59649,124,123,1,1
59650,78,71,7,7
59651,81,77,4,4
59652,156,156,0,0
59653,67,66,1,1
59654,118,124,-6,6
59655,79,56,23,23
59656,81,77,4,4
59657,87,88,-1,1
59658,57,68,-11,11
59659,70,126,-56,56
59660,147,72,75,75
59661,141,138,3,3
59662,42,106,-64,64
59663,89,97,-8,8
59664,94,88,6,6
59665,103,98,5,5
59666,100,106,-6,6
59667,56,55,1,1
59668,85,110,-25,25
59669,77,76,1,1
59670,89,101,-12,12
59671,125,152,-27,27
59672,41,44,-3,3
59673,135,114,21,21
59674,70,82,-12,12
59675,51,50,1,1
59676,86,94,-8,8
59677,100,92,8,8
59678,103,103,0,0
59679,62,65,-3,3
59680,153,141,12,12
59681,173,164,9,9
59682,137,148,-11,11
59683,107,92,15,15
59684,161,153,8,8
59685,139,131,8,8
59686,62,53,9,9
59687,71,55,16,16
59688,104,131,-27,27
59689,115,114,1,1
59690,144,145,-1,1
59691,76,67,9,9
59692,168,159,9,9
59693,76,69,7,7
59694,78,83,-5,5
59695,94,114,-20,20
59696,92,108,-16,16
59697,96,88,8,8
59698,131,129,2,2
59699,93,99,-6,6
59700,93,83,10,10
59701,60,65,-5,5
59702,78,77,1,1
59703,72,80,-8,8
59704,141,107,34,34
59705,116,116,0,0
59706,83,79,4,4
59707,78,77,1,1
59708,79,77,2,2
59709,113,123,-10,10
59710,46,64,-18,18
59711,93,94,-1,1
59712,99,87,12,12
59713,103,110,-7,7
59714,98,85,13,13
59715,113,108,5,5
59716,121,146,-25,25
59717,58,53,5,5
59718,92,90,2,2
59719,89,88,1,1
59720,99,101,-2,2
59721,89,88,1,1
59722,79,77,2,2
59723,138,129,9,9
59724,79,79,0,0
59725,73,71,2,2
59726,88,87,1,1
59727,73,82,-9,9
59728,95,95,0,0
59729,104,107,-3,3
59730,77,74,3,3
59731,54,67,-13,13
59732,128,128,0,0
59733,88,90,-2,2
59734,89,71,18,18
59735,100,108,-8,8
59736,132,138,-6,6
59737,73,76,-3,3
59738,69,69,0,0
59739,88,82,6,6
59740,127,134,-7,7
59741,135,149,-14,14
59742,71,70,1,1
59743,133,131,2,2
59744,98,98,0,0
59745,96,81,15,15
59746,121,125,-4,4
59747,110,105,5,5
59748,63,64,-1,1
59749,149,152,-3,3
59750,75,91,-16,16
59751,61,66,-5,5
59752,203,170,33,33
59753,106,113,-7,7
59754,90,76,14,14
59755,111,98,13,13
59756,98,85,13,13
59757,70,83,-13,13
59758,77,69,8,8
59759,65,78,-13,13
59760,110,97,13,13
59761,82,89,-7,7
59762,135,129,6,6
59763,133,139,-6,6
59764,93,94,-1,1
59765,96,114,-18,18
59766,83,82,1,1
59767,83,87,-4,4
59768,114,98,16,16
59769,169,184,-15,15
59770,83,133,-50,50
59771,87,89,-2,2
59772,80,78,2,2
59773,64,66,-2,2
59774,185,173,12,12
59775,110,103,7,7
59776,109,92,17,17
59777,52,45,7,7
59778,103,84,19,19
59779,34,45,-11,11
59780,69,112,-43,43
59781,154,140,14,14
59782,149,143,6,6
59783,81,81,0,0
59784,81,77,4,4
59785,68,60,8,8
59786,93,85,8,8
59787,57,62,-5,5
59788,129,128,1,1
59789,98,90,8,8
59790,117,117,0,0
59791,76,82,-6,6
59792,36,49,-13,13
59793,130,123,7,7
59794,81,80,1,1
59795,72,76,-4,4
59796,76,82,-6,6
59797,63,68,-5,5
59798,97,101,-4,4
59799,61,62,-1,1
59800,85,83,2,2
59801,110,114,-4,4
59802,85,79,6,6
59803,77,98,-21,21
59804,127,116,11,11
59805,49,47,2,2
59806,85,86,-1,1
59807,83,94,-11,11
59808,132,156,-24,24
59809,136,146,-10,10
59810,73,62,11,11
59811,71,76,-5,5
59812,79,74,5,5
59813,88,99,-11,11
59814,70,136,-66,66
59815,75,66,9,9
59816,46,55,-9,9
59817,101,96,5,5
59818,128,151,-23,23
59819,92,98,-6,6
59820,149,118,31,31
59821,122,96,26,26
59822,79,99,-20,20
59823,48,111,-63,63
59824,101,114,-13,13
59825,94,86,8,8
59826,125,113,12,12
59827,91,101,-10,10
59828,78,88,-10,10
59829,121,117,4,4
59830,166,153,13,13
59831,96,88,8,8
59832,124,122,2,2
59833,159,148,11,11
59834,66,71,-5,5
59835,82,75,7,7
59836,75,73,2,2
59837,59,49,10,10
59838,85,81,4,4
59839,99,80,19,19
59840,148,133,15,15
59841,109,102,7,7
59842,81,74,7,7
59843,99,99,0,0
59844,47,55,-8,8
59845,78,76,2,2
59846,85,78,7,7
59847,76,83,-7,7
59848,54,45,9,9
59849,106,109,-3,3
59850,83,83,0,0
59851,66,64,2,2
59852,47,54,-7,7
59853,60,67,-7,7
59854,109,105,4,4
59855,122,126,-4,4
59856,92,89,3,3
59857,102,84,18,18
59858,130,131,-1,1
59859,104,93,11,11
59860,106,91,15,15
59861,74,70,4,4
59862,149,136,13,13
59863,46,58,-12,12
59864,55,53,2,2
59865,81,69,12,12
59866,86,84,2,2
59867,159,149,10,10
59868,49,55,-6,6
59869,76,77,-1,1
59870,109,116,-7,7
59871,88,72,16,16
59872,66,72,-6,6
59873,95,84,11,11
59874,123,123,0,0
59875,49,61,-12,12
59876,60,55,5,5
59877,140,137,3,3
59878,72,61,11,11
59879,103,123,-20,20
59880,88,88,0,0
59881,94,83,11,11
59882,97,94,3,3
59883,112,108,4,4
59884,37,47,-10,10
59885,70,73,-3,3
59886,217,197,20,20
59887,159,133,26,26
59888,86,84,2,2
59889,116,111,5,5
59890,76,70,6,6
59891,159,153,6,6
59892,102,93,9,9
59893,72,66,6,6
59894,102,115,-13,13
59895,94,78,16,16
59896,56,50,6,6
59897,136,139,-3,3
59898,78,76,2,2
59899,75,82,-7,7
59900,138,150,-12,12
59901,79,75,4,4
59902,89,93,-4,4
59903,63,73,-10,10
59904,59,55,4,4
59905,127,117,10,10
59906,100,97,3,3
59907,60,54,6,6
59908,100,98,2,2
59909,108,104,4,4
59910,152,148,4,4
59911,118,123,-5,5
59912,81,75,6,6
59913,49,51,-2,2
59914,90,83,7,7
59915,97,92,5,5
59916,90,86,4,4
59917,138,139,-1,1
59918,116,133,-17,17
59919,86,90,-4,4
59920,106,83,23,23
59921,155,143,12,12
59922,100,96,4,4
59923,66,63,3,3
59924,84,78,6,6
59925,103,105,-2,2
59926,56,73,-17,17
59927,100,96,4,4
59928,93,86,7,7
59929,135,135,0,0
59930,32,40,-8,8
59931,93,99,-6,6
59932,107,123,-16,16
59933,62,59,3,3
59934,59,64,-5,5
59935,91,107,-16,16
59936,75,76,-1,1
59937,73,81,-8,8
59938,96,112,-16,16
59939,115,127,-12,12
59940,63,58,5,5
59941,85,93,-8,8
59942,72,83,-11,11
59943,158,167,-9,9
59944,91,86,5,5
59945,69,72,-3,3
59946,89,112,-23,23
59947,74,77,-3,3
59948,104,203,-99,99
59949,49,56,-7,7
59950,99,88,11,11
59951,127,122,5,5
59952,73,73,0,0
59953,49,63,-14,14
59954,87,87,0,0
59955,157,147,10,10
59956,80,91,-11,11
59957,144,118,26,26
59958,83,88,-5,5
59959,131,141,-10,10
59960,95,107,-12,12
59961,141,140,1,1
59962,89,113,-24,24
59963,59,59,0,0
59964,86,89,-3,3
59965,118,113,5,5
59966,78,77,1,1
59967,148,141,7,7
59968,59,68,-9,9
59969,104,105,-1,1
59970,85,74,11,11
59971,103,116,-13,13
59972,236,191,45,45
59973,66,72,-6,6
59974,50,62,-12,12
59975,77,70,7,7
59976,114,94,20,20
59977,85,74,11,11
59978,88,87,1,1
59979,74,68,6,6
59980,71,71,0,0
59981,155,146,9,9
59982,62,68,-6,6
59983,100,96,4,4
59984,82,92,-10,10
59985,113,113,0,0
59986,104,144,-40,40
59987,104,93,11,11
59988,105,137,-32,32
59989,153,151,2,2
59990,76,70,6,6
59991,85,69,16,16
59992,119,130,-11,11
59993,106,86,20,20
59994,73,77,-4,4
59995,137,119,18,18
59996,79,74,5,5
59997,186,188,-2,2
59998,63,69,-6,6
59999,93,86,7,7
60000,126,142,-16,16
60001,70,66,4,4
60002,128,123,5,5
60003,61,61,0,0
60004,83,72,11,11
60005,108,91,17,17
60006,87,92,-5,5
60007,97,103,-6,6
60008,62,65,-3,3
60009,129,124,5,5
60010,124,124,0,0
60011,63,70,-7,7
60012,138,143,-5,5
60013,53,51,2,2
60014,76,57,19,19
60015,138,153,-15,15
60016,123,124,-1,1
60017,57,48,9,9
60018,83,87,-4,4
60019,96,104,-8,8
60020,119,127,-8,8
60021,72,63,9,9
60022,78,82,-4,4
60023,106,90,16,16
60024,83,70,13,13
60025,71,64,7,7
60026,205,170,35,35
60027,59,54,5,5
60028,57,50,7,7
60029,90,100,-10,10
60030,34,131,-97,97
60031,215,164,51,51
60032,85,90,-5,5
60033,158,143,15,15
60034,136,128,8,8
60035,55,50,5,5
60036,119,112,7,7
60037,109,155,-46,46
60038,57,51,6,6
60039,92,78,14,14
60040,99,102,-3,3
60041,95,93,2,2
60042,74,69,5,5
60043,84,78,6,6
60044,107,93,14,14
60045,78,60,18,18
60046,64,59,5,5
60047,66,82,-16,16
60048,88,80,8,8
60049,135,120,15,15
60050,139,127,12,12
60051,126,150,-24,24
60052,82,73,9,9
60053,70,64,6,6
60054,81,84,-3,3
60055,60,57,3,3
60056,56,51,5,5
60057,131,138,-7,7
60058,59,63,-4,4
60059,83,70,13,13
60060,145,147,-2,2
60061,86,73,13,13
60062,102,100,2,2
60063,77,79,-2,2
60064,136,137,-1,1
60065,68,77,-9,9
60066,81,78,3,3
60067,82,74,8,8
60068,85,82,3,3
60069,121,129,-8,8
60070,69,79,-10,10
60071,56,56,0,0
60072,170,160,10,10
60073,123,132,-9,9
60074,71,72,-1,1
60075,77,82,-5,5
60076,140,129,11,11
60077,141,134,7,7
60078,98,94,4,4
60079,93,89,4,4
60080,69,87,-18,18
60081,104,97,7,7
60082,53,56,-3,3
60083,75,82,-7,7
60084,120,116,4,4
60085,86,88,-2,2
60086,98,94,4,4
60087,84,77,7,7
60088,88,110,-22,22
60089,113,123,-10,10
60090,74,76,-2,2
60091,91,97,-6,6
60092,149,154,-5,5
60093,82,76,6,6
60094,84,76,8,8
60095,195,205,-10,10
60096,117,128,-11,11
60097,120,121,-1,1
60098,180,174,6,6
60099,80,96,-16,16
60100,122,117,5,5
60101,135,115,20,20
60102,159,162,-3,3
60103,107,103,4,4
60104,76,79,-3,3
60105,85,80,5,5
60106,87,83,4,4
60107,88,96,-8,8
60108,41,45,-4,4
60109,78,64,14,14
60110,61,68,-7,7
60111,87,87,0,0
60112,129,125,4,4
60113,84,79,5,5
60114,142,116,26,26
60115,126,126,0,0
60116,89,94,-5,5
60117,74,68,6,6
60118,51,40,11,11
60119,141,129,12,12
60120,83,72,11,11
60121,120,162,-42,42
60122,144,136,8,8
60123,67,74,-7,7
60124,82,91,-9,9
60125,67,69,-2,2
60126,85,74,11,11
60127,62,56,6,6
60128,106,106,0,0
60129,59,60,-1,1
60130,73,77,-4,4
60131,145,152,-7,7
60132,65,62,3,3
60133,72,69,3,3
60134,118,116,2,2
60135,105,113,-8,8
60136,71,75,-4,4
60137,96,99,-3,3
60138,111,114,-3,3
60139,73,91,-18,18
60140,88,82,6,6
60141,210,215,-5,5
60142,104,96,8,8
60143,76,66,10,10
60144,43,53,-10,10
60145,110,96,14,14
60146,93,82,11,11
60147,114,119,-5,5
60148,190,177,13,13
60149,87,82,5,5
60150,85,84,1,1
60151,95,104,-9,9
60152,97,122,-25,25
60153,58,82,-24,24
60154,126,134,-8,8
60155,145,130,15,15
60156,61,60,1,1
60157,113,94,19,19
60158,42,44,-2,2
60159,108,99,9,9
60160,93,80,13,13
60161,157,167,-10,10
60162,75,69,6,6
60163,59,69,-10,10
60164,101,80,21,21
60165,83,68,15,15
60166,95,98,-3,3
60167,100,87,13,13
60168,69,70,-1,1
60169,108,115,-7,7
60170,79,82,-3,3
60171,105,101,4,4
60172,98,109,-11,11
60173,123,133,-10,10
60174,103,110,-7,7
60175,158,157,1,1
60176,98,96,2,2
60177,128,123,5,5
60178,54,45,9,9
60179,54,71,-17,17
60180,86,83,3,3
60181,119,113,6,6
60182,67,62,5,5
60183,114,119,-5,5
60184,104,112,-8,8
60185,81,88,-7,7
60186,84,83,1,1
60187,86,91,-5,5
60188,93,95,-2,2
60189,75,56,19,19
60190,69,68,1,1
60191,96,83,13,13
60192,117,110,7,7
60193,164,160,4,4
60194,121,114,7,7
60195,93,86,7,7
60196,91,80,11,11
60197,144,136,8,8
60198,101,101,0,0
60199,135,113,22,22
60200,102,99,3,3
60201,83,86,-3,3
60202,88,77,11,11
60203,101,109,-8,8
60204,102,110,-8,8
60205,102,105,-3,3
60206,105,107,-2,2
60207,99,104,-5,5
60208,151,147,4,4
60209,67,63,4,4
60210,164,133,31,31
60211,85,86,-1,1
60212,89,96,-7,7
60213,59,57,2,2
60214,94,80,14,14
60215,123,123,0,0
60216,79,101,-22,22
60217,74,71,3,3
60218,176,168,8,8
60219,59,60,-1,1
60220,100,98,2,2
60221,123,114,9,9
60222,104,97,7,7
60223,145,144,1,1
60224,97,97,0,0
60225,175,167,8,8
60226,63,62,1,1
60227,124,68,56,56
60228,68,62,6,6
60229,139,126,13,13
60230,78,76,2,2
60231,79,101,-22,22
60232,48,50,-2,2
60233,141,149,-8,8
60234,136,120,16,16
60235,123,123,0,0
60236,85,83,2,2
60237,128,126,2,2
60238,97,94,3,3
60239,63,65,-2,2
60240,141,154,-13,13
60241,87,80,7,7
60242,93,112,-19,19
60243,54,48,6,6
60244,133,122,11,11
60245,50,52,-2,2
60246,71,73,-2,2
60247,75,65,10,10
60248,165,173,-8,8
60249,64,60,4,4
60250,95,83,12,12
60251,65,62,3,3
60252,106,98,8,8
60253,91,78,13,13
60254,70,80,-10,10
60255,124,123,1,1
60256,48,62,-14,14
60257,74,73,1,1
60258,64,62,2,2
60259,104,95,9,9
60260,82,87,-5,5
60261,82,82,0,0
60262,147,156,-9,9
60263,123,115,8,8
60264,81,91,-10,10
60265,146,151,-5,5
60266,88,90,-2,2
60267,78,92,-14,14
60268,118,125,-7,7
60269,160,160,0,0
60270,176,167,9,9
60271,133,115,18,18
60272,122,134,-12,12
60273,74,78,-4,4
60274,75,72,3,3
60275,116,122,-6,6
60276,116,114,2,2
60277,126,129,-3,3
60278,53,50,3,3
60279,58,76,-18,18
60280,169,155,14,14
60281,100,112,-12,12
60282,56,61,-5,5
60283,63,66,-3,3
60284,58,60,-2,2
60285,56,61,-5,5
60286,131,129,2,2
60287,74,74,0,0
60288,143,136,7,7
60289,127,129,-2,2
60290,98,91,7,7
60291,60,53,7,7
60292,65,105,-40,40
60293,76,63,13,13
60294,72,65,7,7
60295,83,81,2,2
60296,41,41,0,0
60297,91,101,-10,10
60298,125,132,-7,7
60299,119,129,-10,10
60300,92,82,10,10
60301,100,117,-17,17
60302,125,127,-2,2
60303,95,91,4,4
60304,108,95,13,13
60305,118,121,-3,3
60306,124,137,-13,13
60307,31,35,-4,4
60308,175,173,2,2
60309,122,122,0,0
60310,117,117,0,0
60311,30,46,-16,16
60312,184,158,26,26
60313,93,92,1,1
60314,98,95,3,3
60315,82,76,6,6
60316,91,88,3,3
60317,67,78,-11,11
60318,103,89,14,14
60319,127,136,-9,9
60320,64,61,3,3
60321,70,79,-9,9
60322,68,69,-1,1
60323,87,102,-15,15
60324,103,97,6,6
60325,91,82,9,9
60326,77,66,11,11
60327,70,57,13,13
60328,90,90,0,0
60329,64,69,-5,5
60330,53,51,2,2
60331,87,81,6,6
60332,112,111,1,1
60333,91,78,13,13
60334,132,139,-7,7
60335,116,112,4,4
60336,99,103,-4,4
60337,80,67,13,13
60338,125,129,-4,4
60339,83,75,8,8
60340,123,134,-11,11
60341,126,111,15,15
60342,114,116,-2,2
60343,139,133,6,6
60344,135,151,-16,16
60345,61,58,3,3
60346,70,66,4,4
60347,112,103,9,9
60348,79,76,3,3
60349,58,64,-6,6
60350,131,146,-15,15
60351,154,144,10,10
60352,85,85,0,0
60353,116,101,15,15
60354,71,74,-3,3
60355,62,76,-14,14
60356,72,72,0,0
60357,137,146,-9,9
60358,152,152,0,0
60359,85,92,-7,7
60360,63,67,-4,4
60361,67,58,9,9
60362,108,110,-2,2
60363,120,131,-11,11
60364,103,104,-1,1
60365,96,102,-6,6
60366,108,117,-9,9
60367,49,96,-47,47
60368,83,83,0,0
60369,91,80,11,11
60370,112,112,0,0
60371,148,130,18,18
60372,110,121,-11,11
60373,90,77,13,13
60374,71,51,20,20
60375,95,102,-7,7
60376,78,72,6,6
60377,102,113,-11,11
60378,99,98,1,1
60379,71,71,0,0
60380,103,108,-5,5
60381,75,81,-6,6
60382,128,137,-9,9
60383,37,49,-12,12
60384,82,69,13,13
60385,82,87,-5,5
60386,105,122,-17,17
60387,96,89,7,7
60388,57,48,9,9
60389,135,143,-8,8
60390,87,77,10,10
60391,75,85,-10,10
60392,75,82,-7,7
60393,127,118,9,9
60394,105,106,-1,1
60395,61,63,-2,2
60396,66,92,-26,26
60397,140,130,10,10
60398,129,124,5,5
60399,150,151,-1,1
60400,109,107,2,2
60401,115,110,5,5
60402,118,113,5,5
60403,58,48,10,10
60404,79,64,15,15
60405,28,36,-8,8
60406,173,156,17,17
60407,89,97,-8,8
60408,95,71,24,24
60409,71,79,-8,8
60410,87,92,-5,5
60411,77,68,9,9
60412,106,111,-5,5
60413,88,94,-6,6
60414,74,86,-12,12
60415,66,121,-55,55
60416,64,84,-20,20
60417,115,118,-3,3
60418,59,64,-5,5
60419,142,142,0,0
60420,73,69,4,4
60421,138,132,6,6
60422,110,95,15,15
60423,81,88,-7,7
60424,143,144,-1,1
60425,137,137,0,0
60426,177,164,13,13
60427,100,97,3,3
60428,112,113,-1,1
60429,136,141,-5,5
60430,48,46,2,2
60431,112,124,-12,12
60432,115,112,3,3
60433,134,129,5,5
60434,97,96,1,1
60435,86,70,16,16
60436,115,106,9,9
60437,80,71,9,9
60438,157,151,6,6
60439,59,58,1,1
60440,118,118,0,0
60441,64,71,-7,7
60442,123,128,-5,5
60443,70,73,-3,3
60444,60,60,0,0
60445,76,87,-11,11
60446,161,148,13,13
60447,129,139,-10,10
60448,66,60,6,6
60449,104,88,16,16
60450,86,81,5,5
60451,53,44,9,9
60452,76,76,0,0
60453,202,177,25,25
60454,81,75,6,6
60455,136,133,3,3
60456,80,63,17,17
60457,54,54,0,0
60458,71,54,17,17
60459,37,45,-8,8
60460,92,96,-4,4
60461,81,121,-40,40
60462,94,117,-23,23
60463,116,109,7,7
60464,89,93,-4,4
60465,123,115,8,8
60466,95,92,3,3
60467,114,106,8,8
60468,134,151,-17,17
60469,153,155,-2,2
60470,82,73,9,9
60471,104,91,13,13
60472,101,103,-2,2
60473,73,53,20,20
60474,121,122,-1,1
60475,147,116,31,31
60476,70,72,-2,2
60477,126,141,-15,15
60478,284,205,79,79
60479,124,146,-22,22
60480,107,105,2,2
60481,78,72,6,6
60482,116,112,4,4
60483,139,149,-10,10
60484,127,138,-11,11
60485,61,67,-6,6
60486,56,57,-1,1
60487,105,100,5,5
60488,68,69,-1,1
60489,101,94,7,7
60490,64,64,0,0
60491,70,74,-4,4
60492,129,133,-4,4
60493,86,92,-6,6
60494,71,57,14,14
60495,57,87,-30,30
60496,63,86,-23,23
60497,100,88,12,12
60498,138,143,-5,5
60499,143,135,8,8
60500,123,120,3,3
60501,114,120,-6,6
60502,69,73,-4,4
60503,71,64,7,7
60504,65,51,14,14
60505,94,106,-12,12
60506,73,82,-9,9
60507,77,73,4,4
60508,68,75,-7,7
60509,126,113,13,13
60510,133,135,-2,2
60511,111,141,-30,30
60512,80,70,10,10
60513,74,77,-3,3
60514,91,87,4,4
60515,111,126,-15,15
60516,100,104,-4,4
60517,191,164,27,27
60518,124,112,12,12
60519,55,62,-7,7
60520,113,105,8,8
60521,34,55,-21,21
60522,108,100,8,8
60523,74,75,-1,1
60524,163,136,27,27
60525,135,134,1,1
60526,86,101,-15,15
60527,122,130,-8,8
60528,135,132,3,3
60529,68,80,-12,12
60530,75,68,7,7
60531,127,137,-10,10
60532,65,86,-21,21
60533,83,85,-2,2
60534,103,89,14,14
60535,79,79,0,0
60536,77,68,9,9
60537,116,105,11,11
60538,123,122,1,1
60539,70,59,11,11
60540,66,81,-15,15
60541,102,105,-3,3
60542,108,142,-34,34
60543,64,64,0,0
60544,116,124,-8,8
60545,154,156,-2,2
60546,78,82,-4,4
60547,97,108,-11,11
60548,64,71,-7,7
60549,109,109,0,0
60550,109,93,16,16
60551,110,114,-4,4
60552,124,117,7,7
60553,50,44,6,6
60554,75,71,4,4
60555,112,114,-2,2
60556,72,76,-4,4
60557,113,104,9,9
60558,70,72,-2,2
60559,112,81,31,31
60560,71,70,1,1
60561,117,118,-1,1
60562,88,74,14,14
60563,88,73,15,15
60564,96,94,2,2
60565,114,123,-9,9
60566,46,50,-4,4
60567,82,89,-7,7
60568,77,70,7,7
60569,68,113,-45,45
60570,79,85,-6,6
60571,78,70,8,8
60572,48,55,-7,7
60573,55,51,4,4
60574,110,121,-11,11
60575,106,103,3,3
60576,88,83,5,5
60577,90,100,-10,10
60578,84,95,-11,11
60579,78,80,-2,2
60580,108,117,-9,9
60581,52,71,-19,19
60582,162,160,2,2
60583,46,56,-10,10
60584,100,104,-4,4
60585,95,89,6,6
60586,138,133,5,5
60587,53,58,-5,5
60588,100,91,9,9
60589,93,90,3,3
60590,90,115,-25,25
60591,103,87,16,16
60592,92,81,11,11
60593,52,42,10,10
60594,104,109,-5,5
60595,49,51,-2,2
60596,82,68,14,14
60597,104,102,2,2
60598,167,167,0,0
60599,58,62,-4,4
60600,79,77,2,2
60601,75,66,9,9
60602,70,74,-4,4
60603,78,84,-6,6
60604,70,61,9,9
60605,130,133,-3,3
60606,90,90,0,0
60607,68,60,8,8
60608,97,98,-1,1
60609,83,74,9,9
60610,51,54,-3,3
60611,70,75,-5,5
60612,35,111,-76,76
60613,24,138,-114,114
60614,113,105,8,8
60615,133,132,1,1
60616,90,107,-17,17
60617,84,85,-1,1
60618,86,80,6,6
60619,63,59,4,4
60620,51,49,2,2
60621,153,147,6,6
60622,113,119,-6,6
60623,47,39,8,8
60624,111,101,10,10
60625,67,59,8,8
60626,51,78,-27,27
60627,57,69,-12,12
60628,67,55,12,12
60629,149,150,-1,1
60630,71,65,6,6
60631,100,116,-16,16
60632,94,92,2,2
60633,61,69,-8,8
60634,100,84,16,16
60635,147,157,-10,10
60636,92,96,-4,4
60637,79,74,5,5
60638,95,94,1,1
60639,155,159,-4,4
60640,88,77,11,11
60641,149,110,39,39
60642,128,122,6,6
60643,73,64,9,9
60644,124,115,9,9
60645,78,79,-1,1
60646,73,79,-6,6
60647,104,96,8,8
60648,124,81,43,43
60649,65,66,-1,1
60650,98,99,-1,1
60651,100,92,8,8
60652,79,66,13,13
60653,216,159,57,57
60654,77,80,-3,3
60655,64,71,-7,7
60656,43,66,-23,23
60657,124,123,1,1
60658,87,84,3,3
60659,98,103,-5,5
60660,91,86,5,5
60661,81,79,2,2
60662,109,119,-10,10
60663,61,77,-16,16
60664,86,84,2,2
60665,126,121,5,5
60666,85,73,12,12
60667,94,124,-30,30
60668,68,73,-5,5
60669,77,75,2,2
60670,72,67,5,5
60671,107,98,9,9
60672,83,76,7,7
60673,116,121,-5,5
60674,59,60,-1,1
60675,53,56,-3,3
60676,137,139,-2,2
60677,128,122,6,6
60678,97,96,1,1
60679,97,103,-6,6
60680,75,68,7,7
60681,107,92,15,15
60682,96,98,-2,2
60683,139,136,3,3
60684,62,62,0,0
60685,90,95,-5,5
60686,104,109,-5,5
60687,124,122,2,2
60688,107,177,-70,70
60689,124,125,-1,1
60690,105,114,-9,9
60691,134,134,0,0
60692,122,113,9,9
60693,70,75,-5,5
60694,152,140,12,12
60695,95,102,-7,7
60696,67,84,-17,17
60697,109,104,5,5
60698,170,186,-16,16
60699,80,82,-2,2
60700,88,85,3,3
60701,131,105,26,26
60702,84,83,1,1
60703,97,96,1,1
60704,149,132,17,17
60705,79,91,-12,12
60706,93,100,-7,7
60707,81,90,-9,9
60708,125,133,-8,8
60709,82,84,-2,2
60710,79,81,-2,2
60711,65,58,7,7
60712,95,95,0,0
60713,111,114,-3,3
60714,113,115,-2,2
60715,119,129,-10,10
60716,68,71,-3,3
60717,135,121,14,14
60718,102,90,12,12
60719,96,110,-14,14
60720,107,100,7,7
60721,86,76,10,10
60722,158,137,21,21
60723,141,135,6,6
60724,129,133,-4,4
60725,49,43,6,6
60726,149,143,6,6
60727,114,108,6,6
60728,40,48,-8,8
60729,55,52,3,3
60730,85,71,14,14
60731,65,68,-3,3
60732,97,109,-12,12
60733,148,139,9,9
60734,141,130,11,11
60735,69,70,-1,1
60736,80,92,-12,12
60737,158,139,19,19
60738,75,68,7,7
60739,88,90,-2,2
60740,110,98,12,12
60741,82,89,-7,7
60742,58,62,-4,4
60743,76,67,9,9
60744,48,62,-14,14
60745,106,82,24,24
60746,108,104,4,4
60747,191,155,36,36
60748,100,85,15,15
60749,58,52,6,6
60750,117,128,-11,11
60751,233,197,36,36
60752,78,69,9,9
60753,83,72,11,11
60754,66,77,-11,11
60755,55,66,-11,11
60756,77,87,-10,10
60757,102,93,9,9
60758,62,64,-2,2
60759,71,73,-2,2
60760,139,137,2,2
60761,132,142,-10,10
60762,94,93,1,1
60763,107,120,-13,13
60764,60,66,-6,6
60765,94,124,-30,30
60766,72,60,12,12
60767,86,86,0,0
60768,75,74,1,1
60769,87,81,6,6
60770,148,140,8,8
60771,120,107,13,13
60772,68,68,0,0
60773,81,79,2,2
60774,222,204,18,18
60775,68,63,5,5
60776,103,103,0,0
60777,133,102,31,31
60778,135,109,26,26
60779,97,90,7,7
60780,56,72,-16,16
60781,73,70,3,3
60782,110,127,-17,17
60783,116,115,1,1
60784,46,49,-3,3
60785,119,114,5,5
60786,42,44,-2,2
60787,71,85,-14,14
60788,80,74,6,6
60789,87,91,-4,4
60790,73,70,3,3
60791,99,90,9,9
60792,36,37,-1,1
60793,70,61,9,9
60794,55,54,1,1
60795,104,103,1,1
60796,135,131,4,4
60797,103,99,4,4
60798,83,79,4,4
60799,87,71,16,16
60800,78,61,17,17
60801,68,75,-7,7
60802,70,76,-6,6
60803,112,104,8,8
60804,99,103,-4,4
60805,103,106,-3,3
60806,87,77,10,10
60807,105,103,2,2
60808,94,91,3,3
60809,185,169,16,16
60810,167,154,13,13
60811,67,68,-1,1
60812,98,67,31,31
60813,109,113,-4,4
60814,139,140,-1,1
60815,88,89,-1,1
60816,117,108,9,9
60817,101,123,-22,22
60818,124,132,-8,8
60819,182,151,31,31
60820,198,161,37,37
60821,115,106,9,9
60822,92,101,-9,9
60823,77,76,1,1
60824,104,106,-2,2
60825,75,74,1,1
60826,93,80,13,13
60827,173,169,4,4
60828,121,122,-1,1
60829,141,88,53,53
60830,66,74,-8,8
60831,72,70,2,2
60832,104,109,-5,5
60833,103,98,5,5
60834,81,68,13,13
60835,122,101,21,21
60836,131,117,14,14
60837,58,52,6,6
60838,106,104,2,2
60839,119,106,13,13
60840,57,48,9,9
60841,77,75,2,2
60842,67,58,9,9
60843,85,77,8,8
60844,62,74,-12,12
60845,140,133,7,7
60846,72,72,0,0
60847,125,145,-20,20
60848,166,158,8,8
60849,133,130,3,3
60850,101,80,21,21
60851,156,156,0,0
60852,68,65,3,3
60853,70,66,4,4
60854,127,131,-4,4
60855,89,88,1,1
60856,111,92,19,19
60857,154,148,6,6
60858,91,87,4,4
60859,59,69,-10,10
60860,105,105,0,0
60861,108,131,-23,23
60862,87,96,-9,9
60863,143,145,-2,2
60864,88,85,3,3
60865,83,90,-7,7
60866,105,100,5,5
60867,96,102,-6,6
60868,95,82,13,13
60869,104,113,-9,9
60870,97,125,-28,28
60871,111,112,-1,1
60872,93,86,7,7
60873,54,53,1,1
60874,90,92,-2,2
60875,52,73,-21,21
60876,85,77,8,8
60877,114,117,-3,3
60878,152,170,-18,18
60879,79,48,31,31
60880,118,130,-12,12
60881,85,76,9,9
60882,94,78,16,16
60883,49,48,1,1
60884,56,56,0,0
60885,156,148,8,8
60886,55,57,-2,2
60887,116,130,-14,14
60888,84,80,4,4
60889,105,100,5,5
60890,122,116,6,6
60891,80,92,-12,12
60892,89,69,20,20
60893,117,114,3,3
60894,50,48,2,2
60895,65,71,-6,6
60896,115,123,-8,8
60897,78,78,0,0
60898,112,113,-1,1
60899,84,71,13,13
60900,144,144,0,0
60901,95,87,8,8
60902,125,130,-5,5
60903,115,141,-26,26
60904,76,62,14,14
60905,119,118,1,1
60906,133,147,-14,14
60907,90,78,12,12
60908,112,108,4,4
60909,76,70,6,6
60910,147,131,16,16
60911,55,69,-14,14
60912,131,121,10,10
60913,116,105,11,11
60914,84,79,5,5
60915,72,70,2,2
60916,73,73,0,0
60917,43,44,-1,1
60918,73,76,-3,3
60919,82,88,-6,6
60920,56,60,-4,4
60921,99,94,5,5
60922,105,104,1,1
60923,79,72,7,7
60924,138,121,17,17
60925,111,115,-4,4
60926,36,67,-31,31
60927,138,137,1,1
60928,89,93,-4,4
60929,93,81,12,12
60930,132,138,-6,6
60931,108,102,6,6
60932,66,61,5,5
60933,71,77,-6,6
60934,65,67,-2,2
60935,200,186,14,14
60936,72,105,-33,33
60937,232,209,23,23
60938,75,80,-5,5
60939,186,171,15,15
60940,125,118,7,7
60941,95,108,-13,13
60942,203,149,54,54
60943,176,151,25,25
60944,129,120,9,9
60945,76,74,2,2
60946,143,139,4,4
60947,49,58,-9,9
60948,92,93,-1,1
60949,92,86,6,6
60950,75,76,-1,1
60951,105,92,13,13
60952,155,130,25,25
60953,95,96,-1,1
60954,86,96,-10,10
60955,132,124,8,8
60956,46,51,-5,5
60957,69,72,-3,3
60958,58,62,-4,4
60959,140,136,4,4
60960,70,61,9,9
60961,89,89,0,0
60962,84,62,22,22
60963,124,120,4,4
60964,71,65,6,6
60965,127,120,7,7
60966,69,70,-1,1
60967,111,97,14,14
60968,125,118,7,7
60969,85,88,-3,3
60970,76,82,-6,6
60971,85,81,4,4
60972,55,58,-3,3
60973,92,90,2,2
60974,182,161,21,21
60975,89,85,4,4
60976,102,95,7,7
60977,113,126,-13,13
60978,131,145,-14,14
60979,133,141,-8,8
60980,98,103,-5,5
60981,154,141,13,13
60982,99,100,-1,1
60983,114,113,1,1
60984,110,96,14,14
60985,125,116,9,9
60986,52,60,-8,8
60987,42,40,2,2
60988,80,76,4,4
60989,83,80,3,3
60990,143,136,7,7
60991,56,51,5,5
60992,131,135,-4,4
60993,112,134,-22,22
60994,110,110,0,0
60995,104,100,4,4
60996,71,75,-4,4
60997,36,42,-6,6
60998,57,65,-8,8
60999,72,84,-12,12
61000,119,104,15,15
61001,194,167,27,27
61002,107,95,12,12
61003,123,118,5,5
61004,87,79,8,8
61005,157,157,0,0
61006,75,70,5,5
61007,94,96,-2,2
61008,85,78,7,7
61009,85,95,-10,10
61010,44,61,-17,17
61011,78,75,3,3
61012,97,67,30,30
61013,34,80,-46,46
61014,38,44,-6,6
61015,93,90,3,3
61016,113,105,8,8
61017,130,125,5,5
61018,46,52,-6,6
61019,94,98,-4,4
61020,144,138,6,6
61021,60,59,1,1
61022,110,104,6,6
61023,78,76,2,2
61024,172,157,15,15
61025,117,146,-29,29
61026,60,71,-11,11
61027,114,95,19,19
61028,136,143,-7,7
61029,130,139,-9,9
61030,140,126,14,14
61031,58,58,0,0
61032,87,91,-4,4
61033,154,150,4,4
61034,84,82,2,2
61035,78,61,17,17
61036,224,277,-53,53
61037,77,76,1,1
61038,114,112,2,2
61039,64,67,-3,3
61040,145,133,12,12
61041,62,62,0,0
61042,123,119,4,4
61043,126,126,0,0
61044,59,76,-17,17
61045,59,72,-13,13
61046,65,76,-11,11
61047,81,84,-3,3
61048,104,95,9,9
61049,94,91,3,3
61050,131,123,8,8
61051,60,52,8,8
61052,111,101,10,10
61053,159,143,16,16
61054,145,140,5,5
61055,67,54,13,13
61056,114,110,4,4
61057,82,74,8,8
61058,93,96,-3,3
61059,53,55,-2,2
61060,83,90,-7,7
61061,101,103,-2,2
61062,112,129,-17,17
61063,71,60,11,11
61064,86,71,15,15
61065,49,104,-55,55
61066,59,78,-19,19
61067,125,120,5,5
61068,157,149,8,8
61069,90,93,-3,3
61070,160,161,-1,1
61071,128,113,15,15
61072,78,94,-16,16
61073,153,146,7,7
61074,87,73,14,14
61075,133,127,6,6
61076,96,97,-1,1
61077,88,102,-14,14
61078,69,74,-5,5
61079,150,170,-20,20
61080,134,127,7,7
61081,122,120,2,2
61082,91,91,0,0
61083,156,140,16,16
61084,76,80,-4,4
61085,44,41,3,3
61086,117,126,-9,9
61087,110,100,10,10
61088,101,84,17,17
61089,81,78,3,3
61090,52,52,0,0
61091,164,158,6,6
61092,40,44,-4,4
61093,80,85,-5,5
61094,129,123,6,6
61095,131,131,0,0
61096,87,88,-1,1
61097,79,75,4,4
61098,110,109,1,1
61099,120,120,0,0
61100,100,111,-11,11
61101,113,122,-9,9
61102,97,116,-19,19
61103,75,69,6,6
61104,85,99,-14,14
61105,49,39,10,10
61106,103,122,-19,19
61107,177,163,14,14
61108,94,91,3,3
61109,130,139,-9,9
61110,72,63,9,9
61111,158,137,21,21
61112,47,52,-5,5
61113,74,84,-10,10
61114,101,113,-12,12
61115,51,53,-2,2
61116,83,70,13,13
61117,142,147,-5,5
61118,58,67,-9,9
61119,83,84,-1,1
61120,45,42,3,3
61121,138,143,-5,5
61122,152,134,18,18
61123,101,101,0,0
61124,77,67,10,10
61125,52,82,-30,30
61126,89,84,5,5
61127,149,140,9,9
61128,78,73,5,5
61129,146,145,1,1
61130,122,123,-1,1
61131,88,82,6,6
61132,131,131,0,0
61133,67,71,-4,4
61134,107,88,19,19
61135,139,141,-2,2
61136,164,142,22,22
61137,134,120,14,14
61138,71,60,11,11
61139,87,94,-7,7
61140,68,56,12,12
61141,56,114,-58,58
61142,118,110,8,8
61143,101,101,0,0
61144,75,69,6,6
61145,127,133,-6,6
61146,85,83,2,2
61147,57,102,-45,45
61148,37,54,-17,17
61149,116,124,-8,8
61150,108,104,4,4
61151,137,129,8,8
61152,58,60,-2,2
61153,67,84,-17,17
61154,106,111,-5,5
61155,132,133,-1,1
61156,102,93,9,9
61157,115,129,-14,14
61158,85,86,-1,1
61159,107,102,5,5
61160,49,65,-16,16
61161,139,131,8,8
61162,126,132,-6,6
61163,135,146,-11,11
61164,69,72,-3,3
61165,88,83,5,5
61166,117,110,7,7
61167,77,87,-10,10
61168,51,58,-7,7
61169,92,112,-20,20
61170,80,81,-1,1
61171,82,82,0,0
61172,157,151,6,6
61173,83,88,-5,5
61174,136,138,-2,2
61175,147,139,8,8
61176,49,50,-1,1
61177,86,86,0,0
61178,125,119,6,6
61179,73,67,6,6
61180,99,117,-18,18
61181,102,102,0,0
61182,101,105,-4,4
61183,109,97,12,12
61184,126,119,7,7
61185,142,124,18,18
61186,62,63,-1,1
61187,113,113,0,0
61188,149,128,21,21
61189,61,78,-17,17
61190,66,71,-5,5
61191,122,111,11,11
61192,89,84,5,5
61193,76,81,-5,5
61194,74,84,-10,10
61195,61,67,-6,6
61196,44,43,1,1
61197,107,117,-10,10
61198,104,98,6,6
61199,109,108,1,1
61200,140,137,3,3
61201,43,55,-12,12
61202,40,45,-5,5
61203,223,174,49,49
61204,95,89,6,6
61205,47,54,-7,7
61206,71,69,2,2
61207,121,105,16,16
61208,119,120,-1,1
61209,135,125,10,10
61210,78,69,9,9
61211,96,88,8,8
61212,71,63,8,8
61213,71,82,-11,11
61214,108,136,-28,28
61215,64,59,5,5
61216,169,174,-5,5
61217,80,72,8,8
61218,78,83,-5,5
61219,100,98,2,2
61220,90,89,1,1
61221,108,101,7,7
61222,84,83,1,1
61223,150,154,-4,4
61224,91,129,-38,38
61225,55,81,-26,26
61226,83,70,13,13
61227,119,139,-20,20
61228,86,91,-5,5
61229,101,108,-7,7
61230,89,76,13,13
61231,80,88,-8,8
61232,116,111,5,5
61233,146,143,3,3
61234,64,70,-6,6
61235,175,163,12,12
61236,139,144,-5,5
61237,79,77,2,2
61238,120,115,5,5
61239,84,87,-3,3
61240,132,141,-9,9
61241,71,73,-2,2
61242,104,89,15,15
61243,60,63,-3,3
61244,171,121,50,50
61245,93,85,8,8
61246,132,126,6,6
61247,55,55,0,0
61248,74,55,19,19
61249,126,125,1,1
61250,75,76,-1,1
61251,45,48,-3,3
61252,95,101,-6,6
61253,154,125,29,29
61254,143,140,3,3
61255,111,111,0,0
61256,97,97,0,0
61257,203,203,0,0
61258,42,42,0,0
61259,49,45,4,4
61260,111,112,-1,1
61261,76,63,13,13
61262,79,74,5,5
61263,70,81,-11,11
61264,57,72,-15,15
61265,60,59,1,1
61266,119,112,7,7
61267,76,80,-4,4
61268,72,59,13,13
61269,124,100,24,24
61270,138,120,18,18
61271,118,126,-8,8
61272,119,110,9,9
61273,94,74,20,20
61274,113,137,-24,24
61275,69,90,-21,21
61276,106,111,-5,5
61277,41,53,-12,12
61278,88,76,12,12
61279,124,132,-8,8
61280,51,54,-3,3
61281,70,77,-7,7
61282,112,112,0,0
61283,100,105,-5,5
61284,143,133,10,10
61285,87,93,-6,6
61286,61,70,-9,9
61287,64,70,-6,6
61288,130,142,-12,12
61289,81,75,6,6
61290,73,66,7,7
61291,47,54,-7,7
61292,99,111,-12,12
61293,95,82,13,13
61294,105,108,-3,3
61295,126,132,-6,6
61296,108,98,10,10
61297,67,76,-9,9
61298,72,68,4,4
61299,65,51,14,14
61300,109,110,-1,1
61301,52,56,-4,4
61302,122,113,9,9
61303,59,53,6,6
61304,117,126,-9,9
61305,79,68,11,11
61306,46,48,-2,2
61307,64,78,-14,14
61308,71,88,-17,17
61309,60,67,-7,7
61310,70,64,6,6
61311,114,115,-1,1
61312,101,104,-3,3
61313,138,134,4,4
61314,98,93,5,5
61315,92,92,0,0
61316,196,189,7,7
61317,109,118,-9,9
61318,55,59,-4,4
61319,166,167,-1,1
61320,68,76,-8,8
61321,61,59,2,2
61322,79,75,4,4
61323,86,83,3,3
61324,90,78,12,12
61325,128,123,5,5
61326,102,96,6,6
61327,118,100,18,18
61328,86,92,-6,6
61329,105,105,0,0
61330,78,69,9,9
61331,96,90,6,6
61332,38,45,-7,7
61333,96,109,-13,13
61334,123,127,-4,4
61335,85,82,3,3
61336,117,124,-7,7
61337,78,85,-7,7
61338,131,133,-2,2
61339,82,74,8,8
61340,87,94,-7,7
61341,81,79,2,2
61342,59,51,8,8
61343,84,82,2,2
61344,89,90,-1,1
61345,65,66,-1,1
61346,131,146,-15,15
61347,55,49,6,6
61348,66,135,-69,69
61349,74,62,12,12
61350,84,67,17,17
61351,110,106,4,4
61352,63,82,-19,19
61353,97,76,21,21
61354,55,63,-8,8
61355,94,86,8,8
61356,148,130,18,18
61357,110,101,9,9
61358,161,156,5,5
61359,139,134,5,5
61360,63,66,-3,3
61361,120,113,7,7
61362,79,82,-3,3
61363,131,139,-8,8
61364,150,126,24,24
61365,80,91,-11,11
61366,37,37,0,0
61367,116,113,3,3
61368,82,71,11,11
61369,130,129,1,1
61370,68,78,-10,10
61371,86,82,4,4
61372,90,76,14,14
61373,57,60,-3,3
61374,149,128,21,21
61375,79,97,-18,18
61376,126,129,-3,3
61377,120,131,-11,11
61378,197,179,18,18
61379,62,64,-2,2
61380,88,83,5,5
61381,144,139,5,5
61382,99,92,7,7
61383,101,122,-21,21
61384,111,100,11,11
61385,61,59,2,2
61386,85,80,5,5
61387,96,105,-9,9
61388,125,112,13,13
61389,107,94,13,13
61390,136,129,7,7
61391,148,144,4,4
61392,98,103,-5,5
61393,66,63,3,3
61394,95,65,30,30
61395,107,89,18,18
61396,47,54,-7,7
61397,78,76,2,2
61398,81,81,0,0
61399,72,77,-5,5
61400,84,90,-6,6
61401,145,156,-11,11
61402,77,72,5,5
61403,90,83,7,7
61404,131,129,2,2
61405,91,87,4,4
61406,38,93,-55,55
61407,94,89,5,5
61408,111,107,4,4
61409,145,151,-6,6
61410,84,85,-1,1
61411,87,84,3,3
61412,115,111,4,4
61413,95,83,12,12
61414,144,144,0,0
61415,90,86,4,4
61416,101,90,11,11
61417,91,87,4,4
61418,190,177,13,13
61419,80,84,-4,4
61420,167,155,12,12
61421,83,75,8,8
61422,66,65,1,1
61423,50,51,-1,1
61424,111,110,1,1
61425,83,88,-5,5
61426,72,67,5,5
61427,73,62,11,11
61428,79,86,-7,7
61429,66,60,6,6
61430,83,85,-2,2
61431,262,239,23,23
61432,108,110,-2,2
61433,117,111,6,6
61434,98,81,17,17
61435,85,91,-6,6
61436,63,72,-9,9
61437,190,173,17,17
61438,85,89,-4,4
61439,123,123,0,0
61440,144,150,-6,6
61441,75,75,0,0
61442,97,97,0,0
61443,85,69,16,16
61444,69,67,2,2
61445,77,77,0,0
61446,61,54,7,7
61447,75,76,-1,1
61448,97,132,-35,35
61449,70,67,3,3
61450,85,79,6,6
61451,61,77,-16,16
61452,77,76,1,1
61453,58,69,-11,11
61454,83,76,7,7
61455,91,88,3,3
61456,53,51,2,2
61457,55,56,-1,1
61458,87,76,11,11
61459,80,83,-3,3
61460,53,63,-10,10
61461,133,122,11,11
61462,90,94,-4,4
61463,60,67,-7,7
61464,68,76,-8,8
61465,66,56,10,10
61466,112,109,3,3
61467,139,125,14,14
61468,50,65,-15,15
61469,120,127,-7,7
61470,77,73,4,4
61471,81,62,19,19
61472,87,77,10,10
61473,43,52,-9,9
61474,68,62,6,6
61475,58,57,1,1
61476,120,123,-3,3
61477,114,101,13,13
61478,173,159,14,14
61479,62,65,-3,3
61480,115,104,11,11
61481,213,185,28,28
61482,108,102,6,6
61483,53,55,-2,2
61484,85,74,11,11
61485,119,120,-1,1
61486,74,81,-7,7
61487,93,87,6,6
61488,72,67,5,5
61489,104,89,15,15
61490,88,95,-7,7
61491,56,62,-6,6
61492,139,124,15,15
61493,110,105,5,5
61494,93,105,-12,12
61495,54,47,7,7
61496,83,83,0,0
61497,73,60,13,13
61498,202,179,23,23
61499,95,87,8,8
61500,51,70,-19,19
61501,141,128,13,13
61502,130,138,-8,8
61503,89,94,-5,5
61504,67,68,-1,1
61505,92,69,23,23
61506,138,128,10,10
61507,50,64,-14,14
61508,85,82,3,3
61509,118,104,14,14
61510,84,78,6,6
61511,95,92,3,3
61512,92,108,-16,16
61513,141,139,2,2
61514,94,102,-8,8
61515,117,116,1,1
61516,82,65,17,17
61517,73,76,-3,3
61518,108,101,7,7
61519,93,106,-13,13
61520,156,152,4,4
61521,84,85,-1,1
61522,106,84,22,22
61523,91,93,-2,2
61524,88,91,-3,3
61525,78,78,0,0
61526,136,129,7,7
61527,59,62,-3,3
61528,94,93,1,1
61529,100,100,0,0
61530,144,136,8,8
61531,89,122,-33,33
61532,67,71,-4,4
61533,28,36,-8,8
61534,114,108,6,6
61535,123,133,-10,10
61536,85,69,16,16
61537,77,81,-4,4
61538,89,98,-9,9
61539,90,87,3,3
61540,80,78,2,2
61541,114,140,-26,26
61542,46,52,-6,6
61543,123,120,3,3
61544,132,137,-5,5
61545,106,124,-18,18
61546,93,97,-4,4
61547,100,125,-25,25
61548,82,80,2,2
61549,170,170,0,0
61550,103,122,-19,19
61551,60,58,2,2
61552,101,115,-14,14
61553,101,99,2,2
61554,106,111,-5,5
61555,53,65,-12,12
61556,45,51,-6,6
61557,102,111,-9,9
61558,74,62,12,12
61559,107,116,-9,9
61560,95,99,-4,4
61561,96,85,11,11
61562,100,111,-11,11
61563,40,45,-5,5
61564,85,79,6,6
61565,59,65,-6,6
61566,107,103,4,4
61567,157,134,23,23
61568,72,83,-11,11
61569,104,94,10,10
61570,53,62,-9,9
61571,131,119,12,12
61572,147,148,-1,1
61573,80,76,4,4
61574,135,121,14,14
61575,119,111,8,8
61576,128,131,-3,3
61577,126,124,2,2
61578,91,84,7,7
61579,102,82,20,20
61580,55,57,-2,2
61581,69,64,5,5
61582,57,119,-62,62
61583,53,56,-3,3
61584,109,97,12,12
61585,106,86,20,20
61586,106,99,7,7
61587,128,120,8,8
61588,84,73,11,11
61589,73,72,1,1
61590,137,104,33,33
61591,96,98,-2,2
61592,106,109,-3,3
61593,119,113,6,6
61594,113,110,3,3
61595,138,98,40,40
61596,52,51,1,1
61597,115,104,11,11
61598,66,64,2,2
61599,114,121,-7,7
61600,46,54,-8,8
61601,108,99,9,9
61602,85,78,7,7
61603,67,67,0,0
61604,66,63,3,3
61605,76,81,-5,5
61606,93,83,10,10
61607,145,149,-4,4
61608,122,119,3,3
61609,88,83,5,5
61610,59,52,7,7
61611,77,84,-7,7
61612,84,94,-10,10
61613,71,74,-3,3
61614,93,83,10,10
61615,71,64,7,7
61616,40,51,-11,11
61617,165,163,2,2
61618,104,107,-3,3
61619,54,55,-1,1
61620,46,39,7,7
61621,70,70,0,0
61622,51,58,-7,7
61623,86,84,2,2
61624,86,78,8,8
61625,90,88,2,2
61626,160,141,19,19
61627,119,112,7,7
61628,78,72,6,6
61629,112,129,-17,17
61630,89,73,16,16
61631,96,102,-6,6
61632,96,94,2,2
61633,96,90,6,6
61634,33,57,-24,24
61635,78,71,7,7
61636,65,54,11,11
61637,69,71,-2,2
61638,85,77,8,8
61639,71,62,9,9
61640,119,102,17,17
61641,100,94,6,6
61642,102,98,4,4
61643,96,82,14,14
61644,77,70,7,7
61645,91,89,2,2
61646,175,150,25,25
61647,96,98,-2,2
61648,133,134,-1,1
61649,107,126,-19,19
61650,98,84,14,14
61651,94,95,-1,1
61652,67,64,3,3
61653,116,107,9,9
61654,73,77,-4,4
61655,83,77,6,6
61656,75,77,-2,2
61657,109,133,-24,24
61658,143,147,-4,4
61659,84,93,-9,9
61660,79,77,2,2
61661,104,95,9,9
61662,44,49,-5,5
61663,53,55,-2,2
61664,108,90,18,18
61665,86,90,-4,4
61666,119,111,8,8
61667,56,34,22,22
61668,88,95,-7,7
61669,118,114,4,4
61670,102,106,-4,4
61671,49,50,-1,1
61672,99,99,0,0
61673,105,137,-32,32
61674,131,114,17,17
61675,78,64,14,14
61676,99,96,3,3
61677,23,24,-1,1
61678,126,138,-12,12
61679,92,88,4,4
61680,85,86,-1,1
61681,61,66,-5,5
61682,137,137,0,0
61683,74,68,6,6
61684,129,115,14,14
61685,156,142,14,14
61686,72,70,2,2
61687,151,128,23,23
61688,72,65,7,7
61689,81,83,-2,2
61690,128,119,9,9
61691,136,128,8,8
61692,111,108,3,3
61693,150,159,-9,9
61694,79,77,2,2
61695,124,119,5,5
61696,133,124,9,9
61697,106,113,-7,7
61698,71,79,-8,8
61699,69,62,7,7
61700,105,112,-7,7
61701,60,55,5,5
61702,97,103,-6,6
61703,129,129,0,0
61704,70,59,11,11
61705,137,134,3,3
61706,110,99,11,11
61707,97,99,-2,2
61708,149,157,-8,8
61709,63,69,-6,6
61710,71,71,0,0
61711,108,99,9,9
61712,127,124,3,3
61713,92,94,-2,2
61714,41,41,0,0
61715,87,84,3,3
61716,95,86,9,9
61717,58,58,0,0
61718,103,119,-16,16
61719,106,104,2,2
61720,100,102,-2,2
61721,49,51,-2,2
61722,103,148,-45,45
61723,147,154,-7,7
61724,110,100,10,10
61725,121,153,-32,32
61726,66,65,1,1
61727,66,74,-8,8
61728,75,77,-2,2
61729,127,133,-6,6
61730,96,108,-12,12
61731,179,166,13,13
61732,153,146,7,7
61733,89,78,11,11
61734,111,103,8,8
61735,124,105,19,19
61736,86,75,11,11
61737,98,98,0,0
61738,82,79,3,3
61739,138,126,12,12
61740,98,77,21,21
61741,187,170,17,17
61742,141,139,2,2
61743,72,67,5,5
61744,110,109,1,1
61745,87,94,-7,7
61746,60,55,5,5
61747,71,66,5,5
61748,123,123,0,0
61749,57,65,-8,8
61750,113,110,3,3
61751,148,151,-3,3
61752,73,69,4,4
61753,62,65,-3,3
61754,108,139,-31,31
61755,105,99,6,6
61756,152,115,37,37
61757,51,53,-2,2
61758,127,107,20,20
61759,31,78,-47,47
61760,68,67,1,1
61761,163,140,23,23
61762,160,150,10,10
61763,73,73,0,0
61764,43,43,0,0
61765,102,93,9,9
61766,91,102,-11,11
61767,136,113,23,23
61768,92,92,0,0
61769,60,61,-1,1
61770,45,51,-6,6
61771,111,115,-4,4
61772,95,105,-10,10
61773,100,96,4,4
61774,139,144,-5,5
61775,99,85,14,14
61776,68,74,-6,6
61777,55,57,-2,2
61778,110,108,2,2
61779,67,72,-5,5
61780,103,96,7,7
61781,115,117,-2,2
61782,131,162,-31,31
61783,106,121,-15,15
61784,154,141,13,13
61785,104,113,-9,9
61786,91,70,21,21
61787,139,142,-3,3
61788,56,60,-4,4
61789,139,128,11,11
61790,72,64,8,8
61791,144,150,-6,6
61792,112,110,2,2
61793,68,63,5,5
61794,88,85,3,3
61795,79,95,-16,16
61796,104,111,-7,7
61797,54,64,-10,10
61798,111,99,12,12
61799,87,85,2,2
61800,185,182,3,3
61801,92,87,5,5
61802,68,78,-10,10
61803,91,87,4,4
61804,84,83,1,1
61805,82,83,-1,1
61806,126,128,-2,2
61807,71,71,0,0
61808,72,65,7,7
61809,137,155,-18,18
61810,61,71,-10,10
61811,106,99,7,7
61812,59,80,-21,21
61813,77,84,-7,7
61814,149,120,29,29
61815,63,62,1,1
61816,66,70,-4,4
61817,105,104,1,1
61818,85,86,-1,1
61819,109,87,22,22
61820,81,77,4,4
61821,60,57,3,3
61822,40,46,-6,6
61823,95,89,6,6
61824,110,95,15,15
61825,68,63,5,5
61826,67,68,-1,1
61827,76,65,11,11
61828,188,190,-2,2
61829,59,54,5,5
61830,131,116,15,15
61831,108,110,-2,2
61832,114,118,-4,4
61833,108,104,4,4
61834,104,94,10,10
61835,94,93,1,1
61836,47,53,-6,6
61837,77,69,8,8
61838,80,81,-1,1
61839,96,99,-3,3
61840,103,98,5,5
61841,109,107,2,2
61842,66,79,-13,13
61843,98,84,14,14
61844,126,113,13,13
61845,97,106,-9,9
61846,99,100,-1,1
61847,107,110,-3,3
61848,129,135,-6,6
61849,87,92,-5,5
61850,69,68,1,1
61851,115,104,11,11
61852,99,94,5,5
61853,99,87,12,12
61854,155,173,-18,18
61855,121,118,3,3
61856,123,127,-4,4
61857,91,92,-1,1
61858,68,79,-11,11
61859,118,100,18,18
61860,98,97,1,1
61861,108,113,-5,5
61862,112,102,10,10
61863,80,79,1,1
61864,92,139,-47,47
61865,116,106,10,10
61866,56,68,-12,12
61867,127,130,-3,3
61868,50,60,-10,10
61869,121,108,13,13
61870,157,154,3,3
61871,78,78,0,0
61872,85,82,3,3
61873,142,137,5,5
61874,42,37,5,5
61875,62,58,4,4
61876,61,73,-12,12
61877,75,77,-2,2
61878,82,82,0,0
61879,107,102,5,5
61880,130,131,-1,1
61881,64,71,-7,7
61882,75,73,2,2
61883,109,98,11,11
61884,65,69,-4,4
61885,112,118,-6,6
61886,88,98,-10,10
61887,140,139,1,1
61888,132,117,15,15
61889,108,129,-21,21
61890,92,76,16,16
61891,63,61,2,2
61892,48,56,-8,8
61893,144,122,22,22
61894,104,103,1,1
61895,107,105,2,2
61896,52,61,-9,9
61897,73,74,-1,1
61898,44,43,1,1
61899,120,121,-1,1
61900,87,80,7,7
61901,110,120,-10,10
61902,73,75,-2,2
61903,79,79,0,0
61904,57,56,1,1
61905,68,70,-2,2
61906,81,103,-22,22
61907,63,64,-1,1
61908,41,42,-1,1
61909,71,66,5,5
61910,106,106,0,0
61911,105,97,8,8
61912,183,155,28,28
61913,111,127,-16,16
61914,137,137,0,0
61915,51,65,-14,14
61916,40,55,-15,15
61917,70,72,-2,2
61918,120,118,2,2
61919,57,65,-8,8
61920,66,68,-2,2
61921,140,117,23,23
61922,71,81,-10,10
61923,96,91,5,5
61924,108,109,-1,1
61925,134,157,-23,23
61926,97,87,10,10
61927,44,54,-10,10
61928,49,50,-1,1
61929,63,60,3,3
61930,97,95,2,2
61931,38,39,-1,1
61932,68,65,3,3
61933,114,94,20,20
61934,105,107,-2,2
61935,36,44,-8,8
61936,69,57,12,12
61937,101,90,11,11
61938,155,150,5,5
61939,53,64,-11,11
61940,151,144,7,7
61941,65,65,0,0
61942,64,60,4,4
61943,181,162,19,19
61944,110,101,9,9
61945,93,98,-5,5
61946,183,160,23,23
61947,94,82,12,12
61948,91,91,0,0
61949,105,110,-5,5
61950,51,48,3,3
61951,76,76,0,0
61952,60,76,-16,16
61953,72,64,8,8
61954,108,97,11,11
61955,119,114,5,5
61956,98,113,-15,15
61957,119,111,8,8
61958,122,122,0,0
61959,90,87,3,3
61960,55,61,-6,6
61961,62,56,6,6
61962,41,39,2,2
61963,86,80,6,6
61964,58,73,-15,15
61965,159,160,-1,1
61966,84,78,6,6
61967,101,98,3,3
61968,107,97,10,10
61969,150,144,6,6
61970,105,110,-5,5
61971,83,92,-9,9
61972,78,87,-9,9
61973,51,52,-1,1
61974,83,98,-15,15
61975,111,109,2,2
61976,116,130,-14,14
61977,124,103,21,21
61978,116,105,11,11
61979,133,138,-5,5
61980,143,133,10,10
61981,102,99,3,3
61982,94,98,-4,4
61983,66,57,9,9
61984,76,80,-4,4
61985,108,95,13,13
61986,69,59,10,10
61987,90,69,21,21
61988,65,70,-5,5
61989,157,152,5,5
61990,81,76,5,5
61991,116,123,-7,7
61992,94,90,4,4
61993,98,116,-18,18
61994,149,131,18,18
61995,87,91,-4,4
61996,124,113,11,11
61997,121,128,-7,7
61998,157,147,10,10
61999,100,89,11,11
62000,129,131,-2,2
62001,97,100,-3,3
62002,57,57,0,0
62003,108,103,5,5
62004,64,55,9,9
62005,195,169,26,26
62006,81,87,-6,6
62007,92,90,2,2
62008,139,140,-1,1
62009,67,63,4,4
62010,78,78,0,0
62011,56,42,14,14
62012,90,86,4,4
62013,69,72,-3,3
62014,109,99,10,10
62015,67,67,0,0
62016,65,71,-6,6
62017,67,72,-5,5
62018,128,124,4,4
62019,101,87,14,14
62020,103,103,0,0
62021,66,62,4,4
62022,78,81,-3,3
62023,121,121,0,0
62024,99,101,-2,2
62025,69,59,10,10
62026,64,69,-5,5
62027,66,60,6,6
62028,76,77,-1,1
62029,91,92,-1,1
62030,49,57,-8,8
62031,222,167,55,55
62032,71,62,9,9
62033,155,160,-5,5
62034,80,84,-4,4
62035,94,71,23,23
62036,70,66,4,4
62037,106,108,-2,2
62038,81,90,-9,9
62039,90,81,9,9
62040,73,80,-7,7
62041,65,57,8,8
62042,71,77,-6,6
62043,140,126,14,14
62044,109,119,-10,10
62045,72,68,4,4
62046,95,91,4,4
62047,92,85,7,7
62048,104,113,-9,9
62049,74,72,2,2
62050,102,98,4,4
62051,75,83,-8,8
62052,100,94,6,6
62053,111,113,-2,2
62054,52,48,4,4
62055,79,62,17,17
62056,99,93,6,6
62057,140,136,4,4
62058,181,175,6,6
62059,106,119,-13,13
62060,59,54,5,5
62061,129,118,11,11
62062,95,134,-39,39
62063,50,58,-8,8
62064,71,61,10,10
62065,46,58,-12,12
62066,103,106,-3,3
62067,82,82,0,0
62068,114,96,18,18
62069,114,115,-1,1
62070,92,91,1,1
62071,74,82,-8,8
62072,102,101,1,1
62073,104,103,1,1
62074,86,85,1,1
62075,51,120,-69,69
62076,86,86,0,0
62077,78,83,-5,5
62078,99,99,0,0
62079,95,86,9,9
62080,82,71,11,11
62081,111,110,1,1
62082,129,117,12,12
62083,90,109,-19,19
62084,139,151,-12,12
62085,72,83,-11,11
62086,55,63,-8,8
62087,165,157,8,8
62088,115,113,2,2
62089,61,65,-4,4
62090,84,81,3,3
62091,136,143,-7,7
62092,83,77,6,6
62093,27,67,-40,40
62094,108,94,14,14
62095,147,134,13,13
62096,120,112,8,8
62097,73,82,-9,9
62098,60,62,-2,2
62099,123,122,1,1
62100,89,90,-1,1
62101,73,66,7,7
62102,64,63,1,1
62103,62,65,-3,3
62104,100,102,-2,2
62105,100,83,17,17
62106,48,56,-8,8
62107,119,102,17,17
62108,53,58,-5,5
62109,142,158,-16,16
62110,58,55,3,3
62111,100,97,3,3
62112,77,77,0,0
62113,71,84,-13,13
62114,126,126,0,0
62115,50,57,-7,7
62116,205,158,47,47
62117,60,67,-7,7
62118,91,86,5,5
62119,70,81,-11,11
62120,90,104,-14,14
62121,159,151,8,8
62122,75,64,11,11
62123,116,105,11,11
62124,109,123,-14,14
62125,143,142,1,1
62126,112,102,10,10
62127,84,83,1,1
62128,170,163,7,7
62129,150,155,-5,5
62130,109,107,2,2
62131,161,160,1,1
62132,99,102,-3,3
62133,127,120,7,7
62134,62,71,-9,9
62135,133,134,-1,1
62136,101,107,-6,6
62137,127,115,12,12
62138,89,76,13,13
62139,95,85,10,10
62140,150,137,13,13
62141,49,54,-5,5
62142,92,106,-14,14
62143,92,91,1,1
62144,38,47,-9,9
62145,145,152,-7,7
62146,156,157,-1,1
62147,125,116,9,9
62148,51,44,7,7
62149,134,111,23,23
62150,92,108,-16,16
62151,85,90,-5,5
62152,60,56,4,4
62153,67,69,-2,2
62154,99,107,-8,8
62155,159,154,5,5
62156,86,88,-2,2
62157,75,82,-7,7
62158,42,49,-7,7
62159,71,66,5,5
62160,136,143,-7,7
62161,67,74,-7,7
62162,112,100,12,12
62163,71,75,-4,4
62164,48,59,-11,11
62165,139,152,-13,13
62166,114,144,-30,30
62167,48,65,-17,17
62168,86,89,-3,3
62169,119,114,5,5
62170,94,78,16,16
62171,105,96,9,9
62172,104,104,0,0
62173,85,88,-3,3
62174,66,64,2,2
62175,93,93,0,0
62176,88,91,-3,3
62177,67,60,7,7
62178,91,94,-3,3
62179,110,105,5,5
62180,80,71,9,9
62181,98,107,-9,9
62182,126,113,13,13
62183,52,69,-17,17
62184,63,67,-4,4
62185,91,95,-4,4
62186,103,110,-7,7
62187,68,68,0,0
62188,73,110,-37,37
62189,95,98,-3,3
62190,100,94,6,6
62191,111,92,19,19
62192,100,118,-18,18
62193,75,78,-3,3
62194,84,86,-2,2
62195,75,82,-7,7
62196,139,137,2,2
62197,105,104,1,1
62198,84,98,-14,14
62199,137,134,3,3
62200,65,95,-30,30
62201,97,88,9,9
62202,78,87,-9,9
62203,122,132,-10,10
62204,72,81,-9,9
62205,80,108,-28,28
62206,132,105,27,27
62207,113,112,1,1
62208,121,110,11,11
62209,72,69,3,3
62210,95,93,2,2
62211,124,136,-12,12
62212,122,126,-4,4
62213,152,152,0,0
62214,105,95,10,10
62215,103,110,-7,7
62216,111,107,4,4
62217,60,82,-22,22
62218,75,87,-12,12
62219,69,75,-6,6
62220,85,73,12,12
62221,91,94,-3,3
62222,106,95,11,11
62223,76,86,-10,10
62224,43,43,0,0
62225,65,56,9,9
62226,180,183,-3,3
62227,38,62,-24,24
62228,86,72,14,14
62229,77,78,-1,1
62230,110,108,2,2
62231,111,113,-2,2
62232,134,133,1,1
62233,123,141,-18,18
62234,67,69,-2,2
62235,77,77,0,0
62236,95,102,-7,7
62237,94,85,9,9
62238,131,130,1,1
62239,88,100,-12,12
62240,130,139,-9,9
62241,78,84,-6,6
62242,98,102,-4,4
62243,66,59,7,7
62244,63,60,3,3
62245,85,78,7,7
62246,82,76,6,6
62247,82,83,-1,1
62248,104,106,-2,2
62249,120,107,13,13
62250,68,70,-2,2
62251,108,106,2,2
62252,101,97,4,4
62253,102,100,2,2
62254,161,162,-1,1
62255,48,55,-7,7
62256,82,92,-10,10
62257,134,123,11,11
62258,102,95,7,7
62259,47,51,-4,4
62260,101,74,27,27
62261,103,96,7,7
62262,158,150,8,8
62263,79,80,-1,1
62264,126,123,3,3
62265,72,81,-9,9
62266,103,102,1,1
62267,86,101,-15,15
62268,73,80,-7,7
62269,150,123,27,27
62270,69,66,3,3
62271,89,89,0,0
62272,102,99,3,3
62273,89,85,4,4
62274,92,92,0,0
62275,91,82,9,9
62276,69,83,-14,14
62277,31,55,-24,24
62278,62,53,9,9
62279,74,75,-1,1
62280,73,59,14,14
62281,92,78,14,14
62282,68,71,-3,3
62283,121,115,6,6
62284,160,154,6,6
62285,124,122,2,2
62286,71,67,4,4
62287,98,91,7,7
62288,85,80,5,5
62289,93,81,12,12
62290,87,77,10,10
62291,210,170,40,40
62292,74,67,7,7
62293,84,90,-6,6
62294,141,138,3,3
62295,68,71,-3,3
62296,118,123,-5,5
62297,75,79,-4,4
62298,150,132,18,18
62299,162,160,2,2
62300,59,59,0,0
62301,82,82,0,0
62302,118,109,9,9
62303,94,103,-9,9
62304,75,82,-7,7
62305,71,58,13,13
62306,131,124,7,7
62307,120,111,9,9
62308,91,92,-1,1
62309,112,116,-4,4
62310,145,155,-10,10
62311,93,86,7,7
62312,93,102,-9,9
62313,89,71,18,18
62314,110,105,5,5
62315,78,71,7,7
62316,80,77,3,3
62317,133,135,-2,2
62318,50,42,8,8
62319,82,80,2,2
62320,145,140,5,5
62321,126,108,18,18
62322,105,104,1,1
62323,159,150,9,9
62324,118,130,-12,12
62325,142,128,14,14
62326,108,112,-4,4
62327,110,109,1,1
62328,106,91,15,15
62329,119,116,3,3
62330,90,87,3,3
62331,68,75,-7,7
62332,119,112,7,7
62333,162,142,20,20
62334,76,75,1,1
62335,89,88,1,1
62336,57,66,-9,9
62337,79,76,3,3
62338,72,68,4,4
62339,110,107,3,3
62340,82,78,4,4
62341,76,74,2,2
62342,68,73,-5,5
62343,79,105,-26,26
62344,64,65,-1,1
62345,151,129,22,22
62346,64,64,0,0
62347,110,105,5,5
62348,78,75,3,3
62349,123,125,-2,2
62350,118,117,1,1
62351,58,60,-2,2
62352,140,123,17,17
62353,128,113,15,15
62354,57,46,11,11
62355,101,108,-7,7
62356,106,99,7,7
62357,71,70,1,1
62358,61,59,2,2
62359,187,157,30,30
62360,123,110,13,13
62361,64,51,13,13
62362,59,59,0,0
62363,83,86,-3,3
62364,68,65,3,3
62365,83,73,10,10
62366,111,104,7,7
62367,86,94,-8,8
62368,87,74,13,13
62369,97,89,8,8
62370,76,72,4,4
62371,91,100,-9,9
62372,169,150,19,19
62373,51,49,2,2
62374,57,69,-12,12
62375,168,170,-2,2
62376,93,72,21,21
62377,93,81,12,12
62378,98,81,17,17
62379,76,82,-6,6
62380,142,139,3,3
62381,60,58,2,2
62382,118,111,7,7
62383,40,43,-3,3
62384,68,59,9,9
62385,75,72,3,3
62386,97,91,6,6
62387,124,123,1,1
62388,68,57,11,11
62389,89,77,12,12
62390,109,105,4,4
62391,53,50,3,3
62392,112,99,13,13
62393,140,154,-14,14
62394,113,99,14,14
62395,105,114,-9,9
62396,69,67,2,2
62397,98,122,-24,24
62398,150,159,-9,9
62399,93,89,4,4
62400,117,137,-20,20
62401,44,59,-15,15
62402,65,59,6,6
62403,78,71,7,7
62404,149,146,3,3
62405,75,69,6,6
62406,82,84,-2,2
62407,93,79,14,14
62408,129,122,7,7
62409,46,54,-8,8
62410,56,41,15,15
62411,99,77,22,22
62412,31,51,-20,20
62413,113,131,-18,18
62414,167,174,-7,7
62415,113,115,-2,2
62416,171,176,-5,5
62417,71,83,-12,12
62418,103,101,2,2
62419,76,81,-5,5
62420,64,50,14,14
62421,105,111,-6,6
62422,176,167,9,9
62423,127,117,10,10
62424,118,113,5,5
62425,88,101,-13,13
62426,133,127,6,6
62427,84,98,-14,14
62428,108,113,-5,5
62429,72,64,8,8
62430,128,125,3,3
62431,36,40,-4,4
62432,116,103,13,13
62433,105,107,-2,2
62434,85,86,-1,1
62435,48,54,-6,6
62436,142,128,14,14
62437,78,63,15,15
62438,72,75,-3,3
62439,255,241,14,14
62440,113,118,-5,5
62441,98,83,15,15
62442,143,140,3,3
62443,85,106,-21,21
62444,111,122,-11,11
62445,106,101,5,5
62446,111,110,1,1
62447,84,78,6,6
62448,74,68,6,6
62449,87,92,-5,5
62450,133,138,-5,5
62451,111,111,0,0
62452,78,79,-1,1
62453,83,93,-10,10
62454,117,99,18,18
62455,97,101,-4,4
62456,127,138,-11,11
62457,66,80,-14,14
62458,124,111,13,13
62459,72,80,-8,8
62460,108,105,3,3
62461,124,122,2,2
62462,137,113,24,24
62463,84,80,4,4
62464,175,173,2,2
62465,32,55,-23,23
62466,127,115,12,12
62467,139,152,-13,13
62468,84,82,2,2
62469,138,147,-9,9
62470,147,158,-11,11
62471,49,56,-7,7
62472,87,84,3,3
62473,71,76,-5,5
62474,89,74,15,15
62475,122,125,-3,3
62476,110,112,-2,2
62477,112,116,-4,4
62478,161,158,3,3
62479,78,111,-33,33
62480,84,95,-11,11
62481,96,77,19,19
62482,83,80,3,3
62483,166,146,20,20
62484,69,71,-2,2
62485,48,42,6,6
62486,84,99,-15,15
62487,113,98,15,15
62488,89,92,-3,3
62489,51,48,3,3
62490,101,97,4,4
62491,70,72,-2,2
62492,107,101,6,6
62493,99,90,9,9
62494,142,150,-8,8
62495,123,109,14,14
62496,81,90,-9,9
62497,60,64,-4,4
62498,139,140,-1,1
62499,93,84,9,9
62500,123,146,-23,23
62501,101,73,28,28
62502,128,129,-1,1
62503,72,79,-7,7
62504,134,134,0,0
62505,89,89,0,0
62506,162,151,11,11
62507,129,105,24,24
62508,97,100,-3,3
62509,63,69,-6,6
62510,88,92,-4,4
62511,47,43,4,4
62512,163,146,17,17
62513,169,179,-10,10
62514,88,91,-3,3
62515,116,110,6,6
62516,68,66,2,2
62517,66,73,-7,7
62518,75,79,-4,4
62519,79,76,3,3
62520,132,144,-12,12
62521,64,64,0,0
62522,154,159,-5,5
62523,159,110,49,49
62524,97,94,3,3
62525,151,152,-1,1
62526,64,68,-4,4
62527,86,74,12,12
62528,86,99,-13,13
62529,105,102,3,3
62530,135,132,3,3
62531,78,82,-4,4
62532,180,157,23,23
62533,126,112,14,14
62534,115,133,-18,18
62535,95,110,-15,15
62536,123,103,20,20
62537,49,115,-66,66
62538,94,101,-7,7
62539,170,166,4,4
62540,92,91,1,1
62541,101,118,-17,17
62542,93,92,1,1
62543,123,146,-23,23
62544,83,78,5,5
62545,122,104,18,18
62546,109,119,-10,10
62547,67,47,20,20
62548,59,58,1,1
62549,79,73,6,6
62550,82,86,-4,4
62551,69,63,6,6
62552,83,92,-9,9
62553,116,104,12,12
62554,202,168,34,34
62555,92,107,-15,15
62556,95,92,3,3
62557,104,129,-25,25
62558,124,113,11,11
62559,203,177,26,26
62560,95,96,-1,1
62561,131,134,-3,3
62562,42,46,-4,4
62563,106,84,22,22
62564,40,48,-8,8
62565,81,78,3,3
62566,125,111,14,14
62567,82,74,8,8
62568,121,116,5,5
62569,85,95,-10,10
62570,104,91,13,13
62571,82,76,6,6
62572,76,79,-3,3
62573,60,72,-12,12
62574,91,68,23,23
62575,96,94,2,2
62576,118,122,-4,4
62577,101,95,6,6
62578,140,136,4,4
62579,153,162,-9,9
62580,115,139,-24,24
62581,38,51,-13,13
62582,74,73,1,1
62583,28,55,-27,27
62584,65,67,-2,2
62585,113,128,-15,15
62586,109,100,9,9
62587,93,89,4,4
62588,87,80,7,7
62589,54,50,4,4
62590,125,109,16,16
62591,141,141,0,0
62592,114,118,-4,4
62593,122,116,6,6
62594,138,138,0,0
62595,98,98,0,0
62596,84,78,6,6
62597,118,110,8,8
62598,114,99,15,15
62599,69,67,2,2
62600,47,56,-9,9
62601,72,73,-1,1
62602,72,68,4,4
62603,85,86,-1,1
62604,48,54,-6,6
62605,96,97,-1,1
62606,90,78,12,12
62607,99,89,10,10
62608,122,107,15,15
62609,60,68,-8,8
62610,80,90,-10,10
62611,79,83,-4,4
62612,54,55,-1,1
62613,90,85,5,5
62614,84,90,-6,6
62615,98,98,0,0
62616,106,94,12,12
62617,70,76,-6,6
62618,93,75,18,18
62619,81,77,4,4
62620,108,109,-1,1
62621,66,67,-1,1
62622,92,88,4,4
62623,58,45,13,13
62624,80,68,12,12
62625,72,85,-13,13
62626,92,87,5,5
62627,114,123,-9,9
62628,149,134,15,15
62629,85,71,14,14
62630,61,51,10,10
62631,104,92,12,12
62632,100,86,14,14
62633,132,139,-7,7
62634,132,134,-2,2
62635,114,98,16,16
62636,89,92,-3,3
62637,52,45,7,7
62638,51,51,0,0
62639,109,77,32,32
62640,112,125,-13,13
62641,80,72,8,8
62642,158,177,-19,19
62643,103,84,19,19
62644,59,56,3,3
62645,118,109,9,9
62646,114,99,15,15
62647,101,102,-1,1
62648,64,58,6,6
62649,75,68,7,7
62650,110,93,17,17
62651,168,177,-9,9
62652,109,94,15,15
62653,106,94,12,12
62654,32,80,-48,48
62655,86,84,2,2
62656,185,134,51,51
62657,125,129,-4,4
62658,48,54,-6,6
62659,128,127,1,1
62660,138,142,-4,4
62661,75,68,7,7
62662,84,106,-22,22
62663,115,99,16,16
62664,58,68,-10,10
62665,97,93,4,4
62666,152,135,17,17
62667,94,101,-7,7
62668,114,107,7,7
62669,130,132,-2,2
62670,61,62,-1,1
62671,185,167,18,18
62672,110,107,3,3
62673,58,59,-1,1
62674,79,75,4,4
62675,79,78,1,1
62676,93,80,13,13
62677,129,133,-4,4
62678,134,142,-8,8
62679,98,110,-12,12
62680,162,162,0,0
62681,83,75,8,8
62682,107,91,16,16
62683,98,101,-3,3
62684,131,117,14,14
62685,57,52,5,5
62686,153,133,20,20
62687,126,114,12,12
62688,89,89,0,0
62689,68,61,7,7
62690,131,121,10,10
62691,68,81,-13,13
62692,94,82,12,12
62693,135,115,20,20
62694,96,95,1,1
62695,95,94,1,1
62696,90,90,0,0
62697,55,63,-8,8
62698,108,115,-7,7
62699,36,39,-3,3
62700,73,63,10,10
62701,73,83,-10,10
62702,102,102,0,0
62703,52,47,5,5
62704,22,122,-100,100
62705,102,84,18,18
62706,136,118,18,18
62707,83,96,-13,13
62708,76,70,6,6
62709,135,137,-2,2
62710,116,116,0,0
62711,69,73,-4,4
62712,42,46,-4,4
62713,86,66,20,20
62714,131,119,12,12
62715,119,134,-15,15
62716,65,61,4,4
62717,100,106,-6,6
62718,65,63,2,2
62719,73,74,-1,1
62720,63,65,-2,2
62721,115,158,-43,43
62722,164,153,11,11
62723,146,152,-6,6
62724,64,58,6,6
62725,101,92,9,9
62726,124,113,11,11
62727,74,42,32,32
62728,92,78,14,14
62729,90,89,1,1
62730,93,90,3,3
62731,76,85,-9,9
62732,133,130,3,3
62733,54,49,5,5
62734,147,117,30,30
62735,107,115,-8,8
62736,132,120,12,12
62737,129,128,1,1
62738,95,85,10,10
62739,78,84,-6,6
62740,93,90,3,3
62741,85,98,-13,13
62742,138,150,-12,12
62743,106,109,-3,3
62744,45,48,-3,3
62745,50,54,-4,4
62746,55,98,-43,43
62747,44,39,5,5
62748,70,88,-18,18
62749,125,116,9,9
62750,82,84,-2,2
62751,80,80,0,0
62752,120,114,6,6
62753,100,94,6,6
62754,70,64,6,6
62755,65,68,-3,3
62756,96,110,-14,14
62757,93,92,1,1
62758,106,95,11,11
62759,168,153,15,15
62760,169,162,7,7
62761,95,82,13,13
62762,95,94,1,1
62763,81,67,14,14
62764,65,98,-33,33
62765,64,117,-53,53
62766,62,87,-25,25
62767,119,126,-7,7
62768,93,92,1,1
62769,77,68,9,9
62770,141,139,2,2
62771,66,67,-1,1
62772,76,84,-8,8
62773,148,142,6,6
62774,57,68,-11,11
62775,78,124,-46,46
62776,134,102,32,32
62777,133,113,20,20
62778,66,74,-8,8
62779,75,67,8,8
62780,97,89,8,8
62781,131,123,8,8
62782,171,160,11,11
62783,222,190,32,32
62784,102,103,-1,1
62785,60,61,-1,1
62786,144,148,-4,4
62787,43,39,4,4
62788,82,82,0,0
62789,84,74,10,10
62790,92,87,5,5
62791,94,79,15,15
62792,179,181,-2,2
62793,119,114,5,5
62794,61,62,-1,1
62795,93,96,-3,3
62796,53,50,3,3
62797,142,147,-5,5
62798,69,78,-9,9
62799,90,90,0,0
62800,139,115,24,24
62801,90,106,-16,16
62802,56,58,-2,2
62803,113,119,-6,6
62804,91,80,11,11
62805,86,85,1,1
62806,111,100,11,11
62807,74,68,6,6
62808,139,120,19,19
62809,96,81,15,15
62810,105,98,7,7
62811,139,140,-1,1
62812,61,60,1,1
62813,70,58,12,12
62814,70,80,-10,10
62815,61,58,3,3
62816,127,142,-15,15
62817,92,111,-19,19
62818,120,101,19,19
62819,52,63,-11,11
62820,86,90,-4,4
62821,62,55,7,7
62822,101,130,-29,29
62823,85,98,-13,13
62824,96,104,-8,8
62825,105,95,10,10
62826,122,128,-6,6
62827,116,107,9,9
62828,98,79,19,19
62829,154,110,44,44
62830,100,95,5,5
62831,164,160,4,4
62832,162,153,9,9
62833,136,150,-14,14
62834,62,74,-12,12
62835,178,172,6,6
62836,109,86,23,23
62837,121,108,13,13
62838,108,114,-6,6
62839,84,105,-21,21
62840,131,120,11,11
62841,122,115,7,7
62842,64,71,-7,7
62843,84,95,-11,11
62844,72,64,8,8
62845,185,157,28,28
62846,77,75,2,2
62847,137,164,-27,27
62848,93,96,-3,3
62849,86,95,-9,9
62850,144,123,21,21
62851,78,64,14,14
62852,61,73,-12,12
62853,129,117,12,12
62854,52,62,-10,10
62855,195,173,22,22
62856,87,89,-2,2
62857,101,102,-1,1
62858,103,84,19,19
62859,169,159,10,10
62860,104,108,-4,4
62861,80,74,6,6
62862,40,59,-19,19
62863,90,95,-5,5
62864,89,98,-9,9
62865,105,99,6,6
62866,86,85,1,1
62867,133,127,6,6
62868,89,83,6,6
62869,64,61,3,3
62870,94,97,-3,3
62871,86,92,-6,6
62872,128,124,4,4
62873,53,49,4,4
62874,91,78,13,13
62875,74,66,8,8
62876,64,67,-3,3
62877,81,74,7,7
62878,66,56,10,10
62879,76,75,1,1
62880,91,91,0,0
62881,76,68,8,8
62882,109,97,12,12
62883,77,73,4,4
62884,76,68,8,8
62885,110,92,18,18
62886,88,84,4,4
62887,120,113,7,7
62888,127,119,8,8
62889,106,111,-5,5
62890,201,174,27,27
62891,111,105,6,6
62892,231,218,13,13
62893,59,59,0,0
62894,150,148,2,2
62895,141,136,5,5
62896,62,66,-4,4
62897,191,185,6,6
62898,119,130,-11,11
62899,72,78,-6,6
62900,103,91,12,12
62901,79,85,-6,6
62902,106,109,-3,3
62903,104,125,-21,21
62904,88,99,-11,11
62905,78,99,-21,21
62906,81,85,-4,4
62907,98,101,-3,3
62908,123,122,1,1
62909,142,169,-27,27
62910,74,66,8,8
62911,163,152,11,11
62912,102,87,15,15
62913,60,54,6,6
62914,133,106,27,27
62915,59,49,10,10
62916,47,51,-4,4
62917,86,87,-1,1
62918,124,122,2,2
62919,28,43,-15,15
62920,59,57,2,2
62921,124,141,-17,17
62922,105,103,2,2
62923,103,90,13,13
62924,80,71,9,9
62925,82,76,6,6
62926,84,71,13,13
62927,128,121,7,7
62928,101,123,-22,22
62929,72,66,6,6
62930,89,80,9,9
62931,119,103,16,16
62932,181,179,2,2
62933,146,150,-4,4
62934,58,53,5,5
62935,80,69,11,11
62936,37,49,-12,12
62937,45,50,-5,5
62938,95,104,-9,9
62939,108,110,-2,2
62940,79,73,6,6
62941,85,78,7,7
62942,53,62,-9,9
62943,211,193,18,18
62944,103,94,9,9
62945,77,73,4,4
62946,75,69,6,6
62947,95,101,-6,6
62948,102,75,27,27
62949,77,70,7,7
62950,54,63,-9,9
62951,110,120,-10,10
62952,121,115,6,6
62953,89,78,11,11
62954,93,94,-1,1
62955,44,43,1,1
62956,84,92,-8,8
62957,135,123,12,12
62958,66,51,15,15
62959,104,121,-17,17
62960,141,140,1,1
62961,98,109,-11,11
62962,90,97,-7,7
62963,115,104,11,11
62964,109,106,3,3
62965,69,70,-1,1
62966,64,56,8,8
62967,185,164,21,21
62968,114,117,-3,3
62969,191,196,-5,5
62970,49,53,-4,4
62971,83,90,-7,7
62972,100,99,1,1
62973,98,96,2,2
62974,69,75,-6,6
62975,103,87,16,16
62976,148,147,1,1
62977,81,74,7,7
62978,151,139,12,12
62979,70,68,2,2
62980,88,74,14,14
62981,93,99,-6,6
62982,60,113,-53,53
62983,88,79,9,9
62984,63,65,-2,2
62985,92,100,-8,8
62986,108,123,-15,15
62987,78,102,-24,24
62988,156,139,17,17
62989,63,63,0,0
62990,58,71,-13,13
62991,38,39,-1,1
62992,107,98,9,9
62993,101,87,14,14
62994,65,66,-1,1
62995,120,124,-4,4
62996,101,91,10,10
62997,106,89,17,17
62998,72,67,5,5
62999,127,112,15,15
63000,65,61,4,4
63001,126,110,16,16
63002,113,110,3,3
63003,104,129,-25,25
63004,152,152,0,0
63005,57,57,0,0
63006,83,70,13,13
63007,101,108,-7,7
63008,81,83,-2,2
63009,54,71,-17,17
63010,80,77,3,3
63011,83,88,-5,5
63012,31,39,-8,8
63013,64,63,1,1
63014,159,159,0,0
63015,133,129,4,4
63016,116,116,0,0
63017,57,58,-1,1
63018,99,106,-7,7
63019,62,47,15,15
63020,90,88,2,2
63021,117,100,17,17
63022,142,136,6,6
63023,177,154,23,23
63024,59,75,-16,16
63025,89,99,-10,10
63026,69,56,13,13
63027,63,72,-9,9
63028,46,84,-38,38
63029,136,151,-15,15
63030,105,116,-11,11
63031,127,132,-5,5
63032,66,71,-5,5
63033,138,130,8,8
63034,71,70,1,1
63035,97,96,1,1
63036,112,114,-2,2
63037,77,78,-1,1
63038,57,59,-2,2
63039,84,86,-2,2
63040,85,83,2,2
63041,111,103,8,8
63042,123,127,-4,4
63043,110,114,-4,4
63044,114,122,-8,8
63045,111,141,-30,30
63046,71,79,-8,8
63047,93,83,10,10
63048,343,353,-10,10
63049,72,76,-4,4
63050,186,167,19,19
63051,62,62,0,0
63052,79,82,-3,3
63053,129,132,-3,3
63054,121,148,-27,27
63055,105,119,-14,14
63056,157,144,13,13
63057,115,102,13,13
63058,78,68,10,10
63059,179,181,-2,2
63060,80,76,4,4
63061,113,128,-15,15
63062,87,95,-8,8
63063,95,95,0,0
63064,95,113,-18,18
63065,104,104,0,0
63066,88,83,5,5
63067,61,78,-17,17
63068,63,57,6,6
63069,87,101,-14,14
63070,157,165,-8,8
63071,92,108,-16,16
63072,53,60,-7,7
63073,128,125,3,3
63074,114,120,-6,6
63075,95,84,11,11
63076,102,101,1,1
63077,120,123,-3,3
63078,110,131,-21,21
63079,207,197,10,10
63080,103,99,4,4
63081,55,49,6,6
63082,98,99,-1,1
63083,99,106,-7,7
63084,94,96,-2,2
63085,82,89,-7,7
63086,60,83,-23,23
63087,95,104,-9,9
63088,113,104,9,9
63089,113,109,4,4
63090,105,93,12,12
63091,80,81,-1,1
63092,104,109,-5,5
63093,97,97,0,0
63094,62,64,-2,2
63095,62,76,-14,14
63096,85,86,-1,1
63097,114,133,-19,19
63098,72,67,5,5
63099,82,81,1,1
63100,94,85,9,9
63101,90,91,-1,1
63102,110,96,14,14
63103,90,82,8,8
63104,80,79,1,1
63105,109,87,22,22
63106,61,58,3,3
63107,185,177,8,8
63108,117,106,11,11
63109,139,143,-4,4
63110,56,52,4,4
63111,74,66,8,8
63112,107,104,3,3
63113,78,87,-9,9
63114,51,50,1,1
63115,87,89,-2,2
63116,114,105,9,9
63117,83,82,1,1
63118,137,130,7,7
63119,117,126,-9,9
63120,87,90,-3,3
63121,69,70,-1,1
63122,86,98,-12,12
63123,150,156,-6,6
63124,162,160,2,2
63125,87,83,4,4
63126,68,62,6,6
63127,68,64,4,4
63128,126,69,57,57
63129,109,97,12,12
63130,106,114,-8,8
63131,114,120,-6,6
63132,136,150,-14,14
63133,128,108,20,20
63134,109,132,-23,23
63135,114,113,1,1
63136,102,102,0,0
63137,144,144,0,0
63138,52,38,14,14
63139,73,91,-18,18
63140,116,113,3,3
63141,111,93,18,18
63142,106,102,4,4
63143,125,130,-5,5
63144,119,98,21,21
63145,77,72,5,5
63146,78,76,2,2
63147,62,60,2,2
63148,80,82,-2,2
63149,101,112,-11,11
63150,130,131,-1,1
63151,165,152,13,13
63152,88,68,20,20
63153,97,94,3,3
63154,125,106,19,19
63155,55,60,-5,5
63156,76,81,-5,5
63157,124,132,-8,8
63158,82,77,5,5
63159,60,70,-10,10
63160,107,107,0,0
63161,109,111,-2,2
63162,162,156,6,6
63163,95,112,-17,17
63164,54,57,-3,3
63165,125,115,10,10
63166,107,102,5,5
63167,74,68,6,6
63168,155,150,5,5
63169,77,83,-6,6
63170,80,63,17,17
63171,122,129,-7,7
63172,71,72,-1,1
63173,112,99,13,13
63174,61,58,3,3
63175,88,92,-4,4
63176,171,158,13,13
63177,98,84,14,14
63178,59,66,-7,7
63179,150,159,-9,9
63180,94,93,1,1
63181,112,109,3,3
63182,113,90,23,23
63183,92,92,0,0
63184,121,115,6,6
63185,101,104,-3,3
63186,82,77,5,5
63187,125,110,15,15
63188,74,70,4,4
63189,68,76,-8,8
63190,104,102,2,2
63191,80,80,0,0
63192,101,90,11,11
63193,96,98,-2,2
63194,96,102,-6,6
63195,79,100,-21,21
63196,75,72,3,3
63197,121,125,-4,4
63198,173,163,10,10
63199,123,115,8,8
63200,124,117,7,7
63201,123,119,4,4
63202,129,133,-4,4
63203,119,109,10,10
63204,107,114,-7,7
63205,117,109,8,8
63206,74,85,-11,11
63207,72,79,-7,7
63208,92,101,-9,9
63209,102,95,7,7
63210,123,126,-3,3
63211,119,137,-18,18
63212,71,71,0,0
63213,64,67,-3,3
63214,108,108,0,0
63215,140,114,26,26
63216,90,87,3,3
63217,128,88,40,40
63218,99,98,1,1
63219,82,90,-8,8
63220,156,157,-1,1
63221,137,131,6,6
63222,78,80,-2,2
63223,95,108,-13,13
63224,82,99,-17,17
63225,90,92,-2,2
63226,64,58,6,6
63227,73,75,-2,2
63228,53,61,-8,8
63229,123,115,8,8
63230,62,58,4,4
63231,92,110,-18,18
63232,123,111,12,12
63233,125,117,8,8
63234,41,41,0,0
63235,187,181,6,6
63236,91,87,4,4
63237,76,78,-2,2
63238,176,154,22,22
63239,93,95,-2,2
63240,87,84,3,3
63241,89,89,0,0
63242,88,100,-12,12
63243,99,91,8,8
63244,134,134,0,0
63245,95,85,10,10
63246,105,110,-5,5
63247,42,53,-11,11
63248,96,94,2,2
63249,50,70,-20,20
63250,63,75,-12,12
63251,95,103,-8,8
63252,99,88,11,11
63253,109,81,28,28
63254,133,122,11,11
63255,90,77,13,13
63256,71,71,0,0
63257,58,80,-22,22
63258,173,159,14,14
63259,77,76,1,1
63260,88,140,-52,52
63261,72,69,3,3
63262,116,101,15,15
63263,61,61,0,0
63264,94,80,14,14
63265,117,122,-5,5
63266,114,118,-4,4
63267,147,127,20,20
63268,125,119,6,6
63269,100,95,5,5
63270,101,100,1,1
63271,112,90,22,22
63272,94,88,6,6
63273,119,111,8,8
63274,154,149,5,5
63275,82,79,3,3
63276,58,74,-16,16
63277,131,60,71,71
63278,82,107,-25,25
63279,96,107,-11,11
63280,80,69,11,11
63281,118,119,-1,1
63282,51,62,-11,11
63283,164,152,12,12
63284,77,101,-24,24
63285,144,145,-1,1
63286,132,133,-1,1
63287,89,86,3,3
63288,78,70,8,8
63289,51,69,-18,18
63290,100,103,-3,3
63291,108,104,4,4
63292,143,132,11,11
63293,88,83,5,5
63294,67,67,0,0
63295,121,133,-12,12
63296,90,78,12,12
63297,65,53,12,12
63298,79,67,12,12
63299,144,145,-1,1
63300,55,22,33,33
63301,78,83,-5,5
63302,82,91,-9,9
63303,78,84,-6,6
63304,160,155,5,5
63305,89,78,11,11
63306,101,110,-9,9
63307,114,99,15,15
63308,86,68,18,18
63309,155,160,-5,5
63310,105,106,-1,1
63311,76,65,11,11
63312,149,151,-2,2
63313,99,113,-14,14
63314,120,115,5,5
63315,69,68,1,1
63316,102,97,5,5
63317,59,61,-2,2
63318,54,46,8,8
63319,107,102,5,5
63320,60,54,6,6
63321,70,70,0,0
63322,219,225,-6,6
63323,83,82,1,1
63324,68,68,0,0
63325,89,84,5,5
63326,68,70,-2,2
63327,108,114,-6,6
63328,94,96,-2,2
63329,90,95,-5,5
63330,171,153,18,18
63331,35,42,-7,7
63332,39,44,-5,5
63333,80,110,-30,30
63334,69,65,4,4
63335,109,109,0,0
63336,112,129,-17,17
63337,127,129,-2,2
63338,87,84,3,3
63339,60,96,-36,36
63340,67,71,-4,4
63341,151,155,-4,4
63342,115,115,0,0
63343,86,101,-15,15
63344,97,84,13,13
63345,128,125,3,3
63346,137,113,24,24
63347,102,98,4,4
63348,76,88,-12,12
63349,33,42,-9,9
63350,89,81,8,8
63351,68,74,-6,6
63352,55,47,8,8
63353,104,106,-2,2
63354,98,101,-3,3
63355,67,74,-7,7
63356,103,80,23,23
63357,87,86,1,1
63358,92,96,-4,4
63359,97,99,-2,2
63360,144,152,-8,8
63361,94,99,-5,5
63362,95,77,18,18
63363,131,111,20,20
63364,102,89,13,13
63365,132,132,0,0
63366,83,94,-11,11
63367,127,125,2,2
63368,71,69,2,2
63369,86,91,-5,5
63370,202,176,26,26
63371,181,168,13,13
63372,129,126,3,3
63373,112,112,0,0
63374,118,119,-1,1
63375,46,41,5,5
63376,120,100,20,20
63377,55,63,-8,8
63378,141,130,11,11
63379,92,78,14,14
63380,137,142,-5,5
63381,59,73,-14,14
63382,192,192,0,0
63383,144,145,-1,1
63384,91,94,-3,3
63385,111,114,-3,3
63386,52,45,7,7
63387,135,127,8,8
63388,43,66,-23,23
63389,138,120,18,18
63390,159,153,6,6
63391,88,92,-4,4
63392,63,54,9,9
63393,90,84,6,6
63394,101,99,2,2
63395,72,66,6,6
63396,64,55,9,9
63397,81,78,3,3
63398,94,92,2,2
63399,125,134,-9,9
63400,64,65,-1,1
63401,68,62,6,6
63402,77,86,-9,9
63403,125,131,-6,6
63404,68,65,3,3
63405,131,142,-11,11
63406,72,71,1,1
63407,113,106,7,7
63408,136,148,-12,12
63409,136,115,21,21
63410,129,115,14,14
63411,118,106,12,12
63412,79,72,7,7
63413,98,98,0,0
63414,117,115,2,2
63415,98,105,-7,7
63416,30,41,-11,11
63417,76,61,15,15
63418,87,77,10,10
63419,110,101,9,9
63420,80,85,-5,5
63421,48,54,-6,6
63422,120,116,4,4
63423,98,106,-8,8
63424,43,47,-4,4
63425,84,88,-4,4
63426,62,60,2,2
63427,165,164,1,1
63428,56,57,-1,1
63429,85,73,12,12
63430,109,101,8,8
63431,149,132,17,17
63432,55,48,7,7
63433,89,89,0,0
63434,68,79,-11,11
63435,68,60,8,8
63436,146,144,2,2
63437,112,111,1,1
63438,104,106,-2,2
63439,49,72,-23,23
63440,67,62,5,5
63441,70,123,-53,53
63442,109,113,-4,4
63443,56,51,5,5
63444,148,146,2,2
63445,97,103,-6,6
63446,79,76,3,3
63447,116,112,4,4
63448,97,97,0,0
63449,79,74,5,5
63450,74,70,4,4
63451,67,58,9,9
63452,118,106,12,12
63453,72,70,2,2
63454,128,107,21,21
63455,113,113,0,0
63456,103,111,-8,8
63457,86,92,-6,6
63458,59,64,-5,5
63459,114,129,-15,15
63460,125,139,-14,14
63461,105,95,10,10
63462,70,61,9,9
63463,147,117,30,30
63464,90,80,10,10
63465,81,89,-8,8
63466,65,78,-13,13
63467,63,58,5,5
63468,110,120,-10,10
63469,108,101,7,7
63470,62,80,-18,18
63471,107,101,6,6
63472,47,51,-4,4
63473,76,75,1,1
63474,92,96,-4,4
63475,129,138,-9,9
63476,87,86,1,1
63477,90,83,7,7
63478,75,73,2,2
63479,69,77,-8,8
63480,61,74,-13,13
63481,76,76,0,0
63482,49,60,-11,11
63483,133,128,5,5
63484,147,153,-6,6
63485,115,76,39,39
63486,88,95,-7,7
63487,70,68,2,2
63488,77,69,8,8
63489,64,62,2,2
63490,182,173,9,9
63491,103,94,9,9
63492,91,96,-5,5
63493,104,104,0,0
63494,67,50,17,17
63495,90,94,-4,4
63496,81,76,5,5
63497,140,139,1,1
63498,64,59,5,5
63499,132,128,4,4
63500,64,68,-4,4
63501,117,113,4,4
63502,86,93,-7,7
63503,216,198,18,18
63504,129,112,17,17
63505,107,120,-13,13
63506,114,114,0,0
63507,99,91,8,8
63508,232,199,33,33
63509,81,80,1,1
63510,117,118,-1,1
63511,142,148,-6,6
63512,33,37,-4,4
63513,80,79,1,1
63514,95,82,13,13
63515,84,66,18,18
63516,111,113,-2,2
63517,53,66,-13,13
63518,47,69,-22,22
63519,80,75,5,5
63520,81,75,6,6
63521,74,71,3,3
63522,49,63,-14,14
63523,124,105,19,19
63524,98,93,5,5
63525,155,154,1,1
63526,58,59,-1,1
63527,111,108,3,3
63528,99,112,-13,13
63529,124,112,12,12
63530,62,71,-9,9
63531,55,67,-12,12
63532,72,67,5,5
63533,62,67,-5,5
63534,74,73,1,1
63535,76,65,11,11
63536,102,101,1,1
63537,87,68,19,19
63538,136,127,9,9
63539,89,74,15,15
63540,68,62,6,6
63541,67,67,0,0
63542,97,99,-2,2
63543,123,115,8,8
63544,170,166,4,4
63545,120,132,-12,12
63546,110,114,-4,4
63547,100,88,12,12
63548,37,41,-4,4
63549,84,77,7,7
63550,62,64,-2,2
63551,145,125,20,20
63552,106,102,4,4
63553,115,107,8,8
63554,126,134,-8,8
63555,141,140,1,1
63556,92,82,10,10
63557,110,113,-3,3
63558,59,62,-3,3
63559,90,80,10,10
63560,77,78,-1,1
63561,70,68,2,2
63562,77,68,9,9
63563,79,77,2,2
63564,154,150,4,4
63565,137,133,4,4
63566,106,110,-4,4
63567,116,116,0,0
63568,119,114,5,5
63569,65,60,5,5
63570,139,131,8,8
63571,145,134,11,11
63572,141,139,2,2
63573,119,118,1,1
63574,70,76,-6,6
63575,78,84,-6,6
63576,75,46,29,29
63577,100,96,4,4
63578,163,148,15,15
63579,162,154,8,8
63580,153,154,-1,1
63581,94,97,-3,3
63582,74,75,-1,1
63583,88,87,1,1
63584,67,74,-7,7
63585,100,115,-15,15
63586,117,131,-14,14
63587,80,76,4,4
63588,95,89,6,6
63589,77,67,10,10
63590,121,100,21,21
63591,141,140,1,1
63592,83,69,14,14
63593,55,61,-6,6
63594,87,79,8,8
63595,76,75,1,1
63596,116,101,15,15
63597,162,155,7,7
63598,114,107,7,7
63599,79,73,6,6
63600,117,121,-4,4
63601,54,62,-8,8
63602,87,90,-3,3
63603,124,132,-8,8
63604,101,100,1,1
63605,53,57,-4,4
63606,133,125,8,8
63607,75,87,-12,12
63608,78,84,-6,6
63609,69,75,-6,6
63610,40,61,-21,21
63611,84,80,4,4
63612,94,94,0,0
63613,75,63,12,12
63614,95,88,7,7
63615,82,104,-22,22
63616,75,71,4,4
63617,141,136,5,5
63618,98,120,-22,22
63619,101,113,-12,12
63620,49,65,-16,16
63621,45,57,-12,12
63622,94,94,0,0
63623,132,111,21,21
63624,122,99,23,23
63625,96,105,-9,9
63626,89,88,1,1
63627,114,116,-2,2
63628,112,113,-1,1
63629,55,66,-11,11
63630,63,67,-4,4
63631,133,112,21,21
63632,71,87,-16,16
63633,81,73,8,8
63634,104,102,2,2
63635,97,82,15,15
63636,103,110,-7,7
63637,110,103,7,7
63638,91,92,-1,1
63639,60,62,-2,2
63640,58,63,-5,5
63641,91,93,-2,2
63642,69,77,-8,8
63643,75,84,-9,9
63644,175,171,4,4
63645,62,57,5,5
63646,121,121,0,0
63647,64,68,-4,4
63648,103,100,3,3
63649,109,121,-12,12
63650,111,99,12,12
63651,87,80,7,7
63652,146,143,3,3
63653,68,68,0,0
63654,69,67,2,2
63655,79,75,4,4
63656,111,136,-25,25
63657,72,63,9,9
63658,110,93,17,17
63659,106,116,-10,10
63660,112,102,10,10
63661,85,71,14,14
63662,153,159,-6,6
63663,102,79,23,23
63664,75,80,-5,5
63665,123,109,14,14
63666,80,94,-14,14
63667,81,74,7,7
63668,76,70,6,6
63669,107,136,-29,29
63670,163,162,1,1
63671,75,82,-7,7
63672,83,81,2,2
63673,72,66,6,6
63674,73,79,-6,6
63675,47,67,-20,20
63676,127,111,16,16
63677,31,25,6,6
63678,88,86,2,2
63679,131,137,-6,6
63680,140,152,-12,12
63681,172,132,40,40
63682,86,77,9,9
63683,137,127,10,10
63684,108,96,12,12
63685,67,65,2,2
63686,157,187,-30,30
63687,42,61,-19,19
63688,81,87,-6,6
63689,96,95,1,1
63690,189,157,32,32
63691,97,107,-10,10
63692,82,87,-5,5
63693,105,90,15,15
63694,107,98,9,9
63695,81,77,4,4
63696,44,41,3,3
63697,93,78,15,15
63698,63,62,1,1
63699,46,93,-47,47
63700,128,129,-1,1
63701,133,152,-19,19
63702,40,45,-5,5
63703,119,111,8,8
63704,100,92,8,8
63705,96,90,6,6
63706,84,85,-1,1
63707,188,189,-1,1
63708,66,72,-6,6
63709,145,140,5,5
63710,50,55,-5,5
63711,74,76,-2,2
63712,82,87,-5,5
63713,92,85,7,7
63714,131,123,8,8
63715,69,68,1,1
63716,97,84,13,13
63717,137,144,-7,7
63718,98,94,4,4
63719,67,66,1,1
63720,107,110,-3,3
63721,49,51,-2,2
63722,76,67,9,9
63723,66,66,0,0
63724,170,160,10,10
63725,101,102,-1,1
63726,95,76,19,19
63727,76,76,0,0
63728,82,86,-4,4
63729,84,73,11,11
63730,106,69,37,37
63731,64,70,-6,6
63732,91,91,0,0
63733,86,81,5,5
63734,54,45,9,9
63735,82,101,-19,19
63736,89,90,-1,1
63737,97,104,-7,7
63738,161,155,6,6
63739,48,54,-6,6
63740,109,106,3,3
63741,159,152,7,7
63742,106,121,-15,15
63743,181,163,18,18
63744,129,145,-16,16
63745,101,113,-12,12
63746,114,102,12,12
63747,126,125,1,1
63748,168,150,18,18
63749,95,96,-1,1
63750,80,79,1,1
63751,96,90,6,6
63752,35,108,-73,73
63753,73,67,6,6
63754,89,81,8,8
63755,107,93,14,14
63756,88,84,4,4
63757,92,98,-6,6
63758,91,86,5,5
63759,91,82,9,9
63760,120,146,-26,26
63761,82,76,6,6
63762,80,81,-1,1
63763,55,58,-3,3
63764,76,70,6,6
63765,72,63,9,9
63766,105,94,11,11
63767,113,119,-6,6
63768,67,51,16,16
63769,101,107,-6,6
63770,80,91,-11,11
63771,80,88,-8,8
63772,96,82,14,14
63773,71,121,-50,50
63774,148,155,-7,7
63775,72,73,-1,1
63776,127,132,-5,5
63777,75,80,-5,5
63778,83,81,2,2
63779,90,104,-14,14
63780,86,92,-6,6
63781,75,58,17,17
63782,72,70,2,2
63783,70,61,9,9
63784,105,105,0,0
63785,41,70,-29,29
63786,68,61,7,7
63787,86,86,0,0
63788,64,63,1,1
63789,86,86,0,0
63790,51,55,-4,4
63791,124,114,10,10
63792,88,87,1,1
63793,93,88,5,5
63794,54,64,-10,10
63795,71,63,8,8
63796,132,132,0,0
63797,101,107,-6,6
63798,172,162,10,10
63799,176,172,4,4
63800,173,180,-7,7
63801,130,133,-3,3
63802,79,68,11,11
63803,102,110,-8,8
63804,133,123,10,10
63805,90,71,19,19
63806,102,93,9,9
63807,65,61,4,4
63808,128,121,7,7
63809,159,122,37,37
63810,57,50,7,7
63811,171,164,7,7
63812,66,78,-12,12
63813,165,151,14,14
63814,51,43,8,8
63815,111,118,-7,7
63816,211,173,38,38
63817,89,84,5,5
63818,74,71,3,3
63819,86,100,-14,14
63820,129,106,23,23
63821,67,63,4,4
63822,112,127,-15,15
63823,102,77,25,25
63824,76,68,8,8
63825,67,82,-15,15
63826,96,92,4,4
63827,115,116,-1,1
63828,95,99,-4,4
63829,129,131,-2,2
63830,78,74,4,4
63831,58,66,-8,8
63832,93,94,-1,1
63833,53,58,-5,5
63834,62,70,-8,8
63835,89,98,-9,9
63836,110,106,4,4
63837,109,117,-8,8
63838,34,54,-20,20
63839,94,79,15,15
63840,54,79,-25,25
63841,111,106,5,5
63842,128,129,-1,1
63843,141,137,4,4
63844,92,81,11,11
63845,102,83,19,19
63846,94,100,-6,6
63847,130,125,5,5
63848,93,93,0,0
63849,86,70,16,16
63850,102,95,7,7
63851,137,127,10,10
63852,55,57,-2,2
63853,118,113,5,5
63854,121,124,-3,3
63855,155,140,15,15
63856,71,71,0,0
63857,140,133,7,7
63858,64,68,-4,4
63859,110,115,-5,5
63860,119,125,-6,6
63861,55,54,1,1
63862,80,86,-6,6
63863,142,147,-5,5
63864,44,47,-3,3
63865,111,111,0,0
63866,113,111,2,2
63867,146,136,10,10
63868,169,163,6,6
63869,129,126,3,3
63870,76,83,-7,7
63871,67,58,9,9
63872,75,66,9,9
63873,68,62,6,6
63874,74,69,5,5
63875,80,72,8,8
63876,33,49,-16,16
63877,91,86,5,5
63878,75,71,4,4
63879,94,85,9,9
63880,142,138,4,4
63881,50,73,-23,23
63882,193,191,2,2
63883,81,82,-1,1
63884,111,114,-3,3
63885,130,141,-11,11
63886,51,60,-9,9
63887,73,72,1,1
63888,136,143,-7,7
63889,94,94,0,0
63890,111,100,11,11
63891,119,106,13,13
63892,101,95,6,6
63893,79,74,5,5
63894,92,93,-1,1
63895,84,84,0,0
63896,48,66,-18,18
63897,105,107,-2,2
63898,87,77,10,10
63899,91,100,-9,9
63900,78,91,-13,13
63901,136,142,-6,6
63902,123,122,1,1
63903,130,139,-9,9
63904,126,132,-6,6
63905,84,87,-3,3
63906,122,131,-9,9
63907,124,117,7,7
63908,117,107,10,10
63909,49,56,-7,7
63910,63,63,0,0
63911,64,70,-6,6
63912,57,67,-10,10
63913,37,51,-14,14
63914,38,51,-13,13
63915,56,55,1,1
63916,137,135,2,2
63917,109,108,1,1
63918,158,151,7,7
63919,112,123,-11,11
63920,96,110,-14,14
63921,99,94,5,5
63922,68,74,-6,6
63923,94,95,-1,1
63924,118,129,-11,11
63925,80,83,-3,3
63926,78,79,-1,1
63927,94,89,5,5
63928,172,168,4,4
63929,39,49,-10,10
63930,62,81,-19,19
63931,152,138,14,14
63932,120,117,3,3
63933,90,76,14,14
63934,105,97,8,8
63935,80,73,7,7
63936,58,62,-4,4
63937,51,57,-6,6
63938,90,84,6,6
63939,107,100,7,7
63940,71,72,-1,1
63941,61,74,-13,13
63942,111,122,-11,11
63943,88,92,-4,4
63944,56,52,4,4
63945,93,84,9,9
63946,106,101,5,5
63947,96,94,2,2
63948,81,92,-11,11
63949,63,55,8,8
63950,112,121,-9,9
63951,120,110,10,10
63952,59,54,5,5
63953,103,105,-2,2
63954,50,47,3,3
63955,115,92,23,23
63956,54,71,-17,17
63957,71,66,5,5
63958,59,65,-6,6
63959,115,106,9,9
63960,47,53,-6,6
63961,100,98,2,2
63962,77,91,-14,14
63963,195,167,28,28
63964,118,109,9,9
63965,90,89,1,1
63966,101,104,-3,3
63967,141,130,11,11
63968,153,127,26,26
63969,72,72,0,0
63970,76,84,-8,8
63971,141,113,28,28
63972,168,148,20,20
63973,189,150,39,39
63974,52,59,-7,7
63975,90,80,10,10
63976,81,88,-7,7
63977,54,65,-11,11
63978,128,111,17,17
63979,86,88,-2,2
63980,65,77,-12,12
63981,53,45,8,8
63982,57,56,1,1
63983,90,114,-24,24
63984,73,70,3,3
63985,75,83,-8,8
63986,85,80,5,5
63987,143,140,3,3
63988,44,65,-21,21
63989,81,64,17,17
63990,76,92,-16,16
63991,126,122,4,4
63992,46,55,-9,9
63993,139,118,21,21
63994,154,140,14,14
63995,161,150,11,11
63996,59,54,5,5
63997,78,84,-6,6
63998,85,84,1,1
63999,48,63,-15,15
64000,71,68,3,3
64001,79,81,-2,2
64002,65,55,10,10
64003,78,74,4,4
64004,117,111,6,6
64005,51,53,-2,2
64006,153,120,33,33
64007,118,117,1,1
64008,66,62,4,4
64009,75,86,-11,11
64010,102,111,-9,9
64011,85,76,9,9
64012,64,61,3,3
64013,95,100,-5,5
64014,160,122,38,38
64015,94,77,17,17
64016,68,78,-10,10
64017,180,179,1,1
64018,52,84,-32,32
64019,106,123,-17,17
64020,85,87,-2,2
64021,115,124,-9,9
64022,57,40,17,17
64023,104,97,7,7
64024,53,57,-4,4
64025,79,66,13,13
64026,68,71,-3,3
64027,86,69,17,17
64028,121,123,-2,2
64029,54,45,9,9
64030,74,72,2,2
64031,122,150,-28,28
64032,67,100,-33,33
64033,128,138,-10,10
64034,56,53,3,3
64035,146,136,10,10
64036,111,119,-8,8
64037,86,89,-3,3
64038,96,91,5,5
64039,144,161,-17,17
64040,73,65,8,8
64041,50,52,-2,2
64042,179,174,5,5
64043,83,90,-7,7
64044,62,59,3,3
64045,103,105,-2,2
64046,101,98,3,3
64047,59,69,-10,10
64048,74,72,2,2
64049,72,83,-11,11
64050,75,80,-5,5
64051,109,104,5,5
64052,102,93,9,9
64053,143,148,-5,5
64054,83,108,-25,25
64055,156,158,-2,2
64056,124,107,17,17
64057,80,79,1,1
64058,161,145,16,16
64059,54,50,4,4
64060,75,83,-8,8
64061,155,126,29,29
64062,117,113,4,4
64063,130,127,3,3
64064,225,187,38,38
64065,94,93,1,1
64066,63,58,5,5
64067,72,69,3,3
64068,179,174,5,5
64069,141,149,-8,8
64070,82,74,8,8
64071,62,50,12,12
64072,122,125,-3,3
64073,79,71,8,8
64074,93,71,22,22
64075,137,175,-38,38
64076,110,109,1,1
64077,137,130,7,7
64078,84,67,17,17
64079,64,60,4,4
64080,64,56,8,8
64081,56,64,-8,8
64082,70,70,0,0
64083,76,74,2,2
64084,118,120,-2,2
64085,88,78,10,10
64086,81,72,9,9
64087,129,110,19,19
64088,64,60,4,4
64089,97,91,6,6
64090,123,132,-9,9
64091,86,75,11,11
64092,97,92,5,5
64093,115,118,-3,3
64094,96,95,1,1
64095,77,72,5,5
64096,168,165,3,3
64097,51,52,-1,1
64098,90,93,-3,3
64099,56,63,-7,7
64100,71,71,0,0
64101,107,106,1,1
64102,94,86,8,8
64103,46,78,-32,32
64104,118,106,12,12
64105,129,118,11,11
64106,106,113,-7,7
64107,81,89,-8,8
64108,82,74,8,8
64109,56,54,2,2
64110,79,69,10,10
64111,71,65,6,6
64112,148,166,-18,18
64113,205,181,24,24
64114,142,125,17,17
64115,85,72,13,13
64116,47,53,-6,6
64117,91,85,6,6
64118,108,116,-8,8
64119,73,68,5,5
64120,102,106,-4,4
64121,129,142,-13,13
64122,130,160,-30,30
64123,103,92,11,11
64124,70,94,-24,24
64125,90,81,9,9
64126,118,122,-4,4
64127,85,75,10,10
64128,63,67,-4,4
64129,62,51,11,11
64130,93,98,-5,5
64131,66,82,-16,16
64132,57,54,3,3
64133,43,52,-9,9
64134,104,90,14,14
64135,131,118,13,13
64136,88,86,2,2
64137,79,79,0,0
64138,83,58,25,25
64139,77,67,10,10
64140,82,90,-8,8
64141,109,107,2,2
64142,118,116,2,2
64143,134,140,-6,6
64144,124,124,0,0
64145,105,114,-9,9
64146,102,101,1,1
64147,109,116,-7,7
64148,100,91,9,9
64149,84,83,1,1
64150,88,79,9,9
64151,86,77,9,9
64152,92,88,4,4
64153,125,126,-1,1
64154,70,70,0,0
64155,167,134,33,33
64156,151,158,-7,7
64157,80,70,10,10
64158,125,93,32,32
64159,140,149,-9,9
64160,101,109,-8,8
64161,68,65,3,3
64162,48,87,-39,39
64163,105,102,3,3
64164,72,68,4,4
64165,73,82,-9,9
64166,139,129,10,10
64167,88,103,-15,15
64168,65,102,-37,37
64169,100,94,6,6
64170,150,143,7,7
64171,116,124,-8,8
64172,64,68,-4,4
64173,115,120,-5,5
64174,58,59,-1,1
64175,132,146,-14,14
64176,91,92,-1,1
64177,75,63,12,12
64178,98,101,-3,3
64179,109,104,5,5
64180,115,109,6,6
64181,86,83,3,3
64182,100,86,14,14
64183,77,67,10,10
64184,156,166,-10,10
64185,63,48,15,15
64186,81,78,3,3
64187,95,98,-3,3
64188,70,71,-1,1
64189,100,97,3,3
64190,92,92,0,0
64191,150,154,-4,4
64192,99,106,-7,7
64193,133,134,-1,1
64194,46,51,-5,5
64195,99,87,12,12
64196,128,115,13,13
64197,77,79,-2,2
64198,77,77,0,0
64199,62,57,5,5
64200,175,149,26,26
64201,183,171,12,12
64202,80,91,-11,11
64203,124,117,7,7
64204,116,105,11,11
64205,140,150,-10,10
64206,74,65,9,9
64207,104,118,-14,14
64208,43,53,-10,10
64209,191,180,11,11
64210,245,213,32,32
64211,94,100,-6,6
64212,110,101,9,9
64213,86,86,0,0
64214,49,63,-14,14
64215,116,124,-8,8
64216,58,66,-8,8
64217,51,46,5,5
64218,96,86,10,10
64219,73,79,-6,6
64220,100,113,-13,13
64221,83,128,-45,45
64222,130,122,8,8
64223,64,65,-1,1
64224,77,68,9,9
64225,126,137,-11,11
64226,52,44,8,8
64227,84,88,-4,4
64228,69,94,-25,25
64229,107,111,-4,4
64230,104,93,11,11
64231,55,55,0,0
64232,87,93,-6,6
64233,88,89,-1,1
64234,147,146,1,1
64235,122,124,-2,2
64236,120,126,-6,6
64237,166,150,16,16
64238,80,91,-11,11
64239,122,129,-7,7
64240,43,42,1,1
64241,121,116,5,5
64242,70,78,-8,8
64243,101,101,0,0
64244,57,64,-7,7
64245,100,95,5,5
64246,52,57,-5,5
64247,69,65,4,4
64248,52,44,8,8
64249,60,55,5,5
64250,74,69,5,5
64251,92,98,-6,6
64252,47,59,-12,12
64253,91,96,-5,5
64254,72,67,5,5
64255,45,44,1,1
64256,70,68,2,2
64257,119,132,-13,13
64258,113,120,-7,7
64259,51,59,-8,8
64260,56,63,-7,7
64261,95,99,-4,4
64262,82,86,-4,4
64263,79,71,8,8
64264,70,66,4,4
64265,78,68,10,10
64266,94,88,6,6
64267,68,60,8,8
64268,87,79,8,8
64269,164,159,5,5
64270,101,91,10,10
64271,145,140,5,5
64272,50,43,7,7
64273,65,83,-18,18
64274,108,93,15,15
64275,77,65,12,12
64276,153,131,22,22
64277,113,104,9,9
64278,181,160,21,21
64279,52,56,-4,4
64280,96,94,2,2
64281,139,142,-3,3
64282,91,94,-3,3
64283,73,74,-1,1
64284,77,80,-3,3
64285,71,68,3,3
64286,51,57,-6,6
64287,90,86,4,4
64288,68,60,8,8
64289,73,85,-12,12
64290,94,102,-8,8
64291,69,68,1,1
64292,90,87,3,3
64293,154,158,-4,4
64294,163,138,25,25
64295,74,69,5,5
64296,55,62,-7,7
64297,73,74,-1,1
64298,33,38,-5,5
64299,154,143,11,11
64300,70,45,25,25
64301,72,70,2,2
64302,96,106,-10,10
64303,117,117,0,0
64304,127,120,7,7
64305,84,94,-10,10
64306,99,103,-4,4
64307,72,67,5,5
64308,144,135,9,9
64309,74,79,-5,5
64310,75,79,-4,4
64311,89,81,8,8
64312,122,110,12,12
64313,165,151,14,14
64314,45,45,0,0
64315,82,91,-9,9
64316,84,82,2,2
64317,166,160,6,6
64318,140,132,8,8
64319,96,101,-5,5
64320,73,74,-1,1
64321,200,189,11,11
64322,113,111,2,2
64323,137,133,4,4
64324,87,79,8,8
64325,127,125,2,2
64326,74,61,13,13
64327,89,80,9,9
64328,128,138,-10,10
64329,73,78,-5,5
64330,53,48,5,5
64331,26,51,-25,25
64332,104,99,5,5
64333,91,83,8,8
64334,157,150,7,7
64335,93,82,11,11
64336,125,138,-13,13
64337,66,58,8,8
64338,125,122,3,3
64339,144,119,25,25
64340,106,95,11,11
64341,129,119,10,10
64342,86,99,-13,13
64343,188,179,9,9
64344,142,126,16,16
64345,54,59,-5,5
64346,185,156,29,29
64347,152,153,-1,1
64348,55,59,-4,4
64349,74,72,2,2
64350,132,158,-26,26
64351,80,84,-4,4
64352,77,70,7,7
64353,67,45,22,22
64354,71,64,7,7
64355,129,114,15,15
64356,116,107,9,9
64357,97,92,5,5
64358,39,49,-10,10
64359,44,49,-5,5
64360,73,82,-9,9
64361,78,73,5,5
64362,68,65,3,3
64363,57,51,6,6
64364,97,83,14,14
64365,77,75,2,2
64366,159,153,6,6
64367,144,130,14,14
64368,58,55,3,3
64369,74,85,-11,11
64370,47,50,-3,3
64371,86,78,8,8
64372,95,88,7,7
64373,74,74,0,0
64374,84,98,-14,14
64375,175,179,-4,4
64376,47,43,4,4
64377,110,102,8,8
64378,181,167,14,14
64379,117,103,14,14
64380,77,62,15,15
64381,88,80,8,8
64382,84,82,2,2
64383,56,44,12,12
64384,49,33,16,16
64385,75,84,-9,9
64386,58,50,8,8
64387,110,115,-5,5
64388,80,73,7,7
64389,120,131,-11,11
64390,79,103,-24,24
64391,107,108,-1,1
64392,79,75,4,4
64393,69,86,-17,17
64394,36,42,-6,6
64395,106,111,-5,5
64396,64,64,0,0
64397,91,106,-15,15
64398,70,74,-4,4
64399,69,61,8,8
64400,75,72,3,3
64401,54,52,2,2
64402,69,71,-2,2
64403,105,110,-5,5
64404,67,66,1,1
64405,28,36,-8,8
64406,57,59,-2,2
64407,46,42,4,4
64408,52,55,-3,3
64409,122,121,1,1
64410,101,105,-4,4
64411,129,134,-5,5
64412,143,158,-15,15
64413,193,172,21,21
64414,55,56,-1,1
64415,92,92,0,0
64416,107,85,22,22
64417,137,121,16,16
64418,100,102,-2,2
64419,61,63,-2,2
64420,113,105,8,8
64421,112,102,10,10
64422,78,71,7,7
64423,82,85,-3,3
64424,58,60,-2,2
64425,65,55,10,10
64426,52,59,-7,7
64427,106,103,3,3
64428,47,55,-8,8
64429,72,74,-2,2
64430,75,81,-6,6
64431,135,150,-15,15
64432,87,88,-1,1
64433,175,156,19,19
64434,99,123,-24,24
64435,50,44,6,6
64436,90,91,-1,1
64437,83,85,-2,2
64438,68,68,0,0
64439,85,93,-8,8
64440,73,78,-5,5
64441,58,75,-17,17
64442,78,71,7,7
64443,89,96,-7,7
64444,49,46,3,3
64445,73,63,10,10
64446,108,96,12,12
64447,60,67,-7,7
64448,142,140,2,2
64449,217,180,37,37
64450,57,50,7,7
64451,61,65,-4,4
64452,82,71,11,11
64453,73,83,-10,10
64454,108,103,5,5
64455,139,137,2,2
64456,80,71,9,9
64457,218,203,15,15
64458,119,133,-14,14
64459,105,104,1,1
64460,57,60,-3,3
64461,106,106,0,0
64462,74,87,-13,13
64463,77,81,-4,4
64464,143,141,2,2
64465,103,107,-4,4
64466,120,123,-3,3
64467,124,115,9,9
64468,112,100,12,12
64469,105,94,11,11
64470,144,154,-10,10
64471,97,88,9,9
64472,65,68,-3,3
64473,74,61,13,13
64474,55,56,-1,1
64475,80,82,-2,2
64476,115,112,3,3
64477,145,129,16,16
64478,103,114,-11,11
64479,132,128,4,4
64480,46,154,-108,108
64481,59,57,2,2
64482,83,74,9,9
64483,150,153,-3,3
64484,182,150,32,32
64485,44,39,5,5
64486,64,74,-10,10
64487,53,54,-1,1
64488,78,82,-4,4
64489,112,124,-12,12
64490,109,105,4,4
64491,95,109,-14,14
64492,62,77,-15,15
64493,57,57,0,0
64494,130,144,-14,14
64495,101,93,8,8
64496,135,141,-6,6
64497,100,121,-21,21
64498,107,117,-10,10
64499,97,98,-1,1
64500,79,77,2,2
64501,80,93,-13,13
64502,94,75,19,19
64503,122,120,2,2
64504,57,59,-2,2
64505,58,65,-7,7
64506,76,76,0,0
64507,144,125,19,19
64508,51,46,5,5
64509,54,54,0,0
64510,85,90,-5,5
64511,61,64,-3,3
64512,148,128,20,20
64513,33,52,-19,19
64514,99,98,1,1
64515,117,120,-3,3
64516,82,69,13,13
64517,54,82,-28,28
64518,144,127,17,17
64519,141,146,-5,5
64520,80,93,-13,13
64521,203,182,21,21
64522,93,87,6,6
64523,65,77,-12,12
64524,61,51,10,10
64525,139,140,-1,1
64526,84,80,4,4
64527,72,73,-1,1
64528,68,72,-4,4
64529,56,65,-9,9
64530,101,109,-8,8
64531,63,77,-14,14
64532,94,97,-3,3
64533,120,112,8,8
64534,113,135,-22,22
64535,32,44,-12,12
64536,94,109,-15,15
64537,116,122,-6,6
64538,101,95,6,6
64539,57,64,-7,7
64540,144,124,20,20
64541,76,73,3,3
64542,94,89,5,5
64543,80,80,0,0
64544,100,103,-3,3
64545,150,149,1,1
64546,85,87,-2,2
64547,77,68,9,9
64548,75,71,4,4
64549,170,155,15,15
64550,138,141,-3,3
64551,74,65,9,9
64552,83,95,-12,12
64553,193,186,7,7
64554,95,77,18,18
64555,132,125,7,7
64556,69,68,1,1
64557,120,131,-11,11
64558,102,98,4,4
64559,87,80,7,7
64560,133,122,11,11
64561,106,100,6,6
64562,90,92,-2,2
64563,61,64,-3,3
64564,87,81,6,6
64565,130,105,25,25
64566,77,84,-7,7
64567,80,98,-18,18
64568,95,82,13,13
64569,64,61,3,3
64570,57,66,-9,9
64571,70,62,8,8
64572,111,106,5,5
64573,54,60,-6,6
64574,142,158,-16,16
64575,52,51,1,1
64576,47,57,-10,10
64577,133,131,2,2
64578,140,136,4,4
64579,60,66,-6,6
64580,186,165,21,21
64581,77,78,-1,1
64582,101,96,5,5
64583,59,63,-4,4
64584,121,139,-18,18
64585,104,105,-1,1
64586,155,132,23,23
64587,83,80,3,3
64588,77,79,-2,2
64589,123,119,4,4
64590,59,56,3,3
64591,105,90,15,15
64592,75,80,-5,5
64593,116,99,17,17
64594,72,73,-1,1
64595,149,161,-12,12
64596,119,109,10,10
64597,63,71,-8,8
64598,87,79,8,8
64599,137,135,2,2
64600,82,67,15,15
64601,125,125,0,0
64602,36,9,27,27
64603,67,74,-7,7
64604,116,116,0,0
64605,155,137,18,18
64606,103,84,19,19
64607,104,108,-4,4
64608,143,137,6,6
64609,123,123,0,0
64610,121,119,2,2
64611,87,85,2,2
64612,72,76,-4,4
64613,49,61,-12,12
64614,69,81,-12,12
64615,72,90,-18,18
64616,116,78,38,38
64617,138,155,-17,17
64618,97,106,-9,9
64619,63,61,2,2
64620,109,103,6,6
64621,80,80,0,0
64622,96,91,5,5
64623,98,84,14,14
64624,101,111,-10,10
64625,143,111,32,32
64626,90,75,15,15
64627,85,85,0,0
64628,120,127,-7,7
64629,65,60,5,5
64630,161,131,30,30
64631,124,102,22,22
64632,103,91,12,12
64633,99,92,7,7
64634,121,116,5,5
64635,122,127,-5,5
64636,104,113,-9,9
64637,160,169,-9,9
64638,109,86,23,23
64639,63,58,5,5
64640,112,125,-13,13
64641,88,81,7,7
64642,88,83,5,5
64643,101,105,-4,4
64644,50,48,2,2
64645,170,181,-11,11
64646,64,74,-10,10
64647,102,114,-12,12
64648,93,86,7,7
64649,132,119,13,13
64650,75,82,-7,7
64651,84,64,20,20
64652,60,51,9,9
64653,103,122,-19,19
64654,58,69,-11,11
64655,153,130,23,23
64656,135,126,9,9
64657,62,95,-33,33
64658,162,147,15,15
64659,74,73,1,1
64660,90,84,6,6
64661,127,116,11,11
64662,97,98,-1,1
64663,102,105,-3,3
64664,117,110,7,7
64665,38,44,-6,6
64666,114,114,0,0
64667,45,36,9,9
64668,100,101,-1,1
64669,61,57,4,4
64670,101,89,12,12
64671,120,125,-5,5
64672,152,145,7,7
64673,84,95,-11,11
64674,100,93,7,7
64675,108,116,-8,8
64676,124,138,-14,14
64677,148,158,-10,10
64678,46,58,-12,12
64679,119,112,7,7
64680,118,108,10,10
64681,52,79,-27,27
64682,104,116,-12,12
64683,82,100,-18,18
64684,100,91,9,9
64685,118,111,7,7
64686,70,72,-2,2
64687,104,85,19,19
64688,141,129,12,12
64689,97,92,5,5
64690,24,32,-8,8
64691,192,167,25,25
64692,71,64,7,7
64693,78,92,-14,14
64694,46,52,-6,6
64695,79,71,8,8
64696,153,140,13,13
64697,88,102,-14,14
64698,64,72,-8,8
64699,81,77,4,4
64700,81,87,-6,6
64701,105,97,8,8
64702,88,92,-4,4
64703,120,129,-9,9
64704,68,63,5,5
64705,84,86,-2,2
64706,121,97,24,24
64707,80,76,4,4
64708,138,147,-9,9
64709,90,84,6,6
64710,87,90,-3,3
64711,92,94,-2,2
64712,111,120,-9,9
64713,77,75,2,2
64714,74,74,0,0
64715,170,135,35,35
64716,77,78,-1,1
64717,117,126,-9,9
64718,151,140,11,11
64719,84,91,-7,7
64720,108,115,-7,7
64721,69,73,-4,4
64722,121,119,2,2
64723,94,103,-9,9
64724,41,47,-6,6
64725,140,139,1,1
64726,76,57,19,19
64727,85,73,12,12
64728,104,104,0,0
64729,48,56,-8,8
64730,128,128,0,0
64731,68,70,-2,2
64732,70,66,4,4
64733,93,77,16,16
64734,69,77,-8,8
64735,56,54,2,2
64736,96,97,-1,1
64737,50,45,5,5
64738,64,67,-3,3
64739,69,78,-9,9
64740,89,85,4,4
64741,75,75,0,0
64742,77,78,-1,1
64743,68,67,1,1
64744,59,80,-21,21
64745,140,116,24,24
64746,79,77,2,2
64747,46,49,-3,3
64748,54,58,-4,4
64749,89,97,-8,8
64750,99,101,-2,2
64751,68,68,0,0
64752,86,93,-7,7
64753,106,98,8,8
64754,82,77,5,5
64755,97,117,-20,20
64756,29,48,-19,19
64757,99,103,-4,4
64758,119,129,-10,10
64759,102,98,4,4
64760,104,102,2,2
64761,148,123,25,25
64762,146,150,-4,4
64763,107,104,3,3
64764,49,42,7,7
64765,45,42,3,3
64766,133,143,-10,10
64767,102,103,-1,1
64768,110,113,-3,3
64769,100,106,-6,6
64770,112,102,10,10
64771,59,72,-13,13
64772,73,67,6,6
64773,115,130,-15,15
64774,88,74,14,14
64775,77,78,-1,1
64776,133,137,-4,4
64777,86,79,7,7
64778,74,55,19,19
64779,125,118,7,7
64780,97,94,3,3
64781,71,54,17,17
64782,42,51,-9,9
64783,140,145,-5,5
64784,70,63,7,7
64785,76,84,-8,8
64786,59,56,3,3
64787,87,90,-3,3
64788,134,128,6,6
64789,173,162,11,11
64790,47,49,-2,2
64791,112,107,5,5
64792,94,106,-12,12
64793,81,67,14,14
64794,152,160,-8,8
64795,56,50,6,6
64796,72,63,9,9
64797,82,83,-1,1
64798,68,65,3,3
64799,87,87,0,0
64800,116,138,-22,22
64801,49,43,6,6
64802,124,118,6,6
64803,146,153,-7,7
64804,151,143,8,8
64805,67,81,-14,14
64806,57,96,-39,39
64807,147,150,-3,3
64808,104,105,-1,1
64809,124,136,-12,12
64810,46,64,-18,18
64811,118,123,-5,5
64812,110,123,-13,13
64813,82,76,6,6
64814,97,80,17,17
64815,104,101,3,3
64816,46,56,-10,10
64817,76,77,-1,1
64818,66,59,7,7
64819,51,48,3,3
64820,63,71,-8,8
64821,81,78,3,3
64822,110,103,7,7
64823,160,152,8,8
64824,65,66,-1,1
64825,43,54,-11,11
64826,67,105,-38,38
64827,104,100,4,4
64828,83,78,5,5
64829,57,65,-8,8
64830,139,139,0,0
64831,78,75,3,3
64832,68,74,-6,6
64833,91,83,8,8
64834,117,123,-6,6
64835,117,120,-3,3
64836,110,131,-21,21
64837,67,64,3,3
64838,89,80,9,9
64839,96,116,-20,20
64840,92,97,-5,5
64841,87,81,6,6
64842,92,86,6,6
64843,59,65,-6,6
64844,66,67,-1,1
64845,160,160,0,0
64846,188,173,15,15
64847,96,93,3,3
64848,75,83,-8,8
64849,140,124,16,16
64850,95,92,3,3
64851,83,82,1,1
64852,103,102,1,1
64853,81,78,3,3
64854,87,84,3,3
64855,90,89,1,1
64856,66,67,-1,1
64857,100,93,7,7
64858,75,71,4,4
64859,50,52,-2,2
64860,68,63,5,5
64861,82,72,10,10
64862,72,62,10,10
64863,56,61,-5,5
64864,113,108,5,5
64865,41,50,-9,9
64866,56,67,-11,11
64867,92,86,6,6
64868,68,70,-2,2
64869,63,63,0,0
64870,111,127,-16,16
64871,74,71,3,3
64872,91,100,-9,9
64873,84,129,-45,45
64874,107,115,-8,8
64875,95,95,0,0
64876,80,67,13,13
64877,125,124,1,1
64878,57,58,-1,1
64879,115,126,-11,11
64880,117,119,-2,2
64881,71,61,10,10
64882,72,70,2,2
64883,199,185,14,14
64884,100,103,-3,3
64885,75,65,10,10
64886,78,73,5,5
64887,82,73,9,9
64888,85,86,-1,1
64889,53,58,-5,5
64890,89,76,13,13
64891,111,103,8,8
64892,58,59,-1,1
64893,74,64,10,10
64894,106,120,-14,14
64895,139,130,9,9
64896,94,97,-3,3
64897,66,58,8,8
64898,140,121,19,19
64899,100,98,2,2
64900,60,64,-4,4
64901,118,97,21,21
64902,108,106,2,2
64903,131,117,14,14
64904,141,158,-17,17
64905,107,103,4,4
64906,65,72,-7,7
64907,104,118,-14,14
64908,121,123,-2,2
64909,93,99,-6,6
64910,85,99,-14,14
64911,77,76,1,1
64912,113,101,12,12
64913,44,44,0,0
64914,110,124,-14,14
64915,75,62,13,13
64916,65,61,4,4
64917,59,49,10,10
64918,102,86,16,16
64919,93,112,-19,19
64920,85,83,2,2
64921,57,61,-4,4
64922,129,128,1,1
64923,45,61,-16,16
64924,60,82,-22,22
64925,89,100,-11,11
64926,93,87,6,6
64927,104,102,2,2
64928,55,50,5,5
64929,83,92,-9,9
64930,137,143,-6,6
64931,109,101,8,8
64932,69,61,8,8
64933,110,107,3,3
64934,119,102,17,17
64935,97,91,6,6
64936,81,83,-2,2
64937,104,106,-2,2
64938,71,75,-4,4
64939,50,50,0,0
64940,136,128,8,8
64941,70,61,9,9
64942,63,77,-14,14
64943,90,95,-5,5
64944,102,90,12,12
64945,50,49,1,1
64946,138,123,15,15
64947,103,127,-24,24
64948,127,123,4,4
64949,129,131,-2,2
64950,144,150,-6,6
64951,52,52,0,0
64952,72,68,4,4
64953,94,84,10,10
64954,77,62,15,15
64955,62,69,-7,7
64956,91,93,-2,2
64957,58,62,-4,4
64958,78,77,1,1
64959,63,67,-4,4
64960,111,99,12,12
64961,87,89,-2,2
64962,85,80,5,5
64963,224,187,37,37
64964,99,95,4,4
64965,84,78,6,6
64966,101,103,-2,2
64967,156,126,30,30
64968,50,56,-6,6
64969,82,83,-1,1
64970,190,176,14,14
64971,127,137,-10,10
64972,61,66,-5,5
64973,100,105,-5,5
64974,81,81,0,0
64975,141,127,14,14
64976,80,71,9,9
64977,67,71,-4,4
64978,90,94,-4,4
64979,81,83,-2,2
64980,55,60,-5,5
64981,85,86,-1,1
64982,36,50,-14,14
64983,87,79,8,8
64984,73,80,-7,7
64985,90,83,7,7
64986,69,81,-12,12
64987,88,84,4,4
64988,64,60,4,4
64989,56,57,-1,1
64990,130,139,-9,9
64991,59,57,2,2
64992,140,135,5,5
64993,129,114,15,15
64994,122,118,4,4
64995,69,67,2,2
64996,65,73,-8,8
64997,103,100,3,3
64998,36,44,-8,8
64999,193,209,-16,16
65000,123,118,5,5
65001,77,80,-3,3
65002,75,60,15,15
65003,85,87,-2,2
65004,124,123,1,1
65005,148,145,3,3
65006,92,97,-5,5
65007,70,66,4,4
65008,129,118,11,11
65009,51,46,5,5
65010,98,85,13,13
65011,130,117,13,13
65012,134,128,6,6
65013,89,79,10,10
65014,83,86,-3,3
65015,89,92,-3,3
65016,101,98,3,3
65017,110,101,9,9
65018,68,69,-1,1
65019,68,65,3,3
65020,72,70,2,2
65021,77,80,-3,3
65022,147,128,19,19
65023,117,105,12,12
65024,79,100,-21,21
65025,103,111,-8,8
65026,65,69,-4,4
65027,102,89,13,13
65028,66,70,-4,4
65029,101,114,-13,13
65030,77,82,-5,5
65031,58,62,-4,4
65032,75,79,-4,4
65033,50,71,-21,21
65034,116,115,1,1
65035,78,77,1,1
65036,111,97,14,14
65037,35,47,-12,12
65038,94,88,6,6
65039,136,135,1,1
65040,71,70,1,1
65041,94,101,-7,7
65042,81,71,10,10
65043,54,44,10,10
65044,94,83,11,11
65045,94,97,-3,3
65046,143,133,10,10
65047,82,81,1,1
65048,156,144,12,12
65049,81,91,-10,10
65050,169,175,-6,6
65051,104,93,11,11
65052,107,113,-6,6
65053,69,88,-19,19
65054,123,100,23,23
65055,51,57,-6,6
65056,88,94,-6,6
65057,41,41,0,0
65058,56,62,-6,6
65059,138,137,1,1
65060,102,98,4,4
65061,97,76,21,21
65062,124,133,-9,9
65063,124,133,-9,9
65064,119,134,-15,15
65065,55,57,-2,2
65066,116,121,-5,5
65067,60,77,-17,17
65068,134,110,24,24
65069,63,84,-21,21
65070,73,88,-15,15
65071,145,135,10,10
65072,111,82,29,29
65073,110,118,-8,8
65074,194,158,36,36
65075,92,88,4,4
65076,97,90,7,7
65077,116,121,-5,5
65078,61,57,4,4
65079,150,147,3,3
65080,45,38,7,7
65081,99,84,15,15
65082,79,75,4,4
65083,118,126,-8,8
65084,74,65,9,9
65085,108,105,3,3
65086,85,91,-6,6
65087,89,78,11,11
65088,107,108,-1,1
65089,165,167,-2,2
65090,84,76,8,8
65091,132,131,1,1
65092,90,74,16,16
65093,144,122,22,22
65094,87,91,-4,4
65095,103,89,14,14
65096,98,108,-10,10
65097,88,80,8,8
65098,125,114,11,11
65099,112,97,15,15
65100,51,46,5,5
65101,105,108,-3,3
65102,149,134,15,15
65103,109,110,-1,1
65104,74,74,0,0
65105,83,80,3,3
65106,85,84,1,1
65107,75,63,12,12
65108,78,83,-5,5
65109,67,74,-7,7
65110,48,42,6,6
65111,109,83,26,26
65112,92,93,-1,1
65113,90,93,-3,3
65114,90,81,9,9
65115,98,98,0,0
65116,76,77,-1,1
65117,83,93,-10,10
65118,148,156,-8,8
65119,99,85,14,14
65120,68,62,6,6
65121,79,63,16,16
65122,98,102,-4,4
65123,194,168,26,26
65124,90,78,12,12
65125,70,70,0,0
65126,88,87,1,1
65127,66,66,0,0
65128,81,93,-12,12
65129,122,116,6,6
65130,96,97,-1,1
65131,69,63,6,6
65132,113,93,20,20
65133,61,61,0,0
65134,101,89,12,12
65135,178,150,28,28
65136,111,104,7,7
65137,81,73,8,8
65138,147,163,-16,16
65139,121,120,1,1
65140,78,82,-4,4
65141,86,72,14,14
65142,54,59,-5,5
65143,46,52,-6,6
65144,62,62,0,0
65145,94,122,-28,28
65146,101,116,-15,15
65147,60,65,-5,5
65148,72,58,14,14
65149,75,78,-3,3
65150,148,140,8,8
65151,123,112,11,11
65152,81,93,-12,12
65153,126,142,-16,16
65154,163,148,15,15
65155,105,98,7,7
65156,85,91,-6,6
65157,102,95,7,7
65158,89,85,4,4
65159,123,122,1,1
65160,62,50,12,12
65161,78,86,-8,8
65162,98,92,6,6
65163,68,67,1,1
65164,99,100,-1,1
65165,112,112,0,0
65166,89,78,11,11
65167,89,90,-1,1
65168,83,79,4,4
65169,119,116,3,3
65170,92,106,-14,14
65171,77,79,-2,2
65172,74,59,15,15
65173,115,155,-40,40
65174,107,103,4,4
65175,98,78,20,20
65176,136,124,12,12
65177,42,52,-10,10
65178,119,131,-12,12
65179,119,107,12,12
65180,109,103,6,6
65181,113,115,-2,2
65182,164,159,5,5
65183,86,80,6,6
65184,97,105,-8,8
65185,112,118,-6,6
65186,124,114,10,10
65187,84,102,-18,18
65188,77,78,-1,1
65189,87,78,9,9
65190,52,56,-4,4
65191,112,111,1,1
65192,78,89,-11,11
65193,93,87,6,6
65194,115,143,-28,28
65195,76,69,7,7
65196,209,182,27,27
65197,41,86,-45,45
65198,115,115,0,0
65199,155,147,8,8
65200,53,52,1,1
65201,72,68,4,4
65202,110,81,29,29
65203,91,91,0,0
65204,99,93,6,6
65205,88,91,-3,3
65206,100,102,-2,2
65207,73,80,-7,7
65208,70,67,3,3
65209,126,118,8,8
65210,102,102,0,0
65211,97,83,14,14
65212,60,68,-8,8
65213,44,56,-12,12
65214,62,74,-12,12
65215,52,55,-3,3
65216,128,125,3,3
65217,168,168,0,0
65218,101,105,-4,4
65219,106,106,0,0
65220,191,168,23,23
65221,51,62,-11,11
65222,196,165,31,31
65223,92,98,-6,6
65224,47,47,0,0
65225,115,98,17,17
65226,70,57,13,13
65227,84,93,-9,9
65228,145,143,2,2
65229,102,116,-14,14
65230,31,32,-1,1
65231,65,64,1,1
65232,92,90,2,2
65233,77,80,-3,3
65234,90,94,-4,4
65235,30,24,6,6
65236,72,79,-7,7
65237,109,112,-3,3
65238,148,155,-7,7
65239,81,99,-18,18
65240,75,68,7,7
65241,60,59,1,1
65242,147,149,-2,2
65243,95,89,6,6
65244,71,69,2,2
65245,145,154,-9,9
65246,91,96,-5,5
65247,48,61,-13,13
65248,94,99,-5,5
65249,86,98,-12,12
65250,70,65,5,5
65251,120,122,-2,2
65252,117,115,2,2
65253,118,94,24,24
65254,66,69,-3,3
65255,70,75,-5,5
65256,51,50,1,1
65257,80,83,-3,3
65258,78,77,1,1
65259,136,115,21,21
65260,105,109,-4,4
65261,94,85,9,9
65262,119,116,3,3
65263,119,108,11,11
65264,66,60,6,6
65265,133,124,9,9
65266,106,101,5,5
65267,110,104,6,6
65268,109,106,3,3
65269,97,125,-28,28
65270,54,57,-3,3
65271,143,109,34,34
65272,103,107,-4,4
65273,55,50,5,5
65274,72,74,-2,2
65275,300,262,38,38
65276,110,119,-9,9
65277,120,119,1,1
65278,114,124,-10,10
65279,65,66,-1,1
65280,51,54,-3,3
65281,107,98,9,9
65282,86,93,-7,7
65283,91,91,0,0
65284,102,86,16,16
65285,72,73,-1,1
65286,82,83,-1,1
65287,134,123,11,11
65288,133,125,8,8
65289,79,81,-2,2
65290,146,137,9,9
65291,176,128,48,48
65292,117,120,-3,3
65293,82,93,-11,11
65294,105,98,7,7
65295,89,89,0,0
65296,72,84,-12,12
65297,71,53,18,18
65298,117,117,0,0
65299,140,118,22,22
65300,80,83,-3,3
65301,53,59,-6,6
65302,185,178,7,7
65303,111,98,13,13
65304,92,97,-5,5
65305,91,84,7,7
65306,112,94,18,18
65307,59,61,-2,2
65308,106,95,11,11
65309,53,56,-3,3
65310,132,133,-1,1
65311,80,79,1,1
65312,163,157,6,6
65313,58,68,-10,10
65314,138,131,7,7
65315,173,169,4,4
65316,64,69,-5,5
65317,78,76,2,2
65318,101,98,3,3
65319,103,101,2,2
65320,87,89,-2,2
65321,105,103,2,2
65322,94,88,6,6
65323,89,95,-6,6
65324,63,63,0,0
65325,92,76,16,16
65326,139,131,8,8
65327,78,83,-5,5
65328,58,75,-17,17
65329,77,83,-6,6
65330,71,79,-8,8
65331,154,156,-2,2
65332,93,87,6,6
65333,61,58,3,3
65334,168,158,10,10
65335,139,125,14,14
65336,78,75,3,3
65337,132,131,1,1
65338,56,54,2,2
65339,78,81,-3,3
65340,86,87,-1,1
65341,68,68,0,0
65342,31,57,-26,26
65343,60,67,-7,7
65344,150,149,1,1
65345,117,104,13,13
65346,104,101,3,3
65347,102,97,5,5
65348,77,87,-10,10
65349,64,69,-5,5
65350,103,106,-3,3
65351,113,124,-11,11
65352,96,96,0,0
65353,114,67,47,47
65354,126,115,11,11
65355,106,114,-8,8
65356,59,54,5,5
65357,81,81,0,0
65358,109,104,5,5
65359,121,125,-4,4
65360,70,68,2,2
65361,148,121,27,27
65362,94,48,46,46
65363,127,113,14,14
65364,117,110,7,7
65365,104,97,7,7
65366,46,56,-10,10
65367,106,130,-24,24
65368,94,89,5,5
65369,124,116,8,8
65370,62,65,-3,3
65371,62,78,-16,16
65372,74,88,-14,14
65373,53,58,-5,5
65374,40,45,-5,5
65375,70,68,2,2
65376,60,62,-2,2
65377,45,36,9,9
65378,111,114,-3,3
65379,37,54,-17,17
65380,88,101,-13,13
65381,51,108,-57,57
65382,66,62,4,4
65383,76,75,1,1
65384,91,75,16,16
65385,121,122,-1,1
65386,135,140,-5,5
65387,87,87,0,0
65388,99,85,14,14
65389,106,98,8,8
65390,83,87,-4,4
65391,94,80,14,14
65392,76,75,1,1
65393,69,73,-4,4
65394,100,116,-16,16
65395,118,125,-7,7
65396,66,84,-18,18
65397,89,91,-2,2
65398,104,129,-25,25
65399,110,100,10,10
65400,106,96,10,10
65401,118,108,10,10
65402,83,86,-3,3
65403,85,83,2,2
65404,73,81,-8,8
65405,72,65,7,7
65406,61,57,4,4
65407,59,58,1,1
65408,114,112,2,2
65409,68,85,-17,17
65410,179,168,11,11
65411,70,62,8,8
65412,91,83,8,8
65413,114,108,6,6
65414,108,102,6,6
65415,79,81,-2,2
65416,79,69,10,10
65417,125,133,-8,8
65418,117,100,17,17
65419,68,76,-8,8
65420,79,77,2,2
65421,103,113,-10,10
65422,207,180,27,27
65423,63,67,-4,4
65424,117,118,-1,1
65425,63,58,5,5
65426,71,68,3,3
65427,74,87,-13,13
65428,55,44,11,11
65429,170,157,13,13
65430,69,68,1,1
65431,51,56,-5,5
65432,55,59,-4,4
65433,73,75,-2,2
65434,89,106,-17,17
65435,173,143,30,30
65436,119,112,7,7
65437,85,96,-11,11
65438,94,101,-7,7
65439,104,79,25,25
65440,96,93,3,3
65441,61,65,-4,4
65442,86,81,5,5
65443,95,94,1,1
65444,161,151,10,10
65445,80,75,5,5
65446,112,104,8,8
65447,75,74,1,1
65448,141,136,5,5
65449,161,159,2,2
65450,99,101,-2,2
65451,94,86,8,8
65452,146,135,11,11
65453,72,68,4,4
65454,105,87,18,18
65455,69,59,10,10
65456,113,103,10,10
65457,132,120,12,12
65458,121,127,-6,6
65459,91,93,-2,2
65460,70,83,-13,13
65461,96,92,4,4
65462,155,141,14,14
65463,130,143,-13,13
65464,186,148,38,38
65465,96,94,2,2
65466,146,159,-13,13
65467,113,108,5,5
65468,86,87,-1,1
65469,104,106,-2,2
65470,66,60,6,6
65471,96,83,13,13
65472,88,77,11,11
65473,111,114,-3,3
65474,146,129,17,17
65475,86,74,12,12
65476,46,61,-15,15
65477,72,75,-3,3
65478,170,148,22,22
65479,35,39,-4,4
65480,90,83,7,7
65481,143,148,-5,5
65482,157,144,13,13
65483,62,73,-11,11
65484,65,61,4,4
65485,75,69,6,6
65486,89,85,4,4
65487,82,68,14,14
65488,80,87,-7,7
65489,56,46,10,10
65490,76,65,11,11
65491,113,113,0,0
65492,104,107,-3,3
65493,99,96,3,3
65494,62,73,-11,11
65495,140,152,-12,12
65496,76,74,2,2
65497,114,118,-4,4
65498,108,116,-8,8
65499,81,67,14,14
65500,63,59,4,4
65501,125,120,5,5
65502,70,54,16,16
65503,90,89,1,1
65504,37,47,-10,10
65505,92,120,-28,28
65506,96,94,2,2
65507,85,89,-4,4
65508,106,114,-8,8
65509,86,84,2,2
65510,101,87,14,14
65511,101,99,2,2
65512,100,103,-3,3
65513,105,99,6,6
65514,71,72,-1,1
65515,58,54,4,4
65516,179,161,18,18
65517,106,106,0,0
65518,89,87,2,2
65519,84,121,-37,37
65520,113,121,-8,8
65521,129,113,16,16
65522,87,90,-3,3
65523,122,129,-7,7
65524,109,115,-6,6
65525,78,91,-13,13
65526,96,93,3,3
65527,176,154,22,22
65528,114,111,3,3
65529,89,75,14,14
65530,115,100,15,15
65531,73,68,5,5
65532,68,72,-4,4
65533,148,143,5,5
65534,70,67,3,3
65535,108,101,7,7
65536,60,50,10,10
65537,98,77,21,21
65538,47,54,-7,7
65539,84,86,-2,2
65540,60,49,11,11
65541,119,128,-9,9
65542,66,62,4,4
65543,115,123,-8,8
65544,172,157,15,15
65545,105,92,13,13
65546,83,76,7,7
65547,75,73,2,2
65548,48,45,3,3
65549,100,98,2,2
65550,59,60,-1,1
65551,67,57,10,10
65552,103,117,-14,14
65553,48,54,-6,6
65554,108,116,-8,8
65555,77,61,16,16
65556,126,131,-5,5
65557,82,89,-7,7
65558,38,94,-56,56
65559,99,96,3,3
65560,56,72,-16,16
65561,131,109,22,22
65562,96,86,10,10
65563,83,87,-4,4
65564,120,124,-4,4
65565,102,80,22,22
65566,93,89,4,4
65567,127,107,20,20
65568,67,56,11,11
65569,98,99,-1,1
65570,77,62,15,15
65571,84,76,8,8
65572,96,96,0,0
65573,118,105,13,13
65574,84,83,1,1
65575,70,82,-12,12
65576,100,98,2,2
65577,118,104,14,14
65578,54,68,-14,14
65579,170,168,2,2
65580,91,104,-13,13
65581,86,80,6,6
65582,82,86,-4,4
65583,123,136,-13,13
65584,94,98,-4,4
65585,86,94,-8,8
65586,142,149,-7,7
65587,132,112,20,20
65588,140,124,16,16
65589,177,156,21,21
65590,54,66,-12,12
65591,51,63,-12,12
65592,130,121,9,9
65593,71,67,4,4
65594,61,57,4,4
65595,93,102,-9,9
65596,93,98,-5,5
65597,83,63,20,20
65598,104,97,7,7
65599,93,87,6,6
65600,88,88,0,0
65601,89,81,8,8
65602,154,156,-2,2
65603,53,54,-1,1
65604,85,82,3,3
65605,89,100,-11,11
65606,107,107,0,0
65607,102,99,3,3
65608,88,96,-8,8
65609,35,34,1,1
65610,118,115,3,3
65611,63,58,5,5
65612,56,64,-8,8
65613,41,48,-7,7
65614,108,127,-19,19
65615,137,140,-3,3
65616,70,71,-1,1
65617,131,145,-14,14
65618,83,74,9,9
65619,87,81,6,6
65620,87,92,-5,5
65621,134,137,-3,3
65622,108,100,8,8
65623,73,113,-40,40
65624,110,110,0,0
65625,100,93,7,7
65626,57,87,-30,30
65627,101,110,-9,9
65628,124,130,-6,6
65629,100,101,-1,1
65630,116,128,-12,12
65631,124,103,21,21
65632,119,119,0,0
65633,95,100,-5,5
65634,131,130,1,1
65635,46,48,-2,2
65636,119,113,6,6
65637,86,79,7,7
65638,148,137,11,11
65639,63,57,6,6
65640,84,80,4,4
65641,88,86,2,2
65642,125,116,9,9
65643,180,163,17,17
65644,92,94,-2,2
65645,73,76,-3,3
65646,54,70,-16,16
65647,125,133,-8,8
65648,158,160,-2,2
65649,115,110,5,5
65650,176,161,15,15
65651,71,90,-19,19
65652,109,133,-24,24
65653,115,103,12,12
65654,135,132,3,3
65655,75,68,7,7
65656,71,66,5,5
65657,74,87,-13,13
65658,123,130,-7,7
65659,85,83,2,2
65660,124,104,20,20
65661,51,41,10,10
65662,53,61,-8,8
65663,97,112,-15,15
65664,92,92,0,0
65665,122,122,0,0
65666,183,165,18,18
65667,94,99,-5,5
65668,151,146,5,5
65669,65,67,-2,2
65670,146,135,11,11
65671,68,70,-2,2
65672,186,182,4,4
65673,121,117,4,4
65674,77,72,5,5
65675,99,113,-14,14
65676,102,98,4,4
65677,80,71,9,9
65678,123,130,-7,7
65679,90,97,-7,7
65680,96,97,-1,1
65681,119,97,22,22
65682,136,138,-2,2
65683,84,79,5,5
65684,135,140,-5,5
65685,84,98,-14,14
65686,56,57,-1,1
65687,81,88,-7,7
65688,69,60,9,9
65689,89,84,5,5
65690,105,94,11,11
65691,113,112,1,1
65692,79,78,1,1
65693,167,151,16,16
65694,85,81,4,4
65695,80,81,-1,1
65696,72,65,7,7
65697,129,124,5,5
65698,155,125,30,30
65699,53,59,-6,6
65700,48,46,2,2
65701,45,41,4,4
65702,55,62,-7,7
65703,99,100,-1,1
65704,91,80,11,11
65705,75,84,-9,9
65706,84,87,-3,3
65707,38,36,2,2
65708,41,59,-18,18
65709,86,95,-9,9
65710,76,79,-3,3
65711,53,54,-1,1
65712,63,59,4,4
65713,79,68,11,11
65714,145,144,1,1
65715,97,93,4,4
65716,120,124,-4,4
65717,74,75,-1,1
65718,96,89,7,7
65719,101,90,11,11
65720,94,89,5,5
65721,92,92,0,0
65722,83,76,7,7
65723,122,101,21,21
65724,57,60,-3,3
65725,56,58,-2,2
65726,123,135,-12,12
65727,104,97,7,7
65728,147,136,11,11
65729,190,191,-1,1
65730,120,113,7,7
65731,173,163,10,10
65732,52,42,10,10
65733,134,124,10,10
65734,110,115,-5,5
65735,84,83,1,1
65736,92,89,3,3
65737,112,94,18,18
65738,60,53,7,7
65739,76,73,3,3
65740,159,149,10,10
65741,61,72,-11,11
65742,141,110,31,31
65743,107,105,2,2
65744,103,99,4,4
65745,129,117,12,12
65746,61,75,-14,14
65747,77,71,6,6
65748,84,93,-9,9
65749,78,76,2,2
65750,47,42,5,5
65751,140,129,11,11
65752,56,52,4,4
65753,154,150,4,4
65754,77,84,-7,7
65755,85,70,15,15
65756,104,116,-12,12
65757,70,76,-6,6
65758,71,74,-3,3
65759,63,66,-3,3
65760,84,81,3,3
65761,110,103,7,7
65762,88,95,-7,7
65763,74,75,-1,1
65764,72,95,-23,23
65765,46,52,-6,6
65766,94,94,0,0
65767,93,107,-14,14
65768,63,68,-5,5
65769,100,99,1,1
65770,71,76,-5,5
65771,113,112,1,1
65772,88,78,10,10
65773,83,70,13,13
65774,76,81,-5,5
65775,83,83,0,0
65776,153,140,13,13
65777,134,124,10,10
65778,91,97,-6,6
65779,56,55,1,1
65780,89,98,-9,9
65781,51,56,-5,5
65782,121,126,-5,5
65783,107,113,-6,6
65784,97,147,-50,50
65785,79,78,1,1
65786,115,114,1,1
65787,60,67,-7,7
65788,105,100,5,5
65789,65,67,-2,2
65790,57,53,4,4
65791,169,152,17,17
65792,92,87,5,5
65793,104,120,-16,16
65794,68,70,-2,2
65795,72,65,7,7
65796,92,87,5,5
65797,124,120,4,4
65798,85,88,-3,3
65799,123,121,2,2
65800,112,110,2,2
65801,138,155,-17,17
65802,205,163,42,42
65803,88,82,6,6
65804,82,87,-5,5
65805,77,78,-1,1
65806,68,71,-3,3
65807,125,135,-10,10
65808,87,75,12,12
65809,112,121,-9,9
65810,66,76,-10,10
65811,132,136,-4,4
65812,136,108,28,28
65813,232,193,39,39
65814,63,60,3,3
65815,77,82,-5,5
65816,121,115,6,6
65817,161,152,9,9
65818,200,162,38,38
65819,65,63,2,2
65820,104,93,11,11
65821,129,105,24,24
65822,129,115,14,14
65823,123,121,2,2
65824,72,71,1,1
65825,59,58,1,1
65826,94,105,-11,11
65827,102,130,-28,28
65828,74,68,6,6
65829,64,55,9,9
65830,48,59,-11,11
65831,80,80,0,0
65832,112,99,13,13
65833,67,121,-54,54
65834,79,80,-1,1
65835,79,88,-9,9
65836,51,56,-5,5
65837,213,184,29,29
65838,116,120,-4,4
65839,82,78,4,4
65840,88,85,3,3
65841,154,159,-5,5
65842,93,89,4,4
65843,115,112,3,3
65844,58,55,3,3
65845,89,101,-12,12
65846,69,70,-1,1
65847,124,117,7,7
65848,87,87,0,0
65849,114,122,-8,8
65850,75,73,2,2
65851,46,68,-22,22
65852,54,62,-8,8
65853,63,48,15,15
65854,54,61,-7,7
65855,70,57,13,13
65856,98,87,11,11
65857,74,73,1,1
65858,76,72,4,4
65859,80,68,12,12
65860,73,134,-61,61
65861,108,109,-1,1
65862,100,57,43,43
65863,64,55,9,9
65864,101,86,15,15
65865,75,68,7,7
65866,66,74,-8,8
65867,142,129,13,13
65868,47,45,2,2
65869,71,61,10,10
65870,26,24,2,2
65871,53,56,-3,3
65872,133,133,0,0
65873,96,87,9,9
65874,91,112,-21,21
65875,83,75,8,8
65876,103,104,-1,1
65877,89,70,19,19
65878,90,94,-4,4
65879,95,110,-15,15
65880,32,37,-5,5
65881,72,64,8,8
65882,99,72,27,27
65883,115,117,-2,2
65884,86,104,-18,18
65885,93,114,-21,21
65886,129,111,18,18
65887,92,97,-5,5
65888,114,111,3,3
65889,84,78,6,6
65890,93,89,4,4
65891,89,108,-19,19
65892,59,60,-1,1
65893,63,72,-9,9
65894,59,59,0,0
65895,115,113,2,2
65896,144,125,19,19
65897,76,84,-8,8
65898,112,106,6,6
65899,118,139,-21,21
65900,80,82,-2,2
65901,106,101,5,5
65902,92,93,-1,1
65903,65,61,4,4
65904,130,147,-17,17
65905,108,94,14,14
65906,44,54,-10,10
65907,101,106,-5,5
65908,72,89,-17,17
65909,67,76,-9,9
65910,73,88,-15,15
65911,184,172,12,12
65912,83,72,11,11
65913,77,72,5,5
65914,113,105,8,8
65915,46,50,-4,4
65916,101,106,-5,5
65917,92,100,-8,8
65918,122,111,11,11
65919,67,65,2,2
65920,134,120,14,14
65921,82,76,6,6
65922,142,142,0,0
65923,101,83,18,18
65924,119,121,-2,2
65925,44,50,-6,6
65926,105,104,1,1
65927,99,99,0,0
65928,127,117,10,10
65929,76,78,-2,2
65930,107,87,20,20
65931,104,78,26,26
65932,104,94,10,10
65933,100,93,7,7
65934,106,93,13,13
65935,66,58,8,8
65936,154,135,19,19
65937,124,132,-8,8
65938,118,127,-9,9
65939,79,82,-3,3
65940,76,72,4,4
65941,89,77,12,12
65942,67,69,-2,2
65943,104,98,6,6
65944,108,89,19,19
65945,76,66,10,10
65946,47,50,-3,3
65947,98,109,-11,11
65948,137,139,-2,2
65949,111,112,-1,1
65950,62,52,10,10
65951,37,49,-12,12
65952,69,69,0,0
65953,115,115,0,0
65954,98,90,8,8
65955,62,78,-16,16
65956,94,81,13,13
65957,46,108,-62,62
65958,97,84,13,13
65959,108,104,4,4
65960,124,130,-6,6
65961,74,87,-13,13
65962,113,124,-11,11
65963,96,94,2,2
65964,135,122,13,13
65965,81,90,-9,9
65966,101,93,8,8
65967,109,114,-5,5
65968,121,117,4,4
65969,62,51,11,11
65970,105,106,-1,1
65971,105,93,12,12
65972,96,84,12,12
65973,90,74,16,16
65974,81,73,8,8
65975,137,132,5,5
65976,86,77,9,9
65977,86,90,-4,4
65978,105,114,-9,9
65979,120,112,8,8
65980,70,56,14,14
65981,90,86,4,4
65982,90,80,10,10
65983,79,67,12,12
65984,62,64,-2,2
65985,56,70,-14,14
65986,62,60,2,2
65987,123,119,4,4
65988,108,106,2,2
65989,73,81,-8,8
65990,92,87,5,5
65991,97,84,13,13
65992,94,74,20,20
65993,119,113,6,6
65994,125,119,6,6
65995,252,196,56,56
65996,124,126,-2,2
65997,76,84,-8,8
65998,120,106,14,14
65999,83,89,-6,6
66000,82,78,4,4
66001,93,94,-1,1
66002,56,57,-1,1
66003,78,85,-7,7
66004,121,122,-1,1
66005,100,84,16,16
66006,91,75,16,16
66007,66,69,-3,3
66008,62,57,5,5
66009,72,70,2,2
66010,77,88,-11,11
66011,93,89,4,4
66012,176,164,12,12
66013,55,59,-4,4
66014,75,77,-2,2
66015,60,65,-5,5
66016,143,165,-22,22
66017,117,128,-11,11
66018,36,62,-26,26
66019,45,66,-21,21
66020,96,98,-2,2
66021,81,83,-2,2
66022,106,96,10,10
66023,83,99,-16,16
66024,105,97,8,8
66025,80,93,-13,13
66026,43,58,-15,15
66027,103,102,1,1
66028,134,119,15,15
66029,53,54,-1,1
66030,115,107,8,8
66031,157,140,17,17
66032,67,62,5,5
66033,104,129,-25,25
66034,148,137,11,11
66035,116,111,5,5
66036,100,85,15,15
66037,63,70,-7,7
66038,71,73,-2,2
66039,71,62,9,9
66040,67,68,-1,1
66041,105,114,-9,9
66042,102,97,5,5
66043,53,50,3,3
66044,71,68,3,3
66045,115,88,27,27
66046,105,91,14,14
66047,62,69,-7,7
66048,119,131,-12,12
66049,151,116,35,35
66050,55,64,-9,9
66051,76,77,-1,1
66052,37,46,-9,9
66053,126,97,29,29
66054,116,84,32,32
66055,119,131,-12,12
66056,86,83,3,3
66057,64,73,-9,9
66058,53,55,-2,2
66059,108,98,10,10
66060,118,114,4,4
66061,126,127,-1,1
66062,71,67,4,4
66063,99,111,-12,12
66064,49,67,-18,18
66065,87,96,-9,9
66066,75,77,-2,2
66067,89,90,-1,1
66068,94,94,0,0
66069,100,91,9,9
66070,80,65,15,15
66071,78,69,9,9
66072,65,66,-1,1
66073,104,96,8,8
66074,111,119,-8,8
66075,182,135,47,47
66076,69,62,7,7
66077,67,67,0,0
66078,99,123,-24,24
66079,82,81,1,1
66080,99,74,25,25
66081,66,64,2,2
66082,162,151,11,11
66083,142,142,0,0
66084,84,83,1,1
66085,70,81,-11,11
66086,106,98,8,8
66087,57,62,-5,5
66088,89,73,16,16
66089,119,114,5,5
66090,90,86,4,4
66091,59,60,-1,1
66092,80,75,5,5
66093,113,123,-10,10
66094,47,42,5,5
66095,72,76,-4,4
66096,178,190,-12,12
66097,76,95,-19,19
66098,96,99,-3,3
66099,83,76,7,7
66100,63,63,0,0
66101,144,146,-2,2
66102,42,51,-9,9
66103,52,42,10,10
66104,125,110,15,15
66105,63,64,-1,1
66106,69,58,11,11
66107,78,66,12,12
66108,63,76,-13,13
66109,80,83,-3,3
66110,101,101,0,0
66111,187,140,47,47
66112,163,138,25,25
66113,109,99,10,10
66114,101,91,10,10
66115,86,76,10,10
66116,72,78,-6,6
66117,142,158,-16,16
66118,99,83,16,16
66119,64,65,-1,1
66120,79,83,-4,4
66121,85,85,0,0
66122,107,89,18,18
66123,97,94,3,3
66124,116,114,2,2
66125,67,65,2,2
66126,89,93,-4,4
66127,122,120,2,2
66128,140,151,-11,11
66129,62,52,10,10
66130,119,133,-14,14
66131,117,110,7,7
66132,104,116,-12,12
66133,47,47,0,0
66134,73,73,0,0
66135,159,125,34,34
66136,101,98,3,3
66137,77,60,17,17
66138,58,51,7,7
66139,78,76,2,2
66140,97,86,11,11
66141,76,74,2,2
66142,88,90,-2,2
66143,64,71,-7,7
66144,81,94,-13,13
66145,69,71,-2,2
66146,115,140,-25,25
66147,65,83,-18,18
66148,76,77,-1,1
66149,58,53,5,5
66150,33,36,-3,3
66151,133,132,1,1
66152,45,66,-21,21
66153,123,133,-10,10
66154,100,99,1,1
66155,82,87,-5,5
66156,83,91,-8,8
66157,117,116,1,1
66158,74,75,-1,1
66159,103,100,3,3
66160,72,74,-2,2
66161,142,142,0,0
66162,121,97,24,24
66163,82,72,10,10
66164,80,79,1,1
66165,100,106,-6,6
66166,164,161,3,3
66167,95,92,3,3
66168,57,60,-3,3
66169,81,69,12,12
66170,39,41,-2,2
66171,123,123,0,0
66172,127,116,11,11
66173,82,85,-3,3
66174,105,101,4,4
66175,72,67,5,5
66176,37,41,-4,4
66177,85,91,-6,6
66178,152,143,9,9
66179,80,61,19,19
66180,55,53,2,2
66181,76,89,-13,13
66182,21,40,-19,19
66183,220,193,27,27
66184,159,133,26,26
66185,90,94,-4,4
66186,148,147,1,1
66187,102,95,7,7
66188,83,90,-7,7
66189,80,97,-17,17
66190,100,88,12,12
66191,111,107,4,4
66192,79,82,-3,3
66193,82,85,-3,3
66194,82,82,0,0
66195,197,192,5,5
66196,188,155,33,33
66197,177,171,6,6
66198,76,70,6,6
66199,157,174,-17,17
66200,49,50,-1,1
66201,44,57,-13,13
66202,66,61,5,5
66203,156,139,17,17
66204,111,120,-9,9
66205,69,79,-10,10
66206,188,181,7,7
66207,126,109,17,17
66208,73,63,10,10
66209,111,103,8,8
66210,94,76,18,18
66211,57,36,21,21
66212,132,136,-4,4
66213,164,140,24,24
66214,55,55,0,0
66215,139,127,12,12
66216,77,61,16,16
66217,43,61,-18,18
66218,96,84,12,12
66219,88,82,6,6
66220,74,70,4,4
66221,81,85,-4,4
66222,84,79,5,5
66223,100,88,12,12
66224,108,92,16,16
66225,44,52,-8,8
66226,77,86,-9,9
66227,79,87,-8,8
66228,111,108,3,3
66229,86,85,1,1
66230,61,49,12,12
66231,85,73,12,12
66232,45,102,-57,57
66233,81,69,12,12
66234,159,151,8,8
66235,80,70,10,10
66236,94,91,3,3
66237,89,89,0,0
66238,96,88,8,8
66239,95,89,6,6
66240,127,100,27,27
66241,71,63,8,8
66242,68,61,7,7
66243,80,89,-9,9
66244,122,113,9,9
66245,136,148,-12,12
66246,95,103,-8,8
66247,89,80,9,9
66248,88,96,-8,8
66249,44,43,1,1
66250,121,109,12,12
66251,47,40,7,7
66252,72,66,6,6
66253,72,69,3,3
66254,145,157,-12,12
66255,77,83,-6,6
66256,129,141,-12,12
66257,65,73,-8,8
66258,121,110,11,11
66259,92,96,-4,4
66260,100,103,-3,3
66261,36,62,-26,26
66262,122,113,9,9
66263,112,105,7,7
66264,76,76,0,0
66265,112,126,-14,14
66266,75,85,-10,10
66267,81,83,-2,2
66268,102,90,12,12
66269,43,111,-68,68
66270,92,94,-2,2
66271,118,104,14,14
66272,73,72,1,1
66273,179,160,19,19
66274,63,68,-5,5
66275,128,143,-15,15
66276,161,167,-6,6
66277,178,154,24,24
66278,90,95,-5,5
66279,74,81,-7,7
66280,74,75,-1,1
66281,95,89,6,6
66282,98,93,5,5
66283,94,91,3,3
66284,115,112,3,3
66285,131,134,-3,3
66286,99,70,29,29
66287,87,82,5,5
66288,74,75,-1,1
66289,56,63,-7,7
66290,58,58,0,0
66291,77,81,-4,4
66292,122,107,15,15
66293,70,72,-2,2
66294,40,47,-7,7
66295,106,110,-4,4
66296,100,102,-2,2
66297,73,75,-2,2
66298,72,64,8,8
66299,99,92,7,7
66300,135,128,7,7
66301,184,162,22,22
66302,50,69,-19,19
66303,77,74,3,3
66304,48,47,1,1
66305,76,81,-5,5
66306,87,92,-5,5
66307,137,122,15,15
66308,110,119,-9,9
66309,84,83,1,1
66310,74,78,-4,4
66311,83,79,4,4
66312,76,81,-5,5
66313,107,137,-30,30
66314,78,67,11,11
66315,87,81,6,6
66316,64,65,-1,1
66317,60,57,3,3
66318,94,91,3,3
66319,80,73,7,7
66320,50,39,11,11
66321,54,46,8,8
66322,65,63,2,2
66323,101,112,-11,11
66324,89,85,4,4
66325,127,129,-2,2
66326,59,63,-4,4
66327,90,103,-13,13
66328,77,82,-5,5
66329,100,109,-9,9
66330,103,98,5,5
66331,33,48,-15,15
66332,61,49,12,12
66333,63,73,-10,10
66334,47,54,-7,7
66335,51,56,-5,5
66336,141,144,-3,3
66337,74,67,7,7
66338,74,73,1,1
66339,85,87,-2,2
66340,149,132,17,17
66341,90,78,12,12
66342,79,89,-10,10
66343,93,103,-10,10
66344,79,74,5,5
66345,146,145,1,1
66346,81,84,-3,3
66347,83,105,-22,22
66348,196,147,49,49
66349,114,109,5,5
66350,102,93,9,9
66351,140,135,5,5
66352,46,45,1,1
66353,189,171,18,18
66354,102,104,-2,2
66355,96,90,6,6
66356,73,83,-10,10
66357,131,130,1,1
66358,143,131,12,12
66359,94,153,-59,59
66360,95,99,-4,4
66361,131,122,9,9
66362,138,134,4,4
66363,55,68,-13,13
66364,40,42,-2,2
66365,97,83,14,14
66366,70,85,-15,15
66367,95,90,5,5
66368,86,80,6,6
66369,107,98,9,9
66370,45,49,-4,4
66371,107,111,-4,4
66372,77,68,9,9
66373,75,68,7,7
66374,85,88,-3,3
66375,81,84,-3,3
66376,100,94,6,6
66377,65,72,-7,7
66378,57,66,-9,9
66379,61,66,-5,5
66380,79,80,-1,1
66381,104,112,-8,8
66382,106,104,2,2
66383,55,74,-19,19
66384,100,98,2,2
66385,89,86,3,3
66386,73,71,2,2
66387,77,72,5,5
66388,59,60,-1,1
66389,71,75,-4,4
66390,52,88,-36,36
66391,58,52,6,6
66392,72,59,13,13
66393,90,86,4,4
66394,57,53,4,4
66395,82,88,-6,6
66396,92,98,-6,6
66397,88,76,12,12
66398,49,57,-8,8
66399,91,80,11,11
66400,171,160,11,11
66401,75,94,-19,19
66402,82,81,1,1
66403,74,64,10,10
66404,116,118,-2,2
66405,95,77,18,18
66406,116,107,9,9
66407,74,112,-38,38
66408,100,101,-1,1
66409,81,85,-4,4
66410,141,161,-20,20
66411,113,105,8,8
66412,100,95,5,5
66413,80,71,9,9
66414,96,87,9,9
66415,83,76,7,7
66416,68,78,-10,10
66417,66,58,8,8
66418,73,77,-4,4
66419,169,162,7,7
66420,119,112,7,7
66421,82,91,-9,9
66422,85,85,0,0
66423,92,118,-26,26
66424,92,83,9,9
66425,164,164,0,0
66426,131,140,-9,9
66427,106,121,-15,15
66428,72,69,3,3
66429,54,63,-9,9
66430,75,73,2,2
66431,62,53,9,9
66432,89,81,8,8
66433,63,58,5,5
66434,87,75,12,12
66435,136,128,8,8
66436,79,68,11,11
66437,86,97,-11,11
66438,71,72,-1,1
66439,68,66,2,2
66440,127,128,-1,1
66441,78,86,-8,8
66442,43,36,7,7
66443,82,75,7,7
66444,61,57,4,4
66445,91,97,-6,6
66446,78,80,-2,2
66447,121,123,-2,2
66448,83,76,7,7
66449,169,171,-2,2
66450,56,64,-8,8
66451,78,71,7,7
66452,73,70,3,3
66453,66,71,-5,5
66454,67,63,4,4
66455,69,115,-46,46
66456,96,91,5,5
66457,118,120,-2,2
66458,67,68,-1,1
66459,58,65,-7,7
66460,77,60,17,17
66461,164,145,19,19
66462,57,68,-11,11
66463,98,98,0,0
66464,97,95,2,2
66465,58,50,8,8
66466,107,112,-5,5
66467,70,82,-12,12
66468,121,98,23,23
66469,144,145,-1,1
66470,157,160,-3,3
66471,113,118,-5,5
66472,66,64,2,2
66473,47,31,16,16
66474,106,93,13,13
66475,77,67,10,10
66476,180,191,-11,11
66477,55,54,1,1
66478,57,72,-15,15
66479,104,101,3,3
66480,120,119,1,1
66481,124,113,11,11
66482,157,165,-8,8
66483,185,189,-4,4
66484,63,58,5,5
66485,158,134,24,24
66486,161,152,9,9
66487,61,65,-4,4
66488,104,115,-11,11
66489,65,52,13,13
66490,174,166,8,8
66491,52,57,-5,5
66492,118,111,7,7
66493,89,81,8,8
66494,88,91,-3,3
66495,88,94,-6,6
66496,62,68,-6,6
66497,67,57,10,10
66498,118,109,9,9
66499,113,115,-2,2
66500,99,105,-6,6
66501,68,58,10,10
66502,50,61,-11,11
66503,123,121,2,2
66504,97,88,9,9
66505,93,112,-19,19
66506,132,45,87,87
66507,70,75,-5,5
66508,65,59,6,6
66509,80,95,-15,15
66510,79,81,-2,2
66511,96,95,1,1
66512,69,72,-3,3
66513,142,134,8,8
66514,126,134,-8,8
66515,88,107,-19,19
66516,57,52,5,5
66517,68,53,15,15
66518,97,110,-13,13
66519,128,136,-8,8
66520,129,134,-5,5
66521,92,81,11,11
66522,146,112,34,34
66523,83,86,-3,3
66524,92,86,6,6
66525,207,178,29,29
66526,40,56,-16,16
66527,92,81,11,11
66528,95,119,-24,24
66529,107,97,10,10
66530,51,54,-3,3
66531,210,194,16,16
66532,73,68,5,5
66533,103,91,12,12
66534,120,126,-6,6
66535,132,110,22,22
66536,112,101,11,11
66537,86,83,3,3
66538,195,182,13,13
66539,69,62,7,7
66540,91,93,-2,2
66541,57,76,-19,19
66542,112,100,12,12
66543,72,73,-1,1
66544,90,83,7,7
66545,99,96,3,3
66546,46,44,2,2
66547,51,67,-16,16
66548,107,105,2,2
66549,156,155,1,1
66550,61,59,2,2
66551,88,81,7,7
66552,107,94,13,13
66553,121,124,-3,3
66554,89,75,14,14
66555,99,103,-4,4
66556,87,87,0,0
66557,46,61,-15,15
66558,152,157,-5,5
66559,67,55,12,12
66560,164,163,1,1
66561,68,66,2,2
66562,94,92,2,2
66563,60,63,-3,3
66564,205,173,32,32
66565,92,93,-1,1
66566,95,87,8,8
66567,67,57,10,10
66568,55,55,0,0
66569,151,113,38,38
66570,160,165,-5,5
66571,29,68,-39,39
66572,108,103,5,5
66573,112,114,-2,2
66574,109,149,-40,40
66575,86,86,0,0
66576,75,76,-1,1
66577,60,58,2,2
66578,64,64,0,0
66579,64,90,-26,26
66580,110,122,-12,12
66581,81,80,1,1
66582,79,81,-2,2
66583,124,116,8,8
66584,94,102,-8,8
66585,73,91,-18,18
66586,111,100,11,11
66587,107,105,2,2
66588,71,65,6,6
66589,125,120,5,5
66590,123,110,13,13
66591,63,58,5,5
66592,98,100,-2,2
66593,101,102,-1,1
66594,129,126,3,3
66595,96,82,14,14
66596,58,50,8,8
66597,162,159,3,3
66598,48,68,-20,20
66599,151,160,-9,9
66600,67,64,3,3
66601,122,114,8,8
66602,100,95,5,5
66603,135,146,-11,11
66604,213,176,37,37
66605,129,138,-9,9
66606,61,60,1,1
66607,70,73,-3,3
66608,88,94,-6,6
66609,75,70,5,5
66610,159,161,-2,2
66611,100,104,-4,4
66612,75,77,-2,2
66613,120,148,-28,28
66614,70,76,-6,6
66615,129,124,5,5
66616,124,65,59,59
66617,105,98,7,7
66618,60,57,3,3
66619,76,69,7,7
66620,64,68,-4,4
66621,145,92,53,53
66622,95,99,-4,4
66623,104,109,-5,5
66624,148,146,2,2
66625,126,133,-7,7
66626,142,138,4,4
66627,67,67,0,0
66628,96,100,-4,4
66629,114,106,8,8
66630,47,54,-7,7
66631,125,115,10,10
66632,66,70,-4,4
66633,203,214,-11,11
66634,58,67,-9,9
66635,114,102,12,12
66636,100,114,-14,14
66637,92,98,-6,6
66638,114,118,-4,4
66639,67,62,5,5
66640,56,46,10,10
66641,78,75,3,3
66642,62,57,5,5
66643,77,95,-18,18
66644,104,104,0,0
66645,37,54,-17,17
66646,94,98,-4,4
66647,108,98,10,10
66648,42,56,-14,14
66649,106,102,4,4
66650,74,70,4,4
66651,116,107,9,9
66652,77,70,7,7
66653,123,125,-2,2
66654,89,104,-15,15
66655,74,67,7,7
66656,118,121,-3,3
66657,73,75,-2,2
66658,69,83,-14,14
66659,79,79,0,0
66660,58,73,-15,15
66661,172,124,48,48
66662,118,110,8,8
66663,140,122,18,18
66664,124,130,-6,6
66665,111,114,-3,3
66666,88,95,-7,7
66667,90,111,-21,21
66668,59,48,11,11
66669,139,127,12,12
66670,125,134,-9,9
66671,64,63,1,1
66672,147,138,9,9
66673,50,59,-9,9
66674,81,79,2,2
66675,105,100,5,5
66676,63,67,-4,4
66677,87,102,-15,15
66678,90,98,-8,8
66679,47,45,2,2
66680,134,126,8,8
66681,61,67,-6,6
66682,73,92,-19,19
66683,73,70,3,3
66684,78,73,5,5
66685,134,134,0,0
66686,51,56,-5,5
66687,108,103,5,5
66688,96,95,1,1
66689,54,85,-31,31
66690,122,129,-7,7
66691,129,119,10,10
66692,86,82,4,4
66693,114,109,5,5
66694,70,81,-11,11
66695,79,81,-2,2
66696,56,59,-3,3
66697,66,68,-2,2
66698,89,80,9,9
66699,106,94,12,12
66700,77,74,3,3
66701,82,82,0,0
66702,63,78,-15,15
66703,87,81,6,6
66704,119,121,-2,2
66705,146,142,4,4
66706,71,55,16,16
66707,70,79,-9,9
66708,82,93,-11,11
66709,72,70,2,2
66710,91,102,-11,11
66711,57,66,-9,9
66712,68,71,-3,3
66713,92,88,4,4
66714,71,71,0,0
66715,100,90,10,10
66716,106,102,4,4
66717,64,61,3,3
66718,58,59,-1,1
66719,74,72,2,2
66720,104,109,-5,5
66721,133,120,13,13
66722,59,72,-13,13
66723,77,73,4,4
66724,90,85,5,5
66725,116,93,23,23
66726,94,84,10,10
66727,102,98,4,4
66728,130,129,1,1
66729,115,119,-4,4
66730,79,73,6,6
66731,151,145,6,6
66732,88,93,-5,5
66733,188,165,23,23
66734,91,95,-4,4
66735,81,69,12,12
66736,74,75,-1,1
66737,80,80,0,0
66738,125,116,9,9
66739,140,133,7,7
66740,60,63,-3,3
66741,45,57,-12,12
66742,65,77,-12,12
66743,120,115,5,5
66744,105,106,-1,1
66745,136,133,3,3
66746,31,69,-38,38
66747,77,68,9,9
66748,79,83,-4,4
66749,96,95,1,1
66750,40,55,-15,15
66751,54,59,-5,5
66752,94,82,12,12
66753,83,101,-18,18
66754,54,54,0,0
66755,92,96,-4,4
66756,146,133,13,13
66757,172,166,6,6
66758,62,57,5,5
66759,155,158,-3,3
66760,111,113,-2,2
66761,99,93,6,6
66762,126,128,-2,2
66763,55,47,8,8
66764,202,189,13,13
66765,60,66,-6,6
66766,97,87,10,10
66767,111,106,5,5
66768,114,116,-2,2
66769,81,73,8,8
66770,35,51,-16,16
66771,88,85,3,3
66772,62,65,-3,3
66773,84,83,1,1
66774,96,80,16,16
66775,105,95,10,10
66776,67,72,-5,5
66777,68,77,-9,9
66778,75,71,4,4
66779,64,63,1,1
66780,165,151,14,14
66781,92,93,-1,1
66782,136,117,19,19
66783,93,88,5,5
66784,58,50,8,8
66785,72,83,-11,11
66786,87,83,4,4
66787,53,53,0,0
66788,138,154,-16,16
66789,98,112,-14,14
66790,81,80,1,1
66791,82,84,-2,2
66792,140,136,4,4
66793,92,85,7,7
66794,116,107,9,9
66795,169,162,7,7
66796,76,65,11,11
66797,70,69,1,1
66798,206,189,17,17
66799,118,107,11,11
66800,82,85,-3,3
66801,143,145,-2,2
66802,113,109,4,4
66803,82,81,1,1
66804,72,59,13,13
66805,53,49,4,4
66806,38,47,-9,9
66807,102,98,4,4
66808,98,107,-9,9
66809,60,59,1,1
66810,133,127,6,6
66811,108,106,2,2
66812,103,98,5,5
66813,58,60,-2,2
66814,80,86,-6,6
66815,72,62,10,10
66816,103,95,8,8
66817,115,128,-13,13
66818,66,68,-2,2
66819,134,129,5,5
66820,129,124,5,5
66821,82,90,-8,8
66822,92,85,7,7
66823,72,68,4,4
66824,156,151,5,5
66825,97,103,-6,6
66826,80,85,-5,5
66827,110,97,13,13
66828,112,117,-5,5
66829,73,67,6,6
66830,93,101,-8,8
66831,84,97,-13,13
66832,69,63,6,6
66833,63,78,-15,15
66834,97,96,1,1
66835,51,62,-11,11
66836,117,107,10,10
66837,102,109,-7,7
66838,63,68,-5,5
66839,90,114,-24,24
66840,75,75,0,0
66841,31,68,-37,37
66842,118,136,-18,18
66843,110,138,-28,28
66844,126,119,7,7
66845,132,143,-11,11
66846,94,92,2,2
66847,55,64,-9,9
66848,119,113,6,6
66849,47,44,3,3
66850,152,146,6,6
66851,38,117,-79,79
66852,96,111,-15,15
66853,79,72,7,7
66854,63,53,10,10
66855,120,114,6,6
66856,97,93,4,4
66857,65,59,6,6
66858,108,98,10,10
66859,146,143,3,3
66860,99,104,-5,5
66861,50,52,-2,2
66862,98,99,-1,1
66863,61,65,-4,4
66864,67,69,-2,2
66865,102,91,11,11
66866,98,88,10,10
66867,127,126,1,1
66868,134,120,14,14
66869,107,103,4,4
66870,62,66,-4,4
66871,83,76,7,7
66872,41,37,4,4
66873,65,75,-10,10
66874,73,71,2,2
66875,81,74,7,7
66876,85,83,2,2
66877,85,75,10,10
66878,117,115,2,2
66879,128,143,-15,15
66880,89,82,7,7
66881,42,39,3,3
66882,125,146,-21,21
66883,68,63,5,5
66884,72,75,-3,3
66885,96,103,-7,7
66886,134,133,1,1
66887,122,120,2,2
66888,87,82,5,5
66889,54,55,-1,1
66890,79,74,5,5
66891,148,137,11,11
66892,66,75,-9,9
66893,142,147,-5,5
66894,106,96,10,10
66895,48,48,0,0
66896,57,66,-9,9
66897,126,129,-3,3
66898,51,57,-6,6
66899,109,119,-10,10
66900,106,114,-8,8
66901,102,99,3,3
66902,94,92,2,2
66903,112,110,2,2
66904,140,138,2,2
66905,117,126,-9,9
66906,112,88,24,24
66907,49,65,-16,16
66908,156,138,18,18
66909,89,84,5,5
66910,74,76,-2,2
66911,67,69,-2,2
66912,70,76,-6,6
66913,93,99,-6,6
66914,93,88,5,5
66915,101,99,2,2
66916,76,85,-9,9
66917,67,69,-2,2
66918,106,103,3,3
66919,72,78,-6,6
66920,65,63,2,2
66921,87,74,13,13
66922,89,90,-1,1
66923,257,306,-49,49
66924,175,188,-13,13
66925,69,64,5,5
66926,76,70,6,6
66927,65,68,-3,3
66928,153,147,6,6
66929,68,72,-4,4
66930,116,108,8,8
66931,114,124,-10,10
66932,76,68,8,8
66933,65,54,11,11
66934,104,98,6,6
66935,148,141,7,7
66936,43,42,1,1
66937,90,80,10,10
66938,99,91,8,8
66939,128,126,2,2
66940,110,109,1,1
66941,42,30,12,12
66942,120,116,4,4
66943,135,121,14,14
66944,134,148,-14,14
66945,116,124,-8,8
66946,138,120,18,18
66947,125,117,8,8
66948,43,43,0,0
66949,89,74,15,15
66950,126,103,23,23
66951,90,79,11,11
66952,77,77,0,0
66953,91,100,-9,9
66954,120,107,13,13
66955,63,65,-2,2
66956,88,93,-5,5
66957,50,60,-10,10
66958,110,105,5,5
66959,71,78,-7,7
66960,81,68,13,13
66961,120,116,4,4
66962,94,93,1,1
66963,51,61,-10,10
66964,84,79,5,5
66965,96,89,7,7
66966,179,164,15,15
66967,57,61,-4,4
66968,114,122,-8,8
66969,111,137,-26,26
66970,111,105,6,6
66971,101,89,12,12
66972,53,42,11,11
66973,97,107,-10,10
66974,98,85,13,13
66975,50,54,-4,4
66976,82,102,-20,20
66977,108,103,5,5
66978,59,58,1,1
66979,69,68,1,1
66980,68,81,-13,13
66981,69,84,-15,15
66982,73,76,-3,3
66983,28,42,-14,14
66984,75,73,2,2
66985,68,65,3,3
66986,110,104,6,6
66987,99,112,-13,13
66988,72,73,-1,1
66989,74,73,1,1
66990,70,79,-9,9
66991,109,97,12,12
66992,191,183,8,8
66993,54,62,-8,8
66994,119,122,-3,3
66995,76,61,15,15
66996,174,167,7,7
66997,87,86,1,1
66998,88,80,8,8
66999,53,56,-3,3
67000,75,75,0,0
67001,68,56,12,12
67002,118,123,-5,5
67003,114,107,7,7
67004,101,106,-5,5
67005,102,96,6,6
67006,82,79,3,3
67007,100,101,-1,1
67008,134,140,-6,6
67009,140,137,3,3
67010,109,114,-5,5
67011,124,119,5,5
67012,157,131,26,26
67013,67,92,-25,25
67014,117,131,-14,14
67015,64,69,-5,5
67016,89,109,-20,20
67017,52,43,9,9
67018,126,121,5,5
67019,99,102,-3,3
67020,82,73,9,9
67021,96,77,19,19
67022,85,84,1,1
67023,68,69,-1,1
67024,132,120,12,12
67025,148,127,21,21
67026,56,53,3,3
67027,173,159,14,14
67028,115,120,-5,5
67029,99,100,-1,1
67030,115,108,7,7
67031,71,73,-2,2
67032,141,149,-8,8
67033,111,109,2,2
67034,53,60,-7,7
67035,279,216,63,63
67036,101,86,15,15
67037,93,85,8,8
67038,71,63,8,8
67039,163,167,-4,4
67040,52,50,2,2
67041,109,108,1,1
67042,80,80,0,0
67043,72,108,-36,36
67044,72,66,6,6
67045,87,90,-3,3
67046,82,83,-1,1
67047,74,83,-9,9
67048,156,151,5,5
67049,133,126,7,7
67050,123,115,8,8
67051,63,73,-10,10
67052,70,66,4,4
67053,40,57,-17,17
67054,76,96,-20,20
67055,201,185,16,16
67056,76,84,-8,8
67057,109,114,-5,5
67058,116,121,-5,5
67059,45,50,-5,5
67060,59,59,0,0
67061,104,86,18,18
67062,122,138,-16,16
67063,108,103,5,5
67064,59,65,-6,6
67065,111,130,-19,19
67066,47,40,7,7
67067,123,117,6,6
67068,127,122,5,5
67069,98,97,1,1
67070,90,87,3,3
67071,70,73,-3,3
67072,102,99,3,3
67073,101,105,-4,4
67074,72,92,-20,20
67075,86,102,-16,16
67076,77,73,4,4
67077,175,166,9,9
67078,85,80,5,5
67079,109,103,6,6
67080,143,134,9,9
67081,79,76,3,3
67082,81,87,-6,6
67083,110,93,17,17
67084,68,71,-3,3
67085,107,95,12,12
67086,115,113,2,2
67087,120,118,2,2
67088,67,71,-4,4
67089,95,58,37,37
67090,116,108,8,8
67091,83,83,0,0
67092,97,93,4,4
67093,85,84,1,1
67094,91,96,-5,5
67095,147,131,16,16
67096,60,66,-6,6
67097,104,97,7,7
67098,99,101,-2,2
67099,142,125,17,17
67100,65,67,-2,2
67101,58,57,1,1
67102,81,81,0,0
67103,85,85,0,0
67104,158,154,4,4
67105,57,57,0,0
67106,32,51,-19,19
67107,161,147,14,14
67108,139,142,-3,3
67109,123,119,4,4
67110,141,147,-6,6
67111,127,124,3,3
67112,65,59,6,6
67113,177,165,12,12
67114,131,134,-3,3
67115,140,139,1,1
67116,51,65,-14,14
67117,85,75,10,10
67118,75,74,1,1
67119,103,100,3,3
67120,155,136,19,19
67121,85,76,9,9
67122,72,80,-8,8
67123,80,77,3,3
67124,62,62,0,0
67125,58,54,4,4
67126,53,49,4,4
67127,76,89,-13,13
67128,117,118,-1,1
67129,75,66,9,9
67130,138,133,5,5
67131,82,74,8,8
67132,79,83,-4,4
67133,83,89,-6,6
67134,79,73,6,6
67135,141,135,6,6
67136,76,68,8,8
67137,165,155,10,10
67138,150,154,-4,4
67139,65,62,3,3
67140,37,37,0,0
67141,55,52,3,3
67142,227,221,6,6
67143,82,86,-4,4
67144,70,68,2,2
67145,57,48,9,9
67146,73,69,4,4
67147,78,74,4,4
67148,58,64,-6,6
67149,87,86,1,1
67150,48,60,-12,12
67151,127,126,1,1
67152,65,60,5,5
67153,111,93,18,18
67154,74,70,4,4
67155,103,98,5,5
67156,91,77,14,14
67157,188,203,-15,15
67158,98,113,-15,15
67159,86,80,6,6
67160,68,56,12,12
67161,99,87,12,12
67162,68,71,-3,3
67163,87,62,25,25
67164,110,111,-1,1
67165,53,57,-4,4
67166,75,67,8,8
67167,113,105,8,8
67168,103,115,-12,12
67169,48,55,-7,7
67170,180,159,21,21
67171,67,73,-6,6
67172,69,68,1,1
67173,114,124,-10,10
67174,82,73,9,9
67175,152,145,7,7
67176,108,110,-2,2
67177,126,134,-8,8
67178,126,126,0,0
67179,68,74,-6,6
67180,111,103,8,8
67181,127,117,10,10
67182,106,105,1,1
67183,93,99,-6,6
67184,134,143,-9,9
67185,65,75,-10,10
67186,129,122,7,7
67187,84,94,-10,10
67188,64,61,3,3
67189,147,131,16,16
67190,123,107,16,16
67191,102,100,2,2
67192,66,57,9,9
67193,56,52,4,4
67194,99,110,-11,11
67195,92,99,-7,7
67196,96,97,-1,1
67197,125,137,-12,12
67198,85,77,8,8
67199,100,97,3,3
67200,77,75,2,2
67201,69,67,2,2
67202,95,104,-9,9
67203,87,76,11,11
67204,112,110,2,2
67205,124,126,-2,2
67206,99,96,3,3
67207,65,56,9,9
67208,119,86,33,33
67209,66,71,-5,5
67210,89,81,8,8
67211,139,120,19,19
67212,111,100,11,11
67213,81,98,-17,17
67214,100,96,4,4
67215,82,81,1,1
67216,145,165,-20,20
67217,91,91,0,0
67218,187,171,16,16
67219,84,81,3,3
67220,45,48,-3,3
67221,116,122,-6,6
67222,69,64,5,5
67223,80,87,-7,7
67224,44,45,-1,1
67225,93,102,-9,9
67226,58,53,5,5
67227,74,81,-7,7
67228,74,72,2,2
67229,99,112,-13,13
67230,93,103,-10,10
67231,67,67,0,0
67232,108,113,-5,5
67233,108,111,-3,3
67234,116,111,5,5
67235,127,101,26,26
67236,98,90,8,8
67237,115,121,-6,6
67238,131,136,-5,5
67239,185,117,68,68
67240,120,117,3,3
67241,75,78,-3,3
67242,165,132,33,33
67243,44,80,-36,36
67244,82,92,-10,10
67245,66,77,-11,11
67246,72,72,0,0
67247,137,122,15,15
67248,66,82,-16,16
67249,79,89,-10,10
67250,48,48,0,0
67251,76,60,16,16
67252,87,72,15,15
67253,90,84,6,6
67254,67,69,-2,2
67255,139,145,-6,6
67256,52,51,1,1
67257,97,90,7,7
67258,135,124,11,11
67259,60,46,14,14
67260,65,70,-5,5
67261,61,50,11,11
67262,175,167,8,8
67263,146,127,19,19
67264,64,83,-19,19
67265,122,127,-5,5
67266,66,71,-5,5
67267,62,64,-2,2
67268,97,105,-8,8
67269,117,125,-8,8
67270,72,74,-2,2
67271,66,81,-15,15
67272,147,59,88,88
67273,139,138,1,1
67274,143,152,-9,9
67275,106,109,-3,3
67276,81,92,-11,11
67277,85,74,11,11
67278,112,103,9,9
67279,74,78,-4,4
67280,157,158,-1,1
67281,76,66,10,10
67282,69,71,-2,2
67283,133,132,1,1
67284,79,91,-12,12
67285,58,68,-10,10
67286,111,113,-2,2
67287,195,163,32,32
67288,129,115,14,14
67289,58,100,-42,42
67290,101,111,-10,10
67291,186,173,13,13
67292,76,74,2,2
67293,72,63,9,9
67294,100,112,-12,12
67295,60,59,1,1
67296,59,61,-2,2
67297,118,110,8,8
67298,195,179,16,16
67299,92,85,7,7
67300,245,238,7,7
67301,102,108,-6,6
67302,84,83,1,1
67303,95,96,-1,1
67304,126,113,13,13
67305,101,92,9,9
67306,192,189,3,3
67307,118,128,-10,10
67308,72,82,-10,10
67309,66,60,6,6
67310,72,75,-3,3
67311,75,91,-16,16
67312,47,54,-7,7
67313,53,63,-10,10
67314,75,81,-6,6
67315,77,83,-6,6
67316,133,150,-17,17
67317,66,76,-10,10
67318,122,125,-3,3
67319,151,142,9,9
67320,95,111,-16,16
67321,70,81,-11,11
67322,66,64,2,2
67323,101,94,7,7
67324,92,89,3,3
67325,94,75,19,19
67326,80,63,17,17
67327,86,97,-11,11
67328,99,92,7,7
67329,167,141,26,26
67330,104,100,4,4
67331,92,77,15,15
67332,82,91,-9,9
67333,93,94,-1,1
67334,57,46,11,11
67335,80,67,13,13
67336,154,149,5,5
67337,92,75,17,17
67338,121,106,15,15
67339,90,103,-13,13
67340,94,93,1,1
67341,100,108,-8,8
67342,55,55,0,0
67343,179,175,4,4
67344,157,156,1,1
67345,58,67,-9,9
67346,94,112,-18,18
67347,85,77,8,8
67348,55,61,-6,6
67349,72,58,14,14
67350,114,122,-8,8
67351,99,103,-4,4
67352,75,68,7,7
67353,45,37,8,8
67354,58,52,6,6
67355,110,105,5,5
67356,69,70,-1,1
67357,68,60,8,8
67358,102,95,7,7
67359,77,80,-3,3
67360,85,78,7,7
67361,112,79,33,33
67362,40,45,-5,5
67363,73,69,4,4
67364,76,78,-2,2
67365,65,70,-5,5
67366,72,89,-17,17
67367,89,108,-19,19
67368,110,120,-10,10
67369,91,87,4,4
67370,59,93,-34,34
67371,90,85,5,5
67372,84,81,3,3
67373,130,130,0,0
67374,63,69,-6,6
67375,63,57,6,6
67376,87,84,3,3
67377,106,107,-1,1
67378,145,130,15,15
67379,128,122,6,6
67380,81,82,-1,1
67381,111,106,5,5
67382,76,73,3,3
67383,53,59,-6,6
67384,82,68,14,14
67385,100,95,5,5
67386,74,92,-18,18
67387,105,109,-4,4
67388,58,53,5,5
67389,102,101,1,1
67390,113,107,6,6
67391,99,111,-12,12
67392,113,104,9,9
67393,55,54,1,1
67394,98,90,8,8
67395,108,103,5,5
67396,54,49,5,5
67397,99,92,7,7
67398,78,70,8,8
67399,68,89,-21,21
67400,45,42,3,3
67401,71,70,1,1
67402,216,164,52,52
67403,103,100,3,3
67404,77,72,5,5
67405,64,67,-3,3
67406,108,112,-4,4
67407,106,85,21,21
67408,124,104,20,20
67409,71,62,9,9
67410,91,82,9,9
67411,80,85,-5,5
67412,122,128,-6,6
67413,105,103,2,2
67414,80,91,-11,11
67415,142,122,20,20
67416,64,88,-24,24
67417,95,84,11,11
67418,112,132,-20,20
67419,83,64,19,19
67420,147,121,26,26
67421,47,58,-11,11
67422,80,80,0,0
67423,104,110,-6,6
67424,71,82,-11,11
67425,67,57,10,10
67426,69,74,-5,5
67427,82,74,8,8
67428,85,68,17,17
67429,144,153,-9,9
67430,81,88,-7,7
67431,141,132,9,9
67432,86,81,5,5
67433,176,166,10,10
67434,74,61,13,13
67435,91,88,3,3
67436,102,81,21,21
67437,74,62,12,12
67438,97,97,0,0
67439,60,64,-4,4
67440,97,99,-2,2
67441,119,119,0,0
67442,97,100,-3,3
67443,70,63,7,7
67444,102,98,4,4
67445,61,68,-7,7
67446,86,72,14,14
67447,45,48,-3,3
67448,51,50,1,1
67449,130,123,7,7
67450,74,73,1,1
67451,78,73,5,5
67452,163,164,-1,1
67453,52,64,-12,12
67454,99,103,-4,4
67455,84,87,-3,3
67456,109,109,0,0
67457,84,83,1,1
67458,88,108,-20,20
67459,117,110,7,7
67460,186,158,28,28
67461,55,52,3,3
67462,65,80,-15,15
67463,119,91,28,28
67464,71,75,-4,4
67465,87,93,-6,6
67466,51,49,2,2
67467,46,39,7,7
67468,61,62,-1,1
67469,103,91,12,12
67470,84,82,2,2
67471,56,60,-4,4
67472,73,72,1,1
67473,84,84,0,0
67474,127,104,23,23
67475,178,171,7,7
67476,71,66,5,5
67477,107,109,-2,2
67478,111,101,10,10
67479,69,70,-1,1
67480,94,98,-4,4
67481,45,63,-18,18
67482,94,91,3,3
67483,120,135,-15,15
67484,63,66,-3,3
67485,78,96,-18,18
67486,40,50,-10,10
67487,114,102,12,12
67488,112,95,17,17
67489,152,149,3,3
67490,184,162,22,22
67491,84,83,1,1
67492,122,103,19,19
67493,108,96,12,12
67494,64,61,3,3
67495,114,116,-2,2
67496,143,146,-3,3
67497,97,84,13,13
67498,99,84,15,15
67499,145,152,-7,7
67500,63,62,1,1
67501,111,115,-4,4
67502,68,70,-2,2
67503,108,124,-16,16
67504,94,78,16,16
67505,77,81,-4,4
67506,49,65,-16,16
67507,82,85,-3,3
67508,66,66,0,0
67509,74,68,6,6
67510,142,151,-9,9
67511,82,83,-1,1
67512,87,75,12,12
67513,78,77,1,1
67514,58,68,-10,10
67515,108,105,3,3
67516,50,74,-24,24
67517,170,160,10,10
67518,74,75,-1,1
67519,102,95,7,7
67520,95,92,3,3
67521,90,81,9,9
67522,118,115,3,3
67523,70,65,5,5
67524,111,114,-3,3
67525,96,107,-11,11
67526,81,77,4,4
67527,110,113,-3,3
67528,94,93,1,1
67529,99,102,-3,3
67530,107,111,-4,4
67531,129,130,-1,1
67532,135,125,10,10
67533,123,118,5,5
67534,67,80,-13,13
67535,79,84,-5,5
67536,91,93,-2,2
67537,72,69,3,3
67538,150,159,-9,9
67539,117,132,-15,15
67540,60,62,-2,2
67541,102,104,-2,2
67542,32,50,-18,18
67543,65,58,7,7
67544,163,149,14,14
67545,99,68,31,31
67546,76,62,14,14
67547,146,128,18,18
67548,137,131,6,6
67549,131,129,2,2
67550,152,138,14,14
67551,93,103,-10,10
67552,78,69,9,9
67553,83,84,-1,1
67554,109,105,4,4
67555,134,138,-4,4
67556,56,76,-20,20
67557,82,85,-3,3
67558,50,33,17,17
67559,104,101,3,3
67560,78,75,3,3
67561,60,59,1,1
67562,137,128,9,9
67563,64,58,6,6
67564,144,141,3,3
67565,49,56,-7,7
67566,104,94,10,10
67567,66,59,7,7
67568,71,61,10,10
67569,128,123,5,5
67570,84,110,-26,26
67571,141,142,-1,1
67572,97,87,10,10
67573,52,46,6,6
67574,74,76,-2,2
67575,98,104,-6,6
67576,71,74,-3,3
67577,56,62,-6,6
67578,71,70,1,1
67579,123,108,15,15
67580,146,125,21,21
67581,77,74,3,3
67582,68,67,1,1
67583,110,93,17,17
67584,85,82,3,3
67585,162,90,72,72
67586,105,91,14,14
67587,68,65,3,3
67588,100,95,5,5
67589,103,106,-3,3
67590,121,112,9,9
67591,96,79,17,17
67592,199,166,33,33
67593,83,78,5,5
67594,91,80,11,11
67595,61,64,-3,3
67596,103,119,-16,16
67597,95,95,0,0
67598,68,64,4,4
67599,94,92,2,2
67600,54,59,-5,5
67601,160,131,29,29
67602,123,129,-6,6
67603,154,135,19,19
67604,48,53,-5,5
67605,66,67,-1,1
67606,81,79,2,2
67607,56,62,-6,6
67608,160,140,20,20
67609,121,143,-22,22
67610,103,91,12,12
67611,126,126,0,0
67612,82,72,10,10
67613,63,83,-20,20
67614,88,83,5,5
67615,111,117,-6,6
67616,139,124,15,15
67617,103,101,2,2
67618,74,80,-6,6
67619,133,126,7,7
67620,49,55,-6,6
67621,93,88,5,5
67622,86,87,-1,1
67623,77,66,11,11
67624,56,74,-18,18
67625,66,54,12,12
67626,132,126,6,6
67627,149,141,8,8
67628,39,41,-2,2
67629,117,131,-14,14
67630,98,97,1,1
67631,59,64,-5,5
67632,146,152,-6,6
67633,106,95,11,11
67634,63,66,-3,3
67635,90,85,5,5
67636,73,78,-5,5
67637,80,69,11,11
67638,89,86,3,3
67639,88,84,4,4
67640,51,53,-2,2
67641,85,72,13,13
67642,106,115,-9,9
67643,136,138,-2,2
67644,46,57,-11,11
67645,107,106,1,1
67646,154,158,-4,4
67647,109,101,8,8
67648,79,83,-4,4
67649,94,80,14,14
67650,64,65,-1,1
67651,63,54,9,9
67652,62,59,3,3
67653,58,59,-1,1
67654,48,66,-18,18
67655,67,59,8,8
67656,74,76,-2,2
67657,94,93,1,1
67658,75,66,9,9
67659,158,140,18,18
67660,134,125,9,9
67661,189,177,12,12
67662,62,70,-8,8
67663,73,70,3,3
67664,89,93,-4,4
67665,42,10,32,32
67666,129,123,6,6
67667,65,108,-43,43
67668,49,60,-11,11
67669,163,151,12,12
67670,93,100,-7,7
67671,185,163,22,22
67672,91,87,4,4
67673,43,52,-9,9
67674,163,161,2,2
67675,65,68,-3,3
67676,49,37,12,12
67677,62,63,-1,1
67678,123,131,-8,8
67679,78,73,5,5
67680,144,137,7,7
67681,75,98,-23,23
67682,83,85,-2,2
67683,122,80,42,42
67684,92,87,5,5
67685,101,96,5,5
67686,75,92,-17,17
67687,130,118,12,12
67688,160,160,0,0
67689,58,67,-9,9
67690,154,139,15,15
67691,101,95,6,6
67692,54,62,-8,8
67693,177,184,-7,7
67694,198,168,30,30
67695,98,97,1,1
67696,87,95,-8,8
67697,116,106,10,10
67698,63,54,9,9
67699,95,91,4,4
67700,57,59,-2,2
67701,64,61,3,3
67702,69,46,23,23
67703,79,73,6,6
67704,89,98,-9,9
67705,53,46,7,7
67706,94,85,9,9
67707,85,89,-4,4
67708,85,83,2,2
67709,80,85,-5,5
67710,80,88,-8,8
67711,95,86,9,9
67712,95,85,10,10
67713,72,83,-11,11
67714,59,62,-3,3
67715,122,117,5,5
67716,76,61,15,15
67717,103,85,18,18
67718,80,87,-7,7
67719,84,95,-11,11
67720,108,111,-3,3
67721,94,89,5,5
67722,128,121,7,7
67723,121,128,-7,7
67724,156,132,24,24
67725,120,119,1,1
67726,97,98,-1,1
67727,87,101,-14,14
67728,116,105,11,11
67729,48,45,3,3
67730,139,145,-6,6
67731,93,86,7,7
67732,184,190,-6,6
67733,62,66,-4,4
67734,116,120,-4,4
67735,114,112,2,2
67736,104,101,3,3
67737,94,57,37,37
67738,169,161,8,8
67739,89,90,-1,1
67740,91,95,-4,4
67741,97,96,1,1
67742,111,99,12,12
67743,69,69,0,0
67744,120,114,6,6
67745,105,119,-14,14
67746,99,98,1,1
67747,37,57,-20,20
67748,105,88,17,17
67749,69,78,-9,9
67750,67,65,2,2
67751,31,49,-18,18
67752,60,56,4,4
67753,90,89,1,1
67754,74,63,11,11
67755,123,109,14,14
67756,97,99,-2,2
67757,55,57,-2,2
67758,127,132,-5,5
67759,122,118,4,4
67760,103,83,20,20
67761,141,138,3,3
67762,67,66,1,1
67763,113,119,-6,6
67764,135,133,2,2
67765,203,178,25,25
67766,88,82,6,6
67767,94,96,-2,2
67768,103,90,13,13
67769,86,78,8,8
67770,143,115,28,28
67771,52,63,-11,11
67772,75,83,-8,8
67773,114,120,-6,6
67774,92,89,3,3
67775,113,119,-6,6
67776,123,122,1,1
67777,68,69,-1,1
67778,86,93,-7,7
67779,27,31,-4,4
67780,126,126,0,0
67781,89,77,12,12
67782,113,104,9,9
67783,106,99,7,7
67784,90,77,13,13
67785,82,70,12,12
67786,88,94,-6,6
67787,97,113,-16,16
67788,141,126,15,15
67789,123,109,14,14
67790,188,192,-4,4
67791,108,106,2,2
67792,73,75,-2,2
67793,104,109,-5,5
67794,87,90,-3,3
67795,78,86,-8,8
67796,75,70,5,5
67797,153,140,13,13
67798,74,66,8,8
67799,129,112,17,17
67800,117,110,7,7
67801,82,83,-1,1
67802,103,99,4,4
67803,93,80,13,13
67804,89,88,1,1
67805,44,112,-68,68
67806,76,65,11,11
67807,79,84,-5,5
67808,87,88,-1,1
67809,38,41,-3,3
67810,120,120,0,0
67811,88,92,-4,4
67812,155,144,11,11
67813,120,111,9,9
67814,89,80,9,9
67815,100,98,2,2
67816,66,70,-4,4
67817,85,87,-2,2
67818,90,68,22,22
67819,126,131,-5,5
67820,153,133,20,20
67821,83,89,-6,6
67822,113,103,10,10
67823,88,89,-1,1
67824,152,153,-1,1
67825,104,94,10,10
67826,75,74,1,1
67827,48,84,-36,36
67828,127,94,33,33
67829,79,70,9,9
67830,117,134,-17,17
67831,63,69,-6,6
67832,113,129,-16,16
67833,143,153,-10,10
67834,110,112,-2,2
67835,75,79,-4,4
67836,48,54,-6,6
67837,64,85,-21,21
67838,99,97,2,2
67839,91,80,11,11
67840,111,99,12,12
67841,89,83,6,6
67842,141,131,10,10
67843,101,89,12,12
67844,74,62,12,12
67845,124,117,7,7
67846,115,123,-8,8
67847,94,98,-4,4
67848,110,120,-10,10
67849,70,71,-1,1
67850,89,94,-5,5
67851,53,50,3,3
67852,85,92,-7,7
67853,166,152,14,14
67854,77,71,6,6
67855,76,73,3,3
67856,137,138,-1,1
67857,79,87,-8,8
67858,144,139,5,5
67859,57,52,5,5
67860,102,126,-24,24
67861,77,72,5,5
67862,105,107,-2,2
67863,99,103,-4,4
67864,40,50,-10,10
67865,96,80,16,16
67866,99,98,1,1
67867,69,61,8,8
67868,111,101,10,10
67869,119,111,8,8
67870,152,157,-5,5
67871,138,135,3,3
67872,146,158,-12,12
67873,79,98,-19,19
67874,113,117,-4,4
67875,65,62,3,3
67876,135,124,11,11
67877,58,50,8,8
67878,68,77,-9,9
67879,103,88,15,15
67880,110,119,-9,9
67881,57,50,7,7
67882,191,170,21,21
67883,87,84,3,3
67884,130,124,6,6
67885,94,94,0,0
67886,101,102,-1,1
67887,52,53,-1,1
67888,134,144,-10,10
67889,75,74,1,1
67890,91,87,4,4
67891,109,110,-1,1
67892,96,83,13,13
67893,55,54,1,1
67894,114,110,4,4
67895,159,140,19,19
67896,74,73,1,1
67897,89,100,-11,11
67898,45,56,-11,11
67899,50,72,-22,22
67900,78,79,-1,1
67901,136,138,-2,2
67902,81,79,2,2
67903,104,93,11,11
67904,42,60,-18,18
67905,45,43,2,2
67906,91,81,10,10
67907,81,75,6,6
67908,73,72,1,1
67909,163,157,6,6
67910,62,58,4,4
67911,62,62,0,0
67912,117,100,17,17
67913,91,87,4,4
67914,81,91,-10,10
67915,183,156,27,27
67916,115,115,0,0
67917,45,48,-3,3
67918,67,61,6,6
67919,73,66,7,7
67920,115,109,6,6
67921,143,133,10,10
67922,122,104,18,18
67923,158,147,11,11
67924,132,131,1,1
67925,56,63,-7,7
67926,138,136,2,2
67927,128,114,14,14
67928,170,158,12,12
67929,101,97,4,4
67930,147,141,6,6
67931,116,122,-6,6
67932,97,110,-13,13
67933,116,120,-4,4
67934,73,74,-1,1
67935,58,55,3,3
67936,99,88,11,11
67937,148,153,-5,5
67938,56,47,9,9
67939,144,148,-4,4
67940,73,71,2,2
67941,124,130,-6,6
67942,58,79,-21,21
67943,72,77,-5,5
67944,57,62,-5,5
67945,77,62,15,15
67946,93,89,4,4
67947,136,131,5,5
67948,56,54,2,2
67949,106,95,11,11
67950,68,57,11,11
67951,107,97,10,10
67952,137,135,2,2
67953,51,58,-7,7
67954,161,134,27,27
67955,75,74,1,1
67956,207,198,9,9
67957,134,137,-3,3
67958,139,151,-12,12
67959,85,79,6,6
67960,64,59,5,5
67961,57,52,5,5
67962,87,87,0,0
67963,143,132,11,11
67964,89,83,6,6
67965,78,74,4,4
67966,73,88,-15,15
67967,188,187,1,1
67968,115,105,10,10
67969,119,104,15,15
67970,74,80,-6,6
67971,96,94,2,2
67972,64,66,-2,2
67973,117,104,13,13
67974,127,145,-18,18
67975,70,67,3,3
67976,97,110,-13,13
67977,163,160,3,3
67978,143,114,29,29
67979,69,70,-1,1
67980,98,119,-21,21
67981,87,83,4,4
67982,100,104,-4,4
67983,111,117,-6,6
67984,129,139,-10,10
67985,94,78,16,16
67986,124,134,-10,10
67987,70,66,4,4
67988,64,64,0,0
67989,131,124,7,7
67990,81,88,-7,7
67991,121,112,9,9
67992,139,136,3,3
67993,49,63,-14,14
67994,54,51,3,3
67995,109,110,-1,1
67996,71,74,-3,3
67997,124,111,13,13
67998,110,96,14,14
67999,103,105,-2,2
68000,104,112,-8,8
68001,95,116,-21,21
68002,85,82,3,3
68003,83,75,8,8
68004,111,120,-9,9
68005,68,53,15,15
68006,76,72,4,4
68007,47,43,4,4
68008,143,119,24,24
68009,64,56,8,8
68010,102,108,-6,6
68011,77,83,-6,6
68012,52,60,-8,8
68013,52,55,-3,3
68014,75,74,1,1
68015,83,94,-11,11
68016,70,66,4,4
68017,44,42,2,2
68018,41,43,-2,2
68019,77,73,4,4
68020,53,45,8,8
68021,132,133,-1,1
68022,112,103,9,9
68023,81,68,13,13
68024,85,85,0,0
68025,90,83,7,7
68026,51,63,-12,12
68027,55,57,-2,2
68028,45,85,-40,40
68029,52,49,3,3
68030,98,94,4,4
68031,72,67,5,5
68032,239,222,17,17
68033,123,105,18,18
68034,164,156,8,8
68035,75,68,7,7
68036,145,145,0,0
68037,63,58,5,5
68038,63,88,-25,25
68039,100,128,-28,28
68040,110,104,6,6
68041,76,91,-15,15
68042,94,95,-1,1
68043,109,97,12,12
68044,59,71,-12,12
68045,140,158,-18,18
68046,83,76,7,7
68047,136,120,16,16
68048,50,41,9,9
68049,85,69,16,16
68050,113,106,7,7
68051,49,64,-15,15
68052,98,88,10,10
68053,80,63,17,17
68054,95,101,-6,6
68055,129,132,-3,3
68056,89,73,16,16
68057,115,101,14,14
68058,73,78,-5,5
68059,75,80,-5,5
68060,168,151,17,17
68061,52,62,-10,10
68062,76,79,-3,3
68063,104,107,-3,3
68064,124,107,17,17
68065,113,111,2,2
68066,80,72,8,8
68067,79,102,-23,23
68068,89,80,9,9
68069,90,79,11,11
68070,46,61,-15,15
68071,80,75,5,5
68072,108,121,-13,13
68073,46,50,-4,4
68074,106,95,11,11
68075,139,131,8,8
68076,99,113,-14,14
68077,50,47,3,3
68078,65,58,7,7
68079,69,66,3,3
68080,125,122,3,3
68081,97,91,6,6
68082,84,80,4,4
68083,114,135,-21,21
68084,39,36,3,3
68085,106,64,42,42
68086,88,89,-1,1
68087,80,82,-2,2
68088,178,161,17,17
68089,104,127,-23,23
68090,76,62,14,14
68091,108,95,13,13
68092,82,100,-18,18
68093,44,25,19,19
68094,67,65,2,2
68095,69,77,-8,8
68096,69,73,-4,4
68097,112,113,-1,1
68098,151,150,1,1
68099,47,56,-9,9
68100,70,66,4,4
68101,86,85,1,1
68102,95,86,9,9
68103,68,79,-11,11
68104,44,55,-11,11
68105,70,82,-12,12
68106,132,117,15,15
68107,66,66,0,0
68108,104,101,3,3
68109,155,133,22,22
68110,136,133,3,3
68111,74,83,-9,9
68112,109,126,-17,17
68113,88,91,-3,3
68114,156,167,-11,11
68115,153,157,-4,4
68116,83,74,9,9
68117,88,84,4,4
68118,167,168,-1,1
68119,44,47,-3,3
68120,124,111,13,13
68121,71,66,5,5
68122,131,101,30,30
68123,94,88,6,6
68124,64,65,-1,1
68125,81,79,2,2
68126,69,71,-2,2
68127,52,50,2,2
68128,84,72,12,12
68129,59,55,4,4
68130,117,125,-8,8
68131,115,108,7,7
68132,86,78,8,8
68133,111,100,11,11
68134,69,71,-2,2
68135,119,115,4,4
68136,73,69,4,4
68137,81,81,0,0
68138,79,88,-9,9
68139,89,99,-10,10
68140,51,54,-3,3
68141,63,63,0,0
68142,87,89,-2,2
68143,116,111,5,5
68144,115,118,-3,3
68145,111,113,-2,2
68146,38,35,3,3
68147,130,139,-9,9
68148,100,85,15,15
68149,60,52,8,8
68150,91,81,10,10
68151,67,66,1,1
68152,73,65,8,8
68153,152,144,8,8
68154,199,179,20,20
68155,156,155,1,1
68156,61,66,-5,5
68157,109,94,15,15
68158,69,71,-2,2
68159,87,88,-1,1
68160,65,68,-3,3
68161,83,91,-8,8
68162,94,94,0,0
68163,104,83,21,21
68164,72,77,-5,5
68165,74,94,-20,20
68166,93,79,14,14
68167,88,81,7,7
68168,88,78,10,10
68169,75,82,-7,7
68170,102,108,-6,6
68171,72,65,7,7
68172,95,85,10,10
68173,98,100,-2,2
68174,86,87,-1,1
68175,91,112,-21,21
68176,67,60,7,7
68177,73,75,-2,2
68178,129,134,-5,5
68179,64,60,4,4
68180,94,94,0,0
68181,123,107,16,16
68182,89,80,9,9
68183,45,48,-3,3
68184,95,97,-2,2
68185,77,79,-2,2
68186,61,65,-4,4
68187,151,154,-3,3
68188,53,77,-24,24
68189,109,107,2,2
68190,84,95,-11,11
68191,86,83,3,3
68192,105,95,10,10
68193,107,122,-15,15
68194,97,111,-14,14
68195,41,55,-14,14
68196,69,68,1,1
68197,111,83,28,28
68198,40,44,-4,4
68199,140,137,3,3
68200,65,70,-5,5
68201,149,95,54,54
68202,46,46,0,0
68203,103,94,9,9
68204,80,77,3,3
68205,41,47,-6,6
68206,97,127,-30,30
68207,65,73,-8,8
68208,124,136,-12,12
68209,65,59,6,6
68210,85,82,3,3
68211,151,150,1,1
68212,75,74,1,1
68213,92,92,0,0
68214,96,81,15,15
68215,120,135,-15,15
68216,71,61,10,10
68217,77,74,3,3
68218,84,97,-13,13
68219,100,109,-9,9
68220,105,110,-5,5
68221,123,107,16,16
68222,53,50,3,3
68223,178,171,7,7
68224,99,98,1,1
68225,64,64,0,0
68226,78,81,-3,3
68227,108,111,-3,3
68228,77,79,-2,2
68229,157,122,35,35
68230,72,82,-10,10
68231,68,72,-4,4
68232,87,72,15,15
68233,70,68,2,2
68234,52,58,-6,6
68235,85,74,11,11
68236,100,119,-19,19
68237,71,79,-8,8
68238,109,122,-13,13
68239,154,172,-18,18
68240,96,85,11,11
68241,78,79,-1,1
68242,82,90,-8,8
68243,114,89,25,25
68244,103,110,-7,7
68245,118,122,-4,4
68246,87,89,-2,2
68247,121,138,-17,17
68248,94,96,-2,2
68249,62,57,5,5
68250,89,80,9,9
68251,105,97,8,8
68252,85,75,10,10
68253,79,84,-5,5
68254,86,80,6,6
68255,100,103,-3,3
68256,104,109,-5,5
68257,83,75,8,8
68258,90,86,4,4
68259,112,132,-20,20
68260,69,62,7,7
68261,121,96,25,25
68262,84,95,-11,11
68263,87,76,11,11
68264,92,98,-6,6
68265,147,153,-6,6
68266,86,89,-3,3
68267,89,81,8,8
68268,52,64,-12,12
68269,110,108,2,2
68270,145,127,18,18
68271,87,89,-2,2
68272,107,85,22,22
68273,145,117,28,28
68274,55,55,0,0
68275,51,59,-8,8
68276,95,97,-2,2
68277,101,100,1,1
68278,72,57,15,15
68279,90,85,5,5
68280,91,81,10,10
68281,94,93,1,1
68282,60,60,0,0
68283,59,65,-6,6
68284,96,89,7,7
68285,55,47,8,8
68286,101,79,22,22
68287,95,103,-8,8
68288,113,98,15,15
68289,77,65,12,12
68290,114,127,-13,13
68291,101,113,-12,12
68292,100,114,-14,14
68293,64,65,-1,1
68294,100,102,-2,2
68295,158,149,9,9
68296,81,83,-2,2
68297,62,66,-4,4
68298,136,131,5,5
68299,156,141,15,15
68300,160,148,12,12
68301,128,120,8,8
68302,49,40,9,9
68303,135,127,8,8
68304,81,84,-3,3
68305,85,83,2,2
68306,74,68,6,6
68307,141,132,9,9
68308,98,101,-3,3
68309,140,151,-11,11
68310,102,97,5,5
68311,91,101,-10,10
68312,68,68,0,0
68313,117,104,13,13
68314,57,56,1,1
68315,70,65,5,5
68316,203,164,39,39
68317,96,117,-21,21
68318,128,128,0,0
68319,81,74,7,7
68320,81,89,-8,8
68321,66,59,7,7
68322,128,118,10,10
68323,150,146,4,4
68324,79,87,-8,8
68325,68,82,-14,14
68326,57,61,-4,4
68327,63,65,-2,2
68328,110,106,4,4
68329,84,88,-4,4
68330,84,69,15,15
68331,59,62,-3,3
68332,101,91,10,10
68333,73,70,3,3
68334,82,84,-2,2
68335,163,153,10,10
68336,113,110,3,3
68337,95,77,18,18
68338,73,78,-5,5
68339,83,79,4,4
68340,114,112,2,2
68341,136,108,28,28
68342,86,85,1,1
68343,81,70,11,11
68344,108,111,-3,3
68345,149,159,-10,10
68346,101,100,1,1
68347,78,87,-9,9
68348,126,112,14,14
68349,122,141,-19,19
68350,112,125,-13,13
68351,67,64,3,3
68352,62,59,3,3
68353,112,111,1,1
68354,171,160,11,11
68355,65,53,12,12
68356,97,78,19,19
68357,43,47,-4,4
68358,71,59,12,12
68359,71,74,-3,3
68360,55,52,3,3
68361,72,80,-8,8
68362,85,86,-1,1
68363,190,170,20,20
68364,97,103,-6,6
68365,100,94,6,6
68366,75,71,4,4
68367,130,90,40,40
68368,60,66,-6,6
68369,105,105,0,0
68370,85,85,0,0
68371,89,87,2,2
68372,93,88,5,5
68373,39,73,-34,34
68374,74,53,21,21
68375,148,145,3,3
68376,136,123,13,13
68377,61,76,-15,15
68378,181,166,15,15
68379,99,92,7,7
68380,165,161,4,4
68381,97,84,13,13
68382,116,110,6,6
68383,105,119,-14,14
68384,50,55,-5,5
68385,71,88,-17,17
68386,115,109,6,6
68387,61,59,2,2
68388,101,94,7,7
68389,80,76,4,4
68390,100,113,-13,13
68391,79,89,-10,10
68392,121,135,-14,14
68393,85,94,-9,9
68394,87,95,-8,8
68395,61,65,-4,4
68396,125,128,-3,3
68397,85,99,-14,14
68398,87,94,-7,7
68399,64,70,-6,6
68400,66,59,7,7
68401,85,86,-1,1
68402,159,144,15,15
68403,132,128,4,4
68404,96,104,-8,8
68405,100,119,-19,19
68406,76,73,3,3
68407,117,122,-5,5
68408,101,109,-8,8
68409,86,81,5,5
68410,117,106,11,11
68411,96,95,1,1
68412,55,66,-11,11
68413,145,144,1,1
68414,68,67,1,1
68415,71,61,10,10
68416,129,131,-2,2
68417,121,123,-2,2
68418,92,82,10,10
68419,57,51,6,6
68420,50,48,2,2
68421,56,56,0,0
68422,52,53,-1,1
68423,61,58,3,3
68424,164,144,20,20
68425,119,119,0,0
68426,85,76,9,9
68427,83,83,0,0
68428,149,143,6,6
68429,103,87,16,16
68430,61,126,-65,65
68431,142,134,8,8
68432,80,77,3,3
68433,49,52,-3,3
68434,109,91,18,18
68435,101,103,-2,2
68436,77,74,3,3
68437,160,174,-14,14
68438,108,114,-6,6
68439,137,128,9,9
68440,125,130,-5,5
68441,76,68,8,8
68442,145,121,24,24
68443,86,91,-5,5
68444,131,124,7,7
68445,99,104,-5,5
68446,97,100,-3,3
68447,67,59,8,8
68448,107,116,-9,9
68449,87,87,0,0
68450,104,98,6,6
68451,77,73,4,4
68452,49,52,-3,3
68453,152,116,36,36
68454,138,135,3,3
68455,183,167,16,16
68456,53,56,-3,3
68457,100,95,5,5
68458,71,64,7,7
68459,73,82,-9,9
68460,108,106,2,2
68461,85,94,-9,9
68462,72,70,2,2
68463,92,98,-6,6
68464,127,117,10,10
68465,61,87,-26,26
68466,86,97,-11,11
68467,56,55,1,1
68468,104,104,0,0
68469,86,85,1,1
68470,142,142,0,0
68471,78,97,-19,19
68472,96,85,11,11
68473,75,68,7,7
68474,88,90,-2,2
68475,69,70,-1,1
68476,62,62,0,0
68477,107,105,2,2
68478,65,65,0,0
68479,129,127,2,2
68480,86,96,-10,10
68481,77,74,3,3
68482,115,98,17,17
68483,87,83,4,4
68484,32,39,-7,7
68485,80,85,-5,5
68486,107,103,4,4
68487,112,127,-15,15
68488,83,77,6,6
68489,89,95,-6,6
68490,65,64,1,1
68491,63,66,-3,3
68492,56,55,1,1
68493,99,91,8,8
68494,88,90,-2,2
68495,130,124,6,6
68496,59,66,-7,7
68497,157,114,43,43
68498,94,104,-10,10
68499,94,94,0,0
68500,61,59,2,2
68501,98,93,5,5
68502,98,98,0,0
68503,108,108,0,0
68504,122,129,-7,7
68505,115,130,-15,15
68506,49,60,-11,11
68507,79,77,2,2
68508,96,99,-3,3
68509,81,100,-19,19
68510,54,63,-9,9
68511,70,77,-7,7
68512,141,134,7,7
68513,113,141,-28,28
68514,110,90,20,20
68515,75,73,2,2
68516,85,106,-21,21
68517,85,74,11,11
68518,105,95,10,10
68519,62,74,-12,12
68520,39,41,-2,2
68521,83,73,10,10
68522,103,97,6,6
68523,69,79,-10,10
68524,103,98,5,5
68525,82,69,13,13
68526,98,88,10,10
68527,134,131,3,3
68528,51,60,-9,9
68529,98,93,5,5
68530,58,60,-2,2
68531,66,74,-8,8
68532,66,60,6,6
68533,139,120,19,19
68534,182,164,18,18
68535,118,123,-5,5
68536,69,71,-2,2
68537,61,72,-11,11
68538,101,100,1,1
68539,126,93,33,33
68540,87,83,4,4
68541,53,58,-5,5
68542,83,125,-42,42
68543,113,126,-13,13
68544,109,97,12,12
68545,60,60,0,0
68546,113,115,-2,2
68547,84,80,4,4
68548,60,55,5,5
68549,56,44,12,12
68550,52,47,5,5
68551,111,109,2,2
68552,74,82,-8,8
68553,57,50,7,7
68554,72,73,-1,1
68555,77,83,-6,6
68556,93,90,3,3
68557,167,147,20,20
68558,64,67,-3,3
68559,97,81,16,16
68560,106,107,-1,1
68561,165,151,14,14
68562,86,97,-11,11
68563,146,132,14,14
68564,98,102,-4,4
68565,88,89,-1,1
68566,89,86,3,3
68567,99,90,9,9
68568,86,85,1,1
68569,95,101,-6,6
68570,70,60,10,10
68571,91,101,-10,10
68572,98,90,8,8
68573,92,91,1,1
68574,103,105,-2,2
68575,91,75,16,16
68576,58,80,-22,22
68577,61,63,-2,2
68578,53,59,-6,6
68579,83,72,11,11
68580,56,48,8,8
68581,84,100,-16,16
68582,73,74,-1,1
68583,73,70,3,3
68584,81,79,2,2
68585,69,74,-5,5
68586,71,88,-17,17
68587,107,128,-21,21
68588,111,112,-1,1
68589,107,101,6,6
68590,115,98,17,17
68591,75,84,-9,9
68592,129,118,11,11
68593,94,92,2,2
68594,52,56,-4,4
68595,146,151,-5,5
68596,99,100,-1,1
68597,93,109,-16,16
68598,57,65,-8,8
68599,102,75,27,27
68600,58,65,-7,7
68601,95,137,-42,42
68602,92,86,6,6
68603,99,96,3,3
68604,115,120,-5,5
68605,77,73,4,4
68606,176,172,4,4
68607,97,106,-9,9
68608,153,143,10,10
68609,74,69,5,5
68610,182,160,22,22
68611,91,104,-13,13
68612,67,70,-3,3
68613,85,91,-6,6
68614,109,115,-6,6
68615,113,99,14,14
68616,111,109,2,2
68617,95,108,-13,13
68618,74,64,10,10
68619,110,118,-8,8
68620,58,56,2,2
68621,135,121,14,14
68622,108,111,-3,3
68623,112,117,-5,5
68624,49,51,-2,2
68625,114,123,-9,9
68626,57,57,0,0
68627,74,64,10,10
68628,99,97,2,2
68629,96,92,4,4
68630,88,82,6,6
68631,79,81,-2,2
68632,82,72,10,10
68633,99,91,8,8
68634,116,108,8,8
68635,80,78,2,2
68636,120,106,14,14
68637,70,56,14,14
68638,74,82,-8,8
68639,55,68,-13,13
68640,97,86,11,11
68641,74,57,17,17
68642,92,102,-10,10
68643,71,75,-4,4
68644,86,85,1,1
68645,66,57,9,9
68646,74,67,7,7
68647,90,83,7,7
68648,110,106,4,4
68649,94,85,9,9
68650,101,96,5,5
68651,115,115,0,0
68652,91,80,11,11
68653,102,105,-3,3
68654,116,125,-9,9
68655,130,130,0,0
68656,45,58,-13,13
68657,77,89,-12,12
68658,117,130,-13,13
68659,109,100,9,9
68660,94,93,1,1
68661,130,128,2,2
68662,37,40,-3,3
68663,73,78,-5,5
68664,79,66,13,13
68665,80,87,-7,7
68666,143,123,20,20
68667,69,78,-9,9
68668,143,137,6,6
68669,105,98,7,7
68670,150,149,1,1
68671,94,84,10,10
68672,107,97,10,10
68673,64,57,7,7
68674,154,146,8,8
68675,129,119,10,10
68676,118,106,12,12
68677,86,73,13,13
68678,98,92,6,6
68679,134,142,-8,8
68680,96,92,4,4
68681,90,86,4,4
68682,173,170,3,3
68683,83,77,6,6
68684,168,174,-6,6
68685,97,93,4,4
68686,88,93,-5,5
68687,54,69,-15,15
68688,142,114,28,28
68689,152,154,-2,2
68690,75,89,-14,14
68691,73,85,-12,12
68692,170,182,-12,12
68693,82,90,-8,8
68694,103,113,-10,10
68695,135,120,15,15
68696,98,99,-1,1
68697,190,177,13,13
68698,110,87,23,23
68699,56,59,-3,3
68700,160,152,8,8
68701,86,97,-11,11
68702,105,100,5,5
68703,42,42,0,0
68704,148,164,-16,16
68705,78,65,13,13
68706,108,111,-3,3
68707,81,81,0,0
68708,135,131,4,4
68709,84,89,-5,5
68710,115,112,3,3
68711,124,118,6,6
68712,67,77,-10,10
68713,97,77,20,20
68714,90,101,-11,11
68715,158,137,21,21
68716,162,151,11,11
68717,165,166,-1,1
68718,76,75,1,1
68719,174,173,1,1
68720,125,121,4,4
68721,155,135,20,20
68722,80,82,-2,2
68723,150,158,-8,8
68724,54,49,5,5
68725,119,104,15,15
68726,83,77,6,6
68727,56,58,-2,2
68728,69,80,-11,11
68729,94,95,-1,1
68730,103,99,4,4
68731,120,110,10,10
68732,119,127,-8,8
68733,92,89,3,3
68734,102,111,-9,9
68735,75,75,0,0
68736,64,56,8,8
68737,175,160,15,15
68738,66,57,9,9
68739,69,60,9,9
68740,66,63,3,3
68741,42,55,-13,13
68742,222,199,23,23
68743,161,154,7,7
68744,139,121,18,18
68745,88,81,7,7
68746,81,75,6,6
68747,160,163,-3,3
68748,100,96,4,4
68749,64,61,3,3
68750,26,41,-15,15
68751,126,125,1,1
68752,49,57,-8,8
68753,101,109,-8,8
68754,78,70,8,8
68755,82,82,0,0
68756,68,64,4,4
68757,90,90,0,0
68758,78,72,6,6
68759,114,123,-9,9
68760,160,155,5,5
68761,108,106,2,2
68762,93,93,0,0
68763,52,58,-6,6
68764,142,148,-6,6
68765,151,159,-8,8
68766,118,132,-14,14
68767,90,88,2,2
68768,103,88,15,15
68769,126,130,-4,4
68770,121,118,3,3
68771,111,109,2,2
68772,87,81,6,6
68773,48,52,-4,4
68774,86,61,25,25
68775,60,69,-9,9
68776,162,151,11,11
68777,98,88,10,10
68778,134,139,-5,5
68779,147,139,8,8
68780,113,117,-4,4
68781,79,75,4,4
68782,76,73,3,3
68783,72,77,-5,5
68784,59,71,-12,12
68785,151,150,1,1
68786,114,119,-5,5
68787,71,77,-6,6
68788,146,131,15,15
68789,83,89,-6,6
68790,65,73,-8,8
68791,60,50,10,10
68792,113,100,13,13
68793,146,122,24,24
68794,103,120,-17,17
68795,123,118,5,5
68796,59,64,-5,5
68797,158,150,8,8
68798,114,105,9,9
68799,133,119,14,14
68800,151,137,14,14
68801,41,36,5,5
68802,80,74,6,6
68803,71,56,15,15
68804,88,91,-3,3
68805,94,106,-12,12
68806,41,51,-10,10
68807,129,153,-24,24
68808,126,122,4,4
68809,132,122,10,10
68810,38,56,-18,18
68811,81,76,5,5
68812,97,99,-2,2
68813,99,99,0,0
68814,159,149,10,10
68815,113,120,-7,7
68816,42,64,-22,22
68817,176,161,15,15
68818,96,80,16,16
68819,122,128,-6,6
68820,134,142,-8,8
68821,63,70,-7,7
68822,81,73,8,8
68823,94,99,-5,5
68824,122,114,8,8
68825,99,75,24,24
68826,103,103,0,0
68827,77,97,-20,20
68828,90,104,-14,14
68829,139,131,8,8
68830,74,93,-19,19
68831,83,83,0,0
68832,84,78,6,6
68833,108,98,10,10
68834,80,81,-1,1
68835,117,106,11,11
68836,81,89,-8,8
68837,73,67,6,6
68838,146,130,16,16
68839,83,77,6,6
68840,71,61,10,10
68841,99,97,2,2
68842,52,57,-5,5
68843,97,113,-16,16
68844,80,81,-1,1
68845,112,120,-8,8
68846,57,69,-12,12
68847,105,97,8,8
68848,145,158,-13,13
68849,104,95,9,9
68850,94,85,9,9
68851,109,103,6,6
68852,73,70,3,3
68853,54,67,-13,13
68854,99,80,19,19
68855,204,194,10,10
68856,42,44,-2,2
68857,40,36,4,4
68858,61,51,10,10
68859,98,104,-6,6
68860,88,86,2,2
68861,107,112,-5,5
68862,101,99,2,2
68863,156,148,8,8
68864,43,42,1,1
68865,85,79,6,6
68866,130,121,9,9
68867,49,56,-7,7
68868,82,70,12,12
68869,105,94,11,11
68870,141,157,-16,16
68871,124,132,-8,8
68872,149,167,-18,18
68873,61,45,16,16
68874,163,160,3,3
68875,94,92,2,2
68876,64,66,-2,2
68877,129,146,-17,17
68878,71,79,-8,8
68879,95,109,-14,14
68880,106,119,-13,13
68881,103,84,19,19
68882,81,73,8,8
68883,89,88,1,1
68884,144,144,0,0
68885,64,76,-12,12
68886,37,75,-38,38
68887,87,68,19,19
68888,34,40,-6,6
68889,94,104,-10,10
68890,84,90,-6,6
68891,76,73,3,3
68892,79,77,2,2
68893,96,105,-9,9
68894,99,100,-1,1
68895,102,98,4,4
68896,66,66,0,0
68897,96,87,9,9
68898,75,76,-1,1
68899,98,80,18,18
68900,75,67,8,8
68901,106,97,9,9
68902,85,79,6,6
68903,104,126,-22,22
68904,83,83,0,0
68905,92,92,0,0
68906,110,121,-11,11
68907,89,107,-18,18
68908,148,145,3,3
68909,105,103,2,2
68910,90,76,14,14
68911,42,60,-18,18
68912,102,97,5,5
68913,142,146,-4,4
68914,122,105,17,17
68915,109,99,10,10
68916,101,99,2,2
68917,89,100,-11,11
68918,118,111,7,7
68919,146,131,15,15
68920,100,111,-11,11
68921,99,97,2,2
68922,62,64,-2,2
68923,84,74,10,10
68924,62,73,-11,11
68925,190,171,19,19
68926,105,109,-4,4
68927,101,89,12,12
68928,69,83,-14,14
68929,105,101,4,4
68930,135,116,19,19
68931,162,175,-13,13
68932,96,91,5,5
68933,80,66,14,14
68934,83,89,-6,6
68935,133,123,10,10
68936,77,68,9,9
68937,130,128,2,2
68938,143,174,-31,31
68939,83,86,-3,3
68940,77,71,6,6
68941,148,146,2,2
68942,88,78,10,10
68943,47,57,-10,10
68944,66,53,13,13
68945,54,62,-8,8
68946,97,90,7,7
68947,80,86,-6,6
68948,51,58,-7,7
68949,122,133,-11,11
68950,134,124,10,10
68951,152,148,4,4
68952,96,107,-11,11
68953,75,79,-4,4
68954,143,149,-6,6
68955,164,162,2,2
68956,99,99,0,0
68957,149,158,-9,9
68958,126,128,-2,2
68959,90,72,18,18
68960,102,116,-14,14
68961,18,32,-14,14
68962,103,126,-23,23
68963,130,114,16,16
68964,67,75,-8,8
68965,69,59,10,10
68966,84,81,3,3
68967,122,129,-7,7
68968,103,93,10,10
68969,65,56,9,9
68970,111,123,-12,12
68971,177,150,27,27
68972,64,63,1,1
68973,159,136,23,23
68974,123,120,3,3
68975,67,72,-5,5
68976,138,139,-1,1
68977,88,96,-8,8
68978,94,100,-6,6
68979,114,100,14,14
68980,81,81,0,0
68981,68,55,13,13
68982,214,183,31,31
68983,145,132,13,13
68984,54,49,5,5
68985,100,85,15,15
68986,146,145,1,1
68987,213,197,16,16
68988,106,104,2,2
68989,57,51,6,6
68990,128,129,-1,1
68991,97,95,2,2
68992,90,90,0,0
68993,102,92,10,10
68994,153,138,15,15
68995,84,79,5,5
68996,27,27,0,0
68997,51,46,5,5
68998,73,72,1,1
68999,86,81,5,5
69000,77,69,8,8
69001,154,126,28,28
69002,107,101,6,6
69003,173,170,3,3
69004,80,86,-6,6
69005,92,94,-2,2
69006,86,84,2,2
69007,70,70,0,0
69008,116,113,3,3
69009,79,78,1,1
69010,101,92,9,9
69011,138,143,-5,5
69012,125,115,10,10
69013,65,63,2,2
69014,82,82,0,0
69015,88,88,0,0
69016,40,51,-11,11
69017,104,114,-10,10
69018,111,110,1,1
69019,81,70,11,11
69020,67,75,-8,8
69021,91,98,-7,7
69022,135,134,1,1
69023,155,165,-10,10
69024,89,80,9,9
69025,58,63,-5,5
69026,137,124,13,13
69027,69,75,-6,6
69028,84,79,5,5
69029,110,91,19,19
69030,68,106,-38,38
69031,126,112,14,14
69032,185,142,43,43
69033,64,45,19,19
69034,119,121,-2,2
69035,133,131,2,2
69036,96,98,-2,2
69037,54,58,-4,4
69038,90,87,3,3
69039,75,73,2,2
69040,123,151,-28,28
69041,91,86,5,5
69042,114,121,-7,7
69043,49,74,-25,25
69044,119,104,15,15
69045,78,71,7,7
69046,105,96,9,9
69047,113,106,7,7
69048,75,75,0,0
69049,162,152,10,10
69050,62,72,-10,10
69051,93,88,5,5
69052,67,74,-7,7
69053,118,122,-4,4
69054,76,75,1,1
69055,132,130,2,2
69056,43,61,-18,18
69057,69,68,1,1
69058,99,102,-3,3
69059,81,82,-1,1
69060,103,96,7,7
69061,87,78,9,9
69062,88,85,3,3
69063,92,85,7,7
69064,102,100,2,2
69065,53,59,-6,6
69066,80,77,3,3
69067,86,76,10,10
69068,107,112,-5,5
69069,165,172,-7,7
69070,43,67,-24,24
69071,84,74,10,10
69072,129,123,6,6
69073,135,127,8,8
69074,32,49,-17,17
69075,49,58,-9,9
69076,91,88,3,3
69077,72,72,0,0
69078,85,77,8,8
69079,75,84,-9,9
69080,95,129,-34,34
69081,132,133,-1,1
69082,98,104,-6,6
69083,34,54,-20,20
69084,114,108,6,6
69085,104,103,1,1
69086,111,97,14,14
69087,59,53,6,6
69088,38,54,-16,16
69089,45,40,5,5
69090,160,170,-10,10
69091,87,79,8,8
69092,78,99,-21,21
69093,180,156,24,24
69094,112,120,-8,8
69095,99,96,3,3
69096,77,81,-4,4
69097,64,107,-43,43
69098,93,78,15,15
69099,135,136,-1,1
69100,80,66,14,14
69101,105,94,11,11
69102,93,89,4,4
69103,97,93,4,4
69104,93,96,-3,3
69105,126,113,13,13
69106,100,94,6,6
69107,93,91,2,2
69108,116,113,3,3
69109,89,88,1,1
69110,72,86,-14,14
69111,158,152,6,6
69112,107,91,16,16
69113,57,57,0,0
69114,95,97,-2,2
69115,199,185,14,14
69116,98,106,-8,8
69117,50,59,-9,9
69118,72,68,4,4
69119,86,77,9,9
69120,36,105,-69,69
69121,77,59,18,18
69122,144,150,-6,6
69123,101,130,-29,29
69124,141,138,3,3
69125,136,116,20,20
69126,81,81,0,0
69127,96,116,-20,20
69128,92,90,2,2
69129,37,59,-22,22
69130,117,111,6,6
69131,96,87,9,9
69132,120,138,-18,18
69133,58,63,-5,5
69134,147,126,21,21
69135,60,67,-7,7
69136,85,79,6,6
69137,71,56,15,15
69138,74,67,7,7
69139,98,102,-4,4
69140,59,63,-4,4
69141,77,79,-2,2
69142,77,81,-4,4
69143,76,82,-6,6
69144,52,55,-3,3
69145,116,119,-3,3
69146,78,79,-1,1
69147,74,70,4,4
69148,124,117,7,7
69149,58,53,5,5
69150,86,89,-3,3
69151,132,123,9,9
69152,108,95,13,13
69153,38,43,-5,5
69154,138,141,-3,3
69155,74,71,3,3
69156,73,74,-1,1
69157,95,76,19,19
69158,129,92,37,37
69159,102,99,3,3
69160,112,106,6,6
69161,141,141,0,0
69162,76,62,14,14
69163,142,148,-6,6
69164,72,66,6,6
69165,163,155,8,8
69166,122,137,-15,15
69167,44,47,-3,3
69168,104,94,10,10
69169,72,87,-15,15
69170,60,62,-2,2
69171,69,62,7,7
69172,113,106,7,7
69173,89,98,-9,9
69174,42,45,-3,3
69175,146,136,10,10
69176,147,111,36,36
69177,132,139,-7,7
69178,107,89,18,18
69179,77,74,3,3
69180,102,100,2,2
69181,153,147,6,6
69182,56,141,-85,85
69183,105,112,-7,7
69184,129,119,10,10
69185,99,85,14,14
69186,55,53,2,2
69187,102,107,-5,5
69188,102,93,9,9
69189,111,116,-5,5
69190,123,119,4,4
69191,62,62,0,0
69192,152,159,-7,7
69193,89,81,8,8
69194,94,87,7,7
69195,35,45,-10,10
69196,94,87,7,7
69197,110,113,-3,3
69198,175,186,-11,11
69199,105,93,12,12
69200,42,53,-11,11
69201,152,151,1,1
69202,149,142,7,7
69203,207,188,19,19
69204,152,158,-6,6
69205,88,102,-14,14
69206,94,89,5,5
69207,76,73,3,3
69208,84,83,1,1
69209,87,80,7,7
69210,59,102,-43,43
69211,112,111,1,1
69212,110,108,2,2
69213,136,123,13,13
69214,81,83,-2,2
69215,177,156,21,21
69216,120,124,-4,4
69217,86,91,-5,5
69218,57,57,0,0
69219,100,84,16,16
69220,134,130,4,4
69221,75,68,7,7
69222,88,79,9,9
69223,82,85,-3,3
69224,54,59,-5,5
69225,74,70,4,4
69226,50,48,2,2
69227,125,114,11,11
69228,85,100,-15,15
69229,148,142,6,6
69230,88,85,3,3
69231,58,86,-28,28
69232,124,101,23,23
69233,129,135,-6,6
69234,100,95,5,5
69235,76,68,8,8
69236,86,81,5,5
69237,57,73,-16,16
69238,84,81,3,3
69239,103,86,17,17
69240,87,84,3,3
69241,114,115,-1,1
69242,58,60,-2,2
69243,100,89,11,11
69244,92,87,5,5
69245,78,82,-4,4
69246,73,88,-15,15
69247,73,59,14,14
69248,106,104,2,2
69249,135,138,-3,3
69250,95,115,-20,20
69251,75,79,-4,4
69252,116,121,-5,5
69253,58,57,1,1
69254,135,136,-1,1
69255,75,76,-1,1
69256,51,58,-7,7
69257,69,64,5,5
69258,97,109,-12,12
69259,73,72,1,1
69260,91,102,-11,11
69261,156,151,5,5
69262,67,71,-4,4
69263,77,67,10,10
69264,133,145,-12,12
69265,129,157,-28,28
69266,110,103,7,7
69267,121,140,-19,19
69268,150,150,0,0
69269,89,93,-4,4
69270,71,76,-5,5
69271,119,99,20,20
69272,70,76,-6,6
69273,121,132,-11,11
69274,116,126,-10,10
69275,123,129,-6,6
69276,95,90,5,5
69277,70,59,11,11
69278,111,83,28,28
69279,113,96,17,17
69280,92,71,21,21
69281,52,50,2,2
69282,114,112,2,2
69283,106,109,-3,3
69284,102,113,-11,11
69285,72,81,-9,9
69286,134,111,23,23
69287,101,98,3,3
69288,134,124,10,10
69289,111,118,-7,7
69290,99,108,-9,9
69291,98,90,8,8
69292,94,93,1,1
69293,44,56,-12,12
69294,92,90,2,2
69295,81,80,1,1
69296,74,74,0,0
69297,51,47,4,4
69298,135,128,7,7
69299,34,35,-1,1
69300,151,146,5,5
69301,64,70,-6,6
69302,105,102,3,3
69303,117,95,22,22
69304,88,92,-4,4
69305,100,99,1,1
69306,88,85,3,3
69307,84,84,0,0
69308,189,186,3,3
69309,45,55,-10,10
69310,64,71,-7,7
69311,94,98,-4,4
69312,199,174,25,25
69313,80,69,11,11
69314,105,103,2,2
69315,112,110,2,2
69316,59,46,13,13
69317,54,59,-5,5
69318,123,119,4,4
69319,59,65,-6,6
69320,186,170,16,16
69321,110,112,-2,2
69322,117,112,5,5
69323,82,76,6,6
69324,202,168,34,34
69325,129,105,24,24
69326,91,92,-1,1
69327,131,117,14,14
69328,117,119,-2,2
69329,82,74,8,8
69330,78,83,-5,5
69331,129,131,-2,2
69332,46,35,11,11
69333,122,132,-10,10
69334,124,108,16,16
69335,186,184,2,2
69336,103,100,3,3
69337,112,114,-2,2
69338,135,149,-14,14
69339,68,66,2,2
69340,110,112,-2,2
69341,57,48,9,9
69342,144,129,15,15
69343,115,100,15,15
69344,143,142,1,1
69345,75,76,-1,1
69346,69,56,13,13
69347,140,121,19,19
69348,93,97,-4,4
69349,74,67,7,7
69350,165,164,1,1
69351,77,81,-4,4
69352,57,51,6,6
69353,87,99,-12,12
69354,123,132,-9,9
69355,78,86,-8,8
69356,120,109,11,11
69357,100,95,5,5
69358,112,117,-5,5
69359,87,80,7,7
69360,98,101,-3,3
69361,106,99,7,7
69362,91,99,-8,8
69363,107,101,6,6
69364,67,57,10,10
69365,125,129,-4,4
69366,61,78,-17,17
69367,96,95,1,1
69368,73,71,2,2
69369,70,65,5,5
69370,89,80,9,9
69371,114,108,6,6
69372,74,68,6,6
69373,133,117,16,16
69374,107,124,-17,17
69375,91,93,-2,2
69376,83,74,9,9
69377,76,77,-1,1
69378,75,79,-4,4
69379,83,77,6,6
69380,62,68,-6,6
69381,71,72,-1,1
69382,40,39,1,1
69383,131,129,2,2
69384,138,140,-2,2
69385,43,45,-2,2
69386,76,82,-6,6
69387,128,157,-29,29
69388,62,59,3,3
69389,128,127,1,1
69390,79,81,-2,2
69391,140,133,7,7
69392,94,97,-3,3
69393,96,102,-6,6
69394,43,37,6,6
69395,159,135,24,24
69396,62,52,10,10
69397,131,122,9,9
69398,65,68,-3,3
69399,63,65,-2,2
69400,116,122,-6,6
69401,65,76,-11,11
69402,70,72,-2,2
69403,56,63,-7,7
69404,95,97,-2,2
69405,120,108,12,12
69406,93,96,-3,3
69407,92,85,7,7
69408,101,92,9,9
69409,106,106,0,0
69410,151,145,6,6
69411,98,91,7,7
69412,63,59,4,4
69413,120,119,1,1
69414,93,86,7,7
69415,89,91,-2,2
69416,47,71,-24,24
69417,92,92,0,0
69418,95,75,20,20
69419,90,78,12,12
69420,116,107,9,9
69421,88,86,2,2
69422,107,119,-12,12
69423,168,177,-9,9
69424,49,57,-8,8
69425,111,107,4,4
69426,76,76,0,0
69427,89,83,6,6
69428,72,72,0,0
69429,131,129,2,2
69430,61,66,-5,5
69431,106,96,10,10
69432,65,72,-7,7
69433,76,69,7,7
69434,62,104,-42,42
69435,63,59,4,4
69436,77,65,12,12
69437,120,102,18,18
69438,109,122,-13,13
69439,93,88,5,5
69440,66,67,-1,1
69441,72,70,2,2
69442,94,81,13,13
69443,143,127,16,16
69444,75,72,3,3
69445,99,95,4,4
69446,112,114,-2,2
69447,66,65,1,1
69448,72,68,4,4
69449,46,53,-7,7
69450,100,105,-5,5
69451,89,84,5,5
69452,101,101,0,0
69453,63,60,3,3
69454,108,101,7,7
69455,89,91,-2,2
69456,101,93,8,8
69457,94,86,8,8
69458,73,76,-3,3
69459,148,90,58,58
69460,142,126,16,16
69461,92,87,5,5
69462,151,155,-4,4
69463,119,109,10,10
69464,61,68,-7,7
69465,124,136,-12,12
69466,46,44,2,2
69467,67,76,-9,9
69468,46,68,-22,22
69469,81,74,7,7
69470,104,101,3,3
69471,47,47,0,0
69472,88,75,13,13
69473,115,83,32,32
69474,92,103,-11,11
69475,100,90,10,10
69476,141,132,9,9
69477,107,100,7,7
69478,127,106,21,21
69479,117,124,-7,7
69480,72,72,0,0
69481,81,74,7,7
69482,100,118,-18,18
69483,84,94,-10,10
69484,70,64,6,6
69485,152,134,18,18
69486,32,49,-17,17
69487,121,117,4,4
69488,69,73,-4,4
69489,63,63,0,0
69490,76,74,2,2
69491,81,81,0,0
69492,106,101,5,5
69493,69,78,-9,9
69494,54,57,-3,3
69495,92,87,5,5
69496,61,62,-1,1
69497,141,122,19,19
69498,78,65,13,13
69499,124,141,-17,17
69500,94,103,-9,9
69501,66,70,-4,4
69502,156,175,-19,19
69503,80,101,-21,21
69504,84,78,6,6
69505,161,156,5,5
69506,106,85,21,21
69507,98,93,5,5
69508,108,96,12,12
69509,109,114,-5,5
69510,85,76,9,9
69511,74,79,-5,5
69512,74,75,-1,1
69513,88,102,-14,14
69514,128,109,19,19
69515,93,89,4,4
69516,140,140,0,0
69517,109,100,9,9
69518,58,56,2,2
69519,73,62,11,11
69520,86,81,5,5
69521,94,94,0,0
69522,332,236,96,96
69523,112,102,10,10
69524,48,48,0,0
69525,73,75,-2,2
69526,116,114,2,2
69527,105,85,20,20
69528,65,72,-7,7
69529,108,101,7,7
69530,83,90,-7,7
69531,81,83,-2,2
69532,155,125,30,30
69533,110,98,12,12
69534,120,114,6,6
69535,92,86,6,6
69536,152,143,9,9
69537,131,146,-15,15
69538,48,61,-13,13
69539,68,66,2,2
69540,74,72,2,2
69541,86,87,-1,1
69542,148,160,-12,12
69543,188,173,15,15
69544,79,89,-10,10
69545,125,110,15,15
69546,95,87,8,8
69547,63,66,-3,3
69548,78,69,9,9
69549,116,112,4,4
69550,83,87,-4,4
69551,68,60,8,8
69552,104,109,-5,5
69553,107,119,-12,12
69554,93,82,11,11
69555,115,113,2,2
69556,105,89,16,16
69557,76,90,-14,14
69558,129,120,9,9
69559,53,49,4,4
69560,78,88,-10,10
69561,108,98,10,10
69562,39,59,-20,20
69563,81,74,7,7
69564,122,127,-5,5
69565,74,74,0,0
69566,63,72,-9,9
69567,115,112,3,3
69568,119,123,-4,4
69569,130,116,14,14
69570,103,133,-30,30
69571,107,114,-7,7
69572,69,80,-11,11
69573,130,125,5,5
69574,98,106,-8,8
69575,126,114,12,12
69576,119,102,17,17
69577,86,97,-11,11
69578,211,188,23,23
69579,82,90,-8,8
69580,64,70,-6,6
69581,96,68,28,28
69582,63,56,7,7
69583,102,92,10,10
69584,119,123,-4,4
69585,82,105,-23,23
69586,119,103,16,16
69587,64,61,3,3
69588,48,68,-20,20
69589,140,135,5,5
69590,112,124,-12,12
69591,93,108,-15,15
69592,88,91,-3,3
69593,93,93,0,0
69594,60,60,0,0
69595,66,51,15,15
69596,48,46,2,2
69597,101,90,11,11
69598,54,64,-10,10
69599,99,85,14,14
69600,81,73,8,8
69601,155,144,11,11
69602,80,78,2,2
69603,69,73,-4,4
69604,65,72,-7,7
69605,81,97,-16,16
69606,100,98,2,2
69607,89,104,-15,15
69608,86,82,4,4
69609,107,111,-4,4
69610,61,69,-8,8
69611,59,51,8,8
69612,51,56,-5,5
69613,147,153,-6,6
69614,127,114,13,13
69615,130,138,-8,8
69616,53,54,-1,1
69617,117,93,24,24
69618,132,128,4,4
69619,119,113,6,6
69620,107,102,5,5
69621,79,89,-10,10
69622,157,149,8,8
69623,125,105,20,20
69624,60,64,-4,4
69625,79,71,8,8
69626,80,84,-4,4
69627,151,146,5,5
69628,109,93,16,16
69629,64,73,-9,9
69630,111,94,17,17
69631,44,39,5,5
69632,95,84,11,11
69633,137,126,11,11
69634,121,103,18,18
69635,51,58,-7,7
69636,53,93,-40,40
69637,93,95,-2,2
69638,91,89,2,2
69639,125,109,16,16
69640,59,78,-19,19
69641,63,61,2,2
69642,111,93,18,18
69643,117,111,6,6
69644,74,72,2,2
69645,117,124,-7,7
69646,65,70,-5,5
69647,100,108,-8,8
69648,227,202,25,25
69649,145,143,2,2
69650,82,82,0,0
69651,93,80,13,13
69652,120,110,10,10
69653,122,113,9,9
69654,121,108,13,13
69655,106,88,18,18
69656,95,104,-9,9
69657,71,78,-7,7
69658,64,77,-13,13
69659,103,100,3,3
69660,66,89,-23,23
69661,60,64,-4,4
69662,85,85,0,0
69663,110,112,-2,2
69664,109,116,-7,7
69665,80,92,-12,12
69666,80,61,19,19
69667,147,154,-7,7
69668,107,113,-6,6
69669,61,73,-12,12
69670,163,165,-2,2
69671,60,58,2,2
69672,85,91,-6,6
69673,152,153,-1,1
69674,90,85,5,5
69675,81,74,7,7
69676,76,72,4,4
69677,95,97,-2,2
69678,70,78,-8,8
69679,101,90,11,11
69680,65,64,1,1
69681,78,93,-15,15
69682,94,99,-5,5
69683,69,67,2,2
69684,161,159,2,2
69685,97,99,-2,2
69686,66,71,-5,5
69687,171,157,14,14
69688,93,72,21,21
69689,98,88,10,10
69690,101,112,-11,11
69691,97,91,6,6
69692,74,78,-4,4
69693,88,81,7,7
69694,184,177,7,7
69695,74,75,-1,1
69696,65,79,-14,14
69697,193,183,10,10
69698,103,93,10,10
69699,57,65,-8,8
69700,113,127,-14,14
69701,145,159,-14,14
69702,60,53,7,7
69703,128,134,-6,6
69704,89,87,2,2
69705,80,82,-2,2
69706,79,72,7,7
69707,114,125,-11,11
69708,200,180,20,20
69709,133,129,4,4
69710,114,109,5,5
69711,125,122,3,3
69712,82,66,16,16
69713,90,86,4,4
69714,95,90,5,5
69715,140,162,-22,22
69716,96,97,-1,1
69717,186,171,15,15
69718,89,106,-17,17
69719,57,63,-6,6
69720,76,75,1,1
69721,64,58,6,6
69722,138,116,22,22
69723,97,90,7,7
69724,95,96,-1,1
69725,157,164,-7,7
69726,76,79,-3,3
69727,77,83,-6,6
69728,110,109,1,1
69729,191,189,2,2
69730,70,66,4,4
69731,100,116,-16,16
69732,98,115,-17,17
69733,64,65,-1,1
69734,106,117,-11,11
69735,95,103,-8,8
69736,70,68,2,2
69737,132,125,7,7
69738,43,39,4,4
69739,177,132,45,45
69740,59,59,0,0
69741,42,51,-9,9
69742,40,43,-3,3
69743,82,113,-31,31
69744,79,97,-18,18
69745,62,70,-8,8
69746,108,99,9,9
69747,103,108,-5,5
69748,92,90,2,2
69749,63,65,-2,2
69750,65,75,-10,10
69751,144,166,-22,22
69752,92,89,3,3
69753,129,129,0,0
69754,137,133,4,4
69755,122,127,-5,5
69756,48,71,-23,23
69757,85,75,10,10
69758,90,101,-11,11
69759,82,69,13,13
69760,112,108,4,4
69761,85,88,-3,3
69762,91,78,13,13
69763,78,75,3,3
69764,69,71,-2,2
69765,121,101,20,20
69766,68,61,7,7
69767,131,126,5,5
69768,89,86,3,3
69769,93,89,4,4
69770,54,48,6,6
69771,136,140,-4,4
69772,35,83,-48,48
69773,178,154,24,24
69774,105,98,7,7
69775,145,141,4,4
69776,75,80,-5,5
69777,117,104,13,13
69778,63,69,-6,6
69779,132,133,-1,1
69780,100,93,7,7
69781,67,69,-2,2
69782,47,55,-8,8
69783,128,115,13,13
69784,119,116,3,3
69785,119,124,-5,5
69786,93,92,1,1
69787,121,133,-12,12
69788,79,68,11,11
69789,166,145,21,21
69790,87,71,16,16
69791,85,88,-3,3
69792,80,84,-4,4
69793,68,77,-9,9
69794,131,130,1,1
69795,124,121,3,3
69796,146,155,-9,9
69797,71,61,10,10
69798,89,94,-5,5
69799,60,66,-6,6
69800,64,65,-1,1
69801,63,62,1,1
69802,61,64,-3,3
69803,119,110,9,9
69804,83,86,-3,3
69805,96,99,-3,3
69806,116,136,-20,20
69807,122,124,-2,2
69808,102,95,7,7
69809,85,83,2,2
69810,129,138,-9,9
69811,109,98,11,11
69812,41,42,-1,1
69813,95,102,-7,7
69814,131,106,25,25
69815,98,76,22,22
69816,105,98,7,7
69817,35,54,-19,19
69818,65,57,8,8
69819,69,63,6,6
69820,72,68,4,4
69821,101,101,0,0
69822,86,79,7,7
69823,103,109,-6,6
69824,110,89,21,21
69825,77,65,12,12
69826,98,84,14,14
69827,107,110,-3,3
69828,72,78,-6,6
69829,109,108,1,1
69830,68,63,5,5
69831,64,54,10,10
69832,158,151,7,7
69833,112,131,-19,19
69834,71,82,-11,11
69835,119,114,5,5
69836,63,69,-6,6
69837,66,66,0,0
69838,90,83,7,7
69839,114,131,-17,17
69840,81,81,0,0
69841,136,129,7,7
69842,92,97,-5,5
69843,46,54,-8,8
69844,48,47,1,1
69845,99,88,11,11
69846,63,68,-5,5
69847,113,115,-2,2
69848,77,81,-4,4
69849,95,107,-12,12
69850,95,95,0,0
69851,92,96,-4,4
69852,77,77,0,0
69853,108,111,-3,3
69854,80,74,6,6
69855,106,98,8,8
69856,193,187,6,6
69857,138,130,8,8
69858,146,157,-11,11
69859,146,155,-9,9
69860,121,116,5,5
69861,134,118,16,16
69862,92,98,-6,6
69863,109,108,1,1
69864,94,97,-3,3
69865,96,98,-2,2
69866,105,131,-26,26
69867,124,132,-8,8
69868,101,95,6,6
69869,63,71,-8,8
69870,91,96,-5,5
69871,75,80,-5,5
69872,89,101,-12,12
69873,134,127,7,7
69874,130,121,9,9
69875,71,70,1,1
69876,152,155,-3,3
69877,79,58,21,21
69878,82,65,17,17
69879,80,90,-10,10
69880,51,48,3,3
69881,134,129,5,5
69882,120,118,2,2
69883,88,82,6,6
69884,66,66,0,0
69885,40,55,-15,15
69886,81,80,1,1
69887,125,114,11,11
69888,57,60,-3,3
69889,127,118,9,9
69890,70,57,13,13
69891,144,93,51,51
69892,100,102,-2,2
69893,190,176,14,14
69894,79,73,6,6
69895,95,71,24,24
69896,86,70,16,16
69897,75,60,15,15
69898,108,108,0,0
69899,74,63,11,11
69900,110,114,-4,4
69901,121,114,7,7
69902,75,81,-6,6
69903,193,163,30,30
69904,102,91,11,11
69905,83,81,2,2
69906,161,148,13,13
69907,43,117,-74,74
69908,157,172,-15,15
69909,152,157,-5,5
69910,166,157,9,9
69911,61,58,3,3
69912,123,114,9,9
69913,77,63,14,14
69914,76,71,5,5
69915,103,107,-4,4
69916,73,72,1,1
69917,94,94,0,0
69918,71,74,-3,3
69919,69,73,-4,4
69920,46,59,-13,13
69921,59,60,-1,1
69922,109,114,-5,5
69923,166,161,5,5
69924,65,58,7,7
69925,97,86,11,11
69926,170,141,29,29
69927,76,90,-14,14
69928,79,79,0,0
69929,84,82,2,2
69930,36,34,2,2
69931,149,151,-2,2
69932,61,63,-2,2
69933,109,109,0,0
69934,160,145,15,15
69935,96,83,13,13
69936,139,141,-2,2
69937,59,61,-2,2
69938,52,42,10,10
69939,148,122,26,26
69940,90,66,24,24
69941,68,62,6,6
69942,60,67,-7,7
69943,110,104,6,6
69944,80,105,-25,25
69945,37,43,-6,6
69946,75,87,-12,12
69947,62,75,-13,13
69948,66,66,0,0
69949,99,113,-14,14
69950,105,105,0,0
69951,165,159,6,6
69952,164,163,1,1
69953,93,93,0,0
69954,58,75,-17,17
69955,93,96,-3,3
69956,37,40,-3,3
69957,68,79,-11,11
69958,122,128,-6,6
69959,36,38,-2,2
69960,109,112,-3,3
69961,111,107,4,4
69962,39,44,-5,5
69963,139,137,2,2
69964,109,116,-7,7
69965,169,163,6,6
69966,138,138,0,0
69967,104,115,-11,11
69968,170,178,-8,8
69969,66,53,13,13
69970,154,153,1,1
69971,46,53,-7,7
69972,136,122,14,14
69973,81,71,10,10
69974,390,173,217,217
69975,88,86,2,2
69976,66,69,-3,3
69977,69,61,8,8
69978,48,57,-9,9
69979,136,132,4,4
69980,85,82,3,3
69981,73,67,6,6
69982,128,140,-12,12
69983,90,88,2,2
69984,105,102,3,3
69985,127,130,-3,3
69986,102,101,1,1
69987,111,107,4,4
69988,110,93,17,17
69989,92,76,16,16
69990,66,101,-35,35
69991,103,104,-1,1
69992,111,102,9,9
69993,120,129,-9,9
69994,96,101,-5,5
69995,141,137,4,4
69996,89,104,-15,15
69997,66,66,0,0
69998,95,81,14,14
69999,83,93,-10,10
70000,62,54,8,8
70001,136,144,-8,8
70002,99,99,0,0
70003,78,66,12,12
70004,79,103,-24,24
70005,86,83,3,3
70006,70,70,0,0
70007,128,142,-14,14
70008,100,62,38,38
70009,116,100,16,16
70010,165,196,-31,31
70011,125,123,2,2
70012,63,59,4,4
70013,93,97,-4,4
70014,135,118,17,17
70015,61,66,-5,5
70016,55,71,-16,16
70017,95,86,9,9
70018,98,95,3,3
70019,54,48,6,6
70020,85,89,-4,4
70021,96,85,11,11
70022,132,165,-33,33
70023,81,77,4,4
70024,57,70,-13,13
70025,71,59,12,12
70026,92,95,-3,3
70027,99,81,18,18
70028,87,83,4,4
70029,116,93,23,23
70030,46,60,-14,14
70031,29,32,-3,3
70032,163,182,-19,19
70033,110,103,7,7
70034,68,59,9,9
70035,62,62,0,0
70036,60,62,-2,2
70037,91,95,-4,4
70038,35,42,-7,7
70039,61,65,-4,4
70040,101,86,15,15
70041,135,136,-1,1
70042,169,160,9,9
70043,122,109,13,13
70044,182,184,-2,2
70045,86,89,-3,3
70046,121,110,11,11
70047,65,62,3,3
70048,84,29,55,55
70049,98,80,18,18
70050,61,57,4,4
70051,71,70,1,1
70052,54,49,5,5
70053,130,116,14,14
70054,47,48,-1,1
70055,78,67,11,11
70056,83,61,22,22
70057,119,103,16,16
70058,86,84,2,2
70059,92,93,-1,1
70060,76,73,3,3
70061,80,94,-14,14
70062,103,88,15,15
70063,113,101,12,12
70064,79,83,-4,4
70065,68,77,-9,9
70066,115,111,4,4
70067,62,77,-15,15
70068,107,117,-10,10
70069,115,95,20,20
70070,138,146,-8,8
70071,115,120,-5,5
70072,117,111,6,6
70073,92,135,-43,43
70074,122,119,3,3
70075,54,64,-10,10
70076,76,76,0,0
70077,96,84,12,12
70078,57,64,-7,7
70079,108,107,1,1
70080,104,100,4,4
70081,107,104,3,3
70082,66,59,7,7
70083,57,57,0,0
70084,72,65,7,7
70085,63,91,-28,28
70086,119,130,-11,11
70087,123,112,11,11
70088,86,80,6,6
70089,121,102,19,19
70090,72,58,14,14
70091,70,78,-8,8
70092,84,72,12,12
70093,72,76,-4,4
70094,61,56,5,5
70095,128,110,18,18
70096,90,93,-3,3
70097,138,150,-12,12
70098,80,86,-6,6
70099,134,115,19,19
70100,135,140,-5,5
70101,108,80,28,28
70102,114,91,23,23
70103,87,76,11,11
70104,29,42,-13,13
70105,84,80,4,4
70106,139,153,-14,14
70107,126,112,14,14
70108,61,48,13,13
70109,22,47,-25,25
70110,61,77,-16,16
70111,74,86,-12,12
70112,120,117,3,3
70113,69,67,2,2
70114,61,65,-4,4
70115,88,89,-1,1
70116,102,100,2,2
70117,107,99,8,8
70118,103,100,3,3
70119,89,87,2,2
70120,134,138,-4,4
70121,52,99,-47,47
70122,63,100,-37,37
70123,116,77,39,39
70124,123,136,-13,13
70125,101,97,4,4
70126,58,61,-3,3
70127,95,103,-8,8
70128,66,55,11,11
70129,69,72,-3,3
70130,107,95,12,12
70131,118,125,-7,7
70132,155,146,9,9
70133,75,76,-1,1
70134,103,92,11,11
70135,81,73,8,8
70136,94,95,-1,1
70137,64,61,3,3
70138,135,135,0,0
70139,116,126,-10,10
70140,213,182,31,31
70141,87,86,1,1
70142,109,133,-24,24
70143,149,143,6,6
70144,81,88,-7,7
70145,78,75,3,3
70146,62,57,5,5
70147,73,72,1,1
70148,68,64,4,4
70149,103,64,39,39
70150,121,101,20,20
70151,165,153,12,12
70152,105,101,4,4
70153,71,68,3,3
70154,139,131,8,8
70155,75,95,-20,20
70156,146,159,-13,13
70157,88,91,-3,3
70158,184,180,4,4
70159,122,120,2,2
70160,50,68,-18,18
70161,98,97,1,1
70162,28,56,-28,28
70163,68,60,8,8
70164,34,42,-8,8
70165,88,75,13,13
70166,87,100,-13,13
70167,91,92,-1,1
70168,97,94,3,3
70169,93,75,18,18
70170,46,37,9,9
70171,63,63,0,0
70172,54,64,-10,10
70173,68,71,-3,3
70174,100,118,-18,18
70175,51,75,-24,24
70176,92,90,2,2
70177,111,123,-12,12
70178,66,68,-2,2
70179,60,78,-18,18
70180,66,63,3,3
70181,130,118,12,12
70182,125,105,20,20
70183,134,119,15,15
70184,139,141,-2,2
70185,105,119,-14,14
70186,70,71,-1,1
70187,106,104,2,2
70188,146,132,14,14
70189,144,134,10,10
70190,108,127,-19,19
70191,77,81,-4,4
70192,99,91,8,8
70193,79,75,4,4
70194,65,63,2,2
70195,65,78,-13,13
70196,89,103,-14,14
70197,128,108,20,20
70198,95,111,-16,16
70199,131,135,-4,4
70200,48,44,4,4
70201,127,114,13,13
70202,102,113,-11,11
70203,127,124,3,3
70204,53,56,-3,3
70205,148,132,16,16
70206,173,165,8,8
70207,110,100,10,10
70208,61,58,3,3
70209,65,57,8,8
70210,83,78,5,5
70211,125,130,-5,5
70212,94,87,7,7
70213,82,74,8,8
70214,95,86,9,9
70215,48,46,2,2
70216,112,119,-7,7
70217,74,70,4,4
70218,114,107,7,7
70219,64,63,1,1
70220,109,101,8,8
70221,163,155,8,8
70222,136,138,-2,2
70223,218,183,35,35
70224,114,110,4,4
70225,152,155,-3,3
70226,115,122,-7,7
70227,70,72,-2,2
70228,76,74,2,2
70229,101,98,3,3
70230,122,118,4,4
70231,95,86,9,9
70232,112,153,-41,41
70233,114,111,3,3
70234,93,87,6,6
70235,56,84,-28,28
70236,110,89,21,21
70237,97,94,3,3
70238,86,102,-16,16
70239,87,79,8,8
70240,55,97,-42,42
70241,183,182,1,1
70242,99,98,1,1
70243,102,101,1,1
70244,113,81,32,32
70245,95,95,0,0
70246,191,171,20,20
70247,82,78,4,4
70248,55,55,0,0
70249,60,62,-2,2
70250,81,76,5,5
70251,87,79,8,8
70252,142,145,-3,3
70253,97,85,12,12
70254,116,98,18,18
70255,73,70,3,3
70256,87,89,-2,2
70257,102,94,8,8
70258,57,65,-8,8
70259,56,68,-12,12
70260,193,160,33,33
70261,99,100,-1,1
70262,61,63,-2,2
70263,90,89,1,1
70264,129,144,-15,15
70265,86,88,-2,2
70266,68,83,-15,15
70267,106,92,14,14
70268,101,108,-7,7
70269,139,140,-1,1
70270,97,115,-18,18
70271,79,86,-7,7
70272,54,60,-6,6
70273,47,48,-1,1
70274,119,108,11,11
70275,93,97,-4,4
70276,70,74,-4,4
70277,109,114,-5,5
70278,55,58,-3,3
70279,127,147,-20,20
70280,76,74,2,2
70281,35,43,-8,8
70282,66,68,-2,2
70283,72,73,-1,1
70284,91,106,-15,15
70285,128,136,-8,8
70286,123,120,3,3
70287,129,133,-4,4
70288,106,100,6,6
70289,84,103,-19,19
70290,99,87,12,12
70291,59,61,-2,2
70292,54,67,-13,13
70293,120,116,4,4
70294,188,172,16,16
70295,83,82,1,1
70296,146,114,32,32
70297,69,68,1,1
70298,58,53,5,5
70299,173,142,31,31
70300,131,131,0,0
70301,150,148,2,2
70302,115,111,4,4
70303,107,101,6,6
70304,131,147,-16,16
70305,101,106,-5,5
70306,105,91,14,14
70307,104,111,-7,7
70308,138,124,14,14
70309,62,63,-1,1
70310,88,98,-10,10
70311,44,42,2,2
70312,116,118,-2,2
70313,84,86,-2,2
70314,80,99,-19,19
70315,112,115,-3,3
70316,85,90,-5,5
70317,82,69,13,13
70318,101,112,-11,11
70319,123,78,45,45
70320,137,143,-6,6
70321,112,105,7,7
70322,72,70,2,2
70323,100,99,1,1
70324,106,100,6,6
70325,64,53,11,11
70326,115,108,7,7
70327,44,48,-4,4
70328,112,110,2,2
70329,113,112,1,1
70330,203,185,18,18
70331,113,99,14,14
70332,154,162,-8,8
70333,88,95,-7,7
70334,88,107,-19,19
70335,56,60,-4,4
70336,116,123,-7,7
70337,104,108,-4,4
70338,96,97,-1,1
70339,99,95,4,4
70340,98,116,-18,18
70341,128,134,-6,6
70342,79,63,16,16
70343,97,123,-26,26
70344,68,88,-20,20
70345,93,86,7,7
70346,99,94,5,5
70347,68,66,2,2
70348,83,76,7,7
70349,85,89,-4,4
70350,89,90,-1,1
70351,95,93,2,2
70352,133,95,38,38
70353,86,88,-2,2
70354,94,90,4,4
70355,63,65,-2,2
70356,134,129,5,5
70357,79,77,2,2
70358,55,55,0,0
70359,82,78,4,4
70360,60,66,-6,6
70361,63,78,-15,15
70362,179,164,15,15
70363,127,121,6,6
70364,65,52,13,13
70365,101,99,2,2
70366,112,111,1,1
70367,66,71,-5,5
70368,104,91,13,13
70369,80,99,-19,19
70370,84,73,11,11
70371,57,64,-7,7
70372,55,56,-1,1
70373,134,124,10,10
70374,125,133,-8,8
70375,83,89,-6,6
70376,66,62,4,4
70377,59,82,-23,23
70378,117,85,32,32
70379,103,93,10,10
70380,101,90,11,11
70381,128,137,-9,9
70382,92,93,-1,1
70383,167,166,1,1
70384,79,76,3,3
70385,121,106,15,15
70386,85,72,13,13
70387,80,57,23,23
70388,26,36,-10,10
70389,52,61,-9,9
70390,58,62,-4,4
70391,137,131,6,6
70392,48,65,-17,17
70393,138,126,12,12
70394,81,61,20,20
70395,132,136,-4,4
70396,111,117,-6,6
70397,115,114,1,1
70398,129,135,-6,6
70399,125,134,-9,9
70400,138,160,-22,22
70401,51,55,-4,4
70402,131,143,-12,12
70403,164,166,-2,2
70404,107,86,21,21
70405,102,99,3,3
70406,66,66,0,0
70407,59,61,-2,2
70408,60,58,2,2
70409,145,145,0,0
70410,143,126,17,17
70411,121,129,-8,8
70412,98,102,-4,4
70413,107,89,18,18
70414,69,64,5,5
70415,154,163,-9,9
70416,93,107,-14,14
70417,93,91,2,2
70418,41,35,6,6
70419,103,112,-9,9
70420,81,77,4,4
70421,105,97,8,8
70422,60,57,3,3
70423,90,87,3,3
70424,76,68,8,8
70425,98,105,-7,7
70426,70,65,5,5
70427,49,56,-7,7
70428,113,103,10,10
70429,45,55,-10,10
70430,109,98,11,11
70431,53,64,-11,11
70432,98,85,13,13
70433,70,63,7,7
70434,91,86,5,5
70435,126,116,10,10
70436,68,65,3,3
70437,54,70,-16,16
70438,99,90,9,9
70439,85,84,1,1
70440,85,74,11,11
70441,93,105,-12,12
70442,69,64,5,5
70443,59,71,-12,12
70444,47,59,-12,12
70445,83,74,9,9
70446,103,103,0,0
70447,93,83,10,10
70448,125,129,-4,4
70449,97,96,1,1
70450,103,111,-8,8
70451,79,79,0,0
70452,103,112,-9,9
70453,132,128,4,4
70454,165,181,-16,16
70455,132,122,10,10
70456,88,80,8,8
70457,92,91,1,1
70458,75,74,1,1
70459,108,96,12,12
70460,98,97,1,1
70461,133,140,-7,7
70462,75,63,12,12
70463,187,199,-12,12
70464,123,131,-8,8
70465,63,85,-22,22
70466,92,103,-11,11
70467,117,115,2,2
70468,98,80,18,18
70469,247,177,70,70
70470,98,97,1,1
70471,102,79,23,23
70472,66,82,-16,16
70473,62,60,2,2
70474,84,89,-5,5
70475,52,68,-16,16
70476,107,94,13,13
70477,155,144,11,11
70478,118,124,-6,6
70479,150,155,-5,5
70480,112,103,9,9
70481,106,103,3,3
70482,61,63,-2,2
70483,101,106,-5,5
70484,80,60,20,20
70485,65,76,-11,11
70486,86,82,4,4
70487,74,64,10,10
70488,163,158,5,5
70489,100,114,-14,14
70490,44,48,-4,4
70491,86,65,21,21
70492,119,121,-2,2
70493,80,73,7,7
70494,57,63,-6,6
70495,136,156,-20,20
70496,113,129,-16,16
70497,75,70,5,5
70498,41,64,-23,23
70499,125,143,-18,18
70500,77,75,2,2
70501,97,86,11,11
70502,159,164,-5,5
70503,43,41,2,2
70504,47,46,1,1
70505,53,61,-8,8
70506,141,134,7,7
70507,79,75,4,4
70508,74,72,2,2
70509,117,118,-1,1
70510,39,45,-6,6
70511,74,71,3,3
70512,131,128,3,3
70513,95,99,-4,4
70514,152,145,7,7
70515,80,79,1,1
70516,125,106,19,19
70517,114,129,-15,15
70518,113,101,12,12
70519,58,67,-9,9
70520,98,95,3,3
70521,135,114,21,21
70522,88,108,-20,20
70523,147,140,7,7
70524,83,71,12,12
70525,145,142,3,3
70526,144,143,1,1
70527,142,145,-3,3
70528,65,65,0,0
70529,59,55,4,4
70530,116,134,-18,18
70531,51,57,-6,6
70532,48,47,1,1
70533,113,122,-9,9
70534,87,54,33,33
70535,72,81,-9,9
70536,100,96,4,4
70537,66,59,7,7
70538,106,110,-4,4
70539,128,124,4,4
70540,71,58,13,13
70541,69,76,-7,7
70542,117,144,-27,27
70543,125,138,-13,13
70544,105,104,1,1
70545,43,78,-35,35
70546,154,168,-14,14
70547,77,71,6,6
70548,104,109,-5,5
70549,112,106,6,6
70550,84,77,7,7
70551,69,65,4,4
70552,135,119,16,16
70553,130,115,15,15
70554,117,131,-14,14
70555,47,61,-14,14
70556,114,115,-1,1
70557,100,101,-1,1
70558,129,134,-5,5
70559,59,56,3,3
70560,159,166,-7,7
70561,61,30,31,31
70562,51,63,-12,12
70563,92,88,4,4
70564,73,76,-3,3
70565,98,77,21,21
70566,117,113,4,4
70567,100,108,-8,8
70568,54,62,-8,8
70569,76,87,-11,11
70570,132,134,-2,2
70571,178,118,60,60
70572,91,101,-10,10
70573,127,126,1,1
70574,75,66,9,9
70575,70,70,0,0
70576,124,109,15,15
70577,125,130,-5,5
70578,80,80,0,0
70579,59,64,-5,5
70580,82,82,0,0
70581,130,115,15,15
70582,82,87,-5,5
70583,93,76,17,17
70584,82,87,-5,5
70585,160,158,2,2
70586,83,76,7,7
70587,128,108,20,20
70588,123,120,3,3
70589,98,82,16,16
70590,104,92,12,12
70591,109,105,4,4
70592,48,42,6,6
70593,62,62,0,0
70594,63,64,-1,1
70595,63,72,-9,9
70596,115,100,15,15
70597,94,82,12,12
70598,94,101,-7,7
70599,91,97,-6,6
70600,141,135,6,6
70601,162,150,12,12
70602,91,89,2,2
70603,88,85,3,3
70604,117,136,-19,19
70605,52,56,-4,4
70606,57,66,-9,9
70607,106,87,19,19
70608,77,85,-8,8
70609,58,65,-7,7
70610,85,79,6,6
70611,110,99,11,11
70612,74,80,-6,6
70613,97,80,17,17
70614,58,63,-5,5
70615,92,101,-9,9
70616,97,99,-2,2
70617,73,71,2,2
70618,89,95,-6,6
70619,108,104,4,4
70620,129,132,-3,3
70621,83,70,13,13
70622,97,87,10,10
70623,88,85,3,3
70624,88,86,2,2
70625,74,73,1,1
70626,103,102,1,1
70627,93,87,6,6
70628,39,45,-6,6
70629,168,166,2,2
70630,102,97,5,5
70631,77,85,-8,8
70632,209,200,9,9
70633,88,83,5,5
70634,88,89,-1,1
70635,95,94,1,1
70636,113,108,5,5
70637,109,119,-10,10
70638,93,99,-6,6
70639,167,156,11,11
70640,55,72,-17,17
70641,115,113,2,2
70642,101,105,-4,4
70643,52,59,-7,7
70644,155,160,-5,5
70645,47,53,-6,6
70646,123,139,-16,16
70647,71,67,4,4
70648,109,103,6,6
70649,63,74,-11,11
70650,132,134,-2,2
70651,74,74,0,0
70652,89,102,-13,13
70653,131,129,2,2
70654,71,66,5,5
70655,100,74,26,26
70656,76,83,-7,7
70657,67,66,1,1
70658,121,114,7,7
70659,45,46,-1,1
70660,79,70,9,9
70661,145,156,-11,11
70662,242,180,62,62
70663,64,88,-24,24
70664,146,141,5,5
70665,80,78,2,2
70666,135,130,5,5
70667,94,94,0,0
70668,88,79,9,9
70669,119,116,3,3
70670,129,122,7,7
70671,86,84,2,2
70672,60,54,6,6
70673,148,149,-1,1
70674,43,64,-21,21
70675,41,47,-6,6
70676,272,195,77,77
70677,116,98,18,18
70678,86,70,16,16
70679,69,68,1,1
70680,51,47,4,4
70681,80,78,2,2
70682,83,88,-5,5
70683,108,107,1,1
70684,66,60,6,6
70685,178,167,11,11
70686,138,140,-2,2
70687,124,99,25,25
70688,58,62,-4,4
70689,93,90,3,3
70690,135,133,2,2
70691,98,79,19,19
70692,91,80,11,11
70693,83,77,6,6
70694,192,179,13,13
70695,119,108,11,11
70696,44,58,-14,14
70697,83,87,-4,4
70698,75,69,6,6
70699,216,179,37,37
70700,178,170,8,8
70701,81,82,-1,1
70702,56,65,-9,9
70703,85,84,1,1
70704,87,93,-6,6
70705,77,73,4,4
70706,73,77,-4,4
70707,122,110,12,12
70708,169,152,17,17
70709,155,148,7,7
70710,111,109,2,2
70711,37,58,-21,21
70712,116,120,-4,4
70713,107,105,2,2
70714,63,67,-4,4
70715,97,85,12,12
70716,108,97,11,11
70717,94,91,3,3
70718,56,65,-9,9
70719,49,43,6,6
70720,87,92,-5,5
70721,110,109,1,1
70722,89,87,2,2
70723,87,83,4,4
70724,127,128,-1,1
70725,82,82,0,0
70726,58,62,-4,4
70727,69,75,-6,6
70728,66,62,4,4
70729,62,76,-14,14
70730,80,71,9,9
70731,62,59,3,3
70732,46,47,-1,1
70733,48,74,-26,26
70734,77,68,9,9
70735,99,115,-16,16
70736,98,108,-10,10
70737,87,92,-5,5
70738,63,70,-7,7
70739,114,126,-12,12
70740,121,135,-14,14
70741,70,84,-14,14
70742,118,107,11,11
70743,116,121,-5,5
70744,89,92,-3,3
70745,100,99,1,1
70746,249,278,-29,29
70747,202,156,46,46
70748,152,156,-4,4
70749,140,124,16,16
70750,162,153,9,9
70751,90,85,5,5
70752,132,105,27,27
70753,79,67,12,12
70754,73,72,1,1
70755,115,106,9,9
70756,188,168,20,20
70757,72,77,-5,5
70758,112,112,0,0
70759,131,115,16,16
70760,128,109,19,19
70761,125,126,-1,1
70762,133,131,2,2
70763,159,139,20,20
70764,96,88,8,8
70765,85,91,-6,6
70766,103,98,5,5
70767,74,67,7,7
70768,139,140,-1,1
70769,114,126,-12,12
70770,35,61,-26,26
70771,56,78,-22,22
70772,85,88,-3,3
70773,111,92,19,19
70774,107,112,-5,5
70775,138,144,-6,6
70776,79,67,12,12
70777,89,84,5,5
70778,97,92,5,5
70779,88,79,9,9
70780,77,72,5,5
70781,83,65,18,18
70782,138,137,1,1
70783,109,112,-3,3
70784,58,73,-15,15
70785,65,70,-5,5
70786,97,90,7,7
70787,95,80,15,15
70788,93,93,0,0
70789,80,85,-5,5
70790,88,78,10,10
70791,104,111,-7,7
70792,72,78,-6,6
70793,75,68,7,7
70794,88,88,0,0
70795,104,111,-7,7
70796,70,75,-5,5
70797,83,88,-5,5
70798,108,99,9,9
70799,84,89,-5,5
70800,91,88,3,3
70801,115,110,5,5
70802,80,88,-8,8
70803,122,118,4,4
70804,116,115,1,1
70805,119,111,8,8
70806,105,67,38,38
70807,80,89,-9,9
70808,63,77,-14,14
70809,108,123,-15,15
70810,73,70,3,3
70811,116,114,2,2
70812,101,88,13,13
70813,78,80,-2,2
70814,137,127,10,10
70815,94,98,-4,4
70816,63,72,-9,9
70817,122,138,-16,16
70818,145,128,17,17
70819,110,102,8,8
70820,86,77,9,9
70821,160,165,-5,5
70822,149,137,12,12
70823,93,80,13,13
70824,77,69,8,8
70825,43,50,-7,7
70826,85,90,-5,5
70827,85,75,10,10
70828,71,70,1,1
70829,68,73,-5,5
70830,85,85,0,0
70831,74,85,-11,11
70832,152,181,-29,29
70833,161,149,12,12
70834,130,139,-9,9
70835,83,72,11,11
70836,102,96,6,6
70837,96,109,-13,13
70838,111,121,-10,10
70839,41,52,-11,11
70840,54,57,-3,3
70841,119,109,10,10
70842,89,73,16,16
70843,105,96,9,9
70844,163,158,5,5
70845,102,92,10,10
70846,90,88,2,2
70847,52,82,-30,30
70848,61,67,-6,6
70849,84,88,-4,4
70850,87,93,-6,6
70851,56,69,-13,13
70852,86,97,-11,11
70853,153,146,7,7
70854,130,102,28,28
70855,171,153,18,18
70856,81,77,4,4
70857,76,71,5,5
70858,82,92,-10,10
70859,114,115,-1,1
70860,103,105,-2,2
70861,98,98,0,0
70862,130,132,-2,2
70863,145,134,11,11
70864,66,75,-9,9
70865,136,124,12,12
70866,96,92,4,4
70867,35,52,-17,17
70868,77,75,2,2
70869,108,96,12,12
70870,91,98,-7,7
70871,68,74,-6,6
70872,114,111,3,3
70873,38,42,-4,4
70874,123,97,26,26
70875,81,75,6,6
70876,96,86,10,10
70877,89,79,10,10
70878,129,155,-26,26
70879,93,85,8,8
70880,57,59,-2,2
70881,81,76,5,5
70882,137,129,8,8
70883,83,77,6,6
70884,97,93,4,4
70885,100,103,-3,3
70886,83,82,1,1
70887,94,92,2,2
70888,87,94,-7,7
70889,154,155,-1,1
70890,126,120,6,6
70891,74,74,0,0
70892,87,87,0,0
70893,62,76,-14,14
70894,61,56,5,5
70895,94,83,11,11
70896,91,80,11,11
70897,67,65,2,2
70898,87,76,11,11
70899,58,65,-7,7
70900,126,131,-5,5
70901,102,92,10,10
70902,97,94,3,3
70903,60,64,-4,4
70904,84,82,2,2
70905,168,72,96,96
70906,89,87,2,2
70907,60,58,2,2
70908,99,95,4,4
70909,119,114,5,5
70910,90,95,-5,5
70911,150,151,-1,1
70912,95,94,1,1
70913,79,77,2,2
70914,45,51,-6,6
70915,101,101,0,0
70916,123,110,13,13
70917,145,144,1,1
70918,56,67,-11,11
70919,83,74,9,9
70920,48,45,3,3
70921,65,51,14,14
70922,102,101,1,1
70923,75,69,6,6
70924,194,203,-9,9
70925,55,51,4,4
70926,61,60,1,1
70927,97,84,13,13
70928,123,133,-10,10
70929,47,52,-5,5
70930,99,133,-34,34
70931,88,85,3,3
70932,65,65,0,0
70933,71,68,3,3
70934,140,140,0,0
70935,113,105,8,8
70936,70,66,4,4
70937,123,127,-4,4
70938,113,93,20,20
70939,170,161,9,9
70940,101,105,-4,4
70941,113,92,21,21
70942,102,89,13,13
70943,74,77,-3,3
70944,73,75,-2,2
70945,90,93,-3,3
70946,62,72,-10,10
70947,104,119,-15,15
70948,119,113,6,6
70949,71,60,11,11
70950,129,144,-15,15
70951,48,47,1,1
70952,149,156,-7,7
70953,63,56,7,7
70954,115,107,8,8
70955,110,120,-10,10
70956,93,118,-25,25
70957,100,100,0,0
70958,90,82,8,8
70959,46,49,-3,3
70960,126,120,6,6
70961,99,96,3,3
70962,65,62,3,3
70963,77,88,-11,11
70964,70,72,-2,2
70965,82,89,-7,7
70966,91,105,-14,14
70967,142,133,9,9
70968,73,68,5,5
70969,146,125,21,21
70970,106,102,4,4
70971,185,179,6,6
70972,72,63,9,9
70973,119,100,19,19
70974,56,55,1,1
70975,110,100,10,10
70976,94,88,6,6
70977,79,89,-10,10
70978,50,45,5,5
70979,86,79,7,7
70980,73,67,6,6
70981,81,86,-5,5
70982,68,65,3,3
70983,69,68,1,1
70984,135,128,7,7
70985,162,192,-30,30
70986,107,90,17,17
70987,74,84,-10,10
70988,61,70,-9,9
70989,101,82,19,19
70990,70,64,6,6
70991,101,114,-13,13
70992,61,61,0,0
70993,103,99,4,4
70994,47,124,-77,77
70995,87,81,6,6
70996,73,74,-1,1
70997,100,86,14,14
70998,97,78,19,19
70999,75,74,1,1
71000,77,73,4,4
71001,59,70,-11,11
71002,136,145,-9,9
71003,44,50,-6,6
71004,149,139,10,10
71005,85,88,-3,3
71006,132,128,4,4
71007,54,57,-3,3
71008,98,89,9,9
71009,102,106,-4,4
71010,122,119,3,3
71011,70,59,11,11
71012,121,165,-44,44
71013,86,88,-2,2
71014,99,95,4,4
71015,71,68,3,3
71016,113,110,3,3
71017,100,90,10,10
71018,61,59,2,2
71019,69,79,-10,10
71020,103,118,-15,15
71021,122,143,-21,21
71022,90,87,3,3
71023,113,104,9,9
71024,99,108,-9,9
71025,100,65,35,35
71026,77,82,-5,5
71027,84,76,8,8
71028,101,88,13,13
71029,86,85,1,1
71030,43,62,-19,19
71031,73,84,-11,11
71032,128,112,16,16
71033,81,62,19,19
71034,67,61,6,6
71035,137,137,0,0
71036,77,74,3,3
71037,52,57,-5,5
71038,103,114,-11,11
71039,107,101,6,6
71040,101,97,4,4
71041,80,79,1,1
71042,114,114,0,0
71043,112,114,-2,2
71044,118,105,13,13
71045,110,116,-6,6
71046,88,82,6,6
71047,63,88,-25,25
71048,125,106,19,19
71049,126,117,9,9
71050,68,88,-20,20
71051,59,64,-5,5
71052,69,73,-4,4
71053,90,78,12,12
71054,108,110,-2,2
71055,80,99,-19,19
71056,63,60,3,3
71057,52,61,-9,9
71058,72,69,3,3
71059,76,78,-2,2
71060,92,83,9,9
71061,133,157,-24,24
71062,65,70,-5,5
71063,69,70,-1,1
71064,121,116,5,5
71065,92,85,7,7
71066,67,64,3,3
71067,134,129,5,5
71068,81,70,11,11
71069,68,80,-12,12
71070,67,61,6,6
71071,52,57,-5,5
71072,107,101,6,6
71073,120,115,5,5
71074,133,129,4,4
71075,150,138,12,12
71076,124,137,-13,13
71077,86,79,7,7
71078,29,36,-7,7
71079,170,164,6,6
71080,88,81,7,7
71081,158,158,0,0
71082,58,60,-2,2
71083,129,123,6,6
71084,94,91,3,3
71085,116,107,9,9
71086,159,161,-2,2
71087,86,78,8,8
71088,174,171,3,3
71089,104,100,4,4
71090,90,81,9,9
71091,101,100,1,1
71092,107,122,-15,15
71093,133,125,8,8
71094,70,73,-3,3
71095,100,98,2,2
71096,174,160,14,14
71097,41,54,-13,13
71098,85,83,2,2
71099,76,66,10,10
71100,73,73,0,0
71101,131,120,11,11
71102,83,84,-1,1
71103,88,86,2,2
71104,128,127,1,1
71105,86,85,1,1
71106,163,159,4,4
71107,104,118,-14,14
71108,50,55,-5,5
71109,114,95,19,19
71110,108,109,-1,1
71111,72,67,5,5
71112,63,59,4,4
71113,51,57,-6,6
71114,94,102,-8,8
71115,76,69,7,7
71116,39,44,-5,5
71117,100,94,6,6
71118,64,77,-13,13
71119,87,77,10,10
71120,112,100,12,12
71121,105,100,5,5
71122,84,97,-13,13
71123,135,142,-7,7
71124,66,52,14,14
71125,164,167,-3,3
71126,53,64,-11,11
71127,131,133,-2,2
71128,97,90,7,7
71129,44,64,-20,20
71130,85,85,0,0
71131,58,53,5,5
71132,105,116,-11,11
71133,51,57,-6,6
71134,67,71,-4,4
71135,82,98,-16,16
71136,100,88,12,12
71137,154,152,2,2
71138,89,97,-8,8
71139,88,87,1,1
71140,104,78,26,26
71141,82,72,10,10
71142,97,92,5,5
71143,87,104,-17,17
71144,71,57,14,14
71145,87,95,-8,8
71146,71,63,8,8
71147,168,155,13,13
71148,124,128,-4,4
71149,75,70,5,5
71150,137,105,32,32
71151,131,131,0,0
71152,161,166,-5,5
71153,80,70,10,10
71154,109,114,-5,5
71155,65,56,9,9
71156,152,165,-13,13
71157,120,109,11,11
71158,116,111,5,5
71159,82,94,-12,12
71160,214,180,34,34
71161,75,75,0,0
71162,95,105,-10,10
71163,120,119,1,1
71164,126,141,-15,15
71165,112,118,-6,6
71166,115,128,-13,13
71167,94,91,3,3
71168,84,83,1,1
71169,99,104,-5,5
71170,69,70,-1,1
71171,62,54,8,8
71172,106,109,-3,3
71173,110,104,6,6
71174,78,70,8,8
71175,161,196,-35,35
71176,140,103,37,37
71177,83,95,-12,12
71178,110,109,1,1
71179,50,51,-1,1
71180,160,141,19,19
71181,93,88,5,5
71182,161,155,6,6
71183,37,47,-10,10
71184,58,65,-7,7
71185,109,137,-28,28
71186,99,114,-15,15
71187,124,153,-29,29
71188,65,68,-3,3
71189,113,117,-4,4
71190,114,126,-12,12
71191,127,120,7,7
71192,99,81,18,18
71193,83,75,8,8
71194,74,70,4,4
71195,112,113,-1,1
71196,76,65,11,11
71197,86,77,9,9
71198,59,63,-4,4
71199,185,167,18,18
71200,113,87,26,26
71201,90,86,4,4
71202,60,55,5,5
71203,136,114,22,22
71204,94,79,15,15
71205,100,96,4,4
71206,93,91,2,2
71207,80,78,2,2
71208,138,124,14,14
71209,123,121,2,2
71210,84,71,13,13
71211,96,102,-6,6
71212,123,130,-7,7
71213,46,80,-34,34
71214,54,47,7,7
71215,135,131,4,4
71216,135,114,21,21
71217,79,72,7,7
71218,127,128,-1,1
71219,75,77,-2,2
71220,43,59,-16,16
71221,107,86,21,21
71222,86,78,8,8
71223,114,134,-20,20
71224,56,65,-9,9
71225,80,79,1,1
71226,86,83,3,3
71227,62,57,5,5
71228,78,63,15,15
71229,158,161,-3,3
71230,96,112,-16,16
71231,88,83,5,5
71232,62,64,-2,2
71233,116,109,7,7
71234,103,84,19,19
71235,108,126,-18,18
71236,96,85,11,11
71237,65,60,5,5
71238,64,68,-4,4
71239,136,134,2,2
71240,92,91,1,1
71241,66,59,7,7
71242,106,105,1,1
71243,168,140,28,28
71244,91,80,11,11
71245,90,98,-8,8
71246,83,74,9,9
71247,198,176,22,22
71248,98,96,2,2
71249,116,94,22,22
71250,77,81,-4,4
71251,95,113,-18,18
71252,113,106,7,7
71253,102,105,-3,3
71254,54,66,-12,12
71255,138,145,-7,7
71256,76,77,-1,1
71257,58,60,-2,2
71258,74,71,3,3
71259,93,71,22,22
71260,56,76,-20,20
71261,139,149,-10,10
71262,169,165,4,4
71263,131,126,5,5
71264,64,49,15,15
71265,89,91,-2,2
71266,111,65,46,46
71267,149,138,11,11
71268,86,80,6,6
71269,67,102,-35,35
71270,54,83,-29,29
71271,47,54,-7,7
71272,43,50,-7,7
71273,90,94,-4,4
71274,139,130,9,9
71275,62,67,-5,5
71276,67,75,-8,8
71277,75,81,-6,6
71278,87,82,5,5
71279,82,81,1,1
71280,41,58,-17,17
71281,86,90,-4,4
71282,151,136,15,15
71283,87,91,-4,4
71284,107,108,-1,1
71285,67,63,4,4
71286,90,91,-1,1
71287,133,125,8,8
71288,42,51,-9,9
71289,124,110,14,14
71290,66,59,7,7
71291,74,73,1,1
71292,54,72,-18,18
71293,123,131,-8,8
71294,137,143,-6,6
71295,67,56,11,11
71296,113,116,-3,3
71297,103,86,17,17
71298,161,152,9,9
71299,114,107,7,7
71300,112,147,-35,35
71301,103,97,6,6
71302,112,112,0,0
71303,123,126,-3,3
71304,65,69,-4,4
71305,97,94,3,3
71306,68,70,-2,2
71307,69,134,-65,65
71308,69,59,10,10
71309,143,138,5,5
71310,107,113,-6,6
71311,59,79,-20,20
71312,125,118,7,7
71313,57,62,-5,5
71314,108,120,-12,12
71315,86,85,1,1
71316,98,99,-1,1
71317,82,79,3,3
71318,87,125,-38,38
71319,65,65,0,0
71320,96,89,7,7
71321,60,69,-9,9
71322,77,73,4,4
71323,81,78,3,3
71324,147,141,6,6
71325,75,62,13,13
71326,75,62,13,13
71327,85,92,-7,7
71328,94,96,-2,2
71329,158,153,5,5
71330,103,88,15,15
71331,125,109,16,16
71332,119,155,-36,36
71333,109,106,3,3
71334,64,58,6,6
71335,74,72,2,2
71336,33,43,-10,10
71337,104,97,7,7
71338,73,110,-37,37
71339,148,136,12,12
71340,57,58,-1,1
71341,62,58,4,4
71342,143,141,2,2
71343,96,113,-17,17
71344,61,66,-5,5
71345,126,119,7,7
71346,66,93,-27,27
71347,97,108,-11,11
71348,58,58,0,0
71349,85,87,-2,2
71350,207,197,10,10
71351,114,101,13,13
71352,105,110,-5,5
71353,92,95,-3,3
71354,80,74,6,6
71355,97,87,10,10
71356,93,92,1,1
71357,55,58,-3,3
71358,89,73,16,16
71359,116,129,-13,13
71360,98,102,-4,4
71361,79,72,7,7
71362,127,133,-6,6
71363,112,93,19,19
71364,131,120,11,11
71365,92,101,-9,9
71366,81,77,4,4
71367,236,213,23,23
71368,110,126,-16,16
71369,66,67,-1,1
71370,100,109,-9,9
71371,98,103,-5,5
71372,118,101,17,17
71373,91,99,-8,8
71374,162,135,27,27
71375,77,73,4,4
71376,67,71,-4,4
71377,131,140,-9,9
71378,103,109,-6,6
71379,57,59,-2,2
71380,93,83,10,10
71381,72,77,-5,5
71382,67,60,7,7
71383,49,53,-4,4
71384,72,68,4,4
71385,56,44,12,12
71386,154,130,24,24
71387,72,84,-12,12
71388,44,48,-4,4
71389,97,103,-6,6
71390,173,151,22,22
71391,151,152,-1,1
71392,92,93,-1,1
71393,41,53,-12,12
71394,101,104,-3,3
71395,151,130,21,21
71396,112,102,10,10
71397,82,79,3,3
71398,147,137,10,10
71399,104,86,18,18
71400,156,137,19,19
71401,69,68,1,1
71402,88,80,8,8
71403,49,60,-11,11
71404,72,65,7,7
71405,87,95,-8,8
71406,83,79,4,4
71407,78,68,10,10
71408,109,114,-5,5
71409,118,118,0,0
71410,146,163,-17,17
71411,95,84,11,11
71412,139,129,10,10
71413,112,122,-10,10
71414,74,78,-4,4
71415,101,106,-5,5
71416,69,71,-2,2
71417,60,55,5,5
71418,52,58,-6,6
71419,70,74,-4,4
71420,52,45,7,7
71421,93,94,-1,1
71422,75,73,2,2
71423,50,87,-37,37
71424,64,65,-1,1
71425,167,154,13,13
71426,59,61,-2,2
71427,117,126,-9,9
71428,97,99,-2,2
71429,93,96,-3,3
71430,70,73,-3,3
71431,91,88,3,3
71432,52,48,4,4
71433,97,96,1,1
71434,66,53,13,13
71435,91,88,3,3
71436,72,103,-31,31
71437,113,108,5,5
71438,91,95,-4,4
71439,50,68,-18,18
71440,85,76,9,9
71441,167,152,15,15
71442,78,80,-2,2
71443,149,139,10,10
71444,102,95,7,7
71445,116,111,5,5
71446,69,73,-4,4
71447,63,59,4,4
71448,108,114,-6,6
71449,81,74,7,7
71450,82,79,3,3
71451,113,111,2,2
71452,83,81,2,2
71453,97,88,9,9
71454,78,92,-14,14
71455,102,105,-3,3
71456,109,101,8,8
71457,64,99,-35,35
71458,98,98,0,0
71459,156,138,18,18
71460,126,130,-4,4
71461,90,84,6,6
71462,122,114,8,8
71463,67,74,-7,7
71464,60,65,-5,5
71465,60,58,2,2
71466,73,63,10,10
71467,135,147,-12,12
71468,116,116,0,0
71469,92,90,2,2
71470,116,109,7,7
71471,76,76,0,0
71472,137,135,2,2
71473,38,49,-11,11
71474,212,171,41,41
71475,115,113,2,2
71476,170,159,11,11
71477,140,148,-8,8
71478,194,161,33,33
71479,119,117,2,2
71480,46,69,-23,23
71481,67,59,8,8
71482,114,117,-3,3
71483,107,124,-17,17
71484,83,111,-28,28
71485,103,96,7,7
71486,75,77,-2,2
71487,117,174,-57,57
71488,59,66,-7,7
71489,68,85,-17,17
71490,117,100,17,17
71491,142,120,22,22
71492,50,51,-1,1
71493,72,75,-3,3
71494,114,125,-11,11
71495,161,165,-4,4
71496,104,93,11,11
71497,241,212,29,29
71498,72,69,3,3
71499,89,96,-7,7
71500,76,80,-4,4
71501,97,100,-3,3
71502,93,79,14,14
71503,73,61,12,12
71504,67,65,2,2
71505,89,98,-9,9
71506,91,93,-2,2
71507,112,113,-1,1
71508,156,158,-2,2
71509,59,62,-3,3
71510,71,70,1,1
71511,35,36,-1,1
71512,60,68,-8,8
71513,151,150,1,1
71514,83,81,2,2
71515,114,122,-8,8
71516,66,61,5,5
71517,68,76,-8,8
71518,128,119,9,9
71519,168,150,18,18
71520,84,78,6,6
71521,87,75,12,12
71522,94,83,11,11
71523,44,63,-19,19
71524,93,100,-7,7
71525,135,113,22,22
71526,80,72,8,8
71527,105,93,12,12
71528,86,88,-2,2
71529,115,130,-15,15
71530,183,164,19,19
71531,120,127,-7,7
71532,25,20,5,5
71533,53,55,-2,2
71534,131,118,13,13
71535,164,154,10,10
71536,74,71,3,3
71537,125,100,25,25
71538,91,105,-14,14
71539,106,94,12,12
71540,95,101,-6,6
71541,75,66,9,9
71542,114,119,-5,5
71543,70,56,14,14
71544,89,81,8,8
71545,37,41,-4,4
71546,90,80,10,10
71547,60,79,-19,19
71548,106,113,-7,7
71549,59,69,-10,10
71550,114,123,-9,9
71551,69,64,5,5
71552,96,94,2,2
71553,90,52,38,38
71554,132,149,-17,17
71555,117,123,-6,6
71556,78,79,-1,1
71557,63,66,-3,3
71558,96,106,-10,10
71559,132,106,26,26
71560,83,75,8,8
71561,114,101,13,13
71562,109,101,8,8
71563,97,87,10,10
71564,81,79,2,2
71565,95,93,2,2
71566,82,77,5,5
71567,127,128,-1,1
71568,108,111,-3,3
71569,91,105,-14,14
71570,87,81,6,6
71571,92,85,7,7
71572,165,154,11,11
71573,85,80,5,5
71574,50,56,-6,6
71575,62,61,1,1
71576,97,107,-10,10
71577,87,86,1,1
71578,66,63,3,3
71579,76,69,7,7
71580,75,78,-3,3
71581,172,158,14,14
71582,45,73,-28,28
71583,86,95,-9,9
71584,73,84,-11,11
71585,189,165,24,24
71586,65,62,3,3
71587,76,69,7,7
71588,95,92,3,3
71589,95,88,7,7
71590,87,86,1,1
71591,108,107,1,1
71592,91,74,17,17
71593,69,64,5,5
71594,141,155,-14,14
71595,75,81,-6,6
71596,82,85,-3,3
71597,55,50,5,5
71598,55,65,-10,10
71599,121,126,-5,5
71600,55,47,8,8
71601,131,122,9,9
71602,111,112,-1,1
71603,52,62,-10,10
71604,141,133,8,8
71605,82,82,0,0
71606,49,56,-7,7
71607,67,75,-8,8
71608,65,63,2,2
71609,116,124,-8,8
71610,112,128,-16,16
71611,117,116,1,1
71612,137,127,10,10
71613,95,106,-11,11
71614,59,62,-3,3
71615,84,96,-12,12
71616,89,78,11,11
71617,137,136,1,1
71618,194,139,55,55
71619,144,123,21,21
71620,106,101,5,5
71621,122,113,9,9
71622,67,72,-5,5
71623,104,119,-15,15
71624,114,115,-1,1
71625,84,105,-21,21
71626,49,60,-11,11
71627,232,178,54,54
71628,79,71,8,8
71629,101,100,1,1
71630,105,105,0,0
71631,104,106,-2,2
71632,221,177,44,44
71633,124,95,29,29
71634,154,148,6,6
71635,110,103,7,7
71636,75,75,0,0
71637,175,146,29,29
71638,162,163,-1,1
71639,169,150,19,19
71640,82,100,-18,18
71641,69,76,-7,7
71642,63,67,-4,4
71643,101,112,-11,11
71644,59,66,-7,7
71645,123,142,-19,19
71646,105,115,-10,10
71647,99,94,5,5
71648,58,66,-8,8
71649,103,98,5,5
71650,77,78,-1,1
71651,64,58,6,6
71652,49,42,7,7
71653,96,92,4,4
71654,78,64,14,14
71655,124,138,-14,14
71656,66,74,-8,8
71657,163,150,13,13
71658,140,152,-12,12
71659,77,75,2,2
71660,55,59,-4,4
71661,64,62,2,2
71662,73,102,-29,29
71663,86,84,2,2
71664,87,81,6,6
71665,80,81,-1,1
71666,74,79,-5,5
71667,69,58,11,11
71668,118,127,-9,9
71669,74,72,2,2
71670,162,150,12,12
71671,63,67,-4,4
71672,88,81,7,7
71673,105,112,-7,7
71674,70,69,1,1
71675,86,83,3,3
71676,82,80,2,2
71677,181,174,7,7
71678,60,60,0,0
71679,139,138,1,1
71680,45,38,7,7
71681,84,90,-6,6
71682,87,81,6,6
71683,94,83,11,11
71684,94,94,0,0
71685,102,130,-28,28
71686,82,83,-1,1
71687,102,93,9,9
71688,51,60,-9,9
71689,91,84,7,7
71690,92,86,6,6
71691,119,118,1,1
71692,98,107,-9,9
71693,92,75,17,17
71694,144,139,5,5
71695,117,121,-4,4
71696,61,58,3,3
71697,55,45,10,10
71698,89,89,0,0
71699,83,89,-6,6
71700,122,110,12,12
71701,101,106,-5,5
71702,71,66,5,5
71703,183,191,-8,8
71704,79,74,5,5
71705,68,82,-14,14
71706,124,125,-1,1
71707,96,88,8,8
71708,82,73,9,9
71709,99,110,-11,11
71710,145,117,28,28
71711,143,138,5,5
71712,131,139,-8,8
71713,83,83,0,0
71714,118,125,-7,7
71715,65,65,0,0
71716,52,58,-6,6
71717,78,80,-2,2
71718,76,76,0,0
71719,142,118,24,24
71720,90,80,10,10
71721,64,82,-18,18
71722,70,75,-5,5
71723,81,86,-5,5
71724,155,149,6,6
71725,94,96,-2,2
71726,64,58,6,6
71727,83,78,5,5
71728,112,98,14,14
71729,112,95,17,17
71730,132,118,14,14
71731,84,76,8,8
71732,63,68,-5,5
71733,78,90,-12,12
71734,143,147,-4,4
71735,71,71,0,0
71736,94,90,4,4
71737,75,77,-2,2
71738,54,66,-12,12
71739,81,66,15,15
71740,72,77,-5,5
71741,95,82,13,13
71742,136,121,15,15
71743,89,76,13,13
71744,66,77,-11,11
71745,95,89,6,6
71746,85,75,10,10
71747,114,118,-4,4
71748,70,63,7,7
71749,70,124,-54,54
71750,115,119,-4,4
71751,139,123,16,16
71752,104,104,0,0
71753,65,59,6,6
71754,145,149,-4,4
71755,108,103,5,5
71756,81,81,0,0
71757,85,68,17,17
71758,59,70,-11,11
71759,146,153,-7,7
71760,89,106,-17,17
71761,94,97,-3,3
71762,82,77,5,5
71763,58,61,-3,3
71764,78,75,3,3
71765,92,80,12,12
71766,65,58,7,7
71767,100,100,0,0
71768,126,123,3,3
71769,115,102,13,13
71770,64,57,7,7
71771,67,68,-1,1
71772,114,99,15,15
71773,73,71,2,2
71774,86,77,9,9
71775,92,91,1,1
71776,393,369,24,24
71777,121,131,-10,10
71778,77,80,-3,3
71779,106,95,11,11
71780,81,81,0,0
71781,99,77,22,22
71782,150,127,23,23
71783,98,91,7,7
71784,107,114,-7,7
71785,59,50,9,9
71786,53,42,11,11
71787,99,97,2,2
71788,138,139,-1,1
71789,58,53,5,5
71790,85,84,1,1
71791,129,119,10,10
71792,60,64,-4,4
71793,67,63,4,4
71794,107,97,10,10
71795,42,45,-3,3
71796,73,76,-3,3
71797,81,84,-3,3
71798,154,141,13,13
71799,84,75,9,9
71800,67,70,-3,3
71801,62,53,9,9
71802,93,87,6,6
71803,119,114,5,5
71804,112,115,-3,3
71805,146,158,-12,12
71806,45,41,4,4
71807,127,122,5,5
71808,87,76,11,11
71809,122,118,4,4
71810,83,73,10,10
71811,116,108,8,8
71812,95,103,-8,8
71813,101,111,-10,10
71814,132,129,3,3
71815,116,110,6,6
71816,79,72,7,7
71817,94,87,7,7
71818,131,121,10,10
71819,61,53,8,8
71820,66,64,2,2
71821,78,82,-4,4
71822,145,132,13,13
71823,166,159,7,7
71824,88,75,13,13
71825,99,101,-2,2
71826,85,82,3,3
71827,62,79,-17,17
71828,85,86,-1,1
71829,103,100,3,3
71830,123,156,-33,33
71831,43,58,-15,15
71832,89,87,2,2
71833,61,59,2,2
71834,65,60,5,5
71835,81,77,4,4
71836,77,76,1,1
71837,118,114,4,4
71838,53,57,-4,4
71839,90,81,9,9
71840,101,114,-13,13
71841,88,85,3,3
71842,136,128,8,8
71843,142,124,18,18
71844,79,73,6,6
71845,124,131,-7,7
71846,69,72,-3,3
71847,55,57,-2,2
71848,84,86,-2,2
71849,34,47,-13,13
71850,86,75,11,11
71851,67,83,-16,16
71852,234,199,35,35
71853,175,180,-5,5
71854,50,61,-11,11
71855,75,61,14,14
71856,61,60,1,1
71857,103,96,7,7
71858,59,63,-4,4
71859,83,87,-4,4
71860,50,66,-16,16
71861,89,86,3,3
71862,65,67,-2,2
71863,140,134,6,6
71864,158,149,9,9
71865,113,139,-26,26
71866,118,126,-8,8
71867,172,164,8,8
71868,119,118,1,1
71869,106,104,2,2
71870,146,150,-4,4
71871,72,72,0,0
71872,84,80,4,4
71873,78,78,0,0
71874,58,60,-2,2
71875,85,81,4,4
71876,137,129,8,8
71877,86,117,-31,31
71878,78,71,7,7
71879,88,90,-2,2
71880,108,99,9,9
71881,104,92,12,12
71882,77,95,-18,18
71883,101,96,5,5
71884,109,106,3,3
71885,84,72,12,12
71886,70,63,7,7
71887,134,113,21,21
71888,51,31,20,20
71889,128,123,5,5
71890,103,120,-17,17
71891,76,69,7,7
71892,101,110,-9,9
71893,92,89,3,3
71894,72,73,-1,1
71895,68,67,1,1
71896,84,78,6,6
71897,88,89,-1,1
71898,119,120,-1,1
71899,56,42,14,14
71900,31,36,-5,5
71901,91,92,-1,1
71902,163,156,7,7
71903,124,123,1,1
71904,71,74,-3,3
71905,101,98,3,3
71906,112,151,-39,39
71907,103,111,-8,8
71908,74,72,2,2
71909,57,62,-5,5
71910,137,136,1,1
71911,124,109,15,15
71912,77,88,-11,11
71913,83,87,-4,4
71914,66,81,-15,15
71915,110,104,6,6
71916,65,62,3,3
71917,98,97,1,1
71918,87,84,3,3
71919,90,83,7,7
71920,140,144,-4,4
71921,116,120,-4,4
71922,128,127,1,1
71923,73,67,6,6
71924,155,169,-14,14
71925,96,99,-3,3
71926,115,118,-3,3
71927,63,68,-5,5
71928,57,53,4,4
71929,113,113,0,0
71930,104,101,3,3
71931,53,69,-16,16
71932,62,63,-1,1
71933,53,62,-9,9
71934,71,73,-2,2
71935,76,80,-4,4
71936,117,95,22,22
71937,57,64,-7,7
71938,79,68,11,11
71939,69,85,-16,16
71940,78,70,8,8
71941,40,58,-18,18
71942,58,76,-18,18
71943,105,96,9,9
71944,87,102,-15,15
71945,118,101,17,17
71946,101,123,-22,22
71947,32,49,-17,17
71948,75,73,2,2
71949,112,114,-2,2
71950,112,109,3,3
71951,124,134,-10,10
71952,68,72,-4,4
71953,72,71,1,1
71954,52,52,0,0
71955,84,76,8,8
71956,78,68,10,10
71957,106,86,20,20
71958,126,121,5,5
71959,103,115,-12,12
71960,110,91,19,19
71961,91,93,-2,2
71962,149,133,16,16
71963,55,60,-5,5
71964,113,105,8,8
71965,72,77,-5,5
71966,79,75,4,4
71967,125,125,0,0
71968,126,117,9,9
71969,156,164,-8,8
71970,69,61,8,8
71971,59,58,1,1
71972,92,109,-17,17
71973,65,71,-6,6
71974,94,94,0,0
71975,76,102,-26,26
71976,145,148,-3,3
71977,141,133,8,8
71978,71,68,3,3
71979,91,91,0,0
71980,56,57,-1,1
71981,107,106,1,1
71982,73,61,12,12
71983,120,142,-22,22
71984,109,105,4,4
71985,125,127,-2,2
71986,80,77,3,3
71987,55,61,-6,6
71988,92,91,1,1
71989,125,117,8,8
71990,74,76,-2,2
71991,65,70,-5,5
71992,85,85,0,0
71993,41,45,-4,4
71994,73,82,-9,9
71995,133,98,35,35
71996,48,53,-5,5
71997,81,80,1,1
71998,109,120,-11,11
71999,98,106,-8,8
72000,123,120,3,3
72001,103,112,-9,9
72002,79,73,6,6
72003,60,62,-2,2
72004,93,96,-3,3
72005,162,126,36,36
72006,121,128,-7,7
72007,113,129,-16,16
72008,64,66,-2,2
72009,61,70,-9,9
72010,110,100,10,10
72011,106,109,-3,3
72012,111,103,8,8
72013,72,78,-6,6
72014,50,45,5,5
72015,58,61,-3,3
72016,112,114,-2,2
72017,86,95,-9,9
72018,77,71,6,6
72019,116,109,7,7
72020,77,77,0,0
72021,156,148,8,8
72022,94,101,-7,7
72023,152,132,20,20
72024,153,145,8,8
72025,91,96,-5,5
72026,114,106,8,8
72027,54,58,-4,4
72028,68,62,6,6
72029,108,127,-19,19
72030,144,140,4,4
72031,122,115,7,7
72032,94,101,-7,7
72033,100,97,3,3
72034,63,72,-9,9
72035,109,109,0,0
72036,92,84,8,8
72037,104,104,0,0
72038,80,71,9,9
72039,83,80,3,3
72040,115,112,3,3
72041,149,157,-8,8
72042,111,115,-4,4
72043,64,63,1,1
72044,117,104,13,13
72045,68,65,3,3
72046,98,98,0,0
72047,58,52,6,6
72048,109,98,11,11
72049,84,75,9,9
72050,59,65,-6,6
72051,122,85,37,37
72052,67,79,-12,12
72053,74,65,9,9
72054,65,63,2,2
72055,95,84,11,11
72056,90,95,-5,5
72057,71,60,11,11
72058,46,49,-3,3
72059,37,68,-31,31
72060,128,120,8,8
72061,110,105,5,5
72062,98,105,-7,7
72063,55,53,2,2
72064,118,112,6,6
72065,28,33,-5,5
72066,164,171,-7,7
72067,97,100,-3,3
72068,149,143,6,6
72069,100,97,3,3
72070,102,121,-19,19
72071,99,112,-13,13
72072,170,155,15,15
72073,124,136,-12,12
72074,109,123,-14,14
72075,146,130,16,16
72076,170,163,7,7
72077,85,69,16,16
72078,106,93,13,13
72079,96,96,0,0
72080,105,103,2,2
72081,116,112,4,4
72082,61,61,0,0
72083,114,112,2,2
72084,105,99,6,6
72085,163,156,7,7
72086,50,54,-4,4
72087,141,121,20,20
72088,79,82,-3,3
72089,129,117,12,12
72090,82,79,3,3
72091,61,64,-3,3
72092,69,66,3,3
72093,62,69,-7,7
72094,93,90,3,3
72095,92,92,0,0
72096,91,109,-18,18
72097,45,56,-11,11
72098,167,151,16,16
72099,71,69,2,2
72100,43,44,-1,1
72101,122,91,31,31
72102,73,63,10,10
72103,99,98,1,1
72104,82,78,4,4
72105,119,105,14,14
72106,135,120,15,15
72107,46,53,-7,7
72108,102,99,3,3
72109,66,74,-8,8
72110,159,130,29,29
72111,93,86,7,7
72112,93,81,12,12
72113,71,64,7,7
72114,106,80,26,26
72115,99,102,-3,3
72116,145,156,-11,11
72117,102,111,-9,9
72118,146,133,13,13
72119,129,125,4,4
72120,105,125,-20,20
72121,119,115,4,4
72122,49,54,-5,5
72123,114,107,7,7
72124,137,136,1,1
72125,84,86,-2,2
72126,63,64,-1,1
72127,120,108,12,12
72128,63,53,10,10
72129,153,142,11,11
72130,73,78,-5,5
72131,110,93,17,17
72132,178,169,9,9
72133,73,95,-22,22
72134,80,94,-14,14
72135,98,96,2,2
72136,122,119,3,3
72137,122,136,-14,14
72138,95,98,-3,3
72139,100,103,-3,3
72140,107,117,-10,10
72141,86,62,24,24
72142,62,58,4,4
72143,77,75,2,2
72144,49,50,-1,1
72145,68,68,0,0
72146,25,22,3,3
72147,83,69,14,14
72148,54,58,-4,4
72149,122,119,3,3
72150,115,91,24,24
72151,92,83,9,9
72152,120,110,10,10
72153,161,135,26,26
72154,100,106,-6,6
72155,127,129,-2,2
72156,56,61,-5,5
72157,120,115,5,5
72158,319,274,45,45
72159,161,140,21,21
72160,120,110,10,10
72161,119,110,9,9
72162,119,101,18,18
72163,155,140,15,15
72164,90,91,-1,1
72165,43,44,-1,1
72166,67,56,11,11
72167,75,63,12,12
72168,86,78,8,8
72169,107,91,16,16
72170,109,101,8,8
72171,105,110,-5,5
72172,120,124,-4,4
72173,57,50,7,7
72174,81,83,-2,2
72175,114,113,1,1
72176,101,95,6,6
72177,104,88,16,16
72178,105,93,12,12
72179,93,91,2,2
72180,117,133,-16,16
72181,93,87,6,6
72182,60,59,1,1
72183,81,53,28,28
72184,96,91,5,5
72185,99,112,-13,13
72186,88,79,9,9
72187,113,118,-5,5
72188,91,94,-3,3
72189,142,127,15,15
72190,95,83,12,12
72191,79,80,-1,1
72192,80,91,-11,11
72193,54,81,-27,27
72194,124,107,17,17
72195,86,99,-13,13
72196,154,142,12,12
72197,77,74,3,3
72198,129,113,16,16
72199,196,161,35,35
72200,78,80,-2,2
72201,63,68,-5,5
72202,176,162,14,14
72203,102,99,3,3
72204,102,100,2,2
72205,92,86,6,6
72206,145,133,12,12
72207,64,64,0,0
72208,100,88,12,12
72209,96,113,-17,17
72210,96,82,14,14
72211,51,64,-13,13
72212,61,78,-17,17
72213,129,118,11,11
72214,196,173,23,23
72215,61,56,5,5
72216,86,78,8,8
72217,69,85,-16,16
72218,121,116,5,5
72219,87,90,-3,3
72220,105,95,10,10
72221,67,91,-24,24
72222,71,89,-18,18
72223,165,149,16,16
72224,132,119,13,13
72225,171,160,11,11
72226,81,67,14,14
72227,142,141,1,1
72228,75,75,0,0
72229,102,85,17,17
72230,86,92,-6,6
72231,136,134,2,2
72232,63,62,1,1
72233,122,120,2,2
72234,89,89,0,0
72235,97,101,-4,4
72236,67,67,0,0
72237,105,106,-1,1
72238,64,52,12,12
72239,85,100,-15,15
72240,99,97,2,2
72241,80,87,-7,7
72242,115,112,3,3
72243,65,61,4,4
72244,104,105,-1,1
72245,115,104,11,11
72246,147,150,-3,3
72247,105,100,5,5
72248,141,141,0,0
72249,163,151,12,12
72250,129,120,9,9
72251,90,99,-9,9
72252,73,86,-13,13
72253,101,48,53,53
72254,103,103,0,0
72255,53,57,-4,4
72256,67,81,-14,14
72257,78,79,-1,1
72258,75,72,3,3
72259,76,78,-2,2
72260,105,98,7,7
72261,103,95,8,8
72262,108,104,4,4
72263,154,134,20,20
72264,84,78,6,6
72265,125,116,9,9
72266,71,64,7,7
72267,84,88,-4,4
72268,81,78,3,3
72269,95,94,1,1
72270,249,205,44,44
72271,101,97,4,4
72272,69,67,2,2
72273,109,134,-25,25
72274,76,71,5,5
72275,92,101,-9,9
72276,56,58,-2,2
72277,85,96,-11,11
72278,51,62,-11,11
72279,117,98,19,19
72280,74,69,5,5
72281,184,170,14,14
72282,82,77,5,5
72283,93,100,-7,7
72284,87,80,7,7
72285,56,50,6,6
72286,65,63,2,2
72287,95,79,16,16
72288,112,112,0,0
72289,110,108,2,2
72290,137,135,2,2
72291,73,75,-2,2
72292,128,115,13,13
72293,99,83,16,16
72294,133,134,-1,1
72295,109,107,2,2
72296,74,82,-8,8
72297,99,88,11,11
72298,23,42,-19,19
72299,87,96,-9,9
72300,175,163,12,12
72301,71,72,-1,1
72302,64,73,-9,9
72303,74,77,-3,3
72304,127,126,1,1
72305,136,146,-10,10
72306,114,122,-8,8
72307,143,143,0,0
72308,115,118,-3,3
72309,83,92,-9,9
72310,118,96,22,22
72311,64,59,5,5
72312,94,98,-4,4
72313,69,55,14,14
72314,142,136,6,6
72315,75,69,6,6
72316,58,68,-10,10
72317,19,28,-9,9
72318,83,83,0,0
72319,59,52,7,7
72320,99,106,-7,7
72321,69,62,7,7
72322,95,90,5,5
72323,248,166,82,82
72324,129,126,3,3
72325,45,52,-7,7
72326,129,126,3,3
72327,99,97,2,2
72328,98,96,2,2
72329,115,118,-3,3
72330,136,148,-12,12
72331,111,112,-1,1
72332,98,97,1,1
72333,85,94,-9,9
72334,141,146,-5,5
72335,94,105,-11,11
72336,94,93,1,1
72337,112,113,-1,1
72338,107,101,6,6
72339,127,125,2,2
72340,113,99,14,14
72341,131,94,37,37
72342,69,79,-10,10
72343,51,60,-9,9
72344,148,137,11,11
72345,79,72,7,7
72346,108,78,30,30
72347,105,109,-4,4
72348,82,104,-22,22
72349,152,160,-8,8
72350,77,81,-4,4
72351,96,105,-9,9
72352,118,124,-6,6
72353,176,195,-19,19
72354,161,170,-9,9
72355,74,69,5,5
72356,89,59,30,30
72357,126,132,-6,6
72358,105,99,6,6
72359,102,105,-3,3
72360,74,84,-10,10
72361,122,106,16,16
72362,80,83,-3,3
72363,75,74,1,1
72364,148,140,8,8
72365,129,115,14,14
72366,68,73,-5,5
72367,74,80,-6,6
72368,96,83,13,13
72369,88,76,12,12
72370,53,68,-15,15
72371,79,77,2,2
72372,78,76,2,2
72373,69,73,-4,4
72374,134,127,7,7
72375,77,84,-7,7
72376,144,135,9,9
72377,102,105,-3,3
72378,112,94,18,18
72379,122,113,9,9
72380,87,84,3,3
72381,111,121,-10,10
72382,102,104,-2,2
72383,73,71,2,2
72384,86,75,11,11
72385,74,68,6,6
72386,132,126,6,6
72387,128,133,-5,5
72388,130,115,15,15
72389,62,61,1,1
72390,44,69,-25,25
72391,78,79,-1,1
72392,95,92,3,3
72393,95,87,8,8
72394,116,109,7,7
72395,80,81,-1,1
72396,57,57,0,0
72397,84,101,-17,17
72398,122,126,-4,4
72399,115,127,-12,12
72400,185,156,29,29
72401,144,119,25,25
72402,54,48,6,6
72403,125,128,-3,3
72404,107,130,-23,23
72405,140,154,-14,14
72406,59,66,-7,7
72407,64,66,-2,2
72408,83,85,-2,2
72409,56,58,-2,2
72410,79,77,2,2
72411,58,59,-1,1
72412,92,86,6,6
72413,138,125,13,13
72414,110,110,0,0
72415,197,169,28,28
72416,102,103,-1,1
72417,75,70,5,5
72418,127,129,-2,2
72419,95,102,-7,7
72420,64,58,6,6
72421,68,75,-7,7
72422,174,170,4,4
72423,61,55,6,6
72424,74,69,5,5
72425,106,102,4,4
72426,60,53,7,7
72427,73,87,-14,14
72428,92,88,4,4
72429,189,166,23,23
72430,99,81,18,18
72431,147,138,9,9
72432,120,129,-9,9
72433,75,69,6,6
72434,57,59,-2,2
72435,56,52,4,4
72436,73,62,11,11
72437,67,69,-2,2
72438,176,152,24,24
72439,131,121,10,10
72440,101,105,-4,4
72441,77,71,6,6
72442,90,121,-31,31
72443,106,111,-5,5
72444,120,116,4,4
72445,82,78,4,4
72446,117,116,1,1
72447,57,98,-41,41
72448,57,68,-11,11
72449,104,96,8,8
72450,85,91,-6,6
72451,112,109,3,3
72452,89,90,-1,1
72453,88,108,-20,20
72454,87,70,17,17
72455,103,134,-31,31
72456,151,126,25,25
72457,92,89,3,3
72458,98,88,10,10
72459,63,69,-6,6
72460,88,88,0,0
72461,85,86,-1,1
72462,29,42,-13,13
72463,88,101,-13,13
72464,105,102,3,3
72465,108,95,13,13
72466,69,119,-50,50
72467,100,93,7,7
72468,67,70,-3,3
72469,78,69,9,9
72470,97,106,-9,9
72471,84,75,9,9
72472,57,70,-13,13
72473,124,117,7,7
72474,117,115,2,2
72475,101,96,5,5
72476,104,115,-11,11
72477,97,114,-17,17
72478,69,63,6,6
72479,105,108,-3,3
72480,78,81,-3,3
72481,75,64,11,11
72482,67,67,0,0
72483,182,156,26,26
72484,49,57,-8,8
72485,89,93,-4,4
72486,72,76,-4,4
72487,97,115,-18,18
72488,72,64,8,8
72489,66,62,4,4
72490,118,135,-17,17
72491,49,56,-7,7
72492,87,88,-1,1
72493,157,135,22,22
72494,63,64,-1,1
72495,69,67,2,2
72496,163,172,-9,9
72497,221,230,-9,9
72498,60,72,-12,12
72499,97,96,1,1
72500,64,57,7,7
72501,87,96,-9,9
72502,101,101,0,0
72503,96,103,-7,7
72504,111,113,-2,2
72505,67,67,0,0
72506,112,116,-4,4
72507,92,79,13,13
72508,90,97,-7,7
72509,127,140,-13,13
72510,62,70,-8,8
72511,82,81,1,1
72512,131,117,14,14
72513,66,61,5,5
72514,122,125,-3,3
72515,80,99,-19,19
72516,83,82,1,1
72517,71,73,-2,2
72518,76,71,5,5
72519,130,133,-3,3
72520,72,56,16,16
72521,51,65,-14,14
72522,114,114,0,0
72523,62,69,-7,7
72524,46,42,4,4
72525,58,63,-5,5
72526,84,103,-19,19
72527,69,62,7,7
72528,59,117,-58,58
72529,65,57,8,8
72530,175,172,3,3
72531,135,141,-6,6
72532,106,102,4,4
72533,72,70,2,2
72534,124,135,-11,11
72535,126,124,2,2
72536,120,129,-9,9
72537,92,97,-5,5
72538,68,60,8,8
72539,109,104,5,5
72540,74,87,-13,13
72541,61,66,-5,5
72542,96,87,9,9
72543,115,112,3,3
72544,88,91,-3,3
72545,112,109,3,3
72546,182,146,36,36
72547,156,151,5,5
72548,156,162,-6,6
72549,103,78,25,25
72550,89,86,3,3
72551,114,106,8,8
72552,106,100,6,6
72553,85,76,9,9
72554,107,86,21,21
72555,75,67,8,8
72556,84,83,1,1
72557,120,123,-3,3
72558,95,93,2,2
72559,48,68,-20,20
72560,65,56,9,9
72561,59,67,-8,8
72562,85,78,7,7
72563,125,123,2,2
72564,89,83,6,6
72565,92,85,7,7
72566,131,146,-15,15
72567,83,86,-3,3
72568,81,75,6,6
72569,82,75,7,7
72570,66,72,-6,6
72571,126,126,0,0
72572,167,155,12,12
72573,103,110,-7,7
72574,119,121,-2,2
72575,133,129,4,4
72576,138,140,-2,2
72577,136,130,6,6
72578,57,60,-3,3
72579,111,109,2,2
72580,75,78,-3,3
72581,64,65,-1,1
72582,111,114,-3,3
72583,126,125,1,1
72584,147,132,15,15
72585,188,164,24,24
72586,123,135,-12,12
72587,87,94,-7,7
72588,77,76,1,1
72589,82,63,19,19
72590,83,75,8,8
72591,69,77,-8,8
72592,136,135,1,1
72593,53,56,-3,3
72594,81,73,8,8
72595,124,125,-1,1
72596,111,92,19,19
72597,120,123,-3,3
72598,66,66,0,0
72599,68,71,-3,3
72600,147,160,-13,13
72601,193,183,10,10
72602,62,61,1,1
72603,113,110,3,3
72604,83,90,-7,7
72605,114,112,2,2
72606,138,138,0,0
72607,63,68,-5,5
72608,153,151,2,2
72609,75,75,0,0
72610,104,109,-5,5
72611,138,137,1,1
72612,86,76,10,10
72613,85,87,-2,2
72614,132,137,-5,5
72615,86,79,7,7
72616,60,69,-9,9
72617,119,124,-5,5
72618,233,217,16,16
72619,125,140,-15,15
72620,128,122,6,6
72621,135,140,-5,5
72622,92,81,11,11
72623,134,126,8,8
72624,108,105,3,3
72625,154,149,5,5
72626,149,150,-1,1
72627,112,107,5,5
72628,117,117,0,0
72629,158,158,0,0
72630,83,81,2,2
72631,92,83,9,9
72632,80,70,10,10
72633,86,85,1,1
72634,23,33,-10,10
72635,90,85,5,5
72636,129,122,7,7
72637,122,115,7,7
72638,49,50,-1,1
72639,58,62,-4,4
72640,115,100,15,15
72641,92,85,7,7
72642,146,165,-19,19
72643,69,84,-15,15
72644,107,118,-11,11
72645,152,123,29,29
72646,106,84,22,22
72647,78,75,3,3
72648,122,111,11,11
72649,97,98,-1,1
72650,62,63,-1,1
72651,125,120,5,5
72652,172,156,16,16
72653,73,79,-6,6
72654,88,85,3,3
72655,69,71,-2,2
72656,72,72,0,0
72657,87,84,3,3
72658,53,51,2,2
72659,65,72,-7,7
72660,117,116,1,1
72661,105,107,-2,2
72662,168,154,14,14
72663,83,105,-22,22
72664,65,67,-2,2
72665,108,107,1,1
72666,45,51,-6,6
72667,123,106,17,17
72668,62,68,-6,6
72669,69,64,5,5
72670,65,70,-5,5
72671,88,95,-7,7
72672,70,71,-1,1
72673,115,110,5,5
72674,68,63,5,5
72675,109,107,2,2
72676,117,111,6,6
72677,68,69,-1,1
72678,93,77,16,16
72679,76,72,4,4
72680,147,138,9,9
72681,124,117,7,7
72682,146,128,18,18
72683,104,110,-6,6
72684,85,82,3,3
72685,107,92,15,15
72686,131,131,0,0
72687,71,68,3,3
72688,78,71,7,7
72689,69,65,4,4
72690,124,131,-7,7
72691,101,86,15,15
72692,64,59,5,5
72693,69,62,7,7
72694,60,70,-10,10
72695,97,97,0,0
72696,78,76,2,2
72697,106,126,-20,20
72698,102,84,18,18
72699,102,98,4,4
72700,135,139,-4,4
72701,84,92,-8,8
72702,132,116,16,16
72703,81,49,32,32
72704,55,62,-7,7
72705,80,71,9,9
72706,89,116,-27,27
72707,218,342,-124,124
72708,68,61,7,7
72709,136,124,12,12
72710,78,82,-4,4
72711,66,72,-6,6
72712,115,110,5,5
72713,102,94,8,8
72714,64,62,2,2
72715,32,33,-1,1
72716,61,61,0,0
72717,98,106,-8,8
72718,87,73,14,14
72719,75,66,9,9
72720,131,122,9,9
72721,82,94,-12,12
72722,102,96,6,6
72723,68,58,10,10
72724,129,137,-8,8
72725,147,141,6,6
72726,54,68,-14,14
72727,95,94,1,1
72728,181,172,9,9
72729,102,103,-1,1
72730,49,57,-8,8
72731,100,92,8,8
72732,72,74,-2,2
72733,137,153,-16,16
72734,57,60,-3,3
72735,85,76,9,9
72736,69,66,3,3
72737,44,50,-6,6
72738,102,108,-6,6
72739,140,132,8,8
72740,59,55,4,4
72741,59,62,-3,3
72742,67,67,0,0
72743,96,99,-3,3
72744,54,73,-19,19
72745,81,74,7,7
72746,154,152,2,2
72747,134,143,-9,9
72748,100,81,19,19
72749,104,99,5,5
72750,92,108,-16,16
72751,63,66,-3,3
72752,115,95,20,20
72753,55,57,-2,2
72754,163,161,2,2
72755,122,126,-4,4
72756,106,106,0,0
72757,90,108,-18,18
72758,97,107,-10,10
72759,69,60,9,9
72760,86,86,0,0
72761,87,86,1,1
72762,134,125,9,9
72763,83,92,-9,9
72764,96,115,-19,19
72765,75,77,-2,2
72766,91,80,11,11
72767,74,68,6,6
72768,105,115,-10,10
72769,109,106,3,3
72770,50,54,-4,4
72771,83,63,20,20
72772,101,105,-4,4
72773,98,110,-12,12
72774,78,78,0,0
72775,115,100,15,15
72776,151,147,4,4
72777,50,36,14,14
72778,111,107,4,4
72779,75,81,-6,6
72780,191,171,20,20
72781,82,70,12,12
72782,133,117,16,16
72783,131,135,-4,4
72784,69,81,-12,12
72785,112,114,-2,2
72786,52,49,3,3
72787,109,132,-23,23
72788,82,85,-3,3
72789,106,109,-3,3
72790,36,48,-12,12
72791,84,88,-4,4
72792,103,102,1,1
72793,56,66,-10,10
72794,78,85,-7,7
72795,69,67,2,2
72796,67,83,-16,16
72797,83,91,-8,8
72798,103,104,-1,1
72799,84,79,5,5
72800,68,73,-5,5
72801,78,79,-1,1
72802,118,106,12,12
72803,112,98,14,14
72804,108,117,-9,9
72805,113,121,-8,8
72806,116,98,18,18
72807,67,66,1,1
72808,110,109,1,1
72809,100,88,12,12
72810,111,95,16,16
72811,82,99,-17,17
72812,157,145,12,12
72813,75,71,4,4
72814,102,102,0,0
72815,90,90,0,0
72816,60,63,-3,3
72817,88,92,-4,4
72818,96,93,3,3
72819,117,135,-18,18
72820,76,81,-5,5
72821,166,145,21,21
72822,187,125,62,62
72823,73,61,12,12
72824,91,99,-8,8
72825,125,127,-2,2
72826,60,55,5,5
72827,91,86,5,5
72828,99,99,0,0
72829,80,61,19,19
72830,125,125,0,0
72831,111,114,-3,3
72832,54,49,5,5
72833,192,172,20,20
72834,159,147,12,12
72835,71,75,-4,4
72836,80,82,-2,2
72837,58,62,-4,4
72838,78,68,10,10
72839,146,134,12,12
72840,73,68,5,5
72841,178,162,16,16
72842,94,91,3,3
72843,131,124,7,7
72844,70,63,7,7
72845,126,110,16,16
72846,84,90,-6,6
72847,80,80,0,0
72848,214,182,32,32
72849,111,106,5,5
72850,134,124,10,10
72851,89,120,-31,31
72852,124,150,-26,26
72853,112,89,23,23
72854,94,105,-11,11
72855,110,109,1,1
72856,143,147,-4,4
72857,70,66,4,4
72858,112,118,-6,6
72859,88,78,10,10
72860,89,72,17,17
72861,78,74,4,4
72862,121,111,10,10
72863,69,68,1,1
72864,82,81,1,1
72865,137,170,-33,33
72866,116,116,0,0
72867,169,156,13,13
72868,108,86,22,22
72869,62,60,2,2
72870,66,90,-24,24
72871,126,113,13,13
72872,77,68,9,9
72873,170,157,13,13
72874,48,47,1,1
72875,123,105,18,18
72876,135,129,6,6
72877,128,129,-1,1
72878,108,99,9,9
72879,102,99,3,3
72880,89,94,-5,5
72881,68,62,6,6
72882,83,72,11,11
72883,174,168,6,6
72884,130,101,29,29
72885,176,164,12,12
72886,87,95,-8,8
72887,69,60,9,9
72888,69,71,-2,2
72889,100,91,9,9
72890,164,153,11,11
72891,94,99,-5,5
72892,82,75,7,7
72893,191,205,-14,14
72894,99,93,6,6
72895,78,79,-1,1
72896,68,64,4,4
72897,121,104,17,17
72898,128,130,-2,2
72899,149,147,2,2
72900,164,146,18,18
72901,74,69,5,5
72902,67,62,5,5
72903,59,65,-6,6
72904,100,122,-22,22
72905,62,69,-7,7
72906,100,106,-6,6
72907,79,73,6,6
72908,137,160,-23,23
72909,74,85,-11,11
72910,94,88,6,6
72911,119,93,26,26
72912,103,103,0,0
72913,95,93,2,2
72914,60,57,3,3
72915,111,104,7,7
72916,34,39,-5,5
72917,78,75,3,3
72918,97,99,-2,2
72919,111,107,4,4
72920,85,84,1,1
72921,149,149,0,0
72922,90,83,7,7
72923,49,54,-5,5
72924,138,128,10,10
72925,69,68,1,1
72926,79,71,8,8
72927,70,65,5,5
72928,82,81,1,1
72929,79,67,12,12
72930,85,94,-9,9
72931,89,90,-1,1
72932,67,73,-6,6
72933,106,111,-5,5
72934,70,76,-6,6
72935,74,80,-6,6
72936,55,61,-6,6
72937,164,152,12,12
72938,77,70,7,7
72939,57,64,-7,7
72940,97,107,-10,10
72941,136,144,-8,8
72942,83,68,15,15
72943,66,65,1,1
72944,92,88,4,4
72945,92,97,-5,5
72946,71,62,9,9
72947,67,78,-11,11
72948,150,145,5,5
72949,69,78,-9,9
72950,132,134,-2,2
72951,194,202,-8,8
72952,137,122,15,15
72953,68,68,0,0
72954,90,88,2,2
72955,113,107,6,6
72956,61,47,14,14
72957,160,148,12,12
72958,149,151,-2,2
72959,48,50,-2,2
72960,128,129,-1,1
72961,102,101,1,1
72962,95,102,-7,7
72963,68,58,10,10
72964,164,130,34,34
72965,92,100,-8,8
72966,100,81,19,19
72967,68,75,-7,7
72968,81,79,2,2
72969,87,76,11,11
72970,121,90,31,31
72971,95,99,-4,4
72972,99,98,1,1
72973,59,60,-1,1
72974,140,131,9,9
72975,109,105,4,4
72976,147,147,0,0
72977,84,88,-4,4
72978,111,105,6,6
72979,85,87,-2,2
72980,63,61,2,2
72981,64,62,2,2
72982,75,68,7,7
72983,136,115,21,21
72984,140,140,0,0
72985,45,56,-11,11
72986,159,137,22,22
72987,110,107,3,3
72988,54,63,-9,9
72989,129,121,8,8
72990,170,172,-2,2
72991,111,108,3,3
72992,72,59,13,13
72993,129,135,-6,6
72994,67,69,-2,2
72995,159,171,-12,12
72996,60,62,-2,2
72997,91,92,-1,1
72998,126,109,17,17
72999,240,185,55,55
73000,113,106,7,7
73001,85,76,9,9
73002,54,57,-3,3
73003,68,64,4,4
73004,89,80,9,9
73005,142,133,9,9
73006,146,135,11,11
73007,87,81,6,6
73008,122,121,1,1
73009,81,96,-15,15
73010,77,80,-3,3
73011,113,100,13,13
73012,182,187,-5,5
73013,111,112,-1,1
73014,97,80,17,17
73015,90,80,10,10
73016,149,119,30,30
73017,62,72,-10,10
73018,121,111,10,10
73019,90,85,5,5
73020,64,52,12,12
73021,158,147,11,11
73022,89,85,4,4
73023,93,88,5,5
73024,82,74,8,8
73025,80,83,-3,3
73026,231,219,12,12
73027,52,59,-7,7
73028,185,153,32,32
73029,125,139,-14,14
73030,116,111,5,5
73031,70,68,2,2
73032,92,87,5,5
73033,135,143,-8,8
73034,83,88,-5,5
73035,78,73,5,5
73036,89,90,-1,1
73037,98,103,-5,5
73038,74,71,3,3
73039,117,117,0,0
73040,65,217,-152,152
73041,80,79,1,1
73042,82,69,13,13
73043,144,145,-1,1
73044,64,70,-6,6
73045,144,142,2,2
73046,46,60,-14,14
73047,29,47,-18,18
73048,81,85,-4,4
73049,115,123,-8,8
73050,99,87,12,12
73051,80,80,0,0
73052,111,106,5,5
73053,113,123,-10,10
73054,119,100,19,19
73055,49,37,12,12
73056,128,134,-6,6
73057,168,158,10,10
73058,52,54,-2,2
73059,115,103,12,12
73060,230,210,20,20
73061,113,141,-28,28
73062,66,55,11,11
73063,102,96,6,6
73064,52,53,-1,1
73065,94,85,9,9
73066,69,72,-3,3
73067,146,158,-12,12
73068,130,126,4,4
73069,82,74,8,8
73070,51,47,4,4
73071,114,110,4,4
73072,58,67,-9,9
73073,70,71,-1,1
73074,74,62,12,12
73075,75,59,16,16
73076,54,49,5,5
73077,134,142,-8,8
73078,46,44,2,2
73079,79,68,11,11
73080,66,68,-2,2
73081,114,114,0,0
73082,76,84,-8,8
73083,149,151,-2,2
73084,126,115,11,11
73085,91,95,-4,4
73086,56,72,-16,16
73087,131,131,0,0
73088,119,136,-17,17
73089,119,120,-1,1
73090,124,121,3,3
73091,142,145,-3,3
73092,215,180,35,35
73093,59,55,4,4
73094,60,63,-3,3
73095,76,79,-3,3
73096,54,46,8,8
73097,78,80,-2,2
73098,133,155,-22,22
73099,56,55,1,1
73100,79,79,0,0
73101,74,63,11,11
73102,55,75,-20,20
73103,62,51,11,11
73104,47,52,-5,5
73105,112,111,1,1
73106,112,96,16,16
73107,122,109,13,13
73108,104,104,0,0
73109,81,87,-6,6
73110,76,82,-6,6
73111,61,58,3,3
73112,230,194,36,36
73113,87,84,3,3
73114,94,91,3,3
73115,83,87,-4,4
73116,154,133,21,21
73117,140,130,10,10
73118,81,81,0,0
73119,78,67,11,11
73120,112,100,12,12
73121,133,123,10,10
73122,72,77,-5,5
73123,150,119,31,31
73124,133,137,-4,4
73125,74,71,3,3
73126,122,121,1,1
73127,90,94,-4,4
73128,69,66,3,3
73129,75,82,-7,7
73130,50,40,10,10
73131,135,136,-1,1
73132,126,112,14,14
73133,68,90,-22,22
73134,88,84,4,4
73135,78,83,-5,5
73136,55,52,3,3
73137,94,100,-6,6
73138,57,65,-8,8
73139,70,67,3,3
73140,150,151,-1,1
73141,67,69,-2,2
73142,78,89,-11,11
73143,82,59,23,23
73144,123,125,-2,2
73145,75,70,5,5
73146,151,152,-1,1
73147,79,67,12,12
73148,116,108,8,8
73149,89,79,10,10
73150,143,144,-1,1
73151,94,95,-1,1
73152,94,96,-2,2
73153,81,71,10,10
73154,77,76,1,1
73155,85,81,4,4
73156,104,119,-15,15
73157,58,61,-3,3
73158,76,90,-14,14
73159,72,75,-3,3
73160,90,86,4,4
73161,126,142,-16,16
73162,81,76,5,5
73163,113,115,-2,2
73164,72,73,-1,1
73165,111,111,0,0
73166,94,87,7,7
73167,77,75,2,2
73168,76,70,6,6
73169,91,82,9,9
73170,84,86,-2,2
73171,50,60,-10,10
73172,111,124,-13,13
73173,160,156,4,4
73174,90,70,20,20
73175,165,166,-1,1
73176,153,134,19,19
73177,38,47,-9,9
73178,76,93,-17,17
73179,73,61,12,12
73180,99,104,-5,5
73181,64,66,-2,2
73182,148,133,15,15
73183,146,149,-3,3
73184,86,86,0,0
73185,70,77,-7,7
73186,74,67,7,7
73187,102,91,11,11
73188,76,62,14,14
73189,115,100,15,15
73190,111,102,9,9
73191,67,53,14,14
73192,120,126,-6,6
73193,72,70,2,2
73194,93,89,4,4
73195,256,231,25,25
73196,157,137,20,20
73197,70,67,3,3
73198,95,105,-10,10
73199,99,88,11,11
73200,94,106,-12,12
73201,81,76,5,5
73202,102,96,6,6
73203,107,114,-7,7
73204,137,136,1,1
73205,91,101,-10,10
73206,90,90,0,0
73207,68,61,7,7
73208,59,58,1,1
73209,86,99,-13,13
73210,118,127,-9,9
73211,197,177,20,20
73212,55,85,-30,30
73213,82,84,-2,2
73214,96,105,-9,9
73215,88,90,-2,2
73216,72,81,-9,9
73217,56,22,34,34
73218,110,99,11,11
73219,75,71,4,4
73220,107,113,-6,6
73221,100,114,-14,14
73222,137,134,3,3
73223,76,81,-5,5
73224,174,162,12,12
73225,101,97,4,4
73226,85,83,2,2
73227,53,57,-4,4
73228,108,90,18,18
73229,82,84,-2,2
73230,84,89,-5,5
73231,92,86,6,6
73232,125,145,-20,20
73233,93,101,-8,8
73234,54,54,0,0
73235,113,103,10,10
73236,196,172,24,24
73237,71,70,1,1
73238,75,72,3,3
73239,46,41,5,5
73240,107,103,4,4
73241,82,85,-3,3
73242,88,100,-12,12
73243,57,57,0,0
73244,153,107,46,46
73245,131,138,-7,7
73246,111,127,-16,16
73247,136,139,-3,3
73248,58,60,-2,2
73249,85,85,0,0
73250,98,90,8,8
73251,80,77,3,3
73252,82,94,-12,12
73253,74,73,1,1
73254,135,135,0,0
73255,88,86,2,2
73256,27,51,-24,24
73257,60,75,-15,15
73258,82,79,3,3
73259,176,165,11,11
73260,163,132,31,31
73261,130,137,-7,7
73262,120,120,0,0
73263,143,123,20,20
73264,138,147,-9,9
73265,88,79,9,9
73266,125,125,0,0
73267,81,78,3,3
73268,56,52,4,4
73269,70,70,0,0
73270,59,61,-2,2
73271,117,125,-8,8
73272,35,44,-9,9
73273,115,99,16,16
73274,59,57,2,2
73275,88,72,16,16
73276,124,131,-7,7
73277,110,97,13,13
73278,118,106,12,12
73279,103,88,15,15
73280,121,118,3,3
73281,78,77,1,1
73282,69,68,1,1
73283,129,127,2,2
73284,75,73,2,2
73285,54,49,5,5
73286,185,170,15,15
73287,105,94,11,11
73288,65,67,-2,2
73289,145,127,18,18
73290,134,137,-3,3
73291,102,103,-1,1
73292,75,68,7,7
73293,106,106,0,0
73294,122,116,6,6
73295,42,66,-24,24
73296,144,153,-9,9
73297,104,98,6,6
73298,117,115,2,2
73299,69,70,-1,1
73300,63,74,-11,11
73301,184,152,32,32
73302,96,95,1,1
73303,86,79,7,7
73304,98,104,-6,6
73305,78,63,15,15
73306,91,82,9,9
73307,53,49,4,4
73308,79,76,3,3
73309,141,130,11,11
73310,82,74,8,8
73311,49,50,-1,1
73312,109,86,23,23
73313,61,60,1,1
73314,90,96,-6,6
73315,61,49,12,12
73316,94,98,-4,4
73317,134,141,-7,7
73318,65,67,-2,2
73319,136,134,2,2
73320,164,156,8,8
73321,98,102,-4,4
73322,83,83,0,0
73323,40,54,-14,14
73324,67,74,-7,7
73325,90,85,5,5
73326,62,59,3,3
73327,60,56,4,4
73328,115,110,5,5
73329,135,133,2,2
73330,75,80,-5,5
73331,35,56,-21,21
73332,94,110,-16,16
73333,113,106,7,7
73334,133,141,-8,8
73335,103,147,-44,44
73336,108,108,0,0
73337,65,71,-6,6
73338,67,63,4,4
73339,121,107,14,14
73340,89,110,-21,21
73341,69,72,-3,3
73342,128,128,0,0
73343,99,85,14,14
73344,100,108,-8,8
73345,88,70,18,18
73346,160,153,7,7
73347,94,87,7,7
73348,111,110,1,1
73349,83,71,12,12
73350,51,65,-14,14
73351,126,108,18,18
73352,150,127,23,23
73353,57,57,0,0
73354,63,64,-1,1
73355,112,108,4,4
73356,196,184,12,12
73357,71,75,-4,4
73358,152,139,13,13
73359,87,87,0,0
73360,59,49,10,10
73361,144,143,1,1
73362,122,110,12,12
73363,61,64,-3,3
73364,99,108,-9,9
73365,74,60,14,14
73366,68,60,8,8
73367,92,87,5,5
73368,147,126,21,21
73369,114,115,-1,1
73370,64,65,-1,1
73371,92,78,14,14
73372,85,73,12,12
73373,100,92,8,8
73374,142,127,15,15
73375,34,37,-3,3
73376,107,94,13,13
73377,110,99,11,11
73378,154,134,20,20
73379,69,72,-3,3
73380,91,95,-4,4
73381,124,113,11,11
73382,71,56,15,15
73383,61,55,6,6
73384,110,99,11,11
73385,86,78,8,8
73386,143,140,3,3
73387,65,64,1,1
73388,82,77,5,5
73389,90,99,-9,9
73390,156,171,-15,15
73391,177,164,13,13
73392,108,111,-3,3
73393,100,105,-5,5
73394,60,66,-6,6
73395,81,98,-17,17
73396,99,96,3,3
73397,63,88,-25,25
73398,87,101,-14,14
73399,53,51,2,2
73400,47,45,2,2
73401,65,66,-1,1
73402,79,72,7,7
73403,65,69,-4,4
73404,99,110,-11,11
73405,61,58,3,3
73406,101,122,-21,21
73407,75,70,5,5
73408,99,116,-17,17
73409,84,81,3,3
73410,130,125,5,5
73411,147,139,8,8
73412,103,109,-6,6
73413,48,49,-1,1
73414,88,84,4,4
73415,115,110,5,5
73416,81,83,-2,2
73417,69,80,-11,11
73418,144,151,-7,7
73419,103,84,19,19
73420,84,85,-1,1
73421,175,161,14,14
73422,133,113,20,20
73423,88,80,8,8
73424,112,105,7,7
73425,98,103,-5,5
73426,79,75,4,4
73427,65,65,0,0
73428,75,84,-9,9
73429,101,103,-2,2
73430,44,54,-10,10
73431,89,88,1,1
73432,107,116,-9,9
73433,85,90,-5,5
73434,42,51,-9,9
73435,86,69,17,17
73436,92,86,6,6
73437,70,61,9,9
73438,79,85,-6,6
73439,39,50,-11,11
73440,90,84,6,6
73441,126,118,8,8
73442,116,110,6,6
73443,69,79,-10,10
73444,51,58,-7,7
73445,107,94,13,13
73446,88,87,1,1
73447,104,86,18,18
73448,81,73,8,8
73449,78,65,13,13
73450,87,82,5,5
73451,63,71,-8,8
73452,92,85,7,7
73453,125,138,-13,13
73454,113,106,7,7
73455,50,53,-3,3
73456,71,69,2,2
73457,78,72,6,6
73458,65,70,-5,5
73459,145,150,-5,5
73460,64,55,9,9
73461,83,81,2,2
73462,162,138,24,24
73463,84,83,1,1
73464,149,145,4,4
73465,68,70,-2,2
73466,84,82,2,2
73467,74,67,7,7
73468,106,102,4,4
73469,87,93,-6,6
73470,102,120,-18,18
73471,142,120,22,22
73472,159,134,25,25
73473,49,47,2,2
73474,133,141,-8,8
73475,89,97,-8,8
73476,47,58,-11,11
73477,111,120,-9,9
73478,79,71,8,8
73479,108,114,-6,6
73480,58,50,8,8
73481,111,115,-4,4
73482,46,70,-24,24
73483,69,68,1,1
73484,144,147,-3,3
73485,122,123,-1,1
73486,114,117,-3,3
73487,60,59,1,1
73488,75,82,-7,7
73489,79,78,1,1
73490,97,106,-9,9
73491,177,184,-7,7
73492,111,101,10,10
73493,35,33,2,2
73494,133,125,8,8
73495,58,59,-1,1
73496,114,99,15,15
73497,80,82,-2,2
73498,133,110,23,23
73499,116,127,-11,11
73500,88,102,-14,14
73501,126,109,17,17
73502,135,116,19,19
73503,85,86,-1,1
73504,154,155,-1,1
73505,118,111,7,7
73506,92,87,5,5
73507,146,153,-7,7
73508,63,57,6,6
73509,77,100,-23,23
73510,113,102,11,11
73511,110,60,50,50
73512,63,73,-10,10
73513,78,63,15,15
73514,130,127,3,3
73515,64,50,14,14
73516,81,89,-8,8
73517,75,65,10,10
73518,41,40,1,1
73519,139,134,5,5
73520,60,62,-2,2
73521,81,83,-2,2
73522,108,97,11,11
73523,102,107,-5,5
73524,63,70,-7,7
73525,111,111,0,0
73526,42,45,-3,3
73527,93,94,-1,1
73528,106,112,-6,6
73529,92,85,7,7
73530,87,87,0,0
73531,100,107,-7,7
73532,73,75,-2,2
73533,65,66,-1,1
73534,84,101,-17,17
73535,158,150,8,8
73536,73,62,11,11
73537,116,126,-10,10
73538,79,89,-10,10
73539,114,112,2,2
73540,108,113,-5,5
73541,89,75,14,14
73542,65,83,-18,18
73543,123,131,-8,8
73544,70,70,0,0
73545,58,56,2,2
73546,61,66,-5,5
73547,118,129,-11,11
73548,91,105,-14,14
73549,82,81,1,1
73550,42,49,-7,7
73551,43,43,0,0
73552,144,109,35,35
73553,60,66,-6,6
73554,29,104,-75,75
73555,111,85,26,26
73556,69,72,-3,3
73557,192,173,19,19
73558,88,102,-14,14
73559,64,71,-7,7
73560,131,127,4,4
73561,107,119,-12,12
73562,95,100,-5,5
73563,70,69,1,1
73564,51,58,-7,7
73565,195,179,16,16
73566,77,80,-3,3
73567,117,119,-2,2
73568,87,88,-1,1
73569,46,41,5,5
73570,71,71,0,0
73571,65,56,9,9
73572,171,179,-8,8
73573,106,104,2,2
73574,82,80,2,2
73575,130,128,2,2
73576,58,66,-8,8
73577,105,110,-5,5
73578,121,130,-9,9
73579,148,157,-9,9
73580,87,83,4,4
73581,98,102,-4,4
73582,74,88,-14,14
73583,138,136,2,2
73584,95,97,-2,2
73585,104,103,1,1
73586,64,64,0,0
73587,74,73,1,1
73588,126,109,17,17
73589,93,93,0,0
73590,80,75,5,5
73591,62,67,-5,5
73592,56,55,1,1
73593,91,98,-7,7
73594,202,180,22,22
73595,97,106,-9,9
73596,109,126,-17,17
73597,62,38,24,24
73598,156,155,1,1
73599,62,56,6,6
73600,156,162,-6,6
73601,60,71,-11,11
73602,67,66,1,1
73603,109,113,-4,4
73604,129,125,4,4
73605,126,125,1,1
73606,141,131,10,10
73607,117,109,8,8
73608,167,159,8,8
73609,123,132,-9,9
73610,127,112,15,15
73611,70,66,4,4
73612,67,62,5,5
73613,93,86,7,7
73614,79,67,12,12
73615,80,77,3,3
73616,81,87,-6,6
73617,77,82,-5,5
73618,57,57,0,0
73619,125,142,-17,17
73620,137,142,-5,5
73621,98,95,3,3
73622,76,74,2,2
73623,99,86,13,13
73624,88,84,4,4
73625,71,70,1,1
73626,85,89,-4,4
73627,93,115,-22,22
73628,112,106,6,6
73629,63,68,-5,5
73630,79,91,-12,12
73631,90,92,-2,2
73632,71,65,6,6
73633,67,78,-11,11
73634,147,102,45,45
73635,57,76,-19,19
73636,61,60,1,1
73637,100,86,14,14
73638,79,84,-5,5
73639,136,98,38,38
73640,88,83,5,5
73641,67,63,4,4
73642,173,135,38,38
73643,111,101,10,10
73644,96,72,24,24
73645,91,80,11,11
73646,90,82,8,8
73647,93,79,14,14
73648,99,95,4,4
73649,57,68,-11,11
73650,71,66,5,5
73651,165,149,16,16
73652,91,106,-15,15
73653,59,49,10,10
73654,103,105,-2,2
73655,72,66,6,6
73656,95,94,1,1
73657,86,78,8,8
73658,142,111,31,31
73659,92,92,0,0
73660,86,93,-7,7
73661,143,137,6,6
73662,37,47,-10,10
73663,66,76,-10,10
73664,121,103,18,18
73665,89,110,-21,21
73666,54,72,-18,18
73667,64,62,2,2
73668,48,44,4,4
73669,33,37,-4,4
73670,154,159,-5,5
73671,55,56,-1,1
73672,85,81,4,4
73673,68,70,-2,2
73674,88,98,-10,10
73675,61,75,-14,14
73676,123,117,6,6
73677,98,99,-1,1
73678,161,153,8,8
73679,53,56,-3,3
73680,68,74,-6,6
73681,131,112,19,19
73682,100,92,8,8
73683,64,61,3,3
73684,109,112,-3,3
73685,87,81,6,6
73686,78,76,2,2
73687,56,58,-2,2
73688,96,85,11,11
73689,104,97,7,7
73690,94,105,-11,11
73691,66,75,-9,9
73692,106,94,12,12
73693,132,148,-16,16
73694,142,116,26,26
73695,112,114,-2,2
73696,104,81,23,23
73697,129,121,8,8
73698,107,103,4,4
73699,137,148,-11,11
73700,81,86,-5,5
73701,57,64,-7,7
73702,126,125,1,1
73703,57,66,-9,9
73704,141,134,7,7
73705,94,82,12,12
73706,56,62,-6,6
73707,100,87,13,13
73708,65,60,5,5
73709,153,150,3,3
73710,106,107,-1,1
73711,65,70,-5,5
73712,89,89,0,0
73713,69,53,16,16
73714,172,163,9,9
73715,74,77,-3,3
73716,55,63,-8,8
73717,95,88,7,7
73718,80,94,-14,14
73719,72,76,-4,4
73720,69,65,4,4
73721,77,89,-12,12
73722,136,126,10,10
73723,60,51,9,9
73724,106,98,8,8
73725,98,87,11,11
73726,113,126,-13,13
73727,66,74,-8,8
73728,117,105,12,12
73729,75,72,3,3
73730,123,120,3,3
73731,54,52,2,2
73732,157,166,-9,9
73733,100,99,1,1
73734,74,72,2,2
73735,61,62,-1,1
73736,72,73,-1,1
73737,81,82,-1,1
73738,138,135,3,3
73739,137,134,3,3
73740,163,149,14,14
73741,65,93,-28,28
73742,130,129,1,1
73743,68,81,-13,13
73744,97,87,10,10
73745,167,152,15,15
73746,93,80,13,13
73747,63,66,-3,3
73748,91,84,7,7
73749,174,151,23,23
73750,138,124,14,14
73751,75,76,-1,1
73752,129,130,-1,1
73753,116,101,15,15
73754,47,53,-6,6
73755,116,103,13,13
73756,103,109,-6,6
73757,112,108,4,4
73758,133,128,5,5
73759,55,75,-20,20
73760,75,78,-3,3
73761,53,54,-1,1
73762,88,101,-13,13
73763,132,126,6,6
73764,35,50,-15,15
73765,45,57,-12,12
73766,67,66,1,1
73767,124,116,8,8
73768,148,154,-6,6
73769,138,138,0,0
73770,98,93,5,5
73771,81,70,11,11
73772,54,56,-2,2
73773,35,28,7,7
73774,69,63,6,6
73775,66,68,-2,2
73776,116,115,1,1
73777,86,76,10,10
73778,95,97,-2,2
73779,95,103,-8,8
73780,61,64,-3,3
73781,79,75,4,4
73782,74,94,-20,20
73783,117,126,-9,9
73784,63,58,5,5
73785,138,99,39,39
73786,125,134,-9,9
73787,95,94,1,1
73788,66,70,-4,4
73789,53,56,-3,3
73790,83,71,12,12
73791,60,73,-13,13
73792,52,50,2,2
73793,55,51,4,4
73794,100,107,-7,7
73795,91,106,-15,15
73796,87,68,19,19
73797,63,55,8,8
73798,122,93,29,29
73799,75,66,9,9
73800,57,67,-10,10
73801,55,59,-4,4
73802,110,95,15,15
73803,88,92,-4,4
73804,155,160,-5,5
73805,96,103,-7,7
73806,81,84,-3,3
73807,102,86,16,16
73808,141,127,14,14
73809,105,103,2,2
73810,68,61,7,7
73811,80,73,7,7
73812,94,106,-12,12
73813,60,65,-5,5
73814,107,95,12,12
73815,112,105,7,7
73816,92,92,0,0
73817,86,71,15,15
73818,131,118,13,13
73819,62,66,-4,4
73820,146,149,-3,3
73821,67,78,-11,11
73822,77,78,-1,1
73823,101,95,6,6
73824,80,66,14,14
73825,97,77,20,20
73826,140,137,3,3
73827,128,134,-6,6
73828,108,110,-2,2
73829,91,94,-3,3
73830,91,94,-3,3
73831,87,79,8,8
73832,151,127,24,24
73833,91,96,-5,5
73834,161,145,16,16
73835,60,70,-10,10
73836,135,127,8,8
73837,73,88,-15,15
73838,88,93,-5,5
73839,71,70,1,1
73840,80,82,-2,2
73841,50,69,-19,19
73842,106,114,-8,8
73843,66,70,-4,4
73844,90,101,-11,11
73845,122,136,-14,14
73846,99,89,10,10
73847,73,70,3,3
73848,60,72,-12,12
73849,63,88,-25,25
73850,105,116,-11,11
73851,34,40,-6,6
73852,74,81,-7,7
73853,122,112,10,10
73854,123,119,4,4
73855,66,59,7,7
73856,122,106,16,16
73857,114,103,11,11
73858,165,163,2,2
73859,139,150,-11,11
73860,58,54,4,4
73861,70,70,0,0
73862,71,62,9,9
73863,158,181,-23,23
73864,66,72,-6,6
73865,166,126,40,40
73866,129,137,-8,8
73867,91,90,1,1
73868,109,128,-19,19
73869,118,146,-28,28
73870,90,84,6,6
73871,125,113,12,12
73872,94,86,8,8
73873,107,76,31,31
73874,144,119,25,25
73875,83,72,11,11
73876,71,67,4,4
73877,93,100,-7,7
73878,103,100,3,3
73879,78,81,-3,3
73880,33,67,-34,34
73881,44,72,-28,28
73882,129,116,13,13
73883,210,191,19,19
73884,98,97,1,1
73885,60,72,-12,12
73886,110,95,15,15
73887,56,68,-12,12
73888,149,154,-5,5
73889,86,85,1,1
73890,101,107,-6,6
73891,80,66,14,14
73892,96,96,0,0
73893,66,65,1,1
73894,73,71,2,2
73895,87,67,20,20
73896,73,64,9,9
73897,96,88,8,8
73898,36,43,-7,7
73899,171,228,-57,57
73900,125,124,1,1
73901,82,80,2,2
73902,79,71,8,8
73903,148,142,6,6
73904,137,122,15,15
73905,82,85,-3,3
73906,72,90,-18,18
73907,57,63,-6,6
73908,162,145,17,17
73909,148,124,24,24
73910,82,79,3,3
73911,76,91,-15,15
73912,72,63,9,9
73913,42,39,3,3
73914,102,110,-8,8
73915,61,65,-4,4
73916,107,107,0,0
73917,72,65,7,7
73918,117,118,-1,1
73919,70,70,0,0
73920,60,63,-3,3
73921,110,91,19,19
73922,94,94,0,0
73923,121,137,-16,16
73924,102,102,0,0
73925,61,58,3,3
73926,69,69,0,0
73927,51,64,-13,13
73928,113,119,-6,6
73929,148,163,-15,15
73930,129,114,15,15
73931,60,49,11,11
73932,82,97,-15,15
73933,149,143,6,6
73934,64,57,7,7
73935,95,92,3,3
73936,105,94,11,11
73937,129,129,0,0
73938,140,138,2,2
73939,143,150,-7,7
73940,67,66,1,1
73941,81,72,9,9
73942,131,115,16,16
73943,61,55,6,6
73944,95,89,6,6
73945,121,129,-8,8
73946,96,89,7,7
73947,159,130,29,29
73948,51,50,1,1
73949,72,73,-1,1
73950,83,82,1,1
73951,114,112,2,2
73952,90,98,-8,8
73953,72,68,4,4
73954,88,84,4,4
73955,149,134,15,15
73956,69,67,2,2
73957,67,67,0,0
73958,65,71,-6,6
73959,119,127,-8,8
73960,146,145,1,1
73961,75,84,-9,9
73962,175,163,12,12
73963,109,115,-6,6
73964,80,75,5,5
73965,99,92,7,7
73966,137,148,-11,11
73967,77,104,-27,27
73968,44,65,-21,21
73969,96,99,-3,3
73970,55,51,4,4
73971,113,90,23,23
73972,108,99,9,9
73973,55,53,2,2
73974,138,113,25,25
73975,74,66,8,8
73976,69,72,-3,3
73977,131,127,4,4
73978,129,154,-25,25
73979,103,102,1,1
73980,50,51,-1,1
73981,90,89,1,1
73982,42,48,-6,6
73983,140,153,-13,13
73984,76,86,-10,10
73985,113,114,-1,1
73986,43,47,-4,4
73987,73,84,-11,11
73988,116,110,6,6
73989,112,122,-10,10
73990,126,122,4,4
73991,98,101,-3,3
73992,83,116,-33,33
73993,51,48,3,3
73994,73,92,-19,19
73995,220,183,37,37
73996,72,75,-3,3
73997,63,59,4,4
73998,107,115,-8,8
73999,90,81,9,9
74000,50,56,-6,6
74001,100,96,4,4
74002,126,107,19,19
74003,73,74,-1,1
74004,88,95,-7,7
74005,65,77,-12,12
74006,73,75,-2,2
74007,83,79,4,4
74008,118,121,-3,3
74009,77,71,6,6
74010,175,169,6,6
74011,101,87,14,14
74012,72,69,3,3
74013,84,90,-6,6
74014,320,433,-113,113
74015,86,103,-17,17
74016,48,64,-16,16
74017,82,79,3,3
74018,111,99,12,12
74019,83,86,-3,3
74020,105,112,-7,7
74021,87,97,-10,10
74022,92,87,5,5
74023,106,96,10,10
74024,179,168,11,11
74025,123,121,2,2
74026,68,68,0,0
74027,52,69,-17,17
74028,155,133,22,22
74029,97,107,-10,10
74030,78,85,-7,7
74031,52,54,-2,2
74032,62,71,-9,9
74033,92,87,5,5
74034,113,102,11,11
74035,141,129,12,12
74036,66,61,5,5
74037,97,85,12,12
74038,80,99,-19,19
74039,71,91,-20,20
74040,117,115,2,2
74041,202,178,24,24
74042,89,90,-1,1
74043,65,68,-3,3
74044,83,78,5,5
74045,151,135,16,16
74046,68,58,10,10
74047,84,80,4,4
74048,114,118,-4,4
74049,67,62,5,5
74050,48,43,5,5
74051,108,114,-6,6
74052,159,112,47,47
74053,84,80,4,4
74054,153,142,11,11
74055,52,67,-15,15
74056,159,154,5,5
74057,118,116,2,2
74058,83,91,-8,8
74059,50,52,-2,2
74060,125,132,-7,7
74061,41,84,-43,43
74062,62,66,-4,4
74063,85,74,11,11
74064,133,133,0,0
74065,129,133,-4,4
74066,97,99,-2,2
74067,102,107,-5,5
74068,23,61,-38,38
74069,74,80,-6,6
74070,41,46,-5,5
74071,108,118,-10,10
74072,104,100,4,4
74073,108,92,16,16
74074,97,88,9,9
74075,74,70,4,4
74076,94,84,10,10
74077,78,78,0,0
74078,117,125,-8,8
74079,119,130,-11,11
74080,60,51,9,9
74081,86,82,4,4
74082,84,87,-3,3
74083,72,77,-5,5
74084,93,98,-5,5
74085,72,76,-4,4
74086,156,106,50,50
74087,73,80,-7,7
74088,108,113,-5,5
74089,126,139,-13,13
74090,93,87,6,6
74091,79,62,17,17
74092,181,168,13,13
74093,83,73,10,10
74094,119,102,17,17
74095,71,67,4,4
74096,77,107,-30,30
74097,104,123,-19,19
74098,72,76,-4,4
74099,68,65,3,3
74100,98,91,7,7
74101,57,76,-19,19
74102,80,97,-17,17
74103,73,64,9,9
74104,191,159,32,32
74105,100,96,4,4
74106,132,121,11,11
74107,40,38,2,2
74108,54,45,9,9
74109,154,162,-8,8
74110,139,141,-2,2
74111,107,102,5,5
74112,128,129,-1,1
74113,133,138,-5,5
74114,83,67,16,16
74115,63,76,-13,13
74116,81,77,4,4
74117,163,141,22,22
74118,109,112,-3,3
74119,63,61,2,2
74120,90,85,5,5
74121,81,97,-16,16
74122,66,64,2,2
74123,120,138,-18,18
74124,89,76,13,13
74125,67,75,-8,8
74126,85,111,-26,26
74127,78,76,2,2
74128,75,75,0,0
74129,198,180,18,18
74130,92,92,0,0
74131,118,104,14,14
74132,57,61,-4,4
74133,155,151,4,4
74134,86,78,8,8
74135,67,62,5,5
74136,178,155,23,23
74137,68,68,0,0
74138,85,87,-2,2
74139,79,88,-9,9
74140,93,89,4,4
74141,50,57,-7,7
74142,58,57,1,1
74143,104,114,-10,10
74144,100,96,4,4
74145,201,188,13,13
74146,105,116,-11,11
74147,105,111,-6,6
74148,90,88,2,2
74149,68,83,-15,15
74150,74,78,-4,4
74151,60,56,4,4
74152,59,61,-2,2
74153,97,97,0,0
74154,87,78,9,9
74155,55,62,-7,7
74156,111,115,-4,4
74157,119,104,15,15
74158,115,115,0,0
74159,59,53,6,6
74160,61,56,5,5
74161,30,99,-69,69
74162,96,88,8,8
74163,131,105,26,26
74164,183,156,27,27
74165,161,169,-8,8
74166,146,141,5,5
74167,200,184,16,16
74168,100,105,-5,5
74169,114,109,5,5
74170,108,98,10,10
74171,73,73,0,0
74172,75,73,2,2
74173,72,67,5,5
74174,143,150,-7,7
74175,101,91,10,10
74176,66,70,-4,4
74177,164,152,12,12
74178,85,78,7,7
74179,88,86,2,2
74180,98,107,-9,9
74181,54,96,-42,42
74182,95,101,-6,6
74183,64,72,-8,8
74184,144,143,1,1
74185,105,112,-7,7
74186,102,115,-13,13
74187,114,99,15,15
74188,54,58,-4,4
74189,112,104,8,8
74190,181,152,29,29
74191,110,109,1,1
74192,75,67,8,8
74193,51,61,-10,10
74194,98,94,4,4
74195,85,84,1,1
74196,54,65,-11,11
74197,57,56,1,1
74198,77,82,-5,5
74199,66,72,-6,6
74200,84,82,2,2
74201,102,99,3,3
74202,124,136,-12,12
74203,129,131,-2,2
74204,195,172,23,23
74205,111,104,7,7
74206,109,117,-8,8
74207,68,58,10,10
74208,57,65,-8,8
74209,76,91,-15,15
74210,99,91,8,8
74211,78,84,-6,6
74212,124,128,-4,4
74213,83,79,4,4
74214,82,74,8,8
74215,73,63,10,10
74216,66,67,-1,1
74217,102,109,-7,7
74218,107,118,-11,11
74219,101,96,5,5
74220,119,133,-14,14
74221,120,133,-13,13
74222,69,69,0,0
74223,80,104,-24,24
74224,113,115,-2,2
74225,63,75,-12,12
74226,94,86,8,8
74227,146,145,1,1
74228,109,108,1,1
74229,117,107,10,10
74230,66,71,-5,5
74231,151,127,24,24
74232,60,57,3,3
74233,146,166,-20,20
74234,135,134,1,1
74235,90,78,12,12
74236,48,43,5,5
74237,71,55,16,16
74238,155,159,-4,4
74239,86,73,13,13
74240,111,132,-21,21
74241,96,85,11,11
74242,137,152,-15,15
74243,81,83,-2,2
74244,60,65,-5,5
74245,83,89,-6,6
74246,106,102,4,4
74247,67,70,-3,3
74248,52,54,-2,2
74249,104,104,0,0
74250,73,80,-7,7
74251,87,150,-63,63
74252,148,150,-2,2
74253,77,78,-1,1
74254,92,96,-4,4
74255,201,195,6,6
74256,50,60,-10,10
74257,149,138,11,11
74258,150,118,32,32
74259,89,103,-14,14
74260,131,129,2,2
74261,73,66,7,7
74262,83,99,-16,16
74263,155,160,-5,5
74264,80,51,29,29
74265,128,132,-4,4
74266,59,67,-8,8
74267,85,84,1,1
74268,87,102,-15,15
74269,85,82,3,3
74270,72,69,3,3
74271,72,77,-5,5
74272,56,53,3,3
74273,127,117,10,10
74274,73,70,3,3
74275,94,74,20,20
74276,72,58,14,14
74277,48,41,7,7
74278,130,116,14,14
74279,103,86,17,17
74280,96,77,19,19
74281,140,137,3,3
74282,63,67,-4,4
74283,61,62,-1,1
74284,78,72,6,6
74285,75,69,6,6
74286,81,79,2,2
74287,79,84,-5,5
74288,94,99,-5,5
74289,117,107,10,10
74290,59,49,10,10
74291,84,76,8,8
74292,149,147,2,2
74293,109,107,2,2
74294,46,59,-13,13
74295,131,141,-10,10
74296,118,108,10,10
74297,83,106,-23,23
74298,68,84,-16,16
74299,70,80,-10,10
74300,49,59,-10,10
74301,73,61,12,12
74302,132,147,-15,15
74303,93,88,5,5
74304,159,174,-15,15
74305,107,113,-6,6
74306,185,164,21,21
74307,143,136,7,7
74308,60,66,-6,6
74309,78,66,12,12
74310,106,119,-13,13
74311,98,88,10,10
74312,101,85,16,16
74313,39,55,-16,16
74314,104,106,-2,2
74315,51,55,-4,4
74316,88,85,3,3
74317,83,82,1,1
74318,116,135,-19,19
74319,59,61,-2,2
74320,88,84,4,4
74321,206,175,31,31
74322,147,137,10,10
74323,40,49,-9,9
74324,45,47,-2,2
74325,89,96,-7,7
74326,146,133,13,13
74327,76,76,0,0
74328,92,77,15,15
74329,35,52,-17,17
74330,77,90,-13,13
74331,104,115,-11,11
74332,97,97,0,0
74333,135,128,7,7
74334,63,48,15,15
74335,54,51,3,3
74336,117,124,-7,7
74337,79,65,14,14
74338,64,70,-6,6
74339,63,66,-3,3
74340,63,61,2,2
74341,80,76,4,4
74342,136,139,-3,3
74343,106,92,14,14
74344,76,71,5,5
74345,80,78,2,2
74346,126,114,12,12
74347,96,98,-2,2
74348,56,50,6,6
74349,124,121,3,3
74350,137,144,-7,7
74351,63,72,-9,9
74352,59,66,-7,7
74353,102,90,12,12
74354,41,50,-9,9
74355,84,93,-9,9
74356,99,111,-12,12
74357,108,120,-12,12
74358,125,132,-7,7
74359,115,109,6,6
74360,84,77,7,7
74361,100,112,-12,12
74362,128,129,-1,1
74363,60,65,-5,5
74364,77,69,8,8
74365,63,56,7,7
74366,90,100,-10,10
74367,64,82,-18,18
74368,61,64,-3,3
74369,99,113,-14,14
74370,97,101,-4,4
74371,65,59,6,6
74372,99,103,-4,4
74373,181,160,21,21
74374,83,85,-2,2
74375,102,102,0,0
74376,136,150,-14,14
74377,56,52,4,4
74378,132,129,3,3
74379,76,72,4,4
74380,101,89,12,12
74381,110,99,11,11
74382,51,51,0,0
74383,60,66,-6,6
74384,127,137,-10,10
74385,81,121,-40,40
74386,59,59,0,0
74387,82,87,-5,5
74388,103,96,7,7
74389,99,96,3,3
74390,50,49,1,1
74391,85,98,-13,13
74392,67,62,5,5
74393,125,113,12,12
74394,93,83,10,10
74395,116,103,13,13
74396,68,82,-14,14
74397,77,77,0,0
74398,95,96,-1,1
74399,59,66,-7,7
74400,111,98,13,13
74401,79,90,-11,11
74402,84,75,9,9
74403,89,93,-4,4
74404,164,160,4,4
74405,72,67,5,5
74406,78,73,5,5
74407,149,149,0,0
74408,95,72,23,23
74409,85,84,1,1
74410,96,99,-3,3
74411,72,67,5,5
74412,112,101,11,11
74413,77,66,11,11
74414,40,42,-2,2
74415,110,107,3,3
74416,59,69,-10,10
74417,107,108,-1,1
74418,66,67,-1,1
74419,87,71,16,16
74420,72,73,-1,1
74421,85,91,-6,6
74422,49,48,1,1
74423,72,73,-1,1
74424,156,188,-32,32
74425,75,67,8,8
74426,83,106,-23,23
74427,107,106,1,1
74428,97,91,6,6
74429,108,100,8,8
74430,89,83,6,6
74431,103,115,-12,12
74432,133,122,11,11
74433,56,60,-4,4
74434,77,76,1,1
74435,88,99,-11,11
74436,106,125,-19,19
74437,134,138,-4,4
74438,81,76,5,5
74439,126,125,1,1
74440,69,70,-1,1
74441,120,160,-40,40
74442,121,81,40,40
74443,62,67,-5,5
74444,85,77,8,8
74445,93,90,3,3
74446,111,108,3,3
74447,99,117,-18,18
74448,50,63,-13,13
74449,98,103,-5,5
74450,83,117,-34,34
74451,94,106,-12,12
74452,144,138,6,6
74453,49,42,7,7
74454,46,42,4,4
74455,87,91,-4,4
74456,80,84,-4,4
74457,150,122,28,28
74458,67,78,-11,11
74459,39,41,-2,2
74460,82,87,-5,5
74461,76,75,1,1
74462,56,58,-2,2
74463,33,45,-12,12
74464,95,93,2,2
74465,67,55,12,12
74466,87,93,-6,6
74467,101,96,5,5
74468,62,70,-8,8
74469,62,91,-29,29
74470,93,84,9,9
74471,71,57,14,14
74472,79,76,3,3
74473,86,77,9,9
74474,70,84,-14,14
74475,117,120,-3,3
74476,51,57,-6,6
74477,168,153,15,15
74478,120,102,18,18
74479,99,87,12,12
74480,73,71,2,2
74481,120,121,-1,1
74482,136,137,-1,1
74483,57,96,-39,39
74484,89,80,9,9
74485,89,103,-14,14
74486,81,83,-2,2
74487,72,57,15,15
74488,104,94,10,10
74489,141,142,-1,1
74490,79,77,2,2
74491,167,163,4,4
74492,86,82,4,4
74493,138,123,15,15
74494,66,62,4,4
74495,59,49,10,10
74496,110,121,-11,11
74497,82,71,11,11
74498,92,90,2,2
74499,62,59,3,3
74500,82,70,12,12
74501,62,58,4,4
74502,94,84,10,10
74503,135,159,-24,24
74504,227,217,10,10
74505,85,72,13,13
74506,74,82,-8,8
74507,106,144,-38,38
74508,52,52,0,0
74509,96,76,20,20
74510,97,92,5,5
74511,143,142,1,1
74512,84,68,16,16
74513,77,73,4,4
74514,49,70,-21,21
74515,116,126,-10,10
74516,67,92,-25,25
74517,74,75,-1,1
74518,83,77,6,6
74519,77,63,14,14
74520,113,107,6,6
74521,125,125,0,0
74522,59,63,-4,4
74523,62,69,-7,7
74524,148,123,25,25
74525,56,67,-11,11
74526,85,94,-9,9
74527,158,143,15,15
74528,79,83,-4,4
74529,87,83,4,4
74530,115,133,-18,18
74531,62,62,0,0
74532,78,76,2,2
74533,107,92,15,15
74534,129,132,-3,3
74535,109,97,12,12
74536,46,52,-6,6
74537,73,72,1,1
74538,47,42,5,5
74539,57,52,5,5
74540,136,136,0,0
74541,74,68,6,6
74542,73,68,5,5
74543,117,109,8,8
74544,64,126,-62,62
74545,65,76,-11,11
74546,61,74,-13,13
74547,40,52,-12,12
74548,84,82,2,2
74549,96,94,2,2
74550,108,98,10,10
74551,148,149,-1,1
74552,111,103,8,8
74553,131,125,6,6
74554,55,52,3,3
74555,132,125,7,7
74556,156,143,13,13
74557,68,73,-5,5
74558,109,140,-31,31
74559,65,72,-7,7
74560,78,74,4,4
74561,136,124,12,12
74562,190,188,2,2
74563,157,156,1,1
74564,110,112,-2,2
74565,50,56,-6,6
74566,123,132,-9,9
74567,127,129,-2,2
74568,88,88,0,0
74569,116,122,-6,6
74570,85,89,-4,4
74571,116,117,-1,1
74572,181,164,17,17
74573,87,106,-19,19
74574,135,137,-2,2
74575,64,77,-13,13
74576,92,88,4,4
74577,59,53,6,6
74578,81,67,14,14
74579,71,59,12,12
74580,130,135,-5,5
74581,96,85,11,11
74582,86,81,5,5
74583,107,124,-17,17
74584,118,122,-4,4
74585,93,88,5,5
74586,88,100,-12,12
74587,54,54,0,0
74588,101,99,2,2
74589,58,57,1,1
74590,109,99,10,10
74591,106,108,-2,2
74592,139,135,4,4
74593,50,52,-2,2
74594,168,166,2,2
74595,115,122,-7,7
74596,70,78,-8,8
74597,92,81,11,11
74598,133,128,5,5
74599,74,65,9,9
74600,159,157,2,2
74601,120,100,20,20
74602,84,97,-13,13
74603,103,106,-3,3
74604,183,158,25,25
74605,139,128,11,11
74606,86,92,-6,6
74607,82,86,-4,4
74608,61,73,-12,12
74609,123,92,31,31
74610,87,83,4,4
74611,135,138,-3,3
74612,99,88,11,11
74613,74,71,3,3
74614,74,79,-5,5
74615,139,150,-11,11
74616,85,79,6,6
74617,70,66,4,4
74618,106,100,6,6
74619,123,141,-18,18
74620,100,103,-3,3
74621,61,62,-1,1
74622,92,92,0,0
74623,132,136,-4,4
74624,59,55,4,4
74625,226,177,49,49
74626,84,70,14,14
74627,165,151,14,14
74628,83,87,-4,4
74629,115,106,9,9
74630,159,154,5,5
74631,93,81,12,12
74632,126,133,-7,7
74633,51,47,4,4
74634,118,109,9,9
74635,80,65,15,15
74636,161,153,8,8
74637,91,95,-4,4
74638,83,83,0,0
74639,91,78,13,13
74640,234,206,28,28
74641,78,69,9,9
74642,101,97,4,4
74643,72,72,0,0
74644,92,62,30,30
74645,44,59,-15,15
74646,76,71,5,5
74647,106,99,7,7
74648,119,101,18,18
74649,111,92,19,19
74650,111,118,-7,7
74651,105,94,11,11
74652,62,62,0,0
74653,113,119,-6,6
74654,94,98,-4,4
74655,155,148,7,7
74656,59,55,4,4
74657,86,91,-5,5
74658,61,62,-1,1
74659,198,178,20,20
74660,83,85,-2,2
74661,50,56,-6,6
74662,126,122,4,4
74663,95,82,13,13
74664,95,86,9,9
74665,24,37,-13,13
74666,90,98,-8,8
74667,47,48,-1,1
74668,64,76,-12,12
74669,107,102,5,5
74670,94,76,18,18
74671,77,81,-4,4
74672,111,127,-16,16
74673,107,107,0,0
74674,33,35,-2,2
74675,73,74,-1,1
74676,63,60,3,3
74677,90,96,-6,6
74678,89,142,-53,53
74679,79,72,7,7
74680,128,133,-5,5
74681,91,91,0,0
74682,114,94,20,20
74683,103,99,4,4
74684,61,47,14,14
74685,122,131,-9,9
74686,114,107,7,7
74687,143,139,4,4
74688,75,78,-3,3
74689,66,61,5,5
74690,90,91,-1,1
74691,108,76,32,32
74692,74,79,-5,5
74693,137,151,-14,14
74694,121,109,12,12
74695,85,99,-14,14
74696,47,49,-2,2
74697,51,55,-4,4
74698,79,61,18,18
74699,80,65,15,15
74700,111,105,6,6
74701,126,133,-7,7
74702,37,45,-8,8
74703,87,84,3,3
74704,102,103,-1,1
74705,73,76,-3,3
74706,81,87,-6,6
74707,85,71,14,14
74708,127,120,7,7
74709,127,106,21,21
74710,93,108,-15,15
74711,122,127,-5,5
74712,175,157,18,18
74713,96,89,7,7
74714,88,87,1,1
74715,162,128,34,34
74716,124,132,-8,8
74717,42,39,3,3
74718,90,83,7,7
74719,91,87,4,4
74720,129,130,-1,1
74721,53,48,5,5
74722,75,84,-9,9
74723,88,96,-8,8
74724,70,63,7,7
74725,185,171,14,14
74726,105,94,11,11
74727,128,120,8,8
74728,103,112,-9,9
74729,100,109,-9,9
74730,71,76,-5,5
74731,157,128,29,29
74732,103,114,-11,11
74733,118,116,2,2
74734,140,139,1,1
74735,102,110,-8,8
74736,71,60,11,11
74737,143,135,8,8
74738,58,56,2,2
74739,96,96,0,0
74740,112,123,-11,11
74741,85,79,6,6
74742,92,101,-9,9
74743,81,86,-5,5
74744,102,102,0,0
74745,43,103,-60,60
74746,87,76,11,11
74747,118,110,8,8
74748,85,73,12,12
74749,100,105,-5,5
74750,83,95,-12,12
74751,83,69,14,14
74752,89,86,3,3
74753,50,59,-9,9
74754,134,117,17,17
74755,65,50,15,15
74756,72,68,4,4
74757,75,60,15,15
74758,78,73,5,5
74759,81,89,-8,8
74760,105,116,-11,11
74761,67,69,-2,2
74762,136,74,62,62
74763,86,113,-27,27
74764,139,130,9,9
74765,78,72,6,6
74766,38,91,-53,53
74767,78,73,5,5
74768,59,57,2,2
74769,91,87,4,4
74770,152,145,7,7
74771,148,148,0,0
74772,108,107,1,1
74773,77,69,8,8
74774,83,70,13,13
74775,89,78,11,11
74776,104,94,10,10
74777,117,123,-6,6
74778,151,146,5,5
74779,45,59,-14,14
74780,60,53,7,7
74781,125,128,-3,3
74782,41,45,-4,4
74783,49,52,-3,3
74784,140,131,9,9
74785,90,93,-3,3
74786,93,96,-3,3
74787,100,83,17,17
74788,125,129,-4,4
74789,114,119,-5,5
74790,128,128,0,0
74791,60,59,1,1
74792,191,195,-4,4
74793,140,128,12,12
74794,82,53,29,29
74795,76,65,11,11
74796,117,122,-5,5
74797,83,82,1,1
74798,82,68,14,14
74799,122,136,-14,14
74800,60,73,-13,13
74801,117,115,2,2
74802,96,109,-13,13
74803,115,116,-1,1
74804,134,130,4,4
74805,109,102,7,7
74806,91,88,3,3
74807,72,69,3,3
74808,96,73,23,23
74809,80,79,1,1
74810,71,73,-2,2
74811,95,85,10,10
74812,101,102,-1,1
74813,67,64,3,3
74814,87,88,-1,1
74815,89,96,-7,7
74816,62,73,-11,11
74817,126,156,-30,30
74818,78,87,-9,9
74819,100,109,-9,9
74820,96,94,2,2
74821,100,98,2,2
74822,59,52,7,7
74823,93,90,3,3
74824,120,113,7,7
74825,70,73,-3,3
74826,46,43,3,3
74827,153,152,1,1
74828,91,80,11,11
74829,94,101,-7,7
74830,74,72,2,2
74831,87,84,3,3
74832,76,77,-1,1
74833,56,59,-3,3
74834,104,124,-20,20
74835,126,123,3,3
74836,115,114,1,1
74837,107,111,-4,4
74838,41,56,-15,15
74839,75,65,10,10
74840,76,79,-3,3
74841,75,82,-7,7
74842,50,52,-2,2
74843,118,123,-5,5
74844,131,134,-3,3
74845,92,136,-44,44
74846,113,111,2,2
74847,126,113,13,13
74848,65,73,-8,8
74849,128,125,3,3
74850,89,97,-8,8
74851,100,89,11,11
74852,85,77,8,8
74853,166,152,14,14
74854,100,118,-18,18
74855,119,118,1,1
74856,72,52,20,20
74857,78,69,9,9
74858,70,61,9,9
74859,84,82,2,2
74860,56,46,10,10
74861,18,21,-3,3
74862,75,80,-5,5
74863,107,122,-15,15
74864,86,84,2,2
74865,128,130,-2,2
74866,99,100,-1,1
74867,69,65,4,4
74868,130,115,15,15
74869,127,124,3,3
74870,188,167,21,21
74871,99,100,-1,1
74872,83,87,-4,4
74873,105,113,-8,8
74874,56,49,7,7
74875,84,73,11,11
74876,43,50,-7,7
74877,104,120,-16,16
74878,93,93,0,0
74879,111,116,-5,5
74880,106,122,-16,16
74881,77,77,0,0
74882,74,64,10,10
74883,138,134,4,4
74884,47,67,-20,20
74885,158,148,10,10
74886,111,113,-2,2
74887,84,80,4,4
74888,129,129,0,0
74889,76,73,3,3
74890,84,75,9,9
74891,67,68,-1,1
74892,61,52,9,9
74893,107,98,9,9
74894,79,72,7,7
74895,112,122,-10,10
74896,53,55,-2,2
74897,84,74,10,10
74898,46,48,-2,2
74899,115,105,10,10
74900,48,48,0,0
74901,51,53,-2,2
74902,73,93,-20,20
74903,81,105,-24,24
74904,53,57,-4,4
74905,144,133,11,11
74906,93,86,7,7
74907,63,70,-7,7
74908,47,56,-9,9
74909,117,95,22,22
74910,172,91,81,81
74911,57,65,-8,8
74912,143,139,4,4
74913,108,106,2,2
74914,140,126,14,14
74915,70,69,1,1
74916,96,93,3,3
74917,107,100,7,7
74918,116,115,1,1
74919,120,125,-5,5
74920,60,43,17,17
74921,77,83,-6,6
74922,112,123,-11,11
74923,97,115,-18,18
74924,183,189,-6,6
74925,95,110,-15,15
74926,92,89,3,3
74927,76,99,-23,23
74928,99,97,2,2
74929,85,82,3,3
74930,76,71,5,5
74931,93,90,3,3
74932,50,44,6,6
74933,55,63,-8,8
74934,88,97,-9,9
74935,97,116,-19,19
74936,83,90,-7,7
74937,54,44,10,10
74938,86,73,13,13
74939,77,89,-12,12
74940,282,346,-64,64
74941,136,122,14,14
74942,91,79,12,12
74943,150,153,-3,3
74944,66,62,4,4
74945,71,71,0,0
74946,87,85,2,2
74947,87,92,-5,5
74948,119,113,6,6
74949,148,136,12,12
74950,117,119,-2,2
74951,85,90,-5,5
74952,97,94,3,3
74953,49,56,-7,7
74954,103,108,-5,5
74955,38,51,-13,13
74956,86,100,-14,14
74957,49,55,-6,6
74958,103,90,13,13
74959,103,109,-6,6
74960,45,46,-1,1
74961,103,102,1,1
74962,83,72,11,11
74963,95,86,9,9
74964,60,74,-14,14
74965,102,108,-6,6
74966,138,148,-10,10
74967,83,90,-7,7
74968,95,98,-3,3
74969,96,93,3,3
74970,150,140,10,10
74971,53,49,4,4
74972,133,125,8,8
74973,45,44,1,1
74974,50,51,-1,1
74975,35,82,-47,47
74976,103,95,8,8
74977,58,60,-2,2
74978,72,67,5,5
74979,100,116,-16,16
74980,95,88,7,7
74981,109,98,11,11
74982,57,62,-5,5
74983,68,82,-14,14
74984,89,90,-1,1
74985,129,127,2,2
74986,118,103,15,15
74987,114,124,-10,10
74988,112,110,2,2
74989,103,97,6,6
74990,95,87,8,8
74991,130,141,-11,11
74992,95,94,1,1
74993,129,126,3,3
74994,84,82,2,2
74995,103,107,-4,4
74996,146,144,2,2
74997,84,96,-12,12
74998,143,141,2,2
74999,84,84,0,0
75000,69,88,-19,19
75001,94,101,-7,7
75002,56,70,-14,14
75003,133,136,-3,3
75004,49,64,-15,15
75005,58,53,5,5
75006,122,113,9,9
75007,117,118,-1,1
75008,87,73,14,14
75009,113,110,3,3
75010,60,58,2,2
75011,65,70,-5,5
75012,103,99,4,4
75013,152,145,7,7
75014,121,135,-14,14
75015,119,116,3,3
75016,47,55,-8,8
75017,113,101,12,12
75018,101,100,1,1
75019,73,84,-11,11
75020,88,84,4,4
75021,156,138,18,18
75022,99,89,10,10
75023,86,84,2,2
75024,101,94,7,7
75025,91,92,-1,1
75026,59,58,1,1
75027,72,72,0,0
75028,111,100,11,11
75029,108,101,7,7
75030,78,73,5,5
75031,63,76,-13,13
75032,97,99,-2,2
75033,76,72,4,4
75034,94,110,-16,16
75035,83,78,5,5
75036,72,77,-5,5
75037,113,97,16,16
75038,126,124,2,2
75039,86,101,-15,15
75040,67,57,10,10
75041,149,143,6,6
75042,89,82,7,7
75043,115,101,14,14
75044,111,105,6,6
75045,135,139,-4,4
75046,54,58,-4,4
75047,123,119,4,4
75048,82,92,-10,10
75049,26,52,-26,26
75050,66,65,1,1
75051,117,104,13,13
75052,135,141,-6,6
75053,70,65,5,5
75054,59,57,2,2
75055,141,155,-14,14
75056,64,52,12,12
75057,126,128,-2,2
75058,97,93,4,4
75059,54,58,-4,4
75060,99,103,-4,4
75061,138,126,12,12
75062,130,139,-9,9
75063,111,87,24,24
75064,81,83,-2,2
75065,97,88,9,9
75066,146,131,15,15
75067,92,85,7,7
75068,68,59,9,9
75069,70,64,6,6
75070,79,68,11,11
75071,57,55,2,2
75072,70,89,-19,19
75073,52,72,-20,20
75074,82,91,-9,9
75075,72,69,3,3
75076,86,74,12,12
75077,124,111,13,13
75078,71,76,-5,5
75079,75,99,-24,24
75080,111,121,-10,10
75081,85,84,1,1
75082,77,77,0,0
75083,116,130,-14,14
75084,121,129,-8,8
75085,63,56,7,7
75086,65,58,7,7
75087,92,87,5,5
75088,115,116,-1,1
75089,62,54,8,8
75090,90,80,10,10
75091,50,51,-1,1
75092,81,80,1,1
75093,33,43,-10,10
75094,141,142,-1,1
75095,51,58,-7,7
75096,32,42,-10,10
75097,89,112,-23,23
75098,117,102,15,15
75099,97,109,-12,12
75100,92,77,15,15
75101,71,75,-4,4
75102,76,69,7,7
75103,42,27,15,15
75104,84,95,-11,11
75105,87,99,-12,12
75106,153,155,-2,2
75107,91,73,18,18
75108,59,89,-30,30
75109,69,69,0,0
75110,109,104,5,5
75111,115,104,11,11
75112,169,166,3,3
75113,67,72,-5,5
75114,96,95,1,1
75115,94,106,-12,12
75116,173,136,37,37
75117,96,92,4,4
75118,127,87,40,40
75119,58,57,1,1
75120,69,62,7,7
75121,68,70,-2,2
75122,141,133,8,8
75123,110,125,-15,15
75124,46,89,-43,43
75125,56,120,-64,64
75126,99,129,-30,30
75127,117,125,-8,8
75128,53,55,-2,2
75129,92,85,7,7
75130,100,114,-14,14
75131,100,82,18,18
75132,92,109,-17,17
75133,67,62,5,5
75134,148,128,20,20
75135,122,115,7,7
75136,162,146,16,16
75137,86,88,-2,2
75138,165,147,18,18
75139,106,94,12,12
75140,84,95,-11,11
75141,97,102,-5,5
75142,61,70,-9,9
75143,187,178,9,9
75144,153,165,-12,12
75145,57,56,1,1
75146,101,100,1,1
75147,154,135,19,19
75148,108,98,10,10
75149,55,51,4,4
75150,113,106,7,7
75151,55,63,-8,8
75152,101,96,5,5
75153,91,102,-11,11
75154,89,83,6,6
75155,96,82,14,14
75156,52,71,-19,19
75157,54,52,2,2
75158,69,70,-1,1
75159,95,109,-14,14
75160,88,69,19,19
75161,126,125,1,1
75162,82,111,-29,29
75163,76,82,-6,6
75164,112,101,11,11
75165,117,113,4,4
75166,113,104,9,9
75167,97,85,12,12
75168,98,87,11,11
75169,83,79,4,4
75170,76,74,2,2
75171,80,87,-7,7
75172,111,105,6,6
75173,135,120,15,15
75174,62,64,-2,2
75175,140,123,17,17
75176,68,59,9,9
75177,141,149,-8,8
75178,53,58,-5,5
75179,140,140,0,0
75180,74,62,12,12
75181,70,61,9,9
75182,78,83,-5,5
75183,103,83,20,20
75184,97,96,1,1
75185,75,74,1,1
75186,143,138,5,5
75187,163,156,7,7
75188,71,63,8,8
75189,58,58,0,0
75190,69,70,-1,1
75191,72,65,7,7
75192,158,151,7,7
75193,93,91,2,2
75194,80,77,3,3
75195,142,127,15,15
75196,46,112,-66,66
75197,76,64,12,12
75198,129,169,-40,40
75199,82,73,9,9
75200,146,134,12,12
75201,93,89,4,4
75202,113,113,0,0
75203,142,147,-5,5
75204,72,69,3,3
75205,74,78,-4,4
75206,88,100,-12,12
75207,105,121,-16,16
75208,110,117,-7,7
75209,83,83,0,0
75210,27,67,-40,40
75211,136,140,-4,4
75212,81,71,10,10
75213,98,89,9,9
75214,120,122,-2,2
75215,92,76,16,16
75216,145,145,0,0
75217,137,130,7,7
75218,103,126,-23,23
75219,121,135,-14,14
75220,54,76,-22,22
75221,112,109,3,3
75222,76,63,13,13
75223,89,78,11,11
75224,160,66,94,94
75225,28,45,-17,17
75226,76,63,13,13
75227,165,160,5,5
75228,100,91,9,9
75229,152,144,8,8
75230,82,72,10,10
75231,94,82,12,12
75232,60,62,-2,2
75233,125,123,2,2
75234,69,65,4,4
75235,120,88,32,32
75236,91,83,8,8
75237,96,93,3,3
75238,45,42,3,3
75239,56,62,-6,6
75240,76,61,15,15
75241,75,83,-8,8
75242,79,83,-4,4
75243,124,120,4,4
75244,106,99,7,7
75245,122,116,6,6
75246,51,74,-23,23
75247,69,66,3,3
75248,85,77,8,8
75249,115,151,-36,36
75250,115,110,5,5
75251,115,101,14,14
75252,60,65,-5,5
75253,76,73,3,3
75254,32,40,-8,8
75255,79,82,-3,3
75256,44,45,-1,1
75257,58,60,-2,2
75258,130,131,-1,1
75259,132,112,20,20
75260,79,83,-4,4
75261,92,97,-5,5
75262,144,153,-9,9
75263,54,55,-1,1
75264,133,110,23,23
75265,64,71,-7,7
75266,92,90,2,2
75267,156,152,4,4
75268,58,47,11,11
75269,82,65,17,17
75270,86,82,4,4
75271,173,163,10,10
75272,94,87,7,7
75273,60,59,1,1
75274,108,115,-7,7
75275,126,119,7,7
75276,56,57,-1,1
75277,98,106,-8,8
75278,92,75,17,17
75279,117,110,7,7
75280,52,40,12,12
75281,94,91,3,3
75282,78,68,10,10
75283,76,104,-28,28
75284,67,63,4,4
75285,124,133,-9,9
75286,128,122,6,6
75287,73,67,6,6
75288,62,55,7,7
75289,100,110,-10,10
75290,130,126,4,4
75291,61,50,11,11
75292,262,217,45,45
75293,60,62,-2,2
75294,102,115,-13,13
75295,57,58,-1,1
75296,97,104,-7,7
75297,84,89,-5,5
75298,61,82,-21,21
75299,135,129,6,6
75300,104,79,25,25
75301,79,78,1,1
75302,187,162,25,25
75303,62,64,-2,2
75304,94,92,2,2
75305,94,103,-9,9
75306,94,86,8,8
75307,126,125,1,1
75308,126,108,18,18
75309,108,95,13,13
75310,60,48,12,12
75311,93,106,-13,13
75312,53,69,-16,16
75313,61,60,1,1
75314,79,75,4,4
75315,74,75,-1,1
75316,50,43,7,7
75317,75,87,-12,12
75318,40,51,-11,11
75319,47,49,-2,2
75320,78,88,-10,10
75321,51,56,-5,5
75322,97,101,-4,4
75323,54,42,12,12
75324,100,99,1,1
75325,91,83,8,8
75326,48,51,-3,3
75327,46,59,-13,13
75328,153,149,4,4
75329,123,132,-9,9
75330,52,55,-3,3
75331,92,77,15,15
75332,71,79,-8,8
75333,141,141,0,0
75334,46,44,2,2
75335,72,69,3,3
75336,84,73,11,11
75337,82,96,-14,14
75338,78,74,4,4
75339,77,63,14,14
75340,93,77,16,16
75341,47,61,-14,14
75342,67,70,-3,3
75343,67,62,5,5
75344,113,104,9,9
75345,179,164,15,15
75346,95,103,-8,8
75347,164,150,14,14
75348,45,54,-9,9
75349,127,117,10,10
75350,118,122,-4,4
75351,96,90,6,6
75352,57,52,5,5
75353,151,138,13,13
75354,69,43,26,26
75355,79,78,1,1
75356,86,92,-6,6
75357,186,175,11,11
75358,147,144,3,3
75359,109,109,0,0
75360,97,83,14,14
75361,110,107,3,3
75362,69,76,-7,7
75363,65,66,-1,1
75364,119,114,5,5
75365,58,67,-9,9
75366,77,71,6,6
75367,97,88,9,9
75368,95,101,-6,6
75369,123,130,-7,7
75370,107,133,-26,26
75371,117,113,4,4
75372,72,91,-19,19
75373,119,101,18,18
75374,103,99,4,4
75375,129,124,5,5
75376,83,72,11,11
75377,248,113,135,135
75378,93,84,9,9
75379,129,137,-8,8
75380,68,64,4,4
75381,117,122,-5,5
75382,87,85,2,2
75383,118,106,12,12
75384,98,93,5,5
75385,103,110,-7,7
75386,69,63,6,6
75387,110,102,8,8
75388,125,107,18,18
75389,113,118,-5,5
75390,112,106,6,6
75391,81,76,5,5
75392,86,91,-5,5
75393,148,141,7,7
75394,102,91,11,11
75395,31,39,-8,8
75396,64,62,2,2
75397,114,110,4,4
75398,87,90,-3,3
75399,127,123,4,4
75400,91,100,-9,9
75401,74,70,4,4
75402,175,165,10,10
75403,223,128,95,95
75404,87,75,12,12
75405,67,57,10,10
75406,59,40,19,19
75407,104,86,18,18
75408,64,87,-23,23
75409,149,170,-21,21
75410,125,129,-4,4
75411,45,47,-2,2
75412,93,97,-4,4
75413,86,82,4,4
75414,80,71,9,9
75415,73,50,23,23
75416,92,80,12,12
75417,120,128,-8,8
75418,126,118,8,8
75419,73,67,6,6
75420,54,55,-1,1
75421,65,74,-9,9
75422,100,95,5,5
75423,105,97,8,8
75424,85,72,13,13
75425,100,90,10,10
75426,81,82,-1,1
75427,67,69,-2,2
75428,174,167,7,7
75429,132,130,2,2
75430,127,95,32,32
75431,96,102,-6,6
75432,73,74,-1,1
75433,86,73,13,13
75434,73,79,-6,6
75435,124,116,8,8
75436,75,64,11,11
75437,49,53,-4,4
75438,99,131,-32,32
75439,55,63,-8,8
75440,141,113,28,28
75441,62,61,1,1
75442,75,78,-3,3
75443,99,96,3,3
75444,97,90,7,7
75445,104,95,9,9
75446,96,76,20,20
75447,122,111,11,11
75448,101,69,32,32
75449,109,113,-4,4
75450,111,110,1,1
75451,99,85,14,14
75452,77,78,-1,1
75453,118,119,-1,1
75454,89,92,-3,3
75455,75,78,-3,3
75456,59,53,6,6
75457,57,69,-12,12
75458,99,93,6,6
75459,88,95,-7,7
75460,106,101,5,5
75461,101,103,-2,2
75462,131,126,5,5
75463,127,118,9,9
75464,65,56,9,9
75465,101,86,15,15
75466,140,139,1,1
75467,122,114,8,8
75468,80,86,-6,6
75469,128,126,2,2
75470,85,88,-3,3
75471,111,110,1,1
75472,78,98,-20,20
75473,93,101,-8,8
75474,42,53,-11,11
75475,66,46,20,20
75476,95,95,0,0
75477,90,77,13,13
75478,100,98,2,2
75479,82,78,4,4
75480,67,72,-5,5
75481,105,97,8,8
75482,110,95,15,15
75483,56,49,7,7
75484,37,41,-4,4
75485,65,67,-2,2
75486,72,70,2,2
75487,106,108,-2,2
75488,99,95,4,4
75489,104,100,4,4
75490,87,86,1,1
75491,76,85,-9,9
75492,53,41,12,12
75493,57,67,-10,10
75494,69,58,11,11
75495,83,78,5,5
75496,56,52,4,4
75497,78,75,3,3
75498,95,110,-15,15
75499,78,75,3,3
75500,74,64,10,10
75501,82,112,-30,30
75502,95,92,3,3
75503,85,72,13,13
75504,63,66,-3,3
75505,124,129,-5,5
75506,67,65,2,2
75507,112,102,10,10
75508,94,84,10,10
75509,69,68,1,1
75510,121,141,-20,20
75511,82,90,-8,8
75512,111,104,7,7
75513,126,125,1,1
75514,74,75,-1,1
75515,81,67,14,14
75516,100,100,0,0
75517,148,138,10,10
75518,88,93,-5,5
75519,70,64,6,6
75520,150,143,7,7
75521,88,78,10,10
75522,28,37,-9,9
75523,93,93,0,0
75524,96,113,-17,17
75525,90,92,-2,2
75526,150,158,-8,8
75527,75,71,4,4
75528,93,108,-15,15
75529,150,148,2,2
75530,123,96,27,27
75531,133,137,-4,4
75532,69,82,-13,13
75533,167,142,25,25
75534,46,64,-18,18
75535,92,95,-3,3
75536,54,55,-1,1
75537,154,146,8,8
75538,45,55,-10,10
75539,137,142,-5,5
75540,115,116,-1,1
75541,99,81,18,18
75542,93,88,5,5
75543,83,82,1,1
75544,115,106,9,9
75545,23,53,-30,30
75546,92,102,-10,10
75547,85,88,-3,3
75548,80,66,14,14
75549,190,184,6,6
75550,95,88,7,7
75551,153,125,28,28
75552,83,95,-12,12
75553,51,60,-9,9
75554,85,81,4,4
75555,85,86,-1,1
75556,59,68,-9,9
75557,172,170,2,2
75558,53,49,4,4
75559,128,112,16,16
75560,72,70,2,2
75561,130,124,6,6
75562,54,55,-1,1
75563,145,132,13,13
75564,94,98,-4,4
75565,111,103,8,8
75566,35,129,-94,94
75567,74,76,-2,2
75568,85,89,-4,4
75569,129,115,14,14
75570,49,41,8,8
75571,56,66,-10,10
75572,99,97,2,2
75573,79,93,-14,14
75574,129,126,3,3
75575,74,65,9,9
75576,78,97,-19,19
75577,70,74,-4,4
75578,157,167,-10,10
75579,98,99,-1,1
75580,66,76,-10,10
75581,75,76,-1,1
75582,76,66,10,10
75583,94,109,-15,15
75584,100,87,13,13
75585,50,49,1,1
75586,98,94,4,4
75587,96,108,-12,12
75588,134,133,1,1
75589,108,97,11,11
75590,212,192,20,20
75591,138,142,-4,4
75592,88,82,6,6
75593,12,38,-26,26
75594,66,57,9,9
75595,98,84,14,14
75596,110,96,14,14
75597,75,69,6,6
75598,146,150,-4,4
75599,176,157,19,19
75600,91,83,8,8
75601,88,78,10,10
75602,51,43,8,8
75603,190,167,23,23
75604,128,127,1,1
75605,74,72,2,2
75606,83,85,-2,2
75607,64,79,-15,15
75608,127,117,10,10
75609,130,115,15,15
75610,95,85,10,10
75611,66,76,-10,10
75612,46,31,15,15
75613,79,80,-1,1
75614,110,97,13,13
75615,116,116,0,0
75616,68,67,1,1
75617,70,92,-22,22
75618,59,72,-13,13
75619,107,93,14,14
75620,77,87,-10,10
75621,97,115,-18,18
75622,160,154,6,6
75623,130,132,-2,2
75624,60,61,-1,1
75625,104,98,6,6
75626,91,96,-5,5
75627,89,99,-10,10
75628,49,63,-14,14
75629,155,160,-5,5
75630,94,87,7,7
75631,146,145,1,1
75632,87,87,0,0
75633,127,128,-1,1
75634,79,82,-3,3
75635,93,89,4,4
75636,121,127,-6,6
75637,74,64,10,10
75638,113,109,4,4
75639,163,152,11,11
75640,122,99,23,23
75641,118,115,3,3
75642,56,62,-6,6
75643,129,113,16,16
75644,128,117,11,11
75645,159,146,13,13
75646,62,79,-17,17
75647,108,107,1,1
75648,72,64,8,8
75649,79,79,0,0
75650,166,136,30,30
75651,62,74,-12,12
75652,144,141,3,3
75653,129,121,8,8
75654,72,70,2,2
75655,93,73,20,20
75656,86,102,-16,16
75657,126,124,2,2
75658,86,79,7,7
75659,87,87,0,0
75660,183,163,20,20
75661,68,61,7,7
75662,80,88,-8,8
75663,63,66,-3,3
75664,61,73,-12,12
75665,103,94,9,9
75666,46,45,1,1
75667,107,99,8,8
75668,127,125,2,2
75669,89,89,0,0
75670,104,107,-3,3
75671,82,78,4,4
75672,114,116,-2,2
75673,82,79,3,3
75674,109,113,-4,4
75675,105,108,-3,3
75676,67,71,-4,4
75677,64,55,9,9
75678,109,103,6,6
75679,50,50,0,0
75680,49,48,1,1
75681,89,96,-7,7
75682,163,168,-5,5
75683,64,67,-3,3
75684,180,169,11,11
75685,73,133,-60,60
75686,155,148,7,7
75687,106,107,-1,1
75688,102,94,8,8
75689,142,133,9,9
75690,62,56,6,6
75691,93,96,-3,3
75692,125,106,19,19
75693,71,64,7,7
75694,62,58,4,4
75695,129,120,9,9
75696,109,117,-8,8
75697,174,157,17,17
75698,103,102,1,1
75699,124,116,8,8
75700,74,77,-3,3
75701,96,91,5,5
75702,112,106,6,6
75703,78,78,0,0
75704,59,63,-4,4
75705,54,58,-4,4
75706,86,80,6,6
75707,99,110,-11,11
75708,120,127,-7,7
75709,134,124,10,10
75710,141,137,4,4
75711,99,97,2,2
75712,92,91,1,1
75713,121,130,-9,9
75714,74,64,10,10
75715,101,88,13,13
75716,14,72,-58,58
75717,80,81,-1,1
75718,88,73,15,15
75719,60,65,-5,5
75720,112,116,-4,4
75721,153,135,18,18
75722,108,99,9,9
75723,98,101,-3,3
75724,78,112,-34,34
75725,115,154,-39,39
75726,71,63,8,8
75727,129,124,5,5
75728,56,57,-1,1
75729,68,71,-3,3
75730,80,82,-2,2
75731,110,132,-22,22
75732,86,95,-9,9
75733,139,118,21,21
75734,125,124,1,1
75735,73,70,3,3
75736,122,116,6,6
75737,99,102,-3,3
75738,78,69,9,9
75739,150,128,22,22
75740,112,92,20,20
75741,95,95,0,0
75742,85,76,9,9
75743,67,78,-11,11
75744,91,86,5,5
75745,110,95,15,15
75746,88,77,11,11
75747,115,136,-21,21
75748,78,76,2,2
75749,89,102,-13,13
75750,71,70,1,1
75751,65,69,-4,4
75752,67,76,-9,9
75753,144,133,11,11
75754,98,109,-11,11
75755,78,75,3,3
75756,130,136,-6,6
75757,75,73,2,2
75758,83,80,3,3
75759,72,67,5,5
75760,106,99,7,7
75761,44,42,2,2
75762,108,112,-4,4
75763,80,58,22,22
75764,98,112,-14,14
75765,97,97,0,0
75766,124,130,-6,6
75767,96,85,11,11
75768,71,69,2,2
75769,118,117,1,1
75770,115,112,3,3
75771,88,83,5,5
75772,104,101,3,3
75773,75,70,5,5
75774,115,132,-17,17
75775,94,87,7,7
75776,97,98,-1,1
75777,71,66,5,5
75778,73,88,-15,15
75779,64,61,3,3
75780,61,58,3,3
75781,46,48,-2,2
75782,81,70,11,11
75783,56,55,1,1
75784,99,94,5,5
75785,131,148,-17,17
75786,75,117,-42,42
75787,74,66,8,8
75788,111,111,0,0
75789,136,126,10,10
75790,81,81,0,0
75791,50,58,-8,8
75792,95,81,14,14
75793,108,128,-20,20
75794,62,111,-49,49
75795,78,73,5,5
75796,92,76,16,16
75797,42,43,-1,1
75798,102,89,13,13
75799,104,107,-3,3
75800,55,70,-15,15
75801,69,78,-9,9
75802,90,88,2,2
75803,63,63,0,0
75804,101,106,-5,5
75805,43,51,-8,8
75806,69,71,-2,2
75807,109,98,11,11
75808,142,142,0,0
75809,140,132,8,8
75810,67,67,0,0
75811,62,57,5,5
75812,114,113,1,1
75813,107,103,4,4
75814,85,92,-7,7
75815,167,164,3,3
75816,163,168,-5,5
75817,85,80,5,5
75818,73,86,-13,13
75819,109,90,19,19
75820,61,68,-7,7
75821,77,79,-2,2
75822,207,173,34,34
75823,99,103,-4,4
75824,182,166,16,16
75825,99,90,9,9
75826,83,88,-5,5
75827,75,78,-3,3
75828,139,133,6,6
75829,47,48,-1,1
75830,65,77,-12,12
75831,143,95,48,48
75832,73,86,-13,13
75833,79,80,-1,1
75834,85,72,13,13
75835,88,94,-6,6
75836,141,136,5,5
75837,71,92,-21,21
75838,96,88,8,8
75839,153,133,20,20
75840,133,116,17,17
75841,80,81,-1,1
75842,171,180,-9,9
75843,125,119,6,6
75844,91,79,12,12
75845,61,64,-3,3
75846,131,120,11,11
75847,136,123,13,13
75848,58,50,8,8
75849,93,86,7,7
75850,88,74,14,14
75851,68,71,-3,3
75852,129,127,2,2
75853,127,116,11,11
75854,98,139,-41,41
75855,87,80,7,7
75856,84,83,1,1
75857,51,75,-24,24
75858,72,67,5,5
75859,144,123,21,21
75860,96,96,0,0
75861,61,55,6,6
75862,86,79,7,7
75863,78,74,4,4
75864,51,62,-11,11
75865,151,137,14,14
75866,109,98,11,11
75867,108,125,-17,17
75868,80,75,5,5
75869,67,59,8,8
75870,125,148,-23,23
75871,75,55,20,20
75872,176,172,4,4
75873,105,106,-1,1
75874,82,91,-9,9
75875,146,150,-4,4
75876,49,114,-65,65
75877,68,84,-16,16
75878,119,121,-2,2
75879,40,36,4,4
75880,118,125,-7,7
75881,65,61,4,4
75882,92,95,-3,3
75883,69,63,6,6
75884,110,101,9,9
75885,94,94,0,0
75886,152,177,-25,25
75887,118,108,10,10
75888,72,71,1,1
75889,141,133,8,8
75890,43,53,-10,10
75891,122,110,12,12
75892,73,70,3,3
75893,92,71,21,21
75894,101,121,-20,20
75895,66,29,37,37
75896,70,62,8,8
75897,43,65,-22,22
75898,84,72,12,12
75899,83,94,-11,11
75900,71,58,13,13
75901,97,89,8,8
75902,116,119,-3,3
75903,107,112,-5,5
75904,152,145,7,7
75905,130,146,-16,16
75906,49,34,15,15
75907,111,111,0,0
75908,124,102,22,22
75909,75,76,-1,1
75910,112,134,-22,22
75911,111,109,2,2
75912,97,91,6,6
75913,47,44,3,3
75914,114,103,11,11
75915,107,122,-15,15
75916,93,90,3,3
75917,107,101,6,6
75918,114,112,2,2
75919,124,132,-8,8
75920,133,109,24,24
75921,64,51,13,13
75922,80,85,-5,5
75923,155,146,9,9
75924,98,110,-12,12
75925,82,63,19,19
75926,50,62,-12,12
75927,64,53,11,11
75928,97,106,-9,9
75929,123,104,19,19
75930,46,55,-9,9
75931,78,62,16,16
75932,122,121,1,1
75933,181,153,28,28
75934,64,64,0,0
75935,56,53,3,3
75936,72,73,-1,1
75937,141,138,3,3
75938,126,135,-9,9
75939,71,64,7,7
75940,81,63,18,18
75941,137,127,10,10
75942,91,96,-5,5
75943,117,115,2,2
75944,160,164,-4,4
75945,101,84,17,17
75946,55,57,-2,2
75947,104,111,-7,7
75948,72,70,2,2
75949,165,162,3,3
75950,74,72,2,2
75951,72,75,-3,3
75952,138,123,15,15
75953,87,87,0,0
75954,66,67,-1,1
75955,78,93,-15,15
75956,80,74,6,6
75957,111,115,-4,4
75958,132,132,0,0
75959,70,78,-8,8
75960,96,97,-1,1
75961,127,135,-8,8
75962,121,112,9,9
75963,57,56,1,1
75964,203,191,12,12
75965,94,96,-2,2
75966,81,95,-14,14
75967,52,54,-2,2
75968,150,147,3,3
75969,83,109,-26,26
75970,99,84,15,15
75971,64,64,0,0
75972,79,83,-4,4
75973,81,80,1,1
75974,47,48,-1,1
75975,54,49,5,5
75976,152,136,16,16
75977,44,50,-6,6
75978,87,87,0,0
75979,161,174,-13,13
75980,83,77,6,6
75981,75,79,-4,4
75982,111,121,-10,10
75983,60,61,-1,1
75984,98,87,11,11
75985,74,76,-2,2
75986,81,72,9,9
75987,113,120,-7,7
75988,110,102,8,8
75989,84,84,0,0
75990,57,49,8,8
75991,70,63,7,7
75992,175,156,19,19
75993,95,99,-4,4
75994,94,94,0,0
75995,107,109,-2,2
75996,75,79,-4,4
75997,85,96,-11,11
75998,162,145,17,17
75999,93,96,-3,3
76000,73,72,1,1
76001,86,88,-2,2
76002,179,166,13,13
76003,202,188,14,14
76004,98,107,-9,9
76005,85,85,0,0
76006,37,49,-12,12
76007,121,113,8,8
76008,128,117,11,11
76009,87,85,2,2
76010,141,121,20,20
76011,70,62,8,8
76012,151,159,-8,8
76013,116,117,-1,1
76014,81,70,11,11
76015,81,73,8,8
76016,89,79,10,10
76017,124,102,22,22
76018,94,89,5,5
76019,56,65,-9,9
76020,151,152,-1,1
76021,157,160,-3,3
76022,70,73,-3,3
76023,154,145,9,9
76024,130,129,1,1
76025,121,106,15,15
76026,119,127,-8,8
76027,94,92,2,2
76028,62,68,-6,6
76029,99,79,20,20
76030,82,67,15,15
76031,145,148,-3,3
76032,107,127,-20,20
76033,107,117,-10,10
76034,128,105,23,23
76035,52,56,-4,4
76036,103,103,0,0
76037,70,65,5,5
76038,161,168,-7,7
76039,74,73,1,1
76040,70,53,17,17
76041,114,109,5,5
76042,150,155,-5,5
76043,105,126,-21,21
76044,119,122,-3,3
76045,71,77,-6,6
76046,102,101,1,1
76047,43,44,-1,1
76048,84,81,3,3
76049,70,70,0,0
76050,82,80,2,2
76051,74,63,11,11
76052,98,92,6,6
76053,55,58,-3,3
76054,110,114,-4,4
76055,145,157,-12,12
76056,80,75,5,5
76057,137,106,31,31
76058,77,99,-22,22
76059,80,65,15,15
76060,73,70,3,3
76061,83,73,10,10
76062,100,80,20,20
76063,85,82,3,3
76064,101,102,-1,1
76065,79,90,-11,11
76066,89,95,-6,6
76067,60,60,0,0
76068,112,91,21,21
76069,173,164,9,9
76070,60,59,1,1
76071,41,34,7,7
76072,57,56,1,1
76073,88,100,-12,12
76074,101,86,15,15
76075,82,74,8,8
76076,100,96,4,4
76077,85,89,-4,4
76078,117,114,3,3
76079,83,92,-9,9
76080,162,111,51,51
76081,59,58,1,1
76082,127,120,7,7
76083,170,155,15,15
76084,114,97,17,17
76085,111,103,8,8
76086,44,49,-5,5
76087,91,93,-2,2
76088,76,83,-7,7
76089,64,71,-7,7
76090,67,59,8,8
76091,135,132,3,3
76092,75,76,-1,1
76093,110,117,-7,7
76094,84,78,6,6
76095,77,77,0,0
76096,97,92,5,5
76097,85,90,-5,5
76098,61,50,11,11
76099,86,83,3,3
76100,75,72,3,3
76101,83,104,-21,21
76102,168,161,7,7
76103,97,105,-8,8
76104,64,68,-4,4
76105,126,114,12,12
76106,85,92,-7,7
76107,111,121,-10,10
76108,87,78,9,9
76109,101,110,-9,9
76110,162,97,65,65
76111,143,145,-2,2
76112,123,113,10,10
76113,82,74,8,8
76114,101,83,18,18
76115,92,104,-12,12
76116,87,96,-9,9
76117,93,72,21,21
76118,100,117,-17,17
76119,92,85,7,7
76120,85,72,13,13
76121,49,42,7,7
76122,79,85,-6,6
76123,58,58,0,0
76124,85,89,-4,4
76125,61,63,-2,2
76126,140,136,4,4
76127,127,134,-7,7
76128,152,140,12,12
76129,67,60,7,7
76130,64,59,5,5
76131,136,121,15,15
76132,74,69,5,5
76133,100,88,12,12
76134,158,138,20,20
76135,80,86,-6,6
76136,88,83,5,5
76137,110,134,-24,24
76138,74,54,20,20
76139,116,130,-14,14
76140,82,83,-1,1
76141,117,117,0,0
76142,81,79,2,2
76143,74,67,7,7
76144,104,108,-4,4
76145,147,133,14,14
76146,82,78,4,4
76147,50,48,2,2
76148,180,160,20,20
76149,182,181,1,1
76150,63,74,-11,11
76151,190,167,23,23
76152,122,152,-30,30
76153,99,91,8,8
76154,66,67,-1,1
76155,53,66,-13,13
76156,63,62,1,1
76157,125,132,-7,7
76158,112,98,14,14
76159,85,82,3,3
76160,56,60,-4,4
76161,85,82,3,3
76162,70,82,-12,12
76163,83,92,-9,9
76164,135,139,-4,4
76165,57,52,5,5
76166,84,78,6,6
76167,90,101,-11,11
76168,59,87,-28,28
76169,77,72,5,5
76170,64,58,6,6
76171,99,107,-8,8
76172,109,107,2,2
76173,97,100,-3,3
76174,92,87,5,5
76175,87,101,-14,14
76176,42,61,-19,19
76177,74,93,-19,19
76178,162,166,-4,4
76179,125,107,18,18
76180,178,182,-4,4
76181,98,103,-5,5
76182,89,91,-2,2
76183,72,71,1,1
76184,78,73,5,5
76185,53,60,-7,7
76186,85,85,0,0
76187,122,116,6,6
76188,101,108,-7,7
76189,81,77,4,4
76190,128,90,38,38
76191,98,98,0,0
76192,154,174,-20,20
76193,122,126,-4,4
76194,63,65,-2,2
76195,83,90,-7,7
76196,98,95,3,3
76197,70,68,2,2
76198,89,94,-5,5
76199,111,128,-17,17
76200,44,55,-11,11
76201,48,47,1,1
76202,104,102,2,2
76203,106,100,6,6
76204,148,127,21,21
76205,128,127,1,1
76206,118,107,11,11
76207,105,89,16,16
76208,141,148,-7,7
76209,115,102,13,13
76210,161,144,17,17
76211,71,91,-20,20
76212,149,141,8,8
76213,77,67,10,10
76214,117,115,2,2
76215,119,116,3,3
76216,116,104,12,12
76217,88,97,-9,9
76218,107,132,-25,25
76219,72,77,-5,5
76220,137,162,-25,25
76221,122,135,-13,13
76222,126,121,5,5
76223,50,64,-14,14
76224,119,105,14,14
76225,79,81,-2,2
76226,124,142,-18,18
76227,128,137,-9,9
76228,132,115,17,17
76229,90,79,11,11
76230,95,91,4,4
76231,97,89,8,8
76232,63,63,0,0
76233,109,102,7,7
76234,133,155,-22,22
76235,104,98,6,6
76236,35,80,-45,45
76237,72,64,8,8
76238,65,61,4,4
76239,120,106,14,14
76240,135,155,-20,20
76241,130,126,4,4
76242,137,141,-4,4
76243,81,77,4,4
76244,83,78,5,5
76245,51,51,0,0
76246,77,77,0,0
76247,116,102,14,14
76248,72,85,-13,13
76249,97,94,3,3
76250,78,71,7,7
76251,63,59,4,4
76252,130,133,-3,3
76253,158,169,-11,11
76254,75,76,-1,1
76255,76,70,6,6
76256,101,99,2,2
76257,44,51,-7,7
76258,74,72,2,2
76259,98,81,17,17
76260,134,141,-7,7
76261,104,101,3,3
76262,88,86,2,2
76263,179,141,38,38
76264,46,56,-10,10
76265,141,128,13,13
76266,91,79,12,12
76267,72,73,-1,1
76268,82,78,4,4
76269,73,74,-1,1
76270,139,127,12,12
76271,124,122,2,2
76272,100,111,-11,11
76273,98,94,4,4
76274,80,85,-5,5
76275,97,110,-13,13
76276,62,70,-8,8
76277,136,120,16,16
76278,93,94,-1,1
76279,104,106,-2,2
76280,158,151,7,7
76281,105,104,1,1
76282,82,55,27,27
76283,150,158,-8,8
76284,161,139,22,22
76285,68,55,13,13
76286,97,100,-3,3
76287,106,106,0,0
76288,75,69,6,6
76289,95,95,0,0
76290,84,85,-1,1
76291,144,145,-1,1
76292,115,120,-5,5
76293,45,55,-10,10
76294,99,93,6,6
76295,91,89,2,2
76296,75,75,0,0
76297,134,122,12,12
76298,69,60,9,9
76299,74,67,7,7
76300,53,56,-3,3
76301,74,77,-3,3
76302,95,92,3,3
76303,54,60,-6,6
76304,96,82,14,14
76305,93,85,8,8
76306,108,99,9,9
76307,104,110,-6,6
76308,80,80,0,0
76309,87,71,16,16
76310,98,97,1,1
76311,60,61,-1,1
76312,65,63,2,2
76313,75,79,-4,4
76314,80,91,-11,11
76315,81,91,-10,10
76316,123,114,9,9
76317,89,85,4,4
76318,142,156,-14,14
76319,64,64,0,0
76320,100,118,-18,18
76321,45,48,-3,3
76322,118,109,9,9
76323,73,84,-11,11
76324,74,68,6,6
76325,102,105,-3,3
76326,66,70,-4,4
76327,120,120,0,0
76328,57,58,-1,1
76329,149,136,13,13
76330,131,129,2,2
76331,81,67,14,14
76332,61,61,0,0
76333,89,83,6,6
76334,66,61,5,5
76335,64,57,7,7
76336,76,81,-5,5
76337,124,121,3,3
76338,48,62,-14,14
76339,68,75,-7,7
76340,100,105,-5,5
76341,96,90,6,6
76342,50,56,-6,6
76343,85,91,-6,6
76344,85,89,-4,4
76345,61,64,-3,3
76346,91,84,7,7
76347,72,68,4,4
76348,129,116,13,13
76349,104,96,8,8
76350,54,64,-10,10
76351,53,54,-1,1
76352,105,112,-7,7
76353,91,110,-19,19
76354,66,86,-20,20
76355,59,64,-5,5
76356,118,119,-1,1
76357,109,114,-5,5
76358,63,64,-1,1
76359,63,49,14,14
76360,68,66,2,2
76361,166,202,-36,36
76362,84,73,11,11
76363,66,64,2,2
76364,100,97,3,3
76365,104,90,14,14
76366,65,71,-6,6
76367,57,71,-14,14
76368,99,96,3,3
76369,96,111,-15,15
76370,71,59,12,12
76371,57,64,-7,7
76372,105,114,-9,9
76373,88,74,14,14
76374,54,50,4,4
76375,181,167,14,14
76376,100,87,13,13
76377,103,102,1,1
76378,138,131,7,7
76379,65,60,5,5
76380,71,75,-4,4
76381,70,71,-1,1
76382,72,70,2,2
76383,66,54,12,12
76384,79,73,6,6
76385,169,160,9,9
76386,129,118,11,11
76387,129,102,27,27
76388,63,65,-2,2
76389,92,82,10,10
76390,109,120,-11,11
76391,58,59,-1,1
76392,108,107,1,1
76393,107,106,1,1
76394,162,152,10,10
76395,57,53,4,4
76396,109,129,-20,20
76397,86,92,-6,6
76398,91,76,15,15
76399,89,79,10,10
76400,93,96,-3,3
76401,70,65,5,5
76402,73,63,10,10
76403,71,70,1,1
76404,59,49,10,10
76405,166,138,28,28
76406,71,68,3,3
76407,71,59,12,12
76408,132,119,13,13
76409,103,111,-8,8
76410,114,99,15,15
76411,103,110,-7,7
76412,98,97,1,1
76413,92,81,11,11
76414,102,107,-5,5
76415,113,123,-10,10
76416,130,158,-28,28
76417,56,58,-2,2
76418,127,125,2,2
76419,53,70,-17,17
76420,129,128,1,1
76421,93,91,2,2
76422,133,116,17,17
76423,93,84,9,9
76424,92,96,-4,4
76425,45,53,-8,8
76426,96,83,13,13
76427,104,124,-20,20
76428,65,63,2,2
76429,114,103,11,11
76430,52,61,-9,9
76431,80,85,-5,5
76432,135,134,1,1
76433,78,141,-63,63
76434,69,63,6,6
76435,61,33,28,28
76436,75,77,-2,2
76437,131,125,6,6
76438,108,121,-13,13
76439,96,103,-7,7
76440,178,164,14,14
76441,171,164,7,7
76442,81,71,10,10
76443,91,77,14,14
76444,69,75,-6,6
76445,146,140,6,6
76446,111,97,14,14
76447,65,62,3,3
76448,86,73,13,13
76449,79,85,-6,6
76450,108,112,-4,4
76451,94,88,6,6
76452,107,108,-1,1
76453,100,98,2,2
76454,121,109,12,12
76455,144,153,-9,9
76456,66,66,0,0
76457,40,78,-38,38
76458,99,103,-4,4
76459,32,44,-12,12
76460,69,68,1,1
76461,145,153,-8,8
76462,76,75,1,1
76463,85,75,10,10
76464,53,58,-5,5
76465,27,31,-4,4
76466,55,66,-11,11
76467,41,36,5,5
76468,57,60,-3,3
76469,83,48,35,35
76470,77,71,6,6
76471,85,96,-11,11
76472,118,115,3,3
76473,55,66,-11,11
76474,62,58,4,4
76475,111,101,10,10
76476,108,102,6,6
76477,89,96,-7,7
76478,97,93,4,4
76479,94,102,-8,8
76480,61,70,-9,9
76481,82,84,-2,2
76482,83,83,0,0
76483,140,74,66,66
76484,152,132,20,20
76485,86,74,12,12
76486,33,41,-8,8
76487,88,73,15,15
76488,71,74,-3,3
76489,97,110,-13,13
76490,81,74,7,7
76491,129,127,2,2
76492,55,66,-11,11
76493,122,137,-15,15
76494,103,102,1,1
76495,98,91,7,7
76496,89,74,15,15
76497,87,77,10,10
76498,79,76,3,3
76499,98,108,-10,10
76500,49,76,-27,27
76501,82,79,3,3
76502,120,112,8,8
76503,108,105,3,3
76504,169,165,4,4
76505,161,161,0,0
76506,134,149,-15,15
76507,96,115,-19,19
76508,56,126,-70,70
76509,101,100,1,1
76510,86,91,-5,5
76511,82,47,35,35
76512,85,99,-14,14
76513,79,67,12,12
76514,78,79,-1,1
76515,105,91,14,14
76516,142,130,12,12
76517,65,74,-9,9
76518,57,64,-7,7
76519,81,82,-1,1
76520,139,115,24,24
76521,84,84,0,0
76522,81,83,-2,2
76523,154,144,10,10
76524,147,144,3,3
76525,153,141,12,12
76526,73,76,-3,3
76527,141,133,8,8
76528,43,50,-7,7
76529,101,102,-1,1
76530,42,52,-10,10
76531,78,74,4,4
76532,97,106,-9,9
76533,65,69,-4,4
76534,58,57,1,1
76535,79,88,-9,9
76536,95,82,13,13
76537,105,119,-14,14
76538,37,49,-12,12
76539,82,115,-33,33
76540,130,124,6,6
76541,99,110,-11,11
76542,125,99,26,26
76543,51,62,-11,11
76544,87,88,-1,1
76545,147,157,-10,10
76546,61,64,-3,3
76547,122,105,17,17
76548,70,75,-5,5
76549,81,70,11,11
76550,93,88,5,5
76551,136,145,-9,9
76552,61,74,-13,13
76553,75,85,-10,10
76554,118,99,19,19
76555,110,111,-1,1
76556,153,159,-6,6
76557,57,59,-2,2
76558,128,112,16,16
76559,118,102,16,16
76560,81,87,-6,6
76561,82,70,12,12
76562,126,112,14,14
76563,110,99,11,11
76564,91,87,4,4
76565,106,82,24,24
76566,92,95,-3,3
76567,74,75,-1,1
76568,119,120,-1,1
76569,47,59,-12,12
76570,81,100,-19,19
76571,101,103,-2,2
76572,91,86,5,5
76573,68,61,7,7
76574,119,108,11,11
76575,90,82,8,8
76576,104,103,1,1
76577,80,88,-8,8
76578,84,92,-8,8
76579,132,116,16,16
76580,32,62,-30,30
76581,139,135,4,4
76582,85,80,5,5
76583,83,82,1,1
76584,55,54,1,1
76585,98,103,-5,5
76586,177,161,16,16
76587,81,82,-1,1
76588,90,88,2,2
76589,133,121,12,12
76590,85,62,23,23
76591,58,53,5,5
76592,133,129,4,4
76593,81,74,7,7
76594,149,138,11,11
76595,107,114,-7,7
76596,113,88,25,25
76597,108,95,13,13
76598,93,91,2,2
76599,100,90,10,10
76600,66,71,-5,5
76601,109,103,6,6
76602,77,76,1,1
76603,208,189,19,19
76604,79,92,-13,13
76605,74,56,18,18
76606,74,70,4,4
76607,131,127,4,4
76608,127,110,17,17
76609,77,72,5,5
76610,100,67,33,33
76611,82,102,-20,20
76612,100,104,-4,4
76613,65,71,-6,6
76614,97,100,-3,3
76615,146,132,14,14
76616,99,87,12,12
76617,117,112,5,5
76618,71,72,-1,1
76619,60,65,-5,5
76620,75,78,-3,3
76621,46,41,5,5
76622,121,109,12,12
76623,55,51,4,4
76624,119,131,-12,12
76625,178,168,10,10
76626,131,126,5,5
76627,123,113,10,10
76628,99,97,2,2
76629,164,151,13,13
76630,69,64,5,5
76631,55,50,5,5
76632,148,137,11,11
76633,67,68,-1,1
76634,138,141,-3,3
76635,115,114,1,1
76636,134,125,9,9
76637,91,91,0,0
76638,94,88,6,6
76639,114,113,1,1
76640,92,95,-3,3
76641,98,88,10,10
76642,41,40,1,1
76643,49,59,-10,10
76644,59,72,-13,13
76645,90,93,-3,3
76646,165,162,3,3
76647,53,61,-8,8
76648,67,66,1,1
76649,77,69,8,8
76650,87,79,8,8
76651,65,62,3,3
76652,133,129,4,4
76653,98,103,-5,5
76654,103,99,4,4
76655,85,85,0,0
76656,153,150,3,3
76657,85,69,16,16
76658,126,142,-16,16
76659,102,116,-14,14
76660,115,117,-2,2
76661,78,88,-10,10
76662,152,156,-4,4
76663,72,81,-9,9
76664,65,69,-4,4
76665,71,72,-1,1
76666,134,139,-5,5
76667,104,106,-2,2
76668,54,60,-6,6
76669,133,123,10,10
76670,99,80,19,19
76671,69,66,3,3
76672,169,167,2,2
76673,94,110,-16,16
76674,106,113,-7,7
76675,86,88,-2,2
76676,107,104,3,3
76677,52,50,2,2
76678,71,73,-2,2
76679,87,70,17,17
76680,155,162,-7,7
76681,58,54,4,4
76682,144,142,2,2
76683,111,102,9,9
76684,90,87,3,3
76685,74,62,12,12
76686,100,97,3,3
76687,112,111,1,1
76688,117,124,-7,7
76689,48,91,-43,43
76690,107,91,16,16
76691,144,129,15,15
76692,86,73,13,13
76693,101,83,18,18
76694,94,90,4,4
76695,129,122,7,7
76696,132,124,8,8
76697,61,53,8,8
76698,103,115,-12,12
76699,104,110,-6,6
76700,135,140,-5,5
76701,76,88,-12,12
76702,112,108,4,4
76703,114,94,20,20
76704,69,64,5,5
76705,92,81,11,11
76706,80,79,1,1
76707,139,128,11,11
76708,76,74,2,2
76709,71,64,7,7
76710,100,103,-3,3
76711,106,97,9,9
76712,145,142,3,3
76713,76,90,-14,14
76714,92,104,-12,12
76715,49,43,6,6
76716,110,102,8,8
76717,92,94,-2,2
76718,173,152,21,21
76719,98,91,7,7
76720,175,157,18,18
76721,75,83,-8,8
76722,103,100,3,3
76723,111,119,-8,8
76724,215,235,-20,20
76725,131,134,-3,3
76726,67,78,-11,11
76727,127,144,-17,17
76728,72,75,-3,3
76729,43,69,-26,26
76730,65,56,9,9
76731,69,63,6,6
76732,149,156,-7,7
76733,75,60,15,15
76734,81,91,-10,10
76735,76,72,4,4
76736,53,60,-7,7
76737,79,92,-13,13
76738,152,133,19,19
76739,97,104,-7,7
76740,48,57,-9,9
76741,107,105,2,2
76742,118,126,-8,8
76743,78,70,8,8
76744,98,72,26,26
76745,121,124,-3,3
76746,108,102,6,6
76747,59,50,9,9
76748,95,103,-8,8
76749,98,97,1,1
76750,71,65,6,6
76751,76,72,4,4
76752,100,107,-7,7
76753,70,62,8,8
76754,71,64,7,7
76755,94,76,18,18
76756,86,83,3,3
76757,102,95,7,7
76758,106,110,-4,4
76759,74,80,-6,6
76760,49,59,-10,10
76761,103,96,7,7
76762,70,70,0,0
76763,168,170,-2,2
76764,66,75,-9,9
76765,128,139,-11,11
76766,110,105,5,5
76767,82,72,10,10
76768,92,81,11,11
76769,187,176,11,11
76770,101,121,-20,20
76771,47,51,-4,4
76772,72,76,-4,4
76773,77,73,4,4
76774,30,47,-17,17
76775,124,125,-1,1
76776,218,204,14,14
76777,110,114,-4,4
76778,106,129,-23,23
76779,133,119,14,14
76780,88,70,18,18
76781,58,66,-8,8
76782,184,161,23,23
76783,152,132,20,20
76784,87,89,-2,2
76785,167,158,9,9
76786,93,87,6,6
76787,130,103,27,27
76788,96,82,14,14
76789,119,129,-10,10
76790,81,82,-1,1
76791,52,54,-2,2
76792,66,67,-1,1
76793,102,105,-3,3
76794,76,69,7,7
76795,117,108,9,9
76796,98,92,6,6
76797,81,95,-14,14
76798,99,104,-5,5
76799,81,82,-1,1
76800,64,74,-10,10
76801,139,136,3,3
76802,84,76,8,8
76803,68,62,6,6
76804,42,39,3,3
76805,73,67,6,6
76806,158,112,46,46
76807,101,98,3,3
76808,122,112,10,10
76809,76,79,-3,3
76810,129,154,-25,25
76811,99,85,14,14
76812,71,56,15,15
76813,80,75,5,5
76814,141,148,-7,7
76815,48,44,4,4
76816,146,146,0,0
76817,83,89,-6,6
76818,102,97,5,5
76819,87,81,6,6
76820,83,70,13,13
76821,63,95,-32,32
76822,89,82,7,7
76823,142,140,2,2
76824,90,94,-4,4
76825,97,95,2,2
76826,130,129,1,1
76827,88,71,17,17
76828,146,142,4,4
76829,118,131,-13,13
76830,124,124,0,0
76831,108,123,-15,15
76832,53,59,-6,6
76833,78,71,7,7
76834,54,55,-1,1
76835,121,111,10,10
76836,105,114,-9,9
76837,47,61,-14,14
76838,58,63,-5,5
76839,126,111,15,15
76840,165,148,17,17
76841,118,105,13,13
76842,54,57,-3,3
76843,98,90,8,8
76844,39,32,7,7
76845,88,90,-2,2
76846,85,80,5,5
76847,92,108,-16,16
76848,101,95,6,6
76849,69,74,-5,5
76850,70,64,6,6
76851,57,70,-13,13
76852,89,95,-6,6
76853,165,147,18,18
76854,88,85,3,3
76855,142,142,0,0
76856,109,115,-6,6
76857,105,103,2,2
76858,94,103,-9,9
76859,124,125,-1,1
76860,119,116,3,3
76861,41,47,-6,6
76862,102,108,-6,6
76863,90,72,18,18
76864,126,128,-2,2
76865,59,72,-13,13
76866,74,67,7,7
76867,104,103,1,1
76868,101,87,14,14
76869,102,96,6,6
76870,123,125,-2,2
76871,90,85,5,5
76872,85,70,15,15
76873,85,90,-5,5
76874,57,61,-4,4
76875,73,84,-11,11
76876,73,74,-1,1
76877,106,115,-9,9
76878,47,45,2,2
76879,91,92,-1,1
76880,93,82,11,11
76881,63,60,3,3
76882,80,73,7,7
76883,71,72,-1,1
76884,92,83,9,9
76885,125,118,7,7
76886,82,93,-11,11
76887,97,102,-5,5
76888,59,47,12,12
76889,125,148,-23,23
76890,115,110,5,5
76891,103,98,5,5
76892,97,97,0,0
76893,89,92,-3,3
76894,78,70,8,8
76895,159,158,1,1
76896,117,128,-11,11
76897,100,96,4,4
76898,104,112,-8,8
76899,97,113,-16,16
76900,114,111,3,3
76901,118,123,-5,5
76902,99,76,23,23
76903,98,86,12,12
76904,114,127,-13,13
76905,99,94,5,5
76906,95,94,1,1
76907,68,82,-14,14
76908,119,108,11,11
76909,125,109,16,16
76910,74,71,3,3
76911,97,91,6,6
76912,101,101,0,0
76913,157,142,15,15
76914,141,138,3,3
76915,132,131,1,1
76916,104,108,-4,4
76917,85,88,-3,3
76918,110,111,-1,1
76919,91,61,30,30
76920,53,51,2,2
76921,81,75,6,6
76922,78,81,-3,3
76923,79,95,-16,16
76924,73,67,6,6
76925,81,82,-1,1
76926,89,84,5,5
76927,78,70,8,8
76928,122,109,13,13
76929,64,69,-5,5
76930,52,53,-1,1
76931,87,92,-5,5
76932,134,131,3,3
76933,104,97,7,7
76934,116,111,5,5
76935,102,109,-7,7
76936,160,148,12,12
76937,83,81,2,2
76938,159,156,3,3
76939,130,120,10,10
76940,92,85,7,7
76941,95,90,5,5
76942,179,188,-9,9
76943,132,107,25,25
76944,53,51,2,2
76945,100,92,8,8
76946,105,97,8,8
76947,77,78,-1,1
76948,115,106,9,9
76949,126,119,7,7
76950,91,96,-5,5
76951,79,79,0,0
76952,40,43,-3,3
76953,128,112,16,16
76954,145,175,-30,30
76955,153,140,13,13
76956,81,79,2,2
76957,113,116,-3,3
76958,138,122,16,16
76959,100,108,-8,8
76960,77,66,11,11
76961,71,66,5,5
76962,110,125,-15,15
76963,118,109,9,9
76964,137,136,1,1
76965,94,80,14,14
76966,65,62,3,3
76967,52,71,-19,19
76968,74,73,1,1
76969,68,70,-2,2
76970,101,102,-1,1
76971,104,96,8,8
76972,138,129,9,9
76973,71,67,4,4
76974,140,132,8,8
76975,83,91,-8,8
76976,91,88,3,3
76977,125,102,23,23
76978,77,77,0,0
76979,63,57,6,6
76980,116,101,15,15
76981,102,101,1,1
76982,121,125,-4,4
76983,116,130,-14,14
76984,181,165,16,16
76985,112,120,-8,8
76986,151,160,-9,9
76987,127,125,2,2
76988,87,87,0,0
76989,123,120,3,3
76990,74,82,-8,8
76991,161,155,6,6
76992,48,74,-26,26
76993,207,204,3,3
76994,124,120,4,4
76995,91,99,-8,8
76996,104,98,6,6
76997,118,130,-12,12
76998,112,108,4,4
76999,70,69,1,1
77000,76,63,13,13
77001,133,131,2,2
77002,79,70,9,9
77003,56,65,-9,9
77004,111,131,-20,20
77005,48,54,-6,6
77006,80,68,12,12
77007,144,172,-28,28
77008,39,45,-6,6
77009,91,95,-4,4
77010,97,95,2,2
77011,93,82,11,11
77012,142,127,15,15
77013,116,112,4,4
77014,86,83,3,3
77015,128,118,10,10
77016,101,109,-8,8
77017,53,59,-6,6
77018,153,139,14,14
77019,69,73,-4,4
77020,101,80,21,21
77021,146,133,13,13
77022,107,111,-4,4
77023,86,92,-6,6
77024,44,55,-11,11
77025,64,71,-7,7
77026,90,57,33,33
77027,69,64,5,5
77028,78,83,-5,5
77029,141,133,8,8
77030,54,57,-3,3
77031,61,54,7,7
77032,140,130,10,10
77033,158,81,77,77
77034,96,94,2,2
77035,159,154,5,5
77036,155,115,40,40
77037,152,134,18,18
77038,62,53,9,9
77039,84,89,-5,5
77040,197,169,28,28
77041,123,119,4,4
77042,80,74,6,6
77043,25,24,1,1
77044,140,150,-10,10
77045,65,79,-14,14
77046,67,102,-35,35
77047,62,65,-3,3
77048,71,67,4,4
77049,138,128,10,10
77050,73,75,-2,2
77051,84,83,1,1
77052,227,186,41,41
77053,97,93,4,4
77054,47,62,-15,15
77055,74,72,2,2
77056,75,84,-9,9
77057,64,71,-7,7
77058,107,108,-1,1
77059,60,54,6,6
77060,70,83,-13,13
77061,117,105,12,12
77062,110,108,2,2
77063,118,115,3,3
77064,86,80,6,6
77065,61,63,-2,2
77066,72,73,-1,1
77067,153,145,8,8
77068,92,86,6,6
77069,117,117,0,0
77070,79,80,-1,1
77071,111,89,22,22
77072,48,60,-12,12
77073,71,54,17,17
77074,100,97,3,3
77075,90,77,13,13
77076,67,73,-6,6
77077,111,108,3,3
77078,68,65,3,3
77079,113,106,7,7
77080,78,88,-10,10
77081,94,94,0,0
77082,86,87,-1,1
77083,131,127,4,4
77084,142,133,9,9
77085,83,97,-14,14
77086,62,78,-16,16
77087,74,60,14,14
77088,143,142,1,1
77089,163,148,15,15
77090,78,73,5,5
77091,42,55,-13,13
77092,69,64,5,5
77093,68,62,6,6
77094,132,135,-3,3
77095,59,55,4,4
77096,107,106,1,1
77097,107,108,-1,1
77098,49,49,0,0
77099,114,117,-3,3
77100,87,87,0,0
77101,103,85,18,18
77102,122,106,16,16
77103,114,113,1,1
77104,172,156,16,16
77105,69,80,-11,11
77106,57,58,-1,1
77107,108,107,1,1
77108,80,94,-14,14
77109,70,77,-7,7
77110,126,135,-9,9
77111,102,94,8,8
77112,45,46,-1,1
77113,72,67,5,5
77114,174,156,18,18
77115,101,112,-11,11
77116,53,54,-1,1
77117,71,74,-3,3
77118,157,158,-1,1
77119,139,143,-4,4
77120,116,86,30,30
77121,86,77,9,9
77122,96,87,9,9
77123,107,115,-8,8
77124,98,98,0,0
77125,89,88,1,1
77126,117,120,-3,3
77127,108,105,3,3
77128,54,48,6,6
77129,116,125,-9,9
77130,111,106,5,5
77131,139,143,-4,4
77132,74,69,5,5
77133,117,128,-11,11
77134,106,130,-24,24
77135,158,141,17,17
77136,97,95,2,2
77137,70,65,5,5
77138,106,113,-7,7
77139,82,80,2,2
77140,141,121,20,20
77141,132,131,1,1
77142,114,104,10,10
77143,145,151,-6,6
77144,56,52,4,4
77145,109,104,5,5
77146,131,113,18,18
77147,154,110,44,44
77148,73,68,5,5
77149,63,64,-1,1
77150,134,151,-17,17
77151,91,77,14,14
77152,127,108,19,19
77153,42,41,1,1
77154,101,103,-2,2
77155,52,51,1,1
77156,143,150,-7,7
77157,92,88,4,4
77158,84,81,3,3
77159,101,121,-20,20
77160,117,130,-13,13
77161,85,82,3,3
77162,52,58,-6,6
77163,74,73,1,1
77164,78,66,12,12
77165,64,72,-8,8
77166,90,103,-13,13
77167,59,69,-10,10
77168,53,55,-2,2
77169,94,98,-4,4
77170,77,74,3,3
77171,108,89,19,19
77172,138,129,9,9
77173,83,83,0,0
77174,150,131,19,19
77175,108,116,-8,8
77176,64,62,2,2
77177,101,118,-17,17
77178,92,89,3,3
77179,150,149,1,1
77180,133,133,0,0
77181,42,45,-3,3
77182,43,51,-8,8
77183,63,69,-6,6
77184,82,84,-2,2
77185,56,51,5,5
77186,101,108,-7,7
77187,65,70,-5,5
77188,112,110,2,2
77189,50,50,0,0
77190,130,118,12,12
77191,88,103,-15,15
77192,74,62,12,12
77193,129,139,-10,10
77194,57,66,-9,9
77195,110,111,-1,1
77196,99,94,5,5
77197,77,68,9,9
77198,117,100,17,17
77199,107,105,2,2
77200,62,51,11,11
77201,75,77,-2,2
77202,97,106,-9,9
77203,54,43,11,11
77204,80,72,8,8
77205,84,81,3,3
77206,52,53,-1,1
77207,106,105,1,1
77208,99,120,-21,21
77209,92,87,5,5
77210,53,50,3,3
77211,135,136,-1,1
77212,116,102,14,14
77213,96,106,-10,10
77214,116,106,10,10
77215,90,90,0,0
77216,187,162,25,25
77217,55,86,-31,31
77218,48,80,-32,32
77219,77,82,-5,5
77220,74,80,-6,6
77221,97,109,-12,12
77222,159,151,8,8
77223,127,125,2,2
77224,83,87,-4,4
77225,67,63,4,4
77226,103,109,-6,6
77227,68,50,18,18
77228,75,70,5,5
77229,88,85,3,3
77230,82,70,12,12
77231,128,120,8,8
77232,177,165,12,12
77233,140,119,21,21
77234,108,88,20,20
77235,59,50,9,9
77236,97,97,0,0
77237,105,106,-1,1
77238,59,54,5,5
77239,74,75,-1,1
77240,63,63,0,0
77241,53,57,-4,4
77242,67,64,3,3
77243,88,80,8,8
77244,116,108,8,8
77245,141,131,10,10
77246,123,112,11,11
77247,111,112,-1,1
77248,89,77,12,12
77249,112,144,-32,32
77250,118,116,2,2
77251,51,58,-7,7
77252,165,105,60,60
77253,70,69,1,1
77254,92,84,8,8
77255,156,133,23,23
77256,160,156,4,4
77257,64,60,4,4
77258,137,126,11,11
77259,93,83,10,10
77260,124,122,2,2
77261,77,75,2,2
77262,128,134,-6,6
77263,79,72,7,7
77264,61,52,9,9
77265,112,113,-1,1
77266,45,58,-13,13
77267,67,68,-1,1
77268,126,117,9,9
77269,92,89,3,3
77270,74,71,3,3
77271,67,74,-7,7
77272,105,93,12,12
77273,167,167,0,0
77274,131,133,-2,2
77275,84,125,-41,41
77276,110,117,-7,7
77277,72,73,-1,1
77278,71,97,-26,26
77279,115,124,-9,9
77280,159,159,0,0
77281,82,97,-15,15
77282,100,111,-11,11
77283,70,70,0,0
77284,104,103,1,1
77285,49,48,1,1
77286,104,117,-13,13
77287,101,105,-4,4
77288,66,79,-13,13
77289,87,85,2,2
77290,85,92,-7,7
77291,124,139,-15,15
77292,121,116,5,5
77293,97,86,11,11
77294,63,58,5,5
77295,93,101,-8,8
77296,79,79,0,0
77297,49,47,2,2
77298,95,89,6,6
77299,76,75,1,1
77300,133,143,-10,10
77301,66,70,-4,4
77302,85,90,-5,5
77303,228,237,-9,9
77304,124,127,-3,3
77305,90,75,15,15
77306,95,95,0,0
77307,54,56,-2,2
77308,82,116,-34,34
77309,155,134,21,21
77310,173,164,9,9
77311,171,163,8,8
77312,42,48,-6,6
77313,141,154,-13,13
77314,92,76,16,16
77315,94,88,6,6
77316,82,84,-2,2
77317,132,124,8,8
77318,124,122,2,2
77319,94,89,5,5
77320,60,50,10,10
77321,58,57,1,1
77322,102,108,-6,6
77323,112,111,1,1
77324,121,115,6,6
77325,133,140,-7,7
77326,54,71,-17,17
77327,105,107,-2,2
77328,82,89,-7,7
77329,104,99,5,5
77330,91,81,10,10
77331,103,110,-7,7
77332,96,102,-6,6
77333,147,160,-13,13
77334,95,106,-11,11
77335,111,117,-6,6
77336,106,108,-2,2
77337,59,64,-5,5
77338,77,74,3,3
77339,97,79,18,18
77340,73,54,19,19
77341,105,95,10,10
77342,122,118,4,4
77343,55,65,-10,10
77344,108,99,9,9
77345,59,45,14,14
77346,124,122,2,2
77347,116,113,3,3
77348,100,100,0,0
77349,76,79,-3,3
77350,102,95,7,7
77351,95,107,-12,12
77352,138,122,16,16
77353,119,113,6,6
77354,78,78,0,0
77355,108,112,-4,4
77356,34,39,-5,5
77357,105,110,-5,5
77358,120,104,16,16
77359,91,91,0,0
77360,103,114,-11,11
77361,75,62,13,13
77362,176,157,19,19
77363,85,82,3,3
77364,75,71,4,4
77365,103,110,-7,7
77366,81,87,-6,6
77367,105,118,-13,13
77368,50,59,-9,9
77369,118,113,5,5
77370,163,149,14,14
77371,137,134,3,3
77372,167,155,12,12
77373,116,115,1,1
77374,52,51,1,1
77375,115,107,8,8
77376,188,199,-11,11
77377,187,165,22,22
77378,84,76,8,8
77379,124,120,4,4
77380,95,99,-4,4
77381,79,96,-17,17
77382,72,59,13,13
77383,68,68,0,0
77384,116,107,9,9
77385,83,119,-36,36
77386,94,78,16,16
77387,63,59,4,4
77388,200,162,38,38
77389,61,67,-6,6
77390,148,142,6,6
77391,56,66,-10,10
77392,110,113,-3,3
77393,94,99,-5,5
77394,59,75,-16,16
77395,76,65,11,11
77396,67,75,-8,8
77397,102,106,-4,4
77398,165,139,26,26
77399,79,70,9,9
77400,74,64,10,10
77401,136,147,-11,11
77402,116,104,12,12
77403,95,98,-3,3
77404,112,110,2,2
77405,65,64,1,1
77406,43,43,0,0
77407,92,85,7,7
77408,48,48,0,0
77409,75,70,5,5
77410,118,124,-6,6
77411,99,125,-26,26
77412,101,94,7,7
77413,41,60,-19,19
77414,78,82,-4,4
77415,129,122,7,7
77416,109,118,-9,9
77417,81,66,15,15
77418,167,168,-1,1
77419,55,78,-23,23
77420,202,158,44,44
77421,118,108,10,10
77422,122,127,-5,5
77423,67,57,10,10
77424,67,68,-1,1
77425,54,55,-1,1
77426,54,57,-3,3
77427,89,92,-3,3
77428,107,105,2,2
77429,94,91,3,3
77430,72,60,12,12
77431,127,117,10,10
77432,84,101,-17,17
77433,64,58,6,6
77434,96,106,-10,10
77435,116,111,5,5
77436,127,131,-4,4
77437,128,121,7,7
77438,118,132,-14,14
77439,62,57,5,5
77440,73,58,15,15
77441,36,42,-6,6
77442,165,150,15,15
77443,100,106,-6,6
77444,65,67,-2,2
77445,75,81,-6,6
77446,75,82,-7,7
77447,97,104,-7,7
77448,93,102,-9,9
77449,57,68,-11,11
77450,59,60,-1,1
77451,85,83,2,2
77452,99,106,-7,7
77453,87,91,-4,4
77454,102,108,-6,6
77455,75,82,-7,7
77456,92,93,-1,1
77457,79,91,-12,12
77458,50,53,-3,3
77459,48,50,-2,2
77460,217,181,36,36
77461,132,125,7,7
77462,101,104,-3,3
77463,82,80,2,2
77464,116,116,0,0
77465,112,108,4,4
77466,66,75,-9,9
77467,81,93,-12,12
77468,56,64,-8,8
77469,97,93,4,4
77470,84,73,11,11
77471,37,37,0,0
77472,74,66,8,8
77473,127,120,7,7
77474,54,41,13,13
77475,80,73,7,7
77476,57,53,4,4
77477,106,77,29,29
77478,91,86,5,5
77479,103,109,-6,6
77480,114,96,18,18
77481,131,119,12,12
77482,85,76,9,9
77483,85,86,-1,1
77484,93,93,0,0
77485,74,54,20,20
77486,88,90,-2,2
77487,52,58,-6,6
77488,41,58,-17,17
77489,82,89,-7,7
77490,112,99,13,13
77491,67,74,-7,7
77492,69,63,6,6
77493,150,143,7,7
77494,93,86,7,7
77495,63,52,11,11
77496,95,81,14,14
77497,46,55,-9,9
77498,72,62,10,10
77499,77,72,5,5
77500,87,91,-4,4
77501,121,133,-12,12
77502,149,129,20,20
77503,82,67,15,15
77504,57,53,4,4
77505,127,122,5,5
77506,103,100,3,3
77507,96,83,13,13
77508,82,78,4,4
77509,161,151,10,10
77510,133,124,9,9
77511,73,66,7,7
77512,71,67,4,4
77513,168,203,-35,35
77514,137,147,-10,10
77515,72,59,13,13
77516,77,69,8,8
77517,114,97,17,17
77518,115,118,-3,3
77519,70,63,7,7
77520,78,78,0,0
77521,118,129,-11,11
77522,88,83,5,5
77523,81,71,10,10
77524,118,121,-3,3
77525,60,55,5,5
77526,98,108,-10,10
77527,99,83,16,16
77528,55,55,0,0
77529,100,101,-1,1
77530,75,71,4,4
77531,77,81,-4,4
77532,139,143,-4,4
77533,99,85,14,14
77534,106,110,-4,4
77535,92,101,-9,9
77536,87,88,-1,1
77537,55,65,-10,10
77538,89,97,-8,8
77539,106,115,-9,9
77540,161,159,2,2
77541,72,81,-9,9
77542,119,107,12,12
77543,90,80,10,10
77544,110,103,7,7
77545,51,50,1,1
77546,63,63,0,0
77547,42,43,-1,1
77548,85,75,10,10
77549,144,131,13,13
77550,69,63,6,6
77551,43,43,0,0
77552,94,94,0,0
77553,178,182,-4,4
77554,80,76,4,4
77555,65,65,0,0
77556,62,67,-5,5
77557,62,70,-8,8
77558,144,123,21,21
77559,102,93,9,9
77560,104,94,10,10
77561,45,52,-7,7
77562,57,61,-4,4
77563,132,105,27,27
77564,105,94,11,11
77565,99,97,2,2
77566,60,67,-7,7
77567,72,73,-1,1
77568,122,116,6,6
77569,141,142,-1,1
77570,94,93,1,1
77571,89,98,-9,9
77572,43,47,-4,4
77573,160,149,11,11
77574,84,72,12,12
77575,84,78,6,6
77576,90,93,-3,3
77577,68,71,-3,3
77578,189,174,15,15
77579,77,87,-10,10
77580,59,71,-12,12
77581,139,134,5,5
77582,98,100,-2,2
77583,147,140,7,7
77584,158,126,32,32
77585,97,90,7,7
77586,109,114,-5,5
77587,112,111,1,1
77588,74,70,4,4
77589,155,145,10,10
77590,75,71,4,4
77591,129,121,8,8
77592,189,175,14,14
77593,98,101,-3,3
77594,68,67,1,1
77595,100,92,8,8
77596,136,114,22,22
77597,144,133,11,11
77598,123,118,5,5
77599,60,58,2,2
77600,131,126,5,5
77601,74,72,2,2
77602,148,126,22,22
77603,112,102,10,10
77604,60,70,-10,10
77605,89,76,13,13
77606,83,90,-7,7
77607,100,89,11,11
77608,70,70,0,0
77609,119,118,1,1
77610,52,61,-9,9
77611,72,72,0,0
77612,127,115,12,12
77613,82,80,2,2
77614,65,59,6,6
77615,75,67,8,8
77616,65,57,8,8
77617,80,101,-21,21
77618,95,121,-26,26
77619,74,75,-1,1
77620,107,104,3,3
77621,63,62,1,1
77622,117,120,-3,3
77623,83,75,8,8
77624,74,62,12,12
77625,56,41,15,15
77626,143,129,14,14
77627,61,76,-15,15
77628,92,96,-4,4
77629,147,164,-17,17
77630,68,75,-7,7
77631,95,99,-4,4
77632,80,80,0,0
77633,129,127,2,2
77634,133,131,2,2
77635,47,46,1,1
77636,65,54,11,11
77637,85,80,5,5
77638,100,96,4,4
77639,113,124,-11,11
77640,104,92,12,12
77641,70,71,-1,1
77642,16,25,-9,9
77643,102,94,8,8
77644,125,129,-4,4
77645,83,81,2,2
77646,114,99,15,15
77647,150,155,-5,5
77648,164,132,32,32
77649,97,92,5,5
77650,71,66,5,5
77651,78,69,9,9
77652,128,137,-9,9
77653,111,106,5,5
77654,78,67,11,11
77655,83,77,6,6
77656,84,72,12,12
77657,81,79,2,2
77658,103,113,-10,10
77659,91,92,-1,1
77660,79,82,-3,3
77661,84,78,6,6
77662,143,117,26,26
77663,97,88,9,9
77664,85,93,-8,8
77665,120,110,10,10
77666,88,96,-8,8
77667,114,81,33,33
77668,116,106,10,10
77669,72,78,-6,6
77670,101,97,4,4
77671,129,135,-6,6
77672,119,108,11,11
77673,86,91,-5,5
77674,75,70,5,5
77675,76,71,5,5
77676,84,61,23,23
77677,75,70,5,5
77678,124,115,9,9
77679,177,174,3,3
77680,75,71,4,4
77681,117,120,-3,3
77682,99,133,-34,34
77683,50,50,0,0
77684,70,108,-38,38
77685,115,115,0,0
77686,60,53,7,7
77687,96,81,15,15
77688,142,119,23,23
77689,87,86,1,1
77690,112,115,-3,3
77691,116,103,13,13
77692,56,64,-8,8
77693,158,165,-7,7
77694,188,185,3,3
77695,181,167,14,14
77696,104,94,10,10
77697,159,157,2,2
77698,122,136,-14,14
77699,69,75,-6,6
77700,105,103,2,2
77701,84,92,-8,8
77702,80,81,-1,1
77703,62,57,5,5
77704,75,64,11,11
77705,72,73,-1,1
77706,86,83,3,3
77707,99,103,-4,4
77708,59,56,3,3
77709,104,98,6,6
77710,78,81,-3,3
77711,97,91,6,6
77712,129,132,-3,3
77713,64,69,-5,5
77714,105,89,16,16
77715,93,86,7,7
77716,92,92,0,0
77717,40,48,-8,8
77718,98,102,-4,4
77719,132,139,-7,7
77720,67,71,-4,4
77721,51,85,-34,34
77722,81,90,-9,9
77723,142,124,18,18
77724,145,128,17,17
77725,72,73,-1,1
77726,102,94,8,8
77727,87,87,0,0
77728,111,96,15,15
77729,80,88,-8,8
77730,85,96,-11,11
77731,144,138,6,6
77732,66,73,-7,7
77733,98,85,13,13
77734,91,90,1,1
77735,61,61,0,0
77736,46,55,-9,9
77737,89,98,-9,9
77738,105,91,14,14
77739,102,97,5,5
77740,100,104,-4,4
77741,58,64,-6,6
77742,116,111,5,5
77743,73,75,-2,2
77744,96,95,1,1
77745,89,89,0,0
77746,79,84,-5,5
77747,74,67,7,7
77748,100,90,10,10
77749,35,50,-15,15
77750,49,53,-4,4
77751,79,68,11,11
77752,102,85,17,17
77753,104,84,20,20
77754,198,171,27,27
77755,136,114,22,22
77756,62,65,-3,3
77757,100,104,-4,4
77758,89,82,7,7
77759,131,119,12,12
77760,82,78,4,4
77761,157,158,-1,1
77762,71,70,1,1
77763,54,56,-2,2
77764,115,129,-14,14
77765,80,82,-2,2
77766,69,59,10,10
77767,80,73,7,7
77768,89,94,-5,5
77769,91,95,-4,4
77770,171,119,52,52
77771,86,86,0,0
77772,120,113,7,7
77773,72,75,-3,3
77774,67,63,4,4
77775,122,146,-24,24
77776,71,82,-11,11
77777,119,120,-1,1
77778,80,81,-1,1
77779,110,94,16,16
77780,47,67,-20,20
77781,193,169,24,24
77782,80,74,6,6
77783,52,54,-2,2
77784,61,59,2,2
77785,90,84,6,6
77786,85,89,-4,4
77787,74,69,5,5
77788,85,77,8,8
77789,125,150,-25,25
77790,150,144,6,6
77791,89,77,12,12
77792,93,89,4,4
77793,131,142,-11,11
77794,66,64,2,2
77795,78,82,-4,4
77796,151,144,7,7
77797,91,99,-8,8
77798,75,82,-7,7
77799,39,36,3,3
77800,54,52,2,2
77801,106,101,5,5
77802,128,126,2,2
77803,49,60,-11,11
77804,124,124,0,0
77805,76,76,0,0
77806,89,80,9,9
77807,48,44,4,4
77808,135,153,-18,18
77809,108,104,4,4
77810,113,114,-1,1
77811,97,99,-2,2
77812,155,163,-8,8
77813,154,137,17,17
77814,118,109,9,9
77815,87,74,13,13
77816,56,55,1,1
77817,56,65,-9,9
77818,70,78,-8,8
77819,45,48,-3,3
77820,49,67,-18,18
77821,91,76,15,15
77822,76,65,11,11
77823,81,100,-19,19
77824,121,114,7,7
77825,109,109,0,0
77826,72,102,-30,30
77827,75,77,-2,2
77828,35,48,-13,13
77829,90,94,-4,4
77830,132,127,5,5
77831,140,124,16,16
77832,75,82,-7,7
77833,76,72,4,4
77834,111,144,-33,33
77835,92,93,-1,1
77836,120,122,-2,2
77837,119,125,-6,6
77838,78,78,0,0
77839,86,71,15,15
77840,60,62,-2,2
77841,158,153,5,5
77842,94,79,15,15
77843,126,130,-4,4
77844,112,93,19,19
77845,112,98,14,14
77846,73,74,-1,1
77847,94,114,-20,20
77848,133,124,9,9
77849,70,73,-3,3
77850,83,77,6,6
77851,117,111,6,6
77852,104,98,6,6
77853,109,105,4,4
77854,173,158,15,15
77855,55,69,-14,14
77856,46,47,-1,1
77857,36,38,-2,2
77858,76,78,-2,2
77859,136,142,-6,6
77860,102,106,-4,4
77861,110,108,2,2
77862,94,92,2,2
77863,80,83,-3,3
77864,149,142,7,7
77865,249,237,12,12
77866,150,158,-8,8
77867,49,52,-3,3
77868,58,51,7,7
77869,54,54,0,0
77870,83,63,20,20
77871,119,110,9,9
77872,58,62,-4,4
77873,123,108,15,15
77874,125,113,12,12
77875,115,120,-5,5
77876,74,82,-8,8
77877,71,59,12,12
77878,162,151,11,11
77879,96,95,1,1
77880,63,87,-24,24
77881,87,89,-2,2
77882,74,63,11,11
77883,70,86,-16,16
77884,114,110,4,4
77885,72,68,4,4
77886,58,70,-12,12
77887,117,117,0,0
77888,77,90,-13,13
77889,57,66,-9,9
77890,142,146,-4,4
77891,57,66,-9,9
77892,77,81,-4,4
77893,100,114,-14,14
77894,92,110,-18,18
77895,53,59,-6,6
77896,98,90,8,8
77897,96,94,2,2
77898,67,60,7,7
77899,69,66,3,3
77900,108,108,0,0
77901,97,95,2,2
77902,75,67,8,8
77903,97,108,-11,11
77904,127,116,11,11
77905,87,82,5,5
77906,86,82,4,4
77907,84,78,6,6
77908,86,84,2,2
77909,88,91,-3,3
77910,97,103,-6,6
77911,86,95,-9,9
77912,79,77,2,2
77913,183,186,-3,3
77914,97,98,-1,1
77915,136,132,4,4
77916,78,74,4,4
77917,128,141,-13,13
77918,116,107,9,9
77919,167,164,3,3
77920,143,157,-14,14
77921,72,71,1,1
77922,101,107,-6,6
77923,89,101,-12,12
77924,63,53,10,10
77925,136,133,3,3
77926,129,129,0,0
77927,77,71,6,6
77928,70,74,-4,4
77929,114,113,1,1
77930,100,115,-15,15
77931,133,111,22,22
77932,130,120,10,10
77933,64,52,12,12
77934,105,99,6,6
77935,171,134,37,37
77936,120,112,8,8
77937,95,95,0,0
77938,72,81,-9,9
77939,75,62,13,13
77940,110,95,15,15
77941,119,110,9,9
77942,184,148,36,36
77943,132,132,0,0
77944,128,130,-2,2
77945,78,87,-9,9
77946,124,136,-12,12
77947,123,118,5,5
77948,105,98,7,7
77949,51,59,-8,8
77950,89,106,-17,17
77951,58,65,-7,7
77952,112,113,-1,1
77953,97,91,6,6
77954,95,92,3,3
77955,79,78,1,1
77956,85,81,4,4
77957,135,109,26,26
77958,127,136,-9,9
77959,95,82,13,13
77960,141,153,-12,12
77961,76,79,-3,3
77962,63,66,-3,3
77963,106,111,-5,5
77964,95,91,4,4
77965,91,91,0,0
77966,147,151,-4,4
77967,124,121,3,3
77968,88,73,15,15
77969,70,74,-4,4
77970,80,80,0,0
77971,41,58,-17,17
77972,59,52,7,7
77973,97,114,-17,17
77974,61,65,-4,4
77975,148,136,12,12
77976,106,95,11,11
77977,102,115,-13,13
77978,66,103,-37,37
77979,75,68,7,7
77980,98,86,12,12
77981,58,59,-1,1
77982,59,58,1,1
77983,53,52,1,1
77984,53,70,-17,17
77985,121,107,14,14
77986,101,90,11,11
77987,145,143,2,2
77988,57,51,6,6
77989,74,68,6,6
77990,65,60,5,5
77991,79,86,-7,7
77992,117,142,-25,25
77993,65,58,7,7
77994,64,72,-8,8
77995,81,74,7,7
77996,125,107,18,18
77997,67,67,0,0
77998,69,68,1,1
77999,59,58,1,1
78000,126,112,14,14
78001,106,119,-13,13
78002,63,61,2,2
78003,89,97,-8,8
78004,120,101,19,19
78005,97,95,2,2
78006,70,60,10,10
78007,116,125,-9,9
78008,77,64,13,13
78009,49,51,-2,2
78010,71,63,8,8
78011,64,70,-6,6
78012,72,68,4,4
78013,128,108,20,20
78014,98,95,3,3
78015,66,65,1,1
78016,112,112,0,0
78017,51,43,8,8
78018,85,77,8,8
78019,100,88,12,12
78020,92,85,7,7
78021,111,116,-5,5
78022,100,126,-26,26
78023,96,92,4,4
78024,166,146,20,20
78025,137,155,-18,18
78026,72,65,7,7
78027,115,121,-6,6
78028,88,81,7,7
78029,91,93,-2,2
78030,103,103,0,0
78031,47,52,-5,5
78032,86,95,-9,9
78033,136,124,12,12
78034,157,157,0,0
78035,124,128,-4,4
78036,137,142,-5,5
78037,101,95,6,6
78038,74,64,10,10
78039,85,65,20,20
78040,45,42,3,3
78041,168,163,5,5
78042,115,109,6,6
78043,116,128,-12,12
78044,84,90,-6,6
78045,102,100,2,2
78046,59,68,-9,9
78047,106,114,-8,8
78048,60,81,-21,21
78049,123,119,4,4
78050,85,68,17,17
78051,60,70,-10,10
78052,82,65,17,17
78053,160,146,14,14
78054,82,76,6,6
78055,83,79,4,4
78056,73,79,-6,6
78057,113,121,-8,8
78058,95,79,16,16
78059,100,92,8,8
78060,40,36,4,4
78061,80,81,-1,1
78062,110,108,2,2
78063,144,146,-2,2
78064,115,105,10,10
78065,64,78,-14,14
78066,119,105,14,14
78067,102,115,-13,13
78068,159,142,17,17
78069,104,91,13,13
78070,91,77,14,14
78071,133,139,-6,6
78072,98,100,-2,2
78073,96,109,-13,13
78074,134,128,6,6
78075,160,152,8,8
78076,59,63,-4,4
78077,74,66,8,8
78078,106,98,8,8
78079,64,63,1,1
78080,90,93,-3,3
78081,67,68,-1,1
78082,100,100,0,0
78083,68,70,-2,2
78084,159,149,10,10
78085,87,87,0,0
78086,123,131,-8,8
78087,78,75,3,3
78088,95,79,16,16
78089,56,72,-16,16
78090,102,103,-1,1
78091,108,92,16,16
78092,73,73,0,0
78093,111,124,-13,13
78094,137,125,12,12
78095,84,92,-8,8
78096,89,78,11,11
78097,70,92,-22,22
78098,78,91,-13,13
78099,152,143,9,9
78100,81,85,-4,4
78101,49,49,0,0
78102,69,73,-4,4
78103,102,88,14,14
78104,62,58,4,4
78105,91,88,3,3
78106,72,108,-36,36
78107,47,44,3,3
78108,184,165,19,19
78109,103,87,16,16
78110,69,73,-4,4
78111,51,58,-7,7
78112,120,106,14,14
78113,105,85,20,20
78114,46,55,-9,9
78115,75,73,2,2
78116,71,64,7,7
78117,45,67,-22,22
78118,80,80,0,0
78119,79,93,-14,14
78120,78,73,5,5
78121,62,69,-7,7
78122,86,88,-2,2
78123,122,118,4,4
78124,101,85,16,16
78125,72,74,-2,2
78126,141,131,10,10
78127,69,85,-16,16
78128,93,81,12,12
78129,55,42,13,13
78130,121,123,-2,2
78131,105,105,0,0
78132,99,83,16,16
78133,195,172,23,23
78134,76,66,10,10
78135,124,123,1,1
78136,100,82,18,18
78137,152,158,-6,6
78138,108,113,-5,5
78139,49,50,-1,1
78140,176,162,14,14
78141,104,182,-78,78
78142,81,70,11,11
78143,97,87,10,10
78144,58,57,1,1
78145,110,91,19,19
78146,55,58,-3,3
78147,69,67,2,2
78148,107,143,-36,36
78149,71,54,17,17
78150,88,88,0,0
78151,43,59,-16,16
78152,117,130,-13,13
78153,81,74,7,7
78154,75,79,-4,4
78155,108,111,-3,3
78156,63,59,4,4
78157,74,78,-4,4
78158,68,71,-3,3
78159,62,61,1,1
78160,52,46,6,6
78161,78,75,3,3
78162,108,117,-9,9
78163,188,131,57,57
78164,61,66,-5,5
78165,77,73,4,4
78166,97,86,11,11
78167,67,122,-55,55
78168,77,109,-32,32
78169,91,91,0,0
78170,69,71,-2,2
78171,131,145,-14,14
78172,56,47,9,9
78173,49,59,-10,10
78174,126,122,4,4
78175,114,113,1,1
78176,90,87,3,3
78177,75,71,4,4
78178,83,70,13,13
78179,92,90,2,2
78180,83,80,3,3
78181,89,76,13,13
78182,85,78,7,7
78183,70,54,16,16
78184,108,106,2,2
78185,71,72,-1,1
78186,68,63,5,5
78187,70,67,3,3
78188,107,109,-2,2
78189,58,57,1,1
78190,51,42,9,9
78191,55,66,-11,11
78192,161,154,7,7
78193,46,56,-10,10
78194,92,94,-2,2
78195,154,136,18,18
78196,83,78,5,5
78197,128,129,-1,1
78198,73,69,4,4
78199,87,74,13,13
78200,122,118,4,4
78201,108,87,21,21
78202,76,85,-9,9
78203,59,64,-5,5
78204,83,85,-2,2
78205,92,93,-1,1
78206,96,93,3,3
78207,105,107,-2,2
78208,58,58,0,0
78209,81,69,12,12
78210,110,95,15,15
78211,44,45,-1,1
78212,81,91,-10,10
78213,63,65,-2,2
78214,78,76,2,2
78215,68,68,0,0
78216,120,125,-5,5
78217,181,160,21,21
78218,141,139,2,2
78219,178,154,24,24
78220,64,59,5,5
78221,72,66,6,6
78222,45,40,5,5
78223,143,117,26,26
78224,145,140,5,5
78225,111,113,-2,2
78226,86,88,-2,2
78227,125,122,3,3
78228,79,85,-6,6
78229,67,78,-11,11
78230,173,156,17,17
78231,81,74,7,7
78232,88,92,-4,4
78233,63,72,-9,9
78234,66,85,-19,19
78235,96,95,1,1
78236,100,82,18,18
78237,57,55,2,2
78238,125,112,13,13
78239,156,154,2,2
78240,125,122,3,3
78241,133,132,1,1
78242,66,69,-3,3
78243,159,154,5,5
78244,44,37,7,7
78245,67,57,10,10
78246,105,101,4,4
78247,77,75,2,2
78248,64,78,-14,14
78249,62,98,-36,36
78250,69,60,9,9
78251,163,158,5,5
78252,62,68,-6,6
78253,50,69,-19,19
78254,100,96,4,4
78255,108,99,9,9
78256,70,60,10,10
78257,97,81,16,16
78258,83,75,8,8
78259,137,138,-1,1
78260,70,73,-3,3
78261,122,94,28,28
78262,79,80,-1,1
78263,52,72,-20,20
78264,86,90,-4,4
78265,93,89,4,4
78266,93,113,-20,20
78267,62,79,-17,17
78268,109,82,27,27
78269,107,110,-3,3
78270,83,84,-1,1
78271,57,56,1,1
78272,61,58,3,3
78273,43,43,0,0
78274,156,136,20,20
78275,102,88,14,14
78276,56,59,-3,3
78277,199,162,37,37
78278,103,104,-1,1
78279,77,81,-4,4
78280,147,134,13,13
78281,99,110,-11,11
78282,74,100,-26,26
78283,71,56,15,15
78284,142,132,10,10
78285,72,63,9,9
78286,28,91,-63,63
78287,99,102,-3,3
78288,145,148,-3,3
78289,51,45,6,6
78290,132,128,4,4
78291,102,99,3,3
78292,69,71,-2,2
78293,142,131,11,11
78294,52,51,1,1
78295,87,91,-4,4
78296,122,129,-7,7
78297,93,118,-25,25
78298,85,82,3,3
78299,101,101,0,0
78300,88,93,-5,5
78301,64,73,-9,9
78302,131,120,11,11
78303,91,97,-6,6
78304,174,168,6,6
78305,50,66,-16,16
78306,78,83,-5,5
78307,76,82,-6,6
78308,118,123,-5,5
78309,56,62,-6,6
78310,53,58,-5,5
78311,98,115,-17,17
78312,119,124,-5,5
78313,133,125,8,8
78314,66,61,5,5
78315,117,134,-17,17
78316,94,91,3,3
78317,79,87,-8,8
78318,114,124,-10,10
78319,96,81,15,15
78320,81,86,-5,5
78321,83,90,-7,7
78322,74,78,-4,4
78323,89,89,0,0
78324,73,88,-15,15
78325,160,148,12,12
78326,120,118,2,2
78327,52,42,10,10
78328,127,129,-2,2
78329,93,87,6,6
78330,108,119,-11,11
78331,95,102,-7,7
78332,75,75,0,0
78333,124,116,8,8
78334,90,92,-2,2
78335,101,101,0,0
78336,44,48,-4,4
78337,113,106,7,7
78338,64,85,-21,21
78339,135,127,8,8
78340,147,137,10,10
78341,112,114,-2,2
78342,63,72,-9,9
78343,91,113,-22,22
78344,93,76,17,17
78345,116,106,10,10
78346,124,125,-1,1
78347,127,133,-6,6
78348,114,115,-1,1
78349,137,111,26,26
78350,56,55,1,1
78351,54,51,3,3
78352,78,76,2,2
78353,71,71,0,0
78354,72,78,-6,6
78355,67,67,0,0
78356,48,54,-6,6
78357,115,140,-25,25
78358,53,58,-5,5
78359,95,97,-2,2
78360,56,71,-15,15
78361,45,41,4,4
78362,209,183,26,26
78363,85,92,-7,7
78364,80,74,6,6
78365,139,121,18,18
78366,64,59,5,5
78367,83,87,-4,4
78368,121,121,0,0
78369,102,108,-6,6
78370,94,80,14,14
78371,119,117,2,2
78372,59,64,-5,5
78373,61,100,-39,39
78374,74,66,8,8
78375,76,68,8,8
78376,91,90,1,1
78377,132,122,10,10
78378,54,61,-7,7
78379,74,83,-9,9
78380,96,93,3,3
78381,60,66,-6,6
78382,91,97,-6,6
78383,102,103,-1,1
78384,131,134,-3,3
78385,95,87,8,8
78386,35,42,-7,7
78387,70,67,3,3
78388,115,109,6,6
78389,63,63,0,0
78390,70,70,0,0
78391,73,73,0,0
78392,79,79,0,0
78393,114,125,-11,11
78394,75,89,-14,14
78395,103,94,9,9
78396,111,109,2,2
78397,110,106,4,4
78398,55,45,10,10
78399,89,93,-4,4
78400,53,62,-9,9
78401,114,96,18,18
78402,104,113,-9,9
78403,45,43,2,2
78404,122,132,-10,10
78405,72,76,-4,4
78406,140,139,1,1
78407,132,119,13,13
78408,127,147,-20,20
78409,133,130,3,3
78410,66,67,-1,1
78411,99,99,0,0
78412,112,113,-1,1
78413,104,83,21,21
78414,143,137,6,6
78415,107,95,12,12
78416,122,130,-8,8
78417,166,156,10,10
78418,169,165,4,4
78419,165,172,-7,7
78420,147,127,20,20
78421,63,67,-4,4
78422,71,68,3,3
78423,59,66,-7,7
78424,127,123,4,4
78425,168,161,7,7
78426,43,45,-2,2
78427,103,102,1,1
78428,109,106,3,3
78429,99,99,0,0
78430,71,68,3,3
78431,94,87,7,7
78432,104,96,8,8
78433,96,100,-4,4
78434,85,76,9,9
78435,122,120,2,2
78436,85,84,1,1
78437,49,62,-13,13
78438,44,81,-37,37
78439,65,63,2,2
78440,78,84,-6,6
78441,117,102,15,15
78442,103,92,11,11
78443,106,88,18,18
78444,97,100,-3,3
78445,167,186,-19,19
78446,50,52,-2,2
78447,134,116,18,18
78448,100,114,-14,14
78449,81,76,5,5
78450,108,121,-13,13
78451,55,51,4,4
78452,82,83,-1,1
78453,94,125,-31,31
78454,94,89,5,5
78455,61,62,-1,1
78456,141,149,-8,8
78457,79,81,-2,2
78458,71,73,-2,2
78459,48,52,-4,4
78460,140,126,14,14
78461,70,93,-23,23
78462,63,57,6,6
78463,137,128,9,9
78464,40,38,2,2
78465,103,93,10,10
78466,67,76,-9,9
78467,82,73,9,9
78468,119,121,-2,2
78469,131,130,1,1
78470,77,94,-17,17
78471,98,90,8,8
78472,148,155,-7,7
78473,91,83,8,8
78474,95,98,-3,3
78475,60,65,-5,5
78476,72,71,1,1
78477,123,115,8,8
78478,68,63,5,5
78479,124,148,-24,24
78480,128,129,-1,1
78481,114,115,-1,1
78482,90,86,4,4
78483,108,114,-6,6
78484,114,110,4,4
78485,33,48,-15,15
78486,95,93,2,2
78487,113,107,6,6
78488,57,57,0,0
78489,71,68,3,3
78490,110,79,31,31
78491,67,75,-8,8
78492,59,63,-4,4
78493,105,93,12,12
78494,132,132,0,0
78495,93,91,2,2
78496,90,94,-4,4
78497,134,136,-2,2
78498,32,40,-8,8
78499,108,143,-35,35
78500,81,78,3,3
78501,94,95,-1,1
78502,116,121,-5,5
78503,131,132,-1,1
78504,63,69,-6,6
78505,96,94,2,2
78506,71,61,10,10
78507,71,56,15,15
78508,79,91,-12,12
78509,115,105,10,10
78510,48,70,-22,22
78511,85,73,12,12
78512,113,101,12,12
78513,89,89,0,0
78514,131,133,-2,2
78515,91,86,5,5
78516,72,65,7,7
78517,169,158,11,11
78518,133,130,3,3
78519,176,186,-10,10
78520,118,129,-11,11
78521,71,69,2,2
78522,65,70,-5,5
78523,144,121,23,23
78524,72,89,-17,17
78525,70,71,-1,1
78526,70,66,4,4
78527,117,99,18,18
78528,97,92,5,5
78529,57,63,-6,6
78530,61,79,-18,18
78531,80,78,2,2
78532,92,96,-4,4
78533,85,82,3,3
78534,125,121,4,4
78535,90,99,-9,9
78536,80,76,4,4
78537,71,69,2,2
78538,149,137,12,12
78539,69,78,-9,9
78540,104,109,-5,5
78541,95,105,-10,10
78542,129,123,6,6
78543,144,119,25,25
78544,61,55,6,6
78545,130,111,19,19
78546,144,148,-4,4
78547,39,52,-13,13
78548,114,91,23,23
78549,48,48,0,0
78550,94,76,18,18
78551,92,91,1,1
78552,101,85,16,16
78553,79,90,-11,11
78554,113,107,6,6
78555,69,63,6,6
78556,41,55,-14,14
78557,69,70,-1,1
78558,108,105,3,3
78559,66,66,0,0
78560,93,82,11,11
78561,86,83,3,3
78562,79,80,-1,1
78563,80,90,-10,10
78564,87,105,-18,18
78565,179,161,18,18
78566,67,102,-35,35
78567,71,81,-10,10
78568,86,79,7,7
78569,92,95,-3,3
78570,109,113,-4,4
78571,45,60,-15,15
78572,84,82,2,2
78573,158,147,11,11
78574,92,80,12,12
78575,75,71,4,4
78576,84,83,1,1
78577,65,65,0,0
78578,104,93,11,11
78579,44,43,1,1
78580,198,161,37,37
78581,124,113,11,11
78582,134,117,17,17
78583,122,117,5,5
78584,77,79,-2,2
78585,103,97,6,6
78586,98,84,14,14
78587,59,55,4,4
78588,87,51,36,36
78589,74,73,1,1
78590,67,74,-7,7
78591,85,93,-8,8
78592,79,65,14,14
78593,96,94,2,2
78594,121,134,-13,13
78595,98,108,-10,10
78596,145,133,12,12
78597,110,107,3,3
78598,144,145,-1,1
78599,85,83,2,2
78600,114,128,-14,14
78601,95,95,0,0
78602,51,63,-12,12
78603,97,81,16,16
78604,81,69,12,12
78605,81,77,4,4
78606,85,76,9,9
78607,154,155,-1,1
78608,125,118,7,7
78609,97,103,-6,6
78610,161,145,16,16
78611,144,135,9,9
78612,127,119,8,8
78613,88,105,-17,17
78614,180,162,18,18
78615,90,100,-10,10
78616,66,85,-19,19
78617,95,90,5,5
78618,94,100,-6,6
78619,75,82,-7,7
78620,65,79,-14,14
78621,111,122,-11,11
78622,67,53,14,14
78623,86,91,-5,5
78624,141,121,20,20
78625,102,101,1,1
78626,142,159,-17,17
78627,188,170,18,18
78628,62,54,8,8
78629,104,118,-14,14
78630,63,64,-1,1
78631,100,101,-1,1
78632,148,142,6,6
78633,103,105,-2,2
78634,122,117,5,5
78635,69,71,-2,2
78636,89,77,12,12
78637,113,90,23,23
78638,135,127,8,8
78639,158,132,26,26
78640,74,58,16,16
78641,54,49,5,5
78642,106,107,-1,1
78643,56,95,-39,39
78644,113,97,16,16
78645,95,81,14,14
78646,134,128,6,6
78647,73,74,-1,1
78648,51,53,-2,2
78649,50,47,3,3
78650,33,36,-3,3
78651,130,117,13,13
78652,111,107,4,4
78653,58,64,-6,6
78654,103,98,5,5
78655,136,133,3,3
78656,99,102,-3,3
78657,99,95,4,4
78658,116,108,8,8
78659,149,126,23,23
78660,69,70,-1,1
78661,81,97,-16,16
78662,57,62,-5,5
78663,85,74,11,11
78664,78,88,-10,10
78665,94,84,10,10
78666,112,102,10,10
78667,141,107,34,34
78668,133,134,-1,1
78669,85,92,-7,7
78670,100,102,-2,2
78671,62,59,3,3
78672,121,112,9,9
78673,54,55,-1,1
78674,154,145,9,9
78675,142,133,9,9
78676,104,124,-20,20
78677,103,96,7,7
78678,70,65,5,5
78679,118,121,-3,3
78680,115,129,-14,14
78681,145,145,0,0
78682,106,117,-11,11
78683,114,134,-20,20
78684,87,84,3,3
78685,155,150,5,5
78686,142,134,8,8
78687,132,126,6,6
78688,94,93,1,1
78689,142,151,-9,9
78690,150,145,5,5
78691,53,62,-9,9
78692,94,79,15,15
78693,85,104,-19,19
78694,62,66,-4,4
78695,53,66,-13,13
78696,81,85,-4,4
78697,175,173,2,2
78698,55,54,1,1
78699,72,75,-3,3
78700,93,85,8,8
78701,73,82,-9,9
78702,47,63,-16,16
78703,67,73,-6,6
78704,117,117,0,0
78705,104,111,-7,7
78706,76,68,8,8
78707,99,79,20,20
78708,131,114,17,17
78709,84,82,2,2
78710,105,118,-13,13
78711,157,137,20,20
78712,111,109,2,2
78713,91,98,-7,7
78714,74,81,-7,7
78715,79,73,6,6
78716,103,88,15,15
78717,119,106,13,13
78718,163,87,76,76
78719,69,70,-1,1
78720,112,113,-1,1
78721,55,65,-10,10
78722,97,94,3,3
78723,99,90,9,9
78724,58,65,-7,7
78725,125,109,16,16
78726,88,79,9,9
78727,81,69,12,12
78728,158,170,-12,12
78729,55,100,-45,45
78730,114,116,-2,2
78731,95,89,6,6
78732,87,100,-13,13
78733,139,128,11,11
78734,79,71,8,8
78735,75,74,1,1
78736,56,53,3,3
78737,113,134,-21,21
78738,148,142,6,6
78739,160,150,10,10
78740,97,76,21,21
78741,88,84,4,4
78742,89,89,0,0
78743,101,100,1,1
78744,53,57,-4,4
78745,97,115,-18,18
78746,67,67,0,0
78747,117,86,31,31
78748,72,68,4,4
78749,40,55,-15,15
78750,48,46,2,2
78751,88,81,7,7
78752,95,40,55,55
78753,132,95,37,37
78754,63,68,-5,5
78755,95,93,2,2
78756,84,81,3,3
78757,33,40,-7,7
78758,70,78,-8,8
78759,154,151,3,3
78760,163,150,13,13
78761,175,163,12,12
78762,92,73,19,19
78763,150,151,-1,1
78764,67,69,-2,2
78765,127,134,-7,7
78766,131,109,22,22
78767,194,191,3,3
78768,113,106,7,7
78769,106,121,-15,15
78770,88,78,10,10
78771,75,72,3,3
78772,56,66,-10,10
78773,86,99,-13,13
78774,66,60,6,6
78775,171,170,1,1
78776,127,112,15,15
78777,110,113,-3,3
78778,93,98,-5,5
78779,89,86,3,3
78780,72,79,-7,7
78781,98,80,18,18
78782,77,70,7,7
78783,93,95,-2,2
78784,112,91,21,21
78785,68,60,8,8
78786,104,124,-20,20
78787,78,75,3,3
78788,69,75,-6,6
78789,48,41,7,7
78790,65,73,-8,8
78791,109,102,7,7
78792,90,117,-27,27
78793,141,127,14,14
78794,100,101,-1,1
78795,133,132,1,1
78796,110,100,10,10
78797,54,52,2,2
78798,71,65,6,6
78799,144,136,8,8
78800,57,70,-13,13
78801,88,93,-5,5
78802,107,99,8,8
78803,128,119,9,9
78804,93,101,-8,8
78805,136,137,-1,1
78806,107,94,13,13
78807,151,143,8,8
78808,114,109,5,5
78809,67,56,11,11
78810,94,91,3,3
78811,90,85,5,5
78812,105,101,4,4
78813,132,121,11,11
78814,90,79,11,11
78815,120,123,-3,3
78816,91,110,-19,19
78817,155,136,19,19
78818,62,63,-1,1
78819,109,93,16,16
78820,100,100,0,0
78821,160,130,30,30
78822,96,91,5,5
78823,104,121,-17,17
78824,93,94,-1,1
78825,72,60,12,12
78826,59,74,-15,15
78827,74,69,5,5
78828,83,81,2,2
78829,92,76,16,16
78830,100,98,2,2
78831,87,85,2,2
78832,122,121,1,1
78833,78,78,0,0
78834,79,73,6,6
78835,138,120,18,18
78836,158,152,6,6
78837,75,79,-4,4
78838,100,95,5,5
78839,134,109,25,25
78840,138,154,-16,16
78841,82,91,-9,9
78842,52,62,-10,10
78843,74,79,-5,5
78844,60,67,-7,7
78845,49,24,25,25
78846,45,48,-3,3
78847,83,80,3,3
78848,55,61,-6,6
78849,74,58,16,16
78850,96,87,9,9
78851,71,72,-1,1
78852,73,69,4,4
78853,104,109,-5,5
78854,57,49,8,8
78855,79,81,-2,2
78856,109,104,5,5
78857,65,66,-1,1
78858,129,142,-13,13
78859,75,78,-3,3
78860,209,190,19,19
78861,102,93,9,9
78862,102,113,-11,11
78863,142,125,17,17
78864,140,120,20,20
78865,44,58,-14,14
78866,102,107,-5,5
78867,89,72,17,17
78868,86,75,11,11
78869,85,76,9,9
78870,88,75,13,13
78871,77,80,-3,3
78872,123,135,-12,12
78873,62,76,-14,14
78874,163,148,15,15
78875,114,116,-2,2
78876,55,69,-14,14
78877,112,121,-9,9
78878,125,127,-2,2
78879,123,136,-13,13
78880,96,92,4,4
78881,111,102,9,9
78882,136,136,0,0
78883,75,76,-1,1
78884,134,147,-13,13
78885,77,88,-11,11
78886,98,99,-1,1
78887,94,85,9,9
78888,77,84,-7,7
78889,83,76,7,7
78890,97,82,15,15
78891,82,76,6,6
78892,126,126,0,0
78893,159,155,4,4
78894,100,112,-12,12
78895,100,126,-26,26
78896,121,112,9,9
78897,117,113,4,4
78898,81,90,-9,9
78899,90,83,7,7
78900,68,68,0,0
78901,110,115,-5,5
78902,118,137,-19,19
78903,97,84,13,13
78904,81,75,6,6
78905,105,101,4,4
78906,95,80,15,15
78907,66,85,-19,19
78908,109,108,1,1
78909,141,139,2,2
78910,52,106,-54,54
78911,80,72,8,8
78912,93,81,12,12
78913,76,78,-2,2
78914,111,110,1,1
78915,107,95,12,12
78916,132,117,15,15
78917,100,92,8,8
78918,138,137,1,1
78919,122,109,13,13
78920,105,102,3,3
78921,85,75,10,10
78922,96,55,41,41
78923,60,52,8,8
78924,106,102,4,4
78925,47,57,-10,10
78926,97,96,1,1
78927,36,36,0,0
78928,111,94,17,17
78929,121,140,-19,19
78930,85,79,6,6
78931,95,64,31,31
78932,78,86,-8,8
78933,113,119,-6,6
78934,72,74,-2,2
78935,110,119,-9,9
78936,38,44,-6,6
78937,133,138,-5,5
78938,52,84,-32,32
78939,49,52,-3,3
78940,57,67,-10,10
78941,209,153,56,56
78942,93,100,-7,7
78943,62,66,-4,4
78944,51,60,-9,9
78945,82,116,-34,34
78946,77,71,6,6
78947,165,148,17,17
78948,58,59,-1,1
78949,108,108,0,0
78950,43,51,-8,8
78951,83,77,6,6
78952,92,89,3,3
78953,127,118,9,9
78954,47,44,3,3
78955,78,75,3,3
78956,62,38,24,24
78957,136,125,11,11
78958,121,128,-7,7
78959,79,88,-9,9
78960,83,83,0,0
78961,100,112,-12,12
78962,86,98,-12,12
78963,89,85,4,4
78964,74,71,3,3
78965,133,124,9,9
78966,107,121,-14,14
78967,89,82,7,7
78968,72,58,14,14
78969,78,111,-33,33
78970,52,57,-5,5
78971,94,92,2,2
78972,107,94,13,13
78973,61,59,2,2
78974,224,196,28,28
78975,75,60,15,15
78976,53,68,-15,15
78977,95,101,-6,6
78978,63,57,6,6
78979,133,131,2,2
78980,45,39,6,6
78981,65,56,9,9
78982,93,88,5,5
78983,68,71,-3,3
78984,86,85,1,1
78985,116,126,-10,10
78986,112,111,1,1
78987,79,78,1,1
78988,83,77,6,6
78989,136,144,-8,8
78990,58,65,-7,7
78991,98,97,1,1
78992,216,219,-3,3
78993,135,132,3,3
78994,87,87,0,0
78995,99,93,6,6
78996,85,88,-3,3
78997,57,70,-13,13
78998,69,74,-5,5
78999,72,68,4,4
79000,42,54,-12,12
79001,50,48,2,2
79002,120,114,6,6
79003,43,51,-8,8
79004,58,54,4,4
79005,64,78,-14,14
79006,47,66,-19,19
79007,118,109,9,9
79008,91,109,-18,18
79009,115,117,-2,2
79010,132,123,9,9
79011,124,118,6,6
79012,127,142,-15,15
79013,90,83,7,7
79014,142,140,2,2
79015,72,75,-3,3
79016,91,93,-2,2
79017,93,102,-9,9
79018,159,157,2,2
79019,76,73,3,3
79020,89,101,-12,12
79021,127,104,23,23
79022,76,76,0,0
79023,101,99,2,2
79024,95,84,11,11
79025,82,82,0,0
79026,109,102,7,7
79027,108,103,5,5
79028,84,93,-9,9
79029,184,179,5,5
79030,77,70,7,7
79031,92,67,25,25
79032,57,60,-3,3
79033,104,92,12,12
79034,118,115,3,3
79035,111,109,2,2
79036,78,62,16,16
79037,122,86,36,36
79038,72,64,8,8
79039,106,92,14,14
79040,61,54,7,7
79041,106,103,3,3
79042,122,123,-1,1
79043,119,113,6,6
79044,141,141,0,0
79045,114,107,7,7
79046,124,105,19,19
79047,86,75,11,11
79048,43,55,-12,12
79049,177,170,7,7
79050,169,151,18,18
79051,100,103,-3,3
79052,70,67,3,3
79053,80,83,-3,3
79054,82,83,-1,1
79055,97,85,12,12
79056,112,99,13,13
79057,122,136,-14,14
79058,62,59,3,3
79059,146,138,8,8
79060,77,85,-8,8
79061,95,93,2,2
79062,167,154,13,13
79063,62,86,-24,24
79064,112,129,-17,17
79065,56,63,-7,7
79066,126,103,23,23
79067,127,113,14,14
79068,221,164,57,57
79069,180,155,25,25
79070,73,59,14,14
79071,53,63,-10,10
79072,82,89,-7,7
79073,58,65,-7,7
79074,78,65,13,13
79075,130,128,2,2
79076,39,51,-12,12
79077,93,119,-26,26
79078,87,80,7,7
79079,82,74,8,8
79080,130,120,10,10
79081,74,67,7,7
79082,93,94,-1,1
79083,69,72,-3,3
79084,57,54,3,3
79085,79,72,7,7
79086,120,120,0,0
79087,91,79,12,12
79088,99,104,-5,5
79089,100,90,10,10
79090,93,92,1,1
79091,78,78,0,0
79092,82,86,-4,4
79093,242,237,5,5
79094,154,157,-3,3
79095,63,64,-1,1
79096,52,58,-6,6
79097,106,109,-3,3
79098,87,100,-13,13
79099,106,118,-12,12
79100,36,38,-2,2
79101,108,132,-24,24
79102,153,178,-25,25
79103,44,65,-21,21
79104,119,109,10,10
79105,51,59,-8,8
79106,156,144,12,12
79107,114,139,-25,25
79108,123,105,18,18
79109,149,131,18,18
79110,90,79,11,11
79111,67,70,-3,3
79112,179,185,-6,6
79113,123,121,2,2
79114,88,85,3,3
79115,211,185,26,26
79116,149,134,15,15
79117,58,54,4,4
79118,85,82,3,3
79119,94,86,8,8
79120,125,128,-3,3
79121,50,51,-1,1
79122,78,67,11,11
79123,91,80,11,11
79124,166,171,-5,5
79125,89,77,12,12
79126,55,60,-5,5
79127,140,124,16,16
79128,122,127,-5,5
79129,92,82,10,10
79130,59,62,-3,3
79131,112,118,-6,6
79132,97,91,6,6
79133,109,111,-2,2
79134,121,137,-16,16
79135,75,73,2,2
79136,80,75,5,5
79137,104,102,2,2
79138,130,141,-11,11
79139,148,150,-2,2
79140,54,68,-14,14
79141,121,106,15,15
79142,65,90,-25,25
79143,51,65,-14,14
79144,142,118,24,24
79145,40,47,-7,7
79146,58,68,-10,10
79147,92,82,10,10
79148,71,74,-3,3
79149,96,98,-2,2
79150,118,111,7,7
79151,54,67,-13,13
79152,91,98,-7,7
79153,70,65,5,5
79154,85,78,7,7
79155,47,81,-34,34
79156,137,142,-5,5
79157,88,100,-12,12
79158,73,70,3,3
79159,99,85,14,14
79160,68,62,6,6
79161,174,179,-5,5
79162,119,123,-4,4
79163,84,84,0,0
79164,103,107,-4,4
79165,174,165,9,9
79166,98,91,7,7
79167,86,73,13,13
79168,101,111,-10,10
79169,88,73,15,15
79170,78,71,7,7
79171,94,88,6,6
79172,131,135,-4,4
79173,104,96,8,8
79174,89,94,-5,5
79175,104,113,-9,9
79176,43,49,-6,6
79177,85,86,-1,1
79178,66,85,-19,19
79179,108,110,-2,2
79180,89,96,-7,7
79181,54,54,0,0
79182,75,70,5,5
79183,85,92,-7,7
79184,94,91,3,3
79185,58,65,-7,7
79186,191,167,24,24
79187,63,61,2,2
79188,73,68,5,5
79189,92,88,4,4
79190,125,118,7,7
79191,90,66,24,24
79192,128,130,-2,2
79193,38,62,-24,24
79194,84,77,7,7
79195,85,81,4,4
79196,147,142,5,5
79197,54,60,-6,6
79198,78,77,1,1
79199,117,113,4,4
79200,78,88,-10,10
79201,83,67,16,16
79202,125,156,-31,31
79203,108,116,-8,8
79204,94,89,5,5
79205,45,43,2,2
79206,120,119,1,1
79207,86,83,3,3
79208,85,87,-2,2
79209,50,42,8,8
79210,89,94,-5,5
79211,90,79,11,11
79212,75,64,11,11
79213,110,124,-14,14
79214,82,78,4,4
79215,140,125,15,15
79216,102,108,-6,6
79217,78,77,1,1
79218,90,93,-3,3
79219,49,69,-20,20
79220,60,59,1,1
79221,128,142,-14,14
79222,91,94,-3,3
79223,94,93,1,1
79224,101,90,11,11
79225,90,86,4,4
79226,115,111,4,4
79227,111,87,24,24
79228,110,121,-11,11
79229,64,68,-4,4
79230,112,88,24,24
79231,88,92,-4,4
79232,108,89,19,19
79233,100,94,6,6
79234,66,74,-8,8
79235,142,122,20,20
79236,64,65,-1,1
79237,140,140,0,0
79238,124,123,1,1
79239,66,63,3,3
79240,99,85,14,14
79241,78,68,10,10
79242,103,111,-8,8
79243,121,121,0,0
79244,96,88,8,8
79245,30,36,-6,6
79246,69,66,3,3
79247,97,87,10,10
79248,81,73,8,8
79249,72,69,3,3
79250,93,74,19,19
79251,84,103,-19,19
79252,84,88,-4,4
79253,98,90,8,8
79254,57,69,-12,12
79255,81,78,3,3
79256,88,88,0,0
79257,98,92,6,6
79258,171,153,18,18
79259,76,69,7,7
79260,126,133,-7,7
79261,90,90,0,0
79262,91,82,9,9
79263,94,86,8,8
79264,91,73,18,18
79265,122,113,9,9
79266,81,87,-6,6
79267,86,103,-17,17
79268,79,92,-13,13
79269,76,75,1,1
79270,97,106,-9,9
79271,125,149,-24,24
79272,125,141,-16,16
79273,62,77,-15,15
79274,63,66,-3,3
79275,81,72,9,9
79276,115,88,27,27
79277,162,162,0,0
79278,103,98,5,5
79279,64,76,-12,12
79280,153,137,16,16
79281,69,74,-5,5
79282,132,121,11,11
79283,76,64,12,12
79284,63,74,-11,11
79285,65,70,-5,5
79286,89,106,-17,17
79287,165,139,26,26
79288,84,76,8,8
79289,89,81,8,8
79290,130,133,-3,3
79291,73,68,5,5
79292,110,127,-17,17
79293,157,140,17,17
79294,82,82,0,0
79295,100,106,-6,6
79296,128,124,4,4
79297,122,124,-2,2
79298,102,107,-5,5
79299,102,84,18,18
79300,86,70,16,16
79301,124,132,-8,8
79302,157,143,14,14
79303,104,104,0,0
79304,94,96,-2,2
79305,59,59,0,0
79306,103,92,11,11
79307,78,61,17,17
79308,73,71,2,2
79309,76,69,7,7
79310,112,135,-23,23
79311,103,106,-3,3
79312,159,125,34,34
79313,42,60,-18,18
79314,83,79,4,4
79315,108,108,0,0
79316,129,128,1,1
79317,129,119,10,10
79318,145,134,11,11
79319,70,68,2,2
79320,71,67,4,4
79321,60,67,-7,7
79322,100,96,4,4
79323,173,165,8,8
79324,156,140,16,16
79325,101,98,3,3
79326,99,94,5,5
79327,130,136,-6,6
79328,68,143,-75,75
79329,138,126,12,12
79330,138,131,7,7
79331,126,125,1,1
79332,74,66,8,8
79333,75,84,-9,9
79334,79,66,13,13
79335,67,63,4,4
79336,80,119,-39,39
79337,86,72,14,14
79338,57,59,-2,2
79339,111,136,-25,25
79340,95,93,2,2
79341,85,80,5,5
79342,88,78,10,10
79343,72,80,-8,8
79344,22,53,-31,31
79345,97,87,10,10
79346,130,110,20,20
79347,55,54,1,1
79348,95,80,15,15
79349,86,84,2,2
79350,53,52,1,1
79351,66,66,0,0
79352,122,131,-9,9
79353,130,119,11,11
79354,135,142,-7,7
79355,47,58,-11,11
79356,65,104,-39,39
79357,46,49,-3,3
79358,155,137,18,18
79359,60,62,-2,2
79360,75,80,-5,5
79361,97,89,8,8
79362,142,116,26,26
79363,57,61,-4,4
79364,80,80,0,0
79365,44,41,3,3
79366,107,113,-6,6
79367,39,58,-19,19
79368,163,157,6,6
79369,152,147,5,5
79370,119,112,7,7
79371,98,75,23,23
79372,67,72,-5,5
79373,61,60,1,1
79374,99,92,7,7
79375,62,53,9,9
79376,68,64,4,4
79377,72,74,-2,2
79378,83,90,-7,7
79379,103,91,12,12
79380,116,127,-11,11
79381,122,132,-10,10
79382,88,90,-2,2
79383,129,120,9,9
79384,86,84,2,2
79385,82,87,-5,5
79386,83,83,0,0
79387,71,82,-11,11
79388,77,82,-5,5
79389,100,107,-7,7
79390,206,193,13,13
79391,152,170,-18,18
79392,58,59,-1,1
79393,141,143,-2,2
79394,96,87,9,9
79395,149,121,28,28
79396,80,74,6,6
79397,48,51,-3,3
79398,75,79,-4,4
79399,95,85,10,10
79400,126,130,-4,4
79401,74,75,-1,1
79402,95,87,8,8
79403,59,74,-15,15
79404,164,142,22,22
79405,95,88,7,7
79406,46,118,-72,72
79407,88,81,7,7
79408,135,149,-14,14
79409,140,134,6,6
79410,103,103,0,0
79411,69,63,6,6
79412,144,132,12,12
79413,147,129,18,18
79414,105,107,-2,2
79415,154,141,13,13
79416,77,74,3,3
79417,74,75,-1,1
79418,132,123,9,9
79419,56,57,-1,1
79420,48,57,-9,9
79421,77,75,2,2
79422,20,36,-16,16
79423,94,106,-12,12
79424,66,64,2,2
79425,72,74,-2,2
79426,130,121,9,9
79427,282,220,62,62
79428,139,85,54,54
79429,99,119,-20,20
79430,67,70,-3,3
79431,72,84,-12,12
79432,96,89,7,7
79433,76,77,-1,1
79434,119,108,11,11
79435,93,77,16,16
79436,61,66,-5,5
79437,79,70,9,9
79438,107,106,1,1
79439,152,157,-5,5
79440,85,69,16,16
79441,62,109,-47,47
79442,103,88,15,15
79443,59,45,14,14
79444,109,112,-3,3
79445,84,92,-8,8
79446,85,100,-15,15
79447,77,87,-10,10
79448,182,172,10,10
79449,105,105,0,0
79450,165,162,3,3
79451,101,95,6,6
79452,91,87,4,4
79453,93,96,-3,3
79454,105,106,-1,1
79455,98,98,0,0
79456,140,132,8,8
79457,150,155,-5,5
79458,168,145,23,23
79459,155,144,11,11
79460,75,69,6,6
79461,56,48,8,8
79462,41,57,-16,16
79463,84,83,1,1
79464,46,52,-6,6
79465,168,165,3,3
79466,148,133,15,15
79467,92,86,6,6
79468,93,84,9,9
79469,108,91,17,17
79470,52,57,-5,5
79471,100,98,2,2
79472,77,81,-4,4
79473,95,96,-1,1
79474,67,59,8,8
79475,84,70,14,14
79476,107,110,-3,3
79477,80,73,7,7
79478,104,106,-2,2
79479,86,84,2,2
79480,90,68,22,22
79481,70,82,-12,12
79482,125,141,-16,16
79483,68,64,4,4
79484,125,129,-4,4
79485,133,138,-5,5
79486,77,77,0,0
79487,70,80,-10,10
79488,182,164,18,18
79489,114,95,19,19
79490,114,103,11,11
79491,183,171,12,12
79492,57,59,-2,2
79493,111,113,-2,2
79494,49,46,3,3
79495,58,55,3,3
79496,97,111,-14,14
79497,141,145,-4,4
79498,133,139,-6,6
79499,115,93,22,22
79500,142,137,5,5
79501,53,52,1,1
79502,69,63,6,6
79503,152,122,30,30
79504,52,57,-5,5
79505,145,158,-13,13
79506,90,89,1,1
79507,125,119,6,6
79508,73,63,10,10
79509,72,68,4,4
79510,69,76,-7,7
79511,146,127,19,19
79512,149,140,9,9
79513,79,76,3,3
79514,105,126,-21,21
79515,65,63,2,2
79516,139,122,17,17
79517,123,119,4,4
79518,105,90,15,15
79519,40,48,-8,8
79520,65,68,-3,3
79521,134,134,0,0
79522,123,129,-6,6
79523,127,113,14,14
79524,39,118,-79,79
79525,104,116,-12,12
79526,48,48,0,0
79527,78,78,0,0
79528,102,101,1,1
79529,72,57,15,15
79530,130,120,10,10
79531,107,109,-2,2
79532,90,91,-1,1
79533,85,77,8,8
79534,103,102,1,1
79535,118,114,4,4
79536,67,87,-20,20
79537,101,70,31,31
79538,108,53,55,55
79539,134,150,-16,16
79540,83,73,10,10
79541,103,81,22,22
79542,43,65,-22,22
79543,154,136,18,18
79544,137,129,8,8
79545,133,117,16,16
79546,165,155,10,10
79547,68,71,-3,3
79548,144,145,-1,1
79549,112,105,7,7
79550,96,103,-7,7
79551,84,60,24,24
79552,131,118,13,13
79553,95,93,2,2
79554,166,164,2,2
79555,56,70,-14,14
79556,112,103,9,9
79557,55,54,1,1
79558,88,90,-2,2
79559,81,70,11,11
79560,79,65,14,14
79561,105,104,1,1
79562,52,64,-12,12
79563,131,132,-1,1
79564,101,110,-9,9
79565,98,111,-13,13
79566,60,53,7,7
79567,66,74,-8,8
79568,85,73,12,12
79569,81,72,9,9
79570,117,125,-8,8
79571,61,61,0,0
79572,74,74,0,0
79573,64,68,-4,4
79574,61,63,-2,2
79575,106,99,7,7
79576,82,82,0,0
79577,68,89,-21,21
79578,100,101,-1,1
79579,111,81,30,30
79580,73,75,-2,2
79581,110,110,0,0
79582,110,109,1,1
79583,150,152,-2,2
79584,119,121,-2,2
79585,140,145,-5,5
79586,107,97,10,10
79587,31,42,-11,11
79588,111,97,14,14
79589,93,99,-6,6
79590,73,72,1,1
79591,75,71,4,4
79592,106,118,-12,12
79593,46,47,-1,1
79594,169,157,12,12
79595,128,129,-1,1
79596,189,170,19,19
79597,119,107,12,12
79598,61,55,6,6
79599,109,115,-6,6
79600,129,112,17,17
79601,118,120,-2,2
79602,91,89,2,2
79603,95,97,-2,2
79604,106,83,23,23
79605,188,174,14,14
79606,78,77,1,1
79607,59,63,-4,4
79608,66,65,1,1
79609,62,54,8,8
79610,137,133,4,4
79611,82,69,13,13
79612,115,126,-11,11
79613,102,105,-3,3
79614,50,84,-34,34
79615,119,120,-1,1
79616,159,158,1,1
79617,146,141,5,5
79618,62,56,6,6
79619,72,63,9,9
79620,82,79,3,3
79621,64,72,-8,8
79622,74,76,-2,2
79623,104,90,14,14
79624,169,123,46,46
79625,86,93,-7,7
79626,178,178,0,0
79627,83,86,-3,3
79628,115,118,-3,3
79629,124,134,-10,10
79630,123,158,-35,35
79631,90,92,-2,2
79632,51,52,-1,1
79633,99,87,12,12
79634,99,132,-33,33
79635,108,96,12,12
79636,124,106,18,18
79637,144,134,10,10
79638,128,143,-15,15
79639,70,67,3,3
79640,74,82,-8,8
79641,134,138,-4,4
79642,119,127,-8,8
79643,41,44,-3,3
79644,101,108,-7,7
79645,149,140,9,9
79646,121,115,6,6
79647,56,48,8,8
79648,108,101,7,7
79649,72,76,-4,4
79650,98,91,7,7
79651,67,67,0,0
79652,69,68,1,1
79653,89,84,5,5
79654,122,128,-6,6
79655,75,88,-13,13
79656,80,80,0,0
79657,184,187,-3,3
79658,80,78,2,2
79659,136,121,15,15
79660,85,85,0,0
79661,86,81,5,5
79662,99,105,-6,6
79663,161,155,6,6
79664,106,111,-5,5
79665,86,77,9,9
79666,160,148,12,12
79667,140,155,-15,15
79668,157,165,-8,8
79669,121,117,4,4
79670,61,73,-12,12
79671,108,100,8,8
79672,110,102,8,8
79673,101,86,15,15
79674,85,85,0,0
79675,125,139,-14,14
79676,67,66,1,1
79677,64,61,3,3
79678,47,70,-23,23
79679,111,120,-9,9
79680,45,61,-16,16
79681,79,62,17,17
79682,102,104,-2,2
79683,99,77,22,22
79684,121,118,3,3
79685,75,80,-5,5
79686,172,161,11,11
79687,67,62,5,5
79688,111,110,1,1
79689,119,130,-11,11
79690,134,132,2,2
79691,139,129,10,10
79692,67,70,-3,3
79693,100,109,-9,9
79694,64,63,1,1
79695,105,102,3,3
79696,106,87,19,19
79697,41,52,-11,11
79698,122,123,-1,1
79699,96,102,-6,6
79700,74,69,5,5
79701,97,94,3,3
79702,106,103,3,3
79703,58,49,9,9
79704,61,68,-7,7
79705,72,70,2,2
79706,97,100,-3,3
79707,104,99,5,5
79708,90,94,-4,4
79709,190,188,2,2
79710,113,127,-14,14
79711,72,96,-24,24
79712,102,99,3,3
79713,143,117,26,26
79714,71,65,6,6
79715,80,90,-10,10
79716,45,56,-11,11
79717,57,55,2,2
79718,109,106,3,3
79719,80,80,0,0
79720,54,72,-18,18
79721,75,74,1,1
79722,80,80,0,0
79723,73,75,-2,2
79724,216,203,13,13
79725,73,68,5,5
79726,124,115,9,9
79727,160,127,33,33
79728,140,129,11,11
79729,136,128,8,8
79730,68,55,13,13
79731,91,92,-1,1
79732,69,70,-1,1
79733,93,97,-4,4
79734,103,93,10,10
79735,93,97,-4,4
79736,53,54,-1,1
79737,116,96,20,20
79738,57,84,-27,27
79739,89,87,2,2
79740,58,57,1,1
79741,136,135,1,1
79742,95,106,-11,11
79743,59,57,2,2
79744,169,146,23,23
79745,105,107,-2,2
79746,119,98,21,21
79747,89,82,7,7
79748,132,137,-5,5
79749,81,64,17,17
79750,52,50,2,2
79751,139,111,28,28
79752,60,60,0,0
79753,128,142,-14,14
79754,54,51,3,3
79755,123,122,1,1
79756,99,94,5,5
79757,36,45,-9,9
79758,40,43,-3,3
79759,114,109,5,5
79760,89,78,11,11
79761,68,71,-3,3
79762,96,88,8,8
79763,120,124,-4,4
79764,85,86,-1,1
79765,67,65,2,2
79766,90,88,2,2
79767,59,61,-2,2
79768,86,71,15,15
79769,187,165,22,22
79770,117,108,9,9
79771,50,56,-6,6
79772,90,87,3,3
79773,92,89,3,3
79774,57,61,-4,4
79775,55,48,7,7
79776,51,53,-2,2
79777,84,84,0,0
79778,110,104,6,6
79779,52,57,-5,5
79780,56,64,-8,8
79781,82,81,1,1
79782,141,153,-12,12
79783,104,100,4,4
79784,113,120,-7,7
79785,119,116,3,3
79786,124,124,0,0
79787,79,73,6,6
79788,99,92,7,7
79789,133,109,24,24
79790,53,53,0,0
79791,88,90,-2,2
79792,58,55,3,3
79793,90,89,1,1
79794,89,106,-17,17
79795,91,104,-13,13
79796,110,103,7,7
79797,77,74,3,3
79798,71,67,4,4
79799,77,81,-4,4
79800,115,117,-2,2
79801,62,67,-5,5
79802,167,163,4,4
79803,105,112,-7,7
79804,100,91,9,9
79805,100,104,-4,4
79806,111,115,-4,4
79807,92,86,6,6
79808,162,157,5,5
79809,109,106,3,3
79810,164,153,11,11
79811,63,51,12,12
79812,67,76,-9,9
79813,158,160,-2,2
79814,82,77,5,5
79815,65,57,8,8
79816,118,119,-1,1
79817,87,88,-1,1
79818,159,155,4,4
79819,122,114,8,8
79820,102,107,-5,5
79821,63,61,2,2
79822,94,84,10,10
79823,100,105,-5,5
79824,87,75,12,12
79825,98,86,12,12
79826,79,73,6,6
79827,104,95,9,9
79828,115,100,15,15
79829,118,128,-10,10
79830,82,75,7,7
79831,130,127,3,3
79832,98,105,-7,7
79833,141,156,-15,15
79834,197,170,27,27
79835,141,147,-6,6
79836,91,94,-3,3
79837,80,77,3,3
79838,104,93,11,11
79839,171,158,13,13
79840,292,207,85,85
79841,113,118,-5,5
79842,111,104,7,7
79843,116,110,6,6
79844,66,56,10,10
79845,146,151,-5,5
79846,62,55,7,7
79847,105,103,2,2
79848,66,61,5,5
79849,59,59,0,0
79850,74,70,4,4
79851,91,79,12,12
79852,117,106,11,11
79853,101,116,-15,15
79854,167,169,-2,2
79855,69,66,3,3
79856,120,110,10,10
79857,119,117,2,2
79858,130,133,-3,3
79859,69,66,3,3
79860,97,117,-20,20
79861,76,78,-2,2
79862,183,171,12,12
79863,65,67,-2,2
79864,155,145,10,10
79865,80,49,31,31
79866,107,114,-7,7
79867,46,75,-29,29
79868,95,89,6,6
79869,72,68,4,4
79870,74,76,-2,2
79871,73,75,-2,2
79872,66,79,-13,13
79873,76,80,-4,4
79874,75,75,0,0
79875,36,69,-33,33
79876,82,90,-8,8
79877,150,138,12,12
79878,88,91,-3,3
79879,40,44,-4,4
79880,82,81,1,1
79881,166,156,10,10
79882,113,107,6,6
79883,120,120,0,0
79884,136,135,1,1
79885,53,60,-7,7
79886,233,144,89,89
79887,78,71,7,7
79888,112,110,2,2
79889,103,127,-24,24
79890,100,103,-3,3
79891,86,110,-24,24
79892,69,75,-6,6
79893,109,104,5,5
79894,105,101,4,4
79895,51,83,-32,32
79896,99,102,-3,3
79897,138,151,-13,13
79898,42,95,-53,53
79899,87,82,5,5
79900,141,138,3,3
79901,75,79,-4,4
79902,96,96,0,0
79903,56,49,7,7
79904,122,116,6,6
79905,65,60,5,5
79906,113,97,16,16
79907,67,61,6,6
79908,83,77,6,6
79909,91,72,19,19
79910,136,145,-9,9
79911,85,75,10,10
79912,66,68,-2,2
79913,79,70,9,9
79914,73,82,-9,9
79915,106,99,7,7
79916,76,71,5,5
79917,149,145,4,4
79918,38,49,-11,11
79919,108,100,8,8
79920,91,88,3,3
79921,105,104,1,1
79922,85,87,-2,2
79923,62,69,-7,7
79924,117,142,-25,25
79925,62,61,1,1
79926,115,110,5,5
79927,85,69,16,16
79928,150,152,-2,2
79929,132,173,-41,41
79930,74,76,-2,2
79931,44,70,-26,26
79932,152,166,-14,14
79933,142,156,-14,14
79934,106,106,0,0
79935,97,108,-11,11
79936,97,81,16,16
79937,53,57,-4,4
79938,116,111,5,5
79939,141,141,0,0
79940,109,110,-1,1
79941,90,75,15,15
79942,111,110,1,1
79943,186,186,0,0
79944,133,128,5,5
79945,83,79,4,4
79946,69,90,-21,21
79947,73,67,6,6
79948,154,140,14,14
79949,93,100,-7,7
79950,87,78,9,9
79951,126,123,3,3
79952,91,90,1,1
79953,79,88,-9,9
79954,82,92,-10,10
79955,112,92,20,20
79956,72,69,3,3
79957,179,166,13,13
79958,67,75,-8,8
79959,61,77,-16,16
79960,134,125,9,9
79961,129,131,-2,2
79962,79,73,6,6
79963,95,94,1,1
79964,147,134,13,13
79965,86,85,1,1
79966,64,66,-2,2
79967,73,79,-6,6
79968,60,67,-7,7
79969,122,131,-9,9
79970,91,93,-2,2
79971,78,38,40,40
79972,69,67,2,2
79973,64,83,-19,19
79974,120,110,10,10
79975,101,97,4,4
79976,51,66,-15,15
79977,80,85,-5,5
79978,100,123,-23,23
79979,104,104,0,0
79980,69,78,-9,9
79981,94,88,6,6
79982,110,111,-1,1
79983,157,158,-1,1
79984,56,63,-7,7
79985,118,122,-4,4
79986,29,32,-3,3
79987,110,134,-24,24
79988,102,95,7,7
79989,78,77,1,1
79990,116,121,-5,5
79991,129,134,-5,5
79992,124,130,-6,6
79993,69,79,-10,10
79994,94,96,-2,2
79995,105,102,3,3
79996,127,143,-16,16
79997,99,102,-3,3
79998,106,92,14,14
79999,45,39,6,6
80000,73,69,4,4
80001,57,55,2,2
80002,71,64,7,7
80003,84,85,-1,1
80004,91,88,3,3
80005,93,88,5,5
80006,75,78,-3,3
80007,98,87,11,11
80008,76,70,6,6
80009,87,83,4,4
80010,100,108,-8,8
80011,101,113,-12,12
80012,63,69,-6,6
80013,94,86,8,8
80014,58,71,-13,13
80015,77,63,14,14
80016,136,120,16,16
80017,86,81,5,5
80018,109,102,7,7
80019,77,74,3,3
80020,146,146,0,0
80021,128,129,-1,1
80022,164,156,8,8
80023,71,75,-4,4
80024,147,156,-9,9
80025,96,97,-1,1
80026,65,65,0,0
80027,95,92,3,3
80028,84,82,2,2
80029,104,103,1,1
80030,75,77,-2,2
80031,168,176,-8,8
80032,200,180,20,20
80033,153,158,-5,5
80034,171,163,8,8
80035,111,125,-14,14
80036,65,72,-7,7
80037,85,94,-9,9
80038,98,78,20,20
80039,111,109,2,2
80040,112,110,2,2
80041,113,105,8,8
80042,148,128,20,20
80043,115,110,5,5
80044,63,69,-6,6
80045,95,86,9,9
80046,98,95,3,3
80047,117,122,-5,5
80048,144,140,4,4
80049,115,121,-6,6
80050,124,109,15,15
80051,115,128,-13,13
80052,93,88,5,5
80053,83,74,9,9
80054,83,78,5,5
80055,106,108,-2,2
80056,104,103,1,1
80057,149,169,-20,20
80058,94,99,-5,5
80059,61,75,-14,14
80060,63,66,-3,3
80061,98,96,2,2
80062,70,72,-2,2
80063,96,101,-5,5
80064,89,87,2,2
80065,120,142,-22,22
80066,85,74,11,11
80067,159,132,27,27
80068,144,151,-7,7
80069,63,67,-4,4
80070,102,102,0,0
80071,119,110,9,9
80072,106,102,4,4
80073,88,78,10,10
80074,54,50,4,4
80075,58,54,4,4
80076,130,89,41,41
80077,168,149,19,19
80078,73,70,3,3
80079,133,146,-13,13
80080,98,105,-7,7
80081,86,75,11,11
80082,81,82,-1,1
80083,83,80,3,3
80084,59,61,-2,2
80085,43,69,-26,26
80086,80,84,-4,4
80087,73,72,1,1
80088,86,81,5,5
80089,89,108,-19,19
80090,77,72,5,5
80091,59,61,-2,2
80092,64,98,-34,34
80093,82,71,11,11
80094,47,58,-11,11
80095,99,76,23,23
80096,104,93,11,11
80097,62,62,0,0
80098,70,79,-9,9
80099,65,63,2,2
80100,79,85,-6,6
80101,86,77,9,9
80102,105,89,16,16
80103,91,101,-10,10
80104,117,103,14,14
80105,43,53,-10,10
80106,171,159,12,12
80107,115,110,5,5
80108,111,120,-9,9
80109,73,70,3,3
80110,118,96,22,22
80111,84,75,9,9
80112,96,110,-14,14
80113,115,127,-12,12
80114,172,180,-8,8
80115,138,135,3,3
80116,130,130,0,0
80117,142,145,-3,3
80118,92,90,2,2
80119,71,61,10,10
80120,42,52,-10,10
80121,93,85,8,8
80122,116,108,8,8
80123,90,83,7,7
80124,74,76,-2,2
80125,56,63,-7,7
80126,139,131,8,8
80127,76,99,-23,23
80128,97,98,-1,1
80129,88,85,3,3
80130,70,69,1,1
80131,148,131,17,17
80132,70,73,-3,3
80133,112,109,3,3
80134,81,55,26,26
80135,52,53,-1,1
80136,95,102,-7,7
80137,80,86,-6,6
80138,46,51,-5,5
80139,50,45,5,5
80140,129,134,-5,5
80141,90,88,2,2
80142,132,113,19,19
80143,143,133,10,10
80144,130,155,-25,25
80145,147,139,8,8
80146,103,99,4,4
80147,61,48,13,13
80148,88,94,-6,6
80149,158,148,10,10
80150,50,54,-4,4
80151,115,116,-1,1
80152,86,90,-4,4
80153,95,83,12,12
80154,135,140,-5,5
80155,84,88,-4,4
80156,116,134,-18,18
80157,31,41,-10,10
80158,86,88,-2,2
80159,87,79,8,8
80160,99,88,11,11
80161,61,61,0,0
80162,66,65,1,1
80163,99,110,-11,11
80164,83,69,14,14
80165,63,65,-2,2
80166,85,70,15,15
80167,90,84,6,6
80168,114,100,14,14
80169,77,75,2,2
80170,74,78,-4,4
80171,85,71,14,14
80172,49,80,-31,31
80173,29,46,-17,17
80174,77,70,7,7
80175,70,69,1,1
80176,72,84,-12,12
80177,67,79,-12,12
80178,73,77,-4,4
80179,112,99,13,13
80180,153,138,15,15
80181,120,118,2,2
80182,96,92,4,4
80183,104,99,5,5
80184,74,82,-8,8
80185,50,105,-55,55
80186,74,69,5,5
80187,91,84,7,7
80188,100,105,-5,5
80189,45,57,-12,12
80190,96,104,-8,8
80191,57,58,-1,1
80192,117,110,7,7
80193,116,99,17,17
80194,117,115,2,2
80195,85,95,-10,10
80196,90,86,4,4
80197,120,101,19,19
80198,63,68,-5,5
80199,131,141,-10,10
80200,55,50,5,5
80201,159,156,3,3
80202,95,92,3,3
80203,91,102,-11,11
80204,52,54,-2,2
80205,73,64,9,9
80206,107,101,6,6
80207,73,84,-11,11
80208,144,146,-2,2
80209,101,110,-9,9
80210,84,88,-4,4
80211,72,80,-8,8
80212,100,105,-5,5
80213,57,51,6,6
80214,89,83,6,6
80215,85,82,3,3
80216,136,137,-1,1
80217,104,109,-5,5
80218,180,173,7,7
80219,88,88,0,0
80220,81,93,-12,12
80221,98,95,3,3
80222,63,54,9,9
80223,81,96,-15,15
80224,132,144,-12,12
80225,139,141,-2,2
80226,156,146,10,10
80227,94,97,-3,3
80228,113,121,-8,8
80229,155,171,-16,16
80230,106,89,17,17
80231,71,81,-10,10
80232,98,107,-9,9
80233,48,69,-21,21
80234,54,50,4,4
80235,86,87,-1,1
80236,103,108,-5,5
80237,148,147,1,1
80238,73,63,10,10
80239,135,143,-8,8
80240,93,89,4,4
80241,137,143,-6,6
80242,82,76,6,6
80243,78,73,5,5
80244,95,101,-6,6
80245,74,68,6,6
80246,95,98,-3,3
80247,64,54,10,10
80248,100,96,4,4
80249,95,93,2,2
80250,28,44,-16,16
80251,38,43,-5,5
80252,92,82,10,10
80253,134,131,3,3
80254,68,62,6,6
80255,117,115,2,2
80256,118,119,-1,1
80257,79,67,12,12
80258,61,58,3,3
80259,132,135,-3,3
80260,98,114,-16,16
80261,70,70,0,0
80262,117,109,8,8
80263,61,52,9,9
80264,69,69,0,0
80265,76,70,6,6
80266,56,62,-6,6
80267,108,103,5,5
80268,70,76,-6,6
80269,53,59,-6,6
80270,94,102,-8,8
80271,158,153,5,5
80272,146,142,4,4
80273,94,87,7,7
80274,48,67,-19,19
80275,85,91,-6,6
80276,117,100,17,17
80277,119,107,12,12
80278,72,78,-6,6
80279,103,101,2,2
80280,85,79,6,6
80281,121,111,10,10
80282,66,70,-4,4
80283,177,184,-7,7
80284,85,88,-3,3
80285,151,148,3,3
80286,57,53,4,4
80287,83,59,24,24
80288,68,67,1,1
80289,118,126,-8,8
80290,70,72,-2,2
80291,30,114,-84,84
80292,94,98,-4,4
80293,68,66,2,2
80294,153,157,-4,4
80295,81,75,6,6
80296,106,94,12,12
80297,93,83,10,10
80298,152,146,6,6
80299,117,115,2,2
80300,121,117,4,4
80301,104,115,-11,11
80302,130,120,10,10
80303,113,110,3,3
80304,108,107,1,1
80305,110,93,17,17
80306,76,80,-4,4
80307,119,122,-3,3
80308,79,69,10,10
80309,96,87,9,9
80310,74,84,-10,10
80311,71,60,11,11
80312,79,69,10,10
80313,62,71,-9,9
80314,67,71,-4,4
80315,149,139,10,10
80316,70,68,2,2
80317,87,86,1,1
80318,302,283,19,19
80319,51,59,-8,8
80320,73,68,5,5
80321,47,51,-4,4
80322,138,129,9,9
80323,155,140,15,15
80324,67,69,-2,2
80325,118,129,-11,11
80326,73,76,-3,3
80327,67,58,9,9
80328,43,57,-14,14
80329,101,107,-6,6
80330,89,62,27,27
80331,67,68,-1,1
80332,148,157,-9,9
80333,131,133,-2,2
80334,73,60,13,13
80335,135,121,14,14
80336,71,73,-2,2
80337,71,63,8,8
80338,108,93,15,15
80339,131,117,14,14
80340,115,132,-17,17
80341,56,57,-1,1
80342,84,85,-1,1
80343,92,97,-5,5
80344,38,40,-2,2
80345,134,129,5,5
80346,75,70,5,5
80347,124,110,14,14
80348,126,132,-6,6
80349,103,129,-26,26
80350,57,59,-2,2
80351,82,93,-11,11
80352,113,119,-6,6
80353,103,114,-11,11
80354,119,100,19,19
80355,259,283,-24,24
80356,87,82,5,5
80357,180,158,22,22
80358,84,91,-7,7
80359,110,126,-16,16
80360,116,103,13,13
80361,114,117,-3,3
80362,124,140,-16,16
80363,92,78,14,14
80364,86,87,-1,1
80365,85,87,-2,2
80366,65,53,12,12
80367,73,71,2,2
80368,72,67,5,5
80369,108,111,-3,3
80370,47,43,4,4
80371,96,94,2,2
80372,66,77,-11,11
80373,70,79,-9,9
80374,134,132,2,2
80375,47,59,-12,12
80376,50,61,-11,11
80377,69,77,-8,8
80378,82,78,4,4
80379,103,91,12,12
80380,79,72,7,7
80381,82,83,-1,1
80382,77,88,-11,11
80383,77,69,8,8
80384,99,89,10,10
80385,99,101,-2,2
80386,156,164,-8,8
80387,82,72,10,10
80388,123,122,1,1
80389,75,72,3,3
80390,47,46,1,1
80391,32,32,0,0
80392,72,79,-7,7
80393,92,84,8,8
80394,128,106,22,22
80395,100,103,-3,3
80396,78,84,-6,6
80397,141,141,0,0
80398,361,309,52,52
80399,142,135,7,7
80400,28,125,-97,97
80401,53,51,2,2
80402,80,81,-1,1
80403,81,83,-2,2
80404,181,157,24,24
80405,55,62,-7,7
80406,81,85,-4,4
80407,58,61,-3,3
80408,28,40,-12,12
80409,76,86,-10,10
80410,77,88,-11,11
80411,125,128,-3,3
80412,89,101,-12,12
80413,91,83,8,8
80414,103,109,-6,6
80415,97,99,-2,2
80416,90,80,10,10
80417,69,66,3,3
80418,140,135,5,5
80419,59,67,-8,8
80420,140,128,12,12
80421,119,113,6,6
80422,86,93,-7,7
80423,71,74,-3,3
80424,179,164,15,15
80425,119,99,20,20
80426,115,99,16,16
80427,61,75,-14,14
80428,160,159,1,1
80429,127,136,-9,9
80430,186,180,6,6
80431,95,96,-1,1
80432,73,82,-9,9
80433,86,81,5,5
80434,64,64,0,0
80435,164,151,13,13
80436,80,74,6,6
80437,107,135,-28,28
80438,138,133,5,5
80439,95,109,-14,14
80440,161,146,15,15
80441,81,70,11,11
80442,118,111,7,7
80443,102,95,7,7
80444,79,77,2,2
80445,83,84,-1,1
80446,96,87,9,9
80447,99,120,-21,21
80448,101,101,0,0
80449,73,75,-2,2
80450,151,131,20,20
80451,86,93,-7,7
80452,107,97,10,10
80453,102,88,14,14
80454,87,80,7,7
80455,110,97,13,13
80456,75,94,-19,19
80457,68,84,-16,16
80458,88,92,-4,4
80459,84,78,6,6
80460,81,80,1,1
80461,78,80,-2,2
80462,73,72,1,1
80463,103,86,17,17
80464,175,162,13,13
80465,122,115,7,7
80466,106,109,-3,3
80467,53,53,0,0
80468,120,129,-9,9
80469,135,134,1,1
80470,96,96,0,0
80471,69,79,-10,10
80472,86,87,-1,1
80473,94,91,3,3
80474,46,43,3,3
80475,93,91,2,2
80476,111,104,7,7
80477,54,57,-3,3
80478,63,49,14,14
80479,59,74,-15,15
80480,61,60,1,1
80481,68,91,-23,23
80482,140,123,17,17
80483,79,75,4,4
80484,148,161,-13,13
80485,114,107,7,7
80486,77,82,-5,5
80487,95,89,6,6
80488,53,52,1,1
80489,102,97,5,5
80490,150,153,-3,3
80491,142,116,26,26
80492,123,129,-6,6
80493,85,76,9,9
80494,86,82,4,4
80495,106,90,16,16
80496,123,107,16,16
80497,99,89,10,10
80498,78,69,9,9
80499,74,73,1,1
80500,83,85,-2,2
80501,68,79,-11,11
80502,100,103,-3,3
80503,71,57,14,14
80504,85,71,14,14
80505,105,98,7,7
80506,132,131,1,1
80507,109,91,18,18
80508,95,88,7,7
80509,101,98,3,3
80510,49,62,-13,13
80511,37,41,-4,4
80512,80,91,-11,11
80513,66,68,-2,2
80514,70,68,2,2
80515,93,84,9,9
80516,54,61,-7,7
80517,99,102,-3,3
80518,100,111,-11,11
80519,143,143,0,0
80520,67,68,-1,1
80521,69,67,2,2
80522,72,80,-8,8
80523,88,91,-3,3
80524,116,88,28,28
80525,103,100,3,3
80526,129,132,-3,3
80527,112,109,3,3
80528,47,54,-7,7
80529,80,76,4,4
80530,87,85,2,2
80531,102,117,-15,15
80532,111,104,7,7
80533,113,111,2,2
80534,85,78,7,7
80535,57,62,-5,5
80536,110,106,4,4
80537,91,100,-9,9
80538,127,118,9,9
80539,71,60,11,11
80540,110,98,12,12
80541,143,140,3,3
80542,90,91,-1,1
80543,122,104,18,18
80544,124,130,-6,6
80545,53,57,-4,4
80546,77,84,-7,7
80547,35,39,-4,4
80548,63,70,-7,7
80549,115,106,9,9
80550,128,120,8,8
80551,99,97,2,2
80552,90,94,-4,4
80553,80,75,5,5
80554,98,95,3,3
80555,95,92,3,3
80556,138,138,0,0
80557,84,81,3,3
80558,129,128,1,1
80559,101,89,12,12
80560,109,98,11,11
80561,142,151,-9,9
80562,72,51,21,21
80563,110,112,-2,2
80564,52,60,-8,8
80565,66,90,-24,24
80566,69,65,4,4
80567,79,75,4,4
80568,69,70,-1,1
80569,97,91,6,6
80570,96,83,13,13
80571,105,97,8,8
80572,144,143,1,1
80573,129,115,14,14
80574,75,81,-6,6
80575,111,100,11,11
80576,149,135,14,14
80577,110,96,14,14
80578,73,71,2,2
80579,58,57,1,1
80580,47,57,-10,10
80581,82,88,-6,6
80582,70,72,-2,2
80583,124,113,11,11
80584,78,80,-2,2
80585,136,129,7,7
80586,147,150,-3,3
80587,84,90,-6,6
80588,121,113,8,8
80589,63,73,-10,10
80590,94,92,2,2
80591,125,135,-10,10
80592,82,82,0,0
80593,158,142,16,16
80594,67,73,-6,6
80595,61,70,-9,9
80596,119,117,2,2
80597,65,69,-4,4
80598,86,78,8,8
80599,98,75,23,23
80600,143,146,-3,3
80601,105,104,1,1
80602,113,128,-15,15
80603,77,72,5,5
80604,107,110,-3,3
80605,58,62,-4,4
80606,145,152,-7,7
80607,52,91,-39,39
80608,109,103,6,6
80609,71,74,-3,3
80610,64,67,-3,3
80611,129,116,13,13
80612,83,88,-5,5
80613,40,53,-13,13
80614,102,103,-1,1
80615,65,61,4,4
80616,100,92,8,8
80617,131,131,0,0
80618,90,86,4,4
80619,92,93,-1,1
80620,67,74,-7,7
80621,121,120,1,1
80622,126,112,14,14
80623,93,94,-1,1
80624,157,147,10,10
80625,89,82,7,7
80626,53,53,0,0
80627,96,92,4,4
80628,111,103,8,8
80629,121,121,0,0
80630,67,73,-6,6
80631,59,56,3,3
80632,88,90,-2,2
80633,71,81,-10,10
80634,57,59,-2,2
80635,118,109,9,9
80636,78,64,14,14
80637,118,105,13,13
80638,85,78,7,7
80639,102,93,9,9
80640,69,74,-5,5
80641,179,193,-14,14
80642,94,107,-13,13
80643,100,96,4,4
80644,91,83,8,8
80645,139,156,-17,17
80646,77,76,1,1
80647,64,60,4,4
80648,64,62,2,2
80649,137,139,-2,2
80650,113,106,7,7
80651,93,88,5,5
80652,100,108,-8,8
80653,88,89,-1,1
80654,87,79,8,8
80655,144,139,5,5
80656,41,54,-13,13
80657,51,57,-6,6
80658,78,87,-9,9
80659,72,64,8,8
80660,66,66,0,0
80661,58,63,-5,5
80662,123,120,3,3
80663,90,80,10,10
80664,56,50,6,6
80665,98,73,25,25
80666,91,84,7,7
80667,126,114,12,12
80668,68,111,-43,43
80669,117,96,21,21
80670,46,50,-4,4
80671,71,68,3,3
80672,111,103,8,8
80673,89,78,11,11
80674,58,63,-5,5
80675,104,105,-1,1
80676,110,98,12,12
80677,101,99,2,2
80678,203,197,6,6
80679,90,84,6,6
80680,82,77,5,5
80681,133,129,4,4
80682,67,63,4,4
80683,75,79,-4,4
80684,90,83,7,7
80685,91,78,13,13
80686,91,86,5,5
80687,67,90,-23,23
80688,122,118,4,4
80689,59,61,-2,2
80690,40,52,-12,12
80691,104,97,7,7
80692,118,119,-1,1
80693,92,86,6,6
80694,157,169,-12,12
80695,65,64,1,1
80696,60,59,1,1
80697,100,105,-5,5
80698,31,60,-29,29
80699,94,90,4,4
80700,45,53,-8,8
80701,109,97,12,12
80702,85,92,-7,7
80703,86,93,-7,7
80704,185,174,11,11
80705,97,90,7,7
80706,69,54,15,15
80707,194,184,10,10
80708,63,78,-15,15
80709,141,142,-1,1
80710,87,78,9,9
80711,131,134,-3,3
80712,152,142,10,10
80713,96,87,9,9
80714,111,117,-6,6
80715,92,80,12,12
80716,108,98,10,10
80717,83,79,4,4
80718,52,60,-8,8
80719,103,98,5,5
80720,189,174,15,15
80721,80,82,-2,2
80722,149,149,0,0
80723,146,137,9,9
80724,66,57,9,9
80725,38,43,-5,5
80726,124,136,-12,12
80727,55,65,-10,10
80728,141,105,36,36
80729,83,115,-32,32
80730,144,160,-16,16
80731,127,136,-9,9
80732,80,63,17,17
80733,125,123,2,2
80734,115,102,13,13
80735,79,84,-5,5
80736,73,72,1,1
80737,92,60,32,32
80738,84,90,-6,6
80739,103,107,-4,4
80740,104,96,8,8
80741,101,108,-7,7
80742,92,89,3,3
80743,169,145,24,24
80744,53,77,-24,24
80745,114,111,3,3
80746,138,144,-6,6
80747,86,76,10,10
80748,85,82,3,3
80749,147,148,-1,1
80750,58,57,1,1
80751,128,130,-2,2
80752,65,67,-2,2
80753,89,90,-1,1
80754,95,102,-7,7
80755,84,76,8,8
80756,115,107,8,8
80757,142,133,9,9
80758,120,107,13,13
80759,102,101,1,1
80760,121,137,-16,16
80761,48,49,-1,1
80762,127,76,51,51
80763,76,74,2,2
80764,133,116,17,17
80765,108,104,4,4
80766,67,63,4,4
80767,33,43,-10,10
80768,148,143,5,5
80769,115,97,18,18
80770,68,94,-26,26
80771,132,149,-17,17
80772,167,151,16,16
80773,145,149,-4,4
80774,126,123,3,3
80775,72,58,14,14
80776,108,116,-8,8
80777,75,82,-7,7
80778,66,70,-4,4
80779,72,57,15,15
80780,99,95,4,4
80781,67,63,4,4
80782,113,110,3,3
80783,108,97,11,11
80784,94,91,3,3
80785,57,53,4,4
80786,97,99,-2,2
80787,64,68,-4,4
80788,127,119,8,8
80789,90,76,14,14
80790,185,189,-4,4
80791,110,92,18,18
80792,59,62,-3,3
80793,119,117,2,2
80794,88,85,3,3
80795,196,179,17,17
80796,95,99,-4,4
80797,69,79,-10,10
80798,159,183,-24,24
80799,66,70,-4,4
80800,100,84,16,16
80801,90,95,-5,5
80802,71,63,8,8
80803,63,49,14,14
80804,104,90,14,14
80805,64,69,-5,5
80806,67,63,4,4
80807,71,72,-1,1
80808,155,138,17,17
80809,89,83,6,6
80810,128,111,17,17
80811,95,92,3,3
80812,51,50,1,1
80813,118,115,3,3
80814,102,100,2,2
80815,124,112,12,12
80816,68,68,0,0
80817,50,58,-8,8
80818,86,89,-3,3
80819,89,83,6,6
80820,113,105,8,8
80821,126,111,15,15
80822,64,79,-15,15
80823,120,126,-6,6
80824,62,54,8,8
80825,73,87,-14,14
80826,145,133,12,12
80827,63,58,5,5
80828,80,86,-6,6
80829,82,79,3,3
80830,41,41,0,0
80831,93,91,2,2
80832,107,104,3,3
80833,60,49,11,11
80834,93,85,8,8
80835,97,92,5,5
80836,90,87,3,3
80837,111,106,5,5
80838,57,55,2,2
80839,75,71,4,4
80840,54,57,-3,3
80841,55,71,-16,16
80842,84,86,-2,2
80843,95,93,2,2
80844,101,85,16,16
80845,91,86,5,5
80846,65,65,0,0
80847,59,53,6,6
80848,112,103,9,9
80849,164,168,-4,4
80850,61,60,1,1
80851,75,79,-4,4
80852,149,138,11,11
80853,152,147,5,5
80854,65,71,-6,6
80855,90,81,9,9
80856,96,91,5,5
80857,105,102,3,3
80858,75,78,-3,3
80859,61,66,-5,5
80860,102,95,7,7
80861,96,93,3,3
80862,96,86,10,10
80863,89,81,8,8
80864,100,104,-4,4
80865,96,89,7,7
80866,57,50,7,7
80867,67,60,7,7
80868,148,156,-8,8
80869,108,101,7,7
80870,50,48,2,2
80871,151,140,11,11
80872,72,79,-7,7
80873,55,63,-8,8
80874,166,144,22,22
80875,75,76,-1,1
80876,154,130,24,24
80877,71,82,-11,11
80878,77,82,-5,5
80879,72,59,13,13
80880,79,74,5,5
80881,166,155,11,11
80882,72,74,-2,2
80883,91,94,-3,3
80884,80,79,1,1
80885,111,84,27,27
80886,81,86,-5,5
80887,74,61,13,13
80888,129,137,-8,8
80889,120,114,6,6
80890,79,75,4,4
80891,95,63,32,32
80892,82,72,10,10
80893,124,110,14,14
80894,73,70,3,3
80895,328,456,-128,128
80896,95,85,10,10
80897,90,82,8,8
80898,105,103,2,2
80899,131,140,-9,9
80900,96,72,24,24
80901,64,44,20,20
80902,129,119,10,10
80903,84,73,11,11
80904,126,123,3,3
80905,132,118,14,14
80906,108,120,-12,12
80907,74,74,0,0
80908,122,118,4,4
80909,96,101,-5,5
80910,172,173,-1,1
80911,150,131,19,19
80912,82,81,1,1
80913,119,124,-5,5
80914,42,52,-10,10
80915,125,120,5,5
80916,47,46,1,1
80917,78,74,4,4
80918,51,55,-4,4
80919,56,63,-7,7
80920,100,118,-18,18
80921,105,98,7,7
80922,241,163,78,78
80923,148,120,28,28
80924,49,53,-4,4
80925,116,116,0,0
80926,45,46,-1,1
80927,89,72,17,17
80928,83,82,1,1
80929,106,117,-11,11
80930,84,89,-5,5
80931,82,80,2,2
80932,69,74,-5,5
80933,87,93,-6,6
80934,85,99,-14,14
80935,75,70,5,5
80936,142,142,0,0
80937,84,72,12,12
80938,112,99,13,13
80939,74,77,-3,3
80940,82,84,-2,2
80941,96,98,-2,2
80942,106,85,21,21
80943,41,56,-15,15
80944,70,63,7,7
80945,62,60,2,2
80946,108,105,3,3
80947,115,110,5,5
80948,79,73,6,6
80949,101,97,4,4
80950,73,71,2,2
80951,69,70,-1,1
80952,42,41,1,1
80953,130,113,17,17
80954,74,61,13,13
80955,69,71,-2,2
80956,112,116,-4,4
80957,95,90,5,5
80958,56,66,-10,10
80959,98,65,33,33
80960,93,96,-3,3
80961,93,81,12,12
80962,99,102,-3,3
80963,137,131,6,6
80964,127,134,-7,7
80965,82,82,0,0
80966,58,63,-5,5
80967,83,74,9,9
80968,130,121,9,9
80969,99,79,20,20
80970,134,138,-4,4
80971,134,127,7,7
80972,73,64,9,9
80973,98,106,-8,8
80974,56,58,-2,2
80975,106,109,-3,3
80976,157,149,8,8
80977,70,70,0,0
80978,105,103,2,2
80979,108,116,-8,8
80980,65,76,-11,11
80981,82,65,17,17
80982,75,79,-4,4
80983,88,92,-4,4
80984,79,70,9,9
80985,85,103,-18,18
80986,98,96,2,2
80987,70,63,7,7
80988,132,121,11,11
80989,121,105,16,16
80990,120,139,-19,19
80991,131,122,9,9
80992,100,93,7,7
80993,103,114,-11,11
80994,89,102,-13,13
80995,87,86,1,1
80996,63,70,-7,7
80997,101,21,80,80
80998,80,80,0,0
80999,60,56,4,4
81000,53,50,3,3
81001,147,139,8,8
81002,83,77,6,6
81003,91,93,-2,2
81004,120,108,12,12
81005,79,76,3,3
81006,66,58,8,8
81007,126,109,17,17
81008,155,152,3,3
81009,73,74,-1,1
81010,75,66,9,9
81011,110,116,-6,6
81012,87,85,2,2
81013,92,89,3,3
81014,133,146,-13,13
81015,100,96,4,4
81016,89,81,8,8
81017,73,78,-5,5
81018,56,44,12,12
81019,117,110,7,7
81020,77,95,-18,18
81021,58,59,-1,1
81022,132,142,-10,10
81023,149,121,28,28
81024,60,52,8,8
81025,88,73,15,15
81026,118,108,10,10
81027,71,77,-6,6
81028,158,157,1,1
81029,143,129,14,14
81030,63,68,-5,5
81031,49,49,0,0
81032,111,111,0,0
81033,121,119,2,2
81034,97,91,6,6
81035,116,113,3,3
81036,58,51,7,7
81037,66,53,13,13
81038,63,49,14,14
81039,54,49,5,5
81040,83,82,1,1
81041,66,68,-2,2
81042,48,52,-4,4
81043,69,73,-4,4
81044,39,66,-27,27
81045,158,122,36,36
81046,48,55,-7,7
81047,63,65,-2,2
81048,93,96,-3,3
81049,87,84,3,3
81050,64,123,-59,59
81051,148,112,36,36
81052,58,67,-9,9
81053,51,58,-7,7
81054,53,59,-6,6
81055,138,132,6,6
81056,75,72,3,3
81057,94,97,-3,3
81058,49,59,-10,10
81059,132,144,-12,12
81060,98,89,9,9
81061,97,111,-14,14
81062,100,99,1,1
81063,107,107,0,0
81064,65,70,-5,5
81065,67,73,-6,6
81066,54,57,-3,3
81067,123,123,0,0
81068,133,131,2,2
81069,105,131,-26,26
81070,91,76,15,15
81071,121,103,18,18
81072,81,91,-10,10
81073,59,66,-7,7
81074,154,143,11,11
81075,85,88,-3,3
81076,80,99,-19,19
81077,181,148,33,33
81078,112,99,13,13
81079,80,71,9,9
81080,140,136,4,4
81081,92,75,17,17
81082,87,78,9,9
81083,62,93,-31,31
81084,136,119,17,17
81085,74,72,2,2
81086,74,72,2,2
81087,45,39,6,6
81088,87,87,0,0
81089,81,70,11,11
81090,37,52,-15,15
81091,73,69,4,4
81092,81,85,-4,4
81093,119,118,1,1
81094,139,140,-1,1
81095,106,110,-4,4
81096,105,114,-9,9
81097,129,115,14,14
81098,97,97,0,0
81099,94,115,-21,21
81100,89,112,-23,23
81101,84,79,5,5
81102,182,168,14,14
81103,44,52,-8,8
81104,98,84,14,14
81105,83,65,18,18
81106,159,163,-4,4
81107,61,54,7,7
81108,145,114,31,31
81109,113,140,-27,27
81110,74,77,-3,3
81111,44,92,-48,48
81112,70,73,-3,3
81113,87,109,-22,22
81114,156,156,0,0
81115,78,77,1,1
81116,99,101,-2,2
81117,120,108,12,12
81118,100,105,-5,5
81119,90,79,11,11
81120,90,95,-5,5
81121,126,125,1,1
81122,59,52,7,7
81123,82,78,4,4
81124,71,103,-32,32
81125,87,82,5,5
81126,72,76,-4,4
81127,112,101,11,11
81128,65,60,5,5
81129,68,73,-5,5
81130,62,63,-1,1
81131,130,135,-5,5
81132,60,53,7,7
81133,100,101,-1,1
81134,48,61,-13,13
81135,97,99,-2,2
81136,85,68,17,17
81137,143,131,12,12
81138,112,115,-3,3
81139,70,71,-1,1
81140,107,116,-9,9
81141,103,106,-3,3
81142,79,69,10,10
81143,65,58,7,7
81144,74,69,5,5
81145,62,62,0,0
81146,146,145,1,1
81147,138,127,11,11
81148,109,104,5,5
81149,57,62,-5,5
81150,81,76,5,5
81151,100,99,1,1
81152,55,61,-6,6
81153,71,60,11,11
81154,137,134,3,3
81155,173,164,9,9
81156,53,48,5,5
81157,69,63,6,6
81158,115,97,18,18
81159,71,82,-11,11
81160,129,109,20,20
81161,142,141,1,1
81162,48,56,-8,8
81163,77,78,-1,1
81164,81,94,-13,13
81165,103,90,13,13
81166,75,72,3,3
81167,86,75,11,11
81168,105,106,-1,1
81169,61,61,0,0
81170,109,104,5,5
81171,98,92,6,6
81172,153,149,4,4
81173,50,59,-9,9
81174,178,162,16,16
81175,85,74,11,11
81176,118,113,5,5
81177,94,83,11,11
81178,116,96,20,20
81179,92,89,3,3
81180,96,94,2,2
81181,44,43,1,1
81182,96,86,10,10
81183,146,127,19,19
81184,90,81,9,9
81185,86,81,5,5
81186,112,109,3,3
81187,102,107,-5,5
81188,47,44,3,3
81189,107,96,11,11
81190,52,74,-22,22
81191,122,128,-6,6
81192,84,73,11,11
81193,76,73,3,3
81194,72,85,-13,13
81195,181,179,2,2
81196,71,76,-5,5
81197,92,93,-1,1
81198,152,147,5,5
81199,133,143,-10,10
81200,97,93,4,4
81201,135,125,10,10
81202,75,71,4,4
81203,99,115,-16,16
81204,92,123,-31,31
81205,113,122,-9,9
81206,65,65,0,0
81207,100,101,-1,1
81208,124,136,-12,12
81209,82,79,3,3
81210,111,117,-6,6
81211,101,101,0,0
81212,60,65,-5,5
81213,141,131,10,10
81214,69,71,-2,2
81215,141,129,12,12
81216,111,96,15,15
81217,169,169,0,0
81218,126,121,5,5
81219,75,90,-15,15
81220,120,116,4,4
81221,141,156,-15,15
81222,104,111,-7,7
81223,48,60,-12,12
81224,93,92,1,1
81225,140,136,4,4
81226,97,83,14,14
81227,110,107,3,3
81228,45,44,1,1
81229,92,87,5,5
81230,87,81,6,6
81231,90,79,11,11
81232,68,69,-1,1
81233,64,70,-6,6
81234,59,55,4,4
81235,135,123,12,12
81236,52,56,-4,4
81237,121,120,1,1
81238,78,77,1,1
81239,97,106,-9,9
81240,64,94,-30,30
81241,113,107,6,6
81242,83,80,3,3
81243,79,69,10,10
81244,77,77,0,0
81245,56,55,1,1
81246,156,158,-2,2
81247,134,127,7,7
81248,66,63,3,3
81249,113,116,-3,3
81250,89,77,12,12
81251,95,96,-1,1
81252,98,94,4,4
81253,137,138,-1,1
81254,113,100,13,13
81255,173,163,10,10
81256,122,116,6,6
81257,92,88,4,4
81258,142,137,5,5
81259,82,59,23,23
81260,42,52,-10,10
81261,116,131,-15,15
81262,89,98,-9,9
81263,140,123,17,17
81264,130,100,30,30
81265,80,73,7,7
81266,113,118,-5,5
81267,60,70,-10,10
81268,143,138,5,5
81269,86,76,10,10
81270,126,114,12,12
81271,75,67,8,8
81272,120,106,14,14
81273,125,122,3,3
81274,195,181,14,14
81275,71,69,2,2
81276,131,147,-16,16
81277,111,120,-9,9
81278,89,88,1,1
81279,93,96,-3,3
81280,80,77,3,3
81281,80,88,-8,8
81282,46,45,1,1
81283,134,120,14,14
81284,83,79,4,4
81285,145,140,5,5
81286,80,78,2,2
81287,82,74,8,8
81288,86,77,9,9
81289,62,62,0,0
81290,46,49,-3,3
81291,112,99,13,13
81292,99,104,-5,5
81293,145,97,48,48
81294,166,166,0,0
81295,45,55,-10,10
81296,126,115,11,11
81297,89,84,5,5
81298,99,105,-6,6
81299,77,76,1,1
81300,119,114,5,5
81301,93,114,-21,21
81302,102,106,-4,4
81303,62,59,3,3
81304,57,60,-3,3
81305,63,63,0,0
81306,56,91,-35,35
81307,137,135,2,2
81308,101,99,2,2
81309,90,83,7,7
81310,136,120,16,16
81311,70,70,0,0
81312,81,85,-4,4
81313,66,59,7,7
81314,93,92,1,1
81315,73,66,7,7
81316,90,84,6,6
81317,83,79,4,4
81318,89,123,-34,34
81319,103,99,4,4
81320,105,86,19,19
81321,83,87,-4,4
81322,115,121,-6,6
81323,99,84,15,15
81324,85,99,-14,14
81325,73,72,1,1
81326,80,82,-2,2
81327,49,62,-13,13
81328,80,64,16,16
81329,63,69,-6,6
81330,33,47,-14,14
81331,178,183,-5,5
81332,105,122,-17,17
81333,41,59,-18,18
81334,92,93,-1,1
81335,98,91,7,7
81336,71,72,-1,1
81337,30,17,13,13
81338,62,64,-2,2
81339,126,146,-20,20
81340,102,101,1,1
81341,122,128,-6,6
81342,79,80,-1,1
81343,152,149,3,3
81344,159,149,10,10
81345,161,161,0,0
81346,71,61,10,10
81347,84,86,-2,2
81348,118,98,20,20
81349,73,66,7,7
81350,118,139,-21,21
81351,102,82,20,20
81352,69,68,1,1
81353,101,93,8,8
81354,127,107,20,20
81355,84,76,8,8
81356,40,39,1,1
81357,70,70,0,0
81358,135,129,6,6
81359,77,81,-4,4
81360,78,92,-14,14
81361,70,72,-2,2
81362,73,79,-6,6
81363,85,83,2,2
81364,106,107,-1,1
81365,151,147,4,4
81366,153,150,3,3
81367,133,128,5,5
81368,121,120,1,1
81369,110,103,7,7
81370,71,83,-12,12
81371,98,105,-7,7
81372,126,125,1,1
81373,86,91,-5,5
81374,77,78,-1,1
81375,198,148,50,50
81376,133,136,-3,3
81377,124,132,-8,8
81378,90,86,4,4
81379,60,59,1,1
81380,80,101,-21,21
81381,47,49,-2,2
81382,82,71,11,11
81383,119,95,24,24
81384,66,67,-1,1
81385,136,117,19,19
81386,141,118,23,23
81387,50,61,-11,11
81388,71,71,0,0
81389,98,105,-7,7
81390,121,108,13,13
81391,81,87,-6,6
81392,117,110,7,7
81393,112,104,8,8
81394,94,97,-3,3
81395,55,70,-15,15
81396,97,103,-6,6
81397,92,102,-10,10
81398,137,139,-2,2
81399,54,55,-1,1
81400,140,142,-2,2
81401,138,131,7,7
81402,85,80,5,5
81403,84,88,-4,4
81404,104,107,-3,3
81405,113,115,-2,2
81406,109,128,-19,19
81407,76,95,-19,19
81408,79,74,5,5
81409,65,50,15,15
81410,81,67,14,14
81411,131,118,13,13
81412,204,162,42,42
81413,77,65,12,12
81414,161,125,36,36
81415,97,100,-3,3
81416,110,112,-2,2
81417,76,79,-3,3
81418,70,62,8,8
81419,122,115,7,7
81420,52,49,3,3
81421,121,117,4,4
81422,89,85,4,4
81423,99,84,15,15
81424,62,56,6,6
81425,117,115,2,2
81426,92,84,8,8
81427,169,145,24,24
81428,122,108,14,14
81429,88,109,-21,21
81430,94,92,2,2
81431,163,143,20,20
81432,72,73,-1,1
81433,87,86,1,1
81434,104,112,-8,8
81435,51,55,-4,4
81436,57,50,7,7
81437,149,140,9,9
81438,87,83,4,4
81439,109,107,2,2
81440,120,116,4,4
81441,79,70,9,9
81442,129,134,-5,5
81443,162,153,9,9
81444,133,133,0,0
81445,82,82,0,0
81446,110,118,-8,8
81447,180,167,13,13
81448,104,97,7,7
81449,134,133,1,1
81450,114,104,10,10
81451,130,152,-22,22
81452,94,94,0,0
81453,182,164,18,18
81454,93,105,-12,12
81455,74,75,-1,1
81456,66,69,-3,3
81457,164,148,16,16
81458,125,143,-18,18
81459,74,72,2,2
81460,148,137,11,11
81461,69,79,-10,10
81462,98,111,-13,13
81463,71,75,-4,4
81464,107,100,7,7
81465,133,117,16,16
81466,72,72,0,0
81467,68,63,5,5
81468,97,90,7,7
81469,185,167,18,18
81470,184,173,11,11
81471,106,112,-6,6
81472,143,145,-2,2
81473,82,99,-17,17
81474,47,53,-6,6
81475,82,75,7,7
81476,97,88,9,9
81477,58,58,0,0
81478,115,99,16,16
81479,137,122,15,15
81480,112,114,-2,2
81481,101,99,2,2
81482,56,56,0,0
81483,80,82,-2,2
81484,79,67,12,12
81485,186,175,11,11
81486,79,75,4,4
81487,80,67,13,13
81488,85,90,-5,5
81489,123,107,16,16
81490,94,75,19,19
81491,71,90,-19,19
81492,83,83,0,0
81493,45,64,-19,19
81494,120,113,7,7
81495,165,157,8,8
81496,73,78,-5,5
81497,87,73,14,14
81498,80,85,-5,5
81499,132,136,-4,4
81500,82,71,11,11
81501,77,76,1,1
81502,62,63,-1,1
81503,74,72,2,2
81504,87,90,-3,3
81505,142,145,-3,3
81506,119,106,13,13
81507,62,48,14,14
