,original,predict,differ,abs
0,67,66,1,1
1,58,58,0,0
2,88,80,8,8
3,183,155,28,28
4,81,72,9,9
5,88,78,10,10
6,83,78,5,5
7,183,114,69,69
8,81,70,11,11
9,117,106,11,11
10,64,55,9,9
11,59,61,-2,2
12,74,65,9,9
13,100,94,6,6
14,103,90,13,13
15,66,60,6,6
16,97,82,15,15
17,120,93,27,27
18,79,72,7,7
19,110,106,4,4
20,217,176,41,41
21,156,136,20,20
22,97,78,19,19
23,101,105,-4,4
24,82,67,15,15
25,127,106,21,21
26,112,100,12,12
27,191,149,42,42
28,48,44,4,4
29,106,101,5,5
30,133,120,13,13
31,57,59,-2,2
32,108,95,13,13
33,89,73,16,16
34,50,61,-11,11
35,62,46,16,16
36,102,87,15,15
37,55,50,5,5
38,89,99,-10,10
39,96,94,2,2
40,70,62,8,8
41,115,103,12,12
42,82,73,9,9
43,102,93,9,9
44,167,130,37,37
45,82,80,2,2
46,118,117,1,1
47,85,72,13,13
48,93,83,10,10
49,111,84,27,27
50,77,66,11,11
51,136,118,18,18
52,109,87,22,22
53,85,82,3,3
54,133,110,23,23
55,138,110,28,28
56,100,105,-5,5
57,130,113,17,17
58,96,91,5,5
59,58,55,3,3
60,115,101,14,14
61,73,70,3,3
62,135,111,24,24
63,177,150,27,27
64,96,91,5,5
65,77,73,4,4
66,84,79,5,5
67,105,85,20,20
68,193,166,27,27
69,143,127,16,16
70,111,95,16,16
71,104,85,19,19
72,265,224,41,41
73,88,82,6,6
74,78,73,5,5
75,58,57,1,1
76,86,73,13,13
77,59,59,0,0
78,139,121,18,18
79,96,85,11,11
80,90,75,15,15
81,83,73,10,10
82,133,115,18,18
83,141,124,17,17
84,72,62,10,10
85,75,67,8,8
86,43,40,3,3
87,68,63,5,5
88,170,128,42,42
89,92,86,6,6
90,64,80,-16,16
91,101,97,4,4
92,82,64,18,18
93,81,70,11,11
94,75,68,7,7
95,99,86,13,13
96,45,51,-6,6
97,186,159,27,27
98,127,126,1,1
99,100,94,6,6
100,66,60,6,6
101,129,101,28,28
102,107,100,7,7
103,128,115,13,13
104,90,79,11,11
105,68,66,2,2
106,107,96,11,11
107,90,76,14,14
108,89,82,7,7
109,70,66,4,4
110,174,138,36,36
111,90,73,17,17
112,76,69,7,7
113,67,60,7,7
114,76,78,-2,2
115,168,140,28,28
116,91,77,14,14
117,103,93,10,10
118,91,79,12,12
119,67,67,0,0
120,118,108,10,10
121,51,48,3,3
122,76,73,3,3
123,110,101,9,9
124,99,83,16,16
125,96,86,10,10
126,169,158,11,11
127,89,86,3,3
128,94,89,5,5
129,123,120,3,3
130,186,154,32,32
131,132,116,16,16
132,102,84,18,18
133,78,75,3,3
134,129,105,24,24
135,116,92,24,24
136,136,116,20,20
137,131,114,17,17
138,105,92,13,13
139,69,62,7,7
140,66,56,10,10
141,127,110,17,17
142,127,115,12,12
143,66,71,-5,5
144,112,110,2,2
145,115,95,20,20
146,98,81,17,17
147,69,60,9,9
148,93,74,19,19
149,121,116,5,5
150,92,86,6,6
151,73,66,7,7
152,139,122,17,17
153,80,75,5,5
154,89,83,6,6
155,67,59,8,8
156,66,54,12,12
157,81,77,4,4
158,59,56,3,3
159,128,112,16,16
160,109,101,8,8
161,50,47,3,3
162,74,63,11,11
163,80,75,5,5
164,132,106,26,26
165,51,49,2,2
166,115,102,13,13
167,70,79,-9,9
168,159,126,33,33
169,151,136,15,15
170,94,95,-1,1
171,81,83,-2,2
172,77,74,3,3
173,42,37,5,5
174,135,120,15,15
175,106,89,17,17
176,50,46,4,4
177,162,126,36,36
178,130,101,29,29
179,120,92,28,28
180,84,79,5,5
181,76,71,5,5
182,67,62,5,5
183,75,64,11,11
184,39,36,3,3
185,119,94,25,25
186,55,54,1,1
187,90,78,12,12
188,124,112,12,12
189,171,154,17,17
190,70,64,6,6
191,137,120,17,17
192,127,117,10,10
193,143,136,7,7
194,195,144,51,51
195,112,98,14,14
196,43,43,0,0
197,114,97,17,17
198,111,99,12,12
199,80,72,8,8
200,128,98,30,30
201,176,155,21,21
202,64,56,8,8
203,142,120,22,22
204,100,84,16,16
205,63,51,12,12
206,145,120,25,25
207,101,88,13,13
208,78,68,10,10
209,98,82,16,16
210,147,129,18,18
211,50,47,3,3
212,70,64,6,6
213,175,150,25,25
214,87,85,2,2
215,87,68,19,19
216,108,113,-5,5
217,67,60,7,7
218,95,89,6,6
219,89,84,5,5
220,135,123,12,12
221,79,81,-2,2
222,43,47,-4,4
223,195,137,58,58
224,83,81,2,2
225,81,78,3,3
226,63,63,0,0
227,119,103,16,16
228,98,88,10,10
229,44,49,-5,5
230,47,48,-1,1
231,87,63,24,24
232,90,70,20,20
233,62,59,3,3
234,103,86,17,17
235,140,123,17,17
236,114,101,13,13
237,57,63,-6,6
238,81,72,9,9
239,74,89,-15,15
240,61,64,-3,3
241,43,37,6,6
242,55,55,0,0
243,100,82,18,18
244,124,102,22,22
245,107,102,5,5
246,121,111,10,10
247,86,85,1,1
248,146,122,24,24
249,147,131,16,16
250,47,40,7,7
251,124,104,20,20
252,89,81,8,8
253,50,54,-4,4
254,110,102,8,8
255,158,130,28,28
256,86,72,14,14
257,102,94,8,8
258,107,96,11,11
259,64,63,1,1
260,136,117,19,19
261,125,99,26,26
262,115,95,20,20
263,71,63,8,8
264,80,71,9,9
265,82,78,4,4
266,79,75,4,4
267,102,86,16,16
268,49,51,-2,2
269,109,104,5,5
270,52,49,3,3
271,72,62,10,10
272,68,68,0,0
273,151,138,13,13
274,112,96,16,16
275,97,107,-10,10
276,82,82,0,0
277,72,70,2,2
278,125,119,6,6
279,128,118,10,10
280,94,87,7,7
281,76,63,13,13
282,71,68,3,3
283,112,100,12,12
284,75,63,12,12
285,77,66,11,11
286,78,67,11,11
287,89,73,16,16
288,88,75,13,13
289,97,84,13,13
290,80,70,10,10
291,67,64,3,3
292,83,78,5,5
293,85,86,-1,1
294,76,64,12,12
295,64,57,7,7
296,107,98,9,9
297,141,132,9,9
298,130,113,17,17
299,51,55,-4,4
300,66,57,9,9
301,75,67,8,8
302,186,146,40,40
303,86,71,15,15
304,141,127,14,14
305,83,71,12,12
306,85,74,11,11
307,148,126,22,22
308,87,78,9,9
309,77,64,13,13
310,27,41,-14,14
311,88,77,11,11
312,92,78,14,14
313,86,85,1,1
314,135,117,18,18
315,77,65,12,12
316,73,67,6,6
317,133,126,7,7
318,51,47,4,4
319,125,105,20,20
320,98,97,1,1
321,143,121,22,22
322,140,123,17,17
323,87,82,5,5
324,89,66,23,23
325,69,69,0,0
326,96,68,28,28
327,127,108,19,19
328,79,68,11,11
329,137,110,27,27
330,85,78,7,7
331,84,79,5,5
332,52,54,-2,2
333,77,67,10,10
334,78,75,3,3
335,104,88,16,16
336,89,85,4,4
337,89,45,44,44
338,56,49,7,7
339,106,77,29,29
340,71,61,10,10
341,132,109,23,23
342,82,70,12,12
343,100,86,14,14
344,51,57,-6,6
345,66,59,7,7
346,85,71,14,14
347,112,99,13,13
348,34,48,-14,14
349,134,108,26,26
350,93,88,5,5
351,114,117,-3,3
352,137,111,26,26
353,88,83,5,5
354,108,104,4,4
355,106,87,19,19
356,146,152,-6,6
357,54,59,-5,5
358,170,125,45,45
359,86,67,19,19
360,110,86,24,24
361,82,71,11,11
362,101,87,14,14
363,64,63,1,1
364,44,46,-2,2
365,84,74,10,10
366,60,53,7,7
367,101,93,8,8
368,120,98,22,22
369,60,55,5,5
370,130,114,16,16
371,41,41,0,0
372,116,97,19,19
373,58,53,5,5
374,77,68,9,9
375,96,90,6,6
376,88,85,3,3
377,103,89,14,14
378,35,49,-14,14
379,64,57,7,7
380,86,70,16,16
381,89,79,10,10
382,108,93,15,15
383,116,96,20,20
384,82,76,6,6
385,65,59,6,6
386,64,63,1,1
387,134,113,21,21
388,65,60,5,5
389,77,69,8,8
390,120,108,12,12
391,54,52,2,2
392,90,80,10,10
393,87,82,5,5
394,97,85,12,12
395,17,31,-14,14
396,69,83,-14,14
397,31,41,-10,10
398,90,79,11,11
399,104,93,11,11
400,97,83,14,14
401,52,52,0,0
402,81,75,6,6
403,88,77,11,11
404,150,134,16,16
405,103,100,3,3
406,47,42,5,5
407,119,106,13,13
408,107,102,5,5
409,88,64,24,24
410,85,75,10,10
411,95,88,7,7
412,89,75,14,14
413,87,80,7,7
414,148,118,30,30
415,98,86,12,12
416,148,131,17,17
417,77,73,4,4
418,70,65,5,5
419,64,62,2,2
420,110,118,-8,8
421,143,133,10,10
422,122,148,-26,26
423,82,75,7,7
424,112,100,12,12
425,128,114,14,14
426,148,131,17,17
427,80,70,10,10
428,56,58,-2,2
429,90,80,10,10
430,110,97,13,13
431,88,86,2,2
432,91,82,9,9
433,99,85,14,14
434,122,103,19,19
435,66,62,4,4
436,106,89,17,17
437,65,57,8,8
438,164,132,32,32
439,68,60,8,8
440,48,61,-13,13
441,88,72,16,16
442,107,96,11,11
443,58,58,0,0
444,91,80,11,11
445,113,95,18,18
446,107,90,17,17
447,101,86,15,15
448,72,71,1,1
449,134,117,17,17
450,87,79,8,8
451,64,59,5,5
452,72,61,11,11
453,146,133,13,13
454,110,100,10,10
455,104,92,12,12
456,129,117,12,12
457,134,126,8,8
458,123,112,11,11
459,62,54,8,8
460,71,65,6,6
461,58,58,0,0
462,88,76,12,12
463,134,118,16,16
464,81,73,8,8
465,77,80,-3,3
466,118,104,14,14
467,131,112,19,19
468,66,58,8,8
469,61,59,2,2
470,43,37,6,6
471,121,108,13,13
472,101,98,3,3
473,112,91,21,21
474,67,58,9,9
475,88,75,13,13
476,57,48,9,9
477,93,77,16,16
478,77,59,18,18
479,57,54,3,3
480,55,63,-8,8
481,68,62,6,6
482,118,98,20,20
483,63,59,4,4
484,110,100,10,10
485,58,49,9,9
486,119,94,25,25
487,110,126,-16,16
488,146,127,19,19
489,50,43,7,7
490,104,89,15,15
491,136,113,23,23
492,145,128,17,17
493,110,87,23,23
494,124,116,8,8
495,117,100,17,17
496,134,113,21,21
497,98,78,20,20
498,104,118,-14,14
499,78,71,7,7
500,100,84,16,16
501,45,50,-5,5
502,108,103,5,5
503,50,48,2,2
504,69,68,1,1
505,106,88,18,18
506,66,57,9,9
507,61,57,4,4
508,96,84,12,12
509,96,77,19,19
510,53,52,1,1
511,93,85,8,8
512,80,68,12,12
513,73,67,6,6
514,70,70,0,0
515,100,83,17,17
516,137,118,19,19
517,114,104,10,10
518,70,63,7,7
519,55,60,-5,5
520,108,89,19,19
521,138,123,15,15
522,95,85,10,10
523,142,127,15,15
524,83,74,9,9
525,122,101,21,21
526,97,88,9,9
527,56,49,7,7
528,122,105,17,17
529,73,67,6,6
530,69,59,10,10
531,95,89,6,6
532,68,67,1,1
533,95,80,15,15
534,78,83,-5,5
535,90,79,11,11
536,106,95,11,11
537,42,43,-1,1
538,76,72,4,4
539,157,146,11,11
540,119,103,16,16
541,99,90,9,9
542,61,61,0,0
543,102,87,15,15
544,92,86,6,6
545,124,99,25,25
546,82,76,6,6
547,76,72,4,4
548,67,64,3,3
549,148,126,22,22
550,74,76,-2,2
551,66,66,0,0
552,108,97,11,11
553,64,57,7,7
554,102,88,14,14
555,63,60,3,3
556,66,55,11,11
557,74,64,10,10
558,74,68,6,6
559,67,64,3,3
560,86,85,1,1
561,81,84,-3,3
562,90,83,7,7
563,47,47,0,0
564,68,68,0,0
565,88,70,18,18
566,83,73,10,10
567,76,66,10,10
568,55,53,2,2
569,100,95,5,5
570,108,110,-2,2
571,178,145,33,33
572,80,74,6,6
573,82,74,8,8
574,149,115,34,34
575,69,65,4,4
576,70,69,1,1
577,90,94,-4,4
578,91,80,11,11
579,75,64,11,11
580,88,81,7,7
581,134,112,22,22
582,49,53,-4,4
583,51,51,0,0
584,113,97,16,16
585,88,81,7,7
586,53,46,7,7
587,84,63,21,21
588,105,87,18,18
589,85,74,11,11
590,105,91,14,14
591,75,68,7,7
592,139,117,22,22
593,103,87,16,16
594,87,81,6,6
595,65,73,-8,8
596,74,66,8,8
597,98,93,5,5
598,110,94,16,16
599,112,99,13,13
600,88,75,13,13
601,85,75,10,10
602,55,52,3,3
603,86,75,11,11
604,124,111,13,13
605,114,103,11,11
606,57,53,4,4
607,56,55,1,1
608,78,66,12,12
609,122,122,0,0
610,79,66,13,13
611,81,68,13,13
612,117,99,18,18
613,112,107,5,5
614,95,90,5,5
615,195,157,38,38
616,76,79,-3,3
617,104,88,16,16
618,112,92,20,20
619,103,95,8,8
620,91,84,7,7
621,105,90,15,15
622,127,99,28,28
623,60,59,1,1
624,111,100,11,11
625,106,95,11,11
626,109,95,14,14
627,85,77,8,8
628,67,66,1,1
629,81,76,5,5
630,83,77,6,6
631,56,54,2,2
632,92,81,11,11
633,71,72,-1,1
634,95,81,14,14
635,93,85,8,8
636,144,128,16,16
637,53,53,0,0
638,77,77,0,0
639,71,69,2,2
640,95,90,5,5
641,95,89,6,6
642,61,52,9,9
643,141,117,24,24
644,133,112,21,21
645,94,78,16,16
646,112,101,11,11
647,84,76,8,8
648,92,84,8,8
649,84,74,10,10
650,94,84,10,10
651,72,66,6,6
652,102,107,-5,5
653,61,60,1,1
654,108,100,8,8
655,105,96,9,9
656,85,79,6,6
657,74,71,3,3
658,50,47,3,3
659,101,85,16,16
660,82,68,14,14
661,108,81,27,27
662,148,127,21,21
663,126,110,16,16
664,136,129,7,7
665,75,70,5,5
666,36,34,2,2
667,42,55,-13,13
668,69,60,9,9
669,126,109,17,17
670,109,89,20,20
671,90,79,11,11
672,116,95,21,21
673,151,164,-13,13
674,147,126,21,21
675,52,83,-31,31
676,107,98,9,9
677,90,81,9,9
678,162,130,32,32
679,103,93,10,10
680,150,123,27,27
681,62,67,-5,5
682,111,98,13,13
683,77,76,1,1
684,166,147,19,19
685,151,138,13,13
686,116,103,13,13
687,79,72,7,7
688,94,106,-12,12
689,110,100,10,10
690,152,116,36,36
691,176,146,30,30
692,92,85,7,7
693,156,133,23,23
694,92,85,7,7
695,77,70,7,7
696,32,50,-18,18
697,87,80,7,7
698,108,95,13,13
699,104,84,20,20
700,70,62,8,8
701,66,50,16,16
702,118,101,17,17
703,65,59,6,6
704,111,91,20,20
705,74,62,12,12
706,81,80,1,1
707,88,73,15,15
708,87,75,12,12
709,116,111,5,5
710,47,43,4,4
711,95,88,7,7
712,44,44,0,0
713,91,100,-9,9
714,83,74,9,9
715,137,117,20,20
716,80,73,7,7
717,147,117,30,30
718,119,110,9,9
719,137,100,37,37
720,133,128,5,5
721,89,82,7,7
722,150,124,26,26
723,108,94,14,14
724,96,73,23,23
725,88,76,12,12
726,140,115,25,25
727,128,116,12,12
728,53,50,3,3
729,100,99,1,1
730,58,61,-3,3
731,110,90,20,20
732,125,110,15,15
733,124,98,26,26
734,109,106,3,3
735,122,112,10,10
736,95,86,9,9
737,93,86,7,7
738,85,70,15,15
739,98,77,21,21
740,68,76,-8,8
741,48,42,6,6
742,97,91,6,6
743,81,74,7,7
744,88,75,13,13
745,91,98,-7,7
746,64,57,7,7
747,204,160,44,44
748,114,99,15,15
749,185,138,47,47
750,75,67,8,8
751,70,61,9,9
752,145,131,14,14
753,87,74,13,13
754,45,50,-5,5
755,73,64,9,9
756,125,113,12,12
757,60,58,2,2
758,95,83,12,12
759,119,89,30,30
760,76,63,13,13
761,56,56,0,0
762,44,57,-13,13
763,98,89,9,9
764,86,70,16,16
765,161,129,32,32
766,102,108,-6,6
767,103,90,13,13
768,69,64,5,5
769,151,134,17,17
770,92,65,27,27
771,80,79,1,1
772,87,79,8,8
773,108,89,19,19
774,51,49,2,2
775,110,96,14,14
776,64,54,10,10
777,73,65,8,8
778,92,80,12,12
779,93,83,10,10
780,103,91,12,12
781,49,48,1,1
782,71,69,2,2
783,70,61,9,9
784,67,59,8,8
785,100,87,13,13
786,93,89,4,4
787,75,67,8,8
788,97,88,9,9
789,84,79,5,5
790,140,114,26,26
791,151,127,24,24
792,78,75,3,3
793,79,72,7,7
794,108,108,0,0
795,95,89,6,6
796,98,83,15,15
797,119,109,10,10
798,83,85,-2,2
799,67,63,4,4
800,64,61,3,3
801,102,87,15,15
802,75,68,7,7
803,68,72,-4,4
804,78,68,10,10
805,53,50,3,3
806,126,109,17,17
807,89,84,5,5
808,85,85,0,0
809,64,62,2,2
810,85,73,12,12
811,74,67,7,7
812,66,60,6,6
813,79,66,13,13
814,125,97,28,28
815,119,100,19,19
816,26,46,-20,20
817,66,60,6,6
818,88,73,15,15
819,111,87,24,24
820,86,72,14,14
821,76,76,0,0
822,86,73,13,13
823,145,119,26,26
824,46,45,1,1
825,107,90,17,17
826,99,82,17,17
827,63,61,2,2
828,68,62,6,6
829,100,78,22,22
830,110,112,-2,2
831,77,71,6,6
832,66,65,1,1
833,64,54,10,10
834,77,74,3,3
835,144,126,18,18
836,106,93,13,13
837,93,97,-4,4
838,73,74,-1,1
839,103,95,8,8
840,105,98,7,7
841,75,69,6,6
842,83,69,14,14
843,112,105,7,7
844,156,129,27,27
845,156,128,28,28
846,77,75,2,2
847,76,69,7,7
848,95,84,11,11
849,41,48,-7,7
850,106,104,2,2
851,135,113,22,22
852,92,90,2,2
853,91,88,3,3
854,112,98,14,14
855,84,80,4,4
856,77,63,14,14
857,29,51,-22,22
858,64,60,4,4
859,143,113,30,30
860,59,51,8,8
861,155,133,22,22
862,207,149,58,58
863,129,104,25,25
864,115,95,20,20
865,108,88,20,20
866,162,128,34,34
867,69,67,2,2
868,62,66,-4,4
869,79,84,-5,5
870,57,51,6,6
871,90,80,10,10
872,98,84,14,14
873,108,97,11,11
874,80,88,-8,8
875,114,97,17,17
876,57,50,7,7
877,41,93,-52,52
878,90,77,13,13
879,84,66,18,18
880,87,81,6,6
881,70,70,0,0
882,109,98,11,11
883,76,68,8,8
884,62,42,20,20
885,83,71,12,12
886,124,116,8,8
887,122,111,11,11
888,55,54,1,1
889,108,103,5,5
890,109,101,8,8
891,52,54,-2,2
892,134,105,29,29
893,60,51,9,9
894,71,67,4,4
895,123,102,21,21
896,60,58,2,2
897,140,120,20,20
898,109,85,24,24
899,150,151,-1,1
900,74,70,4,4
901,94,81,13,13
902,71,69,2,2
903,139,120,19,19
904,87,89,-2,2
905,72,67,5,5
906,53,46,7,7
907,163,131,32,32
908,111,84,27,27
909,70,57,13,13
910,46,51,-5,5
911,138,120,18,18
912,127,110,17,17
913,70,64,6,6
914,107,108,-1,1
915,64,57,7,7
916,69,74,-5,5
917,196,160,36,36
918,136,127,9,9
919,52,39,13,13
920,79,74,5,5
921,109,102,7,7
922,78,71,7,7
923,115,102,13,13
924,77,71,6,6
925,110,94,16,16
926,74,63,11,11
927,49,45,4,4
928,55,52,3,3
929,145,119,26,26
930,119,110,9,9
931,96,83,13,13
932,196,164,32,32
933,72,70,2,2
934,90,89,1,1
935,62,92,-30,30
936,118,94,24,24
937,137,128,9,9
938,79,71,8,8
939,152,125,27,27
940,87,88,-1,1
941,112,99,13,13
942,62,55,7,7
943,72,70,2,2
944,109,96,13,13
945,83,75,8,8
946,68,60,8,8
947,97,87,10,10
948,59,56,3,3
949,173,139,34,34
950,73,62,11,11
951,85,78,7,7
952,62,57,5,5
953,75,66,9,9
954,90,85,5,5
955,93,87,6,6
956,98,88,10,10
957,116,96,20,20
958,50,43,7,7
959,106,98,8,8
960,114,95,19,19
961,98,81,17,17
962,184,158,26,26
963,69,64,5,5
964,147,122,25,25
965,29,55,-26,26
966,108,105,3,3
967,65,63,2,2
968,96,83,13,13
969,84,79,5,5
970,70,60,10,10
971,162,135,27,27
972,112,99,13,13
973,71,63,8,8
974,139,113,26,26
975,72,73,-1,1
976,68,64,4,4
977,76,72,4,4
978,87,73,14,14
979,52,45,7,7
980,115,101,14,14
981,161,131,30,30
982,88,71,17,17
983,107,92,15,15
984,84,71,13,13
985,90,78,12,12
986,55,52,3,3
987,138,112,26,26
988,90,74,16,16
989,114,96,18,18
990,111,114,-3,3
991,44,42,2,2
992,111,106,5,5
993,128,98,30,30
994,98,83,15,15
995,93,77,16,16
996,74,65,9,9
997,130,117,13,13
998,82,85,-3,3
999,178,138,40,40
1000,42,44,-2,2
1001,96,82,14,14
1002,39,45,-6,6
1003,75,71,4,4
1004,147,127,20,20
1005,102,93,9,9
1006,212,167,45,45
1007,64,58,6,6
1008,91,79,12,12
1009,39,38,1,1
1010,92,90,2,2
1011,159,130,29,29
1012,119,100,19,19
1013,128,114,14,14
1014,125,112,13,13
1015,63,62,1,1
1016,117,105,12,12
1017,117,105,12,12
1018,35,39,-4,4
1019,108,98,10,10
1020,108,92,16,16
1021,77,68,9,9
1022,88,80,8,8
1023,45,47,-2,2
1024,88,90,-2,2
1025,110,89,21,21
1026,93,78,15,15
1027,77,75,2,2
1028,144,124,20,20
1029,63,64,-1,1
1030,56,47,9,9
1031,143,120,23,23
1032,119,119,0,0
1033,85,74,11,11
1034,94,83,11,11
1035,115,109,6,6
1036,117,107,10,10
1037,71,62,9,9
1038,79,76,3,3
1039,119,87,32,32
1040,78,73,5,5
1041,101,103,-2,2
1042,89,84,5,5
1043,91,87,4,4
1044,112,100,12,12
1045,131,112,19,19
1046,43,43,0,0
1047,162,142,20,20
1048,55,53,2,2
1049,116,105,11,11
1050,49,47,2,2
1051,88,70,18,18
1052,108,97,11,11
1053,72,60,12,12
1054,115,97,18,18
1055,55,52,3,3
1056,146,120,26,26
1057,97,72,25,25
1058,81,72,9,9
1059,146,121,25,25
1060,133,115,18,18
1061,62,59,3,3
1062,148,130,18,18
1063,98,78,20,20
1064,81,64,17,17
1065,73,69,4,4
1066,81,69,12,12
1067,148,122,26,26
1068,141,114,27,27
1069,56,53,3,3
1070,123,104,19,19
1071,83,77,6,6
1072,117,108,9,9
1073,99,88,11,11
1074,99,94,5,5
1075,64,59,5,5
1076,92,76,16,16
1077,40,39,1,1
1078,183,156,27,27
1079,44,59,-15,15
1080,115,99,16,16
1081,49,49,0,0
1082,127,107,20,20
1083,155,125,30,30
1084,81,80,1,1
1085,92,75,17,17
1086,74,58,16,16
1087,108,97,11,11
1088,57,56,1,1
1089,61,61,0,0
1090,125,102,23,23
1091,97,80,17,17
1092,60,91,-31,31
1093,78,69,9,9
1094,71,79,-8,8
1095,84,77,7,7
1096,177,143,34,34
1097,80,69,11,11
1098,130,115,15,15
1099,81,74,7,7
1100,88,80,8,8
1101,56,52,4,4
1102,149,126,23,23
1103,92,73,19,19
1104,90,81,9,9
1105,45,50,-5,5
1106,63,65,-2,2
1107,92,83,9,9
1108,124,114,10,10
1109,140,124,16,16
1110,122,122,0,0
1111,47,46,1,1
1112,67,65,2,2
1113,199,160,39,39
1114,110,122,-12,12
1115,78,74,4,4
1116,42,43,-1,1
1117,51,53,-2,2
1118,183,137,46,46
1119,160,140,20,20
1120,117,105,12,12
1121,70,66,4,4
1122,90,76,14,14
1123,101,99,2,2
1124,73,70,3,3
1125,64,60,4,4
1126,69,63,6,6
1127,98,85,13,13
1128,121,108,13,13
1129,83,73,10,10
1130,170,150,20,20
1131,80,71,9,9
1132,68,63,5,5
1133,130,125,5,5
1134,66,66,0,0
1135,65,73,-8,8
1136,95,85,10,10
1137,99,86,13,13
1138,95,106,-11,11
1139,174,147,27,27
1140,154,122,32,32
1141,121,98,23,23
1142,109,88,21,21
1143,87,94,-7,7
1144,61,51,10,10
1145,96,89,7,7
1146,96,86,10,10
1147,118,99,19,19
1148,97,81,16,16
1149,105,89,16,16
1150,87,74,13,13
1151,104,92,12,12
1152,80,77,3,3
1153,54,57,-3,3
1154,92,81,11,11
1155,48,49,-1,1
1156,78,75,3,3
1157,136,110,26,26
1158,139,110,29,29
1159,61,101,-40,40
1160,83,76,7,7
1161,103,100,3,3
1162,128,108,20,20
1163,131,109,22,22
1164,76,73,3,3
1165,74,61,13,13
1166,135,120,15,15
1167,73,72,1,1
1168,115,105,10,10
1169,81,80,1,1
1170,140,115,25,25
1171,69,67,2,2
1172,46,48,-2,2
1173,109,95,14,14
1174,197,157,40,40
1175,111,112,-1,1
1176,100,87,13,13
1177,77,67,10,10
1178,66,61,5,5
1179,67,62,5,5
1180,120,118,2,2
1181,349,280,69,69
1182,78,66,12,12
1183,118,110,8,8
1184,51,60,-9,9
1185,82,75,7,7
1186,49,43,6,6
1187,72,64,8,8
1188,112,237,-125,125
1189,140,110,30,30
1190,69,56,13,13
1191,94,85,9,9
1192,69,64,5,5
1193,96,90,6,6
1194,77,107,-30,30
1195,92,91,1,1
1196,141,124,17,17
1197,94,85,9,9
1198,92,72,20,20
1199,96,108,-12,12
1200,69,58,11,11
1201,35,43,-8,8
1202,78,70,8,8
1203,113,102,11,11
1204,99,82,17,17
1205,108,94,14,14
1206,118,98,20,20
1207,95,82,13,13
1208,106,98,8,8
1209,101,76,25,25
1210,77,80,-3,3
1211,97,83,14,14
1212,86,76,10,10
1213,60,56,4,4
1214,101,100,1,1
1215,105,86,19,19
1216,73,66,7,7
1217,90,79,11,11
1218,121,100,21,21
1219,80,77,3,3
1220,85,82,3,3
1221,158,141,17,17
1222,75,70,5,5
1223,70,70,0,0
1224,66,63,3,3
1225,107,90,17,17
1226,182,155,27,27
1227,134,117,17,17
1228,103,85,18,18
1229,69,67,2,2
1230,95,78,17,17
1231,33,37,-4,4
1232,58,53,5,5
1233,63,64,-1,1
1234,115,90,25,25
1235,111,88,23,23
1236,128,103,25,25
1237,141,114,27,27
1238,50,50,0,0
1239,129,103,26,26
1240,49,53,-4,4
1241,91,75,16,16
1242,131,107,24,24
1243,120,93,27,27
1244,91,76,15,15
1245,108,97,11,11
1246,70,69,1,1
1247,51,46,5,5
1248,92,85,7,7
1249,77,67,10,10
1250,149,122,27,27
1251,117,104,13,13
1252,144,126,18,18
1253,82,65,17,17
1254,107,100,7,7
1255,51,47,4,4
1256,55,55,0,0
1257,101,93,8,8
1258,99,86,13,13
1259,114,96,18,18
1260,55,60,-5,5
1261,83,72,11,11
1262,174,148,26,26
1263,136,112,24,24
1264,89,83,6,6
1265,67,70,-3,3
1266,81,74,7,7
1267,122,111,11,11
1268,74,72,2,2
1269,149,146,3,3
1270,62,59,3,3
1271,64,65,-1,1
1272,85,82,3,3
1273,163,123,40,40
1274,72,60,12,12
1275,62,53,9,9
1276,50,50,0,0
1277,57,58,-1,1
1278,82,84,-2,2
1279,58,54,4,4
1280,51,47,4,4
1281,63,63,0,0
1282,125,88,37,37
1283,78,76,2,2
1284,57,50,7,7
1285,65,62,3,3
1286,111,106,5,5
1287,90,76,14,14
1288,107,95,12,12
1289,81,68,13,13
1290,133,101,32,32
1291,111,109,2,2
1292,64,65,-1,1
1293,56,67,-11,11
1294,51,56,-5,5
1295,64,59,5,5
1296,156,130,26,26
1297,96,94,2,2
1298,94,77,17,17
1299,65,85,-20,20
1300,167,137,30,30
1301,44,48,-4,4
1302,255,194,61,61
1303,80,68,12,12
1304,142,120,22,22
1305,73,55,18,18
1306,114,98,16,16
1307,81,67,14,14
1308,66,60,6,6
1309,91,82,9,9
1310,106,86,20,20
1311,84,81,3,3
1312,120,104,16,16
1313,115,99,16,16
1314,130,111,19,19
1315,192,173,19,19
1316,150,123,27,27
1317,87,84,3,3
1318,69,66,3,3
1319,170,156,14,14
1320,99,86,13,13
1321,72,71,1,1
1322,106,86,20,20
1323,142,109,33,33
1324,44,46,-2,2
1325,87,83,4,4
1326,72,69,3,3
1327,116,94,22,22
1328,66,62,4,4
1329,43,39,4,4
1330,145,122,23,23
1331,92,79,13,13
1332,86,79,7,7
1333,87,83,4,4
1334,71,64,7,7
1335,136,113,23,23
1336,73,73,0,0
1337,81,79,2,2
1338,65,60,5,5
1339,97,78,19,19
1340,61,56,5,5
1341,76,61,15,15
1342,55,50,5,5
1343,100,83,17,17
1344,120,108,12,12
1345,110,107,3,3
1346,103,93,10,10
1347,57,53,4,4
1348,95,76,19,19
1349,82,77,5,5
1350,105,101,4,4
1351,68,66,2,2
1352,177,145,32,32
1353,97,86,11,11
1354,150,115,35,35
1355,38,40,-2,2
1356,85,75,10,10
1357,79,74,5,5
1358,78,72,6,6
1359,98,88,10,10
1360,138,117,21,21
1361,92,75,17,17
1362,110,93,17,17
1363,135,128,7,7
1364,96,88,8,8
1365,107,90,17,17
1366,84,78,6,6
1367,82,69,13,13
1368,87,90,-3,3
1369,58,55,3,3
1370,55,51,4,4
1371,69,68,1,1
1372,193,161,32,32
1373,102,96,6,6
1374,105,88,17,17
1375,74,80,-6,6
1376,122,121,1,1
1377,85,73,12,12
1378,103,89,14,14
1379,139,119,20,20
1380,91,78,13,13
1381,84,86,-2,2
1382,155,126,29,29
1383,73,64,9,9
1384,141,116,25,25
1385,70,60,10,10
1386,93,76,17,17
1387,100,80,20,20
1388,96,82,14,14
1389,56,54,2,2
1390,93,106,-13,13
1391,97,113,-16,16
1392,43,39,4,4
1393,58,52,6,6
1394,107,92,15,15
1395,118,101,17,17
1396,64,54,10,10
1397,114,91,23,23
1398,84,71,13,13
1399,68,65,3,3
1400,170,137,33,33
1401,121,104,17,17
1402,180,155,25,25
1403,81,72,9,9
1404,131,110,21,21
1405,166,136,30,30
1406,83,76,7,7
1407,107,88,19,19
1408,95,84,11,11
1409,88,70,18,18
1410,149,122,27,27
1411,160,139,21,21
1412,112,98,14,14
1413,145,129,16,16
1414,38,36,2,2
1415,104,88,16,16
1416,125,116,9,9
1417,86,76,10,10
1418,105,91,14,14
1419,44,45,-1,1
1420,116,94,22,22
1421,136,118,18,18
1422,149,120,29,29
1423,135,96,39,39
1424,51,50,1,1
1425,94,92,2,2
1426,88,88,0,0
1427,128,113,15,15
1428,148,125,23,23
1429,103,98,5,5
1430,59,52,7,7
1431,75,68,7,7
1432,83,73,10,10
1433,73,66,7,7
1434,75,87,-12,12
1435,74,74,0,0
1436,85,77,8,8
1437,74,65,9,9
1438,99,86,13,13
1439,122,110,12,12
1440,130,118,12,12
1441,61,61,0,0
1442,48,49,-1,1
1443,111,104,7,7
1444,58,51,7,7
1445,61,67,-6,6
1446,129,115,14,14
1447,55,51,4,4
1448,159,138,21,21
1449,81,71,10,10
1450,44,46,-2,2
1451,64,56,8,8
1452,105,87,18,18
1453,131,115,16,16
1454,188,153,35,35
1455,107,92,15,15
1456,74,68,6,6
1457,155,149,6,6
1458,93,78,15,15
1459,125,109,16,16
1460,113,103,10,10
1461,81,71,10,10
1462,73,63,10,10
1463,78,68,10,10
1464,124,97,27,27
1465,68,68,0,0
1466,90,84,6,6
1467,108,86,22,22
1468,73,63,10,10
1469,92,81,11,11
1470,118,105,13,13
1471,70,58,12,12
1472,98,92,6,6
1473,70,64,6,6
1474,72,66,6,6
1475,107,84,23,23
1476,112,100,12,12
1477,118,102,16,16
1478,86,74,12,12
1479,114,85,29,29
1480,121,101,20,20
1481,120,99,21,21
1482,275,194,81,81
1483,98,78,20,20
1484,95,94,1,1
1485,80,68,12,12
1486,126,118,8,8
1487,98,88,10,10
1488,133,130,3,3
1489,61,56,5,5
1490,129,105,24,24
1491,117,101,16,16
1492,54,68,-14,14
1493,54,58,-4,4
1494,48,49,-1,1
1495,85,74,11,11
1496,56,70,-14,14
1497,77,80,-3,3
1498,140,110,30,30
1499,69,66,3,3
1500,88,82,6,6
1501,107,94,13,13
1502,81,73,8,8
1503,134,108,26,26
1504,80,75,5,5
1505,121,102,19,19
1506,111,93,18,18
1507,72,68,4,4
1508,155,138,17,17
1509,61,56,5,5
1510,70,69,1,1
1511,55,50,5,5
1512,74,68,6,6
1513,151,128,23,23
1514,38,43,-5,5
1515,164,163,1,1
1516,66,69,-3,3
1517,58,53,5,5
1518,66,64,2,2
1519,116,92,24,24
1520,71,79,-8,8
1521,99,88,11,11
1522,108,103,5,5
1523,77,73,4,4
1524,56,56,0,0
1525,126,100,26,26
1526,117,101,16,16
1527,71,58,13,13
1528,80,67,13,13
1529,69,65,4,4
1530,76,58,18,18
1531,137,115,22,22
1532,184,153,31,31
1533,131,107,24,24
1534,149,123,26,26
1535,95,83,12,12
1536,122,107,15,15
1537,54,48,6,6
1538,88,81,7,7
1539,83,74,9,9
1540,69,68,1,1
1541,87,87,0,0
1542,156,132,24,24
1543,118,107,11,11
1544,55,56,-1,1
1545,83,74,9,9
1546,81,82,-1,1
1547,101,99,2,2
1548,73,66,7,7
1549,105,95,10,10
1550,82,75,7,7
1551,65,62,3,3
1552,78,71,7,7
1553,115,100,15,15
1554,133,111,22,22
1555,58,60,-2,2
1556,108,99,9,9
1557,128,121,7,7
1558,136,107,29,29
1559,37,44,-7,7
1560,95,91,4,4
1561,121,105,16,16
1562,87,74,13,13
1563,100,106,-6,6
1564,89,74,15,15
1565,126,111,15,15
1566,109,105,4,4
1567,103,86,17,17
1568,150,119,31,31
1569,94,111,-17,17
1570,148,140,8,8
1571,60,60,0,0
1572,70,65,5,5
1573,131,117,14,14
1574,70,59,11,11
1575,95,91,4,4
1576,66,72,-6,6
1577,86,69,17,17
1578,91,79,12,12
1579,75,76,-1,1
1580,46,47,-1,1
1581,100,91,9,9
1582,98,84,14,14
1583,92,76,16,16
1584,112,92,20,20
1585,167,139,28,28
1586,90,85,5,5
1587,109,90,19,19
1588,93,97,-4,4
1589,61,58,3,3
1590,123,103,20,20
1591,93,85,8,8
1592,74,61,13,13
1593,36,38,-2,2
1594,89,76,13,13
1595,144,135,9,9
1596,80,73,7,7
1597,114,102,12,12
1598,106,100,6,6
1599,57,54,3,3
1600,70,72,-2,2
1601,112,101,11,11
1602,92,78,14,14
1603,106,90,16,16
1604,122,112,10,10
1605,128,114,14,14
1606,109,98,11,11
1607,75,66,9,9
1608,120,98,22,22
1609,60,52,8,8
1610,137,112,25,25
1611,78,71,7,7
1612,93,94,-1,1
1613,91,78,13,13
1614,84,75,9,9
1615,137,122,15,15
1616,43,49,-6,6
1617,74,57,17,17
1618,77,68,9,9
1619,114,108,6,6
1620,104,81,23,23
1621,101,92,9,9
1622,43,44,-1,1
1623,106,94,12,12
1624,90,80,10,10
1625,114,109,5,5
1626,82,66,16,16
1627,62,63,-1,1
1628,112,96,16,16
1629,46,47,-1,1
1630,104,83,21,21
1631,106,92,14,14
1632,62,54,8,8
1633,123,107,16,16
1634,95,85,10,10
1635,64,63,1,1
1636,76,74,2,2
1637,104,91,13,13
1638,126,107,19,19
1639,144,124,20,20
1640,119,109,10,10
1641,74,63,11,11
1642,51,51,0,0
1643,91,85,6,6
1644,86,85,1,1
1645,95,81,14,14
1646,72,67,5,5
1647,162,133,29,29
1648,87,76,11,11
1649,91,83,8,8
1650,122,122,0,0
1651,70,65,5,5
1652,106,102,4,4
1653,89,87,2,2
1654,59,51,8,8
1655,44,43,1,1
1656,74,62,12,12
1657,77,72,5,5
1658,135,108,27,27
1659,107,94,13,13
1660,64,60,4,4
1661,52,63,-11,11
1662,61,57,4,4
1663,74,69,5,5
1664,87,90,-3,3
1665,106,89,17,17
1666,64,59,5,5
1667,70,68,2,2
1668,77,69,8,8
1669,62,55,7,7
1670,67,61,6,6
1671,109,94,15,15
1672,118,101,17,17
1673,74,74,0,0
1674,100,86,14,14
1675,83,87,-4,4
1676,83,67,16,16
1677,121,102,19,19
1678,79,76,3,3
1679,46,46,0,0
1680,92,77,15,15
1681,102,88,14,14
1682,103,85,18,18
1683,64,55,9,9
1684,101,87,14,14
1685,105,90,15,15
1686,55,56,-1,1
1687,66,58,8,8
1688,60,56,4,4
1689,62,61,1,1
1690,150,134,16,16
1691,84,82,2,2
1692,98,95,3,3
1693,59,59,0,0
1694,57,56,1,1
1695,88,116,-28,28
1696,146,129,17,17
1697,58,57,1,1
1698,73,63,10,10
1699,192,158,34,34
1700,58,50,8,8
1701,97,85,12,12
1702,84,75,9,9
1703,149,124,25,25
1704,162,122,40,40
1705,53,60,-7,7
1706,48,52,-4,4
1707,103,101,2,2
1708,64,63,1,1
1709,85,72,13,13
1710,64,59,5,5
1711,73,64,9,9
1712,72,61,11,11
1713,136,110,26,26
1714,103,87,16,16
1715,161,133,28,28
1716,89,78,11,11
1717,102,85,17,17
1718,66,114,-48,48
1719,87,76,11,11
1720,101,88,13,13
1721,90,87,3,3
1722,108,99,9,9
1723,59,58,1,1
1724,118,100,18,18
1725,56,52,4,4
1726,195,162,33,33
1727,70,62,8,8
1728,90,82,8,8
1729,108,98,10,10
1730,118,117,1,1
1731,74,68,6,6
1732,115,99,16,16
1733,31,36,-5,5
1734,121,110,11,11
1735,43,40,3,3
1736,78,68,10,10
1737,63,60,3,3
1738,57,48,9,9
1739,53,54,-1,1
1740,63,60,3,3
1741,88,77,11,11
1742,80,81,-1,1
1743,133,118,15,15
1744,90,74,16,16
1745,130,112,18,18
1746,70,62,8,8
1747,169,133,36,36
1748,45,47,-2,2
1749,171,144,27,27
1750,84,74,10,10
1751,95,88,7,7
1752,73,68,5,5
1753,59,58,1,1
1754,82,82,0,0
1755,101,84,17,17
1756,77,75,2,2
1757,57,60,-3,3
1758,97,83,14,14
1759,69,65,4,4
1760,82,67,15,15
1761,60,71,-11,11
1762,70,66,4,4
1763,79,73,6,6
1764,127,108,19,19
1765,92,95,-3,3
1766,119,107,12,12
1767,59,53,6,6
1768,66,66,0,0
1769,44,46,-2,2
1770,46,43,3,3
1771,129,101,28,28
1772,93,76,17,17
1773,98,113,-15,15
1774,89,76,13,13
1775,74,65,9,9
1776,96,84,12,12
1777,103,84,19,19
1778,84,81,3,3
1779,75,67,8,8
1780,167,133,34,34
1781,85,79,6,6
1782,108,105,3,3
1783,59,56,3,3
1784,101,90,11,11
1785,76,69,7,7
1786,118,101,17,17
1787,67,62,5,5
1788,53,60,-7,7
1789,108,98,10,10
1790,103,88,15,15
1791,130,123,7,7
1792,83,74,9,9
1793,52,59,-7,7
1794,79,75,4,4
1795,80,78,2,2
1796,88,66,22,22
1797,55,55,0,0
1798,53,49,4,4
1799,116,98,18,18
1800,103,89,14,14
1801,73,71,2,2
1802,72,66,6,6
1803,155,128,27,27
1804,205,181,24,24
1805,55,51,4,4
1806,119,103,16,16
1807,93,78,15,15
1808,81,73,8,8
1809,93,83,10,10
1810,121,109,12,12
1811,62,56,6,6
1812,61,58,3,3
1813,113,101,12,12
1814,79,68,11,11
1815,130,115,15,15
1816,68,70,-2,2
1817,81,73,8,8
1818,114,93,21,21
1819,101,78,23,23
1820,63,55,8,8
1821,87,91,-4,4
1822,117,104,13,13
1823,114,101,13,13
1824,109,96,13,13
1825,96,83,13,13
1826,54,54,0,0
1827,132,115,17,17
1828,85,72,13,13
1829,70,59,11,11
1830,60,48,12,12
1831,68,63,5,5
1832,48,45,3,3
1833,75,73,2,2
1834,126,107,19,19
1835,106,90,16,16
1836,60,53,7,7
1837,70,60,10,10
1838,52,48,4,4
1839,86,73,13,13
1840,74,64,10,10
1841,118,98,20,20
1842,43,44,-1,1
1843,207,171,36,36
1844,97,81,16,16
1845,78,70,8,8
1846,100,92,8,8
1847,108,95,13,13
1848,73,66,7,7
1849,151,126,25,25
1850,45,46,-1,1
1851,81,70,11,11
1852,68,63,5,5
1853,140,134,6,6
1854,121,103,18,18
1855,88,93,-5,5
1856,42,45,-3,3
1857,76,73,3,3
1858,89,77,12,12
1859,61,58,3,3
1860,98,82,16,16
1861,78,74,4,4
1862,54,54,0,0
1863,128,127,1,1
1864,160,137,23,23
1865,65,63,2,2
1866,109,95,14,14
1867,149,137,12,12
1868,112,93,19,19
1869,78,68,10,10
1870,61,52,9,9
1871,82,71,11,11
1872,54,49,5,5
1873,45,49,-4,4
1874,102,87,15,15
1875,92,80,12,12
1876,121,106,15,15
1877,119,104,15,15
1878,84,71,13,13
1879,99,94,5,5
1880,116,105,11,11
1881,119,102,17,17
1882,157,133,24,24
1883,119,94,25,25
1884,92,77,15,15
1885,60,61,-1,1
1886,101,91,10,10
1887,90,84,6,6
1888,132,125,7,7
1889,156,132,24,24
1890,101,89,12,12
1891,88,76,12,12
1892,141,109,32,32
1893,56,54,2,2
1894,85,68,17,17
1895,182,144,38,38
1896,127,101,26,26
1897,76,68,8,8
1898,83,69,14,14
1899,59,55,4,4
1900,33,37,-4,4
1901,38,43,-5,5
1902,90,72,18,18
1903,87,89,-2,2
1904,81,80,1,1
1905,123,112,11,11
1906,111,94,17,17
1907,207,191,16,16
1908,140,124,16,16
1909,90,77,13,13
1910,67,65,2,2
1911,102,115,-13,13
1912,65,60,5,5
1913,81,75,6,6
1914,75,67,8,8
1915,93,87,6,6
1916,87,91,-4,4
1917,183,146,37,37
1918,95,86,9,9
1919,200,169,31,31
1920,95,84,11,11
1921,199,163,36,36
1922,87,85,2,2
1923,56,50,6,6
1924,55,59,-4,4
1925,90,87,3,3
1926,64,63,1,1
1927,57,54,3,3
1928,179,167,12,12
1929,78,69,9,9
1930,54,51,3,3
1931,112,97,15,15
1932,69,78,-9,9
1933,73,72,1,1
1934,64,62,2,2
1935,65,65,0,0
1936,63,58,5,5
1937,159,134,25,25
1938,71,70,1,1
1939,90,75,15,15
1940,116,95,21,21
1941,110,98,12,12
1942,80,79,1,1
1943,116,107,9,9
1944,101,98,3,3
1945,145,119,26,26
1946,144,127,17,17
1947,163,134,29,29
1948,115,108,7,7
1949,115,113,2,2
1950,102,89,13,13
1951,105,79,26,26
1952,61,55,6,6
1953,74,67,7,7
1954,88,76,12,12
1955,86,69,17,17
1956,98,88,10,10
1957,113,98,15,15
1958,82,62,20,20
1959,124,95,29,29
1960,76,65,11,11
1961,137,122,15,15
1962,88,89,-1,1
1963,130,109,21,21
1964,75,63,12,12
1965,97,75,22,22
1966,114,110,4,4
1967,92,83,9,9
1968,106,95,11,11
1969,89,84,5,5
1970,72,81,-9,9
1971,92,82,10,10
1972,66,63,3,3
1973,26,27,-1,1
1974,106,90,16,16
1975,82,77,5,5
1976,112,101,11,11
1977,94,82,12,12
1978,106,92,14,14
1979,114,96,18,18
1980,85,91,-6,6
1981,144,127,17,17
1982,137,111,26,26
1983,56,59,-3,3
1984,62,50,12,12
1985,65,65,0,0
1986,71,69,2,2
1987,78,79,-1,1
1988,66,54,12,12
1989,106,99,7,7
1990,74,101,-27,27
1991,46,113,-67,67
1992,140,114,26,26
1993,129,107,22,22
1994,83,79,4,4
1995,81,75,6,6
1996,49,46,3,3
1997,124,107,17,17
1998,42,39,3,3
1999,89,76,13,13
2000,101,83,18,18
2001,184,176,8,8
2002,113,98,15,15
2003,212,177,35,35
2004,120,102,18,18
2005,95,87,8,8
2006,120,107,13,13
2007,97,87,10,10
2008,72,66,6,6
2009,80,63,17,17
2010,87,86,1,1
2011,100,88,12,12
2012,185,157,28,28
2013,90,83,7,7
2014,77,71,6,6
2015,67,65,2,2
2016,63,60,3,3
2017,74,70,4,4
2018,104,89,15,15
2019,129,110,19,19
2020,73,66,7,7
2021,128,105,23,23
2022,64,62,2,2
2023,88,72,16,16
2024,47,52,-5,5
2025,68,60,8,8
2026,75,63,12,12
2027,75,69,6,6
2028,80,77,3,3
2029,61,59,2,2
2030,74,69,5,5
2031,79,76,3,3
2032,62,62,0,0
2033,121,113,8,8
2034,77,70,7,7
2035,104,102,2,2
2036,116,98,18,18
2037,61,66,-5,5
2038,86,75,11,11
2039,83,86,-3,3
2040,119,114,5,5
2041,109,102,7,7
2042,83,85,-2,2
2043,66,65,1,1
2044,112,102,10,10
2045,110,99,11,11
2046,115,110,5,5
2047,97,85,12,12
2048,115,103,12,12
2049,78,75,3,3
2050,58,53,5,5
2051,98,93,5,5
2052,104,91,13,13
2053,109,91,18,18
2054,143,122,21,21
2055,98,87,11,11
2056,56,56,0,0
2057,61,58,3,3
2058,86,74,12,12
2059,73,67,6,6
2060,101,89,12,12
2061,165,135,30,30
2062,64,55,9,9
2063,62,56,6,6
2064,68,60,8,8
2065,101,93,8,8
2066,72,74,-2,2
2067,56,52,4,4
2068,109,86,23,23
2069,63,56,7,7
2070,48,50,-2,2
2071,134,117,17,17
2072,91,89,2,2
2073,80,75,5,5
2074,112,96,16,16
2075,49,48,1,1
2076,91,79,12,12
2077,75,73,2,2
2078,86,71,15,15
2079,142,113,29,29
2080,79,68,11,11
2081,122,116,6,6
2082,139,123,16,16
2083,79,66,13,13
2084,184,144,40,40
2085,134,143,-9,9
2086,99,85,14,14
2087,59,61,-2,2
2088,77,73,4,4
2089,84,74,10,10
2090,116,105,11,11
2091,41,41,0,0
2092,70,58,12,12
2093,39,42,-3,3
2094,82,73,9,9
2095,58,56,2,2
2096,166,146,20,20
2097,71,68,3,3
2098,119,100,19,19
2099,92,90,2,2
2100,116,105,11,11
2101,121,100,21,21
2102,106,92,14,14
2103,82,72,10,10
2104,137,119,18,18
2105,113,102,11,11
2106,84,77,7,7
2107,136,110,26,26
2108,57,56,1,1
2109,142,117,25,25
2110,55,50,5,5
2111,82,74,8,8
2112,208,174,34,34
2113,101,80,21,21
2114,156,141,15,15
2115,175,138,37,37
2116,137,108,29,29
2117,105,106,-1,1
2118,84,80,4,4
2119,78,72,6,6
2120,115,92,23,23
2121,74,66,8,8
2122,67,60,7,7
2123,46,49,-3,3
2124,123,106,17,17
2125,68,60,8,8
2126,110,106,4,4
2127,95,83,12,12
2128,77,76,1,1
2129,86,83,3,3
2130,62,54,8,8
2131,91,75,16,16
2132,76,71,5,5
2133,92,72,20,20
2134,98,83,15,15
2135,108,95,13,13
2136,142,124,18,18
2137,111,82,29,29
2138,96,90,6,6
2139,86,75,11,11
2140,138,120,18,18
2141,89,81,8,8
2142,149,120,29,29
2143,82,78,4,4
2144,135,121,14,14
2145,94,84,10,10
2146,79,72,7,7
2147,84,77,7,7
2148,44,75,-31,31
2149,46,58,-12,12
2150,96,83,13,13
2151,114,99,15,15
2152,57,52,5,5
2153,79,67,12,12
2154,78,88,-10,10
2155,117,121,-4,4
2156,98,78,20,20
2157,57,48,9,9
2158,99,79,20,20
2159,97,83,14,14
2160,98,80,18,18
2161,70,59,11,11
2162,102,96,6,6
2163,82,80,2,2
2164,81,73,8,8
2165,69,66,3,3
2166,66,55,11,11
2167,97,76,21,21
2168,86,78,8,8
2169,58,53,5,5
2170,83,81,2,2
2171,78,71,7,7
2172,64,57,7,7
2173,127,90,37,37
2174,73,59,14,14
2175,70,71,-1,1
2176,93,86,7,7
2177,116,104,12,12
2178,103,80,23,23
2179,44,48,-4,4
2180,84,84,0,0
2181,116,89,27,27
2182,102,104,-2,2
2183,56,49,7,7
2184,117,104,13,13
2185,111,100,11,11
2186,82,79,3,3
2187,115,96,19,19
2188,96,97,-1,1
2189,137,106,31,31
2190,111,103,8,8
2191,63,63,0,0
2192,65,59,6,6
2193,57,51,6,6
2194,82,66,16,16
2195,64,76,-12,12
2196,100,87,13,13
2197,68,63,5,5
2198,57,61,-4,4
2199,76,65,11,11
2200,138,121,17,17
2201,61,65,-4,4
2202,80,79,1,1
2203,98,92,6,6
2204,137,122,15,15
2205,101,86,15,15
2206,122,109,13,13
2207,75,74,1,1
2208,118,102,16,16
2209,87,81,6,6
2210,116,112,4,4
2211,97,87,10,10
2212,147,139,8,8
2213,74,63,11,11
2214,55,54,1,1
2215,110,89,21,21
2216,93,86,7,7
2217,64,65,-1,1
2218,105,101,4,4
2219,70,88,-18,18
2220,92,75,17,17
2221,63,58,5,5
2222,93,82,11,11
2223,60,57,3,3
2224,82,75,7,7
2225,108,97,11,11
2226,118,104,14,14
2227,167,142,25,25
2228,112,100,12,12
2229,85,76,9,9
2230,77,82,-5,5
2231,105,98,7,7
2232,144,123,21,21
2233,159,148,11,11
2234,68,62,6,6
2235,42,41,1,1
2236,111,110,1,1
2237,67,71,-4,4
2238,135,113,22,22
2239,45,52,-7,7
2240,79,71,8,8
2241,117,108,9,9
2242,94,81,13,13
2243,44,71,-27,27
2244,94,91,3,3
2245,140,115,25,25
2246,98,85,13,13
2247,66,64,2,2
2248,63,62,1,1
2249,65,71,-6,6
2250,104,95,9,9
2251,92,87,5,5
2252,86,77,9,9
2253,81,76,5,5
2254,77,80,-3,3
2255,78,70,8,8
2256,48,53,-5,5
2257,39,39,0,0
2258,47,41,6,6
2259,94,92,2,2
2260,161,132,29,29
2261,72,60,12,12
2262,35,39,-4,4
2263,89,88,1,1
2264,69,85,-16,16
2265,102,95,7,7
2266,79,89,-10,10
2267,107,88,19,19
2268,111,115,-4,4
2269,95,88,7,7
2270,102,93,9,9
2271,89,85,4,4
2272,65,54,11,11
2273,108,97,11,11
2274,57,63,-6,6
2275,103,89,14,14
2276,151,118,33,33
2277,184,146,38,38
2278,78,70,8,8
2279,185,142,43,43
2280,63,64,-1,1
2281,131,115,16,16
2282,155,124,31,31
2283,87,73,14,14
2284,136,116,20,20
2285,104,96,8,8
2286,54,50,4,4
2287,107,98,9,9
2288,64,58,6,6
2289,68,63,5,5
2290,90,83,7,7
2291,65,66,-1,1
2292,86,83,3,3
2293,78,71,7,7
2294,72,60,12,12
2295,50,56,-6,6
2296,107,94,13,13
2297,101,183,-82,82
2298,104,90,14,14
2299,47,46,1,1
2300,87,75,12,12
2301,102,94,8,8
2302,103,85,18,18
2303,62,54,8,8
2304,57,55,2,2
2305,68,66,2,2
2306,109,97,12,12
2307,80,80,0,0
2308,76,75,1,1
2309,97,90,7,7
2310,83,71,12,12
2311,116,101,15,15
2312,72,65,7,7
2313,49,53,-4,4
2314,108,107,1,1
2315,106,84,22,22
2316,135,110,25,25
2317,115,108,7,7
2318,111,88,23,23
2319,95,76,19,19
2320,56,59,-3,3
2321,154,122,32,32
2322,106,92,14,14
2323,71,68,3,3
2324,92,78,14,14
2325,96,76,20,20
2326,75,72,3,3
2327,127,102,25,25
2328,66,64,2,2
2329,78,70,8,8
2330,148,129,19,19
2331,95,81,14,14
2332,145,113,32,32
2333,80,78,2,2
2334,48,47,1,1
2335,73,75,-2,2
2336,128,119,9,9
2337,38,42,-4,4
2338,180,153,27,27
2339,63,60,3,3
2340,60,54,6,6
2341,149,133,16,16
2342,97,92,5,5
2343,57,56,1,1
2344,158,125,33,33
2345,85,81,4,4
2346,83,68,15,15
2347,145,120,25,25
2348,76,67,9,9
2349,107,90,17,17
2350,177,146,31,31
2351,106,83,23,23
2352,73,66,7,7
2353,43,44,-1,1
2354,141,110,31,31
2355,100,94,6,6
2356,81,86,-5,5
2357,267,188,79,79
2358,69,64,5,5
2359,114,102,12,12
2360,110,95,15,15
2361,107,98,9,9
2362,95,75,20,20
2363,92,75,17,17
2364,166,127,39,39
2365,83,79,4,4
2366,140,120,20,20
2367,102,87,15,15
2368,82,79,3,3
2369,88,84,4,4
2370,129,98,31,31
2371,171,165,6,6
2372,53,50,3,3
2373,139,107,32,32
2374,131,107,24,24
2375,137,109,28,28
2376,65,61,4,4
2377,83,77,6,6
2378,191,170,21,21
2379,65,58,7,7
2380,197,163,34,34
2381,101,92,9,9
2382,147,128,19,19
2383,159,139,20,20
2384,46,44,2,2
2385,151,125,26,26
2386,104,89,15,15
2387,132,123,9,9
2388,67,61,6,6
2389,80,74,6,6
2390,198,166,32,32
2391,116,120,-4,4
2392,72,96,-24,24
2393,152,126,26,26
2394,63,66,-3,3
2395,61,60,1,1
2396,112,98,14,14
2397,96,78,18,18
2398,90,78,12,12
2399,118,110,8,8
2400,102,93,9,9
2401,65,59,6,6
2402,93,88,5,5
2403,64,58,6,6
2404,88,112,-24,24
2405,116,102,14,14
2406,94,95,-1,1
2407,96,96,0,0
2408,83,94,-11,11
2409,125,110,15,15
2410,71,58,13,13
2411,147,139,8,8
2412,117,107,10,10
2413,125,110,15,15
2414,65,56,9,9
2415,69,69,0,0
2416,72,65,7,7
2417,80,75,5,5
2418,73,63,10,10
2419,62,60,2,2
2420,126,110,16,16
2421,56,54,2,2
2422,90,87,3,3
2423,95,92,3,3
2424,67,65,2,2
2425,37,39,-2,2
2426,128,108,20,20
2427,63,55,8,8
2428,32,39,-7,7
2429,63,57,6,6
2430,42,50,-8,8
2431,90,83,7,7
2432,58,55,3,3
2433,159,124,35,35
2434,114,109,5,5
2435,76,69,7,7
2436,71,63,8,8
2437,91,79,12,12
2438,144,118,26,26
2439,71,61,10,10
2440,70,68,2,2
2441,109,98,11,11
2442,86,77,9,9
2443,114,105,9,9
2444,66,54,12,12
2445,92,76,16,16
2446,71,66,5,5
2447,92,77,15,15
2448,137,141,-4,4
2449,73,75,-2,2
2450,73,68,5,5
2451,101,84,17,17
2452,119,102,17,17
2453,97,88,9,9
2454,110,92,18,18
2455,69,60,9,9
2456,81,69,12,12
2457,67,64,3,3
2458,139,118,21,21
2459,88,78,10,10
2460,114,95,19,19
2461,64,56,8,8
2462,86,77,9,9
2463,122,107,15,15
2464,122,104,18,18
2465,94,82,12,12
2466,128,117,11,11
2467,83,70,13,13
2468,92,80,12,12
2469,175,149,26,26
2470,141,124,17,17
2471,72,69,3,3
2472,135,126,9,9
2473,84,74,10,10
2474,123,106,17,17
2475,113,106,7,7
2476,135,116,19,19
2477,83,76,7,7
2478,58,60,-2,2
2479,146,127,19,19
2480,123,112,11,11
2481,50,51,-1,1
2482,67,71,-4,4
2483,80,77,3,3
2484,136,119,17,17
2485,165,141,24,24
2486,84,70,14,14
2487,107,92,15,15
2488,151,133,18,18
2489,111,100,11,11
2490,51,54,-3,3
2491,78,71,7,7
2492,145,113,32,32
2493,54,54,0,0
2494,86,74,12,12
2495,93,83,10,10
2496,117,95,22,22
2497,52,50,2,2
2498,84,83,1,1
2499,196,177,19,19
2500,70,59,11,11
2501,166,144,22,22
2502,103,82,21,21
2503,67,75,-8,8
2504,54,50,4,4
2505,91,81,10,10
2506,124,108,16,16
2507,80,70,10,10
2508,111,102,9,9
2509,108,86,22,22
2510,134,125,9,9
2511,98,88,10,10
2512,64,86,-22,22
2513,73,67,6,6
2514,94,86,8,8
2515,61,65,-4,4
2516,90,87,3,3
2517,102,88,14,14
2518,150,126,24,24
2519,97,92,5,5
2520,76,68,8,8
2521,58,55,3,3
2522,90,69,21,21
2523,70,64,6,6
2524,65,60,5,5
2525,78,73,5,5
2526,53,55,-2,2
2527,83,68,15,15
2528,103,67,36,36
2529,74,65,9,9
2530,173,147,26,26
2531,63,62,1,1
2532,104,90,14,14
2533,96,88,8,8
2534,110,111,-1,1
2535,83,72,11,11
2536,89,82,7,7
2537,95,92,3,3
2538,74,74,0,0
2539,55,49,6,6
2540,117,108,9,9
2541,32,32,0,0
2542,64,66,-2,2
2543,103,80,23,23
2544,121,103,18,18
2545,129,108,21,21
2546,90,87,3,3
2547,119,131,-12,12
2548,105,85,20,20
2549,78,67,11,11
2550,159,129,30,30
2551,73,69,4,4
2552,128,110,18,18
2553,149,132,17,17
2554,129,100,29,29
2555,87,83,4,4
2556,69,69,0,0
2557,120,105,15,15
2558,57,52,5,5
2559,107,103,4,4
2560,56,54,2,2
2561,128,84,44,44
2562,153,120,33,33
2563,114,112,2,2
2564,96,92,4,4
2565,111,95,16,16
2566,130,122,8,8
2567,88,82,6,6
2568,75,68,7,7
2569,85,82,3,3
2570,105,93,12,12
2571,48,46,2,2
2572,98,87,11,11
2573,62,62,0,0
2574,142,121,21,21
2575,91,68,23,23
2576,85,79,6,6
2577,67,59,8,8
2578,116,98,18,18
2579,82,80,2,2
2580,136,119,17,17
2581,145,112,33,33
2582,76,73,3,3
2583,46,46,0,0
2584,112,113,-1,1
2585,119,110,9,9
2586,75,82,-7,7
2587,58,62,-4,4
2588,90,88,2,2
2589,106,103,3,3
2590,117,104,13,13
2591,97,84,13,13
2592,142,135,7,7
2593,156,130,26,26
2594,136,88,48,48
2595,73,72,1,1
2596,98,78,20,20
2597,79,76,3,3
2598,130,121,9,9
2599,114,106,8,8
2600,122,106,16,16
2601,87,73,14,14
2602,136,114,22,22
2603,157,131,26,26
2604,53,51,2,2
2605,106,93,13,13
2606,62,61,1,1
2607,87,82,5,5
2608,75,64,11,11
2609,71,66,5,5
2610,87,77,10,10
2611,81,73,8,8
2612,110,95,15,15
2613,119,106,13,13
2614,103,88,15,15
2615,65,55,10,10
2616,137,108,29,29
2617,66,67,-1,1
2618,78,66,12,12
2619,93,88,5,5
2620,117,99,18,18
2621,95,85,10,10
2622,88,75,13,13
2623,102,79,23,23
2624,49,48,1,1
2625,82,70,12,12
2626,70,69,1,1
2627,78,77,1,1
2628,75,66,9,9
2629,80,73,7,7
2630,133,113,20,20
2631,82,75,7,7
2632,147,106,41,41
2633,174,146,28,28
2634,65,61,4,4
2635,95,81,14,14
2636,105,85,20,20
2637,72,63,9,9
2638,78,74,4,4
2639,137,119,18,18
2640,153,124,29,29
2641,131,130,1,1
2642,53,54,-1,1
2643,88,76,12,12
2644,74,72,2,2
2645,62,57,5,5
2646,97,96,1,1
2647,121,103,18,18
2648,106,98,8,8
2649,76,96,-20,20
2650,103,92,11,11
2651,87,77,10,10
2652,67,57,10,10
2653,68,86,-18,18
2654,123,101,22,22
2655,68,59,9,9
2656,115,103,12,12
2657,116,95,21,21
2658,95,82,13,13
2659,57,59,-2,2
2660,106,92,14,14
2661,85,75,10,10
2662,106,84,22,22
2663,87,75,12,12
2664,86,77,9,9
2665,84,78,6,6
2666,60,56,4,4
2667,99,92,7,7
2668,84,77,7,7
2669,60,56,4,4
2670,134,107,27,27
2671,130,117,13,13
2672,78,68,10,10
2673,62,57,5,5
2674,90,74,16,16
2675,105,100,5,5
2676,104,94,10,10
2677,102,92,10,10
2678,125,113,12,12
2679,74,61,13,13
2680,100,87,13,13
2681,103,96,7,7
2682,77,65,12,12
2683,86,74,12,12
2684,97,94,3,3
2685,81,81,0,0
2686,88,82,6,6
2687,52,53,-1,1
2688,59,67,-8,8
2689,89,75,14,14
2690,51,58,-7,7
2691,45,50,-5,5
2692,103,102,1,1
2693,70,69,1,1
2694,148,128,20,20
2695,91,87,4,4
2696,45,42,3,3
2697,146,134,12,12
2698,119,102,17,17
2699,107,102,5,5
2700,170,137,33,33
2701,62,56,6,6
2702,130,101,29,29
2703,40,54,-14,14
2704,91,78,13,13
2705,61,56,5,5
2706,72,59,13,13
2707,113,103,10,10
2708,120,95,25,25
2709,52,49,3,3
2710,43,45,-2,2
2711,63,54,9,9
2712,106,97,9,9
2713,109,98,11,11
2714,136,118,18,18
2715,100,91,9,9
2716,58,57,1,1
2717,64,57,7,7
2718,135,120,15,15
2719,125,114,11,11
2720,91,95,-4,4
2721,81,77,4,4
2722,53,51,2,2
2723,120,109,11,11
2724,96,90,6,6
2725,42,39,3,3
2726,122,110,12,12
2727,67,57,10,10
2728,97,81,16,16
2729,65,62,3,3
2730,86,82,4,4
2731,72,62,10,10
2732,62,57,5,5
2733,72,62,10,10
2734,83,65,18,18
2735,129,114,15,15
2736,109,95,14,14
2737,72,77,-5,5
2738,78,73,5,5
2739,175,157,18,18
2740,125,110,15,15
2741,65,53,12,12
2742,122,107,15,15
2743,79,75,4,4
2744,35,45,-10,10
2745,86,83,3,3
2746,120,98,22,22
2747,96,87,9,9
2748,152,135,17,17
2749,114,106,8,8
2750,94,89,5,5
2751,67,61,6,6
2752,94,89,5,5
2753,145,113,32,32
2754,52,53,-1,1
2755,108,97,11,11
2756,86,86,0,0
2757,91,83,8,8
2758,132,112,20,20
2759,160,138,22,22
2760,94,82,12,12
2761,136,108,28,28
2762,46,43,3,3
2763,76,62,14,14
2764,66,65,1,1
2765,72,65,7,7
2766,102,94,8,8
2767,77,72,5,5
2768,56,55,1,1
2769,139,127,12,12
2770,217,175,42,42
2771,105,96,9,9
2772,86,73,13,13
2773,172,143,29,29
2774,131,117,14,14
2775,141,123,18,18
2776,85,79,6,6
2777,68,56,12,12
2778,90,85,5,5
2779,75,70,5,5
2780,82,75,7,7
2781,76,68,8,8
2782,92,81,11,11
2783,76,70,6,6
2784,108,96,12,12
2785,99,87,12,12
2786,65,64,1,1
2787,101,98,3,3
2788,196,163,33,33
2789,80,77,3,3
2790,130,120,10,10
2791,57,75,-18,18
2792,105,85,20,20
2793,83,77,6,6
2794,75,80,-5,5
2795,37,41,-4,4
2796,92,88,4,4
2797,70,60,10,10
2798,35,37,-2,2
2799,120,100,20,20
2800,87,69,18,18
2801,56,48,8,8
2802,84,76,8,8
2803,185,155,30,30
2804,95,78,17,17
2805,76,68,8,8
2806,60,55,5,5
2807,84,77,7,7
2808,67,61,6,6
2809,79,71,8,8
2810,106,96,10,10
2811,121,102,19,19
2812,81,81,0,0
2813,93,83,10,10
2814,150,127,23,23
2815,104,96,8,8
2816,95,83,12,12
2817,120,101,19,19
2818,140,129,11,11
2819,106,102,4,4
2820,92,70,22,22
2821,75,69,6,6
2822,69,72,-3,3
2823,78,67,11,11
2824,57,56,1,1
2825,71,60,11,11
2826,110,94,16,16
2827,90,81,9,9
2828,58,51,7,7
2829,52,53,-1,1
2830,108,98,10,10
2831,53,57,-4,4
2832,102,88,14,14
2833,89,84,5,5
2834,158,130,28,28
2835,81,65,16,16
2836,93,91,2,2
2837,127,105,22,22
2838,117,99,18,18
2839,105,88,17,17
2840,133,115,18,18
2841,106,88,18,18
2842,149,126,23,23
2843,117,100,17,17
2844,92,81,11,11
2845,74,67,7,7
2846,156,131,25,25
2847,90,79,11,11
2848,116,107,9,9
2849,118,102,16,16
2850,109,99,10,10
2851,110,98,12,12
2852,84,83,1,1
2853,120,96,24,24
2854,145,132,13,13
2855,64,63,1,1
2856,95,101,-6,6
2857,54,56,-2,2
2858,109,95,14,14
2859,81,71,10,10
2860,74,69,5,5
2861,123,114,9,9
2862,88,79,9,9
2863,153,137,16,16
2864,119,112,7,7
2865,100,90,10,10
2866,91,78,13,13
2867,85,66,19,19
2868,72,62,10,10
2869,137,112,25,25
2870,120,126,-6,6
2871,58,53,5,5
2872,106,91,15,15
2873,100,86,14,14
2874,75,68,7,7
2875,71,63,8,8
2876,90,80,10,10
2877,56,58,-2,2
2878,109,96,13,13
2879,97,92,5,5
2880,95,82,13,13
2881,84,72,12,12
2882,64,57,7,7
2883,79,70,9,9
2884,66,61,5,5
2885,65,63,2,2
2886,117,103,14,14
2887,143,123,20,20
2888,65,58,7,7
2889,80,72,8,8
2890,111,108,3,3
2891,116,101,15,15
2892,80,121,-41,41
2893,89,81,8,8
2894,181,144,37,37
2895,95,78,17,17
2896,81,70,11,11
2897,172,135,37,37
2898,137,111,26,26
2899,83,75,8,8
2900,98,90,8,8
2901,131,111,20,20
2902,75,72,3,3
2903,160,139,21,21
2904,115,95,20,20
2905,124,113,11,11
2906,121,102,19,19
2907,113,98,15,15
2908,116,99,17,17
2909,62,62,0,0
2910,94,78,16,16
2911,92,81,11,11
2912,144,118,26,26
2913,37,82,-45,45
2914,65,63,2,2
2915,159,152,7,7
2916,76,65,11,11
2917,116,102,14,14
2918,79,68,11,11
2919,89,88,1,1
2920,79,71,8,8
2921,100,97,3,3
2922,92,77,15,15
2923,90,80,10,10
2924,53,50,3,3
2925,97,95,2,2
2926,148,123,25,25
2927,104,99,5,5
2928,57,53,4,4
2929,71,65,6,6
2930,116,114,2,2
2931,191,168,23,23
2932,122,105,17,17
2933,60,59,1,1
2934,125,140,-15,15
2935,69,71,-2,2
2936,98,89,9,9
2937,131,106,25,25
2938,105,98,7,7
2939,103,88,15,15
2940,60,61,-1,1
2941,67,62,5,5
2942,118,105,13,13
2943,58,69,-11,11
2944,76,69,7,7
2945,109,99,10,10
2946,72,65,7,7
2947,87,75,12,12
2948,57,57,0,0
2949,85,79,6,6
2950,78,73,5,5
2951,88,72,16,16
2952,75,65,10,10
2953,124,108,16,16
2954,84,82,2,2
2955,112,93,19,19
2956,98,83,15,15
2957,152,127,25,25
2958,54,50,4,4
2959,121,108,13,13
2960,164,138,26,26
2961,58,54,4,4
2962,164,142,22,22
2963,47,52,-5,5
2964,163,151,12,12
2965,104,90,14,14
2966,66,64,2,2
2967,111,97,14,14
2968,60,61,-1,1
2969,45,43,2,2
2970,98,87,11,11
2971,129,106,23,23
2972,94,85,9,9
2973,100,90,10,10
2974,88,81,7,7
2975,79,71,8,8
2976,73,70,3,3
2977,125,112,13,13
2978,91,85,6,6
2979,102,94,8,8
2980,137,117,20,20
2981,186,161,25,25
2982,67,66,1,1
2983,59,59,0,0
2984,36,40,-4,4
2985,128,108,20,20
2986,80,69,11,11
2987,102,105,-3,3
2988,137,104,33,33
2989,58,46,12,12
2990,94,86,8,8
2991,90,79,11,11
2992,110,91,19,19
2993,101,99,2,2
2994,78,73,5,5
2995,121,94,27,27
2996,87,74,13,13
2997,81,67,14,14
2998,70,67,3,3
2999,142,121,21,21
3000,93,86,7,7
3001,98,78,20,20
3002,125,110,15,15
3003,65,57,8,8
3004,126,110,16,16
3005,77,66,11,11
3006,79,74,5,5
3007,85,80,5,5
3008,65,55,10,10
3009,74,71,3,3
3010,124,115,9,9
3011,112,92,20,20
3012,99,92,7,7
3013,73,61,12,12
3014,97,93,4,4
3015,73,66,7,7
3016,58,57,1,1
3017,172,149,23,23
3018,91,79,12,12
3019,67,67,0,0
3020,100,93,7,7
3021,110,100,10,10
3022,58,58,0,0
3023,96,91,5,5
3024,69,76,-7,7
3025,91,82,9,9
3026,64,60,4,4
3027,71,70,1,1
3028,49,62,-13,13
3029,88,86,2,2
3030,147,112,35,35
3031,71,63,8,8
3032,117,99,18,18
3033,89,85,4,4
3034,95,80,15,15
3035,78,76,2,2
3036,82,85,-3,3
3037,72,69,3,3
3038,137,116,21,21
3039,122,122,0,0
3040,115,97,18,18
3041,120,102,18,18
3042,119,108,11,11
3043,84,74,10,10
3044,88,74,14,14
3045,60,57,3,3
3046,115,102,13,13
3047,81,72,9,9
3048,136,127,9,9
3049,85,84,1,1
3050,100,97,3,3
3051,118,106,12,12
3052,109,94,15,15
3053,61,68,-7,7
3054,105,94,11,11
3055,206,165,41,41
3056,112,99,13,13
3057,83,74,9,9
3058,181,161,20,20
3059,151,126,25,25
3060,104,94,10,10
3061,83,89,-6,6
3062,109,92,17,17
3063,62,58,4,4
3064,76,70,6,6
3065,86,84,2,2
3066,127,103,24,24
3067,83,72,11,11
3068,122,97,25,25
3069,103,97,6,6
3070,107,95,12,12
3071,94,83,11,11
3072,103,80,23,23
3073,72,61,11,11
3074,66,66,0,0
3075,70,77,-7,7
3076,54,49,5,5
3077,57,61,-4,4
3078,165,145,20,20
3079,125,104,21,21
3080,125,114,11,11
3081,92,82,10,10
3082,53,43,10,10
3083,106,114,-8,8
3084,95,81,14,14
3085,94,78,16,16
3086,72,68,4,4
3087,78,70,8,8
3088,113,102,11,11
3089,106,86,20,20
3090,101,86,15,15
3091,102,103,-1,1
3092,95,81,14,14
3093,69,64,5,5
3094,74,60,14,14
3095,104,85,19,19
3096,78,76,2,2
3097,86,82,4,4
3098,41,41,0,0
3099,86,77,9,9
3100,80,73,7,7
3101,182,148,34,34
3102,83,77,6,6
3103,65,57,8,8
3104,81,69,12,12
3105,159,134,25,25
3106,103,90,13,13
3107,102,84,18,18
3108,60,52,8,8
3109,142,117,25,25
3110,62,59,3,3
3111,129,110,19,19
3112,79,79,0,0
3113,87,79,8,8
3114,127,104,23,23
3115,56,58,-2,2
3116,94,97,-3,3
3117,90,79,11,11
3118,62,63,-1,1
3119,60,61,-1,1
3120,110,115,-5,5
3121,98,93,5,5
3122,58,56,2,2
3123,88,79,9,9
3124,35,34,1,1
3125,138,120,18,18
3126,73,69,4,4
3127,99,73,26,26
3128,87,75,12,12
3129,69,65,4,4
3130,102,83,19,19
3131,89,85,4,4
3132,106,87,19,19
3133,116,102,14,14
3134,69,64,5,5
3135,75,64,11,11
3136,91,77,14,14
3137,67,63,4,4
3138,133,122,11,11
3139,76,74,2,2
3140,103,85,18,18
3141,71,59,12,12
3142,135,114,21,21
3143,99,93,6,6
3144,104,88,16,16
3145,146,117,29,29
3146,57,50,7,7
3147,108,101,7,7
3148,82,73,9,9
3149,106,87,19,19
3150,110,100,10,10
3151,98,88,10,10
3152,62,54,8,8
3153,102,94,8,8
3154,130,114,16,16
3155,108,86,22,22
3156,61,59,2,2
3157,73,77,-4,4
3158,54,51,3,3
3159,63,53,10,10
3160,140,110,30,30
3161,47,102,-55,55
3162,68,69,-1,1
3163,134,110,24,24
3164,106,91,15,15
3165,72,66,6,6
3166,107,96,11,11
3167,107,95,12,12
3168,53,51,2,2
3169,112,94,18,18
3170,124,111,13,13
3171,103,88,15,15
3172,76,73,3,3
3173,103,93,10,10
3174,92,78,14,14
3175,40,40,0,0
3176,79,71,8,8
3177,83,79,4,4
3178,77,69,8,8
3179,75,67,8,8
3180,63,50,13,13
3181,134,115,19,19
3182,66,65,1,1
3183,173,150,23,23
3184,100,82,18,18
3185,119,93,26,26
3186,143,129,14,14
3187,61,64,-3,3
3188,59,58,1,1
3189,91,89,2,2
3190,61,57,4,4
3191,127,111,16,16
3192,164,141,23,23
3193,81,71,10,10
3194,136,118,18,18
3195,73,73,0,0
3196,72,69,3,3
3197,82,73,9,9
3198,79,73,6,6
3199,70,68,2,2
3200,95,83,12,12
3201,63,59,4,4
3202,67,56,11,11
3203,127,111,16,16
3204,107,93,14,14
3205,58,56,2,2
3206,91,85,6,6
3207,60,49,11,11
3208,94,92,2,2
3209,90,69,21,21
3210,49,48,1,1
3211,94,104,-10,10
3212,68,55,13,13
3213,86,69,17,17
3214,107,85,22,22
3215,54,53,1,1
3216,88,71,17,17
3217,69,70,-1,1
3218,85,72,13,13
3219,99,86,13,13
3220,116,112,4,4
3221,113,98,15,15
3222,42,51,-9,9
3223,36,36,0,0
3224,52,53,-1,1
3225,88,70,18,18
3226,62,58,4,4
3227,87,71,16,16
3228,97,96,1,1
3229,94,85,9,9
3230,113,98,15,15
3231,168,137,31,31
3232,107,88,19,19
3233,130,114,16,16
3234,169,133,36,36
3235,84,78,6,6
3236,151,115,36,36
3237,75,60,15,15
3238,73,65,8,8
3239,64,65,-1,1
3240,144,133,11,11
3241,86,77,9,9
3242,91,79,12,12
3243,76,65,11,11
3244,112,104,8,8
3245,46,60,-14,14
3246,51,52,-1,1
3247,116,95,21,21
3248,106,107,-1,1
3249,63,64,-1,1
3250,115,97,18,18
3251,151,142,9,9
3252,70,59,11,11
3253,153,129,24,24
3254,66,58,8,8
3255,95,89,6,6
3256,71,65,6,6
3257,75,77,-2,2
3258,83,73,10,10
3259,75,62,13,13
3260,111,85,26,26
3261,95,85,10,10
3262,133,107,26,26
3263,56,45,11,11
3264,42,46,-4,4
3265,61,61,0,0
3266,72,69,3,3
3267,60,57,3,3
3268,95,78,17,17
3269,115,110,5,5
3270,101,95,6,6
3271,65,63,2,2
3272,100,97,3,3
3273,69,66,3,3
3274,81,70,11,11
3275,82,76,6,6
3276,107,93,14,14
3277,112,107,5,5
3278,99,85,14,14
3279,75,66,9,9
3280,161,133,28,28
3281,76,68,8,8
3282,142,126,16,16
3283,111,94,17,17
3284,78,73,5,5
3285,137,123,14,14
3286,40,40,0,0
3287,65,61,4,4
3288,88,81,7,7
3289,103,81,22,22
3290,143,142,1,1
3291,37,34,3,3
3292,65,56,9,9
3293,90,76,14,14
3294,97,75,22,22
3295,107,91,16,16
3296,104,102,2,2
3297,151,123,28,28
3298,98,90,8,8
3299,91,88,3,3
3300,90,77,13,13
3301,79,75,4,4
3302,62,52,10,10
3303,83,72,11,11
3304,102,97,5,5
3305,92,88,4,4
3306,48,47,1,1
3307,103,93,10,10
3308,65,57,8,8
3309,84,75,9,9
3310,57,53,4,4
3311,108,97,11,11
3312,80,71,9,9
3313,66,75,-9,9
3314,106,98,8,8
3315,52,51,1,1
3316,107,107,0,0
3317,107,88,19,19
3318,57,55,2,2
3319,137,119,18,18
3320,69,60,9,9
3321,90,73,17,17
3322,65,62,3,3
3323,49,44,5,5
3324,153,129,24,24
3325,119,99,20,20
3326,75,70,5,5
3327,160,133,27,27
3328,140,121,19,19
3329,146,134,12,12
3330,104,79,25,25
3331,94,87,7,7
3332,60,50,10,10
3333,118,90,28,28
3334,71,66,5,5
3335,66,63,3,3
3336,183,147,36,36
3337,103,80,23,23
3338,119,102,17,17
3339,107,107,0,0
3340,92,78,14,14
3341,89,87,2,2
3342,116,101,15,15
3343,84,71,13,13
3344,118,108,10,10
3345,52,52,0,0
3346,75,72,3,3
3347,163,144,19,19
3348,96,87,9,9
3349,104,99,5,5
3350,135,126,9,9
3351,78,70,8,8
3352,127,105,22,22
3353,96,84,12,12
3354,123,97,26,26
3355,119,99,20,20
3356,83,78,5,5
3357,107,98,9,9
3358,96,76,20,20
3359,105,93,12,12
3360,142,113,29,29
3361,67,69,-2,2
3362,67,68,-1,1
3363,126,110,16,16
3364,59,58,1,1
3365,59,54,5,5
3366,74,65,9,9
3367,87,78,9,9
3368,69,65,4,4
3369,66,61,5,5
3370,117,96,21,21
3371,186,159,27,27
3372,63,58,5,5
3373,125,109,16,16
3374,87,71,16,16
3375,97,89,8,8
3376,96,78,18,18
3377,49,43,6,6
3378,105,100,5,5
3379,48,43,5,5
3380,111,96,15,15
3381,98,92,6,6
3382,123,99,24,24
3383,74,60,14,14
3384,55,54,1,1
3385,124,105,19,19
3386,151,129,22,22
3387,54,50,4,4
3388,44,44,0,0
3389,78,77,1,1
3390,141,130,11,11
3391,85,74,11,11
3392,40,51,-11,11
3393,77,69,8,8
3394,104,90,14,14
3395,71,61,10,10
3396,94,88,6,6
3397,98,97,1,1
3398,56,53,3,3
3399,64,66,-2,2
3400,107,95,12,12
3401,58,59,-1,1
3402,40,42,-2,2
3403,107,83,24,24
3404,110,96,14,14
3405,124,102,22,22
3406,100,81,19,19
3407,88,84,4,4
3408,131,102,29,29
3409,93,77,16,16
3410,134,113,21,21
3411,81,82,-1,1
3412,81,76,5,5
3413,84,79,5,5
3414,86,79,7,7
3415,152,136,16,16
3416,64,59,5,5
3417,73,71,2,2
3418,118,105,13,13
3419,73,62,11,11
3420,88,71,17,17
3421,112,106,6,6
3422,141,120,21,21
3423,150,137,13,13
3424,105,93,12,12
3425,163,135,28,28
3426,29,33,-4,4
3427,94,82,12,12
3428,67,67,0,0
3429,98,102,-4,4
3430,89,79,10,10
3431,106,92,14,14
3432,100,90,10,10
3433,107,86,21,21
3434,64,61,3,3
3435,45,48,-3,3
3436,77,74,3,3
3437,144,116,28,28
3438,103,92,11,11
3439,67,107,-40,40
3440,38,36,2,2
3441,116,101,15,15
3442,102,95,7,7
3443,119,102,17,17
3444,88,81,7,7
3445,111,96,15,15
3446,48,45,3,3
3447,131,99,32,32
3448,86,75,11,11
3449,76,69,7,7
3450,80,79,1,1
3451,99,85,14,14
3452,132,111,21,21
3453,91,94,-3,3
3454,105,98,7,7
3455,159,141,18,18
3456,117,100,17,17
3457,142,127,15,15
3458,69,58,11,11
3459,79,69,10,10
3460,134,121,13,13
3461,101,82,19,19
3462,94,82,12,12
3463,97,103,-6,6
3464,112,89,23,23
3465,70,61,9,9
3466,139,121,18,18
3467,120,100,20,20
3468,93,89,4,4
3469,70,65,5,5
3470,77,67,10,10
3471,91,80,11,11
3472,57,49,8,8
3473,75,76,-1,1
3474,64,61,3,3
3475,88,80,8,8
3476,90,84,6,6
3477,82,78,4,4
3478,54,54,0,0
3479,101,88,13,13
3480,102,96,6,6
3481,92,83,9,9
3482,77,67,10,10
3483,76,71,5,5
3484,109,108,1,1
3485,48,49,-1,1
3486,86,77,9,9
3487,91,81,10,10
3488,60,51,9,9
3489,117,106,11,11
3490,121,111,10,10
3491,129,119,10,10
3492,90,87,3,3
3493,106,77,29,29
3494,80,66,14,14
3495,129,102,27,27
3496,65,61,4,4
3497,48,50,-2,2
3498,104,89,15,15
3499,72,63,9,9
3500,69,64,5,5
3501,115,97,18,18
3502,147,145,2,2
3503,83,77,6,6
3504,96,86,10,10
3505,83,70,13,13
3506,106,92,14,14
3507,83,77,6,6
3508,94,74,20,20
3509,101,78,23,23
3510,112,97,15,15
3511,56,59,-3,3
3512,106,98,8,8
3513,93,80,13,13
3514,83,81,2,2
3515,60,60,0,0
3516,116,100,16,16
3517,127,100,27,27
3518,65,64,1,1
3519,134,120,14,14
3520,45,51,-6,6
3521,74,72,2,2
3522,107,98,9,9
3523,97,88,9,9
3524,145,127,18,18
3525,101,92,9,9
3526,104,87,17,17
3527,90,82,8,8
3528,98,91,7,7
3529,107,101,6,6
3530,66,64,2,2
3531,76,77,-1,1
3532,39,38,1,1
3533,89,78,11,11
3534,47,45,2,2
3535,68,70,-2,2
3536,47,45,2,2
3537,194,151,43,43
3538,107,105,2,2
3539,155,132,23,23
3540,163,136,27,27
3541,93,86,7,7
3542,124,113,11,11
3543,28,29,-1,1
3544,101,97,4,4
3545,70,65,5,5
3546,61,60,1,1
3547,92,75,17,17
3548,78,74,4,4
3549,51,50,1,1
3550,99,86,13,13
3551,95,83,12,12
3552,137,110,27,27
3553,90,77,13,13
3554,84,79,5,5
3555,72,70,2,2
3556,83,81,2,2
3557,94,85,9,9
3558,86,77,9,9
3559,86,70,16,16
3560,87,83,4,4
3561,104,101,3,3
3562,58,56,2,2
3563,50,58,-8,8
3564,44,41,3,3
3565,83,74,9,9
3566,97,83,14,14
3567,146,114,32,32
3568,147,117,30,30
3569,107,93,14,14
3570,117,95,22,22
3571,152,138,14,14
3572,130,103,27,27
3573,157,129,28,28
3574,268,207,61,61
3575,90,76,14,14
3576,101,94,7,7
3577,73,66,7,7
3578,120,107,13,13
3579,86,76,10,10
3580,144,114,30,30
3581,97,84,13,13
3582,93,77,16,16
3583,49,46,3,3
3584,97,88,9,9
3585,99,79,20,20
3586,63,56,7,7
3587,135,110,25,25
3588,66,61,5,5
3589,71,65,6,6
3590,74,65,9,9
3591,160,133,27,27
3592,52,55,-3,3
3593,84,71,13,13
3594,127,117,10,10
3595,82,75,7,7
3596,80,77,3,3
3597,108,97,11,11
3598,104,99,5,5
3599,106,85,21,21
3600,154,135,19,19
3601,54,54,0,0
3602,91,91,0,0
3603,115,114,1,1
3604,98,92,6,6
3605,117,104,13,13
3606,46,47,-1,1
3607,93,84,9,9
3608,50,48,2,2
3609,110,143,-33,33
3610,101,88,13,13
3611,121,94,27,27
3612,129,121,8,8
3613,123,98,25,25
3614,55,63,-8,8
3615,97,76,21,21
3616,102,90,12,12
3617,127,119,8,8
3618,66,59,7,7
3619,75,67,8,8
3620,125,119,6,6
3621,75,64,11,11
3622,137,131,6,6
3623,76,67,9,9
3624,80,64,16,16
3625,93,82,11,11
3626,213,185,28,28
3627,73,65,8,8
3628,99,85,14,14
3629,152,131,21,21
3630,110,100,10,10
3631,53,57,-4,4
3632,83,78,5,5
3633,94,89,5,5
3634,60,57,3,3
3635,150,127,23,23
3636,146,118,28,28
3637,156,145,11,11
3638,99,87,12,12
3639,66,60,6,6
3640,85,71,14,14
3641,68,76,-8,8
3642,174,145,29,29
3643,112,91,21,21
3644,102,92,10,10
3645,96,85,11,11
3646,123,106,17,17
3647,62,61,1,1
3648,42,43,-1,1
3649,84,67,17,17
3650,99,104,-5,5
3651,96,91,5,5
3652,94,79,15,15
3653,88,75,13,13
3654,113,94,19,19
3655,136,123,13,13
3656,51,54,-3,3
3657,82,79,3,3
3658,103,83,20,20
3659,109,92,17,17
3660,39,46,-7,7
3661,66,56,10,10
3662,68,57,11,11
3663,97,82,15,15
3664,85,75,10,10
3665,123,104,19,19
3666,134,124,10,10
3667,171,142,29,29
3668,88,80,8,8
3669,83,68,15,15
3670,52,52,0,0
3671,90,77,13,13
3672,75,68,7,7
3673,80,68,12,12
3674,85,71,14,14
3675,113,115,-2,2
3676,85,66,19,19
3677,124,107,17,17
3678,126,105,21,21
3679,136,110,26,26
3680,111,99,12,12
3681,122,100,22,22
3682,84,77,7,7
3683,53,51,2,2
3684,83,76,7,7
3685,132,118,14,14
3686,133,117,16,16
3687,96,80,16,16
3688,53,50,3,3
3689,87,88,-1,1
3690,63,56,7,7
3691,92,73,19,19
3692,73,72,1,1
3693,142,118,24,24
3694,93,75,18,18
3695,69,62,7,7
3696,59,54,5,5
3697,120,110,10,10
3698,52,51,1,1
3699,50,46,4,4
3700,80,79,1,1
3701,68,64,4,4
3702,73,65,8,8
3703,245,176,69,69
3704,147,134,13,13
3705,75,66,9,9
3706,59,60,-1,1
3707,84,73,11,11
3708,92,79,13,13
3709,146,122,24,24
3710,183,161,22,22
3711,64,62,2,2
3712,101,82,19,19
3713,102,92,10,10
3714,117,102,15,15
3715,178,158,20,20
3716,143,111,32,32
3717,68,68,0,0
3718,90,73,17,17
3719,48,43,5,5
3720,74,68,6,6
3721,63,53,10,10
3722,74,68,6,6
3723,83,78,5,5
3724,89,85,4,4
3725,112,95,17,17
3726,89,87,2,2
3727,71,63,8,8
3728,72,69,3,3
3729,66,59,7,7
3730,173,154,19,19
3731,139,122,17,17
3732,94,91,3,3
3733,48,48,0,0
3734,102,94,8,8
3735,69,63,6,6
3736,67,58,9,9
3737,91,83,8,8
3738,109,100,9,9
3739,39,45,-6,6
3740,146,123,23,23
3741,103,95,8,8
3742,149,134,15,15
3743,78,63,15,15
3744,78,72,6,6
3745,76,60,16,16
3746,81,76,5,5
3747,155,137,18,18
3748,76,71,5,5
3749,113,96,17,17
3750,87,76,11,11
3751,81,67,14,14
3752,82,77,5,5
3753,107,100,7,7
3754,148,128,20,20
3755,57,58,-1,1
3756,73,64,9,9
3757,112,93,19,19
3758,48,44,4,4
3759,77,79,-2,2
3760,142,116,26,26
3761,142,115,27,27
3762,122,110,12,12
3763,67,58,9,9
3764,132,108,24,24
3765,134,134,0,0
3766,96,80,16,16
3767,70,64,6,6
3768,84,76,8,8
3769,108,88,20,20
3770,159,135,24,24
3771,114,107,7,7
3772,71,66,5,5
3773,88,88,0,0
3774,95,81,14,14
3775,36,37,-1,1
3776,99,90,9,9
3777,54,54,0,0
3778,148,126,22,22
3779,75,63,12,12
3780,64,69,-5,5
3781,170,145,25,25
3782,176,146,30,30
3783,143,119,24,24
3784,108,90,18,18
3785,94,150,-56,56
3786,102,103,-1,1
3787,92,90,2,2
3788,132,120,12,12
3789,84,77,7,7
3790,152,132,20,20
3791,94,74,20,20
3792,103,96,7,7
3793,122,109,13,13
3794,79,75,4,4
3795,81,63,18,18
3796,81,76,5,5
3797,65,55,10,10
3798,90,70,20,20
3799,85,77,8,8
3800,74,71,3,3
3801,110,94,16,16
3802,62,66,-4,4
3803,132,118,14,14
3804,94,84,10,10
3805,77,66,11,11
3806,69,70,-1,1
3807,90,82,8,8
3808,58,58,0,0
3809,101,95,6,6
3810,72,71,1,1
3811,49,58,-9,9
3812,120,110,10,10
3813,60,64,-4,4
3814,140,135,5,5
3815,53,48,5,5
3816,66,61,5,5
3817,60,56,4,4
3818,103,96,7,7
3819,92,84,8,8
3820,158,121,37,37
3821,71,84,-13,13
3822,73,69,4,4
3823,66,65,1,1
3824,149,132,17,17
3825,146,126,20,20
3826,68,58,10,10
3827,108,96,12,12
3828,54,54,0,0
3829,70,62,8,8
3830,98,87,11,11
3831,112,99,13,13
3832,64,60,4,4
3833,96,86,10,10
3834,124,115,9,9
3835,73,70,3,3
3836,75,68,7,7
3837,97,84,13,13
3838,100,91,9,9
3839,153,152,1,1
3840,145,126,19,19
3841,98,81,17,17
3842,114,92,22,22
3843,111,88,23,23
3844,68,66,2,2
3845,60,59,1,1
3846,87,90,-3,3
3847,74,61,13,13
3848,54,55,-1,1
3849,77,67,10,10
3850,63,58,5,5
3851,120,101,19,19
3852,107,87,20,20
3853,75,70,5,5
3854,96,89,7,7
3855,50,43,7,7
3856,152,122,30,30
3857,133,117,16,16
3858,140,123,17,17
3859,63,60,3,3
3860,82,81,1,1
3861,101,99,2,2
3862,78,68,10,10
3863,101,84,17,17
3864,74,65,9,9
3865,104,90,14,14
3866,97,88,9,9
3867,55,63,-8,8
3868,166,141,25,25
3869,110,88,22,22
3870,76,87,-11,11
3871,81,75,6,6
3872,128,109,19,19
3873,108,93,15,15
3874,68,62,6,6
3875,86,79,7,7
3876,79,71,8,8
3877,65,60,5,5
3878,148,130,18,18
3879,165,131,34,34
3880,96,91,5,5
3881,61,57,4,4
3882,86,70,16,16
3883,65,61,4,4
3884,124,121,3,3
3885,94,82,12,12
3886,55,53,2,2
3887,71,62,9,9
3888,132,103,29,29
3889,55,54,1,1
3890,97,99,-2,2
3891,96,90,6,6
3892,101,86,15,15
3893,100,78,22,22
3894,78,67,11,11
3895,132,119,13,13
3896,73,69,4,4
3897,93,74,19,19
3898,51,43,8,8
3899,136,120,16,16
3900,80,62,18,18
3901,159,148,11,11
3902,151,128,23,23
3903,64,57,7,7
3904,75,69,6,6
3905,151,118,33,33
3906,72,71,1,1
3907,113,97,16,16
3908,88,83,5,5
3909,93,78,15,15
3910,62,64,-2,2
3911,59,62,-3,3
3912,104,92,12,12
3913,133,114,19,19
3914,66,69,-3,3
3915,90,88,2,2
3916,98,83,15,15
3917,181,131,50,50
3918,68,59,9,9
3919,81,70,11,11
3920,148,125,23,23
3921,92,76,16,16
3922,109,93,16,16
3923,176,149,27,27
3924,236,183,53,53
3925,112,95,17,17
3926,74,67,7,7
3927,82,65,17,17
3928,78,71,7,7
3929,83,74,9,9
3930,89,82,7,7
3931,95,84,11,11
3932,177,149,28,28
3933,53,58,-5,5
3934,94,91,3,3
3935,104,93,11,11
3936,63,59,4,4
3937,94,83,11,11
3938,95,87,8,8
3939,122,102,20,20
3940,135,118,17,17
3941,170,132,38,38
3942,104,104,0,0
3943,153,126,27,27
3944,70,97,-27,27
3945,124,102,22,22
3946,81,71,10,10
3947,143,121,22,22
3948,86,87,-1,1
3949,87,75,12,12
3950,92,86,6,6
3951,111,94,17,17
3952,73,69,4,4
3953,83,66,17,17
3954,117,99,18,18
3955,92,82,10,10
3956,70,69,1,1
3957,107,94,13,13
3958,62,61,1,1
3959,96,83,13,13
3960,93,82,11,11
3961,50,55,-5,5
3962,61,57,4,4
3963,118,107,11,11
3964,117,100,17,17
3965,116,96,20,20
3966,183,152,31,31
3967,56,60,-4,4
3968,67,60,7,7
3969,81,67,14,14
3970,117,98,19,19
3971,98,85,13,13
3972,63,55,8,8
3973,62,55,7,7
3974,84,83,1,1
3975,156,137,19,19
3976,105,88,17,17
3977,89,74,15,15
3978,132,118,14,14
3979,106,97,9,9
3980,111,98,13,13
3981,150,138,12,12
3982,95,90,5,5
3983,20,34,-14,14
3984,99,88,11,11
3985,103,92,11,11
3986,73,77,-4,4
3987,83,66,17,17
3988,69,61,8,8
3989,130,115,15,15
3990,106,92,14,14
3991,104,85,19,19
3992,125,117,8,8
3993,121,90,31,31
3994,190,161,29,29
3995,116,105,11,11
3996,87,94,-7,7
3997,71,68,3,3
3998,71,70,1,1
3999,146,136,10,10
4000,97,90,7,7
4001,98,85,13,13
4002,127,116,11,11
4003,74,68,6,6
4004,47,49,-2,2
4005,92,82,10,10
4006,82,68,14,14
4007,118,99,19,19
4008,137,106,31,31
4009,101,87,14,14
4010,51,52,-1,1
4011,88,87,1,1
4012,177,140,37,37
4013,82,70,12,12
4014,90,84,6,6
4015,99,85,14,14
4016,83,77,6,6
4017,104,91,13,13
4018,83,69,14,14
4019,57,63,-6,6
4020,155,137,18,18
4021,107,90,17,17
4022,72,67,5,5
4023,72,68,4,4
4024,102,91,11,11
4025,90,78,12,12
4026,111,91,20,20
4027,123,100,23,23
4028,46,44,2,2
4029,81,71,10,10
4030,95,71,24,24
4031,125,109,16,16
4032,105,89,16,16
4033,74,68,6,6
4034,166,138,28,28
4035,96,86,10,10
4036,70,67,3,3
4037,56,52,4,4
4038,66,56,10,10
4039,85,78,7,7
4040,46,46,0,0
4041,47,63,-16,16
4042,68,65,3,3
4043,130,118,12,12
4044,141,126,15,15
4045,95,83,12,12
4046,111,90,21,21
4047,50,48,2,2
4048,111,100,11,11
4049,100,95,5,5
4050,72,61,11,11
4051,80,75,5,5
4052,120,98,22,22
4053,180,150,30,30
4054,39,40,-1,1
4055,103,101,2,2
4056,95,84,11,11
4057,146,134,12,12
4058,110,91,19,19
4059,48,36,12,12
4060,83,92,-9,9
4061,66,72,-6,6
4062,86,82,4,4
4063,79,69,10,10
4064,113,107,6,6
4065,114,98,16,16
4066,86,69,17,17
4067,165,142,23,23
4068,69,73,-4,4
4069,124,109,15,15
4070,103,99,4,4
4071,76,48,28,28
4072,118,104,14,14
4073,157,134,23,23
4074,107,94,13,13
4075,170,129,41,41
4076,58,53,5,5
4077,59,57,2,2
4078,124,103,21,21
4079,142,113,29,29
4080,105,108,-3,3
4081,116,101,15,15
4082,140,121,19,19
4083,92,80,12,12
4084,130,121,9,9
4085,113,99,14,14
4086,129,122,7,7
4087,73,74,-1,1
4088,100,90,10,10
4089,87,86,1,1
4090,75,66,9,9
4091,87,82,5,5
4092,113,90,23,23
4093,64,60,4,4
4094,83,72,11,11
4095,75,66,9,9
4096,124,113,11,11
4097,87,74,13,13
4098,63,60,3,3
4099,78,68,10,10
4100,86,79,7,7
4101,104,100,4,4
4102,95,91,4,4
4103,119,113,6,6
4104,99,94,5,5
4105,54,55,-1,1
4106,73,64,9,9
4107,71,67,4,4
4108,83,72,11,11
4109,182,138,44,44
4110,74,77,-3,3
4111,133,114,19,19
4112,80,66,14,14
4113,98,94,4,4
4114,98,91,7,7
4115,96,84,12,12
4116,84,65,19,19
4117,199,178,21,21
4118,153,129,24,24
4119,121,119,2,2
4120,104,104,0,0
4121,79,75,4,4
4122,109,86,23,23
4123,74,71,3,3
4124,48,52,-4,4
4125,127,107,20,20
4126,77,74,3,3
4127,57,60,-3,3
4128,88,74,14,14
4129,76,61,15,15
4130,120,104,16,16
4131,86,82,4,4
4132,62,65,-3,3
4133,60,55,5,5
4134,83,71,12,12
4135,90,81,9,9
4136,69,64,5,5
4137,65,58,7,7
4138,97,85,12,12
4139,107,91,16,16
4140,131,119,12,12
4141,118,98,20,20
4142,107,120,-13,13
4143,72,71,1,1
4144,153,133,20,20
4145,83,73,10,10
4146,55,53,2,2
4147,106,94,12,12
4148,97,97,0,0
4149,176,149,27,27
4150,139,116,23,23
4151,84,84,0,0
4152,112,93,19,19
4153,58,62,-4,4
4154,119,100,19,19
4155,75,68,7,7
4156,155,136,19,19
4157,71,58,13,13
4158,150,122,28,28
4159,94,85,9,9
4160,54,55,-1,1
4161,70,66,4,4
4162,125,103,22,22
4163,36,34,2,2
4164,78,74,4,4
4165,96,83,13,13
4166,100,85,15,15
4167,106,92,14,14
4168,129,106,23,23
4169,39,42,-3,3
4170,44,44,0,0
4171,97,83,14,14
4172,80,77,3,3
4173,52,47,5,5
4174,102,90,12,12
4175,101,85,16,16
4176,90,80,10,10
4177,151,136,15,15
4178,82,70,12,12
4179,117,100,17,17
4180,63,74,-11,11
4181,135,115,20,20
4182,71,63,8,8
4183,96,97,-1,1
4184,123,105,18,18
4185,75,66,9,9
4186,60,60,0,0
4187,103,94,9,9
4188,59,55,4,4
4189,116,116,0,0
4190,92,81,11,11
4191,76,66,10,10
4192,53,46,7,7
4193,107,101,6,6
4194,70,65,5,5
4195,101,88,13,13
4196,88,76,12,12
4197,84,78,6,6
4198,26,52,-26,26
4199,107,97,10,10
4200,121,103,18,18
4201,66,62,4,4
4202,75,73,2,2
4203,140,127,13,13
4204,87,77,10,10
4205,57,50,7,7
4206,100,86,14,14
4207,183,145,38,38
4208,131,122,9,9
4209,98,113,-15,15
4210,70,67,3,3
4211,80,70,10,10
4212,112,104,8,8
4213,164,151,13,13
4214,112,90,22,22
4215,49,48,1,1
4216,69,68,1,1
4217,64,66,-2,2
4218,78,76,2,2
4219,116,112,4,4
4220,113,94,19,19
4221,123,111,12,12
4222,101,94,7,7
4223,100,94,6,6
4224,84,76,8,8
4225,114,96,18,18
4226,109,86,23,23
4227,52,47,5,5
4228,115,96,19,19
4229,106,96,10,10
4230,93,82,11,11
4231,69,69,0,0
4232,149,126,23,23
4233,87,78,9,9
4234,103,89,14,14
4235,106,99,7,7
4236,76,84,-8,8
4237,124,117,7,7
4238,115,108,7,7
4239,82,73,9,9
4240,152,141,11,11
4241,138,121,17,17
4242,196,161,35,35
4243,133,102,31,31
4244,146,126,20,20
4245,105,99,6,6
4246,92,91,1,1
4247,71,62,9,9
4248,97,91,6,6
4249,70,66,4,4
4250,107,103,4,4
4251,80,74,6,6
4252,63,77,-14,14
4253,75,66,9,9
4254,75,69,6,6
4255,75,70,5,5
4256,104,91,13,13
4257,152,127,25,25
4258,71,61,10,10
4259,107,92,15,15
4260,161,131,30,30
4261,71,69,2,2
4262,91,75,16,16
4263,98,83,15,15
4264,108,94,14,14
4265,78,67,11,11
4266,116,109,7,7
4267,108,87,21,21
4268,81,76,5,5
4269,65,66,-1,1
4270,111,100,11,11
4271,70,61,9,9
4272,55,54,1,1
4273,102,88,14,14
4274,102,92,10,10
4275,56,53,3,3
4276,100,80,20,20
4277,47,42,5,5
4278,145,121,24,24
4279,108,92,16,16
4280,143,127,16,16
4281,123,110,13,13
4282,172,143,29,29
4283,60,60,0,0
4284,105,90,15,15
4285,46,36,10,10
4286,80,65,15,15
4287,114,105,9,9
4288,189,162,27,27
4289,82,69,13,13
4290,126,110,16,16
4291,157,127,30,30
4292,147,154,-7,7
4293,27,49,-22,22
4294,79,69,10,10
4295,75,68,7,7
4296,65,57,8,8
4297,68,59,9,9
4298,126,107,19,19
4299,133,119,14,14
4300,101,82,19,19
4301,80,73,7,7
4302,103,87,16,16
4303,95,83,12,12
4304,103,96,7,7
4305,113,97,16,16
4306,42,42,0,0
4307,85,79,6,6
4308,82,73,9,9
4309,104,94,10,10
4310,85,69,16,16
4311,107,81,26,26
4312,78,67,11,11
4313,66,57,9,9
4314,108,95,13,13
4315,90,91,-1,1
4316,88,82,6,6
4317,59,54,5,5
4318,79,67,12,12
4319,69,66,3,3
4320,135,116,19,19
4321,96,102,-6,6
4322,148,132,16,16
4323,31,36,-5,5
4324,65,73,-8,8
4325,86,76,10,10
4326,47,41,6,6
4327,83,71,12,12
4328,170,158,12,12
4329,63,60,3,3
4330,110,96,14,14
4331,182,147,35,35
4332,141,125,16,16
4333,94,88,6,6
4334,81,73,8,8
4335,87,80,7,7
4336,131,114,17,17
4337,117,97,20,20
4338,64,55,9,9
4339,150,153,-3,3
4340,93,91,2,2
4341,88,78,10,10
4342,90,84,6,6
4343,86,77,9,9
4344,96,99,-3,3
4345,173,142,31,31
4346,104,88,16,16
4347,44,51,-7,7
4348,81,69,12,12
4349,71,58,13,13
4350,77,58,19,19
4351,82,67,15,15
4352,196,159,37,37
4353,126,110,16,16
4354,100,91,9,9
4355,159,134,25,25
4356,61,66,-5,5
4357,54,51,3,3
4358,73,62,11,11
4359,73,70,3,3
4360,88,73,15,15
4361,136,116,20,20
4362,94,84,10,10
4363,164,158,6,6
4364,100,91,9,9
4365,126,109,17,17
4366,50,49,1,1
4367,79,76,3,3
4368,94,102,-8,8
4369,110,106,4,4
4370,144,120,24,24
4371,62,54,8,8
4372,92,87,5,5
4373,59,57,2,2
4374,279,212,67,67
4375,149,124,25,25
4376,61,68,-7,7
4377,72,80,-8,8
4378,64,61,3,3
4379,142,120,22,22
4380,56,52,4,4
4381,140,128,12,12
4382,221,176,45,45
4383,111,92,19,19
4384,93,81,12,12
4385,110,101,9,9
4386,83,66,17,17
4387,65,68,-3,3
4388,154,139,15,15
4389,92,79,13,13
4390,144,120,24,24
4391,102,90,12,12
4392,131,111,20,20
4393,98,83,15,15
4394,104,89,15,15
4395,95,87,8,8
4396,108,101,7,7
4397,89,78,11,11
4398,139,130,9,9
4399,116,100,16,16
4400,58,56,2,2
4401,140,125,15,15
4402,89,81,8,8
4403,103,92,11,11
4404,67,83,-16,16
4405,62,57,5,5
4406,162,143,19,19
4407,77,68,9,9
4408,99,87,12,12
4409,92,72,20,20
4410,105,98,7,7
4411,99,86,13,13
4412,82,86,-4,4
4413,139,116,23,23
4414,99,86,13,13
4415,82,76,6,6
4416,95,87,8,8
4417,101,87,14,14
4418,85,80,5,5
4419,102,98,4,4
4420,133,121,12,12
4421,76,68,8,8
4422,126,108,18,18
4423,101,89,12,12
4424,119,94,25,25
4425,152,138,14,14
4426,136,109,27,27
4427,87,78,9,9
4428,116,89,27,27
4429,60,58,2,2
4430,96,84,12,12
4431,76,71,5,5
4432,128,108,20,20
4433,85,78,7,7
4434,84,80,4,4
4435,153,119,34,34
4436,72,58,14,14
4437,73,59,14,14
4438,108,85,23,23
4439,73,67,6,6
4440,94,83,11,11
4441,86,75,11,11
4442,89,74,15,15
4443,56,52,4,4
4444,195,159,36,36
4445,70,64,6,6
4446,64,60,4,4
4447,96,80,16,16
4448,103,97,6,6
4449,131,114,17,17
4450,93,81,12,12
4451,122,108,14,14
4452,54,52,2,2
4453,67,70,-3,3
4454,66,56,10,10
4455,110,102,8,8
4456,108,94,14,14
4457,119,110,9,9
4458,80,65,15,15
4459,60,61,-1,1
4460,88,73,15,15
4461,123,96,27,27
4462,59,54,5,5
4463,103,85,18,18
4464,93,84,9,9
4465,90,80,10,10
4466,157,137,20,20
4467,94,82,12,12
4468,79,74,5,5
4469,131,119,12,12
4470,50,53,-3,3
4471,111,96,15,15
4472,106,99,7,7
4473,104,92,12,12
4474,94,90,4,4
4475,71,61,10,10
4476,168,134,34,34
4477,102,103,-1,1
4478,58,58,0,0
4479,49,49,0,0
4480,96,82,14,14
4481,74,72,2,2
4482,135,120,15,15
4483,171,140,31,31
4484,70,67,3,3
4485,118,108,10,10
4486,90,72,18,18
4487,101,103,-2,2
4488,97,86,11,11
4489,107,91,16,16
4490,87,73,14,14
4491,43,45,-2,2
4492,79,69,10,10
4493,106,87,19,19
4494,39,37,2,2
4495,178,142,36,36
4496,74,72,2,2
4497,36,40,-4,4
4498,68,64,4,4
4499,114,93,21,21
4500,80,74,6,6
4501,109,111,-2,2
4502,128,108,20,20
4503,87,95,-8,8
4504,110,87,23,23
4505,100,89,11,11
4506,128,114,14,14
4507,136,124,12,12
4508,129,115,14,14
4509,122,107,15,15
4510,102,88,14,14
4511,109,95,14,14
4512,58,58,0,0
4513,122,105,17,17
4514,90,79,11,11
4515,57,49,8,8
4516,107,91,16,16
4517,168,142,26,26
4518,98,90,8,8
4519,120,101,19,19
4520,74,68,6,6
4521,88,77,11,11
4522,96,77,19,19
4523,64,65,-1,1
4524,55,54,1,1
4525,94,82,12,12
4526,148,123,25,25
4527,92,94,-2,2
4528,95,94,1,1
4529,110,95,15,15
4530,83,67,16,16
4531,139,121,18,18
4532,108,84,24,24
4533,78,72,6,6
4534,78,72,6,6
4535,98,87,11,11
4536,104,89,15,15
4537,68,58,10,10
4538,103,94,9,9
4539,66,50,16,16
4540,100,89,11,11
4541,123,109,14,14
4542,74,67,7,7
4543,136,113,23,23
4544,47,45,2,2
4545,92,82,10,10
4546,122,100,22,22
4547,125,117,8,8
4548,122,98,24,24
4549,61,57,4,4
4550,82,89,-7,7
4551,112,97,15,15
4552,48,37,11,11
4553,146,134,12,12
4554,67,54,13,13
4555,115,99,16,16
4556,165,145,20,20
4557,87,83,4,4
4558,40,40,0,0
4559,55,44,11,11
4560,127,105,22,22
4561,70,65,5,5
4562,99,96,3,3
4563,45,46,-1,1
4564,95,81,14,14
4565,80,73,7,7
4566,47,49,-2,2
4567,99,101,-2,2
4568,118,107,11,11
4569,104,91,13,13
4570,75,69,6,6
4571,90,77,13,13
4572,82,73,9,9
4573,163,134,29,29
4574,93,83,10,10
4575,166,155,11,11
4576,69,67,2,2
4577,122,120,2,2
4578,148,130,18,18
4579,56,50,6,6
4580,66,59,7,7
4581,83,82,1,1
4582,63,55,8,8
4583,108,97,11,11
4584,123,94,29,29
4585,161,149,12,12
4586,83,93,-10,10
4587,49,43,6,6
4588,78,70,8,8
4589,101,93,8,8
4590,38,34,4,4
4591,98,86,12,12
4592,174,139,35,35
4593,75,69,6,6
4594,56,52,4,4
4595,138,109,29,29
4596,38,37,1,1
4597,51,46,5,5
4598,69,58,11,11
4599,98,91,7,7
4600,87,79,8,8
4601,88,78,10,10
4602,156,141,15,15
4603,140,119,21,21
4604,92,89,3,3
4605,49,48,1,1
4606,82,78,4,4
4607,217,211,6,6
4608,99,93,6,6
4609,110,91,19,19
4610,79,74,5,5
4611,69,59,10,10
4612,87,68,19,19
4613,84,71,13,13
4614,77,66,11,11
4615,78,67,11,11
4616,100,95,5,5
4617,112,94,18,18
4618,130,110,20,20
4619,137,112,25,25
4620,125,103,22,22
4621,86,77,9,9
4622,152,125,27,27
4623,96,98,-2,2
4624,111,101,10,10
4625,99,96,3,3
4626,56,50,6,6
4627,211,186,25,25
4628,109,105,4,4
4629,137,120,17,17
4630,74,71,3,3
4631,120,110,10,10
4632,81,76,5,5
4633,71,71,0,0
4634,88,75,13,13
4635,111,94,17,17
4636,197,168,29,29
4637,85,73,12,12
4638,112,101,11,11
4639,44,62,-18,18
4640,86,78,8,8
4641,72,76,-4,4
4642,59,56,3,3
4643,82,81,1,1
4644,69,59,10,10
4645,91,76,15,15
4646,142,127,15,15
4647,84,64,20,20
4648,81,73,8,8
4649,101,87,14,14
4650,190,150,40,40
4651,107,90,17,17
4652,119,109,10,10
4653,77,68,9,9
4654,152,132,20,20
4655,64,52,12,12
4656,77,72,5,5
4657,51,46,5,5
4658,77,70,7,7
4659,84,72,12,12
4660,60,56,4,4
4661,107,93,14,14
4662,87,93,-6,6
4663,116,114,2,2
4664,160,124,36,36
4665,116,101,15,15
4666,84,75,9,9
4667,113,102,11,11
4668,105,94,11,11
4669,55,46,9,9
4670,91,85,6,6
4671,113,94,19,19
4672,62,54,8,8
4673,75,67,8,8
4674,45,43,2,2
4675,177,140,37,37
4676,131,123,8,8
4677,112,99,13,13
4678,127,118,9,9
4679,146,111,35,35
4680,138,123,15,15
4681,93,87,6,6
4682,65,63,2,2
4683,168,152,16,16
4684,112,110,2,2
4685,149,124,25,25
4686,140,128,12,12
4687,94,83,11,11
4688,141,121,20,20
4689,75,77,-2,2
4690,134,112,22,22
4691,95,79,16,16
4692,119,91,28,28
4693,95,90,5,5
4694,65,61,4,4
4695,95,87,8,8
4696,97,88,9,9
4697,132,117,15,15
4698,87,77,10,10
4699,124,94,30,30
4700,115,102,13,13
4701,45,42,3,3
4702,110,90,20,20
4703,57,55,2,2
4704,126,93,33,33
4705,50,46,4,4
4706,132,117,15,15
4707,71,60,11,11
4708,88,72,16,16
4709,91,91,0,0
4710,79,69,10,10
4711,47,42,5,5
4712,103,97,6,6
4713,38,37,1,1
4714,68,55,13,13
4715,130,107,23,23
4716,157,138,19,19
4717,99,86,13,13
4718,62,52,10,10
4719,79,70,9,9
4720,74,70,4,4
4721,154,122,32,32
4722,36,53,-17,17
4723,81,73,8,8
4724,69,59,10,10
4725,39,40,-1,1
4726,106,91,15,15
4727,141,127,14,14
4728,71,65,6,6
4729,108,95,13,13
4730,142,121,21,21
4731,43,45,-2,2
4732,109,104,5,5
4733,72,66,6,6
4734,110,91,19,19
4735,84,84,0,0
4736,88,73,15,15
4737,156,130,26,26
4738,106,100,6,6
4739,160,140,20,20
4740,105,88,17,17
4741,231,187,44,44
4742,111,90,21,21
4743,53,56,-3,3
4744,124,115,9,9
4745,105,94,11,11
4746,144,126,18,18
4747,83,80,3,3
4748,81,73,8,8
4749,96,84,12,12
4750,143,118,25,25
4751,118,94,24,24
4752,77,70,7,7
4753,116,108,8,8
4754,116,78,38,38
4755,76,67,9,9
4756,73,69,4,4
4757,92,78,14,14
4758,89,75,14,14
4759,58,51,7,7
4760,70,63,7,7
4761,134,116,18,18
4762,73,77,-4,4
4763,139,119,20,20
4764,59,60,-1,1
4765,59,56,3,3
4766,72,72,0,0
4767,81,74,7,7
4768,96,83,13,13
4769,190,152,38,38
4770,131,110,21,21
4771,188,168,20,20
4772,141,134,7,7
4773,103,91,12,12
4774,65,72,-7,7
4775,86,78,8,8
4776,64,65,-1,1
4777,115,109,6,6
4778,58,62,-4,4
4779,150,129,21,21
4780,70,67,3,3
4781,91,81,10,10
4782,104,90,14,14
4783,78,70,8,8
4784,57,57,0,0
4785,117,99,18,18
4786,82,74,8,8
4787,50,48,2,2
4788,76,71,5,5
4789,64,57,7,7
4790,140,124,16,16
4791,88,83,5,5
4792,41,38,3,3
4793,56,65,-9,9
4794,161,145,16,16
4795,107,81,26,26
4796,94,86,8,8
4797,71,57,14,14
4798,163,130,33,33
4799,99,81,18,18
4800,30,32,-2,2
4801,99,81,18,18
4802,161,122,39,39
4803,82,76,6,6
4804,92,79,13,13
4805,152,114,38,38
4806,131,101,30,30
4807,99,83,16,16
4808,50,47,3,3
4809,80,77,3,3
4810,99,86,13,13
4811,69,62,7,7
4812,67,68,-1,1
4813,143,112,31,31
4814,68,63,5,5
4815,65,63,2,2
4816,94,86,8,8
4817,55,54,1,1
4818,94,81,13,13
4819,45,47,-2,2
4820,140,121,19,19
4821,65,57,8,8
4822,62,57,5,5
4823,94,88,6,6
4824,129,112,17,17
4825,123,112,11,11
4826,80,68,12,12
4827,86,73,13,13
4828,112,105,7,7
4829,89,77,12,12
4830,72,64,8,8
4831,65,64,1,1
4832,90,82,8,8
4833,71,72,-1,1
4834,107,100,7,7
4835,140,120,20,20
4836,57,59,-2,2
4837,104,95,9,9
4838,56,60,-4,4
4839,103,91,12,12
4840,104,89,15,15
4841,78,70,8,8
4842,126,108,18,18
4843,101,84,17,17
4844,85,82,3,3
4845,72,61,11,11
4846,57,56,1,1
4847,51,58,-7,7
4848,102,92,10,10
4849,85,77,8,8
4850,71,63,8,8
4851,87,77,10,10
4852,74,67,7,7
4853,104,90,14,14
4854,102,93,9,9
4855,181,145,36,36
4856,130,114,16,16
4857,75,78,-3,3
4858,102,89,13,13
4859,56,61,-5,5
4860,72,69,3,3
4861,90,86,4,4
4862,66,66,0,0
4863,82,71,11,11
4864,139,142,-3,3
4865,97,77,20,20
4866,83,76,7,7
4867,71,73,-2,2
4868,81,66,15,15
4869,80,65,15,15
4870,152,133,19,19
4871,54,51,3,3
4872,51,49,2,2
4873,142,113,29,29
4874,134,127,7,7
4875,253,233,20,20
4876,85,93,-8,8
4877,274,202,72,72
4878,180,143,37,37
4879,85,81,4,4
4880,68,70,-2,2
4881,126,108,18,18
4882,147,125,22,22
4883,67,62,5,5
4884,58,58,0,0
4885,146,126,20,20
4886,170,152,18,18
4887,80,79,1,1
4888,117,104,13,13
4889,72,68,4,4
4890,52,57,-5,5
4891,92,84,8,8
4892,88,75,13,13
4893,106,96,10,10
4894,93,82,11,11
4895,151,128,23,23
4896,90,79,11,11
4897,71,65,6,6
4898,63,59,4,4
4899,171,136,35,35
4900,83,66,17,17
4901,125,106,19,19
4902,123,102,21,21
4903,119,100,19,19
4904,100,85,15,15
4905,97,99,-2,2
4906,82,67,15,15
4907,104,99,5,5
4908,84,71,13,13
4909,133,125,8,8
4910,66,62,4,4
4911,328,250,78,78
4912,66,63,3,3
4913,129,108,21,21
4914,60,58,2,2
4915,107,110,-3,3
4916,88,72,16,16
4917,92,96,-4,4
4918,97,73,24,24
4919,95,88,7,7
4920,176,141,35,35
4921,93,81,12,12
4922,124,115,9,9
4923,80,68,12,12
4924,117,98,19,19
4925,92,79,13,13
4926,137,106,31,31
4927,160,136,24,24
4928,114,97,17,17
4929,78,66,12,12
4930,73,69,4,4
4931,62,56,6,6
4932,85,80,5,5
4933,52,51,1,1
4934,53,50,3,3
4935,98,77,21,21
4936,92,81,11,11
4937,100,90,10,10
4938,114,101,13,13
4939,139,123,16,16
4940,76,69,7,7
4941,119,100,19,19
4942,41,43,-2,2
4943,53,46,7,7
4944,268,232,36,36
4945,66,60,6,6
4946,130,109,21,21
4947,115,100,15,15
4948,157,143,14,14
4949,50,53,-3,3
4950,75,65,10,10
4951,79,66,13,13
4952,85,74,11,11
4953,42,62,-20,20
4954,85,70,15,15
4955,95,84,11,11
4956,72,70,2,2
4957,90,88,2,2
4958,81,71,10,10
4959,109,100,9,9
4960,146,133,13,13
4961,131,107,24,24
4962,138,113,25,25
4963,32,39,-7,7
4964,86,78,8,8
4965,76,74,2,2
4966,73,76,-3,3
4967,132,115,17,17
4968,136,118,18,18
4969,36,39,-3,3
4970,40,44,-4,4
4971,62,55,7,7
4972,99,95,4,4
4973,63,70,-7,7
4974,90,72,18,18
4975,63,69,-6,6
4976,63,60,3,3
4977,73,77,-4,4
4978,73,68,5,5
4979,120,101,19,19
4980,161,130,31,31
4981,74,63,11,11
4982,74,64,10,10
4983,49,50,-1,1
4984,157,126,31,31
4985,123,108,15,15
4986,91,77,14,14
4987,115,93,22,22
4988,85,77,8,8
4989,66,61,5,5
4990,102,83,19,19
4991,98,86,12,12
4992,100,85,15,15
4993,105,109,-4,4
4994,84,91,-7,7
4995,95,79,16,16
4996,108,84,24,24
4997,62,57,5,5
4998,116,106,10,10
4999,79,68,11,11
5000,73,63,10,10
5001,50,57,-7,7
5002,97,84,13,13
5003,145,117,28,28
5004,152,123,29,29
5005,134,111,23,23
5006,110,92,18,18
5007,114,99,15,15
5008,72,60,12,12
5009,113,95,18,18
5010,58,59,-1,1
5011,50,44,6,6
5012,29,32,-3,3
5013,71,64,7,7
5014,90,83,7,7
5015,140,118,22,22
5016,123,106,17,17
5017,131,108,23,23
5018,50,47,3,3
5019,82,73,9,9
5020,77,76,1,1
5021,98,80,18,18
5022,83,67,16,16
5023,88,70,18,18
5024,122,98,24,24
5025,87,77,10,10
5026,107,94,13,13
5027,75,72,3,3
5028,89,82,7,7
5029,124,125,-1,1
5030,105,92,13,13
5031,62,55,7,7
5032,125,101,24,24
5033,94,84,10,10
5034,91,86,5,5
5035,74,78,-4,4
5036,82,85,-3,3
5037,60,54,6,6
5038,69,63,6,6
5039,132,113,19,19
5040,76,68,8,8
5041,169,151,18,18
5042,101,90,11,11
5043,167,146,21,21
5044,79,73,6,6
5045,78,82,-4,4
5046,61,55,6,6
5047,137,111,26,26
5048,116,94,22,22
5049,77,75,2,2
5050,76,74,2,2
5051,157,149,8,8
5052,90,88,2,2
5053,79,66,13,13
5054,131,106,25,25
5055,118,102,16,16
5056,110,88,22,22
5057,151,123,28,28
5058,159,144,15,15
5059,95,90,5,5
5060,78,69,9,9
5061,107,103,4,4
5062,131,111,20,20
5063,87,82,5,5
5064,42,43,-1,1
5065,66,63,3,3
5066,101,93,8,8
5067,140,118,22,22
5068,66,59,7,7
5069,43,42,1,1
5070,100,89,11,11
5071,120,92,28,28
5072,76,59,17,17
5073,121,118,3,3
5074,78,70,8,8
5075,121,105,16,16
5076,51,51,0,0
5077,101,95,6,6
5078,136,118,18,18
5079,107,107,0,0
5080,106,98,8,8
5081,116,103,13,13
5082,89,77,12,12
5083,65,59,6,6
5084,154,127,27,27
5085,130,106,24,24
5086,98,80,18,18
5087,75,79,-4,4
5088,81,73,8,8
5089,82,79,3,3
5090,86,83,3,3
5091,93,87,6,6
5092,73,70,3,3
5093,76,73,3,3
5094,166,144,22,22
5095,98,89,9,9
5096,120,91,29,29
5097,67,65,2,2
5098,81,73,8,8
5099,170,147,23,23
5100,40,47,-7,7
5101,101,84,17,17
5102,80,72,8,8
5103,121,94,27,27
5104,58,51,7,7
5105,115,96,19,19
5106,63,54,9,9
5107,87,81,6,6
5108,148,136,12,12
5109,102,90,12,12
5110,79,70,9,9
5111,118,95,23,23
5112,92,81,11,11
5113,110,98,12,12
5114,131,118,13,13
5115,139,131,8,8
5116,68,66,2,2
5117,122,109,13,13
5118,140,114,26,26
5119,124,107,17,17
5120,103,84,19,19
5121,59,67,-8,8
5122,80,73,7,7
5123,131,112,19,19
5124,104,91,13,13
5125,155,128,27,27
5126,89,81,8,8
5127,68,75,-7,7
5128,79,69,10,10
5129,110,98,12,12
5130,54,53,1,1
5131,121,122,-1,1
5132,101,92,9,9
5133,109,98,11,11
5134,100,86,14,14
5135,132,114,18,18
5136,71,68,3,3
5137,89,81,8,8
5138,92,80,12,12
5139,91,80,11,11
5140,117,97,20,20
5141,100,89,11,11
5142,118,100,18,18
5143,160,120,40,40
5144,121,100,21,21
5145,88,83,5,5
5146,152,134,18,18
5147,56,50,6,6
5148,51,66,-15,15
5149,110,84,26,26
5150,79,76,3,3
5151,68,72,-4,4
5152,52,51,1,1
5153,129,116,13,13
5154,81,67,14,14
5155,39,38,1,1
5156,55,109,-54,54
5157,53,53,0,0
5158,92,85,7,7
5159,72,67,5,5
5160,103,93,10,10
5161,141,113,28,28
5162,82,79,3,3
5163,69,66,3,3
5164,168,144,24,24
5165,65,63,2,2
5166,76,74,2,2
5167,104,92,12,12
5168,89,82,7,7
5169,101,94,7,7
5170,53,53,0,0
5171,105,91,14,14
5172,90,77,13,13
5173,116,98,18,18
5174,137,120,17,17
5175,126,100,26,26
5176,43,38,5,5
5177,65,64,1,1
5178,76,75,1,1
5179,104,89,15,15
5180,88,72,16,16
5181,75,64,11,11
5182,82,72,10,10
5183,40,54,-14,14
5184,77,69,8,8
5185,66,60,6,6
5186,154,120,34,34
5187,86,75,11,11
5188,112,108,4,4
5189,93,85,8,8
5190,130,133,-3,3
5191,177,149,28,28
5192,148,119,29,29
5193,80,74,6,6
5194,58,51,7,7
5195,115,96,19,19
5196,118,102,16,16
5197,66,59,7,7
5198,161,140,21,21
5199,80,74,6,6
5200,105,89,16,16
5201,56,52,4,4
5202,66,63,3,3
5203,93,82,11,11
5204,105,94,11,11
5205,96,85,11,11
5206,62,55,7,7
5207,68,71,-3,3
5208,83,71,12,12
5209,110,99,11,11
5210,109,98,11,11
5211,147,122,25,25
5212,68,56,12,12
5213,121,97,24,24
5214,128,120,8,8
5215,136,120,16,16
5216,110,90,20,20
5217,84,67,17,17
5218,93,82,11,11
5219,68,64,4,4
5220,88,81,7,7
5221,89,88,1,1
5222,134,121,13,13
5223,128,111,17,17
5224,79,69,10,10
5225,66,63,3,3
5226,58,48,10,10
5227,58,69,-11,11
5228,69,64,5,5
5229,56,53,3,3
5230,85,80,5,5
5231,73,68,5,5
5232,97,83,14,14
5233,100,79,21,21
5234,82,64,18,18
5235,65,60,5,5
5236,90,83,7,7
5237,66,73,-7,7
5238,58,50,8,8
5239,62,94,-32,32
5240,50,48,2,2
5241,84,79,5,5
5242,82,76,6,6
5243,147,135,12,12
5244,91,77,14,14
5245,95,83,12,12
5246,121,104,17,17
5247,56,55,1,1
5248,54,47,7,7
5249,103,87,16,16
5250,86,72,14,14
5251,85,74,11,11
5252,97,75,22,22
5253,92,76,16,16
5254,59,58,1,1
5255,115,103,12,12
5256,116,102,14,14
5257,101,89,12,12
5258,120,89,31,31
5259,164,134,30,30
5260,55,46,9,9
5261,91,84,7,7
5262,75,72,3,3
5263,121,112,9,9
5264,57,56,1,1
5265,38,53,-15,15
5266,92,75,17,17
5267,67,60,7,7
5268,120,103,17,17
5269,83,74,9,9
5270,138,123,15,15
5271,169,138,31,31
5272,59,62,-3,3
5273,47,48,-1,1
5274,46,46,0,0
5275,123,116,7,7
5276,142,119,23,23
5277,80,78,2,2
5278,31,36,-5,5
5279,128,112,16,16
5280,112,90,22,22
5281,98,93,5,5
5282,55,57,-2,2
5283,110,86,24,24
5284,91,86,5,5
5285,112,83,29,29
5286,115,104,11,11
5287,73,62,11,11
5288,106,95,11,11
5289,93,82,11,11
5290,166,144,22,22
5291,128,123,5,5
5292,112,96,16,16
5293,89,74,15,15
5294,74,70,4,4
5295,106,110,-4,4
5296,72,66,6,6
5297,78,70,8,8
5298,92,84,8,8
5299,140,114,26,26
5300,103,88,15,15
5301,102,103,-1,1
5302,63,70,-7,7
5303,169,136,33,33
5304,78,71,7,7
5305,132,116,16,16
5306,50,45,5,5
5307,127,101,26,26
5308,138,103,35,35
5309,61,50,11,11
5310,87,79,8,8
5311,109,102,7,7
5312,77,72,5,5
5313,92,92,0,0
5314,84,71,13,13
5315,140,110,30,30
5316,79,76,3,3
5317,87,72,15,15
5318,76,69,7,7
5319,54,46,8,8
5320,77,86,-9,9
5321,28,52,-24,24
5322,85,70,15,15
5323,41,36,5,5
5324,78,75,3,3
5325,117,98,19,19
5326,99,90,9,9
5327,130,116,14,14
5328,58,56,2,2
5329,76,64,12,12
5330,72,70,2,2
5331,72,61,11,11
5332,130,107,23,23
5333,85,83,2,2
5334,74,70,4,4
5335,117,92,25,25
5336,105,98,7,7
5337,114,99,15,15
5338,94,77,17,17
5339,127,110,17,17
5340,100,86,14,14
5341,100,94,6,6
5342,114,95,19,19
5343,137,128,9,9
5344,141,118,23,23
5345,186,152,34,34
5346,49,50,-1,1
5347,71,68,3,3
5348,144,126,18,18
5349,108,79,29,29
5350,102,83,19,19
5351,129,112,17,17
5352,123,106,17,17
5353,48,49,-1,1
5354,70,59,11,11
5355,81,74,7,7
5356,72,70,2,2
5357,76,70,6,6
5358,114,110,4,4
5359,130,110,20,20
5360,113,110,3,3
5361,57,54,3,3
5362,77,70,7,7
5363,117,102,15,15
5364,79,66,13,13
5365,87,83,4,4
5366,99,88,11,11
5367,211,174,37,37
5368,92,75,17,17
5369,119,95,24,24
5370,54,54,0,0
5371,111,91,20,20
5372,67,61,6,6
5373,185,167,18,18
5374,68,70,-2,2
5375,190,146,44,44
5376,124,103,21,21
5377,80,81,-1,1
5378,78,67,11,11
5379,92,92,0,0
5380,70,64,6,6
5381,51,59,-8,8
5382,89,84,5,5
5383,82,79,3,3
5384,83,72,11,11
5385,204,170,34,34
5386,114,92,22,22
5387,62,55,7,7
5388,100,79,21,21
5389,143,140,3,3
5390,89,78,11,11
5391,123,117,6,6
5392,150,131,19,19
5393,135,106,29,29
5394,114,108,6,6
5395,94,92,2,2
5396,158,129,29,29
5397,58,64,-6,6
5398,94,82,12,12
5399,59,55,4,4
5400,81,86,-5,5
5401,70,64,6,6
5402,79,72,7,7
5403,49,50,-1,1
5404,85,75,10,10
5405,85,73,12,12
5406,55,52,3,3
5407,97,90,7,7
5408,95,84,11,11
5409,129,107,22,22
5410,53,55,-2,2
5411,109,101,8,8
5412,92,79,13,13
5413,122,95,27,27
5414,102,92,10,10
5415,98,97,1,1
5416,68,68,0,0
5417,108,94,14,14
5418,92,79,13,13
5419,95,81,14,14
5420,65,58,7,7
5421,27,32,-5,5
5422,62,57,5,5
5423,109,96,13,13
5424,72,68,4,4
5425,58,56,2,2
5426,121,99,22,22
5427,101,86,15,15
5428,63,62,1,1
5429,38,36,2,2
5430,145,126,19,19
5431,103,94,9,9
5432,215,198,17,17
5433,122,100,22,22
5434,90,85,5,5
5435,67,62,5,5
5436,98,92,6,6
5437,106,102,4,4
5438,119,107,12,12
5439,93,83,10,10
5440,48,54,-6,6
5441,87,79,8,8
5442,108,100,8,8
5443,72,61,11,11
5444,124,110,14,14
5445,114,103,11,11
5446,43,38,5,5
5447,109,95,14,14
5448,99,93,6,6
5449,116,96,20,20
5450,72,79,-7,7
5451,122,119,3,3
5452,98,86,12,12
5453,144,134,10,10
5454,78,65,13,13
5455,70,60,10,10
5456,114,100,14,14
5457,137,117,20,20
5458,113,93,20,20
5459,115,93,22,22
5460,85,74,11,11
5461,63,55,8,8
5462,114,105,9,9
5463,88,81,7,7
5464,125,104,21,21
5465,116,104,12,12
5466,150,107,43,43
5467,78,70,8,8
5468,75,66,9,9
5469,81,79,2,2
5470,116,119,-3,3
5471,64,55,9,9
5472,93,84,9,9
5473,96,79,17,17
5474,147,131,16,16
5475,77,67,10,10
5476,139,123,16,16
5477,64,58,6,6
5478,82,71,11,11
5479,70,62,8,8
5480,142,124,18,18
5481,99,85,14,14
5482,64,62,2,2
5483,80,78,2,2
5484,69,57,12,12
5485,64,59,5,5
5486,99,88,11,11
5487,120,98,22,22
5488,80,69,11,11
5489,145,128,17,17
5490,161,133,28,28
5491,86,83,3,3
5492,123,110,13,13
5493,91,81,10,10
5494,147,119,28,28
5495,92,79,13,13
5496,79,73,6,6
5497,144,118,26,26
5498,72,63,9,9
5499,91,92,-1,1
5500,162,141,21,21
5501,76,76,0,0
5502,82,76,6,6
5503,63,64,-1,1
5504,71,64,7,7
5505,74,67,7,7
5506,152,128,24,24
5507,102,95,7,7
5508,70,62,8,8
5509,46,48,-2,2
5510,85,86,-1,1
5511,81,75,6,6
5512,85,79,6,6
5513,108,86,22,22
5514,124,107,17,17
5515,81,77,4,4
5516,97,111,-14,14
5517,137,126,11,11
5518,125,105,20,20
5519,90,87,3,3
5520,83,72,11,11
5521,89,77,12,12
5522,124,101,23,23
5523,101,82,19,19
5524,103,93,10,10
5525,61,57,4,4
5526,85,69,16,16
5527,102,90,12,12
5528,83,88,-5,5
5529,91,86,5,5
5530,131,98,33,33
5531,150,122,28,28
5532,107,96,11,11
5533,115,104,11,11
5534,126,112,14,14
5535,129,112,17,17
5536,95,82,13,13
5537,143,116,27,27
5538,115,107,8,8
5539,85,74,11,11
5540,164,138,26,26
5541,95,85,10,10
5542,137,132,5,5
5543,121,103,18,18
5544,83,75,8,8
5545,115,114,1,1
5546,154,139,15,15
5547,115,104,11,11
5548,88,73,15,15
5549,116,109,7,7
5550,119,96,23,23
5551,30,34,-4,4
5552,100,83,17,17
5553,132,124,8,8
5554,186,152,34,34
5555,82,77,5,5
5556,176,132,44,44
5557,107,90,17,17
5558,89,74,15,15
5559,94,88,6,6
5560,51,42,9,9
5561,138,127,11,11
5562,78,73,5,5
5563,59,58,1,1
5564,58,52,6,6
5565,67,60,7,7
5566,79,66,13,13
5567,54,50,4,4
5568,62,58,4,4
5569,83,74,9,9
5570,75,74,1,1
5571,115,101,14,14
5572,114,102,12,12
5573,126,101,25,25
5574,88,89,-1,1
5575,69,58,11,11
5576,38,52,-14,14
5577,71,62,9,9
5578,66,57,9,9
5579,62,56,6,6
5580,75,65,10,10
5581,59,54,5,5
5582,97,95,2,2
5583,81,88,-7,7
5584,69,71,-2,2
5585,81,69,12,12
5586,101,92,9,9
5587,97,82,15,15
5588,60,67,-7,7
5589,119,100,19,19
5590,113,122,-9,9
5591,130,104,26,26
5592,61,63,-2,2
5593,166,139,27,27
5594,51,54,-3,3
5595,140,121,19,19
5596,109,104,5,5
5597,115,104,11,11
5598,112,94,18,18
5599,89,80,9,9
5600,65,62,3,3
5601,97,93,4,4
5602,81,82,-1,1
5603,59,55,4,4
5604,52,49,3,3
5605,74,78,-4,4
5606,76,75,1,1
5607,111,73,38,38
5608,112,100,12,12
5609,66,63,3,3
5610,96,86,10,10
5611,61,59,2,2
5612,162,139,23,23
5613,120,97,23,23
5614,68,73,-5,5
5615,61,66,-5,5
5616,110,97,13,13
5617,114,107,7,7
5618,41,39,2,2
5619,63,52,11,11
5620,77,65,12,12
5621,92,77,15,15
5622,80,70,10,10
5623,40,42,-2,2
5624,56,56,0,0
5625,72,65,7,7
5626,123,101,22,22
5627,77,69,8,8
5628,107,96,11,11
5629,112,99,13,13
5630,72,71,1,1
5631,99,92,7,7
5632,118,99,19,19
5633,77,67,10,10
5634,139,118,21,21
5635,84,75,9,9
5636,62,61,1,1
5637,100,91,9,9
5638,80,71,9,9
5639,91,86,5,5
5640,113,97,16,16
5641,45,39,6,6
5642,71,57,14,14
5643,122,95,27,27
5644,53,50,3,3
5645,78,80,-2,2
5646,65,59,6,6
5647,40,46,-6,6
5648,136,114,22,22
5649,120,101,19,19
5650,104,100,4,4
5651,85,74,11,11
5652,89,79,10,10
5653,84,79,5,5
5654,80,81,-1,1
5655,119,111,8,8
5656,105,91,14,14
5657,61,65,-4,4
5658,53,60,-7,7
5659,69,68,1,1
5660,83,73,10,10
5661,122,92,30,30
5662,88,78,10,10
5663,88,74,14,14
5664,104,97,7,7
5665,94,79,15,15
5666,133,116,17,17
5667,53,62,-9,9
5668,73,71,2,2
5669,92,81,11,11
5670,92,82,10,10
5671,91,82,9,9
5672,82,76,6,6
5673,87,80,7,7
5674,135,116,19,19
5675,126,116,10,10
5676,94,80,14,14
5677,55,50,5,5
5678,104,85,19,19
5679,127,108,19,19
5680,135,120,15,15
5681,145,119,26,26
5682,99,90,9,9
5683,96,91,5,5
5684,103,83,20,20
5685,32,33,-1,1
5686,74,69,5,5
5687,109,85,24,24
5688,59,57,2,2
5689,101,87,14,14
5690,69,63,6,6
5691,71,75,-4,4
5692,101,85,16,16
5693,129,119,10,10
5694,114,99,15,15
5695,73,72,1,1
5696,179,140,39,39
5697,81,73,8,8
5698,127,107,20,20
5699,129,113,16,16
5700,57,50,7,7
5701,50,53,-3,3
5702,80,63,17,17
5703,116,100,16,16
5704,93,77,16,16
5705,164,135,29,29
5706,43,43,0,0
5707,96,99,-3,3
5708,88,71,17,17
5709,66,57,9,9
5710,97,89,8,8
5711,86,78,8,8
5712,83,83,0,0
5713,87,77,10,10
5714,61,61,0,0
5715,81,77,4,4
5716,164,135,29,29
5717,138,121,17,17
5718,115,106,9,9
5719,86,81,5,5
5720,118,123,-5,5
5721,67,61,6,6
5722,87,83,4,4
5723,74,63,11,11
5724,51,47,4,4
5725,67,59,8,8
5726,84,73,11,11
5727,94,83,11,11
5728,69,64,5,5
5729,115,105,10,10
5730,48,45,3,3
5731,77,67,10,10
5732,81,70,11,11
5733,110,103,7,7
5734,74,78,-4,4
5735,54,59,-5,5
5736,84,79,5,5
5737,70,69,1,1
5738,64,62,2,2
5739,80,78,2,2
5740,78,65,13,13
5741,83,84,-1,1
5742,81,72,9,9
5743,34,35,-1,1
5744,149,144,5,5
5745,50,46,4,4
5746,57,55,2,2
5747,75,68,7,7
5748,139,117,22,22
5749,48,44,4,4
5750,61,59,2,2
5751,96,80,16,16
5752,64,52,12,12
5753,90,83,7,7
5754,81,72,9,9
5755,119,113,6,6
5756,129,108,21,21
5757,111,109,2,2
5758,79,74,5,5
5759,107,91,16,16
5760,77,75,2,2
5761,67,59,8,8
5762,103,86,17,17
5763,60,57,3,3
5764,115,104,11,11
5765,62,53,9,9
5766,71,68,3,3
5767,67,70,-3,3
5768,46,45,1,1
5769,52,47,5,5
5770,55,54,1,1
5771,95,81,14,14
5772,119,94,25,25
5773,156,145,11,11
5774,89,73,16,16
5775,130,102,28,28
5776,149,124,25,25
5777,53,60,-7,7
5778,103,89,14,14
5779,181,142,39,39
5780,88,79,9,9
5781,91,81,10,10
5782,79,66,13,13
5783,64,73,-9,9
5784,85,83,2,2
5785,45,43,2,2
5786,72,65,7,7
5787,118,98,20,20
5788,54,50,4,4
5789,98,91,7,7
5790,79,77,2,2
5791,63,56,7,7
5792,27,33,-6,6
5793,142,116,26,26
5794,67,63,4,4
5795,146,124,22,22
5796,80,78,2,2
5797,68,77,-9,9
5798,92,86,6,6
5799,48,46,2,2
5800,117,91,26,26
5801,98,88,10,10
5802,73,70,3,3
5803,84,75,9,9
5804,95,82,13,13
5805,120,106,14,14
5806,151,144,7,7
5807,50,44,6,6
5808,93,84,9,9
5809,150,127,23,23
5810,65,72,-7,7
5811,76,72,4,4
5812,69,64,5,5
5813,91,79,12,12
5814,81,77,4,4
5815,92,79,13,13
5816,127,125,2,2
5817,100,85,15,15
5818,98,86,12,12
5819,109,92,17,17
5820,69,66,3,3
5821,94,91,3,3
5822,156,127,29,29
5823,82,82,0,0
5824,62,70,-8,8
5825,56,54,2,2
5826,44,43,1,1
5827,134,98,36,36
5828,75,71,4,4
5829,88,80,8,8
5830,63,62,1,1
5831,106,98,8,8
5832,121,100,21,21
5833,94,88,6,6
5834,89,86,3,3
5835,45,47,-2,2
5836,76,73,3,3
5837,85,79,6,6
5838,129,118,11,11
5839,113,101,12,12
5840,127,106,21,21
5841,129,134,-5,5
5842,92,83,9,9
5843,60,52,8,8
5844,91,70,21,21
5845,90,77,13,13
5846,143,125,18,18
5847,79,70,9,9
5848,118,143,-25,25
5849,65,61,4,4
5850,88,73,15,15
5851,102,92,10,10
5852,67,61,6,6
5853,104,87,17,17
5854,164,141,23,23
5855,145,120,25,25
5856,51,46,5,5
5857,35,35,0,0
5858,125,109,16,16
5859,78,72,6,6
5860,110,96,14,14
5861,133,118,15,15
5862,92,85,7,7
5863,89,84,5,5
5864,66,63,3,3
5865,96,91,5,5
5866,74,67,7,7
5867,21,27,-6,6
5868,52,47,5,5
5869,49,46,3,3
5870,133,125,8,8
5871,56,55,1,1
5872,48,47,1,1
5873,53,45,8,8
5874,86,80,6,6
5875,81,86,-5,5
5876,139,124,15,15
5877,111,112,-1,1
5878,118,112,6,6
5879,61,59,2,2
5880,88,88,0,0
5881,58,54,4,4
5882,91,78,13,13
5883,110,97,13,13
5884,118,93,25,25
5885,109,92,17,17
5886,52,50,2,2
5887,69,66,3,3
5888,144,114,30,30
5889,87,77,10,10
5890,153,126,27,27
5891,49,48,1,1
5892,106,98,8,8
5893,85,77,8,8
5894,95,84,11,11
5895,99,87,12,12
5896,154,136,18,18
5897,64,70,-6,6
5898,74,63,11,11
5899,94,79,15,15
5900,83,65,18,18
5901,66,65,1,1
5902,48,54,-6,6
5903,87,90,-3,3
5904,28,47,-19,19
5905,63,54,9,9
5906,117,98,19,19
5907,169,147,22,22
5908,54,50,4,4
5909,118,104,14,14
5910,77,66,11,11
5911,87,82,5,5
5912,259,205,54,54
5913,116,110,6,6
5914,141,125,16,16
5915,63,63,0,0
5916,194,154,40,40
5917,58,65,-7,7
5918,117,103,14,14
5919,101,89,12,12
5920,128,113,15,15
5921,99,79,20,20
5922,122,97,25,25
5923,146,122,24,24
5924,117,94,23,23
5925,85,82,3,3
5926,156,133,23,23
5927,85,75,10,10
5928,149,138,11,11
5929,62,62,0,0
5930,133,117,16,16
5931,76,69,7,7
5932,67,61,6,6
5933,125,133,-8,8
5934,73,64,9,9
5935,106,77,29,29
5936,98,88,10,10
5937,113,101,12,12
5938,151,133,18,18
5939,91,77,14,14
5940,115,110,5,5
5941,99,91,8,8
5942,51,49,2,2
5943,102,101,1,1
5944,123,104,19,19
5945,71,65,6,6
5946,116,105,11,11
5947,118,103,15,15
5948,151,138,13,13
5949,93,74,19,19
5950,77,71,6,6
5951,52,45,7,7
5952,88,78,10,10
5953,56,54,2,2
5954,152,150,2,2
5955,129,116,13,13
5956,75,73,2,2
5957,98,83,15,15
5958,149,134,15,15
5959,73,64,9,9
5960,96,98,-2,2
5961,145,124,21,21
5962,88,75,13,13
5963,159,130,29,29
5964,178,144,34,34
5965,81,80,1,1
5966,142,116,26,26
5967,97,89,8,8
5968,145,126,19,19
5969,91,81,10,10
5970,85,66,19,19
5971,87,69,18,18
5972,90,71,19,19
5973,68,64,4,4
5974,94,77,17,17
5975,101,84,17,17
5976,92,74,18,18
5977,71,70,1,1
5978,113,101,12,12
5979,102,88,14,14
5980,114,106,8,8
5981,97,84,13,13
5982,47,50,-3,3
5983,60,59,1,1
5984,135,116,19,19
5985,58,51,7,7
5986,206,161,45,45
5987,68,64,4,4
5988,42,45,-3,3
5989,73,57,16,16
5990,83,69,14,14
5991,72,61,11,11
5992,111,78,33,33
5993,58,46,12,12
5994,130,124,6,6
5995,111,100,11,11
5996,140,132,8,8
5997,95,86,9,9
5998,96,91,5,5
5999,91,79,12,12
6000,79,73,6,6
6001,74,68,6,6
6002,169,136,33,33
6003,117,106,11,11
6004,78,56,22,22
6005,115,107,8,8
6006,44,41,3,3
6007,103,100,3,3
6008,78,95,-17,17
6009,49,49,0,0
6010,126,116,10,10
6011,93,73,20,20
6012,140,122,18,18
6013,85,84,1,1
6014,116,113,3,3
6015,83,70,13,13
6016,96,95,1,1
6017,143,119,24,24
6018,74,73,1,1
6019,92,87,5,5
6020,63,58,5,5
6021,49,56,-7,7
6022,144,125,19,19
6023,54,48,6,6
6024,116,149,-33,33
6025,66,71,-5,5
6026,56,56,0,0
6027,56,92,-36,36
6028,107,100,7,7
6029,140,119,21,21
6030,92,90,2,2
6031,76,75,1,1
6032,90,85,5,5
6033,138,128,10,10
6034,71,59,12,12
6035,89,92,-3,3
6036,66,54,12,12
6037,60,55,5,5
6038,116,108,8,8
6039,179,157,22,22
6040,90,71,19,19
6041,116,108,8,8
6042,89,80,9,9
6043,95,81,14,14
6044,85,69,16,16
6045,53,53,0,0
6046,166,144,22,22
6047,43,45,-2,2
6048,119,114,5,5
6049,105,105,0,0
6050,121,101,20,20
6051,73,67,6,6
6052,67,62,5,5
6053,119,107,12,12
6054,106,96,10,10
6055,72,61,11,11
6056,75,65,10,10
6057,70,70,0,0
6058,143,114,29,29
6059,83,71,12,12
6060,83,70,13,13
6061,46,57,-11,11
6062,47,41,6,6
6063,119,103,16,16
6064,108,88,20,20
6065,43,49,-6,6
6066,64,54,10,10
6067,83,79,4,4
6068,141,119,22,22
6069,107,94,13,13
6070,35,48,-13,13
6071,119,105,14,14
6072,88,73,15,15
6073,77,75,2,2
6074,75,67,8,8
6075,140,123,17,17
6076,66,60,6,6
6077,121,114,7,7
6078,47,54,-7,7
6079,68,65,3,3
6080,112,95,17,17
6081,178,144,34,34
6082,87,84,3,3
6083,164,133,31,31
6084,79,75,4,4
6085,71,64,7,7
6086,111,118,-7,7
6087,78,76,2,2
6088,160,146,14,14
6089,98,88,10,10
6090,115,137,-22,22
6091,95,94,1,1
6092,65,60,5,5
6093,159,141,18,18
6094,85,78,7,7
6095,69,59,10,10
6096,116,109,7,7
6097,55,56,-1,1
6098,96,89,7,7
6099,94,79,15,15
6100,72,63,9,9
6101,94,77,17,17
6102,124,121,3,3
6103,62,56,6,6
6104,79,64,15,15
6105,146,121,25,25
6106,42,43,-1,1
6107,85,75,10,10
6108,100,77,23,23
6109,131,103,28,28
6110,72,71,1,1
6111,49,44,5,5
6112,116,96,20,20
6113,102,89,13,13
6114,135,120,15,15
6115,138,118,20,20
6116,40,55,-15,15
6117,104,92,12,12
6118,99,85,14,14
6119,50,44,6,6
6120,108,93,15,15
6121,106,98,8,8
6122,93,78,15,15
6123,155,141,14,14
6124,127,110,17,17
6125,78,70,8,8
6126,87,81,6,6
6127,73,68,5,5
6128,92,82,10,10
6129,86,76,10,10
6130,117,102,15,15
6131,65,54,11,11
6132,44,41,3,3
6133,142,122,20,20
6134,83,82,1,1
6135,104,87,17,17
6136,119,98,21,21
6137,112,97,15,15
6138,96,76,20,20
6139,58,59,-1,1
6140,44,46,-2,2
6141,107,98,9,9
6142,115,104,11,11
6143,87,83,4,4
6144,102,91,11,11
6145,89,77,12,12
6146,119,104,15,15
6147,101,84,17,17
6148,55,54,1,1
6149,92,78,14,14
6150,108,88,20,20
6151,57,53,4,4
6152,119,100,19,19
6153,133,114,19,19
6154,80,76,4,4
6155,66,63,3,3
6156,114,95,19,19
6157,111,104,7,7
6158,140,120,20,20
6159,108,83,25,25
6160,89,90,-1,1
6161,88,70,18,18
6162,76,74,2,2
6163,80,75,5,5
6164,98,83,15,15
6165,73,74,-1,1
6166,136,113,23,23
6167,50,43,7,7
6168,88,88,0,0
6169,69,64,5,5
6170,151,128,23,23
6171,66,55,11,11
6172,73,63,10,10
6173,65,55,10,10
6174,72,67,5,5
6175,52,50,2,2
6176,108,89,19,19
6177,86,75,11,11
6178,34,42,-8,8
6179,183,161,22,22
6180,54,46,8,8
6181,122,114,8,8
6182,64,59,5,5
6183,75,72,3,3
6184,105,84,21,21
6185,65,61,4,4
6186,84,84,0,0
6187,101,89,12,12
6188,117,100,17,17
6189,148,133,15,15
6190,66,61,5,5
6191,106,102,4,4
6192,147,114,33,33
6193,108,100,8,8
6194,133,101,32,32
6195,42,41,1,1
6196,67,56,11,11
6197,117,100,17,17
6198,127,119,8,8
6199,84,76,8,8
6200,72,63,9,9
6201,77,66,11,11
6202,83,71,12,12
6203,77,81,-4,4
6204,133,116,17,17
6205,61,63,-2,2
6206,75,73,2,2
6207,81,72,9,9
6208,95,81,14,14
6209,115,99,16,16
6210,106,87,19,19
6211,85,68,17,17
6212,89,81,8,8
6213,103,90,13,13
6214,78,68,10,10
6215,83,72,11,11
6216,128,103,25,25
6217,64,63,1,1
6218,87,75,12,12
6219,108,86,22,22
6220,108,95,13,13
6221,77,67,10,10
6222,65,66,-1,1
6223,56,51,5,5
6224,69,58,11,11
6225,83,82,1,1
6226,93,89,4,4
6227,85,76,9,9
6228,177,158,19,19
6229,52,48,4,4
6230,35,40,-5,5
6231,128,101,27,27
6232,98,84,14,14
6233,83,70,13,13
6234,67,58,9,9
6235,102,92,10,10
6236,115,104,11,11
6237,103,89,14,14
6238,99,89,10,10
6239,100,88,12,12
6240,148,116,32,32
6241,67,61,6,6
6242,131,114,17,17
6243,76,68,8,8
6244,91,82,9,9
6245,110,87,23,23
6246,133,121,12,12
6247,77,69,8,8
6248,151,135,16,16
6249,130,122,8,8
6250,80,77,3,3
6251,86,81,5,5
6252,117,112,5,5
6253,72,64,8,8
6254,104,92,12,12
6255,108,88,20,20
6256,103,94,9,9
6257,57,56,1,1
6258,30,38,-8,8
6259,70,64,6,6
6260,93,97,-4,4
6261,75,64,11,11
6262,46,46,0,0
6263,169,128,41,41
6264,88,78,10,10
6265,71,70,1,1
6266,97,89,8,8
6267,133,109,24,24
6268,77,72,5,5
6269,93,86,7,7
6270,52,62,-10,10
6271,124,121,3,3
6272,60,81,-21,21
6273,53,54,-1,1
6274,98,86,12,12
6275,105,82,23,23
6276,92,78,14,14
6277,106,87,19,19
6278,55,50,5,5
6279,94,85,9,9
6280,94,71,23,23
6281,67,66,1,1
6282,109,88,21,21
6283,61,59,2,2
6284,49,50,-1,1
6285,99,84,15,15
6286,109,91,18,18
6287,73,62,11,11
6288,107,92,15,15
6289,82,72,10,10
6290,122,103,19,19
6291,50,48,2,2
6292,102,85,17,17
6293,99,88,11,11
6294,40,41,-1,1
6295,61,55,6,6
6296,94,87,7,7
6297,55,55,0,0
6298,66,58,8,8
6299,58,58,0,0
6300,139,135,4,4
6301,104,81,23,23
6302,74,65,9,9
6303,77,65,12,12
6304,77,65,12,12
6305,91,83,8,8
6306,74,64,10,10
6307,63,58,5,5
6308,56,49,7,7
6309,103,100,3,3
6310,83,76,7,7
6311,69,76,-7,7
6312,165,131,34,34
6313,109,97,12,12
6314,93,74,19,19
6315,123,107,16,16
6316,142,126,16,16
6317,71,59,12,12
6318,102,92,10,10
6319,81,74,7,7
6320,178,136,42,42
6321,75,69,6,6
6322,68,62,6,6
6323,135,113,22,22
6324,103,92,11,11
6325,108,97,11,11
6326,62,76,-14,14
6327,95,91,4,4
6328,114,97,17,17
6329,120,108,12,12
6330,124,114,10,10
6331,90,82,8,8
6332,29,38,-9,9
6333,69,66,3,3
6334,61,65,-4,4
6335,85,72,13,13
6336,83,81,2,2
6337,122,101,21,21
6338,148,124,24,24
6339,108,88,20,20
6340,96,91,5,5
6341,75,70,5,5
6342,101,101,0,0
6343,81,70,11,11
6344,98,92,6,6
6345,95,82,13,13
6346,100,84,16,16
6347,96,87,9,9
6348,161,152,9,9
6349,84,77,7,7
6350,55,52,3,3
6351,59,58,1,1
6352,124,110,14,14
6353,137,120,17,17
6354,118,101,17,17
6355,144,112,32,32
6356,182,155,27,27
6357,126,107,19,19
6358,127,108,19,19
6359,111,97,14,14
6360,92,82,10,10
6361,106,94,12,12
6362,74,72,2,2
6363,68,75,-7,7
6364,108,101,7,7
6365,95,79,16,16
6366,103,95,8,8
6367,81,75,6,6
6368,86,80,6,6
6369,170,136,34,34
6370,50,46,4,4
6371,51,48,3,3
6372,94,76,18,18
6373,146,138,8,8
6374,74,68,6,6
6375,100,82,18,18
6376,128,99,29,29
6377,74,62,12,12
6378,108,105,3,3
6379,77,74,3,3
6380,63,57,6,6
6381,50,42,8,8
6382,109,95,14,14
6383,52,52,0,0
6384,68,76,-8,8
6385,90,90,0,0
6386,80,79,1,1
6387,55,59,-4,4
6388,103,84,19,19
6389,84,79,5,5
6390,90,73,17,17
6391,66,67,-1,1
6392,167,143,24,24
6393,82,78,4,4
6394,73,65,8,8
6395,86,84,2,2
6396,71,68,3,3
6397,80,81,-1,1
6398,92,87,5,5
6399,117,97,20,20
6400,51,55,-4,4
6401,94,83,11,11
6402,84,73,11,11
6403,135,122,13,13
6404,66,67,-1,1
6405,151,128,23,23
6406,92,81,11,11
6407,102,87,15,15
6408,116,93,23,23
6409,50,51,-1,1
6410,88,81,7,7
6411,119,103,16,16
6412,107,93,14,14
6413,93,92,1,1
6414,142,119,23,23
6415,52,49,3,3
6416,115,107,8,8
6417,52,50,2,2
6418,56,54,2,2
6419,152,116,36,36
6420,83,68,15,15
6421,62,59,3,3
6422,64,70,-6,6
6423,119,99,20,20
6424,157,127,30,30
6425,51,54,-3,3
6426,118,104,14,14
6427,58,63,-5,5
6428,94,80,14,14
6429,45,47,-2,2
6430,120,100,20,20
6431,88,79,9,9
6432,84,81,3,3
6433,131,114,17,17
6434,98,83,15,15
6435,50,47,3,3
6436,88,75,13,13
6437,101,98,3,3
6438,78,68,10,10
6439,40,56,-16,16
6440,103,101,2,2
6441,96,79,17,17
6442,83,74,9,9
6443,93,84,9,9
6444,82,67,15,15
6445,103,88,15,15
6446,41,59,-18,18
6447,39,45,-6,6
6448,60,52,8,8
6449,137,117,20,20
6450,46,41,5,5
6451,51,47,4,4
6452,82,78,4,4
6453,131,108,23,23
6454,66,69,-3,3
6455,76,67,9,9
6456,204,165,39,39
6457,106,96,10,10
6458,72,64,8,8
6459,145,132,13,13
6460,80,69,11,11
6461,89,83,6,6
6462,148,137,11,11
6463,141,111,30,30
6464,59,58,1,1
6465,51,45,6,6
6466,88,76,12,12
6467,77,75,2,2
6468,103,90,13,13
6469,94,77,17,17
6470,92,74,18,18
6471,82,70,12,12
6472,89,85,4,4
6473,72,66,6,6
6474,135,116,19,19
6475,135,113,22,22
6476,85,74,11,11
6477,63,61,2,2
6478,173,145,28,28
6479,108,96,12,12
6480,141,109,32,32
6481,85,82,3,3
6482,144,128,16,16
6483,66,60,6,6
6484,86,80,6,6
6485,84,68,16,16
6486,107,93,14,14
6487,60,57,3,3
6488,62,64,-2,2
6489,174,152,22,22
6490,68,58,10,10
6491,74,74,0,0
6492,67,61,6,6
6493,72,59,13,13
6494,117,100,17,17
6495,93,106,-13,13
6496,69,70,-1,1
6497,75,68,7,7
6498,84,74,10,10
6499,101,90,11,11
6500,78,70,8,8
6501,202,171,31,31
6502,97,97,0,0
6503,79,70,9,9
6504,97,94,3,3
6505,60,62,-2,2
6506,58,51,7,7
6507,113,108,5,5
6508,63,59,4,4
6509,79,74,5,5
6510,94,84,10,10
6511,129,117,12,12
6512,142,123,19,19
6513,96,86,10,10
6514,83,68,15,15
6515,137,112,25,25
6516,99,82,17,17
6517,92,83,9,9
6518,92,91,1,1
6519,69,61,8,8
6520,126,125,1,1
6521,148,141,7,7
6522,90,79,11,11
6523,94,80,14,14
6524,111,98,13,13
6525,86,84,2,2
6526,49,51,-2,2
6527,124,107,17,17
6528,107,98,9,9
6529,129,114,15,15
6530,58,49,9,9
6531,70,64,6,6
6532,70,68,2,2
6533,91,76,15,15
6534,86,72,14,14
6535,102,92,10,10
6536,83,80,3,3
6537,119,104,15,15
6538,76,74,2,2
6539,49,47,2,2
6540,94,73,21,21
6541,124,98,26,26
6542,65,58,7,7
6543,96,97,-1,1
6544,170,153,17,17
6545,68,68,0,0
6546,28,28,0,0
6547,135,122,13,13
6548,151,117,34,34
6549,80,76,4,4
6550,79,83,-4,4
6551,68,73,-5,5
6552,118,95,23,23
6553,73,67,6,6
6554,104,102,2,2
6555,147,116,31,31
6556,91,84,7,7
6557,147,114,33,33
6558,55,58,-3,3
6559,66,63,3,3
6560,121,100,21,21
6561,70,64,6,6
6562,107,93,14,14
6563,153,133,20,20
6564,124,111,13,13
6565,59,63,-4,4
6566,90,75,15,15
6567,57,59,-2,2
6568,129,104,25,25
6569,98,93,5,5
6570,152,125,27,27
6571,55,56,-1,1
6572,93,62,31,31
6573,61,54,7,7
6574,135,112,23,23
6575,72,61,11,11
6576,105,100,5,5
6577,65,85,-20,20
6578,91,82,9,9
6579,117,101,16,16
6580,85,79,6,6
6581,125,105,20,20
6582,57,56,1,1
6583,151,120,31,31
6584,68,64,4,4
6585,104,100,4,4
6586,53,54,-1,1
6587,88,81,7,7
6588,91,80,11,11
6589,184,140,44,44
6590,99,88,11,11
6591,189,150,39,39
6592,186,154,32,32
6593,125,103,22,22
6594,62,67,-5,5
6595,103,94,9,9
6596,183,158,25,25
6597,62,52,10,10
6598,66,62,4,4
6599,73,63,10,10
6600,114,100,14,14
6601,123,110,13,13
6602,108,85,23,23
6603,115,96,19,19
6604,124,104,20,20
6605,66,70,-4,4
6606,104,84,20,20
6607,75,69,6,6
6608,108,100,8,8
6609,81,75,6,6
6610,82,64,18,18
6611,80,66,14,14
6612,30,36,-6,6
6613,90,80,10,10
6614,62,58,4,4
6615,86,73,13,13
6616,56,52,4,4
6617,95,90,5,5
6618,100,94,6,6
6619,102,89,13,13
6620,102,89,13,13
6621,59,52,7,7
6622,152,126,26,26
6623,163,144,19,19
6624,143,120,23,23
6625,162,139,23,23
6626,84,77,7,7
6627,78,75,3,3
6628,92,89,3,3
6629,79,76,3,3
6630,78,67,11,11
6631,120,94,26,26
6632,99,82,17,17
6633,103,87,16,16
6634,76,75,1,1
6635,80,72,8,8
6636,66,61,5,5
6637,128,114,14,14
6638,85,68,17,17
6639,100,91,9,9
6640,46,50,-4,4
6641,125,111,14,14
6642,111,104,7,7
6643,119,106,13,13
6644,59,59,0,0
6645,55,53,2,2
6646,158,131,27,27
6647,106,101,5,5
6648,136,115,21,21
6649,108,91,17,17
6650,124,104,20,20
6651,106,93,13,13
6652,92,74,18,18
6653,118,113,5,5
6654,108,92,16,16
6655,114,98,16,16
6656,51,49,2,2
6657,85,74,11,11
6658,61,78,-17,17
6659,74,68,6,6
6660,67,61,6,6
6661,108,94,14,14
6662,132,116,16,16
6663,78,65,13,13
6664,102,100,2,2
6665,175,136,39,39
6666,140,121,19,19
6667,93,79,14,14
6668,75,82,-7,7
6669,98,88,10,10
6670,98,82,16,16
6671,119,98,21,21
6672,121,133,-12,12
6673,94,85,9,9
6674,117,92,25,25
6675,108,97,11,11
6676,87,95,-8,8
6677,100,85,15,15
6678,88,75,13,13
6679,86,64,22,22
6680,65,62,3,3
6681,81,70,11,11
6682,89,79,10,10
6683,114,94,20,20
6684,108,97,11,11
6685,95,78,17,17
6686,100,93,7,7
6687,98,90,8,8
6688,88,77,11,11
6689,95,82,13,13
6690,92,83,9,9
6691,161,135,26,26
6692,57,49,8,8
6693,89,80,9,9
6694,67,50,17,17
6695,101,90,11,11
6696,102,95,7,7
6697,84,75,9,9
6698,64,57,7,7
6699,127,113,14,14
6700,97,89,8,8
6701,101,91,10,10
6702,65,63,2,2
6703,89,74,15,15
6704,70,62,8,8
6705,67,63,4,4
6706,169,144,25,25
6707,59,61,-2,2
6708,163,133,30,30
6709,38,43,-5,5
6710,117,99,18,18
6711,53,49,4,4
6712,52,51,1,1
6713,120,109,11,11
6714,80,62,18,18
6715,52,53,-1,1
6716,127,133,-6,6
6717,87,83,4,4
6718,54,68,-14,14
6719,66,56,10,10
6720,98,84,14,14
6721,112,103,9,9
6722,56,54,2,2
6723,114,100,14,14
6724,90,78,12,12
6725,87,79,8,8
6726,58,55,3,3
6727,118,103,15,15
6728,96,87,9,9
6729,102,98,4,4
6730,84,81,3,3
6731,111,94,17,17
6732,62,60,2,2
6733,73,64,9,9
6734,69,66,3,3
6735,133,113,20,20
6736,87,75,12,12
6737,64,57,7,7
6738,85,81,4,4
6739,103,86,17,17
6740,86,73,13,13
6741,68,64,4,4
6742,145,130,15,15
6743,74,61,13,13
6744,91,88,3,3
6745,102,85,17,17
6746,128,110,18,18
6747,104,97,7,7
6748,110,109,1,1
6749,56,53,3,3
6750,83,75,8,8
6751,109,103,6,6
6752,77,67,10,10
6753,164,128,36,36
6754,137,120,17,17
6755,134,109,25,25
6756,172,147,25,25
6757,116,102,14,14
6758,80,69,11,11
6759,50,49,1,1
6760,168,133,35,35
6761,68,66,2,2
6762,88,83,5,5
6763,48,46,2,2
6764,60,52,8,8
6765,135,120,15,15
6766,75,63,12,12
6767,187,158,29,29
6768,78,65,13,13
6769,117,90,27,27
6770,109,100,9,9
6771,79,67,12,12
6772,80,75,5,5
6773,72,67,5,5
6774,105,95,10,10
6775,130,123,7,7
6776,108,104,4,4
6777,39,45,-6,6
6778,94,90,4,4
6779,76,75,1,1
6780,84,79,5,5
6781,110,106,4,4
6782,79,71,8,8
6783,129,100,29,29
6784,66,60,6,6
6785,73,69,4,4
6786,90,73,17,17
6787,69,64,5,5
6788,76,59,17,17
6789,96,99,-3,3
6790,113,102,11,11
6791,118,108,10,10
6792,78,66,12,12
6793,92,78,14,14
6794,96,82,14,14
6795,111,110,1,1
6796,143,135,8,8
6797,101,88,13,13
6798,99,93,6,6
6799,110,109,1,1
6800,105,97,8,8
6801,79,71,8,8
6802,80,83,-3,3
6803,54,50,4,4
6804,86,74,12,12
6805,66,71,-5,5
6806,96,87,9,9
6807,151,133,18,18
6808,78,90,-12,12
6809,82,82,0,0
6810,93,81,12,12
6811,57,63,-6,6
6812,129,107,22,22
6813,89,82,7,7
6814,83,73,10,10
6815,72,73,-1,1
6816,85,80,5,5
6817,58,54,4,4
6818,69,66,3,3
6819,69,75,-6,6
6820,55,51,4,4
6821,114,92,22,22
6822,145,113,32,32
6823,81,79,2,2
6824,41,47,-6,6
6825,88,94,-6,6
6826,108,94,14,14
6827,104,92,12,12
6828,74,58,16,16
6829,111,99,12,12
6830,74,65,9,9
6831,82,70,12,12
6832,129,113,16,16
6833,75,72,3,3
6834,137,116,21,21
6835,135,117,18,18
6836,93,77,16,16
6837,73,79,-6,6
6838,125,113,12,12
6839,110,109,1,1
6840,147,144,3,3
6841,86,86,0,0
6842,96,82,14,14
6843,104,91,13,13
6844,110,100,10,10
6845,80,71,9,9
6846,66,65,1,1
6847,168,141,27,27
6848,123,121,2,2
6849,138,126,12,12
6850,66,59,7,7
6851,66,55,11,11
6852,143,117,26,26
6853,88,69,19,19
6854,76,75,1,1
6855,143,132,11,11
6856,108,90,18,18
6857,74,67,7,7
6858,76,66,10,10
6859,59,56,3,3
6860,87,74,13,13
6861,113,100,13,13
6862,57,56,1,1
6863,56,62,-6,6
6864,102,85,17,17
6865,74,64,10,10
6866,89,83,6,6
6867,75,72,3,3
6868,128,113,15,15
6869,106,104,2,2
6870,92,78,14,14
6871,138,126,12,12
6872,75,65,10,10
6873,103,93,10,10
6874,120,98,22,22
6875,136,111,25,25
6876,72,66,6,6
6877,128,121,7,7
6878,128,113,15,15
6879,150,126,24,24
6880,86,72,14,14
6881,85,71,14,14
6882,62,56,6,6
6883,76,67,9,9
6884,123,106,17,17
6885,64,60,4,4
6886,116,106,10,10
6887,62,58,4,4
6888,81,71,10,10
6889,118,100,18,18
6890,117,105,12,12
6891,123,101,22,22
6892,144,112,32,32
6893,109,98,11,11
6894,79,69,10,10
6895,97,90,7,7
6896,87,69,18,18
6897,55,48,7,7
6898,65,61,4,4
6899,103,93,10,10
6900,90,70,20,20
6901,87,78,9,9
6902,43,42,1,1
6903,92,80,12,12
6904,147,135,12,12
6905,106,91,15,15
6906,68,71,-3,3
6907,71,61,10,10
6908,97,88,9,9
6909,93,84,9,9
6910,69,76,-7,7
6911,92,86,6,6
6912,77,76,1,1
6913,132,110,22,22
6914,87,81,6,6
6915,118,100,18,18
6916,58,53,5,5
6917,43,42,1,1
6918,80,82,-2,2
6919,118,96,22,22
6920,107,107,0,0
6921,132,115,17,17
6922,86,81,5,5
6923,114,96,18,18
6924,85,74,11,11
6925,66,63,3,3
6926,65,61,4,4
6927,84,79,5,5
6928,122,108,14,14
6929,74,71,3,3
6930,154,144,10,10
6931,93,83,10,10
6932,40,61,-21,21
6933,88,72,16,16
6934,84,80,4,4
6935,67,60,7,7
6936,113,103,10,10
6937,110,98,12,12
6938,217,170,47,47
6939,99,94,5,5
6940,107,100,7,7
6941,120,108,12,12
6942,116,98,18,18
6943,70,71,-1,1
6944,86,75,11,11
6945,89,84,5,5
6946,75,65,10,10
6947,72,64,8,8
6948,75,68,7,7
6949,55,58,-3,3
6950,196,171,25,25
6951,114,97,17,17
6952,142,82,60,60
6953,76,72,4,4
6954,71,58,13,13
6955,80,77,3,3
6956,81,72,9,9
6957,106,84,22,22
6958,126,108,18,18
6959,114,105,9,9
6960,90,80,10,10
6961,134,112,22,22
6962,112,101,11,11
6963,86,78,8,8
6964,109,109,0,0
6965,98,96,2,2
6966,123,111,12,12
6967,48,44,4,4
6968,89,77,12,12
6969,141,125,16,16
6970,122,109,13,13
6971,65,72,-7,7
6972,163,132,31,31
6973,106,94,12,12
6974,145,131,14,14
6975,65,58,7,7
6976,111,83,28,28
6977,110,97,13,13
6978,40,38,2,2
6979,77,72,5,5
6980,81,72,9,9
6981,136,115,21,21
6982,124,115,9,9
6983,107,100,7,7
6984,83,73,10,10
6985,137,110,27,27
6986,93,87,6,6
6987,95,83,12,12
6988,82,87,-5,5
6989,91,82,9,9
6990,139,111,28,28
6991,49,45,4,4
6992,36,38,-2,2
6993,76,63,13,13
6994,57,54,3,3
6995,128,117,11,11
6996,77,85,-8,8
6997,86,80,6,6
6998,144,124,20,20
6999,72,68,4,4
7000,48,46,2,2
7001,86,74,12,12
7002,96,83,13,13
7003,67,59,8,8
7004,65,60,5,5
7005,132,104,28,28
7006,128,109,19,19
7007,115,99,16,16
7008,109,100,9,9
7009,63,58,5,5
7010,55,57,-2,2
7011,119,101,18,18
7012,70,59,11,11
7013,125,101,24,24
7014,146,119,27,27
7015,84,75,9,9
7016,120,108,12,12
7017,83,81,2,2
7018,68,60,8,8
7019,106,88,18,18
7020,147,109,38,38
7021,81,71,10,10
7022,87,82,5,5
7023,86,74,12,12
7024,67,66,1,1
7025,100,84,16,16
7026,81,76,5,5
7027,70,68,2,2
7028,94,77,17,17
7029,123,101,22,22
7030,121,100,21,21
7031,71,66,5,5
7032,73,64,9,9
7033,79,71,8,8
7034,98,95,3,3
7035,147,107,40,40
7036,86,75,11,11
7037,83,68,15,15
7038,117,101,16,16
7039,93,88,5,5
7040,44,45,-1,1
7041,68,64,4,4
7042,74,66,8,8
7043,76,84,-8,8
7044,96,80,16,16
7045,80,63,17,17
7046,73,73,0,0
7047,93,78,15,15
7048,48,53,-5,5
7049,85,76,9,9
7050,140,123,17,17
7051,81,76,5,5
7052,57,55,2,2
7053,93,78,15,15
7054,119,108,11,11
7055,129,126,3,3
7056,88,78,10,10
7057,101,88,13,13
7058,91,81,10,10
7059,59,51,8,8
7060,109,107,2,2
7061,89,72,17,17
7062,101,81,20,20
7063,116,98,18,18
7064,86,78,8,8
7065,113,100,13,13
7066,101,87,14,14
7067,110,101,9,9
7068,115,128,-13,13
7069,137,132,5,5
7070,64,66,-2,2
7071,133,110,23,23
7072,80,79,1,1
7073,61,56,5,5
7074,116,107,9,9
7075,154,128,26,26
7076,69,63,6,6
7077,123,111,12,12
7078,63,61,2,2
7079,99,105,-6,6
7080,52,45,7,7
7081,86,72,14,14
7082,79,69,10,10
7083,97,95,2,2
7084,68,65,3,3
7085,79,75,4,4
7086,82,68,14,14
7087,66,58,8,8
7088,28,29,-1,1
7089,54,59,-5,5
7090,76,67,9,9
7091,74,77,-3,3
7092,97,88,9,9
7093,82,73,9,9
7094,103,94,9,9
7095,61,55,6,6
7096,69,56,13,13
7097,60,59,1,1
7098,61,80,-19,19
7099,100,95,5,5
7100,100,90,10,10
7101,129,105,24,24
7102,184,146,38,38
7103,119,104,15,15
7104,91,74,17,17
7105,99,97,2,2
7106,100,85,15,15
7107,58,61,-3,3
7108,70,64,6,6
7109,76,78,-2,2
7110,77,70,7,7
7111,70,60,10,10
7112,116,98,18,18
7113,149,127,22,22
7114,124,113,11,11
7115,139,103,36,36
7116,142,134,8,8
7117,77,74,3,3
7118,96,78,18,18
7119,215,163,52,52
7120,70,66,4,4
7121,118,105,13,13
7122,89,80,9,9
7123,106,89,17,17
7124,117,106,11,11
7125,60,58,2,2
7126,67,64,3,3
7127,149,135,14,14
7128,364,327,37,37
7129,110,95,15,15
7130,106,87,19,19
7131,161,142,19,19
7132,119,116,3,3
7133,113,132,-19,19
7134,100,93,7,7
7135,51,56,-5,5
7136,121,107,14,14
7137,108,98,10,10
7138,107,98,9,9
7139,62,56,6,6
7140,84,78,6,6
7141,93,72,21,21
7142,143,125,18,18
7143,136,114,22,22
7144,53,57,-4,4
7145,97,92,5,5
7146,139,127,12,12
7147,126,111,15,15
7148,46,49,-3,3
7149,172,150,22,22
7150,101,92,9,9
7151,89,80,9,9
7152,118,100,18,18
7153,71,67,4,4
7154,120,111,9,9
7155,77,69,8,8
7156,145,115,30,30
7157,45,38,7,7
7158,80,70,10,10
7159,58,57,1,1
7160,117,101,16,16
7161,91,81,10,10
7162,192,159,33,33
7163,68,59,9,9
7164,71,57,14,14
7165,82,73,9,9
7166,84,77,7,7
7167,70,72,-2,2
7168,47,48,-1,1
7169,95,79,16,16
7170,59,58,1,1
7171,154,124,30,30
7172,131,106,25,25
7173,98,89,9,9
7174,38,40,-2,2
7175,86,83,3,3
7176,55,54,1,1
7177,40,41,-1,1
7178,119,105,14,14
7179,247,192,55,55
7180,96,87,9,9
7181,69,68,1,1
7182,87,84,3,3
7183,93,89,4,4
7184,84,74,10,10
7185,127,117,10,10
7186,106,92,14,14
7187,62,56,6,6
7188,84,80,4,4
7189,48,51,-3,3
7190,116,109,7,7
7191,83,72,11,11
7192,123,113,10,10
7193,97,77,20,20
7194,119,95,24,24
7195,113,103,10,10
7196,70,69,1,1
7197,123,114,9,9
7198,86,73,13,13
7199,49,55,-6,6
7200,113,102,11,11
7201,100,89,11,11
7202,131,111,20,20
7203,93,82,11,11
7204,92,76,16,16
7205,73,67,6,6
7206,61,56,5,5
7207,72,60,12,12
7208,91,80,11,11
7209,86,78,8,8
7210,82,68,14,14
7211,179,155,24,24
7212,121,96,25,25
7213,58,53,5,5
7214,83,67,16,16
7215,100,73,27,27
7216,84,71,13,13
7217,76,63,13,13
7218,83,66,17,17
7219,81,73,8,8
7220,119,102,17,17
7221,160,133,27,27
7222,97,91,6,6
7223,143,140,3,3
7224,49,41,8,8
7225,188,153,35,35
7226,79,75,4,4
7227,62,59,3,3
7228,71,63,8,8
7229,114,108,6,6
7230,167,150,17,17
7231,100,86,14,14
7232,90,74,16,16
7233,106,96,10,10
7234,129,116,13,13
7235,81,72,9,9
7236,52,50,2,2
7237,86,74,12,12
7238,92,97,-5,5
7239,59,57,2,2
7240,98,92,6,6
7241,94,81,13,13
7242,173,146,27,27
7243,82,84,-2,2
7244,121,105,16,16
7245,84,71,13,13
7246,44,37,7,7
7247,88,86,2,2
7248,91,77,14,14
7249,97,83,14,14
7250,46,42,4,4
7251,114,97,17,17
7252,108,91,17,17
7253,66,60,6,6
7254,71,65,6,6
7255,76,69,7,7
7256,159,139,20,20
7257,39,37,2,2
7258,47,48,-1,1
7259,142,109,33,33
7260,124,118,6,6
7261,109,100,9,9
7262,110,101,9,9
7263,59,51,8,8
7264,107,84,23,23
7265,59,53,6,6
7266,93,87,6,6
7267,96,90,6,6
7268,40,51,-11,11
7269,124,102,22,22
7270,90,67,23,23
7271,52,51,1,1
7272,95,80,15,15
7273,81,73,8,8
7274,171,137,34,34
7275,78,60,18,18
7276,97,79,18,18
7277,82,81,1,1
7278,93,85,8,8
7279,106,99,7,7
7280,129,103,26,26
7281,110,108,2,2
7282,28,52,-24,24
7283,152,138,14,14
7284,113,94,19,19
7285,62,56,6,6
7286,51,52,-1,1
7287,167,152,15,15
7288,60,50,10,10
7289,176,147,29,29
7290,139,122,17,17
7291,193,165,28,28
7292,78,73,5,5
7293,76,64,12,12
7294,80,68,12,12
7295,86,92,-6,6
7296,102,85,17,17
7297,51,44,7,7
7298,32,32,0,0
7299,133,108,25,25
7300,160,128,32,32
7301,75,66,9,9
7302,84,70,14,14
7303,85,77,8,8
7304,89,83,6,6
7305,69,61,8,8
7306,113,98,15,15
7307,69,60,9,9
7308,76,73,3,3
7309,56,69,-13,13
7310,86,69,17,17
7311,92,89,3,3
7312,54,53,1,1
7313,100,81,19,19
7314,37,38,-1,1
7315,140,123,17,17
7316,57,64,-7,7
7317,83,77,6,6
7318,75,62,13,13
7319,59,54,5,5
7320,99,106,-7,7
7321,108,94,14,14
7322,93,87,6,6
7323,78,75,3,3
7324,166,147,19,19
7325,81,73,8,8
7326,80,71,9,9
7327,166,126,40,40
7328,56,48,8,8
7329,108,93,15,15
7330,88,81,7,7
7331,124,115,9,9
7332,71,66,5,5
7333,111,90,21,21
7334,77,80,-3,3
7335,84,74,10,10
7336,85,75,10,10
7337,103,83,20,20
7338,67,68,-1,1
7339,128,106,22,22
7340,54,48,6,6
7341,98,84,14,14
7342,115,112,3,3
7343,80,72,8,8
7344,66,59,7,7
7345,84,72,12,12
7346,179,153,26,26
7347,70,67,3,3
7348,93,86,7,7
7349,139,136,3,3
7350,136,113,23,23
7351,173,149,24,24
7352,112,92,20,20
7353,76,78,-2,2
7354,112,102,10,10
7355,118,112,6,6
7356,109,91,18,18
7357,101,98,3,3
7358,105,86,19,19
7359,67,51,16,16
7360,131,109,22,22
7361,41,47,-6,6
7362,49,43,6,6
7363,113,100,13,13
7364,137,122,15,15
7365,96,92,4,4
7366,68,61,7,7
7367,110,102,8,8
7368,70,66,4,4
7369,155,140,15,15
7370,58,54,4,4
7371,140,128,12,12
7372,119,107,12,12
7373,67,63,4,4
7374,79,72,7,7
7375,68,63,5,5
7376,62,56,6,6
7377,48,49,-1,1
7378,104,96,8,8
7379,67,70,-3,3
7380,63,61,2,2
7381,70,62,8,8
7382,83,78,5,5
7383,66,63,3,3
7384,67,70,-3,3
7385,54,51,3,3
7386,144,131,13,13
7387,68,64,4,4
7388,76,73,3,3
7389,62,54,8,8
7390,147,119,28,28
7391,80,90,-10,10
7392,53,54,-1,1
7393,73,61,12,12
7394,74,66,8,8
7395,63,64,-1,1
7396,111,100,11,11
7397,199,159,40,40
7398,90,77,13,13
7399,65,59,6,6
7400,68,57,11,11
7401,81,74,7,7
7402,95,84,11,11
7403,83,76,7,7
7404,99,78,21,21
7405,64,67,-3,3
7406,70,66,4,4
7407,62,51,11,11
7408,60,58,2,2
7409,84,78,6,6
7410,63,58,5,5
7411,91,90,1,1
7412,53,62,-9,9
7413,114,97,17,17
7414,102,88,14,14
7415,80,65,15,15
7416,85,84,1,1
7417,112,106,6,6
7418,86,78,8,8
7419,61,61,0,0
7420,118,99,19,19
7421,108,81,27,27
7422,179,144,35,35
7423,87,78,9,9
7424,185,157,28,28
7425,91,80,11,11
7426,73,73,0,0
7427,63,49,14,14
7428,159,129,30,30
7429,146,126,20,20
7430,75,75,0,0
7431,73,69,4,4
7432,107,89,18,18
7433,93,81,12,12
7434,89,84,5,5
7435,82,86,-4,4
7436,79,68,11,11
7437,50,50,0,0
7438,69,67,2,2
7439,89,82,7,7
7440,145,128,17,17
7441,84,82,2,2
7442,115,108,7,7
7443,103,109,-6,6
7444,90,88,2,2
7445,57,49,8,8
7446,118,94,24,24
7447,99,92,7,7
7448,124,105,19,19
7449,102,99,3,3
7450,97,89,8,8
7451,64,61,3,3
7452,78,66,12,12
7453,121,107,14,14
7454,163,136,27,27
7455,63,55,8,8
7456,53,52,1,1
7457,71,63,8,8
7458,79,72,7,7
7459,102,95,7,7
7460,130,111,19,19
7461,114,99,15,15
7462,118,112,6,6
7463,93,88,5,5
7464,78,69,9,9
7465,87,79,8,8
7466,107,88,19,19
7467,105,86,19,19
7468,135,112,23,23
7469,64,56,8,8
7470,80,67,13,13
7471,79,76,3,3
7472,156,138,18,18
7473,123,112,11,11
7474,81,81,0,0
7475,91,84,7,7
7476,184,146,38,38
7477,62,63,-1,1
7478,76,75,1,1
7479,112,97,15,15
7480,60,59,1,1
7481,103,88,15,15
7482,83,79,4,4
7483,69,63,6,6
7484,206,170,36,36
7485,78,74,4,4
7486,82,65,17,17
7487,81,76,5,5
7488,39,37,2,2
7489,109,101,8,8
7490,32,56,-24,24
7491,65,65,0,0
7492,88,77,11,11
7493,94,86,8,8
7494,87,80,7,7
7495,74,63,11,11
7496,88,74,14,14
7497,103,96,7,7
7498,72,58,14,14
7499,83,78,5,5
7500,197,181,16,16
7501,41,44,-3,3
7502,76,69,7,7
7503,129,103,26,26
7504,40,54,-14,14
7505,136,125,11,11
7506,62,56,6,6
7507,66,65,1,1
7508,106,107,-1,1
7509,62,57,5,5
7510,109,92,17,17
7511,136,112,24,24
7512,100,86,14,14
7513,160,136,24,24
7514,105,91,14,14
7515,122,104,18,18
7516,98,91,7,7
7517,78,70,8,8
7518,75,72,3,3
7519,67,62,5,5
7520,56,55,1,1
7521,60,55,5,5
7522,38,35,3,3
7523,53,52,1,1
7524,57,63,-6,6
7525,113,99,14,14
7526,83,72,11,11
7527,81,67,14,14
7528,136,121,15,15
7529,78,65,13,13
7530,89,78,11,11
7531,86,78,8,8
7532,68,66,2,2
7533,156,137,19,19
7534,85,73,12,12
7535,126,114,12,12
7536,57,61,-4,4
7537,114,106,8,8
7538,113,93,20,20
7539,75,81,-6,6
7540,130,108,22,22
7541,79,65,14,14
7542,112,96,16,16
7543,120,107,13,13
7544,76,70,6,6
7545,86,72,14,14
7546,60,55,5,5
7547,52,51,1,1
7548,80,66,14,14
7549,136,113,23,23
7550,71,69,2,2
7551,152,136,16,16
7552,59,61,-2,2
7553,88,73,15,15
7554,71,60,11,11
7555,71,61,10,10
7556,88,84,4,4
7557,44,43,1,1
7558,95,92,3,3
7559,99,85,14,14
7560,74,75,-1,1
7561,148,120,28,28
7562,74,66,8,8
7563,103,82,21,21
7564,70,64,6,6
7565,128,104,24,24
7566,70,68,2,2
7567,69,66,3,3
7568,95,69,26,26
7569,125,112,13,13
7570,87,84,3,3
7571,130,114,16,16
7572,105,103,2,2
7573,96,82,14,14
7574,90,82,8,8
7575,52,47,5,5
7576,77,81,-4,4
7577,143,118,25,25
7578,97,97,0,0
7579,81,74,7,7
7580,55,49,6,6
7581,122,112,10,10
7582,59,57,2,2
7583,106,92,14,14
7584,146,118,28,28
7585,62,56,6,6
7586,122,105,17,17
7587,166,140,26,26
7588,76,65,11,11
7589,82,80,2,2
7590,114,97,17,17
7591,113,109,4,4
7592,94,85,9,9
7593,113,105,8,8
7594,79,73,6,6
7595,106,92,14,14
7596,123,110,13,13
7597,118,100,18,18
7598,80,68,12,12
7599,94,82,12,12
7600,89,73,16,16
7601,64,52,12,12
7602,113,101,12,12
7603,137,117,20,20
7604,53,95,-42,42
7605,133,118,15,15
7606,65,87,-22,22
7607,78,76,2,2
7608,40,38,2,2
7609,60,59,1,1
7610,52,50,2,2
7611,136,116,20,20
7612,155,134,21,21
7613,94,86,8,8
7614,75,71,4,4
7615,36,42,-6,6
7616,132,112,20,20
7617,117,104,13,13
7618,136,132,4,4
7619,141,109,32,32
7620,65,60,5,5
7621,96,75,21,21
7622,68,68,0,0
7623,144,112,32,32
7624,148,126,22,22
7625,117,102,15,15
7626,60,64,-4,4
7627,98,87,11,11
7628,114,98,16,16
7629,139,109,30,30
7630,109,91,18,18
7631,69,69,0,0
7632,105,90,15,15
7633,116,103,13,13
7634,72,61,11,11
7635,74,70,4,4
7636,102,97,5,5
7637,62,50,12,12
7638,36,35,1,1
7639,94,82,12,12
7640,78,70,8,8
7641,150,122,28,28
7642,81,73,8,8
7643,154,135,19,19
7644,115,109,6,6
7645,44,51,-7,7
7646,88,83,5,5
7647,80,66,14,14
7648,75,66,9,9
7649,58,52,6,6
7650,124,110,14,14
7651,90,78,12,12
7652,117,97,20,20
7653,93,80,13,13
7654,133,114,19,19
7655,71,61,10,10
7656,82,77,5,5
7657,66,62,4,4
7658,69,64,5,5
7659,112,95,17,17
7660,114,96,18,18
7661,81,62,19,19
7662,110,101,9,9
7663,76,64,12,12
7664,97,91,6,6
7665,83,75,8,8
7666,73,66,7,7
7667,109,96,13,13
7668,67,59,8,8
7669,101,96,5,5
7670,74,64,10,10
7671,122,108,14,14
7672,51,53,-2,2
7673,80,84,-4,4
7674,118,100,18,18
7675,87,74,13,13
7676,84,70,14,14
7677,135,113,22,22
7678,51,91,-40,40
7679,121,96,25,25
7680,60,56,4,4
7681,150,131,19,19
7682,41,42,-1,1
7683,55,51,4,4
7684,149,116,33,33
7685,136,116,20,20
7686,121,95,26,26
7687,121,103,18,18
7688,50,56,-6,6
7689,61,57,4,4
7690,129,112,17,17
7691,83,86,-3,3
7692,83,82,1,1
7693,77,65,12,12
7694,110,92,18,18
7695,110,86,24,24
7696,108,101,7,7
7697,95,88,7,7
7698,91,75,16,16
7699,99,84,15,15
7700,105,93,12,12
7701,104,117,-13,13
7702,82,75,7,7
7703,68,64,4,4
7704,77,69,8,8
7705,103,88,15,15
7706,87,78,9,9
7707,55,49,6,6
7708,94,83,11,11
7709,67,60,7,7
7710,75,84,-9,9
7711,137,121,16,16
7712,69,65,4,4
7713,67,62,5,5
7714,77,82,-5,5
7715,68,63,5,5
7716,117,104,13,13
7717,109,107,2,2
7718,164,130,34,34
7719,102,108,-6,6
7720,77,78,-1,1
7721,71,78,-7,7
7722,71,68,3,3
7723,146,116,30,30
7724,40,38,2,2
7725,121,102,19,19
7726,86,72,14,14
7727,99,92,7,7
7728,68,66,2,2
7729,89,70,19,19
7730,71,68,3,3
7731,72,65,7,7
7732,49,44,5,5
7733,155,120,35,35
7734,145,129,16,16
7735,102,97,5,5
7736,131,114,17,17
7737,101,77,24,24
7738,61,59,2,2
7739,108,100,8,8
7740,62,59,3,3
7741,93,79,14,14
7742,84,71,13,13
7743,56,91,-35,35
7744,143,121,22,22
7745,145,122,23,23
7746,103,86,17,17
7747,88,79,9,9
7748,96,86,10,10
7749,63,57,6,6
7750,88,79,9,9
7751,50,59,-9,9
7752,106,97,9,9
7753,89,68,21,21
7754,101,99,2,2
7755,134,113,21,21
7756,91,77,14,14
7757,134,128,6,6
7758,79,75,4,4
7759,161,136,25,25
7760,127,111,16,16
7761,88,82,6,6
7762,61,60,1,1
7763,60,63,-3,3
7764,102,88,14,14
7765,140,130,10,10
7766,69,65,4,4
7767,101,100,1,1
7768,175,151,24,24
7769,129,127,2,2
7770,115,103,12,12
7771,88,92,-4,4
7772,79,72,7,7
7773,102,91,11,11
7774,43,41,2,2
7775,97,88,9,9
7776,132,122,10,10
7777,58,53,5,5
7778,89,85,4,4
7779,90,86,4,4
7780,98,95,3,3
7781,102,93,9,9
7782,88,79,9,9
7783,106,94,12,12
7784,99,86,13,13
7785,151,125,26,26
7786,111,87,24,24
7787,65,59,6,6
7788,71,67,4,4
7789,79,85,-6,6
7790,65,59,6,6
7791,136,114,22,22
7792,151,139,12,12
7793,108,95,13,13
7794,121,101,20,20
7795,54,57,-3,3
7796,96,90,6,6
7797,98,80,18,18
7798,62,60,2,2
7799,78,74,4,4
7800,97,88,9,9
7801,80,69,11,11
7802,65,64,1,1
7803,74,76,-2,2
7804,118,107,11,11
7805,109,91,18,18
7806,99,86,13,13
7807,78,78,0,0
7808,59,65,-6,6
7809,84,82,2,2
7810,108,98,10,10
7811,89,85,4,4
7812,119,98,21,21
7813,182,146,36,36
7814,133,106,27,27
7815,90,87,3,3
7816,144,143,1,1
7817,109,94,15,15
7818,154,126,28,28
7819,54,50,4,4
7820,59,58,1,1
7821,120,104,16,16
7822,113,111,2,2
7823,90,79,11,11
7824,119,102,17,17
7825,72,67,5,5
7826,173,147,26,26
7827,252,200,52,52
7828,123,120,3,3
7829,178,146,32,32
7830,207,166,41,41
7831,86,84,2,2
7832,61,51,10,10
7833,82,79,3,3
7834,77,70,7,7
7835,90,80,10,10
7836,85,89,-4,4
7837,133,127,6,6
7838,67,64,3,3
7839,71,70,1,1
7840,118,109,9,9
7841,168,152,16,16
7842,101,92,9,9
7843,126,104,22,22
7844,127,111,16,16
7845,197,164,33,33
7846,67,60,7,7
7847,59,51,8,8
7848,139,123,16,16
7849,84,77,7,7
7850,75,70,5,5
7851,124,110,14,14
7852,61,57,4,4
7853,78,69,9,9
7854,102,81,21,21
7855,50,43,7,7
7856,72,75,-3,3
7857,98,96,2,2
7858,109,95,14,14
7859,97,81,16,16
7860,79,69,10,10
7861,73,66,7,7
7862,114,95,19,19
7863,118,103,15,15
7864,101,90,11,11
7865,103,95,8,8
7866,49,49,0,0
7867,49,52,-3,3
7868,37,41,-4,4
7869,121,106,15,15
7870,69,63,6,6
7871,126,113,13,13
7872,91,78,13,13
7873,119,101,18,18
7874,105,92,13,13
7875,129,113,16,16
7876,83,70,13,13
7877,99,86,13,13
7878,106,102,4,4
7879,67,57,10,10
7880,132,115,17,17
7881,110,87,23,23
7882,72,62,10,10
7883,126,108,18,18
7884,129,126,3,3
7885,74,66,8,8
7886,131,114,17,17
7887,97,86,11,11
7888,118,108,10,10
7889,124,109,15,15
7890,66,63,3,3
7891,99,102,-3,3
7892,93,80,13,13
7893,169,149,20,20
7894,109,103,6,6
7895,194,160,34,34
7896,131,109,22,22
7897,67,63,4,4
7898,102,92,10,10
7899,126,110,16,16
7900,166,150,16,16
7901,52,54,-2,2
7902,129,126,3,3
7903,175,150,25,25
7904,77,63,14,14
7905,52,45,7,7
7906,73,60,13,13
7907,97,88,9,9
7908,49,47,2,2
7909,112,98,14,14
7910,108,104,4,4
7911,91,74,17,17
7912,84,94,-10,10
7913,35,43,-8,8
7914,182,166,16,16
7915,61,57,4,4
7916,61,50,11,11
7917,79,71,8,8
7918,55,54,1,1
7919,64,61,3,3
7920,142,117,25,25
7921,66,60,6,6
7922,74,75,-1,1
7923,150,127,23,23
7924,99,87,12,12
7925,106,98,8,8
7926,72,71,1,1
7927,121,104,17,17
7928,114,101,13,13
7929,75,65,10,10
7930,65,65,0,0
7931,116,104,12,12
7932,99,85,14,14
7933,199,166,33,33
7934,60,57,3,3
7935,67,58,9,9
7936,81,71,10,10
7937,178,123,55,55
7938,70,70,0,0
7939,131,108,23,23
7940,149,120,29,29
7941,70,64,6,6
7942,97,95,2,2
7943,104,83,21,21
7944,73,66,7,7
7945,74,74,0,0
7946,87,87,0,0
7947,112,101,11,11
7948,126,107,19,19
7949,86,95,-9,9
7950,134,112,22,22
7951,117,89,28,28
7952,61,57,4,4
7953,71,74,-3,3
7954,80,80,0,0
7955,63,58,5,5
7956,70,61,9,9
7957,63,67,-4,4
7958,46,46,0,0
7959,59,58,1,1
7960,89,81,8,8
7961,134,113,21,21
7962,113,99,14,14
7963,73,76,-3,3
7964,122,102,20,20
7965,59,57,2,2
7966,142,131,11,11
7967,175,151,24,24
7968,61,52,9,9
7969,142,137,5,5
7970,68,54,14,14
7971,51,54,-3,3
7972,94,90,4,4
7973,104,88,16,16
7974,85,75,10,10
7975,155,141,14,14
7976,157,149,8,8
7977,115,100,15,15
7978,94,90,4,4
7979,86,85,1,1
7980,115,108,7,7
7981,85,75,10,10
7982,106,92,14,14
7983,64,60,4,4
7984,38,70,-32,32
7985,51,52,-1,1
7986,106,96,10,10
7987,101,96,5,5
7988,46,53,-7,7
7989,85,76,9,9
7990,104,93,11,11
7991,95,89,6,6
7992,130,112,18,18
7993,151,128,23,23
7994,57,53,4,4
7995,93,87,6,6
7996,69,63,6,6
7997,39,33,6,6
7998,76,72,4,4
7999,84,68,16,16
8000,41,42,-1,1
8001,45,48,-3,3
8002,68,64,4,4
8003,82,72,10,10
8004,68,65,3,3
8005,73,62,11,11
8006,49,61,-12,12
8007,93,82,11,11
8008,75,66,9,9
8009,85,70,15,15
8010,103,94,9,9
8011,129,113,16,16
8012,116,108,8,8
8013,77,67,10,10
8014,83,73,10,10
8015,104,84,20,20
8016,124,102,22,22
8017,89,78,11,11
8018,88,94,-6,6
8019,49,57,-8,8
8020,104,96,8,8
8021,107,101,6,6
8022,125,111,14,14
8023,57,57,0,0
8024,104,89,15,15
8025,51,66,-15,15
8026,86,74,12,12
8027,96,89,7,7
8028,190,166,24,24
8029,84,79,5,5
8030,105,94,11,11
8031,94,80,14,14
8032,74,64,10,10
8033,100,84,16,16
8034,126,105,21,21
8035,73,66,7,7
8036,83,77,6,6
8037,141,119,22,22
8038,124,109,15,15
8039,79,75,4,4
8040,135,112,23,23
8041,81,66,15,15
8042,137,119,18,18
8043,75,72,3,3
8044,54,61,-7,7
8045,102,94,8,8
8046,157,127,30,30
8047,93,84,9,9
8048,155,123,32,32
8049,71,62,9,9
8050,109,101,8,8
8051,60,59,1,1
8052,57,63,-6,6
8053,113,102,11,11
8054,130,117,13,13
8055,71,80,-9,9
8056,92,80,12,12
8057,148,115,33,33
8058,117,93,24,24
8059,68,65,3,3
8060,161,136,25,25
8061,85,74,11,11
8062,65,55,10,10
8063,43,43,0,0
8064,102,90,12,12
8065,69,58,11,11
8066,185,165,20,20
8067,133,117,16,16
8068,104,91,13,13
8069,105,95,10,10
8070,120,105,15,15
8071,85,76,9,9
8072,73,60,13,13
8073,158,148,10,10
8074,76,67,9,9
8075,87,71,16,16
8076,148,121,27,27
8077,85,80,5,5
8078,98,73,25,25
8079,66,66,0,0
8080,100,92,8,8
8081,110,98,12,12
8082,86,81,5,5
8083,119,110,9,9
8084,75,65,10,10
8085,110,114,-4,4
8086,69,73,-4,4
8087,127,101,26,26
8088,98,85,13,13
8089,116,109,7,7
8090,65,62,3,3
8091,94,86,8,8
8092,58,52,6,6
8093,68,82,-14,14
8094,118,101,17,17
8095,27,35,-8,8
8096,74,62,12,12
8097,81,76,5,5
8098,98,83,15,15
8099,56,58,-2,2
8100,101,90,11,11
8101,128,109,19,19
8102,104,93,11,11
8103,69,64,5,5
8104,130,104,26,26
8105,121,110,11,11
8106,42,84,-42,42
8107,89,88,1,1
8108,71,59,12,12
8109,129,102,27,27
8110,59,61,-2,2
8111,101,95,6,6
8112,102,92,10,10
8113,109,101,8,8
8114,94,81,13,13
8115,108,101,7,7
8116,102,87,15,15
8117,89,82,7,7
8118,121,109,12,12
8119,122,117,5,5
8120,67,69,-2,2
8121,51,57,-6,6
8122,89,76,13,13
8123,88,86,2,2
8124,131,107,24,24
8125,103,95,8,8
8126,151,155,-4,4
8127,134,126,8,8
8128,108,99,9,9
8129,92,81,11,11
8130,65,55,10,10
8131,81,72,9,9
8132,68,73,-5,5
8133,91,79,12,12
8134,114,95,19,19
8135,48,57,-9,9
8136,102,94,8,8
8137,149,132,17,17
8138,108,96,12,12
8139,60,58,2,2
8140,103,98,5,5
8141,65,64,1,1
8142,119,112,7,7
8143,104,97,7,7
8144,64,57,7,7
8145,48,48,0,0
8146,55,52,3,3
8147,75,72,3,3
8148,44,57,-13,13
8149,73,73,0,0
8150,54,52,2,2
8151,54,57,-3,3
8152,52,51,1,1
8153,95,78,17,17
8154,66,65,1,1
8155,85,89,-4,4
8156,75,61,14,14
8157,95,103,-8,8
8158,95,79,16,16
8159,36,38,-2,2
8160,79,72,7,7
8161,123,110,13,13
8162,81,67,14,14
8163,176,139,37,37
8164,60,48,12,12
8165,61,65,-4,4
8166,140,116,24,24
8167,127,110,17,17
8168,96,88,8,8
8169,99,79,20,20
8170,108,87,21,21
8171,58,55,3,3
8172,51,57,-6,6
8173,95,83,12,12
8174,58,66,-8,8
8175,76,66,10,10
8176,116,99,17,17
8177,108,88,20,20
8178,168,139,29,29
8179,27,32,-5,5
8180,145,118,27,27
8181,53,50,3,3
8182,67,62,5,5
8183,92,80,12,12
8184,78,69,9,9
8185,113,104,9,9
8186,141,130,11,11
8187,136,109,27,27
8188,103,97,6,6
8189,86,83,3,3
8190,195,164,31,31
8191,75,66,9,9
8192,63,61,2,2
8193,66,63,3,3
8194,127,115,12,12
8195,122,102,20,20
8196,54,90,-36,36
8197,101,93,8,8
8198,93,71,22,22
8199,64,60,4,4
8200,108,98,10,10
8201,111,95,16,16
8202,77,62,15,15
8203,154,133,21,21
8204,94,76,18,18
8205,84,76,8,8
8206,76,80,-4,4
8207,87,74,13,13
8208,126,101,25,25
8209,82,73,9,9
8210,82,77,5,5
8211,80,70,10,10
8212,126,116,10,10
8213,64,60,4,4
8214,142,112,30,30
8215,143,121,22,22
8216,127,125,2,2
8217,76,76,0,0
8218,57,69,-12,12
8219,109,88,21,21
8220,141,122,19,19
8221,129,106,23,23
8222,114,93,21,21
8223,83,73,10,10
8224,149,131,18,18
8225,47,49,-2,2
8226,88,82,6,6
8227,88,77,11,11
8228,105,94,11,11
8229,93,93,0,0
8230,109,88,21,21
8231,87,75,12,12
8232,43,37,6,6
8233,81,68,13,13
8234,101,73,28,28
8235,80,61,19,19
8236,112,95,17,17
8237,92,89,3,3
8238,102,90,12,12
8239,71,61,10,10
8240,166,142,24,24
8241,98,80,18,18
8242,129,102,27,27
8243,79,78,1,1
8244,109,93,16,16
8245,145,117,28,28
8246,166,136,30,30
8247,76,77,-1,1
8248,46,44,2,2
8249,113,95,18,18
8250,75,77,-2,2
8251,86,74,12,12
8252,76,68,8,8
8253,88,85,3,3
8254,67,69,-2,2
8255,100,86,14,14
8256,71,71,0,0
8257,59,58,1,1
8258,181,155,26,26
8259,56,53,3,3
8260,114,86,28,28
8261,92,90,2,2
8262,100,89,11,11
8263,75,83,-8,8
8264,188,153,35,35
8265,51,48,3,3
8266,84,84,0,0
8267,171,163,8,8
8268,66,58,8,8
8269,92,78,14,14
8270,122,107,15,15
8271,40,51,-11,11
8272,87,78,9,9
8273,122,109,13,13
8274,98,82,16,16
8275,96,95,1,1
8276,120,102,18,18
8277,82,77,5,5
8278,88,75,13,13
8279,60,60,0,0
8280,83,73,10,10
8281,81,64,17,17
8282,151,133,18,18
8283,187,158,29,29
8284,98,98,0,0
8285,95,78,17,17
8286,77,69,8,8
8287,144,123,21,21
8288,81,75,6,6
8289,91,85,6,6
8290,149,131,18,18
8291,99,104,-5,5
8292,96,75,21,21
8293,129,117,12,12
8294,63,59,4,4
8295,86,72,14,14
8296,64,64,0,0
8297,74,59,15,15
8298,93,83,10,10
8299,85,72,13,13
8300,248,199,49,49
8301,91,84,7,7
8302,58,55,3,3
8303,93,83,10,10
8304,93,85,8,8
8305,55,56,-1,1
8306,102,94,8,8
8307,107,86,21,21
8308,79,72,7,7
8309,84,73,11,11
8310,95,81,14,14
8311,110,97,13,13
8312,80,69,11,11
8313,44,38,6,6
8314,96,85,11,11
8315,59,60,-1,1
8316,109,99,10,10
8317,198,170,28,28
8318,81,82,-1,1
8319,119,103,16,16
8320,106,96,10,10
8321,114,92,22,22
8322,51,54,-3,3
8323,110,95,15,15
8324,112,103,9,9
8325,99,89,10,10
8326,80,68,12,12
8327,59,59,0,0
8328,110,102,8,8
8329,125,101,24,24
8330,137,113,24,24
8331,73,67,6,6
8332,190,161,29,29
8333,137,125,12,12
8334,46,44,2,2
8335,124,115,9,9
8336,87,75,12,12
8337,114,91,23,23
8338,83,75,8,8
8339,85,77,8,8
8340,142,141,1,1
8341,108,87,21,21
8342,129,114,15,15
8343,107,90,17,17
8344,109,99,10,10
8345,144,123,21,21
8346,76,70,6,6
8347,38,55,-17,17
8348,157,137,20,20
8349,55,52,3,3
8350,99,93,6,6
8351,153,125,28,28
8352,74,63,11,11
8353,74,69,5,5
8354,78,68,10,10
8355,74,76,-2,2
8356,94,84,10,10
8357,112,92,20,20
8358,141,130,11,11
8359,82,68,14,14
8360,160,145,15,15
8361,103,93,10,10
8362,110,91,19,19
8363,42,44,-2,2
8364,69,63,6,6
8365,59,52,7,7
8366,98,87,11,11
8367,75,64,11,11
8368,58,54,4,4
8369,74,62,12,12
8370,108,100,8,8
8371,66,69,-3,3
8372,105,85,20,20
8373,46,56,-10,10
8374,55,49,6,6
8375,71,61,10,10
8376,115,108,7,7
8377,88,71,17,17
8378,47,42,5,5
8379,174,145,29,29
8380,94,77,17,17
8381,74,69,5,5
8382,84,74,10,10
8383,85,72,13,13
8384,65,53,12,12
8385,39,34,5,5
8386,118,98,20,20
8387,101,86,15,15
8388,78,72,6,6
8389,97,96,1,1
8390,104,88,16,16
8391,98,84,14,14
8392,81,87,-6,6
8393,112,97,15,15
8394,98,88,10,10
8395,96,90,6,6
8396,53,46,7,7
8397,67,72,-5,5
8398,70,68,2,2
8399,114,91,23,23
8400,104,98,6,6
8401,65,62,3,3
8402,80,66,14,14
8403,96,76,20,20
8404,70,62,8,8
8405,105,95,10,10
8406,100,78,22,22
8407,160,133,27,27
8408,91,88,3,3
8409,100,92,8,8
8410,119,91,28,28
8411,65,63,2,2
8412,99,92,7,7
8413,172,127,45,45
8414,83,71,12,12
8415,85,70,15,15
8416,69,61,8,8
8417,59,60,-1,1
8418,93,86,7,7
8419,81,75,6,6
8420,75,68,7,7
8421,62,58,4,4
8422,115,93,22,22
8423,107,129,-22,22
8424,105,93,12,12
8425,51,51,0,0
8426,76,73,3,3
8427,88,82,6,6
8428,145,124,21,21
8429,114,105,9,9
8430,38,40,-2,2
8431,133,117,16,16
8432,74,66,8,8
8433,119,106,13,13
8434,96,81,15,15
8435,143,114,29,29
8436,60,56,4,4
8437,130,108,22,22
8438,120,96,24,24
8439,122,126,-4,4
8440,113,98,15,15
8441,68,67,1,1
8442,98,81,17,17
8443,143,112,31,31
8444,77,64,13,13
8445,92,82,10,10
8446,61,54,7,7
8447,74,72,2,2
8448,94,76,18,18
8449,102,87,15,15
8450,118,99,19,19
8451,119,108,11,11
8452,193,158,35,35
8453,95,86,9,9
8454,89,79,10,10
8455,129,115,14,14
8456,124,105,19,19
8457,84,72,12,12
8458,76,71,5,5
8459,55,50,5,5
8460,143,118,25,25
8461,134,108,26,26
8462,88,82,6,6
8463,132,118,14,14
8464,114,90,24,24
8465,71,63,8,8
8466,79,65,14,14
8467,101,88,13,13
8468,134,121,13,13
8469,61,29,32,32
8470,81,69,12,12
8471,107,101,6,6
8472,86,74,12,12
8473,83,74,9,9
8474,94,86,8,8
8475,102,95,7,7
8476,110,118,-8,8
8477,137,122,15,15
8478,56,61,-5,5
8479,134,108,26,26
8480,80,80,0,0
8481,46,45,1,1
8482,111,101,10,10
8483,112,97,15,15
8484,121,108,13,13
8485,113,101,12,12
8486,91,89,2,2
8487,47,51,-4,4
8488,65,59,6,6
8489,56,67,-11,11
8490,83,78,5,5
8491,85,83,2,2
8492,102,86,16,16
8493,80,77,3,3
8494,110,95,15,15
8495,141,130,11,11
8496,90,87,3,3
8497,73,65,8,8
8498,60,56,4,4
8499,178,132,46,46
8500,124,114,10,10
8501,108,89,19,19
8502,100,89,11,11
8503,78,73,5,5
8504,115,110,5,5
8505,127,117,10,10
8506,47,40,7,7
8507,58,54,4,4
8508,151,122,29,29
8509,104,85,19,19
8510,56,61,-5,5
8511,79,79,0,0
8512,67,62,5,5
8513,109,103,6,6
8514,83,67,16,16
8515,101,79,22,22
8516,78,76,2,2
8517,101,117,-16,16
8518,64,65,-1,1
8519,69,60,9,9
8520,81,71,10,10
8521,185,153,32,32
8522,89,73,16,16
8523,137,107,30,30
8524,98,83,15,15
8525,185,153,32,32
8526,62,82,-20,20
8527,135,118,17,17
8528,140,118,22,22
8529,166,151,15,15
8530,68,66,2,2
8531,100,97,3,3
8532,122,117,5,5
8533,105,94,11,11
8534,129,113,16,16
8535,117,104,13,13
8536,74,69,5,5
8537,91,80,11,11
8538,96,85,11,11
8539,96,87,9,9
8540,76,75,1,1
8541,106,89,17,17
8542,71,59,12,12
8543,43,44,-1,1
8544,88,75,13,13
8545,79,83,-4,4
8546,104,87,17,17
8547,82,75,7,7
8548,112,102,10,10
8549,104,94,10,10
8550,55,51,4,4
8551,90,81,9,9
8552,47,57,-10,10
8553,111,92,19,19
8554,127,107,20,20
8555,67,66,1,1
8556,163,133,30,30
8557,154,134,20,20
8558,63,60,3,3
8559,50,52,-2,2
8560,56,61,-5,5
8561,104,102,2,2
8562,80,76,4,4
8563,83,69,14,14
8564,64,63,1,1
8565,55,49,6,6
8566,84,67,17,17
8567,130,113,17,17
8568,85,80,5,5
8569,109,96,13,13
8570,153,125,28,28
8571,104,91,13,13
8572,129,109,20,20
8573,106,87,19,19
8574,173,152,21,21
8575,93,81,12,12
8576,93,78,15,15
8577,99,84,15,15
8578,66,61,5,5
8579,98,84,14,14
8580,110,121,-11,11
8581,50,57,-7,7
8582,104,92,12,12
8583,110,95,15,15
8584,60,67,-7,7
8585,102,86,16,16
8586,87,75,12,12
8587,133,118,15,15
8588,133,116,17,17
8589,122,97,25,25
8590,92,79,13,13
8591,139,127,12,12
8592,52,48,4,4
8593,83,86,-3,3
8594,91,77,14,14
8595,65,60,5,5
8596,113,106,7,7
8597,77,71,6,6
8598,161,134,27,27
8599,92,83,9,9
8600,180,140,40,40
8601,77,66,11,11
8602,109,95,14,14
8603,81,73,8,8
8604,98,91,7,7
8605,54,49,5,5
8606,126,111,15,15
8607,91,83,8,8
8608,77,73,4,4
8609,124,107,17,17
8610,78,74,4,4
8611,189,141,48,48
8612,80,70,10,10
8613,159,129,30,30
8614,73,71,2,2
8615,90,88,2,2
8616,62,45,17,17
8617,90,80,10,10
8618,134,125,9,9
8619,121,93,28,28
8620,87,77,10,10
8621,59,55,4,4
8622,89,92,-3,3
8623,105,97,8,8
8624,97,82,15,15
8625,110,94,16,16
8626,141,111,30,30
8627,85,78,7,7
8628,132,116,16,16
8629,89,80,9,9
8630,75,72,3,3
8631,81,69,12,12
8632,77,61,16,16
8633,104,89,15,15
8634,132,130,2,2
8635,136,116,20,20
8636,82,75,7,7
8637,85,83,2,2
8638,76,70,6,6
8639,109,115,-6,6
8640,51,55,-4,4
8641,85,82,3,3
8642,58,55,3,3
8643,161,142,19,19
8644,85,80,5,5
8645,61,51,10,10
8646,82,74,8,8
8647,114,107,7,7
8648,113,99,14,14
8649,82,71,11,11
8650,128,110,18,18
8651,113,103,10,10
8652,61,65,-4,4
8653,85,70,15,15
8654,112,97,15,15
8655,76,65,11,11
8656,89,79,10,10
8657,142,116,26,26
8658,81,71,10,10
8659,143,119,24,24
8660,94,80,14,14
8661,134,105,29,29
8662,59,51,8,8
8663,55,58,-3,3
8664,75,73,2,2
8665,87,83,4,4
8666,69,54,15,15
8667,104,90,14,14
8668,57,45,12,12
8669,68,60,8,8
8670,169,141,28,28
8671,114,110,4,4
8672,92,80,12,12
8673,97,78,19,19
8674,121,106,15,15
8675,89,71,18,18
8676,116,104,12,12
8677,93,91,2,2
8678,116,95,21,21
8679,125,116,9,9
8680,82,96,-14,14
8681,50,45,5,5
8682,46,52,-6,6
8683,45,45,0,0
8684,120,110,10,10
8685,93,80,13,13
8686,102,91,11,11
8687,126,112,14,14
8688,108,115,-7,7
8689,110,98,12,12
8690,101,88,13,13
8691,73,68,5,5
8692,58,53,5,5
8693,113,93,20,20
8694,136,125,11,11
8695,64,59,5,5
8696,125,148,-23,23
8697,88,72,16,16
8698,92,78,14,14
8699,106,92,14,14
8700,90,94,-4,4
8701,85,83,2,2
8702,80,69,11,11
8703,110,100,10,10
8704,80,71,9,9
8705,117,101,16,16
8706,47,53,-6,6
8707,112,96,16,16
8708,84,75,9,9
8709,116,95,21,21
8710,61,61,0,0
8711,82,71,11,11
8712,164,125,39,39
8713,125,112,13,13
8714,80,74,6,6
8715,66,62,4,4
8716,61,62,-1,1
8717,82,89,-7,7
8718,81,77,4,4
8719,143,113,30,30
8720,145,113,32,32
8721,75,62,13,13
8722,60,81,-21,21
8723,86,82,4,4
8724,99,94,5,5
8725,112,100,12,12
8726,98,86,12,12
8727,96,89,7,7
8728,64,67,-3,3
8729,62,56,6,6
8730,123,114,9,9
8731,83,76,7,7
8732,101,91,10,10
8733,27,27,0,0
8734,167,141,26,26
8735,149,132,17,17
8736,94,85,9,9
8737,155,132,23,23
8738,39,39,0,0
8739,62,57,5,5
8740,81,66,15,15
8741,58,52,6,6
8742,74,76,-2,2
8743,139,126,13,13
8744,74,70,4,4
8745,84,82,2,2
8746,155,120,35,35
8747,114,101,13,13
8748,152,202,-50,50
8749,104,82,22,22
8750,92,93,-1,1
8751,55,59,-4,4
8752,91,79,12,12
8753,90,74,16,16
8754,86,75,11,11
8755,76,67,9,9
8756,86,79,7,7
8757,49,42,7,7
8758,105,97,8,8
8759,67,62,5,5
8760,96,114,-18,18
8761,105,94,11,11
8762,98,78,20,20
8763,114,100,14,14
8764,114,106,8,8
8765,103,103,0,0
8766,128,109,19,19
8767,110,92,18,18
8768,89,71,18,18
8769,67,57,10,10
8770,136,114,22,22
8771,154,134,20,20
8772,62,58,4,4
8773,109,98,11,11
8774,91,82,9,9
8775,63,58,5,5
8776,172,149,23,23
8777,93,77,16,16
8778,81,69,12,12
8779,87,83,4,4
8780,49,62,-13,13
8781,157,144,13,13
8782,87,75,12,12
8783,61,76,-15,15
8784,60,57,3,3
8785,129,111,18,18
8786,75,71,4,4
8787,86,83,3,3
8788,37,38,-1,1
8789,110,100,10,10
8790,124,105,19,19
8791,65,67,-2,2
8792,148,139,9,9
8793,73,76,-3,3
8794,105,102,3,3
8795,70,71,-1,1
8796,63,64,-1,1
8797,71,63,8,8
8798,71,67,4,4
8799,68,63,5,5
8800,96,78,18,18
8801,87,77,10,10
8802,88,82,6,6
8803,69,61,8,8
8804,83,75,8,8
8805,72,73,-1,1
8806,98,92,6,6
8807,126,110,16,16
8808,45,47,-2,2
8809,52,46,6,6
8810,103,96,7,7
8811,77,66,11,11
8812,83,72,11,11
8813,73,61,12,12
8814,108,94,14,14
8815,73,70,3,3
8816,80,73,7,7
8817,57,53,4,4
8818,63,59,4,4
8819,24,37,-13,13
8820,89,70,19,19
8821,61,58,3,3
8822,97,88,9,9
8823,85,78,7,7
8824,143,127,16,16
8825,129,110,19,19
8826,75,75,0,0
8827,71,68,3,3
8828,92,80,12,12
8829,72,61,11,11
8830,91,73,18,18
8831,83,71,12,12
8832,75,77,-2,2
8833,66,59,7,7
8834,43,47,-4,4
8835,127,111,16,16
8836,125,116,9,9
8837,44,44,0,0
8838,51,54,-3,3
8839,54,52,2,2
8840,203,196,7,7
8841,127,107,20,20
8842,102,88,14,14
8843,81,69,12,12
8844,69,59,10,10
8845,121,105,16,16
8846,85,74,11,11
8847,125,104,21,21
8848,138,113,25,25
8849,191,151,40,40
8850,92,88,4,4
8851,94,79,15,15
8852,128,112,16,16
8853,35,48,-13,13
8854,104,94,10,10
8855,86,73,13,13
8856,132,110,22,22
8857,89,77,12,12
8858,48,47,1,1
8859,75,63,12,12
8860,80,60,20,20
8861,100,84,16,16
8862,115,102,13,13
8863,135,113,22,22
8864,88,81,7,7
8865,108,96,12,12
8866,141,129,12,12
8867,81,72,9,9
8868,147,131,16,16
8869,94,78,16,16
8870,86,75,11,11
8871,125,107,18,18
8872,62,56,6,6
8873,82,77,5,5
8874,123,104,19,19
8875,80,68,12,12
8876,108,89,19,19
8877,91,72,19,19
8878,124,104,20,20
8879,93,101,-8,8
8880,141,146,-5,5
8881,97,59,38,38
8882,177,149,28,28
8883,80,75,5,5
8884,133,134,-1,1
8885,98,94,4,4
8886,104,84,20,20
8887,64,60,4,4
8888,170,145,25,25
8889,91,85,6,6
8890,98,86,12,12
8891,125,105,20,20
8892,65,63,2,2
8893,86,81,5,5
8894,75,62,13,13
8895,72,68,4,4
8896,53,66,-13,13
8897,93,75,18,18
8898,69,63,6,6
8899,95,79,16,16
8900,76,72,4,4
8901,73,66,7,7
8902,56,51,5,5
8903,92,82,10,10
8904,43,47,-4,4
8905,60,52,8,8
8906,74,74,0,0
8907,85,82,3,3
8908,91,81,10,10
8909,92,78,14,14
8910,91,79,12,12
8911,60,60,0,0
8912,142,134,8,8
8913,127,118,9,9
8914,87,79,8,8
8915,130,123,7,7
8916,104,90,14,14
8917,62,56,6,6
8918,125,112,13,13
8919,96,161,-65,65
8920,170,131,39,39
8921,103,106,-3,3
8922,185,153,32,32
8923,80,70,10,10
8924,56,58,-2,2
8925,105,107,-2,2
8926,63,59,4,4
8927,88,81,7,7
8928,79,73,6,6
8929,60,71,-11,11
8930,84,79,5,5
8931,123,113,10,10
8932,107,91,16,16
8933,94,85,9,9
8934,70,69,1,1
8935,141,114,27,27
8936,56,45,11,11
8937,166,143,23,23
8938,120,93,27,27
8939,137,112,25,25
8940,88,79,9,9
8941,127,92,35,35
8942,157,133,24,24
8943,130,120,10,10
8944,106,100,6,6
8945,131,117,14,14
8946,54,51,3,3
8947,132,113,19,19
8948,80,70,10,10
8949,81,80,1,1
8950,128,101,27,27
8951,36,42,-6,6
8952,106,99,7,7
8953,85,78,7,7
8954,64,62,2,2
8955,81,75,6,6
8956,120,105,15,15
8957,130,108,22,22
8958,99,81,18,18
8959,70,61,9,9
8960,78,66,12,12
8961,112,109,3,3
8962,82,74,8,8
8963,184,145,39,39
8964,129,122,7,7
8965,111,93,18,18
8966,99,98,1,1
8967,51,54,-3,3
8968,102,87,15,15
8969,66,63,3,3
8970,74,70,4,4
8971,129,115,14,14
8972,54,53,1,1
8973,117,121,-4,4
8974,120,106,14,14
8975,73,72,1,1
8976,177,150,27,27
8977,157,133,24,24
8978,77,71,6,6
8979,55,58,-3,3
8980,132,110,22,22
8981,180,143,37,37
8982,72,63,9,9
8983,88,85,3,3
8984,71,68,3,3
8985,85,73,12,12
8986,51,44,7,7
8987,61,63,-2,2
8988,76,68,8,8
8989,90,82,8,8
8990,64,64,0,0
8991,67,79,-12,12
8992,95,84,11,11
8993,46,44,2,2
8994,92,75,17,17
8995,121,125,-4,4
8996,93,85,8,8
8997,92,88,4,4
8998,52,52,0,0
8999,112,109,3,3
9000,66,95,-29,29
9001,76,68,8,8
9002,157,133,24,24
9003,75,66,9,9
9004,68,64,4,4
9005,64,61,3,3
9006,135,109,26,26
9007,107,95,12,12
9008,79,74,5,5
9009,82,73,9,9
9010,101,83,18,18
9011,142,145,-3,3
9012,108,97,11,11
9013,93,100,-7,7
9014,111,102,9,9
9015,111,94,17,17
9016,101,82,19,19
9017,67,60,7,7
9018,58,53,5,5
9019,117,98,19,19
9020,100,89,11,11
9021,96,81,15,15
9022,106,94,12,12
9023,82,74,8,8
9024,57,57,0,0
9025,95,79,16,16
9026,92,80,12,12
9027,78,72,6,6
9028,85,72,13,13
9029,46,40,6,6
9030,60,60,0,0
9031,68,68,0,0
9032,90,81,9,9
9033,106,96,10,10
9034,72,66,6,6
9035,91,79,12,12
9036,142,123,19,19
9037,63,54,9,9
9038,55,51,4,4
9039,112,96,16,16
9040,165,150,15,15
9041,80,69,11,11
9042,58,50,8,8
9043,96,91,5,5
9044,69,61,8,8
9045,85,91,-6,6
9046,74,70,4,4
9047,148,123,25,25
9048,61,53,8,8
9049,114,107,7,7
9050,117,100,17,17
9051,87,81,6,6
9052,148,129,19,19
9053,129,109,20,20
9054,100,83,17,17
9055,79,71,8,8
9056,84,75,9,9
9057,75,67,8,8
9058,101,90,11,11
9059,74,68,6,6
9060,98,78,20,20
9061,97,89,8,8
9062,58,54,4,4
9063,104,90,14,14
9064,122,102,20,20
9065,33,37,-4,4
9066,62,51,11,11
9067,59,59,0,0
9068,66,67,-1,1
9069,112,98,14,14
9070,109,88,21,21
9071,67,65,2,2
9072,157,157,0,0
9073,147,129,18,18
9074,114,97,17,17
9075,45,38,7,7
9076,71,70,1,1
9077,135,115,20,20
9078,64,49,15,15
9079,101,98,3,3
9080,93,85,8,8
9081,92,79,13,13
9082,128,109,19,19
9083,90,75,15,15
9084,113,87,26,26
9085,62,53,9,9
9086,66,56,10,10
9087,69,63,6,6
9088,90,79,11,11
9089,69,58,11,11
9090,87,79,8,8
9091,70,81,-11,11
9092,88,81,7,7
9093,60,61,-1,1
9094,172,141,31,31
9095,94,82,12,12
9096,53,55,-2,2
9097,81,71,10,10
9098,103,101,2,2
9099,146,122,24,24
9100,93,84,9,9
9101,106,98,8,8
9102,115,94,21,21
9103,171,140,31,31
9104,80,75,5,5
9105,89,74,15,15
9106,75,75,0,0
9107,197,165,32,32
9108,52,54,-2,2
9109,56,56,0,0
9110,76,71,5,5
9111,136,118,18,18
9112,127,112,15,15
9113,102,93,9,9
9114,100,92,8,8
9115,154,128,26,26
9116,127,125,2,2
9117,115,99,16,16
9118,69,66,3,3
9119,113,92,21,21
9120,116,107,9,9
9121,92,84,8,8
9122,95,90,5,5
9123,81,66,15,15
9124,81,76,5,5
9125,148,134,14,14
9126,94,82,12,12
9127,117,107,10,10
9128,47,46,1,1
9129,100,84,16,16
9130,133,113,20,20
9131,79,87,-8,8
9132,147,123,24,24
9133,62,62,0,0
9134,77,73,4,4
9135,154,124,30,30
9136,112,105,7,7
9137,65,60,5,5
9138,42,41,1,1
9139,114,94,20,20
9140,114,99,15,15
9141,77,64,13,13
9142,68,67,1,1
9143,84,75,9,9
9144,120,107,13,13
9145,132,117,15,15
9146,113,112,1,1
9147,86,74,12,12
9148,78,72,6,6
9149,73,84,-11,11
9150,68,57,11,11
9151,93,86,7,7
9152,113,107,6,6
9153,58,57,1,1
9154,63,62,1,1
9155,54,45,9,9
9156,123,94,29,29
9157,43,40,3,3
9158,82,68,14,14
9159,144,125,19,19
9160,73,70,3,3
9161,49,48,1,1
9162,103,88,15,15
9163,179,163,16,16
9164,106,94,12,12
9165,93,93,0,0
9166,135,127,8,8
9167,120,108,12,12
9168,130,113,17,17
9169,79,84,-5,5
9170,82,74,8,8
9171,55,54,1,1
9172,74,61,13,13
9173,153,132,21,21
9174,93,83,10,10
9175,107,94,13,13
9176,136,129,7,7
9177,88,81,7,7
9178,56,60,-4,4
9179,171,138,33,33
9180,115,99,16,16
9181,53,56,-3,3
9182,124,111,13,13
9183,117,94,23,23
9184,76,68,8,8
9185,168,144,24,24
9186,78,68,10,10
9187,42,39,3,3
9188,74,68,6,6
9189,156,123,33,33
9190,81,86,-5,5
9191,88,70,18,18
9192,169,139,30,30
9193,74,66,8,8
9194,108,96,12,12
9195,98,81,17,17
9196,175,169,6,6
9197,39,41,-2,2
9198,47,49,-2,2
9199,100,77,23,23
9200,105,85,20,20
9201,103,91,12,12
9202,114,101,13,13
9203,65,64,1,1
9204,70,61,9,9
9205,79,68,11,11
9206,96,90,6,6
9207,123,115,8,8
9208,94,82,12,12
9209,124,110,14,14
9210,102,86,16,16
9211,108,94,14,14
9212,78,75,3,3
9213,111,102,9,9
9214,84,81,3,3
9215,58,49,9,9
9216,124,106,18,18
9217,92,85,7,7
9218,75,72,3,3
9219,64,48,16,16
9220,89,75,14,14
9221,88,84,4,4
9222,58,61,-3,3
9223,116,104,12,12
9224,57,57,0,0
9225,98,86,12,12
9226,138,126,12,12
9227,87,81,6,6
9228,58,50,8,8
9229,141,116,25,25
9230,72,64,8,8
9231,63,66,-3,3
9232,173,142,31,31
9233,113,98,15,15
9234,114,101,13,13
9235,95,79,16,16
9236,80,77,3,3
9237,75,68,7,7
9238,113,100,13,13
9239,86,84,2,2
9240,54,54,0,0
9241,99,85,14,14
9242,149,125,24,24
9243,73,60,13,13
9244,86,70,16,16
9245,108,91,17,17
9246,74,66,8,8
9247,59,61,-2,2
9248,106,100,6,6
9249,158,126,32,32
9250,45,64,-19,19
9251,77,68,9,9
9252,116,114,2,2
9253,52,49,3,3
9254,93,92,1,1
9255,129,109,20,20
9256,63,62,1,1
9257,41,43,-2,2
9258,62,56,6,6
9259,168,146,22,22
9260,117,101,16,16
9261,142,119,23,23
9262,112,94,18,18
9263,101,86,15,15
9264,86,77,9,9
9265,77,71,6,6
9266,141,117,24,24
9267,80,84,-4,4
9268,107,104,3,3
9269,90,81,9,9
9270,65,66,-1,1
9271,57,50,7,7
9272,89,75,14,14
9273,63,57,6,6
9274,121,102,19,19
9275,108,93,15,15
9276,83,76,7,7
9277,116,102,14,14
9278,66,64,2,2
9279,128,117,11,11
9280,98,88,10,10
9281,76,72,4,4
9282,130,108,22,22
9283,55,55,0,0
9284,64,60,4,4
9285,107,106,1,1
9286,117,97,20,20
9287,124,109,15,15
9288,88,76,12,12
9289,44,42,2,2
9290,89,78,11,11
9291,82,78,4,4
9292,78,69,9,9
9293,63,59,4,4
9294,60,48,12,12
9295,55,51,4,4
9296,80,76,4,4
9297,56,53,3,3
9298,68,66,2,2
9299,177,156,21,21
9300,69,63,6,6
9301,63,61,2,2
9302,116,94,22,22
9303,96,89,7,7
9304,142,115,27,27
9305,85,74,11,11
9306,56,56,0,0
9307,91,81,10,10
9308,72,67,5,5
9309,69,71,-2,2
9310,114,91,23,23
9311,131,119,12,12
9312,70,69,1,1
9313,138,117,21,21
9314,103,90,13,13
9315,69,64,5,5
9316,97,87,10,10
9317,98,101,-3,3
9318,117,97,20,20
9319,95,91,4,4
9320,130,111,19,19
9321,174,141,33,33
9322,114,106,8,8
9323,87,85,2,2
9324,92,86,6,6
9325,57,55,2,2
9326,93,82,11,11
9327,90,83,7,7
9328,87,84,3,3
9329,87,81,6,6
9330,115,107,8,8
9331,103,97,6,6
9332,66,61,5,5
9333,95,81,14,14
9334,98,86,12,12
9335,82,71,11,11
9336,63,52,11,11
9337,39,44,-5,5
9338,60,61,-1,1
9339,112,96,16,16
9340,159,134,25,25
9341,41,43,-2,2
9342,96,84,12,12
9343,117,99,18,18
9344,69,65,4,4
9345,82,75,7,7
9346,125,99,26,26
9347,82,70,12,12
9348,65,66,-1,1
9349,92,77,15,15
9350,91,83,8,8
9351,91,79,12,12
9352,95,89,6,6
9353,28,37,-9,9
9354,64,57,7,7
9355,73,66,7,7
9356,122,96,26,26
9357,76,72,4,4
9358,82,69,13,13
9359,134,114,20,20
9360,118,99,19,19
9361,72,68,4,4
9362,96,107,-11,11
9363,176,144,32,32
9364,156,133,23,23
9365,64,83,-19,19
9366,99,97,2,2
9367,94,81,13,13
9368,84,70,14,14
9369,88,81,7,7
9370,144,128,16,16
9371,123,103,20,20
9372,99,95,4,4
9373,63,78,-15,15
9374,64,64,0,0
9375,141,120,21,21
9376,71,78,-7,7
9377,166,135,31,31
9378,118,100,18,18
9379,120,97,23,23
9380,145,115,30,30
9381,87,79,8,8
9382,90,82,8,8
9383,80,79,1,1
9384,125,111,14,14
9385,59,48,11,11
9386,171,142,29,29
9387,72,63,9,9
9388,121,96,25,25
9389,47,41,6,6
9390,73,75,-2,2
9391,124,95,29,29
9392,87,83,4,4
9393,95,84,11,11
9394,77,67,10,10
9395,167,147,20,20
9396,53,39,14,14
9397,89,77,12,12
9398,83,77,6,6
9399,77,78,-1,1
9400,127,109,18,18
9401,94,87,7,7
9402,95,76,19,19
9403,93,81,12,12
9404,74,66,8,8
9405,112,106,6,6
9406,117,95,22,22
9407,69,63,6,6
9408,88,77,11,11
9409,71,71,0,0
9410,57,46,11,11
9411,89,74,15,15
9412,98,99,-1,1
9413,123,108,15,15
9414,88,73,15,15
9415,136,110,26,26
9416,85,71,14,14
9417,93,84,9,9
9418,150,139,11,11
9419,50,49,1,1
9420,77,73,4,4
9421,87,83,4,4
9422,123,104,19,19
9423,71,67,4,4
9424,142,125,17,17
9425,78,72,6,6
9426,111,98,13,13
9427,54,67,-13,13
9428,66,66,0,0
9429,110,96,14,14
9430,96,84,12,12
9431,56,52,4,4
9432,17,25,-8,8
9433,84,74,10,10
9434,108,99,9,9
9435,103,80,23,23
9436,102,93,9,9
9437,81,83,-2,2
9438,125,111,14,14
9439,120,115,5,5
9440,89,78,11,11
9441,73,63,10,10
9442,110,96,14,14
9443,86,78,8,8
9444,94,87,7,7
9445,76,66,10,10
9446,72,62,10,10
9447,41,44,-3,3
9448,129,111,18,18
9449,80,71,9,9
9450,92,75,17,17
9451,208,163,45,45
9452,170,147,23,23
9453,88,80,8,8
9454,43,46,-3,3
9455,65,58,7,7
9456,52,52,0,0
9457,44,43,1,1
9458,96,92,4,4
9459,165,139,26,26
9460,92,75,17,17
9461,104,79,25,25
9462,131,116,15,15
9463,73,69,4,4
9464,131,104,27,27
9465,51,68,-17,17
9466,63,62,1,1
9467,107,102,5,5
9468,109,114,-5,5
9469,131,104,27,27
9470,96,82,14,14
9471,90,67,23,23
9472,60,61,-1,1
9473,106,94,12,12
9474,101,77,24,24
9475,67,62,5,5
9476,117,101,16,16
9477,76,81,-5,5
9478,78,66,12,12
9479,94,81,13,13
9480,95,85,10,10
9481,78,62,16,16
9482,133,118,15,15
9483,41,49,-8,8
9484,105,95,10,10
9485,102,88,14,14
9486,88,87,1,1
9487,106,98,8,8
9488,89,78,11,11
9489,98,118,-20,20
9490,128,110,18,18
9491,102,95,7,7
9492,132,120,12,12
9493,101,89,12,12
9494,144,123,21,21
9495,61,57,4,4
9496,61,59,2,2
9497,114,107,7,7
9498,125,110,15,15
9499,70,65,5,5
9500,83,74,9,9
9501,147,130,17,17
9502,97,89,8,8
9503,82,77,5,5
9504,87,72,15,15
9505,94,79,15,15
9506,54,61,-7,7
9507,71,69,2,2
9508,105,88,17,17
9509,87,80,7,7
9510,95,94,1,1
9511,71,68,3,3
9512,76,73,3,3
9513,123,108,15,15
9514,127,107,20,20
9515,84,84,0,0
9516,48,57,-9,9
9517,108,84,24,24
9518,157,117,40,40
9519,54,51,3,3
9520,100,80,20,20
9521,118,101,17,17
9522,57,55,2,2
9523,137,118,19,19
9524,80,75,5,5
9525,48,47,1,1
9526,49,41,8,8
9527,94,83,11,11
9528,101,86,15,15
9529,64,62,2,2
9530,114,112,2,2
9531,82,69,13,13
9532,62,62,0,0
9533,57,60,-3,3
9534,88,85,3,3
9535,92,88,4,4
9536,66,77,-11,11
9537,76,73,3,3
9538,59,52,7,7
9539,89,78,11,11
9540,63,58,5,5
9541,51,48,3,3
9542,123,107,16,16
9543,88,81,7,7
9544,59,61,-2,2
9545,66,60,6,6
9546,135,105,30,30
9547,54,54,0,0
9548,24,28,-4,4
9549,91,73,18,18
9550,166,141,25,25
9551,45,42,3,3
9552,95,78,17,17
9553,99,89,10,10
9554,70,72,-2,2
9555,81,66,15,15
9556,97,81,16,16
9557,75,79,-4,4
9558,55,57,-2,2
9559,86,83,3,3
9560,172,141,31,31
9561,65,70,-5,5
9562,174,138,36,36
9563,78,73,5,5
9564,81,78,3,3
9565,68,61,7,7
9566,74,61,13,13
9567,46,46,0,0
9568,119,112,7,7
9569,48,47,1,1
9570,112,105,7,7
9571,135,137,-2,2
9572,91,70,21,21
9573,103,85,18,18
9574,95,104,-9,9
9575,91,69,22,22
9576,201,154,47,47
9577,89,78,11,11
9578,71,60,11,11
9579,198,163,35,35
9580,93,76,17,17
9581,82,72,10,10
9582,132,112,20,20
9583,79,80,-1,1
9584,60,57,3,3
9585,72,74,-2,2
9586,107,101,6,6
9587,112,100,12,12
9588,99,96,3,3
9589,104,103,1,1
9590,68,62,6,6
9591,57,54,3,3
9592,47,48,-1,1
9593,96,82,14,14
9594,95,98,-3,3
9595,43,44,-1,1
9596,116,93,23,23
9597,65,66,-1,1
9598,106,82,24,24
9599,117,110,7,7
9600,96,83,13,13
9601,67,63,4,4
9602,100,81,19,19
9603,108,96,12,12
9604,103,92,11,11
9605,58,54,4,4
9606,88,78,10,10
9607,133,113,20,20
9608,161,139,22,22
9609,95,81,14,14
9610,99,79,20,20
9611,69,60,9,9
9612,112,96,16,16
9613,127,104,23,23
9614,66,61,5,5
9615,116,101,15,15
9616,105,99,6,6
9617,100,82,18,18
9618,93,84,9,9
9619,79,77,2,2
9620,121,100,21,21
9621,86,83,3,3
9622,88,73,15,15
9623,177,137,40,40
9624,67,58,9,9
9625,73,65,8,8
9626,105,88,17,17
9627,115,101,14,14
9628,141,121,20,20
9629,75,68,7,7
9630,58,55,3,3
9631,86,79,7,7
9632,137,114,23,23
9633,113,101,12,12
9634,92,79,13,13
9635,83,80,3,3
9636,103,105,-2,2
9637,145,116,29,29
9638,84,74,10,10
9639,123,114,9,9
9640,104,89,15,15
9641,61,57,4,4
9642,79,74,5,5
9643,90,102,-12,12
9644,115,103,12,12
9645,138,131,7,7
9646,80,72,8,8
9647,92,87,5,5
9648,126,107,19,19
9649,62,48,14,14
9650,81,74,7,7
9651,88,84,4,4
9652,90,85,5,5
9653,70,64,6,6
9654,113,99,14,14
9655,81,75,6,6
9656,70,74,-4,4
9657,87,75,12,12
9658,62,67,-5,5
9659,54,55,-1,1
9660,85,76,9,9
9661,76,66,10,10
9662,44,45,-1,1
9663,106,86,20,20
9664,116,106,10,10
9665,114,99,15,15
9666,156,134,22,22
9667,127,101,26,26
9668,61,55,6,6
9669,57,50,7,7
9670,128,111,17,17
9671,90,76,14,14
9672,113,96,17,17
9673,81,69,12,12
9674,48,54,-6,6
9675,47,45,2,2
9676,139,112,27,27
9677,154,132,22,22
9678,104,97,7,7
9679,97,87,10,10
9680,123,104,19,19
9681,68,53,15,15
9682,94,83,11,11
9683,77,77,0,0
9684,45,39,6,6
9685,78,71,7,7
9686,75,72,3,3
9687,79,69,10,10
9688,175,150,25,25
9689,117,98,19,19
9690,108,90,18,18
9691,106,100,6,6
9692,82,65,17,17
9693,112,93,19,19
9694,74,70,4,4
9695,117,104,13,13
9696,94,86,8,8
9697,226,187,39,39
9698,120,95,25,25
9699,40,39,1,1
9700,40,93,-53,53
9701,119,109,10,10
9702,51,52,-1,1
9703,61,56,5,5
9704,119,102,17,17
9705,97,78,19,19
9706,70,70,0,0
9707,101,82,19,19
9708,160,134,26,26
9709,88,76,12,12
9710,41,50,-9,9
9711,86,77,9,9
9712,76,75,1,1
9713,66,66,0,0
9714,110,101,9,9
9715,120,102,18,18
9716,97,88,9,9
9717,89,87,2,2
9718,117,103,14,14
9719,59,62,-3,3
9720,145,125,20,20
9721,84,69,15,15
9722,78,77,1,1
9723,65,58,7,7
9724,62,57,5,5
9725,114,102,12,12
9726,76,73,3,3
9727,51,51,0,0
9728,131,131,0,0
9729,162,151,11,11
9730,90,90,0,0
9731,95,88,7,7
9732,49,55,-6,6
9733,81,75,6,6
9734,103,87,16,16
9735,136,127,9,9
9736,116,103,13,13
9737,74,65,9,9
9738,54,60,-6,6
9739,110,102,8,8
9740,113,89,24,24
9741,142,107,35,35
9742,130,95,35,35
9743,156,128,28,28
9744,186,168,18,18
9745,70,63,7,7
9746,115,94,21,21
9747,149,114,35,35
9748,135,111,24,24
9749,72,61,11,11
9750,143,127,16,16
9751,190,156,34,34
9752,117,112,5,5
9753,124,93,31,31
9754,78,79,-1,1
9755,90,86,4,4
9756,49,44,5,5
9757,52,54,-2,2
9758,48,54,-6,6
9759,69,65,4,4
9760,69,68,1,1
9761,40,46,-6,6
9762,89,83,6,6
9763,85,75,10,10
9764,104,102,2,2
9765,130,114,16,16
9766,110,85,25,25
9767,136,114,22,22
9768,91,73,18,18
9769,83,78,5,5
9770,50,47,3,3
9771,104,94,10,10
9772,83,72,11,11
9773,114,100,14,14
9774,119,116,3,3
9775,88,77,11,11
9776,68,80,-12,12
9777,84,93,-9,9
9778,93,70,23,23
9779,56,56,0,0
9780,66,62,4,4
9781,60,58,2,2
9782,58,56,2,2
9783,142,120,22,22
9784,197,156,41,41
9785,53,51,2,2
9786,86,90,-4,4
9787,85,77,8,8
9788,153,120,33,33
9789,58,55,3,3
9790,78,68,10,10
9791,159,131,28,28
9792,129,114,15,15
9793,115,102,13,13
9794,64,58,6,6
9795,142,123,19,19
9796,83,73,10,10
9797,171,152,19,19
9798,137,117,20,20
9799,107,97,10,10
9800,101,80,21,21
9801,75,62,13,13
9802,103,88,15,15
9803,80,72,8,8
9804,51,51,0,0
9805,92,76,16,16
9806,88,78,10,10
9807,96,91,5,5
9808,140,112,28,28
9809,107,95,12,12
9810,59,59,0,0
9811,128,103,25,25
9812,80,71,9,9
9813,40,39,1,1
9814,139,123,16,16
9815,79,65,14,14
9816,89,74,15,15
9817,127,112,15,15
9818,132,110,22,22
9819,104,96,8,8
9820,100,87,13,13
9821,76,73,3,3
9822,182,134,48,48
9823,43,40,3,3
9824,56,52,4,4
9825,140,116,24,24
9826,98,90,8,8
9827,66,69,-3,3
9828,52,45,7,7
9829,100,86,14,14
9830,131,106,25,25
9831,47,30,17,17
9832,57,49,8,8
9833,58,57,1,1
9834,100,87,13,13
9835,143,136,7,7
9836,81,69,12,12
9837,130,98,32,32
9838,63,67,-4,4
9839,84,97,-13,13
9840,86,79,7,7
9841,118,103,15,15
9842,109,89,20,20
9843,176,158,18,18
9844,68,63,5,5
9845,102,94,8,8
9846,65,58,7,7
9847,88,82,6,6
9848,127,105,22,22
9849,56,48,8,8
9850,104,93,11,11
9851,105,82,23,23
9852,84,76,8,8
9853,27,60,-33,33
9854,95,88,7,7
9855,77,70,7,7
9856,192,171,21,21
9857,78,65,13,13
9858,122,109,13,13
9859,80,77,3,3
9860,94,73,21,21
9861,126,109,17,17
9862,44,49,-5,5
9863,73,72,1,1
9864,104,78,26,26
9865,71,63,8,8
9866,65,69,-4,4
9867,96,73,23,23
9868,116,93,23,23
9869,103,96,7,7
9870,129,111,18,18
9871,143,126,17,17
9872,100,104,-4,4
9873,133,109,24,24
9874,64,59,5,5
9875,121,109,12,12
9876,61,60,1,1
9877,55,55,0,0
9878,49,49,0,0
9879,86,76,10,10
9880,85,73,12,12
9881,61,55,6,6
9882,128,122,6,6
9883,91,70,21,21
9884,99,76,23,23
9885,92,80,12,12
9886,179,150,29,29
9887,114,90,24,24
9888,66,59,7,7
9889,78,77,1,1
9890,69,64,5,5
9891,121,104,17,17
9892,85,69,16,16
9893,110,113,-3,3
9894,92,88,4,4
9895,117,94,23,23
9896,174,144,30,30
9897,135,120,15,15
9898,64,54,10,10
9899,75,67,8,8
9900,97,97,0,0
9901,120,109,11,11
9902,102,87,15,15
9903,91,79,12,12
9904,70,68,2,2
9905,64,70,-6,6
9906,49,46,3,3
9907,94,98,-4,4
9908,71,71,0,0
9909,136,144,-8,8
9910,68,62,6,6
9911,122,105,17,17
9912,73,66,7,7
9913,114,102,12,12
9914,98,86,12,12
9915,104,90,14,14
9916,103,85,18,18
9917,108,91,17,17
9918,127,108,19,19
9919,130,121,9,9
9920,95,87,8,8
9921,89,73,16,16
9922,73,68,5,5
9923,157,124,33,33
9924,103,88,15,15
9925,105,92,13,13
9926,112,89,23,23
9927,109,90,19,19
9928,79,68,11,11
9929,92,98,-6,6
9930,72,60,12,12
9931,48,51,-3,3
9932,98,80,18,18
9933,111,103,8,8
9934,119,98,21,21
9935,139,109,30,30
9936,55,61,-6,6
9937,107,103,4,4
9938,135,128,7,7
9939,102,87,15,15
9940,88,83,5,5
9941,105,107,-2,2
9942,136,107,29,29
9943,82,76,6,6
9944,67,66,1,1
9945,123,106,17,17
9946,120,110,10,10
9947,94,92,2,2
9948,51,47,4,4
9949,95,78,17,17
9950,92,82,10,10
9951,154,112,42,42
9952,76,73,3,3
9953,59,52,7,7
9954,153,121,32,32
9955,66,67,-1,1
9956,96,91,5,5
9957,131,113,18,18
9958,81,72,9,9
9959,80,74,6,6
9960,59,57,2,2
9961,72,70,2,2
9962,148,128,20,20
9963,123,123,0,0
9964,72,68,4,4
9965,59,58,1,1
9966,145,123,22,22
9967,95,87,8,8
9968,125,105,20,20
9969,79,71,8,8
9970,79,74,5,5
9971,68,65,3,3
9972,135,122,13,13
9973,96,87,9,9
9974,64,57,7,7
9975,62,50,12,12
9976,102,90,12,12
9977,141,124,17,17
9978,82,70,12,12
9979,84,69,15,15
9980,85,81,4,4
9981,77,72,5,5
9982,107,90,17,17
9983,94,83,11,11
9984,84,66,18,18
9985,90,78,12,12
9986,127,106,21,21
9987,94,84,10,10
9988,142,145,-3,3
9989,88,85,3,3
9990,104,88,16,16
9991,66,64,2,2
9992,48,45,3,3
9993,76,65,11,11
9994,105,91,14,14
9995,62,51,11,11
9996,82,75,7,7
9997,123,112,11,11
9998,88,86,2,2
9999,68,60,8,8
10000,171,135,36,36
10001,134,113,21,21
10002,81,69,12,12
10003,66,65,1,1
10004,49,52,-3,3
10005,92,83,9,9
10006,121,106,15,15
10007,133,111,22,22
10008,147,120,27,27
10009,81,73,8,8
10010,69,67,2,2
10011,83,75,8,8
10012,88,77,11,11
10013,59,50,9,9
10014,91,86,5,5
10015,153,137,16,16
10016,114,94,20,20
10017,77,76,1,1
10018,85,67,18,18
10019,80,68,12,12
10020,74,68,6,6
10021,169,141,28,28
10022,108,97,11,11
10023,121,108,13,13
10024,83,82,1,1
10025,56,49,7,7
10026,74,68,6,6
10027,53,57,-4,4
10028,80,79,1,1
10029,79,75,4,4
10030,117,99,18,18
10031,174,146,28,28
10032,77,64,13,13
10033,114,92,22,22
10034,79,70,9,9
10035,158,130,28,28
10036,80,71,9,9
10037,90,105,-15,15
10038,111,96,15,15
10039,155,123,32,32
10040,55,52,3,3
10041,74,68,6,6
10042,62,62,0,0
10043,138,121,17,17
10044,143,134,9,9
10045,113,105,8,8
10046,100,96,4,4
10047,115,87,28,28
10048,49,46,3,3
10049,139,130,9,9
10050,114,108,6,6
10051,125,115,10,10
10052,61,56,5,5
10053,136,117,19,19
10054,77,67,10,10
10055,211,165,46,46
10056,66,54,12,12
10057,111,93,18,18
10058,122,111,11,11
10059,139,116,23,23
10060,121,99,22,22
10061,108,101,7,7
10062,85,82,3,3
10063,110,96,14,14
10064,62,67,-5,5
10065,107,92,15,15
10066,49,44,5,5
10067,82,73,9,9
10068,92,82,10,10
10069,59,55,4,4
10070,56,54,2,2
10071,105,86,19,19
10072,61,62,-1,1
10073,95,92,3,3
10074,56,57,-1,1
10075,148,128,20,20
10076,123,111,12,12
10077,111,108,3,3
10078,75,68,7,7
10079,139,132,7,7
10080,68,65,3,3
10081,90,76,14,14
10082,150,138,12,12
10083,133,104,29,29
10084,49,49,0,0
10085,62,58,4,4
10086,111,93,18,18
10087,117,103,14,14
10088,151,130,21,21
10089,100,88,12,12
10090,42,47,-5,5
10091,78,71,7,7
10092,48,52,-4,4
10093,118,94,24,24
10094,70,59,11,11
10095,117,116,1,1
10096,61,71,-10,10
10097,94,90,4,4
10098,78,71,7,7
10099,170,142,28,28
10100,68,62,6,6
10101,78,64,14,14
10102,47,46,1,1
10103,130,100,30,30
10104,80,68,12,12
10105,70,70,0,0
10106,49,48,1,1
10107,117,100,17,17
10108,86,81,5,5
10109,82,71,11,11
10110,54,50,4,4
10111,160,134,26,26
10112,78,82,-4,4
10113,82,74,8,8
10114,59,58,1,1
10115,115,97,18,18
10116,86,80,6,6
10117,119,97,22,22
10118,116,103,13,13
10119,90,87,3,3
10120,75,71,4,4
10121,81,74,7,7
10122,87,79,8,8
10123,108,91,17,17
10124,50,50,0,0
10125,53,52,1,1
10126,130,126,4,4
10127,125,102,23,23
10128,118,100,18,18
10129,112,100,12,12
10130,62,67,-5,5
10131,105,94,11,11
10132,90,86,4,4
10133,143,125,18,18
10134,58,54,4,4
10135,64,62,2,2
10136,108,90,18,18
10137,98,76,22,22
10138,136,121,15,15
10139,101,99,2,2
10140,85,82,3,3
10141,92,85,7,7
10142,144,118,26,26
10143,80,73,7,7
10144,110,87,23,23
10145,66,56,10,10
10146,73,65,8,8
10147,59,52,7,7
10148,88,81,7,7
10149,74,75,-1,1
10150,61,59,2,2
10151,125,102,23,23
10152,55,50,5,5
10153,115,100,15,15
10154,58,60,-2,2
10155,76,73,3,3
10156,137,126,11,11
10157,81,68,13,13
10158,116,101,15,15
10159,81,70,11,11
10160,94,81,13,13
10161,78,84,-6,6
10162,80,68,12,12
10163,99,87,12,12
10164,118,102,16,16
10165,137,115,22,22
10166,98,89,9,9
10167,71,62,9,9
10168,83,75,8,8
10169,132,126,6,6
10170,69,64,5,5
10171,119,104,15,15
10172,101,99,2,2
10173,92,85,7,7
10174,74,62,12,12
10175,95,87,8,8
10176,67,63,4,4
10177,50,54,-4,4
10178,106,88,18,18
10179,102,85,17,17
10180,359,235,124,124
10181,58,57,1,1
10182,94,79,15,15
10183,90,73,17,17
10184,88,74,14,14
10185,105,86,19,19
10186,75,69,6,6
10187,89,80,9,9
10188,86,73,13,13
10189,133,113,20,20
10190,35,40,-5,5
10191,88,73,15,15
10192,177,144,33,33
10193,100,87,13,13
10194,65,57,8,8
10195,104,89,15,15
10196,67,57,10,10
10197,86,78,8,8
10198,123,102,21,21
10199,108,93,15,15
10200,84,74,10,10
10201,54,58,-4,4
10202,95,86,9,9
10203,86,75,11,11
10204,70,75,-5,5
10205,84,72,12,12
10206,107,91,16,16
10207,45,45,0,0
10208,85,77,8,8
10209,79,75,4,4
10210,125,110,15,15
10211,92,80,12,12
10212,74,70,4,4
10213,139,126,13,13
10214,84,72,12,12
10215,103,106,-3,3
10216,60,66,-6,6
10217,78,76,2,2
10218,69,49,20,20
10219,131,118,13,13
10220,102,88,14,14
10221,69,65,4,4
10222,58,58,0,0
10223,43,43,0,0
10224,29,37,-8,8
10225,86,78,8,8
10226,114,102,12,12
10227,38,46,-8,8
10228,113,108,5,5
10229,74,78,-4,4
10230,67,62,5,5
10231,221,185,36,36
10232,103,88,15,15
10233,224,188,36,36
10234,82,90,-8,8
10235,104,88,16,16
10236,115,93,22,22
10237,70,75,-5,5
10238,92,83,9,9
10239,118,104,14,14
10240,159,126,33,33
10241,124,100,24,24
10242,165,125,40,40
10243,118,105,13,13
10244,79,68,11,11
10245,113,95,18,18
10246,61,59,2,2
10247,112,96,16,16
10248,68,61,7,7
10249,71,69,2,2
10250,127,109,18,18
10251,82,74,8,8
10252,63,57,6,6
10253,189,175,14,14
10254,73,78,-5,5
10255,76,64,12,12
10256,99,95,4,4
10257,131,114,17,17
10258,88,80,8,8
10259,61,60,1,1
10260,135,119,16,16
10261,52,50,2,2
10262,114,102,12,12
10263,82,76,6,6
10264,106,91,15,15
10265,102,102,0,0
10266,105,103,2,2
10267,77,75,2,2
10268,66,58,8,8
10269,129,108,21,21
10270,73,66,7,7
10271,77,70,7,7
10272,70,61,9,9
10273,40,40,0,0
10274,55,62,-7,7
10275,130,116,14,14
10276,168,139,29,29
10277,76,61,15,15
10278,136,116,20,20
10279,104,99,5,5
10280,52,54,-2,2
10281,151,126,25,25
10282,74,68,6,6
10283,60,61,-1,1
10284,90,79,11,11
10285,81,68,13,13
10286,118,104,14,14
10287,96,86,10,10
10288,96,81,15,15
10289,151,136,15,15
10290,125,106,19,19
10291,73,63,10,10
10292,107,90,17,17
10293,113,101,12,12
10294,118,110,8,8
10295,71,72,-1,1
10296,68,62,6,6
10297,65,63,2,2
10298,48,54,-6,6
10299,73,68,5,5
10300,86,97,-11,11
10301,45,46,-1,1
10302,87,77,10,10
10303,113,96,17,17
10304,137,118,19,19
10305,114,100,14,14
10306,61,58,3,3
10307,106,82,24,24
10308,128,119,9,9
10309,111,99,12,12
10310,100,87,13,13
10311,100,87,13,13
10312,133,123,10,10
10313,96,86,10,10
10314,133,122,11,11
10315,130,116,14,14
10316,78,74,4,4
10317,130,102,28,28
10318,110,111,-1,1
10319,75,74,1,1
10320,144,132,12,12
10321,81,78,3,3
10322,63,65,-2,2
10323,122,111,11,11
10324,119,117,2,2
10325,99,94,5,5
10326,111,96,15,15
10327,143,114,29,29
10328,104,106,-2,2
10329,93,79,14,14
10330,72,72,0,0
10331,79,76,3,3
10332,128,123,5,5
10333,99,85,14,14
10334,76,75,1,1
10335,100,91,9,9
10336,70,61,9,9
10337,148,131,17,17
10338,68,60,8,8
10339,100,101,-1,1
10340,74,83,-9,9
10341,86,78,8,8
10342,93,78,15,15
10343,138,107,31,31
10344,149,141,8,8
10345,65,55,10,10
10346,89,82,7,7
10347,117,83,34,34
10348,98,79,19,19
10349,127,112,15,15
10350,106,90,16,16
10351,68,57,11,11
10352,160,122,38,38
10353,83,79,4,4
10354,129,106,23,23
10355,117,93,24,24
10356,74,73,1,1
10357,101,88,13,13
10358,113,95,18,18
10359,121,101,20,20
10360,122,113,9,9
10361,117,101,16,16
10362,131,119,12,12
10363,68,56,12,12
10364,86,85,1,1
10365,97,82,15,15
10366,125,109,16,16
10367,65,64,1,1
10368,49,42,7,7
10369,81,74,7,7
10370,103,94,9,9
10371,110,92,18,18
10372,86,81,5,5
10373,103,90,13,13
10374,103,96,7,7
10375,59,54,5,5
10376,119,97,22,22
10377,40,36,4,4
10378,102,92,10,10
10379,120,100,20,20
10380,103,95,8,8
10381,101,89,12,12
10382,106,94,12,12
10383,110,102,8,8
10384,82,69,13,13
10385,88,73,15,15
10386,174,155,19,19
10387,99,80,19,19
10388,66,61,5,5
10389,105,102,3,3
10390,59,54,5,5
10391,128,100,28,28
10392,53,58,-5,5
10393,123,116,7,7
10394,88,74,14,14
10395,80,72,8,8
10396,72,77,-5,5
10397,73,71,2,2
10398,60,58,2,2
10399,88,77,11,11
10400,82,71,11,11
10401,156,128,28,28
10402,163,127,36,36
10403,73,63,10,10
10404,105,86,19,19
10405,137,112,25,25
10406,74,69,5,5
10407,85,71,14,14
10408,71,67,4,4
10409,56,58,-2,2
10410,95,83,12,12
10411,48,44,4,4
10412,113,104,9,9
10413,96,86,10,10
10414,111,94,17,17
10415,80,108,-28,28
10416,44,45,-1,1
10417,73,64,9,9
10418,132,99,33,33
10419,100,79,21,21
10420,126,104,22,22
10421,77,77,0,0
10422,81,81,0,0
10423,68,58,10,10
10424,73,82,-9,9
10425,100,98,2,2
10426,98,79,19,19
10427,60,55,5,5
10428,110,96,14,14
10429,102,89,13,13
10430,75,66,9,9
10431,138,127,11,11
10432,81,71,10,10
10433,108,104,4,4
10434,148,121,27,27
10435,59,52,7,7
10436,88,83,5,5
10437,104,82,22,22
10438,72,60,12,12
10439,82,76,6,6
10440,93,84,9,9
10441,93,78,15,15
10442,160,139,21,21
10443,129,111,18,18
10444,113,107,6,6
10445,116,89,27,27
10446,119,105,14,14
10447,86,75,11,11
10448,44,41,3,3
10449,76,63,13,13
10450,61,60,1,1
10451,80,78,2,2
10452,99,81,18,18
10453,87,90,-3,3
10454,117,103,14,14
10455,50,66,-16,16
10456,150,121,29,29
10457,123,101,22,22
10458,100,75,25,25
10459,147,124,23,23
10460,185,164,21,21
10461,59,56,3,3
10462,81,68,13,13
10463,61,68,-7,7
10464,126,108,18,18
10465,82,75,7,7
10466,100,87,13,13
10467,81,69,12,12
10468,39,41,-2,2
10469,77,65,12,12
10470,51,49,2,2
10471,98,97,1,1
10472,133,131,2,2
10473,80,73,7,7
10474,151,117,34,34
10475,88,72,16,16
10476,55,48,7,7
10477,72,72,0,0
10478,75,77,-2,2
10479,77,65,12,12
10480,81,66,15,15
10481,144,126,18,18
10482,121,94,27,27
10483,57,49,8,8
10484,69,67,2,2
10485,99,90,9,9
10486,64,63,1,1
10487,130,100,30,30
10488,106,98,8,8
10489,72,66,6,6
10490,67,67,0,0
10491,68,61,7,7
10492,79,76,3,3
10493,81,75,6,6
10494,69,65,4,4
10495,67,61,6,6
10496,73,66,7,7
10497,39,46,-7,7
10498,112,106,6,6
10499,71,67,4,4
10500,132,109,23,23
10501,133,122,11,11
10502,95,83,12,12
10503,112,95,17,17
10504,112,89,23,23
10505,99,103,-4,4
10506,71,71,0,0
10507,127,121,6,6
10508,89,87,2,2
10509,87,79,8,8
10510,124,101,23,23
10511,66,62,4,4
10512,92,89,3,3
10513,80,70,10,10
10514,94,86,8,8
10515,146,131,15,15
10516,139,123,16,16
10517,136,117,19,19
10518,63,56,7,7
10519,54,54,0,0
10520,171,141,30,30
10521,91,76,15,15
10522,170,133,37,37
10523,147,124,23,23
10524,70,62,8,8
10525,140,125,15,15
10526,117,104,13,13
10527,72,65,7,7
10528,132,111,21,21
10529,63,58,5,5
10530,102,95,7,7
10531,81,77,4,4
10532,90,82,8,8
10533,87,82,5,5
10534,127,109,18,18
10535,56,58,-2,2
10536,44,42,2,2
10537,122,103,19,19
10538,111,97,14,14
10539,66,63,3,3
10540,110,102,8,8
10541,101,94,7,7
10542,119,111,8,8
10543,75,75,0,0
10544,65,57,8,8
10545,55,54,1,1
10546,76,76,0,0
10547,70,65,5,5
10548,157,163,-6,6
10549,27,36,-9,9
10550,83,72,11,11
10551,125,105,20,20
10552,95,92,3,3
10553,86,71,15,15
10554,116,106,10,10
10555,66,61,5,5
10556,144,142,2,2
10557,96,91,5,5
10558,94,86,8,8
10559,37,41,-4,4
10560,195,160,35,35
10561,108,95,13,13
10562,130,117,13,13
10563,78,73,5,5
10564,57,57,0,0
10565,72,60,12,12
10566,57,63,-6,6
10567,90,91,-1,1
10568,67,55,12,12
10569,157,138,19,19
10570,57,58,-1,1
10571,94,85,9,9
10572,69,68,1,1
10573,86,76,10,10
10574,58,58,0,0
10575,105,93,12,12
10576,74,66,8,8
10577,116,111,5,5
10578,78,67,11,11
10579,115,98,17,17
10580,64,59,5,5
10581,127,106,21,21
10582,77,70,7,7
10583,99,85,14,14
10584,68,67,1,1
10585,101,102,-1,1
10586,88,76,12,12
10587,121,108,13,13
10588,100,88,12,12
10589,87,65,22,22
10590,80,67,13,13
10591,43,44,-1,1
10592,103,99,4,4
10593,149,124,25,25
10594,67,67,0,0
10595,110,103,7,7
10596,127,103,24,24
10597,55,55,0,0
10598,133,115,18,18
10599,82,76,6,6
10600,45,41,4,4
10601,59,59,0,0
10602,120,104,16,16
10603,103,99,4,4
10604,145,127,18,18
10605,119,109,10,10
10606,75,75,0,0
10607,74,65,9,9
10608,109,101,8,8
10609,148,128,20,20
10610,80,73,7,7
10611,68,62,6,6
10612,116,107,9,9
10613,114,94,20,20
10614,100,92,8,8
10615,72,67,5,5
10616,119,118,1,1
10617,96,77,19,19
10618,58,58,0,0
10619,132,124,8,8
10620,169,150,19,19
10621,70,64,6,6
10622,90,74,16,16
10623,93,79,14,14
10624,107,114,-7,7
10625,124,104,20,20
10626,43,42,1,1
10627,102,88,14,14
10628,107,96,11,11
10629,61,60,1,1
10630,62,62,0,0
10631,72,63,9,9
10632,129,107,22,22
10633,74,63,11,11
10634,81,69,12,12
10635,107,87,20,20
10636,79,70,9,9
10637,43,38,5,5
10638,72,67,5,5
10639,102,79,23,23
10640,93,80,13,13
10641,90,79,11,11
10642,66,53,13,13
10643,125,111,14,14
10644,73,65,8,8
10645,78,65,13,13
10646,49,47,2,2
10647,81,67,14,14
10648,74,73,1,1
10649,78,69,9,9
10650,82,74,8,8
10651,92,97,-5,5
10652,110,83,27,27
10653,96,82,14,14
10654,83,77,6,6
10655,143,124,19,19
10656,88,71,17,17
10657,111,99,12,12
10658,54,48,6,6
10659,66,63,3,3
10660,68,73,-5,5
10661,57,59,-2,2
10662,169,132,37,37
10663,63,66,-3,3
10664,131,129,2,2
10665,102,88,14,14
10666,47,50,-3,3
10667,58,59,-1,1
10668,127,108,19,19
10669,100,88,12,12
10670,109,104,5,5
10671,109,93,16,16
10672,92,81,11,11
10673,93,83,10,10
10674,64,56,8,8
10675,95,89,6,6
10676,97,81,16,16
10677,87,83,4,4
10678,65,68,-3,3
10679,84,76,8,8
10680,140,107,33,33
10681,88,76,12,12
10682,56,48,8,8
10683,131,115,16,16
10684,107,90,17,17
10685,93,77,16,16
10686,125,103,22,22
10687,204,167,37,37
10688,128,104,24,24
10689,80,69,11,11
10690,161,159,2,2
10691,114,99,15,15
10692,96,71,25,25
10693,79,74,5,5
10694,60,54,6,6
10695,176,147,29,29
10696,41,42,-1,1
10697,50,49,1,1
10698,45,40,5,5
10699,168,132,36,36
10700,65,61,4,4
10701,57,45,12,12
10702,98,89,9,9
10703,77,69,8,8
10704,84,72,12,12
10705,76,75,1,1
10706,75,78,-3,3
10707,93,90,3,3
10708,71,99,-28,28
10709,87,73,14,14
10710,65,61,4,4
10711,130,107,23,23
10712,74,57,17,17
10713,34,38,-4,4
10714,129,98,31,31
10715,114,105,9,9
10716,70,61,9,9
10717,50,55,-5,5
10718,93,81,12,12
10719,55,53,2,2
10720,94,74,20,20
10721,46,37,9,9
10722,50,43,7,7
10723,104,84,20,20
10724,118,107,11,11
10725,102,87,15,15
10726,84,76,8,8
10727,165,155,10,10
10728,97,88,9,9
10729,92,84,8,8
10730,89,68,21,21
10731,76,69,7,7
10732,75,85,-10,10
10733,142,120,22,22
10734,96,85,11,11
10735,145,133,12,12
10736,87,79,8,8
10737,64,59,5,5
10738,48,58,-10,10
10739,94,83,11,11
10740,69,60,9,9
10741,66,54,12,12
10742,131,108,23,23
10743,98,83,15,15
10744,94,90,4,4
10745,65,60,5,5
10746,89,84,5,5
10747,128,103,25,25
10748,144,131,13,13
10749,53,58,-5,5
10750,108,99,9,9
10751,29,40,-11,11
10752,58,53,5,5
10753,94,92,2,2
10754,74,63,11,11
10755,133,116,17,17
10756,75,67,8,8
10757,87,71,16,16
10758,133,118,15,15
10759,74,62,12,12
10760,80,72,8,8
10761,52,50,2,2
10762,116,102,14,14
10763,158,135,23,23
10764,224,181,43,43
10765,97,90,7,7
10766,128,106,22,22
10767,102,91,11,11
10768,114,92,22,22
10769,41,41,0,0
10770,86,80,6,6
10771,42,44,-2,2
10772,111,95,16,16
10773,142,127,15,15
10774,68,69,-1,1
10775,65,63,2,2
10776,116,106,10,10
10777,91,77,14,14
10778,157,138,19,19
10779,140,118,22,22
10780,126,103,23,23
10781,77,71,6,6
10782,86,80,6,6
10783,102,92,10,10
10784,95,83,12,12
10785,64,58,6,6
10786,103,89,14,14
10787,55,59,-4,4
10788,77,73,4,4
10789,160,134,26,26
10790,58,57,1,1
10791,191,168,23,23
10792,121,113,8,8
10793,77,63,14,14
10794,161,136,25,25
10795,65,59,6,6
10796,80,84,-4,4
10797,77,72,5,5
10798,67,68,-1,1
10799,51,48,3,3
10800,76,69,7,7
10801,155,127,28,28
10802,96,78,18,18
10803,65,60,5,5
10804,98,86,12,12
10805,101,88,13,13
10806,49,43,6,6
10807,112,104,8,8
10808,81,61,20,20
10809,49,48,1,1
10810,65,57,8,8
10811,90,77,13,13
10812,126,104,22,22
10813,48,48,0,0
10814,120,114,6,6
10815,55,54,1,1
10816,75,79,-4,4
10817,83,85,-2,2
10818,135,112,23,23
10819,131,115,16,16
10820,117,110,7,7
10821,88,72,16,16
10822,92,84,8,8
10823,90,89,1,1
10824,98,93,5,5
10825,101,84,17,17
10826,138,121,17,17
10827,84,80,4,4
10828,104,96,8,8
10829,98,100,-2,2
10830,87,81,6,6
10831,102,95,7,7
10832,81,75,6,6
10833,75,70,5,5
10834,145,116,29,29
10835,114,99,15,15
10836,63,59,4,4
10837,51,51,0,0
10838,109,97,12,12
10839,69,63,6,6
10840,87,89,-2,2
10841,72,64,8,8
10842,114,102,12,12
10843,96,75,21,21
10844,140,128,12,12
10845,171,144,27,27
10846,97,87,10,10
10847,77,70,7,7
10848,125,98,27,27
10849,75,68,7,7
10850,98,92,6,6
10851,118,105,13,13
10852,120,101,19,19
10853,69,63,6,6
10854,57,56,1,1
10855,129,108,21,21
10856,127,113,14,14
10857,81,74,7,7
10858,102,90,12,12
10859,154,128,26,26
10860,116,94,22,22
10861,47,45,2,2
10862,124,107,17,17
10863,124,104,20,20
10864,138,115,23,23
10865,82,83,-1,1
10866,120,101,19,19
10867,114,93,21,21
10868,90,83,7,7
10869,88,73,15,15
10870,53,53,0,0
10871,84,72,12,12
10872,80,73,7,7
10873,147,125,22,22
10874,79,77,2,2
10875,115,99,16,16
10876,80,71,9,9
10877,117,101,16,16
10878,123,106,17,17
10879,54,56,-2,2
10880,93,82,11,11
10881,145,124,21,21
10882,128,119,9,9
10883,73,66,7,7
10884,51,45,6,6
10885,65,59,6,6
10886,102,99,3,3
10887,95,94,1,1
10888,58,51,7,7
10889,49,55,-6,6
10890,113,98,15,15
10891,121,110,11,11
10892,148,127,21,21
10893,139,127,12,12
10894,96,97,-1,1
10895,143,120,23,23
10896,92,88,4,4
10897,78,70,8,8
10898,11,30,-19,19
10899,66,65,1,1
10900,79,69,10,10
10901,70,65,5,5
10902,67,66,1,1
10903,77,70,7,7
10904,144,124,20,20
10905,84,79,5,5
10906,50,45,5,5
10907,79,66,13,13
10908,90,90,0,0
10909,62,54,8,8
10910,134,130,4,4
10911,110,84,26,26
10912,78,102,-24,24
10913,142,114,28,28
10914,79,76,3,3
10915,143,122,21,21
10916,80,80,0,0
10917,37,36,1,1
10918,70,60,10,10
10919,96,93,3,3
10920,135,123,12,12
10921,76,67,9,9
10922,181,151,30,30
10923,105,99,6,6
10924,49,47,2,2
10925,65,67,-2,2
10926,139,119,20,20
10927,38,38,0,0
10928,83,73,10,10
10929,56,57,-1,1
10930,120,95,25,25
10931,109,101,8,8
10932,160,135,25,25
10933,117,113,4,4
10934,92,90,2,2
10935,99,88,11,11
10936,114,102,12,12
10937,70,56,14,14
10938,93,88,5,5
10939,112,90,22,22
10940,118,100,18,18
10941,72,60,12,12
10942,51,53,-2,2
10943,119,91,28,28
10944,85,73,12,12
10945,101,109,-8,8
10946,78,75,3,3
10947,75,66,9,9
10948,69,72,-3,3
10949,120,102,18,18
10950,72,65,7,7
10951,64,70,-6,6
10952,80,71,9,9
10953,80,78,2,2
10954,75,67,8,8
10955,76,66,10,10
10956,157,125,32,32
10957,80,86,-6,6
10958,117,102,15,15
10959,103,84,19,19
10960,129,99,30,30
10961,139,119,20,20
10962,98,84,14,14
10963,87,75,12,12
10964,165,127,38,38
10965,73,71,2,2
10966,137,119,18,18
10967,150,135,15,15
10968,74,76,-2,2
10969,157,130,27,27
10970,82,89,-7,7
10971,74,63,11,11
10972,37,44,-7,7
10973,95,83,12,12
10974,104,88,16,16
10975,124,112,12,12
10976,37,46,-9,9
10977,80,102,-22,22
10978,80,81,-1,1
10979,88,75,13,13
10980,147,110,37,37
10981,65,65,0,0
10982,101,89,12,12
10983,93,82,11,11
10984,71,66,5,5
10985,64,53,11,11
10986,71,68,3,3
10987,60,63,-3,3
10988,64,73,-9,9
10989,55,54,1,1
10990,48,68,-20,20
10991,141,115,26,26
10992,95,84,11,11
10993,58,57,1,1
10994,95,82,13,13
10995,71,68,3,3
10996,89,78,11,11
10997,125,107,18,18
10998,170,155,15,15
10999,153,138,15,15
11000,84,77,7,7
11001,137,123,14,14
11002,81,68,13,13
11003,77,88,-11,11
11004,75,73,2,2
11005,110,96,14,14
11006,53,49,4,4
11007,92,78,14,14
11008,105,104,1,1
11009,55,55,0,0
11010,85,90,-5,5
11011,141,115,26,26
11012,126,119,7,7
11013,82,74,8,8
11014,124,108,16,16
11015,76,84,-8,8
11016,126,98,28,28
11017,56,54,2,2
11018,65,60,5,5
11019,91,89,2,2
11020,65,64,1,1
11021,84,80,4,4
11022,95,85,10,10
11023,109,85,24,24
11024,74,63,11,11
11025,60,50,10,10
11026,65,54,11,11
11027,77,71,6,6
11028,79,71,8,8
11029,65,59,6,6
11030,110,100,10,10
11031,116,113,3,3
11032,67,62,5,5
11033,83,76,7,7
11034,120,98,22,22
11035,157,117,40,40
11036,123,105,18,18
11037,80,71,9,9
11038,99,93,6,6
11039,88,73,15,15
11040,67,75,-8,8
11041,134,114,20,20
11042,76,66,10,10
11043,96,96,0,0
11044,83,82,1,1
11045,57,59,-2,2
11046,93,80,13,13
11047,60,56,4,4
11048,85,76,9,9
11049,62,66,-4,4
11050,110,99,11,11
11051,108,100,8,8
11052,66,59,7,7
11053,67,79,-12,12
11054,71,63,8,8
11055,79,69,10,10
11056,145,133,12,12
11057,62,65,-3,3
11058,60,63,-3,3
11059,126,112,14,14
11060,120,109,11,11
11061,67,62,5,5
11062,96,86,10,10
11063,54,47,7,7
11064,66,57,9,9
11065,101,89,12,12
11066,83,69,14,14
11067,120,98,22,22
11068,186,162,24,24
11069,72,67,5,5
11070,91,88,3,3
11071,158,129,29,29
11072,67,65,2,2
11073,118,90,28,28
11074,63,53,10,10
11075,105,87,18,18
11076,124,98,26,26
11077,108,78,30,30
11078,121,99,22,22
11079,39,37,2,2
11080,90,82,8,8
11081,218,201,17,17
11082,71,72,-1,1
11083,81,78,3,3
11084,61,54,7,7
11085,86,72,14,14
11086,59,54,5,5
11087,168,153,15,15
11088,86,88,-2,2
11089,104,99,5,5
11090,89,83,6,6
11091,80,70,10,10
11092,81,70,11,11
11093,87,72,15,15
11094,119,100,19,19
11095,136,115,21,21
11096,113,93,20,20
11097,68,72,-4,4
11098,86,69,17,17
11099,103,92,11,11
11100,72,71,1,1
11101,142,127,15,15
11102,172,165,7,7
11103,166,143,23,23
11104,96,100,-4,4
11105,106,98,8,8
11106,125,105,20,20
11107,125,104,21,21
11108,75,92,-17,17
11109,94,79,15,15
11110,103,94,9,9
11111,58,56,2,2
11112,81,69,12,12
11113,133,105,28,28
11114,122,105,17,17
11115,99,95,4,4
11116,67,60,7,7
11117,126,108,18,18
11118,91,79,12,12
11119,73,68,5,5
11120,89,84,5,5
11121,124,127,-3,3
11122,68,56,12,12
11123,126,110,16,16
11124,76,72,4,4
11125,167,133,34,34
11126,36,38,-2,2
11127,137,115,22,22
11128,93,81,12,12
11129,115,102,13,13
11130,125,105,20,20
11131,79,71,8,8
11132,59,55,4,4
11133,90,84,6,6
11134,73,68,5,5
11135,74,65,9,9
11136,111,93,18,18
11137,129,112,17,17
11138,80,74,6,6
11139,97,82,15,15
11140,83,71,12,12
11141,129,111,18,18
11142,120,107,13,13
11143,93,76,17,17
11144,95,95,0,0
11145,101,85,16,16
11146,93,83,10,10
11147,112,113,-1,1
11148,103,93,10,10
11149,60,64,-4,4
11150,95,96,-1,1
11151,62,52,10,10
11152,69,65,4,4
11153,83,90,-7,7
11154,53,42,11,11
11155,98,83,15,15
11156,101,98,3,3
11157,73,79,-6,6
11158,94,93,1,1
11159,55,52,3,3
11160,93,107,-14,14
11161,70,65,5,5
11162,102,96,6,6
11163,75,63,12,12
11164,77,60,17,17
11165,96,85,11,11
11166,93,93,0,0
11167,78,77,1,1
11168,155,129,26,26
11169,94,85,9,9
11170,66,60,6,6
11171,71,78,-7,7
11172,96,83,13,13
11173,143,127,16,16
11174,60,57,3,3
11175,79,76,3,3
11176,93,85,8,8
11177,126,107,19,19
11178,128,109,19,19
11179,103,83,20,20
11180,95,82,13,13
11181,86,91,-5,5
11182,95,80,15,15
11183,68,61,7,7
11184,102,94,8,8
11185,74,68,6,6
11186,94,105,-11,11
11187,83,61,22,22
11188,107,91,16,16
11189,65,58,7,7
11190,66,71,-5,5
11191,113,100,13,13
11192,164,132,32,32
11193,60,59,1,1
11194,139,138,1,1
11195,96,92,4,4
11196,87,69,18,18
11197,113,98,15,15
11198,180,154,26,26
11199,106,89,17,17
11200,73,67,6,6
11201,121,111,10,10
11202,125,109,16,16
11203,62,58,4,4
11204,56,48,8,8
11205,81,71,10,10
11206,103,88,15,15
11207,107,88,19,19
11208,70,60,10,10
11209,107,91,16,16
11210,167,186,-19,19
11211,72,57,15,15
11212,123,101,22,22
11213,178,164,14,14
11214,142,131,11,11
11215,138,111,27,27
11216,148,121,27,27
11217,141,123,18,18
11218,119,111,8,8
11219,67,63,4,4
11220,126,124,2,2
11221,35,57,-22,22
11222,86,80,6,6
11223,82,85,-3,3
11224,135,146,-11,11
11225,111,92,19,19
11226,145,130,15,15
11227,99,74,25,25
11228,69,67,2,2
11229,81,90,-9,9
11230,58,51,7,7
11231,58,60,-2,2
11232,141,110,31,31
11233,75,65,10,10
11234,108,101,7,7
11235,128,122,6,6
11236,87,91,-4,4
11237,90,87,3,3
11238,133,117,16,16
11239,73,64,9,9
11240,63,57,6,6
11241,73,68,5,5
11242,136,128,8,8
11243,105,89,16,16
11244,60,58,2,2
11245,102,85,17,17
11246,100,88,12,12
11247,57,55,2,2
11248,71,67,4,4
11249,76,68,8,8
11250,58,57,1,1
11251,204,170,34,34
11252,96,83,13,13
11253,113,92,21,21
11254,114,87,27,27
11255,138,115,23,23
11256,79,79,0,0
11257,142,114,28,28
11258,109,91,18,18
11259,141,124,17,17
11260,73,65,8,8
11261,89,67,22,22
11262,85,81,4,4
11263,159,130,29,29
11264,107,91,16,16
11265,68,67,1,1
11266,79,76,3,3
11267,109,98,11,11
11268,78,65,13,13
11269,61,58,3,3
11270,102,95,7,7
11271,140,126,14,14
11272,156,133,23,23
11273,155,135,20,20
11274,118,96,22,22
11275,85,73,12,12
11276,162,137,25,25
11277,105,94,11,11
11278,100,90,10,10
11279,102,84,18,18
11280,130,106,24,24
11281,55,55,0,0
11282,69,70,-1,1
11283,89,74,15,15
11284,39,45,-6,6
11285,139,124,15,15
11286,94,84,10,10
11287,79,64,15,15
11288,171,145,26,26
11289,139,120,19,19
11290,85,82,3,3
11291,86,77,9,9
11292,114,96,18,18
11293,134,108,26,26
11294,51,50,1,1
11295,47,50,-3,3
11296,56,57,-1,1
11297,72,65,7,7
11298,96,92,4,4
11299,143,128,15,15
11300,115,90,25,25
11301,99,96,3,3
11302,91,88,3,3
11303,85,81,4,4
11304,151,114,37,37
11305,42,50,-8,8
11306,125,105,20,20
11307,41,66,-25,25
11308,137,109,28,28
11309,100,82,18,18
11310,143,110,33,33
11311,174,151,23,23
11312,81,69,12,12
11313,106,93,13,13
11314,150,119,31,31
11315,66,64,2,2
11316,119,102,17,17
11317,133,105,28,28
11318,58,60,-2,2
11319,90,86,4,4
11320,111,99,12,12
11321,157,130,27,27
11322,106,95,11,11
11323,121,101,20,20
11324,61,57,4,4
11325,111,96,15,15
11326,88,80,8,8
11327,81,76,5,5
11328,93,82,11,11
11329,77,70,7,7
11330,163,124,39,39
11331,104,94,10,10
11332,76,64,12,12
11333,52,49,3,3
11334,87,85,2,2
11335,104,87,17,17
11336,62,55,7,7
11337,112,103,9,9
11338,76,75,1,1
11339,129,115,14,14
11340,106,106,0,0
11341,63,60,3,3
11342,87,79,8,8
11343,106,99,7,7
11344,86,69,17,17
11345,88,77,11,11
11346,89,80,9,9
11347,71,63,8,8
11348,116,92,24,24
11349,55,53,2,2
11350,83,84,-1,1
11351,64,60,4,4
11352,71,64,7,7
11353,128,107,21,21
11354,57,54,3,3
11355,127,110,17,17
11356,47,44,3,3
11357,94,79,15,15
11358,60,51,9,9
11359,60,63,-3,3
11360,55,58,-3,3
11361,97,92,5,5
11362,82,77,5,5
11363,109,95,14,14
11364,111,94,17,17
11365,61,57,4,4
11366,70,67,3,3
11367,79,70,9,9
11368,107,95,12,12
11369,89,76,13,13
11370,60,54,6,6
11371,147,130,17,17
11372,83,77,6,6
11373,104,92,12,12
11374,134,123,11,11
11375,88,79,9,9
11376,35,37,-2,2
11377,117,115,2,2
11378,78,72,6,6
11379,149,120,29,29
11380,85,78,7,7
11381,97,88,9,9
11382,115,110,5,5
11383,109,87,22,22
11384,81,72,9,9
11385,81,86,-5,5
11386,93,91,2,2
11387,123,117,6,6
11388,95,86,9,9
11389,102,85,17,17
11390,57,51,6,6
11391,179,160,19,19
11392,126,111,15,15
11393,62,56,6,6
11394,65,67,-2,2
11395,109,93,16,16
11396,74,68,6,6
11397,113,100,13,13
11398,121,104,17,17
11399,114,101,13,13
11400,63,59,4,4
11401,103,100,3,3
11402,80,68,12,12
11403,45,70,-25,25
11404,93,83,10,10
11405,121,99,22,22
11406,166,149,17,17
11407,63,68,-5,5
11408,66,55,11,11
11409,55,70,-15,15
11410,116,106,10,10
11411,96,84,12,12
11412,76,68,8,8
11413,54,58,-4,4
11414,108,97,11,11
11415,51,49,2,2
11416,109,96,13,13
11417,75,68,7,7
11418,86,83,3,3
11419,82,84,-2,2
11420,36,38,-2,2
11421,64,64,0,0
11422,119,98,21,21
11423,53,58,-5,5
11424,73,68,5,5
11425,58,48,10,10
11426,41,40,1,1
11427,58,58,0,0
11428,118,106,12,12
11429,134,109,25,25
11430,75,67,8,8
11431,50,50,0,0
11432,98,90,8,8
11433,33,31,2,2
11434,109,96,13,13
11435,79,76,3,3
11436,60,55,5,5
11437,100,93,7,7
11438,85,67,18,18
11439,75,72,3,3
11440,82,73,9,9
11441,57,57,0,0
11442,164,144,20,20
11443,157,131,26,26
11444,76,64,12,12
11445,72,71,1,1
11446,57,76,-19,19
11447,96,100,-4,4
11448,90,74,16,16
11449,100,89,11,11
11450,129,113,16,16
11451,91,76,15,15
11452,98,86,12,12
11453,102,88,14,14
11454,198,173,25,25
11455,78,65,13,13
11456,60,56,4,4
11457,173,151,22,22
11458,98,88,10,10
11459,72,65,7,7
11460,90,110,-20,20
11461,170,147,23,23
11462,163,131,32,32
11463,77,71,6,6
11464,66,65,1,1
11465,67,54,13,13
11466,66,68,-2,2
11467,99,78,21,21
11468,86,75,11,11
11469,85,80,5,5
11470,71,64,7,7
11471,136,112,24,24
11472,86,73,13,13
11473,60,58,2,2
11474,119,106,13,13
11475,132,114,18,18
11476,114,104,10,10
11477,66,60,6,6
11478,147,123,24,24
11479,90,83,7,7
11480,112,97,15,15
11481,68,56,12,12
11482,119,98,21,21
11483,121,105,16,16
11484,70,85,-15,15
11485,124,104,20,20
11486,47,47,0,0
11487,70,72,-2,2
11488,80,67,13,13
11489,44,42,2,2
11490,75,76,-1,1
11491,65,62,3,3
11492,80,64,16,16
11493,95,89,6,6
11494,124,103,21,21
11495,50,54,-4,4
11496,133,112,21,21
11497,77,70,7,7
11498,105,95,10,10
11499,70,64,6,6
11500,86,80,6,6
11501,97,78,19,19
11502,80,70,10,10
11503,98,94,4,4
11504,106,97,9,9
11505,74,66,8,8
11506,66,63,3,3
11507,118,106,12,12
11508,110,89,21,21
11509,156,128,28,28
11510,67,59,8,8
11511,170,129,41,41
11512,117,93,24,24
11513,101,90,11,11
11514,130,112,18,18
11515,93,94,-1,1
11516,105,92,13,13
11517,41,60,-19,19
11518,84,64,20,20
11519,59,55,4,4
11520,141,121,20,20
11521,47,61,-14,14
11522,114,83,31,31
11523,137,114,23,23
11524,126,120,6,6
11525,62,57,5,5
11526,111,98,13,13
11527,74,70,4,4
11528,81,73,8,8
11529,160,133,27,27
11530,102,91,11,11
11531,91,77,14,14
11532,83,76,7,7
11533,72,57,15,15
11534,68,68,0,0
11535,126,102,24,24
11536,77,72,5,5
11537,160,124,36,36
11538,106,97,9,9
11539,81,75,6,6
11540,170,132,38,38
11541,131,110,21,21
11542,50,62,-12,12
11543,115,97,18,18
11544,70,70,0,0
11545,109,102,7,7
11546,72,60,12,12
11547,74,71,3,3
11548,67,68,-1,1
11549,81,70,11,11
11550,83,77,6,6
11551,105,93,12,12
11552,95,88,7,7
11553,133,109,24,24
11554,115,109,6,6
11555,98,82,16,16
11556,55,42,13,13
11557,109,98,11,11
11558,50,54,-4,4
11559,145,124,21,21
11560,89,73,16,16
11561,85,78,7,7
11562,85,77,8,8
11563,65,84,-19,19
11564,86,80,6,6
11565,105,83,22,22
11566,53,51,2,2
11567,60,61,-1,1
11568,121,102,19,19
11569,52,57,-5,5
11570,53,53,0,0
11571,164,138,26,26
11572,92,88,4,4
11573,100,90,10,10
11574,111,97,14,14
11575,67,60,7,7
11576,169,141,28,28
11577,86,73,13,13
11578,51,42,9,9
11579,96,84,12,12
11580,97,74,23,23
11581,82,65,17,17
11582,75,70,5,5
11583,103,89,14,14
11584,91,75,16,16
11585,108,98,10,10
11586,85,82,3,3
11587,137,118,19,19
11588,88,82,6,6
11589,167,143,24,24
11590,65,62,3,3
11591,92,75,17,17
11592,98,79,19,19
11593,68,64,4,4
11594,65,56,9,9
11595,60,56,4,4
11596,71,61,10,10
11597,50,46,4,4
11598,79,74,5,5
11599,102,87,15,15
11600,85,70,15,15
11601,69,61,8,8
11602,105,95,10,10
11603,114,95,19,19
11604,77,72,5,5
11605,70,56,14,14
11606,80,73,7,7
11607,137,123,14,14
11608,105,90,15,15
11609,83,81,2,2
11610,95,84,11,11
11611,70,70,0,0
11612,183,155,28,28
11613,50,52,-2,2
11614,164,140,24,24
11615,125,103,22,22
11616,90,80,10,10
11617,108,95,13,13
11618,150,134,16,16
11619,90,74,16,16
11620,73,66,7,7
11621,86,85,1,1
11622,91,90,1,1
11623,108,98,10,10
11624,120,101,19,19
11625,127,89,38,38
11626,65,58,7,7
11627,121,84,37,37
11628,80,69,11,11
11629,89,71,18,18
11630,81,69,12,12
11631,96,74,22,22
11632,119,104,15,15
11633,118,109,9,9
11634,128,116,12,12
11635,56,64,-8,8
11636,56,54,2,2
11637,86,74,12,12
11638,79,68,11,11
11639,116,94,22,22
11640,69,66,3,3
11641,111,88,23,23
11642,81,86,-5,5
11643,56,54,2,2
11644,119,107,12,12
11645,82,67,15,15
11646,81,69,12,12
11647,136,110,26,26
11648,127,116,11,11
11649,108,105,3,3
11650,129,113,16,16
11651,74,87,-13,13
11652,63,73,-10,10
11653,168,137,31,31
11654,100,94,6,6
11655,66,62,4,4
11656,70,73,-3,3
11657,101,87,14,14
11658,112,92,20,20
11659,102,81,21,21
11660,124,107,17,17
11661,82,74,8,8
11662,94,87,7,7
11663,70,72,-2,2
11664,72,70,2,2
11665,67,59,8,8
11666,117,112,5,5
11667,47,41,6,6
11668,110,87,23,23
11669,93,80,13,13
11670,64,57,7,7
11671,134,120,14,14
11672,66,60,6,6
11673,69,62,7,7
11674,99,93,6,6
11675,137,112,25,25
11676,58,56,2,2
11677,85,71,14,14
11678,94,87,7,7
11679,104,91,13,13
11680,108,99,9,9
11681,89,76,13,13
11682,176,145,31,31
11683,88,81,7,7
11684,46,47,-1,1
11685,94,85,9,9
11686,162,137,25,25
11687,92,82,10,10
11688,96,84,12,12
11689,124,107,17,17
11690,74,74,0,0
11691,68,67,1,1
11692,67,71,-4,4
11693,90,85,5,5
11694,87,76,11,11
11695,86,73,13,13
11696,68,66,2,2
11697,90,79,11,11
11698,77,75,2,2
11699,126,96,30,30
11700,126,106,20,20
11701,94,84,10,10
11702,172,147,25,25
11703,63,86,-23,23
11704,101,85,16,16
11705,148,132,16,16
11706,87,86,1,1
11707,127,103,24,24
11708,121,94,27,27
11709,142,122,20,20
11710,73,67,6,6
11711,71,66,5,5
11712,103,117,-14,14
11713,39,41,-2,2
11714,99,94,5,5
11715,69,61,8,8
11716,182,150,32,32
11717,138,145,-7,7
11718,142,125,17,17
11719,114,106,8,8
11720,54,46,8,8
11721,93,80,13,13
11722,110,93,17,17
11723,38,43,-5,5
11724,133,120,13,13
11725,143,118,25,25
11726,125,115,10,10
11727,69,61,8,8
11728,120,105,15,15
11729,121,115,6,6
11730,71,62,9,9
11731,97,85,12,12
11732,104,88,16,16
11733,97,84,13,13
11734,47,46,1,1
11735,184,151,33,33
11736,110,106,4,4
11737,67,59,8,8
11738,106,94,12,12
11739,66,71,-5,5
11740,118,98,20,20
11741,81,74,7,7
11742,83,74,9,9
11743,64,67,-3,3
11744,70,54,16,16
11745,50,48,2,2
11746,93,77,16,16
11747,157,124,33,33
11748,51,49,2,2
11749,77,70,7,7
11750,87,74,13,13
11751,119,99,20,20
11752,115,98,17,17
11753,85,67,18,18
11754,63,71,-8,8
11755,91,85,6,6
11756,67,59,8,8
11757,64,71,-7,7
11758,127,120,7,7
11759,67,61,6,6
11760,71,65,6,6
11761,96,81,15,15
11762,111,98,13,13
11763,62,55,7,7
11764,77,64,13,13
11765,174,156,18,18
11766,138,113,25,25
11767,65,60,5,5
11768,116,97,19,19
11769,47,48,-1,1
11770,119,101,18,18
11771,94,77,17,17
11772,122,105,17,17
11773,92,87,5,5
11774,148,117,31,31
11775,67,64,3,3
11776,101,91,10,10
11777,86,77,9,9
11778,53,47,6,6
11779,77,73,4,4
11780,126,105,21,21
11781,74,63,11,11
11782,91,85,6,6
11783,81,77,4,4
11784,43,43,0,0
11785,114,99,15,15
11786,79,78,1,1
11787,96,81,15,15
11788,106,87,19,19
11789,79,78,1,1
11790,120,120,0,0
11791,107,94,13,13
11792,98,89,9,9
11793,47,47,0,0
11794,76,72,4,4
11795,85,75,10,10
11796,67,70,-3,3
11797,79,70,9,9
11798,90,89,1,1
11799,84,73,11,11
11800,152,129,23,23
11801,152,126,26,26
11802,87,75,12,12
11803,65,60,5,5
11804,83,72,11,11
11805,205,168,37,37
11806,151,131,20,20
11807,114,88,26,26
11808,83,76,7,7
11809,66,67,-1,1
11810,66,65,1,1
11811,105,92,13,13
11812,176,145,31,31
11813,166,143,23,23
11814,185,151,34,34
11815,108,97,11,11
11816,95,85,10,10
11817,67,73,-6,6
11818,87,81,6,6
11819,82,76,6,6
11820,121,104,17,17
11821,71,71,0,0
11822,62,62,0,0
11823,113,85,28,28
11824,104,91,13,13
11825,68,65,3,3
11826,93,95,-2,2
11827,74,66,8,8
11828,60,57,3,3
11829,80,80,0,0
11830,70,67,3,3
11831,75,73,2,2
11832,76,63,13,13
11833,75,66,9,9
11834,80,67,13,13
11835,45,46,-1,1
11836,93,107,-14,14
11837,99,100,-1,1
11838,77,64,13,13
11839,89,74,15,15
11840,143,133,10,10
11841,83,86,-3,3
11842,102,92,10,10
11843,122,109,13,13
11844,118,98,20,20
11845,132,99,33,33
11846,102,110,-8,8
11847,75,65,10,10
11848,105,94,11,11
11849,124,111,13,13
11850,75,64,11,11
11851,47,49,-2,2
11852,130,118,12,12
11853,147,128,19,19
11854,134,113,21,21
11855,71,65,6,6
11856,72,64,8,8
11857,42,40,2,2
11858,97,82,15,15
11859,99,96,3,3
11860,147,133,14,14
11861,127,115,12,12
11862,65,60,5,5
11863,73,80,-7,7
11864,54,55,-1,1
11865,87,79,8,8
11866,125,116,9,9
11867,120,109,11,11
11868,75,65,10,10
11869,101,94,7,7
11870,139,123,16,16
11871,93,80,13,13
11872,85,80,5,5
11873,162,135,27,27
11874,158,140,18,18
11875,234,176,58,58
11876,76,69,7,7
11877,68,58,10,10
11878,60,54,6,6
11879,115,93,22,22
11880,92,81,11,11
11881,99,80,19,19
11882,95,80,15,15
11883,69,74,-5,5
11884,53,53,0,0
11885,100,88,12,12
11886,157,135,22,22
11887,103,89,14,14
11888,117,105,12,12
11889,100,86,14,14
11890,95,77,18,18
11891,146,116,30,30
11892,97,81,16,16
11893,49,51,-2,2
11894,83,77,6,6
11895,89,75,14,14
11896,97,88,9,9
11897,98,89,9,9
11898,99,87,12,12
11899,52,56,-4,4
11900,92,84,8,8
11901,128,119,9,9
11902,60,53,7,7
11903,47,44,3,3
11904,106,88,18,18
11905,78,64,14,14
11906,143,131,12,12
11907,90,79,11,11
11908,125,107,18,18
11909,80,79,1,1
11910,114,96,18,18
11911,161,136,25,25
11912,120,102,18,18
11913,41,54,-13,13
11914,38,42,-4,4
11915,105,102,3,3
11916,48,47,1,1
11917,58,55,3,3
11918,112,96,16,16
11919,59,55,4,4
11920,76,71,5,5
11921,118,102,16,16
11922,77,65,12,12
11923,51,52,-1,1
11924,76,63,13,13
11925,56,54,2,2
11926,40,45,-5,5
11927,69,64,5,5
11928,77,69,8,8
11929,91,82,9,9
11930,149,133,16,16
11931,110,94,16,16
11932,115,106,9,9
11933,117,102,15,15
11934,93,82,11,11
11935,31,39,-8,8
11936,111,120,-9,9
11937,79,75,4,4
11938,72,66,6,6
11939,44,46,-2,2
11940,89,81,8,8
11941,51,49,2,2
11942,186,160,26,26
11943,144,115,29,29
11944,98,82,16,16
11945,68,62,6,6
11946,82,76,6,6
11947,110,97,13,13
11948,101,71,30,30
11949,73,69,4,4
11950,106,93,13,13
11951,50,46,4,4
11952,128,116,12,12
11953,82,75,7,7
11954,39,57,-18,18
11955,57,55,2,2
11956,100,90,10,10
11957,132,119,13,13
11958,58,58,0,0
11959,65,61,4,4
11960,46,45,1,1
11961,90,80,10,10
11962,132,110,22,22
11963,84,78,6,6
11964,95,82,13,13
11965,152,134,18,18
11966,67,60,7,7
11967,96,95,1,1
11968,78,71,7,7
11969,99,79,20,20
11970,71,70,1,1
11971,116,97,19,19
11972,122,113,9,9
11973,81,71,10,10
11974,42,47,-5,5
11975,121,108,13,13
11976,144,121,23,23
11977,190,166,24,24
11978,132,116,16,16
11979,112,90,22,22
11980,106,78,28,28
11981,104,93,11,11
11982,79,69,10,10
11983,81,74,7,7
11984,92,101,-9,9
11985,55,57,-2,2
11986,85,73,12,12
11987,72,66,6,6
11988,48,46,2,2
11989,92,93,-1,1
11990,44,45,-1,1
11991,112,93,19,19
11992,118,100,18,18
11993,74,71,3,3
11994,102,82,20,20
11995,93,93,0,0
11996,113,94,19,19
11997,89,83,6,6
11998,133,120,13,13
11999,45,43,2,2
12000,53,50,3,3
12001,139,127,12,12
12002,61,55,6,6
12003,85,90,-5,5
12004,67,62,5,5
12005,81,69,12,12
12006,33,33,0,0
12007,74,71,3,3
12008,81,71,10,10
12009,81,76,5,5
12010,114,99,15,15
12011,158,152,6,6
12012,59,60,-1,1
12013,60,61,-1,1
12014,111,93,18,18
12015,102,90,12,12
12016,89,72,17,17
12017,80,69,11,11
12018,73,70,3,3
12019,53,49,4,4
12020,124,108,16,16
12021,108,93,15,15
12022,101,80,21,21
12023,93,86,7,7
12024,69,55,14,14
12025,111,103,8,8
12026,74,67,7,7
12027,80,70,10,10
12028,101,83,18,18
12029,127,130,-3,3
12030,78,69,9,9
12031,143,131,12,12
12032,114,113,1,1
12033,49,69,-20,20
12034,115,107,8,8
12035,103,81,22,22
12036,84,78,6,6
12037,88,80,8,8
12038,92,82,10,10
12039,108,99,9,9
12040,90,79,11,11
12041,65,66,-1,1
12042,60,55,5,5
12043,72,64,8,8
12044,129,124,5,5
12045,76,69,7,7
12046,109,103,6,6
12047,88,90,-2,2
12048,60,55,5,5
12049,47,38,9,9
12050,100,84,16,16
12051,117,112,5,5
12052,125,101,24,24
12053,113,92,21,21
12054,54,50,4,4
12055,111,93,18,18
12056,156,126,30,30
12057,110,98,12,12
12058,82,84,-2,2
12059,114,95,19,19
12060,68,68,0,0
12061,66,69,-3,3
12062,90,84,6,6
12063,63,58,5,5
12064,100,89,11,11
12065,66,64,2,2
12066,141,123,18,18
12067,79,68,11,11
12068,104,80,24,24
12069,140,114,26,26
12070,72,68,4,4
12071,39,41,-2,2
12072,118,99,19,19
12073,97,77,20,20
12074,95,94,1,1
12075,86,80,6,6
12076,90,76,14,14
12077,86,88,-2,2
12078,95,84,11,11
12079,118,98,20,20
12080,94,81,13,13
12081,130,117,13,13
12082,58,56,2,2
12083,121,113,8,8
12084,125,110,15,15
12085,150,133,17,17
12086,102,88,14,14
12087,122,100,22,22
12088,109,93,16,16
12089,74,71,3,3
12090,93,75,18,18
12091,53,51,2,2
12092,117,112,5,5
12093,93,85,8,8
12094,191,175,16,16
12095,142,112,30,30
12096,123,102,21,21
12097,83,79,4,4
12098,127,108,19,19
12099,83,76,7,7
12100,85,74,11,11
12101,83,74,9,9
12102,94,79,15,15
12103,164,141,23,23
12104,72,59,13,13
12105,76,53,23,23
12106,122,96,26,26
12107,59,41,18,18
12108,87,78,9,9
12109,88,55,33,33
12110,61,55,6,6
12111,154,128,26,26
12112,159,129,30,30
12113,163,136,27,27
12114,104,89,15,15
12115,121,111,10,10
12116,116,97,19,19
12117,98,87,11,11
12118,84,80,4,4
12119,42,44,-2,2
12120,78,68,10,10
12121,99,101,-2,2
12122,77,82,-5,5
12123,189,152,37,37
12124,66,70,-4,4
12125,144,130,14,14
12126,196,165,31,31
12127,107,93,14,14
12128,68,66,2,2
12129,88,75,13,13
12130,36,39,-3,3
12131,107,82,25,25
12132,123,107,16,16
12133,62,55,7,7
12134,207,172,35,35
12135,89,77,12,12
12136,74,74,0,0
12137,87,78,9,9
12138,135,110,25,25
12139,72,62,10,10
12140,183,127,56,56
12141,118,109,9,9
12142,110,81,29,29
12143,111,98,13,13
12144,122,100,22,22
12145,90,84,6,6
12146,121,107,14,14
12147,58,57,1,1
12148,126,105,21,21
12149,105,90,15,15
12150,109,98,11,11
12151,71,67,4,4
12152,148,124,24,24
12153,95,88,7,7
12154,103,99,4,4
12155,90,83,7,7
12156,77,70,7,7
12157,126,105,21,21
12158,141,121,20,20
12159,134,110,24,24
12160,49,48,1,1
12161,99,89,10,10
12162,130,109,21,21
12163,74,64,10,10
12164,64,59,5,5
12165,196,157,39,39
12166,106,99,7,7
12167,100,92,8,8
12168,88,79,9,9
12169,116,100,16,16
12170,107,99,8,8
12171,128,113,15,15
12172,93,78,15,15
12173,150,118,32,32
12174,92,72,20,20
12175,96,77,19,19
12176,115,100,15,15
12177,111,95,16,16
12178,87,82,5,5
12179,69,67,2,2
12180,139,134,5,5
12181,104,90,14,14
12182,115,106,9,9
12183,114,96,18,18
12184,58,51,7,7
12185,77,69,8,8
12186,79,77,2,2
12187,114,100,14,14
12188,111,104,7,7
12189,102,91,11,11
12190,161,138,23,23
12191,197,165,32,32
12192,72,65,7,7
12193,142,125,17,17
12194,49,51,-2,2
12195,63,64,-1,1
12196,135,116,19,19
12197,192,153,39,39
12198,47,47,0,0
12199,110,98,12,12
12200,71,66,5,5
12201,108,101,7,7
12202,137,128,9,9
12203,128,106,22,22
12204,137,118,19,19
12205,148,132,16,16
12206,82,75,7,7
12207,70,74,-4,4
12208,60,55,5,5
12209,115,98,17,17
12210,76,68,8,8
12211,86,74,12,12
12212,97,86,11,11
12213,122,105,17,17
12214,104,85,19,19
12215,149,136,13,13
12216,73,64,9,9
12217,88,76,12,12
12218,93,79,14,14
12219,94,84,10,10
12220,110,93,17,17
12221,56,59,-3,3
12222,66,64,2,2
12223,73,72,1,1
12224,96,87,9,9
12225,121,102,19,19
12226,122,111,11,11
12227,94,91,3,3
12228,88,89,-1,1
12229,130,122,8,8
12230,63,56,7,7
12231,141,110,31,31
12232,54,57,-3,3
12233,73,68,5,5
12234,71,64,7,7
12235,95,80,15,15
12236,121,96,25,25
12237,73,66,7,7
12238,125,110,15,15
12239,67,69,-2,2
12240,121,106,15,15
12241,109,94,15,15
12242,64,61,3,3
12243,96,82,14,14
12244,119,122,-3,3
12245,93,92,1,1
12246,75,67,8,8
12247,95,87,8,8
12248,66,65,1,1
12249,99,87,12,12
12250,47,46,1,1
12251,84,86,-2,2
12252,165,187,-22,22
12253,97,82,15,15
12254,73,69,4,4
12255,37,39,-2,2
12256,104,85,19,19
12257,71,67,4,4
12258,65,61,4,4
12259,66,54,12,12
12260,63,57,6,6
12261,96,89,7,7
12262,130,114,16,16
12263,141,120,21,21
12264,86,98,-12,12
12265,108,101,7,7
12266,128,105,23,23
12267,118,100,18,18
12268,83,74,9,9
12269,68,63,5,5
12270,84,77,7,7
12271,105,88,17,17
12272,61,69,-8,8
12273,73,71,2,2
12274,65,60,5,5
12275,131,99,32,32
12276,118,99,19,19
12277,93,86,7,7
12278,76,68,8,8
12279,75,67,8,8
12280,65,65,0,0
12281,70,61,9,9
12282,140,128,12,12
12283,95,80,15,15
12284,145,111,34,34
12285,82,66,16,16
12286,185,146,39,39
12287,71,65,6,6
12288,100,97,3,3
12289,99,82,17,17
12290,64,60,4,4
12291,65,65,0,0
12292,51,47,4,4
12293,79,83,-4,4
12294,50,52,-2,2
12295,128,123,5,5
12296,109,93,16,16
12297,106,83,23,23
12298,50,50,0,0
12299,126,105,21,21
12300,105,92,13,13
12301,39,43,-4,4
12302,70,63,7,7
12303,134,95,39,39
12304,46,47,-1,1
12305,81,76,5,5
12306,115,98,17,17
12307,56,61,-5,5
12308,90,79,11,11
12309,107,93,14,14
12310,38,38,0,0
12311,112,102,10,10
12312,86,78,8,8
12313,102,91,11,11
12314,81,78,3,3
12315,133,112,21,21
12316,65,59,6,6
12317,67,72,-5,5
12318,63,62,1,1
12319,105,88,17,17
12320,81,73,8,8
12321,97,91,6,6
12322,96,88,8,8
12323,113,116,-3,3
12324,91,84,7,7
12325,67,72,-5,5
12326,85,73,12,12
12327,102,90,12,12
12328,76,67,9,9
12329,190,171,19,19
12330,63,62,1,1
12331,87,67,20,20
12332,140,119,21,21
12333,113,89,24,24
12334,102,90,12,12
12335,62,51,11,11
12336,57,52,5,5
12337,48,51,-3,3
12338,62,54,8,8
12339,94,98,-4,4
12340,95,93,2,2
12341,183,156,27,27
12342,80,72,8,8
12343,164,141,23,23
12344,66,59,7,7
12345,67,73,-6,6
12346,103,86,17,17
12347,69,71,-2,2
12348,118,108,10,10
12349,78,63,15,15
12350,66,58,8,8
12351,94,82,12,12
12352,92,82,10,10
12353,142,120,22,22
12354,55,62,-7,7
12355,101,90,11,11
12356,79,65,14,14
12357,122,115,7,7
12358,123,98,25,25
12359,38,35,3,3
12360,65,72,-7,7
12361,138,109,29,29
12362,76,68,8,8
12363,114,102,12,12
12364,79,74,5,5
12365,114,95,19,19
12366,68,63,5,5
12367,78,71,7,7
12368,93,87,6,6
12369,103,95,8,8
12370,163,127,36,36
12371,101,95,6,6
12372,126,112,14,14
12373,67,58,9,9
12374,78,69,9,9
12375,116,101,15,15
12376,128,114,14,14
12377,91,78,13,13
12378,142,114,28,28
12379,65,60,5,5
12380,145,143,2,2
12381,61,55,6,6
12382,136,113,23,23
12383,84,70,14,14
12384,98,82,16,16
12385,87,80,7,7
12386,107,97,10,10
12387,115,114,1,1
12388,106,90,16,16
12389,93,85,8,8
12390,80,65,15,15
12391,130,109,21,21
12392,115,97,18,18
12393,97,99,-2,2
12394,92,85,7,7
12395,88,78,10,10
12396,66,59,7,7
12397,66,60,6,6
12398,87,80,7,7
12399,106,93,13,13
12400,70,69,1,1
12401,180,145,35,35
12402,87,88,-1,1
12403,89,72,17,17
12404,92,88,4,4
12405,125,98,27,27
12406,88,90,-2,2
12407,109,99,10,10
12408,35,46,-11,11
12409,67,67,0,0
12410,117,103,14,14
12411,190,156,34,34
12412,114,102,12,12
12413,137,117,20,20
12414,138,132,6,6
12415,129,119,10,10
12416,106,81,25,25
12417,63,62,1,1
12418,58,56,2,2
12419,57,57,0,0
12420,86,87,-1,1
12421,104,88,16,16
12422,97,88,9,9
12423,101,92,9,9
12424,137,114,23,23
12425,64,49,15,15
12426,176,175,1,1
12427,93,78,15,15
12428,120,103,17,17
12429,108,95,13,13
12430,70,65,5,5
12431,97,79,18,18
12432,83,81,2,2
12433,83,71,12,12
12434,150,140,10,10
12435,64,64,0,0
12436,89,76,13,13
12437,96,85,11,11
12438,114,99,15,15
12439,119,97,22,22
12440,61,51,10,10
12441,96,83,13,13
12442,105,93,12,12
12443,61,56,5,5
12444,141,125,16,16
12445,86,75,11,11
12446,87,77,10,10
12447,90,71,19,19
12448,105,92,13,13
12449,91,75,16,16
12450,111,104,7,7
12451,76,70,6,6
12452,87,79,8,8
12453,91,88,3,3
12454,107,102,5,5
12455,110,95,15,15
12456,124,114,10,10
12457,128,108,20,20
12458,109,96,13,13
12459,71,62,9,9
12460,87,74,13,13
12461,148,131,17,17
12462,107,91,16,16
12463,134,121,13,13
12464,23,30,-7,7
12465,119,115,4,4
12466,91,76,15,15
12467,25,23,2,2
12468,61,68,-7,7
12469,101,88,13,13
12470,72,63,9,9
12471,95,89,6,6
12472,47,43,4,4
12473,97,86,11,11
12474,81,73,8,8
12475,59,53,6,6
12476,77,66,11,11
12477,138,111,27,27
12478,120,103,17,17
12479,136,124,12,12
12480,79,74,5,5
12481,63,60,3,3
12482,102,91,11,11
12483,158,125,33,33
12484,73,69,4,4
12485,53,45,8,8
12486,83,78,5,5
12487,155,125,30,30
12488,139,117,22,22
12489,93,78,15,15
12490,128,115,13,13
12491,98,97,1,1
12492,96,78,18,18
12493,153,132,21,21
12494,104,90,14,14
12495,115,89,26,26
12496,72,65,7,7
12497,90,78,12,12
12498,127,123,4,4
12499,112,109,3,3
12500,64,63,1,1
12501,73,62,11,11
12502,72,71,1,1
12503,73,77,-4,4
12504,56,52,4,4
12505,106,91,15,15
12506,144,119,25,25
12507,47,64,-17,17
12508,147,126,21,21
12509,95,87,8,8
12510,76,75,1,1
12511,128,111,17,17
12512,81,65,16,16
12513,79,74,5,5
12514,86,74,12,12
12515,44,47,-3,3
12516,87,81,6,6
12517,102,93,9,9
12518,116,102,14,14
12519,105,92,13,13
12520,113,109,4,4
12521,152,124,28,28
12522,175,153,22,22
12523,70,65,5,5
12524,173,145,28,28
12525,87,71,16,16
12526,102,86,16,16
12527,88,81,7,7
12528,76,67,9,9
12529,110,91,19,19
12530,99,92,7,7
12531,71,64,7,7
12532,75,69,6,6
12533,105,92,13,13
12534,153,137,16,16
12535,100,102,-2,2
12536,90,76,14,14
12537,83,87,-4,4
12538,82,81,1,1
12539,49,52,-3,3
12540,69,63,6,6
12541,113,100,13,13
12542,63,58,5,5
12543,58,55,3,3
12544,65,57,8,8
12545,145,123,22,22
12546,50,47,3,3
12547,83,82,1,1
12548,100,87,13,13
12549,76,68,8,8
12550,72,66,6,6
12551,71,80,-9,9
12552,106,92,14,14
12553,127,119,8,8
12554,96,82,14,14
12555,67,61,6,6
12556,140,126,14,14
12557,56,52,4,4
12558,108,95,13,13
12559,94,82,12,12
12560,59,54,5,5
12561,84,78,6,6
12562,96,88,8,8
12563,92,98,-6,6
12564,186,159,27,27
12565,62,57,5,5
12566,164,139,25,25
12567,49,48,1,1
12568,62,55,7,7
12569,50,54,-4,4
12570,128,109,19,19
12571,57,61,-4,4
12572,69,63,6,6
12573,48,54,-6,6
12574,132,111,21,21
12575,140,129,11,11
12576,107,93,14,14
12577,80,73,7,7
12578,78,70,8,8
12579,140,120,20,20
12580,78,71,7,7
12581,123,99,24,24
12582,87,85,2,2
12583,91,96,-5,5
12584,119,118,1,1
12585,107,94,13,13
12586,52,53,-1,1
12587,61,64,-3,3
12588,102,83,19,19
12589,79,67,12,12
12590,81,74,7,7
12591,72,62,10,10
12592,74,77,-3,3
12593,73,60,13,13
12594,114,79,35,35
12595,127,108,19,19
12596,92,75,17,17
12597,118,113,5,5
12598,115,174,-59,59
12599,73,65,8,8
12600,93,85,8,8
12601,70,59,11,11
12602,73,64,9,9
12603,107,105,2,2
12604,96,88,8,8
12605,101,78,23,23
12606,76,80,-4,4
12607,85,69,16,16
12608,111,103,8,8
12609,42,44,-2,2
12610,69,63,6,6
12611,97,79,18,18
12612,90,76,14,14
12613,96,83,13,13
12614,114,121,-7,7
12615,121,103,18,18
12616,68,65,3,3
12617,45,45,0,0
12618,73,68,5,5
12619,109,94,15,15
12620,175,152,23,23
12621,90,73,17,17
12622,70,64,6,6
12623,85,77,8,8
12624,62,62,0,0
12625,89,89,0,0
12626,132,115,17,17
12627,155,134,21,21
12628,99,92,7,7
12629,60,54,6,6
12630,110,94,16,16
12631,87,76,11,11
12632,98,97,1,1
12633,80,90,-10,10
12634,127,109,18,18
12635,172,147,25,25
12636,181,153,28,28
12637,130,103,27,27
12638,76,67,9,9
12639,86,75,11,11
12640,105,91,14,14
12641,105,100,5,5
12642,56,63,-7,7
12643,65,63,2,2
12644,42,42,0,0
12645,120,98,22,22
12646,65,59,6,6
12647,76,71,5,5
12648,134,112,22,22
12649,28,61,-33,33
12650,96,84,12,12
12651,92,85,7,7
12652,53,48,5,5
12653,66,57,9,9
12654,79,69,10,10
12655,101,103,-2,2
12656,78,86,-8,8
12657,88,84,4,4
12658,136,116,20,20
12659,142,119,23,23
12660,73,61,12,12
12661,97,78,19,19
12662,80,72,8,8
12663,51,52,-1,1
12664,69,71,-2,2
12665,52,50,2,2
12666,57,52,5,5
12667,100,98,2,2
12668,147,129,18,18
12669,129,117,12,12
12670,92,92,0,0
12671,107,84,23,23
12672,99,96,3,3
12673,89,84,5,5
12674,58,56,2,2
12675,103,80,23,23
12676,33,34,-1,1
12677,103,83,20,20
12678,88,78,10,10
12679,81,76,5,5
12680,53,54,-1,1
12681,70,74,-4,4
12682,32,40,-8,8
12683,88,77,11,11
12684,99,104,-5,5
12685,110,96,14,14
12686,78,71,7,7
12687,99,89,10,10
12688,46,46,0,0
12689,136,106,30,30
12690,75,65,10,10
12691,117,91,26,26
12692,93,75,18,18
12693,132,117,15,15
12694,70,65,5,5
12695,69,67,2,2
12696,49,35,14,14
12697,71,65,6,6
12698,118,102,16,16
12699,97,88,9,9
12700,76,80,-4,4
12701,195,143,52,52
12702,128,111,17,17
12703,66,54,12,12
12704,120,109,11,11
12705,73,69,4,4
12706,62,62,0,0
12707,104,83,21,21
12708,94,87,7,7
12709,94,79,15,15
12710,110,89,21,21
12711,96,83,13,13
12712,107,92,15,15
12713,77,73,4,4
12714,91,90,1,1
12715,63,54,9,9
12716,128,101,27,27
12717,77,69,8,8
12718,67,66,1,1
12719,124,99,25,25
12720,94,81,13,13
12721,64,60,4,4
12722,74,69,5,5
12723,88,79,9,9
12724,70,66,4,4
12725,78,71,7,7
12726,66,69,-3,3
12727,104,94,10,10
12728,134,128,6,6
12729,92,79,13,13
12730,74,63,11,11
12731,93,80,13,13
12732,98,83,15,15
12733,100,81,19,19
12734,87,81,6,6
12735,101,86,15,15
12736,49,49,0,0
12737,121,103,18,18
12738,84,86,-2,2
12739,158,139,19,19
12740,115,95,20,20
12741,125,99,26,26
12742,53,44,9,9
12743,80,78,2,2
12744,68,58,10,10
12745,103,88,15,15
12746,107,94,13,13
12747,77,82,-5,5
12748,100,98,2,2
12749,120,114,6,6
12750,91,80,11,11
12751,77,59,18,18
12752,132,108,24,24
12753,131,113,18,18
12754,43,55,-12,12
12755,45,40,5,5
12756,124,102,22,22
12757,86,72,14,14
12758,107,90,17,17
12759,82,78,4,4
12760,204,168,36,36
12761,107,91,16,16
12762,120,108,12,12
12763,140,116,24,24
12764,153,125,28,28
12765,83,82,1,1
12766,47,42,5,5
12767,91,74,17,17
12768,68,52,16,16
12769,56,51,5,5
12770,77,76,1,1
12771,37,40,-3,3
12772,117,100,17,17
12773,85,73,12,12
12774,101,86,15,15
12775,67,68,-1,1
12776,118,117,1,1
12777,56,57,-1,1
12778,68,62,6,6
12779,65,61,4,4
12780,105,91,14,14
12781,102,96,6,6
12782,116,96,20,20
12783,69,62,7,7
12784,79,69,10,10
12785,105,94,11,11
12786,101,70,31,31
12787,106,84,22,22
12788,89,76,13,13
12789,77,72,5,5
12790,116,100,16,16
12791,111,92,19,19
12792,91,71,20,20
12793,74,63,11,11
12794,96,85,11,11
12795,119,112,7,7
12796,124,103,21,21
12797,83,71,12,12
12798,59,58,1,1
12799,87,73,14,14
12800,55,53,2,2
12801,121,107,14,14
12802,94,82,12,12
12803,90,79,11,11
12804,181,148,33,33
12805,93,80,13,13
12806,72,69,3,3
12807,92,81,11,11
12808,153,124,29,29
12809,55,53,2,2
12810,61,62,-1,1
12811,99,84,15,15
12812,82,77,5,5
12813,102,83,19,19
12814,148,125,23,23
12815,112,96,16,16
12816,172,150,22,22
12817,133,115,18,18
12818,97,88,9,9
12819,70,75,-5,5
12820,70,71,-1,1
12821,98,77,21,21
12822,96,95,1,1
12823,69,64,5,5
12824,90,76,14,14
12825,138,117,21,21
12826,132,114,18,18
12827,153,136,17,17
12828,86,70,16,16
12829,108,87,21,21
12830,80,81,-1,1
12831,154,120,34,34
12832,116,105,11,11
12833,103,89,14,14
12834,104,96,8,8
12835,116,98,18,18
12836,107,88,19,19
12837,96,79,17,17
12838,90,84,6,6
12839,50,50,0,0
12840,104,93,11,11
12841,72,62,10,10
12842,106,87,19,19
12843,87,78,9,9
12844,124,112,12,12
12845,27,34,-7,7
12846,133,114,19,19
12847,122,99,23,23
12848,124,125,-1,1
12849,89,85,4,4
12850,97,115,-18,18
12851,84,82,2,2
12852,140,128,12,12
12853,136,113,23,23
12854,20,30,-10,10
12855,93,86,7,7
12856,85,79,6,6
12857,74,70,4,4
12858,103,85,18,18
12859,75,69,6,6
12860,46,45,1,1
12861,84,94,-10,10
12862,75,67,8,8
12863,53,53,0,0
12864,52,74,-22,22
12865,87,82,5,5
12866,109,87,22,22
12867,105,85,20,20
12868,67,63,4,4
12869,154,123,31,31
12870,84,79,5,5
12871,128,109,19,19
12872,113,107,6,6
12873,87,70,17,17
12874,101,96,5,5
12875,96,90,6,6
12876,39,41,-2,2
12877,133,115,18,18
12878,191,170,21,21
12879,60,58,2,2
12880,125,108,17,17
12881,75,73,2,2
12882,40,44,-4,4
12883,103,88,15,15
12884,79,71,8,8
12885,185,160,25,25
12886,124,104,20,20
12887,109,102,7,7
12888,89,89,0,0
12889,67,62,5,5
12890,47,48,-1,1
12891,76,63,13,13
12892,122,113,9,9
12893,106,89,17,17
12894,142,111,31,31
12895,96,76,20,20
12896,52,48,4,4
12897,96,87,9,9
12898,117,105,12,12
12899,69,68,1,1
12900,89,74,15,15
12901,72,66,6,6
12902,180,153,27,27
12903,94,78,16,16
12904,53,55,-2,2
12905,93,89,4,4
12906,161,128,33,33
12907,137,120,17,17
12908,129,112,17,17
12909,89,77,12,12
12910,102,87,15,15
12911,159,141,18,18
12912,67,64,3,3
12913,67,75,-8,8
12914,97,85,12,12
12915,71,61,10,10
12916,153,132,21,21
12917,100,90,10,10
12918,92,88,4,4
12919,79,78,1,1
12920,79,73,6,6
12921,73,64,9,9
12922,133,117,16,16
12923,51,51,0,0
12924,139,113,26,26
12925,115,112,3,3
12926,89,79,10,10
12927,124,109,15,15
12928,90,78,12,12
12929,128,112,16,16
12930,131,110,21,21
12931,71,64,7,7
12932,113,96,17,17
12933,127,116,11,11
12934,61,63,-2,2
12935,113,101,12,12
12936,112,77,35,35
12937,75,65,10,10
12938,125,97,28,28
12939,73,68,5,5
12940,100,101,-1,1
12941,187,158,29,29
12942,101,85,16,16
12943,103,84,19,19
12944,99,95,4,4
12945,65,59,6,6
12946,116,99,17,17
12947,97,99,-2,2
12948,83,79,4,4
12949,90,89,1,1
12950,101,91,10,10
12951,97,93,4,4
12952,107,93,14,14
12953,119,114,5,5
12954,78,67,11,11
12955,79,74,5,5
12956,74,72,2,2
12957,150,125,25,25
12958,83,84,-1,1
12959,131,127,4,4
12960,68,66,2,2
12961,222,168,54,54
12962,88,80,8,8
12963,109,94,15,15
12964,149,133,16,16
12965,82,79,3,3
12966,33,33,0,0
12967,97,94,3,3
12968,88,79,9,9
12969,127,117,10,10
12970,70,63,7,7
12971,86,76,10,10
12972,63,58,5,5
12973,101,90,11,11
12974,85,77,8,8
12975,97,75,22,22
12976,68,65,3,3
12977,79,81,-2,2
12978,182,151,31,31
12979,68,63,5,5
12980,68,67,1,1
12981,81,69,12,12
12982,118,95,23,23
12983,93,83,10,10
12984,117,92,25,25
12985,144,124,20,20
12986,134,108,26,26
12987,69,63,6,6
12988,133,115,18,18
12989,88,83,5,5
12990,63,58,5,5
12991,116,104,12,12
12992,113,111,2,2
12993,103,86,17,17
12994,127,103,24,24
12995,116,103,13,13
12996,114,99,15,15
12997,123,103,20,20
12998,72,61,11,11
12999,107,89,18,18
13000,121,96,25,25
13001,100,78,22,22
13002,87,79,8,8
13003,102,83,19,19
13004,155,145,10,10
13005,72,73,-1,1
13006,84,76,8,8
13007,86,85,1,1
13008,115,107,8,8
13009,100,88,12,12
13010,81,65,16,16
13011,51,53,-2,2
13012,54,49,5,5
13013,86,75,11,11
13014,92,80,12,12
13015,60,59,1,1
13016,112,101,11,11
13017,92,78,14,14
13018,87,79,8,8
13019,95,85,10,10
13020,80,70,10,10
13021,139,125,14,14
13022,103,85,18,18
13023,120,115,5,5
13024,75,76,-1,1
13025,51,46,5,5
13026,76,67,9,9
13027,67,67,0,0
13028,165,143,22,22
13029,84,79,5,5
13030,83,87,-4,4
13031,61,55,6,6
13032,159,136,23,23
13033,64,70,-6,6
13034,140,121,19,19
13035,65,70,-5,5
13036,68,66,2,2
13037,67,56,11,11
13038,87,83,4,4
13039,109,97,12,12
13040,116,102,14,14
13041,94,101,-7,7
13042,135,111,24,24
13043,77,66,11,11
13044,55,47,8,8
13045,61,55,6,6
13046,73,69,4,4
13047,139,110,29,29
13048,106,105,1,1
13049,78,74,4,4
13050,74,58,16,16
13051,99,85,14,14
13052,88,83,5,5
13053,93,73,20,20
13054,69,59,10,10
13055,235,184,51,51
13056,83,76,7,7
13057,101,78,23,23
13058,66,65,1,1
13059,58,52,6,6
13060,119,107,12,12
13061,129,108,21,21
13062,82,75,7,7
13063,168,146,22,22
13064,72,69,3,3
13065,125,104,21,21
13066,82,69,13,13
13067,97,79,18,18
13068,56,58,-2,2
13069,123,120,3,3
13070,79,67,12,12
13071,84,74,10,10
13072,112,96,16,16
13073,80,77,3,3
13074,106,94,12,12
13075,60,59,1,1
13076,72,67,5,5
13077,96,93,3,3
13078,60,51,9,9
13079,117,89,28,28
13080,66,66,0,0
13081,78,71,7,7
13082,55,53,2,2
13083,164,130,34,34
13084,184,156,28,28
13085,78,72,6,6
13086,61,62,-1,1
13087,109,113,-4,4
13088,101,92,9,9
13089,79,70,9,9
13090,51,50,1,1
13091,64,53,11,11
13092,62,58,4,4
13093,144,124,20,20
13094,57,54,3,3
13095,50,47,3,3
13096,81,72,9,9
13097,99,90,9,9
13098,97,90,7,7
13099,129,103,26,26
13100,104,91,13,13
13101,93,89,4,4
13102,84,70,14,14
13103,90,84,6,6
13104,112,105,7,7
13105,69,64,5,5
13106,69,66,3,3
13107,107,82,25,25
13108,145,111,34,34
13109,84,68,16,16
13110,51,51,0,0
13111,100,81,19,19
13112,82,79,3,3
13113,71,78,-7,7
13114,104,88,16,16
13115,67,69,-2,2
13116,89,84,5,5
13117,61,69,-8,8
13118,74,72,2,2
13119,101,98,3,3
13120,67,69,-2,2
13121,72,76,-4,4
13122,70,65,5,5
13123,158,138,20,20
13124,94,83,11,11
13125,84,72,12,12
13126,120,105,15,15
13127,152,131,21,21
13128,137,116,21,21
13129,82,82,0,0
13130,116,101,15,15
13131,112,96,16,16
13132,99,82,17,17
13133,150,134,16,16
13134,66,61,5,5
13135,81,66,15,15
13136,50,49,1,1
13137,133,120,13,13
13138,65,61,4,4
13139,65,60,5,5
13140,80,71,9,9
13141,53,45,8,8
13142,108,88,20,20
13143,80,60,20,20
13144,126,115,11,11
13145,73,70,3,3
13146,58,51,7,7
13147,80,69,11,11
13148,62,58,4,4
13149,64,60,4,4
13150,55,50,5,5
13151,81,74,7,7
13152,97,93,4,4
13153,78,64,14,14
13154,101,84,17,17
13155,72,74,-2,2
13156,112,96,16,16
13157,84,78,6,6
13158,68,64,4,4
13159,102,94,8,8
13160,117,114,3,3
13161,88,76,12,12
13162,127,99,28,28
13163,64,51,13,13
13164,87,80,7,7
13165,80,73,7,7
13166,101,79,22,22
13167,122,103,19,19
13168,67,59,8,8
13169,131,112,19,19
13170,97,84,13,13
13171,135,109,26,26
13172,88,79,9,9
13173,115,115,0,0
13174,134,105,29,29
13175,116,106,10,10
13176,79,74,5,5
13177,45,44,1,1
13178,100,88,12,12
13179,85,94,-9,9
13180,63,63,0,0
13181,89,80,9,9
13182,76,70,6,6
13183,138,114,24,24
13184,123,113,10,10
13185,74,72,2,2
13186,43,54,-11,11
13187,66,68,-2,2
13188,86,99,-13,13
13189,115,111,4,4
13190,30,43,-13,13
13191,66,63,3,3
13192,208,154,54,54
13193,90,80,10,10
13194,71,60,11,11
13195,94,76,18,18
13196,171,147,24,24
13197,55,50,5,5
13198,43,37,6,6
13199,67,67,0,0
13200,143,111,32,32
13201,98,86,12,12
13202,100,86,14,14
13203,108,93,15,15
13204,91,73,18,18
13205,131,114,17,17
13206,79,64,15,15
13207,153,136,17,17
13208,37,37,0,0
13209,46,41,5,5
13210,241,190,51,51
13211,89,79,10,10
13212,72,62,10,10
13213,100,82,18,18
13214,83,73,10,10
13215,98,92,6,6
13216,128,109,19,19
13217,162,111,51,51
13218,81,71,10,10
13219,98,89,9,9
13220,70,70,0,0
13221,182,146,36,36
13222,71,65,6,6
13223,173,152,21,21
13224,54,53,1,1
13225,66,62,4,4
13226,85,71,14,14
13227,93,85,8,8
13228,71,102,-31,31
13229,163,141,22,22
13230,86,74,12,12
13231,74,66,8,8
13232,148,136,12,12
13233,112,100,12,12
13234,90,72,18,18
13235,64,54,10,10
13236,78,85,-7,7
13237,115,107,8,8
13238,105,88,17,17
13239,90,79,11,11
13240,117,99,18,18
13241,103,85,18,18
13242,139,141,-2,2
13243,107,100,7,7
13244,118,113,5,5
13245,94,75,19,19
13246,56,51,5,5
13247,97,85,12,12
13248,77,63,14,14
13249,117,91,26,26
13250,125,114,11,11
13251,67,66,1,1
13252,73,65,8,8
13253,152,124,28,28
13254,73,63,10,10
13255,121,106,15,15
13256,166,145,21,21
13257,90,80,10,10
13258,96,92,4,4
13259,149,136,13,13
13260,61,59,2,2
13261,144,121,23,23
13262,121,109,12,12
13263,131,103,28,28
13264,58,48,10,10
13265,51,51,0,0
13266,54,60,-6,6
13267,72,68,4,4
13268,99,93,6,6
13269,124,102,22,22
13270,105,95,10,10
13271,100,86,14,14
13272,153,139,14,14
13273,76,73,3,3
13274,120,98,22,22
13275,94,84,10,10
13276,85,70,15,15
13277,84,82,2,2
13278,53,62,-9,9
13279,106,97,9,9
13280,108,98,10,10
13281,140,115,25,25
13282,113,100,13,13
13283,57,63,-6,6
13284,108,96,12,12
13285,123,101,22,22
13286,108,90,18,18
13287,83,75,8,8
13288,99,76,23,23
13289,78,79,-1,1
13290,96,89,7,7
13291,58,53,5,5
13292,82,72,10,10
13293,148,133,15,15
13294,86,84,2,2
13295,81,65,16,16
13296,119,106,13,13
13297,97,93,4,4
13298,118,104,14,14
13299,92,76,16,16
13300,102,95,7,7
13301,72,66,6,6
13302,64,56,8,8
13303,86,80,6,6
13304,57,60,-3,3
13305,102,87,15,15
13306,67,58,9,9
13307,88,89,-1,1
13308,139,108,31,31
13309,61,57,4,4
13310,77,68,9,9
13311,158,139,19,19
13312,130,105,25,25
13313,132,119,13,13
13314,187,169,18,18
13315,79,68,11,11
13316,96,95,1,1
13317,76,70,6,6
13318,71,66,5,5
13319,78,74,4,4
13320,209,176,33,33
13321,75,68,7,7
13322,146,119,27,27
13323,100,87,13,13
13324,80,80,0,0
13325,70,66,4,4
13326,65,63,2,2
13327,95,92,3,3
13328,80,71,9,9
13329,69,64,5,5
13330,132,124,8,8
13331,77,63,14,14
13332,98,82,16,16
13333,94,86,8,8
13334,86,76,10,10
13335,90,75,15,15
13336,75,62,13,13
13337,130,98,32,32
13338,87,86,1,1
13339,141,117,24,24
13340,161,133,28,28
13341,68,69,-1,1
13342,97,82,15,15
13343,125,105,20,20
13344,36,40,-4,4
13345,115,98,17,17
13346,68,58,10,10
13347,106,90,16,16
13348,96,97,-1,1
13349,82,74,8,8
13350,73,59,14,14
13351,89,70,19,19
13352,75,68,7,7
13353,85,85,0,0
13354,134,131,3,3
13355,90,74,16,16
13356,83,76,7,7
13357,129,97,32,32
13358,140,128,12,12
13359,60,75,-15,15
13360,82,69,13,13
13361,153,124,29,29
13362,80,81,-1,1
13363,119,108,11,11
13364,108,94,14,14
13365,54,53,1,1
13366,99,92,7,7
13367,130,143,-13,13
13368,100,88,12,12
13369,59,50,9,9
13370,84,84,0,0
13371,117,102,15,15
13372,60,56,4,4
13373,55,51,4,4
13374,96,88,8,8
13375,73,73,0,0
13376,64,72,-8,8
13377,75,69,6,6
13378,55,53,2,2
13379,90,77,13,13
13380,142,130,12,12
13381,139,121,18,18
13382,118,101,17,17
13383,120,104,16,16
13384,112,99,13,13
13385,43,44,-1,1
13386,106,97,9,9
13387,187,157,30,30
13388,117,106,11,11
13389,111,97,14,14
13390,188,165,23,23
13391,156,119,37,37
13392,136,124,12,12
13393,88,82,6,6
13394,29,37,-8,8
13395,107,85,22,22
13396,113,87,26,26
13397,93,82,11,11
13398,81,75,6,6
13399,22,31,-9,9
13400,69,63,6,6
13401,168,138,30,30
13402,147,119,28,28
13403,105,101,4,4
13404,145,117,28,28
13405,58,58,0,0
13406,60,59,1,1
13407,150,138,12,12
13408,70,63,7,7
13409,69,63,6,6
13410,140,123,17,17
13411,88,76,12,12
13412,120,105,15,15
13413,63,57,6,6
13414,81,77,4,4
13415,66,57,9,9
13416,91,77,14,14
13417,131,121,10,10
13418,126,97,29,29
13419,138,123,15,15
13420,103,95,8,8
13421,103,92,11,11
13422,50,59,-9,9
13423,64,66,-2,2
13424,75,73,2,2
13425,67,60,7,7
13426,97,82,15,15
13427,109,100,9,9
13428,137,115,22,22
13429,71,61,10,10
13430,98,80,18,18
13431,82,87,-5,5
13432,65,65,0,0
13433,117,92,25,25
13434,148,137,11,11
13435,190,151,39,39
13436,84,73,11,11
13437,110,96,14,14
13438,138,118,20,20
13439,74,67,7,7
13440,130,102,28,28
13441,79,68,11,11
13442,92,108,-16,16
13443,137,123,14,14
13444,104,83,21,21
13445,160,123,37,37
13446,90,78,12,12
13447,101,90,11,11
13448,123,109,14,14
13449,73,66,7,7
13450,66,62,4,4
13451,124,113,11,11
13452,173,145,28,28
13453,142,115,27,27
13454,32,42,-10,10
13455,104,89,15,15
13456,65,78,-13,13
13457,60,56,4,4
13458,71,69,2,2
13459,56,50,6,6
13460,122,111,11,11
13461,135,133,2,2
13462,162,143,19,19
13463,96,100,-4,4
13464,126,119,7,7
13465,74,70,4,4
13466,102,97,5,5
13467,80,72,8,8
13468,88,75,13,13
13469,92,72,20,20
13470,107,100,7,7
13471,87,77,10,10
13472,58,53,5,5
13473,80,64,16,16
13474,79,62,17,17
13475,114,107,7,7
13476,78,79,-1,1
13477,75,74,1,1
13478,168,153,15,15
13479,114,103,11,11
13480,59,65,-6,6
13481,152,140,12,12
13482,66,60,6,6
13483,98,81,17,17
13484,70,65,5,5
13485,101,80,21,21
13486,130,114,16,16
13487,114,97,17,17
13488,63,63,0,0
13489,181,150,31,31
13490,86,76,10,10
13491,107,107,0,0
13492,59,55,4,4
13493,74,65,9,9
13494,134,120,14,14
13495,199,148,51,51
13496,58,56,2,2
13497,99,90,9,9
13498,103,99,4,4
13499,183,141,42,42
13500,96,87,9,9
13501,99,94,5,5
13502,113,92,21,21
13503,88,70,18,18
13504,88,83,5,5
13505,128,107,21,21
13506,82,81,1,1
13507,80,69,11,11
13508,53,52,1,1
13509,47,48,-1,1
13510,102,83,19,19
13511,97,85,12,12
13512,68,64,4,4
13513,125,103,22,22
13514,110,107,3,3
13515,77,67,10,10
13516,127,104,23,23
13517,87,80,7,7
13518,107,83,24,24
13519,105,101,4,4
13520,153,112,41,41
13521,61,61,0,0
13522,33,70,-37,37
13523,146,125,21,21
13524,100,97,3,3
13525,170,138,32,32
13526,134,110,24,24
13527,78,88,-10,10
13528,73,59,14,14
13529,60,54,6,6
13530,64,57,7,7
13531,99,83,16,16
13532,80,81,-1,1
13533,65,59,6,6
13534,67,55,12,12
13535,141,116,25,25
13536,60,62,-2,2
13537,138,126,12,12
13538,154,134,20,20
13539,58,54,4,4
13540,114,109,5,5
13541,132,111,21,21
13542,98,88,10,10
13543,80,76,4,4
13544,105,91,14,14
13545,84,77,7,7
13546,78,73,5,5
13547,154,131,23,23
13548,67,65,2,2
13549,95,100,-5,5
13550,125,107,18,18
13551,128,109,19,19
13552,42,40,2,2
13553,204,170,34,34
13554,98,88,10,10
13555,112,98,14,14
13556,132,113,19,19
13557,139,118,21,21
13558,93,78,15,15
13559,146,124,22,22
13560,56,52,4,4
13561,65,55,10,10
13562,124,105,19,19
13563,103,94,9,9
13564,86,73,13,13
13565,60,64,-4,4
13566,98,91,7,7
13567,80,110,-30,30
13568,89,91,-2,2
13569,148,118,30,30
13570,40,43,-3,3
13571,80,80,0,0
13572,70,72,-2,2
13573,82,66,16,16
13574,133,126,7,7
13575,75,73,2,2
13576,75,64,11,11
13577,120,90,30,30
13578,50,51,-1,1
13579,111,116,-5,5
13580,86,77,9,9
13581,115,107,8,8
13582,63,57,6,6
13583,93,85,8,8
13584,104,85,19,19
13585,153,131,22,22
13586,51,51,0,0
13587,128,107,21,21
13588,92,80,12,12
13589,51,50,1,1
13590,84,77,7,7
13591,104,91,13,13
13592,101,84,17,17
13593,83,79,4,4
13594,69,69,0,0
13595,96,83,13,13
13596,83,76,7,7
13597,54,66,-12,12
13598,83,63,20,20
13599,54,49,5,5
13600,61,55,6,6
13601,116,90,26,26
13602,113,92,21,21
13603,76,65,11,11
13604,87,77,10,10
13605,59,53,6,6
13606,141,122,19,19
13607,97,90,7,7
13608,89,75,14,14
13609,131,118,13,13
13610,71,63,8,8
13611,60,53,7,7
13612,39,43,-4,4
13613,68,71,-3,3
13614,61,55,6,6
13615,107,93,14,14
13616,95,84,11,11
13617,94,100,-6,6
13618,82,77,5,5
13619,110,101,9,9
13620,113,101,12,12
13621,107,91,16,16
13622,161,131,30,30
13623,180,141,39,39
13624,101,93,8,8
13625,88,74,14,14
13626,87,77,10,10
13627,115,104,11,11
13628,121,104,17,17
13629,139,119,20,20
13630,123,108,15,15
13631,63,55,8,8
13632,122,96,26,26
13633,68,64,4,4
13634,110,90,20,20
13635,57,73,-16,16
13636,82,68,14,14
13637,95,84,11,11
13638,134,118,16,16
13639,98,80,18,18
13640,128,101,27,27
13641,95,85,10,10
13642,104,112,-8,8
13643,175,143,32,32
13644,109,88,21,21
13645,164,129,35,35
13646,118,108,10,10
13647,70,66,4,4
13648,54,58,-4,4
13649,145,126,19,19
13650,68,61,7,7
13651,82,71,11,11
13652,61,58,3,3
13653,92,84,8,8
13654,89,78,11,11
13655,96,82,14,14
13656,122,104,18,18
13657,79,71,8,8
13658,75,67,8,8
13659,108,94,14,14
13660,43,45,-2,2
13661,67,61,6,6
13662,75,71,4,4
13663,67,60,7,7
13664,88,82,6,6
13665,55,51,4,4
13666,96,96,0,0
13667,60,57,3,3
13668,125,103,22,22
13669,56,60,-4,4
13670,111,98,13,13
13671,105,105,0,0
13672,77,87,-10,10
13673,89,83,6,6
13674,79,74,5,5
13675,107,98,9,9
13676,124,104,20,20
13677,119,107,12,12
13678,57,70,-13,13
13679,127,109,18,18
13680,64,66,-2,2
13681,96,87,9,9
13682,89,73,16,16
13683,71,65,6,6
13684,76,70,6,6
13685,110,100,10,10
13686,120,117,3,3
13687,98,83,15,15
13688,84,81,3,3
13689,233,190,43,43
13690,75,62,13,13
13691,107,80,27,27
13692,76,70,6,6
13693,84,78,6,6
13694,86,76,10,10
13695,103,85,18,18
13696,106,87,19,19
13697,150,113,37,37
13698,73,68,5,5
13699,130,125,5,5
13700,132,106,26,26
13701,139,119,20,20
13702,115,102,13,13
13703,155,130,25,25
13704,75,74,1,1
13705,70,65,5,5
13706,127,104,23,23
13707,65,58,7,7
13708,100,98,2,2
13709,170,141,29,29
13710,135,117,18,18
13711,75,69,6,6
13712,164,155,9,9
13713,125,102,23,23
13714,104,100,4,4
13715,53,50,3,3
13716,146,126,20,20
13717,102,79,23,23
13718,70,68,2,2
13719,54,52,2,2
13720,108,98,10,10
13721,97,86,11,11
13722,104,90,14,14
13723,140,125,15,15
13724,94,104,-10,10
13725,62,68,-6,6
13726,105,85,20,20
13727,48,45,3,3
13728,63,62,1,1
13729,64,51,13,13
13730,51,47,4,4
13731,63,55,8,8
13732,121,105,16,16
13733,120,100,20,20
13734,86,77,9,9
13735,91,82,9,9
13736,55,57,-2,2
13737,98,89,9,9
13738,69,54,15,15
13739,45,44,1,1
13740,126,121,5,5
13741,169,143,26,26
13742,95,79,16,16
13743,106,96,10,10
13744,91,77,14,14
13745,126,103,23,23
13746,67,64,3,3
13747,55,54,1,1
13748,74,70,4,4
13749,87,67,20,20
13750,87,79,8,8
13751,83,66,17,17
13752,114,112,2,2
13753,125,114,11,11
13754,120,102,18,18
13755,86,73,13,13
13756,66,67,-1,1
13757,106,94,12,12
13758,62,54,8,8
13759,87,99,-12,12
13760,68,58,10,10
13761,77,71,6,6
13762,106,91,15,15
13763,101,87,14,14
13764,93,86,7,7
13765,63,84,-21,21
13766,53,55,-2,2
13767,116,105,11,11
13768,116,104,12,12
13769,92,103,-11,11
13770,80,76,4,4
13771,93,84,9,9
13772,129,113,16,16
13773,97,86,11,11
13774,51,54,-3,3
13775,98,80,18,18
13776,80,103,-23,23
13777,74,73,1,1
13778,157,131,26,26
13779,163,147,16,16
13780,62,58,4,4
13781,107,93,14,14
13782,107,87,20,20
13783,107,95,12,12
13784,83,75,8,8
13785,117,94,23,23
13786,94,89,5,5
13787,65,61,4,4
13788,61,61,0,0
13789,79,74,5,5
13790,137,125,12,12
13791,141,114,27,27
13792,95,87,8,8
13793,101,91,10,10
13794,95,88,7,7
13795,142,111,31,31
13796,107,86,21,21
13797,80,70,10,10
13798,91,83,8,8
13799,71,65,6,6
13800,81,72,9,9
13801,96,82,14,14
13802,151,125,26,26
13803,75,76,-1,1
13804,69,66,3,3
13805,70,65,5,5
13806,66,64,2,2
13807,100,92,8,8
13808,107,91,16,16
13809,116,97,19,19
13810,59,58,1,1
13811,90,80,10,10
13812,60,51,9,9
13813,55,52,3,3
13814,66,63,3,3
13815,90,84,6,6
13816,80,76,4,4
13817,151,77,74,74
13818,91,79,12,12
13819,59,56,3,3
13820,73,65,8,8
13821,51,55,-4,4
13822,95,88,7,7
13823,92,82,10,10
13824,61,56,5,5
13825,80,72,8,8
13826,107,108,-1,1
13827,79,71,8,8
13828,167,138,29,29
13829,58,55,3,3
13830,104,89,15,15
13831,106,105,1,1
13832,61,52,9,9
13833,111,105,6,6
13834,97,99,-2,2
13835,101,88,13,13
13836,67,65,2,2
13837,56,57,-1,1
13838,57,54,3,3
13839,82,62,20,20
13840,95,84,11,11
13841,69,66,3,3
13842,58,58,0,0
13843,105,89,16,16
13844,163,124,39,39
13845,61,60,1,1
13846,90,68,22,22
13847,220,179,41,41
13848,96,73,23,23
13849,44,47,-3,3
13850,59,54,5,5
13851,60,56,4,4
13852,64,62,2,2
13853,94,84,10,10
13854,151,124,27,27
13855,75,66,9,9
13856,75,66,9,9
13857,79,66,13,13
13858,70,70,0,0
13859,107,98,9,9
13860,145,124,21,21
13861,70,66,4,4
13862,75,69,6,6
13863,141,118,23,23
13864,66,63,3,3
13865,79,65,14,14
13866,111,87,24,24
13867,112,92,20,20
13868,125,122,3,3
13869,121,115,6,6
13870,108,94,14,14
13871,74,74,0,0
13872,106,101,5,5
13873,118,105,13,13
13874,162,134,28,28
13875,142,97,45,45
13876,65,62,3,3
13877,59,54,5,5
13878,91,75,16,16
13879,75,66,9,9
13880,125,106,19,19
13881,146,120,26,26
13882,84,72,12,12
13883,95,85,10,10
13884,88,73,15,15
13885,95,80,15,15
13886,54,55,-1,1
13887,68,54,14,14
13888,250,225,25,25
13889,64,62,2,2
13890,89,75,14,14
13891,63,59,4,4
13892,47,57,-10,10
13893,113,100,13,13
13894,118,96,22,22
13895,77,69,8,8
13896,175,144,31,31
13897,87,77,10,10
13898,85,78,7,7
13899,107,86,21,21
13900,77,58,19,19
13901,112,107,5,5
13902,67,65,2,2
13903,124,118,6,6
13904,69,61,8,8
13905,170,148,22,22
13906,91,74,17,17
13907,69,63,6,6
13908,69,57,12,12
13909,102,90,12,12
13910,87,87,0,0
13911,61,57,4,4
13912,140,110,30,30
13913,56,59,-3,3
13914,50,47,3,3
13915,71,63,8,8
13916,46,49,-3,3
13917,102,91,11,11
13918,72,62,10,10
13919,102,94,8,8
13920,98,83,15,15
13921,114,104,10,10
13922,83,78,5,5
13923,75,70,5,5
13924,92,77,15,15
13925,107,99,8,8
13926,166,137,29,29
13927,72,69,3,3
13928,43,54,-11,11
13929,98,80,18,18
13930,141,117,24,24
13931,112,87,25,25
13932,149,136,13,13
13933,17,33,-16,16
13934,63,66,-3,3
13935,127,110,17,17
13936,128,116,12,12
13937,64,63,1,1
13938,59,58,1,1
13939,45,52,-7,7
13940,104,88,16,16
13941,82,73,9,9
13942,52,44,8,8
13943,96,78,18,18
13944,108,96,12,12
13945,122,107,15,15
13946,105,90,15,15
13947,72,69,3,3
13948,75,65,10,10
13949,111,99,12,12
13950,86,74,12,12
13951,121,110,11,11
13952,86,72,14,14
13953,66,58,8,8
13954,93,83,10,10
13955,128,121,7,7
13956,142,119,23,23
13957,87,66,21,21
13958,84,79,5,5
13959,103,93,10,10
13960,113,95,18,18
13961,136,123,13,13
13962,74,65,9,9
13963,108,110,-2,2
13964,89,83,6,6
13965,84,76,8,8
13966,98,88,10,10
13967,51,55,-4,4
13968,53,44,9,9
13969,88,78,10,10
13970,96,80,16,16
13971,105,100,5,5
13972,95,80,15,15
13973,119,77,42,42
13974,79,66,13,13
13975,110,84,26,26
13976,68,59,9,9
13977,98,90,8,8
13978,162,139,23,23
13979,124,112,12,12
13980,54,46,8,8
13981,89,88,1,1
13982,55,58,-3,3
13983,147,120,27,27
13984,118,96,22,22
13985,28,39,-11,11
13986,115,102,13,13
13987,87,76,11,11
13988,129,110,19,19
13989,100,85,15,15
13990,119,104,15,15
13991,95,86,9,9
13992,130,117,13,13
13993,57,46,11,11
13994,103,85,18,18
13995,100,85,15,15
13996,95,82,13,13
13997,61,53,8,8
13998,59,58,1,1
13999,126,103,23,23
14000,162,149,13,13
14001,98,87,11,11
14002,134,105,29,29
14003,118,99,19,19
14004,57,56,1,1
14005,84,80,4,4
14006,84,73,11,11
14007,120,116,4,4
14008,163,144,19,19
14009,64,61,3,3
14010,83,70,13,13
14011,69,74,-5,5
14012,135,101,34,34
14013,86,75,11,11
14014,60,49,11,11
14015,77,72,5,5
14016,92,82,10,10
14017,85,73,12,12
14018,161,136,25,25
14019,126,104,22,22
14020,63,58,5,5
14021,93,92,1,1
14022,73,66,7,7
14023,107,96,11,11
14024,74,68,6,6
14025,73,62,11,11
14026,108,84,24,24
14027,182,150,32,32
14028,134,107,27,27
14029,67,63,4,4
14030,91,79,12,12
14031,131,136,-5,5
14032,146,126,20,20
14033,80,70,10,10
14034,139,118,21,21
14035,188,164,24,24
14036,150,126,24,24
14037,74,65,9,9
14038,115,104,11,11
14039,87,74,13,13
14040,83,64,19,19
14041,71,62,9,9
14042,95,84,11,11
14043,110,92,18,18
14044,91,81,10,10
14045,108,94,14,14
14046,51,48,3,3
14047,71,68,3,3
14048,50,49,1,1
14049,66,65,1,1
14050,56,63,-7,7
14051,108,99,9,9
14052,114,96,18,18
14053,86,69,17,17
14054,88,77,11,11
14055,66,56,10,10
14056,111,101,10,10
14057,53,53,0,0
14058,94,83,11,11
14059,74,67,7,7
14060,129,118,11,11
14061,75,71,4,4
14062,198,161,37,37
14063,76,65,11,11
14064,94,84,10,10
14065,70,58,12,12
14066,172,136,36,36
14067,61,58,3,3
14068,80,72,8,8
14069,102,87,15,15
14070,114,101,13,13
14071,70,66,4,4
14072,75,76,-1,1
14073,112,97,15,15
14074,44,45,-1,1
14075,145,151,-6,6
14076,68,82,-14,14
14077,148,127,21,21
14078,56,53,3,3
14079,81,75,6,6
14080,73,67,6,6
14081,122,112,10,10
14082,75,73,2,2
14083,121,114,7,7
14084,139,124,15,15
14085,63,58,5,5
14086,125,111,14,14
14087,85,78,7,7
14088,112,102,10,10
14089,114,100,14,14
14090,134,111,23,23
14091,98,98,0,0
14092,75,73,2,2
14093,135,119,16,16
14094,96,88,8,8
14095,102,90,12,12
14096,150,138,12,12
14097,186,151,35,35
14098,63,52,11,11
14099,116,99,17,17
14100,83,66,17,17
14101,110,87,23,23
14102,104,89,15,15
14103,71,66,5,5
14104,111,105,6,6
14105,106,99,7,7
14106,147,131,16,16
14107,67,60,7,7
14108,212,177,35,35
14109,83,76,7,7
14110,174,132,42,42
14111,113,115,-2,2
14112,68,71,-3,3
14113,159,146,13,13
14114,52,57,-5,5
14115,123,110,13,13
14116,112,98,14,14
14117,69,69,0,0
14118,61,56,5,5
14119,63,61,2,2
14120,70,65,5,5
14121,65,66,-1,1
14122,145,133,12,12
14123,121,112,9,9
14124,60,51,9,9
14125,187,149,38,38
14126,24,31,-7,7
14127,136,121,15,15
14128,65,66,-1,1
14129,67,60,7,7
14130,189,164,25,25
14131,83,96,-13,13
14132,76,70,6,6
14133,91,80,11,11
14134,74,79,-5,5
14135,55,58,-3,3
14136,107,90,17,17
14137,160,136,24,24
14138,149,122,27,27
14139,96,80,16,16
14140,88,78,10,10
14141,118,106,12,12
14142,91,80,11,11
14143,92,82,10,10
14144,74,66,8,8
14145,118,110,8,8
14146,81,88,-7,7
14147,95,83,12,12
14148,68,66,2,2
14149,132,107,25,25
14150,49,43,6,6
14151,115,107,8,8
14152,148,129,19,19
14153,109,113,-4,4
14154,104,88,16,16
14155,159,144,15,15
14156,83,67,16,16
14157,47,42,5,5
14158,92,81,11,11
14159,101,95,6,6
14160,57,55,2,2
14161,40,43,-3,3
14162,153,128,25,25
14163,163,124,39,39
14164,66,65,1,1
14165,90,79,11,11
14166,55,46,9,9
14167,52,57,-5,5
14168,96,87,9,9
14169,115,102,13,13
14170,47,46,1,1
14171,77,81,-4,4
14172,76,72,4,4
14173,115,106,9,9
14174,93,87,6,6
14175,120,85,35,35
14176,83,85,-2,2
14177,119,101,18,18
14178,40,47,-7,7
14179,47,49,-2,2
14180,55,48,7,7
14181,96,84,12,12
14182,88,83,5,5
14183,74,77,-3,3
14184,80,78,2,2
14185,68,60,8,8
14186,144,123,21,21
14187,101,85,16,16
14188,116,103,13,13
14189,63,56,7,7
14190,51,47,4,4
14191,123,105,18,18
14192,145,123,22,22
14193,107,87,20,20
14194,109,96,13,13
14195,115,104,11,11
14196,59,53,6,6
14197,63,65,-2,2
14198,190,162,28,28
14199,69,61,8,8
14200,77,76,1,1
14201,78,76,2,2
14202,85,84,1,1
14203,112,83,29,29
14204,82,76,6,6
14205,150,130,20,20
14206,72,69,3,3
14207,105,96,9,9
14208,80,71,9,9
14209,39,44,-5,5
14210,102,98,4,4
14211,68,68,0,0
14212,95,82,13,13
14213,24,32,-8,8
14214,50,47,3,3
14215,66,54,12,12
14216,69,71,-2,2
14217,120,102,18,18
14218,140,110,30,30
14219,69,67,2,2
14220,187,134,53,53
14221,107,94,13,13
14222,67,60,7,7
14223,126,114,12,12
14224,112,112,0,0
14225,93,90,3,3
14226,89,81,8,8
14227,93,91,2,2
14228,48,43,5,5
14229,153,132,21,21
14230,67,60,7,7
14231,48,46,2,2
14232,58,62,-4,4
14233,179,147,32,32
14234,91,82,9,9
14235,123,110,13,13
14236,70,71,-1,1
14237,32,38,-6,6
14238,96,77,19,19
14239,53,50,3,3
14240,99,90,9,9
14241,133,108,25,25
14242,77,77,0,0
14243,47,56,-9,9
14244,55,51,4,4
14245,85,67,18,18
14246,135,116,19,19
14247,103,91,12,12
14248,62,66,-4,4
14249,73,68,5,5
14250,117,115,2,2
14251,112,98,14,14
14252,34,32,2,2
14253,46,48,-2,2
14254,68,59,9,9
14255,42,40,2,2
14256,88,100,-12,12
14257,88,80,8,8
14258,78,72,6,6
14259,74,72,2,2
14260,145,119,26,26
14261,144,126,18,18
14262,146,133,13,13
14263,50,50,0,0
14264,134,100,34,34
14265,81,69,12,12
14266,81,68,13,13
14267,64,58,6,6
14268,134,115,19,19
14269,177,150,27,27
14270,115,95,20,20
14271,105,97,8,8
14272,142,116,26,26
14273,104,92,12,12
14274,74,73,1,1
14275,177,142,35,35
14276,47,45,2,2
14277,127,116,11,11
14278,186,154,32,32
14279,81,86,-5,5
14280,78,69,9,9
14281,155,126,29,29
14282,170,117,53,53
14283,97,83,14,14
14284,94,83,11,11
14285,77,73,4,4
14286,83,80,3,3
14287,109,96,13,13
14288,92,83,9,9
14289,93,83,10,10
14290,63,79,-16,16
14291,85,76,9,9
14292,92,87,5,5
14293,68,53,15,15
14294,111,107,4,4
14295,181,153,28,28
14296,57,56,1,1
14297,93,91,2,2
14298,68,71,-3,3
14299,95,89,6,6
14300,123,98,25,25
14301,58,57,1,1
14302,159,124,35,35
14303,97,78,19,19
14304,82,76,6,6
14305,70,61,9,9
14306,87,68,19,19
14307,63,59,4,4
14308,138,120,18,18
14309,124,110,14,14
14310,90,78,12,12
14311,72,59,13,13
14312,82,81,1,1
14313,102,106,-4,4
14314,149,123,26,26
14315,127,109,18,18
14316,127,95,32,32
14317,80,71,9,9
14318,79,63,16,16
14319,126,114,12,12
14320,160,136,24,24
14321,88,80,8,8
14322,57,44,13,13
14323,117,106,11,11
14324,88,72,16,16
14325,117,106,11,11
14326,108,97,11,11
14327,122,118,4,4
14328,126,106,20,20
14329,137,122,15,15
14330,119,91,28,28
14331,94,87,7,7
14332,89,64,25,25
14333,65,56,9,9
14334,80,70,10,10
14335,73,71,2,2
14336,137,109,28,28
14337,112,98,14,14
14338,93,82,11,11
14339,121,92,29,29
14340,94,87,7,7
14341,74,69,5,5
14342,126,108,18,18
14343,102,82,20,20
14344,61,54,7,7
14345,107,100,7,7
14346,187,153,34,34
14347,129,107,22,22
14348,96,90,6,6
14349,85,69,16,16
14350,89,83,6,6
14351,65,53,12,12
14352,67,68,-1,1
14353,95,82,13,13
14354,90,74,16,16
14355,70,76,-6,6
14356,51,53,-2,2
14357,67,67,0,0
14358,105,85,20,20
14359,72,78,-6,6
14360,73,60,13,13
14361,90,81,9,9
14362,60,51,9,9
14363,125,107,18,18
14364,128,105,23,23
14365,114,100,14,14
14366,80,61,19,19
14367,130,105,25,25
14368,170,164,6,6
14369,163,132,31,31
14370,121,95,26,26
14371,65,63,2,2
14372,110,98,12,12
14373,86,79,7,7
14374,136,120,16,16
14375,95,86,9,9
14376,82,71,11,11
14377,117,98,19,19
14378,122,109,13,13
14379,61,52,9,9
14380,49,46,3,3
14381,188,147,41,41
14382,61,61,0,0
14383,164,143,21,21
14384,64,64,0,0
14385,100,83,17,17
14386,75,67,8,8
14387,90,75,15,15
14388,83,68,15,15
14389,74,74,0,0
14390,88,79,9,9
14391,110,88,22,22
14392,104,93,11,11
14393,61,60,1,1
14394,80,77,3,3
14395,121,99,22,22
14396,72,65,7,7
14397,80,70,10,10
14398,38,37,1,1
14399,136,105,31,31
14400,85,82,3,3
14401,86,79,7,7
14402,129,110,19,19
14403,58,52,6,6
14404,73,72,1,1
14405,135,118,17,17
14406,106,105,1,1
14407,53,52,1,1
14408,54,56,-2,2
14409,62,69,-7,7
14410,91,87,4,4
14411,61,53,8,8
14412,56,58,-2,2
14413,53,50,3,3
14414,67,60,7,7
14415,81,77,4,4
14416,77,76,1,1
14417,92,84,8,8
14418,181,148,33,33
14419,68,67,1,1
14420,73,68,5,5
14421,102,86,16,16
14422,85,78,7,7
14423,78,71,7,7
14424,85,71,14,14
14425,86,84,2,2
14426,61,50,11,11
14427,60,56,4,4
14428,70,76,-6,6
14429,63,61,2,2
14430,141,133,8,8
14431,82,69,13,13
14432,125,102,23,23
14433,25,27,-2,2
14434,124,102,22,22
14435,42,40,2,2
14436,123,112,11,11
14437,50,57,-7,7
14438,94,90,4,4
14439,175,146,29,29
14440,119,110,9,9
14441,97,90,7,7
14442,112,98,14,14
14443,105,93,12,12
14444,85,74,11,11
14445,117,108,9,9
14446,140,114,26,26
14447,117,97,20,20
14448,45,44,1,1
14449,73,70,3,3
14450,71,75,-4,4
14451,41,44,-3,3
14452,134,112,22,22
14453,102,92,10,10
14454,69,66,3,3
14455,98,91,7,7
14456,113,93,20,20
14457,90,83,7,7
14458,67,60,7,7
14459,83,79,4,4
14460,64,59,5,5
14461,192,147,45,45
14462,93,73,20,20
14463,111,102,9,9
14464,122,111,11,11
14465,89,88,1,1
14466,77,88,-11,11
14467,66,63,3,3
14468,57,55,2,2
14469,84,78,6,6
14470,90,83,7,7
14471,103,90,13,13
14472,144,124,20,20
14473,120,101,19,19
14474,105,90,15,15
14475,121,109,12,12
14476,51,86,-35,35
14477,91,75,16,16
14478,73,71,2,2
14479,60,55,5,5
14480,50,46,4,4
14481,94,94,0,0
14482,107,88,19,19
14483,62,54,8,8
14484,77,69,8,8
14485,109,94,15,15
14486,113,95,18,18
14487,95,98,-3,3
14488,153,137,16,16
14489,146,117,29,29
14490,75,71,4,4
14491,97,90,7,7
14492,96,87,9,9
14493,112,112,0,0
14494,93,93,0,0
14495,88,79,9,9
14496,143,116,27,27
14497,131,119,12,12
14498,92,85,7,7
14499,77,67,10,10
14500,94,82,12,12
14501,60,66,-6,6
14502,70,63,7,7
14503,73,68,5,5
14504,115,98,17,17
14505,111,102,9,9
14506,41,39,2,2
14507,49,50,-1,1
14508,141,116,25,25
14509,85,71,14,14
14510,89,80,9,9
14511,84,67,17,17
14512,102,87,15,15
14513,100,91,9,9
14514,72,66,6,6
14515,99,82,17,17
14516,68,59,9,9
14517,63,54,9,9
14518,156,143,13,13
14519,113,94,19,19
14520,109,91,18,18
14521,141,122,19,19
14522,173,149,24,24
14523,95,93,2,2
14524,89,87,2,2
14525,103,90,13,13
14526,71,66,5,5
14527,81,74,7,7
14528,93,83,10,10
14529,138,132,6,6
14530,94,75,19,19
14531,168,140,28,28
14532,56,54,2,2
14533,70,59,11,11
14534,143,109,34,34
14535,115,103,12,12
14536,78,65,13,13
14537,71,63,8,8
14538,61,55,6,6
14539,174,146,28,28
14540,136,123,13,13
14541,137,131,6,6
14542,64,55,9,9
14543,98,87,11,11
14544,61,61,0,0
14545,79,68,11,11
14546,58,54,4,4
14547,88,79,9,9
14548,83,74,9,9
14549,58,60,-2,2
14550,113,99,14,14
14551,65,55,10,10
14552,98,88,10,10
14553,98,82,16,16
14554,119,93,26,26
14555,81,79,2,2
14556,107,97,10,10
14557,69,60,9,9
14558,102,95,7,7
14559,64,62,2,2
14560,92,90,2,2
14561,91,72,19,19
14562,76,61,15,15
14563,120,104,16,16
14564,131,111,20,20
14565,73,59,14,14
14566,113,89,24,24
14567,46,43,3,3
14568,31,29,2,2
14569,86,91,-5,5
14570,124,115,9,9
14571,69,60,9,9
14572,103,89,14,14
14573,78,78,0,0
14574,85,72,13,13
14575,43,39,4,4
14576,102,93,9,9
14577,64,64,0,0
14578,112,107,5,5
14579,104,91,13,13
14580,116,104,12,12
14581,72,66,6,6
14582,86,85,1,1
14583,45,41,4,4
14584,90,83,7,7
14585,204,164,40,40
14586,38,42,-4,4
14587,95,72,23,23
14588,102,97,5,5
14589,193,166,27,27
14590,130,109,21,21
14591,47,45,2,2
14592,132,118,14,14
14593,176,138,38,38
14594,67,64,3,3
14595,100,92,8,8
14596,73,61,12,12
14597,44,46,-2,2
14598,65,65,0,0
14599,34,38,-4,4
14600,56,58,-2,2
14601,87,81,6,6
14602,87,94,-7,7
14603,44,50,-6,6
14604,115,93,22,22
14605,82,71,11,11
14606,134,120,14,14
14607,161,135,26,26
14608,61,51,10,10
14609,150,129,21,21
14610,106,93,13,13
14611,68,64,4,4
14612,106,86,20,20
14613,96,85,11,11
14614,142,130,12,12
14615,74,59,15,15
14616,47,47,0,0
14617,130,119,11,11
14618,121,112,9,9
14619,104,90,14,14
14620,79,72,7,7
14621,85,71,14,14
14622,92,80,12,12
14623,52,87,-35,35
14624,144,140,4,4
14625,92,77,15,15
14626,58,51,7,7
14627,116,112,4,4
14628,71,72,-1,1
14629,65,55,10,10
14630,86,67,19,19
14631,51,52,-1,1
14632,51,52,-1,1
14633,169,145,24,24
14634,117,109,8,8
14635,94,84,10,10
14636,77,68,9,9
14637,61,56,5,5
14638,64,58,6,6
14639,38,47,-9,9
14640,54,50,4,4
14641,70,66,4,4
14642,77,73,4,4
14643,127,102,25,25
14644,58,54,4,4
14645,84,78,6,6
14646,89,84,5,5
14647,52,47,5,5
14648,73,67,6,6
14649,64,66,-2,2
14650,53,57,-4,4
14651,112,92,20,20
14652,92,84,8,8
14653,90,71,19,19
14654,72,65,7,7
14655,99,92,7,7
14656,84,70,14,14
14657,90,85,5,5
14658,135,124,11,11
14659,91,76,15,15
14660,81,80,1,1
14661,119,103,16,16
14662,70,66,4,4
14663,62,56,6,6
14664,80,75,5,5
14665,69,62,7,7
14666,107,106,1,1
14667,145,120,25,25
14668,137,111,26,26
14669,94,86,8,8
14670,158,125,33,33
14671,174,157,17,17
14672,100,93,7,7
14673,141,125,16,16
14674,131,111,20,20
14675,168,141,27,27
14676,98,85,13,13
14677,116,113,3,3
14678,101,86,15,15
14679,89,105,-16,16
14680,119,102,17,17
14681,139,123,16,16
14682,25,27,-2,2
14683,106,95,11,11
14684,161,141,20,20
14685,123,106,17,17
14686,87,75,12,12
14687,58,56,2,2
14688,62,61,1,1
14689,89,77,12,12
14690,81,71,10,10
14691,70,58,12,12
14692,78,71,7,7
14693,163,141,22,22
14694,46,64,-18,18
14695,57,50,7,7
14696,108,92,16,16
14697,148,111,37,37
14698,74,71,3,3
14699,54,57,-3,3
14700,64,67,-3,3
14701,162,127,35,35
14702,124,101,23,23
14703,75,71,4,4
14704,76,67,9,9
14705,81,82,-1,1
14706,56,58,-2,2
14707,90,77,13,13
14708,70,69,1,1
14709,66,74,-8,8
14710,75,71,4,4
14711,95,102,-7,7
14712,123,108,15,15
14713,125,116,9,9
14714,44,42,2,2
14715,141,121,20,20
14716,53,53,0,0
14717,97,86,11,11
14718,100,88,12,12
14719,78,85,-7,7
14720,199,165,34,34
14721,124,104,20,20
14722,56,63,-7,7
14723,62,53,9,9
14724,109,90,19,19
14725,149,115,34,34
14726,101,94,7,7
14727,129,108,21,21
14728,138,109,29,29
14729,118,111,7,7
14730,151,129,22,22
14731,58,52,6,6
14732,148,131,17,17
14733,89,83,6,6
14734,93,85,8,8
14735,111,97,14,14
14736,131,113,18,18
14737,106,97,9,9
14738,123,111,12,12
14739,119,126,-7,7
14740,106,97,9,9
14741,121,103,18,18
14742,74,61,13,13
14743,94,92,2,2
14744,83,69,14,14
14745,159,131,28,28
14746,126,105,21,21
14747,71,64,7,7
14748,52,45,7,7
14749,139,137,2,2
14750,98,80,18,18
14751,94,83,11,11
14752,58,50,8,8
14753,126,117,9,9
14754,65,60,5,5
14755,98,78,20,20
14756,170,143,27,27
14757,71,70,1,1
14758,63,71,-8,8
14759,74,72,2,2
14760,119,104,15,15
14761,73,78,-5,5
14762,88,79,9,9
14763,96,88,8,8
14764,125,110,15,15
14765,119,108,11,11
14766,88,80,8,8
14767,98,81,17,17
14768,103,104,-1,1
14769,95,82,13,13
14770,80,73,7,7
14771,88,78,10,10
14772,50,49,1,1
14773,81,69,12,12
14774,72,60,12,12
14775,56,48,8,8
14776,54,49,5,5
14777,70,73,-3,3
14778,92,80,12,12
14779,79,72,7,7
14780,64,61,3,3
14781,121,109,12,12
14782,55,49,6,6
14783,110,96,14,14
14784,142,125,17,17
14785,160,136,24,24
14786,61,57,4,4
14787,59,56,3,3
14788,102,100,2,2
14789,95,78,17,17
14790,62,58,4,4
14791,142,125,17,17
14792,91,75,16,16
14793,114,96,18,18
14794,54,47,7,7
14795,93,90,3,3
14796,96,84,12,12
14797,75,66,9,9
14798,95,83,12,12
14799,59,56,3,3
14800,87,69,18,18
14801,121,97,24,24
14802,85,80,5,5
14803,74,70,4,4
14804,94,86,8,8
14805,117,103,14,14
14806,136,118,18,18
14807,51,50,1,1
14808,143,118,25,25
14809,110,95,15,15
14810,112,93,19,19
14811,59,49,10,10
14812,69,58,11,11
14813,92,79,13,13
14814,92,87,5,5
14815,125,103,22,22
14816,93,77,16,16
14817,94,77,17,17
14818,183,147,36,36
14819,158,144,14,14
14820,126,108,18,18
14821,201,163,38,38
14822,96,78,18,18
14823,69,79,-10,10
14824,112,112,0,0
14825,60,61,-1,1
14826,81,69,12,12
14827,229,192,37,37
14828,81,69,12,12
14829,49,51,-2,2
14830,98,82,16,16
14831,104,99,5,5
14832,117,94,23,23
14833,91,85,6,6
14834,96,76,20,20
14835,82,73,9,9
14836,193,151,42,42
14837,75,71,4,4
14838,101,85,16,16
14839,128,102,26,26
14840,103,91,12,12
14841,84,72,12,12
14842,162,136,26,26
14843,117,105,12,12
14844,104,113,-9,9
14845,85,77,8,8
14846,90,81,9,9
14847,67,63,4,4
14848,91,72,19,19
14849,152,131,21,21
14850,60,53,7,7
14851,107,94,13,13
14852,114,120,-6,6
14853,95,85,10,10
14854,85,78,7,7
14855,72,102,-30,30
14856,66,71,-5,5
14857,81,79,2,2
14858,112,95,17,17
14859,39,43,-4,4
14860,125,122,3,3
14861,67,61,6,6
14862,103,87,16,16
14863,44,56,-12,12
14864,52,46,6,6
14865,58,55,3,3
14866,105,95,10,10
14867,55,59,-4,4
14868,107,109,-2,2
14869,102,97,5,5
14870,61,71,-10,10
14871,129,117,12,12
14872,72,64,8,8
14873,144,120,24,24
14874,67,64,3,3
14875,131,113,18,18
14876,59,55,4,4
14877,142,120,22,22
14878,80,74,6,6
14879,95,80,15,15
14880,62,64,-2,2
14881,99,92,7,7
14882,69,72,-3,3
14883,36,37,-1,1
14884,53,53,0,0
14885,174,137,37,37
14886,120,106,14,14
14887,60,62,-2,2
14888,44,38,6,6
14889,104,95,9,9
14890,70,64,6,6
14891,80,69,11,11
14892,72,61,11,11
14893,114,111,3,3
14894,110,98,12,12
14895,69,57,12,12
14896,108,93,15,15
14897,136,118,18,18
14898,62,60,2,2
14899,170,153,17,17
14900,109,91,18,18
14901,85,76,9,9
14902,93,75,18,18
14903,117,103,14,14
14904,102,75,27,27
14905,123,100,23,23
14906,91,95,-4,4
14907,65,60,5,5
14908,52,49,3,3
14909,139,110,29,29
14910,88,83,5,5
14911,67,74,-7,7
14912,143,122,21,21
14913,153,139,14,14
14914,65,59,6,6
14915,84,75,9,9
14916,101,98,3,3
14917,90,106,-16,16
14918,75,67,8,8
14919,95,82,13,13
14920,197,157,40,40
14921,60,57,3,3
14922,152,132,20,20
14923,69,60,9,9
14924,79,74,5,5
14925,63,57,6,6
14926,114,103,11,11
14927,94,78,16,16
14928,107,90,17,17
14929,94,84,10,10
14930,68,59,9,9
14931,95,83,12,12
14932,123,102,21,21
14933,81,72,9,9
14934,141,113,28,28
14935,78,73,5,5
14936,100,96,4,4
14937,120,106,14,14
14938,36,30,6,6
14939,81,79,2,2
14940,118,88,30,30
14941,122,109,13,13
14942,80,68,12,12
14943,130,110,20,20
14944,44,42,2,2
14945,170,149,21,21
14946,74,86,-12,12
14947,66,64,2,2
14948,192,162,30,30
14949,84,76,8,8
14950,116,122,-6,6
14951,81,71,10,10
14952,43,41,2,2
14953,69,65,4,4
14954,63,55,8,8
14955,94,82,12,12
14956,84,73,11,11
14957,56,48,8,8
14958,106,98,8,8
14959,152,114,38,38
14960,92,79,13,13
14961,68,61,7,7
14962,87,85,2,2
14963,88,91,-3,3
14964,78,71,7,7
14965,64,67,-3,3
14966,147,129,18,18
14967,57,51,6,6
14968,81,74,7,7
14969,59,57,2,2
14970,70,63,7,7
14971,87,83,4,4
14972,90,73,17,17
14973,87,66,21,21
14974,49,50,-1,1
14975,160,127,33,33
14976,131,103,28,28
14977,83,76,7,7
14978,44,44,0,0
14979,44,48,-4,4
14980,52,51,1,1
14981,102,95,7,7
14982,69,64,5,5
14983,99,87,12,12
14984,81,81,0,0
14985,91,89,2,2
14986,87,74,13,13
14987,57,51,6,6
14988,82,78,4,4
14989,56,52,4,4
14990,76,67,9,9
14991,79,72,7,7
14992,78,66,12,12
14993,121,96,25,25
14994,119,91,28,28
14995,68,69,-1,1
14996,146,126,20,20
14997,106,81,25,25
14998,132,106,26,26
14999,47,48,-1,1
15000,70,60,10,10
15001,114,87,27,27
15002,71,61,10,10
15003,85,88,-3,3
15004,132,109,23,23
15005,33,32,1,1
15006,16,37,-21,21
15007,68,64,4,4
15008,62,58,4,4
15009,84,81,3,3
15010,50,50,0,0
15011,91,85,6,6
15012,116,104,12,12
15013,97,80,17,17
15014,126,110,16,16
15015,102,97,5,5
15016,111,88,23,23
15017,113,98,15,15
15018,149,119,30,30
15019,87,72,15,15
15020,120,98,22,22
15021,124,109,15,15
15022,145,115,30,30
15023,78,68,10,10
15024,158,140,18,18
15025,47,51,-4,4
15026,228,186,42,42
15027,86,83,3,3
15028,97,86,11,11
15029,105,90,15,15
15030,59,61,-2,2
15031,134,101,33,33
15032,122,107,15,15
15033,116,120,-4,4
15034,72,77,-5,5
15035,95,97,-2,2
15036,48,45,3,3
15037,71,65,6,6
15038,164,152,12,12
15039,80,74,6,6
15040,96,79,17,17
15041,133,113,20,20
15042,121,117,4,4
15043,122,111,11,11
15044,99,83,16,16
15045,96,80,16,16
15046,41,45,-4,4
15047,157,121,36,36
15048,104,76,28,28
15049,65,65,0,0
15050,103,96,7,7
15051,118,100,18,18
15052,99,87,12,12
15053,126,103,23,23
15054,106,93,13,13
15055,55,47,8,8
15056,75,66,9,9
15057,69,68,1,1
15058,107,100,7,7
15059,122,111,11,11
15060,63,61,2,2
15061,107,92,15,15
15062,96,102,-6,6
15063,62,70,-8,8
15064,72,65,7,7
15065,152,122,30,30
15066,65,62,3,3
15067,78,68,10,10
15068,115,99,16,16
15069,113,90,23,23
15070,113,88,25,25
15071,105,90,15,15
15072,116,104,12,12
15073,158,134,24,24
15074,57,58,-1,1
15075,141,127,14,14
15076,82,72,10,10
15077,106,96,10,10
15078,96,79,17,17
15079,104,90,14,14
15080,98,83,15,15
15081,83,85,-2,2
15082,138,119,19,19
15083,148,125,23,23
15084,71,60,11,11
15085,90,96,-6,6
15086,134,109,25,25
15087,129,121,8,8
15088,127,113,14,14
15089,77,71,6,6
15090,69,68,1,1
15091,102,90,12,12
15092,69,66,3,3
15093,65,61,4,4
15094,102,99,3,3
15095,56,64,-8,8
15096,123,103,20,20
15097,73,61,12,12
15098,61,63,-2,2
15099,102,105,-3,3
15100,98,87,11,11
15101,80,68,12,12
15102,85,79,6,6
15103,61,52,9,9
15104,127,116,11,11
15105,68,60,8,8
15106,127,122,5,5
15107,71,64,7,7
15108,71,53,18,18
15109,149,123,26,26
15110,91,74,17,17
15111,98,95,3,3
15112,51,49,2,2
15113,90,78,12,12
15114,105,102,3,3
15115,84,75,9,9
15116,98,81,17,17
15117,188,175,13,13
15118,57,53,4,4
15119,135,100,35,35
15120,107,91,16,16
15121,166,136,30,30
15122,102,86,16,16
15123,162,136,26,26
15124,74,63,11,11
15125,81,74,7,7
15126,58,54,4,4
15127,93,70,23,23
15128,67,57,10,10
15129,136,127,9,9
15130,122,110,12,12
15131,114,113,1,1
15132,66,58,8,8
15133,121,100,21,21
15134,82,80,2,2
15135,110,93,17,17
15136,63,61,2,2
15137,108,93,15,15
15138,77,68,9,9
15139,86,73,13,13
15140,74,62,12,12
15141,101,104,-3,3
15142,114,111,3,3
15143,105,87,18,18
15144,106,96,10,10
15145,83,72,11,11
15146,169,146,23,23
15147,71,63,8,8
15148,87,82,5,5
15149,67,63,4,4
15150,86,99,-13,13
15151,244,202,42,42
15152,96,77,19,19
15153,136,120,16,16
15154,64,59,5,5
15155,131,127,4,4
15156,142,130,12,12
15157,63,65,-2,2
15158,56,56,0,0
15159,65,60,5,5
15160,116,92,24,24
15161,57,53,4,4
15162,109,102,7,7
15163,114,112,2,2
15164,68,58,10,10
15165,114,99,15,15
15166,64,76,-12,12
15167,112,109,3,3
15168,47,52,-5,5
15169,66,58,8,8
15170,81,78,3,3
15171,127,112,15,15
15172,109,97,12,12
15173,72,60,12,12
15174,94,86,8,8
15175,46,48,-2,2
15176,113,80,33,33
15177,70,68,2,2
15178,80,78,2,2
15179,64,64,0,0
15180,113,93,20,20
15181,56,56,0,0
15182,112,93,19,19
15183,50,59,-9,9
15184,101,85,16,16
15185,173,147,26,26
15186,57,49,8,8
15187,104,88,16,16
15188,90,76,14,14
15189,76,69,7,7
15190,94,83,11,11
15191,105,113,-8,8
15192,121,105,16,16
15193,126,118,8,8
15194,127,101,26,26
15195,116,104,12,12
15196,88,78,10,10
15197,62,66,-4,4
15198,190,166,24,24
15199,91,86,5,5
15200,68,68,0,0
15201,102,85,17,17
15202,150,112,38,38
15203,85,81,4,4
15204,45,46,-1,1
15205,106,99,7,7
15206,64,56,8,8
15207,152,135,17,17
15208,124,114,10,10
15209,77,74,3,3
15210,80,79,1,1
15211,68,57,11,11
15212,131,116,15,15
15213,141,117,24,24
15214,138,110,28,28
15215,139,140,-1,1
15216,54,59,-5,5
15217,81,75,6,6
15218,131,113,18,18
15219,105,92,13,13
15220,88,70,18,18
15221,97,86,11,11
15222,132,111,21,21
15223,80,77,3,3
15224,83,74,9,9
15225,56,55,1,1
15226,68,69,-1,1
15227,88,74,14,14
15228,101,95,6,6
15229,123,103,20,20
15230,123,114,9,9
15231,56,66,-10,10
15232,139,124,15,15
15233,102,93,9,9
15234,53,47,6,6
15235,145,130,15,15
15236,94,87,7,7
15237,126,111,15,15
15238,92,76,16,16
15239,82,75,7,7
15240,74,74,0,0
15241,165,120,45,45
15242,99,93,6,6
15243,139,132,7,7
15244,84,67,17,17
15245,85,74,11,11
15246,63,63,0,0
15247,174,136,38,38
15248,127,100,27,27
15249,93,92,1,1
15250,106,94,12,12
15251,108,125,-17,17
15252,93,83,10,10
15253,98,76,22,22
15254,91,79,12,12
15255,68,60,8,8
15256,98,87,11,11
15257,264,201,63,63
15258,105,84,21,21
15259,71,68,3,3
15260,57,50,7,7
15261,99,86,13,13
15262,87,73,14,14
15263,109,97,12,12
15264,132,115,17,17
15265,66,67,-1,1
15266,99,90,9,9
15267,70,56,14,14
15268,111,98,13,13
15269,124,107,17,17
15270,53,55,-2,2
15271,113,92,21,21
15272,69,55,14,14
15273,69,69,0,0
15274,80,71,9,9
15275,87,78,9,9
15276,117,96,21,21
15277,105,85,20,20
15278,64,53,11,11
15279,41,43,-2,2
15280,60,54,6,6
15281,93,81,12,12
15282,74,61,13,13
15283,100,83,17,17
15284,75,65,10,10
15285,117,92,25,25
15286,129,117,12,12
15287,145,126,19,19
15288,102,94,8,8
15289,147,130,17,17
15290,55,53,2,2
15291,91,76,15,15
15292,46,48,-2,2
15293,211,155,56,56
15294,125,120,5,5
15295,76,68,8,8
15296,84,73,11,11
15297,104,93,11,11
15298,62,61,1,1
15299,77,71,6,6
15300,100,83,17,17
15301,83,79,4,4
15302,90,82,8,8
15303,181,151,30,30
15304,132,126,6,6
15305,88,77,11,11
15306,85,76,9,9
15307,69,66,3,3
15308,59,53,6,6
15309,42,32,10,10
15310,138,115,23,23
15311,75,63,12,12
15312,116,104,12,12
15313,76,80,-4,4
15314,85,77,8,8
15315,60,57,3,3
15316,101,90,11,11
15317,117,113,4,4
15318,73,72,1,1
15319,65,69,-4,4
15320,136,124,12,12
15321,40,43,-3,3
15322,61,52,9,9
15323,138,124,14,14
15324,55,57,-2,2
15325,87,75,12,12
15326,60,53,7,7
15327,42,39,3,3
15328,184,169,15,15
15329,136,122,14,14
15330,46,51,-5,5
15331,157,107,50,50
15332,99,92,7,7
15333,64,55,9,9
15334,95,84,11,11
15335,138,118,20,20
15336,63,62,1,1
15337,72,60,12,12
15338,52,53,-1,1
15339,90,72,18,18
15340,78,78,0,0
15341,97,91,6,6
15342,118,100,18,18
15343,89,82,7,7
15344,55,55,0,0
15345,109,95,14,14
15346,64,65,-1,1
15347,103,88,15,15
15348,96,85,11,11
15349,101,89,12,12
15350,130,112,18,18
15351,67,73,-6,6
15352,65,59,6,6
15353,80,72,8,8
15354,90,79,11,11
15355,86,75,11,11
15356,62,55,7,7
15357,162,138,24,24
15358,107,102,5,5
15359,42,41,1,1
15360,104,96,8,8
15361,125,108,17,17
15362,93,87,6,6
15363,163,162,1,1
15364,42,52,-10,10
15365,127,111,16,16
15366,94,92,2,2
15367,88,81,7,7
15368,147,123,24,24
15369,155,134,21,21
15370,107,88,19,19
15371,65,59,6,6
15372,94,99,-5,5
15373,77,73,4,4
15374,128,117,11,11
15375,70,68,2,2
15376,51,53,-2,2
15377,101,92,9,9
15378,108,85,23,23
15379,169,140,29,29
15380,56,54,2,2
15381,114,95,19,19
15382,129,121,8,8
15383,98,85,13,13
15384,62,58,4,4
15385,52,49,3,3
15386,125,103,22,22
15387,123,104,19,19
15388,107,95,12,12
15389,100,91,9,9
15390,153,150,3,3
15391,81,76,5,5
15392,82,77,5,5
15393,97,88,9,9
15394,28,32,-4,4
15395,123,110,13,13
15396,66,69,-3,3
15397,91,82,9,9
15398,95,86,9,9
15399,66,66,0,0
15400,105,95,10,10
15401,64,58,6,6
15402,106,92,14,14
15403,136,112,24,24
15404,87,80,7,7
15405,71,62,9,9
15406,116,105,11,11
15407,88,82,6,6
15408,53,50,3,3
15409,126,102,24,24
15410,144,112,32,32
15411,74,70,4,4
15412,63,58,5,5
15413,72,64,8,8
15414,73,63,10,10
15415,76,74,2,2
15416,88,76,12,12
15417,78,72,6,6
15418,103,91,12,12
15419,76,63,13,13
15420,41,73,-32,32
15421,231,177,54,54
15422,134,122,12,12
15423,126,98,28,28
15424,138,115,23,23
15425,103,101,2,2
15426,90,85,5,5
15427,73,64,9,9
15428,63,67,-4,4
15429,81,79,2,2
15430,120,94,26,26
15431,92,87,5,5
15432,100,87,13,13
15433,51,52,-1,1
15434,116,103,13,13
15435,97,86,11,11
15436,87,67,20,20
15437,138,111,27,27
15438,52,55,-3,3
15439,36,41,-5,5
15440,167,150,17,17
15441,80,82,-2,2
15442,117,103,14,14
15443,91,74,17,17
15444,163,139,24,24
15445,112,108,4,4
15446,75,72,3,3
15447,119,101,18,18
15448,61,60,1,1
15449,71,60,11,11
15450,117,106,11,11
15451,115,119,-4,4
15452,99,91,8,8
15453,125,108,17,17
15454,100,88,12,12
15455,153,117,36,36
15456,146,131,15,15
15457,157,127,30,30
15458,104,95,9,9
15459,130,109,21,21
15460,137,129,8,8
15461,105,100,5,5
15462,101,82,19,19
15463,110,101,9,9
15464,97,81,16,16
15465,87,80,7,7
15466,107,97,10,10
15467,87,80,7,7
15468,90,74,16,16
15469,90,79,11,11
15470,118,104,14,14
15471,57,60,-3,3
15472,108,101,7,7
15473,51,54,-3,3
15474,56,75,-19,19
15475,53,62,-9,9
15476,55,55,0,0
15477,68,69,-1,1
15478,61,61,0,0
15479,142,133,9,9
15480,83,73,10,10
15481,56,56,0,0
15482,60,64,-4,4
15483,59,58,1,1
15484,119,104,15,15
15485,60,63,-3,3
15486,60,58,2,2
15487,106,92,14,14
15488,78,72,6,6
15489,83,73,10,10
15490,63,59,4,4
15491,147,118,29,29
15492,182,147,35,35
15493,129,107,22,22
15494,97,90,7,7
15495,115,98,17,17
15496,105,99,6,6
15497,102,99,3,3
15498,127,117,10,10
15499,157,132,25,25
15500,84,74,10,10
15501,152,125,27,27
15502,74,70,4,4
15503,79,70,9,9
15504,123,115,8,8
15505,135,127,8,8
15506,82,73,9,9
15507,111,99,12,12
15508,62,78,-16,16
15509,59,60,-1,1
15510,77,78,-1,1
15511,63,63,0,0
15512,81,74,7,7
15513,56,54,2,2
15514,69,67,2,2
15515,65,63,2,2
15516,82,73,9,9
15517,91,81,10,10
15518,190,143,47,47
15519,185,153,32,32
15520,131,107,24,24
15521,65,60,5,5
15522,158,129,29,29
15523,144,140,4,4
15524,73,74,-1,1
15525,80,76,4,4
15526,152,130,22,22
15527,62,59,3,3
15528,64,61,3,3
15529,65,66,-1,1
15530,146,124,22,22
15531,124,108,16,16
15532,108,91,17,17
15533,131,108,23,23
15534,107,101,6,6
15535,104,92,12,12
15536,78,65,13,13
15537,115,111,4,4
15538,159,135,24,24
15539,103,97,6,6
15540,101,95,6,6
15541,63,58,5,5
15542,160,141,19,19
15543,61,59,2,2
15544,60,57,3,3
15545,130,124,6,6
15546,96,82,14,14
15547,84,77,7,7
15548,93,76,17,17
15549,110,100,10,10
15550,66,58,8,8
15551,77,65,12,12
15552,103,91,12,12
15553,78,73,5,5
15554,147,123,24,24
15555,87,82,5,5
15556,84,69,15,15
15557,83,72,11,11
15558,69,60,9,9
15559,180,152,28,28
15560,140,125,15,15
15561,57,56,1,1
15562,120,102,18,18
15563,62,59,3,3
15564,79,71,8,8
15565,127,115,12,12
15566,64,63,1,1
15567,81,67,14,14
15568,100,85,15,15
15569,118,103,15,15
15570,85,67,18,18
15571,77,78,-1,1
15572,104,88,16,16
15573,72,64,8,8
15574,101,88,13,13
15575,95,89,6,6
15576,98,85,13,13
15577,62,55,7,7
15578,98,81,17,17
15579,113,115,-2,2
15580,62,57,5,5
15581,52,55,-3,3
15582,112,103,9,9
15583,80,76,4,4
15584,106,105,1,1
15585,63,59,4,4
15586,49,58,-9,9
15587,72,68,4,4
15588,117,92,25,25
15589,116,96,20,20
15590,94,81,13,13
15591,95,87,8,8
15592,83,82,1,1
15593,119,105,14,14
15594,106,97,9,9
15595,92,76,16,16
15596,70,70,0,0
15597,133,110,23,23
15598,64,56,8,8
15599,169,137,32,32
15600,93,79,14,14
15601,102,94,8,8
15602,87,74,13,13
15603,71,64,7,7
15604,62,60,2,2
15605,59,49,10,10
15606,85,74,11,11
15607,72,68,4,4
15608,50,49,1,1
15609,92,81,11,11
15610,127,107,20,20
15611,57,51,6,6
15612,107,92,15,15
15613,65,57,8,8
15614,82,77,5,5
15615,81,77,4,4
15616,98,89,9,9
15617,82,71,11,11
15618,110,111,-1,1
15619,166,140,26,26
15620,107,94,13,13
15621,50,51,-1,1
15622,148,118,30,30
15623,70,68,2,2
15624,100,81,19,19
15625,108,98,10,10
15626,113,102,11,11
15627,53,58,-5,5
15628,126,113,13,13
15629,72,66,6,6
15630,197,154,43,43
15631,47,42,5,5
15632,89,74,15,15
15633,143,115,28,28
15634,119,104,15,15
15635,76,73,3,3
15636,73,72,1,1
15637,68,65,3,3
15638,111,97,14,14
15639,121,96,25,25
15640,92,89,3,3
15641,113,95,18,18
15642,98,90,8,8
15643,152,140,12,12
15644,80,73,7,7
15645,82,74,8,8
15646,128,109,19,19
15647,49,51,-2,2
15648,128,113,15,15
15649,63,57,6,6
15650,52,51,1,1
15651,89,78,11,11
15652,68,60,8,8
15653,109,95,14,14
15654,83,73,10,10
15655,97,87,10,10
15656,73,68,5,5
15657,75,64,11,11
15658,127,109,18,18
15659,52,70,-18,18
15660,69,51,18,18
15661,152,134,18,18
15662,87,79,8,8
15663,130,102,28,28
15664,72,73,-1,1
15665,114,103,11,11
15666,75,75,0,0
15667,136,111,25,25
15668,77,66,11,11
15669,88,76,12,12
15670,64,64,0,0
15671,90,72,18,18
15672,174,152,22,22
15673,57,60,-3,3
15674,56,58,-2,2
15675,78,69,9,9
15676,81,69,12,12
15677,67,54,13,13
15678,123,101,22,22
15679,146,127,19,19
15680,123,110,13,13
15681,98,92,6,6
15682,61,61,0,0
15683,109,97,12,12
15684,76,74,2,2
15685,121,105,16,16
15686,81,73,8,8
15687,38,51,-13,13
15688,70,71,-1,1
15689,83,72,11,11
15690,100,88,12,12
15691,79,79,0,0
15692,98,90,8,8
15693,79,66,13,13
15694,196,159,37,37
15695,137,119,18,18
15696,67,66,1,1
15697,87,80,7,7
15698,79,72,7,7
15699,84,81,3,3
15700,104,105,-1,1
15701,105,100,5,5
15702,113,94,19,19
15703,54,47,7,7
15704,77,69,8,8
15705,124,108,16,16
15706,103,88,15,15
15707,175,138,37,37
15708,67,57,10,10
15709,86,79,7,7
15710,65,62,3,3
15711,74,68,6,6
15712,85,60,25,25
15713,77,69,8,8
15714,94,85,9,9
15715,163,124,39,39
15716,107,97,10,10
15717,126,110,16,16
15718,97,82,15,15
15719,80,71,9,9
15720,150,138,12,12
15721,67,68,-1,1
15722,120,95,25,25
15723,86,85,1,1
15724,80,71,9,9
15725,79,70,9,9
15726,98,85,13,13
15727,100,93,7,7
15728,105,98,7,7
15729,140,138,2,2
15730,110,91,19,19
15731,101,83,18,18
15732,50,48,2,2
15733,132,114,18,18
15734,160,140,20,20
15735,119,98,21,21
15736,94,81,13,13
15737,83,75,8,8
15738,92,79,13,13
15739,76,62,14,14
15740,103,91,12,12
15741,93,83,10,10
15742,67,70,-3,3
15743,104,106,-2,2
15744,123,106,17,17
15745,90,73,17,17
15746,75,72,3,3
15747,120,103,17,17
15748,66,55,11,11
15749,106,93,13,13
15750,120,103,17,17
15751,98,75,23,23
15752,105,97,8,8
15753,97,86,11,11
15754,101,85,16,16
15755,80,73,7,7
15756,87,76,11,11
15757,68,59,9,9
15758,160,130,30,30
15759,77,71,6,6
15760,65,60,5,5
15761,90,82,8,8
15762,34,40,-6,6
15763,90,87,3,3
15764,83,68,15,15
15765,47,43,4,4
15766,47,65,-18,18
15767,106,102,4,4
15768,63,60,3,3
15769,96,87,9,9
15770,108,105,3,3
15771,85,77,8,8
15772,157,128,29,29
15773,90,70,20,20
15774,116,105,11,11
15775,132,117,15,15
15776,123,99,24,24
15777,118,101,17,17
15778,45,50,-5,5
15779,60,57,3,3
15780,179,141,38,38
15781,111,100,11,11
15782,118,107,11,11
15783,87,87,0,0
15784,51,54,-3,3
15785,37,42,-5,5
15786,91,81,10,10
15787,69,67,2,2
15788,130,103,27,27
15789,102,99,3,3
15790,93,88,5,5
15791,129,113,16,16
15792,54,49,5,5
15793,70,62,8,8
15794,125,101,24,24
15795,59,57,2,2
15796,46,39,7,7
15797,64,61,3,3
15798,113,89,24,24
15799,110,86,24,24
15800,46,47,-1,1
15801,134,126,8,8
15802,71,77,-6,6
15803,143,129,14,14
15804,63,60,3,3
15805,120,103,17,17
15806,86,70,16,16
15807,74,73,1,1
15808,118,108,10,10
15809,61,59,2,2
15810,65,58,7,7
15811,136,111,25,25
15812,85,78,7,7
15813,105,82,23,23
15814,146,125,21,21
15815,98,95,3,3
15816,30,46,-16,16
15817,76,68,8,8
15818,148,126,22,22
15819,126,99,27,27
15820,121,104,17,17
15821,173,119,54,54
15822,68,75,-7,7
15823,100,91,9,9
15824,109,98,11,11
15825,73,72,1,1
15826,97,87,10,10
15827,92,75,17,17
15828,97,85,12,12
15829,88,87,1,1
15830,159,128,31,31
15831,104,93,11,11
15832,65,61,4,4
15833,84,71,13,13
15834,82,74,8,8
15835,100,98,2,2
15836,105,92,13,13
15837,70,72,-2,2
15838,77,65,12,12
15839,111,97,14,14
15840,96,78,18,18
15841,98,96,2,2
15842,89,82,7,7
15843,62,62,0,0
15844,144,119,25,25
15845,134,115,19,19
15846,96,86,10,10
15847,64,67,-3,3
15848,74,65,9,9
15849,113,96,17,17
15850,125,129,-4,4
15851,122,101,21,21
15852,66,66,0,0
15853,46,45,1,1
15854,115,105,10,10
15855,59,61,-2,2
15856,76,66,10,10
15857,97,85,12,12
15858,125,113,12,12
15859,138,99,39,39
15860,24,28,-4,4
15861,34,37,-3,3
15862,77,69,8,8
15863,112,108,4,4
15864,123,106,17,17
15865,88,78,10,10
15866,130,111,19,19
15867,108,97,11,11
15868,52,48,4,4
15869,112,104,8,8
15870,41,38,3,3
15871,68,67,1,1
15872,111,97,14,14
15873,97,89,8,8
15874,73,68,5,5
15875,75,67,8,8
15876,79,84,-5,5
15877,62,64,-2,2
15878,75,80,-5,5
15879,128,112,16,16
15880,113,105,8,8
15881,49,46,3,3
15882,65,56,9,9
15883,64,59,5,5
15884,97,103,-6,6
15885,117,96,21,21
15886,62,57,5,5
15887,75,85,-10,10
15888,80,77,3,3
15889,63,63,0,0
15890,50,54,-4,4
15891,112,100,12,12
15892,129,113,16,16
15893,78,68,10,10
15894,102,92,10,10
15895,101,82,19,19
15896,67,64,3,3
15897,49,48,1,1
15898,184,150,34,34
15899,81,72,9,9
15900,70,62,8,8
15901,95,79,16,16
15902,111,92,19,19
15903,141,118,23,23
15904,105,97,8,8
15905,54,46,8,8
15906,78,70,8,8
15907,155,124,31,31
15908,134,115,19,19
15909,88,72,16,16
15910,66,68,-2,2
15911,64,62,2,2
15912,60,66,-6,6
15913,94,83,11,11
15914,103,82,21,21
15915,146,126,20,20
15916,74,76,-2,2
15917,73,61,12,12
15918,62,59,3,3
15919,103,93,10,10
15920,126,107,19,19
15921,96,79,17,17
15922,160,133,27,27
15923,118,104,14,14
15924,128,104,24,24
15925,191,163,28,28
15926,123,102,21,21
15927,107,104,3,3
15928,55,48,7,7
15929,47,38,9,9
15930,55,50,5,5
15931,58,56,2,2
15932,107,98,9,9
15933,76,67,9,9
15934,96,76,20,20
15935,57,52,5,5
15936,110,104,6,6
15937,79,66,13,13
15938,65,64,1,1
15939,123,100,23,23
15940,61,48,13,13
15941,65,66,-1,1
15942,113,95,18,18
15943,49,43,6,6
15944,82,81,1,1
15945,98,92,6,6
15946,75,69,6,6
15947,112,103,9,9
15948,113,90,23,23
15949,94,84,10,10
15950,58,47,11,11
15951,64,61,3,3
15952,105,101,4,4
15953,101,92,9,9
15954,68,67,1,1
15955,101,86,15,15
15956,52,50,2,2
15957,70,70,0,0
15958,97,115,-18,18
15959,117,98,19,19
15960,68,63,5,5
15961,127,101,26,26
15962,69,67,2,2
15963,90,86,4,4
15964,40,49,-9,9
15965,114,95,19,19
15966,98,89,9,9
15967,66,62,4,4
15968,67,74,-7,7
15969,190,166,24,24
15970,104,89,15,15
15971,74,74,0,0
15972,69,53,16,16
15973,86,82,4,4
15974,102,82,20,20
15975,122,103,19,19
15976,142,121,21,21
15977,103,80,23,23
15978,164,134,30,30
15979,110,111,-1,1
15980,64,61,3,3
15981,74,65,9,9
15982,61,54,7,7
15983,63,62,1,1
15984,100,79,21,21
15985,107,97,10,10
15986,102,86,16,16
15987,31,41,-10,10
15988,147,123,24,24
15989,60,57,3,3
15990,86,74,12,12
15991,114,111,3,3
15992,103,106,-3,3
15993,75,69,6,6
15994,95,92,3,3
15995,87,70,17,17
15996,99,80,19,19
15997,114,103,11,11
15998,76,75,1,1
15999,120,111,9,9
16000,90,77,13,13
16001,64,56,8,8
16002,113,98,15,15
16003,66,59,7,7
16004,123,98,25,25
16005,132,107,25,25
16006,124,94,30,30
16007,56,53,3,3
16008,125,123,2,2
16009,101,93,8,8
16010,89,81,8,8
16011,57,61,-4,4
16012,98,82,16,16
16013,101,89,12,12
16014,82,79,3,3
16015,128,123,5,5
16016,56,55,1,1
16017,162,140,22,22
16018,84,84,0,0
16019,79,67,12,12
16020,53,54,-1,1
16021,55,56,-1,1
16022,62,55,7,7
16023,73,71,2,2
16024,42,42,0,0
16025,127,127,0,0
16026,52,55,-3,3
16027,121,111,10,10
16028,75,76,-1,1
16029,89,78,11,11
16030,64,61,3,3
16031,36,32,4,4
16032,89,73,16,16
16033,72,63,9,9
16034,148,126,22,22
16035,106,96,10,10
16036,158,142,16,16
16037,131,110,21,21
16038,130,117,13,13
16039,77,64,13,13
16040,136,112,24,24
16041,102,93,9,9
16042,86,79,7,7
16043,89,75,14,14
16044,101,83,18,18
16045,99,87,12,12
16046,100,82,18,18
16047,69,67,2,2
16048,92,75,17,17
16049,69,66,3,3
16050,128,109,19,19
16051,151,128,23,23
16052,39,36,3,3
16053,44,47,-3,3
16054,74,75,-1,1
16055,82,69,13,13
16056,140,116,24,24
16057,120,98,22,22
16058,79,62,17,17
16059,89,82,7,7
16060,158,165,-7,7
16061,105,115,-10,10
16062,113,104,9,9
16063,58,52,6,6
16064,95,80,15,15
16065,82,78,4,4
16066,140,115,25,25
16067,66,68,-2,2
16068,94,85,9,9
16069,116,109,7,7
16070,70,72,-2,2
16071,90,81,9,9
16072,73,75,-2,2
16073,62,92,-30,30
16074,55,52,3,3
16075,87,84,3,3
16076,97,90,7,7
16077,75,65,10,10
16078,113,94,19,19
16079,148,117,31,31
16080,144,148,-4,4
16081,64,54,10,10
16082,117,92,25,25
16083,89,78,11,11
16084,106,93,13,13
16085,130,111,19,19
16086,91,90,1,1
16087,52,48,4,4
16088,54,57,-3,3
16089,117,92,25,25
16090,127,119,8,8
16091,104,84,20,20
16092,122,104,18,18
16093,67,58,9,9
16094,73,70,3,3
16095,84,74,10,10
16096,63,56,7,7
16097,199,173,26,26
16098,138,136,2,2
16099,85,74,11,11
16100,112,102,10,10
16101,100,91,9,9
16102,184,172,12,12
16103,90,79,11,11
16104,55,50,5,5
16105,142,117,25,25
16106,124,110,14,14
16107,83,87,-4,4
16108,79,80,-1,1
16109,52,65,-13,13
16110,92,82,10,10
16111,71,65,6,6
16112,47,41,6,6
16113,83,77,6,6
16114,68,63,5,5
16115,65,65,0,0
16116,99,85,14,14
16117,114,108,6,6
16118,98,93,5,5
16119,84,92,-8,8
16120,181,143,38,38
16121,51,47,4,4
16122,95,74,21,21
16123,77,72,5,5
16124,70,69,1,1
16125,103,86,17,17
16126,106,86,20,20
16127,70,70,0,0
16128,92,83,9,9
16129,104,89,15,15
16130,49,58,-9,9
16131,62,66,-4,4
16132,52,51,1,1
16133,88,78,10,10
16134,84,69,15,15
16135,80,76,4,4
16136,55,54,1,1
16137,84,71,13,13
16138,158,130,28,28
16139,76,65,11,11
16140,58,58,0,0
16141,94,74,20,20
16142,44,40,4,4
16143,96,83,13,13
16144,134,112,22,22
16145,124,107,17,17
16146,137,125,12,12
16147,139,117,22,22
16148,40,41,-1,1
16149,64,62,2,2
16150,100,89,11,11
16151,90,82,8,8
16152,88,79,9,9
16153,80,72,8,8
16154,67,61,6,6
16155,96,83,13,13
16156,74,59,15,15
16157,80,64,16,16
16158,54,56,-2,2
16159,133,116,17,17
16160,71,62,9,9
16161,151,124,27,27
16162,150,129,21,21
16163,107,97,10,10
16164,104,95,9,9
16165,96,84,12,12
16166,164,141,23,23
16167,61,66,-5,5
16168,95,84,11,11
16169,120,105,15,15
16170,107,99,8,8
16171,116,96,20,20
16172,89,79,10,10
16173,42,39,3,3
16174,74,65,9,9
16175,100,96,4,4
16176,66,56,10,10
16177,105,97,8,8
16178,108,83,25,25
16179,144,125,19,19
16180,118,113,5,5
16181,82,70,12,12
16182,164,137,27,27
16183,125,116,9,9
16184,68,68,0,0
16185,102,90,12,12
16186,109,105,4,4
16187,111,88,23,23
16188,115,92,23,23
16189,58,51,7,7
16190,109,89,20,20
16191,90,90,0,0
16192,99,84,15,15
16193,124,121,3,3
16194,147,108,39,39
16195,67,62,5,5
16196,89,81,8,8
16197,77,62,15,15
16198,106,119,-13,13
16199,78,72,6,6
16200,58,65,-7,7
16201,119,100,19,19
16202,74,73,1,1
16203,80,74,6,6
16204,143,120,23,23
16205,160,132,28,28
16206,117,101,16,16
16207,79,66,13,13
16208,103,92,11,11
16209,88,67,21,21
16210,74,72,2,2
16211,96,90,6,6
16212,94,98,-4,4
16213,66,57,9,9
16214,43,49,-6,6
16215,137,115,22,22
16216,89,76,13,13
16217,95,90,5,5
16218,172,156,16,16
16219,37,40,-3,3
16220,75,72,3,3
16221,112,101,11,11
16222,98,90,8,8
16223,137,120,17,17
16224,122,101,21,21
16225,55,50,5,5
16226,65,57,8,8
16227,105,97,8,8
16228,67,65,2,2
16229,115,91,24,24
16230,35,45,-10,10
16231,95,83,12,12
16232,62,53,9,9
16233,60,57,3,3
16234,142,113,29,29
16235,74,75,-1,1
16236,100,84,16,16
16237,179,88,91,91
16238,173,136,37,37
16239,161,141,20,20
16240,76,69,7,7
16241,79,78,1,1
16242,116,96,20,20
16243,58,57,1,1
16244,83,82,1,1
16245,48,50,-2,2
16246,74,65,9,9
16247,57,64,-7,7
16248,84,72,12,12
16249,114,93,21,21
16250,72,58,14,14
16251,96,92,4,4
16252,113,128,-15,15
16253,105,87,18,18
16254,149,118,31,31
16255,62,59,3,3
16256,72,58,14,14
16257,77,70,7,7
16258,152,125,27,27
16259,94,80,14,14
16260,115,101,14,14
16261,56,49,7,7
16262,65,61,4,4
16263,111,95,16,16
16264,73,72,1,1
16265,75,65,10,10
16266,90,90,0,0
16267,121,114,7,7
16268,111,93,18,18
16269,179,146,33,33
16270,136,124,12,12
16271,111,96,15,15
16272,35,60,-25,25
16273,90,85,5,5
16274,58,52,6,6
16275,172,143,29,29
16276,77,69,8,8
16277,81,67,14,14
16278,31,40,-9,9
16279,87,81,6,6
16280,63,70,-7,7
16281,114,92,22,22
16282,96,85,11,11
16283,83,74,9,9
16284,117,109,8,8
16285,121,95,26,26
16286,89,81,8,8
16287,106,98,8,8
16288,108,91,17,17
16289,121,105,16,16
16290,160,129,31,31
16291,110,96,14,14
16292,87,69,18,18
16293,107,95,12,12
16294,117,107,10,10
16295,74,70,4,4
16296,96,85,11,11
16297,133,112,21,21
16298,81,84,-3,3
16299,81,77,4,4
16300,76,69,7,7
16301,57,58,-1,1
16302,131,120,11,11
16303,91,73,18,18
16304,39,46,-7,7
16305,119,99,20,20
16306,138,117,21,21
16307,105,100,5,5
16308,77,68,9,9
16309,132,120,12,12
16310,58,58,0,0
16311,42,41,1,1
16312,67,61,6,6
16313,54,48,6,6
16314,74,66,8,8
16315,95,86,9,9
16316,73,62,11,11
16317,75,85,-10,10
16318,58,58,0,0
16319,112,94,18,18
16320,114,95,19,19
16321,118,110,8,8
16322,63,57,6,6
16323,59,63,-4,4
16324,56,48,8,8
16325,66,58,8,8
16326,64,60,4,4
16327,100,82,18,18
16328,97,87,10,10
16329,155,132,23,23
16330,93,76,17,17
16331,123,110,13,13
16332,89,74,15,15
16333,76,74,2,2
16334,178,159,19,19
16335,67,60,7,7
16336,112,93,19,19
16337,105,91,14,14
16338,95,81,14,14
16339,81,75,6,6
16340,67,70,-3,3
16341,79,71,8,8
16342,117,107,10,10
16343,72,73,-1,1
16344,103,93,10,10
16345,109,94,15,15
16346,59,58,1,1
16347,101,89,12,12
16348,112,100,12,12
16349,158,126,32,32
16350,119,107,12,12
16351,92,80,12,12
16352,38,40,-2,2
16353,66,66,0,0
16354,69,73,-4,4
16355,51,55,-4,4
16356,200,148,52,52
16357,93,77,16,16
16358,97,87,10,10
16359,171,129,42,42
16360,65,66,-1,1
16361,102,86,16,16
16362,72,65,7,7
16363,55,56,-1,1
16364,118,90,28,28
16365,86,74,12,12
16366,135,111,24,24
16367,78,67,11,11
16368,115,107,8,8
16369,140,129,11,11
16370,61,59,2,2
16371,48,50,-2,2
16372,78,70,8,8
16373,195,169,26,26
16374,48,52,-4,4
16375,71,66,5,5
16376,126,111,15,15
16377,207,169,38,38
16378,111,89,22,22
16379,75,77,-2,2
16380,106,92,14,14
16381,84,74,10,10
16382,140,121,19,19
16383,77,87,-10,10
16384,88,79,9,9
16385,63,54,9,9
16386,146,119,27,27
16387,43,45,-2,2
16388,87,78,9,9
16389,63,55,8,8
16390,92,89,3,3
16391,64,62,2,2
16392,107,87,20,20
16393,114,96,18,18
16394,76,62,14,14
16395,108,107,1,1
16396,61,57,4,4
16397,157,135,22,22
16398,161,133,28,28
16399,81,72,9,9
16400,42,42,0,0
16401,120,90,30,30
16402,118,97,21,21
16403,99,93,6,6
16404,78,73,5,5
16405,39,37,2,2
16406,62,62,0,0
16407,93,74,19,19
16408,51,53,-2,2
16409,63,76,-13,13
16410,131,128,3,3
16411,117,92,25,25
16412,96,82,14,14
16413,158,137,21,21
16414,88,82,6,6
16415,77,74,3,3
16416,84,76,8,8
16417,123,104,19,19
16418,84,71,13,13
16419,122,111,11,11
16420,88,81,7,7
16421,73,59,14,14
16422,198,167,31,31
16423,87,70,17,17
16424,76,75,1,1
16425,85,79,6,6
16426,86,87,-1,1
16427,161,148,13,13
16428,132,97,35,35
16429,65,53,12,12
16430,65,57,8,8
16431,155,129,26,26
16432,94,90,4,4
16433,91,77,14,14
16434,94,93,1,1
16435,132,115,17,17
16436,74,71,3,3
16437,134,116,18,18
16438,186,160,26,26
16439,117,100,17,17
16440,128,115,13,13
16441,49,48,1,1
16442,52,50,2,2
16443,54,47,7,7
16444,49,55,-6,6
16445,61,61,0,0
16446,87,78,9,9
16447,121,111,10,10
16448,110,99,11,11
16449,29,37,-8,8
16450,75,65,10,10
16451,119,109,10,10
16452,100,86,14,14
16453,73,85,-12,12
16454,71,69,2,2
16455,61,78,-17,17
16456,91,96,-5,5
16457,68,73,-5,5
16458,79,72,7,7
16459,141,130,11,11
16460,89,81,8,8
16461,132,113,19,19
16462,110,97,13,13
16463,70,67,3,3
16464,49,47,2,2
16465,99,89,10,10
16466,60,51,9,9
16467,94,86,8,8
16468,89,80,9,9
16469,149,127,22,22
16470,78,66,12,12
16471,133,129,4,4
16472,134,130,4,4
16473,65,64,1,1
16474,117,94,23,23
16475,96,83,13,13
16476,130,103,27,27
16477,138,119,19,19
16478,85,78,7,7
16479,128,109,19,19
16480,84,77,7,7
16481,127,103,24,24
16482,67,66,1,1
16483,149,135,14,14
16484,77,65,12,12
16485,91,81,10,10
16486,137,115,22,22
16487,142,120,22,22
16488,68,65,3,3
16489,129,117,12,12
16490,120,104,16,16
16491,38,40,-2,2
16492,109,97,12,12
16493,101,83,18,18
16494,66,90,-24,24
16495,61,63,-2,2
16496,107,95,12,12
16497,112,89,23,23
16498,114,115,-1,1
16499,96,87,9,9
16500,136,117,19,19
16501,60,59,1,1
16502,108,89,19,19
16503,109,99,10,10
16504,98,85,13,13
16505,53,65,-12,12
16506,68,56,12,12
16507,114,100,14,14
16508,181,162,19,19
16509,121,103,18,18
16510,67,63,4,4
16511,78,68,10,10
16512,74,67,7,7
16513,47,41,6,6
16514,113,111,2,2
16515,41,43,-2,2
16516,57,56,1,1
16517,68,56,12,12
16518,88,83,5,5
16519,76,86,-10,10
16520,96,87,9,9
16521,45,47,-2,2
16522,119,103,16,16
16523,104,98,6,6
16524,111,96,15,15
16525,62,51,11,11
16526,94,83,11,11
16527,86,75,11,11
16528,78,77,1,1
16529,132,118,14,14
16530,105,90,15,15
16531,141,111,30,30
16532,59,56,3,3
16533,205,155,50,50
16534,91,81,10,10
16535,87,95,-8,8
16536,87,78,9,9
16537,102,76,26,26
16538,94,80,14,14
16539,77,71,6,6
16540,61,56,5,5
16541,152,119,33,33
16542,85,78,7,7
16543,120,103,17,17
16544,83,81,2,2
16545,135,115,20,20
16546,52,49,3,3
16547,79,68,11,11
16548,50,54,-4,4
16549,152,124,28,28
16550,80,66,14,14
16551,83,79,4,4
16552,163,141,22,22
16553,75,75,0,0
16554,72,68,4,4
16555,93,79,14,14
16556,118,97,21,21
16557,84,76,8,8
16558,72,64,8,8
16559,75,69,6,6
16560,79,71,8,8
16561,84,82,2,2
16562,88,80,8,8
16563,99,86,13,13
16564,59,61,-2,2
16565,112,98,14,14
16566,128,101,27,27
16567,115,97,18,18
16568,101,104,-3,3
16569,60,55,5,5
16570,80,78,2,2
16571,134,121,13,13
16572,72,65,7,7
16573,160,129,31,31
16574,123,109,14,14
16575,111,95,16,16
16576,61,62,-1,1
16577,68,65,3,3
16578,131,124,7,7
16579,135,111,24,24
16580,217,195,22,22
16581,56,49,7,7
16582,86,83,3,3
16583,104,100,4,4
16584,87,87,0,0
16585,76,70,6,6
16586,137,116,21,21
16587,86,79,7,7
16588,53,50,3,3
16589,82,78,4,4
16590,52,44,8,8
16591,85,75,10,10
16592,110,93,17,17
16593,58,51,7,7
16594,103,96,7,7
16595,40,37,3,3
16596,70,65,5,5
16597,50,46,4,4
16598,69,65,4,4
16599,108,101,7,7
16600,82,68,14,14
16601,138,111,27,27
16602,103,91,12,12
16603,119,100,19,19
16604,111,91,20,20
16605,154,128,26,26
16606,131,114,17,17
16607,67,63,4,4
16608,76,65,11,11
16609,104,92,12,12
16610,134,109,25,25
16611,41,46,-5,5
16612,54,50,4,4
16613,116,100,16,16
16614,58,55,3,3
16615,74,75,-1,1
16616,101,92,9,9
16617,62,59,3,3
16618,141,122,19,19
16619,93,77,16,16
16620,98,86,12,12
16621,88,90,-2,2
16622,33,37,-4,4
16623,115,115,0,0
16624,86,82,4,4
16625,156,131,25,25
16626,66,58,8,8
16627,93,78,15,15
16628,61,56,5,5
16629,128,108,20,20
16630,161,128,33,33
16631,51,50,1,1
16632,59,59,0,0
16633,97,86,11,11
16634,157,129,28,28
16635,91,89,2,2
16636,67,50,17,17
16637,90,82,8,8
16638,82,73,9,9
16639,104,90,14,14
16640,96,84,12,12
16641,122,112,10,10
16642,86,72,14,14
16643,126,110,16,16
16644,87,73,14,14
16645,77,76,1,1
16646,117,98,19,19
16647,144,116,28,28
16648,86,68,18,18
16649,61,51,10,10
16650,79,90,-11,11
16651,96,89,7,7
16652,89,83,6,6
16653,89,84,5,5
16654,110,96,14,14
16655,87,70,17,17
16656,39,41,-2,2
16657,98,84,14,14
16658,151,129,22,22
16659,89,80,9,9
16660,67,63,4,4
16661,71,62,9,9
16662,119,97,22,22
16663,86,78,8,8
16664,147,123,24,24
16665,51,45,6,6
16666,83,82,1,1
16667,83,74,9,9
16668,54,50,4,4
16669,138,118,20,20
16670,64,58,6,6
16671,80,73,7,7
16672,58,60,-2,2
16673,92,80,12,12
16674,56,66,-10,10
16675,114,108,6,6
16676,58,55,3,3
16677,51,51,0,0
16678,111,94,17,17
16679,66,68,-2,2
16680,64,61,3,3
16681,99,96,3,3
16682,73,63,10,10
16683,110,88,22,22
16684,99,98,1,1
16685,92,78,14,14
16686,57,52,5,5
16687,138,116,22,22
16688,156,139,17,17
16689,113,98,15,15
16690,37,39,-2,2
16691,119,102,17,17
16692,109,100,9,9
16693,137,118,19,19
16694,187,134,53,53
16695,77,75,2,2
16696,78,64,14,14
16697,89,81,8,8
16698,144,130,14,14
16699,111,99,12,12
16700,46,50,-4,4
16701,119,106,13,13
16702,89,71,18,18
16703,85,69,16,16
16704,155,125,30,30
16705,164,152,12,12
16706,176,149,27,27
16707,61,59,2,2
16708,143,128,15,15
16709,66,50,16,16
16710,138,111,27,27
16711,107,94,13,13
16712,80,70,10,10
16713,95,83,12,12
16714,94,93,1,1
16715,90,80,10,10
16716,65,62,3,3
16717,75,70,5,5
16718,54,51,3,3
16719,84,76,8,8
16720,129,105,24,24
16721,142,112,30,30
16722,96,92,4,4
16723,112,99,13,13
16724,93,76,17,17
16725,57,53,4,4
16726,36,46,-10,10
16727,46,49,-3,3
16728,94,89,5,5
16729,57,54,3,3
16730,106,100,6,6
16731,130,116,14,14
16732,62,56,6,6
16733,89,82,7,7
16734,137,116,21,21
16735,107,100,7,7
16736,58,50,8,8
16737,73,62,11,11
16738,86,80,6,6
16739,103,90,13,13
16740,121,105,16,16
16741,66,56,10,10
16742,87,82,5,5
16743,59,50,9,9
16744,109,101,8,8
16745,79,79,0,0
16746,68,60,8,8
16747,66,64,2,2
16748,72,67,5,5
16749,100,87,13,13
16750,102,91,11,11
16751,55,53,2,2
16752,98,91,7,7
16753,107,96,11,11
16754,77,65,12,12
16755,76,75,1,1
16756,65,60,5,5
16757,134,105,29,29
16758,39,44,-5,5
16759,123,115,8,8
16760,64,59,5,5
16761,105,91,14,14
16762,66,61,5,5
16763,203,173,30,30
16764,144,113,31,31
16765,75,73,2,2
16766,106,91,15,15
16767,104,92,12,12
16768,73,73,0,0
16769,83,68,15,15
16770,81,87,-6,6
16771,83,76,7,7
16772,100,96,4,4
16773,103,86,17,17
16774,76,68,8,8
16775,66,65,1,1
16776,72,65,7,7
16777,87,89,-2,2
16778,81,77,4,4
16779,109,94,15,15
16780,103,84,19,19
16781,112,110,2,2
16782,170,143,27,27
16783,89,79,10,10
16784,73,73,0,0
16785,59,54,5,5
16786,135,117,18,18
16787,61,62,-1,1
16788,78,73,5,5
16789,125,103,22,22
16790,64,67,-3,3
16791,54,52,2,2
16792,119,101,18,18
16793,92,88,4,4
16794,117,98,19,19
16795,88,71,17,17
16796,99,85,14,14
16797,48,49,-1,1
16798,123,112,11,11
16799,113,104,9,9
16800,98,88,10,10
16801,66,59,7,7
16802,82,69,13,13
16803,38,30,8,8
16804,86,81,5,5
16805,135,127,8,8
16806,140,120,20,20
16807,73,65,8,8
16808,95,85,10,10
16809,40,40,0,0
16810,67,79,-12,12
16811,160,135,25,25
16812,121,102,19,19
16813,104,77,27,27
16814,98,87,11,11
16815,125,104,21,21
16816,119,97,22,22
16817,109,102,7,7
16818,73,68,5,5
16819,212,167,45,45
16820,81,69,12,12
16821,104,89,15,15
16822,44,42,2,2
16823,82,63,19,19
16824,181,145,36,36
16825,50,47,3,3
16826,90,93,-3,3
16827,87,76,11,11
16828,76,79,-3,3
16829,211,180,31,31
16830,104,87,17,17
16831,114,97,17,17
16832,143,127,16,16
16833,142,122,20,20
16834,153,148,5,5
16835,60,52,8,8
16836,60,57,3,3
16837,111,85,26,26
16838,143,135,8,8
16839,76,72,4,4
16840,73,64,9,9
16841,76,63,13,13
16842,75,66,9,9
16843,58,57,1,1
16844,57,51,6,6
16845,112,94,18,18
16846,151,121,30,30
16847,51,47,4,4
16848,64,63,1,1
16849,80,74,6,6
16850,89,78,11,11
16851,155,132,23,23
16852,97,85,12,12
16853,82,78,4,4
16854,122,100,22,22
16855,110,102,8,8
16856,91,77,14,14
16857,27,54,-27,27
16858,55,51,4,4
16859,107,92,15,15
16860,61,60,1,1
16861,67,67,0,0
16862,111,106,5,5
16863,95,83,12,12
16864,129,113,16,16
16865,165,158,7,7
16866,139,118,21,21
16867,97,119,-22,22
16868,88,77,11,11
16869,64,66,-2,2
16870,83,72,11,11
16871,118,103,15,15
16872,81,71,10,10
16873,78,66,12,12
16874,164,144,20,20
16875,60,57,3,3
16876,23,33,-10,10
16877,60,57,3,3
16878,58,59,-1,1
16879,102,96,6,6
16880,100,88,12,12
16881,103,95,8,8
16882,98,81,17,17
16883,136,122,14,14
16884,110,94,16,16
16885,95,83,12,12
16886,113,100,13,13
16887,143,136,7,7
16888,141,125,16,16
16889,117,98,19,19
16890,63,64,-1,1
16891,83,67,16,16
16892,52,50,2,2
16893,95,94,1,1
16894,85,76,9,9
16895,75,75,0,0
16896,137,116,21,21
16897,81,72,9,9
16898,55,55,0,0
16899,128,101,27,27
16900,135,105,30,30
16901,107,89,18,18
16902,68,66,2,2
16903,95,86,9,9
16904,131,110,21,21
16905,106,95,11,11
16906,84,90,-6,6
16907,120,108,12,12
16908,69,61,8,8
16909,93,88,5,5
16910,100,87,13,13
16911,152,124,28,28
16912,139,132,7,7
16913,109,96,13,13
16914,122,106,16,16
16915,70,64,6,6
16916,89,75,14,14
16917,81,64,17,17
16918,59,55,4,4
16919,74,66,8,8
16920,121,96,25,25
16921,88,73,15,15
16922,72,82,-10,10
16923,107,95,12,12
16924,47,56,-9,9
16925,105,92,13,13
16926,61,63,-2,2
16927,116,99,17,17
16928,110,94,16,16
16929,63,56,7,7
16930,121,103,18,18
16931,52,50,2,2
16932,92,81,11,11
16933,102,105,-3,3
16934,86,78,8,8
16935,171,168,3,3
16936,97,89,8,8
16937,105,85,20,20
16938,127,109,18,18
16939,84,86,-2,2
16940,99,80,19,19
16941,65,58,7,7
16942,86,67,19,19
16943,107,89,18,18
16944,84,76,8,8
16945,136,114,22,22
16946,82,69,13,13
16947,52,51,1,1
16948,103,105,-2,2
16949,102,92,10,10
16950,126,103,23,23
16951,185,151,34,34
16952,143,123,20,20
16953,48,57,-9,9
16954,142,109,33,33
16955,58,58,0,0
16956,164,140,24,24
16957,95,84,11,11
16958,191,167,24,24
16959,115,104,11,11
16960,58,55,3,3
16961,121,104,17,17
16962,101,87,14,14
16963,79,75,4,4
16964,84,80,4,4
16965,69,61,8,8
16966,153,135,18,18
16967,67,68,-1,1
16968,69,73,-4,4
16969,71,68,3,3
16970,94,87,7,7
16971,110,99,11,11
16972,105,95,10,10
16973,88,86,2,2
16974,93,85,8,8
16975,70,60,10,10
16976,65,64,1,1
16977,62,61,1,1
16978,120,100,20,20
16979,55,50,5,5
16980,73,71,2,2
16981,102,90,12,12
16982,71,65,6,6
16983,111,116,-5,5
16984,156,138,18,18
16985,89,86,3,3
16986,67,62,5,5
16987,71,68,3,3
16988,71,66,5,5
16989,108,99,9,9
16990,72,66,6,6
16991,80,68,12,12
16992,104,85,19,19
16993,111,101,10,10
16994,58,51,7,7
16995,68,61,7,7
16996,92,79,13,13
16997,161,136,25,25
16998,107,86,21,21
16999,66,68,-2,2
17000,76,74,2,2
17001,105,91,14,14
17002,140,115,25,25
17003,77,67,10,10
17004,70,67,3,3
17005,133,111,22,22
17006,50,53,-3,3
17007,66,61,5,5
17008,60,63,-3,3
17009,72,71,1,1
17010,123,101,22,22
17011,88,79,9,9
17012,110,96,14,14
17013,94,84,10,10
17014,88,77,11,11
17015,82,69,13,13
17016,107,110,-3,3
17017,69,61,8,8
17018,85,80,5,5
17019,81,75,6,6
17020,57,54,3,3
17021,124,102,22,22
17022,126,112,14,14
17023,59,49,10,10
17024,78,73,5,5
17025,112,102,10,10
17026,87,87,0,0
17027,101,87,14,14
17028,101,89,12,12
17029,150,130,20,20
17030,135,110,25,25
17031,146,124,22,22
17032,61,59,2,2
17033,103,88,15,15
17034,134,109,25,25
17035,68,64,4,4
17036,84,69,15,15
17037,59,58,1,1
17038,115,100,15,15
17039,98,73,25,25
17040,118,121,-3,3
17041,97,89,8,8
17042,94,94,0,0
17043,143,116,27,27
17044,119,105,14,14
17045,82,82,0,0
17046,86,83,3,3
17047,79,76,3,3
17048,178,162,16,16
17049,151,122,29,29
17050,133,112,21,21
17051,71,68,3,3
17052,56,49,7,7
17053,61,55,6,6
17054,69,68,1,1
17055,95,89,6,6
17056,98,84,14,14
17057,88,80,8,8
17058,86,81,5,5
17059,79,74,5,5
17060,77,66,11,11
17061,88,93,-5,5
17062,110,94,16,16
17063,138,125,13,13
17064,98,95,3,3
17065,99,86,13,13
17066,73,66,7,7
17067,143,122,21,21
17068,44,44,0,0
17069,136,111,25,25
17070,150,122,28,28
17071,125,109,16,16
17072,134,114,20,20
17073,93,90,3,3
17074,107,93,14,14
17075,38,42,-4,4
17076,133,133,0,0
17077,151,133,18,18
17078,104,97,7,7
17079,83,71,12,12
17080,124,99,25,25
17081,161,142,19,19
17082,72,62,10,10
17083,77,76,1,1
17084,111,100,11,11
17085,107,97,10,10
17086,107,100,7,7
17087,98,92,6,6
17088,168,147,21,21
17089,100,83,17,17
17090,70,66,4,4
17091,68,62,6,6
17092,74,60,14,14
17093,129,115,14,14
17094,121,107,14,14
17095,69,60,9,9
17096,121,110,11,11
17097,103,89,14,14
17098,187,165,22,22
17099,61,54,7,7
17100,81,67,14,14
17101,117,111,6,6
17102,46,51,-5,5
17103,77,72,5,5
17104,85,80,5,5
17105,47,49,-2,2
17106,81,69,12,12
17107,99,79,20,20
17108,152,142,10,10
17109,58,63,-5,5
17110,45,50,-5,5
17111,87,77,10,10
17112,100,73,27,27
17113,41,37,4,4
17114,184,140,44,44
17115,72,68,4,4
17116,38,40,-2,2
17117,79,89,-10,10
17118,98,78,20,20
17119,71,66,5,5
17120,62,58,4,4
17121,90,73,17,17
17122,97,76,21,21
17123,52,49,3,3
17124,74,58,16,16
17125,154,129,25,25
17126,99,85,14,14
17127,44,38,6,6
17128,85,73,12,12
17129,128,117,11,11
17130,128,103,25,25
17131,78,80,-2,2
17132,62,60,2,2
17133,112,107,5,5
17134,63,62,1,1
17135,88,79,9,9
17136,51,45,6,6
17137,129,114,15,15
17138,65,58,7,7
17139,56,50,6,6
17140,102,86,16,16
17141,87,75,12,12
17142,129,115,14,14
17143,61,60,1,1
17144,79,71,8,8
17145,57,60,-3,3
17146,171,141,30,30
17147,90,81,9,9
17148,96,81,15,15
17149,91,81,10,10
17150,47,52,-5,5
17151,87,90,-3,3
17152,86,97,-11,11
17153,133,117,16,16
17154,133,115,18,18
17155,89,84,5,5
17156,64,52,12,12
17157,54,51,3,3
17158,99,104,-5,5
17159,91,82,9,9
17160,76,74,2,2
17161,75,67,8,8
17162,72,62,10,10
17163,107,103,4,4
17164,39,39,0,0
17165,99,84,15,15
17166,121,102,19,19
17167,89,77,12,12
17168,132,117,15,15
17169,108,106,2,2
17170,84,68,16,16
17171,104,92,12,12
17172,68,62,6,6
17173,55,52,3,3
17174,74,63,11,11
17175,85,77,8,8
17176,63,58,5,5
17177,77,71,6,6
17178,103,93,10,10
17179,66,60,6,6
17180,77,63,14,14
17181,112,93,19,19
17182,127,122,5,5
17183,100,92,8,8
17184,59,61,-2,2
17185,111,94,17,17
17186,29,37,-8,8
17187,77,70,7,7
17188,98,90,8,8
17189,108,96,12,12
17190,196,169,27,27
17191,79,69,10,10
17192,150,132,18,18
17193,99,83,16,16
17194,73,65,8,8
17195,75,67,8,8
17196,62,56,6,6
17197,77,74,3,3
17198,100,80,20,20
17199,139,120,19,19
17200,80,71,9,9
17201,151,112,39,39
17202,125,112,13,13
17203,70,70,0,0
17204,141,118,23,23
17205,76,76,0,0
17206,74,74,0,0
17207,108,88,20,20
17208,146,114,32,32
17209,65,57,8,8
17210,92,90,2,2
17211,98,86,12,12
17212,112,109,3,3
17213,155,125,30,30
17214,109,92,17,17
17215,127,105,22,22
17216,40,46,-6,6
17217,106,104,2,2
17218,106,102,4,4
17219,68,59,9,9
17220,73,68,5,5
17221,69,65,4,4
17222,93,83,10,10
17223,95,86,9,9
17224,99,87,12,12
17225,108,94,14,14
17226,77,71,6,6
17227,76,69,7,7
17228,102,91,11,11
17229,117,99,18,18
17230,88,77,11,11
17231,82,74,8,8
17232,99,85,14,14
17233,147,117,30,30
17234,66,59,7,7
17235,79,63,16,16
17236,62,65,-3,3
17237,175,152,23,23
17238,101,92,9,9
17239,64,61,3,3
17240,74,69,5,5
17241,72,79,-7,7
17242,64,63,1,1
17243,73,65,8,8
17244,48,52,-4,4
17245,186,153,33,33
17246,100,112,-12,12
17247,120,102,18,18
17248,53,60,-7,7
17249,120,102,18,18
17250,98,92,6,6
17251,34,42,-8,8
17252,97,85,12,12
17253,118,97,21,21
17254,128,101,27,27
17255,90,78,12,12
17256,63,61,2,2
17257,160,127,33,33
17258,177,132,45,45
17259,185,157,28,28
17260,104,93,11,11
17261,68,62,6,6
17262,119,108,11,11
17263,110,90,20,20
17264,67,55,12,12
17265,56,56,0,0
17266,160,133,27,27
17267,103,106,-3,3
17268,68,61,7,7
17269,112,101,11,11
17270,75,66,9,9
17271,101,94,7,7
17272,89,99,-10,10
17273,57,65,-8,8
17274,65,60,5,5
17275,95,91,4,4
17276,93,85,8,8
17277,100,87,13,13
17278,127,119,8,8
17279,105,87,18,18
17280,58,49,9,9
17281,70,67,3,3
17282,146,130,16,16
17283,90,79,11,11
17284,75,69,6,6
17285,92,83,9,9
17286,122,105,17,17
17287,77,71,6,6
17288,50,53,-3,3
17289,69,66,3,3
17290,36,36,0,0
17291,97,79,18,18
17292,81,78,3,3
17293,127,121,6,6
17294,142,121,21,21
17295,98,93,5,5
17296,91,72,19,19
17297,84,79,5,5
17298,94,77,17,17
17299,71,73,-2,2
17300,87,73,14,14
17301,109,95,14,14
17302,58,50,8,8
17303,63,62,1,1
17304,65,59,6,6
17305,45,41,4,4
17306,87,66,21,21
17307,64,64,0,0
17308,82,75,7,7
17309,156,137,19,19
17310,138,109,29,29
17311,76,71,5,5
17312,134,111,23,23
17313,115,101,14,14
17314,92,85,7,7
17315,126,112,14,14
17316,103,96,7,7
17317,56,57,-1,1
17318,125,121,4,4
17319,108,87,21,21
17320,69,65,4,4
17321,151,130,21,21
17322,88,85,3,3
17323,101,87,14,14
17324,165,146,19,19
17325,151,121,30,30
17326,82,73,9,9
17327,65,58,7,7
17328,93,86,7,7
17329,102,90,12,12
17330,71,67,4,4
17331,66,65,1,1
17332,101,94,7,7
17333,109,91,18,18
17334,67,55,12,12
17335,150,129,21,21
17336,71,54,17,17
17337,93,89,4,4
17338,106,98,8,8
17339,127,107,20,20
17340,167,145,22,22
17341,67,68,-1,1
17342,137,120,17,17
17343,90,80,10,10
17344,48,51,-3,3
17345,79,67,12,12
17346,72,71,1,1
17347,139,122,17,17
17348,81,75,6,6
17349,124,110,14,14
17350,114,95,19,19
17351,75,72,3,3
17352,73,68,5,5
17353,90,73,17,17
17354,156,137,19,19
17355,107,96,11,11
17356,88,78,10,10
17357,135,127,8,8
17358,120,95,25,25
17359,55,63,-8,8
17360,58,60,-2,2
17361,104,100,4,4
17362,53,46,7,7
17363,65,55,10,10
17364,71,64,7,7
17365,36,43,-7,7
17366,135,112,23,23
17367,159,141,18,18
17368,118,93,25,25
17369,93,84,9,9
17370,91,80,11,11
17371,66,65,1,1
17372,68,57,11,11
17373,81,71,10,10
17374,138,126,12,12
17375,68,62,6,6
17376,128,118,10,10
17377,97,95,2,2
17378,83,80,3,3
17379,194,161,33,33
17380,63,56,7,7
17381,68,57,11,11
17382,68,64,4,4
17383,89,84,5,5
17384,103,85,18,18
17385,113,112,1,1
17386,95,83,12,12
17387,93,76,17,17
17388,68,64,4,4
17389,57,49,8,8
17390,58,57,1,1
17391,174,137,37,37
17392,71,65,6,6
17393,106,92,14,14
17394,63,58,5,5
17395,63,52,11,11
17396,126,102,24,24
17397,104,89,15,15
17398,83,77,6,6
17399,80,73,7,7
17400,175,148,27,27
17401,77,90,-13,13
17402,146,121,25,25
17403,78,69,9,9
17404,114,93,21,21
17405,86,90,-4,4
17406,149,135,14,14
17407,170,147,23,23
17408,121,103,18,18
17409,61,55,6,6
17410,64,52,12,12
17411,67,57,10,10
17412,99,95,4,4
17413,185,152,33,33
17414,56,61,-5,5
17415,99,88,11,11
17416,75,75,0,0
17417,85,70,15,15
17418,92,78,14,14
17419,91,77,14,14
17420,80,64,16,16
17421,56,63,-7,7
17422,80,71,9,9
17423,135,117,18,18
17424,98,107,-9,9
17425,150,136,14,14
17426,53,56,-3,3
17427,106,93,13,13
17428,74,69,5,5
17429,196,140,56,56
17430,88,75,13,13
17431,47,46,1,1
17432,101,98,3,3
17433,110,92,18,18
17434,116,103,13,13
17435,96,92,4,4
17436,65,55,10,10
17437,55,48,7,7
17438,140,126,14,14
17439,94,78,16,16
17440,89,73,16,16
17441,101,85,16,16
17442,80,66,14,14
17443,112,94,18,18
17444,106,105,1,1
17445,103,97,6,6
17446,60,58,2,2
17447,95,92,3,3
17448,87,82,5,5
17449,45,42,3,3
17450,92,82,10,10
17451,108,93,15,15
17452,98,84,14,14
17453,62,59,3,3
17454,107,94,13,13
17455,74,61,13,13
17456,137,111,26,26
17457,75,67,8,8
17458,66,61,5,5
17459,100,80,20,20
17460,129,124,5,5
17461,79,70,9,9
17462,111,92,19,19
17463,88,86,2,2
17464,63,58,5,5
17465,95,90,5,5
17466,74,67,7,7
17467,108,95,13,13
17468,115,95,20,20
17469,96,87,9,9
17470,146,119,27,27
17471,178,148,30,30
17472,171,148,23,23
17473,171,151,20,20
17474,151,138,13,13
17475,90,82,8,8
17476,94,75,19,19
17477,89,71,18,18
17478,71,65,6,6
17479,223,186,37,37
17480,66,61,5,5
17481,116,103,13,13
17482,69,61,8,8
17483,153,132,21,21
17484,48,50,-2,2
17485,83,81,2,2
17486,177,143,34,34
17487,70,69,1,1
17488,80,76,4,4
17489,77,73,4,4
17490,69,60,9,9
17491,81,68,13,13
17492,115,104,11,11
17493,96,91,5,5
17494,94,78,16,16
17495,46,47,-1,1
17496,88,92,-4,4
17497,90,72,18,18
17498,89,87,2,2
17499,65,57,8,8
17500,78,66,12,12
17501,76,71,5,5
17502,116,94,22,22
17503,127,104,23,23
17504,146,129,17,17
17505,89,84,5,5
17506,42,56,-14,14
17507,73,65,8,8
17508,61,56,5,5
17509,79,67,12,12
17510,105,91,14,14
17511,64,60,4,4
17512,115,105,10,10
17513,66,63,3,3
17514,75,68,7,7
17515,82,75,7,7
17516,46,52,-6,6
17517,106,98,8,8
17518,74,73,1,1
17519,58,64,-6,6
17520,89,82,7,7
17521,76,65,11,11
17522,90,74,16,16
17523,108,93,15,15
17524,89,89,0,0
17525,75,65,10,10
17526,98,83,15,15
17527,87,73,14,14
17528,65,61,4,4
17529,121,96,25,25
17530,63,61,2,2
17531,139,127,12,12
17532,80,72,8,8
17533,75,70,5,5
17534,64,63,1,1
17535,48,43,5,5
17536,115,102,13,13
17537,82,75,7,7
17538,120,103,17,17
17539,141,128,13,13
17540,67,56,11,11
17541,48,57,-9,9
17542,117,99,18,18
17543,173,146,27,27
17544,74,77,-3,3
17545,53,53,0,0
17546,33,41,-8,8
17547,79,77,2,2
17548,76,64,12,12
17549,119,96,23,23
17550,139,118,21,21
17551,77,68,9,9
17552,115,113,2,2
17553,67,67,0,0
17554,105,85,20,20
17555,127,113,14,14
17556,84,74,10,10
17557,106,97,9,9
17558,79,78,1,1
17559,96,91,5,5
17560,82,69,13,13
17561,146,122,24,24
17562,98,90,8,8
17563,116,110,6,6
17564,42,41,1,1
17565,82,75,7,7
17566,71,65,6,6
17567,103,84,19,19
17568,60,58,2,2
17569,86,76,10,10
17570,137,111,26,26
17571,105,85,20,20
17572,68,66,2,2
17573,94,88,6,6
17574,190,159,31,31
17575,61,57,4,4
17576,112,96,16,16
17577,72,59,13,13
17578,137,113,24,24
17579,85,77,8,8
17580,190,163,27,27
17581,145,136,9,9
17582,100,93,7,7
17583,143,115,28,28
17584,81,67,14,14
17585,58,59,-1,1
17586,79,81,-2,2
17587,119,98,21,21
17588,63,62,1,1
17589,106,89,17,17
17590,111,92,19,19
17591,90,83,7,7
17592,134,122,12,12
17593,129,104,25,25
17594,67,62,5,5
17595,128,114,14,14
17596,43,43,0,0
17597,58,55,3,3
17598,123,114,9,9
17599,63,56,7,7
17600,61,60,1,1
17601,74,58,16,16
17602,117,96,21,21
17603,132,98,34,34
17604,73,59,14,14
17605,127,110,17,17
17606,170,149,21,21
17607,101,92,9,9
17608,118,93,25,25
17609,73,64,9,9
17610,82,76,6,6
17611,100,87,13,13
17612,62,57,5,5
17613,80,68,12,12
17614,50,49,1,1
17615,68,64,4,4
17616,163,137,26,26
17617,49,45,4,4
17618,75,69,6,6
17619,133,111,22,22
17620,115,103,12,12
17621,102,93,9,9
17622,74,68,6,6
17623,161,130,31,31
17624,130,120,10,10
17625,122,103,19,19
17626,109,93,16,16
17627,120,111,9,9
17628,72,51,21,21
17629,90,84,6,6
17630,80,84,-4,4
17631,103,102,1,1
17632,134,116,18,18
17633,93,82,11,11
17634,82,70,12,12
17635,184,147,37,37
17636,84,75,9,9
17637,62,59,3,3
17638,65,59,6,6
17639,68,67,1,1
17640,118,104,14,14
17641,81,75,6,6
17642,116,104,12,12
17643,116,104,12,12
17644,85,72,13,13
17645,55,55,0,0
17646,91,81,10,10
17647,79,73,6,6
17648,24,40,-16,16
17649,155,127,28,28
17650,97,81,16,16
17651,69,70,-1,1
17652,105,94,11,11
17653,158,144,14,14
17654,129,116,13,13
17655,115,99,16,16
17656,92,91,1,1
17657,82,78,4,4
17658,100,88,12,12
17659,66,55,11,11
17660,46,47,-1,1
17661,141,132,9,9
17662,128,111,17,17
17663,101,75,26,26
17664,103,86,17,17
17665,75,66,9,9
17666,125,109,16,16
17667,50,45,5,5
17668,67,59,8,8
17669,91,86,5,5
17670,95,85,10,10
17671,133,112,21,21
17672,124,109,15,15
17673,59,49,10,10
17674,138,121,17,17
17675,132,112,20,20
17676,109,95,14,14
17677,72,70,2,2
17678,84,78,6,6
17679,107,90,17,17
17680,73,77,-4,4
17681,76,70,6,6
17682,122,101,21,21
17683,107,102,5,5
17684,38,39,-1,1
17685,127,103,24,24
17686,82,71,11,11
17687,189,152,37,37
17688,115,105,10,10
17689,100,88,12,12
17690,70,60,10,10
17691,81,67,14,14
17692,150,143,7,7
17693,94,80,14,14
17694,88,76,12,12
17695,81,78,3,3
17696,148,129,19,19
17697,75,79,-4,4
17698,90,84,6,6
17699,124,107,17,17
17700,46,42,4,4
17701,103,97,6,6
17702,101,84,17,17
17703,93,84,9,9
17704,105,97,8,8
17705,91,81,10,10
17706,138,118,20,20
17707,85,78,7,7
17708,102,85,17,17
17709,72,75,-3,3
17710,81,71,10,10
17711,118,106,12,12
17712,114,106,8,8
17713,118,101,17,17
17714,79,73,6,6
17715,149,129,20,20
17716,74,69,5,5
17717,46,47,-1,1
17718,76,61,15,15
17719,80,71,9,9
17720,124,121,3,3
17721,126,120,6,6
17722,57,51,6,6
17723,91,91,0,0
17724,206,160,46,46
17725,122,99,23,23
17726,89,84,5,5
17727,108,98,10,10
17728,170,138,32,32
17729,89,80,9,9
17730,90,77,13,13
17731,85,79,6,6
17732,80,64,16,16
17733,105,81,24,24
17734,84,68,16,16
17735,97,86,11,11
17736,60,57,3,3
17737,39,43,-4,4
17738,103,86,17,17
17739,122,112,10,10
17740,105,96,9,9
17741,72,73,-1,1
17742,72,71,1,1
17743,126,106,20,20
17744,113,94,19,19
17745,88,78,10,10
17746,121,105,16,16
17747,88,82,6,6
17748,72,62,10,10
17749,65,71,-6,6
17750,74,70,4,4
17751,112,103,9,9
17752,53,51,2,2
17753,138,120,18,18
17754,108,95,13,13
17755,65,60,5,5
17756,72,68,4,4
17757,122,101,21,21
17758,48,55,-7,7
17759,93,79,14,14
17760,124,103,21,21
17761,92,81,11,11
17762,66,65,1,1
17763,69,63,6,6
17764,144,137,7,7
17765,103,93,10,10
17766,96,85,11,11
17767,107,94,13,13
17768,129,112,17,17
17769,60,57,3,3
17770,72,63,9,9
17771,53,49,4,4
17772,117,89,28,28
17773,109,101,8,8
17774,73,64,9,9
17775,121,103,18,18
17776,193,167,26,26
17777,69,69,0,0
17778,80,64,16,16
17779,135,108,27,27
17780,47,44,3,3
17781,75,65,10,10
17782,135,134,1,1
17783,97,85,12,12
17784,76,73,3,3
17785,108,94,14,14
17786,110,101,9,9
17787,87,82,5,5
17788,59,53,6,6
17789,163,139,24,24
17790,80,74,6,6
17791,169,141,28,28
17792,91,86,5,5
17793,122,104,18,18
17794,97,86,11,11
17795,63,63,0,0
17796,139,124,15,15
17797,76,66,10,10
17798,80,72,8,8
17799,79,66,13,13
17800,112,97,15,15
17801,94,82,12,12
17802,103,96,7,7
17803,53,53,0,0
17804,70,67,3,3
17805,156,138,18,18
17806,29,53,-24,24
17807,128,118,10,10
17808,125,109,16,16
17809,126,96,30,30
17810,50,80,-30,30
17811,152,136,16,16
17812,195,144,51,51
17813,76,75,1,1
17814,87,78,9,9
17815,80,67,13,13
17816,66,60,6,6
17817,72,66,6,6
17818,104,102,2,2
17819,67,59,8,8
17820,109,99,10,10
17821,146,124,22,22
17822,59,65,-6,6
17823,78,68,10,10
17824,73,65,8,8
17825,139,121,18,18
17826,103,88,15,15
17827,112,106,6,6
17828,99,80,19,19
17829,68,68,0,0
17830,53,57,-4,4
17831,152,116,36,36
17832,55,52,3,3
17833,96,92,4,4
17834,78,71,7,7
17835,69,82,-13,13
17836,54,49,5,5
17837,118,99,19,19
17838,120,96,24,24
17839,45,55,-10,10
17840,94,83,11,11
17841,141,123,18,18
17842,81,78,3,3
17843,85,89,-4,4
17844,100,94,6,6
17845,104,94,10,10
17846,189,146,43,43
17847,79,65,14,14
17848,98,88,10,10
17849,53,50,3,3
17850,139,118,21,21
17851,96,103,-7,7
17852,75,67,8,8
17853,74,71,3,3
17854,142,126,16,16
17855,135,132,3,3
17856,40,35,5,5
17857,176,141,35,35
17858,55,53,2,2
17859,70,70,0,0
17860,71,67,4,4
17861,55,60,-5,5
17862,168,148,20,20
17863,146,120,26,26
17864,111,101,10,10
17865,117,92,25,25
17866,64,58,6,6
17867,106,88,18,18
17868,110,88,22,22
17869,79,72,7,7
17870,95,81,14,14
17871,121,104,17,17
17872,129,115,14,14
17873,98,78,20,20
17874,60,55,5,5
17875,53,53,0,0
17876,121,101,20,20
17877,112,119,-7,7
17878,54,53,1,1
17879,76,70,6,6
17880,126,120,6,6
17881,131,109,22,22
17882,45,49,-4,4
17883,135,115,20,20
17884,95,78,17,17
17885,80,65,15,15
17886,96,86,10,10
17887,143,117,26,26
17888,59,57,2,2
17889,140,127,13,13
17890,73,67,6,6
17891,109,102,7,7
17892,116,115,1,1
17893,42,44,-2,2
17894,44,38,6,6
17895,151,130,21,21
17896,109,104,5,5
17897,106,81,25,25
17898,131,96,35,35
17899,139,116,23,23
17900,77,67,10,10
17901,127,109,18,18
17902,79,81,-2,2
17903,140,122,18,18
17904,63,56,7,7
17905,121,112,9,9
17906,65,55,10,10
17907,146,137,9,9
17908,110,90,20,20
17909,101,95,6,6
17910,35,38,-3,3
17911,105,90,15,15
17912,154,140,14,14
17913,72,63,9,9
17914,98,90,8,8
17915,126,120,6,6
17916,142,121,21,21
17917,98,104,-6,6
17918,82,79,3,3
17919,86,82,4,4
17920,79,65,14,14
17921,111,89,22,22
17922,74,63,11,11
17923,58,51,7,7
17924,48,48,0,0
17925,74,65,9,9
17926,123,106,17,17
17927,40,43,-3,3
17928,80,60,20,20
17929,63,55,8,8
17930,115,94,21,21
17931,107,99,8,8
17932,80,68,12,12
17933,85,76,9,9
17934,166,142,24,24
17935,71,72,-1,1
17936,56,57,-1,1
17937,48,52,-4,4
17938,96,80,16,16
17939,54,52,2,2
17940,124,112,12,12
17941,92,84,8,8
17942,51,54,-3,3
17943,62,60,2,2
17944,89,74,15,15
17945,141,116,25,25
17946,87,64,23,23
17947,75,76,-1,1
17948,81,70,11,11
17949,65,76,-11,11
17950,90,73,17,17
17951,85,74,11,11
17952,71,69,2,2
17953,61,62,-1,1
17954,104,91,13,13
17955,98,95,3,3
17956,68,63,5,5
17957,77,64,13,13
17958,90,80,10,10
17959,71,77,-6,6
17960,59,64,-5,5
17961,109,89,20,20
17962,105,96,9,9
17963,175,144,31,31
17964,83,81,2,2
17965,139,114,25,25
17966,68,64,4,4
17967,88,83,5,5
17968,75,64,11,11
17969,104,98,6,6
17970,126,105,21,21
17971,91,83,8,8
17972,94,86,8,8
17973,89,81,8,8
17974,41,43,-2,2
17975,91,98,-7,7
17976,81,74,7,7
17977,72,63,9,9
17978,146,116,30,30
17979,80,73,7,7
17980,141,114,27,27
17981,104,85,19,19
17982,111,96,15,15
17983,115,108,7,7
17984,67,59,8,8
17985,132,112,20,20
17986,118,108,10,10
17987,79,66,13,13
17988,67,69,-2,2
17989,158,120,38,38
17990,90,77,13,13
17991,78,73,5,5
17992,52,52,0,0
17993,67,63,4,4
17994,57,68,-11,11
17995,93,84,9,9
17996,73,63,10,10
17997,100,95,5,5
17998,150,120,30,30
17999,68,60,8,8
18000,74,68,6,6
18001,100,89,11,11
18002,92,90,2,2
18003,101,95,6,6
18004,96,80,16,16
18005,161,131,30,30
18006,71,69,2,2
18007,97,86,11,11
18008,62,60,2,2
18009,70,67,3,3
18010,106,89,17,17
18011,67,68,-1,1
18012,56,59,-3,3
18013,75,64,11,11
18014,47,42,5,5
18015,78,69,9,9
18016,62,54,8,8
18017,68,67,1,1
18018,106,90,16,16
18019,125,101,24,24
18020,84,96,-12,12
18021,107,92,15,15
18022,63,53,10,10
18023,76,78,-2,2
18024,98,80,18,18
18025,139,105,34,34
18026,94,86,8,8
18027,142,121,21,21
18028,121,107,14,14
18029,79,71,8,8
18030,123,111,12,12
18031,82,75,7,7
18032,174,151,23,23
18033,116,112,4,4
18034,51,55,-4,4
18035,157,123,34,34
18036,57,54,3,3
18037,71,59,12,12
18038,30,34,-4,4
18039,102,90,12,12
18040,140,112,28,28
18041,156,140,16,16
18042,44,42,2,2
18043,157,132,25,25
18044,91,81,10,10
18045,111,108,3,3
18046,107,102,5,5
18047,83,79,4,4
18048,83,71,12,12
18049,103,86,17,17
18050,84,71,13,13
18051,79,73,6,6
18052,119,94,25,25
18053,66,72,-6,6
18054,34,37,-3,3
18055,134,116,18,18
18056,108,94,14,14
18057,60,64,-4,4
18058,33,36,-3,3
18059,105,98,7,7
18060,71,69,2,2
18061,92,88,4,4
18062,62,60,2,2
18063,54,53,1,1
18064,85,79,6,6
18065,154,121,33,33
18066,109,91,18,18
18067,120,120,0,0
18068,55,49,6,6
18069,102,99,3,3
18070,58,50,8,8
18071,34,39,-5,5
18072,91,82,9,9
18073,110,95,15,15
18074,117,96,21,21
18075,102,114,-12,12
18076,95,82,13,13
18077,38,41,-3,3
18078,88,83,5,5
18079,107,87,20,20
18080,113,101,12,12
18081,58,55,3,3
18082,56,58,-2,2
18083,68,64,4,4
18084,59,54,5,5
18085,169,154,15,15
18086,70,59,11,11
18087,117,102,15,15
18088,84,74,10,10
18089,150,139,11,11
18090,123,119,4,4
18091,72,66,6,6
18092,108,100,8,8
18093,87,75,12,12
18094,123,131,-8,8
18095,79,73,6,6
18096,112,117,-5,5
18097,77,67,10,10
18098,123,111,12,12
18099,109,106,3,3
18100,82,66,16,16
18101,57,49,8,8
18102,120,99,21,21
18103,117,108,9,9
18104,53,47,6,6
18105,72,72,0,0
18106,90,73,17,17
18107,92,96,-4,4
18108,88,75,13,13
18109,55,67,-12,12
18110,62,51,11,11
18111,108,96,12,12
18112,85,68,17,17
18113,66,77,-11,11
18114,165,151,14,14
18115,124,130,-6,6
18116,75,75,0,0
18117,54,50,4,4
18118,141,123,18,18
18119,67,61,6,6
18120,94,88,6,6
18121,102,94,8,8
18122,119,112,7,7
18123,53,52,1,1
18124,122,120,2,2
18125,60,57,3,3
18126,88,82,6,6
18127,101,93,8,8
18128,64,60,4,4
18129,48,61,-13,13
18130,75,65,10,10
18131,53,68,-15,15
18132,123,100,23,23
18133,90,79,11,11
18134,137,128,9,9
18135,95,89,6,6
18136,88,95,-7,7
18137,106,97,9,9
18138,155,129,26,26
18139,75,66,9,9
18140,62,58,4,4
18141,91,74,17,17
18142,58,49,9,9
18143,51,56,-5,5
18144,120,109,11,11
18145,94,86,8,8
18146,112,96,16,16
18147,84,89,-5,5
18148,67,65,2,2
18149,83,76,7,7
18150,162,140,22,22
18151,122,107,15,15
18152,36,39,-3,3
18153,127,115,12,12
18154,75,79,-4,4
18155,119,92,27,27
18156,147,128,19,19
18157,105,90,15,15
18158,55,51,4,4
18159,90,79,11,11
18160,57,56,1,1
18161,100,89,11,11
18162,63,57,6,6
18163,58,57,1,1
18164,140,129,11,11
18165,107,91,16,16
18166,71,71,0,0
18167,145,131,14,14
18168,64,65,-1,1
18169,94,74,20,20
18170,71,65,6,6
18171,68,66,2,2
18172,109,89,20,20
18173,67,63,4,4
18174,81,73,8,8
18175,101,84,17,17
18176,135,109,26,26
18177,60,51,9,9
18178,154,130,24,24
18179,131,106,25,25
18180,97,80,17,17
18181,65,60,5,5
18182,132,112,20,20
18183,95,88,7,7
18184,97,81,16,16
18185,122,102,20,20
18186,80,83,-3,3
18187,89,74,15,15
18188,97,77,20,20
18189,106,96,10,10
18190,101,89,12,12
18191,116,115,1,1
18192,70,79,-9,9
18193,44,43,1,1
18194,149,127,22,22
18195,95,88,7,7
18196,79,70,9,9
18197,114,100,14,14
18198,77,61,16,16
18199,121,101,20,20
18200,80,74,6,6
18201,117,98,19,19
18202,150,123,27,27
18203,85,74,11,11
18204,72,73,-1,1
18205,112,96,16,16
18206,91,79,12,12
18207,61,53,8,8
18208,126,109,17,17
18209,78,68,10,10
18210,129,113,16,16
18211,71,68,3,3
18212,72,71,1,1
18213,166,142,24,24
18214,134,116,18,18
18215,36,36,0,0
18216,63,62,1,1
18217,73,65,8,8
18218,88,81,7,7
18219,88,86,2,2
18220,113,108,5,5
18221,138,119,19,19
18222,88,64,24,24
18223,127,120,7,7
18224,216,188,28,28
18225,108,98,10,10
18226,137,121,16,16
18227,66,72,-6,6
18228,68,68,0,0
18229,100,86,14,14
18230,50,48,2,2
18231,130,117,13,13
18232,100,93,7,7
18233,201,151,50,50
18234,53,51,2,2
18235,65,63,2,2
18236,60,54,6,6
18237,177,152,25,25
18238,88,71,17,17
18239,64,59,5,5
18240,141,126,15,15
18241,87,83,4,4
18242,144,125,19,19
18243,118,93,25,25
18244,84,79,5,5
18245,80,81,-1,1
18246,131,119,12,12
18247,61,61,0,0
18248,93,81,12,12
18249,78,80,-2,2
18250,58,51,7,7
18251,99,80,19,19
18252,107,89,18,18
18253,119,104,15,15
18254,104,102,2,2
18255,87,84,3,3
18256,88,76,12,12
18257,131,115,16,16
18258,126,107,19,19
18259,125,103,22,22
18260,99,96,3,3
18261,127,113,14,14
18262,34,48,-14,14
18263,77,63,14,14
18264,88,81,7,7
18265,106,109,-3,3
18266,104,88,16,16
18267,78,79,-1,1
18268,78,69,9,9
18269,211,170,41,41
18270,68,53,15,15
18271,110,96,14,14
18272,86,82,4,4
18273,102,92,10,10
18274,82,68,14,14
18275,57,51,6,6
18276,106,95,11,11
18277,52,54,-2,2
18278,60,53,7,7
18279,78,72,6,6
18280,66,53,13,13
18281,134,113,21,21
18282,61,60,1,1
18283,88,76,12,12
18284,95,86,9,9
18285,79,72,7,7
18286,109,99,10,10
18287,74,70,4,4
18288,82,68,14,14
18289,77,71,6,6
18290,89,79,10,10
18291,115,99,16,16
18292,64,60,4,4
18293,143,119,24,24
18294,189,158,31,31
18295,27,40,-13,13
18296,82,82,0,0
18297,127,119,8,8
18298,121,98,23,23
18299,103,94,9,9
18300,55,50,5,5
18301,163,141,22,22
18302,93,85,8,8
18303,95,86,9,9
18304,123,113,10,10
18305,59,57,2,2
18306,112,89,23,23
18307,76,71,5,5
18308,77,77,0,0
18309,62,56,6,6
18310,71,65,6,6
18311,60,54,6,6
18312,141,126,15,15
18313,91,85,6,6
18314,96,82,14,14
18315,58,53,5,5
18316,93,82,11,11
18317,165,143,22,22
18318,199,171,28,28
18319,98,87,11,11
18320,152,135,17,17
18321,81,66,15,15
18322,93,78,15,15
18323,122,99,23,23
18324,83,75,8,8
18325,82,78,4,4
18326,61,57,4,4
18327,87,83,4,4
18328,44,41,3,3
18329,90,91,-1,1
18330,50,45,5,5
18331,122,108,14,14
18332,82,74,8,8
18333,101,94,7,7
18334,93,87,6,6
18335,132,105,27,27
18336,111,106,5,5
18337,96,73,23,23
18338,47,45,2,2
18339,113,103,10,10
18340,182,156,26,26
18341,107,110,-3,3
18342,99,97,2,2
18343,72,67,5,5
18344,84,80,4,4
18345,55,53,2,2
18346,154,141,13,13
18347,39,41,-2,2
18348,107,92,15,15
18349,89,85,4,4
18350,114,95,19,19
18351,99,93,6,6
18352,76,71,5,5
18353,61,58,3,3
18354,112,89,23,23
18355,79,72,7,7
18356,81,74,7,7
18357,80,77,3,3
18358,49,62,-13,13
18359,48,37,11,11
18360,113,100,13,13
18361,91,87,4,4
18362,76,69,7,7
18363,144,129,15,15
18364,67,61,6,6
18365,81,66,15,15
18366,111,95,16,16
18367,78,73,5,5
18368,53,55,-2,2
18369,77,76,1,1
18370,71,84,-13,13
18371,76,65,11,11
18372,65,59,6,6
18373,90,83,7,7
18374,165,140,25,25
18375,188,162,26,26
18376,58,142,-84,84
18377,81,74,7,7
18378,65,63,2,2
18379,91,84,7,7
18380,116,104,12,12
18381,145,117,28,28
18382,111,98,13,13
18383,146,120,26,26
18384,119,101,18,18
18385,91,85,6,6
18386,116,106,10,10
18387,48,48,0,0
18388,107,106,1,1
18389,63,60,3,3
18390,120,97,23,23
18391,86,74,12,12
18392,93,84,9,9
18393,89,85,4,4
18394,95,86,9,9
18395,90,77,13,13
18396,104,92,12,12
18397,144,128,16,16
18398,119,99,20,20
18399,82,74,8,8
18400,61,72,-11,11
18401,93,91,2,2
18402,142,121,21,21
18403,73,65,8,8
18404,133,107,26,26
18405,128,120,8,8
18406,104,92,12,12
18407,90,81,9,9
18408,88,84,4,4
18409,65,71,-6,6
18410,102,88,14,14
18411,176,140,36,36
18412,90,86,4,4
18413,241,192,49,49
18414,115,89,26,26
18415,69,61,8,8
18416,94,76,18,18
18417,123,106,17,17
18418,96,98,-2,2
18419,90,86,4,4
18420,59,58,1,1
18421,76,71,5,5
18422,72,65,7,7
18423,70,64,6,6
18424,67,60,7,7
18425,83,76,7,7
18426,205,164,41,41
18427,62,62,0,0
18428,214,187,27,27
18429,79,66,13,13
18430,142,115,27,27
18431,88,75,13,13
18432,107,103,4,4
18433,120,101,19,19
18434,108,97,11,11
18435,102,85,17,17
18436,64,63,1,1
18437,86,82,4,4
18438,70,66,4,4
18439,130,103,27,27
18440,97,79,18,18
18441,85,79,6,6
18442,67,58,9,9
18443,142,113,29,29
18444,48,49,-1,1
18445,88,76,12,12
18446,123,113,10,10
18447,69,74,-5,5
18448,92,82,10,10
18449,69,67,2,2
18450,45,43,2,2
18451,64,57,7,7
18452,84,70,14,14
18453,131,117,14,14
18454,78,73,5,5
18455,32,36,-4,4
18456,85,75,10,10
18457,100,85,15,15
18458,99,75,24,24
18459,125,103,22,22
18460,91,74,17,17
18461,196,165,31,31
18462,94,105,-11,11
18463,54,53,1,1
18464,134,112,22,22
18465,168,133,35,35
18466,64,56,8,8
18467,73,69,4,4
18468,96,79,17,17
18469,82,71,11,11
18470,48,54,-6,6
18471,65,64,1,1
18472,121,114,7,7
18473,102,92,10,10
18474,69,62,7,7
18475,92,81,11,11
18476,79,70,9,9
18477,107,97,10,10
18478,76,84,-8,8
18479,73,71,2,2
18480,75,65,10,10
18481,150,135,15,15
18482,149,129,20,20
18483,144,122,22,22
18484,113,100,13,13
18485,62,64,-2,2
18486,108,100,8,8
18487,103,98,5,5
18488,58,88,-30,30
18489,42,51,-9,9
18490,115,90,25,25
18491,58,81,-23,23
18492,115,92,23,23
18493,109,90,19,19
18494,51,43,8,8
18495,70,63,7,7
18496,68,87,-19,19
18497,143,124,19,19
18498,83,65,18,18
18499,116,97,19,19
18500,45,47,-2,2
18501,90,78,12,12
18502,67,61,6,6
18503,100,90,10,10
18504,113,101,12,12
18505,30,45,-15,15
18506,98,91,7,7
18507,67,63,4,4
18508,53,54,-1,1
18509,105,95,10,10
18510,123,112,11,11
18511,57,55,2,2
18512,125,102,23,23
18513,98,83,15,15
18514,111,97,14,14
18515,122,102,20,20
18516,117,103,14,14
18517,74,69,5,5
18518,84,75,9,9
18519,143,126,17,17
18520,121,102,19,19
18521,121,108,13,13
18522,99,88,11,11
18523,103,84,19,19
18524,104,80,24,24
18525,63,55,8,8
18526,222,171,51,51
18527,113,94,19,19
18528,88,85,3,3
18529,122,93,29,29
18530,109,107,2,2
18531,72,62,10,10
18532,64,57,7,7
18533,144,121,23,23
18534,82,72,10,10
18535,82,78,4,4
18536,162,138,24,24
18537,112,107,5,5
18538,62,58,4,4
18539,78,87,-9,9
18540,48,43,5,5
18541,90,80,10,10
18542,130,105,25,25
18543,70,66,4,4
18544,141,133,8,8
18545,138,117,21,21
18546,126,94,32,32
18547,71,64,7,7
18548,89,85,4,4
18549,138,121,17,17
18550,70,58,12,12
18551,123,100,23,23
18552,72,68,4,4
18553,107,100,7,7
18554,58,50,8,8
18555,90,76,14,14
18556,136,125,11,11
18557,163,140,23,23
18558,108,91,17,17
18559,83,65,18,18
18560,117,103,14,14
18561,142,121,21,21
18562,69,62,7,7
18563,100,81,19,19
18564,211,170,41,41
18565,148,138,10,10
18566,82,71,11,11
18567,86,80,6,6
18568,201,172,29,29
18569,113,109,4,4
18570,126,113,13,13
18571,64,56,8,8
18572,98,85,13,13
18573,51,51,0,0
18574,93,94,-1,1
18575,60,55,5,5
18576,82,73,9,9
18577,95,102,-7,7
18578,94,77,17,17
18579,81,73,8,8
18580,111,104,7,7
18581,63,66,-3,3
18582,55,54,1,1
18583,142,123,19,19
18584,139,112,27,27
18585,118,102,16,16
18586,209,152,57,57
18587,73,67,6,6
18588,103,96,7,7
18589,118,107,11,11
18590,124,105,19,19
18591,79,81,-2,2
18592,124,105,19,19
18593,129,115,14,14
18594,91,78,13,13
18595,83,80,3,3
18596,120,97,23,23
18597,91,76,15,15
18598,101,87,14,14
18599,117,97,20,20
18600,154,125,29,29
18601,83,76,7,7
18602,113,108,5,5
18603,83,79,4,4
18604,106,101,5,5
18605,47,46,1,1
18606,63,58,5,5
18607,99,86,13,13
18608,47,60,-13,13
18609,111,95,16,16
18610,111,94,17,17
18611,152,126,26,26
18612,91,95,-4,4
18613,111,100,11,11
18614,103,103,0,0
18615,80,77,3,3
18616,133,115,18,18
18617,83,71,12,12
18618,67,58,9,9
18619,124,119,5,5
18620,93,92,1,1
18621,80,71,9,9
18622,64,64,0,0
18623,74,75,-1,1
18624,92,84,8,8
18625,122,100,22,22
18626,92,97,-5,5
18627,111,102,9,9
18628,148,117,31,31
18629,102,83,19,19
18630,101,88,13,13
18631,89,79,10,10
18632,94,91,3,3
18633,78,69,9,9
18634,88,70,18,18
18635,87,88,-1,1
18636,59,51,8,8
18637,75,75,0,0
18638,101,92,9,9
18639,96,90,6,6
18640,64,60,4,4
18641,106,101,5,5
18642,90,82,8,8
18643,95,90,5,5
18644,107,98,9,9
18645,95,88,7,7
18646,78,79,-1,1
18647,124,137,-13,13
18648,142,124,18,18
18649,73,70,3,3
18650,111,100,11,11
18651,92,73,19,19
18652,205,160,45,45
18653,93,79,14,14
18654,87,86,1,1
18655,43,41,2,2
18656,51,50,1,1
18657,102,92,10,10
18658,85,88,-3,3
18659,152,133,19,19
18660,69,64,5,5
18661,47,50,-3,3
18662,52,56,-4,4
18663,94,87,7,7
18664,149,130,19,19
18665,81,62,19,19
18666,96,78,18,18
18667,88,78,10,10
18668,81,69,12,12
18669,129,107,22,22
18670,107,116,-9,9
18671,93,76,17,17
18672,90,82,8,8
18673,72,69,3,3
18674,82,75,7,7
18675,73,67,6,6
18676,102,91,11,11
18677,52,52,0,0
18678,79,81,-2,2
18679,131,111,20,20
18680,56,50,6,6
18681,58,48,10,10
18682,66,58,8,8
18683,58,57,1,1
18684,76,73,3,3
18685,83,70,13,13
18686,84,74,10,10
18687,100,88,12,12
18688,114,95,19,19
18689,112,102,10,10
18690,104,88,16,16
18691,110,99,11,11
18692,160,143,17,17
18693,98,90,8,8
18694,122,110,12,12
18695,39,40,-1,1
18696,120,108,12,12
18697,84,76,8,8
18698,64,81,-17,17
18699,87,84,3,3
18700,102,90,12,12
18701,87,81,6,6
18702,76,64,12,12
18703,132,114,18,18
18704,65,56,9,9
18705,136,104,32,32
18706,87,70,17,17
18707,93,78,15,15
18708,130,108,22,22
18709,96,82,14,14
18710,93,81,12,12
18711,67,68,-1,1
18712,116,102,14,14
18713,81,80,1,1
18714,107,101,6,6
18715,70,57,13,13
18716,113,94,19,19
18717,78,75,3,3
18718,93,79,14,14
18719,62,64,-2,2
18720,43,43,0,0
18721,81,69,12,12
18722,85,76,9,9
18723,128,100,28,28
18724,110,98,12,12
18725,37,33,4,4
18726,66,66,0,0
18727,56,51,5,5
18728,95,88,7,7
18729,95,87,8,8
18730,92,83,9,9
18731,99,94,5,5
18732,75,74,1,1
18733,186,143,43,43
18734,30,32,-2,2
18735,63,57,6,6
18736,60,48,12,12
18737,38,42,-4,4
18738,70,71,-1,1
18739,85,78,7,7
18740,71,51,20,20
18741,122,110,12,12
18742,45,36,9,9
18743,94,80,14,14
18744,133,114,19,19
18745,89,73,16,16
18746,85,70,15,15
18747,80,74,6,6
18748,141,114,27,27
18749,108,95,13,13
18750,39,54,-15,15
18751,85,92,-7,7
18752,99,91,8,8
18753,81,70,11,11
18754,123,109,14,14
18755,98,87,11,11
18756,81,74,7,7
18757,110,99,11,11
18758,64,65,-1,1
18759,75,75,0,0
18760,59,51,8,8
18761,66,66,0,0
18762,81,57,24,24
18763,92,83,9,9
18764,115,98,17,17
18765,129,119,10,10
18766,99,86,13,13
18767,72,70,2,2
18768,91,84,7,7
18769,69,65,4,4
18770,80,66,14,14
18771,89,85,4,4
18772,92,90,2,2
18773,95,85,10,10
18774,166,133,33,33
18775,61,53,8,8
18776,59,46,13,13
18777,42,54,-12,12
18778,53,55,-2,2
18779,101,87,14,14
18780,90,75,15,15
18781,116,96,20,20
18782,83,68,15,15
18783,89,80,9,9
18784,121,106,15,15
18785,74,60,14,14
18786,113,93,20,20
18787,85,79,6,6
18788,137,115,22,22
18789,72,76,-4,4
18790,78,64,14,14
18791,113,112,1,1
18792,144,105,39,39
18793,54,52,2,2
18794,74,63,11,11
18795,72,63,9,9
18796,73,66,7,7
18797,163,130,33,33
18798,96,88,8,8
18799,90,81,9,9
18800,64,58,6,6
18801,61,58,3,3
18802,79,71,8,8
18803,118,107,11,11
18804,70,65,5,5
18805,108,99,9,9
18806,83,97,-14,14
18807,55,52,3,3
18808,139,122,17,17
18809,49,45,4,4
18810,159,130,29,29
18811,30,44,-14,14
18812,111,102,9,9
18813,112,97,15,15
18814,149,133,16,16
18815,104,88,16,16
18816,166,127,39,39
18817,76,67,9,9
18818,128,120,8,8
18819,54,57,-3,3
18820,99,91,8,8
18821,53,48,5,5
18822,98,82,16,16
18823,94,87,7,7
18824,144,134,10,10
18825,47,46,1,1
18826,124,119,5,5
18827,137,134,3,3
18828,55,46,9,9
18829,79,65,14,14
18830,103,95,8,8
18831,67,70,-3,3
18832,45,43,2,2
18833,129,104,25,25
18834,33,50,-17,17
18835,108,97,11,11
18836,68,61,7,7
18837,165,135,30,30
18838,108,86,22,22
18839,142,111,31,31
18840,108,101,7,7
18841,56,58,-2,2
18842,73,70,3,3
18843,121,111,10,10
18844,139,131,8,8
18845,124,104,20,20
18846,59,55,4,4
18847,98,108,-10,10
18848,42,40,2,2
18849,94,92,2,2
18850,120,99,21,21
18851,64,61,3,3
18852,52,54,-2,2
18853,193,162,31,31
18854,99,87,12,12
18855,73,72,1,1
18856,166,124,42,42
18857,116,102,14,14
18858,69,79,-10,10
18859,67,62,5,5
18860,81,70,11,11
18861,112,94,18,18
18862,120,95,25,25
18863,67,53,14,14
18864,105,81,24,24
18865,146,120,26,26
18866,110,90,20,20
18867,90,84,6,6
18868,94,77,17,17
18869,106,103,3,3
18870,95,84,11,11
18871,112,102,10,10
18872,104,86,18,18
18873,60,62,-2,2
18874,93,71,22,22
18875,171,150,21,21
18876,57,51,6,6
18877,106,90,16,16
18878,83,81,2,2
18879,65,53,12,12
18880,111,101,10,10
18881,117,109,8,8
18882,71,69,2,2
18883,46,48,-2,2
18884,87,91,-4,4
18885,80,70,10,10
18886,58,57,1,1
18887,47,29,18,18
18888,196,154,42,42
18889,100,92,8,8
18890,122,110,12,12
18891,126,114,12,12
18892,61,58,3,3
18893,68,66,2,2
18894,90,89,1,1
18895,96,88,8,8
18896,154,143,11,11
18897,153,134,19,19
18898,83,71,12,12
18899,130,112,18,18
18900,110,90,20,20
18901,122,105,17,17
18902,85,72,13,13
18903,55,52,3,3
18904,85,75,10,10
18905,122,109,13,13
18906,71,64,7,7
18907,149,123,26,26
18908,101,87,14,14
18909,81,83,-2,2
18910,95,83,12,12
18911,120,104,16,16
18912,137,126,11,11
18913,132,126,6,6
18914,83,66,17,17
18915,121,101,20,20
18916,121,104,17,17
18917,125,122,3,3
18918,81,76,5,5
18919,137,124,13,13
18920,89,78,11,11
18921,113,97,16,16
18922,23,41,-18,18
18923,123,94,29,29
18924,172,150,22,22
18925,64,57,7,7
18926,122,115,7,7
18927,67,61,6,6
18928,86,77,9,9
18929,42,49,-7,7
18930,126,107,19,19
18931,148,118,30,30
18932,81,69,12,12
18933,78,72,6,6
18934,74,64,10,10
18935,52,52,0,0
18936,67,62,5,5
18937,69,63,6,6
18938,76,74,2,2
18939,56,53,3,3
18940,103,101,2,2
18941,86,87,-1,1
18942,67,64,3,3
18943,74,72,2,2
18944,61,53,8,8
18945,42,51,-9,9
18946,106,93,13,13
18947,59,55,4,4
18948,65,57,8,8
18949,148,134,14,14
18950,161,135,26,26
18951,140,113,27,27
18952,140,114,26,26
18953,70,71,-1,1
18954,157,131,26,26
18955,70,75,-5,5
18956,110,102,8,8
18957,132,140,-8,8
18958,40,57,-17,17
18959,115,95,20,20
18960,165,142,23,23
18961,46,56,-10,10
18962,108,105,3,3
18963,145,123,22,22
18964,153,134,19,19
18965,64,60,4,4
18966,104,96,8,8
18967,104,82,22,22
18968,103,83,20,20
18969,99,98,1,1
18970,58,56,2,2
18971,78,68,10,10
18972,116,101,15,15
18973,95,100,-5,5
18974,77,66,11,11
18975,100,92,8,8
18976,147,125,22,22
18977,73,68,5,5
18978,90,84,6,6
18979,91,81,10,10
18980,136,116,20,20
18981,156,124,32,32
18982,71,63,8,8
18983,65,60,5,5
18984,82,73,9,9
18985,116,103,13,13
18986,134,115,19,19
18987,70,67,3,3
18988,98,88,10,10
18989,194,158,36,36
18990,58,57,1,1
18991,111,137,-26,26
18992,55,56,-1,1
18993,105,94,11,11
18994,85,77,8,8
18995,105,87,18,18
18996,83,82,1,1
18997,96,81,15,15
18998,83,70,13,13
18999,153,130,23,23
19000,81,73,8,8
19001,60,59,1,1
19002,137,122,15,15
19003,140,120,20,20
19004,88,83,5,5
19005,124,111,13,13
19006,101,87,14,14
19007,84,71,13,13
19008,99,86,13,13
19009,59,50,9,9
19010,83,84,-1,1
19011,113,112,1,1
19012,83,81,2,2
19013,65,62,3,3
19014,52,53,-1,1
19015,120,109,11,11
19016,102,83,19,19
19017,50,70,-20,20
19018,134,122,12,12
19019,90,80,10,10
19020,79,68,11,11
19021,78,76,2,2
19022,122,102,20,20
19023,69,67,2,2
19024,72,64,8,8
19025,71,66,5,5
19026,112,85,27,27
19027,111,89,22,22
19028,96,87,9,9
19029,96,86,10,10
19030,67,64,3,3
19031,102,95,7,7
19032,71,70,1,1
19033,147,127,20,20
19034,123,111,12,12
19035,89,70,19,19
19036,72,73,-1,1
19037,81,77,4,4
19038,61,57,4,4
19039,79,72,7,7
19040,112,93,19,19
19041,167,151,16,16
19042,74,71,3,3
19043,122,102,20,20
19044,78,78,0,0
19045,64,63,1,1
19046,72,71,1,1
19047,90,75,15,15
19048,86,70,16,16
19049,122,107,15,15
19050,70,59,11,11
19051,80,71,9,9
19052,55,53,2,2
19053,86,71,15,15
19054,117,104,13,13
19055,95,84,11,11
19056,88,79,9,9
19057,123,99,24,24
19058,102,86,16,16
19059,73,65,8,8
19060,33,35,-2,2
19061,133,108,25,25
19062,65,65,0,0
19063,75,61,14,14
19064,39,35,4,4
19065,119,100,19,19
19066,88,79,9,9
19067,110,89,21,21
19068,59,58,1,1
19069,94,90,4,4
19070,90,79,11,11
19071,64,59,5,5
19072,111,99,12,12
19073,95,87,8,8
19074,77,69,8,8
19075,60,56,4,4
19076,151,135,16,16
19077,90,76,14,14
19078,65,63,2,2
19079,100,102,-2,2
19080,59,56,3,3
19081,89,81,8,8
19082,91,91,0,0
19083,152,124,28,28
19084,58,54,4,4
19085,98,92,6,6
19086,111,96,15,15
19087,94,79,15,15
19088,98,90,8,8
19089,99,81,18,18
19090,132,113,19,19
19091,99,104,-5,5
19092,163,152,11,11
19093,105,77,28,28
19094,109,101,8,8
19095,49,44,5,5
19096,97,101,-4,4
19097,153,124,29,29
19098,73,95,-22,22
19099,71,69,2,2
19100,89,77,12,12
19101,110,90,20,20
19102,73,68,5,5
19103,151,119,32,32
19104,146,131,15,15
19105,74,66,8,8
19106,76,63,13,13
19107,57,125,-68,68
19108,96,75,21,21
19109,143,113,30,30
19110,98,76,22,22
19111,74,69,5,5
19112,78,67,11,11
19113,139,136,3,3
19114,81,77,4,4
19115,74,74,0,0
19116,81,75,6,6
19117,149,149,0,0
19118,59,61,-2,2
19119,92,86,6,6
19120,88,77,11,11
19121,94,86,8,8
19122,106,94,12,12
19123,143,115,28,28
19124,61,61,0,0
19125,84,71,13,13
19126,107,98,9,9
19127,129,120,9,9
19128,80,72,8,8
19129,89,81,8,8
19130,159,131,28,28
19131,44,46,-2,2
19132,116,106,10,10
19133,79,74,5,5
19134,82,68,14,14
19135,77,72,5,5
19136,124,103,21,21
19137,97,91,6,6
19138,62,61,1,1
19139,65,61,4,4
19140,78,66,12,12
19141,105,92,13,13
19142,107,102,5,5
19143,60,57,3,3
19144,63,55,8,8
19145,71,65,6,6
19146,122,111,11,11
19147,76,68,8,8
19148,137,121,16,16
19149,89,80,9,9
19150,87,85,2,2
19151,147,129,18,18
19152,121,116,5,5
19153,91,74,17,17
19154,62,57,5,5
19155,77,78,-1,1
19156,95,82,13,13
19157,71,67,4,4
19158,129,124,5,5
19159,114,102,12,12
19160,196,159,37,37
19161,113,104,9,9
19162,122,99,23,23
19163,120,100,20,20
19164,104,104,0,0
19165,99,88,11,11
19166,80,74,6,6
19167,69,70,-1,1
19168,100,94,6,6
19169,63,59,4,4
19170,145,120,25,25
19171,55,47,8,8
19172,91,79,12,12
19173,148,125,23,23
19174,75,62,13,13
19175,106,94,12,12
19176,179,145,34,34
19177,86,85,1,1
19178,72,66,6,6
19179,127,121,6,6
19180,68,59,9,9
19181,69,79,-10,10
19182,136,121,15,15
19183,91,81,10,10
19184,102,96,6,6
19185,128,106,22,22
19186,94,81,13,13
19187,105,92,13,13
19188,146,125,21,21
19189,72,59,13,13
19190,105,92,13,13
19191,137,117,20,20
19192,169,141,28,28
19193,130,135,-5,5
19194,126,111,15,15
19195,125,105,20,20
19196,102,92,10,10
19197,74,66,8,8
19198,74,76,-2,2
19199,97,87,10,10
19200,113,97,16,16
19201,54,51,3,3
19202,127,96,31,31
19203,73,71,2,2
19204,145,133,12,12
19205,117,100,17,17
19206,123,109,14,14
19207,188,146,42,42
19208,75,73,2,2
19209,76,78,-2,2
19210,45,51,-6,6
19211,86,75,11,11
19212,74,69,5,5
19213,103,103,0,0
19214,140,111,29,29
19215,95,88,7,7
19216,102,96,6,6
19217,34,39,-5,5
19218,101,87,14,14
19219,62,66,-4,4
19220,81,80,1,1
19221,84,77,7,7
19222,114,114,0,0
19223,90,73,17,17
19224,66,86,-20,20
19225,98,88,10,10
19226,68,66,2,2
19227,115,98,17,17
19228,101,67,34,34
19229,137,111,26,26
19230,125,109,16,16
19231,84,78,6,6
19232,43,50,-7,7
19233,99,83,16,16
19234,126,115,11,11
19235,97,88,9,9
19236,105,87,18,18
19237,74,73,1,1
19238,108,95,13,13
19239,70,62,8,8
19240,49,48,1,1
19241,133,115,18,18
19242,105,89,16,16
19243,147,131,16,16
19244,98,86,12,12
19245,124,108,16,16
19246,73,68,5,5
19247,78,65,13,13
19248,106,98,8,8
19249,63,57,6,6
19250,87,82,5,5
19251,80,67,13,13
19252,101,89,12,12
19253,80,72,8,8
19254,107,87,20,20
19255,65,66,-1,1
19256,62,50,12,12
19257,124,113,11,11
19258,37,41,-4,4
19259,109,95,14,14
19260,48,50,-2,2
19261,152,123,29,29
19262,163,139,24,24
19263,126,108,18,18
19264,62,86,-24,24
19265,128,121,7,7
19266,104,93,11,11
19267,110,110,0,0
19268,79,75,4,4
19269,79,74,5,5
19270,145,122,23,23
19271,74,73,1,1
19272,59,58,1,1
19273,107,93,14,14
19274,88,83,5,5
19275,47,58,-11,11
19276,111,102,9,9
19277,108,92,16,16
19278,133,108,25,25
19279,155,141,14,14
19280,85,77,8,8
19281,135,112,23,23
19282,104,87,17,17
19283,149,137,12,12
19284,78,71,7,7
19285,76,69,7,7
19286,96,89,7,7
19287,130,108,22,22
19288,90,78,12,12
19289,55,73,-18,18
19290,123,114,9,9
19291,65,61,4,4
19292,69,53,16,16
19293,50,52,-2,2
19294,51,55,-4,4
19295,81,65,16,16
19296,108,96,12,12
19297,81,75,6,6
19298,42,39,3,3
19299,141,109,32,32
19300,66,68,-2,2
19301,103,91,12,12
19302,147,124,23,23
19303,105,81,24,24
19304,136,104,32,32
19305,58,58,0,0
19306,108,83,25,25
19307,63,59,4,4
19308,116,101,15,15
19309,147,124,23,23
19310,73,62,11,11
19311,92,85,7,7
19312,63,58,5,5
19313,98,89,9,9
19314,153,133,20,20
19315,98,85,13,13
19316,68,68,0,0
19317,70,54,16,16
19318,69,113,-44,44
19319,68,61,7,7
19320,66,59,7,7
19321,83,73,10,10
19322,113,95,18,18
19323,123,98,25,25
19324,39,38,1,1
19325,127,104,23,23
19326,119,107,12,12
19327,80,68,12,12
19328,202,195,7,7
19329,71,71,0,0
19330,49,49,0,0
19331,73,76,-3,3
19332,90,88,2,2
19333,86,77,9,9
19334,71,76,-5,5
19335,62,62,0,0
19336,89,78,11,11
19337,205,164,41,41
19338,157,123,34,34
19339,95,98,-3,3
19340,54,59,-5,5
19341,86,83,3,3
19342,105,96,9,9
19343,51,55,-4,4
19344,56,63,-7,7
19345,142,133,9,9
19346,151,126,25,25
19347,72,70,2,2
19348,71,74,-3,3
19349,73,67,6,6
19350,58,55,3,3
19351,175,175,0,0
19352,132,114,18,18
19353,102,92,10,10
19354,115,101,14,14
19355,92,94,-2,2
19356,77,70,7,7
19357,113,98,15,15
19358,103,100,3,3
19359,147,143,4,4
19360,93,105,-12,12
19361,105,96,9,9
19362,95,79,16,16
19363,158,132,26,26
19364,117,105,12,12
19365,113,100,13,13
19366,84,68,16,16
19367,64,64,0,0
19368,98,91,7,7
19369,91,88,3,3
19370,106,85,21,21
19371,57,57,0,0
19372,130,116,14,14
19373,67,68,-1,1
19374,60,61,-1,1
19375,80,67,13,13
19376,109,99,10,10
19377,56,73,-17,17
19378,61,66,-5,5
19379,162,140,22,22
19380,105,90,15,15
19381,118,99,19,19
19382,88,76,12,12
19383,61,50,11,11
19384,101,86,15,15
19385,130,122,8,8
19386,116,98,18,18
19387,66,60,6,6
19388,67,61,6,6
19389,68,70,-2,2
19390,54,49,5,5
19391,76,75,1,1
19392,91,80,11,11
19393,48,44,4,4
19394,108,96,12,12
19395,50,50,0,0
19396,121,123,-2,2
19397,55,48,7,7
19398,99,88,11,11
19399,109,95,14,14
19400,129,109,20,20
19401,59,51,8,8
19402,193,165,28,28
19403,115,99,16,16
19404,168,146,22,22
19405,109,97,12,12
19406,79,79,0,0
19407,69,63,6,6
19408,124,114,10,10
19409,86,88,-2,2
19410,108,95,13,13
19411,57,57,0,0
19412,69,56,13,13
19413,73,69,4,4
19414,93,93,0,0
19415,108,91,17,17
19416,47,43,4,4
19417,96,85,11,11
19418,136,127,9,9
19419,62,47,15,15
19420,35,45,-10,10
19421,168,156,12,12
19422,72,61,11,11
19423,53,49,4,4
19424,181,157,24,24
19425,106,90,16,16
19426,110,111,-1,1
19427,71,69,2,2
19428,81,78,3,3
19429,66,61,5,5
19430,96,92,4,4
19431,94,79,15,15
19432,101,81,20,20
19433,56,48,8,8
19434,161,126,35,35
19435,120,101,19,19
19436,90,82,8,8
19437,74,70,4,4
19438,119,101,18,18
19439,120,103,17,17
19440,116,126,-10,10
19441,72,66,6,6
19442,100,82,18,18
19443,72,64,8,8
19444,152,134,18,18
19445,65,67,-2,2
19446,84,72,12,12
19447,100,90,10,10
19448,116,93,23,23
19449,88,82,6,6
19450,94,93,1,1
19451,76,68,8,8
19452,70,70,0,0
19453,72,86,-14,14
19454,114,100,14,14
19455,95,85,10,10
19456,88,75,13,13
19457,103,98,5,5
19458,82,73,9,9
19459,66,69,-3,3
19460,126,103,23,23
19461,215,190,25,25
19462,127,113,14,14
19463,71,65,6,6
19464,106,84,22,22
19465,125,111,14,14
19466,98,84,14,14
19467,80,85,-5,5
19468,76,72,4,4
19469,126,112,14,14
19470,45,45,0,0
19471,98,87,11,11
19472,75,68,7,7
19473,76,63,13,13
19474,103,99,4,4
19475,149,132,17,17
19476,110,99,11,11
19477,71,65,6,6
19478,121,110,11,11
19479,86,74,12,12
19480,44,40,4,4
19481,126,114,12,12
19482,145,117,28,28
19483,94,94,0,0
19484,49,52,-3,3
19485,99,85,14,14
19486,75,77,-2,2
19487,77,87,-10,10
19488,65,66,-1,1
19489,117,102,15,15
19490,87,74,13,13
19491,87,88,-1,1
19492,138,121,17,17
19493,66,59,7,7
19494,100,80,20,20
19495,107,90,17,17
19496,82,95,-13,13
19497,76,76,0,0
19498,67,60,7,7
19499,40,45,-5,5
19500,88,86,2,2
19501,184,150,34,34
19502,92,75,17,17
19503,134,123,11,11
19504,105,94,11,11
19505,112,103,9,9
19506,70,63,7,7
19507,70,69,1,1
19508,57,56,1,1
19509,120,104,16,16
19510,98,92,6,6
19511,115,96,19,19
19512,84,84,0,0
19513,97,83,14,14
19514,85,77,8,8
19515,67,64,3,3
19516,93,76,17,17
19517,123,108,15,15
19518,52,89,-37,37
19519,113,97,16,16
19520,63,58,5,5
19521,97,83,14,14
19522,103,90,13,13
19523,91,90,1,1
19524,74,69,5,5
19525,110,108,2,2
19526,162,138,24,24
19527,98,88,10,10
19528,103,88,15,15
19529,96,96,0,0
19530,35,40,-5,5
19531,85,81,4,4
19532,69,64,5,5
19533,80,66,14,14
19534,60,54,6,6
19535,87,89,-2,2
19536,77,66,11,11
19537,139,117,22,22
19538,51,50,1,1
19539,122,100,22,22
19540,125,99,26,26
19541,63,53,10,10
19542,125,103,22,22
19543,85,84,1,1
19544,112,101,11,11
19545,58,60,-2,2
19546,104,93,11,11
19547,120,101,19,19
19548,43,46,-3,3
19549,90,92,-2,2
19550,29,30,-1,1
19551,92,75,17,17
19552,99,77,22,22
19553,55,55,0,0
19554,66,56,10,10
19555,78,70,8,8
19556,67,56,11,11
19557,91,74,17,17
19558,143,114,29,29
19559,86,85,1,1
19560,57,67,-10,10
19561,96,79,17,17
19562,101,104,-3,3
19563,58,49,9,9
19564,113,94,19,19
19565,44,40,4,4
19566,140,108,32,32
19567,150,132,18,18
19568,117,107,10,10
19569,86,81,5,5
19570,99,81,18,18
19571,114,94,20,20
19572,81,71,10,10
19573,64,55,9,9
19574,132,120,12,12
19575,82,74,8,8
19576,141,119,22,22
19577,68,74,-6,6
19578,137,115,22,22
19579,75,67,8,8
19580,71,64,7,7
19581,59,38,21,21
19582,45,40,5,5
19583,70,61,9,9
19584,107,93,14,14
19585,59,58,1,1
19586,41,40,1,1
19587,65,64,1,1
19588,50,46,4,4
19589,88,82,6,6
19590,114,101,13,13
19591,64,55,9,9
19592,154,136,18,18
19593,64,63,1,1
19594,46,59,-13,13
19595,120,102,18,18
19596,80,74,6,6
19597,52,50,2,2
19598,88,97,-9,9
19599,65,80,-15,15
19600,49,52,-3,3
19601,82,85,-3,3
19602,108,107,1,1
19603,59,60,-1,1
19604,68,61,7,7
19605,99,82,17,17
19606,100,89,11,11
19607,100,83,17,17
19608,156,132,24,24
19609,91,87,4,4
19610,152,130,22,22
19611,125,101,24,24
19612,60,56,4,4
19613,43,47,-4,4
19614,48,41,7,7
19615,94,90,4,4
19616,70,61,9,9
19617,52,46,6,6
19618,70,62,8,8
19619,154,129,25,25
19620,133,118,15,15
19621,72,65,7,7
19622,79,78,1,1
19623,111,102,9,9
19624,72,65,7,7
19625,147,137,10,10
19626,94,81,13,13
19627,41,41,0,0
19628,79,80,-1,1
19629,61,58,3,3
19630,68,67,1,1
19631,70,61,9,9
19632,80,77,3,3
19633,58,59,-1,1
19634,45,44,1,1
19635,187,149,38,38
19636,84,74,10,10
19637,76,69,7,7
19638,154,135,19,19
19639,139,117,22,22
19640,173,146,27,27
19641,75,63,12,12
19642,148,128,20,20
19643,174,151,23,23
19644,100,96,4,4
19645,29,32,-3,3
19646,102,84,18,18
19647,67,65,2,2
19648,51,47,4,4
19649,133,99,34,34
19650,36,38,-2,2
19651,66,59,7,7
19652,65,56,9,9
19653,73,69,4,4
19654,151,126,25,25
19655,87,74,13,13
19656,138,128,10,10
19657,65,58,7,7
19658,97,85,12,12
19659,84,75,9,9
19660,171,142,29,29
19661,110,97,13,13
19662,120,102,18,18
19663,99,87,12,12
19664,135,132,3,3
19665,90,81,9,9
19666,70,61,9,9
19667,99,90,9,9
19668,58,55,3,3
19669,109,115,-6,6
19670,77,72,5,5
19671,74,66,8,8
19672,134,123,11,11
19673,130,101,29,29
19674,65,62,3,3
19675,109,92,17,17
19676,75,74,1,1
19677,125,108,17,17
19678,99,87,12,12
19679,147,127,20,20
19680,160,133,27,27
19681,49,45,4,4
19682,62,63,-1,1
19683,332,263,69,69
19684,127,109,18,18
19685,34,35,-1,1
19686,145,120,25,25
19687,108,89,19,19
19688,66,63,3,3
19689,65,62,3,3
19690,157,129,28,28
19691,89,77,12,12
19692,97,96,1,1
19693,116,100,16,16
19694,102,92,10,10
19695,118,110,8,8
19696,161,139,22,22
19697,97,75,22,22
19698,40,37,3,3
19699,63,58,5,5
19700,70,74,-4,4
19701,83,70,13,13
19702,100,93,7,7
19703,76,68,8,8
19704,105,93,12,12
19705,72,81,-9,9
19706,69,77,-8,8
19707,136,125,11,11
19708,126,99,27,27
19709,130,120,10,10
19710,116,106,10,10
19711,87,76,11,11
19712,100,92,8,8
19713,100,86,14,14
19714,55,52,3,3
19715,92,83,9,9
19716,101,87,14,14
19717,149,130,19,19
19718,98,80,18,18
19719,89,80,9,9
19720,40,56,-16,16
19721,91,78,13,13
19722,103,94,9,9
19723,88,74,14,14
19724,76,81,-5,5
19725,43,49,-6,6
19726,60,55,5,5
19727,165,135,30,30
19728,148,141,7,7
19729,114,101,13,13
19730,97,77,20,20
19731,141,130,11,11
19732,82,88,-6,6
19733,89,78,11,11
19734,141,127,14,14
19735,31,43,-12,12
19736,87,89,-2,2
19737,83,80,3,3
19738,64,60,4,4
19739,68,67,1,1
19740,75,64,11,11
19741,102,90,12,12
19742,54,51,3,3
19743,108,102,6,6
19744,104,80,24,24
19745,132,119,13,13
19746,77,70,7,7
19747,130,118,12,12
19748,46,43,3,3
19749,83,29,54,54
19750,79,76,3,3
19751,180,143,37,37
19752,118,112,6,6
19753,105,100,5,5
19754,93,86,7,7
19755,81,70,11,11
19756,61,58,3,3
19757,142,124,18,18
19758,93,86,7,7
19759,100,91,9,9
19760,146,124,22,22
19761,64,62,2,2
19762,116,99,17,17
19763,55,50,5,5
19764,55,56,-1,1
19765,86,88,-2,2
19766,90,80,10,10
19767,146,128,18,18
19768,55,50,5,5
19769,76,77,-1,1
19770,48,53,-5,5
19771,84,67,17,17
19772,62,54,8,8
19773,93,80,13,13
19774,104,90,14,14
19775,108,104,4,4
19776,83,83,0,0
19777,57,49,8,8
19778,76,68,8,8
19779,100,118,-18,18
19780,96,87,9,9
19781,124,87,37,37
19782,55,64,-9,9
19783,61,59,2,2
19784,104,95,9,9
19785,70,69,1,1
19786,94,77,17,17
19787,64,62,2,2
19788,113,105,8,8
19789,92,86,6,6
19790,136,124,12,12
19791,115,102,13,13
19792,103,100,3,3
19793,84,79,5,5
19794,60,60,0,0
19795,83,106,-23,23
19796,127,112,15,15
19797,137,116,21,21
19798,64,52,12,12
19799,180,152,28,28
19800,144,120,24,24
19801,82,69,13,13
19802,89,74,15,15
19803,122,120,2,2
19804,85,80,5,5
19805,127,110,17,17
19806,86,73,13,13
19807,81,78,3,3
19808,102,90,12,12
19809,104,79,25,25
19810,47,44,3,3
19811,163,131,32,32
19812,102,91,11,11
19813,152,119,33,33
19814,139,112,27,27
19815,88,70,18,18
19816,57,47,10,10
19817,79,65,14,14
19818,60,50,10,10
19819,104,85,19,19
19820,92,80,12,12
19821,74,66,8,8
19822,94,82,12,12
19823,102,96,6,6
19824,109,94,15,15
19825,86,75,11,11
19826,85,70,15,15
19827,86,73,13,13
19828,158,126,32,32
19829,78,70,8,8
19830,72,65,7,7
19831,127,110,17,17
19832,81,76,5,5
19833,99,90,9,9
19834,64,64,0,0
19835,137,130,7,7
19836,99,92,7,7
19837,74,73,1,1
19838,80,81,-1,1
19839,99,99,0,0
19840,95,87,8,8
19841,48,47,1,1
19842,77,69,8,8
19843,88,87,1,1
19844,99,88,11,11
19845,87,74,13,13
19846,75,74,1,1
19847,103,98,5,5
19848,190,161,29,29
19849,88,55,33,33
19850,85,80,5,5
19851,59,49,10,10
19852,63,70,-7,7
19853,85,78,7,7
19854,67,78,-11,11
19855,76,73,3,3
19856,115,100,15,15
19857,62,57,5,5
19858,61,61,0,0
19859,147,126,21,21
19860,153,129,24,24
19861,68,58,10,10
19862,106,101,5,5
19863,79,71,8,8
19864,165,135,30,30
19865,63,56,7,7
19866,106,97,9,9
19867,74,71,3,3
19868,135,114,21,21
19869,76,72,4,4
19870,113,106,7,7
19871,77,73,4,4
19872,67,63,4,4
19873,93,98,-5,5
19874,170,149,21,21
19875,77,77,0,0
19876,88,75,13,13
19877,103,90,13,13
19878,85,78,7,7
19879,82,68,14,14
19880,70,71,-1,1
19881,94,95,-1,1
19882,44,48,-4,4
19883,103,85,18,18
19884,99,91,8,8
19885,67,59,8,8
19886,56,56,0,0
19887,94,84,10,10
19888,77,70,7,7
19889,68,64,4,4
19890,125,100,25,25
19891,110,99,11,11
19892,102,80,22,22
19893,57,50,7,7
19894,68,78,-10,10
19895,75,68,7,7
19896,101,87,14,14
19897,57,51,6,6
19898,93,97,-4,4
19899,52,41,11,11
19900,57,56,1,1
19901,123,98,25,25
19902,111,106,5,5
19903,62,59,3,3
19904,89,91,-2,2
19905,114,96,18,18
19906,45,49,-4,4
19907,79,69,10,10
19908,134,112,22,22
19909,101,87,14,14
19910,92,81,11,11
19911,74,64,10,10
19912,95,83,12,12
19913,49,51,-2,2
19914,86,72,14,14
19915,50,63,-13,13
19916,55,54,1,1
19917,49,44,5,5
19918,87,83,4,4
19919,59,61,-2,2
19920,108,100,8,8
19921,88,77,11,11
19922,118,111,7,7
19923,108,95,13,13
19924,38,64,-26,26
19925,94,82,12,12
19926,35,41,-6,6
19927,114,104,10,10
19928,124,102,22,22
19929,108,105,3,3
19930,129,129,0,0
19931,69,67,2,2
19932,108,101,7,7
19933,66,67,-1,1
19934,62,55,7,7
19935,107,101,6,6
19936,65,60,5,5
19937,169,138,31,31
19938,115,99,16,16
19939,116,101,15,15
19940,87,80,7,7
19941,62,62,0,0
19942,128,107,21,21
19943,126,119,7,7
19944,139,127,12,12
19945,217,173,44,44
19946,147,135,12,12
19947,117,98,19,19
19948,181,157,24,24
19949,101,114,-13,13
19950,66,65,1,1
19951,77,66,11,11
19952,110,98,12,12
19953,186,160,26,26
19954,60,55,5,5
19955,68,65,3,3
19956,125,112,13,13
19957,52,49,3,3
19958,75,67,8,8
19959,109,100,9,9
19960,44,53,-9,9
19961,123,117,6,6
19962,123,105,18,18
19963,69,61,8,8
19964,51,50,1,1
19965,148,119,29,29
19966,104,84,20,20
19967,64,57,7,7
19968,82,79,3,3
19969,82,70,12,12
19970,135,118,17,17
19971,54,53,1,1
19972,88,71,17,17
19973,88,75,13,13
19974,102,90,12,12
19975,45,47,-2,2
19976,85,74,11,11
19977,117,94,23,23
19978,124,102,22,22
19979,60,60,0,0
19980,40,58,-18,18
19981,133,118,15,15
19982,101,100,1,1
19983,80,71,9,9
19984,90,100,-10,10
19985,85,78,7,7
19986,68,64,4,4
19987,150,134,16,16
19988,86,75,11,11
19989,105,100,5,5
19990,45,48,-3,3
19991,149,142,7,7
19992,74,70,4,4
19993,40,45,-5,5
19994,75,73,2,2
19995,47,46,1,1
19996,70,69,1,1
19997,56,53,3,3
19998,46,46,0,0
19999,98,92,6,6
20000,107,90,17,17
20001,121,101,20,20
20002,192,167,25,25
20003,50,50,0,0
20004,62,70,-8,8
20005,93,81,12,12
20006,96,79,17,17
20007,72,64,8,8
20008,134,122,12,12
20009,98,89,9,9
20010,159,126,33,33
20011,115,101,14,14
20012,54,51,3,3
20013,60,56,4,4
20014,80,73,7,7
20015,103,93,10,10
20016,89,75,14,14
20017,118,106,12,12
20018,109,94,15,15
20019,65,67,-2,2
20020,62,64,-2,2
20021,100,87,13,13
20022,127,116,11,11
20023,54,54,0,0
20024,113,95,18,18
20025,122,101,21,21
20026,140,116,24,24
20027,71,62,9,9
20028,86,84,2,2
20029,94,89,5,5
20030,124,108,16,16
20031,59,60,-1,1
20032,115,98,17,17
20033,61,54,7,7
20034,65,55,10,10
20035,79,78,1,1
20036,122,101,21,21
20037,97,93,4,4
20038,64,61,3,3
20039,107,91,16,16
20040,109,97,12,12
20041,70,63,7,7
20042,63,56,7,7
20043,104,93,11,11
20044,88,69,19,19
20045,91,82,9,9
20046,136,120,16,16
20047,67,62,5,5
20048,65,60,5,5
20049,97,89,8,8
20050,114,105,9,9
20051,122,119,3,3
20052,76,65,11,11
20053,96,90,6,6
20054,90,71,19,19
20055,68,59,9,9
20056,78,73,5,5
20057,158,128,30,30
20058,77,74,3,3
20059,65,59,6,6
20060,126,103,23,23
20061,102,86,16,16
20062,96,81,15,15
20063,120,115,5,5
20064,44,45,-1,1
20065,68,66,2,2
20066,170,152,18,18
20067,40,38,2,2
20068,43,48,-5,5
20069,95,78,17,17
20070,114,94,20,20
20071,60,60,0,0
20072,35,39,-4,4
20073,70,63,7,7
20074,126,112,14,14
20075,68,62,6,6
20076,137,127,10,10
20077,154,117,37,37
20078,139,122,17,17
20079,103,95,8,8
20080,82,67,15,15
20081,94,91,3,3
20082,136,111,25,25
20083,81,66,15,15
20084,51,42,9,9
20085,126,111,15,15
20086,89,112,-23,23
20087,88,82,6,6
20088,77,62,15,15
20089,83,78,5,5
20090,77,64,13,13
20091,84,74,10,10
20092,82,71,11,11
20093,65,59,6,6
20094,113,91,22,22
20095,78,79,-1,1
20096,54,51,3,3
20097,94,95,-1,1
20098,59,60,-1,1
20099,117,110,7,7
20100,78,62,16,16
20101,48,39,9,9
20102,54,59,-5,5
20103,99,96,3,3
20104,71,70,1,1
20105,136,113,23,23
20106,45,48,-3,3
20107,84,78,6,6
20108,82,77,5,5
20109,45,47,-2,2
20110,125,94,31,31
20111,50,48,2,2
20112,71,67,4,4
20113,89,75,14,14
20114,61,64,-3,3
20115,105,88,17,17
20116,143,126,17,17
20117,185,153,32,32
20118,48,44,4,4
20119,98,89,9,9
20120,38,40,-2,2
20121,92,77,15,15
20122,139,122,17,17
20123,99,80,19,19
20124,106,97,9,9
20125,60,68,-8,8
20126,96,72,24,24
20127,138,127,11,11
20128,83,74,9,9
20129,152,110,42,42
20130,115,108,7,7
20131,84,81,3,3
20132,133,111,22,22
20133,128,109,19,19
20134,78,72,6,6
20135,93,85,8,8
20136,105,93,12,12
20137,90,86,4,4
20138,205,158,47,47
20139,80,72,8,8
20140,80,74,6,6
20141,118,90,28,28
20142,60,65,-5,5
20143,101,88,13,13
20144,95,83,12,12
20145,130,127,3,3
20146,113,94,19,19
20147,79,79,0,0
20148,88,78,10,10
20149,109,94,15,15
20150,98,80,18,18
20151,70,61,9,9
20152,92,90,2,2
20153,157,147,10,10
20154,44,48,-4,4
20155,95,80,15,15
20156,87,73,14,14
20157,109,88,21,21
20158,111,101,10,10
20159,86,73,13,13
20160,149,132,17,17
20161,111,94,17,17
20162,45,44,1,1
20163,150,134,16,16
20164,89,73,16,16
20165,67,69,-2,2
20166,87,80,7,7
20167,150,125,25,25
20168,124,95,29,29
20169,96,84,12,12
20170,125,112,13,13
20171,116,113,3,3
20172,80,70,10,10
20173,156,120,36,36
20174,159,143,16,16
20175,108,99,9,9
20176,90,80,10,10
20177,117,97,20,20
20178,139,114,25,25
20179,87,80,7,7
20180,79,65,14,14
20181,103,90,13,13
20182,157,131,26,26
20183,159,152,7,7
20184,46,72,-26,26
20185,84,78,6,6
20186,62,63,-1,1
20187,99,90,9,9
20188,62,57,5,5
20189,87,94,-7,7
20190,186,162,24,24
20191,104,87,17,17
20192,83,75,8,8
20193,82,73,9,9
20194,82,77,5,5
20195,116,106,10,10
20196,48,43,5,5
20197,72,73,-1,1
20198,81,74,7,7
20199,89,89,0,0
20200,66,62,4,4
20201,99,93,6,6
20202,97,84,13,13
20203,83,75,8,8
20204,57,49,8,8
20205,95,86,9,9
20206,81,74,7,7
20207,77,78,-1,1
20208,65,57,8,8
20209,109,96,13,13
20210,58,56,2,2
20211,38,44,-6,6
20212,109,96,13,13
20213,128,111,17,17
20214,68,56,12,12
20215,134,115,19,19
20216,80,77,3,3
20217,197,167,30,30
20218,105,97,8,8
20219,78,72,6,6
20220,99,106,-7,7
20221,88,79,9,9
20222,105,88,17,17
20223,63,67,-4,4
20224,76,93,-17,17
20225,80,76,4,4
20226,68,67,1,1
20227,97,88,9,9
20228,107,90,17,17
20229,96,72,24,24
20230,120,111,9,9
20231,110,92,18,18
20232,67,61,6,6
20233,154,124,30,30
20234,133,109,24,24
20235,98,80,18,18
20236,93,82,11,11
20237,93,84,9,9
20238,95,89,6,6
20239,96,82,14,14
20240,66,63,3,3
20241,54,53,1,1
20242,89,79,10,10
20243,165,135,30,30
20244,189,167,22,22
20245,62,68,-6,6
20246,49,50,-1,1
20247,59,56,3,3
20248,82,71,11,11
20249,75,70,5,5
20250,121,102,19,19
20251,116,87,29,29
20252,185,164,21,21
20253,139,122,17,17
20254,73,72,1,1
20255,147,133,14,14
20256,109,107,2,2
20257,119,105,14,14
20258,83,71,12,12
20259,122,112,10,10
20260,84,82,2,2
20261,130,112,18,18
20262,137,128,9,9
20263,96,89,7,7
20264,81,72,9,9
20265,123,105,18,18
20266,83,65,18,18
20267,104,90,14,14
20268,121,96,25,25
20269,130,108,22,22
20270,104,91,13,13
20271,107,89,18,18
20272,121,101,20,20
20273,76,72,4,4
20274,59,57,2,2
20275,127,115,12,12
20276,179,162,17,17
20277,70,69,1,1
20278,83,76,7,7
20279,83,80,3,3
20280,52,65,-13,13
20281,58,61,-3,3
20282,116,105,11,11
20283,57,58,-1,1
20284,107,90,17,17
20285,164,144,20,20
20286,110,94,16,16
20287,101,88,13,13
20288,159,135,24,24
20289,103,101,2,2
20290,133,123,10,10
20291,59,70,-11,11
20292,93,96,-3,3
20293,129,104,25,25
20294,49,64,-15,15
20295,98,86,12,12
20296,100,85,15,15
20297,131,117,14,14
20298,140,128,12,12
20299,87,79,8,8
20300,138,122,16,16
20301,145,127,18,18
20302,124,108,16,16
20303,111,96,15,15
20304,128,108,20,20
20305,83,66,17,17
20306,90,90,0,0
20307,96,86,10,10
20308,160,135,25,25
20309,75,70,5,5
20310,83,81,2,2
20311,115,102,13,13
20312,78,74,4,4
20313,91,79,12,12
20314,60,56,4,4
20315,92,81,11,11
20316,107,85,22,22
20317,94,93,1,1
20318,75,94,-19,19
20319,60,54,6,6
20320,58,63,-5,5
20321,103,93,10,10
20322,68,62,6,6
20323,141,117,24,24
20324,89,88,1,1
20325,172,139,33,33
20326,147,130,17,17
20327,94,77,17,17
20328,128,109,19,19
20329,76,69,7,7
20330,97,80,17,17
20331,110,98,12,12
20332,89,81,8,8
20333,72,60,12,12
20334,104,99,5,5
20335,82,91,-9,9
20336,87,77,10,10
20337,96,98,-2,2
20338,94,94,0,0
20339,158,135,23,23
20340,102,93,9,9
20341,62,62,0,0
20342,53,56,-3,3
20343,98,86,12,12
20344,96,82,14,14
20345,79,76,3,3
20346,131,105,26,26
20347,44,49,-5,5
20348,102,83,19,19
20349,69,66,3,3
20350,106,99,7,7
20351,128,120,8,8
20352,49,53,-4,4
20353,123,100,23,23
20354,191,143,48,48
20355,116,95,21,21
20356,127,106,21,21
20357,42,43,-1,1
20358,124,93,31,31
20359,92,93,-1,1
20360,143,119,24,24
20361,68,62,6,6
20362,111,96,15,15
20363,120,116,4,4
20364,93,79,14,14
20365,46,49,-3,3
20366,116,101,15,15
20367,84,75,9,9
20368,39,42,-3,3
20369,70,56,14,14
20370,59,72,-13,13
20371,107,116,-9,9
20372,59,52,7,7
20373,115,98,17,17
20374,92,90,2,2
20375,105,105,0,0
20376,110,91,19,19
20377,60,55,5,5
20378,119,96,23,23
20379,106,100,6,6
20380,90,81,9,9
20381,63,61,2,2
20382,103,89,14,14
20383,105,100,5,5
20384,98,91,7,7
20385,48,47,1,1
20386,110,121,-11,11
20387,119,95,24,24
20388,86,80,6,6
20389,82,89,-7,7
20390,65,57,8,8
20391,89,81,8,8
20392,118,108,10,10
20393,146,122,24,24
20394,65,65,0,0
20395,125,110,15,15
20396,87,80,7,7
20397,89,83,6,6
20398,75,69,6,6
20399,87,76,11,11
20400,130,117,13,13
20401,51,49,2,2
20402,129,125,4,4
20403,81,71,10,10
20404,80,67,13,13
20405,66,63,3,3
20406,47,47,0,0
20407,103,96,7,7
20408,77,87,-10,10
20409,60,61,-1,1
20410,133,116,17,17
20411,66,61,5,5
20412,161,135,26,26
20413,101,103,-2,2
20414,80,76,4,4
20415,124,114,10,10
20416,140,120,20,20
20417,120,98,22,22
20418,141,116,25,25
20419,90,81,9,9
20420,54,56,-2,2
20421,63,59,4,4
20422,115,106,9,9
20423,59,63,-4,4
20424,68,65,3,3
20425,51,54,-3,3
20426,56,56,0,0
20427,69,73,-4,4
20428,71,67,4,4
20429,103,97,6,6
20430,94,89,5,5
20431,157,151,6,6
20432,122,100,22,22
20433,111,97,14,14
20434,120,120,0,0
20435,103,84,19,19
20436,62,65,-3,3
20437,130,117,13,13
20438,81,75,6,6
20439,166,129,37,37
20440,79,78,1,1
20441,90,84,6,6
20442,91,86,5,5
20443,44,42,2,2
20444,87,84,3,3
20445,117,102,15,15
20446,101,93,8,8
20447,106,105,1,1
20448,102,86,16,16
20449,74,62,12,12
20450,175,146,29,29
20451,71,73,-2,2
20452,122,105,17,17
20453,165,139,26,26
20454,134,111,23,23
20455,192,147,45,45
20456,80,65,15,15
20457,65,59,6,6
20458,105,98,7,7
20459,121,103,18,18
20460,84,80,4,4
20461,106,103,3,3
20462,91,77,14,14
20463,174,155,19,19
20464,64,57,7,7
20465,58,59,-1,1
20466,76,61,15,15
20467,70,69,1,1
20468,143,121,22,22
20469,92,81,11,11
20470,94,85,9,9
20471,95,81,14,14
20472,119,101,18,18
20473,101,80,21,21
20474,110,97,13,13
20475,144,138,6,6
20476,129,126,3,3
20477,79,70,9,9
20478,99,93,6,6
20479,85,74,11,11
20480,142,114,28,28
20481,77,77,0,0
20482,62,59,3,3
20483,122,110,12,12
20484,106,99,7,7
20485,52,46,6,6
20486,79,69,10,10
20487,95,76,19,19
20488,77,76,1,1
20489,89,79,10,10
20490,70,67,3,3
20491,97,86,11,11
20492,100,100,0,0
20493,79,66,13,13
20494,138,123,15,15
20495,123,97,26,26
20496,152,118,34,34
20497,135,116,19,19
20498,83,77,6,6
20499,118,96,22,22
20500,91,79,12,12
20501,83,78,5,5
20502,77,72,5,5
20503,69,64,5,5
20504,68,63,5,5
20505,139,121,18,18
20506,171,148,23,23
20507,80,75,5,5
20508,83,71,12,12
20509,108,91,17,17
20510,92,86,6,6
20511,59,57,2,2
20512,74,64,10,10
20513,62,56,6,6
20514,138,115,23,23
20515,55,50,5,5
20516,85,74,11,11
20517,77,69,8,8
20518,39,38,1,1
20519,65,67,-2,2
20520,109,101,8,8
20521,91,86,5,5
20522,74,65,9,9
20523,74,78,-4,4
20524,154,127,27,27
20525,153,123,30,30
20526,40,35,5,5
20527,110,100,10,10
20528,63,60,3,3
20529,114,99,15,15
20530,114,109,5,5
20531,62,66,-4,4
20532,81,66,15,15
20533,49,49,0,0
20534,63,56,7,7
20535,93,82,11,11
20536,76,65,11,11
20537,146,131,15,15
20538,87,72,15,15
20539,162,136,26,26
20540,91,88,3,3
20541,107,114,-7,7
20542,82,80,2,2
20543,97,82,15,15
20544,42,46,-4,4
20545,81,74,7,7
20546,115,99,16,16
20547,120,102,18,18
20548,62,60,2,2
20549,131,123,8,8
20550,82,76,6,6
20551,59,59,0,0
20552,127,122,5,5
20553,100,83,17,17
20554,92,81,11,11
20555,55,57,-2,2
20556,111,95,16,16
20557,92,82,10,10
20558,111,103,8,8
20559,189,142,47,47
20560,93,73,20,20
20561,61,55,6,6
20562,50,45,5,5
20563,62,59,3,3
20564,46,48,-2,2
20565,145,133,12,12
20566,82,78,4,4
20567,83,75,8,8
20568,78,70,8,8
20569,69,59,10,10
20570,117,89,28,28
20571,142,123,19,19
20572,111,101,10,10
20573,72,63,9,9
20574,95,81,14,14
20575,141,113,28,28
20576,179,148,31,31
20577,85,82,3,3
20578,286,200,86,86
20579,87,74,13,13
20580,93,83,10,10
20581,87,74,13,13
20582,49,54,-5,5
20583,87,81,6,6
20584,143,109,34,34
20585,98,108,-10,10
20586,70,66,4,4
20587,112,101,11,11
20588,53,52,1,1
20589,55,56,-1,1
20590,88,77,11,11
20591,113,101,12,12
20592,86,78,8,8
20593,59,52,7,7
20594,62,55,7,7
20595,71,72,-1,1
20596,102,109,-7,7
20597,69,67,2,2
20598,117,104,13,13
20599,79,72,7,7
20600,131,119,12,12
20601,45,46,-1,1
20602,81,74,7,7
20603,62,68,-6,6
20604,82,79,3,3
20605,86,82,4,4
20606,52,46,6,6
20607,79,73,6,6
20608,108,90,18,18
20609,62,62,0,0
20610,94,87,7,7
20611,74,76,-2,2
20612,136,112,24,24
20613,151,125,26,26
20614,145,135,10,10
20615,99,88,11,11
20616,169,160,9,9
20617,69,66,3,3
20618,54,51,3,3
20619,93,75,18,18
20620,106,95,11,11
20621,77,69,8,8
20622,100,100,0,0
20623,96,94,2,2
20624,56,51,5,5
20625,99,84,15,15
20626,115,105,10,10
20627,90,81,9,9
20628,56,64,-8,8
20629,83,70,13,13
20630,117,97,20,20
20631,75,73,2,2
20632,88,78,10,10
20633,80,73,7,7
20634,150,114,36,36
20635,126,101,25,25
20636,92,82,10,10
20637,117,102,15,15
20638,75,69,6,6
20639,92,74,18,18
20640,72,68,4,4
20641,45,46,-1,1
20642,55,62,-7,7
20643,123,116,7,7
20644,127,106,21,21
20645,128,119,9,9
20646,161,141,20,20
20647,130,112,18,18
20648,87,73,14,14
20649,223,160,63,63
20650,79,76,3,3
20651,155,123,32,32
20652,77,73,4,4
20653,82,66,16,16
20654,101,92,9,9
20655,89,86,3,3
20656,106,99,7,7
20657,68,57,11,11
20658,98,86,12,12
20659,102,94,8,8
20660,88,72,16,16
20661,102,88,14,14
20662,173,138,35,35
20663,52,63,-11,11
20664,114,102,12,12
20665,85,68,17,17
20666,86,77,9,9
20667,77,65,12,12
20668,81,73,8,8
20669,89,75,14,14
20670,149,130,19,19
20671,68,75,-7,7
20672,77,68,9,9
20673,83,76,7,7
20674,71,64,7,7
20675,71,67,4,4
20676,91,86,5,5
20677,56,67,-11,11
20678,80,75,5,5
20679,129,108,21,21
20680,95,84,11,11
20681,114,93,21,21
20682,149,123,26,26
20683,74,65,9,9
20684,84,68,16,16
20685,72,62,10,10
20686,119,103,16,16
20687,82,67,15,15
20688,94,106,-12,12
20689,89,90,-1,1
20690,45,45,0,0
20691,77,59,18,18
20692,169,150,19,19
20693,100,77,23,23
20694,114,94,20,20
20695,95,83,12,12
20696,97,100,-3,3
20697,224,183,41,41
20698,96,88,8,8
20699,66,66,0,0
20700,97,85,12,12
20701,113,99,14,14
20702,107,101,6,6
20703,59,65,-6,6
20704,148,141,7,7
20705,66,53,13,13
20706,151,139,12,12
20707,87,74,13,13
20708,119,97,22,22
20709,63,53,10,10
20710,122,103,19,19
20711,75,66,9,9
20712,142,120,22,22
20713,33,34,-1,1
20714,86,79,7,7
20715,33,36,-3,3
20716,144,108,36,36
20717,124,105,19,19
20718,77,71,6,6
20719,144,127,17,17
20720,88,85,3,3
20721,87,86,1,1
20722,45,44,1,1
20723,104,79,25,25
20724,70,68,2,2
20725,87,77,10,10
20726,139,122,17,17
20727,136,121,15,15
20728,85,69,16,16
20729,106,101,5,5
20730,134,110,24,24
20731,98,87,11,11
20732,77,73,4,4
20733,131,117,14,14
20734,125,132,-7,7
20735,76,68,8,8
20736,110,101,9,9
20737,123,103,20,20
20738,56,45,11,11
20739,62,58,4,4
20740,59,54,5,5
20741,96,94,2,2
20742,107,87,20,20
20743,126,118,8,8
20744,114,105,9,9
20745,85,81,4,4
20746,63,55,8,8
20747,59,69,-10,10
20748,80,65,15,15
20749,93,77,16,16
20750,82,80,2,2
20751,73,64,9,9
20752,133,116,17,17
20753,145,117,28,28
20754,78,69,9,9
20755,89,79,10,10
20756,81,72,9,9
20757,100,91,9,9
20758,129,122,7,7
20759,80,76,4,4
20760,122,101,21,21
20761,26,41,-15,15
20762,151,132,19,19
20763,118,111,7,7
20764,146,119,27,27
20765,75,68,7,7
20766,80,102,-22,22
20767,52,57,-5,5
20768,128,102,26,26
20769,76,82,-6,6
20770,73,69,4,4
20771,55,51,4,4
20772,94,85,9,9
20773,115,96,19,19
20774,70,65,5,5
20775,125,102,23,23
20776,50,44,6,6
20777,90,84,6,6
20778,110,97,13,13
20779,120,113,7,7
20780,62,60,2,2
20781,78,81,-3,3
20782,132,120,12,12
20783,46,45,1,1
20784,140,136,4,4
20785,97,82,15,15
20786,53,50,3,3
20787,93,86,7,7
20788,145,114,31,31
20789,84,80,4,4
20790,121,110,11,11
20791,124,113,11,11
20792,65,58,7,7
20793,129,121,8,8
20794,111,99,12,12
20795,81,63,18,18
20796,87,66,21,21
20797,64,64,0,0
20798,92,79,13,13
20799,74,66,8,8
20800,78,70,8,8
20801,72,79,-7,7
20802,101,92,9,9
20803,35,40,-5,5
20804,171,140,31,31
20805,54,46,8,8
20806,155,153,2,2
20807,151,131,20,20
20808,45,44,1,1
20809,87,78,9,9
20810,115,98,17,17
20811,75,62,13,13
20812,89,83,6,6
20813,134,114,20,20
20814,65,62,3,3
20815,51,48,3,3
20816,33,36,-3,3
20817,85,90,-5,5
20818,114,97,17,17
20819,120,108,12,12
20820,83,76,7,7
20821,106,100,6,6
20822,41,44,-3,3
20823,101,104,-3,3
20824,134,120,14,14
20825,132,115,17,17
20826,53,43,10,10
20827,89,75,14,14
20828,120,109,11,11
20829,106,102,4,4
20830,165,132,33,33
20831,59,64,-5,5
20832,77,69,8,8
20833,105,88,17,17
20834,113,104,9,9
20835,85,78,7,7
20836,57,51,6,6
20837,101,97,4,4
20838,109,94,15,15
20839,129,119,10,10
20840,75,78,-3,3
20841,143,123,20,20
20842,48,47,1,1
20843,115,112,3,3
20844,57,96,-39,39
20845,76,68,8,8
20846,79,71,8,8
20847,107,96,11,11
20848,61,63,-2,2
20849,134,119,15,15
20850,93,83,10,10
20851,141,123,18,18
20852,81,67,14,14
20853,65,73,-8,8
20854,148,128,20,20
20855,70,72,-2,2
20856,78,80,-2,2
20857,46,45,1,1
20858,108,99,9,9
20859,94,85,9,9
20860,165,144,21,21
20861,83,83,0,0
20862,131,114,17,17
20863,91,76,15,15
20864,86,106,-20,20
20865,99,91,8,8
20866,111,85,26,26
20867,93,81,12,12
20868,82,62,20,20
20869,60,71,-11,11
20870,89,81,8,8
20871,153,135,18,18
20872,102,92,10,10
20873,92,89,3,3
20874,102,89,13,13
20875,118,109,9,9
20876,75,63,12,12
20877,176,151,25,25
20878,129,111,18,18
20879,69,74,-5,5
20880,83,72,11,11
20881,124,108,16,16
20882,68,57,11,11
20883,102,90,12,12
20884,63,58,5,5
20885,96,100,-4,4
20886,120,117,3,3
20887,75,74,1,1
20888,111,101,10,10
20889,181,143,38,38
20890,82,75,7,7
20891,132,114,18,18
20892,48,69,-21,21
20893,75,71,4,4
20894,64,59,5,5
20895,41,43,-2,2
20896,64,70,-6,6
20897,97,91,6,6
20898,77,75,2,2
20899,91,78,13,13
20900,51,48,3,3
20901,68,65,3,3
20902,121,114,7,7
20903,86,76,10,10
20904,59,59,0,0
20905,107,100,7,7
20906,84,85,-1,1
20907,55,50,5,5
20908,76,83,-7,7
20909,93,78,15,15
20910,40,40,0,0
20911,118,93,25,25
20912,156,138,18,18
20913,126,110,16,16
20914,74,65,9,9
20915,96,89,7,7
20916,121,112,9,9
20917,76,63,13,13
20918,122,116,6,6
20919,89,76,13,13
20920,59,53,6,6
20921,84,70,14,14
20922,83,70,13,13
20923,73,63,10,10
20924,63,54,9,9
20925,64,64,0,0
20926,125,102,23,23
20927,101,82,19,19
20928,122,115,7,7
20929,63,59,4,4
20930,107,96,11,11
20931,68,63,5,5
20932,74,67,7,7
20933,102,98,4,4
20934,119,111,8,8
20935,106,86,20,20
20936,66,62,4,4
20937,87,80,7,7
20938,85,76,9,9
20939,66,55,11,11
20940,145,123,22,22
20941,180,140,40,40
20942,75,70,5,5
20943,63,68,-5,5
20944,144,126,18,18
20945,66,63,3,3
20946,49,42,7,7
20947,98,88,10,10
20948,77,66,11,11
20949,105,93,12,12
20950,81,91,-10,10
20951,92,74,18,18
20952,104,100,4,4
20953,151,131,20,20
20954,51,49,2,2
20955,124,120,4,4
20956,84,74,10,10
20957,58,56,2,2
20958,108,92,16,16
20959,41,41,0,0
20960,151,130,21,21
20961,113,91,22,22
20962,138,118,20,20
20963,70,71,-1,1
20964,106,97,9,9
20965,95,93,2,2
20966,121,113,8,8
20967,66,59,7,7
20968,98,86,12,12
20969,70,68,2,2
20970,142,124,18,18
20971,139,124,15,15
20972,62,57,5,5
20973,138,131,7,7
20974,70,65,5,5
20975,138,106,32,32
20976,105,90,15,15
20977,61,54,7,7
20978,113,103,10,10
20979,173,137,36,36
20980,94,81,13,13
20981,90,74,16,16
20982,112,95,17,17
20983,43,41,2,2
20984,140,128,12,12
20985,197,178,19,19
20986,116,95,21,21
20987,229,185,44,44
20988,119,104,15,15
20989,80,62,18,18
20990,115,104,11,11
20991,61,62,-1,1
20992,41,45,-4,4
20993,101,87,14,14
20994,185,163,22,22
20995,46,49,-3,3
20996,221,183,38,38
20997,113,98,15,15
20998,60,58,2,2
20999,116,87,29,29
21000,125,109,16,16
21001,99,90,9,9
21002,97,105,-8,8
21003,171,141,30,30
21004,79,75,4,4
21005,73,69,4,4
21006,80,79,1,1
21007,148,126,22,22
21008,111,114,-3,3
21009,110,104,6,6
21010,84,83,1,1
21011,60,63,-3,3
21012,94,77,17,17
21013,57,55,2,2
21014,118,102,16,16
21015,115,102,13,13
21016,118,116,2,2
21017,133,108,25,25
21018,67,65,2,2
21019,148,126,22,22
21020,34,87,-53,53
21021,59,53,6,6
21022,71,64,7,7
21023,59,53,6,6
21024,58,64,-6,6
21025,61,53,8,8
21026,105,99,6,6
21027,144,126,18,18
21028,135,118,17,17
21029,120,105,15,15
21030,180,153,27,27
21031,177,136,41,41
21032,115,117,-2,2
21033,138,115,23,23
21034,113,86,27,27
21035,97,86,11,11
21036,88,73,15,15
21037,108,110,-2,2
21038,106,92,14,14
21039,81,70,11,11
21040,105,92,13,13
21041,30,34,-4,4
21042,97,89,8,8
21043,39,41,-2,2
21044,57,56,1,1
21045,92,103,-11,11
21046,85,71,14,14
21047,94,78,16,16
21048,165,139,26,26
21049,119,106,13,13
21050,120,98,22,22
21051,139,114,25,25
21052,42,41,1,1
21053,78,73,5,5
21054,78,76,2,2
21055,73,62,11,11
21056,84,76,8,8
21057,159,135,24,24
21058,84,77,7,7
21059,133,114,19,19
21060,87,82,5,5
21061,147,123,24,24
21062,83,74,9,9
21063,51,58,-7,7
21064,107,91,16,16
21065,62,56,6,6
21066,94,79,15,15
21067,62,58,4,4
21068,79,71,8,8
21069,177,140,37,37
21070,104,82,22,22
21071,85,87,-2,2
21072,100,85,15,15
21073,69,65,4,4
21074,119,112,7,7
21075,90,70,20,20
21076,82,73,9,9
21077,54,48,6,6
21078,115,91,24,24
21079,74,63,11,11
21080,113,98,15,15
21081,56,54,2,2
21082,68,70,-2,2
21083,195,162,33,33
21084,150,119,31,31
21085,62,65,-3,3
21086,71,63,8,8
21087,81,71,10,10
21088,131,118,13,13
21089,90,77,13,13
21090,86,84,2,2
21091,168,156,12,12
21092,101,87,14,14
21093,109,95,14,14
21094,71,100,-29,29
21095,67,63,4,4
21096,115,98,17,17
21097,95,87,8,8
21098,84,74,10,10
21099,74,75,-1,1
21100,69,63,6,6
21101,63,67,-4,4
21102,127,110,17,17
21103,82,79,3,3
21104,78,69,9,9
21105,78,72,6,6
21106,147,131,16,16
21107,96,84,12,12
21108,72,75,-3,3
21109,65,58,7,7
21110,107,99,8,8
21111,119,98,21,21
21112,101,83,18,18
21113,162,135,27,27
21114,119,103,16,16
21115,93,85,8,8
21116,102,92,10,10
21117,145,128,17,17
21118,94,80,14,14
21119,83,77,6,6
21120,166,134,32,32
21121,63,62,1,1
21122,90,80,10,10
21123,53,51,2,2
21124,103,98,5,5
21125,117,100,17,17
21126,99,88,11,11
21127,44,46,-2,2
21128,149,126,23,23
21129,104,91,13,13
21130,225,195,30,30
21131,101,89,12,12
21132,101,91,10,10
21133,76,64,12,12
21134,80,70,10,10
21135,70,60,10,10
21136,130,99,31,31
21137,148,125,23,23
21138,70,73,-3,3
21139,137,130,7,7
21140,59,55,4,4
21141,71,68,3,3
21142,134,116,18,18
21143,116,96,20,20
21144,104,93,11,11
21145,63,63,0,0
21146,61,57,4,4
21147,89,100,-11,11
21148,61,54,7,7
21149,97,87,10,10
21150,102,87,15,15
21151,63,58,5,5
21152,165,142,23,23
21153,88,86,2,2
21154,112,88,24,24
21155,90,80,10,10
21156,179,153,26,26
21157,89,85,4,4
21158,19,26,-7,7
21159,123,106,17,17
21160,111,120,-9,9
21161,89,76,13,13
21162,86,86,0,0
21163,92,84,8,8
21164,93,81,12,12
21165,91,80,11,11
21166,70,64,6,6
21167,105,91,14,14
21168,85,72,13,13
21169,78,65,13,13
21170,112,100,12,12
21171,96,89,7,7
21172,54,52,2,2
21173,121,99,22,22
21174,131,114,17,17
21175,66,65,1,1
21176,61,61,0,0
21177,80,76,4,4
21178,89,78,11,11
21179,74,63,11,11
21180,65,70,-5,5
21181,101,96,5,5
21182,97,78,19,19
21183,108,99,9,9
21184,96,93,3,3
21185,132,113,19,19
21186,62,53,9,9
21187,82,68,14,14
21188,154,122,32,32
21189,82,76,6,6
21190,50,49,1,1
21191,68,60,8,8
21192,124,119,5,5
21193,74,65,9,9
21194,149,132,17,17
21195,59,59,0,0
21196,56,54,2,2
21197,58,52,6,6
21198,151,139,12,12
21199,113,96,17,17
21200,74,88,-14,14
21201,71,63,8,8
21202,86,76,10,10
21203,65,58,7,7
21204,69,67,2,2
21205,161,138,23,23
21206,89,82,7,7
21207,36,39,-3,3
21208,55,51,4,4
21209,97,84,13,13
21210,89,72,17,17
21211,64,57,7,7
21212,98,90,8,8
21213,89,77,12,12
21214,44,40,4,4
21215,162,136,26,26
21216,126,122,4,4
21217,82,77,5,5
21218,77,79,-2,2
21219,81,75,6,6
21220,137,121,16,16
21221,69,63,6,6
21222,86,75,11,11
21223,67,66,1,1
21224,101,88,13,13
21225,74,72,2,2
21226,71,62,9,9
21227,66,61,5,5
21228,104,97,7,7
21229,111,111,0,0
21230,86,82,4,4
21231,96,88,8,8
21232,79,71,8,8
21233,183,167,16,16
21234,89,78,11,11
21235,133,110,23,23
21236,80,73,7,7
21237,72,65,7,7
21238,109,85,24,24
21239,107,89,18,18
21240,84,74,10,10
21241,67,55,12,12
21242,102,88,14,14
21243,66,167,-101,101
21244,132,120,12,12
21245,103,92,11,11
21246,91,85,6,6
21247,111,103,8,8
21248,110,93,17,17
21249,156,139,17,17
21250,44,40,4,4
21251,48,48,0,0
21252,79,79,0,0
21253,58,48,10,10
21254,134,111,23,23
21255,105,92,13,13
21256,79,68,11,11
21257,124,140,-16,16
21258,109,93,16,16
21259,79,72,7,7
21260,66,63,3,3
21261,93,79,14,14
21262,93,84,9,9
21263,85,86,-1,1
21264,92,82,10,10
21265,103,96,7,7
21266,104,90,14,14
21267,108,98,10,10
21268,82,72,10,10
21269,92,89,3,3
21270,41,40,1,1
21271,47,48,-1,1
21272,79,73,6,6
21273,101,98,3,3
21274,66,66,0,0
21275,83,72,11,11
21276,89,69,20,20
21277,55,54,1,1
21278,137,115,22,22
21279,92,76,16,16
21280,131,114,17,17
21281,99,85,14,14
21282,100,97,3,3
21283,82,68,14,14
21284,57,56,1,1
21285,74,72,2,2
21286,79,72,7,7
21287,83,72,11,11
21288,118,104,14,14
21289,133,142,-9,9
21290,129,111,18,18
21291,70,77,-7,7
21292,145,122,23,23
21293,149,109,40,40
21294,113,108,5,5
21295,56,57,-1,1
21296,44,42,2,2
21297,89,91,-2,2
21298,90,82,8,8
21299,74,65,9,9
21300,117,101,16,16
21301,65,54,11,11
21302,48,45,3,3
21303,92,79,13,13
21304,72,65,7,7
21305,83,70,13,13
21306,63,60,3,3
21307,135,117,18,18
21308,147,137,10,10
21309,142,137,5,5
21310,122,101,21,21
21311,77,67,10,10
21312,106,92,14,14
21313,65,65,0,0
21314,70,62,8,8
21315,124,104,20,20
21316,100,88,12,12
21317,56,50,6,6
21318,72,64,8,8
21319,83,72,11,11
21320,66,61,5,5
21321,45,44,1,1
21322,162,146,16,16
21323,85,77,8,8
21324,115,103,12,12
21325,122,107,15,15
21326,72,63,9,9
21327,68,69,-1,1
21328,65,59,6,6
21329,84,73,11,11
21330,161,129,32,32
21331,149,123,26,26
21332,109,95,14,14
21333,57,60,-3,3
21334,85,72,13,13
21335,100,86,14,14
21336,171,127,44,44
21337,73,71,2,2
21338,78,70,8,8
21339,67,71,-4,4
21340,122,121,1,1
21341,84,70,14,14
21342,171,137,34,34
21343,87,80,7,7
21344,140,110,30,30
21345,86,85,1,1
21346,85,81,4,4
21347,50,46,4,4
21348,78,73,5,5
21349,67,53,14,14
21350,81,69,12,12
21351,75,69,6,6
21352,91,83,8,8
21353,119,104,15,15
21354,138,124,14,14
21355,58,52,6,6
21356,137,113,24,24
21357,88,86,2,2
21358,122,104,18,18
21359,106,89,17,17
21360,101,94,7,7
21361,88,83,5,5
21362,83,68,15,15
21363,80,68,12,12
21364,111,101,10,10
21365,183,152,31,31
21366,73,63,10,10
21367,97,83,14,14
21368,55,57,-2,2
21369,116,109,7,7
21370,78,69,9,9
21371,99,89,10,10
21372,141,117,24,24
21373,56,52,4,4
21374,65,61,4,4
21375,72,66,6,6
21376,99,68,31,31
21377,96,79,17,17
21378,69,69,0,0
21379,94,98,-4,4
21380,98,80,18,18
21381,55,56,-1,1
21382,107,97,10,10
21383,68,57,11,11
21384,84,82,2,2
21385,65,59,6,6
21386,177,138,39,39
21387,62,54,8,8
21388,182,145,37,37
21389,72,46,26,26
21390,151,131,20,20
21391,80,67,13,13
21392,122,114,8,8
21393,136,108,28,28
21394,141,119,22,22
21395,88,74,14,14
21396,88,72,16,16
21397,127,109,18,18
21398,92,86,6,6
21399,74,63,11,11
21400,111,98,13,13
21401,204,176,28,28
21402,111,91,20,20
21403,59,53,6,6
21404,129,99,30,30
21405,107,89,18,18
21406,104,85,19,19
21407,76,71,5,5
21408,113,106,7,7
21409,110,100,10,10
21410,69,58,11,11
21411,67,62,5,5
21412,85,73,12,12
21413,94,86,8,8
21414,93,81,12,12
21415,90,81,9,9
21416,61,49,12,12
21417,56,48,8,8
21418,114,96,18,18
21419,71,60,11,11
21420,86,89,-3,3
21421,114,102,12,12
21422,50,46,4,4
21423,155,133,22,22
21424,108,103,5,5
21425,104,80,24,24
21426,89,77,12,12
21427,75,64,11,11
21428,149,130,19,19
21429,94,80,14,14
21430,63,70,-7,7
21431,127,123,4,4
21432,103,93,10,10
21433,90,73,17,17
21434,64,62,2,2
21435,144,119,25,25
21436,119,97,22,22
21437,45,52,-7,7
21438,78,69,9,9
21439,45,49,-4,4
21440,113,106,7,7
21441,89,85,4,4
21442,122,113,9,9
21443,93,85,8,8
21444,54,50,4,4
21445,89,71,18,18
21446,85,72,13,13
21447,101,92,9,9
21448,132,130,2,2
21449,47,43,4,4
21450,83,72,11,11
21451,89,73,16,16
21452,77,64,13,13
21453,150,121,29,29
21454,130,103,27,27
21455,85,77,8,8
21456,114,98,16,16
21457,155,134,21,21
21458,63,58,5,5
21459,94,89,5,5
21460,42,38,4,4
21461,138,124,14,14
21462,78,79,-1,1
21463,79,70,9,9
21464,95,84,11,11
21465,80,63,17,17
21466,80,84,-4,4
21467,39,48,-9,9
21468,143,119,24,24
21469,88,75,13,13
21470,47,47,0,0
21471,70,65,5,5
21472,174,145,29,29
21473,148,128,20,20
21474,185,151,34,34
21475,122,113,9,9
21476,138,119,19,19
21477,99,85,14,14
21478,50,48,2,2
21479,104,84,20,20
21480,69,64,5,5
21481,127,108,19,19
21482,59,60,-1,1
21483,89,79,10,10
21484,81,77,4,4
21485,64,65,-1,1
21486,124,109,15,15
21487,75,74,1,1
21488,102,88,14,14
21489,156,129,27,27
21490,81,73,8,8
21491,90,76,14,14
21492,58,71,-13,13
21493,153,122,31,31
21494,100,85,15,15
21495,133,109,24,24
21496,133,110,23,23
21497,68,66,2,2
21498,104,93,11,11
21499,74,67,7,7
21500,138,116,22,22
21501,83,79,4,4
21502,125,122,3,3
21503,98,90,8,8
21504,92,77,15,15
21505,39,38,1,1
21506,93,86,7,7
21507,47,53,-6,6
21508,72,65,7,7
21509,138,115,23,23
21510,81,74,7,7
21511,102,92,10,10
21512,146,126,20,20
21513,80,68,12,12
21514,76,67,9,9
21515,130,127,3,3
21516,138,113,25,25
21517,69,70,-1,1
21518,134,110,24,24
21519,73,68,5,5
21520,55,55,0,0
21521,68,66,2,2
21522,78,83,-5,5
21523,85,75,10,10
21524,118,104,14,14
21525,80,72,8,8
21526,153,136,17,17
21527,81,64,17,17
21528,85,76,9,9
21529,117,102,15,15
21530,126,114,12,12
21531,34,34,0,0
21532,72,61,11,11
21533,138,117,21,21
21534,82,78,4,4
21535,113,104,9,9
21536,63,64,-1,1
21537,80,65,15,15
21538,67,60,7,7
21539,117,116,1,1
21540,120,101,19,19
21541,75,65,10,10
21542,117,102,15,15
21543,103,94,9,9
21544,149,141,8,8
21545,169,149,20,20
21546,85,86,-1,1
21547,91,75,16,16
21548,121,109,12,12
21549,95,99,-4,4
21550,123,115,8,8
21551,36,42,-6,6
21552,71,69,2,2
21553,106,91,15,15
21554,101,83,18,18
21555,60,69,-9,9
21556,68,59,9,9
21557,76,67,9,9
21558,91,77,14,14
21559,84,78,6,6
21560,97,87,10,10
21561,75,72,3,3
21562,44,43,1,1
21563,78,61,17,17
21564,55,55,0,0
21565,106,105,1,1
21566,125,108,17,17
21567,185,147,38,38
21568,148,156,-8,8
21569,156,128,28,28
21570,128,111,17,17
21571,96,85,11,11
21572,99,85,14,14
21573,63,66,-3,3
21574,78,77,1,1
21575,162,126,36,36
21576,75,68,7,7
21577,103,90,13,13
21578,110,91,19,19
21579,116,103,13,13
21580,51,50,1,1
21581,126,111,15,15
21582,37,46,-9,9
21583,109,93,16,16
21584,115,107,8,8
21585,70,60,10,10
21586,94,94,0,0
21587,113,100,13,13
21588,91,82,9,9
21589,71,68,3,3
21590,55,58,-3,3
21591,63,63,0,0
21592,59,55,4,4
21593,81,73,8,8
21594,135,123,12,12
21595,95,81,14,14
21596,67,70,-3,3
21597,80,72,8,8
21598,73,76,-3,3
21599,98,83,15,15
21600,104,84,20,20
21601,63,56,7,7
21602,60,53,7,7
21603,117,104,13,13
21604,60,56,4,4
21605,127,109,18,18
21606,121,93,28,28
21607,118,104,14,14
21608,80,71,9,9
21609,77,71,6,6
21610,104,84,20,20
21611,182,179,3,3
21612,90,84,6,6
21613,49,44,5,5
21614,86,78,8,8
21615,88,78,10,10
21616,114,95,19,19
21617,56,51,5,5
21618,66,54,12,12
21619,68,66,2,2
21620,88,80,8,8
21621,45,66,-21,21
21622,231,196,35,35
21623,136,114,22,22
21624,69,61,8,8
21625,123,118,5,5
21626,60,52,8,8
21627,72,66,6,6
21628,84,79,5,5
21629,123,108,15,15
21630,58,63,-5,5
21631,58,53,5,5
21632,71,58,13,13
21633,97,81,16,16
21634,61,56,5,5
21635,57,62,-5,5
21636,172,147,25,25
21637,62,64,-2,2
21638,112,101,11,11
21639,126,107,19,19
21640,85,72,13,13
21641,105,102,3,3
21642,100,89,11,11
21643,117,114,3,3
21644,76,80,-4,4
21645,85,74,11,11
21646,187,142,45,45
21647,145,121,24,24
21648,64,66,-2,2
21649,107,91,16,16
21650,140,121,19,19
21651,46,48,-2,2
21652,63,56,7,7
21653,93,82,11,11
21654,111,99,12,12
21655,60,54,6,6
21656,120,102,18,18
21657,67,64,3,3
21658,157,134,23,23
21659,133,117,16,16
21660,112,111,1,1
21661,119,121,-2,2
21662,86,77,9,9
21663,128,116,12,12
21664,109,94,15,15
21665,133,111,22,22
21666,62,54,8,8
21667,167,139,28,28
21668,122,103,19,19
21669,42,40,2,2
21670,66,57,9,9
21671,110,97,13,13
21672,84,85,-1,1
21673,115,101,14,14
21674,174,145,29,29
21675,85,72,13,13
21676,100,87,13,13
21677,56,55,1,1
21678,72,63,9,9
21679,87,78,9,9
21680,70,91,-21,21
21681,76,66,10,10
21682,89,80,9,9
21683,69,62,7,7
21684,175,143,32,32
21685,191,154,37,37
21686,66,60,6,6
21687,145,130,15,15
21688,127,102,25,25
21689,54,47,7,7
21690,70,58,12,12
21691,67,59,8,8
21692,77,67,10,10
21693,119,114,5,5
21694,38,46,-8,8
21695,77,71,6,6
21696,49,43,6,6
21697,63,75,-12,12
21698,40,42,-2,2
21699,69,69,0,0
21700,35,41,-6,6
21701,93,77,16,16
21702,61,68,-7,7
21703,50,46,4,4
21704,113,105,8,8
21705,123,100,23,23
21706,75,68,7,7
21707,94,79,15,15
21708,71,70,1,1
21709,114,106,8,8
21710,68,60,8,8
21711,129,126,3,3
21712,61,53,8,8
21713,92,78,14,14
21714,76,63,13,13
21715,106,87,19,19
21716,123,106,17,17
21717,89,82,7,7
21718,88,85,3,3
21719,48,53,-5,5
21720,87,80,7,7
21721,53,63,-10,10
21722,120,104,16,16
21723,105,97,8,8
21724,117,96,21,21
21725,128,108,20,20
21726,173,139,34,34
21727,85,79,6,6
21728,97,82,15,15
21729,101,88,13,13
21730,67,66,1,1
21731,71,66,5,5
21732,89,72,17,17
21733,85,87,-2,2
21734,83,74,9,9
21735,78,65,13,13
21736,76,69,7,7
21737,115,100,15,15
21738,68,58,10,10
21739,75,65,10,10
21740,106,81,25,25
21741,76,69,7,7
21742,123,102,21,21
21743,82,78,4,4
21744,82,79,3,3
21745,162,141,21,21
21746,64,64,0,0
21747,66,52,14,14
21748,48,41,7,7
21749,86,79,7,7
21750,59,65,-6,6
21751,118,100,18,18
21752,75,68,7,7
21753,138,114,24,24
21754,50,47,3,3
21755,96,75,21,21
21756,68,61,7,7
21757,83,78,5,5
21758,93,99,-6,6
21759,78,78,0,0
21760,45,42,3,3
21761,85,77,8,8
21762,123,100,23,23
21763,42,43,-1,1
21764,84,75,9,9
21765,123,109,14,14
21766,45,51,-6,6
21767,88,80,8,8
21768,85,73,12,12
21769,79,63,16,16
21770,75,67,8,8
21771,125,110,15,15
21772,33,42,-9,9
21773,84,79,5,5
21774,117,109,8,8
21775,79,71,8,8
21776,190,165,25,25
21777,112,102,10,10
21778,86,81,5,5
21779,115,100,15,15
21780,74,65,9,9
21781,85,78,7,7
21782,28,33,-5,5
21783,45,45,0,0
21784,115,101,14,14
21785,92,79,13,13
21786,78,67,11,11
21787,129,113,16,16
21788,119,99,20,20
21789,78,69,9,9
21790,78,62,16,16
21791,211,167,44,44
21792,95,91,4,4
21793,101,90,11,11
21794,163,134,29,29
21795,168,137,31,31
21796,109,96,13,13
21797,98,92,6,6
21798,61,58,3,3
21799,131,118,13,13
21800,74,66,8,8
21801,66,69,-3,3
21802,130,112,18,18
21803,71,63,8,8
21804,135,124,11,11
21805,88,74,14,14
21806,150,147,3,3
21807,152,123,29,29
21808,117,87,30,30
21809,133,116,17,17
21810,77,69,8,8
21811,75,64,11,11
21812,63,58,5,5
21813,73,61,12,12
21814,72,64,8,8
21815,62,70,-8,8
21816,98,92,6,6
21817,103,88,15,15
21818,167,162,5,5
21819,73,72,1,1
21820,68,56,12,12
21821,104,91,13,13
21822,96,88,8,8
21823,165,143,22,22
21824,128,113,15,15
21825,147,127,20,20
21826,139,123,16,16
21827,156,129,27,27
21828,86,81,5,5
21829,78,71,7,7
21830,78,68,10,10
21831,89,75,14,14
21832,115,97,18,18
21833,122,104,18,18
21834,47,59,-12,12
21835,60,64,-4,4
21836,87,89,-2,2
21837,77,70,7,7
21838,115,93,22,22
21839,105,82,23,23
21840,120,105,15,15
21841,95,85,10,10
21842,103,87,16,16
21843,57,49,8,8
21844,132,110,22,22
21845,118,99,19,19
21846,134,106,28,28
21847,85,86,-1,1
21848,130,119,11,11
21849,107,101,6,6
21850,112,98,14,14
21851,63,58,5,5
21852,176,146,30,30
21853,83,71,12,12
21854,88,88,0,0
21855,141,109,32,32
21856,121,104,17,17
21857,119,98,21,21
21858,51,53,-2,2
21859,60,58,2,2
21860,103,79,24,24
21861,122,105,17,17
21862,79,72,7,7
21863,103,86,17,17
21864,86,76,10,10
21865,58,58,0,0
21866,103,91,12,12
21867,89,77,12,12
21868,94,79,15,15
21869,115,104,11,11
21870,151,142,9,9
21871,97,85,12,12
21872,88,75,13,13
21873,78,72,6,6
21874,79,69,10,10
21875,51,52,-1,1
21876,77,86,-9,9
21877,98,81,17,17
21878,160,119,41,41
21879,114,99,15,15
21880,95,87,8,8
21881,77,74,3,3
21882,75,69,6,6
21883,142,117,25,25
21884,72,66,6,6
21885,150,123,27,27
21886,67,65,2,2
21887,104,90,14,14
21888,95,89,6,6
21889,116,98,18,18
21890,43,68,-25,25
21891,98,91,7,7
21892,85,71,14,14
21893,93,80,13,13
21894,106,92,14,14
21895,99,88,11,11
21896,179,147,32,32
21897,61,70,-9,9
21898,77,71,6,6
21899,64,56,8,8
21900,90,83,7,7
21901,106,104,2,2
21902,67,60,7,7
21903,102,92,10,10
21904,94,49,45,45
21905,92,78,14,14
21906,81,72,9,9
21907,84,72,12,12
21908,131,120,11,11
21909,96,89,7,7
21910,89,75,14,14
21911,107,91,16,16
21912,73,72,1,1
21913,81,70,11,11
21914,69,69,0,0
21915,73,66,7,7
21916,150,136,14,14
21917,115,91,24,24
21918,90,78,12,12
21919,63,68,-5,5
21920,138,113,25,25
21921,125,112,13,13
21922,111,99,12,12
21923,124,100,24,24
21924,37,40,-3,3
21925,114,103,11,11
21926,67,59,8,8
21927,116,109,7,7
21928,134,129,5,5
21929,58,57,1,1
21930,75,65,10,10
21931,119,100,19,19
21932,94,79,15,15
21933,72,62,10,10
21934,144,132,12,12
21935,86,75,11,11
21936,112,101,11,11
21937,57,53,4,4
21938,121,117,4,4
21939,118,106,12,12
21940,79,71,8,8
21941,53,50,3,3
21942,61,52,9,9
21943,90,84,6,6
21944,114,101,13,13
21945,101,91,10,10
21946,180,157,23,23
21947,136,133,3,3
21948,100,87,13,13
21949,107,96,11,11
21950,95,89,6,6
21951,75,70,5,5
21952,86,83,3,3
21953,71,72,-1,1
21954,126,117,9,9
21955,125,106,19,19
21956,162,138,24,24
21957,71,68,3,3
21958,60,51,9,9
21959,118,111,7,7
21960,104,78,26,26
21961,117,99,18,18
21962,144,120,24,24
21963,78,74,4,4
21964,95,84,11,11
21965,157,139,18,18
21966,70,65,5,5
21967,68,67,1,1
21968,125,107,18,18
21969,111,87,24,24
21970,112,93,19,19
21971,118,98,20,20
21972,71,59,12,12
21973,126,101,25,25
21974,96,84,12,12
21975,59,57,2,2
21976,82,82,0,0
21977,101,97,4,4
21978,80,75,5,5
21979,61,56,5,5
21980,89,88,1,1
21981,107,83,24,24
21982,55,54,1,1
21983,99,83,16,16
21984,131,122,9,9
21985,80,67,13,13
21986,110,84,26,26
21987,94,85,9,9
21988,32,33,-1,1
21989,105,92,13,13
21990,103,100,3,3
21991,152,137,15,15
21992,136,109,27,27
21993,78,67,11,11
21994,68,58,10,10
21995,68,73,-5,5
21996,36,37,-1,1
21997,111,99,12,12
21998,64,54,10,10
21999,70,64,6,6
22000,89,77,12,12
22001,103,93,10,10
22002,79,69,10,10
22003,175,150,25,25
22004,103,106,-3,3
22005,84,74,10,10
22006,79,67,12,12
22007,93,90,3,3
22008,124,106,18,18
22009,106,92,14,14
22010,144,118,26,26
22011,100,87,13,13
22012,70,65,5,5
22013,122,116,6,6
22014,101,86,15,15
22015,125,108,17,17
22016,94,80,14,14
22017,134,126,8,8
22018,69,67,2,2
22019,119,99,20,20
22020,106,90,16,16
22021,122,109,13,13
22022,54,50,4,4
22023,89,79,10,10
22024,76,83,-7,7
22025,86,80,6,6
22026,144,117,27,27
22027,93,76,17,17
22028,105,98,7,7
22029,101,91,10,10
22030,81,82,-1,1
22031,85,81,4,4
22032,157,124,33,33
22033,112,104,8,8
22034,76,73,3,3
22035,85,84,1,1
22036,141,111,30,30
22037,87,84,3,3
22038,71,71,0,0
22039,104,99,5,5
22040,73,69,4,4
22041,143,120,23,23
22042,92,89,3,3
22043,80,76,4,4
22044,98,90,8,8
22045,80,68,12,12
22046,54,55,-1,1
22047,134,131,3,3
22048,70,62,8,8
22049,114,102,12,12
22050,80,62,18,18
22051,90,76,14,14
22052,82,81,1,1
22053,103,90,13,13
22054,82,72,10,10
22055,92,80,12,12
22056,82,72,10,10
22057,66,62,4,4
22058,124,143,-19,19
22059,61,63,-2,2
22060,63,62,1,1
22061,91,85,6,6
22062,72,63,9,9
22063,54,59,-5,5
22064,87,77,10,10
22065,104,104,0,0
22066,61,60,1,1
22067,125,100,25,25
22068,129,119,10,10
22069,33,41,-8,8
22070,97,90,7,7
22071,73,87,-14,14
22072,154,128,26,26
22073,74,66,8,8
22074,125,117,8,8
22075,54,52,2,2
22076,68,67,1,1
22077,91,75,16,16
22078,68,60,8,8
22079,92,96,-4,4
22080,117,94,23,23
22081,98,98,0,0
22082,124,99,25,25
22083,71,69,2,2
22084,66,60,6,6
22085,37,41,-4,4
22086,108,93,15,15
22087,59,53,6,6
22088,84,78,6,6
22089,162,134,28,28
22090,108,97,11,11
22091,120,104,16,16
22092,102,98,4,4
22093,68,75,-7,7
22094,146,114,32,32
22095,116,106,10,10
22096,66,61,5,5
22097,67,65,2,2
22098,46,49,-3,3
22099,92,78,14,14
22100,150,119,31,31
22101,58,53,5,5
22102,103,91,12,12
22103,112,88,24,24
22104,90,91,-1,1
22105,98,89,9,9
22106,54,55,-1,1
22107,76,72,4,4
22108,77,75,2,2
22109,111,94,17,17
22110,118,106,12,12
22111,125,107,18,18
22112,94,90,4,4
22113,73,70,3,3
22114,173,152,21,21
22115,155,136,19,19
22116,120,117,3,3
22117,86,69,17,17
22118,115,96,19,19
22119,149,120,29,29
22120,68,79,-11,11
22121,130,100,30,30
22122,65,63,2,2
22123,63,51,12,12
22124,39,37,2,2
22125,82,73,9,9
22126,74,60,14,14
22127,57,64,-7,7
22128,105,95,10,10
22129,106,93,13,13
22130,126,128,-2,2
22131,113,98,15,15
22132,109,99,10,10
22133,95,87,8,8
22134,86,69,17,17
22135,99,86,13,13
22136,65,75,-10,10
22137,70,64,6,6
22138,66,57,9,9
22139,45,47,-2,2
22140,77,67,10,10
22141,50,55,-5,5
22142,105,91,14,14
22143,101,93,8,8
22144,62,62,0,0
22145,82,81,1,1
22146,69,55,14,14
22147,122,122,0,0
22148,147,127,20,20
22149,220,186,34,34
22150,69,64,5,5
22151,93,78,15,15
22152,111,96,15,15
22153,152,137,15,15
22154,124,108,16,16
22155,43,38,5,5
22156,112,88,24,24
22157,83,73,10,10
22158,140,123,17,17
22159,110,100,10,10
22160,71,70,1,1
22161,96,100,-4,4
22162,148,135,13,13
22163,53,45,8,8
22164,120,101,19,19
22165,188,165,23,23
22166,29,39,-10,10
22167,117,101,16,16
22168,104,91,13,13
22169,81,73,8,8
22170,124,111,13,13
22171,103,102,1,1
22172,139,120,19,19
22173,79,63,16,16
22174,133,111,22,22
22175,112,102,10,10
22176,99,98,1,1
22177,101,85,16,16
22178,75,65,10,10
22179,110,97,13,13
22180,121,107,14,14
22181,110,100,10,10
22182,68,81,-13,13
22183,99,87,12,12
22184,67,70,-3,3
22185,72,73,-1,1
22186,151,119,32,32
22187,87,83,4,4
22188,83,75,8,8
22189,58,64,-6,6
22190,56,52,4,4
22191,72,63,9,9
22192,91,80,11,11
22193,61,54,7,7
22194,95,73,22,22
22195,101,87,14,14
22196,98,86,12,12
22197,128,119,9,9
22198,183,155,28,28
22199,68,61,7,7
22200,97,85,12,12
22201,74,64,10,10
22202,127,113,14,14
22203,91,82,9,9
22204,95,84,11,11
22205,83,74,9,9
22206,130,114,16,16
22207,143,78,65,65
22208,68,77,-9,9
22209,72,63,9,9
22210,81,73,8,8
22211,63,60,3,3
22212,92,77,15,15
22213,70,74,-4,4
22214,114,106,8,8
22215,119,96,23,23
22216,130,114,16,16
22217,94,88,6,6
22218,104,96,8,8
22219,99,97,2,2
22220,55,65,-10,10
22221,111,99,12,12
22222,101,83,18,18
22223,86,77,9,9
22224,89,82,7,7
22225,91,102,-11,11
22226,140,121,19,19
22227,74,68,6,6
22228,82,75,7,7
22229,103,85,18,18
22230,104,84,20,20
22231,75,74,1,1
22232,92,86,6,6
22233,53,52,1,1
22234,74,74,0,0
22235,38,36,2,2
22236,141,121,20,20
22237,91,77,14,14
22238,97,81,16,16
22239,115,99,16,16
22240,141,127,14,14
22241,72,76,-4,4
22242,87,82,5,5
22243,114,101,13,13
22244,96,80,16,16
22245,68,70,-2,2
22246,123,121,2,2
22247,91,80,11,11
22248,91,76,15,15
22249,116,108,8,8
22250,49,64,-15,15
22251,57,51,6,6
22252,124,113,11,11
22253,88,88,0,0
22254,129,109,20,20
22255,55,54,1,1
22256,188,151,37,37
22257,64,62,2,2
22258,71,65,6,6
22259,45,51,-6,6
22260,93,92,1,1
22261,68,60,8,8
22262,161,151,10,10
22263,69,71,-2,2
22264,113,105,8,8
22265,74,77,-3,3
22266,58,58,0,0
22267,149,135,14,14
22268,49,47,2,2
22269,96,85,11,11
22270,122,101,21,21
22271,92,74,18,18
22272,124,113,11,11
22273,93,85,8,8
22274,149,135,14,14
22275,179,152,27,27
22276,147,131,16,16
22277,121,108,13,13
22278,62,58,4,4
22279,50,49,1,1
22280,54,52,2,2
22281,104,85,19,19
22282,73,66,7,7
22283,101,90,11,11
22284,71,69,2,2
22285,90,79,11,11
22286,71,62,9,9
22287,72,69,3,3
22288,61,76,-15,15
22289,65,57,8,8
22290,81,73,8,8
22291,37,45,-8,8
22292,65,63,2,2
22293,128,106,22,22
22294,55,76,-21,21
22295,55,60,-5,5
22296,131,105,26,26
22297,67,56,11,11
22298,138,121,17,17
22299,66,62,4,4
22300,62,58,4,4
22301,187,159,28,28
22302,127,105,22,22
22303,105,99,6,6
22304,78,70,8,8
22305,94,83,11,11
22306,94,84,10,10
22307,108,100,8,8
22308,135,118,17,17
22309,78,68,10,10
22310,87,84,3,3
22311,59,52,7,7
22312,134,132,2,2
22313,89,75,14,14
22314,79,73,6,6
22315,27,40,-13,13
22316,74,64,10,10
22317,56,57,-1,1
22318,121,116,5,5
22319,88,81,7,7
22320,145,130,15,15
22321,99,89,10,10
22322,127,104,23,23
22323,85,75,10,10
22324,91,67,24,24
22325,184,168,16,16
22326,76,67,9,9
22327,86,76,10,10
22328,88,74,14,14
22329,156,133,23,23
22330,106,97,9,9
22331,102,81,21,21
22332,106,91,15,15
22333,87,79,8,8
22334,60,58,2,2
22335,82,72,10,10
22336,112,90,22,22
22337,118,111,7,7
22338,75,61,14,14
22339,94,86,8,8
22340,57,59,-2,2
22341,96,85,11,11
22342,67,60,7,7
22343,78,82,-4,4
22344,114,93,21,21
22345,70,63,7,7
22346,60,57,3,3
22347,91,79,12,12
22348,86,74,12,12
22349,84,77,7,7
22350,75,66,9,9
22351,133,125,8,8
22352,193,154,39,39
22353,68,64,4,4
22354,139,121,18,18
22355,57,68,-11,11
22356,110,102,8,8
22357,83,87,-4,4
22358,159,118,41,41
22359,110,99,11,11
22360,150,115,35,35
22361,95,92,3,3
22362,139,112,27,27
22363,72,58,14,14
22364,147,121,26,26
22365,89,75,14,14
22366,136,120,16,16
22367,47,40,7,7
22368,158,140,18,18
22369,111,105,6,6
22370,99,81,18,18
22371,112,100,12,12
22372,82,81,1,1
22373,38,40,-2,2
22374,82,70,12,12
22375,80,73,7,7
22376,119,98,21,21
22377,68,68,0,0
22378,117,102,15,15
22379,76,68,8,8
22380,94,84,10,10
22381,68,65,3,3
22382,49,46,3,3
22383,59,57,2,2
22384,135,129,6,6
22385,111,101,10,10
22386,102,86,16,16
22387,118,107,11,11
22388,90,78,12,12
22389,62,63,-1,1
22390,104,93,11,11
22391,120,98,22,22
22392,105,96,9,9
22393,131,114,17,17
22394,103,100,3,3
22395,117,103,14,14
22396,92,83,9,9
22397,70,67,3,3
22398,108,96,12,12
22399,71,65,6,6
22400,58,58,0,0
22401,91,72,19,19
22402,98,83,15,15
22403,40,48,-8,8
22404,92,74,18,18
22405,100,95,5,5
22406,138,129,9,9
22407,132,106,26,26
22408,101,98,3,3
22409,71,71,0,0
22410,86,74,12,12
22411,107,93,14,14
22412,85,77,8,8
22413,68,64,4,4
22414,80,70,10,10
22415,125,106,19,19
22416,99,82,17,17
22417,122,102,20,20
22418,190,152,38,38
22419,109,84,25,25
22420,83,71,12,12
22421,121,129,-8,8
22422,79,82,-3,3
22423,142,137,5,5
22424,63,58,5,5
22425,66,60,6,6
22426,114,91,23,23
22427,80,71,9,9
22428,72,65,7,7
22429,190,163,27,27
22430,91,82,9,9
22431,152,128,24,24
22432,74,57,17,17
22433,88,84,4,4
22434,181,159,22,22
22435,118,107,11,11
22436,131,111,20,20
22437,64,98,-34,34
22438,86,79,7,7
22439,74,76,-2,2
22440,79,71,8,8
22441,99,90,9,9
22442,169,146,23,23
22443,68,55,13,13
22444,79,68,11,11
22445,181,142,39,39
22446,119,96,23,23
22447,120,98,22,22
22448,67,65,2,2
22449,67,68,-1,1
22450,76,66,10,10
22451,87,76,11,11
22452,91,81,10,10
22453,161,127,34,34
22454,58,51,7,7
22455,57,57,0,0
22456,95,73,22,22
22457,63,61,2,2
22458,64,57,7,7
22459,55,53,2,2
22460,136,126,10,10
22461,107,92,15,15
22462,83,80,3,3
22463,52,59,-7,7
22464,127,125,2,2
22465,90,84,6,6
22466,141,118,23,23
22467,87,84,3,3
22468,99,88,11,11
22469,67,63,4,4
22470,79,75,4,4
22471,102,90,12,12
22472,168,147,21,21
22473,154,134,20,20
22474,118,102,16,16
22475,68,73,-5,5
22476,109,102,7,7
22477,41,40,1,1
22478,65,65,0,0
22479,108,92,16,16
22480,26,36,-10,10
22481,99,96,3,3
22482,137,123,14,14
22483,180,157,23,23
22484,223,175,48,48
22485,103,93,10,10
22486,91,83,8,8
22487,120,104,16,16
22488,73,65,8,8
22489,69,69,0,0
22490,76,77,-1,1
22491,73,58,15,15
22492,41,37,4,4
22493,143,134,9,9
22494,121,122,-1,1
22495,97,95,2,2
22496,86,85,1,1
22497,80,77,3,3
22498,105,102,3,3
22499,111,86,25,25
22500,133,126,7,7
22501,120,108,12,12
22502,156,144,12,12
22503,100,97,3,3
22504,41,43,-2,2
22505,94,90,4,4
22506,59,52,7,7
22507,71,63,8,8
22508,68,61,7,7
22509,102,84,18,18
22510,134,118,16,16
22511,60,49,11,11
22512,169,128,41,41
22513,80,77,3,3
22514,126,135,-9,9
22515,146,122,24,24
22516,128,120,8,8
22517,67,63,4,4
22518,92,87,5,5
22519,72,69,3,3
22520,79,73,6,6
22521,102,88,14,14
22522,62,58,4,4
22523,59,56,3,3
22524,116,93,23,23
22525,96,82,14,14
22526,86,75,11,11
22527,68,69,-1,1
22528,90,85,5,5
22529,90,76,14,14
22530,141,114,27,27
22531,109,96,13,13
22532,51,60,-9,9
22533,107,91,16,16
22534,130,111,19,19
22535,103,94,9,9
22536,49,52,-3,3
22537,106,92,14,14
22538,87,76,11,11
22539,68,62,6,6
22540,88,81,7,7
22541,79,77,2,2
22542,104,83,21,21
22543,94,82,12,12
22544,123,104,19,19
22545,98,79,19,19
22546,123,105,18,18
22547,104,93,11,11
22548,60,61,-1,1
22549,70,68,2,2
22550,89,77,12,12
22551,122,101,21,21
22552,55,50,5,5
22553,141,117,24,24
22554,80,74,6,6
22555,97,87,10,10
22556,126,103,23,23
22557,73,69,4,4
22558,63,66,-3,3
22559,151,119,32,32
22560,109,94,15,15
22561,161,142,19,19
22562,80,73,7,7
22563,126,100,26,26
22564,89,75,14,14
22565,95,80,15,15
22566,163,129,34,34
22567,121,101,20,20
22568,80,76,4,4
22569,79,63,16,16
22570,94,79,15,15
22571,143,123,20,20
22572,95,82,13,13
22573,108,98,10,10
22574,94,89,5,5
22575,102,86,16,16
22576,84,83,1,1
22577,80,72,8,8
22578,135,110,25,25
22579,98,75,23,23
22580,113,100,13,13
22581,85,98,-13,13
22582,97,84,13,13
22583,67,63,4,4
22584,135,112,23,23
22585,31,31,0,0
22586,154,143,11,11
22587,136,116,20,20
22588,35,37,-2,2
22589,145,121,24,24
22590,76,64,12,12
22591,89,86,3,3
22592,84,82,2,2
22593,82,87,-5,5
22594,76,66,10,10
22595,88,84,4,4
22596,85,69,16,16
22597,109,105,4,4
22598,165,138,27,27
22599,88,89,-1,1
22600,54,52,2,2
22601,93,75,18,18
22602,66,64,2,2
22603,75,71,4,4
22604,55,53,2,2
22605,72,68,4,4
22606,113,100,13,13
22607,127,110,17,17
22608,53,45,8,8
22609,94,90,4,4
22610,90,81,9,9
22611,65,68,-3,3
22612,60,59,1,1
22613,59,44,15,15
22614,107,94,13,13
22615,93,95,-2,2
22616,128,101,27,27
22617,55,53,2,2
22618,93,83,10,10
22619,79,67,12,12
22620,148,121,27,27
22621,129,108,21,21
22622,51,56,-5,5
22623,92,84,8,8
22624,93,100,-7,7
22625,114,105,9,9
22626,72,70,2,2
22627,92,87,5,5
22628,81,72,9,9
22629,69,70,-1,1
22630,93,79,14,14
22631,189,161,28,28
22632,71,67,4,4
22633,87,76,11,11
22634,48,78,-30,30
22635,94,79,15,15
22636,116,114,2,2
22637,62,66,-4,4
22638,240,193,47,47
22639,104,91,13,13
22640,80,81,-1,1
22641,66,56,10,10
22642,100,81,19,19
22643,133,114,19,19
22644,103,85,18,18
22645,137,126,11,11
22646,165,138,27,27
22647,125,107,18,18
22648,86,74,12,12
22649,95,80,15,15
22650,103,97,6,6
22651,140,111,29,29
22652,95,88,7,7
22653,68,64,4,4
22654,52,49,3,3
22655,77,65,12,12
22656,121,104,17,17
22657,107,99,8,8
22658,98,85,13,13
22659,100,81,19,19
22660,81,73,8,8
22661,46,42,4,4
22662,162,140,22,22
22663,136,112,24,24
22664,85,81,4,4
22665,83,68,15,15
22666,135,106,29,29
22667,39,38,1,1
22668,61,56,5,5
22669,73,55,18,18
22670,87,68,19,19
22671,76,73,3,3
22672,84,94,-10,10
22673,94,74,20,20
22674,163,150,13,13
22675,80,79,1,1
22676,86,96,-10,10
22677,152,125,27,27
22678,100,100,0,0
22679,75,64,11,11
22680,92,78,14,14
22681,84,73,11,11
22682,144,121,23,23
22683,69,62,7,7
22684,109,101,8,8
22685,109,85,24,24
22686,88,66,22,22
22687,67,64,3,3
22688,115,98,17,17
22689,125,119,6,6
22690,95,88,7,7
22691,87,75,12,12
22692,98,91,7,7
22693,83,86,-3,3
22694,101,90,11,11
22695,51,45,6,6
22696,108,96,12,12
22697,136,125,11,11
22698,208,191,17,17
22699,121,108,13,13
22700,84,70,14,14
22701,86,72,14,14
22702,148,135,13,13
22703,110,106,4,4
22704,117,100,17,17
22705,96,90,6,6
22706,69,62,7,7
22707,137,118,19,19
22708,66,56,10,10
22709,89,70,19,19
22710,44,47,-3,3
22711,136,116,20,20
22712,128,101,27,27
22713,73,70,3,3
22714,155,141,14,14
22715,89,68,21,21
22716,87,67,20,20
22717,147,126,21,21
22718,64,60,4,4
22719,37,37,0,0
22720,122,103,19,19
22721,44,41,3,3
22722,126,110,16,16
22723,60,62,-2,2
22724,148,125,23,23
22725,134,118,16,16
22726,87,70,17,17
22727,135,129,6,6
22728,90,78,12,12
22729,60,52,8,8
22730,86,68,18,18
22731,150,132,18,18
22732,59,70,-11,11
22733,111,90,21,21
22734,54,55,-1,1
22735,158,126,32,32
22736,135,106,29,29
22737,32,29,3,3
22738,63,57,6,6
22739,117,92,25,25
22740,83,78,5,5
22741,54,54,0,0
22742,151,127,24,24
22743,64,60,4,4
22744,44,43,1,1
22745,138,121,17,17
22746,48,57,-9,9
22747,123,101,22,22
22748,97,89,8,8
22749,59,55,4,4
22750,96,88,8,8
22751,19,30,-11,11
22752,112,98,14,14
22753,131,129,2,2
22754,153,136,17,17
22755,100,89,11,11
22756,183,159,24,24
22757,121,104,17,17
22758,129,108,21,21
22759,93,94,-1,1
22760,89,83,6,6
22761,92,78,14,14
22762,81,100,-19,19
22763,133,112,21,21
22764,77,75,2,2
22765,63,60,3,3
22766,66,54,12,12
22767,74,81,-7,7
22768,150,141,9,9
22769,76,81,-5,5
22770,68,59,9,9
22771,73,67,6,6
22772,93,82,11,11
22773,90,72,18,18
22774,81,88,-7,7
22775,59,52,7,7
22776,160,129,31,31
22777,47,42,5,5
22778,109,123,-14,14
22779,133,115,18,18
22780,114,106,8,8
22781,89,73,16,16
22782,86,72,14,14
22783,95,82,13,13
22784,149,138,11,11
22785,86,75,11,11
22786,112,98,14,14
22787,61,95,-34,34
22788,32,37,-5,5
22789,141,119,22,22
22790,106,89,17,17
22791,62,62,0,0
22792,98,89,9,9
22793,169,125,44,44
22794,75,81,-6,6
22795,113,98,15,15
22796,69,65,4,4
22797,54,55,-1,1
22798,72,71,1,1
22799,140,129,11,11
22800,86,82,4,4
22801,106,95,11,11
22802,81,73,8,8
22803,109,89,20,20
22804,120,95,25,25
22805,103,90,13,13
22806,201,158,43,43
22807,115,119,-4,4
22808,94,83,11,11
22809,110,112,-2,2
22810,90,79,11,11
22811,117,98,19,19
22812,80,70,10,10
22813,136,117,19,19
22814,95,90,5,5
22815,121,96,25,25
22816,38,42,-4,4
22817,100,80,20,20
22818,83,76,7,7
22819,102,89,13,13
22820,100,86,14,14
22821,67,63,4,4
22822,88,111,-23,23
22823,68,60,8,8
22824,145,125,20,20
22825,86,75,11,11
22826,107,90,17,17
22827,85,88,-3,3
22828,102,95,7,7
22829,132,116,16,16
22830,61,58,3,3
22831,70,59,11,11
22832,91,80,11,11
22833,139,120,19,19
22834,51,50,1,1
22835,39,40,-1,1
22836,100,80,20,20
22837,93,84,9,9
22838,89,88,1,1
22839,92,88,4,4
22840,35,35,0,0
22841,93,78,15,15
22842,64,61,3,3
22843,62,52,10,10
22844,102,77,25,25
22845,101,89,12,12
22846,93,80,13,13
22847,63,59,4,4
22848,88,79,9,9
22849,80,77,3,3
22850,134,92,42,42
22851,77,68,9,9
22852,73,68,5,5
22853,57,56,1,1
22854,118,78,40,40
22855,134,118,16,16
22856,127,110,17,17
22857,88,78,10,10
22858,91,80,11,11
22859,110,99,11,11
22860,46,42,4,4
22861,105,93,12,12
22862,103,99,4,4
22863,108,90,18,18
22864,93,90,3,3
22865,75,72,3,3
22866,131,114,17,17
22867,130,112,18,18
22868,89,78,11,11
22869,49,93,-44,44
22870,120,110,10,10
22871,151,144,7,7
22872,92,82,10,10
22873,77,73,4,4
22874,126,119,7,7
22875,100,93,7,7
22876,54,51,3,3
22877,110,92,18,18
22878,133,119,14,14
22879,119,110,9,9
22880,126,103,23,23
22881,42,39,3,3
22882,63,58,5,5
22883,170,145,25,25
22884,68,71,-3,3
22885,114,97,17,17
22886,115,91,24,24
22887,64,65,-1,1
22888,90,80,10,10
22889,126,98,28,28
22890,72,77,-5,5
22891,116,124,-8,8
22892,151,140,11,11
22893,98,75,23,23
22894,135,115,20,20
22895,132,111,21,21
22896,166,138,28,28
22897,109,92,17,17
22898,73,61,12,12
22899,43,41,2,2
22900,60,56,4,4
22901,95,89,6,6
22902,185,154,31,31
22903,116,104,12,12
22904,120,107,13,13
22905,117,100,17,17
22906,80,78,2,2
22907,54,50,4,4
22908,94,86,8,8
22909,104,97,7,7
22910,167,153,14,14
22911,183,162,21,21
22912,125,111,14,14
22913,67,60,7,7
22914,127,102,25,25
22915,108,98,10,10
22916,110,96,14,14
22917,72,64,8,8
22918,76,69,7,7
22919,60,59,1,1
22920,127,101,26,26
22921,60,56,4,4
22922,117,100,17,17
22923,62,56,6,6
22924,98,80,18,18
22925,64,61,3,3
22926,90,78,12,12
22927,155,133,22,22
22928,69,62,7,7
22929,91,77,14,14
22930,91,75,16,16
22931,97,79,18,18
22932,116,95,21,21
22933,100,91,9,9
22934,81,72,9,9
22935,77,70,7,7
22936,46,40,6,6
22937,86,88,-2,2
22938,98,80,18,18
22939,128,96,32,32
22940,53,51,2,2
22941,86,78,8,8
22942,106,96,10,10
22943,118,100,18,18
22944,132,122,10,10
22945,179,160,19,19
22946,72,61,11,11
22947,57,55,2,2
22948,159,138,21,21
22949,56,60,-4,4
22950,90,88,2,2
22951,84,77,7,7
22952,120,112,8,8
22953,99,81,18,18
22954,121,97,24,24
22955,96,87,9,9
22956,46,54,-8,8
22957,84,82,2,2
22958,79,71,8,8
22959,165,138,27,27
22960,72,65,7,7
22961,75,71,4,4
22962,116,105,11,11
22963,117,111,6,6
22964,95,79,16,16
22965,138,142,-4,4
22966,64,61,3,3
22967,70,68,2,2
22968,51,46,5,5
22969,74,80,-6,6
22970,105,95,10,10
22971,137,122,15,15
22972,93,80,13,13
22973,72,71,1,1
22974,83,75,8,8
22975,113,98,15,15
22976,97,84,13,13
22977,76,73,3,3
22978,65,57,8,8
22979,159,137,22,22
22980,72,66,6,6
22981,127,108,19,19
22982,94,81,13,13
22983,83,73,10,10
22984,84,78,6,6
22985,60,58,2,2
22986,100,92,8,8
22987,108,98,10,10
22988,118,104,14,14
22989,76,76,0,0
22990,87,70,17,17
22991,50,49,1,1
22992,38,40,-2,2
22993,146,112,34,34
22994,114,101,13,13
22995,52,51,1,1
22996,84,80,4,4
22997,122,112,10,10
22998,102,87,15,15
22999,181,151,30,30
23000,98,82,16,16
23001,39,40,-1,1
23002,84,62,22,22
23003,145,103,42,42
23004,124,116,8,8
23005,110,108,2,2
23006,57,56,1,1
23007,88,83,5,5
23008,64,62,2,2
23009,195,166,29,29
23010,131,119,12,12
23011,124,109,15,15
23012,79,91,-12,12
23013,66,61,5,5
23014,100,95,5,5
23015,82,70,12,12
23016,81,79,2,2
23017,85,72,13,13
23018,192,168,24,24
23019,112,101,11,11
23020,166,140,26,26
23021,101,90,11,11
23022,82,66,16,16
23023,89,70,19,19
23024,94,78,16,16
23025,79,81,-2,2
23026,108,104,4,4
23027,117,98,19,19
23028,123,98,25,25
23029,81,70,11,11
23030,87,73,14,14
23031,66,62,4,4
23032,35,36,-1,1
23033,102,81,21,21
23034,145,116,29,29
23035,62,54,8,8
23036,121,99,22,22
23037,69,64,5,5
23038,142,120,22,22
23039,74,60,14,14
23040,92,78,14,14
23041,63,52,11,11
23042,71,67,4,4
23043,148,120,28,28
23044,72,72,0,0
23045,75,66,9,9
23046,118,110,8,8
23047,103,95,8,8
23048,136,103,33,33
23049,126,120,6,6
23050,93,90,3,3
23051,101,92,9,9
23052,133,107,26,26
23053,83,79,4,4
23054,91,85,6,6
23055,52,46,6,6
23056,100,89,11,11
23057,88,76,12,12
23058,80,78,2,2
23059,83,81,2,2
23060,90,76,14,14
23061,69,91,-22,22
23062,85,73,12,12
23063,107,89,18,18
23064,103,83,20,20
23065,60,55,5,5
23066,152,136,16,16
23067,40,39,1,1
23068,87,72,15,15
23069,78,69,9,9
23070,145,130,15,15
23071,47,50,-3,3
23072,139,116,23,23
23073,94,82,12,12
23074,138,139,-1,1
23075,115,90,25,25
23076,94,83,11,11
23077,106,90,16,16
23078,85,66,19,19
23079,82,71,11,11
23080,61,56,5,5
23081,160,133,27,27
23082,157,148,9,9
23083,87,80,7,7
23084,135,111,24,24
23085,120,108,12,12
23086,104,88,16,16
23087,165,133,32,32
23088,88,78,10,10
23089,67,67,0,0
23090,87,73,14,14
23091,66,64,2,2
23092,74,65,9,9
23093,76,70,6,6
23094,62,58,4,4
23095,79,74,5,5
23096,91,82,9,9
23097,70,61,9,9
23098,148,121,27,27
23099,135,109,26,26
23100,74,73,1,1
23101,78,68,10,10
23102,93,83,10,10
23103,124,118,6,6
23104,129,119,10,10
23105,98,82,16,16
23106,72,61,11,11
23107,53,52,1,1
23108,138,117,21,21
23109,184,140,44,44
23110,85,79,6,6
23111,82,63,19,19
23112,105,102,3,3
23113,99,83,16,16
23114,65,62,3,3
23115,73,63,10,10
23116,66,57,9,9
23117,102,93,9,9
23118,85,72,13,13
23119,188,169,19,19
23120,81,184,-103,103
23121,124,106,18,18
23122,59,57,2,2
23123,108,98,10,10
23124,92,90,2,2
23125,100,87,13,13
23126,105,95,10,10
23127,93,85,8,8
23128,155,131,24,24
23129,71,62,9,9
23130,65,51,14,14
23131,94,80,14,14
23132,122,113,9,9
23133,70,64,6,6
23134,65,60,5,5
23135,160,137,23,23
23136,115,101,14,14
23137,134,120,14,14
23138,101,91,10,10
23139,105,92,13,13
23140,93,86,7,7
23141,94,76,18,18
23142,82,69,13,13
23143,90,80,10,10
23144,78,63,15,15
23145,145,125,20,20
23146,120,103,17,17
23147,94,84,10,10
23148,95,75,20,20
23149,115,114,1,1
23150,49,41,8,8
23151,134,124,10,10
23152,88,78,10,10
23153,82,75,7,7
23154,67,59,8,8
23155,71,60,11,11
23156,56,62,-6,6
23157,88,75,13,13
23158,34,40,-6,6
23159,62,70,-8,8
23160,82,78,4,4
23161,111,101,10,10
23162,48,46,2,2
23163,102,95,7,7
23164,143,115,28,28
23165,47,45,2,2
23166,76,65,11,11
23167,119,105,14,14
23168,64,58,6,6
23169,72,61,11,11
23170,141,121,20,20
23171,64,54,10,10
23172,127,110,17,17
23173,72,68,4,4
23174,111,95,16,16
23175,104,83,21,21
23176,77,73,4,4
23177,133,126,7,7
23178,113,97,16,16
23179,110,98,12,12
23180,89,79,10,10
23181,125,110,15,15
23182,127,99,28,28
23183,68,56,12,12
23184,99,96,3,3
23185,86,86,0,0
23186,111,99,12,12
23187,118,95,23,23
23188,74,72,2,2
23189,132,112,20,20
23190,99,85,14,14
23191,139,122,17,17
23192,107,97,10,10
23193,70,71,-1,1
23194,77,63,14,14
23195,101,95,6,6
23196,103,91,12,12
23197,86,81,5,5
23198,104,81,23,23
23199,100,101,-1,1
23200,150,121,29,29
23201,69,61,8,8
23202,129,111,18,18
23203,162,149,13,13
23204,111,110,1,1
23205,133,116,17,17
23206,87,79,8,8
23207,74,74,0,0
23208,95,91,4,4
23209,110,107,3,3
23210,124,109,15,15
23211,155,130,25,25
23212,74,57,17,17
23213,80,71,9,9
23214,90,76,14,14
23215,100,88,12,12
23216,112,90,22,22
23217,81,62,19,19
23218,73,71,2,2
23219,122,106,16,16
23220,130,110,20,20
23221,129,109,20,20
23222,123,103,20,20
23223,84,78,6,6
23224,63,61,2,2
23225,144,118,26,26
23226,91,142,-51,51
23227,66,69,-3,3
23228,95,83,12,12
23229,129,114,15,15
23230,75,70,5,5
23231,152,169,-17,17
23232,119,81,38,38
23233,107,94,13,13
23234,184,150,34,34
23235,84,80,4,4
23236,123,103,20,20
23237,167,132,35,35
23238,59,49,10,10
23239,68,67,1,1
23240,119,83,36,36
23241,77,65,12,12
23242,70,70,0,0
23243,79,67,12,12
23244,114,106,8,8
23245,75,68,7,7
23246,64,52,12,12
23247,127,104,23,23
23248,52,52,0,0
23249,67,55,12,12
23250,73,69,4,4
23251,85,72,13,13
23252,63,62,1,1
23253,88,72,16,16
23254,89,91,-2,2
23255,133,103,30,30
23256,82,75,7,7
23257,115,94,21,21
23258,97,90,7,7
23259,81,82,-1,1
23260,102,85,17,17
23261,68,56,12,12
23262,64,57,7,7
23263,70,61,9,9
23264,73,72,1,1
23265,59,62,-3,3
23266,136,122,14,14
23267,103,95,8,8
23268,137,106,31,31
23269,73,67,6,6
23270,83,73,10,10
23271,95,78,17,17
23272,138,115,23,23
23273,86,72,14,14
23274,66,77,-11,11
23275,134,151,-17,17
23276,116,101,15,15
23277,70,63,7,7
23278,118,103,15,15
23279,131,110,21,21
23280,40,58,-18,18
23281,82,75,7,7
23282,78,67,11,11
23283,97,80,17,17
23284,89,84,5,5
23285,133,115,18,18
23286,76,65,11,11
23287,152,122,30,30
23288,92,82,10,10
23289,62,57,5,5
23290,179,140,39,39
23291,127,105,22,22
23292,115,99,16,16
23293,54,62,-8,8
23294,136,104,32,32
23295,76,74,2,2
23296,62,62,0,0
23297,78,73,5,5
23298,182,142,40,40
23299,67,59,8,8
23300,110,88,22,22
23301,92,78,14,14
23302,150,122,28,28
23303,122,116,6,6
23304,62,63,-1,1
23305,109,90,19,19
23306,123,104,19,19
23307,107,100,7,7
23308,50,55,-5,5
23309,62,59,3,3
23310,115,102,13,13
23311,41,46,-5,5
23312,106,91,15,15
23313,58,50,8,8
23314,67,60,7,7
23315,64,54,10,10
23316,71,83,-12,12
23317,83,82,1,1
23318,157,154,3,3
23319,90,82,8,8
23320,100,97,3,3
23321,92,85,7,7
23322,87,93,-6,6
23323,76,80,-4,4
23324,101,97,4,4
23325,56,46,10,10
23326,65,63,2,2
23327,70,65,5,5
23328,57,55,2,2
23329,112,128,-16,16
23330,50,61,-11,11
23331,47,55,-8,8
23332,140,140,0,0
23333,51,49,2,2
23334,61,65,-4,4
23335,78,72,6,6
23336,70,60,10,10
23337,98,84,14,14
23338,152,126,26,26
23339,99,91,8,8
23340,93,88,5,5
23341,90,79,11,11
23342,51,49,2,2
23343,94,80,14,14
23344,82,77,5,5
23345,137,118,19,19
23346,85,83,2,2
23347,131,122,9,9
23348,110,88,22,22
23349,70,58,12,12
23350,99,93,6,6
23351,146,124,22,22
23352,37,40,-3,3
23353,94,76,18,18
23354,124,107,17,17
23355,91,96,-5,5
23356,85,79,6,6
23357,58,57,1,1
23358,78,79,-1,1
23359,62,64,-2,2
23360,51,50,1,1
23361,85,84,1,1
23362,64,61,3,3
23363,108,104,4,4
23364,89,84,5,5
23365,120,108,12,12
23366,131,105,26,26
23367,50,48,2,2
23368,109,96,13,13
23369,82,70,12,12
23370,115,93,22,22
23371,121,97,24,24
23372,193,164,29,29
23373,66,60,6,6
23374,125,106,19,19
23375,64,64,0,0
23376,105,87,18,18
23377,47,47,0,0
23378,57,65,-8,8
23379,105,87,18,18
23380,124,109,15,15
23381,90,89,1,1
23382,126,101,25,25
23383,89,87,2,2
23384,122,104,18,18
23385,116,102,14,14
23386,80,65,15,15
23387,92,80,12,12
23388,62,75,-13,13
23389,144,123,21,21
23390,45,49,-4,4
23391,139,125,14,14
23392,117,98,19,19
23393,99,89,10,10
23394,98,88,10,10
23395,87,80,7,7
23396,171,130,41,41
23397,127,99,28,28
23398,114,98,16,16
23399,100,94,6,6
23400,71,74,-3,3
23401,143,116,27,27
23402,84,77,7,7
23403,89,75,14,14
23404,85,80,5,5
23405,69,63,6,6
23406,145,135,10,10
23407,115,108,7,7
23408,116,102,14,14
23409,114,105,9,9
23410,58,49,9,9
23411,79,68,11,11
23412,73,68,5,5
23413,114,106,8,8
23414,140,129,11,11
23415,92,88,4,4
23416,111,101,10,10
23417,131,125,6,6
23418,76,71,5,5
23419,94,86,8,8
23420,91,90,1,1
23421,76,66,10,10
23422,115,98,17,17
23423,65,57,8,8
23424,113,106,7,7
23425,85,85,0,0
23426,214,200,14,14
23427,211,179,32,32
23428,41,44,-3,3
23429,78,68,10,10
23430,161,135,26,26
23431,79,70,9,9
23432,51,52,-1,1
23433,103,97,6,6
23434,73,69,4,4
23435,55,57,-2,2
23436,136,106,30,30
23437,131,120,11,11
23438,77,71,6,6
23439,80,70,10,10
23440,110,102,8,8
23441,54,53,1,1
23442,111,104,7,7
23443,84,76,8,8
23444,70,60,10,10
23445,70,61,9,9
23446,106,86,20,20
23447,97,87,10,10
23448,100,87,13,13
23449,135,116,19,19
23450,86,75,11,11
23451,42,37,5,5
23452,132,123,9,9
23453,73,69,4,4
23454,125,110,15,15
23455,83,78,5,5
23456,125,110,15,15
23457,120,104,16,16
23458,110,93,17,17
23459,197,162,35,35
23460,111,95,16,16
23461,86,84,2,2
23462,76,65,11,11
23463,150,122,28,28
23464,115,107,8,8
23465,89,88,1,1
23466,176,133,43,43
23467,64,64,0,0
23468,120,105,15,15
23469,121,101,20,20
23470,64,68,-4,4
23471,49,58,-9,9
23472,70,60,10,10
23473,112,96,16,16
23474,89,86,3,3
23475,107,95,12,12
23476,155,136,19,19
23477,73,71,2,2
23478,129,120,9,9
23479,161,136,25,25
23480,89,77,12,12
23481,113,101,12,12
23482,99,87,12,12
23483,127,116,11,11
23484,115,103,12,12
23485,78,70,8,8
23486,155,153,2,2
23487,54,47,7,7
23488,89,80,9,9
23489,115,94,21,21
23490,82,74,8,8
23491,165,141,24,24
23492,90,78,12,12
23493,87,78,9,9
23494,115,95,20,20
23495,70,64,6,6
23496,85,69,16,16
23497,101,89,12,12
23498,118,118,0,0
23499,135,105,30,30
23500,74,69,5,5
23501,108,109,-1,1
23502,134,117,17,17
23503,109,94,15,15
23504,77,69,8,8
23505,71,59,12,12
23506,78,67,11,11
23507,125,101,24,24
23508,90,78,12,12
23509,47,41,6,6
23510,89,82,7,7
23511,102,85,17,17
23512,94,86,8,8
23513,137,119,18,18
23514,110,93,17,17
23515,100,88,12,12
23516,125,103,22,22
23517,57,88,-31,31
23518,120,105,15,15
23519,149,129,20,20
23520,69,68,1,1
23521,91,89,2,2
23522,69,63,6,6
23523,143,116,27,27
23524,112,94,18,18
23525,108,88,20,20
23526,83,83,0,0
23527,102,96,6,6
23528,55,50,5,5
23529,101,86,15,15
23530,39,39,0,0
23531,173,155,18,18
23532,98,85,13,13
23533,136,118,18,18
23534,62,57,5,5
23535,188,139,49,49
23536,98,90,8,8
23537,132,111,21,21
23538,89,90,-1,1
23539,106,99,7,7
23540,101,101,0,0
23541,150,121,29,29
23542,194,156,38,38
23543,108,99,9,9
23544,78,80,-2,2
23545,70,64,6,6
23546,93,90,3,3
23547,65,68,-3,3
23548,113,92,21,21
23549,129,109,20,20
23550,94,89,5,5
23551,108,94,14,14
23552,90,82,8,8
23553,68,65,3,3
23554,98,91,7,7
23555,96,105,-9,9
23556,85,85,0,0
23557,137,125,12,12
23558,112,97,15,15
23559,168,143,25,25
23560,87,84,3,3
23561,134,117,17,17
23562,75,76,-1,1
23563,135,114,21,21
23564,81,71,10,10
23565,96,95,1,1
23566,91,86,5,5
23567,104,84,20,20
23568,105,89,16,16
23569,56,52,4,4
23570,111,97,14,14
23571,56,62,-6,6
23572,62,56,6,6
23573,103,91,12,12
23574,144,133,11,11
23575,101,89,12,12
23576,79,69,10,10
23577,102,86,16,16
23578,121,105,16,16
23579,140,123,17,17
23580,135,118,17,17
23581,80,70,10,10
23582,51,53,-2,2
23583,152,130,22,22
23584,94,85,9,9
23585,52,42,10,10
23586,78,73,5,5
23587,82,74,8,8
23588,75,65,10,10
23589,117,104,13,13
23590,136,115,21,21
23591,92,81,11,11
23592,55,46,9,9
23593,126,103,23,23
23594,55,53,2,2
23595,43,42,1,1
23596,83,82,1,1
23597,116,113,3,3
23598,113,101,12,12
23599,60,56,4,4
23600,100,92,8,8
23601,100,96,4,4
23602,113,98,15,15
23603,123,124,-1,1
23604,69,65,4,4
23605,113,119,-6,6
23606,71,71,0,0
23607,132,111,21,21
23608,151,133,18,18
23609,57,53,4,4
23610,105,91,14,14
23611,188,134,54,54
23612,79,67,12,12
23613,151,132,19,19
23614,137,122,15,15
23615,42,37,5,5
23616,144,121,23,23
23617,41,49,-8,8
23618,82,73,9,9
23619,91,79,12,12
23620,65,65,0,0
23621,65,60,5,5
23622,103,96,7,7
23623,116,101,15,15
23624,149,131,18,18
23625,202,164,38,38
23626,61,55,6,6
23627,78,70,8,8
23628,154,124,30,30
23629,87,79,8,8
23630,93,78,15,15
23631,134,121,13,13
23632,116,108,8,8
23633,124,115,9,9
23634,148,126,22,22
23635,140,123,17,17
23636,69,60,9,9
23637,107,95,12,12
23638,99,86,13,13
23639,137,112,25,25
23640,165,128,37,37
23641,102,86,16,16
23642,116,99,17,17
23643,95,73,22,22
23644,86,94,-8,8
23645,88,90,-2,2
23646,108,96,12,12
23647,153,135,18,18
23648,69,62,7,7
23649,76,67,9,9
23650,103,87,16,16
23651,79,83,-4,4
23652,129,104,25,25
23653,87,78,9,9
23654,67,62,5,5
23655,81,72,9,9
23656,118,101,17,17
23657,69,60,9,9
23658,63,64,-1,1
23659,77,70,7,7
23660,113,100,13,13
23661,143,127,16,16
23662,57,55,2,2
23663,86,77,9,9
23664,36,48,-12,12
23665,128,106,22,22
23666,111,97,14,14
23667,68,66,2,2
23668,60,61,-1,1
23669,90,80,10,10
23670,99,87,12,12
23671,80,68,12,12
23672,79,80,-1,1
23673,84,80,4,4
23674,77,63,14,14
23675,132,115,17,17
23676,94,66,28,28
23677,95,88,7,7
23678,67,63,4,4
23679,134,113,21,21
23680,148,129,19,19
23681,92,81,11,11
23682,85,69,16,16
23683,69,72,-3,3
23684,107,103,4,4
23685,113,117,-4,4
23686,49,45,4,4
23687,31,36,-5,5
23688,72,70,2,2
23689,135,118,17,17
23690,126,101,25,25
23691,67,62,5,5
23692,70,69,1,1
23693,64,61,3,3
23694,70,104,-34,34
23695,88,71,17,17
23696,66,67,-1,1
23697,80,82,-2,2
23698,82,85,-3,3
23699,85,79,6,6
23700,128,113,15,15
23701,116,103,13,13
23702,74,60,14,14
23703,107,91,16,16
23704,74,67,7,7
23705,133,104,29,29
23706,91,77,14,14
23707,100,93,7,7
23708,90,73,17,17
23709,41,47,-6,6
23710,117,102,15,15
23711,91,85,6,6
23712,108,106,2,2
23713,61,56,5,5
23714,201,167,34,34
23715,112,97,15,15
23716,62,55,7,7
23717,70,66,4,4
23718,79,70,9,9
23719,85,68,17,17
23720,138,114,24,24
23721,132,115,17,17
23722,46,51,-5,5
23723,172,149,23,23
23724,120,97,23,23
23725,120,102,18,18
23726,96,91,5,5
23727,108,88,20,20
23728,125,113,12,12
23729,72,71,1,1
23730,110,89,21,21
23731,51,57,-6,6
23732,127,111,16,16
23733,109,96,13,13
23734,70,61,9,9
23735,91,82,9,9
23736,53,58,-5,5
23737,195,170,25,25
23738,63,65,-2,2
23739,97,91,6,6
23740,109,93,16,16
23741,116,106,10,10
23742,52,58,-6,6
23743,66,69,-3,3
23744,70,59,11,11
23745,143,128,15,15
23746,61,100,-39,39
23747,105,84,21,21
23748,58,51,7,7
23749,141,124,17,17
23750,64,55,9,9
23751,126,112,14,14
23752,154,133,21,21
23753,103,85,18,18
23754,54,53,1,1
23755,100,89,11,11
23756,99,87,12,12
23757,84,82,2,2
23758,67,65,2,2
23759,51,59,-8,8
23760,118,107,11,11
23761,139,115,24,24
23762,83,76,7,7
23763,127,111,16,16
23764,98,83,15,15
23765,86,73,13,13
23766,53,52,1,1
23767,111,105,6,6
23768,82,76,6,6
23769,101,84,17,17
23770,79,74,5,5
23771,82,80,2,2
23772,101,82,19,19
23773,172,143,29,29
23774,49,51,-2,2
23775,144,120,24,24
23776,79,69,10,10
23777,71,71,0,0
23778,109,101,8,8
23779,97,81,16,16
23780,134,112,22,22
23781,139,141,-2,2
23782,103,92,11,11
23783,104,88,16,16
23784,45,50,-5,5
23785,124,118,6,6
23786,77,74,3,3
23787,92,87,5,5
23788,54,53,1,1
23789,96,87,9,9
23790,77,69,8,8
23791,99,82,17,17
23792,46,44,2,2
23793,128,115,13,13
23794,114,108,6,6
23795,183,151,32,32
23796,74,68,6,6
23797,152,124,28,28
23798,95,78,17,17
23799,84,67,17,17
23800,103,91,12,12
23801,118,97,21,21
23802,82,87,-5,5
23803,161,151,10,10
23804,93,76,17,17
23805,91,76,15,15
23806,106,91,15,15
23807,91,78,13,13
23808,52,53,-1,1
23809,89,79,10,10
23810,80,75,5,5
23811,112,108,4,4
23812,69,58,11,11
23813,68,61,7,7
23814,219,177,42,42
23815,89,83,6,6
23816,127,110,17,17
23817,84,88,-4,4
23818,85,74,11,11
23819,28,35,-7,7
23820,141,117,24,24
23821,92,82,10,10
23822,130,110,20,20
23823,59,57,2,2
23824,143,115,28,28
23825,145,117,28,28
23826,73,67,6,6
23827,177,152,25,25
23828,169,136,33,33
23829,54,48,6,6
23830,128,101,27,27
23831,52,52,0,0
23832,129,118,11,11
23833,99,91,8,8
23834,119,92,27,27
23835,75,73,2,2
23836,119,99,20,20
23837,103,88,15,15
23838,130,113,17,17
23839,119,97,22,22
23840,100,84,16,16
23841,159,144,15,15
23842,75,60,15,15
23843,86,80,6,6
23844,123,109,14,14
23845,74,74,0,0
23846,50,56,-6,6
23847,57,47,10,10
23848,50,50,0,0
23849,71,68,3,3
23850,96,85,11,11
23851,76,68,8,8
23852,130,107,23,23
23853,62,67,-5,5
23854,92,84,8,8
23855,98,95,3,3
23856,67,55,12,12
23857,231,198,33,33
23858,68,54,14,14
23859,59,53,6,6
23860,82,65,17,17
23861,67,68,-1,1
23862,88,73,15,15
23863,138,109,29,29
23864,81,63,18,18
23865,117,104,13,13
23866,67,67,0,0
23867,57,57,0,0
23868,53,49,4,4
23869,87,78,9,9
23870,123,115,8,8
23871,128,111,17,17
23872,80,77,3,3
23873,95,84,11,11
23874,105,98,7,7
23875,92,87,5,5
23876,97,82,15,15
23877,96,90,6,6
23878,114,94,20,20
23879,57,57,0,0
23880,174,142,32,32
23881,98,86,12,12
23882,96,77,19,19
23883,34,50,-16,16
23884,53,47,6,6
23885,70,64,6,6
23886,100,96,4,4
23887,112,104,8,8
23888,86,78,8,8
23889,106,92,14,14
23890,75,70,5,5
23891,97,99,-2,2
23892,93,85,8,8
23893,105,79,26,26
23894,108,95,13,13
23895,137,138,-1,1
23896,99,94,5,5
23897,71,64,7,7
23898,157,140,17,17
23899,111,98,13,13
23900,102,83,19,19
23901,144,125,19,19
23902,86,75,11,11
23903,63,69,-6,6
23904,97,81,16,16
23905,30,35,-5,5
23906,77,70,7,7
23907,111,95,16,16
23908,77,65,12,12
23909,41,41,0,0
23910,82,80,2,2
23911,144,120,24,24
23912,117,99,18,18
23913,94,80,14,14
23914,58,52,6,6
23915,101,88,13,13
23916,105,84,21,21
23917,99,96,3,3
23918,88,74,14,14
23919,69,70,-1,1
23920,67,56,11,11
23921,51,59,-8,8
23922,120,104,16,16
23923,60,59,1,1
23924,90,76,14,14
23925,81,71,10,10
23926,163,152,11,11
23927,142,120,22,22
23928,65,60,5,5
23929,156,137,19,19
23930,52,50,2,2
23931,74,61,13,13
23932,115,101,14,14
23933,126,122,4,4
23934,48,42,6,6
23935,129,120,9,9
23936,160,134,26,26
23937,110,108,2,2
23938,121,111,10,10
23939,97,83,14,14
23940,110,119,-9,9
23941,135,115,20,20
23942,153,137,16,16
23943,103,112,-9,9
23944,103,90,13,13
23945,119,100,19,19
23946,76,78,-2,2
23947,195,182,13,13
23948,57,55,2,2
23949,59,65,-6,6
23950,146,132,14,14
23951,91,72,19,19
23952,101,86,15,15
23953,240,178,62,62
23954,88,82,6,6
23955,83,65,18,18
23956,77,70,7,7
23957,82,77,5,5
23958,82,83,-1,1
23959,119,97,22,22
23960,106,88,18,18
23961,101,98,3,3
23962,78,71,7,7
23963,82,72,10,10
23964,82,75,7,7
23965,126,102,24,24
23966,87,87,0,0
23967,96,86,10,10
23968,68,62,6,6
23969,100,82,18,18
23970,71,69,2,2
23971,91,90,1,1
23972,118,104,14,14
23973,93,87,6,6
23974,87,80,7,7
23975,75,73,2,2
23976,64,57,7,7
23977,94,81,13,13
23978,45,47,-2,2
23979,97,77,20,20
23980,115,100,15,15
23981,84,79,5,5
23982,139,116,23,23
23983,155,144,11,11
23984,65,62,3,3
23985,72,70,2,2
23986,65,64,1,1
23987,45,47,-2,2
23988,92,93,-1,1
23989,148,134,14,14
23990,163,128,35,35
23991,80,67,13,13
23992,131,105,26,26
23993,74,76,-2,2
23994,62,59,3,3
23995,65,58,7,7
23996,110,87,23,23
23997,119,89,30,30
23998,110,94,16,16
23999,89,82,7,7
24000,104,105,-1,1
24001,110,107,3,3
24002,83,71,12,12
24003,134,119,15,15
24004,110,102,8,8
24005,74,76,-2,2
24006,152,133,19,19
24007,103,94,9,9
24008,47,45,2,2
24009,104,88,16,16
24010,59,58,1,1
24011,76,58,18,18
24012,82,76,6,6
24013,100,91,9,9
24014,127,108,19,19
24015,70,59,11,11
24016,71,71,0,0
24017,83,85,-2,2
24018,80,74,6,6
24019,102,93,9,9
24020,70,72,-2,2
24021,89,76,13,13
24022,75,68,7,7
24023,104,90,14,14
24024,84,64,20,20
24025,56,53,3,3
24026,55,57,-2,2
24027,141,134,7,7
24028,82,77,5,5
24029,182,149,33,33
24030,154,136,18,18
24031,86,78,8,8
24032,78,71,7,7
24033,91,81,10,10
24034,115,104,11,11
24035,112,105,7,7
24036,98,103,-5,5
24037,83,70,13,13
24038,58,54,4,4
24039,72,63,9,9
24040,46,58,-12,12
24041,54,53,1,1
24042,99,90,9,9
24043,100,115,-15,15
24044,114,102,12,12
24045,56,48,8,8
24046,49,52,-3,3
24047,63,55,8,8
24048,63,58,5,5
24049,72,67,5,5
24050,97,85,12,12
24051,59,58,1,1
24052,123,116,7,7
24053,109,101,8,8
24054,108,94,14,14
24055,95,93,2,2
24056,94,80,14,14
24057,59,58,1,1
24058,80,76,4,4
24059,140,124,16,16
24060,102,93,9,9
24061,65,63,2,2
24062,117,96,21,21
24063,63,52,11,11
24064,77,77,0,0
24065,137,93,44,44
24066,114,102,12,12
24067,78,62,16,16
24068,45,45,0,0
24069,84,81,3,3
24070,96,90,6,6
24071,62,60,2,2
24072,67,69,-2,2
24073,178,142,36,36
24074,78,79,-1,1
24075,112,98,14,14
24076,99,76,23,23
24077,94,88,6,6
24078,86,67,19,19
24079,116,99,17,17
24080,64,56,8,8
24081,51,51,0,0
24082,176,129,47,47
24083,120,99,21,21
24084,121,94,27,27
24085,84,77,7,7
24086,108,97,11,11
24087,97,88,9,9
24088,91,84,7,7
24089,117,108,9,9
24090,102,89,13,13
24091,53,49,4,4
24092,82,71,11,11
24093,63,62,1,1
24094,50,86,-36,36
24095,121,101,20,20
24096,33,46,-13,13
24097,75,66,9,9
24098,98,91,7,7
24099,95,80,15,15
24100,94,84,10,10
24101,43,46,-3,3
24102,88,90,-2,2
24103,72,67,5,5
24104,118,100,18,18
24105,76,74,2,2
24106,58,53,5,5
24107,104,77,27,27
24108,115,103,12,12
24109,63,54,9,9
24110,105,97,8,8
24111,59,53,6,6
24112,58,53,5,5
24113,146,122,24,24
24114,82,79,3,3
24115,114,110,4,4
24116,95,81,14,14
24117,46,48,-2,2
24118,122,110,12,12
24119,78,73,5,5
24120,97,81,16,16
24121,111,98,13,13
24122,161,131,30,30
24123,157,138,19,19
24124,90,88,2,2
24125,69,60,9,9
24126,78,68,10,10
24127,111,95,16,16
24128,56,52,4,4
24129,83,64,19,19
24130,186,153,33,33
24131,76,73,3,3
24132,76,72,4,4
24133,136,121,15,15
24134,87,77,10,10
24135,87,72,15,15
24136,72,57,15,15
24137,64,67,-3,3
24138,162,142,20,20
24139,59,58,1,1
24140,77,66,11,11
24141,58,55,3,3
24142,65,55,10,10
24143,103,85,18,18
24144,74,56,18,18
24145,83,66,17,17
24146,62,55,7,7
24147,115,93,22,22
24148,88,84,4,4
24149,79,77,2,2
24150,102,88,14,14
24151,76,66,10,10
24152,72,68,4,4
24153,127,114,13,13
24154,57,54,3,3
24155,123,112,11,11
24156,108,90,18,18
24157,179,140,39,39
24158,56,73,-17,17
24159,129,119,10,10
24160,76,74,2,2
24161,160,124,36,36
24162,108,88,20,20
24163,65,61,4,4
24164,80,69,11,11
24165,68,78,-10,10
24166,125,138,-13,13
24167,55,53,2,2
24168,101,97,4,4
24169,102,87,15,15
24170,151,137,14,14
24171,98,114,-16,16
24172,72,75,-3,3
24173,124,109,15,15
24174,113,97,16,16
24175,84,66,18,18
24176,51,52,-1,1
24177,73,65,8,8
24178,58,46,12,12
24179,103,92,11,11
24180,89,68,21,21
24181,103,95,8,8
24182,122,108,14,14
24183,62,60,2,2
24184,152,127,25,25
24185,49,47,2,2
24186,76,69,7,7
24187,107,93,14,14
24188,63,73,-10,10
24189,132,110,22,22
24190,167,103,64,64
24191,105,88,17,17
24192,160,141,19,19
24193,86,77,9,9
24194,105,89,16,16
24195,88,82,6,6
24196,102,87,15,15
24197,102,105,-3,3
24198,101,101,0,0
24199,48,51,-3,3
24200,131,116,15,15
24201,45,40,5,5
24202,100,91,9,9
24203,77,67,10,10
24204,131,123,8,8
24205,106,95,11,11
24206,115,96,19,19
24207,140,113,27,27
24208,111,102,9,9
24209,100,94,6,6
24210,55,54,1,1
24211,80,68,12,12
24212,98,89,9,9
24213,61,50,11,11
24214,106,91,15,15
24215,91,85,6,6
24216,96,82,14,14
24217,88,75,13,13
24218,79,75,4,4
24219,108,107,1,1
24220,108,102,6,6
24221,137,108,29,29
24222,110,108,2,2
24223,67,61,6,6
24224,81,71,10,10
24225,74,67,7,7
24226,95,92,3,3
24227,36,33,3,3
24228,96,87,9,9
24229,80,77,3,3
24230,86,71,15,15
24231,145,138,7,7
24232,163,144,19,19
24233,57,48,9,9
24234,91,90,1,1
24235,100,96,4,4
24236,55,51,4,4
24237,118,102,16,16
24238,183,163,20,20
24239,79,76,3,3
24240,82,63,19,19
24241,107,94,13,13
24242,47,45,2,2
24243,103,96,7,7
24244,78,67,11,11
24245,114,105,9,9
24246,127,108,19,19
24247,65,62,3,3
24248,149,143,6,6
24249,72,62,10,10
24250,75,70,5,5
24251,99,90,9,9
24252,91,78,13,13
24253,50,54,-4,4
24254,116,101,15,15
24255,150,116,34,34
24256,136,125,11,11
24257,145,95,50,50
24258,64,63,1,1
24259,81,73,8,8
24260,76,61,15,15
24261,91,72,19,19
24262,64,56,8,8
24263,52,49,3,3
24264,85,80,5,5
24265,93,85,8,8
24266,80,82,-2,2
24267,84,80,4,4
24268,71,63,8,8
24269,73,63,10,10
24270,54,56,-2,2
24271,87,72,15,15
24272,88,85,3,3
24273,50,51,-1,1
24274,122,101,21,21
24275,98,89,9,9
24276,82,70,12,12
24277,173,141,32,32
24278,78,70,8,8
24279,106,96,10,10
24280,103,101,2,2
24281,78,66,12,12
24282,57,58,-1,1
24283,125,116,9,9
24284,103,93,10,10
24285,100,91,9,9
24286,78,72,6,6
24287,122,100,22,22
24288,122,116,6,6
24289,135,112,23,23
24290,110,86,24,24
24291,174,141,33,33
24292,54,52,2,2
24293,43,45,-2,2
24294,82,70,12,12
24295,91,74,17,17
24296,104,85,19,19
24297,148,124,24,24
24298,30,33,-3,3
24299,115,98,17,17
24300,122,102,20,20
24301,126,107,19,19
24302,68,74,-6,6
24303,119,94,25,25
24304,124,120,4,4
24305,81,69,12,12
24306,74,64,10,10
24307,75,70,5,5
24308,57,59,-2,2
24309,92,71,21,21
24310,79,66,13,13
24311,118,110,8,8
24312,62,60,2,2
24313,86,73,13,13
24314,57,47,10,10
24315,93,95,-2,2
24316,111,88,23,23
24317,77,71,6,6
24318,66,66,0,0
24319,142,97,45,45
24320,117,95,22,22
24321,48,48,0,0
24322,195,156,39,39
24323,100,91,9,9
24324,103,83,20,20
24325,59,63,-4,4
24326,76,67,9,9
24327,108,99,9,9
24328,127,112,15,15
24329,91,71,20,20
24330,67,65,2,2
24331,157,130,27,27
24332,120,117,3,3
24333,79,72,7,7
24334,95,86,9,9
24335,103,93,10,10
24336,126,108,18,18
24337,73,94,-21,21
24338,53,57,-4,4
24339,126,113,13,13
24340,78,68,10,10
24341,128,115,13,13
24342,51,50,1,1
24343,76,66,10,10
24344,130,115,15,15
24345,87,79,8,8
24346,76,73,3,3
24347,71,61,10,10
24348,115,103,12,12
24349,119,106,13,13
24350,75,67,8,8
24351,75,82,-7,7
24352,93,81,12,12
24353,128,118,10,10
24354,127,144,-17,17
24355,94,84,10,10
24356,133,110,23,23
24357,53,43,10,10
24358,146,119,27,27
24359,117,117,0,0
24360,74,68,6,6
24361,126,112,14,14
24362,41,48,-7,7
24363,143,126,17,17
24364,90,82,8,8
24365,73,74,-1,1
24366,156,134,22,22
24367,72,63,9,9
24368,59,51,8,8
24369,27,52,-25,25
24370,93,87,6,6
24371,87,83,4,4
24372,44,53,-9,9
24373,182,162,20,20
24374,90,82,8,8
24375,170,152,18,18
24376,128,113,15,15
24377,102,85,17,17
24378,99,86,13,13
24379,106,90,16,16
24380,86,71,15,15
24381,127,104,23,23
24382,99,80,19,19
24383,101,91,10,10
24384,155,134,21,21
24385,184,143,41,41
24386,98,86,12,12
24387,95,84,11,11
24388,108,118,-10,10
24389,103,95,8,8
24390,147,130,17,17
24391,100,82,18,18
24392,76,87,-11,11
24393,308,216,92,92
24394,71,59,12,12
24395,80,74,6,6
24396,88,74,14,14
24397,92,93,-1,1
24398,105,99,6,6
24399,63,63,0,0
24400,89,83,6,6
24401,77,81,-4,4
24402,94,84,10,10
24403,72,78,-6,6
24404,65,58,7,7
24405,132,110,22,22
24406,90,77,13,13
24407,83,75,8,8
24408,35,66,-31,31
24409,163,138,25,25
24410,73,67,6,6
24411,117,105,12,12
24412,87,76,11,11
24413,70,70,0,0
24414,189,158,31,31
24415,81,71,10,10
24416,59,63,-4,4
24417,110,103,7,7
24418,103,98,5,5
24419,89,82,7,7
24420,90,74,16,16
24421,475,245,230,230
24422,66,57,9,9
24423,97,91,6,6
24424,89,73,16,16
24425,106,91,15,15
24426,81,72,9,9
24427,143,126,17,17
24428,113,100,13,13
24429,83,78,5,5
24430,276,231,45,45
24431,88,76,12,12
24432,91,85,6,6
24433,179,143,36,36
24434,175,123,52,52
24435,86,78,8,8
24436,60,55,5,5
24437,86,77,9,9
24438,104,87,17,17
24439,144,125,19,19
24440,93,84,9,9
24441,98,88,10,10
24442,59,61,-2,2
24443,112,129,-17,17
24444,98,99,-1,1
24445,60,55,5,5
24446,72,61,11,11
24447,42,46,-4,4
24448,57,50,7,7
24449,138,113,25,25
24450,99,85,14,14
24451,134,117,17,17
24452,96,72,24,24
24453,101,90,11,11
24454,88,96,-8,8
24455,79,76,3,3
24456,61,56,5,5
24457,77,59,18,18
24458,119,106,13,13
24459,124,103,21,21
24460,77,74,3,3
24461,81,74,7,7
24462,70,65,5,5
24463,120,114,6,6
24464,90,89,1,1
24465,88,84,4,4
24466,49,49,0,0
24467,70,62,8,8
24468,90,80,10,10
24469,70,60,10,10
24470,119,96,23,23
24471,99,89,10,10
24472,79,76,3,3
24473,112,99,13,13
24474,63,64,-1,1
24475,40,45,-5,5
24476,145,120,25,25
24477,82,70,12,12
24478,87,76,11,11
24479,75,64,11,11
24480,71,63,8,8
24481,84,72,12,12
24482,85,70,15,15
24483,101,84,17,17
24484,111,88,23,23
24485,90,83,7,7
24486,63,59,4,4
24487,174,156,18,18
24488,106,95,11,11
24489,64,64,0,0
24490,33,37,-4,4
24491,100,99,1,1
24492,185,143,42,42
24493,68,62,6,6
24494,29,33,-4,4
24495,45,46,-1,1
24496,58,56,2,2
24497,120,97,23,23
24498,124,101,23,23
24499,70,60,10,10
24500,104,98,6,6
24501,101,86,15,15
24502,92,83,9,9
24503,81,72,9,9
24504,59,56,3,3
24505,84,76,8,8
24506,67,66,1,1
24507,105,87,18,18
24508,81,74,7,7
24509,56,54,2,2
24510,115,106,9,9
24511,117,100,17,17
24512,95,77,18,18
24513,134,110,24,24
24514,89,83,6,6
24515,136,122,14,14
24516,100,88,12,12
24517,95,98,-3,3
24518,73,70,3,3
24519,58,61,-3,3
24520,157,125,32,32
24521,77,70,7,7
24522,54,45,9,9
24523,90,89,1,1
24524,85,84,1,1
24525,71,66,5,5
24526,73,65,8,8
24527,87,81,6,6
24528,57,57,0,0
24529,64,61,3,3
24530,72,63,9,9
24531,184,143,41,41
24532,152,110,42,42
24533,88,81,7,7
24534,90,78,12,12
24535,96,95,1,1
24536,117,95,22,22
24537,65,56,9,9
24538,101,84,17,17
24539,130,122,8,8
24540,189,150,39,39
24541,80,77,3,3
24542,72,66,6,6
24543,99,91,8,8
24544,131,114,17,17
24545,120,115,5,5
24546,64,62,2,2
24547,59,46,13,13
24548,69,64,5,5
24549,44,48,-4,4
24550,85,84,1,1
24551,51,60,-9,9
24552,70,66,4,4
24553,61,64,-3,3
24554,110,108,2,2
24555,69,68,1,1
24556,56,52,4,4
24557,125,126,-1,1
24558,91,78,13,13
24559,53,62,-9,9
24560,91,84,7,7
24561,42,45,-3,3
24562,85,77,8,8
24563,33,34,-1,1
24564,94,75,19,19
24565,143,126,17,17
24566,72,60,12,12
24567,85,77,8,8
24568,132,120,12,12
24569,103,87,16,16
24570,131,101,30,30
24571,72,65,7,7
24572,109,99,10,10
24573,104,94,10,10
24574,128,111,17,17
24575,147,126,21,21
24576,90,79,11,11
24577,44,46,-2,2
24578,84,77,7,7
24579,129,119,10,10
24580,76,82,-6,6
24581,82,83,-1,1
24582,155,120,35,35
24583,141,113,28,28
24584,110,112,-2,2
24585,117,111,6,6
24586,112,102,10,10
24587,109,103,6,6
24588,63,50,13,13
24589,68,62,6,6
24590,140,118,22,22
24591,42,51,-9,9
24592,97,95,2,2
24593,73,62,11,11
24594,49,41,8,8
24595,163,124,39,39
24596,116,103,13,13
24597,98,100,-2,2
24598,97,87,10,10
24599,76,71,5,5
24600,84,71,13,13
24601,52,44,8,8
24602,134,116,18,18
24603,62,53,9,9
24604,123,114,9,9
24605,55,50,5,5
24606,80,74,6,6
24607,77,70,7,7
24608,121,119,2,2
24609,45,48,-3,3
24610,66,66,0,0
24611,59,49,10,10
24612,45,51,-6,6
24613,63,60,3,3
24614,65,70,-5,5
24615,95,84,11,11
24616,84,73,11,11
24617,110,112,-2,2
24618,83,75,8,8
24619,133,100,33,33
24620,111,98,13,13
24621,69,65,4,4
24622,43,41,2,2
24623,97,92,5,5
24624,78,82,-4,4
24625,75,68,7,7
24626,130,105,25,25
24627,73,66,7,7
24628,156,131,25,25
24629,110,85,25,25
24630,132,117,15,15
24631,108,100,8,8
24632,97,90,7,7
24633,139,119,20,20
24634,88,77,11,11
24635,136,109,27,27
24636,115,97,18,18
24637,141,115,26,26
24638,125,110,15,15
24639,114,99,15,15
24640,127,109,18,18
24641,87,82,5,5
24642,126,113,13,13
24643,83,84,-1,1
24644,68,57,11,11
24645,100,88,12,12
24646,67,66,1,1
24647,79,69,10,10
24648,123,108,15,15
24649,49,45,4,4
24650,73,85,-12,12
24651,105,89,16,16
24652,86,78,8,8
24653,78,86,-8,8
24654,97,81,16,16
24655,95,90,5,5
24656,46,48,-2,2
24657,105,101,4,4
24658,157,126,31,31
24659,97,100,-3,3
24660,130,101,29,29
24661,114,114,0,0
24662,56,57,-1,1
24663,37,38,-1,1
24664,133,117,16,16
24665,80,89,-9,9
24666,56,51,5,5
24667,64,57,7,7
24668,78,74,4,4
24669,96,82,14,14
24670,90,78,12,12
24671,126,104,22,22
24672,85,77,8,8
24673,60,51,9,9
24674,92,79,13,13
24675,105,94,11,11
24676,92,80,12,12
24677,85,75,10,10
24678,187,147,40,40
24679,108,108,0,0
24680,64,55,9,9
24681,99,85,14,14
24682,92,82,10,10
24683,111,100,11,11
24684,83,68,15,15
24685,92,79,13,13
24686,68,55,13,13
24687,158,126,32,32
24688,54,52,2,2
24689,86,69,17,17
24690,94,83,11,11
24691,102,93,9,9
24692,55,54,1,1
24693,52,55,-3,3
24694,69,71,-2,2
24695,97,86,11,11
24696,59,61,-2,2
24697,86,77,9,9
24698,104,91,13,13
24699,119,115,4,4
24700,124,98,26,26
24701,99,91,8,8
24702,94,82,12,12
24703,129,116,13,13
24704,134,104,30,30
24705,58,65,-7,7
24706,131,107,24,24
24707,100,83,17,17
24708,97,78,19,19
24709,75,62,13,13
24710,133,117,16,16
24711,87,78,9,9
24712,76,69,7,7
24713,55,51,4,4
24714,167,147,20,20
24715,108,102,6,6
24716,64,60,4,4
24717,56,60,-4,4
24718,49,60,-11,11
24719,55,46,9,9
24720,80,95,-15,15
24721,55,52,3,3
24722,169,141,28,28
24723,156,131,25,25
24724,102,84,18,18
24725,94,82,12,12
24726,92,81,11,11
24727,116,115,1,1
24728,120,111,9,9
24729,107,94,13,13
24730,113,103,10,10
24731,75,70,5,5
24732,67,57,10,10
24733,98,79,19,19
24734,193,155,38,38
24735,165,143,22,22
24736,92,74,18,18
24737,53,51,2,2
24738,82,93,-11,11
24739,113,108,5,5
24740,89,86,3,3
24741,93,78,15,15
24742,94,81,13,13
24743,87,75,12,12
24744,145,116,29,29
24745,142,119,23,23
24746,115,98,17,17
24747,82,80,2,2
24748,87,86,1,1
24749,74,67,7,7
24750,61,65,-4,4
24751,125,111,14,14
24752,74,65,9,9
24753,129,110,19,19
24754,88,74,14,14
24755,93,88,5,5
24756,83,75,8,8
24757,123,101,22,22
24758,103,88,15,15
24759,136,123,13,13
24760,88,80,8,8
24761,94,81,13,13
24762,71,69,2,2
24763,80,77,3,3
24764,73,70,3,3
24765,90,74,16,16
24766,81,72,9,9
24767,85,84,1,1
24768,48,51,-3,3
24769,122,118,4,4
24770,120,103,17,17
24771,100,93,7,7
24772,123,101,22,22
24773,154,118,36,36
24774,49,56,-7,7
24775,110,87,23,23
24776,90,86,4,4
24777,103,89,14,14
24778,69,68,1,1
24779,113,93,20,20
24780,102,89,13,13
24781,80,100,-20,20
24782,45,45,0,0
24783,154,130,24,24
24784,116,95,21,21
24785,125,107,18,18
24786,182,142,40,40
24787,68,58,10,10
24788,82,64,18,18
24789,78,72,6,6
24790,60,66,-6,6
24791,119,99,20,20
24792,76,68,8,8
24793,102,92,10,10
24794,94,110,-16,16
24795,76,74,2,2
24796,52,47,5,5
24797,82,64,18,18
24798,117,109,8,8
24799,110,93,17,17
24800,165,134,31,31
24801,79,64,15,15
24802,132,113,19,19
24803,118,108,10,10
24804,95,80,15,15
24805,74,68,6,6
24806,52,63,-11,11
24807,104,98,6,6
24808,103,113,-10,10
24809,119,104,15,15
24810,99,89,10,10
24811,141,118,23,23
24812,62,54,8,8
24813,95,86,9,9
24814,115,101,14,14
24815,97,97,0,0
24816,46,55,-9,9
24817,122,113,9,9
24818,121,108,13,13
24819,102,97,5,5
24820,148,123,25,25
24821,71,62,9,9
24822,114,93,21,21
24823,126,109,17,17
24824,84,73,11,11
24825,83,72,11,11
24826,101,78,23,23
24827,98,88,10,10
24828,121,101,20,20
24829,84,84,0,0
24830,56,59,-3,3
24831,90,70,20,20
24832,85,74,11,11
24833,87,76,11,11
24834,113,101,12,12
24835,140,120,20,20
24836,116,102,14,14
24837,120,114,6,6
24838,82,71,11,11
24839,150,125,25,25
24840,89,78,11,11
24841,72,62,10,10
24842,106,98,8,8
24843,66,66,0,0
24844,67,63,4,4
24845,78,68,10,10
24846,118,100,18,18
24847,83,86,-3,3
24848,133,127,6,6
24849,127,108,19,19
24850,178,146,32,32
24851,70,64,6,6
24852,50,47,3,3
24853,121,99,22,22
24854,127,108,19,19
24855,62,50,12,12
24856,74,67,7,7
24857,79,71,8,8
24858,95,82,13,13
24859,103,96,7,7
24860,113,91,22,22
24861,58,67,-9,9
24862,162,113,49,49
24863,43,40,3,3
24864,73,62,11,11
24865,60,55,5,5
24866,134,110,24,24
24867,66,63,3,3
24868,42,57,-15,15
24869,89,77,12,12
24870,82,65,17,17
24871,133,112,21,21
24872,28,31,-3,3
24873,120,98,22,22
24874,60,54,6,6
24875,59,61,-2,2
24876,54,51,3,3
24877,81,79,2,2
24878,102,89,13,13
24879,47,47,0,0
24880,90,71,19,19
24881,123,98,25,25
24882,83,73,10,10
24883,92,97,-5,5
24884,105,91,14,14
24885,108,84,24,24
24886,114,111,3,3
24887,57,57,0,0
24888,67,60,7,7
24889,85,83,2,2
24890,68,64,4,4
24891,55,49,6,6
24892,93,79,14,14
24893,61,58,3,3
24894,61,56,5,5
24895,87,78,9,9
24896,85,76,9,9
24897,88,81,7,7
24898,57,51,6,6
24899,65,61,4,4
24900,58,57,1,1
24901,118,101,17,17
24902,94,88,6,6
24903,164,144,20,20
24904,74,68,6,6
24905,106,137,-31,31
24906,97,100,-3,3
24907,117,103,14,14
24908,123,116,7,7
24909,72,74,-2,2
24910,73,64,9,9
24911,105,134,-29,29
24912,53,53,0,0
24913,63,61,2,2
24914,85,75,10,10
24915,136,127,9,9
24916,113,93,20,20
24917,92,93,-1,1
24918,97,90,7,7
24919,95,94,1,1
24920,106,93,13,13
24921,167,143,24,24
24922,121,114,7,7
24923,42,43,-1,1
24924,80,77,3,3
24925,48,55,-7,7
24926,116,101,15,15
24927,117,103,14,14
24928,67,60,7,7
24929,69,63,6,6
24930,114,96,18,18
24931,134,107,27,27
24932,91,79,12,12
24933,88,75,13,13
24934,130,115,15,15
24935,187,159,28,28
24936,99,93,6,6
24937,95,94,1,1
24938,151,131,20,20
24939,97,89,8,8
24940,66,60,6,6
24941,39,39,0,0
24942,114,104,10,10
24943,124,100,24,24
24944,109,99,10,10
24945,92,97,-5,5
24946,50,50,0,0
24947,139,117,22,22
24948,116,103,13,13
24949,79,69,10,10
24950,69,77,-8,8
24951,95,90,5,5
24952,112,101,11,11
24953,57,61,-4,4
24954,57,55,2,2
24955,112,107,5,5
24956,77,73,4,4
24957,79,77,2,2
24958,115,99,16,16
24959,52,55,-3,3
24960,121,95,26,26
24961,93,85,8,8
24962,51,47,4,4
24963,71,66,5,5
24964,126,114,12,12
24965,149,121,28,28
24966,91,99,-8,8
24967,142,126,16,16
24968,55,59,-4,4
24969,110,98,12,12
24970,197,176,21,21
24971,85,73,12,12
24972,115,100,15,15
24973,111,93,18,18
24974,136,111,25,25
24975,57,55,2,2
24976,100,80,20,20
24977,121,95,26,26
24978,105,88,17,17
24979,145,132,13,13
24980,93,80,13,13
24981,104,95,9,9
24982,104,85,19,19
24983,89,76,13,13
24984,82,73,9,9
24985,137,110,27,27
24986,112,92,20,20
24987,99,82,17,17
24988,94,87,7,7
24989,140,117,23,23
24990,75,74,1,1
24991,114,104,10,10
24992,71,65,6,6
24993,155,120,35,35
24994,71,65,6,6
24995,61,54,7,7
24996,84,85,-1,1
24997,75,67,8,8
24998,128,128,0,0
24999,247,215,32,32
25000,101,96,5,5
25001,113,91,22,22
25002,116,104,12,12
25003,112,97,15,15
25004,83,77,6,6
25005,52,50,2,2
25006,73,58,15,15
25007,43,49,-6,6
25008,96,93,3,3
25009,49,56,-7,7
25010,57,60,-3,3
25011,104,115,-11,11
25012,86,83,3,3
25013,66,63,3,3
25014,69,73,-4,4
25015,92,89,3,3
25016,120,109,11,11
25017,124,114,10,10
25018,109,96,13,13
25019,90,91,-1,1
25020,88,80,8,8
25021,60,56,4,4
25022,100,92,8,8
25023,171,179,-8,8
25024,55,53,2,2
25025,143,124,19,19
25026,104,91,13,13
25027,120,109,11,11
25028,132,113,19,19
25029,142,128,14,14
25030,68,62,6,6
25031,74,65,9,9
25032,107,101,6,6
25033,82,70,12,12
25034,48,46,2,2
25035,83,72,11,11
25036,66,61,5,5
25037,90,82,8,8
25038,114,105,9,9
25039,123,96,27,27
25040,140,114,26,26
25041,71,65,6,6
25042,112,91,21,21
25043,175,159,16,16
25044,148,117,31,31
25045,87,73,14,14
25046,156,138,18,18
25047,44,41,3,3
25048,105,92,13,13
25049,120,109,11,11
25050,65,60,5,5
25051,120,109,11,11
25052,69,61,8,8
25053,91,88,3,3
25054,135,110,25,25
25055,133,117,16,16
25056,81,76,5,5
25057,74,61,13,13
25058,144,127,17,17
25059,146,131,15,15
25060,95,76,19,19
25061,223,169,54,54
25062,126,97,29,29
25063,49,46,3,3
25064,102,92,10,10
25065,116,100,16,16
25066,60,56,4,4
25067,154,133,21,21
25068,134,103,31,31
25069,100,88,12,12
25070,76,64,12,12
25071,74,64,10,10
25072,77,63,14,14
25073,88,79,9,9
25074,76,74,2,2
25075,81,72,9,9
25076,165,138,27,27
25077,108,98,10,10
25078,53,23,30,30
25079,59,58,1,1
25080,85,94,-9,9
25081,98,85,13,13
25082,58,53,5,5
25083,105,92,13,13
25084,148,129,19,19
25085,159,126,33,33
25086,163,145,18,18
25087,102,87,15,15
25088,71,72,-1,1
25089,156,128,28,28
25090,97,83,14,14
25091,97,79,18,18
25092,72,64,8,8
25093,83,99,-16,16
25094,81,64,17,17
25095,103,88,15,15
25096,95,86,9,9
25097,82,84,-2,2
25098,121,104,17,17
25099,78,74,4,4
25100,98,83,15,15
25101,145,129,16,16
25102,122,107,15,15
25103,123,107,16,16
25104,76,69,7,7
25105,195,156,39,39
25106,48,40,8,8
25107,59,67,-8,8
25108,73,66,7,7
25109,73,68,5,5
25110,63,54,9,9
25111,178,138,40,40
25112,69,62,7,7
25113,96,86,10,10
25114,67,60,7,7
25115,46,43,3,3
25116,88,81,7,7
25117,47,50,-3,3
25118,45,43,2,2
25119,47,40,7,7
25120,123,107,16,16
25121,124,106,18,18
25122,167,138,29,29
25123,136,115,21,21
25124,72,69,3,3
25125,109,99,10,10
25126,74,68,6,6
25127,80,68,12,12
25128,126,108,18,18
25129,119,100,19,19
25130,60,58,2,2
25131,98,88,10,10
25132,128,103,25,25
25133,96,79,17,17
25134,109,97,12,12
25135,135,114,21,21
25136,86,71,15,15
25137,125,107,18,18
25138,71,71,0,0
25139,137,116,21,21
25140,86,82,4,4
25141,150,138,12,12
25142,83,82,1,1
25143,57,51,6,6
25144,87,78,9,9
25145,58,66,-8,8
25146,74,75,-1,1
25147,168,132,36,36
25148,145,119,26,26
25149,65,59,6,6
25150,76,71,5,5
25151,114,101,13,13
25152,151,137,14,14
25153,146,146,0,0
25154,65,65,0,0
25155,77,81,-4,4
25156,165,131,34,34
25157,89,97,-8,8
25158,107,92,15,15
25159,96,103,-7,7
25160,115,104,11,11
25161,74,63,11,11
25162,160,136,24,24
25163,82,76,6,6
25164,80,68,12,12
25165,94,90,4,4
25166,97,87,10,10
25167,48,61,-13,13
25168,79,63,16,16
25169,16,30,-14,14
25170,100,90,10,10
25171,51,69,-18,18
25172,86,75,11,11
25173,108,103,5,5
25174,46,42,4,4
25175,55,54,1,1
25176,112,108,4,4
25177,84,74,10,10
25178,100,90,10,10
25179,150,120,30,30
25180,138,119,19,19
25181,92,81,11,11
25182,66,62,4,4
25183,103,91,12,12
25184,96,85,11,11
25185,148,134,14,14
25186,81,73,8,8
25187,45,56,-11,11
25188,126,107,19,19
25189,168,144,24,24
25190,76,72,4,4
25191,134,124,10,10
25192,83,76,7,7
25193,118,100,18,18
25194,117,97,20,20
25195,100,97,3,3
25196,96,89,7,7
25197,122,101,21,21
25198,76,75,1,1
25199,96,97,-1,1
25200,103,87,16,16
25201,70,67,3,3
25202,209,164,45,45
25203,75,68,7,7
25204,54,64,-10,10
25205,111,101,10,10
25206,70,62,8,8
25207,100,94,6,6
25208,108,89,19,19
25209,56,59,-3,3
25210,172,160,12,12
25211,67,62,5,5
25212,118,92,26,26
25213,47,51,-4,4
25214,69,63,6,6
25215,85,83,2,2
25216,63,55,8,8
25217,267,208,59,59
25218,101,88,13,13
25219,126,105,21,21
25220,99,90,9,9
25221,124,117,7,7
25222,145,114,31,31
25223,83,72,11,11
25224,96,78,18,18
25225,149,153,-4,4
25226,65,60,5,5
25227,83,70,13,13
25228,51,49,2,2
25229,73,77,-4,4
25230,164,130,34,34
25231,76,73,3,3
25232,86,78,8,8
25233,128,101,27,27
25234,126,99,27,27
25235,75,63,12,12
25236,85,77,8,8
25237,59,50,9,9
25238,80,68,12,12
25239,115,97,18,18
25240,96,82,14,14
25241,57,56,1,1
25242,78,68,10,10
25243,92,73,19,19
25244,114,100,14,14
25245,97,80,17,17
25246,67,65,2,2
25247,68,88,-20,20
25248,88,79,9,9
25249,58,55,3,3
25250,86,83,3,3
25251,81,72,9,9
25252,80,75,5,5
25253,107,102,5,5
25254,65,59,6,6
25255,77,66,11,11
25256,30,44,-14,14
25257,81,73,8,8
25258,91,88,3,3
25259,62,64,-2,2
25260,78,79,-1,1
25261,103,85,18,18
25262,113,96,17,17
25263,121,103,18,18
25264,75,65,10,10
25265,113,101,12,12
25266,52,54,-2,2
25267,93,90,3,3
25268,51,58,-7,7
25269,128,105,23,23
25270,86,68,18,18
25271,107,96,11,11
25272,105,92,13,13
25273,195,168,27,27
25274,64,53,11,11
25275,56,66,-10,10
25276,38,73,-35,35
25277,111,116,-5,5
25278,72,68,4,4
25279,103,93,10,10
25280,93,81,12,12
25281,90,88,2,2
25282,64,67,-3,3
25283,142,117,25,25
25284,96,81,15,15
25285,85,79,6,6
25286,99,89,10,10
25287,52,48,4,4
25288,117,121,-4,4
25289,76,70,6,6
25290,80,90,-10,10
25291,99,85,14,14
25292,103,88,15,15
25293,60,61,-1,1
25294,96,88,8,8
25295,112,100,12,12
25296,77,64,13,13
25297,126,101,25,25
25298,125,110,15,15
25299,132,120,12,12
25300,79,77,2,2
25301,106,92,14,14
25302,35,40,-5,5
25303,85,67,18,18
25304,63,52,11,11
25305,65,67,-2,2
25306,23,51,-28,28
25307,73,68,5,5
25308,103,98,5,5
25309,79,69,10,10
25310,81,77,4,4
25311,54,47,7,7
25312,77,70,7,7
25313,90,80,10,10
25314,92,84,8,8
25315,54,52,2,2
25316,101,94,7,7
25317,102,82,20,20
25318,77,76,1,1
25319,113,115,-2,2
25320,166,134,32,32
25321,74,70,4,4
25322,116,104,12,12
25323,127,119,8,8
25324,89,76,13,13
25325,101,90,11,11
25326,103,97,6,6
25327,127,110,17,17
25328,83,69,14,14
25329,123,111,12,12
25330,118,106,12,12
25331,160,139,21,21
25332,79,73,6,6
25333,76,63,13,13
25334,51,44,7,7
25335,110,104,6,6
25336,112,114,-2,2
25337,73,63,10,10
25338,90,76,14,14
25339,87,79,8,8
25340,97,88,9,9
25341,51,50,1,1
25342,175,152,23,23
25343,51,50,1,1
25344,96,85,11,11
25345,96,74,22,22
25346,87,82,5,5
25347,98,90,8,8
25348,195,156,39,39
25349,74,63,11,11
25350,111,90,21,21
25351,62,55,7,7
25352,62,57,5,5
25353,50,48,2,2
25354,77,68,9,9
25355,68,55,13,13
25356,72,70,2,2
25357,82,69,13,13
25358,69,65,4,4
25359,133,120,13,13
25360,57,55,2,2
25361,87,91,-4,4
25362,86,71,15,15
25363,53,77,-24,24
25364,111,122,-11,11
25365,85,83,2,2
25366,68,65,3,3
25367,82,81,1,1
25368,125,100,25,25
25369,127,104,23,23
25370,46,76,-30,30
25371,125,111,14,14
25372,133,106,27,27
25373,84,82,2,2
25374,70,63,7,7
25375,130,102,28,28
25376,86,79,7,7
25377,161,137,24,24
25378,100,113,-13,13
25379,107,97,10,10
25380,89,84,5,5
25381,62,46,16,16
25382,75,69,6,6
25383,82,76,6,6
25384,104,98,6,6
25385,83,87,-4,4
25386,109,92,17,17
25387,57,47,10,10
25388,125,110,15,15
25389,87,74,13,13
25390,201,151,50,50
25391,75,69,6,6
25392,80,73,7,7
25393,143,141,2,2
25394,120,106,14,14
25395,146,126,20,20
25396,70,61,9,9
25397,93,80,13,13
25398,110,101,9,9
25399,43,46,-3,3
25400,97,82,15,15
25401,70,57,13,13
25402,85,76,9,9
25403,91,89,2,2
25404,85,80,5,5
25405,120,98,22,22
25406,70,66,4,4
25407,61,62,-1,1
25408,67,61,6,6
25409,156,130,26,26
25410,45,37,8,8
25411,121,113,8,8
25412,93,95,-2,2
25413,111,104,7,7
25414,72,70,2,2
25415,44,48,-4,4
25416,140,131,9,9
25417,52,56,-4,4
25418,70,64,6,6
25419,117,102,15,15
25420,60,53,7,7
25421,73,78,-5,5
25422,107,91,16,16
25423,90,78,12,12
25424,59,61,-2,2
25425,102,93,9,9
25426,73,67,6,6
25427,86,80,6,6
25428,58,55,3,3
25429,66,60,6,6
25430,62,92,-30,30
25431,130,112,18,18
25432,121,96,25,25
25433,114,96,18,18
25434,128,113,15,15
25435,106,95,11,11
25436,94,80,14,14
25437,139,124,15,15
25438,57,50,7,7
25439,62,69,-7,7
25440,59,57,2,2
25441,134,111,23,23
25442,88,77,11,11
25443,67,64,3,3
25444,91,84,7,7
25445,79,66,13,13
25446,99,87,12,12
25447,135,131,4,4
25448,118,105,13,13
25449,97,86,11,11
25450,96,78,18,18
25451,81,73,8,8
25452,93,88,5,5
25453,108,98,10,10
25454,69,61,8,8
25455,106,100,6,6
25456,80,77,3,3
25457,108,95,13,13
25458,95,78,17,17
25459,41,39,2,2
25460,97,86,11,11
25461,161,123,38,38
25462,96,85,11,11
25463,86,84,2,2
25464,123,101,22,22
25465,84,68,16,16
25466,81,77,4,4
25467,99,89,10,10
25468,108,89,19,19
25469,57,59,-2,2
25470,82,83,-1,1
25471,117,130,-13,13
25472,78,79,-1,1
25473,206,174,32,32
25474,70,64,6,6
25475,66,64,2,2
25476,132,107,25,25
25477,73,63,10,10
25478,53,57,-4,4
25479,47,51,-4,4
25480,73,72,1,1
25481,72,67,5,5
25482,96,82,14,14
25483,182,155,27,27
25484,80,68,12,12
25485,98,82,16,16
25486,103,94,9,9
25487,182,159,23,23
25488,136,125,11,11
25489,101,83,18,18
25490,81,70,11,11
25491,161,133,28,28
25492,83,82,1,1
25493,57,62,-5,5
25494,119,93,26,26
25495,103,86,17,17
25496,143,112,31,31
25497,61,94,-33,33
25498,117,105,12,12
25499,113,101,12,12
25500,94,88,6,6
25501,70,65,5,5
25502,116,109,7,7
25503,102,82,20,20
25504,154,136,18,18
25505,91,76,15,15
25506,105,103,2,2
25507,114,106,8,8
25508,160,146,14,14
25509,94,85,9,9
25510,151,123,28,28
25511,170,142,28,28
25512,76,63,13,13
25513,74,64,10,10
25514,101,94,7,7
25515,62,55,7,7
25516,84,75,9,9
25517,109,101,8,8
25518,106,88,18,18
25519,119,101,18,18
25520,89,84,5,5
25521,53,48,5,5
25522,37,36,1,1
25523,97,88,9,9
25524,91,78,13,13
25525,94,79,15,15
25526,111,86,25,25
25527,203,178,25,25
25528,71,60,11,11
25529,63,62,1,1
25530,55,56,-1,1
25531,87,73,14,14
25532,125,124,1,1
25533,101,95,6,6
25534,98,77,21,21
25535,116,108,8,8
25536,79,75,4,4
25537,206,169,37,37
25538,102,91,11,11
25539,153,129,24,24
25540,86,83,3,3
25541,60,56,4,4
25542,95,95,0,0
25543,156,132,24,24
25544,90,75,15,15
25545,131,108,23,23
25546,107,89,18,18
25547,56,57,-1,1
25548,96,86,10,10
25549,67,72,-5,5
25550,66,63,3,3
25551,116,101,15,15
25552,97,91,6,6
25553,132,116,16,16
25554,87,83,4,4
25555,94,89,5,5
25556,50,49,1,1
25557,104,84,20,20
25558,179,164,15,15
25559,121,92,29,29
25560,54,54,0,0
25561,86,70,16,16
25562,29,34,-5,5
25563,109,95,14,14
25564,81,84,-3,3
25565,75,76,-1,1
25566,179,142,37,37
25567,59,49,10,10
25568,122,102,20,20
25569,209,167,42,42
25570,53,51,2,2
25571,79,65,14,14
25572,97,85,12,12
25573,99,93,6,6
25574,50,47,3,3
25575,81,78,3,3
25576,77,66,11,11
25577,179,146,33,33
25578,100,94,6,6
25579,57,59,-2,2
25580,88,81,7,7
25581,47,45,2,2
25582,92,85,7,7
25583,94,79,15,15
25584,49,67,-18,18
25585,155,120,35,35
25586,93,88,5,5
25587,160,126,34,34
25588,34,39,-5,5
25589,109,90,19,19
25590,112,101,11,11
25591,65,57,8,8
25592,76,65,11,11
25593,82,83,-1,1
25594,97,74,23,23
25595,72,68,4,4
25596,95,91,4,4
25597,59,58,1,1
25598,52,50,2,2
25599,81,70,11,11
25600,87,73,14,14
25601,129,110,19,19
25602,57,62,-5,5
25603,54,53,1,1
25604,122,94,28,28
25605,90,81,9,9
25606,136,115,21,21
25607,55,53,2,2
25608,69,70,-1,1
25609,118,101,17,17
25610,103,90,13,13
25611,70,63,7,7
25612,43,45,-2,2
25613,66,63,3,3
25614,140,128,12,12
25615,89,88,1,1
25616,147,110,37,37
25617,112,101,11,11
25618,78,63,15,15
25619,40,41,-1,1
25620,55,54,1,1
25621,77,71,6,6
25622,80,87,-7,7
25623,71,67,4,4
25624,82,74,8,8
25625,82,77,5,5
25626,93,92,1,1
25627,68,63,5,5
25628,96,79,17,17
25629,116,99,17,17
25630,53,56,-3,3
25631,87,73,14,14
25632,116,104,12,12
25633,102,86,16,16
25634,89,75,14,14
25635,121,104,17,17
25636,92,79,13,13
25637,29,52,-23,23
25638,98,79,19,19
25639,70,59,11,11
25640,127,104,23,23
25641,208,171,37,37
25642,85,70,15,15
25643,84,80,4,4
25644,92,86,6,6
25645,118,115,3,3
25646,66,65,1,1
25647,79,73,6,6
25648,167,133,34,34
25649,174,152,22,22
25650,92,81,11,11
25651,90,88,2,2
25652,103,86,17,17
25653,85,75,10,10
25654,43,42,1,1
25655,144,126,18,18
25656,66,60,6,6
25657,33,51,-18,18
25658,50,55,-5,5
25659,68,61,7,7
25660,152,142,10,10
25661,102,86,16,16
25662,45,41,4,4
25663,67,58,9,9
25664,59,58,1,1
25665,92,89,3,3
25666,138,123,15,15
25667,152,130,22,22
25668,79,69,10,10
25669,122,112,10,10
25670,122,107,15,15
25671,59,61,-2,2
25672,164,129,35,35
25673,93,130,-37,37
25674,86,83,3,3
25675,133,112,21,21
25676,95,95,0,0
25677,86,84,2,2
25678,76,65,11,11
25679,152,129,23,23
25680,99,77,22,22
25681,62,54,8,8
25682,92,88,4,4
25683,105,86,19,19
25684,95,79,16,16
25685,103,77,26,26
25686,64,62,2,2
25687,113,113,0,0
25688,139,125,14,14
25689,116,95,21,21
25690,109,118,-9,9
25691,110,98,12,12
25692,102,90,12,12
25693,108,103,5,5
25694,83,68,15,15
25695,151,129,22,22
25696,84,81,3,3
25697,109,87,22,22
25698,136,114,22,22
25699,109,94,15,15
25700,136,102,34,34
25701,109,93,16,16
25702,68,66,2,2
25703,76,64,12,12
25704,81,74,7,7
25705,102,90,12,12
25706,139,122,17,17
25707,86,80,6,6
25708,105,89,16,16
25709,58,59,-1,1
25710,35,42,-7,7
25711,49,53,-4,4
25712,82,71,11,11
25713,70,68,2,2
25714,79,72,7,7
25715,66,58,8,8
25716,122,102,20,20
25717,77,67,10,10
25718,120,102,18,18
25719,155,126,29,29
25720,123,112,11,11
25721,74,75,-1,1
25722,88,80,8,8
25723,143,122,21,21
25724,88,71,17,17
25725,57,56,1,1
25726,130,113,17,17
25727,81,80,1,1
25728,83,80,3,3
25729,173,130,43,43
25730,66,60,6,6
25731,91,82,9,9
25732,70,64,6,6
25733,73,57,16,16
25734,72,73,-1,1
25735,73,65,8,8
25736,109,108,1,1
25737,106,60,46,46
25738,72,63,9,9
25739,80,78,2,2
25740,188,155,33,33
25741,112,100,12,12
25742,116,102,14,14
25743,115,94,21,21
25744,97,87,10,10
25745,171,144,27,27
25746,96,91,5,5
25747,97,82,15,15
25748,60,59,1,1
25749,119,95,24,24
25750,144,121,23,23
25751,64,57,7,7
25752,55,54,1,1
25753,92,83,9,9
25754,92,78,14,14
25755,133,123,10,10
25756,62,59,3,3
25757,143,126,17,17
25758,92,88,4,4
25759,95,100,-5,5
25760,43,42,1,1
25761,110,93,17,17
25762,94,76,18,18
25763,68,63,5,5
25764,81,73,8,8
25765,150,117,33,33
25766,129,112,17,17
25767,133,108,25,25
25768,105,89,16,16
25769,66,75,-9,9
25770,91,85,6,6
25771,90,70,20,20
25772,117,89,28,28
25773,140,118,22,22
25774,165,145,20,20
25775,95,87,8,8
25776,85,70,15,15
25777,158,131,27,27
25778,138,131,7,7
25779,96,87,9,9
25780,122,106,16,16
25781,65,55,10,10
25782,63,59,4,4
25783,111,100,11,11
25784,80,87,-7,7
25785,79,73,6,6
25786,100,80,20,20
25787,81,79,2,2
25788,92,79,13,13
25789,75,81,-6,6
25790,82,76,6,6
25791,79,79,0,0
25792,57,64,-7,7
25793,148,112,36,36
25794,79,74,5,5
25795,122,106,16,16
25796,82,77,5,5
25797,61,59,2,2
25798,38,43,-5,5
25799,94,94,0,0
25800,101,77,24,24
25801,89,75,14,14
25802,68,58,10,10
25803,47,49,-2,2
25804,90,77,13,13
25805,60,56,4,4
25806,114,96,18,18
25807,80,80,0,0
25808,127,103,24,24
25809,102,96,6,6
25810,69,59,10,10
25811,53,61,-8,8
25812,59,59,0,0
25813,95,88,7,7
25814,64,59,5,5
25815,144,130,14,14
25816,71,52,19,19
25817,100,92,8,8
25818,116,103,13,13
25819,104,90,14,14
25820,177,163,14,14
25821,108,97,11,11
25822,132,110,22,22
25823,118,97,21,21
25824,135,131,4,4
25825,115,99,16,16
25826,73,66,7,7
25827,133,109,24,24
25828,95,82,13,13
25829,80,74,6,6
25830,48,69,-21,21
25831,158,135,23,23
25832,73,71,2,2
25833,94,79,15,15
25834,74,90,-16,16
25835,154,141,13,13
25836,127,116,11,11
25837,73,65,8,8
25838,89,76,13,13
25839,61,63,-2,2
25840,87,75,12,12
25841,65,75,-10,10
25842,81,77,4,4
25843,99,88,11,11
25844,83,78,5,5
25845,90,85,5,5
25846,82,74,8,8
25847,115,95,20,20
25848,137,123,14,14
25849,78,72,6,6
25850,94,76,18,18
25851,101,91,10,10
25852,96,84,12,12
25853,77,67,10,10
25854,112,94,18,18
25855,138,122,16,16
25856,98,84,14,14
25857,91,87,4,4
25858,143,117,26,26
25859,153,132,21,21
25860,40,46,-6,6
25861,69,61,8,8
25862,67,63,4,4
25863,43,47,-4,4
25864,104,96,8,8
25865,117,95,22,22
25866,84,71,13,13
25867,84,83,1,1
25868,74,64,10,10
25869,75,66,9,9
25870,147,134,13,13
25871,94,89,5,5
25872,92,80,12,12
25873,71,68,3,3
25874,84,72,12,12
25875,78,90,-12,12
25876,83,72,11,11
25877,84,83,1,1
25878,42,53,-11,11
25879,149,130,19,19
25880,95,88,7,7
25881,132,107,25,25
25882,83,76,7,7
25883,131,120,11,11
25884,62,64,-2,2
25885,87,82,5,5
25886,91,79,12,12
25887,155,152,3,3
25888,73,73,0,0
25889,98,90,8,8
25890,72,63,9,9
25891,75,76,-1,1
25892,147,127,20,20
25893,54,56,-2,2
25894,128,106,22,22
25895,98,87,11,11
25896,111,98,13,13
25897,81,75,6,6
25898,87,73,14,14
25899,28,57,-29,29
25900,123,108,15,15
25901,82,71,11,11
25902,82,67,15,15
25903,113,95,18,18
25904,121,117,4,4
25905,124,106,18,18
25906,85,72,13,13
25907,82,77,5,5
25908,107,98,9,9
25909,113,99,14,14
25910,74,76,-2,2
25911,97,80,17,17
25912,56,58,-2,2
25913,89,79,10,10
25914,132,112,20,20
25915,134,118,16,16
25916,93,86,7,7
25917,128,126,2,2
25918,121,110,11,11
25919,132,125,7,7
25920,114,103,11,11
25921,93,80,13,13
25922,132,122,10,10
25923,139,109,30,30
25924,59,56,3,3
25925,185,146,39,39
25926,47,53,-6,6
25927,68,60,8,8
25928,122,114,8,8
25929,130,123,7,7
25930,98,87,11,11
25931,42,40,2,2
25932,125,108,17,17
25933,56,56,0,0
25934,129,114,15,15
25935,60,73,-13,13
25936,51,50,1,1
25937,78,72,6,6
25938,62,65,-3,3
25939,80,84,-4,4
25940,39,46,-7,7
25941,120,106,14,14
25942,100,84,16,16
25943,112,111,1,1
25944,85,73,12,12
25945,118,101,17,17
25946,124,117,7,7
25947,56,54,2,2
25948,97,90,7,7
25949,83,90,-7,7
25950,91,85,6,6
25951,68,63,5,5
25952,108,101,7,7
25953,87,80,7,7
25954,57,57,0,0
25955,70,58,12,12
25956,87,79,8,8
25957,111,91,20,20
25958,79,75,4,4
25959,117,93,24,24
25960,95,88,7,7
25961,139,117,22,22
25962,52,44,8,8
25963,47,98,-51,51
25964,104,92,12,12
25965,89,74,15,15
25966,86,82,4,4
25967,90,76,14,14
25968,113,98,15,15
25969,89,80,9,9
25970,94,88,6,6
25971,134,116,18,18
25972,63,53,10,10
25973,102,88,14,14
25974,146,119,27,27
25975,140,121,19,19
25976,73,69,4,4
25977,127,110,17,17
25978,47,51,-4,4
25979,90,96,-6,6
25980,77,70,7,7
25981,136,113,23,23
25982,121,107,14,14
25983,82,67,15,15
25984,114,111,3,3
25985,114,96,18,18
25986,80,72,8,8
25987,82,72,10,10
25988,79,71,8,8
25989,107,102,5,5
25990,113,88,25,25
25991,114,99,15,15
25992,52,53,-1,1
25993,67,62,5,5
25994,74,71,3,3
25995,113,102,11,11
25996,77,66,11,11
25997,125,119,6,6
25998,60,54,6,6
25999,78,68,10,10
26000,94,86,8,8
26001,102,87,15,15
26002,115,94,21,21
26003,114,98,16,16
26004,115,104,11,11
26005,109,95,14,14
26006,107,102,5,5
26007,80,71,9,9
26008,111,95,16,16
26009,36,53,-17,17
26010,78,68,10,10
26011,87,75,12,12
26012,74,65,9,9
26013,70,71,-1,1
26014,64,59,5,5
26015,51,46,5,5
26016,97,90,7,7
26017,106,92,14,14
26018,150,134,16,16
26019,105,89,16,16
26020,80,74,6,6
26021,81,74,7,7
26022,78,74,4,4
26023,103,98,5,5
26024,68,64,4,4
26025,69,64,5,5
26026,100,103,-3,3
26027,100,77,23,23
26028,171,146,25,25
26029,102,91,11,11
26030,98,82,16,16
26031,81,79,2,2
26032,86,74,12,12
26033,47,49,-2,2
26034,83,84,-1,1
26035,139,125,14,14
26036,71,66,5,5
26037,142,123,19,19
26038,65,56,9,9
26039,68,62,6,6
26040,63,58,5,5
26041,105,84,21,21
26042,53,57,-4,4
26043,126,113,13,13
26044,137,126,11,11
26045,64,57,7,7
26046,126,126,0,0
26047,117,98,19,19
26048,65,87,-22,22
26049,133,123,10,10
26050,64,55,9,9
26051,96,81,15,15
26052,92,83,9,9
26053,99,92,7,7
26054,148,131,17,17
26055,54,52,2,2
26056,99,76,23,23
26057,89,94,-5,5
26058,63,54,9,9
26059,90,79,11,11
26060,71,71,0,0
26061,82,65,17,17
26062,89,77,12,12
26063,58,56,2,2
26064,88,88,0,0
26065,91,84,7,7
26066,29,31,-2,2
26067,63,61,2,2
26068,73,66,7,7
26069,68,56,12,12
26070,76,81,-5,5
26071,73,58,15,15
26072,152,121,31,31
26073,113,88,25,25
26074,57,48,9,9
26075,81,71,10,10
26076,102,99,3,3
26077,87,98,-11,11
26078,106,96,10,10
26079,83,79,4,4
26080,164,134,30,30
26081,122,93,29,29
26082,68,68,0,0
26083,79,69,10,10
26084,57,54,3,3
26085,116,109,7,7
26086,57,57,0,0
26087,105,84,21,21
26088,95,85,10,10
26089,164,141,23,23
26090,159,147,12,12
26091,92,76,16,16
26092,100,100,0,0
26093,64,51,13,13
26094,121,142,-21,21
26095,157,131,26,26
26096,116,99,17,17
26097,46,49,-3,3
26098,106,91,15,15
26099,67,67,0,0
26100,83,79,4,4
26101,66,57,9,9
26102,105,105,0,0
26103,166,148,18,18
26104,109,89,20,20
26105,75,67,8,8
26106,86,74,12,12
26107,91,77,14,14
26108,76,65,11,11
26109,149,138,11,11
26110,102,85,17,17
26111,76,71,5,5
26112,64,57,7,7
26113,108,92,16,16
26114,99,86,13,13
26115,104,95,9,9
26116,136,123,13,13
26117,72,80,-8,8
26118,92,73,19,19
26119,70,62,8,8
26120,69,64,5,5
26121,154,129,25,25
26122,129,111,18,18
26123,102,89,13,13
26124,107,93,14,14
26125,107,95,12,12
26126,75,63,12,12
26127,108,93,15,15
26128,96,81,15,15
26129,80,76,4,4
26130,73,68,5,5
26131,129,115,14,14
26132,57,53,4,4
26133,92,82,10,10
26134,70,73,-3,3
26135,61,61,0,0
26136,52,63,-11,11
26137,145,124,21,21
26138,74,71,3,3
26139,75,70,5,5
26140,134,116,18,18
26141,105,98,7,7
26142,108,83,25,25
26143,98,86,12,12
26144,96,78,18,18
26145,135,119,16,16
26146,103,92,11,11
26147,84,75,9,9
26148,132,112,20,20
26149,114,91,23,23
26150,87,72,15,15
26151,55,55,0,0
26152,65,56,9,9
26153,48,48,0,0
26154,64,60,4,4
26155,113,89,24,24
26156,137,114,23,23
26157,124,107,17,17
26158,47,46,1,1
26159,103,88,15,15
26160,136,118,18,18
26161,80,71,9,9
26162,65,78,-13,13
26163,117,97,20,20
26164,113,108,5,5
26165,71,61,10,10
26166,132,123,9,9
26167,102,79,23,23
26168,191,158,33,33
26169,127,105,22,22
26170,102,93,9,9
26171,104,86,18,18
26172,113,98,15,15
26173,74,81,-7,7
26174,143,124,19,19
26175,73,61,12,12
26176,143,123,20,20
26177,120,99,21,21
26178,95,86,9,9
26179,84,77,7,7
26180,146,125,21,21
26181,70,61,9,9
26182,125,97,28,28
26183,79,71,8,8
26184,77,75,2,2
26185,69,61,8,8
26186,100,88,12,12
26187,190,148,42,42
26188,90,85,5,5
26189,67,77,-10,10
26190,179,148,31,31
26191,68,72,-4,4
26192,79,82,-3,3
26193,149,121,28,28
26194,87,65,22,22
26195,58,73,-15,15
26196,176,162,14,14
26197,67,59,8,8
26198,76,70,6,6
26199,127,108,19,19
26200,73,61,12,12
26201,68,63,5,5
26202,70,63,7,7
26203,101,90,11,11
26204,122,116,6,6
26205,95,82,13,13
26206,90,83,7,7
26207,85,88,-3,3
26208,138,115,23,23
26209,115,105,10,10
26210,122,104,18,18
26211,59,53,6,6
26212,51,51,0,0
26213,106,89,17,17
26214,110,101,9,9
26215,111,99,12,12
26216,62,76,-14,14
26217,93,77,16,16
26218,46,45,1,1
26219,107,98,9,9
26220,144,116,28,28
26221,92,74,18,18
26222,92,83,9,9
26223,95,96,-1,1
26224,154,132,22,22
26225,54,50,4,4
26226,102,92,10,10
26227,61,63,-2,2
26228,109,100,9,9
26229,155,117,38,38
26230,83,65,18,18
26231,79,72,7,7
26232,102,91,11,11
26233,133,101,32,32
26234,134,119,15,15
26235,81,71,10,10
26236,151,132,19,19
26237,46,46,0,0
26238,97,86,11,11
26239,62,56,6,6
26240,114,102,12,12
26241,83,78,5,5
26242,114,100,14,14
26243,87,86,1,1
26244,110,87,23,23
26245,232,204,28,28
26246,35,36,-1,1
26247,96,84,12,12
26248,87,86,1,1
26249,52,55,-3,3
26250,89,76,13,13
26251,84,69,15,15
26252,84,76,8,8
26253,151,131,20,20
26254,51,51,0,0
26255,112,91,21,21
26256,189,159,30,30
26257,68,59,9,9
26258,77,66,11,11
26259,62,59,3,3
26260,112,99,13,13
26261,95,83,12,12
26262,81,79,2,2
26263,108,87,21,21
26264,96,83,13,13
26265,58,55,3,3
26266,84,73,11,11
26267,116,94,22,22
26268,97,91,6,6
26269,92,84,8,8
26270,101,99,2,2
26271,56,47,9,9
26272,74,72,2,2
26273,115,95,20,20
26274,74,71,3,3
26275,58,52,6,6
26276,129,114,15,15
26277,91,85,6,6
26278,59,50,9,9
26279,52,48,4,4
26280,73,68,5,5
26281,69,54,15,15
26282,119,89,30,30
26283,126,108,18,18
26284,114,85,29,29
26285,100,96,4,4
26286,86,80,6,6
26287,116,116,0,0
26288,72,63,9,9
26289,61,59,2,2
26290,83,67,16,16
26291,94,85,9,9
26292,90,89,1,1
26293,93,89,4,4
26294,31,35,-4,4
26295,163,138,25,25
26296,99,84,15,15
26297,46,50,-4,4
26298,55,49,6,6
26299,75,71,4,4
26300,72,66,6,6
26301,107,88,19,19
26302,89,85,4,4
26303,66,49,17,17
26304,67,67,0,0
26305,145,125,20,20
26306,151,127,24,24
26307,153,118,35,35
26308,56,46,10,10
26309,97,90,7,7
26310,162,140,22,22
26311,90,81,9,9
26312,106,89,17,17
26313,27,31,-4,4
26314,93,77,16,16
26315,105,94,11,11
26316,123,118,5,5
26317,61,62,-1,1
26318,64,55,9,9
26319,109,98,11,11
26320,153,132,21,21
26321,81,70,11,11
26322,167,135,32,32
26323,100,85,15,15
26324,40,51,-11,11
26325,84,82,2,2
26326,126,110,16,16
26327,69,64,5,5
26328,54,42,12,12
26329,41,41,0,0
26330,86,83,3,3
26331,71,58,13,13
26332,97,86,11,11
26333,131,115,16,16
26334,42,41,1,1
26335,102,88,14,14
26336,83,78,5,5
26337,187,153,34,34
26338,180,155,25,25
26339,73,68,5,5
26340,108,121,-13,13
26341,57,54,3,3
26342,121,104,17,17
26343,88,84,4,4
26344,105,93,12,12
26345,80,79,1,1
26346,86,81,5,5
26347,124,106,18,18
26348,117,97,20,20
26349,112,99,13,13
26350,66,58,8,8
26351,94,93,1,1
26352,107,100,7,7
26353,45,46,-1,1
26354,121,105,16,16
26355,82,76,6,6
26356,69,64,5,5
26357,160,131,29,29
26358,119,97,22,22
26359,58,52,6,6
26360,100,87,13,13
26361,72,65,7,7
26362,67,61,6,6
26363,66,62,4,4
26364,119,102,17,17
26365,138,134,4,4
26366,65,55,10,10
26367,105,99,6,6
26368,36,45,-9,9
26369,69,65,4,4
26370,78,66,12,12
26371,131,106,25,25
26372,109,103,6,6
26373,75,64,11,11
26374,63,54,9,9
26375,53,57,-4,4
26376,105,96,9,9
26377,64,64,0,0
26378,70,68,2,2
26379,26,36,-10,10
26380,181,145,36,36
26381,66,63,3,3
26382,130,123,7,7
26383,122,109,13,13
26384,94,84,10,10
26385,124,114,10,10
26386,70,66,4,4
26387,114,102,12,12
26388,93,78,15,15
26389,106,97,9,9
26390,96,85,11,11
26391,90,92,-2,2
26392,118,107,11,11
26393,63,81,-18,18
26394,79,76,3,3
26395,43,48,-5,5
26396,112,107,5,5
26397,45,49,-4,4
26398,114,110,4,4
26399,107,89,18,18
26400,83,73,10,10
26401,40,43,-3,3
26402,98,90,8,8
26403,115,100,15,15
26404,92,91,1,1
26405,131,117,14,14
26406,106,81,25,25
26407,99,84,15,15
26408,67,61,6,6
26409,171,143,28,28
26410,128,105,23,23
26411,88,74,14,14
26412,56,56,0,0
26413,113,98,15,15
26414,62,52,10,10
26415,81,66,15,15
26416,83,78,5,5
26417,113,94,19,19
26418,100,94,6,6
26419,91,81,10,10
26420,79,77,2,2
26421,156,128,28,28
26422,113,99,14,14
26423,67,73,-6,6
26424,129,107,22,22
26425,89,84,5,5
26426,66,60,6,6
26427,102,95,7,7
26428,131,112,19,19
26429,111,97,14,14
26430,47,43,4,4
26431,37,47,-10,10
26432,92,86,6,6
26433,91,79,12,12
26434,101,89,12,12
26435,43,50,-7,7
26436,78,65,13,13
26437,102,92,10,10
26438,92,82,10,10
26439,96,95,1,1
26440,109,96,13,13
26441,98,91,7,7
26442,131,106,25,25
26443,104,101,3,3
26444,96,115,-19,19
26445,98,86,12,12
26446,66,63,3,3
26447,75,68,7,7
26448,70,65,5,5
26449,49,47,2,2
26450,110,90,20,20
26451,128,99,29,29
26452,50,46,4,4
26453,85,79,6,6
26454,59,52,7,7
26455,41,36,5,5
26456,71,66,5,5
26457,117,98,19,19
26458,91,82,9,9
26459,64,60,4,4
26460,118,106,12,12
26461,43,44,-1,1
26462,134,117,17,17
26463,101,85,16,16
26464,109,93,16,16
26465,114,101,13,13
26466,118,111,7,7
26467,70,71,-1,1
26468,102,90,12,12
26469,157,141,16,16
26470,308,238,70,70
26471,104,104,0,0
26472,106,85,21,21
26473,74,66,8,8
26474,148,124,24,24
26475,106,90,16,16
26476,74,68,6,6
26477,118,104,14,14
26478,114,104,10,10
26479,60,55,5,5
26480,135,109,26,26
26481,60,55,5,5
26482,62,61,1,1
26483,120,111,9,9
26484,150,146,4,4
26485,112,93,19,19
26486,87,77,10,10
26487,100,91,9,9
26488,52,57,-5,5
26489,82,75,7,7
26490,136,130,6,6
26491,65,62,3,3
26492,104,85,19,19
26493,134,118,16,16
26494,104,78,26,26
26495,119,107,12,12
26496,119,101,18,18
26497,60,64,-4,4
26498,155,137,18,18
26499,129,115,14,14
26500,46,48,-2,2
26501,58,56,2,2
26502,73,60,13,13
26503,114,91,23,23
26504,85,83,2,2
26505,77,68,9,9
26506,89,77,12,12
26507,186,154,32,32
26508,74,66,8,8
26509,80,65,15,15
26510,108,98,10,10
26511,112,83,29,29
26512,38,39,-1,1
26513,61,53,8,8
26514,109,91,18,18
26515,46,37,9,9
26516,139,114,25,25
26517,85,81,4,4
26518,97,81,16,16
26519,60,66,-6,6
26520,36,38,-2,2
26521,89,89,0,0
26522,147,126,21,21
26523,94,77,17,17
26524,88,73,15,15
26525,120,99,21,21
26526,75,76,-1,1
26527,95,84,11,11
26528,90,75,15,15
26529,46,48,-2,2
26530,49,52,-3,3
26531,145,122,23,23
26532,93,74,19,19
26533,48,42,6,6
26534,93,84,9,9
26535,76,61,15,15
26536,51,50,1,1
26537,102,87,15,15
26538,86,78,8,8
26539,88,76,12,12
26540,97,93,4,4
26541,139,116,23,23
26542,163,137,26,26
26543,91,91,0,0
26544,139,111,28,28
26545,56,62,-6,6
26546,56,63,-7,7
26547,84,73,11,11
26548,85,79,6,6
26549,55,55,0,0
26550,82,71,11,11
26551,90,83,7,7
26552,102,84,18,18
26553,46,48,-2,2
26554,151,132,19,19
26555,90,76,14,14
26556,78,106,-28,28
26557,70,59,11,11
26558,126,104,22,22
26559,114,107,7,7
26560,135,107,28,28
26561,209,171,38,38
26562,163,137,26,26
26563,62,56,6,6
26564,79,87,-8,8
26565,90,79,11,11
26566,126,104,22,22
26567,161,134,27,27
26568,119,101,18,18
26569,65,72,-7,7
26570,75,98,-23,23
26571,94,79,15,15
26572,57,52,5,5
26573,60,55,5,5
26574,62,55,7,7
26575,61,59,2,2
26576,174,145,29,29
26577,65,61,4,4
26578,122,114,8,8
26579,103,110,-7,7
26580,66,61,5,5
26581,110,90,20,20
26582,59,62,-3,3
26583,120,100,20,20
26584,101,90,11,11
26585,94,80,14,14
26586,125,110,15,15
26587,76,67,9,9
26588,66,68,-2,2
26589,85,80,5,5
26590,101,93,8,8
26591,79,71,8,8
26592,179,153,26,26
26593,73,73,0,0
26594,97,90,7,7
26595,40,53,-13,13
26596,75,67,8,8
26597,157,137,20,20
26598,77,72,5,5
26599,108,104,4,4
26600,129,107,22,22
26601,100,86,14,14
26602,76,80,-4,4
26603,40,43,-3,3
26604,72,68,4,4
26605,81,70,11,11
26606,122,101,21,21
26607,77,62,15,15
26608,162,135,27,27
26609,52,51,1,1
26610,86,73,13,13
26611,61,53,8,8
26612,139,113,26,26
26613,122,104,18,18
26614,129,118,11,11
26615,64,61,3,3
26616,53,51,2,2
26617,163,131,32,32
26618,76,81,-5,5
26619,47,47,0,0
26620,57,54,3,3
26621,142,118,24,24
26622,89,71,18,18
26623,100,93,7,7
26624,126,119,7,7
26625,149,123,26,26
26626,102,85,17,17
26627,51,52,-1,1
26628,131,104,27,27
26629,113,101,12,12
26630,128,105,23,23
26631,84,68,16,16
26632,88,77,11,11
26633,96,85,11,11
26634,131,103,28,28
26635,142,132,10,10
26636,139,121,18,18
26637,62,59,3,3
26638,162,151,11,11
26639,100,87,13,13
26640,94,84,10,10
26641,118,101,17,17
26642,140,114,26,26
26643,105,93,12,12
26644,54,56,-2,2
26645,80,73,7,7
26646,54,49,5,5
26647,82,79,3,3
26648,78,73,5,5
26649,81,73,8,8
26650,55,49,6,6
26651,142,131,11,11
26652,152,126,26,26
26653,121,105,16,16
26654,109,94,15,15
26655,80,79,1,1
26656,73,67,6,6
26657,154,114,40,40
26658,122,111,11,11
26659,85,76,9,9
26660,65,61,4,4
26661,127,105,22,22
26662,44,43,1,1
26663,90,86,4,4
26664,115,103,12,12
26665,124,107,17,17
26666,148,132,16,16
26667,49,44,5,5
26668,77,72,5,5
26669,173,146,27,27
26670,68,66,2,2
26671,149,136,13,13
26672,73,68,5,5
26673,54,53,1,1
26674,90,75,15,15
26675,73,66,7,7
26676,74,70,4,4
26677,49,47,2,2
26678,79,66,13,13
26679,117,109,8,8
26680,57,61,-4,4
26681,123,103,20,20
26682,94,83,11,11
26683,124,103,21,21
26684,74,70,4,4
26685,63,58,5,5
26686,116,97,19,19
26687,93,77,16,16
26688,115,109,6,6
26689,64,61,3,3
26690,117,110,7,7
26691,74,69,5,5
26692,49,47,2,2
26693,72,61,11,11
26694,86,77,9,9
26695,52,48,4,4
26696,87,77,10,10
26697,152,133,19,19
26698,61,64,-3,3
26699,67,64,3,3
26700,64,66,-2,2
26701,100,89,11,11
26702,135,106,29,29
26703,120,104,16,16
26704,124,102,22,22
26705,105,97,8,8
26706,144,136,8,8
26707,100,91,9,9
26708,80,76,4,4
26709,73,77,-4,4
26710,82,75,7,7
26711,76,65,11,11
26712,115,103,12,12
26713,106,96,10,10
26714,125,115,10,10
26715,86,74,12,12
26716,94,84,10,10
26717,80,78,2,2
26718,145,114,31,31
26719,122,104,18,18
26720,122,106,16,16
26721,115,107,8,8
26722,66,64,2,2
26723,85,71,14,14
26724,95,90,5,5
26725,110,85,25,25
26726,49,60,-11,11
26727,80,83,-3,3
26728,101,88,13,13
26729,77,68,9,9
26730,89,87,2,2
26731,130,102,28,28
26732,106,103,3,3
26733,56,48,8,8
26734,68,58,10,10
26735,152,127,25,25
26736,113,99,14,14
26737,98,91,7,7
26738,125,107,18,18
26739,71,65,6,6
26740,123,105,18,18
26741,97,77,20,20
26742,77,72,5,5
26743,56,57,-1,1
26744,127,111,16,16
26745,49,54,-5,5
26746,115,98,17,17
26747,61,58,3,3
26748,97,83,14,14
26749,101,91,10,10
26750,77,74,3,3
26751,117,113,4,4
26752,90,89,1,1
26753,120,101,19,19
26754,80,72,8,8
26755,71,62,9,9
26756,54,51,3,3
26757,80,76,4,4
26758,110,98,12,12
26759,71,81,-10,10
26760,82,78,4,4
26761,68,71,-3,3
26762,78,78,0,0
26763,69,61,8,8
26764,87,76,11,11
26765,94,79,15,15
26766,137,116,21,21
26767,57,54,3,3
26768,56,49,7,7
26769,57,62,-5,5
26770,62,54,8,8
26771,63,67,-4,4
26772,165,140,25,25
26773,115,95,20,20
26774,133,115,18,18
26775,94,75,19,19
26776,107,99,8,8
26777,106,91,15,15
26778,112,104,8,8
26779,93,81,12,12
26780,55,59,-4,4
26781,85,77,8,8
26782,41,39,2,2
26783,120,98,22,22
26784,99,89,10,10
26785,83,67,16,16
26786,84,78,6,6
26787,110,97,13,13
26788,124,113,11,11
26789,122,100,22,22
26790,38,42,-4,4
26791,120,100,20,20
26792,97,86,11,11
26793,61,58,3,3
26794,113,104,9,9
26795,74,64,10,10
26796,79,69,10,10
26797,125,98,27,27
26798,81,71,10,10
26799,125,106,19,19
26800,123,111,12,12
26801,90,84,6,6
26802,48,53,-5,5
26803,55,53,2,2
26804,62,68,-6,6
26805,64,69,-5,5
26806,91,87,4,4
26807,145,127,18,18
26808,86,74,12,12
26809,66,63,3,3
26810,116,104,12,12
26811,76,68,8,8
26812,88,83,5,5
26813,103,98,5,5
26814,97,94,3,3
26815,138,116,22,22
26816,75,70,5,5
26817,92,77,15,15
26818,149,131,18,18
26819,60,57,3,3
26820,108,100,8,8
26821,30,37,-7,7
26822,89,77,12,12
26823,49,54,-5,5
26824,97,80,17,17
26825,128,104,24,24
26826,96,84,12,12
26827,96,83,13,13
26828,63,55,8,8
26829,76,68,8,8
26830,106,93,13,13
26831,79,77,2,2
26832,127,103,24,24
26833,45,47,-2,2
26834,105,97,8,8
26835,90,77,13,13
26836,43,43,0,0
26837,235,143,92,92
26838,50,53,-3,3
26839,111,91,20,20
26840,69,61,8,8
26841,52,126,-74,74
26842,105,93,12,12
26843,49,43,6,6
26844,66,62,4,4
26845,64,62,2,2
26846,75,61,14,14
26847,70,66,4,4
26848,96,79,17,17
26849,86,81,5,5
26850,109,93,16,16
26851,357,187,170,170
26852,74,66,8,8
26853,96,90,6,6
26854,101,93,8,8
26855,86,81,5,5
26856,97,80,17,17
26857,47,42,5,5
26858,76,82,-6,6
26859,139,114,25,25
26860,127,113,14,14
26861,119,99,20,20
26862,133,113,20,20
26863,190,168,22,22
26864,119,100,19,19
26865,96,85,11,11
26866,31,33,-2,2
26867,94,95,-1,1
26868,112,110,2,2
26869,104,91,13,13
26870,162,130,32,32
26871,128,110,18,18
26872,142,125,17,17
26873,107,76,31,31
26874,120,93,27,27
26875,57,56,1,1
26876,157,134,23,23
26877,94,86,8,8
26878,109,106,3,3
26879,58,59,-1,1
26880,108,85,23,23
26881,88,75,13,13
26882,123,116,7,7
26883,85,75,10,10
26884,136,115,21,21
26885,72,70,2,2
26886,77,67,10,10
26887,59,52,7,7
26888,154,124,30,30
26889,63,72,-9,9
26890,40,41,-1,1
26891,142,131,11,11
26892,160,132,28,28
26893,68,58,10,10
26894,91,73,18,18
26895,77,76,1,1
26896,135,121,14,14
26897,134,174,-40,40
26898,172,153,19,19
26899,131,140,-9,9
26900,86,79,7,7
26901,67,64,3,3
26902,55,53,2,2
26903,148,125,23,23
26904,66,64,2,2
26905,120,92,28,28
26906,83,76,7,7
26907,101,86,15,15
26908,83,72,11,11
26909,106,117,-11,11
26910,99,90,9,9
26911,67,64,3,3
26912,130,115,15,15
26913,79,74,5,5
26914,43,50,-7,7
26915,146,120,26,26
26916,57,55,2,2
26917,100,97,3,3
26918,139,113,26,26
26919,114,91,23,23
26920,61,57,4,4
26921,77,84,-7,7
26922,102,107,-5,5
26923,104,87,17,17
26924,145,124,21,21
26925,81,79,2,2
26926,87,82,5,5
26927,135,124,11,11
26928,117,106,11,11
26929,82,68,14,14
26930,118,107,11,11
26931,106,101,5,5
26932,123,109,14,14
26933,109,99,10,10
26934,66,59,7,7
26935,86,75,11,11
26936,104,96,8,8
26937,61,66,-5,5
26938,59,76,-17,17
26939,68,64,4,4
26940,68,65,3,3
26941,63,61,2,2
26942,85,72,13,13
26943,135,125,10,10
26944,117,108,9,9
26945,134,111,23,23
26946,104,95,9,9
26947,73,69,4,4
26948,79,73,6,6
26949,137,117,20,20
26950,106,87,19,19
26951,80,67,13,13
26952,175,149,26,26
26953,96,90,6,6
26954,137,111,26,26
26955,119,104,15,15
26956,118,106,12,12
26957,135,119,16,16
26958,127,94,33,33
26959,103,95,8,8
26960,87,78,9,9
26961,90,65,25,25
26962,50,51,-1,1
26963,68,64,4,4
26964,75,68,7,7
26965,150,136,14,14
26966,107,88,19,19
26967,122,110,12,12
26968,48,46,2,2
26969,141,127,14,14
26970,96,87,9,9
26971,93,85,8,8
26972,85,73,12,12
26973,55,51,4,4
26974,51,49,2,2
26975,99,86,13,13
26976,52,55,-3,3
26977,79,65,14,14
26978,110,96,14,14
26979,121,102,19,19
26980,37,34,3,3
26981,92,84,8,8
26982,66,52,14,14
26983,148,109,39,39
26984,83,72,11,11
26985,175,143,32,32
26986,88,71,17,17
26987,110,92,18,18
26988,79,75,4,4
26989,64,55,9,9
26990,124,102,22,22
26991,129,109,20,20
26992,91,78,13,13
26993,59,51,8,8
26994,49,58,-9,9
26995,132,112,20,20
26996,76,100,-24,24
26997,110,92,18,18
26998,61,54,7,7
26999,90,83,7,7
27000,126,107,19,19
27001,98,88,10,10
27002,59,53,6,6
27003,93,89,4,4
27004,76,63,13,13
27005,75,63,12,12
27006,85,80,5,5
27007,149,119,30,30
27008,89,78,11,11
27009,112,96,16,16
27010,88,77,11,11
27011,65,57,8,8
27012,86,79,7,7
27013,64,56,8,8
27014,81,84,-3,3
27015,86,80,6,6
27016,70,60,10,10
27017,150,117,33,33
27018,102,88,14,14
27019,92,75,17,17
27020,47,53,-6,6
27021,92,89,3,3
27022,108,95,13,13
27023,85,78,7,7
27024,127,111,16,16
27025,114,98,16,16
27026,89,73,16,16
27027,98,91,7,7
27028,47,46,1,1
27029,95,90,5,5
27030,174,155,19,19
27031,74,65,9,9
27032,214,184,30,30
27033,35,42,-7,7
27034,202,182,20,20
27035,83,69,14,14
27036,125,105,20,20
27037,109,86,23,23
27038,54,56,-2,2
27039,56,56,0,0
27040,71,67,4,4
27041,81,71,10,10
27042,78,71,7,7
27043,61,54,7,7
27044,77,66,11,11
27045,114,96,18,18
27046,59,56,3,3
27047,116,113,3,3
27048,49,53,-4,4
27049,66,73,-7,7
27050,91,71,20,20
27051,98,88,10,10
27052,73,67,6,6
27053,78,71,7,7
27054,105,98,7,7
27055,112,95,17,17
27056,84,78,6,6
27057,78,66,12,12
27058,112,107,5,5
27059,178,139,39,39
27060,134,122,12,12
27061,93,78,15,15
27062,99,90,9,9
27063,67,63,4,4
27064,76,73,3,3
27065,80,66,14,14
27066,74,65,9,9
27067,83,76,7,7
27068,99,104,-5,5
27069,70,54,16,16
27070,64,63,1,1
27071,128,113,15,15
27072,93,78,15,15
27073,65,57,8,8
27074,40,42,-2,2
27075,133,113,20,20
27076,97,89,8,8
27077,89,84,5,5
27078,73,67,6,6
27079,102,82,20,20
27080,62,55,7,7
27081,91,83,8,8
27082,147,124,23,23
27083,70,61,9,9
27084,71,64,7,7
27085,86,76,10,10
27086,62,58,4,4
27087,104,80,24,24
27088,72,63,9,9
27089,52,50,2,2
27090,38,45,-7,7
27091,67,64,3,3
27092,196,165,31,31
27093,47,42,5,5
27094,51,52,-1,1
27095,88,77,11,11
27096,96,84,12,12
27097,42,44,-2,2
27098,101,91,10,10
27099,105,89,16,16
27100,70,61,9,9
27101,87,88,-1,1
27102,120,111,9,9
27103,71,64,7,7
27104,118,99,19,19
27105,71,75,-4,4
27106,101,99,2,2
27107,80,68,12,12
27108,107,87,20,20
27109,87,73,14,14
27110,60,77,-17,17
27111,56,49,7,7
27112,79,74,5,5
27113,148,123,25,25
27114,75,68,7,7
27115,53,49,4,4
27116,88,76,12,12
27117,104,115,-11,11
27118,77,63,14,14
27119,53,48,5,5
27120,114,103,11,11
27121,74,64,10,10
27122,73,74,-1,1
27123,127,107,20,20
27124,81,70,11,11
27125,127,115,12,12
27126,139,111,28,28
27127,78,71,7,7
27128,79,65,14,14
27129,115,97,18,18
27130,125,99,26,26
27131,141,122,19,19
27132,127,102,25,25
27133,105,95,10,10
27134,57,55,2,2
27135,99,92,7,7
27136,91,79,12,12
27137,98,82,16,16
27138,114,112,2,2
27139,74,67,7,7
27140,143,110,33,33
27141,68,65,3,3
27142,159,130,29,29
27143,69,60,9,9
27144,72,58,14,14
27145,48,48,0,0
27146,110,100,10,10
27147,86,76,10,10
27148,72,67,5,5
27149,80,67,13,13
27150,70,69,1,1
27151,37,40,-3,3
27152,79,70,9,9
27153,53,45,8,8
27154,82,76,6,6
27155,55,60,-5,5
27156,72,81,-9,9
27157,104,90,14,14
27158,81,75,6,6
27159,131,121,10,10
27160,110,105,5,5
27161,70,68,2,2
27162,96,92,4,4
27163,56,60,-4,4
27164,76,66,10,10
27165,87,81,6,6
27166,100,82,18,18
27167,51,50,1,1
27168,67,61,6,6
27169,50,50,0,0
27170,72,77,-5,5
27171,69,68,1,1
27172,96,90,6,6
27173,90,74,16,16
27174,84,77,7,7
27175,136,124,12,12
27176,83,73,10,10
27177,93,87,6,6
27178,130,130,0,0
27179,111,97,14,14
27180,107,106,1,1
27181,112,107,5,5
27182,27,30,-3,3
27183,156,129,27,27
27184,102,84,18,18
27185,122,107,15,15
27186,114,95,19,19
27187,39,40,-1,1
27188,137,117,20,20
27189,86,76,10,10
27190,83,69,14,14
27191,148,128,20,20
27192,108,97,11,11
27193,102,85,17,17
27194,95,87,8,8
27195,52,57,-5,5
27196,78,75,3,3
27197,99,89,10,10
27198,124,108,16,16
27199,94,91,3,3
27200,120,109,11,11
27201,102,95,7,7
27202,128,114,14,14
27203,64,52,12,12
27204,78,70,8,8
27205,65,67,-2,2
27206,128,117,11,11
27207,88,74,14,14
27208,63,65,-2,2
27209,86,83,3,3
27210,102,91,11,11
27211,120,94,26,26
27212,95,91,4,4
27213,83,71,12,12
27214,96,93,3,3
27215,75,71,4,4
27216,50,47,3,3
27217,69,60,9,9
27218,118,94,24,24
27219,103,97,6,6
27220,88,81,7,7
27221,83,75,8,8
27222,113,95,18,18
27223,89,74,15,15
27224,92,80,12,12
27225,96,89,7,7
27226,97,110,-13,13
27227,57,52,5,5
27228,70,64,6,6
27229,79,79,0,0
27230,81,74,7,7
27231,106,93,13,13
27232,178,149,29,29
27233,141,125,16,16
27234,97,85,12,12
27235,152,137,15,15
27236,82,69,13,13
27237,62,54,8,8
27238,69,68,1,1
27239,145,122,23,23
27240,80,71,9,9
27241,124,109,15,15
27242,128,122,6,6
27243,147,116,31,31
27244,181,163,18,18
27245,92,85,7,7
27246,48,47,1,1
27247,144,125,19,19
27248,54,58,-4,4
27249,116,97,19,19
27250,106,98,8,8
27251,72,62,10,10
27252,139,116,23,23
27253,153,133,20,20
27254,105,84,21,21
27255,152,125,27,27
27256,137,117,20,20
27257,123,109,14,14
27258,49,51,-2,2
27259,80,68,12,12
27260,63,51,12,12
27261,35,58,-23,23
27262,53,52,1,1
27263,80,77,3,3
27264,56,50,6,6
27265,143,129,14,14
27266,160,135,25,25
27267,98,86,12,12
27268,98,79,19,19
27269,83,80,3,3
27270,117,112,5,5
27271,143,121,22,22
27272,91,87,4,4
27273,60,60,0,0
27274,106,88,18,18
27275,33,38,-5,5
27276,65,58,7,7
27277,79,67,12,12
27278,47,44,3,3
27279,78,70,8,8
27280,108,98,10,10
27281,59,59,0,0
27282,75,72,3,3
27283,130,119,11,11
27284,75,77,-2,2
27285,89,80,9,9
27286,85,71,14,14
27287,127,109,18,18
27288,71,72,-1,1
27289,103,92,11,11
27290,40,38,2,2
27291,57,68,-11,11
27292,142,122,20,20
27293,61,67,-6,6
27294,77,65,12,12
27295,95,89,6,6
27296,90,73,17,17
27297,101,91,10,10
27298,64,54,10,10
27299,154,119,35,35
27300,90,79,11,11
27301,103,91,12,12
27302,134,113,21,21
27303,96,75,21,21
27304,48,43,5,5
27305,88,74,14,14
27306,126,111,15,15
27307,80,66,14,14
27308,66,60,6,6
27309,43,41,2,2
27310,71,61,10,10
27311,102,89,13,13
27312,78,67,11,11
27313,99,86,13,13
27314,110,97,13,13
27315,105,96,9,9
27316,103,98,5,5
27317,103,92,11,11
27318,62,83,-21,21
27319,92,88,4,4
27320,68,68,0,0
27321,94,84,10,10
27322,97,90,7,7
27323,50,55,-5,5
27324,46,60,-14,14
27325,76,64,12,12
27326,127,94,33,33
27327,55,52,3,3
27328,62,54,8,8
27329,114,102,12,12
27330,70,65,5,5
27331,110,100,10,10
27332,115,103,12,12
27333,102,82,20,20
27334,105,102,3,3
27335,99,84,15,15
27336,122,107,15,15
27337,69,67,2,2
27338,69,57,12,12
27339,79,72,7,7
27340,67,65,2,2
27341,76,70,6,6
27342,54,50,4,4
27343,96,83,13,13
27344,90,81,9,9
27345,73,62,11,11
27346,76,69,7,7
27347,48,49,-1,1
27348,104,100,4,4
27349,64,59,5,5
27350,76,69,7,7
27351,106,94,12,12
27352,58,54,4,4
27353,118,105,13,13
27354,78,74,4,4
27355,119,107,12,12
27356,64,61,3,3
27357,144,107,37,37
27358,112,100,12,12
27359,60,58,2,2
27360,58,75,-17,17
27361,148,146,2,2
27362,70,61,9,9
27363,193,153,40,40
27364,90,85,5,5
27365,50,51,-1,1
27366,94,81,13,13
27367,114,95,19,19
27368,57,58,-1,1
27369,72,77,-5,5
27370,97,74,23,23
27371,121,101,20,20
27372,96,85,11,11
27373,78,77,1,1
27374,124,118,6,6
27375,156,136,20,20
27376,103,85,18,18
27377,117,110,7,7
27378,75,58,17,17
27379,101,91,10,10
27380,45,40,5,5
27381,60,53,7,7
27382,124,111,13,13
27383,129,115,14,14
27384,90,82,8,8
27385,79,79,0,0
27386,64,61,3,3
27387,87,84,3,3
27388,138,122,16,16
27389,106,98,8,8
27390,96,88,8,8
27391,124,106,18,18
27392,78,68,10,10
27393,99,82,17,17
27394,208,155,53,53
27395,111,99,12,12
27396,107,89,18,18
27397,92,76,16,16
27398,87,75,12,12
27399,108,105,3,3
27400,70,57,13,13
27401,115,105,10,10
27402,86,82,4,4
27403,86,73,13,13
27404,165,148,17,17
27405,59,88,-29,29
27406,111,102,9,9
27407,196,152,44,44
27408,99,88,11,11
27409,121,88,33,33
27410,57,49,8,8
27411,78,71,7,7
27412,98,89,9,9
27413,90,72,18,18
27414,89,81,8,8
27415,97,83,14,14
27416,77,68,9,9
27417,78,69,9,9
27418,95,95,0,0
27419,98,88,10,10
27420,126,104,22,22
27421,107,98,9,9
27422,83,74,9,9
27423,129,118,11,11
27424,93,90,3,3
27425,210,155,55,55
27426,112,102,10,10
27427,51,49,2,2
27428,93,75,18,18
27429,61,64,-3,3
27430,76,76,0,0
27431,107,96,11,11
27432,115,89,26,26
27433,106,96,10,10
27434,77,71,6,6
27435,102,96,6,6
27436,54,56,-2,2
27437,81,65,16,16
27438,64,66,-2,2
27439,134,114,20,20
27440,124,110,14,14
27441,49,51,-2,2
27442,90,90,0,0
27443,72,58,14,14
27444,76,71,5,5
27445,114,99,15,15
27446,59,63,-4,4
27447,97,102,-5,5
27448,96,80,16,16
27449,177,129,48,48
27450,111,95,16,16
27451,105,100,5,5
27452,78,77,1,1
27453,85,82,3,3
27454,71,62,9,9
27455,114,101,13,13
27456,78,73,5,5
27457,164,144,20,20
27458,75,69,6,6
27459,128,112,16,16
27460,105,106,-1,1
27461,75,65,10,10
27462,87,81,6,6
27463,104,91,13,13
27464,130,110,20,20
27465,101,95,6,6
27466,81,74,7,7
27467,75,65,10,10
27468,115,99,16,16
27469,80,65,15,15
27470,54,61,-7,7
27471,93,88,5,5
27472,142,104,38,38
27473,41,45,-4,4
27474,78,71,7,7
27475,62,56,6,6
27476,68,69,-1,1
27477,45,51,-6,6
27478,99,88,11,11
27479,92,76,16,16
27480,88,71,17,17
27481,134,123,11,11
27482,112,91,21,21
27483,97,93,4,4
27484,131,122,9,9
27485,71,62,9,9
27486,39,40,-1,1
27487,68,65,3,3
27488,47,44,3,3
27489,60,54,6,6
27490,151,112,39,39
27491,81,64,17,17
27492,104,87,17,17
27493,99,94,5,5
27494,103,89,14,14
27495,84,74,10,10
27496,92,84,8,8
27497,108,97,11,11
27498,124,108,16,16
27499,68,69,-1,1
27500,107,102,5,5
27501,97,73,24,24
27502,108,91,17,17
27503,54,56,-2,2
27504,75,69,6,6
27505,43,46,-3,3
27506,105,97,8,8
27507,103,97,6,6
27508,85,81,4,4
27509,121,104,17,17
27510,85,79,6,6
27511,102,85,17,17
27512,113,105,8,8
27513,70,68,2,2
27514,120,103,17,17
27515,106,86,20,20
27516,72,66,6,6
27517,89,83,6,6
27518,90,76,14,14
27519,52,51,1,1
27520,78,72,6,6
27521,88,84,4,4
27522,290,207,83,83
27523,98,87,11,11
27524,94,87,7,7
27525,130,110,20,20
27526,50,60,-10,10
27527,102,88,14,14
27528,72,64,8,8
27529,79,67,12,12
27530,101,91,10,10
27531,88,73,15,15
27532,75,69,6,6
27533,109,109,0,0
27534,68,60,8,8
27535,117,103,14,14
27536,112,98,14,14
27537,149,122,27,27
27538,94,89,5,5
27539,73,65,8,8
27540,86,74,12,12
27541,68,69,-1,1
27542,94,83,11,11
27543,96,88,8,8
27544,86,101,-15,15
27545,84,78,6,6
27546,98,81,17,17
27547,149,128,21,21
27548,92,82,10,10
27549,72,61,11,11
27550,108,96,12,12
27551,85,85,0,0
27552,92,83,9,9
27553,72,68,4,4
27554,73,71,2,2
27555,91,82,9,9
27556,167,155,12,12
27557,78,78,0,0
27558,50,55,-5,5
27559,96,76,20,20
27560,105,96,9,9
27561,102,93,9,9
27562,106,89,17,17
27563,138,114,24,24
27564,123,105,18,18
27565,76,66,10,10
27566,95,84,11,11
27567,87,78,9,9
27568,154,141,13,13
27569,75,69,6,6
27570,137,114,23,23
27571,98,74,24,24
27572,96,87,9,9
27573,68,69,-1,1
27574,66,65,1,1
27575,96,86,10,10
27576,99,90,9,9
27577,53,59,-6,6
27578,36,60,-24,24
27579,79,73,6,6
27580,108,91,17,17
27581,20,30,-10,10
27582,95,85,10,10
27583,78,72,6,6
27584,114,103,11,11
27585,89,88,1,1
27586,118,124,-6,6
27587,163,134,29,29
27588,64,58,6,6
27589,50,43,7,7
27590,65,61,4,4
27591,91,80,11,11
27592,126,114,12,12
27593,96,85,11,11
27594,115,98,17,17
27595,114,100,14,14
27596,139,104,35,35
27597,45,53,-8,8
27598,155,137,18,18
27599,77,65,12,12
27600,105,84,21,21
27601,156,118,38,38
27602,90,81,9,9
27603,105,87,18,18
27604,36,41,-5,5
27605,134,126,8,8
27606,111,106,5,5
27607,61,52,9,9
27608,97,87,10,10
27609,76,69,7,7
27610,81,75,6,6
27611,71,63,8,8
27612,99,85,14,14
27613,98,90,8,8
27614,89,77,12,12
27615,153,125,28,28
27616,110,103,7,7
27617,61,56,5,5
27618,72,70,2,2
27619,107,94,13,13
27620,107,95,12,12
27621,116,96,20,20
27622,116,101,15,15
27623,71,64,7,7
27624,95,83,12,12
27625,99,90,9,9
27626,59,50,9,9
27627,107,112,-5,5
27628,130,108,22,22
27629,95,72,23,23
27630,165,134,31,31
27631,171,135,36,36
27632,93,91,2,2
27633,79,77,2,2
27634,175,146,29,29
27635,121,109,12,12
27636,155,136,19,19
27637,174,152,22,22
27638,81,65,16,16
27639,57,52,5,5
27640,180,135,45,45
27641,116,96,20,20
27642,162,141,21,21
27643,77,68,9,9
27644,78,69,9,9
27645,111,98,13,13
27646,87,73,14,14
27647,37,42,-5,5
27648,176,153,23,23
27649,69,70,-1,1
27650,72,69,3,3
27651,91,81,10,10
27652,102,92,10,10
27653,81,74,7,7
27654,142,125,17,17
27655,189,153,36,36
27656,200,162,38,38
27657,61,60,1,1
27658,89,81,8,8
27659,94,88,6,6
27660,88,80,8,8
27661,85,70,15,15
27662,88,77,11,11
27663,52,48,4,4
27664,61,74,-13,13
27665,79,69,10,10
27666,141,117,24,24
27667,83,73,10,10
27668,112,135,-23,23
27669,123,104,19,19
27670,54,46,8,8
27671,66,58,8,8
27672,117,105,12,12
27673,73,66,7,7
27674,70,77,-7,7
27675,66,58,8,8
27676,105,107,-2,2
27677,77,70,7,7
27678,100,88,12,12
27679,167,130,37,37
27680,73,64,9,9
27681,130,114,16,16
27682,87,65,22,22
27683,85,71,14,14
27684,69,66,3,3
27685,73,69,4,4
27686,77,73,4,4
27687,138,122,16,16
27688,80,77,3,3
27689,55,51,4,4
27690,117,95,22,22
27691,110,95,15,15
27692,60,54,6,6
27693,96,79,17,17
27694,85,71,14,14
27695,106,102,4,4
27696,94,86,8,8
27697,69,71,-2,2
27698,125,113,12,12
27699,179,143,36,36
27700,86,73,13,13
27701,129,115,14,14
27702,82,75,7,7
27703,91,71,20,20
27704,150,129,21,21
27705,57,58,-1,1
27706,70,63,7,7
27707,134,112,22,22
27708,71,66,5,5
27709,74,72,2,2
27710,83,73,10,10
27711,82,99,-17,17
27712,70,66,4,4
27713,82,81,1,1
27714,52,55,-3,3
27715,93,78,15,15
27716,54,60,-6,6
27717,136,118,18,18
27718,72,67,5,5
27719,86,97,-11,11
27720,108,104,4,4
27721,93,79,14,14
27722,57,69,-12,12
27723,78,72,6,6
27724,130,110,20,20
27725,83,75,8,8
27726,116,88,28,28
27727,103,84,19,19
27728,79,74,5,5
27729,43,45,-2,2
27730,100,91,9,9
27731,77,68,9,9
27732,127,109,18,18
27733,83,72,11,11
27734,134,137,-3,3
27735,108,87,21,21
27736,122,102,20,20
27737,86,80,6,6
27738,71,65,6,6
27739,111,98,13,13
27740,132,105,27,27
27741,200,169,31,31
27742,77,66,11,11
27743,131,102,29,29
27744,75,71,4,4
27745,66,59,7,7
27746,83,74,9,9
27747,155,127,28,28
27748,104,81,23,23
27749,85,71,14,14
27750,149,120,29,29
27751,198,212,-14,14
27752,68,73,-5,5
27753,143,100,43,43
27754,118,96,22,22
27755,75,70,5,5
27756,150,154,-4,4
27757,52,51,1,1
27758,153,133,20,20
27759,88,87,1,1
27760,101,107,-6,6
27761,74,63,11,11
27762,102,98,4,4
27763,140,120,20,20
27764,71,59,12,12
27765,110,94,16,16
27766,110,100,10,10
27767,63,60,3,3
27768,66,63,3,3
27769,49,48,1,1
27770,54,48,6,6
27771,86,78,8,8
27772,58,53,5,5
27773,54,52,2,2
27774,60,61,-1,1
27775,77,70,7,7
27776,70,69,1,1
27777,91,82,9,9
27778,112,99,13,13
27779,89,75,14,14
27780,80,69,11,11
27781,95,85,10,10
27782,98,81,17,17
27783,91,81,10,10
27784,117,104,13,13
27785,76,73,3,3
27786,126,134,-8,8
27787,131,109,22,22
27788,65,64,1,1
27789,90,75,15,15
27790,77,69,8,8
27791,114,100,14,14
27792,88,77,11,11
27793,90,78,12,12
27794,84,82,2,2
27795,135,109,26,26
27796,95,81,14,14
27797,94,93,1,1
27798,106,93,13,13
27799,75,68,7,7
27800,115,100,15,15
27801,143,124,19,19
27802,60,55,5,5
27803,68,60,8,8
27804,73,64,9,9
27805,168,127,41,41
27806,99,94,5,5
27807,108,94,14,14
27808,77,77,0,0
27809,60,51,9,9
27810,79,68,11,11
27811,103,106,-3,3
27812,120,110,10,10
27813,137,132,5,5
27814,80,81,-1,1
27815,78,73,5,5
27816,49,50,-1,1
27817,97,99,-2,2
27818,104,96,8,8
27819,172,143,29,29
27820,154,136,18,18
27821,93,88,5,5
27822,103,84,19,19
27823,51,51,0,0
27824,72,64,8,8
27825,81,75,6,6
27826,69,61,8,8
27827,111,92,19,19
27828,106,92,14,14
27829,143,119,24,24
27830,46,41,5,5
27831,118,110,8,8
27832,136,100,36,36
27833,103,87,16,16
27834,115,106,9,9
27835,100,86,14,14
27836,130,108,22,22
27837,146,123,23,23
27838,106,93,13,13
27839,160,139,21,21
27840,151,107,44,44
27841,111,95,16,16
27842,132,106,26,26
27843,70,56,14,14
27844,95,85,10,10
27845,113,100,13,13
27846,100,102,-2,2
27847,84,92,-8,8
27848,144,111,33,33
27849,75,70,5,5
27850,127,119,8,8
27851,35,40,-5,5
27852,48,54,-6,6
27853,52,48,4,4
27854,110,97,13,13
27855,109,95,14,14
27856,72,66,6,6
27857,99,88,11,11
27858,58,50,8,8
27859,81,65,16,16
27860,96,77,19,19
27861,71,65,6,6
27862,122,93,29,29
27863,151,126,25,25
27864,92,82,10,10
27865,69,67,2,2
27866,111,96,15,15
27867,106,90,16,16
27868,122,107,15,15
27869,100,75,25,25
27870,62,58,4,4
27871,77,70,7,7
27872,111,98,13,13
27873,68,69,-1,1
27874,97,81,16,16
27875,118,80,38,38
27876,118,105,13,13
27877,97,96,1,1
27878,78,77,1,1
27879,146,124,22,22
27880,99,90,9,9
27881,76,68,8,8
27882,64,54,10,10
27883,48,45,3,3
27884,89,79,10,10
27885,59,53,6,6
27886,74,69,5,5
27887,72,67,5,5
27888,83,74,9,9
27889,83,69,14,14
27890,97,89,8,8
27891,100,85,15,15
27892,181,159,22,22
27893,37,37,0,0
27894,64,59,5,5
27895,84,65,19,19
27896,68,62,6,6
27897,54,48,6,6
27898,85,75,10,10
27899,75,69,6,6
27900,98,91,7,7
27901,147,124,23,23
27902,138,119,19,19
27903,61,55,6,6
27904,83,81,2,2
27905,158,129,29,29
27906,119,101,18,18
27907,88,73,15,15
27908,119,106,13,13
27909,118,93,25,25
27910,68,57,11,11
27911,49,51,-2,2
27912,112,91,21,21
27913,113,102,11,11
27914,83,79,4,4
27915,81,79,2,2
27916,31,34,-3,3
27917,87,73,14,14
27918,144,121,23,23
27919,133,125,8,8
27920,137,122,15,15
27921,95,88,7,7
27922,80,73,7,7
27923,109,95,14,14
27924,90,85,5,5
27925,70,63,7,7
27926,66,63,3,3
27927,81,65,16,16
27928,156,138,18,18
27929,70,70,0,0
27930,95,94,1,1
27931,109,88,21,21
27932,61,99,-38,38
27933,40,44,-4,4
27934,138,127,11,11
27935,96,80,16,16
27936,53,62,-9,9
27937,85,84,1,1
27938,137,116,21,21
27939,113,100,13,13
27940,127,113,14,14
27941,77,65,12,12
27942,66,62,4,4
27943,36,40,-4,4
27944,83,81,2,2
27945,120,91,29,29
27946,55,58,-3,3
27947,61,61,0,0
27948,68,59,9,9
27949,93,87,6,6
27950,173,151,22,22
27951,58,59,-1,1
27952,75,69,6,6
27953,83,69,14,14
27954,141,134,7,7
27955,67,61,6,6
27956,35,38,-3,3
27957,63,63,0,0
27958,52,51,1,1
27959,183,151,32,32
27960,52,48,4,4
27961,72,63,9,9
27962,77,73,4,4
27963,61,54,7,7
27964,124,101,23,23
27965,78,75,3,3
27966,123,106,17,17
27967,122,109,13,13
27968,88,82,6,6
27969,74,70,4,4
27970,66,70,-4,4
27971,69,70,-1,1
27972,92,84,8,8
27973,79,69,10,10
27974,45,61,-16,16
27975,115,111,4,4
27976,143,122,21,21
27977,99,91,8,8
27978,129,118,11,11
27979,103,92,11,11
27980,90,89,1,1
27981,88,76,12,12
27982,123,112,11,11
27983,175,134,41,41
27984,95,82,13,13
27985,105,94,11,11
27986,65,65,0,0
27987,66,56,10,10
27988,137,112,25,25
27989,84,74,10,10
27990,110,92,18,18
27991,118,97,21,21
27992,114,102,12,12
27993,97,96,1,1
27994,90,77,13,13
27995,124,110,14,14
27996,158,138,20,20
27997,67,89,-22,22
27998,96,83,13,13
27999,97,82,15,15
28000,108,94,14,14
28001,106,94,12,12
28002,56,51,5,5
28003,69,64,5,5
28004,41,46,-5,5
28005,67,59,8,8
28006,172,150,22,22
28007,53,49,4,4
28008,94,78,16,16
28009,121,105,16,16
28010,97,76,21,21
28011,91,77,14,14
28012,117,84,33,33
28013,125,129,-4,4
28014,59,58,1,1
28015,114,94,20,20
28016,87,74,13,13
28017,106,97,9,9
28018,77,72,5,5
28019,135,108,27,27
28020,145,115,30,30
28021,72,65,7,7
28022,53,58,-5,5
28023,149,119,30,30
28024,101,92,9,9
28025,76,60,16,16
28026,87,83,4,4
28027,73,60,13,13
28028,107,92,15,15
28029,67,63,4,4
28030,67,67,0,0
28031,80,75,5,5
28032,91,80,11,11
28033,91,78,13,13
28034,104,104,0,0
28035,66,53,13,13
28036,90,80,10,10
28037,71,75,-4,4
28038,118,91,27,27
28039,87,86,1,1
28040,68,61,7,7
28041,114,107,7,7
28042,117,107,10,10
28043,130,110,20,20
28044,134,129,5,5
28045,125,109,16,16
28046,74,63,11,11
28047,88,73,15,15
28048,56,66,-10,10
28049,116,102,14,14
28050,145,126,19,19
28051,75,63,12,12
28052,71,75,-4,4
28053,50,49,1,1
28054,97,89,8,8
28055,55,47,8,8
28056,52,46,6,6
28057,154,116,38,38
28058,132,109,23,23
28059,180,141,39,39
28060,68,65,3,3
28061,86,79,7,7
28062,147,129,18,18
28063,68,74,-6,6
28064,80,69,11,11
28065,98,81,17,17
28066,109,106,3,3
28067,88,79,9,9
28068,78,78,0,0
28069,86,67,19,19
28070,42,45,-3,3
28071,74,77,-3,3
28072,137,119,18,18
28073,110,96,14,14
28074,76,84,-8,8
28075,64,60,4,4
28076,150,120,30,30
28077,116,91,25,25
28078,74,68,6,6
28079,69,61,8,8
28080,55,47,8,8
28081,114,109,5,5
28082,178,162,16,16
28083,78,69,9,9
28084,71,64,7,7
28085,80,78,2,2
28086,119,113,6,6
28087,59,57,2,2
28088,75,60,15,15
28089,77,81,-4,4
28090,64,65,-1,1
28091,118,96,22,22
28092,141,121,20,20
28093,144,130,14,14
28094,118,103,15,15
28095,90,69,21,21
28096,96,88,8,8
28097,107,89,18,18
28098,141,129,12,12
28099,71,59,12,12
28100,94,79,15,15
28101,196,155,41,41
28102,93,89,4,4
28103,122,94,28,28
28104,78,73,5,5
28105,83,93,-10,10
28106,84,71,13,13
28107,65,54,11,11
28108,165,146,19,19
28109,116,115,1,1
28110,91,70,21,21
28111,69,59,10,10
28112,87,72,15,15
28113,94,89,5,5
28114,113,100,13,13
28115,169,151,18,18
28116,112,92,20,20
28117,85,80,5,5
28118,113,95,18,18
28119,145,119,26,26
28120,53,55,-2,2
28121,97,87,10,10
28122,102,96,6,6
28123,107,104,3,3
28124,88,75,13,13
28125,76,67,9,9
28126,46,46,0,0
28127,83,76,7,7
28128,99,84,15,15
28129,118,105,13,13
28130,85,71,14,14
28131,112,104,8,8
28132,120,94,26,26
28133,246,188,58,58
28134,124,101,23,23
28135,64,63,1,1
28136,118,97,21,21
28137,118,99,19,19
28138,78,72,6,6
28139,74,72,2,2
28140,86,75,11,11
28141,90,76,14,14
28142,132,128,4,4
28143,125,106,19,19
28144,70,61,9,9
28145,69,61,8,8
28146,119,100,19,19
28147,144,121,23,23
28148,172,140,32,32
28149,83,72,11,11
28150,99,83,16,16
28151,104,93,11,11
28152,127,107,20,20
28153,78,66,12,12
28154,110,87,23,23
28155,53,50,3,3
28156,79,80,-1,1
28157,47,41,6,6
28158,123,109,14,14
28159,132,120,12,12
28160,104,95,9,9
28161,127,107,20,20
28162,105,84,21,21
28163,65,64,1,1
28164,100,91,9,9
28165,192,151,41,41
28166,61,80,-19,19
28167,106,102,4,4
28168,38,71,-33,33
28169,186,146,40,40
28170,166,138,28,28
28171,122,104,18,18
28172,141,120,21,21
28173,122,119,3,3
28174,39,58,-19,19
28175,117,105,12,12
28176,128,112,16,16
28177,148,126,22,22
28178,118,104,14,14
28179,96,88,8,8
28180,72,71,1,1
28181,76,63,13,13
28182,63,59,4,4
28183,84,86,-2,2
28184,102,91,11,11
28185,75,65,10,10
28186,92,83,9,9
28187,69,67,2,2
28188,94,75,19,19
28189,70,60,10,10
28190,112,92,20,20
28191,87,73,14,14
28192,68,64,4,4
28193,123,121,2,2
28194,81,65,16,16
28195,116,118,-2,2
28196,82,77,5,5
28197,149,120,29,29
28198,60,68,-8,8
28199,59,60,-1,1
28200,110,95,15,15
28201,89,112,-23,23
28202,114,106,8,8
28203,128,109,19,19
28204,57,58,-1,1
28205,77,75,2,2
28206,85,76,9,9
28207,194,173,21,21
28208,72,77,-5,5
28209,75,74,1,1
28210,57,73,-16,16
28211,165,136,29,29
28212,99,86,13,13
28213,84,75,9,9
28214,89,86,3,3
28215,64,61,3,3
28216,115,109,6,6
28217,81,78,3,3
28218,96,93,3,3
28219,134,119,15,15
28220,74,64,10,10
28221,121,123,-2,2
28222,81,85,-4,4
28223,58,53,5,5
28224,77,63,14,14
28225,97,86,11,11
28226,66,57,9,9
28227,104,93,11,11
28228,112,104,8,8
28229,59,55,4,4
28230,151,123,28,28
28231,111,92,19,19
28232,133,116,17,17
28233,76,69,7,7
28234,93,88,5,5
28235,76,64,12,12
28236,85,73,12,12
28237,151,136,15,15
28238,76,72,4,4
28239,79,69,10,10
28240,172,166,6,6
28241,148,123,25,25
28242,89,83,6,6
28243,87,72,15,15
28244,128,111,17,17
28245,71,62,9,9
28246,72,61,11,11
28247,77,72,5,5
28248,100,88,12,12
28249,107,98,9,9
28250,86,77,9,9
28251,81,67,14,14
28252,93,83,10,10
28253,56,50,6,6
28254,138,120,18,18
28255,77,72,5,5
28256,175,151,24,24
28257,72,67,5,5
28258,93,81,12,12
28259,92,79,13,13
28260,104,107,-3,3
28261,132,108,24,24
28262,81,78,3,3
28263,71,69,2,2
28264,140,128,12,12
28265,102,94,8,8
28266,53,53,0,0
28267,87,81,6,6
28268,147,128,19,19
28269,93,92,1,1
28270,65,62,3,3
28271,154,129,25,25
28272,222,178,44,44
28273,107,92,15,15
28274,81,69,12,12
28275,59,55,4,4
28276,63,59,4,4
28277,100,89,11,11
28278,89,73,16,16
28279,70,60,10,10
28280,90,81,9,9
28281,135,122,13,13
28282,112,97,15,15
28283,102,88,14,14
28284,126,119,7,7
28285,87,85,2,2
28286,98,87,11,11
28287,128,105,23,23
28288,54,53,1,1
28289,88,81,7,7
28290,79,70,9,9
28291,177,142,35,35
28292,110,94,16,16
28293,68,68,0,0
28294,126,111,15,15
28295,115,102,13,13
28296,105,98,7,7
28297,86,77,9,9
28298,66,89,-23,23
28299,65,54,11,11
28300,78,78,0,0
28301,87,78,9,9
28302,108,94,14,14
28303,46,53,-7,7
28304,106,92,14,14
28305,127,108,19,19
28306,137,120,17,17
28307,84,68,16,16
28308,73,73,0,0
28309,70,62,8,8
28310,76,67,9,9
28311,84,74,10,10
28312,125,92,33,33
28313,73,70,3,3
28314,176,151,25,25
28315,97,87,10,10
28316,128,110,18,18
28317,74,69,5,5
28318,145,125,20,20
28319,93,87,6,6
28320,70,65,5,5
28321,67,72,-5,5
28322,84,77,7,7
28323,59,53,6,6
28324,92,82,10,10
28325,112,93,19,19
28326,51,48,3,3
28327,56,52,4,4
28328,92,80,12,12
28329,49,56,-7,7
28330,98,93,5,5
28331,71,70,1,1
28332,72,67,5,5
28333,68,69,-1,1
28334,87,82,5,5
28335,121,103,18,18
28336,94,85,9,9
28337,76,75,1,1
28338,112,95,17,17
28339,69,56,13,13
28340,113,100,13,13
28341,129,118,11,11
28342,105,98,7,7
28343,99,96,3,3
28344,58,61,-3,3
28345,130,108,22,22
28346,85,74,11,11
28347,73,61,12,12
28348,56,46,10,10
28349,97,96,1,1
28350,104,105,-1,1
28351,73,67,6,6
28352,111,91,20,20
28353,73,59,14,14
28354,98,78,20,20
28355,102,97,5,5
28356,80,69,11,11
28357,47,45,2,2
28358,102,99,3,3
28359,76,69,7,7
28360,69,73,-4,4
28361,85,80,5,5
28362,111,103,8,8
28363,34,38,-4,4
28364,137,124,13,13
28365,79,71,8,8
28366,72,73,-1,1
28367,62,63,-1,1
28368,91,80,11,11
28369,82,75,7,7
28370,120,119,1,1
28371,92,89,3,3
28372,110,101,9,9
28373,122,106,16,16
28374,119,100,19,19
28375,183,158,25,25
28376,61,61,0,0
28377,97,79,18,18
28378,117,106,11,11
28379,71,68,3,3
28380,100,85,15,15
28381,119,102,17,17
28382,94,74,20,20
28383,94,86,8,8
28384,97,76,21,21
28385,62,48,14,14
28386,74,69,5,5
28387,104,96,8,8
28388,143,128,15,15
28389,74,69,5,5
28390,126,109,17,17
28391,64,57,7,7
28392,97,82,15,15
28393,82,75,7,7
28394,56,59,-3,3
28395,98,93,5,5
28396,139,120,19,19
28397,102,99,3,3
28398,100,92,8,8
28399,115,89,26,26
28400,138,108,30,30
28401,39,39,0,0
28402,132,115,17,17
28403,127,114,13,13
28404,98,82,16,16
28405,83,66,17,17
28406,106,101,5,5
28407,161,134,27,27
28408,77,60,17,17
28409,76,77,-1,1
28410,96,81,15,15
28411,107,97,10,10
28412,85,216,-131,131
28413,79,74,5,5
28414,102,88,14,14
28415,57,51,6,6
28416,79,72,7,7
28417,76,77,-1,1
28418,82,78,4,4
28419,56,51,5,5
28420,84,73,11,11
28421,110,91,19,19
28422,183,147,36,36
28423,118,111,7,7
28424,100,84,16,16
28425,109,89,20,20
28426,101,87,14,14
28427,57,59,-2,2
28428,89,97,-8,8
28429,148,123,25,25
28430,202,177,25,25
28431,137,130,7,7
28432,91,79,12,12
28433,112,110,2,2
28434,68,66,2,2
28435,83,73,10,10
28436,72,63,9,9
28437,79,69,10,10
28438,116,103,13,13
28439,54,52,2,2
28440,87,81,6,6
28441,82,77,5,5
28442,104,91,13,13
28443,126,110,16,16
28444,106,95,11,11
28445,116,98,18,18
28446,91,85,6,6
28447,77,68,9,9
28448,123,133,-10,10
28449,145,119,26,26
28450,88,74,14,14
28451,95,99,-4,4
28452,79,77,2,2
28453,91,89,2,2
28454,133,109,24,24
28455,165,158,7,7
28456,61,59,2,2
28457,63,65,-2,2
28458,120,105,15,15
28459,54,49,5,5
28460,145,126,19,19
28461,130,117,13,13
28462,68,67,1,1
28463,55,54,1,1
28464,90,77,13,13
28465,102,83,19,19
28466,52,48,4,4
28467,102,92,10,10
28468,162,142,20,20
28469,85,82,3,3
28470,81,73,8,8
28471,57,50,7,7
28472,82,70,12,12
28473,135,92,43,43
28474,43,44,-1,1
28475,82,71,11,11
28476,66,62,4,4
28477,102,88,14,14
28478,70,62,8,8
28479,151,130,21,21
28480,127,111,16,16
28481,77,58,19,19
28482,137,113,24,24
28483,83,70,13,13
28484,183,149,34,34
28485,43,39,4,4
28486,129,113,16,16
28487,58,53,5,5
28488,73,69,4,4
28489,67,60,7,7
28490,57,55,2,2
28491,133,132,1,1
28492,76,72,4,4
28493,87,79,8,8
28494,76,72,4,4
28495,99,80,19,19
28496,95,85,10,10
28497,56,54,2,2
28498,146,120,26,26
28499,123,95,28,28
28500,93,102,-9,9
28501,71,66,5,5
28502,97,81,16,16
28503,122,99,23,23
28504,97,85,12,12
28505,86,75,11,11
28506,87,81,6,6
28507,134,106,28,28
28508,99,97,2,2
28509,135,122,13,13
28510,85,74,11,11
28511,132,120,12,12
28512,54,53,1,1
28513,77,78,-1,1
28514,63,62,1,1
28515,138,122,16,16
28516,58,55,3,3
28517,141,117,24,24
28518,161,139,22,22
28519,105,105,0,0
28520,107,102,5,5
28521,153,139,14,14
28522,90,83,7,7
28523,147,130,17,17
28524,92,88,4,4
28525,34,30,4,4
28526,90,85,5,5
28527,50,51,-1,1
28528,83,70,13,13
28529,127,123,4,4
28530,59,48,11,11
28531,57,57,0,0
28532,115,103,12,12
28533,91,86,5,5
28534,143,116,27,27
28535,119,99,20,20
28536,97,87,10,10
28537,155,131,24,24
28538,128,109,19,19
28539,67,62,5,5
28540,60,56,4,4
28541,103,86,17,17
28542,128,108,20,20
28543,100,88,12,12
28544,71,65,6,6
28545,85,78,7,7
28546,74,66,8,8
28547,172,126,46,46
28548,73,69,4,4
28549,51,51,0,0
28550,76,71,5,5
28551,110,96,14,14
28552,125,110,15,15
28553,49,54,-5,5
28554,145,123,22,22
28555,81,69,12,12
28556,79,94,-15,15
28557,108,96,12,12
28558,95,83,12,12
28559,66,55,11,11
28560,78,70,8,8
28561,41,42,-1,1
28562,89,73,16,16
28563,60,55,5,5
28564,88,75,13,13
28565,54,58,-4,4
28566,112,94,18,18
28567,135,106,29,29
28568,123,107,16,16
28569,76,81,-5,5
28570,82,71,11,11
28571,38,40,-2,2
28572,51,48,3,3
28573,33,43,-10,10
28574,100,88,12,12
28575,64,66,-2,2
28576,98,93,5,5
28577,104,86,18,18
28578,108,99,9,9
28579,112,99,13,13
28580,54,52,2,2
28581,75,68,7,7
28582,89,87,2,2
28583,137,113,24,24
28584,66,57,9,9
28585,81,73,8,8
28586,91,86,5,5
28587,84,76,8,8
28588,52,46,6,6
28589,64,67,-3,3
28590,176,158,18,18
28591,59,58,1,1
28592,70,60,10,10
28593,69,58,11,11
28594,83,95,-12,12
28595,71,69,2,2
28596,61,58,3,3
28597,65,59,6,6
28598,94,103,-9,9
28599,53,52,1,1
28600,66,54,12,12
28601,93,84,9,9
28602,66,61,5,5
28603,75,62,13,13
28604,96,89,7,7
28605,66,60,6,6
28606,158,116,42,42
28607,80,65,15,15
28608,67,57,10,10
28609,67,62,5,5
28610,79,71,8,8
28611,57,56,1,1
28612,66,65,1,1
28613,44,43,1,1
28614,59,54,5,5
28615,150,121,29,29
28616,128,109,19,19
28617,74,69,5,5
28618,38,48,-10,10
28619,51,48,3,3
28620,123,108,15,15
28621,61,52,9,9
28622,77,60,17,17
28623,61,56,5,5
28624,94,80,14,14
28625,104,96,8,8
28626,62,65,-3,3
28627,115,95,20,20
28628,122,94,28,28
28629,96,88,8,8
28630,84,77,7,7
28631,119,112,7,7
28632,99,85,14,14
28633,85,74,11,11
28634,118,96,22,22
28635,144,116,28,28
28636,54,51,3,3
28637,152,127,25,25
28638,47,49,-2,2
28639,67,59,8,8
28640,81,73,8,8
28641,125,108,17,17
28642,104,87,17,17
28643,63,64,-1,1
28644,71,55,16,16
28645,56,58,-2,2
28646,144,119,25,25
28647,125,118,7,7
28648,64,56,8,8
28649,108,87,21,21
28650,87,73,14,14
28651,66,67,-1,1
28652,83,77,6,6
28653,102,89,13,13
28654,120,105,15,15
28655,114,102,12,12
28656,114,97,17,17
28657,148,125,23,23
28658,100,86,14,14
28659,76,68,8,8
28660,53,57,-4,4
28661,104,97,7,7
28662,101,92,9,9
28663,93,84,9,9
28664,50,48,2,2
28665,47,48,-1,1
28666,137,121,16,16
28667,109,92,17,17
28668,83,87,-4,4
28669,32,34,-2,2
28670,69,60,9,9
28671,92,80,12,12
28672,78,74,4,4
28673,96,99,-3,3
28674,92,83,9,9
28675,53,48,5,5
28676,144,122,22,22
28677,107,89,18,18
28678,112,95,17,17
28679,72,57,15,15
28680,108,90,18,18
28681,84,71,13,13
28682,54,51,3,3
28683,82,111,-29,29
28684,98,80,18,18
28685,73,70,3,3
28686,50,54,-4,4
28687,89,80,9,9
28688,66,58,8,8
28689,140,127,13,13
28690,97,87,10,10
28691,77,76,1,1
28692,106,74,32,32
28693,73,67,6,6
28694,122,103,19,19
28695,80,74,6,6
28696,60,54,6,6
28697,90,76,14,14
28698,83,76,7,7
28699,86,78,8,8
28700,33,33,0,0
28701,134,111,23,23
28702,117,105,12,12
28703,60,54,6,6
28704,116,101,15,15
28705,110,106,4,4
28706,129,112,17,17
28707,88,78,10,10
28708,76,66,10,10
28709,171,147,24,24
28710,98,78,20,20
28711,100,84,16,16
28712,66,55,11,11
28713,140,115,25,25
28714,101,78,23,23
28715,61,54,7,7
28716,89,78,11,11
28717,93,85,8,8
28718,101,82,19,19
28719,63,66,-3,3
28720,85,80,5,5
28721,94,87,7,7
28722,114,121,-7,7
28723,104,98,6,6
28724,78,70,8,8
28725,108,113,-5,5
28726,57,51,6,6
28727,38,40,-2,2
28728,69,68,1,1
28729,106,98,8,8
28730,77,71,6,6
28731,235,205,30,30
28732,98,89,9,9
28733,111,100,11,11
28734,70,78,-8,8
28735,102,90,12,12
28736,92,87,5,5
28737,67,69,-2,2
28738,83,78,5,5
28739,71,69,2,2
28740,92,72,20,20
28741,59,58,1,1
28742,90,79,11,11
28743,71,63,8,8
28744,52,53,-1,1
28745,109,84,25,25
28746,105,100,5,5
28747,79,70,9,9
28748,81,68,13,13
28749,84,81,3,3
28750,80,65,15,15
28751,56,60,-4,4
28752,84,72,12,12
28753,44,46,-2,2
28754,85,77,8,8
28755,62,61,1,1
28756,83,68,15,15
28757,59,68,-9,9
28758,92,79,13,13
28759,99,93,6,6
28760,131,132,-1,1
28761,58,56,2,2
28762,164,136,28,28
28763,132,104,28,28
28764,73,63,10,10
28765,82,75,7,7
28766,57,56,1,1
28767,97,96,1,1
28768,26,34,-8,8
28769,107,91,16,16
28770,88,73,15,15
28771,84,78,6,6
28772,82,78,4,4
28773,141,132,9,9
28774,78,66,12,12
28775,146,126,20,20
28776,84,70,14,14
28777,93,77,16,16
28778,74,66,8,8
28779,139,112,27,27
28780,125,112,13,13
28781,65,61,4,4
28782,101,97,4,4
28783,114,116,-2,2
28784,54,51,3,3
28785,99,81,18,18
28786,83,69,14,14
28787,128,109,19,19
28788,90,85,5,5
28789,77,70,7,7
28790,68,54,14,14
28791,78,82,-4,4
28792,76,66,10,10
28793,85,75,10,10
28794,106,96,10,10
28795,207,155,52,52
28796,105,93,12,12
28797,110,100,10,10
28798,86,71,15,15
28799,166,123,43,43
28800,118,107,11,11
28801,99,84,15,15
28802,80,82,-2,2
28803,27,39,-12,12
28804,125,100,25,25
28805,92,83,9,9
28806,85,71,14,14
28807,91,82,9,9
28808,61,54,7,7
28809,86,73,13,13
28810,50,47,3,3
28811,101,93,8,8
28812,79,63,16,16
28813,82,88,-6,6
28814,63,55,8,8
28815,100,83,17,17
28816,103,76,27,27
28817,150,124,26,26
28818,86,68,18,18
28819,72,73,-1,1
28820,54,51,3,3
28821,136,124,12,12
28822,60,52,8,8
28823,118,102,16,16
28824,64,52,12,12
28825,78,67,11,11
28826,76,64,12,12
28827,145,124,21,21
28828,62,65,-3,3
28829,98,90,8,8
28830,100,90,10,10
28831,142,121,21,21
28832,77,78,-1,1
28833,81,80,1,1
28834,79,75,4,4
28835,78,70,8,8
28836,84,80,4,4
28837,63,56,7,7
28838,94,83,11,11
28839,89,77,12,12
28840,78,70,8,8
28841,132,121,11,11
28842,151,127,24,24
28843,156,133,23,23
28844,41,53,-12,12
28845,106,96,10,10
28846,99,88,11,11
28847,42,42,0,0
28848,79,68,11,11
28849,60,70,-10,10
28850,136,125,11,11
28851,130,118,12,12
28852,136,124,12,12
28853,81,66,15,15
28854,112,100,12,12
28855,60,61,-1,1
28856,93,71,22,22
28857,103,94,9,9
28858,180,148,32,32
28859,93,81,12,12
28860,172,144,28,28
28861,95,105,-10,10
28862,79,81,-2,2
28863,55,54,1,1
28864,105,96,9,9
28865,118,103,15,15
28866,111,95,16,16
28867,66,64,2,2
28868,146,110,36,36
28869,81,101,-20,20
28870,75,61,14,14
28871,79,75,4,4
28872,64,56,8,8
28873,97,91,6,6
28874,103,91,12,12
28875,68,63,5,5
28876,74,72,2,2
28877,80,62,18,18
28878,90,69,21,21
28879,59,53,6,6
28880,109,102,7,7
28881,90,78,12,12
28882,71,69,2,2
28883,108,96,12,12
28884,83,68,15,15
28885,130,111,19,19
28886,85,77,8,8
28887,49,55,-6,6
28888,73,64,9,9
28889,104,95,9,9
28890,131,117,14,14
28891,69,62,7,7
28892,102,87,15,15
28893,74,65,9,9
28894,58,54,4,4
28895,167,136,31,31
28896,144,127,17,17
28897,108,97,11,11
28898,70,63,7,7
28899,84,75,9,9
28900,50,47,3,3
28901,68,65,3,3
28902,128,118,10,10
28903,106,95,11,11
28904,63,59,4,4
28905,61,93,-32,32
28906,82,73,9,9
28907,100,95,5,5
28908,92,78,14,14
28909,75,76,-1,1
28910,132,115,17,17
28911,85,84,1,1
28912,183,150,33,33
28913,115,98,17,17
28914,125,110,15,15
28915,99,86,13,13
28916,102,90,12,12
28917,125,114,11,11
28918,75,68,7,7
28919,173,148,25,25
28920,66,65,1,1
28921,90,74,16,16
28922,88,79,9,9
28923,124,112,12,12
28924,70,61,9,9
28925,93,77,16,16
28926,64,55,9,9
28927,60,53,7,7
28928,134,122,12,12
28929,104,87,17,17
28930,44,45,-1,1
28931,109,86,23,23
28932,68,57,11,11
28933,81,76,5,5
28934,103,91,12,12
28935,99,91,8,8
28936,80,71,9,9
28937,104,97,7,7
28938,67,64,3,3
28939,126,109,17,17
28940,53,49,4,4
28941,135,115,20,20
28942,95,79,16,16
28943,95,90,5,5
28944,63,59,4,4
28945,140,111,29,29
28946,71,71,0,0
28947,79,68,11,11
28948,47,69,-22,22
28949,87,90,-3,3
28950,57,53,4,4
28951,81,73,8,8
28952,53,48,5,5
28953,88,88,0,0
28954,109,99,10,10
28955,85,78,7,7
28956,114,100,14,14
28957,81,76,5,5
28958,85,86,-1,1
28959,95,83,12,12
28960,61,65,-4,4
28961,65,59,6,6
28962,47,55,-8,8
28963,57,52,5,5
28964,66,69,-3,3
28965,86,82,4,4
28966,76,68,8,8
28967,143,119,24,24
28968,79,86,-7,7
28969,87,69,18,18
28970,99,87,12,12
28971,103,102,1,1
28972,83,70,13,13
28973,116,102,14,14
28974,128,111,17,17
28975,159,136,23,23
28976,113,92,21,21
28977,124,106,18,18
28978,81,79,2,2
28979,66,52,14,14
28980,82,63,19,19
28981,58,58,0,0
28982,101,94,7,7
28983,67,69,-2,2
28984,97,77,20,20
28985,78,72,6,6
28986,104,97,7,7
28987,117,104,13,13
28988,82,83,-1,1
28989,125,115,10,10
28990,152,138,14,14
28991,92,85,7,7
28992,128,107,21,21
28993,68,63,5,5
28994,101,85,16,16
28995,96,87,9,9
28996,98,86,12,12
28997,134,111,23,23
28998,106,99,7,7
28999,54,50,4,4
29000,88,87,1,1
29001,66,58,8,8
29002,99,87,12,12
29003,82,76,6,6
29004,118,108,10,10
29005,66,57,9,9
29006,96,84,12,12
29007,139,122,17,17
29008,25,39,-14,14
29009,123,103,20,20
29010,130,112,18,18
29011,92,79,13,13
29012,80,83,-3,3
29013,67,58,9,9
29014,71,63,8,8
29015,92,83,9,9
29016,113,92,21,21
29017,67,72,-5,5
29018,58,56,2,2
29019,39,76,-37,37
29020,78,74,4,4
29021,113,91,22,22
29022,50,45,5,5
29023,66,56,10,10
29024,88,77,11,11
29025,88,96,-8,8
29026,131,102,29,29
29027,64,71,-7,7
29028,91,81,10,10
29029,101,78,23,23
29030,110,92,18,18
29031,56,59,-3,3
29032,77,71,6,6
29033,129,111,18,18
29034,91,93,-2,2
29035,97,92,5,5
29036,98,88,10,10
29037,75,69,6,6
29038,109,85,24,24
29039,64,66,-2,2
29040,71,65,6,6
29041,54,54,0,0
29042,59,56,3,3
29043,145,129,16,16
29044,86,71,15,15
29045,56,52,4,4
29046,79,76,3,3
29047,114,101,13,13
29048,65,68,-3,3
29049,104,90,14,14
29050,61,64,-3,3
29051,155,139,16,16
29052,106,89,17,17
29053,48,59,-11,11
29054,173,129,44,44
29055,31,43,-12,12
29056,87,81,6,6
29057,147,127,20,20
29058,79,70,9,9
29059,92,93,-1,1
29060,100,80,20,20
29061,118,112,6,6
29062,83,72,11,11
29063,72,67,5,5
29064,101,85,16,16
29065,83,78,5,5
29066,94,86,8,8
29067,103,98,5,5
29068,73,65,8,8
29069,179,153,26,26
29070,115,95,20,20
29071,85,75,10,10
29072,101,90,11,11
29073,130,116,14,14
29074,155,143,12,12
29075,65,59,6,6
29076,116,109,7,7
29077,71,68,3,3
29078,78,76,2,2
29079,129,113,16,16
29080,78,65,13,13
29081,141,120,21,21
29082,139,114,25,25
29083,90,80,10,10
29084,174,146,28,28
29085,92,81,11,11
29086,76,69,7,7
29087,40,44,-4,4
29088,36,35,1,1
29089,78,65,13,13
29090,89,86,3,3
29091,63,63,0,0
29092,79,67,12,12
29093,127,102,25,25
29094,61,62,-1,1
29095,118,65,53,53
29096,112,91,21,21
29097,131,110,21,21
29098,78,71,7,7
29099,95,84,11,11
29100,75,66,9,9
29101,170,148,22,22
29102,97,89,8,8
29103,62,58,4,4
29104,130,108,22,22
29105,116,117,-1,1
29106,72,70,2,2
29107,89,77,12,12
29108,95,89,6,6
29109,82,73,9,9
29110,54,55,-1,1
29111,102,91,11,11
29112,106,92,14,14
29113,138,116,22,22
29114,90,84,6,6
29115,53,59,-6,6
29116,111,88,23,23
29117,91,79,12,12
29118,84,82,2,2
29119,116,95,21,21
29120,119,101,18,18
29121,82,75,7,7
29122,102,86,16,16
29123,64,58,6,6
29124,40,50,-10,10
29125,104,96,8,8
29126,73,67,6,6
29127,92,81,11,11
29128,127,97,30,30
29129,155,132,23,23
29130,82,75,7,7
29131,86,77,9,9
29132,61,50,11,11
29133,136,111,25,25
29134,123,121,2,2
29135,40,48,-8,8
29136,103,86,17,17
29137,145,127,18,18
29138,92,86,6,6
29139,60,72,-12,12
29140,71,64,7,7
29141,63,57,6,6
29142,51,48,3,3
29143,92,82,10,10
29144,48,53,-5,5
29145,66,47,19,19
29146,165,132,33,33
29147,114,97,17,17
29148,48,53,-5,5
29149,121,98,23,23
29150,134,115,19,19
29151,68,62,6,6
29152,34,47,-13,13
29153,68,58,10,10
29154,72,68,4,4
29155,63,56,7,7
29156,59,61,-2,2
29157,94,82,12,12
29158,59,53,6,6
29159,77,79,-2,2
29160,119,98,21,21
29161,134,118,16,16
29162,120,105,15,15
29163,90,77,13,13
29164,79,68,11,11
29165,70,68,2,2
29166,103,88,15,15
29167,111,88,23,23
29168,62,58,4,4
29169,139,107,32,32
29170,138,127,11,11
29171,213,187,26,26
29172,73,66,7,7
29173,116,105,11,11
29174,135,119,16,16
29175,77,65,12,12
29176,89,74,15,15
29177,40,38,2,2
29178,82,68,14,14
29179,101,95,6,6
29180,81,88,-7,7
29181,159,138,21,21
29182,89,83,6,6
29183,74,75,-1,1
29184,106,91,15,15
29185,53,57,-4,4
29186,98,106,-8,8
29187,96,84,12,12
29188,116,106,10,10
29189,68,64,4,4
29190,74,67,7,7
29191,167,148,19,19
29192,90,89,1,1
29193,106,91,15,15
29194,62,51,11,11
29195,46,48,-2,2
29196,68,70,-2,2
29197,73,64,9,9
29198,78,69,9,9
29199,58,53,5,5
29200,129,109,20,20
29201,79,80,-1,1
29202,92,80,12,12
29203,34,48,-14,14
29204,81,48,33,33
29205,73,60,13,13
29206,171,148,23,23
29207,90,88,2,2
29208,70,75,-5,5
29209,199,177,22,22
29210,68,59,9,9
29211,161,145,16,16
29212,46,40,6,6
29213,61,57,4,4
29214,112,96,16,16
29215,133,112,21,21
29216,91,75,16,16
29217,80,83,-3,3
29218,160,122,38,38
29219,90,80,10,10
29220,103,84,19,19
29221,87,70,17,17
29222,148,123,25,25
29223,183,112,71,71
29224,87,75,12,12
29225,161,133,28,28
29226,80,69,11,11
29227,128,113,15,15
29228,123,106,17,17
29229,159,133,26,26
29230,48,44,4,4
29231,77,72,5,5
29232,87,78,9,9
29233,53,49,4,4
29234,118,101,17,17
29235,89,68,21,21
29236,76,68,8,8
29237,145,121,24,24
29238,125,100,25,25
29239,97,95,2,2
29240,49,49,0,0
29241,62,70,-8,8
29242,81,76,5,5
29243,136,120,16,16
29244,100,97,3,3
29245,187,178,9,9
29246,105,98,7,7
29247,176,151,25,25
29248,113,99,14,14
29249,115,109,6,6
29250,86,81,5,5
29251,120,99,21,21
29252,74,73,1,1
29253,86,87,-1,1
29254,99,97,2,2
29255,70,61,9,9
29256,109,101,8,8
29257,110,90,20,20
29258,102,90,12,12
29259,156,128,28,28
29260,107,97,10,10
29261,53,51,2,2
29262,121,101,20,20
29263,97,95,2,2
29264,103,102,1,1
29265,66,56,10,10
29266,108,113,-5,5
29267,59,60,-1,1
29268,64,64,0,0
29269,70,66,4,4
29270,86,75,11,11
29271,118,102,16,16
29272,61,62,-1,1
29273,120,99,21,21
29274,112,96,16,16
29275,176,134,42,42
29276,61,57,4,4
29277,89,91,-2,2
29278,115,94,21,21
29279,112,89,23,23
29280,110,96,14,14
29281,92,80,12,12
29282,124,104,20,20
29283,60,55,5,5
29284,70,60,10,10
29285,98,82,16,16
29286,77,70,7,7
29287,60,52,8,8
29288,149,128,21,21
29289,135,117,18,18
29290,71,65,6,6
29291,47,50,-3,3
29292,141,113,28,28
29293,76,79,-3,3
29294,85,71,14,14
29295,66,62,4,4
29296,86,76,10,10
29297,144,123,21,21
29298,74,74,0,0
29299,181,154,27,27
29300,79,74,5,5
29301,106,90,16,16
29302,138,117,21,21
29303,91,70,21,21
29304,76,68,8,8
29305,140,115,25,25
29306,77,71,6,6
29307,54,62,-8,8
29308,71,68,3,3
29309,110,90,20,20
29310,90,75,15,15
29311,116,105,11,11
29312,83,71,12,12
29313,59,60,-1,1
29314,92,81,11,11
29315,144,119,25,25
29316,67,55,12,12
29317,105,91,14,14
29318,62,55,7,7
29319,136,116,20,20
29320,111,100,11,11
29321,64,64,0,0
29322,73,55,18,18
29323,86,85,1,1
29324,84,76,8,8
29325,74,71,3,3
29326,135,118,17,17
29327,119,98,21,21
29328,83,81,2,2
29329,102,90,12,12
29330,84,84,0,0
29331,66,106,-40,40
29332,47,45,2,2
29333,97,81,16,16
29334,106,94,12,12
29335,75,69,6,6
29336,108,106,2,2
29337,154,127,27,27
29338,91,79,12,12
29339,75,70,5,5
29340,155,123,32,32
29341,75,78,-3,3
29342,211,167,44,44
29343,69,59,10,10
29344,52,49,3,3
29345,84,66,18,18
29346,89,79,10,10
29347,79,69,10,10
29348,78,75,3,3
29349,90,78,12,12
29350,305,231,74,74
29351,83,78,5,5
29352,193,165,28,28
29353,124,114,10,10
29354,46,44,2,2
29355,85,72,13,13
29356,84,78,6,6
29357,98,87,11,11
29358,72,67,5,5
29359,60,57,3,3
29360,102,88,14,14
29361,92,78,14,14
29362,102,91,11,11
29363,74,77,-3,3
29364,114,94,20,20
29365,86,85,1,1
29366,114,105,9,9
29367,151,144,7,7
29368,91,82,9,9
29369,78,66,12,12
29370,153,133,20,20
29371,80,84,-4,4
29372,108,97,11,11
29373,88,69,19,19
29374,153,124,29,29
29375,71,71,0,0
29376,95,91,4,4
29377,127,104,23,23
29378,139,128,11,11
29379,46,46,0,0
29380,124,107,17,17
29381,93,84,9,9
29382,114,95,19,19
29383,93,76,17,17
29384,67,58,9,9
29385,110,100,10,10
29386,63,59,4,4
29387,70,61,9,9
29388,87,76,11,11
29389,122,106,16,16
29390,107,102,5,5
29391,153,131,22,22
29392,94,85,9,9
29393,101,90,11,11
29394,78,75,3,3
29395,82,84,-2,2
29396,88,75,13,13
29397,94,78,16,16
29398,37,47,-10,10
29399,67,62,5,5
29400,85,70,15,15
29401,105,81,24,24
29402,40,51,-11,11
29403,194,158,36,36
29404,123,109,14,14
29405,87,71,16,16
29406,102,88,14,14
29407,145,117,28,28
29408,68,61,7,7
29409,159,124,35,35
29410,82,73,9,9
29411,83,69,14,14
29412,82,75,7,7
29413,69,59,10,10
29414,103,96,7,7
29415,105,93,12,12
29416,100,100,0,0
29417,55,49,6,6
29418,80,73,7,7
29419,73,72,1,1
29420,51,25,26,26
29421,124,106,18,18
29422,52,49,3,3
29423,115,121,-6,6
29424,116,98,18,18
29425,101,94,7,7
29426,63,49,14,14
29427,52,51,1,1
29428,84,70,14,14
29429,142,128,14,14
29430,71,66,5,5
29431,82,83,-1,1
29432,85,84,1,1
29433,74,66,8,8
29434,61,53,8,8
29435,107,100,7,7
29436,98,88,10,10
29437,80,72,8,8
29438,69,72,-3,3
29439,64,60,4,4
29440,137,113,24,24
29441,77,67,10,10
29442,94,93,1,1
29443,86,77,9,9
29444,60,57,3,3
29445,54,60,-6,6
29446,62,58,4,4
29447,86,71,15,15
29448,60,56,4,4
29449,64,58,6,6
29450,91,86,5,5
29451,71,63,8,8
29452,78,78,0,0
29453,104,91,13,13
29454,103,95,8,8
29455,167,158,9,9
29456,129,100,29,29
29457,125,118,7,7
29458,108,105,3,3
29459,77,73,4,4
29460,121,109,12,12
29461,77,68,9,9
29462,61,63,-2,2
29463,67,65,2,2
29464,96,82,14,14
29465,113,111,2,2
29466,70,64,6,6
29467,79,67,12,12
29468,91,86,5,5
29469,86,88,-2,2
29470,74,67,7,7
29471,78,77,1,1
29472,117,98,19,19
29473,82,63,19,19
29474,79,73,6,6
29475,138,136,2,2
29476,92,76,16,16
29477,69,60,9,9
29478,81,81,0,0
29479,73,67,6,6
29480,100,92,8,8
29481,51,44,7,7
29482,60,57,3,3
29483,109,89,20,20
29484,131,116,15,15
29485,71,69,2,2
29486,77,76,1,1
29487,97,98,-1,1
29488,69,63,6,6
29489,124,104,20,20
29490,69,63,6,6
29491,131,111,20,20
29492,87,81,6,6
29493,178,154,24,24
29494,111,100,11,11
29495,122,98,24,24
29496,155,129,26,26
29497,136,103,33,33
29498,113,113,0,0
29499,64,63,1,1
29500,111,94,17,17
29501,94,81,13,13
29502,58,57,1,1
29503,89,74,15,15
29504,82,72,10,10
29505,87,84,3,3
29506,50,55,-5,5
29507,79,68,11,11
29508,140,112,28,28
29509,134,183,-49,49
29510,119,99,20,20
29511,140,126,14,14
29512,119,106,13,13
29513,52,52,0,0
29514,124,120,4,4
29515,131,101,30,30
29516,45,49,-4,4
29517,70,62,8,8
29518,99,89,10,10
29519,82,71,11,11
29520,73,61,12,12
29521,120,114,6,6
29522,107,98,9,9
29523,88,81,7,7
29524,82,72,10,10
29525,59,55,4,4
29526,90,91,-1,1
29527,56,58,-2,2
29528,113,100,13,13
29529,78,65,13,13
29530,61,60,1,1
29531,89,80,9,9
29532,44,51,-7,7
29533,62,54,8,8
29534,111,101,10,10
29535,75,69,6,6
29536,74,67,7,7
29537,79,64,15,15
29538,89,80,9,9
29539,94,83,11,11
29540,116,99,17,17
29541,120,97,23,23
29542,180,146,34,34
29543,48,43,5,5
29544,85,77,8,8
29545,112,92,20,20
29546,114,86,28,28
29547,78,70,8,8
29548,111,113,-2,2
29549,71,68,3,3
29550,64,62,2,2
29551,47,45,2,2
29552,85,79,6,6
29553,90,88,2,2
29554,137,111,26,26
29555,138,124,14,14
29556,64,55,9,9
29557,78,69,9,9
29558,42,38,4,4
29559,98,84,14,14
29560,59,48,11,11
29561,76,77,-1,1
29562,106,90,16,16
29563,33,38,-5,5
29564,121,107,14,14
29565,108,90,18,18
29566,76,75,1,1
29567,64,59,5,5
29568,73,58,15,15
29569,112,101,11,11
29570,105,87,18,18
29571,59,61,-2,2
29572,205,159,46,46
29573,78,78,0,0
29574,79,80,-1,1
29575,123,107,16,16
29576,83,82,1,1
29577,115,107,8,8
29578,75,69,6,6
29579,86,80,6,6
29580,111,113,-2,2
29581,82,99,-17,17
29582,157,139,18,18
29583,58,55,3,3
29584,101,88,13,13
29585,99,89,10,10
29586,96,88,8,8
29587,133,125,8,8
29588,93,84,9,9
29589,79,69,10,10
29590,87,67,20,20
29591,101,97,4,4
29592,73,68,5,5
29593,76,69,7,7
29594,110,95,15,15
29595,100,88,12,12
29596,87,79,8,8
29597,126,117,9,9
29598,81,67,14,14
29599,70,71,-1,1
29600,139,127,12,12
29601,74,68,6,6
29602,147,111,36,36
29603,92,79,13,13
29604,133,103,30,30
29605,87,77,10,10
29606,96,90,6,6
29607,70,91,-21,21
29608,75,75,0,0
29609,121,105,16,16
29610,88,77,11,11
29611,96,90,6,6
29612,196,131,65,65
29613,90,83,7,7
29614,110,100,10,10
29615,59,55,4,4
29616,131,113,18,18
29617,56,52,4,4
29618,98,92,6,6
29619,94,80,14,14
29620,73,71,2,2
29621,52,45,7,7
29622,97,81,16,16
29623,119,102,17,17
29624,94,77,17,17
29625,144,124,20,20
29626,128,112,16,16
29627,81,69,12,12
29628,101,85,16,16
29629,138,114,24,24
29630,68,59,9,9
29631,124,100,24,24
29632,61,68,-7,7
29633,118,95,23,23
29634,69,65,4,4
29635,84,78,6,6
29636,175,140,35,35
29637,54,49,5,5
29638,72,76,-4,4
29639,82,65,17,17
29640,102,84,18,18
29641,107,93,14,14
29642,110,96,14,14
29643,128,113,15,15
29644,132,118,14,14
29645,80,71,9,9
29646,60,61,-1,1
29647,54,55,-1,1
29648,89,84,5,5
29649,90,86,4,4
29650,62,73,-11,11
29651,64,74,-10,10
29652,74,62,12,12
29653,123,182,-59,59
29654,77,68,9,9
29655,79,68,11,11
29656,88,81,7,7
29657,77,81,-4,4
29658,96,91,5,5
29659,80,73,7,7
29660,104,90,14,14
29661,46,49,-3,3
29662,70,72,-2,2
29663,93,91,2,2
29664,103,87,16,16
29665,117,97,20,20
29666,80,75,5,5
29667,93,81,12,12
29668,88,82,6,6
29669,101,85,16,16
29670,69,65,4,4
29671,97,83,14,14
29672,56,51,5,5
29673,101,89,12,12
29674,122,105,17,17
29675,95,94,1,1
29676,113,100,13,13
29677,150,131,19,19
29678,164,147,17,17
29679,87,78,9,9
29680,128,111,17,17
29681,66,65,1,1
29682,68,57,11,11
29683,120,102,18,18
29684,151,135,16,16
29685,72,60,12,12
29686,89,88,1,1
29687,231,194,37,37
29688,49,60,-11,11
29689,68,61,7,7
29690,81,70,11,11
29691,96,88,8,8
29692,123,99,24,24
29693,88,77,11,11
29694,188,159,29,29
29695,78,65,13,13
29696,78,73,5,5
29697,105,96,9,9
29698,102,89,13,13
29699,74,74,0,0
29700,74,70,4,4
29701,63,63,0,0
29702,106,92,14,14
29703,90,76,14,14
29704,100,85,15,15
29705,106,93,13,13
29706,74,71,3,3
29707,75,72,3,3
29708,119,118,1,1
29709,115,104,11,11
29710,125,103,22,22
29711,106,90,16,16
29712,113,103,10,10
29713,81,71,10,10
29714,84,72,12,12
29715,79,80,-1,1
29716,129,107,22,22
29717,55,50,5,5
29718,99,92,7,7
29719,88,82,6,6
29720,129,100,29,29
29721,92,82,10,10
29722,113,106,7,7
29723,67,65,2,2
29724,96,98,-2,2
29725,64,65,-1,1
29726,132,129,3,3
29727,172,139,33,33
29728,104,99,5,5
29729,83,69,14,14
29730,70,76,-6,6
29731,104,95,9,9
29732,78,65,13,13
29733,66,73,-7,7
29734,81,74,7,7
29735,63,61,2,2
29736,74,72,2,2
29737,109,83,26,26
29738,70,62,8,8
29739,91,73,18,18
29740,95,85,10,10
29741,76,73,3,3
29742,68,63,5,5
29743,92,81,11,11
29744,65,58,7,7
29745,36,40,-4,4
29746,105,94,11,11
29747,110,97,13,13
29748,121,103,18,18
29749,49,43,6,6
29750,98,76,22,22
29751,117,97,20,20
29752,52,93,-41,41
29753,84,81,3,3
29754,148,124,24,24
29755,63,57,6,6
29756,63,66,-3,3
29757,92,85,7,7
29758,85,72,13,13
29759,93,80,13,13
29760,88,68,20,20
29761,80,73,7,7
29762,83,76,7,7
29763,61,62,-1,1
29764,76,71,5,5
29765,81,81,0,0
29766,75,62,13,13
29767,61,50,11,11
29768,110,96,14,14
29769,91,77,14,14
29770,63,52,11,11
29771,126,116,10,10
29772,102,83,19,19
29773,102,86,16,16
29774,107,91,16,16
29775,49,50,-1,1
29776,71,70,1,1
29777,70,78,-8,8
29778,94,90,4,4
29779,201,166,35,35
29780,80,76,4,4
29781,62,52,10,10
29782,97,85,12,12
29783,77,73,4,4
29784,74,67,7,7
29785,55,54,1,1
29786,88,78,10,10
29787,27,38,-11,11
29788,64,57,7,7
29789,95,100,-5,5
29790,74,69,5,5
29791,99,94,5,5
29792,68,63,5,5
29793,65,65,0,0
29794,97,90,7,7
29795,73,67,6,6
29796,88,82,6,6
29797,121,114,7,7
29798,102,87,15,15
29799,101,96,5,5
29800,78,78,0,0
29801,156,126,30,30
29802,76,74,2,2
29803,66,55,11,11
29804,91,91,0,0
29805,82,69,13,13
29806,150,134,16,16
29807,46,46,0,0
29808,164,147,17,17
29809,134,117,17,17
29810,124,104,20,20
29811,75,70,5,5
29812,64,67,-3,3
29813,207,173,34,34
29814,125,111,14,14
29815,143,118,25,25
29816,79,66,13,13
29817,62,58,4,4
29818,149,135,14,14
29819,136,118,18,18
29820,48,45,3,3
29821,117,98,19,19
29822,50,50,0,0
29823,88,76,12,12
29824,62,59,3,3
29825,37,40,-3,3
29826,142,118,24,24
29827,59,55,4,4
29828,123,109,14,14
29829,78,69,9,9
29830,117,98,19,19
29831,84,79,5,5
29832,191,157,34,34
29833,176,144,32,32
29834,68,53,15,15
29835,58,52,6,6
29836,74,67,7,7
29837,166,142,24,24
29838,178,149,29,29
29839,102,92,10,10
29840,106,89,17,17
29841,121,114,7,7
29842,157,137,20,20
29843,60,52,8,8
29844,116,98,18,18
29845,133,120,13,13
29846,50,50,0,0
29847,90,82,8,8
29848,138,115,23,23
29849,216,188,28,28
29850,114,104,10,10
29851,107,96,11,11
29852,68,57,11,11
29853,52,54,-2,2
29854,139,117,22,22
29855,98,79,19,19
29856,143,121,22,22
29857,97,79,18,18
29858,80,76,4,4
29859,60,52,8,8
29860,104,93,11,11
29861,102,103,-1,1
29862,155,133,22,22
29863,157,129,28,28
29864,122,98,24,24
29865,89,79,10,10
29866,68,61,7,7
29867,68,63,5,5
29868,102,96,6,6
29869,107,102,5,5
29870,62,57,5,5
29871,145,133,12,12
29872,92,79,13,13
29873,113,97,16,16
29874,72,60,12,12
29875,67,63,4,4
29876,86,79,7,7
29877,78,77,1,1
29878,94,86,8,8
29879,103,79,24,24
29880,145,135,10,10
29881,74,74,0,0
29882,128,117,11,11
29883,146,108,38,38
29884,54,55,-1,1
29885,162,130,32,32
29886,150,133,17,17
29887,57,59,-2,2
29888,118,104,14,14
29889,37,42,-5,5
29890,121,99,22,22
29891,130,110,20,20
29892,62,59,3,3
29893,66,60,6,6
29894,119,91,28,28
29895,120,101,19,19
29896,100,101,-1,1
29897,121,118,3,3
29898,85,89,-4,4
29899,99,85,14,14
29900,63,62,1,1
29901,98,81,17,17
29902,62,55,7,7
29903,78,70,8,8
29904,61,54,7,7
29905,110,92,18,18
29906,90,81,9,9
29907,125,89,36,36
29908,59,49,10,10
29909,83,72,11,11
29910,103,101,2,2
29911,66,59,7,7
29912,131,115,16,16
29913,72,70,2,2
29914,56,56,0,0
29915,110,99,11,11
29916,72,69,3,3
29917,120,111,9,9
29918,82,77,5,5
29919,79,77,2,2
29920,169,146,23,23
29921,140,131,9,9
29922,139,112,27,27
29923,53,53,0,0
29924,93,93,0,0
29925,95,80,15,15
29926,91,81,10,10
29927,96,82,14,14
29928,115,101,14,14
29929,80,65,15,15
29930,61,59,2,2
29931,125,116,9,9
29932,79,68,11,11
29933,113,95,18,18
29934,113,108,5,5
29935,79,72,7,7
29936,143,119,24,24
29937,69,75,-6,6
29938,71,88,-17,17
29939,67,63,4,4
29940,53,48,5,5
29941,132,126,6,6
29942,129,111,18,18
29943,85,74,11,11
29944,107,95,12,12
29945,143,123,20,20
29946,57,47,10,10
29947,99,86,13,13
29948,54,57,-3,3
29949,102,98,4,4
29950,64,59,5,5
29951,86,87,-1,1
29952,88,77,11,11
29953,170,137,33,33
29954,71,67,4,4
29955,127,111,16,16
29956,61,56,5,5
29957,63,64,-1,1
29958,46,45,1,1
29959,78,65,13,13
29960,85,84,1,1
29961,86,69,17,17
29962,91,77,14,14
29963,75,65,10,10
29964,75,68,7,7
29965,73,88,-15,15
29966,74,66,8,8
29967,69,67,2,2
29968,77,66,11,11
29969,119,107,12,12
29970,77,83,-6,6
29971,143,122,21,21
29972,132,120,12,12
29973,89,83,6,6
29974,60,52,8,8
29975,131,116,15,15
29976,83,69,14,14
29977,80,74,6,6
29978,92,78,14,14
29979,187,167,20,20
29980,128,117,11,11
29981,151,124,27,27
29982,44,40,4,4
29983,83,84,-1,1
29984,78,65,13,13
29985,81,74,7,7
29986,73,71,2,2
29987,138,123,15,15
29988,45,41,4,4
29989,58,61,-3,3
29990,105,95,10,10
29991,103,92,11,11
29992,91,81,10,10
29993,48,48,0,0
29994,74,74,0,0
29995,104,82,22,22
29996,69,68,1,1
29997,62,59,3,3
29998,140,138,2,2
29999,129,135,-6,6
30000,98,84,14,14
30001,99,85,14,14
30002,71,61,10,10
30003,149,142,7,7
30004,101,93,8,8
30005,114,112,2,2
30006,181,151,30,30
30007,112,106,6,6
30008,112,102,10,10
30009,95,84,11,11
30010,133,119,14,14
30011,168,139,29,29
30012,24,45,-21,21
30013,119,101,18,18
30014,102,88,14,14
30015,84,74,10,10
30016,134,118,16,16
30017,69,59,10,10
30018,66,54,12,12
30019,74,63,11,11
30020,113,98,15,15
30021,64,64,0,0
30022,79,70,9,9
30023,103,79,24,24
30024,107,95,12,12
30025,66,67,-1,1
30026,88,79,9,9
30027,158,144,14,14
30028,123,99,24,24
30029,73,74,-1,1
30030,105,93,12,12
30031,65,60,5,5
30032,119,107,12,12
30033,68,61,7,7
30034,64,59,5,5
30035,74,66,8,8
30036,23,29,-6,6
30037,97,85,12,12
30038,124,107,17,17
30039,72,69,3,3
30040,132,114,18,18
30041,42,49,-7,7
30042,121,97,24,24
30043,89,77,12,12
30044,113,101,12,12
30045,114,98,16,16
30046,57,50,7,7
30047,63,58,5,5
30048,121,106,15,15
30049,144,124,20,20
30050,118,100,18,18
30051,64,57,7,7
30052,121,103,18,18
30053,135,113,22,22
30054,80,81,-1,1
30055,110,92,18,18
30056,100,89,11,11
30057,94,90,4,4
30058,83,73,10,10
30059,87,84,3,3
30060,67,62,5,5
30061,95,95,0,0
30062,88,74,14,14
30063,93,84,9,9
30064,91,72,19,19
30065,133,114,19,19
30066,77,87,-10,10
30067,106,99,7,7
30068,53,53,0,0
30069,89,85,4,4
30070,154,114,40,40
30071,98,94,4,4
30072,54,55,-1,1
30073,79,74,5,5
30074,115,100,15,15
30075,135,122,13,13
30076,81,73,8,8
30077,56,60,-4,4
30078,54,59,-5,5
30079,73,59,14,14
30080,80,78,2,2
30081,114,96,18,18
30082,170,158,12,12
30083,124,103,21,21
30084,63,56,7,7
30085,93,95,-2,2
30086,77,67,10,10
30087,178,150,28,28
30088,67,58,9,9
30089,72,63,9,9
30090,60,55,5,5
30091,64,59,5,5
30092,85,75,10,10
30093,158,131,27,27
30094,124,101,23,23
30095,70,108,-38,38
30096,61,65,-4,4
30097,110,107,3,3
30098,94,91,3,3
30099,161,134,27,27
30100,98,88,10,10
30101,165,140,25,25
30102,82,78,4,4
30103,102,95,7,7
30104,105,93,12,12
30105,85,86,-1,1
30106,106,100,6,6
30107,91,84,7,7
30108,86,82,4,4
30109,44,44,0,0
30110,96,92,4,4
30111,114,99,15,15
30112,83,75,8,8
30113,24,31,-7,7
30114,75,74,1,1
30115,140,132,8,8
30116,46,46,0,0
30117,80,73,7,7
30118,82,91,-9,9
30119,125,110,15,15
30120,56,54,2,2
30121,76,70,6,6
30122,44,40,4,4
30123,102,82,20,20
30124,146,125,21,21
30125,46,47,-1,1
30126,80,76,4,4
30127,117,112,5,5
30128,85,73,12,12
30129,60,51,9,9
30130,81,81,0,0
30131,42,37,5,5
30132,79,80,-1,1
30133,98,83,15,15
30134,110,93,17,17
30135,74,65,9,9
30136,54,52,2,2
30137,113,106,7,7
30138,78,81,-3,3
30139,52,47,5,5
30140,449,352,97,97
30141,121,108,13,13
30142,68,58,10,10
30143,35,42,-7,7
30144,36,37,-1,1
30145,81,79,2,2
30146,155,132,23,23
30147,207,162,45,45
30148,105,98,7,7
30149,66,64,2,2
30150,105,81,24,24
30151,63,53,10,10
30152,97,83,14,14
30153,114,95,19,19
30154,69,63,6,6
30155,181,158,23,23
30156,58,59,-1,1
30157,56,53,3,3
30158,41,38,3,3
30159,61,61,0,0
30160,108,102,6,6
30161,113,94,19,19
30162,46,41,5,5
30163,85,73,12,12
30164,109,100,9,9
30165,144,129,15,15
30166,45,69,-24,24
30167,56,48,8,8
30168,71,60,11,11
30169,83,70,13,13
30170,72,67,5,5
30171,92,74,18,18
30172,97,104,-7,7
30173,52,54,-2,2
30174,135,122,13,13
30175,69,65,4,4
30176,88,82,6,6
30177,79,67,12,12
30178,74,66,8,8
30179,74,67,7,7
30180,102,96,6,6
30181,154,127,27,27
30182,225,189,36,36
30183,98,93,5,5
30184,77,71,6,6
30185,164,131,33,33
30186,144,104,40,40
30187,75,62,13,13
30188,142,133,9,9
30189,115,101,14,14
30190,81,73,8,8
30191,103,96,7,7
30192,94,90,4,4
30193,76,84,-8,8
30194,50,50,0,0
30195,108,104,4,4
30196,146,125,21,21
30197,90,81,9,9
30198,129,112,17,17
30199,74,79,-5,5
30200,105,90,15,15
30201,91,81,10,10
30202,121,112,9,9
30203,109,86,23,23
30204,85,90,-5,5
30205,111,105,6,6
30206,136,116,20,20
30207,74,66,8,8
30208,89,86,3,3
30209,102,90,12,12
30210,63,50,13,13
30211,113,100,13,13
30212,92,72,20,20
30213,87,80,7,7
30214,98,84,14,14
30215,111,100,11,11
30216,116,97,19,19
30217,133,119,14,14
30218,160,132,28,28
30219,86,75,11,11
30220,132,112,20,20
30221,110,96,14,14
30222,53,51,2,2
30223,95,84,11,11
30224,88,78,10,10
30225,56,52,4,4
30226,75,70,5,5
30227,76,69,7,7
30228,47,44,3,3
30229,96,81,15,15
30230,39,55,-16,16
30231,159,125,34,34
30232,61,61,0,0
30233,53,47,6,6
30234,84,78,6,6
30235,85,72,13,13
30236,82,80,2,2
30237,88,83,5,5
30238,87,72,15,15
30239,111,99,12,12
30240,161,139,22,22
30241,131,114,17,17
30242,89,73,16,16
30243,156,136,20,20
30244,61,56,5,5
30245,94,90,4,4
30246,102,79,23,23
30247,167,153,14,14
30248,182,155,27,27
30249,59,49,10,10
30250,162,129,33,33
30251,132,115,17,17
30252,66,57,9,9
30253,88,80,8,8
30254,106,78,28,28
30255,59,55,4,4
30256,86,78,8,8
30257,45,46,-1,1
30258,42,48,-6,6
30259,54,48,6,6
30260,79,75,4,4
30261,139,127,12,12
30262,98,92,6,6
30263,113,100,13,13
30264,87,82,5,5
30265,55,55,0,0
30266,47,46,1,1
30267,93,91,2,2
30268,55,54,1,1
30269,113,130,-17,17
30270,87,72,15,15
30271,138,126,12,12
30272,106,86,20,20
30273,76,72,4,4
30274,89,77,12,12
30275,90,78,12,12
30276,119,102,17,17
30277,106,93,13,13
30278,89,78,11,11
30279,80,75,5,5
30280,77,71,6,6
30281,138,111,27,27
30282,99,84,15,15
30283,70,70,0,0
30284,107,95,12,12
30285,64,61,3,3
30286,123,107,16,16
30287,75,72,3,3
30288,46,51,-5,5
30289,94,86,8,8
30290,68,60,8,8
30291,116,112,4,4
30292,68,70,-2,2
30293,42,34,8,8
30294,74,58,16,16
30295,102,95,7,7
30296,111,96,15,15
30297,102,98,4,4
30298,155,159,-4,4
30299,97,91,6,6
30300,75,70,5,5
30301,158,149,9,9
30302,66,50,16,16
30303,72,62,10,10
30304,197,144,53,53
30305,133,100,33,33
30306,103,100,3,3
30307,119,101,18,18
30308,88,82,6,6
30309,56,57,-1,1
30310,59,61,-2,2
30311,73,78,-5,5
30312,100,86,14,14
30313,83,68,15,15
30314,104,92,12,12
30315,91,86,5,5
30316,86,79,7,7
30317,62,54,8,8
30318,90,91,-1,1
30319,79,77,2,2
30320,127,115,12,12
30321,108,103,5,5
30322,38,60,-22,22
30323,63,67,-4,4
30324,55,55,0,0
30325,111,85,26,26
30326,53,55,-2,2
30327,77,69,8,8
30328,143,127,16,16
30329,136,116,20,20
30330,47,50,-3,3
30331,85,73,12,12
30332,96,91,5,5
30333,87,76,11,11
30334,87,77,10,10
30335,144,112,32,32
30336,105,90,15,15
30337,96,97,-1,1
30338,78,75,3,3
30339,140,138,2,2
30340,69,61,8,8
30341,41,47,-6,6
30342,73,74,-1,1
30343,75,69,6,6
30344,54,56,-2,2
30345,71,69,2,2
30346,92,88,4,4
30347,78,75,3,3
30348,106,94,12,12
30349,77,74,3,3
30350,74,68,6,6
30351,59,53,6,6
30352,94,99,-5,5
30353,86,75,11,11
30354,102,100,2,2
30355,87,83,4,4
30356,121,109,12,12
30357,75,63,12,12
30358,108,94,14,14
30359,174,140,34,34
30360,119,101,18,18
30361,84,82,2,2
30362,98,88,10,10
30363,84,81,3,3
30364,89,75,14,14
30365,87,70,17,17
30366,43,52,-9,9
30367,95,93,2,2
30368,62,61,1,1
30369,97,95,2,2
30370,110,97,13,13
30371,102,98,4,4
30372,95,89,6,6
30373,84,78,6,6
30374,88,79,9,9
30375,101,91,10,10
30376,154,138,16,16
30377,159,134,25,25
30378,103,86,17,17
30379,75,70,5,5
30380,119,92,27,27
30381,27,30,-3,3
30382,77,74,3,3
30383,169,135,34,34
30384,151,135,16,16
30385,72,62,10,10
30386,145,113,32,32
30387,62,63,-1,1
30388,52,66,-14,14
30389,69,70,-1,1
30390,74,66,8,8
30391,102,78,24,24
30392,91,85,6,6
30393,93,80,13,13
30394,81,73,8,8
30395,137,119,18,18
30396,157,138,19,19
30397,48,46,2,2
30398,122,111,11,11
30399,64,59,5,5
30400,175,145,30,30
30401,74,57,17,17
30402,47,50,-3,3
30403,103,91,12,12
30404,88,83,5,5
30405,64,70,-6,6
30406,94,81,13,13
30407,111,96,15,15
30408,209,158,51,51
30409,80,71,9,9
30410,108,101,7,7
30411,103,92,11,11
30412,93,105,-12,12
30413,86,80,6,6
30414,105,91,14,14
30415,110,94,16,16
30416,82,77,5,5
30417,69,60,9,9
30418,43,42,1,1
30419,74,73,1,1
30420,131,106,25,25
30421,137,126,11,11
30422,110,106,4,4
30423,61,60,1,1
30424,90,79,11,11
30425,78,70,8,8
30426,82,75,7,7
30427,82,76,6,6
30428,66,59,7,7
30429,136,123,13,13
30430,112,96,16,16
30431,71,66,5,5
30432,114,104,10,10
30433,105,134,-29,29
30434,93,75,18,18
30435,122,113,9,9
30436,167,148,19,19
30437,67,56,11,11
30438,62,78,-16,16
30439,116,99,17,17
30440,120,97,23,23
30441,126,108,18,18
30442,110,97,13,13
30443,85,79,6,6
30444,124,112,12,12
30445,129,118,11,11
30446,99,106,-7,7
30447,172,144,28,28
30448,76,71,5,5
30449,64,59,5,5
30450,138,113,25,25
30451,59,57,2,2
30452,123,110,13,13
30453,140,98,42,42
30454,67,60,7,7
30455,211,173,38,38
30456,155,128,27,27
30457,84,87,-3,3
30458,125,111,14,14
30459,72,66,6,6
30460,121,115,6,6
30461,121,112,9,9
30462,141,129,12,12
30463,67,60,7,7
30464,73,89,-16,16
30465,107,96,11,11
30466,72,60,12,12
30467,65,64,1,1
30468,82,72,10,10
30469,87,71,16,16
30470,87,76,11,11
30471,52,53,-1,1
30472,84,72,12,12
30473,81,71,10,10
30474,75,74,1,1
30475,126,113,13,13
30476,45,44,1,1
30477,48,52,-4,4
30478,77,73,4,4
30479,150,120,30,30
30480,100,88,12,12
30481,128,125,3,3
30482,86,77,9,9
30483,72,56,16,16
30484,108,97,11,11
30485,61,44,17,17
30486,121,112,9,9
30487,132,118,14,14
30488,112,108,4,4
30489,148,127,21,21
30490,89,92,-3,3
30491,47,52,-5,5
30492,75,67,8,8
30493,113,116,-3,3
30494,82,82,0,0
30495,82,75,7,7
30496,155,127,28,28
30497,114,95,19,19
30498,85,82,3,3
30499,97,91,6,6
30500,117,97,20,20
30501,57,57,0,0
30502,121,108,13,13
30503,50,48,2,2
30504,32,31,1,1
30505,126,112,14,14
30506,85,80,5,5
30507,45,50,-5,5
30508,105,91,14,14
30509,84,79,5,5
30510,99,83,16,16
30511,129,91,38,38
30512,115,102,13,13
30513,127,117,10,10
30514,42,60,-18,18
30515,86,83,3,3
30516,106,94,12,12
30517,108,93,15,15
30518,143,123,20,20
30519,98,96,2,2
30520,131,96,35,35
30521,117,106,11,11
30522,82,72,10,10
30523,79,72,7,7
30524,58,52,6,6
30525,96,80,16,16
30526,105,85,20,20
30527,103,95,8,8
30528,72,78,-6,6
30529,108,106,2,2
30530,155,133,22,22
30531,164,133,31,31
30532,60,54,6,6
30533,130,109,21,21
30534,123,104,19,19
30535,104,99,5,5
30536,79,69,10,10
30537,136,117,19,19
30538,130,117,13,13
30539,135,105,30,30
30540,77,68,9,9
30541,136,116,20,20
30542,107,78,29,29
30543,127,108,19,19
30544,116,105,11,11
30545,132,115,17,17
30546,88,73,15,15
30547,74,66,8,8
30548,71,73,-2,2
30549,53,50,3,3
30550,57,49,8,8
30551,189,158,31,31
30552,49,44,5,5
30553,124,113,11,11
30554,127,111,16,16
30555,45,58,-13,13
30556,110,107,3,3
30557,104,96,8,8
30558,82,75,7,7
30559,133,114,19,19
30560,229,189,40,40
30561,64,61,3,3
30562,107,86,21,21
30563,109,104,5,5
30564,174,143,31,31
30565,176,149,27,27
30566,101,82,19,19
30567,113,95,18,18
30568,139,117,22,22
30569,56,51,5,5
30570,75,66,9,9
30571,89,80,9,9
30572,34,42,-8,8
30573,130,112,18,18
30574,81,69,12,12
30575,103,103,0,0
30576,99,92,7,7
30577,136,124,12,12
30578,37,41,-4,4
30579,82,70,12,12
30580,125,109,16,16
30581,121,102,19,19
30582,94,80,14,14
30583,67,59,8,8
30584,110,111,-1,1
30585,82,73,9,9
30586,106,104,2,2
30587,154,127,27,27
30588,97,89,8,8
30589,65,61,4,4
30590,81,78,3,3
30591,53,51,2,2
30592,123,102,21,21
30593,123,99,24,24
30594,60,46,14,14
30595,59,60,-1,1
30596,71,89,-18,18
30597,154,131,23,23
30598,89,78,11,11
30599,89,75,14,14
30600,95,79,16,16
30601,78,70,8,8
30602,79,74,5,5
30603,132,115,17,17
30604,124,117,7,7
30605,125,107,18,18
30606,73,67,6,6
30607,109,102,7,7
30608,84,75,9,9
30609,114,106,8,8
30610,98,90,8,8
30611,229,191,38,38
30612,118,112,6,6
30613,105,94,11,11
30614,56,56,0,0
30615,86,75,11,11
30616,72,68,4,4
30617,144,147,-3,3
30618,151,127,24,24
30619,91,79,12,12
30620,134,123,11,11
30621,142,124,18,18
30622,119,106,13,13
30623,115,99,16,16
30624,122,111,11,11
30625,121,104,17,17
30626,145,142,3,3
30627,151,128,23,23
30628,99,76,23,23
30629,90,79,11,11
30630,115,126,-11,11
30631,65,73,-8,8
30632,90,81,9,9
30633,78,73,5,5
30634,65,65,0,0
30635,77,72,5,5
30636,64,58,6,6
30637,204,171,33,33
30638,134,125,9,9
30639,144,115,29,29
30640,127,115,12,12
30641,88,73,15,15
30642,61,58,3,3
30643,118,105,13,13
30644,91,82,9,9
30645,143,115,28,28
30646,166,133,33,33
30647,77,67,10,10
30648,97,84,13,13
30649,97,89,8,8
30650,98,77,21,21
30651,71,64,7,7
30652,77,67,10,10
30653,145,123,22,22
30654,127,111,16,16
30655,144,125,19,19
30656,128,105,23,23
30657,148,127,21,21
30658,67,59,8,8
30659,147,130,17,17
30660,85,85,0,0
30661,98,90,8,8
30662,72,65,7,7
30663,74,70,4,4
30664,111,101,10,10
30665,80,69,11,11
30666,73,65,8,8
30667,79,73,6,6
30668,90,71,19,19
30669,104,87,17,17
30670,70,64,6,6
30671,99,95,4,4
30672,64,60,4,4
30673,68,64,4,4
30674,96,83,13,13
30675,44,48,-4,4
30676,84,76,8,8
30677,81,68,13,13
30678,152,130,22,22
30679,69,66,3,3
30680,86,94,-8,8
30681,89,84,5,5
30682,151,126,25,25
30683,80,81,-1,1
30684,97,99,-2,2
30685,55,50,5,5
30686,126,105,21,21
30687,110,106,4,4
30688,112,109,3,3
30689,156,122,34,34
30690,52,63,-11,11
30691,88,81,7,7
30692,98,95,3,3
30693,131,110,21,21
30694,114,97,17,17
30695,154,138,16,16
30696,52,52,0,0
30697,134,123,11,11
30698,60,55,5,5
30699,68,64,4,4
30700,119,108,11,11
30701,61,61,0,0
30702,94,92,2,2
30703,98,93,5,5
30704,103,97,6,6
30705,120,108,12,12
30706,97,89,8,8
30707,126,106,20,20
30708,103,90,13,13
30709,97,89,8,8
30710,89,77,12,12
30711,69,61,8,8
30712,58,59,-1,1
30713,109,93,16,16
30714,91,71,20,20
30715,76,68,8,8
30716,206,172,34,34
30717,109,89,20,20
30718,167,142,25,25
30719,124,103,21,21
30720,68,60,8,8
30721,162,121,41,41
30722,92,84,8,8
30723,160,144,16,16
30724,107,94,13,13
30725,104,80,24,24
30726,72,60,12,12
30727,59,57,2,2
30728,102,84,18,18
30729,110,111,-1,1
30730,71,65,6,6
30731,96,83,13,13
30732,117,103,14,14
30733,67,67,0,0
30734,64,62,2,2
30735,111,100,11,11
30736,54,45,9,9
30737,70,66,4,4
30738,89,78,11,11
30739,125,117,8,8
30740,81,88,-7,7
30741,132,113,19,19
30742,122,109,13,13
30743,83,80,3,3
30744,49,57,-8,8
30745,134,108,26,26
30746,86,79,7,7
30747,87,75,12,12
30748,113,104,9,9
30749,147,132,15,15
30750,57,62,-5,5
30751,81,72,9,9
30752,84,82,2,2
30753,130,109,21,21
30754,103,89,14,14
30755,57,56,1,1
30756,58,54,4,4
30757,147,115,32,32
30758,136,116,20,20
30759,78,74,4,4
30760,92,82,10,10
30761,69,69,0,0
30762,151,126,25,25
30763,155,139,16,16
30764,80,75,5,5
30765,71,63,8,8
30766,113,154,-41,41
30767,129,97,32,32
30768,113,101,12,12
30769,82,79,3,3
30770,69,57,12,12
30771,95,84,11,11
30772,86,79,7,7
30773,86,70,16,16
30774,73,64,9,9
30775,84,78,6,6
30776,99,85,14,14
30777,159,127,32,32
30778,94,86,8,8
30779,93,84,9,9
30780,52,51,1,1
30781,92,82,10,10
30782,77,77,0,0
30783,83,78,5,5
30784,145,129,16,16
30785,89,76,13,13
30786,98,83,15,15
30787,128,120,8,8
30788,70,75,-5,5
30789,85,77,8,8
30790,94,85,9,9
30791,63,64,-1,1
30792,120,99,21,21
30793,93,90,3,3
30794,113,98,15,15
30795,164,146,18,18
30796,121,102,19,19
30797,61,50,11,11
30798,100,77,23,23
30799,67,55,12,12
30800,107,99,8,8
30801,56,51,5,5
30802,79,70,9,9
30803,116,136,-20,20
30804,139,120,19,19
30805,112,107,5,5
30806,92,82,10,10
30807,108,93,15,15
30808,124,120,4,4
30809,158,140,18,18
30810,106,103,3,3
30811,132,113,19,19
30812,100,87,13,13
30813,64,89,-25,25
30814,128,110,18,18
30815,53,47,6,6
30816,54,48,6,6
30817,81,73,8,8
30818,67,64,3,3
30819,97,105,-8,8
30820,129,110,19,19
30821,122,99,23,23
30822,139,121,18,18
30823,44,45,-1,1
30824,131,116,15,15
30825,67,65,2,2
30826,115,99,16,16
30827,53,48,5,5
30828,84,73,11,11
30829,124,108,16,16
30830,74,61,13,13
30831,104,97,7,7
30832,70,69,1,1
30833,112,105,7,7
30834,90,71,19,19
30835,83,89,-6,6
30836,71,65,6,6
30837,81,72,9,9
30838,124,125,-1,1
30839,161,144,17,17
30840,52,49,3,3
30841,78,77,1,1
30842,57,48,9,9
30843,113,99,14,14
30844,105,87,18,18
30845,119,99,20,20
30846,48,50,-2,2
30847,123,93,30,30
30848,96,84,12,12
30849,124,103,21,21
30850,129,116,13,13
30851,125,115,10,10
30852,104,97,7,7
30853,117,106,11,11
30854,151,132,19,19
30855,125,108,17,17
30856,87,87,0,0
30857,71,64,7,7
30858,58,53,5,5
30859,127,117,10,10
30860,143,111,32,32
30861,78,70,8,8
30862,114,112,2,2
30863,49,44,5,5
30864,86,79,7,7
30865,81,80,1,1
30866,85,77,8,8
30867,158,125,33,33
30868,57,49,8,8
30869,109,94,15,15
30870,95,83,12,12
30871,45,44,1,1
30872,76,80,-4,4
30873,83,79,4,4
30874,100,102,-2,2
30875,65,71,-6,6
30876,76,71,5,5
30877,47,54,-7,7
30878,70,64,6,6
30879,157,139,18,18
30880,204,156,48,48
30881,88,77,11,11
30882,93,79,14,14
30883,53,52,1,1
30884,97,90,7,7
30885,84,75,9,9
30886,66,66,0,0
30887,73,69,4,4
30888,64,63,1,1
30889,102,84,18,18
30890,56,53,3,3
30891,73,69,4,4
30892,78,75,3,3
30893,64,66,-2,2
30894,89,84,5,5
30895,108,97,11,11
30896,79,67,12,12
30897,99,88,11,11
30898,104,94,10,10
30899,174,141,33,33
30900,76,72,4,4
30901,67,68,-1,1
30902,103,89,14,14
30903,72,64,8,8
30904,65,72,-7,7
30905,79,75,4,4
30906,39,61,-22,22
30907,42,41,1,1
30908,43,45,-2,2
30909,130,111,19,19
30910,56,51,5,5
30911,67,64,3,3
30912,61,55,6,6
30913,79,65,14,14
30914,122,95,27,27
30915,121,105,16,16
30916,87,68,19,19
30917,95,91,4,4
30918,76,68,8,8
30919,98,78,20,20
30920,149,131,18,18
30921,37,40,-3,3
30922,91,73,18,18
30923,99,85,14,14
30924,64,65,-1,1
30925,113,95,18,18
30926,82,76,6,6
30927,71,65,6,6
30928,103,98,5,5
30929,58,57,1,1
30930,112,98,14,14
30931,61,59,2,2
30932,60,63,-3,3
30933,118,112,6,6
30934,48,52,-4,4
30935,86,68,18,18
30936,61,62,-1,1
30937,123,103,20,20
30938,151,131,20,20
30939,50,47,3,3
30940,123,115,8,8
30941,186,161,25,25
30942,59,60,-1,1
30943,141,122,19,19
30944,130,132,-2,2
30945,83,69,14,14
30946,63,60,3,3
30947,168,137,31,31
30948,88,78,10,10
30949,49,57,-8,8
30950,47,47,0,0
30951,81,77,4,4
30952,176,135,41,41
30953,58,58,0,0
30954,48,40,8,8
30955,117,107,10,10
30956,115,95,20,20
30957,120,103,17,17
30958,90,83,7,7
30959,46,51,-5,5
30960,113,113,0,0
30961,64,64,0,0
30962,126,107,19,19
30963,153,127,26,26
30964,114,96,18,18
30965,182,159,23,23
30966,114,103,11,11
30967,91,82,9,9
30968,116,97,19,19
30969,135,110,25,25
30970,70,64,6,6
30971,80,67,13,13
30972,50,58,-8,8
30973,90,82,8,8
30974,50,52,-2,2
30975,144,119,25,25
30976,77,65,12,12
30977,81,74,7,7
30978,41,41,0,0
30979,80,75,5,5
30980,97,82,15,15
30981,65,59,6,6
30982,70,65,5,5
30983,176,160,16,16
30984,143,124,19,19
30985,79,72,7,7
30986,122,102,20,20
30987,135,124,11,11
30988,85,83,2,2
30989,50,56,-6,6
30990,88,77,11,11
30991,120,97,23,23
30992,134,117,17,17
30993,74,65,9,9
30994,86,83,3,3
30995,95,84,11,11
30996,56,55,1,1
30997,92,79,13,13
30998,86,79,7,7
30999,70,79,-9,9
31000,81,71,10,10
31001,113,101,12,12
31002,99,83,16,16
31003,77,74,3,3
31004,31,30,1,1
31005,99,88,11,11
31006,85,74,11,11
31007,80,79,1,1
31008,92,81,11,11
31009,56,54,2,2
31010,139,131,8,8
31011,51,43,8,8
31012,36,36,0,0
31013,126,103,23,23
31014,76,71,5,5
31015,96,97,-1,1
31016,87,81,6,6
31017,117,102,15,15
31018,102,93,9,9
31019,89,83,6,6
31020,107,86,21,21
31021,79,72,7,7
31022,89,82,7,7
31023,67,57,10,10
31024,114,99,15,15
31025,69,65,4,4
31026,115,87,28,28
31027,168,148,20,20
31028,84,79,5,5
31029,79,55,24,24
31030,133,125,8,8
31031,123,96,27,27
31032,102,99,3,3
31033,123,101,22,22
31034,97,79,18,18
31035,89,80,9,9
31036,92,87,5,5
31037,171,133,38,38
31038,72,60,12,12
31039,92,89,3,3
31040,54,55,-1,1
31041,113,102,11,11
31042,110,87,23,23
31043,64,59,5,5
31044,64,59,5,5
31045,69,57,12,12
31046,81,73,8,8
31047,101,93,8,8
31048,92,84,8,8
31049,85,84,1,1
31050,58,56,2,2
31051,124,104,20,20
31052,81,70,11,11
31053,108,91,17,17
31054,93,79,14,14
31055,70,57,13,13
31056,119,86,33,33
31057,65,66,-1,1
31058,90,73,17,17
31059,53,49,4,4
31060,73,71,2,2
31061,52,46,6,6
31062,97,90,7,7
31063,118,100,18,18
31064,95,81,14,14
31065,89,79,10,10
31066,66,59,7,7
31067,75,74,1,1
31068,107,91,16,16
31069,63,54,9,9
31070,148,118,30,30
31071,110,99,11,11
31072,96,98,-2,2
31073,123,118,5,5
31074,123,104,19,19
31075,106,86,20,20
31076,101,85,16,16
31077,105,95,10,10
31078,94,92,2,2
31079,53,63,-10,10
31080,53,58,-5,5
31081,116,104,12,12
31082,122,113,9,9
31083,96,94,2,2
31084,117,100,17,17
31085,105,89,16,16
31086,74,69,5,5
31087,43,48,-5,5
31088,110,99,11,11
31089,71,66,5,5
31090,72,62,10,10
31091,109,98,11,11
31092,142,125,17,17
31093,69,58,11,11
31094,127,119,8,8
31095,113,108,5,5
31096,61,58,3,3
31097,108,97,11,11
31098,83,70,13,13
31099,58,56,2,2
31100,107,93,14,14
31101,108,112,-4,4
31102,97,84,13,13
31103,101,83,18,18
31104,101,95,6,6
31105,123,101,22,22
31106,68,64,4,4
31107,89,75,14,14
31108,47,46,1,1
31109,128,102,26,26
31110,117,101,16,16
31111,94,79,15,15
31112,111,93,18,18
31113,51,49,2,2
31114,65,68,-3,3
31115,79,87,-8,8
31116,140,120,20,20
31117,152,117,35,35
31118,108,99,9,9
31119,115,95,20,20
31120,78,82,-4,4
31121,100,91,9,9
31122,69,71,-2,2
31123,127,110,17,17
31124,64,55,9,9
31125,148,129,19,19
31126,105,88,17,17
31127,123,107,16,16
31128,56,52,4,4
31129,60,64,-4,4
31130,100,84,16,16
31131,77,95,-18,18
31132,89,103,-14,14
31133,63,64,-1,1
31134,70,65,5,5
31135,74,62,12,12
31136,74,77,-3,3
31137,149,121,28,28
31138,60,59,1,1
31139,115,148,-33,33
31140,65,64,1,1
31141,95,80,15,15
31142,126,123,3,3
31143,84,83,1,1
31144,114,87,27,27
31145,130,108,22,22
31146,117,97,20,20
31147,135,125,10,10
31148,110,103,7,7
31149,74,63,11,11
31150,91,87,4,4
31151,102,88,14,14
31152,76,75,1,1
31153,81,79,2,2
31154,117,101,16,16
31155,58,55,3,3
31156,52,62,-10,10
31157,44,55,-11,11
31158,126,119,7,7
31159,102,92,10,10
31160,68,57,11,11
31161,96,101,-5,5
31162,116,92,24,24
31163,96,83,13,13
31164,44,52,-8,8
31165,49,43,6,6
31166,109,96,13,13
31167,40,50,-10,10
31168,84,103,-19,19
31169,57,52,5,5
31170,85,81,4,4
31171,44,44,0,0
31172,77,67,10,10
31173,70,74,-4,4
31174,63,61,2,2
31175,75,65,10,10
31176,88,80,8,8
31177,98,86,12,12
31178,66,75,-9,9
31179,78,65,13,13
31180,95,93,2,2
31181,99,115,-16,16
31182,20,82,-62,62
31183,88,83,5,5
31184,165,141,24,24
31185,127,106,21,21
31186,55,53,2,2
31187,145,123,22,22
31188,72,68,4,4
31189,84,69,15,15
31190,62,60,2,2
31191,107,85,22,22
31192,113,87,26,26
31193,64,58,6,6
31194,132,101,31,31
31195,80,69,11,11
31196,64,63,1,1
31197,58,63,-5,5
31198,53,62,-9,9
31199,101,88,13,13
31200,97,80,17,17
31201,93,85,8,8
31202,87,69,18,18
31203,78,69,9,9
31204,70,58,12,12
31205,119,80,39,39
31206,66,62,4,4
31207,82,82,0,0
31208,117,93,24,24
31209,106,90,16,16
31210,79,71,8,8
31211,129,142,-13,13
31212,95,78,17,17
31213,66,67,-1,1
31214,63,56,7,7
31215,128,108,20,20
31216,86,70,16,16
31217,87,85,2,2
31218,115,98,17,17
31219,126,112,14,14
31220,66,94,-28,28
31221,138,120,18,18
31222,118,94,24,24
31223,105,91,14,14
31224,59,61,-2,2
31225,51,57,-6,6
31226,45,56,-11,11
31227,79,73,6,6
31228,103,85,18,18
31229,86,100,-14,14
31230,63,55,8,8
31231,104,92,12,12
31232,144,122,22,22
31233,160,127,33,33
31234,55,55,0,0
31235,83,77,6,6
31236,104,91,13,13
31237,61,56,5,5
31238,92,88,4,4
31239,72,69,3,3
31240,103,87,16,16
31241,192,148,44,44
31242,89,76,13,13
31243,76,65,11,11
31244,70,69,1,1
31245,81,67,14,14
31246,96,85,11,11
31247,120,102,18,18
31248,88,80,8,8
31249,81,68,13,13
31250,91,83,8,8
31251,104,86,18,18
31252,71,63,8,8
31253,51,48,3,3
31254,138,116,22,22
31255,88,70,18,18
31256,64,67,-3,3
31257,108,98,10,10
31258,120,106,14,14
31259,78,90,-12,12
31260,158,128,30,30
31261,185,146,39,39
31262,168,153,15,15
31263,96,89,7,7
31264,100,72,28,28
31265,48,93,-45,45
31266,80,73,7,7
31267,49,50,-1,1
31268,108,98,10,10
31269,71,66,5,5
31270,111,98,13,13
31271,75,66,9,9
31272,117,102,15,15
31273,156,127,29,29
31274,111,93,18,18
31275,108,99,9,9
31276,54,55,-1,1
31277,83,81,2,2
31278,91,75,16,16
31279,53,55,-2,2
31280,46,42,4,4
31281,39,47,-8,8
31282,97,99,-2,2
31283,97,100,-3,3
31284,93,77,16,16
31285,173,147,26,26
31286,76,67,9,9
31287,146,123,23,23
31288,128,120,8,8
31289,81,70,11,11
31290,90,82,8,8
31291,109,100,9,9
31292,123,98,25,25
31293,100,87,13,13
31294,77,72,5,5
31295,77,71,6,6
31296,109,115,-6,6
31297,85,73,12,12
31298,94,81,13,13
31299,57,51,6,6
31300,51,48,3,3
31301,50,57,-7,7
31302,80,69,11,11
31303,73,62,11,11
31304,68,67,1,1
31305,153,119,34,34
31306,120,117,3,3
31307,99,91,8,8
31308,97,85,12,12
31309,82,72,10,10
31310,85,88,-3,3
31311,84,73,11,11
31312,93,93,0,0
31313,55,54,1,1
31314,53,50,3,3
31315,148,123,25,25
31316,115,108,7,7
31317,116,100,16,16
31318,109,86,23,23
31319,72,70,2,2
31320,85,79,6,6
31321,78,62,16,16
31322,133,112,21,21
31323,89,74,15,15
31324,53,59,-6,6
31325,145,140,5,5
31326,75,64,11,11
31327,60,57,3,3
31328,71,64,7,7
31329,62,59,3,3
31330,165,133,32,32
31331,51,50,1,1
31332,146,139,7,7
31333,64,57,7,7
31334,75,74,1,1
31335,79,67,12,12
31336,85,79,6,6
31337,100,89,11,11
31338,119,100,19,19
31339,106,101,5,5
31340,79,72,7,7
31341,163,138,25,25
31342,121,113,8,8
31343,66,64,2,2
31344,114,101,13,13
31345,77,73,4,4
31346,57,57,0,0
31347,87,81,6,6
31348,86,73,13,13
31349,71,69,2,2
31350,124,108,16,16
31351,65,57,8,8
31352,111,96,15,15
31353,62,65,-3,3
31354,94,76,18,18
31355,76,71,5,5
31356,122,119,3,3
31357,136,135,1,1
31358,76,68,8,8
31359,82,85,-3,3
31360,62,58,4,4
31361,65,57,8,8
31362,63,65,-2,2
31363,50,47,3,3
31364,56,68,-12,12
31365,80,78,2,2
31366,95,80,15,15
31367,94,84,10,10
31368,90,71,19,19
31369,116,92,24,24
31370,113,92,21,21
31371,70,62,8,8
31372,31,36,-5,5
31373,70,68,2,2
31374,72,61,11,11
31375,92,77,15,15
31376,82,72,10,10
31377,58,60,-2,2
31378,104,97,7,7
31379,75,67,8,8
31380,90,84,6,6
31381,130,113,17,17
31382,126,109,17,17
31383,89,78,11,11
31384,108,93,15,15
31385,51,52,-1,1
31386,132,115,17,17
31387,91,82,9,9
31388,109,104,5,5
31389,103,105,-2,2
31390,87,76,11,11
31391,123,111,12,12
31392,109,91,18,18
31393,77,84,-7,7
31394,96,87,9,9
31395,82,73,9,9
31396,111,97,14,14
31397,72,61,11,11
31398,117,98,19,19
31399,117,100,17,17
31400,137,120,17,17
31401,107,84,23,23
31402,91,84,7,7
31403,110,98,12,12
31404,76,73,3,3
31405,83,69,14,14
31406,142,128,14,14
31407,97,86,11,11
31408,54,48,6,6
31409,71,67,4,4
31410,91,90,1,1
31411,100,91,9,9
31412,47,46,1,1
31413,114,93,21,21
31414,65,52,13,13
31415,33,36,-3,3
31416,88,77,11,11
31417,102,96,6,6
31418,72,78,-6,6
31419,95,87,8,8
31420,100,89,11,11
31421,200,173,27,27
31422,147,119,28,28
31423,98,96,2,2
31424,111,96,15,15
31425,105,95,10,10
31426,89,79,10,10
31427,108,97,11,11
31428,35,57,-22,22
31429,54,55,-1,1
31430,124,109,15,15
31431,90,74,16,16
31432,130,111,19,19
31433,138,117,21,21
31434,143,110,33,33
31435,74,69,5,5
31436,47,48,-1,1
31437,64,58,6,6
31438,174,157,17,17
31439,96,81,15,15
31440,132,118,14,14
31441,66,64,2,2
31442,105,95,10,10
31443,128,116,12,12
31444,99,88,11,11
31445,70,63,7,7
31446,62,53,9,9
31447,78,67,11,11
31448,93,85,8,8
31449,89,72,17,17
31450,104,105,-1,1
31451,74,64,10,10
31452,102,77,25,25
31453,58,53,5,5
31454,89,79,10,10
31455,84,69,15,15
31456,128,104,24,24
31457,91,85,6,6
31458,80,65,15,15
31459,84,85,-1,1
31460,100,93,7,7
31461,115,99,16,16
31462,92,86,6,6
31463,155,139,16,16
31464,175,137,38,38
31465,79,68,11,11
31466,70,58,12,12
31467,64,68,-4,4
31468,111,104,7,7
31469,83,74,9,9
31470,92,85,7,7
31471,153,129,24,24
31472,138,122,16,16
31473,90,95,-5,5
31474,104,100,4,4
31475,52,47,5,5
31476,72,68,4,4
31477,76,72,4,4
31478,69,62,7,7
31479,145,119,26,26
31480,67,60,7,7
31481,79,68,11,11
31482,103,87,16,16
31483,145,133,12,12
31484,86,77,9,9
31485,112,96,16,16
31486,130,105,25,25
31487,173,143,30,30
31488,75,67,8,8
31489,195,150,45,45
31490,93,82,11,11
31491,102,89,13,13
31492,64,57,7,7
31493,68,60,8,8
31494,58,58,0,0
31495,93,72,21,21
31496,119,90,29,29
31497,54,47,7,7
31498,72,81,-9,9
31499,82,75,7,7
31500,130,112,18,18
31501,75,71,4,4
31502,73,70,3,3
31503,72,70,2,2
31504,243,227,16,16
31505,62,73,-11,11
31506,79,64,15,15
31507,129,121,8,8
31508,119,100,19,19
31509,121,108,13,13
31510,135,115,20,20
31511,64,52,12,12
31512,84,74,10,10
31513,68,65,3,3
31514,89,75,14,14
31515,59,51,8,8
31516,67,67,0,0
31517,108,102,6,6
31518,55,53,2,2
31519,161,126,35,35
31520,75,70,5,5
31521,113,96,17,17
31522,102,87,15,15
31523,116,98,18,18
31524,134,119,15,15
31525,161,119,42,42
31526,122,96,26,26
31527,103,88,15,15
31528,75,69,6,6
31529,162,128,34,34
31530,76,75,1,1
31531,57,54,3,3
31532,74,71,3,3
31533,78,64,14,14
31534,68,59,9,9
31535,101,83,18,18
31536,66,63,3,3
31537,61,64,-3,3
31538,120,103,17,17
31539,62,56,6,6
31540,149,116,33,33
31541,85,83,2,2
31542,126,101,25,25
31543,192,163,29,29
31544,94,81,13,13
31545,69,63,6,6
31546,99,77,22,22
31547,114,92,22,22
31548,75,69,6,6
31549,113,111,2,2
31550,165,143,22,22
31551,133,112,21,21
31552,86,83,3,3
31553,72,60,12,12
31554,97,86,11,11
31555,113,143,-30,30
31556,110,99,11,11
31557,119,110,9,9
31558,60,57,3,3
31559,72,78,-6,6
31560,110,97,13,13
31561,151,117,34,34
31562,70,67,3,3
31563,89,82,7,7
31564,112,94,18,18
31565,70,65,5,5
31566,64,58,6,6
31567,155,139,16,16
31568,103,91,12,12
31569,115,97,18,18
31570,57,51,6,6
31571,92,90,2,2
31572,96,80,16,16
31573,61,59,2,2
31574,144,115,29,29
31575,75,70,5,5
31576,138,113,25,25
31577,103,93,10,10
31578,118,94,24,24
31579,80,79,1,1
31580,107,91,16,16
31581,84,74,10,10
31582,87,73,14,14
31583,56,49,7,7
31584,129,109,20,20
31585,94,82,12,12
31586,72,72,0,0
31587,193,145,48,48
31588,141,112,29,29
31589,98,88,10,10
31590,116,110,6,6
31591,154,130,24,24
31592,116,107,9,9
31593,75,74,1,1
31594,107,90,17,17
31595,83,70,13,13
31596,103,100,3,3
31597,99,87,12,12
31598,109,104,5,5
31599,95,83,12,12
31600,85,71,14,14
31601,81,72,9,9
31602,112,89,23,23
31603,82,72,10,10
31604,56,53,3,3
31605,64,62,2,2
31606,105,109,-4,4
31607,118,107,11,11
31608,82,78,4,4
31609,96,87,9,9
31610,69,60,9,9
31611,128,114,14,14
31612,88,86,2,2
31613,90,79,11,11
31614,141,123,18,18
31615,75,77,-2,2
31616,108,105,3,3
31617,153,128,25,25
31618,101,88,13,13
31619,76,73,3,3
31620,86,84,2,2
31621,49,43,6,6
31622,130,112,18,18
31623,95,84,11,11
31624,33,44,-11,11
31625,156,141,15,15
31626,49,47,2,2
31627,89,75,14,14
31628,86,69,17,17
31629,80,68,12,12
31630,97,83,14,14
31631,59,60,-1,1
31632,153,127,26,26
31633,51,48,3,3
31634,88,71,17,17
31635,145,138,7,7
31636,165,158,7,7
31637,74,72,2,2
31638,80,81,-1,1
31639,101,84,17,17
31640,46,48,-2,2
31641,62,59,3,3
31642,107,86,21,21
31643,66,62,4,4
31644,153,132,21,21
31645,75,68,7,7
31646,49,46,3,3
31647,120,109,11,11
31648,131,113,18,18
31649,106,98,8,8
31650,147,124,23,23
31651,81,76,5,5
31652,94,84,10,10
31653,57,52,5,5
31654,61,63,-2,2
31655,47,45,2,2
31656,53,49,4,4
31657,117,100,17,17
31658,98,73,25,25
31659,48,45,3,3
31660,190,169,21,21
31661,68,65,3,3
31662,106,90,16,16
31663,57,60,-3,3
31664,131,122,9,9
31665,132,110,22,22
31666,74,70,4,4
31667,125,112,13,13
31668,86,80,6,6
31669,49,48,1,1
31670,95,77,18,18
31671,67,58,9,9
31672,82,79,3,3
31673,93,90,3,3
31674,52,54,-2,2
31675,55,53,2,2
31676,111,94,17,17
31677,73,62,11,11
31678,72,73,-1,1
31679,160,143,17,17
31680,97,92,5,5
31681,95,80,15,15
31682,117,86,31,31
31683,67,56,11,11
31684,55,55,0,0
31685,103,85,18,18
31686,108,103,5,5
31687,82,68,14,14
31688,155,124,31,31
31689,87,80,7,7
31690,88,78,10,10
31691,84,89,-5,5
31692,66,71,-5,5
31693,59,54,5,5
31694,80,70,10,10
31695,120,113,7,7
31696,92,82,10,10
31697,36,34,2,2
31698,89,74,15,15
31699,113,92,21,21
31700,86,82,4,4
31701,117,125,-8,8
31702,78,68,10,10
31703,72,72,0,0
31704,76,62,14,14
31705,76,72,4,4
31706,87,79,8,8
31707,76,97,-21,21
31708,79,59,20,20
31709,51,43,8,8
31710,121,121,0,0
31711,100,81,19,19
31712,83,74,9,9
31713,84,68,16,16
31714,100,95,5,5
31715,125,111,14,14
31716,73,63,10,10
31717,59,56,3,3
31718,79,75,4,4
31719,76,74,2,2
31720,108,102,6,6
31721,64,68,-4,4
31722,101,87,14,14
31723,140,111,29,29
31724,89,82,7,7
31725,72,63,9,9
31726,82,80,2,2
31727,68,64,4,4
31728,41,47,-6,6
31729,77,71,6,6
31730,150,126,24,24
31731,121,104,17,17
31732,96,108,-12,12
31733,50,48,2,2
31734,45,47,-2,2
31735,118,109,9,9
31736,108,93,15,15
31737,74,65,9,9
31738,148,126,22,22
31739,109,95,14,14
31740,53,51,2,2
31741,69,59,10,10
31742,75,71,4,4
31743,75,80,-5,5
31744,93,82,11,11
31745,36,35,1,1
31746,62,63,-1,1
31747,139,120,19,19
31748,67,63,4,4
31749,199,174,25,25
31750,61,54,7,7
31751,66,61,5,5
31752,58,54,4,4
31753,58,56,2,2
31754,98,91,7,7
31755,65,56,9,9
31756,96,88,8,8
31757,105,94,11,11
31758,44,45,-1,1
31759,116,103,13,13
31760,87,74,13,13
31761,94,84,10,10
31762,130,117,13,13
31763,103,90,13,13
31764,85,73,12,12
31765,94,93,1,1
31766,78,70,8,8
31767,120,101,19,19
31768,48,48,0,0
31769,107,88,19,19
31770,87,83,4,4
31771,115,104,11,11
31772,122,107,15,15
31773,137,111,26,26
31774,19,25,-6,6
31775,90,85,5,5
31776,45,40,5,5
31777,53,57,-4,4
31778,132,105,27,27
31779,54,48,6,6
31780,123,118,5,5
31781,88,93,-5,5
31782,90,76,14,14
31783,112,98,14,14
31784,67,62,5,5
31785,50,58,-8,8
31786,65,59,6,6
31787,44,42,2,2
31788,86,84,2,2
31789,65,60,5,5
31790,80,90,-10,10
31791,128,106,22,22
31792,166,121,45,45
31793,105,86,19,19
31794,77,71,6,6
31795,113,107,6,6
31796,82,74,8,8
31797,94,88,6,6
31798,123,106,17,17
31799,118,105,13,13
31800,159,131,28,28
31801,100,76,24,24
31802,95,82,13,13
31803,128,112,16,16
31804,67,71,-4,4
31805,131,105,26,26
31806,78,72,6,6
31807,58,59,-1,1
31808,126,105,21,21
31809,136,123,13,13
31810,75,66,9,9
31811,100,86,14,14
31812,52,51,1,1
31813,94,71,23,23
31814,64,64,0,0
31815,65,62,3,3
31816,85,77,8,8
31817,100,90,10,10
31818,134,115,19,19
31819,88,80,8,8
31820,87,78,9,9
31821,112,103,9,9
31822,222,176,46,46
31823,103,86,17,17
31824,131,134,-3,3
31825,143,123,20,20
31826,89,82,7,7
31827,144,114,30,30
31828,90,79,11,11
31829,117,99,18,18
31830,41,39,2,2
31831,161,144,17,17
31832,87,83,4,4
31833,67,62,5,5
31834,89,83,6,6
31835,58,50,8,8
31836,54,49,5,5
31837,66,58,8,8
31838,62,59,3,3
31839,46,46,0,0
31840,116,105,11,11
31841,146,129,17,17
31842,153,141,12,12
31843,110,86,24,24
31844,83,66,17,17
31845,138,115,23,23
31846,117,95,22,22
31847,86,74,12,12
31848,170,146,24,24
31849,96,92,4,4
31850,57,50,7,7
31851,102,82,20,20
31852,96,86,10,10
31853,88,76,12,12
31854,117,110,7,7
31855,83,89,-6,6
31856,94,92,2,2
31857,68,72,-4,4
31858,81,68,13,13
31859,165,140,25,25
31860,93,77,16,16
31861,169,146,23,23
31862,79,78,1,1
31863,91,78,13,13
31864,96,84,12,12
31865,107,84,23,23
31866,98,85,13,13
31867,81,69,12,12
31868,125,116,9,9
31869,111,96,15,15
31870,50,51,-1,1
31871,102,92,10,10
31872,94,78,16,16
31873,57,51,6,6
31874,110,96,14,14
31875,89,78,11,11
31876,69,64,5,5
31877,116,103,13,13
31878,135,107,28,28
31879,76,64,12,12
31880,98,80,18,18
31881,72,62,10,10
31882,68,68,0,0
31883,77,70,7,7
31884,125,123,2,2
31885,115,95,20,20
31886,136,110,26,26
31887,80,71,9,9
31888,82,76,6,6
31889,76,72,4,4
31890,82,71,11,11
31891,138,113,25,25
31892,108,91,17,17
31893,153,128,25,25
31894,76,67,9,9
31895,100,82,18,18
31896,97,89,8,8
31897,119,105,14,14
31898,35,39,-4,4
31899,39,40,-1,1
31900,102,87,15,15
31901,93,94,-1,1
31902,122,103,19,19
31903,88,76,12,12
31904,84,76,8,8
31905,207,167,40,40
31906,67,64,3,3
31907,111,100,11,11
31908,75,66,9,9
31909,112,98,14,14
31910,59,55,4,4
31911,66,57,9,9
31912,161,141,20,20
31913,80,78,2,2
31914,64,68,-4,4
31915,123,77,46,46
31916,123,104,19,19
31917,144,128,16,16
31918,61,57,4,4
31919,85,67,18,18
31920,100,85,15,15
31921,100,86,14,14
31922,65,54,11,11
31923,75,70,5,5
31924,104,84,20,20
31925,112,120,-8,8
31926,93,82,11,11
31927,69,59,10,10
31928,58,55,3,3
31929,120,99,21,21
31930,131,107,24,24
31931,101,84,17,17
31932,156,135,21,21
31933,83,71,12,12
31934,62,60,2,2
31935,94,85,9,9
31936,87,80,7,7
31937,182,148,34,34
31938,132,112,20,20
31939,100,92,8,8
31940,74,68,6,6
31941,57,57,0,0
31942,95,87,8,8
31943,64,52,12,12
31944,99,95,4,4
31945,102,97,5,5
31946,144,114,30,30
31947,152,128,24,24
31948,66,57,9,9
31949,57,55,2,2
31950,73,71,2,2
31951,85,72,13,13
31952,111,93,18,18
31953,78,71,7,7
31954,87,75,12,12
31955,58,59,-1,1
31956,125,111,14,14
31957,98,86,12,12
31958,127,114,13,13
31959,125,102,23,23
31960,107,99,8,8
31961,57,59,-2,2
31962,161,131,30,30
31963,109,91,18,18
31964,110,89,21,21
31965,64,57,7,7
31966,304,269,35,35
31967,75,68,7,7
31968,161,145,16,16
31969,85,86,-1,1
31970,124,97,27,27
31971,53,50,3,3
31972,98,90,8,8
31973,124,107,17,17
31974,67,56,11,11
31975,59,61,-2,2
31976,115,94,21,21
31977,91,76,15,15
31978,108,98,10,10
31979,82,77,5,5
31980,104,85,19,19
31981,65,68,-3,3
31982,107,94,13,13
31983,140,127,13,13
31984,83,75,8,8
31985,128,135,-7,7
31986,65,54,11,11
31987,70,66,4,4
31988,160,143,17,17
31989,94,81,13,13
31990,74,64,10,10
31991,99,90,9,9
31992,105,91,14,14
31993,65,65,0,0
31994,46,45,1,1
31995,72,66,6,6
31996,53,49,4,4
31997,110,97,13,13
31998,100,83,17,17
31999,65,63,2,2
32000,102,88,14,14
32001,128,110,18,18
32002,90,75,15,15
32003,139,138,1,1
32004,145,116,29,29
32005,89,77,12,12
32006,68,70,-2,2
32007,64,60,4,4
32008,79,76,3,3
32009,86,69,17,17
32010,60,62,-2,2
32011,101,85,16,16
32012,36,45,-9,9
32013,103,86,17,17
32014,52,47,5,5
32015,152,134,18,18
32016,80,81,-1,1
32017,142,112,30,30
32018,129,105,24,24
32019,140,105,35,35
32020,49,54,-5,5
32021,147,131,16,16
32022,100,81,19,19
32023,59,62,-3,3
32024,106,96,10,10
32025,88,80,8,8
32026,86,80,6,6
32027,106,84,22,22
32028,110,95,15,15
32029,43,39,4,4
32030,114,109,5,5
32031,77,69,8,8
32032,103,92,11,11
32033,125,114,11,11
32034,65,60,5,5
32035,105,91,14,14
32036,98,101,-3,3
32037,132,130,2,2
32038,119,101,18,18
32039,80,74,6,6
32040,107,94,13,13
32041,94,77,17,17
32042,59,59,0,0
32043,109,96,13,13
32044,144,131,13,13
32045,45,45,0,0
32046,66,50,16,16
32047,122,110,12,12
32048,88,78,10,10
32049,53,47,6,6
32050,58,59,-1,1
32051,68,64,4,4
32052,104,88,16,16
32053,129,121,8,8
32054,55,51,4,4
32055,80,67,13,13
32056,100,94,6,6
32057,64,68,-4,4
32058,150,129,21,21
32059,80,71,9,9
32060,96,81,15,15
32061,83,75,8,8
32062,39,40,-1,1
32063,112,89,23,23
32064,146,125,21,21
32065,91,88,3,3
32066,77,78,-1,1
32067,121,109,12,12
32068,113,102,11,11
32069,132,124,8,8
32070,102,92,10,10
32071,71,62,9,9
32072,81,71,10,10
32073,60,65,-5,5
32074,112,90,22,22
32075,95,78,17,17
32076,116,99,17,17
32077,85,78,7,7
32078,116,112,4,4
32079,107,96,11,11
32080,156,127,29,29
32081,84,78,6,6
32082,77,66,11,11
32083,111,92,19,19
32084,61,77,-16,16
32085,124,114,10,10
32086,106,85,21,21
32087,116,103,13,13
32088,64,70,-6,6
32089,108,94,14,14
32090,76,66,10,10
32091,72,68,4,4
32092,75,69,6,6
32093,66,58,8,8
32094,128,121,7,7
32095,189,143,46,46
32096,120,109,11,11
32097,64,57,7,7
32098,141,126,15,15
32099,96,82,14,14
32100,170,146,24,24
32101,83,75,8,8
32102,101,92,9,9
32103,81,80,1,1
32104,43,43,0,0
32105,150,129,21,21
32106,70,61,9,9
32107,89,70,19,19
32108,115,102,13,13
32109,103,91,12,12
32110,54,53,1,1
32111,63,57,6,6
32112,127,119,8,8
32113,96,73,23,23
32114,79,84,-5,5
32115,83,79,4,4
32116,108,91,17,17
32117,116,98,18,18
32118,121,105,16,16
32119,127,104,23,23
32120,109,99,10,10
32121,96,88,8,8
32122,82,73,9,9
32123,103,123,-20,20
32124,142,130,12,12
32125,161,129,32,32
32126,126,115,11,11
32127,78,65,13,13
32128,157,140,17,17
32129,63,62,1,1
32130,64,56,8,8
32131,90,79,11,11
32132,95,89,6,6
32133,146,124,22,22
32134,56,53,3,3
32135,48,40,8,8
32136,68,61,7,7
32137,94,86,8,8
32138,87,75,12,12
32139,122,96,26,26
32140,126,101,25,25
32141,55,57,-2,2
32142,61,63,-2,2
32143,89,89,0,0
32144,62,65,-3,3
32145,71,64,7,7
32146,87,82,5,5
32147,39,40,-1,1
32148,123,108,15,15
32149,79,73,6,6
32150,109,93,16,16
32151,101,98,3,3
32152,107,90,17,17
32153,114,95,19,19
32154,81,82,-1,1
32155,167,143,24,24
32156,71,65,6,6
32157,65,62,3,3
32158,76,65,11,11
32159,94,83,11,11
32160,162,134,28,28
32161,86,90,-4,4
32162,162,142,20,20
32163,50,50,0,0
32164,109,91,18,18
32165,70,61,9,9
32166,69,65,4,4
32167,36,43,-7,7
32168,117,96,21,21
32169,104,83,21,21
32170,107,97,10,10
32171,66,62,4,4
32172,98,87,11,11
32173,113,103,10,10
32174,57,56,1,1
32175,117,102,15,15
32176,79,84,-5,5
32177,88,81,7,7
32178,101,91,10,10
32179,98,88,10,10
32180,164,161,3,3
32181,108,95,13,13
32182,79,69,10,10
32183,77,76,1,1
32184,81,73,8,8
32185,111,98,13,13
32186,108,95,13,13
32187,104,89,15,15
32188,51,40,11,11
32189,79,73,6,6
32190,141,118,23,23
32191,105,92,13,13
32192,79,78,1,1
32193,121,101,20,20
32194,85,85,0,0
32195,60,55,5,5
32196,76,65,11,11
32197,66,58,8,8
32198,140,117,23,23
32199,115,88,27,27
32200,135,109,26,26
32201,137,131,6,6
32202,108,108,0,0
32203,56,57,-1,1
32204,145,126,19,19
32205,107,88,19,19
32206,75,65,10,10
32207,73,64,9,9
32208,58,56,2,2
32209,73,64,9,9
32210,100,86,14,14
32211,154,132,22,22
32212,89,78,11,11
32213,86,73,13,13
32214,218,164,54,54
32215,96,86,10,10
32216,72,67,5,5
32217,136,132,4,4
32218,197,167,30,30
32219,75,71,4,4
32220,138,119,19,19
32221,112,106,6,6
32222,97,90,7,7
32223,50,51,-1,1
32224,144,115,29,29
32225,62,56,6,6
32226,91,88,3,3
32227,108,99,9,9
32228,111,98,13,13
32229,154,132,22,22
32230,84,79,5,5
32231,181,159,22,22
32232,80,75,5,5
32233,134,112,22,22
32234,78,78,0,0
32235,243,196,47,47
32236,59,52,7,7
32237,83,67,16,16
32238,76,60,16,16
32239,88,77,11,11
32240,62,56,6,6
32241,81,74,7,7
32242,127,112,15,15
32243,119,101,18,18
32244,70,68,2,2
32245,114,92,22,22
32246,91,78,13,13
32247,120,95,25,25
32248,61,55,6,6
32249,73,67,6,6
32250,77,76,1,1
32251,175,158,17,17
32252,86,74,12,12
32253,125,105,20,20
32254,109,92,17,17
32255,90,89,1,1
32256,71,67,4,4
32257,64,61,3,3
32258,91,74,17,17
32259,116,100,16,16
32260,63,57,6,6
32261,79,72,7,7
32262,56,52,4,4
32263,144,124,20,20
32264,130,104,26,26
32265,73,64,9,9
32266,64,52,12,12
32267,146,116,30,30
32268,30,48,-18,18
32269,107,104,3,3
32270,80,77,3,3
32271,94,96,-2,2
32272,57,52,5,5
32273,85,78,7,7
32274,157,129,28,28
32275,131,119,12,12
32276,170,130,40,40
32277,115,110,5,5
32278,124,99,25,25
32279,83,73,10,10
32280,139,121,18,18
32281,104,95,9,9
32282,54,52,2,2
32283,117,102,15,15
32284,84,86,-2,2
32285,97,83,14,14
32286,50,41,9,9
32287,57,62,-5,5
32288,84,76,8,8
32289,70,67,3,3
32290,75,71,4,4
32291,33,49,-16,16
32292,110,116,-6,6
32293,60,56,4,4
32294,66,64,2,2
32295,121,99,22,22
32296,97,87,10,10
32297,128,110,18,18
32298,82,71,11,11
32299,110,94,16,16
32300,135,123,12,12
32301,96,87,9,9
32302,79,64,15,15
32303,82,67,15,15
32304,112,90,22,22
32305,119,110,9,9
32306,113,83,30,30
32307,129,111,18,18
32308,30,38,-8,8
32309,143,127,16,16
32310,48,46,2,2
32311,70,65,5,5
32312,66,90,-24,24
32313,117,106,11,11
32314,49,47,2,2
32315,73,69,4,4
32316,104,100,4,4
32317,78,81,-3,3
32318,94,87,7,7
32319,39,36,3,3
32320,163,136,27,27
32321,131,115,16,16
32322,78,73,5,5
32323,107,101,6,6
32324,40,42,-2,2
32325,83,75,8,8
32326,88,90,-2,2
32327,104,91,13,13
32328,116,95,21,21
32329,144,116,28,28
32330,93,85,8,8
32331,89,81,8,8
32332,110,96,14,14
32333,62,84,-22,22
32334,100,89,11,11
32335,79,74,5,5
32336,80,71,9,9
32337,120,106,14,14
32338,84,97,-13,13
32339,88,82,6,6
32340,132,114,18,18
32341,93,76,17,17
32342,79,74,5,5
32343,27,36,-9,9
32344,97,87,10,10
32345,167,139,28,28
32346,146,131,15,15
32347,45,39,6,6
32348,53,49,4,4
32349,57,54,3,3
32350,40,41,-1,1
32351,77,72,5,5
32352,120,103,17,17
32353,87,89,-2,2
32354,189,149,40,40
32355,84,77,7,7
32356,68,61,7,7
32357,85,80,5,5
32358,75,73,2,2
32359,58,54,4,4
32360,67,61,6,6
32361,58,54,4,4
32362,38,42,-4,4
32363,63,61,2,2
32364,82,84,-2,2
32365,111,112,-1,1
32366,168,137,31,31
32367,67,61,6,6
32368,92,84,8,8
32369,43,39,4,4
32370,126,104,22,22
32371,94,84,10,10
32372,108,104,4,4
32373,80,79,1,1
32374,159,130,29,29
32375,101,76,25,25
32376,71,61,10,10
32377,77,75,2,2
32378,53,58,-5,5
32379,96,91,5,5
32380,144,115,29,29
32381,96,93,3,3
32382,120,109,11,11
32383,91,82,9,9
32384,57,60,-3,3
32385,95,90,5,5
32386,114,104,10,10
32387,115,110,5,5
32388,63,52,11,11
32389,103,86,17,17
32390,213,180,33,33
32391,82,81,1,1
32392,113,93,20,20
32393,75,70,5,5
32394,122,110,12,12
32395,82,63,19,19
32396,112,93,19,19
32397,114,99,15,15
32398,62,51,11,11
32399,145,116,29,29
32400,153,145,8,8
32401,102,76,26,26
32402,65,64,1,1
32403,79,62,17,17
32404,85,81,4,4
32405,69,60,9,9
32406,69,67,2,2
32407,106,81,25,25
32408,73,63,10,10
32409,95,77,18,18
32410,68,69,-1,1
32411,72,67,5,5
32412,71,68,3,3
32413,135,120,15,15
32414,115,98,17,17
32415,75,70,5,5
32416,57,54,3,3
32417,33,41,-8,8
32418,73,65,8,8
32419,147,129,18,18
32420,100,89,11,11
32421,81,74,7,7
32422,130,116,14,14
32423,63,57,6,6
32424,75,73,2,2
32425,97,93,4,4
32426,80,78,2,2
32427,67,61,6,6
32428,135,122,13,13
32429,48,45,3,3
32430,113,110,3,3
32431,62,57,5,5
32432,66,58,8,8
32433,62,49,13,13
32434,140,134,6,6
32435,82,78,4,4
32436,86,77,9,9
32437,123,120,3,3
32438,134,115,19,19
32439,63,59,4,4
32440,142,118,24,24
32441,63,59,4,4
32442,94,76,18,18
32443,72,69,3,3
32444,146,125,21,21
32445,90,71,19,19
32446,57,55,2,2
32447,51,55,-4,4
32448,64,61,3,3
32449,80,77,3,3
32450,105,91,14,14
32451,109,97,12,12
32452,99,96,3,3
32453,209,168,41,41
32454,82,66,16,16
32455,49,49,0,0
32456,72,60,12,12
32457,62,57,5,5
32458,50,51,-1,1
32459,153,133,20,20
32460,140,122,18,18
32461,95,80,15,15
32462,81,70,11,11
32463,114,93,21,21
32464,130,117,13,13
32465,31,36,-5,5
32466,86,82,4,4
32467,100,96,4,4
32468,58,57,1,1
32469,58,54,4,4
32470,95,77,18,18
32471,121,110,11,11
32472,83,74,9,9
32473,152,127,25,25
32474,138,125,13,13
32475,128,117,11,11
32476,92,91,1,1
32477,64,66,-2,2
32478,72,72,0,0
32479,110,102,8,8
32480,57,51,6,6
32481,99,85,14,14
32482,98,84,14,14
32483,73,78,-5,5
32484,53,55,-2,2
32485,55,59,-4,4
32486,61,54,7,7
32487,239,193,46,46
32488,86,79,7,7
32489,133,104,29,29
32490,80,74,6,6
32491,76,65,11,11
32492,79,64,15,15
32493,140,125,15,15
32494,97,92,5,5
32495,74,56,18,18
32496,142,114,28,28
32497,82,75,7,7
32498,62,58,4,4
32499,101,97,4,4
32500,69,76,-7,7
32501,171,143,28,28
32502,69,68,1,1
32503,72,64,8,8
32504,93,82,11,11
32505,78,76,2,2
32506,68,64,4,4
32507,54,55,-1,1
32508,110,101,9,9
32509,69,72,-3,3
32510,92,80,12,12
32511,65,59,6,6
32512,28,35,-7,7
32513,65,65,0,0
32514,69,54,15,15
32515,119,96,23,23
32516,78,66,12,12
32517,75,66,9,9
32518,70,63,7,7
32519,57,63,-6,6
32520,88,79,9,9
32521,80,67,13,13
32522,113,103,10,10
32523,63,60,3,3
32524,91,80,11,11
32525,141,109,32,32
32526,88,85,3,3
32527,46,50,-4,4
32528,109,96,13,13
32529,98,90,8,8
32530,177,150,27,27
32531,142,128,14,14
32532,56,55,1,1
32533,166,132,34,34
32534,70,62,8,8
32535,64,59,5,5
32536,70,66,4,4
32537,66,68,-2,2
32538,104,89,15,15
32539,131,105,26,26
32540,82,76,6,6
32541,65,58,7,7
32542,95,87,8,8
32543,79,65,14,14
32544,86,74,12,12
32545,84,75,9,9
32546,103,86,17,17
32547,77,68,9,9
32548,125,104,21,21
32549,122,109,13,13
32550,64,54,10,10
32551,95,93,2,2
32552,79,75,4,4
32553,67,59,8,8
32554,160,136,24,24
32555,103,92,11,11
32556,114,100,14,14
32557,74,71,3,3
32558,123,103,20,20
32559,50,51,-1,1
32560,53,51,2,2
32561,195,172,23,23
32562,71,65,6,6
32563,171,134,37,37
32564,90,88,2,2
32565,75,68,7,7
32566,84,80,4,4
32567,86,93,-7,7
32568,101,92,9,9
32569,131,104,27,27
32570,159,130,29,29
32571,52,53,-1,1
32572,119,102,17,17
32573,85,75,10,10
32574,97,87,10,10
32575,73,69,4,4
32576,54,54,0,0
32577,73,61,12,12
32578,127,102,25,25
32579,164,142,22,22
32580,104,83,21,21
32581,57,51,6,6
32582,40,45,-5,5
32583,103,89,14,14
32584,149,121,28,28
32585,105,88,17,17
32586,184,144,40,40
32587,74,65,9,9
32588,145,116,29,29
32589,74,74,0,0
32590,83,87,-4,4
32591,82,71,11,11
32592,85,91,-6,6
32593,133,121,12,12
32594,68,62,6,6
32595,56,60,-4,4
32596,183,152,31,31
32597,66,60,6,6
32598,115,113,2,2
32599,86,74,12,12
32600,64,67,-3,3
32601,41,42,-1,1
32602,97,105,-8,8
32603,76,69,7,7
32604,64,60,4,4
32605,67,60,7,7
32606,92,79,13,13
32607,86,76,10,10
32608,86,76,10,10
32609,114,101,13,13
32610,134,106,28,28
32611,80,67,13,13
32612,151,147,4,4
32613,99,89,10,10
32614,144,128,16,16
32615,118,98,20,20
32616,74,66,8,8
32617,85,72,13,13
32618,51,53,-2,2
32619,57,54,3,3
32620,152,129,23,23
32621,80,73,7,7
32622,83,69,14,14
32623,69,59,10,10
32624,126,124,2,2
32625,178,148,30,30
32626,101,99,2,2
32627,110,101,9,9
32628,53,54,-1,1
32629,89,87,2,2
32630,97,91,6,6
32631,81,70,11,11
32632,87,74,13,13
32633,52,46,6,6
32634,98,83,15,15
32635,109,95,14,14
32636,103,90,13,13
32637,90,69,21,21
32638,73,63,10,10
32639,157,131,26,26
32640,106,90,16,16
32641,144,121,23,23
32642,105,96,9,9
32643,191,156,35,35
32644,79,69,10,10
32645,113,90,23,23
32646,66,57,9,9
32647,62,74,-12,12
32648,71,71,0,0
32649,93,85,8,8
32650,90,72,18,18
32651,81,71,10,10
32652,97,90,7,7
32653,43,54,-11,11
32654,150,120,30,30
32655,78,68,10,10
32656,122,99,23,23
32657,76,68,8,8
32658,50,53,-3,3
32659,78,88,-10,10
32660,68,70,-2,2
32661,92,74,18,18
32662,65,66,-1,1
32663,112,95,17,17
32664,69,67,2,2
32665,86,76,10,10
32666,73,63,10,10
32667,99,89,10,10
32668,99,81,18,18
32669,70,68,2,2
32670,88,74,14,14
32671,66,59,7,7
32672,123,99,24,24
32673,72,58,14,14
32674,120,118,2,2
32675,51,55,-4,4
32676,68,57,11,11
32677,103,94,9,9
32678,76,66,10,10
32679,77,78,-1,1
32680,143,138,5,5
32681,128,117,11,11
32682,87,72,15,15
32683,47,46,1,1
32684,119,105,14,14
32685,119,102,17,17
32686,52,54,-2,2
32687,123,89,34,34
32688,78,71,7,7
32689,135,127,8,8
32690,65,60,5,5
32691,50,49,1,1
32692,59,71,-12,12
32693,95,77,18,18
32694,74,78,-4,4
32695,127,100,27,27
32696,135,105,30,30
32697,80,71,9,9
32698,81,80,1,1
32699,102,90,12,12
32700,131,118,13,13
32701,96,78,18,18
32702,100,92,8,8
32703,104,92,12,12
32704,112,106,6,6
32705,103,82,21,21
32706,96,83,13,13
32707,86,74,12,12
32708,130,118,12,12
32709,47,45,2,2
32710,118,96,22,22
32711,81,71,10,10
32712,117,88,29,29
32713,77,72,5,5
32714,129,112,17,17
32715,111,84,27,27
32716,131,110,21,21
32717,67,65,2,2
32718,66,57,9,9
32719,111,106,5,5
32720,71,74,-3,3
32721,58,52,6,6
32722,61,68,-7,7
32723,65,56,9,9
32724,91,89,2,2
32725,126,110,16,16
32726,79,61,18,18
32727,98,83,15,15
32728,83,95,-12,12
32729,46,45,1,1
32730,71,66,5,5
32731,56,61,-5,5
32732,74,63,11,11
32733,86,72,14,14
32734,125,102,23,23
32735,71,60,11,11
32736,62,59,3,3
32737,96,59,37,37
32738,145,112,33,33
32739,73,62,11,11
32740,67,64,3,3
32741,87,79,8,8
32742,79,64,15,15
32743,93,86,7,7
32744,72,66,6,6
32745,68,59,9,9
32746,72,64,8,8
32747,132,106,26,26
32748,75,65,10,10
32749,86,81,5,5
32750,101,85,16,16
32751,193,172,21,21
32752,124,108,16,16
32753,96,83,13,13
32754,102,93,9,9
32755,48,42,6,6
32756,95,78,17,17
32757,172,146,26,26
32758,174,151,23,23
32759,171,132,39,39
32760,64,57,7,7
32761,90,83,7,7
32762,77,73,4,4
32763,79,70,9,9
32764,82,75,7,7
32765,128,113,15,15
32766,96,94,2,2
32767,88,79,9,9
32768,78,74,4,4
32769,115,108,7,7
32770,75,74,1,1
32771,132,115,17,17
32772,161,133,28,28
32773,117,99,18,18
32774,61,52,9,9
32775,84,69,15,15
32776,102,96,6,6
32777,108,98,10,10
32778,108,108,0,0
32779,156,135,21,21
32780,107,93,14,14
32781,74,63,11,11
32782,185,173,12,12
32783,61,66,-5,5
32784,106,94,12,12
32785,73,70,3,3
32786,83,66,17,17
32787,53,51,2,2
32788,216,177,39,39
32789,90,78,12,12
32790,94,92,2,2
32791,113,103,10,10
32792,48,46,2,2
32793,125,129,-4,4
32794,58,55,3,3
32795,112,96,16,16
32796,91,77,14,14
32797,90,90,0,0
32798,104,88,16,16
32799,59,57,2,2
32800,74,72,2,2
32801,99,99,0,0
32802,76,76,0,0
32803,101,88,13,13
32804,143,125,18,18
32805,66,62,4,4
32806,108,82,26,26
32807,126,109,17,17
32808,102,82,20,20
32809,106,100,6,6
32810,84,72,12,12
32811,133,115,18,18
32812,68,63,5,5
32813,133,117,16,16
32814,91,82,9,9
32815,148,131,17,17
32816,131,117,14,14
32817,105,89,16,16
32818,111,123,-12,12
32819,50,47,3,3
32820,118,95,23,23
32821,56,57,-1,1
32822,76,69,7,7
32823,141,119,22,22
32824,162,132,30,30
32825,144,130,14,14
32826,131,125,6,6
32827,57,54,3,3
32828,105,95,10,10
32829,74,65,9,9
32830,118,128,-10,10
32831,157,132,25,25
32832,105,93,12,12
32833,90,81,9,9
32834,96,96,0,0
32835,161,147,14,14
32836,83,71,12,12
32837,145,125,20,20
32838,55,51,4,4
32839,113,113,0,0
32840,72,68,4,4
32841,199,170,29,29
32842,57,67,-10,10
32843,86,80,6,6
32844,124,107,17,17
32845,59,67,-8,8
32846,65,48,17,17
32847,82,69,13,13
32848,127,108,19,19
32849,82,79,3,3
32850,101,83,18,18
32851,105,91,14,14
32852,94,86,8,8
32853,125,106,19,19
32854,96,79,17,17
32855,48,48,0,0
32856,68,67,1,1
32857,98,85,13,13
32858,152,122,30,30
32859,139,102,37,37
32860,80,78,2,2
32861,113,99,14,14
32862,102,103,-1,1
32863,94,82,12,12
32864,56,54,2,2
32865,112,98,14,14
32866,71,64,7,7
32867,163,140,23,23
32868,95,88,7,7
32869,165,141,24,24
32870,100,92,8,8
32871,104,88,16,16
32872,68,71,-3,3
32873,152,128,24,24
32874,62,64,-2,2
32875,56,56,0,0
32876,87,77,10,10
32877,48,52,-4,4
32878,85,76,9,9
32879,82,89,-7,7
32880,70,81,-11,11
32881,80,73,7,7
32882,100,92,8,8
32883,158,135,23,23
32884,143,122,21,21
32885,76,66,10,10
32886,64,61,3,3
32887,121,105,16,16
32888,72,70,2,2
32889,53,51,2,2
32890,202,168,34,34
32891,54,52,2,2
32892,58,50,8,8
32893,125,115,10,10
32894,74,60,14,14
32895,58,93,-35,35
32896,144,126,18,18
32897,124,108,16,16
32898,84,77,7,7
32899,27,62,-35,35
32900,84,70,14,14
32901,176,143,33,33
32902,44,46,-2,2
32903,66,62,4,4
32904,73,77,-4,4
32905,71,78,-7,7
32906,42,66,-24,24
32907,61,78,-17,17
32908,71,61,10,10
32909,90,91,-1,1
32910,74,62,12,12
32911,109,84,25,25
32912,124,106,18,18
32913,94,83,11,11
32914,158,151,7,7
32915,97,75,22,22
32916,73,62,11,11
32917,90,89,1,1
32918,64,55,9,9
32919,144,128,16,16
32920,104,94,10,10
32921,186,148,38,38
32922,102,87,15,15
32923,85,77,8,8
32924,96,93,3,3
32925,122,110,12,12
32926,97,83,14,14
32927,96,87,9,9
32928,50,44,6,6
32929,110,115,-5,5
32930,89,78,11,11
32931,98,85,13,13
32932,123,114,9,9
32933,53,52,1,1
32934,114,101,13,13
32935,152,139,13,13
32936,146,135,11,11
32937,134,111,23,23
32938,105,99,6,6
32939,38,59,-21,21
32940,99,85,14,14
32941,107,93,14,14
32942,92,74,18,18
32943,120,110,10,10
32944,129,114,15,15
32945,95,82,13,13
32946,90,81,9,9
32947,103,91,12,12
32948,114,99,15,15
32949,59,57,2,2
32950,36,25,11,11
32951,99,87,12,12
32952,76,68,8,8
32953,149,116,33,33
32954,106,84,22,22
32955,61,65,-4,4
32956,47,59,-12,12
32957,158,148,10,10
32958,54,51,3,3
32959,50,50,0,0
32960,98,88,10,10
32961,94,80,14,14
32962,67,61,6,6
32963,49,45,4,4
32964,146,127,19,19
32965,135,112,23,23
32966,87,70,17,17
32967,98,93,5,5
32968,59,55,4,4
32969,86,74,12,12
32970,62,58,4,4
32971,113,94,19,19
32972,93,85,8,8
32973,75,74,1,1
32974,83,72,11,11
32975,138,119,19,19
32976,67,64,3,3
32977,84,69,15,15
32978,117,104,13,13
32979,64,60,4,4
32980,80,70,10,10
32981,85,80,5,5
32982,67,62,5,5
32983,96,88,8,8
32984,72,67,5,5
32985,63,70,-7,7
32986,151,122,29,29
32987,49,52,-3,3
32988,103,75,28,28
32989,32,36,-4,4
32990,70,60,10,10
32991,135,121,14,14
32992,55,53,2,2
32993,99,88,11,11
32994,114,101,13,13
32995,82,70,12,12
32996,119,111,8,8
32997,104,93,11,11
32998,123,103,20,20
32999,113,106,7,7
33000,153,134,19,19
33001,89,81,8,8
33002,48,70,-22,22
33003,113,94,19,19
33004,83,77,6,6
33005,129,109,20,20
33006,67,65,2,2
33007,96,85,11,11
33008,92,82,10,10
33009,103,90,13,13
33010,121,94,27,27
33011,48,51,-3,3
33012,98,81,17,17
33013,112,95,17,17
33014,107,96,11,11
33015,92,73,19,19
33016,72,68,4,4
33017,86,75,11,11
33018,86,78,8,8
33019,120,104,16,16
33020,65,65,0,0
33021,86,75,11,11
33022,138,115,23,23
33023,74,75,-1,1
33024,60,57,3,3
33025,125,103,22,22
33026,61,60,1,1
33027,99,88,11,11
33028,150,124,26,26
33029,69,61,8,8
33030,41,40,1,1
33031,108,90,18,18
33032,163,145,18,18
33033,121,105,16,16
33034,72,67,5,5
33035,109,93,16,16
33036,133,119,14,14
33037,74,67,7,7
33038,119,107,12,12
33039,77,72,5,5
33040,97,97,0,0
33041,76,71,5,5
33042,102,86,16,16
33043,88,74,14,14
33044,139,118,21,21
33045,93,81,12,12
33046,171,143,28,28
33047,115,122,-7,7
33048,73,67,6,6
33049,102,87,15,15
33050,97,84,13,13
33051,107,98,9,9
33052,180,154,26,26
33053,78,72,6,6
33054,279,232,47,47
33055,86,85,1,1
33056,80,72,8,8
33057,131,125,6,6
33058,49,50,-1,1
33059,100,87,13,13
33060,53,56,-3,3
33061,116,98,18,18
33062,61,55,6,6
33063,73,61,12,12
33064,70,59,11,11
33065,56,55,1,1
33066,69,63,6,6
33067,76,65,11,11
33068,57,58,-1,1
33069,36,36,0,0
33070,75,79,-4,4
33071,62,56,6,6
33072,78,69,9,9
33073,112,101,11,11
33074,85,74,11,11
33075,164,128,36,36
33076,52,56,-4,4
33077,102,91,11,11
33078,34,38,-4,4
33079,52,50,2,2
33080,63,71,-8,8
33081,60,54,6,6
33082,145,124,21,21
33083,74,71,3,3
33084,106,102,4,4
33085,53,52,1,1
33086,114,106,8,8
33087,135,122,13,13
33088,119,103,16,16
33089,84,89,-5,5
33090,62,59,3,3
33091,150,133,17,17
33092,178,175,3,3
33093,125,110,15,15
33094,125,112,13,13
33095,56,54,2,2
33096,83,76,7,7
33097,79,83,-4,4
33098,66,61,5,5
33099,62,58,4,4
33100,77,69,8,8
33101,113,101,12,12
33102,119,112,7,7
33103,100,82,18,18
33104,121,105,16,16
33105,102,94,8,8
33106,106,108,-2,2
33107,67,60,7,7
33108,104,86,18,18
33109,133,123,10,10
33110,138,112,26,26
33111,62,65,-3,3
33112,110,108,2,2
33113,140,118,22,22
33114,80,69,11,11
33115,103,95,8,8
33116,114,96,18,18
33117,55,49,6,6
33118,91,82,9,9
33119,38,47,-9,9
33120,89,69,20,20
33121,129,109,20,20
33122,30,60,-30,30
33123,103,90,13,13
33124,100,92,8,8
33125,87,82,5,5
33126,99,86,13,13
33127,87,74,13,13
33128,91,83,8,8
33129,105,90,15,15
33130,104,91,13,13
33131,46,48,-2,2
33132,86,70,16,16
33133,59,70,-11,11
33134,135,122,13,13
33135,47,44,3,3
33136,108,86,22,22
33137,108,90,18,18
33138,120,111,9,9
33139,50,68,-18,18
33140,102,114,-12,12
33141,129,124,5,5
33142,82,116,-34,34
33143,141,113,28,28
33144,87,74,13,13
33145,108,90,18,18
33146,113,111,2,2
33147,166,141,25,25
33148,82,70,12,12
33149,34,57,-23,23
33150,57,58,-1,1
33151,128,120,8,8
33152,86,80,6,6
33153,70,61,9,9
33154,106,95,11,11
33155,111,101,10,10
33156,89,92,-3,3
33157,28,31,-3,3
33158,102,92,10,10
33159,159,127,32,32
33160,170,142,28,28
33161,98,91,7,7
33162,77,72,5,5
33163,118,107,11,11
33164,96,82,14,14
33165,51,55,-4,4
33166,63,53,10,10
33167,70,64,6,6
33168,99,96,3,3
33169,58,53,5,5
33170,60,54,6,6
33171,78,74,4,4
33172,45,58,-13,13
33173,89,92,-3,3
33174,69,64,5,5
33175,84,87,-3,3
33176,73,65,8,8
33177,178,146,32,32
33178,63,64,-1,1
33179,108,93,15,15
33180,105,100,5,5
33181,43,42,1,1
33182,82,70,12,12
33183,76,73,3,3
33184,143,117,26,26
33185,91,79,12,12
33186,63,58,5,5
33187,136,115,21,21
33188,83,68,15,15
33189,128,107,21,21
33190,63,61,2,2
33191,72,71,1,1
33192,96,87,9,9
33193,66,60,6,6
33194,89,92,-3,3
33195,74,64,10,10
33196,69,67,2,2
33197,86,75,11,11
33198,105,90,15,15
33199,92,86,6,6
33200,49,54,-5,5
33201,151,120,31,31
33202,87,92,-5,5
33203,86,77,9,9
33204,55,50,5,5
33205,113,113,0,0
33206,96,83,13,13
33207,84,74,10,10
33208,102,91,11,11
33209,85,81,4,4
33210,141,123,18,18
33211,90,70,20,20
33212,57,55,2,2
33213,80,79,1,1
33214,111,95,16,16
33215,82,111,-29,29
33216,85,76,9,9
33217,85,73,12,12
33218,67,61,6,6
33219,86,74,12,12
33220,102,82,20,20
33221,71,65,6,6
33222,130,135,-5,5
33223,76,71,5,5
33224,70,67,3,3
33225,86,83,3,3
33226,55,47,8,8
33227,97,89,8,8
33228,98,103,-5,5
33229,70,55,15,15
33230,102,86,16,16
33231,79,68,11,11
33232,104,89,15,15
33233,70,57,13,13
33234,94,81,13,13
33235,103,93,10,10
33236,102,108,-6,6
33237,102,88,14,14
33238,67,60,7,7
33239,165,142,23,23
33240,73,91,-18,18
33241,149,127,22,22
33242,92,82,10,10
33243,57,60,-3,3
33244,76,59,17,17
33245,129,110,19,19
33246,66,65,1,1
33247,132,108,24,24
33248,108,91,17,17
33249,162,125,37,37
33250,104,90,14,14
33251,98,95,3,3
33252,81,79,2,2
33253,106,101,5,5
33254,134,128,6,6
33255,118,108,10,10
33256,156,123,33,33
33257,73,65,8,8
33258,106,100,6,6
33259,64,55,9,9
33260,66,58,8,8
33261,126,99,27,27
33262,103,93,10,10
33263,57,54,3,3
33264,158,145,13,13
33265,103,90,13,13
33266,103,93,10,10
33267,172,148,24,24
33268,137,125,12,12
33269,95,81,14,14
33270,127,107,20,20
33271,87,77,10,10
33272,136,107,29,29
33273,51,50,1,1
33274,95,83,12,12
33275,100,92,8,8
33276,140,117,23,23
33277,102,100,2,2
33278,69,64,5,5
33279,148,127,21,21
33280,121,121,0,0
33281,133,124,9,9
33282,106,96,10,10
33283,95,84,11,11
33284,71,78,-7,7
33285,148,132,16,16
33286,188,157,31,31
33287,111,99,12,12
33288,88,80,8,8
33289,71,75,-4,4
33290,83,77,6,6
33291,44,44,0,0
33292,69,60,9,9
33293,44,41,3,3
33294,111,95,16,16
33295,105,99,6,6
33296,76,69,7,7
33297,95,85,10,10
33298,181,151,30,30
33299,128,104,24,24
33300,81,73,8,8
33301,175,137,38,38
33302,57,52,5,5
33303,70,60,10,10
33304,77,64,13,13
33305,61,59,2,2
33306,108,102,6,6
33307,69,66,3,3
33308,61,58,3,3
33309,116,99,17,17
33310,50,52,-2,2
33311,95,78,17,17
33312,62,63,-1,1
33313,161,132,29,29
33314,101,93,8,8
33315,84,77,7,7
33316,87,84,3,3
33317,71,66,5,5
33318,56,55,1,1
33319,77,69,8,8
33320,100,119,-19,19
33321,74,76,-2,2
33322,59,60,-1,1
33323,117,100,17,17
33324,102,90,12,12
33325,97,89,8,8
33326,77,68,9,9
33327,128,124,4,4
33328,89,78,11,11
33329,67,62,5,5
33330,69,68,1,1
33331,104,97,7,7
33332,55,57,-2,2
33333,62,57,5,5
33334,101,88,13,13
33335,78,79,-1,1
33336,86,68,18,18
33337,81,71,10,10
33338,104,86,18,18
33339,57,51,6,6
33340,101,83,18,18
33341,84,72,12,12
33342,73,74,-1,1
33343,106,98,8,8
33344,102,102,0,0
33345,71,75,-4,4
33346,144,126,18,18
33347,131,100,31,31
33348,82,64,18,18
33349,83,68,15,15
33350,169,144,25,25
33351,70,59,11,11
33352,158,136,22,22
33353,162,125,37,37
33354,104,85,19,19
33355,52,41,11,11
33356,59,54,5,5
33357,70,65,5,5
33358,112,104,8,8
33359,106,87,19,19
33360,130,109,21,21
33361,111,95,16,16
33362,117,94,23,23
33363,118,114,4,4
33364,74,73,1,1
33365,52,52,0,0
33366,97,97,0,0
33367,72,67,5,5
33368,84,75,9,9
33369,50,53,-3,3
33370,101,89,12,12
33371,52,50,2,2
33372,85,80,5,5
33373,90,79,11,11
33374,66,66,0,0
33375,132,107,25,25
33376,91,84,7,7
33377,46,45,1,1
33378,36,38,-2,2
33379,94,87,7,7
33380,65,59,6,6
33381,85,74,11,11
33382,78,69,9,9
33383,140,133,7,7
33384,79,76,3,3
33385,108,98,10,10
33386,84,74,10,10
33387,89,81,8,8
33388,119,101,18,18
33389,52,46,6,6
33390,130,107,23,23
33391,57,46,11,11
33392,128,110,18,18
33393,106,86,20,20
33394,65,54,11,11
33395,75,73,2,2
33396,153,144,9,9
33397,42,43,-1,1
33398,70,61,9,9
33399,157,135,22,22
33400,153,134,19,19
33401,93,80,13,13
33402,85,75,10,10
33403,70,71,-1,1
33404,84,80,4,4
33405,61,56,5,5
33406,80,73,7,7
33407,60,52,8,8
33408,60,58,2,2
33409,122,111,11,11
33410,87,78,9,9
33411,207,147,60,60
33412,102,95,7,7
33413,52,54,-2,2
33414,75,71,4,4
33415,62,57,5,5
33416,82,80,2,2
33417,144,112,32,32
33418,130,118,12,12
33419,90,70,20,20
33420,71,68,3,3
33421,77,66,11,11
33422,72,64,8,8
33423,46,46,0,0
33424,55,60,-5,5
33425,64,90,-26,26
33426,73,64,9,9
33427,76,72,4,4
33428,100,91,9,9
33429,108,88,20,20
33430,130,110,20,20
33431,136,114,22,22
33432,89,79,10,10
33433,79,84,-5,5
33434,110,92,18,18
33435,125,119,6,6
33436,79,79,0,0
33437,32,31,1,1
33438,97,108,-11,11
33439,135,115,20,20
33440,93,86,7,7
33441,111,95,16,16
33442,87,89,-2,2
33443,131,106,25,25
33444,72,63,9,9
33445,72,75,-3,3
33446,192,146,46,46
33447,129,106,23,23
33448,102,89,13,13
33449,86,68,18,18
33450,134,111,23,23
33451,157,134,23,23
33452,75,70,5,5
33453,93,82,11,11
33454,96,84,12,12
33455,105,92,13,13
33456,110,97,13,13
33457,137,113,24,24
33458,194,167,27,27
33459,82,73,9,9
33460,102,105,-3,3
33461,92,81,11,11
33462,119,90,29,29
33463,113,99,14,14
33464,85,79,6,6
33465,66,63,3,3
33466,145,129,16,16
33467,112,102,10,10
33468,133,121,12,12
33469,113,92,21,21
33470,175,129,46,46
33471,113,104,9,9
33472,59,54,5,5
33473,97,92,5,5
33474,74,67,7,7
33475,53,52,1,1
33476,108,98,10,10
33477,133,110,23,23
33478,46,43,3,3
33479,135,115,20,20
33480,111,94,17,17
33481,117,98,19,19
33482,69,63,6,6
33483,175,139,36,36
33484,83,72,11,11
33485,80,76,4,4
33486,95,96,-1,1
33487,80,72,8,8
33488,71,67,4,4
33489,61,53,8,8
33490,83,76,7,7
33491,168,137,31,31
33492,78,67,11,11
33493,79,77,2,2
33494,112,103,9,9
33495,73,66,7,7
33496,71,77,-6,6
33497,86,79,7,7
33498,105,103,2,2
33499,103,84,19,19
33500,81,73,8,8
33501,70,65,5,5
33502,107,87,20,20
33503,150,134,16,16
33504,70,57,13,13
33505,80,75,5,5
33506,48,53,-5,5
33507,100,98,2,2
33508,52,56,-4,4
33509,97,86,11,11
33510,172,146,26,26
33511,28,34,-6,6
33512,42,74,-32,32
33513,120,107,13,13
33514,60,60,0,0
33515,118,90,28,28
33516,175,145,30,30
33517,69,63,6,6
33518,50,47,3,3
33519,90,82,8,8
33520,109,98,11,11
33521,63,67,-4,4
33522,63,58,5,5
33523,54,51,3,3
33524,115,106,9,9
33525,61,56,5,5
33526,91,86,5,5
33527,76,83,-7,7
33528,72,73,-1,1
33529,64,60,4,4
33530,47,44,3,3
33531,67,58,9,9
33532,111,96,15,15
33533,102,119,-17,17
33534,68,58,10,10
33535,101,75,26,26
33536,154,119,35,35
33537,71,66,5,5
33538,77,68,9,9
33539,74,68,6,6
33540,95,87,8,8
33541,98,88,10,10
33542,87,77,10,10
33543,134,118,16,16
33544,118,104,14,14
33545,146,123,23,23
33546,82,85,-3,3
33547,85,66,19,19
33548,68,80,-12,12
33549,62,58,4,4
33550,79,63,16,16
33551,33,34,-1,1
33552,130,105,25,25
33553,88,71,17,17
33554,132,115,17,17
33555,69,69,0,0
33556,98,80,18,18
33557,113,97,16,16
33558,84,77,7,7
33559,78,68,10,10
33560,121,100,21,21
33561,69,63,6,6
33562,70,75,-5,5
33563,89,83,6,6
33564,97,87,10,10
33565,89,81,8,8
33566,128,108,20,20
33567,149,125,24,24
33568,115,100,15,15
33569,68,59,9,9
33570,44,44,0,0
33571,36,38,-2,2
33572,64,74,-10,10
33573,75,61,14,14
33574,85,77,8,8
33575,90,79,11,11
33576,98,103,-5,5
33577,110,91,19,19
33578,91,87,4,4
33579,179,141,38,38
33580,97,77,20,20
33581,65,63,2,2
33582,111,109,2,2
33583,191,147,44,44
33584,181,138,43,43
33585,58,60,-2,2
33586,90,68,22,22
33587,101,83,18,18
33588,164,127,37,37
33589,117,95,22,22
33590,84,83,1,1
33591,112,92,20,20
33592,117,95,22,22
33593,80,75,5,5
33594,150,124,26,26
33595,94,84,10,10
33596,115,106,9,9
33597,157,131,26,26
33598,69,66,3,3
33599,61,57,4,4
33600,97,88,9,9
33601,74,69,5,5
33602,90,84,6,6
33603,59,52,7,7
33604,121,97,24,24
33605,102,82,20,20
33606,107,101,6,6
33607,102,97,5,5
33608,256,233,23,23
33609,75,71,4,4
33610,80,72,8,8
33611,67,64,3,3
33612,122,104,18,18
33613,65,56,9,9
33614,74,74,0,0
33615,86,80,6,6
33616,206,172,34,34
33617,139,128,11,11
33618,76,69,7,7
33619,186,156,30,30
33620,111,100,11,11
33621,80,66,14,14
33622,148,130,18,18
33623,76,73,3,3
33624,123,130,-7,7
33625,79,87,-8,8
33626,118,99,19,19
33627,51,50,1,1
33628,88,94,-6,6
33629,157,134,23,23
33630,84,80,4,4
33631,129,109,20,20
33632,131,104,27,27
33633,74,90,-16,16
33634,93,85,8,8
33635,88,81,7,7
33636,74,75,-1,1
33637,102,90,12,12
33638,143,122,21,21
33639,67,60,7,7
33640,197,174,23,23
33641,98,80,18,18
33642,117,98,19,19
33643,120,105,15,15
33644,118,108,10,10
33645,63,51,12,12
33646,139,121,18,18
33647,144,131,13,13
33648,96,84,12,12
33649,110,81,29,29
33650,121,107,14,14
33651,68,74,-6,6
33652,84,97,-13,13
33653,118,104,14,14
33654,96,89,7,7
33655,78,73,5,5
33656,27,38,-11,11
33657,157,132,25,25
33658,137,119,18,18
33659,107,94,13,13
33660,95,85,10,10
33661,45,50,-5,5
33662,69,95,-26,26
33663,196,155,41,41
33664,108,84,24,24
33665,88,76,12,12
33666,199,158,41,41
33667,111,105,6,6
33668,179,145,34,34
33669,157,139,18,18
33670,82,66,16,16
33671,77,67,10,10
33672,56,50,6,6
33673,63,61,2,2
33674,196,158,38,38
33675,89,84,5,5
33676,126,105,21,21
33677,39,37,2,2
33678,80,81,-1,1
33679,97,83,14,14
33680,85,77,8,8
33681,58,56,2,2
33682,132,114,18,18
33683,54,61,-7,7
33684,99,85,14,14
33685,91,83,8,8
33686,75,62,13,13
33687,57,64,-7,7
33688,66,68,-2,2
33689,105,101,4,4
33690,51,45,6,6
33691,134,115,19,19
33692,27,36,-9,9
33693,71,61,10,10
33694,65,59,6,6
33695,112,82,30,30
33696,100,94,6,6
33697,56,57,-1,1
33698,74,69,5,5
33699,137,116,21,21
33700,96,89,7,7
33701,113,110,3,3
33702,56,50,6,6
33703,91,83,8,8
33704,179,156,23,23
33705,54,48,6,6
33706,90,83,7,7
33707,92,83,9,9
33708,87,75,12,12
33709,122,104,18,18
33710,150,121,29,29
33711,90,77,13,13
33712,98,86,12,12
33713,59,58,1,1
33714,122,111,11,11
33715,150,135,15,15
33716,74,67,7,7
33717,65,62,3,3
33718,53,56,-3,3
33719,93,83,10,10
33720,108,92,16,16
33721,70,71,-1,1
33722,135,114,21,21
33723,87,83,4,4
33724,65,68,-3,3
33725,55,47,8,8
33726,40,43,-3,3
33727,88,75,13,13
33728,168,139,29,29
33729,37,38,-1,1
33730,80,63,17,17
33731,92,73,19,19
33732,157,127,30,30
33733,121,107,14,14
33734,119,105,14,14
33735,131,93,38,38
33736,112,93,19,19
33737,71,75,-4,4
33738,73,68,5,5
33739,99,85,14,14
33740,81,66,15,15
33741,70,63,7,7
33742,91,78,13,13
33743,63,56,7,7
33744,65,57,8,8
33745,92,92,0,0
33746,83,72,11,11
33747,62,62,0,0
33748,137,123,14,14
33749,194,155,39,39
33750,104,88,16,16
33751,136,122,14,14
33752,149,132,17,17
33753,109,93,16,16
33754,70,62,8,8
33755,121,98,23,23
33756,73,69,4,4
33757,97,80,17,17
33758,105,87,18,18
33759,131,119,12,12
33760,118,103,15,15
33761,97,85,12,12
33762,49,47,2,2
33763,110,98,12,12
33764,87,83,4,4
33765,107,95,12,12
33766,72,63,9,9
33767,173,151,22,22
33768,117,107,10,10
33769,91,86,5,5
33770,93,69,24,24
33771,34,29,5,5
33772,75,63,12,12
33773,110,99,11,11
33774,76,81,-5,5
33775,122,146,-24,24
33776,94,87,7,7
33777,60,57,3,3
33778,96,86,10,10
33779,92,84,8,8
33780,155,122,33,33
33781,116,93,23,23
33782,113,99,14,14
33783,70,63,7,7
33784,127,116,11,11
33785,104,99,5,5
33786,103,94,9,9
33787,66,54,12,12
33788,58,55,3,3
33789,47,58,-11,11
33790,124,113,11,11
33791,47,38,9,9
33792,134,107,27,27
33793,126,102,24,24
33794,133,121,12,12
33795,101,92,9,9
33796,48,45,3,3
33797,69,65,4,4
33798,62,58,4,4
33799,112,91,21,21
33800,124,118,6,6
33801,68,61,7,7
33802,70,61,9,9
33803,98,88,10,10
33804,61,68,-7,7
33805,98,94,4,4
33806,128,104,24,24
33807,112,99,13,13
33808,62,59,3,3
33809,106,88,18,18
33810,90,72,18,18
33811,57,53,4,4
33812,127,115,12,12
33813,83,71,12,12
33814,123,106,17,17
33815,99,84,15,15
33816,114,104,10,10
33817,124,116,8,8
33818,63,59,4,4
33819,169,142,27,27
33820,86,80,6,6
33821,97,87,10,10
33822,95,83,12,12
33823,97,85,12,12
33824,120,97,23,23
33825,100,86,14,14
33826,127,120,7,7
33827,65,63,2,2
33828,74,68,6,6
33829,146,127,19,19
33830,93,87,6,6
33831,76,72,4,4
33832,127,109,18,18
33833,61,56,5,5
33834,81,79,2,2
33835,132,100,32,32
33836,69,56,13,13
33837,56,64,-8,8
33838,103,89,14,14
33839,110,103,7,7
33840,102,91,11,11
33841,74,62,12,12
33842,111,102,9,9
33843,74,68,6,6
33844,58,54,4,4
33845,96,93,3,3
33846,67,63,4,4
33847,57,53,4,4
33848,104,85,19,19
33849,60,63,-3,3
33850,50,55,-5,5
33851,120,106,14,14
33852,73,67,6,6
33853,45,44,1,1
33854,95,89,6,6
33855,125,116,9,9
33856,106,95,11,11
33857,80,67,13,13
33858,138,120,18,18
33859,105,98,7,7
33860,100,88,12,12
33861,89,77,12,12
33862,161,123,38,38
33863,115,107,8,8
33864,109,95,14,14
33865,120,100,20,20
33866,64,57,7,7
33867,85,77,8,8
33868,139,118,21,21
33869,56,54,2,2
33870,100,91,9,9
33871,61,57,4,4
33872,87,83,4,4
33873,78,64,14,14
33874,135,111,24,24
33875,149,130,19,19
33876,123,105,18,18
33877,114,88,26,26
33878,106,100,6,6
33879,121,95,26,26
33880,103,103,0,0
33881,133,122,11,11
33882,83,72,11,11
33883,90,75,15,15
33884,43,42,1,1
33885,195,162,33,33
33886,82,68,14,14
33887,121,106,15,15
33888,77,70,7,7
33889,80,74,6,6
33890,56,53,3,3
33891,70,59,11,11
33892,57,52,5,5
33893,98,90,8,8
33894,85,77,8,8
33895,102,89,13,13
33896,114,91,23,23
33897,153,131,22,22
33898,61,54,7,7
33899,99,88,11,11
33900,77,65,12,12
33901,89,67,22,22
33902,79,68,11,11
33903,108,105,3,3
33904,102,76,26,26
33905,54,59,-5,5
33906,101,86,15,15
33907,131,113,18,18
33908,56,56,0,0
33909,110,94,16,16
33910,78,67,11,11
33911,153,123,30,30
33912,73,73,0,0
33913,105,85,20,20
33914,57,66,-9,9
33915,95,96,-1,1
33916,56,58,-2,2
33917,107,88,19,19
33918,62,73,-11,11
33919,157,133,24,24
33920,94,82,12,12
33921,84,65,19,19
33922,131,116,15,15
33923,75,68,7,7
33924,122,107,15,15
33925,114,111,3,3
33926,61,54,7,7
33927,137,133,4,4
33928,72,64,8,8
33929,115,90,25,25
33930,49,77,-28,28
33931,98,79,19,19
33932,114,106,8,8
33933,79,71,8,8
33934,75,65,10,10
33935,111,83,28,28
33936,84,78,6,6
33937,61,59,2,2
33938,70,69,1,1
33939,103,96,7,7
33940,119,97,22,22
33941,62,63,-1,1
33942,94,77,17,17
33943,161,131,30,30
33944,253,197,56,56
33945,112,105,7,7
33946,63,67,-4,4
33947,90,77,13,13
33948,124,109,15,15
33949,85,67,18,18
33950,167,143,24,24
33951,115,91,24,24
33952,113,91,22,22
33953,95,86,9,9
33954,93,82,11,11
33955,138,110,28,28
33956,74,69,5,5
33957,52,56,-4,4
33958,104,89,15,15
33959,143,128,15,15
33960,74,75,-1,1
33961,69,62,7,7
33962,133,113,20,20
33963,82,73,9,9
33964,98,79,19,19
33965,77,68,9,9
33966,142,124,18,18
33967,84,81,3,3
33968,95,92,3,3
33969,83,71,12,12
33970,114,92,22,22
33971,53,69,-16,16
33972,91,77,14,14
33973,122,114,8,8
33974,89,102,-13,13
33975,81,77,4,4
33976,110,101,9,9
33977,96,83,13,13
33978,119,102,17,17
33979,80,76,4,4
33980,108,89,19,19
33981,71,61,10,10
33982,80,68,12,12
33983,157,143,14,14
33984,85,67,18,18
33985,47,54,-7,7
33986,68,58,10,10
33987,86,65,21,21
33988,71,63,8,8
33989,64,57,7,7
33990,65,62,3,3
33991,155,145,10,10
33992,108,104,4,4
33993,188,151,37,37
33994,109,97,12,12
33995,64,61,3,3
33996,120,124,-4,4
33997,72,67,5,5
33998,55,58,-3,3
33999,69,59,10,10
34000,186,159,27,27
34001,96,95,1,1
34002,77,71,6,6
34003,83,77,6,6
34004,79,68,11,11
34005,55,62,-7,7
34006,155,128,27,27
34007,91,83,8,8
34008,48,53,-5,5
34009,122,109,13,13
34010,75,81,-6,6
34011,109,99,10,10
34012,110,97,13,13
34013,79,70,9,9
34014,69,62,7,7
34015,78,75,3,3
34016,129,117,12,12
34017,131,112,19,19
34018,45,45,0,0
34019,96,86,10,10
34020,105,109,-4,4
34021,128,115,13,13
34022,139,121,18,18
34023,116,95,21,21
34024,81,72,9,9
34025,77,72,5,5
34026,100,88,12,12
34027,68,61,7,7
34028,70,68,2,2
34029,222,200,22,22
34030,22,31,-9,9
34031,121,106,15,15
34032,67,64,3,3
34033,87,75,12,12
34034,58,52,6,6
34035,69,72,-3,3
34036,71,73,-2,2
34037,54,62,-8,8
34038,60,50,10,10
34039,87,77,10,10
34040,101,87,14,14
34041,61,56,5,5
34042,141,116,25,25
34043,121,112,9,9
34044,102,89,13,13
34045,78,73,5,5
34046,96,103,-7,7
34047,56,52,4,4
34048,101,84,17,17
34049,64,62,2,2
34050,55,61,-6,6
34051,89,73,16,16
34052,84,72,12,12
34053,90,78,12,12
34054,166,134,32,32
34055,85,105,-20,20
34056,94,84,10,10
34057,130,119,11,11
34058,146,136,10,10
34059,77,85,-8,8
34060,97,81,16,16
34061,102,89,13,13
34062,150,134,16,16
34063,104,89,15,15
34064,90,81,9,9
34065,70,66,4,4
34066,45,42,3,3
34067,76,63,13,13
34068,90,96,-6,6
34069,63,53,10,10
34070,123,102,21,21
34071,91,68,23,23
34072,102,87,15,15
34073,120,98,22,22
34074,48,63,-15,15
34075,42,45,-3,3
34076,85,79,6,6
34077,67,58,9,9
34078,73,56,17,17
34079,67,61,6,6
34080,87,79,8,8
34081,172,140,32,32
34082,128,118,10,10
34083,116,105,11,11
34084,102,86,16,16
34085,134,119,15,15
34086,94,92,2,2
34087,55,53,2,2
34088,175,156,19,19
34089,71,66,5,5
34090,53,55,-2,2
34091,92,91,1,1
34092,111,95,16,16
34093,120,106,14,14
34094,107,109,-2,2
34095,48,39,9,9
34096,85,72,13,13
34097,122,129,-7,7
34098,90,88,2,2
34099,70,60,10,10
34100,63,59,4,4
34101,110,90,20,20
34102,56,56,0,0
34103,96,93,3,3
34104,79,72,7,7
34105,56,52,4,4
34106,115,93,22,22
34107,60,61,-1,1
34108,59,58,1,1
34109,74,66,8,8
34110,110,105,5,5
34111,99,105,-6,6
34112,106,95,11,11
34113,62,50,12,12
34114,93,84,9,9
34115,59,54,5,5
34116,88,73,15,15
34117,75,79,-4,4
34118,78,63,15,15
34119,67,65,2,2
34120,118,98,20,20
34121,66,56,10,10
34122,69,63,6,6
34123,110,92,18,18
34124,102,92,10,10
34125,127,112,15,15
34126,99,91,8,8
34127,127,116,11,11
34128,97,76,21,21
34129,52,50,2,2
34130,56,57,-1,1
34131,64,58,6,6
34132,111,95,16,16
34133,114,101,13,13
34134,162,128,34,34
34135,56,68,-12,12
34136,35,37,-2,2
34137,83,78,5,5
34138,151,134,17,17
34139,77,69,8,8
34140,65,66,-1,1
34141,67,61,6,6
34142,81,70,11,11
34143,56,52,4,4
34144,67,62,5,5
34145,59,56,3,3
34146,142,109,33,33
34147,79,74,5,5
34148,104,92,12,12
34149,68,64,4,4
34150,67,67,0,0
34151,56,53,3,3
34152,66,59,7,7
34153,31,34,-3,3
34154,121,100,21,21
34155,115,101,14,14
34156,68,60,8,8
34157,103,96,7,7
34158,71,67,4,4
34159,115,104,11,11
34160,122,101,21,21
34161,99,83,16,16
34162,112,100,12,12
34163,215,199,16,16
34164,68,68,0,0
34165,84,75,9,9
34166,82,75,7,7
34167,82,73,9,9
34168,95,82,13,13
34169,80,74,6,6
34170,121,100,21,21
34171,103,84,19,19
34172,74,71,3,3
34173,59,53,6,6
34174,106,93,13,13
34175,62,51,11,11
34176,49,47,2,2
34177,62,57,5,5
34178,151,130,21,21
34179,178,132,46,46
34180,96,91,5,5
34181,91,84,7,7
34182,74,68,6,6
34183,78,77,1,1
34184,95,105,-10,10
34185,109,95,14,14
34186,59,56,3,3
34187,64,52,12,12
34188,122,96,26,26
34189,106,96,10,10
34190,137,119,18,18
34191,79,70,9,9
34192,45,47,-2,2
34193,96,80,16,16
34194,53,48,5,5
34195,121,102,19,19
34196,138,122,16,16
34197,107,90,17,17
34198,90,79,11,11
34199,83,77,6,6
34200,65,59,6,6
34201,68,73,-5,5
34202,50,45,5,5
34203,44,63,-19,19
34204,78,75,3,3
34205,74,69,5,5
34206,67,60,7,7
34207,116,96,20,20
34208,50,44,6,6
34209,100,83,17,17
34210,52,49,3,3
34211,70,61,9,9
34212,92,82,10,10
34213,130,111,19,19
34214,139,132,7,7
34215,96,78,18,18
34216,98,82,16,16
34217,49,47,2,2
34218,90,79,11,11
34219,103,97,6,6
34220,39,43,-4,4
34221,172,134,38,38
34222,104,86,18,18
34223,63,59,4,4
34224,78,67,11,11
34225,65,62,3,3
34226,58,54,4,4
34227,140,124,16,16
34228,95,94,1,1
34229,77,65,12,12
34230,122,101,21,21
34231,63,47,16,16
34232,26,30,-4,4
34233,78,71,7,7
34234,60,59,1,1
34235,80,72,8,8
34236,96,87,9,9
34237,62,58,4,4
34238,77,74,3,3
34239,101,83,18,18
34240,103,93,10,10
34241,87,85,2,2
34242,132,116,16,16
34243,223,172,51,51
34244,117,98,19,19
34245,151,125,26,26
34246,87,87,0,0
34247,103,91,12,12
34248,59,61,-2,2
34249,150,121,29,29
34250,100,83,17,17
34251,92,74,18,18
34252,65,68,-3,3
34253,72,63,9,9
34254,48,43,5,5
34255,114,94,20,20
34256,63,53,10,10
34257,139,120,19,19
34258,86,77,9,9
34259,96,75,21,21
34260,80,70,10,10
34261,126,101,25,25
34262,112,96,16,16
34263,99,100,-1,1
34264,83,70,13,13
34265,62,54,8,8
34266,53,61,-8,8
34267,40,41,-1,1
34268,103,90,13,13
34269,87,79,8,8
34270,66,64,2,2
34271,116,96,20,20
34272,107,87,20,20
34273,121,105,16,16
34274,114,91,23,23
34275,111,99,12,12
34276,105,96,9,9
34277,103,95,8,8
34278,106,85,21,21
34279,126,108,18,18
34280,104,90,14,14
34281,77,68,9,9
34282,114,102,12,12
34283,77,68,9,9
34284,83,75,8,8
34285,78,80,-2,2
34286,81,75,6,6
34287,64,62,2,2
34288,134,113,21,21
34289,78,71,7,7
34290,137,115,22,22
34291,80,70,10,10
34292,145,120,25,25
34293,103,94,9,9
34294,101,89,12,12
34295,87,74,13,13
34296,83,75,8,8
34297,98,80,18,18
34298,133,120,13,13
34299,114,118,-4,4
34300,119,95,24,24
34301,94,83,11,11
34302,85,81,4,4
34303,162,141,21,21
34304,85,70,15,15
34305,62,57,5,5
34306,83,71,12,12
34307,99,84,15,15
34308,79,76,3,3
34309,95,86,9,9
34310,140,127,13,13
34311,165,140,25,25
34312,104,87,17,17
34313,110,107,3,3
34314,138,157,-19,19
34315,117,115,2,2
34316,120,105,15,15
34317,67,71,-4,4
34318,82,75,7,7
34319,110,91,19,19
34320,110,92,18,18
34321,63,64,-1,1
34322,54,51,3,3
34323,128,116,12,12
34324,90,74,16,16
34325,99,93,6,6
34326,121,126,-5,5
34327,47,53,-6,6
34328,88,76,12,12
34329,96,76,20,20
34330,83,91,-8,8
34331,91,71,20,20
34332,100,88,12,12
34333,68,65,3,3
34334,44,43,1,1
34335,94,82,12,12
34336,48,50,-2,2
34337,63,55,8,8
34338,114,100,14,14
34339,88,72,16,16
34340,105,89,16,16
34341,67,64,3,3
34342,61,50,11,11
34343,120,103,17,17
34344,111,90,21,21
34345,102,85,17,17
34346,111,96,15,15
34347,48,44,4,4
34348,102,94,8,8
34349,101,89,12,12
34350,88,84,4,4
34351,58,59,-1,1
34352,64,59,5,5
34353,65,62,3,3
34354,156,132,24,24
34355,84,75,9,9
34356,169,133,36,36
34357,130,102,28,28
34358,51,56,-5,5
34359,60,53,7,7
34360,109,85,24,24
34361,107,96,11,11
34362,133,128,5,5
34363,73,66,7,7
34364,117,103,14,14
34365,105,92,13,13
34366,118,121,-3,3
34367,107,95,12,12
34368,89,75,14,14
34369,130,111,19,19
34370,107,103,4,4
34371,86,79,7,7
34372,87,81,6,6
34373,166,133,33,33
34374,91,84,7,7
34375,83,73,10,10
34376,90,88,2,2
34377,60,62,-2,2
34378,73,68,5,5
34379,133,106,27,27
34380,131,114,17,17
34381,128,138,-10,10
34382,93,81,12,12
34383,48,48,0,0
34384,126,96,30,30
34385,62,66,-4,4
34386,50,55,-5,5
34387,70,64,6,6
34388,111,99,12,12
34389,89,77,12,12
34390,94,90,4,4
34391,38,40,-2,2
34392,76,80,-4,4
34393,92,82,10,10
34394,66,60,6,6
34395,84,74,10,10
34396,72,64,8,8
34397,79,69,10,10
34398,78,71,7,7
34399,61,55,6,6
34400,68,63,5,5
34401,114,95,19,19
34402,84,78,6,6
34403,51,58,-7,7
34404,96,79,17,17
34405,74,66,8,8
34406,64,69,-5,5
34407,79,65,14,14
34408,89,73,16,16
34409,150,137,13,13
34410,137,109,28,28
34411,62,58,4,4
34412,120,98,22,22
34413,75,59,16,16
34414,63,61,2,2
34415,144,131,13,13
34416,83,70,13,13
34417,71,91,-20,20
34418,125,111,14,14
34419,71,64,7,7
34420,90,85,5,5
34421,57,50,7,7
34422,68,70,-2,2
34423,117,96,21,21
34424,142,126,16,16
34425,95,78,17,17
34426,91,88,3,3
34427,86,81,5,5
34428,119,114,5,5
34429,71,70,1,1
34430,97,81,16,16
34431,92,84,8,8
34432,86,74,12,12
34433,48,47,1,1
34434,50,43,7,7
34435,105,123,-18,18
34436,105,97,8,8
34437,127,100,27,27
34438,108,98,10,10
34439,71,63,8,8
34440,73,68,5,5
34441,68,71,-3,3
34442,147,116,31,31
34443,142,128,14,14
34444,39,43,-4,4
34445,91,71,20,20
34446,79,76,3,3
34447,84,69,15,15
34448,123,111,12,12
34449,63,64,-1,1
34450,196,160,36,36
34451,161,144,17,17
34452,152,116,36,36
34453,144,118,26,26
34454,96,87,9,9
34455,125,110,15,15
34456,82,70,12,12
34457,128,103,25,25
34458,160,145,15,15
34459,43,44,-1,1
34460,68,63,5,5
34461,108,77,31,31
34462,74,65,9,9
34463,52,53,-1,1
34464,107,105,2,2
34465,64,62,2,2
34466,89,77,12,12
34467,85,66,19,19
34468,73,68,5,5
34469,177,160,17,17
34470,111,96,15,15
34471,67,69,-2,2
34472,76,65,11,11
34473,152,119,33,33
34474,90,83,7,7
34475,79,71,8,8
34476,99,93,6,6
34477,78,67,11,11
34478,131,111,20,20
34479,100,80,20,20
34480,74,74,0,0
34481,99,90,9,9
34482,135,117,18,18
34483,104,97,7,7
34484,67,60,7,7
34485,102,80,22,22
34486,48,49,-1,1
34487,243,204,39,39
34488,97,84,13,13
34489,112,99,13,13
34490,118,110,8,8
34491,77,74,3,3
34492,73,59,14,14
34493,99,89,10,10
34494,60,73,-13,13
34495,155,132,23,23
34496,125,110,15,15
34497,202,156,46,46
34498,82,82,0,0
34499,100,85,15,15
34500,78,70,8,8
34501,59,59,0,0
34502,48,51,-3,3
34503,121,113,8,8
34504,128,110,18,18
34505,96,94,2,2
34506,133,110,23,23
34507,107,94,13,13
34508,106,89,17,17
34509,111,113,-2,2
34510,48,67,-19,19
34511,79,83,-4,4
34512,121,99,22,22
34513,147,125,22,22
34514,113,99,14,14
34515,58,54,4,4
34516,93,75,18,18
34517,109,99,10,10
34518,85,81,4,4
34519,69,72,-3,3
34520,70,63,7,7
34521,81,76,5,5
34522,47,42,5,5
34523,121,100,21,21
34524,151,118,33,33
34525,80,75,5,5
34526,60,55,5,5
34527,133,112,21,21
34528,65,64,1,1
34529,162,145,17,17
34530,73,61,12,12
34531,108,90,18,18
34532,87,76,11,11
34533,101,95,6,6
34534,90,82,8,8
34535,130,128,2,2
34536,133,113,20,20
34537,139,126,13,13
34538,95,91,4,4
34539,96,86,10,10
34540,66,63,3,3
34541,69,67,2,2
34542,69,65,4,4
34543,86,75,11,11
34544,95,86,9,9
34545,91,79,12,12
34546,189,141,48,48
34547,109,97,12,12
34548,63,57,6,6
34549,156,136,20,20
34550,64,57,7,7
34551,117,101,16,16
34552,55,49,6,6
34553,115,108,7,7
34554,103,87,16,16
34555,155,131,24,24
34556,78,74,4,4
34557,159,143,16,16
34558,73,61,12,12
34559,188,158,30,30
34560,150,132,18,18
34561,103,87,16,16
34562,80,74,6,6
34563,92,82,10,10
34564,121,109,12,12
34565,113,102,11,11
34566,106,91,15,15
34567,72,62,10,10
34568,120,102,18,18
34569,49,48,1,1
34570,124,119,5,5
34571,82,75,7,7
34572,145,142,3,3
34573,61,53,8,8
34574,108,92,16,16
34575,53,52,1,1
34576,117,98,19,19
34577,88,80,8,8
34578,122,87,35,35
34579,56,54,2,2
34580,161,135,26,26
34581,115,98,17,17
34582,100,89,11,11
34583,149,133,16,16
34584,126,106,20,20
34585,74,74,0,0
34586,124,106,18,18
34587,101,90,11,11
34588,83,85,-2,2
34589,105,89,16,16
34590,143,122,21,21
34591,153,129,24,24
34592,54,51,3,3
34593,52,46,6,6
34594,87,78,9,9
34595,63,57,6,6
34596,84,79,5,5
34597,96,83,13,13
34598,59,60,-1,1
34599,141,117,24,24
34600,121,100,21,21
34601,21,27,-6,6
34602,93,79,14,14
34603,126,112,14,14
34604,91,83,8,8
34605,126,107,19,19
34606,79,67,12,12
34607,133,120,13,13
34608,72,68,4,4
34609,117,90,27,27
34610,51,56,-5,5
34611,92,81,11,11
34612,78,74,4,4
34613,70,68,2,2
34614,77,69,8,8
34615,94,78,16,16
34616,75,69,6,6
34617,93,85,8,8
34618,75,60,15,15
34619,149,126,23,23
34620,99,91,8,8
34621,94,93,1,1
34622,98,82,16,16
34623,68,62,6,6
34624,101,128,-27,27
34625,115,95,20,20
34626,87,75,12,12
34627,100,99,1,1
34628,80,80,0,0
34629,133,112,21,21
34630,54,51,3,3
34631,164,143,21,21
34632,98,87,11,11
34633,75,71,4,4
34634,77,65,12,12
34635,126,112,14,14
34636,124,106,18,18
34637,89,82,7,7
34638,77,73,4,4
34639,162,135,27,27
34640,129,103,26,26
34641,126,110,16,16
34642,90,75,15,15
34643,145,124,21,21
34644,59,61,-2,2
34645,79,68,11,11
34646,100,81,19,19
34647,136,120,16,16
34648,53,57,-4,4
34649,109,92,17,17
34650,79,70,9,9
34651,111,98,13,13
34652,172,127,45,45
34653,142,121,21,21
34654,81,73,8,8
34655,100,87,13,13
34656,71,65,6,6
34657,37,45,-8,8
34658,91,78,13,13
34659,85,73,12,12
34660,96,86,10,10
34661,96,83,13,13
34662,72,61,11,11
34663,58,54,4,4
34664,128,120,8,8
34665,90,74,16,16
34666,79,70,9,9
34667,57,47,10,10
34668,164,121,43,43
34669,147,109,38,38
34670,42,47,-5,5
34671,92,92,0,0
34672,73,68,5,5
34673,80,72,8,8
34674,82,71,11,11
34675,82,77,5,5
34676,124,106,18,18
34677,87,86,1,1
34678,93,86,7,7
34679,151,121,30,30
34680,88,76,12,12
34681,99,82,17,17
34682,104,93,11,11
34683,80,73,7,7
34684,91,74,17,17
34685,116,119,-3,3
34686,136,113,23,23
34687,76,98,-22,22
34688,125,120,5,5
34689,99,87,12,12
34690,112,107,5,5
34691,103,103,0,0
34692,152,127,25,25
34693,122,104,18,18
34694,74,64,10,10
34695,106,96,10,10
34696,76,65,11,11
34697,59,57,2,2
34698,100,107,-7,7
34699,58,57,1,1
34700,69,65,4,4
34701,120,117,3,3
34702,74,68,6,6
34703,55,52,3,3
34704,89,80,9,9
34705,79,71,8,8
34706,137,121,16,16
34707,81,73,8,8
34708,64,74,-10,10
34709,170,147,23,23
34710,69,63,6,6
34711,72,62,10,10
34712,73,60,13,13
34713,66,65,1,1
34714,114,99,15,15
34715,96,94,2,2
34716,67,63,4,4
34717,83,74,9,9
34718,72,62,10,10
34719,150,137,13,13
34720,56,47,9,9
34721,66,64,2,2
34722,53,62,-9,9
34723,169,130,39,39
34724,66,61,5,5
34725,105,99,6,6
34726,101,90,11,11
34727,78,75,3,3
34728,130,115,15,15
34729,140,119,21,21
34730,91,96,-5,5
34731,89,69,20,20
34732,73,67,6,6
34733,111,96,15,15
34734,111,100,11,11
34735,154,126,28,28
34736,56,53,3,3
34737,136,115,21,21
34738,101,82,19,19
34739,120,110,10,10
34740,62,52,10,10
34741,105,97,8,8
34742,76,70,6,6
34743,161,143,18,18
34744,88,82,6,6
34745,51,52,-1,1
34746,108,100,8,8
34747,101,89,12,12
34748,74,67,7,7
34749,189,148,41,41
34750,46,46,0,0
34751,58,56,2,2
34752,100,80,20,20
34753,171,134,37,37
34754,45,44,1,1
34755,87,68,19,19
34756,57,54,3,3
34757,137,111,26,26
34758,72,64,8,8
34759,115,99,16,16
34760,98,86,12,12
34761,58,56,2,2
34762,87,105,-18,18
34763,79,69,10,10
34764,79,69,10,10
34765,67,62,5,5
34766,32,35,-3,3
34767,76,70,6,6
34768,80,64,16,16
34769,106,83,23,23
34770,54,56,-2,2
34771,75,73,2,2
34772,149,128,21,21
34773,110,88,22,22
34774,106,97,9,9
34775,130,115,15,15
34776,49,47,2,2
34777,119,111,8,8
34778,75,71,4,4
34779,89,80,9,9
34780,63,54,9,9
34781,64,54,10,10
34782,116,101,15,15
34783,79,67,12,12
34784,92,85,7,7
34785,70,68,2,2
34786,120,103,17,17
34787,165,139,26,26
34788,187,170,17,17
34789,82,71,11,11
34790,53,68,-15,15
34791,88,74,14,14
34792,75,64,11,11
34793,66,57,9,9
34794,80,72,8,8
34795,113,94,19,19
34796,48,42,6,6
34797,52,46,6,6
34798,169,142,27,27
34799,100,98,2,2
34800,71,74,-3,3
34801,103,103,0,0
34802,127,112,15,15
34803,132,114,18,18
34804,136,121,15,15
34805,67,58,9,9
34806,127,117,10,10
34807,142,128,14,14
34808,114,105,9,9
34809,71,71,0,0
34810,77,69,8,8
34811,86,88,-2,2
34812,166,130,36,36
34813,116,100,16,16
34814,42,43,-1,1
34815,91,76,15,15
34816,81,68,13,13
34817,109,92,17,17
34818,164,145,19,19
34819,119,105,14,14
34820,79,66,13,13
34821,122,106,16,16
34822,67,61,6,6
34823,96,83,13,13
34824,81,73,8,8
34825,110,72,38,38
34826,142,124,18,18
34827,30,37,-7,7
34828,102,118,-16,16
34829,128,103,25,25
34830,127,119,8,8
34831,55,82,-27,27
34832,125,134,-9,9
34833,85,80,5,5
34834,82,80,2,2
34835,99,95,4,4
34836,142,126,16,16
34837,99,98,1,1
34838,96,94,2,2
34839,87,93,-6,6
34840,76,72,4,4
34841,95,95,0,0
34842,61,58,3,3
34843,58,59,-1,1
34844,88,80,8,8
34845,87,87,0,0
34846,89,76,13,13
34847,100,85,15,15
34848,87,82,5,5
34849,86,76,10,10
34850,43,50,-7,7
34851,33,36,-3,3
34852,97,85,12,12
34853,130,111,19,19
34854,149,124,25,25
34855,139,114,25,25
34856,71,69,2,2
34857,53,59,-6,6
34858,69,59,10,10
34859,114,91,23,23
34860,60,63,-3,3
34861,53,56,-3,3
34862,80,69,11,11
34863,75,59,16,16
34864,101,102,-1,1
34865,147,125,22,22
34866,100,81,19,19
34867,112,106,6,6
34868,61,56,5,5
34869,68,61,7,7
34870,41,58,-17,17
34871,72,67,5,5
34872,69,75,-6,6
34873,135,108,27,27
34874,112,99,13,13
34875,63,57,6,6
34876,83,71,12,12
34877,74,73,1,1
34878,85,83,2,2
34879,91,75,16,16
34880,150,131,19,19
34881,96,82,14,14
34882,61,82,-21,21
34883,51,61,-10,10
34884,61,57,4,4
34885,143,143,0,0
34886,64,63,1,1
34887,59,52,7,7
34888,67,73,-6,6
34889,65,69,-4,4
34890,142,117,25,25
34891,66,62,4,4
34892,73,73,0,0
34893,107,91,16,16
34894,112,89,23,23
34895,104,95,9,9
34896,46,49,-3,3
34897,83,72,11,11
34898,89,76,13,13
34899,73,59,14,14
34900,59,54,5,5
34901,59,53,6,6
34902,112,95,17,17
34903,75,72,3,3
34904,68,65,3,3
34905,80,83,-3,3
34906,70,76,-6,6
34907,77,72,5,5
34908,49,50,-1,1
34909,91,79,12,12
34910,65,58,7,7
34911,77,67,10,10
34912,130,109,21,21
34913,77,68,9,9
34914,175,155,20,20
34915,103,99,4,4
34916,79,70,9,9
34917,74,62,12,12
34918,98,97,1,1
34919,111,98,13,13
34920,105,105,0,0
34921,106,96,10,10
34922,43,41,2,2
34923,91,87,4,4
34924,88,79,9,9
34925,121,103,18,18
34926,111,92,19,19
34927,65,62,3,3
34928,63,55,8,8
34929,91,88,3,3
34930,70,67,3,3
34931,117,98,19,19
34932,56,57,-1,1
34933,153,133,20,20
34934,135,122,13,13
34935,66,60,6,6
34936,97,90,7,7
34937,94,89,5,5
34938,79,71,8,8
34939,89,73,16,16
34940,117,99,18,18
34941,50,50,0,0
34942,172,155,17,17
34943,71,70,1,1
34944,94,84,10,10
34945,146,133,13,13
34946,57,52,5,5
34947,91,84,7,7
34948,44,44,0,0
34949,124,113,11,11
34950,117,94,23,23
34951,93,76,17,17
34952,100,92,8,8
34953,167,136,31,31
34954,97,86,11,11
34955,117,99,18,18
34956,142,117,25,25
34957,62,56,6,6
34958,99,91,8,8
34959,83,76,7,7
34960,61,60,1,1
34961,80,78,2,2
34962,85,70,15,15
34963,102,89,13,13
34964,127,115,12,12
34965,123,111,12,12
34966,117,102,15,15
34967,102,101,1,1
34968,100,86,14,14
34969,105,91,14,14
34970,116,89,27,27
34971,104,103,1,1
34972,70,62,8,8
34973,71,70,1,1
34974,59,64,-5,5
34975,86,75,11,11
34976,121,90,31,31
34977,104,88,16,16
34978,93,78,15,15
34979,78,70,8,8
34980,124,106,18,18
34981,83,78,5,5
34982,126,109,17,17
34983,91,81,10,10
34984,89,92,-3,3
34985,79,70,9,9
34986,110,100,10,10
34987,80,72,8,8
34988,116,103,13,13
34989,133,108,25,25
34990,91,91,0,0
34991,94,78,16,16
34992,160,125,35,35
34993,107,105,2,2
34994,61,61,0,0
34995,74,58,16,16
34996,80,73,7,7
34997,50,50,0,0
34998,98,91,7,7
34999,47,46,1,1
35000,63,73,-10,10
35001,92,86,6,6
35002,97,83,14,14
35003,101,92,9,9
35004,48,56,-8,8
35005,114,105,9,9
35006,106,94,12,12
35007,98,85,13,13
35008,133,118,15,15
35009,98,76,22,22
35010,41,41,0,0
35011,85,78,7,7
35012,102,92,10,10
35013,97,78,19,19
35014,49,47,2,2
35015,50,54,-4,4
35016,86,82,4,4
35017,96,98,-2,2
35018,110,92,18,18
35019,95,86,9,9
35020,89,73,16,16
35021,92,80,12,12
35022,109,95,14,14
35023,75,69,6,6
35024,61,50,11,11
35025,82,82,0,0
35026,88,82,6,6
35027,139,122,17,17
35028,67,73,-6,6
35029,106,96,10,10
35030,108,97,11,11
35031,80,77,3,3
35032,78,78,0,0
35033,87,80,7,7
35034,57,55,2,2
35035,63,58,5,5
35036,105,81,24,24
35037,129,100,29,29
35038,65,59,6,6
35039,93,84,9,9
35040,50,49,1,1
35041,30,39,-9,9
35042,81,71,10,10
35043,55,61,-6,6
35044,76,67,9,9
35045,135,107,28,28
35046,55,53,2,2
35047,140,126,14,14
35048,92,77,15,15
35049,124,112,12,12
35050,100,93,7,7
35051,40,41,-1,1
35052,50,42,8,8
35053,85,77,8,8
35054,87,85,2,2
35055,136,115,21,21
35056,65,64,1,1
35057,97,75,22,22
35058,80,68,12,12
35059,99,85,14,14
35060,69,65,4,4
35061,97,93,4,4
35062,65,59,6,6
35063,67,63,4,4
35064,108,94,14,14
35065,105,98,7,7
35066,98,80,18,18
35067,73,65,8,8
35068,87,76,11,11
35069,80,61,19,19
35070,115,109,6,6
35071,129,101,28,28
35072,62,58,4,4
35073,141,116,25,25
35074,165,138,27,27
35075,167,148,19,19
35076,128,102,26,26
35077,163,130,33,33
35078,49,60,-11,11
35079,73,75,-2,2
35080,117,145,-28,28
35081,182,144,38,38
35082,91,73,18,18
35083,73,70,3,3
35084,130,117,13,13
35085,92,81,11,11
35086,164,129,35,35
35087,100,100,0,0
35088,106,97,9,9
35089,155,144,11,11
35090,84,75,9,9
35091,115,110,5,5
35092,74,69,5,5
35093,62,53,9,9
35094,76,72,4,4
35095,82,81,1,1
35096,116,94,22,22
35097,84,75,9,9
35098,61,64,-3,3
35099,155,122,33,33
35100,87,128,-41,41
35101,118,104,14,14
35102,126,115,11,11
35103,123,113,10,10
35104,72,70,2,2
35105,106,95,11,11
35106,119,102,17,17
35107,79,73,6,6
35108,70,77,-7,7
35109,129,105,24,24
35110,93,75,18,18
35111,98,79,19,19
35112,164,149,15,15
35113,110,103,7,7
35114,108,96,12,12
35115,79,70,9,9
35116,140,128,12,12
35117,81,79,2,2
35118,84,77,7,7
35119,64,56,8,8
35120,101,91,10,10
35121,65,62,3,3
35122,71,72,-1,1
35123,66,63,3,3
35124,81,74,7,7
35125,82,83,-1,1
35126,101,96,5,5
35127,95,89,6,6
35128,95,89,6,6
35129,177,155,22,22
35130,148,139,9,9
35131,83,80,3,3
35132,79,69,10,10
35133,87,75,12,12
35134,120,106,14,14
35135,140,143,-3,3
35136,117,105,12,12
35137,88,80,8,8
35138,79,63,16,16
35139,89,92,-3,3
35140,83,71,12,12
35141,79,84,-5,5
35142,118,104,14,14
35143,79,75,4,4
35144,95,76,19,19
35145,62,58,4,4
35146,67,66,1,1
35147,63,62,1,1
35148,99,78,21,21
35149,164,143,21,21
35150,71,57,14,14
35151,49,45,4,4
35152,88,78,10,10
35153,93,83,10,10
35154,90,78,12,12
35155,96,73,23,23
35156,91,83,8,8
35157,41,39,2,2
35158,94,84,10,10
35159,58,52,6,6
35160,87,79,8,8
35161,100,85,15,15
35162,117,105,12,12
35163,106,92,14,14
35164,65,67,-2,2
35165,126,111,15,15
35166,92,84,8,8
35167,78,77,1,1
35168,98,84,14,14
35169,102,104,-2,2
35170,115,92,23,23
35171,93,80,13,13
35172,48,54,-6,6
35173,64,61,3,3
35174,168,154,14,14
35175,95,77,18,18
35176,125,111,14,14
35177,128,122,6,6
35178,137,107,30,30
35179,62,49,13,13
35180,76,69,7,7
35181,66,59,7,7
35182,50,50,0,0
35183,98,83,15,15
35184,101,97,4,4
35185,77,70,7,7
35186,97,86,11,11
35187,116,98,18,18
35188,118,100,18,18
35189,157,141,16,16
35190,48,50,-2,2
35191,86,81,5,5
35192,79,84,-5,5
35193,93,80,13,13
35194,58,52,6,6
35195,65,60,5,5
35196,203,163,40,40
35197,59,54,5,5
35198,103,91,12,12
35199,35,35,0,0
35200,95,88,7,7
35201,89,84,5,5
35202,122,102,20,20
35203,97,85,12,12
35204,84,72,12,12
35205,146,114,32,32
35206,129,105,24,24
35207,76,75,1,1
35208,79,71,8,8
35209,92,81,11,11
35210,82,69,13,13
35211,111,93,18,18
35212,88,75,13,13
35213,155,127,28,28
35214,75,61,14,14
35215,109,95,14,14
35216,64,55,9,9
35217,76,65,11,11
35218,114,103,11,11
35219,84,73,11,11
35220,90,79,11,11
35221,49,48,1,1
35222,103,95,8,8
35223,140,121,19,19
35224,64,60,4,4
35225,171,154,17,17
35226,89,79,10,10
35227,57,58,-1,1
35228,99,71,28,28
35229,62,59,3,3
35230,191,163,28,28
35231,108,89,19,19
35232,116,98,18,18
35233,157,129,28,28
35234,98,100,-2,2
35235,167,152,15,15
35236,89,73,16,16
35237,65,63,2,2
35238,103,96,7,7
35239,107,93,14,14
35240,66,57,9,9
35241,137,118,19,19
35242,68,58,10,10
35243,64,56,8,8
35244,137,117,20,20
35245,101,89,12,12
35246,120,98,22,22
35247,99,98,1,1
35248,58,60,-2,2
35249,93,85,8,8
35250,48,62,-14,14
35251,96,99,-3,3
35252,68,63,5,5
35253,95,92,3,3
35254,117,96,21,21
35255,61,63,-2,2
35256,122,109,13,13
35257,77,77,0,0
35258,69,70,-1,1
35259,105,90,15,15
35260,126,118,8,8
35261,67,57,10,10
35262,122,105,17,17
35263,96,83,13,13
35264,188,148,40,40
35265,72,53,19,19
35266,122,106,16,16
35267,53,57,-4,4
35268,49,59,-10,10
35269,131,108,23,23
35270,118,92,26,26
35271,68,59,9,9
35272,84,81,3,3
35273,80,77,3,3
35274,95,96,-1,1
35275,54,51,3,3
35276,80,75,5,5
35277,55,54,1,1
35278,50,44,6,6
35279,141,125,16,16
35280,118,100,18,18
35281,64,64,0,0
35282,132,105,27,27
35283,81,70,11,11
35284,49,43,6,6
35285,86,78,8,8
35286,107,96,11,11
35287,123,107,16,16
35288,109,87,22,22
35289,121,101,20,20
35290,89,85,4,4
35291,57,57,0,0
35292,123,101,22,22
35293,102,95,7,7
35294,143,116,27,27
35295,57,52,5,5
35296,84,72,12,12
35297,73,61,12,12
35298,124,111,13,13
35299,86,72,14,14
35300,128,111,17,17
35301,146,114,32,32
35302,92,77,15,15
35303,68,69,-1,1
35304,88,80,8,8
35305,147,131,16,16
35306,134,120,14,14
35307,91,82,9,9
35308,137,118,19,19
35309,130,115,15,15
35310,103,90,13,13
35311,78,82,-4,4
35312,85,72,13,13
35313,57,53,4,4
35314,159,129,30,30
35315,80,77,3,3
35316,113,108,5,5
35317,152,124,28,28
35318,163,134,29,29
35319,137,108,29,29
35320,116,96,20,20
35321,144,117,27,27
35322,61,63,-2,2
35323,158,132,26,26
35324,120,131,-11,11
35325,64,62,2,2
35326,106,90,16,16
35327,60,63,-3,3
35328,87,83,4,4
35329,72,60,12,12
35330,92,90,2,2
35331,164,132,32,32
35332,121,116,5,5
35333,63,62,1,1
35334,108,97,11,11
35335,70,59,11,11
35336,66,67,-1,1
35337,81,117,-36,36
35338,84,75,9,9
35339,69,68,1,1
35340,161,143,18,18
35341,73,65,8,8
35342,62,54,8,8
35343,66,65,1,1
35344,80,76,4,4
35345,110,110,0,0
35346,145,129,16,16
35347,32,57,-25,25
35348,62,64,-2,2
35349,191,162,29,29
35350,84,75,9,9
35351,96,79,17,17
35352,87,67,20,20
35353,54,52,2,2
35354,85,75,10,10
35355,118,97,21,21
35356,52,49,3,3
35357,102,80,22,22
35358,66,62,4,4
35359,151,137,14,14
35360,129,124,5,5
35361,61,52,9,9
35362,102,96,6,6
35363,88,85,3,3
35364,61,64,-3,3
35365,77,77,0,0
35366,79,73,6,6
35367,110,91,19,19
35368,96,83,13,13
35369,74,65,9,9
35370,120,106,14,14
35371,134,113,21,21
35372,66,67,-1,1
35373,61,54,7,7
35374,130,105,25,25
35375,60,59,1,1
35376,66,61,5,5
35377,115,101,14,14
35378,99,86,13,13
35379,55,50,5,5
35380,104,85,19,19
35381,104,93,11,11
35382,97,90,7,7
35383,48,46,2,2
35384,51,53,-2,2
35385,51,41,10,10
35386,80,72,8,8
35387,57,52,5,5
35388,77,55,22,22
35389,128,108,20,20
35390,141,129,12,12
35391,77,68,9,9
35392,132,113,19,19
35393,110,94,16,16
35394,43,34,9,9
35395,110,105,5,5
35396,85,68,17,17
35397,92,87,5,5
35398,49,48,1,1
35399,69,61,8,8
35400,64,59,5,5
35401,82,70,12,12
35402,59,62,-3,3
35403,69,61,8,8
35404,66,61,5,5
35405,92,77,15,15
35406,101,79,22,22
35407,62,64,-2,2
35408,126,102,24,24
35409,119,106,13,13
35410,117,94,23,23
35411,162,136,26,26
35412,100,87,13,13
35413,107,103,4,4
35414,49,52,-3,3
35415,75,70,5,5
35416,85,74,11,11
35417,87,72,15,15
35418,58,52,6,6
35419,86,96,-10,10
35420,54,51,3,3
35421,149,131,18,18
35422,99,82,17,17
35423,118,104,14,14
35424,88,83,5,5
35425,128,129,-1,1
35426,121,111,10,10
35427,62,62,0,0
35428,32,34,-2,2
35429,152,127,25,25
35430,58,49,9,9
35431,77,76,1,1
35432,127,98,29,29
35433,109,95,14,14
35434,116,101,15,15
35435,83,77,6,6
35436,70,71,-1,1
35437,101,84,17,17
35438,70,61,9,9
35439,117,94,23,23
35440,93,89,4,4
35441,72,68,4,4
35442,131,121,10,10
35443,64,61,3,3
35444,160,136,24,24
35445,86,69,17,17
35446,84,77,7,7
35447,56,50,6,6
35448,94,80,14,14
35449,149,122,27,27
35450,128,104,24,24
35451,97,96,1,1
35452,178,150,28,28
35453,102,88,14,14
35454,53,52,1,1
35455,124,100,24,24
35456,79,74,5,5
35457,136,136,0,0
35458,71,70,1,1
35459,54,48,6,6
35460,97,80,17,17
35461,72,70,2,2
35462,169,134,35,35
35463,80,71,9,9
35464,53,56,-3,3
35465,64,57,7,7
35466,52,51,1,1
35467,38,46,-8,8
35468,78,68,10,10
35469,160,77,83,83
35470,113,95,18,18
35471,90,83,7,7
35472,63,55,8,8
35473,79,72,7,7
35474,56,55,1,1
35475,241,207,34,34
35476,68,63,5,5
35477,145,134,11,11
35478,69,60,9,9
35479,107,89,18,18
35480,79,77,2,2
35481,123,104,19,19
35482,97,79,18,18
35483,77,69,8,8
35484,66,126,-60,60
35485,83,73,10,10
35486,82,77,5,5
35487,78,72,6,6
35488,89,75,14,14
35489,76,59,17,17
35490,61,59,2,2
35491,116,98,18,18
35492,128,123,5,5
35493,130,120,10,10
35494,46,45,1,1
35495,105,94,11,11
35496,150,114,36,36
35497,156,141,15,15
35498,69,63,6,6
35499,89,78,11,11
35500,77,66,11,11
35501,123,108,15,15
35502,97,82,15,15
35503,87,72,15,15
35504,80,72,8,8
35505,79,71,8,8
35506,58,57,1,1
35507,53,51,2,2
35508,105,96,9,9
35509,74,73,1,1
35510,101,95,6,6
35511,56,54,2,2
35512,115,96,19,19
35513,141,135,6,6
35514,116,97,19,19
35515,47,46,1,1
35516,43,46,-3,3
35517,80,77,3,3
35518,91,86,5,5
35519,75,80,-5,5
35520,114,90,24,24
35521,79,75,4,4
35522,106,88,18,18
35523,69,54,15,15
35524,87,68,19,19
35525,118,112,6,6
35526,84,76,8,8
35527,90,86,4,4
35528,97,81,16,16
35529,57,54,3,3
35530,132,117,15,15
35531,90,97,-7,7
35532,108,105,3,3
35533,132,110,22,22
35534,76,75,1,1
35535,38,34,4,4
35536,52,52,0,0
35537,68,56,12,12
35538,141,128,13,13
35539,90,84,6,6
35540,72,61,11,11
35541,74,63,11,11
35542,89,77,12,12
35543,72,65,7,7
35544,78,56,22,22
35545,67,61,6,6
35546,94,81,13,13
35547,65,58,7,7
35548,75,64,11,11
35549,76,76,0,0
35550,78,63,15,15
35551,70,73,-3,3
35552,124,101,23,23
35553,123,104,19,19
35554,185,154,31,31
35555,126,98,28,28
35556,104,90,14,14
35557,79,72,7,7
35558,74,58,16,16
35559,82,73,9,9
35560,47,50,-3,3
35561,40,39,1,1
35562,102,92,10,10
35563,68,72,-4,4
35564,95,91,4,4
35565,111,93,18,18
35566,74,69,5,5
35567,63,62,1,1
35568,118,102,16,16
35569,181,147,34,34
35570,63,61,2,2
35571,73,66,7,7
35572,76,72,4,4
35573,80,70,10,10
35574,99,92,7,7
35575,83,81,2,2
35576,48,44,4,4
35577,140,115,25,25
35578,101,93,8,8
35579,76,85,-9,9
35580,84,88,-4,4
35581,95,76,19,19
35582,60,59,1,1
35583,78,71,7,7
35584,125,109,16,16
35585,90,82,8,8
35586,99,86,13,13
35587,58,50,8,8
35588,128,114,14,14
35589,67,62,5,5
35590,96,99,-3,3
35591,96,80,16,16
35592,141,119,22,22
35593,77,74,3,3
35594,114,87,27,27
35595,86,75,11,11
35596,175,148,27,27
35597,129,111,18,18
35598,50,52,-2,2
35599,70,59,11,11
35600,224,185,39,39
35601,146,120,26,26
35602,81,69,12,12
35603,97,87,10,10
35604,118,113,5,5
35605,77,62,15,15
35606,73,64,9,9
35607,85,75,10,10
35608,102,88,14,14
35609,130,112,18,18
35610,133,120,13,13
35611,129,110,19,19
35612,80,71,9,9
35613,93,85,8,8
35614,91,79,12,12
35615,41,87,-46,46
35616,82,80,2,2
35617,67,62,5,5
35618,85,75,10,10
35619,75,72,3,3
35620,118,104,14,14
35621,118,89,29,29
35622,79,70,9,9
35623,63,54,9,9
35624,170,153,17,17
35625,73,68,5,5
35626,114,84,30,30
35627,154,142,12,12
35628,54,64,-10,10
35629,115,96,19,19
35630,49,111,-62,62
35631,99,93,6,6
35632,80,69,11,11
35633,152,137,15,15
35634,71,64,7,7
35635,118,131,-13,13
35636,106,89,17,17
35637,106,102,4,4
35638,173,136,37,37
35639,89,85,4,4
35640,65,62,3,3
35641,93,80,13,13
35642,109,96,13,13
35643,126,115,11,11
35644,143,142,1,1
35645,127,120,7,7
35646,114,90,24,24
35647,84,80,4,4
35648,68,69,-1,1
35649,60,60,0,0
35650,111,101,10,10
35651,127,121,6,6
35652,83,69,14,14
35653,98,87,11,11
35654,83,65,18,18
35655,77,71,6,6
35656,51,50,1,1
35657,88,82,6,6
35658,48,58,-10,10
35659,147,129,18,18
35660,66,77,-11,11
35661,100,83,17,17
35662,76,74,2,2
35663,59,54,5,5
35664,116,99,17,17
35665,61,58,3,3
35666,155,133,22,22
35667,99,92,7,7
35668,112,96,16,16
35669,70,55,15,15
35670,79,76,3,3
35671,96,96,0,0
35672,90,88,2,2
35673,104,86,18,18
35674,99,88,11,11
35675,81,78,3,3
35676,134,129,5,5
35677,126,112,14,14
35678,160,114,46,46
35679,75,65,10,10
35680,104,96,8,8
35681,150,118,32,32
35682,120,104,16,16
35683,90,81,9,9
35684,120,99,21,21
35685,142,121,21,21
35686,75,62,13,13
35687,102,82,20,20
35688,162,131,31,31
35689,74,67,7,7
35690,75,65,10,10
35691,99,86,13,13
35692,130,115,15,15
35693,53,47,6,6
35694,127,122,5,5
35695,103,83,20,20
35696,94,81,13,13
35697,76,82,-6,6
35698,83,79,4,4
35699,195,158,37,37
35700,58,64,-6,6
35701,51,55,-4,4
35702,153,130,23,23
35703,190,156,34,34
35704,87,77,10,10
35705,96,85,11,11
35706,100,82,18,18
35707,74,68,6,6
35708,67,61,6,6
35709,124,109,15,15
35710,74,64,10,10
35711,111,89,22,22
35712,93,102,-9,9
35713,107,86,21,21
35714,70,60,10,10
35715,154,132,22,22
35716,125,98,27,27
35717,107,85,22,22
35718,69,78,-9,9
35719,101,93,8,8
35720,95,76,19,19
35721,96,79,17,17
35722,85,74,11,11
35723,70,87,-17,17
35724,68,58,10,10
35725,61,55,6,6
35726,155,136,19,19
35727,58,59,-1,1
35728,72,64,8,8
35729,47,47,0,0
35730,98,91,7,7
35731,145,115,30,30
35732,52,53,-1,1
35733,120,95,25,25
35734,78,66,12,12
35735,56,52,4,4
35736,89,84,5,5
35737,82,76,6,6
35738,104,95,9,9
35739,128,121,7,7
35740,159,121,38,38
35741,79,77,2,2
35742,109,91,18,18
35743,120,110,10,10
35744,79,85,-6,6
35745,73,58,15,15
35746,64,58,6,6
35747,97,80,17,17
35748,135,101,34,34
35749,81,80,1,1
35750,91,79,12,12
35751,58,48,10,10
35752,78,64,14,14
35753,77,67,10,10
35754,47,41,6,6
35755,167,140,27,27
35756,65,79,-14,14
35757,152,129,23,23
35758,159,138,21,21
35759,89,99,-10,10
35760,205,169,36,36
35761,108,90,18,18
35762,101,82,19,19
35763,129,114,15,15
35764,123,111,12,12
35765,90,79,11,11
35766,138,115,23,23
35767,105,84,21,21
35768,93,76,17,17
35769,129,105,24,24
35770,110,87,23,23
35771,86,85,1,1
35772,72,75,-3,3
35773,122,106,16,16
35774,37,40,-3,3
35775,173,150,23,23
35776,97,80,17,17
35777,45,41,4,4
35778,97,75,22,22
35779,85,81,4,4
35780,83,78,5,5
35781,105,89,16,16
35782,138,118,20,20
35783,98,81,17,17
35784,128,105,23,23
35785,94,75,19,19
35786,131,100,31,31
35787,67,67,0,0
35788,176,150,26,26
35789,116,100,16,16
35790,116,113,3,3
35791,80,56,24,24
35792,84,73,11,11
35793,69,67,2,2
35794,165,150,15,15
35795,55,61,-6,6
35796,123,109,14,14
35797,117,109,8,8
35798,81,66,15,15
35799,86,76,10,10
35800,185,156,29,29
35801,104,88,16,16
35802,89,83,6,6
35803,85,73,12,12
35804,156,127,29,29
35805,72,62,10,10
35806,95,74,21,21
35807,86,69,17,17
35808,72,61,11,11
35809,168,134,34,34
35810,42,42,0,0
35811,93,85,8,8
35812,103,81,22,22
35813,83,75,8,8
35814,137,118,19,19
35815,117,111,6,6
35816,77,77,0,0
35817,79,82,-3,3
35818,121,104,17,17
35819,110,105,5,5
35820,101,85,16,16
35821,88,88,0,0
35822,91,79,12,12
35823,166,136,30,30
35824,63,58,5,5
35825,92,85,7,7
35826,138,110,28,28
35827,110,102,8,8
35828,151,135,16,16
35829,121,118,3,3
35830,73,65,8,8
35831,77,65,12,12
35832,197,172,25,25
35833,94,71,23,23
35834,67,64,3,3
35835,147,114,33,33
35836,92,101,-9,9
35837,138,123,15,15
35838,71,74,-3,3
35839,93,79,14,14
35840,115,97,18,18
35841,90,76,14,14
35842,137,117,20,20
35843,136,129,7,7
35844,63,58,5,5
35845,68,62,6,6
35846,105,89,16,16
35847,61,54,7,7
35848,75,70,5,5
35849,120,107,13,13
35850,145,126,19,19
35851,106,94,12,12
35852,171,142,29,29
35853,87,83,4,4
35854,112,87,25,25
35855,75,71,4,4
35856,84,79,5,5
35857,55,51,4,4
35858,57,54,3,3
35859,71,61,10,10
35860,150,123,27,27
35861,42,43,-1,1
35862,95,84,11,11
35863,100,94,6,6
35864,77,63,14,14
35865,134,127,7,7
35866,100,77,23,23
35867,117,106,11,11
35868,74,99,-25,25
35869,106,90,16,16
35870,121,101,20,20
35871,115,96,19,19
35872,137,117,20,20
35873,80,72,8,8
35874,81,75,6,6
35875,50,54,-4,4
35876,60,62,-2,2
35877,143,113,30,30
35878,80,82,-2,2
35879,72,64,8,8
35880,74,66,8,8
35881,125,111,14,14
35882,111,92,19,19
35883,99,90,9,9
35884,72,65,7,7
35885,84,70,14,14
35886,52,48,4,4
35887,54,50,4,4
35888,63,62,1,1
35889,101,85,16,16
35890,65,52,13,13
35891,74,74,0,0
35892,141,129,12,12
35893,84,77,7,7
35894,156,123,33,33
35895,105,86,19,19
35896,130,111,19,19
35897,74,71,3,3
35898,97,95,2,2
35899,111,103,8,8
35900,65,63,2,2
35901,124,108,16,16
35902,80,73,7,7
35903,93,83,10,10
35904,122,105,17,17
35905,84,81,3,3
35906,92,86,6,6
35907,52,68,-16,16
35908,86,84,2,2
35909,69,69,0,0
35910,114,97,17,17
35911,68,59,9,9
35912,123,114,9,9
35913,104,106,-2,2
35914,119,97,22,22
35915,123,102,21,21
35916,99,83,16,16
35917,117,120,-3,3
35918,94,88,6,6
35919,126,107,19,19
35920,148,119,29,29
35921,112,92,20,20
35922,168,150,18,18
35923,81,70,11,11
35924,100,88,12,12
35925,78,71,7,7
35926,109,96,13,13
35927,120,102,18,18
35928,119,111,8,8
35929,83,99,-16,16
35930,138,121,17,17
35931,63,62,1,1
35932,63,52,11,11
35933,88,74,14,14
35934,50,46,4,4
35935,171,145,26,26
35936,111,86,25,25
35937,154,134,20,20
35938,131,104,27,27
35939,110,93,17,17
35940,74,71,3,3
35941,116,109,7,7
35942,112,101,11,11
35943,89,81,8,8
35944,109,101,8,8
35945,68,61,7,7
35946,77,70,7,7
35947,69,61,8,8
35948,54,61,-7,7
35949,74,66,8,8
35950,140,120,20,20
35951,92,76,16,16
35952,47,50,-3,3
35953,49,55,-6,6
35954,72,66,6,6
35955,79,74,5,5
35956,45,54,-9,9
35957,53,54,-1,1
35958,114,106,8,8
35959,64,63,1,1
35960,63,50,13,13
35961,113,92,21,21
35962,103,87,16,16
35963,109,92,17,17
35964,94,83,11,11
35965,65,58,7,7
35966,94,81,13,13
35967,142,126,16,16
35968,38,44,-6,6
35969,91,91,0,0
35970,86,75,11,11
35971,150,128,22,22
35972,66,62,4,4
35973,68,58,10,10
35974,62,55,7,7
35975,53,47,6,6
35976,53,51,2,2
35977,117,101,16,16
35978,89,83,6,6
35979,96,75,21,21
35980,109,99,10,10
35981,100,90,10,10
35982,132,107,25,25
35983,125,111,14,14
35984,47,46,1,1
35985,76,83,-7,7
35986,80,73,7,7
35987,108,120,-12,12
35988,72,66,6,6
35989,79,69,10,10
35990,103,90,13,13
35991,93,81,12,12
35992,90,75,15,15
35993,76,69,7,7
35994,88,78,10,10
35995,70,67,3,3
35996,162,127,35,35
35997,86,73,13,13
35998,62,56,6,6
35999,78,69,9,9
36000,51,49,2,2
36001,131,98,33,33
36002,81,72,9,9
36003,100,93,7,7
36004,107,95,12,12
36005,71,66,5,5
36006,99,87,12,12
36007,128,106,22,22
36008,102,92,10,10
36009,111,106,5,5
36010,114,104,10,10
36011,145,121,24,24
36012,123,98,25,25
36013,64,59,5,5
36014,138,120,18,18
36015,120,112,8,8
36016,96,85,11,11
36017,143,121,22,22
36018,79,71,8,8
36019,139,131,8,8
36020,124,105,19,19
36021,76,75,1,1
36022,67,64,3,3
36023,65,68,-3,3
36024,62,59,3,3
36025,184,159,25,25
36026,102,90,12,12
36027,60,56,4,4
36028,79,80,-1,1
36029,63,59,4,4
36030,70,55,15,15
36031,91,88,3,3
36032,68,66,2,2
36033,86,82,4,4
36034,97,95,2,2
36035,78,78,0,0
36036,110,87,23,23
36037,94,78,16,16
36038,68,75,-7,7
36039,150,126,24,24
36040,81,70,11,11
36041,58,56,2,2
36042,48,45,3,3
36043,76,66,10,10
36044,102,86,16,16
36045,74,69,5,5
36046,60,61,-1,1
36047,75,76,-1,1
36048,92,78,14,14
36049,62,57,5,5
36050,91,85,6,6
36051,93,81,12,12
36052,146,130,16,16
36053,94,78,16,16
36054,88,81,7,7
36055,124,115,9,9
36056,92,86,6,6
36057,87,101,-14,14
36058,113,111,2,2
36059,99,83,16,16
36060,90,81,9,9
36061,95,79,16,16
36062,61,57,4,4
36063,139,111,28,28
36064,106,107,-1,1
36065,42,45,-3,3
36066,95,86,9,9
36067,121,112,9,9
36068,130,123,7,7
36069,121,104,17,17
36070,74,68,6,6
36071,84,76,8,8
36072,70,62,8,8
36073,73,69,4,4
36074,116,98,18,18
36075,120,105,15,15
36076,151,124,27,27
36077,80,71,9,9
36078,90,83,7,7
36079,68,73,-5,5
36080,102,90,12,12
36081,180,154,26,26
36082,44,75,-31,31
36083,170,145,25,25
36084,99,82,17,17
36085,130,112,18,18
36086,78,95,-17,17
36087,107,92,15,15
36088,93,89,4,4
36089,146,130,16,16
36090,97,82,15,15
36091,107,89,18,18
36092,116,100,16,16
36093,81,83,-2,2
36094,84,72,12,12
36095,88,90,-2,2
36096,77,63,14,14
36097,65,58,7,7
36098,158,128,30,30
36099,76,75,1,1
36100,56,48,8,8
36101,119,108,11,11
36102,82,71,11,11
36103,52,56,-4,4
36104,44,46,-2,2
36105,122,99,23,23
36106,92,86,6,6
36107,87,76,11,11
36108,152,135,17,17
36109,97,85,12,12
36110,127,104,23,23
36111,61,60,1,1
36112,58,59,-1,1
36113,94,82,12,12
36114,123,109,14,14
36115,141,108,33,33
36116,61,63,-2,2
36117,151,149,2,2
36118,117,103,14,14
36119,88,76,12,12
36120,71,61,10,10
36121,131,117,14,14
36122,98,91,7,7
36123,54,57,-3,3
36124,133,108,25,25
36125,68,60,8,8
36126,49,51,-2,2
36127,106,91,15,15
36128,144,119,25,25
36129,105,94,11,11
36130,59,47,12,12
36131,65,59,6,6
36132,136,114,22,22
36133,58,52,6,6
36134,49,47,2,2
36135,47,45,2,2
36136,87,78,9,9
36137,81,81,0,0
36138,110,88,22,22
36139,119,104,15,15
36140,114,99,15,15
36141,77,63,14,14
36142,114,101,13,13
36143,112,99,13,13
36144,86,93,-7,7
36145,91,85,6,6
36146,136,108,28,28
36147,52,48,4,4
36148,85,80,5,5
36149,97,83,14,14
36150,151,124,27,27
36151,118,99,19,19
36152,156,120,36,36
36153,61,53,8,8
36154,107,91,16,16
36155,173,150,23,23
36156,86,82,4,4
36157,74,71,3,3
36158,90,77,13,13
36159,61,57,4,4
36160,112,102,10,10
36161,114,101,13,13
36162,86,81,5,5
36163,115,105,10,10
36164,128,113,15,15
36165,62,61,1,1
36166,81,78,3,3
36167,102,91,11,11
36168,104,95,9,9
36169,70,71,-1,1
36170,85,74,11,11
36171,59,57,2,2
36172,112,91,21,21
36173,141,132,9,9
36174,103,89,14,14
36175,89,79,10,10
36176,83,71,12,12
36177,54,50,4,4
36178,70,68,2,2
36179,75,70,5,5
36180,124,108,16,16
36181,64,57,7,7
36182,137,114,23,23
36183,112,111,1,1
36184,60,70,-10,10
36185,103,97,6,6
36186,76,62,14,14
36187,100,78,22,22
36188,68,66,2,2
36189,72,71,1,1
36190,52,51,1,1
36191,91,81,10,10
36192,57,51,6,6
36193,71,57,14,14
36194,99,93,6,6
36195,117,119,-2,2
36196,179,146,33,33
36197,109,93,16,16
36198,33,34,-1,1
36199,101,92,9,9
36200,105,88,17,17
36201,88,79,9,9
36202,152,141,11,11
36203,88,72,16,16
36204,140,116,24,24
36205,123,96,27,27
36206,129,112,17,17
36207,57,53,4,4
36208,53,47,6,6
36209,65,63,2,2
36210,72,65,7,7
36211,127,125,2,2
36212,62,62,0,0
36213,47,48,-1,1
36214,101,91,10,10
36215,58,45,13,13
36216,90,83,7,7
36217,71,64,7,7
36218,148,121,27,27
36219,131,110,21,21
36220,173,154,19,19
36221,140,116,24,24
36222,88,81,7,7
36223,105,99,6,6
36224,129,105,24,24
36225,105,87,18,18
36226,113,113,0,0
36227,83,83,0,0
36228,58,57,1,1
36229,59,55,4,4
36230,110,79,31,31
36231,106,98,8,8
36232,95,86,9,9
36233,101,81,20,20
36234,56,58,-2,2
36235,134,119,15,15
36236,118,104,14,14
36237,114,93,21,21
36238,70,66,4,4
36239,68,73,-5,5
36240,66,62,4,4
36241,92,77,15,15
36242,113,101,12,12
36243,108,92,16,16
36244,91,87,4,4
36245,146,134,12,12
36246,114,100,14,14
36247,103,94,9,9
36248,108,127,-19,19
36249,60,55,5,5
36250,62,57,5,5
36251,102,90,12,12
36252,110,104,6,6
36253,194,150,44,44
36254,53,53,0,0
36255,102,85,17,17
36256,175,138,37,37
36257,66,58,8,8
36258,108,93,15,15
36259,112,96,16,16
36260,154,129,25,25
36261,121,112,9,9
36262,66,59,7,7
36263,84,74,10,10
36264,72,63,9,9
36265,97,79,18,18
36266,125,107,18,18
36267,53,51,2,2
36268,56,55,1,1
36269,139,126,13,13
36270,76,76,0,0
36271,98,85,13,13
36272,64,60,4,4
36273,102,89,13,13
36274,63,65,-2,2
36275,125,110,15,15
36276,133,102,31,31
36277,61,54,7,7
36278,57,54,3,3
36279,87,72,15,15
36280,65,62,3,3
36281,45,45,0,0
36282,105,98,7,7
36283,123,105,18,18
36284,96,81,15,15
36285,146,137,9,9
36286,65,64,1,1
36287,93,80,13,13
36288,67,63,4,4
36289,112,81,31,31
36290,128,106,22,22
36291,78,72,6,6
36292,73,66,7,7
36293,89,77,12,12
36294,62,53,9,9
36295,127,117,10,10
36296,126,100,26,26
36297,80,73,7,7
36298,84,80,4,4
36299,85,93,-8,8
36300,65,58,7,7
36301,63,65,-2,2
36302,42,44,-2,2
36303,84,73,11,11
36304,73,66,7,7
36305,50,44,6,6
36306,107,117,-10,10
36307,108,91,17,17
36308,65,64,1,1
36309,150,117,33,33
36310,101,86,15,15
36311,51,41,10,10
36312,74,62,12,12
36313,79,71,8,8
36314,117,95,22,22
36315,71,75,-4,4
36316,70,66,4,4
36317,75,66,9,9
36318,38,48,-10,10
36319,104,99,5,5
36320,97,83,14,14
36321,117,102,15,15
36322,78,67,11,11
36323,58,63,-5,5
36324,133,117,16,16
36325,51,49,2,2
36326,117,105,12,12
36327,82,71,11,11
36328,155,133,22,22
36329,102,97,5,5
36330,137,120,17,17
36331,85,73,12,12
36332,132,122,10,10
36333,35,37,-2,2
36334,72,64,8,8
36335,119,107,12,12
36336,90,76,14,14
36337,69,63,6,6
36338,76,74,2,2
36339,85,79,6,6
36340,114,93,21,21
36341,84,99,-15,15
36342,78,72,6,6
36343,55,55,0,0
36344,102,94,8,8
36345,163,128,35,35
36346,69,64,5,5
36347,126,109,17,17
36348,43,37,6,6
36349,61,51,10,10
36350,54,52,2,2
36351,109,92,17,17
36352,102,105,-3,3
36353,80,74,6,6
36354,206,161,45,45
36355,51,48,3,3
36356,89,73,16,16
36357,72,72,0,0
36358,127,110,17,17
36359,76,74,2,2
36360,107,92,15,15
36361,71,61,10,10
36362,66,58,8,8
36363,76,67,9,9
36364,184,149,35,35
36365,129,113,16,16
36366,55,56,-1,1
36367,110,103,7,7
36368,75,71,4,4
36369,61,62,-1,1
36370,136,112,24,24
36371,103,84,19,19
36372,115,109,6,6
36373,55,52,3,3
36374,113,93,20,20
36375,89,72,17,17
36376,121,97,24,24
36377,80,85,-5,5
36378,141,123,18,18
36379,150,145,5,5
36380,90,74,16,16
36381,73,69,4,4
36382,137,137,0,0
36383,107,88,19,19
36384,86,75,11,11
36385,112,99,13,13
36386,46,52,-6,6
36387,72,68,4,4
36388,99,93,6,6
36389,63,59,4,4
36390,126,93,33,33
36391,64,57,7,7
36392,90,90,0,0
36393,59,60,-1,1
36394,66,55,11,11
36395,114,87,27,27
36396,102,86,16,16
36397,77,69,8,8
36398,90,75,15,15
36399,68,60,8,8
36400,78,66,12,12
36401,71,65,6,6
36402,49,49,0,0
36403,83,75,8,8
36404,112,108,4,4
36405,102,98,4,4
36406,134,106,28,28
36407,57,54,3,3
36408,71,67,4,4
36409,163,142,21,21
36410,130,109,21,21
36411,123,115,8,8
36412,117,103,14,14
36413,78,68,10,10
36414,39,43,-4,4
36415,49,49,0,0
36416,57,55,2,2
36417,51,54,-3,3
36418,123,101,22,22
36419,92,82,10,10
36420,93,86,7,7
36421,77,70,7,7
36422,197,140,57,57
36423,112,101,11,11
36424,63,64,-1,1
36425,83,78,5,5
36426,68,78,-10,10
36427,105,89,16,16
36428,62,64,-2,2
36429,71,60,11,11
36430,91,80,11,11
36431,85,72,13,13
36432,197,172,25,25
36433,124,106,18,18
36434,119,100,19,19
36435,130,124,6,6
36436,81,68,13,13
36437,92,83,9,9
36438,71,64,7,7
36439,67,58,9,9
36440,99,81,18,18
36441,94,85,9,9
36442,114,107,7,7
36443,167,137,30,30
36444,120,98,22,22
36445,125,100,25,25
36446,70,57,13,13
36447,114,94,20,20
36448,95,80,15,15
36449,46,46,0,0
36450,101,96,5,5
36451,61,52,9,9
36452,90,88,2,2
36453,67,134,-67,67
36454,157,128,29,29
36455,79,70,9,9
36456,105,91,14,14
36457,112,90,22,22
36458,89,83,6,6
36459,105,93,12,12
36460,124,104,20,20
36461,65,58,7,7
36462,73,65,8,8
36463,66,61,5,5
36464,61,60,1,1
36465,125,123,2,2
36466,122,120,2,2
36467,76,66,10,10
36468,90,87,3,3
36469,176,135,41,41
36470,62,62,0,0
36471,139,120,19,19
36472,43,43,0,0
36473,67,63,4,4
36474,50,50,0,0
36475,66,64,2,2
36476,59,57,2,2
36477,81,65,16,16
36478,83,68,15,15
36479,92,82,10,10
36480,76,74,2,2
36481,62,58,4,4
36482,64,73,-9,9
36483,92,91,1,1
36484,123,103,20,20
36485,84,67,17,17
36486,88,82,6,6
36487,58,58,0,0
36488,87,77,10,10
36489,73,66,7,7
36490,44,50,-6,6
36491,123,105,18,18
36492,76,64,12,12
36493,82,81,1,1
36494,84,74,10,10
36495,69,65,4,4
36496,80,75,5,5
36497,104,90,14,14
36498,81,71,10,10
36499,79,77,2,2
36500,90,94,-4,4
36501,105,88,17,17
36502,140,119,21,21
36503,85,80,5,5
36504,96,83,13,13
36505,102,91,11,11
36506,81,70,11,11
36507,117,97,20,20
36508,68,60,8,8
36509,79,73,6,6
36510,143,118,25,25
36511,66,53,13,13
36512,52,46,6,6
36513,109,88,21,21
36514,40,48,-8,8
36515,140,114,26,26
36516,115,100,15,15
36517,74,78,-4,4
36518,61,60,1,1
36519,66,62,4,4
36520,92,72,20,20
36521,48,65,-17,17
36522,116,100,16,16
36523,141,119,22,22
36524,113,95,18,18
36525,89,74,15,15
36526,139,109,30,30
36527,134,122,12,12
36528,152,129,23,23
36529,88,79,9,9
36530,93,83,10,10
36531,161,135,26,26
36532,90,85,5,5
36533,68,60,8,8
36534,148,117,31,31
36535,82,72,10,10
36536,96,83,13,13
36537,171,149,22,22
36538,96,96,0,0
36539,66,66,0,0
36540,113,94,19,19
36541,78,75,3,3
36542,82,73,9,9
36543,61,57,4,4
36544,82,71,11,11
36545,99,98,1,1
36546,225,163,62,62
36547,81,71,10,10
36548,62,57,5,5
36549,66,62,4,4
36550,44,50,-6,6
36551,74,80,-6,6
36552,83,72,11,11
36553,109,96,13,13
36554,51,55,-4,4
36555,121,114,7,7
36556,83,65,18,18
36557,81,82,-1,1
36558,53,52,1,1
36559,73,76,-3,3
36560,109,93,16,16
36561,151,135,16,16
36562,115,102,13,13
36563,122,100,22,22
36564,116,104,12,12
36565,107,90,17,17
36566,109,89,20,20
36567,72,67,5,5
36568,43,43,0,0
36569,78,67,11,11
36570,127,105,22,22
36571,50,47,3,3
36572,96,82,14,14
36573,53,55,-2,2
36574,37,41,-4,4
36575,94,76,18,18
36576,56,58,-2,2
36577,27,33,-6,6
36578,38,43,-5,5
36579,109,101,8,8
36580,109,96,13,13
36581,70,70,0,0
36582,60,57,3,3
36583,82,83,-1,1
36584,67,62,5,5
36585,67,63,4,4
36586,78,66,12,12
36587,62,66,-4,4
36588,49,55,-6,6
36589,109,90,19,19
36590,88,82,6,6
36591,81,82,-1,1
36592,82,82,0,0
36593,90,79,11,11
36594,79,75,4,4
36595,97,79,18,18
36596,75,74,1,1
36597,104,88,16,16
36598,84,79,5,5
36599,146,124,22,22
36600,62,56,6,6
36601,104,96,8,8
36602,106,104,2,2
36603,92,83,9,9
36604,92,80,12,12
36605,92,85,7,7
36606,71,63,8,8
36607,91,84,7,7
36608,87,75,12,12
36609,79,84,-5,5
36610,86,90,-4,4
36611,128,100,28,28
36612,186,158,28,28
36613,138,113,25,25
36614,89,72,17,17
36615,168,139,29,29
36616,46,45,1,1
36617,93,82,11,11
36618,72,66,6,6
36619,110,93,17,17
36620,99,80,19,19
36621,51,45,6,6
36622,93,85,8,8
36623,99,85,14,14
36624,126,109,17,17
36625,64,63,1,1
36626,209,172,37,37
36627,102,87,15,15
36628,98,93,5,5
36629,79,64,15,15
36630,85,80,5,5
36631,64,58,6,6
36632,83,71,12,12
36633,121,91,30,30
36634,111,93,18,18
36635,72,64,8,8
36636,97,82,15,15
36637,96,78,18,18
36638,64,59,5,5
36639,128,113,15,15
36640,34,38,-4,4
36641,124,95,29,29
36642,84,69,15,15
36643,132,109,23,23
36644,55,50,5,5
36645,118,103,15,15
36646,47,44,3,3
36647,74,63,11,11
36648,75,65,10,10
36649,93,83,10,10
36650,171,132,39,39
36651,81,76,5,5
36652,62,59,3,3
36653,81,71,10,10
36654,83,67,16,16
36655,65,59,6,6
36656,61,58,3,3
36657,83,77,6,6
36658,102,91,11,11
36659,78,70,8,8
36660,85,75,10,10
36661,122,100,22,22
36662,60,56,4,4
36663,151,139,12,12
36664,72,68,4,4
36665,93,83,10,10
36666,99,87,12,12
36667,95,89,6,6
36668,105,92,13,13
36669,83,64,19,19
36670,128,121,7,7
36671,76,94,-18,18
36672,114,93,21,21
36673,125,112,13,13
36674,88,76,12,12
36675,117,110,7,7
36676,54,50,4,4
36677,102,90,12,12
36678,60,50,10,10
36679,47,65,-18,18
36680,76,65,11,11
36681,53,52,1,1
36682,83,81,2,2
36683,148,141,7,7
36684,101,86,15,15
36685,126,108,18,18
36686,124,170,-46,46
36687,114,102,12,12
36688,74,72,2,2
36689,83,85,-2,2
36690,109,92,17,17
36691,89,87,2,2
36692,76,73,3,3
36693,53,53,0,0
36694,78,70,8,8
36695,60,55,5,5
36696,136,119,17,17
36697,42,51,-9,9
36698,126,103,23,23
36699,99,97,2,2
36700,96,89,7,7
36701,45,46,-1,1
36702,77,64,13,13
36703,167,134,33,33
36704,102,116,-14,14
36705,92,86,6,6
36706,61,56,5,5
36707,138,116,22,22
36708,117,115,2,2
36709,127,104,23,23
36710,92,71,21,21
36711,83,77,6,6
36712,69,62,7,7
36713,189,153,36,36
36714,89,68,21,21
36715,154,134,20,20
36716,78,74,4,4
36717,92,82,10,10
36718,151,137,14,14
36719,138,126,12,12
36720,73,64,9,9
36721,152,135,17,17
36722,122,108,14,14
36723,71,60,11,11
36724,118,105,13,13
36725,93,74,19,19
36726,104,89,15,15
36727,85,71,14,14
36728,91,79,12,12
36729,50,47,3,3
36730,102,81,21,21
36731,120,107,13,13
36732,111,93,18,18
36733,71,68,3,3
36734,57,47,10,10
36735,161,116,45,45
36736,53,45,8,8
36737,122,122,0,0
36738,125,112,13,13
36739,83,72,11,11
36740,74,74,0,0
36741,78,70,8,8
36742,51,48,3,3
36743,167,123,44,44
36744,78,71,7,7
36745,207,167,40,40
36746,120,106,14,14
36747,142,127,15,15
36748,71,74,-3,3
36749,144,108,36,36
36750,55,47,8,8
36751,75,60,15,15
36752,113,106,7,7
36753,100,102,-2,2
36754,56,54,2,2
36755,137,112,25,25
36756,92,84,8,8
36757,142,121,21,21
36758,114,103,11,11
36759,47,46,1,1
36760,61,52,9,9
36761,130,109,21,21
36762,68,66,2,2
36763,72,74,-2,2
36764,39,36,3,3
36765,116,107,9,9
36766,135,111,24,24
36767,121,106,15,15
36768,126,108,18,18
36769,115,111,4,4
36770,92,81,11,11
36771,137,111,26,26
36772,67,60,7,7
36773,58,47,11,11
36774,74,70,4,4
36775,66,53,13,13
36776,70,58,12,12
36777,89,96,-7,7
36778,85,85,0,0
36779,77,69,8,8
36780,54,56,-2,2
36781,103,95,8,8
36782,45,48,-3,3
36783,35,48,-13,13
36784,84,103,-19,19
36785,61,67,-6,6
36786,114,96,18,18
36787,47,48,-1,1
36788,86,74,12,12
36789,92,86,6,6
36790,61,57,4,4
36791,96,86,10,10
36792,48,45,3,3
36793,115,109,6,6
36794,209,169,40,40
36795,89,81,8,8
36796,63,50,13,13
36797,68,63,5,5
36798,88,84,4,4
36799,63,68,-5,5
36800,121,119,2,2
36801,146,140,6,6
36802,64,55,9,9
36803,75,67,8,8
36804,118,110,8,8
36805,121,111,10,10
36806,87,73,14,14
36807,80,71,9,9
36808,80,75,5,5
36809,107,86,21,21
36810,137,115,22,22
36811,96,78,18,18
36812,74,68,6,6
36813,90,73,17,17
36814,70,59,11,11
36815,45,46,-1,1
36816,63,55,8,8
36817,122,107,15,15
36818,80,71,9,9
36819,91,84,7,7
36820,241,192,49,49
36821,49,45,4,4
36822,115,110,5,5
36823,136,95,41,41
36824,87,68,19,19
36825,90,95,-5,5
36826,86,64,22,22
36827,126,110,16,16
36828,63,70,-7,7
36829,68,63,5,5
36830,83,67,16,16
36831,101,87,14,14
36832,82,99,-17,17
36833,105,98,7,7
36834,141,128,13,13
36835,67,64,3,3
36836,29,36,-7,7
36837,96,89,7,7
36838,69,59,10,10
36839,62,62,0,0
36840,68,65,3,3
36841,96,77,19,19
36842,122,115,7,7
36843,109,102,7,7
36844,83,70,13,13
36845,127,107,20,20
36846,115,115,0,0
36847,95,83,12,12
36848,64,57,7,7
36849,80,73,7,7
36850,285,245,40,40
36851,88,76,12,12
36852,154,112,42,42
36853,163,138,25,25
36854,68,98,-30,30
36855,72,72,0,0
36856,184,159,25,25
36857,87,73,14,14
36858,58,55,3,3
36859,110,106,4,4
36860,62,62,0,0
36861,53,46,7,7
36862,158,142,16,16
36863,87,92,-5,5
36864,70,71,-1,1
36865,72,67,5,5
36866,141,110,31,31
36867,94,81,13,13
36868,48,54,-6,6
36869,56,50,6,6
36870,169,138,31,31
36871,81,93,-12,12
36872,71,65,6,6
36873,97,77,20,20
36874,73,70,3,3
36875,90,84,6,6
36876,122,102,20,20
36877,68,57,11,11
36878,128,104,24,24
36879,68,62,6,6
36880,128,115,13,13
36881,80,76,4,4
36882,76,65,11,11
36883,131,125,6,6
36884,96,90,6,6
36885,118,111,7,7
36886,112,93,19,19
36887,174,145,29,29
36888,44,37,7,7
36889,92,85,7,7
36890,66,62,4,4
36891,90,81,9,9
36892,144,124,20,20
36893,110,91,19,19
36894,164,127,37,37
36895,85,71,14,14
36896,87,86,1,1
36897,126,129,-3,3
36898,70,63,7,7
36899,111,100,11,11
36900,56,51,5,5
36901,50,52,-2,2
36902,93,85,8,8
36903,66,61,5,5
36904,77,67,10,10
36905,59,53,6,6
36906,95,88,7,7
36907,79,70,9,9
36908,84,77,7,7
36909,81,72,9,9
36910,118,95,23,23
36911,62,55,7,7
36912,113,104,9,9
36913,89,70,19,19
36914,109,90,19,19
36915,157,134,23,23
36916,144,141,3,3
36917,113,92,21,21
36918,136,109,27,27
36919,55,51,4,4
36920,100,114,-14,14
36921,127,102,25,25
36922,137,121,16,16
36923,77,66,11,11
36924,75,68,7,7
36925,96,89,7,7
36926,183,149,34,34
36927,100,86,14,14
36928,66,56,10,10
36929,87,79,8,8
36930,76,70,6,6
36931,79,88,-9,9
36932,84,75,9,9
36933,101,86,15,15
36934,110,99,11,11
36935,97,84,13,13
36936,55,53,2,2
36937,94,76,18,18
36938,65,62,3,3
36939,78,68,10,10
36940,69,63,6,6
36941,171,144,27,27
36942,78,71,7,7
36943,58,55,3,3
36944,79,70,9,9
36945,90,76,14,14
36946,43,40,3,3
36947,80,87,-7,7
36948,121,114,7,7
36949,186,148,38,38
36950,87,81,6,6
36951,25,27,-2,2
36952,77,76,1,1
36953,111,97,14,14
36954,60,55,5,5
36955,70,68,2,2
36956,145,120,25,25
36957,83,74,9,9
36958,87,69,18,18
36959,79,68,11,11
36960,110,97,13,13
36961,70,60,10,10
36962,157,131,26,26
36963,95,85,10,10
36964,62,61,1,1
36965,83,77,6,6
36966,64,58,6,6
36967,240,198,42,42
36968,77,72,5,5
36969,171,135,36,36
36970,111,99,12,12
36971,98,81,17,17
36972,60,56,4,4
36973,94,85,9,9
36974,117,95,22,22
36975,113,103,10,10
36976,149,144,5,5
36977,84,75,9,9
36978,50,50,0,0
36979,109,109,0,0
36980,77,81,-4,4
36981,125,108,17,17
36982,74,77,-3,3
36983,80,73,7,7
36984,70,65,5,5
36985,79,71,8,8
36986,125,97,28,28
36987,102,78,24,24
36988,72,64,8,8
36989,99,93,6,6
36990,73,74,-1,1
36991,104,87,17,17
36992,99,86,13,13
36993,97,81,16,16
36994,135,122,13,13
36995,80,75,5,5
36996,146,127,19,19
36997,59,61,-2,2
36998,95,88,7,7
36999,159,128,31,31
37000,73,59,14,14
37001,94,83,11,11
37002,159,122,37,37
37003,178,160,18,18
37004,58,51,7,7
37005,88,76,12,12
37006,88,85,3,3
37007,81,78,3,3
37008,79,66,13,13
37009,54,51,3,3
37010,88,76,12,12
37011,75,64,11,11
37012,101,80,21,21
37013,89,75,14,14
37014,51,54,-3,3
37015,121,107,14,14
37016,110,104,6,6
37017,99,81,18,18
37018,63,62,1,1
37019,113,102,11,11
37020,137,121,16,16
37021,114,112,2,2
37022,87,78,9,9
37023,176,133,43,43
37024,136,120,16,16
37025,104,91,13,13
37026,131,104,27,27
37027,100,102,-2,2
37028,110,100,10,10
37029,54,50,4,4
37030,99,90,9,9
37031,55,56,-1,1
37032,141,115,26,26
37033,142,124,18,18
37034,125,100,25,25
37035,114,108,6,6
37036,121,104,17,17
37037,138,114,24,24
37038,66,70,-4,4
37039,108,92,16,16
37040,137,113,24,24
37041,57,52,5,5
37042,97,93,4,4
37043,114,92,22,22
37044,124,130,-6,6
37045,66,63,3,3
37046,51,47,4,4
37047,162,133,29,29
37048,161,137,24,24
37049,116,99,17,17
37050,111,98,13,13
37051,143,123,20,20
37052,41,45,-4,4
37053,97,78,19,19
37054,49,50,-1,1
37055,156,135,21,21
37056,48,44,4,4
37057,82,69,13,13
37058,58,54,4,4
37059,81,67,14,14
37060,81,72,9,9
37061,68,66,2,2
37062,120,109,11,11
37063,28,38,-10,10
37064,84,87,-3,3
37065,96,89,7,7
37066,79,72,7,7
37067,446,330,116,116
37068,132,121,11,11
37069,131,110,21,21
37070,60,65,-5,5
37071,78,67,11,11
37072,113,101,12,12
37073,67,59,8,8
37074,83,72,11,11
37075,77,65,12,12
37076,82,72,10,10
37077,60,55,5,5
37078,112,100,12,12
37079,124,105,19,19
37080,150,117,33,33
37081,87,77,10,10
37082,129,102,27,27
37083,151,128,23,23
37084,36,39,-3,3
37085,100,86,14,14
37086,57,93,-36,36
37087,108,101,7,7
37088,78,76,2,2
37089,72,60,12,12
37090,69,75,-6,6
37091,108,100,8,8
37092,87,75,12,12
37093,51,58,-7,7
37094,48,50,-2,2
37095,98,97,1,1
37096,31,47,-16,16
37097,140,107,33,33
37098,74,66,8,8
37099,95,89,6,6
37100,87,73,14,14
37101,120,108,12,12
37102,83,68,15,15
37103,81,86,-5,5
37104,75,70,5,5
37105,87,80,7,7
37106,145,130,15,15
37107,98,82,16,16
37108,52,44,8,8
37109,83,73,10,10
37110,55,67,-12,12
37111,110,102,8,8
37112,125,117,8,8
37113,87,71,16,16
37114,101,88,13,13
37115,81,67,14,14
37116,143,124,19,19
37117,218,178,40,40
37118,79,67,12,12
37119,97,80,17,17
37120,58,57,1,1
37121,116,109,7,7
37122,76,62,14,14
37123,94,93,1,1
37124,79,82,-3,3
37125,60,52,8,8
37126,103,100,3,3
37127,51,46,5,5
37128,113,94,19,19
37129,83,89,-6,6
37130,121,104,17,17
37131,87,68,19,19
37132,152,133,19,19
37133,97,86,11,11
37134,169,146,23,23
37135,73,77,-4,4
37136,141,133,8,8
37137,88,69,19,19
37138,75,149,-74,74
37139,78,70,8,8
37140,114,97,17,17
37141,95,74,21,21
37142,100,103,-3,3
37143,94,85,9,9
37144,62,64,-2,2
37145,75,88,-13,13
37146,91,86,5,5
37147,155,122,33,33
37148,82,69,13,13
37149,120,106,14,14
37150,154,128,26,26
37151,45,43,2,2
37152,69,61,8,8
37153,70,67,3,3
37154,129,116,13,13
37155,83,71,12,12
37156,102,86,16,16
37157,34,36,-2,2
37158,84,71,13,13
37159,93,79,14,14
37160,173,138,35,35
37161,81,78,3,3
37162,112,112,0,0
37163,141,123,18,18
37164,117,102,15,15
37165,87,85,2,2
37166,89,92,-3,3
37167,138,127,11,11
37168,77,73,4,4
37169,71,67,4,4
37170,108,99,9,9
37171,84,73,11,11
37172,90,90,0,0
37173,156,130,26,26
37174,90,83,7,7
37175,91,80,11,11
37176,64,58,6,6
37177,66,63,3,3
37178,59,50,9,9
37179,124,104,20,20
37180,49,45,4,4
37181,108,95,13,13
37182,83,75,8,8
37183,115,90,25,25
37184,59,59,0,0
37185,51,60,-9,9
37186,90,79,11,11
37187,77,81,-4,4
37188,59,48,11,11
37189,100,87,13,13
37190,138,114,24,24
37191,237,196,41,41
37192,71,65,6,6
37193,51,46,5,5
37194,160,142,18,18
37195,162,127,35,35
37196,121,106,15,15
37197,122,103,19,19
37198,64,56,8,8
37199,78,65,13,13
37200,107,117,-10,10
37201,102,97,5,5
37202,74,75,-1,1
37203,90,89,1,1
37204,65,53,12,12
37205,85,82,3,3
37206,88,83,5,5
37207,95,83,12,12
37208,92,83,9,9
37209,148,113,35,35
37210,89,79,10,10
37211,63,57,6,6
37212,98,79,19,19
37213,74,68,6,6
37214,69,62,7,7
37215,58,55,3,3
37216,148,123,25,25
37217,75,71,4,4
37218,128,116,12,12
37219,63,67,-4,4
37220,113,92,21,21
37221,88,83,5,5
37222,68,57,11,11
37223,98,83,15,15
37224,79,74,5,5
37225,69,65,4,4
37226,284,222,62,62
37227,76,68,8,8
37228,98,91,7,7
37229,73,68,5,5
37230,135,117,18,18
37231,71,60,11,11
37232,85,73,12,12
37233,58,60,-2,2
37234,110,98,12,12
37235,63,58,5,5
37236,91,86,5,5
37237,72,70,2,2
37238,111,120,-9,9
37239,75,63,12,12
37240,127,111,16,16
37241,157,124,33,33
37242,136,121,15,15
37243,66,59,7,7
37244,53,51,2,2
37245,76,71,5,5
37246,76,66,10,10
37247,123,117,6,6
37248,90,82,8,8
37249,62,63,-1,1
37250,93,102,-9,9
37251,150,124,26,26
37252,114,100,14,14
37253,99,76,23,23
37254,85,74,11,11
37255,68,57,11,11
37256,54,52,2,2
37257,64,58,6,6
37258,126,113,13,13
37259,52,51,1,1
37260,119,102,17,17
37261,112,101,11,11
37262,257,203,54,54
37263,75,68,7,7
37264,58,51,7,7
37265,87,75,12,12
37266,50,44,6,6
37267,79,79,0,0
37268,142,118,24,24
37269,122,116,6,6
37270,69,67,2,2
37271,82,71,11,11
37272,83,78,5,5
37273,87,75,12,12
37274,132,117,15,15
37275,110,111,-1,1
37276,98,77,21,21
37277,93,82,11,11
37278,112,104,8,8
37279,101,83,18,18
37280,97,90,7,7
37281,111,105,6,6
37282,53,52,1,1
37283,78,82,-4,4
37284,104,88,16,16
37285,86,74,12,12
37286,109,95,14,14
37287,136,114,22,22
37288,113,111,2,2
37289,53,53,0,0
37290,85,68,17,17
37291,142,114,28,28
37292,141,114,27,27
37293,87,78,9,9
37294,79,72,7,7
37295,171,135,36,36
37296,104,97,7,7
37297,91,105,-14,14
37298,70,62,8,8
37299,93,87,6,6
37300,115,103,12,12
37301,49,48,1,1
37302,115,91,24,24
37303,85,71,14,14
37304,96,86,10,10
37305,112,96,16,16
37306,133,120,13,13
37307,114,98,16,16
37308,78,88,-10,10
37309,158,131,27,27
37310,73,62,11,11
37311,44,45,-1,1
37312,160,142,18,18
37313,114,104,10,10
37314,163,105,58,58
37315,113,95,18,18
37316,92,87,5,5
37317,35,40,-5,5
37318,135,116,19,19
37319,113,97,16,16
37320,105,88,17,17
37321,79,72,7,7
37322,130,105,25,25
37323,129,113,16,16
37324,81,74,7,7
37325,71,71,0,0
37326,233,180,53,53
37327,79,78,1,1
37328,88,80,8,8
37329,121,113,8,8
37330,132,109,23,23
37331,179,147,32,32
37332,199,161,38,38
37333,133,112,21,21
37334,127,109,18,18
37335,71,68,3,3
37336,59,58,1,1
37337,92,82,10,10
37338,98,87,11,11
37339,93,74,19,19
37340,103,71,32,32
37341,114,109,5,5
37342,80,76,4,4
37343,84,76,8,8
37344,95,78,17,17
37345,141,119,22,22
37346,184,154,30,30
37347,138,105,33,33
37348,59,55,4,4
37349,172,147,25,25
37350,146,119,27,27
37351,72,69,3,3
37352,139,128,11,11
37353,108,94,14,14
37354,91,91,0,0
37355,38,36,2,2
37356,44,51,-7,7
37357,86,77,9,9
37358,68,68,0,0
37359,68,56,12,12
37360,100,91,9,9
37361,135,110,25,25
37362,30,44,-14,14
37363,149,126,23,23
37364,93,83,10,10
37365,132,123,9,9
37366,61,54,7,7
37367,104,94,10,10
37368,119,105,14,14
37369,61,60,1,1
37370,79,73,6,6
37371,48,52,-4,4
37372,80,61,19,19
37373,145,150,-5,5
37374,65,68,-3,3
37375,68,62,6,6
37376,68,63,5,5
37377,78,74,4,4
37378,65,55,10,10
37379,98,82,16,16
37380,102,97,5,5
37381,115,91,24,24
37382,71,62,9,9
37383,63,63,0,0
37384,64,69,-5,5
37385,97,88,9,9
37386,102,81,21,21
37387,101,91,10,10
37388,34,32,2,2
37389,70,64,6,6
37390,53,57,-4,4
37391,92,83,9,9
37392,83,79,4,4
37393,101,95,6,6
37394,76,67,9,9
37395,76,74,2,2
37396,111,92,19,19
37397,49,56,-7,7
37398,55,59,-4,4
37399,115,97,18,18
37400,126,111,15,15
37401,121,98,23,23
37402,145,120,25,25
37403,60,66,-6,6
37404,73,58,15,15
37405,63,61,2,2
37406,71,65,6,6
37407,81,73,8,8
37408,98,87,11,11
37409,138,122,16,16
37410,69,68,1,1
37411,172,157,15,15
37412,57,61,-4,4
37413,119,99,20,20
37414,65,61,4,4
37415,54,51,3,3
37416,86,82,4,4
37417,116,105,11,11
37418,145,119,26,26
37419,102,95,7,7
37420,108,95,13,13
37421,63,59,4,4
37422,125,108,17,17
37423,90,82,8,8
37424,139,127,12,12
37425,94,81,13,13
37426,86,79,7,7
37427,44,53,-9,9
37428,89,87,2,2
37429,82,73,9,9
37430,114,91,23,23
37431,60,54,6,6
37432,103,90,13,13
37433,58,55,3,3
37434,108,102,6,6
37435,140,131,9,9
37436,160,138,22,22
37437,54,49,5,5
37438,106,90,16,16
37439,140,126,14,14
37440,101,94,7,7
37441,120,106,14,14
37442,118,101,17,17
37443,116,98,18,18
37444,108,95,13,13
37445,205,182,23,23
37446,192,157,35,35
37447,97,86,11,11
37448,59,54,5,5
37449,60,60,0,0
37450,51,47,4,4
37451,48,48,0,0
37452,118,103,15,15
37453,209,172,37,37
37454,64,59,5,5
37455,76,74,2,2
37456,130,113,17,17
37457,83,71,12,12
37458,69,71,-2,2
37459,66,52,14,14
37460,81,80,1,1
37461,116,118,-2,2
37462,91,86,5,5
37463,178,156,22,22
37464,148,147,1,1
37465,160,138,22,22
37466,116,118,-2,2
37467,87,82,5,5
37468,93,85,8,8
37469,71,66,5,5
37470,121,103,18,18
37471,85,69,16,16
37472,75,71,4,4
37473,101,89,12,12
37474,72,67,5,5
37475,60,56,4,4
37476,102,85,17,17
37477,111,94,17,17
37478,81,80,1,1
37479,75,81,-6,6
37480,107,99,8,8
37481,75,72,3,3
37482,67,69,-2,2
37483,126,118,8,8
37484,106,96,10,10
37485,126,111,15,15
37486,104,97,7,7
37487,65,66,-1,1
37488,92,83,9,9
37489,78,66,12,12
37490,127,107,20,20
37491,88,80,8,8
37492,35,41,-6,6
37493,87,79,8,8
37494,53,57,-4,4
37495,108,96,12,12
37496,89,80,9,9
37497,79,69,10,10
37498,79,77,2,2
37499,138,105,33,33
37500,92,76,16,16
37501,84,75,9,9
37502,65,60,5,5
37503,74,68,6,6
37504,147,127,20,20
37505,96,87,9,9
37506,124,102,22,22
37507,84,86,-2,2
37508,118,102,16,16
37509,80,70,10,10
37510,89,87,2,2
37511,154,140,14,14
37512,96,99,-3,3
37513,73,75,-2,2
37514,218,171,47,47
37515,108,96,12,12
37516,156,134,22,22
37517,56,57,-1,1
37518,105,89,16,16
37519,103,112,-9,9
37520,98,91,7,7
37521,161,139,22,22
37522,150,118,32,32
37523,50,49,1,1
37524,99,87,12,12
37525,62,59,3,3
37526,102,89,13,13
37527,86,73,13,13
37528,81,70,11,11
37529,51,52,-1,1
37530,100,84,16,16
37531,74,63,11,11
37532,65,54,11,11
37533,95,85,10,10
37534,99,88,11,11
37535,84,81,3,3
37536,114,93,21,21
37537,99,81,18,18
37538,58,48,10,10
37539,49,44,5,5
37540,119,99,20,20
37541,83,77,6,6
37542,96,92,4,4
37543,70,70,0,0
37544,108,96,12,12
37545,128,102,26,26
37546,75,65,10,10
37547,72,62,10,10
37548,88,71,17,17
37549,71,63,8,8
37550,103,87,16,16
37551,109,92,17,17
37552,77,73,4,4
37553,74,66,8,8
37554,105,87,18,18
37555,56,48,8,8
37556,95,83,12,12
37557,152,126,26,26
37558,62,56,6,6
37559,128,111,17,17
37560,108,100,8,8
37561,58,58,0,0
37562,144,111,33,33
37563,109,90,19,19
37564,66,57,9,9
37565,114,105,9,9
37566,150,113,37,37
37567,98,86,12,12
37568,151,126,25,25
37569,73,65,8,8
37570,84,76,8,8
37571,126,111,15,15
37572,50,50,0,0
37573,101,101,0,0
37574,56,56,0,0
37575,95,87,8,8
37576,65,60,5,5
37577,141,110,31,31
37578,94,82,12,12
37579,67,65,2,2
37580,55,54,1,1
37581,65,58,7,7
37582,52,61,-9,9
37583,95,79,16,16
37584,158,135,23,23
37585,106,34,72,72
37586,101,88,13,13
37587,96,83,13,13
37588,132,119,13,13
37589,91,79,12,12
37590,80,72,8,8
37591,209,172,37,37
37592,71,73,-2,2
37593,94,88,6,6
37594,93,84,9,9
37595,103,93,10,10
37596,69,69,0,0
37597,190,170,20,20
37598,92,80,12,12
37599,105,86,19,19
37600,69,66,3,3
37601,54,63,-9,9
37602,59,55,4,4
37603,82,77,5,5
37604,84,75,9,9
37605,30,53,-23,23
37606,150,121,29,29
37607,65,56,9,9
37608,88,77,11,11
37609,80,71,9,9
37610,174,147,27,27
37611,134,137,-3,3
37612,82,72,10,10
37613,77,63,14,14
37614,65,64,1,1
37615,49,47,2,2
37616,95,89,6,6
37617,67,64,3,3
37618,69,60,9,9
37619,125,120,5,5
37620,124,116,8,8
37621,81,72,9,9
37622,93,85,8,8
37623,148,111,37,37
37624,158,130,28,28
37625,107,96,11,11
37626,138,111,27,27
37627,106,95,11,11
37628,102,96,6,6
37629,151,134,17,17
37630,103,96,7,7
37631,77,64,13,13
37632,139,120,19,19
37633,122,105,17,17
37634,86,70,16,16
37635,85,75,10,10
37636,76,60,16,16
37637,115,94,21,21
37638,137,111,26,26
37639,113,94,19,19
37640,155,122,33,33
37641,66,70,-4,4
37642,75,63,12,12
37643,120,110,10,10
37644,116,92,24,24
37645,152,134,18,18
37646,56,56,0,0
37647,205,161,44,44
37648,96,87,9,9
37649,101,82,19,19
37650,100,90,10,10
37651,94,80,14,14
37652,130,111,19,19
37653,61,70,-9,9
37654,123,104,19,19
37655,111,107,4,4
37656,136,123,13,13
37657,166,135,31,31
37658,85,83,2,2
37659,99,88,11,11
37660,58,54,4,4
37661,98,81,17,17
37662,88,69,19,19
37663,164,127,37,37
37664,67,63,4,4
37665,112,88,24,24
37666,105,93,12,12
37667,151,125,26,26
37668,80,64,16,16
37669,121,112,9,9
37670,179,134,45,45
37671,151,128,23,23
37672,116,104,12,12
37673,93,83,10,10
37674,96,85,11,11
37675,112,114,-2,2
37676,45,44,1,1
37677,100,85,15,15
37678,71,75,-4,4
37679,72,59,13,13
37680,124,101,23,23
37681,54,49,5,5
37682,135,112,23,23
37683,125,102,23,23
37684,125,94,31,31
37685,104,104,0,0
37686,76,67,9,9
37687,106,126,-20,20
37688,76,67,9,9
37689,87,81,6,6
37690,146,126,20,20
37691,91,75,16,16
37692,72,78,-6,6
37693,149,129,20,20
37694,82,72,10,10
37695,157,129,28,28
37696,138,112,26,26
37697,122,107,15,15
37698,105,94,11,11
37699,88,76,12,12
37700,157,150,7,7
37701,108,86,22,22
37702,94,80,14,14
37703,102,98,4,4
37704,51,58,-7,7
37705,84,78,6,6
37706,67,83,-16,16
37707,128,107,21,21
37708,130,112,18,18
37709,165,135,30,30
37710,100,101,-1,1
37711,121,113,8,8
37712,74,73,1,1
37713,58,53,5,5
37714,88,88,0,0
37715,105,98,7,7
37716,116,103,13,13
37717,103,86,17,17
37718,101,92,9,9
37719,108,104,4,4
37720,75,79,-4,4
37721,106,99,7,7
37722,69,65,4,4
37723,87,82,5,5
37724,68,68,0,0
37725,51,48,3,3
37726,61,57,4,4
37727,110,97,13,13
37728,104,89,15,15
37729,70,61,9,9
37730,47,49,-2,2
37731,69,73,-4,4
37732,48,54,-6,6
37733,92,81,11,11
37734,116,101,15,15
37735,94,86,8,8
37736,79,73,6,6
37737,116,116,0,0
37738,133,126,7,7
37739,70,67,3,3
37740,153,129,24,24
37741,41,76,-35,35
37742,73,66,7,7
37743,109,103,6,6
37744,145,119,26,26
37745,106,96,10,10
37746,89,75,14,14
37747,69,71,-2,2
37748,73,70,3,3
37749,61,58,3,3
37750,127,110,17,17
37751,104,94,10,10
37752,103,91,12,12
37753,107,89,18,18
37754,116,103,13,13
37755,66,65,1,1
37756,130,109,21,21
37757,102,84,18,18
37758,102,93,9,9
37759,72,72,0,0
37760,98,82,16,16
37761,55,48,7,7
37762,90,88,2,2
37763,116,102,14,14
37764,64,65,-1,1
37765,113,94,19,19
37766,75,73,2,2
37767,75,85,-10,10
37768,119,108,11,11
37769,81,69,12,12
37770,74,65,9,9
37771,156,133,23,23
37772,93,82,11,11
37773,84,77,7,7
37774,118,122,-4,4
37775,70,63,7,7
37776,197,171,26,26
37777,57,56,1,1
37778,41,51,-10,10
37779,110,107,3,3
37780,94,81,13,13
37781,121,96,25,25
37782,77,71,6,6
37783,104,75,29,29
37784,98,84,14,14
37785,101,87,14,14
37786,65,73,-8,8
37787,140,113,27,27
37788,113,94,19,19
37789,103,89,14,14
37790,84,68,16,16
37791,75,63,12,12
37792,136,114,22,22
37793,123,109,14,14
37794,117,108,9,9
37795,107,89,18,18
37796,64,56,8,8
37797,61,58,3,3
37798,216,160,56,56
37799,94,89,5,5
37800,96,87,9,9
37801,83,94,-11,11
37802,42,51,-9,9
37803,93,90,3,3
37804,61,59,2,2
37805,101,76,25,25
37806,118,104,14,14
37807,100,86,14,14
37808,107,109,-2,2
37809,98,94,4,4
37810,64,55,9,9
37811,215,187,28,28
37812,127,108,19,19
37813,91,78,13,13
37814,113,114,-1,1
37815,82,75,7,7
37816,120,110,10,10
37817,72,64,8,8
37818,77,83,-6,6
37819,79,79,0,0
37820,67,65,2,2
37821,89,82,7,7
37822,54,53,1,1
37823,97,90,7,7
37824,82,75,7,7
37825,91,92,-1,1
37826,83,72,11,11
37827,54,61,-7,7
37828,116,103,13,13
37829,80,77,3,3
37830,75,68,7,7
37831,187,163,24,24
37832,78,80,-2,2
37833,95,89,6,6
37834,87,77,10,10
37835,74,70,4,4
37836,67,59,8,8
37837,66,54,12,12
37838,78,66,12,12
37839,107,92,15,15
37840,59,49,10,10
37841,92,88,4,4
37842,41,53,-12,12
37843,130,109,21,21
37844,100,94,6,6
37845,88,75,13,13
37846,67,57,10,10
37847,100,82,18,18
37848,99,96,3,3
37849,69,63,6,6
37850,115,105,10,10
37851,116,99,17,17
37852,49,44,5,5
37853,91,85,6,6
37854,67,70,-3,3
37855,105,88,17,17
37856,137,120,17,17
37857,72,76,-4,4
37858,61,57,4,4
37859,86,77,9,9
37860,91,88,3,3
37861,85,75,10,10
37862,83,69,14,14
37863,68,55,13,13
37864,103,85,18,18
37865,106,86,20,20
37866,139,106,33,33
37867,115,107,8,8
37868,48,48,0,0
37869,159,144,15,15
37870,61,55,6,6
37871,113,105,8,8
37872,101,90,11,11
37873,77,67,10,10
37874,134,119,15,15
37875,67,53,14,14
37876,106,93,13,13
37877,57,53,4,4
37878,95,92,3,3
37879,93,88,5,5
37880,95,76,19,19
37881,179,151,28,28
37882,153,150,3,3
37883,62,60,2,2
37884,69,59,10,10
37885,165,147,18,18
37886,180,169,11,11
37887,87,76,11,11
37888,110,100,10,10
37889,116,106,10,10
37890,159,147,12,12
37891,99,92,7,7
37892,114,100,14,14
37893,102,81,21,21
37894,154,134,20,20
37895,91,80,11,11
37896,124,97,27,27
37897,91,78,13,13
37898,41,42,-1,1
37899,45,44,1,1
37900,71,79,-8,8
37901,76,70,6,6
37902,99,97,2,2
37903,111,94,17,17
37904,97,80,17,17
37905,124,99,25,25
37906,96,82,14,14
37907,79,83,-4,4
37908,122,115,7,7
37909,115,88,27,27
37910,89,79,10,10
37911,73,66,7,7
37912,111,101,10,10
37913,89,85,4,4
37914,138,116,22,22
37915,100,98,2,2
37916,78,72,6,6
37917,83,80,3,3
37918,86,84,2,2
37919,135,124,11,11
37920,114,102,12,12
37921,56,53,3,3
37922,149,142,7,7
37923,81,73,8,8
37924,79,70,9,9
37925,103,94,9,9
37926,56,62,-6,6
37927,150,132,18,18
37928,78,72,6,6
37929,78,71,7,7
37930,41,43,-2,2
37931,121,94,27,27
37932,123,110,13,13
37933,76,79,-3,3
37934,103,89,14,14
37935,35,56,-21,21
37936,124,107,17,17
37937,55,55,0,0
37938,88,76,12,12
37939,90,80,10,10
37940,120,85,35,35
37941,71,63,8,8
37942,79,73,6,6
37943,62,58,4,4
37944,86,77,9,9
37945,64,62,2,2
37946,131,129,2,2
37947,146,119,27,27
37948,86,71,15,15
37949,98,84,14,14
37950,183,143,40,40
37951,91,83,8,8
37952,77,69,8,8
37953,142,121,21,21
37954,79,70,9,9
37955,41,39,2,2
37956,105,98,7,7
37957,197,168,29,29
37958,115,102,13,13
37959,71,68,3,3
37960,140,124,16,16
37961,130,112,18,18
37962,83,75,8,8
37963,108,109,-1,1
37964,67,60,7,7
37965,70,78,-8,8
37966,93,87,6,6
37967,64,65,-1,1
37968,98,102,-4,4
37969,115,103,12,12
37970,62,55,7,7
37971,88,82,6,6
37972,61,57,4,4
37973,198,158,40,40
37974,101,97,4,4
37975,66,60,6,6
37976,31,33,-2,2
37977,94,81,13,13
37978,93,92,1,1
37979,117,139,-22,22
37980,99,92,7,7
37981,36,38,-2,2
37982,76,71,5,5
37983,67,66,1,1
37984,78,77,1,1
37985,50,54,-4,4
37986,55,46,9,9
37987,92,84,8,8
37988,94,80,14,14
37989,137,122,15,15
37990,102,90,12,12
37991,113,93,20,20
37992,89,73,16,16
37993,124,119,5,5
37994,82,71,11,11
37995,60,59,1,1
37996,125,98,27,27
37997,78,76,2,2
37998,143,120,23,23
37999,142,126,16,16
38000,106,86,20,20
38001,124,100,24,24
38002,52,55,-3,3
38003,97,103,-6,6
38004,80,71,9,9
38005,107,100,7,7
38006,141,125,16,16
38007,57,55,2,2
38008,89,71,18,18
38009,104,103,1,1
38010,154,128,26,26
38011,76,84,-8,8
38012,95,81,14,14
38013,179,141,38,38
38014,64,69,-5,5
38015,119,97,22,22
38016,108,109,-1,1
38017,114,99,15,15
38018,92,82,10,10
38019,109,97,12,12
38020,139,129,10,10
38021,130,113,17,17
38022,112,96,16,16
38023,123,99,24,24
38024,125,106,19,19
38025,66,56,10,10
38026,77,77,0,0
38027,87,78,9,9
38028,97,91,6,6
38029,56,54,2,2
38030,146,124,22,22
38031,71,66,5,5
38032,176,148,28,28
38033,96,80,16,16
38034,105,89,16,16
38035,127,111,16,16
38036,82,77,5,5
38037,137,136,1,1
38038,120,102,18,18
38039,82,72,10,10
38040,73,62,11,11
38041,78,64,14,14
38042,83,77,6,6
38043,83,76,7,7
38044,74,73,1,1
38045,81,73,8,8
38046,178,144,34,34
38047,96,97,-1,1
38048,48,49,-1,1
38049,74,74,0,0
38050,143,117,26,26
38051,94,78,16,16
38052,142,124,18,18
38053,144,131,13,13
38054,114,103,11,11
38055,91,86,5,5
38056,127,113,14,14
38057,65,69,-4,4
38058,152,123,29,29
38059,106,91,15,15
38060,140,121,19,19
38061,96,91,5,5
38062,72,95,-23,23
38063,71,40,31,31
38064,116,99,17,17
38065,156,129,27,27
38066,57,51,6,6
38067,24,32,-8,8
38068,122,104,18,18
38069,118,100,18,18
38070,96,87,9,9
38071,86,77,9,9
38072,163,138,25,25
38073,60,59,1,1
38074,80,69,11,11
38075,78,69,9,9
38076,82,70,12,12
38077,113,94,19,19
38078,104,101,3,3
38079,154,156,-2,2
38080,34,43,-9,9
38081,111,101,10,10
38082,103,88,15,15
38083,88,76,12,12
38084,112,103,9,9
38085,115,100,15,15
38086,60,52,8,8
38087,150,124,26,26
38088,116,100,16,16
38089,80,70,10,10
38090,112,91,21,21
38091,116,103,13,13
38092,83,79,4,4
38093,161,129,32,32
38094,65,62,3,3
38095,74,70,4,4
38096,72,60,12,12
38097,185,142,43,43
38098,89,68,21,21
38099,90,81,9,9
38100,175,143,32,32
38101,96,81,15,15
38102,96,79,17,17
38103,111,100,11,11
38104,46,46,0,0
38105,105,105,0,0
38106,69,67,2,2
38107,117,101,16,16
38108,91,83,8,8
38109,70,69,1,1
38110,150,119,31,31
38111,122,113,9,9
38112,98,98,0,0
38113,100,82,18,18
38114,160,122,38,38
38115,139,120,19,19
38116,170,138,32,32
38117,79,76,3,3
38118,132,111,21,21
38119,121,105,16,16
38120,118,106,12,12
38121,102,79,23,23
38122,98,85,13,13
38123,115,107,8,8
38124,159,142,17,17
38125,92,84,8,8
38126,41,51,-10,10
38127,84,77,7,7
38128,132,131,1,1
38129,109,86,23,23
38130,78,78,0,0
38131,114,91,23,23
38132,121,102,19,19
38133,93,80,13,13
38134,115,100,15,15
38135,44,43,1,1
38136,74,64,10,10
38137,49,48,1,1
38138,165,136,29,29
38139,83,75,8,8
38140,158,133,25,25
38141,101,80,21,21
38142,118,103,15,15
38143,94,85,9,9
38144,117,116,1,1
38145,109,96,13,13
38146,73,81,-8,8
38147,76,71,5,5
38148,138,118,20,20
38149,113,95,18,18
38150,96,86,10,10
38151,73,69,4,4
38152,112,95,17,17
38153,63,64,-1,1
38154,104,87,17,17
38155,82,79,3,3
38156,54,53,1,1
38157,84,74,10,10
38158,133,122,11,11
38159,101,92,9,9
38160,108,102,6,6
38161,83,72,11,11
38162,78,73,5,5
38163,82,68,14,14
38164,76,68,8,8
38165,90,77,13,13
38166,105,95,10,10
38167,61,54,7,7
38168,102,107,-5,5
38169,104,108,-4,4
38170,72,65,7,7
38171,74,61,13,13
38172,92,85,7,7
38173,85,74,11,11
38174,99,86,13,13
38175,111,110,1,1
38176,67,65,2,2
38177,76,67,9,9
38178,113,88,25,25
38179,107,89,18,18
38180,117,100,17,17
38181,116,109,7,7
38182,97,87,10,10
38183,125,109,16,16
38184,112,101,11,11
38185,71,73,-2,2
38186,115,102,13,13
38187,59,74,-15,15
38188,97,84,13,13
38189,124,99,25,25
38190,45,41,4,4
38191,87,79,8,8
38192,103,112,-9,9
38193,64,59,5,5
38194,100,85,15,15
38195,97,81,16,16
38196,121,107,14,14
38197,111,104,7,7
38198,74,65,9,9
38199,118,129,-11,11
38200,91,79,12,12
38201,89,82,7,7
38202,105,79,26,26
38203,79,76,3,3
38204,68,62,6,6
38205,125,113,12,12
38206,87,75,12,12
38207,123,102,21,21
38208,93,84,9,9
38209,100,88,12,12
38210,64,55,9,9
38211,108,93,15,15
38212,68,52,16,16
38213,86,79,7,7
38214,107,91,16,16
38215,73,69,4,4
38216,128,122,6,6
38217,119,100,19,19
38218,54,48,6,6
38219,72,66,6,6
38220,73,72,1,1
38221,159,133,26,26
38222,83,76,7,7
38223,97,84,13,13
38224,131,112,19,19
38225,69,66,3,3
38226,86,68,18,18
38227,119,108,11,11
38228,100,81,19,19
38229,102,98,4,4
38230,67,59,8,8
38231,53,56,-3,3
38232,85,83,2,2
38233,168,143,25,25
38234,61,55,6,6
38235,77,70,7,7
38236,85,82,3,3
38237,69,61,8,8
38238,124,109,15,15
38239,89,70,19,19
38240,148,130,18,18
38241,143,112,31,31
38242,57,72,-15,15
38243,144,122,22,22
38244,66,63,3,3
38245,83,86,-3,3
38246,120,106,14,14
38247,131,114,17,17
38248,51,54,-3,3
38249,77,59,18,18
38250,62,59,3,3
38251,125,120,5,5
38252,87,78,9,9
38253,89,79,10,10
38254,162,136,26,26
38255,109,104,5,5
38256,126,114,12,12
38257,87,84,3,3
38258,87,89,-2,2
38259,116,103,13,13
38260,51,51,0,0
38261,65,55,10,10
38262,95,79,16,16
38263,86,69,17,17
38264,98,91,7,7
38265,74,65,9,9
38266,87,77,10,10
38267,113,97,16,16
38268,70,78,-8,8
38269,119,100,19,19
38270,180,150,30,30
38271,94,78,16,16
38272,67,68,-1,1
38273,85,79,6,6
38274,147,132,15,15
38275,79,63,16,16
38276,76,71,5,5
38277,60,49,11,11
38278,55,57,-2,2
38279,95,89,6,6
38280,127,104,23,23
38281,100,90,10,10
38282,85,78,7,7
38283,127,110,17,17
38284,101,80,21,21
38285,70,64,6,6
38286,102,89,13,13
38287,73,65,8,8
38288,107,97,10,10
38289,129,117,12,12
38290,114,99,15,15
38291,45,49,-4,4
38292,52,48,4,4
38293,69,64,5,5
38294,71,65,6,6
38295,65,63,2,2
38296,211,159,52,52
38297,113,113,0,0
38298,97,87,10,10
38299,60,61,-1,1
38300,184,130,54,54
38301,106,92,14,14
38302,121,108,13,13
38303,112,104,8,8
38304,137,123,14,14
38305,104,94,10,10
38306,124,99,25,25
38307,72,60,12,12
38308,116,97,19,19
38309,76,69,7,7
38310,99,93,6,6
38311,75,71,4,4
38312,81,75,6,6
38313,69,64,5,5
38314,72,73,-1,1
38315,87,68,19,19
38316,93,82,11,11
38317,136,118,18,18
38318,101,84,17,17
38319,89,78,11,11
38320,112,98,14,14
38321,65,60,5,5
38322,118,100,18,18
38323,92,77,15,15
38324,80,83,-3,3
38325,98,85,13,13
38326,70,61,9,9
38327,127,101,26,26
38328,149,114,35,35
38329,70,62,8,8
38330,139,131,8,8
38331,82,71,11,11
38332,91,83,8,8
38333,39,49,-10,10
38334,82,93,-11,11
38335,105,92,13,13
38336,147,126,21,21
38337,104,101,3,3
38338,117,92,25,25
38339,91,93,-2,2
38340,90,86,4,4
38341,104,85,19,19
38342,47,48,-1,1
38343,56,54,2,2
38344,110,101,9,9
38345,43,54,-11,11
38346,120,101,19,19
38347,70,66,4,4
38348,75,69,6,6
38349,77,70,7,7
38350,72,65,7,7
38351,105,90,15,15
38352,218,171,47,47
38353,56,59,-3,3
38354,100,93,7,7
38355,123,119,4,4
38356,130,106,24,24
38357,63,53,10,10
38358,89,82,7,7
38359,60,59,1,1
38360,65,70,-5,5
38361,118,105,13,13
38362,86,81,5,5
38363,166,151,15,15
38364,106,96,10,10
38365,58,57,1,1
38366,141,112,29,29
38367,96,84,12,12
38368,106,90,16,16
38369,110,101,9,9
38370,64,58,6,6
38371,83,72,11,11
38372,92,94,-2,2
38373,70,63,7,7
38374,122,114,8,8
38375,86,79,7,7
38376,105,84,21,21
38377,99,93,6,6
38378,57,51,6,6
38379,79,71,8,8
38380,59,52,7,7
38381,70,66,4,4
38382,104,89,15,15
38383,86,80,6,6
38384,112,106,6,6
38385,102,90,12,12
38386,63,62,1,1
38387,118,102,16,16
38388,63,55,8,8
38389,104,109,-5,5
38390,86,79,7,7
38391,167,137,30,30
38392,164,140,24,24
38393,85,78,7,7
38394,111,101,10,10
38395,121,99,22,22
38396,94,84,10,10
38397,77,79,-2,2
38398,35,40,-5,5
38399,95,82,13,13
38400,133,118,15,15
38401,85,79,6,6
38402,67,56,11,11
38403,114,105,9,9
38404,157,136,21,21
38405,157,130,27,27
38406,94,94,0,0
38407,54,56,-2,2
38408,64,53,11,11
38409,109,94,15,15
38410,71,67,4,4
38411,73,68,5,5
38412,76,75,1,1
38413,130,104,26,26
38414,79,68,11,11
38415,142,134,8,8
38416,89,78,11,11
38417,105,95,10,10
38418,78,82,-4,4
38419,64,56,8,8
38420,63,63,0,0
38421,89,81,8,8
38422,171,154,17,17
38423,111,88,23,23
38424,86,72,14,14
38425,102,87,15,15
38426,61,56,5,5
38427,85,76,9,9
38428,134,109,25,25
38429,81,75,6,6
38430,142,127,15,15
38431,80,68,12,12
38432,83,73,10,10
38433,121,98,23,23
38434,67,49,18,18
38435,100,103,-3,3
38436,129,111,18,18
38437,102,96,6,6
38438,126,113,13,13
38439,98,90,8,8
38440,63,55,8,8
38441,72,70,2,2
38442,88,85,3,3
38443,64,62,2,2
38444,107,103,4,4
38445,89,72,17,17
38446,93,84,9,9
38447,146,124,22,22
38448,101,97,4,4
38449,87,77,10,10
38450,97,86,11,11
38451,78,59,19,19
38452,130,105,25,25
38453,85,66,19,19
38454,77,67,10,10
38455,44,45,-1,1
38456,96,82,14,14
38457,89,72,17,17
38458,117,102,15,15
38459,41,39,2,2
38460,113,103,10,10
38461,103,78,25,25
38462,161,130,31,31
38463,196,169,27,27
38464,64,50,14,14
38465,82,69,13,13
38466,66,82,-16,16
38467,80,70,10,10
38468,54,54,0,0
38469,104,98,6,6
38470,55,48,7,7
38471,57,53,4,4
38472,49,51,-2,2
38473,70,64,6,6
38474,74,73,1,1
38475,33,40,-7,7
38476,83,81,2,2
38477,89,78,11,11
38478,102,87,15,15
38479,156,142,14,14
38480,36,45,-9,9
38481,62,56,6,6
38482,102,85,17,17
38483,87,84,3,3
38484,50,42,8,8
38485,89,88,1,1
38486,100,88,12,12
38487,98,79,19,19
38488,56,52,4,4
38489,75,67,8,8
38490,98,76,22,22
38491,117,96,21,21
38492,235,180,55,55
38493,54,52,2,2
38494,68,60,8,8
38495,116,111,5,5
38496,32,35,-3,3
38497,55,47,8,8
38498,82,76,6,6
38499,119,107,12,12
38500,183,164,19,19
38501,112,82,30,30
38502,57,62,-5,5
38503,120,103,17,17
38504,77,75,2,2
38505,68,68,0,0
38506,126,107,19,19
38507,68,65,3,3
38508,103,86,17,17
38509,110,105,5,5
38510,122,95,27,27
38511,100,101,-1,1
38512,74,67,7,7
38513,185,139,46,46
38514,118,117,1,1
38515,41,44,-3,3
38516,91,84,7,7
38517,83,68,15,15
38518,79,78,1,1
38519,82,69,13,13
38520,84,77,7,7
38521,70,58,12,12
38522,97,93,4,4
38523,99,89,10,10
38524,108,92,16,16
38525,85,74,11,11
38526,132,116,16,16
38527,99,87,12,12
38528,62,52,10,10
38529,80,68,12,12
38530,96,84,12,12
38531,98,81,17,17
38532,109,98,11,11
38533,124,115,9,9
38534,101,101,0,0
38535,118,108,10,10
38536,57,50,7,7
38537,79,73,6,6
38538,86,79,7,7
38539,77,68,9,9
38540,132,108,24,24
38541,74,61,13,13
38542,108,96,12,12
38543,137,110,27,27
38544,102,93,9,9
38545,150,126,24,24
38546,51,48,3,3
38547,77,65,12,12
38548,59,48,11,11
38549,42,40,2,2
38550,141,125,16,16
38551,132,109,23,23
38552,67,58,9,9
38553,108,92,16,16
38554,144,136,8,8
38555,69,63,6,6
38556,85,75,10,10
38557,64,59,5,5
38558,65,60,5,5
38559,221,191,30,30
38560,70,66,4,4
38561,56,47,9,9
38562,62,59,3,3
38563,88,93,-5,5
38564,108,100,8,8
38565,178,141,37,37
38566,74,65,9,9
38567,85,84,1,1
38568,61,62,-1,1
38569,111,78,33,33
38570,103,95,8,8
38571,110,95,15,15
38572,74,63,11,11
38573,172,147,25,25
38574,87,88,-1,1
38575,141,135,6,6
38576,86,70,16,16
38577,89,85,4,4
38578,106,81,25,25
38579,103,89,14,14
38580,115,89,26,26
38581,61,50,11,11
38582,102,93,9,9
38583,64,59,5,5
38584,121,101,20,20
38585,61,61,0,0
38586,75,66,9,9
38587,43,35,8,8
38588,84,73,11,11
38589,118,102,16,16
38590,50,42,8,8
38591,81,61,20,20
38592,160,137,23,23
38593,121,101,20,20
38594,77,79,-2,2
38595,124,107,17,17
38596,140,121,19,19
38597,56,56,0,0
38598,92,77,15,15
38599,99,89,10,10
38600,169,146,23,23
38601,102,98,4,4
38602,149,133,16,16
38603,161,150,11,11
38604,73,71,2,2
38605,81,75,6,6
38606,76,68,8,8
38607,131,108,23,23
38608,155,139,16,16
38609,87,78,9,9
38610,62,56,6,6
38611,87,70,17,17
38612,78,79,-1,1
38613,74,72,2,2
38614,49,66,-17,17
38615,92,79,13,13
38616,133,116,17,17
38617,149,127,22,22
38618,120,106,14,14
38619,89,74,15,15
38620,102,88,14,14
38621,62,52,10,10
38622,57,40,17,17
38623,43,60,-17,17
38624,72,67,5,5
38625,58,60,-2,2
38626,66,58,8,8
38627,73,71,2,2
38628,112,84,28,28
38629,158,131,27,27
38630,70,75,-5,5
38631,136,115,21,21
38632,85,73,12,12
38633,37,42,-5,5
38634,87,81,6,6
38635,130,120,10,10
38636,88,81,7,7
38637,57,55,2,2
38638,117,102,15,15
38639,105,87,18,18
38640,75,68,7,7
38641,153,133,20,20
38642,90,93,-3,3
38643,130,104,26,26
38644,86,79,7,7
38645,124,113,11,11
38646,83,76,7,7
38647,145,115,30,30
38648,77,72,5,5
38649,64,61,3,3
38650,129,112,17,17
38651,109,93,16,16
38652,94,89,5,5
38653,84,72,12,12
38654,64,58,6,6
38655,90,80,10,10
38656,171,143,28,28
38657,93,88,5,5
38658,121,114,7,7
38659,72,72,0,0
38660,72,80,-8,8
38661,85,76,9,9
38662,86,71,15,15
38663,93,86,7,7
38664,94,71,23,23
38665,118,109,9,9
38666,72,56,16,16
38667,64,61,3,3
38668,127,104,23,23
38669,64,58,6,6
38670,75,67,8,8
38671,57,58,-1,1
38672,61,57,4,4
38673,74,77,-3,3
38674,53,59,-6,6
38675,80,75,5,5
38676,83,74,9,9
38677,124,105,19,19
38678,81,80,1,1
38679,84,85,-1,1
38680,128,105,23,23
38681,93,85,8,8
38682,79,75,4,4
38683,81,89,-8,8
38684,81,72,9,9
38685,104,96,8,8
38686,82,72,10,10
38687,84,66,18,18
38688,71,66,5,5
38689,62,55,7,7
38690,66,64,2,2
38691,63,58,5,5
38692,77,67,10,10
38693,56,54,2,2
38694,155,132,23,23
38695,143,115,28,28
38696,75,66,9,9
38697,92,88,4,4
38698,108,92,16,16
38699,105,94,11,11
38700,63,54,9,9
38701,117,101,16,16
38702,123,98,25,25
38703,69,65,4,4
38704,119,115,4,4
38705,92,94,-2,2
38706,94,78,16,16
38707,80,75,5,5
38708,101,88,13,13
38709,150,128,22,22
38710,92,77,15,15
38711,97,84,13,13
38712,100,89,11,11
38713,74,78,-4,4
38714,157,135,22,22
38715,65,66,-1,1
38716,97,83,14,14
38717,79,72,7,7
38718,86,76,10,10
38719,91,78,13,13
38720,51,48,3,3
38721,110,107,3,3
38722,106,101,5,5
38723,50,49,1,1
38724,76,66,10,10
38725,126,104,22,22
38726,73,65,8,8
38727,80,78,2,2
38728,90,76,14,14
38729,94,70,24,24
38730,99,87,12,12
38731,140,117,23,23
38732,92,77,15,15
38733,96,87,9,9
38734,107,98,9,9
38735,120,99,21,21
38736,141,122,19,19
38737,58,57,1,1
38738,99,88,11,11
38739,75,67,8,8
38740,118,94,24,24
38741,93,85,8,8
38742,104,82,22,22
38743,81,76,5,5
38744,107,90,17,17
38745,91,95,-4,4
38746,87,79,8,8
38747,53,56,-3,3
38748,147,123,24,24
38749,108,91,17,17
38750,76,67,9,9
38751,59,53,6,6
38752,85,86,-1,1
38753,82,65,17,17
38754,57,55,2,2
38755,37,42,-5,5
38756,129,116,13,13
38757,57,47,10,10
38758,67,60,7,7
38759,76,63,13,13
38760,85,74,11,11
38761,130,108,22,22
38762,106,92,14,14
38763,104,101,3,3
38764,88,83,5,5
38765,65,52,13,13
38766,75,69,6,6
38767,145,122,23,23
38768,149,127,22,22
38769,44,44,0,0
38770,69,58,11,11
38771,93,85,8,8
38772,78,67,11,11
38773,63,62,1,1
38774,78,76,2,2
38775,85,72,13,13
38776,55,49,6,6
38777,73,79,-6,6
38778,107,97,10,10
38779,131,111,20,20
38780,87,77,10,10
38781,40,50,-10,10
38782,139,107,32,32
38783,85,80,5,5
38784,163,151,12,12
38785,64,66,-2,2
38786,193,160,33,33
38787,86,86,0,0
38788,98,89,9,9
38789,51,53,-2,2
38790,128,110,18,18
38791,141,114,27,27
38792,84,75,9,9
38793,142,122,20,20
38794,59,59,0,0
38795,108,92,16,16
38796,39,42,-3,3
38797,156,133,23,23
38798,107,102,5,5
38799,99,95,4,4
38800,166,141,25,25
38801,85,76,9,9
38802,84,76,8,8
38803,98,85,13,13
38804,76,65,11,11
38805,138,113,25,25
38806,93,82,11,11
38807,182,141,41,41
38808,149,119,30,30
38809,132,106,26,26
38810,127,106,21,21
38811,70,63,7,7
38812,57,55,2,2
38813,176,167,9,9
38814,68,62,6,6
38815,46,43,3,3
38816,66,60,6,6
38817,113,105,8,8
38818,135,118,17,17
38819,48,48,0,0
38820,135,115,20,20
38821,70,67,3,3
38822,91,83,8,8
38823,125,106,19,19
38824,109,85,24,24
38825,53,54,-1,1
38826,91,84,7,7
38827,70,64,6,6
38828,65,64,1,1
38829,125,103,22,22
38830,72,65,7,7
38831,103,92,11,11
38832,103,76,27,27
38833,101,81,20,20
38834,117,111,6,6
38835,63,57,6,6
38836,164,145,19,19
38837,57,60,-3,3
38838,120,107,13,13
38839,133,111,22,22
38840,83,80,3,3
38841,64,60,4,4
38842,102,87,15,15
38843,70,63,7,7
38844,124,117,7,7
38845,106,85,21,21
38846,156,130,26,26
38847,67,65,2,2
38848,147,130,17,17
38849,113,101,12,12
38850,121,107,14,14
38851,97,86,11,11
38852,59,63,-4,4
38853,50,57,-7,7
38854,118,94,24,24
38855,56,51,5,5
38856,87,71,16,16
38857,89,87,2,2
38858,65,64,1,1
38859,62,58,4,4
38860,138,126,12,12
38861,149,135,14,14
38862,69,61,8,8
38863,76,75,1,1
38864,65,65,0,0
38865,70,63,7,7
38866,133,126,7,7
38867,77,72,5,5
38868,93,87,6,6
38869,105,122,-17,17
38870,67,65,2,2
38871,84,74,10,10
38872,83,86,-3,3
38873,46,42,4,4
38874,102,89,13,13
38875,80,68,12,12
38876,106,97,9,9
38877,91,84,7,7
38878,70,56,14,14
38879,213,173,40,40
38880,84,78,6,6
38881,124,95,29,29
38882,113,98,15,15
38883,89,83,6,6
38884,112,96,16,16
38885,78,65,13,13
38886,60,57,3,3
38887,119,97,22,22
38888,58,53,5,5
38889,109,90,19,19
38890,113,117,-4,4
38891,101,81,20,20
38892,61,50,11,11
38893,76,76,0,0
38894,84,75,9,9
38895,86,82,4,4
38896,108,94,14,14
38897,102,82,20,20
38898,151,127,24,24
38899,66,61,5,5
38900,71,62,9,9
38901,66,64,2,2
38902,131,116,15,15
38903,49,48,1,1
38904,99,92,7,7
38905,69,68,1,1
38906,72,57,15,15
38907,179,142,37,37
38908,152,129,23,23
38909,70,64,6,6
38910,63,63,0,0
38911,104,97,7,7
38912,22,39,-17,17
38913,105,92,13,13
38914,174,152,22,22
38915,123,106,17,17
38916,34,40,-6,6
38917,76,72,4,4
38918,114,96,18,18
38919,84,90,-6,6
38920,114,88,26,26
38921,236,183,53,53
38922,86,83,3,3
38923,91,77,14,14
38924,109,100,9,9
38925,99,80,19,19
38926,79,67,12,12
38927,51,53,-2,2
38928,201,165,36,36
38929,60,54,6,6
38930,89,83,6,6
38931,84,74,10,10
38932,40,41,-1,1
38933,68,61,7,7
38934,58,52,6,6
38935,73,65,8,8
38936,121,108,13,13
38937,55,45,10,10
38938,91,82,9,9
38939,57,59,-2,2
38940,68,57,11,11
38941,93,72,21,21
38942,59,64,-5,5
38943,76,67,9,9
38944,99,90,9,9
38945,85,95,-10,10
38946,113,92,21,21
38947,107,85,22,22
38948,184,153,31,31
38949,80,70,10,10
38950,99,96,3,3
38951,180,147,33,33
38952,94,94,0,0
38953,37,39,-2,2
38954,59,64,-5,5
38955,65,57,8,8
38956,93,85,8,8
38957,88,82,6,6
38958,92,87,5,5
38959,128,105,23,23
38960,111,103,8,8
38961,128,145,-17,17
38962,48,46,2,2
38963,116,111,5,5
38964,54,48,6,6
38965,57,61,-4,4
38966,61,61,0,0
38967,79,71,8,8
38968,61,55,6,6
38969,122,107,15,15
38970,89,78,11,11
38971,121,100,21,21
38972,119,103,16,16
38973,108,111,-3,3
38974,100,92,8,8
38975,58,54,4,4
38976,106,86,20,20
38977,88,82,6,6
38978,103,82,21,21
38979,31,39,-8,8
38980,34,50,-16,16
38981,87,80,7,7
38982,111,96,15,15
38983,101,92,9,9
38984,41,40,1,1
38985,60,60,0,0
38986,115,103,12,12
38987,136,118,18,18
38988,74,61,13,13
38989,84,70,14,14
38990,110,93,17,17
38991,73,70,3,3
38992,126,112,14,14
38993,77,68,9,9
38994,129,114,15,15
38995,123,113,10,10
38996,99,83,16,16
38997,88,60,28,28
38998,61,65,-4,4
38999,74,69,5,5
39000,107,91,16,16
39001,122,102,20,20
39002,60,57,3,3
39003,188,162,26,26
39004,84,68,16,16
39005,146,132,14,14
39006,154,135,19,19
39007,114,107,7,7
39008,117,99,18,18
39009,163,147,16,16
39010,74,66,8,8
39011,113,98,15,15
39012,68,66,2,2
39013,137,121,16,16
39014,86,81,5,5
39015,136,119,17,17
39016,77,67,10,10
39017,156,127,29,29
39018,146,119,27,27
39019,62,55,7,7
39020,66,67,-1,1
39021,121,108,13,13
39022,161,131,30,30
39023,102,101,1,1
39024,67,55,12,12
39025,129,112,17,17
39026,120,112,8,8
39027,174,150,24,24
39028,179,152,27,27
39029,92,78,14,14
39030,112,101,11,11
39031,110,90,20,20
39032,97,89,8,8
39033,68,61,7,7
39034,117,109,8,8
39035,155,125,30,30
39036,60,56,4,4
39037,167,128,39,39
39038,115,101,14,14
39039,134,121,13,13
39040,48,54,-6,6
39041,89,76,13,13
39042,42,51,-9,9
39043,31,43,-12,12
39044,105,90,15,15
39045,138,113,25,25
39046,97,76,21,21
39047,83,76,7,7
39048,54,56,-2,2
39049,65,59,6,6
39050,94,92,2,2
39051,86,79,7,7
39052,88,86,2,2
39053,63,55,8,8
39054,144,129,15,15
39055,62,59,3,3
39056,63,69,-6,6
39057,98,87,11,11
39058,60,53,7,7
39059,49,51,-2,2
39060,96,82,14,14
39061,71,69,2,2
39062,120,97,23,23
39063,150,115,35,35
39064,80,68,12,12
39065,58,57,1,1
39066,64,62,2,2
39067,140,124,16,16
39068,124,113,11,11
39069,97,80,17,17
39070,161,121,40,40
39071,50,56,-6,6
39072,101,91,10,10
39073,44,50,-6,6
39074,99,93,6,6
39075,171,135,36,36
39076,43,46,-3,3
39077,93,94,-1,1
39078,139,125,14,14
39079,120,104,16,16
39080,98,94,4,4
39081,101,92,9,9
39082,80,68,12,12
39083,63,53,10,10
39084,149,133,16,16
39085,132,113,19,19
39086,71,66,5,5
39087,92,87,5,5
39088,61,66,-5,5
39089,110,97,13,13
39090,67,61,6,6
39091,38,55,-17,17
39092,89,97,-8,8
39093,86,81,5,5
39094,157,150,7,7
39095,63,65,-2,2
39096,56,55,1,1
39097,96,101,-5,5
39098,58,58,0,0
39099,164,145,19,19
39100,107,95,12,12
39101,131,109,22,22
39102,119,103,16,16
39103,103,93,10,10
39104,58,56,2,2
39105,158,130,28,28
39106,148,120,28,28
39107,107,101,6,6
39108,108,86,22,22
39109,85,67,18,18
39110,76,73,3,3
39111,72,58,14,14
39112,133,113,20,20
39113,71,65,6,6
39114,90,77,13,13
39115,105,94,11,11
39116,107,97,10,10
39117,84,74,10,10
39118,67,65,2,2
39119,154,132,22,22
39120,63,68,-5,5
39121,182,145,37,37
39122,130,106,24,24
39123,126,116,10,10
39124,135,112,23,23
39125,86,77,9,9
39126,90,84,6,6
39127,69,60,9,9
39128,99,94,5,5
39129,81,78,3,3
39130,92,81,11,11
39131,83,73,10,10
39132,76,66,10,10
39133,79,64,15,15
39134,59,59,0,0
39135,100,94,6,6
39136,60,59,1,1
39137,76,73,3,3
39138,110,87,23,23
39139,112,100,12,12
39140,93,86,7,7
39141,101,93,8,8
39142,107,99,8,8
39143,180,153,27,27
39144,109,96,13,13
39145,85,69,16,16
39146,123,105,18,18
39147,90,83,7,7
39148,118,102,16,16
39149,108,86,22,22
39150,95,82,13,13
39151,119,98,21,21
39152,115,90,25,25
39153,145,118,27,27
39154,46,52,-6,6
39155,59,59,0,0
39156,127,116,11,11
39157,114,100,14,14
39158,101,91,10,10
39159,134,114,20,20
39160,99,87,12,12
39161,143,123,20,20
39162,136,115,21,21
39163,152,132,20,20
39164,103,92,11,11
39165,79,68,11,11
39166,83,72,11,11
39167,125,101,24,24
39168,74,83,-9,9
39169,44,44,0,0
39170,100,95,5,5
39171,111,96,15,15
39172,65,56,9,9
39173,102,89,13,13
39174,109,96,13,13
39175,80,65,15,15
39176,117,100,17,17
39177,121,103,18,18
39178,154,131,23,23
39179,55,56,-1,1
39180,90,82,8,8
39181,137,104,33,33
39182,53,51,2,2
39183,137,122,15,15
39184,64,57,7,7
39185,133,105,28,28
39186,38,40,-2,2
39187,105,79,26,26
39188,45,43,2,2
39189,133,110,23,23
39190,121,108,13,13
39191,138,114,24,24
39192,84,69,15,15
39193,79,72,7,7
39194,48,48,0,0
39195,51,56,-5,5
39196,90,83,7,7
39197,79,68,11,11
39198,73,64,9,9
39199,82,65,17,17
39200,90,85,5,5
39201,98,70,28,28
39202,56,53,3,3
39203,100,86,14,14
39204,55,58,-3,3
39205,116,111,5,5
39206,61,53,8,8
39207,77,65,12,12
39208,131,112,19,19
39209,115,94,21,21
39210,94,77,17,17
39211,80,70,10,10
39212,57,57,0,0
39213,112,95,17,17
39214,98,84,14,14
39215,136,126,10,10
39216,125,101,24,24
39217,90,89,1,1
39218,81,76,5,5
39219,123,105,18,18
39220,114,107,7,7
39221,35,40,-5,5
39222,55,51,4,4
39223,110,93,17,17
39224,52,49,3,3
39225,191,152,39,39
39226,48,54,-6,6
39227,70,57,13,13
39228,116,104,12,12
39229,114,104,10,10
39230,71,67,4,4
39231,130,106,24,24
39232,92,81,11,11
39233,111,100,11,11
39234,150,137,13,13
39235,112,117,-5,5
39236,85,79,6,6
39237,75,69,6,6
39238,64,58,6,6
39239,65,60,5,5
39240,164,139,25,25
39241,63,33,30,30
39242,105,95,10,10
39243,96,84,12,12
39244,102,79,23,23
39245,84,67,17,17
39246,72,71,1,1
39247,118,105,13,13
39248,110,93,17,17
39249,81,78,3,3
39250,109,101,8,8
39251,76,65,11,11
39252,64,57,7,7
39253,133,107,26,26
39254,143,116,27,27
39255,72,65,7,7
39256,74,74,0,0
39257,41,39,2,2
39258,65,60,5,5
39259,73,60,13,13
39260,63,65,-2,2
39261,175,145,30,30
39262,85,89,-4,4
39263,82,72,10,10
39264,48,46,2,2
39265,97,84,13,13
39266,86,81,5,5
39267,66,62,4,4
39268,80,68,12,12
39269,84,79,5,5
39270,90,78,12,12
39271,76,77,-1,1
39272,90,80,10,10
39273,128,116,12,12
39274,76,77,-1,1
39275,84,74,10,10
39276,116,105,11,11
39277,72,71,1,1
39278,88,76,12,12
39279,58,50,8,8
39280,80,71,9,9
39281,122,102,20,20
39282,84,82,2,2
39283,62,59,3,3
39284,78,65,13,13
39285,113,101,12,12
39286,152,128,24,24
39287,68,65,3,3
39288,72,64,8,8
39289,104,94,10,10
39290,100,90,10,10
39291,92,77,15,15
39292,95,77,18,18
39293,66,57,9,9
39294,78,74,4,4
39295,117,96,21,21
39296,109,88,21,21
39297,157,126,31,31
39298,100,80,20,20
39299,101,85,16,16
39300,68,56,12,12
39301,137,109,28,28
39302,144,130,14,14
39303,152,133,19,19
39304,121,100,21,21
39305,83,76,7,7
39306,86,93,-7,7
39307,72,59,13,13
39308,82,86,-4,4
39309,115,95,20,20
39310,44,45,-1,1
39311,130,120,10,10
39312,84,77,7,7
39313,104,89,15,15
39314,70,61,9,9
39315,152,113,39,39
39316,66,61,5,5
39317,137,101,36,36
39318,86,75,11,11
39319,130,102,28,28
39320,105,92,13,13
39321,79,73,6,6
39322,79,70,9,9
39323,68,59,9,9
39324,86,71,15,15
39325,90,88,2,2
39326,174,142,32,32
39327,41,43,-2,2
39328,109,90,19,19
39329,98,81,17,17
39330,79,76,3,3
39331,107,97,10,10
39332,138,123,15,15
39333,49,40,9,9
39334,68,70,-2,2
39335,465,305,160,160
39336,102,84,18,18
39337,108,102,6,6
39338,98,90,8,8
39339,70,60,10,10
39340,90,80,10,10
39341,103,93,10,10
39342,84,67,17,17
39343,128,124,4,4
39344,205,163,42,42
39345,149,121,28,28
39346,51,56,-5,5
39347,64,61,3,3
39348,155,123,32,32
39349,61,60,1,1
39350,91,79,12,12
39351,69,68,1,1
39352,51,59,-8,8
39353,59,51,8,8
39354,110,89,21,21
39355,145,115,30,30
39356,86,87,-1,1
39357,192,163,29,29
39358,80,62,18,18
39359,62,56,6,6
39360,116,108,8,8
39361,94,91,3,3
39362,60,54,6,6
39363,128,129,-1,1
39364,129,111,18,18
39365,111,100,11,11
39366,137,117,20,20
39367,164,131,33,33
39368,119,104,15,15
39369,90,80,10,10
39370,114,118,-4,4
39371,26,25,1,1
39372,107,97,10,10
39373,68,61,7,7
39374,118,105,13,13
39375,124,103,21,21
39376,170,144,26,26
39377,61,58,3,3
39378,136,121,15,15
39379,196,142,54,54
39380,87,79,8,8
39381,95,93,2,2
39382,108,97,11,11
39383,151,131,20,20
39384,67,65,2,2
39385,149,128,21,21
39386,113,95,18,18
39387,50,48,2,2
39388,79,78,1,1
39389,103,93,10,10
39390,80,66,14,14
39391,172,152,20,20
39392,105,99,6,6
39393,82,74,8,8
39394,47,46,1,1
39395,54,45,9,9
39396,80,69,11,11
39397,64,55,9,9
39398,150,125,25,25
39399,134,113,21,21
39400,61,64,-3,3
39401,108,92,16,16
39402,116,106,10,10
39403,101,108,-7,7
39404,81,73,8,8
39405,90,86,4,4
39406,71,69,2,2
39407,119,104,15,15
39408,133,118,15,15
39409,125,121,4,4
39410,70,60,10,10
39411,182,150,32,32
39412,114,104,10,10
39413,136,133,3,3
39414,76,70,6,6
39415,114,92,22,22
39416,46,46,0,0
39417,97,99,-2,2
39418,70,68,2,2
39419,63,52,11,11
39420,100,82,18,18
39421,114,94,20,20
39422,52,50,2,2
39423,130,115,15,15
39424,108,87,21,21
39425,133,107,26,26
39426,26,34,-8,8
39427,75,69,6,6
39428,112,105,7,7
39429,73,60,13,13
39430,44,48,-4,4
39431,75,68,7,7
39432,93,82,11,11
39433,60,64,-4,4
39434,83,73,10,10
39435,140,114,26,26
39436,100,90,10,10
39437,107,89,18,18
39438,95,72,23,23
39439,111,90,21,21
39440,112,96,16,16
39441,67,66,1,1
39442,52,50,2,2
39443,113,90,23,23
39444,77,68,9,9
39445,135,119,16,16
39446,61,56,5,5
39447,58,61,-3,3
39448,60,57,3,3
39449,100,87,13,13
39450,49,52,-3,3
39451,71,61,10,10
39452,104,96,8,8
39453,49,50,-1,1
39454,141,121,20,20
39455,113,102,11,11
39456,74,62,12,12
39457,135,119,16,16
39458,61,60,1,1
39459,115,113,2,2
39460,89,87,2,2
39461,76,71,5,5
39462,111,108,3,3
39463,61,60,1,1
39464,54,48,6,6
39465,95,89,6,6
39466,125,108,17,17
39467,168,145,23,23
39468,71,62,9,9
39469,80,70,10,10
39470,224,195,29,29
39471,87,80,7,7
39472,65,60,5,5
39473,130,119,11,11
39474,111,101,10,10
39475,76,64,12,12
39476,111,95,16,16
39477,88,86,2,2
39478,97,85,12,12
39479,118,107,11,11
39480,93,73,20,20
39481,131,107,24,24
39482,82,74,8,8
39483,153,125,28,28
39484,76,71,5,5
39485,105,102,3,3
39486,38,37,1,1
39487,56,61,-5,5
39488,75,68,7,7
39489,40,45,-5,5
39490,139,127,12,12
39491,78,86,-8,8
39492,72,65,7,7
39493,123,114,9,9
39494,71,62,9,9
39495,144,121,23,23
39496,51,53,-2,2
39497,63,60,3,3
39498,51,51,0,0
39499,98,85,13,13
39500,83,71,12,12
39501,75,81,-6,6
39502,108,97,11,11
39503,100,88,12,12
39504,61,53,8,8
39505,76,68,8,8
39506,156,191,-35,35
39507,69,60,9,9
39508,219,182,37,37
39509,112,99,13,13
39510,86,81,5,5
39511,53,48,5,5
39512,108,93,15,15
39513,82,72,10,10
39514,89,72,17,17
39515,125,105,20,20
39516,96,106,-10,10
39517,113,98,15,15
39518,61,62,-1,1
39519,39,40,-1,1
39520,65,69,-4,4
39521,101,90,11,11
39522,188,151,37,37
39523,73,67,6,6
39524,51,62,-11,11
39525,126,111,15,15
39526,95,108,-13,13
39527,85,94,-9,9
39528,112,106,6,6
39529,117,109,8,8
39530,109,83,26,26
39531,47,53,-6,6
39532,63,69,-6,6
39533,92,83,9,9
39534,78,73,5,5
39535,100,82,18,18
39536,137,109,28,28
39537,163,136,27,27
39538,74,69,5,5
39539,64,63,1,1
39540,87,67,20,20
39541,87,80,7,7
39542,120,110,10,10
39543,129,111,18,18
39544,137,119,18,18
39545,65,58,7,7
39546,67,60,7,7
39547,83,75,8,8
39548,91,76,15,15
39549,88,74,14,14
39550,47,45,2,2
39551,119,105,14,14
39552,76,71,5,5
39553,96,83,13,13
39554,69,70,-1,1
39555,91,81,10,10
39556,95,86,9,9
39557,89,89,0,0
39558,89,74,15,15
39559,106,96,10,10
39560,86,62,24,24
39561,119,99,20,20
39562,76,73,3,3
39563,95,77,18,18
39564,93,81,12,12
39565,93,74,19,19
39566,87,79,8,8
39567,142,134,8,8
39568,81,73,8,8
39569,54,46,8,8
39570,131,113,18,18
39571,53,51,2,2
39572,132,124,8,8
39573,83,77,6,6
39574,77,61,16,16
39575,86,86,0,0
39576,135,117,18,18
39577,114,98,16,16
39578,75,79,-4,4
39579,62,65,-3,3
39580,96,84,12,12
39581,88,70,18,18
39582,58,54,4,4
39583,55,56,-1,1
39584,70,63,7,7
39585,162,131,31,31
39586,98,80,18,18
39587,73,62,11,11
39588,52,52,0,0
39589,86,76,10,10
39590,133,108,25,25
39591,102,95,7,7
39592,137,117,20,20
39593,58,51,7,7
39594,94,71,23,23
39595,158,131,27,27
39596,88,80,8,8
39597,81,79,2,2
39598,88,70,18,18
39599,170,158,12,12
39600,132,114,18,18
39601,160,140,20,20
39602,69,63,6,6
39603,78,71,7,7
39604,47,63,-16,16
39605,122,106,16,16
39606,46,42,4,4
39607,81,77,4,4
39608,173,155,18,18
39609,36,99,-63,63
39610,84,71,13,13
39611,118,97,21,21
39612,113,90,23,23
39613,162,138,24,24
39614,98,96,2,2
39615,96,89,7,7
39616,71,65,6,6
39617,68,60,8,8
39618,85,74,11,11
39619,34,58,-24,24
39620,69,67,2,2
39621,69,67,2,2
39622,128,109,19,19
39623,99,93,6,6
39624,121,112,9,9
39625,179,148,31,31
39626,92,87,5,5
39627,171,152,19,19
39628,94,83,11,11
39629,112,101,11,11
39630,79,68,11,11
39631,57,60,-3,3
39632,72,72,0,0
39633,161,125,36,36
39634,132,113,19,19
39635,126,107,19,19
39636,78,74,4,4
39637,72,63,9,9
39638,88,85,3,3
39639,93,80,13,13
39640,56,52,4,4
39641,179,144,35,35
39642,99,83,16,16
39643,143,117,26,26
39644,25,32,-7,7
39645,85,74,11,11
39646,50,48,2,2
39647,110,91,19,19
39648,133,108,25,25
39649,103,84,19,19
39650,149,129,20,20
39651,146,130,16,16
39652,65,63,2,2
39653,117,119,-2,2
39654,53,49,4,4
39655,155,126,29,29
39656,127,113,14,14
39657,87,80,7,7
39658,167,135,32,32
39659,74,62,12,12
39660,65,62,3,3
39661,50,47,3,3
39662,109,96,13,13
39663,65,62,3,3
39664,98,83,15,15
39665,128,110,18,18
39666,132,113,19,19
39667,174,156,18,18
39668,81,74,7,7
39669,69,66,3,3
39670,77,67,10,10
39671,69,60,9,9
39672,68,65,3,3
39673,132,122,10,10
39674,152,144,8,8
39675,87,79,8,8
39676,30,33,-3,3
39677,98,80,18,18
39678,99,90,9,9
39679,116,105,11,11
39680,100,87,13,13
39681,137,111,26,26
39682,63,60,3,3
39683,82,80,2,2
39684,99,102,-3,3
39685,58,55,3,3
39686,68,65,3,3
39687,121,105,16,16
39688,91,71,20,20
39689,61,71,-10,10
39690,46,44,2,2
39691,107,102,5,5
39692,80,69,11,11
39693,78,73,5,5
39694,83,70,13,13
39695,139,119,20,20
39696,113,107,6,6
39697,109,102,7,7
39698,168,144,24,24
39699,148,120,28,28
39700,90,74,16,16
39701,49,49,0,0
39702,91,89,2,2
39703,48,49,-1,1
39704,99,92,7,7
39705,125,113,12,12
39706,77,85,-8,8
39707,89,76,13,13
39708,85,69,16,16
39709,85,73,12,12
39710,60,60,0,0
39711,100,86,14,14
39712,61,59,2,2
39713,87,78,9,9
39714,79,74,5,5
39715,48,43,5,5
39716,90,90,0,0
39717,85,75,10,10
39718,77,64,13,13
39719,56,55,1,1
39720,55,52,3,3
39721,148,128,20,20
39722,108,91,17,17
39723,69,57,12,12
39724,151,125,26,26
39725,98,78,20,20
39726,87,81,6,6
39727,76,65,11,11
39728,84,73,11,11
39729,39,42,-3,3
39730,105,92,13,13
39731,68,82,-14,14
39732,58,63,-5,5
39733,81,72,9,9
39734,108,101,7,7
39735,98,89,9,9
39736,148,99,49,49
39737,71,67,4,4
39738,108,92,16,16
39739,68,66,2,2
39740,82,75,7,7
39741,159,126,33,33
39742,109,87,22,22
39743,113,96,17,17
39744,106,93,13,13
39745,124,105,19,19
39746,74,66,8,8
39747,23,28,-5,5
39748,94,77,17,17
39749,69,62,7,7
39750,63,61,2,2
39751,49,57,-8,8
39752,83,73,10,10
39753,65,56,9,9
39754,122,90,32,32
39755,110,94,16,16
39756,145,125,20,20
39757,128,104,24,24
39758,61,53,8,8
39759,135,113,22,22
39760,62,50,12,12
39761,143,113,30,30
39762,59,55,4,4
39763,133,117,16,16
39764,84,83,1,1
39765,127,112,15,15
39766,75,65,10,10
39767,128,111,17,17
39768,85,82,3,3
39769,127,100,27,27
39770,66,67,-1,1
39771,45,41,4,4
39772,89,80,9,9
39773,82,67,15,15
39774,98,82,16,16
39775,51,51,0,0
39776,112,102,10,10
39777,70,63,7,7
39778,75,52,23,23
39779,97,85,12,12
39780,59,67,-8,8
39781,51,43,8,8
39782,53,50,3,3
39783,56,62,-6,6
39784,67,55,12,12
39785,66,64,2,2
39786,89,80,9,9
39787,94,75,19,19
39788,77,77,0,0
39789,41,44,-3,3
39790,85,76,9,9
39791,72,64,8,8
39792,108,98,10,10
39793,105,93,12,12
39794,67,64,3,3
39795,97,84,13,13
39796,76,68,8,8
39797,133,132,1,1
39798,93,83,10,10
39799,40,43,-3,3
39800,66,58,8,8
39801,43,42,1,1
39802,145,118,27,27
39803,135,104,31,31
39804,64,64,0,0
39805,76,82,-6,6
39806,55,53,2,2
39807,78,70,8,8
39808,103,89,14,14
39809,141,127,14,14
39810,152,135,17,17
39811,110,108,2,2
39812,122,101,21,21
39813,78,72,6,6
39814,82,73,9,9
39815,104,81,23,23
39816,112,96,16,16
39817,69,58,11,11
39818,48,47,1,1
39819,60,61,-1,1
39820,54,46,8,8
39821,128,104,24,24
39822,61,54,7,7
39823,108,99,9,9
39824,86,78,8,8
39825,74,74,0,0
39826,168,140,28,28
39827,76,69,7,7
39828,80,71,9,9
39829,96,79,17,17
39830,74,62,12,12
39831,59,53,6,6
39832,143,122,21,21
39833,68,56,12,12
39834,76,71,5,5
39835,97,90,7,7
39836,66,62,4,4
39837,94,84,10,10
39838,159,141,18,18
39839,76,63,13,13
39840,121,107,14,14
39841,123,109,14,14
39842,80,72,8,8
39843,77,72,5,5
39844,52,53,-1,1
39845,115,108,7,7
39846,180,137,43,43
39847,70,65,5,5
39848,79,77,2,2
39849,112,89,23,23
39850,89,83,6,6
39851,83,73,10,10
39852,108,102,6,6
39853,67,63,4,4
39854,86,75,11,11
39855,82,83,-1,1
39856,156,138,18,18
39857,141,113,28,28
39858,154,130,24,24
39859,63,58,5,5
39860,52,49,3,3
39861,122,101,21,21
39862,69,69,0,0
39863,93,83,10,10
39864,106,103,3,3
39865,76,71,5,5
39866,97,78,19,19
39867,96,84,12,12
39868,116,104,12,12
39869,98,97,1,1
39870,89,77,12,12
39871,137,126,11,11
39872,88,67,21,21
39873,115,103,12,12
39874,135,116,19,19
39875,99,90,9,9
39876,68,68,0,0
39877,98,87,11,11
39878,119,101,18,18
39879,77,65,12,12
39880,74,74,0,0
39881,115,102,13,13
39882,67,62,5,5
39883,79,75,4,4
39884,107,100,7,7
39885,83,73,10,10
39886,74,74,0,0
39887,160,145,15,15
39888,56,58,-2,2
39889,74,66,8,8
39890,95,88,7,7
39891,141,136,5,5
39892,98,88,10,10
39893,84,77,7,7
39894,118,100,18,18
39895,58,49,9,9
39896,54,55,-1,1
39897,74,68,6,6
39898,69,65,4,4
39899,123,96,27,27
39900,59,56,3,3
39901,50,55,-5,5
39902,56,50,6,6
39903,55,52,3,3
39904,145,119,26,26
39905,89,75,14,14
39906,74,64,10,10
39907,67,63,4,4
39908,100,90,10,10
39909,99,86,13,13
39910,64,61,3,3
39911,49,55,-6,6
39912,144,126,18,18
39913,65,60,5,5
39914,57,56,1,1
39915,74,69,5,5
39916,82,78,4,4
39917,80,68,12,12
39918,167,164,3,3
39919,55,46,9,9
39920,98,91,7,7
39921,69,62,7,7
39922,60,59,1,1
39923,149,125,24,24
39924,170,146,24,24
39925,56,54,2,2
39926,120,101,19,19
39927,114,101,13,13
39928,123,107,16,16
39929,67,67,0,0
39930,145,128,17,17
39931,72,66,6,6
39932,85,74,11,11
39933,117,99,18,18
39934,87,94,-7,7
39935,66,63,3,3
39936,116,108,8,8
39937,53,59,-6,6
39938,109,91,18,18
39939,26,30,-4,4
39940,51,48,3,3
39941,65,55,10,10
39942,89,73,16,16
39943,110,84,26,26
39944,70,64,6,6
39945,46,44,2,2
39946,119,100,19,19
39947,127,108,19,19
39948,95,83,12,12
39949,68,65,3,3
39950,73,63,10,10
39951,112,94,18,18
39952,152,140,12,12
39953,83,75,8,8
39954,115,103,12,12
39955,131,97,34,34
39956,49,44,5,5
39957,118,88,30,30
39958,94,77,17,17
39959,120,109,11,11
39960,64,75,-11,11
39961,145,120,25,25
39962,63,61,2,2
39963,62,55,7,7
39964,55,52,3,3
39965,113,109,4,4
39966,62,59,3,3
39967,80,64,16,16
39968,100,85,15,15
39969,72,68,4,4
39970,75,67,8,8
39971,104,91,13,13
39972,56,46,10,10
39973,116,114,2,2
39974,87,81,6,6
39975,109,99,10,10
39976,107,103,4,4
39977,63,64,-1,1
39978,127,119,8,8
39979,124,99,25,25
39980,67,59,8,8
39981,229,166,63,63
39982,144,111,33,33
39983,110,100,10,10
39984,70,60,10,10
39985,102,89,13,13
39986,153,122,31,31
39987,82,75,7,7
39988,50,47,3,3
39989,54,56,-2,2
39990,97,79,18,18
39991,75,74,1,1
39992,83,71,12,12
39993,88,78,10,10
39994,129,107,22,22
39995,91,72,19,19
39996,115,93,22,22
39997,96,85,11,11
39998,177,149,28,28
39999,109,100,9,9
40000,91,83,8,8
40001,102,89,13,13
40002,75,62,13,13
40003,67,65,2,2
40004,85,76,9,9
40005,133,111,22,22
40006,122,104,18,18
40007,99,86,13,13
40008,72,69,3,3
40009,80,75,5,5
40010,61,59,2,2
40011,118,100,18,18
40012,112,100,12,12
40013,69,70,-1,1
40014,156,134,22,22
40015,140,116,24,24
40016,55,50,5,5
40017,85,83,2,2
40018,104,88,16,16
40019,113,97,16,16
40020,61,64,-3,3
40021,110,108,2,2
40022,142,114,28,28
40023,93,81,12,12
40024,49,50,-1,1
40025,139,125,14,14
40026,42,44,-2,2
40027,80,67,13,13
40028,138,117,21,21
40029,148,127,21,21
40030,28,46,-18,18
40031,54,57,-3,3
40032,85,70,15,15
40033,84,74,10,10
40034,161,128,33,33
40035,80,71,9,9
40036,108,111,-3,3
40037,91,85,6,6
40038,92,76,16,16
40039,92,89,3,3
40040,91,75,16,16
40041,146,119,27,27
40042,59,62,-3,3
40043,109,90,19,19
40044,67,62,5,5
40045,89,84,5,5
40046,156,127,29,29
40047,106,88,18,18
40048,71,66,5,5
40049,161,137,24,24
40050,97,83,14,14
40051,95,83,12,12
40052,128,110,18,18
40053,79,83,-4,4
40054,127,119,8,8
40055,88,83,5,5
40056,63,60,3,3
40057,47,48,-1,1
40058,67,68,-1,1
40059,44,40,4,4
40060,70,61,9,9
40061,59,51,8,8
40062,115,103,12,12
40063,123,113,10,10
40064,49,47,2,2
40065,81,72,9,9
40066,55,55,0,0
40067,105,86,19,19
40068,120,101,19,19
40069,95,88,7,7
40070,73,71,2,2
40071,76,70,6,6
40072,95,84,11,11
40073,35,37,-2,2
40074,85,74,11,11
40075,65,70,-5,5
40076,125,110,15,15
40077,62,57,5,5
40078,95,87,8,8
40079,139,115,24,24
40080,77,75,2,2
40081,65,62,3,3
40082,53,52,1,1
40083,83,67,16,16
40084,62,49,13,13
40085,74,67,7,7
40086,32,37,-5,5
40087,67,59,8,8
40088,134,108,26,26
40089,78,75,3,3
40090,88,75,13,13
40091,81,76,5,5
40092,60,56,4,4
40093,117,92,25,25
40094,61,60,1,1
40095,147,124,23,23
40096,217,171,46,46
40097,84,73,11,11
40098,67,63,4,4
40099,158,152,6,6
40100,51,55,-4,4
40101,91,84,7,7
40102,72,61,11,11
40103,121,109,12,12
40104,76,65,11,11
40105,117,98,19,19
40106,63,58,5,5
40107,82,80,2,2
40108,87,87,0,0
40109,77,68,9,9
40110,67,61,6,6
40111,129,97,32,32
40112,56,54,2,2
40113,60,61,-1,1
40114,130,106,24,24
40115,106,107,-1,1
40116,73,65,8,8
40117,89,79,10,10
40118,85,86,-1,1
40119,71,62,9,9
40120,206,174,32,32
40121,142,131,11,11
40122,106,98,8,8
40123,98,87,11,11
40124,60,66,-6,6
40125,113,102,11,11
40126,57,54,3,3
40127,73,61,12,12
40128,186,145,41,41
40129,87,86,1,1
40130,122,102,20,20
40131,80,76,4,4
40132,130,107,23,23
40133,106,93,13,13
40134,175,172,3,3
40135,135,109,26,26
40136,115,100,15,15
40137,80,72,8,8
40138,125,101,24,24
40139,85,84,1,1
40140,85,72,13,13
40141,143,119,24,24
40142,92,79,13,13
40143,74,56,18,18
40144,66,68,-2,2
40145,68,61,7,7
40146,103,86,17,17
40147,82,75,7,7
40148,57,59,-2,2
40149,102,99,3,3
40150,117,103,14,14
40151,79,76,3,3
40152,179,142,37,37
40153,111,107,4,4
40154,59,55,4,4
40155,90,78,12,12
40156,82,98,-16,16
40157,120,103,17,17
40158,89,81,8,8
40159,76,67,9,9
40160,74,62,12,12
40161,54,50,4,4
40162,51,54,-3,3
40163,71,68,3,3
40164,116,89,27,27
40165,84,69,15,15
40166,107,93,14,14
40167,83,72,11,11
40168,170,140,30,30
40169,118,105,13,13
40170,115,95,20,20
40171,78,80,-2,2
40172,155,129,26,26
40173,143,130,13,13
40174,80,80,0,0
40175,64,68,-4,4
40176,97,79,18,18
40177,92,83,9,9
40178,63,63,0,0
40179,196,152,44,44
40180,70,72,-2,2
40181,95,85,10,10
40182,73,67,6,6
40183,64,66,-2,2
40184,86,88,-2,2
40185,93,87,6,6
40186,81,68,13,13
40187,132,96,36,36
40188,89,66,23,23
40189,80,64,16,16
40190,61,56,5,5
40191,148,132,16,16
40192,104,91,13,13
40193,105,96,9,9
40194,94,79,15,15
40195,72,68,4,4
40196,71,64,7,7
40197,115,100,15,15
40198,100,87,13,13
40199,64,58,6,6
40200,88,82,6,6
40201,175,160,15,15
40202,153,138,15,15
40203,58,50,8,8
40204,143,130,13,13
40205,49,45,4,4
40206,62,54,8,8
40207,72,65,7,7
40208,112,99,13,13
40209,90,75,15,15
40210,88,78,10,10
40211,92,78,14,14
40212,25,29,-4,4
40213,97,83,14,14
40214,133,109,24,24
40215,86,77,9,9
40216,81,70,11,11
40217,164,135,29,29
40218,64,55,9,9
40219,79,70,9,9
40220,108,94,14,14
40221,62,63,-1,1
40222,84,77,7,7
40223,187,164,23,23
40224,70,72,-2,2
40225,119,98,21,21
40226,86,83,3,3
40227,118,101,17,17
40228,79,75,4,4
40229,77,68,9,9
40230,85,82,3,3
40231,107,85,22,22
40232,76,71,5,5
40233,54,45,9,9
40234,66,61,5,5
40235,64,64,0,0
40236,56,41,15,15
40237,147,140,7,7
40238,92,69,23,23
40239,119,101,18,18
40240,61,66,-5,5
40241,112,94,18,18
40242,116,109,7,7
40243,68,71,-3,3
40244,153,133,20,20
40245,114,110,4,4
40246,115,100,15,15
40247,91,83,8,8
40248,68,65,3,3
40249,111,96,15,15
40250,79,63,16,16
40251,57,56,1,1
40252,114,100,14,14
40253,66,66,0,0
40254,96,74,22,22
40255,83,85,-2,2
40256,93,75,18,18
40257,83,67,16,16
40258,80,68,12,12
40259,82,75,7,7
40260,114,101,13,13
40261,49,60,-11,11
40262,67,65,2,2
40263,79,71,8,8
40264,77,70,7,7
40265,64,61,3,3
40266,177,145,32,32
40267,71,68,3,3
40268,99,82,17,17
40269,90,79,11,11
40270,107,94,13,13
40271,103,85,18,18
40272,144,123,21,21
40273,81,69,12,12
40274,69,61,8,8
40275,63,73,-10,10
40276,105,96,9,9
40277,100,82,18,18
40278,118,107,11,11
40279,89,73,16,16
40280,90,81,9,9
40281,88,83,5,5
40282,69,60,9,9
40283,59,50,9,9
40284,84,74,10,10
40285,143,126,17,17
40286,112,107,5,5
40287,143,131,12,12
40288,78,79,-1,1
40289,38,39,-1,1
40290,107,85,22,22
40291,57,56,1,1
40292,62,92,-30,30
40293,79,74,5,5
40294,72,69,3,3
40295,85,75,10,10
40296,83,74,9,9
40297,69,64,5,5
40298,62,54,8,8
40299,80,73,7,7
40300,55,62,-7,7
40301,77,63,14,14
40302,77,82,-5,5
40303,81,79,2,2
40304,88,75,13,13
40305,75,76,-1,1
40306,103,95,8,8
40307,63,55,8,8
40308,115,93,22,22
40309,149,130,19,19
40310,48,47,1,1
40311,67,58,9,9
40312,167,129,38,38
40313,116,101,15,15
40314,40,51,-11,11
40315,93,84,9,9
40316,98,84,14,14
40317,105,85,20,20
40318,150,125,25,25
40319,174,132,42,42
40320,156,118,38,38
40321,61,89,-28,28
40322,124,113,11,11
40323,61,56,5,5
40324,58,56,2,2
40325,147,129,18,18
40326,80,81,-1,1
40327,115,91,24,24
40328,139,121,18,18
40329,73,67,6,6
40330,208,175,33,33
40331,92,89,3,3
40332,63,55,8,8
40333,126,104,22,22
40334,31,33,-2,2
40335,55,70,-15,15
40336,154,131,23,23
40337,110,98,12,12
40338,62,55,7,7
40339,124,108,16,16
40340,81,68,13,13
40341,78,68,10,10
40342,122,120,2,2
40343,110,107,3,3
40344,100,77,23,23
40345,112,98,14,14
40346,58,55,3,3
40347,92,80,12,12
40348,143,125,18,18
40349,76,68,8,8
40350,62,63,-1,1
40351,72,69,3,3
40352,96,94,2,2
40353,98,87,11,11
40354,209,162,47,47
40355,81,72,9,9
40356,65,62,3,3
40357,111,88,23,23
40358,158,124,34,34
40359,106,98,8,8
40360,124,101,23,23
40361,90,74,16,16
40362,95,87,8,8
40363,86,81,5,5
40364,89,74,15,15
40365,59,63,-4,4
40366,132,108,24,24
40367,91,73,18,18
40368,90,76,14,14
40369,85,75,10,10
40370,77,81,-4,4
40371,68,56,12,12
40372,77,77,0,0
40373,125,115,10,10
40374,53,49,4,4
40375,100,97,3,3
40376,128,111,17,17
40377,78,65,13,13
40378,73,78,-5,5
40379,79,72,7,7
40380,89,85,4,4
40381,101,90,11,11
40382,93,94,-1,1
40383,93,85,8,8
40384,62,58,4,4
40385,113,110,3,3
40386,117,98,19,19
40387,133,112,21,21
40388,107,102,5,5
40389,64,77,-13,13
40390,48,56,-8,8
40391,103,88,15,15
40392,91,89,2,2
40393,121,114,7,7
40394,109,100,9,9
40395,92,83,9,9
40396,118,97,21,21
40397,82,77,5,5
40398,76,63,13,13
40399,98,80,18,18
40400,118,98,20,20
40401,124,114,10,10
40402,120,91,29,29
40403,85,81,4,4
40404,112,101,11,11
40405,88,79,9,9
40406,65,54,11,11
40407,48,47,1,1
40408,66,67,-1,1
40409,106,75,31,31
40410,174,131,43,43
40411,161,133,28,28
40412,42,66,-24,24
40413,65,66,-1,1
40414,47,56,-9,9
40415,100,97,3,3
40416,91,79,12,12
40417,59,56,3,3
40418,77,76,1,1
40419,83,70,13,13
40420,91,77,14,14
40421,91,77,14,14
40422,163,142,21,21
40423,89,75,14,14
40424,144,135,9,9
40425,107,104,3,3
40426,75,70,5,5
40427,210,185,25,25
40428,168,140,28,28
40429,116,91,25,25
40430,67,71,-4,4
40431,66,62,4,4
40432,23,32,-9,9
40433,99,83,16,16
40434,66,61,5,5
40435,56,52,4,4
40436,92,82,10,10
40437,132,108,24,24
40438,67,72,-5,5
40439,42,40,2,2
40440,123,108,15,15
40441,44,44,0,0
40442,117,104,13,13
40443,109,96,13,13
40444,106,92,14,14
40445,92,83,9,9
40446,88,73,15,15
40447,74,71,3,3
40448,114,112,2,2
40449,146,117,29,29
40450,105,94,11,11
40451,91,83,8,8
40452,124,105,19,19
40453,178,151,27,27
40454,98,85,13,13
40455,145,132,13,13
40456,76,70,6,6
40457,100,85,15,15
40458,128,97,31,31
40459,152,129,23,23
40460,40,40,0,0
40461,65,65,0,0
40462,107,99,8,8
40463,90,77,13,13
40464,100,96,4,4
40465,71,77,-6,6
40466,55,55,0,0
40467,80,68,12,12
40468,131,91,40,40
40469,28,36,-8,8
40470,93,87,6,6
40471,149,140,9,9
40472,88,82,6,6
40473,50,49,1,1
40474,82,82,0,0
40475,125,105,20,20
40476,131,103,28,28
40477,93,92,1,1
40478,83,71,12,12
40479,149,136,13,13
40480,74,71,3,3
40481,124,109,15,15
40482,174,137,37,37
40483,83,99,-16,16
40484,119,109,10,10
40485,85,72,13,13
40486,70,60,10,10
40487,197,160,37,37
40488,131,109,22,22
40489,130,106,24,24
40490,73,72,1,1
40491,97,85,12,12
40492,85,79,6,6
40493,198,156,42,42
40494,100,86,14,14
40495,81,85,-4,4
40496,71,67,4,4
40497,97,87,10,10
40498,77,80,-3,3
40499,88,79,9,9
40500,90,73,17,17
40501,74,69,5,5
40502,70,67,3,3
40503,63,54,9,9
40504,149,128,21,21
40505,97,78,19,19
40506,65,65,0,0
40507,81,72,9,9
40508,100,89,11,11
40509,79,81,-2,2
40510,106,97,9,9
40511,79,72,7,7
40512,137,121,16,16
40513,82,78,4,4
40514,68,56,12,12
40515,100,82,18,18
40516,40,42,-2,2
40517,57,54,3,3
40518,73,77,-4,4
40519,85,80,5,5
40520,135,112,23,23
40521,126,112,14,14
40522,158,136,22,22
40523,110,97,13,13
40524,125,113,12,12
40525,115,95,20,20
40526,112,100,12,12
40527,71,68,3,3
40528,121,121,0,0
40529,97,95,2,2
40530,104,91,13,13
40531,97,86,11,11
40532,54,54,0,0
40533,76,71,5,5
40534,132,102,30,30
40535,98,96,2,2
40536,107,91,16,16
40537,119,101,18,18
40538,125,104,21,21
40539,96,90,6,6
40540,49,50,-1,1
40541,89,72,17,17
40542,101,84,17,17
40543,86,85,1,1
40544,43,43,0,0
40545,40,35,5,5
40546,109,98,11,11
40547,49,49,0,0
40548,99,90,9,9
40549,120,94,26,26
40550,70,75,-5,5
40551,177,143,34,34
40552,59,62,-3,3
40553,90,83,7,7
40554,99,88,11,11
40555,99,90,9,9
40556,113,93,20,20
40557,87,75,12,12
40558,120,110,10,10
40559,122,99,23,23
40560,156,135,21,21
40561,90,74,16,16
40562,109,94,15,15
40563,59,63,-4,4
40564,110,100,10,10
40565,64,61,3,3
40566,76,70,6,6
40567,93,80,13,13
40568,81,77,4,4
40569,155,130,25,25
40570,77,85,-8,8
40571,52,49,3,3
40572,48,50,-2,2
40573,94,88,6,6
40574,72,69,3,3
40575,78,84,-6,6
40576,108,94,14,14
40577,74,74,0,0
40578,67,60,7,7
40579,88,75,13,13
40580,127,118,9,9
40581,88,91,-3,3
40582,53,54,-1,1
40583,101,92,9,9
40584,105,92,13,13
40585,120,105,15,15
40586,63,67,-4,4
40587,50,48,2,2
40588,67,62,5,5
40589,121,109,12,12
40590,76,68,8,8
40591,95,73,22,22
40592,97,88,9,9
40593,63,64,-1,1
40594,135,116,19,19
40595,61,62,-1,1
40596,79,71,8,8
40597,133,117,16,16
40598,97,93,4,4
40599,78,59,19,19
40600,96,83,13,13
40601,47,44,3,3
40602,139,112,27,27
40603,99,85,14,14
40604,113,91,22,22
40605,94,80,14,14
40606,100,93,7,7
40607,71,72,-1,1
40608,102,97,5,5
40609,113,99,14,14
40610,85,76,9,9
40611,75,57,18,18
40612,62,52,10,10
40613,111,78,33,33
40614,80,71,9,9
40615,117,102,15,15
40616,107,98,9,9
40617,75,70,5,5
40618,82,75,7,7
40619,73,69,4,4
40620,110,94,16,16
40621,115,96,19,19
40622,151,128,23,23
40623,60,62,-2,2
40624,51,52,-1,1
40625,76,65,11,11
40626,115,100,15,15
40627,79,70,9,9
40628,85,77,8,8
40629,84,79,5,5
40630,136,111,25,25
40631,76,71,5,5
40632,30,40,-10,10
40633,141,115,26,26
40634,83,70,13,13
40635,81,79,2,2
40636,79,77,2,2
40637,113,99,14,14
40638,88,73,15,15
40639,145,147,-2,2
40640,156,137,19,19
40641,80,82,-2,2
40642,103,90,13,13
40643,116,100,16,16
40644,76,64,12,12
40645,123,109,14,14
40646,93,83,10,10
40647,103,94,9,9
40648,67,59,8,8
40649,102,97,5,5
40650,92,74,18,18
40651,86,75,11,11
40652,56,55,1,1
40653,80,76,4,4
40654,137,119,18,18
40655,48,51,-3,3
40656,87,70,17,17
40657,112,106,6,6
40658,74,61,13,13
40659,87,80,7,7
40660,101,95,6,6
40661,58,62,-4,4
40662,116,100,16,16
40663,97,83,14,14
40664,65,57,8,8
40665,98,78,20,20
40666,98,80,18,18
40667,156,130,26,26
40668,88,80,8,8
40669,85,82,3,3
40670,64,57,7,7
40671,72,66,6,6
40672,107,101,6,6
40673,87,91,-4,4
40674,115,101,14,14
40675,102,79,23,23
40676,120,98,22,22
40677,87,85,2,2
40678,81,74,7,7
40679,53,50,3,3
40680,71,73,-2,2
40681,78,69,9,9
40682,104,84,20,20
40683,113,105,8,8
40684,51,43,8,8
40685,65,66,-1,1
40686,109,120,-11,11
40687,78,75,3,3
40688,105,84,21,21
40689,93,88,5,5
40690,103,89,14,14
40691,113,92,21,21
40692,77,79,-2,2
40693,135,112,23,23
40694,82,64,18,18
40695,84,73,11,11
40696,56,60,-4,4
40697,54,52,2,2
40698,146,119,27,27
40699,149,127,22,22
40700,91,76,15,15
40701,61,55,6,6
40702,117,114,3,3
40703,46,47,-1,1
40704,159,137,22,22
40705,94,73,21,21
40706,153,124,29,29
40707,108,90,18,18
40708,85,72,13,13
40709,69,65,4,4
40710,295,220,75,75
40711,74,68,6,6
40712,103,94,9,9
40713,80,68,12,12
40714,68,63,5,5
40715,120,108,12,12
40716,86,78,8,8
40717,118,104,14,14
40718,74,70,4,4
40719,99,80,19,19
40720,76,65,11,11
40721,134,110,24,24
40722,97,102,-5,5
40723,66,66,0,0
40724,92,89,3,3
40725,50,47,3,3
40726,83,83,0,0
40727,98,89,9,9
40728,72,63,9,9
40729,71,68,3,3
40730,71,70,1,1
40731,78,75,3,3
40732,81,76,5,5
40733,126,111,15,15
40734,71,63,8,8
40735,70,64,6,6
40736,141,125,16,16
40737,75,64,11,11
40738,85,72,13,13
40739,89,81,8,8
40740,82,78,4,4
40741,174,139,35,35
40742,77,70,7,7
40743,113,107,6,6
40744,165,146,19,19
40745,55,49,6,6
40746,94,74,20,20
40747,81,76,5,5
40748,103,90,13,13
40749,87,72,15,15
40750,68,77,-9,9
40751,205,188,17,17
40752,85,78,7,7
40753,66,58,8,8
40754,68,60,8,8
40755,87,77,10,10
40756,101,82,19,19
40757,115,100,15,15
40758,69,65,4,4
40759,144,120,24,24
40760,97,83,14,14
40761,107,95,12,12
40762,88,92,-4,4
40763,138,117,21,21
40764,90,73,17,17
40765,129,126,3,3
40766,66,62,4,4
40767,75,69,6,6
40768,118,100,18,18
40769,99,87,12,12
40770,77,67,10,10
40771,89,76,13,13
40772,95,88,7,7
40773,56,52,4,4
40774,115,103,12,12
40775,59,55,4,4
40776,117,101,16,16
40777,110,100,10,10
40778,120,91,29,29
40779,98,76,22,22
40780,121,112,9,9
40781,100,77,23,23
40782,85,73,12,12
40783,106,92,14,14
40784,165,137,28,28
40785,65,68,-3,3
40786,58,53,5,5
40787,165,146,19,19
40788,56,53,3,3
40789,62,61,1,1
40790,85,70,15,15
40791,93,88,5,5
40792,57,59,-2,2
40793,97,87,10,10
40794,96,89,7,7
40795,45,48,-3,3
40796,114,99,15,15
40797,77,66,11,11
40798,77,77,0,0
40799,89,74,15,15
40800,70,66,4,4
40801,84,79,5,5
40802,89,94,-5,5
40803,104,96,8,8
40804,88,77,11,11
40805,68,62,6,6
40806,67,65,2,2
40807,51,47,4,4
40808,144,133,11,11
40809,135,117,18,18
40810,89,79,10,10
40811,122,106,16,16
40812,110,92,18,18
40813,81,73,8,8
40814,147,136,11,11
40815,60,57,3,3
40816,137,128,9,9
40817,110,99,11,11
40818,125,108,17,17
40819,89,84,5,5
40820,129,124,5,5
40821,70,56,14,14
40822,149,133,16,16
40823,72,63,9,9
40824,96,90,6,6
40825,76,72,4,4
40826,154,132,22,22
40827,220,172,48,48
40828,106,98,8,8
40829,95,91,4,4
40830,158,143,15,15
40831,140,120,20,20
40832,86,79,7,7
40833,96,75,21,21
40834,100,85,15,15
40835,70,75,-5,5
40836,64,66,-2,2
40837,147,125,22,22
40838,75,70,5,5
40839,80,69,11,11
40840,161,126,35,35
40841,83,91,-8,8
40842,89,72,17,17
40843,169,141,28,28
40844,85,79,6,6
40845,151,136,15,15
40846,85,72,13,13
40847,61,64,-3,3
40848,62,59,3,3
40849,118,98,20,20
40850,97,83,14,14
40851,118,98,20,20
40852,104,81,23,23
40853,44,45,-1,1
40854,101,88,13,13
40855,69,64,5,5
40856,52,53,-1,1
40857,115,101,14,14
40858,56,52,4,4
40859,110,108,2,2
40860,96,106,-10,10
40861,88,77,11,11
40862,94,85,9,9
40863,60,56,4,4
40864,108,96,12,12
40865,114,93,21,21
40866,87,78,9,9
40867,102,90,12,12
40868,75,68,7,7
40869,56,49,7,7
40870,123,115,8,8
40871,29,40,-11,11
40872,70,73,-3,3
40873,87,76,11,11
40874,48,56,-8,8
40875,108,93,15,15
40876,164,144,20,20
40877,125,100,25,25
40878,66,58,8,8
40879,190,160,30,30
40880,91,81,10,10
40881,116,89,27,27
40882,96,85,11,11
40883,86,76,10,10
40884,157,146,11,11
40885,149,123,26,26
40886,54,52,2,2
40887,81,73,8,8
40888,97,90,7,7
40889,128,108,20,20
40890,96,87,9,9
40891,121,108,13,13
40892,131,112,19,19
40893,133,106,27,27
40894,130,110,20,20
40895,97,82,15,15
40896,68,68,0,0
40897,118,96,22,22
40898,91,80,11,11
40899,90,92,-2,2
40900,65,61,4,4
40901,143,116,27,27
40902,80,65,15,15
40903,96,77,19,19
40904,104,87,17,17
40905,112,102,10,10
40906,86,77,9,9
40907,91,82,9,9
40908,205,156,49,49
40909,73,76,-3,3
40910,101,83,18,18
40911,73,67,6,6
40912,90,77,13,13
40913,191,171,20,20
40914,90,83,7,7
40915,149,129,20,20
40916,73,77,-4,4
40917,152,135,17,17
40918,115,96,19,19
40919,88,83,5,5
40920,86,75,11,11
40921,103,89,14,14
40922,37,36,1,1
40923,83,70,13,13
40924,76,58,18,18
40925,56,52,4,4
40926,130,106,24,24
40927,67,58,9,9
40928,78,66,12,12
40929,105,93,12,12
40930,101,87,14,14
40931,88,78,10,10
40932,83,78,5,5
40933,108,97,11,11
40934,67,57,10,10
40935,107,94,13,13
40936,43,40,3,3
40937,71,72,-1,1
40938,99,84,15,15
40939,120,116,4,4
40940,132,107,25,25
40941,30,30,0,0
40942,88,80,8,8
40943,82,88,-6,6
40944,59,60,-1,1
40945,68,65,3,3
40946,120,97,23,23
40947,60,58,2,2
40948,103,89,14,14
40949,110,94,16,16
40950,114,95,19,19
40951,90,78,12,12
40952,192,158,34,34
40953,100,87,13,13
40954,119,105,14,14
40955,91,83,8,8
40956,98,85,13,13
40957,51,48,3,3
40958,94,79,15,15
40959,98,92,6,6
40960,71,61,10,10
40961,106,105,1,1
40962,78,74,4,4
40963,66,64,2,2
40964,79,74,5,5
40965,85,78,7,7
40966,147,128,19,19
40967,68,60,8,8
40968,66,59,7,7
40969,81,72,9,9
40970,133,115,18,18
40971,120,103,17,17
40972,71,69,2,2
40973,169,146,23,23
40974,159,132,27,27
40975,57,56,1,1
40976,73,68,5,5
40977,44,40,4,4
40978,85,79,6,6
40979,49,60,-11,11
40980,54,51,3,3
40981,89,75,14,14
40982,62,64,-2,2
40983,88,75,13,13
40984,93,89,4,4
40985,66,63,3,3
40986,69,62,7,7
40987,138,137,1,1
40988,88,81,7,7
40989,102,98,4,4
40990,45,42,3,3
40991,48,47,1,1
40992,106,106,0,0
40993,158,122,36,36
40994,125,106,19,19
40995,64,75,-11,11
40996,153,136,17,17
40997,66,61,5,5
40998,87,82,5,5
40999,90,80,10,10
41000,105,92,13,13
41001,51,44,7,7
41002,148,118,30,30
41003,123,115,8,8
41004,59,54,5,5
41005,88,70,18,18
41006,91,84,7,7
41007,77,72,5,5
41008,98,87,11,11
41009,84,79,5,5
41010,97,83,14,14
41011,129,103,26,26
41012,158,139,19,19
41013,99,93,6,6
41014,153,136,17,17
41015,140,111,29,29
41016,97,82,15,15
41017,116,107,9,9
41018,108,91,17,17
41019,117,104,13,13
41020,112,96,16,16
41021,70,65,5,5
41022,117,107,10,10
41023,186,156,30,30
41024,88,80,8,8
41025,40,41,-1,1
41026,69,66,3,3
41027,138,110,28,28
41028,68,65,3,3
41029,194,153,41,41
41030,141,116,25,25
41031,66,72,-6,6
41032,87,84,3,3
41033,112,96,16,16
41034,120,95,25,25
41035,117,99,18,18
41036,116,109,7,7
41037,113,107,6,6
41038,109,111,-2,2
41039,116,102,14,14
41040,107,89,18,18
41041,156,127,29,29
41042,54,52,2,2
41043,96,84,12,12
41044,116,99,17,17
41045,105,89,16,16
41046,53,47,6,6
41047,146,122,24,24
41048,111,110,1,1
41049,55,49,6,6
41050,130,111,19,19
41051,89,76,13,13
41052,99,98,1,1
41053,101,79,22,22
41054,107,100,7,7
41055,56,54,2,2
41056,72,66,6,6
41057,141,123,18,18
41058,49,50,-1,1
41059,50,43,7,7
41060,106,86,20,20
41061,71,63,8,8
41062,82,88,-6,6
41063,112,94,18,18
41064,114,104,10,10
41065,91,82,9,9
41066,79,71,8,8
41067,87,82,5,5
41068,72,64,8,8
41069,140,129,11,11
41070,79,78,1,1
41071,103,82,21,21
41072,105,94,11,11
41073,80,72,8,8
41074,63,58,5,5
41075,89,77,12,12
41076,58,58,0,0
41077,71,61,10,10
41078,91,83,8,8
41079,64,54,10,10
41080,134,116,18,18
41081,144,123,21,21
41082,46,67,-21,21
41083,79,81,-2,2
41084,137,112,25,25
41085,71,63,8,8
41086,88,83,5,5
41087,99,85,14,14
41088,77,70,7,7
41089,71,65,6,6
41090,66,59,7,7
41091,57,58,-1,1
41092,107,97,10,10
41093,157,137,20,20
41094,59,60,-1,1
41095,107,104,3,3
41096,150,126,24,24
41097,97,91,6,6
41098,56,50,6,6
41099,122,102,20,20
41100,118,92,26,26
41101,98,75,23,23
41102,87,87,0,0
41103,84,67,17,17
41104,67,62,5,5
41105,97,88,9,9
41106,110,98,12,12
41107,75,70,5,5
41108,49,50,-1,1
41109,121,118,3,3
41110,124,107,17,17
41111,86,77,9,9
41112,91,80,11,11
41113,74,61,13,13
41114,87,69,18,18
41115,61,58,3,3
41116,76,77,-1,1
41117,169,156,13,13
41118,79,72,7,7
41119,85,85,0,0
41120,129,114,15,15
41121,68,62,6,6
41122,88,98,-10,10
41123,136,111,25,25
41124,81,75,6,6
41125,143,132,11,11
41126,66,58,8,8
41127,90,87,3,3
41128,69,63,6,6
41129,129,116,13,13
41130,77,75,2,2
41131,128,117,11,11
41132,110,99,11,11
41133,125,110,15,15
41134,82,79,3,3
41135,147,121,26,26
41136,77,70,7,7
41137,81,65,16,16
41138,91,80,11,11
41139,106,83,23,23
41140,65,62,3,3
41141,59,53,6,6
41142,107,102,5,5
41143,75,75,0,0
41144,86,88,-2,2
41145,92,81,11,11
41146,87,78,9,9
41147,115,110,5,5
41148,70,67,3,3
41149,78,67,11,11
41150,77,68,9,9
41151,142,134,8,8
41152,161,140,21,21
41153,145,118,27,27
41154,102,91,11,11
41155,68,64,4,4
41156,81,77,4,4
41157,92,78,14,14
41158,91,82,9,9
41159,87,76,11,11
41160,168,144,24,24
41161,58,52,6,6
41162,119,91,28,28
41163,55,48,7,7
41164,69,66,3,3
41165,69,66,3,3
41166,99,90,9,9
41167,72,65,7,7
41168,82,80,2,2
41169,134,116,18,18
41170,88,73,15,15
41171,61,60,1,1
41172,77,70,7,7
41173,106,101,5,5
41174,89,79,10,10
41175,90,78,12,12
41176,102,97,5,5
41177,77,68,9,9
41178,63,58,5,5
41179,76,71,5,5
41180,67,59,8,8
41181,64,66,-2,2
41182,66,64,2,2
41183,126,109,17,17
41184,91,91,0,0
41185,148,113,35,35
41186,111,93,18,18
41187,58,59,-1,1
41188,93,80,13,13
41189,80,66,14,14
41190,173,143,30,30
41191,80,71,9,9
41192,117,102,15,15
41193,69,56,13,13
41194,115,106,9,9
41195,122,99,23,23
41196,76,70,6,6
41197,89,67,22,22
41198,92,98,-6,6
41199,101,86,15,15
41200,156,130,26,26
41201,88,78,10,10
41202,61,55,6,6
41203,80,69,11,11
41204,128,109,19,19
41205,101,84,17,17
41206,114,101,13,13
41207,142,110,32,32
41208,53,48,5,5
41209,138,117,21,21
41210,49,49,0,0
41211,146,120,26,26
41212,91,80,11,11
41213,136,126,10,10
41214,60,62,-2,2
41215,147,119,28,28
41216,86,77,9,9
41217,71,65,6,6
41218,127,136,-9,9
41219,62,62,0,0
41220,109,92,17,17
41221,69,64,5,5
41222,186,165,21,21
41223,44,44,0,0
41224,39,38,1,1
41225,89,83,6,6
41226,113,102,11,11
41227,65,58,7,7
41228,63,62,1,1
41229,61,59,2,2
41230,132,111,21,21
41231,70,66,4,4
41232,179,147,32,32
41233,103,99,4,4
41234,118,97,21,21
41235,71,65,6,6
41236,156,124,32,32
41237,95,80,15,15
41238,108,99,9,9
41239,92,83,9,9
41240,125,102,23,23
41241,103,85,18,18
41242,87,70,17,17
41243,57,59,-2,2
41244,95,85,10,10
41245,207,185,22,22
41246,72,68,4,4
41247,158,137,21,21
41248,78,71,7,7
41249,59,60,-1,1
41250,77,67,10,10
41251,78,67,11,11
41252,120,95,25,25
41253,137,117,20,20
41254,71,63,8,8
41255,117,100,17,17
41256,97,88,9,9
41257,108,97,11,11
41258,64,62,2,2
41259,125,104,21,21
41260,57,49,8,8
41261,47,47,0,0
41262,110,86,24,24
41263,173,154,19,19
41264,70,59,11,11
41265,112,98,14,14
41266,69,64,5,5
41267,95,82,13,13
41268,50,44,6,6
41269,60,57,3,3
41270,108,99,9,9
41271,88,79,9,9
41272,141,145,-4,4
41273,65,62,3,3
41274,111,109,2,2
41275,110,89,21,21
41276,156,117,39,39
41277,70,81,-11,11
41278,77,78,-1,1
41279,111,99,12,12
41280,77,68,9,9
41281,132,129,3,3
41282,94,77,17,17
41283,87,85,2,2
41284,71,71,0,0
41285,69,67,2,2
41286,57,53,4,4
41287,63,63,0,0
41288,170,149,21,21
41289,99,86,13,13
41290,91,82,9,9
41291,75,71,4,4
41292,155,132,23,23
41293,169,140,29,29
41294,121,100,21,21
41295,56,55,1,1
41296,73,66,7,7
41297,142,71,71,71
41298,76,77,-1,1
41299,117,97,20,20
41300,113,101,12,12
41301,63,51,12,12
41302,146,119,27,27
41303,71,61,10,10
41304,68,61,7,7
41305,96,85,11,11
41306,64,61,3,3
41307,79,64,15,15
41308,77,69,8,8
41309,54,52,2,2
41310,81,76,5,5
41311,106,98,8,8
41312,130,106,24,24
41313,63,57,6,6
41314,74,68,6,6
41315,87,79,8,8
41316,97,85,12,12
41317,136,130,6,6
41318,78,68,10,10
41319,114,94,20,20
41320,172,168,4,4
41321,69,78,-9,9
41322,55,61,-6,6
41323,68,60,8,8
41324,84,74,10,10
41325,64,59,5,5
41326,44,46,-2,2
41327,98,85,13,13
41328,118,111,7,7
41329,115,94,21,21
41330,151,133,18,18
41331,66,65,1,1
41332,150,117,33,33
41333,94,80,14,14
41334,83,79,4,4
41335,138,112,26,26
41336,96,85,11,11
41337,117,100,17,17
41338,32,38,-6,6
41339,167,139,28,28
41340,162,137,25,25
41341,120,114,6,6
41342,84,76,8,8
41343,64,60,4,4
41344,147,125,22,22
41345,74,70,4,4
41346,42,50,-8,8
41347,65,70,-5,5
41348,87,79,8,8
41349,101,98,3,3
41350,64,58,6,6
41351,54,59,-5,5
41352,99,92,7,7
41353,60,58,2,2
41354,62,62,0,0
41355,134,110,24,24
41356,79,75,4,4
41357,74,64,10,10
41358,103,99,4,4
41359,160,146,14,14
41360,103,90,13,13
41361,96,85,11,11
41362,66,55,11,11
41363,72,60,12,12
41364,69,66,3,3
41365,115,100,15,15
41366,74,63,11,11
41367,47,49,-2,2
41368,116,94,22,22
41369,75,74,1,1
41370,74,77,-3,3
41371,138,111,27,27
41372,83,76,7,7
41373,78,72,6,6
41374,144,119,25,25
41375,94,82,12,12
41376,91,77,14,14
41377,97,94,3,3
41378,79,72,7,7
41379,87,79,8,8
41380,50,52,-2,2
41381,61,54,7,7
41382,66,70,-4,4
41383,83,74,9,9
41384,69,58,11,11
41385,117,94,23,23
41386,123,102,21,21
41387,152,115,37,37
41388,53,49,4,4
41389,41,63,-22,22
41390,120,101,19,19
41391,50,51,-1,1
41392,103,92,11,11
41393,59,68,-9,9
41394,146,122,24,24
41395,74,62,12,12
41396,119,103,16,16
41397,100,91,9,9
41398,109,88,21,21
41399,140,112,28,28
41400,104,92,12,12
41401,118,111,7,7
41402,129,106,23,23
41403,62,58,4,4
41404,80,73,7,7
41405,67,61,6,6
41406,45,46,-1,1
41407,111,99,12,12
41408,110,102,8,8
41409,68,63,5,5
41410,84,88,-4,4
41411,132,103,29,29
41412,67,61,6,6
41413,66,61,5,5
41414,53,64,-11,11
41415,88,83,5,5
41416,115,108,7,7
41417,142,128,14,14
41418,134,122,12,12
41419,108,94,14,14
41420,63,61,2,2
41421,68,57,11,11
41422,96,78,18,18
41423,73,70,3,3
41424,88,82,6,6
41425,107,87,20,20
41426,114,118,-4,4
41427,132,114,18,18
41428,64,65,-1,1
41429,73,64,9,9
41430,109,90,19,19
41431,65,61,4,4
41432,138,98,40,40
41433,103,82,21,21
41434,132,110,22,22
41435,67,62,5,5
41436,70,68,2,2
41437,114,111,3,3
41438,54,54,0,0
41439,87,73,14,14
41440,57,58,-1,1
41441,163,147,16,16
41442,83,75,8,8
41443,48,50,-2,2
41444,62,65,-3,3
41445,110,91,19,19
41446,64,57,7,7
41447,154,131,23,23
41448,119,103,16,16
41449,81,77,4,4
41450,76,69,7,7
41451,125,94,31,31
41452,82,72,10,10
41453,140,121,19,19
41454,58,53,5,5
41455,90,73,17,17
41456,94,81,13,13
41457,70,65,5,5
41458,126,102,24,24
41459,42,44,-2,2
41460,96,92,4,4
41461,144,115,29,29
41462,84,69,15,15
41463,91,77,14,14
41464,89,75,14,14
41465,68,66,2,2
41466,74,67,7,7
41467,73,65,8,8
41468,95,77,18,18
41469,141,109,32,32
41470,144,116,28,28
41471,115,104,11,11
41472,126,99,27,27
41473,81,68,13,13
41474,70,60,10,10
41475,101,92,9,9
41476,36,40,-4,4
41477,103,93,10,10
41478,50,51,-1,1
41479,108,87,21,21
41480,168,154,14,14
41481,89,89,0,0
41482,128,114,14,14
41483,87,69,18,18
41484,72,61,11,11
41485,166,142,24,24
41486,75,66,9,9
41487,116,105,11,11
41488,66,61,5,5
41489,89,85,4,4
41490,72,73,-1,1
41491,103,106,-3,3
41492,82,77,5,5
41493,108,98,10,10
41494,115,93,22,22
41495,154,153,1,1
41496,96,85,11,11
41497,70,62,8,8
41498,105,90,15,15
41499,103,98,5,5
41500,80,75,5,5
41501,167,127,40,40
41502,131,115,16,16
41503,87,78,9,9
41504,83,73,10,10
41505,221,180,41,41
41506,67,64,3,3
41507,114,99,15,15
41508,88,74,14,14
41509,80,69,11,11
41510,183,157,26,26
41511,67,67,0,0
41512,172,147,25,25
41513,56,44,12,12
41514,60,53,7,7
41515,60,53,7,7
41516,77,72,5,5
41517,85,69,16,16
41518,64,61,3,3
41519,88,85,3,3
41520,143,114,29,29
41521,148,129,19,19
41522,73,66,7,7
41523,97,90,7,7
41524,85,83,2,2
41525,62,52,10,10
41526,82,72,10,10
41527,63,55,8,8
41528,55,51,4,4
41529,133,109,24,24
41530,96,88,8,8
41531,98,88,10,10
41532,67,62,5,5
41533,104,106,-2,2
41534,118,145,-27,27
41535,83,85,-2,2
41536,110,102,8,8
41537,138,117,21,21
41538,79,67,12,12
41539,75,60,15,15
41540,67,63,4,4
41541,59,56,3,3
41542,63,52,11,11
41543,125,107,18,18
41544,156,137,19,19
41545,88,73,15,15
41546,106,93,13,13
41547,88,77,11,11
41548,126,114,12,12
41549,71,72,-1,1
41550,109,95,14,14
41551,61,90,-29,29
41552,100,96,4,4
41553,157,118,39,39
41554,168,142,26,26
41555,110,92,18,18
41556,92,86,6,6
41557,118,117,1,1
41558,159,144,15,15
41559,67,62,5,5
41560,78,82,-4,4
41561,93,83,10,10
41562,76,67,9,9
41563,156,131,25,25
41564,63,66,-3,3
41565,87,78,9,9
41566,79,69,10,10
41567,56,52,4,4
41568,65,59,6,6
41569,99,92,7,7
41570,90,69,21,21
41571,108,101,7,7
41572,59,51,8,8
41573,48,71,-23,23
41574,73,63,10,10
41575,111,89,22,22
41576,69,63,6,6
41577,149,117,32,32
41578,87,70,17,17
41579,87,72,15,15
41580,85,76,9,9
41581,112,90,22,22
41582,78,81,-3,3
41583,74,66,8,8
41584,85,78,7,7
41585,77,79,-2,2
41586,113,92,21,21
41587,106,95,11,11
41588,61,64,-3,3
41589,82,81,1,1
41590,115,105,10,10
41591,51,48,3,3
41592,109,82,27,27
41593,61,58,3,3
41594,60,58,2,2
41595,129,110,19,19
41596,152,117,35,35
41597,90,78,12,12
41598,204,170,34,34
41599,95,77,18,18
41600,81,79,2,2
41601,75,67,8,8
41602,95,80,15,15
41603,108,98,10,10
41604,140,111,29,29
41605,47,47,0,0
41606,92,71,21,21
41607,127,113,14,14
41608,64,67,-3,3
41609,86,67,19,19
41610,83,73,10,10
41611,86,84,2,2
41612,110,95,15,15
41613,128,121,7,7
41614,152,128,24,24
41615,106,98,8,8
41616,71,69,2,2
41617,70,71,-1,1
41618,71,65,6,6
41619,80,77,3,3
41620,10,29,-19,19
41621,95,77,18,18
41622,88,76,12,12
41623,55,41,14,14
41624,96,74,22,22
41625,114,91,23,23
41626,113,95,18,18
41627,115,95,20,20
41628,50,50,0,0
41629,130,119,11,11
41630,130,114,16,16
41631,85,76,9,9
41632,72,65,7,7
41633,177,149,28,28
41634,90,86,4,4
41635,131,126,5,5
41636,68,65,3,3
41637,46,48,-2,2
41638,96,90,6,6
41639,161,135,26,26
41640,60,55,5,5
41641,73,71,2,2
41642,50,50,0,0
41643,60,49,11,11
41644,122,107,15,15
41645,136,113,23,23
41646,90,74,16,16
41647,131,115,16,16
41648,95,81,14,14
41649,66,63,3,3
41650,105,101,4,4
41651,82,73,9,9
41652,107,94,13,13
41653,61,55,6,6
41654,136,111,25,25
41655,128,129,-1,1
41656,66,66,0,0
41657,125,111,14,14
41658,69,61,8,8
41659,68,72,-4,4
41660,84,77,7,7
41661,47,50,-3,3
41662,77,70,7,7
41663,113,92,21,21
41664,155,138,17,17
41665,88,82,6,6
41666,76,68,8,8
41667,104,129,-25,25
41668,43,43,0,0
41669,69,66,3,3
41670,94,93,1,1
41671,121,106,15,15
41672,178,150,28,28
41673,69,59,10,10
41674,113,103,10,10
41675,118,103,15,15
41676,86,76,10,10
41677,71,66,5,5
41678,112,98,14,14
41679,114,95,19,19
41680,68,59,9,9
41681,75,66,9,9
41682,103,86,17,17
41683,71,65,6,6
41684,57,52,5,5
41685,88,77,11,11
41686,165,136,29,29
41687,79,74,5,5
41688,133,119,14,14
41689,125,105,20,20
41690,91,99,-8,8
41691,117,106,11,11
41692,108,90,18,18
41693,101,91,10,10
41694,61,59,2,2
41695,170,143,27,27
41696,152,125,27,27
41697,86,78,8,8
41698,89,76,13,13
41699,137,117,20,20
41700,107,94,13,13
41701,145,123,22,22
41702,152,143,9,9
41703,89,70,19,19
41704,81,69,12,12
41705,102,94,8,8
41706,85,82,3,3
41707,70,65,5,5
41708,85,76,9,9
41709,105,93,12,12
41710,79,68,11,11
41711,55,57,-2,2
41712,94,80,14,14
41713,49,51,-2,2
41714,42,42,0,0
41715,302,204,98,98
41716,116,94,22,22
41717,68,63,5,5
41718,81,75,6,6
41719,98,92,6,6
41720,120,102,18,18
41721,135,121,14,14
41722,85,82,3,3
41723,76,71,5,5
41724,125,108,17,17
41725,26,28,-2,2
41726,111,82,29,29
41727,152,123,29,29
41728,85,74,11,11
41729,99,91,8,8
41730,98,97,1,1
41731,99,88,11,11
41732,81,70,11,11
41733,98,97,1,1
41734,101,78,23,23
41735,64,61,3,3
41736,185,162,23,23
41737,97,85,12,12
41738,93,90,3,3
41739,65,61,4,4
41740,89,79,10,10
41741,53,52,1,1
41742,96,84,12,12
41743,133,115,18,18
41744,149,116,33,33
41745,155,129,26,26
41746,86,73,13,13
41747,64,56,8,8
41748,133,108,25,25
41749,119,115,4,4
41750,70,68,2,2
41751,57,55,2,2
41752,56,58,-2,2
41753,55,50,5,5
41754,57,56,1,1
41755,106,98,8,8
41756,85,85,0,0
41757,80,77,3,3
41758,71,75,-4,4
41759,79,83,-4,4
41760,72,71,1,1
41761,67,55,12,12
41762,200,171,29,29
41763,55,54,1,1
41764,103,93,10,10
41765,80,69,11,11
41766,113,103,10,10
41767,34,63,-29,29
41768,77,71,6,6
41769,145,131,14,14
41770,143,133,10,10
41771,100,86,14,14
41772,53,51,2,2
41773,61,81,-20,20
41774,109,105,4,4
41775,86,73,13,13
41776,72,68,4,4
41777,86,81,5,5
41778,115,112,3,3
41779,74,72,2,2
41780,85,75,10,10
41781,97,84,13,13
41782,111,94,17,17
41783,63,71,-8,8
41784,104,95,9,9
41785,101,90,11,11
41786,110,95,15,15
41787,72,71,1,1
41788,128,108,20,20
41789,74,79,-5,5
41790,108,88,20,20
41791,110,95,15,15
41792,68,63,5,5
41793,41,43,-2,2
41794,153,138,15,15
41795,115,106,9,9
41796,58,62,-4,4
41797,45,59,-14,14
41798,92,78,14,14
41799,57,57,0,0
41800,125,102,23,23
41801,82,79,3,3
41802,61,59,2,2
41803,148,126,22,22
41804,72,64,8,8
41805,108,96,12,12
41806,97,96,1,1
41807,134,109,25,25
41808,50,44,6,6
41809,66,60,6,6
41810,61,50,11,11
41811,91,79,12,12
41812,133,112,21,21
41813,131,101,30,30
41814,67,70,-3,3
41815,112,99,13,13
41816,100,100,0,0
41817,193,161,32,32
41818,90,75,15,15
41819,77,69,8,8
41820,80,74,6,6
41821,117,103,14,14
41822,87,79,8,8
41823,64,63,1,1
41824,61,55,6,6
41825,120,112,8,8
41826,119,105,14,14
41827,137,116,21,21
41828,54,50,4,4
41829,162,130,32,32
41830,152,146,6,6
41831,69,59,10,10
41832,80,70,10,10
41833,92,84,8,8
41834,96,81,15,15
41835,107,99,8,8
41836,71,66,5,5
41837,83,80,3,3
41838,89,84,5,5
41839,121,104,17,17
41840,81,74,7,7
41841,112,100,12,12
41842,147,113,34,34
41843,62,59,3,3
41844,129,112,17,17
41845,74,71,3,3
41846,168,130,38,38
41847,47,46,1,1
41848,128,116,12,12
41849,49,52,-3,3
41850,56,53,3,3
41851,89,75,14,14
41852,67,63,4,4
41853,68,71,-3,3
41854,114,103,11,11
41855,137,135,2,2
41856,122,106,16,16
41857,74,69,5,5
41858,67,60,7,7
41859,129,113,16,16
41860,139,127,12,12
41861,62,59,3,3
41862,100,86,14,14
41863,88,78,10,10
41864,64,58,6,6
41865,92,77,15,15
41866,119,121,-2,2
41867,81,73,8,8
41868,59,55,4,4
41869,106,92,14,14
41870,94,76,18,18
41871,112,93,19,19
41872,80,74,6,6
41873,101,100,1,1
41874,135,115,20,20
41875,135,111,24,24
41876,104,86,18,18
41877,85,74,11,11
41878,176,152,24,24
41879,79,70,9,9
41880,69,59,10,10
41881,41,36,5,5
41882,47,42,5,5
41883,67,63,4,4
41884,69,69,0,0
41885,51,48,3,3
41886,73,82,-9,9
41887,108,91,17,17
41888,47,38,9,9
41889,120,118,2,2
41890,117,97,20,20
41891,91,89,2,2
41892,110,103,7,7
41893,82,71,11,11
41894,97,86,11,11
41895,92,83,9,9
41896,72,64,8,8
41897,74,63,11,11
41898,80,85,-5,5
41899,49,44,5,5
41900,133,111,22,22
41901,85,78,7,7
41902,116,102,14,14
41903,72,63,9,9
41904,125,109,16,16
41905,91,82,9,9
41906,103,90,13,13
41907,110,98,12,12
41908,102,96,6,6
41909,111,91,20,20
41910,50,60,-10,10
41911,50,50,0,0
41912,106,92,14,14
41913,79,71,8,8
41914,138,112,26,26
41915,110,104,6,6
41916,59,60,-1,1
41917,72,67,5,5
41918,190,154,36,36
41919,93,78,15,15
41920,47,42,5,5
41921,46,49,-3,3
41922,135,116,19,19
41923,56,63,-7,7
41924,67,61,6,6
41925,101,90,11,11
41926,78,68,10,10
41927,61,71,-10,10
41928,43,50,-7,7
41929,142,130,12,12
41930,88,84,4,4
41931,119,105,14,14
41932,146,117,29,29
41933,93,84,9,9
41934,109,104,5,5
41935,105,94,11,11
41936,98,91,7,7
41937,75,65,10,10
41938,78,73,5,5
41939,101,99,2,2
41940,88,92,-4,4
41941,133,128,5,5
41942,66,60,6,6
41943,101,87,14,14
41944,94,87,7,7
41945,86,78,8,8
41946,95,81,14,14
41947,96,92,4,4
41948,83,73,10,10
41949,119,88,31,31
41950,116,104,12,12
41951,92,79,13,13
41952,89,86,3,3
41953,215,194,21,21
41954,96,87,9,9
41955,138,118,20,20
41956,73,66,7,7
41957,72,69,3,3
41958,83,82,1,1
41959,119,102,17,17
41960,83,73,10,10
41961,140,112,28,28
41962,164,134,30,30
41963,105,86,19,19
41964,109,85,24,24
41965,100,83,17,17
41966,95,86,9,9
41967,85,70,15,15
41968,83,73,10,10
41969,148,129,19,19
41970,95,87,8,8
41971,110,115,-5,5
41972,104,104,0,0
41973,125,125,0,0
41974,110,110,0,0
41975,109,97,12,12
41976,87,75,12,12
41977,166,145,21,21
41978,68,72,-4,4
41979,104,82,22,22
41980,127,92,35,35
41981,60,58,2,2
41982,106,85,21,21
41983,58,57,1,1
41984,59,52,7,7
41985,98,86,12,12
41986,150,138,12,12
41987,107,101,6,6
41988,75,73,2,2
41989,95,88,7,7
41990,82,76,6,6
41991,101,79,22,22
41992,63,62,1,1
41993,81,62,19,19
41994,60,58,2,2
41995,121,103,18,18
41996,110,92,18,18
41997,73,69,4,4
41998,62,64,-2,2
41999,66,63,3,3
42000,87,82,5,5
42001,130,125,5,5
42002,84,80,4,4
42003,142,131,11,11
42004,61,57,4,4
42005,109,98,11,11
42006,147,122,25,25
42007,37,53,-16,16
42008,246,177,69,69
42009,61,60,1,1
42010,111,96,15,15
42011,92,82,10,10
42012,133,127,6,6
42013,161,129,32,32
42014,128,121,7,7
42015,73,59,14,14
42016,115,99,16,16
42017,159,137,22,22
42018,75,66,9,9
42019,85,89,-4,4
42020,79,74,5,5
42021,103,88,15,15
42022,109,99,10,10
42023,89,77,12,12
42024,158,140,18,18
42025,86,79,7,7
42026,114,91,23,23
42027,145,125,20,20
42028,83,71,12,12
42029,142,126,16,16
42030,48,49,-1,1
42031,69,65,4,4
42032,90,95,-5,5
42033,152,124,28,28
42034,72,73,-1,1
42035,93,84,9,9
42036,59,59,0,0
42037,142,121,21,21
42038,95,76,19,19
42039,152,122,30,30
42040,87,79,8,8
42041,79,64,15,15
42042,80,74,6,6
42043,89,81,8,8
42044,74,64,10,10
42045,78,71,7,7
42046,100,89,11,11
42047,92,86,6,6
42048,135,119,16,16
42049,112,101,11,11
42050,109,100,9,9
42051,86,70,16,16
42052,80,70,10,10
42053,92,90,2,2
42054,93,93,0,0
42055,111,101,10,10
42056,64,58,6,6
42057,96,71,25,25
42058,79,84,-5,5
42059,148,143,5,5
42060,74,75,-1,1
42061,91,76,15,15
42062,85,75,10,10
42063,104,89,15,15
42064,132,122,10,10
42065,75,77,-2,2
42066,175,159,16,16
42067,77,64,13,13
42068,92,81,11,11
42069,150,126,24,24
42070,35,26,9,9
42071,79,63,16,16
42072,57,58,-1,1
42073,70,54,16,16
42074,117,119,-2,2
42075,84,72,12,12
42076,51,76,-25,25
42077,88,87,1,1
42078,83,73,10,10
42079,89,71,18,18
42080,79,72,7,7
42081,76,69,7,7
42082,50,55,-5,5
42083,102,87,15,15
42084,111,113,-2,2
42085,82,78,4,4
42086,114,110,4,4
42087,99,80,19,19
42088,111,94,17,17
42089,99,93,6,6
42090,68,59,9,9
42091,159,128,31,31
42092,78,71,7,7
42093,43,50,-7,7
42094,64,59,5,5
42095,77,74,3,3
42096,38,42,-4,4
42097,39,39,0,0
42098,87,88,-1,1
42099,89,74,15,15
42100,101,90,11,11
42101,115,101,14,14
42102,101,87,14,14
42103,52,54,-2,2
42104,68,64,4,4
42105,57,57,0,0
42106,97,80,17,17
42107,80,78,2,2
42108,95,88,7,7
42109,155,131,24,24
42110,74,69,5,5
42111,104,85,19,19
42112,63,64,-1,1
42113,28,34,-6,6
42114,96,81,15,15
42115,104,95,9,9
42116,118,104,14,14
42117,81,68,13,13
42118,58,55,3,3
42119,85,81,4,4
42120,59,59,0,0
42121,91,92,-1,1
42122,120,99,21,21
42123,58,47,11,11
42124,89,72,17,17
42125,101,96,5,5
42126,89,76,13,13
42127,68,57,11,11
42128,122,100,22,22
42129,71,71,0,0
42130,71,66,5,5
42131,75,89,-14,14
42132,130,121,9,9
42133,103,83,20,20
42134,114,96,18,18
42135,145,126,19,19
42136,108,92,16,16
42137,102,94,8,8
42138,107,92,15,15
42139,97,84,13,13
42140,94,76,18,18
42141,70,65,5,5
42142,91,82,9,9
42143,92,87,5,5
42144,60,60,0,0
42145,83,76,7,7
42146,92,75,17,17
42147,106,100,6,6
42148,47,56,-9,9
42149,72,64,8,8
42150,137,118,19,19
42151,69,66,3,3
42152,69,56,13,13
42153,123,106,17,17
42154,77,72,5,5
42155,74,61,13,13
42156,144,131,13,13
42157,132,115,17,17
42158,109,92,17,17
42159,93,85,8,8
42160,56,53,3,3
42161,125,107,18,18
42162,54,59,-5,5
42163,127,102,25,25
42164,96,89,7,7
42165,106,84,22,22
42166,98,91,7,7
42167,97,86,11,11
42168,65,61,4,4
42169,91,75,16,16
42170,90,83,7,7
42171,135,111,24,24
42172,109,107,2,2
42173,101,87,14,14
42174,80,74,6,6
42175,105,98,7,7
42176,64,60,4,4
42177,155,137,18,18
42178,119,108,11,11
42179,76,61,15,15
42180,122,101,21,21
42181,59,55,4,4
42182,63,62,1,1
42183,92,85,7,7
42184,101,89,12,12
42185,100,87,13,13
42186,88,89,-1,1
42187,98,83,15,15
42188,153,122,31,31
42189,92,76,16,16
42190,76,64,12,12
42191,110,93,17,17
42192,86,80,6,6
42193,130,111,19,19
42194,126,110,16,16
42195,78,65,13,13
42196,77,75,2,2
42197,104,99,5,5
42198,126,117,9,9
42199,79,69,10,10
42200,117,119,-2,2
42201,45,45,0,0
42202,100,93,7,7
42203,83,72,11,11
42204,134,119,15,15
42205,83,72,11,11
42206,90,90,0,0
42207,86,79,7,7
42208,89,78,11,11
42209,60,67,-7,7
42210,78,71,7,7
42211,120,108,12,12
42212,72,67,5,5
42213,104,94,10,10
42214,188,155,33,33
42215,93,81,12,12
42216,159,129,30,30
42217,80,71,9,9
42218,96,92,4,4
42219,114,102,12,12
42220,113,101,12,12
42221,62,64,-2,2
42222,140,124,16,16
42223,157,128,29,29
42224,61,63,-2,2
42225,95,95,0,0
42226,130,114,16,16
42227,134,125,9,9
42228,84,77,7,7
42229,83,72,11,11
42230,96,87,9,9
42231,85,72,13,13
42232,117,108,9,9
42233,49,48,1,1
42234,55,51,4,4
42235,116,88,28,28
42236,65,62,3,3
42237,86,76,10,10
42238,58,66,-8,8
42239,55,60,-5,5
42240,109,91,18,18
42241,109,87,22,22
42242,115,99,16,16
42243,131,96,35,35
42244,79,75,4,4
42245,74,71,3,3
42246,114,98,16,16
42247,125,104,21,21
42248,90,75,15,15
42249,81,73,8,8
42250,109,93,16,16
42251,90,75,15,15
42252,58,48,10,10
42253,67,63,4,4
42254,88,72,16,16
42255,71,81,-10,10
42256,118,115,3,3
42257,109,100,9,9
42258,75,87,-12,12
42259,38,38,0,0
42260,173,147,26,26
42261,153,141,12,12
42262,66,55,11,11
42263,58,55,3,3
42264,44,48,-4,4
42265,86,73,13,13
42266,100,87,13,13
42267,86,84,2,2
42268,106,95,11,11
42269,80,71,9,9
42270,84,72,12,12
42271,76,67,9,9
42272,96,82,14,14
42273,90,80,10,10
42274,116,111,5,5
42275,196,149,47,47
42276,103,89,14,14
42277,95,90,5,5
42278,68,61,7,7
42279,96,76,20,20
42280,109,91,18,18
42281,86,78,8,8
42282,174,154,20,20
42283,78,76,2,2
42284,47,48,-1,1
42285,96,85,11,11
42286,92,80,12,12
42287,79,65,14,14
42288,85,75,10,10
42289,113,104,9,9
42290,96,87,9,9
42291,80,69,11,11
42292,43,39,4,4
42293,93,93,0,0
42294,63,63,0,0
42295,96,80,16,16
42296,103,91,12,12
42297,53,56,-3,3
42298,99,85,14,14
42299,79,73,6,6
42300,70,62,8,8
42301,106,87,19,19
42302,104,129,-25,25
42303,141,124,17,17
42304,99,79,20,20
42305,96,84,12,12
42306,55,47,8,8
42307,99,89,10,10
42308,116,103,13,13
42309,64,84,-20,20
42310,152,118,34,34
42311,63,61,2,2
42312,78,66,12,12
42313,123,124,-1,1
42314,126,109,17,17
42315,79,66,13,13
42316,92,69,23,23
42317,94,91,3,3
42318,200,168,32,32
42319,157,144,13,13
42320,80,74,6,6
42321,57,54,3,3
42322,141,117,24,24
42323,60,61,-1,1
42324,85,74,11,11
42325,54,46,8,8
42326,159,145,14,14
42327,150,120,30,30
42328,87,74,13,13
42329,47,58,-11,11
42330,96,88,8,8
42331,82,73,9,9
42332,74,64,10,10
42333,120,108,12,12
42334,109,79,30,30
42335,86,82,4,4
42336,129,104,25,25
42337,196,161,35,35
42338,178,148,30,30
42339,105,88,17,17
42340,61,62,-1,1
42341,67,63,4,4
42342,109,99,10,10
42343,111,110,1,1
42344,52,62,-10,10
42345,89,72,17,17
42346,71,76,-5,5
42347,111,100,11,11
42348,40,35,5,5
42349,79,76,3,3
42350,99,84,15,15
42351,96,83,13,13
42352,63,54,9,9
42353,103,109,-6,6
42354,97,98,-1,1
42355,90,83,7,7
42356,119,93,26,26
42357,176,146,30,30
42358,97,87,10,10
42359,131,135,-4,4
42360,86,69,17,17
42361,77,66,11,11
42362,84,75,9,9
42363,70,63,7,7
42364,109,99,10,10
42365,121,103,18,18
42366,125,125,0,0
42367,150,113,37,37
42368,103,88,15,15
42369,151,120,31,31
42370,58,55,3,3
42371,64,56,8,8
42372,122,111,11,11
42373,104,85,19,19
42374,92,77,15,15
42375,100,90,10,10
42376,142,116,26,26
42377,93,78,15,15
42378,120,99,21,21
42379,75,71,4,4
42380,106,92,14,14
42381,60,55,5,5
42382,83,76,7,7
42383,98,89,9,9
42384,56,45,11,11
42385,37,38,-1,1
42386,97,76,21,21
42387,152,132,20,20
42388,97,83,14,14
42389,76,65,11,11
42390,80,81,-1,1
42391,56,55,1,1
42392,108,87,21,21
42393,128,99,29,29
42394,117,101,16,16
42395,103,90,13,13
42396,31,38,-7,7
42397,84,71,13,13
42398,92,83,9,9
42399,115,115,0,0
42400,128,116,12,12
42401,128,110,18,18
42402,75,72,3,3
42403,72,74,-2,2
42404,95,84,11,11
42405,56,55,1,1
42406,83,73,10,10
42407,97,92,5,5
42408,109,88,21,21
42409,126,104,22,22
42410,135,122,13,13
42411,75,69,6,6
42412,73,64,9,9
42413,89,92,-3,3
42414,94,86,8,8
42415,81,72,9,9
42416,78,70,8,8
42417,79,65,14,14
42418,78,73,5,5
42419,105,95,10,10
42420,112,100,12,12
42421,75,63,12,12
42422,98,87,11,11
42423,94,83,11,11
42424,56,63,-7,7
42425,92,76,16,16
42426,68,63,5,5
42427,104,92,12,12
42428,144,112,32,32
42429,50,54,-4,4
42430,51,48,3,3
42431,61,64,-3,3
42432,83,82,1,1
42433,28,35,-7,7
42434,99,92,7,7
42435,83,81,2,2
42436,162,130,32,32
42437,104,91,13,13
42438,88,83,5,5
42439,95,81,14,14
42440,116,99,17,17
42441,144,117,27,27
42442,69,50,19,19
42443,102,100,2,2
42444,116,103,13,13
42445,61,58,3,3
42446,108,95,13,13
42447,55,51,4,4
42448,142,119,23,23
42449,156,132,24,24
42450,129,106,23,23
42451,180,151,29,29
42452,111,104,7,7
42453,179,156,23,23
42454,89,86,3,3
42455,114,99,15,15
42456,96,83,13,13
42457,117,104,13,13
42458,64,61,3,3
42459,57,51,6,6
42460,54,52,2,2
42461,95,78,17,17
42462,89,62,27,27
42463,109,88,21,21
42464,76,72,4,4
42465,67,61,6,6
42466,65,60,5,5
42467,76,77,-1,1
42468,92,80,12,12
42469,92,82,10,10
42470,74,64,10,10
42471,92,76,16,16
42472,80,69,11,11
42473,89,83,6,6
42474,43,42,1,1
42475,69,66,3,3
42476,88,81,7,7
42477,84,83,1,1
42478,115,102,13,13
42479,56,49,7,7
42480,95,92,3,3
42481,80,85,-5,5
42482,80,72,8,8
42483,98,85,13,13
42484,49,48,1,1
42485,91,75,16,16
42486,64,63,1,1
42487,53,57,-4,4
42488,85,69,16,16
42489,98,85,13,13
42490,100,83,17,17
42491,69,65,4,4
42492,48,47,1,1
42493,105,86,19,19
42494,163,132,31,31
42495,150,130,20,20
42496,85,80,5,5
42497,128,116,12,12
42498,99,92,7,7
42499,103,86,17,17
42500,128,103,25,25
42501,107,99,8,8
42502,55,59,-4,4
42503,84,92,-8,8
42504,90,86,4,4
42505,90,86,4,4
42506,72,63,9,9
42507,91,84,7,7
42508,87,85,2,2
42509,84,62,22,22
42510,42,42,0,0
42511,65,62,3,3
42512,131,115,16,16
42513,48,52,-4,4
42514,109,90,19,19
42515,85,84,1,1
42516,66,56,10,10
42517,83,80,3,3
42518,46,43,3,3
42519,141,120,21,21
42520,59,61,-2,2
42521,87,77,10,10
42522,84,88,-4,4
42523,86,84,2,2
42524,127,107,20,20
42525,111,111,0,0
42526,102,95,7,7
42527,65,61,4,4
42528,70,64,6,6
42529,61,63,-2,2
42530,104,94,10,10
42531,111,96,15,15
42532,202,170,32,32
42533,100,83,17,17
42534,136,121,15,15
42535,35,39,-4,4
42536,40,38,2,2
42537,115,98,17,17
42538,116,99,17,17
42539,72,64,8,8
42540,108,97,11,11
42541,106,105,1,1
42542,62,59,3,3
42543,127,103,24,24
42544,94,79,15,15
42545,89,75,14,14
42546,70,66,4,4
42547,72,71,1,1
42548,98,79,19,19
42549,96,83,13,13
42550,108,101,7,7
42551,142,107,35,35
42552,77,71,6,6
42553,67,63,4,4
42554,81,79,2,2
42555,54,49,5,5
42556,124,111,13,13
42557,110,110,0,0
42558,101,88,13,13
42559,86,83,3,3
42560,117,100,17,17
42561,111,94,17,17
42562,136,112,24,24
42563,78,67,11,11
42564,62,70,-8,8
42565,231,188,43,43
42566,180,164,16,16
42567,91,80,11,11
42568,134,118,16,16
42569,80,74,6,6
42570,100,92,8,8
42571,123,106,17,17
42572,109,95,14,14
42573,70,64,6,6
42574,57,55,2,2
42575,148,127,21,21
42576,76,70,6,6
42577,70,65,5,5
42578,82,78,4,4
42579,102,96,6,6
42580,198,167,31,31
42581,56,51,5,5
42582,94,86,8,8
42583,97,89,8,8
42584,103,83,20,20
42585,81,70,11,11
42586,102,87,15,15
42587,85,77,8,8
42588,165,132,33,33
42589,50,53,-3,3
42590,124,107,17,17
42591,101,90,11,11
42592,79,68,11,11
42593,138,127,11,11
42594,191,140,51,51
42595,162,144,18,18
42596,126,106,20,20
42597,103,91,12,12
42598,49,50,-1,1
42599,113,104,9,9
42600,100,87,13,13
42601,118,105,13,13
42602,117,110,7,7
42603,84,77,7,7
42604,110,89,21,21
42605,128,103,25,25
42606,105,92,13,13
42607,59,52,7,7
42608,91,82,9,9
42609,68,55,13,13
42610,72,73,-1,1
42611,135,118,17,17
42612,79,96,-17,17
42613,107,95,12,12
42614,30,40,-10,10
42615,70,68,2,2
42616,105,94,11,11
42617,92,81,11,11
42618,177,154,23,23
42619,84,78,6,6
42620,67,74,-7,7
42621,150,115,35,35
42622,65,77,-12,12
42623,69,66,3,3
42624,94,84,10,10
42625,87,68,19,19
42626,73,75,-2,2
42627,70,70,0,0
42628,93,75,18,18
42629,110,96,14,14
42630,87,69,18,18
42631,109,96,13,13
42632,71,69,2,2
42633,103,96,7,7
42634,152,126,26,26
42635,70,66,4,4
42636,125,98,27,27
42637,91,85,6,6
42638,172,147,25,25
42639,60,62,-2,2
42640,99,118,-19,19
42641,61,56,5,5
42642,91,82,9,9
42643,94,77,17,17
42644,135,114,21,21
42645,43,53,-10,10
42646,83,80,3,3
42647,93,83,10,10
42648,116,103,13,13
42649,131,99,32,32
42650,140,133,7,7
42651,101,97,4,4
42652,160,136,24,24
42653,157,128,29,29
42654,147,154,-7,7
42655,151,133,18,18
42656,162,140,22,22
42657,52,88,-36,36
42658,77,64,13,13
42659,86,76,10,10
42660,86,82,4,4
42661,91,76,15,15
42662,118,100,18,18
42663,103,86,17,17
42664,103,92,11,11
42665,74,68,6,6
42666,119,102,17,17
42667,89,78,11,11
42668,107,91,16,16
42669,109,127,-18,18
42670,85,82,3,3
42671,70,63,7,7
42672,86,75,11,11
42673,105,92,13,13
42674,98,90,8,8
42675,75,69,6,6
42676,50,56,-6,6
42677,67,62,5,5
42678,76,67,9,9
42679,80,70,10,10
42680,124,112,12,12
42681,60,62,-2,2
42682,73,65,8,8
42683,52,50,2,2
42684,102,91,11,11
42685,29,25,4,4
42686,66,66,0,0
42687,80,64,16,16
42688,76,68,8,8
42689,107,95,12,12
42690,68,55,13,13
42691,129,105,24,24
42692,51,43,8,8
42693,131,121,10,10
42694,73,70,3,3
42695,157,131,26,26
42696,96,90,6,6
42697,19,48,-29,29
42698,109,91,18,18
42699,67,63,4,4
42700,132,116,16,16
42701,156,114,42,42
42702,85,84,1,1
42703,90,81,9,9
42704,85,72,13,13
42705,44,51,-7,7
42706,150,127,23,23
42707,65,61,4,4
42708,91,91,0,0
42709,63,73,-10,10
42710,80,76,4,4
42711,163,148,15,15
42712,110,90,20,20
42713,100,98,2,2
42714,89,73,16,16
42715,51,50,1,1
42716,97,93,4,4
42717,82,74,8,8
42718,85,76,9,9
42719,73,72,1,1
42720,80,69,11,11
42721,50,51,-1,1
42722,81,70,11,11
42723,68,62,6,6
42724,76,70,6,6
42725,75,64,11,11
42726,82,81,1,1
42727,78,72,6,6
42728,53,62,-9,9
42729,55,52,3,3
42730,41,42,-1,1
42731,95,94,1,1
42732,55,49,6,6
42733,99,111,-12,12
42734,64,66,-2,2
42735,93,96,-3,3
42736,61,52,9,9
42737,95,85,10,10
42738,116,106,10,10
42739,83,66,17,17
42740,82,67,15,15
42741,137,104,33,33
42742,69,69,0,0
42743,69,58,11,11
42744,60,52,8,8
42745,81,81,0,0
42746,128,113,15,15
42747,78,68,10,10
42748,79,77,2,2
42749,74,73,1,1
42750,69,65,4,4
42751,140,110,30,30
42752,108,104,4,4
42753,61,56,5,5
42754,142,124,18,18
42755,42,36,6,6
42756,68,56,12,12
42757,74,68,6,6
42758,94,86,8,8
42759,164,137,27,27
42760,77,68,9,9
42761,94,76,18,18
42762,192,174,18,18
42763,121,110,11,11
42764,61,56,5,5
42765,120,111,9,9
42766,103,93,10,10
42767,89,76,13,13
42768,100,82,18,18
42769,97,79,18,18
42770,64,63,1,1
42771,165,142,23,23
42772,74,66,8,8
42773,65,62,3,3
42774,39,44,-5,5
42775,183,148,35,35
42776,82,75,7,7
42777,111,96,15,15
42778,150,119,31,31
42779,89,71,18,18
42780,116,98,18,18
42781,106,94,12,12
42782,129,118,11,11
42783,59,57,2,2
42784,161,121,40,40
42785,108,110,-2,2
42786,63,68,-5,5
42787,114,99,15,15
42788,80,75,5,5
42789,81,75,6,6
42790,72,64,8,8
42791,99,83,16,16
42792,98,75,23,23
42793,111,88,23,23
42794,120,103,17,17
42795,119,102,17,17
42796,69,65,4,4
42797,137,113,24,24
42798,130,117,13,13
42799,106,83,23,23
42800,58,56,2,2
42801,144,123,21,21
42802,117,104,13,13
42803,146,138,8,8
42804,137,116,21,21
42805,116,110,6,6
42806,86,72,14,14
42807,89,78,11,11
42808,107,94,13,13
42809,108,98,10,10
42810,109,89,20,20
42811,53,52,1,1
42812,79,64,15,15
42813,59,58,1,1
42814,84,73,11,11
42815,156,127,29,29
42816,121,103,18,18
42817,66,61,5,5
42818,74,64,10,10
42819,47,102,-55,55
42820,106,88,18,18
42821,98,80,18,18
42822,68,57,11,11
42823,58,61,-3,3
42824,86,80,6,6
42825,87,83,4,4
42826,85,89,-4,4
42827,143,121,22,22
42828,168,132,36,36
42829,63,66,-3,3
42830,72,107,-35,35
42831,170,163,7,7
42832,139,128,11,11
42833,104,101,3,3
42834,66,52,14,14
42835,78,70,8,8
42836,66,55,11,11
42837,78,66,12,12
42838,178,140,38,38
42839,176,148,28,28
42840,77,64,13,13
42841,51,47,4,4
42842,112,91,21,21
42843,110,118,-8,8
42844,140,130,10,10
42845,120,98,22,22
42846,88,81,7,7
42847,85,83,2,2
42848,166,135,31,31
42849,71,68,3,3
42850,112,110,2,2
42851,73,64,9,9
42852,80,71,9,9
42853,113,116,-3,3
42854,62,61,1,1
42855,94,62,32,32
42856,145,128,17,17
42857,131,123,8,8
42858,103,91,12,12
42859,98,94,4,4
42860,84,72,12,12
42861,133,110,23,23
42862,144,119,25,25
42863,141,117,24,24
42864,119,94,25,25
42865,87,76,11,11
42866,79,73,6,6
42867,63,64,-1,1
42868,89,88,1,1
42869,38,39,-1,1
42870,99,95,4,4
42871,114,95,19,19
42872,129,104,25,25
42873,155,134,21,21
42874,87,67,20,20
42875,70,63,7,7
42876,112,91,21,21
42877,137,115,22,22
42878,92,78,14,14
42879,145,121,24,24
42880,154,120,34,34
42881,130,112,18,18
42882,45,44,1,1
42883,63,54,9,9
42884,58,49,9,9
42885,96,89,7,7
42886,102,90,12,12
42887,118,113,5,5
42888,119,106,13,13
42889,75,68,7,7
42890,115,103,12,12
42891,94,86,8,8
42892,108,95,13,13
42893,101,86,15,15
42894,136,119,17,17
42895,110,99,11,11
42896,127,104,23,23
42897,94,73,21,21
42898,124,97,27,27
42899,68,65,3,3
42900,128,107,21,21
42901,138,121,17,17
42902,83,77,6,6
42903,125,96,29,29
42904,63,60,3,3
42905,133,99,34,34
42906,77,68,9,9
42907,94,84,10,10
42908,116,93,23,23
42909,93,85,8,8
42910,84,80,4,4
42911,125,105,20,20
42912,123,113,10,10
42913,92,78,14,14
42914,155,140,15,15
42915,86,170,-84,84
42916,75,69,6,6
42917,74,72,2,2
42918,78,73,5,5
42919,96,79,17,17
42920,113,108,5,5
42921,139,143,-4,4
42922,95,79,16,16
42923,83,73,10,10
42924,128,117,11,11
42925,102,92,10,10
42926,124,125,-1,1
42927,71,66,5,5
42928,63,60,3,3
42929,71,66,5,5
42930,131,122,9,9
42931,115,117,-2,2
42932,91,79,12,12
42933,92,86,6,6
42934,59,50,9,9
42935,138,121,17,17
42936,71,62,9,9
42937,53,49,4,4
42938,103,90,13,13
42939,85,71,14,14
42940,92,83,9,9
42941,109,110,-1,1
42942,74,76,-2,2
42943,100,88,12,12
42944,111,99,12,12
42945,112,97,15,15
42946,112,92,20,20
42947,31,37,-6,6
42948,57,64,-7,7
42949,194,154,40,40
42950,75,70,5,5
42951,119,105,14,14
42952,106,93,13,13
42953,89,71,18,18
42954,75,65,10,10
42955,77,72,5,5
42956,68,65,3,3
42957,48,45,3,3
42958,53,49,4,4
42959,91,80,11,11
42960,90,92,-2,2
42961,57,59,-2,2
42962,81,74,7,7
42963,113,98,15,15
42964,89,79,10,10
42965,74,65,9,9
42966,89,76,13,13
42967,73,73,0,0
42968,54,48,6,6
42969,77,73,4,4
42970,108,87,21,21
42971,59,59,0,0
42972,218,178,40,40
42973,118,113,5,5
42974,86,81,5,5
42975,153,128,25,25
42976,123,109,14,14
42977,117,104,13,13
42978,51,39,12,12
42979,77,69,8,8
42980,59,54,5,5
42981,69,69,0,0
42982,67,65,2,2
42983,83,70,13,13
42984,137,112,25,25
42985,96,78,18,18
42986,68,62,6,6
42987,91,90,1,1
42988,81,77,4,4
42989,79,62,17,17
42990,50,47,3,3
42991,78,72,6,6
42992,32,37,-5,5
42993,64,57,7,7
42994,80,80,0,0
42995,99,96,3,3
42996,131,125,6,6
42997,48,44,4,4
42998,77,64,13,13
42999,128,114,14,14
43000,120,109,11,11
43001,55,53,2,2
43002,79,63,16,16
43003,85,75,10,10
43004,148,123,25,25
43005,136,116,20,20
43006,111,107,4,4
43007,105,116,-11,11
43008,93,82,11,11
43009,79,68,11,11
43010,87,77,10,10
43011,69,66,3,3
43012,109,97,12,12
43013,156,132,24,24
43014,106,97,9,9
43015,105,96,9,9
43016,42,37,5,5
43017,84,70,14,14
43018,15,28,-13,13
43019,89,85,4,4
43020,179,152,27,27
43021,65,63,2,2
43022,108,102,6,6
43023,40,41,-1,1
43024,89,73,16,16
43025,138,114,24,24
43026,134,119,15,15
43027,102,87,15,15
43028,103,90,13,13
43029,143,115,28,28
43030,65,65,0,0
43031,74,64,10,10
43032,116,95,21,21
43033,79,73,6,6
43034,74,70,4,4
43035,91,65,26,26
43036,99,84,15,15
43037,64,56,8,8
43038,120,102,18,18
43039,103,85,18,18
43040,90,77,13,13
43041,51,46,5,5
43042,96,78,18,18
43043,77,67,10,10
43044,142,127,15,15
43045,77,63,14,14
43046,90,78,12,12
43047,141,123,18,18
43048,85,81,4,4
43049,98,81,17,17
43050,146,125,21,21
43051,120,98,22,22
43052,107,100,7,7
43053,97,91,6,6
43054,125,117,8,8
43055,81,78,3,3
43056,99,93,6,6
43057,90,85,5,5
43058,53,53,0,0
43059,88,71,17,17
43060,70,61,9,9
43061,57,69,-12,12
43062,77,65,12,12
43063,51,59,-8,8
43064,110,96,14,14
43065,72,67,5,5
43066,101,89,12,12
43067,177,141,36,36
43068,153,124,29,29
43069,157,140,17,17
43070,67,64,3,3
43071,63,57,6,6
43072,208,169,39,39
43073,84,73,11,11
43074,69,64,5,5
43075,110,86,24,24
43076,85,65,20,20
43077,37,36,1,1
43078,142,106,36,36
43079,82,83,-1,1
43080,81,81,0,0
43081,94,83,11,11
43082,143,127,16,16
43083,118,101,17,17
43084,86,85,1,1
43085,76,74,2,2
43086,73,57,16,16
43087,131,102,29,29
43088,53,54,-1,1
43089,66,61,5,5
43090,101,94,7,7
43091,115,101,14,14
43092,136,118,18,18
43093,61,81,-20,20
43094,86,79,7,7
43095,71,72,-1,1
43096,81,72,9,9
43097,69,72,-3,3
43098,36,41,-5,5
43099,157,133,24,24
43100,57,53,4,4
43101,73,63,10,10
43102,185,148,37,37
43103,62,51,11,11
43104,123,111,12,12
43105,65,59,6,6
43106,73,64,9,9
43107,98,88,10,10
43108,101,86,15,15
43109,104,91,13,13
43110,83,76,7,7
43111,58,58,0,0
43112,85,77,8,8
43113,55,53,2,2
43114,80,66,14,14
43115,66,59,7,7
43116,83,69,14,14
43117,107,99,8,8
43118,104,88,16,16
43119,44,38,6,6
43120,63,64,-1,1
43121,85,72,13,13
43122,133,113,20,20
43123,59,54,5,5
43124,130,102,28,28
43125,74,67,7,7
43126,62,56,6,6
43127,109,89,20,20
43128,71,67,4,4
43129,55,87,-32,32
43130,142,130,12,12
43131,117,106,11,11
43132,110,92,18,18
43133,35,47,-12,12
43134,85,80,5,5
43135,63,56,7,7
43136,79,81,-2,2
43137,101,87,14,14
43138,73,69,4,4
43139,150,142,8,8
43140,164,126,38,38
43141,121,107,14,14
43142,56,54,2,2
43143,82,78,4,4
43144,115,115,0,0
43145,103,85,18,18
43146,80,69,11,11
43147,90,79,11,11
43148,103,87,16,16
43149,122,115,7,7
43150,113,102,11,11
43151,62,66,-4,4
43152,120,106,14,14
43153,94,90,4,4
43154,93,81,12,12
43155,52,51,1,1
43156,89,74,15,15
43157,72,55,17,17
43158,65,56,9,9
43159,92,76,16,16
43160,59,59,0,0
43161,86,99,-13,13
43162,119,93,26,26
43163,64,61,3,3
43164,142,104,38,38
43165,80,73,7,7
43166,68,64,4,4
43167,85,79,6,6
43168,69,60,9,9
43169,157,139,18,18
43170,120,94,26,26
43171,135,116,19,19
43172,72,61,11,11
43173,99,79,20,20
43174,88,84,4,4
43175,101,90,11,11
43176,72,67,5,5
43177,166,147,19,19
43178,49,47,2,2
43179,89,77,12,12
43180,113,92,21,21
43181,113,96,17,17
43182,85,80,5,5
43183,67,66,1,1
43184,89,80,9,9
43185,63,60,3,3
43186,52,89,-37,37
43187,127,107,20,20
43188,106,93,13,13
43189,120,96,24,24
43190,97,100,-3,3
43191,57,57,0,0
43192,68,57,11,11
43193,105,95,10,10
43194,106,97,9,9
43195,133,117,16,16
43196,63,66,-3,3
43197,58,55,3,3
43198,106,98,8,8
43199,103,86,17,17
43200,71,66,5,5
43201,103,93,10,10
43202,42,39,3,3
43203,91,78,13,13
43204,103,97,6,6
43205,90,81,9,9
43206,103,95,8,8
43207,111,92,19,19
43208,132,106,26,26
43209,115,97,18,18
43210,121,112,9,9
43211,122,100,22,22
43212,132,110,22,22
43213,32,43,-11,11
43214,110,93,17,17
43215,87,85,2,2
43216,135,117,18,18
43217,102,89,13,13
43218,82,76,6,6
43219,131,108,23,23
43220,102,93,9,9
43221,52,48,4,4
43222,100,98,2,2
43223,100,84,16,16
43224,90,85,5,5
43225,85,80,5,5
43226,61,59,2,2
43227,154,146,8,8
43228,137,112,25,25
43229,107,91,16,16
43230,98,85,13,13
43231,92,81,11,11
43232,191,148,43,43
43233,113,109,4,4
43234,104,93,11,11
43235,62,53,9,9
43236,80,71,9,9
43237,50,47,3,3
43238,100,76,24,24
43239,126,114,12,12
43240,113,93,20,20
43241,69,64,5,5
43242,62,57,5,5
43243,52,65,-13,13
43244,118,104,14,14
43245,59,59,0,0
43246,40,41,-1,1
43247,93,83,10,10
43248,105,100,5,5
43249,127,104,23,23
43250,84,84,0,0
43251,93,92,1,1
43252,121,112,9,9
43253,94,89,5,5
43254,64,63,1,1
43255,109,92,17,17
43256,123,117,6,6
43257,130,111,19,19
43258,138,119,19,19
43259,67,64,3,3
43260,99,95,4,4
43261,84,71,13,13
43262,112,112,0,0
43263,103,93,10,10
43264,60,53,7,7
43265,90,98,-8,8
43266,131,120,11,11
43267,47,44,3,3
43268,90,76,14,14
43269,81,75,6,6
43270,84,73,11,11
43271,81,74,7,7
43272,105,96,9,9
43273,67,63,4,4
43274,86,78,8,8
43275,140,126,14,14
43276,78,66,12,12
43277,96,83,13,13
43278,102,94,8,8
43279,43,43,0,0
43280,71,74,-3,3
43281,91,86,5,5
43282,84,74,10,10
43283,125,105,20,20
43284,50,60,-10,10
43285,90,85,5,5
43286,68,59,9,9
43287,129,111,18,18
43288,133,122,11,11
43289,72,79,-7,7
43290,150,129,21,21
43291,179,144,35,35
43292,96,84,12,12
43293,72,65,7,7
43294,178,135,43,43
43295,89,80,9,9
43296,129,108,21,21
43297,84,71,13,13
43298,87,72,15,15
43299,82,67,15,15
43300,82,84,-2,2
43301,91,78,13,13
43302,112,102,10,10
43303,88,83,5,5
43304,100,97,3,3
43305,164,138,26,26
43306,89,85,4,4
43307,72,71,1,1
43308,111,103,8,8
43309,123,113,10,10
43310,163,129,34,34
43311,65,61,4,4
43312,130,123,7,7
43313,145,123,22,22
43314,92,82,10,10
43315,50,54,-4,4
43316,73,83,-10,10
43317,57,55,2,2
43318,89,71,18,18
43319,82,72,10,10
43320,67,59,8,8
43321,91,90,1,1
43322,112,98,14,14
43323,73,66,7,7
43324,64,58,6,6
43325,119,118,1,1
43326,61,52,9,9
43327,26,31,-5,5
43328,67,63,4,4
43329,178,145,33,33
43330,97,77,20,20
43331,132,99,33,33
43332,121,110,11,11
43333,143,107,36,36
43334,92,88,4,4
43335,78,74,4,4
43336,99,93,6,6
43337,68,60,8,8
43338,61,54,7,7
43339,139,124,15,15
43340,162,140,22,22
43341,86,75,11,11
43342,106,88,18,18
43343,48,45,3,3
43344,125,105,20,20
43345,123,108,15,15
43346,117,101,16,16
43347,229,171,58,58
43348,83,78,5,5
43349,72,105,-33,33
43350,130,113,17,17
43351,49,46,3,3
43352,124,113,11,11
43353,123,112,11,11
43354,127,117,10,10
43355,78,72,6,6
43356,87,102,-15,15
43357,129,103,26,26
43358,97,82,15,15
43359,129,131,-2,2
43360,69,66,3,3
43361,84,76,8,8
43362,122,99,23,23
43363,158,129,29,29
43364,77,76,1,1
43365,86,87,-1,1
43366,100,94,6,6
43367,93,89,4,4
43368,117,102,15,15
43369,139,111,28,28
43370,100,83,17,17
43371,162,137,25,25
43372,68,64,4,4
43373,68,63,5,5
43374,85,70,15,15
43375,105,87,18,18
43376,174,140,34,34
43377,85,78,7,7
43378,108,89,19,19
43379,67,64,3,3
43380,115,101,14,14
43381,63,57,6,6
43382,107,93,14,14
43383,99,104,-5,5
43384,52,51,1,1
43385,87,77,10,10
43386,125,95,30,30
43387,64,53,11,11
43388,101,90,11,11
43389,118,106,12,12
43390,129,114,15,15
43391,100,91,9,9
43392,71,60,11,11
43393,70,64,6,6
43394,70,75,-5,5
43395,101,76,25,25
43396,71,70,1,1
43397,70,64,6,6
43398,115,100,15,15
43399,56,53,3,3
43400,106,102,4,4
43401,125,109,16,16
43402,104,93,11,11
43403,84,74,10,10
43404,64,62,2,2
43405,82,77,5,5
43406,99,95,4,4
43407,167,145,22,22
43408,107,105,2,2
43409,91,82,9,9
43410,83,78,5,5
43411,89,69,20,20
43412,92,81,11,11
43413,114,96,18,18
43414,126,95,31,31
43415,133,111,22,22
43416,51,52,-1,1
43417,87,73,14,14
43418,67,60,7,7
43419,67,60,7,7
43420,142,116,26,26
43421,139,115,24,24
43422,125,99,26,26
43423,81,68,13,13
43424,210,166,44,44
43425,113,98,15,15
43426,57,66,-9,9
43427,94,87,7,7
43428,121,89,32,32
43429,107,96,11,11
43430,38,43,-5,5
43431,81,77,4,4
43432,126,99,27,27
43433,248,208,40,40
43434,92,81,11,11
43435,153,132,21,21
43436,127,115,12,12
43437,45,46,-1,1
43438,81,92,-11,11
43439,164,140,24,24
43440,140,127,13,13
43441,114,101,13,13
43442,115,103,12,12
43443,87,74,13,13
43444,57,55,2,2
43445,51,44,7,7
43446,95,96,-1,1
43447,33,41,-8,8
43448,128,108,20,20
43449,101,86,15,15
43450,75,70,5,5
43451,138,122,16,16
43452,136,109,27,27
43453,63,81,-18,18
43454,80,64,16,16
43455,90,92,-2,2
43456,47,44,3,3
43457,96,88,8,8
43458,62,56,6,6
43459,98,84,14,14
43460,140,123,17,17
43461,84,69,15,15
43462,143,133,10,10
43463,84,78,6,6
43464,151,137,14,14
43465,87,69,18,18
43466,107,102,5,5
43467,118,98,20,20
43468,60,59,1,1
43469,82,78,4,4
43470,167,143,24,24
43471,110,88,22,22
43472,98,86,12,12
43473,83,76,7,7
43474,76,66,10,10
43475,93,88,5,5
43476,102,91,11,11
43477,76,61,15,15
43478,76,71,5,5
43479,115,99,16,16
43480,77,73,4,4
43481,98,85,13,13
43482,149,126,23,23
43483,78,69,9,9
43484,119,112,7,7
43485,121,104,17,17
43486,46,70,-24,24
43487,67,68,-1,1
43488,129,104,25,25
43489,114,106,8,8
43490,73,68,5,5
43491,118,104,14,14
43492,90,85,5,5
43493,165,148,17,17
43494,147,127,20,20
43495,52,44,8,8
43496,111,106,5,5
43497,160,127,33,33
43498,88,84,4,4
43499,105,94,11,11
43500,105,85,20,20
43501,90,84,6,6
43502,120,109,11,11
43503,89,70,19,19
43504,79,72,7,7
43505,82,84,-2,2
43506,122,113,9,9
43507,96,84,12,12
43508,48,48,0,0
43509,70,59,11,11
43510,65,68,-3,3
43511,78,72,6,6
43512,133,120,13,13
43513,48,47,1,1
43514,90,80,10,10
43515,54,53,1,1
43516,104,83,21,21
43517,91,74,17,17
43518,112,96,16,16
43519,63,63,0,0
43520,113,98,15,15
43521,99,78,21,21
43522,100,89,11,11
43523,69,62,7,7
43524,122,104,18,18
43525,84,77,7,7
43526,119,93,26,26
43527,103,86,17,17
43528,91,93,-2,2
43529,55,54,1,1
43530,64,60,4,4
43531,87,74,13,13
43532,220,183,37,37
43533,85,80,5,5
43534,63,62,1,1
43535,64,59,5,5
43536,109,117,-8,8
43537,80,69,11,11
43538,91,77,14,14
43539,146,131,15,15
43540,125,112,13,13
43541,130,119,11,11
43542,127,126,1,1
43543,113,90,23,23
43544,125,112,13,13
43545,84,76,8,8
43546,111,96,15,15
43547,138,114,24,24
43548,47,48,-1,1
43549,75,74,1,1
43550,98,98,0,0
43551,163,137,26,26
43552,140,113,27,27
43553,50,41,9,9
43554,77,69,8,8
43555,64,55,9,9
43556,76,68,8,8
43557,108,96,12,12
43558,53,45,8,8
43559,65,67,-2,2
43560,197,165,32,32
43561,182,154,28,28
43562,71,64,7,7
43563,134,104,30,30
43564,126,105,21,21
43565,54,55,-1,1
43566,132,124,8,8
43567,86,73,13,13
43568,106,96,10,10
43569,53,56,-3,3
43570,87,82,5,5
43571,80,74,6,6
43572,150,134,16,16
43573,49,45,4,4
43574,137,96,41,41
43575,51,50,1,1
43576,90,73,17,17
43577,125,108,17,17
43578,110,102,8,8
43579,112,105,7,7
43580,51,50,1,1
43581,105,85,20,20
43582,110,101,9,9
43583,93,87,6,6
43584,169,141,28,28
43585,97,71,26,26
43586,97,74,23,23
43587,89,83,6,6
43588,75,69,6,6
43589,119,104,15,15
43590,93,85,8,8
43591,53,55,-2,2
43592,121,95,26,26
43593,61,71,-10,10
43594,98,94,4,4
43595,92,82,10,10
43596,63,56,7,7
43597,101,78,23,23
43598,180,145,35,35
43599,70,65,5,5
43600,66,62,4,4
43601,121,167,-46,46
43602,100,89,11,11
43603,151,132,19,19
43604,44,60,-16,16
43605,93,83,10,10
43606,79,66,13,13
43607,133,108,25,25
43608,51,45,6,6
43609,111,99,12,12
43610,83,74,9,9
43611,93,89,4,4
43612,78,64,14,14
43613,75,67,8,8
43614,133,117,16,16
43615,128,104,24,24
43616,98,98,0,0
43617,137,115,22,22
43618,79,78,1,1
43619,90,77,13,13
43620,62,64,-2,2
43621,170,149,21,21
43622,123,108,15,15
43623,57,58,-1,1
43624,87,88,-1,1
43625,35,45,-10,10
43626,76,76,0,0
43627,95,75,20,20
43628,63,61,2,2
43629,74,64,10,10
43630,125,119,6,6
43631,115,105,10,10
43632,63,57,6,6
43633,141,122,19,19
43634,78,71,7,7
43635,71,64,7,7
43636,90,78,12,12
43637,235,193,42,42
43638,118,98,20,20
43639,65,66,-1,1
43640,98,83,15,15
43641,97,96,1,1
43642,48,53,-5,5
43643,110,100,10,10
43644,96,85,11,11
43645,119,100,19,19
43646,141,122,19,19
43647,80,73,7,7
43648,88,100,-12,12
43649,93,85,8,8
43650,141,120,21,21
43651,59,81,-22,22
43652,98,87,11,11
43653,66,68,-2,2
43654,91,84,7,7
43655,90,77,13,13
43656,111,101,10,10
43657,96,86,10,10
43658,103,88,15,15
43659,59,52,7,7
43660,68,66,2,2
43661,73,65,8,8
43662,60,60,0,0
43663,75,80,-5,5
43664,65,64,1,1
43665,91,82,9,9
43666,53,54,-1,1
43667,97,90,7,7
43668,66,57,9,9
43669,94,88,6,6
43670,97,83,14,14
43671,81,72,9,9
43672,134,115,19,19
43673,96,94,2,2
43674,115,106,9,9
43675,51,70,-19,19
43676,75,69,6,6
43677,157,126,31,31
43678,86,80,6,6
43679,147,135,12,12
43680,85,77,8,8
43681,88,83,5,5
43682,46,46,0,0
43683,119,108,11,11
43684,109,92,17,17
43685,142,129,13,13
43686,95,88,7,7
43687,93,90,3,3
43688,79,70,9,9
43689,142,125,17,17
43690,83,79,4,4
43691,93,82,11,11
43692,149,109,40,40
43693,114,90,24,24
43694,99,80,19,19
43695,125,112,13,13
43696,116,92,24,24
43697,131,120,11,11
43698,103,85,18,18
43699,79,65,14,14
43700,171,148,23,23
43701,69,69,0,0
43702,78,79,-1,1
43703,67,72,-5,5
43704,82,73,9,9
43705,110,104,6,6
43706,171,141,30,30
43707,46,42,4,4
43708,60,57,3,3
43709,179,145,34,34
43710,68,63,5,5
43711,66,56,10,10
43712,67,60,7,7
43713,87,95,-8,8
43714,61,57,4,4
43715,61,58,3,3
43716,122,115,7,7
43717,96,85,11,11
43718,106,83,23,23
43719,54,51,3,3
43720,76,71,5,5
43721,111,102,9,9
43722,44,46,-2,2
43723,163,139,24,24
43724,71,56,15,15
43725,74,68,6,6
43726,97,90,7,7
43727,134,115,19,19
43728,82,68,14,14
43729,79,90,-11,11
43730,138,112,26,26
43731,82,86,-4,4
43732,152,131,21,21
43733,111,105,6,6
43734,123,105,18,18
43735,77,63,14,14
43736,146,123,23,23
43737,82,72,10,10
43738,69,66,3,3
43739,91,90,1,1
43740,166,138,28,28
43741,53,50,3,3
43742,71,64,7,7
43743,84,73,11,11
43744,68,69,-1,1
43745,94,94,0,0
43746,101,118,-17,17
43747,106,92,14,14
43748,93,79,14,14
43749,69,66,3,3
43750,136,109,27,27
43751,90,82,8,8
43752,87,69,18,18
43753,64,54,10,10
43754,62,88,-26,26
43755,77,77,0,0
43756,47,60,-13,13
43757,122,107,15,15
43758,67,65,2,2
43759,87,86,1,1
43760,84,68,16,16
43761,68,66,2,2
43762,60,61,-1,1
43763,75,67,8,8
43764,90,77,13,13
43765,69,76,-7,7
43766,77,67,10,10
43767,82,70,12,12
43768,127,111,16,16
43769,58,56,2,2
43770,151,129,22,22
43771,125,121,4,4
43772,114,100,14,14
43773,106,100,6,6
43774,85,78,7,7
43775,92,83,9,9
43776,70,62,8,8
43777,124,110,14,14
43778,97,91,6,6
43779,71,70,1,1
43780,146,131,15,15
43781,93,86,7,7
43782,91,76,15,15
43783,63,58,5,5
43784,60,54,6,6
43785,84,91,-7,7
43786,192,172,20,20
43787,93,77,16,16
43788,133,110,23,23
43789,95,83,12,12
43790,65,57,8,8
43791,81,83,-2,2
43792,107,100,7,7
43793,131,108,23,23
43794,130,125,5,5
43795,68,58,10,10
43796,77,72,5,5
43797,112,105,7,7
43798,67,68,-1,1
43799,91,82,9,9
43800,90,78,12,12
43801,125,113,12,12
43802,69,59,10,10
43803,106,95,11,11
43804,110,89,21,21
43805,65,62,3,3
43806,87,77,10,10
43807,60,48,12,12
43808,91,76,15,15
43809,153,125,28,28
43810,95,85,10,10
43811,150,128,22,22
43812,61,62,-1,1
43813,169,159,10,10
43814,76,71,5,5
43815,93,85,8,8
43816,75,64,11,11
43817,76,77,-1,1
43818,85,90,-5,5
43819,63,63,0,0
43820,86,79,7,7
43821,111,96,15,15
43822,81,71,10,10
43823,225,158,67,67
43824,49,37,12,12
43825,90,82,8,8
43826,67,62,5,5
43827,109,102,7,7
43828,103,85,18,18
43829,73,64,9,9
43830,137,121,16,16
43831,93,85,8,8
43832,68,64,4,4
43833,82,94,-12,12
43834,66,66,0,0
43835,110,84,26,26
43836,170,151,19,19
43837,104,90,14,14
43838,73,71,2,2
43839,137,115,22,22
43840,55,48,7,7
43841,52,56,-4,4
43842,95,83,12,12
43843,48,47,1,1
43844,67,69,-2,2
43845,64,59,5,5
43846,71,64,7,7
43847,77,69,8,8
43848,66,56,10,10
43849,78,70,8,8
43850,71,69,2,2
43851,117,106,11,11
43852,83,67,16,16
43853,43,45,-2,2
43854,100,86,14,14
43855,50,53,-3,3
43856,140,125,15,15
43857,86,91,-5,5
43858,63,57,6,6
43859,91,81,10,10
43860,113,100,13,13
43861,63,59,4,4
43862,61,53,8,8
43863,78,79,-1,1
43864,34,45,-11,11
43865,90,94,-4,4
43866,47,40,7,7
43867,64,64,0,0
43868,58,60,-2,2
43869,116,110,6,6
43870,117,104,13,13
43871,84,83,1,1
43872,105,98,7,7
43873,86,78,8,8
43874,68,59,9,9
43875,131,122,9,9
43876,77,74,3,3
43877,76,64,12,12
43878,117,98,19,19
43879,97,84,13,13
43880,123,107,16,16
43881,98,92,6,6
43882,71,65,6,6
43883,127,110,17,17
43884,56,49,7,7
43885,122,99,23,23
43886,49,53,-4,4
43887,60,59,1,1
43888,115,99,16,16
43889,78,75,3,3
43890,46,47,-1,1
43891,119,106,13,13
43892,129,127,2,2
43893,66,58,8,8
43894,142,124,18,18
43895,79,67,12,12
43896,71,70,1,1
43897,144,123,21,21
43898,106,100,6,6
43899,77,70,7,7
43900,74,73,1,1
43901,69,62,7,7
43902,88,74,14,14
43903,59,56,3,3
43904,123,107,16,16
43905,54,53,1,1
43906,43,44,-1,1
43907,155,134,21,21
43908,68,64,4,4
43909,131,119,12,12
43910,146,125,21,21
43911,102,75,27,27
43912,80,75,5,5
43913,57,59,-2,2
43914,81,73,8,8
43915,104,105,-1,1
43916,39,37,2,2
43917,78,76,2,2
43918,112,99,13,13
43919,44,76,-32,32
43920,79,69,10,10
43921,132,115,17,17
43922,117,105,12,12
43923,80,76,4,4
43924,88,72,16,16
43925,61,55,6,6
43926,57,46,11,11
43927,123,111,12,12
43928,60,57,3,3
43929,113,96,17,17
43930,64,63,1,1
43931,101,83,18,18
43932,143,123,20,20
43933,71,70,1,1
43934,80,67,13,13
43935,70,60,10,10
43936,45,45,0,0
43937,44,48,-4,4
43938,92,80,12,12
43939,67,65,2,2
43940,63,51,12,12
43941,139,116,23,23
43942,127,106,21,21
43943,69,60,9,9
43944,136,115,21,21
43945,109,106,3,3
43946,120,105,15,15
43947,63,56,7,7
43948,50,50,0,0
43949,97,82,15,15
43950,103,84,19,19
43951,89,77,12,12
43952,85,68,17,17
43953,173,145,28,28
43954,128,114,14,14
43955,171,152,19,19
43956,49,43,6,6
43957,99,78,21,21
43958,129,123,6,6
43959,85,81,4,4
43960,102,89,13,13
43961,124,111,13,13
43962,122,101,21,21
43963,137,117,20,20
43964,89,91,-2,2
43965,51,46,5,5
43966,81,91,-10,10
43967,88,73,15,15
43968,76,72,4,4
43969,111,107,4,4
43970,86,78,8,8
43971,131,111,20,20
43972,23,30,-7,7
43973,109,97,12,12
43974,84,76,8,8
43975,101,91,10,10
43976,139,122,17,17
43977,58,70,-12,12
43978,71,67,4,4
43979,95,75,20,20
43980,70,62,8,8
43981,65,64,1,1
43982,95,80,15,15
43983,109,91,18,18
43984,57,54,3,3
43985,103,89,14,14
43986,184,142,42,42
43987,80,70,10,10
43988,103,91,12,12
43989,94,113,-19,19
43990,62,56,6,6
43991,110,81,29,29
43992,109,101,8,8
43993,47,48,-1,1
43994,107,102,5,5
43995,184,145,39,39
43996,122,124,-2,2
43997,155,138,17,17
43998,66,65,1,1
43999,63,55,8,8
44000,104,105,-1,1
44001,100,82,18,18
44002,82,92,-10,10
44003,162,143,19,19
44004,122,111,11,11
44005,78,116,-38,38
44006,71,59,12,12
44007,131,98,33,33
44008,113,92,21,21
44009,84,80,4,4
44010,65,57,8,8
44011,81,78,3,3
44012,93,73,20,20
44013,67,64,3,3
44014,148,116,32,32
44015,72,71,1,1
44016,106,86,20,20
44017,79,81,-2,2
44018,113,102,11,11
44019,66,58,8,8
44020,68,62,6,6
44021,63,58,5,5
44022,81,88,-7,7
44023,117,100,17,17
44024,70,97,-27,27
44025,78,70,8,8
44026,165,153,12,12
44027,40,37,3,3
44028,85,82,3,3
44029,73,101,-28,28
44030,104,89,15,15
44031,129,105,24,24
44032,116,95,21,21
44033,115,99,16,16
44034,82,71,11,11
44035,84,81,3,3
44036,82,79,3,3
44037,29,60,-31,31
44038,64,67,-3,3
44039,66,52,14,14
44040,114,101,13,13
44041,146,119,27,27
44042,65,55,10,10
44043,42,39,3,3
44044,157,143,14,14
44045,89,78,11,11
44046,116,115,1,1
44047,54,49,5,5
44048,77,68,9,9
44049,79,76,3,3
44050,137,117,20,20
44051,67,60,7,7
44052,105,99,6,6
44053,149,115,34,34
44054,57,55,2,2
44055,104,101,3,3
44056,89,88,1,1
44057,82,80,2,2
44058,106,111,-5,5
44059,191,164,27,27
44060,87,76,11,11
44061,58,54,4,4
44062,114,98,16,16
44063,114,105,9,9
44064,118,99,19,19
44065,159,136,23,23
44066,58,52,6,6
44067,95,86,9,9
44068,74,68,6,6
44069,135,107,28,28
44070,134,120,14,14
44071,87,74,13,13
44072,130,104,26,26
44073,119,106,13,13
44074,142,117,25,25
44075,152,130,22,22
44076,105,90,15,15
44077,63,58,5,5
44078,92,82,10,10
44079,75,65,10,10
44080,96,84,12,12
44081,75,61,14,14
44082,56,49,7,7
44083,72,65,7,7
44084,89,94,-5,5
44085,58,58,0,0
44086,76,68,8,8
44087,90,102,-12,12
44088,73,74,-1,1
44089,78,71,7,7
44090,110,107,3,3
44091,174,140,34,34
44092,104,81,23,23
44093,94,89,5,5
44094,165,134,31,31
44095,107,89,18,18
44096,78,70,8,8
44097,90,78,12,12
44098,124,109,15,15
44099,129,103,26,26
44100,66,58,8,8
44101,73,71,2,2
44102,139,126,13,13
44103,72,71,1,1
44104,140,119,21,21
44105,93,87,6,6
44106,135,116,19,19
44107,56,51,5,5
44108,76,66,10,10
44109,102,85,17,17
44110,102,95,7,7
44111,130,109,21,21
44112,152,137,15,15
44113,76,68,8,8
44114,178,157,21,21
44115,85,69,16,16
44116,78,67,11,11
44117,97,102,-5,5
44118,113,113,0,0
44119,81,77,4,4
44120,65,68,-3,3
44121,42,48,-6,6
44122,72,76,-4,4
44123,115,101,14,14
44124,80,77,3,3
44125,39,35,4,4
44126,85,72,13,13
44127,101,84,17,17
44128,158,136,22,22
44129,91,84,7,7
44130,68,63,5,5
44131,112,107,5,5
44132,161,142,19,19
44133,147,132,15,15
44134,63,62,1,1
44135,60,76,-16,16
44136,84,76,8,8
44137,112,99,13,13
44138,129,108,21,21
44139,136,124,12,12
44140,130,114,16,16
44141,74,68,6,6
44142,111,97,14,14
44143,118,106,12,12
44144,60,53,7,7
44145,59,65,-6,6
44146,90,82,8,8
44147,72,71,1,1
44148,118,105,13,13
44149,63,57,6,6
44150,91,78,13,13
44151,106,100,6,6
44152,89,82,7,7
44153,111,99,12,12
44154,131,118,13,13
44155,85,83,2,2
44156,97,90,7,7
44157,41,40,1,1
44158,104,97,7,7
44159,137,128,9,9
44160,110,93,17,17
44161,50,74,-24,24
44162,143,112,31,31
44163,110,97,13,13
44164,79,75,4,4
44165,79,74,5,5
44166,71,71,0,0
44167,116,107,9,9
44168,89,77,12,12
44169,85,80,5,5
44170,62,63,-1,1
44171,105,86,19,19
44172,110,100,10,10
44173,68,72,-4,4
44174,125,114,11,11
44175,120,102,18,18
44176,118,103,15,15
44177,63,57,6,6
44178,42,43,-1,1
44179,49,52,-3,3
44180,96,84,12,12
44181,107,98,9,9
44182,108,102,6,6
44183,94,83,11,11
44184,89,78,11,11
44185,117,102,15,15
44186,120,109,11,11
44187,71,65,6,6
44188,71,67,4,4
44189,58,58,0,0
44190,90,91,-1,1
44191,118,99,19,19
44192,43,60,-17,17
44193,78,70,8,8
44194,159,133,26,26
44195,99,99,0,0
44196,92,86,6,6
44197,148,120,28,28
44198,97,76,21,21
44199,84,81,3,3
44200,45,45,0,0
44201,63,62,1,1
44202,117,98,19,19
44203,122,107,15,15
44204,115,98,17,17
44205,110,94,16,16
44206,114,97,17,17
44207,71,65,6,6
44208,132,122,10,10
44209,73,65,8,8
44210,137,115,22,22
44211,79,72,7,7
44212,79,70,9,9
44213,106,93,13,13
44214,99,82,17,17
44215,77,91,-14,14
44216,127,116,11,11
44217,96,82,14,14
44218,66,59,7,7
44219,63,59,4,4
44220,95,87,8,8
44221,97,84,13,13
44222,42,39,3,3
44223,60,43,17,17
44224,59,59,0,0
44225,66,58,8,8
44226,140,100,40,40
44227,64,61,3,3
44228,72,65,7,7
44229,85,74,11,11
44230,119,89,30,30
44231,99,84,15,15
44232,133,108,25,25
44233,75,72,3,3
44234,66,58,8,8
44235,102,87,15,15
44236,63,63,0,0
44237,133,114,19,19
44238,144,124,20,20
44239,141,112,29,29
44240,97,90,7,7
44241,90,87,3,3
44242,124,111,13,13
44243,123,110,13,13
44244,191,152,39,39
44245,62,53,9,9
44246,58,57,1,1
44247,98,81,17,17
44248,113,101,12,12
44249,107,89,18,18
44250,106,96,10,10
44251,95,84,11,11
44252,144,122,22,22
44253,50,46,4,4
44254,195,155,40,40
44255,122,100,22,22
44256,97,81,16,16
44257,71,58,13,13
44258,153,131,22,22
44259,67,64,3,3
44260,51,49,2,2
44261,65,65,0,0
44262,78,70,8,8
44263,87,75,12,12
44264,72,70,2,2
44265,81,70,11,11
44266,149,130,19,19
44267,119,92,27,27
44268,102,82,20,20
44269,93,82,11,11
44270,116,102,14,14
44271,125,108,17,17
44272,138,113,25,25
44273,75,75,0,0
44274,100,88,12,12
44275,107,84,23,23
44276,91,105,-14,14
44277,135,118,17,17
44278,47,48,-1,1
44279,95,78,17,17
44280,88,90,-2,2
44281,71,62,9,9
44282,110,113,-3,3
44283,108,95,13,13
44284,49,56,-7,7
44285,48,47,1,1
44286,93,81,12,12
44287,94,87,7,7
44288,140,122,18,18
44289,68,48,20,20
44290,79,78,1,1
44291,147,127,20,20
44292,107,86,21,21
44293,77,70,7,7
44294,87,80,7,7
44295,183,159,24,24
44296,123,103,20,20
44297,143,118,25,25
44298,94,83,11,11
44299,96,81,15,15
44300,85,82,3,3
44301,112,99,13,13
44302,82,76,6,6
44303,103,92,11,11
44304,98,91,7,7
44305,104,97,7,7
44306,81,69,12,12
44307,57,54,3,3
44308,113,113,0,0
44309,80,71,9,9
44310,117,103,14,14
44311,68,58,10,10
44312,76,68,8,8
44313,69,78,-9,9
44314,86,86,0,0
44315,107,83,24,24
44316,63,57,6,6
44317,127,111,16,16
44318,87,76,11,11
44319,82,74,8,8
44320,92,80,12,12
44321,78,74,4,4
44322,117,97,20,20
44323,93,100,-7,7
44324,116,106,10,10
44325,51,52,-1,1
44326,80,68,12,12
44327,126,115,11,11
44328,48,56,-8,8
44329,183,161,22,22
44330,61,58,3,3
44331,128,116,12,12
44332,95,77,18,18
44333,107,85,22,22
44334,87,84,3,3
44335,136,122,14,14
44336,49,50,-1,1
44337,77,65,12,12
44338,114,101,13,13
44339,139,111,28,28
44340,90,83,7,7
44341,164,156,8,8
44342,124,118,6,6
44343,115,105,10,10
44344,111,93,18,18
44345,144,125,19,19
44346,72,73,-1,1
44347,121,107,14,14
44348,131,107,24,24
44349,99,95,4,4
44350,55,57,-2,2
44351,125,104,21,21
44352,43,44,-1,1
44353,75,63,12,12
44354,71,63,8,8
44355,62,60,2,2
44356,86,77,9,9
44357,78,70,8,8
44358,101,89,12,12
44359,81,75,6,6
44360,144,118,26,26
44361,121,96,25,25
44362,84,77,7,7
44363,91,78,13,13
44364,108,114,-6,6
44365,84,74,10,10
44366,96,81,15,15
44367,130,116,14,14
44368,53,49,4,4
44369,111,107,4,4
44370,65,52,13,13
44371,138,114,24,24
44372,39,37,2,2
44373,54,55,-1,1
44374,48,42,6,6
44375,62,57,5,5
44376,110,99,11,11
44377,88,79,9,9
44378,92,76,16,16
44379,124,105,19,19
44380,86,77,9,9
44381,89,88,1,1
44382,96,91,5,5
44383,50,49,1,1
44384,92,76,16,16
44385,70,67,3,3
44386,101,91,10,10
44387,143,121,22,22
44388,128,127,1,1
44389,83,75,8,8
44390,59,57,2,2
44391,131,113,18,18
44392,79,67,12,12
44393,66,61,5,5
44394,110,89,21,21
44395,99,88,11,11
44396,100,96,4,4
44397,92,83,9,9
44398,115,94,21,21
44399,87,71,16,16
44400,105,86,19,19
44401,77,71,6,6
44402,93,85,8,8
44403,124,108,16,16
44404,71,69,2,2
44405,68,61,7,7
44406,107,101,6,6
44407,130,112,18,18
44408,32,39,-7,7
44409,96,97,-1,1
44410,82,67,15,15
44411,73,63,10,10
44412,57,78,-21,21
44413,60,59,1,1
44414,61,56,5,5
44415,127,103,24,24
44416,67,56,11,11
44417,148,120,28,28
44418,111,94,17,17
44419,119,98,21,21
44420,86,72,14,14
44421,88,77,11,11
44422,68,62,6,6
44423,65,64,1,1
44424,64,65,-1,1
44425,158,125,33,33
44426,144,114,30,30
44427,91,89,2,2
44428,63,59,4,4
44429,88,83,5,5
44430,122,97,25,25
44431,51,53,-2,2
44432,124,118,6,6
44433,118,92,26,26
44434,49,44,5,5
44435,94,77,17,17
44436,69,65,4,4
44437,168,139,29,29
44438,79,76,3,3
44439,70,67,3,3
44440,199,172,27,27
44441,43,50,-7,7
44442,85,79,6,6
44443,51,48,3,3
44444,135,111,24,24
44445,57,68,-11,11
44446,191,173,18,18
44447,94,91,3,3
44448,109,101,8,8
44449,76,67,9,9
44450,175,153,22,22
44451,126,114,12,12
44452,143,120,23,23
44453,101,89,12,12
44454,50,69,-19,19
44455,84,80,4,4
44456,94,81,13,13
44457,110,97,13,13
44458,170,129,41,41
44459,149,125,24,24
44460,94,86,8,8
44461,102,93,9,9
44462,118,120,-2,2
44463,112,103,9,9
44464,108,99,9,9
44465,58,54,4,4
44466,39,103,-64,64
44467,112,94,18,18
44468,107,108,-1,1
44469,61,54,7,7
44470,99,86,13,13
44471,62,69,-7,7
44472,119,100,19,19
44473,105,88,17,17
44474,93,75,18,18
44475,109,97,12,12
44476,132,113,19,19
44477,83,96,-13,13
44478,46,47,-1,1
44479,170,141,29,29
44480,217,164,53,53
44481,119,107,12,12
44482,140,138,2,2
44483,106,93,13,13
44484,100,90,10,10
44485,61,56,5,5
44486,111,115,-4,4
44487,117,93,24,24
44488,68,71,-3,3
44489,94,85,9,9
44490,74,66,8,8
44491,109,106,3,3
44492,98,103,-5,5
44493,103,87,16,16
44494,78,78,0,0
44495,80,74,6,6
44496,83,79,4,4
44497,76,75,1,1
44498,110,98,12,12
44499,152,128,24,24
44500,81,63,18,18
44501,133,122,11,11
44502,66,58,8,8
44503,102,87,15,15
44504,102,91,11,11
44505,53,48,5,5
44506,139,125,14,14
44507,133,107,26,26
44508,57,54,3,3
44509,61,53,8,8
44510,116,95,21,21
44511,97,84,13,13
44512,187,150,37,37
44513,62,54,8,8
44514,102,86,16,16
44515,62,63,-1,1
44516,48,42,6,6
44517,108,104,4,4
44518,68,59,9,9
44519,112,101,11,11
44520,154,127,27,27
44521,76,71,5,5
44522,110,106,4,4
44523,89,83,6,6
44524,128,110,18,18
44525,61,63,-2,2
44526,60,62,-2,2
44527,143,130,13,13
44528,107,100,7,7
44529,76,60,16,16
44530,79,74,5,5
44531,65,58,7,7
44532,104,96,8,8
44533,145,123,22,22
44534,86,69,17,17
44535,83,74,9,9
44536,88,89,-1,1
44537,178,147,31,31
44538,116,108,8,8
44539,105,109,-4,4
44540,72,72,0,0
44541,77,70,7,7
44542,56,61,-5,5
44543,109,87,22,22
44544,45,42,3,3
44545,106,89,17,17
44546,42,40,2,2
44547,118,104,14,14
44548,102,86,16,16
44549,47,67,-20,20
44550,70,67,3,3
44551,103,91,12,12
44552,123,118,5,5
44553,170,143,27,27
44554,124,119,5,5
44555,98,94,4,4
44556,57,62,-5,5
44557,122,116,6,6
44558,59,54,5,5
44559,107,92,15,15
44560,73,63,10,10
44561,65,61,4,4
44562,53,48,5,5
44563,152,126,26,26
44564,81,73,8,8
44565,87,75,12,12
44566,77,65,12,12
44567,129,118,11,11
44568,165,142,23,23
44569,111,102,9,9
44570,108,97,11,11
44571,67,65,2,2
44572,78,71,7,7
44573,105,89,16,16
44574,72,62,10,10
44575,75,76,-1,1
44576,85,72,13,13
44577,57,52,5,5
44578,115,114,1,1
44579,74,65,9,9
44580,170,149,21,21
44581,90,87,3,3
44582,85,78,7,7
44583,65,65,0,0
44584,45,43,2,2
44585,160,127,33,33
44586,160,139,21,21
44587,99,92,7,7
44588,62,65,-3,3
44589,121,106,15,15
44590,129,109,20,20
44591,98,92,6,6
44592,104,93,11,11
44593,69,63,6,6
44594,75,64,11,11
44595,95,82,13,13
44596,118,106,12,12
44597,94,117,-23,23
44598,100,95,5,5
44599,129,106,23,23
44600,118,107,11,11
44601,57,142,-85,85
44602,68,62,6,6
44603,123,112,11,11
44604,93,78,15,15
44605,53,54,-1,1
44606,92,81,11,11
44607,78,72,6,6
44608,175,135,40,40
44609,115,115,0,0
44610,70,68,2,2
44611,161,130,31,31
44612,61,58,3,3
44613,64,56,8,8
44614,86,81,5,5
44615,84,77,7,7
44616,152,119,33,33
44617,116,102,14,14
44618,53,53,0,0
44619,57,56,1,1
44620,68,68,0,0
44621,178,150,28,28
44622,93,79,14,14
44623,120,102,18,18
44624,136,120,16,16
44625,39,43,-4,4
44626,102,91,11,11
44627,167,150,17,17
44628,65,59,6,6
44629,50,55,-5,5
44630,80,69,11,11
44631,126,102,24,24
44632,67,61,6,6
44633,59,61,-2,2
44634,116,100,16,16
44635,95,85,10,10
44636,57,54,3,3
44637,75,76,-1,1
44638,99,88,11,11
44639,94,83,11,11
44640,65,57,8,8
44641,90,81,9,9
44642,126,98,28,28
44643,86,84,2,2
44644,103,92,11,11
44645,92,92,0,0
44646,120,105,15,15
44647,86,76,10,10
44648,19,23,-4,4
44649,138,118,20,20
44650,86,78,8,8
44651,126,104,22,22
44652,103,97,6,6
44653,89,77,12,12
44654,71,66,5,5
44655,63,55,8,8
44656,76,71,5,5
44657,154,133,21,21
44658,64,57,7,7
44659,73,66,7,7
44660,61,60,1,1
44661,57,59,-2,2
44662,142,130,12,12
44663,193,161,32,32
44664,58,69,-11,11
44665,89,88,1,1
44666,88,80,8,8
44667,121,104,17,17
44668,110,96,14,14
44669,116,96,20,20
44670,100,82,18,18
44671,62,56,6,6
44672,100,96,4,4
44673,146,111,35,35
44674,33,37,-4,4
44675,105,96,9,9
44676,93,84,9,9
44677,48,53,-5,5
44678,74,73,1,1
44679,55,50,5,5
44680,77,65,12,12
44681,83,72,11,11
44682,162,138,24,24
44683,59,54,5,5
44684,196,167,29,29
44685,95,79,16,16
44686,64,58,6,6
44687,107,98,9,9
44688,163,135,28,28
44689,78,67,11,11
44690,66,69,-3,3
44691,62,70,-8,8
44692,109,90,19,19
44693,77,71,6,6
44694,125,105,20,20
44695,103,87,16,16
44696,81,69,12,12
44697,50,47,3,3
44698,116,118,-2,2
44699,70,75,-5,5
44700,68,60,8,8
44701,96,83,13,13
44702,155,120,35,35
44703,128,117,11,11
44704,75,70,5,5
44705,116,102,14,14
44706,88,81,7,7
44707,100,82,18,18
44708,73,68,5,5
44709,140,124,16,16
44710,106,95,11,11
44711,87,82,5,5
44712,78,78,0,0
44713,92,80,12,12
44714,109,92,17,17
44715,69,69,0,0
44716,174,145,29,29
44717,60,55,5,5
44718,61,54,7,7
44719,59,58,1,1
44720,124,108,16,16
44721,85,72,13,13
44722,136,104,32,32
44723,118,110,8,8
44724,81,77,4,4
44725,80,73,7,7
44726,69,60,9,9
44727,60,58,2,2
44728,63,61,2,2
44729,46,44,2,2
44730,61,57,4,4
44731,65,68,-3,3
44732,104,98,6,6
44733,144,117,27,27
44734,73,86,-13,13
44735,77,69,8,8
44736,96,85,11,11
44737,71,73,-2,2
44738,74,71,3,3
44739,60,59,1,1
44740,80,74,6,6
44741,74,71,3,3
44742,168,136,32,32
44743,145,118,27,27
44744,86,83,3,3
44745,137,119,18,18
44746,121,109,12,12
44747,91,73,18,18
44748,68,64,4,4
44749,78,65,13,13
44750,84,78,6,6
44751,150,127,23,23
44752,103,82,21,21
44753,79,72,7,7
44754,63,63,0,0
44755,70,62,8,8
44756,229,189,40,40
44757,130,127,3,3
44758,81,78,3,3
44759,112,89,23,23
44760,134,108,26,26
44761,82,76,6,6
44762,152,182,-30,30
44763,90,89,1,1
44764,105,108,-3,3
44765,138,120,18,18
44766,95,86,9,9
44767,86,72,14,14
44768,91,76,15,15
44769,58,69,-11,11
44770,130,106,24,24
44771,154,130,24,24
44772,69,67,2,2
44773,158,117,41,41
44774,136,116,20,20
44775,56,58,-2,2
44776,86,76,10,10
44777,49,44,5,5
44778,138,118,20,20
44779,100,89,11,11
44780,146,128,18,18
44781,56,50,6,6
44782,79,74,5,5
44783,53,47,6,6
44784,59,53,6,6
44785,64,55,9,9
44786,108,89,19,19
44787,66,68,-2,2
44788,117,107,10,10
44789,60,52,8,8
44790,51,46,5,5
44791,104,96,8,8
44792,92,103,-11,11
44793,87,72,15,15
44794,84,103,-19,19
44795,155,134,21,21
44796,100,104,-4,4
44797,43,41,2,2
44798,72,54,18,18
44799,124,122,2,2
44800,116,124,-8,8
44801,159,122,37,37
44802,91,92,-1,1
44803,71,61,10,10
44804,158,132,26,26
44805,71,67,4,4
44806,102,93,9,9
44807,117,101,16,16
44808,94,84,10,10
44809,79,78,1,1
44810,51,48,3,3
44811,63,55,8,8
44812,55,54,1,1
44813,152,117,35,35
44814,78,56,22,22
44815,54,49,5,5
44816,80,70,10,10
44817,59,54,5,5
44818,84,76,8,8
44819,110,95,15,15
44820,124,99,25,25
44821,92,76,16,16
44822,126,116,10,10
44823,130,109,21,21
44824,89,80,9,9
44825,109,94,15,15
44826,87,88,-1,1
44827,75,60,15,15
44828,225,186,39,39
44829,182,159,23,23
44830,82,76,6,6
44831,54,57,-3,3
44832,187,155,32,32
44833,128,118,10,10
44834,87,71,16,16
44835,92,75,17,17
44836,58,62,-4,4
44837,63,58,5,5
44838,100,84,16,16
44839,102,101,1,1
44840,46,49,-3,3
44841,89,89,0,0
44842,61,53,8,8
44843,134,119,15,15
44844,69,63,6,6
44845,118,101,17,17
44846,153,129,24,24
44847,115,98,17,17
44848,88,75,13,13
44849,91,82,9,9
44850,51,47,4,4
44851,68,75,-7,7
44852,155,128,27,27
44853,52,49,3,3
44854,71,67,4,4
44855,100,87,13,13
44856,81,70,11,11
44857,168,140,28,28
44858,80,69,11,11
44859,83,73,10,10
44860,90,86,4,4
44861,99,84,15,15
44862,45,44,1,1
44863,110,98,12,12
44864,118,92,26,26
44865,98,86,12,12
44866,162,134,28,28
44867,54,50,4,4
44868,80,74,6,6
44869,91,74,17,17
44870,81,67,14,14
44871,89,79,10,10
44872,58,53,5,5
44873,194,179,15,15
44874,78,75,3,3
44875,63,55,8,8
44876,61,60,1,1
44877,98,84,14,14
44878,95,84,11,11
44879,97,82,15,15
44880,96,99,-3,3
44881,89,77,12,12
44882,154,129,25,25
44883,51,48,3,3
44884,117,91,26,26
44885,42,48,-6,6
44886,92,79,13,13
44887,91,84,7,7
44888,162,149,13,13
44889,75,68,7,7
44890,104,96,8,8
44891,117,101,16,16
44892,74,75,-1,1
44893,52,48,4,4
44894,77,68,9,9
44895,83,67,16,16
44896,71,69,2,2
44897,57,52,5,5
44898,62,55,7,7
44899,114,99,15,15
44900,58,63,-5,5
44901,120,115,5,5
44902,74,68,6,6
44903,95,74,21,21
44904,63,62,1,1
44905,84,85,-1,1
44906,57,60,-3,3
44907,70,67,3,3
44908,71,72,-1,1
44909,71,57,14,14
44910,140,107,33,33
44911,116,108,8,8
44912,62,60,2,2
44913,96,95,1,1
44914,73,68,5,5
44915,79,70,9,9
44916,97,78,19,19
44917,80,63,17,17
44918,76,70,6,6
44919,67,61,6,6
44920,176,152,24,24
44921,71,75,-4,4
44922,89,79,10,10
44923,75,67,8,8
44924,142,115,27,27
44925,96,83,13,13
44926,70,68,2,2
44927,134,112,22,22
44928,123,107,16,16
44929,71,73,-2,2
44930,45,50,-5,5
44931,102,90,12,12
44932,130,115,15,15
44933,134,115,19,19
44934,71,72,-1,1
44935,111,112,-1,1
44936,134,110,24,24
44937,131,102,29,29
44938,136,143,-7,7
44939,116,100,16,16
44940,156,133,23,23
44941,139,111,28,28
44942,102,91,11,11
44943,69,70,-1,1
44944,81,70,11,11
44945,109,102,7,7
44946,94,82,12,12
44947,77,65,12,12
44948,173,157,16,16
44949,70,68,2,2
44950,77,73,4,4
44951,95,83,12,12
44952,96,84,12,12
44953,90,82,8,8
44954,47,66,-19,19
44955,116,111,5,5
44956,84,65,19,19
44957,62,62,0,0
44958,128,123,5,5
44959,83,72,11,11
44960,90,86,4,4
44961,86,79,7,7
44962,113,99,14,14
44963,153,119,34,34
44964,90,75,15,15
44965,96,90,6,6
44966,76,75,1,1
44967,73,69,4,4
44968,98,87,11,11
44969,23,40,-17,17
44970,57,56,1,1
44971,65,73,-8,8
44972,107,99,8,8
44973,140,125,15,15
44974,112,90,22,22
44975,149,142,7,7
44976,100,75,25,25
44977,100,88,12,12
44978,64,55,9,9
44979,89,76,13,13
44980,154,132,22,22
44981,53,48,5,5
44982,45,41,4,4
44983,61,60,1,1
44984,108,97,11,11
44985,88,69,19,19
44986,109,105,4,4
44987,143,111,32,32
44988,91,91,0,0
44989,102,93,9,9
44990,61,67,-6,6
44991,85,78,7,7
44992,121,96,25,25
44993,65,56,9,9
44994,56,50,6,6
44995,103,91,12,12
44996,111,88,23,23
44997,102,88,14,14
44998,99,81,18,18
44999,97,102,-5,5
45000,79,68,11,11
45001,139,116,23,23
45002,107,83,24,24
45003,166,154,12,12
45004,51,53,-2,2
45005,75,61,14,14
45006,113,97,16,16
45007,69,64,5,5
45008,129,116,13,13
45009,197,171,26,26
45010,104,94,10,10
45011,99,96,3,3
45012,86,71,15,15
45013,95,77,18,18
45014,138,117,21,21
45015,78,70,8,8
45016,47,77,-30,30
45017,56,53,3,3
45018,62,57,5,5
45019,64,63,1,1
45020,105,81,24,24
45021,104,88,16,16
45022,140,116,24,24
45023,84,87,-3,3
45024,126,117,9,9
45025,82,74,8,8
45026,75,67,8,8
45027,92,84,8,8
45028,77,71,6,6
45029,100,86,14,14
45030,140,125,15,15
45031,67,54,13,13
45032,117,109,8,8
45033,54,54,0,0
45034,81,75,6,6
45035,130,112,18,18
45036,100,87,13,13
45037,86,76,10,10
45038,57,59,-2,2
45039,115,96,19,19
45040,147,132,15,15
45041,86,75,11,11
45042,39,42,-3,3
45043,79,70,9,9
45044,89,85,4,4
45045,70,61,9,9
45046,73,71,2,2
45047,113,95,18,18
45048,99,91,8,8
45049,78,71,7,7
45050,132,120,12,12
45051,79,79,0,0
45052,143,120,23,23
45053,57,54,3,3
45054,49,48,1,1
45055,85,83,2,2
45056,49,70,-21,21
45057,96,78,18,18
45058,87,79,8,8
45059,151,111,40,40
45060,147,128,19,19
45061,94,88,6,6
45062,91,83,8,8
45063,56,51,5,5
45064,123,118,5,5
45065,188,148,40,40
45066,55,50,5,5
45067,117,96,21,21
45068,106,89,17,17
45069,109,105,4,4
45070,61,51,10,10
45071,46,51,-5,5
45072,62,57,5,5
45073,102,88,14,14
45074,62,55,7,7
45075,85,77,8,8
45076,89,79,10,10
45077,96,85,11,11
45078,132,112,20,20
45079,94,84,10,10
45080,118,94,24,24
45081,73,65,8,8
45082,69,66,3,3
45083,57,56,1,1
45084,86,81,5,5
45085,130,103,27,27
45086,144,121,23,23
45087,67,62,5,5
45088,64,90,-26,26
45089,85,71,14,14
45090,104,101,3,3
45091,109,94,15,15
45092,110,96,14,14
45093,129,105,24,24
45094,97,83,14,14
45095,85,78,7,7
45096,104,89,15,15
45097,77,76,1,1
45098,81,78,3,3
45099,97,82,15,15
45100,130,127,3,3
45101,67,61,6,6
45102,55,52,3,3
45103,92,78,14,14
45104,83,81,2,2
45105,135,126,9,9
45106,69,56,13,13
45107,109,99,10,10
45108,98,79,19,19
45109,95,81,14,14
45110,121,110,11,11
45111,80,67,13,13
45112,79,72,7,7
45113,123,114,9,9
45114,117,101,16,16
45115,59,59,0,0
45116,89,82,7,7
45117,82,74,8,8
45118,117,97,20,20
45119,69,67,2,2
45120,123,100,23,23
45121,57,60,-3,3
45122,87,71,16,16
45123,105,96,9,9
45124,108,96,12,12
45125,76,69,7,7
45126,74,93,-19,19
45127,84,68,16,16
45128,96,89,7,7
45129,78,72,6,6
45130,76,75,1,1
45131,88,85,3,3
45132,89,83,6,6
45133,90,85,5,5
45134,60,56,4,4
45135,53,53,0,0
45136,67,62,5,5
45137,89,80,9,9
45138,149,120,29,29
45139,95,87,8,8
45140,109,104,5,5
45141,169,153,16,16
45142,78,64,14,14
45143,122,105,17,17
45144,48,60,-12,12
45145,108,108,0,0
45146,90,81,9,9
45147,147,120,27,27
45148,69,64,5,5
45149,112,91,21,21
45150,158,136,22,22
45151,123,119,4,4
45152,42,40,2,2
45153,135,113,22,22
45154,148,121,27,27
45155,109,97,12,12
45156,73,63,10,10
45157,88,77,11,11
45158,90,75,15,15
45159,55,53,2,2
45160,83,81,2,2
45161,54,46,8,8
45162,85,79,6,6
45163,75,65,10,10
45164,121,109,12,12
45165,65,56,9,9
45166,77,66,11,11
45167,102,86,16,16
45168,104,105,-1,1
45169,67,57,10,10
45170,134,109,25,25
45171,107,88,19,19
45172,87,84,3,3
45173,168,141,27,27
45174,145,127,18,18
45175,127,117,10,10
45176,168,140,28,28
45177,113,90,23,23
45178,64,65,-1,1
45179,64,60,4,4
45180,83,77,6,6
45181,83,76,7,7
45182,125,105,20,20
45183,61,52,9,9
45184,40,39,1,1
45185,57,49,8,8
45186,153,128,25,25
45187,101,93,8,8
45188,83,77,6,6
45189,89,89,0,0
45190,111,99,12,12
45191,77,70,7,7
45192,127,107,20,20
45193,128,114,14,14
45194,146,119,27,27
45195,49,52,-3,3
45196,49,59,-10,10
45197,57,61,-4,4
45198,89,75,14,14
45199,88,93,-5,5
45200,153,144,9,9
45201,71,65,6,6
45202,135,126,9,9
45203,109,89,20,20
45204,73,65,8,8
45205,185,144,41,41
45206,69,61,8,8
45207,109,100,9,9
45208,74,73,1,1
45209,181,142,39,39
45210,96,91,5,5
45211,93,96,-3,3
45212,60,52,8,8
45213,104,97,7,7
45214,67,54,13,13
45215,89,88,1,1
45216,128,103,25,25
45217,100,87,13,13
45218,96,83,13,13
45219,90,74,16,16
45220,68,58,10,10
45221,126,104,22,22
45222,54,56,-2,2
45223,106,96,10,10
45224,63,56,7,7
45225,113,86,27,27
45226,45,49,-4,4
45227,98,84,14,14
45228,156,124,32,32
45229,52,55,-3,3
45230,134,106,28,28
45231,74,71,3,3
45232,102,90,12,12
45233,100,88,12,12
45234,62,59,3,3
45235,82,71,11,11
45236,105,84,21,21
45237,69,67,2,2
45238,124,125,-1,1
45239,118,99,19,19
45240,82,75,7,7
45241,63,63,0,0
45242,70,62,8,8
45243,68,62,6,6
45244,121,100,21,21
45245,73,65,8,8
45246,51,49,2,2
45247,81,68,13,13
45248,146,122,24,24
45249,88,76,12,12
45250,101,85,16,16
45251,126,121,5,5
45252,119,106,13,13
45253,113,108,5,5
45254,172,135,37,37
45255,81,71,10,10
45256,90,80,10,10
45257,110,103,7,7
45258,134,123,11,11
45259,37,51,-14,14
45260,62,58,4,4
45261,65,60,5,5
45262,52,50,2,2
45263,76,74,2,2
45264,116,103,13,13
45265,98,114,-16,16
45266,61,57,4,4
45267,84,79,5,5
45268,153,126,27,27
45269,72,59,13,13
45270,77,68,9,9
45271,86,79,7,7
45272,99,95,4,4
45273,124,104,20,20
45274,66,74,-8,8
45275,76,67,9,9
45276,67,49,18,18
45277,133,106,27,27
45278,91,82,9,9
45279,71,72,-1,1
45280,207,175,32,32
45281,65,61,4,4
45282,97,94,3,3
45283,131,117,14,14
45284,120,99,21,21
45285,59,56,3,3
45286,124,113,11,11
45287,74,65,9,9
45288,101,89,12,12
45289,85,73,12,12
45290,85,78,7,7
45291,137,110,27,27
45292,76,65,11,11
45293,136,122,14,14
45294,139,118,21,21
45295,49,50,-1,1
45296,136,115,21,21
45297,75,61,14,14
45298,109,97,12,12
45299,53,51,2,2
45300,110,98,12,12
45301,59,62,-3,3
45302,119,105,14,14
45303,86,74,12,12
45304,139,117,22,22
45305,132,109,23,23
45306,191,160,31,31
45307,87,73,14,14
45308,90,81,9,9
45309,122,109,13,13
45310,73,61,12,12
45311,122,100,22,22
45312,93,87,6,6
45313,46,52,-6,6
45314,84,81,3,3
45315,103,82,21,21
45316,39,37,2,2
45317,96,92,4,4
45318,72,64,8,8
45319,146,120,26,26
45320,80,81,-1,1
45321,68,70,-2,2
45322,49,49,0,0
45323,110,94,16,16
45324,117,107,10,10
45325,121,100,21,21
45326,55,61,-6,6
45327,149,137,12,12
45328,78,69,9,9
45329,60,63,-3,3
45330,161,140,21,21
45331,95,91,4,4
45332,75,58,17,17
45333,92,87,5,5
45334,112,110,2,2
45335,67,66,1,1
45336,91,81,10,10
45337,109,99,10,10
45338,177,146,31,31
45339,105,102,3,3
45340,82,70,12,12
45341,89,70,19,19
45342,109,93,16,16
45343,67,78,-11,11
45344,117,113,4,4
45345,96,86,10,10
45346,49,53,-4,4
45347,110,93,17,17
45348,57,49,8,8
45349,118,89,29,29
45350,120,99,21,21
45351,77,75,2,2
45352,107,86,21,21
45353,60,66,-6,6
45354,70,56,14,14
45355,115,103,12,12
45356,70,67,3,3
45357,70,62,8,8
45358,96,107,-11,11
45359,72,74,-2,2
45360,72,63,9,9
45361,67,65,2,2
45362,170,140,30,30
45363,57,51,6,6
45364,67,59,8,8
45365,85,78,7,7
45366,95,97,-2,2
45367,119,130,-11,11
45368,84,70,14,14
45369,65,78,-13,13
45370,225,193,32,32
45371,97,85,12,12
45372,81,74,7,7
45373,104,92,12,12
45374,23,33,-10,10
45375,75,69,6,6
45376,115,98,17,17
45377,111,90,21,21
45378,60,48,12,12
45379,72,66,6,6
45380,100,91,9,9
45381,85,71,14,14
45382,60,55,5,5
45383,55,59,-4,4
45384,120,109,11,11
45385,121,114,7,7
45386,79,68,11,11
45387,89,78,11,11
45388,127,102,25,25
45389,86,76,10,10
45390,58,55,3,3
45391,99,81,18,18
45392,126,116,10,10
45393,53,53,0,0
45394,55,57,-2,2
45395,107,98,9,9
45396,67,61,6,6
45397,83,83,0,0
45398,81,77,4,4
45399,92,81,11,11
45400,109,91,18,18
45401,148,126,22,22
45402,115,109,6,6
45403,124,105,19,19
45404,103,92,11,11
45405,122,114,8,8
45406,104,93,11,11
45407,58,45,13,13
45408,68,63,5,5
45409,83,82,1,1
45410,51,61,-10,10
45411,84,76,8,8
45412,129,118,11,11
45413,64,63,1,1
45414,150,125,25,25
45415,48,46,2,2
45416,67,56,11,11
45417,72,62,10,10
45418,101,87,14,14
45419,68,58,10,10
45420,135,113,22,22
45421,98,91,7,7
45422,73,67,6,6
45423,93,91,2,2
45424,161,139,22,22
45425,58,55,3,3
45426,125,112,13,13
45427,91,84,7,7
45428,82,72,10,10
45429,82,80,2,2
45430,89,94,-5,5
45431,45,38,7,7
45432,56,84,-28,28
45433,152,157,-5,5
45434,110,91,19,19
45435,81,71,10,10
45436,43,47,-4,4
45437,154,141,13,13
45438,82,65,17,17
45439,104,98,6,6
45440,78,77,1,1
45441,130,104,26,26
45442,66,70,-4,4
45443,86,81,5,5
45444,98,94,4,4
45445,106,96,10,10
45446,78,76,2,2
45447,89,74,15,15
45448,84,79,5,5
45449,111,92,19,19
45450,73,66,7,7
45451,115,125,-10,10
45452,174,145,29,29
45453,87,68,19,19
45454,102,91,11,11
45455,77,68,9,9
45456,37,35,2,2
45457,131,118,13,13
45458,104,91,13,13
45459,109,129,-20,20
45460,89,77,12,12
45461,108,95,13,13
45462,158,129,29,29
45463,69,62,7,7
45464,89,74,15,15
45465,42,41,1,1
45466,97,76,21,21
45467,70,68,2,2
45468,116,102,14,14
45469,138,129,9,9
45470,110,97,13,13
45471,105,85,20,20
45472,51,59,-8,8
45473,94,90,4,4
45474,75,65,10,10
45475,129,121,8,8
45476,88,74,14,14
45477,100,81,19,19
45478,79,70,9,9
45479,176,149,27,27
45480,86,72,14,14
45481,88,88,0,0
45482,105,100,5,5
45483,140,114,26,26
45484,72,65,7,7
45485,111,97,14,14
45486,105,88,17,17
45487,191,160,31,31
45488,120,109,11,11
45489,99,91,8,8
45490,45,51,-6,6
45491,94,80,14,14
45492,80,82,-2,2
45493,85,75,10,10
45494,74,63,11,11
45495,78,72,6,6
45496,131,108,23,23
45497,95,86,9,9
45498,59,55,4,4
45499,72,57,15,15
45500,108,102,6,6
45501,71,68,3,3
45502,74,65,9,9
45503,134,124,10,10
45504,101,91,10,10
45505,68,62,6,6
45506,127,115,12,12
45507,195,147,48,48
45508,73,68,5,5
45509,77,73,4,4
45510,79,67,12,12
45511,59,49,10,10
45512,115,92,23,23
45513,79,71,8,8
45514,91,81,10,10
45515,82,72,10,10
45516,72,65,7,7
45517,63,67,-4,4
45518,89,81,8,8
45519,69,66,3,3
45520,62,84,-22,22
45521,45,48,-3,3
45522,87,83,4,4
45523,75,75,0,0
45524,105,93,12,12
45525,93,90,3,3
45526,104,88,16,16
45527,86,81,5,5
45528,159,140,19,19
45529,93,72,21,21
45530,112,101,11,11
45531,120,100,20,20
45532,62,54,8,8
45533,108,94,14,14
45534,124,110,14,14
45535,167,132,35,35
45536,163,145,18,18
45537,113,100,13,13
45538,98,81,17,17
45539,64,67,-3,3
45540,120,102,18,18
45541,52,48,4,4
45542,42,42,0,0
45543,131,126,5,5
45544,95,74,21,21
45545,85,78,7,7
45546,71,61,10,10
45547,116,99,17,17
45548,91,71,20,20
45549,94,82,12,12
45550,52,53,-1,1
45551,84,91,-7,7
45552,61,55,6,6
45553,101,94,7,7
45554,97,89,8,8
45555,96,92,4,4
45556,141,128,13,13
45557,124,105,19,19
45558,72,66,6,6
45559,79,118,-39,39
45560,155,138,17,17
45561,112,109,3,3
45562,63,56,7,7
45563,73,71,2,2
45564,67,68,-1,1
45565,61,54,7,7
45566,114,94,20,20
45567,33,34,-1,1
45568,64,60,4,4
45569,79,68,11,11
45570,149,142,7,7
45571,97,84,13,13
45572,84,72,12,12
45573,134,120,14,14
45574,85,83,2,2
45575,123,100,23,23
45576,97,88,9,9
45577,69,62,7,7
45578,116,92,24,24
45579,92,75,17,17
45580,125,112,13,13
45581,103,85,18,18
45582,99,80,19,19
45583,154,140,14,14
45584,102,88,14,14
45585,53,52,1,1
45586,104,97,7,7
45587,218,163,55,55
45588,57,52,5,5
45589,154,141,13,13
45590,141,131,10,10
45591,113,109,4,4
45592,69,65,4,4
45593,87,90,-3,3
45594,126,108,18,18
45595,99,93,6,6
45596,85,81,4,4
45597,78,78,0,0
45598,85,68,17,17
45599,77,67,10,10
45600,97,84,13,13
45601,67,68,-1,1
45602,114,99,15,15
45603,130,120,10,10
45604,127,112,15,15
45605,66,57,9,9
45606,74,71,3,3
45607,117,99,18,18
45608,57,53,4,4
45609,169,141,28,28
45610,79,72,7,7
45611,122,120,2,2
45612,117,108,9,9
45613,82,76,6,6
45614,119,104,15,15
45615,105,94,11,11
45616,121,99,22,22
45617,107,96,11,11
45618,63,59,4,4
45619,76,70,6,6
45620,141,112,29,29
45621,76,68,8,8
45622,189,139,50,50
45623,78,70,8,8
45624,105,105,0,0
45625,69,67,2,2
45626,95,92,3,3
45627,55,56,-1,1
45628,85,69,16,16
45629,62,61,1,1
45630,72,68,4,4
45631,91,82,9,9
45632,78,79,-1,1
45633,69,63,6,6
45634,58,53,5,5
45635,104,88,16,16
45636,90,84,6,6
45637,45,57,-12,12
45638,109,91,18,18
45639,174,157,17,17
45640,102,103,-1,1
45641,72,69,3,3
45642,93,83,10,10
45643,88,105,-17,17
45644,147,123,24,24
45645,116,100,16,16
45646,71,84,-13,13
45647,59,56,3,3
45648,110,93,17,17
45649,112,95,17,17
45650,67,55,12,12
45651,63,63,0,0
45652,99,78,21,21
45653,71,64,7,7
45654,61,60,1,1
45655,145,157,-12,12
45656,59,57,2,2
45657,91,87,4,4
45658,97,90,7,7
45659,67,62,5,5
45660,75,63,12,12
45661,107,83,24,24
45662,47,62,-15,15
45663,111,117,-6,6
45664,122,99,23,23
45665,145,123,22,22
45666,133,103,30,30
45667,90,78,12,12
45668,153,132,21,21
45669,83,67,16,16
45670,44,51,-7,7
45671,64,60,4,4
45672,74,70,4,4
45673,98,90,8,8
45674,117,69,48,48
45675,83,80,3,3
45676,52,54,-2,2
45677,74,65,9,9
45678,128,110,18,18
45679,75,67,8,8
45680,71,63,8,8
45681,72,65,7,7
45682,80,72,8,8
45683,98,84,14,14
45684,138,121,17,17
45685,161,135,26,26
45686,152,133,19,19
45687,117,102,15,15
45688,96,91,5,5
45689,76,69,7,7
45690,150,131,19,19
45691,71,68,3,3
45692,127,117,10,10
45693,93,86,7,7
45694,116,104,12,12
45695,128,109,19,19
45696,47,44,3,3
45697,53,51,2,2
45698,173,150,23,23
45699,84,88,-4,4
45700,74,64,10,10
45701,40,44,-4,4
45702,125,93,32,32
45703,100,98,2,2
45704,62,58,4,4
45705,120,99,21,21
45706,163,123,40,40
45707,111,100,11,11
45708,62,63,-1,1
45709,104,99,5,5
45710,96,81,15,15
45711,71,61,10,10
45712,94,88,6,6
45713,109,92,17,17
45714,46,47,-1,1
45715,94,82,12,12
45716,52,48,4,4
45717,88,77,11,11
45718,68,67,1,1
45719,193,179,14,14
45720,137,112,25,25
45721,109,97,12,12
45722,97,102,-5,5
45723,114,91,23,23
45724,90,80,10,10
45725,57,60,-3,3
45726,119,100,19,19
45727,157,134,23,23
45728,86,71,15,15
45729,108,94,14,14
45730,82,76,6,6
45731,111,92,19,19
45732,110,97,13,13
45733,108,89,19,19
45734,92,75,17,17
45735,38,36,2,2
45736,92,83,9,9
45737,92,78,14,14
45738,68,57,11,11
45739,74,73,1,1
45740,83,77,6,6
45741,106,80,26,26
45742,86,78,8,8
45743,78,65,13,13
45744,155,146,9,9
45745,116,102,14,14
45746,129,101,28,28
45747,99,87,12,12
45748,114,96,18,18
45749,103,83,20,20
45750,82,65,17,17
45751,50,45,5,5
45752,86,74,12,12
45753,82,72,10,10
45754,82,84,-2,2
45755,50,50,0,0
45756,88,68,20,20
45757,86,76,10,10
45758,103,87,16,16
45759,60,51,9,9
45760,68,59,9,9
45761,86,65,21,21
45762,85,72,13,13
45763,80,68,12,12
45764,58,60,-2,2
45765,63,72,-9,9
45766,117,103,14,14
45767,97,95,2,2
45768,59,61,-2,2
45769,66,62,4,4
45770,121,105,16,16
45771,77,66,11,11
45772,47,46,1,1
45773,61,61,0,0
45774,128,110,18,18
45775,225,182,43,43
45776,145,120,25,25
45777,125,123,2,2
45778,40,48,-8,8
45779,94,77,17,17
45780,103,89,14,14
45781,137,116,21,21
45782,151,127,24,24
45783,98,91,7,7
45784,115,100,15,15
45785,77,66,11,11
45786,75,96,-21,21
45787,75,67,8,8
45788,117,101,16,16
45789,133,123,10,10
45790,89,87,2,2
45791,92,81,11,11
45792,66,61,5,5
45793,26,33,-7,7
45794,135,108,27,27
45795,82,79,3,3
45796,44,48,-4,4
45797,79,54,25,25
45798,135,127,8,8
45799,122,115,7,7
45800,177,151,26,26
45801,93,77,16,16
45802,54,48,6,6
45803,104,103,1,1
45804,69,59,10,10
45805,64,61,3,3
45806,113,107,6,6
45807,69,59,10,10
45808,127,116,11,11
45809,115,102,13,13
45810,75,66,9,9
45811,81,70,11,11
45812,35,40,-5,5
45813,120,109,11,11
45814,86,78,8,8
45815,111,91,20,20
45816,149,122,27,27
45817,86,74,12,12
45818,122,106,16,16
45819,80,81,-1,1
45820,91,75,16,16
45821,106,93,13,13
45822,30,33,-3,3
45823,84,75,9,9
45824,159,116,43,43
45825,76,73,3,3
45826,73,66,7,7
45827,78,71,7,7
45828,271,208,63,63
45829,138,128,10,10
45830,72,70,2,2
45831,77,70,7,7
45832,94,85,9,9
45833,101,91,10,10
45834,72,64,8,8
45835,101,97,4,4
45836,120,106,14,14
45837,159,140,19,19
45838,78,77,1,1
45839,78,74,4,4
45840,106,91,15,15
45841,87,85,2,2
45842,62,60,2,2
45843,106,98,8,8
45844,127,124,3,3
45845,101,89,12,12
45846,56,50,6,6
45847,41,48,-7,7
45848,83,75,8,8
45849,128,115,13,13
45850,86,71,15,15
45851,82,79,3,3
45852,104,90,14,14
45853,116,120,-4,4
45854,115,97,18,18
45855,81,73,8,8
45856,82,84,-2,2
45857,88,74,14,14
45858,115,106,9,9
45859,170,148,22,22
45860,110,98,12,12
45861,228,182,46,46
45862,161,131,30,30
45863,72,71,1,1
45864,171,136,35,35
45865,117,99,18,18
45866,116,104,12,12
45867,60,49,11,11
45868,113,107,6,6
45869,121,101,20,20
45870,41,49,-8,8
45871,98,82,16,16
45872,83,72,11,11
45873,56,55,1,1
45874,107,90,17,17
45875,90,74,16,16
45876,91,84,7,7
45877,68,66,2,2
45878,131,110,21,21
45879,95,81,14,14
45880,93,80,13,13
45881,99,85,14,14
45882,195,153,42,42
45883,124,103,21,21
45884,124,106,18,18
45885,44,58,-14,14
45886,63,58,5,5
45887,175,141,34,34
45888,127,102,25,25
45889,113,103,10,10
45890,118,89,29,29
45891,99,94,5,5
45892,89,80,9,9
45893,64,61,3,3
45894,73,68,5,5
45895,104,90,14,14
45896,50,56,-6,6
45897,94,75,19,19
45898,115,102,13,13
45899,91,82,9,9
45900,80,66,14,14
45901,81,77,4,4
45902,80,76,4,4
45903,100,84,16,16
45904,123,111,12,12
45905,89,74,15,15
45906,71,66,5,5
45907,162,123,39,39
45908,152,119,33,33
45909,69,62,7,7
45910,81,80,1,1
45911,71,68,3,3
45912,90,77,13,13
45913,104,90,14,14
45914,106,89,17,17
45915,66,66,0,0
45916,66,58,8,8
45917,79,81,-2,2
45918,45,43,2,2
45919,89,78,11,11
45920,105,78,27,27
45921,59,52,7,7
45922,103,84,19,19
45923,116,108,8,8
45924,93,81,12,12
45925,116,122,-6,6
45926,133,110,23,23
45927,86,74,12,12
45928,86,69,17,17
45929,65,59,6,6
45930,139,112,27,27
45931,117,107,10,10
45932,67,59,8,8
45933,119,93,26,26
45934,81,89,-8,8
45935,127,114,13,13
45936,142,117,25,25
45937,87,78,9,9
45938,70,61,9,9
45939,79,72,7,7
45940,119,103,16,16
45941,73,62,11,11
45942,72,57,15,15
45943,87,82,5,5
45944,108,94,14,14
45945,120,108,12,12
45946,82,71,11,11
45947,97,87,10,10
45948,73,70,3,3
45949,69,64,5,5
45950,96,85,11,11
45951,44,42,2,2
45952,104,89,15,15
45953,68,65,3,3
45954,108,78,30,30
45955,81,77,4,4
45956,124,107,17,17
45957,91,76,15,15
45958,116,121,-5,5
45959,41,39,2,2
45960,93,84,9,9
45961,100,93,7,7
45962,70,76,-6,6
45963,82,74,8,8
45964,124,100,24,24
45965,168,134,34,34
45966,81,72,9,9
45967,124,117,7,7
45968,74,62,12,12
45969,191,156,35,35
45970,99,95,4,4
45971,72,66,6,6
45972,92,87,5,5
45973,122,111,11,11
45974,104,89,15,15
45975,93,80,13,13
45976,50,51,-1,1
45977,79,75,4,4
45978,86,78,8,8
45979,147,142,5,5
45980,129,125,4,4
45981,135,127,8,8
45982,124,97,27,27
45983,91,82,9,9
45984,80,79,1,1
45985,150,138,12,12
45986,113,99,14,14
45987,74,60,14,14
45988,165,133,32,32
45989,105,83,22,22
45990,49,48,1,1
45991,96,90,6,6
45992,115,106,9,9
45993,132,109,23,23
45994,111,92,19,19
45995,44,37,7,7
45996,98,79,19,19
45997,52,44,8,8
45998,78,76,2,2
45999,71,68,3,3
46000,30,30,0,0
46001,116,106,10,10
46002,128,135,-7,7
46003,75,78,-3,3
46004,47,48,-1,1
46005,89,82,7,7
46006,88,72,16,16
46007,102,92,10,10
46008,48,45,3,3
46009,59,55,4,4
46010,131,108,23,23
46011,71,65,6,6
46012,81,77,4,4
46013,110,97,13,13
46014,154,130,24,24
46015,120,111,9,9
46016,155,123,32,32
46017,109,92,17,17
46018,71,73,-2,2
46019,81,82,-1,1
46020,58,55,3,3
46021,69,81,-12,12
46022,134,111,23,23
46023,99,78,21,21
46024,71,65,6,6
46025,99,90,9,9
46026,76,70,6,6
46027,98,75,23,23
46028,68,64,4,4
46029,105,82,23,23
46030,109,92,17,17
46031,143,114,29,29
46032,112,96,16,16
46033,82,91,-9,9
46034,59,52,7,7
46035,170,140,30,30
46036,84,80,4,4
46037,84,85,-1,1
46038,97,88,9,9
46039,241,188,53,53
46040,216,169,47,47
46041,121,108,13,13
46042,72,59,13,13
46043,61,57,4,4
46044,76,67,9,9
46045,140,128,12,12
46046,101,84,17,17
46047,92,76,16,16
46048,65,56,9,9
46049,62,62,0,0
46050,62,60,2,2
46051,172,135,37,37
46052,82,71,11,11
46053,118,108,10,10
46054,99,85,14,14
46055,121,107,14,14
46056,108,96,12,12
46057,96,71,25,25
46058,145,122,23,23
46059,111,127,-16,16
46060,46,45,1,1
46061,74,62,12,12
46062,96,82,14,14
46063,60,54,6,6
46064,110,123,-13,13
46065,78,73,5,5
46066,114,86,28,28
46067,154,144,10,10
46068,165,136,29,29
46069,42,41,1,1
46070,91,79,12,12
46071,100,92,8,8
46072,110,82,28,28
46073,67,66,1,1
46074,68,68,0,0
46075,137,102,35,35
46076,87,81,6,6
46077,93,78,15,15
46078,86,79,7,7
46079,200,183,17,17
46080,119,103,16,16
46081,176,145,31,31
46082,75,66,9,9
46083,125,105,20,20
46084,74,72,2,2
46085,102,85,17,17
46086,53,49,4,4
46087,107,93,14,14
46088,95,83,12,12
46089,120,111,9,9
46090,88,78,10,10
46091,66,67,-1,1
46092,94,80,14,14
46093,137,126,11,11
46094,67,71,-4,4
46095,83,74,9,9
46096,56,51,5,5
46097,139,113,26,26
46098,100,83,17,17
46099,78,81,-3,3
46100,103,83,20,20
46101,59,60,-1,1
46102,47,53,-6,6
46103,65,56,9,9
46104,112,92,20,20
46105,132,105,27,27
46106,82,79,3,3
46107,118,100,18,18
46108,109,87,22,22
46109,91,79,12,12
46110,67,62,5,5
46111,83,76,7,7
46112,79,69,10,10
46113,26,30,-4,4
46114,44,53,-9,9
46115,71,69,2,2
46116,86,74,12,12
46117,77,69,8,8
46118,53,47,6,6
46119,98,81,17,17
46120,144,112,32,32
46121,89,71,18,18
46122,67,63,4,4
46123,147,123,24,24
46124,127,112,15,15
46125,85,74,11,11
46126,66,58,8,8
46127,89,71,18,18
46128,89,83,6,6
46129,75,66,9,9
46130,72,62,10,10
46131,101,94,7,7
46132,126,93,33,33
46133,62,57,5,5
46134,83,72,11,11
46135,151,130,21,21
46136,102,90,12,12
46137,215,185,30,30
46138,149,125,24,24
46139,133,112,21,21
46140,90,76,14,14
46141,100,77,23,23
46142,57,50,7,7
46143,61,60,1,1
46144,41,36,5,5
46145,137,113,24,24
46146,164,135,29,29
46147,242,204,38,38
46148,99,88,11,11
46149,51,48,3,3
46150,68,60,8,8
46151,78,67,11,11
46152,120,103,17,17
46153,87,74,13,13
46154,105,85,20,20
46155,112,95,17,17
46156,87,81,6,6
46157,88,80,8,8
46158,71,61,10,10
46159,125,107,18,18
46160,73,68,5,5
46161,108,97,11,11
46162,76,72,4,4
46163,45,42,3,3
46164,100,89,11,11
46165,76,71,5,5
46166,158,139,19,19
46167,92,82,10,10
46168,77,73,4,4
46169,44,43,1,1
46170,115,105,10,10
46171,85,82,3,3
46172,109,96,13,13
46173,89,82,7,7
46174,39,48,-9,9
46175,66,60,6,6
46176,62,64,-2,2
46177,89,84,5,5
46178,130,115,15,15
46179,92,79,13,13
46180,138,110,28,28
46181,118,97,21,21
46182,219,213,6,6
46183,104,94,10,10
46184,94,89,5,5
46185,100,79,21,21
46186,54,47,7,7
46187,153,122,31,31
46188,84,76,8,8
46189,91,90,1,1
46190,46,44,2,2
46191,53,57,-4,4
46192,77,65,12,12
46193,80,64,16,16
46194,138,113,25,25
46195,80,68,12,12
46196,138,112,26,26
46197,141,119,22,22
46198,91,79,12,12
46199,176,146,30,30
46200,117,108,9,9
46201,69,68,1,1
46202,108,102,6,6
46203,101,86,15,15
46204,135,114,21,21
46205,115,104,11,11
46206,102,91,11,11
46207,56,58,-2,2
46208,96,89,7,7
46209,69,63,6,6
46210,106,101,5,5
46211,151,136,15,15
46212,110,96,14,14
46213,112,95,17,17
46214,134,108,26,26
46215,65,59,6,6
46216,66,61,5,5
46217,97,90,7,7
46218,109,99,10,10
46219,141,119,22,22
46220,78,93,-15,15
46221,94,99,-5,5
46222,64,67,-3,3
46223,47,54,-7,7
46224,79,70,9,9
46225,104,99,5,5
46226,39,43,-4,4
46227,62,64,-2,2
46228,123,109,14,14
46229,144,120,24,24
46230,108,101,7,7
46231,183,138,45,45
46232,85,74,11,11
46233,49,51,-2,2
46234,40,43,-3,3
46235,27,40,-13,13
46236,107,95,12,12
46237,135,128,7,7
46238,129,103,26,26
46239,77,68,9,9
46240,61,63,-2,2
46241,58,64,-6,6
46242,144,120,24,24
46243,53,51,2,2
46244,95,89,6,6
46245,82,67,15,15
46246,73,67,6,6
46247,174,158,16,16
46248,101,86,15,15
46249,100,117,-17,17
46250,81,68,13,13
46251,94,82,12,12
46252,76,71,5,5
46253,70,65,5,5
46254,100,91,9,9
46255,79,67,12,12
46256,83,74,9,9
46257,90,86,4,4
46258,136,115,21,21
46259,61,59,2,2
46260,106,96,10,10
46261,90,81,9,9
46262,32,36,-4,4
46263,100,97,3,3
46264,74,62,12,12
46265,62,60,2,2
46266,101,84,17,17
46267,104,86,18,18
46268,94,74,20,20
46269,95,97,-2,2
46270,134,114,20,20
46271,134,121,13,13
46272,77,67,10,10
46273,80,84,-4,4
46274,90,80,10,10
46275,128,103,25,25
46276,108,90,18,18
46277,64,63,1,1
46278,44,57,-13,13
46279,115,96,19,19
46280,49,50,-1,1
46281,64,73,-9,9
46282,64,58,6,6
46283,128,114,14,14
46284,69,65,4,4
46285,73,63,10,10
46286,38,42,-4,4
46287,71,66,5,5
46288,94,86,8,8
46289,89,83,6,6
46290,63,61,2,2
46291,116,95,21,21
46292,83,77,6,6
46293,38,46,-8,8
46294,57,58,-1,1
46295,84,74,10,10
46296,552,346,206,206
46297,75,65,10,10
46298,70,58,12,12
46299,90,93,-3,3
46300,181,175,6,6
46301,109,91,18,18
46302,99,99,0,0
46303,99,87,12,12
46304,73,66,7,7
46305,71,68,3,3
46306,125,116,9,9
46307,142,124,18,18
46308,125,110,15,15
46309,99,86,13,13
46310,127,108,19,19
46311,134,109,25,25
46312,87,75,12,12
46313,99,95,4,4
46314,116,109,7,7
46315,57,54,3,3
46316,160,133,27,27
46317,104,85,19,19
46318,106,96,10,10
46319,82,78,4,4
46320,149,119,30,30
46321,122,107,15,15
46322,46,47,-1,1
46323,44,54,-10,10
46324,47,54,-7,7
46325,46,60,-14,14
46326,103,97,6,6
46327,118,105,13,13
46328,62,58,4,4
46329,61,63,-2,2
46330,90,81,9,9
46331,87,71,16,16
46332,163,135,28,28
46333,108,99,9,9
46334,68,64,4,4
46335,128,110,18,18
46336,132,135,-3,3
46337,48,53,-5,5
46338,66,58,8,8
46339,62,61,1,1
46340,77,79,-2,2
46341,47,56,-9,9
46342,124,101,23,23
46343,95,92,3,3
46344,65,57,8,8
46345,70,66,4,4
46346,133,116,17,17
46347,98,91,7,7
46348,138,128,10,10
46349,93,86,7,7
46350,136,113,23,23
46351,119,101,18,18
46352,102,97,5,5
46353,106,108,-2,2
46354,75,70,5,5
46355,58,54,4,4
46356,130,103,27,27
46357,85,80,5,5
46358,102,106,-4,4
46359,66,59,7,7
46360,83,89,-6,6
46361,85,78,7,7
46362,122,105,17,17
46363,107,104,3,3
46364,68,67,1,1
46365,58,56,2,2
46366,87,73,14,14
46367,67,66,1,1
46368,74,71,3,3
46369,68,61,7,7
46370,104,86,18,18
46371,158,137,21,21
46372,131,111,20,20
46373,103,91,12,12
46374,109,98,11,11
46375,64,58,6,6
46376,123,102,21,21
46377,111,93,18,18
46378,38,39,-1,1
46379,59,50,9,9
46380,46,58,-12,12
46381,101,94,7,7
46382,149,126,23,23
46383,116,100,16,16
46384,62,72,-10,10
46385,78,73,5,5
46386,92,78,14,14
46387,109,91,18,18
46388,94,85,9,9
46389,107,102,5,5
46390,75,71,4,4
46391,64,66,-2,2
46392,30,36,-6,6
46393,127,114,13,13
46394,67,59,8,8
46395,109,100,9,9
46396,187,154,33,33
46397,90,83,7,7
46398,123,103,20,20
46399,72,60,12,12
46400,124,111,13,13
46401,110,99,11,11
46402,108,100,8,8
46403,65,65,0,0
46404,116,103,13,13
46405,77,83,-6,6
46406,40,46,-6,6
46407,108,96,12,12
46408,159,133,26,26
46409,60,55,5,5
46410,116,96,20,20
46411,124,121,3,3
46412,94,88,6,6
46413,90,74,16,16
46414,30,32,-2,2
46415,89,81,8,8
46416,89,73,16,16
46417,111,104,7,7
46418,84,79,5,5
46419,49,50,-1,1
46420,75,58,17,17
46421,136,107,29,29
46422,41,63,-22,22
46423,72,65,7,7
46424,173,143,30,30
46425,70,68,2,2
46426,90,84,6,6
46427,153,137,16,16
46428,138,124,14,14
46429,147,129,18,18
46430,116,115,1,1
46431,148,125,23,23
46432,117,105,12,12
46433,103,90,13,13
46434,123,110,13,13
46435,151,121,30,30
46436,126,114,12,12
46437,105,100,5,5
46438,111,101,10,10
46439,71,60,11,11
46440,99,102,-3,3
46441,59,61,-2,2
46442,104,84,20,20
46443,60,53,7,7
46444,88,84,4,4
46445,63,56,7,7
46446,186,155,31,31
46447,97,84,13,13
46448,128,108,20,20
46449,162,134,28,28
46450,74,63,11,11
46451,92,77,15,15
46452,153,128,25,25
46453,97,88,9,9
46454,116,101,15,15
46455,161,118,43,43
46456,73,69,4,4
46457,107,93,14,14
46458,112,115,-3,3
46459,89,75,14,14
46460,92,81,11,11
46461,83,76,7,7
46462,108,106,2,2
46463,108,102,6,6
46464,49,44,5,5
46465,64,57,7,7
46466,109,106,3,3
46467,52,48,4,4
46468,139,127,12,12
46469,90,79,11,11
46470,90,83,7,7
46471,70,67,3,3
46472,97,90,7,7
46473,56,56,0,0
46474,64,69,-5,5
46475,67,60,7,7
46476,48,48,0,0
46477,69,60,9,9
46478,93,82,11,11
46479,144,121,23,23
46480,145,134,11,11
46481,142,126,16,16
46482,150,136,14,14
46483,58,50,8,8
46484,120,96,24,24
46485,102,90,12,12
46486,142,133,9,9
46487,100,94,6,6
46488,125,108,17,17
46489,84,89,-5,5
46490,123,106,17,17
46491,145,135,10,10
46492,86,80,6,6
46493,73,64,9,9
46494,97,85,12,12
46495,57,52,5,5
46496,122,104,18,18
46497,71,59,12,12
46498,99,89,10,10
46499,83,66,17,17
46500,165,138,27,27
46501,193,154,39,39
46502,104,86,18,18
46503,110,117,-7,7
46504,65,56,9,9
46505,72,68,4,4
46506,76,69,7,7
46507,173,149,24,24
46508,76,83,-7,7
46509,95,84,11,11
46510,96,86,10,10
46511,82,71,11,11
46512,91,89,2,2
46513,88,76,12,12
46514,104,98,6,6
46515,114,105,9,9
46516,109,92,17,17
46517,74,66,8,8
46518,137,113,24,24
46519,93,81,12,12
46520,88,81,7,7
46521,55,59,-4,4
46522,72,68,4,4
46523,71,89,-18,18
46524,110,89,21,21
46525,114,104,10,10
46526,128,114,14,14
46527,65,63,2,2
46528,114,105,9,9
46529,97,81,16,16
46530,117,132,-15,15
46531,72,68,4,4
46532,92,79,13,13
46533,64,57,7,7
46534,125,114,11,11
46535,99,88,11,11
46536,56,57,-1,1
46537,54,49,5,5
46538,122,109,13,13
46539,178,158,20,20
46540,179,148,31,31
46541,80,69,11,11
46542,109,94,15,15
46543,83,78,5,5
46544,103,85,18,18
46545,61,60,1,1
46546,125,104,21,21
46547,96,80,16,16
46548,96,105,-9,9
46549,97,86,11,11
46550,108,84,24,24
46551,89,81,8,8
46552,55,50,5,5
46553,87,117,-30,30
46554,49,47,2,2
46555,94,87,7,7
46556,93,106,-13,13
46557,75,66,9,9
46558,65,62,3,3
46559,52,50,2,2
46560,83,74,9,9
46561,123,95,28,28
46562,92,77,15,15
46563,74,72,2,2
46564,109,88,21,21
46565,52,56,-4,4
46566,76,63,13,13
46567,116,97,19,19
46568,83,69,14,14
46569,82,72,10,10
46570,144,122,22,22
46571,35,39,-4,4
46572,155,133,22,22
46573,136,116,20,20
46574,123,105,18,18
46575,81,72,9,9
46576,66,65,1,1
46577,131,111,20,20
46578,133,105,28,28
46579,71,63,8,8
46580,82,75,7,7
46581,82,74,8,8
46582,42,40,2,2
46583,137,133,4,4
46584,140,149,-9,9
46585,58,60,-2,2
46586,117,95,22,22
46587,69,75,-6,6
46588,85,78,7,7
46589,52,42,10,10
46590,87,88,-1,1
46591,135,125,10,10
46592,64,59,5,5
46593,129,97,32,32
46594,190,163,27,27
46595,68,68,0,0
46596,82,69,13,13
46597,75,71,4,4
46598,149,118,31,31
46599,84,73,11,11
46600,54,50,4,4
46601,98,86,12,12
46602,99,78,21,21
46603,125,112,13,13
46604,86,78,8,8
46605,95,84,11,11
46606,75,69,6,6
46607,80,68,12,12
46608,118,105,13,13
46609,91,75,16,16
46610,106,88,18,18
46611,85,82,3,3
46612,153,125,28,28
46613,103,93,10,10
46614,159,141,18,18
46615,69,62,7,7
46616,166,126,40,40
46617,109,95,14,14
46618,133,111,22,22
46619,191,153,38,38
46620,113,85,28,28
46621,124,105,19,19
46622,139,119,20,20
46623,88,79,9,9
46624,43,61,-18,18
46625,71,67,4,4
46626,116,101,15,15
46627,115,98,17,17
46628,118,104,14,14
46629,62,54,8,8
46630,106,97,9,9
46631,116,116,0,0
46632,137,115,22,22
46633,201,154,47,47
46634,53,52,1,1
46635,73,69,4,4
46636,46,47,-1,1
46637,90,79,11,11
46638,126,113,13,13
46639,113,101,12,12
46640,80,68,12,12
46641,102,83,19,19
46642,161,134,27,27
46643,103,93,10,10
46644,119,113,6,6
46645,54,61,-7,7
46646,159,130,29,29
46647,87,70,17,17
46648,59,48,11,11
46649,59,59,0,0
46650,90,78,12,12
46651,59,59,0,0
46652,104,88,16,16
46653,131,113,18,18
46654,60,56,4,4
46655,68,60,8,8
46656,86,75,11,11
46657,88,74,14,14
46658,146,127,19,19
46659,62,59,3,3
46660,152,131,21,21
46661,104,93,11,11
46662,67,58,9,9
46663,102,95,7,7
46664,96,88,8,8
46665,99,100,-1,1
46666,99,92,7,7
46667,76,71,5,5
46668,97,88,9,9
46669,83,79,4,4
46670,112,104,8,8
46671,63,60,3,3
46672,136,125,11,11
46673,74,69,5,5
46674,172,136,36,36
46675,136,110,26,26
46676,120,110,10,10
46677,116,102,14,14
46678,126,105,21,21
46679,114,96,18,18
46680,72,68,4,4
46681,104,92,12,12
46682,147,139,8,8
46683,103,93,10,10
46684,81,65,16,16
46685,80,74,6,6
46686,101,89,12,12
46687,125,99,26,26
46688,92,71,21,21
46689,84,72,12,12
46690,80,101,-21,21
46691,150,125,25,25
46692,61,56,5,5
46693,112,99,13,13
46694,112,93,19,19
46695,67,55,12,12
46696,137,113,24,24
46697,58,55,3,3
46698,105,90,15,15
46699,88,83,5,5
46700,76,66,10,10
46701,88,79,9,9
46702,108,101,7,7
46703,97,84,13,13
46704,141,124,17,17
46705,64,70,-6,6
46706,51,50,1,1
46707,101,81,20,20
46708,158,139,19,19
46709,97,87,10,10
46710,79,76,3,3
46711,69,63,6,6
46712,97,95,2,2
46713,90,82,8,8
46714,85,81,4,4
46715,90,77,13,13
46716,120,105,15,15
46717,61,56,5,5
46718,145,132,13,13
46719,77,71,6,6
46720,49,50,-1,1
46721,81,75,6,6
46722,70,64,6,6
46723,107,88,19,19
46724,87,76,11,11
46725,66,60,6,6
46726,108,97,11,11
46727,86,76,10,10
46728,68,64,4,4
46729,84,65,19,19
46730,72,67,5,5
46731,67,65,2,2
46732,73,66,7,7
46733,81,75,6,6
46734,65,54,11,11
46735,130,103,27,27
46736,47,41,6,6
46737,117,102,15,15
46738,141,112,29,29
46739,204,163,41,41
46740,85,76,9,9
46741,116,110,6,6
46742,118,96,22,22
46743,110,99,11,11
46744,100,85,15,15
46745,93,84,9,9
46746,53,46,7,7
46747,86,70,16,16
46748,70,61,9,9
46749,80,74,6,6
46750,146,134,12,12
46751,72,66,6,6
46752,154,134,20,20
46753,206,181,25,25
46754,72,71,1,1
46755,141,120,21,21
46756,83,95,-12,12
46757,141,130,11,11
46758,97,95,2,2
46759,137,117,20,20
46760,124,112,12,12
46761,84,76,8,8
46762,102,106,-4,4
46763,22,55,-33,33
46764,97,87,10,10
46765,59,53,6,6
46766,124,117,7,7
46767,198,170,28,28
46768,93,73,20,20
46769,96,84,12,12
46770,99,79,20,20
46771,191,139,52,52
46772,88,74,14,14
46773,88,75,13,13
46774,114,96,18,18
46775,85,84,1,1
46776,85,66,19,19
46777,63,63,0,0
46778,129,101,28,28
46779,142,119,23,23
46780,66,68,-2,2
46781,64,58,6,6
46782,72,62,10,10
46783,143,129,14,14
46784,73,62,11,11
46785,92,85,7,7
46786,80,70,10,10
46787,123,107,16,16
46788,67,64,3,3
46789,87,92,-5,5
46790,81,61,20,20
46791,77,94,-17,17
46792,70,62,8,8
46793,120,106,14,14
46794,119,108,11,11
46795,116,108,8,8
46796,193,169,24,24
46797,90,84,6,6
46798,113,113,0,0
46799,109,91,18,18
46800,85,77,8,8
46801,63,59,4,4
46802,56,53,3,3
46803,131,123,8,8
46804,108,97,11,11
46805,58,54,4,4
46806,57,58,-1,1
46807,98,106,-8,8
46808,86,90,-4,4
46809,60,53,7,7
46810,54,57,-3,3
46811,160,128,32,32
46812,91,91,0,0
46813,179,133,46,46
46814,68,78,-10,10
46815,143,124,19,19
46816,86,69,17,17
46817,115,104,11,11
46818,139,111,28,28
46819,95,87,8,8
46820,66,71,-5,5
46821,66,61,5,5
46822,143,125,18,18
46823,87,76,11,11
46824,85,84,1,1
46825,77,73,4,4
46826,77,63,14,14
46827,91,75,16,16
46828,80,74,6,6
46829,23,30,-7,7
46830,92,82,10,10
46831,109,92,17,17
46832,115,92,23,23
46833,93,86,7,7
46834,67,65,2,2
46835,150,132,18,18
46836,78,64,14,14
46837,159,142,17,17
46838,124,101,23,23
46839,93,96,-3,3
46840,133,120,13,13
46841,79,77,2,2
46842,62,59,3,3
46843,73,65,8,8
46844,66,60,6,6
46845,69,60,9,9
46846,146,140,6,6
46847,73,61,12,12
46848,91,90,1,1
46849,67,60,7,7
46850,80,94,-14,14
46851,96,82,14,14
46852,75,65,10,10
46853,72,82,-10,10
46854,87,75,12,12
46855,93,75,18,18
46856,115,99,16,16
46857,142,119,23,23
46858,168,133,35,35
46859,149,121,28,28
46860,91,78,13,13
46861,69,68,1,1
46862,112,96,16,16
46863,83,72,11,11
46864,63,54,9,9
46865,84,78,6,6
46866,113,94,19,19
46867,98,85,13,13
46868,174,151,23,23
46869,103,85,18,18
46870,32,70,-38,38
46871,126,113,13,13
46872,132,120,12,12
46873,49,48,1,1
46874,107,96,11,11
46875,121,120,1,1
46876,132,101,31,31
46877,75,69,6,6
46878,71,67,4,4
46879,69,71,-2,2
46880,158,136,22,22
46881,73,64,9,9
46882,146,116,30,30
46883,49,54,-5,5
46884,124,112,12,12
46885,71,62,9,9
46886,43,45,-2,2
46887,94,88,6,6
46888,120,118,2,2
46889,107,96,11,11
46890,83,67,16,16
46891,111,96,15,15
46892,79,72,7,7
46893,93,85,8,8
46894,130,118,12,12
46895,119,101,18,18
46896,80,67,13,13
46897,80,66,14,14
46898,76,69,7,7
46899,101,93,8,8
46900,131,115,16,16
46901,91,86,5,5
46902,81,81,0,0
46903,102,94,8,8
46904,108,85,23,23
46905,79,70,9,9
46906,121,101,20,20
46907,135,122,13,13
46908,68,72,-4,4
46909,104,101,3,3
46910,44,40,4,4
46911,103,94,9,9
46912,136,127,9,9
46913,107,82,25,25
46914,78,81,-3,3
46915,75,69,6,6
46916,37,34,3,3
46917,24,32,-8,8
46918,166,141,25,25
46919,134,112,22,22
46920,116,102,14,14
46921,85,80,5,5
46922,130,116,14,14
46923,150,125,25,25
46924,103,98,5,5
46925,92,81,11,11
46926,127,116,11,11
46927,72,68,4,4
46928,95,91,4,4
46929,56,50,6,6
46930,170,135,35,35
46931,106,88,18,18
46932,78,73,5,5
46933,135,121,14,14
46934,113,94,19,19
46935,191,161,30,30
46936,61,61,0,0
46937,95,77,18,18
46938,119,104,15,15
46939,114,93,21,21
46940,88,77,11,11
46941,71,62,9,9
46942,76,69,7,7
46943,50,53,-3,3
46944,69,64,5,5
46945,51,69,-18,18
46946,74,78,-4,4
46947,79,71,8,8
46948,74,76,-2,2
46949,113,104,9,9
46950,99,98,1,1
46951,86,78,8,8
46952,91,79,12,12
46953,83,87,-4,4
46954,106,90,16,16
46955,66,58,8,8
46956,74,61,13,13
46957,78,68,10,10
46958,101,87,14,14
46959,78,81,-3,3
46960,91,91,0,0
46961,94,88,6,6
46962,86,77,9,9
46963,64,61,3,3
46964,98,73,25,25
46965,100,98,2,2
46966,148,121,27,27
46967,96,94,2,2
46968,135,107,28,28
46969,123,123,0,0
46970,65,59,6,6
46971,86,72,14,14
46972,86,82,4,4
46973,93,81,12,12
46974,106,93,13,13
46975,122,101,21,21
46976,75,76,-1,1
46977,86,75,11,11
46978,51,49,2,2
46979,56,56,0,0
46980,125,115,10,10
46981,92,83,9,9
46982,108,104,4,4
46983,151,128,23,23
46984,83,75,8,8
46985,66,68,-2,2
46986,138,112,26,26
46987,120,111,9,9
46988,79,72,7,7
46989,86,83,3,3
46990,163,145,18,18
46991,112,99,13,13
46992,98,80,18,18
46993,40,64,-24,24
46994,85,82,3,3
46995,73,72,1,1
46996,84,85,-1,1
46997,127,114,13,13
46998,113,93,20,20
46999,116,100,16,16
47000,91,84,7,7
47001,91,68,23,23
47002,50,48,2,2
47003,78,73,5,5
47004,90,80,10,10
47005,125,107,18,18
47006,84,80,4,4
47007,79,68,11,11
47008,69,64,5,5
47009,115,94,21,21
47010,227,209,18,18
47011,107,100,7,7
47012,136,146,-10,10
47013,88,75,13,13
47014,117,108,9,9
47015,81,79,2,2
47016,150,127,23,23
47017,101,107,-6,6
47018,169,145,24,24
47019,75,73,2,2
47020,146,129,17,17
47021,96,84,12,12
47022,66,61,5,5
47023,73,66,7,7
47024,85,87,-2,2
47025,104,83,21,21
47026,53,55,-2,2
47027,148,141,7,7
47028,119,98,21,21
47029,45,41,4,4
47030,72,63,9,9
47031,126,110,16,16
47032,64,58,6,6
47033,119,111,8,8
47034,89,85,4,4
47035,139,120,19,19
47036,111,104,7,7
47037,100,99,1,1
47038,82,76,6,6
47039,138,118,20,20
47040,47,45,2,2
47041,167,136,31,31
47042,63,58,5,5
47043,118,101,17,17
47044,201,180,21,21
47045,82,78,4,4
47046,91,87,4,4
47047,81,75,6,6
47048,91,78,13,13
47049,119,96,23,23
47050,88,74,14,14
47051,76,71,5,5
47052,86,77,9,9
47053,47,52,-5,5
47054,134,114,20,20
47055,96,86,10,10
47056,82,73,9,9
47057,82,71,11,11
47058,89,82,7,7
47059,99,93,6,6
47060,93,87,6,6
47061,87,78,9,9
47062,62,58,4,4
47063,58,51,7,7
47064,82,74,8,8
47065,142,128,14,14
47066,101,86,15,15
47067,127,104,23,23
47068,46,43,3,3
47069,116,100,16,16
47070,54,59,-5,5
47071,71,64,7,7
47072,121,124,-3,3
47073,80,74,6,6
47074,86,78,8,8
47075,119,103,16,16
47076,71,71,0,0
47077,171,145,26,26
47078,126,103,23,23
47079,57,50,7,7
47080,99,89,10,10
47081,55,56,-1,1
47082,77,72,5,5
47083,110,95,15,15
47084,77,92,-15,15
47085,111,98,13,13
47086,164,141,23,23
47087,104,86,18,18
47088,85,76,9,9
47089,75,68,7,7
47090,119,100,19,19
47091,82,77,5,5
47092,122,101,21,21
47093,111,96,15,15
47094,102,86,16,16
47095,54,50,4,4
47096,96,85,11,11
47097,65,62,3,3
47098,135,119,16,16
47099,79,68,11,11
47100,92,73,19,19
47101,56,55,1,1
47102,109,84,25,25
47103,124,112,12,12
47104,65,66,-1,1
47105,84,76,8,8
47106,107,92,15,15
47107,114,99,15,15
47108,92,77,15,15
47109,129,108,21,21
47110,159,134,25,25
47111,80,76,4,4
47112,106,94,12,12
47113,76,71,5,5
47114,81,83,-2,2
47115,115,102,13,13
47116,89,87,2,2
47117,66,64,2,2
47118,49,50,-1,1
47119,74,65,9,9
47120,77,63,14,14
47121,98,86,12,12
47122,181,146,35,35
47123,65,62,3,3
47124,125,110,15,15
47125,120,112,8,8
47126,92,77,15,15
47127,125,108,17,17
47128,97,88,9,9
47129,113,91,22,22
47130,69,66,3,3
47131,41,42,-1,1
47132,112,98,14,14
47133,93,77,16,16
47134,77,66,11,11
47135,114,112,2,2
47136,90,80,10,10
47137,119,114,5,5
47138,85,86,-1,1
47139,99,97,2,2
47140,113,84,29,29
47141,112,107,5,5
47142,43,43,0,0
47143,73,64,9,9
47144,149,132,17,17
47145,72,68,4,4
47146,62,60,2,2
47147,74,68,6,6
47148,197,161,36,36
47149,93,91,2,2
47150,103,75,28,28
47151,96,81,15,15
47152,191,151,40,40
47153,116,99,17,17
47154,75,65,10,10
47155,99,94,5,5
47156,94,77,17,17
47157,124,119,5,5
47158,83,73,10,10
47159,131,112,19,19
47160,108,85,23,23
47161,108,108,0,0
47162,77,71,6,6
47163,77,62,15,15
47164,126,110,16,16
47165,59,65,-6,6
47166,101,101,0,0
47167,121,104,17,17
47168,116,106,10,10
47169,124,101,23,23
47170,69,58,11,11
47171,160,135,25,25
47172,67,66,1,1
47173,111,102,9,9
47174,80,94,-14,14
47175,44,42,2,2
47176,89,74,15,15
47177,92,80,12,12
47178,105,101,4,4
47179,113,92,21,21
47180,83,76,7,7
47181,54,53,1,1
47182,47,46,1,1
47183,105,87,18,18
47184,65,56,9,9
47185,118,95,23,23
47186,115,95,20,20
47187,92,88,4,4
47188,69,54,15,15
47189,42,43,-1,1
47190,64,54,10,10
47191,119,112,7,7
47192,142,116,26,26
47193,117,96,21,21
47194,67,67,0,0
47195,157,132,25,25
47196,57,56,1,1
47197,122,98,24,24
47198,84,69,15,15
47199,112,101,11,11
47200,96,89,7,7
47201,75,63,12,12
47202,86,76,10,10
47203,168,132,36,36
47204,128,103,25,25
47205,111,100,11,11
47206,95,85,10,10
47207,74,76,-2,2
47208,101,81,20,20
47209,69,60,9,9
47210,160,139,21,21
47211,139,112,27,27
47212,24,55,-31,31
47213,89,76,13,13
47214,102,96,6,6
47215,49,51,-2,2
47216,94,95,-1,1
47217,76,67,9,9
47218,170,135,35,35
47219,158,135,23,23
47220,31,77,-46,46
47221,66,62,4,4
47222,106,81,25,25
47223,60,63,-3,3
47224,77,74,3,3
47225,68,62,6,6
47226,129,112,17,17
47227,60,54,6,6
47228,106,98,8,8
47229,64,56,8,8
47230,67,62,5,5
47231,85,78,7,7
47232,79,63,16,16
47233,175,146,29,29
47234,20,54,-34,34
47235,169,135,34,34
47236,90,84,6,6
47237,74,67,7,7
47238,68,73,-5,5
47239,52,53,-1,1
47240,81,79,2,2
47241,106,98,8,8
47242,113,103,10,10
47243,64,59,5,5
47244,98,89,9,9
47245,120,109,11,11
47246,85,75,10,10
47247,70,59,11,11
47248,121,113,8,8
47249,132,108,24,24
47250,50,46,4,4
47251,68,70,-2,2
47252,55,52,3,3
47253,122,100,22,22
47254,107,89,18,18
47255,69,67,2,2
47256,115,97,18,18
47257,118,104,14,14
47258,184,187,-3,3
47259,78,81,-3,3
47260,47,48,-1,1
47261,65,59,6,6
47262,109,88,21,21
47263,89,75,14,14
47264,141,126,15,15
47265,68,82,-14,14
47266,167,134,33,33
47267,68,69,-1,1
47268,86,79,7,7
47269,93,80,13,13
47270,91,81,10,10
47271,65,66,-1,1
47272,132,119,13,13
47273,91,85,6,6
47274,71,60,11,11
47275,71,61,10,10
47276,120,115,5,5
47277,118,96,22,22
47278,117,102,15,15
47279,157,136,21,21
47280,73,70,3,3
47281,108,99,9,9
47282,82,66,16,16
47283,122,106,16,16
47284,143,130,13,13
47285,172,140,32,32
47286,76,62,14,14
47287,130,119,11,11
47288,61,54,7,7
47289,65,63,2,2
47290,128,106,22,22
47291,98,84,14,14
47292,161,150,11,11
47293,56,51,5,5
47294,97,120,-23,23
47295,176,175,1,1
47296,125,107,18,18
47297,115,97,18,18
47298,81,81,0,0
47299,103,90,13,13
47300,53,51,2,2
47301,173,146,27,27
47302,132,109,23,23
47303,129,108,21,21
47304,120,105,15,15
47305,123,103,20,20
47306,203,150,53,53
47307,59,47,12,12
47308,67,63,4,4
47309,132,110,22,22
47310,182,149,33,33
47311,143,126,17,17
47312,97,79,18,18
47313,91,78,13,13
47314,96,97,-1,1
47315,91,80,11,11
47316,87,72,15,15
47317,143,133,10,10
47318,65,59,6,6
47319,78,64,14,14
47320,78,70,8,8
47321,140,121,19,19
47322,93,86,7,7
47323,52,49,3,3
47324,95,90,5,5
47325,96,79,17,17
47326,72,66,6,6
47327,113,99,14,14
47328,97,84,13,13
47329,77,71,6,6
47330,71,68,3,3
47331,58,49,9,9
47332,72,65,7,7
47333,210,159,51,51
47334,97,80,17,17
47335,141,131,10,10
47336,130,117,13,13
47337,105,93,12,12
47338,66,69,-3,3
47339,78,79,-1,1
47340,96,89,7,7
47341,120,107,13,13
47342,57,57,0,0
47343,162,135,27,27
47344,134,120,14,14
47345,161,130,31,31
47346,171,150,21,21
47347,91,88,3,3
47348,46,48,-2,2
47349,128,109,19,19
47350,113,91,22,22
47351,96,82,14,14
47352,55,49,6,6
47353,101,94,7,7
47354,146,124,22,22
47355,83,112,-29,29
47356,41,42,-1,1
47357,117,105,12,12
47358,118,109,9,9
47359,89,82,7,7
47360,88,80,8,8
47361,37,34,3,3
47362,68,66,2,2
47363,53,48,5,5
47364,106,92,14,14
47365,125,105,20,20
47366,79,72,7,7
47367,100,85,15,15
47368,99,93,6,6
47369,99,91,8,8
47370,130,107,23,23
47371,75,77,-2,2
47372,101,86,15,15
47373,90,80,10,10
47374,154,127,27,27
47375,116,99,17,17
47376,60,62,-2,2
47377,144,128,16,16
47378,75,67,8,8
47379,110,96,14,14
47380,124,113,11,11
47381,79,82,-3,3
47382,38,39,-1,1
47383,90,82,8,8
47384,84,69,15,15
47385,76,73,3,3
47386,88,83,5,5
47387,124,114,10,10
47388,76,73,3,3
47389,84,72,12,12
47390,75,69,6,6
47391,78,70,8,8
47392,48,48,0,0
47393,70,71,-1,1
47394,125,107,18,18
47395,129,114,15,15
47396,75,69,6,6
47397,91,94,-3,3
47398,108,96,12,12
47399,100,84,16,16
47400,56,60,-4,4
47401,140,117,23,23
47402,62,56,6,6
47403,224,163,61,61
47404,109,104,5,5
47405,159,141,18,18
47406,90,84,6,6
47407,125,114,11,11
47408,96,85,11,11
47409,74,80,-6,6
47410,109,100,9,9
47411,84,75,9,9
47412,50,50,0,0
47413,146,126,20,20
47414,116,95,21,21
47415,93,80,13,13
47416,92,76,16,16
47417,72,60,12,12
47418,159,123,36,36
47419,79,68,11,11
47420,117,99,18,18
47421,92,74,18,18
47422,102,90,12,12
47423,61,57,4,4
47424,55,49,6,6
47425,91,71,20,20
47426,94,79,15,15
47427,64,60,4,4
47428,121,102,19,19
47429,50,49,1,1
47430,91,80,11,11
47431,87,79,8,8
47432,100,86,14,14
47433,60,63,-3,3
47434,139,119,20,20
47435,77,67,10,10
47436,54,57,-3,3
47437,117,88,29,29
47438,105,107,-2,2
47439,105,92,13,13
47440,78,70,8,8
47441,108,90,18,18
47442,111,108,3,3
47443,112,105,7,7
47444,69,62,7,7
47445,100,94,6,6
47446,96,83,13,13
47447,31,45,-14,14
47448,75,66,9,9
47449,68,64,4,4
47450,53,52,1,1
47451,63,59,4,4
47452,85,72,13,13
47453,126,115,11,11
47454,107,97,10,10
47455,130,112,18,18
47456,65,59,6,6
47457,73,65,8,8
47458,107,100,7,7
47459,121,104,17,17
47460,99,90,9,9
47461,92,92,0,0
47462,170,150,20,20
47463,85,64,21,21
47464,142,120,22,22
47465,86,79,7,7
47466,63,60,3,3
47467,121,99,22,22
47468,84,82,2,2
47469,66,60,6,6
47470,60,54,6,6
47471,68,61,7,7
47472,113,111,2,2
47473,101,90,11,11
47474,48,49,-1,1
47475,154,135,19,19
47476,160,137,23,23
47477,102,82,20,20
47478,94,83,11,11
47479,84,72,12,12
47480,107,102,5,5
47481,66,64,2,2
47482,87,82,5,5
47483,84,68,16,16
47484,86,83,3,3
47485,101,61,40,40
47486,83,71,12,12
47487,70,59,11,11
47488,104,84,20,20
47489,78,67,11,11
47490,69,60,9,9
47491,172,140,32,32
47492,66,74,-8,8
47493,96,81,15,15
47494,73,68,5,5
47495,122,120,2,2
47496,66,67,-1,1
47497,78,73,5,5
47498,70,115,-45,45
47499,62,63,-1,1
47500,64,57,7,7
47501,189,156,33,33
47502,101,89,12,12
47503,83,73,10,10
47504,88,72,16,16
47505,108,95,13,13
47506,109,94,15,15
47507,50,44,6,6
47508,100,87,13,13
47509,98,84,14,14
47510,74,62,12,12
47511,151,117,34,34
47512,67,66,1,1
47513,145,125,20,20
47514,99,85,14,14
47515,79,71,8,8
47516,66,66,0,0
47517,87,75,12,12
47518,104,85,19,19
47519,75,65,10,10
47520,81,64,17,17
47521,79,79,0,0
47522,82,73,9,9
47523,202,158,44,44
47524,64,55,9,9
47525,142,120,22,22
47526,77,82,-5,5
47527,95,102,-7,7
47528,127,119,8,8
47529,89,85,4,4
47530,136,133,3,3
47531,63,64,-1,1
47532,123,103,20,20
47533,113,98,15,15
47534,98,88,10,10
47535,136,110,26,26
47536,124,105,19,19
47537,124,104,20,20
47538,162,127,35,35
47539,81,84,-3,3
47540,93,83,10,10
47541,83,80,3,3
47542,127,100,27,27
47543,60,51,9,9
47544,83,76,7,7
47545,60,56,4,4
47546,103,101,2,2
47547,93,73,20,20
47548,78,72,6,6
47549,97,83,14,14
47550,73,63,10,10
47551,128,105,23,23
47552,92,88,4,4
47553,37,34,3,3
47554,154,136,18,18
47555,60,60,0,0
47556,94,82,12,12
47557,103,88,15,15
47558,72,66,6,6
47559,65,68,-3,3
47560,85,80,5,5
47561,111,98,13,13
47562,88,81,7,7
47563,110,90,20,20
47564,102,87,15,15
47565,59,54,5,5
47566,89,72,17,17
47567,113,92,21,21
47568,65,66,-1,1
47569,148,129,19,19
47570,83,76,7,7
47571,81,72,9,9
47572,88,77,11,11
47573,67,64,3,3
47574,44,47,-3,3
47575,98,95,3,3
47576,89,79,10,10
47577,85,78,7,7
47578,165,136,29,29
47579,58,61,-3,3
47580,118,98,20,20
47581,138,107,31,31
47582,85,71,14,14
47583,77,72,5,5
47584,58,53,5,5
47585,78,66,12,12
47586,94,96,-2,2
47587,51,51,0,0
47588,109,104,5,5
47589,72,69,3,3
47590,71,63,8,8
47591,83,81,2,2
47592,97,86,11,11
47593,81,74,7,7
47594,192,182,10,10
47595,152,126,26,26
47596,101,91,10,10
47597,65,55,10,10
47598,77,73,4,4
47599,130,107,23,23
47600,124,89,35,35
47601,89,85,4,4
47602,105,103,2,2
47603,85,75,10,10
47604,147,130,17,17
47605,108,106,2,2
47606,86,76,10,10
47607,66,63,3,3
47608,62,54,8,8
47609,74,61,13,13
47610,144,112,32,32
47611,77,68,9,9
47612,53,47,6,6
47613,81,70,11,11
47614,121,104,17,17
47615,71,62,9,9
47616,75,59,16,16
47617,105,86,19,19
47618,98,92,6,6
47619,133,121,12,12
47620,115,107,8,8
47621,56,54,2,2
47622,139,119,20,20
47623,108,98,10,10
47624,207,163,44,44
47625,43,54,-11,11
47626,135,115,20,20
47627,122,111,11,11
47628,61,62,-1,1
47629,97,81,16,16
47630,77,67,10,10
47631,123,94,29,29
47632,59,58,1,1
47633,113,106,7,7
47634,125,108,17,17
47635,88,80,8,8
47636,72,62,10,10
47637,137,124,13,13
47638,113,94,19,19
47639,112,93,19,19
47640,60,58,2,2
47641,106,97,9,9
47642,143,125,18,18
47643,91,81,10,10
47644,95,82,13,13
47645,155,124,31,31
47646,106,98,8,8
47647,103,103,0,0
47648,142,113,29,29
47649,76,66,10,10
47650,115,109,6,6
47651,96,109,-13,13
47652,103,86,17,17
47653,106,99,7,7
47654,67,59,8,8
47655,100,87,13,13
47656,103,86,17,17
47657,72,66,6,6
47658,142,118,24,24
47659,32,46,-14,14
47660,137,118,19,19
47661,57,59,-2,2
47662,69,67,2,2
47663,47,51,-4,4
47664,82,68,14,14
47665,113,94,19,19
47666,81,80,1,1
47667,96,87,9,9
47668,67,60,7,7
47669,138,114,24,24
47670,73,63,10,10
47671,62,71,-9,9
47672,45,49,-4,4
47673,106,89,17,17
47674,65,57,8,8
47675,79,70,9,9
47676,109,98,11,11
47677,147,122,25,25
47678,67,57,10,10
47679,94,81,13,13
47680,73,67,6,6
47681,57,60,-3,3
47682,124,101,23,23
47683,68,64,4,4
47684,89,76,13,13
47685,105,86,19,19
47686,64,71,-7,7
47687,78,76,2,2
47688,108,91,17,17
47689,171,151,20,20
47690,92,77,15,15
47691,63,60,3,3
47692,66,64,2,2
47693,85,82,3,3
47694,134,113,21,21
47695,73,65,8,8
47696,85,75,10,10
47697,81,75,6,6
47698,119,103,16,16
47699,64,57,7,7
47700,73,63,10,10
47701,120,95,25,25
47702,122,105,17,17
47703,97,92,5,5
47704,69,66,3,3
47705,88,77,11,11
47706,86,79,7,7
47707,87,79,8,8
47708,152,125,27,27
47709,65,60,5,5
47710,37,50,-13,13
47711,125,100,25,25
47712,117,115,2,2
47713,72,65,7,7
47714,120,124,-4,4
47715,67,63,4,4
47716,147,127,20,20
47717,142,121,21,21
47718,111,84,27,27
47719,104,95,9,9
47720,90,74,16,16
47721,76,69,7,7
47722,82,68,14,14
47723,122,89,33,33
47724,176,146,30,30
47725,97,73,24,24
47726,84,77,7,7
47727,94,78,16,16
47728,175,161,14,14
47729,90,83,7,7
47730,62,57,5,5
47731,116,95,21,21
47732,137,115,22,22
47733,141,117,24,24
47734,96,90,6,6
47735,99,88,11,11
47736,66,56,10,10
47737,183,156,27,27
47738,64,59,5,5
47739,137,128,9,9
47740,51,49,2,2
47741,35,39,-4,4
47742,137,111,26,26
47743,151,139,12,12
47744,115,101,14,14
47745,94,81,13,13
47746,42,43,-1,1
47747,57,59,-2,2
47748,102,99,3,3
47749,59,57,2,2
47750,73,76,-3,3
47751,80,69,11,11
47752,102,98,4,4
47753,111,97,14,14
47754,150,131,19,19
47755,149,122,27,27
47756,129,108,21,21
47757,35,55,-20,20
47758,50,49,1,1
47759,85,76,9,9
47760,90,78,12,12
47761,129,103,26,26
47762,111,103,8,8
47763,80,77,3,3
47764,165,150,15,15
47765,69,62,7,7
47766,132,113,19,19
47767,145,121,24,24
47768,51,49,2,2
47769,152,123,29,29
47770,64,59,5,5
47771,168,138,30,30
47772,100,95,5,5
47773,72,58,14,14
47774,86,79,7,7
47775,67,67,0,0
47776,71,65,6,6
47777,156,132,24,24
47778,92,80,12,12
47779,93,85,8,8
47780,95,90,5,5
47781,113,99,14,14
47782,105,90,15,15
47783,77,75,2,2
47784,96,97,-1,1
47785,103,95,8,8
47786,76,81,-5,5
47787,77,66,11,11
47788,103,82,21,21
47789,80,71,9,9
47790,72,71,1,1
47791,98,87,11,11
47792,94,75,19,19
47793,145,136,9,9
47794,57,50,7,7
47795,95,79,16,16
47796,97,73,24,24
47797,160,132,28,28
47798,161,139,22,22
47799,71,61,10,10
47800,95,79,16,16
47801,100,88,12,12
47802,57,50,7,7
47803,96,85,11,11
47804,70,62,8,8
47805,51,76,-25,25
47806,70,62,8,8
47807,27,33,-6,6
47808,93,77,16,16
47809,110,97,13,13
47810,128,110,18,18
47811,146,141,5,5
47812,81,64,17,17
47813,100,85,15,15
47814,77,64,13,13
47815,57,56,1,1
47816,110,96,14,14
47817,90,82,8,8
47818,105,99,6,6
47819,91,75,16,16
47820,158,139,19,19
47821,79,68,11,11
47822,52,48,4,4
47823,86,72,14,14
47824,100,86,14,14
47825,65,60,5,5
47826,116,96,20,20
47827,75,64,11,11
47828,95,84,11,11
47829,71,68,3,3
47830,87,82,5,5
47831,79,64,15,15
47832,77,71,6,6
47833,55,57,-2,2
47834,94,82,12,12
47835,99,89,10,10
47836,98,89,9,9
47837,95,99,-4,4
47838,123,109,14,14
47839,76,81,-5,5
47840,157,144,13,13
47841,75,71,4,4
47842,114,99,15,15
47843,47,39,8,8
47844,110,96,14,14
47845,122,103,19,19
47846,89,88,1,1
47847,65,62,3,3
47848,63,63,0,0
47849,140,114,26,26
47850,101,90,11,11
47851,132,114,18,18
47852,175,160,15,15
47853,79,68,11,11
47854,97,83,14,14
47855,108,86,22,22
47856,76,62,14,14
47857,80,68,12,12
47858,114,95,19,19
47859,160,147,13,13
47860,101,82,19,19
47861,143,117,26,26
47862,40,46,-6,6
47863,151,129,22,22
47864,111,112,-1,1
47865,105,109,-4,4
47866,93,81,12,12
47867,121,110,11,11
47868,162,133,29,29
47869,91,90,1,1
47870,86,78,8,8
47871,133,126,7,7
47872,69,66,3,3
47873,110,89,21,21
47874,76,65,11,11
47875,70,69,1,1
47876,129,101,28,28
47877,105,87,18,18
47878,118,105,13,13
47879,51,52,-1,1
47880,155,128,27,27
47881,80,73,7,7
47882,91,95,-4,4
47883,87,76,11,11
47884,61,64,-3,3
47885,65,58,7,7
47886,85,80,5,5
47887,89,82,7,7
47888,62,59,3,3
47889,85,77,8,8
47890,65,67,-2,2
47891,127,109,18,18
47892,94,87,7,7
47893,106,94,12,12
47894,72,63,9,9
47895,115,99,16,16
47896,100,80,20,20
47897,56,51,5,5
47898,78,80,-2,2
47899,100,87,13,13
47900,94,85,9,9
47901,104,89,15,15
47902,76,75,1,1
47903,100,85,15,15
47904,114,95,19,19
47905,94,77,17,17
47906,92,84,8,8
47907,51,48,3,3
47908,129,110,19,19
47909,30,33,-3,3
47910,91,90,1,1
47911,72,67,5,5
47912,99,87,12,12
47913,59,53,6,6
47914,103,89,14,14
47915,140,106,34,34
47916,71,68,3,3
47917,77,69,8,8
47918,108,99,9,9
47919,87,70,17,17
47920,150,130,20,20
47921,108,100,8,8
47922,78,69,9,9
47923,143,118,25,25
47924,109,109,0,0
47925,81,75,6,6
47926,82,81,1,1
47927,46,44,2,2
47928,142,115,27,27
47929,54,51,3,3
47930,89,85,4,4
47931,53,50,3,3
47932,73,63,10,10
47933,74,67,7,7
47934,43,38,5,5
47935,89,80,9,9
47936,71,67,4,4
47937,62,69,-7,7
47938,59,59,0,0
47939,114,97,17,17
47940,56,52,4,4
47941,94,87,7,7
47942,102,97,5,5
47943,112,97,15,15
47944,75,68,7,7
47945,77,79,-2,2
47946,124,108,16,16
47947,128,103,25,25
47948,70,72,-2,2
47949,84,129,-45,45
47950,151,124,27,27
47951,113,95,18,18
47952,85,73,12,12
47953,82,92,-10,10
47954,163,144,19,19
47955,124,120,4,4
47956,80,68,12,12
47957,122,133,-11,11
47958,88,71,17,17
47959,66,56,10,10
47960,83,75,8,8
47961,118,100,18,18
47962,57,50,7,7
47963,66,67,-1,1
47964,108,93,15,15
47965,93,89,4,4
47966,51,47,4,4
47967,171,142,29,29
47968,114,93,21,21
47969,45,51,-6,6
47970,86,73,13,13
47971,62,65,-3,3
47972,67,60,7,7
47973,76,73,3,3
47974,108,101,7,7
47975,100,105,-5,5
47976,139,120,19,19
47977,115,104,11,11
47978,144,104,40,40
47979,90,73,17,17
47980,91,73,18,18
47981,75,72,3,3
47982,135,113,22,22
47983,67,69,-2,2
47984,117,92,25,25
47985,127,105,22,22
47986,59,55,4,4
47987,48,50,-2,2
47988,69,63,6,6
47989,93,76,17,17
47990,123,110,13,13
47991,131,127,4,4
47992,105,94,11,11
47993,121,113,8,8
47994,111,104,7,7
47995,43,41,2,2
47996,131,111,20,20
47997,133,110,23,23
47998,74,68,6,6
47999,154,122,32,32
48000,36,36,0,0
48001,83,81,2,2
48002,114,104,10,10
48003,115,96,19,19
48004,117,100,17,17
48005,129,111,18,18
48006,119,103,16,16
48007,65,61,4,4
48008,88,82,6,6
48009,80,68,12,12
48010,43,38,5,5
48011,68,63,5,5
48012,157,128,29,29
48013,104,92,12,12
48014,56,50,6,6
48015,52,53,-1,1
48016,115,99,16,16
48017,64,56,8,8
48018,139,118,21,21
48019,58,55,3,3
48020,105,94,11,11
48021,196,169,27,27
48022,117,96,21,21
48023,108,82,26,26
48024,109,116,-7,7
48025,53,48,5,5
48026,97,80,17,17
48027,89,84,5,5
48028,136,115,21,21
48029,156,144,12,12
48030,107,89,18,18
48031,48,42,6,6
48032,108,101,7,7
48033,151,120,31,31
48034,71,77,-6,6
48035,99,84,15,15
48036,119,90,29,29
48037,131,118,13,13
48038,72,66,6,6
48039,112,97,15,15
48040,142,133,9,9
48041,130,113,17,17
48042,103,96,7,7
48043,136,115,21,21
48044,61,54,7,7
48045,93,82,11,11
48046,124,110,14,14
48047,44,49,-5,5
48048,166,155,11,11
48049,134,120,14,14
48050,85,73,12,12
48051,56,59,-3,3
48052,58,63,-5,5
48053,95,83,12,12
48054,113,98,15,15
48055,80,80,0,0
48056,105,90,15,15
48057,56,48,8,8
48058,79,76,3,3
48059,77,75,2,2
48060,90,79,11,11
48061,68,72,-4,4
48062,65,64,1,1
48063,95,80,15,15
48064,51,53,-2,2
48065,99,86,13,13
48066,81,65,16,16
48067,116,92,24,24
48068,72,69,3,3
48069,55,60,-5,5
48070,144,124,20,20
48071,74,73,1,1
48072,135,126,9,9
48073,60,60,0,0
48074,76,79,-3,3
48075,144,109,35,35
48076,141,112,29,29
48077,80,61,19,19
48078,74,74,0,0
48079,83,75,8,8
48080,76,63,13,13
48081,100,87,13,13
48082,97,84,13,13
48083,141,108,33,33
48084,109,95,14,14
48085,87,97,-10,10
48086,104,91,13,13
48087,69,62,7,7
48088,60,64,-4,4
48089,71,70,1,1
48090,64,60,4,4
48091,69,69,0,0
48092,92,84,8,8
48093,93,81,12,12
48094,88,74,14,14
48095,11,25,-14,14
48096,132,108,24,24
48097,62,67,-5,5
48098,73,82,-9,9
48099,110,91,19,19
48100,84,82,2,2
48101,63,48,15,15
48102,110,96,14,14
48103,61,52,9,9
48104,81,81,0,0
48105,107,103,4,4
48106,161,133,28,28
48107,66,56,10,10
48108,59,62,-3,3
48109,115,109,6,6
48110,113,99,14,14
48111,125,113,12,12
48112,104,95,9,9
48113,90,81,9,9
48114,84,74,10,10
48115,101,93,8,8
48116,151,122,29,29
48117,127,105,22,22
48118,102,89,13,13
48119,85,81,4,4
48120,64,64,0,0
48121,114,101,13,13
48122,104,89,15,15
48123,99,92,7,7
48124,60,54,6,6
48125,102,98,4,4
48126,125,107,18,18
48127,109,107,2,2
48128,106,89,17,17
48129,91,84,7,7
48130,54,64,-10,10
48131,86,91,-5,5
48132,108,104,4,4
48133,61,58,3,3
48134,63,73,-10,10
48135,112,100,12,12
48136,35,36,-1,1
48137,86,75,11,11
48138,79,77,2,2
48139,112,99,13,13
48140,180,154,26,26
48141,94,78,16,16
48142,125,107,18,18
48143,82,71,11,11
48144,94,92,2,2
48145,83,72,11,11
48146,93,89,4,4
48147,89,82,7,7
48148,63,59,4,4
48149,120,110,10,10
48150,91,71,20,20
48151,102,111,-9,9
48152,70,67,3,3
48153,66,60,6,6
48154,73,67,6,6
48155,122,99,23,23
48156,50,52,-2,2
48157,65,70,-5,5
48158,146,127,19,19
48159,72,69,3,3
48160,109,88,21,21
48161,67,61,6,6
48162,138,117,21,21
48163,78,72,6,6
48164,143,127,16,16
48165,82,72,10,10
48166,147,139,8,8
48167,115,102,13,13
48168,107,100,7,7
48169,60,57,3,3
48170,95,78,17,17
48171,95,83,12,12
48172,39,42,-3,3
48173,75,77,-2,2
48174,61,58,3,3
48175,194,178,16,16
48176,67,67,0,0
48177,104,86,18,18
48178,79,74,5,5
48179,57,63,-6,6
48180,45,45,0,0
48181,66,66,0,0
48182,70,63,7,7
48183,61,70,-9,9
48184,93,79,14,14
48185,104,92,12,12
48186,122,119,3,3
48187,64,62,2,2
48188,68,66,2,2
48189,132,117,15,15
48190,55,53,2,2
48191,117,103,14,14
48192,89,74,15,15
48193,83,81,2,2
48194,94,91,3,3
48195,59,51,8,8
48196,149,122,27,27
48197,77,73,4,4
48198,92,87,5,5
48199,84,69,15,15
48200,71,65,6,6
48201,75,65,10,10
48202,123,100,23,23
48203,108,100,8,8
48204,90,83,7,7
48205,99,76,23,23
48206,38,44,-6,6
48207,59,60,-1,1
48208,104,90,14,14
48209,114,113,1,1
48210,83,79,4,4
48211,182,143,39,39
48212,89,76,13,13
48213,77,63,14,14
48214,146,120,26,26
48215,74,67,7,7
48216,73,64,9,9
48217,71,63,8,8
48218,70,60,10,10
48219,139,124,15,15
48220,75,61,14,14
48221,110,115,-5,5
48222,106,98,8,8
48223,150,131,19,19
48224,132,111,21,21
48225,108,88,20,20
48226,56,55,1,1
48227,133,116,17,17
48228,123,98,25,25
48229,58,47,11,11
48230,73,70,3,3
48231,118,95,23,23
48232,83,75,8,8
48233,66,58,8,8
48234,83,76,7,7
48235,89,81,8,8
48236,87,85,2,2
48237,95,85,10,10
48238,57,54,3,3
48239,124,112,12,12
48240,136,117,19,19
48241,102,91,11,11
48242,123,112,11,11
48243,53,48,5,5
48244,59,63,-4,4
48245,150,124,26,26
48246,140,115,25,25
48247,88,79,9,9
48248,140,119,21,21
48249,86,81,5,5
48250,106,92,14,14
48251,127,128,-1,1
48252,88,69,19,19
48253,99,94,5,5
48254,83,72,11,11
48255,81,74,7,7
48256,151,123,28,28
48257,144,132,12,12
48258,55,50,5,5
48259,66,59,7,7
48260,103,90,13,13
48261,100,86,14,14
48262,76,69,7,7
48263,115,100,15,15
48264,135,113,22,22
48265,128,102,26,26
48266,163,130,33,33
48267,81,71,10,10
48268,88,78,10,10
48269,86,102,-16,16
48270,147,120,27,27
48271,179,149,30,30
48272,98,81,17,17
48273,91,76,15,15
48274,145,122,23,23
48275,53,52,1,1
48276,122,110,12,12
48277,79,68,11,11
48278,118,118,0,0
48279,100,83,17,17
48280,76,63,13,13
48281,148,129,19,19
48282,55,33,22,22
48283,80,71,9,9
48284,129,121,8,8
48285,52,57,-5,5
48286,108,95,13,13
48287,71,65,6,6
48288,49,46,3,3
48289,111,96,15,15
48290,97,80,17,17
48291,106,84,22,22
48292,31,29,2,2
48293,62,54,8,8
48294,140,137,3,3
48295,102,84,18,18
48296,68,56,12,12
48297,66,62,4,4
48298,98,92,6,6
48299,29,31,-2,2
48300,162,139,23,23
48301,68,64,4,4
48302,39,45,-6,6
48303,61,57,4,4
48304,126,120,6,6
48305,82,64,18,18
48306,95,77,18,18
48307,86,82,4,4
48308,91,82,9,9
48309,68,76,-8,8
48310,70,65,5,5
48311,56,45,11,11
48312,113,100,13,13
48313,83,68,15,15
48314,185,152,33,33
48315,133,118,15,15
48316,98,85,13,13
48317,47,48,-1,1
48318,86,71,15,15
48319,115,95,20,20
48320,121,100,21,21
48321,130,120,10,10
48322,116,100,16,16
48323,55,49,6,6
48324,88,77,11,11
48325,158,140,18,18
48326,208,179,29,29
48327,104,87,17,17
48328,109,96,13,13
48329,94,91,3,3
48330,49,48,1,1
48331,66,66,0,0
48332,135,132,3,3
48333,112,90,22,22
48334,75,67,8,8
48335,99,88,11,11
48336,98,92,6,6
48337,77,77,0,0
48338,108,87,21,21
48339,81,75,6,6
48340,99,99,0,0
48341,113,85,28,28
48342,68,67,1,1
48343,111,107,4,4
48344,57,58,-1,1
48345,141,113,28,28
48346,96,84,12,12
48347,57,60,-3,3
48348,86,77,9,9
48349,64,76,-12,12
48350,58,55,3,3
48351,68,65,3,3
48352,79,69,10,10
48353,128,115,13,13
48354,133,115,18,18
48355,129,117,12,12
48356,98,83,15,15
48357,126,102,24,24
48358,68,66,2,2
48359,98,83,15,15
48360,76,59,17,17
48361,151,123,28,28
48362,143,127,16,16
48363,81,77,4,4
48364,154,126,28,28
48365,99,91,8,8
48366,58,54,4,4
48367,40,40,0,0
48368,101,90,11,11
48369,88,74,14,14
48370,102,82,20,20
48371,82,70,12,12
48372,80,71,9,9
48373,77,68,9,9
48374,91,79,12,12
48375,133,114,19,19
48376,160,128,32,32
48377,137,117,20,20
48378,110,92,18,18
48379,78,66,12,12
48380,83,77,6,6
48381,68,72,-4,4
48382,85,82,3,3
48383,90,78,12,12
48384,51,49,2,2
48385,95,81,14,14
48386,133,113,20,20
48387,63,61,2,2
48388,64,57,7,7
48389,64,53,11,11
48390,128,114,14,14
48391,94,89,5,5
48392,87,76,11,11
48393,49,49,0,0
48394,66,56,10,10
48395,53,50,3,3
48396,99,88,11,11
48397,55,59,-4,4
48398,166,141,25,25
48399,179,147,32,32
48400,100,83,17,17
48401,97,86,11,11
48402,139,113,26,26
48403,59,55,4,4
48404,175,145,30,30
48405,123,115,8,8
48406,72,67,5,5
48407,77,78,-1,1
48408,86,70,16,16
48409,52,54,-2,2
48410,122,121,1,1
48411,83,73,10,10
48412,109,108,1,1
48413,123,103,20,20
48414,72,67,5,5
48415,86,76,10,10
48416,97,100,-3,3
48417,98,83,15,15
48418,98,80,18,18
48419,72,63,9,9
48420,160,131,29,29
48421,61,56,5,5
48422,91,82,9,9
48423,65,55,10,10
48424,145,123,22,22
48425,60,57,3,3
48426,125,109,16,16
48427,57,56,1,1
48428,117,101,16,16
48429,104,92,12,12
48430,141,119,22,22
48431,65,61,4,4
48432,78,66,12,12
48433,74,70,4,4
48434,82,74,8,8
48435,83,77,6,6
48436,79,74,5,5
48437,79,75,4,4
48438,73,67,6,6
48439,154,124,30,30
48440,89,79,10,10
48441,83,80,3,3
48442,79,70,9,9
48443,167,132,35,35
48444,103,104,-1,1
48445,89,78,11,11
48446,199,158,41,41
48447,63,64,-1,1
48448,67,59,8,8
48449,152,142,10,10
48450,98,92,6,6
48451,78,74,4,4
48452,78,68,10,10
48453,119,111,8,8
48454,93,88,5,5
48455,121,109,12,12
48456,105,81,24,24
48457,184,128,56,56
48458,60,57,3,3
48459,167,132,35,35
48460,51,53,-2,2
48461,114,107,7,7
48462,59,54,5,5
48463,98,93,5,5
48464,62,60,2,2
48465,74,61,13,13
48466,87,74,13,13
48467,84,72,12,12
48468,63,60,3,3
48469,103,86,17,17
48470,133,106,27,27
48471,125,99,26,26
48472,137,122,15,15
48473,82,67,15,15
48474,145,133,12,12
48475,111,102,9,9
48476,117,101,16,16
48477,61,56,5,5
48478,107,101,6,6
48479,127,108,19,19
48480,50,45,5,5
48481,75,64,11,11
48482,173,147,26,26
48483,162,129,33,33
48484,72,75,-3,3
48485,104,92,12,12
48486,84,72,12,12
48487,84,69,15,15
48488,99,89,10,10
48489,109,94,15,15
48490,125,115,10,10
48491,100,90,10,10
48492,108,101,7,7
48493,118,108,10,10
48494,70,70,0,0
48495,67,52,15,15
48496,39,42,-3,3
48497,87,80,7,7
48498,71,74,-3,3
48499,65,61,4,4
48500,185,151,34,34
48501,89,77,12,12
48502,94,81,13,13
48503,68,65,3,3
48504,66,56,10,10
48505,126,106,20,20
48506,99,89,10,10
48507,100,90,10,10
48508,85,77,8,8
48509,38,46,-8,8
48510,170,140,30,30
48511,109,87,22,22
48512,90,75,15,15
48513,58,53,5,5
48514,52,49,3,3
48515,162,157,5,5
48516,60,57,3,3
48517,99,85,14,14
48518,80,69,11,11
48519,82,87,-5,5
48520,112,98,14,14
48521,81,65,16,16
48522,112,116,-4,4
48523,160,129,31,31
48524,44,46,-2,2
48525,60,57,3,3
48526,87,72,15,15
48527,66,57,9,9
48528,54,50,4,4
48529,158,123,35,35
48530,125,111,14,14
48531,61,58,3,3
48532,179,152,27,27
48533,174,132,42,42
48534,86,90,-4,4
48535,86,86,0,0
48536,79,86,-7,7
48537,60,57,3,3
48538,78,66,12,12
48539,128,118,10,10
48540,111,92,19,19
48541,98,90,8,8
48542,142,110,32,32
48543,65,59,6,6
48544,142,113,29,29
48545,176,155,21,21
48546,88,74,14,14
48547,165,142,23,23
48548,85,80,5,5
48549,85,72,13,13
48550,88,83,5,5
48551,97,93,4,4
48552,125,111,14,14
48553,99,86,13,13
48554,83,72,11,11
48555,97,89,8,8
48556,96,82,14,14
48557,62,63,-1,1
48558,99,99,0,0
48559,57,55,2,2
48560,77,75,2,2
48561,77,72,5,5
48562,104,114,-10,10
48563,114,95,19,19
48564,94,79,15,15
48565,67,76,-9,9
48566,112,96,16,16
48567,128,109,19,19
48568,93,86,7,7
48569,115,110,5,5
48570,63,57,6,6
48571,67,67,0,0
48572,136,120,16,16
48573,96,97,-1,1
48574,97,96,1,1
48575,97,96,1,1
48576,100,86,14,14
48577,60,58,2,2
48578,155,154,1,1
48579,80,82,-2,2
48580,92,96,-4,4
48581,130,109,21,21
48582,139,112,27,27
48583,121,105,16,16
48584,58,57,1,1
48585,73,73,0,0
48586,98,87,11,11
48587,95,90,5,5
48588,126,104,22,22
48589,112,96,16,16
48590,82,80,2,2
48591,105,91,14,14
48592,68,72,-4,4
48593,67,70,-3,3
48594,121,110,11,11
48595,164,125,39,39
48596,107,100,7,7
48597,110,97,13,13
48598,125,113,12,12
48599,71,62,9,9
48600,77,75,2,2
48601,97,86,11,11
48602,114,109,5,5
48603,140,125,15,15
48604,57,57,0,0
48605,99,85,14,14
48606,99,86,13,13
48607,52,48,4,4
48608,83,68,15,15
48609,173,200,-27,27
48610,94,91,3,3
48611,47,52,-5,5
48612,58,58,0,0
48613,61,66,-5,5
48614,82,88,-6,6
48615,53,64,-11,11
48616,53,52,1,1
48617,77,71,6,6
48618,88,85,3,3
48619,74,69,5,5
48620,74,64,10,10
48621,150,125,25,25
48622,135,122,13,13
48623,176,165,11,11
48624,53,55,-2,2
48625,140,120,20,20
48626,106,102,4,4
48627,189,148,41,41
48628,104,105,-1,1
48629,71,77,-6,6
48630,66,55,11,11
48631,82,81,1,1
48632,111,110,1,1
48633,114,86,28,28
48634,140,123,17,17
48635,95,90,5,5
48636,152,131,21,21
48637,101,99,2,2
48638,67,56,11,11
48639,47,50,-3,3
48640,73,72,1,1
48641,84,91,-7,7
48642,92,74,18,18
48643,157,140,17,17
48644,128,115,13,13
48645,96,98,-2,2
48646,91,78,13,13
48647,92,78,14,14
48648,132,111,21,21
48649,170,145,25,25
48650,103,78,25,25
48651,46,51,-5,5
48652,123,99,24,24
48653,91,72,19,19
48654,111,101,10,10
48655,144,130,14,14
48656,73,69,4,4
48657,116,98,18,18
48658,137,119,18,18
48659,131,107,24,24
48660,37,38,-1,1
48661,84,80,4,4
48662,91,77,14,14
48663,175,151,24,24
48664,137,121,16,16
48665,91,78,13,13
48666,41,45,-4,4
48667,88,70,18,18
48668,86,73,13,13
48669,67,64,3,3
48670,181,143,38,38
48671,108,93,15,15
48672,51,45,6,6
48673,145,121,24,24
48674,87,78,9,9
48675,42,39,3,3
48676,92,81,11,11
48677,196,157,39,39
48678,43,43,0,0
48679,108,97,11,11
48680,131,107,24,24
48681,105,99,6,6
48682,77,73,4,4
48683,80,72,8,8
48684,144,123,21,21
48685,120,116,4,4
48686,70,64,6,6
48687,62,57,5,5
48688,40,43,-3,3
48689,80,68,12,12
48690,93,78,15,15
48691,41,45,-4,4
48692,90,83,7,7
48693,82,71,11,11
48694,85,84,1,1
48695,103,84,19,19
48696,119,99,20,20
48697,65,62,3,3
48698,85,70,15,15
48699,114,93,21,21
48700,95,80,15,15
48701,39,35,4,4
48702,89,76,13,13
48703,116,108,8,8
48704,133,122,11,11
48705,76,70,6,6
48706,146,123,23,23
48707,55,54,1,1
48708,170,149,21,21
48709,76,67,9,9
48710,89,82,7,7
48711,76,88,-12,12
48712,107,89,18,18
48713,69,60,9,9
48714,94,93,1,1
48715,106,93,13,13
48716,91,73,18,18
48717,158,146,12,12
48718,110,99,11,11
48719,69,67,2,2
48720,90,75,15,15
48721,99,82,17,17
48722,74,65,9,9
48723,94,89,5,5
48724,70,65,5,5
48725,81,88,-7,7
48726,136,127,9,9
48727,89,83,6,6
48728,113,109,4,4
48729,110,91,19,19
48730,137,126,11,11
48731,100,87,13,13
48732,114,97,17,17
48733,122,98,24,24
48734,27,32,-5,5
48735,105,100,5,5
48736,65,66,-1,1
48737,120,118,2,2
48738,68,64,4,4
48739,158,133,25,25
48740,76,72,4,4
48741,123,106,17,17
48742,71,61,10,10
48743,86,77,9,9
48744,68,70,-2,2
48745,118,101,17,17
48746,36,41,-5,5
48747,26,32,-6,6
48748,55,51,4,4
48749,87,76,11,11
48750,117,99,18,18
48751,36,40,-4,4
48752,112,100,12,12
48753,73,61,12,12
48754,93,81,12,12
48755,122,100,22,22
48756,117,99,18,18
48757,116,113,3,3
48758,95,83,12,12
48759,51,49,2,2
48760,81,72,9,9
48761,88,72,16,16
48762,62,60,2,2
48763,84,65,19,19
48764,69,66,3,3
48765,62,63,-1,1
48766,101,96,5,5
48767,112,101,11,11
48768,182,145,37,37
48769,51,56,-5,5
48770,89,82,7,7
48771,123,111,12,12
48772,91,81,10,10
48773,67,66,1,1
48774,150,119,31,31
48775,61,61,0,0
48776,107,91,16,16
48777,53,57,-4,4
48778,79,76,3,3
48779,143,138,5,5
48780,115,106,9,9
48781,66,61,5,5
48782,104,91,13,13
48783,154,143,11,11
48784,96,80,16,16
48785,165,146,19,19
48786,124,113,11,11
48787,108,91,17,17
48788,106,100,6,6
48789,124,116,8,8
48790,91,85,6,6
48791,98,105,-7,7
48792,74,72,2,2
48793,146,132,14,14
48794,136,127,9,9
48795,96,97,-1,1
48796,117,105,12,12
48797,113,97,16,16
48798,118,98,20,20
48799,151,118,33,33
48800,157,139,18,18
48801,98,74,24,24
48802,136,121,15,15
48803,119,120,-1,1
48804,66,58,8,8
48805,144,123,21,21
48806,118,103,15,15
48807,186,159,27,27
48808,91,85,6,6
48809,99,87,12,12
48810,78,74,4,4
48811,81,76,5,5
48812,77,74,3,3
48813,51,48,3,3
48814,81,78,3,3
48815,110,98,12,12
48816,83,74,9,9
48817,75,80,-5,5
48818,73,66,7,7
48819,113,100,13,13
48820,84,71,13,13
48821,94,82,12,12
48822,77,83,-6,6
48823,101,85,16,16
48824,100,80,20,20
48825,68,60,8,8
48826,65,63,2,2
48827,159,144,15,15
48828,66,59,7,7
48829,149,113,36,36
48830,81,88,-7,7
48831,56,53,3,3
48832,149,144,5,5
48833,56,53,3,3
48834,110,99,11,11
48835,61,61,0,0
48836,57,51,6,6
48837,107,98,9,9
48838,58,55,3,3
48839,106,96,10,10
48840,145,112,33,33
48841,70,66,4,4
48842,115,101,14,14
48843,106,78,28,28
48844,144,118,26,26
48845,129,103,26,26
48846,127,118,9,9
48847,223,166,57,57
48848,147,130,17,17
48849,95,82,13,13
48850,34,35,-1,1
48851,66,57,9,9
48852,88,81,7,7
48853,91,77,14,14
48854,90,74,16,16
48855,131,117,14,14
48856,61,61,0,0
48857,66,59,7,7
48858,125,111,14,14
48859,69,61,8,8
48860,73,79,-6,6
48861,87,77,10,10
48862,89,77,12,12
48863,69,70,-1,1
48864,114,104,10,10
48865,64,61,3,3
48866,146,124,22,22
48867,93,88,5,5
48868,54,53,1,1
48869,171,160,11,11
48870,63,60,3,3
48871,70,71,-1,1
48872,61,60,1,1
48873,75,65,10,10
48874,158,128,30,30
48875,65,70,-5,5
48876,93,85,8,8
48877,97,80,17,17
48878,126,85,41,41
48879,122,106,16,16
48880,128,126,2,2
48881,109,99,10,10
48882,90,73,17,17
48883,167,143,24,24
48884,79,64,15,15
48885,56,55,1,1
48886,117,101,16,16
48887,80,71,9,9
48888,48,50,-2,2
48889,72,69,3,3
48890,69,63,6,6
48891,105,91,14,14
48892,103,88,15,15
48893,94,81,13,13
48894,91,76,15,15
48895,117,103,14,14
48896,168,158,10,10
48897,60,56,4,4
48898,93,94,-1,1
48899,110,93,17,17
48900,61,55,6,6
48901,133,113,20,20
48902,124,95,29,29
48903,131,113,18,18
48904,81,73,8,8
48905,78,67,11,11
48906,117,99,18,18
48907,116,103,13,13
48908,75,71,4,4
48909,50,50,0,0
48910,76,64,12,12
48911,120,101,19,19
48912,96,83,13,13
48913,99,111,-12,12
48914,163,139,24,24
48915,136,114,22,22
48916,150,121,29,29
48917,87,87,0,0
48918,116,104,12,12
48919,127,107,20,20
48920,73,64,9,9
48921,110,104,6,6
48922,65,60,5,5
48923,74,69,5,5
48924,98,85,13,13
48925,74,64,10,10
48926,105,94,11,11
48927,92,84,8,8
48928,80,74,6,6
48929,111,100,11,11
48930,93,82,11,11
48931,69,62,7,7
48932,76,73,3,3
48933,59,53,6,6
48934,127,109,18,18
48935,45,48,-3,3
48936,100,72,28,28
48937,111,100,11,11
48938,165,187,-22,22
48939,161,154,7,7
48940,108,100,8,8
48941,85,69,16,16
48942,131,118,13,13
48943,28,40,-12,12
48944,92,78,14,14
48945,55,54,1,1
48946,134,111,23,23
48947,112,92,20,20
48948,123,99,24,24
48949,137,121,16,16
48950,72,73,-1,1
48951,116,97,19,19
48952,136,118,18,18
48953,122,107,15,15
48954,120,108,12,12
48955,85,70,15,15
48956,98,94,4,4
48957,108,112,-4,4
48958,95,87,8,8
48959,71,64,7,7
48960,160,133,27,27
48961,112,103,9,9
48962,98,94,4,4
48963,72,63,9,9
48964,102,91,11,11
48965,95,78,17,17
48966,130,114,16,16
48967,96,84,12,12
48968,123,106,17,17
48969,100,99,1,1
48970,172,145,27,27
48971,55,54,1,1
48972,60,71,-11,11
48973,101,92,9,9
48974,90,94,-4,4
48975,76,79,-3,3
48976,80,71,9,9
48977,100,101,-1,1
48978,61,59,2,2
48979,75,69,6,6
48980,81,90,-9,9
48981,121,106,15,15
48982,81,76,5,5
48983,139,126,13,13
48984,86,68,18,18
48985,94,83,11,11
48986,121,107,14,14
48987,83,70,13,13
48988,127,126,1,1
48989,49,58,-9,9
48990,83,82,1,1
48991,76,68,8,8
48992,113,99,14,14
48993,73,63,10,10
48994,85,77,8,8
48995,97,84,13,13
48996,82,70,12,12
48997,103,94,9,9
48998,68,63,5,5
48999,65,60,5,5
49000,46,51,-5,5
49001,108,93,15,15
49002,96,96,0,0
49003,133,114,19,19
49004,97,87,10,10
49005,62,53,9,9
49006,95,86,9,9
49007,132,107,25,25
49008,164,134,30,30
49009,62,54,8,8
49010,81,77,4,4
49011,91,82,9,9
49012,73,66,7,7
49013,73,66,7,7
49014,105,103,2,2
49015,75,69,6,6
49016,73,59,14,14
49017,94,92,2,2
49018,112,107,5,5
49019,107,86,21,21
49020,79,69,10,10
49021,128,117,11,11
49022,100,84,16,16
49023,68,64,4,4
49024,84,67,17,17
49025,115,124,-9,9
49026,68,65,3,3
49027,50,49,1,1
49028,80,75,5,5
49029,71,67,4,4
49030,115,101,14,14
49031,103,101,2,2
49032,112,95,17,17
49033,95,82,13,13
49034,132,120,12,12
49035,108,97,11,11
49036,89,86,3,3
49037,96,81,15,15
49038,110,95,15,15
49039,103,150,-47,47
49040,113,90,23,23
49041,72,71,1,1
49042,85,84,1,1
49043,106,99,7,7
49044,101,91,10,10
49045,117,118,-1,1
49046,67,69,-2,2
49047,82,73,9,9
49048,61,57,4,4
49049,64,58,6,6
49050,86,82,4,4
49051,89,78,11,11
49052,49,47,2,2
49053,136,107,29,29
49054,137,127,10,10
49055,79,62,17,17
49056,127,100,27,27
49057,130,111,19,19
49058,119,118,1,1
49059,83,69,14,14
49060,98,91,7,7
49061,124,108,16,16
49062,72,79,-7,7
49063,114,105,9,9
49064,144,119,25,25
49065,117,96,21,21
49066,68,64,4,4
49067,41,43,-2,2
49068,88,82,6,6
49069,156,130,26,26
49070,85,74,11,11
49071,99,88,11,11
49072,71,77,-6,6
49073,152,126,26,26
49074,86,73,13,13
49075,95,79,16,16
49076,100,88,12,12
49077,99,90,9,9
49078,137,95,42,42
49079,78,64,14,14
49080,142,118,24,24
49081,80,82,-2,2
49082,70,63,7,7
49083,112,97,15,15
49084,116,107,9,9
49085,76,73,3,3
49086,128,110,18,18
49087,101,86,15,15
49088,111,97,14,14
49089,71,64,7,7
49090,129,113,16,16
49091,170,140,30,30
49092,136,104,32,32
49093,105,88,17,17
49094,117,95,22,22
49095,102,86,16,16
49096,77,72,5,5
49097,103,99,4,4
49098,53,50,3,3
49099,94,92,2,2
49100,73,63,10,10
49101,65,60,5,5
49102,107,115,-8,8
49103,78,78,0,0
49104,83,73,10,10
49105,117,104,13,13
49106,33,30,3,3
49107,97,89,8,8
49108,119,109,10,10
49109,74,65,9,9
49110,96,81,15,15
49111,113,103,10,10
49112,68,73,-5,5
49113,78,68,10,10
49114,123,99,24,24
49115,121,113,8,8
49116,74,66,8,8
49117,100,85,15,15
49118,71,64,7,7
49119,46,47,-1,1
49120,90,83,7,7
49121,63,68,-5,5
49122,94,83,11,11
49123,83,78,5,5
49124,86,79,7,7
49125,116,107,9,9
49126,107,90,17,17
49127,111,109,2,2
49128,211,174,37,37
49129,71,60,11,11
49130,57,61,-4,4
49131,135,124,11,11
49132,111,94,17,17
49133,97,85,12,12
49134,139,123,16,16
49135,96,88,8,8
49136,91,80,11,11
49137,131,119,12,12
49138,134,119,15,15
49139,81,73,8,8
49140,123,102,21,21
49141,122,113,9,9
49142,149,130,19,19
49143,122,99,23,23
49144,114,97,17,17
49145,112,89,23,23
49146,110,93,17,17
49147,111,103,8,8
49148,50,51,-1,1
49149,52,48,4,4
49150,119,116,3,3
49151,67,65,2,2
49152,135,118,17,17
49153,81,68,13,13
49154,122,97,25,25
49155,130,117,13,13
49156,60,56,4,4
49157,108,108,0,0
49158,97,93,4,4
49159,50,51,-1,1
49160,77,66,11,11
49161,106,83,23,23
49162,100,95,5,5
49163,70,69,1,1
49164,99,92,7,7
49165,108,101,7,7
49166,138,111,27,27
49167,132,116,16,16
49168,73,71,2,2
49169,73,72,1,1
49170,111,93,18,18
49171,101,92,9,9
49172,123,112,11,11
49173,80,112,-32,32
49174,56,50,6,6
49175,101,84,17,17
49176,119,107,12,12
49177,125,125,0,0
49178,107,94,13,13
49179,141,126,15,15
49180,110,116,-6,6
49181,91,73,18,18
49182,67,61,6,6
49183,91,84,7,7
49184,62,58,4,4
49185,66,58,8,8
49186,51,65,-14,14
49187,26,35,-9,9
49188,112,100,12,12
49189,85,70,15,15
49190,173,142,31,31
49191,65,55,10,10
49192,71,67,4,4
49193,48,42,6,6
49194,113,107,6,6
49195,111,101,10,10
49196,76,74,2,2
49197,72,66,6,6
49198,104,89,15,15
49199,113,97,16,16
49200,80,70,10,10
49201,129,118,11,11
49202,80,69,11,11
49203,99,90,9,9
49204,98,94,4,4
49205,186,161,25,25
49206,84,79,5,5
49207,46,46,0,0
49208,81,84,-3,3
49209,62,55,7,7
49210,85,74,11,11
49211,63,56,7,7
49212,114,109,5,5
49213,91,81,10,10
49214,100,102,-2,2
49215,53,47,6,6
49216,127,102,25,25
49217,93,77,16,16
49218,59,57,2,2
49219,52,45,7,7
49220,100,88,12,12
49221,73,70,3,3
49222,110,102,8,8
49223,88,68,20,20
49224,87,77,10,10
49225,53,50,3,3
49226,96,87,9,9
49227,70,79,-9,9
49228,80,82,-2,2
49229,80,75,5,5
49230,78,67,11,11
49231,45,38,7,7
49232,97,87,10,10
49233,172,141,31,31
49234,92,84,8,8
49235,72,65,7,7
49236,125,121,4,4
49237,72,69,3,3
49238,156,134,22,22
49239,61,60,1,1
49240,118,110,8,8
49241,89,102,-13,13
49242,126,95,31,31
49243,121,99,22,22
49244,63,67,-4,4
49245,96,81,15,15
49246,123,102,21,21
49247,80,78,2,2
49248,120,108,12,12
49249,75,72,3,3
49250,128,114,14,14
49251,166,143,23,23
49252,129,112,17,17
49253,74,73,1,1
49254,70,70,0,0
49255,75,68,7,7
49256,115,88,27,27
49257,109,94,15,15
49258,86,78,8,8
49259,90,85,5,5
49260,95,82,13,13
49261,102,95,7,7
49262,178,151,27,27
49263,140,118,22,22
49264,148,128,20,20
49265,75,71,4,4
49266,94,77,17,17
49267,83,80,3,3
49268,184,154,30,30
49269,98,83,15,15
49270,36,32,4,4
49271,68,63,5,5
49272,88,78,10,10
49273,71,63,8,8
49274,80,69,11,11
49275,81,74,7,7
49276,98,97,1,1
49277,99,81,18,18
49278,41,45,-4,4
49279,51,50,1,1
49280,161,133,28,28
49281,76,66,10,10
49282,103,91,12,12
49283,86,70,16,16
49284,111,97,14,14
49285,132,108,24,24
49286,91,78,13,13
49287,114,94,20,20
49288,106,89,17,17
49289,140,123,17,17
49290,54,46,8,8
49291,231,184,47,47
49292,74,70,4,4
49293,59,54,5,5
49294,149,119,30,30
49295,98,80,18,18
49296,96,85,11,11
49297,98,92,6,6
49298,29,34,-5,5
49299,80,72,8,8
49300,115,97,18,18
49301,75,63,12,12
49302,93,84,9,9
49303,86,76,10,10
49304,67,55,12,12
49305,56,53,3,3
49306,120,107,13,13
49307,188,153,35,35
49308,31,36,-5,5
49309,51,54,-3,3
49310,55,58,-3,3
49311,81,75,6,6
49312,75,70,5,5
49313,63,62,1,1
49314,85,75,10,10
49315,32,30,2,2
49316,83,81,2,2
49317,86,83,3,3
49318,122,94,28,28
49319,46,46,0,0
49320,122,99,23,23
49321,101,93,8,8
49322,55,62,-7,7
49323,80,63,17,17
49324,106,92,14,14
49325,79,81,-2,2
49326,143,130,13,13
49327,124,113,11,11
49328,128,113,15,15
49329,88,85,3,3
49330,98,91,7,7
49331,207,168,39,39
49332,133,109,24,24
49333,46,44,2,2
49334,115,110,5,5
49335,75,57,18,18
49336,93,79,14,14
49337,99,93,6,6
49338,107,100,7,7
49339,99,86,13,13
49340,78,69,9,9
49341,104,83,21,21
49342,112,104,8,8
49343,75,73,2,2
49344,84,80,4,4
49345,87,84,3,3
49346,83,67,16,16
49347,151,125,26,26
49348,23,36,-13,13
49349,168,140,28,28
49350,62,58,4,4
49351,65,57,8,8
49352,68,64,4,4
49353,110,104,6,6
49354,159,130,29,29
49355,44,48,-4,4
49356,144,123,21,21
49357,71,64,7,7
49358,71,62,9,9
49359,131,98,33,33
49360,148,92,56,56
49361,116,103,13,13
49362,117,93,24,24
49363,116,122,-6,6
49364,95,79,16,16
49365,59,66,-7,7
49366,41,39,2,2
49367,80,81,-1,1
49368,66,64,2,2
49369,98,80,18,18
49370,186,158,28,28
49371,109,94,15,15
49372,97,110,-13,13
49373,74,64,10,10
49374,113,104,9,9
49375,61,52,9,9
49376,108,97,11,11
49377,123,98,25,25
49378,78,74,4,4
49379,57,57,0,0
49380,42,44,-2,2
49381,118,113,5,5
49382,59,54,5,5
49383,96,94,2,2
49384,69,66,3,3
49385,94,77,17,17
49386,84,86,-2,2
49387,182,165,17,17
49388,44,43,1,1
49389,74,75,-1,1
49390,84,64,20,20
49391,173,140,33,33
49392,73,71,2,2
49393,67,61,6,6
49394,84,79,5,5
49395,106,95,11,11
49396,80,76,4,4
49397,79,83,-4,4
49398,61,57,4,4
49399,73,72,1,1
49400,50,45,5,5
49401,94,83,11,11
49402,86,83,3,3
49403,71,61,10,10
49404,60,65,-5,5
49405,126,112,14,14
49406,60,54,6,6
49407,65,54,11,11
49408,83,72,11,11
49409,47,43,4,4
49410,234,169,65,65
49411,101,78,23,23
49412,111,95,16,16
49413,65,55,10,10
49414,50,52,-2,2
49415,63,63,0,0
49416,121,115,6,6
49417,63,48,15,15
49418,105,88,17,17
49419,51,59,-8,8
49420,85,69,16,16
49421,154,122,32,32
49422,130,109,21,21
49423,95,84,11,11
49424,55,53,2,2
49425,95,87,8,8
49426,154,128,26,26
49427,109,94,15,15
49428,57,59,-2,2
49429,109,94,15,15
49430,125,104,21,21
49431,85,71,14,14
49432,76,64,12,12
49433,66,72,-6,6
49434,89,76,13,13
49435,64,59,5,5
49436,46,55,-9,9
49437,79,73,6,6
49438,114,102,12,12
49439,73,62,11,11
49440,130,119,11,11
49441,78,63,15,15
49442,62,64,-2,2
49443,49,46,3,3
49444,65,63,2,2
49445,66,61,5,5
49446,72,70,2,2
49447,81,73,8,8
49448,131,116,15,15
49449,113,101,12,12
49450,103,89,14,14
49451,60,55,5,5
49452,61,56,5,5
49453,62,60,2,2
49454,79,70,9,9
49455,111,120,-9,9
49456,108,95,13,13
49457,124,91,33,33
49458,93,101,-8,8
49459,121,108,13,13
49460,49,43,6,6
49461,72,70,2,2
49462,86,61,25,25
49463,64,60,4,4
49464,95,75,20,20
49465,108,102,6,6
49466,148,128,20,20
49467,71,60,11,11
49468,85,90,-5,5
49469,72,70,2,2
49470,107,96,11,11
49471,121,97,24,24
49472,119,83,36,36
49473,81,94,-13,13
49474,94,86,8,8
49475,147,117,30,30
49476,101,95,6,6
49477,106,98,8,8
49478,59,56,3,3
49479,70,63,7,7
49480,52,47,5,5
49481,89,74,15,15
49482,128,117,11,11
49483,111,106,5,5
49484,146,126,20,20
49485,49,44,5,5
49486,110,91,19,19
49487,119,106,13,13
49488,96,88,8,8
49489,119,104,15,15
49490,140,117,23,23
49491,124,108,16,16
49492,90,75,15,15
49493,68,66,2,2
49494,92,91,1,1
49495,163,132,31,31
49496,77,66,11,11
49497,103,91,12,12
49498,126,98,28,28
49499,70,68,2,2
49500,127,104,23,23
49501,76,73,3,3
49502,138,119,19,19
49503,88,87,1,1
49504,58,71,-13,13
49505,68,62,6,6
49506,146,135,11,11
49507,139,124,15,15
49508,71,71,0,0
49509,143,121,22,22
49510,123,96,27,27
49511,55,55,0,0
49512,93,86,7,7
49513,74,77,-3,3
49514,122,105,17,17
49515,79,75,4,4
49516,75,68,7,7
49517,72,73,-1,1
49518,122,110,12,12
49519,82,73,9,9
49520,66,61,5,5
49521,67,64,3,3
49522,62,58,4,4
49523,108,89,19,19
49524,82,76,6,6
49525,93,87,6,6
49526,57,56,1,1
49527,73,67,6,6
49528,116,92,24,24
49529,97,79,18,18
49530,107,96,11,11
49531,69,63,6,6
49532,118,104,14,14
49533,112,102,10,10
49534,75,72,3,3
49535,128,124,4,4
49536,96,92,4,4
49537,81,76,5,5
49538,149,119,30,30
49539,65,66,-1,1
49540,28,35,-7,7
49541,92,85,7,7
49542,82,67,15,15
49543,65,71,-6,6
49544,130,113,17,17
49545,85,78,7,7
49546,105,97,8,8
49547,119,101,18,18
49548,124,101,23,23
49549,89,78,11,11
49550,52,49,3,3
49551,95,79,16,16
49552,111,111,0,0
49553,110,88,22,22
49554,104,94,10,10
49555,107,103,4,4
49556,79,71,8,8
49557,98,82,16,16
49558,113,102,11,11
49559,59,58,1,1
49560,86,72,14,14
49561,40,41,-1,1
49562,59,51,8,8
49563,108,97,11,11
49564,49,56,-7,7
49565,86,69,17,17
49566,84,69,15,15
49567,93,80,13,13
49568,74,65,9,9
49569,73,68,5,5
49570,89,84,5,5
49571,83,80,3,3
49572,94,90,4,4
49573,103,84,19,19
49574,117,116,1,1
49575,162,136,26,26
49576,72,79,-7,7
49577,107,101,6,6
49578,122,105,17,17
49579,108,100,8,8
49580,96,73,23,23
49581,98,85,13,13
49582,111,102,9,9
49583,51,48,3,3
49584,70,71,-1,1
49585,64,61,3,3
49586,47,44,3,3
49587,45,43,2,2
49588,69,79,-10,10
49589,91,81,10,10
49590,77,61,16,16
49591,83,74,9,9
49592,73,63,10,10
49593,70,65,5,5
49594,228,168,60,60
49595,50,51,-1,1
49596,69,64,5,5
49597,88,77,11,11
49598,76,70,6,6
49599,80,68,12,12
49600,73,65,8,8
49601,86,79,7,7
49602,103,115,-12,12
49603,135,114,21,21
49604,75,75,0,0
49605,78,73,5,5
49606,114,93,21,21
49607,112,107,5,5
49608,66,63,3,3
49609,94,77,17,17
49610,86,71,15,15
49611,86,73,13,13
49612,115,109,6,6
49613,81,68,13,13
49614,96,92,4,4
49615,100,87,13,13
49616,137,115,22,22
49617,71,64,7,7
49618,77,69,8,8
49619,102,86,16,16
49620,83,78,5,5
49621,87,75,12,12
49622,123,97,26,26
49623,65,67,-2,2
49624,59,59,0,0
49625,98,88,10,10
49626,127,122,5,5
49627,141,112,29,29
49628,55,54,1,1
49629,63,61,2,2
49630,102,86,16,16
49631,63,64,-1,1
49632,108,92,16,16
49633,105,90,15,15
49634,57,45,12,12
49635,64,49,15,15
49636,83,73,10,10
49637,97,86,11,11
49638,97,90,7,7
49639,84,83,1,1
49640,117,105,12,12
49641,99,81,18,18
49642,106,95,11,11
49643,101,88,13,13
49644,91,75,16,16
49645,131,110,21,21
49646,162,141,21,21
49647,81,72,9,9
49648,56,55,1,1
49649,120,96,24,24
49650,103,83,20,20
49651,43,41,2,2
49652,59,55,4,4
49653,90,76,14,14
49654,116,98,18,18
49655,55,46,9,9
49656,97,79,18,18
49657,99,83,16,16
49658,52,52,0,0
49659,32,33,-1,1
49660,91,91,0,0
49661,92,84,8,8
49662,52,52,0,0
49663,159,129,30,30
49664,144,113,31,31
49665,115,104,11,11
49666,44,50,-6,6
49667,114,108,6,6
49668,183,151,32,32
49669,94,81,13,13
49670,82,84,-2,2
49671,85,65,20,20
49672,71,62,9,9
49673,151,126,25,25
49674,98,87,11,11
49675,116,105,11,11
49676,108,90,18,18
49677,85,77,8,8
49678,96,103,-7,7
49679,94,100,-6,6
49680,59,57,2,2
49681,81,74,7,7
49682,125,112,13,13
49683,64,66,-2,2
49684,106,87,19,19
49685,89,84,5,5
49686,91,73,18,18
49687,72,58,14,14
49688,69,67,2,2
49689,94,78,16,16
49690,133,111,22,22
49691,115,104,11,11
49692,92,80,12,12
49693,171,133,38,38
49694,108,94,14,14
49695,102,87,15,15
49696,133,123,10,10
49697,89,72,17,17
49698,93,80,13,13
49699,39,48,-9,9
49700,119,98,21,21
49701,116,100,16,16
49702,71,56,15,15
49703,121,112,9,9
49704,109,95,14,14
49705,121,92,29,29
49706,87,83,4,4
49707,73,77,-4,4
49708,103,83,20,20
49709,50,52,-2,2
49710,53,51,2,2
49711,94,85,9,9
49712,143,133,10,10
49713,68,60,8,8
49714,148,121,27,27
49715,54,47,7,7
49716,121,98,23,23
49717,116,112,4,4
49718,91,90,1,1
49719,74,63,11,11
49720,68,64,4,4
49721,129,117,12,12
49722,69,61,8,8
49723,43,49,-6,6
49724,125,110,15,15
49725,101,99,2,2
49726,188,148,40,40
49727,135,110,25,25
49728,57,60,-3,3
49729,96,88,8,8
49730,68,59,9,9
49731,154,127,27,27
49732,101,95,6,6
49733,48,51,-3,3
49734,62,67,-5,5
49735,182,149,33,33
49736,83,70,13,13
49737,52,51,1,1
49738,97,72,25,25
49739,108,81,27,27
49740,90,92,-2,2
49741,88,79,9,9
49742,109,100,9,9
49743,84,87,-3,3
49744,93,93,0,0
49745,87,75,12,12
49746,75,68,7,7
49747,77,76,1,1
49748,159,128,31,31
49749,56,52,4,4
49750,135,105,30,30
49751,42,45,-3,3
49752,42,38,4,4
49753,82,86,-4,4
49754,106,99,7,7
49755,98,96,2,2
49756,59,58,1,1
49757,158,123,35,35
49758,109,105,4,4
49759,93,81,12,12
49760,174,141,33,33
49761,91,82,9,9
49762,138,106,32,32
49763,104,91,13,13
49764,92,85,7,7
49765,67,66,1,1
49766,87,84,3,3
49767,135,113,22,22
49768,102,82,20,20
49769,164,133,31,31
49770,67,66,1,1
49771,106,87,19,19
49772,88,87,1,1
49773,109,95,14,14
49774,97,80,17,17
49775,49,51,-2,2
49776,124,106,18,18
49777,64,58,6,6
49778,160,130,30,30
49779,108,94,14,14
49780,71,62,9,9
49781,108,91,17,17
49782,87,77,10,10
49783,181,147,34,34
49784,100,82,18,18
49785,52,48,4,4
49786,128,109,19,19
49787,84,73,11,11
49788,123,101,22,22
49789,131,115,16,16
49790,113,105,8,8
49791,127,113,14,14
49792,85,80,5,5
49793,71,67,4,4
49794,108,99,9,9
49795,74,64,10,10
49796,160,137,23,23
49797,72,70,2,2
49798,75,68,7,7
49799,122,110,12,12
49800,85,76,9,9
49801,74,74,0,0
49802,44,68,-24,24
49803,110,111,-1,1
49804,64,62,2,2
49805,40,45,-5,5
49806,124,104,20,20
49807,88,80,8,8
49808,123,107,16,16
49809,122,110,12,12
49810,122,107,15,15
49811,104,91,13,13
49812,100,94,6,6
49813,83,70,13,13
49814,50,53,-3,3
49815,93,84,9,9
49816,91,77,14,14
49817,78,71,7,7
49818,121,107,14,14
49819,90,79,11,11
49820,53,52,1,1
49821,112,94,18,18
49822,82,73,9,9
49823,167,142,25,25
49824,97,84,13,13
49825,63,54,9,9
49826,112,98,14,14
49827,102,75,27,27
49828,78,69,9,9
49829,124,105,19,19
49830,60,56,4,4
49831,59,49,10,10
49832,55,57,-2,2
49833,154,129,25,25
49834,86,77,9,9
49835,102,82,20,20
49836,70,67,3,3
49837,47,43,4,4
49838,79,59,20,20
49839,62,54,8,8
49840,114,128,-14,14
49841,117,94,23,23
49842,60,57,3,3
49843,86,68,18,18
49844,152,135,17,17
49845,168,150,18,18
49846,124,122,2,2
49847,60,52,8,8
49848,125,101,24,24
49849,62,62,0,0
49850,88,83,5,5
49851,66,59,7,7
49852,175,139,36,36
49853,88,79,9,9
49854,45,49,-4,4
49855,74,65,9,9
49856,135,117,18,18
49857,106,93,13,13
49858,130,101,29,29
49859,79,77,2,2
49860,81,74,7,7
49861,65,67,-2,2
49862,107,86,21,21
49863,97,80,17,17
49864,76,78,-2,2
49865,116,93,23,23
49866,59,55,4,4
49867,54,58,-4,4
49868,98,85,13,13
49869,128,129,-1,1
49870,106,93,13,13
49871,78,72,6,6
49872,131,116,15,15
49873,69,61,8,8
49874,153,138,15,15
49875,71,67,4,4
49876,67,66,1,1
49877,107,91,16,16
49878,75,89,-14,14
49879,87,81,6,6
49880,94,76,18,18
49881,90,88,2,2
49882,74,74,0,0
49883,135,113,22,22
49884,134,115,19,19
49885,151,124,27,27
49886,92,90,2,2
49887,92,87,5,5
49888,80,70,10,10
49889,91,84,7,7
49890,89,81,8,8
49891,86,75,11,11
49892,76,69,7,7
49893,107,95,12,12
49894,140,113,27,27
49895,85,92,-7,7
49896,85,75,10,10
49897,69,58,11,11
49898,96,84,12,12
49899,62,53,9,9
49900,79,67,12,12
49901,138,105,33,33
49902,115,93,22,22
49903,106,92,14,14
49904,93,81,12,12
49905,122,103,19,19
49906,106,87,19,19
49907,90,81,9,9
49908,88,69,19,19
49909,72,65,7,7
49910,84,83,1,1
49911,138,128,10,10
49912,92,87,5,5
49913,95,86,9,9
49914,86,74,12,12
49915,73,59,14,14
49916,70,73,-3,3
49917,61,59,2,2
49918,161,131,30,30
49919,89,78,11,11
49920,130,110,20,20
49921,99,66,33,33
49922,79,70,9,9
49923,47,53,-6,6
49924,75,80,-5,5
49925,69,62,7,7
49926,78,71,7,7
49927,45,42,3,3
49928,67,70,-3,3
49929,99,97,2,2
49930,92,91,1,1
49931,116,103,13,13
49932,132,108,24,24
49933,88,85,3,3
49934,94,87,7,7
49935,112,107,5,5
49936,40,48,-8,8
49937,58,54,4,4
49938,88,70,18,18
49939,85,75,10,10
49940,86,43,43,43
49941,145,124,21,21
49942,105,90,15,15
49943,99,85,14,14
49944,62,59,3,3
49945,95,86,9,9
49946,90,74,16,16
49947,57,47,10,10
49948,104,88,16,16
49949,70,60,10,10
49950,103,82,21,21
49951,102,86,16,16
49952,56,54,2,2
49953,67,61,6,6
49954,65,62,3,3
49955,65,67,-2,2
49956,100,122,-22,22
49957,77,77,0,0
49958,140,112,28,28
49959,86,70,16,16
49960,123,104,19,19
49961,33,70,-37,37
49962,102,89,13,13
49963,116,101,15,15
49964,63,61,2,2
49965,79,74,5,5
49966,160,132,28,28
49967,60,57,3,3
49968,65,56,9,9
49969,84,77,7,7
49970,67,61,6,6
49971,90,83,7,7
49972,70,74,-4,4
49973,68,65,3,3
49974,104,104,0,0
49975,87,78,9,9
49976,124,96,28,28
49977,128,110,18,18
49978,166,143,23,23
49979,72,69,3,3
49980,54,51,3,3
49981,111,92,19,19
49982,93,78,15,15
49983,107,91,16,16
49984,137,116,21,21
49985,89,76,13,13
49986,68,55,13,13
49987,52,50,2,2
49988,75,75,0,0
49989,79,69,10,10
49990,48,50,-2,2
49991,75,64,11,11
49992,85,75,10,10
49993,78,71,7,7
49994,101,87,14,14
49995,173,134,39,39
49996,90,75,15,15
49997,55,49,6,6
49998,98,94,4,4
49999,131,98,33,33
50000,149,125,24,24
50001,90,78,12,12
50002,51,52,-1,1
50003,68,64,4,4
50004,111,89,22,22
50005,77,73,4,4
50006,150,125,25,25
50007,123,102,21,21
50008,42,45,-3,3
50009,111,96,15,15
50010,73,69,4,4
50011,77,70,7,7
50012,74,75,-1,1
50013,145,118,27,27
50014,77,60,17,17
50015,102,92,10,10
50016,79,73,6,6
50017,65,59,6,6
50018,64,62,2,2
50019,54,41,13,13
50020,127,105,22,22
50021,126,125,1,1
50022,83,75,8,8
50023,108,88,20,20
50024,103,90,13,13
50025,132,115,17,17
50026,141,109,32,32
50027,132,116,16,16
50028,71,67,4,4
50029,111,97,14,14
50030,133,117,16,16
50031,102,91,11,11
50032,57,56,1,1
50033,92,95,-3,3
50034,120,98,22,22
50035,85,72,13,13
50036,86,92,-6,6
50037,79,67,12,12
50038,69,71,-2,2
50039,63,50,13,13
50040,118,107,11,11
50041,132,117,15,15
50042,72,68,4,4
50043,98,99,-1,1
50044,110,99,11,11
50045,105,97,8,8
50046,67,62,5,5
50047,92,86,6,6
50048,118,116,2,2
50049,134,104,30,30
50050,70,63,7,7
50051,129,106,23,23
50052,67,58,9,9
50053,36,28,8,8
50054,137,125,12,12
50055,40,48,-8,8
50056,89,81,8,8
50057,89,79,10,10
50058,83,73,10,10
50059,70,78,-8,8
50060,125,110,15,15
50061,113,94,19,19
50062,64,59,5,5
50063,101,84,17,17
50064,92,74,18,18
50065,118,102,16,16
50066,70,65,5,5
50067,87,106,-19,19
50068,112,95,17,17
50069,195,169,26,26
50070,122,105,17,17
50071,59,59,0,0
50072,155,127,28,28
50073,131,107,24,24
50074,143,106,37,37
50075,117,94,23,23
50076,120,101,19,19
50077,113,96,17,17
50078,102,90,12,12
50079,131,107,24,24
50080,105,89,16,16
50081,87,81,6,6
50082,66,61,5,5
50083,122,124,-2,2
50084,116,94,22,22
50085,104,92,12,12
50086,51,49,2,2
50087,90,81,9,9
50088,87,78,9,9
50089,93,92,1,1
50090,61,62,-1,1
50091,106,99,7,7
50092,47,50,-3,3
50093,80,71,9,9
50094,74,64,10,10
50095,50,54,-4,4
50096,167,144,23,23
50097,56,50,6,6
50098,110,107,3,3
50099,160,119,41,41
50100,105,100,5,5
50101,63,56,7,7
50102,97,88,9,9
50103,98,85,13,13
50104,108,97,11,11
50105,105,96,9,9
50106,119,96,23,23
50107,144,118,26,26
50108,65,60,5,5
50109,112,94,18,18
50110,113,92,21,21
50111,98,96,2,2
50112,83,72,11,11
50113,170,143,27,27
50114,88,83,5,5
50115,109,90,19,19
50116,92,79,13,13
50117,121,107,14,14
50118,58,50,8,8
50119,96,115,-19,19
50120,108,92,16,16
50121,150,130,20,20
50122,78,70,8,8
50123,43,41,2,2
50124,49,53,-4,4
50125,173,135,38,38
50126,100,87,13,13
50127,104,91,13,13
50128,76,80,-4,4
50129,108,98,10,10
50130,148,121,27,27
50131,74,67,7,7
50132,72,59,13,13
50133,78,62,16,16
50134,108,97,11,11
50135,92,85,7,7
50136,94,88,6,6
50137,104,94,10,10
50138,102,99,3,3
50139,70,64,6,6
50140,88,76,12,12
50141,104,96,8,8
50142,115,85,30,30
50143,87,71,16,16
50144,110,98,12,12
50145,70,71,-1,1
50146,78,72,6,6
50147,80,75,5,5
50148,56,53,3,3
50149,125,111,14,14
50150,79,69,10,10
50151,90,75,15,15
50152,134,115,19,19
50153,123,110,13,13
50154,116,90,26,26
50155,79,74,5,5
50156,100,104,-4,4
50157,55,54,1,1
50158,86,75,11,11
50159,125,113,12,12
50160,68,62,6,6
50161,73,72,1,1
50162,103,85,18,18
50163,172,152,20,20
50164,18,28,-10,10
50165,80,74,6,6
50166,64,56,8,8
50167,90,80,10,10
50168,100,93,7,7
50169,52,57,-5,5
50170,199,164,35,35
50171,90,82,8,8
50172,80,87,-7,7
50173,138,126,12,12
50174,64,65,-1,1
50175,101,86,15,15
50176,116,118,-2,2
50177,134,106,28,28
50178,113,95,18,18
50179,84,74,10,10
50180,55,66,-11,11
50181,194,159,35,35
50182,81,79,2,2
50183,100,87,13,13
50184,97,89,8,8
50185,64,60,4,4
50186,55,53,2,2
50187,68,66,2,2
50188,103,91,12,12
50189,102,82,20,20
50190,68,59,9,9
50191,95,82,13,13
50192,74,70,4,4
50193,77,54,23,23
50194,97,93,4,4
50195,77,65,12,12
50196,124,107,17,17
50197,62,61,1,1
50198,78,75,3,3
50199,149,125,24,24
50200,53,57,-4,4
50201,80,73,7,7
50202,82,80,2,2
50203,69,65,4,4
50204,80,81,-1,1
50205,45,42,3,3
50206,66,64,2,2
50207,46,47,-1,1
50208,82,77,5,5
50209,45,47,-2,2
50210,105,91,14,14
50211,109,88,21,21
50212,89,81,8,8
50213,69,63,6,6
50214,132,98,34,34
50215,106,96,10,10
50216,132,112,20,20
50217,141,116,25,25
50218,282,229,53,53
50219,151,145,6,6
50220,93,81,12,12
50221,129,119,10,10
50222,82,85,-3,3
50223,72,71,1,1
50224,86,76,10,10
50225,42,39,3,3
50226,85,72,13,13
50227,105,87,18,18
50228,110,96,14,14
50229,50,50,0,0
50230,88,91,-3,3
50231,98,79,19,19
50232,85,70,15,15
50233,122,110,12,12
50234,122,129,-7,7
50235,124,114,10,10
50236,77,73,4,4
50237,117,104,13,13
50238,98,100,-2,2
50239,90,76,14,14
50240,129,108,21,21
50241,88,88,0,0
50242,73,67,6,6
50243,77,73,4,4
50244,139,128,11,11
50245,96,80,16,16
50246,102,85,17,17
50247,87,83,4,4
50248,70,64,6,6
50249,159,138,21,21
50250,60,57,3,3
50251,69,60,9,9
50252,113,101,12,12
50253,156,131,25,25
50254,118,98,20,20
50255,53,51,2,2
50256,104,101,3,3
50257,83,70,13,13
50258,67,58,9,9
50259,95,96,-1,1
50260,103,90,13,13
50261,132,130,2,2
50262,115,96,19,19
50263,89,82,7,7
50264,107,89,18,18
50265,99,93,6,6
50266,97,87,10,10
50267,54,55,-1,1
50268,101,91,10,10
50269,97,79,18,18
50270,81,79,2,2
50271,150,140,10,10
50272,76,91,-15,15
50273,87,84,3,3
50274,101,107,-6,6
50275,51,50,1,1
50276,99,86,13,13
50277,76,67,9,9
50278,170,140,30,30
50279,129,99,30,30
50280,73,73,0,0
50281,172,158,14,14
50282,142,124,18,18
50283,104,93,11,11
50284,125,104,21,21
50285,51,50,1,1
50286,127,114,13,13
50287,150,124,26,26
50288,71,67,4,4
50289,129,119,10,10
50290,92,89,3,3
50291,83,73,10,10
50292,82,75,7,7
50293,143,134,9,9
50294,105,93,12,12
50295,60,55,5,5
50296,79,77,2,2
50297,26,32,-6,6
50298,131,103,28,28
50299,90,77,13,13
50300,72,66,6,6
50301,62,61,1,1
50302,76,65,11,11
50303,138,125,13,13
50304,81,71,10,10
50305,108,91,17,17
50306,88,86,2,2
50307,115,109,6,6
50308,123,106,17,17
50309,89,87,2,2
50310,123,107,16,16
50311,104,87,17,17
50312,67,59,8,8
50313,82,82,0,0
50314,68,56,12,12
50315,72,62,10,10
50316,92,81,11,11
50317,60,57,3,3
50318,76,82,-6,6
50319,91,94,-3,3
50320,95,76,19,19
50321,101,95,6,6
50322,96,88,8,8
50323,122,107,15,15
50324,139,122,17,17
50325,141,104,37,37
50326,89,79,10,10
50327,103,103,0,0
50328,51,51,0,0
50329,75,76,-1,1
50330,107,104,3,3
50331,64,61,3,3
50332,54,53,1,1
50333,90,74,16,16
50334,75,73,2,2
50335,136,118,18,18
50336,99,96,3,3
50337,128,123,5,5
50338,125,98,27,27
50339,131,106,25,25
50340,61,51,10,10
50341,60,53,7,7
50342,70,75,-5,5
50343,136,124,12,12
50344,91,75,16,16
50345,74,70,4,4
50346,63,64,-1,1
50347,113,93,20,20
50348,78,63,15,15
50349,208,163,45,45
50350,153,130,23,23
50351,154,134,20,20
50352,92,80,12,12
50353,61,58,3,3
50354,88,85,3,3
50355,53,64,-11,11
50356,60,54,6,6
50357,101,88,13,13
50358,108,94,14,14
50359,70,62,8,8
50360,73,67,6,6
50361,86,79,7,7
50362,63,55,8,8
50363,105,98,7,7
50364,72,60,12,12
50365,145,119,26,26
50366,71,63,8,8
50367,148,117,31,31
50368,68,75,-7,7
50369,158,128,30,30
50370,176,148,28,28
50371,98,76,22,22
50372,151,124,27,27
50373,72,83,-11,11
50374,48,49,-1,1
50375,77,67,10,10
50376,65,58,7,7
50377,107,98,9,9
50378,93,77,16,16
50379,103,99,4,4
50380,95,86,9,9
50381,45,46,-1,1
50382,148,126,22,22
50383,130,115,15,15
50384,123,105,18,18
50385,91,81,10,10
50386,127,134,-7,7
50387,66,70,-4,4
50388,71,64,7,7
50389,133,112,21,21
50390,111,102,9,9
50391,92,91,1,1
50392,72,65,7,7
50393,70,64,6,6
50394,158,134,24,24
50395,56,51,5,5
50396,63,61,2,2
50397,73,67,6,6
50398,170,137,33,33
50399,118,107,11,11
50400,83,86,-3,3
50401,59,59,0,0
50402,95,75,20,20
50403,79,59,20,20
50404,79,67,12,12
50405,103,111,-8,8
50406,127,109,18,18
50407,93,87,6,6
50408,82,72,10,10
50409,48,48,0,0
50410,90,82,8,8
50411,76,62,14,14
50412,91,85,6,6
50413,43,46,-3,3
50414,66,64,2,2
50415,55,53,2,2
50416,93,83,10,10
50417,102,86,16,16
50418,56,53,3,3
50419,91,81,10,10
50420,126,114,12,12
50421,78,77,1,1
50422,81,71,10,10
50423,103,92,11,11
50424,114,97,17,17
50425,103,90,13,13
50426,137,124,13,13
50427,111,95,16,16
50428,71,66,5,5
50429,99,79,20,20
50430,118,102,16,16
50431,145,121,24,24
50432,83,71,12,12
50433,59,47,12,12
50434,79,74,5,5
50435,60,56,4,4
50436,59,51,8,8
50437,109,101,8,8
50438,74,70,4,4
50439,125,119,6,6
50440,112,91,21,21
50441,74,67,7,7
50442,149,127,22,22
50443,79,81,-2,2
50444,76,69,7,7
50445,124,107,17,17
50446,62,61,1,1
50447,59,67,-8,8
50448,190,152,38,38
50449,62,75,-13,13
50450,105,104,1,1
50451,97,75,22,22
50452,128,107,21,21
50453,113,101,12,12
50454,98,82,16,16
50455,37,40,-3,3
50456,136,123,13,13
50457,79,85,-6,6
50458,47,51,-4,4
50459,98,76,22,22
50460,101,95,6,6
50461,87,79,8,8
50462,49,54,-5,5
50463,88,67,21,21
50464,92,77,15,15
50465,128,114,14,14
50466,111,97,14,14
50467,106,96,10,10
50468,57,56,1,1
50469,95,92,3,3
50470,60,52,8,8
50471,131,107,24,24
50472,88,76,12,12
50473,83,80,3,3
50474,109,94,15,15
50475,114,103,11,11
50476,84,78,6,6
50477,85,78,7,7
50478,86,78,8,8
50479,76,70,6,6
50480,112,88,24,24
50481,106,101,5,5
50482,56,55,1,1
50483,120,110,10,10
50484,53,55,-2,2
50485,32,49,-17,17
50486,184,162,22,22
50487,82,73,9,9
50488,66,58,8,8
50489,67,70,-3,3
50490,123,109,14,14
50491,123,105,18,18
50492,146,114,32,32
50493,74,68,6,6
50494,113,92,21,21
50495,102,95,7,7
50496,143,118,25,25
50497,88,77,11,11
50498,136,113,23,23
50499,149,136,13,13
50500,165,144,21,21
50501,59,56,3,3
50502,87,76,11,11
50503,85,71,14,14
50504,54,60,-6,6
50505,48,43,5,5
50506,73,63,10,10
50507,74,65,9,9
50508,125,120,5,5
50509,71,57,14,14
50510,36,37,-1,1
50511,127,103,24,24
50512,71,63,8,8
50513,92,82,10,10
50514,55,52,3,3
50515,62,54,8,8
50516,76,62,14,14
50517,64,58,6,6
50518,129,111,18,18
50519,147,125,22,22
50520,69,70,-1,1
50521,76,63,13,13
50522,86,79,7,7
50523,66,52,14,14
50524,76,65,11,11
50525,74,71,3,3
50526,54,52,2,2
50527,109,100,9,9
50528,141,123,18,18
50529,55,55,0,0
50530,121,97,24,24
50531,79,75,4,4
50532,80,69,11,11
50533,156,138,18,18
50534,44,38,6,6
50535,114,93,21,21
50536,105,92,13,13
50537,73,67,6,6
50538,84,75,9,9
50539,176,148,28,28
50540,62,58,4,4
50541,121,103,18,18
50542,114,103,11,11
50543,87,83,4,4
50544,77,78,-1,1
50545,64,57,7,7
50546,165,135,30,30
50547,139,134,5,5
50548,121,104,17,17
50549,97,82,15,15
50550,193,146,47,47
50551,125,120,5,5
50552,76,100,-24,24
50553,54,44,10,10
50554,134,123,11,11
50555,72,67,5,5
50556,96,84,12,12
50557,37,36,1,1
50558,125,104,21,21
50559,87,72,15,15
50560,33,38,-5,5
50561,71,65,6,6
50562,53,49,4,4
50563,59,53,6,6
50564,110,91,19,19
50565,82,77,5,5
50566,110,95,15,15
50567,64,56,8,8
50568,65,61,4,4
50569,134,112,22,22
50570,58,54,4,4
50571,90,85,5,5
50572,79,78,1,1
50573,66,80,-14,14
50574,88,91,-3,3
50575,89,114,-25,25
50576,124,109,15,15
50577,111,98,13,13
50578,144,114,30,30
50579,131,118,13,13
50580,133,116,17,17
50581,104,94,10,10
50582,63,61,2,2
50583,72,63,9,9
50584,76,66,10,10
50585,59,52,7,7
50586,110,93,17,17
50587,69,62,7,7
50588,112,100,12,12
50589,41,50,-9,9
50590,135,116,19,19
50591,101,111,-10,10
50592,86,75,11,11
50593,116,113,3,3
50594,88,79,9,9
50595,74,76,-2,2
50596,41,44,-3,3
50597,91,91,0,0
50598,164,137,27,27
50599,58,50,8,8
50600,203,165,38,38
50601,84,80,4,4
50602,91,68,23,23
50603,98,91,7,7
50604,123,113,10,10
50605,63,57,6,6
50606,88,73,15,15
50607,92,91,1,1
50608,117,103,14,14
50609,72,62,10,10
50610,69,63,6,6
50611,77,69,8,8
50612,77,69,8,8
50613,73,62,11,11
50614,94,85,9,9
50615,118,101,17,17
50616,98,88,10,10
50617,82,75,7,7
50618,137,116,21,21
50619,84,83,1,1
50620,113,95,18,18
50621,145,121,24,24
50622,67,62,5,5
50623,101,95,6,6
50624,37,49,-12,12
50625,49,53,-4,4
50626,63,63,0,0
50627,76,71,5,5
50628,216,164,52,52
50629,138,127,11,11
50630,96,87,9,9
50631,76,78,-2,2
50632,66,59,7,7
50633,55,44,11,11
50634,92,82,10,10
50635,83,75,8,8
50636,107,107,0,0
50637,124,101,23,23
50638,78,69,9,9
50639,149,134,15,15
50640,154,131,23,23
50641,67,59,8,8
50642,82,74,8,8
50643,99,89,10,10
50644,107,97,10,10
50645,156,132,24,24
50646,174,173,1,1
50647,103,90,13,13
50648,116,103,13,13
50649,44,36,8,8
50650,108,97,11,11
50651,94,94,0,0
50652,63,62,1,1
50653,95,84,11,11
50654,57,56,1,1
50655,72,70,2,2
50656,72,63,9,9
50657,101,93,8,8
50658,94,107,-13,13
50659,86,67,19,19
50660,157,131,26,26
50661,56,51,5,5
50662,77,72,5,5
50663,76,78,-2,2
50664,164,144,20,20
50665,68,71,-3,3
50666,65,68,-3,3
50667,124,105,19,19
50668,62,55,7,7
50669,138,114,24,24
50670,146,128,18,18
50671,135,138,-3,3
50672,124,96,28,28
50673,105,90,15,15
50674,71,61,10,10
50675,84,76,8,8
50676,84,67,17,17
50677,70,62,8,8
50678,112,93,19,19
50679,127,110,17,17
50680,51,102,-51,51
50681,104,93,11,11
50682,96,91,5,5
50683,97,76,21,21
50684,72,67,5,5
50685,117,101,16,16
50686,115,116,-1,1
50687,76,72,4,4
50688,98,88,10,10
50689,70,66,4,4
50690,97,99,-2,2
50691,131,128,3,3
50692,50,48,2,2
50693,68,59,9,9
50694,64,60,4,4
50695,103,96,7,7
50696,48,44,4,4
50697,106,93,13,13
50698,80,73,7,7
50699,131,118,13,13
50700,59,58,1,1
50701,196,162,34,34
50702,143,134,9,9
50703,74,64,10,10
50704,69,67,2,2
50705,70,67,3,3
50706,114,94,20,20
50707,70,59,11,11
50708,42,44,-2,2
50709,112,110,2,2
50710,79,66,13,13
50711,159,140,19,19
50712,121,97,24,24
50713,69,65,4,4
50714,93,76,17,17
50715,90,82,8,8
50716,91,85,6,6
50717,65,62,3,3
50718,136,127,9,9
50719,65,62,3,3
50720,51,53,-2,2
50721,131,109,22,22
50722,81,77,4,4
50723,60,107,-47,47
50724,99,84,15,15
50725,37,65,-28,28
50726,131,104,27,27
50727,164,130,34,34
50728,63,59,4,4
50729,208,163,45,45
50730,40,49,-9,9
50731,94,95,-1,1
50732,114,103,11,11
50733,72,69,3,3
50734,83,70,13,13
50735,65,65,0,0
50736,124,112,12,12
50737,45,47,-2,2
50738,78,69,9,9
50739,139,114,25,25
50740,63,60,3,3
50741,88,84,4,4
50742,81,75,6,6
50743,79,65,14,14
50744,106,94,12,12
50745,129,109,20,20
50746,107,99,8,8
50747,67,68,-1,1
50748,119,102,17,17
50749,96,89,7,7
50750,96,78,18,18
50751,64,63,1,1
50752,110,103,7,7
50753,122,112,10,10
50754,159,141,18,18
50755,84,80,4,4
50756,78,69,9,9
50757,186,160,26,26
50758,77,71,6,6
50759,95,81,14,14
50760,78,70,8,8
50761,84,97,-13,13
50762,115,99,16,16
50763,104,96,8,8
50764,84,68,16,16
50765,94,81,13,13
50766,103,88,15,15
50767,120,104,16,16
50768,80,74,6,6
50769,63,51,12,12
50770,113,111,2,2
50771,82,79,3,3
50772,111,101,10,10
50773,103,93,10,10
50774,122,106,16,16
50775,81,75,6,6
50776,141,129,12,12
50777,122,111,11,11
50778,136,118,18,18
50779,67,64,3,3
50780,91,91,0,0
50781,86,77,9,9
50782,97,81,16,16
50783,42,62,-20,20
50784,63,62,1,1
50785,118,105,13,13
50786,81,82,-1,1
50787,62,51,11,11
50788,55,57,-2,2
50789,89,81,8,8
50790,71,63,8,8
50791,57,60,-3,3
50792,83,79,4,4
50793,153,131,22,22
50794,106,88,18,18
50795,122,99,23,23
50796,76,68,8,8
50797,90,85,5,5
50798,70,75,-5,5
50799,33,32,1,1
50800,83,72,11,11
50801,50,56,-6,6
50802,118,99,19,19
50803,115,100,15,15
50804,45,42,3,3
50805,58,52,6,6
50806,38,39,-1,1
50807,97,92,5,5
50808,39,45,-6,6
50809,28,31,-3,3
50810,117,107,10,10
50811,115,92,23,23
50812,121,104,17,17
50813,105,96,9,9
50814,88,77,11,11
50815,64,63,1,1
50816,85,79,6,6
50817,103,79,24,24
50818,76,68,8,8
50819,60,57,3,3
50820,73,73,0,0
50821,70,59,11,11
50822,54,51,3,3
50823,83,83,0,0
50824,77,68,9,9
50825,58,50,8,8
50826,105,85,20,20
50827,145,124,21,21
50828,119,88,31,31
50829,100,88,12,12
50830,84,79,5,5
50831,88,73,15,15
50832,90,77,13,13
50833,65,67,-2,2
50834,131,113,18,18
50835,76,82,-6,6
50836,166,151,15,15
50837,52,46,6,6
50838,156,138,18,18
50839,139,133,6,6
50840,80,70,10,10
50841,73,73,0,0
50842,94,82,12,12
50843,83,76,7,7
50844,108,90,18,18
50845,71,67,4,4
50846,98,96,2,2
50847,94,84,10,10
50848,99,86,13,13
50849,29,32,-3,3
50850,85,74,11,11
50851,92,83,9,9
50852,96,86,10,10
50853,107,91,16,16
50854,31,48,-17,17
50855,80,63,17,17
50856,86,77,9,9
50857,147,123,24,24
50858,113,104,9,9
50859,58,56,2,2
50860,69,65,4,4
50861,81,76,5,5
50862,105,94,11,11
50863,146,112,34,34
50864,126,107,19,19
50865,72,66,6,6
50866,110,94,16,16
50867,140,128,12,12
50868,93,79,14,14
50869,88,81,7,7
50870,84,95,-11,11
50871,57,53,4,4
50872,78,67,11,11
50873,76,68,8,8
50874,143,111,32,32
50875,108,126,-18,18
50876,45,52,-7,7
50877,87,90,-3,3
50878,77,70,7,7
50879,96,104,-8,8
50880,84,75,9,9
50881,60,57,3,3
50882,74,73,1,1
50883,83,74,9,9
50884,69,60,9,9
50885,58,47,11,11
50886,73,65,8,8
50887,81,78,3,3
50888,106,88,18,18
50889,140,133,7,7
50890,75,71,4,4
50891,102,95,7,7
50892,137,105,32,32
50893,63,83,-20,20
50894,80,69,11,11
50895,65,68,-3,3
50896,151,130,21,21
50897,138,128,10,10
50898,104,85,19,19
50899,142,122,20,20
50900,77,77,0,0
50901,102,96,6,6
50902,83,74,9,9
50903,74,72,2,2
50904,113,99,14,14
50905,115,98,17,17
50906,86,84,2,2
50907,66,55,11,11
50908,123,102,21,21
50909,173,145,28,28
50910,138,127,11,11
50911,121,107,14,14
50912,187,163,24,24
50913,103,84,19,19
50914,93,135,-42,42
50915,134,112,22,22
50916,84,70,14,14
50917,140,117,23,23
50918,139,114,25,25
50919,112,106,6,6
50920,81,70,11,11
50921,48,44,4,4
50922,111,96,15,15
50923,133,111,22,22
50924,158,134,24,24
50925,47,49,-2,2
50926,115,111,4,4
50927,59,60,-1,1
50928,136,114,22,22
50929,86,82,4,4
50930,89,87,2,2
50931,104,96,8,8
50932,88,81,7,7
50933,68,65,3,3
50934,105,84,21,21
50935,122,98,24,24
50936,93,76,17,17
50937,172,145,27,27
50938,77,76,1,1
50939,141,117,24,24
50940,106,99,7,7
50941,102,96,6,6
50942,136,111,25,25
50943,83,70,13,13
50944,60,60,0,0
50945,90,93,-3,3
50946,69,65,4,4
50947,96,85,11,11
50948,101,90,11,11
50949,90,71,19,19
50950,95,91,4,4
50951,80,82,-2,2
50952,91,86,5,5
50953,125,107,18,18
50954,85,74,11,11
50955,129,118,11,11
50956,117,105,12,12
50957,77,69,8,8
50958,82,82,0,0
50959,135,115,20,20
50960,120,105,15,15
50961,89,71,18,18
50962,161,142,19,19
50963,70,65,5,5
50964,60,61,-1,1
50965,172,144,28,28
50966,136,119,17,17
50967,86,71,15,15
50968,106,99,7,7
50969,107,99,8,8
50970,98,89,9,9
50971,120,126,-6,6
50972,158,135,23,23
50973,61,55,6,6
50974,101,87,14,14
50975,94,87,7,7
50976,60,63,-3,3
50977,68,63,5,5
50978,99,80,19,19
50979,56,50,6,6
50980,110,85,25,25
50981,102,92,10,10
50982,83,77,6,6
50983,92,83,9,9
50984,77,70,7,7
50985,125,125,0,0
50986,79,64,15,15
50987,67,59,8,8
50988,113,101,12,12
50989,122,111,11,11
50990,131,115,16,16
50991,104,87,17,17
50992,89,93,-4,4
50993,92,82,10,10
50994,217,145,72,72
50995,45,45,0,0
50996,69,70,-1,1
50997,112,104,8,8
50998,146,111,35,35
50999,95,88,7,7
51000,91,85,6,6
51001,70,67,3,3
51002,75,77,-2,2
51003,95,87,8,8
51004,112,90,22,22
51005,58,56,2,2
51006,54,50,4,4
51007,94,88,6,6
51008,108,92,16,16
51009,89,83,6,6
51010,90,79,11,11
51011,129,110,19,19
51012,105,89,16,16
51013,94,85,9,9
51014,132,135,-3,3
51015,95,76,19,19
51016,68,54,14,14
51017,97,82,15,15
51018,128,106,22,22
51019,116,104,12,12
51020,93,84,9,9
51021,89,75,14,14
51022,176,157,19,19
51023,172,154,18,18
51024,54,49,5,5
51025,60,58,2,2
51026,39,44,-5,5
51027,96,76,20,20
51028,60,70,-10,10
51029,52,50,2,2
51030,105,93,12,12
51031,137,120,17,17
51032,151,120,31,31
51033,108,110,-2,2
51034,100,90,10,10
51035,68,63,5,5
51036,99,89,10,10
51037,100,90,10,10
51038,112,95,17,17
51039,78,64,14,14
51040,110,97,13,13
51041,70,62,8,8
51042,122,105,17,17
51043,72,75,-3,3
51044,191,152,39,39
51045,106,97,9,9
51046,102,88,14,14
51047,130,106,24,24
51048,83,74,9,9
51049,70,65,5,5
51050,93,91,2,2
51051,98,83,15,15
51052,72,67,5,5
51053,121,98,23,23
51054,157,131,26,26
51055,72,71,1,1
51056,88,78,10,10
51057,109,95,14,14
51058,129,110,19,19
51059,185,152,33,33
51060,82,80,2,2
51061,45,39,6,6
51062,47,51,-4,4
51063,75,75,0,0
51064,107,88,19,19
51065,73,68,5,5
51066,90,81,9,9
51067,69,67,2,2
51068,100,99,1,1
51069,87,71,16,16
51070,56,52,4,4
51071,83,70,13,13
51072,140,126,14,14
51073,64,53,11,11
51074,97,86,11,11
51075,86,78,8,8
51076,129,104,25,25
51077,119,96,23,23
51078,85,77,8,8
51079,109,93,16,16
51080,92,83,9,9
51081,152,120,32,32
51082,74,71,3,3
51083,147,182,-35,35
51084,117,103,14,14
51085,85,91,-6,6
51086,115,111,4,4
51087,96,82,14,14
51088,109,101,8,8
51089,70,64,6,6
51090,107,92,15,15
51091,71,77,-6,6
51092,80,76,4,4
51093,117,101,16,16
51094,149,134,15,15
51095,74,67,7,7
51096,100,84,16,16
51097,131,120,11,11
51098,100,90,10,10
51099,72,64,8,8
51100,92,96,-4,4
51101,68,60,8,8
51102,71,70,1,1
51103,60,51,9,9
51104,74,68,6,6
51105,114,97,17,17
51106,44,43,1,1
51107,104,105,-1,1
51108,143,123,20,20
51109,159,134,25,25
51110,76,70,6,6
51111,93,83,10,10
51112,91,83,8,8
51113,91,84,7,7
51114,188,150,38,38
51115,85,76,9,9
51116,58,49,9,9
51117,115,99,16,16
51118,51,51,0,0
51119,49,47,2,2
51120,108,102,6,6
51121,92,87,5,5
51122,102,94,8,8
51123,113,101,12,12
51124,100,88,12,12
51125,80,68,12,12
51126,109,104,5,5
51127,72,65,7,7
51128,91,85,6,6
51129,93,83,10,10
51130,44,44,0,0
51131,104,97,7,7
51132,50,59,-9,9
51133,76,68,8,8
51134,53,46,7,7
51135,119,103,16,16
51136,105,87,18,18
51137,110,112,-2,2
51138,148,131,17,17
51139,105,87,18,18
51140,139,117,22,22
51141,97,78,19,19
51142,113,90,23,23
51143,85,78,7,7
51144,113,94,19,19
51145,60,54,6,6
51146,66,53,13,13
51147,115,99,16,16
51148,30,38,-8,8
51149,76,65,11,11
51150,73,70,3,3
51151,72,72,0,0
51152,141,119,22,22
51153,58,63,-5,5
51154,101,90,11,11
51155,80,69,11,11
51156,76,66,10,10
51157,118,109,9,9
51158,97,89,8,8
51159,96,98,-2,2
51160,40,40,0,0
51161,157,131,26,26
51162,125,106,19,19
51163,99,83,16,16
51164,66,60,6,6
51165,117,101,16,16
51166,94,90,4,4
51167,54,55,-1,1
51168,62,57,5,5
51169,74,67,7,7
51170,166,138,28,28
51171,142,130,12,12
51172,81,82,-1,1
51173,110,107,3,3
51174,114,97,17,17
51175,96,82,14,14
51176,54,53,1,1
51177,97,91,6,6
51178,86,91,-5,5
51179,67,67,0,0
51180,65,60,5,5
51181,89,82,7,7
51182,86,82,4,4
51183,71,68,3,3
51184,146,129,17,17
51185,81,62,19,19
51186,108,95,13,13
51187,116,100,16,16
51188,90,88,2,2
51189,108,88,20,20
51190,127,107,20,20
51191,60,56,4,4
51192,66,56,10,10
51193,180,155,25,25
51194,52,50,2,2
51195,93,84,9,9
51196,127,109,18,18
51197,96,77,19,19
51198,110,93,17,17
51199,102,98,4,4
51200,110,98,12,12
51201,72,59,13,13
51202,161,134,27,27
51203,89,70,19,19
51204,78,68,10,10
51205,77,77,0,0
51206,80,71,9,9
51207,78,71,7,7
51208,135,105,30,30
51209,88,72,16,16
51210,102,78,24,24
51211,73,67,6,6
51212,101,90,11,11
51213,84,74,10,10
51214,87,76,11,11
51215,79,77,2,2
51216,84,79,5,5
51217,140,125,15,15
51218,106,100,6,6
51219,75,61,14,14
51220,94,84,10,10
51221,79,77,2,2
51222,93,82,11,11
51223,155,139,16,16
51224,97,92,5,5
51225,109,109,0,0
51226,115,94,21,21
51227,126,110,16,16
51228,90,82,8,8
51229,72,66,6,6
51230,63,55,8,8
51231,105,94,11,11
51232,68,64,4,4
51233,143,120,23,23
51234,116,105,11,11
51235,121,110,11,11
51236,130,97,33,33
51237,75,67,8,8
51238,70,72,-2,2
51239,109,86,23,23
51240,98,84,14,14
51241,106,84,22,22
51242,76,70,6,6
51243,60,51,9,9
51244,68,69,-1,1
51245,165,128,37,37
51246,90,93,-3,3
51247,178,143,35,35
51248,79,74,5,5
51249,72,60,12,12
51250,87,79,8,8
51251,82,73,9,9
51252,57,54,3,3
51253,110,101,9,9
51254,111,99,12,12
51255,70,76,-6,6
51256,112,103,9,9
51257,52,49,3,3
51258,94,80,14,14
51259,97,89,8,8
51260,66,61,5,5
51261,67,63,4,4
51262,66,64,2,2
51263,107,96,11,11
51264,156,170,-14,14
51265,40,80,-40,40
51266,60,59,1,1
51267,109,116,-7,7
51268,62,59,3,3
51269,126,103,23,23
51270,96,91,5,5
51271,106,88,18,18
51272,109,87,22,22
51273,77,70,7,7
51274,70,62,8,8
51275,75,87,-12,12
51276,194,163,31,31
51277,24,31,-7,7
51278,94,86,8,8
51279,102,85,17,17
51280,126,108,18,18
51281,150,116,34,34
51282,126,113,13,13
51283,82,81,1,1
51284,92,95,-3,3
51285,87,80,7,7
51286,122,116,6,6
51287,129,117,12,12
51288,93,82,11,11
51289,62,63,-1,1
51290,148,129,19,19
51291,73,67,6,6
51292,114,95,19,19
51293,82,73,9,9
51294,99,90,9,9
51295,181,142,39,39
51296,158,127,31,31
51297,100,90,10,10
51298,143,120,23,23
51299,118,106,12,12
51300,85,73,12,12
51301,127,113,14,14
51302,83,83,0,0
51303,95,83,12,12
51304,63,53,10,10
51305,76,65,11,11
51306,111,107,4,4
51307,69,69,0,0
51308,100,82,18,18
51309,47,45,2,2
51310,83,83,0,0
51311,85,79,6,6
51312,74,67,7,7
51313,53,66,-13,13
51314,75,72,3,3
51315,71,77,-6,6
51316,108,94,14,14
51317,71,65,6,6
51318,121,107,14,14
51319,100,96,4,4
51320,113,103,10,10
51321,86,71,15,15
51322,86,68,18,18
51323,115,101,14,14
51324,38,36,2,2
51325,140,119,21,21
51326,119,110,9,9
51327,104,90,14,14
51328,135,106,29,29
51329,147,117,30,30
51330,116,98,18,18
51331,137,119,18,18
51332,86,79,7,7
51333,96,85,11,11
51334,76,67,9,9
51335,64,57,7,7
51336,57,51,6,6
51337,90,93,-3,3
51338,56,67,-11,11
51339,84,84,0,0
51340,109,90,19,19
51341,124,108,16,16
51342,138,112,26,26
51343,73,64,9,9
51344,98,87,11,11
51345,93,74,19,19
51346,51,47,4,4
51347,54,47,7,7
51348,62,57,5,5
51349,126,112,14,14
51350,85,74,11,11
51351,86,67,19,19
51352,67,60,7,7
51353,80,75,5,5
51354,55,53,2,2
51355,115,99,16,16
51356,71,65,6,6
51357,86,76,10,10
51358,120,104,16,16
51359,94,80,14,14
51360,71,66,5,5
51361,106,102,4,4
51362,101,88,13,13
51363,41,46,-5,5
51364,77,62,15,15
51365,130,117,13,13
51366,154,130,24,24
51367,102,82,20,20
51368,56,52,4,4
51369,108,94,14,14
51370,74,71,3,3
51371,33,93,-60,60
51372,109,97,12,12
51373,113,100,13,13
51374,115,102,13,13
51375,73,69,4,4
51376,60,62,-2,2
51377,115,96,19,19
51378,85,82,3,3
51379,121,99,22,22
51380,128,113,15,15
51381,76,80,-4,4
51382,158,133,25,25
51383,109,96,13,13
51384,47,48,-1,1
51385,76,65,11,11
51386,75,60,15,15
51387,92,76,16,16
51388,92,85,7,7
51389,110,88,22,22
51390,101,85,16,16
51391,95,81,14,14
51392,107,96,11,11
51393,96,87,9,9
51394,127,112,15,15
51395,104,94,10,10
51396,84,70,14,14
51397,44,43,1,1
51398,112,110,2,2
51399,94,97,-3,3
51400,65,60,5,5
51401,67,67,0,0
51402,106,92,14,14
51403,85,71,14,14
51404,75,80,-5,5
51405,72,63,9,9
51406,99,72,27,27
51407,63,59,4,4
51408,157,136,21,21
51409,70,62,8,8
51410,79,68,11,11
51411,99,84,15,15
51412,100,93,7,7
51413,152,128,24,24
51414,111,112,-1,1
51415,73,70,3,3
51416,117,103,14,14
51417,74,68,6,6
51418,84,84,0,0
51419,117,99,18,18
51420,70,67,3,3
51421,72,71,1,1
51422,62,61,1,1
51423,90,90,0,0
51424,123,101,22,22
51425,81,75,6,6
51426,62,57,5,5
51427,74,64,10,10
51428,189,154,35,35
51429,97,90,7,7
51430,131,113,18,18
51431,66,67,-1,1
51432,131,111,20,20
51433,101,81,20,20
51434,205,178,27,27
51435,92,88,4,4
51436,74,75,-1,1
51437,108,91,17,17
51438,78,66,12,12
51439,69,68,1,1
51440,92,79,13,13
51441,76,69,7,7
51442,83,80,3,3
51443,104,88,16,16
51444,85,71,14,14
51445,74,62,12,12
51446,134,117,17,17
51447,119,98,21,21
51448,92,76,16,16
51449,88,78,10,10
51450,126,119,7,7
51451,100,90,10,10
51452,45,50,-5,5
51453,131,104,27,27
51454,55,50,5,5
51455,180,151,29,29
51456,133,100,33,33
51457,94,67,27,27
51458,62,73,-11,11
51459,119,102,17,17
51460,183,154,29,29
51461,88,75,13,13
51462,115,82,33,33
51463,100,81,19,19
51464,64,67,-3,3
51465,83,93,-10,10
51466,138,124,14,14
51467,62,64,-2,2
51468,193,151,42,42
51469,90,75,15,15
51470,77,79,-2,2
51471,111,96,15,15
51472,99,76,23,23
51473,118,110,8,8
51474,131,110,21,21
51475,71,59,12,12
51476,78,72,6,6
51477,94,76,18,18
51478,92,86,6,6
51479,97,88,9,9
51480,89,77,12,12
51481,131,105,26,26
51482,119,90,29,29
51483,59,57,2,2
51484,80,73,7,7
51485,116,101,15,15
51486,93,80,13,13
51487,72,72,0,0
51488,185,144,41,41
51489,85,81,4,4
51490,108,101,7,7
51491,84,78,6,6
51492,100,90,10,10
51493,109,80,29,29
51494,43,42,1,1
51495,77,70,7,7
51496,87,73,14,14
51497,121,103,18,18
51498,109,98,11,11
51499,83,79,4,4
51500,108,85,23,23
51501,166,130,36,36
51502,68,61,7,7
51503,112,114,-2,2
51504,103,93,10,10
51505,106,100,6,6
51506,33,36,-3,3
51507,56,46,10,10
51508,72,66,6,6
51509,136,119,17,17
51510,79,72,7,7
51511,143,116,27,27
51512,103,89,14,14
51513,75,71,4,4
51514,73,67,6,6
51515,68,61,7,7
51516,68,74,-6,6
51517,102,78,24,24
51518,83,73,10,10
51519,70,71,-1,1
51520,88,78,10,10
51521,124,109,15,15
51522,111,101,10,10
51523,103,96,7,7
51524,104,85,19,19
51525,122,107,15,15
51526,119,106,13,13
51527,71,92,-21,21
51528,196,169,27,27
51529,70,62,8,8
51530,70,83,-13,13
51531,88,78,10,10
51532,122,105,17,17
51533,102,87,15,15
51534,119,101,18,18
51535,138,119,19,19
51536,165,136,29,29
51537,94,94,0,0
51538,52,50,2,2
51539,86,74,12,12
51540,63,64,-1,1
51541,92,77,15,15
51542,65,56,9,9
51543,47,42,5,5
51544,62,55,7,7
51545,79,81,-2,2
51546,166,124,42,42
51547,96,81,15,15
51548,120,116,4,4
51549,117,104,13,13
51550,99,85,14,14
51551,124,114,10,10
51552,138,112,26,26
51553,60,57,3,3
51554,90,80,10,10
51555,76,73,3,3
51556,113,118,-5,5
51557,129,111,18,18
51558,80,72,8,8
51559,99,83,16,16
51560,87,81,6,6
51561,74,68,6,6
51562,70,64,6,6
51563,50,50,0,0
51564,83,74,9,9
51565,150,127,23,23
51566,104,88,16,16
51567,107,95,12,12
51568,101,86,15,15
51569,153,131,22,22
51570,81,76,5,5
51571,58,65,-7,7
51572,104,88,16,16
51573,64,59,5,5
51574,58,51,7,7
51575,137,120,17,17
51576,132,100,32,32
51577,110,97,13,13
51578,120,106,14,14
51579,92,84,8,8
51580,83,103,-20,20
51581,41,45,-4,4
51582,194,184,10,10
51583,79,66,13,13
51584,65,59,6,6
51585,126,122,4,4
51586,125,124,1,1
51587,148,124,24,24
51588,63,57,6,6
51589,82,75,7,7
51590,127,110,17,17
51591,141,115,26,26
51592,98,95,3,3
51593,140,123,17,17
51594,92,78,14,14
51595,78,76,2,2
51596,72,66,6,6
51597,133,106,27,27
51598,82,80,2,2
51599,53,54,-1,1
51600,68,60,8,8
51601,135,118,17,17
51602,76,85,-9,9
51603,84,68,16,16
51604,109,94,15,15
51605,115,107,8,8
51606,32,29,3,3
51607,202,161,41,41
51608,64,57,7,7
51609,69,61,8,8
51610,61,57,4,4
51611,81,68,13,13
51612,81,78,3,3
51613,103,89,14,14
51614,73,64,9,9
51615,103,106,-3,3
51616,153,137,16,16
51617,78,71,7,7
51618,100,86,14,14
51619,136,128,8,8
51620,58,58,0,0
51621,75,79,-4,4
51622,130,104,26,26
51623,127,103,24,24
51624,51,52,-1,1
51625,87,68,19,19
51626,99,89,10,10
51627,121,101,20,20
51628,83,76,7,7
51629,65,61,4,4
51630,86,78,8,8
51631,129,116,13,13
51632,77,79,-2,2
51633,63,64,-1,1
51634,70,64,6,6
51635,75,71,4,4
51636,75,72,3,3
51637,132,118,14,14
51638,157,136,21,21
51639,130,117,13,13
51640,80,77,3,3
51641,97,90,7,7
51642,68,64,4,4
51643,98,90,8,8
51644,81,78,3,3
51645,51,49,2,2
51646,84,77,7,7
51647,79,71,8,8
51648,151,125,26,26
51649,82,73,9,9
51650,127,114,13,13
51651,63,64,-1,1
51652,97,87,10,10
51653,121,100,21,21
51654,157,133,24,24
51655,101,87,14,14
51656,160,144,16,16
51657,92,82,10,10
51658,107,103,4,4
51659,108,90,18,18
51660,119,98,21,21
51661,61,59,2,2
51662,112,93,19,19
51663,71,61,10,10
51664,99,91,8,8
51665,68,68,0,0
51666,116,107,9,9
51667,64,69,-5,5
51668,124,115,9,9
51669,139,121,18,18
51670,80,72,8,8
51671,157,129,28,28
51672,101,87,14,14
51673,114,97,17,17
51674,126,114,12,12
51675,148,125,23,23
51676,77,74,3,3
51677,187,159,28,28
51678,139,123,16,16
51679,164,138,26,26
51680,98,89,9,9
51681,86,82,4,4
51682,61,56,5,5
51683,143,137,6,6
51684,57,50,7,7
51685,52,47,5,5
51686,92,94,-2,2
51687,108,95,13,13
51688,156,124,32,32
51689,159,128,31,31
51690,157,128,29,29
51691,102,86,16,16
51692,138,112,26,26
51693,78,75,3,3
51694,83,67,16,16
51695,108,87,21,21
51696,60,52,8,8
51697,142,108,34,34
51698,55,53,2,2
51699,65,59,6,6
51700,125,107,18,18
51701,90,84,6,6
51702,74,68,6,6
51703,156,134,22,22
51704,76,69,7,7
51705,94,91,3,3
51706,84,72,12,12
51707,84,71,13,13
51708,68,70,-2,2
51709,144,119,25,25
51710,74,63,11,11
51711,104,96,8,8
51712,98,69,29,29
51713,92,82,10,10
51714,106,91,15,15
51715,94,83,11,11
51716,91,87,4,4
51717,61,39,22,22
51718,77,66,11,11
51719,71,67,4,4
51720,98,86,12,12
51721,73,77,-4,4
51722,103,98,5,5
51723,124,102,22,22
51724,135,110,25,25
51725,118,110,8,8
51726,96,93,3,3
51727,54,54,0,0
51728,112,90,22,22
51729,72,69,3,3
51730,70,69,1,1
51731,85,76,9,9
51732,51,44,7,7
51733,106,103,3,3
51734,113,90,23,23
51735,76,64,12,12
51736,63,69,-6,6
51737,140,106,34,34
51738,103,86,17,17
51739,163,144,19,19
51740,126,112,14,14
51741,92,92,0,0
51742,40,40,0,0
51743,33,43,-10,10
51744,99,88,11,11
51745,113,91,22,22
51746,59,54,5,5
51747,88,94,-6,6
51748,58,55,3,3
51749,98,88,10,10
51750,135,108,27,27
51751,92,84,8,8
51752,101,89,12,12
51753,116,101,15,15
51754,171,150,21,21
51755,98,80,18,18
51756,99,86,13,13
51757,77,68,9,9
51758,99,83,16,16
51759,61,54,7,7
51760,124,94,30,30
51761,36,37,-1,1
51762,124,100,24,24
51763,89,77,12,12
51764,144,130,14,14
51765,113,98,15,15
51766,157,132,25,25
51767,95,85,10,10
51768,101,93,8,8
51769,76,72,4,4
51770,65,68,-3,3
51771,222,161,61,61
51772,123,101,22,22
51773,71,83,-12,12
51774,102,83,19,19
51775,96,86,10,10
51776,105,94,11,11
51777,81,75,6,6
51778,122,123,-1,1
51779,64,60,4,4
51780,43,66,-23,23
51781,114,91,23,23
51782,62,59,3,3
51783,104,105,-1,1
51784,175,162,13,13
51785,98,96,2,2
51786,87,75,12,12
51787,144,125,19,19
51788,76,79,-3,3
51789,125,113,12,12
51790,70,66,4,4
51791,86,87,-1,1
51792,140,109,31,31
51793,44,50,-6,6
51794,101,86,15,15
51795,68,64,4,4
51796,155,140,15,15
51797,125,110,15,15
51798,49,48,1,1
51799,140,127,13,13
51800,105,89,16,16
51801,192,175,17,17
51802,89,73,16,16
51803,140,119,21,21
51804,140,121,19,19
51805,112,103,9,9
51806,136,107,29,29
51807,76,75,1,1
51808,64,67,-3,3
51809,64,70,-6,6
51810,83,77,6,6
51811,72,61,11,11
51812,145,125,20,20
51813,113,91,22,22
51814,114,93,21,21
51815,154,125,29,29
51816,67,59,8,8
51817,197,154,43,43
51818,61,56,5,5
51819,99,87,12,12
51820,91,84,7,7
51821,181,140,41,41
51822,45,41,4,4
51823,55,57,-2,2
51824,183,174,9,9
51825,106,98,8,8
51826,57,59,-2,2
51827,133,111,22,22
51828,36,43,-7,7
51829,98,94,4,4
51830,54,45,9,9
51831,140,126,14,14
51832,114,102,12,12
51833,99,78,21,21
51834,69,63,6,6
51835,144,121,23,23
51836,112,106,6,6
51837,101,87,14,14
51838,88,73,15,15
51839,88,78,10,10
51840,94,80,14,14
51841,67,60,7,7
51842,46,49,-3,3
51843,72,62,10,10
51844,80,68,12,12
51845,75,67,8,8
51846,94,84,10,10
51847,117,109,8,8
51848,67,63,4,4
51849,71,67,4,4
51850,67,75,-8,8
51851,68,58,10,10
51852,91,81,10,10
51853,71,67,4,4
51854,114,107,7,7
51855,93,87,6,6
51856,73,71,2,2
51857,164,129,35,35
51858,132,113,19,19
51859,66,53,13,13
51860,153,120,33,33
51861,108,104,4,4
51862,110,96,14,14
51863,156,125,31,31
51864,162,135,27,27
51865,150,130,20,20
51866,125,105,20,20
51867,61,56,5,5
51868,95,84,11,11
51869,152,120,32,32
51870,125,117,8,8
51871,119,96,23,23
51872,166,160,6,6
51873,120,93,27,27
51874,58,54,4,4
51875,45,45,0,0
51876,117,114,3,3
51877,65,56,9,9
51878,105,98,7,7
51879,70,63,7,7
51880,78,65,13,13
51881,91,78,13,13
51882,78,66,12,12
51883,116,120,-4,4
51884,132,102,30,30
51885,143,116,27,27
51886,117,113,4,4
51887,147,139,8,8
51888,63,60,3,3
51889,80,86,-6,6
51890,98,87,11,11
51891,51,52,-1,1
51892,51,47,4,4
51893,73,65,8,8
51894,95,78,17,17
51895,100,86,14,14
51896,74,75,-1,1
51897,110,89,21,21
51898,78,71,7,7
51899,54,57,-3,3
51900,115,100,15,15
51901,139,114,25,25
51902,73,70,3,3
51903,67,60,7,7
51904,76,71,5,5
51905,108,92,16,16
51906,104,92,12,12
51907,130,113,17,17
51908,116,105,11,11
51909,57,54,3,3
51910,102,96,6,6
51911,108,89,19,19
51912,95,78,17,17
51913,40,41,-1,1
51914,76,75,1,1
51915,71,61,10,10
51916,137,120,17,17
51917,118,98,20,20
51918,129,109,20,20
51919,67,69,-2,2
51920,72,67,5,5
51921,111,107,4,4
51922,95,85,10,10
51923,130,127,3,3
51924,116,108,8,8
51925,68,65,3,3
51926,103,89,14,14
51927,95,87,8,8
51928,117,104,13,13
51929,62,49,13,13
51930,75,74,1,1
51931,56,62,-6,6
51932,120,96,24,24
51933,113,100,13,13
51934,85,73,12,12
51935,71,89,-18,18
51936,130,115,15,15
51937,87,83,4,4
51938,156,131,25,25
51939,89,81,8,8
51940,61,54,7,7
51941,115,100,15,15
51942,144,116,28,28
51943,73,73,0,0
51944,94,86,8,8
51945,102,89,13,13
51946,125,113,12,12
51947,71,59,12,12
51948,140,122,18,18
51949,143,119,24,24
51950,77,74,3,3
51951,86,70,16,16
51952,70,65,5,5
51953,101,82,19,19
51954,82,72,10,10
51955,93,78,15,15
51956,55,56,-1,1
51957,138,130,8,8
51958,88,81,7,7
51959,81,78,3,3
51960,176,140,36,36
51961,90,84,6,6
51962,52,54,-2,2
51963,97,83,14,14
51964,45,49,-4,4
51965,114,106,8,8
51966,155,128,27,27
51967,151,150,1,1
51968,60,57,3,3
51969,82,69,13,13
51970,96,86,10,10
51971,126,101,25,25
51972,90,80,10,10
51973,83,66,17,17
51974,72,71,1,1
51975,139,115,24,24
51976,137,110,27,27
51977,119,106,13,13
51978,115,92,23,23
51979,76,66,10,10
51980,80,87,-7,7
51981,101,83,18,18
51982,92,82,10,10
51983,65,59,6,6
51984,89,82,7,7
51985,72,64,8,8
51986,45,42,3,3
51987,69,64,5,5
51988,81,71,10,10
51989,95,86,9,9
51990,76,69,7,7
51991,49,41,8,8
51992,97,89,8,8
51993,90,80,10,10
51994,130,111,19,19
51995,74,70,4,4
51996,46,52,-6,6
51997,74,74,0,0
51998,108,94,14,14
51999,115,107,8,8
52000,37,41,-4,4
52001,79,70,9,9
52002,75,72,3,3
52003,174,140,34,34
52004,107,90,17,17
52005,53,47,6,6
52006,83,80,3,3
52007,60,54,6,6
52008,98,89,9,9
52009,57,54,3,3
52010,54,51,3,3
52011,83,72,11,11
52012,182,182,0,0
52013,107,102,5,5
52014,89,89,0,0
52015,105,93,12,12
52016,109,101,8,8
52017,141,116,25,25
52018,121,108,13,13
52019,91,91,0,0
52020,117,100,17,17
52021,58,52,6,6
52022,80,66,14,14
52023,88,81,7,7
52024,80,74,6,6
52025,146,132,14,14
52026,105,90,15,15
52027,128,124,4,4
52028,79,70,9,9
52029,123,112,11,11
52030,85,76,9,9
52031,77,69,8,8
52032,70,60,10,10
52033,100,90,10,10
52034,71,63,8,8
52035,123,107,16,16
52036,85,81,4,4
52037,113,98,15,15
52038,98,87,11,11
52039,67,70,-3,3
52040,130,131,-1,1
52041,176,142,34,34
52042,117,102,15,15
52043,130,109,21,21
52044,114,97,17,17
52045,108,97,11,11
52046,111,105,6,6
52047,91,79,12,12
52048,153,121,32,32
52049,83,78,5,5
52050,91,83,8,8
52051,103,94,9,9
52052,123,109,14,14
52053,57,56,1,1
52054,115,100,15,15
52055,86,85,1,1
52056,147,125,22,22
52057,116,118,-2,2
52058,87,76,11,11
52059,81,78,3,3
52060,58,47,11,11
52061,97,78,19,19
52062,138,129,9,9
52063,74,65,9,9
52064,60,63,-3,3
52065,94,87,7,7
52066,150,137,13,13
52067,143,127,16,16
52068,72,66,6,6
52069,80,75,5,5
52070,94,84,10,10
52071,85,73,12,12
52072,108,93,15,15
52073,106,85,21,21
52074,86,79,7,7
52075,160,133,27,27
52076,84,75,9,9
52077,78,65,13,13
52078,89,84,5,5
52079,76,77,-1,1
52080,57,48,9,9
52081,93,85,8,8
52082,92,86,6,6
52083,79,87,-8,8
52084,105,94,11,11
52085,146,122,24,24
52086,79,76,3,3
52087,96,90,6,6
52088,97,87,10,10
52089,74,64,10,10
52090,79,77,2,2
52091,90,79,11,11
52092,133,115,18,18
52093,81,74,7,7
52094,140,114,26,26
52095,20,28,-8,8
52096,42,90,-48,48
52097,178,139,39,39
52098,57,62,-5,5
52099,91,87,4,4
52100,125,131,-6,6
52101,77,66,11,11
52102,73,69,4,4
52103,96,92,4,4
52104,63,56,7,7
52105,75,68,7,7
52106,117,104,13,13
52107,135,118,17,17
52108,105,100,5,5
52109,141,124,17,17
52110,123,97,26,26
52111,71,81,-10,10
52112,108,87,21,21
52113,104,96,8,8
52114,108,93,15,15
52115,93,83,10,10
52116,102,88,14,14
52117,99,79,20,20
52118,95,90,5,5
52119,53,52,1,1
52120,117,91,26,26
52121,79,79,0,0
52122,55,62,-7,7
52123,163,142,21,21
52124,53,48,5,5
52125,80,71,9,9
52126,124,106,18,18
52127,75,64,11,11
52128,133,115,18,18
52129,83,74,9,9
52130,54,56,-2,2
52131,52,49,3,3
52132,67,62,5,5
52133,75,63,12,12
52134,106,89,17,17
52135,140,117,23,23
52136,124,112,12,12
52137,65,64,1,1
52138,94,89,5,5
52139,108,96,12,12
52140,132,106,26,26
52141,123,107,16,16
52142,73,74,-1,1
52143,246,199,47,47
52144,91,76,15,15
52145,48,52,-4,4
52146,109,87,22,22
52147,120,96,24,24
52148,71,57,14,14
52149,44,40,4,4
52150,83,72,11,11
52151,77,65,12,12
52152,108,92,16,16
52153,76,66,10,10
52154,116,93,23,23
52155,98,100,-2,2
52156,114,93,21,21
52157,142,113,29,29
52158,92,90,2,2
52159,82,70,12,12
52160,86,76,10,10
52161,65,57,8,8
52162,91,81,10,10
52163,158,139,19,19
52164,79,69,10,10
52165,89,74,15,15
52166,54,46,8,8
52167,144,112,32,32
52168,167,153,14,14
52169,94,93,1,1
52170,75,68,7,7
52171,110,108,2,2
52172,113,94,19,19
52173,63,59,4,4
52174,138,116,22,22
52175,101,90,11,11
52176,99,99,0,0
52177,98,91,7,7
52178,138,140,-2,2
52179,116,106,10,10
52180,53,59,-6,6
52181,97,89,8,8
52182,79,61,18,18
52183,94,94,0,0
52184,72,70,2,2
52185,104,100,4,4
52186,113,91,22,22
52187,105,105,0,0
52188,84,76,8,8
52189,66,66,0,0
52190,75,67,8,8
52191,106,90,16,16
52192,100,86,14,14
52193,75,75,0,0
52194,45,41,4,4
52195,126,116,10,10
52196,102,84,18,18
52197,108,97,11,11
52198,99,85,14,14
52199,146,121,25,25
52200,107,97,10,10
52201,105,100,5,5
52202,58,49,9,9
52203,114,106,8,8
52204,151,117,34,34
52205,72,67,5,5
52206,79,66,13,13
52207,131,107,24,24
52208,91,82,9,9
52209,52,51,1,1
52210,81,65,16,16
52211,85,67,18,18
52212,96,82,14,14
52213,42,45,-3,3
52214,73,59,14,14
52215,100,86,14,14
52216,104,88,16,16
52217,85,83,2,2
52218,67,67,0,0
52219,71,68,3,3
52220,100,82,18,18
52221,134,100,34,34
52222,104,97,7,7
52223,90,74,16,16
52224,96,113,-17,17
52225,61,87,-26,26
52226,65,64,1,1
52227,139,117,22,22
52228,46,42,4,4
52229,70,65,5,5
52230,142,114,28,28
52231,90,89,1,1
52232,112,92,20,20
52233,113,93,20,20
52234,59,58,1,1
52235,111,97,14,14
52236,84,72,12,12
52237,74,63,11,11
52238,78,64,14,14
52239,145,130,15,15
52240,100,109,-9,9
52241,103,88,15,15
52242,55,53,2,2
52243,93,85,8,8
52244,78,69,9,9
52245,80,69,11,11
52246,104,84,20,20
52247,66,63,3,3
52248,68,57,11,11
52249,60,52,8,8
52250,103,107,-4,4
52251,69,63,6,6
52252,92,80,12,12
52253,48,52,-4,4
52254,54,56,-2,2
52255,54,51,3,3
52256,58,57,1,1
52257,160,133,27,27
52258,83,71,12,12
52259,90,74,16,16
52260,71,111,-40,40
52261,168,155,13,13
52262,137,124,13,13
52263,139,125,14,14
52264,74,63,11,11
52265,75,72,3,3
52266,65,57,8,8
52267,93,73,20,20
52268,94,82,12,12
52269,65,68,-3,3
52270,110,100,10,10
52271,29,36,-7,7
52272,91,80,11,11
52273,78,71,7,7
52274,77,68,9,9
52275,93,83,10,10
52276,158,131,27,27
52277,206,170,36,36
52278,98,92,6,6
52279,131,113,18,18
52280,115,99,16,16
52281,129,106,23,23
52282,97,80,17,17
52283,97,83,14,14
52284,78,84,-6,6
52285,81,75,6,6
52286,107,97,10,10
52287,80,61,19,19
52288,67,64,3,3
52289,66,67,-1,1
52290,56,52,4,4
52291,72,66,6,6
52292,50,53,-3,3
52293,70,91,-21,21
52294,128,107,21,21
52295,138,123,15,15
52296,38,41,-3,3
52297,113,99,14,14
52298,168,142,26,26
52299,115,95,20,20
52300,88,78,10,10
52301,80,70,10,10
52302,124,116,8,8
52303,190,158,32,32
52304,92,87,5,5
52305,83,76,7,7
52306,78,74,4,4
52307,64,52,12,12
52308,121,107,14,14
52309,74,68,6,6
52310,59,57,2,2
52311,200,144,56,56
52312,157,130,27,27
52313,86,78,8,8
52314,126,107,19,19
52315,75,71,4,4
52316,95,97,-2,2
52317,118,94,24,24
52318,174,142,32,32
52319,148,124,24,24
52320,70,72,-2,2
52321,99,88,11,11
52322,73,67,6,6
52323,178,136,42,42
52324,127,109,18,18
52325,137,118,19,19
52326,35,39,-4,4
52327,58,55,3,3
52328,104,97,7,7
52329,85,75,10,10
52330,91,81,10,10
52331,40,38,2,2
52332,83,75,8,8
52333,100,94,6,6
52334,73,69,4,4
52335,51,54,-3,3
52336,263,187,76,76
52337,87,80,7,7
52338,85,75,10,10
52339,85,78,7,7
52340,89,77,12,12
52341,176,154,22,22
52342,103,91,12,12
52343,128,121,7,7
52344,166,148,18,18
52345,92,97,-5,5
52346,100,90,10,10
52347,98,80,18,18
52348,57,53,4,4
52349,127,105,22,22
52350,86,79,7,7
52351,144,127,17,17
52352,60,59,1,1
52353,113,98,15,15
52354,113,97,16,16
52355,103,88,15,15
52356,90,78,12,12
52357,56,50,6,6
52358,47,47,0,0
52359,105,98,7,7
52360,61,56,5,5
52361,128,118,10,10
52362,55,71,-16,16
52363,67,59,8,8
52364,65,61,4,4
52365,116,98,18,18
52366,76,72,4,4
52367,41,44,-3,3
52368,83,69,14,14
52369,82,79,3,3
52370,50,52,-2,2
52371,81,81,0,0
52372,57,46,11,11
52373,83,71,12,12
52374,87,88,-1,1
52375,56,47,9,9
52376,68,60,8,8
52377,71,66,5,5
52378,77,72,5,5
52379,67,60,7,7
52380,120,97,23,23
52381,74,70,4,4
52382,121,111,10,10
52383,73,69,4,4
52384,53,51,2,2
52385,68,65,3,3
52386,95,81,14,14
52387,103,95,8,8
52388,46,47,-1,1
52389,73,61,12,12
52390,148,123,25,25
52391,145,111,34,34
52392,105,84,21,21
52393,71,67,4,4
52394,43,45,-2,2
52395,106,96,10,10
52396,114,100,14,14
52397,80,67,13,13
52398,64,65,-1,1
52399,125,102,23,23
52400,84,90,-6,6
52401,86,81,5,5
52402,101,86,15,15
52403,95,83,12,12
52404,90,84,6,6
52405,93,79,14,14
52406,62,57,5,5
52407,146,122,24,24
52408,87,79,8,8
52409,85,70,15,15
52410,134,104,30,30
52411,82,68,14,14
52412,46,50,-4,4
52413,73,61,12,12
52414,23,34,-11,11
52415,167,137,30,30
52416,116,87,29,29
52417,112,105,7,7
52418,227,188,39,39
52419,108,99,9,9
52420,93,83,10,10
52421,76,68,8,8
52422,75,70,5,5
52423,74,76,-2,2
52424,85,71,14,14
52425,68,63,5,5
52426,93,77,16,16
52427,143,122,21,21
52428,132,110,22,22
52429,68,62,6,6
52430,49,54,-5,5
52431,116,95,21,21
52432,87,75,12,12
52433,114,93,21,21
52434,133,108,25,25
52435,81,70,11,11
52436,105,86,19,19
52437,88,80,8,8
52438,158,122,36,36
52439,82,67,15,15
52440,91,84,7,7
52441,158,138,20,20
52442,77,72,5,5
52443,61,75,-14,14
52444,57,58,-1,1
52445,76,74,2,2
52446,80,74,6,6
52447,90,87,3,3
52448,75,60,15,15
52449,105,90,15,15
52450,99,88,11,11
52451,134,119,15,15
52452,70,68,2,2
52453,139,127,12,12
52454,67,62,5,5
52455,186,147,39,39
52456,101,89,12,12
52457,142,123,19,19
52458,66,59,7,7
52459,88,75,13,13
52460,79,75,4,4
52461,80,73,7,7
52462,103,98,5,5
52463,133,127,6,6
52464,21,47,-26,26
52465,98,76,22,22
52466,67,64,3,3
52467,117,129,-12,12
52468,71,66,5,5
52469,45,49,-4,4
52470,90,75,15,15
52471,122,94,28,28
52472,133,110,23,23
52473,70,64,6,6
52474,99,93,6,6
52475,161,131,30,30
52476,123,105,18,18
52477,116,97,19,19
52478,148,112,36,36
52479,55,46,9,9
52480,107,99,8,8
52481,69,60,9,9
52482,103,105,-2,2
52483,50,48,2,2
52484,76,71,5,5
52485,98,86,12,12
52486,63,60,3,3
52487,69,61,8,8
52488,115,99,16,16
52489,64,59,5,5
52490,80,72,8,8
52491,93,78,15,15
52492,93,83,10,10
52493,107,89,18,18
52494,91,81,10,10
52495,73,77,-4,4
52496,163,128,35,35
52497,82,69,13,13
52498,133,110,23,23
52499,70,72,-2,2
52500,74,67,7,7
52501,72,65,7,7
52502,51,41,10,10
52503,192,149,43,43
52504,59,66,-7,7
52505,69,61,8,8
52506,47,45,2,2
52507,146,141,5,5
52508,149,120,29,29
52509,96,97,-1,1
52510,73,62,11,11
52511,143,119,24,24
52512,101,93,8,8
52513,96,88,8,8
52514,108,104,4,4
52515,77,71,6,6
52516,45,49,-4,4
52517,89,85,4,4
52518,160,130,30,30
52519,97,93,4,4
52520,82,76,6,6
52521,80,69,11,11
52522,70,63,7,7
52523,123,100,23,23
52524,109,92,17,17
52525,162,141,21,21
52526,129,111,18,18
52527,80,69,11,11
52528,49,48,1,1
52529,129,101,28,28
52530,79,66,13,13
52531,89,88,1,1
52532,92,87,5,5
52533,87,75,12,12
52534,104,85,19,19
52535,106,81,25,25
52536,169,148,21,21
52537,96,96,0,0
52538,66,63,3,3
52539,140,122,18,18
52540,128,105,23,23
52541,82,70,12,12
52542,128,105,23,23
52543,109,101,8,8
52544,59,58,1,1
52545,61,59,2,2
52546,109,82,27,27
52547,72,73,-1,1
52548,57,60,-3,3
52549,94,89,5,5
52550,86,78,8,8
52551,57,53,4,4
52552,142,113,29,29
52553,79,79,0,0
52554,150,128,22,22
52555,122,121,1,1
52556,106,99,7,7
52557,41,43,-2,2
52558,218,170,48,48
52559,106,89,17,17
52560,80,67,13,13
52561,87,80,7,7
52562,121,114,7,7
52563,68,62,6,6
52564,79,75,4,4
52565,63,56,7,7
52566,57,63,-6,6
52567,132,119,13,13
52568,86,82,4,4
52569,92,80,12,12
52570,187,157,30,30
52571,97,84,13,13
52572,135,116,19,19
52573,126,99,27,27
52574,79,73,6,6
52575,69,71,-2,2
52576,142,125,17,17
52577,97,81,16,16
52578,104,98,6,6
52579,112,101,11,11
52580,168,151,17,17
52581,145,115,30,30
52582,137,118,19,19
52583,142,114,28,28
52584,81,68,13,13
52585,97,87,10,10
52586,90,72,18,18
52587,121,120,1,1
52588,71,71,0,0
52589,61,55,6,6
52590,95,101,-6,6
52591,95,103,-8,8
52592,53,62,-9,9
52593,126,114,12,12
52594,72,73,-1,1
52595,86,70,16,16
52596,141,126,15,15
52597,96,93,3,3
52598,98,93,5,5
52599,123,108,15,15
52600,46,50,-4,4
52601,95,75,20,20
52602,127,109,18,18
52603,153,131,22,22
52604,115,96,19,19
52605,104,86,18,18
52606,53,51,2,2
52607,95,81,14,14
52608,88,76,12,12
52609,133,104,29,29
52610,88,78,10,10
52611,25,42,-17,17
52612,142,111,31,31
52613,98,89,9,9
52614,93,82,11,11
52615,99,82,17,17
52616,152,128,24,24
52617,124,110,14,14
52618,112,104,8,8
52619,134,109,25,25
52620,104,95,9,9
52621,86,74,12,12
52622,117,103,14,14
52623,77,71,6,6
52624,88,81,7,7
52625,72,63,9,9
52626,87,102,-15,15
52627,80,71,9,9
52628,103,92,11,11
52629,136,120,16,16
52630,105,100,5,5
52631,96,86,10,10
52632,90,77,13,13
52633,53,47,6,6
52634,77,69,8,8
52635,60,51,9,9
52636,115,109,6,6
52637,93,79,14,14
52638,91,73,18,18
52639,162,137,25,25
52640,115,92,23,23
52641,148,138,10,10
52642,68,69,-1,1
52643,79,81,-2,2
52644,53,51,2,2
52645,60,56,4,4
52646,63,64,-1,1
52647,102,92,10,10
52648,111,91,20,20
52649,116,101,15,15
52650,50,49,1,1
52651,113,91,22,22
52652,46,50,-4,4
52653,62,56,6,6
52654,112,99,13,13
52655,58,55,3,3
52656,85,81,4,4
52657,111,91,20,20
52658,105,94,11,11
52659,113,111,2,2
52660,174,144,30,30
52661,125,106,19,19
52662,109,95,14,14
52663,67,61,6,6
52664,76,63,13,13
52665,193,205,-12,12
52666,128,114,14,14
52667,88,74,14,14
52668,70,69,1,1
52669,63,58,5,5
52670,148,116,32,32
52671,89,89,0,0
52672,152,130,22,22
52673,62,60,2,2
52674,141,110,31,31
52675,48,47,1,1
52676,185,154,31,31
52677,89,78,11,11
52678,87,76,11,11
52679,50,50,0,0
52680,79,66,13,13
52681,124,117,7,7
52682,109,95,14,14
52683,54,52,2,2
52684,90,80,10,10
52685,85,76,9,9
52686,35,87,-52,52
52687,86,75,11,11
52688,47,50,-3,3
52689,103,82,21,21
52690,105,94,11,11
52691,47,55,-8,8
52692,44,45,-1,1
52693,137,114,23,23
52694,69,68,1,1
52695,47,44,3,3
52696,63,56,7,7
52697,118,105,13,13
52698,83,79,4,4
52699,80,82,-2,2
52700,119,88,31,31
52701,107,104,3,3
52702,100,102,-2,2
52703,96,89,7,7
52704,90,90,0,0
52705,136,116,20,20
52706,142,134,8,8
52707,82,76,6,6
52708,64,49,15,15
52709,89,80,9,9
52710,49,53,-4,4
52711,138,110,28,28
52712,74,58,16,16
52713,55,67,-12,12
52714,147,110,37,37
52715,87,83,4,4
52716,67,71,-4,4
52717,90,74,16,16
52718,72,79,-7,7
52719,110,97,13,13
52720,166,148,18,18
52721,128,97,31,31
52722,70,71,-1,1
52723,95,88,7,7
52724,58,48,10,10
52725,95,86,9,9
52726,78,74,4,4
52727,99,93,6,6
52728,79,68,11,11
52729,96,77,19,19
52730,87,76,11,11
52731,57,58,-1,1
52732,67,60,7,7
52733,84,83,1,1
52734,73,69,4,4
52735,77,73,4,4
52736,65,60,5,5
52737,34,42,-8,8
52738,103,90,13,13
52739,117,108,9,9
52740,73,63,10,10
52741,121,101,20,20
52742,67,64,3,3
52743,118,89,29,29
52744,145,126,19,19
52745,83,80,3,3
52746,105,92,13,13
52747,81,63,18,18
52748,92,85,7,7
52749,44,40,4,4
52750,104,94,10,10
52751,45,43,2,2
52752,96,83,13,13
52753,115,106,9,9
52754,91,88,3,3
52755,64,67,-3,3
52756,63,56,7,7
52757,83,77,6,6
52758,126,112,14,14
52759,57,58,-1,1
52760,209,169,40,40
52761,153,120,33,33
52762,57,56,1,1
52763,70,61,9,9
52764,118,112,6,6
52765,110,99,11,11
52766,63,51,12,12
52767,117,99,18,18
52768,151,114,37,37
52769,135,131,4,4
52770,75,65,10,10
52771,121,102,19,19
52772,142,130,12,12
52773,107,92,15,15
52774,87,79,8,8
52775,83,78,5,5
52776,54,44,10,10
52777,120,104,16,16
52778,75,71,4,4
52779,116,105,11,11
52780,80,74,6,6
52781,132,121,11,11
52782,61,60,1,1
52783,70,69,1,1
52784,57,51,6,6
52785,137,116,21,21
52786,112,87,25,25
52787,77,70,7,7
52788,78,72,6,6
52789,94,89,5,5
52790,85,79,6,6
52791,61,55,6,6
52792,80,71,9,9
52793,116,97,19,19
52794,64,73,-9,9
52795,69,65,4,4
52796,124,97,27,27
52797,78,60,18,18
52798,109,99,10,10
52799,90,76,14,14
52800,148,125,23,23
52801,64,63,1,1
52802,59,57,2,2
52803,42,41,1,1
52804,132,116,16,16
52805,132,113,19,19
52806,68,55,13,13
52807,173,159,14,14
52808,73,66,7,7
52809,88,81,7,7
52810,95,80,15,15
52811,56,54,2,2
52812,83,68,15,15
52813,131,122,9,9
52814,65,65,0,0
52815,77,69,8,8
52816,110,104,6,6
52817,80,106,-26,26
52818,76,64,12,12
52819,73,66,7,7
52820,66,63,3,3
52821,149,121,28,28
52822,55,55,0,0
52823,60,52,8,8
52824,151,134,17,17
52825,112,111,1,1
52826,67,59,8,8
52827,67,76,-9,9
52828,77,76,1,1
52829,114,102,12,12
52830,123,118,5,5
52831,83,73,10,10
52832,42,51,-9,9
52833,104,100,4,4
52834,90,82,8,8
52835,107,102,5,5
52836,153,124,29,29
52837,68,61,7,7
52838,41,44,-3,3
52839,82,73,9,9
52840,55,55,0,0
52841,114,94,20,20
52842,92,80,12,12
52843,90,82,8,8
52844,70,65,5,5
52845,75,72,3,3
52846,112,85,27,27
52847,76,74,2,2
52848,107,75,32,32
52849,96,85,11,11
52850,107,94,13,13
52851,46,44,2,2
52852,103,102,1,1
52853,122,106,16,16
52854,117,98,19,19
52855,69,76,-7,7
52856,100,94,6,6
52857,70,58,12,12
52858,96,94,2,2
52859,89,78,11,11
52860,112,103,9,9
52861,93,97,-4,4
52862,104,92,12,12
52863,79,72,7,7
52864,150,119,31,31
52865,145,131,14,14
52866,135,123,12,12
52867,61,59,2,2
52868,75,72,3,3
52869,63,54,9,9
52870,77,72,5,5
52871,115,107,8,8
52872,94,79,15,15
52873,60,54,6,6
52874,99,90,9,9
52875,162,146,16,16
52876,89,85,4,4
52877,84,85,-1,1
52878,90,89,1,1
52879,132,108,24,24
52880,106,88,18,18
52881,50,39,11,11
52882,66,60,6,6
52883,153,124,29,29
52884,55,50,5,5
52885,92,79,13,13
52886,113,102,11,11
52887,54,52,2,2
52888,132,113,19,19
52889,116,92,24,24
52890,88,189,-101,101
52891,127,109,18,18
52892,80,76,4,4
52893,125,101,24,24
52894,108,88,20,20
52895,104,92,12,12
52896,62,63,-1,1
52897,76,71,5,5
52898,77,74,3,3
52899,120,101,19,19
52900,71,67,4,4
52901,54,60,-6,6
52902,115,107,8,8
52903,138,125,13,13
52904,95,81,14,14
52905,31,36,-5,5
52906,46,39,7,7
52907,147,116,31,31
52908,129,125,4,4
52909,82,67,15,15
52910,81,79,2,2
52911,62,58,4,4
52912,140,118,22,22
52913,101,90,11,11
52914,120,96,24,24
52915,48,45,3,3
52916,132,110,22,22
52917,164,135,29,29
52918,48,55,-7,7
52919,81,85,-4,4
52920,74,70,4,4
52921,79,83,-4,4
52922,97,88,9,9
52923,81,79,2,2
52924,47,44,3,3
52925,97,95,2,2
52926,59,60,-1,1
52927,68,58,10,10
52928,67,61,6,6
52929,66,61,5,5
52930,143,112,31,31
52931,88,80,8,8
52932,96,86,10,10
52933,169,127,42,42
52934,106,85,21,21
52935,106,98,8,8
52936,78,71,7,7
52937,107,102,5,5
52938,132,123,9,9
52939,88,71,17,17
52940,68,72,-4,4
52941,104,93,11,11
52942,79,70,9,9
52943,96,82,14,14
52944,159,136,23,23
52945,133,123,10,10
52946,81,74,7,7
52947,67,67,0,0
52948,86,80,6,6
52949,75,68,7,7
52950,106,98,8,8
52951,55,57,-2,2
52952,167,131,36,36
52953,33,32,1,1
52954,114,113,1,1
52955,153,119,34,34
52956,76,72,4,4
52957,74,72,2,2
52958,152,137,15,15
52959,176,135,41,41
52960,86,75,11,11
52961,191,159,32,32
52962,116,101,15,15
52963,87,77,10,10
52964,133,117,16,16
52965,131,121,10,10
52966,96,84,12,12
52967,113,103,10,10
52968,52,51,1,1
52969,68,69,-1,1
52970,110,97,13,13
52971,58,54,4,4
52972,104,109,-5,5
52973,93,84,9,9
52974,118,104,14,14
52975,92,84,8,8
52976,77,72,5,5
52977,43,40,3,3
52978,19,34,-15,15
52979,156,123,33,33
52980,145,125,20,20
52981,85,81,4,4
52982,85,68,17,17
52983,121,98,23,23
52984,76,66,10,10
52985,137,125,12,12
52986,76,69,7,7
52987,91,80,11,11
52988,93,80,13,13
52989,133,122,11,11
52990,128,106,22,22
52991,106,97,9,9
52992,77,72,5,5
52993,104,88,16,16
52994,82,74,8,8
52995,77,70,7,7
52996,91,93,-2,2
52997,73,86,-13,13
52998,144,116,28,28
52999,103,88,15,15
53000,97,94,3,3
53001,238,193,45,45
53002,87,75,12,12
53003,135,113,22,22
53004,63,59,4,4
53005,95,80,15,15
53006,42,40,2,2
53007,69,67,2,2
53008,98,80,18,18
53009,147,130,17,17
53010,108,104,4,4
53011,52,50,2,2
53012,69,62,7,7
53013,92,72,20,20
53014,129,114,15,15
53015,83,77,6,6
53016,108,99,9,9
53017,126,113,13,13
53018,84,72,12,12
53019,86,67,19,19
53020,82,90,-8,8
53021,88,81,7,7
53022,101,79,22,22
53023,130,107,23,23
53024,83,76,7,7
53025,118,112,6,6
53026,106,92,14,14
53027,108,102,6,6
53028,85,64,21,21
53029,133,112,21,21
53030,77,66,11,11
53031,110,90,20,20
53032,71,71,0,0
53033,72,72,0,0
53034,44,41,3,3
53035,69,59,10,10
53036,106,87,19,19
53037,103,88,15,15
53038,82,69,13,13
53039,119,118,1,1
53040,94,88,6,6
53041,67,62,5,5
53042,81,68,13,13
53043,102,84,18,18
53044,68,63,5,5
53045,154,125,29,29
53046,80,69,11,11
53047,120,100,20,20
53048,59,54,5,5
53049,149,130,19,19
53050,66,66,0,0
53051,80,61,19,19
53052,61,62,-1,1
53053,40,44,-4,4
53054,80,75,5,5
53055,54,50,4,4
53056,90,93,-3,3
53057,107,90,17,17
53058,62,59,3,3
53059,157,143,14,14
53060,113,98,15,15
53061,107,107,0,0
53062,87,66,21,21
53063,90,81,9,9
53064,155,127,28,28
53065,37,47,-10,10
53066,66,63,3,3
53067,92,88,4,4
53068,74,66,8,8
53069,38,36,2,2
53070,83,69,14,14
53071,90,93,-3,3
53072,262,256,6,6
53073,83,72,11,11
53074,65,58,7,7
53075,84,70,14,14
53076,50,48,2,2
53077,95,92,3,3
53078,80,77,3,3
53079,135,113,22,22
53080,75,65,10,10
53081,79,75,4,4
53082,179,153,26,26
53083,119,105,14,14
53084,89,70,19,19
53085,58,64,-6,6
53086,98,93,5,5
53087,58,55,3,3
53088,62,55,7,7
53089,65,59,6,6
53090,90,80,10,10
53091,134,107,27,27
53092,61,59,2,2
53093,142,120,22,22
53094,71,68,3,3
53095,147,111,36,36
53096,122,108,14,14
53097,151,127,24,24
53098,105,94,11,11
53099,56,53,3,3
53100,124,114,10,10
53101,140,130,10,10
53102,107,93,14,14
53103,103,97,6,6
53104,98,82,16,16
53105,63,52,11,11
53106,51,51,0,0
53107,81,72,9,9
53108,65,66,-1,1
53109,150,129,21,21
53110,134,114,20,20
53111,46,44,2,2
53112,120,94,26,26
53113,80,77,3,3
53114,93,81,12,12
53115,176,142,34,34
53116,115,108,7,7
53117,128,109,19,19
53118,143,117,26,26
53119,55,50,5,5
53120,85,68,17,17
53121,102,85,17,17
53122,54,51,3,3
53123,151,113,38,38
53124,83,68,15,15
53125,47,43,4,4
53126,80,72,8,8
53127,126,105,21,21
53128,105,100,5,5
53129,103,97,6,6
53130,70,70,0,0
53131,64,58,6,6
53132,116,106,10,10
53133,124,121,3,3
53134,89,76,13,13
53135,73,70,3,3
53136,131,119,12,12
53137,120,98,22,22
53138,102,87,15,15
53139,88,74,14,14
53140,82,74,8,8
53141,88,78,10,10
53142,135,104,31,31
53143,119,101,18,18
53144,67,68,-1,1
53145,55,50,5,5
53146,170,146,24,24
53147,125,123,2,2
53148,132,106,26,26
53149,146,128,18,18
53150,83,72,11,11
53151,85,72,13,13
53152,101,91,10,10
53153,84,78,6,6
53154,135,119,16,16
53155,54,49,5,5
53156,74,57,17,17
53157,72,69,3,3
53158,112,82,30,30
53159,137,120,17,17
53160,82,68,14,14
53161,121,99,22,22
53162,83,74,9,9
53163,112,104,8,8
53164,66,55,11,11
53165,90,77,13,13
53166,111,105,6,6
53167,70,69,1,1
53168,98,93,5,5
53169,101,88,13,13
53170,108,89,19,19
53171,77,70,7,7
53172,94,91,3,3
53173,77,72,5,5
53174,52,60,-8,8
53175,114,103,11,11
53176,79,71,8,8
53177,43,49,-6,6
53178,110,89,21,21
53179,51,50,1,1
53180,81,71,10,10
53181,122,99,23,23
53182,128,122,6,6
53183,92,96,-4,4
53184,111,97,14,14
53185,106,87,19,19
53186,56,57,-1,1
53187,137,111,26,26
53188,75,64,11,11
53189,71,64,7,7
53190,67,62,5,5
53191,89,77,12,12
53192,96,88,8,8
53193,106,97,9,9
53194,71,62,9,9
53195,128,106,22,22
53196,63,64,-1,1
53197,82,68,14,14
53198,67,59,8,8
53199,80,72,8,8
53200,124,106,18,18
53201,117,100,17,17
53202,115,114,1,1
53203,107,98,9,9
53204,65,59,6,6
53205,119,109,10,10
53206,88,89,-1,1
53207,53,54,-1,1
53208,156,128,28,28
53209,71,64,7,7
53210,89,81,8,8
53211,88,70,18,18
53212,113,97,16,16
53213,43,43,0,0
53214,106,93,13,13
53215,85,74,11,11
53216,108,111,-3,3
53217,70,55,15,15
53218,163,134,29,29
53219,102,92,10,10
53220,74,68,6,6
53221,60,56,4,4
53222,107,92,15,15
53223,59,66,-7,7
53224,90,69,21,21
53225,134,111,23,23
53226,159,132,27,27
53227,99,81,18,18
53228,75,70,5,5
53229,62,52,10,10
53230,93,82,11,11
53231,101,89,12,12
53232,61,60,1,1
53233,88,68,20,20
53234,99,96,3,3
53235,45,45,0,0
53236,65,62,3,3
53237,120,97,23,23
53238,85,77,8,8
53239,76,73,3,3
53240,111,94,17,17
53241,75,77,-2,2
53242,96,96,0,0
53243,134,108,26,26
53244,62,50,12,12
53245,69,59,10,10
53246,95,85,10,10
53247,93,78,15,15
53248,73,68,5,5
53249,89,71,18,18
53250,59,49,10,10
53251,73,61,12,12
53252,115,103,12,12
53253,86,76,10,10
53254,141,142,-1,1
53255,109,114,-5,5
53256,112,89,23,23
53257,74,72,2,2
53258,57,53,4,4
53259,61,57,4,4
53260,104,95,9,9
53261,111,86,25,25
53262,80,72,8,8
53263,107,88,19,19
53264,43,45,-2,2
53265,71,73,-2,2
53266,54,51,3,3
53267,74,74,0,0
53268,77,67,10,10
53269,86,97,-11,11
53270,65,63,2,2
53271,103,82,21,21
53272,67,65,2,2
53273,77,60,17,17
53274,53,57,-4,4
53275,128,105,23,23
53276,75,71,4,4
53277,111,121,-10,10
53278,94,83,11,11
53279,93,79,14,14
53280,131,105,26,26
53281,61,81,-20,20
53282,69,62,7,7
53283,70,58,12,12
53284,50,51,-1,1
53285,69,61,8,8
53286,101,83,18,18
53287,86,71,15,15
53288,98,84,14,14
53289,140,99,41,41
53290,88,78,10,10
53291,51,49,2,2
53292,72,76,-4,4
53293,109,100,9,9
53294,67,71,-4,4
53295,114,97,17,17
53296,98,83,15,15
53297,98,92,6,6
53298,107,104,3,3
53299,133,125,8,8
53300,161,139,22,22
53301,161,124,37,37
53302,125,110,15,15
53303,90,81,9,9
53304,112,104,8,8
53305,61,58,3,3
53306,186,157,29,29
53307,102,100,2,2
53308,273,240,33,33
53309,125,116,9,9
53310,124,114,10,10
53311,115,96,19,19
53312,86,76,10,10
53313,67,63,4,4
53314,90,85,5,5
53315,146,124,22,22
53316,64,58,6,6
53317,78,68,10,10
53318,73,64,9,9
53319,132,108,24,24
53320,78,73,5,5
53321,108,104,4,4
53322,72,63,9,9
53323,112,107,5,5
53324,110,99,11,11
53325,157,129,28,28
53326,87,75,12,12
53327,63,56,7,7
53328,47,43,4,4
53329,55,59,-4,4
53330,57,52,5,5
53331,77,73,4,4
53332,73,65,8,8
53333,52,49,3,3
53334,60,70,-10,10
53335,171,160,11,11
53336,153,126,27,27
53337,128,115,13,13
53338,101,88,13,13
53339,58,54,4,4
53340,67,58,9,9
53341,58,59,-1,1
53342,69,61,8,8
53343,198,153,45,45
53344,85,69,16,16
53345,96,76,20,20
53346,68,83,-15,15
53347,80,68,12,12
53348,56,60,-4,4
53349,67,61,6,6
53350,57,52,5,5
53351,39,45,-6,6
53352,81,77,4,4
53353,117,104,13,13
53354,104,94,10,10
53355,105,100,5,5
53356,83,72,11,11
53357,135,126,9,9
53358,76,61,15,15
53359,122,102,20,20
53360,78,70,8,8
53361,37,42,-5,5
53362,134,110,24,24
53363,71,61,10,10
53364,119,105,14,14
53365,23,37,-14,14
53366,145,126,19,19
53367,99,90,9,9
53368,70,71,-1,1
53369,41,56,-15,15
53370,82,81,1,1
53371,102,86,16,16
53372,64,57,7,7
53373,60,56,4,4
53374,157,133,24,24
53375,144,112,32,32
53376,107,94,13,13
53377,108,106,2,2
53378,79,78,1,1
53379,77,77,0,0
53380,102,88,14,14
53381,62,59,3,3
53382,87,80,7,7
53383,156,128,28,28
53384,59,53,6,6
53385,54,53,1,1
53386,114,108,6,6
53387,87,90,-3,3
53388,132,117,15,15
53389,135,116,19,19
53390,126,103,23,23
53391,105,97,8,8
53392,95,93,2,2
53393,101,87,14,14
53394,51,52,-1,1
53395,63,66,-3,3
53396,149,130,19,19
53397,72,58,14,14
53398,147,123,24,24
53399,67,60,7,7
53400,106,101,5,5
53401,98,92,6,6
53402,100,84,16,16
53403,93,89,4,4
53404,69,65,4,4
53405,116,117,-1,1
53406,88,77,11,11
53407,114,123,-9,9
53408,53,51,2,2
53409,55,48,7,7
53410,86,83,3,3
53411,110,92,18,18
53412,82,72,10,10
53413,87,73,14,14
53414,60,52,8,8
53415,59,53,6,6
53416,72,59,13,13
53417,99,78,21,21
53418,111,87,24,24
53419,105,96,9,9
53420,110,93,17,17
53421,56,51,5,5
53422,126,120,6,6
53423,75,74,1,1
53424,56,50,6,6
53425,119,125,-6,6
53426,98,87,11,11
53427,171,151,20,20
53428,169,130,39,39
53429,126,112,14,14
53430,194,150,44,44
53431,112,91,21,21
53432,73,65,8,8
53433,106,96,10,10
53434,101,79,22,22
53435,119,101,18,18
53436,96,80,16,16
53437,58,52,6,6
53438,89,83,6,6
53439,78,63,15,15
53440,85,80,5,5
53441,87,79,8,8
53442,70,71,-1,1
53443,50,50,0,0
53444,51,52,-1,1
53445,91,79,12,12
53446,79,74,5,5
53447,98,87,11,11
53448,117,115,2,2
53449,94,92,2,2
53450,141,118,23,23
53451,133,119,14,14
53452,48,46,2,2
53453,121,106,15,15
53454,90,83,7,7
53455,50,57,-7,7
53456,69,71,-2,2
53457,90,97,-7,7
53458,83,70,13,13
53459,89,92,-3,3
53460,84,75,9,9
53461,72,58,14,14
53462,65,64,1,1
53463,93,81,12,12
53464,70,63,7,7
53465,68,63,5,5
53466,128,124,4,4
53467,102,78,24,24
53468,111,100,11,11
53469,54,49,5,5
53470,94,92,2,2
53471,102,86,16,16
53472,104,89,15,15
53473,90,82,8,8
53474,96,90,6,6
53475,119,127,-8,8
53476,80,77,3,3
53477,77,68,9,9
53478,228,225,3,3
53479,134,104,30,30
53480,140,137,3,3
53481,47,43,4,4
53482,113,99,14,14
53483,58,55,3,3
53484,34,35,-1,1
53485,46,44,2,2
53486,68,57,11,11
53487,68,68,0,0
53488,43,45,-2,2
53489,74,74,0,0
53490,88,84,4,4
53491,130,126,4,4
53492,112,84,28,28
53493,91,80,11,11
53494,70,65,5,5
53495,137,120,17,17
53496,67,59,8,8
53497,90,74,16,16
53498,137,114,23,23
53499,83,80,3,3
53500,105,102,3,3
53501,78,75,3,3
53502,93,71,22,22
53503,88,72,16,16
53504,65,55,10,10
53505,105,88,17,17
53506,131,121,10,10
53507,52,47,5,5
53508,48,53,-5,5
53509,127,115,12,12
53510,70,76,-6,6
53511,62,53,9,9
53512,119,109,10,10
53513,75,70,5,5
53514,90,74,16,16
53515,60,60,0,0
53516,133,112,21,21
53517,86,72,14,14
53518,77,75,2,2
53519,81,74,7,7
53520,98,90,8,8
53521,101,94,7,7
53522,70,66,4,4
53523,86,70,16,16
53524,111,102,9,9
53525,99,84,15,15
53526,62,57,5,5
53527,111,100,11,11
53528,57,53,4,4
53529,93,83,10,10
53530,77,73,4,4
53531,122,107,15,15
53532,96,90,6,6
53533,52,50,2,2
53534,66,53,13,13
53535,102,88,14,14
53536,79,81,-2,2
53537,83,86,-3,3
53538,90,81,9,9
53539,117,99,18,18
53540,87,79,8,8
53541,127,104,23,23
53542,50,53,-3,3
53543,62,61,1,1
53544,63,67,-4,4
53545,80,67,13,13
53546,111,121,-10,10
53547,53,44,9,9
53548,105,93,12,12
53549,97,79,18,18
53550,48,45,3,3
53551,66,63,3,3
53552,113,102,11,11
53553,142,121,21,21
53554,42,39,3,3
53555,55,50,5,5
53556,111,90,21,21
53557,89,78,11,11
53558,76,80,-4,4
53559,126,106,20,20
53560,103,90,13,13
53561,53,55,-2,2
53562,90,81,9,9
53563,66,54,12,12
53564,60,61,-1,1
53565,49,51,-2,2
53566,230,175,55,55
53567,64,57,7,7
53568,104,94,10,10
53569,82,77,5,5
53570,157,137,20,20
53571,53,50,3,3
53572,93,88,5,5
53573,76,65,11,11
53574,61,61,0,0
53575,100,83,17,17
53576,52,52,0,0
53577,69,61,8,8
53578,117,103,14,14
53579,124,107,17,17
53580,100,92,8,8
53581,149,120,29,29
53582,99,91,8,8
53583,120,95,25,25
53584,79,74,5,5
53585,177,151,26,26
53586,62,58,4,4
53587,99,84,15,15
53588,157,132,25,25
53589,117,107,10,10
53590,98,86,12,12
53591,68,60,8,8
53592,85,73,12,12
53593,91,89,2,2
53594,106,87,19,19
53595,129,111,18,18
53596,134,110,24,24
53597,85,75,10,10
53598,122,109,13,13
53599,89,80,9,9
53600,46,48,-2,2
53601,91,85,6,6
53602,136,119,17,17
53603,52,47,5,5
53604,98,93,5,5
53605,98,81,17,17
53606,129,112,17,17
53607,49,44,5,5
53608,75,67,8,8
53609,70,66,4,4
53610,102,84,18,18
53611,114,99,15,15
53612,31,38,-7,7
53613,120,102,18,18
53614,108,96,12,12
53615,84,81,3,3
53616,61,58,3,3
53617,150,131,19,19
53618,52,74,-22,22
53619,44,47,-3,3
53620,71,71,0,0
53621,62,60,2,2
53622,74,71,3,3
53623,100,89,11,11
53624,83,78,5,5
53625,82,79,3,3
53626,149,119,30,30
53627,113,108,5,5
53628,99,82,17,17
53629,94,86,8,8
53630,77,75,2,2
53631,116,114,2,2
53632,154,136,18,18
53633,84,74,10,10
53634,116,95,21,21
53635,169,145,24,24
53636,126,110,16,16
53637,31,36,-5,5
53638,84,74,10,10
53639,81,70,11,11
53640,109,93,16,16
53641,96,88,8,8
53642,78,67,11,11
53643,100,88,12,12
53644,101,88,13,13
53645,63,64,-1,1
53646,118,104,14,14
53647,119,101,18,18
53648,70,60,10,10
53649,82,68,14,14
53650,57,49,8,8
53651,89,83,6,6
53652,124,102,22,22
53653,67,66,1,1
53654,87,70,17,17
53655,115,99,16,16
53656,76,64,12,12
53657,63,58,5,5
53658,105,90,15,15
53659,77,67,10,10
53660,124,109,15,15
53661,84,70,14,14
53662,52,44,8,8
53663,55,53,2,2
53664,120,98,22,22
53665,206,160,46,46
53666,67,65,2,2
53667,93,84,9,9
53668,67,63,4,4
53669,71,58,13,13
53670,87,76,11,11
53671,72,63,9,9
53672,108,95,13,13
53673,116,102,14,14
53674,62,52,10,10
53675,61,61,0,0
53676,57,55,2,2
53677,100,85,15,15
53678,78,64,14,14
53679,93,85,8,8
53680,102,92,10,10
53681,187,166,21,21
53682,88,70,18,18
53683,100,91,9,9
53684,169,147,22,22
53685,160,146,14,14
53686,142,121,21,21
53687,146,132,14,14
53688,81,77,4,4
53689,41,40,1,1
53690,111,94,17,17
53691,124,103,21,21
53692,114,104,10,10
53693,133,124,9,9
53694,88,71,17,17
53695,90,76,14,14
53696,76,66,10,10
53697,83,85,-2,2
53698,130,111,19,19
53699,48,56,-8,8
53700,85,90,-5,5
53701,77,69,8,8
53702,130,114,16,16
53703,118,93,25,25
53704,106,91,15,15
53705,67,65,2,2
53706,111,102,9,9
53707,94,77,17,17
53708,69,64,5,5
53709,76,86,-10,10
53710,96,79,17,17
53711,84,71,13,13
53712,144,111,33,33
53713,66,69,-3,3
53714,86,76,10,10
53715,56,61,-5,5
53716,103,100,3,3
53717,154,129,25,25
53718,80,69,11,11
53719,89,88,1,1
53720,63,63,0,0
53721,90,79,11,11
53722,102,81,21,21
53723,132,116,16,16
53724,103,95,8,8
53725,138,120,18,18
53726,107,93,14,14
53727,84,79,5,5
53728,158,128,30,30
53729,143,126,17,17
53730,83,77,6,6
53731,101,84,17,17
53732,42,47,-5,5
53733,156,135,21,21
53734,96,89,7,7
53735,124,115,9,9
53736,91,81,10,10
53737,139,117,22,22
53738,80,69,11,11
53739,95,82,13,13
53740,95,80,15,15
53741,83,78,5,5
53742,88,83,5,5
53743,120,106,14,14
53744,79,75,4,4
53745,114,98,16,16
53746,54,52,2,2
53747,72,73,-1,1
53748,122,100,22,22
53749,125,112,13,13
53750,100,89,11,11
53751,90,89,1,1
53752,92,83,9,9
53753,85,75,10,10
53754,115,100,15,15
53755,76,64,12,12
53756,94,94,0,0
53757,128,108,20,20
53758,49,86,-37,37
53759,134,112,22,22
53760,114,102,12,12
53761,75,67,8,8
53762,71,61,10,10
53763,131,114,17,17
53764,110,96,14,14
53765,113,95,18,18
53766,79,80,-1,1
53767,90,84,6,6
53768,112,87,25,25
53769,92,85,7,7
53770,141,117,24,24
53771,46,44,2,2
53772,103,90,13,13
53773,124,109,15,15
53774,98,86,12,12
53775,106,83,23,23
53776,95,78,17,17
53777,50,50,0,0
53778,98,82,16,16
53779,127,113,14,14
53780,147,126,21,21
53781,136,116,20,20
53782,68,60,8,8
53783,133,118,15,15
53784,112,100,12,12
53785,73,63,10,10
53786,104,94,10,10
53787,118,103,15,15
53788,84,84,0,0
53789,66,61,5,5
53790,74,65,9,9
53791,71,58,13,13
53792,122,105,17,17
53793,88,82,6,6
53794,90,85,5,5
53795,44,45,-1,1
53796,68,76,-8,8
53797,72,71,1,1
53798,141,119,22,22
53799,84,97,-13,13
53800,120,104,16,16
53801,46,39,7,7
53802,59,53,6,6
53803,136,117,19,19
53804,47,42,5,5
53805,57,57,0,0
53806,64,73,-9,9
53807,114,87,27,27
53808,75,61,14,14
53809,72,69,3,3
53810,58,49,9,9
53811,70,67,3,3
53812,146,122,24,24
53813,83,88,-5,5
53814,116,115,1,1
53815,143,129,14,14
53816,118,103,15,15
53817,200,162,38,38
53818,116,92,24,24
53819,124,108,16,16
53820,142,127,15,15
53821,184,142,42,42
53822,137,118,19,19
53823,76,71,5,5
53824,96,83,13,13
53825,52,48,4,4
53826,91,73,18,18
53827,55,51,4,4
53828,95,76,19,19
53829,59,56,3,3
53830,145,131,14,14
53831,84,68,16,16
53832,112,103,9,9
53833,63,66,-3,3
53834,60,59,1,1
53835,134,117,17,17
53836,88,81,7,7
53837,72,66,6,6
53838,107,104,3,3
53839,74,65,9,9
53840,94,75,19,19
53841,84,72,12,12
53842,55,64,-9,9
53843,30,30,0,0
53844,31,41,-10,10
53845,77,75,2,2
53846,74,66,8,8
53847,99,79,20,20
53848,148,126,22,22
53849,70,69,1,1
53850,86,71,15,15
53851,124,122,2,2
53852,144,123,21,21
53853,77,67,10,10
53854,117,97,20,20
53855,78,67,11,11
53856,53,59,-6,6
53857,105,86,19,19
53858,79,61,18,18
53859,127,104,23,23
53860,94,76,18,18
53861,159,139,20,20
53862,90,81,9,9
53863,71,67,4,4
53864,156,131,25,25
53865,140,121,19,19
53866,57,45,12,12
53867,91,82,9,9
53868,61,57,4,4
53869,91,86,5,5
53870,54,52,2,2
53871,78,69,9,9
53872,133,105,28,28
53873,121,99,22,22
53874,151,132,19,19
53875,119,103,16,16
53876,76,97,-21,21
53877,98,82,16,16
53878,97,84,13,13
53879,41,40,1,1
53880,149,143,6,6
53881,119,104,15,15
53882,80,73,7,7
53883,67,58,9,9
53884,70,67,3,3
53885,120,100,20,20
53886,125,111,14,14
53887,76,70,6,6
53888,77,74,3,3
53889,89,84,5,5
53890,63,54,9,9
53891,163,134,29,29
53892,51,44,7,7
53893,68,58,10,10
53894,131,118,13,13
53895,109,94,15,15
53896,61,51,10,10
53897,118,116,2,2
53898,103,90,13,13
53899,137,110,27,27
53900,93,77,16,16
53901,116,87,29,29
53902,61,59,2,2
53903,80,76,4,4
53904,88,81,7,7
53905,121,115,6,6
53906,63,59,4,4
53907,150,133,17,17
53908,130,114,16,16
53909,112,96,16,16
53910,48,50,-2,2
53911,159,139,20,20
53912,75,64,11,11
53913,66,65,1,1
53914,75,67,8,8
53915,70,63,7,7
53916,80,68,12,12
53917,95,86,9,9
53918,57,47,10,10
53919,79,65,14,14
53920,69,60,9,9
53921,60,56,4,4
53922,115,94,21,21
53923,121,88,33,33
53924,71,57,14,14
53925,88,77,11,11
53926,97,88,9,9
53927,56,56,0,0
53928,107,87,20,20
53929,35,37,-2,2
53930,112,101,11,11
53931,74,71,3,3
53932,80,73,7,7
53933,89,99,-10,10
53934,81,79,2,2
53935,142,126,16,16
53936,109,100,9,9
53937,118,97,21,21
53938,93,81,12,12
53939,127,112,15,15
53940,84,75,9,9
53941,135,118,17,17
53942,128,113,15,15
53943,88,71,17,17
53944,77,76,1,1
53945,73,70,3,3
53946,92,78,14,14
53947,163,144,19,19
53948,117,98,19,19
53949,186,158,28,28
53950,118,109,9,9
53951,79,61,18,18
53952,81,77,4,4
53953,114,113,1,1
53954,83,74,9,9
53955,89,69,20,20
53956,139,123,16,16
53957,85,76,9,9
53958,52,55,-3,3
53959,112,91,21,21
53960,79,73,6,6
53961,90,78,12,12
53962,102,92,10,10
53963,86,76,10,10
53964,83,71,12,12
53965,149,122,27,27
53966,50,50,0,0
53967,73,65,8,8
53968,66,57,9,9
53969,106,96,10,10
53970,78,67,11,11
53971,85,77,8,8
53972,97,92,5,5
53973,50,42,8,8
53974,126,121,5,5
53975,83,82,1,1
53976,98,82,16,16
53977,75,66,9,9
53978,93,82,11,11
53979,143,116,27,27
53980,142,108,34,34
53981,55,58,-3,3
53982,68,59,9,9
53983,61,54,7,7
53984,68,63,5,5
53985,119,91,28,28
53986,85,72,13,13
53987,56,49,7,7
53988,105,97,8,8
53989,74,66,8,8
53990,61,55,6,6
53991,125,109,16,16
53992,49,44,5,5
53993,117,110,7,7
53994,109,101,8,8
53995,108,111,-3,3
53996,153,140,13,13
53997,59,54,5,5
53998,173,144,29,29
53999,90,81,9,9
54000,102,87,15,15
54001,53,51,2,2
54002,91,88,3,3
54003,162,120,42,42
54004,129,114,15,15
54005,110,97,13,13
54006,80,65,15,15
54007,94,76,18,18
54008,107,94,13,13
54009,57,56,1,1
54010,109,98,11,11
54011,73,67,6,6
54012,229,182,47,47
54013,170,148,22,22
54014,70,59,11,11
54015,104,94,10,10
54016,83,71,12,12
54017,101,85,16,16
54018,86,79,7,7
54019,108,96,12,12
54020,96,85,11,11
54021,80,77,3,3
54022,68,65,3,3
54023,91,78,13,13
54024,112,101,11,11
54025,122,106,16,16
54026,132,107,25,25
54027,96,88,8,8
54028,81,78,3,3
54029,80,84,-4,4
54030,101,88,13,13
54031,117,100,17,17
54032,100,96,4,4
54033,83,89,-6,6
54034,93,82,11,11
54035,103,94,9,9
54036,48,54,-6,6
54037,110,96,14,14
54038,128,108,20,20
54039,37,34,3,3
54040,110,107,3,3
54041,94,84,10,10
54042,127,126,1,1
54043,70,60,10,10
54044,112,97,15,15
54045,189,168,21,21
54046,95,92,3,3
54047,123,113,10,10
54048,152,133,19,19
54049,85,75,10,10
54050,60,60,0,0
54051,74,63,11,11
54052,89,80,9,9
54053,97,89,8,8
54054,159,127,32,32
54055,90,83,7,7
54056,76,70,6,6
54057,83,87,-4,4
54058,71,71,0,0
54059,105,83,22,22
54060,102,92,10,10
54061,161,131,30,30
54062,123,100,23,23
54063,85,76,9,9
54064,41,40,1,1
54065,165,138,27,27
54066,60,88,-28,28
54067,123,111,12,12
54068,59,49,10,10
54069,51,47,4,4
54070,160,138,22,22
54071,134,128,6,6
54072,87,84,3,3
54073,91,80,11,11
54074,52,51,1,1
54075,111,95,16,16
54076,139,131,8,8
54077,65,65,0,0
54078,96,82,14,14
54079,92,79,13,13
54080,77,78,-1,1
54081,106,104,2,2
54082,194,166,28,28
54083,127,109,18,18
54084,121,94,27,27
54085,140,135,5,5
54086,129,112,17,17
54087,59,59,0,0
54088,82,81,1,1
54089,59,57,2,2
54090,98,86,12,12
54091,214,163,51,51
54092,107,94,13,13
54093,122,115,7,7
54094,75,65,10,10
54095,52,49,3,3
54096,129,106,23,23
54097,59,54,5,5
54098,64,57,7,7
54099,144,120,24,24
54100,99,88,11,11
54101,156,127,29,29
54102,173,145,28,28
54103,82,72,10,10
54104,145,116,29,29
54105,105,88,17,17
54106,102,99,3,3
54107,69,62,7,7
54108,51,50,1,1
54109,44,44,0,0
54110,30,38,-8,8
54111,118,93,25,25
54112,85,71,14,14
54113,70,64,6,6
54114,61,66,-5,5
54115,69,60,9,9
54116,81,73,8,8
54117,68,57,11,11
54118,149,126,23,23
54119,47,58,-11,11
54120,53,55,-2,2
54121,143,127,16,16
54122,91,89,2,2
54123,93,84,9,9
54124,45,45,0,0
54125,122,108,14,14
54126,112,95,17,17
54127,165,133,32,32
54128,57,56,1,1
54129,101,90,11,11
54130,54,53,1,1
54131,55,49,6,6
54132,74,63,11,11
54133,95,79,16,16
54134,58,80,-22,22
54135,114,113,1,1
54136,73,82,-9,9
54137,81,69,12,12
54138,63,55,8,8
54139,139,129,10,10
54140,96,84,12,12
54141,111,100,11,11
54142,157,125,32,32
54143,167,143,24,24
54144,166,124,42,42
54145,115,107,8,8
54146,80,67,13,13
54147,166,129,37,37
54148,89,78,11,11
54149,69,60,9,9
54150,34,41,-7,7
54151,92,80,12,12
54152,81,79,2,2
54153,131,119,12,12
54154,65,63,2,2
54155,107,97,10,10
54156,61,58,3,3
54157,77,75,2,2
54158,92,85,7,7
54159,175,157,18,18
54160,154,139,15,15
54161,101,93,8,8
54162,96,82,14,14
54163,82,73,9,9
54164,72,61,11,11
54165,60,57,3,3
54166,137,111,26,26
54167,44,44,0,0
54168,77,64,13,13
54169,111,95,16,16
54170,41,47,-6,6
54171,119,96,23,23
54172,83,75,8,8
54173,108,89,19,19
54174,128,102,26,26
54175,76,81,-5,5
54176,41,43,-2,2
54177,79,72,7,7
54178,175,149,26,26
54179,115,95,20,20
54180,87,86,1,1
54181,136,112,24,24
54182,76,67,9,9
54183,107,102,5,5
54184,86,83,3,3
54185,118,99,19,19
54186,98,84,14,14
54187,73,69,4,4
54188,176,144,32,32
54189,110,88,22,22
54190,73,68,5,5
54191,73,70,3,3
54192,109,106,3,3
54193,96,91,5,5
54194,128,106,22,22
54195,65,57,8,8
54196,81,78,3,3
54197,76,68,8,8
54198,81,81,0,0
54199,55,45,10,10
54200,93,82,11,11
54201,138,129,9,9
54202,127,106,21,21
54203,110,83,27,27
54204,97,83,14,14
54205,106,105,1,1
54206,70,67,3,3
54207,84,88,-4,4
54208,103,90,13,13
54209,109,87,22,22
54210,82,71,11,11
54211,82,75,7,7
54212,75,68,7,7
54213,96,83,13,13
54214,74,67,7,7
54215,50,49,1,1
54216,80,67,13,13
54217,129,125,4,4
54218,127,115,12,12
54219,101,97,4,4
54220,94,84,10,10
54221,80,75,5,5
54222,51,47,4,4
54223,98,93,5,5
54224,93,86,7,7
54225,138,124,14,14
54226,127,104,23,23
54227,115,96,19,19
54228,57,56,1,1
54229,62,57,5,5
54230,125,114,11,11
54231,74,76,-2,2
54232,104,86,18,18
54233,112,102,10,10
54234,101,85,16,16
54235,81,65,16,16
54236,58,57,1,1
54237,98,79,19,19
54238,60,53,7,7
54239,60,58,2,2
54240,119,98,21,21
54241,92,87,5,5
54242,79,75,4,4
54243,72,64,8,8
54244,59,58,1,1
54245,53,50,3,3
54246,133,113,20,20
54247,81,83,-2,2
54248,167,134,33,33
54249,110,93,17,17
54250,62,57,5,5
54251,77,66,11,11
54252,81,80,1,1
54253,108,83,25,25
54254,107,89,18,18
54255,56,51,5,5
54256,74,68,6,6
54257,55,65,-10,10
54258,41,38,3,3
54259,95,81,14,14
54260,80,77,3,3
54261,107,94,13,13
54262,89,83,6,6
54263,69,63,6,6
54264,89,76,13,13
54265,125,104,21,21
54266,139,133,6,6
54267,63,59,4,4
54268,79,81,-2,2
54269,111,103,8,8
54270,80,72,8,8
54271,89,86,3,3
54272,65,54,11,11
54273,139,118,21,21
54274,105,91,14,14
54275,59,53,6,6
54276,108,86,22,22
54277,71,66,5,5
54278,57,60,-3,3
54279,65,58,7,7
54280,66,57,9,9
54281,171,152,19,19
54282,69,81,-12,12
54283,137,108,29,29
54284,62,60,2,2
54285,92,81,11,11
54286,87,71,16,16
54287,131,112,19,19
54288,160,148,12,12
54289,78,74,4,4
54290,82,80,2,2
54291,152,153,-1,1
54292,34,32,2,2
54293,80,82,-2,2
54294,201,171,30,30
54295,89,79,10,10
54296,88,84,4,4
54297,137,116,21,21
54298,58,55,3,3
54299,87,90,-3,3
54300,106,98,8,8
54301,67,62,5,5
54302,57,49,8,8
54303,83,69,14,14
54304,105,84,21,21
54305,187,148,39,39
54306,92,82,10,10
54307,43,41,2,2
54308,130,121,9,9
54309,103,89,14,14
54310,79,72,7,7
54311,176,149,27,27
54312,120,95,25,25
54313,75,66,9,9
54314,75,64,11,11
54315,77,66,11,11
54316,87,74,13,13
54317,49,55,-6,6
54318,164,127,37,37
54319,142,116,26,26
54320,136,119,17,17
54321,51,56,-5,5
54322,79,74,5,5
54323,173,144,29,29
54324,118,104,14,14
54325,75,68,7,7
54326,87,83,4,4
54327,66,59,7,7
54328,67,64,3,3
54329,124,106,18,18
54330,62,59,3,3
54331,88,88,0,0
54332,87,74,13,13
54333,125,114,11,11
54334,107,77,30,30
54335,65,58,7,7
54336,50,52,-2,2
54337,80,65,15,15
54338,166,140,26,26
54339,142,121,21,21
54340,171,144,27,27
54341,57,53,4,4
54342,87,79,8,8
54343,106,85,21,21
54344,95,91,4,4
54345,108,88,20,20
54346,105,85,20,20
54347,112,96,16,16
54348,101,79,22,22
54349,89,75,14,14
54350,49,49,0,0
54351,84,72,12,12
54352,101,92,9,9
54353,66,58,8,8
54354,83,72,11,11
54355,58,53,5,5
54356,85,80,5,5
54357,91,110,-19,19
54358,53,60,-7,7
54359,94,86,8,8
54360,97,74,23,23
54361,76,69,7,7
54362,45,53,-8,8
54363,49,47,2,2
54364,150,131,19,19
54365,104,88,16,16
54366,111,104,7,7
54367,68,57,11,11
54368,93,87,6,6
54369,100,91,9,9
54370,107,95,12,12
54371,121,105,16,16
54372,60,61,-1,1
54373,134,120,14,14
54374,127,110,17,17
54375,76,70,6,6
54376,122,100,22,22
54377,71,63,8,8
54378,73,71,2,2
54379,74,63,11,11
54380,133,116,17,17
54381,78,62,16,16
54382,60,72,-12,12
54383,112,116,-4,4
54384,87,88,-1,1
54385,105,88,17,17
54386,62,59,3,3
54387,76,67,9,9
54388,124,101,23,23
54389,108,104,4,4
54390,63,57,6,6
54391,192,161,31,31
54392,63,71,-8,8
54393,94,84,10,10
54394,76,85,-9,9
54395,153,128,25,25
54396,145,122,23,23
54397,118,112,6,6
54398,144,131,13,13
54399,80,77,3,3
54400,81,68,13,13
54401,167,132,35,35
54402,112,80,32,32
54403,87,84,3,3
54404,114,80,34,34
54405,96,89,7,7
54406,72,66,6,6
54407,148,133,15,15
54408,105,96,9,9
54409,138,125,13,13
54410,80,72,8,8
54411,79,75,4,4
54412,92,76,16,16
54413,104,98,6,6
54414,60,65,-5,5
54415,179,145,34,34
54416,86,75,11,11
54417,32,48,-16,16
54418,134,99,35,35
54419,71,63,8,8
54420,93,84,9,9
54421,112,99,13,13
54422,117,101,16,16
54423,112,98,14,14
54424,83,77,6,6
54425,111,100,11,11
54426,143,125,18,18
54427,84,70,14,14
54428,58,57,1,1
54429,78,71,7,7
54430,116,92,24,24
54431,120,97,23,23
54432,102,83,19,19
54433,155,84,71,71
54434,106,96,10,10
54435,79,65,14,14
54436,111,104,7,7
54437,72,64,8,8
54438,59,54,5,5
54439,139,131,8,8
54440,119,100,19,19
54441,100,85,15,15
54442,59,66,-7,7
54443,67,68,-1,1
54444,149,140,9,9
54445,74,66,8,8
54446,96,87,9,9
54447,196,173,23,23
54448,144,124,20,20
54449,101,87,14,14
54450,80,84,-4,4
54451,76,76,0,0
54452,96,89,7,7
54453,112,95,17,17
54454,73,82,-9,9
54455,126,113,13,13
54456,92,80,12,12
54457,125,119,6,6
54458,64,63,1,1
54459,146,127,19,19
54460,77,87,-10,10
54461,148,126,22,22
54462,126,107,19,19
54463,95,89,6,6
54464,58,51,7,7
54465,146,118,28,28
54466,148,120,28,28
54467,104,96,8,8
54468,129,100,29,29
54469,60,49,11,11
54470,83,72,11,11
54471,67,53,14,14
54472,132,111,21,21
54473,82,80,2,2
54474,34,50,-16,16
54475,76,76,0,0
54476,116,105,11,11
54477,119,109,10,10
54478,96,89,7,7
54479,138,117,21,21
54480,80,71,9,9
54481,109,99,10,10
54482,103,89,14,14
54483,57,57,0,0
54484,41,38,3,3
54485,121,104,17,17
54486,87,72,15,15
54487,125,109,16,16
54488,82,82,0,0
54489,36,36,0,0
54490,63,57,6,6
54491,112,98,14,14
54492,90,74,16,16
54493,110,106,4,4
54494,184,151,33,33
54495,97,88,9,9
54496,64,61,3,3
54497,115,93,22,22
54498,85,74,11,11
54499,60,58,2,2
54500,68,70,-2,2
54501,118,104,14,14
54502,56,64,-8,8
54503,49,61,-12,12
54504,92,84,8,8
54505,62,59,3,3
54506,131,115,16,16
54507,125,112,13,13
54508,146,133,13,13
54509,78,71,7,7
54510,69,61,8,8
54511,76,62,14,14
54512,66,62,4,4
54513,71,66,5,5
54514,97,92,5,5
54515,264,217,47,47
54516,38,44,-6,6
54517,134,129,5,5
54518,70,61,9,9
54519,67,62,5,5
54520,128,108,20,20
54521,138,96,42,42
54522,101,108,-7,7
54523,76,68,8,8
54524,42,46,-4,4
54525,138,109,29,29
54526,126,102,24,24
54527,80,69,11,11
54528,61,57,4,4
54529,105,82,23,23
54530,113,100,13,13
54531,96,88,8,8
54532,97,86,11,11
54533,74,76,-2,2
54534,129,118,11,11
54535,83,69,14,14
54536,87,76,11,11
54537,72,63,9,9
54538,120,99,21,21
54539,95,104,-9,9
54540,62,63,-1,1
54541,54,51,3,3
54542,80,76,4,4
54543,109,90,19,19
54544,90,75,15,15
54545,30,31,-1,1
54546,103,90,13,13
54547,91,93,-2,2
54548,92,74,18,18
54549,79,78,1,1
54550,120,106,14,14
54551,131,111,20,20
54552,91,81,10,10
54553,64,60,4,4
54554,106,92,14,14
54555,81,75,6,6
54556,86,74,12,12
54557,190,170,20,20
54558,80,69,11,11
54559,108,102,6,6
54560,136,126,10,10
54561,84,74,10,10
54562,122,107,15,15
54563,80,66,14,14
54564,80,67,13,13
54565,143,122,21,21
54566,31,39,-8,8
54567,96,84,12,12
54568,74,60,14,14
54569,130,111,19,19
54570,99,86,13,13
54571,90,88,2,2
54572,89,73,16,16
54573,122,96,26,26
54574,116,101,15,15
54575,111,102,9,9
54576,129,109,20,20
54577,97,88,9,9
54578,122,95,27,27
54579,94,104,-10,10
54580,78,75,3,3
54581,101,88,13,13
54582,77,74,3,3
54583,99,98,1,1
54584,91,96,-5,5
54585,74,66,8,8
54586,120,100,20,20
54587,109,92,17,17
54588,54,52,2,2
54589,105,84,21,21
54590,140,131,9,9
54591,175,142,33,33
54592,103,87,16,16
54593,80,74,6,6
54594,71,69,2,2
54595,101,87,14,14
54596,91,82,9,9
54597,75,77,-2,2
54598,51,50,1,1
54599,59,56,3,3
54600,108,92,16,16
54601,198,159,39,39
54602,48,44,4,4
54603,117,103,14,14
54604,44,43,1,1
54605,105,97,8,8
54606,78,74,4,4
54607,92,91,1,1
54608,89,75,14,14
54609,68,59,9,9
54610,50,54,-4,4
54611,83,69,14,14
54612,71,63,8,8
54613,96,105,-9,9
54614,146,123,23,23
54615,134,97,37,37
54616,73,90,-17,17
54617,84,99,-15,15
54618,86,82,4,4
54619,152,125,27,27
54620,59,54,5,5
54621,183,148,35,35
54622,50,49,1,1
54623,83,75,8,8
54624,103,86,17,17
54625,63,55,8,8
54626,58,56,2,2
54627,79,68,11,11
54628,65,80,-15,15
54629,50,53,-3,3
54630,89,76,13,13
54631,132,105,27,27
54632,91,89,2,2
54633,79,74,5,5
54634,89,73,16,16
54635,117,108,9,9
54636,89,75,14,14
54637,109,104,5,5
54638,124,107,17,17
54639,97,86,11,11
54640,131,117,14,14
54641,86,76,10,10
54642,77,69,8,8
54643,96,88,8,8
54644,94,85,9,9
54645,74,65,9,9
54646,129,113,16,16
54647,104,88,16,16
54648,113,108,5,5
54649,99,97,2,2
54650,63,45,18,18
54651,95,86,9,9
54652,68,71,-3,3
54653,194,152,42,42
54654,99,96,3,3
54655,123,121,2,2
54656,119,103,16,16
54657,108,89,19,19
54658,66,74,-8,8
54659,60,60,0,0
54660,58,59,-1,1
54661,183,153,30,30
54662,190,169,21,21
54663,165,130,35,35
54664,80,77,3,3
54665,166,140,26,26
54666,123,114,9,9
54667,131,118,13,13
54668,62,63,-1,1
54669,83,65,18,18
54670,125,100,25,25
54671,103,98,5,5
54672,101,97,4,4
54673,95,81,14,14
54674,59,58,1,1
54675,107,87,20,20
54676,79,64,15,15
54677,87,69,18,18
54678,84,79,5,5
54679,67,63,4,4
54680,75,64,11,11
54681,85,72,13,13
54682,89,73,16,16
54683,105,107,-2,2
54684,71,68,3,3
54685,150,120,30,30
54686,59,56,3,3
54687,86,76,10,10
54688,85,77,8,8
54689,110,98,12,12
54690,76,63,13,13
54691,100,88,12,12
54692,109,86,23,23
54693,110,100,10,10
54694,97,99,-2,2
54695,109,99,10,10
54696,188,156,32,32
54697,52,50,2,2
54698,56,55,1,1
54699,87,78,9,9
54700,72,65,7,7
54701,171,144,27,27
54702,109,95,14,14
54703,86,80,6,6
54704,140,123,17,17
54705,113,94,19,19
54706,89,81,8,8
54707,102,88,14,14
54708,82,70,12,12
54709,87,76,11,11
54710,85,76,9,9
54711,150,125,25,25
54712,151,112,39,39
54713,65,68,-3,3
54714,150,129,21,21
54715,102,91,11,11
54716,88,76,12,12
54717,108,99,9,9
54718,38,47,-9,9
54719,123,111,12,12
54720,92,73,19,19
54721,120,100,20,20
54722,108,90,18,18
54723,72,61,11,11
54724,62,58,4,4
54725,105,94,11,11
54726,71,76,-5,5
54727,99,83,16,16
54728,88,79,9,9
54729,79,75,4,4
54730,86,78,8,8
54731,116,90,26,26
54732,74,73,1,1
54733,93,90,3,3
54734,198,157,41,41
54735,96,83,13,13
54736,78,68,10,10
54737,57,52,5,5
54738,45,48,-3,3
54739,140,121,19,19
54740,76,66,10,10
54741,88,81,7,7
54742,127,113,14,14
54743,50,52,-2,2
54744,101,98,3,3
54745,71,71,0,0
54746,141,113,28,28
54747,110,107,3,3
54748,144,116,28,28
54749,114,109,5,5
54750,66,56,10,10
54751,90,87,3,3
54752,83,71,12,12
54753,143,112,31,31
54754,81,68,13,13
54755,41,43,-2,2
54756,165,146,19,19
54757,92,88,4,4
54758,43,68,-25,25
54759,84,66,18,18
54760,58,64,-6,6
54761,74,63,11,11
54762,102,73,29,29
54763,62,66,-4,4
54764,115,97,18,18
54765,93,89,4,4
54766,155,125,30,30
54767,173,152,21,21
54768,145,120,25,25
54769,75,69,6,6
54770,116,96,20,20
54771,114,104,10,10
54772,115,107,8,8
54773,123,106,17,17
54774,86,88,-2,2
54775,95,80,15,15
54776,59,55,4,4
54777,123,110,13,13
54778,111,101,10,10
54779,109,111,-2,2
54780,92,80,12,12
54781,118,117,1,1
54782,42,43,-1,1
54783,65,62,3,3
54784,74,68,6,6
54785,144,129,15,15
54786,139,112,27,27
54787,71,68,3,3
54788,66,61,5,5
54789,81,77,4,4
54790,103,98,5,5
54791,65,58,7,7
54792,137,136,1,1
54793,86,79,7,7
54794,64,46,18,18
54795,96,87,9,9
54796,76,77,-1,1
54797,56,51,5,5
54798,59,55,4,4
54799,70,64,6,6
54800,79,69,10,10
54801,92,74,18,18
54802,64,66,-2,2
54803,141,129,12,12
54804,111,98,13,13
54805,123,98,25,25
54806,55,58,-3,3
54807,58,54,4,4
54808,105,80,25,25
54809,124,96,28,28
54810,76,67,9,9
54811,72,76,-4,4
54812,68,74,-6,6
54813,39,40,-1,1
54814,83,69,14,14
54815,90,78,12,12
54816,84,67,17,17
54817,131,108,23,23
54818,100,85,15,15
54819,68,62,6,6
54820,199,157,42,42
54821,111,98,13,13
54822,63,56,7,7
54823,112,98,14,14
54824,58,58,0,0
54825,167,146,21,21
54826,167,140,27,27
54827,204,163,41,41
54828,88,80,8,8
54829,112,106,6,6
54830,109,96,13,13
54831,74,59,15,15
54832,118,108,10,10
54833,114,101,13,13
54834,52,49,3,3
54835,79,72,7,7
54836,63,56,7,7
54837,34,39,-5,5
54838,75,68,7,7
54839,66,60,6,6
54840,165,151,14,14
54841,140,100,40,40
54842,68,62,6,6
54843,119,98,21,21
54844,109,98,11,11
54845,79,70,9,9
54846,96,76,20,20
54847,96,81,15,15
54848,58,52,6,6
54849,99,89,10,10
54850,68,66,2,2
54851,61,59,2,2
54852,89,86,3,3
54853,135,112,23,23
54854,60,58,2,2
54855,92,83,9,9
54856,84,69,15,15
54857,84,81,3,3
54858,94,83,11,11
54859,101,99,2,2
54860,119,104,15,15
54861,139,130,9,9
54862,84,76,8,8
54863,204,149,55,55
54864,97,85,12,12
54865,79,78,1,1
54866,101,92,9,9
54867,86,75,11,11
54868,84,70,14,14
54869,67,64,3,3
54870,98,88,10,10
54871,79,70,9,9
54872,90,73,17,17
54873,62,61,1,1
54874,65,61,4,4
54875,62,63,-1,1
54876,41,39,2,2
54877,140,112,28,28
54878,167,137,30,30
54879,129,113,16,16
54880,170,167,3,3
54881,76,70,6,6
54882,88,76,12,12
54883,57,52,5,5
54884,55,52,3,3
54885,81,71,10,10
54886,142,121,21,21
54887,118,97,21,21
54888,66,57,9,9
54889,61,64,-3,3
54890,97,89,8,8
54891,88,78,10,10
54892,101,90,11,11
54893,64,87,-23,23
54894,116,98,18,18
54895,90,75,15,15
54896,87,85,2,2
54897,98,80,18,18
54898,111,102,9,9
54899,67,56,11,11
54900,51,50,1,1
54901,123,109,14,14
54902,59,58,1,1
54903,67,61,6,6
54904,48,45,3,3
54905,52,61,-9,9
54906,180,163,17,17
54907,61,59,2,2
54908,162,132,30,30
54909,76,70,6,6
54910,57,55,2,2
54911,90,80,10,10
54912,55,58,-3,3
54913,103,95,8,8
54914,72,72,0,0
54915,70,56,14,14
54916,154,125,29,29
54917,113,100,13,13
54918,108,97,11,11
54919,50,58,-8,8
54920,45,57,-12,12
54921,71,57,14,14
54922,132,115,17,17
54923,164,137,27,27
54924,100,93,7,7
54925,46,41,5,5
54926,85,72,13,13
54927,88,75,13,13
54928,107,99,8,8
54929,84,72,12,12
54930,48,44,4,4
54931,98,90,8,8
54932,154,132,22,22
54933,115,102,13,13
54934,69,63,6,6
54935,47,48,-1,1
54936,79,66,13,13
54937,74,62,12,12
54938,77,72,5,5
54939,52,51,1,1
54940,146,121,25,25
54941,74,75,-1,1
54942,122,105,17,17
54943,83,96,-13,13
54944,134,106,28,28
54945,113,104,9,9
54946,113,96,17,17
54947,100,103,-3,3
54948,77,68,9,9
54949,91,77,14,14
54950,112,126,-14,14
54951,109,90,19,19
54952,97,83,14,14
54953,156,133,23,23
54954,128,108,20,20
54955,88,80,8,8
54956,68,63,5,5
54957,69,65,4,4
54958,137,121,16,16
54959,68,70,-2,2
54960,65,59,6,6
54961,93,79,14,14
54962,58,52,6,6
54963,55,60,-5,5
54964,121,103,18,18
54965,133,123,10,10
54966,50,50,0,0
54967,228,187,41,41
54968,101,83,18,18
54969,51,47,4,4
54970,89,77,12,12
54971,63,67,-4,4
54972,70,72,-2,2
54973,41,37,4,4
54974,114,99,15,15
54975,65,66,-1,1
54976,83,77,6,6
54977,61,54,7,7
54978,68,67,1,1
54979,107,98,9,9
54980,70,133,-63,63
54981,122,96,26,26
54982,44,42,2,2
54983,138,123,15,15
54984,178,156,22,22
54985,94,80,14,14
54986,107,85,22,22
54987,63,58,5,5
54988,84,87,-3,3
54989,124,103,21,21
54990,68,75,-7,7
54991,78,72,6,6
54992,177,148,29,29
54993,49,56,-7,7
54994,60,50,10,10
54995,63,66,-3,3
54996,39,57,-18,18
54997,88,79,9,9
54998,150,131,19,19
54999,105,93,12,12
55000,88,75,13,13
55001,58,48,10,10
55002,47,46,1,1
55003,135,106,29,29
55004,101,85,16,16
55005,61,54,7,7
55006,114,92,22,22
55007,75,67,8,8
55008,88,72,16,16
55009,69,60,9,9
55010,95,80,15,15
55011,120,117,3,3
55012,148,143,5,5
55013,80,72,8,8
55014,54,51,3,3
55015,85,78,7,7
55016,123,86,37,37
55017,101,93,8,8
55018,108,102,6,6
55019,62,61,1,1
55020,68,76,-8,8
55021,55,53,2,2
55022,103,94,9,9
55023,115,96,19,19
55024,94,79,15,15
55025,77,68,9,9
55026,146,121,25,25
55027,62,58,4,4
55028,57,54,3,3
55029,204,165,39,39
55030,52,59,-7,7
55031,111,114,-3,3
55032,67,56,11,11
55033,116,100,16,16
55034,168,151,17,17
55035,47,46,1,1
55036,75,65,10,10
55037,92,89,3,3
55038,139,125,14,14
55039,130,119,11,11
55040,118,97,21,21
55041,72,69,3,3
55042,90,86,4,4
55043,104,73,31,31
55044,99,95,4,4
55045,98,89,9,9
55046,84,77,7,7
55047,106,79,27,27
55048,69,62,7,7
55049,72,70,2,2
55050,86,78,8,8
55051,122,98,24,24
55052,103,79,24,24
55053,113,105,8,8
55054,70,56,14,14
55055,73,79,-6,6
55056,79,69,10,10
55057,102,84,18,18
55058,79,72,7,7
55059,67,62,5,5
55060,61,57,4,4
55061,78,77,1,1
55062,83,71,12,12
55063,91,82,9,9
55064,49,51,-2,2
55065,64,59,5,5
55066,76,70,6,6
55067,155,133,22,22
55068,90,81,9,9
55069,78,97,-19,19
55070,67,67,0,0
55071,112,98,14,14
55072,90,80,10,10
55073,98,88,10,10
55074,93,83,10,10
55075,103,95,8,8
55076,64,60,4,4
55077,94,86,8,8
55078,58,58,0,0
55079,76,73,3,3
55080,153,131,22,22
55081,96,80,16,16
55082,151,131,20,20
55083,60,67,-7,7
55084,87,72,15,15
55085,30,40,-10,10
55086,83,68,15,15
55087,107,100,7,7
55088,114,96,18,18
55089,74,66,8,8
55090,99,103,-4,4
55091,120,105,15,15
55092,89,79,10,10
55093,215,179,36,36
55094,53,48,5,5
55095,74,69,5,5
55096,112,95,17,17
55097,76,71,5,5
55098,69,62,7,7
55099,146,119,27,27
55100,92,78,14,14
55101,72,66,6,6
55102,184,153,31,31
55103,50,46,4,4
55104,82,72,10,10
55105,90,79,11,11
55106,152,125,27,27
55107,41,49,-8,8
55108,149,126,23,23
55109,83,72,11,11
55110,45,54,-9,9
55111,225,180,45,45
55112,169,141,28,28
55113,44,46,-2,2
55114,118,107,11,11
55115,108,91,17,17
55116,125,107,18,18
55117,124,106,18,18
55118,65,77,-12,12
55119,164,131,33,33
55120,138,121,17,17
55121,87,82,5,5
55122,51,50,1,1
55123,98,93,5,5
55124,64,61,3,3
55125,63,62,1,1
55126,101,92,9,9
55127,90,75,15,15
55128,104,87,17,17
55129,140,118,22,22
55130,121,97,24,24
55131,107,95,12,12
55132,85,80,5,5
55133,116,103,13,13
55134,55,58,-3,3
55135,74,74,0,0
55136,178,139,39,39
55137,134,105,29,29
55138,62,58,4,4
55139,113,96,17,17
55140,75,63,12,12
55141,84,74,10,10
55142,88,71,17,17
55143,68,74,-6,6
55144,46,45,1,1
55145,150,145,5,5
55146,99,82,17,17
55147,108,91,17,17
55148,118,81,37,37
55149,48,53,-5,5
55150,104,80,24,24
55151,73,57,16,16
55152,109,92,17,17
55153,62,57,5,5
55154,91,74,17,17
55155,119,104,15,15
55156,157,134,23,23
55157,117,101,16,16
55158,60,56,4,4
55159,90,80,10,10
55160,102,91,11,11
55161,100,83,17,17
55162,99,88,11,11
55163,108,86,22,22
55164,90,76,14,14
55165,120,104,16,16
55166,97,86,11,11
55167,78,73,5,5
55168,105,96,9,9
55169,160,137,23,23
55170,143,121,22,22
55171,112,104,8,8
55172,152,130,22,22
55173,153,127,26,26
55174,65,56,9,9
55175,66,64,2,2
55176,63,58,5,5
55177,55,74,-19,19
55178,75,67,8,8
55179,91,74,17,17
55180,81,71,10,10
55181,138,112,26,26
55182,120,99,21,21
55183,86,75,11,11
55184,75,63,12,12
55185,15,25,-10,10
55186,71,66,5,5
55187,158,129,29,29
55188,102,77,25,25
55189,58,56,2,2
55190,54,46,8,8
55191,77,77,0,0
55192,82,70,12,12
55193,69,61,8,8
55194,92,87,5,5
55195,132,119,13,13
55196,109,96,13,13
55197,192,156,36,36
55198,62,56,6,6
55199,41,42,-1,1
55200,120,103,17,17
55201,82,78,4,4
55202,116,101,15,15
55203,44,51,-7,7
55204,87,76,11,11
55205,63,67,-4,4
55206,75,73,2,2
55207,106,89,17,17
55208,198,167,31,31
55209,87,70,17,17
55210,45,42,3,3
55211,95,82,13,13
55212,128,108,20,20
55213,72,67,5,5
55214,80,77,3,3
55215,144,139,5,5
55216,83,72,11,11
55217,138,124,14,14
55218,107,87,20,20
55219,42,43,-1,1
55220,105,93,12,12
55221,129,107,22,22
55222,78,71,7,7
55223,157,125,32,32
55224,135,113,22,22
55225,38,41,-3,3
55226,174,145,29,29
55227,83,75,8,8
55228,79,67,12,12
55229,172,138,34,34
55230,76,59,17,17
55231,106,78,28,28
55232,102,98,4,4
55233,60,61,-1,1
55234,160,130,30,30
55235,58,53,5,5
55236,66,61,5,5
55237,93,81,12,12
55238,97,81,16,16
55239,99,95,4,4
55240,232,198,34,34
55241,111,95,16,16
55242,57,61,-4,4
55243,92,95,-3,3
55244,70,58,12,12
55245,58,64,-6,6
55246,58,51,7,7
55247,80,75,5,5
55248,119,92,27,27
55249,111,92,19,19
55250,73,67,6,6
55251,72,62,10,10
55252,98,83,15,15
55253,114,103,11,11
55254,115,103,12,12
55255,180,45,135,135
55256,137,129,8,8
55257,106,81,25,25
55258,116,104,12,12
55259,161,134,27,27
55260,53,53,0,0
55261,160,131,29,29
55262,105,96,9,9
55263,85,75,10,10
55264,137,122,15,15
55265,78,71,7,7
55266,152,139,13,13
55267,107,93,14,14
55268,61,57,4,4
55269,113,88,25,25
55270,145,128,17,17
55271,125,103,22,22
55272,63,57,6,6
55273,83,76,7,7
55274,139,108,31,31
55275,79,66,13,13
55276,136,116,20,20
55277,77,70,7,7
55278,101,80,21,21
55279,54,54,0,0
55280,103,94,9,9
55281,84,70,14,14
55282,62,59,3,3
55283,149,135,14,14
55284,52,48,4,4
55285,143,130,13,13
55286,185,154,31,31
55287,121,100,21,21
55288,93,97,-4,4
55289,89,79,10,10
55290,71,64,7,7
55291,96,79,17,17
55292,92,75,17,17
55293,132,110,22,22
55294,110,99,11,11
55295,81,75,6,6
55296,138,115,23,23
55297,121,109,12,12
55298,136,110,26,26
55299,108,104,4,4
55300,102,90,12,12
55301,107,100,7,7
55302,123,107,16,16
55303,78,67,11,11
55304,123,118,5,5
55305,191,149,42,42
55306,83,71,12,12
55307,66,62,4,4
55308,147,124,23,23
55309,75,66,9,9
55310,142,130,12,12
55311,54,54,0,0
55312,79,77,2,2
55313,65,50,15,15
55314,69,63,6,6
55315,92,81,11,11
55316,116,93,23,23
55317,138,102,36,36
55318,60,57,3,3
55319,113,100,13,13
55320,107,94,13,13
55321,71,73,-2,2
55322,87,72,15,15
55323,66,62,4,4
55324,115,104,11,11
55325,88,81,7,7
55326,59,59,0,0
55327,109,91,18,18
55328,101,92,9,9
55329,99,83,16,16
55330,84,74,10,10
55331,79,67,12,12
55332,144,114,30,30
55333,74,71,3,3
55334,67,63,4,4
55335,79,77,2,2
55336,69,62,7,7
55337,64,64,0,0
55338,74,62,12,12
55339,122,133,-11,11
55340,88,85,3,3
55341,85,89,-4,4
55342,135,131,4,4
55343,150,122,28,28
55344,120,103,17,17
55345,85,75,10,10
55346,87,82,5,5
55347,69,68,1,1
55348,136,108,28,28
55349,139,105,34,34
55350,81,73,8,8
55351,88,82,6,6
55352,117,101,16,16
55353,127,124,3,3
55354,83,77,6,6
55355,53,52,1,1
55356,41,33,8,8
55357,97,89,8,8
55358,169,146,23,23
55359,112,94,18,18
55360,38,40,-2,2
55361,84,76,8,8
55362,67,62,5,5
55363,92,77,15,15
55364,110,95,15,15
55365,88,88,0,0
55366,78,67,11,11
55367,84,80,4,4
55368,69,63,6,6
55369,99,86,13,13
55370,101,99,2,2
55371,86,77,9,9
55372,102,93,9,9
55373,60,55,5,5
55374,54,52,2,2
55375,111,106,5,5
55376,138,114,24,24
55377,82,67,15,15
55378,96,100,-4,4
55379,62,60,2,2
55380,161,139,22,22
55381,73,70,3,3
55382,92,84,8,8
55383,115,102,13,13
55384,150,126,24,24
55385,78,71,7,7
55386,93,81,12,12
55387,80,69,11,11
55388,88,77,11,11
55389,89,78,11,11
55390,107,93,14,14
55391,76,63,13,13
55392,115,108,7,7
55393,96,87,9,9
55394,119,102,17,17
55395,56,55,1,1
55396,100,94,6,6
55397,101,82,19,19
55398,89,74,15,15
55399,75,72,3,3
55400,106,89,17,17
55401,68,63,5,5
55402,69,57,12,12
55403,83,69,14,14
55404,85,84,1,1
55405,130,111,19,19
55406,64,56,8,8
55407,44,49,-5,5
55408,83,69,14,14
55409,54,85,-31,31
55410,130,102,28,28
55411,91,84,7,7
55412,59,76,-17,17
55413,109,87,22,22
55414,145,128,17,17
55415,65,56,9,9
55416,50,45,5,5
55417,147,119,28,28
55418,90,86,4,4
55419,143,129,14,14
55420,97,86,11,11
55421,111,97,14,14
55422,63,58,5,5
55423,70,74,-4,4
55424,109,84,25,25
55425,108,106,2,2
55426,149,127,22,22
55427,98,85,13,13
55428,137,119,18,18
55429,45,42,3,3
55430,95,83,12,12
55431,59,66,-7,7
55432,71,64,7,7
55433,117,106,11,11
55434,73,69,4,4
55435,80,71,9,9
55436,168,127,41,41
55437,149,136,13,13
55438,53,49,4,4
55439,65,68,-3,3
55440,160,132,28,28
55441,83,74,9,9
55442,88,80,8,8
55443,98,77,21,21
55444,51,51,0,0
55445,54,56,-2,2
55446,70,68,2,2
55447,80,73,7,7
55448,169,127,42,42
55449,109,93,16,16
55450,57,54,3,3
55451,119,107,12,12
55452,238,196,42,42
55453,132,118,14,14
55454,78,75,3,3
55455,88,73,15,15
55456,85,77,8,8
55457,27,46,-19,19
55458,62,61,1,1
55459,131,107,24,24
55460,138,113,25,25
55461,43,91,-48,48
55462,58,63,-5,5
55463,76,72,4,4
55464,72,75,-3,3
55465,121,88,33,33
55466,107,92,15,15
55467,81,72,9,9
55468,49,63,-14,14
55469,113,97,16,16
55470,71,60,11,11
55471,44,45,-1,1
55472,81,71,10,10
55473,73,59,14,14
55474,85,82,3,3
55475,100,86,14,14
55476,126,108,18,18
55477,96,85,11,11
55478,67,63,4,4
55479,114,106,8,8
55480,97,71,26,26
55481,185,146,39,39
55482,55,51,4,4
55483,177,157,20,20
55484,85,77,8,8
55485,117,103,14,14
55486,157,132,25,25
55487,129,109,20,20
55488,94,87,7,7
55489,87,83,4,4
55490,139,109,30,30
55491,121,107,14,14
55492,65,55,10,10
55493,58,60,-2,2
55494,98,87,11,11
55495,37,39,-2,2
55496,63,63,0,0
55497,193,167,26,26
55498,101,96,5,5
55499,69,75,-6,6
55500,133,114,19,19
55501,121,97,24,24
55502,91,85,6,6
55503,85,77,8,8
55504,67,69,-2,2
55505,117,105,12,12
55506,61,52,9,9
55507,61,57,4,4
55508,97,96,1,1
55509,81,76,5,5
55510,89,83,6,6
55511,58,57,1,1
55512,80,66,14,14
55513,96,76,20,20
55514,87,81,6,6
55515,69,65,4,4
55516,116,110,6,6
55517,138,128,10,10
55518,65,64,1,1
55519,90,76,14,14
55520,87,80,7,7
55521,102,88,14,14
55522,79,80,-1,1
55523,146,130,16,16
55524,130,110,20,20
55525,127,100,27,27
55526,96,81,15,15
55527,80,69,11,11
55528,132,115,17,17
55529,115,91,24,24
55530,81,82,-1,1
55531,86,78,8,8
55532,105,88,17,17
55533,130,113,17,17
55534,84,76,8,8
55535,52,87,-35,35
55536,72,62,10,10
55537,82,73,9,9
55538,115,101,14,14
55539,100,86,14,14
55540,102,90,12,12
55541,107,97,10,10
55542,116,102,14,14
55543,61,52,9,9
55544,95,87,8,8
55545,78,66,12,12
55546,78,81,-3,3
55547,79,64,15,15
55548,82,78,4,4
55549,71,68,3,3
55550,128,103,25,25
55551,89,86,3,3
55552,115,122,-7,7
55553,83,68,15,15
55554,80,67,13,13
55555,79,86,-7,7
55556,69,77,-8,8
55557,123,103,20,20
55558,67,64,3,3
55559,135,114,21,21
55560,134,134,0,0
55561,133,115,18,18
55562,52,53,-1,1
55563,175,146,29,29
55564,95,75,20,20
55565,122,107,15,15
55566,74,64,10,10
55567,73,69,4,4
55568,53,50,3,3
55569,69,65,4,4
55570,103,101,2,2
55571,45,45,0,0
55572,107,89,18,18
55573,49,53,-4,4
55574,132,104,28,28
55575,89,84,5,5
55576,62,60,2,2
55577,109,95,14,14
55578,81,74,7,7
55579,72,70,2,2
55580,52,50,2,2
55581,74,70,4,4
55582,36,39,-3,3
55583,68,65,3,3
55584,73,70,3,3
55585,89,82,7,7
55586,63,58,5,5
55587,69,67,2,2
55588,103,109,-6,6
55589,53,52,1,1
55590,103,95,8,8
55591,108,90,18,18
55592,109,140,-31,31
55593,187,167,20,20
55594,69,62,7,7
55595,124,103,21,21
55596,117,102,15,15
55597,94,87,7,7
55598,44,40,4,4
55599,120,101,19,19
55600,140,124,16,16
55601,131,112,19,19
55602,100,97,3,3
55603,147,133,14,14
55604,55,45,10,10
55605,126,116,10,10
55606,84,80,4,4
55607,81,78,3,3
55608,110,86,24,24
55609,68,66,2,2
55610,90,88,2,2
55611,79,74,5,5
55612,108,101,7,7
55613,69,65,4,4
55614,67,55,12,12
55615,151,139,12,12
55616,121,102,19,19
55617,67,71,-4,4
55618,100,84,16,16
55619,105,95,10,10
55620,105,106,-1,1
55621,92,87,5,5
55622,107,99,8,8
55623,163,141,22,22
55624,110,100,10,10
55625,115,98,17,17
55626,93,76,17,17
55627,143,120,23,23
55628,105,77,28,28
55629,102,86,16,16
55630,54,48,6,6
55631,117,103,14,14
55632,94,79,15,15
55633,121,93,28,28
55634,51,45,6,6
55635,93,89,4,4
55636,136,122,14,14
55637,75,61,14,14
55638,83,66,17,17
55639,90,77,13,13
55640,110,98,12,12
55641,69,59,10,10
55642,110,97,13,13
55643,78,76,2,2
55644,85,72,13,13
55645,89,80,9,9
55646,86,92,-6,6
55647,106,97,9,9
55648,102,90,12,12
55649,52,52,0,0
55650,207,183,24,24
55651,93,79,14,14
55652,113,105,8,8
55653,97,88,9,9
55654,80,79,1,1
55655,118,114,4,4
55656,90,82,8,8
55657,88,89,-1,1
55658,96,89,7,7
55659,103,99,4,4
55660,65,63,2,2
55661,48,47,1,1
55662,85,69,16,16
55663,104,88,16,16
55664,54,50,4,4
55665,89,67,22,22
55666,132,116,16,16
55667,83,79,4,4
55668,80,73,7,7
55669,76,69,7,7
55670,67,55,12,12
55671,89,76,13,13
55672,149,130,19,19
55673,106,104,2,2
55674,149,134,15,15
55675,52,51,1,1
55676,58,59,-1,1
55677,70,69,1,1
55678,78,67,11,11
55679,212,168,44,44
55680,105,88,17,17
55681,101,80,21,21
55682,107,88,19,19
55683,145,127,18,18
55684,77,71,6,6
55685,108,83,25,25
55686,97,87,10,10
55687,90,73,17,17
55688,104,93,11,11
55689,99,88,11,11
55690,94,79,15,15
55691,105,98,7,7
55692,69,66,3,3
55693,81,77,4,4
55694,88,78,10,10
55695,112,107,5,5
55696,93,85,8,8
55697,130,115,15,15
55698,145,111,34,34
55699,130,108,22,22
55700,62,70,-8,8
55701,99,90,9,9
55702,67,58,9,9
55703,129,109,20,20
55704,72,68,4,4
55705,96,83,13,13
55706,76,71,5,5
55707,102,90,12,12
55708,81,73,8,8
55709,157,134,23,23
55710,100,95,5,5
55711,122,105,17,17
55712,65,59,6,6
55713,82,68,14,14
55714,95,84,11,11
55715,133,128,5,5
55716,108,99,9,9
55717,81,74,7,7
55718,91,82,9,9
55719,134,111,23,23
55720,146,124,22,22
55721,93,89,4,4
55722,53,50,3,3
55723,108,90,18,18
55724,93,79,14,14
55725,99,83,16,16
55726,158,130,28,28
55727,66,68,-2,2
55728,66,60,6,6
55729,83,82,1,1
55730,103,91,12,12
55731,54,52,2,2
55732,144,122,22,22
55733,88,89,-1,1
55734,105,85,20,20
55735,115,94,21,21
55736,125,108,17,17
55737,67,69,-2,2
55738,193,153,40,40
55739,127,96,31,31
55740,29,33,-4,4
55741,86,80,6,6
55742,121,110,11,11
55743,94,82,12,12
55744,125,102,23,23
55745,174,151,23,23
55746,163,139,24,24
55747,128,101,27,27
55748,155,127,28,28
55749,123,117,6,6
55750,100,88,12,12
55751,80,79,1,1
55752,121,105,16,16
55753,31,36,-5,5
55754,96,80,16,16
55755,80,70,10,10
55756,83,72,11,11
55757,82,72,10,10
55758,97,91,6,6
55759,72,68,4,4
55760,69,66,3,3
55761,86,75,11,11
55762,73,78,-5,5
55763,100,94,6,6
55764,66,64,2,2
55765,83,66,17,17
55766,92,89,3,3
55767,68,60,8,8
55768,118,110,8,8
55769,97,108,-11,11
55770,62,59,3,3
55771,78,66,12,12
55772,48,49,-1,1
55773,98,84,14,14
55774,71,66,5,5
55775,62,60,2,2
55776,45,45,0,0
55777,122,110,12,12
55778,91,78,13,13
55779,71,126,-55,55
55780,68,58,10,10
55781,118,107,11,11
55782,79,76,3,3
55783,120,111,9,9
55784,134,127,7,7
55785,72,69,3,3
55786,92,80,12,12
55787,49,67,-18,18
55788,100,89,11,11
55789,90,85,5,5
55790,71,66,5,5
55791,83,76,7,7
55792,71,66,5,5
55793,90,87,3,3
55794,168,152,16,16
55795,68,74,-6,6
55796,50,49,1,1
55797,59,52,7,7
55798,52,54,-2,2
55799,104,95,9,9
55800,95,88,7,7
55801,57,60,-3,3
55802,211,179,32,32
55803,58,55,3,3
55804,125,107,18,18
55805,99,88,11,11
55806,88,88,0,0
55807,182,152,30,30
55808,99,86,13,13
55809,66,54,12,12
55810,169,143,26,26
55811,105,93,12,12
55812,92,83,9,9
55813,110,97,13,13
55814,111,91,20,20
55815,95,81,14,14
55816,74,65,9,9
55817,135,104,31,31
55818,51,84,-33,33
55819,78,70,8,8
55820,118,96,22,22
55821,118,102,16,16
55822,104,90,14,14
55823,37,44,-7,7
55824,96,88,8,8
55825,93,79,14,14
55826,60,86,-26,26
55827,102,86,16,16
55828,112,103,9,9
55829,73,72,1,1
55830,142,116,26,26
55831,67,62,5,5
55832,69,60,9,9
55833,103,167,-64,64
55834,42,64,-22,22
55835,99,77,22,22
55836,181,142,39,39
55837,94,82,12,12
55838,83,77,6,6
55839,98,76,22,22
55840,151,121,30,30
55841,149,116,33,33
55842,92,88,4,4
55843,129,124,5,5
55844,79,70,9,9
55845,119,110,9,9
55846,159,133,26,26
55847,63,65,-2,2
55848,74,67,7,7
55849,141,123,18,18
55850,133,115,18,18
55851,106,91,15,15
55852,180,153,27,27
55853,152,119,33,33
55854,85,74,11,11
55855,118,98,20,20
55856,127,113,14,14
55857,143,129,14,14
55858,80,81,-1,1
55859,123,107,16,16
55860,131,111,20,20
55861,53,45,8,8
55862,83,68,15,15
55863,97,83,14,14
55864,120,107,13,13
55865,71,63,8,8
55866,127,100,27,27
55867,68,65,3,3
55868,79,72,7,7
55869,104,104,0,0
55870,139,134,5,5
55871,143,137,6,6
55872,102,102,0,0
55873,75,65,10,10
55874,105,98,7,7
55875,71,58,13,13
55876,52,51,1,1
55877,73,68,5,5
55878,95,78,17,17
55879,84,70,14,14
55880,77,68,9,9
55881,63,65,-2,2
55882,80,83,-3,3
55883,111,91,20,20
55884,146,121,25,25
55885,136,132,4,4
55886,58,53,5,5
55887,77,63,14,14
55888,74,88,-14,14
55889,157,138,19,19
55890,113,95,18,18
55891,88,74,14,14
55892,98,89,9,9
55893,70,66,4,4
55894,70,73,-3,3
55895,95,85,10,10
55896,113,88,25,25
55897,65,61,4,4
55898,82,67,15,15
55899,89,84,5,5
55900,90,75,15,15
55901,75,82,-7,7
55902,73,58,15,15
55903,45,48,-3,3
55904,75,77,-2,2
55905,89,77,12,12
55906,127,100,27,27
55907,189,166,23,23
55908,132,114,18,18
55909,95,82,13,13
55910,113,94,19,19
55911,81,75,6,6
55912,121,110,11,11
55913,73,70,3,3
55914,107,90,17,17
55915,72,63,9,9
55916,110,106,4,4
55917,69,65,4,4
55918,149,126,23,23
55919,63,60,3,3
55920,115,101,14,14
55921,105,92,13,13
55922,88,80,8,8
55923,65,63,2,2
55924,87,80,7,7
55925,94,94,0,0
55926,125,110,15,15
55927,93,77,16,16
55928,112,97,15,15
55929,103,85,18,18
55930,117,105,12,12
55931,95,83,12,12
55932,76,67,9,9
55933,94,95,-1,1
55934,50,46,4,4
55935,115,104,11,11
55936,105,85,20,20
55937,108,90,18,18
55938,141,125,16,16
55939,102,96,6,6
55940,58,62,-4,4
55941,108,91,17,17
55942,89,72,17,17
55943,71,68,3,3
55944,59,55,4,4
55945,89,76,13,13
55946,57,55,2,2
55947,106,90,16,16
55948,161,126,35,35
55949,92,78,14,14
55950,66,63,3,3
55951,82,75,7,7
55952,84,69,15,15
55953,115,90,25,25
55954,110,100,10,10
55955,135,115,20,20
55956,93,83,10,10
55957,134,133,1,1
55958,105,83,22,22
55959,79,69,10,10
55960,25,34,-9,9
55961,124,113,11,11
55962,29,39,-10,10
55963,96,77,19,19
55964,125,108,17,17
55965,52,53,-1,1
55966,101,92,9,9
55967,70,62,8,8
55968,98,82,16,16
55969,77,63,14,14
55970,167,137,30,30
55971,82,74,8,8
55972,91,76,15,15
55973,70,63,7,7
55974,74,67,7,7
55975,121,110,11,11
55976,46,60,-14,14
55977,76,72,4,4
55978,111,107,4,4
55979,58,50,8,8
55980,65,58,7,7
55981,53,46,7,7
55982,109,105,4,4
55983,80,76,4,4
55984,88,77,11,11
55985,110,96,14,14
55986,98,80,18,18
55987,97,89,8,8
55988,128,105,23,23
55989,144,119,25,25
55990,82,76,6,6
55991,131,106,25,25
55992,100,88,12,12
55993,95,85,10,10
55994,108,92,16,16
55995,82,74,8,8
55996,73,61,12,12
55997,94,88,6,6
55998,99,98,1,1
55999,88,75,13,13
56000,157,136,21,21
56001,75,69,6,6
56002,95,87,8,8
56003,82,71,11,11
56004,160,153,7,7
56005,146,125,21,21
56006,166,154,12,12
56007,76,69,7,7
56008,139,123,16,16
56009,110,98,12,12
56010,118,110,8,8
56011,122,99,23,23
56012,50,54,-4,4
56013,59,56,3,3
56014,112,100,12,12
56015,108,109,-1,1
56016,42,45,-3,3
56017,112,102,10,10
56018,126,104,22,22
56019,88,84,4,4
56020,121,93,28,28
56021,83,71,12,12
56022,95,91,4,4
56023,98,82,16,16
56024,104,96,8,8
56025,66,61,5,5
56026,129,116,13,13
56027,85,69,16,16
56028,101,93,8,8
56029,68,73,-5,5
56030,86,78,8,8
56031,79,67,12,12
56032,91,82,9,9
56033,113,108,5,5
56034,149,122,27,27
56035,76,70,6,6
56036,107,96,11,11
56037,110,97,13,13
56038,75,71,4,4
56039,100,93,7,7
56040,110,105,5,5
56041,115,102,13,13
56042,128,110,18,18
56043,177,147,30,30
56044,105,90,15,15
56045,79,129,-50,50
56046,126,110,16,16
56047,135,133,2,2
56048,66,59,7,7
56049,148,127,21,21
56050,128,114,14,14
56051,106,91,15,15
56052,99,76,23,23
56053,73,64,9,9
56054,64,62,2,2
56055,98,107,-9,9
56056,111,95,16,16
56057,124,115,9,9
56058,117,100,17,17
56059,94,83,11,11
56060,86,72,14,14
56061,80,70,10,10
56062,105,98,7,7
56063,77,77,0,0
56064,101,88,13,13
56065,118,101,17,17
56066,130,99,31,31
56067,97,86,11,11
56068,77,70,7,7
56069,76,71,5,5
56070,122,115,7,7
56071,116,123,-7,7
56072,67,70,-3,3
56073,109,90,19,19
56074,62,59,3,3
56075,95,76,19,19
56076,130,112,18,18
56077,49,55,-6,6
56078,64,56,8,8
56079,84,78,6,6
56080,147,116,31,31
56081,121,98,23,23
56082,158,137,21,21
56083,105,86,19,19
56084,99,92,7,7
56085,108,100,8,8
56086,159,139,20,20
56087,87,77,10,10
56088,128,121,7,7
56089,58,63,-5,5
56090,110,99,11,11
56091,187,160,27,27
56092,87,81,6,6
56093,143,128,15,15
56094,84,68,16,16
56095,132,119,13,13
56096,74,66,8,8
56097,109,99,10,10
56098,86,93,-7,7
56099,111,94,17,17
56100,49,45,4,4
56101,73,64,9,9
56102,125,120,5,5
56103,75,67,8,8
56104,78,67,11,11
56105,99,86,13,13
56106,103,99,4,4
56107,106,88,18,18
56108,57,56,1,1
56109,139,118,21,21
56110,90,74,16,16
56111,67,59,8,8
56112,60,57,3,3
56113,46,39,7,7
56114,56,57,-1,1
56115,135,114,21,21
56116,52,49,3,3
56117,102,87,15,15
56118,79,72,7,7
56119,75,69,6,6
56120,118,107,11,11
56121,107,104,3,3
56122,24,26,-2,2
56123,102,84,18,18
56124,78,72,6,6
56125,94,75,19,19
56126,109,83,26,26
56127,139,119,20,20
56128,105,99,6,6
56129,155,131,24,24
56130,53,47,6,6
56131,82,86,-4,4
56132,159,147,12,12
56133,105,90,15,15
56134,102,91,11,11
56135,78,70,8,8
56136,67,58,9,9
56137,149,133,16,16
56138,84,75,9,9
56139,87,84,3,3
56140,132,122,10,10
56141,83,73,10,10
56142,75,69,6,6
56143,99,86,13,13
56144,77,77,0,0
56145,97,82,15,15
56146,132,101,31,31
56147,105,102,3,3
56148,105,81,24,24
56149,59,53,6,6
56150,69,61,8,8
56151,120,102,18,18
56152,59,59,0,0
56153,105,83,22,22
56154,81,69,12,12
56155,156,138,18,18
56156,62,61,1,1
56157,63,61,2,2
56158,156,125,31,31
56159,48,128,-80,80
56160,81,73,8,8
56161,78,73,5,5
56162,72,59,13,13
56163,110,94,16,16
56164,76,73,3,3
56165,82,73,9,9
56166,76,70,6,6
56167,106,94,12,12
56168,109,106,3,3
56169,96,83,13,13
56170,129,121,8,8
56171,71,63,8,8
56172,124,120,4,4
56173,107,96,11,11
56174,97,85,12,12
56175,113,87,26,26
56176,152,126,26,26
56177,91,95,-4,4
56178,78,71,7,7
56179,158,133,25,25
56180,117,103,14,14
56181,97,89,8,8
56182,83,71,12,12
56183,132,113,19,19
56184,79,70,9,9
56185,101,95,6,6
56186,135,114,21,21
56187,96,72,24,24
56188,82,67,15,15
56189,70,72,-2,2
56190,110,95,15,15
56191,141,111,30,30
56192,61,55,6,6
56193,97,81,16,16
56194,119,89,30,30
56195,67,65,2,2
56196,92,95,-3,3
56197,84,65,19,19
56198,65,60,5,5
56199,84,80,4,4
56200,124,102,22,22
56201,135,121,14,14
56202,146,119,27,27
56203,109,101,8,8
56204,145,132,13,13
56205,89,75,14,14
56206,136,116,20,20
56207,85,76,9,9
56208,55,57,-2,2
56209,92,91,1,1
56210,61,57,4,4
56211,132,111,21,21
56212,65,67,-2,2
56213,112,102,10,10
56214,107,87,20,20
56215,48,43,5,5
56216,55,54,1,1
56217,109,96,13,13
56218,136,118,18,18
56219,94,86,8,8
56220,45,48,-3,3
56221,139,115,24,24
56222,72,73,-1,1
56223,156,126,30,30
56224,58,55,3,3
56225,96,77,19,19
56226,83,73,10,10
56227,94,81,13,13
56228,29,32,-3,3
56229,124,109,15,15
56230,71,71,0,0
56231,146,115,31,31
56232,97,79,18,18
56233,104,97,7,7
56234,32,40,-8,8
56235,140,113,27,27
56236,57,50,7,7
56237,112,101,11,11
56238,70,69,1,1
56239,92,77,15,15
56240,57,58,-1,1
56241,107,102,5,5
56242,76,71,5,5
56243,81,72,9,9
56244,115,109,6,6
56245,22,63,-41,41
56246,96,88,8,8
56247,84,85,-1,1
56248,103,89,14,14
56249,126,100,26,26
56250,76,67,9,9
56251,159,129,30,30
56252,74,58,16,16
56253,87,72,15,15
56254,46,51,-5,5
56255,33,41,-8,8
56256,76,58,18,18
56257,98,89,9,9
56258,73,62,11,11
56259,105,86,19,19
56260,51,55,-4,4
56261,94,77,17,17
56262,54,57,-3,3
56263,86,83,3,3
56264,60,56,4,4
56265,144,120,24,24
56266,74,57,17,17
56267,90,81,9,9
56268,100,95,5,5
56269,107,103,4,4
56270,129,111,18,18
56271,133,110,23,23
56272,70,64,6,6
56273,101,82,19,19
56274,60,61,-1,1
56275,200,161,39,39
56276,64,58,6,6
56277,143,119,24,24
56278,90,78,12,12
56279,72,61,11,11
56280,85,81,4,4
56281,136,120,16,16
56282,94,92,2,2
56283,135,109,26,26
56284,102,87,15,15
56285,71,72,-1,1
56286,74,69,5,5
56287,122,115,7,7
56288,86,77,9,9
56289,40,41,-1,1
56290,109,105,4,4
56291,113,101,12,12
56292,110,94,16,16
56293,68,57,11,11
56294,130,114,16,16
56295,89,83,6,6
56296,106,96,10,10
56297,98,91,7,7
56298,71,56,15,15
56299,128,120,8,8
56300,158,127,31,31
56301,82,71,11,11
56302,42,42,0,0
56303,67,60,7,7
56304,107,101,6,6
56305,77,70,7,7
56306,113,100,13,13
56307,73,66,7,7
56308,189,162,27,27
56309,101,91,10,10
56310,117,113,4,4
56311,113,102,11,11
56312,81,69,12,12
56313,113,97,16,16
56314,108,94,14,14
56315,133,124,9,9
56316,117,101,16,16
56317,119,104,15,15
56318,72,61,11,11
56319,72,78,-6,6
56320,105,99,6,6
56321,70,61,9,9
56322,66,58,8,8
56323,152,124,28,28
56324,89,74,15,15
56325,20,27,-7,7
56326,72,67,5,5
56327,89,75,14,14
56328,83,82,1,1
56329,121,118,3,3
56330,119,99,20,20
56331,101,90,11,11
56332,84,76,8,8
56333,78,74,4,4
56334,166,138,28,28
56335,117,103,14,14
56336,141,122,19,19
56337,123,105,18,18
56338,162,145,17,17
56339,50,52,-2,2
56340,60,52,8,8
56341,86,81,5,5
56342,70,66,4,4
56343,129,115,14,14
56344,65,61,4,4
56345,75,73,2,2
56346,91,68,23,23
56347,55,59,-4,4
56348,82,76,6,6
56349,102,94,8,8
56350,74,65,9,9
56351,84,74,10,10
56352,128,110,18,18
56353,91,83,8,8
56354,120,104,16,16
56355,85,79,6,6
56356,108,105,3,3
56357,72,67,5,5
56358,90,74,16,16
56359,85,80,5,5
56360,112,101,11,11
56361,148,142,6,6
56362,105,98,7,7
56363,44,48,-4,4
56364,42,48,-6,6
56365,103,87,16,16
56366,93,76,17,17
56367,63,58,5,5
56368,169,161,8,8
56369,65,59,6,6
56370,74,65,9,9
56371,99,90,9,9
56372,129,117,12,12
56373,93,81,12,12
56374,139,120,19,19
56375,64,100,-36,36
56376,93,81,12,12
56377,53,60,-7,7
56378,110,96,14,14
56379,97,83,14,14
56380,170,144,26,26
56381,56,60,-4,4
56382,172,159,13,13
56383,71,62,9,9
56384,161,128,33,33
56385,130,123,7,7
56386,101,95,6,6
56387,107,96,11,11
56388,101,89,12,12
56389,64,65,-1,1
56390,75,65,10,10
56391,128,115,13,13
56392,80,72,8,8
56393,129,112,17,17
56394,54,54,0,0
56395,71,71,0,0
56396,55,45,10,10
56397,91,86,5,5
56398,119,105,14,14
56399,94,83,11,11
56400,158,132,26,26
56401,60,61,-1,1
56402,158,138,20,20
56403,56,51,5,5
56404,121,109,12,12
56405,79,64,15,15
56406,120,103,17,17
56407,64,66,-2,2
56408,62,72,-10,10
56409,80,70,10,10
56410,135,116,19,19
56411,102,108,-6,6
56412,115,94,21,21
56413,142,130,12,12
56414,115,116,-1,1
56415,119,112,7,7
56416,138,126,12,12
56417,97,79,18,18
56418,80,69,11,11
56419,97,91,6,6
56420,111,99,12,12
56421,91,84,7,7
56422,95,89,6,6
56423,91,84,7,7
56424,101,80,21,21
56425,130,115,15,15
56426,89,82,7,7
56427,86,85,1,1
56428,178,145,33,33
56429,168,144,24,24
56430,63,56,7,7
56431,69,58,11,11
56432,186,149,37,37
56433,143,118,25,25
56434,76,59,17,17
56435,87,82,5,5
56436,46,50,-4,4
56437,81,74,7,7
56438,43,43,0,0
56439,125,113,12,12
56440,190,161,29,29
56441,112,91,21,21
56442,161,139,22,22
56443,119,100,19,19
56444,98,92,6,6
56445,122,101,21,21
56446,94,82,12,12
56447,68,69,-1,1
56448,103,81,22,22
56449,126,102,24,24
56450,75,70,5,5
56451,123,102,21,21
56452,81,72,9,9
56453,144,137,7,7
56454,53,47,6,6
56455,164,141,23,23
56456,60,59,1,1
56457,117,102,15,15
56458,121,109,12,12
56459,90,86,4,4
56460,86,74,12,12
56461,63,62,1,1
56462,147,122,25,25
56463,103,91,12,12
56464,68,64,4,4
56465,91,78,13,13
56466,81,64,17,17
56467,71,66,5,5
56468,63,60,3,3
56469,123,113,10,10
56470,105,89,16,16
56471,81,76,5,5
56472,112,111,1,1
56473,78,73,5,5
56474,85,76,9,9
56475,118,105,13,13
56476,65,56,9,9
56477,127,116,11,11
56478,83,75,8,8
56479,91,80,11,11
56480,62,58,4,4
56481,75,72,3,3
56482,88,87,1,1
56483,163,139,24,24
56484,48,57,-9,9
56485,93,94,-1,1
56486,85,76,9,9
56487,142,127,15,15
56488,93,88,5,5
56489,73,66,7,7
56490,65,61,4,4
56491,83,72,11,11
56492,77,67,10,10
56493,113,100,13,13
56494,121,103,18,18
56495,71,74,-3,3
56496,64,55,9,9
56497,70,72,-2,2
56498,155,127,28,28
56499,59,54,5,5
56500,80,70,10,10
56501,80,75,5,5
56502,59,56,3,3
56503,83,69,14,14
56504,68,59,9,9
56505,77,79,-2,2
56506,121,98,23,23
56507,63,65,-2,2
56508,82,73,9,9
56509,145,125,20,20
56510,63,65,-2,2
56511,124,110,14,14
56512,83,82,1,1
56513,175,152,23,23
56514,185,165,20,20
56515,65,59,6,6
56516,61,54,7,7
56517,76,66,10,10
56518,75,72,3,3
56519,74,80,-6,6
56520,136,107,29,29
56521,47,46,1,1
56522,66,54,12,12
56523,131,112,19,19
56524,123,96,27,27
56525,118,101,17,17
56526,58,52,6,6
56527,89,75,14,14
56528,156,128,28,28
56529,55,57,-2,2
56530,115,91,24,24
56531,111,97,14,14
56532,116,110,6,6
56533,62,64,-2,2
56534,108,95,13,13
56535,120,112,8,8
56536,112,100,12,12
56537,56,57,-1,1
56538,142,127,15,15
56539,91,71,20,20
56540,86,77,9,9
56541,121,108,13,13
56542,80,68,12,12
56543,103,90,13,13
56544,76,74,2,2
56545,100,119,-19,19
56546,94,83,11,11
56547,117,111,6,6
56548,84,72,12,12
56549,87,82,5,5
56550,127,113,14,14
56551,90,84,6,6
56552,96,80,16,16
56553,56,53,3,3
56554,74,70,4,4
56555,98,82,16,16
56556,107,99,8,8
56557,125,103,22,22
56558,66,55,11,11
56559,91,90,1,1
56560,154,144,10,10
56561,151,121,30,30
56562,77,70,7,7
56563,60,56,4,4
56564,72,72,0,0
56565,132,108,24,24
56566,74,67,7,7
56567,63,58,5,5
56568,129,111,18,18
56569,169,145,24,24
56570,88,90,-2,2
56571,129,110,19,19
56572,140,116,24,24
56573,80,80,0,0
56574,94,86,8,8
56575,49,53,-4,4
56576,145,131,14,14
56577,97,90,7,7
56578,94,87,7,7
56579,83,75,8,8
56580,135,116,19,19
56581,103,89,14,14
56582,40,42,-2,2
56583,119,130,-11,11
56584,60,58,2,2
56585,44,45,-1,1
56586,104,97,7,7
56587,49,44,5,5
56588,70,68,2,2
56589,59,56,3,3
56590,114,115,-1,1
56591,65,58,7,7
56592,60,57,3,3
56593,121,118,3,3
56594,115,98,17,17
56595,75,66,9,9
56596,74,65,9,9
56597,103,90,13,13
56598,59,56,3,3
56599,125,115,10,10
56600,94,83,11,11
56601,73,64,9,9
56602,54,56,-2,2
56603,58,51,7,7
56604,174,150,24,24
56605,46,44,2,2
56606,79,74,5,5
56607,108,89,19,19
56608,50,57,-7,7
56609,120,98,22,22
56610,159,136,23,23
56611,171,154,17,17
56612,81,78,3,3
56613,85,77,8,8
56614,118,125,-7,7
56615,73,68,5,5
56616,114,97,17,17
56617,77,63,14,14
56618,150,117,33,33
56619,72,73,-1,1
56620,64,76,-12,12
56621,85,83,2,2
56622,112,101,11,11
56623,57,52,5,5
56624,101,84,17,17
56625,83,77,6,6
56626,74,65,9,9
56627,142,121,21,21
56628,111,89,22,22
56629,135,108,27,27
56630,64,59,5,5
56631,75,62,13,13
56632,188,165,23,23
56633,63,75,-12,12
56634,124,101,23,23
56635,42,48,-6,6
56636,136,110,26,26
56637,50,53,-3,3
56638,87,86,1,1
56639,140,115,25,25
56640,94,86,8,8
56641,94,84,10,10
56642,61,68,-7,7
56643,86,76,10,10
56644,126,101,25,25
56645,63,57,6,6
56646,82,72,10,10
56647,140,131,9,9
56648,134,110,24,24
56649,79,71,8,8
56650,126,120,6,6
56651,101,95,6,6
56652,103,90,13,13
56653,70,60,10,10
56654,85,67,18,18
56655,84,81,3,3
56656,58,59,-1,1
56657,139,110,29,29
56658,67,75,-8,8
56659,101,93,8,8
56660,83,77,6,6
56661,66,58,8,8
56662,59,55,4,4
56663,77,71,6,6
56664,53,56,-3,3
56665,130,110,20,20
56666,59,60,-1,1
56667,94,75,19,19
56668,120,104,16,16
56669,108,89,19,19
56670,95,79,16,16
56671,67,60,7,7
56672,103,93,10,10
56673,68,57,11,11
56674,82,72,10,10
56675,111,103,8,8
56676,78,69,9,9
56677,59,58,1,1
56678,72,72,0,0
56679,101,84,17,17
56680,77,75,2,2
56681,65,59,6,6
56682,64,65,-1,1
56683,57,59,-2,2
56684,95,90,5,5
56685,68,64,4,4
56686,137,112,25,25
56687,65,61,4,4
56688,82,72,10,10
56689,73,71,2,2
56690,96,98,-2,2
56691,110,87,23,23
56692,139,121,18,18
56693,87,69,18,18
56694,113,88,25,25
56695,40,36,4,4
56696,81,76,5,5
56697,51,52,-1,1
56698,173,145,28,28
56699,72,78,-6,6
56700,107,95,12,12
56701,112,104,8,8
56702,125,102,23,23
56703,56,51,5,5
56704,141,112,29,29
56705,150,125,25,25
56706,136,122,14,14
56707,127,106,21,21
56708,132,120,12,12
56709,96,80,16,16
56710,35,49,-14,14
56711,86,75,11,11
56712,108,91,17,17
56713,149,121,28,28
56714,103,93,10,10
56715,144,138,6,6
56716,135,112,23,23
56717,112,90,22,22
56718,86,89,-3,3
56719,54,47,7,7
56720,78,68,10,10
56721,72,66,6,6
56722,87,83,4,4
56723,79,96,-17,17
56724,109,112,-3,3
56725,120,94,26,26
56726,173,143,30,30
56727,57,58,-1,1
56728,40,40,0,0
56729,82,77,5,5
56730,70,70,0,0
56731,86,83,3,3
56732,98,90,8,8
56733,134,130,4,4
56734,45,39,6,6
56735,129,109,20,20
56736,68,67,1,1
56737,91,75,16,16
56738,113,95,18,18
56739,52,55,-3,3
56740,94,81,13,13
56741,94,92,2,2
56742,113,99,14,14
56743,128,100,28,28
56744,99,96,3,3
56745,105,89,16,16
56746,86,97,-11,11
56747,148,127,21,21
56748,138,111,27,27
56749,99,74,25,25
56750,94,86,8,8
56751,73,70,3,3
56752,153,123,30,30
56753,95,87,8,8
56754,118,111,7,7
56755,129,113,16,16
56756,50,57,-7,7
56757,123,106,17,17
56758,142,120,22,22
56759,123,106,17,17
56760,148,128,20,20
56761,107,95,12,12
56762,98,94,4,4
56763,112,99,13,13
56764,137,117,20,20
56765,106,96,10,10
56766,97,79,18,18
56767,96,89,7,7
56768,245,171,74,74
56769,115,92,23,23
56770,81,72,9,9
56771,130,101,29,29
56772,86,70,16,16
56773,128,109,19,19
56774,73,65,8,8
56775,110,92,18,18
56776,130,112,18,18
56777,97,87,10,10
56778,80,77,3,3
56779,91,81,10,10
56780,88,72,16,16
56781,105,97,8,8
56782,75,53,22,22
56783,93,92,1,1
56784,115,102,13,13
56785,133,113,20,20
56786,142,122,20,20
56787,62,66,-4,4
56788,78,73,5,5
56789,91,76,15,15
56790,102,87,15,15
56791,109,96,13,13
56792,102,85,17,17
56793,90,75,15,15
56794,135,107,28,28
56795,31,50,-19,19
56796,143,121,22,22
56797,123,103,20,20
56798,102,86,16,16
56799,59,51,8,8
56800,83,79,4,4
56801,99,86,13,13
56802,50,64,-14,14
56803,168,134,34,34
56804,80,74,6,6
56805,104,104,0,0
56806,117,103,14,14
56807,113,106,7,7
56808,73,88,-15,15
56809,72,71,1,1
56810,144,119,25,25
56811,131,120,11,11
56812,107,113,-6,6
56813,85,79,6,6
56814,58,61,-3,3
56815,67,58,9,9
56816,62,55,7,7
56817,63,52,11,11
56818,148,134,14,14
56819,139,112,27,27
56820,82,82,0,0
56821,133,115,18,18
56822,70,66,4,4
56823,99,92,7,7
56824,115,99,16,16
56825,121,109,12,12
56826,107,101,6,6
56827,113,88,25,25
56828,61,59,2,2
56829,80,69,11,11
56830,78,69,9,9
56831,68,59,9,9
56832,122,113,9,9
56833,109,93,16,16
56834,71,63,8,8
56835,60,63,-3,3
56836,125,107,18,18
56837,68,70,-2,2
56838,114,103,11,11
56839,93,73,20,20
56840,75,68,7,7
56841,99,92,7,7
56842,133,117,16,16
56843,78,73,5,5
56844,45,40,5,5
56845,87,75,12,12
56846,72,79,-7,7
56847,129,115,14,14
56848,93,81,12,12
56849,95,91,4,4
56850,119,111,8,8
56851,96,74,22,22
56852,45,43,2,2
56853,151,125,26,26
56854,75,66,9,9
56855,84,78,6,6
56856,75,64,11,11
56857,97,128,-31,31
56858,79,75,4,4
56859,132,115,17,17
56860,108,93,15,15
56861,115,97,18,18
56862,89,88,1,1
56863,84,80,4,4
56864,132,118,14,14
56865,94,80,14,14
56866,182,159,23,23
56867,170,143,27,27
56868,93,82,11,11
56869,70,70,0,0
56870,38,44,-6,6
56871,102,100,2,2
56872,139,115,24,24
56873,97,96,1,1
56874,87,78,9,9
56875,86,71,15,15
56876,76,80,-4,4
56877,91,85,6,6
56878,81,69,12,12
56879,86,72,14,14
56880,90,77,13,13
56881,73,72,1,1
56882,122,109,13,13
56883,81,71,10,10
56884,182,150,32,32
56885,73,67,6,6
56886,108,93,15,15
56887,70,64,6,6
56888,170,139,31,31
56889,98,83,15,15
56890,83,74,9,9
56891,89,86,3,3
56892,79,71,8,8
56893,77,74,3,3
56894,82,81,1,1
56895,79,74,5,5
56896,165,134,31,31
56897,57,58,-1,1
56898,94,100,-6,6
56899,101,81,20,20
56900,170,159,11,11
56901,68,66,2,2
56902,121,104,17,17
56903,137,108,29,29
56904,72,63,9,9
56905,109,97,12,12
56906,81,69,12,12
56907,71,69,2,2
56908,135,121,14,14
56909,105,90,15,15
56910,101,85,16,16
56911,71,71,0,0
56912,93,85,8,8
56913,75,68,7,7
56914,68,124,-56,56
56915,107,92,15,15
56916,76,68,8,8
56917,127,107,20,20
56918,117,108,9,9
56919,123,97,26,26
56920,158,141,17,17
56921,96,88,8,8
56922,44,40,4,4
56923,100,89,11,11
56924,69,63,6,6
56925,77,76,1,1
56926,66,66,0,0
56927,71,58,13,13
56928,117,103,14,14
56929,103,98,5,5
56930,99,91,8,8
56931,131,116,15,15
56932,50,41,9,9
56933,39,39,0,0
56934,74,65,9,9
56935,51,50,1,1
56936,91,86,5,5
56937,104,98,6,6
56938,76,68,8,8
56939,126,112,14,14
56940,79,71,8,8
56941,88,85,3,3
56942,103,94,9,9
56943,156,131,25,25
56944,153,130,23,23
56945,82,73,9,9
56946,69,69,0,0
56947,85,80,5,5
56948,90,92,-2,2
56949,118,99,19,19
56950,113,103,10,10
56951,63,66,-3,3
56952,39,41,-2,2
56953,125,111,14,14
56954,111,119,-8,8
56955,85,74,11,11
56956,69,66,3,3
56957,164,142,22,22
56958,115,102,13,13
56959,100,108,-8,8
56960,97,91,6,6
56961,76,79,-3,3
56962,109,107,2,2
56963,122,105,17,17
56964,75,72,3,3
56965,94,86,8,8
56966,73,63,10,10
56967,138,113,25,25
56968,109,84,25,25
56969,84,82,2,2
56970,65,59,6,6
56971,97,85,12,12
56972,150,129,21,21
56973,158,141,17,17
56974,74,68,6,6
56975,64,66,-2,2
56976,102,91,11,11
56977,83,85,-2,2
56978,181,141,40,40
56979,149,127,22,22
56980,67,58,9,9
56981,108,100,8,8
56982,126,112,14,14
56983,129,110,19,19
56984,123,106,17,17
56985,88,72,16,16
56986,79,78,1,1
56987,122,96,26,26
56988,88,72,16,16
56989,129,119,10,10
56990,82,72,10,10
56991,72,67,5,5
56992,116,95,21,21
56993,93,82,11,11
56994,82,72,10,10
56995,153,136,17,17
56996,169,138,31,31
56997,79,82,-3,3
56998,92,81,11,11
56999,123,101,22,22
57000,75,82,-7,7
57001,162,151,11,11
57002,79,70,9,9
57003,90,79,11,11
57004,74,78,-4,4
57005,130,112,18,18
57006,128,105,23,23
57007,75,77,-2,2
57008,86,75,11,11
57009,111,100,11,11
57010,100,88,12,12
57011,57,58,-1,1
57012,126,108,18,18
57013,61,59,2,2
57014,79,71,8,8
57015,80,62,18,18
57016,49,51,-2,2
57017,83,79,4,4
57018,65,62,3,3
57019,76,70,6,6
57020,99,87,12,12
57021,152,124,28,28
57022,74,70,4,4
57023,90,82,8,8
57024,116,112,4,4
57025,150,140,10,10
57026,98,101,-3,3
57027,136,111,25,25
57028,109,95,14,14
57029,131,131,0,0
57030,44,48,-4,4
57031,52,47,5,5
57032,73,65,8,8
57033,160,122,38,38
57034,104,93,11,11
57035,71,61,10,10
57036,52,52,0,0
57037,69,59,10,10
57038,120,99,21,21
57039,51,44,7,7
57040,65,66,-1,1
57041,93,79,14,14
57042,62,72,-10,10
57043,108,91,17,17
57044,86,84,2,2
57045,65,64,1,1
57046,151,136,15,15
57047,82,80,2,2
57048,54,49,5,5
57049,57,54,3,3
57050,87,77,10,10
57051,75,72,3,3
57052,76,72,4,4
57053,144,127,17,17
57054,82,78,4,4
57055,70,63,7,7
57056,65,62,3,3
57057,130,118,12,12
57058,179,164,15,15
57059,143,127,16,16
57060,128,111,17,17
57061,59,55,4,4
57062,141,118,23,23
57063,91,79,12,12
57064,117,98,19,19
57065,103,90,13,13
57066,102,97,5,5
57067,150,123,27,27
57068,91,75,16,16
57069,82,77,5,5
57070,72,61,11,11
57071,146,121,25,25
57072,51,51,0,0
57073,119,111,8,8
57074,94,86,8,8
57075,113,92,21,21
57076,115,99,16,16
57077,50,52,-2,2
57078,72,79,-7,7
57079,127,109,18,18
57080,67,81,-14,14
57081,76,71,5,5
57082,96,94,2,2
57083,137,133,4,4
57084,189,161,28,28
57085,83,76,7,7
57086,90,83,7,7
57087,85,76,9,9
57088,99,91,8,8
57089,88,79,9,9
57090,163,136,27,27
57091,78,73,5,5
57092,63,55,8,8
57093,87,82,5,5
57094,81,75,6,6
57095,117,115,2,2
57096,86,71,15,15
57097,97,86,11,11
57098,120,104,16,16
57099,61,50,11,11
57100,109,101,8,8
57101,82,73,9,9
57102,98,81,17,17
57103,100,82,18,18
57104,114,94,20,20
57105,61,62,-1,1
57106,88,82,6,6
57107,75,71,4,4
57108,96,88,8,8
57109,125,113,12,12
57110,216,179,37,37
57111,91,82,9,9
57112,149,152,-3,3
57113,104,85,19,19
57114,69,65,4,4
57115,65,62,3,3
57116,116,94,22,22
57117,66,62,4,4
57118,53,53,0,0
57119,61,64,-3,3
57120,106,97,9,9
57121,118,98,20,20
57122,145,124,21,21
57123,90,76,14,14
57124,76,68,8,8
57125,48,47,1,1
57126,38,41,-3,3
57127,65,62,3,3
57128,98,82,16,16
57129,48,58,-10,10
57130,93,85,8,8
57131,117,108,9,9
57132,66,62,4,4
57133,110,89,21,21
57134,121,107,14,14
57135,95,81,14,14
57136,81,73,8,8
57137,48,55,-7,7
57138,80,77,3,3
57139,136,132,4,4
57140,55,50,5,5
57141,110,96,14,14
57142,104,106,-2,2
57143,89,76,13,13
57144,90,90,0,0
57145,111,100,11,11
57146,85,83,2,2
57147,113,100,13,13
57148,100,91,9,9
57149,147,121,26,26
57150,86,84,2,2
57151,76,75,1,1
57152,164,127,37,37
57153,130,105,25,25
57154,99,83,16,16
57155,40,40,0,0
57156,175,160,15,15
57157,148,130,18,18
57158,106,98,8,8
57159,152,133,19,19
57160,91,86,5,5
57161,98,85,13,13
57162,51,56,-5,5
57163,88,83,5,5
57164,89,79,10,10
57165,63,55,8,8
57166,84,78,6,6
57167,75,63,12,12
57168,117,98,19,19
57169,111,97,14,14
57170,134,132,2,2
57171,81,81,0,0
57172,101,92,9,9
57173,61,55,6,6
57174,116,103,13,13
57175,77,74,3,3
57176,121,98,23,23
57177,101,86,15,15
57178,22,31,-9,9
57179,89,78,11,11
57180,134,118,16,16
57181,132,117,15,15
57182,48,47,1,1
57183,102,88,14,14
57184,90,75,15,15
57185,89,84,5,5
57186,109,103,6,6
57187,164,132,32,32
57188,93,85,8,8
57189,93,88,5,5
57190,63,67,-4,4
57191,99,90,9,9
57192,72,60,12,12
57193,85,79,6,6
57194,76,71,5,5
57195,85,74,11,11
57196,125,87,38,38
57197,63,57,6,6
57198,47,52,-5,5
57199,123,110,13,13
57200,88,87,1,1
57201,75,62,13,13
57202,78,71,7,7
57203,73,62,11,11
57204,113,116,-3,3
57205,88,75,13,13
57206,91,72,19,19
57207,99,89,10,10
57208,92,89,3,3
57209,102,98,4,4
57210,84,81,3,3
57211,153,131,22,22
57212,117,111,6,6
57213,61,57,4,4
57214,81,69,12,12
57215,148,128,20,20
57216,88,70,18,18
57217,109,96,13,13
57218,124,106,18,18
57219,44,51,-7,7
57220,75,67,8,8
57221,107,96,11,11
57222,74,72,2,2
57223,75,62,13,13
57224,97,82,15,15
57225,95,78,17,17
57226,72,62,10,10
57227,71,63,8,8
57228,100,91,9,9
57229,110,88,22,22
57230,67,56,11,11
57231,59,57,2,2
57232,162,132,30,30
57233,97,91,6,6
57234,66,64,2,2
57235,87,77,10,10
57236,142,127,15,15
57237,77,74,3,3
57238,61,51,10,10
57239,61,105,-44,44
57240,131,106,25,25
57241,84,77,7,7
57242,77,75,2,2
57243,60,55,5,5
57244,77,72,5,5
57245,47,47,0,0
57246,71,72,-1,1
57247,118,106,12,12
57248,105,105,0,0
57249,137,120,17,17
57250,48,58,-10,10
57251,81,76,5,5
57252,105,93,12,12
57253,107,93,14,14
57254,149,123,26,26
57255,88,76,12,12
57256,104,86,18,18
57257,130,103,27,27
57258,118,107,11,11
57259,50,62,-12,12
57260,113,94,19,19
57261,48,48,0,0
57262,105,96,9,9
57263,63,65,-2,2
57264,63,59,4,4
57265,65,64,1,1
57266,105,97,8,8
57267,38,37,1,1
57268,57,52,5,5
57269,94,84,10,10
57270,87,72,15,15
57271,68,63,5,5
57272,66,66,0,0
57273,87,81,6,6
57274,121,104,17,17
57275,104,89,15,15
57276,124,111,13,13
57277,158,130,28,28
57278,30,37,-7,7
57279,101,111,-10,10
57280,86,69,17,17
57281,93,79,14,14
57282,123,124,-1,1
57283,102,82,20,20
57284,142,143,-1,1
57285,61,69,-8,8
57286,75,74,1,1
57287,125,118,7,7
57288,95,83,12,12
57289,171,143,28,28
57290,96,112,-16,16
57291,123,111,12,12
57292,106,102,4,4
57293,62,60,2,2
57294,87,76,11,11
57295,57,55,2,2
57296,56,48,8,8
57297,124,107,17,17
57298,81,73,8,8
57299,109,87,22,22
57300,165,153,12,12
57301,171,140,31,31
57302,104,92,12,12
57303,59,62,-3,3
57304,40,43,-3,3
57305,74,91,-17,17
57306,127,110,17,17
57307,73,74,-1,1
57308,130,112,18,18
57309,47,59,-12,12
57310,59,55,4,4
57311,156,125,31,31
57312,101,84,17,17
57313,89,72,17,17
57314,95,86,9,9
57315,60,64,-4,4
57316,91,83,8,8
57317,74,67,7,7
57318,160,128,32,32
57319,114,100,14,14
57320,148,124,24,24
57321,80,67,13,13
57322,24,30,-6,6
57323,52,51,1,1
57324,259,203,56,56
57325,44,42,2,2
57326,149,126,23,23
57327,57,57,0,0
57328,126,122,4,4
57329,142,119,23,23
57330,111,103,8,8
57331,167,143,24,24
57332,76,68,8,8
57333,69,63,6,6
57334,110,106,4,4
57335,92,89,3,3
57336,99,79,20,20
57337,95,88,7,7
57338,114,92,22,22
57339,91,86,5,5
57340,104,91,13,13
57341,84,77,7,7
57342,164,126,38,38
57343,44,49,-5,5
57344,75,65,10,10
57345,95,82,13,13
57346,27,36,-9,9
57347,81,76,5,5
57348,72,66,6,6
57349,100,83,17,17
57350,131,104,27,27
57351,61,64,-3,3
57352,89,80,9,9
57353,65,63,2,2
57354,53,59,-6,6
57355,103,102,1,1
57356,129,113,16,16
57357,114,93,21,21
57358,102,90,12,12
57359,87,83,4,4
57360,77,66,11,11
57361,72,73,-1,1
57362,71,68,3,3
57363,67,54,13,13
57364,116,105,11,11
57365,102,85,17,17
57366,83,72,11,11
57367,55,49,6,6
57368,71,75,-4,4
57369,84,69,15,15
57370,98,85,13,13
57371,101,82,19,19
57372,82,67,15,15
57373,117,106,11,11
57374,126,119,7,7
57375,66,68,-2,2
57376,81,79,2,2
57377,189,167,22,22
57378,90,74,16,16
57379,86,72,14,14
57380,107,90,17,17
57381,117,125,-8,8
57382,54,52,2,2
57383,81,80,1,1
57384,85,73,12,12
57385,88,85,3,3
57386,57,56,1,1
57387,103,92,11,11
57388,103,89,14,14
57389,95,82,13,13
57390,107,93,14,14
57391,91,79,12,12
57392,111,117,-6,6
57393,200,160,40,40
57394,83,78,5,5
57395,86,76,10,10
57396,80,76,4,4
57397,109,100,9,9
57398,69,62,7,7
57399,78,69,9,9
57400,70,73,-3,3
57401,77,69,8,8
57402,69,59,10,10
57403,96,79,17,17
57404,121,123,-2,2
57405,90,87,3,3
57406,152,128,24,24
57407,91,76,15,15
57408,89,79,10,10
57409,104,89,15,15
57410,88,67,21,21
57411,113,95,18,18
57412,81,84,-3,3
57413,92,79,13,13
57414,112,90,22,22
57415,113,104,9,9
57416,119,98,21,21
57417,68,62,6,6
57418,183,140,43,43
57419,154,125,29,29
57420,115,103,12,12
57421,173,170,3,3
57422,108,90,18,18
57423,124,120,4,4
57424,71,61,10,10
57425,84,69,15,15
57426,80,73,7,7
57427,90,90,0,0
57428,74,62,12,12
57429,89,72,17,17
57430,81,82,-1,1
57431,100,82,18,18
57432,136,122,14,14
57433,55,53,2,2
57434,105,96,9,9
57435,77,66,11,11
57436,192,163,29,29
57437,99,81,18,18
57438,90,80,10,10
57439,134,110,24,24
57440,113,100,13,13
57441,90,76,14,14
57442,150,116,34,34
57443,52,54,-2,2
57444,102,91,11,11
57445,55,48,7,7
57446,110,98,12,12
57447,57,56,1,1
57448,57,56,1,1
57449,97,88,9,9
57450,117,109,8,8
57451,83,80,3,3
57452,121,101,20,20
57453,58,56,2,2
57454,101,88,13,13
57455,63,62,1,1
57456,105,96,9,9
57457,94,78,16,16
57458,138,121,17,17
57459,62,57,5,5
57460,113,106,7,7
57461,50,52,-2,2
57462,90,82,8,8
57463,135,122,13,13
57464,68,55,13,13
57465,94,89,5,5
57466,63,57,6,6
57467,179,143,36,36
57468,78,68,10,10
57469,197,157,40,40
57470,124,113,11,11
57471,115,116,-1,1
57472,105,89,16,16
57473,135,122,13,13
57474,59,58,1,1
57475,75,87,-12,12
57476,131,107,24,24
57477,125,112,13,13
57478,82,82,0,0
57479,193,161,32,32
57480,23,32,-9,9
57481,67,60,7,7
57482,204,171,33,33
57483,78,74,4,4
57484,95,98,-3,3
57485,143,128,15,15
57486,69,62,7,7
57487,78,66,12,12
57488,185,160,25,25
57489,60,58,2,2
57490,93,75,18,18
57491,49,47,2,2
57492,151,118,33,33
57493,93,80,13,13
57494,109,90,19,19
57495,58,52,6,6
57496,132,102,30,30
57497,85,69,16,16
57498,118,90,28,28
57499,69,65,4,4
57500,76,70,6,6
57501,68,70,-2,2
57502,68,63,5,5
57503,103,103,0,0
57504,116,100,16,16
57505,189,147,42,42
57506,64,62,2,2
57507,54,48,6,6
57508,99,93,6,6
57509,140,116,24,24
57510,52,45,7,7
57511,144,128,16,16
57512,96,83,13,13
57513,60,80,-20,20
57514,131,115,16,16
57515,101,102,-1,1
57516,21,30,-9,9
57517,77,67,10,10
57518,94,84,10,10
57519,64,58,6,6
57520,77,66,11,11
57521,89,81,8,8
57522,68,63,5,5
57523,100,74,26,26
57524,94,84,10,10
57525,99,85,14,14
57526,104,96,8,8
57527,76,70,6,6
57528,41,41,0,0
57529,89,72,17,17
57530,159,122,37,37
57531,145,113,32,32
57532,89,74,15,15
57533,117,108,9,9
57534,56,60,-4,4
57535,112,98,14,14
57536,59,54,5,5
57537,54,52,2,2
57538,83,70,13,13
57539,70,69,1,1
57540,64,60,4,4
57541,134,119,15,15
57542,107,109,-2,2
57543,81,72,9,9
57544,117,110,7,7
57545,123,113,10,10
57546,114,93,21,21
57547,173,141,32,32
57548,79,63,16,16
57549,117,95,22,22
57550,32,38,-6,6
57551,87,78,9,9
57552,189,163,26,26
57553,70,71,-1,1
57554,155,116,39,39
57555,81,74,7,7
57556,168,142,26,26
57557,114,101,13,13
57558,153,139,14,14
57559,124,103,21,21
57560,51,43,8,8
57561,105,101,4,4
57562,101,105,-4,4
57563,86,80,6,6
57564,129,107,22,22
57565,122,103,19,19
57566,149,124,25,25
57567,85,73,12,12
57568,73,64,9,9
57569,66,63,3,3
57570,180,142,38,38
57571,33,41,-8,8
57572,70,68,2,2
57573,101,103,-2,2
57574,89,85,4,4
57575,120,105,15,15
57576,121,102,19,19
57577,91,84,7,7
57578,90,80,10,10
57579,121,101,20,20
57580,154,136,18,18
57581,110,93,17,17
57582,65,58,7,7
57583,107,107,0,0
57584,141,119,22,22
57585,61,61,0,0
57586,119,111,8,8
57587,135,123,12,12
57588,185,149,36,36
57589,46,47,-1,1
57590,89,81,8,8
57591,134,117,17,17
57592,102,89,13,13
57593,138,123,15,15
57594,104,85,19,19
57595,176,145,31,31
57596,112,98,14,14
57597,135,124,11,11
57598,119,105,14,14
57599,82,67,15,15
57600,99,91,8,8
57601,119,100,19,19
57602,98,97,1,1
57603,96,91,5,5
57604,90,91,-1,1
57605,81,66,15,15
57606,65,61,4,4
57607,120,104,16,16
57608,90,78,12,12
57609,80,77,3,3
57610,81,80,1,1
57611,78,94,-16,16
57612,82,69,13,13
57613,155,118,37,37
57614,77,61,16,16
57615,116,110,6,6
57616,78,71,7,7
57617,69,60,9,9
57618,64,61,3,3
57619,88,79,9,9
57620,56,56,0,0
57621,62,61,1,1
57622,49,51,-2,2
57623,120,96,24,24
57624,154,135,19,19
57625,86,81,5,5
57626,61,62,-1,1
57627,66,59,7,7
57628,145,111,34,34
57629,83,84,-1,1
57630,136,110,26,26
57631,88,87,1,1
57632,71,69,2,2
57633,93,78,15,15
57634,97,84,13,13
57635,94,78,16,16
57636,97,91,6,6
57637,57,63,-6,6
57638,142,119,23,23
57639,119,103,16,16
57640,87,86,1,1
57641,131,123,8,8
57642,119,109,10,10
57643,76,65,11,11
57644,55,48,7,7
57645,106,92,14,14
57646,70,68,2,2
57647,103,92,11,11
57648,96,76,20,20
57649,150,130,20,20
57650,128,117,11,11
57651,38,40,-2,2
57652,65,70,-5,5
57653,79,69,10,10
57654,96,80,16,16
57655,88,74,14,14
57656,185,177,8,8
57657,81,70,11,11
57658,151,123,28,28
57659,94,85,9,9
57660,72,69,3,3
57661,110,97,13,13
57662,109,90,19,19
57663,80,69,11,11
57664,68,66,2,2
57665,111,89,22,22
57666,67,66,1,1
57667,95,82,13,13
57668,114,103,11,11
57669,51,48,3,3
57670,111,94,17,17
57671,118,95,23,23
57672,157,119,38,38
57673,82,77,5,5
57674,119,88,31,31
57675,73,65,8,8
57676,88,72,16,16
57677,46,42,4,4
57678,61,57,4,4
57679,81,76,5,5
57680,117,105,12,12
57681,87,77,10,10
57682,71,59,12,12
57683,70,63,7,7
57684,98,101,-3,3
57685,89,82,7,7
57686,100,85,15,15
57687,124,99,25,25
57688,166,140,26,26
57689,90,76,14,14
57690,43,43,0,0
57691,175,140,35,35
57692,104,97,7,7
57693,180,154,26,26
57694,57,50,7,7
57695,36,44,-8,8
57696,144,135,9,9
57697,136,116,20,20
57698,56,57,-1,1
57699,93,87,6,6
57700,91,80,11,11
57701,98,87,11,11
57702,82,62,20,20
57703,101,99,2,2
57704,113,101,12,12
57705,53,55,-2,2
57706,55,53,2,2
57707,120,102,18,18
57708,105,89,16,16
57709,71,66,5,5
57710,78,69,9,9
57711,165,141,24,24
57712,82,78,4,4
57713,126,104,22,22
57714,114,97,17,17
57715,143,124,19,19
57716,118,100,18,18
57717,94,87,7,7
57718,41,39,2,2
57719,67,60,7,7
57720,83,71,12,12
57721,119,91,28,28
57722,62,60,2,2
57723,55,47,8,8
57724,95,86,9,9
57725,91,87,4,4
57726,68,64,4,4
57727,144,132,12,12
57728,64,59,5,5
57729,43,55,-12,12
57730,81,80,1,1
57731,94,75,19,19
57732,77,69,8,8
57733,167,152,15,15
57734,51,54,-3,3
57735,117,97,20,20
57736,93,84,9,9
57737,71,68,3,3
57738,64,61,3,3
57739,168,141,27,27
57740,98,88,10,10
57741,38,37,1,1
57742,124,103,21,21
57743,104,100,4,4
57744,45,41,4,4
57745,36,42,-6,6
57746,82,74,8,8
57747,120,99,21,21
57748,108,107,1,1
57749,43,44,-1,1
57750,85,73,12,12
57751,146,123,23,23
57752,82,88,-6,6
57753,115,97,18,18
57754,98,78,20,20
57755,87,73,14,14
57756,124,116,8,8
57757,86,76,10,10
57758,92,98,-6,6
57759,109,85,24,24
57760,125,107,18,18
57761,140,131,9,9
57762,84,91,-7,7
57763,66,61,5,5
57764,131,107,24,24
57765,81,66,15,15
57766,88,77,11,11
57767,143,139,4,4
57768,74,72,2,2
57769,118,112,6,6
57770,56,57,-1,1
57771,61,59,2,2
57772,112,100,12,12
57773,119,95,24,24
57774,102,83,19,19
57775,101,113,-12,12
57776,71,64,7,7
57777,118,102,16,16
57778,119,119,0,0
57779,83,75,8,8
57780,133,109,24,24
57781,57,53,4,4
57782,87,77,10,10
57783,6,36,-30,30
57784,76,76,0,0
57785,124,105,19,19
57786,28,34,-6,6
57787,65,56,9,9
57788,86,74,12,12
57789,111,101,10,10
57790,59,62,-3,3
57791,94,84,10,10
57792,97,102,-5,5
57793,115,104,11,11
57794,75,68,7,7
57795,144,121,23,23
57796,86,86,0,0
57797,74,67,7,7
57798,102,96,6,6
57799,79,70,9,9
57800,99,85,14,14
57801,140,135,5,5
57802,101,92,9,9
57803,156,124,32,32
57804,92,78,14,14
57805,70,63,7,7
57806,59,67,-8,8
57807,116,100,16,16
57808,138,121,17,17
57809,136,126,10,10
57810,61,55,6,6
57811,53,53,0,0
57812,79,65,14,14
57813,90,77,13,13
57814,127,108,19,19
57815,177,131,46,46
57816,110,109,1,1
57817,129,111,18,18
57818,106,112,-6,6
57819,74,70,4,4
57820,154,141,13,13
57821,129,113,16,16
57822,73,65,8,8
57823,77,76,1,1
57824,84,81,3,3
57825,103,87,16,16
57826,90,112,-22,22
57827,109,94,15,15
57828,68,58,10,10
57829,72,60,12,12
57830,105,101,4,4
57831,65,59,6,6
57832,95,82,13,13
57833,133,119,14,14
57834,103,85,18,18
57835,107,102,5,5
57836,79,67,12,12
57837,116,97,19,19
57838,91,76,15,15
57839,72,76,-4,4
57840,66,77,-11,11
57841,147,121,26,26
57842,90,90,0,0
57843,192,185,7,7
57844,98,100,-2,2
57845,105,91,14,14
57846,44,48,-4,4
57847,102,80,22,22
57848,82,81,1,1
57849,107,94,13,13
57850,102,88,14,14
57851,135,112,23,23
57852,157,126,31,31
57853,61,50,11,11
57854,155,129,26,26
57855,121,117,4,4
57856,77,67,10,10
57857,142,124,18,18
57858,95,83,12,12
57859,104,88,16,16
57860,77,71,6,6
57861,135,115,20,20
57862,101,89,12,12
57863,65,61,4,4
57864,108,94,14,14
57865,46,47,-1,1
57866,196,167,29,29
57867,83,77,6,6
57868,92,74,18,18
57869,66,58,8,8
57870,87,77,10,10
57871,76,68,8,8
57872,24,24,0,0
57873,94,94,0,0
57874,85,66,19,19
57875,147,173,-26,26
57876,104,100,4,4
57877,97,84,13,13
57878,159,130,29,29
57879,103,89,14,14
57880,114,104,10,10
57881,133,120,13,13
57882,66,61,5,5
57883,101,92,9,9
57884,71,64,7,7
57885,85,76,9,9
57886,87,69,18,18
57887,116,91,25,25
57888,88,72,16,16
57889,64,57,7,7
57890,48,53,-5,5
57891,55,53,2,2
57892,61,81,-20,20
57893,86,85,1,1
57894,56,49,7,7
57895,58,49,9,9
57896,77,70,7,7
57897,70,69,1,1
57898,78,76,2,2
57899,136,112,24,24
57900,69,64,5,5
57901,68,59,9,9
57902,102,87,15,15
57903,67,59,8,8
57904,82,69,13,13
57905,54,48,6,6
57906,70,68,2,2
57907,83,74,9,9
57908,129,104,25,25
57909,43,42,1,1
57910,46,55,-9,9
57911,119,108,11,11
57912,50,46,4,4
57913,76,67,9,9
57914,168,142,26,26
57915,83,72,11,11
57916,116,95,21,21
57917,121,121,0,0
57918,96,93,3,3
57919,126,119,7,7
57920,86,81,5,5
57921,85,71,14,14
57922,93,73,20,20
57923,52,51,1,1
57924,129,112,17,17
57925,87,76,11,11
57926,38,44,-6,6
57927,61,69,-8,8
57928,77,70,7,7
57929,73,63,10,10
57930,143,132,11,11
57931,59,57,2,2
57932,57,57,0,0
57933,64,60,4,4
57934,140,118,22,22
57935,109,102,7,7
57936,91,80,11,11
57937,64,59,5,5
57938,105,81,24,24
57939,121,96,25,25
57940,65,56,9,9
57941,80,76,4,4
57942,75,70,5,5
57943,90,75,15,15
57944,93,91,2,2
57945,60,58,2,2
57946,75,70,5,5
57947,97,88,9,9
57948,130,112,18,18
57949,111,92,19,19
57950,82,68,14,14
57951,102,88,14,14
57952,72,63,9,9
57953,180,162,18,18
57954,71,75,-4,4
57955,92,82,10,10
57956,109,96,13,13
57957,113,94,19,19
57958,117,101,16,16
57959,105,91,14,14
57960,85,73,12,12
57961,75,61,14,14
57962,77,69,8,8
57963,79,71,8,8
57964,106,89,17,17
57965,52,58,-6,6
57966,107,78,29,29
57967,89,82,7,7
57968,150,129,21,21
57969,84,75,9,9
57970,78,73,5,5
57971,124,103,21,21
57972,58,55,3,3
57973,110,99,11,11
57974,108,96,12,12
57975,95,96,-1,1
57976,139,109,30,30
57977,92,83,9,9
57978,63,64,-1,1
57979,81,76,5,5
57980,103,82,21,21
57981,75,68,7,7
57982,75,82,-7,7
57983,125,107,18,18
57984,98,98,0,0
57985,101,89,12,12
57986,73,74,-1,1
57987,95,82,13,13
57988,120,98,22,22
57989,90,93,-3,3
57990,178,140,38,38
57991,111,104,7,7
57992,90,79,11,11
57993,91,70,21,21
57994,92,72,20,20
57995,77,69,8,8
57996,87,74,13,13
57997,121,106,15,15
57998,99,81,18,18
57999,119,112,7,7
58000,85,84,1,1
58001,102,93,9,9
58002,102,86,16,16
58003,68,60,8,8
58004,159,126,33,33
58005,91,69,22,22
58006,85,81,4,4
58007,77,77,0,0
58008,136,126,10,10
58009,182,146,36,36
58010,101,90,11,11
58011,63,54,9,9
58012,89,92,-3,3
58013,78,70,8,8
58014,104,88,16,16
58015,113,101,12,12
58016,88,79,9,9
58017,87,77,10,10
58018,182,143,39,39
58019,97,83,14,14
58020,123,105,18,18
58021,93,108,-15,15
58022,77,62,15,15
58023,87,78,9,9
58024,71,66,5,5
58025,60,56,4,4
58026,95,89,6,6
58027,92,75,17,17
58028,78,69,9,9
58029,84,80,4,4
58030,153,126,27,27
58031,140,128,12,12
58032,99,77,22,22
58033,57,57,0,0
58034,83,79,4,4
58035,79,67,12,12
58036,87,79,8,8
58037,85,90,-5,5
58038,80,77,3,3
58039,69,66,3,3
58040,68,66,2,2
58041,94,86,8,8
58042,79,78,1,1
58043,115,101,14,14
58044,59,58,1,1
58045,183,166,17,17
58046,64,58,6,6
58047,109,94,15,15
58048,54,45,9,9
58049,62,55,7,7
58050,69,74,-5,5
58051,62,53,9,9
58052,71,65,6,6
58053,140,117,23,23
58054,73,64,9,9
58055,124,109,15,15
58056,86,82,4,4
58057,142,132,10,10
58058,170,150,20,20
58059,69,61,8,8
58060,124,112,12,12
58061,123,113,10,10
58062,104,77,27,27
58063,65,68,-3,3
58064,110,98,12,12
58065,80,67,13,13
58066,66,63,3,3
58067,96,84,12,12
58068,116,108,8,8
58069,74,64,10,10
58070,59,58,1,1
58071,64,53,11,11
58072,115,105,10,10
58073,89,75,14,14
58074,136,109,27,27
58075,51,48,3,3
58076,73,64,9,9
58077,68,63,5,5
58078,116,98,18,18
58079,135,125,10,10
58080,29,35,-6,6
58081,96,78,18,18
58082,38,51,-13,13
58083,170,151,19,19
58084,125,110,15,15
58085,160,126,34,34
58086,108,105,3,3
58087,144,123,21,21
58088,70,59,11,11
58089,100,83,17,17
58090,62,58,4,4
58091,129,107,22,22
58092,99,81,18,18
58093,93,89,4,4
58094,108,85,23,23
58095,59,54,5,5
58096,43,48,-5,5
58097,119,98,21,21
58098,71,56,15,15
58099,147,147,0,0
58100,60,55,5,5
58101,79,78,1,1
58102,64,63,1,1
58103,73,66,7,7
58104,105,97,8,8
58105,80,70,10,10
58106,79,74,5,5
58107,90,78,12,12
58108,89,71,18,18
58109,73,64,9,9
58110,113,103,10,10
58111,78,77,1,1
58112,63,73,-10,10
58113,142,121,21,21
58114,145,145,0,0
58115,95,88,7,7
58116,101,91,10,10
58117,126,101,25,25
58118,154,126,28,28
58119,184,138,46,46
58120,116,106,10,10
58121,84,78,6,6
58122,129,119,10,10
58123,74,70,4,4
58124,97,83,14,14
58125,88,97,-9,9
58126,102,95,7,7
58127,69,65,4,4
58128,73,72,1,1
58129,77,61,16,16
58130,98,87,11,11
58131,78,75,3,3
58132,108,78,30,30
58133,78,70,8,8
58134,86,85,1,1
58135,70,59,11,11
58136,70,66,4,4
58137,78,66,12,12
58138,81,69,12,12
58139,55,57,-2,2
58140,37,42,-5,5
58141,80,71,9,9
58142,68,61,7,7
58143,130,113,17,17
58144,100,84,16,16
58145,71,69,2,2
58146,97,88,9,9
58147,147,129,18,18
58148,93,86,7,7
58149,165,146,19,19
58150,70,65,5,5
58151,59,61,-2,2
58152,46,45,1,1
58153,132,104,28,28
58154,90,70,20,20
58155,208,177,31,31
58156,124,119,5,5
58157,92,89,3,3
58158,75,70,5,5
58159,103,92,11,11
58160,47,46,1,1
58161,72,58,14,14
58162,65,59,6,6
58163,107,99,8,8
58164,131,115,16,16
58165,67,70,-3,3
58166,119,103,16,16
58167,63,59,4,4
58168,153,119,34,34
58169,72,68,4,4
58170,131,126,5,5
58171,92,77,15,15
58172,70,66,4,4
58173,93,89,4,4
58174,48,58,-10,10
58175,75,65,10,10
58176,185,158,27,27
58177,90,67,23,23
58178,53,49,4,4
58179,130,118,12,12
58180,139,123,16,16
58181,92,87,5,5
58182,77,98,-21,21
58183,130,106,24,24
58184,88,73,15,15
58185,68,69,-1,1
58186,144,110,34,34
58187,73,69,4,4
58188,136,122,14,14
58189,115,97,18,18
58190,79,76,3,3
58191,97,86,11,11
58192,70,61,9,9
58193,76,74,2,2
58194,110,96,14,14
58195,103,105,-2,2
58196,106,91,15,15
58197,82,74,8,8
58198,82,79,3,3
58199,64,59,5,5
58200,108,98,10,10
58201,162,135,27,27
58202,64,63,1,1
58203,42,45,-3,3
58204,128,112,16,16
58205,93,77,16,16
58206,83,70,13,13
58207,75,62,13,13
58208,113,97,16,16
58209,131,114,17,17
58210,70,57,13,13
58211,82,74,8,8
58212,53,50,3,3
58213,92,86,6,6
58214,123,103,20,20
58215,132,109,23,23
58216,71,64,7,7
58217,83,75,8,8
58218,52,53,-1,1
58219,102,88,14,14
58220,51,54,-3,3
58221,90,74,16,16
58222,121,113,8,8
58223,125,110,15,15
58224,66,62,4,4
58225,99,95,4,4
58226,71,76,-5,5
58227,103,91,12,12
58228,87,83,4,4
58229,130,115,15,15
58230,74,67,7,7
58231,171,146,25,25
58232,146,116,30,30
58233,81,71,10,10
58234,72,59,13,13
58235,81,85,-4,4
58236,58,51,7,7
58237,111,94,17,17
58238,148,130,18,18
58239,76,69,7,7
58240,78,68,10,10
58241,91,87,4,4
58242,91,85,6,6
58243,70,66,4,4
58244,155,120,35,35
58245,89,87,2,2
58246,55,47,8,8
58247,97,75,22,22
58248,71,64,7,7
58249,134,122,12,12
58250,85,68,17,17
58251,76,67,9,9
58252,98,97,1,1
58253,51,53,-2,2
58254,111,96,15,15
58255,59,56,3,3
58256,112,95,17,17
58257,43,41,2,2
58258,122,100,22,22
58259,62,70,-8,8
58260,57,52,5,5
58261,94,90,4,4
58262,92,79,13,13
58263,113,105,8,8
58264,125,108,17,17
58265,98,90,8,8
58266,58,56,2,2
58267,110,93,17,17
58268,69,67,2,2
58269,57,61,-4,4
58270,54,48,6,6
58271,69,61,8,8
58272,84,84,0,0
58273,81,80,1,1
58274,72,68,4,4
58275,120,101,19,19
58276,59,59,0,0
58277,121,99,22,22
58278,54,60,-6,6
58279,62,58,4,4
58280,83,68,15,15
58281,85,69,16,16
58282,102,95,7,7
58283,109,89,20,20
58284,128,122,6,6
58285,128,103,25,25
58286,155,106,49,49
58287,75,71,4,4
58288,44,37,7,7
58289,106,94,12,12
58290,122,98,24,24
58291,99,84,15,15
58292,76,68,8,8
58293,93,80,13,13
58294,59,58,1,1
58295,115,94,21,21
58296,147,124,23,23
58297,104,97,7,7
58298,56,54,2,2
58299,119,103,16,16
58300,92,88,4,4
58301,55,52,3,3
58302,70,59,11,11
58303,79,72,7,7
58304,106,90,16,16
58305,141,121,20,20
58306,142,127,15,15
58307,100,92,8,8
58308,71,62,9,9
58309,37,36,1,1
58310,58,53,5,5
58311,107,101,6,6
58312,104,91,13,13
58313,125,110,15,15
58314,95,109,-14,14
58315,164,139,25,25
58316,45,55,-10,10
58317,86,71,15,15
58318,101,85,16,16
58319,117,98,19,19
58320,85,83,2,2
58321,60,56,4,4
58322,141,132,9,9
58323,101,93,8,8
58324,113,90,23,23
58325,108,98,10,10
58326,86,75,11,11
58327,121,100,21,21
58328,165,159,6,6
58329,58,52,6,6
58330,165,143,22,22
58331,99,90,9,9
58332,77,75,2,2
58333,120,103,17,17
58334,132,109,23,23
58335,138,110,28,28
58336,104,111,-7,7
58337,59,53,6,6
58338,68,57,11,11
58339,76,70,6,6
58340,81,83,-2,2
58341,126,103,23,23
58342,125,92,33,33
58343,39,39,0,0
58344,103,80,23,23
58345,64,64,0,0
58346,120,97,23,23
58347,53,51,2,2
58348,81,67,14,14
58349,128,108,20,20
58350,75,68,7,7
58351,67,53,14,14
58352,158,127,31,31
58353,77,83,-6,6
58354,140,128,12,12
58355,75,73,2,2
58356,114,105,9,9
58357,82,71,11,11
58358,96,87,9,9
58359,142,117,25,25
58360,84,86,-2,2
58361,84,66,18,18
58362,69,60,9,9
58363,63,59,4,4
58364,83,77,6,6
58365,136,119,17,17
58366,107,92,15,15
58367,95,87,8,8
58368,157,126,31,31
58369,89,83,6,6
58370,85,73,12,12
58371,102,92,10,10
58372,103,97,6,6
58373,88,75,13,13
58374,100,86,14,14
58375,69,60,9,9
58376,84,67,17,17
58377,32,38,-6,6
58378,52,53,-1,1
58379,156,128,28,28
58380,71,57,14,14
58381,114,95,19,19
58382,83,76,7,7
58383,81,73,8,8
58384,164,136,28,28
58385,109,96,13,13
58386,89,86,3,3
58387,125,99,26,26
58388,82,69,13,13
58389,73,68,5,5
58390,117,125,-8,8
58391,69,64,5,5
58392,98,83,15,15
58393,114,93,21,21
58394,86,76,10,10
58395,112,91,21,21
58396,96,89,7,7
58397,113,99,14,14
58398,86,84,2,2
58399,130,110,20,20
58400,80,70,10,10
58401,134,123,11,11
58402,158,142,16,16
58403,59,52,7,7
58404,55,57,-2,2
58405,87,82,5,5
58406,42,42,0,0
58407,76,67,9,9
58408,62,53,9,9
58409,119,101,18,18
58410,103,93,10,10
58411,172,149,23,23
58412,134,123,11,11
58413,68,61,7,7
58414,62,55,7,7
58415,57,57,0,0
58416,147,120,27,27
58417,93,81,12,12
58418,116,99,17,17
58419,161,142,19,19
58420,79,84,-5,5
58421,148,131,17,17
58422,118,103,15,15
58423,46,50,-4,4
58424,130,118,12,12
58425,163,134,29,29
58426,56,54,2,2
58427,74,64,10,10
58428,66,67,-1,1
58429,84,67,17,17
58430,76,75,1,1
58431,88,76,12,12
58432,69,64,5,5
58433,60,58,2,2
58434,75,68,7,7
58435,164,135,29,29
58436,71,74,-3,3
58437,125,94,31,31
58438,86,81,5,5
58439,62,55,7,7
58440,82,73,9,9
58441,55,52,3,3
58442,58,67,-9,9
58443,52,59,-7,7
58444,107,91,16,16
58445,82,83,-1,1
58446,118,101,17,17
58447,104,90,14,14
58448,65,60,5,5
58449,148,143,5,5
58450,104,95,9,9
58451,189,156,33,33
58452,126,115,11,11
58453,92,70,22,22
58454,122,107,15,15
58455,75,69,6,6
58456,99,87,12,12
58457,99,85,14,14
58458,154,134,20,20
58459,89,87,2,2
58460,145,128,17,17
58461,81,66,15,15
58462,146,141,5,5
58463,171,153,18,18
58464,52,51,1,1
58465,81,68,13,13
58466,102,89,13,13
58467,137,135,2,2
58468,43,41,2,2
58469,93,86,7,7
58470,62,57,5,5
58471,110,92,18,18
58472,78,68,10,10
58473,112,106,6,6
58474,64,65,-1,1
58475,52,47,5,5
58476,51,61,-10,10
58477,71,69,2,2
58478,62,59,3,3
58479,54,46,8,8
58480,81,65,16,16
58481,156,121,35,35
58482,76,70,6,6
58483,74,61,13,13
58484,63,62,1,1
58485,59,49,10,10
58486,45,42,3,3
58487,127,97,30,30
58488,110,90,20,20
58489,68,60,8,8
58490,89,81,8,8
58491,64,58,6,6
58492,116,108,8,8
58493,68,68,0,0
58494,211,188,23,23
58495,93,77,16,16
58496,79,71,8,8
58497,84,76,8,8
58498,73,65,8,8
58499,82,69,13,13
58500,80,88,-8,8
58501,75,68,7,7
58502,83,78,5,5
58503,123,106,17,17
58504,52,52,0,0
58505,133,112,21,21
58506,90,80,10,10
58507,70,60,10,10
58508,74,72,2,2
58509,84,77,7,7
58510,90,83,7,7
58511,92,85,7,7
58512,55,58,-3,3
58513,62,59,3,3
58514,120,103,17,17
58515,84,78,6,6
58516,83,70,13,13
58517,95,104,-9,9
58518,79,67,12,12
58519,89,83,6,6
58520,149,127,22,22
58521,81,102,-21,21
58522,91,84,7,7
58523,87,69,18,18
58524,76,69,7,7
58525,45,46,-1,1
58526,226,193,33,33
58527,125,110,15,15
58528,148,144,4,4
58529,60,59,1,1
58530,134,119,15,15
58531,165,142,23,23
58532,129,110,19,19
58533,65,57,8,8
58534,89,77,12,12
58535,95,87,8,8
58536,83,74,9,9
58537,79,67,12,12
58538,111,90,21,21
58539,83,71,12,12
58540,121,105,16,16
58541,97,89,8,8
58542,114,102,12,12
58543,55,48,7,7
58544,118,99,19,19
58545,95,79,16,16
58546,80,71,9,9
58547,112,101,11,11
58548,127,105,22,22
58549,140,118,22,22
58550,100,150,-50,50
58551,50,49,1,1
58552,130,112,18,18
58553,77,71,6,6
58554,86,86,0,0
58555,117,91,26,26
58556,163,138,25,25
58557,78,75,3,3
58558,118,99,19,19
58559,110,103,7,7
58560,93,77,16,16
58561,76,82,-6,6
58562,71,57,14,14
58563,85,77,8,8
58564,39,40,-1,1
58565,77,75,2,2
58566,57,53,4,4
58567,68,64,4,4
58568,74,65,9,9
58569,80,69,11,11
58570,86,80,6,6
58571,55,51,4,4
58572,129,95,34,34
58573,181,162,19,19
58574,71,64,7,7
58575,106,118,-12,12
58576,43,46,-3,3
58577,157,138,19,19
58578,68,62,6,6
58579,134,113,21,21
58580,137,132,5,5
58581,71,65,6,6
58582,48,44,4,4
58583,45,47,-2,2
58584,75,69,6,6
58585,67,73,-6,6
58586,108,90,18,18
58587,81,71,10,10
58588,94,85,9,9
58589,229,200,29,29
58590,58,55,3,3
58591,75,75,0,0
58592,97,101,-4,4
58593,142,123,19,19
58594,196,144,52,52
58595,78,71,7,7
58596,101,101,0,0
58597,100,90,10,10
58598,82,66,16,16
58599,100,91,9,9
58600,81,77,4,4
58601,81,79,2,2
58602,106,107,-1,1
58603,74,61,13,13
58604,77,79,-2,2
58605,124,109,15,15
58606,35,38,-3,3
58607,76,72,4,4
58608,106,92,14,14
58609,83,79,4,4
58610,82,75,7,7
58611,77,68,9,9
58612,113,101,12,12
58613,86,73,13,13
58614,115,100,15,15
58615,98,85,13,13
58616,69,71,-2,2
58617,90,84,6,6
58618,99,84,15,15
58619,59,62,-3,3
58620,109,90,19,19
58621,72,69,3,3
58622,130,111,19,19
58623,118,109,9,9
58624,113,99,14,14
58625,98,86,12,12
58626,102,84,18,18
58627,142,113,29,29
58628,95,90,5,5
58629,89,81,8,8
58630,45,53,-8,8
58631,35,34,1,1
58632,54,53,1,1
58633,102,79,23,23
58634,27,28,-1,1
58635,66,59,7,7
58636,35,43,-8,8
58637,115,95,20,20
58638,148,132,16,16
58639,98,82,16,16
58640,115,105,10,10
58641,79,80,-1,1
58642,84,77,7,7
58643,147,127,20,20
58644,79,67,12,12
58645,62,56,6,6
58646,95,77,18,18
58647,71,65,6,6
58648,66,62,4,4
58649,84,77,7,7
58650,142,119,23,23
58651,142,116,26,26
58652,91,83,8,8
58653,102,89,13,13
58654,105,122,-17,17
58655,66,57,9,9
58656,83,81,2,2
58657,63,58,5,5
58658,66,64,2,2
58659,109,110,-1,1
58660,71,67,4,4
58661,92,84,8,8
58662,139,130,9,9
58663,117,108,9,9
58664,120,108,12,12
58665,94,98,-4,4
58666,99,88,11,11
58667,58,53,5,5
58668,129,118,11,11
58669,66,69,-3,3
58670,126,102,24,24
58671,111,106,5,5
58672,54,50,4,4
58673,153,112,41,41
58674,82,74,8,8
58675,56,54,2,2
58676,59,54,5,5
58677,146,124,22,22
58678,64,61,3,3
58679,56,51,5,5
58680,60,57,3,3
58681,21,51,-30,30
58682,132,122,10,10
58683,85,78,7,7
58684,113,96,17,17
58685,81,70,11,11
58686,110,97,13,13
58687,98,85,13,13
58688,86,79,7,7
58689,102,89,13,13
58690,129,131,-2,2
58691,89,75,14,14
58692,121,109,12,12
58693,104,91,13,13
58694,63,67,-4,4
58695,138,115,23,23
58696,119,121,-2,2
58697,92,81,11,11
58698,113,97,16,16
58699,97,88,9,9
58700,162,139,23,23
58701,41,43,-2,2
58702,112,99,13,13
58703,124,106,18,18
58704,76,69,7,7
58705,116,105,11,11
58706,86,74,12,12
58707,69,59,10,10
58708,99,94,5,5
58709,65,61,4,4
58710,70,72,-2,2
58711,111,86,25,25
58712,79,67,12,12
58713,92,87,5,5
58714,92,74,18,18
58715,126,111,15,15
58716,109,99,10,10
58717,65,65,0,0
58718,79,70,9,9
58719,160,139,21,21
58720,75,71,4,4
58721,95,82,13,13
58722,97,85,12,12
58723,102,87,15,15
58724,75,66,9,9
58725,119,108,11,11
58726,31,33,-2,2
58727,137,112,25,25
58728,99,100,-1,1
58729,135,114,21,21
58730,143,128,15,15
58731,128,110,18,18
58732,135,119,16,16
58733,56,46,10,10
58734,79,68,11,11
58735,157,123,34,34
58736,103,110,-7,7
58737,147,126,21,21
58738,78,70,8,8
58739,124,105,19,19
58740,57,62,-5,5
58741,63,72,-9,9
58742,79,68,11,11
58743,87,83,4,4
58744,105,87,18,18
58745,119,98,21,21
58746,41,39,2,2
58747,62,62,0,0
58748,148,134,14,14
58749,113,100,13,13
58750,236,190,46,46
58751,49,50,-1,1
58752,78,76,2,2
58753,105,96,9,9
58754,136,115,21,21
58755,93,86,7,7
58756,55,55,0,0
58757,87,83,4,4
58758,67,67,0,0
58759,113,93,20,20
58760,52,50,2,2
58761,102,118,-16,16
58762,149,123,26,26
58763,65,68,-3,3
58764,106,88,18,18
58765,88,76,12,12
58766,175,143,32,32
58767,116,107,9,9
58768,128,111,17,17
58769,86,78,8,8
58770,154,116,38,38
58771,93,83,10,10
58772,65,84,-19,19
58773,119,107,12,12
58774,81,69,12,12
58775,93,91,2,2
58776,77,73,4,4
58777,144,105,39,39
58778,105,96,9,9
58779,111,86,25,25
58780,143,118,25,25
58781,96,80,16,16
58782,86,87,-1,1
58783,78,70,8,8
58784,136,115,21,21
58785,82,73,9,9
58786,91,79,12,12
58787,83,78,5,5
58788,106,99,7,7
58789,94,88,6,6
58790,99,92,7,7
58791,78,67,11,11
58792,154,126,28,28
58793,77,62,15,15
58794,184,152,32,32
58795,192,160,32,32
58796,77,68,9,9
58797,105,100,5,5
58798,62,63,-1,1
58799,103,91,12,12
58800,59,56,3,3
58801,77,63,14,14
58802,155,138,17,17
58803,90,77,13,13
58804,98,115,-17,17
58805,93,81,12,12
58806,132,118,14,14
58807,115,103,12,12
58808,67,58,9,9
58809,198,172,26,26
58810,90,78,12,12
58811,114,100,14,14
58812,108,96,12,12
58813,77,71,6,6
58814,114,109,5,5
58815,126,120,6,6
58816,86,75,11,11
58817,67,61,6,6
58818,108,95,13,13
58819,92,83,9,9
58820,123,109,14,14
58821,96,91,5,5
58822,64,59,5,5
58823,166,144,22,22
58824,218,192,26,26
58825,89,84,5,5
58826,76,71,5,5
58827,69,62,7,7
58828,122,109,13,13
58829,115,104,11,11
58830,87,96,-9,9
58831,119,103,16,16
58832,95,81,14,14
58833,82,75,7,7
58834,57,54,3,3
58835,100,94,6,6
58836,86,72,14,14
58837,101,83,18,18
58838,65,51,14,14
58839,106,94,12,12
58840,75,68,7,7
58841,142,115,27,27
58842,81,69,12,12
58843,77,72,5,5
58844,59,51,8,8
58845,130,104,26,26
58846,100,81,19,19
58847,92,87,5,5
58848,55,51,4,4
58849,101,116,-15,15
58850,66,63,3,3
58851,108,87,21,21
58852,83,75,8,8
58853,69,60,9,9
58854,140,113,27,27
58855,87,75,12,12
58856,96,85,11,11
58857,167,126,41,41
58858,72,62,10,10
58859,88,80,8,8
58860,124,102,22,22
58861,91,87,4,4
58862,51,46,5,5
58863,87,65,22,22
58864,92,86,6,6
58865,58,55,3,3
58866,45,43,2,2
58867,95,78,17,17
58868,134,110,24,24
58869,91,79,12,12
58870,121,102,19,19
58871,51,44,7,7
58872,58,55,3,3
58873,48,50,-2,2
58874,75,72,3,3
58875,46,50,-4,4
58876,56,55,1,1
58877,87,75,12,12
58878,47,59,-12,12
58879,88,82,6,6
58880,112,96,16,16
58881,56,55,1,1
58882,104,95,9,9
58883,61,52,9,9
58884,96,86,10,10
58885,113,92,21,21
58886,66,56,10,10
58887,153,136,17,17
58888,115,107,8,8
58889,100,89,11,11
58890,73,62,11,11
58891,89,71,18,18
58892,101,99,2,2
58893,82,82,0,0
58894,89,88,1,1
58895,94,89,5,5
58896,93,76,17,17
58897,113,101,12,12
58898,129,110,19,19
58899,68,58,10,10
58900,68,56,12,12
58901,94,82,12,12
58902,157,133,24,24
58903,99,82,17,17
58904,54,58,-4,4
58905,123,104,19,19
58906,94,73,21,21
58907,183,160,23,23
58908,74,60,14,14
58909,59,53,6,6
58910,173,140,33,33
58911,122,103,19,19
58912,75,65,10,10
58913,77,73,4,4
58914,63,59,4,4
58915,90,87,3,3
58916,56,59,-3,3
58917,82,74,8,8
58918,86,91,-5,5
58919,149,132,17,17
58920,108,94,14,14
58921,73,66,7,7
58922,67,63,4,4
58923,93,84,9,9
58924,55,52,3,3
58925,108,101,7,7
58926,118,106,12,12
58927,30,35,-5,5
58928,70,51,19,19
58929,94,86,8,8
58930,84,71,13,13
58931,77,65,12,12
58932,64,56,8,8
58933,103,94,9,9
58934,93,105,-12,12
58935,91,77,14,14
58936,65,62,3,3
58937,108,88,20,20
58938,117,94,23,23
58939,45,43,2,2
58940,113,105,8,8
58941,70,61,9,9
58942,75,84,-9,9
58943,79,72,7,7
58944,59,51,8,8
58945,59,53,6,6
58946,42,47,-5,5
58947,96,77,19,19
58948,109,91,18,18
58949,95,93,2,2
58950,126,116,10,10
58951,89,84,5,5
58952,99,90,9,9
58953,145,131,14,14
58954,108,96,12,12
58955,84,73,11,11
58956,82,78,4,4
58957,171,142,29,29
58958,103,86,17,17
58959,118,100,18,18
58960,180,142,38,38
58961,61,57,4,4
58962,163,131,32,32
58963,135,135,0,0
58964,152,126,26,26
58965,109,84,25,25
58966,61,61,0,0
58967,108,100,8,8
58968,181,164,17,17
58969,104,99,5,5
58970,105,91,14,14
58971,68,65,3,3
58972,116,129,-13,13
58973,144,122,22,22
58974,85,73,12,12
58975,141,133,8,8
58976,152,138,14,14
58977,114,104,10,10
58978,143,123,20,20
58979,155,133,22,22
58980,191,155,36,36
58981,102,87,15,15
58982,77,65,12,12
58983,97,90,7,7
58984,85,85,0,0
58985,82,69,13,13
58986,83,67,16,16
58987,64,59,5,5
58988,135,120,15,15
58989,86,74,12,12
58990,59,54,5,5
58991,71,57,14,14
58992,65,50,15,15
58993,134,116,18,18
58994,85,80,5,5
58995,159,133,26,26
58996,145,134,11,11
58997,66,64,2,2
58998,71,68,3,3
58999,154,119,35,35
59000,159,145,14,14
59001,50,51,-1,1
59002,95,89,6,6
59003,81,70,11,11
59004,128,102,26,26
59005,79,71,8,8
59006,93,89,4,4
59007,156,140,16,16
59008,107,87,20,20
59009,48,46,2,2
59010,49,49,0,0
59011,52,107,-55,55
59012,43,49,-6,6
59013,166,138,28,28
59014,59,59,0,0
59015,97,80,17,17
59016,143,134,9,9
59017,107,104,3,3
59018,122,106,16,16
59019,77,69,8,8
59020,77,71,6,6
59021,52,49,3,3
59022,70,66,4,4
59023,93,82,11,11
59024,93,96,-3,3
59025,110,104,6,6
59026,53,54,-1,1
59027,67,59,8,8
59028,185,159,26,26
59029,90,70,20,20
59030,107,91,16,16
59031,148,138,10,10
59032,119,105,14,14
59033,95,95,0,0
59034,112,86,26,26
59035,171,159,12,12
59036,110,89,21,21
59037,76,72,4,4
59038,99,85,14,14
59039,94,91,3,3
59040,107,101,6,6
59041,73,65,8,8
59042,133,105,28,28
59043,70,70,0,0
59044,80,64,16,16
59045,149,126,23,23
59046,78,54,24,24
59047,95,85,10,10
59048,79,78,1,1
59049,42,49,-7,7
59050,73,65,8,8
59051,346,234,112,112
59052,70,40,30,30
59053,75,70,5,5
59054,144,132,12,12
59055,63,57,6,6
59056,80,72,8,8
59057,124,102,22,22
59058,69,61,8,8
59059,99,87,12,12
59060,140,107,33,33
59061,117,100,17,17
59062,58,59,-1,1
59063,84,78,6,6
59064,47,49,-2,2
59065,86,74,12,12
59066,52,51,1,1
59067,77,71,6,6
59068,69,62,7,7
59069,107,91,16,16
59070,118,93,25,25
59071,81,86,-5,5
59072,109,90,19,19
59073,97,94,3,3
59074,85,75,10,10
59075,81,67,14,14
59076,65,52,13,13
59077,101,102,-1,1
59078,90,87,3,3
59079,68,70,-2,2
59080,59,50,9,9
59081,97,88,9,9
59082,104,92,12,12
59083,52,47,5,5
59084,58,57,1,1
59085,64,65,-1,1
59086,92,82,10,10
59087,179,144,35,35
59088,112,93,19,19
59089,100,101,-1,1
59090,60,53,7,7
59091,102,93,9,9
59092,111,95,16,16
59093,100,83,17,17
59094,80,69,11,11
59095,89,76,13,13
59096,124,115,9,9
59097,70,64,6,6
59098,85,85,0,0
59099,79,77,2,2
59100,74,66,8,8
59101,66,60,6,6
59102,75,71,4,4
59103,83,72,11,11
59104,65,64,1,1
59105,119,105,14,14
59106,102,89,13,13
59107,81,77,4,4
59108,77,71,6,6
59109,81,72,9,9
59110,94,88,6,6
59111,103,92,11,11
59112,104,91,13,13
59113,118,95,23,23
59114,90,75,15,15
59115,71,65,6,6
59116,114,96,18,18
59117,120,88,32,32
59118,85,72,13,13
59119,79,73,6,6
59120,49,50,-1,1
59121,74,64,10,10
59122,99,86,13,13
59123,106,107,-1,1
59124,89,82,7,7
59125,21,35,-14,14
59126,114,101,13,13
59127,90,90,0,0
59128,129,108,21,21
59129,64,56,8,8
59130,44,43,1,1
59131,150,119,31,31
59132,136,121,15,15
59133,119,109,10,10
59134,68,68,0,0
59135,87,82,5,5
59136,66,63,3,3
59137,103,91,12,12
59138,117,101,16,16
59139,111,85,26,26
59140,112,80,32,32
59141,101,89,12,12
59142,143,129,14,14
59143,81,75,6,6
59144,180,138,42,42
59145,61,58,3,3
59146,131,111,20,20
59147,70,64,6,6
59148,107,99,8,8
59149,135,111,24,24
59150,92,78,14,14
59151,81,72,9,9
59152,108,94,14,14
59153,90,78,12,12
59154,86,70,16,16
59155,127,104,23,23
59156,47,50,-3,3
59157,130,117,13,13
59158,84,79,5,5
59159,79,72,7,7
59160,91,82,9,9
59161,120,99,21,21
59162,80,71,9,9
59163,59,59,0,0
59164,81,81,0,0
59165,143,128,15,15
59166,117,89,28,28
59167,143,127,16,16
59168,154,114,40,40
59169,57,58,-1,1
59170,69,61,8,8
59171,44,45,-1,1
59172,84,82,2,2
59173,96,82,14,14
59174,80,71,9,9
59175,61,67,-6,6
59176,64,67,-3,3
59177,67,63,4,4
59178,108,93,15,15
59179,87,78,9,9
59180,87,82,5,5
59181,112,88,24,24
59182,147,126,21,21
59183,143,128,15,15
59184,124,106,18,18
59185,160,131,29,29
59186,109,98,11,11
59187,71,61,10,10
59188,138,119,19,19
59189,76,68,8,8
59190,96,81,15,15
59191,94,79,15,15
59192,44,43,1,1
59193,83,78,5,5
59194,49,48,1,1
59195,75,76,-1,1
59196,104,98,6,6
59197,75,67,8,8
59198,93,83,10,10
59199,96,94,2,2
59200,81,80,1,1
59201,80,71,9,9
59202,97,81,16,16
59203,65,64,1,1
59204,46,48,-2,2
59205,79,72,7,7
59206,88,82,6,6
59207,62,66,-4,4
59208,84,67,17,17
59209,70,66,4,4
59210,129,118,11,11
59211,104,76,28,28
59212,116,108,8,8
59213,126,105,21,21
59214,95,89,6,6
59215,66,58,8,8
59216,81,71,10,10
59217,133,104,29,29
59218,95,85,10,10
59219,151,123,28,28
59220,88,81,7,7
59221,110,98,12,12
59222,69,59,10,10
59223,106,85,21,21
59224,64,63,1,1
59225,126,100,26,26
59226,41,43,-2,2
59227,97,86,11,11
59228,46,67,-21,21
59229,52,60,-8,8
59230,66,52,14,14
59231,81,71,10,10
59232,81,74,7,7
59233,85,72,13,13
59234,35,36,-1,1
59235,118,99,19,19
59236,94,85,9,9
59237,92,74,18,18
59238,55,56,-1,1
59239,99,82,17,17
59240,68,64,4,4
59241,56,52,4,4
59242,97,93,4,4
59243,110,104,6,6
59244,152,129,23,23
59245,40,45,-5,5
59246,52,55,-3,3
59247,169,154,15,15
59248,160,129,31,31
59249,78,68,10,10
59250,77,80,-3,3
59251,40,40,0,0
59252,93,105,-12,12
59253,115,97,18,18
59254,108,100,8,8
59255,69,67,2,2
59256,126,134,-8,8
59257,133,128,5,5
59258,116,101,15,15
59259,76,87,-11,11
59260,42,44,-2,2
59261,74,74,0,0
59262,145,124,21,21
59263,72,61,11,11
59264,103,99,4,4
59265,67,62,5,5
59266,139,110,29,29
59267,93,82,11,11
59268,112,93,19,19
59269,176,144,32,32
59270,70,63,7,7
59271,158,119,39,39
59272,71,63,8,8
59273,47,40,7,7
59274,93,78,15,15
59275,57,60,-3,3
59276,75,63,12,12
59277,62,65,-3,3
59278,104,113,-9,9
59279,143,124,19,19
59280,83,69,14,14
59281,75,65,10,10
59282,92,82,10,10
59283,60,65,-5,5
59284,117,104,13,13
59285,64,61,3,3
59286,61,56,5,5
59287,87,70,17,17
59288,175,160,15,15
59289,58,57,1,1
59290,77,60,17,17
59291,96,72,24,24
59292,120,113,7,7
59293,176,148,28,28
59294,132,117,15,15
59295,67,61,6,6
59296,73,65,8,8
59297,120,128,-8,8
59298,71,68,3,3
59299,63,55,8,8
59300,74,61,13,13
59301,35,53,-18,18
59302,129,106,23,23
59303,132,122,10,10
59304,75,70,5,5
59305,122,104,18,18
59306,89,75,14,14
59307,90,76,14,14
59308,71,68,3,3
59309,92,75,17,17
59310,184,150,34,34
59311,59,77,-18,18
59312,90,81,9,9
59313,100,107,-7,7
59314,83,75,8,8
59315,83,77,6,6
59316,78,73,5,5
59317,106,94,12,12
59318,107,101,6,6
59319,45,46,-1,1
59320,82,77,5,5
59321,85,85,0,0
59322,109,81,28,28
59323,70,66,4,4
59324,70,67,3,3
59325,109,104,5,5
59326,62,56,6,6
59327,63,65,-2,2
59328,67,66,1,1
59329,38,38,0,0
59330,45,42,3,3
59331,111,91,20,20
59332,99,99,0,0
59333,52,53,-1,1
59334,93,82,11,11
59335,103,106,-3,3
59336,86,77,9,9
59337,69,60,9,9
59338,52,72,-20,20
59339,215,160,55,55
59340,90,79,11,11
59341,54,49,5,5
59342,110,95,15,15
59343,97,76,21,21
59344,150,112,38,38
59345,142,116,26,26
59346,57,65,-8,8
59347,116,98,18,18
59348,177,145,32,32
59349,109,95,14,14
59350,78,71,7,7
59351,79,73,6,6
59352,51,49,2,2
59353,80,73,7,7
59354,99,98,1,1
59355,49,46,3,3
59356,153,137,16,16
59357,174,150,24,24
59358,100,88,12,12
59359,147,118,29,29
59360,75,79,-4,4
59361,138,115,23,23
59362,78,68,10,10
59363,77,73,4,4
59364,93,76,17,17
59365,148,121,27,27
59366,176,140,36,36
59367,74,67,7,7
59368,178,165,13,13
59369,107,103,4,4
59370,103,87,16,16
59371,125,110,15,15
59372,119,99,20,20
59373,98,90,8,8
59374,69,58,11,11
59375,72,63,9,9
59376,81,89,-8,8
59377,54,55,-1,1
59378,110,101,9,9
59379,84,76,8,8
59380,148,127,21,21
59381,61,51,10,10
59382,94,91,3,3
59383,79,83,-4,4
59384,77,67,10,10
59385,83,74,9,9
59386,102,80,22,22
59387,99,86,13,13
59388,104,88,16,16
59389,128,121,7,7
59390,73,70,3,3
59391,85,76,9,9
59392,123,122,1,1
59393,87,82,5,5
59394,135,116,19,19
59395,71,62,9,9
59396,81,86,-5,5
59397,64,56,8,8
59398,71,62,9,9
59399,105,90,15,15
59400,59,50,9,9
59401,140,118,22,22
59402,161,137,24,24
59403,100,79,21,21
59404,89,81,8,8
59405,64,63,1,1
59406,154,134,20,20
59407,167,121,46,46
59408,178,146,32,32
59409,88,71,17,17
59410,79,89,-10,10
59411,72,72,0,0
59412,85,74,11,11
59413,92,82,10,10
59414,71,74,-3,3
59415,60,57,3,3
59416,66,56,10,10
59417,95,77,18,18
59418,82,71,11,11
59419,82,79,3,3
59420,91,74,17,17
59421,121,95,26,26
59422,78,71,7,7
59423,148,122,26,26
59424,95,85,10,10
59425,138,125,13,13
59426,61,61,0,0
59427,66,62,4,4
59428,83,74,9,9
59429,61,61,0,0
59430,60,56,4,4
59431,56,55,1,1
59432,127,108,19,19
59433,62,55,7,7
59434,133,116,17,17
59435,79,66,13,13
59436,123,93,30,30
59437,53,47,6,6
59438,79,70,9,9
59439,126,99,27,27
59440,117,120,-3,3
59441,136,117,19,19
59442,81,95,-14,14
59443,105,116,-11,11
59444,118,108,10,10
59445,66,61,5,5
59446,59,55,4,4
59447,129,112,17,17
59448,93,90,3,3
59449,87,81,6,6
59450,45,45,0,0
59451,64,57,7,7
59452,121,114,7,7
59453,168,136,32,32
59454,81,67,14,14
59455,99,84,15,15
59456,117,90,27,27
59457,95,77,18,18
59458,66,66,0,0
59459,122,100,22,22
59460,112,109,3,3
59461,71,73,-2,2
59462,172,156,16,16
59463,108,88,20,20
59464,85,75,10,10
59465,130,112,18,18
59466,64,58,6,6
59467,74,72,2,2
59468,63,62,1,1
59469,145,124,21,21
59470,95,88,7,7
59471,138,129,9,9
59472,105,95,10,10
59473,51,50,1,1
59474,109,106,3,3
59475,91,98,-7,7
59476,70,58,12,12
59477,129,114,15,15
59478,106,79,27,27
59479,82,69,13,13
59480,54,50,4,4
59481,151,144,7,7
59482,120,102,18,18
59483,151,129,22,22
59484,96,92,4,4
59485,62,61,1,1
59486,165,136,29,29
59487,138,113,25,25
59488,128,115,13,13
59489,80,63,17,17
59490,94,85,9,9
59491,86,81,5,5
59492,130,115,15,15
59493,154,126,28,28
59494,81,72,9,9
59495,152,127,25,25
59496,52,61,-9,9
59497,65,60,5,5
59498,109,82,27,27
59499,72,63,9,9
59500,103,86,17,17
59501,112,89,23,23
59502,65,66,-1,1
59503,77,76,1,1
59504,189,169,20,20
59505,178,150,28,28
59506,48,43,5,5
59507,145,125,20,20
59508,47,61,-14,14
59509,146,126,20,20
59510,118,107,11,11
59511,78,73,5,5
59512,93,97,-4,4
59513,72,63,9,9
59514,86,79,7,7
59515,118,98,20,20
59516,87,80,7,7
59517,42,45,-3,3
59518,87,86,1,1
59519,87,80,7,7
59520,159,134,25,25
59521,96,87,9,9
59522,50,49,1,1
59523,76,82,-6,6
59524,111,106,5,5
59525,140,120,20,20
59526,133,109,24,24
59527,89,87,2,2
59528,94,87,7,7
59529,60,51,9,9
59530,67,66,1,1
59531,166,130,36,36
59532,74,70,4,4
59533,88,81,7,7
59534,113,96,17,17
59535,114,99,15,15
59536,98,80,18,18
59537,52,58,-6,6
59538,109,96,13,13
59539,51,50,1,1
59540,92,79,13,13
59541,79,74,5,5
59542,65,63,2,2
59543,80,76,4,4
59544,130,107,23,23
59545,90,85,5,5
59546,108,84,24,24
59547,84,81,3,3
59548,160,140,20,20
59549,53,50,3,3
59550,62,61,1,1
59551,65,69,-4,4
59552,65,59,6,6
59553,61,58,3,3
59554,35,39,-4,4
59555,113,97,16,16
59556,69,67,2,2
59557,56,51,5,5
59558,103,100,3,3
59559,76,68,8,8
59560,106,102,4,4
59561,157,135,22,22
59562,150,130,20,20
59563,79,70,9,9
59564,94,84,10,10
59565,59,61,-2,2
59566,135,137,-2,2
59567,91,88,3,3
59568,129,112,17,17
59569,80,75,5,5
59570,58,49,9,9
59571,96,75,21,21
59572,160,142,18,18
59573,80,66,14,14
59574,55,53,2,2
59575,101,87,14,14
59576,85,77,8,8
59577,68,63,5,5
59578,95,99,-4,4
59579,110,95,15,15
59580,75,70,5,5
59581,73,69,4,4
59582,90,78,12,12
59583,78,74,4,4
59584,148,125,23,23
59585,94,82,12,12
59586,64,59,5,5
59587,186,149,37,37
59588,40,43,-3,3
59589,74,69,5,5
59590,140,115,25,25
59591,103,89,14,14
59592,179,132,47,47
59593,209,151,58,58
59594,114,107,7,7
59595,44,51,-7,7
59596,84,71,13,13
59597,55,52,3,3
59598,150,129,21,21
59599,64,56,8,8
59600,61,60,1,1
59601,89,80,9,9
59602,129,106,23,23
59603,61,58,3,3
59604,125,98,27,27
59605,129,111,18,18
59606,94,85,9,9
59607,86,72,14,14
59608,124,114,10,10
59609,45,48,-3,3
59610,131,104,27,27
59611,89,78,11,11
59612,140,130,10,10
59613,85,79,6,6
59614,178,155,23,23
59615,120,104,16,16
59616,135,110,25,25
59617,72,61,11,11
59618,45,43,2,2
59619,63,57,6,6
59620,62,63,-1,1
59621,87,80,7,7
59622,165,152,13,13
59623,107,112,-5,5
59624,69,72,-3,3
59625,94,83,11,11
59626,58,54,4,4
59627,105,91,14,14
59628,115,102,13,13
59629,92,78,14,14
59630,80,70,10,10
59631,154,143,11,11
59632,61,49,12,12
59633,115,104,11,11
59634,52,47,5,5
59635,69,66,3,3
59636,58,57,1,1
59637,92,87,5,5
59638,56,54,2,2
59639,94,96,-2,2
59640,70,68,2,2
59641,126,92,34,34
59642,77,73,4,4
59643,77,66,11,11
59644,160,141,19,19
59645,69,64,5,5
59646,73,68,5,5
59647,72,67,5,5
59648,72,63,9,9
59649,124,106,18,18
59650,78,68,10,10
59651,81,70,11,11
59652,156,132,24,24
59653,67,61,6,6
59654,118,104,14,14
59655,79,65,14,14
59656,81,68,13,13
59657,87,72,15,15
59658,57,66,-9,9
59659,70,170,-100,100
59660,147,98,49,49
59661,141,119,22,22
59662,42,50,-8,8
59663,89,85,4,4
59664,94,86,8,8
59665,103,93,10,10
59666,100,90,10,10
59667,56,53,3,3
59668,85,85,0,0
59669,77,67,10,10
59670,89,77,12,12
59671,125,127,-2,2
59672,41,43,-2,2
59673,135,106,29,29
59674,70,71,-1,1
59675,51,45,6,6
59676,86,85,1,1
59677,100,90,10,10
59678,103,93,10,10
59679,62,58,4,4
59680,153,122,31,31
59681,173,146,27,27
59682,137,126,11,11
59683,107,87,20,20
59684,161,129,32,32
59685,139,128,11,11
59686,62,51,11,11
59687,71,58,13,13
59688,104,113,-9,9
59689,115,97,18,18
59690,144,127,17,17
59691,76,70,6,6
59692,168,141,27,27
59693,76,65,11,11
59694,78,72,6,6
59695,94,108,-14,14
59696,92,81,11,11
59697,96,81,15,15
59698,131,108,23,23
59699,93,86,7,7
59700,93,75,18,18
59701,60,59,1,1
59702,78,64,14,14
59703,72,72,0,0
59704,141,107,34,34
59705,116,98,18,18
59706,83,82,1,1
59707,78,75,3,3
59708,79,70,9,9
59709,113,103,10,10
59710,46,48,-2,2
59711,93,89,4,4
59712,99,80,19,19
59713,103,101,2,2
59714,98,80,18,18
59715,113,96,17,17
59716,121,121,0,0
59717,58,56,2,2
59718,92,79,13,13
59719,89,87,2,2
59720,99,90,9,9
59721,89,81,8,8
59722,79,76,3,3
59723,138,114,24,24
59724,79,71,8,8
59725,73,69,4,4
59726,88,77,11,11
59727,73,77,-4,4
59728,95,86,9,9
59729,104,97,7,7
59730,77,65,12,12
59731,54,53,1,1
59732,128,111,17,17
59733,88,83,5,5
59734,89,77,12,12
59735,100,95,5,5
59736,132,121,11,11
59737,73,71,2,2
59738,69,65,4,4
59739,88,72,16,16
59740,127,111,16,16
59741,135,122,13,13
59742,71,66,5,5
59743,133,115,18,18
59744,98,87,11,11
59745,96,74,22,22
59746,121,102,19,19
59747,110,91,19,19
59748,63,62,1,1
59749,149,129,20,20
59750,75,80,-5,5
59751,61,65,-4,4
59752,203,159,44,44
59753,106,95,11,11
59754,90,80,10,10
59755,111,86,25,25
59756,98,80,18,18
59757,70,78,-8,8
59758,77,65,12,12
59759,65,66,-1,1
59760,110,99,11,11
59761,82,84,-2,2
59762,135,116,19,19
59763,133,118,15,15
59764,93,81,12,12
59765,96,93,3,3
59766,83,76,7,7
59767,83,76,7,7
59768,114,92,22,22
59769,169,155,14,14
59770,83,66,17,17
59771,87,80,7,7
59772,80,90,-10,10
59773,64,62,2,2
59774,185,152,33,33
59775,110,89,21,21
59776,109,90,19,19
59777,52,49,3,3
59778,103,90,13,13
59779,34,42,-8,8
59780,69,107,-38,38
59781,154,132,22,22
59782,149,126,23,23
59783,81,71,10,10
59784,81,74,7,7
59785,68,61,7,7
59786,93,75,18,18
59787,57,52,5,5
59788,129,114,15,15
59789,98,92,6,6
59790,117,112,5,5
59791,76,76,0,0
59792,36,34,2,2
59793,130,108,22,22
59794,81,73,8,8
59795,72,73,-1,1
59796,76,71,5,5
59797,63,62,1,1
59798,97,87,10,10
59799,61,60,1,1
59800,85,76,9,9
59801,110,119,-9,9
59802,85,73,12,12
59803,77,76,1,1
59804,127,105,22,22
59805,49,48,1,1
59806,85,75,10,10
59807,83,83,0,0
59808,132,125,7,7
59809,136,123,13,13
59810,73,62,11,11
59811,71,69,2,2
59812,79,69,10,10
59813,88,86,2,2
59814,70,114,-44,44
59815,75,62,13,13
59816,46,43,3,3
59817,101,84,17,17
59818,128,124,4,4
59819,92,78,14,14
59820,149,115,34,34
59821,122,81,41,41
59822,79,89,-10,10
59823,48,61,-13,13
59824,101,92,9,9
59825,94,81,13,13
59826,125,109,16,16
59827,91,92,-1,1
59828,78,67,11,11
59829,121,105,16,16
59830,166,132,34,34
59831,96,86,10,10
59832,124,127,-3,3
59833,159,132,27,27
59834,66,63,3,3
59835,82,71,11,11
59836,75,69,6,6
59837,59,50,9,9
59838,85,77,8,8
59839,99,80,19,19
59840,148,120,28,28
59841,109,88,21,21
59842,81,76,5,5
59843,99,82,17,17
59844,47,45,2,2
59845,78,71,7,7
59846,85,74,11,11
59847,76,77,-1,1
59848,54,47,7,7
59849,106,98,8,8
59850,83,71,12,12
59851,66,61,5,5
59852,47,56,-9,9
59853,60,61,-1,1
59854,109,96,13,13
59855,122,105,17,17
59856,92,80,12,12
59857,102,83,19,19
59858,130,127,3,3
59859,104,90,14,14
59860,106,83,23,23
59861,74,69,5,5
59862,149,130,19,19
59863,46,54,-8,8
59864,55,50,5,5
59865,81,70,11,11
59866,86,82,4,4
59867,159,130,29,29
59868,49,47,2,2
59869,76,73,3,3
59870,109,98,11,11
59871,88,69,19,19
59872,66,70,-4,4
59873,95,85,10,10
59874,123,102,21,21
59875,49,52,-3,3
59876,60,52,8,8
59877,140,122,18,18
59878,72,62,10,10
59879,103,96,7,7
59880,88,87,1,1
59881,94,84,10,10
59882,97,84,13,13
59883,112,98,14,14
59884,37,46,-9,9
59885,70,66,4,4
59886,217,181,36,36
59887,159,128,31,31
59888,86,77,9,9
59889,116,106,10,10
59890,76,63,13,13
59891,159,127,32,32
59892,102,90,12,12
59893,72,67,5,5
59894,102,93,9,9
59895,94,76,18,18
59896,56,49,7,7
59897,136,123,13,13
59898,78,69,9,9
59899,75,72,3,3
59900,138,120,18,18
59901,79,68,11,11
59902,89,84,5,5
59903,63,65,-2,2
59904,59,51,8,8
59905,127,115,12,12
59906,100,81,19,19
59907,60,58,2,2
59908,100,87,13,13
59909,108,85,23,23
59910,152,127,25,25
59911,118,106,12,12
59912,81,74,7,7
59913,49,48,1,1
59914,90,75,15,15
59915,97,84,13,13
59916,90,81,9,9
59917,138,115,23,23
59918,116,117,-1,1
59919,86,79,7,7
59920,106,85,21,21
59921,155,129,26,26
59922,100,87,13,13
59923,66,66,0,0
59924,84,73,11,11
59925,103,91,12,12
59926,56,59,-3,3
59927,100,83,17,17
59928,93,82,11,11
59929,135,121,14,14
59930,32,36,-4,4
59931,93,95,-2,2
59932,107,118,-11,11
59933,62,61,1,1
59934,59,58,1,1
59935,91,84,7,7
59936,75,71,4,4
59937,73,66,7,7
59938,96,92,4,4
59939,115,103,12,12
59940,63,63,0,0
59941,85,87,-2,2
59942,72,74,-2,2
59943,158,151,7,7
59944,91,74,17,17
59945,69,71,-2,2
59946,89,102,-13,13
59947,74,67,7,7
59948,104,235,-131,131
59949,49,52,-3,3
59950,99,84,15,15
59951,127,109,18,18
59952,73,71,2,2
59953,49,48,1,1
59954,87,79,8,8
59955,157,133,24,24
59956,80,79,1,1
59957,144,111,33,33
59958,83,84,-1,1
59959,131,119,12,12
59960,95,90,5,5
59961,141,125,16,16
59962,89,94,-5,5
59963,59,46,13,13
59964,86,75,11,11
59965,118,101,17,17
59966,78,76,2,2
59967,148,122,26,26
59968,59,49,10,10
59969,104,97,7,7
59970,85,75,10,10
59971,103,98,5,5
59972,236,182,54,54
59973,66,72,-6,6
59974,50,61,-11,11
59975,77,65,12,12
59976,114,87,27,27
59977,85,75,10,10
59978,88,79,9,9
59979,74,64,10,10
59980,71,66,5,5
59981,155,134,21,21
59982,62,63,-1,1
59983,100,82,18,18
59984,82,82,0,0
59985,113,96,17,17
59986,104,93,11,11
59987,104,88,16,16
59988,105,113,-8,8
59989,153,129,24,24
59990,76,65,11,11
59991,85,67,18,18
59992,119,112,7,7
59993,106,87,19,19
59994,73,72,1,1
59995,137,112,25,25
59996,79,67,12,12
59997,186,160,26,26
59998,63,58,5,5
59999,93,79,14,14
60000,126,124,2,2
60001,70,62,8,8
60002,128,106,22,22
60003,61,57,4,4
60004,83,69,14,14
60005,108,88,20,20
60006,87,85,2,2
60007,97,90,7,7
60008,62,60,2,2
60009,129,113,16,16
60010,124,104,20,20
60011,63,60,3,3
60012,138,117,21,21
60013,53,48,5,5
60014,76,65,11,11
60015,138,129,9,9
60016,123,117,6,6
60017,57,49,8,8
60018,83,72,11,11
60019,96,91,5,5
60020,119,117,2,2
60021,72,61,11,11
60022,78,70,8,8
60023,106,85,21,21
60024,83,68,15,15
60025,71,58,13,13
60026,205,158,47,47
60027,59,59,0,0
60028,57,49,8,8
60029,90,80,10,10
60030,34,53,-19,19
60031,215,158,57,57
60032,85,80,5,5
60033,158,141,17,17
60034,136,112,24,24
60035,55,45,10,10
60036,119,104,15,15
60037,109,128,-19,19
60038,57,54,3,3
60039,92,76,16,16
60040,99,88,11,11
60041,95,84,11,11
60042,74,60,14,14
60043,84,74,10,10
60044,107,92,15,15
60045,78,68,10,10
60046,64,62,2,2
60047,66,69,-3,3
60048,88,78,10,10
60049,135,106,29,29
60050,139,116,23,23
60051,126,134,-8,8
60052,82,73,9,9
60053,70,59,11,11
60054,81,77,4,4
60055,60,57,3,3
60056,56,50,6,6
60057,131,113,18,18
60058,59,58,1,1
60059,83,68,15,15
60060,145,126,19,19
60061,86,78,8,8
60062,102,92,10,10
60063,77,70,7,7
60064,136,109,27,27
60065,68,62,6,6
60066,81,68,13,13
60067,82,70,12,12
60068,85,74,11,11
60069,121,107,14,14
60070,69,62,7,7
60071,56,58,-2,2
60072,170,139,31,31
60073,123,114,9,9
60074,71,62,9,9
60075,77,72,5,5
60076,140,115,25,25
60077,141,115,26,26
60078,98,86,12,12
60079,93,76,17,17
60080,69,73,-4,4
60081,104,91,13,13
60082,53,58,-5,5
60083,75,70,5,5
60084,120,106,14,14
60085,86,88,-2,2
60086,98,85,13,13
60087,84,80,4,4
60088,88,100,-12,12
60089,113,101,12,12
60090,74,68,6,6
60091,91,78,13,13
60092,149,123,26,26
60093,82,72,10,10
60094,84,71,13,13
60095,195,167,28,28
60096,117,110,7,7
60097,120,107,13,13
60098,180,150,30,30
60099,80,80,0,0
60100,122,104,18,18
60101,135,114,21,21
60102,159,145,14,14
60103,107,97,10,10
60104,76,71,5,5
60105,85,76,9,9
60106,87,75,12,12
60107,88,74,14,14
60108,41,42,-1,1
60109,78,67,11,11
60110,61,56,5,5
60111,87,75,12,12
60112,129,107,22,22
60113,84,75,9,9
60114,142,111,31,31
60115,126,113,13,13
60116,89,76,13,13
60117,74,60,14,14
60118,51,54,-3,3
60119,141,112,29,29
60120,83,71,12,12
60121,120,139,-19,19
60122,144,126,18,18
60123,67,66,1,1
60124,82,76,6,6
60125,67,66,1,1
60126,85,76,9,9
60127,62,46,16,16
60128,106,94,12,12
60129,59,54,5,5
60130,73,62,11,11
60131,145,126,19,19
60132,65,58,7,7
60133,72,64,8,8
60134,118,97,21,21
60135,105,105,0,0
60136,71,65,6,6
60137,96,89,7,7
60138,111,94,17,17
60139,73,81,-8,8
60140,88,74,14,14
60141,210,179,31,31
60142,104,88,16,16
60143,76,62,14,14
60144,43,44,-1,1
60145,110,91,19,19
60146,93,74,19,19
60147,114,100,14,14
60148,190,167,23,23
60149,87,76,11,11
60150,85,66,19,19
60151,95,87,8,8
60152,97,104,-7,7
60153,58,51,7,7
60154,126,120,6,6
60155,145,117,28,28
60156,61,61,0,0
60157,113,87,26,26
60158,42,44,-2,2
60159,108,92,16,16
60160,93,74,19,19
60161,157,136,21,21
60162,75,68,7,7
60163,59,55,4,4
60164,101,81,20,20
60165,83,71,12,12
60166,95,82,13,13
60167,100,88,12,12
60168,69,62,7,7
60169,108,100,8,8
60170,79,63,16,16
60171,105,90,15,15
60172,98,102,-4,4
60173,123,115,8,8
60174,103,91,12,12
60175,158,135,23,23
60176,98,86,12,12
60177,128,109,19,19
60178,54,47,7,7
60179,54,65,-11,11
60180,86,80,6,6
60181,119,108,11,11
60182,67,60,7,7
60183,114,102,12,12
60184,104,91,13,13
60185,81,74,7,7
60186,84,72,12,12
60187,86,77,9,9
60188,93,85,8,8
60189,75,63,12,12
60190,69,65,4,4
60191,96,81,15,15
60192,117,106,11,11
60193,164,135,29,29
60194,121,101,20,20
60195,93,78,15,15
60196,91,78,13,13
60197,144,123,21,21
60198,101,92,9,9
60199,135,115,20,20
60200,102,90,12,12
60201,83,78,5,5
60202,88,73,15,15
60203,101,96,5,5
60204,102,95,7,7
60205,102,97,5,5
60206,105,87,18,18
60207,99,94,5,5
60208,151,129,22,22
60209,67,67,0,0
60210,164,119,45,45
60211,85,78,7,7
60212,89,84,5,5
60213,59,54,5,5
60214,94,75,19,19
60215,123,105,18,18
60216,79,96,-17,17
60217,74,70,4,4
60218,176,147,29,29
60219,59,64,-5,5
60220,100,91,9,9
60221,123,110,13,13
60222,104,96,8,8
60223,145,134,11,11
60224,97,89,8,8
60225,175,148,27,27
60226,63,57,6,6
60227,124,109,15,15
60228,68,63,5,5
60229,139,117,22,22
60230,78,65,13,13
60231,79,64,15,15
60232,48,51,-3,3
60233,141,123,18,18
60234,136,109,27,27
60235,123,116,7,7
60236,85,78,7,7
60237,128,109,19,19
60238,97,85,12,12
60239,63,58,5,5
60240,141,129,12,12
60241,87,77,10,10
60242,93,92,1,1
60243,54,48,6,6
60244,133,105,28,28
60245,50,51,-1,1
60246,71,62,9,9
60247,75,68,7,7
60248,165,145,20,20
60249,64,59,5,5
60250,95,78,17,17
60251,65,54,11,11
60252,106,93,13,13
60253,91,70,21,21
60254,70,69,1,1
60255,124,111,13,13
60256,48,51,-3,3
60257,74,65,9,9
60258,64,56,8,8
60259,104,90,14,14
60260,82,75,7,7
60261,82,75,7,7
60262,147,132,15,15
60263,123,93,30,30
60264,81,75,6,6
60265,146,135,11,11
60266,88,75,13,13
60267,78,76,2,2
60268,118,109,9,9
60269,160,137,23,23
60270,176,143,33,33
60271,133,100,33,33
60272,122,108,14,14
60273,74,72,2,2
60274,75,72,3,3
60275,116,104,12,12
60276,116,102,14,14
60277,126,106,20,20
60278,53,50,3,3
60279,58,74,-16,16
60280,169,148,21,21
60281,100,102,-2,2
60282,56,59,-3,3
60283,63,64,-1,1
60284,58,55,3,3
60285,56,63,-7,7
60286,131,127,4,4
60287,74,63,11,11
60288,143,120,23,23
60289,127,124,3,3
60290,98,87,11,11
60291,60,50,10,10
60292,65,69,-4,4
60293,76,62,14,14
60294,72,67,5,5
60295,83,74,9,9
60296,41,44,-3,3
60297,91,77,14,14
60298,125,116,9,9
60299,119,114,5,5
60300,92,75,17,17
60301,100,101,-1,1
60302,125,109,16,16
60303,95,90,5,5
60304,108,94,14,14
60305,118,104,14,14
60306,124,119,5,5
60307,31,34,-3,3
60308,175,153,22,22
60309,122,106,16,16
60310,117,114,3,3
60311,30,44,-14,14
60312,184,150,34,34
60313,93,80,13,13
60314,98,85,13,13
60315,82,74,8,8
60316,91,76,15,15
60317,67,71,-4,4
60318,103,75,28,28
60319,127,120,7,7
60320,64,57,7,7
60321,70,73,-3,3
60322,68,65,3,3
60323,87,90,-3,3
60324,103,88,15,15
60325,91,86,5,5
60326,77,66,11,11
60327,70,59,11,11
60328,90,85,5,5
60329,64,60,4,4
60330,53,52,1,1
60331,87,72,15,15
60332,112,92,20,20
60333,91,80,11,11
60334,132,116,16,16
60335,116,102,14,14
60336,99,93,6,6
60337,80,69,11,11
60338,125,112,13,13
60339,83,69,14,14
60340,123,115,8,8
60341,126,106,20,20
60342,114,104,10,10
60343,139,115,24,24
60344,135,130,5,5
60345,61,55,6,6
60346,70,67,3,3
60347,112,95,17,17
60348,79,68,11,11
60349,58,63,-5,5
60350,131,125,6,6
60351,154,128,26,26
60352,85,78,7,7
60353,116,92,24,24
60354,71,70,1,1
60355,62,68,-6,6
60356,72,68,4,4
60357,137,125,12,12
60358,152,137,15,15
60359,85,73,12,12
60360,63,58,5,5
60361,67,54,13,13
60362,108,104,4,4
60363,120,112,8,8
60364,103,90,13,13
60365,96,93,3,3
60366,108,102,6,6
60367,49,97,-48,48
60368,83,82,1,1
60369,91,77,14,14
60370,112,96,16,16
60371,148,122,26,26
60372,110,107,3,3
60373,90,82,8,8
60374,71,56,15,15
60375,95,95,0,0
60376,78,65,13,13
60377,102,94,8,8
60378,99,83,16,16
60379,71,66,5,5
60380,103,93,10,10
60381,75,72,3,3
60382,128,112,16,16
60383,37,37,0,0
60384,82,68,14,14
60385,82,81,1,1
60386,105,96,9,9
60387,96,82,14,14
60388,57,49,8,8
60389,135,122,13,13
60390,87,80,7,7
60391,75,79,-4,4
60392,75,78,-3,3
60393,127,110,17,17
60394,105,94,11,11
60395,61,55,6,6
60396,66,85,-19,19
60397,140,118,22,22
60398,129,115,14,14
60399,150,122,28,28
60400,109,94,15,15
60401,115,109,6,6
60402,118,104,14,14
60403,58,53,5,5
60404,79,63,16,16
60405,28,35,-7,7
60406,173,135,38,38
60407,89,82,7,7
60408,95,80,15,15
60409,71,69,2,2
60410,87,80,7,7
60411,77,65,12,12
60412,106,94,12,12
60413,88,83,5,5
60414,74,71,3,3
60415,66,70,-4,4
60416,64,73,-9,9
60417,115,108,7,7
60418,59,52,7,7
60419,142,115,27,27
60420,73,62,11,11
60421,138,117,21,21
60422,110,98,12,12
60423,81,81,0,0
60424,143,138,5,5
60425,137,109,28,28
60426,177,145,32,32
60427,100,92,8,8
60428,112,104,8,8
60429,136,116,20,20
60430,48,43,5,5
60431,112,120,-8,8
60432,115,105,10,10
60433,134,122,12,12
60434,97,93,4,4
60435,86,75,11,11
60436,115,98,17,17
60437,80,69,11,11
60438,157,132,25,25
60439,59,53,6,6
60440,118,102,16,16
60441,64,67,-3,3
60442,123,105,18,18
60443,70,71,-1,1
60444,60,59,1,1
60445,76,77,-1,1
60446,161,137,24,24
60447,129,123,6,6
60448,66,59,7,7
60449,104,86,18,18
60450,86,73,13,13
60451,53,52,1,1
60452,76,66,10,10
60453,202,162,40,40
60454,81,69,12,12
60455,136,121,15,15
60456,80,65,15,15
60457,54,56,-2,2
60458,71,60,11,11
60459,37,42,-5,5
60460,92,79,13,13
60461,81,75,6,6
60462,94,107,-13,13
60463,116,98,18,18
60464,89,82,7,7
60465,123,102,21,21
60466,95,82,13,13
60467,114,96,18,18
60468,134,124,10,10
60469,153,131,22,22
60470,82,72,10,10
60471,104,87,17,17
60472,101,97,4,4
60473,73,58,15,15
60474,121,111,10,10
60475,147,116,31,31
60476,70,69,1,1
60477,126,109,17,17
60478,284,219,65,65
60479,124,118,6,6
60480,107,94,13,13
60481,78,70,8,8
60482,116,99,17,17
60483,139,118,21,21
60484,127,111,16,16
60485,61,60,1,1
60486,56,55,1,1
60487,105,89,16,16
60488,68,65,3,3
60489,101,84,17,17
60490,64,59,5,5
60491,70,66,4,4
60492,129,113,16,16
60493,86,74,12,12
60494,71,63,8,8
60495,57,129,-72,72
60496,63,72,-9,9
60497,100,81,19,19
60498,138,128,10,10
60499,143,117,26,26
60500,123,109,14,14
60501,114,107,7,7
60502,69,61,8,8
60503,71,65,6,6
60504,65,50,15,15
60505,94,94,0,0
60506,73,71,2,2
60507,77,73,4,4
60508,68,65,3,3
60509,126,123,3,3
60510,133,108,25,25
60511,111,110,1,1
60512,80,72,8,8
60513,74,73,1,1
60514,91,82,9,9
60515,111,108,3,3
60516,100,90,10,10
60517,191,147,44,44
60518,124,101,23,23
60519,55,53,2,2
60520,113,92,21,21
60521,34,37,-3,3
60522,108,88,20,20
60523,74,62,12,12
60524,163,131,32,32
60525,135,107,28,28
60526,86,91,-5,5
60527,122,106,16,16
60528,135,113,22,22
60529,68,80,-12,12
60530,75,67,8,8
60531,127,120,7,7
60532,65,60,5,5
60533,83,76,7,7
60534,103,84,19,19
60535,79,68,11,11
60536,77,69,8,8
60537,116,106,10,10
60538,123,106,17,17
60539,70,61,9,9
60540,66,68,-2,2
60541,102,97,5,5
60542,108,112,-4,4
60543,64,52,12,12
60544,116,111,5,5
60545,154,140,14,14
60546,78,72,6,6
60547,97,87,10,10
60548,64,61,3,3
60549,109,96,13,13
60550,109,93,16,16
60551,110,106,4,4
60552,124,100,24,24
60553,50,48,2,2
60554,75,62,13,13
60555,112,103,9,9
60556,72,71,1,1
60557,113,100,13,13
60558,70,72,-2,2
60559,112,79,33,33
60560,71,62,9,9
60561,117,104,13,13
60562,88,78,10,10
60563,88,69,19,19
60564,96,76,20,20
60565,114,102,12,12
60566,46,53,-7,7
60567,82,80,2,2
60568,77,69,8,8
60569,68,74,-6,6
60570,79,79,0,0
60571,78,71,7,7
60572,48,47,1,1
60573,55,55,0,0
60574,110,100,10,10
60575,106,91,15,15
60576,88,72,16,16
60577,90,88,2,2
60578,84,80,4,4
60579,78,77,1,1
60580,108,106,2,2
60581,52,61,-9,9
60582,162,125,37,37
60583,46,43,3,3
60584,100,96,4,4
60585,95,83,12,12
60586,138,120,18,18
60587,53,51,2,2
60588,100,83,17,17
60589,93,83,10,10
60590,90,99,-9,9
60591,103,95,8,8
60592,92,75,17,17
60593,52,47,5,5
60594,104,92,12,12
60595,49,48,1,1
60596,82,71,11,11
60597,104,88,16,16
60598,167,145,22,22
60599,58,60,-2,2
60600,79,73,6,6
60601,75,62,13,13
60602,70,68,2,2
60603,78,73,5,5
60604,70,64,6,6
60605,130,117,13,13
60606,90,83,7,7
60607,68,63,5,5
60608,97,92,5,5
60609,83,76,7,7
60610,51,52,-1,1
60611,70,67,3,3
60612,35,55,-20,20
60613,24,34,-10,10
60614,113,91,22,22
60615,133,110,23,23
60616,90,85,5,5
60617,84,74,10,10
60618,86,78,8,8
60619,63,58,5,5
60620,51,47,4,4
60621,153,129,24,24
60622,113,100,13,13
60623,47,47,0,0
60624,111,92,19,19
60625,67,56,11,11
60626,51,58,-7,7
60627,57,60,-3,3
60628,67,53,14,14
60629,149,127,22,22
60630,71,63,8,8
60631,100,99,1,1
60632,94,94,0,0
60633,61,58,3,3
60634,100,82,18,18
60635,147,126,21,21
60636,92,81,11,11
60637,79,74,5,5
60638,95,85,10,10
60639,155,140,15,15
60640,88,74,14,14
60641,149,146,3,3
60642,128,113,15,15
60643,73,54,19,19
60644,124,106,18,18
60645,78,73,5,5
60646,73,66,7,7
60647,104,89,15,15
60648,124,103,21,21
60649,65,65,0,0
60650,98,90,8,8
60651,100,84,16,16
60652,79,66,13,13
60653,216,168,48,48
60654,77,71,6,6
60655,64,68,-4,4
60656,43,43,0,0
60657,124,103,21,21
60658,87,77,10,10
60659,98,86,12,12
60660,91,77,14,14
60661,81,71,10,10
60662,109,107,2,2
60663,61,71,-10,10
60664,86,81,5,5
60665,126,107,19,19
60666,85,71,14,14
60667,94,103,-9,9
60668,68,61,7,7
60669,77,69,8,8
60670,72,64,8,8
60671,107,98,9,9
60672,83,75,8,8
60673,116,105,11,11
60674,59,56,3,3
60675,53,48,5,5
60676,137,119,18,18
60677,128,107,21,21
60678,97,84,13,13
60679,97,88,9,9
60680,75,67,8,8
60681,107,86,21,21
60682,96,80,16,16
60683,139,117,22,22
60684,62,55,7,7
60685,90,77,13,13
60686,104,96,8,8
60687,124,106,18,18
60688,107,95,12,12
60689,124,116,8,8
60690,105,90,15,15
60691,134,123,11,11
60692,122,104,18,18
60693,70,68,2,2
60694,152,135,17,17
60695,95,81,14,14
60696,67,79,-12,12
60697,109,93,16,16
60698,170,182,-12,12
60699,80,72,8,8
60700,88,75,13,13
60701,131,91,40,40
60702,84,72,12,12
60703,97,93,4,4
60704,149,116,33,33
60705,79,76,3,3
60706,93,93,0,0
60707,81,82,-1,1
60708,125,110,15,15
60709,82,75,7,7
60710,79,72,7,7
60711,65,55,10,10
60712,95,86,9,9
60713,111,105,6,6
60714,113,98,15,15
60715,119,110,9,9
60716,68,65,3,3
60717,135,99,36,36
60718,102,81,21,21
60719,96,99,-3,3
60720,107,90,17,17
60721,86,74,12,12
60722,158,120,38,38
60723,141,117,24,24
60724,129,115,14,14
60725,49,43,6,6
60726,149,126,23,23
60727,114,103,11,11
60728,40,41,-1,1
60729,55,53,2,2
60730,85,73,12,12
60731,65,55,10,10
60732,97,95,2,2
60733,148,122,26,26
60734,141,115,26,26
60735,69,61,8,8
60736,80,74,6,6
60737,158,123,35,35
60738,75,73,2,2
60739,88,80,8,8
60740,110,89,21,21
60741,82,75,7,7
60742,58,61,-3,3
60743,76,68,8,8
60744,48,50,-2,2
60745,106,84,22,22
60746,108,98,10,10
60747,191,153,38,38
60748,100,87,13,13
60749,58,54,4,4
60750,117,104,13,13
60751,233,170,63,63
60752,78,74,4,4
60753,83,70,13,13
60754,66,58,8,8
60755,55,50,5,5
60756,77,73,4,4
60757,102,85,17,17
60758,62,55,7,7
60759,71,64,7,7
60760,139,120,19,19
60761,132,118,14,14
60762,94,89,5,5
60763,107,101,6,6
60764,60,63,-3,3
60765,94,96,-2,2
60766,72,58,14,14
60767,86,75,11,11
60768,75,72,3,3
60769,87,78,9,9
60770,148,120,28,28
60771,120,99,21,21
60772,68,64,4,4
60773,81,68,13,13
60774,222,186,36,36
60775,68,59,9,9
60776,103,99,4,4
60777,133,103,30,30
60778,135,98,37,37
60779,97,83,14,14
60780,56,54,2,2
60781,73,64,9,9
60782,110,101,9,9
60783,116,104,12,12
60784,46,38,8,8
60785,119,101,18,18
60786,42,43,-1,1
60787,71,76,-5,5
60788,80,62,18,18
60789,87,79,8,8
60790,73,68,5,5
60791,99,86,13,13
60792,36,41,-5,5
60793,70,62,8,8
60794,55,51,4,4
60795,104,88,16,16
60796,135,119,16,16
60797,103,86,17,17
60798,83,76,7,7
60799,87,70,17,17
60800,78,66,12,12
60801,68,69,-1,1
60802,70,71,-1,1
60803,112,91,21,21
60804,99,91,8,8
60805,103,93,10,10
60806,87,74,13,13
60807,105,90,15,15
60808,94,83,11,11
60809,185,153,32,32
60810,167,142,25,25
60811,67,67,0,0
60812,98,74,24,24
60813,109,102,7,7
60814,139,124,15,15
60815,88,77,11,11
60816,117,97,20,20
60817,101,99,2,2
60818,124,120,4,4
60819,182,136,46,46
60820,198,149,49,49
60821,115,101,14,14
60822,92,85,7,7
60823,77,64,13,13
60824,104,93,11,11
60825,75,63,12,12
60826,93,75,18,18
60827,173,154,19,19
60828,121,111,10,10
60829,141,105,36,36
60830,66,74,-8,8
60831,72,58,14,14
60832,104,99,5,5
60833,103,89,14,14
60834,81,73,8,8
60835,122,97,25,25
60836,131,110,21,21
60837,58,56,2,2
60838,106,92,14,14
60839,119,97,22,22
60840,57,51,6,6
60841,77,67,10,10
60842,67,56,11,11
60843,85,75,10,10
60844,62,62,0,0
60845,140,118,22,22
60846,72,71,1,1
60847,125,115,10,10
60848,166,140,26,26
60849,133,108,25,25
60850,101,74,27,27
60851,156,134,22,22
60852,68,63,5,5
60853,70,66,4,4
60854,127,110,17,17
60855,89,76,13,13
60856,111,88,23,23
60857,154,121,33,33
60858,91,78,13,13
60859,59,56,3,3
60860,105,94,11,11
60861,108,111,-3,3
60862,87,85,2,2
60863,143,126,17,17
60864,88,77,11,11
60865,83,78,5,5
60866,105,89,16,16
60867,96,90,6,6
60868,95,81,14,14
60869,104,99,5,5
60870,97,104,-7,7
60871,111,100,11,11
60872,93,79,14,14
60873,54,48,6,6
60874,90,86,4,4
60875,52,50,2,2
60876,85,79,6,6
60877,114,101,13,13
60878,152,139,13,13
60879,79,69,10,10
60880,118,109,9,9
60881,85,70,15,15
60882,94,78,16,16
60883,49,49,0,0
60884,56,54,2,2
60885,156,129,27,27
60886,55,47,8,8
60887,116,102,14,14
60888,84,76,8,8
60889,105,90,15,15
60890,122,101,21,21
60891,80,79,1,1
60892,89,77,12,12
60893,117,99,18,18
60894,50,46,4,4
60895,65,64,1,1
60896,115,108,7,7
60897,78,70,8,8
60898,112,100,12,12
60899,84,71,13,13
60900,144,128,16,16
60901,95,80,15,15
60902,125,111,14,14
60903,115,117,-2,2
60904,76,68,8,8
60905,119,104,15,15
60906,133,133,0,0
60907,90,74,16,16
60908,112,98,14,14
60909,76,66,10,10
60910,147,128,19,19
60911,55,51,4,4
60912,131,107,24,24
60913,116,96,20,20
60914,84,73,11,11
60915,72,68,4,4
60916,73,67,6,6
60917,43,47,-4,4
60918,73,66,7,7
60919,82,80,2,2
60920,56,57,-1,1
60921,99,83,16,16
60922,105,96,9,9
60923,79,87,-8,8
60924,138,110,28,28
60925,111,106,5,5
60926,36,41,-5,5
60927,138,118,20,20
60928,89,83,6,6
60929,93,74,19,19
60930,132,118,14,14
60931,108,92,16,16
60932,66,60,6,6
60933,71,68,3,3
60934,65,56,9,9
60935,200,165,35,35
60936,72,98,-26,26
60937,232,203,29,29
60938,75,68,7,7
60939,186,148,38,38
60940,125,107,18,18
60941,95,94,1,1
60942,203,141,62,62
60943,176,142,34,34
60944,129,111,18,18
60945,76,70,6,6
60946,143,122,21,21
60947,49,46,3,3
60948,92,79,13,13
60949,92,84,8,8
60950,75,75,0,0
60951,105,85,20,20
60952,155,117,38,38
60953,95,88,7,7
60954,86,84,2,2
60955,132,110,22,22
60956,46,51,-5,5
60957,69,68,1,1
60958,58,67,-9,9
60959,140,118,22,22
60960,70,57,13,13
60961,89,81,8,8
60962,84,65,19,19
60963,124,107,17,17
60964,71,66,5,5
60965,127,113,14,14
60966,69,63,6,6
60967,111,90,21,21
60968,125,111,14,14
60969,85,80,5,5
60970,76,69,7,7
60971,85,81,4,4
60972,55,53,2,2
60973,92,82,10,10
60974,182,150,32,32
60975,89,76,13,13
60976,102,85,17,17
60977,113,105,8,8
60978,131,122,9,9
60979,133,127,6,6
60980,98,83,15,15
60981,154,123,31,31
60982,99,86,13,13
60983,114,101,13,13
60984,110,91,19,19
60985,125,99,26,26
60986,52,58,-6,6
60987,42,44,-2,2
60988,80,68,12,12
60989,83,75,8,8
60990,143,119,24,24
60991,56,58,-2,2
60992,131,114,17,17
60993,112,112,0,0
60994,110,96,14,14
60995,104,91,13,13
60996,71,66,5,5
60997,36,36,0,0
60998,57,58,-1,1
60999,72,71,1,1
61000,119,94,25,25
61001,194,159,35,35
61002,107,89,18,18
61003,123,109,14,14
61004,87,75,12,12
61005,157,132,25,25
61006,75,69,6,6
61007,94,87,7,7
61008,85,78,7,7
61009,85,80,5,5
61010,44,44,0,0
61011,78,73,5,5
61012,97,73,24,24
61013,34,52,-18,18
61014,38,36,2,2
61015,93,79,14,14
61016,113,96,17,17
61017,130,106,24,24
61018,46,46,0,0
61019,94,90,4,4
61020,144,118,26,26
61021,60,57,3,3
61022,110,99,11,11
61023,78,74,4,4
61024,172,150,22,22
61025,117,114,3,3
61026,60,67,-7,7
61027,114,91,23,23
61028,136,126,10,10
61029,130,120,10,10
61030,140,117,23,23
61031,58,59,-1,1
61032,87,72,15,15
61033,154,125,29,29
61034,84,77,7,7
61035,78,66,12,12
61036,224,227,-3,3
61037,77,65,12,12
61038,114,99,15,15
61039,64,54,10,10
61040,145,122,23,23
61041,62,54,8,8
61042,123,111,12,12
61043,126,109,17,17
61044,59,65,-6,6
61045,59,63,-4,4
61046,65,75,-10,10
61047,81,76,5,5
61048,104,88,16,16
61049,94,87,7,7
61050,131,113,18,18
61051,60,53,7,7
61052,111,90,21,21
61053,159,127,32,32
61054,145,127,18,18
61055,67,58,9,9
61056,114,97,17,17
61057,82,72,10,10
61058,93,85,8,8
61059,53,57,-4,4
61060,83,82,1,1
61061,101,94,7,7
61062,112,112,0,0
61063,71,55,16,16
61064,86,70,16,16
61065,49,90,-41,41
61066,59,55,4,4
61067,125,104,21,21
61068,157,136,21,21
61069,90,83,7,7
61070,160,144,16,16
61071,128,98,30,30
61072,78,74,4,4
61073,153,131,22,22
61074,87,91,-4,4
61075,133,113,20,20
61076,96,89,7,7
61077,88,85,3,3
61078,69,71,-2,2
61079,150,140,10,10
61080,134,110,24,24
61081,122,107,15,15
61082,91,81,10,10
61083,156,127,29,29
61084,76,70,6,6
61085,44,44,0,0
61086,117,109,8,8
61087,110,97,13,13
61088,101,77,24,24
61089,81,70,11,11
61090,52,47,5,5
61091,164,141,23,23
61092,40,41,-1,1
61093,80,77,3,3
61094,129,108,21,21
61095,131,109,22,22
61096,87,82,5,5
61097,79,69,10,10
61098,110,95,15,15
61099,120,100,20,20
61100,100,109,-9,9
61101,113,102,11,11
61102,97,106,-9,9
61103,75,64,11,11
61104,85,86,-1,1
61105,49,49,0,0
61106,103,103,0,0
61107,177,146,31,31
61108,94,87,7,7
61109,130,114,16,16
61110,72,68,4,4
61111,158,137,21,21
61112,47,47,0,0
61113,74,79,-5,5
61114,101,96,5,5
61115,51,59,-8,8
61116,83,74,9,9
61117,142,127,15,15
61118,58,58,0,0
61119,83,77,6,6
61120,45,43,2,2
61121,138,123,15,15
61122,152,126,26,26
61123,101,100,1,1
61124,77,63,14,14
61125,52,69,-17,17
61126,89,75,14,14
61127,149,125,24,24
61128,78,63,15,15
61129,146,130,16,16
61130,122,111,11,11
61131,88,72,16,16
61132,131,117,14,14
61133,67,61,6,6
61134,107,85,22,22
61135,139,125,14,14
61136,164,140,24,24
61137,134,112,22,22
61138,71,62,9,9
61139,87,71,16,16
61140,68,64,4,4
61141,56,97,-41,41
61142,118,108,10,10
61143,101,90,11,11
61144,75,72,3,3
61145,127,125,2,2
61146,85,79,6,6
61147,57,60,-3,3
61148,37,45,-8,8
61149,116,100,16,16
61150,108,91,17,17
61151,137,117,20,20
61152,58,53,5,5
61153,67,80,-13,13
61154,106,93,13,13
61155,132,107,25,25
61156,102,84,18,18
61157,115,105,10,10
61158,85,76,9,9
61159,107,95,12,12
61160,49,48,1,1
61161,139,138,1,1
61162,126,115,11,11
61163,135,126,9,9
61164,69,60,9,9
61165,88,74,14,14
61166,117,99,18,18
61167,77,68,9,9
61168,51,53,-2,2
61169,92,94,-2,2
61170,80,79,1,1
61171,82,76,6,6
61172,157,132,25,25
61173,83,77,6,6
61174,136,113,23,23
61175,147,119,28,28
61176,49,47,2,2
61177,86,77,9,9
61178,125,104,21,21
61179,73,63,10,10
61180,99,102,-3,3
61181,102,95,7,7
61182,101,91,10,10
61183,109,91,18,18
61184,126,108,18,18
61185,142,111,31,31
61186,62,57,5,5
61187,113,101,12,12
61188,149,114,35,35
61189,61,57,4,4
61190,66,66,0,0
61191,122,102,20,20
61192,89,83,6,6
61193,76,71,5,5
61194,74,75,-1,1
61195,61,60,1,1
61196,44,51,-7,7
61197,107,110,-3,3
61198,104,86,18,18
61199,109,97,12,12
61200,140,115,25,25
61201,43,45,-2,2
61202,40,43,-3,3
61203,223,168,55,55
61204,95,81,14,14
61205,47,49,-2,2
61206,71,62,9,9
61207,121,97,24,24
61208,119,106,13,13
61209,135,118,17,17
61210,78,66,12,12
61211,96,76,20,20
61212,71,66,5,5
61213,71,72,-1,1
61214,108,115,-7,7
61215,64,58,6,6
61216,169,160,9,9
61217,80,72,8,8
61218,78,71,7,7
61219,100,86,14,14
61220,90,78,12,12
61221,108,92,16,16
61222,84,77,7,7
61223,150,130,20,20
61224,91,90,1,1
61225,55,55,0,0
61226,83,75,8,8
61227,119,141,-22,22
61228,86,78,8,8
61229,101,95,6,6
61230,89,77,12,12
61231,80,81,-1,1
61232,116,97,19,19
61233,146,133,13,13
61234,64,66,-2,2
61235,175,148,27,27
61236,139,124,15,15
61237,79,66,13,13
61238,120,101,19,19
61239,84,80,4,4
61240,132,123,9,9
61241,71,64,7,7
61242,104,87,17,17
61243,60,56,4,4
61244,171,132,39,39
61245,93,84,9,9
61246,132,113,19,19
61247,55,51,4,4
61248,74,54,20,20
61249,126,102,24,24
61250,75,70,5,5
61251,45,55,-10,10
61252,95,84,11,11
61253,154,123,31,31
61254,143,117,26,26
61255,111,102,9,9
61256,97,92,5,5
61257,203,192,11,11
61258,42,36,6,6
61259,49,45,4,4
61260,111,95,16,16
61261,76,59,17,17
61262,79,69,10,10
61263,70,74,-4,4
61264,57,58,-1,1
61265,60,53,7,7
61266,119,109,10,10
61267,76,73,3,3
61268,72,61,11,11
61269,124,99,25,25
61270,138,104,34,34
61271,118,104,14,14
61272,119,98,21,21
61273,94,72,22,22
61274,113,120,-7,7
61275,69,76,-7,7
61276,106,90,16,16
61277,41,46,-5,5
61278,88,75,13,13
61279,124,117,7,7
61280,51,50,1,1
61281,70,71,-1,1
61282,112,100,12,12
61283,100,87,13,13
61284,143,120,23,23
61285,87,84,3,3
61286,61,59,2,2
61287,64,63,1,1
61288,130,117,13,13
61289,81,71,10,10
61290,73,58,15,15
61291,47,45,2,2
61292,99,101,-2,2
61293,95,83,12,12
61294,105,94,11,11
61295,126,112,14,14
61296,108,92,16,16
61297,67,63,4,4
61298,72,74,-2,2
61299,65,56,9,9
61300,109,94,15,15
61301,52,49,3,3
61302,122,102,20,20
61303,59,55,4,4
61304,117,115,2,2
61305,79,66,13,13
61306,46,47,-1,1
61307,64,68,-4,4
61308,71,75,-4,4
61309,60,56,4,4
61310,70,62,8,8
61311,114,102,12,12
61312,101,92,9,9
61313,138,120,18,18
61314,98,79,19,19
61315,92,87,5,5
61316,196,162,34,34
61317,109,101,8,8
61318,55,50,5,5
61319,166,146,20,20
61320,68,61,7,7
61321,61,58,3,3
61322,79,73,6,6
61323,86,72,14,14
61324,90,75,15,15
61325,128,109,19,19
61326,102,92,10,10
61327,118,100,18,18
61328,86,76,10,10
61329,105,93,12,12
61330,78,71,7,7
61331,96,86,10,10
61332,38,41,-3,3
61333,96,88,8,8
61334,123,108,15,15
61335,85,73,12,12
61336,117,96,21,21
61337,78,97,-19,19
61338,131,120,11,11
61339,82,75,7,7
61340,87,81,6,6
61341,81,74,7,7
61342,59,53,6,6
61343,84,74,10,10
61344,89,85,4,4
61345,65,58,7,7
61346,131,118,13,13
61347,55,54,1,1
61348,66,46,20,20
61349,74,66,8,8
61350,84,62,22,22
61351,110,92,18,18
61352,63,66,-3,3
61353,97,77,20,20
61354,55,61,-6,6
61355,94,86,8,8
61356,148,131,17,17
61357,110,87,23,23
61358,161,137,24,24
61359,139,119,20,20
61360,63,63,0,0
61361,120,103,17,17
61362,79,74,5,5
61363,131,119,12,12
61364,150,116,34,34
61365,80,70,10,10
61366,37,39,-2,2
61367,116,100,16,16
61368,82,73,9,9
61369,130,113,17,17
61370,68,68,0,0
61371,86,73,13,13
61372,90,72,18,18
61373,57,53,4,4
61374,149,117,32,32
61375,79,78,1,1
61376,126,112,14,14
61377,120,117,3,3
61378,197,167,30,30
61379,62,56,6,6
61380,88,77,11,11
61381,144,118,26,26
61382,99,84,15,15
61383,101,104,-3,3
61384,111,91,20,20
61385,61,58,3,3
61386,85,73,12,12
61387,96,84,12,12
61388,125,110,15,15
61389,107,89,18,18
61390,136,111,25,25
61391,148,125,23,23
61392,98,93,5,5
61393,66,57,9,9
61394,95,74,21,21
61395,107,83,24,24
61396,47,55,-8,8
61397,78,69,9,9
61398,81,69,12,12
61399,72,68,4,4
61400,84,87,-3,3
61401,145,134,11,11
61402,77,68,9,9
61403,90,75,15,15
61404,131,109,22,22
61405,91,77,14,14
61406,38,60,-22,22
61407,94,83,11,11
61408,111,94,17,17
61409,145,130,15,15
61410,84,78,6,6
61411,87,68,19,19
61412,115,97,18,18
61413,95,79,16,16
61414,144,120,24,24
61415,90,77,13,13
61416,101,83,18,18
61417,91,81,10,10
61418,190,166,24,24
61419,80,72,8,8
61420,167,136,31,31
61421,83,67,16,16
61422,66,63,3,3
61423,50,49,1,1
61424,111,100,11,11
61425,83,82,1,1
61426,72,61,11,11
61427,73,63,10,10
61428,79,76,3,3
61429,66,65,1,1
61430,83,72,11,11
61431,262,212,50,50
61432,108,106,2,2
61433,117,102,15,15
61434,98,77,21,21
61435,85,79,6,6
61436,63,58,5,5
61437,190,161,29,29
61438,85,74,11,11
61439,123,101,22,22
61440,144,126,18,18
61441,75,69,6,6
61442,97,83,14,14
61443,85,68,17,17
61444,69,61,8,8
61445,77,72,5,5
61446,61,59,2,2
61447,75,64,11,11
61448,97,108,-11,11
61449,70,64,6,6
61450,85,74,11,11
61451,61,63,-2,2
61452,77,65,12,12
61453,58,58,0,0
61454,83,71,12,12
61455,91,85,6,6
61456,53,55,-2,2
61457,55,49,6,6
61458,87,80,7,7
61459,80,77,3,3
61460,53,57,-4,4
61461,133,112,21,21
61462,90,85,5,5
61463,60,60,0,0
61464,68,63,5,5
61465,66,52,14,14
61466,112,101,11,11
61467,139,120,19,19
61468,50,52,-2,2
61469,120,111,9,9
61470,77,70,7,7
61471,81,66,15,15
61472,87,75,12,12
61473,43,47,-4,4
61474,68,58,10,10
61475,58,50,8,8
61476,120,108,12,12
61477,114,93,21,21
61478,173,143,30,30
61479,62,61,1,1
61480,115,95,20,20
61481,213,174,39,39
61482,108,96,12,12
61483,53,59,-6,6
61484,85,69,16,16
61485,119,104,15,15
61486,74,73,1,1
61487,93,80,13,13
61488,72,64,8,8
61489,104,79,25,25
61490,88,81,7,7
61491,56,57,-1,1
61492,139,120,19,19
61493,110,100,10,10
61494,93,75,18,18
61495,54,45,9,9
61496,83,82,1,1
61497,73,61,12,12
61498,202,158,44,44
61499,95,84,11,11
61500,51,51,0,0
61501,141,109,32,32
61502,130,115,15,15
61503,89,85,4,4
61504,67,62,5,5
61505,92,68,24,24
61506,138,131,7,7
61507,50,48,2,2
61508,85,70,15,15
61509,118,91,27,27
61510,84,73,11,11
61511,95,81,14,14
61512,92,87,5,5
61513,141,135,6,6
61514,94,88,6,6
61515,117,105,12,12
61516,82,62,20,20
61517,73,71,2,2
61518,108,84,24,24
61519,93,94,-1,1
61520,156,138,18,18
61521,84,78,6,6
61522,106,86,20,20
61523,91,85,6,6
61524,88,88,0,0
61525,78,64,14,14
61526,136,117,19,19
61527,59,60,-1,1
61528,94,92,2,2
61529,100,91,9,9
61530,144,125,19,19
61531,89,100,-11,11
61532,67,64,3,3
61533,28,32,-4,4
61534,114,100,14,14
61535,123,116,7,7
61536,85,71,14,14
61537,77,70,7,7
61538,89,95,-6,6
61539,90,79,11,11
61540,80,76,4,4
61541,114,107,7,7
61542,46,46,0,0
61543,123,103,20,20
61544,132,115,17,17
61545,106,106,0,0
61546,93,85,8,8
61547,100,109,-9,9
61548,82,70,12,12
61549,170,157,13,13
61550,103,105,-2,2
61551,60,58,2,2
61552,101,102,-1,1
61553,101,85,16,16
61554,106,90,16,16
61555,53,60,-7,7
61556,45,45,0,0
61557,102,104,-2,2
61558,74,64,10,10
61559,107,105,2,2
61560,95,89,6,6
61561,96,81,15,15
61562,100,87,13,13
61563,40,49,-9,9
61564,85,72,13,13
61565,59,55,4,4
61566,107,97,10,10
61567,157,130,27,27
61568,72,67,5,5
61569,104,84,20,20
61570,53,55,-2,2
61571,131,113,18,18
61572,147,123,24,24
61573,80,72,8,8
61574,135,120,15,15
61575,119,98,21,21
61576,128,107,21,21
61577,126,109,17,17
61578,91,75,16,16
61579,102,82,20,20
61580,55,57,-2,2
61581,69,64,5,5
61582,57,58,-1,1
61583,53,52,1,1
61584,109,86,23,23
61585,106,81,25,25
61586,106,97,9,9
61587,128,104,24,24
61588,84,73,11,11
61589,73,67,6,6
61590,137,96,41,41
61591,96,89,7,7
61592,106,94,12,12
61593,119,104,15,15
61594,113,101,12,12
61595,138,113,25,25
61596,52,49,3,3
61597,115,106,9,9
61598,66,61,5,5
61599,114,106,8,8
61600,46,44,2,2
61601,108,94,14,14
61602,85,71,14,14
61603,67,60,7,7
61604,66,57,9,9
61605,76,72,4,4
61606,93,79,14,14
61607,145,137,8,8
61608,122,103,19,19
61609,88,75,13,13
61610,59,57,2,2
61611,77,68,9,9
61612,84,78,6,6
61613,71,67,4,4
61614,93,78,15,15
61615,71,63,8,8
61616,40,50,-10,10
61617,165,139,26,26
61618,104,94,10,10
61619,54,50,4,4
61620,46,37,9,9
61621,70,62,8,8
61622,51,52,-1,1
61623,86,73,13,13
61624,86,75,11,11
61625,90,76,14,14
61626,160,142,18,18
61627,119,99,20,20
61628,78,77,1,1
61629,112,113,-1,1
61630,89,61,28,28
61631,96,91,5,5
61632,96,87,9,9
61633,96,87,9,9
61634,33,37,-4,4
61635,78,68,10,10
61636,65,54,11,11
61637,69,65,4,4
61638,85,78,7,7
61639,71,59,12,12
61640,119,97,22,22
61641,100,86,14,14
61642,102,91,11,11
61643,96,76,20,20
61644,77,66,11,11
61645,91,85,6,6
61646,175,146,29,29
61647,96,90,6,6
61648,133,112,21,21
61649,107,113,-6,6
61650,98,84,14,14
61651,94,90,4,4
61652,67,64,3,3
61653,116,108,8,8
61654,73,72,1,1
61655,83,65,18,18
61656,75,70,5,5
61657,109,108,1,1
61658,143,130,13,13
61659,84,77,7,7
61660,79,76,3,3
61661,104,94,10,10
61662,44,42,2,2
61663,53,45,8,8
61664,108,94,14,14
61665,86,82,4,4
61666,119,106,13,13
61667,56,43,13,13
61668,88,83,5,5
61669,118,104,14,14
61670,102,92,10,10
61671,49,45,4,4
61672,99,85,14,14
61673,105,165,-60,60
61674,131,97,34,34
61675,78,65,13,13
61676,99,85,14,14
61677,23,29,-6,6
61678,126,112,14,14
61679,92,78,14,14
61680,85,83,2,2
61681,61,59,2,2
61682,137,131,6,6
61683,74,68,6,6
61684,129,109,20,20
61685,156,140,16,16
61686,72,63,9,9
61687,151,119,32,32
61688,72,60,12,12
61689,81,77,4,4
61690,128,107,21,21
61691,136,111,25,25
61692,111,103,8,8
61693,150,130,20,20
61694,79,73,6,6
61695,124,109,15,15
61696,133,113,20,20
61697,106,104,2,2
61698,71,66,5,5
61699,69,58,11,11
61700,105,101,4,4
61701,60,52,8,8
61702,97,85,12,12
61703,129,121,8,8
61704,70,64,6,6
61705,137,125,12,12
61706,110,90,20,20
61707,97,84,13,13
61708,149,147,2,2
61709,63,60,3,3
61710,71,70,1,1
61711,108,91,17,17
61712,127,112,15,15
61713,92,87,5,5
61714,41,39,2,2
61715,87,75,12,12
61716,95,82,13,13
61717,58,58,0,0
61718,103,101,2,2
61719,106,92,14,14
61720,100,93,7,7
61721,49,54,-5,5
61722,103,101,2,2
61723,147,139,8,8
61724,110,97,13,13
61725,121,126,-5,5
61726,66,61,5,5
61727,66,63,3,3
61728,75,68,7,7
61729,127,118,9,9
61730,96,86,10,10
61731,179,143,36,36
61732,153,133,20,20
61733,89,74,15,15
61734,111,100,11,11
61735,124,92,32,32
61736,86,73,13,13
61737,98,95,3,3
61738,82,76,6,6
61739,138,106,32,32
61740,98,84,14,14
61741,187,158,29,29
61742,141,115,26,26
61743,72,71,1,1
61744,110,93,17,17
61745,87,81,6,6
61746,60,55,5,5
61747,71,66,5,5
61748,123,110,13,13
61749,57,55,2,2
61750,113,105,8,8
61751,148,131,17,17
61752,73,69,4,4
61753,62,63,-1,1
61754,108,115,-7,7
61755,105,90,15,15
61756,152,109,43,43
61757,51,52,-1,1
61758,127,110,17,17
61759,31,26,5,5
61760,68,61,7,7
61761,163,136,27,27
61762,160,131,29,29
61763,73,72,1,1
61764,43,42,1,1
61765,102,90,12,12
61766,91,96,-5,5
61767,136,109,27,27
61768,92,78,14,14
61769,60,58,2,2
61770,45,47,-2,2
61771,111,92,19,19
61772,95,90,5,5
61773,100,87,13,13
61774,139,129,10,10
61775,99,81,18,18
61776,68,65,3,3
61777,55,53,2,2
61778,110,88,22,22
61779,67,67,0,0
61780,103,90,13,13
61781,115,99,16,16
61782,131,126,5,5
61783,106,101,5,5
61784,154,137,17,17
61785,104,99,5,5
61786,91,78,13,13
61787,139,127,12,12
61788,56,54,2,2
61789,139,116,23,23
61790,72,60,12,12
61791,144,124,20,20
61792,112,96,16,16
61793,68,59,9,9
61794,88,78,10,10
61795,79,83,-4,4
61796,104,97,7,7
61797,54,46,8,8
61798,111,93,18,18
61799,87,79,8,8
61800,185,156,29,29
61801,92,81,11,11
61802,68,67,1,1
61803,91,80,11,11
61804,84,70,14,14
61805,82,73,9,9
61806,126,110,16,16
61807,71,67,4,4
61808,72,61,11,11
61809,137,120,17,17
61810,61,62,-1,1
61811,106,94,12,12
61812,59,51,8,8
61813,77,67,10,10
61814,149,111,38,38
61815,63,60,3,3
61816,66,64,2,2
61817,105,91,14,14
61818,85,73,12,12
61819,109,93,16,16
61820,81,79,2,2
61821,60,58,2,2
61822,40,43,-3,3
61823,95,82,13,13
61824,110,87,23,23
61825,68,61,7,7
61826,67,62,5,5
61827,76,68,8,8
61828,188,159,29,29
61829,59,53,6,6
61830,131,106,25,25
61831,108,93,15,15
61832,114,106,8,8
61833,108,92,16,16
61834,104,90,14,14
61835,94,87,7,7
61836,47,45,2,2
61837,77,61,16,16
61838,80,75,5,5
61839,96,84,12,12
61840,103,94,9,9
61841,109,98,11,11
61842,66,69,-3,3
61843,98,81,17,17
61844,126,99,27,27
61845,97,98,-1,1
61846,99,87,12,12
61847,107,98,9,9
61848,129,113,16,16
61849,87,82,5,5
61850,69,63,6,6
61851,115,96,19,19
61852,99,91,8,8
61853,99,83,16,16
61854,155,147,8,8
61855,121,105,16,16
61856,123,111,12,12
61857,91,81,10,10
61858,68,71,-3,3
61859,118,97,21,21
61860,98,89,9,9
61861,108,94,14,14
61862,112,98,14,14
61863,80,66,14,14
61864,92,121,-29,29
61865,116,99,17,17
61866,56,58,-2,2
61867,127,110,17,17
61868,50,50,0,0
61869,121,103,18,18
61870,157,135,22,22
61871,78,69,9,9
61872,85,71,14,14
61873,142,123,19,19
61874,42,44,-2,2
61875,62,60,2,2
61876,61,59,2,2
61877,75,69,6,6
61878,82,76,6,6
61879,107,92,15,15
61880,130,117,13,13
61881,64,63,1,1
61882,75,66,9,9
61883,109,93,16,16
61884,65,67,-2,2
61885,112,102,10,10
61886,88,84,4,4
61887,140,119,21,21
61888,132,111,21,21
61889,108,103,5,5
61890,92,74,18,18
61891,63,56,7,7
61892,48,50,-2,2
61893,144,107,37,37
61894,104,92,12,12
61895,107,90,17,17
61896,52,66,-14,14
61897,73,67,6,6
61898,44,44,0,0
61899,120,103,17,17
61900,87,76,11,11
61901,110,101,9,9
61902,73,68,5,5
61903,79,79,0,0
61904,57,56,1,1
61905,68,64,4,4
61906,81,92,-11,11
61907,63,59,4,4
61908,41,36,5,5
61909,71,57,14,14
61910,106,102,4,4
61911,105,84,21,21
61912,183,135,48,48
61913,111,106,5,5
61914,137,121,16,16
61915,51,53,-2,2
61916,40,38,2,2
61917,70,73,-3,3
61918,120,100,20,20
61919,57,58,-1,1
61920,66,56,10,10
61921,140,115,25,25
61922,71,71,0,0
61923,96,84,12,12
61924,108,97,11,11
61925,134,127,7,7
61926,97,86,11,11
61927,44,41,3,3
61928,49,46,3,3
61929,63,55,8,8
61930,97,90,7,7
61931,38,38,0,0
61932,68,63,5,5
61933,114,95,19,19
61934,105,99,6,6
61935,36,37,-1,1
61936,69,57,12,12
61937,101,90,11,11
61938,155,125,30,30
61939,53,63,-10,10
61940,151,126,25,25
61941,65,58,7,7
61942,64,59,5,5
61943,181,149,32,32
61944,110,99,11,11
61945,93,86,7,7
61946,183,148,35,35
61947,94,83,11,11
61948,91,81,10,10
61949,105,101,4,4
61950,51,51,0,0
61951,76,67,9,9
61952,60,65,-5,5
61953,72,62,10,10
61954,108,96,12,12
61955,119,101,18,18
61956,98,98,0,0
61957,119,100,19,19
61958,122,104,18,18
61959,90,81,9,9
61960,55,52,3,3
61961,62,52,10,10
61962,41,58,-17,17
61963,86,74,12,12
61964,58,56,2,2
61965,159,142,17,17
61966,84,77,7,7
61967,101,90,11,11
61968,107,89,18,18
61969,150,127,23,23
61970,105,97,8,8
61971,83,76,7,7
61972,78,80,-2,2
61973,51,51,0,0
61974,83,83,0,0
61975,111,99,12,12
61976,116,109,7,7
61977,124,93,31,31
61978,116,99,17,17
61979,133,118,15,15
61980,143,120,23,23
61981,102,94,8,8
61982,94,88,6,6
61983,66,59,7,7
61984,76,74,2,2
61985,108,92,16,16
61986,69,58,11,11
61987,90,72,18,18
61988,65,70,-5,5
61989,157,142,15,15
61990,81,67,14,14
61991,116,108,8,8
61992,94,83,11,11
61993,98,102,-4,4
61994,149,125,24,24
61995,87,78,9,9
61996,124,110,14,14
61997,121,106,15,15
61998,157,130,27,27
61999,100,85,15,15
62000,129,117,12,12
62001,97,85,12,12
62002,57,52,5,5
62003,108,90,18,18
62004,64,56,8,8
62005,195,154,41,41
62006,81,70,11,11
62007,92,80,12,12
62008,139,128,11,11
62009,67,60,7,7
62010,78,78,0,0
62011,56,55,1,1
62012,90,79,11,11
62013,69,66,3,3
62014,109,87,22,22
62015,67,62,5,5
62016,65,64,1,1
62017,67,68,-1,1
62018,128,105,23,23
62019,101,87,14,14
62020,103,89,14,14
62021,66,56,10,10
62022,78,72,6,6
62023,121,102,19,19
62024,99,95,4,4
62025,69,57,12,12
62026,64,61,3,3
62027,66,59,7,7
62028,76,70,6,6
62029,91,80,11,11
62030,49,56,-7,7
62031,222,166,56,56
62032,71,60,11,11
62033,155,134,21,21
62034,80,74,6,6
62035,94,70,24,24
62036,70,61,9,9
62037,106,92,14,14
62038,81,75,6,6
62039,90,73,17,17
62040,73,66,7,7
62041,65,56,9,9
62042,71,69,2,2
62043,140,110,30,30
62044,109,103,6,6
62045,72,64,8,8
62046,95,93,2,2
62047,92,77,15,15
62048,104,96,8,8
62049,74,67,7,7
62050,102,90,12,12
62051,75,72,3,3
62052,100,85,15,15
62053,111,105,6,6
62054,52,48,4,4
62055,79,65,14,14
62056,99,85,14,14
62057,140,131,9,9
62058,181,163,18,18
62059,106,102,4,4
62060,59,49,10,10
62061,129,106,23,23
62062,95,105,-10,10
62063,50,57,-7,7
62064,71,61,10,10
62065,46,52,-6,6
62066,103,100,3,3
62067,82,77,5,5
62068,114,96,18,18
62069,114,99,15,15
62070,92,85,7,7
62071,74,72,2,2
62072,102,91,11,11
62073,104,91,13,13
62074,86,75,11,11
62075,51,64,-13,13
62076,86,75,11,11
62077,78,73,5,5
62078,99,94,5,5
62079,95,79,16,16
62080,82,76,6,6
62081,111,107,4,4
62082,129,104,25,25
62083,90,98,-8,8
62084,139,106,33,33
62085,72,75,-3,3
62086,55,55,0,0
62087,165,140,25,25
62088,115,102,13,13
62089,61,65,-4,4
62090,84,75,9,9
62091,136,119,17,17
62092,83,72,11,11
62093,27,40,-13,13
62094,108,98,10,10
62095,147,117,30,30
62096,120,106,14,14
62097,73,86,-13,13
62098,60,62,-2,2
62099,123,112,11,11
62100,89,84,5,5
62101,73,61,12,12
62102,64,62,2,2
62103,62,59,3,3
62104,100,96,4,4
62105,100,81,19,19
62106,48,58,-10,10
62107,119,101,18,18
62108,53,52,1,1
62109,142,133,9,9
62110,58,56,2,2
62111,100,108,-8,8
62112,77,68,9,9
62113,71,77,-6,6
62114,126,108,18,18
62115,50,49,1,1
62116,205,155,50,50
62117,60,58,2,2
62118,91,83,8,8
62119,70,68,2,2
62120,90,85,5,5
62121,159,138,21,21
62122,75,69,6,6
62123,116,84,32,32
62124,109,101,8,8
62125,143,120,23,23
62126,112,90,22,22
62127,84,77,7,7
62128,170,157,13,13
62129,150,132,18,18
62130,109,93,16,16
62131,161,137,24,24
62132,99,92,7,7
62133,127,96,31,31
62134,62,27,35,35
62135,133,112,21,21
62136,101,96,5,5
62137,127,108,19,19
62138,89,80,9,9
62139,95,82,13,13
62140,150,121,29,29
62141,49,45,4,4
62142,92,84,8,8
62143,92,80,12,12
62144,38,43,-5,5
62145,145,135,10,10
62146,156,145,11,11
62147,125,107,18,18
62148,51,43,8,8
62149,134,100,34,34
62150,92,93,-1,1
62151,85,83,2,2
62152,60,57,3,3
62153,67,64,3,3
62154,99,98,1,1
62155,159,145,14,14
62156,86,82,4,4
62157,75,55,20,20
62158,42,39,3,3
62159,71,70,1,1
62160,136,120,16,16
62161,67,70,-3,3
62162,112,97,15,15
62163,71,67,4,4
62164,48,53,-5,5
62165,139,124,15,15
62166,114,137,-23,23
62167,48,43,5,5
62168,86,79,7,7
62169,119,103,16,16
62170,94,85,9,9
62171,105,98,7,7
62172,104,84,20,20
62173,85,75,10,10
62174,66,56,10,10
62175,93,80,13,13
62176,88,84,4,4
62177,67,61,6,6
62178,91,89,2,2
62179,110,100,10,10
62180,80,67,13,13
62181,98,96,2,2
62182,126,110,16,16
62183,52,56,-4,4
62184,63,63,0,0
62185,91,87,4,4
62186,103,93,10,10
62187,68,62,6,6
62188,73,75,-2,2
62189,95,89,6,6
62190,100,88,12,12
62191,111,88,23,23
62192,100,94,6,6
62193,75,71,4,4
62194,84,83,1,1
62195,75,76,-1,1
62196,139,115,24,24
62197,105,98,7,7
62198,84,83,1,1
62199,137,113,24,24
62200,65,88,-23,23
62201,97,81,16,16
62202,78,74,4,4
62203,122,115,7,7
62204,72,68,4,4
62205,80,92,-12,12
62206,132,106,26,26
62207,113,97,16,16
62208,121,106,15,15
62209,72,67,5,5
62210,95,90,5,5
62211,124,112,12,12
62212,122,106,16,16
62213,152,136,16,16
62214,105,90,15,15
62215,103,95,8,8
62216,111,95,16,16
62217,60,50,10,10
62218,75,90,-15,15
62219,69,66,3,3
62220,85,70,15,15
62221,91,94,-3,3
62222,106,86,20,20
62223,76,76,0,0
62224,43,43,0,0
62225,65,58,7,7
62226,180,161,19,19
62227,38,53,-15,15
62228,86,78,8,8
62229,77,70,7,7
62230,110,98,12,12
62231,111,101,10,10
62232,134,111,23,23
62233,123,112,11,11
62234,67,63,4,4
62235,77,77,0,0
62236,95,93,2,2
62237,94,85,9,9
62238,131,116,15,15
62239,88,90,-2,2
62240,130,115,15,15
62241,78,71,7,7
62242,98,87,11,11
62243,66,60,6,6
62244,63,60,3,3
62245,85,75,10,10
62246,82,76,6,6
62247,82,80,2,2
62248,104,91,13,13
62249,120,104,16,16
62250,68,63,5,5
62251,108,100,8,8
62252,101,85,16,16
62253,102,87,15,15
62254,161,144,17,17
62255,48,53,-5,5
62256,82,79,3,3
62257,134,114,20,20
62258,102,86,16,16
62259,47,48,-1,1
62260,101,69,32,32
62261,103,88,15,15
62262,158,127,31,31
62263,79,75,4,4
62264,126,108,18,18
62265,72,72,0,0
62266,103,93,10,10
62267,86,85,1,1
62268,73,76,-3,3
62269,150,128,22,22
62270,69,60,9,9
62271,89,77,12,12
62272,102,86,16,16
62273,89,80,9,9
62274,92,87,5,5
62275,91,76,15,15
62276,69,67,2,2
62277,31,39,-8,8
62278,62,55,7,7
62279,74,72,2,2
62280,73,60,13,13
62281,92,73,19,19
62282,68,62,6,6
62283,121,102,19,19
62284,160,143,17,17
62285,124,111,13,13
62286,71,63,8,8
62287,98,79,19,19
62288,85,75,10,10
62289,93,77,16,16
62290,87,74,13,13
62291,210,159,51,51
62292,74,69,5,5
62293,84,78,6,6
62294,141,124,17,17
62295,68,63,5,5
62296,118,106,12,12
62297,75,70,5,5
62298,150,130,20,20
62299,162,139,23,23
62300,59,52,7,7
62301,82,75,7,7
62302,118,102,16,16
62303,94,89,5,5
62304,75,89,-14,14
62305,71,65,6,6
62306,131,114,17,17
62307,120,102,18,18
62308,91,83,8,8
62309,112,95,17,17
62310,145,131,14,14
62311,93,74,19,19
62312,93,87,6,6
62313,89,70,19,19
62314,110,94,16,16
62315,78,70,8,8
62316,80,67,13,13
62317,133,120,13,13
62318,50,43,7,7
62319,82,73,9,9
62320,145,112,33,33
62321,126,97,29,29
62322,105,90,15,15
62323,159,139,20,20
62324,118,106,12,12
62325,142,121,21,21
62326,108,91,17,17
62327,110,98,12,12
62328,106,85,21,21
62329,119,105,14,14
62330,90,84,6,6
62331,68,66,2,2
62332,119,98,21,21
62333,162,137,25,25
62334,76,72,4,4
62335,89,75,14,14
62336,57,60,-3,3
62337,79,72,7,7
62338,72,74,-2,2
62339,110,87,23,23
62340,82,71,11,11
62341,76,66,10,10
62342,68,67,1,1
62343,79,91,-12,12
62344,64,62,2,2
62345,151,120,31,31
62346,64,62,2,2
62347,110,95,15,15
62348,78,65,13,13
62349,123,116,7,7
62350,118,101,17,17
62351,58,58,0,0
62352,140,116,24,24
62353,128,105,23,23
62354,57,49,8,8
62355,101,94,7,7
62356,106,94,12,12
62357,71,69,2,2
62358,61,54,7,7
62359,187,147,40,40
62360,123,99,24,24
62361,64,59,5,5
62362,59,60,-1,1
62363,83,74,9,9
62364,68,66,2,2
62365,83,70,13,13
62366,111,94,17,17
62367,86,84,2,2
62368,87,75,12,12
62369,97,83,14,14
62370,76,70,6,6
62371,91,86,5,5
62372,169,136,33,33
62373,51,46,5,5
62374,57,67,-10,10
62375,168,151,17,17
62376,93,67,26,26
62377,93,82,11,11
62378,98,73,25,25
62379,76,78,-2,2
62380,142,119,23,23
62381,60,60,0,0
62382,118,98,20,20
62383,40,54,-14,14
62384,68,59,9,9
62385,75,65,10,10
62386,97,85,12,12
62387,124,112,12,12
62388,68,57,11,11
62389,89,74,15,15
62390,109,96,13,13
62391,53,50,3,3
62392,112,95,17,17
62393,140,132,8,8
62394,113,94,19,19
62395,105,105,0,0
62396,69,64,5,5
62397,98,107,-9,9
62398,150,128,22,22
62399,93,81,12,12
62400,117,113,4,4
62401,44,43,1,1
62402,65,55,10,10
62403,78,66,12,12
62404,149,129,20,20
62405,75,66,9,9
62406,82,74,8,8
62407,93,79,14,14
62408,129,120,9,9
62409,46,47,-1,1
62410,56,45,11,11
62411,99,78,21,21
62412,31,43,-12,12
62413,113,100,13,13
62414,167,149,18,18
62415,113,100,13,13
62416,171,152,19,19
62417,71,66,5,5
62418,103,94,9,9
62419,76,73,3,3
62420,64,53,11,11
62421,105,99,6,6
62422,176,151,25,25
62423,127,106,21,21
62424,118,98,20,20
62425,88,84,4,4
62426,133,120,13,13
62427,84,82,2,2
62428,108,99,9,9
62429,72,67,5,5
62430,128,113,15,15
62431,36,38,-2,2
62432,116,93,23,23
62433,105,97,8,8
62434,85,79,6,6
62435,48,49,-1,1
62436,142,112,30,30
62437,78,60,18,18
62438,72,70,2,2
62439,255,210,45,45
62440,113,106,7,7
62441,98,80,18,18
62442,143,118,25,25
62443,85,96,-11,11
62444,111,101,10,10
62445,106,96,10,10
62446,111,99,12,12
62447,84,72,12,12
62448,74,68,6,6
62449,87,81,6,6
62450,133,121,12,12
62451,111,108,3,3
62452,78,73,5,5
62453,83,78,5,5
62454,117,94,23,23
62455,97,84,13,13
62456,127,118,9,9
62457,66,59,7,7
62458,124,103,21,21
62459,72,68,4,4
62460,108,86,22,22
62461,124,113,11,11
62462,137,108,29,29
62463,84,76,8,8
62464,175,155,20,20
62465,32,32,0,0
62466,127,101,26,26
62467,139,126,13,13
62468,84,108,-24,24
62469,138,128,10,10
62470,147,135,12,12
62471,49,47,2,2
62472,87,76,11,11
62473,71,67,4,4
62474,89,70,19,19
62475,122,108,14,14
62476,110,105,5,5
62477,112,102,10,10
62478,161,126,35,35
62479,78,80,-2,2
62480,84,78,6,6
62481,96,80,16,16
62482,83,75,8,8
62483,166,134,32,32
62484,69,64,5,5
62485,48,41,7,7
62486,84,64,20,20
62487,113,85,28,28
62488,89,82,7,7
62489,51,53,-2,2
62490,101,90,11,11
62491,70,64,6,6
62492,107,89,18,18
62493,99,86,13,13
62494,142,118,24,24
62495,123,99,24,24
62496,81,68,13,13
62497,60,54,6,6
62498,139,116,23,23
62499,93,82,11,11
62500,123,119,4,4
62501,101,73,28,28
62502,128,117,11,11
62503,72,65,7,7
62504,134,108,26,26
62505,89,80,9,9
62506,162,136,26,26
62507,129,100,29,29
62508,97,91,6,6
62509,63,67,-4,4
62510,88,82,6,6
62511,47,45,2,2
62512,163,135,28,28
62513,169,153,16,16
62514,88,76,12,12
62515,116,104,12,12
62516,68,65,3,3
62517,66,63,3,3
62518,75,70,5,5
62519,79,79,0,0
62520,132,122,10,10
62521,64,62,2,2
62522,154,133,21,21
62523,159,116,43,43
62524,97,90,7,7
62525,151,125,26,26
62526,64,62,2,2
62527,86,69,17,17
62528,86,97,-11,11
62529,105,94,11,11
62530,135,119,16,16
62531,78,78,0,0
62532,180,143,37,37
62533,126,100,26,26
62534,115,104,11,11
62535,95,95,0,0
62536,123,100,23,23
62537,49,43,6,6
62538,94,90,4,4
62539,170,148,22,22
62540,92,82,10,10
62541,101,93,8,8
62542,93,85,8,8
62543,123,123,0,0
62544,83,69,14,14
62545,122,99,23,23
62546,109,110,-1,1
62547,67,57,10,10
62548,59,58,1,1
62549,79,69,10,10
62550,82,78,4,4
62551,69,61,8,8
62552,83,81,2,2
62553,116,98,18,18
62554,202,158,44,44
62555,92,93,-1,1
62556,95,87,8,8
62557,104,98,6,6
62558,124,105,19,19
62559,203,167,36,36
62560,95,83,12,12
62561,131,114,17,17
62562,42,43,-1,1
62563,106,78,28,28
62564,40,41,-1,1
62565,81,73,8,8
62566,125,105,20,20
62567,82,73,9,9
62568,121,99,22,22
62569,85,87,-2,2
62570,104,83,21,21
62571,82,72,10,10
62572,76,67,9,9
62573,60,59,1,1
62574,91,69,22,22
62575,96,76,20,20
62576,118,102,16,16
62577,101,83,18,18
62578,140,123,17,17
62579,153,133,20,20
62580,115,112,3,3
62581,38,56,-18,18
62582,74,72,2,2
62583,28,53,-25,25
62584,65,61,4,4
62585,113,105,8,8
62586,109,98,11,11
62587,93,83,10,10
62588,87,76,11,11
62589,54,55,-1,1
62590,125,108,17,17
62591,141,124,17,17
62592,114,109,5,5
62593,122,106,16,16
62594,138,123,15,15
62595,98,85,13,13
62596,84,74,10,10
62597,118,108,10,10
62598,114,102,12,12
62599,69,66,3,3
62600,47,52,-5,5
62601,72,56,16,16
62602,72,58,14,14
62603,85,77,8,8
62604,48,48,0,0
62605,96,84,12,12
62606,90,80,10,10
62607,99,80,19,19
62608,122,113,9,9
62609,60,57,3,3
62610,80,77,3,3
62611,79,74,5,5
62612,54,51,3,3
62613,90,83,7,7
62614,84,82,2,2
62615,98,88,10,10
62616,106,94,12,12
62617,70,68,2,2
62618,93,77,16,16
62619,81,71,10,10
62620,108,92,16,16
62621,66,61,5,5
62622,92,80,12,12
62623,58,51,7,7
62624,80,72,8,8
62625,72,71,1,1
62626,92,81,11,11
62627,114,110,4,4
62628,149,121,28,28
62629,85,74,11,11
62630,61,52,9,9
62631,104,87,17,17
62632,100,83,17,17
62633,132,117,15,15
62634,132,113,19,19
62635,114,90,24,24
62636,89,82,7,7
62637,52,47,5,5
62638,51,45,6,6
62639,109,97,12,12
62640,112,109,3,3
62641,80,68,12,12
62642,158,157,1,1
62643,103,89,14,14
62644,59,55,4,4
62645,118,99,19,19
62646,114,98,16,16
62647,101,87,14,14
62648,64,59,5,5
62649,75,65,10,10
62650,110,87,23,23
62651,168,159,9,9
62652,109,89,20,20
62653,106,94,12,12
62654,32,72,-40,40
62655,86,83,3,3
62656,185,135,50,50
62657,125,122,3,3
62658,48,46,2,2
62659,128,118,10,10
62660,138,127,11,11
62661,75,63,12,12
62662,84,98,-14,14
62663,115,92,23,23
62664,58,61,-3,3
62665,97,88,9,9
62666,152,122,30,30
62667,94,88,6,6
62668,114,104,10,10
62669,130,121,9,9
62670,61,59,2,2
62671,185,149,36,36
62672,110,96,14,14
62673,58,52,6,6
62674,79,75,4,4
62675,79,70,9,9
62676,93,80,13,13
62677,129,114,15,15
62678,134,113,21,21
62679,98,93,5,5
62680,162,139,23,23
62681,83,75,8,8
62682,107,84,23,23
62683,98,101,-3,3
62684,131,107,24,24
62685,57,48,9,9
62686,153,124,29,29
62687,126,109,17,17
62688,89,79,10,10
62689,68,61,7,7
62690,131,106,25,25
62691,68,67,1,1
62692,94,77,17,17
62693,135,112,23,23
62694,96,87,9,9
62695,95,93,2,2
62696,90,79,11,11
62697,55,52,3,3
62698,108,102,6,6
62699,36,36,0,0
62700,73,63,10,10
62701,73,75,-2,2
62702,102,87,15,15
62703,52,48,4,4
62704,22,31,-9,9
62705,102,83,19,19
62706,136,107,29,29
62707,83,75,8,8
62708,76,70,6,6
62709,135,118,17,17
62710,116,109,7,7
62711,69,65,4,4
62712,42,42,0,0
62713,86,68,18,18
62714,131,114,17,17
62715,119,106,13,13
62716,65,58,7,7
62717,100,94,6,6
62718,65,62,3,3
62719,73,66,7,7
62720,63,59,4,4
62721,115,136,-21,21
62722,164,136,28,28
62723,146,133,13,13
62724,64,62,2,2
62725,101,86,15,15
62726,124,109,15,15
62727,74,70,4,4
62728,92,73,19,19
62729,90,80,10,10
62730,93,84,9,9
62731,76,73,3,3
62732,133,118,15,15
62733,54,53,1,1
62734,147,113,34,34
62735,107,99,8,8
62736,132,108,24,24
62737,129,107,22,22
62738,95,83,12,12
62739,78,79,-1,1
62740,93,79,14,14
62741,85,83,2,2
62742,138,136,2,2
62743,106,95,11,11
62744,45,45,0,0
62745,50,48,2,2
62746,55,42,13,13
62747,44,48,-4,4
62748,70,68,2,2
62749,125,107,18,18
62750,82,75,7,7
62751,80,71,9,9
62752,120,105,15,15
62753,100,86,14,14
62754,70,62,8,8
62755,65,59,6,6
62756,96,89,7,7
62757,93,84,9,9
62758,106,89,17,17
62759,168,135,33,33
62760,169,142,27,27
62761,95,84,11,11
62762,95,87,8,8
62763,81,74,7,7
62764,65,59,6,6
62765,64,72,-8,8
62766,62,74,-12,12
62767,119,107,12,12
62768,93,77,16,16
62769,77,68,9,9
62770,141,123,18,18
62771,66,63,3,3
62772,76,78,-2,2
62773,148,128,20,20
62774,57,63,-6,6
62775,78,55,23,23
62776,134,102,32,32
62777,133,110,23,23
62778,66,58,8,8
62779,75,66,9,9
62780,97,83,14,14
62781,131,112,19,19
62782,171,146,25,25
62783,222,182,40,40
62784,102,93,9,9
62785,60,55,5,5
62786,144,129,15,15
62787,43,39,4,4
62788,82,72,10,10
62789,84,77,7,7
62790,92,89,3,3
62791,94,74,20,20
62792,179,160,19,19
62793,119,107,12,12
62794,61,61,0,0
62795,93,90,3,3
62796,53,47,6,6
62797,142,126,16,16
62798,69,64,5,5
62799,90,83,7,7
62800,139,123,16,16
62801,90,99,-9,9
62802,56,52,4,4
62803,113,106,7,7
62804,91,77,14,14
62805,86,77,9,9
62806,111,91,20,20
62807,74,60,14,14
62808,139,117,22,22
62809,96,78,18,18
62810,105,89,16,16
62811,139,125,14,14
62812,61,58,3,3
62813,70,68,2,2
62814,70,69,1,1
62815,61,55,6,6
62816,127,123,4,4
62817,92,90,2,2
62818,120,99,21,21
62819,52,50,2,2
62820,86,79,7,7
62821,62,54,8,8
62822,101,108,-7,7
62823,85,90,-5,5
62824,96,94,2,2
62825,105,95,10,10
62826,122,109,13,13
62827,116,102,14,14
62828,98,74,24,24
62829,154,129,25,25
62830,100,83,17,17
62831,164,136,28,28
62832,162,136,26,26
62833,136,123,13,13
62834,62,63,-1,1
62835,178,153,25,25
62836,109,84,25,25
62837,121,98,23,23
62838,108,107,1,1
62839,84,78,6,6
62840,131,105,26,26
62841,122,99,23,23
62842,64,66,-2,2
62843,84,78,6,6
62844,72,67,5,5
62845,185,148,37,37
62846,77,67,10,10
62847,137,138,-1,1
62848,93,93,0,0
62849,86,88,-2,2
62850,144,113,31,31
62851,78,84,-6,6
62852,61,59,2,2
62853,129,106,23,23
62854,52,59,-7,7
62855,195,164,31,31
62856,87,78,9,9
62857,101,95,6,6
62858,103,101,2,2
62859,169,142,27,27
62860,104,90,14,14
62861,80,71,9,9
62862,40,51,-11,11
62863,90,87,3,3
62864,89,87,2,2
62865,105,93,12,12
62866,86,84,2,2
62867,133,111,22,22
62868,89,79,10,10
62869,64,57,7,7
62870,94,93,1,1
62871,86,84,2,2
62872,128,109,19,19
62873,53,52,1,1
62874,91,72,19,19
62875,74,65,9,9
62876,64,60,4,4
62877,81,64,17,17
62878,66,64,2,2
62879,76,64,12,12
62880,91,79,12,12
62881,76,67,9,9
62882,109,90,19,19
62883,77,66,11,11
62884,76,68,8,8
62885,110,90,20,20
62886,88,76,12,12
62887,120,101,19,19
62888,127,112,15,15
62889,106,102,4,4
62890,201,168,33,33
62891,111,97,14,14
62892,231,184,47,47
62893,59,61,-2,2
62894,150,127,23,23
62895,141,118,23,23
62896,62,54,8,8
62897,191,168,23,23
62898,119,109,10,10
62899,72,72,0,0
62900,103,93,10,10
62901,79,76,3,3
62902,106,95,11,11
62903,104,107,-3,3
62904,88,85,3,3
62905,78,80,-2,2
62906,81,83,-2,2
62907,98,90,8,8
62908,123,105,18,18
62909,142,123,19,19
62910,74,67,7,7
62911,163,134,29,29
62912,102,83,19,19
62913,60,57,3,3
62914,133,101,32,32
62915,59,56,3,3
62916,47,48,-1,1
62917,86,81,5,5
62918,124,104,20,20
62919,28,31,-3,3
62920,59,55,4,4
62921,124,121,3,3
62922,105,90,15,15
62923,103,86,17,17
62924,80,73,7,7
62925,82,70,12,12
62926,84,74,10,10
62927,128,112,16,16
62928,101,94,7,7
62929,72,66,6,6
62930,89,73,16,16
62931,119,101,18,18
62932,181,155,26,26
62933,146,128,18,18
62934,58,53,5,5
62935,80,67,13,13
62936,37,44,-7,7
62937,45,50,-5,5
62938,95,96,-1,1
62939,108,94,14,14
62940,79,67,12,12
62941,85,68,17,17
62942,53,56,-3,3
62943,211,171,40,40
62944,103,91,12,12
62945,77,67,10,10
62946,75,66,9,9
62947,95,85,10,10
62948,102,84,18,18
62949,77,71,6,6
62950,54,55,-1,1
62951,110,95,15,15
62952,121,104,17,17
62953,89,66,23,23
62954,93,88,5,5
62955,44,44,0,0
62956,84,85,-1,1
62957,135,112,23,23
62958,66,55,11,11
62959,104,102,2,2
62960,141,117,24,24
62961,98,84,14,14
62962,90,86,4,4
62963,115,102,13,13
62964,109,99,10,10
62965,69,69,0,0
62966,64,58,6,6
62967,185,150,35,35
62968,114,98,16,16
62969,191,151,40,40
62970,49,44,5,5
62971,83,81,2,2
62972,100,89,11,11
62973,98,81,17,17
62974,69,72,-3,3
62975,103,82,21,21
62976,148,135,13,13
62977,81,66,15,15
62978,151,133,18,18
62979,70,60,10,10
62980,88,74,14,14
62981,93,88,5,5
62982,60,71,-11,11
62983,88,74,14,14
62984,63,61,2,2
62985,92,79,13,13
62986,108,100,8,8
62987,78,79,-1,1
62988,156,123,33,33
62989,63,57,6,6
62990,58,58,0,0
62991,38,39,-1,1
62992,107,90,17,17
62993,101,87,14,14
62994,65,63,2,2
62995,120,114,6,6
62996,101,87,14,14
62997,106,85,21,21
62998,72,64,8,8
62999,127,104,23,23
63000,65,61,4,4
63001,126,103,23,23
63002,113,101,12,12
63003,104,102,2,2
63004,152,132,20,20
63005,57,55,2,2
63006,83,70,13,13
63007,101,94,7,7
63008,81,74,7,7
63009,54,59,-5,5
63010,80,71,9,9
63011,83,79,4,4
63012,31,39,-8,8
63013,64,60,4,4
63014,159,144,15,15
63015,133,115,18,18
63016,116,107,9,9
63017,57,47,10,10
63018,99,84,15,15
63019,62,53,9,9
63020,90,79,11,11
63021,117,103,14,14
63022,142,118,24,24
63023,177,144,33,33
63024,59,54,5,5
63025,89,89,0,0
63026,69,60,9,9
63027,63,65,-2,2
63028,46,72,-26,26
63029,136,132,4,4
63030,105,105,0,0
63031,127,119,8,8
63032,66,68,-2,2
63033,138,120,18,18
63034,71,63,8,8
63035,97,87,10,10
63036,112,100,12,12
63037,77,73,4,4
63038,57,54,3,3
63039,84,80,4,4
63040,85,74,11,11
63041,111,92,19,19
63042,123,108,15,15
63043,110,105,5,5
63044,114,106,8,8
63045,111,125,-14,14
63046,71,72,-1,1
63047,93,78,15,15
63048,343,275,68,68
63049,72,67,5,5
63050,186,146,40,40
63051,62,56,6,6
63052,79,73,6,6
63053,129,115,14,14
63054,121,123,-2,2
63055,105,91,14,14
63056,157,130,27,27
63057,115,95,20,20
63058,78,67,11,11
63059,179,166,13,13
63060,80,71,9,9
63061,113,109,4,4
63062,87,80,7,7
63063,95,85,10,10
63064,95,90,5,5
63065,104,93,11,11
63066,88,81,7,7
63067,61,63,-2,2
63068,63,52,11,11
63069,87,93,-6,6
63070,157,147,10,10
63071,92,115,-23,23
63072,53,51,2,2
63073,128,103,25,25
63074,114,98,16,16
63075,95,81,14,14
63076,102,89,13,13
63077,120,111,9,9
63078,110,108,2,2
63079,207,174,33,33
63080,103,90,13,13
63081,55,53,2,2
63082,98,85,13,13
63083,99,90,9,9
63084,94,85,9,9
63085,82,83,-1,1
63086,60,76,-16,16
63087,95,87,8,8
63088,113,93,20,20
63089,113,101,12,12
63090,105,90,15,15
63091,80,64,16,16
63092,104,101,3,3
63093,97,84,13,13
63094,62,64,-2,2
63095,62,67,-5,5
63096,85,83,2,2
63097,114,97,17,17
63098,72,59,13,13
63099,82,69,13,13
63100,94,77,17,17
63101,90,84,6,6
63102,110,90,20,20
63103,90,76,14,14
63104,80,75,5,5
63105,109,88,21,21
63106,61,61,0,0
63107,185,159,26,26
63108,117,103,14,14
63109,139,124,15,15
63110,56,56,0,0
63111,74,65,9,9
63112,107,102,5,5
63113,78,78,0,0
63114,51,49,2,2
63115,87,79,8,8
63116,114,97,17,17
63117,83,74,9,9
63118,137,110,27,27
63119,117,99,18,18
63120,87,84,3,3
63121,69,66,3,3
63122,86,80,6,6
63123,150,135,15,15
63124,162,136,26,26
63125,87,77,10,10
63126,68,62,6,6
63127,68,61,7,7
63128,126,101,25,25
63129,109,89,20,20
63130,106,103,3,3
63131,114,100,14,14
63132,136,129,7,7
63133,128,103,25,25
63134,109,102,7,7
63135,114,103,11,11
63136,102,93,9,9
63137,144,114,30,30
63138,52,48,4,4
63139,73,72,1,1
63140,116,99,17,17
63141,111,88,23,23
63142,106,99,7,7
63143,125,110,15,15
63144,119,92,27,27
63145,77,72,5,5
63146,78,69,9,9
63147,62,55,7,7
63148,80,77,3,3
63149,101,93,8,8
63150,130,121,9,9
63151,165,133,32,32
63152,88,68,20,20
63153,97,102,-5,5
63154,125,100,25,25
63155,55,54,1,1
63156,76,73,3,3
63157,124,115,9,9
63158,82,79,3,3
63159,60,58,2,2
63160,107,92,15,15
63161,109,101,8,8
63162,162,137,25,25
63163,95,104,-9,9
63164,54,49,5,5
63165,125,109,16,16
63166,107,88,19,19
63167,74,60,14,14
63168,155,132,23,23
63169,77,75,2,2
63170,80,67,13,13
63171,122,111,11,11
63172,71,71,0,0
63173,112,96,16,16
63174,61,65,-4,4
63175,88,83,5,5
63176,171,137,34,34
63177,98,83,15,15
63178,59,56,3,3
63179,150,135,15,15
63180,94,84,10,10
63181,112,100,12,12
63182,113,83,30,30
63183,92,82,10,10
63184,121,109,12,12
63185,101,86,15,15
63186,82,72,10,10
63187,125,98,27,27
63188,74,67,7,7
63189,68,64,4,4
63190,104,96,8,8
63191,80,77,3,3
63192,101,85,16,16
63193,96,92,4,4
63194,96,85,11,11
63195,79,78,1,1
63196,75,67,8,8
63197,121,108,13,13
63198,173,143,30,30
63199,123,104,19,19
63200,124,102,22,22
63201,123,103,20,20
63202,129,118,11,11
63203,119,95,24,24
63204,107,101,6,6
63205,117,99,18,18
63206,74,71,3,3
63207,72,71,1,1
63208,92,88,4,4
63209,102,85,17,17
63210,123,118,5,5
63211,119,112,7,7
63212,71,62,9,9
63213,64,65,-1,1
63214,108,90,18,18
63215,140,114,26,26
63216,90,84,6,6
63217,128,109,19,19
63218,99,90,9,9
63219,82,87,-5,5
63220,156,138,18,18
63221,137,120,17,17
63222,78,65,13,13
63223,95,88,7,7
63224,82,86,-4,4
63225,90,84,6,6
63226,64,60,4,4
63227,73,71,2,2
63228,53,57,-4,4
63229,123,107,16,16
63230,62,63,-1,1
63231,92,92,0,0
63232,123,102,21,21
63233,125,105,20,20
63234,41,45,-4,4
63235,187,154,33,33
63236,91,83,8,8
63237,76,70,6,6
63238,176,146,30,30
63239,93,89,4,4
63240,87,79,8,8
63241,89,83,6,6
63242,88,73,15,15
63243,99,86,13,13
63244,134,107,27,27
63245,95,85,10,10
63246,105,93,12,12
63247,42,48,-6,6
63248,96,82,14,14
63249,50,57,-7,7
63250,63,59,4,4
63251,95,96,-1,1
63252,99,87,12,12
63253,109,112,-3,3
63254,133,107,26,26
63255,90,73,17,17
63256,71,65,6,6
63257,58,66,-8,8
63258,173,145,28,28
63259,77,65,12,12
63260,88,58,30,30
63261,72,64,8,8
63262,116,98,18,18
63263,61,59,2,2
63264,94,77,17,17
63265,117,111,6,6
63266,114,103,11,11
63267,147,121,26,26
63268,125,107,18,18
63269,100,95,5,5
63270,101,83,18,18
63271,112,105,7,7
63272,94,76,18,18
63273,119,96,23,23
63274,154,131,23,23
63275,82,74,8,8
63276,58,61,-3,3
63277,131,103,28,28
63278,82,75,7,7
63279,96,86,10,10
63280,80,67,13,13
63281,118,107,11,11
63282,51,61,-10,10
63283,164,138,26,26
63284,77,95,-18,18
63285,144,130,14,14
63286,132,120,12,12
63287,89,79,10,10
63288,78,67,11,11
63289,51,50,1,1
63290,100,94,6,6
63291,108,94,14,14
63292,143,111,32,32
63293,88,76,12,12
63294,67,59,8,8
63295,121,114,7,7
63296,90,75,15,15
63297,65,62,3,3
63298,79,72,7,7
63299,144,119,25,25
63300,55,47,8,8
63301,78,73,5,5
63302,82,89,-7,7
63303,78,69,9,9
63304,160,143,17,17
63305,89,72,17,17
63306,101,98,3,3
63307,114,90,24,24
63308,86,73,13,13
63309,155,134,21,21
63310,105,98,7,7
63311,76,65,11,11
63312,149,128,21,21
63313,99,99,0,0
63314,120,97,23,23
63315,69,63,6,6
63316,102,89,13,13
63317,59,53,6,6
63318,54,57,-3,3
63319,107,87,20,20
63320,60,59,1,1
63321,70,59,11,11
63322,219,185,34,34
63323,83,74,9,9
63324,68,62,6,6
63325,89,83,6,6
63326,68,68,0,0
63327,108,99,9,9
63328,94,91,3,3
63329,90,84,6,6
63330,171,140,31,31
63331,35,36,-1,1
63332,39,41,-2,2
63333,80,105,-25,25
63334,69,62,7,7
63335,109,98,11,11
63336,112,109,3,3
63337,127,118,9,9
63338,87,82,5,5
63339,60,122,-62,62
63340,67,68,-1,1
63341,151,125,26,26
63342,115,99,16,16
63343,86,81,5,5
63344,97,78,19,19
63345,128,106,22,22
63346,137,109,28,28
63347,102,94,8,8
63348,76,72,4,4
63349,33,34,-1,1
63350,89,81,8,8
63351,68,59,9,9
63352,55,54,1,1
63353,104,97,7,7
63354,98,91,7,7
63355,67,60,7,7
63356,103,91,12,12
63357,87,78,9,9
63358,92,82,10,10
63359,97,79,18,18
63360,144,125,19,19
63361,94,99,-5,5
63362,95,76,19,19
63363,131,105,26,26
63364,102,85,17,17
63365,132,117,15,15
63366,83,77,6,6
63367,127,115,12,12
63368,71,62,9,9
63369,86,78,8,8
63370,202,159,43,43
63371,181,152,29,29
63372,129,113,16,16
63373,112,96,16,16
63374,118,102,16,16
63375,46,41,5,5
63376,120,94,26,26
63377,55,60,-5,5
63378,141,122,19,19
63379,92,79,13,13
63380,137,126,11,11
63381,59,56,3,3
63382,192,172,20,20
63383,144,129,15,15
63384,91,84,7,7
63385,111,99,12,12
63386,52,46,6,6
63387,135,115,20,20
63388,43,51,-8,8
63389,138,110,28,28
63390,159,125,34,34
63391,88,85,3,3
63392,63,59,4,4
63393,90,82,8,8
63394,101,84,17,17
63395,72,66,6,6
63396,64,56,8,8
63397,81,69,12,12
63398,94,86,8,8
63399,125,107,18,18
63400,64,57,7,7
63401,68,64,4,4
63402,77,77,0,0
63403,125,114,11,11
63404,68,63,5,5
63405,131,111,20,20
63406,72,64,8,8
63407,113,95,18,18
63408,136,121,15,15
63409,136,113,23,23
63410,129,103,26,26
63411,118,98,20,20
63412,79,69,10,10
63413,98,84,14,14
63414,117,100,17,17
63415,98,96,2,2
63416,30,42,-12,12
63417,76,59,17,17
63418,87,75,12,12
63419,110,96,14,14
63420,80,74,6,6
63421,48,57,-9,9
63422,120,103,17,17
63423,98,90,8,8
63424,43,44,-1,1
63425,84,74,10,10
63426,62,58,4,4
63427,165,146,19,19
63428,56,54,2,2
63429,85,78,7,7
63430,109,89,20,20
63431,149,126,23,23
63432,55,50,5,5
63433,89,82,7,7
63434,68,68,0,0
63435,68,63,5,5
63436,146,128,18,18
63437,112,96,16,16
63438,104,90,14,14
63439,49,44,5,5
63440,67,58,9,9
63441,70,59,11,11
63442,109,91,18,18
63443,56,51,5,5
63444,148,127,21,21
63445,97,87,10,10
63446,79,70,9,9
63447,116,95,21,21
63448,97,84,13,13
63449,79,71,8,8
63450,74,60,14,14
63451,67,54,13,13
63452,118,99,19,19
63453,72,70,2,2
63454,128,99,29,29
63455,113,104,9,9
63456,103,98,5,5
63457,86,83,3,3
63458,59,57,2,2
63459,114,108,6,6
63460,125,117,8,8
63461,105,89,16,16
63462,70,67,3,3
63463,147,119,28,28
63464,90,74,16,16
63465,81,79,2,2
63466,65,67,-2,2
63467,63,57,6,6
63468,110,98,12,12
63469,108,88,20,20
63470,62,76,-14,14
63471,107,94,13,13
63472,47,47,0,0
63473,76,69,7,7
63474,92,85,7,7
63475,129,114,15,15
63476,87,80,7,7
63477,90,74,16,16
63478,75,70,5,5
63479,69,69,0,0
63480,61,60,1,1
63481,76,67,9,9
63482,49,46,3,3
63483,133,119,14,14
63484,147,135,12,12
63485,115,90,25,25
63486,88,85,3,3
63487,70,62,8,8
63488,77,70,7,7
63489,64,57,7,7
63490,182,144,38,38
63491,103,86,17,17
63492,91,84,7,7
63493,104,90,14,14
63494,67,59,8,8
63495,90,83,7,7
63496,81,76,5,5
63497,140,124,16,16
63498,64,63,1,1
63499,132,118,14,14
63500,64,56,8,8
63501,117,102,15,15
63502,86,85,1,1
63503,216,173,43,43
63504,129,109,20,20
63505,107,94,13,13
63506,114,100,14,14
63507,99,84,15,15
63508,232,178,54,54
63509,81,74,7,7
63510,117,106,11,11
63511,142,126,16,16
63512,33,31,2,2
63513,80,76,4,4
63514,95,84,11,11
63515,84,74,10,10
63516,111,105,6,6
63517,53,54,-1,1
63518,47,54,-7,7
63519,80,72,8,8
63520,81,70,11,11
63521,74,66,8,8
63522,49,48,1,1
63523,124,100,24,24
63524,98,87,11,11
63525,155,138,17,17
63526,58,54,4,4
63527,111,97,14,14
63528,99,103,-4,4
63529,124,103,21,21
63530,62,59,3,3
63531,55,43,12,12
63532,72,64,8,8
63533,62,59,3,3
63534,74,65,9,9
63535,76,57,19,19
63536,102,86,16,16
63537,87,82,5,5
63538,136,115,21,21
63539,89,75,14,14
63540,68,61,7,7
63541,67,63,4,4
63542,97,89,8,8
63543,123,103,20,20
63544,170,141,29,29
63545,120,111,9,9
63546,110,103,7,7
63547,100,98,2,2
63548,37,39,-2,2
63549,84,66,18,18
63550,62,57,5,5
63551,145,125,20,20
63552,106,95,11,11
63553,115,98,17,17
63554,126,112,14,14
63555,141,134,7,7
63556,92,78,14,14
63557,110,97,13,13
63558,59,62,-3,3
63559,90,74,16,16
63560,77,70,7,7
63561,70,64,6,6
63562,77,67,10,10
63563,79,67,12,12
63564,154,129,25,25
63565,137,124,13,13
63566,106,91,15,15
63567,116,102,14,14
63568,119,96,23,23
63569,65,55,10,10
63570,139,118,21,21
63571,145,119,26,26
63572,141,121,20,20
63573,119,101,18,18
63574,70,67,3,3
63575,78,73,5,5
63576,75,59,16,16
63577,100,85,15,15
63578,163,134,29,29
63579,162,144,18,18
63580,153,128,25,25
63581,94,87,7,7
63582,74,66,8,8
63583,88,80,8,8
63584,67,66,1,1
63585,100,99,1,1
63586,117,111,6,6
63587,80,69,11,11
63588,95,75,20,20
63589,77,71,6,6
63590,121,106,15,15
63591,141,119,22,22
63592,83,68,15,15
63593,55,53,2,2
63594,87,70,17,17
63595,76,72,4,4
63596,116,92,24,24
63597,162,168,-6,6
63598,114,101,13,13
63599,79,70,9,9
63600,117,107,10,10
63601,54,54,0,0
63602,87,83,4,4
63603,124,113,11,11
63604,101,90,11,11
63605,53,50,3,3
63606,133,114,19,19
63607,75,82,-7,7
63608,78,81,-3,3
63609,69,75,-6,6
63610,40,38,2,2
63611,84,73,11,11
63612,94,85,9,9
63613,75,63,12,12
63614,95,88,7,7
63615,82,86,-4,4
63616,75,66,9,9
63617,141,106,35,35
63618,98,92,6,6
63619,101,98,3,3
63620,49,45,4,4
63621,45,42,3,3
63622,94,86,8,8
63623,132,100,32,32
63624,122,96,26,26
63625,96,86,10,10
63626,89,75,14,14
63627,114,104,10,10
63628,112,93,19,19
63629,55,57,-2,2
63630,63,57,6,6
63631,133,103,30,30
63632,71,71,0,0
63633,81,66,15,15
63634,104,96,8,8
63635,97,78,19,19
63636,103,99,4,4
63637,110,88,22,22
63638,91,81,10,10
63639,60,57,3,3
63640,58,59,-1,1
63641,91,81,10,10
63642,69,65,4,4
63643,75,77,-2,2
63644,175,158,17,17
63645,62,60,2,2
63646,121,109,12,12
63647,64,60,4,4
63648,103,87,16,16
63649,109,67,42,42
63650,111,91,20,20
63651,87,73,14,14
63652,146,124,22,22
63653,68,64,4,4
63654,69,67,2,2
63655,79,80,-1,1
63656,111,98,13,13
63657,72,61,11,11
63658,110,93,17,17
63659,106,94,12,12
63660,112,91,21,21
63661,85,66,19,19
63662,153,139,14,14
63663,102,79,23,23
63664,75,71,4,4
63665,123,102,21,21
63666,80,85,-5,5
63667,81,76,5,5
63668,76,69,7,7
63669,107,103,4,4
63670,163,142,21,21
63671,75,74,1,1
63672,83,73,10,10
63673,72,62,10,10
63674,73,69,4,4
63675,47,53,-6,6
63676,127,109,18,18
63677,31,32,-1,1
63678,88,75,13,13
63679,131,117,14,14
63680,140,135,5,5
63681,172,152,20,20
63682,86,73,13,13
63683,137,114,23,23
63684,108,96,12,12
63685,67,64,3,3
63686,157,152,5,5
63687,42,48,-6,6
63688,81,72,9,9
63689,96,78,18,18
63690,189,159,30,30
63691,97,96,1,1
63692,82,80,2,2
63693,105,88,17,17
63694,107,86,21,21
63695,81,76,5,5
63696,44,39,5,5
63697,93,85,8,8
63698,63,57,6,6
63699,46,90,-44,44
63700,128,121,7,7
63701,133,115,18,18
63702,40,42,-2,2
63703,119,100,19,19
63704,100,84,16,16
63705,96,85,11,11
63706,84,77,7,7
63707,188,162,26,26
63708,66,63,3,3
63709,145,125,20,20
63710,50,54,-4,4
63711,74,65,9,9
63712,82,75,7,7
63713,92,71,21,21
63714,131,113,18,18
63715,69,61,8,8
63716,97,80,17,17
63717,137,122,15,15
63718,98,89,9,9
63719,67,64,3,3
63720,107,102,5,5
63721,49,44,5,5
63722,76,69,7,7
63723,66,60,6,6
63724,170,138,32,32
63725,101,93,8,8
63726,95,76,19,19
63727,76,69,7,7
63728,82,73,9,9
63729,84,74,10,10
63730,106,99,7,7
63731,64,70,-6,6
63732,91,82,9,9
63733,86,76,10,10
63734,54,50,4,4
63735,82,90,-8,8
63736,89,81,8,8
63737,97,87,10,10
63738,161,135,26,26
63739,48,41,7,7
63740,109,92,17,17
63741,159,135,24,24
63742,106,95,11,11
63743,181,138,43,43
63744,129,121,8,8
63745,101,97,4,4
63746,114,97,17,17
63747,126,104,22,22
63748,168,134,34,34
63749,95,90,5,5
63750,80,74,6,6
63751,96,82,14,14
63752,35,43,-8,8
63753,73,68,5,5
63754,89,77,12,12
63755,107,89,18,18
63756,88,81,7,7
63757,92,87,5,5
63758,91,70,21,21
63759,91,75,16,16
63760,120,122,-2,2
63761,82,73,9,9
63762,80,76,4,4
63763,55,55,0,0
63764,76,63,13,13
63765,72,63,9,9
63766,105,89,16,16
63767,113,97,16,16
63768,67,60,7,7
63769,101,95,6,6
63770,80,72,8,8
63771,80,76,4,4
63772,96,81,15,15
63773,71,61,10,10
63774,148,132,16,16
63775,72,64,8,8
63776,127,117,10,10
63777,75,69,6,6
63778,83,78,5,5
63779,90,83,7,7
63780,86,83,3,3
63781,75,76,-1,1
63782,72,69,3,3
63783,70,59,11,11
63784,105,94,11,11
63785,41,45,-4,4
63786,68,64,4,4
63787,86,72,14,14
63788,64,53,11,11
63789,86,84,2,2
63790,51,56,-5,5
63791,124,99,25,25
63792,88,84,4,4
63793,93,83,10,10
63794,54,60,-6,6
63795,71,60,11,11
63796,132,121,11,11
63797,101,85,16,16
63798,172,141,31,31
63799,176,151,25,25
63800,173,154,19,19
63801,130,115,15,15
63802,79,68,11,11
63803,102,94,8,8
63804,133,111,22,22
63805,90,65,25,25
63806,102,88,14,14
63807,65,59,6,6
63808,128,112,16,16
63809,159,119,40,40
63810,57,53,4,4
63811,171,143,28,28
63812,66,71,-5,5
63813,165,142,23,23
63814,51,44,7,7
63815,111,100,11,11
63816,211,158,53,53
63817,89,75,14,14
63818,74,70,4,4
63819,86,90,-4,4
63820,129,98,31,31
63821,67,55,12,12
63822,112,101,11,11
63823,102,80,22,22
63824,76,66,10,10
63825,67,71,-4,4
63826,96,83,13,13
63827,115,106,9,9
63828,95,87,8,8
63829,129,111,18,18
63830,78,67,11,11
63831,58,59,-1,1
63832,93,81,12,12
63833,53,44,9,9
63834,62,56,6,6
63835,89,81,8,8
63836,110,95,15,15
63837,109,106,3,3
63838,34,59,-25,25
63839,94,75,19,19
63840,54,50,4,4
63841,111,100,11,11
63842,128,115,13,13
63843,141,123,18,18
63844,92,79,13,13
63845,102,82,20,20
63846,94,89,5,5
63847,130,109,21,21
63848,93,86,7,7
63849,86,67,19,19
63850,102,92,10,10
63851,137,110,27,27
63852,55,43,12,12
63853,118,103,15,15
63854,121,105,16,16
63855,155,125,30,30
63856,71,71,0,0
63857,140,124,16,16
63858,64,67,-3,3
63859,110,107,3,3
63860,119,110,9,9
63861,55,54,1,1
63862,80,77,3,3
63863,142,118,24,24
63864,44,50,-6,6
63865,111,103,8,8
63866,113,99,14,14
63867,146,116,30,30
63868,169,150,19,19
63869,129,105,24,24
63870,76,73,3,3
63871,67,60,7,7
63872,75,66,9,9
63873,68,63,5,5
63874,74,72,2,2
63875,80,69,11,11
63876,33,34,-1,1
63877,91,81,10,10
63878,75,65,10,10
63879,94,82,12,12
63880,142,114,28,28
63881,50,103,-53,53
63882,193,173,20,20
63883,81,78,3,3
63884,111,94,17,17
63885,130,114,16,16
63886,51,51,0,0
63887,73,65,8,8
63888,136,125,11,11
63889,94,84,10,10
63890,111,89,22,22
63891,119,102,17,17
63892,101,91,10,10
63893,79,67,12,12
63894,92,82,10,10
63895,84,76,8,8
63896,48,53,-5,5
63897,105,94,11,11
63898,87,70,17,17
63899,91,85,6,6
63900,78,75,3,3
63901,136,136,0,0
63902,123,115,8,8
63903,130,117,13,13
63904,126,106,20,20
63905,84,85,-1,1
63906,122,111,11,11
63907,124,111,13,13
63908,117,96,21,21
63909,49,44,5,5
63910,63,55,8,8
63911,64,58,6,6
63912,57,56,1,1
63913,37,42,-5,5
63914,38,45,-7,7
63915,56,51,5,5
63916,137,115,22,22
63917,109,103,6,6
63918,158,133,25,25
63919,112,107,5,5
63920,96,91,5,5
63921,99,92,7,7
63922,68,65,3,3
63923,94,87,7,7
63924,118,105,13,13
63925,80,77,3,3
63926,78,78,0,0
63927,94,80,14,14
63928,172,151,21,21
63929,39,40,-1,1
63930,62,68,-6,6
63931,152,120,32,32
63932,120,98,22,22
63933,90,74,16,16
63934,105,86,19,19
63935,80,70,10,10
63936,58,58,0,0
63937,51,53,-2,2
63938,90,79,11,11
63939,107,92,15,15
63940,71,67,4,4
63941,61,64,-3,3
63942,111,117,-6,6
63943,88,86,2,2
63944,56,56,0,0
63945,93,81,12,12
63946,106,91,15,15
63947,96,84,12,12
63948,81,80,1,1
63949,63,56,7,7
63950,112,105,7,7
63951,120,97,23,23
63952,59,50,9,9
63953,103,83,20,20
63954,50,53,-3,3
63955,115,85,30,30
63956,54,61,-7,7
63957,71,64,7,7
63958,59,53,6,6
63959,115,98,17,17
63960,47,50,-3,3
63961,100,89,11,11
63962,77,72,5,5
63963,195,154,41,41
63964,118,104,14,14
63965,90,80,10,10
63966,101,91,10,10
63967,141,124,17,17
63968,153,129,24,24
63969,72,72,0,0
63970,76,72,4,4
63971,141,111,30,30
63972,168,135,33,33
63973,189,142,47,47
63974,52,51,1,1
63975,90,81,9,9
63976,81,77,4,4
63977,54,55,-1,1
63978,128,104,24,24
63979,86,83,3,3
63980,65,66,-1,1
63981,53,47,6,6
63982,57,57,0,0
63983,90,60,30,30
63984,73,75,-2,2
63985,75,75,0,0
63986,85,73,12,12
63987,143,126,17,17
63988,44,51,-7,7
63989,81,67,14,14
63990,76,75,1,1
63991,126,109,17,17
63992,46,50,-4,4
63993,139,110,29,29
63994,154,134,20,20
63995,161,147,14,14
63996,59,48,11,11
63997,78,74,4,4
63998,85,77,8,8
63999,48,54,-6,6
64000,71,62,9,9
64001,79,74,5,5
64002,65,60,5,5
64003,78,71,7,7
64004,117,104,13,13
64005,51,47,4,4
64006,153,84,69,69
64007,118,115,3,3
64008,66,58,8,8
64009,75,73,2,2
64010,102,96,6,6
64011,85,78,7,7
64012,64,61,3,3
64013,95,89,6,6
64014,160,130,30,30
64015,94,80,14,14
64016,68,73,-5,5
64017,180,155,25,25
64018,52,72,-20,20
64019,106,99,7,7
64020,85,77,8,8
64021,115,119,-4,4
64022,57,50,7,7
64023,104,93,11,11
64024,53,53,0,0
64025,79,66,13,13
64026,68,72,-4,4
64027,86,70,16,16
64028,121,100,21,21
64029,54,49,5,5
64030,74,67,7,7
64031,122,126,-4,4
64032,67,66,1,1
64033,128,118,10,10
64034,56,52,4,4
64035,146,125,21,21
64036,111,105,6,6
64037,86,82,4,4
64038,96,78,18,18
64039,144,138,6,6
64040,73,68,5,5
64041,50,52,-2,2
64042,179,153,26,26
64043,83,76,7,7
64044,62,58,4,4
64045,103,94,9,9
64046,101,88,13,13
64047,59,61,-2,2
64048,74,63,11,11
64049,72,60,12,12
64050,75,79,-4,4
64051,109,100,9,9
64052,102,87,15,15
64053,143,123,20,20
64054,83,86,-3,3
64055,156,141,15,15
64056,124,103,21,21
64057,80,73,7,7
64058,161,128,33,33
64059,54,58,-4,4
64060,75,82,-7,7
64061,155,120,35,35
64062,117,93,24,24
64063,130,114,16,16
64064,225,175,50,50
64065,94,83,11,11
64066,63,54,9,9
64067,72,62,10,10
64068,179,152,27,27
64069,141,125,16,16
64070,82,68,14,14
64071,62,52,10,10
64072,122,109,13,13
64073,79,67,12,12
64074,93,73,20,20
64075,137,144,-7,7
64076,110,100,10,10
64077,137,117,20,20
64078,84,67,17,17
64079,64,58,6,6
64080,64,54,10,10
64081,56,56,0,0
64082,70,62,8,8
64083,76,69,7,7
64084,118,99,19,19
64085,88,74,14,14
64086,81,70,11,11
64087,129,119,10,10
64088,64,64,0,0
64089,97,81,16,16
64090,123,115,8,8
64091,86,68,18,18
64092,97,84,13,13
64093,115,106,9,9
64094,96,94,2,2
64095,77,71,6,6
64096,168,162,6,6
64097,51,54,-3,3
64098,90,84,6,6
64099,56,59,-3,3
64100,71,76,-5,5
64101,107,98,9,9
64102,94,78,16,16
64103,46,51,-5,5
64104,118,95,23,23
64105,129,105,24,24
64106,106,98,8,8
64107,81,76,5,5
64108,82,70,12,12
64109,56,50,6,6
64110,79,67,12,12
64111,71,66,5,5
64112,148,136,12,12
64113,205,165,40,40
64114,142,109,33,33
64115,85,70,15,15
64116,47,47,0,0
64117,91,79,12,12
64118,108,94,14,14
64119,73,62,11,11
64120,102,95,7,7
64121,129,120,9,9
64122,130,142,-12,12
64123,103,84,19,19
64124,70,83,-13,13
64125,90,77,13,13
64126,118,120,-2,2
64127,85,68,17,17
64128,63,62,1,1
64129,62,56,6,6
64130,93,83,10,10
64131,66,72,-6,6
64132,57,53,4,4
64133,43,45,-2,2
64134,104,87,17,17
64135,131,114,17,17
64136,88,74,14,14
64137,79,72,7,7
64138,83,65,18,18
64139,77,66,11,11
64140,82,79,3,3
64141,109,95,14,14
64142,118,98,20,20
64143,134,121,13,13
64144,124,118,6,6
64145,105,99,6,6
64146,102,86,16,16
64147,109,92,17,17
64148,100,88,12,12
64149,84,80,4,4
64150,88,76,12,12
64151,86,77,9,9
64152,92,74,18,18
64153,125,107,18,18
64154,70,62,8,8
64155,167,121,46,46
64156,151,138,13,13
64157,80,64,16,16
64158,125,104,21,21
64159,140,133,7,7
64160,101,90,11,11
64161,68,57,11,11
64162,48,44,4,4
64163,105,89,16,16
64164,72,63,9,9
64165,73,70,3,3
64166,139,126,13,13
64167,88,81,7,7
64168,65,87,-22,22
64169,100,87,13,13
64170,150,129,21,21
64171,116,101,15,15
64172,64,59,5,5
64173,115,92,23,23
64174,58,57,1,1
64175,132,125,7,7
64176,91,77,14,14
64177,75,63,12,12
64178,98,90,8,8
64179,109,91,18,18
64180,115,93,22,22
64181,86,87,-1,1
64182,100,82,18,18
64183,77,68,9,9
64184,156,141,15,15
64185,63,55,8,8
64186,81,76,5,5
64187,95,87,8,8
64188,70,64,6,6
64189,100,91,9,9
64190,92,81,11,11
64191,150,137,13,13
64192,99,95,4,4
64193,133,114,19,19
64194,46,49,-3,3
64195,99,80,19,19
64196,128,105,23,23
64197,77,72,5,5
64198,77,70,7,7
64199,62,63,-1,1
64200,175,138,37,37
64201,183,161,22,22
64202,80,74,6,6
64203,124,115,9,9
64204,116,100,16,16
64205,140,118,22,22
64206,74,62,12,12
64207,104,108,-4,4
64208,43,52,-9,9
64209,191,159,32,32
64210,245,204,41,41
64211,94,79,15,15
64212,110,88,22,22
64213,86,78,8,8
64214,49,53,-4,4
64215,116,107,9,9
64216,58,53,5,5
64217,51,44,7,7
64218,96,85,11,11
64219,73,69,4,4
64220,100,92,8,8
64221,83,125,-42,42
64222,130,110,20,20
64223,64,63,1,1
64224,77,71,6,6
64225,126,117,9,9
64226,52,51,1,1
64227,84,73,11,11
64228,69,79,-10,10
64229,107,109,-2,2
64230,104,83,21,21
64231,55,51,4,4
64232,87,83,4,4
64233,88,81,7,7
64234,147,142,5,5
64235,122,102,20,20
64236,120,101,19,19
64237,166,142,24,24
64238,80,79,1,1
64239,122,110,12,12
64240,43,38,5,5
64241,121,98,23,23
64242,70,68,2,2
64243,101,90,11,11
64244,57,57,0,0
64245,100,87,13,13
64246,52,53,-1,1
64247,69,65,4,4
64248,52,45,7,7
64249,60,57,3,3
64250,74,64,10,10
64251,92,85,7,7
64252,47,50,-3,3
64253,91,80,11,11
64254,72,69,3,3
64255,45,42,3,3
64256,70,71,-1,1
64257,119,108,11,11
64258,113,104,9,9
64259,51,51,0,0
64260,56,55,1,1
64261,95,83,12,12
64262,82,84,-2,2
64263,79,72,7,7
64264,70,68,2,2
64265,78,72,6,6
64266,94,84,10,10
64267,68,61,7,7
64268,87,83,4,4
64269,164,167,-3,3
64270,101,84,17,17
64271,145,127,18,18
64272,50,48,2,2
64273,65,76,-11,11
64274,108,86,22,22
64275,77,68,9,9
64276,153,131,22,22
64277,113,94,19,19
64278,181,138,43,43
64279,52,45,7,7
64280,96,87,9,9
64281,139,119,20,20
64282,91,81,10,10
64283,73,67,6,6
64284,77,70,7,7
64285,71,64,7,7
64286,51,51,0,0
64287,90,80,10,10
64288,68,59,9,9
64289,73,67,6,6
64290,94,93,1,1
64291,69,61,8,8
64292,90,82,8,8
64293,154,140,14,14
64294,163,125,38,38
64295,74,70,4,4
64296,55,54,1,1
64297,73,70,3,3
64298,33,31,2,2
64299,154,128,26,26
64300,70,49,21,21
64301,72,67,5,5
64302,96,88,8,8
64303,117,104,13,13
64304,127,111,16,16
64305,84,80,4,4
64306,99,95,4,4
64307,72,66,6,6
64308,144,119,25,25
64309,74,70,4,4
64310,75,67,8,8
64311,89,76,13,13
64312,122,100,22,22
64313,165,139,26,26
64314,45,41,4,4
64315,82,81,1,1
64316,84,72,12,12
64317,166,146,20,20
64318,140,112,28,28
64319,96,90,6,6
64320,73,65,8,8
64321,200,165,35,35
64322,113,93,20,20
64323,137,116,21,21
64324,87,82,5,5
64325,127,111,16,16
64326,74,57,17,17
64327,89,78,11,11
64328,128,120,8,8
64329,73,68,5,5
64330,53,47,6,6
64331,26,43,-17,17
64332,104,94,10,10
64333,91,73,18,18
64334,157,134,23,23
64335,93,79,14,14
64336,125,114,11,11
64337,66,56,10,10
64338,125,108,17,17
64339,144,111,33,33
64340,106,88,18,18
64341,129,105,24,24
64342,86,85,1,1
64343,188,158,30,30
64344,142,114,28,28
64345,54,51,3,3
64346,185,139,46,46
64347,152,129,23,23
64348,55,48,7,7
64349,74,73,1,1
64350,132,125,7,7
64351,80,68,12,12
64352,77,67,10,10
64353,67,68,-1,1
64354,71,62,9,9
64355,129,107,22,22
64356,116,101,15,15
64357,97,83,14,14
64358,39,40,-1,1
64359,44,48,-4,4
64360,73,70,3,3
64361,78,68,10,10
64362,68,58,10,10
64363,57,50,7,7
64364,97,69,28,28
64365,77,67,10,10
64366,159,139,20,20
64367,144,118,26,26
64368,58,56,2,2
64369,74,74,0,0
64370,47,46,1,1
64371,86,74,12,12
64372,95,74,21,21
64373,74,65,9,9
64374,84,89,-5,5
64375,175,149,26,26
64376,47,44,3,3
64377,110,91,19,19
64378,181,153,28,28
64379,117,103,14,14
64380,77,63,14,14
64381,88,71,17,17
64382,84,83,1,1
64383,56,48,8,8
64384,49,43,6,6
64385,75,73,2,2
64386,58,54,4,4
64387,110,100,10,10
64388,80,74,6,6
64389,120,115,5,5
64390,79,87,-8,8
64391,107,102,5,5
64392,79,71,8,8
64393,69,67,2,2
64394,36,42,-6,6
64395,106,95,11,11
64396,64,56,8,8
64397,91,85,6,6
64398,70,67,3,3
64399,69,62,7,7
64400,75,72,3,3
64401,54,50,4,4
64402,69,68,1,1
64403,105,107,-2,2
64404,67,65,2,2
64405,28,37,-9,9
64406,57,53,4,4
64407,46,37,9,9
64408,52,51,1,1
64409,122,110,12,12
64410,101,87,14,14
64411,129,109,20,20
64412,143,138,5,5
64413,193,159,34,34
64414,55,52,3,3
64415,92,83,9,9
64416,107,80,27,27
64417,137,107,30,30
64418,100,90,10,10
64419,61,60,1,1
64420,113,91,22,22
64421,112,96,16,16
64422,78,64,14,14
64423,82,82,0,0
64424,58,62,-4,4
64425,65,55,10,10
64426,52,55,-3,3
64427,106,94,12,12
64428,47,48,-1,1
64429,72,76,-4,4
64430,75,71,4,4
64431,135,127,8,8
64432,87,81,6,6
64433,175,145,30,30
64434,99,93,6,6
64435,50,53,-3,3
64436,90,78,12,12
64437,83,81,2,2
64438,68,64,4,4
64439,85,77,8,8
64440,73,71,2,2
64441,58,63,-5,5
64442,78,73,5,5
64443,89,90,-1,1
64444,49,48,1,1
64445,73,59,14,14
64446,108,82,26,26
64447,60,60,0,0
64448,142,112,30,30
64449,217,172,45,45
64450,57,48,9,9
64451,61,54,7,7
64452,82,73,9,9
64453,73,68,5,5
64454,108,95,13,13
64455,139,126,13,13
64456,80,74,6,6
64457,218,180,38,38
64458,119,108,11,11
64459,105,93,12,12
64460,57,55,2,2
64461,106,105,1,1
64462,74,74,0,0
64463,77,74,3,3
64464,143,121,22,22
64465,103,88,15,15
64466,120,102,18,18
64467,124,97,27,27
64468,112,96,16,16
64469,105,88,17,17
64470,144,127,17,17
64471,97,81,16,16
64472,65,57,8,8
64473,74,66,8,8
64474,55,53,2,2
64475,80,73,7,7
64476,115,99,16,16
64477,145,131,14,14
64478,103,100,3,3
64479,132,111,21,21
64480,46,25,21,21
64481,59,52,7,7
64482,83,70,13,13
64483,150,132,18,18
64484,182,156,26,26
64485,44,50,-6,6
64486,64,69,-5,5
64487,53,49,4,4
64488,78,77,1,1
64489,112,106,6,6
64490,109,97,12,12
64491,95,94,1,1
64492,62,79,-17,17
64493,57,56,1,1
64494,130,116,14,14
64495,101,86,15,15
64496,135,120,15,15
64497,100,105,-5,5
64498,107,102,5,5
64499,97,91,6,6
64500,79,69,10,10
64501,80,76,4,4
64502,94,70,24,24
64503,122,108,14,14
64504,57,53,4,4
64505,58,57,1,1
64506,76,70,6,6
64507,144,119,25,25
64508,51,44,7,7
64509,54,53,1,1
64510,85,79,6,6
64511,61,57,4,4
64512,148,111,37,37
64513,33,40,-7,7
64514,99,85,14,14
64515,117,99,18,18
64516,82,72,10,10
64517,54,74,-20,20
64518,144,119,25,25
64519,141,122,19,19
64520,80,80,0,0
64521,203,164,39,39
64522,93,82,11,11
64523,65,63,2,2
64524,61,50,11,11
64525,139,116,23,23
64526,84,77,7,7
64527,72,73,-1,1
64528,68,67,1,1
64529,56,62,-6,6
64530,101,91,10,10
64531,63,65,-2,2
64532,94,87,7,7
64533,120,103,17,17
64534,113,105,8,8
64535,32,35,-3,3
64536,94,95,-1,1
64537,116,101,15,15
64538,101,85,16,16
64539,57,57,0,0
64540,144,123,21,21
64541,76,69,7,7
64542,94,83,11,11
64543,80,74,6,6
64544,100,89,11,11
64545,150,124,26,26
64546,85,82,3,3
64547,77,67,10,10
64548,75,68,7,7
64549,170,140,30,30
64550,138,124,14,14
64551,74,66,8,8
64552,83,74,9,9
64553,193,166,27,27
64554,95,77,18,18
64555,132,114,18,18
64556,69,63,6,6
64557,120,120,0,0
64558,102,92,10,10
64559,87,74,13,13
64560,133,103,30,30
64561,106,94,12,12
64562,90,88,2,2
64563,61,58,3,3
64564,87,78,9,9
64565,130,110,20,20
64566,77,72,5,5
64567,80,89,-9,9
64568,95,76,19,19
64569,64,58,6,6
64570,57,63,-6,6
64571,70,64,6,6
64572,111,96,15,15
64573,54,56,-2,2
64574,142,147,-5,5
64575,52,53,-1,1
64576,47,52,-5,5
64577,133,120,13,13
64578,140,131,9,9
64579,60,58,2,2
64580,186,144,42,42
64581,77,70,7,7
64582,101,86,15,15
64583,59,53,6,6
64584,121,117,4,4
64585,104,96,8,8
64586,155,114,41,41
64587,83,72,11,11
64588,77,66,11,11
64589,123,99,24,24
64590,59,54,5,5
64591,105,80,25,25
64592,75,74,1,1
64593,116,96,20,20
64594,72,66,6,6
64595,149,137,12,12
64596,119,103,16,16
64597,63,63,0,0
64598,87,73,14,14
64599,137,120,17,17
64600,82,67,15,15
64601,125,106,19,19
64602,36,46,-10,10
64603,67,62,5,5
64604,116,102,14,14
64605,155,126,29,29
64606,103,81,22,22
64607,104,88,16,16
64608,143,126,17,17
64609,123,108,15,15
64610,121,102,19,19
64611,87,69,18,18
64612,72,69,3,3
64613,49,64,-15,15
64614,69,73,-4,4
64615,72,81,-9,9
64616,116,92,24,24
64617,138,127,11,11
64618,97,90,7,7
64619,63,58,5,5
64620,109,93,16,16
64621,80,73,7,7
64622,96,83,13,13
64623,98,79,19,19
64624,101,93,8,8
64625,143,124,19,19
64626,90,80,10,10
64627,85,76,9,9
64628,120,110,10,10
64629,65,54,11,11
64630,161,129,32,32
64631,124,97,27,27
64632,103,92,11,11
64633,99,88,11,11
64634,121,114,7,7
64635,122,106,16,16
64636,104,99,5,5
64637,160,151,9,9
64638,109,79,30,30
64639,63,59,4,4
64640,112,99,13,13
64641,88,78,10,10
64642,88,76,12,12
64643,101,102,-1,1
64644,50,46,4,4
64645,170,156,14,14
64646,64,66,-2,2
64647,102,98,4,4
64648,93,81,12,12
64649,132,112,20,20
64650,75,73,2,2
64651,84,70,14,14
64652,60,56,4,4
64653,103,103,0,0
64654,58,58,0,0
64655,153,120,33,33
64656,135,108,27,27
64657,62,76,-14,14
64658,162,129,33,33
64659,74,67,7,7
64660,90,74,16,16
64661,127,110,17,17
64662,97,91,6,6
64663,102,87,15,15
64664,117,106,11,11
64665,38,42,-4,4
64666,114,98,16,16
64667,45,40,5,5
64668,100,87,13,13
64669,61,54,7,7
64670,101,83,18,18
64671,120,106,14,14
64672,152,129,23,23
64673,84,79,5,5
64674,100,82,18,18
64675,108,91,17,17
64676,124,120,4,4
64677,148,136,12,12
64678,46,45,1,1
64679,119,107,12,12
64680,118,97,21,21
64681,52,55,-3,3
64682,104,99,5,5
64683,82,92,-10,10
64684,100,80,20,20
64685,118,95,23,23
64686,70,67,3,3
64687,104,80,24,24
64688,141,116,25,25
64689,97,86,11,11
64690,24,36,-12,12
64691,192,151,41,41
64692,71,60,11,11
64693,78,80,-2,2
64694,46,48,-2,2
64695,79,74,5,5
64696,153,119,34,34
64697,88,90,-2,2
64698,64,65,-1,1
64699,81,69,12,12
64700,81,74,7,7
64701,105,90,15,15
64702,88,80,8,8
64703,120,110,10,10
64704,68,61,7,7
64705,84,76,8,8
64706,121,102,19,19
64707,80,67,13,13
64708,138,124,14,14
64709,90,76,14,14
64710,87,81,6,6
64711,92,84,8,8
64712,111,107,4,4
64713,77,67,10,10
64714,74,68,6,6
64715,170,126,44,44
64716,77,72,5,5
64717,117,110,7,7
64718,151,120,31,31
64719,84,79,5,5
64720,108,104,4,4
64721,69,68,1,1
64722,121,110,11,11
64723,94,92,2,2
64724,41,43,-2,2
64725,140,118,22,22
64726,76,63,13,13
64727,85,70,15,15
64728,104,97,7,7
64729,48,52,-4,4
64730,128,119,9,9
64731,68,58,10,10
64732,70,62,8,8
64733,93,76,17,17
64734,69,82,-13,13
64735,56,53,3,3
64736,96,87,9,9
64737,50,45,5,5
64738,64,63,1,1
64739,69,69,0,0
64740,89,78,11,11
64741,75,73,2,2
64742,77,72,5,5
64743,68,58,10,10
64744,59,89,-30,30
64745,140,113,27,27
64746,79,68,11,11
64747,46,42,4,4
64748,54,44,10,10
64749,89,84,5,5
64750,99,94,5,5
64751,68,63,5,5
64752,86,86,0,0
64753,106,84,22,22
64754,82,72,10,10
64755,97,119,-22,22
64756,29,44,-15,15
64757,99,85,14,14
64758,119,109,10,10
64759,102,93,9,9
64760,104,95,9,9
64761,148,113,35,35
64762,146,123,23,23
64763,107,92,15,15
64764,49,51,-2,2
64765,45,44,1,1
64766,133,119,14,14
64767,102,99,3,3
64768,110,103,7,7
64769,100,89,11,11
64770,112,95,17,17
64771,59,64,-5,5
64772,73,62,11,11
64773,115,111,4,4
64774,88,79,9,9
64775,77,80,-3,3
64776,133,117,16,16
64777,86,79,7,7
64778,74,58,16,16
64779,125,111,14,14
64780,97,89,8,8
64781,71,61,10,10
64782,42,41,1,1
64783,140,122,18,18
64784,70,65,5,5
64785,76,75,1,1
64786,59,53,6,6
64787,87,85,2,2
64788,134,110,24,24
64789,173,144,29,29
64790,47,45,2,2
64791,112,90,22,22
64792,94,92,2,2
64793,81,69,12,12
64794,152,133,19,19
64795,56,58,-2,2
64796,72,66,6,6
64797,82,75,7,7
64798,68,62,6,6
64799,87,81,6,6
64800,116,119,-3,3
64801,49,42,7,7
64802,124,107,17,17
64803,146,133,13,13
64804,151,128,23,23
64805,67,83,-16,16
64806,57,84,-27,27
64807,147,131,16,16
64808,104,95,9,9
64809,124,113,11,11
64810,46,46,0,0
64811,118,101,17,17
64812,110,100,10,10
64813,82,74,8,8
64814,97,80,17,17
64815,104,86,18,18
64816,46,43,3,3
64817,76,76,0,0
64818,66,64,2,2
64819,51,48,3,3
64820,63,54,9,9
64821,81,70,11,11
64822,110,100,10,10
64823,160,137,23,23
64824,65,60,5,5
64825,43,43,0,0
64826,67,117,-50,50
64827,104,89,15,15
64828,83,82,1,1
64829,57,63,-6,6
64830,139,121,18,18
64831,78,69,9,9
64832,68,58,10,10
64833,91,79,12,12
64834,117,105,12,12
64835,117,99,18,18
64836,110,104,6,6
64837,67,61,6,6
64838,89,83,6,6
64839,96,91,5,5
64840,92,92,0,0
64841,87,78,9,9
64842,92,73,19,19
64843,59,61,-2,2
64844,66,59,7,7
64845,160,143,17,17
64846,188,146,42,42
64847,96,89,7,7
64848,75,73,2,2
64849,140,117,23,23
64850,95,84,11,11
64851,83,76,7,7
64852,103,94,9,9
64853,81,75,6,6
64854,87,78,9,9
64855,90,80,10,10
64856,66,61,5,5
64857,100,86,14,14
64858,75,72,3,3
64859,50,49,1,1
64860,68,65,3,3
64861,82,70,12,12
64862,72,61,11,11
64863,56,53,3,3
64864,113,101,12,12
64865,41,43,-2,2
64866,56,56,0,0
64867,92,79,13,13
64868,68,61,7,7
64869,63,58,5,5
64870,111,104,7,7
64871,74,69,5,5
64872,91,83,8,8
64873,84,118,-34,34
64874,107,103,4,4
64875,95,82,13,13
64876,80,67,13,13
64877,125,124,1,1
64878,57,50,7,7
64879,115,108,7,7
64880,117,101,16,16
64881,71,69,2,2
64882,72,63,9,9
64883,199,160,39,39
64884,100,94,6,6
64885,75,61,14,14
64886,78,69,9,9
64887,82,71,11,11
64888,85,80,5,5
64889,53,58,-5,5
64890,89,80,9,9
64891,111,90,21,21
64892,58,53,5,5
64893,74,61,13,13
64894,106,106,0,0
64895,139,123,16,16
64896,94,82,12,12
64897,66,60,6,6
64898,140,110,30,30
64899,100,92,8,8
64900,60,56,4,4
64901,118,95,23,23
64902,108,87,21,21
64903,131,103,28,28
64904,141,137,4,4
64905,107,92,15,15
64906,65,72,-7,7
64907,104,98,6,6
64908,121,112,9,9
64909,93,91,2,2
64910,85,82,3,3
64911,77,66,11,11
64912,113,96,17,17
64913,44,43,1,1
64914,110,112,-2,2
64915,75,62,13,13
64916,65,68,-3,3
64917,59,54,5,5
64918,102,84,18,18
64919,93,100,-7,7
64920,85,77,8,8
64921,57,52,5,5
64922,129,107,22,22
64923,45,50,-5,5
64924,60,71,-11,11
64925,89,86,3,3
64926,93,84,9,9
64927,104,91,13,13
64928,55,51,4,4
64929,83,79,4,4
64930,137,116,21,21
64931,109,87,22,22
64932,69,63,6,6
64933,110,112,-2,2
64934,119,91,28,28
64935,97,81,16,16
64936,81,73,8,8
64937,104,92,12,12
64938,71,72,-1,1
64939,50,54,-4,4
64940,136,114,22,22
64941,70,59,11,11
64942,63,65,-2,2
64943,90,87,3,3
64944,102,89,13,13
64945,50,49,1,1
64946,138,114,24,24
64947,103,115,-12,12
64948,127,107,20,20
64949,129,117,12,12
64950,144,127,17,17
64951,52,57,-5,5
64952,72,68,4,4
64953,94,88,6,6
64954,77,64,13,13
64955,62,61,1,1
64956,91,84,7,7
64957,58,53,5,5
64958,78,68,10,10
64959,63,60,3,3
64960,111,91,20,20
64961,87,78,9,9
64962,85,75,10,10
64963,224,173,51,51
64964,99,85,14,14
64965,84,71,13,13
64966,101,90,11,11
64967,156,126,30,30
64968,50,49,1,1
64969,82,71,11,11
64970,190,170,20,20
64971,127,118,9,9
64972,61,60,1,1
64973,100,92,8,8
64974,81,78,3,3
64975,141,110,31,31
64976,80,69,11,11
64977,67,62,5,5
64978,90,83,7,7
64979,81,67,14,14
64980,55,46,9,9
64981,85,78,7,7
64982,36,38,-2,2
64983,87,72,15,15
64984,73,76,-3,3
64985,90,77,13,13
64986,69,56,13,13
64987,88,78,10,10
64988,64,61,3,3
64989,56,49,7,7
64990,130,107,23,23
64991,59,53,6,6
64992,140,131,9,9
64993,129,108,21,21
64994,122,104,18,18
64995,69,61,8,8
64996,65,68,-3,3
64997,103,92,11,11
64998,36,32,4,4
64999,193,169,24,24
65000,123,104,19,19
65001,77,72,5,5
65002,75,66,9,9
65003,85,85,0,0
65004,124,109,15,15
65005,148,135,13,13
65006,92,85,7,7
65007,70,61,9,9
65008,129,105,24,24
65009,51,47,4,4
65010,98,80,18,18
65011,130,108,22,22
65012,134,115,19,19
65013,89,75,14,14
65014,83,83,0,0
65015,89,81,8,8
65016,101,87,14,14
65017,110,88,22,22
65018,68,62,6,6
65019,68,59,9,9
65020,72,67,5,5
65021,77,74,3,3
65022,147,123,24,24
65023,117,103,14,14
65024,79,87,-8,8
65025,103,94,9,9
65026,65,63,2,2
65027,102,90,12,12
65028,66,62,4,4
65029,101,84,17,17
65030,77,71,6,6
65031,58,58,0,0
65032,75,70,5,5
65033,50,60,-10,10
65034,116,99,17,17
65035,78,68,10,10
65036,111,90,21,21
65037,35,39,-4,4
65038,94,82,12,12
65039,136,113,23,23
65040,71,62,9,9
65041,94,97,-3,3
65042,81,69,12,12
65043,54,48,6,6
65044,94,79,15,15
65045,94,86,8,8
65046,143,128,15,15
65047,82,73,9,9
65048,156,129,27,27
65049,81,78,3,3
65050,169,148,21,21
65051,104,89,15,15
65052,107,97,10,10
65053,69,77,-8,8
65054,123,95,28,28
65055,51,51,0,0
65056,88,86,2,2
65057,41,43,-2,2
65058,56,60,-4,4
65059,138,119,19,19
65060,102,89,13,13
65061,97,89,8,8
65062,124,119,5,5
65063,124,102,22,22
65064,119,120,-1,1
65065,55,51,4,4
65066,116,102,14,14
65067,60,53,7,7
65068,134,109,25,25
65069,63,80,-17,17
65070,73,69,4,4
65071,145,127,18,18
65072,111,105,6,6
65073,110,104,6,6
65074,194,161,33,33
65075,92,87,5,5
65076,97,79,18,18
65077,116,105,11,11
65078,61,52,9,9
65079,150,130,20,20
65080,45,43,2,2
65081,99,78,21,21
65082,79,69,10,10
65083,118,110,8,8
65084,74,64,10,10
65085,108,94,14,14
65086,85,71,14,14
65087,89,73,16,16
65088,107,99,8,8
65089,165,152,13,13
65090,84,72,12,12
65091,132,112,20,20
65092,90,78,12,12
65093,144,107,37,37
65094,87,82,5,5
65095,103,81,22,22
65096,98,93,5,5
65097,88,78,10,10
65098,125,107,18,18
65099,112,93,19,19
65100,51,57,-6,6
65101,105,99,6,6
65102,149,115,34,34
65103,109,94,15,15
65104,74,68,6,6
65105,83,75,8,8
65106,85,78,7,7
65107,75,63,12,12
65108,78,77,1,1
65109,67,62,5,5
65110,48,52,-4,4
65111,109,87,22,22
65112,92,78,14,14
65113,90,83,7,7
65114,90,78,12,12
65115,98,86,12,12
65116,76,68,8,8
65117,83,79,4,4
65118,148,136,12,12
65119,99,90,9,9
65120,68,65,3,3
65121,79,68,11,11
65122,98,90,8,8
65123,194,166,28,28
65124,90,75,15,15
65125,70,59,11,11
65126,88,78,10,10
65127,66,60,6,6
65128,81,63,18,18
65129,122,107,15,15
65130,96,88,8,8
65131,69,64,5,5
65132,113,92,21,21
65133,61,62,-1,1
65134,101,77,24,24
65135,178,155,23,23
65136,111,97,14,14
65137,81,71,10,10
65138,147,146,1,1
65139,121,103,18,18
65140,78,72,6,6
65141,86,76,10,10
65142,54,50,4,4
65143,46,44,2,2
65144,62,62,0,0
65145,94,105,-11,11
65146,101,91,10,10
65147,60,61,-1,1
65148,72,61,11,11
65149,75,76,-1,1
65150,148,122,26,26
65151,123,101,22,22
65152,81,82,-1,1
65153,126,114,12,12
65154,163,132,31,31
65155,105,96,9,9
65156,85,75,10,10
65157,102,88,14,14
65158,89,78,11,11
65159,123,111,12,12
65160,62,53,9,9
65161,78,79,-1,1
65162,98,83,15,15
65163,68,60,8,8
65164,99,93,6,6
65165,112,95,17,17
65166,89,77,12,12
65167,89,86,3,3
65168,83,70,13,13
65169,119,102,17,17
65170,92,89,3,3
65171,77,74,3,3
65172,74,65,9,9
65173,115,119,-4,4
65174,107,93,14,14
65175,98,82,16,16
65176,136,114,22,22
65177,42,48,-6,6
65178,119,107,12,12
65179,119,115,4,4
65180,109,89,20,20
65181,113,102,11,11
65182,164,138,26,26
65183,86,75,11,11
65184,97,88,9,9
65185,112,102,10,10
65186,124,109,15,15
65187,84,86,-2,2
65188,77,72,5,5
65189,87,81,6,6
65190,52,50,2,2
65191,112,94,18,18
65192,78,70,8,8
65193,93,83,10,10
65194,115,115,0,0
65195,76,65,11,11
65196,209,169,40,40
65197,41,50,-9,9
65198,115,98,17,17
65199,155,121,34,34
65200,53,49,4,4
65201,72,66,6,6
65202,110,79,31,31
65203,91,87,4,4
65204,99,86,13,13
65205,88,85,3,3
65206,100,91,9,9
65207,73,75,-2,2
65208,70,61,9,9
65209,126,107,19,19
65210,102,92,10,10
65211,97,82,15,15
65212,60,60,0,0
65213,44,49,-5,5
65214,62,67,-5,5
65215,52,52,0,0
65216,128,111,17,17
65217,168,143,25,25
65218,101,93,8,8
65219,106,98,8,8
65220,191,152,39,39
65221,51,57,-6,6
65222,196,148,48,48
65223,92,89,3,3
65224,47,44,3,3
65225,115,94,21,21
65226,70,61,9,9
65227,84,82,2,2
65228,145,126,19,19
65229,102,94,8,8
65230,31,33,-2,2
65231,65,57,8,8
65232,92,81,11,11
65233,77,74,3,3
65234,90,84,6,6
65235,30,32,-2,2
65236,72,73,-1,1
65237,109,99,10,10
65238,148,128,20,20
65239,81,76,5,5
65240,75,65,10,10
65241,60,55,5,5
65242,147,128,19,19
65243,95,75,20,20
65244,71,69,2,2
65245,145,134,11,11
65246,91,87,4,4
65247,48,61,-13,13
65248,94,84,10,10
65249,86,94,-8,8
65250,70,63,7,7
65251,120,109,11,11
65252,117,102,15,15
65253,118,84,34,34
65254,66,59,7,7
65255,70,62,8,8
65256,51,47,4,4
65257,80,74,6,6
65258,78,75,3,3
65259,136,109,27,27
65260,105,95,10,10
65261,94,76,18,18
65262,119,101,18,18
65263,119,107,12,12
65264,66,63,3,3
65265,133,113,20,20
65266,106,91,15,15
65267,110,90,20,20
65268,109,95,14,14
65269,97,99,-2,2
65270,54,58,-4,4
65271,143,131,12,12
65272,103,96,7,7
65273,55,54,1,1
65274,72,65,7,7
65275,300,217,83,83
65276,110,95,15,15
65277,120,106,14,14
65278,114,109,5,5
65279,65,62,3,3
65280,51,49,2,2
65281,107,90,17,17
65282,86,82,4,4
65283,91,82,9,9
65284,102,83,19,19
65285,72,59,13,13
65286,82,75,7,7
65287,134,112,22,22
65288,133,111,22,22
65289,79,75,4,4
65290,146,126,20,20
65291,176,163,13,13
65292,117,104,13,13
65293,82,75,7,7
65294,105,90,15,15
65295,89,81,8,8
65296,72,69,3,3
65297,71,58,13,13
65298,117,110,7,7
65299,140,121,19,19
65300,80,75,5,5
65301,53,51,2,2
65302,185,159,26,26
65303,111,90,21,21
65304,92,87,5,5
65305,91,79,12,12
65306,112,88,24,24
65307,59,54,5,5
65308,106,90,16,16
65309,53,61,-8,8
65310,132,118,14,14
65311,80,77,3,3
65312,163,145,18,18
65313,58,61,-3,3
65314,138,109,29,29
65315,173,146,27,27
65316,64,66,-2,2
65317,78,69,9,9
65318,101,97,4,4
65319,103,90,13,13
65320,87,74,13,13
65321,105,90,15,15
65322,94,79,15,15
65323,89,91,-2,2
65324,63,66,-3,3
65325,92,78,14,14
65326,139,123,16,16
65327,78,73,5,5
65328,58,72,-14,14
65329,77,72,5,5
65330,71,95,-24,24
65331,154,136,18,18
65332,93,81,12,12
65333,61,55,6,6
65334,168,140,28,28
65335,139,115,24,24
65336,78,72,6,6
65337,132,111,21,21
65338,56,50,6,6
65339,78,74,4,4
65340,86,79,7,7
65341,68,62,6,6
65342,31,57,-26,26
65343,60,56,4,4
65344,150,128,22,22
65345,117,102,15,15
65346,104,89,15,15
65347,102,91,11,11
65348,77,78,-1,1
65349,64,62,2,2
65350,103,93,10,10
65351,113,102,11,11
65352,96,89,7,7
65353,114,92,22,22
65354,126,110,16,16
65355,106,97,9,9
65356,59,55,4,4
65357,81,76,5,5
65358,109,91,18,18
65359,121,113,8,8
65360,70,63,7,7
65361,148,132,16,16
65362,94,86,8,8
65363,127,115,12,12
65364,117,107,10,10
65365,104,90,14,14
65366,46,49,-3,3
65367,106,106,0,0
65368,94,77,17,17
65369,124,102,22,22
65370,62,60,2,2
65371,62,69,-7,7
65372,74,75,-1,1
65373,53,52,1,1
65374,40,40,0,0
65375,70,63,7,7
65376,60,58,2,2
65377,45,38,7,7
65378,111,102,9,9
65379,37,48,-11,11
65380,88,92,-4,4
65381,51,94,-43,43
65382,66,62,4,4
65383,76,68,8,8
65384,91,78,13,13
65385,121,106,15,15
65386,135,117,18,18
65387,87,84,3,3
65388,99,90,9,9
65389,106,94,12,12
65390,83,78,5,5
65391,94,78,16,16
65392,76,68,8,8
65393,69,60,9,9
65394,100,101,-1,1
65395,118,102,16,16
65396,66,73,-7,7
65397,89,81,8,8
65398,104,106,-2,2
65399,110,86,24,24
65400,106,90,16,16
65401,118,102,16,16
65402,83,79,4,4
65403,85,75,10,10
65404,73,76,-3,3
65405,72,60,12,12
65406,61,56,5,5
65407,59,56,3,3
65408,114,107,7,7
65409,68,67,1,1
65410,179,154,25,25
65411,70,65,5,5
65412,91,80,11,11
65413,114,100,14,14
65414,108,94,14,14
65415,79,74,5,5
65416,79,67,12,12
65417,125,113,12,12
65418,117,96,21,21
65419,68,70,-2,2
65420,79,70,9,9
65421,103,101,2,2
65422,207,158,49,49
65423,63,62,1,1
65424,117,104,13,13
65425,63,59,4,4
65426,71,66,5,5
65427,74,80,-6,6
65428,55,47,8,8
65429,170,140,30,30
65430,69,61,8,8
65431,51,55,-4,4
65432,55,52,3,3
65433,73,63,10,10
65434,89,94,-5,5
65435,173,139,34,34
65436,119,105,14,14
65437,85,79,6,6
65438,94,87,7,7
65439,104,89,15,15
65440,96,87,9,9
65441,61,59,2,2
65442,86,82,4,4
65443,95,84,11,11
65444,161,138,23,23
65445,80,72,8,8
65446,112,95,17,17
65447,75,74,1,1
65448,141,115,26,26
65449,161,143,18,18
65450,99,89,10,10
65451,94,82,12,12
65452,146,118,28,28
65453,72,63,9,9
65454,105,82,23,23
65455,69,63,6,6
65456,113,95,18,18
65457,132,99,33,33
65458,121,111,10,10
65459,91,86,5,5
65460,70,60,10,10
65461,96,84,12,12
65462,155,128,27,27
65463,130,122,8,8
65464,186,147,39,39
65465,96,87,9,9
65466,146,138,8,8
65467,113,95,18,18
65468,86,81,5,5
65469,104,91,13,13
65470,66,58,8,8
65471,96,80,16,16
65472,88,70,18,18
65473,111,92,19,19
65474,146,115,31,31
65475,86,73,13,13
65476,46,43,3,3
65477,72,65,7,7
65478,170,135,35,35
65479,35,34,1,1
65480,90,83,7,7
65481,143,130,13,13
65482,157,131,26,26
65483,62,64,-2,2
65484,65,59,6,6
65485,75,64,11,11
65486,89,79,10,10
65487,82,69,13,13
65488,80,75,5,5
65489,56,50,6,6
65490,76,65,11,11
65491,113,101,12,12
65492,104,99,5,5
65493,99,85,14,14
65494,62,53,9,9
65495,140,129,11,11
65496,76,72,4,4
65497,114,99,15,15
65498,108,104,4,4
65499,81,66,15,15
65500,63,56,7,7
65501,125,106,19,19
65502,70,55,15,15
65503,90,82,8,8
65504,37,41,-4,4
65505,92,91,1,1
65506,96,91,5,5
65507,85,74,11,11
65508,106,99,7,7
65509,86,75,11,11
65510,101,79,22,22
65511,101,90,11,11
65512,100,95,5,5
65513,105,88,17,17
65514,71,70,1,1
65515,58,54,4,4
65516,179,147,32,32
65517,106,95,11,11
65518,89,83,6,6
65519,84,69,15,15
65520,113,95,18,18
65521,129,105,24,24
65522,87,87,0,0
65523,122,112,10,10
65524,109,98,11,11
65525,78,74,4,4
65526,96,86,10,10
65527,176,135,41,41
65528,114,97,17,17
65529,89,71,18,18
65530,115,92,23,23
65531,73,61,12,12
65532,68,64,4,4
65533,148,127,21,21
65534,70,64,6,6
65535,108,92,16,16
65536,60,52,8,8
65537,98,81,17,17
65538,47,46,1,1
65539,84,83,1,1
65540,60,54,6,6
65541,119,111,8,8
65542,66,65,1,1
65543,115,101,14,14
65544,172,137,35,35
65545,105,88,17,17
65546,83,70,13,13
65547,75,64,11,11
65548,48,46,2,2
65549,100,91,9,9
65550,59,61,-2,2
65551,67,56,11,11
65552,103,100,3,3
65553,48,47,1,1
65554,108,106,2,2
65555,77,60,17,17
65556,126,107,19,19
65557,82,94,-12,12
65558,38,44,-6,6
65559,99,82,17,17
65560,56,58,-2,2
65561,131,99,32,32
65562,96,78,18,18
65563,83,77,6,6
65564,120,100,20,20
65565,102,92,10,10
65566,93,88,5,5
65567,127,108,19,19
65568,67,52,15,15
65569,98,84,14,14
65570,77,64,13,13
65571,84,68,16,16
65572,96,82,14,14
65573,118,102,16,16
65574,84,78,6,6
65575,70,75,-5,5
65576,100,94,6,6
65577,118,101,17,17
65578,54,55,-1,1
65579,170,141,29,29
65580,91,87,4,4
65581,86,74,12,12
65582,82,79,3,3
65583,123,111,12,12
65584,94,84,10,10
65585,86,72,14,14
65586,142,133,9,9
65587,132,109,23,23
65588,140,121,19,19
65589,177,135,42,42
65590,54,57,-3,3
65591,51,51,0,0
65592,130,108,22,22
65593,71,66,5,5
65594,61,55,6,6
65595,93,80,13,13
65596,93,91,2,2
65597,83,68,15,15
65598,104,84,20,20
65599,93,86,7,7
65600,88,77,11,11
65601,89,84,5,5
65602,154,142,12,12
65603,53,49,4,4
65604,85,74,11,11
65605,89,85,4,4
65606,107,99,8,8
65607,102,90,12,12
65608,88,86,2,2
65609,35,34,1,1
65610,118,100,18,18
65611,63,56,7,7
65612,56,57,-1,1
65613,41,45,-4,4
65614,108,99,9,9
65615,137,122,15,15
65616,70,61,9,9
65617,131,126,5,5
65618,83,71,12,12
65619,87,76,11,11
65620,87,84,3,3
65621,134,117,17,17
65622,108,82,26,26
65623,73,71,2,2
65624,110,96,14,14
65625,100,75,25,25
65626,57,70,-13,13
65627,101,87,14,14
65628,124,107,17,17
65629,100,90,10,10
65630,116,105,11,11
65631,124,99,25,25
65632,119,109,10,10
65633,95,97,-2,2
65634,131,108,23,23
65635,46,48,-2,2
65636,119,99,20,20
65637,86,74,12,12
65638,148,130,18,18
65639,63,59,4,4
65640,84,71,13,13
65641,88,76,12,12
65642,125,102,23,23
65643,180,140,40,40
65644,92,88,4,4
65645,73,69,4,4
65646,54,55,-1,1
65647,125,115,10,10
65648,158,138,20,20
65649,115,101,14,14
65650,176,153,23,23
65651,71,81,-10,10
65652,109,105,4,4
65653,115,101,14,14
65654,135,114,21,21
65655,75,67,8,8
65656,71,70,1,1
65657,74,75,-1,1
65658,123,113,10,10
65659,85,78,7,7
65660,124,101,23,23
65661,51,52,-1,1
65662,53,54,-1,1
65663,97,93,4,4
65664,92,81,11,11
65665,122,109,13,13
65666,183,148,35,35
65667,94,94,0,0
65668,151,124,27,27
65669,65,59,6,6
65670,146,125,21,21
65671,68,70,-2,2
65672,186,113,73,73
65673,121,98,23,23
65674,77,70,7,7
65675,99,96,3,3
65676,102,95,7,7
65677,80,73,7,7
65678,123,110,13,13
65679,90,88,2,2
65680,96,89,7,7
65681,119,90,29,29
65682,136,117,19,19
65683,84,69,15,15
65684,135,120,15,15
65685,84,95,-11,11
65686,56,53,3,3
65687,81,75,6,6
65688,69,55,14,14
65689,89,73,16,16
65690,105,93,12,12
65691,113,100,13,13
65692,79,69,10,10
65693,167,133,34,34
65694,85,70,15,15
65695,80,72,8,8
65696,72,67,5,5
65697,129,109,20,20
65698,155,124,31,31
65699,53,52,1,1
65700,48,45,3,3
65701,45,38,7,7
65702,55,51,4,4
65703,99,88,11,11
65704,91,85,6,6
65705,75,66,9,9
65706,84,74,10,10
65707,38,42,-4,4
65708,41,47,-6,6
65709,86,78,8,8
65710,76,65,11,11
65711,53,53,0,0
65712,63,60,3,3
65713,79,69,10,10
65714,145,123,22,22
65715,97,90,7,7
65716,120,106,14,14
65717,74,66,8,8
65718,96,87,9,9
65719,101,84,17,17
65720,94,88,6,6
65721,92,75,17,17
65722,83,67,16,16
65723,122,97,25,25
65724,57,53,4,4
65725,56,59,-3,3
65726,123,111,12,12
65727,104,91,13,13
65728,147,125,22,22
65729,190,175,15,15
65730,120,104,16,16
65731,173,141,32,32
65732,52,48,4,4
65733,134,109,25,25
65734,110,93,17,17
65735,84,73,11,11
65736,92,85,7,7
65737,112,92,20,20
65738,60,58,2,2
65739,76,71,5,5
65740,159,128,31,31
65741,61,62,-1,1
65742,141,123,18,18
65743,107,96,11,11
65744,103,83,20,20
65745,129,119,10,10
65746,61,56,5,5
65747,77,65,12,12
65748,84,79,5,5
65749,78,71,7,7
65750,47,44,3,3
65751,140,115,25,25
65752,56,50,6,6
65753,154,126,28,28
65754,77,78,-1,1
65755,85,65,20,20
65756,104,102,2,2
65757,70,80,-10,10
65758,71,66,5,5
65759,63,56,7,7
65760,84,73,11,11
65761,110,88,22,22
65762,88,84,4,4
65763,74,70,4,4
65764,72,78,-6,6
65765,46,45,1,1
65766,94,84,10,10
65767,93,89,4,4
65768,63,56,7,7
65769,100,90,10,10
65770,71,64,7,7
65771,113,104,9,9
65772,88,76,12,12
65773,83,62,21,21
65774,76,79,-3,3
65775,83,67,16,16
65776,153,118,35,35
65777,134,123,11,11
65778,91,81,10,10
65779,56,51,5,5
65780,89,82,7,7
65781,51,51,0,0
65782,121,101,20,20
65783,107,96,11,11
65784,97,131,-34,34
65785,79,72,7,7
65786,115,98,17,17
65787,60,55,5,5
65788,105,92,13,13
65789,65,61,4,4
65790,57,54,3,3
65791,169,144,25,25
65792,92,83,9,9
65793,104,105,-1,1
65794,68,61,7,7
65795,72,61,11,11
65796,92,82,10,10
65797,124,111,13,13
65798,85,80,5,5
65799,123,109,14,14
65800,112,93,19,19
65801,138,134,4,4
65802,205,170,35,35
65803,88,80,8,8
65804,82,74,8,8
65805,77,74,3,3
65806,68,60,8,8
65807,125,109,16,16
65808,87,78,9,9
65809,112,103,9,9
65810,66,67,-1,1
65811,132,112,20,20
65812,136,109,27,27
65813,232,188,44,44
65814,63,62,1,1
65815,77,74,3,3
65816,121,105,16,16
65817,161,132,29,29
65818,200,148,52,52
65819,65,58,7,7
65820,104,84,20,20
65821,129,103,26,26
65822,129,132,-3,3
65823,123,102,21,21
65824,72,69,3,3
65825,59,54,5,5
65826,94,92,2,2
65827,102,103,-1,1
65828,74,68,6,6
65829,64,57,7,7
65830,48,49,-1,1
65831,80,75,5,5
65832,112,89,23,23
65833,67,113,-46,46
65834,79,78,1,1
65835,79,74,5,5
65836,51,50,1,1
65837,213,175,38,38
65838,116,109,7,7
65839,82,74,8,8
65840,88,79,9,9
65841,154,143,11,11
65842,93,78,15,15
65843,115,98,17,17
65844,58,50,8,8
65845,89,90,-1,1
65846,69,62,7,7
65847,124,103,21,21
65848,87,78,9,9
65849,114,105,9,9
65850,75,72,3,3
65851,46,58,-12,12
65852,54,50,4,4
65853,63,55,8,8
65854,54,50,4,4
65855,70,63,7,7
65856,98,83,15,15
65857,74,68,6,6
65858,76,66,10,10
65859,80,69,11,11
65860,73,115,-42,42
65861,108,94,14,14
65862,100,89,11,11
65863,64,53,11,11
65864,101,93,8,8
65865,75,67,8,8
65866,66,67,-1,1
65867,142,118,24,24
65868,47,43,4,4
65869,71,59,12,12
65870,26,27,-1,1
65871,53,52,1,1
65872,133,118,15,15
65873,96,87,9,9
65874,91,85,6,6
65875,83,70,13,13
65876,103,99,4,4
65877,89,74,15,15
65878,90,84,6,6
65879,95,92,3,3
65880,32,35,-3,3
65881,72,71,1,1
65882,99,76,23,23
65883,115,100,15,15
65884,86,86,0,0
65885,93,96,-3,3
65886,129,107,22,22
65887,92,80,12,12
65888,114,102,12,12
65889,84,79,5,5
65890,93,82,11,11
65891,89,92,-3,3
65892,59,53,6,6
65893,63,61,2,2
65894,59,56,3,3
65895,115,102,13,13
65896,144,111,33,33
65897,76,72,4,4
65898,112,97,15,15
65899,118,119,-1,1
65900,80,75,5,5
65901,106,96,10,10
65902,92,87,5,5
65903,65,61,4,4
65904,130,125,5,5
65905,108,92,16,16
65906,44,50,-6,6
65907,101,91,10,10
65908,72,71,1,1
65909,67,63,4,4
65910,73,71,2,2
65911,184,153,31,31
65912,83,71,12,12
65913,77,71,6,6
65914,113,98,15,15
65915,46,41,5,5
65916,101,99,2,2
65917,92,84,8,8
65918,122,101,21,21
65919,67,58,9,9
65920,134,108,26,26
65921,82,77,5,5
65922,142,130,12,12
65923,101,82,19,19
65924,119,116,3,3
65925,44,44,0,0
65926,105,96,9,9
65927,99,92,7,7
65928,127,108,19,19
65929,76,67,9,9
65930,107,86,21,21
65931,104,109,-5,5
65932,104,88,16,16
65933,100,90,10,10
65934,106,88,18,18
65935,66,57,9,9
65936,154,126,28,28
65937,124,113,11,11
65938,118,108,10,10
65939,79,69,10,10
65940,76,68,8,8
65941,89,77,12,12
65942,67,67,0,0
65943,104,94,10,10
65944,108,85,23,23
65945,76,69,7,7
65946,47,49,-2,2
65947,98,94,4,4
65948,137,125,12,12
65949,111,96,15,15
65950,62,57,5,5
65951,37,36,1,1
65952,69,62,7,7
65953,115,109,6,6
65954,98,95,3,3
65955,62,60,2,2
65956,94,82,12,12
65957,46,51,-5,5
65958,97,79,18,18
65959,108,87,21,21
65960,124,109,15,15
65961,74,79,-5,5
65962,113,102,11,11
65963,96,90,6,6
65964,135,111,24,24
65965,81,76,5,5
65966,101,89,12,12
65967,109,100,9,9
65968,121,105,16,16
65969,62,52,10,10
65970,105,101,4,4
65971,105,83,22,22
65972,96,76,20,20
65973,90,66,24,24
65974,81,67,14,14
65975,137,114,23,23
65976,86,68,18,18
65977,86,80,6,6
65978,105,99,6,6
65979,120,101,19,19
65980,70,59,11,11
65981,90,80,10,10
65982,90,80,10,10
65983,79,74,5,5
65984,62,57,5,5
65985,56,57,-1,1
65986,62,57,5,5
65987,123,100,23,23
65988,108,104,4,4
65989,73,69,4,4
65990,92,77,15,15
65991,97,83,14,14
65992,94,83,11,11
65993,119,108,11,11
65994,125,108,17,17
65995,252,194,58,58
65996,124,110,14,14
65997,76,76,0,0
65998,120,107,13,13
65999,83,76,7,7
66000,82,75,7,7
66001,93,85,8,8
66002,56,55,1,1
66003,78,82,-4,4
66004,121,135,-14,14
66005,100,82,18,18
66006,91,75,16,16
66007,66,62,4,4
66008,62,56,6,6
66009,72,67,5,5
66010,77,73,4,4
66011,93,78,15,15
66012,176,140,36,36
66013,55,52,3,3
66014,75,72,3,3
66015,60,55,5,5
66016,143,108,35,35
66017,117,112,5,5
66018,36,49,-13,13
66019,45,42,3,3
66020,96,83,13,13
66021,81,82,-1,1
66022,106,91,15,15
66023,83,82,1,1
66024,105,86,19,19
66025,80,78,2,2
66026,43,48,-5,5
66027,103,93,10,10
66028,134,116,18,18
66029,53,50,3,3
66030,115,95,20,20
66031,157,122,35,35
66032,67,67,0,0
66033,104,105,-1,1
66034,148,135,13,13
66035,116,99,17,17
66036,100,87,13,13
66037,63,58,5,5
66038,71,70,1,1
66039,71,60,11,11
66040,67,67,0,0
66041,105,98,7,7
66042,102,89,13,13
66043,53,53,0,0
66044,71,65,6,6
66045,115,109,6,6
66046,105,89,16,16
66047,62,73,-11,11
66048,119,106,13,13
66049,151,125,26,26
66050,55,58,-3,3
66051,76,72,4,4
66052,37,38,-1,1
66053,126,94,32,32
66054,116,85,31,31
66055,119,107,12,12
66056,86,73,13,13
66057,64,65,-1,1
66058,53,56,-3,3
66059,108,91,17,17
66060,118,101,17,17
66061,126,114,12,12
66062,71,65,6,6
66063,99,91,8,8
66064,49,49,0,0
66065,87,78,9,9
66066,75,64,11,11
66067,89,83,6,6
66068,94,80,14,14
66069,100,83,17,17
66070,80,64,16,16
66071,78,70,8,8
66072,65,64,1,1
66073,104,90,14,14
66074,111,107,4,4
66075,182,137,45,45
66076,69,64,5,5
66077,67,59,8,8
66078,99,106,-7,7
66079,82,69,13,13
66080,99,76,23,23
66081,66,58,8,8
66082,162,138,24,24
66083,142,117,25,25
66084,84,78,6,6
66085,70,77,-7,7
66086,106,93,13,13
66087,57,53,4,4
66088,89,73,16,16
66089,119,103,16,16
66090,90,73,17,17
66091,59,60,-1,1
66092,80,70,10,10
66093,113,97,16,16
66094,47,47,0,0
66095,72,65,7,7
66096,178,163,15,15
66097,76,77,-1,1
66098,96,90,6,6
66099,83,75,8,8
66100,63,58,5,5
66101,144,125,19,19
66102,42,50,-8,8
66103,52,44,8,8
66104,125,97,28,28
66105,63,60,3,3
66106,69,54,15,15
66107,78,66,12,12
66108,63,74,-11,11
66109,80,78,2,2
66110,101,90,11,11
66111,187,140,47,47
66112,163,129,34,34
66113,109,103,6,6
66114,101,109,-8,8
66115,86,78,8,8
66116,72,77,-5,5
66117,142,149,-7,7
66118,99,78,21,21
66119,64,60,4,4
66120,79,75,4,4
66121,85,67,18,18
66122,107,81,26,26
66123,97,87,10,10
66124,116,102,14,14
66125,67,62,5,5
66126,89,93,-4,4
66127,122,100,22,22
66128,140,121,19,19
66129,62,54,8,8
66130,119,116,3,3
66131,117,100,17,17
66132,104,104,0,0
66133,47,50,-3,3
66134,73,68,5,5
66135,159,124,35,35
66136,101,93,8,8
66137,77,60,17,17
66138,58,53,5,5
66139,78,72,6,6
66140,97,80,17,17
66141,76,68,8,8
66142,88,81,7,7
66143,64,60,4,4
66144,81,84,-3,3
66145,69,59,10,10
66146,115,118,-3,3
66147,65,77,-12,12
66148,76,65,11,11
66149,58,57,1,1
66150,33,37,-4,4
66151,133,112,21,21
66152,45,66,-21,21
66153,123,112,11,11
66154,100,86,14,14
66155,82,75,7,7
66156,83,77,6,6
66157,117,95,22,22
66158,74,61,13,13
66159,103,94,9,9
66160,72,67,5,5
66161,142,115,27,27
66162,121,98,23,23
66163,82,71,11,11
66164,80,71,9,9
66165,100,89,11,11
66166,164,143,21,21
66167,95,82,13,13
66168,57,56,1,1
66169,81,68,13,13
66170,39,37,2,2
66171,123,106,17,17
66172,127,109,18,18
66173,82,74,8,8
66174,105,92,13,13
66175,72,63,9,9
66176,37,40,-3,3
66177,85,80,5,5
66178,152,130,22,22
66179,80,69,11,11
66180,55,54,1,1
66181,76,80,-4,4
66182,21,36,-15,15
66183,220,178,42,42
66184,159,129,30,30
66185,90,83,7,7
66186,148,132,16,16
66187,102,87,15,15
66188,83,74,9,9
66189,80,85,-5,5
66190,100,77,23,23
66191,111,89,22,22
66192,79,75,4,4
66193,82,70,12,12
66194,82,73,9,9
66195,197,166,31,31
66196,188,151,37,37
66197,177,160,17,17
66198,76,66,10,10
66199,157,151,6,6
66200,49,53,-4,4
66201,44,48,-4,4
66202,66,64,2,2
66203,156,129,27,27
66204,111,107,4,4
66205,69,70,-1,1
66206,188,157,31,31
66207,126,100,26,26
66208,73,64,9,9
66209,111,93,18,18
66210,94,80,14,14
66211,57,62,-5,5
66212,132,111,21,21
66213,164,144,20,20
66214,55,54,1,1
66215,139,116,23,23
66216,77,67,10,10
66217,43,46,-3,3
66218,96,80,16,16
66219,88,78,10,10
66220,74,64,10,10
66221,81,72,9,9
66222,84,79,5,5
66223,100,88,12,12
66224,108,85,23,23
66225,44,54,-10,10
66226,77,74,3,3
66227,79,76,3,3
66228,111,98,13,13
66229,86,76,10,10
66230,61,58,3,3
66231,85,74,11,11
66232,45,51,-6,6
66233,81,66,15,15
66234,159,129,30,30
66235,80,66,14,14
66236,94,77,17,17
66237,89,79,10,10
66238,96,83,13,13
66239,95,75,20,20
66240,127,108,19,19
66241,71,58,13,13
66242,68,60,8,8
66243,80,79,1,1
66244,122,100,22,22
66245,136,121,15,15
66246,95,83,12,12
66247,89,78,11,11
66248,88,81,7,7
66249,44,39,5,5
66250,121,101,20,20
66251,47,48,-1,1
66252,72,64,8,8
66253,72,63,9,9
66254,145,140,5,5
66255,77,72,5,5
66256,129,124,5,5
66257,65,66,-1,1
66258,121,105,16,16
66259,92,80,12,12
66260,100,92,8,8
66261,36,43,-7,7
66262,122,102,20,20
66263,112,88,24,24
66264,76,67,9,9
66265,112,108,4,4
66266,75,73,2,2
66267,81,72,9,9
66268,102,82,20,20
66269,43,40,3,3
66270,92,83,9,9
66271,118,94,24,24
66272,73,66,7,7
66273,179,164,15,15
66274,63,62,1,1
66275,128,122,6,6
66276,161,143,18,18
66277,178,139,39,39
66278,90,77,13,13
66279,74,71,3,3
66280,74,70,4,4
66281,95,89,6,6
66282,98,89,9,9
66283,94,79,15,15
66284,115,106,9,9
66285,131,120,11,11
66286,99,72,27,27
66287,87,76,11,11
66288,74,71,3,3
66289,56,56,0,0
66290,58,55,3,3
66291,77,75,2,2
66292,122,99,23,23
66293,70,67,3,3
66294,40,48,-8,8
66295,106,98,8,8
66296,100,91,9,9
66297,73,69,4,4
66298,72,57,15,15
66299,99,94,5,5
66300,135,125,10,10
66301,184,146,38,38
66302,50,62,-12,12
66303,77,70,7,7
66304,48,48,0,0
66305,76,63,13,13
66306,87,85,2,2
66307,137,114,23,23
66308,110,103,7,7
66309,84,78,6,6
66310,74,71,3,3
66311,83,67,16,16
66312,76,67,9,9
66313,107,120,-13,13
66314,78,65,13,13
66315,87,75,12,12
66316,64,61,3,3
66317,60,57,3,3
66318,94,90,4,4
66319,80,67,13,13
66320,50,45,5,5
66321,54,50,4,4
66322,65,58,7,7
66323,101,97,4,4
66324,89,77,12,12
66325,127,112,15,15
66326,59,61,-2,2
66327,90,89,1,1
66328,77,73,4,4
66329,100,94,6,6
66330,103,92,11,11
66331,33,55,-22,22
66332,61,55,6,6
66333,63,70,-7,7
66334,47,49,-2,2
66335,51,45,6,6
66336,141,124,17,17
66337,74,65,9,9
66338,74,68,6,6
66339,85,76,9,9
66340,149,120,29,29
66341,90,90,0,0
66342,79,77,2,2
66343,93,92,1,1
66344,79,69,10,10
66345,146,127,19,19
66346,81,73,8,8
66347,83,95,-12,12
66348,196,167,29,29
66349,114,93,21,21
66350,102,88,14,14
66351,140,118,22,22
66352,46,41,5,5
66353,189,154,35,35
66354,102,91,11,11
66355,96,82,14,14
66356,73,78,-5,5
66357,131,120,11,11
66358,143,112,31,31
66359,94,93,1,1
66360,95,84,11,11
66361,131,109,22,22
66362,138,113,25,25
66363,55,57,-2,2
66364,40,37,3,3
66365,97,81,16,16
66366,70,68,2,2
66367,95,83,12,12
66368,86,69,17,17
66369,107,90,17,17
66370,45,52,-7,7
66371,107,97,10,10
66372,77,65,12,12
66373,75,65,10,10
66374,85,75,10,10
66375,81,77,4,4
66376,100,85,15,15
66377,65,65,0,0
66378,57,56,1,1
66379,61,52,9,9
66380,79,74,5,5
66381,104,92,12,12
66382,106,97,9,9
66383,55,50,5,5
66384,100,83,17,17
66385,89,82,7,7
66386,73,65,8,8
66387,77,75,2,2
66388,59,54,5,5
66389,71,71,0,0
66390,52,61,-9,9
66391,58,52,6,6
66392,72,60,12,12
66393,90,76,14,14
66394,57,55,2,2
66395,82,91,-9,9
66396,92,80,12,12
66397,88,72,16,16
66398,49,52,-3,3
66399,91,75,16,16
66400,171,144,27,27
66401,75,81,-6,6
66402,82,71,11,11
66403,74,65,9,9
66404,116,102,14,14
66405,95,74,21,21
66406,116,93,23,23
66407,74,92,-18,18
66408,100,90,10,10
66409,81,80,1,1
66410,141,137,4,4
66411,113,97,16,16
66412,100,83,17,17
66413,80,65,15,15
66414,96,81,15,15
66415,83,77,6,6
66416,68,69,-1,1
66417,66,58,8,8
66418,73,68,5,5
66419,169,150,19,19
66420,119,92,27,27
66421,82,83,-1,1
66422,85,74,11,11
66423,92,94,-2,2
66424,92,83,9,9
66425,164,136,28,28
66426,131,119,12,12
66427,106,113,-7,7
66428,72,62,10,10
66429,54,54,0,0
66430,75,70,5,5
66431,62,58,4,4
66432,89,73,16,16
66433,63,53,10,10
66434,87,73,14,14
66435,136,108,28,28
66436,79,72,7,7
66437,86,80,6,6
66438,71,67,4,4
66439,68,57,11,11
66440,127,107,20,20
66441,78,76,2,2
66442,43,42,1,1
66443,82,71,11,11
66444,61,58,3,3
66445,91,91,0,0
66446,78,70,8,8
66447,121,107,14,14
66448,83,77,6,6
66449,169,153,16,16
66450,56,53,3,3
66451,78,61,17,17
66452,73,68,5,5
66453,66,63,3,3
66454,67,57,10,10
66455,69,50,19,19
66456,96,90,6,6
66457,118,98,20,20
66458,67,64,3,3
66459,58,55,3,3
66460,77,58,19,19
66461,164,133,31,31
66462,57,57,0,0
66463,98,88,10,10
66464,97,83,14,14
66465,58,56,2,2
66466,107,98,9,9
66467,70,68,2,2
66468,121,105,16,16
66469,144,114,30,30
66470,157,138,19,19
66471,113,103,10,10
66472,66,61,5,5
66473,47,57,-10,10
66474,106,87,19,19
66475,77,72,5,5
66476,180,152,28,28
66477,55,49,6,6
66478,57,63,-6,6
66479,104,93,11,11
66480,120,104,16,16
66481,124,102,22,22
66482,157,143,14,14
66483,185,164,21,21
66484,63,60,3,3
66485,158,122,36,36
66486,161,148,13,13
66487,61,58,3,3
66488,104,95,9,9
66489,65,61,4,4
66490,174,151,23,23
66491,52,54,-2,2
66492,118,99,19,19
66493,89,76,13,13
66494,88,79,9,9
66495,88,82,6,6
66496,62,63,-1,1
66497,67,61,6,6
66498,118,103,15,15
66499,113,106,7,7
66500,99,95,4,4
66501,68,64,4,4
66502,50,42,8,8
66503,123,112,11,11
66504,97,89,8,8
66505,93,96,-3,3
66506,132,106,26,26
66507,70,67,3,3
66508,65,55,10,10
66509,80,87,-7,7
66510,79,67,12,12
66511,96,89,7,7
66512,69,70,-1,1
66513,142,123,19,19
66514,126,114,12,12
66515,88,102,-14,14
66516,57,50,7,7
66517,68,59,9,9
66518,97,98,-1,1
66519,128,113,15,15
66520,129,126,3,3
66521,92,81,11,11
66522,146,111,35,35
66523,83,77,6,6
66524,92,77,15,15
66525,207,162,45,45
66526,40,47,-7,7
66527,92,92,0,0
66528,95,97,-2,2
66529,107,92,15,15
66530,51,49,2,2
66531,210,160,50,50
66532,73,66,7,7
66533,103,88,15,15
66534,120,106,14,14
66535,132,105,27,27
66536,112,95,17,17
66537,86,74,12,12
66538,195,170,25,25
66539,69,65,4,4
66540,91,80,11,11
66541,57,73,-16,16
66542,112,97,15,15
66543,72,74,-2,2
66544,90,76,14,14
66545,99,91,8,8
66546,46,44,2,2
66547,51,50,1,1
66548,107,93,14,14
66549,156,136,20,20
66550,61,57,4,4
66551,88,73,15,15
66552,107,91,16,16
66553,121,97,24,24
66554,89,74,15,15
66555,99,92,7,7
66556,87,83,4,4
66557,46,48,-2,2
66558,152,137,15,15
66559,67,62,5,5
66560,164,143,21,21
66561,68,64,4,4
66562,94,86,8,8
66563,60,61,-1,1
66564,205,159,46,46
66565,92,80,12,12
66566,95,80,15,15
66567,67,54,13,13
66568,55,54,1,1
66569,151,122,29,29
66570,160,133,27,27
66571,29,35,-6,6
66572,108,95,13,13
66573,112,110,2,2
66574,109,146,-37,37
66575,86,73,13,13
66576,75,70,5,5
66577,60,60,0,0
66578,64,67,-3,3
66579,64,78,-14,14
66580,110,99,11,11
66581,81,77,4,4
66582,79,72,7,7
66583,124,102,22,22
66584,94,88,6,6
66585,73,81,-8,8
66586,111,92,19,19
66587,107,95,12,12
66588,71,63,8,8
66589,125,110,15,15
66590,123,100,23,23
66591,63,57,6,6
66592,98,89,9,9
66593,101,83,18,18
66594,129,113,16,16
66595,96,85,11,11
66596,58,55,3,3
66597,162,144,18,18
66598,48,44,4,4
66599,151,125,26,26
66600,67,61,6,6
66601,122,103,19,19
66602,100,90,10,10
66603,135,130,5,5
66604,213,159,54,54
66605,129,125,4,4
66606,61,62,-1,1
66607,70,66,4,4
66608,88,80,8,8
66609,75,72,3,3
66610,159,142,17,17
66611,100,93,7,7
66612,75,65,10,10
66613,120,122,-2,2
66614,70,68,2,2
66615,129,105,24,24
66616,124,89,35,35
66617,105,90,15,15
66618,60,52,8,8
66619,76,64,12,12
66620,64,66,-2,2
66621,145,130,15,15
66622,95,99,-4,4
66623,104,96,8,8
66624,148,124,24,24
66625,126,110,16,16
66626,142,119,23,23
66627,67,63,4,4
66628,96,95,1,1
66629,114,97,17,17
66630,47,54,-7,7
66631,125,117,8,8
66632,66,63,3,3
66633,203,202,1,1
66634,58,59,-1,1
66635,114,97,17,17
66636,100,112,-12,12
66637,92,87,5,5
66638,114,105,9,9
66639,67,66,1,1
66640,56,48,8,8
66641,78,68,10,10
66642,62,55,7,7
66643,77,79,-2,2
66644,104,87,17,17
66645,37,43,-6,6
66646,94,83,11,11
66647,108,87,21,21
66648,42,47,-5,5
66649,106,95,11,11
66650,74,65,9,9
66651,116,90,26,26
66652,77,62,15,15
66653,123,110,13,13
66654,89,88,1,1
66655,74,65,9,9
66656,118,104,14,14
66657,73,68,5,5
66658,69,75,-6,6
66659,79,70,9,9
66660,58,62,-4,4
66661,172,129,43,43
66662,118,98,20,20
66663,140,119,21,21
66664,124,108,16,16
66665,111,92,19,19
66666,88,93,-5,5
66667,90,103,-13,13
66668,59,50,9,9
66669,139,123,16,16
66670,125,108,17,17
66671,64,59,5,5
66672,147,120,27,27
66673,50,50,0,0
66674,81,76,5,5
66675,105,92,13,13
66676,63,62,1,1
66677,87,88,-1,1
66678,90,76,14,14
66679,47,43,4,4
66680,134,115,19,19
66681,61,56,5,5
66682,73,82,-9,9
66683,73,59,14,14
66684,78,74,4,4
66685,134,112,22,22
66686,51,44,7,7
66687,108,99,9,9
66688,96,83,13,13
66689,54,56,-2,2
66690,122,108,14,14
66691,129,114,15,15
66692,86,73,13,13
66693,114,99,15,15
66694,70,65,5,5
66695,79,74,5,5
66696,56,54,2,2
66697,66,59,7,7
66698,89,75,14,14
66699,106,90,16,16
66700,77,71,6,6
66701,82,73,9,9
66702,63,73,-10,10
66703,87,78,9,9
66704,119,113,6,6
66705,146,120,26,26
66706,71,60,11,11
66707,70,72,-2,2
66708,82,76,6,6
66709,72,69,3,3
66710,91,84,7,7
66711,57,67,-10,10
66712,68,61,7,7
66713,92,76,16,16
66714,71,65,6,6
66715,100,84,16,16
66716,106,87,19,19
66717,64,53,11,11
66718,58,59,-1,1
66719,74,66,8,8
66720,104,105,-1,1
66721,133,115,18,18
66722,59,54,5,5
66723,77,68,9,9
66724,90,78,12,12
66725,116,87,29,29
66726,94,79,15,15
66727,102,92,10,10
66728,130,112,18,18
66729,115,103,12,12
66730,79,68,11,11
66731,151,129,22,22
66732,88,93,-5,5
66733,188,153,35,35
66734,91,82,9,9
66735,81,67,14,14
66736,74,69,5,5
66737,80,74,6,6
66738,125,106,19,19
66739,140,117,23,23
66740,60,58,2,2
66741,45,48,-3,3
66742,65,67,-2,2
66743,120,107,13,13
66744,105,97,8,8
66745,136,120,16,16
66746,31,55,-24,24
66747,77,74,3,3
66748,79,79,0,0
66749,96,86,10,10
66750,40,58,-18,18
66751,54,53,1,1
66752,94,77,17,17
66753,83,94,-11,11
66754,54,53,1,1
66755,92,83,9,9
66756,146,114,32,32
66757,172,144,28,28
66758,62,57,5,5
66759,155,137,18,18
66760,111,95,16,16
66761,99,86,13,13
66762,126,103,23,23
66763,55,53,2,2
66764,202,173,29,29
66765,60,54,6,6
66766,97,82,15,15
66767,111,96,15,15
66768,114,97,17,17
66769,81,68,13,13
66770,35,49,-14,14
66771,88,80,8,8
66772,62,60,2,2
66773,84,76,8,8
66774,96,78,18,18
66775,105,94,11,11
66776,67,66,1,1
66777,68,68,0,0
66778,75,67,8,8
66779,64,63,1,1
66780,165,130,35,35
66781,92,116,-24,24
66782,136,103,33,33
66783,93,86,7,7
66784,58,48,10,10
66785,72,68,4,4
66786,87,80,7,7
66787,53,54,-1,1
66788,138,120,18,18
66789,98,93,5,5
66790,81,73,8,8
66791,82,76,6,6
66792,140,131,9,9
66793,92,80,12,12
66794,116,104,12,12
66795,169,142,27,27
66796,76,75,1,1
66797,70,63,7,7
66798,206,163,43,43
66799,118,99,19,19
66800,82,78,4,4
66801,143,122,21,21
66802,113,91,22,22
66803,82,69,13,13
66804,72,68,4,4
66805,53,49,4,4
66806,38,49,-11,11
66807,102,87,15,15
66808,98,88,10,10
66809,60,66,-6,6
66810,133,112,21,21
66811,108,91,17,17
66812,103,87,16,16
66813,58,57,1,1
66814,80,74,6,6
66815,72,66,6,6
66816,103,87,16,16
66817,115,110,5,5
66818,66,66,0,0
66819,134,118,16,16
66820,129,109,20,20
66821,82,74,8,8
66822,92,82,10,10
66823,72,62,10,10
66824,156,134,22,22
66825,97,88,9,9
66826,80,74,6,6
66827,110,86,24,24
66828,112,92,20,20
66829,73,66,7,7
66830,93,89,4,4
66831,84,85,-1,1
66832,69,58,11,11
66833,63,68,-5,5
66834,97,85,12,12
66835,51,57,-6,6
66836,117,101,16,16
66837,102,102,0,0
66838,63,62,1,1
66839,90,104,-14,14
66840,75,68,7,7
66841,31,70,-39,39
66842,118,111,7,7
66843,110,111,-1,1
66844,126,110,16,16
66845,132,124,8,8
66846,94,77,17,17
66847,55,62,-7,7
66848,119,98,21,21
66849,47,48,-1,1
66850,152,119,33,33
66851,38,48,-10,10
66852,96,99,-3,3
66853,79,63,16,16
66854,63,56,7,7
66855,120,110,10,10
66856,97,80,17,17
66857,65,57,8,8
66858,108,94,14,14
66859,146,128,18,18
66860,99,91,8,8
66861,50,48,2,2
66862,98,87,11,11
66863,61,53,8,8
66864,67,64,3,3
66865,102,87,15,15
66866,98,83,15,15
66867,127,108,19,19
66868,134,110,24,24
66869,107,92,15,15
66870,62,60,2,2
66871,83,75,8,8
66872,41,36,5,5
66873,65,69,-4,4
66874,73,71,2,2
66875,81,70,11,11
66876,85,74,11,11
66877,85,67,18,18
66878,117,101,16,16
66879,128,116,12,12
66880,89,78,11,11
66881,42,37,5,5
66882,125,126,-1,1
66883,68,61,7,7
66884,72,72,0,0
66885,96,85,11,11
66886,134,119,15,15
66887,122,106,16,16
66888,87,82,5,5
66889,54,54,0,0
66890,79,72,7,7
66891,148,117,31,31
66892,66,65,1,1
66893,142,120,22,22
66894,106,84,22,22
66895,48,46,2,2
66896,57,65,-8,8
66897,126,110,16,16
66898,51,53,-2,2
66899,109,107,2,2
66900,106,99,7,7
66901,102,89,13,13
66902,94,83,11,11
66903,112,99,13,13
66904,140,115,25,25
66905,117,104,13,13
66906,112,87,25,25
66907,49,59,-10,10
66908,156,127,29,29
66909,89,77,12,12
66910,74,71,3,3
66911,67,65,2,2
66912,70,74,-4,4
66913,93,87,6,6
66914,93,85,8,8
66915,101,93,8,8
66916,76,78,-2,2
66917,67,61,6,6
66918,106,92,14,14
66919,72,71,1,1
66920,65,59,6,6
66921,87,80,7,7
66922,89,76,13,13
66923,257,244,13,13
66924,175,153,22,22
66925,69,59,10,10
66926,76,63,13,13
66927,65,60,5,5
66928,153,129,24,24
66929,68,65,3,3
66930,116,94,22,22
66931,114,107,7,7
66932,76,72,4,4
66933,65,58,7,7
66934,104,90,14,14
66935,148,125,23,23
66936,43,41,2,2
66937,90,79,11,11
66938,99,84,15,15
66939,128,117,11,11
66940,110,97,13,13
66941,42,48,-6,6
66942,120,104,16,16
66943,135,100,35,35
66944,134,125,9,9
66945,116,108,8,8
66946,138,108,30,30
66947,125,106,19,19
66948,43,43,0,0
66949,89,74,15,15
66950,126,98,28,28
66951,90,74,16,16
66952,77,71,6,6
66953,91,81,10,10
66954,120,98,22,22
66955,63,56,7,7
66956,88,77,11,11
66957,50,48,2,2
66958,110,101,9,9
66959,71,63,8,8
66960,81,73,8,8
66961,120,101,19,19
66962,94,81,13,13
66963,51,56,-5,5
66964,84,78,6,6
66965,96,88,8,8
66966,179,143,36,36
66967,57,52,5,5
66968,114,104,10,10
66969,111,108,3,3
66970,111,91,20,20
66971,101,82,19,19
66972,53,45,8,8
66973,97,88,9,9
66974,98,82,16,16
66975,50,49,1,1
66976,82,81,1,1
66977,108,89,19,19
66978,59,57,2,2
66979,69,65,4,4
66980,68,65,3,3
66981,69,73,-4,4
66982,73,70,3,3
66983,28,32,-4,4
66984,75,67,8,8
66985,68,60,8,8
66986,110,100,10,10
66987,99,95,4,4
66988,72,66,6,6
66989,74,67,7,7
66990,70,69,1,1
66991,109,87,22,22
66992,191,164,27,27
66993,54,49,5,5
66994,119,104,15,15
66995,76,73,3,3
66996,174,148,26,26
66997,87,77,10,10
66998,88,79,9,9
66999,53,55,-2,2
67000,75,70,5,5
67001,68,57,11,11
67002,118,110,8,8
67003,114,95,19,19
67004,101,90,11,11
67005,102,92,10,10
67006,82,76,6,6
67007,100,91,9,9
67008,134,115,19,19
67009,140,122,18,18
67010,109,103,6,6
67011,124,108,16,16
67012,157,121,36,36
67013,67,59,8,8
67014,117,102,15,15
67015,64,59,5,5
67016,89,86,3,3
67017,52,42,10,10
67018,126,107,19,19
67019,99,89,10,10
67020,82,75,7,7
67021,96,73,23,23
67022,85,73,12,12
67023,68,83,-15,15
67024,132,109,23,23
67025,148,124,24,24
67026,56,52,4,4
67027,173,151,22,22
67028,115,105,10,10
67029,99,88,11,11
67030,115,110,5,5
67031,71,68,3,3
67032,141,124,17,17
67033,111,97,14,14
67034,53,54,-1,1
67035,279,188,91,91
67036,101,77,24,24
67037,93,81,12,12
67038,71,61,10,10
67039,163,139,24,24
67040,52,45,7,7
67041,109,96,13,13
67042,80,80,0,0
67043,72,97,-25,25
67044,72,62,10,10
67045,87,75,12,12
67046,82,77,5,5
67047,74,70,4,4
67048,156,130,26,26
67049,133,112,21,21
67050,123,107,16,16
67051,63,58,5,5
67052,70,66,4,4
67053,40,37,3,3
67054,76,77,-1,1
67055,201,177,24,24
67056,76,75,1,1
67057,109,104,5,5
67058,116,105,11,11
67059,45,44,1,1
67060,59,54,5,5
67061,104,84,20,20
67062,122,138,-16,16
67063,108,87,21,21
67064,59,62,-3,3
67065,111,110,1,1
67066,47,42,5,5
67067,123,112,11,11
67068,127,103,24,24
67069,98,88,10,10
67070,90,83,7,7
67071,70,68,2,2
67072,102,88,14,14
67073,101,90,11,11
67074,72,82,-10,10
67075,86,94,-8,8
67076,77,73,4,4
67077,175,132,43,43
67078,85,77,8,8
67079,109,96,13,13
67080,143,120,23,23
67081,79,76,3,3
67082,81,74,7,7
67083,110,91,19,19
67084,68,74,-6,6
67085,107,91,16,16
67086,115,100,15,15
67087,120,103,17,17
67088,67,64,3,3
67089,95,75,20,20
67090,116,101,15,15
67091,83,77,6,6
67092,97,78,19,19
67093,85,80,5,5
67094,91,89,2,2
67095,147,119,28,28
67096,60,61,-1,1
67097,104,87,17,17
67098,99,86,13,13
67099,142,119,23,23
67100,65,63,2,2
67101,58,55,3,3
67102,81,81,0,0
67103,85,74,11,11
67104,158,132,26,26
67105,57,52,5,5
67106,32,34,-2,2
67107,161,132,29,29
67108,139,119,20,20
67109,123,106,17,17
67110,141,127,14,14
67111,127,112,15,15
67112,65,60,5,5
67113,177,141,36,36
67114,131,114,17,17
67115,140,119,21,21
67116,51,53,-2,2
67117,85,79,6,6
67118,75,67,8,8
67119,103,85,18,18
67120,155,118,37,37
67121,85,74,11,11
67122,72,66,6,6
67123,80,63,17,17
67124,62,59,3,3
67125,58,55,3,3
67126,53,55,-2,2
67127,76,78,-2,2
67128,117,104,13,13
67129,75,63,12,12
67130,138,117,21,21
67131,82,71,11,11
67132,79,74,5,5
67133,83,84,-1,1
67134,79,70,9,9
67135,141,116,25,25
67136,76,64,12,12
67137,165,134,31,31
67138,150,133,17,17
67139,65,58,7,7
67140,37,37,0,0
67141,55,52,3,3
67142,227,184,43,43
67143,82,78,4,4
67144,70,63,7,7
67145,57,56,1,1
67146,73,62,11,11
67147,78,68,10,10
67148,58,53,5,5
67149,87,77,10,10
67150,48,52,-4,4
67151,127,114,13,13
67152,65,55,10,10
67153,111,85,26,26
67154,74,69,5,5
67155,103,85,18,18
67156,91,76,15,15
67157,188,178,10,10
67158,98,98,0,0
67159,86,75,11,11
67160,68,57,11,11
67161,99,89,10,10
67162,68,61,7,7
67163,87,75,12,12
67164,110,99,11,11
67165,53,55,-2,2
67166,75,69,6,6
67167,113,100,13,13
67168,103,120,-17,17
67169,48,54,-6,6
67170,180,146,34,34
67171,67,69,-2,2
67172,69,67,2,2
67173,114,110,4,4
67174,82,68,14,14
67175,152,128,24,24
67176,108,98,10,10
67177,126,112,14,14
67178,126,124,2,2
67179,68,67,1,1
67180,111,93,18,18
67181,127,100,27,27
67182,106,90,16,16
67183,93,91,2,2
67184,134,122,12,12
67185,65,65,0,0
67186,129,102,27,27
67187,84,74,10,10
67188,64,62,2,2
67189,147,127,20,20
67190,123,106,17,17
67191,102,89,13,13
67192,66,56,10,10
67193,56,56,0,0
67194,99,98,1,1
67195,92,79,13,13
67196,96,84,12,12
67197,125,121,4,4
67198,85,73,12,12
67199,100,87,13,13
67200,77,73,4,4
67201,69,63,6,6
67202,95,86,9,9
67203,87,75,12,12
67204,112,96,16,16
67205,124,108,16,16
67206,99,81,18,18
67207,65,58,7,7
67208,119,98,21,21
67209,66,63,3,3
67210,89,76,13,13
67211,139,111,28,28
67212,111,89,22,22
67213,81,84,-3,3
67214,100,88,12,12
67215,82,70,12,12
67216,145,138,7,7
67217,91,82,9,9
67218,187,166,21,21
67219,84,76,8,8
67220,45,46,-1,1
67221,116,104,12,12
67222,69,63,6,6
67223,80,77,3,3
67224,44,38,6,6
67225,93,89,4,4
67226,58,51,7,7
67227,74,71,3,3
67228,74,67,7,7
67229,99,100,-1,1
67230,93,89,4,4
67231,67,47,20,20
67232,108,96,12,12
67233,108,106,2,2
67234,116,91,25,25
67235,127,99,28,28
67236,98,84,14,14
67237,115,108,7,7
67238,131,114,17,17
67239,185,153,32,32
67240,120,95,25,25
67241,75,70,5,5
67242,165,122,43,43
67243,44,69,-25,25
67244,82,76,6,6
67245,66,74,-8,8
67246,72,69,3,3
67247,137,114,23,23
67248,66,68,-2,2
67249,79,85,-6,6
67250,48,51,-3,3
67251,76,68,8,8
67252,87,75,12,12
67253,90,79,11,11
67254,67,65,2,2
67255,139,120,19,19
67256,52,50,2,2
67257,97,82,15,15
67258,135,112,23,23
67259,60,49,11,11
67260,65,62,3,3
67261,61,52,9,9
67262,175,147,28,28
67263,146,121,25,25
67264,64,64,0,0
67265,122,106,16,16
67266,66,62,4,4
67267,62,57,5,5
67268,97,93,4,4
67269,117,110,7,7
67270,72,69,3,3
67271,66,81,-15,15
67272,147,116,31,31
67273,139,116,23,23
67274,143,132,11,11
67275,106,95,11,11
67276,81,84,-3,3
67277,85,66,19,19
67278,112,93,19,19
67279,74,77,-3,3
67280,157,131,26,26
67281,76,66,10,10
67282,69,60,9,9
67283,133,113,20,20
67284,79,81,-2,2
67285,58,58,0,0
67286,111,101,10,10
67287,195,156,39,39
67288,129,101,28,28
67289,58,65,-7,7
67290,101,100,1,1
67291,186,158,28,28
67292,76,64,12,12
67293,72,65,7,7
67294,100,96,4,4
67295,60,54,6,6
67296,59,57,2,2
67297,118,102,16,16
67298,195,155,40,40
67299,92,79,13,13
67300,245,215,30,30
67301,102,100,2,2
67302,84,76,8,8
67303,95,82,13,13
67304,126,106,20,20
67305,101,83,18,18
67306,192,153,39,39
67307,118,105,13,13
67308,72,73,-1,1
67309,66,65,1,1
67310,72,68,4,4
67311,75,71,4,4
67312,47,46,1,1
67313,53,55,-2,2
67314,75,74,1,1
67315,77,82,-5,5
67316,133,125,8,8
67317,66,61,5,5
67318,122,111,11,11
67319,151,130,21,21
67320,95,99,-4,4
67321,70,72,-2,2
67322,66,60,6,6
67323,101,89,12,12
67324,92,78,14,14
67325,94,79,15,15
67326,80,67,13,13
67327,86,81,5,5
67328,99,84,15,15
67329,167,128,39,39
67330,104,87,17,17
67331,92,77,15,15
67332,82,83,-1,1
67333,93,81,12,12
67334,57,56,1,1
67335,80,76,4,4
67336,154,120,34,34
67337,92,79,13,13
67338,121,97,24,24
67339,90,88,2,2
67340,94,84,10,10
67341,100,92,8,8
67342,55,58,-3,3
67343,179,156,23,23
67344,157,124,33,33
67345,58,65,-7,7
67346,94,96,-2,2
67347,85,71,14,14
67348,55,58,-3,3
67349,72,57,15,15
67350,114,98,16,16
67351,99,87,12,12
67352,75,64,11,11
67353,45,47,-2,2
67354,58,51,7,7
67355,110,96,14,14
67356,69,69,0,0
67357,68,61,7,7
67358,102,83,19,19
67359,77,73,4,4
67360,85,74,11,11
67361,112,109,3,3
67362,40,39,1,1
67363,73,69,4,4
67364,76,73,3,3
67365,65,58,7,7
67366,72,79,-7,7
67367,89,99,-10,10
67368,110,100,10,10
67369,91,79,12,12
67370,59,78,-19,19
67371,90,75,15,15
67372,84,76,8,8
67373,130,109,21,21
67374,63,55,8,8
67375,63,62,1,1
67376,87,76,11,11
67377,106,103,3,3
67378,145,121,24,24
67379,128,111,17,17
67380,81,75,6,6
67381,111,88,23,23
67382,76,75,1,1
67383,53,57,-4,4
67384,82,72,10,10
67385,100,89,11,11
67386,74,84,-10,10
67387,105,98,7,7
67388,58,54,4,4
67389,102,95,7,7
67390,113,95,18,18
67391,99,93,6,6
67392,113,100,13,13
67393,55,53,2,2
67394,98,81,17,17
67395,108,102,6,6
67396,54,49,5,5
67397,99,87,12,12
67398,78,71,7,7
67399,68,56,12,12
67400,45,45,0,0
67401,71,71,0,0
67402,216,173,43,43
67403,103,91,12,12
67404,77,70,7,7
67405,64,61,3,3
67406,108,101,7,7
67407,106,79,27,27
67408,124,97,27,27
67409,71,65,6,6
67410,91,75,16,16
67411,80,77,3,3
67412,122,109,13,13
67413,105,95,10,10
67414,80,72,8,8
67415,142,109,33,33
67416,64,82,-18,18
67417,95,71,24,24
67418,112,109,3,3
67419,83,69,14,14
67420,147,124,23,23
67421,47,46,1,1
67422,80,76,4,4
67423,104,99,5,5
67424,71,69,2,2
67425,67,59,8,8
67426,69,66,3,3
67427,82,73,9,9
67428,85,75,10,10
67429,144,125,19,19
67430,81,78,3,3
67431,141,125,16,16
67432,86,77,9,9
67433,176,154,22,22
67434,74,63,11,11
67435,91,81,10,10
67436,102,77,25,25
67437,74,63,11,11
67438,97,84,13,13
67439,60,59,1,1
67440,97,89,8,8
67441,119,105,14,14
67442,97,92,5,5
67443,70,64,6,6
67444,102,83,19,19
67445,61,61,0,0
67446,86,71,15,15
67447,45,45,0,0
67448,51,51,0,0
67449,130,116,14,14
67450,74,71,3,3
67451,78,75,3,3
67452,163,143,20,20
67453,52,58,-6,6
67454,99,93,6,6
67455,84,79,5,5
67456,109,93,16,16
67457,84,76,8,8
67458,88,89,-1,1
67459,117,99,18,18
67460,186,151,35,35
67461,55,48,7,7
67462,65,72,-7,7
67463,119,121,-2,2
67464,71,67,4,4
67465,87,72,15,15
67466,51,55,-4,4
67467,46,45,1,1
67468,61,58,3,3
67469,103,82,21,21
67470,84,74,10,10
67471,56,54,2,2
67472,73,69,4,4
67473,84,74,10,10
67474,127,99,28,28
67475,178,155,23,23
67476,71,68,3,3
67477,107,93,14,14
67478,111,91,20,20
67479,69,66,3,3
67480,94,83,11,11
67481,45,50,-5,5
67482,94,92,2,2
67483,120,107,13,13
67484,63,62,1,1
67485,78,69,9,9
67486,40,43,-3,3
67487,114,99,15,15
67488,112,95,17,17
67489,152,127,25,25
67490,184,140,44,44
67491,84,73,11,11
67492,122,101,21,21
67493,108,86,22,22
67494,64,61,3,3
67495,114,100,14,14
67496,143,132,11,11
67497,97,78,19,19
67498,99,87,12,12
67499,145,133,12,12
67500,63,60,3,3
67501,111,101,10,10
67502,68,66,2,2
67503,108,106,2,2
67504,94,78,16,16
67505,77,72,5,5
67506,49,52,-3,3
67507,82,75,7,7
67508,66,59,7,7
67509,74,63,11,11
67510,142,131,11,11
67511,82,79,3,3
67512,87,77,10,10
67513,78,72,6,6
67514,58,58,0,0
67515,108,98,10,10
67516,50,76,-26,26
67517,170,143,27,27
67518,74,70,4,4
67519,102,91,11,11
67520,95,86,9,9
67521,90,77,13,13
67522,118,101,17,17
67523,70,61,9,9
67524,111,99,12,12
67525,96,95,1,1
67526,81,73,8,8
67527,110,93,17,17
67528,94,80,14,14
67529,99,96,3,3
67530,107,95,12,12
67531,129,118,11,11
67532,135,105,30,30
67533,123,101,22,22
67534,67,65,2,2
67535,79,72,7,7
67536,91,86,5,5
67537,72,64,8,8
67538,150,140,10,10
67539,117,114,3,3
67540,60,59,1,1
67541,102,95,7,7
67542,32,42,-10,10
67543,65,61,4,4
67544,163,139,24,24
67545,99,84,15,15
67546,76,67,9,9
67547,146,112,34,34
67548,137,112,25,25
67549,131,115,16,16
67550,152,124,28,28
67551,93,96,-3,3
67552,78,69,9,9
67553,83,72,11,11
67554,109,88,21,21
67555,134,127,7,7
67556,56,67,-11,11
67557,82,73,9,9
67558,50,37,13,13
67559,104,93,11,11
67560,78,75,3,3
67561,60,60,0,0
67562,137,113,24,24
67563,64,56,8,8
67564,144,126,18,18
67565,49,49,0,0
67566,104,90,14,14
67567,66,60,6,6
67568,71,63,8,8
67569,128,105,23,23
67570,84,92,-8,8
67571,141,130,11,11
67572,97,82,15,15
67573,52,50,2,2
67574,74,67,7,7
67575,98,103,-5,5
67576,71,63,8,8
67577,56,54,2,2
67578,71,70,1,1
67579,123,103,20,20
67580,146,111,35,35
67581,77,72,5,5
67582,68,67,1,1
67583,110,89,21,21
67584,85,75,10,10
67585,162,117,45,45
67586,105,84,21,21
67587,68,61,7,7
67588,100,81,19,19
67589,103,90,13,13
67590,121,95,26,26
67591,96,76,20,20
67592,199,153,46,46
67593,83,73,10,10
67594,91,82,9,9
67595,61,57,4,4
67596,103,100,3,3
67597,95,85,10,10
67598,68,64,4,4
67599,94,79,15,15
67600,54,53,1,1
67601,160,124,36,36
67602,123,102,21,21
67603,154,130,24,24
67604,48,51,-3,3
67605,66,65,1,1
67606,81,73,8,8
67607,56,55,1,1
67608,160,126,34,34
67609,121,134,-13,13
67610,103,79,24,24
67611,126,107,19,19
67612,82,70,12,12
67613,63,71,-8,8
67614,88,79,9,9
67615,111,102,9,9
67616,139,114,25,25
67617,103,91,12,12
67618,74,72,2,2
67619,133,106,27,27
67620,49,51,-2,2
67621,93,80,13,13
67622,86,77,9,9
67623,77,62,15,15
67624,56,66,-10,10
67625,66,58,8,8
67626,132,109,23,23
67627,149,120,29,29
67628,39,39,0,0
67629,117,102,15,15
67630,98,86,12,12
67631,59,55,4,4
67632,146,126,20,20
67633,106,86,20,20
67634,63,62,1,1
67635,90,84,6,6
67636,73,71,2,2
67637,80,70,10,10
67638,89,77,12,12
67639,88,77,11,11
67640,51,47,4,4
67641,85,77,8,8
67642,106,108,-2,2
67643,136,113,23,23
67644,46,44,2,2
67645,107,101,6,6
67646,154,143,11,11
67647,109,97,12,12
67648,79,68,11,11
67649,94,74,20,20
67650,64,58,6,6
67651,63,54,9,9
67652,62,55,7,7
67653,58,58,0,0
67654,48,45,3,3
67655,67,64,3,3
67656,74,66,8,8
67657,94,80,14,14
67658,75,64,11,11
67659,158,124,34,34
67660,134,113,21,21
67661,189,153,36,36
67662,62,63,-1,1
67663,73,66,7,7
67664,89,85,4,4
67665,42,46,-4,4
67666,129,107,22,22
67667,65,67,-2,2
67668,49,48,1,1
67669,163,131,32,32
67670,93,81,12,12
67671,185,149,36,36
67672,91,81,10,10
67673,43,42,1,1
67674,163,145,18,18
67675,65,61,4,4
67676,49,40,9,9
67677,62,57,5,5
67678,123,118,5,5
67679,78,72,6,6
67680,144,121,23,23
67681,75,92,-17,17
67682,83,72,11,11
67683,122,88,34,34
67684,92,80,12,12
67685,101,91,10,10
67686,75,78,-3,3
67687,130,101,29,29
67688,160,135,25,25
67689,58,56,2,2
67690,154,130,24,24
67691,101,89,12,12
67692,54,59,-5,5
67693,177,151,26,26
67694,198,158,40,40
67695,98,95,3,3
67696,87,89,-2,2
67697,116,101,15,15
67698,63,56,7,7
67699,95,81,14,14
67700,57,52,5,5
67701,64,55,9,9
67702,69,57,12,12
67703,79,71,8,8
67704,89,93,-4,4
67705,53,52,1,1
67706,94,88,6,6
67707,85,85,0,0
67708,85,76,9,9
67709,80,82,-2,2
67710,80,80,0,0
67711,95,80,15,15
67712,95,82,13,13
67713,72,71,1,1
67714,59,56,3,3
67715,122,94,28,28
67716,76,68,8,8
67717,103,84,19,19
67718,80,75,5,5
67719,84,77,7,7
67720,108,97,11,11
67721,94,84,10,10
67722,128,110,18,18
67723,121,104,17,17
67724,156,126,30,30
67725,120,103,17,17
67726,97,84,13,13
67727,87,92,-5,5
67728,116,98,18,18
67729,48,42,6,6
67730,139,120,19,19
67731,93,78,15,15
67732,184,171,13,13
67733,62,55,7,7
67734,116,108,8,8
67735,114,95,19,19
67736,104,90,14,14
67737,94,94,0,0
67738,169,148,21,21
67739,89,83,6,6
67740,91,87,4,4
67741,97,90,7,7
67742,111,98,13,13
67743,69,63,6,6
67744,120,102,18,18
67745,105,109,-4,4
67746,99,90,9,9
67747,37,62,-25,25
67748,105,83,22,22
67749,69,63,6,6
67750,67,60,7,7
67751,31,37,-6,6
67752,60,60,0,0
67753,90,85,5,5
67754,74,65,9,9
67755,123,103,20,20
67756,97,89,8,8
67757,55,46,9,9
67758,127,108,19,19
67759,122,103,19,19
67760,103,104,-1,1
67761,141,121,20,20
67762,67,60,7,7
67763,113,105,8,8
67764,135,116,19,19
67765,203,165,38,38
67766,88,81,7,7
67767,94,92,2,2
67768,103,92,11,11
67769,86,75,11,11
67770,143,124,19,19
67771,52,45,7,7
67772,75,77,-2,2
67773,114,110,4,4
67774,92,79,13,13
67775,113,97,16,16
67776,123,109,14,14
67777,68,68,0,0
67778,86,88,-2,2
67779,27,35,-8,8
67780,126,111,15,15
67781,89,75,14,14
67782,113,89,24,24
67783,106,87,19,19
67784,90,75,15,15
67785,82,67,15,15
67786,88,83,5,5
67787,97,84,13,13
67788,141,117,24,24
67789,123,99,24,24
67790,188,175,13,13
67791,108,101,7,7
67792,73,67,6,6
67793,104,95,9,9
67794,87,80,7,7
67795,78,75,3,3
67796,75,64,11,11
67797,153,124,29,29
67798,74,62,12,12
67799,129,105,24,24
67800,117,99,18,18
67801,82,79,3,3
67802,103,88,15,15
67803,93,74,19,19
67804,89,80,9,9
67805,44,48,-4,4
67806,76,68,8,8
67807,79,82,-3,3
67808,87,79,8,8
67809,38,37,1,1
67810,120,108,12,12
67811,88,83,5,5
67812,155,126,29,29
67813,120,98,22,22
67814,89,77,12,12
67815,100,86,14,14
67816,66,55,11,11
67817,85,82,3,3
67818,90,71,19,19
67819,126,111,15,15
67820,153,118,35,35
67821,83,73,10,10
67822,113,94,19,19
67823,88,82,6,6
67824,152,141,11,11
67825,104,86,18,18
67826,75,67,8,8
67827,48,44,4,4
67828,127,117,10,10
67829,79,68,11,11
67830,117,103,14,14
67831,63,63,0,0
67832,113,109,4,4
67833,143,136,7,7
67834,110,98,12,12
67835,75,78,-3,3
67836,48,50,-2,2
67837,64,88,-24,24
67838,99,88,11,11
67839,91,81,10,10
67840,111,94,17,17
67841,89,78,11,11
67842,141,119,22,22
67843,101,82,19,19
67844,74,66,8,8
67845,124,99,25,25
67846,115,110,5,5
67847,94,92,2,2
67848,110,101,9,9
67849,70,66,4,4
67850,89,85,4,4
67851,53,51,2,2
67852,85,84,1,1
67853,166,135,31,31
67854,77,67,10,10
67855,76,64,12,12
67856,137,127,10,10
67857,79,82,-3,3
67858,144,108,36,36
67859,57,49,8,8
67860,102,93,9,9
67861,77,71,6,6
67862,105,104,1,1
67863,99,83,16,16
67864,40,39,1,1
67865,96,84,12,12
67866,99,89,10,10
67867,69,62,7,7
67868,111,92,19,19
67869,119,109,10,10
67870,152,129,23,23
67871,138,115,23,23
67872,146,141,5,5
67873,79,89,-10,10
67874,113,97,16,16
67875,65,67,-2,2
67876,135,108,27,27
67877,58,40,18,18
67878,68,70,-2,2
67879,103,87,16,16
67880,110,102,8,8
67881,57,56,1,1
67882,191,156,35,35
67883,87,74,13,13
67884,130,109,21,21
67885,94,83,11,11
67886,101,95,6,6
67887,52,43,9,9
67888,134,116,18,18
67889,75,66,9,9
67890,91,88,3,3
67891,109,97,12,12
67892,96,80,16,16
67893,55,50,5,5
67894,114,97,17,17
67895,159,131,28,28
67896,74,66,8,8
67897,89,88,1,1
67898,45,49,-4,4
67899,50,62,-12,12
67900,78,69,9,9
67901,136,123,13,13
67902,81,71,10,10
67903,104,85,19,19
67904,42,44,-2,2
67905,45,42,3,3
67906,91,72,19,19
67907,81,73,8,8
67908,73,69,4,4
67909,163,133,30,30
67910,62,55,7,7
67911,62,81,-19,19
67912,117,93,24,24
67913,91,86,5,5
67914,81,84,-3,3
67915,183,138,45,45
67916,115,104,11,11
67917,45,44,1,1
67918,67,63,4,4
67919,73,64,9,9
67920,115,103,12,12
67921,143,119,24,24
67922,122,100,22,22
67923,158,125,33,33
67924,132,111,21,21
67925,56,53,3,3
67926,138,122,16,16
67927,128,106,22,22
67928,170,139,31,31
67929,101,90,11,11
67930,147,127,20,20
67931,116,105,11,11
67932,97,103,-6,6
67933,116,107,9,9
67934,73,66,7,7
67935,58,52,6,6
67936,99,83,16,16
67937,148,135,13,13
67938,56,53,3,3
67939,144,130,14,14
67940,73,64,9,9
67941,124,120,4,4
67942,58,77,-19,19
67943,72,69,3,3
67944,57,49,8,8
67945,77,59,18,18
67946,93,82,11,11
67947,136,115,21,21
67948,56,53,3,3
67949,106,84,22,22
67950,68,58,10,10
67951,107,96,11,11
67952,137,119,18,18
67953,51,54,-3,3
67954,161,142,19,19
67955,75,66,9,9
67956,207,165,42,42
67957,134,122,12,12
67958,139,125,14,14
67959,85,77,8,8
67960,64,61,3,3
67961,57,53,4,4
67962,87,80,7,7
67963,143,121,22,22
67964,89,86,3,3
67965,78,68,10,10
67966,73,80,-7,7
67967,188,176,12,12
67968,115,89,26,26
67969,119,87,32,32
67970,74,72,2,2
67971,96,87,9,9
67972,64,59,5,5
67973,117,112,5,5
67974,127,114,13,13
67975,70,69,1,1
67976,97,94,3,3
67977,163,137,26,26
67978,143,116,27,27
67979,69,69,0,0
67980,98,97,1,1
67981,87,75,12,12
67982,100,89,11,11
67983,111,106,5,5
67984,129,118,11,11
67985,94,74,20,20
67986,124,108,16,16
67987,70,69,1,1
67988,64,58,6,6
67989,131,109,22,22
67990,81,82,-1,1
67991,121,102,19,19
67992,139,116,23,23
67993,49,53,-4,4
67994,54,54,0,0
67995,109,101,8,8
67996,71,70,1,1
67997,124,101,23,23
67998,110,88,22,22
67999,103,97,6,6
68000,104,101,3,3
68001,95,106,-11,11
68002,85,72,13,13
68003,83,69,14,14
68004,111,105,6,6
68005,68,51,17,17
68006,76,66,10,10
68007,47,44,3,3
68008,143,115,28,28
68009,64,60,4,4
68010,102,91,11,11
68011,77,72,5,5
68012,52,57,-5,5
68013,52,51,1,1
68014,75,73,2,2
68015,83,79,4,4
68016,70,60,10,10
68017,44,46,-2,2
68018,41,45,-4,4
68019,77,67,10,10
68020,53,49,4,4
68021,132,119,13,13
68022,112,93,19,19
68023,81,71,10,10
68024,85,74,11,11
68025,90,85,5,5
68026,51,50,1,1
68027,55,61,-6,6
68028,45,59,-14,14
68029,52,49,3,3
68030,98,86,12,12
68031,72,65,7,7
68032,239,197,42,42
68033,123,100,23,23
68034,164,134,30,30
68035,75,67,8,8
68036,145,124,21,21
68037,63,61,2,2
68038,63,95,-32,32
68039,100,95,5,5
68040,110,100,10,10
68041,76,81,-5,5
68042,94,90,4,4
68043,109,86,23,23
68044,59,66,-7,7
68045,140,139,1,1
68046,83,71,12,12
68047,136,111,25,25
68048,50,49,1,1
68049,85,73,12,12
68050,113,92,21,21
68051,49,53,-4,4
68052,98,75,23,23
68053,80,63,17,17
68054,95,86,9,9
68055,129,117,12,12
68056,89,75,14,14
68057,115,98,17,17
68058,73,71,2,2
68059,75,74,1,1
68060,168,134,34,34
68061,52,53,-1,1
68062,76,64,12,12
68063,104,92,12,12
68064,124,98,26,26
68065,113,108,5,5
68066,80,70,10,10
68067,79,94,-15,15
68068,89,82,7,7
68069,90,73,17,17
68070,46,47,-1,1
68071,80,68,12,12
68072,108,110,-2,2
68073,46,43,3,3
68074,106,89,17,17
68075,139,118,21,21
68076,99,93,6,6
68077,50,49,1,1
68078,65,58,7,7
68079,69,66,3,3
68080,125,108,17,17
68081,97,86,11,11
68082,84,79,5,5
68083,114,105,9,9
68084,39,34,5,5
68085,106,95,11,11
68086,88,83,5,5
68087,80,77,3,3
68088,178,144,34,34
68089,104,102,2,2
68090,76,65,11,11
68091,108,86,22,22
68092,82,83,-1,1
68093,44,45,-1,1
68094,67,58,9,9
68095,69,68,1,1
68096,69,58,11,11
68097,112,96,16,16
68098,151,123,28,28
68099,47,51,-4,4
68100,70,62,8,8
68101,86,76,10,10
68102,95,84,11,11
68103,68,65,3,3
68104,44,45,-1,1
68105,70,68,2,2
68106,132,108,24,24
68107,66,64,2,2
68108,104,90,14,14
68109,155,131,24,24
68110,136,117,19,19
68111,74,67,7,7
68112,109,99,10,10
68113,88,83,5,5
68114,156,143,13,13
68115,153,133,20,20
68116,83,66,17,17
68117,88,74,14,14
68118,167,151,16,16
68119,44,46,-2,2
68120,124,100,24,24
68121,71,61,10,10
68122,131,110,21,21
68123,94,74,20,20
68124,64,59,5,5
68125,81,73,8,8
68126,69,60,9,9
68127,52,46,6,6
68128,84,78,6,6
68129,59,56,3,3
68130,117,106,11,11
68131,115,94,21,21
68132,86,78,8,8
68133,111,92,19,19
68134,69,68,1,1
68135,119,100,19,19
68136,73,66,7,7
68137,81,71,10,10
68138,79,82,-3,3
68139,89,90,-1,1
68140,51,51,0,0
68141,63,59,4,4
68142,87,80,7,7
68143,116,102,14,14
68144,115,96,19,19
68145,111,105,6,6
68146,38,42,-4,4
68147,130,124,6,6
68148,100,82,18,18
68149,60,53,7,7
68150,91,74,17,17
68151,67,61,6,6
68152,73,61,12,12
68153,152,132,20,20
68154,199,163,36,36
68155,156,130,26,26
68156,61,60,1,1
68157,109,88,21,21
68158,69,66,3,3
68159,87,80,7,7
68160,65,61,4,4
68161,83,77,6,6
68162,94,84,10,10
68163,104,79,25,25
68164,72,69,3,3
68165,74,82,-8,8
68166,93,74,19,19
68167,88,74,14,14
68168,88,73,15,15
68169,75,76,-1,1
68170,102,89,13,13
68171,72,68,4,4
68172,95,75,20,20
68173,98,86,12,12
68174,86,78,8,8
68175,91,96,-5,5
68176,67,60,7,7
68177,73,69,4,4
68178,129,117,12,12
68179,64,57,7,7
68180,94,86,8,8
68181,123,102,21,21
68182,89,80,9,9
68183,45,47,-2,2
68184,95,86,9,9
68185,77,72,5,5
68186,61,61,0,0
68187,151,138,13,13
68188,53,50,3,3
68189,109,93,16,16
68190,84,81,3,3
68191,86,81,5,5
68192,105,90,15,15
68193,107,103,4,4
68194,97,92,5,5
68195,41,42,-1,1
68196,69,65,4,4
68197,111,78,33,33
68198,40,41,-1,1
68199,140,118,22,22
68200,65,62,3,3
68201,149,107,42,42
68202,46,40,6,6
68203,103,92,11,11
68204,80,73,7,7
68205,41,40,1,1
68206,97,119,-22,22
68207,65,56,9,9
68208,124,135,-11,11
68209,65,59,6,6
68210,85,72,13,13
68211,151,129,22,22
68212,75,66,9,9
68213,92,86,6,6
68214,96,83,13,13
68215,120,104,16,16
68216,71,63,8,8
68217,77,72,5,5
68218,84,83,1,1
68219,100,99,1,1
68220,105,103,2,2
68221,123,100,23,23
68222,53,52,1,1
68223,178,155,23,23
68224,99,89,10,10
68225,64,59,5,5
68226,78,75,3,3
68227,108,93,15,15
68228,77,69,8,8
68229,157,144,13,13
68230,72,72,0,0
68231,68,65,3,3
68232,87,70,17,17
68233,70,71,-1,1
68234,52,53,-1,1
68235,85,69,16,16
68236,100,97,3,3
68237,71,66,5,5
68238,109,103,6,6
68239,154,147,7,7
68240,96,70,26,26
68241,78,80,-2,2
68242,82,82,0,0
68243,114,99,15,15
68244,103,96,7,7
68245,118,109,9,9
68246,87,81,6,6
68247,121,114,7,7
68248,94,87,7,7
68249,62,56,6,6
68250,89,75,14,14
68251,105,88,17,17
68252,85,74,11,11
68253,79,79,0,0
68254,86,78,8,8
68255,100,88,12,12
68256,104,89,15,15
68257,83,80,3,3
68258,90,76,14,14
68259,112,111,1,1
68260,69,68,1,1
68261,121,91,30,30
68262,84,81,3,3
68263,87,75,12,12
68264,92,83,9,9
68265,147,127,20,20
68266,86,78,8,8
68267,89,74,15,15
68268,52,60,-8,8
68269,110,96,14,14
68270,145,120,25,25
68271,87,76,11,11
68272,107,79,28,28
68273,145,108,37,37
68274,55,53,2,2
68275,51,54,-3,3
68276,95,84,11,11
68277,101,87,14,14
68278,72,61,11,11
68279,90,77,13,13
68280,91,73,18,18
68281,94,89,5,5
68282,60,61,-1,1
68283,59,52,7,7
68284,96,79,17,17
68285,55,52,3,3
68286,101,78,23,23
68287,95,89,6,6
68288,113,95,18,18
68289,77,64,13,13
68290,114,116,-2,2
68291,101,98,3,3
68292,100,95,5,5
68293,64,62,2,2
68294,100,83,17,17
68295,158,124,34,34
68296,81,75,6,6
68297,62,59,3,3
68298,136,114,22,22
68299,156,130,26,26
68300,160,132,28,28
68301,128,114,14,14
68302,49,44,5,5
68303,135,111,24,24
68304,81,79,2,2
68305,85,78,7,7
68306,74,63,11,11
68307,141,116,25,25
68308,98,86,12,12
68309,140,121,19,19
68310,102,84,18,18
68311,91,91,0,0
68312,68,61,7,7
68313,117,95,22,22
68314,57,50,7,7
68315,70,71,-1,1
68316,203,149,54,54
68317,96,101,-5,5
68318,128,115,13,13
68319,81,68,13,13
68320,81,83,-2,2
68321,66,55,11,11
68322,128,108,20,20
68323,150,129,21,21
68324,79,78,1,1
68325,68,66,2,2
68326,57,58,-1,1
68327,63,66,-3,3
68328,110,98,12,12
68329,84,74,10,10
68330,84,65,19,19
68331,59,56,3,3
68332,101,80,21,21
68333,73,70,3,3
68334,82,76,6,6
68335,163,136,27,27
68336,113,100,13,13
68337,95,73,22,22
68338,73,68,5,5
68339,83,74,9,9
68340,114,103,11,11
68341,136,108,28,28
68342,86,81,5,5
68343,81,71,10,10
68344,108,104,4,4
68345,149,136,13,13
68346,101,90,11,11
68347,78,72,6,6
68348,126,106,20,20
68349,122,116,6,6
68350,112,94,18,18
68351,67,59,8,8
68352,62,56,6,6
68353,112,111,1,1
68354,171,139,32,32
68355,65,58,7,7
68356,97,79,18,18
68357,43,43,0,0
68358,71,60,11,11
68359,71,62,9,9
68360,55,43,12,12
68361,72,75,-3,3
68362,85,74,11,11
68363,190,151,39,39
68364,97,86,11,11
68365,100,86,14,14
68366,75,70,5,5
68367,130,98,32,32
68368,60,55,5,5
68369,105,91,14,14
68370,85,76,9,9
68371,89,85,4,4
68372,93,85,8,8
68373,39,61,-22,22
68374,74,61,13,13
68375,148,133,15,15
68376,136,113,23,23
68377,61,67,-6,6
68378,181,149,32,32
68379,99,83,16,16
68380,165,140,25,25
68381,97,84,13,13
68382,116,96,20,20
68383,105,100,5,5
68384,50,46,4,4
68385,71,75,-4,4
68386,115,97,18,18
68387,61,50,11,11
68388,101,91,10,10
68389,80,72,8,8
68390,100,96,4,4
68391,79,81,-2,2
68392,121,106,15,15
68393,85,85,0,0
68394,87,81,6,6
68395,61,60,1,1
68396,125,115,10,10
68397,85,81,4,4
68398,87,79,8,8
68399,64,67,-3,3
68400,66,61,5,5
68401,85,77,8,8
68402,159,127,32,32
68403,132,118,14,14
68404,96,91,5,5
68405,100,98,2,2
68406,76,65,11,11
68407,117,105,12,12
68408,101,102,-1,1
68409,86,78,8,8
68410,117,99,18,18
68411,96,81,15,15
68412,55,56,-1,1
68413,145,119,26,26
68414,68,67,1,1
68415,71,62,9,9
68416,129,111,18,18
68417,121,103,18,18
68418,92,73,19,19
68419,57,57,0,0
68420,50,47,3,3
68421,56,57,-1,1
68422,52,50,2,2
68423,61,55,6,6
68424,164,141,23,23
68425,119,104,15,15
68426,85,71,14,14
68427,83,72,11,11
68428,149,121,28,28
68429,103,84,19,19
68430,61,39,22,22
68431,142,124,18,18
68432,80,75,5,5
68433,49,50,-1,1
68434,109,93,16,16
68435,101,90,11,11
68436,77,72,5,5
68437,160,150,10,10
68438,108,99,9,9
68439,137,114,23,23
68440,125,107,18,18
68441,76,76,0,0
68442,145,116,29,29
68443,86,84,2,2
68444,131,109,22,22
68445,99,92,7,7
68446,97,86,11,11
68447,67,57,10,10
68448,107,115,-8,8
68449,87,76,11,11
68450,104,92,12,12
68451,77,66,11,11
68452,49,49,0,0
68453,152,127,25,25
68454,138,118,20,20
68455,183,152,31,31
68456,53,51,2,2
68457,100,89,11,11
68458,71,67,4,4
68459,73,80,-7,7
68460,108,93,15,15
68461,85,81,4,4
68462,72,66,6,6
68463,92,81,11,11
68464,127,108,19,19
68465,61,80,-19,19
68466,86,92,-6,6
68467,56,53,3,3
68468,104,86,18,18
68469,86,77,9,9
68470,142,126,16,16
68471,78,75,3,3
68472,96,75,21,21
68473,75,79,-4,4
68474,88,79,9,9
68475,69,61,8,8
68476,62,59,3,3
68477,107,97,10,10
68478,65,61,4,4
68479,129,126,3,3
68480,86,82,4,4
68481,77,63,14,14
68482,115,89,26,26
68483,87,75,12,12
68484,32,30,2,2
68485,80,86,-6,6
68486,107,93,14,14
68487,112,110,2,2
68488,83,73,10,10
68489,89,84,5,5
68490,65,59,6,6
68491,63,60,3,3
68492,56,55,1,1
68493,99,77,22,22
68494,88,81,7,7
68495,130,120,10,10
68496,59,55,4,4
68497,157,116,41,41
68498,94,96,-2,2
68499,94,81,13,13
68500,61,59,2,2
68501,98,91,7,7
68502,98,85,13,13
68503,108,88,20,20
68504,122,107,15,15
68505,115,101,14,14
68506,49,48,1,1
68507,79,73,6,6
68508,96,93,3,3
68509,81,81,0,0
68510,54,50,4,4
68511,70,69,1,1
68512,141,117,24,24
68513,113,187,-74,74
68514,110,101,9,9
68515,75,73,2,2
68516,85,85,0,0
68517,85,71,14,14
68518,105,92,13,13
68519,62,62,0,0
68520,39,40,-1,1
68521,83,77,6,6
68522,103,90,13,13
68523,69,65,4,4
68524,103,89,14,14
68525,82,69,13,13
68526,98,87,11,11
68527,134,112,22,22
68528,51,59,-8,8
68529,98,84,14,14
68530,58,58,0,0
68531,66,69,-3,3
68532,66,60,6,6
68533,139,115,24,24
68534,182,148,34,34
68535,118,121,-3,3
68536,69,62,7,7
68537,61,62,-1,1
68538,101,84,17,17
68539,126,97,29,29
68540,87,75,12,12
68541,53,50,3,3
68542,83,70,13,13
68543,113,108,5,5
68544,109,86,23,23
68545,60,54,6,6
68546,113,103,10,10
68547,84,85,-1,1
68548,60,53,7,7
68549,56,48,8,8
68550,52,50,2,2
68551,111,95,16,16
68552,74,73,1,1
68553,57,53,4,4
68554,72,67,5,5
68555,77,71,6,6
68556,93,82,11,11
68557,167,126,41,41
68558,64,60,4,4
68559,97,80,17,17
68560,106,94,12,12
68561,165,135,30,30
68562,86,94,-8,8
68563,146,118,28,28
68564,98,87,11,11
68565,88,77,11,11
68566,89,78,11,11
68567,99,85,14,14
68568,86,77,9,9
68569,95,98,-3,3
68570,70,58,12,12
68571,91,91,0,0
68572,98,86,12,12
68573,92,79,13,13
68574,103,87,16,16
68575,91,75,16,16
68576,58,63,-5,5
68577,61,59,2,2
68578,53,51,2,2
68579,83,70,13,13
68580,56,53,3,3
68581,84,77,7,7
68582,73,72,1,1
68583,73,66,7,7
68584,81,75,6,6
68585,69,62,7,7
68586,71,67,4,4
68587,107,102,5,5
68588,111,99,12,12
68589,107,89,18,18
68590,115,88,27,27
68591,75,69,6,6
68592,129,106,23,23
68593,94,82,12,12
68594,52,51,1,1
68595,146,127,19,19
68596,99,92,7,7
68597,93,94,-1,1
68598,57,55,2,2
68599,102,106,-4,4
68600,58,57,1,1
68601,95,121,-26,26
68602,92,81,11,11
68603,99,86,13,13
68604,115,103,12,12
68605,77,68,9,9
68606,176,157,19,19
68607,97,94,3,3
68608,153,123,30,30
68609,74,65,9,9
68610,182,148,34,34
68611,91,95,-4,4
68612,67,71,-4,4
68613,85,84,1,1
68614,109,94,15,15
68615,113,94,19,19
68616,111,99,12,12
68617,95,96,-1,1
68618,74,65,9,9
68619,110,96,14,14
68620,58,54,4,4
68621,135,109,26,26
68622,108,99,9,9
68623,112,106,6,6
68624,49,49,0,0
68625,114,105,9,9
68626,57,54,3,3
68627,74,62,12,12
68628,99,88,11,11
68629,96,82,14,14
68630,88,75,13,13
68631,79,78,1,1
68632,82,65,17,17
68633,99,87,12,12
68634,116,97,19,19
68635,80,72,8,8
68636,120,102,18,18
68637,70,61,9,9
68638,74,67,7,7
68639,55,64,-9,9
68640,97,81,16,16
68641,74,68,6,6
68642,92,88,4,4
68643,71,67,4,4
68644,86,75,11,11
68645,66,57,9,9
68646,74,63,11,11
68647,90,83,7,7
68648,110,95,15,15
68649,94,85,9,9
68650,101,88,13,13
68651,115,101,14,14
68652,91,85,6,6
68653,102,92,10,10
68654,116,107,9,9
68655,130,115,15,15
68656,45,47,-2,2
68657,77,73,4,4
68658,117,115,2,2
68659,109,96,13,13
68660,94,82,12,12
68661,130,112,18,18
68662,37,40,-3,3
68663,73,69,4,4
68664,79,64,15,15
68665,80,80,0,0
68666,143,110,33,33
68667,69,64,5,5
68668,143,123,20,20
68669,105,94,11,11
68670,150,125,25,25
68671,94,80,14,14
68672,107,90,17,17
68673,64,58,6,6
68674,154,122,32,32
68675,129,108,21,21
68676,118,102,16,16
68677,86,78,8,8
68678,98,90,8,8
68679,134,128,6,6
68680,96,89,7,7
68681,90,82,8,8
68682,173,154,19,19
68683,83,77,6,6
68684,168,142,26,26
68685,97,84,13,13
68686,88,78,10,10
68687,54,50,4,4
68688,142,111,31,31
68689,152,124,28,28
68690,75,76,-1,1
68691,73,67,6,6
68692,170,159,11,11
68693,82,79,3,3
68694,103,104,-1,1
68695,135,110,25,25
68696,98,89,9,9
68697,190,156,34,34
68698,110,85,25,25
68699,56,59,-3,3
68700,160,129,31,31
68701,86,90,-4,4
68702,105,94,11,11
68703,42,41,1,1
68704,148,139,9,9
68705,78,65,13,13
68706,108,98,10,10
68707,81,73,8,8
68708,135,117,18,18
68709,84,84,0,0
68710,115,90,25,25
68711,124,103,21,21
68712,67,69,-2,2
68713,97,84,13,13
68714,90,80,10,10
68715,158,128,30,30
68716,162,134,28,28
68717,165,142,23,23
68718,76,71,5,5
68719,174,154,20,20
68720,125,104,21,21
68721,155,134,21,21
68722,80,77,3,3
68723,150,138,12,12
68724,54,52,2,2
68725,119,95,24,24
68726,83,68,15,15
68727,56,56,0,0
68728,69,72,-3,3
68729,94,87,7,7
68730,103,95,8,8
68731,120,100,20,20
68732,119,111,8,8
68733,92,83,9,9
68734,102,89,13,13
68735,75,68,7,7
68736,64,57,7,7
68737,175,142,33,33
68738,66,59,7,7
68739,69,62,7,7
68740,66,58,8,8
68741,42,41,1,1
68742,222,185,37,37
68743,161,132,29,29
68744,139,108,31,31
68745,88,79,9,9
68746,81,69,12,12
68747,160,144,16,16
68748,100,93,7,7
68749,64,64,0,0
68750,26,33,-7,7
68751,126,109,17,17
68752,49,46,3,3
68753,101,88,13,13
68754,78,67,11,11
68755,82,71,11,11
68756,68,63,5,5
68757,90,86,4,4
68758,78,68,10,10
68759,114,103,11,11
68760,160,137,23,23
68761,108,92,16,16
68762,93,83,10,10
68763,52,49,3,3
68764,142,124,18,18
68765,151,139,12,12
68766,118,111,7,7
68767,90,80,10,10
68768,103,85,18,18
68769,126,106,20,20
68770,121,106,15,15
68771,111,103,8,8
68772,87,76,11,11
68773,48,45,3,3
68774,86,68,18,18
68775,60,94,-34,34
68776,162,127,35,35
68777,98,78,20,20
68778,134,114,20,20
68779,147,127,20,20
68780,113,104,9,9
68781,79,68,11,11
68782,76,64,12,12
68783,72,74,-2,2
68784,59,61,-2,2
68785,151,124,27,27
68786,114,99,15,15
68787,71,68,3,3
68788,146,123,23,23
68789,83,72,11,11
68790,65,59,6,6
68791,60,55,5,5
68792,113,90,23,23
68793,146,118,28,28
68794,103,94,9,9
68795,123,103,20,20
68796,59,61,-2,2
68797,158,127,31,31
68798,114,89,25,25
68799,133,109,24,24
68800,151,126,25,25
68801,41,41,0,0
68802,80,70,10,10
68803,71,61,10,10
68804,88,81,7,7
68805,94,94,0,0
68806,41,52,-11,11
68807,129,126,3,3
68808,126,110,16,16
68809,132,104,28,28
68810,38,42,-4,4
68811,81,76,5,5
68812,97,91,6,6
68813,99,86,13,13
68814,159,135,24,24
68815,113,104,9,9
68816,42,53,-11,11
68817,176,142,34,34
68818,96,77,19,19
68819,122,106,16,16
68820,134,125,9,9
68821,63,58,5,5
68822,81,76,5,5
68823,94,89,5,5
68824,122,102,20,20
68825,99,79,20,20
68826,103,96,7,7
68827,77,93,-16,16
68828,90,90,0,0
68829,139,110,29,29
68830,74,72,2,2
68831,83,76,7,7
68832,84,74,10,10
68833,108,91,17,17
68834,80,77,3,3
68835,117,103,14,14
68836,81,71,10,10
68837,73,68,5,5
68838,146,121,25,25
68839,83,75,8,8
68840,71,62,9,9
68841,99,96,3,3
68842,52,52,0,0
68843,97,94,3,3
68844,80,69,11,11
68845,112,99,13,13
68846,57,67,-10,10
68847,105,93,12,12
68848,145,132,13,13
68849,104,84,20,20
68850,94,80,14,14
68851,109,99,10,10
68852,73,66,7,7
68853,54,49,5,5
68854,99,90,9,9
68855,204,171,33,33
68856,42,44,-2,2
68857,40,35,5,5
68858,61,53,8,8
68859,98,90,8,8
68860,88,83,5,5
68861,107,106,1,1
68862,101,90,11,11
68863,156,133,23,23
68864,43,45,-2,2
68865,85,74,11,11
68866,130,107,23,23
68867,49,52,-3,3
68868,82,70,12,12
68869,105,92,13,13
68870,141,136,5,5
68871,124,113,11,11
68872,149,146,3,3
68873,61,52,9,9
68874,163,143,20,20
68875,94,89,5,5
68876,64,64,0,0
68877,129,129,0,0
68878,71,68,3,3
68879,95,92,3,3
68880,106,99,7,7
68881,103,77,26,26
68882,81,70,11,11
68883,89,74,15,15
68884,144,121,23,23
68885,64,69,-5,5
68886,37,103,-66,66
68887,87,71,16,16
68888,34,35,-1,1
68889,94,88,6,6
68890,84,79,5,5
68891,76,64,12,12
68892,79,69,10,10
68893,96,91,5,5
68894,99,81,18,18
68895,102,92,10,10
68896,66,58,8,8
68897,96,77,19,19
68898,75,67,8,8
68899,98,82,16,16
68900,75,66,9,9
68901,106,91,15,15
68902,85,75,10,10
68903,104,103,1,1
68904,83,79,4,4
68905,92,82,10,10
68906,110,116,-6,6
68907,89,94,-5,5
68908,148,125,23,23
68909,105,92,13,13
68910,90,71,19,19
68911,42,51,-9,9
68912,102,92,10,10
68913,142,118,24,24
68914,122,103,19,19
68915,109,89,20,20
68916,101,94,7,7
68917,89,86,3,3
68918,118,116,2,2
68919,146,116,30,30
68920,100,92,8,8
68921,99,82,17,17
68922,62,54,8,8
68923,84,70,14,14
68924,62,63,-1,1
68925,190,154,36,36
68926,105,97,8,8
68927,101,82,19,19
68928,69,69,0,0
68929,105,90,15,15
68930,135,118,17,17
68931,162,148,14,14
68932,96,86,10,10
68933,80,67,13,13
68934,83,78,5,5
68935,133,110,23,23
68936,77,74,3,3
68937,130,111,19,19
68938,143,139,4,4
68939,83,78,5,5
68940,77,72,5,5
68941,148,125,23,23
68942,88,74,14,14
68943,47,44,3,3
68944,66,55,11,11
68945,54,61,-7,7
68946,97,84,13,13
68947,80,84,-4,4
68948,51,63,-12,12
68949,122,113,9,9
68950,134,108,26,26
68951,152,133,19,19
68952,96,91,5,5
68953,75,73,2,2
68954,143,126,17,17
68955,164,143,21,21
68956,99,89,10,10
68957,149,133,16,16
68958,126,107,19,19
68959,90,73,17,17
68960,102,94,8,8
68961,18,33,-15,15
68962,103,132,-29,29
68963,130,106,24,24
68964,67,64,3,3
68965,69,58,11,11
68966,84,74,10,10
68967,122,113,9,9
68968,103,85,18,18
68969,65,54,11,11
68970,111,103,8,8
68971,177,160,17,17
68972,64,54,10,10
68973,159,139,20,20
68974,123,124,-1,1
68975,67,63,4,4
68976,138,135,3,3
68977,88,89,-1,1
68978,94,96,-2,2
68979,114,95,19,19
68980,81,70,11,11
68981,68,58,10,10
68982,214,176,38,38
68983,145,118,27,27
68984,54,53,1,1
68985,100,85,15,15
68986,146,125,21,21
68987,213,169,44,44
68988,106,103,3,3
68989,57,49,8,8
68990,128,110,18,18
68991,97,84,13,13
68992,90,89,1,1
68993,102,89,13,13
68994,153,123,30,30
68995,84,75,9,9
68996,27,35,-8,8
68997,51,45,6,6
68998,73,70,3,3
68999,86,76,10,10
69000,77,66,11,11
69001,154,123,31,31
69002,107,92,15,15
69003,173,149,24,24
69004,80,75,5,5
69005,92,82,10,10
69006,86,76,10,10
69007,70,66,4,4
69008,116,111,5,5
69009,79,72,7,7
69010,101,90,11,11
69011,138,119,19,19
69012,125,99,26,26
69013,65,58,7,7
69014,82,75,7,7
69015,88,81,7,7
69016,40,46,-6,6
69017,104,98,6,6
69018,111,99,12,12
69019,81,72,9,9
69020,67,69,-2,2
69021,91,89,2,2
69022,135,116,19,19
69023,155,145,10,10
69024,89,74,15,15
69025,58,63,-5,5
69026,137,113,24,24
69027,69,63,6,6
69028,84,77,7,7
69029,110,84,26,26
69030,68,85,-17,17
69031,126,99,27,27
69032,185,136,49,49
69033,64,53,11,11
69034,119,103,16,16
69035,133,112,21,21
69036,96,83,13,13
69037,54,50,4,4
69038,90,82,8,8
69039,75,66,9,9
69040,123,118,5,5
69041,91,82,9,9
69042,114,99,15,15
69043,49,76,-27,27
69044,119,99,20,20
69045,78,64,14,14
69046,105,90,15,15
69047,113,100,13,13
69048,75,64,11,11
69049,162,141,21,21
69050,62,53,9,9
69051,93,74,19,19
69052,67,60,7,7
69053,118,104,14,14
69054,76,68,8,8
69055,132,111,21,21
69056,43,43,0,0
69057,69,68,1,1
69058,99,91,8,8
69059,81,72,9,9
69060,103,91,12,12
69061,87,73,14,14
69062,88,76,12,12
69063,92,79,13,13
69064,102,85,17,17
69065,53,50,3,3
69066,80,72,8,8
69067,86,76,10,10
69068,107,101,6,6
69069,165,150,15,15
69070,43,42,1,1
69071,84,71,13,13
69072,129,106,23,23
69073,135,117,18,18
69074,32,59,-27,27
69075,49,51,-2,2
69076,91,81,10,10
69077,72,66,6,6
69078,85,73,12,12
69079,75,74,1,1
69080,95,108,-13,13
69081,132,114,18,18
69082,98,94,4,4
69083,34,36,-2,2
69084,114,97,17,17
69085,104,89,15,15
69086,111,91,20,20
69087,59,51,8,8
69088,38,45,-7,7
69089,45,40,5,5
69090,160,150,10,10
69091,87,75,12,12
69092,78,76,2,2
69093,180,133,47,47
69094,112,105,7,7
69095,99,92,7,7
69096,77,72,5,5
69097,64,74,-10,10
69098,93,73,20,20
69099,135,135,0,0
69100,80,74,6,6
69101,105,81,24,24
69102,93,86,7,7
69103,97,89,8,8
69104,93,94,-1,1
69105,126,98,28,28
69106,100,86,14,14
69107,93,85,8,8
69108,116,104,12,12
69109,89,79,10,10
69110,72,79,-7,7
69111,158,125,33,33
69112,107,84,23,23
69113,57,54,3,3
69114,95,89,6,6
69115,199,167,32,32
69116,98,89,9,9
69117,50,50,0,0
69118,72,62,10,10
69119,86,72,14,14
69120,36,34,2,2
69121,77,59,18,18
69122,144,128,16,16
69123,101,107,-6,6
69124,141,123,18,18
69125,136,113,23,23
69126,81,71,10,10
69127,96,105,-9,9
69128,92,81,11,11
69129,37,44,-7,7
69130,117,104,13,13
69131,96,81,15,15
69132,120,126,-6,6
69133,58,56,2,2
69134,147,115,32,32
69135,60,57,3,3
69136,85,74,11,11
69137,71,60,11,11
69138,74,67,7,7
69139,98,88,10,10
69140,59,55,4,4
69141,77,72,5,5
69142,77,74,3,3
69143,76,72,4,4
69144,52,51,1,1
69145,116,105,11,11
69146,78,77,1,1
69147,74,67,7,7
69148,124,109,15,15
69149,58,52,6,6
69150,86,76,10,10
69151,132,110,22,22
69152,108,86,22,22
69153,38,39,-1,1
69154,138,125,13,13
69155,74,66,8,8
69156,73,68,5,5
69157,95,76,19,19
69158,129,129,0,0
69159,102,85,17,17
69160,112,97,15,15
69161,141,124,17,17
69162,76,70,6,6
69163,142,127,15,15
69164,72,66,6,6
69165,163,141,22,22
69166,122,109,13,13
69167,44,39,5,5
69168,104,90,14,14
69169,72,76,-4,4
69170,60,56,4,4
69171,69,62,7,7
69172,113,95,18,18
69173,89,78,11,11
69174,42,41,1,1
69175,146,129,17,17
69176,147,115,32,32
69177,132,132,0,0
69178,107,91,16,16
69179,77,73,4,4
69180,102,92,10,10
69181,153,125,28,28
69182,56,71,-15,15
69183,105,99,6,6
69184,129,111,18,18
69185,99,83,16,16
69186,55,51,4,4
69187,102,99,3,3
69188,102,87,15,15
69189,111,100,11,11
69190,123,111,12,12
69191,62,62,0,0
69192,152,146,6,6
69193,89,80,9,9
69194,94,81,13,13
69195,35,54,-19,19
69196,94,84,10,10
69197,110,102,8,8
69198,175,152,23,23
69199,105,87,18,18
69200,42,44,-2,2
69201,152,128,24,24
69202,149,121,28,28
69203,207,162,45,45
69204,152,138,14,14
69205,88,88,0,0
69206,94,82,12,12
69207,76,64,12,12
69208,84,74,10,10
69209,87,77,10,10
69210,59,47,12,12
69211,112,98,14,14
69212,110,92,18,18
69213,136,105,31,31
69214,81,89,-8,8
69215,177,144,33,33
69216,120,108,12,12
69217,86,79,7,7
69218,57,55,2,2
69219,100,74,26,26
69220,134,116,18,18
69221,75,63,12,12
69222,88,73,15,15
69223,82,79,3,3
69224,54,54,0,0
69225,74,61,13,13
69226,50,49,1,1
69227,125,101,24,24
69228,85,79,6,6
69229,148,125,23,23
69230,88,82,6,6
69231,58,72,-14,14
69232,124,97,27,27
69233,129,112,17,17
69234,100,86,14,14
69235,76,68,8,8
69236,86,71,15,15
69237,57,65,-8,8
69238,84,78,6,6
69239,103,86,17,17
69240,87,80,7,7
69241,114,103,11,11
69242,58,57,1,1
69243,100,84,16,16
69244,92,78,14,14
69245,78,74,4,4
69246,73,76,-3,3
69247,73,64,9,9
69248,106,94,12,12
69249,135,119,16,16
69250,95,100,-5,5
69251,75,70,5,5
69252,116,108,8,8
69253,58,50,8,8
69254,135,112,23,23
69255,75,70,5,5
69256,51,52,-1,1
69257,69,62,7,7
69258,97,99,-2,2
69259,73,69,4,4
69260,91,86,5,5
69261,156,131,25,25
69262,67,66,1,1
69263,77,68,9,9
69264,133,126,7,7
69265,129,134,-5,5
69266,110,96,14,14
69267,121,119,2,2
69268,150,129,21,21
69269,89,79,10,10
69270,71,61,10,10
69271,119,96,23,23
69272,70,71,-1,1
69273,121,112,9,9
69274,116,108,8,8
69275,123,114,9,9
69276,95,80,15,15
69277,70,59,11,11
69278,111,80,31,31
69279,113,94,19,19
69280,92,74,18,18
69281,52,52,0,0
69282,114,98,16,16
69283,106,95,11,11
69284,102,107,-5,5
69285,72,75,-3,3
69286,134,112,22,22
69287,101,89,12,12
69288,134,107,27,27
69289,111,100,11,11
69290,99,87,12,12
69291,98,81,17,17
69292,94,86,8,8
69293,44,43,1,1
69294,92,87,5,5
69295,81,70,11,11
69296,74,68,6,6
69297,51,47,4,4
69298,135,118,17,17
69299,34,39,-5,5
69300,151,133,18,18
69301,64,57,7,7
69302,105,96,9,9
69303,117,93,24,24
69304,88,78,10,10
69305,100,92,8,8
69306,88,76,12,12
69307,84,78,6,6
69308,189,160,29,29
69309,45,47,-2,2
69310,64,59,5,5
69311,94,86,8,8
69312,199,162,37,37
69313,80,68,12,12
69314,105,97,8,8
69315,112,94,18,18
69316,59,45,14,14
69317,54,56,-2,2
69318,123,105,18,18
69319,59,59,0,0
69320,186,155,31,31
69321,110,96,14,14
69322,117,95,22,22
69323,82,74,8,8
69324,202,155,47,47
69325,129,100,29,29
69326,91,84,7,7
69327,131,105,26,26
69328,117,97,20,20
69329,82,68,14,14
69330,78,81,-3,3
69331,129,111,18,18
69332,46,42,4,4
69333,122,111,11,11
69334,124,102,22,22
69335,186,170,16,16
69336,103,90,13,13
69337,112,105,7,7
69338,135,127,8,8
69339,68,67,1,1
69340,110,101,9,9
69341,57,52,5,5
69342,144,119,25,25
69343,115,92,23,23
69344,143,125,18,18
69345,75,76,-1,1
69346,69,59,10,10
69347,140,116,24,24
69348,93,90,3,3
69349,74,65,9,9
69350,165,144,21,21
69351,77,75,2,2
69352,57,55,2,2
69353,87,91,-4,4
69354,123,111,12,12
69355,78,75,3,3
69356,120,107,13,13
69357,100,87,13,13
69358,112,100,12,12
69359,87,81,6,6
69360,98,81,17,17
69361,106,97,9,9
69362,91,91,0,0
69363,107,95,12,12
69364,67,59,8,8
69365,125,109,16,16
69366,61,54,7,7
69367,96,90,6,6
69368,73,65,8,8
69369,70,62,8,8
69370,89,76,13,13
69371,114,99,15,15
69372,74,71,3,3
69373,133,104,29,29
69374,107,103,4,4
69375,91,81,10,10
69376,83,70,13,13
69377,76,65,11,11
69378,75,73,2,2
69379,83,69,14,14
69380,62,55,7,7
69381,71,72,-1,1
69382,40,40,0,0
69383,131,110,21,21
69384,138,124,14,14
69385,43,46,-3,3
69386,76,77,-1,1
69387,128,133,-5,5
69388,62,57,5,5
69389,128,109,19,19
69390,79,74,5,5
69391,140,117,23,23
69392,94,91,3,3
69393,96,87,9,9
69394,43,37,6,6
69395,159,134,25,25
69396,62,52,10,10
69397,131,111,20,20
69398,65,62,3,3
69399,63,62,1,1
69400,116,112,4,4
69401,65,70,-5,5
69402,70,66,4,4
69403,56,56,0,0
69404,95,86,9,9
69405,120,100,20,20
69406,93,88,5,5
69407,92,81,11,11
69408,101,82,19,19
69409,106,97,9,9
69410,151,126,25,25
69411,98,84,14,14
69412,63,56,7,7
69413,120,106,14,14
69414,93,82,11,11
69415,89,76,13,13
69416,47,48,-1,1
69417,92,85,7,7
69418,95,79,16,16
69419,90,73,17,17
69420,116,97,19,19
69421,88,80,8,8
69422,107,101,6,6
69423,168,158,10,10
69424,49,43,6,6
69425,111,93,18,18
69426,76,74,2,2
69427,89,77,12,12
69428,72,68,4,4
69429,131,115,16,16
69430,61,68,-7,7
69431,106,90,16,16
69432,65,64,1,1
69433,76,72,4,4
69434,62,84,-22,22
69435,63,58,5,5
69436,77,69,8,8
69437,120,99,21,21
69438,109,102,7,7
69439,93,81,12,12
69440,66,59,7,7
69441,72,61,11,11
69442,94,80,14,14
69443,143,116,27,27
69444,75,69,6,6
69445,99,89,10,10
69446,112,102,10,10
69447,66,59,7,7
69448,72,62,10,10
69449,46,51,-5,5
69450,100,90,10,10
69451,89,74,15,15
69452,101,91,10,10
69453,63,57,6,6
69454,108,95,13,13
69455,89,84,5,5
69456,101,86,15,15
69457,94,82,12,12
69458,73,68,5,5
69459,148,116,32,32
69460,142,123,19,19
69461,92,81,11,11
69462,151,126,25,25
69463,119,104,15,15
69464,61,61,0,0
69465,124,114,10,10
69466,46,46,0,0
69467,67,74,-7,7
69468,46,61,-15,15
69469,81,70,11,11
69470,104,95,9,9
69471,47,47,0,0
69472,88,78,10,10
69473,115,80,35,35
69474,92,101,-9,9
69475,100,77,23,23
69476,141,119,22,22
69477,107,95,12,12
69478,127,102,25,25
69479,117,111,6,6
69480,72,65,7,7
69481,81,76,5,5
69482,100,118,-18,18
69483,84,92,-8,8
69484,70,60,10,10
69485,152,124,28,28
69486,32,38,-6,6
69487,121,111,10,10
69488,69,63,6,6
69489,63,62,1,1
69490,76,68,8,8
69491,81,78,3,3
69492,106,91,15,15
69493,69,69,0,0
69494,54,55,-1,1
69495,92,79,13,13
69496,61,58,3,3
69497,141,119,22,22
69498,78,69,9,9
69499,124,129,-5,5
69500,94,83,11,11
69501,66,63,3,3
69502,156,140,16,16
69503,80,92,-12,12
69504,84,79,5,5
69505,161,140,21,21
69506,106,89,17,17
69507,98,90,8,8
69508,108,91,17,17
69509,109,93,16,16
69510,85,75,10,10
69511,74,79,-5,5
69512,74,69,5,5
69513,88,92,-4,4
69514,128,107,21,21
69515,93,80,13,13
69516,140,122,18,18
69517,109,94,15,15
69518,58,52,6,6
69519,73,56,17,17
69520,86,78,8,8
69521,94,79,15,15
69522,332,264,68,68
69523,112,92,20,20
69524,48,44,4,4
69525,73,71,2,2
69526,116,100,16,16
69527,105,83,22,22
69528,65,60,5,5
69529,108,92,16,16
69530,83,85,-2,2
69531,81,79,2,2
69532,155,140,15,15
69533,110,85,25,25
69534,120,99,21,21
69535,92,75,17,17
69536,152,125,27,27
69537,131,124,7,7
69538,48,58,-10,10
69539,68,62,6,6
69540,74,66,8,8
69541,86,88,-2,2
69542,148,140,8,8
69543,188,160,28,28
69544,79,81,-2,2
69545,125,107,18,18
69546,95,76,19,19
69547,63,54,9,9
69548,78,65,13,13
69549,116,107,9,9
69550,83,76,7,7
69551,68,63,5,5
69552,104,108,-4,4
69553,107,93,14,14
69554,93,78,15,15
69555,115,98,17,17
69556,105,76,29,29
69557,76,83,-7,7
69558,129,105,24,24
69559,53,47,6,6
69560,78,82,-4,4
69561,108,99,9,9
69562,39,41,-2,2
69563,81,67,14,14
69564,122,112,10,10
69565,74,63,11,11
69566,63,60,3,3
69567,115,102,13,13
69568,119,109,10,10
69569,130,111,19,19
69570,103,114,-11,11
69571,107,100,7,7
69572,69,71,-2,2
69573,130,109,21,21
69574,98,102,-4,4
69575,126,103,23,23
69576,119,96,23,23
69577,86,82,4,4
69578,211,179,32,32
69579,82,75,7,7
69580,64,60,4,4
69581,96,74,22,22
69582,63,59,4,4
69583,102,91,11,11
69584,119,118,1,1
69585,82,81,1,1
69586,119,99,20,20
69587,64,58,6,6
69588,48,42,6,6
69589,140,120,20,20
69590,112,94,18,18
69591,93,99,-6,6
69592,88,81,7,7
69593,93,81,12,12
69594,60,51,9,9
69595,66,59,7,7
69596,48,44,4,4
69597,101,84,17,17
69598,54,52,2,2
69599,99,85,14,14
69600,81,73,8,8
69601,155,128,27,27
69602,80,63,17,17
69603,69,63,6,6
69604,65,69,-4,4
69605,81,78,3,3
69606,100,94,6,6
69607,89,89,0,0
69608,86,79,7,7
69609,107,100,7,7
69610,61,60,1,1
69611,59,47,12,12
69612,51,52,-1,1
69613,147,133,14,14
69614,127,105,22,22
69615,130,120,10,10
69616,53,48,5,5
69617,117,86,31,31
69618,132,115,17,17
69619,119,102,17,17
69620,107,84,23,23
69621,79,83,-4,4
69622,157,135,22,22
69623,125,98,27,27
69624,60,58,2,2
69625,79,64,15,15
69626,80,75,5,5
69627,151,119,32,32
69628,109,89,20,20
69629,64,58,6,6
69630,111,88,23,23
69631,44,54,-10,10
69632,95,76,19,19
69633,137,114,23,23
69634,121,92,29,29
69635,51,56,-5,5
69636,53,58,-5,5
69637,93,83,10,10
69638,91,84,7,7
69639,125,103,22,22
69640,59,60,-1,1
69641,63,58,5,5
69642,111,86,25,25
69643,117,105,12,12
69644,74,65,9,9
69645,117,110,7,7
69646,65,61,4,4
69647,100,81,19,19
69648,227,192,35,35
69649,145,154,-9,9
69650,82,77,5,5
69651,93,72,21,21
69652,120,116,4,4
69653,122,101,21,21
69654,121,103,18,18
69655,106,82,24,24
69656,95,90,5,5
69657,71,64,7,7
69658,64,69,-5,5
69659,103,88,15,15
69660,66,73,-7,7
69661,60,60,0,0
69662,85,79,6,6
69663,110,102,8,8
69664,109,98,11,11
69665,80,79,1,1
69666,80,66,14,14
69667,147,131,16,16
69668,107,102,5,5
69669,61,59,2,2
69670,163,144,19,19
69671,60,54,6,6
69672,85,75,10,10
69673,152,140,12,12
69674,90,80,10,10
69675,81,72,9,9
69676,76,66,10,10
69677,95,83,12,12
69678,70,65,5,5
69679,101,86,15,15
69680,65,55,10,10
69681,78,80,-2,2
69682,94,87,7,7
69683,69,63,6,6
69684,161,147,14,14
69685,97,92,5,5
69686,66,65,1,1
69687,171,137,34,34
69688,93,74,19,19
69689,98,84,14,14
69690,101,96,5,5
69691,97,85,12,12
69692,74,69,5,5
69693,88,71,17,17
69694,184,160,24,24
69695,74,71,3,3
69696,65,72,-7,7
69697,193,160,33,33
69698,103,87,16,16
69699,57,59,-2,2
69700,113,116,-3,3
69701,145,150,-5,5
69702,60,56,4,4
69703,128,122,6,6
69704,89,79,10,10
69705,80,71,9,9
69706,79,66,13,13
69707,114,93,21,21
69708,200,165,35,35
69709,133,114,19,19
69710,114,97,17,17
69711,125,105,20,20
69712,82,73,9,9
69713,90,74,16,16
69714,95,83,12,12
69715,140,131,9,9
69716,96,92,4,4
69717,186,159,27,27
69718,89,91,-2,2
69719,57,54,3,3
69720,76,71,5,5
69721,64,57,7,7
69722,138,114,24,24
69723,97,86,11,11
69724,95,91,4,4
69725,157,138,19,19
69726,76,65,11,11
69727,77,73,4,4
69728,110,99,11,11
69729,191,149,42,42
69730,70,59,11,11
69731,100,103,-3,3
69732,98,94,4,4
69733,64,65,-1,1
69734,106,92,14,14
69735,95,87,8,8
69736,70,72,-2,2
69737,132,106,26,26
69738,43,36,7,7
69739,177,147,30,30
69740,59,53,6,6
69741,42,44,-2,2
69742,40,37,3,3
69743,82,26,56,56
69744,79,75,4,4
69745,62,66,-4,4
69746,108,91,17,17
69747,103,105,-2,2
69748,92,82,10,10
69749,63,61,2,2
69750,65,64,1,1
69751,144,133,11,11
69752,92,79,13,13
69753,129,110,19,19
69754,137,127,10,10
69755,122,112,10,10
69756,48,61,-13,13
69757,85,64,21,21
69758,90,86,4,4
69759,82,67,15,15
69760,112,92,20,20
69761,85,78,7,7
69762,91,78,13,13
69763,78,73,5,5
69764,69,64,5,5
69765,121,97,24,24
69766,68,70,-2,2
69767,131,114,17,17
69768,89,81,8,8
69769,93,79,14,14
69770,54,49,5,5
69771,136,124,12,12
69772,35,66,-31,31
69773,178,138,40,40
69774,105,88,17,17
69775,145,132,13,13
69776,75,73,2,2
69777,117,95,22,22
69778,63,64,-1,1
69779,132,116,16,16
69780,100,93,7,7
69781,67,62,5,5
69782,47,49,-2,2
69783,128,102,26,26
69784,119,107,12,12
69785,119,108,11,11
69786,93,73,20,20
69787,121,109,12,12
69788,79,67,12,12
69789,166,136,30,30
69790,87,69,18,18
69791,85,79,6,6
69792,80,71,9,9
69793,68,68,0,0
69794,131,119,12,12
69795,124,108,16,16
69796,146,132,14,14
69797,71,60,11,11
69798,89,86,3,3
69799,60,58,2,2
69800,64,58,6,6
69801,63,61,2,2
69802,61,58,3,3
69803,119,89,30,30
69804,83,81,2,2
69805,96,90,6,6
69806,116,120,-4,4
69807,122,104,18,18
69808,102,87,15,15
69809,85,78,7,7
69810,129,118,11,11
69811,109,87,22,22
69812,41,39,2,2
69813,95,90,5,5
69814,131,101,30,30
69815,98,75,23,23
69816,105,88,17,17
69817,35,44,-9,9
69818,65,61,4,4
69819,69,60,9,9
69820,72,61,11,11
69821,101,92,9,9
69822,86,77,9,9
69823,103,94,9,9
69824,110,89,21,21
69825,77,67,10,10
69826,98,70,28,28
69827,107,89,18,18
69828,72,72,0,0
69829,109,96,13,13
69830,68,57,11,11
69831,64,55,9,9
69832,158,138,20,20
69833,112,109,3,3
69834,71,75,-4,4
69835,119,103,16,16
69836,63,59,4,4
69837,66,61,5,5
69838,90,77,13,13
69839,114,109,5,5
69840,81,77,4,4
69841,136,108,28,28
69842,92,81,11,11
69843,46,58,-12,12
69844,48,51,-3,3
69845,99,80,19,19
69846,63,59,4,4
69847,113,99,14,14
69848,77,71,6,6
69849,95,106,-11,11
69850,95,85,10,10
69851,92,85,7,7
69852,77,68,9,9
69853,108,93,15,15
69854,80,72,8,8
69855,106,92,14,14
69856,193,167,26,26
69857,138,112,26,26
69858,146,130,16,16
69859,146,128,18,18
69860,121,99,22,22
69861,134,109,25,25
69862,92,83,9,9
69863,109,93,16,16
69864,94,90,4,4
69865,96,91,5,5
69866,105,107,-2,2
69867,124,110,14,14
69868,101,86,15,15
69869,63,69,-6,6
69870,91,85,6,6
69871,75,77,-2,2
69872,89,90,-1,1
69873,134,120,14,14
69874,130,118,12,12
69875,71,74,-3,3
69876,152,136,16,16
69877,79,60,19,19
69878,82,65,17,17
69879,80,76,4,4
69880,51,51,0,0
69881,134,117,17,17
69882,120,96,24,24
69883,88,76,12,12
69884,66,65,1,1
69885,40,43,-3,3
69886,81,69,12,12
69887,125,103,22,22
69888,57,53,4,4
69889,127,107,20,20
69890,70,60,10,10
69891,144,89,55,55
69892,100,98,2,2
69893,190,151,39,39
69894,79,71,8,8
69895,95,74,21,21
69896,86,68,18,18
69897,75,58,17,17
69898,108,92,16,16
69899,74,66,8,8
69900,110,105,5,5
69901,121,102,19,19
69902,75,71,4,4
69903,193,148,45,45
69904,102,86,16,16
69905,83,79,4,4
69906,161,138,23,23
69907,43,50,-7,7
69908,157,158,-1,1
69909,152,137,15,15
69910,166,138,28,28
69911,61,57,4,4
69912,123,104,19,19
69913,77,61,16,16
69914,76,63,13,13
69915,103,99,4,4
69916,73,63,10,10
69917,94,94,0,0
69918,71,71,0,0
69919,69,77,-8,8
69920,46,43,3,3
69921,59,51,8,8
69922,109,90,19,19
69923,166,150,16,16
69924,65,60,5,5
69925,97,82,15,15
69926,170,142,28,28
69927,76,79,-3,3
69928,79,73,6,6
69929,84,80,4,4
69930,36,32,4,4
69931,149,131,18,18
69932,61,53,8,8
69933,109,96,13,13
69934,160,129,31,31
69935,96,80,16,16
69936,139,124,15,15
69937,59,55,4,4
69938,52,44,8,8
69939,148,119,29,29
69940,90,66,24,24
69941,68,55,13,13
69942,60,59,1,1
69943,110,97,13,13
69944,80,86,-6,6
69945,37,36,1,1
69946,75,77,-2,2
69947,62,63,-1,1
69948,66,61,5,5
69949,99,97,2,2
69950,105,91,14,14
69951,165,136,29,29
69952,164,140,24,24
69953,93,84,9,9
69954,58,68,-10,10
69955,93,80,13,13
69956,37,44,-7,7
69957,68,67,1,1
69958,122,109,13,13
69959,36,36,0,0
69960,109,98,11,11
69961,111,93,18,18
69962,39,39,0,0
69963,139,118,21,21
69964,109,102,7,7
69965,169,148,21,21
69966,138,120,18,18
69967,104,110,-6,6
69968,170,160,10,10
69969,66,60,6,6
69970,154,132,22,22
69971,46,46,0,0
69972,136,109,27,27
69973,81,72,9,9
69974,390,281,109,109
69975,88,75,13,13
69976,66,73,-7,7
69977,69,64,5,5
69978,48,53,-5,5
69979,136,109,27,27
69980,85,76,9,9
69981,73,65,8,8
69982,128,125,3,3
69983,90,94,-4,4
69984,105,95,10,10
69985,127,110,17,17
69986,102,93,9,9
69987,111,99,12,12
69988,110,87,23,23
69989,92,81,11,11
69990,66,93,-27,27
69991,103,89,14,14
69992,111,92,19,19
69993,120,106,14,14
69994,96,90,6,6
69995,141,121,20,20
69996,89,95,-6,6
69997,66,62,4,4
69998,95,78,17,17
69999,83,81,2,2
70000,62,54,8,8
70001,136,125,11,11
70002,99,83,16,16
70003,78,67,11,11
70004,79,79,0,0
70005,86,74,12,12
70006,70,62,8,8
70007,128,119,9,9
70008,100,80,20,20
70009,116,92,24,24
70010,165,159,6,6
70011,125,109,16,16
70012,63,71,-8,8
70013,93,90,3,3
70014,135,110,25,25
70015,61,57,4,4
70016,55,61,-6,6
70017,95,80,15,15
70018,98,89,9,9
70019,54,52,2,2
70020,85,78,7,7
70021,96,79,17,17
70022,132,109,23,23
70023,81,77,4,4
70024,57,56,1,1
70025,71,60,11,11
70026,92,81,11,11
70027,99,80,19,19
70028,87,75,12,12
70029,116,91,25,25
70030,46,48,-2,2
70031,29,26,3,3
70032,163,154,9,9
70033,110,92,18,18
70034,68,62,6,6
70035,62,54,8,8
70036,60,48,12,12
70037,91,87,4,4
70038,35,38,-3,3
70039,61,64,-3,3
70040,101,88,13,13
70041,135,114,21,21
70042,169,152,17,17
70043,122,100,22,22
70044,182,152,30,30
70045,86,80,6,6
70046,121,101,20,20
70047,65,56,9,9
70048,84,73,11,11
70049,98,82,16,16
70050,61,60,1,1
70051,71,66,5,5
70052,54,51,3,3
70053,130,110,20,20
70054,47,47,0,0
70055,78,71,7,7
70056,83,67,16,16
70057,119,95,24,24
70058,86,71,15,15
70059,92,84,8,8
70060,76,72,4,4
70061,80,78,2,2
70062,103,86,17,17
70063,113,99,14,14
70064,79,76,3,3
70065,68,62,6,6
70066,115,101,14,14
70067,62,63,-1,1
70068,107,105,2,2
70069,115,96,19,19
70070,138,121,17,17
70071,115,110,5,5
70072,117,97,20,20
70073,92,133,-41,41
70074,122,101,21,21
70075,54,51,3,3
70076,76,70,6,6
70077,96,82,14,14
70078,57,58,-1,1
70079,108,96,12,12
70080,104,98,6,6
70081,107,94,13,13
70082,66,55,11,11
70083,57,59,-2,2
70084,72,64,8,8
70085,63,91,-28,28
70086,119,110,9,9
70087,123,99,24,24
70088,86,75,11,11
70089,121,93,28,28
70090,72,57,15,15
70091,70,64,6,6
70092,84,68,16,16
70093,72,71,1,1
70094,61,54,7,7
70095,128,101,27,27
70096,90,83,7,7
70097,138,136,2,2
70098,80,74,6,6
70099,134,93,41,41
70100,135,121,14,14
70101,108,92,16,16
70102,114,97,17,17
70103,87,69,18,18
70104,29,48,-19,19
70105,84,75,9,9
70106,139,121,18,18
70107,126,100,26,26
70108,61,52,9,9
70109,22,28,-6,6
70110,61,65,-4,4
70111,74,76,-2,2
70112,120,104,16,16
70113,69,60,9,9
70114,61,61,0,0
70115,88,81,7,7
70116,102,93,9,9
70117,107,98,9,9
70118,103,91,12,12
70119,89,81,8,8
70120,134,120,14,14
70121,52,55,-3,3
70122,63,91,-28,28
70123,116,101,15,15
70124,123,108,15,15
70125,101,85,16,16
70126,58,55,3,3
70127,95,87,8,8
70128,66,59,7,7
70129,69,61,8,8
70130,107,90,17,17
70131,118,113,5,5
70132,155,124,31,31
70133,75,67,8,8
70134,103,85,18,18
70135,81,67,14,14
70136,94,83,11,11
70137,64,58,6,6
70138,135,114,21,21
70139,116,120,-4,4
70140,213,166,47,47
70141,87,78,9,9
70142,109,111,-2,2
70143,149,130,19,19
70144,81,87,-6,6
70145,78,69,9,9
70146,62,54,8,8
70147,73,69,4,4
70148,68,60,8,8
70149,103,65,38,38
70150,121,97,24,24
70151,165,134,31,31
70152,105,88,17,17
70153,71,60,11,11
70154,139,129,10,10
70155,75,90,-15,15
70156,146,139,7,7
70157,88,85,3,3
70158,184,164,20,20
70159,122,100,22,22
70160,50,55,-5,5
70161,98,88,10,10
70162,28,59,-31,31
70163,68,54,14,14
70164,34,34,0,0
70165,88,72,16,16
70166,87,82,5,5
70167,91,77,14,14
70168,97,84,13,13
70169,93,74,19,19
70170,46,42,4,4
70171,63,57,6,6
70172,54,55,-1,1
70173,68,64,4,4
70174,100,104,-4,4
70175,51,47,4,4
70176,92,86,6,6
70177,111,101,10,10
70178,66,58,8,8
70179,60,65,-5,5
70180,66,59,7,7
70181,130,104,26,26
70182,125,103,22,22
70183,134,121,13,13
70184,139,122,17,17
70185,105,95,10,10
70186,70,64,6,6
70187,106,89,17,17
70188,146,114,32,32
70189,144,131,13,13
70190,108,112,-4,4
70191,77,71,6,6
70192,99,83,16,16
70193,79,70,9,9
70194,65,62,3,3
70195,65,71,-6,6
70196,89,91,-2,2
70197,128,101,27,27
70198,95,107,-12,12
70199,131,125,6,6
70200,48,45,3,3
70201,127,102,25,25
70202,102,96,6,6
70203,127,110,17,17
70204,53,52,1,1
70205,148,115,33,33
70206,173,144,29,29
70207,110,95,15,15
70208,61,61,0,0
70209,65,61,4,4
70210,83,73,10,10
70211,125,111,14,14
70212,94,82,12,12
70213,82,70,12,12
70214,95,78,17,17
70215,48,54,-6,6
70216,112,99,13,13
70217,74,70,4,4
70218,114,97,17,17
70219,64,62,2,2
70220,109,90,19,19
70221,163,133,30,30
70222,136,122,14,14
70223,218,172,46,46
70224,114,92,22,22
70225,152,133,19,19
70226,115,107,8,8
70227,70,67,3,3
70228,76,66,10,10
70229,101,89,12,12
70230,122,98,24,24
70231,95,77,18,18
70232,112,126,-14,14
70233,114,103,11,11
70234,93,83,10,10
70235,56,68,-12,12
70236,110,114,-4,4
70237,97,88,9,9
70238,86,88,-2,2
70239,87,76,11,11
70240,55,63,-8,8
70241,183,173,10,10
70242,99,90,9,9
70243,102,91,11,11
70244,113,102,11,11
70245,95,85,10,10
70246,191,153,38,38
70247,82,77,5,5
70248,55,49,6,6
70249,60,56,4,4
70250,81,69,12,12
70251,87,78,9,9
70252,142,128,14,14
70253,97,77,20,20
70254,116,90,26,26
70255,73,65,8,8
70256,87,84,3,3
70257,102,85,17,17
70258,57,55,2,2
70259,56,57,-1,1
70260,193,147,46,46
70261,99,91,8,8
70262,61,62,-1,1
70263,90,77,13,13
70264,129,121,8,8
70265,86,77,9,9
70266,68,69,-1,1
70267,106,85,21,21
70268,101,103,-2,2
70269,139,118,21,21
70270,97,94,3,3
70271,79,78,1,1
70272,54,56,-2,2
70273,47,50,-3,3
70274,119,100,19,19
70275,93,83,10,10
70276,70,63,7,7
70277,109,98,11,11
70278,55,62,-7,7
70279,127,120,7,7
70280,76,67,9,9
70281,35,39,-4,4
70282,66,57,9,9
70283,72,64,8,8
70284,91,91,0,0
70285,128,117,11,11
70286,123,111,12,12
70287,129,113,16,16
70288,106,90,16,16
70289,84,80,4,4
70290,99,77,22,22
70291,59,52,7,7
70292,54,59,-5,5
70293,120,108,12,12
70294,188,150,38,38
70295,83,72,11,11
70296,146,118,28,28
70297,69,64,5,5
70298,58,55,3,3
70299,173,139,34,34
70300,131,107,24,24
70301,150,127,23,23
70302,115,100,15,15
70303,107,87,20,20
70304,131,122,9,9
70305,101,91,10,10
70306,105,84,21,21
70307,104,91,13,13
70308,138,112,26,26
70309,62,55,7,7
70310,88,84,4,4
70311,44,42,2,2
70312,116,106,10,10
70313,84,73,11,11
70314,80,90,-10,10
70315,112,103,9,9
70316,85,72,13,13
70317,82,66,16,16
70318,101,93,8,8
70319,123,111,12,12
70320,137,113,24,24
70321,112,87,25,25
70322,72,69,3,3
70323,100,87,13,13
70324,106,88,18,18
70325,64,49,15,15
70326,115,95,20,20
70327,44,42,2,2
70328,112,98,14,14
70329,113,91,22,22
70330,203,162,41,41
70331,113,92,21,21
70332,154,131,23,23
70333,88,84,4,4
70334,88,93,-5,5
70335,56,53,3,3
70336,116,101,15,15
70337,104,91,13,13
70338,96,83,13,13
70339,99,88,11,11
70340,98,93,5,5
70341,128,120,8,8
70342,79,66,13,13
70343,97,94,3,3
70344,68,72,-4,4
70345,93,74,19,19
70346,99,89,10,10
70347,68,64,4,4
70348,83,70,13,13
70349,85,81,4,4
70350,89,85,4,4
70351,95,82,13,13
70352,133,125,8,8
70353,86,77,9,9
70354,94,82,12,12
70355,63,66,-3,3
70356,134,118,16,16
70357,79,75,4,4
70358,55,49,6,6
70359,82,77,5,5
70360,60,60,0,0
70361,63,66,-3,3
70362,179,146,33,33
70363,127,115,12,12
70364,65,59,6,6
70365,101,89,12,12
70366,112,95,17,17
70367,66,65,1,1
70368,104,91,13,13
70369,80,90,-10,10
70370,84,68,16,16
70371,57,55,2,2
70372,55,50,5,5
70373,134,118,16,16
70374,125,106,19,19
70375,83,73,10,10
70376,66,60,6,6
70377,59,75,-16,16
70378,117,107,10,10
70379,103,106,-3,3
70380,101,81,20,20
70381,128,114,14,14
70382,92,88,4,4
70383,167,136,31,31
70384,79,68,11,11
70385,121,105,16,16
70386,85,69,16,16
70387,80,58,22,22
70388,26,28,-2,2
70389,52,51,1,1
70390,58,62,-4,4
70391,137,119,18,18
70392,48,49,-1,1
70393,138,116,22,22
70394,81,61,20,20
70395,132,116,16,16
70396,111,98,13,13
70397,115,104,11,11
70398,129,115,14,14
70399,125,111,14,14
70400,138,142,-4,4
70401,51,51,0,0
70402,131,128,3,3
70403,164,150,14,14
70404,107,81,26,26
70405,102,88,14,14
70406,66,60,6,6
70407,59,56,3,3
70408,60,52,8,8
70409,145,124,21,21
70410,143,124,19,19
70411,121,112,9,9
70412,98,91,7,7
70413,107,85,22,22
70414,69,60,9,9
70415,154,137,17,17
70416,93,88,5,5
70417,93,84,9,9
70418,41,38,3,3
70419,103,96,7,7
70420,81,71,10,10
70421,105,85,20,20
70422,60,52,8,8
70423,90,85,5,5
70424,76,69,7,7
70425,98,88,10,10
70426,70,63,7,7
70427,49,53,-4,4
70428,113,96,17,17
70429,45,54,-9,9
70430,109,94,15,15
70431,53,51,2,2
70432,98,72,26,26
70433,70,61,9,9
70434,91,76,15,15
70435,126,104,22,22
70436,68,56,12,12
70437,54,67,-13,13
70438,99,81,18,18
70439,85,80,5,5
70440,85,71,14,14
70441,93,87,6,6
70442,69,59,10,10
70443,59,54,5,5
70444,47,51,-4,4
70445,83,74,9,9
70446,103,97,6,6
70447,93,76,17,17
70448,125,120,5,5
70449,97,85,12,12
70450,103,96,7,7
70451,79,70,9,9
70452,103,103,0,0
70453,132,110,22,22
70454,165,148,17,17
70455,132,116,16,16
70456,88,79,9,9
70457,92,82,10,10
70458,75,68,7,7
70459,108,90,18,18
70460,98,85,13,13
70461,133,143,-10,10
70462,75,63,12,12
70463,187,163,24,24
70464,123,108,15,15
70465,63,78,-15,15
70466,92,95,-3,3
70467,117,103,14,14
70468,98,76,22,22
70469,247,207,40,40
70470,98,89,9,9
70471,102,80,22,22
70472,66,71,-5,5
70473,62,58,4,4
70474,84,77,7,7
70475,52,49,3,3
70476,107,91,16,16
70477,155,125,30,30
70478,118,105,13,13
70479,150,138,12,12
70480,112,95,17,17
70481,106,96,10,10
70482,61,55,6,6
70483,101,92,9,9
70484,80,63,17,17
70485,65,72,-7,7
70486,86,73,13,13
70487,74,64,10,10
70488,163,131,32,32
70489,100,93,7,7
70490,44,47,-3,3
70491,86,67,19,19
70492,119,104,15,15
70493,80,70,10,10
70494,57,60,-3,3
70495,136,104,32,32
70496,113,105,8,8
70497,75,69,6,6
70498,41,52,-11,11
70499,125,124,1,1
70500,77,70,7,7
70501,97,80,17,17
70502,159,138,21,21
70503,43,45,-2,2
70504,47,44,3,3
70505,53,53,0,0
70506,141,114,27,27
70507,79,75,4,4
70508,74,65,9,9
70509,117,103,14,14
70510,39,42,-3,3
70511,74,71,3,3
70512,131,117,14,14
70513,95,85,10,10
70514,152,123,29,29
70515,80,75,5,5
70516,125,96,29,29
70517,114,105,9,9
70518,113,91,22,22
70519,58,61,-3,3
70520,98,81,17,17
70521,135,112,23,23
70522,88,89,-1,1
70523,147,126,21,21
70524,83,74,9,9
70525,145,123,22,22
70526,144,130,14,14
70527,142,116,26,26
70528,65,61,4,4
70529,59,60,-1,1
70530,116,102,14,14
70531,51,50,1,1
70532,48,46,2,2
70533,113,108,5,5
70534,87,61,26,26
70535,72,72,0,0
70536,100,88,12,12
70537,66,60,6,6
70538,106,100,6,6
70539,128,104,24,24
70540,71,60,11,11
70541,69,69,0,0
70542,117,116,1,1
70543,125,114,11,11
70544,105,90,15,15
70545,43,44,-1,1
70546,154,137,17,17
70547,77,71,6,6
70548,104,95,9,9
70549,112,94,18,18
70550,84,77,7,7
70551,69,63,6,6
70552,135,107,28,28
70553,130,104,26,26
70554,117,110,7,7
70555,47,53,-6,6
70556,114,103,11,11
70557,100,95,5,5
70558,129,119,10,10
70559,59,56,3,3
70560,159,136,23,23
70561,61,58,3,3
70562,51,54,-3,3
70563,92,82,10,10
70564,73,68,5,5
70565,98,72,26,26
70566,117,101,16,16
70567,100,98,2,2
70568,54,64,-10,10
70569,76,63,13,13
70570,132,116,16,16
70571,178,132,46,46
70572,91,84,7,7
70573,127,104,23,23
70574,75,65,10,10
70575,70,64,6,6
70576,124,106,18,18
70577,125,115,10,10
70578,80,74,6,6
70579,59,58,1,1
70580,82,79,3,3
70581,130,116,14,14
70582,82,79,3,3
70583,93,77,16,16
70584,82,78,4,4
70585,160,132,28,28
70586,83,71,12,12
70587,128,104,24,24
70588,123,101,22,22
70589,98,84,14,14
70590,104,89,15,15
70591,109,92,17,17
70592,48,42,6,6
70593,62,56,6,6
70594,63,55,8,8
70595,63,59,4,4
70596,115,96,19,19
70597,94,78,16,16
70598,94,89,5,5
70599,91,79,12,12
70600,141,133,8,8
70601,162,140,22,22
70602,91,85,6,6
70603,88,84,4,4
70604,117,115,2,2
70605,52,51,1,1
70606,57,58,-1,1
70607,106,81,25,25
70608,77,76,1,1
70609,58,53,5,5
70610,85,72,13,13
70611,110,95,15,15
70612,74,71,3,3
70613,97,82,15,15
70614,58,57,1,1
70615,92,87,5,5
70616,97,88,9,9
70617,73,66,7,7
70618,89,83,6,6
70619,108,91,17,17
70620,129,110,19,19
70621,83,74,9,9
70622,97,81,16,16
70623,88,78,10,10
70624,88,74,14,14
70625,74,72,2,2
70626,103,95,8,8
70627,93,77,16,16
70628,39,40,-1,1
70629,168,142,26,26
70630,102,82,20,20
70631,77,76,1,1
70632,209,189,20,20
70633,88,76,12,12
70634,88,79,9,9
70635,95,91,4,4
70636,113,96,17,17
70637,109,101,8,8
70638,93,86,7,7
70639,167,135,32,32
70640,55,67,-12,12
70641,115,103,12,12
70642,101,94,7,7
70643,52,57,-5,5
70644,155,137,18,18
70645,47,51,-4,4
70646,123,110,13,13
70647,71,63,8,8
70648,109,101,8,8
70649,63,63,0,0
70650,132,135,-3,3
70651,74,71,3,3
70652,89,88,1,1
70653,131,113,18,18
70654,71,68,3,3
70655,100,78,22,22
70656,76,78,-2,2
70657,67,61,6,6
70658,121,98,23,23
70659,45,54,-9,9
70660,79,62,17,17
70661,145,129,16,16
70662,242,187,55,55
70663,64,64,0,0
70664,146,121,25,25
70665,80,70,10,10
70666,135,121,14,14
70667,94,78,16,16
70668,88,72,16,16
70669,119,113,6,6
70670,129,108,21,21
70671,86,76,10,10
70672,60,51,9,9
70673,148,133,15,15
70674,43,52,-9,9
70675,41,45,-4,4
70676,272,214,58,58
70677,116,93,23,23
70678,86,76,10,10
70679,69,66,3,3
70680,51,47,4,4
70681,80,72,8,8
70682,83,72,11,11
70683,108,89,19,19
70684,66,58,8,8
70685,178,164,14,14
70686,138,125,13,13
70687,124,97,27,27
70688,58,53,5,5
70689,93,82,11,11
70690,135,111,24,24
70691,98,74,24,24
70692,91,76,15,15
70693,83,68,15,15
70694,192,162,30,30
70695,119,94,25,25
70696,44,48,-4,4
70697,83,79,4,4
70698,75,71,4,4
70699,216,183,33,33
70700,178,151,27,27
70701,81,72,9,9
70702,56,62,-6,6
70703,85,76,9,9
70704,87,73,14,14
70705,77,68,9,9
70706,73,69,4,4
70707,122,106,16,16
70708,169,136,33,33
70709,155,127,28,28
70710,111,97,14,14
70711,37,40,-3,3
70712,116,108,8,8
70713,107,96,11,11
70714,63,62,1,1
70715,97,82,15,15
70716,108,86,22,22
70717,94,84,10,10
70718,56,55,1,1
70719,49,43,6,6
70720,87,82,5,5
70721,110,96,14,14
70722,89,83,6,6
70723,87,73,14,14
70724,127,113,14,14
70725,82,72,10,10
70726,58,52,6,6
70727,69,65,4,4
70728,66,57,9,9
70729,62,72,-10,10
70730,80,76,4,4
70731,62,58,4,4
70732,46,45,1,1
70733,48,62,-14,14
70734,77,64,13,13
70735,99,103,-4,4
70736,98,89,9,9
70737,87,78,9,9
70738,63,62,1,1
70739,114,107,7,7
70740,121,115,6,6
70741,70,69,1,1
70742,118,96,22,22
70743,116,103,13,13
70744,89,82,7,7
70745,100,88,12,12
70746,249,222,27,27
70747,202,163,39,39
70748,152,132,20,20
70749,140,121,19,19
70750,162,132,30,30
70751,90,78,12,12
70752,132,106,26,26
70753,79,60,19,19
70754,73,64,9,9
70755,115,94,21,21
70756,188,158,30,30
70757,72,66,6,6
70758,112,97,15,15
70759,131,110,21,21
70760,128,115,13,13
70761,125,108,17,17
70762,133,111,22,22
70763,159,132,27,27
70764,96,89,7,7
70765,85,77,8,8
70766,103,91,12,12
70767,74,64,10,10
70768,139,124,15,15
70769,114,100,14,14
70770,35,39,-4,4
70771,56,57,-1,1
70772,85,82,3,3
70773,111,87,24,24
70774,107,99,8,8
70775,138,125,13,13
70776,79,67,12,12
70777,89,80,9,9
70778,97,80,17,17
70779,88,73,15,15
70780,77,71,6,6
70781,83,71,12,12
70782,138,119,19,19
70783,109,98,11,11
70784,58,60,-2,2
70785,65,64,1,1
70786,97,89,8,8
70787,95,89,6,6
70788,93,78,15,15
70789,80,77,3,3
70790,88,73,15,15
70791,104,97,7,7
70792,72,68,4,4
70793,75,63,12,12
70794,88,81,7,7
70795,104,99,5,5
70796,70,63,7,7
70797,83,78,5,5
70798,108,89,19,19
70799,84,72,12,12
70800,91,88,3,3
70801,115,98,17,17
70802,80,78,2,2
70803,122,110,12,12
70804,116,103,13,13
70805,119,103,16,16
70806,105,92,13,13
70807,80,77,3,3
70808,63,74,-11,11
70809,108,104,4,4
70810,73,64,9,9
70811,116,106,10,10
70812,101,81,20,20
70813,78,72,6,6
70814,137,127,10,10
70815,94,87,7,7
70816,63,56,7,7
70817,122,121,1,1
70818,145,121,24,24
70819,110,91,19,19
70820,86,73,13,13
70821,160,137,23,23
70822,149,126,23,23
70823,93,79,14,14
70824,77,63,14,14
70825,43,46,-3,3
70826,85,81,4,4
70827,85,70,15,15
70828,71,65,6,6
70829,68,66,2,2
70830,85,78,7,7
70831,74,75,-1,1
70832,152,144,8,8
70833,161,130,31,31
70834,130,120,10,10
70835,83,71,12,12
70836,102,91,11,11
70837,96,94,2,2
70838,111,103,8,8
70839,41,41,0,0
70840,54,55,-1,1
70841,119,100,19,19
70842,89,71,18,18
70843,105,84,21,21
70844,163,137,26,26
70845,102,91,11,11
70846,90,76,14,14
70847,52,60,-8,8
70848,61,57,4,4
70849,84,89,-5,5
70850,87,83,4,4
70851,56,64,-8,8
70852,86,88,-2,2
70853,153,130,23,23
70854,130,115,15,15
70855,171,139,32,32
70856,81,77,4,4
70857,76,67,9,9
70858,82,81,1,1
70859,114,107,7,7
70860,103,96,7,7
70861,98,88,10,10
70862,130,116,14,14
70863,145,111,34,34
70864,66,72,-6,6
70865,136,102,34,34
70866,96,105,-9,9
70867,35,41,-6,6
70868,77,67,10,10
70869,108,92,16,16
70870,91,94,-3,3
70871,68,65,3,3
70872,114,102,12,12
70873,38,40,-2,2
70874,123,93,30,30
70875,81,73,8,8
70876,96,82,14,14
70877,89,82,7,7
70878,129,132,-3,3
70879,93,81,12,12
70880,57,52,5,5
70881,81,68,13,13
70882,137,113,24,24
70883,83,69,14,14
70884,97,85,12,12
70885,100,88,12,12
70886,83,75,8,8
70887,94,78,16,16
70888,87,88,-1,1
70889,154,133,21,21
70890,126,104,22,22
70891,74,67,7,7
70892,87,81,6,6
70893,62,65,-3,3
70894,61,57,4,4
70895,94,76,18,18
70896,91,75,16,16
70897,67,61,6,6
70898,87,75,12,12
70899,58,61,-3,3
70900,126,106,20,20
70901,102,89,13,13
70902,97,88,9,9
70903,60,57,3,3
70904,84,77,7,7
70905,168,116,52,52
70906,89,80,9,9
70907,60,54,6,6
70908,99,93,6,6
70909,119,100,19,19
70910,90,80,10,10
70911,150,133,17,17
70912,95,85,10,10
70913,79,70,9,9
70914,45,42,3,3
70915,101,86,15,15
70916,123,107,16,16
70917,145,129,16,16
70918,56,54,2,2
70919,83,78,5,5
70920,48,46,2,2
70921,65,60,5,5
70922,102,98,4,4
70923,75,66,9,9
70924,194,185,9,9
70925,55,56,-1,1
70926,61,55,6,6
70927,97,84,13,13
70928,123,115,8,8
70929,47,47,0,0
70930,99,103,-4,4
70931,88,79,9,9
70932,65,58,7,7
70933,71,65,6,6
70934,140,117,23,23
70935,113,94,19,19
70936,70,68,2,2
70937,123,110,13,13
70938,113,88,25,25
70939,170,133,37,37
70940,101,95,6,6
70941,113,95,18,18
70942,102,83,19,19
70943,74,71,3,3
70944,73,78,-5,5
70945,90,84,6,6
70946,62,57,5,5
70947,104,107,-3,3
70948,119,103,16,16
70949,71,59,12,12
70950,129,122,7,7
70951,48,50,-2,2
70952,149,141,8,8
70953,63,57,6,6
70954,115,102,13,13
70955,110,101,9,9
70956,93,107,-14,14
70957,100,91,9,9
70958,90,83,7,7
70959,46,49,-3,3
70960,126,112,14,14
70961,99,86,13,13
70962,65,58,7,7
70963,77,69,8,8
70964,70,60,10,10
70965,82,81,1,1
70966,91,78,13,13
70967,142,115,27,27
70968,73,65,8,8
70969,146,124,22,22
70970,106,97,9,9
70971,185,159,26,26
70972,72,67,5,5
70973,119,98,21,21
70974,56,56,0,0
70975,110,94,16,16
70976,94,82,12,12
70977,79,80,-1,1
70978,50,46,4,4
70979,86,75,11,11
70980,73,65,8,8
70981,81,72,9,9
70982,68,67,1,1
70983,69,67,2,2
70984,135,110,25,25
70985,162,121,41,41
70986,107,91,16,16
70987,74,70,4,4
70988,61,61,0,0
70989,101,82,19,19
70990,70,60,10,10
70991,101,110,-9,9
70992,61,62,-1,1
70993,103,91,12,12
70994,47,96,-49,49
70995,87,76,11,11
70996,73,69,4,4
70997,100,81,19,19
70998,97,78,19,19
70999,75,70,5,5
71000,77,68,9,9
71001,59,53,6,6
71002,136,126,10,10
71003,44,43,1,1
71004,149,121,28,28
71005,85,79,6,6
71006,132,117,15,15
71007,54,52,2,2
71008,98,82,16,16
71009,102,94,8,8
71010,122,107,15,15
71011,70,60,10,10
71012,121,105,16,16
71013,86,77,9,9
71014,99,87,12,12
71015,71,60,11,11
71016,113,93,20,20
71017,100,88,12,12
71018,61,55,6,6
71019,69,66,3,3
71020,103,101,2,2
71021,122,124,-2,2
71022,90,74,16,16
71023,113,91,22,22
71024,99,95,4,4
71025,100,82,18,18
71026,77,74,3,3
71027,84,72,12,12
71028,101,84,17,17
71029,86,76,10,10
71030,43,45,-2,2
71031,73,69,4,4
71032,128,109,19,19
71033,81,64,17,17
71034,67,54,13,13
71035,137,115,22,22
71036,77,69,8,8
71037,52,52,0,0
71038,103,97,6,6
71039,107,96,11,11
71040,101,85,16,16
71041,80,73,7,7
71042,114,103,11,11
71043,112,104,8,8
71044,118,94,24,24
71045,110,97,13,13
71046,88,75,13,13
71047,63,83,-20,20
71048,125,103,22,22
71049,126,103,23,23
71050,68,78,-10,10
71051,59,61,-2,2
71052,69,66,3,3
71053,90,73,17,17
71054,108,101,7,7
71055,80,75,5,5
71056,63,58,5,5
71057,52,49,3,3
71058,72,72,0,0
71059,76,73,3,3
71060,92,79,13,13
71061,133,141,-8,8
71062,65,65,0,0
71063,69,63,6,6
71064,121,101,20,20
71065,92,79,13,13
71066,67,64,3,3
71067,134,113,21,21
71068,81,69,12,12
71069,68,72,-4,4
71070,67,61,6,6
71071,52,50,2,2
71072,107,97,10,10
71073,120,103,17,17
71074,133,112,21,21
71075,150,124,26,26
71076,124,121,3,3
71077,86,78,8,8
71078,29,33,-4,4
71079,170,135,35,35
71080,88,80,8,8
71081,158,134,24,24
71082,58,52,6,6
71083,129,111,18,18
71084,94,83,11,11
71085,116,101,15,15
71086,159,137,22,22
71087,86,75,11,11
71088,174,154,20,20
71089,104,86,18,18
71090,90,73,17,17
71091,101,86,15,15
71092,107,98,9,9
71093,133,106,27,27
71094,70,60,10,10
71095,100,86,14,14
71096,174,153,21,21
71097,41,47,-6,6
71098,85,75,10,10
71099,76,71,5,5
71100,73,69,4,4
71101,131,110,21,21
71102,83,74,9,9
71103,88,84,4,4
71104,128,113,15,15
71105,86,79,7,7
71106,163,142,21,21
71107,104,93,11,11
71108,50,46,4,4
71109,114,85,29,29
71110,108,99,9,9
71111,72,68,4,4
71112,63,59,4,4
71113,51,50,1,1
71114,94,83,11,11
71115,76,64,12,12
71116,39,39,0,0
71117,100,87,13,13
71118,64,64,0,0
71119,87,78,9,9
71120,112,96,16,16
71121,105,95,10,10
71122,84,79,5,5
71123,135,120,15,15
71124,66,59,7,7
71125,164,144,20,20
71126,53,53,0,0
71127,131,109,22,22
71128,97,86,11,11
71129,44,53,-9,9
71130,85,76,9,9
71131,58,49,9,9
71132,105,101,4,4
71133,51,49,2,2
71134,67,64,3,3
71135,82,86,-4,4
71136,100,84,16,16
71137,154,121,33,33
71138,89,83,6,6
71139,88,74,14,14
71140,104,80,24,24
71141,82,63,19,19
71142,97,82,15,15
71143,87,91,-4,4
71144,71,57,14,14
71145,87,82,5,5
71146,71,67,4,4
71147,168,138,30,30
71148,124,102,22,22
71149,75,65,10,10
71150,137,99,38,38
71151,131,108,23,23
71152,161,145,16,16
71153,80,71,9,9
71154,109,96,13,13
71155,65,62,3,3
71156,152,137,15,15
71157,120,100,20,20
71158,116,106,10,10
71159,82,90,-8,8
71160,214,174,40,40
71161,75,67,8,8
71162,95,79,16,16
71163,120,99,21,21
71164,126,111,15,15
71165,112,97,15,15
71166,115,110,5,5
71167,94,80,14,14
71168,84,80,4,4
71169,99,91,8,8
71170,69,59,10,10
71171,62,56,6,6
71172,106,96,10,10
71173,110,90,20,20
71174,78,72,6,6
71175,161,166,-5,5
71176,140,97,43,43
71177,83,90,-7,7
71178,110,92,18,18
71179,50,53,-3,3
71180,160,128,32,32
71181,93,78,15,15
71182,161,142,19,19
71183,37,40,-3,3
71184,58,48,10,10
71185,109,110,-1,1
71186,99,94,5,5
71187,124,129,-5,5
71188,65,57,8,8
71189,113,97,16,16
71190,114,111,3,3
71191,127,104,23,23
71192,99,83,16,16
71193,83,71,12,12
71194,74,73,1,1
71195,112,103,9,9
71196,76,69,7,7
71197,86,74,12,12
71198,59,62,-3,3
71199,185,140,45,45
71200,113,82,31,31
71201,90,80,10,10
71202,60,65,-5,5
71203,136,106,30,30
71204,94,94,0,0
71205,100,85,15,15
71206,93,80,13,13
71207,80,73,7,7
71208,138,110,28,28
71209,123,103,20,20
71210,84,77,7,7
71211,96,88,8,8
71212,123,105,18,18
71213,46,80,-34,34
71214,54,52,2,2
71215,135,118,17,17
71216,135,114,21,21
71217,79,75,4,4
71218,127,106,21,21
71219,75,72,3,3
71220,43,62,-19,19
71221,107,79,28,28
71222,86,70,16,16
71223,114,107,7,7
71224,56,48,8,8
71225,80,72,8,8
71226,86,76,10,10
71227,62,54,8,8
71228,78,62,16,16
71229,158,143,15,15
71230,96,105,-9,9
71231,88,79,9,9
71232,62,56,6,6
71233,116,94,22,22
71234,103,103,0,0
71235,108,106,2,2
71236,96,82,14,14
71237,65,60,5,5
71238,64,64,0,0
71239,136,112,24,24
71240,92,87,5,5
71241,66,60,6,6
71242,106,94,12,12
71243,168,138,30,30
71244,91,81,10,10
71245,90,87,3,3
71246,83,74,9,9
71247,198,167,31,31
71248,98,89,9,9
71249,116,89,27,27
71250,77,74,3,3
71251,95,85,10,10
71252,113,98,15,15
71253,102,89,13,13
71254,54,52,2,2
71255,138,123,15,15
71256,76,68,8,8
71257,58,52,6,6
71258,74,68,6,6
71259,93,83,10,10
71260,56,69,-13,13
71261,139,129,10,10
71262,169,148,21,21
71263,131,113,18,18
71264,64,47,17,17
71265,89,84,5,5
71266,111,96,15,15
71267,149,127,22,22
71268,86,73,13,13
71269,67,82,-15,15
71270,54,52,2,2
71271,47,50,-3,3
71272,43,48,-5,5
71273,90,82,8,8
71274,139,114,25,25
71275,62,58,4,4
71276,67,67,0,0
71277,75,72,3,3
71278,87,76,11,11
71279,82,73,9,9
71280,41,46,-5,5
71281,86,80,6,6
71282,151,120,31,31
71283,87,75,12,12
71284,107,95,12,12
71285,67,60,7,7
71286,90,90,0,0
71287,133,111,22,22
71288,42,41,1,1
71289,124,101,23,23
71290,66,62,4,4
71291,74,69,5,5
71292,54,50,4,4
71293,123,105,18,18
71294,137,122,15,15
71295,67,58,9,9
71296,113,106,7,7
71297,103,84,19,19
71298,161,130,31,31
71299,114,94,20,20
71300,112,99,13,13
71301,103,93,10,10
71302,112,101,11,11
71303,123,117,6,6
71304,65,60,5,5
71305,97,82,15,15
71306,68,56,12,12
71307,69,60,9,9
71308,69,58,11,11
71309,143,121,22,22
71310,107,96,11,11
71311,59,72,-13,13
71312,125,105,20,20
71313,57,61,-4,4
71314,108,99,9,9
71315,86,78,8,8
71316,98,84,14,14
71317,82,73,9,9
71318,87,109,-22,22
71319,65,61,4,4
71320,96,80,16,16
71321,60,50,10,10
71322,77,70,7,7
71323,81,72,9,9
71324,147,125,22,22
71325,75,63,12,12
71326,75,65,10,10
71327,85,85,0,0
71328,94,82,12,12
71329,158,133,25,25
71330,103,70,33,33
71331,125,101,24,24
71332,119,125,-6,6
71333,109,94,15,15
71334,64,55,9,9
71335,74,70,4,4
71336,33,35,-2,2
71337,104,91,13,13
71338,73,73,0,0
71339,148,114,34,34
71340,57,58,-1,1
71341,62,56,6,6
71342,143,127,16,16
71343,96,99,-3,3
71344,61,58,3,3
71345,126,110,16,16
71346,66,75,-9,9
71347,97,91,6,6
71348,58,56,2,2
71349,85,77,8,8
71350,207,161,46,46
71351,114,98,16,16
71352,105,92,13,13
71353,92,82,10,10
71354,80,70,10,10
71355,97,90,7,7
71356,93,82,11,11
71357,55,50,5,5
71358,89,76,13,13
71359,116,102,14,14
71360,98,90,8,8
71361,79,66,13,13
71362,127,113,14,14
71363,112,101,11,11
71364,131,102,29,29
71365,92,85,7,7
71366,81,72,9,9
71367,236,193,43,43
71368,110,110,0,0
71369,66,66,0,0
71370,100,93,7,7
71371,98,88,10,10
71372,118,100,18,18
71373,91,89,2,2
71374,162,129,33,33
71375,77,66,11,11
71376,67,63,4,4
71377,131,117,14,14
71378,103,94,9,9
71379,57,56,1,1
71380,93,74,19,19
71381,72,74,-2,2
71382,67,53,14,14
71383,49,58,-9,9
71384,72,66,6,6
71385,56,50,6,6
71386,154,150,4,4
71387,72,71,1,1
71388,44,50,-6,6
71389,97,87,10,10
71390,173,128,45,45
71391,151,126,25,25
71392,92,78,14,14
71393,41,56,-15,15
71394,101,95,6,6
71395,151,120,31,31
71396,112,90,22,22
71397,82,77,5,5
71398,147,121,26,26
71399,104,79,25,25
71400,156,126,30,30
71401,69,61,8,8
71402,88,83,5,5
71403,49,50,-1,1
71404,72,70,2,2
71405,87,77,10,10
71406,83,74,9,9
71407,78,62,16,16
71408,109,96,13,13
71409,118,111,7,7
71410,146,169,-23,23
71411,95,81,14,14
71412,139,117,22,22
71413,112,106,6,6
71414,74,71,3,3
71415,101,96,5,5
71416,69,61,8,8
71417,60,52,8,8
71418,52,50,2,2
71419,70,63,7,7
71420,52,49,3,3
71421,93,86,7,7
71422,75,69,6,6
71423,50,56,-6,6
71424,64,62,2,2
71425,167,133,34,34
71426,59,55,4,4
71427,117,107,10,10
71428,97,86,11,11
71429,93,90,3,3
71430,70,68,2,2
71431,91,74,17,17
71432,52,49,3,3
71433,97,94,3,3
71434,66,54,12,12
71435,91,79,12,12
71436,72,100,-28,28
71437,113,98,15,15
71438,91,79,12,12
71439,50,58,-8,8
71440,85,92,-7,7
71441,167,143,24,24
71442,78,71,7,7
71443,149,124,25,25
71444,102,84,18,18
71445,116,101,15,15
71446,69,70,-1,1
71447,63,62,1,1
71448,108,102,6,6
71449,81,71,10,10
71450,82,73,9,9
71451,113,100,13,13
71452,83,78,5,5
71453,97,79,18,18
71454,78,86,-8,8
71455,102,92,10,10
71456,109,111,-2,2
71457,64,68,-4,4
71458,98,84,14,14
71459,156,125,31,31
71460,126,113,13,13
71461,90,82,8,8
71462,122,106,16,16
71463,67,65,2,2
71464,60,54,6,6
71465,60,57,3,3
71466,73,65,8,8
71467,135,121,14,14
71468,116,102,14,14
71469,92,79,13,13
71470,116,102,14,14
71471,76,70,6,6
71472,137,118,19,19
71473,38,48,-10,10
71474,212,172,40,40
71475,115,101,14,14
71476,170,140,30,30
71477,140,136,4,4
71478,194,146,48,48
71479,119,104,15,15
71480,46,49,-3,3
71481,67,61,6,6
71482,114,99,15,15
71483,107,109,-2,2
71484,83,89,-6,6
71485,103,85,18,18
71486,75,75,0,0
71487,117,124,-7,7
71488,59,55,4,4
71489,68,80,-12,12
71490,117,104,13,13
71491,142,119,23,23
71492,50,49,1,1
71493,72,68,4,4
71494,114,111,3,3
71495,161,143,18,18
71496,104,90,14,14
71497,241,194,47,47
71498,72,70,2,2
71499,89,84,5,5
71500,76,67,9,9
71501,97,86,11,11
71502,93,78,15,15
71503,73,60,13,13
71504,67,51,16,16
71505,89,80,9,9
71506,91,83,8,8
71507,112,99,13,13
71508,156,134,22,22
71509,59,58,1,1
71510,71,69,2,2
71511,35,37,-2,2
71512,60,55,5,5
71513,151,137,14,14
71514,83,77,6,6
71515,114,106,8,8
71516,66,55,11,11
71517,68,67,1,1
71518,128,112,16,16
71519,168,131,37,37
71520,84,75,9,9
71521,87,81,6,6
71522,94,83,11,11
71523,44,50,-6,6
71524,93,87,6,6
71525,135,110,25,25
71526,80,71,9,9
71527,105,87,18,18
71528,86,81,5,5
71529,115,105,10,10
71530,183,152,31,31
71531,120,103,17,17
71532,25,34,-9,9
71533,53,51,2,2
71534,131,101,30,30
71535,164,135,29,29
71536,74,68,6,6
71537,125,105,20,20
71538,91,93,-2,2
71539,106,84,22,22
71540,95,82,13,13
71541,75,64,11,11
71542,114,95,19,19
71543,70,62,8,8
71544,89,73,16,16
71545,37,36,1,1
71546,90,79,11,11
71547,60,56,4,4
71548,106,97,9,9
71549,59,58,1,1
71550,114,106,8,8
71551,69,63,6,6
71552,96,88,8,8
71553,90,64,26,26
71554,132,127,5,5
71555,117,107,10,10
71556,78,72,6,6
71557,63,66,-3,3
71558,96,93,3,3
71559,132,96,36,36
71560,83,71,12,12
71561,114,96,18,18
71562,109,91,18,18
71563,97,78,19,19
71564,81,75,6,6
71565,95,83,12,12
71566,82,75,7,7
71567,127,119,8,8
71568,108,96,12,12
71569,91,95,-4,4
71570,87,77,10,10
71571,92,80,12,12
71572,165,142,23,23
71573,85,76,9,9
71574,50,54,-4,4
71575,62,54,8,8
71576,97,89,8,8
71577,87,82,5,5
71578,66,54,12,12
71579,76,68,8,8
71580,75,70,5,5
71581,172,148,24,24
71582,45,47,-2,2
71583,86,80,6,6
71584,73,76,-3,3
71585,189,146,43,43
71586,65,61,4,4
71587,76,70,6,6
71588,95,85,10,10
71589,95,78,17,17
71590,87,78,9,9
71591,108,100,8,8
71592,91,73,18,18
71593,69,73,-4,4
71594,141,133,8,8
71595,75,70,5,5
71596,82,77,5,5
71597,55,49,6,6
71598,55,61,-6,6
71599,121,108,13,13
71600,55,50,5,5
71601,131,108,23,23
71602,111,93,18,18
71603,52,57,-5,5
71604,141,117,24,24
71605,82,73,9,9
71606,49,48,1,1
71607,67,70,-3,3
71608,65,57,8,8
71609,116,107,9,9
71610,112,103,9,9
71611,117,102,15,15
71612,137,119,18,18
71613,95,91,4,4
71614,59,56,3,3
71615,84,81,3,3
71616,89,71,18,18
71617,137,119,18,18
71618,194,146,48,48
71619,144,125,19,19
71620,106,87,19,19
71621,122,97,25,25
71622,67,68,-1,1
71623,104,95,9,9
71624,114,100,14,14
71625,84,83,1,1
71626,49,60,-11,11
71627,232,174,58,58
71628,79,67,12,12
71629,101,94,7,7
71630,105,94,11,11
71631,104,94,10,10
71632,221,166,55,55
71633,124,104,20,20
71634,154,129,25,25
71635,110,95,15,15
71636,75,70,5,5
71637,175,149,26,26
71638,162,147,15,15
71639,169,132,37,37
71640,82,91,-9,9
71641,69,65,4,4
71642,63,60,3,3
71643,101,96,5,5
71644,59,55,4,4
71645,123,109,14,14
71646,105,98,7,7
71647,99,81,18,18
71648,58,60,-2,2
71649,103,85,18,18
71650,77,77,0,0
71651,64,55,9,9
71652,49,45,4,4
71653,96,86,10,10
71654,78,72,6,6
71655,124,115,9,9
71656,66,89,-23,23
71657,163,135,28,28
71658,140,134,6,6
71659,77,71,6,6
71660,55,57,-2,2
71661,64,55,9,9
71662,73,75,-2,2
71663,86,79,7,7
71664,87,79,8,8
71665,80,74,6,6
71666,74,73,1,1
71667,69,58,11,11
71668,118,106,12,12
71669,74,73,1,1
71670,162,140,22,22
71671,63,62,1,1
71672,88,78,10,10
71673,105,95,10,10
71674,70,55,15,15
71675,86,81,5,5
71676,82,74,8,8
71677,181,161,20,20
71678,60,55,5,5
71679,139,125,14,14
71680,45,37,8,8
71681,84,75,9,9
71682,87,74,13,13
71683,94,76,18,18
71684,94,85,9,9
71685,102,111,-9,9
71686,82,75,7,7
71687,102,79,23,23
71688,51,47,4,4
71689,91,80,11,11
71690,92,82,10,10
71691,119,104,15,15
71692,98,91,7,7
71693,92,80,12,12
71694,144,122,22,22
71695,117,108,9,9
71696,61,55,6,6
71697,55,49,6,6
71698,89,76,13,13
71699,83,76,7,7
71700,122,97,25,25
71701,101,91,10,10
71702,71,67,4,4
71703,183,161,22,22
71704,79,76,3,3
71705,68,71,-3,3
71706,124,110,14,14
71707,96,82,14,14
71708,82,72,10,10
71709,99,97,2,2
71710,145,113,32,32
71711,143,128,15,15
71712,131,118,13,13
71713,83,73,10,10
71714,118,119,-1,1
71715,65,63,2,2
71716,52,53,-1,1
71717,78,69,9,9
71718,76,68,8,8
71719,142,116,26,26
71720,90,78,12,12
71721,64,64,0,0
71722,70,63,7,7
71723,81,78,3,3
71724,155,131,24,24
71725,94,95,-1,1
71726,64,60,4,4
71727,83,71,12,12
71728,112,95,17,17
71729,112,86,26,26
71730,132,114,18,18
71731,84,70,14,14
71732,63,62,1,1
71733,78,74,4,4
71734,143,119,24,24
71735,71,67,4,4
71736,94,82,12,12
71737,75,68,7,7
71738,54,57,-3,3
71739,81,66,15,15
71740,72,71,1,1
71741,95,79,16,16
71742,136,110,26,26
71743,89,75,14,14
71744,66,64,2,2
71745,95,80,15,15
71746,85,75,10,10
71747,114,103,11,11
71748,70,61,9,9
71749,70,64,6,6
71750,115,105,10,10
71751,139,120,19,19
71752,104,87,17,17
71753,65,58,7,7
71754,145,123,22,22
71755,108,90,18,18
71756,81,74,7,7
71757,85,67,18,18
71758,59,64,-5,5
71759,146,133,13,13
71760,89,92,-3,3
71761,94,84,10,10
71762,82,72,10,10
71763,58,59,-1,1
71764,78,71,7,7
71765,92,78,14,14
71766,65,59,6,6
71767,100,86,14,14
71768,126,110,16,16
71769,115,95,20,20
71770,64,55,9,9
71771,67,66,1,1
71772,114,93,21,21
71773,73,66,7,7
71774,86,74,12,12
71775,92,76,16,16
71776,393,310,83,83
71777,121,120,1,1
71778,77,75,2,2
71779,106,91,15,15
71780,81,75,6,6
71781,99,81,18,18
71782,150,134,16,16
71783,98,89,9,9
71784,107,100,7,7
71785,59,51,8,8
71786,53,45,8,8
71787,99,85,14,14
71788,138,116,22,22
71789,58,58,0,0
71790,85,74,11,11
71791,129,108,21,21
71792,60,54,6,6
71793,67,60,7,7
71794,107,89,18,18
71795,42,51,-9,9
71796,73,66,7,7
71797,81,78,3,3
71798,154,116,38,38
71799,84,74,10,10
71800,67,63,4,4
71801,62,53,9,9
71802,93,78,15,15
71803,119,98,21,21
71804,112,96,16,16
71805,146,128,18,18
71806,45,41,4,4
71807,127,106,21,21
71808,87,76,11,11
71809,122,107,15,15
71810,83,71,12,12
71811,116,99,17,17
71812,95,91,4,4
71813,101,94,7,7
71814,132,112,20,20
71815,116,95,21,21
71816,79,65,14,14
71817,94,81,13,13
71818,131,108,23,23
71819,61,54,7,7
71820,66,62,4,4
71821,78,72,6,6
71822,145,135,10,10
71823,166,145,21,21
71824,88,75,13,13
71825,99,83,16,16
71826,85,80,5,5
71827,62,59,3,3
71828,85,80,5,5
71829,103,95,8,8
71830,123,127,-4,4
71831,43,46,-3,3
71832,89,86,3,3
71833,61,59,2,2
71834,65,61,4,4
71835,81,70,11,11
71836,77,67,10,10
71837,118,101,17,17
71838,53,49,4,4
71839,90,69,21,21
71840,101,103,-2,2
71841,88,77,11,11
71842,136,122,14,14
71843,142,122,20,20
71844,79,66,13,13
71845,124,113,11,11
71846,69,62,7,7
71847,55,53,2,2
71848,84,77,7,7
71849,34,36,-2,2
71850,86,70,16,16
71851,67,59,8,8
71852,234,190,44,44
71853,175,146,29,29
71854,50,45,5,5
71855,75,63,12,12
71856,61,56,5,5
71857,103,88,15,15
71858,59,56,3,3
71859,83,86,-3,3
71860,50,45,5,5
71861,89,82,7,7
71862,65,67,-2,2
71863,140,113,27,27
71864,158,136,22,22
71865,113,92,21,21
71866,118,109,9,9
71867,172,137,35,35
71868,119,108,11,11
71869,106,95,11,11
71870,146,127,19,19
71871,72,66,6,6
71872,84,75,9,9
71873,78,74,4,4
71874,58,50,8,8
71875,85,71,14,14
71876,137,114,23,23
71877,86,104,-18,18
71878,78,69,9,9
71879,88,82,6,6
71880,108,90,18,18
71881,104,83,21,21
71882,77,79,-2,2
71883,101,91,10,10
71884,109,94,15,15
71885,84,71,13,13
71886,70,59,11,11
71887,134,124,10,10
71888,51,42,9,9
71889,128,112,16,16
71890,103,101,2,2
71891,76,73,3,3
71892,101,98,3,3
71893,92,85,7,7
71894,72,68,4,4
71895,68,65,3,3
71896,84,77,7,7
71897,88,79,9,9
71898,119,110,9,9
71899,56,49,7,7
71900,31,36,-5,5
71901,91,83,8,8
71902,163,140,23,23
71903,124,103,21,21
71904,71,63,8,8
71905,101,87,14,14
71906,112,126,-14,14
71907,103,91,12,12
71908,74,67,7,7
71909,57,54,3,3
71910,137,120,17,17
71911,124,98,26,26
71912,77,80,-3,3
71913,83,72,11,11
71914,66,70,-4,4
71915,110,91,19,19
71916,65,60,5,5
71917,98,94,4,4
71918,87,76,11,11
71919,90,75,15,15
71920,140,123,17,17
71921,116,102,14,14
71922,128,107,21,21
71923,73,64,9,9
71924,155,156,-1,1
71925,96,91,5,5
71926,115,102,13,13
71927,63,60,3,3
71928,57,49,8,8
71929,113,106,7,7
71930,104,84,20,20
71931,53,55,-2,2
71932,62,62,0,0
71933,53,52,1,1
71934,71,64,7,7
71935,76,71,5,5
71936,117,100,17,17
71937,57,55,2,2
71938,79,66,13,13
71939,69,74,-5,5
71940,78,68,10,10
71941,40,59,-19,19
71942,58,65,-7,7
71943,105,88,17,17
71944,87,91,-4,4
71945,118,94,24,24
71946,101,103,-2,2
71947,32,35,-3,3
71948,75,70,5,5
71949,112,99,13,13
71950,112,92,20,20
71951,124,115,9,9
71952,68,62,6,6
71953,72,62,10,10
71954,52,50,2,2
71955,84,75,9,9
71956,78,67,11,11
71957,106,79,27,27
71958,126,112,14,14
71959,103,94,9,9
71960,110,90,20,20
71961,91,75,16,16
71962,149,120,29,29
71963,55,50,5,5
71964,113,97,16,16
71965,72,65,7,7
71966,79,75,4,4
71967,125,110,15,15
71968,126,106,20,20
71969,156,141,15,15
71970,69,62,7,7
71971,59,48,11,11
71972,92,101,-9,9
71973,65,60,5,5
71974,94,85,9,9
71975,76,80,-4,4
71976,145,122,23,23
71977,141,128,13,13
71978,71,66,5,5
71979,91,80,11,11
71980,56,56,0,0
71981,107,101,6,6
71982,73,64,9,9
71983,120,120,0,0
71984,109,69,40,40
71985,125,107,18,18
71986,80,70,10,10
71987,55,52,3,3
71988,92,83,9,9
71989,125,108,17,17
71990,74,68,6,6
71991,65,67,-2,2
71992,85,78,7,7
71993,41,44,-3,3
71994,73,75,-2,2
71995,133,92,41,41
71996,48,46,2,2
71997,81,68,13,13
71998,109,104,5,5
71999,98,85,13,13
72000,123,109,14,14
72001,103,98,5,5
72002,79,73,6,6
72003,60,59,1,1
72004,93,85,8,8
72005,162,122,40,40
72006,121,101,20,20
72007,113,109,4,4
72008,64,66,-2,2
72009,61,63,-2,2
72010,110,95,15,15
72011,106,90,16,16
72012,111,95,16,16
72013,72,73,-1,1
72014,50,43,7,7
72015,58,47,11,11
72016,112,109,3,3
72017,86,88,-2,2
72018,77,68,9,9
72019,116,101,15,15
72020,77,71,6,6
72021,156,128,28,28
72022,94,86,8,8
72023,152,125,27,27
72024,153,130,23,23
72025,91,83,8,8
72026,114,98,16,16
72027,54,52,2,2
72028,68,59,9,9
72029,108,115,-7,7
72030,144,121,23,23
72031,122,103,19,19
72032,94,87,7,7
72033,100,83,17,17
72034,63,62,1,1
72035,109,93,16,16
72036,92,74,18,18
72037,104,87,17,17
72038,80,62,18,18
72039,83,75,8,8
72040,115,105,10,10
72041,149,131,18,18
72042,111,101,10,10
72043,64,65,-1,1
72044,117,95,22,22
72045,68,62,6,6
72046,98,83,15,15
72047,58,54,4,4
72048,109,89,20,20
72049,84,70,14,14
72050,59,58,1,1
72051,122,102,20,20
72052,67,67,0,0
72053,74,61,13,13
72054,65,62,3,3
72055,95,80,15,15
72056,90,81,9,9
72057,71,63,8,8
72058,46,41,5,5
72059,37,60,-23,23
72060,128,109,19,19
72061,110,95,15,15
72062,98,95,3,3
72063,55,49,6,6
72064,118,98,20,20
72065,28,32,-4,4
72066,164,140,24,24
72067,97,88,9,9
72068,149,117,32,32
72069,100,81,19,19
72070,102,99,3,3
72071,99,89,10,10
72072,170,128,42,42
72073,124,118,6,6
72074,109,108,1,1
72075,146,124,22,22
72076,170,150,20,20
72077,85,61,24,24
72078,106,90,16,16
72079,96,85,11,11
72080,105,99,6,6
72081,116,92,24,24
72082,61,58,3,3
72083,114,101,13,13
72084,105,90,15,15
72085,163,153,10,10
72086,50,48,2,2
72087,141,111,30,30
72088,79,77,2,2
72089,129,107,22,22
72090,82,71,11,11
72091,61,59,2,2
72092,69,66,3,3
72093,62,68,-6,6
72094,93,83,10,10
72095,92,88,4,4
72096,91,95,-4,4
72097,45,48,-3,3
72098,167,135,32,32
72099,71,63,8,8
72100,43,51,-8,8
72101,122,117,5,5
72102,73,60,13,13
72103,99,85,14,14
72104,82,73,9,9
72105,119,97,22,22
72106,135,107,28,28
72107,46,44,2,2
72108,102,85,17,17
72109,66,60,6,6
72110,159,141,18,18
72111,93,82,11,11
72112,93,75,18,18
72113,71,65,6,6
72114,106,78,28,28
72115,99,83,16,16
72116,145,136,9,9
72117,102,99,3,3
72118,146,131,15,15
72119,129,111,18,18
72120,105,102,3,3
72121,119,98,21,21
72122,49,49,0,0
72123,114,96,18,18
72124,137,120,17,17
72125,84,74,10,10
72126,63,57,6,6
72127,120,100,20,20
72128,63,59,4,4
72129,153,123,30,30
72130,73,72,1,1
72131,110,93,17,17
72132,178,150,28,28
72133,73,89,-16,16
72134,80,69,11,11
72135,98,86,12,12
72136,122,110,12,12
72137,122,108,14,14
72138,95,86,9,9
72139,100,91,9,9
72140,107,97,10,10
72141,86,70,16,16
72142,62,54,8,8
72143,77,70,7,7
72144,49,49,0,0
72145,68,64,4,4
72146,25,30,-5,5
72147,83,71,12,12
72148,54,42,12,12
72149,122,108,14,14
72150,115,111,4,4
72151,92,76,16,16
72152,120,115,5,5
72153,161,135,26,26
72154,100,91,9,9
72155,127,117,10,10
72156,56,55,1,1
72157,120,105,15,15
72158,319,257,62,62
72159,161,130,31,31
72160,120,95,25,25
72161,119,96,23,23
72162,119,91,28,28
72163,155,123,32,32
72164,90,82,8,8
72165,43,46,-3,3
72166,67,54,13,13
72167,75,62,13,13
72168,86,76,10,10
72169,107,89,18,18
72170,109,97,12,12
72171,105,96,9,9
72172,120,111,9,9
72173,57,52,5,5
72174,81,75,6,6
72175,114,97,17,17
72176,101,85,16,16
72177,104,86,18,18
72178,105,85,20,20
72179,93,85,8,8
72180,117,103,14,14
72181,93,79,14,14
72182,60,56,4,4
72183,81,62,19,19
72184,96,84,12,12
72185,99,92,7,7
72186,88,75,13,13
72187,113,104,9,9
72188,91,90,1,1
72189,142,116,26,26
72190,95,85,10,10
72191,79,75,4,4
72192,80,83,-3,3
72193,54,53,1,1
72194,124,100,24,24
72195,86,81,5,5
72196,154,121,33,33
72197,77,73,4,4
72198,129,101,28,28
72199,196,150,46,46
72200,78,70,8,8
72201,63,62,1,1
72202,176,143,33,33
72203,102,91,11,11
72204,102,95,7,7
72205,92,79,13,13
72206,145,120,25,25
72207,64,59,5,5
72208,100,81,19,19
72209,96,103,-7,7
72210,96,75,21,21
72211,51,51,0,0
72212,61,66,-5,5
72213,129,108,21,21
72214,196,157,39,39
72215,61,58,3,3
72216,86,76,10,10
72217,69,71,-2,2
72218,121,99,22,22
72219,87,85,2,2
72220,105,85,20,20
72221,67,73,-6,6
72222,71,78,-7,7
72223,165,134,31,31
72224,132,111,21,21
72225,171,145,26,26
72226,81,69,12,12
72227,142,120,22,22
72228,75,69,6,6
72229,102,84,18,18
72230,86,82,4,4
72231,136,113,23,23
72232,63,56,7,7
72233,122,113,9,9
72234,89,83,6,6
72235,97,93,4,4
72236,67,61,6,6
72237,105,88,17,17
72238,64,58,6,6
72239,85,86,-1,1
72240,99,93,6,6
72241,80,65,15,15
72242,115,94,21,21
72243,65,61,4,4
72244,104,81,23,23
72245,115,103,12,12
72246,147,129,18,18
72247,105,92,13,13
72248,141,121,20,20
72249,163,138,25,25
72250,129,108,21,21
72251,90,85,5,5
72252,73,71,2,2
72253,101,71,30,30
72254,103,94,9,9
72255,53,54,-1,1
72256,67,62,5,5
72257,78,71,7,7
72258,75,66,9,9
72259,76,67,9,9
72260,105,93,12,12
72261,103,84,19,19
72262,108,101,7,7
72263,154,120,34,34
72264,84,80,4,4
72265,125,106,19,19
72266,71,64,7,7
72267,84,80,4,4
72268,81,73,8,8
72269,95,87,8,8
72270,249,189,60,60
72271,101,93,8,8
72272,69,66,3,3
72273,109,104,5,5
72274,76,68,8,8
72275,92,83,9,9
72276,56,58,-2,2
72277,85,86,-1,1
72278,51,51,0,0
72279,117,92,25,25
72280,74,69,5,5
72281,184,151,33,33
72282,82,79,3,3
72283,93,91,2,2
72284,87,71,16,16
72285,56,50,6,6
72286,65,56,9,9
72287,95,77,18,18
72288,112,103,9,9
72289,110,98,12,12
72290,137,120,17,17
72291,73,69,4,4
72292,128,109,19,19
72293,99,78,21,21
72294,133,113,20,20
72295,109,96,13,13
72296,74,77,-3,3
72297,99,80,19,19
72298,23,37,-14,14
72299,87,88,-1,1
72300,175,146,29,29
72301,71,68,3,3
72302,64,63,1,1
72303,74,74,0,0
72304,127,112,15,15
72305,136,127,9,9
72306,114,101,13,13
72307,143,121,22,22
72308,115,106,9,9
72309,83,82,1,1
72310,118,101,17,17
72311,64,57,7,7
72312,94,86,8,8
72313,69,56,13,13
72314,142,119,23,23
72315,75,65,10,10
72316,58,53,5,5
72317,19,29,-10,10
72318,83,80,3,3
72319,59,56,3,3
72320,99,89,10,10
72321,69,71,-2,2
72322,95,80,15,15
72323,248,180,68,68
72324,129,110,19,19
72325,45,47,-2,2
72326,129,115,14,14
72327,99,83,16,16
72328,98,86,12,12
72329,115,107,8,8
72330,136,124,12,12
72331,111,94,17,17
72332,98,93,5,5
72333,85,85,0,0
72334,141,122,19,19
72335,94,93,1,1
72336,94,83,11,11
72337,112,104,8,8
72338,107,99,8,8
72339,127,110,17,17
72340,113,93,20,20
72341,131,109,22,22
72342,69,68,1,1
72343,51,49,2,2
72344,148,120,28,28
72345,79,61,18,18
72346,108,107,1,1
72347,105,100,5,5
72348,82,89,-7,7
72349,152,144,8,8
72350,77,74,3,3
72351,96,93,3,3
72352,118,120,-2,2
72353,176,153,23,23
72354,161,144,17,17
72355,74,65,9,9
72356,89,90,-1,1
72357,126,118,8,8
72358,105,90,15,15
72359,102,90,12,12
72360,74,73,1,1
72361,122,105,17,17
72362,80,72,8,8
72363,75,67,8,8
72364,148,125,23,23
72365,129,109,20,20
72366,68,61,7,7
72367,74,81,-7,7
72368,96,74,22,22
72369,88,76,12,12
72370,53,61,-8,8
72371,79,72,7,7
72372,78,68,10,10
72373,69,65,4,4
72374,134,108,26,26
72375,77,67,10,10
72376,144,116,28,28
72377,102,92,10,10
72378,112,105,7,7
72379,122,103,19,19
72380,87,78,9,9
72381,111,102,9,9
72382,102,93,9,9
72383,73,69,4,4
72384,86,79,7,7
72385,74,66,8,8
72386,132,107,25,25
72387,128,116,12,12
72388,130,111,19,19
72389,62,58,4,4
72390,44,47,-3,3
72391,78,73,5,5
72392,95,84,11,11
72393,95,75,20,20
72394,116,102,14,14
72395,80,72,8,8
72396,57,53,4,4
72397,84,87,-3,3
72398,122,101,21,21
72399,115,106,9,9
72400,185,142,43,43
72401,144,115,29,29
72402,54,55,-1,1
72403,125,110,15,15
72404,107,100,7,7
72405,140,129,11,11
72406,59,59,0,0
72407,64,60,4,4
72408,83,75,8,8
72409,56,51,5,5
72410,79,65,14,14
72411,58,52,6,6
72412,92,87,5,5
72413,138,122,16,16
72414,110,91,19,19
72415,197,156,41,41
72416,102,89,13,13
72417,75,65,10,10
72418,127,109,18,18
72419,95,91,4,4
72420,64,54,10,10
72421,68,68,0,0
72422,174,150,24,24
72423,61,57,4,4
72424,74,63,11,11
72425,106,94,12,12
72426,60,58,2,2
72427,73,78,-5,5
72428,92,80,12,12
72429,189,145,44,44
72430,99,84,15,15
72431,147,124,23,23
72432,120,102,18,18
72433,75,72,3,3
72434,57,51,6,6
72435,56,52,4,4
72436,73,64,9,9
72437,67,59,8,8
72438,176,141,35,35
72439,131,118,13,13
72440,101,86,15,15
72441,77,66,11,11
72442,90,103,-13,13
72443,106,98,8,8
72444,120,106,14,14
72445,82,70,12,12
72446,117,104,13,13
72447,57,72,-15,15
72448,57,63,-6,6
72449,104,88,16,16
72450,85,75,10,10
72451,112,99,13,13
72452,89,82,7,7
72453,88,90,-2,2
72454,87,70,17,17
72455,103,110,-7,7
72456,151,118,33,33
72457,92,87,5,5
72458,98,79,19,19
72459,63,71,-8,8
72460,88,82,6,6
72461,85,75,10,10
72462,29,31,-2,2
72463,88,89,-1,1
72464,105,99,6,6
72465,108,94,14,14
72466,69,63,6,6
72467,100,88,12,12
72468,67,65,2,2
72469,78,62,16,16
72470,97,91,6,6
72471,84,68,16,16
72472,57,62,-5,5
72473,124,102,22,22
72474,117,100,17,17
72475,101,83,18,18
72476,104,96,8,8
72477,97,97,0,0
72478,69,60,9,9
72479,105,94,11,11
72480,78,76,2,2
72481,75,65,10,10
72482,67,60,7,7
72483,182,147,35,35
72484,49,52,-3,3
72485,89,84,5,5
72486,72,66,6,6
72487,97,89,8,8
72488,72,65,7,7
72489,66,57,9,9
72490,118,113,5,5
72491,49,51,-2,2
72492,87,74,13,13
72493,157,122,35,35
72494,63,61,2,2
72495,69,68,1,1
72496,163,148,15,15
72497,221,184,37,37
72498,60,58,2,2
72499,97,89,8,8
72500,64,50,14,14
72501,87,89,-2,2
72502,101,93,8,8
72503,96,86,10,10
72504,111,110,1,1
72505,67,64,3,3
72506,112,99,13,13
72507,92,77,15,15
72508,90,88,2,2
72509,127,121,6,6
72510,62,60,2,2
72511,82,80,2,2
72512,131,104,27,27
72513,66,57,9,9
72514,122,117,5,5
72515,80,82,-2,2
72516,83,80,3,3
72517,71,73,-2,2
72518,76,64,12,12
72519,130,121,9,9
72520,72,56,16,16
72521,51,48,3,3
72522,114,104,10,10
72523,62,62,0,0
72524,46,42,4,4
72525,58,59,-1,1
72526,84,84,0,0
72527,69,64,5,5
72528,59,105,-46,46
72529,65,62,3,3
72530,175,151,24,24
72531,135,119,16,16
72532,106,94,12,12
72533,72,73,-1,1
72534,124,109,15,15
72535,126,108,18,18
72536,120,105,15,15
72537,92,81,11,11
72538,68,60,8,8
72539,109,94,15,15
72540,74,76,-2,2
72541,61,64,-3,3
72542,96,84,12,12
72543,115,111,4,4
72544,88,84,4,4
72545,112,98,14,14
72546,182,146,36,36
72547,156,134,22,22
72548,156,128,28,28
72549,103,81,22,22
72550,89,78,11,11
72551,114,93,21,21
72552,106,87,19,19
72553,85,69,16,16
72554,107,91,16,16
72555,75,65,10,10
72556,84,78,6,6
72557,120,108,12,12
72558,95,78,17,17
72559,48,48,0,0
72560,65,56,9,9
72561,59,62,-3,3
72562,85,71,14,14
72563,125,107,18,18
72564,89,76,13,13
72565,92,78,14,14
72566,131,123,8,8
72567,83,76,7,7
72568,81,69,12,12
72569,82,68,14,14
72570,66,62,4,4
72571,126,115,11,11
72572,167,132,35,35
72573,103,96,7,7
72574,119,100,19,19
72575,133,116,17,17
72576,138,124,14,14
72577,136,113,23,23
72578,57,53,4,4
72579,111,97,14,14
72580,75,69,6,6
72581,64,59,5,5
72582,111,101,10,10
72583,126,110,16,16
72584,147,122,25,25
72585,188,144,44,44
72586,123,61,62,62
72587,87,86,1,1
72588,77,70,7,7
72589,82,71,11,11
72590,83,76,7,7
72591,69,72,-3,3
72592,136,120,16,16
72593,53,58,-5,5
72594,81,73,8,8
72595,124,112,12,12
72596,111,102,9,9
72597,120,104,16,16
72598,66,65,1,1
72599,68,61,7,7
72600,147,136,11,11
72601,193,150,43,43
72602,62,55,7,7
72603,113,102,11,11
72604,83,74,9,9
72605,114,105,9,9
72606,138,124,14,14
72607,63,63,0,0
72608,153,125,28,28
72609,75,73,2,2
72610,104,86,18,18
72611,138,133,5,5
72612,86,68,18,18
72613,85,79,6,6
72614,132,118,14,14
72615,86,76,10,10
72616,60,61,-1,1
72617,119,101,18,18
72618,233,182,51,51
72619,125,120,5,5
72620,128,109,19,19
72621,135,122,13,13
72622,92,78,14,14
72623,134,115,19,19
72624,108,94,14,14
72625,154,126,28,28
72626,149,126,23,23
72627,112,94,18,18
72628,117,100,17,17
72629,158,136,22,22
72630,83,73,10,10
72631,92,84,8,8
72632,80,69,11,11
72633,86,80,6,6
72634,23,26,-3,3
72635,90,81,9,9
72636,129,117,12,12
72637,122,109,13,13
72638,49,51,-2,2
72639,58,58,0,0
72640,115,97,18,18
72641,92,82,10,10
72642,146,144,2,2
72643,69,80,-11,11
72644,107,105,2,2
72645,152,125,27,27
72646,106,83,23,23
72647,78,71,7,7
72648,122,99,23,23
72649,97,94,3,3
72650,62,60,2,2
72651,125,114,11,11
72652,172,143,29,29
72653,73,68,5,5
72654,88,78,10,10
72655,69,67,2,2
72656,72,58,14,14
72657,87,79,8,8
72658,53,54,-1,1
72659,65,62,3,3
72660,117,99,18,18
72661,105,98,7,7
72662,168,139,29,29
72663,83,78,5,5
72664,65,64,1,1
72665,108,93,15,15
72666,45,49,-4,4
72667,123,99,24,24
72668,62,61,1,1
72669,69,66,3,3
72670,65,62,3,3
72671,88,89,-1,1
72672,70,64,6,6
72673,115,100,15,15
72674,68,60,8,8
72675,109,97,12,12
72676,117,107,10,10
72677,68,65,3,3
72678,93,83,10,10
72679,76,68,8,8
72680,147,120,27,27
72681,124,105,19,19
72682,146,131,15,15
72683,104,100,4,4
72684,85,78,7,7
72685,107,84,23,23
72686,131,106,25,25
72687,71,64,7,7
72688,78,65,13,13
72689,69,68,1,1
72690,124,116,8,8
72691,101,88,13,13
72692,64,53,11,11
72693,69,62,7,7
72694,60,62,-2,2
72695,97,85,12,12
72696,78,69,9,9
72697,106,116,-10,10
72698,102,86,16,16
72699,102,87,15,15
72700,135,121,14,14
72701,84,84,0,0
72702,132,107,25,25
72703,81,67,14,14
72704,55,46,9,9
72705,80,69,11,11
72706,89,93,-4,4
72707,218,316,-98,98
72708,68,59,9,9
72709,136,105,31,31
72710,78,68,10,10
72711,66,63,3,3
72712,115,101,14,14
72713,102,83,19,19
72714,64,62,2,2
72715,32,33,-1,1
72716,61,52,9,9
72717,98,90,8,8
72718,87,71,16,16
72719,75,59,16,16
72720,131,109,22,22
72721,82,84,-2,2
72722,102,84,18,18
72723,68,57,11,11
72724,129,113,16,16
72725,147,123,24,24
72726,54,53,1,1
72727,95,84,11,11
72728,181,153,28,28
72729,102,95,7,7
72730,49,53,-4,4
72731,100,81,19,19
72732,72,69,3,3
72733,137,134,3,3
72734,57,53,4,4
72735,85,72,13,13
72736,69,63,6,6
72737,44,36,8,8
72738,102,91,11,11
72739,140,128,12,12
72740,59,58,1,1
72741,59,64,-5,5
72742,67,58,9,9
72743,96,88,8,8
72744,54,46,8,8
72745,81,72,9,9
72746,154,130,24,24
72747,134,126,8,8
72748,100,77,23,23
72749,104,88,16,16
72750,92,90,2,2
72751,63,62,1,1
72752,115,88,27,27
72753,55,55,0,0
72754,163,131,32,32
72755,122,110,12,12
72756,106,92,14,14
72757,90,85,5,5
72758,97,84,13,13
72759,69,66,3,3
72760,86,76,10,10
72761,87,78,9,9
72762,134,107,27,27
72763,83,80,3,3
72764,96,89,7,7
72765,75,62,13,13
72766,91,75,16,16
72767,74,63,11,11
72768,105,94,11,11
72769,109,95,14,14
72770,50,61,-11,11
72771,83,66,17,17
72772,101,89,12,12
72773,98,91,7,7
72774,78,71,7,7
72775,115,89,26,26
72776,151,127,24,24
72777,50,46,4,4
72778,111,103,8,8
72779,75,77,-2,2
72780,191,159,32,32
72781,82,72,10,10
72782,133,107,26,26
72783,131,113,18,18
72784,69,62,7,7
72785,112,94,18,18
72786,52,55,-3,3
72787,109,107,2,2
72788,82,82,0,0
72789,106,101,5,5
72790,36,43,-7,7
72791,84,73,11,11
72792,103,87,16,16
72793,56,56,0,0
72794,78,72,6,6
72795,69,63,6,6
72796,67,65,2,2
72797,83,83,0,0
72798,103,95,8,8
72799,84,77,7,7
72800,68,67,1,1
72801,78,71,7,7
72802,118,99,19,19
72803,112,98,14,14
72804,108,98,10,10
72805,113,99,14,14
72806,116,91,25,25
72807,67,60,7,7
72808,110,97,13,13
72809,100,83,17,17
72810,111,89,22,22
72811,82,80,2,2
72812,157,131,26,26
72813,75,71,4,4
72814,102,88,14,14
72815,90,81,9,9
72816,60,57,3,3
72817,88,80,8,8
72818,96,86,10,10
72819,117,123,-6,6
72820,76,75,1,1
72821,166,135,31,31
72822,187,143,44,44
72823,73,60,13,13
72824,91,88,3,3
72825,125,112,13,13
72826,60,59,1,1
72827,91,80,11,11
72828,99,98,1,1
72829,80,64,16,16
72830,125,107,18,18
72831,111,109,2,2
72832,54,53,1,1
72833,192,157,35,35
72834,159,130,29,29
72835,71,59,12,12
72836,80,74,6,6
72837,58,56,2,2
72838,78,65,13,13
72839,146,118,28,28
72840,73,62,11,11
72841,178,139,39,39
72842,94,86,8,8
72843,131,109,22,22
72844,70,55,15,15
72845,126,111,15,15
72846,84,72,12,12
72847,80,75,5,5
72848,214,167,47,47
72849,111,99,12,12
72850,134,123,11,11
72851,89,86,3,3
72852,124,127,-3,3
72853,112,91,21,21
72854,94,94,0,0
72855,110,95,15,15
72856,143,127,16,16
72857,70,66,4,4
72858,112,103,9,9
72859,88,78,10,10
72860,89,73,16,16
72861,78,67,11,11
72862,121,100,21,21
72863,69,64,5,5
72864,82,72,10,10
72865,137,147,-10,10
72866,116,105,11,11
72867,169,140,29,29
72868,108,88,20,20
72869,62,55,7,7
72870,66,72,-6,6
72871,126,105,21,21
72872,77,63,14,14
72873,170,139,31,31
72874,48,49,-1,1
72875,123,102,21,21
72876,135,115,20,20
72877,128,112,16,16
72878,108,97,11,11
72879,102,84,18,18
72880,89,81,8,8
72881,68,66,2,2
72882,83,70,13,13
72883,174,149,25,25
72884,130,99,31,31
72885,176,145,31,31
72886,87,86,1,1
72887,69,57,12,12
72888,69,68,1,1
72889,100,79,21,21
72890,164,141,23,23
72891,94,92,2,2
72892,82,70,12,12
72893,191,163,28,28
72894,99,94,5,5
72895,78,74,4,4
72896,68,63,5,5
72897,121,96,25,25
72898,128,111,17,17
72899,149,131,18,18
72900,164,132,32,32
72901,74,67,7,7
72902,67,57,10,10
72903,59,59,0,0
72904,100,104,-4,4
72905,62,66,-4,4
72906,100,93,7,7
72907,79,75,4,4
72908,137,140,-3,3
72909,74,69,5,5
72910,94,83,11,11
72911,119,91,28,28
72912,103,84,19,19
72913,95,85,10,10
72914,60,52,8,8
72915,111,96,15,15
72916,34,36,-2,2
72917,78,80,-2,2
72918,97,85,12,12
72919,111,97,14,14
72920,85,81,4,4
72921,149,122,27,27
72922,90,75,15,15
72923,49,49,0,0
72924,138,116,22,22
72925,69,61,8,8
72926,79,64,15,15
72927,70,63,7,7
72928,82,75,7,7
72929,79,73,6,6
72930,85,85,0,0
72931,89,77,12,12
72932,67,62,5,5
72933,106,102,4,4
72934,70,71,-1,1
72935,74,74,0,0
72936,55,58,-3,3
72937,164,140,24,24
72938,77,66,11,11
72939,57,51,6,6
72940,97,95,2,2
72941,136,124,12,12
72942,83,75,8,8
72943,66,61,5,5
72944,92,86,6,6
72945,92,83,9,9
72946,71,62,9,9
72947,67,69,-2,2
72948,150,125,25,25
72949,69,65,4,4
72950,132,112,20,20
72951,194,162,32,32
72952,137,121,16,16
72953,68,63,5,5
72954,90,85,5,5
72955,113,98,15,15
72956,61,51,10,10
72957,160,133,27,27
72958,149,129,20,20
72959,48,55,-7,7
72960,128,114,14,14
72961,102,88,14,14
72962,95,87,8,8
72963,68,57,11,11
72964,164,136,28,28
72965,92,88,4,4
72966,100,84,16,16
72967,68,70,-2,2
72968,81,73,8,8
72969,87,72,15,15
72970,121,99,22,22
72971,95,88,7,7
72972,99,77,22,22
72973,59,58,1,1
72974,140,112,28,28
72975,109,84,25,25
72976,147,124,23,23
72977,84,76,8,8
72978,111,94,17,17
72979,85,81,4,4
72980,63,64,-1,1
72981,64,59,5,5
72982,75,64,11,11
72983,136,105,31,31
72984,140,124,16,16
72985,45,48,-3,3
72986,159,141,18,18
72987,110,92,18,18
72988,54,57,-3,3
72989,129,112,17,17
72990,170,158,12,12
72991,111,97,14,14
72992,72,60,12,12
72993,129,114,15,15
72994,67,63,4,4
72995,159,150,9,9
72996,60,60,0,0
72997,91,81,10,10
72998,126,103,23,23
72999,240,183,57,57
73000,113,99,14,14
73001,85,69,16,16
73002,54,54,0,0
73003,68,65,3,3
73004,89,75,14,14
73005,142,118,24,24
73006,146,119,27,27
73007,87,77,10,10
73008,122,112,10,10
73009,81,53,28,28
73010,77,71,6,6
73011,113,93,20,20
73012,182,165,17,17
73013,111,93,18,18
73014,97,78,19,19
73015,90,77,13,13
73016,149,126,23,23
73017,62,68,-6,6
73018,121,108,13,13
73019,90,79,11,11
73020,64,51,13,13
73021,158,132,26,26
73022,89,78,11,11
73023,93,81,12,12
73024,82,70,12,12
73025,80,81,-1,1
73026,231,202,29,29
73027,52,51,1,1
73028,185,148,37,37
73029,125,114,11,11
73030,116,100,16,16
73031,70,65,5,5
73032,92,79,13,13
73033,135,125,10,10
73034,83,79,4,4
73035,78,76,2,2
73036,89,77,12,12
73037,98,83,15,15
73038,74,73,1,1
73039,117,102,15,15
73040,65,179,-114,114
73041,80,74,6,6
73042,82,70,12,12
73043,144,132,12,12
73044,64,62,2,2
73045,144,123,21,21
73046,46,42,4,4
73047,29,33,-4,4
73048,81,72,9,9
73049,115,102,13,13
73050,99,84,15,15
73051,80,72,8,8
73052,111,94,17,17
73053,113,101,12,12
73054,119,90,29,29
73055,49,46,3,3
73056,128,111,17,17
73057,168,139,29,29
73058,52,49,3,3
73059,115,99,16,16
73060,230,175,55,55
73061,113,116,-3,3
73062,66,57,9,9
73063,102,91,11,11
73064,52,49,3,3
73065,94,82,12,12
73066,69,63,6,6
73067,146,137,9,9
73068,130,112,18,18
73069,82,67,15,15
73070,51,49,2,2
73071,114,97,17,17
73072,58,62,-4,4
73073,70,69,1,1
73074,74,66,8,8
73075,75,63,12,12
73076,54,46,8,8
73077,134,123,11,11
73078,46,43,3,3
73079,79,68,11,11
73080,66,68,-2,2
73081,114,101,13,13
73082,76,77,-1,1
73083,149,128,21,21
73084,126,106,20,20
73085,91,88,3,3
73086,56,59,-3,3
73087,131,114,17,17
73088,119,118,1,1
73089,119,107,12,12
73090,124,107,17,17
73091,142,126,16,16
73092,215,166,49,49
73093,59,53,6,6
73094,60,54,6,6
73095,76,74,2,2
73096,54,50,4,4
73097,78,78,0,0
73098,133,128,5,5
73099,56,49,7,7
73100,79,74,5,5
73101,74,62,12,12
73102,55,63,-8,8
73103,62,52,10,10
73104,47,43,4,4
73105,112,102,10,10
73106,112,93,19,19
73107,122,105,17,17
73108,104,92,12,12
73109,81,90,-9,9
73110,76,77,-1,1
73111,61,54,7,7
73112,230,161,69,69
73113,87,76,11,11
73114,94,78,16,16
73115,83,70,13,13
73116,154,118,36,36
73117,140,119,21,21
73118,81,77,4,4
73119,78,69,9,9
73120,112,93,19,19
73121,133,109,24,24
73122,72,69,3,3
73123,150,114,36,36
73124,133,118,15,15
73125,74,60,14,14
73126,122,108,14,14
73127,90,78,12,12
73128,69,59,10,10
73129,75,73,2,2
73130,50,42,8,8
73131,135,114,21,21
73132,126,108,18,18
73133,68,84,-16,16
73134,88,80,8,8
73135,78,75,3,3
73136,55,55,0,0
73137,94,87,7,7
73138,57,56,1,1
73139,70,65,5,5
73140,150,127,23,23
73141,67,66,1,1
73142,78,74,4,4
73143,82,67,15,15
73144,123,115,8,8
73145,75,62,13,13
73146,151,134,17,17
73147,79,71,8,8
73148,116,94,22,22
73149,89,76,13,13
73150,143,122,21,21
73151,94,87,7,7
73152,94,91,3,3
73153,81,78,3,3
73154,77,78,-1,1
73155,85,77,8,8
73156,104,104,0,0
73157,58,54,4,4
73158,76,73,3,3
73159,72,67,5,5
73160,90,75,15,15
73161,126,122,4,4
73162,81,74,7,7
73163,113,100,13,13
73164,72,71,1,1
73165,111,100,11,11
73166,94,81,13,13
73167,77,67,10,10
73168,76,64,12,12
73169,91,76,15,15
73170,84,77,7,7
73171,50,54,-4,4
73172,111,102,9,9
73173,160,134,26,26
73174,90,76,14,14
73175,165,152,13,13
73176,153,119,34,34
73177,38,38,0,0
73178,76,82,-6,6
73179,73,66,7,7
73180,99,92,7,7
73181,64,61,3,3
73182,148,123,25,25
73183,146,128,18,18
73184,86,77,9,9
73185,70,65,5,5
73186,74,62,12,12
73187,102,88,14,14
73188,76,64,12,12
73189,115,99,16,16
73190,111,95,16,16
73191,67,68,-1,1
73192,120,111,9,9
73193,72,66,6,6
73194,93,80,13,13
73195,256,214,42,42
73196,157,134,23,23
73197,70,65,5,5
73198,95,91,4,4
73199,99,90,9,9
73200,94,84,10,10
73201,81,67,14,14
73202,102,86,16,16
73203,107,95,12,12
73204,137,112,25,25
73205,91,82,9,9
73206,90,84,6,6
73207,68,63,5,5
73208,59,58,1,1
73209,86,79,7,7
73210,118,114,4,4
73211,197,167,30,30
73212,55,47,8,8
73213,82,69,13,13
73214,96,89,7,7
73215,88,85,3,3
73216,72,81,-9,9
73217,56,58,-2,2
73218,110,94,16,16
73219,75,66,9,9
73220,107,102,5,5
73221,100,95,5,5
73222,137,115,22,22
73223,76,70,6,6
73224,174,148,26,26
73225,101,94,7,7
73226,85,77,8,8
73227,53,55,-2,2
73228,108,86,22,22
73229,82,72,10,10
73230,84,80,4,4
73231,92,84,8,8
73232,125,123,2,2
73233,93,93,0,0
73234,54,55,-1,1
73235,113,95,18,18
73236,196,167,29,29
73237,71,60,11,11
73238,75,66,9,9
73239,46,47,-1,1
73240,107,97,10,10
73241,82,79,3,3
73242,88,92,-4,4
73243,57,51,6,6
73244,153,128,25,25
73245,131,118,13,13
73246,111,114,-3,3
73247,136,121,15,15
73248,58,55,3,3
73249,85,78,7,7
73250,98,80,18,18
73251,80,74,6,6
73252,82,82,0,0
73253,74,62,12,12
73254,135,111,24,24
73255,88,79,9,9
73256,27,36,-9,9
73257,60,61,-1,1
73258,82,72,10,10
73259,176,151,25,25
73260,163,132,31,31
73261,130,117,13,13
73262,120,102,18,18
73263,143,119,24,24
73264,138,128,10,10
73265,88,75,13,13
73266,125,110,15,15
73267,81,73,8,8
73268,56,52,4,4
73269,70,66,4,4
73270,59,57,2,2
73271,117,124,-7,7
73272,35,43,-8,8
73273,115,94,21,21
73274,59,57,2,2
73275,88,73,15,15
73276,124,115,9,9
73277,110,87,23,23
73278,118,98,20,20
73279,103,83,20,20
73280,121,109,12,12
73281,78,71,7,7
73282,69,64,5,5
73283,129,107,22,22
73284,75,65,10,10
73285,54,49,5,5
73286,185,146,39,39
73287,105,90,15,15
73288,65,57,8,8
73289,145,116,29,29
73290,134,113,21,21
73291,102,87,15,15
73292,75,67,8,8
73293,106,88,18,18
73294,122,106,16,16
73295,42,44,-2,2
73296,144,134,10,10
73297,104,87,17,17
73298,117,97,20,20
73299,69,64,5,5
73300,63,70,-7,7
73301,184,134,50,50
73302,96,83,13,13
73303,86,70,16,16
73304,98,90,8,8
73305,78,70,8,8
73306,91,80,11,11
73307,53,46,7,7
73308,79,69,10,10
73309,141,117,24,24
73310,82,70,12,12
73311,49,46,3,3
73312,109,90,19,19
73313,61,57,4,4
73314,90,85,5,5
73315,61,50,11,11
73316,94,95,-1,1
73317,134,120,14,14
73318,65,64,1,1
73319,136,121,15,15
73320,164,139,25,25
73321,98,93,5,5
73322,83,74,9,9
73323,40,42,-2,2
73324,67,73,-6,6
73325,90,78,12,12
73326,62,52,10,10
73327,60,55,5,5
73328,115,92,23,23
73329,135,122,13,13
73330,75,69,6,6
73331,35,56,-21,21
73332,94,93,1,1
73333,113,95,18,18
73334,133,116,17,17
73335,103,68,35,35
73336,108,87,21,21
73337,65,61,4,4
73338,67,56,11,11
73339,121,104,17,17
73340,89,90,-1,1
73341,69,64,5,5
73342,128,115,13,13
73343,99,82,17,17
73344,100,88,12,12
73345,88,70,18,18
73346,160,138,22,22
73347,94,78,16,16
73348,111,101,10,10
73349,83,68,15,15
73350,51,58,-7,7
73351,126,105,21,21
73352,150,119,31,31
73353,57,50,7,7
73354,63,62,1,1
73355,112,101,11,11
73356,196,161,35,35
73357,71,66,5,5
73358,152,129,23,23
73359,87,79,8,8
73360,59,57,2,2
73361,144,125,19,19
73362,122,101,21,21
73363,61,61,0,0
73364,99,95,4,4
73365,74,61,13,13
73366,68,65,3,3
73367,92,88,4,4
73368,147,133,14,14
73369,114,99,15,15
73370,64,60,4,4
73371,92,72,20,20
73372,85,71,14,14
73373,100,83,17,17
73374,142,118,24,24
73375,34,37,-3,3
73376,107,86,21,21
73377,110,92,18,18
73378,154,134,20,20
73379,69,66,3,3
73380,91,90,1,1
73381,124,104,20,20
73382,71,61,10,10
73383,61,49,12,12
73384,110,95,15,15
73385,86,88,-2,2
73386,143,119,24,24
73387,65,60,5,5
73388,82,68,14,14
73389,90,86,4,4
73390,156,142,14,14
73391,177,151,26,26
73392,108,93,15,15
73393,100,100,0,0
73394,60,62,-2,2
73395,81,83,-2,2
73396,99,90,9,9
73397,63,76,-13,13
73398,87,92,-5,5
73399,53,49,4,4
73400,47,45,2,2
73401,65,68,-3,3
73402,79,64,15,15
73403,65,61,4,4
73404,99,90,9,9
73405,61,58,3,3
73406,101,99,2,2
73407,75,59,16,16
73408,99,93,6,6
73409,84,72,12,12
73410,130,107,23,23
73411,147,118,29,29
73412,103,92,11,11
73413,48,44,4,4
73414,88,79,9,9
73415,115,97,18,18
73416,81,75,6,6
73417,69,69,0,0
73418,144,132,12,12
73419,103,90,13,13
73420,84,73,11,11
73421,175,159,16,16
73422,133,106,27,27
73423,88,81,7,7
73424,112,102,10,10
73425,98,89,9,9
73426,79,68,11,11
73427,65,59,6,6
73428,75,79,-4,4
73429,101,94,7,7
73430,44,44,0,0
73431,89,83,6,6
73432,107,95,12,12
73433,85,77,8,8
73434,42,45,-3,3
73435,86,91,-5,5
73436,92,79,13,13
73437,70,69,1,1
73438,79,72,7,7
73439,39,50,-11,11
73440,90,80,10,10
73441,126,104,22,22
73442,116,99,17,17
73443,69,67,2,2
73444,51,53,-2,2
73445,107,91,16,16
73446,88,77,11,11
73447,104,85,19,19
73448,81,65,16,16
73449,78,70,8,8
73450,87,76,11,11
73451,63,69,-6,6
73452,92,83,9,9
73453,125,118,7,7
73454,113,97,16,16
73455,50,47,3,3
73456,71,64,7,7
73457,78,73,5,5
73458,65,60,5,5
73459,145,121,24,24
73460,64,54,10,10
73461,83,74,9,9
73462,162,127,35,35
73463,84,76,8,8
73464,149,131,18,18
73465,68,62,6,6
73466,84,78,6,6
73467,74,61,13,13
73468,106,94,12,12
73469,87,83,4,4
73470,102,103,-1,1
73471,142,114,28,28
73472,159,134,25,25
73473,49,46,3,3
73474,133,123,10,10
73475,89,78,11,11
73476,47,51,-4,4
73477,111,102,9,9
73478,79,67,12,12
73479,108,107,1,1
73480,58,57,1,1
73481,111,103,8,8
73482,46,45,1,1
73483,69,61,8,8
73484,144,125,19,19
73485,122,106,16,16
73486,114,100,14,14
73487,60,55,5,5
73488,75,72,3,3
73489,79,71,8,8
73490,97,90,7,7
73491,177,155,22,22
73492,111,92,19,19
73493,35,44,-9,9
73494,133,104,29,29
73495,58,48,10,10
73496,114,90,24,24
73497,80,75,5,5
73498,133,107,26,26
73499,116,104,12,12
73500,88,66,22,22
73501,126,102,24,24
73502,135,110,25,25
73503,85,79,6,6
73504,154,136,18,18
73505,118,100,18,18
73506,92,81,11,11
73507,146,133,13,13
73508,63,60,3,3
73509,77,72,5,5
73510,113,96,17,17
73511,110,88,22,22
73512,63,59,4,4
73513,78,63,15,15
73514,130,112,18,18
73515,64,56,8,8
73516,81,78,3,3
73517,75,62,13,13
73518,41,44,-3,3
73519,139,118,21,21
73520,60,55,5,5
73521,81,75,6,6
73522,108,92,16,16
73523,102,84,18,18
73524,63,60,3,3
73525,111,97,14,14
73526,42,42,0,0
73527,93,83,10,10
73528,106,99,7,7
73529,92,76,16,16
73530,87,77,10,10
73531,100,91,9,9
73532,73,69,4,4
73533,65,56,9,9
73534,84,82,2,2
73535,158,138,20,20
73536,73,65,8,8
73537,116,117,-1,1
73538,79,80,-1,1
73539,114,98,16,16
73540,108,97,11,11
73541,89,77,12,12
73542,65,69,-4,4
73543,123,107,16,16
73544,70,68,2,2
73545,58,55,3,3
73546,61,61,0,0
73547,118,120,-2,2
73548,91,86,5,5
73549,82,79,3,3
73550,42,52,-10,10
73551,43,42,1,1
73552,144,116,28,28
73553,60,66,-6,6
73554,29,34,-5,5
73555,111,95,16,16
73556,69,63,6,6
73557,192,152,40,40
73558,88,93,-5,5
73559,64,62,2,2
73560,131,113,18,18
73561,107,101,6,6
73562,95,94,1,1
73563,70,65,5,5
73564,51,45,6,6
73565,195,163,32,32
73566,77,70,7,7
73567,117,109,8,8
73568,87,71,16,16
73569,46,41,5,5
73570,71,64,7,7
73571,65,58,7,7
73572,171,160,11,11
73573,106,96,10,10
73574,82,75,7,7
73575,130,105,25,25
73576,58,59,-1,1
73577,105,97,8,8
73578,121,108,13,13
73579,148,138,10,10
73580,87,75,12,12
73581,98,92,6,6
73582,74,82,-8,8
73583,138,120,18,18
73584,95,87,8,8
73585,104,93,11,11
73586,64,56,8,8
73587,74,69,5,5
73588,126,95,31,31
73589,93,89,4,4
73590,80,71,9,9
73591,62,60,2,2
73592,56,58,-2,2
73593,91,83,8,8
73594,202,164,38,38
73595,97,92,5,5
73596,109,107,2,2
73597,62,50,12,12
73598,156,135,21,21
73599,62,53,9,9
73600,156,142,14,14
73601,60,58,2,2
73602,67,58,9,9
73603,109,98,11,11
73604,129,106,23,23
73605,126,105,21,21
73606,141,117,24,24
73607,117,94,23,23
73608,167,144,23,23
73609,123,115,8,8
73610,127,102,25,25
73611,70,60,10,10
73612,67,63,4,4
73613,93,83,10,10
73614,79,75,4,4
73615,80,74,6,6
73616,81,78,3,3
73617,77,67,10,10
73618,57,62,-5,5
73619,125,123,2,2
73620,137,111,26,26
73621,98,92,6,6
73622,76,66,10,10
73623,99,85,14,14
73624,88,80,8,8
73625,71,62,9,9
73626,85,73,12,12
73627,93,85,8,8
73628,112,91,21,21
73629,63,61,2,2
73630,79,83,-4,4
73631,90,82,8,8
73632,71,63,8,8
73633,67,76,-9,9
73634,147,112,35,35
73635,57,67,-10,10
73636,61,56,5,5
73637,100,85,15,15
73638,79,69,10,10
73639,136,100,36,36
73640,88,82,6,6
73641,67,61,6,6
73642,173,150,23,23
73643,111,90,21,21
73644,96,75,21,21
73645,91,75,16,16
73646,90,75,15,15
73647,93,83,10,10
73648,99,90,9,9
73649,57,51,6,6
73650,71,63,8,8
73651,165,137,28,28
73652,91,95,-4,4
73653,59,56,3,3
73654,103,91,12,12
73655,72,68,4,4
73656,95,82,13,13
73657,86,67,19,19
73658,142,109,33,33
73659,92,81,11,11
73660,86,81,5,5
73661,143,118,25,25
73662,37,39,-2,2
73663,66,64,2,2
73664,121,103,18,18
73665,89,73,16,16
73666,54,65,-11,11
73667,64,57,7,7
73668,48,42,6,6
73669,33,36,-3,3
73670,154,131,23,23
73671,55,54,1,1
73672,85,70,15,15
73673,68,63,5,5
73674,88,79,9,9
73675,61,56,5,5
73676,123,104,19,19
73677,98,93,5,5
73678,161,142,19,19
73679,53,51,2,2
73680,68,68,0,0
73681,131,112,19,19
73682,100,92,8,8
73683,64,57,7,7
73684,109,102,7,7
73685,87,77,10,10
73686,78,70,8,8
73687,56,56,0,0
73688,96,81,15,15
73689,104,91,13,13
73690,94,86,8,8
73691,66,62,4,4
73692,106,89,17,17
73693,132,126,6,6
73694,142,108,34,34
73695,112,107,5,5
73696,104,76,28,28
73697,129,119,10,10
73698,107,93,14,14
73699,137,130,7,7
73700,81,76,5,5
73701,57,51,6,6
73702,126,108,18,18
73703,57,63,-6,6
73704,141,112,29,29
73705,94,79,15,15
73706,56,59,-3,3
73707,100,83,17,17
73708,65,65,0,0
73709,153,131,22,22
73710,106,99,7,7
73711,65,61,4,4
73712,89,82,7,7
73713,69,55,14,14
73714,172,145,27,27
73715,74,69,5,5
73716,55,57,-2,2
73717,95,84,11,11
73718,80,75,5,5
73719,72,67,5,5
73720,69,63,6,6
73721,77,77,0,0
73722,136,112,24,24
73723,60,54,6,6
73724,106,90,16,16
73725,98,83,15,15
73726,113,100,13,13
73727,66,59,7,7
73728,117,100,17,17
73729,75,70,5,5
73730,123,106,17,17
73731,54,47,7,7
73732,157,143,14,14
73733,100,85,15,15
73734,74,70,4,4
73735,61,57,4,4
73736,72,69,3,3
73737,81,71,10,10
73738,138,131,7,7
73739,137,124,13,13
73740,163,124,39,39
73741,65,75,-10,10
73742,130,113,17,17
73743,68,68,0,0
73744,97,82,15,15
73745,167,143,24,24
73746,93,71,22,22
73747,63,62,1,1
73748,91,79,12,12
73749,174,140,34,34
73750,138,110,28,28
73751,75,68,7,7
73752,129,121,8,8
73753,116,92,24,24
73754,47,44,3,3
73755,116,97,19,19
73756,103,86,17,17
73757,112,90,22,22
73758,133,110,23,23
73759,55,66,-11,11
73760,75,74,1,1
73761,53,50,3,3
73762,88,87,1,1
73763,132,111,21,21
73764,35,35,0,0
73765,45,51,-6,6
73766,67,62,5,5
73767,124,101,23,23
73768,148,121,27,27
73769,138,113,25,25
73770,98,84,14,14
73771,81,75,6,6
73772,54,51,3,3
73773,35,38,-3,3
73774,69,58,11,11
73775,66,61,5,5
73776,116,99,17,17
73777,86,74,12,12
73778,95,87,8,8
73779,95,88,7,7
73780,61,54,7,7
73781,79,69,10,10
73782,74,85,-11,11
73783,117,104,13,13
73784,63,61,2,2
73785,138,106,32,32
73786,125,113,12,12
73787,95,83,12,12
73788,66,62,4,4
73789,53,50,3,3
73790,83,74,9,9
73791,60,63,-3,3
73792,52,54,-2,2
73793,55,47,8,8
73794,100,96,4,4
73795,91,95,-4,4
73796,87,78,9,9
73797,63,51,12,12
73798,122,85,37,37
73799,75,64,11,11
73800,57,60,-3,3
73801,55,51,4,4
73802,110,91,19,19
73803,88,81,7,7
73804,155,146,9,9
73805,96,88,8,8
73806,81,74,7,7
73807,102,88,14,14
73808,141,113,28,28
73809,105,92,13,13
73810,68,60,8,8
73811,80,68,12,12
73812,94,92,2,2
73813,60,57,3,3
73814,107,80,27,27
73815,112,98,14,14
73816,92,84,8,8
73817,86,67,19,19
73818,131,104,27,27
73819,62,55,7,7
73820,146,134,12,12
73821,67,70,-3,3
73822,77,74,3,3
73823,101,93,8,8
73824,80,70,10,10
73825,97,75,22,22
73826,140,115,25,25
73827,128,127,1,1
73828,108,98,10,10
73829,91,78,13,13
73830,91,85,6,6
73831,87,75,12,12
73832,151,120,31,31
73833,91,87,4,4
73834,161,127,34,34
73835,60,57,3,3
73836,135,112,23,23
73837,73,80,-7,7
73838,88,92,-4,4
73839,71,65,6,6
73840,80,74,6,6
73841,50,46,4,4
73842,106,89,17,17
73843,66,61,5,5
73844,90,86,4,4
73845,122,107,15,15
73846,99,84,15,15
73847,73,67,6,6
73848,60,59,1,1
73849,63,65,-2,2
73850,105,111,-6,6
73851,34,37,-3,3
73852,74,77,-3,3
73853,122,104,18,18
73854,123,96,27,27
73855,66,57,9,9
73856,122,105,17,17
73857,114,92,22,22
73858,165,145,20,20
73859,139,132,7,7
73860,58,50,8,8
73861,70,66,4,4
73862,71,62,9,9
73863,158,160,-2,2
73864,66,60,6,6
73865,166,119,47,47
73866,129,117,12,12
73867,91,83,8,8
73868,109,117,-8,8
73869,118,120,-2,2
73870,90,83,7,7
73871,125,108,17,17
73872,94,82,12,12
73873,107,93,14,14
73874,144,114,30,30
73875,83,73,10,10
73876,71,70,1,1
73877,93,81,12,12
73878,103,89,14,14
73879,78,71,7,7
73880,33,70,-37,37
73881,44,74,-30,30
73882,129,104,25,25
73883,210,172,38,38
73884,98,78,20,20
73885,60,71,-11,11
73886,110,92,18,18
73887,56,56,0,0
73888,149,120,29,29
73889,86,76,10,10
73890,101,88,13,13
73891,80,69,11,11
73892,96,85,11,11
73893,66,62,4,4
73894,73,69,4,4
73895,87,66,21,21
73896,73,62,11,11
73897,96,80,16,16
73898,36,39,-3,3
73899,171,176,-5,5
73900,125,112,13,13
73901,82,77,5,5
73902,79,69,10,10
73903,148,123,25,25
73904,137,116,21,21
73905,82,75,7,7
73906,72,87,-15,15
73907,57,52,5,5
73908,162,143,19,19
73909,148,117,31,31
73910,82,71,11,11
73911,76,77,-1,1
73912,72,60,12,12
73913,42,39,3,3
73914,102,94,8,8
73915,61,62,-1,1
73916,107,98,9,9
73917,72,62,10,10
73918,117,115,2,2
73919,70,61,9,9
73920,60,54,6,6
73921,110,86,24,24
73922,94,85,9,9
73923,121,116,5,5
73924,102,94,8,8
73925,61,59,2,2
73926,69,64,5,5
73927,51,57,-6,6
73928,113,113,0,0
73929,148,150,-2,2
73930,129,104,25,25
73931,60,54,6,6
73932,82,91,-9,9
73933,149,122,27,27
73934,64,56,8,8
73935,95,86,9,9
73936,105,88,17,17
73937,129,114,15,15
73938,140,120,20,20
73939,143,132,11,11
73940,67,58,9,9
73941,81,74,7,7
73942,131,105,26,26
73943,61,52,9,9
73944,95,84,11,11
73945,121,105,16,16
73946,96,77,19,19
73947,159,125,34,34
73948,51,54,-3,3
73949,72,70,2,2
73950,83,75,8,8
73951,114,98,16,16
73952,90,83,7,7
73953,72,63,9,9
73954,88,74,14,14
73955,149,121,28,28
73956,69,59,10,10
73957,67,64,3,3
73958,65,67,-2,2
73959,119,110,9,9
73960,146,120,26,26
73961,75,78,-3,3
73962,175,140,35,35
73963,109,98,11,11
73964,80,71,9,9
73965,99,83,16,16
73966,137,117,20,20
73967,77,84,-7,7
73968,44,66,-22,22
73969,96,79,17,17
73970,55,51,4,4
73971,113,96,17,17
73972,108,94,14,14
73973,55,49,6,6
73974,138,107,31,31
73975,74,65,9,9
73976,69,66,3,3
73977,131,113,18,18
73978,129,146,-17,17
73979,103,91,12,12
73980,50,46,4,4
73981,90,85,5,5
73982,42,39,3,3
73983,140,137,3,3
73984,76,83,-7,7
73985,113,95,18,18
73986,43,45,-2,2
73987,73,76,-3,3
73988,116,104,12,12
73989,112,108,4,4
73990,126,113,13,13
73991,98,95,3,3
73992,83,93,-10,10
73993,51,55,-4,4
73994,73,84,-11,11
73995,220,169,51,51
73996,72,74,-2,2
73997,63,57,6,6
73998,107,98,9,9
73999,90,76,14,14
74000,50,55,-5,5
74001,100,85,15,15
74002,126,105,21,21
74003,73,65,8,8
74004,88,84,4,4
74005,65,71,-6,6
74006,73,60,13,13
74007,83,75,8,8
74008,118,109,9,9
74009,77,65,12,12
74010,175,150,25,25
74011,101,86,15,15
74012,72,64,8,8
74013,84,78,6,6
74014,320,306,14,14
74015,86,91,-5,5
74016,48,48,0,0
74017,82,67,15,15
74018,111,91,20,20
74019,83,78,5,5
74020,105,109,-4,4
74021,87,85,2,2
74022,92,83,9,9
74023,106,93,13,13
74024,179,155,24,24
74025,123,100,23,23
74026,68,69,-1,1
74027,52,48,4,4
74028,155,120,35,35
74029,97,98,-1,1
74030,78,72,6,6
74031,52,48,4,4
74032,62,59,3,3
74033,92,83,9,9
74034,113,94,19,19
74035,141,119,22,22
74036,66,65,1,1
74037,97,79,18,18
74038,80,91,-11,11
74039,71,83,-12,12
74040,117,101,16,16
74041,202,168,34,34
74042,89,75,14,14
74043,65,64,1,1
74044,83,82,1,1
74045,151,123,28,28
74046,68,56,12,12
74047,84,88,-4,4
74048,114,95,19,19
74049,67,60,7,7
74050,48,47,1,1
74051,108,98,10,10
74052,159,122,37,37
74053,84,73,11,11
74054,153,125,28,28
74055,52,62,-10,10
74056,159,135,24,24
74057,118,107,11,11
74058,83,79,4,4
74059,50,46,4,4
74060,125,106,19,19
74061,41,88,-47,47
74062,62,65,-3,3
74063,85,70,15,15
74064,133,118,15,15
74065,129,109,20,20
74066,97,93,4,4
74067,102,94,8,8
74068,23,33,-10,10
74069,74,69,5,5
74070,41,47,-6,6
74071,108,101,7,7
74072,104,93,11,11
74073,108,84,24,24
74074,97,82,15,15
74075,74,71,3,3
74076,94,83,11,11
74077,78,66,12,12
74078,117,108,9,9
74079,119,108,11,11
74080,60,47,13,13
74081,86,71,15,15
74082,84,77,7,7
74083,72,66,6,6
74084,93,88,5,5
74085,72,64,8,8
74086,156,134,22,22
74087,73,68,5,5
74088,108,93,15,15
74089,126,122,4,4
74090,93,86,7,7
74091,79,65,14,14
74092,181,139,42,42
74093,83,69,14,14
74094,119,102,17,17
74095,71,63,8,8
74096,77,67,10,10
74097,104,111,-7,7
74098,72,71,1,1
74099,68,64,4,4
74100,98,87,11,11
74101,57,69,-12,12
74102,80,96,-16,16
74103,73,68,5,5
74104,191,156,35,35
74105,100,83,17,17
74106,132,104,28,28
74107,40,38,2,2
74108,54,53,1,1
74109,154,132,22,22
74110,139,119,20,20
74111,107,93,14,14
74112,128,109,19,19
74113,133,111,22,22
74114,83,68,15,15
74115,63,85,-22,22
74116,81,70,11,11
74117,163,139,24,24
74118,109,96,13,13
74119,63,56,7,7
74120,90,78,12,12
74121,81,84,-3,3
74122,66,59,7,7
74123,120,111,9,9
74124,89,75,14,14
74125,67,64,3,3
74126,85,84,1,1
74127,78,71,7,7
74128,75,72,3,3
74129,198,167,31,31
74130,92,83,9,9
74131,118,97,21,21
74132,57,56,1,1
74133,155,133,22,22
74134,86,76,10,10
74135,67,57,10,10
74136,178,132,46,46
74137,68,65,3,3
74138,85,75,10,10
74139,79,76,3,3
74140,93,77,16,16
74141,50,50,0,0
74142,58,53,5,5
74143,104,95,9,9
74144,100,84,16,16
74145,201,159,42,42
74146,105,97,8,8
74147,105,98,7,7
74148,90,83,7,7
74149,68,70,-2,2
74150,74,70,4,4
74151,60,54,6,6
74152,59,66,-7,7
74153,97,95,2,2
74154,87,75,12,12
74155,55,57,-2,2
74156,111,94,17,17
74157,119,93,26,26
74158,115,104,11,11
74159,59,50,9,9
74160,61,56,5,5
74161,30,49,-19,19
74162,96,83,13,13
74163,131,104,27,27
74164,183,158,25,25
74165,161,148,13,13
74166,146,128,18,18
74167,200,166,34,34
74168,100,91,9,9
74169,114,100,14,14
74170,108,95,13,13
74171,73,64,9,9
74172,75,64,11,11
74173,72,65,7,7
74174,143,133,10,10
74175,101,82,19,19
74176,66,63,3,3
74177,164,132,32,32
74178,85,77,8,8
74179,88,76,12,12
74180,98,90,8,8
74181,54,87,-33,33
74182,95,85,10,10
74183,64,62,2,2
74184,144,122,22,22
74185,105,91,14,14
74186,102,98,4,4
74187,114,85,29,29
74188,54,55,-1,1
74189,112,92,20,20
74190,181,146,35,35
74191,110,92,18,18
74192,75,66,9,9
74193,51,55,-4,4
74194,98,85,13,13
74195,85,79,6,6
74196,54,58,-4,4
74197,57,57,0,0
74198,77,80,-3,3
74199,66,73,-7,7
74200,84,68,16,16
74201,102,96,6,6
74202,124,114,10,10
74203,129,112,17,17
74204,195,169,26,26
74205,111,95,16,16
74206,109,112,-3,3
74207,68,61,7,7
74208,57,51,6,6
74209,76,77,-1,1
74210,99,87,12,12
74211,78,76,2,2
74212,124,114,10,10
74213,83,70,13,13
74214,82,69,13,13
74215,73,63,10,10
74216,66,62,4,4
74217,102,90,12,12
74218,107,104,3,3
74219,101,87,14,14
74220,119,109,10,10
74221,120,117,3,3
74222,69,67,2,2
74223,80,88,-8,8
74224,113,99,14,14
74225,63,62,1,1
74226,94,77,17,17
74227,146,131,15,15
74228,109,96,13,13
74229,117,95,22,22
74230,66,65,1,1
74231,151,121,30,30
74232,60,50,10,10
74233,146,141,5,5
74234,135,116,19,19
74235,90,75,15,15
74236,48,54,-6,6
74237,71,63,8,8
74238,155,132,23,23
74239,86,68,18,18
74240,111,109,2,2
74241,96,83,13,13
74242,137,136,1,1
74243,81,81,0,0
74244,60,58,2,2
74245,83,91,-8,8
74246,106,94,12,12
74247,67,65,2,2
74248,52,48,4,4
74249,104,91,13,13
74250,73,74,-1,1
74251,87,79,8,8
74252,148,133,15,15
74253,77,65,12,12
74254,92,81,11,11
74255,201,165,36,36
74256,50,50,0,0
74257,149,125,24,24
74258,150,112,38,38
74259,89,90,-1,1
74260,131,109,22,22
74261,73,63,10,10
74262,83,90,-7,7
74263,155,134,21,21
74264,80,55,25,25
74265,128,112,16,16
74266,59,56,3,3
74267,85,86,-1,1
74268,87,95,-8,8
74269,85,75,10,10
74270,72,62,10,10
74271,72,75,-3,3
74272,56,52,4,4
74273,127,110,17,17
74274,73,63,10,10
74275,94,73,21,21
74276,72,62,10,10
74277,48,43,5,5
74278,130,102,28,28
74279,103,81,22,22
74280,96,73,23,23
74281,140,131,9,9
74282,63,61,2,2
74283,61,51,10,10
74284,78,67,11,11
74285,75,65,10,10
74286,81,75,6,6
74287,79,75,4,4
74288,94,87,7,7
74289,117,99,18,18
74290,59,53,6,6
74291,84,72,12,12
74292,149,124,25,25
74293,109,101,8,8
74294,46,51,-5,5
74295,131,106,25,25
74296,118,100,18,18
74297,83,83,0,0
74298,68,79,-11,11
74299,70,78,-8,8
74300,49,48,1,1
74301,73,66,7,7
74302,132,122,10,10
74303,93,77,16,16
74304,159,139,20,20
74305,107,97,10,10
74306,185,147,38,38
74307,143,121,22,22
74308,60,63,-3,3
74309,78,68,10,10
74310,106,97,9,9
74311,98,82,16,16
74312,101,79,22,22
74313,39,51,-12,12
74314,104,96,8,8
74315,51,58,-7,7
74316,88,73,15,15
74317,83,72,11,11
74318,116,118,-2,2
74319,59,56,3,3
74320,88,74,14,14
74321,206,155,51,51
74322,147,113,34,34
74323,40,46,-6,6
74324,45,46,-1,1
74325,89,82,7,7
74326,146,121,25,25
74327,76,74,2,2
74328,92,68,24,24
74329,35,40,-5,5
74330,77,83,-6,6
74331,104,96,8,8
74332,97,79,18,18
74333,135,114,21,21
74334,63,57,6,6
74335,54,51,3,3
74336,117,108,9,9
74337,79,70,9,9
74338,64,63,1,1
74339,63,58,5,5
74340,63,59,4,4
74341,80,72,8,8
74342,136,117,19,19
74343,106,90,16,16
74344,76,68,8,8
74345,80,70,10,10
74346,126,110,16,16
74347,96,79,17,17
74348,56,53,3,3
74349,124,112,12,12
74350,137,120,17,17
74351,63,62,1,1
74352,59,58,1,1
74353,102,88,14,14
74354,41,41,0,0
74355,84,78,6,6
74356,99,92,7,7
74357,108,104,4,4
74358,125,112,13,13
74359,115,98,17,17
74360,84,75,9,9
74361,100,94,6,6
74362,128,113,15,15
74363,60,57,3,3
74364,77,75,2,2
74365,63,55,8,8
74366,90,92,-2,2
74367,64,66,-2,2
74368,61,50,11,11
74369,99,93,6,6
74370,97,90,7,7
74371,65,51,14,14
74372,99,89,10,10
74373,181,146,35,35
74374,83,78,5,5
74375,102,91,11,11
74376,136,126,10,10
74377,56,50,6,6
74378,132,111,21,21
74379,76,69,7,7
74380,101,87,14,14
74381,110,85,25,25
74382,51,44,7,7
74383,60,59,1,1
74384,127,114,13,13
74385,81,97,-16,16
74386,59,56,3,3
74387,82,74,8,8
74388,103,89,14,14
74389,99,86,13,13
74390,50,41,9,9
74391,85,89,-4,4
74392,67,54,13,13
74393,125,104,21,21
74394,93,79,14,14
74395,116,98,18,18
74396,68,70,-2,2
74397,77,69,8,8
74398,95,86,9,9
74399,59,61,-2,2
74400,111,89,22,22
74401,79,75,4,4
74402,84,82,2,2
74403,89,85,4,4
74404,164,140,24,24
74405,72,65,7,7
74406,78,74,4,4
74407,149,136,13,13
74408,95,72,23,23
74409,85,67,18,18
74410,96,85,11,11
74411,72,60,12,12
74412,112,91,21,21
74413,77,66,11,11
74414,40,38,2,2
74415,110,98,12,12
74416,59,64,-5,5
74417,107,92,15,15
74418,66,74,-8,8
74419,87,75,12,12
74420,72,65,7,7
74421,85,81,4,4
74422,49,46,3,3
74423,72,70,2,2
74424,156,145,11,11
74425,75,56,19,19
74426,83,72,11,11
74427,107,96,11,11
74428,97,80,17,17
74429,108,93,15,15
74430,89,71,18,18
74431,103,103,0,0
74432,133,128,5,5
74433,56,49,7,7
74434,77,69,8,8
74435,88,82,6,6
74436,106,101,5,5
74437,134,121,13,13
74438,81,79,2,2
74439,126,109,17,17
74440,69,64,5,5
74441,120,141,-21,21
74442,121,112,9,9
74443,62,58,4,4
74444,85,73,12,12
74445,93,81,12,12
74446,111,97,14,14
74447,99,105,-6,6
74448,50,49,1,1
74449,98,106,-8,8
74450,83,68,15,15
74451,94,93,1,1
74452,144,123,21,21
74453,49,47,2,2
74454,46,40,6,6
74455,87,83,4,4
74456,80,74,6,6
74457,150,113,37,37
74458,67,66,1,1
74459,39,37,2,2
74460,82,69,13,13
74461,76,72,4,4
74462,56,52,4,4
74463,33,41,-8,8
74464,95,82,13,13
74465,67,53,14,14
74466,87,82,5,5
74467,101,84,17,17
74468,62,58,4,4
74469,62,68,-6,6
74470,93,77,16,16
74471,71,55,16,16
74472,79,72,7,7
74473,86,73,13,13
74474,70,63,7,7
74475,117,101,16,16
74476,51,55,-4,4
74477,168,136,32,32
74478,120,97,23,23
74479,99,83,16,16
74480,73,72,1,1
74481,120,106,14,14
74482,136,114,22,22
74483,57,63,-6,6
74484,89,74,15,15
74485,89,86,3,3
74486,81,78,3,3
74487,72,56,16,16
74488,104,88,16,16
74489,141,119,22,22
74490,79,70,9,9
74491,167,139,28,28
74492,86,76,10,10
74493,138,112,26,26
74494,66,60,6,6
74495,59,54,5,5
74496,110,108,2,2
74497,82,69,13,13
74498,92,83,9,9
74499,62,57,5,5
74500,82,65,17,17
74501,62,63,-1,1
74502,94,78,16,16
74503,135,137,-2,2
74504,227,212,15,15
74505,85,77,8,8
74506,74,74,0,0
74507,106,125,-19,19
74508,52,50,2,2
74509,96,103,-7,7
74510,97,88,9,9
74511,143,130,13,13
74512,84,63,21,21
74513,77,62,15,15
74514,49,49,0,0
74515,116,98,18,18
74516,67,86,-19,19
74517,74,72,2,2
74518,83,74,9,9
74519,77,68,9,9
74520,113,99,14,14
74521,125,105,20,20
74522,59,56,3,3
74523,62,61,1,1
74524,148,129,19,19
74525,56,59,-3,3
74526,85,83,2,2
74527,158,125,33,33
74528,79,78,1,1
74529,87,74,13,13
74530,115,130,-15,15
74531,62,56,6,6
74532,78,69,9,9
74533,107,89,18,18
74534,129,111,18,18
74535,109,91,18,18
74536,46,48,-2,2
74537,73,61,12,12
74538,47,42,5,5
74539,57,54,3,3
74540,136,123,13,13
74541,74,64,10,10
74542,73,65,8,8
74543,117,102,15,15
74544,64,38,26,26
74545,65,66,-1,1
74546,61,60,1,1
74547,40,46,-6,6
74548,84,73,11,11
74549,96,85,11,11
74550,108,87,21,21
74551,148,131,17,17
74552,111,99,12,12
74553,131,123,8,8
74554,55,56,-1,1
74555,132,112,20,20
74556,156,113,43,43
74557,68,60,8,8
74558,109,90,19,19
74559,65,56,9,9
74560,78,64,14,14
74561,136,110,26,26
74562,190,170,20,20
74563,157,137,20,20
74564,110,98,12,12
74565,50,53,-3,3
74566,123,118,5,5
74567,127,107,20,20
74568,88,80,8,8
74569,116,101,15,15
74570,85,82,3,3
74571,116,99,17,17
74572,181,150,31,31
74573,87,79,8,8
74574,135,124,11,11
74575,64,70,-6,6
74576,92,80,12,12
74577,59,57,2,2
74578,81,64,17,17
74579,71,64,7,7
74580,130,121,9,9
74581,96,79,17,17
74582,86,73,13,13
74583,107,110,-3,3
74584,118,98,20,20
74585,93,86,7,7
74586,88,82,6,6
74587,54,57,-3,3
74588,101,91,10,10
74589,58,56,2,2
74590,109,92,17,17
74591,106,100,6,6
74592,139,118,21,21
74593,50,51,-1,1
74594,168,146,22,22
74595,115,111,4,4
74596,70,67,3,3
74597,92,78,14,14
74598,133,112,21,21
74599,74,67,7,7
74600,159,146,13,13
74601,120,106,14,14
74602,84,91,-7,7
74603,103,99,4,4
74604,183,136,47,47
74605,139,112,27,27
74606,86,63,23,23
74607,82,77,5,5
74608,61,65,-4,4
74609,123,88,35,35
74610,87,80,7,7
74611,135,119,16,16
74612,99,82,17,17
74613,74,66,8,8
74614,74,72,2,2
74615,139,124,15,15
74616,85,75,10,10
74617,70,67,3,3
74618,106,91,15,15
74619,123,106,17,17
74620,100,90,10,10
74621,61,56,5,5
74622,92,82,10,10
74623,132,120,12,12
74624,59,58,1,1
74625,226,184,42,42
74626,84,67,17,17
74627,165,156,9,9
74628,83,82,1,1
74629,115,102,13,13
74630,159,130,29,29
74631,93,82,11,11
74632,126,118,8,8
74633,51,47,4,4
74634,118,103,15,15
74635,80,65,15,15
74636,161,130,31,31
74637,91,81,10,10
74638,83,76,7,7
74639,91,83,8,8
74640,234,190,44,44
74641,78,68,10,10
74642,101,86,15,15
74643,72,65,7,7
74644,92,69,23,23
74645,44,56,-12,12
74646,76,71,5,5
74647,106,90,16,16
74648,119,98,21,21
74649,111,87,24,24
74650,111,103,8,8
74651,105,87,18,18
74652,62,60,2,2
74653,113,103,10,10
74654,94,89,5,5
74655,155,129,26,26
74656,59,52,7,7
74657,86,89,-3,3
74658,61,58,3,3
74659,198,157,41,41
74660,83,75,8,8
74661,50,55,-5,5
74662,126,109,17,17
74663,95,79,16,16
74664,95,77,18,18
74665,24,36,-12,12
74666,90,85,5,5
74667,47,42,5,5
74668,64,67,-3,3
74669,107,99,8,8
74670,94,76,18,18
74671,77,70,7,7
74672,111,112,-1,1
74673,107,98,9,9
74674,33,38,-5,5
74675,73,65,8,8
74676,63,59,4,4
74677,90,85,5,5
74678,89,152,-63,63
74679,79,66,13,13
74680,128,113,15,15
74681,91,81,10,10
74682,114,94,20,20
74683,103,86,17,17
74684,61,45,16,16
74685,122,114,8,8
74686,114,100,14,14
74687,143,124,19,19
74688,75,69,6,6
74689,66,57,9,9
74690,90,81,9,9
74691,108,88,20,20
74692,74,69,5,5
74693,137,123,14,14
74694,121,97,24,24
74695,85,90,-5,5
74696,47,48,-1,1
74697,51,62,-11,11
74698,79,67,12,12
74699,80,68,12,12
74700,111,95,16,16
74701,126,119,7,7
74702,37,42,-5,5
74703,87,77,10,10
74704,102,92,10,10
74705,73,67,6,6
74706,81,85,-4,4
74707,85,67,18,18
74708,127,105,22,22
74709,127,104,23,23
74710,93,93,0,0
74711,122,109,13,13
74712,175,137,38,38
74713,96,86,10,10
74714,88,75,13,13
74715,162,128,34,34
74716,124,119,5,5
74717,42,41,1,1
74718,90,80,10,10
74719,91,83,8,8
74720,129,113,16,16
74721,53,53,0,0
74722,75,69,6,6
74723,88,84,4,4
74724,70,57,13,13
74725,185,159,26,26
74726,105,89,16,16
74727,128,105,23,23
74728,103,89,14,14
74729,100,95,5,5
74730,71,67,4,4
74731,157,122,35,35
74732,103,98,5,5
74733,118,105,13,13
74734,140,157,-17,17
74735,102,95,7,7
74736,71,61,10,10
74737,143,129,14,14
74738,58,58,0,0
74739,96,91,5,5
74740,112,100,12,12
74741,85,76,9,9
74742,92,93,-1,1
74743,81,79,2,2
74744,102,89,13,13
74745,43,53,-10,10
74746,87,74,13,13
74747,118,105,13,13
74748,85,68,17,17
74749,100,92,8,8
74750,83,82,1,1
74751,83,61,22,22
74752,89,78,11,11
74753,50,50,0,0
74754,134,115,19,19
74755,65,53,12,12
74756,72,74,-2,2
74757,75,63,12,12
74758,78,69,9,9
74759,81,78,3,3
74760,105,98,7,7
74761,67,56,11,11
74762,136,64,72,72
74763,86,90,-4,4
74764,139,118,21,21
74765,78,68,10,10
74766,38,36,2,2
74767,78,67,11,11
74768,59,51,8,8
74769,91,77,14,14
74770,152,129,23,23
74771,148,138,10,10
74772,108,95,13,13
74773,77,67,10,10
74774,83,70,13,13
74775,89,75,14,14
74776,104,85,19,19
74777,117,107,10,10
74778,151,131,20,20
74779,45,50,-5,5
74780,60,49,11,11
74781,125,112,13,13
74782,41,47,-6,6
74783,49,47,2,2
74784,140,117,23,23
74785,90,84,6,6
74786,93,84,9,9
74787,100,78,22,22
74788,125,104,21,21
74789,114,105,9,9
74790,128,114,14,14
74791,60,56,4,4
74792,191,154,37,37
74793,140,129,11,11
74794,82,85,-3,3
74795,76,63,13,13
74796,117,105,12,12
74797,83,79,4,4
74798,82,73,9,9
74799,122,113,9,9
74800,60,60,0,0
74801,117,101,16,16
74802,96,82,14,14
74803,115,103,12,12
74804,134,118,16,16
74805,109,97,12,12
74806,91,71,20,20
74807,72,67,5,5
74808,96,83,13,13
74809,80,75,5,5
74810,71,67,4,4
74811,95,77,18,18
74812,101,92,9,9
74813,67,59,8,8
74814,87,87,0,0
74815,89,81,8,8
74816,62,59,3,3
74817,126,137,-11,11
74818,78,76,2,2
74819,100,92,8,8
74820,96,84,12,12
74821,100,89,11,11
74822,59,59,0,0
74823,93,81,12,12
74824,120,105,15,15
74825,70,66,4,4
74826,46,42,4,4
74827,153,129,24,24
74828,91,82,9,9
74829,94,88,6,6
74830,74,81,-7,7
74831,87,70,17,17
74832,76,69,7,7
74833,56,53,3,3
74834,104,108,-4,4
74835,126,110,16,16
74836,115,102,13,13
74837,107,99,8,8
74838,41,46,-5,5
74839,75,63,12,12
74840,76,76,0,0
74841,75,71,4,4
74842,50,50,0,0
74843,118,105,13,13
74844,131,115,16,16
74845,92,121,-29,29
74846,113,94,19,19
74847,126,99,27,27
74848,65,65,0,0
74849,128,111,17,17
74850,89,81,8,8
74851,100,86,14,14
74852,85,73,12,12
74853,166,133,33,33
74854,100,101,-1,1
74855,119,107,12,12
74856,72,64,8,8
74857,78,70,8,8
74858,70,60,10,10
74859,84,75,9,9
74860,56,51,5,5
74861,18,30,-12,12
74862,75,70,5,5
74863,107,104,3,3
74864,86,76,10,10
74865,128,114,14,14
74866,99,94,5,5
74867,69,69,0,0
74868,130,109,21,21
74869,127,110,17,17
74870,188,156,32,32
74871,99,90,9,9
74872,83,73,10,10
74873,105,86,19,19
74874,56,56,0,0
74875,84,76,8,8
74876,43,47,-4,4
74877,104,105,-1,1
74878,93,85,8,8
74879,111,105,6,6
74880,106,106,0,0
74881,77,68,9,9
74882,74,62,12,12
74883,138,120,18,18
74884,47,45,2,2
74885,158,134,24,24
74886,111,100,11,11
74887,84,79,5,5
74888,129,123,6,6
74889,76,74,2,2
74890,84,73,11,11
74891,67,62,5,5
74892,61,51,10,10
74893,107,91,16,16
74894,79,63,16,16
74895,112,108,4,4
74896,53,50,3,3
74897,84,75,9,9
74898,46,48,-2,2
74899,115,98,17,17
74900,48,39,9,9
74901,51,49,2,2
74902,73,75,-2,2
74903,81,91,-10,10
74904,53,52,1,1
74905,144,124,20,20
74906,93,79,14,14
74907,63,70,-7,7
74908,47,41,6,6
74909,117,95,22,22
74910,172,124,48,48
74911,57,58,-1,1
74912,143,123,20,20
74913,108,99,9,9
74914,140,115,25,25
74915,70,65,5,5
74916,96,85,11,11
74917,107,99,8,8
74918,116,99,17,17
74919,120,108,12,12
74920,60,50,10,10
74921,77,75,2,2
74922,112,103,9,9
74923,97,96,1,1
74924,183,168,15,15
74925,95,84,11,11
74926,92,79,13,13
74927,76,80,-4,4
74928,99,91,8,8
74929,85,69,16,16
74930,76,72,4,4
74931,93,87,6,6
74932,50,52,-2,2
74933,55,55,0,0
74934,88,80,8,8
74935,97,97,0,0
74936,83,73,10,10
74937,54,48,6,6
74938,86,74,12,12
74939,77,75,2,2
74940,282,280,2,2
74941,136,114,22,22
74942,91,72,19,19
74943,150,146,4,4
74944,66,63,3,3
74945,71,71,0,0
74946,87,76,11,11
74947,87,82,5,5
74948,119,107,12,12
74949,148,121,27,27
74950,117,100,17,17
74951,85,77,8,8
74952,97,85,12,12
74953,49,51,-2,2
74954,103,95,8,8
74955,38,38,0,0
74956,86,87,-1,1
74957,49,44,5,5
74958,103,89,14,14
74959,103,123,-20,20
74960,45,47,-2,2
74961,103,91,12,12
74962,83,72,11,11
74963,95,79,16,16
74964,60,65,-5,5
74965,102,96,6,6
74966,138,130,8,8
74967,83,74,9,9
74968,95,89,6,6
74969,96,83,13,13
74970,150,134,16,16
74971,53,46,7,7
74972,133,107,26,26
74973,45,46,-1,1
74974,50,47,3,3
74975,35,76,-41,41
74976,103,85,18,18
74977,58,52,6,6
74978,72,69,3,3
74979,100,96,4,4
74980,95,79,16,16
74981,109,88,21,21
74982,57,67,-10,10
74983,68,78,-10,10
74984,89,76,13,13
74985,129,109,20,20
74986,118,103,15,15
74987,114,101,13,13
74988,112,97,15,15
74989,103,88,15,15
74990,95,83,12,12
74991,130,122,8,8
74992,95,76,19,19
74993,129,109,20,20
74994,84,74,10,10
74995,103,98,5,5
74996,146,131,15,15
74997,84,81,3,3
74998,143,121,22,22
74999,84,80,4,4
75000,69,71,-2,2
75001,94,91,3,3
75002,56,66,-10,10
75003,133,117,16,16
75004,49,57,-8,8
75005,58,48,10,10
75006,122,99,23,23
75007,117,106,11,11
75008,87,77,10,10
75009,113,102,11,11
75010,60,58,2,2
75011,65,59,6,6
75012,103,91,12,12
75013,152,121,31,31
75014,121,108,13,13
75015,119,103,16,16
75016,47,50,-3,3
75017,113,94,19,19
75018,101,91,10,10
75019,73,75,-2,2
75020,88,89,-1,1
75021,156,124,32,32
75022,99,82,17,17
75023,86,79,7,7
75024,101,92,9,9
75025,91,80,11,11
75026,59,56,3,3
75027,72,68,4,4
75028,111,86,25,25
75029,108,95,13,13
75030,78,72,6,6
75031,63,67,-4,4
75032,97,89,8,8
75033,76,68,8,8
75034,94,95,-1,1
75035,83,73,10,10
75036,72,64,8,8
75037,113,88,25,25
75038,126,110,16,16
75039,86,87,-1,1
75040,67,56,11,11
75041,149,125,24,24
75042,89,75,14,14
75043,115,101,14,14
75044,111,90,21,21
75045,135,124,11,11
75046,54,53,1,1
75047,123,112,11,11
75048,82,79,3,3
75049,26,36,-10,10
75050,66,60,6,6
75051,117,96,21,21
75052,135,132,3,3
75053,70,59,11,11
75054,59,53,6,6
75055,141,123,18,18
75056,64,56,8,8
75057,126,115,11,11
75058,97,84,13,13
75059,54,49,5,5
75060,99,88,11,11
75061,138,113,25,25
75062,130,118,12,12
75063,111,82,29,29
75064,81,75,6,6
75065,97,85,12,12
75066,146,125,21,21
75067,92,77,15,15
75068,68,55,13,13
75069,70,66,4,4
75070,79,64,15,15
75071,57,61,-4,4
75072,70,61,9,9
75073,52,53,-1,1
75074,82,82,0,0
75075,72,68,4,4
75076,86,73,13,13
75077,124,101,23,23
75078,71,64,7,7
75079,75,56,19,19
75080,111,92,19,19
75081,85,71,14,14
75082,77,68,9,9
75083,116,107,9,9
75084,121,116,5,5
75085,63,57,6,6
75086,65,56,9,9
75087,92,85,7,7
75088,115,98,17,17
75089,62,55,7,7
75090,90,78,12,12
75091,50,49,1,1
75092,81,75,6,6
75093,33,37,-4,4
75094,141,120,21,21
75095,51,51,0,0
75096,32,44,-12,12
75097,89,94,-5,5
75098,117,100,17,17
75099,97,92,5,5
75100,92,75,17,17
75101,71,65,6,6
75102,76,71,5,5
75103,42,50,-8,8
75104,84,84,0,0
75105,87,84,3,3
75106,153,131,22,22
75107,91,83,8,8
75108,59,80,-21,21
75109,69,62,7,7
75110,109,90,19,19
75111,115,98,17,17
75112,169,150,19,19
75113,67,64,3,3
75114,96,86,10,10
75115,94,83,11,11
75116,173,131,42,42
75117,96,83,13,13
75118,127,100,27,27
75119,58,53,5,5
75120,69,60,9,9
75121,68,63,5,5
75122,141,121,20,20
75123,110,122,-12,12
75124,46,82,-36,36
75125,56,107,-51,51
75126,99,97,2,2
75127,117,101,16,16
75128,53,50,3,3
75129,92,83,9,9
75130,100,99,1,1
75131,100,80,20,20
75132,92,90,2,2
75133,67,60,7,7
75134,148,116,32,32
75135,122,111,11,11
75136,162,134,28,28
75137,86,78,8,8
75138,165,133,32,32
75139,106,86,20,20
75140,84,90,-6,6
75141,97,86,11,11
75142,61,55,6,6
75143,187,165,22,22
75144,153,145,8,8
75145,57,60,-3,3
75146,101,90,11,11
75147,154,116,38,38
75148,108,96,12,12
75149,55,49,6,6
75150,113,92,21,21
75151,55,53,2,2
75152,101,81,20,20
75153,91,85,6,6
75154,89,79,10,10
75155,96,80,16,16
75156,52,58,-6,6
75157,54,51,3,3
75158,69,64,5,5
75159,95,98,-3,3
75160,88,75,13,13
75161,126,111,15,15
75162,82,83,-1,1
75163,76,74,2,2
75164,112,94,18,18
75165,117,99,18,18
75166,113,101,12,12
75167,97,81,16,16
75168,98,89,9,9
75169,83,73,10,10
75170,76,64,12,12
75171,80,69,11,11
75172,111,96,15,15
75173,135,115,20,20
75174,62,60,2,2
75175,140,123,17,17
75176,68,63,5,5
75177,141,128,13,13
75178,53,55,-2,2
75179,140,125,15,15
75180,74,65,9,9
75181,70,65,5,5
75182,78,80,-2,2
75183,103,89,14,14
75184,97,87,10,10
75185,75,67,8,8
75186,143,127,16,16
75187,163,140,23,23
75188,71,63,8,8
75189,58,51,7,7
75190,69,63,6,6
75191,72,65,7,7
75192,158,142,16,16
75193,93,88,5,5
75194,80,72,8,8
75195,142,118,24,24
75196,46,56,-10,10
75197,76,68,8,8
75198,129,144,-15,15
75199,82,73,9,9
75200,146,120,26,26
75201,93,84,9,9
75202,113,96,17,17
75203,142,134,8,8
75204,72,63,9,9
75205,74,65,9,9
75206,88,95,-7,7
75207,105,100,5,5
75208,110,101,9,9
75209,83,74,9,9
75210,27,50,-23,23
75211,136,118,18,18
75212,81,72,9,9
75213,98,83,15,15
75214,120,104,16,16
75215,92,75,17,17
75216,145,112,33,33
75217,137,117,20,20
75218,103,98,5,5
75219,121,117,4,4
75220,54,63,-9,9
75221,112,98,14,14
75222,76,72,4,4
75223,89,77,12,12
75224,160,119,41,41
75225,28,43,-15,15
75226,76,65,11,11
75227,165,139,26,26
75228,100,82,18,18
75229,152,124,28,28
75230,82,81,1,1
75231,94,78,16,16
75232,60,58,2,2
75233,125,110,15,15
75234,69,65,4,4
75235,120,91,29,29
75236,91,80,11,11
75237,96,80,16,16
75238,45,48,-3,3
75239,56,55,1,1
75240,76,67,9,9
75241,75,68,7,7
75242,79,72,7,7
75243,124,107,17,17
75244,106,89,17,17
75245,122,103,19,19
75246,51,51,0,0
75247,69,63,6,6
75248,85,90,-5,5
75249,115,130,-15,15
75250,115,95,20,20
75251,115,98,17,17
75252,60,63,-3,3
75253,76,68,8,8
75254,32,37,-5,5
75255,79,73,6,6
75256,44,46,-2,2
75257,58,56,2,2
75258,130,113,17,17
75259,132,112,20,20
75260,79,72,7,7
75261,92,86,6,6
75262,144,126,18,18
75263,54,55,-1,1
75264,133,105,28,28
75265,64,68,-4,4
75266,92,81,11,11
75267,156,134,22,22
75268,58,53,5,5
75269,82,67,15,15
75270,86,76,10,10
75271,173,150,23,23
75272,94,80,14,14
75273,60,60,0,0
75274,108,94,14,14
75275,126,109,17,17
75276,56,51,5,5
75277,98,91,7,7
75278,92,73,19,19
75279,117,96,21,21
75280,52,45,7,7
75281,94,79,15,15
75282,78,68,10,10
75283,76,91,-15,15
75284,67,59,8,8
75285,124,116,8,8
75286,128,115,13,13
75287,73,59,14,14
75288,62,52,10,10
75289,100,95,5,5
75290,130,118,12,12
75291,61,60,1,1
75292,262,200,62,62
75293,60,54,6,6
75294,102,99,3,3
75295,57,51,6,6
75296,97,91,6,6
75297,84,80,4,4
75298,61,80,-19,19
75299,135,110,25,25
75300,104,78,26,26
75301,79,71,8,8
75302,187,141,46,46
75303,62,55,7,7
75304,94,81,13,13
75305,94,93,1,1
75306,94,75,19,19
75307,126,104,22,22
75308,126,101,25,25
75309,108,91,17,17
75310,60,47,13,13
75311,93,96,-3,3
75312,53,54,-1,1
75313,61,56,5,5
75314,79,70,9,9
75315,74,65,9,9
75316,50,47,3,3
75317,75,53,22,22
75318,40,45,-5,5
75319,47,43,4,4
75320,78,74,4,4
75321,51,50,1,1
75322,97,88,9,9
75323,54,49,5,5
75324,100,90,10,10
75325,91,79,12,12
75326,48,51,-3,3
75327,46,44,2,2
75328,153,134,19,19
75329,123,110,13,13
75330,52,56,-4,4
75331,92,75,17,17
75332,71,72,-1,1
75333,141,116,25,25
75334,46,39,7,7
75335,72,68,4,4
75336,84,72,12,12
75337,82,81,1,1
75338,78,69,9,9
75339,77,63,14,14
75340,93,71,22,22
75341,47,49,-2,2
75342,67,62,5,5
75343,67,61,6,6
75344,113,95,18,18
75345,179,153,26,26
75346,95,86,9,9
75347,164,145,19,19
75348,45,45,0,0
75349,127,105,22,22
75350,118,115,3,3
75351,96,80,16,16
75352,57,52,5,5
75353,151,130,21,21
75354,69,76,-7,7
75355,79,70,9,9
75356,86,76,10,10
75357,186,158,28,28
75358,147,118,29,29
75359,109,102,7,7
75360,97,78,19,19
75361,110,93,17,17
75362,69,62,7,7
75363,65,64,1,1
75364,119,99,20,20
75365,58,59,-1,1
75366,77,68,9,9
75367,97,88,9,9
75368,95,86,9,9
75369,123,112,11,11
75370,107,118,-11,11
75371,117,102,15,15
75372,72,76,-4,4
75373,119,100,19,19
75374,103,87,16,16
75375,129,119,10,10
75376,83,70,13,13
75377,248,215,33,33
75378,93,77,16,16
75379,129,117,12,12
75380,68,69,-1,1
75381,117,104,13,13
75382,87,79,8,8
75383,118,97,21,21
75384,98,82,16,16
75385,103,95,8,8
75386,69,63,6,6
75387,110,91,19,19
75388,125,105,20,20
75389,113,100,13,13
75390,112,98,14,14
75391,81,68,13,13
75392,86,80,6,6
75393,148,121,27,27
75394,102,84,18,18
75395,31,35,-4,4
75396,64,62,2,2
75397,114,105,9,9
75398,87,81,6,6
75399,127,100,27,27
75400,91,89,2,2
75401,74,62,12,12
75402,175,142,33,33
75403,223,156,67,67
75404,87,69,18,18
75405,67,59,8,8
75406,59,49,10,10
75407,104,83,21,21
75408,64,79,-15,15
75409,149,139,10,10
75410,125,108,17,17
75411,45,43,2,2
75412,93,87,6,6
75413,86,81,5,5
75414,80,68,12,12
75415,73,57,16,16
75416,92,77,15,15
75417,120,128,-8,8
75418,126,106,20,20
75419,73,68,5,5
75420,54,55,-1,1
75421,65,62,3,3
75422,100,90,10,10
75423,105,88,17,17
75424,85,72,13,13
75425,100,83,17,17
75426,81,80,1,1
75427,67,62,5,5
75428,174,147,27,27
75429,132,110,22,22
75430,127,92,35,35
75431,96,90,6,6
75432,73,67,6,6
75433,86,74,12,12
75434,73,66,7,7
75435,124,108,16,16
75436,75,66,9,9
75437,49,56,-7,7
75438,99,116,-17,17
75439,55,50,5,5
75440,141,111,30,30
75441,62,67,-5,5
75442,75,72,3,3
75443,99,87,12,12
75444,97,84,13,13
75445,104,93,11,11
75446,96,81,15,15
75447,122,108,14,14
75448,101,69,32,32
75449,109,100,9,9
75450,111,101,10,10
75451,99,82,17,17
75452,77,77,0,0
75453,118,115,3,3
75454,89,75,14,14
75455,75,75,0,0
75456,59,57,2,2
75457,57,59,-2,2
75458,99,81,18,18
75459,88,69,19,19
75460,106,86,20,20
75461,101,93,8,8
75462,131,113,18,18
75463,127,109,18,18
75464,65,54,11,11
75465,101,81,20,20
75466,140,118,22,22
75467,122,107,15,15
75468,80,73,7,7
75469,128,119,9,9
75470,85,77,8,8
75471,111,99,12,12
75472,78,78,0,0
75473,93,81,12,12
75474,42,43,-1,1
75475,66,50,16,16
75476,95,91,4,4
75477,90,68,22,22
75478,100,94,6,6
75479,82,72,10,10
75480,67,69,-2,2
75481,105,87,18,18
75482,110,92,18,18
75483,56,56,0,0
75484,37,35,2,2
75485,65,62,3,3
75486,72,64,8,8
75487,106,95,11,11
75488,99,89,10,10
75489,104,91,13,13
75490,87,79,8,8
75491,76,75,1,1
75492,53,44,9,9
75493,57,57,0,0
75494,69,57,12,12
75495,83,71,12,12
75496,56,57,-1,1
75497,78,70,8,8
75498,95,92,3,3
75499,78,69,9,9
75500,74,65,9,9
75501,82,97,-15,15
75502,95,81,14,14
75503,85,76,9,9
75504,63,64,-1,1
75505,124,110,14,14
75506,67,54,13,13
75507,112,100,12,12
75508,94,84,10,10
75509,69,61,8,8
75510,121,115,6,6
75511,82,76,6,6
75512,111,94,17,17
75513,126,110,16,16
75514,74,63,11,11
75515,81,70,11,11
75516,100,88,12,12
75517,148,119,29,29
75518,88,79,9,9
75519,70,61,9,9
75520,150,120,30,30
75521,88,75,13,13
75522,28,31,-3,3
75523,93,77,16,16
75524,96,94,2,2
75525,90,79,11,11
75526,150,139,11,11
75527,75,74,1,1
75528,93,96,-3,3
75529,150,130,20,20
75530,123,95,28,28
75531,133,119,14,14
75532,69,78,-9,9
75533,167,127,40,40
75534,46,42,4,4
75535,92,85,7,7
75536,54,49,5,5
75537,154,124,30,30
75538,45,44,1,1
75539,137,118,19,19
75540,115,97,18,18
75541,99,79,20,20
75542,93,79,14,14
75543,83,70,13,13
75544,115,92,23,23
75545,23,51,-28,28
75546,92,84,8,8
75547,85,80,5,5
75548,80,66,14,14
75549,190,169,21,21
75550,95,81,14,14
75551,153,121,32,32
75552,83,79,4,4
75553,51,49,2,2
75554,85,76,9,9
75555,85,79,6,6
75556,59,63,-4,4
75557,172,143,29,29
75558,53,53,0,0
75559,128,102,26,26
75560,72,65,7,7
75561,130,110,20,20
75562,54,54,0,0
75563,145,109,36,36
75564,94,91,3,3
75565,111,97,14,14
75566,35,45,-10,10
75567,74,71,3,3
75568,85,86,-1,1
75569,129,109,20,20
75570,49,54,-5,5
75571,56,59,-3,3
75572,99,86,13,13
75573,79,86,-7,7
75574,129,110,19,19
75575,74,68,6,6
75576,78,80,-2,2
75577,70,68,2,2
75578,157,154,3,3
75579,98,90,8,8
75580,66,64,2,2
75581,75,70,5,5
75582,76,66,10,10
75583,94,91,3,3
75584,100,82,18,18
75585,50,47,3,3
75586,98,87,11,11
75587,96,91,5,5
75588,134,120,14,14
75589,108,87,21,21
75590,212,181,31,31
75591,138,122,16,16
75592,88,76,12,12
75593,12,26,-14,14
75594,66,60,6,6
75595,98,79,19,19
75596,110,95,15,15
75597,75,66,9,9
75598,146,136,10,10
75599,176,164,12,12
75600,91,77,14,14
75601,88,76,12,12
75602,51,49,2,2
75603,190,155,35,35
75604,128,115,13,13
75605,74,68,6,6
75606,83,77,6,6
75607,64,59,5,5
75608,127,113,14,14
75609,130,106,24,24
75610,95,78,17,17
75611,66,126,-60,60
75612,46,45,1,1
75613,79,73,6,6
75614,110,102,8,8
75615,116,101,15,15
75616,68,66,2,2
75617,70,82,-12,12
75618,59,69,-10,10
75619,107,85,22,22
75620,77,79,-2,2
75621,97,107,-10,10
75622,160,134,26,26
75623,130,125,5,5
75624,60,55,5,5
75625,104,86,18,18
75626,91,81,10,10
75627,89,91,-2,2
75628,49,49,0,0
75629,155,137,18,18
75630,94,83,11,11
75631,146,131,15,15
75632,87,83,4,4
75633,127,109,18,18
75634,79,76,3,3
75635,93,83,10,10
75636,121,111,10,10
75637,74,63,11,11
75638,113,101,12,12
75639,163,136,27,27
75640,122,98,24,24
75641,118,108,10,10
75642,56,51,5,5
75643,129,109,20,20
75644,128,106,22,22
75645,159,131,28,28
75646,62,66,-4,4
75647,108,100,8,8
75648,72,64,8,8
75649,79,74,5,5
75650,166,145,21,21
75651,62,66,-4,4
75652,144,132,12,12
75653,129,109,20,20
75654,72,64,8,8
75655,93,76,17,17
75656,86,86,0,0
75657,126,106,20,20
75658,86,76,10,10
75659,87,77,10,10
75660,183,154,29,29
75661,68,64,4,4
75662,80,69,11,11
75663,63,66,-3,3
75664,61,60,1,1
75665,103,92,11,11
75666,46,46,0,0
75667,107,89,18,18
75668,127,112,15,15
75669,89,76,13,13
75670,104,91,13,13
75671,82,79,3,3
75672,114,105,9,9
75673,82,73,9,9
75674,109,101,8,8
75675,105,95,10,10
75676,67,63,4,4
75677,64,57,7,7
75678,109,94,15,15
75679,50,49,1,1
75680,49,48,1,1
75681,89,83,6,6
75682,163,139,24,24
75683,64,65,-1,1
75684,180,149,31,31
75685,73,111,-38,38
75686,155,132,23,23
75687,106,97,9,9
75688,102,87,15,15
75689,142,124,18,18
75690,62,56,6,6
75691,93,85,8,8
75692,125,95,30,30
75693,71,65,6,6
75694,62,66,-4,4
75695,129,113,16,16
75696,109,109,0,0
75697,174,145,29,29
75698,103,94,9,9
75699,124,100,24,24
75700,74,73,1,1
75701,96,81,15,15
75702,112,96,16,16
75703,78,73,5,5
75704,59,54,5,5
75705,54,53,1,1
75706,86,75,11,11
75707,99,100,-1,1
75708,120,119,1,1
75709,134,115,19,19
75710,141,116,25,25
75711,99,92,7,7
75712,92,81,11,11
75713,121,107,14,14
75714,74,66,8,8
75715,101,81,20,20
75716,14,85,-71,71
75717,80,72,8,8
75718,88,74,14,14
75719,60,59,1,1
75720,112,101,11,11
75721,153,120,33,33
75722,108,93,15,15
75723,98,88,10,10
75724,78,86,-8,8
75725,115,128,-13,13
75726,71,62,9,9
75727,129,113,16,16
75728,56,55,1,1
75729,68,60,8,8
75730,80,71,9,9
75731,110,108,2,2
75732,86,85,1,1
75733,139,119,20,20
75734,125,107,18,18
75735,73,69,4,4
75736,122,101,21,21
75737,99,89,10,10
75738,78,66,12,12
75739,150,126,24,24
75740,112,84,28,28
75741,95,90,5,5
75742,85,74,11,11
75743,67,65,2,2
75744,91,77,14,14
75745,110,89,21,21
75746,88,67,21,21
75747,115,115,0,0
75748,78,72,6,6
75749,89,91,-2,2
75750,71,63,8,8
75751,65,55,10,10
75752,67,74,-7,7
75753,144,115,29,29
75754,98,89,9,9
75755,78,68,10,10
75756,130,119,11,11
75757,75,71,4,4
75758,83,71,12,12
75759,72,62,10,10
75760,106,93,13,13
75761,44,45,-1,1
75762,108,95,13,13
75763,80,65,15,15
75764,98,92,6,6
75765,97,84,13,13
75766,124,121,3,3
75767,96,78,18,18
75768,71,66,5,5
75769,118,104,14,14
75770,115,96,19,19
75771,88,76,12,12
75772,104,91,13,13
75773,75,63,12,12
75774,115,98,17,17
75775,94,75,19,19
75776,97,86,11,11
75777,71,66,5,5
75778,73,77,-4,4
75779,64,62,2,2
75780,61,58,3,3
75781,46,43,3,3
75782,81,74,7,7
75783,56,54,2,2
75784,99,85,14,14
75785,131,125,6,6
75786,75,84,-9,9
75787,74,61,13,13
75788,111,95,16,16
75789,136,113,23,23
75790,81,70,11,11
75791,50,49,1,1
75792,95,84,11,11
75793,108,105,3,3
75794,62,96,-34,34
75795,78,69,9,9
75796,92,83,9,9
75797,42,43,-1,1
75798,102,95,7,7
75799,104,98,6,6
75800,55,62,-7,7
75801,69,67,2,2
75802,90,82,8,8
75803,63,65,-2,2
75804,101,96,5,5
75805,43,41,2,2
75806,69,69,0,0
75807,109,96,13,13
75808,142,129,13,13
75809,140,122,18,18
75810,67,63,4,4
75811,62,58,4,4
75812,114,92,22,22
75813,107,97,10,10
75814,85,89,-4,4
75815,167,146,21,21
75816,163,147,16,16
75817,85,81,4,4
75818,73,70,3,3
75819,109,92,17,17
75820,61,60,1,1
75821,77,75,2,2
75822,207,158,49,49
75823,99,90,9,9
75824,182,149,33,33
75825,99,87,12,12
75826,83,78,5,5
75827,75,72,3,3
75828,139,119,20,20
75829,47,44,3,3
75830,65,72,-7,7
75831,143,111,32,32
75832,73,71,2,2
75833,79,74,5,5
75834,85,69,16,16
75835,88,83,5,5
75836,141,117,24,24
75837,71,84,-13,13
75838,96,83,13,13
75839,153,126,27,27
75840,133,108,25,25
75841,80,77,3,3
75842,171,154,17,17
75843,125,114,11,11
75844,91,76,15,15
75845,61,59,2,2
75846,131,107,24,24
75847,136,105,31,31
75848,58,53,5,5
75849,93,80,13,13
75850,88,80,8,8
75851,68,63,5,5
75852,129,112,17,17
75853,127,103,24,24
75854,98,128,-30,30
75855,87,79,8,8
75856,84,76,8,8
75857,51,77,-26,26
75858,72,64,8,8
75859,144,124,20,20
75860,96,87,9,9
75861,61,52,9,9
75862,86,74,12,12
75863,78,67,11,11
75864,51,51,0,0
75865,151,129,22,22
75866,109,89,20,20
75867,108,103,5,5
75868,80,68,12,12
75869,67,54,13,13
75870,125,125,0,0
75871,75,65,10,10
75872,176,152,24,24
75873,105,92,13,13
75874,82,79,3,3
75875,146,129,17,17
75876,49,81,-32,32
75877,68,76,-8,8
75878,119,108,11,11
75879,40,41,-1,1
75880,118,106,12,12
75881,65,59,6,6
75882,92,87,5,5
75883,69,59,10,10
75884,110,93,17,17
75885,94,80,14,14
75886,152,158,-6,6
75887,118,103,15,15
75888,72,66,6,6
75889,141,115,26,26
75890,43,45,-2,2
75891,122,100,22,22
75892,73,69,4,4
75893,92,81,11,11
75894,101,101,0,0
75895,66,59,7,7
75896,70,63,7,7
75897,43,42,1,1
75898,84,69,15,15
75899,83,87,-4,4
75900,71,62,9,9
75901,97,76,21,21
75902,116,102,14,14
75903,107,105,2,2
75904,152,128,24,24
75905,130,132,-2,2
75906,49,46,3,3
75907,111,93,18,18
75908,124,99,25,25
75909,75,66,9,9
75910,112,115,-3,3
75911,111,105,6,6
75912,97,86,11,11
75913,47,40,7,7
75914,114,86,28,28
75915,107,99,8,8
75916,93,83,10,10
75917,107,94,13,13
75918,114,102,12,12
75919,124,118,6,6
75920,133,106,27,27
75921,64,58,6,6
75922,80,74,6,6
75923,155,126,29,29
75924,98,97,1,1
75925,82,66,16,16
75926,50,48,2,2
75927,64,56,8,8
75928,97,92,5,5
75929,123,103,20,20
75930,46,49,-3,3
75931,78,64,14,14
75932,122,109,13,13
75933,181,143,38,38
75934,64,63,1,1
75935,56,53,3,3
75936,72,75,-3,3
75937,141,120,21,21
75938,126,109,17,17
75939,71,58,13,13
75940,81,65,16,16
75941,137,112,25,25
75942,91,80,11,11
75943,117,100,17,17
75944,160,139,21,21
75945,101,80,21,21
75946,55,59,-4,4
75947,104,97,7,7
75948,72,66,6,6
75949,165,143,22,22
75950,74,65,9,9
75951,72,67,5,5
75952,138,105,33,33
75953,87,86,1,1
75954,66,59,7,7
75955,78,71,7,7
75956,80,69,11,11
75957,111,104,7,7
75958,132,117,15,15
75959,70,61,9,9
75960,96,84,12,12
75961,127,110,17,17
75962,121,107,14,14
75963,57,51,6,6
75964,203,171,32,32
75965,94,84,10,10
75966,81,85,-4,4
75967,52,48,4,4
75968,150,124,26,26
75969,83,103,-20,20
75970,99,83,16,16
75971,64,58,6,6
75972,79,71,8,8
75973,81,74,7,7
75974,47,48,-1,1
75975,54,54,0,0
75976,152,123,29,29
75977,44,47,-3,3
75978,87,76,11,11
75979,161,136,25,25
75980,83,74,9,9
75981,75,70,5,5
75982,111,105,6,6
75983,60,52,8,8
75984,98,83,15,15
75985,74,72,2,2
75986,81,68,13,13
75987,113,100,13,13
75988,110,92,18,18
75989,84,78,6,6
75990,57,52,5,5
75991,70,65,5,5
75992,175,140,35,35
75993,95,88,7,7
75994,94,85,9,9
75995,107,94,13,13
75996,75,75,0,0
75997,85,86,-1,1
75998,162,127,35,35
75999,93,84,9,9
76000,73,70,3,3
76001,86,79,7,7
76002,179,149,30,30
76003,202,172,30,30
76004,98,92,6,6
76005,85,80,5,5
76006,37,43,-6,6
76007,121,102,19,19
76008,128,105,23,23
76009,87,87,0,0
76010,141,128,13,13
76011,70,62,8,8
76012,151,139,12,12
76013,116,98,18,18
76014,81,70,11,11
76015,81,66,15,15
76016,89,83,6,6
76017,124,96,28,28
76018,94,86,8,8
76019,56,60,-4,4
76020,151,133,18,18
76021,157,132,25,25
76022,70,66,4,4
76023,154,130,24,24
76024,130,113,17,17
76025,121,102,19,19
76026,119,108,11,11
76027,94,89,5,5
76028,62,66,-4,4
76029,99,82,17,17
76030,82,68,14,14
76031,145,127,18,18
76032,107,107,0,0
76033,107,97,10,10
76034,128,106,22,22
76035,52,51,1,1
76036,103,91,12,12
76037,70,65,5,5
76038,161,142,19,19
76039,74,68,6,6
76040,70,65,5,5
76041,114,94,20,20
76042,150,132,18,18
76043,105,105,0,0
76044,119,117,2,2
76045,71,69,2,2
76046,102,87,15,15
76047,43,53,-10,10
76048,84,77,7,7
76049,70,69,1,1
76050,82,72,10,10
76051,74,61,13,13
76052,98,85,13,13
76053,55,58,-3,3
76054,110,100,10,10
76055,145,134,11,11
76056,80,69,11,11
76057,137,113,24,24
76058,77,80,-3,3
76059,80,68,12,12
76060,73,60,13,13
76061,83,70,13,13
76062,100,84,16,16
76063,85,73,12,12
76064,101,95,6,6
76065,79,73,6,6
76066,89,86,3,3
76067,60,58,2,2
76068,112,87,25,25
76069,173,149,24,24
76070,60,53,7,7
76071,41,37,4,4
76072,57,60,-3,3
76073,88,81,7,7
76074,101,85,16,16
76075,82,66,16,16
76076,100,88,12,12
76077,85,77,8,8
76078,117,91,26,26
76079,83,77,6,6
76080,162,128,34,34
76081,59,53,6,6
76082,127,106,21,21
76083,170,136,34,34
76084,114,94,20,20
76085,111,94,17,17
76086,44,42,2,2
76087,91,88,3,3
76088,76,74,2,2
76089,64,63,1,1
76090,67,57,10,10
76091,135,112,23,23
76092,75,66,9,9
76093,110,95,15,15
76094,84,72,12,12
76095,77,68,9,9
76096,97,89,8,8
76097,85,83,2,2
76098,61,53,8,8
76099,86,76,10,10
76100,75,65,10,10
76101,83,99,-16,16
76102,168,145,23,23
76103,97,88,9,9
76104,64,61,3,3
76105,126,106,20,20
76106,85,80,5,5
76107,111,101,10,10
76108,87,75,12,12
76109,101,98,3,3
76110,162,109,53,53
76111,143,127,16,16
76112,123,100,23,23
76113,82,70,12,12
76114,101,89,12,12
76115,92,93,-1,1
76116,87,89,-2,2
76117,93,74,19,19
76118,100,98,2,2
76119,92,78,14,14
76120,85,67,18,18
76121,49,46,3,3
76122,79,82,-3,3
76123,58,52,6,6
76124,85,84,1,1
76125,61,55,6,6
76126,140,121,19,19
76127,127,118,9,9
76128,152,128,24,24
76129,67,56,11,11
76130,64,59,5,5
76131,136,119,17,17
76132,74,65,9,9
76133,100,80,20,20
76134,158,125,33,33
76135,80,77,3,3
76136,88,78,10,10
76137,110,106,4,4
76138,74,61,13,13
76139,116,109,7,7
76140,82,69,13,13
76141,117,100,17,17
76142,81,71,10,10
76143,74,68,6,6
76144,104,93,11,11
76145,147,118,29,29
76146,82,71,11,11
76147,50,44,6,6
76148,180,153,27,27
76149,182,164,18,18
76150,63,66,-3,3
76151,190,145,45,45
76152,122,124,-2,2
76153,99,84,15,15
76154,66,64,2,2
76155,53,63,-10,10
76156,63,59,4,4
76157,125,128,-3,3
76158,112,92,20,20
76159,85,79,6,6
76160,56,54,2,2
76161,85,76,9,9
76162,70,68,2,2
76163,83,79,4,4
76164,135,120,15,15
76165,57,50,7,7
76166,84,74,10,10
76167,90,94,-4,4
76168,59,59,0,0
76169,77,66,11,11
76170,64,55,9,9
76171,99,91,8,8
76172,109,92,17,17
76173,97,90,7,7
76174,92,78,14,14
76175,87,83,4,4
76176,42,41,1,1
76177,74,70,4,4
76178,162,158,4,4
76179,125,96,29,29
76180,178,157,21,21
76181,98,93,5,5
76182,89,85,4,4
76183,72,62,10,10
76184,78,69,9,9
76185,53,55,-2,2
76186,85,71,14,14
76187,122,105,17,17
76188,101,97,4,4
76189,81,70,11,11
76190,128,89,39,39
76191,98,88,10,10
76192,154,142,12,12
76193,122,112,10,10
76194,63,53,10,10
76195,83,80,3,3
76196,98,88,10,10
76197,70,64,6,6
76198,89,91,-2,2
76199,111,106,5,5
76200,44,49,-5,5
76201,48,52,-4,4
76202,104,92,12,12
76203,106,92,14,14
76204,148,117,31,31
76205,128,115,13,13
76206,118,102,16,16
76207,105,83,22,22
76208,141,130,11,11
76209,115,94,21,21
76210,161,142,19,19
76211,71,83,-12,12
76212,149,122,27,27
76213,77,71,6,6
76214,117,97,20,20
76215,119,102,17,17
76216,116,95,21,21
76217,88,79,9,9
76218,107,96,11,11
76219,72,75,-3,3
76220,137,138,-1,1
76221,122,113,9,9
76222,126,115,11,11
76223,50,57,-7,7
76224,119,94,25,25
76225,79,66,13,13
76226,124,118,6,6
76227,128,113,15,15
76228,132,105,27,27
76229,90,79,11,11
76230,95,86,9,9
76231,97,80,17,17
76232,63,59,4,4
76233,109,94,15,15
76234,133,129,4,4
76235,104,93,11,11
76236,35,67,-32,32
76237,72,67,5,5
76238,65,64,1,1
76239,120,99,21,21
76240,135,137,-2,2
76241,130,108,22,22
76242,137,122,15,15
76243,81,71,10,10
76244,83,78,5,5
76245,51,51,0,0
76246,77,74,3,3
76247,116,97,19,19
76248,72,75,-3,3
76249,97,90,7,7
76250,78,66,12,12
76251,63,56,7,7
76252,130,117,13,13
76253,158,135,23,23
76254,75,72,3,3
76255,76,68,8,8
76256,101,90,11,11
76257,44,48,-4,4
76258,74,65,9,9
76259,98,81,17,17
76260,134,121,13,13
76261,104,90,14,14
76262,88,76,12,12
76263,179,156,23,23
76264,46,49,-3,3
76265,141,118,23,23
76266,91,72,19,19
76267,72,68,4,4
76268,82,72,10,10
76269,73,64,9,9
76270,139,116,23,23
76271,124,104,20,20
76272,100,84,16,16
76273,98,84,14,14
76274,80,74,6,6
76275,97,102,-5,5
76276,62,61,1,1
76277,136,121,15,15
76278,93,79,14,14
76279,104,91,13,13
76280,158,136,22,22
76281,105,88,17,17
76282,82,63,19,19
76283,150,130,20,20
76284,161,134,27,27
76285,68,59,9,9
76286,97,88,9,9
76287,106,92,14,14
76288,75,64,11,11
76289,95,85,10,10
76290,84,76,8,8
76291,144,114,30,30
76292,115,103,12,12
76293,45,48,-3,3
76294,99,85,14,14
76295,91,80,11,11
76296,75,62,13,13
76297,134,106,28,28
76298,69,60,9,9
76299,74,66,8,8
76300,53,51,2,2
76301,74,71,3,3
76302,95,85,10,10
76303,54,56,-2,2
76304,96,84,12,12
76305,93,83,10,10
76306,108,95,13,13
76307,104,103,1,1
76308,80,71,9,9
76309,87,70,17,17
76310,98,94,4,4
76311,60,58,2,2
76312,65,62,3,3
76313,75,73,2,2
76314,80,80,0,0
76315,81,81,0,0
76316,123,102,21,21
76317,89,86,3,3
76318,142,124,18,18
76319,64,59,5,5
76320,100,92,8,8
76321,45,55,-10,10
76322,118,98,20,20
76323,73,67,6,6
76324,74,71,3,3
76325,102,93,9,9
76326,66,70,-4,4
76327,120,108,12,12
76328,57,52,5,5
76329,149,121,28,28
76330,131,117,14,14
76331,81,68,13,13
76332,61,56,5,5
76333,89,80,9,9
76334,66,56,10,10
76335,64,60,4,4
76336,76,73,3,3
76337,124,105,19,19
76338,48,52,-4,4
76339,68,62,6,6
76340,100,92,8,8
76341,96,85,11,11
76342,50,46,4,4
76343,85,80,5,5
76344,85,78,7,7
76345,61,58,3,3
76346,91,73,18,18
76347,72,63,9,9
76348,129,101,28,28
76349,104,88,16,16
76350,54,58,-4,4
76351,53,50,3,3
76352,105,99,6,6
76353,91,94,-3,3
76354,66,68,-2,2
76355,59,55,4,4
76356,118,102,16,16
76357,109,101,8,8
76358,63,61,2,2
76359,63,52,11,11
76360,68,60,8,8
76361,166,157,9,9
76362,84,73,11,11
76363,66,57,9,9
76364,100,99,1,1
76365,104,87,17,17
76366,65,58,7,7
76367,57,56,1,1
76368,99,88,11,11
76369,96,99,-3,3
76370,71,61,10,10
76371,57,57,0,0
76372,105,101,4,4
76373,88,75,13,13
76374,54,51,3,3
76375,181,144,37,37
76376,100,89,11,11
76377,103,90,13,13
76378,138,114,24,24
76379,65,63,2,2
76380,71,67,4,4
76381,70,62,8,8
76382,72,63,9,9
76383,66,57,9,9
76384,79,71,8,8
76385,169,144,25,25
76386,129,103,26,26
76387,129,96,33,33
76388,63,56,7,7
76389,92,81,11,11
76390,109,97,12,12
76391,58,55,3,3
76392,108,91,17,17
76393,107,88,19,19
76394,162,139,23,23
76395,57,53,4,4
76396,109,106,3,3
76397,86,77,9,9
76398,91,77,14,14
76399,89,73,16,16
76400,93,86,7,7
76401,70,60,10,10
76402,73,68,5,5
76403,71,64,7,7
76404,59,50,9,9
76405,166,148,18,18
76406,71,61,10,10
76407,71,56,15,15
76408,132,105,27,27
76409,103,98,5,5
76410,114,95,19,19
76411,103,99,4,4
76412,98,86,12,12
76413,92,74,18,18
76414,102,100,2,2
76415,113,106,7,7
76416,130,138,-8,8
76417,56,58,-2,2
76418,127,109,18,18
76419,53,60,-7,7
76420,129,115,14,14
76421,93,80,13,13
76422,133,111,22,22
76423,93,82,11,11
76424,92,83,9,9
76425,45,48,-3,3
76426,96,78,18,18
76427,104,119,-15,15
76428,65,59,6,6
76429,114,97,17,17
76430,52,46,6,6
76431,80,76,4,4
76432,135,114,21,21
76433,78,112,-34,34
76434,69,59,10,10
76435,61,49,12,12
76436,75,63,12,12
76437,131,122,9,9
76438,108,104,4,4
76439,96,85,11,11
76440,178,144,34,34
76441,171,156,15,15
76442,81,69,12,12
76443,91,77,14,14
76444,69,68,1,1
76445,146,119,27,27
76446,111,90,21,21
76447,65,60,5,5
76448,86,76,10,10
76449,79,83,-4,4
76450,108,85,23,23
76451,94,86,8,8
76452,107,96,11,11
76453,100,83,17,17
76454,121,100,21,21
76455,144,136,8,8
76456,66,61,5,5
76457,40,41,-1,1
76458,99,91,8,8
76459,32,43,-11,11
76460,69,61,8,8
76461,145,127,18,18
76462,76,72,4,4
76463,85,75,10,10
76464,53,55,-2,2
76465,27,33,-6,6
76466,55,59,-4,4
76467,41,36,5,5
76468,57,56,1,1
76469,83,56,27,27
76470,77,67,10,10
76471,85,92,-7,7
76472,118,96,22,22
76473,55,55,0,0
76474,62,56,6,6
76475,111,96,15,15
76476,108,93,15,15
76477,89,83,6,6
76478,97,84,13,13
76479,94,90,4,4
76480,61,55,6,6
76481,82,78,4,4
76482,83,79,4,4
76483,140,112,28,28
76484,152,118,34,34
76485,86,72,14,14
76486,33,38,-5,5
76487,88,78,10,10
76488,71,62,9,9
76489,97,103,-6,6
76490,81,80,1,1
76491,129,107,22,22
76492,55,52,3,3
76493,122,113,9,9
76494,103,98,5,5
76495,98,82,16,16
76496,89,77,12,12
76497,87,75,12,12
76498,79,76,3,3
76499,98,98,0,0
76500,49,54,-5,5
76501,82,74,8,8
76502,120,107,13,13
76503,108,94,14,14
76504,169,142,27,27
76505,161,136,25,25
76506,134,126,8,8
76507,96,89,7,7
76508,56,51,5,5
76509,101,94,7,7
76510,86,86,0,0
76511,82,64,18,18
76512,85,82,3,3
76513,79,69,10,10
76514,78,73,5,5
76515,105,91,14,14
76516,142,119,23,23
76517,65,67,-2,2
76518,57,56,1,1
76519,81,74,7,7
76520,139,99,40,40
76521,84,71,13,13
76522,81,73,8,8
76523,154,119,35,35
76524,147,124,23,23
76525,153,125,28,28
76526,73,70,3,3
76527,141,120,21,21
76528,43,46,-3,3
76529,101,88,13,13
76530,42,45,-3,3
76531,78,70,8,8
76532,97,100,-3,3
76533,65,63,2,2
76534,58,56,2,2
76535,79,78,1,1
76536,95,86,9,9
76537,105,104,1,1
76538,37,44,-7,7
76539,82,71,11,11
76540,130,112,18,18
76541,99,97,2,2
76542,125,93,32,32
76543,51,60,-9,9
76544,87,76,11,11
76545,147,134,13,13
76546,61,56,5,5
76547,122,109,13,13
76548,70,70,0,0
76549,81,65,16,16
76550,93,82,11,11
76551,136,122,14,14
76552,61,61,0,0
76553,75,76,-1,1
76554,118,95,23,23
76555,110,105,5,5
76556,153,143,10,10
76557,57,54,3,3
76558,128,104,24,24
76559,118,94,24,24
76560,81,82,-1,1
76561,82,70,12,12
76562,126,108,18,18
76563,110,97,13,13
76564,91,85,6,6
76565,106,79,27,27
76566,92,77,15,15
76567,74,72,2,2
76568,119,105,14,14
76569,47,47,0,0
76570,81,81,0,0
76571,101,85,16,16
76572,91,78,13,13
76573,68,64,4,4
76574,119,100,19,19
76575,90,79,11,11
76576,104,97,7,7
76577,80,74,6,6
76578,84,80,4,4
76579,132,110,22,22
76580,32,63,-31,31
76581,139,119,20,20
76582,85,71,14,14
76583,83,74,9,9
76584,55,52,3,3
76585,98,100,-2,2
76586,177,155,22,22
76587,81,77,4,4
76588,90,89,1,1
76589,133,108,25,25
76590,85,65,20,20
76591,58,49,9,9
76592,133,117,16,16
76593,81,70,11,11
76594,149,122,27,27
76595,107,94,13,13
76596,113,87,26,26
76597,108,89,19,19
76598,93,81,12,12
76599,100,82,18,18
76600,66,64,2,2
76601,109,91,18,18
76602,77,81,-4,4
76603,208,158,50,50
76604,79,74,5,5
76605,74,62,12,12
76606,74,67,7,7
76607,131,107,24,24
76608,127,102,25,25
76609,77,65,12,12
76610,100,75,25,25
76611,82,103,-21,21
76612,100,94,6,6
76613,65,69,-4,4
76614,97,93,4,4
76615,146,119,27,27
76616,99,77,22,22
76617,117,97,20,20
76618,71,66,5,5
76619,60,57,3,3
76620,75,69,6,6
76621,46,46,0,0
76622,121,96,25,25
76623,55,51,4,4
76624,119,112,7,7
76625,178,151,27,27
76626,131,114,17,17
76627,123,103,20,20
76628,99,88,11,11
76629,164,143,21,21
76630,69,65,4,4
76631,55,53,2,2
76632,148,134,14,14
76633,67,62,5,5
76634,138,122,16,16
76635,115,95,20,20
76636,134,111,23,23
76637,91,89,2,2
76638,94,82,12,12
76639,114,96,18,18
76640,92,78,14,14
76641,98,95,3,3
76642,41,37,4,4
76643,49,51,-2,2
76644,59,64,-5,5
76645,90,75,15,15
76646,165,132,33,33
76647,53,52,1,1
76648,67,62,5,5
76649,77,67,10,10
76650,87,74,13,13
76651,65,59,6,6
76652,133,113,20,20
76653,98,85,13,13
76654,103,93,10,10
76655,85,74,11,11
76656,153,128,25,25
76657,85,69,16,16
76658,126,119,7,7
76659,102,100,2,2
76660,115,100,15,15
76661,78,73,5,5
76662,152,139,13,13
76663,72,66,6,6
76664,65,59,6,6
76665,71,64,7,7
76666,134,122,12,12
76667,104,91,13,13
76668,54,57,-3,3
76669,133,109,24,24
76670,99,78,21,21
76671,69,61,8,8
76672,169,148,21,21
76673,94,87,7,7
76674,106,96,10,10
76675,86,79,7,7
76676,107,92,15,15
76677,52,53,-1,1
76678,71,69,2,2
76679,87,74,13,13
76680,155,143,12,12
76681,58,57,1,1
76682,144,120,24,24
76683,111,95,16,16
76684,90,80,10,10
76685,74,60,14,14
76686,100,82,18,18
76687,112,100,12,12
76688,117,104,13,13
76689,48,80,-32,32
76690,107,85,22,22
76691,144,124,20,20
76692,86,69,17,17
76693,101,86,15,15
76694,94,89,5,5
76695,129,105,24,24
76696,132,116,16,16
76697,61,57,4,4
76698,103,98,5,5
76699,104,87,17,17
76700,135,102,33,33
76701,76,73,3,3
76702,112,100,12,12
76703,114,88,26,26
76704,69,57,12,12
76705,92,73,19,19
76706,80,74,6,6
76707,139,111,28,28
76708,76,66,10,10
76709,71,63,8,8
76710,100,92,8,8
76711,106,86,20,20
76712,145,124,21,21
76713,76,76,0,0
76714,92,90,2,2
76715,49,44,5,5
76716,110,95,15,15
76717,92,84,8,8
76718,173,133,40,40
76719,98,88,10,10
76720,175,137,38,38
76721,75,78,-3,3
76722,103,80,23,23
76723,111,115,-4,4
76724,215,180,35,35
76725,131,111,20,20
76726,67,66,1,1
76727,127,124,3,3
76728,72,67,5,5
76729,43,61,-18,18
76730,65,60,5,5
76731,69,62,7,7
76732,149,137,12,12
76733,75,63,12,12
76734,81,74,7,7
76735,76,60,16,16
76736,53,58,-5,5
76737,79,81,-2,2
76738,152,123,29,29
76739,97,88,9,9
76740,48,49,-1,1
76741,107,98,9,9
76742,118,103,15,15
76743,78,69,9,9
76744,98,86,12,12
76745,121,100,21,21
76746,108,89,19,19
76747,59,54,5,5
76748,95,90,5,5
76749,98,88,10,10
76750,71,64,7,7
76751,76,66,10,10
76752,100,98,2,2
76753,70,62,8,8
76754,71,59,12,12
76755,94,68,26,26
76756,86,82,4,4
76757,102,97,5,5
76758,106,94,12,12
76759,74,74,0,0
76760,49,51,-2,2
76761,103,86,17,17
76762,70,68,2,2
76763,168,149,19,19
76764,66,66,0,0
76765,128,119,9,9
76766,110,93,17,17
76767,82,67,15,15
76768,92,74,18,18
76769,187,161,26,26
76770,101,105,-4,4
76771,47,43,4,4
76772,72,66,6,6
76773,77,68,9,9
76774,30,34,-4,4
76775,124,112,12,12
76776,218,168,50,50
76777,110,101,9,9
76778,106,101,5,5
76779,133,104,29,29
76780,88,68,20,20
76781,58,56,2,2
76782,184,146,38,38
76783,152,119,33,33
76784,87,82,5,5
76785,167,137,30,30
76786,93,87,6,6
76787,130,100,30,30
76788,96,78,18,18
76789,119,111,8,8
76790,81,73,8,8
76791,52,47,5,5
76792,66,56,10,10
76793,102,97,5,5
76794,76,66,10,10
76795,117,93,24,24
76796,98,85,13,13
76797,81,75,6,6
76798,99,95,4,4
76799,81,69,12,12
76800,64,64,0,0
76801,139,132,7,7
76802,84,77,7,7
76803,68,61,7,7
76804,42,39,3,3
76805,73,61,12,12
76806,158,112,46,46
76807,101,91,10,10
76808,122,103,19,19
76809,76,77,-1,1
76810,129,140,-11,11
76811,99,80,19,19
76812,71,60,11,11
76813,80,71,9,9
76814,141,119,22,22
76815,48,44,4,4
76816,146,124,22,22
76817,83,78,5,5
76818,102,94,8,8
76819,87,79,8,8
76820,83,69,14,14
76821,63,69,-6,6
76822,89,80,9,9
76823,142,117,25,25
76824,90,88,2,2
76825,97,83,14,14
76826,130,115,15,15
76827,88,79,9,9
76828,146,133,13,13
76829,118,100,18,18
76830,124,105,19,19
76831,108,107,1,1
76832,53,56,-3,3
76833,78,71,7,7
76834,54,51,3,3
76835,121,100,21,21
76836,105,104,1,1
76837,47,54,-7,7
76838,58,51,7,7
76839,126,102,24,24
76840,165,128,37,37
76841,118,101,17,17
76842,54,52,2,2
76843,98,83,15,15
76844,39,38,1,1
76845,88,84,4,4
76846,85,76,9,9
76847,92,91,1,1
76848,101,91,10,10
76849,69,70,-1,1
76850,70,59,11,11
76851,57,88,-31,31
76852,89,81,8,8
76853,165,138,27,27
76854,88,79,9,9
76855,142,117,25,25
76856,109,104,5,5
76857,105,94,11,11
76858,94,88,6,6
76859,124,107,17,17
76860,119,103,16,16
76861,41,39,2,2
76862,102,89,13,13
76863,90,67,23,23
76864,126,112,14,14
76865,59,66,-7,7
76866,74,67,7,7
76867,104,99,5,5
76868,101,89,12,12
76869,102,90,12,12
76870,123,114,9,9
76871,90,78,12,12
76872,85,73,12,12
76873,85,85,0,0
76874,57,53,4,4
76875,73,67,6,6
76876,73,71,2,2
76877,106,101,5,5
76878,47,43,4,4
76879,91,86,5,5
76880,93,75,18,18
76881,63,65,-2,2
76882,80,71,9,9
76883,71,64,7,7
76884,92,79,13,13
76885,125,107,18,18
76886,82,85,-3,3
76887,97,90,7,7
76888,59,48,11,11
76889,125,119,6,6
76890,115,95,20,20
76891,103,89,14,14
76892,97,87,10,10
76893,89,80,9,9
76894,78,70,8,8
76895,159,130,29,29
76896,117,115,2,2
76897,100,86,14,14
76898,104,93,11,11
76899,97,96,1,1
76900,114,94,20,20
76901,118,111,7,7
76902,99,77,22,22
76903,98,85,13,13
76904,114,101,13,13
76905,99,91,8,8
76906,95,82,13,13
76907,68,68,0,0
76908,119,100,19,19
76909,125,100,25,25
76910,74,69,5,5
76911,97,82,15,15
76912,101,87,14,14
76913,157,140,17,17
76914,141,120,21,21
76915,132,118,14,14
76916,104,96,8,8
76917,85,80,5,5
76918,110,97,13,13
76919,91,88,3,3
76920,53,48,5,5
76921,81,75,6,6
76922,78,72,6,6
76923,79,82,-3,3
76924,73,66,7,7
76925,81,75,6,6
76926,89,76,13,13
76927,78,69,9,9
76928,122,99,23,23
76929,64,62,2,2
76930,52,48,4,4
76931,87,79,8,8
76932,134,117,17,17
76933,104,88,16,16
76934,116,107,9,9
76935,102,97,5,5
76936,160,126,34,34
76937,83,68,15,15
76938,159,143,16,16
76939,130,123,7,7
76940,92,80,12,12
76941,95,85,10,10
76942,179,165,14,14
76943,132,102,30,30
76944,53,51,2,2
76945,100,95,5,5
76946,105,85,20,20
76947,77,71,6,6
76948,115,102,13,13
76949,126,111,15,15
76950,91,81,10,10
76951,79,74,5,5
76952,40,43,-3,3
76953,128,109,19,19
76954,145,128,17,17
76955,153,128,25,25
76956,81,69,12,12
76957,113,109,4,4
76958,138,109,29,29
76959,100,92,8,8
76960,77,63,14,14
76961,71,64,7,7
76962,110,101,9,9
76963,118,106,12,12
76964,137,122,15,15
76965,94,87,7,7
76966,65,58,7,7
76967,52,65,-13,13
76968,74,68,6,6
76969,68,63,5,5
76970,101,93,8,8
76971,104,93,11,11
76972,138,114,24,24
76973,71,62,9,9
76974,140,110,30,30
76975,83,70,13,13
76976,91,80,11,11
76977,125,103,22,22
76978,77,76,1,1
76979,63,55,8,8
76980,116,99,17,17
76981,102,91,11,11
76982,121,114,7,7
76983,116,99,17,17
76984,181,154,27,27
76985,112,107,5,5
76986,151,141,10,10
76987,127,109,18,18
76988,87,78,9,9
76989,123,102,21,21
76990,74,77,-3,3
76991,161,134,27,27
76992,48,47,1,1
76993,207,175,32,32
76994,124,112,12,12
76995,91,90,1,1
76996,104,93,11,11
76997,118,111,7,7
76998,112,100,12,12
76999,70,65,5,5
77000,76,65,11,11
77001,133,113,20,20
77002,79,65,14,14
77003,56,62,-6,6
77004,111,123,-12,12
77005,48,50,-2,2
77006,80,63,17,17
77007,144,125,19,19
77008,39,38,1,1
77009,91,81,10,10
77010,97,87,10,10
77011,93,75,18,18
77012,142,121,21,21
77013,116,100,16,16
77014,86,81,5,5
77015,128,116,12,12
77016,101,100,1,1
77017,53,56,-3,3
77018,153,129,24,24
77019,69,72,-3,3
77020,101,85,16,16
77021,146,133,13,13
77022,107,95,12,12
77023,86,78,8,8
77024,44,46,-2,2
77025,64,63,1,1
77026,90,67,23,23
77027,69,65,4,4
77028,78,84,-6,6
77029,141,118,23,23
77030,54,47,7,7
77031,61,50,11,11
77032,140,110,30,30
77033,158,121,37,37
77034,96,83,13,13
77035,159,139,20,20
77036,155,129,26,26
77037,152,121,31,31
77038,62,53,9,9
77039,84,72,12,12
77040,197,164,33,33
77041,123,105,18,18
77042,80,77,3,3
77043,25,27,-2,2
77044,140,129,11,11
77045,65,66,-1,1
77046,67,86,-19,19
77047,62,63,-1,1
77048,71,63,8,8
77049,138,121,17,17
77050,73,66,7,7
77051,84,80,4,4
77052,227,173,54,54
77053,97,82,15,15
77054,47,45,2,2
77055,74,70,4,4
77056,75,73,2,2
77057,64,62,2,2
77058,107,95,12,12
77059,60,55,5,5
77060,70,65,5,5
77061,117,90,27,27
77062,110,101,9,9
77063,118,101,17,17
77064,86,76,10,10
77065,61,64,-3,3
77066,72,65,7,7
77067,153,124,29,29
77068,92,86,6,6
77069,117,107,10,10
77070,79,71,8,8
77071,111,90,21,21
77072,48,46,2,2
77073,71,58,13,13
77074,100,88,12,12
77075,90,76,14,14
77076,67,64,3,3
77077,111,97,14,14
77078,68,61,7,7
77079,113,95,18,18
77080,78,84,-6,6
77081,94,82,12,12
77082,86,79,7,7
77083,131,117,14,14
77084,142,114,28,28
77085,83,81,2,2
77086,62,70,-8,8
77087,74,62,12,12
77088,143,121,22,22
77089,163,143,20,20
77090,78,69,9,9
77091,42,41,1,1
77092,69,64,5,5
77093,68,63,5,5
77094,132,109,23,23
77095,59,51,8,8
77096,107,96,11,11
77097,107,97,10,10
77098,49,45,4,4
77099,114,99,15,15
77100,87,76,11,11
77101,103,83,20,20
77102,122,102,20,20
77103,114,101,13,13
77104,172,140,32,32
77105,69,70,-1,1
77106,57,59,-2,2
77107,108,97,11,11
77108,80,85,-5,5
77109,70,67,3,3
77110,126,114,12,12
77111,102,85,17,17
77112,45,51,-6,6
77113,72,63,9,9
77114,174,137,37,37
77115,101,95,6,6
77116,53,48,5,5
77117,71,62,9,9
77118,157,146,11,11
77119,139,119,20,20
77120,116,96,20,20
77121,86,71,15,15
77122,96,80,16,16
77123,107,95,12,12
77124,98,97,1,1
77125,89,84,5,5
77126,117,112,5,5
77127,108,99,9,9
77128,54,52,2,2
77129,116,106,10,10
77130,111,98,13,13
77131,139,124,15,15
77132,74,65,9,9
77133,117,109,8,8
77134,106,101,5,5
77135,158,128,30,30
77136,97,88,9,9
77137,70,60,10,10
77138,106,96,10,10
77139,82,68,14,14
77140,141,116,25,25
77141,132,113,19,19
77142,114,95,19,19
77143,145,123,22,22
77144,56,55,1,1
77145,109,86,23,23
77146,131,104,27,27
77147,154,109,45,45
77148,73,62,11,11
77149,63,61,2,2
77150,134,130,4,4
77151,91,75,16,16
77152,127,105,22,22
77153,42,46,-4,4
77154,101,95,6,6
77155,52,44,8,8
77156,143,130,13,13
77157,92,78,14,14
77158,84,73,11,11
77159,101,101,0,0
77160,117,104,13,13
77161,85,79,6,6
77162,52,52,0,0
77163,74,62,12,12
77164,78,60,18,18
77165,64,58,6,6
77166,90,84,6,6
77167,59,63,-4,4
77168,53,58,-5,5
77169,94,88,6,6
77170,77,68,9,9
77171,108,85,23,23
77172,138,116,22,22
77173,83,78,5,5
77174,150,123,27,27
77175,108,92,16,16
77176,64,60,4,4
77177,101,100,1,1
77178,92,77,15,15
77179,150,124,26,26
77180,133,117,16,16
77181,42,50,-8,8
77182,43,43,0,0
77183,63,56,7,7
77184,82,78,4,4
77185,56,48,8,8
77186,101,99,2,2
77187,65,73,-8,8
77188,112,97,15,15
77189,50,48,2,2
77190,130,106,24,24
77191,88,88,0,0
77192,74,67,7,7
77193,129,118,11,11
77194,57,61,-4,4
77195,110,99,11,11
77196,99,91,8,8
77197,77,65,12,12
77198,117,106,11,11
77199,107,89,18,18
77200,62,57,5,5
77201,75,70,5,5
77202,97,92,5,5
77203,54,50,4,4
77204,80,68,12,12
77205,84,74,10,10
77206,52,50,2,2
77207,106,95,11,11
77208,99,104,-5,5
77209,92,78,14,14
77210,53,52,1,1
77211,135,118,17,17
77212,116,89,27,27
77213,96,93,3,3
77214,116,97,19,19
77215,90,79,11,11
77216,187,140,47,47
77217,55,83,-28,28
77218,48,47,1,1
77219,77,75,2,2
77220,74,70,4,4
77221,97,95,2,2
77222,159,137,22,22
77223,127,111,16,16
77224,83,74,9,9
77225,67,61,6,6
77226,103,89,14,14
77227,68,58,10,10
77228,75,64,11,11
77229,88,81,7,7
77230,82,107,-25,25
77231,128,105,23,23
77232,177,142,35,35
77233,140,118,22,22
77234,108,81,27,27
77235,59,53,6,6
77236,97,87,10,10
77237,105,92,13,13
77238,59,54,5,5
77239,74,65,9,9
77240,63,57,6,6
77241,53,52,1,1
77242,67,62,5,5
77243,88,79,9,9
77244,116,100,16,16
77245,141,128,13,13
77246,123,111,12,12
77247,111,100,11,11
77248,89,85,4,4
77249,112,101,11,11
77250,118,105,13,13
77251,51,49,2,2
77252,165,139,26,26
77253,70,68,2,2
77254,92,76,16,16
77255,156,118,38,38
77256,160,124,36,36
77257,64,58,6,6
77258,137,121,16,16
77259,93,80,13,13
77260,124,110,14,14
77261,77,72,5,5
77262,128,114,14,14
77263,79,63,16,16
77264,61,63,-2,2
77265,112,93,19,19
77266,45,42,3,3
77267,67,57,10,10
77268,126,109,17,17
77269,92,80,12,12
77270,74,69,5,5
77271,67,66,1,1
77272,105,90,15,15
77273,167,150,17,17
77274,131,115,16,16
77275,84,116,-32,32
77276,110,107,3,3
77277,72,70,2,2
77278,71,105,-34,34
77279,115,108,7,7
77280,159,131,28,28
77281,82,83,-1,1
77282,100,102,-2,2
77283,70,58,12,12
77284,104,95,9,9
77285,49,45,4,4
77286,104,96,8,8
77287,101,97,4,4
77288,66,64,2,2
77289,87,78,9,9
77290,85,85,0,0
77291,124,118,6,6
77292,121,101,20,20
77293,97,80,17,17
77294,63,57,6,6
77295,93,86,7,7
77296,79,68,11,11
77297,49,43,6,6
77298,95,86,9,9
77299,76,72,4,4
77300,133,119,14,14
77301,66,63,3,3
77302,85,83,2,2
77303,228,220,8,8
77304,124,115,9,9
77305,90,74,16,16
77306,95,87,8,8
77307,54,55,-1,1
77308,82,77,5,5
77309,155,124,31,31
77310,173,147,26,26
77311,171,137,34,34
77312,42,51,-9,9
77313,141,125,16,16
77314,92,77,15,15
77315,94,81,13,13
77316,82,77,5,5
77317,132,109,23,23
77318,124,106,18,18
77319,94,79,15,15
77320,60,56,4,4
77321,58,58,0,0
77322,102,98,4,4
77323,112,99,13,13
77324,121,106,15,15
77325,133,121,12,12
77326,54,60,-6,6
77327,105,99,6,6
77328,82,76,6,6
77329,104,88,16,16
77330,91,79,12,12
77331,103,99,4,4
77332,96,94,2,2
77333,147,139,8,8
77334,95,85,10,10
77335,111,102,9,9
77336,106,98,8,8
77337,59,55,4,4
77338,77,66,11,11
77339,97,75,22,22
77340,73,56,17,17
77341,105,89,16,16
77342,122,102,20,20
77343,55,58,-3,3
77344,108,98,10,10
77345,59,51,8,8
77346,124,111,13,13
77347,116,108,8,8
77348,100,85,15,15
77349,76,73,3,3
77350,102,84,18,18
77351,95,91,4,4
77352,138,115,23,23
77353,119,105,14,14
77354,78,71,7,7
77355,108,100,8,8
77356,34,34,0,0
77357,105,96,9,9
77358,120,102,18,18
77359,91,81,10,10
77360,103,101,2,2
77361,75,68,7,7
77362,176,140,36,36
77363,85,73,12,12
77364,75,67,8,8
77365,103,96,7,7
77366,81,75,6,6
77367,105,104,1,1
77368,50,57,-7,7
77369,118,101,17,17
77370,163,141,22,22
77371,137,115,22,22
77372,167,150,17,17
77373,116,106,10,10
77374,52,50,2,2
77375,115,99,16,16
77376,188,166,22,22
77377,187,153,34,34
77378,84,73,11,11
77379,124,106,18,18
77380,95,83,12,12
77381,79,77,2,2
77382,72,60,12,12
77383,68,60,8,8
77384,116,102,14,14
77385,83,82,1,1
77386,94,80,14,14
77387,63,57,6,6
77388,200,177,23,23
77389,61,59,2,2
77390,148,124,24,24
77391,56,53,3,3
77392,110,97,13,13
77393,94,88,6,6
77394,59,63,-4,4
77395,76,65,11,11
77396,67,68,-1,1
77397,102,96,6,6
77398,165,128,37,37
77399,79,74,5,5
77400,74,62,12,12
77401,136,113,23,23
77402,116,92,24,24
77403,95,91,4,4
77404,112,112,0,0
77405,65,66,-1,1
77406,43,44,-1,1
77407,92,82,10,10
77408,48,49,-1,1
77409,75,69,6,6
77410,118,104,14,14
77411,99,88,11,11
77412,101,87,14,14
77413,41,56,-15,15
77414,78,79,-1,1
77415,129,103,26,26
77416,109,103,6,6
77417,81,73,8,8
77418,167,140,27,27
77419,55,69,-14,14
77420,202,158,44,44
77421,118,102,16,16
77422,122,112,10,10
77423,67,62,5,5
77424,67,60,7,7
77425,54,50,4,4
77426,54,55,-1,1
77427,89,83,6,6
77428,107,95,12,12
77429,94,86,8,8
77430,72,59,13,13
77431,127,114,13,13
77432,84,85,-1,1
77433,64,60,4,4
77434,96,87,9,9
77435,116,98,18,18
77436,127,111,16,16
77437,128,107,21,21
77438,118,114,4,4
77439,62,59,3,3
77440,73,62,11,11
77441,36,38,-2,2
77442,165,128,37,37
77443,100,97,3,3
77444,65,61,4,4
77445,75,71,4,4
77446,75,80,-5,5
77447,97,90,7,7
77448,93,101,-8,8
77449,57,57,0,0
77450,59,59,0,0
77451,85,74,11,11
77452,99,100,-1,1
77453,87,78,9,9
77454,102,102,0,0
77455,75,71,4,4
77456,92,83,9,9
77457,79,80,-1,1
77458,50,51,-1,1
77459,48,47,1,1
77460,217,165,52,52
77461,132,108,24,24
77462,101,91,10,10
77463,82,73,9,9
77464,116,103,13,13
77465,112,89,23,23
77466,66,71,-5,5
77467,81,75,6,6
77468,56,54,2,2
77469,97,78,19,19
77470,84,70,14,14
77471,37,37,0,0
77472,74,63,11,11
77473,127,113,14,14
77474,54,53,1,1
77475,80,71,9,9
77476,57,49,8,8
77477,106,74,32,32
77478,91,80,11,11
77479,103,92,11,11
77480,114,92,22,22
77481,131,117,14,14
77482,85,74,11,11
77483,85,80,5,5
77484,93,85,8,8
77485,74,65,9,9
77486,88,83,5,5
77487,52,45,7,7
77488,41,38,3,3
77489,82,74,8,8
77490,112,95,17,17
77491,67,60,7,7
77492,69,71,-2,2
77493,150,121,29,29
77494,93,86,7,7
77495,63,57,6,6
77496,95,79,16,16
77497,46,45,1,1
77498,72,65,7,7
77499,77,75,2,2
77500,87,83,4,4
77501,121,109,12,12
77502,149,121,28,28
77503,82,65,17,17
77504,57,52,5,5
77505,127,99,28,28
77506,103,86,17,17
77507,96,87,9,9
77508,82,71,11,11
77509,161,134,27,27
77510,133,113,20,20
77511,73,64,9,9
77512,71,58,13,13
77513,168,139,29,29
77514,137,121,16,16
77515,72,60,12,12
77516,77,71,6,6
77517,114,100,14,14
77518,115,99,16,16
77519,70,61,9,9
77520,78,73,5,5
77521,118,108,10,10
77522,88,75,13,13
77523,81,69,12,12
77524,118,106,12,12
77525,60,54,6,6
77526,98,90,8,8
77527,99,79,20,20
77528,55,52,3,3
77529,100,88,12,12
77530,75,70,5,5
77531,77,61,16,16
77532,139,125,14,14
77533,99,83,16,16
77534,106,97,9,9
77535,92,88,4,4
77536,87,80,7,7
77537,55,57,-2,2
77538,89,87,2,2
77539,106,101,5,5
77540,161,139,22,22
77541,72,70,2,2
77542,119,94,25,25
77543,90,74,16,16
77544,110,96,14,14
77545,51,51,0,0
77546,63,61,2,2
77547,42,47,-5,5
77548,85,71,14,14
77549,144,118,26,26
77550,69,69,0,0
77551,43,43,0,0
77552,94,89,5,5
77553,178,165,13,13
77554,80,70,10,10
77555,65,58,7,7
77556,62,60,2,2
77557,62,55,7,7
77558,144,132,12,12
77559,102,88,14,14
77560,104,91,13,13
77561,45,53,-8,8
77562,57,57,0,0
77563,132,104,28,28
77564,105,89,16,16
77565,99,88,11,11
77566,60,61,-1,1
77567,72,67,5,5
77568,122,114,8,8
77569,141,123,18,18
77570,94,79,15,15
77571,89,87,2,2
77572,43,47,-4,4
77573,160,133,27,27
77574,84,68,16,16
77575,84,73,11,11
77576,90,85,5,5
77577,68,63,5,5
77578,189,157,32,32
77579,77,79,-2,2
77580,59,60,-1,1
77581,139,120,19,19
77582,98,85,13,13
77583,147,121,26,26
77584,158,122,36,36
77585,97,81,16,16
77586,109,98,11,11
77587,112,93,19,19
77588,74,66,8,8
77589,155,126,29,29
77590,75,66,9,9
77591,129,108,21,21
77592,189,161,28,28
77593,98,91,7,7
77594,68,63,5,5
77595,100,89,11,11
77596,136,107,29,29
77597,144,123,21,21
77598,123,109,14,14
77599,60,54,6,6
77600,131,107,24,24
77601,74,73,1,1
77602,148,109,39,39
77603,112,93,19,19
77604,60,59,1,1
77605,89,76,13,13
77606,83,81,2,2
77607,100,83,17,17
77608,70,66,4,4
77609,119,113,6,6
77610,52,53,-1,1
77611,72,66,6,6
77612,127,107,20,20
77613,82,76,6,6
77614,65,54,11,11
77615,75,61,14,14
77616,65,60,5,5
77617,80,87,-7,7
77618,95,107,-12,12
77619,74,74,0,0
77620,107,93,14,14
77621,63,59,4,4
77622,117,102,15,15
77623,83,68,15,15
77624,74,64,10,10
77625,56,45,11,11
77626,143,133,10,10
77627,61,63,-2,2
77628,92,86,6,6
77629,147,141,6,6
77630,68,72,-4,4
77631,95,82,13,13
77632,80,78,2,2
77633,129,108,21,21
77634,133,136,-3,3
77635,47,42,5,5
77636,65,52,13,13
77637,85,74,11,11
77638,100,86,14,14
77639,113,98,15,15
77640,104,90,14,14
77641,70,62,8,8
77642,16,25,-9,9
77643,102,89,13,13
77644,125,101,24,24
77645,83,76,7,7
77646,114,89,25,25
77647,150,130,20,20
77648,164,136,28,28
77649,97,92,5,5
77650,71,62,9,9
77651,78,70,8,8
77652,128,109,19,19
77653,111,94,17,17
77654,78,68,10,10
77655,83,73,10,10
77656,84,72,12,12
77657,81,72,9,9
77658,103,99,4,4
77659,91,86,5,5
77660,79,71,8,8
77661,84,77,7,7
77662,143,112,31,31
77663,97,88,9,9
77664,85,78,7,7
77665,120,100,20,20
77666,88,88,0,0
77667,114,92,22,22
77668,116,97,19,19
77669,72,73,-1,1
77670,101,84,17,17
77671,129,110,19,19
77672,119,96,23,23
77673,86,80,6,6
77674,75,75,0,0
77675,76,67,9,9
77676,84,71,13,13
77677,75,70,5,5
77678,124,111,13,13
77679,177,168,9,9
77680,75,68,7,7
77681,117,102,15,15
77682,99,115,-16,16
77683,50,45,5,5
77684,70,73,-3,3
77685,115,96,19,19
77686,60,57,3,3
77687,96,82,14,14
77688,142,125,17,17
77689,87,73,14,14
77690,112,102,10,10
77691,116,94,22,22
77692,56,51,5,5
77693,158,139,19,19
77694,188,160,28,28
77695,181,149,32,32
77696,104,80,24,24
77697,159,136,23,23
77698,122,115,7,7
77699,69,67,2,2
77700,105,90,15,15
77701,84,82,2,2
77702,80,72,8,8
77703,62,55,7,7
77704,75,65,10,10
77705,72,72,0,0
77706,86,75,11,11
77707,99,96,3,3
77708,59,55,4,4
77709,104,90,14,14
77710,78,71,7,7
77711,97,91,6,6
77712,129,111,18,18
77713,64,64,0,0
77714,105,90,15,15
77715,93,77,16,16
77716,92,81,11,11
77717,40,37,3,3
77718,98,94,4,4
77719,132,121,11,11
77720,67,69,-2,2
77721,51,74,-23,23
77722,81,83,-2,2
77723,142,132,10,10
77724,145,119,26,26
77725,72,65,7,7
77726,102,87,15,15
77727,87,74,13,13
77728,111,97,14,14
77729,80,69,11,11
77730,85,75,10,10
77731,144,119,25,25
77732,66,67,-1,1
77733,98,83,15,15
77734,91,84,7,7
77735,61,61,0,0
77736,46,49,-3,3
77737,89,88,1,1
77738,105,85,20,20
77739,102,83,19,19
77740,100,93,7,7
77741,58,60,-2,2
77742,116,104,12,12
77743,73,69,4,4
77744,96,84,12,12
77745,89,77,12,12
77746,79,76,3,3
77747,74,67,7,7
77748,100,81,19,19
77749,35,41,-6,6
77750,49,47,2,2
77751,79,69,10,10
77752,102,83,19,19
77753,104,77,27,27
77754,198,154,44,44
77755,136,116,20,20
77756,62,65,-3,3
77757,100,89,11,11
77758,89,79,10,10
77759,131,110,21,21
77760,82,74,8,8
77761,157,133,24,24
77762,71,67,4,4
77763,54,50,4,4
77764,115,109,6,6
77765,80,72,8,8
77766,69,62,7,7
77767,80,66,14,14
77768,89,81,8,8
77769,91,81,10,10
77770,171,130,41,41
77771,86,72,14,14
77772,120,106,14,14
77773,72,68,4,4
77774,67,58,9,9
77775,122,124,-2,2
77776,71,62,9,9
77777,119,107,12,12
77778,80,70,10,10
77779,110,89,21,21
77780,47,47,0,0
77781,193,153,40,40
77782,80,69,11,11
77783,52,54,-2,2
77784,61,57,4,4
77785,90,87,3,3
77786,85,76,9,9
77787,74,67,7,7
77788,85,79,6,6
77789,125,128,-3,3
77790,150,126,24,24
77791,89,80,9,9
77792,93,81,12,12
77793,131,121,10,10
77794,66,64,2,2
77795,78,69,9,9
77796,151,132,19,19
77797,91,84,7,7
77798,75,74,1,1
77799,39,38,1,1
77800,54,47,7,7
77801,106,87,19,19
77802,128,115,13,13
77803,49,53,-4,4
77804,124,109,15,15
77805,76,68,8,8
77806,89,77,12,12
77807,48,44,4,4
77808,135,136,-1,1
77809,108,97,11,11
77810,113,93,20,20
77811,97,81,16,16
77812,155,139,16,16
77813,154,124,30,30
77814,118,93,25,25
77815,87,71,16,16
77816,56,55,1,1
77817,56,69,-13,13
77818,70,73,-3,3
77819,45,47,-2,2
77820,49,67,-18,18
77821,91,72,19,19
77822,76,67,9,9
77823,81,92,-11,11
77824,121,110,11,11
77825,109,95,14,14
77826,72,67,5,5
77827,75,67,8,8
77828,35,41,-6,6
77829,90,85,5,5
77830,132,113,19,19
77831,140,143,-3,3
77832,75,73,2,2
77833,76,69,7,7
77834,111,119,-8,8
77835,92,89,3,3
77836,120,118,2,2
77837,119,105,14,14
77838,78,77,1,1
77839,86,77,9,9
77840,60,60,0,0
77841,158,129,29,29
77842,94,80,14,14
77843,126,108,18,18
77844,112,90,22,22
77845,112,92,20,20
77846,73,69,4,4
77847,94,89,5,5
77848,133,108,25,25
77849,70,58,12,12
77850,83,70,13,13
77851,117,103,14,14
77852,104,92,12,12
77853,109,94,15,15
77854,173,135,38,38
77855,55,64,-9,9
77856,46,47,-1,1
77857,36,38,-2,2
77858,76,71,5,5
77859,136,117,19,19
77860,102,90,12,12
77861,110,98,12,12
77862,94,79,15,15
77863,80,70,10,10
77864,149,122,27,27
77865,249,200,49,49
77866,150,135,15,15
77867,49,51,-2,2
77868,58,52,6,6
77869,54,49,5,5
77870,83,65,18,18
77871,119,98,21,21
77872,58,58,0,0
77873,123,98,25,25
77874,125,105,20,20
77875,115,112,3,3
77876,74,77,-3,3
77877,71,59,12,12
77878,162,127,35,35
77879,96,90,6,6
77880,63,59,4,4
77881,87,83,4,4
77882,74,60,14,14
77883,70,80,-10,10
77884,114,105,9,9
77885,72,62,10,10
77886,58,61,-3,3
77887,117,97,20,20
77888,77,87,-10,10
77889,57,58,-1,1
77890,142,123,19,19
77891,57,60,-3,3
77892,77,69,8,8
77893,100,111,-11,11
77894,92,98,-6,6
77895,53,51,2,2
77896,98,82,16,16
77897,96,86,10,10
77898,67,59,8,8
77899,69,63,6,6
77900,108,98,10,10
77901,97,80,17,17
77902,75,63,12,12
77903,97,90,7,7
77904,127,103,24,24
77905,87,74,13,13
77906,86,75,11,11
77907,84,66,18,18
77908,86,75,11,11
77909,88,79,9,9
77910,97,86,11,11
77911,86,73,13,13
77912,79,78,1,1
77913,183,153,30,30
77914,97,87,10,10
77915,136,117,19,19
77916,78,69,9,9
77917,128,115,13,13
77918,116,97,19,19
77919,167,142,25,25
77920,143,134,9,9
77921,72,71,1,1
77922,101,89,12,12
77923,89,78,11,11
77924,63,53,10,10
77925,136,115,21,21
77926,129,114,15,15
77927,77,72,5,5
77928,70,73,-3,3
77929,114,98,16,16
77930,100,102,-2,2
77931,133,112,21,21
77932,130,116,14,14
77933,64,57,7,7
77934,105,91,14,14
77935,171,139,32,32
77936,120,101,19,19
77937,95,89,6,6
77938,72,68,4,4
77939,75,62,13,13
77940,110,87,23,23
77941,119,102,17,17
77942,184,155,29,29
77943,132,117,15,15
77944,128,118,10,10
77945,78,83,-5,5
77946,124,112,12,12
77947,123,111,12,12
77948,105,84,21,21
77949,51,55,-4,4
77950,89,93,-4,4
77951,58,60,-2,2
77952,112,95,17,17
77953,97,85,12,12
77954,95,88,7,7
77955,79,73,6,6
77956,85,75,10,10
77957,135,107,28,28
77958,127,118,9,9
77959,95,76,19,19
77960,141,130,11,11
77961,76,72,4,4
77962,63,59,4,4
77963,106,92,14,14
77964,95,78,17,17
77965,91,78,13,13
77966,147,130,17,17
77967,124,105,19,19
77968,88,71,17,17
77969,70,65,5,5
77970,80,83,-3,3
77971,41,44,-3,3
77972,59,55,4,4
77973,97,95,2,2
77974,61,55,6,6
77975,148,121,27,27
77976,106,88,18,18
77977,102,103,-1,1
77978,66,60,6,6
77979,75,63,12,12
77980,98,82,16,16
77981,58,49,9,9
77982,59,55,4,4
77983,53,49,4,4
77984,53,67,-14,14
77985,121,97,24,24
77986,101,79,22,22
77987,145,121,24,24
77988,57,53,4,4
77989,74,63,11,11
77990,65,60,5,5
77991,79,79,0,0
77992,117,103,14,14
77993,65,58,7,7
77994,64,63,1,1
77995,81,66,15,15
77996,125,97,28,28
77997,67,62,5,5
77998,69,64,5,5
77999,59,50,9,9
78000,126,104,22,22
78001,106,94,12,12
78002,63,59,4,4
78003,89,85,4,4
78004,120,90,30,30
78005,97,91,6,6
78006,70,64,6,6
78007,116,110,6,6
78008,77,60,17,17
78009,49,48,1,1
78010,71,63,8,8
78011,64,69,-5,5
78012,72,60,12,12
78013,128,103,25,25
78014,98,82,16,16
78015,66,61,5,5
78016,112,101,11,11
78017,51,46,5,5
78018,85,74,11,11
78019,100,84,16,16
78020,92,80,12,12
78021,111,98,13,13
78022,100,109,-9,9
78023,96,84,12,12
78024,166,134,32,32
78025,137,131,6,6
78026,72,63,9,9
78027,115,106,9,9
78028,88,76,12,12
78029,91,83,8,8
78030,103,91,12,12
78031,47,53,-6,6
78032,86,92,-6,6
78033,136,110,26,26
78034,157,146,11,11
78035,124,110,14,14
78036,137,124,13,13
78037,101,92,9,9
78038,74,68,6,6
78039,85,71,14,14
78040,45,44,1,1
78041,168,138,30,30
78042,115,97,18,18
78043,116,115,1,1
78044,84,82,2,2
78045,102,93,9,9
78046,59,67,-8,8
78047,106,99,7,7
78048,60,64,-4,4
78049,123,104,19,19
78050,85,69,16,16
78051,60,63,-3,3
78052,82,63,19,19
78053,160,131,29,29
78054,82,74,8,8
78055,83,76,7,7
78056,73,68,5,5
78057,113,102,11,11
78058,95,77,18,18
78059,100,83,17,17
78060,40,41,-1,1
78061,80,74,6,6
78062,110,96,14,14
78063,144,128,16,16
78064,115,93,22,22
78065,64,75,-11,11
78066,119,99,20,20
78067,102,92,10,10
78068,159,125,34,34
78069,104,89,15,15
78070,91,80,11,11
78071,133,119,14,14
78072,98,87,11,11
78073,96,93,3,3
78074,134,114,20,20
78075,160,134,26,26
78076,59,63,-4,4
78077,74,78,-4,4
78078,106,86,20,20
78079,64,54,10,10
78080,90,88,2,2
78081,67,60,7,7
78082,100,90,10,10
78083,68,60,8,8
78084,159,137,22,22
78085,87,80,7,7
78086,123,117,6,6
78087,78,70,8,8
78088,95,80,15,15
78089,56,62,-6,6
78090,102,91,11,11
78091,108,84,24,24
78092,73,62,11,11
78093,111,101,10,10
78094,137,119,18,18
78095,84,79,5,5
78096,89,72,17,17
78097,70,79,-9,9
78098,78,75,3,3
78099,152,132,20,20
78100,81,75,6,6
78101,49,50,-1,1
78102,69,65,4,4
78103,102,79,23,23
78104,62,61,1,1
78105,91,81,10,10
78106,72,50,22,22
78107,47,42,5,5
78108,184,141,43,43
78109,103,82,21,21
78110,69,67,2,2
78111,51,57,-6,6
78112,120,118,2,2
78113,105,78,27,27
78114,46,53,-7,7
78115,75,67,8,8
78116,71,64,7,7
78117,45,49,-4,4
78118,80,79,1,1
78119,79,80,-1,1
78120,78,68,10,10
78121,62,64,-2,2
78122,86,76,10,10
78123,122,108,14,14
78124,101,85,16,16
78125,72,65,7,7
78126,141,119,22,22
78127,69,67,2,2
78128,93,81,12,12
78129,55,49,6,6
78130,121,102,19,19
78131,105,101,4,4
78132,99,78,21,21
78133,195,154,41,41
78134,76,69,7,7
78135,124,103,21,21
78136,100,74,26,26
78137,152,133,19,19
78138,108,94,14,14
78139,49,46,3,3
78140,176,147,29,29
78141,104,175,-71,71
78142,81,61,20,20
78143,97,87,10,10
78144,58,52,6,6
78145,110,94,16,16
78146,55,56,-1,1
78147,69,62,7,7
78148,107,120,-13,13
78149,71,63,8,8
78150,88,84,4,4
78151,43,49,-6,6
78152,117,107,10,10
78153,81,65,16,16
78154,75,69,6,6
78155,108,99,9,9
78156,63,58,5,5
78157,74,69,5,5
78158,68,63,5,5
78159,62,57,5,5
78160,52,47,5,5
78161,78,78,0,0
78162,108,104,4,4
78163,188,144,44,44
78164,61,58,3,3
78165,77,67,10,10
78166,97,79,18,18
78167,67,51,16,16
78168,77,93,-16,16
78169,91,84,7,7
78170,69,63,6,6
78171,131,117,14,14
78172,56,53,3,3
78173,49,50,-1,1
78174,126,110,16,16
78175,114,97,17,17
78176,90,83,7,7
78177,75,76,-1,1
78178,83,69,14,14
78179,92,91,1,1
78180,83,77,6,6
78181,89,69,20,20
78182,85,76,9,9
78183,70,60,10,10
78184,108,91,17,17
78185,71,67,4,4
78186,68,58,10,10
78187,70,64,6,6
78188,107,101,6,6
78189,58,54,4,4
78190,51,50,1,1
78191,55,56,-1,1
78192,161,145,16,16
78193,46,55,-9,9
78194,92,81,11,11
78195,154,136,18,18
78196,83,77,6,6
78197,128,110,18,18
78198,73,70,3,3
78199,87,79,8,8
78200,122,103,19,19
78201,108,81,27,27
78202,76,81,-5,5
78203,59,64,-5,5
78204,83,77,6,6
78205,92,84,8,8
78206,96,86,10,10
78207,105,84,21,21
78208,58,57,1,1
78209,81,69,12,12
78210,110,90,20,20
78211,44,49,-5,5
78212,81,74,7,7
78213,63,64,-1,1
78214,78,70,8,8
78215,68,66,2,2
78216,120,113,7,7
78217,181,149,32,32
78218,141,117,24,24
78219,178,143,35,35
78220,64,54,10,10
78221,72,69,3,3
78222,45,38,7,7
78223,143,113,30,30
78224,145,119,26,26
78225,111,99,12,12
78226,86,80,6,6
78227,125,115,10,10
78228,79,72,7,7
78229,67,66,1,1
78230,173,143,30,30
78231,81,77,4,4
78232,88,86,2,2
78233,63,58,5,5
78234,66,80,-14,14
78235,96,83,13,13
78236,100,77,23,23
78237,57,52,5,5
78238,125,103,22,22
78239,156,132,24,24
78240,125,104,21,21
78241,133,119,14,14
78242,66,58,8,8
78243,159,145,14,14
78244,44,47,-3,3
78245,67,57,10,10
78246,105,93,12,12
78247,77,70,7,7
78248,64,65,-1,1
78249,62,85,-23,23
78250,69,58,11,11
78251,163,137,26,26
78252,62,60,2,2
78253,50,47,3,3
78254,100,90,10,10
78255,108,89,19,19
78256,70,63,7,7
78257,97,84,13,13
78258,83,68,15,15
78259,137,134,3,3
78260,70,63,7,7
78261,122,91,31,31
78262,79,79,0,0
78263,52,66,-14,14
78264,86,83,3,3
78265,93,77,16,16
78266,93,96,-3,3
78267,62,58,4,4
78268,109,88,21,21
78269,107,97,10,10
78270,83,75,8,8
78271,57,55,2,2
78272,61,61,0,0
78273,43,46,-3,3
78274,156,121,35,35
78275,102,86,16,16
78276,56,61,-5,5
78277,199,164,35,35
78278,103,98,5,5
78279,77,70,7,7
78280,147,139,8,8
78281,99,99,0,0
78282,74,97,-23,23
78283,71,61,10,10
78284,142,123,19,19
78285,72,60,12,12
78286,28,25,3,3
78287,99,99,0,0
78288,145,137,8,8
78289,51,47,4,4
78290,132,119,13,13
78291,102,92,10,10
78292,69,62,7,7
78293,142,120,22,22
78294,52,44,8,8
78295,87,84,3,3
78296,122,111,11,11
78297,93,94,-1,1
78298,85,83,2,2
78299,101,86,15,15
78300,88,81,7,7
78301,64,56,8,8
78302,131,110,21,21
78303,91,79,12,12
78304,174,138,36,36
78305,50,49,1,1
78306,78,75,3,3
78307,76,75,1,1
78308,118,104,14,14
78309,56,56,0,0
78310,53,50,3,3
78311,98,93,5,5
78312,119,112,7,7
78313,133,113,20,20
78314,66,59,7,7
78315,117,113,4,4
78316,94,83,11,11
78317,79,76,3,3
78318,114,103,11,11
78319,96,73,23,23
78320,81,77,4,4
78321,83,76,7,7
78322,74,68,6,6
78323,89,75,14,14
78324,73,75,-2,2
78325,160,139,21,21
78326,120,101,19,19
78327,52,47,5,5
78328,127,119,8,8
78329,93,79,14,14
78330,108,105,3,3
78331,95,85,10,10
78332,75,70,5,5
78333,124,99,25,25
78334,90,84,6,6
78335,101,93,8,8
78336,44,45,-1,1
78337,113,95,18,18
78338,64,64,0,0
78339,135,118,17,17
78340,147,121,26,26
78341,112,104,8,8
78342,63,62,1,1
78343,91,93,-2,2
78344,93,69,24,24
78345,116,101,15,15
78346,124,116,8,8
78347,127,118,9,9
78348,114,111,3,3
78349,137,100,37,37
78350,56,56,0,0
78351,54,51,3,3
78352,78,75,3,3
78353,71,65,6,6
78354,72,67,5,5
78355,67,67,0,0
78356,48,45,3,3
78357,115,120,-5,5
78358,53,50,3,3
78359,95,84,11,11
78360,56,65,-9,9
78361,45,42,3,3
78362,209,171,38,38
78363,85,86,-1,1
78364,80,70,10,10
78365,139,128,11,11
78366,64,59,5,5
78367,83,80,3,3
78368,121,103,18,18
78369,102,99,3,3
78370,94,82,12,12
78371,119,104,15,15
78372,59,58,1,1
78373,61,83,-22,22
78374,74,61,13,13
78375,76,70,6,6
78376,91,84,7,7
78377,132,106,26,26
78378,54,56,-2,2
78379,74,70,4,4
78380,96,79,17,17
78381,60,62,-2,2
78382,91,87,4,4
78383,102,93,9,9
78384,131,117,14,14
78385,95,81,14,14
78386,35,35,0,0
78387,70,69,1,1
78388,115,94,21,21
78389,63,58,5,5
78390,70,71,-1,1
78391,73,64,9,9
78392,79,72,7,7
78393,114,107,7,7
78394,75,78,-3,3
78395,103,91,12,12
78396,111,96,15,15
78397,110,103,7,7
78398,55,52,3,3
78399,89,87,2,2
78400,53,56,-3,3
78401,114,92,22,22
78402,104,93,11,11
78403,45,42,3,3
78404,122,105,17,17
78405,72,68,4,4
78406,140,116,24,24
78407,132,109,23,23
78408,127,142,-15,15
78409,133,112,21,21
78410,66,61,5,5
78411,99,88,11,11
78412,112,100,12,12
78413,104,80,24,24
78414,143,123,20,20
78415,107,89,18,18
78416,122,111,11,11
78417,166,146,20,20
78418,169,145,24,24
78419,165,152,13,13
78420,147,110,37,37
78421,63,58,5,5
78422,71,71,0,0
78423,59,52,7,7
78424,127,117,10,10
78425,168,138,30,30
78426,43,43,0,0
78427,103,89,14,14
78428,109,92,17,17
78429,99,93,6,6
78430,71,65,6,6
78431,94,87,7,7
78432,104,91,13,13
78433,96,89,7,7
78434,85,70,15,15
78435,122,95,27,27
78436,85,77,8,8
78437,49,53,-4,4
78438,44,58,-14,14
78439,65,56,9,9
78440,78,73,5,5
78441,117,102,15,15
78442,103,86,17,17
78443,106,85,21,21
78444,97,94,3,3
78445,167,158,9,9
78446,50,50,0,0
78447,134,111,23,23
78448,100,98,2,2
78449,81,75,6,6
78450,108,103,5,5
78451,55,56,-1,1
78452,82,78,4,4
78453,94,103,-9,9
78454,94,80,14,14
78455,61,57,4,4
78456,141,124,17,17
78457,79,73,6,6
78458,71,75,-4,4
78459,48,52,-4,4
78460,140,124,16,16
78461,70,76,-6,6
78462,63,56,7,7
78463,137,115,22,22
78464,40,41,-1,1
78465,103,89,14,14
78466,67,68,-1,1
78467,82,71,11,11
78468,119,108,11,11
78469,131,112,19,19
78470,77,82,-5,5
78471,98,85,13,13
78472,148,140,8,8
78473,91,76,15,15
78474,95,88,7,7
78475,60,54,6,6
78476,72,65,7,7
78477,123,106,17,17
78478,68,62,6,6
78479,124,116,8,8
78480,128,115,13,13
78481,114,108,6,6
78482,90,80,10,10
78483,108,99,9,9
78484,114,95,19,19
78485,33,52,-19,19
78486,95,89,6,6
78487,113,99,14,14
78488,57,54,3,3
78489,71,63,8,8
78490,110,86,24,24
78491,67,64,3,3
78492,59,56,3,3
78493,105,96,9,9
78494,132,110,22,22
78495,93,93,0,0
78496,90,87,3,3
78497,134,113,21,21
78498,32,34,-2,2
78499,108,132,-24,24
78500,81,70,11,11
78501,94,86,8,8
78502,116,106,10,10
78503,131,116,15,15
78504,63,66,-3,3
78505,96,83,13,13
78506,71,58,13,13
78507,71,59,12,12
78508,79,79,0,0
78509,115,98,17,17
78510,48,60,-12,12
78511,85,72,13,13
78512,113,95,18,18
78513,89,80,9,9
78514,131,115,16,16
78515,91,84,7,7
78516,72,65,7,7
78517,169,135,34,34
78518,133,120,13,13
78519,176,133,43,43
78520,118,112,6,6
78521,71,73,-2,2
78522,65,62,3,3
78523,144,109,35,35
78524,72,82,-10,10
78525,70,68,2,2
78526,70,63,7,7
78527,117,93,24,24
78528,97,86,11,11
78529,57,55,2,2
78530,61,75,-14,14
78531,80,71,9,9
78532,92,82,10,10
78533,85,79,6,6
78534,125,104,21,21
78535,90,88,2,2
78536,80,68,12,12
78537,71,70,1,1
78538,149,119,30,30
78539,69,63,6,6
78540,104,89,15,15
78541,95,80,15,15
78542,129,100,29,29
78543,144,116,28,28
78544,61,58,3,3
78545,130,107,23,23
78546,144,121,23,23
78547,39,38,1,1
78548,114,99,15,15
78549,48,45,3,3
78550,94,79,15,15
78551,92,78,14,14
78552,101,79,22,22
78553,79,82,-3,3
78554,113,90,23,23
78555,69,69,0,0
78556,41,43,-2,2
78557,69,67,2,2
78558,108,97,11,11
78559,66,60,6,6
78560,93,75,18,18
78561,86,73,13,13
78562,79,73,6,6
78563,80,77,3,3
78564,87,77,10,10
78565,179,142,37,37
78566,67,59,8,8
78567,71,71,0,0
78568,86,72,14,14
78569,92,86,6,6
78570,109,101,8,8
78571,45,51,-6,6
78572,84,77,7,7
78573,158,134,24,24
78574,92,79,13,13
78575,75,66,9,9
78576,84,76,8,8
78577,65,66,-1,1
78578,104,86,18,18
78579,44,45,-1,1
78580,198,146,52,52
78581,124,101,23,23
78582,134,105,29,29
78583,122,99,23,23
78584,77,70,7,7
78585,103,91,12,12
78586,98,83,15,15
78587,59,48,11,11
78588,87,61,26,26
78589,74,62,12,12
78590,67,67,0,0
78591,85,75,10,10
78592,79,65,14,14
78593,96,90,6,6
78594,121,109,12,12
78595,98,99,-1,1
78596,145,118,27,27
78597,110,94,16,16
78598,144,129,15,15
78599,85,74,11,11
78600,114,107,7,7
78601,95,82,13,13
78602,51,56,-5,5
78603,97,85,12,12
78604,81,63,18,18
78605,81,71,10,10
78606,85,76,9,9
78607,154,136,18,18
78608,125,105,20,20
78609,97,90,7,7
78610,161,133,28,28
78611,144,114,30,30
78612,127,108,19,19
78613,88,77,11,11
78614,180,146,34,34
78615,90,87,3,3
78616,66,70,-4,4
78617,95,84,11,11
78618,94,91,3,3
78619,75,71,4,4
78620,65,65,0,0
78621,111,111,0,0
78622,67,58,9,9
78623,86,83,3,3
78624,141,116,25,25
78625,102,88,14,14
78626,142,131,11,11
78627,188,162,26,26
78628,62,51,11,11
78629,104,99,5,5
78630,63,57,6,6
78631,100,84,16,16
78632,148,124,24,24
78633,103,98,5,5
78634,122,112,10,10
78635,69,65,4,4
78636,89,77,12,12
78637,113,84,29,29
78638,135,117,18,18
78639,158,125,33,33
78640,74,60,14,14
78641,54,52,2,2
78642,106,96,10,10
78643,56,84,-28,28
78644,113,96,17,17
78645,95,77,18,18
78646,134,115,19,19
78647,73,68,5,5
78648,51,46,5,5
78649,50,42,8,8
78650,33,34,-1,1
78651,130,105,25,25
78652,111,118,-7,7
78653,58,51,7,7
78654,103,89,14,14
78655,136,125,11,11
78656,99,86,13,13
78657,99,82,17,17
78658,116,99,17,17
78659,149,124,25,25
78660,69,64,5,5
78661,81,83,-2,2
78662,57,53,4,4
78663,85,71,14,14
78664,78,83,-5,5
78665,94,83,11,11
78666,112,93,19,19
78667,141,106,35,35
78668,133,111,22,22
78669,85,83,2,2
78670,100,96,4,4
78671,62,57,5,5
78672,121,103,18,18
78673,54,55,-1,1
78674,154,133,21,21
78675,142,112,30,30
78676,104,110,-6,6
78677,103,89,14,14
78678,70,61,9,9
78679,118,102,16,16
78680,115,102,13,13
78681,145,127,18,18
78682,106,98,8,8
78683,114,106,8,8
78684,87,75,12,12
78685,155,125,30,30
78686,142,116,26,26
78687,132,108,24,24
78688,94,83,11,11
78689,142,127,15,15
78690,150,130,20,20
78691,53,53,0,0
78692,94,82,12,12
78693,85,88,-3,3
78694,62,62,0,0
78695,53,48,5,5
78696,81,79,2,2
78697,175,151,24,24
78698,55,48,7,7
78699,72,74,-2,2
78700,93,83,10,10
78701,73,73,0,0
78702,47,53,-6,6
78703,67,63,4,4
78704,117,100,17,17
78705,104,92,12,12
78706,76,67,9,9
78707,99,79,20,20
78708,131,111,20,20
78709,84,82,2,2
78710,105,104,1,1
78711,157,122,35,35
78712,111,105,6,6
78713,91,83,8,8
78714,74,83,-9,9
78715,79,71,8,8
78716,103,84,19,19
78717,119,101,18,18
78718,163,108,55,55
78719,69,65,4,4
78720,112,95,17,17
78721,55,56,-1,1
78722,97,87,10,10
78723,99,81,18,18
78724,58,63,-5,5
78725,125,103,22,22
78726,88,73,15,15
78727,81,73,8,8
78728,158,142,16,16
78729,55,61,-6,6
78730,114,109,5,5
78731,95,85,10,10
78732,87,96,-9,9
78733,139,111,28,28
78734,79,68,11,11
78735,75,62,13,13
78736,56,56,0,0
78737,113,119,-6,6
78738,148,120,28,28
78739,160,129,31,31
78740,97,90,7,7
78741,88,80,8,8
78742,89,78,11,11
78743,101,88,13,13
78744,53,52,1,1
78745,97,100,-3,3
78746,67,63,4,4
78747,117,104,13,13
78748,72,59,13,13
78749,40,45,-5,5
78750,48,46,2,2
78751,88,73,15,15
78752,95,80,15,15
78753,132,109,23,23
78754,63,55,8,8
78755,95,85,10,10
78756,84,74,10,10
78757,33,37,-4,4
78758,70,66,4,4
78759,154,128,26,26
78760,163,131,32,32
78761,175,143,32,32
78762,92,78,14,14
78763,150,131,19,19
78764,67,64,3,3
78765,127,118,9,9
78766,131,125,6,6
78767,194,159,35,35
78768,113,97,16,16
78769,106,93,13,13
78770,88,73,15,15
78771,75,66,9,9
78772,56,65,-9,9
78773,86,86,0,0
78774,66,57,9,9
78775,171,145,26,26
78776,127,108,19,19
78777,110,98,12,12
78778,93,86,7,7
78779,89,83,6,6
78780,72,74,-2,2
78781,98,81,17,17
78782,77,71,6,6
78783,93,84,9,9
78784,112,87,25,25
78785,68,62,6,6
78786,104,101,3,3
78787,78,69,9,9
78788,69,71,-2,2
78789,48,44,4,4
78790,65,65,0,0
78791,109,100,9,9
78792,90,95,-5,5
78793,141,122,19,19
78794,100,90,10,10
78795,133,115,18,18
78796,110,91,19,19
78797,54,49,5,5
78798,71,64,7,7
78799,144,121,23,23
78800,57,67,-10,10
78801,88,86,2,2
78802,107,90,17,17
78803,128,107,21,21
78804,93,88,5,5
78805,136,120,16,16
78806,107,83,24,24
78807,151,121,30,30
78808,114,97,17,17
78809,67,60,7,7
78810,94,85,9,9
78811,90,74,16,16
78812,105,84,21,21
78813,132,108,24,24
78814,90,79,11,11
78815,120,112,8,8
78816,91,89,2,2
78817,155,134,21,21
78818,62,57,5,5
78819,109,93,16,16
78820,100,95,5,5
78821,160,128,32,32
78822,96,83,13,13
78823,104,99,5,5
78824,93,81,12,12
78825,72,68,4,4
78826,59,66,-7,7
78827,74,63,11,11
78828,83,68,15,15
78829,92,74,18,18
78830,100,93,7,7
78831,87,75,12,12
78832,122,108,14,14
78833,78,68,10,10
78834,79,66,13,13
78835,138,106,32,32
78836,158,134,24,24
78837,75,71,4,4
78838,100,83,17,17
78839,134,111,23,23
78840,138,139,-1,1
78841,82,82,0,0
78842,52,45,7,7
78843,74,71,3,3
78844,60,52,8,8
78845,49,47,2,2
78846,45,49,-4,4
78847,83,73,10,10
78848,55,55,0,0
78849,74,65,9,9
78850,96,80,16,16
78851,71,68,3,3
78852,73,66,7,7
78853,104,103,1,1
78854,57,51,6,6
78855,79,73,6,6
78856,109,101,8,8
78857,65,55,10,10
78858,129,125,4,4
78859,75,65,10,10
78860,209,167,42,42
78861,102,83,19,19
78862,102,95,7,7
78863,142,119,23,23
78864,140,112,28,28
78865,44,43,1,1
78866,102,95,7,7
78867,89,71,18,18
78868,86,72,14,14
78869,85,79,6,6
78870,88,75,13,13
78871,77,75,2,2
78872,123,114,9,9
78873,62,67,-5,5
78874,163,139,24,24
78875,114,102,12,12
78876,55,61,-6,6
78877,112,103,9,9
78878,125,110,15,15
78879,123,110,13,13
78880,96,84,12,12
78881,111,92,19,19
78882,136,112,24,24
78883,75,69,6,6
78884,134,118,16,16
78885,77,77,0,0
78886,98,88,10,10
78887,94,81,13,13
78888,77,72,5,5
78889,83,71,12,12
78890,97,78,19,19
78891,82,72,10,10
78892,126,106,20,20
78893,159,140,19,19
78894,100,95,5,5
78895,100,103,-3,3
78896,121,108,13,13
78897,117,89,28,28
78898,81,82,-1,1
78899,90,81,9,9
78900,68,60,8,8
78901,110,99,11,11
78902,118,117,1,1
78903,97,85,12,12
78904,81,73,8,8
78905,105,92,13,13
78906,95,77,18,18
78907,66,69,-3,3
78908,109,97,12,12
78909,141,124,17,17
78910,52,49,3,3
78911,80,67,13,13
78912,93,78,15,15
78913,76,68,8,8
78914,111,100,11,11
78915,107,89,18,18
78916,132,113,19,19
78917,100,92,8,8
78918,138,113,25,25
78919,122,102,20,20
78920,105,96,9,9
78921,85,76,9,9
78922,96,85,11,11
78923,60,51,9,9
78924,106,90,16,16
78925,47,61,-14,14
78926,97,85,12,12
78927,36,38,-2,2
78928,111,87,24,24
78929,121,116,5,5
78930,85,69,16,16
78931,95,62,33,33
78932,78,72,6,6
78933,113,101,12,12
78934,72,63,9,9
78935,110,103,7,7
78936,38,40,-2,2
78937,133,118,15,15
78938,52,74,-22,22
78939,49,48,1,1
78940,57,55,2,2
78941,209,147,62,62
78942,93,89,4,4
78943,62,59,3,3
78944,51,52,-1,1
78945,82,95,-13,13
78946,77,68,9,9
78947,165,133,32,32
78948,58,52,6,6
78949,108,91,17,17
78950,43,46,-3,3
78951,83,74,9,9
78952,92,76,16,16
78953,127,106,21,21
78954,47,46,1,1
78955,78,68,10,10
78956,62,53,9,9
78957,136,112,24,24
78958,121,112,9,9
78959,79,75,4,4
78960,83,84,-1,1
78961,100,90,10,10
78962,86,97,-11,11
78963,89,83,6,6
78964,74,65,9,9
78965,133,116,17,17
78966,107,95,12,12
78967,89,75,14,14
78968,72,65,7,7
78969,78,80,-2,2
78970,52,48,4,4
78971,94,78,16,16
78972,107,94,13,13
78973,61,53,8,8
78974,224,178,46,46
78975,75,66,9,9
78976,53,56,-3,3
78977,95,88,7,7
78978,63,55,8,8
78979,133,120,13,13
78980,45,39,6,6
78981,65,61,4,4
78982,93,79,14,14
78983,68,67,1,1
78984,86,79,7,7
78985,116,104,12,12
78986,112,102,10,10
78987,79,66,13,13
78988,83,70,13,13
78989,136,126,10,10
78990,58,55,3,3
78991,98,82,16,16
78992,216,194,22,22
78993,135,117,18,18
78994,87,77,10,10
78995,99,85,14,14
78996,85,73,12,12
78997,57,53,4,4
78998,69,58,11,11
78999,72,66,6,6
79000,42,44,-2,2
79001,50,48,2,2
79002,120,104,16,16
79003,43,41,2,2
79004,58,52,6,6
79005,64,67,-3,3
79006,47,49,-2,2
79007,118,96,22,22
79008,91,106,-15,15
79009,115,105,10,10
79010,132,121,11,11
79011,124,105,19,19
79012,127,123,4,4
79013,90,75,15,15
79014,142,126,16,16
79015,72,67,5,5
79016,91,87,4,4
79017,93,87,6,6
79018,159,141,18,18
79019,76,71,5,5
79020,89,87,2,2
79021,127,98,29,29
79022,76,70,6,6
79023,101,84,17,17
79024,95,85,10,10
79025,82,74,8,8
79026,109,95,14,14
79027,108,90,18,18
79028,84,77,7,7
79029,184,159,25,25
79030,77,66,11,11
79031,92,74,18,18
79032,57,56,1,1
79033,104,95,9,9
79034,118,107,11,11
79035,111,93,18,18
79036,78,60,18,18
79037,122,97,25,25
79038,72,64,8,8
79039,106,87,19,19
79040,61,54,7,7
79041,106,97,9,9
79042,122,109,13,13
79043,119,103,16,16
79044,141,111,30,30
79045,114,97,17,17
79046,124,104,20,20
79047,86,70,16,16
79048,43,53,-10,10
79049,177,154,23,23
79050,169,167,2,2
79051,100,93,7,7
79052,70,67,3,3
79053,80,74,6,6
79054,82,75,7,7
79055,97,82,15,15
79056,112,93,19,19
79057,122,103,19,19
79058,62,57,5,5
79059,146,115,31,31
79060,77,78,-1,1
79061,95,87,8,8
79062,167,132,35,35
79063,62,82,-20,20
79064,112,127,-15,15
79065,56,54,2,2
79066,126,100,26,26
79067,127,105,22,22
79068,221,183,38,38
79069,180,151,29,29
79070,73,61,12,12
79071,53,51,2,2
79072,82,79,3,3
79073,58,54,4,4
79074,78,68,10,10
79075,130,110,20,20
79076,39,36,3,3
79077,93,104,-11,11
79078,87,71,16,16
79079,82,69,13,13
79080,130,123,7,7
79081,74,67,7,7
79082,93,79,14,14
79083,69,70,-1,1
79084,57,53,4,4
79085,79,66,13,13
79086,120,105,15,15
79087,91,73,18,18
79088,99,99,0,0
79089,100,85,15,15
79090,93,81,12,12
79091,78,74,4,4
79092,82,77,5,5
79093,242,150,92,92
79094,154,132,22,22
79095,63,57,6,6
79096,52,50,2,2
79097,106,91,15,15
79098,87,93,-6,6
79099,106,101,5,5
79100,36,34,2,2
79101,108,113,-5,5
79102,153,165,-12,12
79103,44,53,-9,9
79104,119,105,14,14
79105,51,50,1,1
79106,156,129,27,27
79107,114,118,-4,4
79108,123,108,15,15
79109,149,128,21,21
79110,90,76,14,14
79111,67,61,6,6
79112,179,147,32,32
79113,123,109,14,14
79114,88,81,7,7
79115,211,180,31,31
79116,149,121,28,28
79117,58,51,7,7
79118,85,75,10,10
79119,94,83,11,11
79120,125,115,10,10
79121,50,53,-3,3
79122,78,64,14,14
79123,91,78,13,13
79124,166,147,19,19
79125,89,75,14,14
79126,55,60,-5,5
79127,140,120,20,20
79128,122,109,13,13
79129,92,71,21,21
79130,59,56,3,3
79131,112,106,6,6
79132,97,90,7,7
79133,109,102,7,7
79134,121,122,-1,1
79135,75,70,5,5
79136,80,67,13,13
79137,104,90,14,14
79138,130,116,14,14
79139,148,132,16,16
79140,54,46,8,8
79141,121,99,22,22
79142,65,74,-9,9
79143,51,55,-4,4
79144,142,111,31,31
79145,40,37,3,3
79146,58,58,0,0
79147,92,81,11,11
79148,71,67,4,4
79149,96,84,12,12
79150,118,99,19,19
79151,54,57,-3,3
79152,91,88,3,3
79153,70,62,8,8
79154,85,74,11,11
79155,47,51,-4,4
79156,137,122,15,15
79157,88,87,1,1
79158,73,68,5,5
79159,99,87,12,12
79160,68,63,5,5
79161,174,155,19,19
79162,119,111,8,8
79163,84,74,10,10
79164,103,105,-2,2
79165,174,149,25,25
79166,98,84,14,14
79167,86,71,15,15
79168,101,93,8,8
79169,88,68,20,20
79170,78,69,9,9
79171,94,80,14,14
79172,131,112,19,19
79173,104,84,20,20
79174,89,95,-6,6
79175,104,104,0,0
79176,43,46,-3,3
79177,85,77,8,8
79178,66,66,0,0
79179,108,103,5,5
79180,89,93,-4,4
79181,54,54,0,0
79182,75,68,7,7
79183,85,85,0,0
79184,94,83,11,11
79185,58,56,2,2
79186,191,163,28,28
79187,63,58,5,5
79188,73,59,14,14
79189,92,84,8,8
79190,125,100,25,25
79191,90,82,8,8
79192,128,111,17,17
79193,38,43,-5,5
79194,84,74,10,10
79195,85,72,13,13
79196,147,126,21,21
79197,54,50,4,4
79198,78,70,8,8
79199,117,94,23,23
79200,78,74,4,4
79201,83,72,11,11
79202,125,136,-11,11
79203,108,96,12,12
79204,94,84,10,10
79205,45,43,2,2
79206,120,107,13,13
79207,86,76,10,10
79208,85,77,8,8
79209,50,47,3,3
79210,89,75,14,14
79211,90,76,14,14
79212,75,69,6,6
79213,110,102,8,8
79214,82,73,9,9
79215,140,120,20,20
79216,102,92,10,10
79217,78,73,5,5
79218,90,83,7,7
79219,49,48,1,1
79220,60,54,6,6
79221,128,127,1,1
79222,91,86,5,5
79223,94,84,10,10
79224,101,85,16,16
79225,90,82,8,8
79226,115,100,15,15
79227,111,87,24,24
79228,110,106,4,4
79229,64,64,0,0
79230,112,85,27,27
79231,88,83,5,5
79232,108,87,21,21
79233,100,89,11,11
79234,66,58,8,8
79235,142,111,31,31
79236,64,59,5,5
79237,140,120,20,20
79238,124,107,17,17
79239,66,60,6,6
79240,99,83,16,16
79241,78,67,11,11
79242,103,100,3,3
79243,121,100,21,21
79244,96,79,17,17
79245,30,33,-3,3
79246,69,59,10,10
79247,97,81,16,16
79248,81,69,12,12
79249,72,64,8,8
79250,93,76,17,17
79251,84,83,1,1
79252,84,83,1,1
79253,98,89,9,9
79254,57,64,-7,7
79255,81,76,5,5
79256,88,84,4,4
79257,98,86,12,12
79258,171,145,26,26
79259,76,68,8,8
79260,126,116,10,10
79261,90,80,10,10
79262,91,72,19,19
79263,94,77,17,17
79264,91,76,15,15
79265,122,105,17,17
79266,81,78,3,3
79267,86,92,-6,6
79268,79,73,6,6
79269,76,78,-2,2
79270,97,94,3,3
79271,125,128,-3,3
79272,125,116,9,9
79273,62,59,3,3
79274,63,62,1,1
79275,81,75,6,6
79276,115,87,28,28
79277,162,144,18,18
79278,103,89,14,14
79279,64,60,4,4
79280,153,126,27,27
79281,69,71,-2,2
79282,132,107,25,25
79283,76,63,13,13
79284,63,69,-6,6
79285,65,61,4,4
79286,89,74,15,15
79287,165,124,41,41
79288,84,72,12,12
79289,89,74,15,15
79290,130,112,18,18
79291,73,58,15,15
79292,110,108,2,2
79293,157,127,30,30
79294,82,76,6,6
79295,100,89,11,11
79296,128,108,20,20
79297,122,106,16,16
79298,102,93,9,9
79299,102,83,19,19
79300,86,69,17,17
79301,124,113,11,11
79302,157,130,27,27
79303,104,91,13,13
79304,94,86,8,8
79305,59,57,2,2
79306,103,87,16,16
79307,78,67,11,11
79308,73,71,2,2
79309,76,69,7,7
79310,112,114,-2,2
79311,103,113,-10,10
79312,159,120,39,39
79313,42,45,-3,3
79314,83,72,11,11
79315,108,97,11,11
79316,129,112,17,17
79317,129,112,17,17
79318,145,120,25,25
79319,70,64,6,6
79320,71,63,8,8
79321,60,61,-1,1
79322,100,85,15,15
79323,173,151,22,22
79324,156,127,29,29
79325,101,88,13,13
79326,99,90,9,9
79327,130,116,14,14
79328,68,112,-44,44
79329,138,111,27,27
79330,138,121,17,17
79331,126,111,15,15
79332,74,65,9,9
79333,75,67,8,8
79334,79,69,10,10
79335,67,63,4,4
79336,80,109,-29,29
79337,86,68,18,18
79338,57,53,4,4
79339,111,111,0,0
79340,95,84,11,11
79341,85,72,13,13
79342,88,75,13,13
79343,72,61,11,11
79344,22,39,-17,17
79345,97,75,22,22
79346,130,106,24,24
79347,55,53,2,2
79348,95,80,15,15
79349,86,77,9,9
79350,53,50,3,3
79351,66,60,6,6
79352,122,117,5,5
79353,130,114,16,16
79354,135,115,20,20
79355,47,46,1,1
79356,65,90,-25,25
79357,46,38,8,8
79358,155,125,30,30
79359,60,58,2,2
79360,75,72,3,3
79361,97,79,18,18
79362,142,110,32,32
79363,57,61,-4,4
79364,80,74,6,6
79365,44,40,4,4
79366,107,95,12,12
79367,39,52,-13,13
79368,163,147,16,16
79369,152,147,5,5
79370,119,105,14,14
79371,98,76,22,22
79372,67,67,0,0
79373,61,54,7,7
79374,99,89,10,10
79375,62,59,3,3
79376,68,63,5,5
79377,72,71,1,1
79378,83,77,6,6
79379,103,84,19,19
79380,116,112,4,4
79381,122,112,10,10
79382,88,81,7,7
79383,129,107,22,22
79384,86,74,12,12
79385,82,76,6,6
79386,83,77,6,6
79387,71,73,-2,2
79388,77,70,7,7
79389,100,94,6,6
79390,206,173,33,33
79391,152,152,0,0
79392,58,50,8,8
79393,141,120,21,21
79394,96,77,19,19
79395,149,116,33,33
79396,80,67,13,13
79397,48,46,2,2
79398,75,70,5,5
79399,95,81,14,14
79400,126,116,10,10
79401,74,65,9,9
79402,95,82,13,13
79403,59,59,0,0
79404,164,143,21,21
79405,95,82,13,13
79406,46,48,-2,2
79407,88,79,9,9
79408,135,123,12,12
79409,140,111,29,29
79410,103,93,10,10
79411,69,62,7,7
79412,144,112,32,32
79413,147,120,27,27
79414,105,99,6,6
79415,154,110,44,44
79416,77,67,10,10
79417,74,69,5,5
79418,132,112,20,20
79419,56,56,0,0
79420,48,50,-2,2
79421,77,69,8,8
79422,20,35,-15,15
79423,94,89,5,5
79424,66,65,1,1
79425,72,64,8,8
79426,130,107,23,23
79427,282,220,62,62
79428,139,101,38,38
79429,99,101,-2,2
79430,67,63,4,4
79431,72,69,3,3
79432,96,92,4,4
79433,76,71,5,5
79434,119,100,19,19
79435,93,73,20,20
79436,61,64,-3,3
79437,79,65,14,14
79438,107,92,15,15
79439,152,143,9,9
79440,85,71,14,14
79441,62,49,13,13
79442,103,85,18,18
79443,59,54,5,5
79444,109,103,6,6
79445,84,82,2,2
79446,85,72,13,13
79447,77,82,-5,5
79448,182,154,28,28
79449,105,102,3,3
79450,165,147,18,18
79451,101,86,15,15
79452,91,78,13,13
79453,93,81,12,12
79454,105,97,8,8
79455,98,92,6,6
79456,140,122,18,18
79457,150,122,28,28
79458,168,134,34,34
79459,155,129,26,26
79460,75,58,17,17
79461,56,48,8,8
79462,41,47,-6,6
79463,84,74,10,10
79464,46,49,-3,3
79465,168,146,22,22
79466,148,121,27,27
79467,92,84,8,8
79468,93,80,13,13
79469,108,90,18,18
79470,52,52,0,0
79471,100,86,14,14
79472,77,76,1,1
79473,95,80,15,15
79474,67,61,6,6
79475,84,64,20,20
79476,107,94,13,13
79477,80,68,12,12
79478,104,90,14,14
79479,86,78,8,8
79480,90,72,18,18
79481,70,71,-1,1
79482,125,119,6,6
79483,68,64,4,4
79484,125,111,14,14
79485,133,120,13,13
79486,77,63,14,14
79487,70,68,2,2
79488,182,150,32,32
79489,114,91,23,23
79490,114,102,12,12
79491,183,158,25,25
79492,57,58,-1,1
79493,111,102,9,9
79494,49,51,-2,2
79495,58,55,3,3
79496,97,97,0,0
79497,141,129,12,12
79498,133,117,16,16
79499,115,94,21,21
79500,142,119,23,23
79501,53,51,2,2
79502,69,58,11,11
79503,152,120,32,32
79504,52,53,-1,1
79505,145,126,19,19
79506,90,77,13,13
79507,125,104,21,21
79508,73,58,15,15
79509,72,64,8,8
79510,69,70,-1,1
79511,146,122,24,24
79512,149,130,19,19
79513,79,71,8,8
79514,105,101,4,4
79515,65,56,9,9
79516,139,114,25,25
79517,123,105,18,18
79518,105,75,30,30
79519,40,40,0,0
79520,65,61,4,4
79521,134,115,19,19
79522,123,108,15,15
79523,127,103,24,24
79524,39,61,-22,22
79525,104,99,5,5
79526,48,47,1,1
79527,78,78,0,0
79528,102,86,16,16
79529,72,58,14,14
79530,130,115,15,15
79531,107,96,11,11
79532,90,80,10,10
79533,85,72,13,13
79534,103,93,10,10
79535,118,99,19,19
79536,67,69,-2,2
79537,101,81,20,20
79538,108,88,20,20
79539,134,130,4,4
79540,83,67,16,16
79541,103,81,22,22
79542,43,55,-12,12
79543,154,123,31,31
79544,137,118,19,19
79545,133,106,27,27
79546,165,125,40,40
79547,68,66,2,2
79548,144,124,20,20
79549,112,102,10,10
79550,96,82,14,14
79551,84,70,14,14
79552,131,103,28,28
79553,95,81,14,14
79554,166,138,28,28
79555,56,57,-1,1
79556,112,98,14,14
79557,55,55,0,0
79558,88,79,9,9
79559,81,66,15,15
79560,79,71,8,8
79561,105,94,11,11
79562,52,49,3,3
79563,131,108,23,23
79564,101,91,10,10
79565,98,71,27,27
79566,60,52,8,8
79567,66,63,3,3
79568,85,68,17,17
79569,81,70,11,11
79570,117,112,5,5
79571,61,54,7,7
79572,74,70,4,4
79573,64,62,2,2
79574,61,56,5,5
79575,106,91,15,15
79576,82,72,10,10
79577,68,78,-10,10
79578,100,95,5,5
79579,111,90,21,21
79580,73,70,3,3
79581,110,96,14,14
79582,110,104,6,6
79583,150,128,22,22
79584,119,109,10,10
79585,140,123,17,17
79586,107,87,20,20
79587,31,38,-7,7
79588,111,97,14,14
79589,93,87,6,6
79590,73,66,7,7
79591,75,74,1,1
79592,106,107,-1,1
79593,46,50,-4,4
79594,169,143,26,26
79595,128,110,18,18
79596,189,165,24,24
79597,119,103,16,16
79598,61,51,10,10
79599,109,100,9,9
79600,129,102,27,27
79601,118,108,10,10
79602,91,81,10,10
79603,95,87,8,8
79604,106,83,23,23
79605,188,157,31,31
79606,78,72,6,6
79607,59,66,-7,7
79608,66,56,10,10
79609,62,62,0,0
79610,137,114,23,23
79611,82,77,5,5
79612,115,102,13,13
79613,102,86,16,16
79614,50,68,-18,18
79615,119,104,15,15
79616,159,141,18,18
79617,146,126,20,20
79618,62,55,7,7
79619,72,60,12,12
79620,82,73,9,9
79621,64,62,2,2
79622,74,69,5,5
79623,104,87,17,17
79624,169,118,51,51
79625,86,80,6,6
79626,178,164,14,14
79627,83,70,13,13
79628,115,100,15,15
79629,124,111,13,13
79630,123,134,-11,11
79631,90,80,10,10
79632,51,48,3,3
79633,99,87,12,12
79634,99,111,-12,12
79635,108,87,21,21
79636,124,96,28,28
79637,144,123,21,21
79638,128,118,10,10
79639,70,65,5,5
79640,74,73,1,1
79641,134,122,12,12
79642,119,109,10,10
79643,41,41,0,0
79644,101,95,6,6
79645,149,123,26,26
79646,121,102,19,19
79647,56,50,6,6
79648,108,94,14,14
79649,72,69,3,3
79650,98,84,14,14
79651,67,59,8,8
79652,69,62,7,7
79653,89,79,10,10
79654,122,118,4,4
79655,75,68,7,7
79656,80,76,4,4
79657,184,163,21,21
79658,80,70,10,10
79659,136,118,18,18
79660,85,77,8,8
79661,86,71,15,15
79662,99,95,4,4
79663,161,147,14,14
79664,106,100,6,6
79665,86,79,7,7
79666,160,135,25,25
79667,140,132,8,8
79668,157,139,18,18
79669,121,106,15,15
79670,61,61,0,0
79671,108,94,14,14
79672,110,97,13,13
79673,101,82,19,19
79674,85,76,9,9
79675,125,113,12,12
79676,67,61,6,6
79677,64,61,3,3
79678,47,58,-11,11
79679,111,106,5,5
79680,45,50,-5,5
79681,79,62,17,17
79682,102,87,15,15
79683,99,75,24,24
79684,121,104,17,17
79685,75,76,-1,1
79686,172,144,28,28
79687,67,70,-3,3
79688,111,90,21,21
79689,119,115,4,4
79690,134,110,24,24
79691,139,117,22,22
79692,67,63,4,4
79693,100,116,-16,16
79694,64,60,4,4
79695,105,92,13,13
79696,106,90,16,16
79697,41,40,1,1
79698,122,105,17,17
79699,96,87,9,9
79700,74,71,3,3
79701,97,84,13,13
79702,106,89,17,17
79703,58,52,6,6
79704,61,57,4,4
79705,72,62,10,10
79706,97,81,16,16
79707,104,94,10,10
79708,90,81,9,9
79709,190,160,30,30
79710,113,109,4,4
79711,72,83,-11,11
79712,102,88,14,14
79713,143,104,39,39
79714,71,63,8,8
79715,80,79,1,1
79716,45,42,3,3
79717,57,57,0,0
79718,109,95,14,14
79719,80,70,10,10
79720,54,59,-5,5
79721,75,75,0,0
79722,80,75,5,5
79723,73,67,6,6
79724,216,171,45,45
79725,73,71,2,2
79726,124,108,16,16
79727,160,116,44,44
79728,140,122,18,18
79729,136,114,22,22
79730,68,57,11,11
79731,91,79,12,12
79732,69,56,13,13
79733,93,92,1,1
79734,103,91,12,12
79735,93,83,10,10
79736,53,50,3,3
79737,116,101,15,15
79738,57,62,-5,5
79739,89,77,12,12
79740,58,48,10,10
79741,136,118,18,18
79742,95,85,10,10
79743,59,60,-1,1
79744,169,139,30,30
79745,105,93,12,12
79746,119,98,21,21
79747,89,79,10,10
79748,132,107,25,25
79749,81,65,16,16
79750,52,45,7,7
79751,139,106,33,33
79752,60,58,2,2
79753,128,113,15,15
79754,54,49,5,5
79755,123,114,9,9
79756,99,86,13,13
79757,36,47,-11,11
79758,40,41,-1,1
79759,114,103,11,11
79760,89,73,16,16
79761,68,65,3,3
79762,96,81,15,15
79763,120,106,14,14
79764,85,76,9,9
79765,67,57,10,10
79766,90,81,9,9
79767,59,55,4,4
79768,86,68,18,18
79769,187,158,29,29
79770,117,101,16,16
79771,50,54,-4,4
79772,90,77,13,13
79773,92,80,12,12
79774,57,57,0,0
79775,55,51,4,4
79776,51,53,-2,2
79777,84,74,10,10
79778,110,98,12,12
79779,52,61,-9,9
79780,56,61,-5,5
79781,82,72,10,10
79782,141,126,15,15
79783,104,91,13,13
79784,113,103,10,10
79785,119,96,23,23
79786,124,108,16,16
79787,79,70,9,9
79788,99,81,18,18
79789,133,106,27,27
79790,53,52,1,1
79791,88,76,12,12
79792,58,52,6,6
79793,90,84,6,6
79794,89,87,2,2
79795,91,89,2,2
79796,110,95,15,15
79797,77,70,7,7
79798,71,66,5,5
79799,77,72,5,5
79800,115,105,10,10
79801,62,69,-7,7
79802,167,146,21,21
79803,105,98,7,7
79804,100,86,14,14
79805,100,96,4,4
79806,111,104,7,7
79807,92,79,13,13
79808,162,141,21,21
79809,109,99,10,10
79810,164,138,26,26
79811,63,53,10,10
79812,67,65,2,2
79813,158,143,15,15
79814,82,74,8,8
79815,65,54,11,11
79816,118,99,19,19
79817,87,83,4,4
79818,159,138,21,21
79819,122,101,21,21
79820,102,92,10,10
79821,63,62,1,1
79822,94,86,8,8
79823,100,91,9,9
79824,87,66,21,21
79825,98,85,13,13
79826,79,66,13,13
79827,104,85,19,19
79828,115,97,18,18
79829,118,122,-4,4
79830,82,73,9,9
79831,130,106,24,24
79832,98,89,9,9
79833,141,130,11,11
79834,197,161,36,36
79835,141,127,14,14
79836,91,83,8,8
79837,80,69,11,11
79838,104,84,20,20
79839,171,147,24,24
79840,292,216,76,76
79841,113,101,12,12
79842,111,96,15,15
79843,116,103,13,13
79844,66,56,10,10
79845,146,125,21,21
79846,62,59,3,3
79847,105,90,15,15
79848,66,61,5,5
79849,59,56,3,3
79850,74,71,3,3
79851,91,73,18,18
79852,117,102,15,15
79853,101,96,5,5
79854,167,152,15,15
79855,69,63,6,6
79856,120,107,13,13
79857,119,101,18,18
79858,130,113,17,17
79859,69,61,8,8
79860,97,92,5,5
79861,76,71,5,5
79862,183,154,29,29
79863,65,65,0,0
79864,155,128,27,27
79865,80,67,13,13
79866,107,100,7,7
79867,46,58,-12,12
79868,95,81,14,14
79869,72,64,8,8
79870,74,73,1,1
79871,73,67,6,6
79872,66,57,9,9
79873,76,72,4,4
79874,75,69,6,6
79875,36,58,-22,22
79876,82,75,7,7
79877,150,124,26,26
79878,88,84,4,4
79879,40,45,-5,5
79880,82,76,6,6
79881,166,140,26,26
79882,113,101,12,12
79883,120,108,12,12
79884,136,117,19,19
79885,53,55,-2,2
79886,233,208,25,25
79887,78,68,10,10
79888,112,96,16,16
79889,103,99,4,4
79890,100,84,16,16
79891,86,84,2,2
79892,69,67,2,2
79893,109,98,11,11
79894,105,89,16,16
79895,51,79,-28,28
79896,99,97,2,2
79897,138,129,9,9
79898,42,84,-42,42
79899,87,75,12,12
79900,141,121,20,20
79901,75,77,-2,2
79902,96,83,13,13
79903,56,51,5,5
79904,122,103,19,19
79905,65,62,3,3
79906,113,90,23,23
79907,67,56,11,11
79908,83,75,8,8
79909,91,71,20,20
79910,136,120,16,16
79911,85,73,12,12
79912,66,64,2,2
79913,79,60,19,19
79914,73,67,6,6
79915,106,95,11,11
79916,76,67,9,9
79917,149,125,24,24
79918,38,51,-13,13
79919,108,90,18,18
79920,91,84,7,7
79921,105,93,12,12
79922,85,78,7,7
79923,62,65,-3,3
79924,117,123,-6,6
79925,62,63,-1,1
79926,115,93,22,22
79927,85,65,20,20
79928,150,134,16,16
79929,132,113,19,19
79930,74,71,3,3
79931,44,60,-16,16
79932,152,136,16,16
79933,142,131,11,11
79934,106,94,12,12
79935,97,91,6,6
79936,97,80,17,17
79937,53,54,-1,1
79938,116,104,12,12
79939,141,123,18,18
79940,109,97,12,12
79941,90,77,13,13
79942,111,101,10,10
79943,186,167,19,19
79944,133,112,21,21
79945,83,71,12,12
79946,69,73,-4,4
79947,73,69,4,4
79948,154,126,28,28
79949,93,94,-1,1
79950,87,76,11,11
79951,126,114,12,12
79952,91,85,6,6
79953,79,72,7,7
79954,82,77,5,5
79955,112,83,29,29
79956,72,59,13,13
79957,179,158,21,21
79958,67,66,1,1
79959,61,71,-10,10
79960,134,109,25,25
79961,129,108,21,21
79962,79,68,11,11
79963,95,85,10,10
79964,147,121,26,26
79965,86,82,4,4
79966,64,61,3,3
79967,73,72,1,1
79968,60,54,6,6
79969,122,115,7,7
79970,91,83,8,8
79971,78,66,12,12
79972,69,70,-1,1
79973,64,79,-15,15
79974,120,101,19,19
79975,101,90,11,11
79976,51,49,2,2
79977,80,75,5,5
79978,100,125,-25,25
79979,104,94,10,10
79980,69,70,-1,1
79981,94,85,9,9
79982,110,106,4,4
79983,157,145,12,12
79984,56,55,1,1
79985,118,108,10,10
79986,29,25,4,4
79987,110,130,-20,20
79988,102,84,18,18
79989,78,71,7,7
79990,116,113,3,3
79991,129,116,13,13
79992,124,114,10,10
79993,69,77,-8,8
79994,94,86,8,8
79995,105,84,21,21
79996,127,125,2,2
79997,99,88,11,11
79998,106,83,23,23
79999,45,43,2,2
80000,73,63,10,10
80001,57,52,5,5
80002,71,64,7,7
80003,84,77,7,7
80004,91,83,8,8
80005,93,84,9,9
80006,75,71,4,4
80007,98,81,17,17
80008,76,67,9,9
80009,87,74,13,13
80010,100,93,7,7
80011,101,83,18,18
80012,63,69,-6,6
80013,94,77,17,17
80014,58,57,1,1
80015,77,62,15,15
80016,136,111,25,25
80017,86,82,4,4
80018,109,93,16,16
80019,77,67,10,10
80020,146,125,21,21
80021,128,112,16,16
80022,164,138,26,26
80023,71,68,3,3
80024,147,131,16,16
80025,96,83,13,13
80026,65,59,6,6
80027,95,85,10,10
80028,84,77,7,7
80029,104,89,15,15
80030,75,70,5,5
80031,168,143,25,25
80032,200,158,42,42
80033,153,137,16,16
80034,171,150,21,21
80035,111,106,5,5
80036,65,68,-3,3
80037,85,84,1,1
80038,98,78,20,20
80039,111,101,10,10
80040,112,99,13,13
80041,113,97,16,16
80042,148,118,30,30
80043,115,102,13,13
80044,63,65,-2,2
80045,95,78,17,17
80046,98,89,9,9
80047,117,108,9,9
80048,144,119,25,25
80049,115,108,7,7
80050,124,105,19,19
80051,115,108,7,7
80052,93,89,4,4
80053,83,79,4,4
80054,83,75,8,8
80055,106,94,12,12
80056,104,93,11,11
80057,149,148,1,1
80058,94,89,5,5
80059,61,60,1,1
80060,63,67,-4,4
80061,98,87,11,11
80062,70,68,2,2
80063,96,89,7,7
80064,89,77,12,12
80065,120,129,-9,9
80066,85,68,17,17
80067,159,119,40,40
80068,144,130,14,14
80069,63,61,2,2
80070,102,91,11,11
80071,119,98,21,21
80072,106,96,10,10
80073,88,68,20,20
80074,54,50,4,4
80075,58,57,1,1
80076,130,112,18,18
80077,168,133,35,35
80078,73,65,8,8
80079,133,121,12,12
80080,98,91,7,7
80081,86,72,14,14
80082,81,75,6,6
80083,83,74,9,9
80084,59,56,3,3
80085,43,45,-2,2
80086,80,73,7,7
80087,73,70,3,3
80088,86,76,10,10
80089,89,103,-14,14
80090,77,71,6,6
80091,59,52,7,7
80092,64,91,-27,27
80093,82,68,14,14
80094,47,47,0,0
80095,99,76,23,23
80096,104,92,12,12
80097,62,63,-1,1
80098,70,68,2,2
80099,65,60,5,5
80100,79,72,7,7
80101,86,77,9,9
80102,105,89,16,16
80103,91,87,4,4
80104,117,97,20,20
80105,43,46,-3,3
80106,171,146,25,25
80107,115,99,16,16
80108,111,104,7,7
80109,73,66,7,7
80110,118,99,19,19
80111,84,70,14,14
80112,96,93,3,3
80113,115,103,12,12
80114,172,150,22,22
80115,138,119,19,19
80116,130,106,24,24
80117,142,122,20,20
80118,92,85,7,7
80119,71,58,13,13
80120,42,42,0,0
80121,93,80,13,13
80122,116,92,24,24
80123,90,76,14,14
80124,74,70,4,4
80125,56,56,0,0
80126,139,110,29,29
80127,76,75,1,1
80128,97,92,5,5
80129,88,82,6,6
80130,70,64,6,6
80131,148,124,24,24
80132,70,65,5,5
80133,112,102,10,10
80134,81,62,19,19
80135,52,51,1,1
80136,95,89,6,6
80137,80,75,5,5
80138,46,49,-3,3
80139,50,47,3,3
80140,129,112,17,17
80141,90,81,9,9
80142,132,103,29,29
80143,143,126,17,17
80144,130,130,0,0
80145,147,119,28,28
80146,103,89,14,14
80147,61,52,9,9
80148,88,82,6,6
80149,158,132,26,26
80150,50,53,-3,3
80151,115,100,15,15
80152,86,86,0,0
80153,95,83,12,12
80154,135,131,4,4
80155,84,76,8,8
80156,116,122,-6,6
80157,31,39,-8,8
80158,86,78,8,8
80159,87,72,15,15
80160,99,82,17,17
80161,61,58,3,3
80162,66,57,9,9
80163,99,89,10,10
80164,83,68,15,15
80165,63,58,5,5
80166,85,70,15,15
80167,90,84,6,6
80168,114,100,14,14
80169,77,70,7,7
80170,74,71,3,3
80171,85,75,10,10
80172,49,82,-33,33
80173,29,34,-5,5
80174,77,65,12,12
80175,70,62,8,8
80176,72,71,1,1
80177,67,79,-12,12
80178,73,66,7,7
80179,112,91,21,21
80180,153,137,16,16
80181,120,106,14,14
80182,96,88,8,8
80183,104,90,14,14
80184,74,71,3,3
80185,50,44,6,6
80186,74,65,9,9
80187,91,78,13,13
80188,100,89,11,11
80189,45,54,-9,9
80190,96,89,7,7
80191,57,52,5,5
80192,117,98,19,19
80193,116,104,12,12
80194,117,106,11,11
80195,85,81,4,4
80196,90,84,6,6
80197,120,94,26,26
80198,63,63,0,0
80199,131,130,1,1
80200,55,55,0,0
80201,159,142,17,17
80202,95,78,17,17
80203,91,80,11,11
80204,52,53,-1,1
80205,73,64,9,9
80206,107,92,15,15
80207,73,71,2,2
80208,144,122,22,22
80209,101,97,4,4
80210,84,72,12,12
80211,72,71,1,1
80212,100,101,-1,1
80213,57,55,2,2
80214,89,75,14,14
80215,85,72,13,13
80216,136,120,16,16
80217,104,98,6,6
80218,180,149,31,31
80219,88,77,11,11
80220,81,80,1,1
80221,98,86,12,12
80222,63,51,12,12
80223,81,83,-2,2
80224,132,123,9,9
80225,139,120,19,19
80226,156,127,29,29
80227,94,85,9,9
80228,113,103,10,10
80229,155,156,-1,1
80230,106,87,19,19
80231,71,67,4,4
80232,98,92,6,6
80233,48,112,-64,64
80234,54,49,5,5
80235,86,72,14,14
80236,103,91,12,12
80237,148,123,25,25
80238,73,61,12,12
80239,135,126,9,9
80240,93,82,11,11
80241,137,126,11,11
80242,82,73,9,9
80243,78,66,12,12
80244,95,89,6,6
80245,74,66,8,8
80246,95,84,11,11
80247,64,61,3,3
80248,100,95,5,5
80249,95,88,7,7
80250,28,37,-9,9
80251,38,40,-2,2
80252,92,82,10,10
80253,134,120,14,14
80254,68,64,4,4
80255,117,99,18,18
80256,118,101,17,17
80257,79,67,12,12
80258,61,59,2,2
80259,132,109,23,23
80260,98,97,1,1
80261,70,67,3,3
80262,117,99,18,18
80263,61,51,10,10
80264,69,65,4,4
80265,76,62,14,14
80266,56,58,-2,2
80267,108,94,14,14
80268,70,65,5,5
80269,53,51,2,2
80270,94,85,9,9
80271,158,135,23,23
80272,146,126,20,20
80273,94,85,9,9
80274,48,48,0,0
80275,85,77,8,8
80276,117,93,24,24
80277,119,98,21,21
80278,72,68,4,4
80279,103,89,14,14
80280,85,74,11,11
80281,121,98,23,23
80282,66,71,-5,5
80283,177,164,13,13
80284,85,72,13,13
80285,151,139,12,12
80286,57,54,3,3
80287,83,62,21,21
80288,68,60,8,8
80289,118,108,10,10
80290,70,61,9,9
80291,30,40,-10,10
80292,94,85,9,9
80293,68,65,3,3
80294,153,138,15,15
80295,81,68,13,13
80296,106,94,12,12
80297,93,76,17,17
80298,152,135,17,17
80299,117,105,12,12
80300,121,105,16,16
80301,104,98,6,6
80302,130,106,24,24
80303,113,94,19,19
80304,108,89,19,19
80305,110,91,19,19
80306,76,79,-3,3
80307,119,104,15,15
80308,79,64,15,15
80309,96,87,9,9
80310,74,84,-10,10
80311,71,61,10,10
80312,79,64,15,15
80313,62,59,3,3
80314,67,64,3,3
80315,149,114,35,35
80316,70,67,3,3
80317,87,76,11,11
80318,302,231,71,71
80319,51,54,-3,3
80320,73,63,10,10
80321,47,46,1,1
80322,138,113,25,25
80323,155,130,25,25
80324,67,64,3,3
80325,118,113,5,5
80326,73,67,6,6
80327,67,66,1,1
80328,43,55,-12,12
80329,101,97,4,4
80330,89,72,17,17
80331,67,63,4,4
80332,148,134,14,14
80333,131,114,17,17
80334,73,62,11,11
80335,135,127,8,8
80336,71,71,0,0
80337,71,64,7,7
80338,108,87,21,21
80339,131,112,19,19
80340,115,113,2,2
80341,56,57,-1,1
80342,84,73,11,11
80343,92,89,3,3
80344,38,38,0,0
80345,134,107,27,27
80346,75,69,6,6
80347,124,106,18,18
80348,126,110,16,16
80349,103,102,1,1
80350,57,50,7,7
80351,82,80,2,2
80352,113,103,10,10
80353,103,100,3,3
80354,119,93,26,26
80355,259,235,24,24
80356,87,77,10,10
80357,180,135,45,45
80358,84,88,-4,4
80359,110,108,2,2
80360,116,95,21,21
80361,114,102,12,12
80362,124,119,5,5
80363,92,75,17,17
80364,86,82,4,4
80365,85,79,6,6
80366,65,59,6,6
80367,73,65,8,8
80368,72,68,4,4
80369,108,97,11,11
80370,47,49,-2,2
80371,96,89,7,7
80372,66,63,3,3
80373,70,70,0,0
80374,134,112,22,22
80375,47,51,-4,4
80376,50,50,0,0
80377,69,67,2,2
80378,82,74,8,8
80379,103,90,13,13
80380,79,69,10,10
80381,82,76,6,6
80382,77,79,-2,2
80383,77,74,3,3
80384,99,88,11,11
80385,99,90,9,9
80386,156,145,11,11
80387,82,68,14,14
80388,123,102,21,21
80389,75,64,11,11
80390,47,49,-2,2
80391,32,39,-7,7
80392,72,69,3,3
80393,92,82,10,10
80394,128,98,30,30
80395,100,95,5,5
80396,78,77,1,1
80397,141,121,20,20
80398,361,256,105,105
80399,142,119,23,23
80400,28,52,-24,24
80401,53,48,5,5
80402,80,75,5,5
80403,81,76,5,5
80404,181,141,40,40
80405,55,55,0,0
80406,81,71,10,10
80407,58,57,1,1
80408,28,33,-5,5
80409,76,75,1,1
80410,77,78,-1,1
80411,125,110,15,15
80412,89,89,0,0
80413,91,81,10,10
80414,103,96,7,7
80415,97,88,9,9
80416,90,72,18,18
80417,69,66,3,3
80418,140,122,18,18
80419,59,55,4,4
80420,140,122,18,18
80421,119,107,12,12
80422,86,83,3,3
80423,71,66,5,5
80424,179,153,26,26
80425,119,94,25,25
80426,115,97,18,18
80427,61,68,-7,7
80428,160,145,15,15
80429,127,113,14,14
80430,186,164,22,22
80431,95,96,-1,1
80432,73,72,1,1
80433,86,73,13,13
80434,64,63,1,1
80435,164,136,28,28
80436,80,71,9,9
80437,107,106,1,1
80438,138,115,23,23
80439,95,85,10,10
80440,161,133,28,28
80441,81,70,11,11
80442,118,102,16,16
80443,102,90,12,12
80444,79,71,8,8
80445,83,73,10,10
80446,96,74,22,22
80447,99,90,9,9
80448,101,89,12,12
80449,73,66,7,7
80450,151,133,18,18
80451,86,82,4,4
80452,107,90,17,17
80453,102,86,16,16
80454,87,78,9,9
80455,110,95,15,15
80456,75,81,-6,6
80457,68,86,-18,18
80458,88,82,6,6
80459,84,77,7,7
80460,81,69,12,12
80461,78,70,8,8
80462,73,65,8,8
80463,103,86,17,17
80464,175,148,27,27
80465,122,104,18,18
80466,106,92,14,14
80467,53,47,6,6
80468,120,109,11,11
80469,135,121,14,14
80470,96,84,12,12
80471,69,65,4,4
80472,86,76,10,10
80473,94,89,5,5
80474,46,45,1,1
80475,93,81,12,12
80476,111,103,8,8
80477,54,52,2,2
80478,63,55,8,8
80479,59,62,-3,3
80480,61,58,3,3
80481,68,69,-1,1
80482,140,111,29,29
80483,79,67,12,12
80484,148,136,12,12
80485,114,101,13,13
80486,77,75,2,2
80487,95,76,19,19
80488,53,48,5,5
80489,102,96,6,6
80490,150,135,15,15
80491,142,113,29,29
80492,123,117,6,6
80493,85,70,15,15
80494,86,71,15,15
80495,106,88,18,18
80496,123,104,19,19
80497,99,88,11,11
80498,78,65,13,13
80499,74,65,9,9
80500,83,71,12,12
80501,68,91,-23,23
80502,100,96,4,4
80503,71,57,14,14
80504,85,66,19,19
80505,105,90,15,15
80506,132,113,19,19
80507,109,87,22,22
80508,95,83,12,12
80509,101,85,16,16
80510,49,54,-5,5
80511,37,37,0,0
80512,80,77,3,3
80513,66,51,15,15
80514,70,64,6,6
80515,93,78,15,15
80516,54,56,-2,2
80517,99,97,2,2
80518,100,87,13,13
80519,143,126,17,17
80520,67,60,7,7
80521,69,63,6,6
80522,72,82,-10,10
80523,88,84,4,4
80524,116,84,32,32
80525,103,92,11,11
80526,129,116,13,13
80527,112,98,14,14
80528,47,45,2,2
80529,80,68,12,12
80530,87,74,13,13
80531,102,95,7,7
80532,111,102,9,9
80533,113,102,11,11
80534,85,71,14,14
80535,57,58,-1,1
80536,110,89,21,21
80537,91,82,9,9
80538,127,106,21,21
80539,71,62,9,9
80540,110,92,18,18
80541,143,121,22,22
80542,90,87,3,3
80543,122,97,25,25
80544,124,104,20,20
80545,53,48,5,5
80546,77,73,4,4
80547,35,39,-4,4
80548,63,68,-5,5
80549,115,94,21,21
80550,128,108,20,20
80551,99,90,9,9
80552,90,85,5,5
80553,80,71,9,9
80554,98,85,13,13
80555,95,81,14,14
80556,138,123,15,15
80557,84,72,12,12
80558,129,115,14,14
80559,101,83,18,18
80560,109,84,25,25
80561,142,130,12,12
80562,72,52,20,20
80563,110,98,12,12
80564,52,47,5,5
80565,66,75,-9,9
80566,69,64,5,5
80567,79,71,8,8
80568,69,66,3,3
80569,97,83,14,14
80570,96,82,14,14
80571,105,89,16,16
80572,144,120,24,24
80573,129,106,23,23
80574,75,73,2,2
80575,111,92,19,19
80576,149,131,18,18
80577,110,99,11,11
80578,73,66,7,7
80579,58,57,1,1
80580,47,46,1,1
80581,82,80,2,2
80582,70,63,7,7
80583,124,96,28,28
80584,78,71,7,7
80585,136,111,25,25
80586,147,133,14,14
80587,84,90,-6,6
80588,121,101,20,20
80589,63,59,4,4
80590,94,83,11,11
80591,125,113,12,12
80592,82,82,0,0
80593,158,126,32,32
80594,67,66,1,1
80595,61,63,-2,2
80596,119,107,12,12
80597,65,65,0,0
80598,86,82,4,4
80599,98,75,23,23
80600,143,127,16,16
80601,105,95,10,10
80602,113,114,-1,1
80603,77,65,12,12
80604,107,100,7,7
80605,58,59,-1,1
80606,145,130,15,15
80607,52,66,-14,14
80608,109,90,19,19
80609,71,64,7,7
80610,64,63,1,1
80611,129,106,23,23
80612,83,78,5,5
80613,40,54,-14,14
80614,102,100,2,2
80615,65,56,9,9
80616,100,78,22,22
80617,131,115,16,16
80618,90,76,14,14
80619,92,87,5,5
80620,67,70,-3,3
80621,121,103,18,18
80622,126,100,26,26
80623,93,84,9,9
80624,157,133,24,24
80625,89,80,9,9
80626,53,57,-4,4
80627,96,81,15,15
80628,111,92,19,19
80629,121,105,16,16
80630,67,71,-4,4
80631,59,54,5,5
80632,88,81,7,7
80633,71,73,-2,2
80634,57,53,4,4
80635,118,98,20,20
80636,78,65,13,13
80637,118,99,19,19
80638,85,76,9,9
80639,102,93,9,9
80640,69,66,3,3
80641,179,162,17,17
80642,94,98,-4,4
80643,100,89,11,11
80644,91,75,16,16
80645,139,133,6,6
80646,77,73,4,4
80647,64,60,4,4
80648,64,59,5,5
80649,137,120,17,17
80650,113,98,15,15
80651,93,74,19,19
80652,100,94,6,6
80653,88,79,9,9
80654,87,75,12,12
80655,144,127,17,17
80656,41,48,-7,7
80657,51,54,-3,3
80658,78,69,9,9
80659,72,63,9,9
80660,66,57,9,9
80661,58,59,-1,1
80662,123,112,11,11
80663,90,75,15,15
80664,56,50,6,6
80665,98,79,19,19
80666,91,81,10,10
80667,126,105,21,21
80668,68,52,16,16
80669,117,97,20,20
80670,46,46,0,0
80671,71,68,3,3
80672,111,95,16,16
80673,89,77,12,12
80674,58,58,0,0
80675,104,91,13,13
80676,110,91,19,19
80677,101,90,11,11
80678,203,192,11,11
80679,90,82,8,8
80680,82,71,11,11
80681,133,105,28,28
80682,67,62,5,5
80683,75,71,4,4
80684,90,79,11,11
80685,91,75,16,16
80686,91,85,6,6
80687,67,57,10,10
80688,122,108,14,14
80689,59,55,4,4
80690,40,44,-4,4
80691,104,87,17,17
80692,118,112,6,6
80693,92,74,18,18
80694,157,146,11,11
80695,65,61,4,4
80696,60,60,0,0
80697,100,84,16,16
80698,31,35,-4,4
80699,94,80,14,14
80700,45,44,1,1
80701,109,91,18,18
80702,85,68,17,17
80703,86,82,4,4
80704,185,150,35,35
80705,97,87,10,10
80706,69,58,11,11
80707,194,165,29,29
80708,63,70,-7,7
80709,141,124,17,17
80710,87,68,19,19
80711,131,114,17,17
80712,152,124,28,28
80713,96,83,13,13
80714,111,100,11,11
80715,92,73,19,19
80716,108,92,16,16
80717,83,70,13,13
80718,52,51,1,1
80719,103,92,11,11
80720,189,157,32,32
80721,80,67,13,13
80722,149,125,24,24
80723,146,120,26,26
80724,66,56,10,10
80725,38,40,-2,2
80726,124,117,7,7
80727,55,53,2,2
80728,141,114,27,27
80729,83,107,-24,24
80730,144,139,5,5
80731,127,117,10,10
80732,80,65,15,15
80733,125,106,19,19
80734,115,99,16,16
80735,79,69,10,10
80736,73,66,7,7
80737,92,71,21,21
80738,84,77,7,7
80739,103,96,7,7
80740,104,99,5,5
80741,101,94,7,7
80742,92,90,2,2
80743,169,132,37,37
80744,53,48,5,5
80745,114,92,22,22
80746,138,126,12,12
80747,86,74,12,12
80748,85,77,8,8
80749,147,126,21,21
80750,58,62,-4,4
80751,128,110,18,18
80752,65,63,2,2
80753,89,77,12,12
80754,95,86,9,9
80755,84,74,10,10
80756,115,94,21,21
80757,142,120,22,22
80758,120,101,19,19
80759,102,90,12,12
80760,121,125,-4,4
80761,48,50,-2,2
80762,127,98,29,29
80763,76,66,10,10
80764,133,113,20,20
80765,108,91,17,17
80766,67,60,7,7
80767,33,40,-7,7
80768,148,115,33,33
80769,115,95,20,20
80770,68,94,-26,26
80771,132,124,8,8
80772,167,137,30,30
80773,145,136,9,9
80774,126,111,15,15
80775,72,59,13,13
80776,108,100,8,8
80777,75,73,2,2
80778,66,64,2,2
80779,72,64,8,8
80780,99,85,14,14
80781,67,59,8,8
80782,113,100,13,13
80783,108,89,19,19
80784,94,80,14,14
80785,57,58,-1,1
80786,97,82,15,15
80787,64,60,4,4
80788,127,109,18,18
80789,90,74,16,16
80790,185,160,25,25
80791,110,89,21,21
80792,59,58,1,1
80793,119,101,18,18
80794,88,90,-2,2
80795,196,156,40,40
80796,95,84,11,11
80797,69,70,-1,1
80798,159,148,11,11
80799,66,83,-17,17
80800,100,77,23,23
80801,90,87,3,3
80802,71,63,8,8
80803,63,59,4,4
80804,104,84,20,20
80805,64,65,-1,1
80806,67,67,0,0
80807,71,69,2,2
80808,155,127,28,28
80809,89,74,15,15
80810,128,110,18,18
80811,95,90,5,5
80812,51,50,1,1
80813,118,99,19,19
80814,102,89,13,13
80815,124,106,18,18
80816,68,63,5,5
80817,50,48,2,2
80818,86,79,7,7
80819,89,83,6,6
80820,113,90,23,23
80821,126,115,11,11
80822,64,70,-6,6
80823,120,108,12,12
80824,62,62,0,0
80825,73,79,-6,6
80826,145,124,21,21
80827,63,60,3,3
80828,80,78,2,2
80829,82,74,8,8
80830,41,39,2,2
80831,93,85,8,8
80832,107,90,17,17
80833,60,59,1,1
80834,93,81,12,12
80835,97,88,9,9
80836,90,80,10,10
80837,111,103,8,8
80838,57,53,4,4
80839,75,65,10,10
80840,54,57,-3,3
80841,55,65,-10,10
80842,84,77,7,7
80843,95,85,10,10
80844,101,79,22,22
80845,91,81,10,10
80846,65,60,5,5
80847,59,56,3,3
80848,112,93,19,19
80849,164,144,20,20
80850,61,60,1,1
80851,75,70,5,5
80852,149,123,26,26
80853,152,124,28,28
80854,65,62,3,3
80855,90,76,14,14
80856,96,91,5,5
80857,105,89,16,16
80858,75,79,-4,4
80859,61,55,6,6
80860,102,85,17,17
80861,96,81,15,15
80862,96,76,20,20
80863,89,78,11,11
80864,100,87,13,13
80865,96,80,16,16
80866,57,53,4,4
80867,67,67,0,0
80868,148,130,18,18
80869,108,94,14,14
80870,50,47,3,3
80871,151,124,27,27
80872,72,72,0,0
80873,55,54,1,1
80874,166,126,40,40
80875,75,71,4,4
80876,154,127,27,27
80877,71,69,2,2
80878,77,71,6,6
80879,72,59,13,13
80880,79,72,7,7
80881,166,135,31,31
80882,72,71,1,1
80883,91,80,11,11
80884,80,76,4,4
80885,111,78,33,33
80886,81,79,2,2
80887,74,73,1,1
80888,129,110,19,19
80889,120,100,20,20
80890,79,69,10,10
80891,95,82,13,13
80892,82,78,4,4
80893,124,104,20,20
80894,73,65,8,8
80895,328,380,-52,52
80896,95,79,16,16
80897,90,75,15,15
80898,105,94,11,11
80899,131,115,16,16
80900,96,94,2,2
80901,64,49,15,15
80902,129,99,30,30
80903,84,69,15,15
80904,126,108,18,18
80905,132,114,18,18
80906,108,97,11,11
80907,74,65,9,9
80908,122,104,18,18
80909,96,98,-2,2
80910,172,160,12,12
80911,150,125,25,25
80912,82,74,8,8
80913,119,107,12,12
80914,42,42,0,0
80915,125,100,25,25
80916,47,41,6,6
80917,78,65,13,13
80918,51,52,-1,1
80919,56,59,-3,3
80920,100,96,4,4
80921,105,90,15,15
80922,241,177,64,64
80923,148,121,27,27
80924,49,46,3,3
80925,116,102,14,14
80926,45,42,3,3
80927,89,75,14,14
80928,83,76,7,7
80929,106,96,10,10
80930,84,90,-6,6
80931,82,72,10,10
80932,69,64,5,5
80933,87,80,7,7
80934,85,93,-8,8
80935,75,61,14,14
80936,142,124,18,18
80937,84,78,6,6
80938,112,87,25,25
80939,74,70,4,4
80940,82,79,3,3
80941,96,90,6,6
80942,106,93,13,13
80943,41,54,-13,13
80944,70,60,10,10
80945,62,57,5,5
80946,108,96,12,12
80947,115,94,21,21
80948,79,68,11,11
80949,101,89,12,12
80950,73,63,10,10
80951,69,65,4,4
80952,42,40,2,2
80953,130,110,20,20
80954,74,61,13,13
80955,69,63,6,6
80956,112,95,17,17
80957,95,89,6,6
80958,56,55,1,1
80959,98,77,21,21
80960,93,87,6,6
80961,93,78,15,15
80962,99,89,10,10
80963,137,111,26,26
80964,127,114,13,13
80965,82,72,10,10
80966,58,63,-5,5
80967,83,67,16,16
80968,130,107,23,23
80969,99,74,25,25
80970,134,119,15,15
80971,134,109,25,25
80972,73,64,9,9
80973,98,99,-1,1
80974,56,52,4,4
80975,106,99,7,7
80976,157,128,29,29
80977,70,62,8,8
80978,105,91,14,14
80979,108,104,4,4
80980,65,63,2,2
80981,82,71,11,11
80982,75,71,4,4
80983,88,81,7,7
80984,79,74,5,5
80985,85,81,4,4
80986,98,84,14,14
80987,70,62,8,8
80988,132,121,11,11
80989,121,96,25,25
80990,120,124,-4,4
80991,131,110,21,21
80992,100,91,9,9
80993,103,91,12,12
80994,89,81,8,8
80995,87,78,9,9
80996,63,61,2,2
80997,101,82,19,19
80998,80,71,9,9
80999,60,55,5,5
81000,53,56,-3,3
81001,147,120,27,27
81002,83,75,8,8
81003,91,79,12,12
81004,120,103,17,17
81005,79,71,8,8
81006,66,58,8,8
81007,126,94,32,32
81008,155,125,30,30
81009,73,67,6,6
81010,75,64,11,11
81011,110,97,13,13
81012,87,79,8,8
81013,92,80,12,12
81014,133,124,9,9
81015,100,84,16,16
81016,89,79,10,10
81017,73,68,5,5
81018,56,55,1,1
81019,117,98,19,19
81020,77,53,24,24
81021,58,53,5,5
81022,132,116,16,16
81023,149,111,38,38
81024,60,53,7,7
81025,88,75,13,13
81026,118,97,21,21
81027,71,68,3,3
81028,158,139,19,19
81029,143,116,27,27
81030,63,69,-6,6
81031,49,56,-7,7
81032,111,95,16,16
81033,121,106,15,15
81034,97,79,18,18
81035,116,102,14,14
81036,58,52,6,6
81037,66,57,9,9
81038,63,57,6,6
81039,54,45,9,9
81040,83,78,5,5
81041,66,63,3,3
81042,48,49,-1,1
81043,69,68,1,1
81044,39,64,-25,25
81045,158,113,45,45
81046,48,49,-1,1
81047,63,56,7,7
81048,93,88,5,5
81049,87,81,6,6
81050,64,50,14,14
81051,148,108,40,40
81052,58,55,3,3
81053,51,54,-3,3
81054,53,55,-2,2
81055,138,119,19,19
81056,75,69,6,6
81057,94,84,10,10
81058,49,53,-4,4
81059,132,123,9,9
81060,98,85,13,13
81061,97,97,0,0
81062,100,84,16,16
81063,107,90,17,17
81064,65,60,5,5
81065,67,61,6,6
81066,54,52,2,2
81067,123,111,12,12
81068,133,108,25,25
81069,105,113,-8,8
81070,91,87,4,4
81071,121,106,15,15
81072,81,78,3,3
81073,59,60,-1,1
81074,154,123,31,31
81075,85,76,9,9
81076,80,85,-5,5
81077,181,152,29,29
81078,112,94,18,18
81079,80,72,8,8
81080,140,112,28,28
81081,92,72,20,20
81082,87,69,18,18
81083,62,68,-6,6
81084,136,115,21,21
81085,74,66,8,8
81086,74,63,11,11
81087,45,46,-1,1
81088,87,78,9,9
81089,81,71,10,10
81090,37,37,0,0
81091,73,65,8,8
81092,81,73,8,8
81093,119,101,18,18
81094,139,121,18,18
81095,106,98,8,8
81096,105,94,11,11
81097,129,111,18,18
81098,97,90,7,7
81099,94,107,-13,13
81100,89,98,-9,9
81101,84,74,10,10
81102,182,144,38,38
81103,44,46,-2,2
81104,98,82,16,16
81105,83,73,10,10
81106,159,132,27,27
81107,61,58,3,3
81108,145,111,34,34
81109,113,122,-9,9
81110,74,68,6,6
81111,44,41,3,3
81112,70,71,-1,1
81113,87,95,-8,8
81114,156,129,27,27
81115,78,70,8,8
81116,99,81,18,18
81117,120,101,19,19
81118,100,103,-3,3
81119,90,76,14,14
81120,90,85,5,5
81121,126,111,15,15
81122,59,47,12,12
81123,82,73,9,9
81124,71,68,3,3
81125,87,72,15,15
81126,72,71,1,1
81127,112,92,20,20
81128,65,59,6,6
81129,68,65,3,3
81130,62,58,4,4
81131,130,116,14,14
81132,60,57,3,3
81133,100,96,4,4
81134,48,48,0,0
81135,97,86,11,11
81136,85,72,13,13
81137,143,108,35,35
81138,112,99,13,13
81139,70,66,4,4
81140,107,107,0,0
81141,103,90,13,13
81142,79,65,14,14
81143,65,54,11,11
81144,74,63,11,11
81145,62,59,3,3
81146,146,127,19,19
81147,138,122,16,16
81148,109,97,12,12
81149,57,50,7,7
81150,81,76,5,5
81151,100,87,13,13
81152,55,55,0,0
81153,71,69,2,2
81154,137,110,27,27
81155,173,149,24,24
81156,53,55,-2,2
81157,69,62,7,7
81158,115,91,24,24
81159,71,68,3,3
81160,129,109,20,20
81161,142,118,24,24
81162,48,49,-1,1
81163,77,71,6,6
81164,81,83,-2,2
81165,103,88,15,15
81166,75,66,9,9
81167,86,73,13,13
81168,105,99,6,6
81169,61,52,9,9
81170,109,90,19,19
81171,98,83,15,15
81172,153,135,18,18
81173,50,51,-1,1
81174,178,144,34,34
81175,85,73,12,12
81176,118,108,10,10
81177,94,77,17,17
81178,116,89,27,27
81179,92,80,12,12
81180,96,84,12,12
81181,44,45,-1,1
81182,96,84,12,12
81183,146,112,34,34
81184,90,73,17,17
81185,86,74,12,12
81186,112,103,9,9
81187,102,102,0,0
81188,47,45,2,2
81189,107,87,20,20
81190,52,68,-16,16
81191,122,109,13,13
81192,84,70,14,14
81193,76,68,8,8
81194,72,69,3,3
81195,181,156,25,25
81196,71,68,3,3
81197,92,88,4,4
81198,152,127,25,25
81199,133,114,19,19
81200,97,88,9,9
81201,135,119,16,16
81202,75,73,2,2
81203,99,97,2,2
81204,92,107,-15,15
81205,113,107,6,6
81206,65,57,8,8
81207,100,89,11,11
81208,124,117,7,7
81209,82,74,8,8
81210,111,101,10,10
81211,101,89,12,12
81212,60,56,4,4
81213,141,114,27,27
81214,69,64,5,5
81215,141,131,10,10
81216,111,90,21,21
81217,169,145,24,24
81218,126,104,22,22
81219,75,74,1,1
81220,120,99,21,21
81221,141,130,11,11
81222,104,108,-4,4
81223,48,49,-1,1
81224,93,82,11,11
81225,140,121,19,19
81226,97,77,20,20
81227,110,91,19,19
81228,45,45,0,0
81229,92,83,9,9
81230,87,69,18,18
81231,90,74,16,16
81232,68,66,2,2
81233,64,62,2,2
81234,59,49,10,10
81235,135,115,20,20
81236,52,51,1,1
81237,121,114,7,7
81238,78,73,5,5
81239,97,81,16,16
81240,64,77,-13,13
81241,113,102,11,11
81242,83,72,11,11
81243,79,68,11,11
81244,77,76,1,1
81245,56,59,-3,3
81246,156,131,25,25
81247,134,114,20,20
81248,66,62,4,4
81249,113,104,9,9
81250,89,78,11,11
81251,95,90,5,5
81252,98,90,8,8
81253,137,125,12,12
81254,113,93,20,20
81255,173,142,31,31
81256,122,106,16,16
81257,92,78,14,14
81258,142,119,23,23
81259,82,77,5,5
81260,42,42,0,0
81261,116,128,-12,12
81262,89,80,9,9
81263,140,119,21,21
81264,130,100,30,30
81265,80,70,10,10
81266,113,108,5,5
81267,60,58,2,2
81268,143,149,-6,6
81269,86,72,14,14
81270,126,103,23,23
81271,75,64,11,11
81272,120,102,18,18
81273,125,102,23,23
81274,195,161,34,34
81275,71,64,7,7
81276,131,109,22,22
81277,111,97,14,14
81278,89,85,4,4
81279,93,83,10,10
81280,80,73,7,7
81281,80,67,13,13
81282,46,41,5,5
81283,134,110,24,24
81284,83,73,10,10
81285,145,125,20,20
81286,80,74,6,6
81287,82,66,16,16
81288,86,70,16,16
81289,62,63,-1,1
81290,46,46,0,0
81291,112,96,16,16
81292,99,86,13,13
81293,145,128,17,17
81294,166,147,19,19
81295,45,47,-2,2
81296,126,97,29,29
81297,89,77,12,12
81298,99,94,5,5
81299,77,70,7,7
81300,119,92,27,27
81301,93,101,-8,8
81302,102,98,4,4
81303,62,56,6,6
81304,57,56,1,1
81305,63,61,2,2
81306,56,54,2,2
81307,137,116,21,21
81308,101,88,13,13
81309,90,74,16,16
81310,136,116,20,20
81311,70,62,8,8
81312,81,75,6,6
81313,66,61,5,5
81314,93,84,9,9
81315,73,64,9,9
81316,90,79,11,11
81317,83,75,8,8
81318,89,72,17,17
81319,103,97,6,6
81320,105,88,17,17
81321,83,92,-9,9
81322,115,104,11,11
81323,99,97,2,2
81324,85,79,6,6
81325,73,71,2,2
81326,80,77,3,3
81327,49,53,-4,4
81328,80,73,7,7
81329,63,60,3,3
81330,33,35,-2,2
81331,178,164,14,14
81332,105,118,-13,13
81333,41,53,-12,12
81334,92,85,7,7
81335,98,88,10,10
81336,71,66,5,5
81337,30,31,-1,1
81338,62,59,3,3
81339,126,132,-6,6
81340,102,93,9,9
81341,122,110,12,12
81342,79,72,7,7
81343,152,124,28,28
81344,159,126,33,33
81345,161,145,16,16
81346,71,58,13,13
81347,84,77,7,7
81348,118,92,26,26
81349,73,64,9,9
81350,118,107,11,11
81351,102,78,24,24
81352,69,72,-3,3
81353,101,82,19,19
81354,127,105,22,22
81355,84,70,14,14
81356,40,36,4,4
81357,70,61,9,9
81358,135,110,25,25
81359,77,71,6,6
81360,78,75,3,3
81361,70,64,6,6
81362,73,70,3,3
81363,85,74,11,11
81364,106,91,15,15
81365,151,126,25,25
81366,153,138,15,15
81367,133,105,28,28
81368,121,106,15,15
81369,110,95,15,15
81370,71,73,-2,2
81371,98,85,13,13
81372,126,114,12,12
81373,86,77,9,9
81374,77,71,6,6
81375,198,162,36,36
81376,133,114,19,19
81377,124,122,2,2
81378,90,76,14,14
81379,60,55,5,5
81380,80,82,-2,2
81381,47,45,2,2
81382,82,68,14,14
81383,119,86,33,33
81384,66,61,5,5
81385,136,108,28,28
81386,141,117,24,24
81387,50,55,-5,5
81388,71,71,0,0
81389,98,83,15,15
81390,121,94,27,27
81391,81,80,1,1
81392,117,105,12,12
81393,112,98,14,14
81394,94,82,12,12
81395,55,68,-13,13
81396,97,98,-1,1
81397,92,87,5,5
81398,137,120,17,17
81399,54,54,0,0
81400,140,121,19,19
81401,138,114,24,24
81402,85,74,11,11
81403,84,80,4,4
81404,104,91,13,13
81405,113,101,12,12
81406,109,100,9,9
81407,76,82,-6,6
81408,79,75,4,4
81409,65,55,10,10
81410,81,71,10,10
81411,131,109,22,22
81412,204,163,41,41
81413,77,67,10,10
81414,161,135,26,26
81415,97,87,10,10
81416,110,89,21,21
81417,76,69,7,7
81418,70,60,10,10
81419,122,109,13,13
81420,52,56,-4,4
81421,121,105,16,16
81422,89,80,9,9
81423,99,82,17,17
81424,62,58,4,4
81425,117,101,16,16
81426,92,90,2,2
81427,169,147,22,22
81428,122,101,21,21
81429,88,88,0,0
81430,94,79,15,15
81431,163,123,40,40
81432,72,63,9,9
81433,87,85,2,2
81434,104,103,1,1
81435,51,51,0,0
81436,57,49,8,8
81437,149,127,22,22
81438,87,81,6,6
81439,109,98,11,11
81440,120,102,18,18
81441,79,65,14,14
81442,129,112,17,17
81443,162,134,28,28
81444,133,115,18,18
81445,82,73,9,9
81446,110,97,13,13
81447,180,141,39,39
81448,104,90,14,14
81449,134,115,19,19
81450,114,96,18,18
81451,130,124,6,6
81452,94,88,6,6
81453,182,148,34,34
81454,93,87,6,6
81455,74,71,3,3
81456,66,62,4,4
81457,164,245,-81,81
81458,125,155,-30,30
81459,74,74,0,0
81460,148,130,18,18
81461,69,65,4,4
81462,98,86,12,12
81463,71,66,5,5
81464,107,91,16,16
81465,133,109,24,24
81466,72,63,9,9
81467,68,62,6,6
81468,97,84,13,13
81469,185,142,43,43
81470,184,158,26,26
81471,106,102,4,4
81472,143,129,14,14
81473,82,84,-2,2
81474,47,53,-6,6
81475,82,69,13,13
81476,97,77,20,20
81477,58,55,3,3
81478,115,94,21,21
81479,137,106,31,31
81480,112,100,12,12
81481,101,87,14,14
81482,56,50,6,6
81483,80,71,9,9
81484,79,74,5,5
81485,186,147,39,39
81486,79,68,11,11
81487,80,64,16,16
81488,85,73,12,12
81489,123,99,24,24
81490,94,78,16,16
81491,71,76,-5,5
81492,83,75,8,8
81493,45,45,0,0
81494,120,130,-10,10
81495,165,143,22,22
81496,73,68,5,5
81497,87,77,10,10
81498,80,74,6,6
81499,132,121,11,11
81500,82,68,14,14
81501,77,66,11,11
81502,62,63,-1,1
81503,74,68,6,6
81504,87,84,3,3
81505,142,123,19,19
81506,119,95,24,24
81507,62,50,12,12
