,original,predict,differ,abs
0,67,71,-4,4
1,58,61,-3,3
2,88,85,3,3
3,183,181,2,2
4,81,78,3,3
5,88,90,-2,2
6,83,88,-5,5
7,183,145,38,38
8,81,77,4,4
9,117,118,-1,1
10,64,56,8,8
11,59,65,-6,6
12,74,70,4,4
13,100,109,-9,9
14,103,102,1,1
15,66,65,1,1
16,97,94,3,3
17,120,106,14,14
18,79,78,1,1
19,110,120,-10,10
20,217,202,15,15
21,156,157,-1,1
22,97,89,8,8
23,101,122,-21,21
24,82,74,8,8
25,127,121,6,6
26,112,112,0,0
27,191,177,14,14
28,48,41,7,7
29,106,116,-10,10
30,133,132,1,1
31,57,60,-3,3
32,108,106,2,2
33,89,83,6,6
34,50,73,-23,23
35,62,53,9,9
36,102,98,4,4
37,55,53,2,2
38,89,103,-14,14
39,96,105,-9,9
40,70,70,0,0
41,115,119,-4,4
42,82,82,0,0
43,102,105,-3,3
44,167,150,17,17
45,82,90,-8,8
46,118,132,-14,14
47,85,82,3,3
48,93,93,0,0
49,111,98,13,13
50,77,65,12,12
51,136,134,2,2
52,109,99,10,10
53,85,92,-7,7
54,133,125,8,8
55,138,129,9,9
56,100,121,-21,21
57,130,130,0,0
58,96,103,-7,7
59,58,55,3,3
60,115,114,1,1
61,73,76,-3,3
62,135,126,9,9
63,177,179,-2,2
64,96,102,-6,6
65,77,80,-3,3
66,84,87,-3,3
67,105,95,10,10
68,193,194,-1,1
69,143,146,-3,3
70,111,107,4,4
71,104,94,10,10
72,265,253,12,12
73,88,92,-4,4
74,78,81,-3,3
75,58,58,0,0
76,86,84,2,2
77,59,63,-4,4
78,139,141,-2,2
79,96,93,3,3
80,90,86,4,4
81,83,81,2,2
82,133,133,0,0
83,141,145,-4,4
84,72,67,5,5
85,75,73,2,2
86,43,39,4,4
87,68,68,0,0
88,170,144,26,26
89,92,97,-5,5
90,64,88,-24,24
91,101,110,-9,9
92,82,72,10,10
93,81,78,3,3
94,75,73,2,2
95,99,96,3,3
96,45,54,-9,9
97,186,195,-9,9
98,127,145,-18,18
99,100,106,-6,6
100,66,63,3,3
101,129,112,17,17
102,107,117,-10,10
103,128,129,-1,1
104,90,85,5,5
105,68,68,0,0
106,107,108,-1,1
107,90,85,5,5
108,89,91,-2,2
109,70,72,-2,2
110,174,157,17,17
111,90,83,7,7
112,76,77,-1,1
113,67,62,5,5
114,76,87,-11,11
115,168,168,0,0
116,91,87,4,4
117,103,105,-2,2
118,91,89,2,2
119,67,70,-3,3
120,118,126,-8,8
121,51,52,-1,1
122,76,78,-2,2
123,110,117,-7,7
124,99,93,6,6
125,96,99,-3,3
126,169,176,-7,7
127,89,95,-6,6
128,94,100,-6,6
129,123,136,-13,13
130,186,181,5,5
131,132,132,0,0
132,102,91,11,11
133,78,83,-5,5
134,129,118,11,11
135,116,103,13,13
136,136,131,5,5
137,131,134,-3,3
138,105,108,-3,3
139,69,69,0,0
140,66,61,5,5
141,127,122,5,5
142,127,127,0,0
143,66,80,-14,14
144,112,120,-8,8
145,115,107,8,8
146,98,91,7,7
147,69,62,7,7
148,93,85,8,8
149,121,131,-10,10
150,92,97,-5,5
151,73,69,4,4
152,139,139,0,0
153,80,85,-5,5
154,89,94,-5,5
155,67,61,6,6
156,66,63,3,3
157,81,85,-4,4
158,59,59,0,0
159,128,132,-4,4
160,109,113,-4,4
161,50,50,0,0
162,74,67,7,7
163,80,84,-4,4
164,132,123,9,9
165,51,51,0,0
166,115,115,0,0
167,70,87,-17,17
168,159,148,11,11
169,151,160,-9,9
170,94,93,1,1
171,81,92,-11,11
172,77,85,-8,8
173,42,44,-2,2
174,135,135,0,0
175,106,103,3,3
176,50,49,1,1
177,162,147,15,15
178,130,117,13,13
179,120,107,13,13
180,84,89,-5,5
181,76,77,-1,1
182,67,66,1,1
183,75,69,6,6
184,39,39,0,0
185,119,107,12,12
186,55,58,-3,3
187,90,87,3,3
188,124,130,-6,6
189,171,178,-7,7
190,70,68,2,2
191,137,139,-2,2
192,127,137,-10,10
193,143,156,-13,13
194,195,168,27,27
195,112,108,4,4
196,43,39,4,4
197,114,114,0,0
198,111,115,-4,4
199,80,82,-2,2
200,128,113,15,15
201,176,182,-6,6
202,64,58,6,6
203,142,139,3,3
204,100,93,7,7
205,63,56,7,7
206,145,137,8,8
207,101,99,2,2
208,78,73,5,5
209,98,94,4,4
210,147,153,-6,6
211,50,51,-1,1
212,70,66,4,4
213,175,174,1,1
214,87,99,-12,12
215,87,79,8,8
216,108,127,-19,19
217,67,64,3,3
218,95,98,-3,3
219,89,96,-7,7
220,135,143,-8,8
221,79,91,-12,12
222,43,48,-5,5
223,195,165,30,30
224,83,89,-6,6
225,81,88,-7,7
226,63,67,-4,4
227,119,118,1,1
228,98,97,1,1
229,44,51,-7,7
230,47,52,-5,5
231,87,69,18,18
232,90,78,12,12
233,62,59,3,3
234,103,100,3,3
235,140,147,-7,7
236,114,116,-2,2
237,57,68,-11,11
238,81,78,3,3
239,74,98,-24,24
240,61,68,-7,7
241,43,39,4,4
242,55,56,-1,1
243,100,91,9,9
244,124,115,9,9
245,107,109,-2,2
246,121,126,-5,5
247,86,95,-9,9
248,146,139,7,7
249,147,153,-6,6
250,47,39,8,8
251,124,119,5,5
252,89,91,-2,2
253,50,58,-8,8
254,110,114,-4,4
255,158,155,3,3
256,86,82,4,4
257,102,106,-4,4
258,107,112,-5,5
259,64,68,-4,4
260,136,136,0,0
261,125,113,12,12
262,115,106,9,9
263,71,67,4,4
264,80,80,0,0
265,82,87,-5,5
266,79,83,-4,4
267,102,98,4,4
268,49,54,-5,5
269,109,116,-7,7
270,52,53,-1,1
271,72,65,7,7
272,68,73,-5,5
273,151,160,-9,9
274,112,111,1,1
275,97,111,-14,14
276,82,94,-12,12
277,72,78,-6,6
278,125,137,-12,12
279,128,134,-6,6
280,94,98,-4,4
281,76,69,7,7
282,71,74,-3,3
283,112,115,-3,3
284,75,69,6,6
285,77,72,5,5
286,78,71,7,7
287,89,82,7,7
288,88,85,3,3
289,97,95,2,2
290,80,76,4,4
291,67,69,-2,2
292,83,87,-4,4
293,85,79,6,6
294,76,71,5,5
295,64,60,4,4
296,107,110,-3,3
297,141,151,-10,10
298,130,128,2,2
299,51,58,-7,7
300,66,62,4,4
301,75,76,-1,1
302,186,160,26,26
303,86,79,7,7
304,141,147,-6,6
305,83,78,5,5
306,85,83,2,2
307,148,138,10,10
308,87,87,0,0
309,77,68,9,9
310,27,37,-10,10
311,88,89,-1,1
312,92,87,5,5
313,86,93,-7,7
314,135,137,-2,2
315,77,71,6,6
316,73,71,2,2
317,133,144,-11,11
318,51,52,-1,1
319,125,121,4,4
320,98,110,-12,12
321,143,139,4,4
322,140,141,-1,1
323,87,93,-6,6
324,89,71,18,18
325,69,72,-3,3
326,96,78,18,18
327,127,121,6,6
328,79,73,6,6
329,137,128,9,9
330,85,86,-1,1
331,84,90,-6,6
332,52,57,-5,5
333,77,70,7,7
334,78,83,-5,5
335,104,97,7,7
336,89,96,-7,7
337,89,60,29,29
338,56,53,3,3
339,106,90,16,16
340,71,67,4,4
341,132,124,8,8
342,82,75,7,7
343,100,94,6,6
344,51,59,-8,8
345,66,64,2,2
346,85,78,7,7
347,112,112,0,0
348,34,51,-17,17
349,134,121,13,13
350,93,99,-6,6
351,114,135,-21,21
352,137,129,8,8
353,88,92,-4,4
354,108,117,-9,9
355,106,100,6,6
356,146,182,-36,36
357,54,65,-11,11
358,170,146,24,24
359,86,73,13,13
360,110,95,15,15
361,82,82,0,0
362,101,97,4,4
363,64,68,-4,4
364,44,54,-10,10
365,84,84,0,0
366,60,56,4,4
367,101,106,-5,5
368,120,110,10,10
369,60,60,0,0
370,130,128,2,2
371,41,39,2,2
372,116,110,6,6
373,58,57,1,1
374,77,74,3,3
375,96,102,-6,6
376,88,95,-7,7
377,103,100,3,3
378,35,97,-62,62
379,64,60,4,4
380,86,76,10,10
381,89,90,-1,1
382,108,104,4,4
383,116,108,8,8
384,82,84,-2,2
385,65,65,0,0
386,64,69,-5,5
387,134,131,3,3
388,65,65,0,0
389,77,74,3,3
390,120,123,-3,3
391,54,55,-1,1
392,90,90,0,0
393,87,92,-5,5
394,97,98,-1,1
395,17,36,-19,19
396,69,90,-21,21
397,31,39,-8,8
398,90,90,0,0
399,104,107,-3,3
400,97,95,2,2
401,52,57,-5,5
402,81,84,-3,3
403,88,87,1,1
404,150,155,-5,5
405,103,114,-11,11
406,47,38,9,9
407,119,119,0,0
408,107,114,-7,7
409,88,67,21,21
410,85,85,0,0
411,95,97,-2,2
412,89,83,6,6
413,87,92,-5,5
414,148,139,9,9
415,98,96,2,2
416,148,153,-5,5
417,77,84,-7,7
418,70,72,-2,2
419,64,64,0,0
420,110,131,-21,21
421,143,156,-13,13
422,122,175,-53,53
423,82,84,-2,2
424,112,113,-1,1
425,128,130,-2,2
426,148,152,-4,4
427,80,76,4,4
428,56,62,-6,6
429,90,89,1,1
430,110,109,1,1
431,88,100,-12,12
432,91,92,-1,1
433,99,97,2,2
434,122,117,5,5
435,66,63,3,3
436,106,100,6,6
437,65,60,5,5
438,164,158,6,6
439,68,63,5,5
440,48,67,-19,19
441,88,80,8,8
442,107,114,-7,7
443,58,64,-6,6
444,91,88,3,3
445,113,106,7,7
446,107,103,4,4
447,101,97,4,4
448,72,84,-12,12
449,134,134,0,0
450,87,87,0,0
451,64,61,3,3
452,72,66,6,6
453,146,155,-9,9
454,110,113,-3,3
455,104,102,2,2
456,129,136,-7,7
457,134,145,-11,11
458,123,124,-1,1
459,62,58,4,4
460,71,70,1,1
461,58,62,-4,4
462,88,85,3,3
463,134,136,-2,2
464,81,83,-2,2
465,77,91,-14,14
466,118,116,2,2
467,131,129,2,2
468,66,65,1,1
469,61,63,-2,2
470,43,39,4,4
471,121,123,-2,2
472,101,111,-10,10
473,112,101,11,11
474,67,62,5,5
475,88,84,4,4
476,57,52,5,5
477,93,82,11,11
478,77,62,15,15
479,57,56,1,1
480,55,68,-13,13
481,68,66,2,2
482,118,116,2,2
483,63,63,0,0
484,110,117,-7,7
485,58,55,3,3
486,119,108,11,11
487,110,144,-34,34
488,146,146,0,0
489,50,38,12,12
490,104,101,3,3
491,136,129,7,7
492,145,154,-9,9
493,110,100,10,10
494,124,132,-8,8
495,117,113,4,4
496,134,130,4,4
497,98,89,9,9
498,104,133,-29,29
499,78,75,3,3
500,100,95,5,5
501,45,51,-6,6
502,108,116,-8,8
503,50,57,-7,7
504,69,73,-4,4
505,106,104,2,2
506,66,61,5,5
507,61,63,-2,2
508,96,94,2,2
509,96,101,-5,5
510,53,55,-2,2
511,93,98,-5,5
512,80,74,6,6
513,73,72,1,1
514,70,77,-7,7
515,100,92,8,8
516,137,134,3,3
517,114,116,-2,2
518,70,69,1,1
519,55,64,-9,9
520,108,90,18,18
521,138,142,-4,4
522,95,97,-2,2
523,142,144,-2,2
524,83,82,1,1
525,122,115,7,7
526,97,98,-1,1
527,56,53,3,3
528,122,123,-1,1
529,73,74,-1,1
530,69,62,7,7
531,95,100,-5,5
532,68,72,-4,4
533,95,90,5,5
534,78,93,-15,15
535,90,87,3,3
536,106,108,-2,2
537,42,38,4,4
538,76,79,-3,3
539,157,174,-17,17
540,119,116,3,3
541,99,104,-5,5
542,61,65,-4,4
543,102,97,5,5
544,92,97,-5,5
545,124,112,12,12
546,82,86,-4,4
547,76,81,-5,5
548,67,70,-3,3
549,148,144,4,4
550,74,77,-3,3
551,66,70,-4,4
552,108,109,-1,1
553,64,62,2,2
554,102,102,0,0
555,63,64,-1,1
556,66,56,10,10
557,74,69,5,5
558,74,76,-2,2
559,67,69,-2,2
560,86,95,-9,9
561,81,96,-15,15
562,90,94,-4,4
563,47,52,-5,5
564,68,72,-4,4
565,88,78,10,10
566,83,79,4,4
567,76,73,3,3
568,55,54,1,1
569,100,110,-10,10
570,108,127,-19,19
571,178,169,9,9
572,80,82,-2,2
573,82,84,-2,2
574,149,139,10,10
575,69,71,-2,2
576,70,76,-6,6
577,90,105,-15,15
578,91,90,1,1
579,75,67,8,8
580,88,87,1,1
581,134,127,7,7
582,49,55,-6,6
583,51,54,-3,3
584,113,108,5,5
585,88,89,-1,1
586,53,49,4,4
587,84,73,11,11
588,105,100,5,5
589,85,81,4,4
590,105,101,4,4
591,75,72,3,3
592,139,135,4,4
593,103,100,3,3
594,87,92,-5,5
595,65,76,-11,11
596,74,70,4,4
597,98,106,-8,8
598,110,105,5,5
599,112,111,1,1
600,88,85,3,3
601,85,86,-1,1
602,55,55,0,0
603,86,84,2,2
604,124,126,-2,2
605,114,119,-5,5
606,57,56,1,1
607,56,58,-2,2
608,78,72,6,6
609,122,140,-18,18
610,79,72,7,7
611,81,74,7,7
612,117,112,5,5
613,112,124,-12,12
614,95,99,-4,4
615,195,183,12,12
616,76,87,-11,11
617,104,97,7,7
618,112,107,5,5
619,103,107,-4,4
620,91,96,-5,5
621,105,99,6,6
622,127,111,16,16
623,60,64,-4,4
624,111,111,0,0
625,106,105,1,1
626,109,110,-1,1
627,85,84,1,1
628,67,70,-3,3
629,81,86,-5,5
630,83,86,-3,3
631,56,59,-3,3
632,92,91,1,1
633,71,80,-9,9
634,95,89,6,6
635,93,98,-5,5
636,144,149,-5,5
637,53,55,-2,2
638,77,86,-9,9
639,71,73,-2,2
640,95,101,-6,6
641,95,102,-7,7
642,61,56,5,5
643,141,133,8,8
644,133,128,5,5
645,94,89,5,5
646,112,115,-3,3
647,84,86,-2,2
648,92,91,1,1
649,84,84,0,0
650,94,97,-3,3
651,72,71,1,1
652,102,122,-20,20
653,61,64,-3,3
654,108,115,-7,7
655,105,109,-4,4
656,85,89,-4,4
657,74,79,-5,5
658,50,51,-1,1
659,101,96,5,5
660,82,77,5,5
661,108,91,17,17
662,148,146,2,2
663,126,125,1,1
664,136,151,-15,15
665,75,75,0,0
666,36,39,-3,3
667,42,56,-14,14
668,69,64,5,5
669,126,124,2,2
670,109,100,9,9
671,90,87,3,3
672,116,107,9,9
673,151,192,-41,41
674,147,146,1,1
675,52,92,-40,40
676,107,110,-3,3
677,90,90,0,0
678,162,155,7,7
679,103,107,-4,4
680,150,140,10,10
681,62,81,-19,19
682,111,112,-1,1
683,77,84,-7,7
684,166,173,-7,7
685,151,164,-13,13
686,116,118,-2,2
687,79,81,-2,2
688,94,119,-25,25
689,110,113,-3,3
690,152,140,12,12
691,176,168,8,8
692,92,95,-3,3
693,156,153,3,3
694,92,98,-6,6
695,77,75,2,2
696,32,50,-18,18
697,87,90,-3,3
698,108,109,-1,1
699,104,92,12,12
700,70,68,2,2
701,66,51,15,15
702,118,116,2,2
703,65,64,1,1
704,111,101,10,10
705,74,68,6,6
706,81,89,-8,8
707,88,83,5,5
708,87,84,3,3
709,116,128,-12,12
710,47,39,8,8
711,95,98,-3,3
712,44,49,-5,5
713,91,102,-11,11
714,83,86,-3,3
715,137,134,3,3
716,80,82,-2,2
717,147,139,8,8
718,119,125,-6,6
719,137,112,25,25
720,133,146,-13,13
721,89,95,-6,6
722,150,145,5,5
723,108,104,4,4
724,96,83,13,13
725,88,84,4,4
726,140,134,6,6
727,128,135,-7,7
728,53,53,0,0
729,100,113,-13,13
730,58,67,-9,9
731,110,105,5,5
732,125,126,-1,1
733,124,113,11,11
734,109,121,-12,12
735,122,126,-4,4
736,95,96,-1,1
737,93,97,-4,4
738,85,79,6,6
739,98,86,12,12
740,68,78,-10,10
741,48,51,-3,3
742,97,101,-4,4
743,81,82,-1,1
744,88,84,4,4
745,91,112,-21,21
746,64,60,4,4
747,204,190,14,14
748,114,111,3,3
749,185,158,27,27
750,75,73,2,2
751,70,65,5,5
752,145,149,-4,4
753,87,85,2,2
754,45,55,-10,10
755,73,70,3,3
756,125,134,-9,9
757,60,63,-3,3
758,95,95,0,0
759,119,99,20,20
760,76,69,7,7
761,56,59,-3,3
762,44,60,-16,16
763,98,100,-2,2
764,86,76,10,10
765,161,148,13,13
766,102,125,-23,23
767,103,101,2,2
768,69,71,-2,2
769,151,162,-11,11
770,92,73,19,19
771,80,88,-8,8
772,87,89,-2,2
773,108,101,7,7
774,51,54,-3,3
775,110,109,1,1
776,64,59,5,5
777,73,69,4,4
778,92,89,3,3
779,93,93,0,0
780,103,101,2,2
781,49,39,10,10
782,71,73,-2,2
783,70,66,4,4
784,67,64,3,3
785,100,98,2,2
786,93,99,-6,6
787,75,75,0,0
788,97,98,-1,1
789,84,86,-2,2
790,140,132,8,8
791,151,145,6,6
792,78,85,-7,7
793,79,80,-1,1
794,108,121,-13,13
795,95,90,5,5
796,98,92,6,6
797,119,124,-5,5
798,83,98,-15,15
799,67,67,0,0
800,64,64,0,0
801,102,97,5,5
802,75,76,-1,1
803,68,81,-13,13
804,78,77,1,1
805,53,54,-1,1
806,126,125,1,1
807,89,93,-4,4
808,85,97,-12,12
809,64,67,-3,3
810,85,81,4,4
811,74,72,2,2
812,66,63,3,3
813,79,70,9,9
814,125,109,16,16
815,119,116,3,3
816,26,50,-24,24
817,66,66,0,0
818,88,81,7,7
819,111,98,13,13
820,86,81,5,5
821,76,85,-9,9
822,86,81,5,5
823,145,138,7,7
824,46,46,0,0
825,107,102,5,5
826,99,90,9,9
827,63,65,-2,2
828,68,67,1,1
829,100,92,8,8
830,110,125,-15,15
831,77,77,0,0
832,66,68,-2,2
833,64,63,1,1
834,77,85,-8,8
835,144,149,-5,5
836,106,105,1,1
837,93,103,-10,10
838,73,78,-5,5
839,103,107,-4,4
840,105,109,-4,4
841,75,76,-1,1
842,83,78,5,5
843,112,117,-5,5
844,156,152,4,4
845,156,151,5,5
846,77,84,-7,7
847,76,71,5,5
848,95,95,0,0
849,41,52,-11,11
850,106,118,-12,12
851,135,133,2,2
852,92,99,-7,7
853,91,99,-8,8
854,112,111,1,1
855,84,89,-5,5
856,77,69,8,8
857,29,55,-26,26
858,64,65,-1,1
859,143,130,13,13
860,59,55,4,4
861,155,155,0,0
862,207,173,34,34
863,129,120,9,9
864,115,108,7,7
865,108,99,9,9
866,162,149,13,13
867,69,73,-4,4
868,62,72,-10,10
869,79,94,-15,15
870,57,59,-2,2
871,90,87,3,3
872,98,93,5,5
873,108,107,1,1
874,80,99,-19,19
875,114,109,5,5
876,57,56,1,1
877,41,110,-69,69
878,90,85,5,5
879,84,71,13,13
880,87,91,-4,4
881,70,77,-7,7
882,109,111,-2,2
883,76,73,3,3
884,62,54,8,8
885,83,80,3,3
886,124,133,-9,9
887,122,128,-6,6
888,55,55,0,0
889,108,119,-11,11
890,109,115,-6,6
891,52,66,-14,14
892,134,120,14,14
893,60,55,5,5
894,71,71,0,0
895,123,117,6,6
896,60,61,-1,1
897,140,137,3,3
898,109,97,12,12
899,150,171,-21,21
900,74,77,-3,3
901,94,84,10,10
902,71,74,-3,3
903,139,135,4,4
904,87,100,-13,13
905,72,74,-2,2
906,53,50,3,3
907,163,151,12,12
908,111,96,15,15
909,70,58,12,12
910,46,50,-4,4
911,138,137,1,1
912,127,127,0,0
913,70,74,-4,4
914,107,122,-15,15
915,64,61,3,3
916,69,83,-14,14
917,196,197,-1,1
918,136,141,-5,5
919,52,48,4,4
920,79,83,-4,4
921,109,118,-9,9
922,78,81,-3,3
923,115,116,-1,1
924,77,84,-7,7
925,110,109,1,1
926,74,68,6,6
927,49,43,6,6
928,55,55,0,0
929,145,138,7,7
930,119,119,0,0
931,96,94,2,2
932,196,199,-3,3
933,72,77,-5,5
934,90,100,-10,10
935,62,103,-41,41
936,118,111,7,7
937,137,146,-9,9
938,79,80,-1,1
939,152,149,3,3
940,87,98,-11,11
941,112,113,-1,1
942,62,63,-1,1
943,72,75,-3,3
944,109,106,3,3
945,83,82,1,1
946,68,63,5,5
947,97,97,0,0
948,59,58,1,1
949,173,159,14,14
950,73,68,5,5
951,85,89,-4,4
952,62,63,-1,1
953,75,69,6,6
954,90,94,-4,4
955,93,95,-2,2
956,98,98,0,0
957,116,112,4,4
958,50,49,1,1
959,106,112,-6,6
960,114,108,6,6
961,98,93,5,5
962,184,188,-4,4
963,69,71,-2,2
964,147,145,2,2
965,29,54,-25,25
966,108,118,-10,10
967,65,63,2,2
968,96,93,3,3
969,84,89,-5,5
970,70,65,5,5
971,162,159,3,3
972,112,117,-5,5
973,71,67,4,4
974,139,133,6,6
975,72,81,-9,9
976,68,69,-1,1
977,76,82,-6,6
978,87,84,3,3
979,52,50,2,2
980,115,114,1,1
981,161,156,5,5
982,88,78,10,10
983,107,106,1,1
984,84,78,6,6
985,90,88,2,2
986,55,56,-1,1
987,138,131,7,7
988,90,84,6,6
989,114,108,6,6
990,111,129,-18,18
991,44,39,5,5
992,111,121,-10,10
993,128,111,17,17
994,98,93,5,5
995,93,86,7,7
996,74,71,3,3
997,130,133,-3,3
998,82,96,-14,14
999,178,160,18,18
1000,42,50,-8,8
1001,96,91,5,5
1002,39,50,-11,11
1003,75,79,-4,4
1004,147,146,1,1
1005,102,105,-3,3
1006,212,199,13,13
1007,64,64,0,0
1008,91,89,2,2
1009,39,39,0,0
1010,92,102,-10,10
1011,159,152,7,7
1012,119,113,6,6
1013,128,129,-1,1
1014,125,121,4,4
1015,63,65,-2,2
1016,117,117,0,0
1017,117,121,-4,4
1018,35,38,-3,3
1019,108,110,-2,2
1020,108,105,3,3
1021,77,74,3,3
1022,88,88,0,0
1023,45,50,-5,5
1024,88,99,-11,11
1025,110,100,10,10
1026,93,88,5,5
1027,77,83,-6,6
1028,144,139,5,5
1029,63,68,-5,5
1030,56,52,4,4
1031,143,139,4,4
1032,119,136,-17,17
1033,85,80,5,5
1034,94,92,2,2
1035,115,126,-11,11
1036,117,121,-4,4
1037,71,66,5,5
1038,79,84,-5,5
1039,119,88,31,31
1040,78,78,0,0
1041,101,117,-16,16
1042,89,95,-6,6
1043,91,98,-7,7
1044,112,113,-1,1
1045,131,133,-2,2
1046,43,39,4,4
1047,162,163,-1,1
1048,55,57,-2,2
1049,116,120,-4,4
1050,49,51,-2,2
1051,88,78,10,10
1052,108,106,2,2
1053,72,62,10,10
1054,115,113,2,2
1055,55,57,-2,2
1056,146,137,9,9
1057,97,80,17,17
1058,81,81,0,0
1059,146,139,7,7
1060,133,130,3,3
1061,62,63,-1,1
1062,148,149,-1,1
1063,98,89,9,9
1064,81,68,13,13
1065,73,75,-2,2
1066,81,75,6,6
1067,148,142,6,6
1068,141,129,12,12
1069,56,45,11,11
1070,123,121,2,2
1071,83,83,0,0
1072,117,122,-5,5
1073,99,101,-2,2
1074,99,107,-8,8
1075,64,63,1,1
1076,92,84,8,8
1077,40,39,1,1
1078,183,174,9,9
1079,44,59,-15,15
1080,115,114,1,1
1081,49,51,-2,2
1082,127,124,3,3
1083,155,138,17,17
1084,81,92,-11,11
1085,92,87,5,5
1086,74,62,12,12
1087,108,112,-4,4
1088,57,58,-1,1
1089,61,61,0,0
1090,125,119,6,6
1091,97,88,9,9
1092,60,93,-33,33
1093,78,77,1,1
1094,71,83,-12,12
1095,84,87,-3,3
1096,177,166,11,11
1097,80,74,6,6
1098,130,136,-6,6
1099,81,84,-3,3
1100,88,88,0,0
1101,56,54,2,2
1102,149,145,4,4
1103,92,81,11,11
1104,90,90,0,0
1105,45,54,-9,9
1106,63,71,-8,8
1107,92,92,0,0
1108,124,129,-5,5
1109,140,145,-5,5
1110,122,139,-17,17
1111,47,51,-4,4
1112,67,69,-2,2
1113,199,192,7,7
1114,110,134,-24,24
1115,78,83,-5,5
1116,42,38,4,4
1117,51,55,-4,4
1118,183,153,30,30
1119,160,165,-5,5
1120,117,117,0,0
1121,70,73,-3,3
1122,90,86,4,4
1123,101,113,-12,12
1124,73,75,-2,2
1125,64,64,0,0
1126,69,69,0,0
1127,98,98,0,0
1128,121,122,-1,1
1129,83,81,2,2
1130,170,174,-4,4
1131,80,82,-2,2
1132,68,68,0,0
1133,130,144,-14,14
1134,66,71,-5,5
1135,65,87,-22,22
1136,95,95,0,0
1137,99,97,2,2
1138,95,119,-24,24
1139,174,173,1,1
1140,154,141,13,13
1141,121,110,11,11
1142,109,98,11,11
1143,87,106,-19,19
1144,61,52,9,9
1145,96,98,-2,2
1146,96,97,-1,1
1147,118,118,0,0
1148,97,89,8,8
1149,105,103,2,2
1150,87,83,4,4
1151,104,94,10,10
1152,80,89,-9,9
1153,54,57,-3,3
1154,92,91,1,1
1155,48,54,-6,6
1156,78,84,-6,6
1157,136,123,13,13
1158,139,128,11,11
1159,61,106,-45,45
1160,83,86,-3,3
1161,103,113,-10,10
1162,128,127,1,1
1163,131,127,4,4
1164,76,74,2,2
1165,74,65,9,9
1166,135,137,-2,2
1167,73,77,-4,4
1168,115,122,-7,7
1169,81,88,-7,7
1170,140,132,8,8
1171,69,74,-5,5
1172,46,51,-5,5
1173,109,106,3,3
1174,197,185,12,12
1175,111,122,-11,11
1176,100,99,1,1
1177,77,70,7,7
1178,66,66,0,0
1179,67,65,2,2
1180,120,136,-16,16
1181,349,338,11,11
1182,78,74,4,4
1183,118,127,-9,9
1184,51,63,-12,12
1185,82,87,-5,5
1186,49,39,10,10
1187,72,71,1,1
1188,112,294,-182,182
1189,140,121,19,19
1190,69,59,10,10
1191,94,97,-3,3
1192,69,68,1,1
1193,96,101,-5,5
1194,77,116,-39,39
1195,92,103,-11,11
1196,141,146,-5,5
1197,94,92,2,2
1198,92,80,12,12
1199,96,121,-25,25
1200,69,62,7,7
1201,35,39,-4,4
1202,78,75,3,3
1203,113,116,-3,3
1204,99,91,8,8
1205,108,107,1,1
1206,118,111,7,7
1207,95,93,2,2
1208,106,109,-3,3
1209,101,86,15,15
1210,77,91,-14,14
1211,97,93,4,4
1212,86,82,4,4
1213,60,61,-1,1
1214,101,113,-12,12
1215,105,96,9,9
1216,73,74,-1,1
1217,90,90,0,0
1218,121,113,8,8
1219,80,85,-5,5
1220,85,92,-7,7
1221,158,162,-4,4
1222,75,78,-3,3
1223,70,76,-6,6
1224,66,68,-2,2
1225,107,103,4,4
1226,182,186,-4,4
1227,134,134,0,0
1228,103,99,4,4
1229,69,74,-5,5
1230,95,89,6,6
1231,33,38,-5,5
1232,58,58,0,0
1233,63,69,-6,6
1234,115,100,15,15
1235,111,103,8,8
1236,128,121,7,7
1237,141,132,9,9
1238,50,53,-3,3
1239,129,114,15,15
1240,49,57,-8,8
1241,91,87,4,4
1242,131,121,10,10
1243,120,107,13,13
1244,91,88,3,3
1245,108,111,-3,3
1246,70,74,-4,4
1247,51,50,1,1
1248,92,101,-9,9
1249,77,74,3,3
1250,149,142,7,7
1251,117,110,7,7
1252,144,147,-3,3
1253,82,70,12,12
1254,107,112,-5,5
1255,51,52,-1,1
1256,55,57,-2,2
1257,101,102,-1,1
1258,99,94,5,5
1259,114,109,5,5
1260,55,63,-8,8
1261,83,80,3,3
1262,174,173,1,1
1263,136,133,3,3
1264,89,93,-4,4
1265,67,76,-9,9
1266,81,84,-3,3
1267,122,127,-5,5
1268,74,76,-2,2
1269,149,169,-20,20
1270,62,65,-3,3
1271,64,71,-7,7
1272,85,91,-6,6
1273,163,145,18,18
1274,72,73,-1,1
1275,62,57,5,5
1276,50,53,-3,3
1277,57,62,-5,5
1278,82,94,-12,12
1279,58,55,3,3
1280,51,50,1,1
1281,63,66,-3,3
1282,125,112,13,13
1283,78,84,-6,6
1284,57,54,3,3
1285,65,65,0,0
1286,111,120,-9,9
1287,90,84,6,6
1288,107,107,0,0
1289,81,74,7,7
1290,133,113,20,20
1291,111,123,-12,12
1292,64,70,-6,6
1293,56,73,-17,17
1294,51,58,-7,7
1295,64,66,-2,2
1296,156,151,5,5
1297,96,107,-11,11
1298,94,87,7,7
1299,65,96,-31,31
1300,167,160,7,7
1301,44,39,5,5
1302,255,221,34,34
1303,80,75,5,5
1304,142,136,6,6
1305,73,59,14,14
1306,114,110,4,4
1307,81,72,9,9
1308,66,65,1,1
1309,91,88,3,3
1310,106,96,10,10
1311,84,90,-6,6
1312,120,123,-3,3
1313,115,111,4,4
1314,130,125,5,5
1315,192,204,-12,12
1316,150,141,9,9
1317,87,87,0,0
1318,69,71,-2,2
1319,170,184,-14,14
1320,99,96,3,3
1321,72,77,-5,5
1322,106,101,5,5
1323,142,122,20,20
1324,44,39,5,5
1325,87,94,-7,7
1326,72,74,-2,2
1327,116,107,9,9
1328,66,66,0,0
1329,43,39,4,4
1330,145,140,5,5
1331,92,89,3,3
1332,86,92,-6,6
1333,87,97,-10,10
1334,71,66,5,5
1335,136,127,9,9
1336,73,76,-3,3
1337,81,84,-3,3
1338,65,61,4,4
1339,97,90,7,7
1340,61,59,2,2
1341,76,64,12,12
1342,55,53,2,2
1343,100,97,3,3
1344,120,122,-2,2
1345,110,126,-16,16
1346,103,104,-1,1
1347,57,56,1,1
1348,95,83,12,12
1349,82,87,-5,5
1350,105,113,-8,8
1351,68,69,-1,1
1352,177,168,9,9
1353,97,96,1,1
1354,150,133,17,17
1355,38,39,-1,1
1356,85,82,3,3
1357,79,84,-5,5
1358,78,81,-3,3
1359,98,99,-1,1
1360,138,130,8,8
1361,92,84,8,8
1362,110,105,5,5
1363,135,148,-13,13
1364,96,99,-3,3
1365,107,102,5,5
1366,84,91,-7,7
1367,82,77,5,5
1368,87,109,-22,22
1369,58,59,-1,1
1370,55,51,4,4
1371,69,73,-4,4
1372,193,188,5,5
1373,102,108,-6,6
1374,105,99,6,6
1375,74,90,-16,16
1376,122,130,-8,8
1377,85,84,1,1
1378,103,100,3,3
1379,139,134,5,5
1380,91,84,7,7
1381,84,98,-14,14
1382,155,143,12,12
1383,73,71,2,2
1384,141,131,10,10
1385,70,63,7,7
1386,93,84,9,9
1387,100,92,8,8
1388,96,93,3,3
1389,56,57,-1,1
1390,93,121,-28,28
1391,97,117,-20,20
1392,43,39,4,4
1393,58,55,3,3
1394,107,103,4,4
1395,118,116,2,2
1396,64,60,4,4
1397,114,101,13,13
1398,84,79,5,5
1399,68,71,-3,3
1400,170,153,17,17
1401,121,118,3,3
1402,180,180,0,0
1403,81,80,1,1
1404,131,124,7,7
1405,166,164,2,2
1406,83,86,-3,3
1407,107,99,8,8
1408,95,96,-1,1
1409,88,78,10,10
1410,149,143,6,6
1411,160,159,1,1
1412,112,112,0,0
1413,145,146,-1,1
1414,38,39,-1,1
1415,104,99,5,5
1416,125,133,-8,8
1417,86,83,3,3
1418,105,102,3,3
1419,44,48,-4,4
1420,116,106,10,10
1421,136,133,3,3
1422,149,142,7,7
1423,135,107,28,28
1424,51,49,2,2
1425,94,106,-12,12
1426,88,98,-10,10
1427,128,132,-4,4
1428,148,144,4,4
1429,103,113,-10,10
1430,59,60,-1,1
1431,75,73,2,2
1432,83,81,2,2
1433,73,71,2,2
1434,75,99,-24,24
1435,74,81,-7,7
1436,85,86,-1,1
1437,74,70,4,4
1438,99,100,-1,1
1439,122,121,1,1
1440,130,134,-4,4
1441,61,64,-3,3
1442,48,46,2,2
1443,111,120,-9,9
1444,58,54,4,4
1445,61,74,-13,13
1446,129,133,-4,4
1447,55,55,0,0
1448,159,158,1,1
1449,81,79,2,2
1450,44,50,-6,6
1451,64,60,4,4
1452,105,98,7,7
1453,131,135,-4,4
1454,188,182,6,6
1455,107,103,4,4
1456,74,76,-2,2
1457,155,173,-18,18
1458,93,87,6,6
1459,125,125,0,0
1460,113,120,-7,7
1461,81,79,2,2
1462,73,67,6,6
1463,78,72,6,6
1464,124,110,14,14
1465,68,74,-6,6
1466,90,95,-5,5
1467,108,97,11,11
1468,73,67,6,6
1469,92,91,1,1
1470,118,119,-1,1
1471,70,63,7,7
1472,98,104,-6,6
1473,70,67,3,3
1474,72,72,0,0
1475,107,95,12,12
1476,112,110,2,2
1477,118,115,3,3
1478,86,82,4,4
1479,114,95,19,19
1480,121,113,8,8
1481,120,114,6,6
1482,275,225,50,50
1483,98,89,9,9
1484,95,106,-11,11
1485,80,75,5,5
1486,126,133,-7,7
1487,98,101,-3,3
1488,133,147,-14,14
1489,61,59,2,2
1490,129,121,8,8
1491,117,116,1,1
1492,54,74,-20,20
1493,54,59,-5,5
1494,48,50,-2,2
1495,85,82,3,3
1496,56,77,-21,21
1497,77,88,-11,11
1498,140,128,12,12
1499,69,72,-3,3
1500,88,87,1,1
1501,107,106,1,1
1502,81,81,0,0
1503,134,123,11,11
1504,80,80,0,0
1505,121,118,3,3
1506,111,107,4,4
1507,72,77,-5,5
1508,155,161,-6,6
1509,61,63,-2,2
1510,70,73,-3,3
1511,55,54,1,1
1512,74,74,0,0
1513,151,153,-2,2
1514,38,38,0,0
1515,164,196,-32,32
1516,66,75,-9,9
1517,58,56,2,2
1518,66,67,-1,1
1519,116,104,12,12
1520,71,87,-16,16
1521,99,100,-1,1
1522,108,120,-12,12
1523,77,79,-2,2
1524,56,58,-2,2
1525,126,115,11,11
1526,117,113,4,4
1527,71,64,7,7
1528,80,75,5,5
1529,69,70,-1,1
1530,76,74,2,2
1531,137,139,-2,2
1532,184,178,6,6
1533,131,123,8,8
1534,149,142,7,7
1535,95,92,3,3
1536,122,122,0,0
1537,54,51,3,3
1538,88,92,-4,4
1539,83,83,0,0
1540,69,74,-5,5
1541,87,98,-11,11
1542,156,159,-3,3
1543,118,120,-2,2
1544,55,57,-2,2
1545,83,84,-1,1
1546,81,96,-15,15
1547,101,112,-11,11
1548,73,71,2,2
1549,105,107,-2,2
1550,82,88,-6,6
1551,65,65,0,0
1552,78,77,1,1
1553,115,112,3,3
1554,133,122,11,11
1555,58,62,-4,4
1556,108,114,-6,6
1557,128,136,-8,8
1558,136,122,14,14
1559,37,39,-2,2
1560,95,101,-6,6
1561,121,119,2,2
1562,87,84,3,3
1563,100,120,-20,20
1564,89,85,4,4
1565,126,131,-5,5
1566,109,123,-14,14
1567,103,98,5,5
1568,150,140,10,10
1569,94,129,-35,35
1570,148,160,-12,12
1571,60,62,-2,2
1572,70,70,0,0
1573,131,138,-7,7
1574,70,66,4,4
1575,95,101,-6,6
1576,66,74,-8,8
1577,86,75,11,11
1578,91,89,2,2
1579,75,86,-11,11
1580,46,51,-5,5
1581,100,102,-2,2
1582,98,93,5,5
1583,92,85,7,7
1584,112,103,9,9
1585,167,161,6,6
1586,90,95,-5,5
1587,109,102,7,7
1588,93,109,-16,16
1589,61,61,0,0
1590,123,117,6,6
1591,93,95,-2,2
1592,74,65,9,9
1593,36,38,-2,2
1594,89,85,4,4
1595,144,157,-13,13
1596,80,81,-1,1
1597,114,113,1,1
1598,106,108,-2,2
1599,57,58,-1,1
1600,70,77,-7,7
1601,112,115,-3,3
1602,92,86,6,6
1603,106,101,5,5
1604,122,129,-7,7
1605,128,120,8,8
1606,109,109,0,0
1607,75,73,2,2
1608,120,111,9,9
1609,60,55,5,5
1610,137,127,10,10
1611,78,82,-4,4
1612,93,94,-1,1
1613,91,89,2,2
1614,84,84,0,0
1615,137,139,-2,2
1616,43,53,-10,10
1617,74,68,6,6
1618,77,75,2,2
1619,114,113,1,1
1620,104,91,13,13
1621,101,106,-5,5
1622,43,39,4,4
1623,106,106,0,0
1624,90,89,1,1
1625,114,123,-9,9
1626,82,71,11,11
1627,62,68,-6,6
1628,112,109,3,3
1629,46,51,-5,5
1630,104,92,12,12
1631,106,105,1,1
1632,62,59,3,3
1633,123,123,0,0
1634,95,96,-1,1
1635,64,69,-5,5
1636,76,84,-8,8
1637,104,102,2,2
1638,126,125,1,1
1639,144,142,2,2
1640,119,123,-4,4
1641,74,69,5,5
1642,51,56,-5,5
1643,91,95,-4,4
1644,86,96,-10,10
1645,95,90,5,5
1646,72,73,-1,1
1647,162,156,6,6
1648,87,85,2,2
1649,91,94,-3,3
1650,122,135,-13,13
1651,70,73,-3,3
1652,106,117,-11,11
1653,89,96,-7,7
1654,59,54,5,5
1655,44,39,5,5
1656,74,65,9,9
1657,77,81,-4,4
1658,135,129,6,6
1659,107,105,2,2
1660,64,64,0,0
1661,52,68,-16,16
1662,61,61,0,0
1663,74,74,0,0
1664,87,99,-12,12
1665,106,101,5,5
1666,64,62,2,2
1667,70,74,-4,4
1668,77,77,0,0
1669,62,59,3,3
1670,67,64,3,3
1671,109,106,3,3
1672,118,119,-1,1
1673,74,82,-8,8
1674,100,95,5,5
1675,83,100,-17,17
1676,83,74,9,9
1677,121,115,6,6
1678,79,87,-8,8
1679,46,49,-3,3
1680,92,84,8,8
1681,102,98,4,4
1682,103,96,7,7
1683,64,57,7,7
1684,101,97,4,4
1685,105,101,4,4
1686,55,56,-1,1
1687,66,62,4,4
1688,60,61,-1,1
1689,62,65,-3,3
1690,150,156,-6,6
1691,84,90,-6,6
1692,98,108,-10,10
1693,59,62,-3,3
1694,57,57,0,0
1695,88,130,-42,42
1696,146,151,-5,5
1697,58,59,-1,1
1698,73,66,7,7
1699,192,185,7,7
1700,58,50,8,8
1701,97,93,4,4
1702,84,83,1,1
1703,149,142,7,7
1704,162,143,19,19
1705,53,63,-10,10
1706,48,55,-7,7
1707,103,115,-12,12
1708,64,67,-3,3
1709,85,80,5,5
1710,64,63,1,1
1711,73,71,2,2
1712,72,64,8,8
1713,136,124,12,12
1714,103,99,4,4
1715,161,154,7,7
1716,89,87,2,2
1717,102,95,7,7
1718,66,111,-45,45
1719,87,84,3,3
1720,101,100,1,1
1721,90,97,-7,7
1722,108,113,-5,5
1723,59,62,-3,3
1724,118,114,4,4
1725,56,53,3,3
1726,195,193,2,2
1727,70,64,6,6
1728,90,92,-2,2
1729,108,113,-5,5
1730,118,133,-15,15
1731,74,76,-2,2
1732,115,112,3,3
1733,31,38,-7,7
1734,121,124,-3,3
1735,43,52,-9,9
1736,78,75,3,3
1737,63,65,-2,2
1738,57,52,5,5
1739,53,56,-3,3
1740,63,62,1,1
1741,88,87,1,1
1742,80,89,-9,9
1743,133,138,-5,5
1744,90,84,6,6
1745,130,130,0,0
1746,70,70,0,0
1747,169,157,12,12
1748,45,51,-6,6
1749,171,167,4,4
1750,84,82,2,2
1751,95,99,-4,4
1752,73,80,-7,7
1753,59,58,1,1
1754,82,91,-9,9
1755,101,94,7,7
1756,77,85,-8,8
1757,57,63,-6,6
1758,97,93,4,4
1759,69,69,0,0
1760,82,73,9,9
1761,60,77,-17,17
1762,70,71,-1,1
1763,79,84,-5,5
1764,127,120,7,7
1765,92,103,-11,11
1766,119,122,-3,3
1767,59,61,-2,2
1768,66,67,-1,1
1769,44,50,-6,6
1770,46,38,8,8
1771,129,114,15,15
1772,93,85,8,8
1773,98,130,-32,32
1774,89,88,1,1
1775,74,70,4,4
1776,96,100,-4,4
1777,103,92,11,11
1778,84,92,-8,8
1779,75,71,4,4
1780,167,155,12,12
1781,85,87,-2,2
1782,108,115,-7,7
1783,59,58,1,1
1784,101,100,1,1
1785,76,76,0,0
1786,118,114,4,4
1787,67,67,0,0
1788,53,64,-11,11
1789,108,110,-2,2
1790,103,102,1,1
1791,130,143,-13,13
1792,83,83,0,0
1793,52,63,-11,11
1794,79,82,-3,3
1795,80,88,-8,8
1796,88,68,20,20
1797,55,56,-1,1
1798,53,52,1,1
1799,116,111,5,5
1800,103,101,2,2
1801,73,78,-5,5
1802,72,72,0,0
1803,155,147,8,8
1804,205,215,-10,10
1805,55,55,0,0
1806,119,117,2,2
1807,93,87,6,6
1808,81,81,0,0
1809,93,92,1,1
1810,121,125,-4,4
1811,62,60,2,2
1812,61,62,-1,1
1813,113,116,-3,3
1814,79,75,4,4
1815,130,135,-5,5
1816,68,77,-9,9
1817,81,81,0,0
1818,114,105,9,9
1819,101,87,14,14
1820,63,56,7,7
1821,87,100,-13,13
1822,117,118,-1,1
1823,114,115,-1,1
1824,109,109,0,0
1825,96,92,4,4
1826,54,57,-3,3
1827,132,129,3,3
1828,85,91,-6,6
1829,70,63,7,7
1830,60,53,7,7
1831,68,67,1,1
1832,48,38,10,10
1833,75,81,-6,6
1834,126,123,3,3
1835,106,102,4,4
1836,60,57,3,3
1837,70,63,7,7
1838,52,49,3,3
1839,86,82,4,4
1840,74,69,5,5
1841,118,112,6,6
1842,43,45,-2,2
1843,207,210,-3,3
1844,97,89,8,8
1845,78,76,2,2
1846,100,105,-5,5
1847,108,99,9,9
1848,73,72,1,1
1849,151,145,6,6
1850,45,50,-5,5
1851,81,76,5,5
1852,68,66,2,2
1853,140,154,-14,14
1854,121,117,4,4
1855,88,105,-17,17
1856,42,39,3,3
1857,76,81,-5,5
1858,89,88,1,1
1859,61,59,2,2
1860,98,91,7,7
1861,78,83,-5,5
1862,54,58,-4,4
1863,128,149,-21,21
1864,160,159,1,1
1865,65,66,-1,1
1866,109,107,2,2
1867,149,161,-12,12
1868,112,106,6,6
1869,78,77,1,1
1870,61,57,4,4
1871,82,77,5,5
1872,54,53,1,1
1873,45,52,-7,7
1874,102,98,4,4
1875,92,92,0,0
1876,121,124,-3,3
1877,119,119,0,0
1878,84,79,5,5
1879,99,103,-4,4
1880,116,122,-6,6
1881,119,114,5,5
1882,157,155,2,2
1883,119,111,8,8
1884,92,87,5,5
1885,60,64,-4,4
1886,101,102,-1,1
1887,90,94,-4,4
1888,132,142,-10,10
1889,156,156,0,0
1890,101,101,0,0
1891,88,88,0,0
1892,141,122,19,19
1893,56,57,-1,1
1894,85,77,8,8
1895,182,167,15,15
1896,127,115,12,12
1897,76,73,3,3
1898,83,79,4,4
1899,59,56,3,3
1900,33,39,-6,6
1901,38,40,-2,2
1902,90,80,10,10
1903,87,101,-14,14
1904,81,90,-9,9
1905,123,129,-6,6
1906,111,107,4,4
1907,207,219,-12,12
1908,140,140,0,0
1909,90,87,3,3
1910,67,71,-4,4
1911,102,136,-34,34
1912,65,65,0,0
1913,81,85,-4,4
1914,75,73,2,2
1915,93,96,-3,3
1916,87,101,-14,14
1917,183,170,13,13
1918,95,96,-1,1
1919,200,196,4,4
1920,95,95,0,0
1921,199,190,9,9
1922,87,78,9,9
1923,56,53,3,3
1924,55,65,-10,10
1925,90,95,-5,5
1926,64,68,-4,4
1927,57,56,1,1
1928,179,199,-20,20
1929,78,77,1,1
1930,54,57,-3,3
1931,112,109,3,3
1932,69,86,-17,17
1933,73,80,-7,7
1934,64,66,-2,2
1935,65,70,-5,5
1936,63,63,0,0
1937,159,153,6,6
1938,71,76,-5,5
1939,90,87,3,3
1940,116,113,3,3
1941,110,109,1,1
1942,80,84,-4,4
1943,116,122,-6,6
1944,101,110,-9,9
1945,145,141,4,4
1946,144,149,-5,5
1947,163,152,11,11
1948,115,126,-11,11
1949,115,124,-9,9
1950,102,106,-4,4
1951,105,96,9,9
1952,61,57,4,4
1953,74,73,1,1
1954,88,87,1,1
1955,86,78,8,8
1956,98,101,-3,3
1957,113,113,0,0
1958,82,74,8,8
1959,124,109,15,15
1960,76,69,7,7
1961,137,139,-2,2
1962,88,101,-13,13
1963,130,124,6,6
1964,75,67,8,8
1965,97,84,13,13
1966,114,122,-8,8
1967,92,93,-1,1
1968,106,105,1,1
1969,89,94,-5,5
1970,72,91,-19,19
1971,92,91,1,1
1972,66,68,-2,2
1973,26,38,-12,12
1974,106,103,3,3
1975,82,86,-4,4
1976,112,115,-3,3
1977,94,92,2,2
1978,106,104,2,2
1979,114,108,6,6
1980,85,103,-18,18
1981,144,150,-6,6
1982,137,129,8,8
1983,56,65,-9,9
1984,62,50,12,12
1985,65,68,-3,3
1986,71,75,-4,4
1987,78,89,-11,11
1988,66,58,8,8
1989,106,109,-3,3
1990,74,100,-26,26
1991,46,127,-81,81
1992,140,134,6,6
1993,129,123,6,6
1994,83,88,-5,5
1995,81,84,-3,3
1996,49,49,0,0
1997,124,122,2,2
1998,42,37,5,5
1999,89,87,2,2
2000,101,94,7,7
2001,184,210,-26,26
2002,113,109,4,4
2003,212,209,3,3
2004,120,116,4,4
2005,95,96,-1,1
2006,120,123,-3,3
2007,97,96,1,1
2008,72,70,2,2
2009,80,66,14,14
2010,87,98,-11,11
2011,100,98,2,2
2012,185,185,0,0
2013,90,92,-2,2
2014,77,81,-4,4
2015,67,69,-2,2
2016,63,62,1,1
2017,74,76,-2,2
2018,104,100,4,4
2019,129,128,1,1
2020,73,71,2,2
2021,128,124,4,4
2022,64,63,1,1
2023,88,81,7,7
2024,47,54,-7,7
2025,68,64,4,4
2026,75,64,11,11
2027,75,74,1,1
2028,80,85,-5,5
2029,61,63,-2,2
2030,74,75,-1,1
2031,79,84,-5,5
2032,62,67,-5,5
2033,121,128,-7,7
2034,77,77,0,0
2035,104,111,-7,7
2036,116,115,1,1
2037,61,74,-13,13
2038,86,83,3,3
2039,83,90,-7,7
2040,119,124,-5,5
2041,109,118,-9,9
2042,83,95,-12,12
2043,66,69,-3,3
2044,112,113,-1,1
2045,110,112,-2,2
2046,115,127,-12,12
2047,97,99,-2,2
2048,115,119,-4,4
2049,78,83,-5,5
2050,58,56,2,2
2051,98,106,-8,8
2052,104,102,2,2
2053,109,101,8,8
2054,143,139,4,4
2055,98,98,0,0
2056,56,63,-7,7
2057,61,63,-2,2
2058,86,84,2,2
2059,73,72,1,1
2060,101,100,1,1
2061,165,154,11,11
2062,64,69,-5,5
2063,62,60,2,2
2064,68,62,6,6
2065,101,104,-3,3
2066,72,80,-8,8
2067,56,56,0,0
2068,109,103,6,6
2069,63,56,7,7
2070,48,52,-4,4
2071,134,138,-4,4
2072,91,99,-8,8
2073,80,85,-5,5
2074,112,107,5,5
2075,49,51,-2,2
2076,91,88,3,3
2077,75,83,-8,8
2078,86,79,7,7
2079,142,132,10,10
2080,79,73,6,6
2081,122,131,-9,9
2082,139,141,-2,2
2083,79,72,7,7
2084,184,169,15,15
2085,134,167,-33,33
2086,99,96,3,3
2087,59,64,-5,5
2088,77,82,-5,5
2089,84,82,2,2
2090,116,121,-5,5
2091,41,39,2,2
2092,70,69,1,1
2093,39,39,0,0
2094,82,84,-2,2
2095,58,58,0,0
2096,166,166,0,0
2097,71,73,-2,2
2098,119,115,4,4
2099,92,99,-7,7
2100,116,118,-2,2
2101,121,111,10,10
2102,106,103,3,3
2103,82,79,3,3
2104,137,138,-1,1
2105,113,118,-5,5
2106,84,87,-3,3
2107,136,129,7,7
2108,57,60,-3,3
2109,142,136,6,6
2110,55,49,6,6
2111,82,81,1,1
2112,208,200,8,8
2113,101,89,12,12
2114,156,166,-10,10
2115,175,161,14,14
2116,137,123,14,14
2117,105,124,-19,19
2118,84,88,-4,4
2119,78,79,-1,1
2120,115,104,11,11
2121,74,72,2,2
2122,67,65,2,2
2123,46,44,2,2
2124,123,122,1,1
2125,68,63,5,5
2126,110,116,-6,6
2127,95,94,1,1
2128,77,86,-9,9
2129,86,92,-6,6
2130,62,58,4,4
2131,91,82,9,9
2132,76,74,2,2
2133,92,81,11,11
2134,98,94,4,4
2135,108,107,1,1
2136,142,144,-2,2
2137,111,86,25,25
2138,96,99,-3,3
2139,86,86,0,0
2140,138,136,2,2
2141,89,91,-2,2
2142,149,138,11,11
2143,82,86,-4,4
2144,135,138,-3,3
2145,94,92,2,2
2146,79,82,-3,3
2147,84,86,-2,2
2148,44,85,-41,41
2149,46,60,-14,14
2150,96,94,2,2
2151,114,113,1,1
2152,57,56,1,1
2153,79,75,4,4
2154,78,87,-9,9
2155,117,137,-20,20
2156,98,88,10,10
2157,57,54,3,3
2158,99,89,10,10
2159,97,92,5,5
2160,98,89,9,9
2161,70,64,6,6
2162,102,109,-7,7
2163,82,88,-6,6
2164,81,83,-2,2
2165,69,75,-6,6
2166,66,60,6,6
2167,97,86,11,11
2168,86,88,-2,2
2169,58,56,2,2
2170,83,91,-8,8
2171,78,81,-3,3
2172,64,58,6,6
2173,127,100,27,27
2174,73,62,11,11
2175,70,80,-10,10
2176,93,99,-6,6
2177,116,118,-2,2
2178,103,89,14,14
2179,44,40,4,4
2180,84,93,-9,9
2181,116,100,16,16
2182,102,105,-3,3
2183,56,50,6,6
2184,117,117,0,0
2185,111,110,1,1
2186,82,88,-6,6
2187,115,110,5,5
2188,96,109,-13,13
2189,137,117,20,20
2190,111,112,-1,1
2191,63,64,-1,1
2192,65,63,2,2
2193,57,55,2,2
2194,82,73,9,9
2195,64,87,-23,23
2196,100,100,0,0
2197,68,66,2,2
2198,57,64,-7,7
2199,76,69,7,7
2200,138,137,1,1
2201,61,69,-8,8
2202,80,88,-8,8
2203,98,102,-4,4
2204,137,140,-3,3
2205,101,97,4,4
2206,122,128,-6,6
2207,75,83,-8,8
2208,118,116,2,2
2209,87,90,-3,3
2210,116,119,-3,3
2211,97,97,0,0
2212,147,164,-17,17
2213,74,69,5,5
2214,55,58,-3,3
2215,110,100,10,10
2216,93,96,-3,3
2217,64,70,-6,6
2218,105,115,-10,10
2219,70,100,-30,30
2220,92,84,8,8
2221,63,63,0,0
2222,93,93,0,0
2223,60,64,-4,4
2224,82,83,-1,1
2225,108,110,-2,2
2226,118,122,-4,4
2227,167,169,-2,2
2228,112,112,0,0
2229,85,83,2,2
2230,77,93,-16,16
2231,105,109,-4,4
2232,144,143,1,1
2233,159,163,-4,4
2234,68,67,1,1
2235,42,39,3,3
2236,111,130,-19,19
2237,67,75,-8,8
2238,135,128,7,7
2239,45,44,1,1
2240,79,75,4,4
2241,117,120,-3,3
2242,94,93,1,1
2243,44,81,-37,37
2244,94,103,-9,9
2245,140,130,10,10
2246,98,94,4,4
2247,66,70,-4,4
2248,63,68,-5,5
2249,65,73,-8,8
2250,104,111,-7,7
2251,92,100,-8,8
2252,86,92,-6,6
2253,81,86,-5,5
2254,77,90,-13,13
2255,78,79,-1,1
2256,48,58,-10,10
2257,39,39,0,0
2258,47,39,8,8
2259,94,104,-10,10
2260,161,157,4,4
2261,72,64,8,8
2262,35,38,-3,3
2263,89,98,-9,9
2264,69,94,-25,25
2265,102,109,-7,7
2266,79,99,-20,20
2267,107,99,8,8
2268,111,129,-18,18
2269,95,98,-3,3
2270,102,105,-3,3
2271,89,98,-9,9
2272,65,63,2,2
2273,108,108,0,0
2274,57,68,-11,11
2275,103,102,1,1
2276,151,132,19,19
2277,184,175,9,9
2278,78,77,1,1
2279,185,164,21,21
2280,63,68,-5,5
2281,131,129,2,2
2282,155,144,11,11
2283,87,80,7,7
2284,136,133,3,3
2285,104,108,-4,4
2286,54,55,-1,1
2287,107,110,-3,3
2288,64,61,3,3
2289,68,68,0,0
2290,90,93,-3,3
2291,65,74,-9,9
2292,86,94,-8,8
2293,78,76,2,2
2294,72,65,7,7
2295,50,59,-9,9
2296,107,108,-1,1
2297,101,217,-116,116
2298,104,100,4,4
2299,47,39,8,8
2300,87,85,2,2
2301,102,107,-5,5
2302,103,96,7,7
2303,62,57,5,5
2304,57,59,-2,2
2305,68,71,-3,3
2306,109,112,-3,3
2307,80,88,-8,8
2308,76,83,-7,7
2309,97,101,-4,4
2310,83,77,6,6
2311,116,114,2,2
2312,72,66,6,6
2313,49,56,-7,7
2314,108,116,-8,8
2315,106,94,12,12
2316,135,124,11,11
2317,115,122,-7,7
2318,111,105,6,6
2319,95,87,8,8
2320,56,64,-8,8
2321,154,140,14,14
2322,106,108,-2,2
2323,71,73,-2,2
2324,92,88,4,4
2325,96,86,10,10
2326,75,80,-5,5
2327,127,115,12,12
2328,66,68,-2,2
2329,78,76,2,2
2330,148,149,-1,1
2331,95,93,2,2
2332,145,126,19,19
2333,80,87,-7,7
2334,48,50,-2,2
2335,73,83,-10,10
2336,128,136,-8,8
2337,38,39,-1,1
2338,180,183,-3,3
2339,63,63,0,0
2340,60,58,2,2
2341,149,150,-1,1
2342,97,103,-6,6
2343,57,59,-2,2
2344,158,145,13,13
2345,85,92,-7,7
2346,83,75,8,8
2347,145,138,7,7
2348,76,74,2,2
2349,107,101,6,6
2350,177,174,3,3
2351,106,93,13,13
2352,73,74,-1,1
2353,43,49,-6,6
2354,141,125,16,16
2355,100,106,-6,6
2356,81,100,-19,19
2357,267,229,38,38
2358,69,70,-1,1
2359,114,117,-3,3
2360,110,110,0,0
2361,107,111,-4,4
2362,95,87,8,8
2363,92,87,5,5
2364,166,148,18,18
2365,83,88,-5,5
2366,140,131,9,9
2367,102,97,5,5
2368,82,89,-7,7
2369,88,94,-6,6
2370,129,116,13,13
2371,171,191,-20,20
2372,53,51,2,2
2373,139,123,16,16
2374,131,122,9,9
2375,137,126,11,11
2376,65,65,0,0
2377,83,86,-3,3
2378,191,195,-4,4
2379,65,59,6,6
2380,197,192,5,5
2381,101,101,0,0
2382,147,148,-1,1
2383,159,164,-5,5
2384,46,43,3,3
2385,151,147,4,4
2386,104,98,6,6
2387,132,142,-10,10
2388,67,68,-1,1
2389,80,80,0,0
2390,198,196,2,2
2391,116,136,-20,20
2392,72,108,-36,36
2393,152,143,9,9
2394,63,72,-9,9
2395,61,62,-1,1
2396,112,111,1,1
2397,96,88,8,8
2398,90,87,3,3
2399,118,124,-6,6
2400,102,106,-4,4
2401,65,63,2,2
2402,93,98,-5,5
2403,64,60,4,4
2404,88,119,-31,31
2405,116,114,2,2
2406,94,105,-11,11
2407,96,108,-12,12
2408,83,98,-15,15
2409,125,126,-1,1
2410,71,64,7,7
2411,147,159,-12,12
2412,117,123,-6,6
2413,125,123,2,2
2414,65,60,5,5
2415,69,73,-4,4
2416,72,70,2,2
2417,80,88,-8,8
2418,73,67,6,6
2419,62,64,-2,2
2420,126,124,2,2
2421,56,56,0,0
2422,90,97,-7,7
2423,95,103,-8,8
2424,67,68,-1,1
2425,37,39,-2,2
2426,128,122,6,6
2427,63,57,6,6
2428,32,37,-5,5
2429,63,58,5,5
2430,42,52,-10,10
2431,90,94,-4,4
2432,58,60,-2,2
2433,159,145,14,14
2434,114,122,-8,8
2435,76,79,-3,3
2436,71,69,2,2
2437,91,89,2,2
2438,144,135,9,9
2439,71,65,6,6
2440,70,74,-4,4
2441,109,113,-4,4
2442,86,86,0,0
2443,114,118,-4,4
2444,66,56,10,10
2445,92,85,7,7
2446,71,71,0,0
2447,92,88,4,4
2448,137,162,-25,25
2449,73,84,-11,11
2450,73,74,-1,1
2451,101,94,7,7
2452,119,114,5,5
2453,97,97,0,0
2454,110,107,3,3
2455,69,64,5,5
2456,81,75,6,6
2457,67,70,-3,3
2458,139,134,5,5
2459,88,86,2,2
2460,114,109,5,5
2461,64,59,5,5
2462,86,84,2,2
2463,122,121,1,1
2464,122,117,5,5
2465,94,92,2,2
2466,128,135,-7,7
2467,83,78,5,5
2468,92,92,0,0
2469,175,178,-3,3
2470,141,145,-4,4
2471,72,78,-6,6
2472,135,148,-13,13
2473,84,82,2,2
2474,123,117,6,6
2475,113,119,-6,6
2476,135,134,1,1
2477,83,86,-3,3
2478,58,62,-4,4
2479,146,151,-5,5
2480,123,128,-5,5
2481,50,55,-5,5
2482,67,78,-11,11
2483,80,86,-6,6
2484,136,135,1,1
2485,165,166,-1,1
2486,84,76,8,8
2487,107,104,3,3
2488,151,157,-6,6
2489,111,112,-1,1
2490,51,56,-5,5
2491,78,81,-3,3
2492,145,128,17,17
2493,54,57,-3,3
2494,86,84,2,2
2495,93,93,0,0
2496,117,111,6,6
2497,52,52,0,0
2498,84,92,-8,8
2499,196,208,-12,12
2500,70,62,8,8
2501,166,168,-2,2
2502,103,91,12,12
2503,67,84,-17,17
2504,54,52,2,2
2505,91,92,-1,1
2506,124,123,1,1
2507,80,77,3,3
2508,111,117,-6,6
2509,108,98,10,10
2510,134,144,-10,10
2511,98,97,1,1
2512,64,93,-29,29
2513,73,73,0,0
2514,94,98,-4,4
2515,61,72,-11,11
2516,90,96,-6,6
2517,102,98,4,4
2518,150,144,6,6
2519,97,103,-6,6
2520,76,74,2,2
2521,58,59,-1,1
2522,90,76,14,14
2523,70,69,1,1
2524,65,68,-3,3
2525,78,81,-3,3
2526,53,59,-6,6
2527,83,76,7,7
2528,103,79,24,24
2529,74,71,3,3
2530,173,173,0,0
2531,63,66,-3,3
2532,104,100,4,4
2533,96,101,-5,5
2534,110,126,-16,16
2535,83,82,1,1
2536,89,91,-2,2
2537,95,105,-10,10
2538,74,83,-9,9
2539,55,51,4,4
2540,117,122,-5,5
2541,32,39,-7,7
2542,64,71,-7,7
2543,103,90,13,13
2544,121,124,-3,3
2545,129,123,6,6
2546,90,95,-5,5
2547,119,149,-30,30
2548,105,95,10,10
2549,78,72,6,6
2550,159,146,13,13
2551,73,75,-2,2
2552,128,127,1,1
2553,149,153,-4,4
2554,129,114,15,15
2555,87,93,-6,6
2556,69,75,-6,6
2557,120,117,3,3
2558,57,56,1,1
2559,107,116,-9,9
2560,56,56,0,0
2561,128,85,43,43
2562,153,137,16,16
2563,114,127,-13,13
2564,96,103,-7,7
2565,111,108,3,3
2566,130,137,-7,7
2567,88,91,-3,3
2568,75,74,1,1
2569,85,91,-6,6
2570,105,103,2,2
2571,48,48,0,0
2572,98,99,-1,1
2573,62,69,-7,7
2574,142,140,2,2
2575,91,79,12,12
2576,85,87,-2,2
2577,67,64,3,3
2578,116,110,6,6
2579,82,92,-10,10
2580,136,139,-3,3
2581,145,131,14,14
2582,76,81,-5,5
2583,46,52,-6,6
2584,112,130,-18,18
2585,119,125,-6,6
2586,75,92,-17,17
2587,58,66,-8,8
2588,90,98,-8,8
2589,106,119,-13,13
2590,117,114,3,3
2591,97,95,2,2
2592,142,154,-12,12
2593,156,155,1,1
2594,136,96,40,40
2595,73,80,-7,7
2596,98,87,11,11
2597,79,87,-8,8
2598,130,139,-9,9
2599,114,118,-4,4
2600,122,121,1,1
2601,87,80,7,7
2602,136,132,4,4
2603,157,150,7,7
2604,53,55,-2,2
2605,106,102,4,4
2606,62,65,-3,3
2607,87,93,-6,6
2608,75,71,4,4
2609,71,72,-1,1
2610,87,86,1,1
2611,81,82,-1,1
2612,110,107,3,3
2613,119,121,-2,2
2614,103,100,3,3
2615,65,59,6,6
2616,137,123,14,14
2617,66,72,-6,6
2618,78,71,7,7
2619,93,100,-7,7
2620,117,112,5,5
2621,95,96,-1,1
2622,88,83,5,5
2623,102,93,9,9
2624,49,53,-4,4
2625,82,77,5,5
2626,70,74,-4,4
2627,78,86,-8,8
2628,75,70,5,5
2629,80,84,-4,4
2630,133,127,6,6
2631,82,86,-4,4
2632,147,110,37,37
2633,174,168,6,6
2634,65,65,0,0
2635,95,93,2,2
2636,105,96,9,9
2637,72,68,4,4
2638,78,81,-3,3
2639,137,138,-1,1
2640,153,143,10,10
2641,131,154,-23,23
2642,53,57,-4,4
2643,88,86,2,2
2644,74,77,-3,3
2645,62,62,0,0
2646,97,108,-11,11
2647,121,118,3,3
2648,106,111,-5,5
2649,76,109,-33,33
2650,103,104,-1,1
2651,87,87,0,0
2652,67,61,6,6
2653,68,92,-24,24
2654,123,115,8,8
2655,68,62,6,6
2656,115,116,-1,1
2657,116,106,10,10
2658,95,91,4,4
2659,57,62,-5,5
2660,106,102,4,4
2661,85,85,0,0
2662,106,94,12,12
2663,87,85,2,2
2664,86,87,-1,1
2665,84,87,-3,3
2666,60,58,2,2
2667,99,105,-6,6
2668,84,103,-19,19
2669,60,57,3,3
2670,134,122,12,12
2671,130,133,-3,3
2672,78,71,7,7
2673,62,61,1,1
2674,90,82,8,8
2675,105,113,-8,8
2676,104,106,-2,2
2677,102,103,-1,1
2678,125,125,0,0
2679,74,69,5,5
2680,100,101,-1,1
2681,103,109,-6,6
2682,77,67,10,10
2683,86,85,1,1
2684,97,104,-7,7
2685,81,87,-6,6
2686,88,96,-8,8
2687,52,57,-5,5
2688,59,68,-9,9
2689,89,83,6,6
2690,51,62,-11,11
2691,45,49,-4,4
2692,103,118,-15,15
2693,70,76,-6,6
2694,148,146,2,2
2695,91,97,-6,6
2696,45,39,6,6
2697,146,153,-7,7
2698,119,120,-1,1
2699,107,115,-8,8
2700,170,159,11,11
2701,62,59,3,3
2702,130,114,16,16
2703,40,55,-15,15
2704,91,89,2,2
2705,61,60,1,1
2706,72,66,6,6
2707,113,118,-5,5
2708,120,100,20,20
2709,52,49,3,3
2710,43,51,-8,8
2711,63,59,4,4
2712,106,108,-2,2
2713,109,110,-1,1
2714,136,136,0,0
2715,100,102,-2,2
2716,58,61,-3,3
2717,64,60,4,4
2718,135,141,-6,6
2719,125,131,-6,6
2720,91,110,-19,19
2721,81,86,-5,5
2722,53,52,1,1
2723,120,122,-2,2
2724,96,100,-4,4
2725,42,39,3,3
2726,122,123,-1,1
2727,67,61,6,6
2728,97,90,7,7
2729,65,64,1,1
2730,86,91,-5,5
2731,72,67,5,5
2732,62,60,2,2
2733,72,67,5,5
2734,83,72,11,11
2735,129,132,-3,3
2736,109,108,1,1
2737,72,86,-14,14
2738,78,84,-6,6
2739,175,187,-12,12
2740,125,124,1,1
2741,65,55,10,10
2742,122,123,-1,1
2743,79,85,-6,6
2744,35,39,-4,4
2745,86,93,-7,7
2746,120,112,8,8
2747,96,96,0,0
2748,152,155,-3,3
2749,114,120,-6,6
2750,94,98,-4,4
2751,67,65,2,2
2752,94,102,-8,8
2753,145,128,17,17
2754,52,54,-2,2
2755,108,109,-1,1
2756,86,96,-10,10
2757,91,95,-4,4
2758,132,131,1,1
2759,160,164,-4,4
2760,94,86,8,8
2761,136,125,11,11
2762,46,39,7,7
2763,76,69,7,7
2764,66,71,-5,5
2765,72,70,2,2
2766,102,104,-2,2
2767,77,80,-3,3
2768,56,59,-3,3
2769,139,148,-9,9
2770,217,208,9,9
2771,105,109,-4,4
2772,86,80,6,6
2773,172,164,8,8
2774,131,134,-3,3
2775,141,140,1,1
2776,85,92,-7,7
2777,68,61,7,7
2778,90,95,-5,5
2779,75,77,-2,2
2780,82,86,-4,4
2781,76,71,5,5
2782,92,92,0,0
2783,76,76,0,0
2784,108,108,0,0
2785,99,96,3,3
2786,65,70,-5,5
2787,101,113,-12,12
2788,196,192,4,4
2789,80,87,-7,7
2790,130,138,-8,8
2791,57,78,-21,21
2792,105,97,8,8
2793,83,86,-3,3
2794,75,90,-15,15
2795,37,39,-2,2
2796,92,100,-8,8
2797,70,66,4,4
2798,35,40,-5,5
2799,120,114,6,6
2800,87,74,13,13
2801,56,51,5,5
2802,84,84,0,0
2803,185,183,2,2
2804,95,85,10,10
2805,76,74,2,2
2806,60,58,2,2
2807,84,87,-3,3
2808,67,66,1,1
2809,79,78,1,1
2810,106,108,-2,2
2811,121,119,2,2
2812,81,94,-13,13
2813,93,93,0,0
2814,150,145,5,5
2815,104,112,-8,8
2816,95,93,2,2
2817,120,111,9,9
2818,140,148,-8,8
2819,106,120,-14,14
2820,92,81,11,11
2821,75,76,-1,1
2822,69,81,-12,12
2823,78,78,0,0
2824,57,59,-2,2
2825,71,64,7,7
2826,110,106,4,4
2827,90,90,0,0
2828,58,56,2,2
2829,52,55,-3,3
2830,108,111,-3,3
2831,53,61,-8,8
2832,102,103,-1,1
2833,89,95,-6,6
2834,158,148,10,10
2835,81,74,7,7
2836,93,103,-10,10
2837,127,122,5,5
2838,117,116,1,1
2839,105,101,4,4
2840,133,131,2,2
2841,106,98,8,8
2842,149,145,4,4
2843,117,117,0,0
2844,92,93,-1,1
2845,74,72,2,2
2846,156,150,6,6
2847,90,88,2,2
2848,116,122,-6,6
2849,118,116,2,2
2850,109,113,-4,4
2851,110,109,1,1
2852,84,93,-9,9
2853,120,111,9,9
2854,145,149,-4,4
2855,64,66,-2,2
2856,95,112,-17,17
2857,54,55,-1,1
2858,109,108,1,1
2859,81,79,2,2
2860,74,78,-4,4
2861,123,130,-7,7
2862,88,87,1,1
2863,153,164,-11,11
2864,119,130,-11,11
2865,100,100,0,0
2866,91,86,5,5
2867,85,73,12,12
2868,72,67,5,5
2869,137,129,8,8
2870,120,148,-28,28
2871,58,60,-2,2
2872,106,106,0,0
2873,100,97,3,3
2874,75,77,-2,2
2875,71,68,3,3
2876,90,85,5,5
2877,56,60,-4,4
2878,109,110,-1,1
2879,97,103,-6,6
2880,95,91,4,4
2881,84,79,5,5
2882,64,61,3,3
2883,79,74,5,5
2884,66,64,2,2
2885,65,68,-3,3
2886,117,119,-2,2
2887,143,145,-2,2
2888,65,63,2,2
2889,80,80,0,0
2890,111,122,-11,11
2891,116,113,3,3
2892,80,136,-56,56
2893,89,91,-2,2
2894,181,173,8,8
2895,95,89,6,6
2896,81,82,-1,1
2897,172,155,17,17
2898,137,127,10,10
2899,83,86,-3,3
2900,98,100,-2,2
2901,131,126,5,5
2902,75,76,-1,1
2903,160,159,1,1
2904,115,106,9,9
2905,124,130,-6,6
2906,121,114,7,7
2907,113,114,-1,1
2908,116,112,4,4
2909,62,68,-6,6
2910,94,88,6,6
2911,92,94,-2,2
2912,144,141,3,3
2913,37,91,-54,54
2914,65,69,-4,4
2915,159,181,-22,22
2916,76,72,4,4
2917,116,117,-1,1
2918,79,77,2,2
2919,89,99,-10,10
2920,79,77,2,2
2921,100,110,-10,10
2922,92,86,6,6
2923,90,89,1,1
2924,53,54,-1,1
2925,97,106,-9,9
2926,148,143,5,5
2927,104,112,-8,8
2928,57,56,1,1
2929,71,69,2,2
2930,116,130,-14,14
2931,191,194,-3,3
2932,122,119,3,3
2933,60,62,-2,2
2934,125,157,-32,32
2935,69,81,-12,12
2936,98,101,-3,3
2937,131,121,10,10
2938,105,112,-7,7
2939,103,101,2,2
2940,60,64,-4,4
2941,67,65,2,2
2942,118,115,3,3
2943,58,80,-22,22
2944,76,74,2,2
2945,109,97,12,12
2946,72,71,1,1
2947,87,86,1,1
2948,57,60,-3,3
2949,85,88,-3,3
2950,78,82,-4,4
2951,88,80,8,8
2952,75,70,5,5
2953,124,120,4,4
2954,84,92,-8,8
2955,112,106,6,6
2956,98,93,5,5
2957,152,149,3,3
2958,54,55,-1,1
2959,121,124,-3,3
2960,164,153,11,11
2961,58,58,0,0
2962,164,166,-2,2
2963,47,54,-7,7
2964,163,175,-12,12
2965,104,103,1,1
2966,66,68,-2,2
2967,111,110,1,1
2968,60,64,-4,4
2969,45,44,1,1
2970,98,91,7,7
2971,129,120,9,9
2972,94,94,0,0
2973,100,104,-4,4
2974,88,94,-6,6
2975,79,79,0,0
2976,73,77,-4,4
2977,125,124,1,1
2978,91,95,-4,4
2979,102,106,-4,4
2980,137,135,2,2
2981,186,191,-5,5
2982,67,71,-4,4
2983,59,62,-3,3
2984,36,39,-3,3
2985,128,121,7,7
2986,80,74,6,6
2987,102,122,-20,20
2988,137,117,20,20
2989,58,39,19,19
2990,94,97,-3,3
2991,90,84,6,6
2992,110,102,8,8
2993,101,112,-11,11
2994,78,80,-2,2
2995,121,107,14,14
2996,87,82,5,5
2997,81,85,-4,4
2998,70,69,1,1
2999,142,139,3,3
3000,93,97,-4,4
3001,98,89,9,9
3002,125,127,-2,2
3003,65,62,3,3
3004,126,128,-2,2
3005,77,73,4,4
3006,79,84,-5,5
3007,85,91,-6,6
3008,65,58,7,7
3009,74,77,-3,3
3010,124,129,-5,5
3011,112,100,12,12
3012,99,104,-5,5
3013,73,69,4,4
3014,97,96,1,1
3015,73,75,-2,2
3016,58,62,-4,4
3017,172,174,-2,2
3018,91,89,2,2
3019,67,69,-2,2
3020,100,104,-4,4
3021,110,112,-2,2
3022,58,62,-4,4
3023,96,106,-10,10
3024,69,80,-11,11
3025,91,92,-1,1
3026,64,66,-2,2
3027,71,76,-5,5
3028,49,66,-17,17
3029,88,95,-7,7
3030,147,127,20,20
3031,71,66,5,5
3032,117,111,6,6
3033,89,95,-6,6
3034,95,91,4,4
3035,78,83,-5,5
3036,82,94,-12,12
3037,72,74,-2,2
3038,137,120,17,17
3039,122,127,-5,5
3040,115,108,7,7
3041,120,116,4,4
3042,119,124,-5,5
3043,84,83,1,1
3044,88,83,5,5
3045,60,61,-1,1
3046,115,117,-2,2
3047,81,80,1,1
3048,136,150,-14,14
3049,85,95,-10,10
3050,100,109,-9,9
3051,118,125,-7,7
3052,109,105,4,4
3053,61,73,-12,12
3054,105,104,1,1
3055,206,197,9,9
3056,112,113,-1,1
3057,83,84,-1,1
3058,181,189,-8,8
3059,151,143,8,8
3060,104,105,-1,1
3061,83,100,-17,17
3062,109,103,6,6
3063,62,61,1,1
3064,76,76,0,0
3065,86,95,-9,9
3066,127,117,10,10
3067,83,82,1,1
3068,122,111,11,11
3069,103,108,-5,5
3070,107,108,-1,1
3071,94,93,1,1
3072,103,90,13,13
3073,72,66,6,6
3074,66,68,-2,2
3075,70,85,-15,15
3076,54,49,5,5
3077,57,65,-8,8
3078,165,170,-5,5
3079,125,122,3,3
3080,125,133,-8,8
3081,92,91,1,1
3082,53,48,5,5
3083,106,127,-21,21
3084,95,91,4,4
3085,94,89,5,5
3086,72,73,-1,1
3087,78,76,2,2
3088,113,116,-3,3
3089,106,96,10,10
3090,101,98,3,3
3091,102,116,-14,14
3092,95,92,3,3
3093,69,69,0,0
3094,74,67,7,7
3095,104,96,8,8
3096,78,84,-6,6
3097,86,89,-3,3
3098,41,45,-4,4
3099,86,87,-1,1
3100,80,75,5,5
3101,182,174,8,8
3102,83,86,-3,3
3103,65,60,5,5
3104,81,76,5,5
3105,159,159,0,0
3106,103,101,2,2
3107,102,96,6,6
3108,60,55,5,5
3109,142,134,8,8
3110,62,60,2,2
3111,129,125,4,4
3112,79,87,-8,8
3113,87,88,-1,1
3114,127,117,10,10
3115,56,61,-5,5
3116,94,109,-15,15
3117,90,88,2,2
3118,62,68,-6,6
3119,60,65,-5,5
3120,110,137,-27,27
3121,98,104,-6,6
3122,58,62,-4,4
3123,88,89,-1,1
3124,35,39,-4,4
3125,138,139,-1,1
3126,73,75,-2,2
3127,99,87,12,12
3128,87,84,3,3
3129,69,70,-1,1
3130,102,93,9,9
3131,89,94,-5,5
3132,106,99,7,7
3133,116,114,2,2
3134,69,70,-1,1
3135,75,69,6,6
3136,91,85,6,6
3137,67,67,0,0
3138,133,142,-9,9
3139,76,79,-3,3
3140,103,93,10,10
3141,71,63,8,8
3142,135,134,1,1
3143,99,105,-6,6
3144,104,98,6,6
3145,146,133,13,13
3146,57,44,13,13
3147,108,119,-11,11
3148,82,74,8,8
3149,106,97,9,9
3150,110,114,-4,4
3151,98,101,-3,3
3152,62,57,5,5
3153,102,105,-3,3
3154,130,133,-3,3
3155,108,98,10,10
3156,61,62,-1,1
3157,73,87,-14,14
3158,54,53,1,1
3159,63,55,8,8
3160,140,124,16,16
3161,47,120,-73,73
3162,68,74,-6,6
3163,134,126,8,8
3164,106,104,2,2
3165,72,72,0,0
3166,107,109,-2,2
3167,107,107,0,0
3168,53,52,1,1
3169,112,105,7,7
3170,124,125,-1,1
3171,103,99,4,4
3172,76,82,-6,6
3173,103,106,-3,3
3174,92,101,-9,9
3175,40,39,1,1
3176,79,78,1,1
3177,83,91,-8,8
3178,77,73,4,4
3179,75,72,3,3
3180,63,58,5,5
3181,134,134,0,0
3182,66,67,-1,1
3183,173,179,-6,6
3184,100,92,8,8
3185,119,105,14,14
3186,143,147,-4,4
3187,61,67,-6,6
3188,59,61,-2,2
3189,91,99,-8,8
3190,61,60,1,1
3191,127,127,0,0
3192,164,164,0,0
3193,81,80,1,1
3194,136,137,-1,1
3195,73,82,-9,9
3196,72,72,0,0
3197,82,80,2,2
3198,79,80,-1,1
3199,70,75,-5,5
3200,95,91,4,4
3201,63,62,1,1
3202,67,66,1,1
3203,127,130,-3,3
3204,107,105,2,2
3205,58,59,-1,1
3206,91,95,-4,4
3207,60,55,5,5
3208,94,105,-11,11
3209,90,78,12,12
3210,49,51,-2,2
3211,94,117,-23,23
3212,68,64,4,4
3213,86,75,11,11
3214,107,96,11,11
3215,54,58,-4,4
3216,88,81,7,7
3217,69,74,-5,5
3218,85,81,4,4
3219,99,96,3,3
3220,116,128,-12,12
3221,113,110,3,3
3222,42,55,-13,13
3223,36,39,-3,3
3224,52,57,-5,5
3225,88,80,8,8
3226,62,66,-4,4
3227,87,79,8,8
3228,97,113,-16,16
3229,94,99,-5,5
3230,113,111,2,2
3231,168,162,6,6
3232,107,101,6,6
3233,130,129,1,1
3234,169,153,16,16
3235,84,88,-4,4
3236,151,126,25,25
3237,75,66,9,9
3238,73,68,5,5
3239,64,71,-7,7
3240,144,154,-10,10
3241,86,89,-3,3
3242,91,88,3,3
3243,76,70,6,6
3244,112,117,-5,5
3245,46,68,-22,22
3246,51,55,-4,4
3247,116,105,11,11
3248,106,120,-14,14
3249,63,70,-7,7
3250,115,108,7,7
3251,151,170,-19,19
3252,70,64,6,6
3253,153,155,-2,2
3254,66,59,7,7
3255,95,102,-7,7
3256,71,72,-1,1
3257,75,78,-3,3
3258,83,83,0,0
3259,75,66,9,9
3260,111,100,11,11
3261,95,95,0,0
3262,133,121,12,12
3263,56,50,6,6
3264,42,50,-8,8
3265,61,63,-2,2
3266,72,74,-2,2
3267,60,60,0,0
3268,95,88,7,7
3269,115,127,-12,12
3270,101,110,-9,9
3271,65,67,-2,2
3272,100,111,-11,11
3273,69,71,-2,2
3274,81,78,3,3
3275,82,83,-1,1
3276,107,103,4,4
3277,112,122,-10,10
3278,99,100,-1,1
3279,75,74,1,1
3280,161,157,4,4
3281,76,73,3,3
3282,142,144,-2,2
3283,111,106,5,5
3284,78,82,-4,4
3285,137,136,1,1
3286,40,39,1,1
3287,65,65,0,0
3288,88,92,-4,4
3289,103,91,12,12
3290,143,170,-27,27
3291,37,39,-2,2
3292,65,60,5,5
3293,90,84,6,6
3294,97,85,12,12
3295,107,104,3,3
3296,104,109,-5,5
3297,151,143,8,8
3298,98,100,-2,2
3299,91,98,-7,7
3300,90,84,6,6
3301,79,84,-5,5
3302,62,55,7,7
3303,83,79,4,4
3304,102,109,-7,7
3305,92,98,-6,6
3306,48,52,-4,4
3307,103,105,-2,2
3308,65,59,6,6
3309,84,87,-3,3
3310,57,56,1,1
3311,108,114,-6,6
3312,80,80,0,0
3313,66,84,-18,18
3314,106,111,-5,5
3315,52,53,-1,1
3316,107,123,-16,16
3317,107,99,8,8
3318,57,60,-3,3
3319,137,138,-1,1
3320,69,68,1,1
3321,90,84,6,6
3322,65,67,-2,2
3323,49,50,-1,1
3324,153,150,3,3
3325,119,115,4,4
3326,75,77,-2,2
3327,160,159,1,1
3328,140,143,-3,3
3329,146,153,-7,7
3330,104,92,12,12
3331,94,99,-5,5
3332,60,57,3,3
3333,118,104,14,14
3334,71,71,0,0
3335,66,67,-1,1
3336,183,170,13,13
3337,103,95,8,8
3338,119,114,5,5
3339,107,121,-14,14
3340,92,86,6,6
3341,89,96,-7,7
3342,116,107,9,9
3343,84,78,6,6
3344,118,124,-6,6
3345,52,55,-3,3
3346,75,82,-7,7
3347,163,162,1,1
3348,96,95,1,1
3349,104,113,-9,9
3350,135,143,-8,8
3351,78,80,-2,2
3352,127,120,7,7
3353,96,95,1,1
3354,123,110,13,13
3355,119,111,8,8
3356,83,86,-3,3
3357,107,110,-3,3
3358,96,86,10,10
3359,105,102,3,3
3360,142,129,13,13
3361,67,75,-8,8
3362,67,74,-7,7
3363,126,125,1,1
3364,59,59,0,0
3365,59,60,-1,1
3366,74,76,-2,2
3367,87,86,1,1
3368,69,71,-2,2
3369,66,65,1,1
3370,117,107,10,10
3371,186,187,-1,1
3372,63,68,-5,5
3373,125,128,-3,3
3374,87,80,7,7
3375,97,103,-6,6
3376,96,89,7,7
3377,49,39,10,10
3378,105,112,-7,7
3379,48,39,9,9
3380,111,108,3,3
3381,98,103,-5,5
3382,123,112,11,11
3383,74,63,11,11
3384,55,55,0,0
3385,124,122,2,2
3386,151,149,2,2
3387,54,58,-4,4
3388,44,38,6,6
3389,78,86,-8,8
3390,141,151,-10,10
3391,85,94,-9,9
3392,40,65,-25,25
3393,77,75,2,2
3394,104,100,4,4
3395,71,65,6,6
3396,94,102,-8,8
3397,98,108,-10,10
3398,56,58,-2,2
3399,64,69,-5,5
3400,107,106,1,1
3401,58,62,-4,4
3402,40,39,1,1
3403,107,93,14,14
3404,110,108,2,2
3405,124,113,11,11
3406,100,93,7,7
3407,88,94,-6,6
3408,131,112,19,19
3409,93,85,8,8
3410,134,132,2,2
3411,81,92,-11,11
3412,81,85,-4,4
3413,84,88,-4,4
3414,86,89,-3,3
3415,152,158,-6,6
3416,64,63,1,1
3417,73,79,-6,6
3418,118,115,3,3
3419,73,67,6,6
3420,88,79,9,9
3421,112,123,-11,11
3422,141,140,1,1
3423,150,159,-9,9
3424,105,104,1,1
3425,163,157,6,6
3426,29,38,-9,9
3427,94,97,-3,3
3428,67,73,-6,6
3429,98,115,-17,17
3430,89,90,-1,1
3431,106,104,2,2
3432,100,100,0,0
3433,107,98,9,9
3434,64,66,-2,2
3435,45,52,-7,7
3436,77,82,-5,5
3437,144,134,10,10
3438,103,102,1,1
3439,67,109,-42,42
3440,38,39,-1,1
3441,116,113,3,3
3442,102,105,-3,3
3443,119,118,1,1
3444,88,90,-2,2
3445,111,107,4,4
3446,48,49,-1,1
3447,131,116,15,15
3448,86,86,0,0
3449,76,75,1,1
3450,80,85,-5,5
3451,99,95,4,4
3452,132,129,3,3
3453,91,107,-16,16
3454,105,105,0,0
3455,159,169,-10,10
3456,117,114,3,3
3457,142,150,-8,8
3458,69,64,5,5
3459,79,82,-3,3
3460,134,143,-9,9
3461,101,92,9,9
3462,94,90,4,4
3463,97,119,-22,22
3464,112,98,14,14
3465,70,66,4,4
3466,139,134,5,5
3467,120,113,7,7
3468,93,98,-5,5
3469,70,69,1,1
3470,77,72,5,5
3471,91,90,1,1
3472,57,54,3,3
3473,75,84,-9,9
3474,64,63,1,1
3475,88,91,-3,3
3476,90,94,-4,4
3477,82,87,-5,5
3478,54,57,-3,3
3479,101,98,3,3
3480,102,108,-6,6
3481,92,94,-2,2
3482,77,74,3,3
3483,76,81,-5,5
3484,109,122,-13,13
3485,48,53,-5,5
3486,86,86,0,0
3487,91,91,0,0
3488,60,54,6,6
3489,117,121,-4,4
3490,121,126,-5,5
3491,129,139,-10,10
3492,90,98,-8,8
3493,106,85,21,21
3494,80,71,9,9
3495,129,114,15,15
3496,65,64,1,1
3497,48,50,-2,2
3498,104,100,4,4
3499,72,68,4,4
3500,69,68,1,1
3501,115,109,6,6
3502,147,170,-23,23
3503,83,85,-2,2
3504,96,96,0,0
3505,83,83,0,0
3506,106,104,2,2
3507,83,86,-3,3
3508,94,84,10,10
3509,101,87,14,14
3510,112,113,-1,1
3511,56,61,-5,5
3512,106,109,-3,3
3513,93,88,5,5
3514,83,91,-8,8
3515,60,61,-1,1
3516,116,116,0,0
3517,127,113,14,14
3518,65,69,-4,4
3519,134,141,-7,7
3520,45,54,-9,9
3521,74,82,-8,8
3522,107,110,-3,3
3523,97,97,0,0
3524,145,146,-1,1
3525,101,103,-2,2
3526,104,90,14,14
3527,90,95,-5,5
3528,98,92,6,6
3529,107,113,-6,6
3530,66,69,-3,3
3531,76,86,-10,10
3532,39,39,0,0
3533,89,88,1,1
3534,47,51,-4,4
3535,68,78,-10,10
3536,47,48,-1,1
3537,194,174,20,20
3538,107,120,-13,13
3539,155,153,2,2
3540,163,159,4,4
3541,93,87,6,6
3542,124,131,-7,7
3543,28,38,-10,10
3544,101,112,-11,11
3545,70,70,0,0
3546,61,65,-4,4
3547,92,85,7,7
3548,78,84,-6,6
3549,51,53,-2,2
3550,99,100,-1,1
3551,95,94,1,1
3552,137,122,15,15
3553,90,86,4,4
3554,84,89,-5,5
3555,72,79,-7,7
3556,83,91,-8,8
3557,94,95,-1,1
3558,86,82,4,4
3559,86,77,9,9
3560,87,92,-5,5
3561,104,114,-10,10
3562,58,59,-1,1
3563,50,63,-13,13
3564,44,38,6,6
3565,83,83,0,0
3566,97,91,6,6
3567,146,134,12,12
3568,147,132,15,15
3569,107,106,1,1
3570,117,106,11,11
3571,152,161,-9,9
3572,130,115,15,15
3573,157,143,14,14
3574,268,248,20,20
3575,90,85,5,5
3576,101,107,-6,6
3577,73,71,2,2
3578,120,124,-4,4
3579,86,85,1,1
3580,144,133,11,11
3581,97,93,4,4
3582,93,92,1,1
3583,49,51,-2,2
3584,97,99,-2,2
3585,99,89,10,10
3586,63,61,2,2
3587,135,128,7,7
3588,66,69,-3,3
3589,71,70,1,1
3590,74,70,4,4
3591,160,150,10,10
3592,52,57,-5,5
3593,84,80,4,4
3594,127,135,-8,8
3595,82,81,1,1
3596,80,85,-5,5
3597,108,110,-2,2
3598,104,112,-8,8
3599,106,99,7,7
3600,154,150,4,4
3601,54,55,-1,1
3602,91,102,-11,11
3603,115,130,-15,15
3604,98,105,-7,7
3605,117,119,-2,2
3606,46,49,-3,3
3607,93,96,-3,3
3608,50,51,-1,1
3609,110,160,-50,50
3610,101,100,1,1
3611,121,104,17,17
3612,129,137,-8,8
3613,123,112,11,11
3614,55,77,-22,22
3615,97,86,11,11
3616,102,102,0,0
3617,127,139,-12,12
3618,66,72,-6,6
3619,75,73,2,2
3620,125,137,-12,12
3621,75,67,8,8
3622,137,150,-13,13
3623,76,75,1,1
3624,80,67,13,13
3625,93,90,3,3
3626,213,216,-3,3
3627,73,71,2,2
3628,99,97,2,2
3629,152,151,1,1
3630,110,112,-2,2
3631,53,59,-6,6
3632,83,80,3,3
3633,94,100,-6,6
3634,60,61,-1,1
3635,150,145,5,5
3636,146,137,9,9
3637,156,173,-17,17
3638,99,97,2,2
3639,66,63,3,3
3640,85,75,10,10
3641,68,85,-17,17
3642,174,171,3,3
3643,112,101,11,11
3644,102,106,-4,4
3645,96,95,1,1
3646,123,120,3,3
3647,62,69,-7,7
3648,42,39,3,3
3649,84,81,3,3
3650,99,118,-19,19
3651,96,102,-6,6
3652,94,87,7,7
3653,88,84,4,4
3654,113,107,6,6
3655,136,144,-8,8
3656,51,58,-7,7
3657,82,91,-9,9
3658,103,92,11,11
3659,109,105,4,4
3660,39,38,1,1
3661,66,59,7,7
3662,68,62,6,6
3663,97,92,5,5
3664,85,83,2,2
3665,123,117,6,6
3666,134,140,-6,6
3667,171,169,2,2
3668,88,90,-2,2
3669,83,77,6,6
3670,52,56,-4,4
3671,90,92,-2,2
3672,75,76,-1,1
3673,80,80,0,0
3674,85,81,4,4
3675,113,130,-17,17
3676,85,71,14,14
3677,124,121,3,3
3678,126,120,6,6
3679,136,126,10,10
3680,111,113,-2,2
3681,122,114,8,8
3682,84,86,-2,2
3683,53,58,-5,5
3684,83,85,-2,2
3685,132,134,-2,2
3686,133,138,-5,5
3687,96,90,6,6
3688,53,54,-1,1
3689,87,99,-12,12
3690,63,61,2,2
3691,92,83,9,9
3692,73,79,-6,6
3693,142,135,7,7
3694,93,79,14,14
3695,69,67,2,2
3696,59,57,2,2
3697,120,128,-8,8
3698,52,51,1,1
3699,50,50,0,0
3700,80,90,-10,10
3701,68,68,0,0
3702,73,70,3,3
3703,245,211,34,34
3704,147,153,-6,6
3705,75,71,4,4
3706,59,62,-3,3
3707,84,81,3,3
3708,92,90,2,2
3709,146,142,4,4
3710,183,187,-4,4
3711,64,65,-1,1
3712,101,89,12,12
3713,102,103,-1,1
3714,117,114,3,3
3715,178,184,-6,6
3716,143,124,19,19
3717,68,73,-5,5
3718,90,84,6,6
3719,48,46,2,2
3720,74,72,2,2
3721,63,56,7,7
3722,74,74,0,0
3723,83,88,-5,5
3724,89,96,-7,7
3725,112,107,5,5
3726,89,97,-8,8
3727,71,66,5,5
3728,72,75,-3,3
3729,66,64,2,2
3730,173,181,-8,8
3731,139,144,-5,5
3732,94,103,-9,9
3733,48,52,-4,4
3734,102,107,-5,5
3735,69,69,0,0
3736,67,62,5,5
3737,91,92,-1,1
3738,109,113,-4,4
3739,39,38,1,1
3740,146,141,5,5
3741,103,106,-3,3
3742,149,156,-7,7
3743,78,67,11,11
3744,78,80,-2,2
3745,76,65,11,11
3746,81,85,-4,4
3747,155,162,-7,7
3748,76,79,-3,3
3749,113,109,4,4
3750,87,86,1,1
3751,81,73,8,8
3752,82,86,-4,4
3753,107,113,-6,6
3754,148,150,-2,2
3755,57,63,-6,6
3756,73,70,3,3
3757,112,106,6,6
3758,48,42,6,6
3759,77,88,-11,11
3760,142,133,9,9
3761,142,131,11,11
3762,122,124,-2,2
3763,67,62,5,5
3764,132,120,12,12
3765,134,156,-22,22
3766,96,87,9,9
3767,70,68,2,2
3768,84,82,2,2
3769,108,99,9,9
3770,159,157,2,2
3771,114,127,-13,13
3772,71,71,0,0
3773,88,98,-10,10
3774,95,91,4,4
3775,36,39,-3,3
3776,99,103,-4,4
3777,54,53,1,1
3778,148,143,5,5
3779,75,65,10,10
3780,64,76,-12,12
3781,170,171,-1,1
3782,176,164,12,12
3783,143,137,6,6
3784,108,97,11,11
3785,94,175,-81,81
3786,102,117,-15,15
3787,92,100,-8,8
3788,132,139,-7,7
3789,84,85,-1,1
3790,152,147,5,5
3791,94,83,11,11
3792,103,107,-4,4
3793,122,124,-2,2
3794,79,85,-6,6
3795,81,68,13,13
3796,81,84,-3,3
3797,65,59,6,6
3798,90,80,10,10
3799,85,89,-4,4
3800,74,75,-1,1
3801,110,106,4,4
3802,62,74,-12,12
3803,132,134,-2,2
3804,94,96,-2,2
3805,77,73,4,4
3806,69,79,-10,10
3807,90,88,2,2
3808,58,60,-2,2
3809,101,108,-7,7
3810,72,76,-4,4
3811,49,63,-14,14
3812,120,125,-5,5
3813,60,70,-10,10
3814,140,159,-19,19
3815,53,54,-1,1
3816,66,64,2,2
3817,60,60,0,0
3818,103,106,-3,3
3819,92,96,-4,4
3820,158,141,17,17
3821,71,94,-23,23
3822,73,79,-6,6
3823,66,70,-4,4
3824,149,149,0,0
3825,146,145,1,1
3826,68,61,7,7
3827,108,108,0,0
3828,54,58,-4,4
3829,70,67,3,3
3830,98,97,1,1
3831,112,113,-1,1
3832,64,62,2,2
3833,96,98,-2,2
3834,124,136,-12,12
3835,73,74,-1,1
3836,75,74,1,1
3837,97,96,1,1
3838,100,101,-1,1
3839,153,177,-24,24
3840,145,150,-5,5
3841,98,92,6,6
3842,114,103,11,11
3843,111,98,13,13
3844,68,76,-8,8
3845,60,64,-4,4
3846,87,103,-16,16
3847,74,64,10,10
3848,54,58,-4,4
3849,77,73,4,4
3850,63,60,3,3
3851,120,114,6,6
3852,107,96,11,11
3853,75,81,-6,6
3854,96,100,-4,4
3855,50,39,11,11
3856,152,136,16,16
3857,133,129,4,4
3858,140,145,-5,5
3859,63,64,-1,1
3860,82,91,-9,9
3861,101,114,-13,13
3862,78,74,4,4
3863,101,94,7,7
3864,74,70,4,4
3865,104,100,4,4
3866,97,98,-1,1
3867,55,67,-12,12
3868,166,162,4,4
3869,110,100,10,10
3870,76,98,-22,22
3871,81,87,-6,6
3872,128,126,2,2
3873,108,107,1,1
3874,68,65,3,3
3875,86,87,-1,1
3876,79,81,-2,2
3877,65,63,2,2
3878,148,150,-2,2
3879,165,154,11,11
3880,96,101,-5,5
3881,61,61,0,0
3882,86,77,9,9
3883,65,61,4,4
3884,124,135,-11,11
3885,94,91,3,3
3886,55,56,-1,1
3887,71,69,2,2
3888,132,120,12,12
3889,55,58,-3,3
3890,97,114,-17,17
3891,96,104,-8,8
3892,101,96,5,5
3893,100,88,12,12
3894,78,72,6,6
3895,132,139,-7,7
3896,73,76,-3,3
3897,93,83,10,10
3898,51,38,13,13
3899,136,136,0,0
3900,80,68,12,12
3901,159,173,-14,14
3902,151,147,4,4
3903,64,63,1,1
3904,75,77,-2,2
3905,151,132,19,19
3906,72,78,-6,6
3907,113,100,13,13
3908,88,94,-6,6
3909,93,93,0,0
3910,62,67,-5,5
3911,59,67,-8,8
3912,104,104,0,0
3913,133,127,6,6
3914,66,75,-9,9
3915,90,100,-10,10
3916,98,96,2,2
3917,181,150,31,31
3918,68,60,8,8
3919,81,77,4,4
3920,148,147,1,1
3921,92,84,8,8
3922,109,104,5,5
3923,176,179,-3,3
3924,236,221,15,15
3925,112,105,7,7
3926,74,76,-2,2
3927,82,73,9,9
3928,78,77,1,1
3929,83,85,-2,2
3930,89,92,-3,3
3931,95,94,1,1
3932,177,178,-1,1
3933,53,62,-9,9
3934,94,104,-10,10
3935,104,104,0,0
3936,63,60,3,3
3937,94,92,2,2
3938,95,94,1,1
3939,122,114,8,8
3940,135,132,3,3
3941,170,155,15,15
3942,104,118,-14,14
3943,153,141,12,12
3944,70,95,-25,25
3945,124,115,9,9
3946,81,78,3,3
3947,143,140,3,3
3948,86,98,-12,12
3949,87,84,3,3
3950,92,97,-5,5
3951,111,108,3,3
3952,73,76,-3,3
3953,83,72,11,11
3954,117,115,2,2
3955,92,93,-1,1
3956,70,79,-9,9
3957,107,107,0,0
3958,62,67,-5,5
3959,96,95,1,1
3960,93,91,2,2
3961,50,56,-6,6
3962,61,58,3,3
3963,118,124,-6,6
3964,117,114,3,3
3965,116,111,5,5
3966,183,174,9,9
3967,56,65,-9,9
3968,67,63,4,4
3969,81,74,7,7
3970,117,110,7,7
3971,98,95,3,3
3972,63,61,2,2
3973,62,57,5,5
3974,84,92,-8,8
3975,156,155,1,1
3976,105,98,7,7
3977,89,81,8,8
3978,132,137,-5,5
3979,106,111,-5,5
3980,111,109,2,2
3981,150,160,-10,10
3982,95,102,-7,7
3983,20,39,-19,19
3984,99,99,0,0
3985,103,104,-1,1
3986,73,88,-15,15
3987,83,80,3,3
3988,69,64,5,5
3989,130,131,-1,1
3990,106,106,0,0
3991,104,92,12,12
3992,125,134,-9,9
3993,121,102,19,19
3994,190,193,-3,3
3995,116,118,-2,2
3996,87,105,-18,18
3997,71,73,-2,2
3998,71,80,-9,9
3999,146,158,-12,12
4000,97,100,-3,3
4001,98,94,4,4
4002,127,132,-5,5
4003,74,73,1,1
4004,47,51,-4,4
4005,92,91,1,1
4006,82,76,6,6
4007,118,112,6,6
4008,137,120,17,17
4009,101,96,5,5
4010,51,53,-2,2
4011,88,97,-9,9
4012,177,163,14,14
4013,82,79,3,3
4014,90,94,-4,4
4015,99,94,5,5
4016,83,86,-3,3
4017,104,103,1,1
4018,83,75,8,8
4019,57,58,-1,1
4020,155,156,-1,1
4021,107,98,9,9
4022,72,75,-3,3
4023,72,68,4,4
4024,102,104,-2,2
4025,90,88,2,2
4026,111,103,8,8
4027,123,115,8,8
4028,46,49,-3,3
4029,81,80,1,1
4030,95,79,16,16
4031,125,123,2,2
4032,105,100,5,5
4033,74,72,2,2
4034,166,157,9,9
4035,96,98,-2,2
4036,70,67,3,3
4037,56,62,-6,6
4038,66,61,5,5
4039,85,87,-2,2
4040,46,39,7,7
4041,47,72,-25,25
4042,68,72,-4,4
4043,130,133,-3,3
4044,141,145,-4,4
4045,95,93,2,2
4046,111,101,10,10
4047,50,52,-2,2
4048,111,117,-6,6
4049,100,105,-5,5
4050,72,68,4,4
4051,80,84,-4,4
4052,120,112,8,8
4053,180,175,5,5
4054,39,39,0,0
4055,103,114,-11,11
4056,95,96,-1,1
4057,146,158,-12,12
4058,110,110,0,0
4059,48,39,9,9
4060,83,103,-20,20
4061,66,81,-15,15
4062,86,90,-4,4
4063,79,75,4,4
4064,113,121,-8,8
4065,114,110,4,4
4066,86,76,10,10
4067,165,167,-2,2
4068,69,79,-10,10
4069,124,127,-3,3
4070,103,111,-8,8
4071,76,63,13,13
4072,118,117,1,1
4073,157,156,1,1
4074,107,108,-1,1
4075,170,146,24,24
4076,58,59,-1,1
4077,59,60,-1,1
4078,124,115,9,9
4079,142,127,15,15
4080,105,123,-18,18
4081,116,113,3,3
4082,140,140,0,0
4083,92,87,5,5
4084,130,137,-7,7
4085,113,111,2,2
4086,129,144,-15,15
4087,73,80,-7,7
4088,100,99,1,1
4089,87,99,-12,12
4090,75,74,1,1
4091,87,90,-3,3
4092,113,100,13,13
4093,64,66,-2,2
4094,83,80,3,3
4095,75,75,0,0
4096,124,131,-7,7
4097,87,83,4,4
4098,63,64,-1,1
4099,78,74,4,4
4100,86,89,-3,3
4101,104,113,-9,9
4102,95,101,-6,6
4103,119,129,-10,10
4104,99,104,-5,5
4105,54,56,-2,2
4106,73,70,3,3
4107,71,70,1,1
4108,83,83,0,0
4109,182,158,24,24
4110,74,87,-13,13
4111,133,132,1,1
4112,80,75,5,5
4113,98,107,-9,9
4114,98,102,-4,4
4115,96,93,3,3
4116,84,70,14,14
4117,199,208,-9,9
4118,153,145,8,8
4119,121,136,-15,15
4120,104,116,-12,12
4121,79,85,-6,6
4122,109,96,13,13
4123,74,80,-6,6
4124,48,54,-6,6
4125,127,124,3,3
4126,77,80,-3,3
4127,57,64,-7,7
4128,88,85,3,3
4129,76,75,1,1
4130,120,122,-2,2
4131,86,93,-7,7
4132,62,69,-7,7
4133,60,57,3,3
4134,83,78,5,5
4135,90,90,0,0
4136,69,69,0,0
4137,65,64,1,1
4138,97,96,1,1
4139,107,103,4,4
4140,131,139,-8,8
4141,118,112,6,6
4142,107,135,-28,28
4143,72,81,-9,9
4144,153,156,-3,3
4145,83,82,1,1
4146,55,56,-1,1
4147,106,105,1,1
4148,97,108,-11,11
4149,176,174,2,2
4150,139,129,10,10
4151,84,97,-13,13
4152,112,104,8,8
4153,58,65,-7,7
4154,119,116,3,3
4155,75,78,-3,3
4156,155,162,-7,7
4157,71,63,8,8
4158,150,142,8,8
4159,94,95,-1,1
4160,54,62,-8,8
4161,70,72,-2,2
4162,125,117,8,8
4163,36,39,-3,3
4164,78,82,-4,4
4165,96,93,3,3
4166,100,97,3,3
4167,106,103,3,3
4168,129,120,9,9
4169,39,39,0,0
4170,44,38,6,6
4171,97,92,5,5
4172,80,88,-8,8
4173,52,51,1,1
4174,102,102,0,0
4175,101,94,7,7
4176,90,90,0,0
4177,151,155,-4,4
4178,82,80,2,2
4179,117,116,1,1
4180,63,77,-14,14
4181,135,133,2,2
4182,71,66,5,5
4183,96,109,-13,13
4184,123,121,2,2
4185,75,72,3,3
4186,60,62,-2,2
4187,103,106,-3,3
4188,59,58,1,1
4189,116,127,-11,11
4190,92,90,2,2
4191,76,70,6,6
4192,53,49,4,4
4193,107,114,-7,7
4194,70,71,-1,1
4195,101,99,2,2
4196,88,84,4,4
4197,84,87,-3,3
4198,26,52,-26,26
4199,107,112,-5,5
4200,121,121,0,0
4201,66,68,-2,2
4202,75,84,-9,9
4203,140,154,-14,14
4204,87,85,2,2
4205,57,53,4,4
4206,100,98,2,2
4207,183,168,15,15
4208,131,137,-6,6
4209,98,126,-28,28
4210,70,72,-2,2
4211,80,76,4,4
4212,112,116,-4,4
4213,164,177,-13,13
4214,112,100,12,12
4215,49,50,-1,1
4216,69,75,-6,6
4217,64,72,-8,8
4218,78,85,-7,7
4219,116,129,-13,13
4220,113,107,6,6
4221,123,128,-5,5
4222,101,106,-5,5
4223,100,107,-7,7
4224,84,85,-1,1
4225,114,113,1,1
4226,109,98,11,11
4227,52,50,2,2
4228,115,109,6,6
4229,106,107,-1,1
4230,93,91,2,2
4231,69,75,-6,6
4232,149,145,4,4
4233,87,88,-1,1
4234,103,101,2,2
4235,106,112,-6,6
4236,76,96,-20,20
4237,124,136,-12,12
4238,115,122,-7,7
4239,82,84,-2,2
4240,152,165,-13,13
4241,138,138,0,0
4242,196,192,4,4
4243,133,115,18,18
4244,146,148,-2,2
4245,105,113,-8,8
4246,92,102,-10,10
4247,71,66,5,5
4248,97,102,-5,5
4249,70,73,-3,3
4250,107,119,-12,12
4251,80,85,-5,5
4252,63,80,-17,17
4253,75,71,4,4
4254,75,78,-3,3
4255,75,77,-2,2
4256,104,94,10,10
4257,152,144,8,8
4258,71,65,6,6
4259,107,104,3,3
4260,161,156,5,5
4261,71,77,-6,6
4262,91,86,5,5
4263,98,93,5,5
4264,108,109,-1,1
4265,78,74,4,4
4266,116,124,-8,8
4267,108,96,12,12
4268,81,84,-3,3
4269,65,71,-6,6
4270,111,116,-5,5
4271,70,69,1,1
4272,55,57,-2,2
4273,102,98,4,4
4274,102,104,-2,2
4275,56,56,0,0
4276,100,88,12,12
4277,47,39,8,8
4278,145,138,7,7
4279,108,103,5,5
4280,143,141,2,2
4281,123,123,0,0
4282,172,172,0,0
4283,60,66,-6,6
4284,105,100,5,5
4285,46,37,9,9
4286,80,67,13,13
4287,114,119,-5,5
4288,189,194,-5,5
4289,82,72,10,10
4290,126,128,-2,2
4291,157,148,9,9
4292,147,181,-34,34
4293,27,62,-35,35
4294,79,74,5,5
4295,75,76,-1,1
4296,65,62,3,3
4297,68,65,3,3
4298,126,123,3,3
4299,133,133,0,0
4300,101,89,12,12
4301,80,79,1,1
4302,103,98,5,5
4303,95,93,2,2
4304,103,102,1,1
4305,113,112,1,1
4306,42,39,3,3
4307,85,87,-2,2
4308,82,86,-4,4
4309,104,106,-2,2
4310,85,75,10,10
4311,107,88,19,19
4312,78,72,6,6
4313,66,63,3,3
4314,108,107,1,1
4315,90,102,-12,12
4316,88,90,-2,2
4317,59,58,1,1
4318,79,75,4,4
4319,69,66,3,3
4320,135,136,-1,1
4321,96,116,-20,20
4322,148,152,-4,4
4323,31,38,-7,7
4324,65,82,-17,17
4325,86,84,2,2
4326,47,38,9,9
4327,83,78,5,5
4328,170,186,-16,16
4329,63,63,0,0
4330,110,108,2,2
4331,182,172,10,10
4332,141,145,-4,4
4333,94,98,-4,4
4334,81,83,-2,2
4335,87,91,-4,4
4336,131,130,1,1
4337,117,110,7,7
4338,64,58,6,6
4339,150,174,-24,24
4340,93,101,-8,8
4341,88,88,0,0
4342,90,94,-4,4
4343,86,89,-3,3
4344,96,111,-15,15
4345,173,165,8,8
4346,104,100,4,4
4347,44,52,-8,8
4348,81,75,6,6
4349,71,61,10,10
4350,77,64,13,13
4351,82,72,10,10
4352,196,187,9,9
4353,126,123,3,3
4354,100,101,-1,1
4355,159,154,5,5
4356,61,71,-10,10
4357,54,54,0,0
4358,73,66,7,7
4359,73,79,-6,6
4360,88,82,6,6
4361,136,135,1,1
4362,94,96,-2,2
4363,164,187,-23,23
4364,100,103,-3,3
4365,126,124,2,2
4366,50,52,-2,2
4367,79,84,-5,5
4368,94,116,-22,22
4369,110,121,-11,11
4370,144,142,2,2
4371,62,59,3,3
4372,92,97,-5,5
4373,59,61,-2,2
4374,279,236,43,43
4375,149,146,3,3
4376,61,73,-12,12
4377,72,90,-18,18
4378,64,66,-2,2
4379,142,142,0,0
4380,56,55,1,1
4381,140,149,-9,9
4382,221,209,12,12
4383,111,100,11,11
4384,93,90,3,3
4385,110,115,-5,5
4386,83,71,12,12
4387,65,75,-10,10
4388,154,158,-4,4
4389,92,90,2,2
4390,144,139,5,5
4391,102,105,-3,3
4392,131,126,5,5
4393,98,94,4,4
4394,104,100,4,4
4395,95,98,-3,3
4396,108,114,-6,6
4397,89,87,2,2
4398,139,150,-11,11
4399,116,112,4,4
4400,58,61,-3,3
4401,140,146,-6,6
4402,89,91,-2,2
4403,103,102,1,1
4404,67,84,-17,17
4405,62,60,2,2
4406,162,166,-4,4
4407,77,73,4,4
4408,99,103,-4,4
4409,92,79,13,13
4410,105,110,-5,5
4411,99,95,4,4
4412,82,96,-14,14
4413,139,132,7,7
4414,99,99,0,0
4415,82,87,-5,5
4416,95,96,-1,1
4417,101,97,4,4
4418,85,93,-8,8
4419,102,100,2,2
4420,133,140,-7,7
4421,76,76,0,0
4422,126,129,-3,3
4423,101,101,0,0
4424,119,106,13,13
4425,152,163,-11,11
4426,136,124,12,12
4427,87,88,-1,1
4428,116,110,6,6
4429,60,63,-3,3
4430,96,96,0,0
4431,76,79,-3,3
4432,128,124,4,4
4433,85,87,-2,2
4434,84,88,-4,4
4435,153,143,10,10
4436,72,62,10,10
4437,73,65,8,8
4438,108,98,10,10
4439,73,74,-1,1
4440,94,93,1,1
4441,86,84,2,2
4442,89,84,5,5
4443,56,56,0,0
4444,195,191,4,4
4445,70,68,2,2
4446,64,63,1,1
4447,96,89,7,7
4448,103,110,-7,7
4449,131,129,2,2
4450,93,90,3,3
4451,122,126,-4,4
4452,54,57,-3,3
4453,67,75,-8,8
4454,66,60,6,6
4455,110,114,-4,4
4456,108,105,3,3
4457,119,124,-5,5
4458,80,70,10,10
4459,60,65,-5,5
4460,88,84,4,4
4461,123,111,12,12
4462,59,59,0,0
4463,103,93,10,10
4464,93,95,-2,2
4465,90,88,2,2
4466,157,158,-1,1
4467,94,93,1,1
4468,79,73,6,6
4469,131,133,-2,2
4470,50,56,-6,6
4471,111,108,3,3
4472,106,110,-4,4
4473,104,103,1,1
4474,94,100,-6,6
4475,71,65,6,6
4476,168,155,13,13
4477,102,116,-14,14
4478,58,61,-3,3
4479,49,48,1,1
4480,96,91,5,5
4481,74,78,-4,4
4482,135,138,-3,3
4483,171,167,4,4
4484,70,71,-1,1
4485,118,124,-6,6
4486,90,82,8,8
4487,101,121,-20,20
4488,97,98,-1,1
4489,107,102,5,5
4490,87,85,2,2
4491,43,46,-3,3
4492,79,77,2,2
4493,106,100,6,6
4494,39,37,2,2
4495,178,169,9,9
4496,74,81,-7,7
4497,36,38,-2,2
4498,68,67,1,1
4499,114,103,11,11
4500,80,84,-4,4
4501,109,122,-13,13
4502,128,123,5,5
4503,87,96,-9,9
4504,110,103,7,7
4505,100,93,7,7
4506,128,130,-2,2
4507,136,138,-2,2
4508,129,126,3,3
4509,122,126,-4,4
4510,102,100,2,2
4511,109,110,-1,1
4512,58,63,-5,5
4513,122,119,3,3
4514,90,88,2,2
4515,57,52,5,5
4516,107,103,4,4
4517,168,170,-2,2
4518,98,101,-3,3
4519,120,114,6,6
4520,74,73,1,1
4521,88,85,3,3
4522,96,86,10,10
4523,64,71,-7,7
4524,55,56,-1,1
4525,94,93,1,1
4526,148,134,14,14
4527,92,107,-15,15
4528,95,106,-11,11
4529,110,106,4,4
4530,83,74,9,9
4531,139,137,2,2
4532,108,98,10,10
4533,78,80,-2,2
4534,78,80,-2,2
4535,98,97,1,1
4536,104,102,2,2
4537,68,62,6,6
4538,103,105,-2,2
4539,66,55,11,11
4540,100,99,1,1
4541,123,123,0,0
4542,74,86,-12,12
4543,136,130,6,6
4544,47,50,-3,3
4545,92,92,0,0
4546,122,114,8,8
4547,125,134,-9,9
4548,122,110,12,12
4549,61,59,2,2
4550,82,103,-21,21
4551,112,111,1,1
4552,48,38,10,10
4553,146,157,-11,11
4554,67,58,9,9
4555,115,112,3,3
4556,165,175,-10,10
4557,87,98,-11,11
4558,40,39,1,1
4559,55,48,7,7
4560,127,121,6,6
4561,70,70,0,0
4562,99,105,-6,6
4563,45,50,-5,5
4564,95,91,4,4
4565,80,84,-4,4
4566,47,53,-6,6
4567,99,115,-16,16
4568,118,121,-3,3
4569,104,107,-3,3
4570,75,76,-1,1
4571,90,87,3,3
4572,82,84,-2,2
4573,163,152,11,11
4574,93,92,1,1
4575,166,184,-18,18
4576,69,71,-2,2
4577,122,137,-15,15
4578,148,155,-7,7
4579,56,54,2,2
4580,66,61,5,5
4581,83,93,-10,10
4582,63,59,4,4
4583,108,104,4,4
4584,123,107,16,16
4585,161,173,-12,12
4586,83,105,-22,22
4587,49,39,10,10
4588,78,80,-2,2
4589,101,105,-4,4
4590,38,36,2,2
4591,98,95,3,3
4592,174,159,15,15
4593,75,81,-6,6
4594,56,56,0,0
4595,138,129,9,9
4596,38,38,0,0
4597,51,52,-1,1
4598,69,64,5,5
4599,98,103,-5,5
4600,87,89,-2,2
4601,88,86,2,2
4602,156,162,-6,6
4603,140,139,1,1
4604,92,96,-4,4
4605,49,53,-4,4
4606,82,88,-6,6
4607,217,240,-23,23
4608,99,102,-3,3
4609,110,103,7,7
4610,79,84,-5,5
4611,69,63,6,6
4612,87,74,13,13
4613,84,80,4,4
4614,77,73,4,4
4615,78,73,5,5
4616,100,106,-6,6
4617,112,110,2,2
4618,130,126,4,4
4619,137,127,10,10
4620,125,117,8,8
4621,86,90,-4,4
4622,152,146,6,6
4623,96,109,-13,13
4624,111,116,-5,5
4625,99,109,-10,10
4626,56,53,3,3
4627,211,210,1,1
4628,109,119,-10,10
4629,137,139,-2,2
4630,74,78,-4,4
4631,120,125,-5,5
4632,81,85,-4,4
4633,71,75,-4,4
4634,88,84,4,4
4635,111,107,4,4
4636,197,197,0,0
4637,85,84,1,1
4638,112,114,-2,2
4639,44,64,-20,20
4640,86,90,-4,4
4641,72,85,-13,13
4642,59,60,-1,1
4643,82,93,-11,11
4644,69,64,5,5
4645,91,84,7,7
4646,142,143,-1,1
4647,84,67,17,17
4648,81,80,1,1
4649,101,99,2,2
4650,190,175,15,15
4651,107,98,9,9
4652,119,123,-4,4
4653,77,74,3,3
4654,152,152,0,0
4655,64,55,9,9
4656,77,79,-2,2
4657,51,49,2,2
4658,77,77,0,0
4659,84,88,-4,4
4660,60,60,0,0
4661,107,103,4,4
4662,87,104,-17,17
4663,116,130,-14,14
4664,160,143,17,17
4665,116,116,0,0
4666,84,80,4,4
4667,113,118,-5,5
4668,105,106,-1,1
4669,55,45,10,10
4670,91,96,-5,5
4671,113,107,6,6
4672,62,57,5,5
4673,75,73,2,2
4674,45,39,6,6
4675,177,165,12,12
4676,131,143,-12,12
4677,112,112,0,0
4678,127,134,-7,7
4679,146,129,17,17
4680,138,141,-3,3
4681,93,99,-6,6
4682,65,70,-5,5
4683,168,177,-9,9
4684,112,127,-15,15
4685,149,143,6,6
4686,140,149,-9,9
4687,94,96,-2,2
4688,141,139,2,2
4689,75,82,-7,7
4690,134,128,6,6
4691,95,88,7,7
4692,119,105,14,14
4693,95,100,-5,5
4694,65,66,-1,1
4695,95,101,-6,6
4696,97,97,0,0
4697,132,136,-4,4
4698,87,87,0,0
4699,124,114,10,10
4700,115,119,-4,4
4701,45,39,6,6
4702,110,104,6,6
4703,57,60,-3,3
4704,126,106,20,20
4705,50,51,-1,1
4706,132,136,-4,4
4707,71,65,6,6
4708,88,82,6,6
4709,91,103,-12,12
4710,79,79,0,0
4711,47,39,8,8
4712,103,113,-10,10
4713,38,39,-1,1
4714,68,60,8,8
4715,130,124,6,6
4716,157,159,-2,2
4717,99,96,3,3
4718,62,57,5,5
4719,79,78,1,1
4720,74,76,-2,2
4721,154,142,12,12
4722,36,57,-21,21
4723,81,82,-1,1
4724,69,68,1,1
4725,39,38,1,1
4726,106,103,3,3
4727,141,135,6,6
4728,71,71,0,0
4729,108,106,2,2
4730,142,138,4,4
4731,43,38,5,5
4732,109,117,-8,8
4733,72,72,0,0
4734,110,104,6,6
4735,84,95,-11,11
4736,88,83,5,5
4737,156,151,5,5
4738,106,114,-8,8
4739,160,166,-6,6
4740,105,103,2,2
4741,231,229,2,2
4742,111,105,6,6
4743,53,57,-4,4
4744,124,134,-10,10
4745,105,108,-3,3
4746,144,151,-7,7
4747,83,92,-9,9
4748,81,82,-1,1
4749,96,99,-3,3
4750,143,138,5,5
4751,118,111,7,7
4752,77,79,-2,2
4753,116,119,-3,3
4754,116,81,35,35
4755,76,76,0,0
4756,73,73,0,0
4757,92,87,5,5
4758,89,84,5,5
4759,58,56,2,2
4760,70,69,1,1
4761,134,133,1,1
4762,73,82,-9,9
4763,139,136,3,3
4764,59,62,-3,3
4765,59,60,-1,1
4766,72,74,-2,2
4767,81,83,-2,2
4768,96,95,1,1
4769,190,186,4,4
4770,131,127,4,4
4771,188,198,-10,10
4772,141,156,-15,15
4773,103,101,2,2
4774,65,80,-15,15
4775,86,88,-2,2
4776,64,66,-2,2
4777,115,124,-9,9
4778,58,66,-8,8
4779,150,146,4,4
4780,70,72,-2,2
4781,91,90,1,1
4782,104,102,2,2
4783,78,81,-3,3
4784,57,58,-1,1
4785,117,111,6,6
4786,82,83,-1,1
4787,50,54,-4,4
4788,76,81,-5,5
4789,64,62,2,2
4790,140,142,-2,2
4791,88,94,-6,6
4792,41,39,2,2
4793,56,68,-12,12
4794,161,172,-11,11
4795,107,86,21,21
4796,94,94,0,0
4797,71,59,12,12
4798,163,154,9,9
4799,99,92,7,7
4800,30,39,-9,9
4801,99,89,10,10
4802,161,143,18,18
4803,82,83,-1,1
4804,92,90,2,2
4805,152,134,18,18
4806,131,114,17,17
4807,99,94,5,5
4808,50,51,-1,1
4809,80,87,-7,7
4810,99,98,1,1
4811,69,66,3,3
4812,67,73,-6,6
4813,143,129,14,14
4814,68,67,1,1
4815,65,70,-5,5
4816,94,95,-1,1
4817,55,55,0,0
4818,94,93,1,1
4819,45,49,-4,4
4820,140,142,-2,2
4821,65,60,5,5
4822,62,63,-1,1
4823,94,100,-6,6
4824,129,128,1,1
4825,123,126,-3,3
4826,80,85,-5,5
4827,86,80,6,6
4828,112,119,-7,7
4829,89,86,3,3
4830,72,67,5,5
4831,65,66,-1,1
4832,90,92,-2,2
4833,71,83,-12,12
4834,107,113,-6,6
4835,140,141,-1,1
4836,57,60,-3,3
4837,104,106,-2,2
4838,56,62,-6,6
4839,103,102,1,1
4840,104,104,0,0
4841,78,79,-1,1
4842,126,122,4,4
4843,101,93,8,8
4844,85,94,-9,9
4845,72,63,9,9
4846,57,56,1,1
4847,51,61,-10,10
4848,102,107,-5,5
4849,85,89,-4,4
4850,71,67,4,4
4851,87,86,1,1
4852,74,75,-1,1
4853,104,103,1,1
4854,102,105,-3,3
4855,181,172,9,9
4856,130,130,0,0
4857,75,89,-14,14
4858,102,101,1,1
4859,56,65,-9,9
4860,72,75,-3,3
4861,90,96,-6,6
4862,66,71,-5,5
4863,82,82,0,0
4864,139,165,-26,26
4865,97,83,14,14
4866,83,86,-3,3
4867,71,80,-9,9
4868,81,75,6,6
4869,80,69,11,11
4870,152,154,-2,2
4871,54,54,0,0
4872,51,49,2,2
4873,142,128,14,14
4874,134,145,-11,11
4875,253,254,-1,1
4876,85,103,-18,18
4877,274,236,38,38
4878,180,164,16,16
4879,85,91,-6,6
4880,68,77,-9,9
4881,126,126,0,0
4882,147,147,0,0
4883,67,66,1,1
4884,58,63,-5,5
4885,146,148,-2,2
4886,170,172,-2,2
4887,80,86,-6,6
4888,117,118,-1,1
4889,72,71,1,1
4890,52,59,-7,7
4891,92,97,-5,5
4892,88,83,5,5
4893,106,109,-3,3
4894,93,93,0,0
4895,151,151,0,0
4896,90,88,2,2
4897,71,69,2,2
4898,63,64,-1,1
4899,171,160,11,11
4900,83,72,11,11
4901,125,119,6,6
4902,123,114,9,9
4903,119,115,4,4
4904,100,97,3,3
4905,97,111,-14,14
4906,82,71,11,11
4907,104,111,-7,7
4908,84,81,3,3
4909,133,137,-4,4
4910,66,66,0,0
4911,328,271,57,57
4912,66,66,0,0
4913,129,123,6,6
4914,60,61,-1,1
4915,107,127,-20,20
4916,88,80,8,8
4917,92,109,-17,17
4918,97,84,13,13
4919,95,99,-4,4
4920,176,166,10,10
4921,93,90,3,3
4922,124,132,-8,8
4923,80,74,6,6
4924,117,114,3,3
4925,92,89,3,3
4926,137,121,16,16
4927,160,159,1,1
4928,114,115,-1,1
4929,78,71,7,7
4930,73,73,0,0
4931,62,59,3,3
4932,85,89,-4,4
4933,52,55,-3,3
4934,53,54,-1,1
4935,98,82,16,16
4936,92,93,-1,1
4937,100,102,-2,2
4938,114,119,-5,5
4939,139,144,-5,5
4940,76,78,-2,2
4941,119,112,7,7
4942,41,52,-11,11
4943,53,39,14,14
4944,268,275,-7,7
4945,66,64,2,2
4946,130,121,9,9
4947,115,112,3,3
4948,157,164,-7,7
4949,50,59,-9,9
4950,75,70,5,5
4951,79,72,7,7
4952,85,84,1,1
4953,42,68,-26,26
4954,85,79,6,6
4955,95,96,-1,1
4956,72,78,-6,6
4957,90,103,-13,13
4958,81,79,2,2
4959,109,114,-5,5
4960,146,160,-14,14
4961,131,124,7,7
4962,138,132,6,6
4963,32,39,-7,7
4964,86,86,0,0
4965,76,84,-8,8
4966,73,82,-9,9
4967,132,131,1,1
4968,136,138,-2,2
4969,36,38,-2,2
4970,40,39,1,1
4971,62,59,3,3
4972,99,109,-10,10
4973,63,77,-14,14
4974,90,80,10,10
4975,63,76,-13,13
4976,63,66,-3,3
4977,73,84,-11,11
4978,73,75,-2,2
4979,120,126,-6,6
4980,161,156,5,5
4981,74,70,4,4
4982,74,66,8,8
4983,49,53,-4,4
4984,157,145,12,12
4985,123,122,1,1
4986,91,86,5,5
4987,115,104,11,11
4988,85,85,0,0
4989,66,65,1,1
4990,102,94,8,8
4991,98,97,1,1
4992,100,95,5,5
4993,105,126,-21,21
4994,84,102,-18,18
4995,95,89,6,6
4996,108,100,8,8
4997,62,59,3,3
4998,116,120,-4,4
4999,79,74,5,5
5000,73,66,7,7
5001,50,58,-8,8
5002,97,92,5,5
5003,145,135,10,10
5004,152,144,8,8
5005,134,127,7,7
5006,110,103,7,7
5007,114,112,2,2
5008,72,63,9,9
5009,113,109,4,4
5010,58,67,-9,9
5011,50,59,-9,9
5012,29,39,-10,10
5013,71,70,1,1
5014,90,95,-5,5
5015,140,136,4,4
5016,123,118,5,5
5017,131,125,6,6
5018,50,50,0,0
5019,82,80,2,2
5020,77,84,-7,7
5021,98,90,8,8
5022,83,73,10,10
5023,88,76,12,12
5024,122,116,6,6
5025,87,84,3,3
5026,107,107,0,0
5027,75,80,-5,5
5028,89,94,-5,5
5029,124,132,-8,8
5030,105,104,1,1
5031,62,59,3,3
5032,125,113,12,12
5033,94,94,0,0
5034,91,96,-5,5
5035,74,85,-11,11
5036,82,95,-13,13
5037,60,57,3,3
5038,69,68,1,1
5039,132,127,5,5
5040,76,75,1,1
5041,169,174,-5,5
5042,101,100,1,1
5043,167,168,-1,1
5044,79,81,-2,2
5045,78,90,-12,12
5046,61,59,2,2
5047,137,124,13,13
5048,116,105,11,11
5049,77,84,-7,7
5050,76,74,2,2
5051,157,171,-14,14
5052,90,102,-12,12
5053,79,73,6,6
5054,131,118,13,13
5055,118,111,7,7
5056,110,98,12,12
5057,151,140,11,11
5058,159,166,-7,7
5059,95,100,-5,5
5060,78,75,3,3
5061,107,115,-8,8
5062,131,129,2,2
5063,87,91,-4,4
5064,42,39,3,3
5065,66,68,-2,2
5066,101,105,-4,4
5067,140,137,3,3
5068,66,61,5,5
5069,43,39,4,4
5070,100,99,1,1
5071,120,108,12,12
5072,76,62,14,14
5073,121,136,-15,15
5074,78,77,1,1
5075,121,121,0,0
5076,51,54,-3,3
5077,101,109,-8,8
5078,136,138,-2,2
5079,107,120,-13,13
5080,106,111,-5,5
5081,116,111,5,5
5082,89,88,1,1
5083,65,66,-1,1
5084,154,148,6,6
5085,130,127,3,3
5086,98,88,10,10
5087,75,87,-12,12
5088,81,81,0,0
5089,82,87,-5,5
5090,86,94,-8,8
5091,93,97,-4,4
5092,73,79,-6,6
5093,76,81,-5,5
5094,166,170,-4,4
5095,98,98,0,0
5096,120,103,17,17
5097,67,69,-2,2
5098,81,80,1,1
5099,170,172,-2,2
5100,40,50,-10,10
5101,101,100,1,1
5102,80,78,2,2
5103,121,106,15,15
5104,58,55,3,3
5105,115,110,5,5
5106,63,61,2,2
5107,87,91,-4,4
5108,148,159,-11,11
5109,102,102,0,0
5110,79,77,2,2
5111,118,107,11,11
5112,92,91,1,1
5113,110,113,-3,3
5114,131,133,-2,2
5115,139,154,-15,15
5116,68,73,-5,5
5117,122,126,-4,4
5118,140,132,8,8
5119,124,119,5,5
5120,103,95,8,8
5121,59,73,-14,14
5122,80,85,-5,5
5123,131,127,4,4
5124,104,101,3,3
5125,155,149,6,6
5126,89,92,-3,3
5127,68,82,-14,14
5128,79,79,0,0
5129,110,111,-1,1
5130,54,55,-1,1
5131,121,139,-18,18
5132,101,103,-2,2
5133,109,118,-9,9
5134,100,98,2,2
5135,132,132,0,0
5136,71,72,-1,1
5137,89,92,-3,3
5138,92,91,1,1
5139,91,93,-2,2
5140,117,110,7,7
5141,100,98,2,2
5142,118,110,8,8
5143,160,133,27,27
5144,121,112,9,9
5145,88,97,-9,9
5146,152,151,1,1
5147,56,54,2,2
5148,51,70,-19,19
5149,110,97,13,13
5150,79,84,-5,5
5151,68,76,-8,8
5152,52,54,-2,2
5153,129,135,-6,6
5154,81,73,8,8
5155,39,38,1,1
5156,55,112,-57,57
5157,53,57,-4,4
5158,92,94,-2,2
5159,72,74,-2,2
5160,103,105,-2,2
5161,141,131,10,10
5162,82,88,-6,6
5163,69,72,-3,3
5164,168,166,2,2
5165,65,68,-3,3
5166,76,81,-5,5
5167,104,104,0,0
5168,89,91,-2,2
5169,101,107,-6,6
5170,53,57,-4,4
5171,105,102,3,3
5172,90,90,0,0
5173,116,113,3,3
5174,137,136,1,1
5175,126,114,12,12
5176,43,39,4,4
5177,65,70,-5,5
5178,76,81,-5,5
5179,104,99,5,5
5180,88,80,8,8
5181,75,69,6,6
5182,82,83,-1,1
5183,40,56,-16,16
5184,77,76,1,1
5185,66,66,0,0
5186,154,142,12,12
5187,86,82,4,4
5188,112,123,-11,11
5189,93,95,-2,2
5190,130,155,-25,25
5191,177,176,1,1
5192,148,141,7,7
5193,80,84,-4,4
5194,58,54,4,4
5195,115,107,8,8
5196,118,111,7,7
5197,66,63,3,3
5198,161,160,1,1
5199,80,84,-4,4
5200,105,101,4,4
5201,56,54,2,2
5202,66,68,-2,2
5203,93,92,1,1
5204,105,102,3,3
5205,96,97,-1,1
5206,62,60,2,2
5207,68,74,-6,6
5208,83,80,3,3
5209,110,106,4,4
5210,109,110,-1,1
5211,147,140,7,7
5212,68,62,6,6
5213,121,112,9,9
5214,128,139,-11,11
5215,136,139,-3,3
5216,110,101,9,9
5217,84,74,10,10
5218,93,91,2,2
5219,68,70,-2,2
5220,88,92,-4,4
5221,89,96,-7,7
5222,134,140,-6,6
5223,128,129,-1,1
5224,79,74,5,5
5225,66,63,3,3
5226,58,53,5,5
5227,58,74,-16,16
5228,69,67,2,2
5229,56,57,-1,1
5230,85,89,-4,4
5231,73,74,-1,1
5232,97,93,4,4
5233,100,84,16,16
5234,82,67,15,15
5235,65,64,1,1
5236,90,99,-9,9
5237,66,80,-14,14
5238,58,57,1,1
5239,62,108,-46,46
5240,50,44,6,6
5241,84,83,1,1
5242,82,85,-3,3
5243,147,157,-10,10
5244,91,85,6,6
5245,95,93,2,2
5246,121,118,3,3
5247,56,59,-3,3
5248,54,39,15,15
5249,103,103,0,0
5250,86,76,10,10
5251,85,83,2,2
5252,97,82,15,15
5253,92,82,10,10
5254,59,61,-2,2
5255,115,118,-3,3
5256,116,115,1,1
5257,101,103,-2,2
5258,120,100,20,20
5259,164,151,13,13
5260,55,50,5,5
5261,91,95,-4,4
5262,75,78,-3,3
5263,121,124,-3,3
5264,57,57,0,0
5265,38,53,-15,15
5266,92,85,7,7
5267,67,66,1,1
5268,120,119,1,1
5269,83,81,2,2
5270,138,144,-6,6
5271,169,163,6,6
5272,59,65,-6,6
5273,47,51,-4,4
5274,46,38,8,8
5275,123,133,-10,10
5276,142,141,1,1
5277,80,88,-8,8
5278,31,38,-7,7
5279,128,130,-2,2
5280,112,101,11,11
5281,98,105,-7,7
5282,55,56,-1,1
5283,110,99,11,11
5284,91,96,-5,5
5285,112,94,18,18
5286,115,115,0,0
5287,73,68,5,5
5288,106,107,-1,1
5289,93,92,1,1
5290,166,173,-7,7
5291,128,140,-12,12
5292,112,109,3,3
5293,89,83,6,6
5294,74,77,-3,3
5295,106,125,-19,19
5296,72,73,-1,1
5297,78,77,1,1
5298,92,94,-2,2
5299,140,132,8,8
5300,103,99,4,4
5301,102,115,-13,13
5302,63,76,-13,13
5303,169,164,5,5
5304,78,79,-1,1
5305,132,130,2,2
5306,50,57,-7,7
5307,127,115,12,12
5308,138,117,21,21
5309,61,53,8,8
5310,87,89,-2,2
5311,109,114,-5,5
5312,77,79,-2,2
5313,92,106,-14,14
5314,84,81,3,3
5315,140,124,16,16
5316,79,87,-8,8
5317,87,83,4,4
5318,76,76,0,0
5319,54,52,2,2
5320,77,86,-9,9
5321,28,58,-30,30
5322,85,69,16,16
5323,41,38,3,3
5324,78,84,-6,6
5325,117,107,10,10
5326,99,102,-3,3
5327,130,132,-2,2
5328,58,60,-2,2
5329,76,69,7,7
5330,72,75,-3,3
5331,72,72,0,0
5332,130,121,9,9
5333,85,93,-8,8
5334,74,78,-4,4
5335,117,108,9,9
5336,105,110,-5,5
5337,114,112,2,2
5338,94,91,3,3
5339,127,123,4,4
5340,100,96,4,4
5341,100,106,-6,6
5342,114,110,4,4
5343,137,150,-13,13
5344,141,137,4,4
5345,186,181,5,5
5346,49,56,-7,7
5347,71,72,-1,1
5348,144,147,-3,3
5349,108,89,19,19
5350,102,91,11,11
5351,129,126,3,3
5352,123,122,1,1
5353,48,52,-4,4
5354,70,64,6,6
5355,81,83,-2,2
5356,72,75,-3,3
5357,76,77,-1,1
5358,114,127,-13,13
5359,130,127,3,3
5360,113,124,-11,11
5361,57,58,-1,1
5362,77,80,-3,3
5363,117,116,1,1
5364,79,71,8,8
5365,87,93,-6,6
5366,99,98,1,1
5367,211,206,5,5
5368,92,82,10,10
5369,119,113,6,6
5370,54,59,-5,5
5371,111,106,5,5
5372,67,64,3,3
5373,185,195,-10,10
5374,68,76,-8,8
5375,190,173,17,17
5376,124,123,1,1
5377,80,90,-10,10
5378,78,79,-1,1
5379,92,105,-13,13
5380,70,69,1,1
5381,51,64,-13,13
5382,89,94,-5,5
5383,82,89,-7,7
5384,83,81,2,2
5385,204,195,9,9
5386,114,110,4,4
5387,62,60,2,2
5388,100,89,11,11
5389,143,162,-19,19
5390,89,88,1,1
5391,123,134,-11,11
5392,150,148,2,2
5393,135,115,20,20
5394,114,122,-8,8
5395,94,104,-10,10
5396,158,154,4,4
5397,58,68,-10,10
5398,94,102,-8,8
5399,59,58,1,1
5400,81,97,-16,16
5401,70,67,3,3
5402,79,79,0,0
5403,49,56,-7,7
5404,85,82,3,3
5405,85,83,2,2
5406,55,54,1,1
5407,97,100,-3,3
5408,95,97,-2,2
5409,129,125,4,4
5410,53,57,-4,4
5411,109,114,-5,5
5412,92,97,-5,5
5413,122,98,24,24
5414,102,103,-1,1
5415,98,109,-11,11
5416,68,75,-7,7
5417,108,105,3,3
5418,92,88,4,4
5419,95,92,3,3
5420,65,60,5,5
5421,27,38,-11,11
5422,62,63,-1,1
5423,109,107,2,2
5424,72,73,-1,1
5425,58,57,1,1
5426,121,112,9,9
5427,101,97,4,4
5428,63,66,-3,3
5429,38,39,-1,1
5430,145,146,-1,1
5431,103,108,-5,5
5432,215,243,-28,28
5433,122,115,7,7
5434,90,96,-6,6
5435,67,66,1,1
5436,98,103,-5,5
5437,106,116,-10,10
5438,119,124,-5,5
5439,93,95,-2,2
5440,48,58,-10,10
5441,87,87,0,0
5442,108,114,-6,6
5443,72,64,8,8
5444,124,124,0,0
5445,114,118,-4,4
5446,43,39,4,4
5447,109,107,2,2
5448,99,103,-4,4
5449,116,110,6,6
5450,72,91,-19,19
5451,122,136,-14,14
5452,98,99,-1,1
5453,144,154,-10,10
5454,78,72,6,6
5455,70,64,6,6
5456,114,111,3,3
5457,137,137,0,0
5458,113,105,8,8
5459,115,104,11,11
5460,85,86,-1,1
5461,63,59,4,4
5462,114,119,-5,5
5463,88,88,0,0
5464,125,118,7,7
5465,116,117,-1,1
5466,150,117,33,33
5467,78,77,1,1
5468,75,71,4,4
5469,81,88,-7,7
5470,116,134,-18,18
5471,64,59,5,5
5472,93,94,-1,1
5473,96,88,8,8
5474,147,155,-8,8
5475,77,75,2,2
5476,139,142,-3,3
5477,64,63,1,1
5478,82,77,5,5
5479,70,68,2,2
5480,142,144,-2,2
5481,99,94,5,5
5482,64,65,-1,1
5483,80,90,-10,10
5484,69,62,7,7
5485,64,62,2,2
5486,99,102,-3,3
5487,120,113,7,7
5488,80,75,5,5
5489,145,150,-5,5
5490,161,158,3,3
5491,86,93,-7,7
5492,123,125,-2,2
5493,91,89,2,2
5494,147,140,7,7
5495,92,88,4,4
5496,79,83,-4,4
5497,144,134,10,10
5498,72,68,4,4
5499,91,102,-11,11
5500,162,166,-4,4
5501,76,84,-8,8
5502,82,85,-3,3
5503,63,69,-6,6
5504,71,72,-1,1
5505,74,74,0,0
5506,152,147,5,5
5507,102,106,-4,4
5508,70,65,5,5
5509,46,42,4,4
5510,85,96,-11,11
5511,81,84,-3,3
5512,85,86,-1,1
5513,108,101,7,7
5514,124,119,5,5
5515,81,85,-4,4
5516,97,127,-30,30
5517,137,145,-8,8
5518,125,121,4,4
5519,90,98,-8,8
5520,83,81,2,2
5521,89,90,-1,1
5522,124,115,9,9
5523,101,90,11,11
5524,103,105,-2,2
5525,61,60,1,1
5526,85,75,10,10
5527,102,103,-1,1
5528,83,98,-15,15
5529,91,94,-3,3
5530,131,108,23,23
5531,150,141,9,9
5532,107,108,-1,1
5533,115,118,-3,3
5534,126,127,-1,1
5535,129,129,0,0
5536,95,93,2,2
5537,143,134,9,9
5538,115,119,-4,4
5539,85,84,1,1
5540,164,162,2,2
5541,95,95,0,0
5542,137,148,-11,11
5543,121,116,5,5
5544,83,83,0,0
5545,115,125,-10,10
5546,154,161,-7,7
5547,115,114,1,1
5548,88,84,4,4
5549,116,120,-4,4
5550,119,107,12,12
5551,30,38,-8,8
5552,100,94,6,6
5553,132,142,-10,10
5554,186,180,6,6
5555,82,86,-4,4
5556,176,147,29,29
5557,107,102,5,5
5558,89,82,7,7
5559,94,97,-3,3
5560,51,38,13,13
5561,138,145,-7,7
5562,78,80,-2,2
5563,59,59,0,0
5564,58,56,2,2
5565,67,64,3,3
5566,79,73,6,6
5567,54,55,-1,1
5568,62,62,0,0
5569,83,85,-2,2
5570,75,82,-7,7
5571,115,111,4,4
5572,114,117,-3,3
5573,126,116,10,10
5574,88,100,-12,12
5575,69,63,6,6
5576,38,53,-15,15
5577,71,69,2,2
5578,66,62,4,4
5579,62,60,2,2
5580,75,68,7,7
5581,59,56,3,3
5582,97,107,-10,10
5583,81,90,-9,9
5584,69,81,-12,12
5585,81,75,6,6
5586,101,104,-3,3
5587,97,91,6,6
5588,60,71,-11,11
5589,119,116,3,3
5590,113,138,-25,25
5591,130,119,11,11
5592,61,66,-5,5
5593,166,161,5,5
5594,51,54,-3,3
5595,140,140,0,0
5596,109,117,-8,8
5597,115,121,-6,6
5598,112,108,4,4
5599,89,89,0,0
5600,65,66,-1,1
5601,97,102,-5,5
5602,81,83,-2,2
5603,59,59,0,0
5604,52,51,1,1
5605,74,86,-12,12
5606,76,81,-5,5
5607,111,81,30,30
5608,112,112,0,0
5609,66,66,0,0
5610,96,90,6,6
5611,61,64,-3,3
5612,162,160,2,2
5613,120,113,7,7
5614,68,83,-15,15
5615,61,73,-12,12
5616,110,112,-2,2
5617,114,121,-7,7
5618,41,38,3,3
5619,63,55,8,8
5620,77,73,4,4
5621,92,85,7,7
5622,80,76,4,4
5623,40,39,1,1
5624,56,59,-3,3
5625,72,72,0,0
5626,123,113,10,10
5627,77,76,1,1
5628,107,107,0,0
5629,112,112,0,0
5630,72,76,-4,4
5631,99,107,-8,8
5632,118,114,4,4
5633,77,75,2,2
5634,139,137,2,2
5635,84,84,0,0
5636,62,64,-2,2
5637,100,102,-2,2
5638,80,78,2,2
5639,91,97,-6,6
5640,113,107,6,6
5641,45,38,7,7
5642,71,62,9,9
5643,122,108,14,14
5644,53,54,-1,1
5645,78,91,-13,13
5646,65,60,5,5
5647,40,52,-12,12
5648,136,130,6,6
5649,120,113,7,7
5650,104,114,-10,10
5651,85,81,4,4
5652,89,89,0,0
5653,84,89,-5,5
5654,80,90,-10,10
5655,119,128,-9,9
5656,105,102,3,3
5657,61,72,-11,11
5658,53,63,-10,10
5659,69,73,-4,4
5660,83,81,2,2
5661,122,102,20,20
5662,88,87,1,1
5663,88,82,6,6
5664,104,109,-5,5
5665,94,89,5,5
5666,133,132,1,1
5667,53,53,0,0
5668,73,77,-4,4
5669,92,91,1,1
5670,92,90,2,2
5671,91,92,-1,1
5672,82,85,-3,3
5673,87,92,-5,5
5674,135,131,4,4
5675,126,128,-2,2
5676,94,91,3,3
5677,55,53,2,2
5678,104,98,6,6
5679,127,129,-2,2
5680,135,136,-1,1
5681,145,136,9,9
5682,99,100,-1,1
5683,96,102,-6,6
5684,103,91,12,12
5685,32,39,-7,7
5686,74,74,0,0
5687,109,97,12,12
5688,59,61,-2,2
5689,101,99,2,2
5690,69,66,3,3
5691,71,85,-14,14
5692,101,94,7,7
5693,129,133,-4,4
5694,114,115,-1,1
5695,73,71,2,2
5696,179,161,18,18
5697,81,83,-2,2
5698,127,120,7,7
5699,129,131,-2,2
5700,57,53,4,4
5701,50,53,-3,3
5702,80,67,13,13
5703,116,115,1,1
5704,93,86,7,7
5705,164,146,18,18
5706,43,39,4,4
5707,96,106,-10,10
5708,88,81,7,7
5709,66,68,-2,2
5710,97,101,-4,4
5711,86,90,-4,4
5712,83,92,-9,9
5713,87,86,1,1
5714,61,61,0,0
5715,81,85,-4,4
5716,164,163,1,1
5717,138,135,3,3
5718,115,123,-8,8
5719,86,91,-5,5
5720,118,144,-26,26
5721,67,64,3,3
5722,87,93,-6,6
5723,74,66,8,8
5724,51,54,-3,3
5725,67,64,3,3
5726,84,79,5,5
5727,94,95,-1,1
5728,69,67,2,2
5729,115,122,-7,7
5730,48,41,7,7
5731,77,73,4,4
5732,81,77,4,4
5733,110,119,-9,9
5734,74,91,-17,17
5735,54,61,-7,7
5736,84,87,-3,3
5737,70,72,-2,2
5738,64,67,-3,3
5739,80,86,-6,6
5740,78,70,8,8
5741,83,93,-10,10
5742,81,79,2,2
5743,34,39,-5,5
5744,149,167,-18,18
5745,50,53,-3,3
5746,57,58,-1,1
5747,75,73,2,2
5748,139,132,7,7
5749,48,43,5,5
5750,61,64,-3,3
5751,96,90,6,6
5752,64,56,8,8
5753,90,95,-5,5
5754,81,81,0,0
5755,119,129,-10,10
5756,129,125,4,4
5757,111,121,-10,10
5758,79,81,-2,2
5759,107,101,6,6
5760,77,85,-8,8
5761,67,63,4,4
5762,103,98,5,5
5763,60,61,-1,1
5764,115,119,-4,4
5765,62,57,5,5
5766,71,73,-2,2
5767,67,76,-9,9
5768,46,48,-2,2
5769,52,51,1,1
5770,55,56,-1,1
5771,95,90,5,5
5772,119,105,14,14
5773,156,170,-14,14
5774,89,82,7,7
5775,130,114,16,16
5776,149,144,5,5
5777,53,65,-12,12
5778,103,101,2,2
5779,181,166,15,15
5780,88,91,-3,3
5781,91,91,0,0
5782,79,72,7,7
5783,64,78,-14,14
5784,85,92,-7,7
5785,45,40,5,5
5786,72,71,1,1
5787,118,113,5,5
5788,54,52,2,2
5789,98,102,-4,4
5790,79,85,-6,6
5791,63,61,2,2
5792,27,37,-10,10
5793,142,139,3,3
5794,67,65,2,2
5795,146,145,1,1
5796,80,86,-6,6
5797,68,83,-15,15
5798,92,97,-5,5
5799,48,51,-3,3
5800,117,101,16,16
5801,98,98,0,0
5802,73,75,-2,2
5803,84,86,-2,2
5804,95,93,2,2
5805,120,119,1,1
5806,151,165,-14,14
5807,50,50,0,0
5808,93,95,-2,2
5809,150,150,0,0
5810,65,80,-15,15
5811,76,81,-5,5
5812,69,70,-1,1
5813,91,89,2,2
5814,81,87,-6,6
5815,92,92,0,0
5816,127,147,-20,20
5817,100,98,2,2
5818,98,98,0,0
5819,109,104,5,5
5820,69,71,-2,2
5821,94,102,-8,8
5822,156,145,11,11
5823,82,93,-11,11
5824,62,76,-14,14
5825,56,55,1,1
5826,44,39,5,5
5827,134,103,31,31
5828,75,75,0,0
5829,88,90,-2,2
5830,63,68,-5,5
5831,106,110,-4,4
5832,121,111,10,10
5833,94,103,-9,9
5834,89,101,-12,12
5835,45,51,-6,6
5836,76,82,-6,6
5837,85,89,-4,4
5838,129,138,-9,9
5839,113,115,-2,2
5840,127,121,6,6
5841,129,152,-23,23
5842,92,91,1,1
5843,60,56,4,4
5844,91,76,15,15
5845,90,86,4,4
5846,143,144,-1,1
5847,79,77,2,2
5848,118,168,-50,50
5849,65,64,1,1
5850,88,81,7,7
5851,102,106,-4,4
5852,67,65,2,2
5853,104,100,4,4
5854,164,162,2,2
5855,145,142,3,3
5856,51,49,2,2
5857,35,39,-4,4
5858,125,123,2,2
5859,78,81,-3,3
5860,110,107,3,3
5861,133,137,-4,4
5862,92,95,-3,3
5863,89,94,-5,5
5864,66,65,1,1
5865,96,100,-4,4
5866,74,72,2,2
5867,21,39,-18,18
5868,52,52,0,0
5869,49,47,2,2
5870,133,145,-12,12
5871,56,55,1,1
5872,48,50,-2,2
5873,53,49,4,4
5874,86,91,-5,5
5875,81,95,-14,14
5876,139,145,-6,6
5877,111,126,-15,15
5878,118,128,-10,10
5879,61,63,-2,2
5880,88,98,-10,10
5881,58,57,1,1
5882,91,89,2,2
5883,110,110,0,0
5884,118,96,22,22
5885,109,104,5,5
5886,52,53,-1,1
5887,69,71,-2,2
5888,144,133,11,11
5889,87,86,1,1
5890,153,141,12,12
5891,49,53,-4,4
5892,106,114,-8,8
5893,85,86,-1,1
5894,95,94,1,1
5895,99,100,-1,1
5896,154,155,-1,1
5897,64,77,-13,13
5898,74,68,6,6
5899,94,88,6,6
5900,83,73,10,10
5901,66,69,-3,3
5902,48,54,-6,6
5903,87,100,-13,13
5904,28,50,-22,22
5905,63,59,4,4
5906,117,115,2,2
5907,169,169,0,0
5908,54,51,3,3
5909,118,118,0,0
5910,77,72,5,5
5911,87,91,-4,4
5912,259,237,22,22
5913,116,126,-10,10
5914,141,141,0,0
5915,63,68,-5,5
5916,194,186,8,8
5917,58,73,-15,15
5918,117,117,0,0
5919,101,100,1,1
5920,128,128,0,0
5921,99,90,9,9
5922,122,109,13,13
5923,146,142,4,4
5924,117,105,12,12
5925,85,91,-6,6
5926,156,154,2,2
5927,85,85,0,0
5928,149,161,-12,12
5929,62,65,-3,3
5930,133,136,-3,3
5931,76,78,-2,2
5932,67,65,2,2
5933,125,152,-27,27
5934,73,66,7,7
5935,106,103,3,3
5936,98,99,-1,1
5937,113,114,-1,1
5938,151,154,-3,3
5939,91,87,4,4
5940,115,127,-12,12
5941,99,102,-3,3
5942,51,50,1,1
5943,102,116,-14,14
5944,123,116,7,7
5945,71,66,5,5
5946,116,119,-3,3
5947,118,118,0,0
5948,151,167,-16,16
5949,93,86,7,7
5950,77,81,-4,4
5951,52,41,11,11
5952,88,87,1,1
5953,56,55,1,1
5954,152,168,-16,16
5955,129,135,-6,6
5956,75,83,-8,8
5957,98,96,2,2
5958,149,156,-7,7
5959,73,68,5,5
5960,96,113,-17,17
5961,145,148,-3,3
5962,88,87,1,1
5963,159,150,9,9
5964,178,170,8,8
5965,81,89,-8,8
5966,142,133,9,9
5967,97,97,0,0
5968,145,148,-3,3
5969,91,90,1,1
5970,85,69,16,16
5971,87,74,13,13
5972,90,76,14,14
5973,68,67,1,1
5974,94,92,2,2
5975,101,96,5,5
5976,92,83,9,9
5977,71,77,-6,6
5978,113,115,-2,2
5979,102,101,1,1
5980,114,119,-5,5
5981,97,96,1,1
5982,47,54,-7,7
5983,60,61,-1,1
5984,135,135,0,0
5985,58,54,4,4
5986,206,188,18,18
5987,68,70,-2,2
5988,42,39,3,3
5989,73,62,11,11
5990,83,75,8,8
5991,72,65,7,7
5992,111,81,30,30
5993,58,51,7,7
5994,130,146,-16,16
5995,111,114,-3,3
5996,140,155,-15,15
5997,95,100,-5,5
5998,96,93,3,3
5999,91,88,3,3
6000,79,81,-2,2
6001,74,72,2,2
6002,169,157,12,12
6003,117,120,-3,3
6004,78,59,19,19
6005,115,122,-7,7
6006,44,39,5,5
6007,103,116,-13,13
6008,78,103,-25,25
6009,49,53,-4,4
6010,126,134,-8,8
6011,93,83,10,10
6012,140,143,-3,3
6013,85,90,-5,5
6014,116,128,-12,12
6015,83,77,6,6
6016,96,107,-11,11
6017,143,137,6,6
6018,74,79,-5,5
6019,92,95,-3,3
6020,63,57,6,6
6021,49,53,-4,4
6022,144,148,-4,4
6023,54,50,4,4
6024,116,173,-57,57
6025,66,77,-11,11
6026,56,60,-4,4
6027,56,93,-37,37
6028,107,113,-6,6
6029,140,137,3,3
6030,92,103,-11,11
6031,76,81,-5,5
6032,90,96,-6,6
6033,138,144,-6,6
6034,71,65,6,6
6035,89,102,-13,13
6036,66,58,8,8
6037,60,59,1,1
6038,116,128,-12,12
6039,179,185,-6,6
6040,90,85,5,5
6041,116,124,-8,8
6042,89,88,1,1
6043,95,91,4,4
6044,85,75,10,10
6045,53,52,1,1
6046,166,170,-4,4
6047,43,39,4,4
6048,119,128,-9,9
6049,105,119,-14,14
6050,121,115,6,6
6051,73,73,0,0
6052,67,65,2,2
6053,119,123,-4,4
6054,106,108,-2,2
6055,72,65,7,7
6056,75,72,3,3
6057,70,75,-5,5
6058,143,134,9,9
6059,83,83,0,0
6060,83,77,6,6
6061,46,61,-15,15
6062,47,39,8,8
6063,119,117,2,2
6064,108,100,8,8
6065,43,58,-15,15
6066,64,60,4,4
6067,83,87,-4,4
6068,141,137,4,4
6069,107,107,0,0
6070,35,52,-17,17
6071,119,120,-1,1
6072,88,81,7,7
6073,77,85,-8,8
6074,75,72,3,3
6075,140,141,-1,1
6076,66,64,2,2
6077,121,131,-10,10
6078,47,57,-10,10
6079,68,70,-2,2
6080,112,107,5,5
6081,178,168,10,10
6082,87,92,-5,5
6083,164,154,10,10
6084,79,83,-4,4
6085,71,69,2,2
6086,111,131,-20,20
6087,78,84,-6,6
6088,160,172,-12,12
6089,98,97,1,1
6090,115,160,-45,45
6091,95,104,-9,9
6092,65,63,2,2
6093,159,164,-5,5
6094,85,88,-3,3
6095,69,65,4,4
6096,116,122,-6,6
6097,55,58,-3,3
6098,96,100,-4,4
6099,94,89,5,5
6100,72,68,4,4
6101,94,88,6,6
6102,124,137,-13,13
6103,62,59,3,3
6104,79,68,11,11
6105,146,139,7,7
6106,42,39,3,3
6107,85,83,2,2
6108,100,87,13,13
6109,131,118,13,13
6110,72,79,-7,7
6111,49,44,5,5
6112,116,110,6,6
6113,102,101,1,1
6114,135,139,-4,4
6115,138,137,1,1
6116,40,56,-16,16
6117,104,102,2,2
6118,99,97,2,2
6119,50,41,9,9
6120,108,104,4,4
6121,106,107,-1,1
6122,93,88,5,5
6123,155,161,-6,6
6124,127,125,2,2
6125,78,78,0,0
6126,87,90,-3,3
6127,73,76,-3,3
6128,92,96,-4,4
6129,86,85,1,1
6130,117,117,0,0
6131,65,59,6,6
6132,44,39,5,5
6133,142,138,4,4
6134,83,91,-8,8
6135,104,98,6,6
6136,119,107,12,12
6137,112,107,5,5
6138,96,87,9,9
6139,58,62,-4,4
6140,44,39,5,5
6141,107,112,-5,5
6142,115,117,-2,2
6143,87,92,-5,5
6144,102,103,-1,1
6145,89,87,2,2
6146,119,117,2,2
6147,101,99,2,2
6148,55,57,-2,2
6149,92,87,5,5
6150,108,101,7,7
6151,57,56,1,1
6152,119,115,4,4
6153,133,134,-1,1
6154,80,85,-5,5
6155,66,68,-2,2
6156,114,109,5,5
6157,111,117,-6,6
6158,140,136,4,4
6159,108,89,19,19
6160,89,100,-11,11
6161,88,79,9,9
6162,76,82,-6,6
6163,80,82,-2,2
6164,98,90,8,8
6165,73,82,-9,9
6166,136,133,3,3
6167,50,44,6,6
6168,88,100,-12,12
6169,69,69,0,0
6170,151,149,2,2
6171,66,60,6,6
6172,73,71,2,2
6173,65,59,6,6
6174,72,72,0,0
6175,52,57,-5,5
6176,108,93,15,15
6177,86,84,2,2
6178,34,39,-5,5
6179,183,188,-5,5
6180,54,45,9,9
6181,122,130,-8,8
6182,64,63,1,1
6183,75,78,-3,3
6184,105,97,8,8
6185,65,68,-3,3
6186,84,93,-9,9
6187,101,99,2,2
6188,117,112,5,5
6189,148,153,-5,5
6190,66,63,3,3
6191,106,116,-10,10
6192,147,131,16,16
6193,108,112,-4,4
6194,133,109,24,24
6195,42,39,3,3
6196,67,59,8,8
6197,117,112,5,5
6198,127,138,-11,11
6199,84,84,0,0
6200,72,68,4,4
6201,77,76,1,1
6202,83,79,4,4
6203,77,92,-15,15
6204,133,134,-1,1
6205,61,66,-5,5
6206,75,82,-7,7
6207,81,79,2,2
6208,95,94,1,1
6209,115,113,2,2
6210,106,96,10,10
6211,85,74,11,11
6212,89,90,-1,1
6213,103,99,4,4
6214,78,75,3,3
6215,83,81,2,2
6216,128,115,13,13
6217,64,68,-4,4
6218,87,86,1,1
6219,108,98,10,10
6220,108,106,2,2
6221,77,75,2,2
6222,65,72,-7,7
6223,56,56,0,0
6224,69,61,8,8
6225,83,83,0,0
6226,93,99,-6,6
6227,85,86,-1,1
6228,177,184,-7,7
6229,52,52,0,0
6230,35,38,-3,3
6231,128,118,10,10
6232,98,98,0,0
6233,83,78,5,5
6234,67,61,6,6
6235,102,103,-1,1
6236,115,117,-2,2
6237,103,99,4,4
6238,99,103,-4,4
6239,100,99,1,1
6240,148,133,15,15
6241,67,64,3,3
6242,131,133,-2,2
6243,76,73,3,3
6244,91,92,-1,1
6245,110,92,18,18
6246,133,136,-3,3
6247,77,83,-6,6
6248,151,155,-4,4
6249,130,139,-9,9
6250,80,86,-6,6
6251,86,88,-2,2
6252,117,129,-12,12
6253,72,69,3,3
6254,104,104,0,0
6255,108,104,4,4
6256,103,104,-1,1
6257,57,61,-4,4
6258,30,39,-9,9
6259,70,71,-1,1
6260,93,109,-16,16
6261,75,70,5,5
6262,46,48,-2,2
6263,169,144,25,25
6264,88,87,1,1
6265,71,76,-5,5
6266,97,101,-4,4
6267,133,126,7,7
6268,77,81,-4,4
6269,93,97,-4,4
6270,52,64,-12,12
6271,124,138,-14,14
6272,60,91,-31,31
6273,53,57,-4,4
6274,98,98,0,0
6275,105,91,14,14
6276,92,87,5,5
6277,106,103,3,3
6278,55,55,0,0
6279,94,99,-5,5
6280,94,81,13,13
6281,67,69,-2,2
6282,109,101,8,8
6283,61,62,-1,1
6284,49,54,-5,5
6285,99,93,6,6
6286,109,101,8,8
6287,73,65,8,8
6288,107,103,4,4
6289,82,80,2,2
6290,122,121,1,1
6291,50,51,-1,1
6292,102,95,7,7
6293,99,97,2,2
6294,40,39,1,1
6295,61,56,5,5
6296,94,99,-5,5
6297,55,57,-2,2
6298,66,62,4,4
6299,58,62,-4,4
6300,139,154,-15,15
6301,104,90,14,14
6302,74,69,5,5
6303,77,71,6,6
6304,77,71,6,6
6305,91,93,-2,2
6306,74,72,2,2
6307,63,59,4,4
6308,56,56,0,0
6309,103,114,-11,11
6310,83,85,-2,2
6311,69,78,-9,9
6312,165,154,11,11
6313,109,112,-3,3
6314,93,83,10,10
6315,123,124,-1,1
6316,142,143,-1,1
6317,71,62,9,9
6318,102,102,0,0
6319,81,84,-3,3
6320,178,162,16,16
6321,75,69,6,6
6322,68,71,-3,3
6323,135,130,5,5
6324,103,105,-2,2
6325,108,111,-3,3
6326,62,80,-18,18
6327,95,102,-7,7
6328,114,111,3,3
6329,120,121,-1,1
6330,124,132,-8,8
6331,90,92,-2,2
6332,29,37,-8,8
6333,69,72,-3,3
6334,61,69,-8,8
6335,85,81,4,4
6336,83,92,-9,9
6337,122,115,7,7
6338,148,144,4,4
6339,108,99,9,9
6340,96,101,-5,5
6341,75,75,0,0
6342,101,115,-14,14
6343,81,79,2,2
6344,98,102,-4,4
6345,95,91,4,4
6346,100,97,3,3
6347,96,100,-4,4
6348,161,179,-18,18
6349,84,86,-2,2
6350,55,54,1,1
6351,59,63,-4,4
6352,124,126,-2,2
6353,137,139,-2,2
6354,118,115,3,3
6355,144,127,17,17
6356,182,181,1,1
6357,126,123,3,3
6358,127,114,13,13
6359,111,109,2,2
6360,92,92,0,0
6361,106,107,-1,1
6362,74,81,-7,7
6363,68,83,-15,15
6364,108,118,-10,10
6365,95,93,2,2
6366,103,106,-3,3
6367,81,84,-3,3
6368,86,92,-6,6
6369,170,161,9,9
6370,50,50,0,0
6371,51,53,-2,2
6372,94,87,7,7
6373,146,163,-17,17
6374,74,74,0,0
6375,100,91,9,9
6376,128,116,12,12
6377,74,65,9,9
6378,108,105,3,3
6379,77,82,-5,5
6380,63,63,0,0
6381,50,39,11,11
6382,109,104,5,5
6383,52,54,-2,2
6384,68,83,-15,15
6385,90,99,-9,9
6386,80,87,-7,7
6387,55,63,-8,8
6388,103,98,5,5
6389,84,89,-5,5
6390,90,81,9,9
6391,66,72,-6,6
6392,167,167,0,0
6393,82,86,-4,4
6394,73,70,3,3
6395,86,93,-7,7
6396,71,73,-2,2
6397,80,87,-7,7
6398,92,99,-7,7
6399,117,107,10,10
6400,51,53,-2,2
6401,94,94,0,0
6402,84,84,0,0
6403,135,141,-6,6
6404,66,73,-7,7
6405,151,150,1,1
6406,92,92,0,0
6407,102,100,2,2
6408,116,106,10,10
6409,50,56,-6,6
6410,88,94,-6,6
6411,119,119,0,0
6412,107,109,-2,2
6413,93,103,-10,10
6414,142,137,5,5
6415,52,52,0,0
6416,115,120,-5,5
6417,52,52,0,0
6418,56,55,1,1
6419,152,136,16,16
6420,83,74,9,9
6421,62,62,0,0
6422,64,73,-9,9
6423,119,111,8,8
6424,157,141,16,16
6425,51,58,-7,7
6426,118,119,-1,1
6427,58,65,-7,7
6428,94,89,5,5
6429,45,49,-4,4
6430,120,113,7,7
6431,88,89,-1,1
6432,84,92,-8,8
6433,131,132,-1,1
6434,98,95,3,3
6435,50,50,0,0
6436,88,81,7,7
6437,101,111,-10,10
6438,78,74,4,4
6439,40,59,-19,19
6440,103,114,-11,11
6441,96,88,8,8
6442,83,82,1,1
6443,93,93,0,0
6444,82,72,10,10
6445,103,98,5,5
6446,41,62,-21,21
6447,39,47,-8,8
6448,60,56,4,4
6449,137,130,7,7
6450,46,39,7,7
6451,51,51,0,0
6452,82,87,-5,5
6453,131,123,8,8
6454,66,74,-8,8
6455,76,71,5,5
6456,204,200,4,4
6457,106,109,-3,3
6458,72,64,8,8
6459,145,150,-5,5
6460,80,77,3,3
6461,89,94,-5,5
6462,148,156,-8,8
6463,141,128,13,13
6464,59,62,-3,3
6465,51,44,7,7
6466,88,84,4,4
6467,77,71,6,6
6468,103,105,-2,2
6469,94,86,8,8
6470,92,85,7,7
6471,82,77,5,5
6472,89,97,-8,8
6473,72,73,-1,1
6474,135,132,3,3
6475,135,130,5,5
6476,85,84,1,1
6477,63,65,-2,2
6478,173,169,4,4
6479,108,108,0,0
6480,141,122,19,19
6481,85,91,-6,6
6482,144,146,-2,2
6483,66,64,2,2
6484,86,90,-4,4
6485,84,72,12,12
6486,107,104,3,3
6487,60,61,-1,1
6488,62,69,-7,7
6489,174,179,-5,5
6490,68,59,9,9
6491,74,80,-6,6
6492,67,63,4,4
6493,72,63,9,9
6494,117,113,4,4
6495,93,120,-27,27
6496,69,78,-9,9
6497,75,73,2,2
6498,84,82,2,2
6499,101,108,-7,7
6500,78,80,-2,2
6501,202,204,-2,2
6502,97,109,-12,12
6503,79,79,0,0
6504,97,104,-7,7
6505,60,66,-6,6
6506,58,57,1,1
6507,113,122,-9,9
6508,63,64,-1,1
6509,79,82,-3,3
6510,94,93,1,1
6511,129,132,-3,3
6512,142,144,-2,2
6513,96,96,0,0
6514,83,76,7,7
6515,137,130,7,7
6516,99,93,6,6
6517,92,94,-2,2
6518,92,102,-10,10
6519,69,66,3,3
6520,126,144,-18,18
6521,148,163,-15,15
6522,90,90,0,0
6523,94,89,5,5
6524,111,111,0,0
6525,86,96,-10,10
6526,49,53,-4,4
6527,124,121,3,3
6528,107,112,-5,5
6529,129,127,2,2
6530,58,52,6,6
6531,70,67,3,3
6532,70,76,-6,6
6533,91,85,6,6
6534,86,79,7,7
6535,102,105,-3,3
6536,83,88,-5,5
6537,119,122,-3,3
6538,76,69,7,7
6539,49,38,11,11
6540,94,82,12,12
6541,124,108,16,16
6542,65,62,3,3
6543,96,110,-14,14
6544,170,177,-7,7
6545,68,74,-6,6
6546,28,39,-11,11
6547,135,140,-5,5
6548,151,137,14,14
6549,80,86,-6,6
6550,79,94,-15,15
6551,68,84,-16,16
6552,118,107,11,11
6553,73,72,1,1
6554,104,115,-11,11
6555,147,133,14,14
6556,91,103,-12,12
6557,147,132,15,15
6558,55,61,-6,6
6559,66,66,0,0
6560,121,114,7,7
6561,70,69,1,1
6562,107,108,-1,1
6563,153,157,-4,4
6564,124,130,-6,6
6565,59,67,-8,8
6566,90,89,1,1
6567,57,63,-6,6
6568,129,118,11,11
6569,98,104,-6,6
6570,152,145,7,7
6571,55,60,-5,5
6572,93,74,19,19
6573,61,58,3,3
6574,135,131,4,4
6575,72,66,6,6
6576,105,112,-7,7
6577,65,96,-31,31
6578,91,90,1,1
6579,117,114,3,3
6580,85,91,-6,6
6581,125,121,4,4
6582,57,58,-1,1
6583,151,142,9,9
6584,68,70,-2,2
6585,104,114,-10,10
6586,53,58,-5,5
6587,88,89,-1,1
6588,91,87,4,4
6589,184,160,24,24
6590,99,97,2,2
6591,189,170,19,19
6592,186,175,11,11
6593,125,118,7,7
6594,62,72,-10,10
6595,103,105,-2,2
6596,183,191,-8,8
6597,62,59,3,3
6598,66,66,0,0
6599,73,69,4,4
6600,114,113,1,1
6601,123,128,-5,5
6602,108,95,13,13
6603,115,109,6,6
6604,124,118,6,6
6605,66,77,-11,11
6606,104,85,19,19
6607,75,75,0,0
6608,108,116,-8,8
6609,81,85,-4,4
6610,82,71,11,11
6611,80,73,7,7
6612,30,39,-9,9
6613,90,89,1,1
6614,62,59,3,3
6615,86,81,5,5
6616,56,56,0,0
6617,95,99,-4,4
6618,100,104,-4,4
6619,102,100,2,2
6620,102,102,0,0
6621,59,53,6,6
6622,152,139,13,13
6623,163,171,-8,8
6624,143,141,2,2
6625,162,163,-1,1
6626,84,86,-2,2
6627,78,83,-5,5
6628,92,99,-7,7
6629,79,85,-6,6
6630,78,73,5,5
6631,120,108,12,12
6632,99,94,5,5
6633,103,88,15,15
6634,76,85,-9,9
6635,80,79,1,1
6636,66,63,3,3
6637,128,129,-1,1
6638,85,72,13,13
6639,100,104,-4,4
6640,46,53,-7,7
6641,125,126,-1,1
6642,111,119,-8,8
6643,119,119,0,0
6644,59,62,-3,3
6645,55,54,1,1
6646,158,157,1,1
6647,106,114,-8,8
6648,136,140,-4,4
6649,108,100,8,8
6650,124,121,3,3
6651,106,107,-1,1
6652,92,82,10,10
6653,118,128,-10,10
6654,108,104,4,4
6655,114,109,5,5
6656,51,52,-1,1
6657,85,82,3,3
6658,61,88,-27,27
6659,74,71,3,3
6660,67,65,2,2
6661,108,107,1,1
6662,132,133,-1,1
6663,78,69,9,9
6664,102,110,-8,8
6665,175,153,22,22
6666,140,141,-1,1
6667,93,92,1,1
6668,75,82,-7,7
6669,98,99,-1,1
6670,98,93,5,5
6671,119,111,8,8
6672,121,152,-31,31
6673,94,95,-1,1
6674,117,103,14,14
6675,108,113,-5,5
6676,87,108,-21,21
6677,100,96,4,4
6678,88,86,2,2
6679,86,70,16,16
6680,65,66,-1,1
6681,81,77,4,4
6682,89,88,1,1
6683,114,105,9,9
6684,108,111,-3,3
6685,95,88,7,7
6686,100,100,0,0
6687,98,102,-4,4
6688,88,86,2,2
6689,95,93,2,2
6690,92,95,-3,3
6691,161,157,4,4
6692,57,52,5,5
6693,89,90,-1,1
6694,67,53,14,14
6695,101,105,-4,4
6696,102,111,-9,9
6697,84,84,0,0
6698,64,62,2,2
6699,127,130,-3,3
6700,97,100,-3,3
6701,101,103,-2,2
6702,65,70,-5,5
6703,89,83,6,6
6704,70,67,3,3
6705,67,68,-1,1
6706,169,166,3,3
6707,59,67,-8,8
6708,163,154,9,9
6709,38,39,-1,1
6710,117,115,2,2
6711,53,53,0,0
6712,52,53,-1,1
6713,120,123,-3,3
6714,80,66,14,14
6715,52,57,-5,5
6716,127,151,-24,24
6717,87,100,-13,13
6718,54,81,-27,27
6719,66,60,6,6
6720,98,94,4,4
6721,112,117,-5,5
6722,56,57,-1,1
6723,114,114,0,0
6724,90,87,3,3
6725,87,89,-2,2
6726,58,58,0,0
6727,118,117,1,1
6728,96,99,-3,3
6729,102,113,-11,11
6730,84,90,-6,6
6731,111,105,6,6
6732,62,68,-6,6
6733,73,68,5,5
6734,69,67,2,2
6735,133,131,2,2
6736,87,85,2,2
6737,64,63,1,1
6738,85,91,-6,6
6739,103,96,7,7
6740,86,84,2,2
6741,68,68,0,0
6742,145,151,-6,6
6743,74,66,8,8
6744,91,99,-8,8
6745,102,94,8,8
6746,128,128,0,0
6747,104,111,-7,7
6748,110,122,-12,12
6749,56,54,2,2
6750,83,85,-2,2
6751,109,116,-7,7
6752,77,74,3,3
6753,164,148,16,16
6754,137,138,-1,1
6755,134,123,11,11
6756,172,172,0,0
6757,116,115,1,1
6758,80,76,4,4
6759,50,54,-4,4
6760,168,156,12,12
6761,68,74,-6,6
6762,88,94,-6,6
6763,48,45,3,3
6764,60,56,4,4
6765,135,139,-4,4
6766,75,67,8,8
6767,187,183,4,4
6768,78,70,8,8
6769,117,101,16,16
6770,109,115,-6,6
6771,79,72,7,7
6772,80,85,-5,5
6773,72,72,0,0
6774,105,107,-2,2
6775,130,141,-11,11
6776,108,117,-9,9
6777,39,38,1,1
6778,94,101,-7,7
6779,76,85,-9,9
6780,84,87,-3,3
6781,110,122,-12,12
6782,79,78,1,1
6783,129,112,17,17
6784,66,65,1,1
6785,73,76,-3,3
6786,90,82,8,8
6787,69,69,0,0
6788,76,65,11,11
6789,96,106,-10,10
6790,113,115,-2,2
6791,118,122,-4,4
6792,78,74,4,4
6793,92,88,4,4
6794,96,93,3,3
6795,111,123,-12,12
6796,143,155,-12,12
6797,101,100,1,1
6798,99,104,-5,5
6799,110,125,-15,15
6800,105,112,-7,7
6801,79,82,-3,3
6802,80,93,-13,13
6803,54,52,2,2
6804,86,82,4,4
6805,66,78,-12,12
6806,96,93,3,3
6807,151,153,-2,2
6808,78,100,-22,22
6809,82,91,-9,9
6810,93,91,2,2
6811,57,66,-9,9
6812,129,120,9,9
6813,89,90,-1,1
6814,83,80,3,3
6815,72,83,-11,11
6816,85,88,-3,3
6817,58,57,1,1
6818,69,69,0,0
6819,69,84,-15,15
6820,55,54,1,1
6821,114,104,10,10
6822,145,132,13,13
6823,81,88,-7,7
6824,41,44,-3,3
6825,88,105,-17,17
6826,108,113,-5,5
6827,104,104,0,0
6828,74,65,9,9
6829,111,111,0,0
6830,74,72,2,2
6831,82,80,2,2
6832,129,128,1,1
6833,75,82,-7,7
6834,137,130,7,7
6835,135,136,-1,1
6836,93,84,9,9
6837,73,87,-14,14
6838,125,128,-3,3
6839,110,124,-14,14
6840,147,164,-17,17
6841,86,95,-9,9
6842,96,93,3,3
6843,104,102,2,2
6844,110,116,-6,6
6845,80,75,5,5
6846,66,70,-4,4
6847,168,170,-2,2
6848,123,140,-17,17
6849,138,145,-7,7
6850,66,63,3,3
6851,66,61,5,5
6852,143,134,9,9
6853,88,78,10,10
6854,76,85,-9,9
6855,143,153,-10,10
6856,108,102,6,6
6857,74,71,3,3
6858,76,72,4,4
6859,59,63,-4,4
6860,87,83,4,4
6861,113,111,2,2
6862,57,58,-1,1
6863,56,64,-8,8
6864,102,96,6,6
6865,74,73,1,1
6866,89,93,-4,4
6867,75,81,-6,6
6868,128,133,-5,5
6869,106,114,-8,8
6870,92,87,5,5
6871,138,144,-6,6
6872,75,71,4,4
6873,103,102,1,1
6874,120,112,8,8
6875,136,128,8,8
6876,72,74,-2,2
6877,128,135,-7,7
6878,128,128,0,0
6879,150,148,2,2
6880,86,83,3,3
6881,85,82,3,3
6882,62,59,3,3
6883,76,74,2,2
6884,123,124,-1,1
6885,64,64,0,0
6886,116,121,-5,5
6887,62,64,-2,2
6888,81,80,1,1
6889,118,113,5,5
6890,117,119,-2,2
6891,123,113,10,10
6892,144,132,12,12
6893,109,109,0,0
6894,79,75,4,4
6895,97,104,-7,7
6896,87,79,8,8
6897,55,52,3,3
6898,65,65,0,0
6899,103,104,-1,1
6900,90,77,13,13
6901,87,82,5,5
6902,43,45,-2,2
6903,92,88,4,4
6904,147,156,-9,9
6905,106,101,5,5
6906,68,78,-10,10
6907,71,63,8,8
6908,97,98,-1,1
6909,93,98,-5,5
6910,69,85,-16,16
6911,92,99,-7,7
6912,77,84,-7,7
6913,132,128,4,4
6914,87,92,-5,5
6915,118,113,5,5
6916,58,56,2,2
6917,43,39,4,4
6918,80,90,-10,10
6919,118,110,8,8
6920,107,121,-14,14
6921,132,132,0,0
6922,86,91,-5,5
6923,114,110,4,4
6924,85,82,3,3
6925,66,68,-2,2
6926,65,64,1,1
6927,84,87,-3,3
6928,122,127,-5,5
6929,74,82,-8,8
6930,154,165,-11,11
6931,93,93,0,0
6932,40,65,-25,25
6933,88,83,5,5
6934,84,91,-7,7
6935,67,67,0,0
6936,113,117,-4,4
6937,110,113,-3,3
6938,217,192,25,25
6939,99,105,-6,6
6940,107,113,-6,6
6941,120,122,-2,2
6942,116,110,6,6
6943,70,82,-12,12
6944,86,83,3,3
6945,89,96,-7,7
6946,75,74,1,1
6947,72,71,1,1
6948,75,74,1,1
6949,55,62,-7,7
6950,196,200,-4,4
6951,114,108,6,6
6952,142,94,48,48
6953,76,80,-4,4
6954,71,63,8,8
6955,80,86,-6,6
6956,81,79,2,2
6957,106,97,9,9
6958,126,124,2,2
6959,114,118,-4,4
6960,90,88,2,2
6961,134,130,4,4
6962,112,113,-1,1
6963,86,87,-1,1
6964,109,120,-11,11
6965,98,110,-12,12
6966,123,126,-3,3
6967,48,39,9,9
6968,89,87,2,2
6969,141,145,-4,4
6970,122,123,-1,1
6971,65,81,-16,16
6972,163,159,4,4
6973,106,107,-1,1
6974,145,149,-4,4
6975,65,62,3,3
6976,111,94,17,17
6977,110,113,-3,3
6978,40,39,1,1
6979,77,78,-1,1
6980,81,77,4,4
6981,136,132,4,4
6982,124,133,-9,9
6983,107,114,-7,7
6984,83,83,0,0
6985,137,133,4,4
6986,93,98,-5,5
6987,95,95,0,0
6988,82,98,-16,16
6989,91,94,-3,3
6990,139,126,13,13
6991,49,50,-1,1
6992,36,39,-3,3
6993,76,66,10,10
6994,57,58,-1,1
6995,128,133,-5,5
6996,77,95,-18,18
6997,86,89,-3,3
6998,144,143,1,1
6999,72,74,-2,2
7000,48,50,-2,2
7001,86,81,5,5
7002,96,91,5,5
7003,67,65,2,2
7004,65,62,3,3
7005,132,121,11,11
7006,128,122,6,6
7007,115,111,4,4
7008,109,111,-2,2
7009,63,63,0,0
7010,55,61,-6,6
7011,119,101,18,18
7012,70,63,7,7
7013,125,118,7,7
7014,146,137,9,9
7015,84,83,1,1
7016,120,126,-6,6
7017,83,91,-8,8
7018,68,65,3,3
7019,106,99,7,7
7020,147,126,21,21
7021,81,79,2,2
7022,87,93,-6,6
7023,86,83,3,3
7024,67,71,-4,4
7025,100,93,7,7
7026,81,86,-5,5
7027,70,77,-7,7
7028,94,89,5,5
7029,123,114,9,9
7030,121,114,7,7
7031,71,71,0,0
7032,73,69,4,4
7033,79,77,2,2
7034,98,107,-9,9
7035,147,120,27,27
7036,86,85,1,1
7037,83,76,7,7
7038,117,112,5,5
7039,93,98,-5,5
7040,44,48,-4,4
7041,68,70,-2,2
7042,74,75,-1,1
7043,76,97,-21,21
7044,96,88,8,8
7045,80,67,13,13
7046,73,83,-10,10
7047,93,86,7,7
7048,48,55,-7,7
7049,85,85,0,0
7050,140,142,-2,2
7051,81,83,-2,2
7052,57,57,0,0
7053,93,89,4,4
7054,119,122,-3,3
7055,129,144,-15,15
7056,88,82,6,6
7057,101,98,3,3
7058,91,91,0,0
7059,59,54,5,5
7060,109,122,-13,13
7061,89,80,9,9
7062,101,94,7,7
7063,116,112,4,4
7064,86,90,-4,4
7065,113,113,0,0
7066,101,96,5,5
7067,110,115,-5,5
7068,115,147,-32,32
7069,137,149,-12,12
7070,64,71,-7,7
7071,133,127,6,6
7072,80,88,-8,8
7073,61,56,5,5
7074,116,123,-7,7
7075,154,152,2,2
7076,69,68,1,1
7077,123,128,-5,5
7078,63,65,-2,2
7079,99,120,-21,21
7080,52,49,3,3
7081,86,82,4,4
7082,79,78,1,1
7083,97,107,-10,10
7084,68,70,-2,2
7085,79,86,-7,7
7086,82,75,7,7
7087,66,61,5,5
7088,28,39,-11,11
7089,54,63,-9,9
7090,76,73,3,3
7091,74,85,-11,11
7092,97,101,-4,4
7093,82,82,0,0
7094,103,106,-3,3
7095,61,56,5,5
7096,69,60,9,9
7097,60,64,-4,4
7098,61,90,-29,29
7099,100,106,-6,6
7100,100,103,-3,3
7101,129,124,5,5
7102,184,174,10,10
7103,119,122,-3,3
7104,91,83,8,8
7105,99,107,-8,8
7106,100,99,1,1
7107,58,63,-5,5
7108,70,68,2,2
7109,76,85,-9,9
7110,77,78,-1,1
7111,70,65,5,5
7112,116,113,3,3
7113,149,150,-1,1
7114,124,130,-6,6
7115,139,117,22,22
7116,142,158,-16,16
7117,77,83,-6,6
7118,96,86,10,10
7119,215,193,22,22
7120,70,70,0,0
7121,118,123,-5,5
7122,89,90,-1,1
7123,106,100,6,6
7124,117,118,-1,1
7125,60,63,-3,3
7126,67,69,-2,2
7127,149,156,-7,7
7128,364,405,-41,41
7129,110,106,4,4
7130,106,98,8,8
7131,161,168,-7,7
7132,119,135,-16,16
7133,113,147,-34,34
7134,100,104,-4,4
7135,51,57,-6,6
7136,121,119,2,2
7137,108,111,-3,3
7138,107,109,-2,2
7139,62,60,2,2
7140,84,88,-4,4
7141,93,81,12,12
7142,143,147,-4,4
7143,136,132,4,4
7144,53,62,-9,9
7145,97,101,-4,4
7146,139,146,-7,7
7147,126,132,-6,6
7148,46,53,-7,7
7149,172,181,-9,9
7150,101,101,0,0
7151,89,90,-1,1
7152,118,112,6,6
7153,71,74,-3,3
7154,120,127,-7,7
7155,77,80,-3,3
7156,145,134,11,11
7157,45,39,6,6
7158,80,76,4,4
7159,58,61,-3,3
7160,117,112,5,5
7161,91,91,0,0
7162,192,189,3,3
7163,68,64,4,4
7164,71,61,10,10
7165,82,82,0,0
7166,84,85,-1,1
7167,70,78,-8,8
7168,47,53,-6,6
7169,95,89,6,6
7170,59,61,-2,2
7171,154,143,11,11
7172,131,125,6,6
7173,98,105,-7,7
7174,38,38,0,0
7175,86,93,-7,7
7176,55,58,-3,3
7177,40,39,1,1
7178,119,118,1,1
7179,247,218,29,29
7180,96,102,-6,6
7181,69,74,-5,5
7182,87,94,-7,7
7183,93,100,-7,7
7184,84,82,2,2
7185,127,136,-9,9
7186,106,104,2,2
7187,62,61,1,1
7188,84,88,-4,4
7189,48,55,-7,7
7190,116,125,-9,9
7191,83,78,5,5
7192,123,128,-5,5
7193,97,90,7,7
7194,119,108,11,11
7195,113,117,-4,4
7196,70,73,-3,3
7197,123,129,-6,6
7198,86,82,4,4
7199,49,55,-6,6
7200,113,114,-1,1
7201,100,99,1,1
7202,131,131,0,0
7203,93,94,-1,1
7204,92,83,9,9
7205,73,70,3,3
7206,61,61,0,0
7207,72,66,6,6
7208,91,89,2,2
7209,86,87,-1,1
7210,82,77,5,5
7211,179,186,-7,7
7212,121,110,11,11
7213,58,58,0,0
7214,83,75,8,8
7215,100,82,18,18
7216,84,80,4,4
7217,76,69,7,7
7218,83,73,10,10
7219,81,80,1,1
7220,119,120,-1,1
7221,160,156,4,4
7222,97,102,-5,5
7223,143,166,-23,23
7224,49,56,-7,7
7225,188,175,13,13
7226,79,83,-4,4
7227,62,63,-1,1
7228,71,66,5,5
7229,114,125,-11,11
7230,167,178,-11,11
7231,100,91,9,9
7232,90,81,9,9
7233,106,110,-4,4
7234,129,135,-6,6
7235,81,78,3,3
7236,52,53,-1,1
7237,86,83,3,3
7238,92,109,-17,17
7239,59,62,-3,3
7240,98,107,-9,9
7241,94,91,3,3
7242,173,174,-1,1
7243,82,94,-12,12
7244,121,121,0,0
7245,84,75,9,9
7246,44,38,6,6
7247,88,95,-7,7
7248,91,85,6,6
7249,97,93,4,4
7250,46,38,8,8
7251,114,110,4,4
7252,108,102,6,6
7253,66,62,4,4
7254,71,70,1,1
7255,76,75,1,1
7256,159,161,-2,2
7257,39,55,-16,16
7258,47,53,-6,6
7259,142,126,16,16
7260,124,135,-11,11
7261,109,113,-4,4
7262,110,114,-4,4
7263,59,54,5,5
7264,107,97,10,10
7265,59,54,5,5
7266,93,99,-6,6
7267,96,102,-6,6
7268,40,59,-19,19
7269,124,122,2,2
7270,90,74,16,16
7271,52,54,-2,2
7272,95,88,7,7
7273,81,82,-1,1
7274,171,160,11,11
7275,78,65,13,13
7276,97,88,9,9
7277,82,89,-7,7
7278,93,85,8,8
7279,106,111,-5,5
7280,129,119,10,10
7281,110,121,-11,11
7282,28,53,-25,25
7283,152,162,-10,10
7284,113,106,7,7
7285,62,59,3,3
7286,51,54,-3,3
7287,167,176,-9,9
7288,60,54,6,6
7289,176,174,2,2
7290,139,143,-4,4
7291,193,193,0,0
7292,78,84,-6,6
7293,76,70,6,6
7294,80,81,-1,1
7295,86,103,-17,17
7296,102,93,9,9
7297,51,38,13,13
7298,32,39,-7,7
7299,133,118,15,15
7300,160,151,9,9
7301,75,70,5,5
7302,84,76,8,8
7303,85,86,-1,1
7304,89,92,-3,3
7305,69,65,4,4
7306,113,112,1,1
7307,69,64,5,5
7308,76,81,-5,5
7309,56,76,-20,20
7310,86,77,9,9
7311,92,100,-8,8
7312,54,56,-2,2
7313,100,92,8,8
7314,37,39,-2,2
7315,140,142,-2,2
7316,57,72,-15,15
7317,83,89,-6,6
7318,75,66,9,9
7319,59,60,-1,1
7320,99,120,-21,21
7321,108,105,3,3
7322,93,99,-6,6
7323,78,83,-5,5
7324,166,171,-5,5
7325,81,82,-1,1
7326,80,78,2,2
7327,166,147,19,19
7328,56,55,1,1
7329,108,106,2,2
7330,88,90,-2,2
7331,124,135,-11,11
7332,71,73,-2,2
7333,111,101,10,10
7334,77,90,-13,13
7335,84,81,3,3
7336,85,85,0,0
7337,103,92,11,11
7338,67,76,-9,9
7339,128,121,7,7
7340,54,50,4,4
7341,98,94,4,4
7342,115,133,-18,18
7343,80,79,1,1
7344,66,61,5,5
7345,84,83,1,1
7346,179,179,0,0
7347,70,72,-2,2
7348,93,96,-3,3
7349,139,159,-20,20
7350,136,128,8,8
7351,173,179,-6,6
7352,112,104,8,8
7353,76,86,-10,10
7354,112,118,-6,6
7355,118,132,-14,14
7356,109,100,9,9
7357,101,107,-6,6
7358,105,98,7,7
7359,67,65,2,2
7360,131,126,5,5
7361,41,50,-9,9
7362,49,48,1,1
7363,113,114,-1,1
7364,137,143,-6,6
7365,96,104,-8,8
7366,68,65,3,3
7367,110,118,-8,8
7368,70,71,-1,1
7369,155,165,-10,10
7370,58,55,3,3
7371,140,155,-15,15
7372,119,124,-5,5
7373,67,68,-1,1
7374,79,83,-4,4
7375,68,67,1,1
7376,62,59,3,3
7377,48,53,-5,5
7378,104,108,-4,4
7379,67,75,-8,8
7380,63,66,-3,3
7381,70,66,4,4
7382,83,87,-4,4
7383,66,67,-1,1
7384,67,79,-12,12
7385,54,55,-1,1
7386,144,151,-7,7
7387,68,71,-3,3
7388,76,81,-5,5
7389,62,59,3,3
7390,147,138,9,9
7391,80,104,-24,24
7392,53,57,-4,4
7393,73,77,-4,4
7394,74,71,3,3
7395,63,67,-4,4
7396,111,111,0,0
7397,199,188,11,11
7398,90,87,3,3
7399,65,67,-2,2
7400,68,62,6,6
7401,81,83,-2,2
7402,95,93,2,2
7403,83,85,-2,2
7404,99,86,13,13
7405,64,73,-9,9
7406,70,71,-1,1
7407,62,55,7,7
7408,60,63,-3,3
7409,84,88,-4,4
7410,63,60,3,3
7411,91,100,-9,9
7412,53,67,-14,14
7413,114,111,3,3
7414,102,99,3,3
7415,80,67,13,13
7416,85,93,-8,8
7417,112,118,-6,6
7418,86,85,1,1
7419,61,66,-5,5
7420,118,113,5,5
7421,108,94,14,14
7422,179,165,14,14
7423,87,92,-5,5
7424,185,179,6,6
7425,91,88,3,3
7426,73,79,-6,6
7427,63,54,9,9
7428,159,148,11,11
7429,146,149,-3,3
7430,75,83,-8,8
7431,73,75,-2,2
7432,107,99,8,8
7433,93,90,3,3
7434,89,98,-9,9
7435,82,96,-14,14
7436,79,75,4,4
7437,50,52,-2,2
7438,69,72,-3,3
7439,89,91,-2,2
7440,145,151,-6,6
7441,84,91,-7,7
7442,115,124,-9,9
7443,103,125,-22,22
7444,90,98,-8,8
7445,57,54,3,3
7446,118,103,15,15
7447,99,104,-5,5
7448,124,118,6,6
7449,102,115,-13,13
7450,97,97,0,0
7451,64,62,2,2
7452,78,68,10,10
7453,121,125,-4,4
7454,163,160,3,3
7455,63,58,5,5
7456,53,56,-3,3
7457,71,67,4,4
7458,79,80,-1,1
7459,102,106,-4,4
7460,130,125,5,5
7461,114,113,1,1
7462,118,128,-10,10
7463,93,97,-4,4
7464,78,76,2,2
7465,87,88,-1,1
7466,107,100,7,7
7467,105,100,5,5
7468,135,126,9,9
7469,64,59,5,5
7470,80,72,8,8
7471,79,89,-10,10
7472,156,166,-10,10
7473,123,130,-7,7
7474,81,92,-11,11
7475,91,93,-2,2
7476,184,173,11,11
7477,62,68,-6,6
7478,76,84,-8,8
7479,112,109,3,3
7480,60,66,-6,6
7481,103,99,4,4
7482,83,86,-3,3
7483,69,68,1,1
7484,206,201,5,5
7485,78,84,-6,6
7486,82,70,12,12
7487,81,85,-4,4
7488,39,38,1,1
7489,109,115,-6,6
7490,32,60,-28,28
7491,65,73,-8,8
7492,88,86,2,2
7493,94,99,-5,5
7494,87,94,-7,7
7495,74,69,5,5
7496,88,84,4,4
7497,103,113,-10,10
7498,72,60,12,12
7499,83,85,-2,2
7500,197,215,-18,18
7501,41,46,-5,5
7502,76,75,1,1
7503,129,115,14,14
7504,40,59,-19,19
7505,136,143,-7,7
7506,62,59,3,3
7507,66,68,-2,2
7508,106,121,-15,15
7509,62,60,2,2
7510,109,102,7,7
7511,136,128,8,8
7512,100,96,4,4
7513,160,157,3,3
7514,105,104,1,1
7515,122,117,5,5
7516,98,102,-4,4
7517,78,76,2,2
7518,75,77,-2,2
7519,67,66,1,1
7520,56,57,-1,1
7521,60,58,2,2
7522,38,39,-1,1
7523,53,56,-3,3
7524,57,66,-9,9
7525,113,112,1,1
7526,83,77,6,6
7527,81,74,7,7
7528,136,140,-4,4
7529,78,69,9,9
7530,89,84,5,5
7531,86,87,-1,1
7532,68,70,-2,2
7533,156,160,-4,4
7534,85,82,3,3
7535,126,130,-4,4
7536,57,66,-9,9
7537,114,120,-6,6
7538,113,105,8,8
7539,75,83,-8,8
7540,130,124,6,6
7541,79,63,16,16
7542,112,107,5,5
7543,120,124,-4,4
7544,76,76,0,0
7545,86,80,6,6
7546,60,58,2,2
7547,52,56,-4,4
7548,80,72,8,8
7549,136,128,8,8
7550,71,75,-4,4
7551,152,157,-5,5
7552,59,65,-6,6
7553,88,81,7,7
7554,71,66,5,5
7555,71,65,6,6
7556,88,94,-6,6
7557,44,52,-8,8
7558,95,102,-7,7
7559,99,96,3,3
7560,74,83,-9,9
7561,148,141,7,7
7562,74,71,3,3
7563,103,93,10,10
7564,70,64,6,6
7565,128,118,10,10
7566,70,72,-2,2
7567,69,72,-3,3
7568,95,80,15,15
7569,125,128,-3,3
7570,87,91,-4,4
7571,130,134,-4,4
7572,105,118,-13,13
7573,96,91,5,5
7574,90,91,-1,1
7575,52,50,2,2
7576,77,91,-14,14
7577,143,140,3,3
7578,97,110,-13,13
7579,81,82,-1,1
7580,55,52,3,3
7581,122,130,-8,8
7582,59,58,1,1
7583,106,107,-1,1
7584,146,131,15,15
7585,62,60,2,2
7586,122,119,3,3
7587,166,162,4,4
7588,76,69,7,7
7589,82,90,-8,8
7590,114,113,1,1
7591,113,129,-16,16
7592,94,95,-1,1
7593,113,119,-6,6
7594,79,84,-5,5
7595,106,104,2,2
7596,123,126,-3,3
7597,118,114,4,4
7598,80,74,6,6
7599,94,93,1,1
7600,89,84,5,5
7601,64,56,8,8
7602,113,116,-3,3
7603,137,133,4,4
7604,53,107,-54,54
7605,133,135,-2,2
7606,65,66,-1,1
7607,78,86,-8,8
7608,40,38,2,2
7609,60,62,-2,2
7610,52,55,-3,3
7611,136,132,4,4
7612,155,159,-4,4
7613,94,99,-5,5
7614,75,78,-3,3
7615,36,39,-3,3
7616,132,129,3,3
7617,117,114,3,3
7618,136,151,-15,15
7619,141,127,14,14
7620,65,65,0,0
7621,96,82,14,14
7622,68,80,-12,12
7623,144,131,13,13
7624,148,148,0,0
7625,117,118,-1,1
7626,60,69,-9,9
7627,98,97,1,1
7628,114,112,2,2
7629,139,127,12,12
7630,109,102,7,7
7631,69,76,-7,7
7632,105,101,4,4
7633,116,105,11,11
7634,72,64,8,8
7635,74,79,-5,5
7636,102,110,-8,8
7637,62,51,11,11
7638,36,39,-3,3
7639,94,91,3,3
7640,78,79,-1,1
7641,150,140,10,10
7642,81,80,1,1
7643,154,160,-6,6
7644,115,123,-8,8
7645,44,53,-9,9
7646,88,94,-6,6
7647,80,78,2,2
7648,75,70,5,5
7649,58,54,4,4
7650,124,125,-1,1
7651,90,88,2,2
7652,117,108,9,9
7653,93,89,4,4
7654,133,133,0,0
7655,71,65,6,6
7656,82,85,-3,3
7657,66,66,0,0
7658,69,69,0,0
7659,112,106,6,6
7660,114,109,5,5
7661,81,67,14,14
7662,110,116,-6,6
7663,76,69,7,7
7664,97,101,-4,4
7665,83,83,0,0
7666,73,76,-3,3
7667,109,109,0,0
7668,67,63,4,4
7669,101,109,-8,8
7670,74,70,4,4
7671,122,122,0,0
7672,51,57,-6,6
7673,80,93,-13,13
7674,118,116,2,2
7675,87,82,5,5
7676,84,76,8,8
7677,135,132,3,3
7678,51,99,-48,48
7679,121,106,15,15
7680,60,57,3,3
7681,150,150,0,0
7682,41,39,2,2
7683,55,55,0,0
7684,149,132,17,17
7685,136,135,1,1
7686,121,108,13,13
7687,121,118,3,3
7688,50,60,-10,10
7689,61,58,3,3
7690,129,126,3,3
7691,83,98,-15,15
7692,83,100,-17,17
7693,77,71,6,6
7694,110,104,6,6
7695,110,96,14,14
7696,108,119,-11,11
7697,95,101,-6,6
7698,91,86,5,5
7699,99,93,6,6
7700,105,105,0,0
7701,104,133,-29,29
7702,82,86,-4,4
7703,68,71,-3,3
7704,77,77,0,0
7705,103,98,5,5
7706,87,87,0,0
7707,55,54,1,1
7708,94,93,1,1
7709,67,64,3,3
7710,75,93,-18,18
7711,137,141,-4,4
7712,69,69,0,0
7713,67,65,2,2
7714,77,90,-13,13
7715,68,70,-2,2
7716,117,117,0,0
7717,109,114,-5,5
7718,164,150,14,14
7719,102,118,-16,16
7720,77,86,-9,9
7721,71,88,-17,17
7722,71,74,-3,3
7723,146,132,14,14
7724,40,39,1,1
7725,121,115,6,6
7726,86,77,9,9
7727,99,96,3,3
7728,68,72,-4,4
7729,89,75,14,14
7730,71,75,-4,4
7731,72,71,1,1
7732,49,50,-1,1
7733,155,126,29,29
7734,145,151,-6,6
7735,102,108,-6,6
7736,131,132,-1,1
7737,101,87,14,14
7738,61,63,-2,2
7739,108,114,-6,6
7740,62,66,-4,4
7741,93,89,4,4
7742,84,83,1,1
7743,56,92,-36,36
7744,143,138,5,5
7745,145,141,4,4
7746,103,95,8,8
7747,88,89,-1,1
7748,96,96,0,0
7749,63,65,-2,2
7750,88,89,-1,1
7751,50,61,-11,11
7752,106,110,-4,4
7753,89,73,16,16
7754,101,111,-10,10
7755,134,128,6,6
7756,91,87,4,4
7757,134,147,-13,13
7758,79,84,-5,5
7759,161,159,2,2
7760,127,129,-2,2
7761,88,92,-4,4
7762,61,66,-5,5
7763,60,69,-9,9
7764,102,96,6,6
7765,140,149,-9,9
7766,69,71,-2,2
7767,101,115,-14,14
7768,175,178,-3,3
7769,129,149,-20,20
7770,115,115,0,0
7771,88,103,-15,15
7772,79,79,0,0
7773,102,106,-4,4
7774,43,39,4,4
7775,97,98,-1,1
7776,132,142,-10,10
7777,58,56,2,2
7778,89,96,-7,7
7779,90,95,-5,5
7780,98,107,-9,9
7781,102,104,-2,2
7782,88,89,-1,1
7783,106,106,0,0
7784,99,101,-2,2
7785,151,146,5,5
7786,111,97,14,14
7787,65,63,2,2
7788,71,72,-1,1
7789,79,95,-16,16
7790,65,62,3,3
7791,136,129,7,7
7792,151,160,-9,9
7793,108,109,-1,1
7794,121,115,6,6
7795,54,60,-6,6
7796,96,106,-10,10
7797,98,90,8,8
7798,62,64,-2,2
7799,78,83,-5,5
7800,97,101,-4,4
7801,80,75,5,5
7802,65,68,-3,3
7803,74,76,-2,2
7804,118,120,-2,2
7805,109,101,8,8
7806,99,98,1,1
7807,78,89,-11,11
7808,59,69,-10,10
7809,84,95,-11,11
7810,108,112,-4,4
7811,89,97,-8,8
7812,119,111,8,8
7813,182,172,10,10
7814,133,119,14,14
7815,90,98,-8,8
7816,144,161,-17,17
7817,109,106,3,3
7818,154,141,13,13
7819,54,54,0,0
7820,59,61,-2,2
7821,120,117,3,3
7822,113,124,-11,11
7823,90,87,3,3
7824,119,112,7,7
7825,72,72,0,0
7826,173,173,0,0
7827,252,247,5,5
7828,123,138,-15,15
7829,178,174,4,4
7830,207,197,10,10
7831,86,92,-6,6
7832,61,55,6,6
7833,82,90,-8,8
7834,77,76,1,1
7835,90,88,2,2
7836,85,104,-19,19
7837,133,150,-17,17
7838,67,68,-1,1
7839,71,78,-7,7
7840,118,130,-12,12
7841,168,177,-9,9
7842,101,107,-6,6
7843,126,118,8,8
7844,127,127,0,0
7845,197,191,6,6
7846,67,64,3,3
7847,59,56,3,3
7848,139,139,0,0
7849,84,86,-2,2
7850,75,77,-2,2
7851,124,124,0,0
7852,61,61,0,0
7853,78,77,1,1
7854,102,90,12,12
7855,50,38,12,12
7856,72,84,-12,12
7857,98,108,-10,10
7858,109,107,2,2
7859,97,91,6,6
7860,79,72,7,7
7861,73,71,2,2
7862,114,108,6,6
7863,118,117,1,1
7864,101,103,-2,2
7865,103,107,-4,4
7866,49,53,-4,4
7867,49,55,-6,6
7868,37,39,-2,2
7869,121,122,-1,1
7870,69,69,0,0
7871,126,131,-5,5
7872,91,88,3,3
7873,119,114,5,5
7874,105,104,1,1
7875,129,129,0,0
7876,83,79,4,4
7877,99,97,2,2
7878,106,113,-7,7
7879,67,62,5,5
7880,132,135,-3,3
7881,110,99,11,11
7882,72,66,6,6
7883,126,126,0,0
7884,129,148,-19,19
7885,74,72,2,2
7886,131,134,-3,3
7887,97,99,-2,2
7888,118,126,-8,8
7889,124,124,0,0
7890,66,71,-5,5
7891,99,116,-17,17
7892,93,91,2,2
7893,169,174,-5,5
7894,109,119,-10,10
7895,194,183,11,11
7896,131,124,7,7
7897,67,68,-1,1
7898,102,102,0,0
7899,126,124,2,2
7900,166,178,-12,12
7901,52,58,-6,6
7902,129,146,-17,17
7903,175,177,-2,2
7904,77,70,7,7
7905,52,48,4,4
7906,73,66,7,7
7907,97,101,-4,4
7908,49,50,-1,1
7909,112,110,2,2
7910,108,116,-8,8
7911,91,84,7,7
7912,84,109,-25,25
7913,35,38,-3,3
7914,182,197,-15,15
7915,61,60,1,1
7916,61,55,6,6
7917,79,80,-1,1
7918,55,57,-2,2
7919,64,64,0,0
7920,142,136,6,6
7921,66,63,3,3
7922,74,82,-8,8
7923,150,146,4,4
7924,99,98,1,1
7925,106,114,-8,8
7926,72,79,-7,7
7927,121,120,1,1
7928,114,116,-2,2
7929,75,71,4,4
7930,65,70,-5,5
7931,116,118,-2,2
7932,99,97,2,2
7933,199,199,0,0
7934,60,58,2,2
7935,67,63,4,4
7936,81,79,2,2
7937,178,141,37,37
7938,70,77,-7,7
7939,131,122,9,9
7940,149,142,7,7
7941,70,68,2,2
7942,97,108,-11,11
7943,104,90,14,14
7944,73,73,0,0
7945,74,84,-10,10
7946,87,100,-13,13
7947,112,114,-2,2
7948,126,121,5,5
7949,86,107,-21,21
7950,134,132,2,2
7951,117,99,18,18
7952,61,60,1,1
7953,71,82,-11,11
7954,80,90,-10,10
7955,63,62,1,1
7956,70,65,5,5
7957,63,75,-12,12
7958,46,52,-6,6
7959,59,62,-3,3
7960,89,89,0,0
7961,134,131,3,3
7962,113,115,-2,2
7963,73,88,-15,15
7964,122,116,6,6
7965,59,60,-1,1
7966,142,153,-11,11
7967,175,179,-4,4
7968,61,53,8,8
7969,142,159,-17,17
7970,68,58,10,10
7971,51,54,-3,3
7972,94,101,-7,7
7973,104,100,4,4
7974,85,85,0,0
7975,155,165,-10,10
7976,157,176,-19,19
7977,115,112,3,3
7978,94,100,-6,6
7979,86,96,-10,10
7980,115,125,-10,10
7981,85,84,1,1
7982,106,105,1,1
7983,64,63,1,1
7984,38,76,-38,38
7985,51,53,-2,2
7986,106,107,-1,1
7987,101,108,-7,7
7988,46,52,-6,6
7989,85,80,5,5
7990,104,106,-2,2
7991,95,99,-4,4
7992,130,129,1,1
7993,151,147,4,4
7994,57,56,1,1
7995,93,100,-7,7
7996,69,64,5,5
7997,39,39,0,0
7998,76,82,-6,6
7999,84,77,7,7
8000,41,39,2,2
8001,45,52,-7,7
8002,68,69,-1,1
8003,82,81,1,1
8004,68,70,-2,2
8005,73,66,7,7
8006,49,74,-25,25
8007,93,91,2,2
8008,75,71,4,4
8009,85,77,8,8
8010,103,105,-2,2
8011,129,128,1,1
8012,116,121,-5,5
8013,77,75,2,2
8014,83,83,0,0
8015,104,94,10,10
8016,124,114,10,10
8017,89,88,1,1
8018,88,103,-15,15
8019,49,61,-12,12
8020,104,110,-6,6
8021,107,104,3,3
8022,125,128,-3,3
8023,57,64,-7,7
8024,104,99,5,5
8025,51,66,-15,15
8026,86,82,4,4
8027,96,99,-3,3
8028,190,196,-6,6
8029,84,88,-4,4
8030,105,109,-4,4
8031,94,91,3,3
8032,74,70,4,4
8033,100,93,7,7
8034,126,122,4,4
8035,73,72,1,1
8036,83,89,-6,6
8037,141,135,6,6
8038,124,127,-3,3
8039,79,87,-8,8
8040,135,133,2,2
8041,81,72,9,9
8042,137,140,-3,3
8043,75,78,-3,3
8044,54,67,-13,13
8045,102,105,-3,3
8046,157,143,14,14
8047,93,94,-1,1
8048,155,143,12,12
8049,71,66,5,5
8050,109,106,3,3
8051,60,63,-3,3
8052,57,68,-11,11
8053,113,114,-1,1
8054,130,135,-5,5
8055,71,82,-11,11
8056,92,87,5,5
8057,148,129,19,19
8058,117,106,11,11
8059,68,69,-1,1
8060,161,155,6,6
8061,85,84,1,1
8062,65,59,6,6
8063,43,38,5,5
8064,102,101,1,1
8065,69,62,7,7
8066,185,192,-7,7
8067,133,135,-2,2
8068,104,102,2,2
8069,105,107,-2,2
8070,120,118,2,2
8071,85,85,0,0
8072,73,62,11,11
8073,158,172,-14,14
8074,76,72,4,4
8075,87,75,12,12
8076,148,135,13,13
8077,85,88,-3,3
8078,98,86,12,12
8079,66,71,-5,5
8080,100,102,-2,2
8081,110,112,-2,2
8082,86,90,-4,4
8083,119,127,-8,8
8084,75,72,3,3
8085,110,129,-19,19
8086,69,73,-4,4
8087,127,113,14,14
8088,98,94,4,4
8089,116,125,-9,9
8090,65,66,-1,1
8091,94,96,-2,2
8092,58,56,2,2
8093,68,88,-20,20
8094,118,116,2,2
8095,27,40,-13,13
8096,74,67,7,7
8097,81,86,-5,5
8098,98,93,5,5
8099,56,61,-5,5
8100,101,101,0,0
8101,128,123,5,5
8102,104,109,-5,5
8103,69,73,-4,4
8104,130,117,13,13
8105,121,125,-4,4
8106,42,89,-47,47
8107,89,98,-9,9
8108,71,64,7,7
8109,129,121,8,8
8110,59,64,-5,5
8111,101,105,-4,4
8112,102,106,-4,4
8113,109,117,-8,8
8114,94,91,3,3
8115,108,116,-8,8
8116,102,96,6,6
8117,89,93,-4,4
8118,121,127,-6,6
8119,122,134,-12,12
8120,67,74,-7,7
8121,51,61,-10,10
8122,89,87,2,2
8123,88,95,-7,7
8124,131,112,19,19
8125,103,104,-1,1
8126,151,181,-30,30
8127,134,147,-13,13
8128,108,111,-3,3
8129,92,91,1,1
8130,65,60,5,5
8131,81,81,0,0
8132,68,79,-11,11
8133,91,89,2,2
8134,114,108,6,6
8135,48,59,-11,11
8136,102,109,-7,7
8137,149,153,-4,4
8138,108,110,-2,2
8139,60,58,2,2
8140,103,109,-6,6
8141,65,69,-4,4
8142,119,125,-6,6
8143,104,112,-8,8
8144,64,57,7,7
8145,48,52,-4,4
8146,55,53,2,2
8147,75,79,-4,4
8148,44,57,-13,13
8149,73,82,-9,9
8150,54,55,-1,1
8151,54,59,-5,5
8152,52,56,-4,4
8153,95,88,7,7
8154,66,71,-5,5
8155,85,99,-14,14
8156,75,65,10,10
8157,95,105,-10,10
8158,95,89,6,6
8159,36,38,-2,2
8160,79,84,-5,5
8161,123,125,-2,2
8162,81,72,9,9
8163,176,162,14,14
8164,60,53,7,7
8165,61,72,-11,11
8166,140,129,11,11
8167,127,125,2,2
8168,96,98,-2,2
8169,99,90,9,9
8170,108,101,7,7
8171,58,59,-1,1
8172,51,60,-9,9
8173,95,92,3,3
8174,58,69,-11,11
8175,76,72,4,4
8176,116,111,5,5
8177,108,100,8,8
8178,168,160,8,8
8179,27,38,-11,11
8180,145,133,12,12
8181,53,56,-3,3
8182,67,65,2,2
8183,92,91,1,1
8184,78,73,5,5
8185,113,117,-4,4
8186,141,148,-7,7
8187,136,127,9,9
8188,103,108,-5,5
8189,86,90,-4,4
8190,195,209,-14,14
8191,75,70,5,5
8192,63,64,-1,1
8193,66,66,0,0
8194,127,130,-3,3
8195,122,114,8,8
8196,54,102,-48,48
8197,101,105,-4,4
8198,93,80,13,13
8199,64,66,-2,2
8200,108,111,-3,3
8201,111,108,3,3
8202,77,66,11,11
8203,154,157,-3,3
8204,94,85,9,9
8205,84,83,1,1
8206,76,89,-13,13
8207,87,84,3,3
8208,126,115,11,11
8209,82,80,2,2
8210,82,87,-5,5
8211,80,79,1,1
8212,126,130,-4,4
8213,64,64,0,0
8214,142,130,12,12
8215,143,142,1,1
8216,127,143,-16,16
8217,76,83,-7,7
8218,57,73,-16,16
8219,109,99,10,10
8220,141,142,-1,1
8221,129,122,7,7
8222,114,108,6,6
8223,83,84,-1,1
8224,149,151,-2,2
8225,47,55,-8,8
8226,88,91,-3,3
8227,88,86,2,2
8228,105,106,-1,1
8229,93,105,-12,12
8230,109,93,16,16
8231,87,83,4,4
8232,43,39,4,4
8233,81,75,6,6
8234,101,82,19,19
8235,80,68,12,12
8236,112,113,-1,1
8237,92,99,-7,7
8238,102,100,2,2
8239,71,68,3,3
8240,166,162,4,4
8241,98,91,7,7
8242,129,118,11,11
8243,79,88,-9,9
8244,109,105,4,4
8245,145,140,5,5
8246,166,162,4,4
8247,76,82,-6,6
8248,46,44,2,2
8249,113,110,3,3
8250,75,85,-10,10
8251,86,73,13,13
8252,76,76,0,0
8253,88,93,-5,5
8254,67,74,-7,7
8255,100,97,3,3
8256,71,78,-7,7
8257,59,61,-2,2
8258,181,181,0,0
8259,56,56,0,0
8260,114,98,16,16
8261,92,96,-4,4
8262,100,101,-1,1
8263,75,93,-18,18
8264,188,181,7,7
8265,51,50,1,1
8266,84,95,-11,11
8267,171,192,-21,21
8268,66,60,6,6
8269,92,88,4,4
8270,122,125,-3,3
8271,40,54,-14,14
8272,87,88,-1,1
8273,122,123,-1,1
8274,98,91,7,7
8275,96,97,-1,1
8276,120,116,4,4
8277,82,86,-4,4
8278,88,84,4,4
8279,60,63,-3,3
8280,83,82,1,1
8281,81,68,13,13
8282,151,155,-4,4
8283,187,188,-1,1
8284,98,112,-14,14
8285,95,89,6,6
8286,77,75,2,2
8287,144,146,-2,2
8288,81,84,-3,3
8289,91,97,-6,6
8290,149,154,-5,5
8291,99,118,-19,19
8292,96,86,10,10
8293,129,134,-5,5
8294,63,61,2,2
8295,86,79,7,7
8296,64,67,-3,3
8297,74,63,11,11
8298,93,95,-2,2
8299,85,82,3,3
8300,248,230,18,18
8301,91,92,-1,1
8302,58,59,-1,1
8303,93,84,9,9
8304,93,97,-4,4
8305,55,57,-2,2
8306,102,106,-4,4
8307,107,99,8,8
8308,79,83,-4,4
8309,84,82,2,2
8310,95,95,0,0
8311,110,109,1,1
8312,80,76,4,4
8313,44,37,7,7
8314,96,93,3,3
8315,59,63,-4,4
8316,109,111,-2,2
8317,198,203,-5,5
8318,81,92,-11,11
8319,119,117,2,2
8320,106,110,-4,4
8321,114,104,10,10
8322,51,57,-6,6
8323,110,113,-3,3
8324,112,116,-4,4
8325,99,102,-3,3
8326,80,74,6,6
8327,59,67,-8,8
8328,110,116,-6,6
8329,125,114,11,11
8330,137,126,11,11
8331,73,76,-3,3
8332,190,191,-1,1
8333,137,146,-9,9
8334,46,39,7,7
8335,124,131,-7,7
8336,87,83,4,4
8337,114,102,12,12
8338,83,83,0,0
8339,85,87,-2,2
8340,142,162,-20,20
8341,108,99,9,9
8342,129,131,-2,2
8343,107,98,9,9
8344,109,113,-4,4
8345,144,136,8,8
8346,76,77,-1,1
8347,38,55,-17,17
8348,157,163,-6,6
8349,55,55,0,0
8350,99,106,-7,7
8351,153,146,7,7
8352,74,69,5,5
8353,74,73,1,1
8354,78,73,5,5
8355,74,85,-11,11
8356,94,96,-2,2
8357,112,101,11,11
8358,141,152,-11,11
8359,82,76,6,6
8360,160,167,-7,7
8361,103,104,-1,1
8362,110,109,1,1
8363,42,38,4,4
8364,69,69,0,0
8365,59,54,5,5
8366,98,95,3,3
8367,75,70,5,5
8368,58,57,1,1
8369,74,66,8,8
8370,108,112,-4,4
8371,66,75,-9,9
8372,105,101,4,4
8373,46,58,-12,12
8374,55,54,1,1
8375,71,67,4,4
8376,115,116,-1,1
8377,88,80,8,8
8378,47,39,8,8
8379,174,170,4,4
8380,94,88,6,6
8381,74,76,-2,2
8382,84,82,2,2
8383,85,78,7,7
8384,65,57,8,8
8385,39,39,0,0
8386,118,110,8,8
8387,101,96,5,5
8388,78,83,-5,5
8389,97,113,-16,16
8390,104,101,3,3
8391,98,94,4,4
8392,81,97,-16,16
8393,112,112,0,0
8394,98,97,1,1
8395,96,103,-7,7
8396,53,43,10,10
8397,67,82,-15,15
8398,70,73,-3,3
8399,114,104,10,10
8400,104,110,-6,6
8401,65,68,-3,3
8402,80,78,2,2
8403,96,85,11,11
8404,70,66,4,4
8405,105,105,0,0
8406,100,89,11,11
8407,160,149,11,11
8408,91,101,-10,10
8409,100,103,-3,3
8410,119,102,17,17
8411,65,67,-2,2
8412,99,105,-6,6
8413,172,146,26,26
8414,83,78,5,5
8415,85,78,7,7
8416,69,63,6,6
8417,59,63,-4,4
8418,93,97,-4,4
8419,81,83,-2,2
8420,75,76,-1,1
8421,62,59,3,3
8422,115,107,8,8
8423,107,148,-41,41
8424,105,105,0,0
8425,51,53,-2,2
8426,76,83,-7,7
8427,88,92,-4,4
8428,145,144,1,1
8429,114,119,-5,5
8430,38,38,0,0
8431,133,130,3,3
8432,74,72,2,2
8433,119,119,0,0
8434,96,92,4,4
8435,143,132,11,11
8436,60,60,0,0
8437,130,122,8,8
8438,120,112,8,8
8439,122,144,-22,22
8440,113,111,2,2
8441,68,76,-8,8
8442,98,95,3,3
8443,143,129,14,14
8444,77,70,7,7
8445,92,97,-5,5
8446,61,58,3,3
8447,74,80,-6,6
8448,94,84,10,10
8449,102,99,3,3
8450,118,112,6,6
8451,119,119,0,0
8452,193,189,4,4
8453,95,96,-1,1
8454,89,92,-3,3
8455,129,127,2,2
8456,124,118,6,6
8457,84,78,6,6
8458,76,79,-3,3
8459,55,55,0,0
8460,143,140,3,3
8461,134,122,12,12
8462,88,92,-4,4
8463,132,137,-5,5
8464,114,101,13,13
8465,71,68,3,3
8466,79,70,9,9
8467,101,99,2,2
8468,134,140,-6,6
8469,61,37,24,24
8470,81,77,4,4
8471,107,114,-7,7
8472,86,84,2,2
8473,83,83,0,0
8474,94,96,-2,2
8475,102,107,-5,5
8476,110,132,-22,22
8477,137,144,-7,7
8478,56,69,-13,13
8479,134,125,9,9
8480,80,88,-8,8
8481,46,51,-5,5
8482,111,112,-1,1
8483,112,106,6,6
8484,121,122,-1,1
8485,113,114,-1,1
8486,91,99,-8,8
8487,47,54,-7,7
8488,65,64,1,1
8489,56,70,-14,14
8490,83,88,-5,5
8491,85,94,-9,9
8492,102,97,5,5
8493,80,86,-6,6
8494,110,108,2,2
8495,141,148,-7,7
8496,90,97,-7,7
8497,73,69,4,4
8498,60,58,2,2
8499,178,154,24,24
8500,124,136,-12,12
8501,108,99,9,9
8502,100,97,3,3
8503,78,79,-1,1
8504,115,125,-10,10
8505,127,136,-9,9
8506,47,39,8,8
8507,58,59,-1,1
8508,151,141,10,10
8509,104,96,8,8
8510,56,63,-7,7
8511,79,91,-12,12
8512,67,67,0,0
8513,109,113,-4,4
8514,83,70,13,13
8515,101,80,21,21
8516,78,85,-7,7
8517,101,134,-33,33
8518,64,70,-6,6
8519,69,66,3,3
8520,81,80,1,1
8521,185,185,0,0
8522,89,82,7,7
8523,137,122,15,15
8524,98,94,4,4
8525,185,180,5,5
8526,62,64,-2,2
8527,135,134,1,1
8528,140,135,5,5
8529,166,180,-14,14
8530,68,70,-2,2
8531,100,110,-10,10
8532,122,137,-15,15
8533,105,106,-1,1
8534,129,130,-1,1
8535,117,119,-2,2
8536,74,80,-6,6
8537,91,90,1,1
8538,96,96,0,0
8539,96,98,-2,2
8540,76,86,-10,10
8541,106,99,7,7
8542,71,66,5,5
8543,43,39,4,4
8544,88,85,3,3
8545,79,91,-12,12
8546,104,98,6,6
8547,82,83,-1,1
8548,112,116,-4,4
8549,104,107,-3,3
8550,55,54,1,1
8551,90,91,-1,1
8552,47,60,-13,13
8553,111,100,11,11
8554,127,125,2,2
8555,67,72,-5,5
8556,163,155,8,8
8557,154,161,-7,7
8558,63,64,-1,1
8559,50,54,-4,4
8560,56,66,-10,10
8561,104,113,-9,9
8562,80,86,-6,6
8563,83,76,7,7
8564,64,66,-2,2
8565,55,55,0,0
8566,84,72,12,12
8567,130,127,3,3
8568,85,88,-3,3
8569,109,110,-1,1
8570,153,140,13,13
8571,104,104,0,0
8572,129,126,3,3
8573,106,100,6,6
8574,173,182,-9,9
8575,93,93,0,0
8576,93,89,4,4
8577,99,96,3,3
8578,66,67,-1,1
8579,98,95,3,3
8580,110,142,-32,32
8581,50,60,-10,10
8582,104,104,0,0
8583,110,106,4,4
8584,60,71,-11,11
8585,102,98,4,4
8586,87,82,5,5
8587,133,135,-2,2
8588,133,135,-2,2
8589,122,108,14,14
8590,92,88,4,4
8591,139,140,-1,1
8592,52,52,0,0
8593,83,99,-16,16
8594,91,89,2,2
8595,65,65,0,0
8596,113,117,-4,4
8597,77,83,-6,6
8598,161,151,10,10
8599,92,94,-2,2
8600,180,163,17,17
8601,77,73,4,4
8602,109,108,1,1
8603,81,86,-5,5
8604,98,105,-7,7
8605,54,53,1,1
8606,126,125,1,1
8607,91,94,-3,3
8608,77,81,-4,4
8609,124,122,2,2
8610,78,84,-6,6
8611,189,168,21,21
8612,80,80,0,0
8613,159,146,13,13
8614,73,78,-5,5
8615,90,99,-9,9
8616,62,59,3,3
8617,90,90,0,0
8618,134,146,-12,12
8619,121,104,17,17
8620,87,84,3,3
8621,59,57,2,2
8622,89,102,-13,13
8623,105,109,-4,4
8624,97,91,6,6
8625,110,104,6,6
8626,141,128,13,13
8627,85,88,-3,3
8628,132,134,-2,2
8629,89,87,2,2
8630,75,80,-5,5
8631,81,75,6,6
8632,77,63,14,14
8633,104,102,2,2
8634,132,148,-16,16
8635,136,127,9,9
8636,82,84,-2,2
8637,85,92,-7,7
8638,76,78,-2,2
8639,109,130,-21,21
8640,51,57,-6,6
8641,85,93,-8,8
8642,58,59,-1,1
8643,161,167,-6,6
8644,85,89,-4,4
8645,61,53,8,8
8646,82,85,-3,3
8647,114,120,-6,6
8648,113,112,1,1
8649,82,82,0,0
8650,128,124,4,4
8651,113,117,-4,4
8652,61,68,-7,7
8653,85,77,8,8
8654,112,109,3,3
8655,76,73,3,3
8656,89,88,1,1
8657,142,135,7,7
8658,81,80,1,1
8659,143,138,5,5
8660,94,93,1,1
8661,134,111,23,23
8662,59,54,5,5
8663,55,61,-6,6
8664,75,82,-7,7
8665,87,93,-6,6
8666,69,57,12,12
8667,104,103,1,1
8668,57,51,6,6
8669,68,63,5,5
8670,169,165,4,4
8671,114,125,-11,11
8672,92,90,2,2
8673,97,88,9,9
8674,121,120,1,1
8675,89,77,12,12
8676,116,121,-5,5
8677,93,102,-9,9
8678,116,107,9,9
8679,125,129,-4,4
8680,82,107,-25,25
8681,50,48,2,2
8682,46,62,-16,16
8683,45,43,2,2
8684,120,125,-5,5
8685,93,90,3,3
8686,102,104,-2,2
8687,126,126,0,0
8688,108,131,-23,23
8689,110,110,0,0
8690,101,97,4,4
8691,73,74,-1,1
8692,58,57,1,1
8693,113,108,5,5
8694,136,147,-11,11
8695,64,64,0,0
8696,125,172,-47,47
8697,88,80,8,8
8698,92,89,3,3
8699,106,104,2,2
8700,90,108,-18,18
8701,85,83,2,2
8702,80,77,3,3
8703,110,106,4,4
8704,80,82,-2,2
8705,117,111,6,6
8706,47,59,-12,12
8707,112,108,4,4
8708,84,87,-3,3
8709,116,114,2,2
8710,61,65,-4,4
8711,82,77,5,5
8712,164,146,18,18
8713,125,125,0,0
8714,80,83,-3,3
8715,66,65,1,1
8716,61,65,-4,4
8717,82,105,-23,23
8718,81,86,-5,5
8719,143,131,12,12
8720,145,130,15,15
8721,75,67,8,8
8722,60,82,-22,22
8723,86,92,-6,6
8724,99,105,-6,6
8725,112,112,0,0
8726,98,95,3,3
8727,96,95,1,1
8728,64,68,-4,4
8729,62,60,2,2
8730,123,132,-9,9
8731,83,87,-4,4
8732,101,102,-1,1
8733,27,40,-13,13
8734,167,165,2,2
8735,149,155,-6,6
8736,94,92,2,2
8737,155,154,1,1
8738,39,39,0,0
8739,62,61,1,1
8740,81,72,9,9
8741,58,57,1,1
8742,74,84,-10,10
8743,139,139,0,0
8744,74,73,1,1
8745,84,92,-8,8
8746,155,126,29,29
8747,114,115,-1,1
8748,152,230,-78,78
8749,104,95,9,9
8750,92,102,-10,10
8751,55,63,-8,8
8752,91,89,2,2
8753,90,83,7,7
8754,86,85,1,1
8755,76,89,-13,13
8756,86,93,-7,7
8757,49,38,11,11
8758,105,108,-3,3
8759,67,66,1,1
8760,96,126,-30,30
8761,105,107,-2,2
8762,98,83,15,15
8763,114,115,-1,1
8764,114,122,-8,8
8765,103,116,-13,13
8766,128,125,3,3
8767,110,100,10,10
8768,89,77,12,12
8769,67,61,6,6
8770,136,130,6,6
8771,154,148,6,6
8772,62,73,-11,11
8773,109,111,-2,2
8774,91,92,-1,1
8775,63,60,3,3
8776,172,171,1,1
8777,93,86,7,7
8778,81,76,5,5
8779,87,92,-5,5
8780,49,66,-17,17
8781,157,166,-9,9
8782,87,86,1,1
8783,61,84,-23,23
8784,60,58,2,2
8785,129,128,1,1
8786,75,76,-1,1
8787,86,93,-7,7
8788,37,38,-1,1
8789,110,111,-1,1
8790,124,118,6,6
8791,65,70,-5,5
8792,148,161,-13,13
8793,73,85,-12,12
8794,105,114,-9,9
8795,70,76,-6,6
8796,63,70,-7,7
8797,71,67,4,4
8798,71,74,-3,3
8799,68,69,-1,1
8800,96,89,7,7
8801,87,85,2,2
8802,88,90,-2,2
8803,69,65,4,4
8804,83,87,-4,4
8805,72,81,-9,9
8806,98,104,-6,6
8807,126,125,1,1
8808,45,54,-9,9
8809,52,50,2,2
8810,103,109,-6,6
8811,77,71,6,6
8812,83,78,5,5
8813,73,64,9,9
8814,108,106,2,2
8815,73,78,-5,5
8816,80,82,-2,2
8817,57,56,1,1
8818,63,63,0,0
8819,24,38,-14,14
8820,89,76,13,13
8821,61,63,-2,2
8822,97,98,-1,1
8823,85,87,-2,2
8824,143,148,-5,5
8825,129,124,5,5
8826,75,85,-10,10
8827,71,74,-3,3
8828,92,89,3,3
8829,72,66,6,6
8830,91,83,8,8
8831,83,75,8,8
8832,75,87,-12,12
8833,66,66,0,0
8834,43,48,-5,5
8835,127,127,0,0
8836,125,135,-10,10
8837,44,39,5,5
8838,51,58,-7,7
8839,54,54,0,0
8840,203,247,-44,44
8841,127,122,5,5
8842,102,99,3,3
8843,81,76,5,5
8844,69,62,7,7
8845,121,121,0,0
8846,85,78,7,7
8847,125,117,8,8
8848,138,129,9,9
8849,191,174,17,17
8850,92,100,-8,8
8851,94,91,3,3
8852,128,130,-2,2
8853,35,42,-7,7
8854,104,104,0,0
8855,86,82,4,4
8856,132,127,5,5
8857,89,89,0,0
8858,48,51,-3,3
8859,75,66,9,9
8860,80,66,14,14
8861,100,94,6,6
8862,115,115,0,0
8863,135,133,2,2
8864,88,93,-5,5
8865,108,108,0,0
8866,141,150,-9,9
8867,81,82,-1,1
8868,147,150,-3,3
8869,94,90,4,4
8870,86,86,0,0
8871,125,124,1,1
8872,62,63,-1,1
8873,82,88,-6,6
8874,123,118,5,5
8875,80,78,2,2
8876,108,102,6,6
8877,91,80,11,11
8878,124,124,0,0
8879,93,107,-14,14
8880,141,165,-24,24
8881,97,73,24,24
8882,177,172,5,5
8883,80,84,-4,4
8884,133,159,-26,26
8885,98,108,-10,10
8886,104,96,8,8
8887,64,64,0,0
8888,170,164,6,6
8889,91,95,-4,4
8890,98,98,0,0
8891,125,119,6,6
8892,65,68,-3,3
8893,86,89,-3,3
8894,75,65,10,10
8895,72,74,-2,2
8896,53,70,-17,17
8897,93,85,8,8
8898,69,68,1,1
8899,95,87,8,8
8900,76,77,-1,1
8901,73,71,2,2
8902,56,54,2,2
8903,92,92,0,0
8904,43,51,-8,8
8905,60,59,1,1
8906,74,83,-9,9
8907,85,91,-6,6
8908,91,92,-1,1
8909,92,89,3,3
8910,91,89,2,2
8911,60,66,-6,6
8912,142,154,-12,12
8913,127,137,-10,10
8914,87,90,-3,3
8915,130,133,-3,3
8916,104,102,2,2
8917,62,58,4,4
8918,125,131,-6,6
8919,96,186,-90,90
8920,170,151,19,19
8921,103,123,-20,20
8922,185,179,6,6
8923,80,77,3,3
8924,56,62,-6,6
8925,105,122,-17,17
8926,63,63,0,0
8927,88,91,-3,3
8928,79,84,-5,5
8929,60,75,-15,15
8930,84,86,-2,2
8931,123,132,-9,9
8932,107,104,3,3
8933,94,97,-3,3
8934,70,74,-4,4
8935,141,126,15,15
8936,56,50,6,6
8937,166,171,-5,5
8938,120,106,14,14
8939,137,127,10,10
8940,88,94,-6,6
8941,127,103,24,24
8942,157,155,2,2
8943,130,139,-9,9
8944,106,113,-7,7
8945,131,136,-5,5
8946,54,56,-2,2
8947,132,130,2,2
8948,80,76,4,4
8949,81,89,-8,8
8950,128,114,14,14
8951,36,37,-1,1
8952,106,110,-4,4
8953,85,86,-1,1
8954,64,67,-3,3
8955,81,83,-2,2
8956,120,119,1,1
8957,130,123,7,7
8958,99,91,8,8
8959,70,65,5,5
8960,78,70,8,8
8961,112,114,-2,2
8962,82,83,-1,1
8963,184,168,16,16
8964,129,140,-11,11
8965,111,106,5,5
8966,99,109,-10,10
8967,51,58,-7,7
8968,102,99,3,3
8969,66,68,-2,2
8970,74,77,-3,3
8971,129,134,-5,5
8972,54,59,-5,5
8973,117,137,-20,20
8974,120,119,1,1
8975,73,81,-8,8
8976,177,176,1,1
8977,157,158,-1,1
8978,77,78,-1,1
8979,55,59,-4,4
8980,132,125,7,7
8981,180,171,9,9
8982,72,68,4,4
8983,88,96,-8,8
8984,71,74,-3,3
8985,85,82,3,3
8986,51,49,2,2
8987,61,66,-5,5
8988,76,71,5,5
8989,90,93,-3,3
8990,64,70,-6,6
8991,67,86,-19,19
8992,95,94,1,1
8993,46,48,-2,2
8994,92,84,8,8
8995,121,143,-22,22
8996,93,95,-2,2
8997,92,98,-6,6
8998,52,52,0,0
8999,112,124,-12,12
9000,66,107,-41,41
9001,76,73,3,3
9002,157,154,3,3
9003,75,73,2,2
9004,68,69,-1,1
9005,64,66,-2,2
9006,135,126,9,9
9007,107,106,1,1
9008,79,90,-11,11
9009,82,82,0,0
9010,101,92,9,9
9011,142,171,-29,29
9012,108,108,0,0
9013,93,97,-4,4
9014,111,120,-9,9
9015,111,107,4,4
9016,101,92,9,9
9017,67,64,3,3
9018,58,56,2,2
9019,117,112,5,5
9020,100,98,2,2
9021,96,92,4,4
9022,106,107,-1,1
9023,82,84,-2,2
9024,57,58,-1,1
9025,95,87,8,8
9026,92,88,4,4
9027,78,78,0,0
9028,85,82,3,3
9029,46,38,8,8
9030,60,64,-4,4
9031,68,73,-5,5
9032,90,91,-1,1
9033,106,109,-3,3
9034,72,71,1,1
9035,91,89,2,2
9036,142,144,-2,2
9037,63,57,6,6
9038,55,54,1,1
9039,112,110,2,2
9040,165,177,-12,12
9041,80,78,2,2
9042,58,53,5,5
9043,96,104,-8,8
9044,69,67,2,2
9045,85,100,-15,15
9046,74,79,-5,5
9047,148,143,5,5
9048,61,58,3,3
9049,114,120,-6,6
9050,117,116,1,1
9051,87,89,-2,2
9052,148,147,1,1
9053,129,122,7,7
9054,100,94,6,6
9055,79,77,2,2
9056,84,82,2,2
9057,75,71,4,4
9058,101,100,1,1
9059,74,76,-2,2
9060,98,86,12,12
9061,97,99,-2,2
9062,58,59,-1,1
9063,104,101,3,3
9064,122,118,4,4
9065,33,38,-5,5
9066,62,55,7,7
9067,59,63,-4,4
9068,66,72,-6,6
9069,112,109,3,3
9070,109,101,8,8
9071,67,70,-3,3
9072,157,184,-27,27
9073,147,149,-2,2
9074,114,112,2,2
9075,45,38,7,7
9076,71,78,-7,7
9077,135,130,5,5
9078,64,54,10,10
9079,101,110,-9,9
9080,93,98,-5,5
9081,92,86,6,6
9082,128,127,1,1
9083,90,83,7,7
9084,113,100,13,13
9085,62,64,-2,2
9086,66,61,5,5
9087,69,71,-2,2
9088,90,88,2,2
9089,69,62,7,7
9090,87,90,-3,3
9091,70,81,-11,11
9092,88,90,-2,2
9093,60,65,-5,5
9094,172,160,12,12
9095,94,92,2,2
9096,53,59,-6,6
9097,81,77,4,4
9098,103,98,5,5
9099,146,143,3,3
9100,93,92,1,1
9101,106,113,-7,7
9102,115,109,6,6
9103,171,163,8,8
9104,80,81,-1,1
9105,89,81,8,8
9106,75,84,-9,9
9107,197,191,6,6
9108,52,59,-7,7
9109,56,59,-3,3
9110,76,75,1,1
9111,136,139,-3,3
9112,127,130,-3,3
9113,102,107,-5,5
9114,100,102,-2,2
9115,154,150,4,4
9116,127,143,-16,16
9117,115,111,4,4
9118,69,73,-4,4
9119,113,101,12,12
9120,116,119,-3,3
9121,92,95,-3,3
9122,95,101,-6,6
9123,81,72,9,9
9124,81,84,-3,3
9125,148,155,-7,7
9126,94,91,3,3
9127,117,119,-2,2
9128,47,50,-3,3
9129,100,95,5,5
9130,133,130,3,3
9131,79,98,-19,19
9132,147,142,5,5
9133,62,64,-2,2
9134,77,83,-6,6
9135,154,145,9,9
9136,112,120,-8,8
9137,65,61,4,4
9138,42,38,4,4
9139,114,113,1,1
9140,114,111,3,3
9141,77,69,8,8
9142,68,73,-5,5
9143,84,89,-5,5
9144,120,123,-3,3
9145,132,134,-2,2
9146,113,128,-15,15
9147,86,82,4,4
9148,78,82,-4,4
9149,73,91,-18,18
9150,68,60,8,8
9151,93,99,-6,6
9152,113,124,-11,11
9153,58,59,-1,1
9154,63,64,-1,1
9155,54,49,5,5
9156,123,107,16,16
9157,43,39,4,4
9158,82,77,5,5
9159,144,142,2,2
9160,73,93,-20,20
9161,49,52,-3,3
9162,103,98,5,5
9163,179,188,-9,9
9164,106,104,2,2
9165,93,109,-16,16
9166,135,148,-13,13
9167,120,122,-2,2
9168,130,127,3,3
9169,79,92,-13,13
9170,82,81,1,1
9171,55,58,-3,3
9172,74,65,9,9
9173,153,157,-4,4
9174,93,93,0,0
9175,107,105,2,2
9176,136,153,-17,17
9177,88,92,-4,4
9178,56,65,-9,9
9179,171,160,11,11
9180,115,114,1,1
9181,53,60,-7,7
9182,124,127,-3,3
9183,117,108,9,9
9184,76,76,0,0
9185,168,161,7,7
9186,78,72,6,6
9187,42,39,3,3
9188,74,74,0,0
9189,156,139,17,17
9190,81,71,10,10
9191,88,82,6,6
9192,169,165,4,4
9193,74,69,5,5
9194,108,109,-1,1
9195,98,89,9,9
9196,175,196,-21,21
9197,39,39,0,0
9198,47,51,-4,4
9199,100,86,14,14
9200,105,94,11,11
9201,103,102,1,1
9202,114,113,1,1
9203,65,66,-1,1
9204,70,66,4,4
9205,79,76,3,3
9206,96,100,-4,4
9207,123,132,-9,9
9208,94,94,0,0
9209,124,128,-4,4
9210,102,96,6,6
9211,108,104,4,4
9212,78,84,-6,6
9213,111,113,-2,2
9214,84,92,-8,8
9215,58,49,9,9
9216,124,119,5,5
9217,92,86,6,6
9218,75,79,-4,4
9219,64,52,12,12
9220,89,83,6,6
9221,88,94,-6,6
9222,58,65,-7,7
9223,116,117,-1,1
9224,57,60,-3,3
9225,98,96,2,2
9226,138,148,-10,10
9227,87,94,-7,7
9228,58,54,4,4
9229,141,131,10,10
9230,72,69,3,3
9231,63,71,-8,8
9232,173,170,3,3
9233,113,110,3,3
9234,114,108,6,6
9235,95,89,6,6
9236,80,84,-4,4
9237,75,74,1,1
9238,113,113,0,0
9239,86,95,-9,9
9240,54,56,-2,2
9241,99,96,3,3
9242,149,143,6,6
9243,73,62,11,11
9244,86,78,8,8
9245,108,106,2,2
9246,74,71,3,3
9247,59,66,-7,7
9248,106,114,-8,8
9249,158,143,15,15
9250,45,68,-23,23
9251,77,75,2,2
9252,116,132,-16,16
9253,52,52,0,0
9254,93,103,-10,10
9255,129,122,7,7
9256,63,62,1,1
9257,41,39,2,2
9258,62,58,4,4
9259,168,167,1,1
9260,117,109,8,8
9261,142,136,6,6
9262,112,106,6,6
9263,101,97,4,4
9264,86,85,1,1
9265,77,81,-4,4
9266,141,135,6,6
9267,80,92,-12,12
9268,107,120,-13,13
9269,90,89,1,1
9270,65,70,-5,5
9271,57,55,2,2
9272,89,82,7,7
9273,63,59,4,4
9274,121,120,1,1
9275,108,105,3,3
9276,83,86,-3,3
9277,116,115,1,1
9278,66,70,-4,4
9279,128,131,-3,3
9280,98,99,-1,1
9281,76,80,-4,4
9282,130,122,8,8
9283,55,56,-1,1
9284,64,64,0,0
9285,107,121,-14,14
9286,117,110,7,7
9287,124,123,1,1
9288,88,87,1,1
9289,44,39,5,5
9290,89,89,0,0
9291,82,86,-4,4
9292,78,76,2,2
9293,63,64,-1,1
9294,60,55,5,5
9295,55,57,-2,2
9296,80,85,-5,5
9297,56,57,-1,1
9298,68,72,-4,4
9299,177,187,-10,10
9300,69,67,2,2
9301,63,64,-1,1
9302,116,113,3,3
9303,96,102,-6,6
9304,142,128,14,14
9305,85,83,2,2
9306,56,62,-6,6
9307,91,89,2,2
9308,72,73,-1,1
9309,69,79,-10,10
9310,114,106,8,8
9311,131,136,-5,5
9312,70,73,-3,3
9313,138,137,1,1
9314,103,98,5,5
9315,69,75,-6,6
9316,97,98,-1,1
9317,98,117,-19,19
9318,117,110,7,7
9319,95,105,-10,10
9320,130,125,5,5
9321,174,162,12,12
9322,114,119,-5,5
9323,87,96,-9,9
9324,92,94,-2,2
9325,57,59,-2,2
9326,93,88,5,5
9327,90,88,2,2
9328,87,94,-7,7
9329,87,90,-3,3
9330,115,120,-5,5
9331,103,106,-3,3
9332,66,64,2,2
9333,95,90,5,5
9334,98,95,3,3
9335,82,78,4,4
9336,63,55,8,8
9337,39,39,0,0
9338,60,67,-7,7
9339,112,108,4,4
9340,159,153,6,6
9341,41,39,2,2
9342,96,97,-1,1
9343,117,111,6,6
9344,69,71,-2,2
9345,82,85,-3,3
9346,125,116,9,9
9347,82,80,2,2
9348,65,70,-5,5
9349,92,84,8,8
9350,91,92,-1,1
9351,91,90,1,1
9352,95,91,4,4
9353,28,39,-11,11
9354,64,61,3,3
9355,73,70,3,3
9356,122,113,9,9
9357,76,83,-7,7
9358,82,80,2,2
9359,134,129,5,5
9360,118,112,6,6
9361,72,74,-2,2
9362,96,124,-28,28
9363,176,164,12,12
9364,156,154,2,2
9365,64,84,-20,20
9366,99,110,-11,11
9367,94,90,4,4
9368,84,77,7,7
9369,88,90,-2,2
9370,144,150,-6,6
9371,123,118,5,5
9372,99,108,-9,9
9373,63,84,-21,21
9374,64,67,-3,3
9375,141,133,8,8
9376,71,88,-17,17
9377,166,160,6,6
9378,118,110,8,8
9379,120,110,10,10
9380,145,136,9,9
9381,87,88,-1,1
9382,90,91,-1,1
9383,80,89,-9,9
9384,125,127,-2,2
9385,59,53,6,6
9386,171,166,5,5
9387,72,67,5,5
9388,121,110,11,11
9389,47,39,8,8
9390,73,84,-11,11
9391,124,108,16,16
9392,87,92,-5,5
9393,95,94,1,1
9394,77,75,2,2
9395,167,169,-2,2
9396,53,54,-1,1
9397,89,86,3,3
9398,83,79,4,4
9399,77,88,-11,11
9400,127,128,-1,1
9401,94,97,-3,3
9402,95,85,10,10
9403,93,96,-3,3
9404,74,79,-5,5
9405,112,122,-10,10
9406,117,109,8,8
9407,69,66,3,3
9408,88,93,-5,5
9409,71,71,0,0
9410,57,50,7,7
9411,89,85,4,4
9412,98,112,-14,14
9413,123,123,0,0
9414,88,87,1,1
9415,136,124,12,12
9416,85,76,9,9
9417,93,89,4,4
9418,150,158,-8,8
9419,50,53,-3,3
9420,77,82,-5,5
9421,87,93,-6,6
9422,123,120,3,3
9423,71,75,-4,4
9424,142,144,-2,2
9425,78,82,-4,4
9426,111,104,7,7
9427,54,73,-19,19
9428,66,67,-1,1
9429,110,100,10,10
9430,96,94,2,2
9431,56,56,0,0
9432,17,38,-21,21
9433,84,81,3,3
9434,108,112,-4,4
9435,103,89,14,14
9436,102,101,1,1
9437,81,88,-7,7
9438,125,126,-1,1
9439,120,134,-14,14
9440,89,86,3,3
9441,73,69,4,4
9442,110,107,3,3
9443,86,86,0,0
9444,94,97,-3,3
9445,76,70,6,6
9446,72,68,4,4
9447,41,39,2,2
9448,129,126,3,3
9449,80,79,1,1
9450,92,85,7,7
9451,208,191,17,17
9452,170,174,-4,4
9453,88,89,-1,1
9454,43,39,4,4
9455,65,63,2,2
9456,52,51,1,1
9457,44,48,-4,4
9458,96,103,-7,7
9459,165,164,1,1
9460,92,87,5,5
9461,104,89,15,15
9462,131,131,0,0
9463,73,75,-2,2
9464,131,120,11,11
9465,51,68,-17,17
9466,63,67,-4,4
9467,107,114,-7,7
9468,109,129,-20,20
9469,131,117,14,14
9470,96,92,4,4
9471,90,77,13,13
9472,60,66,-6,6
9473,106,107,-1,1
9474,101,85,16,16
9475,67,68,-1,1
9476,117,116,1,1
9477,76,82,-6,6
9478,78,70,8,8
9479,94,89,5,5
9480,95,96,-1,1
9481,78,66,12,12
9482,133,137,-4,4
9483,41,51,-10,10
9484,105,98,7,7
9485,102,95,7,7
9486,88,99,-11,11
9487,106,109,-3,3
9488,89,87,2,2
9489,98,122,-24,24
9490,128,124,4,4
9491,102,106,-4,4
9492,132,140,-8,8
9493,101,102,-1,1
9494,144,145,-1,1
9495,61,63,-2,2
9496,61,61,0,0
9497,114,122,-8,8
9498,125,125,0,0
9499,70,68,2,2
9500,83,85,-2,2
9501,147,149,-2,2
9502,97,100,-3,3
9503,82,83,-1,1
9504,87,80,7,7
9505,94,89,5,5
9506,54,61,-7,7
9507,71,78,-7,7
9508,105,97,8,8
9509,87,90,-3,3
9510,95,104,-9,9
9511,71,74,-3,3
9512,76,83,-7,7
9513,123,125,-2,2
9514,127,128,-1,1
9515,84,93,-9,9
9516,48,57,-9,9
9517,108,95,13,13
9518,157,135,22,22
9519,54,58,-4,4
9520,100,91,9,9
9521,118,113,5,5
9522,57,58,-1,1
9523,137,134,3,3
9524,80,85,-5,5
9525,48,49,-1,1
9526,49,39,10,10
9527,94,96,-2,2
9528,101,96,5,5
9529,64,67,-3,3
9530,114,128,-14,14
9531,82,78,4,4
9532,62,64,-2,2
9533,57,64,-7,7
9534,88,95,-7,7
9535,92,98,-6,6
9536,66,84,-18,18
9537,76,82,-6,6
9538,59,55,4,4
9539,89,90,-1,1
9540,63,62,1,1
9541,51,52,-1,1
9542,123,124,-1,1
9543,88,91,-3,3
9544,59,65,-6,6
9545,66,63,3,3
9546,135,120,15,15
9547,54,57,-3,3
9548,24,38,-14,14
9549,91,82,9,9
9550,166,166,0,0
9551,45,39,6,6
9552,95,89,6,6
9553,99,102,-3,3
9554,70,79,-9,9
9555,81,72,9,9
9556,97,85,12,12
9557,75,89,-14,14
9558,55,60,-5,5
9559,86,93,-7,7
9560,172,169,3,3
9561,65,77,-12,12
9562,174,165,9,9
9563,78,80,-2,2
9564,81,89,-8,8
9565,68,64,4,4
9566,74,66,8,8
9567,46,38,8,8
9568,119,130,-11,11
9569,48,49,-1,1
9570,112,118,-6,6
9571,135,159,-24,24
9572,91,81,10,10
9573,103,96,7,7
9574,95,117,-22,22
9575,91,75,16,16
9576,201,184,17,17
9577,89,87,2,2
9578,71,66,5,5
9579,198,193,5,5
9580,93,85,8,8
9581,82,81,1,1
9582,132,130,2,2
9583,79,92,-13,13
9584,60,60,0,0
9585,72,84,-12,12
9586,107,113,-6,6
9587,112,112,0,0
9588,99,105,-6,6
9589,104,112,-8,8
9590,68,67,1,1
9591,57,57,0,0
9592,47,51,-4,4
9593,96,93,3,3
9594,95,110,-15,15
9595,43,39,4,4
9596,116,107,9,9
9597,65,70,-5,5
9598,106,95,11,11
9599,117,127,-10,10
9600,96,93,3,3
9601,67,68,-1,1
9602,100,92,8,8
9603,108,109,-1,1
9604,103,103,0,0
9605,58,58,0,0
9606,88,88,0,0
9607,133,128,5,5
9608,161,160,1,1
9609,95,91,4,4
9610,99,89,10,10
9611,69,65,4,4
9612,112,108,4,4
9613,127,121,6,6
9614,66,65,1,1
9615,116,122,-6,6
9616,105,114,-9,9
9617,100,94,6,6
9618,93,95,-2,2
9619,79,85,-6,6
9620,121,113,8,8
9621,86,93,-7,7
9622,88,81,7,7
9623,177,161,16,16
9624,67,62,5,5
9625,73,72,1,1
9626,105,100,5,5
9627,115,113,2,2
9628,141,139,2,2
9629,75,75,0,0
9630,58,60,-2,2
9631,86,88,-2,2
9632,137,133,4,4
9633,113,119,-6,6
9634,92,91,1,1
9635,83,89,-6,6
9636,103,117,-14,14
9637,145,124,21,21
9638,84,83,1,1
9639,123,131,-8,8
9640,104,102,2,2
9641,61,60,1,1
9642,79,87,-8,8
9643,90,115,-25,25
9644,115,118,-3,3
9645,138,150,-12,12
9646,80,81,-1,1
9647,92,99,-7,7
9648,126,125,1,1
9649,62,50,12,12
9650,81,86,-5,5
9651,88,88,0,0
9652,90,94,-4,4
9653,70,69,1,1
9654,113,109,4,4
9655,81,86,-5,5
9656,70,82,-12,12
9657,87,87,0,0
9658,62,71,-9,9
9659,54,56,-2,2
9660,85,87,-2,2
9661,76,71,5,5
9662,44,49,-5,5
9663,106,99,7,7
9664,116,118,-2,2
9665,114,121,-7,7
9666,156,157,-1,1
9667,127,118,9,9
9668,61,60,1,1
9669,57,54,3,3
9670,128,128,0,0
9671,90,83,7,7
9672,113,110,3,3
9673,81,76,5,5
9674,48,58,-10,10
9675,47,52,-5,5
9676,139,130,9,9
9677,154,155,-1,1
9678,104,111,-7,7
9679,97,97,0,0
9680,123,126,-3,3
9681,68,58,10,10
9682,94,96,-2,2
9683,77,87,-10,10
9684,45,39,6,6
9685,78,78,0,0
9686,75,78,-3,3
9687,79,74,5,5
9688,175,173,2,2
9689,117,113,4,4
9690,108,103,5,5
9691,106,112,-6,6
9692,82,70,12,12
9693,112,105,7,7
9694,74,74,0,0
9695,117,120,-3,3
9696,94,99,-5,5
9697,226,216,10,10
9698,120,109,11,11
9699,40,39,1,1
9700,40,105,-65,65
9701,119,124,-5,5
9702,51,56,-5,5
9703,61,60,1,1
9704,119,116,3,3
9705,97,85,12,12
9706,70,77,-7,7
9707,101,92,9,9
9708,160,157,3,3
9709,88,84,4,4
9710,41,52,-11,11
9711,86,85,1,1
9712,76,81,-5,5
9713,66,72,-6,6
9714,110,114,-4,4
9715,120,117,3,3
9716,97,101,-4,4
9717,89,98,-9,9
9718,117,116,1,1
9719,59,66,-7,7
9720,145,145,0,0
9721,84,76,8,8
9722,78,86,-8,8
9723,65,62,3,3
9724,62,55,7,7
9725,114,116,-2,2
9726,76,82,-6,6
9727,51,55,-4,4
9728,131,150,-19,19
9729,162,177,-15,15
9730,90,100,-10,10
9731,95,98,-3,3
9732,49,59,-10,10
9733,81,85,-4,4
9734,103,103,0,0
9735,136,146,-10,10
9736,116,116,0,0
9737,74,72,2,2
9738,54,63,-9,9
9739,110,114,-4,4
9740,113,101,12,12
9741,142,124,18,18
9742,130,107,23,23
9743,156,150,6,6
9744,186,196,-10,10
9745,70,69,1,1
9746,115,108,7,7
9747,149,134,15,15
9748,135,129,6,6
9749,72,67,5,5
9750,143,144,-1,1
9751,190,182,8,8
9752,117,129,-12,12
9753,124,111,13,13
9754,78,88,-10,10
9755,90,95,-5,5
9756,49,38,11,11
9757,52,58,-6,6
9758,48,55,-7,7
9759,69,67,2,2
9760,69,72,-3,3
9761,40,52,-12,12
9762,89,94,-5,5
9763,85,86,-1,1
9764,104,117,-13,13
9765,130,126,4,4
9766,110,91,19,19
9767,136,128,8,8
9768,91,83,8,8
9769,83,88,-5,5
9770,50,51,-1,1
9771,104,106,-2,2
9772,83,78,5,5
9773,114,114,0,0
9774,119,135,-16,16
9775,88,85,3,3
9776,68,91,-23,23
9777,84,104,-20,20
9778,93,75,18,18
9779,56,64,-8,8
9780,66,69,-3,3
9781,60,60,0,0
9782,58,58,0,0
9783,142,144,-2,2
9784,197,184,13,13
9785,53,55,-2,2
9786,86,106,-20,20
9787,85,86,-1,1
9788,153,140,13,13
9789,58,59,-1,1
9790,78,77,1,1
9791,159,154,5,5
9792,129,130,-1,1
9793,115,114,1,1
9794,64,62,2,2
9795,142,142,0,0
9796,83,82,1,1
9797,171,184,-13,13
9798,137,144,-7,7
9799,107,110,-3,3
9800,101,92,9,9
9801,75,65,10,10
9802,103,98,5,5
9803,80,82,-2,2
9804,51,57,-6,6
9805,92,85,7,7
9806,88,88,0,0
9807,96,102,-6,6
9808,140,130,10,10
9809,107,108,-1,1
9810,59,62,-3,3
9811,128,118,10,10
9812,80,77,3,3
9813,40,39,1,1
9814,139,142,-3,3
9815,79,71,8,8
9816,89,87,2,2
9817,127,128,-1,1
9818,132,125,7,7
9819,104,109,-5,5
9820,100,94,6,6
9821,76,77,-1,1
9822,182,157,25,25
9823,43,39,4,4
9824,56,56,0,0
9825,140,135,5,5
9826,98,101,-3,3
9827,66,77,-11,11
9828,52,38,14,14
9829,100,97,3,3
9830,131,121,10,10
9831,47,39,8,8
9832,57,55,2,2
9833,58,61,-3,3
9834,100,97,3,3
9835,143,155,-12,12
9836,81,73,8,8
9837,130,110,20,20
9838,63,74,-11,11
9839,84,103,-19,19
9840,86,87,-1,1
9841,118,118,0,0
9842,109,101,8,8
9843,176,188,-12,12
9844,68,67,1,1
9845,102,105,-3,3
9846,65,61,4,4
9847,88,92,-4,4
9848,127,118,9,9
9849,56,56,0,0
9850,104,107,-3,3
9851,105,94,11,11
9852,84,85,-1,1
9853,27,65,-38,38
9854,95,98,-3,3
9855,77,78,-1,1
9856,192,201,-9,9
9857,78,67,11,11
9858,122,124,-2,2
9859,80,86,-6,6
9860,94,84,10,10
9861,126,122,4,4
9862,44,38,6,6
9863,73,78,-5,5
9864,104,84,20,20
9865,71,65,6,6
9866,65,76,-11,11
9867,96,82,14,14
9868,116,98,18,18
9869,103,107,-4,4
9870,129,130,-1,1
9871,143,145,-2,2
9872,100,118,-18,18
9873,133,124,9,9
9874,64,63,1,1
9875,121,121,0,0
9876,61,67,-6,6
9877,55,58,-3,3
9878,49,49,0,0
9879,86,84,2,2
9880,85,83,2,2
9881,61,56,5,5
9882,128,140,-12,12
9883,91,76,15,15
9884,99,85,14,14
9885,92,91,1,1
9886,179,180,-1,1
9887,114,102,12,12
9888,66,62,4,4
9889,78,86,-8,8
9890,69,69,0,0
9891,121,117,4,4
9892,85,74,11,11
9893,110,129,-19,19
9894,92,98,-6,6
9895,117,107,10,10
9896,174,171,3,3
9897,135,138,-3,3
9898,64,58,6,6
9899,75,69,6,6
9900,97,111,-14,14
9901,120,126,-6,6
9902,102,98,4,4
9903,91,87,4,4
9904,70,74,-4,4
9905,64,74,-10,10
9906,49,51,-2,2
9907,94,101,-7,7
9908,71,77,-6,6
9909,136,166,-30,30
9910,68,68,0,0
9911,122,123,-1,1
9912,73,70,3,3
9913,114,115,-1,1
9914,98,98,0,0
9915,104,105,-1,1
9916,103,95,8,8
9917,108,103,5,5
9918,127,126,1,1
9919,130,138,-8,8
9920,95,98,-3,3
9921,89,84,5,5
9922,73,74,-1,1
9923,157,144,13,13
9924,103,97,6,6
9925,105,104,1,1
9926,112,103,9,9
9927,109,103,6,6
9928,79,75,4,4
9929,92,112,-20,20
9930,72,66,6,6
9931,48,54,-6,6
9932,98,90,8,8
9933,111,113,-2,2
9934,119,114,5,5
9935,139,124,15,15
9936,55,66,-11,11
9937,107,115,-8,8
9938,135,151,-16,16
9939,102,96,6,6
9940,88,93,-5,5
9941,105,118,-13,13
9942,136,122,14,14
9943,82,85,-3,3
9944,67,67,0,0
9945,123,122,1,1
9946,120,125,-5,5
9947,94,105,-11,11
9948,51,50,1,1
9949,95,89,6,6
9950,92,92,0,0
9951,154,133,21,21
9952,76,83,-7,7
9953,59,55,4,4
9954,153,146,7,7
9955,66,75,-9,9
9956,96,103,-7,7
9957,131,129,2,2
9958,81,78,3,3
9959,80,85,-5,5
9960,59,61,-2,2
9961,72,77,-5,5
9962,148,145,3,3
9963,123,139,-16,16
9964,72,74,-2,2
9965,59,62,-3,3
9966,145,144,1,1
9967,95,98,-3,3
9968,125,127,-2,2
9969,79,79,0,0
9970,79,80,-1,1
9971,68,72,-4,4
9972,135,142,-7,7
9973,96,97,-1,1
9974,64,62,2,2
9975,62,54,8,8
9976,102,100,2,2
9977,141,138,3,3
9978,82,70,12,12
9979,84,73,11,11
9980,85,86,-1,1
9981,77,81,-4,4
9982,107,100,7,7
9983,94,93,1,1
9984,84,72,12,12
9985,90,87,3,3
9986,127,125,2,2
9987,94,94,0,0
9988,142,173,-31,31
9989,88,96,-8,8
9990,104,98,6,6
9991,66,69,-3,3
9992,48,50,-2,2
9993,76,71,5,5
9994,105,108,-3,3
9995,62,55,7,7
9996,82,83,-1,1
9997,123,127,-4,4
9998,88,94,-6,6
9999,68,64,4,4
10000,171,156,15,15
10001,134,129,5,5
10002,81,75,6,6
10003,66,69,-3,3
10004,49,53,-4,4
10005,92,92,0,0
10006,121,121,0,0
10007,133,128,5,5
10008,147,140,7,7
10009,81,83,-2,2
10010,69,72,-3,3
10011,83,85,-2,2
10012,88,88,0,0
10013,59,54,5,5
10014,91,96,-5,5
10015,153,163,-10,10
10016,114,113,1,1
10017,77,86,-9,9
10018,85,72,13,13
10019,80,75,5,5
10020,74,78,-4,4
10021,169,166,3,3
10022,108,109,-1,1
10023,121,126,-5,5
10024,83,90,-7,7
10025,56,52,4,4
10026,74,76,-2,2
10027,53,59,-6,6
10028,80,87,-7,7
10029,79,85,-6,6
10030,117,117,0,0
10031,174,171,3,3
10032,77,71,6,6
10033,114,101,13,13
10034,79,79,0,0
10035,158,152,6,6
10036,80,81,-1,1
10037,90,118,-28,28
10038,111,109,2,2
10039,155,145,10,10
10040,55,59,-4,4
10041,74,75,-1,1
10042,62,66,-4,4
10043,138,140,-2,2
10044,143,157,-14,14
10045,113,121,-8,8
10046,100,107,-7,7
10047,115,100,15,15
10048,49,50,-1,1
10049,139,148,-9,9
10050,114,121,-7,7
10051,125,133,-8,8
10052,61,63,-2,2
10053,136,131,5,5
10054,77,74,3,3
10055,211,195,16,16
10056,66,57,9,9
10057,111,106,5,5
10058,122,127,-5,5
10059,139,137,2,2
10060,121,111,10,10
10061,108,117,-9,9
10062,85,93,-8,8
10063,110,111,-1,1
10064,62,71,-9,9
10065,107,101,6,6
10066,49,44,5,5
10067,82,82,0,0
10068,92,92,0,0
10069,59,60,-1,1
10070,56,56,0,0
10071,105,98,7,7
10072,61,68,-7,7
10073,95,105,-10,10
10074,56,60,-4,4
10075,148,153,-5,5
10076,123,130,-7,7
10077,111,120,-9,9
10078,75,71,4,4
10079,139,155,-16,16
10080,68,70,-2,2
10081,90,85,5,5
10082,150,161,-11,11
10083,133,119,14,14
10084,49,55,-6,6
10085,62,63,-1,1
10086,111,103,8,8
10087,117,116,1,1
10088,151,153,-2,2
10089,100,98,2,2
10090,42,51,-9,9
10091,78,75,3,3
10092,48,53,-5,5
10093,118,110,8,8
10094,70,63,7,7
10095,117,134,-17,17
10096,61,75,-14,14
10097,94,101,-7,7
10098,78,80,-2,2
10099,170,170,0,0
10100,68,65,3,3
10101,78,70,8,8
10102,47,49,-2,2
10103,130,112,18,18
10104,80,75,5,5
10105,70,77,-7,7
10106,49,51,-2,2
10107,117,113,4,4
10108,86,91,-5,5
10109,82,77,5,5
10110,54,54,0,0
10111,160,160,0,0
10112,78,92,-14,14
10113,82,84,-2,2
10114,59,58,1,1
10115,115,110,5,5
10116,86,89,-3,3
10117,119,110,9,9
10118,116,119,-3,3
10119,90,97,-7,7
10120,75,80,-5,5
10121,81,80,1,1
10122,87,88,-1,1
10123,108,107,1,1
10124,50,52,-2,2
10125,53,56,-3,3
10126,130,142,-12,12
10127,125,114,11,11
10128,118,114,4,4
10129,112,113,-1,1
10130,62,72,-10,10
10131,105,106,-1,1
10132,90,97,-7,7
10133,143,147,-4,4
10134,58,58,0,0
10135,64,65,-1,1
10136,108,101,7,7
10137,98,83,15,15
10138,136,138,-2,2
10139,101,116,-15,15
10140,85,90,-5,5
10141,92,96,-4,4
10142,144,138,6,6
10143,80,82,-2,2
10144,110,97,13,13
10145,66,61,5,5
10146,73,70,3,3
10147,59,57,2,2
10148,88,91,-3,3
10149,74,81,-7,7
10150,61,63,-2,2
10151,125,117,8,8
10152,55,54,1,1
10153,115,113,2,2
10154,58,63,-5,5
10155,76,83,-7,7
10156,137,148,-11,11
10157,81,75,6,6
10158,116,115,1,1
10159,81,79,2,2
10160,94,90,4,4
10161,78,93,-15,15
10162,80,75,5,5
10163,99,96,3,3
10164,118,116,2,2
10165,137,130,7,7
10166,98,104,-6,6
10167,71,65,6,6
10168,83,85,-2,2
10169,132,148,-16,16
10170,69,67,2,2
10171,119,119,0,0
10172,101,113,-12,12
10173,92,95,-3,3
10174,74,70,4,4
10175,95,100,-5,5
10176,67,66,1,1
10177,50,56,-6,6
10178,106,100,6,6
10179,102,94,8,8
10180,359,269,90,90
10181,58,60,-2,2
10182,94,92,2,2
10183,90,80,10,10
10184,88,83,5,5
10185,105,95,10,10
10186,75,75,0,0
10187,89,90,-1,1
10188,86,82,4,4
10189,133,131,2,2
10190,35,39,-4,4
10191,88,80,8,8
10192,177,168,9,9
10193,100,99,1,1
10194,65,61,4,4
10195,104,101,3,3
10196,67,60,7,7
10197,86,86,0,0
10198,123,115,8,8
10199,108,103,5,5
10200,84,84,0,0
10201,54,60,-6,6
10202,95,97,-2,2
10203,86,86,0,0
10204,70,83,-13,13
10205,84,78,6,6
10206,107,104,3,3
10207,45,49,-4,4
10208,85,89,-4,4
10209,79,83,-4,4
10210,125,127,-2,2
10211,92,91,1,1
10212,74,77,-3,3
10213,139,147,-8,8
10214,84,80,4,4
10215,103,117,-14,14
10216,60,71,-11,11
10217,78,83,-5,5
10218,69,58,11,11
10219,131,134,-3,3
10220,102,99,3,3
10221,69,71,-2,2
10222,58,61,-3,3
10223,43,48,-5,5
10224,29,39,-10,10
10225,86,89,-3,3
10226,114,115,-1,1
10227,38,39,-1,1
10228,113,125,-12,12
10229,74,86,-12,12
10230,67,66,1,1
10231,221,216,5,5
10232,103,103,0,0
10233,224,214,10,10
10234,82,99,-17,17
10235,104,100,4,4
10236,115,107,8,8
10237,70,88,-18,18
10238,92,92,0,0
10239,118,118,0,0
10240,159,146,13,13
10241,124,114,10,10
10242,165,147,18,18
10243,118,124,-6,6
10244,79,73,6,6
10245,113,109,4,4
10246,61,61,0,0
10247,112,112,0,0
10248,68,66,2,2
10249,71,76,-5,5
10250,127,120,7,7
10251,82,84,-2,2
10252,63,60,3,3
10253,189,206,-17,17
10254,73,80,-7,7
10255,76,68,8,8
10256,99,109,-10,10
10257,131,132,-1,1
10258,88,88,0,0
10259,61,64,-3,3
10260,135,134,1,1
10261,52,53,-1,1
10262,114,114,0,0
10263,82,84,-2,2
10264,106,107,-1,1
10265,102,116,-14,14
10266,105,119,-14,14
10267,77,85,-8,8
10268,66,62,4,4
10269,129,122,7,7
10270,73,73,0,0
10271,77,76,1,1
10272,70,65,5,5
10273,40,39,1,1
10274,55,65,-10,10
10275,130,136,-6,6
10276,168,164,4,4
10277,76,64,12,12
10278,136,133,3,3
10279,104,113,-9,9
10280,52,57,-5,5
10281,151,147,4,4
10282,74,74,0,0
10283,60,67,-7,7
10284,90,86,4,4
10285,81,72,9,9
10286,118,121,-3,3
10287,96,96,0,0
10288,96,91,5,5
10289,151,159,-8,8
10290,125,120,5,5
10291,73,66,7,7
10292,107,104,3,3
10293,113,118,-5,5
10294,118,129,-11,11
10295,71,81,-10,10
10296,68,68,0,0
10297,65,67,-2,2
10298,48,53,-5,5
10299,73,75,-2,2
10300,86,109,-23,23
10301,45,38,7,7
10302,87,87,0,0
10303,113,110,3,3
10304,137,138,-1,1
10305,114,118,-4,4
10306,61,61,0,0
10307,106,95,11,11
10308,128,132,-4,4
10309,111,116,-5,5
10310,100,98,2,2
10311,100,94,6,6
10312,133,145,-12,12
10313,96,97,-1,1
10314,133,138,-5,5
10315,130,131,-1,1
10316,78,84,-6,6
10317,130,116,14,14
10318,110,124,-14,14
10319,75,82,-7,7
10320,144,150,-6,6
10321,81,87,-6,6
10322,63,68,-5,5
10323,122,125,-3,3
10324,119,134,-15,15
10325,99,101,-2,2
10326,111,109,2,2
10327,143,125,18,18
10328,104,120,-16,16
10329,93,87,6,6
10330,72,80,-8,8
10331,79,83,-4,4
10332,128,139,-11,11
10333,99,96,3,3
10334,76,84,-8,8
10335,100,102,-2,2
10336,70,68,2,2
10337,148,154,-6,6
10338,68,65,3,3
10339,100,113,-13,13
10340,74,86,-12,12
10341,86,80,6,6
10342,93,86,7,7
10343,138,121,17,17
10344,149,166,-17,17
10345,65,57,8,8
10346,89,95,-6,6
10347,117,88,29,29
10348,98,91,7,7
10349,127,128,-1,1
10350,106,101,5,5
10351,68,61,7,7
10352,160,142,18,18
10353,83,92,-9,9
10354,129,117,12,12
10355,117,104,13,13
10356,74,83,-9,9
10357,101,100,1,1
10358,113,109,4,4
10359,121,118,3,3
10360,122,131,-9,9
10361,117,115,2,2
10362,131,139,-8,8
10363,68,60,8,8
10364,86,94,-8,8
10365,97,91,6,6
10366,125,124,1,1
10367,65,69,-4,4
10368,49,38,11,11
10369,81,84,-3,3
10370,103,106,-3,3
10371,110,104,6,6
10372,86,93,-7,7
10373,103,101,2,2
10374,103,107,-4,4
10375,59,58,1,1
10376,119,108,11,11
10377,40,39,1,1
10378,102,104,-2,2
10379,120,113,7,7
10380,103,107,-4,4
10381,101,101,0,0
10382,106,106,0,0
10383,110,113,-3,3
10384,82,75,7,7
10385,88,83,5,5
10386,174,183,-9,9
10387,99,90,9,9
10388,66,66,0,0
10389,105,112,-7,7
10390,59,58,1,1
10391,128,115,13,13
10392,53,62,-9,9
10393,123,131,-8,8
10394,88,88,0,0
10395,80,82,-2,2
10396,72,87,-15,15
10397,73,77,-4,4
10398,60,60,0,0
10399,88,89,-1,1
10400,82,81,1,1
10401,156,149,7,7
10402,163,148,15,15
10403,73,69,4,4
10404,105,99,6,6
10405,137,126,11,11
10406,74,77,-3,3
10407,85,77,8,8
10408,71,78,-7,7
10409,56,61,-5,5
10410,95,90,5,5
10411,48,39,9,9
10412,113,117,-4,4
10413,96,96,0,0
10414,111,111,0,0
10415,80,117,-37,37
10416,44,38,6,6
10417,73,67,6,6
10418,132,116,16,16
10419,100,89,11,11
10420,126,121,5,5
10421,77,86,-9,9
10422,81,93,-12,12
10423,68,62,6,6
10424,73,92,-19,19
10425,100,102,-2,2
10426,98,88,10,10
10427,60,58,2,2
10428,110,112,-2,2
10429,102,100,2,2
10430,75,73,2,2
10431,138,145,-7,7
10432,81,77,4,4
10433,108,118,-10,10
10434,148,139,9,9
10435,59,56,3,3
10436,88,94,-6,6
10437,104,88,16,16
10438,72,64,8,8
10439,82,86,-4,4
10440,93,92,1,1
10441,93,87,6,6
10442,160,159,1,1
10443,129,129,0,0
10444,113,121,-8,8
10445,116,101,15,15
10446,119,119,0,0
10447,86,84,2,2
10448,44,37,7,7
10449,76,68,8,8
10450,61,64,-3,3
10451,80,91,-11,11
10452,99,90,9,9
10453,87,100,-13,13
10454,117,117,0,0
10455,50,71,-21,21
10456,150,141,9,9
10457,123,113,10,10
10458,100,81,19,19
10459,147,145,2,2
10460,185,194,-9,9
10461,59,55,4,4
10462,81,72,9,9
10463,61,72,-11,11
10464,126,123,3,3
10465,82,85,-3,3
10466,100,99,1,1
10467,81,79,2,2
10468,39,39,0,0
10469,77,71,6,6
10470,51,51,0,0
10471,98,108,-10,10
10472,133,150,-17,17
10473,80,81,-1,1
10474,151,136,15,15
10475,88,77,11,11
10476,55,52,3,3
10477,72,78,-6,6
10478,75,86,-11,11
10479,77,72,5,5
10480,81,70,11,11
10481,144,145,-1,1
10482,121,103,18,18
10483,57,55,2,2
10484,69,72,-3,3
10485,99,101,-2,2
10486,64,71,-7,7
10487,130,113,17,17
10488,106,108,-2,2
10489,72,72,0,0
10490,67,72,-5,5
10491,68,65,3,3
10492,79,86,-7,7
10493,81,85,-4,4
10494,69,69,0,0
10495,67,64,3,3
10496,73,73,0,0
10497,39,38,1,1
10498,112,121,-9,9
10499,71,72,-1,1
10500,132,124,8,8
10501,133,138,-5,5
10502,95,93,2,2
10503,112,106,6,6
10504,112,100,12,12
10505,99,118,-19,19
10506,71,80,-9,9
10507,127,143,-16,16
10508,89,97,-8,8
10509,87,86,1,1
10510,124,117,7,7
10511,66,68,-2,2
10512,92,99,-7,7
10513,80,75,5,5
10514,94,96,-2,2
10515,146,157,-11,11
10516,139,143,-4,4
10517,136,134,2,2
10518,63,61,2,2
10519,54,55,-1,1
10520,171,166,5,5
10521,91,85,6,6
10522,170,159,11,11
10523,147,136,11,11
10524,70,67,3,3
10525,140,148,-8,8
10526,117,119,-2,2
10527,72,69,3,3
10528,132,127,5,5
10529,63,63,0,0
10530,102,109,-7,7
10531,81,86,-5,5
10532,90,86,4,4
10533,87,92,-5,5
10534,127,125,2,2
10535,56,58,-2,2
10536,44,39,5,5
10537,122,118,4,4
10538,111,109,2,2
10539,66,69,-3,3
10540,110,118,-8,8
10541,101,105,-4,4
10542,119,128,-9,9
10543,75,84,-9,9
10544,65,61,4,4
10545,55,57,-2,2
10546,76,86,-10,10
10547,70,73,-3,3
10548,157,194,-37,37
10549,27,38,-11,11
10550,83,79,4,4
10551,125,122,3,3
10552,95,103,-8,8
10553,86,78,8,8
10554,116,120,-4,4
10555,66,64,2,2
10556,144,168,-24,24
10557,96,103,-7,7
10558,94,97,-3,3
10559,37,39,-2,2
10560,195,186,9,9
10561,108,116,-8,8
10562,130,133,-3,3
10563,78,81,-3,3
10564,57,60,-3,3
10565,72,64,8,8
10566,57,68,-11,11
10567,90,104,-14,14
10568,67,59,8,8
10569,157,162,-5,5
10570,57,62,-5,5
10571,94,96,-2,2
10572,69,73,-4,4
10573,86,87,-1,1
10574,58,60,-2,2
10575,105,102,3,3
10576,74,73,1,1
10577,116,115,1,1
10578,78,72,6,6
10579,115,110,5,5
10580,64,63,1,1
10581,127,119,8,8
10582,77,75,2,2
10583,99,92,7,7
10584,68,71,-3,3
10585,101,114,-13,13
10586,88,86,2,2
10587,121,122,-1,1
10588,100,102,-2,2
10589,87,69,18,18
10590,80,73,7,7
10591,43,41,2,2
10592,103,111,-8,8
10593,149,141,8,8
10594,67,72,-5,5
10595,110,116,-6,6
10596,127,115,12,12
10597,55,57,-2,2
10598,133,130,3,3
10599,82,85,-3,3
10600,45,38,7,7
10601,59,61,-2,2
10602,120,116,4,4
10603,103,112,-9,9
10604,145,150,-5,5
10605,119,126,-7,7
10606,75,83,-8,8
10607,74,71,3,3
10608,109,114,-5,5
10609,148,148,0,0
10610,80,81,-1,1
10611,68,67,1,1
10612,116,121,-5,5
10613,114,109,5,5
10614,100,101,-1,1
10615,72,74,-2,2
10616,119,139,-20,20
10617,96,88,8,8
10618,58,62,-4,4
10619,132,142,-10,10
10620,169,174,-5,5
10621,70,68,2,2
10622,90,85,5,5
10623,93,90,3,3
10624,107,129,-22,22
10625,124,115,9,9
10626,43,52,-9,9
10627,102,99,3,3
10628,107,107,0,0
10629,61,63,-2,2
10630,62,67,-5,5
10631,72,67,5,5
10632,129,123,6,6
10633,74,73,1,1
10634,81,77,4,4
10635,107,98,9,9
10636,79,73,6,6
10637,43,39,4,4
10638,72,75,-3,3
10639,102,88,14,14
10640,93,89,4,4
10641,90,91,-1,1
10642,66,58,8,8
10643,125,123,2,2
10644,73,71,2,2
10645,78,71,7,7
10646,49,50,-1,1
10647,81,73,8,8
10648,74,79,-5,5
10649,78,74,4,4
10650,82,83,-1,1
10651,92,116,-24,24
10652,110,85,25,25
10653,96,94,2,2
10654,83,89,-6,6
10655,143,144,-1,1
10656,88,79,9,9
10657,111,111,0,0
10658,54,53,1,1
10659,66,68,-2,2
10660,68,83,-15,15
10661,57,63,-6,6
10662,169,149,20,20
10663,63,71,-8,8
10664,131,142,-11,11
10665,102,102,0,0
10666,47,50,-3,3
10667,58,60,-2,2
10668,127,126,1,1
10669,100,95,5,5
10670,109,117,-8,8
10671,109,106,3,3
10672,92,90,2,2
10673,93,91,2,2
10674,64,63,1,1
10675,95,101,-6,6
10676,97,91,6,6
10677,87,92,-5,5
10678,65,73,-8,8
10679,84,85,-1,1
10680,140,124,16,16
10681,88,86,2,2
10682,56,52,4,4
10683,131,131,0,0
10684,107,104,3,3
10685,93,86,7,7
10686,125,122,3,3
10687,204,194,10,10
10688,128,120,8,8
10689,80,78,2,2
10690,161,187,-26,26
10691,114,111,3,3
10692,96,78,18,18
10693,79,83,-4,4
10694,60,58,2,2
10695,176,172,4,4
10696,41,39,2,2
10697,50,52,-2,2
10698,45,39,6,6
10699,168,144,24,24
10700,65,64,1,1
10701,57,49,8,8
10702,98,97,1,1
10703,77,76,1,1
10704,84,83,1,1
10705,76,80,-4,4
10706,75,88,-13,13
10707,93,92,1,1
10708,71,101,-30,30
10709,87,83,4,4
10710,65,67,-2,2
10711,130,121,9,9
10712,74,64,10,10
10713,34,39,-5,5
10714,129,111,18,18
10715,114,121,-7,7
10716,70,65,5,5
10717,50,59,-9,9
10718,93,86,7,7
10719,55,53,2,2
10720,94,82,12,12
10721,46,39,7,7
10722,50,43,7,7
10723,104,96,8,8
10724,118,120,-2,2
10725,102,101,1,1
10726,84,86,-2,2
10727,165,181,-16,16
10728,97,99,-2,2
10729,92,94,-2,2
10730,89,75,14,14
10731,76,78,-2,2
10732,75,95,-20,20
10733,142,145,-3,3
10734,96,100,-4,4
10735,145,154,-9,9
10736,87,89,-2,2
10737,64,62,2,2
10738,48,59,-11,11
10739,94,93,1,1
10740,69,63,6,6
10741,66,60,6,6
10742,131,123,8,8
10743,98,96,2,2
10744,94,100,-6,6
10745,65,64,1,1
10746,89,93,-4,4
10747,128,123,5,5
10748,144,138,6,6
10749,53,60,-7,7
10750,108,114,-6,6
10751,29,39,-10,10
10752,58,55,3,3
10753,94,105,-11,11
10754,74,68,6,6
10755,133,134,-1,1
10756,75,74,1,1
10757,87,80,7,7
10758,133,134,-1,1
10759,74,65,9,9
10760,80,78,2,2
10761,52,50,2,2
10762,116,116,0,0
10763,158,156,2,2
10764,224,211,13,13
10765,97,100,-3,3
10766,128,122,6,6
10767,102,101,1,1
10768,114,106,8,8
10769,41,39,2,2
10770,86,88,-2,2
10771,42,43,-1,1
10772,111,106,5,5
10773,142,150,-8,8
10774,68,72,-4,4
10775,65,62,3,3
10776,116,120,-4,4
10777,91,85,6,6
10778,157,160,-3,3
10779,140,141,-1,1
10780,126,117,9,9
10781,77,70,7,7
10782,86,88,-2,2
10783,102,105,-3,3
10784,95,93,2,2
10785,64,59,5,5
10786,103,107,-4,4
10787,55,61,-6,6
10788,77,80,-3,3
10789,160,152,8,8
10790,58,61,-3,3
10791,191,196,-5,5
10792,121,129,-8,8
10793,77,68,9,9
10794,161,156,5,5
10795,65,63,2,2
10796,80,96,-16,16
10797,77,83,-6,6
10798,67,73,-6,6
10799,51,50,1,1
10800,76,77,-1,1
10801,155,147,8,8
10802,96,87,9,9
10803,65,61,4,4
10804,98,98,0,0
10805,101,98,3,3
10806,49,39,10,10
10807,112,112,0,0
10808,81,63,18,18
10809,49,52,-3,3
10810,65,61,4,4
10811,90,86,4,4
10812,126,117,9,9
10813,48,49,-1,1
10814,120,128,-8,8
10815,55,57,-2,2
10816,75,89,-14,14
10817,83,100,-17,17
10818,135,126,9,9
10819,131,130,1,1
10820,117,128,-11,11
10821,88,80,8,8
10822,92,94,-2,2
10823,90,102,-12,12
10824,98,105,-7,7
10825,101,96,5,5
10826,138,142,-4,4
10827,84,89,-5,5
10828,104,108,-4,4
10829,98,116,-18,18
10830,87,91,-4,4
10831,102,106,-4,4
10832,81,84,-3,3
10833,75,76,-1,1
10834,145,139,6,6
10835,114,114,0,0
10836,63,64,-1,1
10837,51,53,-2,2
10838,109,111,-2,2
10839,69,66,3,3
10840,87,103,-16,16
10841,72,65,7,7
10842,114,116,-2,2
10843,96,84,12,12
10844,140,153,-13,13
10845,171,168,3,3
10846,97,97,0,0
10847,77,78,-1,1
10848,125,103,22,22
10849,75,73,2,2
10850,98,104,-6,6
10851,118,119,-1,1
10852,120,114,6,6
10853,69,67,2,2
10854,57,58,-1,1
10855,129,122,7,7
10856,127,125,2,2
10857,81,84,-3,3
10858,102,103,-1,1
10859,154,147,7,7
10860,116,112,4,4
10861,47,48,-1,1
10862,124,119,5,5
10863,124,118,6,6
10864,138,127,11,11
10865,82,86,-4,4
10866,120,114,6,6
10867,114,107,7,7
10868,90,92,-2,2
10869,88,84,4,4
10870,53,54,-1,1
10871,84,79,5,5
10872,80,82,-2,2
10873,147,145,2,2
10874,79,89,-10,10
10875,115,112,3,3
10876,80,81,-1,1
10877,117,114,3,3
10878,123,119,4,4
10879,54,58,-4,4
10880,93,93,0,0
10881,145,145,0,0
10882,128,138,-10,10
10883,73,72,1,1
10884,51,50,1,1
10885,65,64,1,1
10886,102,113,-11,11
10887,95,103,-8,8
10888,58,56,2,2
10889,49,57,-8,8
10890,113,113,0,0
10891,121,124,-3,3
10892,148,153,-5,5
10893,139,147,-8,8
10894,96,113,-17,17
10895,143,139,4,4
10896,92,100,-8,8
10897,78,76,2,2
10898,11,38,-27,27
10899,66,69,-3,3
10900,79,77,2,2
10901,70,68,2,2
10902,67,70,-3,3
10903,77,77,0,0
10904,144,148,-4,4
10905,84,88,-4,4
10906,50,40,10,10
10907,79,73,6,6
10908,90,101,-11,11
10909,62,58,4,4
10910,134,149,-15,15
10911,110,107,3,3
10912,78,106,-28,28
10913,142,129,13,13
10914,79,85,-6,6
10915,143,140,3,3
10916,80,88,-8,8
10917,37,38,-1,1
10918,70,65,5,5
10919,96,103,-7,7
10920,135,146,-11,11
10921,76,71,5,5
10922,181,178,3,3
10923,105,111,-6,6
10924,49,49,0,0
10925,65,71,-6,6
10926,139,136,3,3
10927,38,39,-1,1
10928,83,77,6,6
10929,56,61,-5,5
10930,120,106,14,14
10931,109,114,-5,5
10932,160,156,4,4
10933,117,132,-15,15
10934,92,100,-8,8
10935,99,99,0,0
10936,114,116,-2,2
10937,70,60,10,10
10938,93,99,-6,6
10939,112,104,8,8
10940,118,114,4,4
10941,72,64,8,8
10942,51,57,-6,6
10943,119,106,13,13
10944,85,83,2,2
10945,101,117,-16,16
10946,78,83,-5,5
10947,75,74,1,1
10948,69,81,-12,12
10949,120,116,4,4
10950,72,68,4,4
10951,64,77,-13,13
10952,80,78,2,2
10953,80,88,-8,8
10954,75,72,3,3
10955,76,71,5,5
10956,157,146,11,11
10957,80,98,-18,18
10958,117,116,1,1
10959,103,95,8,8
10960,129,113,16,16
10961,139,138,1,1
10962,98,93,5,5
10963,87,81,6,6
10964,165,151,14,14
10965,73,75,-2,2
10966,137,136,1,1
10967,150,157,-7,7
10968,74,84,-10,10
10969,157,153,4,4
10970,82,98,-16,16
10971,74,69,5,5
10972,37,55,-18,18
10973,95,96,-1,1
10974,104,95,9,9
10975,124,130,-6,6
10976,37,38,-1,1
10977,80,104,-24,24
10978,80,91,-11,11
10979,88,83,5,5
10980,147,126,21,21
10981,65,70,-5,5
10982,101,101,0,0
10983,93,92,1,1
10984,71,71,0,0
10985,64,57,7,7
10986,71,73,-2,2
10987,60,67,-7,7
10988,64,81,-17,17
10989,55,57,-2,2
10990,48,73,-25,25
10991,141,131,10,10
10992,95,93,2,2
10993,58,61,-3,3
10994,95,93,2,2
10995,71,74,-3,3
10996,89,87,2,2
10997,125,123,2,2
10998,170,184,-14,14
10999,153,159,-6,6
11000,84,82,2,2
11001,137,139,-2,2
11002,81,77,4,4
11003,77,90,-13,13
11004,75,83,-8,8
11005,110,110,0,0
11006,53,53,0,0
11007,92,88,4,4
11008,105,118,-13,13
11009,55,59,-4,4
11010,85,100,-15,15
11011,141,130,11,11
11012,126,135,-9,9
11013,82,82,0,0
11014,124,123,1,1
11015,76,94,-18,18
11016,126,112,14,14
11017,56,58,-2,2
11018,65,63,2,2
11019,91,97,-6,6
11020,65,68,-3,3
11021,84,89,-5,5
11022,95,98,-3,3
11023,109,100,9,9
11024,74,67,7,7
11025,60,54,6,6
11026,65,59,6,6
11027,77,77,0,0
11028,79,79,0,0
11029,65,59,6,6
11030,110,112,-2,2
11031,116,130,-14,14
11032,67,68,-1,1
11033,83,85,-2,2
11034,120,114,6,6
11035,157,135,22,22
11036,123,122,1,1
11037,80,79,1,1
11038,99,109,-10,10
11039,88,81,7,7
11040,67,82,-15,15
11041,134,133,1,1
11042,76,72,4,4
11043,96,107,-11,11
11044,83,89,-6,6
11045,57,63,-6,6
11046,93,91,2,2
11047,60,59,1,1
11048,85,84,1,1
11049,62,71,-9,9
11050,110,114,-4,4
11051,108,111,-3,3
11052,66,64,2,2
11053,67,79,-12,12
11054,71,64,7,7
11055,79,77,2,2
11056,145,153,-8,8
11057,62,70,-8,8
11058,60,66,-6,6
11059,126,131,-5,5
11060,120,124,-4,4
11061,67,67,0,0
11062,96,95,1,1
11063,54,51,3,3
11064,66,59,7,7
11065,101,101,0,0
11066,83,76,7,7
11067,120,110,10,10
11068,186,191,-5,5
11069,72,71,1,1
11070,91,88,3,3
11071,158,150,8,8
11072,67,70,-3,3
11073,118,102,16,16
11074,63,57,6,6
11075,105,101,4,4
11076,124,112,12,12
11077,108,89,19,19
11078,121,114,7,7
11079,39,39,0,0
11080,90,92,-2,2
11081,218,237,-19,19
11082,71,83,-12,12
11083,81,87,-6,6
11084,61,58,3,3
11085,86,79,7,7
11086,59,58,1,1
11087,168,177,-9,9
11088,86,97,-11,11
11089,104,110,-6,6
11090,89,93,-4,4
11091,80,80,0,0
11092,81,74,7,7
11093,87,78,9,9
11094,119,110,9,9
11095,136,130,6,6
11096,113,105,8,8
11097,68,79,-11,11
11098,86,74,12,12
11099,103,101,2,2
11100,72,80,-8,8
11101,142,149,-7,7
11102,172,198,-26,26
11103,166,170,-4,4
11104,96,112,-16,16
11105,106,112,-6,6
11106,125,122,3,3
11107,125,120,5,5
11108,75,102,-27,27
11109,94,87,7,7
11110,103,105,-2,2
11111,58,56,2,2
11112,81,74,7,7
11113,133,120,13,13
11114,122,121,1,1
11115,99,107,-8,8
11116,67,66,1,1
11117,126,123,3,3
11118,91,89,2,2
11119,73,75,-2,2
11120,89,92,-3,3
11121,124,145,-21,21
11122,68,57,11,11
11123,126,124,2,2
11124,76,81,-5,5
11125,167,152,15,15
11126,36,38,-2,2
11127,137,135,2,2
11128,93,91,2,2
11129,115,115,0,0
11130,125,118,7,7
11131,79,77,2,2
11132,59,58,1,1
11133,90,92,-2,2
11134,73,72,1,1
11135,74,70,4,4
11136,111,105,6,6
11137,129,127,2,2
11138,80,79,1,1
11139,97,92,5,5
11140,83,80,3,3
11141,129,128,1,1
11142,120,120,0,0
11143,93,85,8,8
11144,95,106,-11,11
11145,101,95,6,6
11146,93,93,0,0
11147,112,129,-17,17
11148,103,104,-1,1
11149,60,66,-6,6
11150,95,110,-15,15
11151,62,54,8,8
11152,69,69,0,0
11153,83,100,-17,17
11154,53,49,4,4
11155,98,90,8,8
11156,101,110,-9,9
11157,73,87,-14,14
11158,94,105,-11,11
11159,55,57,-2,2
11160,93,108,-15,15
11161,70,72,-2,2
11162,102,108,-6,6
11163,75,68,7,7
11164,77,65,12,12
11165,96,95,1,1
11166,93,105,-12,12
11167,78,86,-8,8
11168,155,151,4,4
11169,94,97,-3,3
11170,66,65,1,1
11171,71,85,-14,14
11172,96,91,5,5
11173,143,146,-3,3
11174,60,60,0,0
11175,79,84,-5,5
11176,93,95,-2,2
11177,126,123,3,3
11178,128,123,5,5
11179,103,94,9,9
11180,95,90,5,5
11181,86,102,-16,16
11182,95,90,5,5
11183,68,65,3,3
11184,102,108,-6,6
11185,74,73,1,1
11186,94,122,-28,28
11187,83,67,16,16
11188,107,106,1,1
11189,65,60,5,5
11190,66,75,-9,9
11191,113,114,-1,1
11192,164,151,13,13
11193,60,63,-3,3
11194,139,159,-20,20
11195,96,102,-6,6
11196,87,76,11,11
11197,113,110,3,3
11198,180,182,-2,2
11199,106,101,5,5
11200,73,73,0,0
11201,121,125,-4,4
11202,125,124,1,1
11203,62,62,0,0
11204,56,52,4,4
11205,81,80,1,1
11206,103,95,8,8
11207,107,98,9,9
11208,70,62,8,8
11209,107,101,6,6
11210,167,226,-59,59
11211,72,58,14,14
11212,123,114,9,9
11213,178,196,-18,18
11214,142,153,-11,11
11215,138,127,11,11
11216,148,145,3,3
11217,141,138,3,3
11218,119,130,-11,11
11219,67,66,1,1
11220,126,144,-18,18
11221,35,74,-39,39
11222,86,91,-5,5
11223,82,94,-12,12
11224,135,171,-36,36
11225,111,104,7,7
11226,145,148,-3,3
11227,99,88,11,11
11228,69,76,-7,7
11229,81,99,-18,18
11230,58,56,2,2
11231,58,66,-8,8
11232,141,126,15,15
11233,75,74,1,1
11234,108,118,-10,10
11235,128,140,-12,12
11236,87,101,-14,14
11237,90,98,-8,8
11238,133,136,-3,3
11239,73,70,3,3
11240,63,61,2,2
11241,73,74,-1,1
11242,136,147,-11,11
11243,105,100,5,5
11244,60,63,-3,3
11245,102,97,5,5
11246,100,99,1,1
11247,57,59,-2,2
11248,71,72,-1,1
11249,76,73,3,3
11250,58,59,-1,1
11251,204,201,3,3
11252,96,96,0,0
11253,113,106,7,7
11254,114,97,17,17
11255,138,135,3,3
11256,79,87,-8,8
11257,142,133,9,9
11258,109,102,7,7
11259,141,144,-3,3
11260,73,69,4,4
11261,89,81,8,8
11262,85,89,-4,4
11263,159,149,10,10
11264,107,106,1,1
11265,68,74,-6,6
11266,79,84,-5,5
11267,109,112,-3,3
11268,78,71,7,7
11269,61,66,-5,5
11270,102,105,-3,3
11271,140,145,-5,5
11272,156,154,2,2
11273,155,156,-1,1
11274,118,110,8,8
11275,85,81,4,4
11276,162,159,3,3
11277,105,111,-6,6
11278,100,100,0,0
11279,102,96,6,6
11280,130,123,7,7
11281,55,57,-2,2
11282,69,77,-8,8
11283,89,84,5,5
11284,39,50,-11,11
11285,139,136,3,3
11286,94,93,1,1
11287,79,72,7,7
11288,171,168,3,3
11289,139,137,2,2
11290,85,94,-9,9
11291,86,86,0,0
11292,114,109,5,5
11293,134,126,8,8
11294,51,51,0,0
11295,47,56,-9,9
11296,56,60,-4,4
11297,72,74,-2,2
11298,96,104,-8,8
11299,143,148,-5,5
11300,115,99,16,16
11301,99,110,-11,11
11302,91,99,-8,8
11303,85,94,-9,9
11304,151,135,16,16
11305,42,53,-11,11
11306,125,119,6,6
11307,41,69,-28,28
11308,137,119,18,18
11309,100,95,5,5
11310,143,126,17,17
11311,174,176,-2,2
11312,81,78,3,3
11313,106,108,-2,2
11314,150,140,10,10
11315,66,69,-3,3
11316,119,117,2,2
11317,133,119,14,14
11318,58,61,-3,3
11319,90,96,-6,6
11320,111,112,-1,1
11321,157,146,11,11
11322,106,106,0,0
11323,121,119,2,2
11324,61,64,-3,3
11325,111,110,1,1
11326,88,93,-5,5
11327,81,84,-3,3
11328,93,92,1,1
11329,77,77,0,0
11330,163,145,18,18
11331,104,103,1,1
11332,76,68,8,8
11333,52,52,0,0
11334,87,96,-9,9
11335,104,100,4,4
11336,62,57,5,5
11337,112,119,-7,7
11338,76,83,-7,7
11339,129,133,-4,4
11340,106,119,-13,13
11341,63,63,0,0
11342,87,89,-2,2
11343,106,110,-4,4
11344,86,75,11,11
11345,88,82,6,6
11346,89,91,-2,2
11347,71,77,-6,6
11348,116,103,13,13
11349,55,55,0,0
11350,83,94,-11,11
11351,64,65,-1,1
11352,71,68,3,3
11353,128,121,7,7
11354,57,53,4,4
11355,127,130,-3,3
11356,47,39,8,8
11357,94,88,6,6
11358,60,55,5,5
11359,60,66,-6,6
11360,55,62,-7,7
11361,97,103,-6,6
11362,82,85,-3,3
11363,109,106,3,3
11364,111,103,8,8
11365,61,60,1,1
11366,70,73,-3,3
11367,79,78,1,1
11368,107,107,0,0
11369,89,85,4,4
11370,60,56,4,4
11371,147,152,-5,5
11372,83,83,0,0
11373,104,103,1,1
11374,134,140,-6,6
11375,88,88,0,0
11376,35,39,-4,4
11377,117,132,-15,15
11378,78,77,1,1
11379,149,141,8,8
11380,85,86,-1,1
11381,97,97,0,0
11382,115,122,-7,7
11383,109,96,13,13
11384,81,78,3,3
11385,81,87,-6,6
11386,93,101,-8,8
11387,123,135,-12,12
11388,95,96,-1,1
11389,102,98,4,4
11390,57,54,3,3
11391,179,193,-14,14
11392,126,130,-4,4
11393,62,62,0,0
11394,65,75,-10,10
11395,109,104,5,5
11396,74,74,0,0
11397,113,112,1,1
11398,121,120,1,1
11399,114,116,-2,2
11400,63,61,2,2
11401,103,105,-2,2
11402,80,74,6,6
11403,45,76,-31,31
11404,93,95,-2,2
11405,121,115,6,6
11406,166,172,-6,6
11407,63,74,-11,11
11408,66,59,7,7
11409,55,75,-20,20
11410,116,120,-4,4
11411,96,94,2,2
11412,76,73,3,3
11413,54,62,-8,8
11414,108,107,1,1
11415,51,54,-3,3
11416,109,110,-1,1
11417,75,73,2,2
11418,86,94,-8,8
11419,82,94,-12,12
11420,36,39,-3,3
11421,64,70,-6,6
11422,119,107,12,12
11423,53,61,-8,8
11424,73,73,0,0
11425,58,53,5,5
11426,41,39,2,2
11427,58,61,-3,3
11428,118,119,-1,1
11429,134,127,7,7
11430,75,76,-1,1
11431,50,54,-4,4
11432,98,102,-4,4
11433,33,39,-6,6
11434,109,103,6,6
11435,79,85,-6,6
11436,60,56,4,4
11437,100,106,-6,6
11438,85,74,11,11
11439,75,82,-7,7
11440,82,76,6,6
11441,57,60,-3,3
11442,164,174,-10,10
11443,157,155,2,2
11444,76,72,4,4
11445,72,79,-7,7
11446,57,82,-25,25
11447,96,110,-14,14
11448,90,85,5,5
11449,100,99,1,1
11450,129,128,1,1
11451,91,88,3,3
11452,98,95,3,3
11453,102,100,2,2
11454,198,209,-11,11
11455,78,75,3,3
11456,60,61,-1,1
11457,173,175,-2,2
11458,98,98,0,0
11459,72,69,3,3
11460,90,125,-35,35
11461,170,166,4,4
11462,163,154,9,9
11463,77,79,-2,2
11464,66,67,-1,1
11465,67,57,10,10
11466,66,78,-12,12
11467,99,89,10,10
11468,86,86,0,0
11469,85,89,-4,4
11470,71,69,2,2
11471,136,128,8,8
11472,86,82,4,4
11473,60,63,-3,3
11474,119,121,-2,2
11475,132,134,-2,2
11476,114,117,-3,3
11477,66,65,1,1
11478,147,147,0,0
11479,90,92,-2,2
11480,112,109,3,3
11481,68,60,8,8
11482,119,112,7,7
11483,121,119,2,2
11484,70,95,-25,25
11485,124,117,7,7
11486,47,53,-6,6
11487,70,82,-12,12
11488,80,74,6,6
11489,44,38,6,6
11490,75,84,-9,9
11491,65,66,-1,1
11492,80,71,9,9
11493,95,98,-3,3
11494,124,120,4,4
11495,50,55,-5,5
11496,133,130,3,3
11497,77,77,0,0
11498,105,109,-4,4
11499,70,66,4,4
11500,86,88,-2,2
11501,97,87,10,10
11502,80,79,1,1
11503,98,105,-7,7
11504,106,111,-5,5
11505,74,78,-4,4
11506,66,69,-3,3
11507,118,121,-3,3
11508,110,98,12,12
11509,156,153,3,3
11510,67,63,4,4
11511,170,142,28,28
11512,117,105,12,12
11513,101,100,1,1
11514,130,128,2,2
11515,93,103,-10,10
11516,105,103,2,2
11517,41,62,-21,21
11518,84,69,15,15
11519,59,58,1,1
11520,141,136,5,5
11521,47,68,-21,21
11522,114,94,20,20
11523,137,132,5,5
11524,126,140,-14,14
11525,62,63,-1,1
11526,111,112,-1,1
11527,74,73,1,1
11528,81,80,1,1
11529,160,160,0,0
11530,102,102,0,0
11531,91,86,5,5
11532,83,86,-3,3
11533,72,62,10,10
11534,68,75,-7,7
11535,126,116,10,10
11536,77,84,-7,7
11537,160,144,16,16
11538,106,108,-2,2
11539,81,85,-4,4
11540,170,147,23,23
11541,131,127,4,4
11542,50,65,-15,15
11543,115,109,6,6
11544,70,76,-6,6
11545,109,118,-9,9
11546,72,65,7,7
11547,74,78,-4,4
11548,67,69,-2,2
11549,81,74,7,7
11550,83,85,-2,2
11551,105,103,2,2
11552,95,102,-7,7
11553,133,124,9,9
11554,115,126,-11,11
11555,98,93,5,5
11556,55,37,18,18
11557,109,109,0,0
11558,50,58,-8,8
11559,145,137,8,8
11560,89,79,10,10
11561,85,88,-3,3
11562,85,86,-1,1
11563,65,84,-19,19
11564,86,88,-2,2
11565,105,94,11,11
11566,53,53,0,0
11567,60,64,-4,4
11568,121,114,7,7
11569,52,61,-9,9
11570,53,56,-3,3
11571,164,168,-4,4
11572,92,100,-8,8
11573,100,100,0,0
11574,111,109,2,2
11575,67,64,3,3
11576,169,164,5,5
11577,86,82,4,4
11578,51,39,12,12
11579,96,95,1,1
11580,97,84,13,13
11581,82,71,11,11
11582,75,76,-1,1
11583,103,100,3,3
11584,91,85,6,6
11585,108,111,-3,3
11586,85,90,-5,5
11587,137,136,1,1
11588,88,92,-4,4
11589,167,163,4,4
11590,65,68,-3,3
11591,92,87,5,5
11592,98,90,8,8
11593,68,68,0,0
11594,65,57,8,8
11595,60,57,3,3
11596,71,65,6,6
11597,50,51,-1,1
11598,79,84,-5,5
11599,102,99,3,3
11600,85,78,7,7
11601,69,65,4,4
11602,105,106,-1,1
11603,114,106,8,8
11604,77,80,-3,3
11605,70,59,11,11
11606,80,82,-2,2
11607,137,146,-9,9
11608,105,102,3,3
11609,83,92,-9,9
11610,95,94,1,1
11611,70,77,-7,7
11612,183,183,0,0
11613,50,54,-4,4
11614,164,164,0,0
11615,125,118,7,7
11616,90,89,1,1
11617,108,109,-1,1
11618,150,153,-3,3
11619,90,80,10,10
11620,73,73,0,0
11621,86,96,-10,10
11622,91,102,-11,11
11623,108,105,3,3
11624,120,113,7,7
11625,127,110,17,17
11626,65,62,3,3
11627,121,96,25,25
11628,80,73,7,7
11629,89,75,14,14
11630,81,74,7,7
11631,96,82,14,14
11632,119,116,3,3
11633,118,123,-5,5
11634,128,133,-5,5
11635,56,70,-14,14
11636,56,65,-9,9
11637,86,84,2,2
11638,79,78,1,1
11639,116,105,11,11
11640,69,72,-3,3
11641,111,93,18,18
11642,81,97,-16,16
11643,56,56,0,0
11644,119,123,-4,4
11645,82,72,10,10
11646,81,75,6,6
11647,136,124,12,12
11648,127,132,-5,5
11649,108,118,-10,10
11650,129,128,1,1
11651,74,97,-23,23
11652,63,74,-11,11
11653,168,158,10,10
11654,100,106,-6,6
11655,66,67,-1,1
11656,70,84,-14,14
11657,101,100,1,1
11658,112,103,9,9
11659,102,90,12,12
11660,124,123,1,1
11661,82,84,-2,2
11662,94,96,-2,2
11663,70,79,-9,9
11664,72,76,-4,4
11665,67,64,3,3
11666,117,131,-14,14
11667,47,38,9,9
11668,110,97,13,13
11669,93,91,2,2
11670,64,60,4,4
11671,134,137,-3,3
11672,66,63,3,3
11673,69,65,4,4
11674,99,107,-8,8
11675,137,131,6,6
11676,58,61,-3,3
11677,85,80,5,5
11678,94,88,6,6
11679,104,104,0,0
11680,108,110,-2,2
11681,89,86,3,3
11682,176,170,6,6
11683,88,89,-1,1
11684,46,51,-5,5
11685,94,97,-3,3
11686,162,163,-1,1
11687,92,92,0,0
11688,96,95,1,1
11689,124,126,-2,2
11690,74,81,-7,7
11691,68,74,-6,6
11692,67,70,-3,3
11693,90,97,-7,7
11694,87,82,5,5
11695,86,79,7,7
11696,68,70,-2,2
11697,90,86,4,4
11698,77,82,-5,5
11699,126,108,18,18
11700,126,119,7,7
11701,94,96,-2,2
11702,172,173,-1,1
11703,63,89,-26,26
11704,101,95,6,6
11705,148,148,0,0
11706,87,96,-9,9
11707,127,117,10,10
11708,121,105,16,16
11709,142,148,-6,6
11710,73,73,0,0
11711,71,71,0,0
11712,103,135,-32,32
11713,39,39,0,0
11714,99,100,-1,1
11715,69,66,3,3
11716,182,174,8,8
11717,138,168,-30,30
11718,142,145,-3,3
11719,114,124,-10,10
11720,54,51,3,3
11721,93,89,4,4
11722,110,103,7,7
11723,38,39,-1,1
11724,133,137,-4,4
11725,143,139,4,4
11726,125,131,-6,6
11727,69,66,3,3
11728,120,121,-1,1
11729,121,131,-10,10
11730,71,66,5,5
11731,97,96,1,1
11732,104,98,6,6
11733,97,95,2,2
11734,47,49,-2,2
11735,184,178,6,6
11736,110,124,-14,14
11737,67,64,3,3
11738,106,106,0,0
11739,66,82,-16,16
11740,118,110,8,8
11741,81,82,-1,1
11742,83,85,-2,2
11743,64,75,-11,11
11744,70,58,12,12
11745,50,52,-2,2
11746,93,85,8,8
11747,157,144,13,13
11748,51,52,-1,1
11749,77,76,1,1
11750,87,84,3,3
11751,119,110,9,9
11752,115,109,6,6
11753,85,73,12,12
11754,63,81,-18,18
11755,91,96,-5,5
11756,67,62,5,5
11757,64,70,-6,6
11758,127,140,-13,13
11759,67,66,1,1
11760,71,73,-2,2
11761,96,87,9,9
11762,111,112,-1,1
11763,62,60,2,2
11764,77,71,6,6
11765,174,182,-8,8
11766,138,130,8,8
11767,65,65,0,0
11768,116,108,8,8
11769,47,52,-5,5
11770,119,117,2,2
11771,94,86,8,8
11772,122,122,0,0
11773,92,100,-8,8
11774,148,131,17,17
11775,67,71,-4,4
11776,101,104,-3,3
11777,86,87,-1,1
11778,53,52,1,1
11779,77,82,-5,5
11780,126,119,7,7
11781,74,65,9,9
11782,91,94,-3,3
11783,81,87,-6,6
11784,43,38,5,5
11785,114,113,1,1
11786,79,83,-4,4
11787,96,95,1,1
11788,106,97,9,9
11789,79,87,-8,8
11790,120,137,-17,17
11791,107,107,0,0
11792,98,98,0,0
11793,47,38,9,9
11794,76,79,-3,3
11795,85,83,2,2
11796,67,76,-9,9
11797,79,77,2,2
11798,90,106,-16,16
11799,84,80,4,4
11800,152,149,3,3
11801,152,147,5,5
11802,87,85,2,2
11803,65,64,1,1
11804,83,83,0,0
11805,205,201,4,4
11806,151,151,0,0
11807,114,101,13,13
11808,83,85,-2,2
11809,66,73,-7,7
11810,66,70,-4,4
11811,105,104,1,1
11812,176,168,8,8
11813,166,168,-2,2
11814,185,172,13,13
11815,108,109,-1,1
11816,95,96,-1,1
11817,67,84,-17,17
11818,87,92,-5,5
11819,82,87,-5,5
11820,121,117,4,4
11821,71,83,-12,12
11822,62,65,-3,3
11823,113,87,26,26
11824,104,103,1,1
11825,68,69,-1,1
11826,93,103,-10,10
11827,74,71,3,3
11828,60,62,-2,2
11829,80,89,-9,9
11830,70,73,-3,3
11831,75,81,-6,6
11832,76,69,7,7
11833,75,72,3,3
11834,80,69,11,11
11835,45,51,-6,6
11836,93,107,-14,14
11837,99,114,-15,15
11838,77,70,7,7
11839,89,84,5,5
11840,143,157,-14,14
11841,83,93,-10,10
11842,102,103,-1,1
11843,122,123,-1,1
11844,118,111,7,7
11845,132,113,19,19
11846,102,112,-10,10
11847,75,69,6,6
11848,105,109,-4,4
11849,124,122,2,2
11850,75,72,3,3
11851,47,53,-6,6
11852,130,133,-3,3
11853,147,144,3,3
11854,134,128,6,6
11855,71,69,2,2
11856,72,68,4,4
11857,42,39,3,3
11858,97,93,4,4
11859,99,108,-9,9
11860,147,152,-5,5
11861,127,131,-4,4
11862,65,65,0,0
11863,73,89,-16,16
11864,54,58,-4,4
11865,87,88,-1,1
11866,125,134,-9,9
11867,120,126,-6,6
11868,75,72,3,3
11869,101,106,-5,5
11870,139,139,0,0
11871,93,88,5,5
11872,85,90,-5,5
11873,162,159,3,3
11874,158,160,-2,2
11875,234,207,27,27
11876,76,76,0,0
11877,68,60,8,8
11878,60,57,3,3
11879,115,109,6,6
11880,92,90,2,2
11881,99,83,16,16
11882,95,92,3,3
11883,69,82,-13,13
11884,53,58,-5,5
11885,100,98,2,2
11886,157,155,2,2
11887,103,99,4,4
11888,117,120,-3,3
11889,100,100,0,0
11890,95,88,7,7
11891,146,135,11,11
11892,97,94,3,3
11893,49,50,-1,1
11894,83,86,-3,3
11895,89,82,7,7
11896,97,104,-7,7
11897,98,102,-4,4
11898,99,97,2,2
11899,52,57,-5,5
11900,92,95,-3,3
11901,128,138,-10,10
11902,60,56,4,4
11903,47,48,-1,1
11904,106,99,7,7
11905,78,70,8,8
11906,143,150,-7,7
11907,90,87,3,3
11908,125,120,5,5
11909,80,88,-8,8
11910,114,109,5,5
11911,161,155,6,6
11912,120,118,2,2
11913,41,72,-31,31
11914,38,39,-1,1
11915,105,116,-11,11
11916,48,41,7,7
11917,58,59,-1,1
11918,112,108,4,4
11919,59,60,-1,1
11920,76,76,0,0
11921,118,117,1,1
11922,77,71,6,6
11923,51,57,-6,6
11924,76,66,10,10
11925,56,56,0,0
11926,40,38,2,2
11927,69,68,1,1
11928,77,75,2,2
11929,91,96,-5,5
11930,149,150,-1,1
11931,110,106,4,4
11932,115,123,-8,8
11933,117,114,3,3
11934,93,94,-1,1
11935,31,37,-6,6
11936,111,130,-19,19
11937,79,84,-5,5
11938,72,72,0,0
11939,44,40,4,4
11940,89,90,-1,1
11941,51,52,-1,1
11942,186,193,-7,7
11943,144,133,11,11
11944,98,91,7,7
11945,68,67,1,1
11946,82,85,-3,3
11947,110,109,1,1
11948,101,82,19,19
11949,73,76,-3,3
11950,106,108,-2,2
11951,50,44,6,6
11952,128,129,-1,1
11953,82,84,-2,2
11954,39,58,-19,19
11955,57,60,-3,3
11956,100,103,-3,3
11957,132,134,-2,2
11958,58,60,-2,2
11959,65,63,2,2
11960,46,44,2,2
11961,90,90,0,0
11962,132,129,3,3
11963,84,88,-4,4
11964,95,93,2,2
11965,152,156,-4,4
11966,67,65,2,2
11967,96,108,-12,12
11968,78,80,-2,2
11969,99,87,12,12
11970,71,79,-8,8
11971,116,108,8,8
11972,122,129,-7,7
11973,81,80,1,1
11974,42,39,3,3
11975,121,124,-3,3
11976,144,144,0,0
11977,190,199,-9,9
11978,132,133,-1,1
11979,112,100,12,12
11980,106,89,17,17
11981,104,94,10,10
11982,79,76,3,3
11983,81,83,-2,2
11984,92,112,-20,20
11985,55,57,-2,2
11986,85,77,8,8
11987,72,71,1,1
11988,48,49,-1,1
11989,92,105,-13,13
11990,44,48,-4,4
11991,112,109,3,3
11992,118,115,3,3
11993,74,78,-4,4
11994,102,92,10,10
11995,93,105,-12,12
11996,113,105,8,8
11997,89,93,-4,4
11998,133,133,0,0
11999,45,38,7,7
12000,53,53,0,0
12001,139,142,-3,3
12002,61,60,1,1
12003,85,102,-17,17
12004,67,67,0,0
12005,81,72,9,9
12006,33,39,-6,6
12007,74,76,-2,2
12008,81,79,2,2
12009,81,81,0,0
12010,114,113,1,1
12011,158,169,-11,11
12012,59,66,-7,7
12013,60,67,-7,7
12014,111,107,4,4
12015,102,101,1,1
12016,89,81,8,8
12017,80,74,6,6
12018,73,79,-6,6
12019,53,52,1,1
12020,124,125,-1,1
12021,108,106,2,2
12022,101,89,12,12
12023,93,95,-2,2
12024,69,67,2,2
12025,111,116,-5,5
12026,74,76,-2,2
12027,80,78,2,2
12028,101,92,9,9
12029,127,151,-24,24
12030,78,74,4,4
12031,143,153,-10,10
12032,114,129,-15,15
12033,49,72,-23,23
12034,115,121,-6,6
12035,103,92,11,11
12036,84,89,-5,5
12037,88,89,-1,1
12038,92,91,1,1
12039,108,114,-6,6
12040,90,87,3,3
12041,65,71,-6,6
12042,60,60,0,0
12043,72,68,4,4
12044,129,143,-14,14
12045,76,75,1,1
12046,109,116,-7,7
12047,88,100,-12,12
12048,60,58,2,2
12049,47,38,9,9
12050,100,93,7,7
12051,117,127,-10,10
12052,125,113,12,12
12053,113,104,9,9
12054,54,55,-1,1
12055,111,112,-1,1
12056,156,146,10,10
12057,110,107,3,3
12058,82,98,-16,16
12059,114,107,7,7
12060,68,74,-6,6
12061,66,75,-9,9
12062,90,95,-5,5
12063,63,62,1,1
12064,100,100,0,0
12065,66,69,-3,3
12066,141,141,0,0
12067,79,77,2,2
12068,104,95,9,9
12069,140,133,7,7
12070,72,76,-4,4
12071,39,38,1,1
12072,118,111,7,7
12073,97,85,12,12
12074,95,107,-12,12
12075,86,88,-2,2
12076,90,86,4,4
12077,86,100,-14,14
12078,95,94,1,1
12079,118,111,7,7
12080,94,91,3,3
12081,130,135,-5,5
12082,58,58,0,0
12083,121,128,-7,7
12084,125,129,-4,4
12085,150,157,-7,7
12086,102,101,1,1
12087,122,116,6,6
12088,109,105,4,4
12089,74,78,-4,4
12090,93,84,9,9
12091,53,57,-4,4
12092,117,125,-8,8
12093,93,92,1,1
12094,191,204,-13,13
12095,142,125,17,17
12096,123,111,12,12
12097,83,87,-4,4
12098,127,125,2,2
12099,83,88,-5,5
12100,85,82,3,3
12101,83,85,-2,2
12102,94,88,6,6
12103,164,160,4,4
12104,72,62,10,10
12105,76,66,10,10
12106,122,110,12,12
12107,59,38,21,21
12108,87,88,-1,1
12109,88,69,19,19
12110,61,57,4,4
12111,154,148,6,6
12112,159,151,8,8
12113,163,152,11,11
12114,104,101,3,3
12115,121,128,-7,7
12116,116,110,6,6
12117,98,100,-2,2
12118,84,88,-4,4
12119,42,39,3,3
12120,78,77,1,1
12121,99,115,-16,16
12122,77,91,-14,14
12123,189,180,9,9
12124,66,81,-15,15
12125,144,151,-7,7
12126,196,189,7,7
12127,107,105,2,2
12128,68,71,-3,3
12129,88,83,5,5
12130,36,39,-3,3
12131,107,111,-4,4
12132,123,117,6,6
12133,62,60,2,2
12134,207,202,5,5
12135,89,87,2,2
12136,74,76,-2,2
12137,87,87,0,0
12138,135,131,4,4
12139,72,65,7,7
12140,183,145,38,38
12141,118,128,-10,10
12142,110,88,22,22
12143,111,110,1,1
12144,122,112,10,10
12145,90,93,-3,3
12146,121,125,-4,4
12147,58,68,-10,10
12148,126,123,3,3
12149,105,102,3,3
12150,109,109,0,0
12151,71,72,-1,1
12152,148,147,1,1
12153,95,99,-4,4
12154,103,100,3,3
12155,90,94,-4,4
12156,77,80,-3,3
12157,126,119,7,7
12158,141,139,2,2
12159,134,125,9,9
12160,49,49,0,0
12161,99,101,-2,2
12162,130,124,6,6
12163,74,68,6,6
12164,64,61,3,3
12165,196,183,13,13
12166,106,114,-8,8
12167,100,104,-4,4
12168,88,87,1,1
12169,116,113,3,3
12170,107,110,-3,3
12171,128,130,-2,2
12172,93,86,7,7
12173,150,135,15,15
12174,92,80,12,12
12175,96,89,7,7
12176,115,112,3,3
12177,111,106,5,5
12178,87,92,-5,5
12179,69,71,-2,2
12180,139,155,-16,16
12181,104,104,0,0
12182,115,120,-5,5
12183,114,110,4,4
12184,58,56,2,2
12185,77,77,0,0
12186,79,84,-5,5
12187,114,115,-1,1
12188,111,119,-8,8
12189,102,99,3,3
12190,161,163,-2,2
12191,197,198,-1,1
12192,72,68,4,4
12193,142,144,-2,2
12194,49,62,-13,13
12195,63,67,-4,4
12196,135,136,-1,1
12197,192,182,10,10
12198,47,49,-2,2
12199,110,112,-2,2
12200,71,71,0,0
12201,108,111,-3,3
12202,137,147,-10,10
12203,128,123,5,5
12204,137,138,-1,1
12205,148,149,-1,1
12206,82,85,-3,3
12207,70,79,-9,9
12208,60,56,4,4
12209,115,111,4,4
12210,76,72,4,4
12211,86,84,2,2
12212,97,97,0,0
12213,122,120,2,2
12214,104,95,9,9
12215,149,161,-12,12
12216,73,70,3,3
12217,88,87,1,1
12218,93,88,5,5
12219,94,93,1,1
12220,110,108,2,2
12221,56,69,-13,13
12222,66,69,-3,3
12223,73,79,-6,6
12224,96,98,-2,2
12225,121,112,9,9
12226,122,128,-6,6
12227,94,94,0,0
12228,88,101,-13,13
12229,130,137,-7,7
12230,63,62,1,1
12231,141,130,11,11
12232,54,60,-6,6
12233,73,74,-1,1
12234,71,67,4,4
12235,95,89,6,6
12236,121,111,10,10
12237,73,71,2,2
12238,125,128,-3,3
12239,67,75,-8,8
12240,121,121,0,0
12241,109,110,-1,1
12242,64,64,0,0
12243,96,91,5,5
12244,119,139,-20,20
12245,93,100,-7,7
12246,75,73,2,2
12247,95,96,-1,1
12248,66,71,-5,5
12249,99,99,0,0
12250,47,51,-4,4
12251,84,100,-16,16
12252,165,221,-56,56
12253,97,93,4,4
12254,73,76,-3,3
12255,37,39,-2,2
12256,104,97,7,7
12257,71,71,0,0
12258,65,65,0,0
12259,66,59,7,7
12260,63,60,3,3
12261,96,98,-2,2
12262,130,127,3,3
12263,141,141,0,0
12264,86,100,-14,14
12265,108,113,-5,5
12266,128,118,10,10
12267,118,113,5,5
12268,83,80,3,3
12269,68,71,-3,3
12270,84,88,-4,4
12271,105,99,6,6
12272,61,73,-12,12
12273,73,77,-4,4
12274,65,64,1,1
12275,131,114,17,17
12276,118,114,4,4
12277,93,96,-3,3
12278,76,71,5,5
12279,75,72,3,3
12280,65,68,-3,3
12281,70,65,5,5
12282,140,147,-7,7
12283,95,90,5,5
12284,145,129,16,16
12285,82,70,12,12
12286,185,174,11,11
12287,71,70,1,1
12288,100,109,-9,9
12289,99,92,7,7
12290,64,65,-1,1
12291,65,66,-1,1
12292,51,50,1,1
12293,79,90,-11,11
12294,50,55,-5,5
12295,128,139,-11,11
12296,109,105,4,4
12297,106,92,14,14
12298,50,54,-4,4
12299,126,122,4,4
12300,105,103,2,2
12301,39,38,1,1
12302,70,67,3,3
12303,134,106,28,28
12304,46,50,-4,4
12305,81,85,-4,4
12306,115,112,3,3
12307,56,64,-8,8
12308,90,89,1,1
12309,107,105,2,2
12310,38,39,-1,1
12311,112,116,-4,4
12312,86,87,-1,1
12313,102,102,0,0
12314,81,88,-7,7
12315,133,129,4,4
12316,65,63,2,2
12317,67,77,-10,10
12318,63,67,-4,4
12319,105,99,6,6
12320,81,84,-3,3
12321,97,105,-8,8
12322,96,103,-7,7
12323,113,132,-19,19
12324,91,93,-2,2
12325,67,78,-11,11
12326,85,84,1,1
12327,102,102,0,0
12328,76,73,3,3
12329,190,206,-16,16
12330,63,67,-4,4
12331,87,72,15,15
12332,140,137,3,3
12333,113,101,12,12
12334,102,101,1,1
12335,62,55,7,7
12336,57,55,2,2
12337,48,59,-11,11
12338,62,57,5,5
12339,94,115,-21,21
12340,95,105,-10,10
12341,183,183,0,0
12342,80,81,-1,1
12343,164,165,-1,1
12344,66,58,8,8
12345,67,82,-15,15
12346,103,102,1,1
12347,69,82,-13,13
12348,118,124,-6,6
12349,78,76,2,2
12350,66,62,4,4
12351,94,92,2,2
12352,92,96,-4,4
12353,142,137,5,5
12354,55,66,-11,11
12355,101,104,-3,3
12356,79,71,8,8
12357,122,131,-9,9
12358,123,110,13,13
12359,38,39,-1,1
12360,65,78,-13,13
12361,138,124,14,14
12362,76,75,1,1
12363,114,117,-3,3
12364,79,84,-5,5
12365,114,107,7,7
12366,68,67,1,1
12367,78,77,1,1
12368,93,100,-7,7
12369,103,108,-5,5
12370,163,144,19,19
12371,101,106,-5,5
12372,126,127,-1,1
12373,67,61,6,6
12374,78,76,2,2
12375,116,114,2,2
12376,128,131,-3,3
12377,91,87,4,4
12378,142,134,8,8
12379,65,67,-2,2
12380,145,162,-17,17
12381,61,57,4,4
12382,136,131,5,5
12383,84,80,4,4
12384,98,93,5,5
12385,87,88,-1,1
12386,107,111,-4,4
12387,115,130,-15,15
12388,106,97,9,9
12389,93,96,-3,3
12390,80,70,10,10
12391,130,120,10,10
12392,115,110,5,5
12393,97,113,-16,16
12394,92,94,-2,2
12395,88,86,2,2
12396,66,63,3,3
12397,66,63,3,3
12398,87,89,-2,2
12399,106,103,3,3
12400,70,77,-7,7
12401,180,169,11,11
12402,87,100,-13,13
12403,89,81,8,8
12404,92,100,-8,8
12405,125,114,11,11
12406,88,101,-13,13
12407,109,108,1,1
12408,35,39,-4,4
12409,67,73,-6,6
12410,117,117,0,0
12411,190,183,7,7
12412,114,113,1,1
12413,137,136,1,1
12414,138,155,-17,17
12415,129,138,-9,9
12416,106,90,16,16
12417,63,66,-3,3
12418,58,57,1,1
12419,57,62,-5,5
12420,86,93,-7,7
12421,104,100,4,4
12422,97,97,0,0
12423,101,104,-3,3
12424,137,130,7,7
12425,64,53,11,11
12426,176,201,-25,25
12427,93,89,4,4
12428,120,119,1,1
12429,108,107,1,1
12430,70,71,-1,1
12431,97,93,4,4
12432,83,91,-8,8
12433,83,79,4,4
12434,150,167,-17,17
12435,64,65,-1,1
12436,89,86,3,3
12437,96,94,2,2
12438,114,110,4,4
12439,119,115,4,4
12440,61,55,6,6
12441,96,98,-2,2
12442,105,106,-1,1
12443,61,57,4,4
12444,141,141,0,0
12445,86,83,3,3
12446,87,84,3,3
12447,90,80,10,10
12448,105,106,-1,1
12449,91,84,7,7
12450,111,118,-7,7
12451,76,75,1,1
12452,87,88,-1,1
12453,91,93,-2,2
12454,107,115,-8,8
12455,110,109,1,1
12456,124,134,-10,10
12457,128,123,5,5
12458,109,110,-1,1
12459,71,68,3,3
12460,87,81,6,6
12461,148,150,-2,2
12462,107,102,5,5
12463,134,140,-6,6
12464,23,37,-14,14
12465,119,137,-18,18
12466,91,84,7,7
12467,25,39,-14,14
12468,61,75,-14,14
12469,101,96,5,5
12470,72,68,4,4
12471,95,100,-5,5
12472,47,39,8,8
12473,97,96,1,1
12474,81,82,-1,1
12475,59,57,2,2
12476,77,71,6,6
12477,138,126,12,12
12478,120,129,-9,9
12479,136,144,-8,8
12480,79,83,-4,4
12481,63,63,0,0
12482,102,101,1,1
12483,158,152,6,6
12484,73,76,-3,3
12485,53,48,5,5
12486,83,88,-5,5
12487,155,138,17,17
12488,139,130,9,9
12489,93,86,7,7
12490,128,135,-7,7
12491,98,109,-11,11
12492,96,91,5,5
12493,153,147,6,6
12494,104,104,0,0
12495,115,101,14,14
12496,72,72,0,0
12497,90,87,3,3
12498,127,140,-13,13
12499,112,127,-15,15
12500,64,68,-4,4
12501,73,67,6,6
12502,72,77,-5,5
12503,73,87,-14,14
12504,56,57,-1,1
12505,106,103,3,3
12506,144,135,9,9
12507,47,74,-27,27
12508,147,145,2,2
12509,95,95,0,0
12510,76,83,-7,7
12511,128,130,-2,2
12512,81,70,11,11
12513,79,82,-3,3
12514,86,83,3,3
12515,44,50,-6,6
12516,87,91,-4,4
12517,102,105,-3,3
12518,116,117,-1,1
12519,105,104,1,1
12520,113,125,-12,12
12521,152,143,9,9
12522,175,172,3,3
12523,70,69,1,1
12524,173,171,2,2
12525,87,79,8,8
12526,102,96,6,6
12527,88,92,-4,4
12528,76,74,2,2
12529,110,104,6,6
12530,99,102,-3,3
12531,71,69,2,2
12532,75,76,-1,1
12533,105,105,0,0
12534,153,160,-7,7
12535,100,114,-14,14
12536,90,86,4,4
12537,83,97,-14,14
12538,82,84,-2,2
12539,49,54,-5,5
12540,69,67,2,2
12541,113,114,-1,1
12542,63,61,2,2
12543,58,59,-1,1
12544,65,61,4,4
12545,145,148,-3,3
12546,50,50,0,0
12547,83,88,-5,5
12548,100,97,3,3
12549,76,76,0,0
12550,72,73,-1,1
12551,71,88,-17,17
12552,106,104,2,2
12553,127,139,-12,12
12554,96,93,3,3
12555,67,66,1,1
12556,140,141,-1,1
12557,56,56,0,0
12558,108,106,2,2
12559,94,92,2,2
12560,59,58,1,1
12561,84,87,-3,3
12562,96,97,-1,1
12563,92,100,-8,8
12564,186,191,-5,5
12565,62,60,2,2
12566,164,159,5,5
12567,49,50,-1,1
12568,62,58,4,4
12569,50,59,-9,9
12570,128,122,6,6
12571,57,64,-7,7
12572,69,68,1,1
12573,48,54,-6,6
12574,132,123,9,9
12575,140,148,-8,8
12576,107,106,1,1
12577,80,83,-3,3
12578,78,76,2,2
12579,140,130,10,10
12580,78,81,-3,3
12581,123,112,11,11
12582,87,94,-7,7
12583,91,108,-17,17
12584,119,133,-14,14
12585,107,105,2,2
12586,52,55,-3,3
12587,61,69,-8,8
12588,102,98,4,4
12589,79,73,6,6
12590,81,82,-1,1
12591,72,69,3,3
12592,74,85,-11,11
12593,73,64,9,9
12594,114,91,23,23
12595,127,125,2,2
12596,92,82,10,10
12597,118,127,-9,9
12598,115,199,-84,84
12599,73,70,3,3
12600,93,96,-3,3
12601,70,68,2,2
12602,73,71,2,2
12603,107,119,-12,12
12604,96,101,-5,5
12605,101,86,15,15
12606,76,90,-14,14
12607,85,76,9,9
12608,111,106,5,5
12609,42,41,1,1
12610,69,69,0,0
12611,97,87,10,10
12612,90,86,4,4
12613,96,92,4,4
12614,114,137,-23,23
12615,121,117,4,4
12616,68,71,-3,3
12617,45,45,0,0
12618,73,75,-2,2
12619,109,106,3,3
12620,175,175,0,0
12621,90,81,9,9
12622,70,69,1,1
12623,85,88,-3,3
12624,62,66,-4,4
12625,89,99,-10,10
12626,132,132,0,0
12627,155,152,3,3
12628,99,104,-5,5
12629,60,57,3,3
12630,110,107,3,3
12631,87,85,2,2
12632,98,109,-11,11
12633,80,88,-8,8
12634,127,127,0,0
12635,172,166,6,6
12636,181,175,6,6
12637,130,121,9,9
12638,76,74,2,2
12639,86,83,3,3
12640,105,101,4,4
12641,105,115,-10,10
12642,56,64,-8,8
12643,65,69,-4,4
12644,42,38,4,4
12645,120,111,9,9
12646,65,61,4,4
12647,76,84,-8,8
12648,134,128,6,6
12649,28,67,-39,39
12650,96,95,1,1
12651,92,94,-2,2
12652,53,50,3,3
12653,66,61,5,5
12654,79,74,5,5
12655,101,115,-14,14
12656,78,98,-20,20
12657,88,95,-7,7
12658,136,132,4,4
12659,142,139,3,3
12660,73,65,8,8
12661,97,91,6,6
12662,80,76,4,4
12663,51,54,-3,3
12664,69,80,-11,11
12665,52,58,-6,6
12666,57,54,3,3
12667,100,115,-15,15
12668,147,147,0,0
12669,129,133,-4,4
12670,92,104,-12,12
12671,107,94,13,13
12672,99,109,-10,10
12673,89,93,-4,4
12674,58,60,-2,2
12675,103,91,12,12
12676,33,38,-5,5
12677,103,92,11,11
12678,88,90,-2,2
12679,81,84,-3,3
12680,53,55,-2,2
12681,70,82,-12,12
12682,32,37,-5,5
12683,88,86,2,2
12684,99,117,-18,18
12685,110,109,1,1
12686,78,77,1,1
12687,99,100,-1,1
12688,46,43,3,3
12689,136,121,15,15
12690,75,69,6,6
12691,117,103,14,14
12692,93,84,9,9
12693,132,133,-1,1
12694,70,70,0,0
12695,69,72,-3,3
12696,49,38,11,11
12697,71,63,8,8
12698,118,116,2,2
12699,97,99,-2,2
12700,76,88,-12,12
12701,195,165,30,30
12702,128,125,3,3
12703,66,58,8,8
12704,120,123,-3,3
12705,73,75,-2,2
12706,62,67,-5,5
12707,104,92,12,12
12708,94,97,-3,3
12709,94,88,6,6
12710,110,101,9,9
12711,96,92,4,4
12712,107,104,3,3
12713,77,86,-9,9
12714,91,101,-10,10
12715,63,58,5,5
12716,128,115,13,13
12717,77,74,3,3
12718,67,73,-6,6
12719,124,118,6,6
12720,94,91,3,3
12721,64,64,0,0
12722,74,77,-3,3
12723,88,88,0,0
12724,70,71,-1,1
12725,78,77,1,1
12726,66,75,-9,9
12727,104,106,-2,2
12728,134,148,-14,14
12729,92,88,4,4
12730,74,69,5,5
12731,93,91,2,2
12732,98,96,2,2
12733,100,92,8,8
12734,87,90,-3,3
12735,101,97,4,4
12736,49,51,-2,2
12737,121,117,4,4
12738,84,97,-13,13
12739,158,162,-4,4
12740,115,107,8,8
12741,125,114,11,11
12742,53,42,11,11
12743,80,89,-9,9
12744,68,64,4,4
12745,103,99,4,4
12746,107,108,-1,1
12747,77,91,-14,14
12748,100,111,-11,11
12749,120,128,-8,8
12750,91,89,2,2
12751,77,62,15,15
12752,132,126,6,6
12753,131,128,3,3
12754,43,59,-16,16
12755,45,39,6,6
12756,124,119,5,5
12757,86,81,5,5
12758,107,102,5,5
12759,82,89,-7,7
12760,204,199,5,5
12761,107,102,5,5
12762,120,125,-5,5
12763,140,139,1,1
12764,153,144,9,9
12765,83,81,2,2
12766,47,39,8,8
12767,91,83,8,8
12768,68,54,14,14
12769,56,56,0,0
12770,77,84,-7,7
12771,37,39,-2,2
12772,117,112,5,5
12773,85,83,2,2
12774,101,95,6,6
12775,67,73,-6,6
12776,118,133,-15,15
12777,56,61,-5,5
12778,68,66,2,2
12779,65,68,-3,3
12780,105,100,5,5
12781,102,110,-8,8
12782,116,108,8,8
12783,69,66,3,3
12784,79,75,4,4
12785,105,105,0,0
12786,101,81,20,20
12787,106,96,10,10
12788,89,85,4,4
12789,77,77,0,0
12790,116,118,-2,2
12791,111,105,6,6
12792,91,79,12,12
12793,74,67,7,7
12794,96,95,1,1
12795,119,128,-9,9
12796,124,119,5,5
12797,83,77,6,6
12798,59,62,-3,3
12799,87,82,5,5
12800,55,57,-2,2
12801,121,122,-1,1
12802,94,91,3,3
12803,90,87,3,3
12804,181,176,5,5
12805,93,86,7,7
12806,72,73,-1,1
12807,92,92,0,0
12808,153,147,6,6
12809,55,55,0,0
12810,61,65,-4,4
12811,99,96,3,3
12812,82,85,-3,3
12813,102,94,8,8
12814,148,148,0,0
12815,112,111,1,1
12816,172,178,-6,6
12817,133,134,-1,1
12818,97,100,-3,3
12819,70,76,-6,6
12820,70,78,-8,8
12821,98,84,14,14
12822,96,108,-12,12
12823,69,66,3,3
12824,90,86,4,4
12825,138,134,4,4
12826,132,132,0,0
12827,153,161,-8,8
12828,86,76,10,10
12829,108,101,7,7
12830,80,91,-11,11
12831,154,138,16,16
12832,116,123,-7,7
12833,103,99,4,4
12834,104,113,-9,9
12835,116,112,4,4
12836,107,93,14,14
12837,96,90,6,6
12838,90,94,-4,4
12839,50,55,-5,5
12840,104,103,1,1
12841,72,66,6,6
12842,106,99,7,7
12843,87,89,-2,2
12844,124,125,-1,1
12845,27,40,-13,13
12846,133,124,9,9
12847,122,112,10,10
12848,124,144,-20,20
12849,89,96,-7,7
12850,97,129,-32,32
12851,84,90,-6,6
12852,140,147,-7,7
12853,136,130,6,6
12854,20,38,-18,18
12855,93,96,-3,3
12856,85,88,-3,3
12857,74,77,-3,3
12858,103,94,9,9
12859,75,76,-1,1
12860,46,44,2,2
12861,84,107,-23,23
12862,75,75,0,0
12863,53,54,-1,1
12864,52,80,-28,28
12865,87,88,-1,1
12866,109,98,11,11
12867,105,95,10,10
12868,67,69,-2,2
12869,154,137,17,17
12870,84,89,-5,5
12871,128,123,5,5
12872,113,121,-8,8
12873,87,81,6,6
12874,101,106,-5,5
12875,96,104,-8,8
12876,39,39,0,0
12877,133,134,-1,1
12878,191,202,-11,11
12879,60,62,-2,2
12880,125,124,1,1
12881,75,78,-3,3
12882,40,38,2,2
12883,103,97,6,6
12884,79,78,1,1
12885,185,191,-6,6
12886,124,119,5,5
12887,109,116,-7,7
12888,89,99,-10,10
12889,67,68,-1,1
12890,47,45,2,2
12891,76,69,7,7
12892,122,131,-9,9
12893,106,97,9,9
12894,142,127,15,15
12895,96,81,15,15
12896,52,53,-1,1
12897,96,97,-1,1
12898,117,125,-8,8
12899,69,71,-2,2
12900,89,82,7,7
12901,72,70,2,2
12902,180,180,0,0
12903,94,89,5,5
12904,53,57,-4,4
12905,93,102,-9,9
12906,161,148,13,13
12907,137,137,0,0
12908,129,132,-3,3
12909,89,80,9,9
12910,102,97,5,5
12911,159,161,-2,2
12912,67,66,1,1
12913,67,81,-14,14
12914,97,98,-1,1
12915,71,70,1,1
12916,153,156,-3,3
12917,100,101,-1,1
12918,92,99,-7,7
12919,79,89,-10,10
12920,79,79,0,0
12921,73,70,3,3
12922,133,135,-2,2
12923,51,51,0,0
12924,139,133,6,6
12925,115,125,-10,10
12926,89,90,-1,1
12927,124,126,-2,2
12928,90,89,1,1
12929,128,130,-2,2
12930,131,124,7,7
12931,71,68,3,3
12932,113,109,4,4
12933,127,135,-8,8
12934,61,65,-4,4
12935,113,113,0,0
12936,112,91,21,21
12937,75,74,1,1
12938,125,109,16,16
12939,73,72,1,1
12940,100,116,-16,16
12941,187,182,5,5
12942,101,96,5,5
12943,103,95,8,8
12944,99,108,-9,9
12945,65,63,2,2
12946,116,113,3,3
12947,97,112,-15,15
12948,83,88,-5,5
12949,90,99,-9,9
12950,101,103,-2,2
12951,97,105,-8,8
12952,107,106,1,1
12953,119,132,-13,13
12954,78,71,7,7
12955,79,82,-3,3
12956,74,79,-5,5
12957,150,146,4,4
12958,83,95,-12,12
12959,131,144,-13,13
12960,68,70,-2,2
12961,222,194,28,28
12962,88,86,2,2
12963,109,102,7,7
12964,149,158,-9,9
12965,82,88,-6,6
12966,33,38,-5,5
12967,97,107,-10,10
12968,88,88,0,0
12969,127,133,-6,6
12970,70,69,1,1
12971,86,90,-4,4
12972,63,61,2,2
12973,101,100,1,1
12974,85,87,-2,2
12975,97,86,11,11
12976,68,67,1,1
12977,79,92,-13,13
12978,182,183,-1,1
12979,68,71,-3,3
12980,68,71,-3,3
12981,81,76,5,5
12982,118,112,6,6
12983,93,94,-1,1
12984,117,100,17,17
12985,144,141,3,3
12986,134,123,11,11
12987,69,68,1,1
12988,133,131,2,2
12989,88,93,-5,5
12990,63,57,6,6
12991,116,121,-5,5
12992,113,125,-12,12
12993,103,94,9,9
12994,127,121,6,6
12995,116,118,-2,2
12996,114,107,7,7
12997,123,116,7,7
12998,72,61,11,11
12999,107,100,7,7
13000,121,109,12,12
13001,100,88,12,12
13002,87,87,0,0
13003,102,94,8,8
13004,155,166,-11,11
13005,72,80,-8,8
13006,84,86,-2,2
13007,86,95,-9,9
13008,115,119,-4,4
13009,100,100,0,0
13010,81,71,10,10
13011,51,55,-4,4
13012,54,52,2,2
13013,86,86,0,0
13014,92,89,3,3
13015,60,63,-3,3
13016,112,115,-3,3
13017,92,87,5,5
13018,87,88,-1,1
13019,95,97,-2,2
13020,80,77,3,3
13021,139,144,-5,5
13022,103,96,7,7
13023,120,132,-12,12
13024,75,86,-11,11
13025,51,39,12,12
13026,76,74,2,2
13027,67,73,-6,6
13028,165,157,8,8
13029,84,89,-5,5
13030,83,88,-5,5
13031,61,58,3,3
13032,159,156,3,3
13033,64,79,-15,15
13034,140,142,-2,2
13035,65,78,-13,13
13036,68,71,-3,3
13037,67,60,7,7
13038,87,93,-6,6
13039,109,109,0,0
13040,116,117,-1,1
13041,94,114,-20,20
13042,135,125,10,10
13043,77,75,2,2
13044,55,52,3,3
13045,61,59,2,2
13046,73,75,-2,2
13047,139,125,14,14
13048,106,119,-13,13
13049,78,86,-8,8
13050,74,63,11,11
13051,99,94,5,5
13052,88,93,-5,5
13053,93,85,8,8
13054,69,64,5,5
13055,235,219,16,16
13056,83,87,-4,4
13057,101,87,14,14
13058,66,70,-4,4
13059,58,54,4,4
13060,119,123,-4,4
13061,129,129,0,0
13062,82,83,-1,1
13063,168,171,-3,3
13064,72,76,-4,4
13065,125,117,8,8
13066,82,75,7,7
13067,97,93,4,4
13068,56,62,-6,6
13069,123,140,-17,17
13070,79,71,8,8
13071,84,82,2,2
13072,112,109,3,3
13073,80,87,-7,7
13074,106,108,-2,2
13075,60,63,-3,3
13076,72,74,-2,2
13077,96,106,-10,10
13078,60,50,10,10
13079,117,100,17,17
13080,66,72,-6,6
13081,78,79,-1,1
13082,55,56,-1,1
13083,164,150,14,14
13084,184,182,2,2
13085,78,82,-4,4
13086,61,67,-6,6
13087,109,129,-20,20
13088,101,104,-3,3
13089,79,76,3,3
13090,51,54,-3,3
13091,64,59,5,5
13092,62,64,-2,2
13093,144,143,1,1
13094,57,58,-1,1
13095,50,52,-2,2
13096,81,80,1,1
13097,99,102,-3,3
13098,97,100,-3,3
13099,129,116,13,13
13100,104,99,5,5
13101,93,100,-7,7
13102,84,77,7,7
13103,90,93,-3,3
13104,112,118,-6,6
13105,69,68,1,1
13106,69,71,-2,2
13107,107,92,15,15
13108,145,130,15,15
13109,84,75,9,9
13110,51,54,-3,3
13111,100,94,6,6
13112,82,89,-7,7
13113,71,86,-15,15
13114,104,99,5,5
13115,67,76,-9,9
13116,89,93,-4,4
13117,61,75,-14,14
13118,74,78,-4,4
13119,101,110,-9,9
13120,67,74,-7,7
13121,72,80,-8,8
13122,70,70,0,0
13123,158,167,-9,9
13124,94,94,0,0
13125,84,81,3,3
13126,120,122,-2,2
13127,152,159,-7,7
13128,137,132,5,5
13129,82,92,-10,10
13130,116,114,2,2
13131,112,106,6,6
13132,99,94,5,5
13133,150,157,-7,7
13134,66,60,6,6
13135,81,72,9,9
13136,50,52,-2,2
13137,133,137,-4,4
13138,65,67,-2,2
13139,65,63,2,2
13140,80,79,1,1
13141,53,48,5,5
13142,108,100,8,8
13143,80,65,15,15
13144,126,135,-9,9
13145,73,79,-6,6
13146,58,54,4,4
13147,80,80,0,0
13148,62,62,0,0
13149,64,65,-1,1
13150,55,53,2,2
13151,81,82,-1,1
13152,97,100,-3,3
13153,78,71,7,7
13154,101,91,10,10
13155,72,80,-8,8
13156,112,110,2,2
13157,84,87,-3,3
13158,68,70,-2,2
13159,102,107,-5,5
13160,117,131,-14,14
13161,88,84,4,4
13162,127,115,12,12
13163,64,55,9,9
13164,87,90,-3,3
13165,80,82,-2,2
13166,101,90,11,11
13167,122,117,5,5
13168,67,63,4,4
13169,131,130,1,1
13170,97,87,10,10
13171,135,123,12,12
13172,88,89,-1,1
13173,115,133,-18,18
13174,134,122,12,12
13175,116,119,-3,3
13176,79,84,-5,5
13177,45,47,-2,2
13178,100,101,-1,1
13179,85,106,-21,21
13180,63,67,-4,4
13181,89,89,0,0
13182,76,78,-2,2
13183,138,131,7,7
13184,123,125,-2,2
13185,74,81,-7,7
13186,43,54,-11,11
13187,66,74,-8,8
13188,86,109,-23,23
13189,115,130,-15,15
13190,30,53,-23,23
13191,66,68,-2,2
13192,208,182,26,26
13193,90,88,2,2
13194,71,64,7,7
13195,94,85,9,9
13196,171,171,0,0
13197,55,55,0,0
13198,43,39,4,4
13199,67,71,-4,4
13200,143,126,17,17
13201,98,98,0,0
13202,100,96,4,4
13203,108,104,4,4
13204,91,81,10,10
13205,131,137,-6,6
13206,79,68,11,11
13207,153,162,-9,9
13208,37,39,-2,2
13209,46,39,7,7
13210,241,236,5,5
13211,89,87,2,2
13212,72,68,4,4
13213,100,96,4,4
13214,83,82,1,1
13215,98,103,-5,5
13216,128,126,2,2
13217,162,123,39,39
13218,81,77,4,4
13219,98,97,1,1
13220,70,79,-9,9
13221,182,172,10,10
13222,71,69,2,2
13223,173,182,-9,9
13224,54,57,-3,3
13225,66,67,-1,1
13226,85,79,6,6
13227,93,93,0,0
13228,71,114,-43,43
13229,163,168,-5,5
13230,86,84,2,2
13231,74,72,2,2
13232,148,152,-4,4
13233,112,111,1,1
13234,90,80,10,10
13235,64,59,5,5
13236,78,95,-17,17
13237,115,124,-9,9
13238,105,98,7,7
13239,90,89,1,1
13240,117,113,4,4
13241,103,94,9,9
13242,139,162,-23,23
13243,107,113,-6,6
13244,118,133,-15,15
13245,94,86,8,8
13246,56,55,1,1
13247,97,94,3,3
13248,77,68,9,9
13249,117,94,23,23
13250,125,127,-2,2
13251,67,71,-4,4
13252,73,71,2,2
13253,152,144,8,8
13254,73,66,7,7
13255,121,121,0,0
13256,166,166,0,0
13257,90,89,1,1
13258,96,102,-6,6
13259,149,161,-12,12
13260,61,63,-2,2
13261,144,138,6,6
13262,121,124,-3,3
13263,131,122,9,9
13264,58,49,9,9
13265,51,55,-4,4
13266,54,66,-12,12
13267,72,73,-1,1
13268,99,104,-5,5
13269,124,114,10,10
13270,105,107,-2,2
13271,100,98,2,2
13272,153,161,-8,8
13273,76,82,-6,6
13274,120,111,9,9
13275,94,93,1,1
13276,85,79,6,6
13277,84,88,-4,4
13278,53,66,-13,13
13279,106,110,-4,4
13280,108,114,-6,6
13281,140,132,8,8
13282,113,107,6,6
13283,57,66,-9,9
13284,108,110,-2,2
13285,123,116,7,7
13286,108,101,7,7
13287,83,82,1,1
13288,99,86,13,13
13289,78,81,-3,3
13290,96,100,-4,4
13291,58,56,2,2
13292,82,82,0,0
13293,148,151,-3,3
13294,86,92,-6,6
13295,81,70,11,11
13296,119,119,0,0
13297,97,104,-7,7
13298,118,118,0,0
13299,92,90,2,2
13300,102,114,-12,12
13301,72,72,0,0
13302,64,61,3,3
13303,86,88,-2,2
13304,57,64,-7,7
13305,102,102,0,0
13306,67,61,6,6
13307,88,89,-1,1
13308,139,124,15,15
13309,61,65,-4,4
13310,77,74,3,3
13311,158,165,-7,7
13312,130,120,10,10
13313,132,139,-7,7
13314,187,190,-3,3
13315,79,73,6,6
13316,96,106,-10,10
13317,76,77,-1,1
13318,71,70,1,1
13319,78,84,-6,6
13320,209,211,-2,2
13321,75,73,2,2
13322,146,135,11,11
13323,100,96,4,4
13324,80,90,-10,10
13325,70,70,0,0
13326,65,67,-2,2
13327,95,102,-7,7
13328,80,79,1,1
13329,69,68,1,1
13330,132,141,-9,9
13331,77,70,7,7
13332,98,93,5,5
13333,94,96,-2,2
13334,86,85,1,1
13335,90,85,5,5
13336,75,71,4,4
13337,130,105,25,25
13338,87,95,-8,8
13339,141,133,8,8
13340,161,151,10,10
13341,68,74,-6,6
13342,97,92,5,5
13343,125,115,10,10
13344,36,38,-2,2
13345,115,113,2,2
13346,68,61,7,7
13347,106,102,4,4
13348,96,111,-15,15
13349,82,81,1,1
13350,73,64,9,9
13351,89,76,13,13
13352,75,69,6,6
13353,85,94,-9,9
13354,134,150,-16,16
13355,90,84,6,6
13356,83,87,-4,4
13357,129,110,19,19
13358,140,142,-2,2
13359,60,56,4,4
13360,82,77,5,5
13361,153,144,9,9
13362,80,90,-10,10
13363,119,122,-3,3
13364,108,105,3,3
13365,54,56,-2,2
13366,99,105,-6,6
13367,130,166,-36,36
13368,100,99,1,1
13369,59,55,4,4
13370,84,94,-10,10
13371,117,119,-2,2
13372,60,66,-6,6
13373,55,54,1,1
13374,96,101,-5,5
13375,73,81,-8,8
13376,64,77,-13,13
13377,75,71,4,4
13378,55,55,0,0
13379,90,86,4,4
13380,142,152,-10,10
13381,139,141,-2,2
13382,118,113,5,5
13383,120,114,6,6
13384,112,116,-4,4
13385,43,46,-3,3
13386,106,110,-4,4
13387,187,189,-2,2
13388,117,123,-6,6
13389,111,112,-1,1
13390,188,193,-5,5
13391,156,139,17,17
13392,136,144,-8,8
13393,88,91,-3,3
13394,29,39,-10,10
13395,107,94,13,13
13396,113,96,17,17
13397,93,90,3,3
13398,81,83,-2,2
13399,22,39,-17,17
13400,69,68,1,1
13401,168,165,3,3
13402,147,139,8,8
13403,105,117,-12,12
13404,145,138,7,7
13405,58,63,-5,5
13406,60,65,-5,5
13407,150,161,-11,11
13408,70,66,4,4
13409,69,70,-1,1
13410,140,144,-4,4
13411,88,84,4,4
13412,120,122,-2,2
13413,63,61,2,2
13414,81,88,-7,7
13415,66,60,6,6
13416,91,85,6,6
13417,131,141,-10,10
13418,126,107,19,19
13419,138,140,-2,2
13420,103,110,-7,7
13421,103,102,1,1
13422,50,66,-16,16
13423,64,72,-8,8
13424,75,82,-7,7
13425,67,64,3,3
13426,97,92,5,5
13427,109,111,-2,2
13428,137,134,3,3
13429,71,67,4,4
13430,98,90,8,8
13431,82,97,-15,15
13432,65,68,-3,3
13433,117,104,13,13
13434,148,158,-10,10
13435,190,181,9,9
13436,84,80,4,4
13437,110,102,8,8
13438,138,136,2,2
13439,74,71,3,3
13440,130,119,11,11
13441,79,78,1,1
13442,92,112,-20,20
13443,137,145,-8,8
13444,104,93,11,11
13445,160,139,21,21
13446,90,90,0,0
13447,101,100,1,1
13448,123,128,-5,5
13449,73,72,1,1
13450,66,66,0,0
13451,124,124,0,0
13452,173,159,14,14
13453,142,133,9,9
13454,32,39,-7,7
13455,104,101,3,3
13456,65,84,-19,19
13457,60,59,1,1
13458,71,77,-6,6
13459,56,54,2,2
13460,122,125,-3,3
13461,135,153,-18,18
13462,162,166,-4,4
13463,96,114,-18,18
13464,126,137,-11,11
13465,74,77,-3,3
13466,102,106,-4,4
13467,80,80,0,0
13468,88,83,5,5
13469,92,82,10,10
13470,107,111,-4,4
13471,87,97,-10,10
13472,58,57,1,1
13473,80,69,11,11
13474,79,71,8,8
13475,114,124,-10,10
13476,78,87,-9,9
13477,75,81,-6,6
13478,168,178,-10,10
13479,114,116,-2,2
13480,59,69,-10,10
13481,152,163,-11,11
13482,66,65,1,1
13483,98,91,7,7
13484,70,70,0,0
13485,101,89,12,12
13486,130,132,-2,2
13487,114,110,4,4
13488,63,64,-1,1
13489,181,174,7,7
13490,86,88,-2,2
13491,107,122,-15,15
13492,59,59,0,0
13493,74,71,3,3
13494,134,135,-1,1
13495,199,174,25,25
13496,58,62,-4,4
13497,99,102,-3,3
13498,103,109,-6,6
13499,183,169,14,14
13500,96,98,-2,2
13501,99,106,-7,7
13502,113,104,9,9
13503,88,78,10,10
13504,88,93,-5,5
13505,128,126,2,2
13506,82,92,-10,10
13507,80,78,2,2
13508,53,57,-4,4
13509,47,50,-3,3
13510,102,90,12,12
13511,97,96,1,1
13512,68,68,0,0
13513,125,117,8,8
13514,110,120,-10,10
13515,77,71,6,6
13516,127,119,8,8
13517,87,87,0,0
13518,107,92,15,15
13519,105,114,-9,9
13520,153,130,23,23
13521,61,65,-4,4
13522,33,78,-45,45
13523,146,143,3,3
13524,100,110,-10,10
13525,170,159,11,11
13526,134,126,8,8
13527,78,99,-21,21
13528,73,63,10,10
13529,60,59,1,1
13530,64,61,3,3
13531,99,93,6,6
13532,80,91,-11,11
13533,65,62,3,3
13534,67,59,8,8
13535,141,129,12,12
13536,60,65,-5,5
13537,138,147,-9,9
13538,154,157,-3,3
13539,58,58,0,0
13540,114,126,-12,12
13541,132,126,6,6
13542,98,99,-1,1
13543,80,87,-7,7
13544,105,111,-6,6
13545,84,93,-9,9
13546,78,86,-8,8
13547,154,152,2,2
13548,67,72,-5,5
13549,95,106,-11,11
13550,125,121,4,4
13551,128,122,6,6
13552,42,39,3,3
13553,204,197,7,7
13554,98,97,1,1
13555,112,114,-2,2
13556,132,128,4,4
13557,139,131,8,8
13558,93,88,5,5
13559,146,143,3,3
13560,56,56,0,0
13561,65,62,3,3
13562,124,118,6,6
13563,103,104,-1,1
13564,86,81,5,5
13565,60,67,-7,7
13566,98,103,-5,5
13567,80,123,-43,43
13568,89,101,-12,12
13569,148,135,13,13
13570,40,39,1,1
13571,80,89,-9,9
13572,70,79,-9,9
13573,82,72,10,10
13574,133,147,-14,14
13575,75,82,-7,7
13576,75,70,5,5
13577,120,102,18,18
13578,50,54,-4,4
13579,111,131,-20,20
13580,86,85,1,1
13581,115,122,-7,7
13582,63,60,3,3
13583,93,95,-2,2
13584,104,96,8,8
13585,153,159,-6,6
13586,51,53,-2,2
13587,128,120,8,8
13588,92,89,3,3
13589,51,54,-3,3
13590,84,86,-2,2
13591,104,103,1,1
13592,101,93,8,8
13593,83,90,-7,7
13594,69,74,-5,5
13595,96,93,3,3
13596,83,83,0,0
13597,54,70,-16,16
13598,83,69,14,14
13599,54,49,5,5
13600,61,59,2,2
13601,116,109,7,7
13602,113,105,8,8
13603,76,70,6,6
13604,87,84,3,3
13605,59,57,2,2
13606,141,141,0,0
13607,97,100,-3,3
13608,89,83,6,6
13609,131,134,-3,3
13610,71,65,6,6
13611,60,56,4,4
13612,39,39,0,0
13613,68,77,-9,9
13614,61,59,2,2
13615,107,103,4,4
13616,95,94,1,1
13617,94,114,-20,20
13618,82,87,-5,5
13619,110,114,-4,4
13620,113,117,-4,4
13621,107,101,6,6
13622,161,149,12,12
13623,180,164,16,16
13624,101,104,-3,3
13625,88,87,1,1
13626,87,87,0,0
13627,115,118,-3,3
13628,121,118,3,3
13629,139,140,-1,1
13630,123,122,1,1
13631,63,59,4,4
13632,122,117,5,5
13633,68,67,1,1
13634,110,102,8,8
13635,57,82,-25,25
13636,82,74,8,8
13637,95,95,0,0
13638,134,137,-3,3
13639,98,89,9,9
13640,128,118,10,10
13641,95,95,0,0
13642,104,128,-24,24
13643,175,167,8,8
13644,109,99,10,10
13645,164,153,11,11
13646,118,117,1,1
13647,70,69,1,1
13648,54,62,-8,8
13649,145,148,-3,3
13650,68,65,3,3
13651,82,75,7,7
13652,61,59,2,2
13653,92,94,-2,2
13654,89,87,2,2
13655,96,94,2,2
13656,122,117,5,5
13657,79,79,0,0
13658,75,76,-1,1
13659,108,107,1,1
13660,43,38,5,5
13661,67,69,-2,2
13662,75,79,-4,4
13663,67,65,2,2
13664,88,94,-6,6
13665,55,54,1,1
13666,96,110,-14,14
13667,60,60,0,0
13668,125,116,9,9
13669,56,63,-7,7
13670,111,110,1,1
13671,105,120,-15,15
13672,77,98,-21,21
13673,89,93,-4,4
13674,79,85,-6,6
13675,107,112,-5,5
13676,124,120,4,4
13677,119,121,-2,2
13678,57,80,-23,23
13679,127,124,3,3
13680,64,73,-9,9
13681,96,100,-4,4
13682,89,81,8,8
13683,71,73,-2,2
13684,76,74,2,2
13685,110,112,-2,2
13686,120,133,-13,13
13687,98,93,5,5
13688,84,91,-7,7
13689,233,220,13,13
13690,75,66,9,9
13691,107,88,19,19
13692,76,76,0,0
13693,84,86,-2,2
13694,86,85,1,1
13695,103,95,8,8
13696,106,97,9,9
13697,150,132,18,18
13698,73,72,1,1
13699,130,147,-17,17
13700,132,120,12,12
13701,139,142,-3,3
13702,115,115,0,0
13703,155,155,0,0
13704,75,84,-9,9
13705,70,69,1,1
13706,127,120,7,7
13707,65,61,4,4
13708,100,110,-10,10
13709,170,168,2,2
13710,135,132,3,3
13711,75,76,-1,1
13712,164,179,-15,15
13713,125,115,10,10
13714,104,112,-8,8
13715,53,53,0,0
13716,146,147,-1,1
13717,102,88,14,14
13718,70,84,-14,14
13719,54,56,-2,2
13720,108,109,-1,1
13721,97,99,-2,2
13722,104,103,1,1
13723,140,145,-5,5
13724,94,101,-7,7
13725,62,73,-11,11
13726,105,95,10,10
13727,48,38,10,10
13728,63,65,-2,2
13729,64,56,8,8
13730,51,50,1,1
13731,63,59,4,4
13732,121,119,2,2
13733,120,113,7,7
13734,86,88,-2,2
13735,91,92,-1,1
13736,55,61,-6,6
13737,98,101,-3,3
13738,69,61,8,8
13739,45,39,6,6
13740,126,141,-15,15
13741,169,168,1,1
13742,95,89,6,6
13743,106,112,-6,6
13744,91,85,6,6
13745,126,119,7,7
13746,67,69,-2,2
13747,55,58,-3,3
13748,74,79,-5,5
13749,87,75,12,12
13750,87,88,-1,1
13751,83,72,11,11
13752,114,129,-15,15
13753,125,130,-5,5
13754,120,119,1,1
13755,86,83,3,3
13756,66,72,-6,6
13757,106,104,2,2
13758,62,57,5,5
13759,87,111,-24,24
13760,68,61,7,7
13761,77,78,-1,1
13762,106,103,3,3
13763,101,98,3,3
13764,93,85,8,8
13765,63,84,-21,21
13766,53,57,-4,4
13767,116,119,-3,3
13768,116,119,-3,3
13769,92,114,-22,22
13770,80,84,-4,4
13771,93,93,0,0
13772,129,126,3,3
13773,97,97,0,0
13774,51,61,-10,10
13775,98,92,6,6
13776,80,107,-27,27
13777,74,77,-3,3
13778,157,150,7,7
13779,163,172,-9,9
13780,62,64,-2,2
13781,107,110,-3,3
13782,107,96,11,11
13783,107,105,2,2
13784,83,83,0,0
13785,117,103,14,14
13786,94,100,-6,6
13787,65,66,-1,1
13788,61,64,-3,3
13789,79,84,-5,5
13790,137,144,-7,7
13791,141,134,7,7
13792,95,96,-1,1
13793,101,101,0,0
13794,95,98,-3,3
13795,142,130,12,12
13796,107,96,11,11
13797,80,76,4,4
13798,91,95,-4,4
13799,71,69,2,2
13800,81,78,3,3
13801,96,91,5,5
13802,151,146,5,5
13803,75,85,-10,10
13804,69,72,-3,3
13805,70,69,1,1
13806,66,70,-4,4
13807,100,104,-4,4
13808,107,103,4,4
13809,116,116,0,0
13810,59,62,-3,3
13811,90,90,0,0
13812,60,53,7,7
13813,55,56,-1,1
13814,66,69,-3,3
13815,90,94,-4,4
13816,80,85,-5,5
13817,151,82,69,69
13818,91,90,1,1
13819,59,59,0,0
13820,73,73,0,0
13821,51,57,-6,6
13822,95,99,-4,4
13823,92,92,0,0
13824,61,61,0,0
13825,80,80,0,0
13826,107,124,-17,17
13827,79,80,-1,1
13828,167,156,11,11
13829,58,61,-3,3
13830,104,103,1,1
13831,106,119,-13,13
13832,61,56,5,5
13833,111,119,-8,8
13834,97,115,-18,18
13835,101,99,2,2
13836,67,71,-4,4
13837,56,60,-4,4
13838,57,56,1,1
13839,82,65,17,17
13840,95,93,2,2
13841,69,75,-6,6
13842,58,60,-2,2
13843,105,102,3,3
13844,163,147,16,16
13845,61,63,-2,2
13846,90,75,15,15
13847,220,216,4,4
13848,96,82,14,14
13849,44,39,5,5
13850,59,59,0,0
13851,60,61,-1,1
13852,64,67,-3,3
13853,94,94,0,0
13854,151,144,7,7
13855,75,73,2,2
13856,75,73,2,2
13857,79,72,7,7
13858,70,75,-5,5
13859,107,112,-5,5
13860,145,143,2,2
13861,70,65,5,5
13862,75,69,6,6
13863,141,139,2,2
13864,66,66,0,0
13865,79,69,10,10
13866,111,102,9,9
13867,112,102,10,10
13868,125,139,-14,14
13869,121,130,-9,9
13870,108,103,5,5
13871,74,84,-10,10
13872,106,114,-8,8
13873,118,120,-2,2
13874,162,154,8,8
13875,142,109,33,33
13876,65,67,-2,2
13877,59,57,2,2
13878,91,86,5,5
13879,75,71,4,4
13880,125,118,7,7
13881,146,140,6,6
13882,84,80,4,4
13883,95,94,1,1
13884,88,83,5,5
13885,95,88,7,7
13886,54,60,-6,6
13887,68,55,13,13
13888,250,246,4,4
13889,64,72,-8,8
13890,89,85,4,4
13891,63,63,0,0
13892,47,61,-14,14
13893,113,114,-1,1
13894,118,111,7,7
13895,77,76,1,1
13896,175,164,11,11
13897,87,87,0,0
13898,85,87,-2,2
13899,107,97,10,10
13900,77,63,14,14
13901,112,121,-9,9
13902,67,71,-4,4
13903,124,136,-12,12
13904,69,67,2,2
13905,170,174,-4,4
13906,91,80,11,11
13907,69,70,-1,1
13908,69,61,8,8
13909,102,102,0,0
13910,87,99,-12,12
13911,61,61,0,0
13912,140,122,18,18
13913,56,67,-11,11
13914,50,51,-1,1
13915,71,64,7,7
13916,46,53,-7,7
13917,102,104,-2,2
13918,72,67,5,5
13919,102,109,-7,7
13920,98,99,-1,1
13921,114,120,-6,6
13922,83,89,-6,6
13923,75,76,-1,1
13924,92,86,6,6
13925,107,111,-4,4
13926,166,160,6,6
13927,72,75,-3,3
13928,43,55,-12,12
13929,98,87,11,11
13930,141,137,4,4
13931,112,98,14,14
13932,149,154,-5,5
13933,17,38,-21,21
13934,63,70,-7,7
13935,127,120,7,7
13936,128,129,-1,1
13937,64,67,-3,3
13938,59,60,-1,1
13939,45,56,-11,11
13940,104,101,3,3
13941,82,79,3,3
13942,52,51,1,1
13943,96,87,9,9
13944,108,108,0,0
13945,122,124,-2,2
13946,105,103,2,2
13947,72,76,-4,4
13948,75,69,6,6
13949,111,110,1,1
13950,86,82,4,4
13951,121,124,-3,3
13952,86,83,3,3
13953,66,62,4,4
13954,93,97,-4,4
13955,128,141,-13,13
13956,142,136,6,6
13957,87,71,16,16
13958,84,83,1,1
13959,103,104,-1,1
13960,113,105,8,8
13961,136,138,-2,2
13962,74,68,6,6
13963,108,125,-17,17
13964,89,93,-4,4
13965,84,85,-1,1
13966,98,97,1,1
13967,51,57,-6,6
13968,53,38,15,15
13969,88,93,-5,5
13970,96,89,7,7
13971,105,114,-9,9
13972,95,89,6,6
13973,119,98,21,21
13974,79,70,9,9
13975,110,94,16,16
13976,68,63,5,5
13977,98,101,-3,3
13978,162,167,-5,5
13979,124,129,-5,5
13980,54,51,3,3
13981,89,99,-10,10
13982,55,63,-8,8
13983,147,134,13,13
13984,118,111,7,7
13985,28,38,-10,10
13986,115,114,1,1
13987,87,89,-2,2
13988,129,125,4,4
13989,100,94,6,6
13990,119,120,-1,1
13991,95,96,-1,1
13992,130,132,-2,2
13993,57,51,6,6
13994,103,91,12,12
13995,100,96,4,4
13996,95,94,1,1
13997,61,60,1,1
13998,59,62,-3,3
13999,126,114,12,12
14000,162,176,-14,14
14001,98,104,-6,6
14002,134,113,21,21
14003,118,116,2,2
14004,57,58,-1,1
14005,84,91,-7,7
14006,84,79,5,5
14007,120,134,-14,14
14008,163,166,-3,3
14009,64,65,-1,1
14010,83,75,8,8
14011,69,84,-15,15
14012,135,99,36,36
14013,86,83,3,3
14014,60,53,7,7
14015,77,83,-6,6
14016,92,93,-1,1
14017,85,80,5,5
14018,161,159,2,2
14019,126,118,8,8
14020,63,63,0,0
14021,93,105,-12,12
14022,73,71,2,2
14023,107,106,1,1
14024,74,76,-2,2
14025,73,66,7,7
14026,108,92,16,16
14027,182,182,0,0
14028,134,123,11,11
14029,67,68,-1,1
14030,91,88,3,3
14031,131,162,-31,31
14032,146,143,3,3
14033,80,77,3,3
14034,139,136,3,3
14035,188,193,-5,5
14036,150,148,2,2
14037,74,74,0,0
14038,115,120,-5,5
14039,87,84,3,3
14040,83,70,13,13
14041,71,67,4,4
14042,95,96,-1,1
14043,110,105,5,5
14044,91,90,1,1
14045,108,106,2,2
14046,51,38,13,13
14047,71,73,-2,2
14048,50,50,0,0
14049,66,69,-3,3
14050,56,65,-9,9
14051,108,112,-4,4
14052,114,110,4,4
14053,86,75,11,11
14054,88,88,0,0
14055,66,56,10,10
14056,111,113,-2,2
14057,53,56,-3,3
14058,94,93,1,1
14059,74,73,1,1
14060,129,138,-9,9
14061,75,80,-5,5
14062,198,186,12,12
14063,76,70,6,6
14064,94,94,0,0
14065,70,66,4,4
14066,172,155,17,17
14067,61,61,0,0
14068,80,78,2,2
14069,102,96,6,6
14070,114,115,-1,1
14071,70,71,-1,1
14072,75,83,-8,8
14073,112,107,5,5
14074,44,50,-6,6
14075,145,175,-30,30
14076,68,95,-27,27
14077,148,147,1,1
14078,56,59,-3,3
14079,81,84,-3,3
14080,73,73,0,0
14081,122,128,-6,6
14082,75,84,-9,9
14083,121,128,-7,7
14084,139,146,-7,7
14085,63,62,1,1
14086,125,129,-4,4
14087,85,81,4,4
14088,112,116,-4,4
14089,114,111,3,3
14090,134,128,6,6
14091,98,111,-13,13
14092,75,83,-8,8
14093,135,124,11,11
14094,96,100,-4,4
14095,102,102,0,0
14096,150,159,-9,9
14097,186,173,13,13
14098,63,59,4,4
14099,116,113,3,3
14100,83,71,12,12
14101,110,98,12,12
14102,104,97,7,7
14103,71,68,3,3
14104,111,122,-11,11
14105,106,112,-6,6
14106,147,153,-6,6
14107,67,69,-2,2
14108,212,204,8,8
14109,83,85,-2,2
14110,174,156,18,18
14111,113,128,-15,15
14112,68,79,-11,11
14113,159,169,-10,10
14114,52,60,-8,8
14115,123,125,-2,2
14116,112,114,-2,2
14117,69,78,-9,9
14118,61,63,-2,2
14119,63,64,-1,1
14120,70,71,-1,1
14121,65,70,-5,5
14122,145,152,-7,7
14123,121,126,-5,5
14124,60,55,5,5
14125,187,178,9,9
14126,24,39,-15,15
14127,136,139,-3,3
14128,65,73,-8,8
14129,67,64,3,3
14130,189,190,-1,1
14131,83,105,-22,22
14132,76,77,-1,1
14133,91,89,2,2
14134,74,86,-12,12
14135,55,62,-7,7
14136,107,101,6,6
14137,160,154,6,6
14138,149,142,7,7
14139,96,91,5,5
14140,88,86,2,2
14141,118,120,-2,2
14142,91,88,3,3
14143,92,94,-2,2
14144,74,74,0,0
14145,118,125,-7,7
14146,81,99,-18,18
14147,95,95,0,0
14148,68,70,-2,2
14149,132,121,11,11
14150,49,39,10,10
14151,115,120,-5,5
14152,148,148,0,0
14153,109,128,-19,19
14154,104,97,7,7
14155,159,168,-9,9
14156,83,72,11,11
14157,47,38,9,9
14158,92,89,3,3
14159,101,107,-6,6
14160,57,57,0,0
14161,40,50,-10,10
14162,153,146,7,7
14163,163,146,17,17
14164,66,68,-2,2
14165,90,87,3,3
14166,55,49,6,6
14167,52,61,-9,9
14168,96,96,0,0
14169,115,117,-2,2
14170,47,56,-9,9
14171,77,91,-14,14
14172,76,80,-4,4
14173,115,119,-4,4
14174,93,98,-5,5
14175,120,96,24,24
14176,83,90,-7,7
14177,119,113,6,6
14178,40,45,-5,5
14179,47,51,-4,4
14180,55,53,2,2
14181,96,94,2,2
14182,88,95,-7,7
14183,74,86,-12,12
14184,80,88,-8,8
14185,68,63,5,5
14186,144,143,1,1
14187,101,98,3,3
14188,116,117,-1,1
14189,63,59,4,4
14190,51,60,-9,9
14191,123,124,-1,1
14192,145,144,1,1
14193,107,98,9,9
14194,109,112,-3,3
14195,115,118,-3,3
14196,59,57,2,2
14197,63,70,-7,7
14198,190,190,0,0
14199,69,63,6,6
14200,77,81,-4,4
14201,78,86,-8,8
14202,85,96,-11,11
14203,112,95,17,17
14204,82,85,-3,3
14205,150,151,-1,1
14206,72,76,-4,4
14207,105,108,-3,3
14208,80,79,1,1
14209,39,38,1,1
14210,102,113,-11,11
14211,68,72,-4,4
14212,95,91,4,4
14213,24,39,-15,15
14214,50,50,0,0
14215,66,58,8,8
14216,69,74,-5,5
14217,120,116,4,4
14218,140,123,17,17
14219,69,72,-3,3
14220,187,152,35,35
14221,107,106,1,1
14222,67,64,3,3
14223,126,130,-4,4
14224,112,125,-13,13
14225,93,106,-13,13
14226,89,96,-7,7
14227,93,102,-9,9
14228,48,38,10,10
14229,153,151,2,2
14230,67,64,3,3
14231,48,51,-3,3
14232,58,66,-8,8
14233,179,173,6,6
14234,91,92,-1,1
14235,123,128,-5,5
14236,70,78,-8,8
14237,32,40,-8,8
14238,96,86,10,10
14239,53,49,4,4
14240,99,101,-2,2
14241,133,122,11,11
14242,77,87,-10,10
14243,47,67,-20,20
14244,55,54,1,1
14245,85,79,6,6
14246,135,134,1,1
14247,103,101,2,2
14248,62,71,-9,9
14249,73,72,1,1
14250,117,133,-16,16
14251,112,110,2,2
14252,34,39,-5,5
14253,46,46,0,0
14254,68,63,5,5
14255,42,38,4,4
14256,88,110,-22,22
14257,88,89,-1,1
14258,78,82,-4,4
14259,74,81,-7,7
14260,145,140,5,5
14261,144,144,0,0
14262,146,152,-6,6
14263,50,54,-4,4
14264,134,119,15,15
14265,81,75,6,6
14266,81,76,5,5
14267,64,63,1,1
14268,134,133,1,1
14269,177,180,-3,3
14270,115,108,7,7
14271,105,111,-6,6
14272,142,132,10,10
14273,104,102,2,2
14274,74,83,-9,9
14275,177,166,11,11
14276,47,39,8,8
14277,127,135,-8,8
14278,186,177,9,9
14279,81,94,-13,13
14280,78,73,5,5
14281,155,145,10,10
14282,170,131,39,39
14283,97,92,5,5
14284,94,90,4,4
14285,77,82,-5,5
14286,83,81,2,2
14287,109,110,-1,1
14288,92,95,-3,3
14289,93,95,-2,2
14290,63,87,-24,24
14291,85,88,-3,3
14292,92,100,-8,8
14293,68,56,12,12
14294,111,121,-10,10
14295,181,178,3,3
14296,57,57,0,0
14297,93,101,-8,8
14298,68,79,-11,11
14299,95,99,-4,4
14300,123,109,14,14
14301,58,60,-2,2
14302,159,148,11,11
14303,97,86,11,11
14304,82,83,-1,1
14305,70,64,6,6
14306,87,75,12,12
14307,63,64,-1,1
14308,138,136,2,2
14309,124,129,-5,5
14310,90,87,3,3
14311,72,66,6,6
14312,82,91,-9,9
14313,102,116,-14,14
14314,149,138,11,11
14315,127,122,5,5
14316,127,107,20,20
14317,80,77,3,3
14318,79,70,9,9
14319,126,132,-6,6
14320,160,159,1,1
14321,88,91,-3,3
14322,57,40,17,17
14323,117,120,-3,3
14324,88,82,6,6
14325,117,120,-3,3
14326,108,109,-1,1
14327,122,135,-13,13
14328,126,120,6,6
14329,137,139,-2,2
14330,119,105,14,14
14331,94,97,-3,3
14332,89,69,20,20
14333,65,62,3,3
14334,80,78,2,2
14335,73,76,-3,3
14336,137,125,12,12
14337,112,113,-1,1
14338,93,91,2,2
14339,121,100,21,21
14340,94,99,-5,5
14341,74,77,-3,3
14342,126,124,2,2
14343,102,94,8,8
14344,61,58,3,3
14345,107,116,-9,9
14346,187,180,7,7
14347,129,125,4,4
14348,96,102,-6,6
14349,85,75,10,10
14350,89,94,-5,5
14351,65,57,8,8
14352,67,77,-10,10
14353,95,90,5,5
14354,90,81,9,9
14355,70,86,-16,16
14356,51,56,-5,5
14357,67,74,-7,7
14358,105,95,10,10
14359,72,89,-17,17
14360,73,64,9,9
14361,90,91,-1,1
14362,60,55,5,5
14363,125,121,4,4
14364,128,121,7,7
14365,114,112,2,2
14366,80,72,8,8
14367,130,118,12,12
14368,170,194,-24,24
14369,163,161,2,2
14370,121,108,13,13
14371,65,69,-4,4
14372,110,111,-1,1
14373,86,86,0,0
14374,136,139,-3,3
14375,95,96,-1,1
14376,82,79,3,3
14377,117,113,4,4
14378,122,125,-3,3
14379,61,56,5,5
14380,49,50,-1,1
14381,188,172,16,16
14382,61,66,-5,5
14383,164,168,-4,4
14384,64,68,-4,4
14385,100,96,4,4
14386,75,73,2,2
14387,90,86,4,4
14388,83,75,8,8
14389,74,83,-9,9
14390,88,87,1,1
14391,110,100,10,10
14392,104,101,3,3
14393,61,64,-3,3
14394,80,86,-6,6
14395,121,111,10,10
14396,72,75,-3,3
14397,80,80,0,0
14398,38,39,-1,1
14399,136,120,16,16
14400,85,92,-7,7
14401,86,86,0,0
14402,129,128,1,1
14403,58,56,2,2
14404,73,79,-6,6
14405,135,140,-5,5
14406,106,119,-13,13
14407,53,53,0,0
14408,54,59,-5,5
14409,62,80,-18,18
14410,91,99,-8,8
14411,61,59,2,2
14412,56,61,-5,5
14413,53,55,-2,2
14414,67,65,2,2
14415,81,87,-6,6
14416,77,85,-8,8
14417,92,93,-1,1
14418,181,173,8,8
14419,68,72,-4,4
14420,73,74,-1,1
14421,102,96,6,6
14422,85,85,0,0
14423,78,80,-2,2
14424,85,80,5,5
14425,86,94,-8,8
14426,61,55,6,6
14427,60,61,-1,1
14428,70,82,-12,12
14429,63,66,-3,3
14430,141,154,-13,13
14431,82,79,3,3
14432,125,115,10,10
14433,25,38,-13,13
14434,124,116,8,8
14435,42,39,3,3
14436,123,131,-8,8
14437,50,66,-16,16
14438,94,102,-8,8
14439,175,170,5,5
14440,119,124,-5,5
14441,97,101,-4,4
14442,112,111,1,1
14443,105,103,2,2
14444,85,84,1,1
14445,117,125,-8,8
14446,140,136,4,4
14447,117,110,7,7
14448,45,41,4,4
14449,73,75,-2,2
14450,71,83,-12,12
14451,41,39,2,2
14452,134,127,7,7
14453,102,102,0,0
14454,69,69,0,0
14455,98,102,-4,4
14456,113,105,8,8
14457,90,94,-4,4
14458,67,63,4,4
14459,83,88,-5,5
14460,64,62,2,2
14461,192,170,22,22
14462,93,81,12,12
14463,111,113,-2,2
14464,122,130,-8,8
14465,89,100,-11,11
14466,77,99,-22,22
14467,66,67,-1,1
14468,57,60,-3,3
14469,84,87,-3,3
14470,90,94,-4,4
14471,103,103,0,0
14472,144,145,-1,1
14473,120,115,5,5
14474,105,101,4,4
14475,121,122,-1,1
14476,51,96,-45,45
14477,91,83,8,8
14478,73,82,-9,9
14479,60,60,0,0
14480,50,45,5,5
14481,94,103,-9,9
14482,107,98,9,9
14483,62,56,6,6
14484,77,75,2,2
14485,109,104,5,5
14486,113,108,5,5
14487,95,96,-1,1
14488,153,160,-7,7
14489,146,134,12,12
14490,75,78,-3,3
14491,97,101,-4,4
14492,96,97,-1,1
14493,112,131,-19,19
14494,93,104,-11,11
14495,88,89,-1,1
14496,143,131,12,12
14497,131,136,-5,5
14498,92,95,-3,3
14499,77,72,5,5
14500,94,90,4,4
14501,60,72,-12,12
14502,70,69,1,1
14503,73,74,-1,1
14504,115,112,3,3
14505,111,117,-6,6
14506,41,38,3,3
14507,49,53,-4,4
14508,141,138,3,3
14509,85,78,7,7
14510,89,90,-1,1
14511,84,74,10,10
14512,102,101,1,1
14513,100,104,-4,4
14514,72,70,2,2
14515,99,95,4,4
14516,68,60,8,8
14517,63,58,5,5
14518,156,171,-15,15
14519,113,110,3,3
14520,109,103,6,6
14521,141,141,0,0
14522,173,172,1,1
14523,95,104,-9,9
14524,89,96,-7,7
14525,103,101,2,2
14526,71,72,-1,1
14527,81,82,-1,1
14528,93,93,0,0
14529,138,154,-16,16
14530,94,83,11,11
14531,168,156,12,12
14532,56,58,-2,2
14533,70,62,8,8
14534,143,124,19,19
14535,115,116,-1,1
14536,78,71,7,7
14537,71,69,2,2
14538,61,60,1,1
14539,174,172,2,2
14540,136,140,-4,4
14541,137,146,-9,9
14542,64,57,7,7
14543,98,96,2,2
14544,61,65,-4,4
14545,79,78,1,1
14546,58,57,1,1
14547,88,90,-2,2
14548,83,83,0,0
14549,58,65,-7,7
14550,113,101,12,12
14551,65,59,6,6
14552,98,99,-1,1
14553,98,91,7,7
14554,119,107,12,12
14555,81,83,-2,2
14556,107,111,-4,4
14557,69,65,4,4
14558,102,106,-4,4
14559,64,66,-2,2
14560,92,102,-10,10
14561,91,81,10,10
14562,76,66,10,10
14563,120,117,3,3
14564,131,126,5,5
14565,73,63,10,10
14566,113,94,19,19
14567,46,37,9,9
14568,31,38,-7,7
14569,86,106,-20,20
14570,124,134,-10,10
14571,69,65,4,4
14572,103,98,5,5
14573,78,86,-8,8
14574,85,79,6,6
14575,43,39,4,4
14576,102,105,-3,3
14577,64,67,-3,3
14578,112,122,-10,10
14579,104,102,2,2
14580,116,118,-2,2
14581,72,72,0,0
14582,86,96,-10,10
14583,45,38,7,7
14584,90,97,-7,7
14585,204,195,9,9
14586,38,39,-1,1
14587,95,79,16,16
14588,102,114,-12,12
14589,193,194,-1,1
14590,130,121,9,9
14591,47,49,-2,2
14592,132,137,-5,5
14593,176,153,23,23
14594,67,69,-2,2
14595,100,107,-7,7
14596,73,66,7,7
14597,44,50,-6,6
14598,65,67,-2,2
14599,34,39,-5,5
14600,56,63,-7,7
14601,87,90,-3,3
14602,87,109,-22,22
14603,44,49,-5,5
14604,115,106,9,9
14605,82,78,4,4
14606,134,140,-6,6
14607,161,158,3,3
14608,61,57,4,4
14609,150,150,0,0
14610,106,104,2,2
14611,68,68,0,0
14612,106,97,9,9
14613,96,97,-1,1
14614,142,154,-12,12
14615,74,65,9,9
14616,47,51,-4,4
14617,130,138,-8,8
14618,121,127,-6,6
14619,104,102,2,2
14620,79,80,-1,1
14621,85,78,7,7
14622,92,92,0,0
14623,52,98,-46,46
14624,144,167,-23,23
14625,92,84,8,8
14626,58,56,2,2
14627,116,126,-10,10
14628,71,80,-9,9
14629,65,59,6,6
14630,86,77,9,9
14631,51,56,-5,5
14632,51,56,-5,5
14633,169,168,1,1
14634,117,127,-10,10
14635,94,95,-1,1
14636,77,73,4,4
14637,61,60,1,1
14638,64,62,2,2
14639,38,38,0,0
14640,54,54,0,0
14641,70,70,0,0
14642,77,82,-5,5
14643,127,118,9,9
14644,58,58,0,0
14645,84,85,-1,1
14646,89,93,-4,4
14647,52,55,-3,3
14648,73,71,2,2
14649,64,72,-8,8
14650,53,60,-7,7
14651,112,107,5,5
14652,92,95,-3,3
14653,90,81,9,9
14654,72,69,3,3
14655,99,108,-9,9
14656,84,76,8,8
14657,90,95,-5,5
14658,135,143,-8,8
14659,91,87,4,4
14660,81,90,-9,9
14661,119,114,5,5
14662,70,71,-1,1
14663,62,60,2,2
14664,80,81,-1,1
14665,69,65,4,4
14666,107,121,-14,14
14667,145,140,5,5
14668,137,132,5,5
14669,94,98,-4,4
14670,158,141,17,17
14671,174,186,-12,12
14672,100,106,-6,6
14673,141,140,1,1
14674,131,130,1,1
14675,168,166,2,2
14676,98,95,3,3
14677,116,126,-10,10
14678,101,97,4,4
14679,89,104,-15,15
14680,119,115,4,4
14681,139,140,-1,1
14682,25,37,-12,12
14683,106,109,-3,3
14684,161,168,-7,7
14685,123,120,3,3
14686,87,83,4,4
14687,58,59,-1,1
14688,62,63,-1,1
14689,89,86,3,3
14690,81,80,1,1
14691,70,61,9,9
14692,78,77,1,1
14693,163,165,-2,2
14694,46,69,-23,23
14695,57,57,0,0
14696,108,103,5,5
14697,148,116,32,32
14698,74,77,-3,3
14699,54,59,-5,5
14700,64,72,-8,8
14701,162,143,19,19
14702,124,115,9,9
14703,75,78,-3,3
14704,76,75,1,1
14705,81,91,-10,10
14706,56,60,-4,4
14707,90,86,4,4
14708,70,77,-7,7
14709,66,83,-17,17
14710,75,76,-1,1
14711,95,114,-19,19
14712,123,126,-3,3
14713,125,120,5,5
14714,44,39,5,5
14715,141,143,-2,2
14716,53,56,-3,3
14717,97,98,-1,1
14718,100,102,-2,2
14719,78,96,-18,18
14720,199,193,6,6
14721,124,120,4,4
14722,56,67,-11,11
14723,62,55,7,7
14724,109,104,5,5
14725,149,136,13,13
14726,101,105,-4,4
14727,129,125,4,4
14728,138,123,15,15
14729,118,126,-8,8
14730,151,150,1,1
14731,58,54,4,4
14732,148,153,-5,5
14733,89,93,-4,4
14734,93,95,-2,2
14735,111,100,11,11
14736,131,131,0,0
14737,106,110,-4,4
14738,123,125,-2,2
14739,119,146,-27,27
14740,106,112,-6,6
14741,121,117,4,4
14742,74,64,10,10
14743,94,100,-6,6
14744,83,77,6,6
14745,159,154,5,5
14746,126,118,8,8
14747,71,68,3,3
14748,52,38,14,14
14749,139,152,-13,13
14750,98,92,6,6
14751,94,93,1,1
14752,58,54,4,4
14753,126,132,-6,6
14754,65,64,1,1
14755,98,88,10,10
14756,170,169,1,1
14757,71,76,-5,5
14758,63,76,-13,13
14759,74,78,-4,4
14760,119,116,3,3
14761,73,87,-14,14
14762,88,88,0,0
14763,96,100,-4,4
14764,125,130,-5,5
14765,119,122,-3,3
14766,88,87,1,1
14767,98,93,5,5
14768,103,119,-16,16
14769,95,91,4,4
14770,80,83,-3,3
14771,88,88,0,0
14772,50,45,5,5
14773,81,76,5,5
14774,72,65,7,7
14775,56,48,8,8
14776,54,52,2,2
14777,70,79,-9,9
14778,92,86,6,6
14779,79,78,1,1
14780,64,65,-1,1
14781,121,117,4,4
14782,55,54,1,1
14783,110,108,2,2
14784,142,142,0,0
14785,160,156,4,4
14786,61,59,2,2
14787,59,57,2,2
14788,102,110,-8,8
14789,95,90,5,5
14790,62,67,-5,5
14791,142,145,-3,3
14792,91,80,11,11
14793,114,108,6,6
14794,54,53,1,1
14795,93,101,-8,8
14796,96,93,3,3
14797,75,71,4,4
14798,95,92,3,3
14799,59,61,-2,2
14800,87,75,12,12
14801,121,109,12,12
14802,85,91,-6,6
14803,74,76,-2,2
14804,94,95,-1,1
14805,117,121,-4,4
14806,136,136,0,0
14807,51,51,0,0
14808,143,138,5,5
14809,110,111,-1,1
14810,112,107,5,5
14811,59,53,6,6
14812,69,63,6,6
14813,92,88,4,4
14814,92,96,-4,4
14815,125,117,8,8
14816,93,86,7,7
14817,94,86,8,8
14818,183,168,15,15
14819,158,168,-10,10
14820,126,125,1,1
14821,201,188,13,13
14822,96,87,9,9
14823,69,88,-19,19
14824,112,123,-11,11
14825,60,65,-5,5
14826,81,76,5,5
14827,229,226,3,3
14828,81,76,5,5
14829,49,54,-5,5
14830,98,91,7,7
14831,104,99,5,5
14832,117,112,5,5
14833,91,94,-3,3
14834,96,89,7,7
14835,82,81,1,1
14836,193,172,21,21
14837,75,82,-7,7
14838,101,101,0,0
14839,128,115,13,13
14840,103,102,1,1
14841,84,79,5,5
14842,162,152,10,10
14843,117,117,0,0
14844,104,127,-23,23
14845,85,86,-1,1
14846,90,91,-1,1
14847,67,69,-2,2
14848,91,80,11,11
14849,152,154,-2,2
14850,60,56,4,4
14851,107,104,3,3
14852,114,133,-19,19
14853,95,96,-1,1
14854,85,87,-2,2
14855,72,109,-37,37
14856,66,88,-22,22
14857,81,86,-5,5
14858,112,107,5,5
14859,39,39,0,0
14860,125,140,-15,15
14861,67,65,2,2
14862,103,98,5,5
14863,44,59,-15,15
14864,52,50,2,2
14865,58,59,-1,1
14866,105,108,-3,3
14867,55,62,-7,7
14868,107,127,-20,20
14869,102,110,-8,8
14870,61,79,-18,18
14871,129,129,0,0
14872,72,69,3,3
14873,144,143,1,1
14874,67,69,-2,2
14875,131,127,4,4
14876,59,59,0,0
14877,142,139,3,3
14878,80,83,-3,3
14879,95,91,4,4
14880,62,68,-6,6
14881,99,105,-6,6
14882,69,79,-10,10
14883,36,39,-3,3
14884,53,57,-4,4
14885,174,158,16,16
14886,120,121,-1,1
14887,60,65,-5,5
14888,44,39,5,5
14889,104,110,-6,6
14890,70,65,5,5
14891,80,75,5,5
14892,72,65,7,7
14893,114,128,-14,14
14894,110,110,0,0
14895,69,63,6,6
14896,108,104,4,4
14897,136,136,0,0
14898,62,65,-3,3
14899,170,177,-7,7
14900,109,102,7,7
14901,85,87,-2,2
14902,93,84,9,9
14903,117,115,2,2
14904,102,83,19,19
14905,123,117,6,6
14906,91,106,-15,15
14907,65,65,0,0
14908,52,53,-1,1
14909,139,127,12,12
14910,88,92,-4,4
14911,67,84,-17,17
14912,143,144,-1,1
14913,153,160,-7,7
14914,65,63,2,2
14915,84,85,-1,1
14916,101,112,-11,11
14917,90,119,-29,29
14918,75,71,4,4
14919,95,93,2,2
14920,197,177,20,20
14921,60,60,0,0
14922,152,154,-2,2
14923,69,64,5,5
14924,79,82,-3,3
14925,63,66,-3,3
14926,114,114,0,0
14927,94,89,5,5
14928,107,103,4,4
14929,94,96,-2,2
14930,68,67,1,1
14931,95,92,3,3
14932,123,116,7,7
14933,81,77,4,4
14934,141,128,13,13
14935,78,78,0,0
14936,100,109,-9,9
14937,120,119,1,1
14938,36,45,-9,9
14939,81,88,-7,7
14940,118,101,17,17
14941,122,123,-1,1
14942,80,73,7,7
14943,130,122,8,8
14944,44,39,5,5
14945,170,177,-7,7
14946,74,90,-16,16
14947,66,71,-5,5
14948,192,185,7,7
14949,84,88,-4,4
14950,116,140,-24,24
14951,81,79,2,2
14952,43,39,4,4
14953,69,70,-1,1
14954,63,59,4,4
14955,94,92,2,2
14956,84,81,3,3
14957,56,51,5,5
14958,106,113,-7,7
14959,152,132,20,20
14960,92,91,1,1
14961,68,65,3,3
14962,87,94,-7,7
14963,88,101,-13,13
14964,78,80,-2,2
14965,64,74,-10,10
14966,147,148,-1,1
14967,57,54,3,3
14968,81,91,-10,10
14969,59,61,-2,2
14970,70,69,1,1
14971,87,95,-8,8
14972,90,82,8,8
14973,87,76,11,11
14974,49,47,2,2
14975,160,144,16,16
14976,131,119,12,12
14977,83,86,-3,3
14978,44,39,5,5
14979,44,51,-7,7
14980,52,64,-12,12
14981,102,109,-7,7
14982,69,69,0,0
14983,99,97,2,2
14984,81,93,-12,12
14985,91,100,-9,9
14986,87,86,1,1
14987,57,55,2,2
14988,82,89,-7,7
14989,56,56,0,0
14990,76,74,2,2
14991,79,80,-1,1
14992,78,72,6,6
14993,121,111,10,10
14994,119,103,16,16
14995,68,75,-7,7
14996,146,139,7,7
14997,106,92,14,14
14998,132,121,11,11
14999,47,49,-2,2
15000,70,68,2,2
15001,114,98,16,16
15002,71,65,6,6
15003,85,97,-12,12
15004,132,127,5,5
15005,33,39,-6,6
15006,16,41,-25,25
15007,68,69,-1,1
15008,62,63,-1,1
15009,84,90,-6,6
15010,50,53,-3,3
15011,91,94,-3,3
15012,116,113,3,3
15013,97,92,5,5
15014,126,131,-5,5
15015,102,109,-7,7
15016,111,99,12,12
15017,113,110,3,3
15018,149,138,11,11
15019,87,79,8,8
15020,120,110,10,10
15021,124,125,-1,1
15022,145,134,11,11
15023,78,77,1,1
15024,158,164,-6,6
15025,47,54,-7,7
15026,228,223,5,5
15027,86,94,-8,8
15028,97,96,1,1
15029,105,100,5,5
15030,59,64,-5,5
15031,134,109,25,25
15032,122,123,-1,1
15033,116,137,-21,21
15034,72,81,-9,9
15035,95,107,-12,12
15036,48,48,0,0
15037,71,67,4,4
15038,164,174,-10,10
15039,80,81,-1,1
15040,96,88,8,8
15041,133,127,6,6
15042,121,133,-12,12
15043,122,125,-3,3
15044,99,92,7,7
15045,96,89,7,7
15046,41,49,-8,8
15047,157,137,20,20
15048,104,87,17,17
15049,65,70,-5,5
15050,103,110,-7,7
15051,118,114,4,4
15052,99,96,3,3
15053,126,118,8,8
15054,106,104,2,2
15055,55,40,15,15
15056,75,70,5,5
15057,69,73,-4,4
15058,107,110,-3,3
15059,122,123,-1,1
15060,63,66,-3,3
15061,107,104,3,3
15062,96,118,-22,22
15063,62,74,-12,12
15064,72,70,2,2
15065,152,143,9,9
15066,65,67,-2,2
15067,78,74,4,4
15068,115,112,3,3
15069,113,106,7,7
15070,113,98,15,15
15071,105,101,4,4
15072,116,119,-3,3
15073,158,156,2,2
15074,57,61,-4,4
15075,141,149,-8,8
15076,82,81,1,1
15077,106,109,-3,3
15078,96,90,6,6
15079,104,101,3,3
15080,98,91,7,7
15081,83,95,-12,12
15082,138,133,5,5
15083,148,144,4,4
15084,71,69,2,2
15085,90,99,-9,9
15086,134,124,10,10
15087,129,140,-11,11
15088,127,129,-2,2
15089,77,75,2,2
15090,69,75,-6,6
15091,102,101,1,1
15092,69,68,1,1
15093,65,63,2,2
15094,102,114,-12,12
15095,56,68,-12,12
15096,123,115,8,8
15097,73,68,5,5
15098,61,68,-7,7
15099,102,119,-17,17
15100,98,97,1,1
15101,80,74,6,6
15102,85,89,-4,4
15103,61,56,5,5
15104,127,131,-4,4
15105,68,65,3,3
15106,127,139,-12,12
15107,71,73,-2,2
15108,71,59,12,12
15109,149,144,5,5
15110,91,83,8,8
15111,98,105,-7,7
15112,51,52,-1,1
15113,90,86,4,4
15114,105,118,-13,13
15115,84,84,0,0
15116,98,92,6,6
15117,188,198,-10,10
15118,57,54,3,3
15119,135,114,21,21
15120,107,102,5,5
15121,166,165,1,1
15122,102,95,7,7
15123,162,160,2,2
15124,74,70,4,4
15125,81,84,-3,3
15126,58,58,0,0
15127,93,79,14,14
15128,67,62,5,5
15129,136,145,-9,9
15130,122,125,-3,3
15131,114,123,-9,9
15132,66,60,6,6
15133,121,113,8,8
15134,82,89,-7,7
15135,110,107,3,3
15136,63,65,-2,2
15137,108,108,0,0
15138,77,75,2,2
15139,86,83,3,3
15140,74,68,6,6
15141,101,106,-5,5
15142,114,125,-11,11
15143,105,100,5,5
15144,106,107,-1,1
15145,83,76,7,7
15146,169,169,0,0
15147,71,69,2,2
15148,87,93,-6,6
15149,67,65,2,2
15150,86,111,-25,25
15151,244,234,10,10
15152,96,83,13,13
15153,136,137,-1,1
15154,64,64,0,0
15155,131,147,-16,16
15156,142,153,-11,11
15157,63,72,-9,9
15158,56,61,-5,5
15159,65,63,2,2
15160,116,106,10,10
15161,57,54,3,3
15162,109,117,-8,8
15163,114,127,-13,13
15164,68,62,6,6
15165,114,110,4,4
15166,64,84,-20,20
15167,112,124,-12,12
15168,47,53,-6,6
15169,66,61,5,5
15170,81,88,-7,7
15171,127,132,-5,5
15172,109,110,-1,1
15173,72,64,8,8
15174,94,97,-3,3
15175,46,51,-5,5
15176,113,87,26,26
15177,70,71,-1,1
15178,80,86,-6,6
15179,64,67,-3,3
15180,113,105,8,8
15181,56,60,-4,4
15182,112,106,6,6
15183,50,63,-13,13
15184,101,98,3,3
15185,173,177,-4,4
15186,57,52,5,5
15187,104,97,7,7
15188,90,85,5,5
15189,76,73,3,3
15190,94,92,2,2
15191,105,122,-17,17
15192,121,121,0,0
15193,126,137,-11,11
15194,127,115,12,12
15195,116,119,-3,3
15196,88,82,6,6
15197,62,72,-10,10
15198,190,197,-7,7
15199,91,104,-13,13
15200,68,74,-6,6
15201,102,99,3,3
15202,150,124,26,26
15203,85,90,-5,5
15204,45,52,-7,7
15205,106,111,-5,5
15206,64,59,5,5
15207,152,160,-8,8
15208,124,131,-7,7
15209,77,81,-4,4
15210,80,88,-8,8
15211,68,58,10,10
15212,131,133,-2,2
15213,141,134,7,7
15214,138,126,12,12
15215,139,159,-20,20
15216,54,61,-7,7
15217,81,83,-2,2
15218,131,130,1,1
15219,105,105,0,0
15220,88,80,8,8
15221,97,100,-3,3
15222,132,126,6,6
15223,80,87,-7,7
15224,83,83,0,0
15225,56,59,-3,3
15226,68,78,-10,10
15227,88,86,2,2
15228,101,106,-5,5
15229,123,118,5,5
15230,123,132,-9,9
15231,56,71,-15,15
15232,139,143,-4,4
15233,102,107,-5,5
15234,53,49,4,4
15235,145,147,-2,2
15236,94,98,-4,4
15237,126,125,1,1
15238,92,85,7,7
15239,82,83,-1,1
15240,74,83,-9,9
15241,165,140,25,25
15242,99,106,-7,7
15243,139,148,-9,9
15244,84,74,10,10
15245,85,84,1,1
15246,63,65,-2,2
15247,174,157,17,17
15248,127,112,15,15
15249,93,104,-11,11
15250,106,105,1,1
15251,108,143,-35,35
15252,93,91,2,2
15253,98,84,14,14
15254,91,89,2,2
15255,68,64,4,4
15256,98,98,0,0
15257,264,228,36,36
15258,105,92,13,13
15259,71,77,-6,6
15260,57,52,5,5
15261,99,99,0,0
15262,87,82,5,5
15263,109,109,0,0
15264,132,135,-3,3
15265,66,73,-7,7
15266,99,102,-3,3
15267,70,63,7,7
15268,111,111,0,0
15269,124,122,2,2
15270,53,58,-5,5
15271,113,105,8,8
15272,69,59,10,10
15273,69,76,-7,7
15274,80,80,0,0
15275,87,86,1,1
15276,117,110,7,7
15277,105,98,7,7
15278,64,57,7,7
15279,41,39,2,2
15280,60,56,4,4
15281,93,92,1,1
15282,74,64,10,10
15283,100,94,6,6
15284,75,70,5,5
15285,117,106,11,11
15286,129,132,-3,3
15287,145,146,-1,1
15288,102,105,-3,3
15289,147,148,-1,1
15290,55,56,-1,1
15291,91,84,7,7
15292,46,51,-5,5
15293,211,185,26,26
15294,125,135,-10,10
15295,76,73,3,3
15296,84,84,0,0
15297,104,105,-1,1
15298,62,67,-5,5
15299,77,81,-4,4
15300,100,95,5,5
15301,83,89,-6,6
15302,90,93,-3,3
15303,181,168,13,13
15304,132,148,-16,16
15305,88,85,3,3
15306,85,87,-2,2
15307,69,72,-3,3
15308,59,56,3,3
15309,42,37,5,5
15310,138,133,5,5
15311,75,68,7,7
15312,116,116,0,0
15313,76,90,-14,14
15314,85,86,-1,1
15315,60,60,0,0
15316,101,108,-7,7
15317,117,129,-12,12
15318,73,82,-9,9
15319,65,80,-15,15
15320,136,142,-6,6
15321,40,39,1,1
15322,61,60,1,1
15323,138,139,-1,1
15324,55,61,-6,6
15325,87,82,5,5
15326,60,56,4,4
15327,42,38,4,4
15328,184,199,-15,15
15329,136,145,-9,9
15330,46,56,-10,10
15331,157,120,37,37
15332,99,104,-5,5
15333,64,58,6,6
15334,95,95,0,0
15335,138,141,-3,3
15336,63,66,-3,3
15337,72,69,3,3
15338,52,57,-5,5
15339,90,81,9,9
15340,78,87,-9,9
15341,97,102,-5,5
15342,118,116,2,2
15343,89,91,-2,2
15344,55,60,-5,5
15345,109,105,4,4
15346,64,69,-5,5
15347,103,96,7,7
15348,96,98,-2,2
15349,101,99,2,2
15350,130,129,1,1
15351,67,79,-12,12
15352,65,62,3,3
15353,80,76,4,4
15354,90,88,2,2
15355,86,83,3,3
15356,62,59,3,3
15357,162,162,0,0
15358,107,115,-8,8
15359,42,39,3,3
15360,104,105,-1,1
15361,125,125,0,0
15362,93,97,-4,4
15363,163,188,-25,25
15364,42,55,-13,13
15365,127,125,2,2
15366,94,103,-9,9
15367,88,89,-1,1
15368,147,145,2,2
15369,155,155,0,0
15370,107,97,10,10
15371,65,63,2,2
15372,94,112,-18,18
15373,77,83,-6,6
15374,128,133,-5,5
15375,70,75,-5,5
15376,51,58,-7,7
15377,101,108,-7,7
15378,108,94,14,14
15379,169,163,6,6
15380,56,59,-3,3
15381,114,100,14,14
15382,129,144,-15,15
15383,98,97,1,1
15384,62,72,-10,10
15385,52,53,-1,1
15386,125,116,9,9
15387,123,116,7,7
15388,107,106,1,1
15389,100,101,-1,1
15390,153,174,-21,21
15391,81,86,-5,5
15392,82,85,-3,3
15393,97,102,-5,5
15394,28,38,-10,10
15395,123,128,-5,5
15396,66,75,-9,9
15397,91,93,-2,2
15398,95,95,0,0
15399,66,71,-5,5
15400,105,109,-4,4
15401,64,62,2,2
15402,106,103,3,3
15403,136,128,8,8
15404,87,89,-2,2
15405,71,65,6,6
15406,116,120,-4,4
15407,88,93,-5,5
15408,53,55,-2,2
15409,126,115,11,11
15410,144,131,13,13
15411,74,77,-3,3
15412,63,62,1,1
15413,72,71,1,1
15414,73,58,15,15
15415,76,79,-3,3
15416,88,87,1,1
15417,78,78,0,0
15418,103,103,0,0
15419,76,67,9,9
15420,41,85,-44,44
15421,231,212,19,19
15422,134,137,-3,3
15423,126,109,17,17
15424,138,132,6,6
15425,103,113,-10,10
15426,90,95,-5,5
15427,73,70,3,3
15428,63,73,-10,10
15429,81,91,-10,10
15430,120,105,15,15
15431,92,97,-5,5
15432,100,101,-1,1
15433,51,58,-7,7
15434,116,119,-3,3
15435,97,96,1,1
15436,87,70,17,17
15437,138,129,9,9
15438,52,58,-6,6
15439,36,39,-3,3
15440,167,175,-8,8
15441,80,91,-11,11
15442,117,117,0,0
15443,91,81,10,10
15444,163,162,1,1
15445,112,127,-15,15
15446,75,79,-4,4
15447,119,115,4,4
15448,61,64,-3,3
15449,71,64,7,7
15450,117,122,-5,5
15451,115,135,-20,20
15452,99,106,-7,7
15453,125,125,0,0
15454,100,100,0,0
15455,153,142,11,11
15456,146,153,-7,7
15457,157,149,8,8
15458,104,106,-2,2
15459,130,123,7,7
15460,137,149,-12,12
15461,105,114,-9,9
15462,101,93,8,8
15463,110,115,-5,5
15464,97,92,5,5
15465,87,81,6,6
15466,107,110,-3,3
15467,87,88,-1,1
15468,90,79,11,11
15469,90,87,3,3
15470,118,120,-2,2
15471,57,63,-6,6
15472,108,114,-6,6
15473,51,54,-3,3
15474,56,84,-28,28
15475,53,64,-11,11
15476,55,59,-4,4
15477,68,76,-8,8
15478,61,65,-4,4
15479,142,151,-9,9
15480,83,82,1,1
15481,56,60,-4,4
15482,60,71,-11,11
15483,59,62,-3,3
15484,119,117,2,2
15485,60,67,-7,7
15486,60,62,-2,2
15487,106,104,2,2
15488,78,79,-1,1
15489,83,79,4,4
15490,63,64,-1,1
15491,147,136,11,11
15492,182,174,8,8
15493,129,125,4,4
15494,97,101,-4,4
15495,115,112,3,3
15496,105,112,-7,7
15497,102,110,-8,8
15498,127,134,-7,7
15499,157,157,0,0
15500,84,83,1,1
15501,152,144,8,8
15502,74,77,-3,3
15503,79,79,0,0
15504,123,130,-7,7
15505,135,143,-8,8
15506,82,83,-1,1
15507,111,114,-3,3
15508,62,87,-25,25
15509,59,63,-4,4
15510,77,91,-14,14
15511,63,67,-4,4
15512,81,82,-1,1
15513,56,56,0,0
15514,69,71,-2,2
15515,65,68,-3,3
15516,82,80,2,2
15517,91,90,1,1
15518,190,169,21,21
15519,185,182,3,3
15520,131,123,8,8
15521,65,63,2,2
15522,158,153,5,5
15523,144,160,-16,16
15524,73,83,-10,10
15525,80,89,-9,9
15526,152,146,6,6
15527,62,64,-2,2
15528,64,67,-3,3
15529,65,70,-5,5
15530,146,142,4,4
15531,124,123,1,1
15532,108,102,6,6
15533,131,128,3,3
15534,107,114,-7,7
15535,104,104,0,0
15536,78,71,7,7
15537,115,124,-9,9
15538,159,154,5,5
15539,103,112,-9,9
15540,101,107,-6,6
15541,63,60,3,3
15542,160,162,-2,2
15543,61,64,-3,3
15544,60,58,2,2
15545,130,141,-11,11
15546,96,92,4,4
15547,84,87,-3,3
15548,93,88,5,5
15549,110,112,-2,2
15550,66,62,4,4
15551,77,70,7,7
15552,103,104,-1,1
15553,78,81,-3,3
15554,147,144,3,3
15555,87,91,-4,4
15556,84,76,8,8
15557,83,79,4,4
15558,69,63,6,6
15559,180,184,-4,4
15560,140,143,-3,3
15561,57,59,-2,2
15562,120,116,4,4
15563,62,61,1,1
15564,79,78,1,1
15565,127,132,-5,5
15566,64,67,-3,3
15567,81,72,9,9
15568,100,95,5,5
15569,118,120,-2,2
15570,85,75,10,10
15571,77,87,-10,10
15572,104,97,7,7
15573,72,69,3,3
15574,101,101,0,0
15575,95,102,-7,7
15576,98,95,3,3
15577,62,58,4,4
15578,98,90,8,8
15579,113,129,-16,16
15580,62,60,2,2
15581,52,59,-7,7
15582,112,107,5,5
15583,80,83,-3,3
15584,106,120,-14,14
15585,63,65,-2,2
15586,49,61,-12,12
15587,72,75,-3,3
15588,117,108,9,9
15589,116,112,4,4
15590,94,91,3,3
15591,95,97,-2,2
15592,83,95,-12,12
15593,119,120,-1,1
15594,106,110,-4,4
15595,92,85,7,7
15596,70,78,-8,8
15597,133,130,3,3
15598,64,60,4,4
15599,169,166,3,3
15600,93,89,4,4
15601,102,106,-4,4
15602,87,79,8,8
15603,71,72,-1,1
15604,62,64,-2,2
15605,59,53,6,6
15606,85,82,3,3
15607,72,73,-1,1
15608,50,51,-1,1
15609,92,93,-1,1
15610,127,124,3,3
15611,57,53,4,4
15612,107,104,3,3
15613,65,60,5,5
15614,82,86,-4,4
15615,81,87,-6,6
15616,98,98,0,0
15617,82,79,3,3
15618,110,130,-20,20
15619,166,164,2,2
15620,107,105,2,2
15621,50,54,-4,4
15622,148,139,9,9
15623,70,73,-3,3
15624,100,91,9,9
15625,108,108,0,0
15626,113,114,-1,1
15627,53,60,-7,7
15628,126,129,-3,3
15629,72,71,1,1
15630,197,188,9,9
15631,47,38,9,9
15632,89,85,4,4
15633,143,132,11,11
15634,119,120,-1,1
15635,76,83,-7,7
15636,73,81,-8,8
15637,68,71,-3,3
15638,111,109,2,2
15639,121,109,12,12
15640,92,100,-8,8
15641,113,109,4,4
15642,98,100,-2,2
15643,152,167,-15,15
15644,80,82,-2,2
15645,82,79,3,3
15646,128,124,4,4
15647,49,55,-6,6
15648,128,132,-4,4
15649,63,62,1,1
15650,52,54,-2,2
15651,89,88,1,1
15652,68,62,6,6
15653,109,107,2,2
15654,83,83,0,0
15655,97,101,-4,4
15656,73,73,0,0
15657,75,70,5,5
15658,127,123,4,4
15659,52,78,-26,26
15660,69,55,14,14
15661,152,151,1,1
15662,87,89,-2,2
15663,130,116,14,14
15664,72,81,-9,9
15665,114,119,-5,5
15666,75,80,-5,5
15667,136,128,8,8
15668,77,72,5,5
15669,88,85,3,3
15670,64,70,-6,6
15671,90,79,11,11
15672,174,179,-5,5
15673,57,64,-7,7
15674,56,61,-5,5
15675,78,75,3,3
15676,81,77,4,4
15677,67,57,10,10
15678,123,115,8,8
15679,146,149,-3,3
15680,123,130,-7,7
15681,98,104,-6,6
15682,61,64,-3,3
15683,109,111,-2,2
15684,76,84,-8,8
15685,121,121,0,0
15686,81,83,-2,2
15687,38,55,-17,17
15688,70,76,-6,6
15689,83,82,1,1
15690,100,99,1,1
15691,79,90,-11,11
15692,98,104,-6,6
15693,79,71,8,8
15694,196,189,7,7
15695,137,139,-2,2
15696,67,68,-1,1
15697,87,90,-3,3
15698,79,81,-2,2
15699,84,93,-9,9
15700,104,118,-14,14
15701,105,115,-10,10
15702,113,104,9,9
15703,54,52,2,2
15704,77,74,3,3
15705,124,124,0,0
15706,103,103,0,0
15707,175,163,12,12
15708,67,60,7,7
15709,86,86,0,0
15710,65,67,-2,2
15711,74,71,3,3
15712,85,69,16,16
15713,77,75,2,2
15714,94,94,0,0
15715,163,148,15,15
15716,107,110,-3,3
15717,126,126,0,0
15718,97,92,5,5
15719,80,79,1,1
15720,150,159,-9,9
15721,67,72,-5,5
15722,120,105,15,15
15723,86,96,-10,10
15724,80,77,3,3
15725,79,75,4,4
15726,98,96,2,2
15727,100,104,-4,4
15728,105,107,-2,2
15729,140,163,-23,23
15730,110,104,6,6
15731,101,94,7,7
15732,50,50,0,0
15733,132,131,1,1
15734,160,165,-5,5
15735,119,112,7,7
15736,94,90,4,4
15737,83,82,1,1
15738,92,89,3,3
15739,76,67,9,9
15740,103,104,-1,1
15741,93,97,-4,4
15742,67,75,-8,8
15743,104,120,-16,16
15744,123,124,-1,1
15745,90,83,7,7
15746,75,79,-4,4
15747,120,118,2,2
15748,66,58,8,8
15749,106,109,-3,3
15750,120,116,4,4
15751,98,86,12,12
15752,105,109,-4,4
15753,97,97,0,0
15754,101,97,4,4
15755,80,82,-2,2
15756,87,85,2,2
15757,68,64,4,4
15758,160,153,7,7
15759,77,80,-3,3
15760,65,69,-4,4
15761,90,93,-3,3
15762,34,40,-6,6
15763,90,99,-9,9
15764,83,75,8,8
15765,47,39,8,8
15766,47,68,-21,21
15767,106,117,-11,11
15768,63,66,-3,3
15769,96,96,0,0
15770,108,120,-12,12
15771,85,85,0,0
15772,157,146,11,11
15773,90,74,16,16
15774,116,120,-4,4
15775,132,134,-2,2
15776,123,120,3,3
15777,118,117,1,1
15778,45,53,-8,8
15779,60,61,-1,1
15780,179,164,15,15
15781,111,113,-2,2
15782,118,124,-6,6
15783,87,96,-9,9
15784,51,59,-8,8
15785,37,39,-2,2
15786,91,91,0,0
15787,69,70,-1,1
15788,130,119,11,11
15789,102,112,-10,10
15790,93,102,-9,9
15791,129,126,3,3
15792,54,52,2,2
15793,70,67,3,3
15794,125,114,11,11
15795,59,61,-2,2
15796,46,38,8,8
15797,64,67,-3,3
15798,113,99,14,14
15799,110,97,13,13
15800,46,51,-5,5
15801,134,147,-13,13
15802,71,85,-14,14
15803,143,151,-8,8
15804,63,64,-1,1
15805,120,121,-1,1
15806,86,80,6,6
15807,74,81,-7,7
15808,118,124,-6,6
15809,61,61,0,0
15810,65,62,3,3
15811,136,127,9,9
15812,85,88,-3,3
15813,105,90,15,15
15814,146,144,2,2
15815,98,108,-10,10
15816,30,52,-22,22
15817,76,78,-2,2
15818,148,146,2,2
15819,126,111,15,15
15820,121,117,4,4
15821,173,130,43,43
15822,68,84,-16,16
15823,100,102,-2,2
15824,109,112,-3,3
15825,73,80,-7,7
15826,97,97,0,0
15827,92,91,1,1
15828,97,94,3,3
15829,88,99,-11,11
15830,159,149,10,10
15831,104,104,0,0
15832,65,65,0,0
15833,84,78,6,6
15834,82,84,-2,2
15835,100,112,-12,12
15836,105,103,2,2
15837,70,79,-9,9
15838,77,67,10,10
15839,111,112,-1,1
15840,96,87,9,9
15841,98,107,-9,9
15842,89,93,-4,4
15843,62,69,-7,7
15844,144,132,12,12
15845,134,129,5,5
15846,96,93,3,3
15847,64,73,-9,9
15848,74,73,1,1
15849,113,109,4,4
15850,125,143,-18,18
15851,122,116,6,6
15852,66,73,-7,7
15853,46,48,-2,2
15854,115,117,-2,2
15855,59,56,3,3
15856,76,73,3,3
15857,97,96,1,1
15858,125,129,-4,4
15859,138,114,24,24
15860,24,39,-15,15
15861,34,39,-5,5
15862,77,73,4,4
15863,112,123,-11,11
15864,123,122,1,1
15865,88,89,-1,1
15866,130,126,4,4
15867,108,109,-1,1
15868,52,40,12,12
15869,112,118,-6,6
15870,41,39,2,2
15871,68,76,-8,8
15872,111,111,0,0
15873,97,104,-7,7
15874,73,74,-1,1
15875,75,73,2,2
15876,79,95,-16,16
15877,62,74,-12,12
15878,75,92,-17,17
15879,128,125,3,3
15880,113,119,-6,6
15881,49,45,4,4
15882,65,58,7,7
15883,64,64,0,0
15884,97,105,-8,8
15885,117,106,11,11
15886,62,61,1,1
15887,75,96,-21,21
15888,80,86,-6,6
15889,63,67,-4,4
15890,50,58,-8,8
15891,112,113,-1,1
15892,129,130,-1,1
15893,78,73,5,5
15894,102,103,-1,1
15895,101,93,8,8
15896,67,70,-3,3
15897,49,50,-1,1
15898,184,177,7,7
15899,81,81,0,0
15900,70,67,3,3
15901,95,87,8,8
15902,111,104,7,7
15903,141,134,7,7
15904,105,110,-5,5
15905,54,41,13,13
15906,78,76,2,2
15907,155,148,7,7
15908,134,131,3,3
15909,88,79,9,9
15910,66,75,-9,9
15911,64,70,-6,6
15912,60,69,-9,9
15913,94,91,3,3
15914,103,94,9,9
15915,146,147,-1,1
15916,74,84,-10,10
15917,73,67,6,6
15918,62,64,-2,2
15919,103,105,-2,2
15920,126,122,4,4
15921,96,88,8,8
15922,160,152,8,8
15923,118,117,1,1
15924,128,121,7,7
15925,191,190,1,1
15926,123,116,7,7
15927,107,106,1,1
15928,55,53,2,2
15929,47,38,9,9
15930,55,55,0,0
15931,58,59,-1,1
15932,107,110,-3,3
15933,76,72,4,4
15934,96,85,11,11
15935,57,54,3,3
15936,110,119,-9,9
15937,79,73,6,6
15938,65,68,-3,3
15939,123,114,9,9
15940,61,52,9,9
15941,65,71,-6,6
15942,113,107,6,6
15943,49,40,9,9
15944,82,91,-9,9
15945,98,104,-6,6
15946,75,79,-4,4
15947,112,121,-9,9
15948,113,100,13,13
15949,94,93,1,1
15950,58,46,12,12
15951,64,62,2,2
15952,105,114,-9,9
15953,101,103,-2,2
15954,68,71,-3,3
15955,101,95,6,6
15956,52,50,2,2
15957,70,74,-4,4
15958,97,134,-37,37
15959,117,109,8,8
15960,68,68,0,0
15961,127,114,13,13
15962,69,74,-5,5
15963,90,98,-8,8
15964,40,40,0,0
15965,114,107,7,7
15966,98,99,-1,1
15967,66,66,0,0
15968,67,80,-13,13
15969,190,198,-8,8
15970,104,102,2,2
15971,74,86,-12,12
15972,69,56,13,13
15973,86,92,-6,6
15974,102,94,8,8
15975,122,116,6,6
15976,142,134,8,8
15977,103,92,11,11
15978,164,157,7,7
15979,110,129,-19,19
15980,64,65,-1,1
15981,74,69,5,5
15982,61,56,5,5
15983,63,66,-3,3
15984,100,88,12,12
15985,107,109,-2,2
15986,102,100,2,2
15987,31,39,-8,8
15988,147,139,8,8
15989,60,60,0,0
15990,86,83,3,3
15991,114,128,-14,14
15992,103,120,-17,17
15993,75,77,-2,2
15994,95,105,-10,10
15995,87,81,6,6
15996,99,90,9,9
15997,114,117,-3,3
15998,76,85,-9,9
15999,120,127,-7,7
16000,90,85,5,5
16001,64,60,4,4
16002,113,111,2,2
16003,66,64,2,2
16004,123,110,13,13
16005,132,121,11,11
16006,124,111,13,13
16007,56,57,-1,1
16008,125,137,-12,12
16009,101,104,-3,3
16010,89,87,2,2
16011,57,65,-8,8
16012,98,91,7,7
16013,101,102,-1,1
16014,82,88,-6,6
16015,128,140,-12,12
16016,56,60,-4,4
16017,162,169,-7,7
16018,84,91,-7,7
16019,79,72,7,7
16020,53,56,-3,3
16021,55,57,-2,2
16022,62,59,3,3
16023,73,77,-4,4
16024,42,40,2,2
16025,127,145,-18,18
16026,52,55,-3,3
16027,121,126,-5,5
16028,75,85,-10,10
16029,89,85,4,4
16030,64,63,1,1
16031,36,39,-3,3
16032,89,82,7,7
16033,72,65,7,7
16034,148,150,-2,2
16035,106,103,3,3
16036,158,171,-13,13
16037,131,125,6,6
16038,130,134,-4,4
16039,77,71,6,6
16040,136,132,4,4
16041,102,106,-4,4
16042,86,87,-1,1
16043,89,83,6,6
16044,101,92,9,9
16045,99,97,2,2
16046,100,92,8,8
16047,69,72,-3,3
16048,92,82,10,10
16049,69,72,-3,3
16050,128,125,3,3
16051,151,145,6,6
16052,39,39,0,0
16053,44,51,-7,7
16054,74,83,-9,9
16055,82,76,6,6
16056,140,135,5,5
16057,120,109,11,11
16058,79,66,13,13
16059,89,93,-4,4
16060,158,194,-36,36
16061,105,130,-25,25
16062,113,116,-3,3
16063,58,53,5,5
16064,95,93,2,2
16065,82,90,-8,8
16066,140,135,5,5
16067,66,74,-8,8
16068,94,94,0,0
16069,116,125,-9,9
16070,70,80,-10,10
16071,90,91,-1,1
16072,73,83,-10,10
16073,62,104,-42,42
16074,55,56,-1,1
16075,87,90,-3,3
16076,97,100,-3,3
16077,75,74,1,1
16078,113,109,4,4
16079,148,133,15,15
16080,144,173,-29,29
16081,64,59,5,5
16082,117,106,11,11
16083,89,87,2,2
16084,106,104,2,2
16085,130,111,19,19
16086,91,99,-8,8
16087,52,50,2,2
16088,54,60,-6,6
16089,117,104,13,13
16090,127,140,-13,13
16091,104,92,12,12
16092,122,117,5,5
16093,67,60,7,7
16094,73,77,-4,4
16095,84,83,1,1
16096,63,59,4,4
16097,199,202,-3,3
16098,138,156,-18,18
16099,85,82,3,3
16100,112,116,-4,4
16101,100,104,-4,4
16102,184,202,-18,18
16103,90,89,1,1
16104,55,54,1,1
16105,142,135,7,7
16106,124,126,-2,2
16107,83,96,-13,13
16108,79,89,-10,10
16109,52,77,-25,25
16110,92,94,-2,2
16111,71,70,1,1
16112,47,39,8,8
16113,83,86,-3,3
16114,68,67,1,1
16115,65,71,-6,6
16116,99,96,3,3
16117,114,122,-8,8
16118,98,104,-6,6
16119,84,103,-19,19
16120,181,166,15,15
16121,51,51,0,0
16122,95,84,11,11
16123,77,80,-3,3
16124,70,77,-7,7
16125,103,99,4,4
16126,106,99,7,7
16127,70,75,-5,5
16128,92,94,-2,2
16129,104,109,-5,5
16130,49,59,-10,10
16131,62,71,-9,9
16132,52,53,-1,1
16133,88,87,1,1
16134,84,80,4,4
16135,80,85,-5,5
16136,55,57,-2,2
16137,84,77,7,7
16138,158,143,15,15
16139,76,69,7,7
16140,58,62,-4,4
16141,94,86,8,8
16142,44,39,5,5
16143,96,93,3,3
16144,134,131,3,3
16145,124,123,1,1
16146,137,142,-5,5
16147,139,135,4,4
16148,40,40,0,0
16149,64,66,-2,2
16150,100,100,0,0
16151,90,93,-3,3
16152,88,92,-4,4
16153,80,81,-1,1
16154,67,64,3,3
16155,96,92,4,4
16156,74,64,10,10
16157,80,69,11,11
16158,54,59,-5,5
16159,133,133,0,0
16160,71,66,5,5
16161,151,144,7,7
16162,150,154,-4,4
16163,107,111,-4,4
16164,104,108,-4,4
16165,96,94,2,2
16166,164,166,-2,2
16167,61,73,-12,12
16168,95,94,1,1
16169,120,119,1,1
16170,107,113,-6,6
16171,116,107,9,9
16172,89,87,2,2
16173,42,39,3,3
16174,74,72,2,2
16175,100,110,-10,10
16176,66,61,5,5
16177,105,110,-5,5
16178,108,98,10,10
16179,144,148,-4,4
16180,118,126,-8,8
16181,82,77,5,5
16182,164,155,9,9
16183,125,132,-7,7
16184,68,74,-6,6
16185,102,101,1,1
16186,109,120,-11,11
16187,111,99,12,12
16188,115,104,11,11
16189,58,54,4,4
16190,109,102,7,7
16191,90,89,1,1
16192,99,95,4,4
16193,124,141,-17,17
16194,147,121,26,26
16195,67,67,0,0
16196,89,92,-3,3
16197,77,68,9,9
16198,106,132,-26,26
16199,78,80,-2,2
16200,58,69,-11,11
16201,119,113,6,6
16202,74,81,-7,7
16203,80,82,-2,2
16204,143,139,4,4
16205,160,148,12,12
16206,117,113,4,4
16207,79,72,7,7
16208,103,106,-3,3
16209,88,74,14,14
16210,74,79,-5,5
16211,96,100,-4,4
16212,94,112,-18,18
16213,66,61,5,5
16214,43,52,-9,9
16215,137,133,4,4
16216,89,86,3,3
16217,95,101,-6,6
16218,172,186,-14,14
16219,37,39,-2,2
16220,75,78,-3,3
16221,112,113,-1,1
16222,98,101,-3,3
16223,137,137,0,0
16224,122,114,8,8
16225,55,54,1,1
16226,65,62,3,3
16227,105,108,-3,3
16228,67,70,-3,3
16229,115,108,7,7
16230,35,47,-12,12
16231,95,92,3,3
16232,62,57,5,5
16233,60,57,3,3
16234,142,131,11,11
16235,74,86,-12,12
16236,100,96,4,4
16237,179,92,87,87
16238,173,161,12,12
16239,161,167,-6,6
16240,76,75,1,1
16241,79,91,-12,12
16242,116,102,14,14
16243,58,62,-4,4
16244,83,85,-2,2
16245,48,54,-6,6
16246,74,69,5,5
16247,57,67,-10,10
16248,84,80,4,4
16249,114,107,7,7
16250,72,63,9,9
16251,96,102,-6,6
16252,113,147,-34,34
16253,105,100,5,5
16254,149,139,10,10
16255,62,63,-1,1
16256,72,62,10,10
16257,77,76,1,1
16258,152,150,2,2
16259,94,89,5,5
16260,115,114,1,1
16261,56,50,6,6
16262,65,66,-1,1
16263,111,106,5,5
16264,73,79,-6,6
16265,75,68,7,7
16266,90,98,-8,8
16267,121,133,-12,12
16268,111,106,5,5
16269,179,175,4,4
16270,136,142,-6,6
16271,111,115,-4,4
16272,35,69,-34,34
16273,90,88,2,2
16274,58,55,3,3
16275,172,164,8,8
16276,77,77,0,0
16277,81,73,8,8
16278,31,38,-7,7
16279,87,93,-6,6
16280,63,78,-15,15
16281,114,105,9,9
16282,96,97,-1,1
16283,83,83,0,0
16284,117,125,-8,8
16285,121,106,15,15
16286,89,94,-5,5
16287,106,108,-2,2
16288,108,105,3,3
16289,121,117,4,4
16290,160,152,8,8
16291,110,109,1,1
16292,87,76,11,11
16293,107,106,1,1
16294,117,123,-6,6
16295,74,76,-2,2
16296,96,96,0,0
16297,133,130,3,3
16298,81,94,-13,13
16299,81,83,-2,2
16300,76,78,-2,2
16301,57,62,-5,5
16302,131,139,-8,8
16303,91,81,10,10
16304,39,38,1,1
16305,119,111,8,8
16306,138,133,5,5
16307,105,114,-9,9
16308,77,79,-2,2
16309,132,139,-7,7
16310,58,63,-5,5
16311,42,39,3,3
16312,67,66,1,1
16313,54,53,1,1
16314,74,70,4,4
16315,95,96,-1,1
16316,73,65,8,8
16317,75,85,-10,10
16318,58,59,-1,1
16319,112,106,6,6
16320,114,107,7,7
16321,118,125,-7,7
16322,63,62,1,1
16323,59,69,-10,10
16324,56,53,3,3
16325,66,61,5,5
16326,64,63,1,1
16327,100,91,9,9
16328,97,100,-3,3
16329,155,151,4,4
16330,93,85,8,8
16331,123,125,-2,2
16332,89,82,7,7
16333,76,83,-7,7
16334,178,184,-6,6
16335,67,63,4,4
16336,112,105,7,7
16337,105,103,2,2
16338,95,91,4,4
16339,81,84,-3,3
16340,67,80,-13,13
16341,79,77,2,2
16342,117,125,-8,8
16343,72,80,-8,8
16344,103,104,-1,1
16345,109,105,4,4
16346,59,62,-3,3
16347,101,99,2,2
16348,112,112,0,0
16349,158,149,9,9
16350,119,122,-3,3
16351,92,89,3,3
16352,38,39,-1,1
16353,66,73,-7,7
16354,69,84,-15,15
16355,51,57,-6,6
16356,200,173,27,27
16357,93,88,5,5
16358,97,97,0,0
16359,171,144,27,27
16360,65,71,-6,6
16361,102,97,5,5
16362,72,71,1,1
16363,55,58,-3,3
16364,118,101,17,17
16365,86,84,2,2
16366,135,126,9,9
16367,78,72,6,6
16368,115,122,-7,7
16369,140,153,-13,13
16370,61,63,-2,2
16371,48,54,-6,6
16372,78,77,1,1
16373,195,199,-4,4
16374,48,56,-8,8
16375,71,72,-1,1
16376,126,125,1,1
16377,207,200,7,7
16378,111,100,11,11
16379,75,88,-13,13
16380,106,104,2,2
16381,84,82,2,2
16382,140,141,-1,1
16383,77,98,-21,21
16384,88,89,-1,1
16385,63,57,6,6
16386,146,139,7,7
16387,43,45,-2,2
16388,87,86,1,1
16389,63,58,5,5
16390,92,103,-11,11
16391,64,68,-4,4
16392,107,97,10,10
16393,114,110,4,4
16394,76,66,10,10
16395,108,121,-13,13
16396,61,57,4,4
16397,157,159,-2,2
16398,161,153,8,8
16399,81,79,2,2
16400,42,39,3,3
16401,120,92,28,28
16402,118,109,9,9
16403,99,94,5,5
16404,78,79,-1,1
16405,39,39,0,0
16406,62,65,-3,3
16407,93,85,8,8
16408,51,55,-4,4
16409,63,85,-22,22
16410,131,147,-16,16
16411,117,106,11,11
16412,96,91,5,5
16413,158,158,0,0
16414,88,90,-2,2
16415,77,85,-8,8
16416,84,85,-1,1
16417,123,120,3,3
16418,84,78,6,6
16419,122,126,-4,4
16420,88,91,-3,3
16421,73,63,10,10
16422,198,194,4,4
16423,87,77,10,10
16424,76,84,-8,8
16425,85,90,-5,5
16426,86,92,-6,6
16427,161,171,-10,10
16428,132,109,23,23
16429,65,57,8,8
16430,65,59,6,6
16431,155,149,6,6
16432,94,101,-7,7
16433,91,86,5,5
16434,94,109,-15,15
16435,132,130,2,2
16436,74,76,-2,2
16437,134,134,0,0
16438,186,192,-6,6
16439,117,112,5,5
16440,128,132,-4,4
16441,49,51,-2,2
16442,52,55,-3,3
16443,54,51,3,3
16444,49,55,-6,6
16445,61,66,-5,5
16446,87,87,0,0
16447,121,131,-10,10
16448,110,112,-2,2
16449,29,39,-10,10
16450,75,72,3,3
16451,119,125,-6,6
16452,100,95,5,5
16453,73,92,-19,19
16454,71,75,-4,4
16455,61,82,-21,21
16456,91,110,-19,19
16457,68,83,-15,15
16458,79,79,0,0
16459,141,151,-10,10
16460,89,89,0,0
16461,132,132,0,0
16462,110,109,1,1
16463,70,73,-3,3
16464,49,51,-2,2
16465,99,104,-5,5
16466,60,55,5,5
16467,94,94,0,0
16468,89,88,1,1
16469,149,147,2,2
16470,78,71,7,7
16471,133,146,-13,13
16472,134,146,-12,12
16473,65,69,-4,4
16474,117,105,12,12
16475,96,92,4,4
16476,130,117,13,13
16477,138,139,-1,1
16478,85,92,-7,7
16479,128,126,2,2
16480,84,86,-2,2
16481,127,118,9,9
16482,67,70,-3,3
16483,149,161,-12,12
16484,77,72,5,5
16485,91,93,-2,2
16486,137,131,6,6
16487,142,140,2,2
16488,68,69,-1,1
16489,129,131,-2,2
16490,120,118,2,2
16491,38,39,-1,1
16492,109,109,0,0
16493,101,92,9,9
16494,66,98,-32,32
16495,61,70,-9,9
16496,107,107,0,0
16497,112,100,12,12
16498,114,130,-16,16
16499,96,98,-2,2
16500,136,136,0,0
16501,60,62,-2,2
16502,108,100,8,8
16503,109,113,-4,4
16504,98,96,2,2
16505,53,67,-14,14
16506,68,60,8,8
16507,114,112,2,2
16508,181,192,-11,11
16509,121,117,4,4
16510,67,66,1,1
16511,78,69,9,9
16512,74,71,3,3
16513,47,39,8,8
16514,113,125,-12,12
16515,41,39,2,2
16516,57,60,-3,3
16517,68,60,8,8
16518,88,94,-6,6
16519,76,92,-16,16
16520,96,97,-1,1
16521,45,50,-5,5
16522,119,116,3,3
16523,104,113,-9,9
16524,111,109,2,2
16525,62,56,6,6
16526,94,97,-3,3
16527,86,83,3,3
16528,78,90,-12,12
16529,132,133,-1,1
16530,105,104,1,1
16531,141,127,14,14
16532,59,60,-1,1
16533,205,174,31,31
16534,91,92,-1,1
16535,87,108,-21,21
16536,87,87,0,0
16537,102,86,16,16
16538,94,91,3,3
16539,77,77,0,0
16540,61,60,1,1
16541,152,138,14,14
16542,85,86,-1,1
16543,120,117,3,3
16544,83,91,-8,8
16545,135,135,0,0
16546,52,54,-2,2
16547,79,75,4,4
16548,50,54,-4,4
16549,152,146,6,6
16550,80,70,10,10
16551,83,88,-5,5
16552,163,168,-5,5
16553,75,83,-8,8
16554,72,75,-3,3
16555,93,92,1,1
16556,118,107,11,11
16557,84,89,-5,5
16558,72,69,3,3
16559,75,78,-3,3
16560,79,82,-3,3
16561,84,90,-6,6
16562,88,91,-3,3
16563,99,96,3,3
16564,59,61,-2,2
16565,112,110,2,2
16566,128,116,12,12
16567,115,112,3,3
16568,101,118,-17,17
16569,60,60,0,0
16570,80,88,-8,8
16571,134,139,-5,5
16572,72,72,0,0
16573,160,152,8,8
16574,123,123,0,0
16575,111,106,5,5
16576,61,66,-5,5
16577,68,70,-2,2
16578,131,143,-12,12
16579,135,125,10,10
16580,217,235,-18,18
16581,56,50,6,6
16582,86,92,-6,6
16583,104,100,4,4
16584,87,97,-10,10
16585,76,75,1,1
16586,137,133,4,4
16587,86,88,-2,2
16588,53,55,-2,2
16589,82,85,-3,3
16590,52,43,9,9
16591,85,84,1,1
16592,110,107,3,3
16593,58,56,2,2
16594,103,107,-4,4
16595,40,39,1,1
16596,70,70,0,0
16597,50,48,2,2
16598,69,70,-1,1
16599,108,115,-7,7
16600,82,72,10,10
16601,138,130,8,8
16602,103,106,-3,3
16603,119,112,7,7
16604,111,102,9,9
16605,154,149,5,5
16606,131,129,2,2
16607,67,66,1,1
16608,76,72,4,4
16609,104,107,-3,3
16610,134,123,11,11
16611,41,48,-7,7
16612,54,53,1,1
16613,116,113,3,3
16614,58,57,1,1
16615,74,84,-10,10
16616,101,104,-3,3
16617,62,57,5,5
16618,141,143,-2,2
16619,93,88,5,5
16620,98,97,1,1
16621,88,99,-11,11
16622,33,39,-6,6
16623,115,124,-9,9
16624,86,84,2,2
16625,156,151,5,5
16626,66,61,5,5
16627,93,86,7,7
16628,61,59,2,2
16629,128,125,3,3
16630,161,143,18,18
16631,51,53,-2,2
16632,59,54,5,5
16633,97,95,2,2
16634,157,148,9,9
16635,91,100,-9,9
16636,67,60,7,7
16637,90,96,-6,6
16638,82,80,2,2
16639,104,100,4,4
16640,96,96,0,0
16641,122,129,-7,7
16642,86,82,4,4
16643,126,122,4,4
16644,87,83,4,4
16645,77,85,-8,8
16646,117,110,7,7
16647,144,135,9,9
16648,86,75,11,11
16649,61,55,6,6
16650,79,101,-22,22
16651,96,89,7,7
16652,89,98,-9,9
16653,89,98,-9,9
16654,110,109,1,1
16655,87,80,7,7
16656,39,39,0,0
16657,98,96,2,2
16658,151,149,2,2
16659,89,89,0,0
16660,67,66,1,1
16661,71,65,6,6
16662,119,112,7,7
16663,86,86,0,0
16664,147,142,5,5
16665,51,48,3,3
16666,83,93,-10,10
16667,83,86,-3,3
16668,54,54,0,0
16669,138,126,12,12
16670,64,66,-2,2
16671,80,80,0,0
16672,58,65,-7,7
16673,92,90,2,2
16674,56,74,-18,18
16675,114,126,-12,12
16676,58,60,-2,2
16677,51,55,-4,4
16678,111,108,3,3
16679,66,74,-8,8
16680,64,64,0,0
16681,99,110,-11,11
16682,73,69,4,4
16683,110,98,12,12
16684,99,110,-11,11
16685,92,86,6,6
16686,57,56,1,1
16687,138,136,2,2
16688,156,163,-7,7
16689,113,110,3,3
16690,37,39,-2,2
16691,119,116,3,3
16692,109,115,-6,6
16693,137,136,1,1
16694,187,151,36,36
16695,77,84,-7,7
16696,78,71,7,7
16697,89,96,-7,7
16698,144,150,-6,6
16699,111,114,-3,3
16700,46,54,-8,8
16701,119,120,-1,1
16702,89,78,11,11
16703,85,69,16,16
16704,155,142,13,13
16705,164,176,-12,12
16706,176,175,1,1
16707,61,62,-1,1
16708,143,152,-9,9
16709,66,54,12,12
16710,138,129,9,9
16711,107,107,0,0
16712,80,75,5,5
16713,95,91,4,4
16714,94,108,-14,14
16715,90,88,2,2
16716,65,66,-1,1
16717,75,76,-1,1
16718,54,56,-2,2
16719,84,84,0,0
16720,129,119,10,10
16721,142,128,14,14
16722,96,103,-7,7
16723,112,112,0,0
16724,93,83,10,10
16725,57,57,0,0
16726,36,44,-8,8
16727,46,53,-7,7
16728,94,98,-4,4
16729,57,58,-1,1
16730,106,114,-8,8
16731,130,133,-3,3
16732,62,63,-1,1
16733,89,90,-1,1
16734,137,134,3,3
16735,107,112,-5,5
16736,58,54,4,4
16737,73,68,5,5
16738,86,87,-1,1
16739,103,102,1,1
16740,121,122,-1,1
16741,66,61,5,5
16742,87,93,-6,6
16743,59,54,5,5
16744,109,112,-3,3
16745,79,88,-9,9
16746,68,67,1,1
16747,66,67,-1,1
16748,72,74,-2,2
16749,100,99,1,1
16750,102,102,0,0
16751,55,57,-2,2
16752,98,98,0,0
16753,107,107,0,0
16754,77,71,6,6
16755,76,82,-6,6
16756,65,62,3,3
16757,134,119,15,15
16758,39,44,-5,5
16759,123,130,-7,7
16760,64,61,3,3
16761,105,102,3,3
16762,66,65,1,1
16763,203,204,-1,1
16764,144,125,19,19
16765,75,78,-3,3
16766,106,103,3,3
16767,104,102,2,2
16768,73,82,-9,9
16769,83,73,10,10
16770,81,98,-17,17
16771,83,86,-3,3
16772,100,109,-9,9
16773,103,98,5,5
16774,76,75,1,1
16775,66,70,-4,4
16776,72,72,0,0
16777,87,99,-12,12
16778,81,92,-11,11
16779,109,109,0,0
16780,103,96,7,7
16781,112,125,-13,13
16782,170,166,4,4
16783,89,87,2,2
16784,73,81,-8,8
16785,59,58,1,1
16786,135,135,0,0
16787,61,65,-4,4
16788,78,81,-3,3
16789,125,116,9,9
16790,64,70,-6,6
16791,54,57,-3,3
16792,119,115,4,4
16793,92,96,-4,4
16794,117,114,3,3
16795,88,80,8,8
16796,99,95,4,4
16797,48,52,-4,4
16798,123,126,-3,3
16799,113,117,-4,4
16800,98,100,-2,2
16801,66,60,6,6
16802,82,74,8,8
16803,38,38,0,0
16804,86,92,-6,6
16805,135,149,-14,14
16806,140,138,2,2
16807,73,71,2,2
16808,95,97,-2,2
16809,40,39,1,1
16810,67,89,-22,22
16811,160,158,2,2
16812,121,118,3,3
16813,104,87,17,17
16814,98,97,1,1
16815,125,121,4,4
16816,119,109,10,10
16817,109,114,-5,5
16818,73,74,-1,1
16819,212,198,14,14
16820,81,78,3,3
16821,104,104,0,0
16822,44,39,5,5
16823,82,67,15,15
16824,181,166,15,15
16825,50,50,0,0
16826,90,105,-15,15
16827,87,84,3,3
16828,76,90,-14,14
16829,211,209,2,2
16830,104,102,2,2
16831,114,111,3,3
16832,143,147,-4,4
16833,142,142,0,0
16834,153,175,-22,22
16835,60,55,5,5
16836,60,60,0,0
16837,111,94,17,17
16838,143,158,-15,15
16839,76,81,-5,5
16840,73,69,4,4
16841,76,67,9,9
16842,75,73,2,2
16843,58,60,-2,2
16844,57,53,4,4
16845,112,112,0,0
16846,151,141,10,10
16847,51,50,1,1
16848,64,66,-2,2
16849,80,83,-3,3
16850,89,87,2,2
16851,155,153,2,2
16852,97,95,2,2
16853,82,87,-5,5
16854,122,117,5,5
16855,110,114,-4,4
16856,91,85,6,6
16857,27,57,-30,30
16858,55,54,1,1
16859,107,102,5,5
16860,61,63,-2,2
16861,67,76,-9,9
16862,111,119,-8,8
16863,95,95,0,0
16864,129,130,-1,1
16865,165,188,-23,23
16866,139,134,5,5
16867,97,133,-36,36
16868,88,87,1,1
16869,64,73,-9,9
16870,83,80,3,3
16871,118,116,2,2
16872,81,77,4,4
16873,78,77,1,1
16874,164,171,-7,7
16875,60,65,-5,5
16876,23,38,-15,15
16877,60,61,-1,1
16878,58,63,-5,5
16879,102,106,-4,4
16880,100,100,0,0
16881,103,107,-4,4
16882,98,89,9,9
16883,136,140,-4,4
16884,110,112,-2,2
16885,95,93,2,2
16886,113,114,-1,1
16887,143,161,-18,18
16888,141,141,0,0
16889,117,112,5,5
16890,63,71,-8,8
16891,83,75,8,8
16892,52,53,-1,1
16893,95,105,-10,10
16894,85,90,-5,5
16895,75,84,-9,9
16896,137,134,3,3
16897,81,80,1,1
16898,55,69,-14,14
16899,128,110,18,18
16900,135,119,16,16
16901,107,102,5,5
16902,68,72,-4,4
16903,95,96,-1,1
16904,131,125,6,6
16905,106,104,2,2
16906,84,100,-16,16
16907,120,123,-3,3
16908,69,68,1,1
16909,93,101,-8,8
16910,100,100,0,0
16911,152,149,3,3
16912,139,152,-13,13
16913,109,110,-1,1
16914,122,122,0,0
16915,70,71,-1,1
16916,89,83,6,6
16917,81,69,12,12
16918,59,57,2,2
16919,74,69,5,5
16920,121,107,14,14
16921,88,83,5,5
16922,72,93,-21,21
16923,107,106,1,1
16924,47,57,-10,10
16925,105,103,2,2
16926,61,68,-7,7
16927,116,113,3,3
16928,110,105,5,5
16929,63,62,1,1
16930,121,115,6,6
16931,52,51,1,1
16932,92,84,8,8
16933,102,120,-18,18
16934,86,87,-1,1
16935,171,198,-27,27
16936,97,103,-6,6
16937,105,95,10,10
16938,127,123,4,4
16939,84,95,-11,11
16940,99,91,8,8
16941,65,60,5,5
16942,86,73,13,13
16943,107,97,10,10
16944,84,87,-3,3
16945,136,127,9,9
16946,82,75,7,7
16947,52,57,-5,5
16948,103,118,-15,15
16949,102,102,0,0
16950,126,120,6,6
16951,185,176,9,9
16952,143,140,3,3
16953,48,62,-14,14
16954,142,123,19,19
16955,58,61,-3,3
16956,164,169,-5,5
16957,95,96,-1,1
16958,191,199,-8,8
16959,115,118,-3,3
16960,58,59,-1,1
16961,121,117,4,4
16962,101,96,5,5
16963,79,84,-5,5
16964,84,88,-4,4
16965,69,65,4,4
16966,153,157,-4,4
16967,67,75,-8,8
16968,69,84,-15,15
16969,71,76,-5,5
16970,94,97,-3,3
16971,110,112,-2,2
16972,105,107,-2,2
16973,88,94,-6,6
16974,93,95,-2,2
16975,70,66,4,4
16976,65,69,-4,4
16977,62,65,-3,3
16978,120,116,4,4
16979,55,56,-1,1
16980,73,77,-4,4
16981,102,99,3,3
16982,71,70,1,1
16983,111,131,-20,20
16984,156,159,-3,3
16985,89,94,-5,5
16986,67,64,3,3
16987,71,73,-2,2
16988,71,71,0,0
16989,108,98,10,10
16990,72,69,3,3
16991,80,76,4,4
16992,104,90,14,14
16993,111,114,-3,3
16994,58,54,4,4
16995,68,60,8,8
16996,92,90,2,2
16997,161,158,3,3
16998,107,98,9,9
16999,66,78,-12,12
17000,76,82,-6,6
17001,105,102,3,3
17002,140,132,8,8
17003,77,72,5,5
17004,70,74,-4,4
17005,133,128,5,5
17006,50,55,-5,5
17007,66,65,1,1
17008,60,70,-10,10
17009,72,79,-7,7
17010,123,116,7,7
17011,88,87,1,1
17012,110,107,3,3
17013,94,93,1,1
17014,88,86,2,2
17015,82,74,8,8
17016,107,125,-18,18
17017,69,64,5,5
17018,85,90,-5,5
17019,81,85,-4,4
17020,57,60,-3,3
17021,124,115,9,9
17022,126,129,-3,3
17023,59,50,9,9
17024,78,79,-1,1
17025,112,118,-6,6
17026,87,99,-12,12
17027,101,98,3,3
17028,101,99,2,2
17029,150,154,-4,4
17030,135,126,9,9
17031,146,146,0,0
17032,61,62,-1,1
17033,103,103,0,0
17034,134,129,5,5
17035,68,68,0,0
17036,84,74,10,10
17037,59,61,-2,2
17038,115,113,2,2
17039,98,83,15,15
17040,118,134,-16,16
17041,97,100,-3,3
17042,94,106,-12,12
17043,143,136,7,7
17044,119,118,1,1
17045,82,90,-8,8
17046,86,93,-7,7
17047,79,84,-5,5
17048,178,192,-14,14
17049,151,139,12,12
17050,133,131,2,2
17051,71,79,-8,8
17052,56,52,4,4
17053,61,59,2,2
17054,69,75,-6,6
17055,95,98,-3,3
17056,98,94,4,4
17057,88,91,-3,3
17058,86,91,-5,5
17059,79,84,-5,5
17060,77,72,5,5
17061,88,103,-15,15
17062,110,104,6,6
17063,138,144,-6,6
17064,98,110,-12,12
17065,99,94,5,5
17066,73,73,0,0
17067,143,141,2,2
17068,44,39,5,5
17069,136,129,7,7
17070,150,144,6,6
17071,125,124,1,1
17072,134,131,3,3
17073,93,101,-8,8
17074,107,104,3,3
17075,38,39,-1,1
17076,133,152,-19,19
17077,151,152,-1,1
17078,104,111,-7,7
17079,83,79,4,4
17080,124,112,12,12
17081,161,164,-3,3
17082,72,69,3,3
17083,77,85,-8,8
17084,111,113,-2,2
17085,107,106,1,1
17086,107,113,-6,6
17087,98,103,-5,5
17088,168,169,-1,1
17089,100,94,6,6
17090,70,72,-2,2
17091,68,65,3,3
17092,74,64,10,10
17093,129,132,-3,3
17094,121,119,2,2
17095,69,63,6,6
17096,121,121,0,0
17097,103,105,-2,2
17098,187,190,-3,3
17099,61,58,3,3
17100,81,77,4,4
17101,117,129,-12,12
17102,46,53,-7,7
17103,77,76,1,1
17104,85,89,-4,4
17105,47,49,-2,2
17106,81,83,-2,2
17107,99,90,9,9
17108,152,161,-9,9
17109,58,66,-8,8
17110,45,54,-9,9
17111,87,85,2,2
17112,100,84,16,16
17113,41,39,2,2
17114,184,164,20,20
17115,72,71,1,1
17116,38,39,-1,1
17117,79,100,-21,21
17118,98,89,9,9
17119,71,73,-2,2
17120,62,62,0,0
17121,90,83,7,7
17122,97,84,13,13
17123,52,53,-1,1
17124,74,67,7,7
17125,154,150,4,4
17126,99,96,3,3
17127,44,39,5,5
17128,85,81,4,4
17129,128,130,-2,2
17130,128,117,11,11
17131,78,94,-16,16
17132,62,63,-1,1
17133,112,124,-12,12
17134,63,67,-4,4
17135,88,88,0,0
17136,51,46,5,5
17137,129,130,-1,1
17138,65,63,2,2
17139,56,54,2,2
17140,102,98,4,4
17141,87,83,4,4
17142,129,130,-1,1
17143,61,63,-2,2
17144,79,78,1,1
17145,57,66,-9,9
17146,171,163,8,8
17147,90,93,-3,3
17148,96,92,4,4
17149,91,91,0,0
17150,47,52,-5,5
17151,87,101,-14,14
17152,86,101,-15,15
17153,133,138,-5,5
17154,133,130,3,3
17155,89,94,-5,5
17156,64,56,8,8
17157,54,54,0,0
17158,99,116,-17,17
17159,91,92,-1,1
17160,76,82,-6,6
17161,75,73,2,2
17162,72,65,7,7
17163,107,114,-7,7
17164,39,38,1,1
17165,99,94,5,5
17166,121,117,4,4
17167,89,84,5,5
17168,132,134,-2,2
17169,108,121,-13,13
17170,84,72,12,12
17171,104,103,1,1
17172,68,66,2,2
17173,55,57,-2,2
17174,74,67,7,7
17175,85,90,-5,5
17176,63,61,2,2
17177,77,79,-2,2
17178,103,106,-3,3
17179,66,67,-1,1
17180,77,68,9,9
17181,112,105,7,7
17182,127,141,-14,14
17183,100,104,-4,4
17184,59,63,-4,4
17185,111,105,6,6
17186,29,39,-10,10
17187,77,75,2,2
17188,98,101,-3,3
17189,108,111,-3,3
17190,196,198,-2,2
17191,79,76,3,3
17192,150,154,-4,4
17193,99,95,4,4
17194,73,69,4,4
17195,75,74,1,1
17196,62,60,2,2
17197,77,83,-6,6
17198,100,90,10,10
17199,139,141,-2,2
17200,80,80,0,0
17201,151,126,25,25
17202,125,127,-2,2
17203,70,77,-7,7
17204,141,136,5,5
17205,76,84,-8,8
17206,74,83,-9,9
17207,108,100,8,8
17208,146,131,15,15
17209,65,60,5,5
17210,92,105,-13,13
17211,98,96,2,2
17212,112,124,-12,12
17213,155,143,12,12
17214,109,107,2,2
17215,127,124,3,3
17216,40,51,-11,11
17217,106,119,-13,13
17218,106,118,-12,12
17219,68,65,3,3
17220,73,75,-2,2
17221,69,70,-1,1
17222,93,95,-2,2
17223,95,94,1,1
17224,99,98,1,1
17225,108,105,3,3
17226,77,75,2,2
17227,76,76,0,0
17228,102,107,-5,5
17229,117,112,5,5
17230,88,87,1,1
17231,82,84,-2,2
17232,99,96,3,3
17233,147,136,11,11
17234,66,63,3,3
17235,79,69,10,10
17236,62,69,-7,7
17237,175,174,1,1
17238,101,99,2,2
17239,64,65,-1,1
17240,74,76,-2,2
17241,72,90,-18,18
17242,64,66,-2,2
17243,73,69,4,4
17244,48,57,-9,9
17245,186,180,6,6
17246,100,125,-25,25
17247,120,116,4,4
17248,53,63,-10,10
17249,120,112,8,8
17250,98,103,-5,5
17251,34,39,-5,5
17252,97,95,2,2
17253,118,112,6,6
17254,128,116,12,12
17255,90,86,4,4
17256,63,66,-3,3
17257,160,147,13,13
17258,177,155,22,22
17259,185,186,-1,1
17260,104,105,-1,1
17261,68,64,4,4
17262,119,124,-5,5
17263,110,102,8,8
17264,67,60,7,7
17265,56,57,-1,1
17266,160,155,5,5
17267,103,123,-20,20
17268,68,66,2,2
17269,112,117,-5,5
17270,75,72,3,3
17271,101,106,-5,5
17272,89,111,-22,22
17273,57,68,-11,11
17274,65,63,2,2
17275,95,102,-7,7
17276,93,96,-3,3
17277,100,96,4,4
17278,127,136,-9,9
17279,105,97,8,8
17280,58,51,7,7
17281,70,71,-1,1
17282,146,150,-4,4
17283,90,87,3,3
17284,75,73,2,2
17285,92,91,1,1
17286,122,120,2,2
17287,77,78,-1,1
17288,50,55,-5,5
17289,69,69,0,0
17290,36,39,-3,3
17291,97,89,8,8
17292,81,86,-5,5
17293,127,137,-10,10
17294,142,141,1,1
17295,98,105,-7,7
17296,91,79,12,12
17297,84,88,-4,4
17298,94,99,-5,5
17299,71,83,-12,12
17300,87,78,9,9
17301,109,106,3,3
17302,58,56,2,2
17303,63,66,-3,3
17304,65,64,1,1
17305,45,38,7,7
17306,87,72,15,15
17307,64,66,-2,2
17308,82,83,-1,1
17309,156,160,-4,4
17310,138,121,17,17
17311,76,79,-3,3
17312,134,128,6,6
17313,115,113,2,2
17314,92,94,-2,2
17315,126,129,-3,3
17316,103,107,-4,4
17317,56,59,-3,3
17318,125,141,-16,16
17319,108,98,10,10
17320,69,68,1,1
17321,151,149,2,2
17322,88,96,-8,8
17323,101,100,1,1
17324,165,172,-7,7
17325,151,137,14,14
17326,82,81,1,1
17327,65,62,3,3
17328,93,96,-3,3
17329,102,102,0,0
17330,71,74,-3,3
17331,66,71,-5,5
17332,101,105,-4,4
17333,109,102,7,7
17334,67,59,8,8
17335,150,148,2,2
17336,71,55,16,16
17337,93,100,-7,7
17338,106,112,-6,6
17339,127,124,3,3
17340,167,169,-2,2
17341,67,73,-6,6
17342,137,138,-1,1
17343,90,90,0,0
17344,48,52,-4,4
17345,79,75,4,4
17346,72,78,-6,6
17347,139,139,0,0
17348,81,85,-4,4
17349,124,123,1,1
17350,114,108,6,6
17351,75,79,-4,4
17352,73,73,0,0
17353,90,84,6,6
17354,156,159,-3,3
17355,107,110,-3,3
17356,88,87,1,1
17357,135,149,-14,14
17358,120,108,12,12
17359,55,68,-13,13
17360,58,59,-1,1
17361,104,113,-9,9
17362,53,51,2,2
17363,65,60,5,5
17364,71,70,1,1
17365,36,39,-3,3
17366,135,128,7,7
17367,159,162,-3,3
17368,118,105,13,13
17369,93,97,-4,4
17370,91,93,-2,2
17371,66,71,-5,5
17372,68,60,8,8
17373,81,80,1,1
17374,138,147,-9,9
17375,68,69,-1,1
17376,128,133,-5,5
17377,97,108,-11,11
17378,83,88,-5,5
17379,194,190,4,4
17380,63,60,3,3
17381,68,60,8,8
17382,68,68,0,0
17383,89,95,-6,6
17384,103,94,9,9
17385,113,124,-11,11
17386,95,94,1,1
17387,93,82,11,11
17388,68,67,1,1
17389,57,51,6,6
17390,58,62,-4,4
17391,174,166,8,8
17392,71,70,1,1
17393,106,101,5,5
17394,63,61,2,2
17395,63,56,7,7
17396,126,118,8,8
17397,104,100,4,4
17398,83,84,-1,1
17399,80,83,-3,3
17400,175,173,2,2
17401,77,99,-22,22
17402,146,143,3,3
17403,78,74,4,4
17404,114,106,8,8
17405,86,99,-13,13
17406,149,155,-6,6
17407,170,172,-2,2
17408,121,117,4,4
17409,61,59,2,2
17410,64,56,8,8
17411,67,61,6,6
17412,99,108,-9,9
17413,185,176,9,9
17414,56,65,-9,9
17415,99,98,1,1
17416,75,88,-13,13
17417,85,77,8,8
17418,92,87,5,5
17419,91,86,5,5
17420,80,70,10,10
17421,56,68,-12,12
17422,80,78,2,2
17423,135,131,4,4
17424,98,122,-24,24
17425,150,160,-10,10
17426,53,61,-8,8
17427,106,104,2,2
17428,74,75,-1,1
17429,196,175,21,21
17430,88,82,6,6
17431,47,41,6,6
17432,101,111,-10,10
17433,110,107,3,3
17434,116,117,-1,1
17435,96,102,-6,6
17436,65,62,3,3
17437,55,50,5,5
17438,140,145,-5,5
17439,94,87,7,7
17440,89,80,9,9
17441,101,94,7,7
17442,80,71,9,9
17443,112,105,7,7
17444,106,116,-10,10
17445,103,110,-7,7
17446,60,62,-2,2
17447,95,105,-10,10
17448,87,93,-6,6
17449,45,39,6,6
17450,92,94,-2,2
17451,108,105,3,3
17452,98,96,2,2
17453,62,63,-1,1
17454,107,106,1,1
17455,74,69,5,5
17456,137,126,11,11
17457,75,73,2,2
17458,66,63,3,3
17459,100,92,8,8
17460,129,145,-16,16
17461,79,79,0,0
17462,111,103,8,8
17463,88,97,-9,9
17464,63,61,2,2
17465,95,100,-5,5
17466,74,72,2,2
17467,108,106,2,2
17468,115,108,7,7
17469,96,94,2,2
17470,146,135,11,11
17471,178,174,4,4
17472,171,170,1,1
17473,171,164,7,7
17474,151,154,-3,3
17475,90,93,-3,3
17476,94,86,8,8
17477,89,77,12,12
17478,71,71,0,0
17479,223,212,11,11
17480,66,66,0,0
17481,116,117,-1,1
17482,69,65,4,4
17483,153,150,3,3
17484,48,55,-7,7
17485,83,83,0,0
17486,177,173,4,4
17487,70,79,-9,9
17488,80,84,-4,4
17489,77,81,-4,4
17490,69,64,5,5
17491,81,74,7,7
17492,115,117,-2,2
17493,96,103,-7,7
17494,94,86,8,8
17495,46,50,-4,4
17496,88,104,-16,16
17497,90,79,11,11
17498,89,92,-3,3
17499,65,59,6,6
17500,78,74,4,4
17501,76,78,-2,2
17502,116,104,12,12
17503,127,120,7,7
17504,146,150,-4,4
17505,89,98,-9,9
17506,42,59,-17,17
17507,73,64,9,9
17508,61,60,1,1
17509,79,72,7,7
17510,105,101,4,4
17511,64,63,1,1
17512,115,120,-5,5
17513,66,73,-7,7
17514,75,73,2,2
17515,82,84,-2,2
17516,46,57,-11,11
17517,106,111,-5,5
17518,74,82,-8,8
17519,58,69,-11,11
17520,89,90,-1,1
17521,76,69,7,7
17522,90,81,9,9
17523,108,107,1,1
17524,89,101,-12,12
17525,75,70,5,5
17526,98,94,4,4
17527,87,81,6,6
17528,65,66,-1,1
17529,121,109,12,12
17530,63,65,-2,2
17531,139,150,-11,11
17532,80,80,0,0
17533,75,77,-2,2
17534,64,67,-3,3
17535,48,54,-6,6
17536,115,115,0,0
17537,82,81,1,1
17538,120,119,1,1
17539,141,146,-5,5
17540,67,66,1,1
17541,48,61,-13,13
17542,117,113,4,4
17543,173,174,-1,1
17544,74,83,-9,9
17545,53,61,-8,8
17546,33,37,-4,4
17547,79,83,-4,4
17548,76,71,5,5
17549,119,106,13,13
17550,139,137,2,2
17551,77,72,5,5
17552,115,117,-2,2
17553,67,73,-6,6
17554,105,94,11,11
17555,127,130,-3,3
17556,84,84,0,0
17557,106,110,-4,4
17558,79,87,-8,8
17559,96,103,-7,7
17560,82,79,3,3
17561,146,143,3,3
17562,98,102,-4,4
17563,116,124,-8,8
17564,42,39,3,3
17565,82,86,-4,4
17566,71,69,2,2
17567,103,94,9,9
17568,60,62,-2,2
17569,86,86,0,0
17570,137,128,9,9
17571,105,98,7,7
17572,68,74,-6,6
17573,94,101,-7,7
17574,190,185,5,5
17575,61,58,3,3
17576,112,108,4,4
17577,72,63,9,9
17578,137,126,11,11
17579,85,88,-3,3
17580,190,189,1,1
17581,145,157,-12,12
17582,100,105,-5,5
17583,143,135,8,8
17584,81,81,0,0
17585,58,63,-5,5
17586,79,92,-13,13
17587,119,117,2,2
17588,63,64,-1,1
17589,106,102,4,4
17590,111,104,7,7
17591,90,94,-4,4
17592,134,141,-7,7
17593,129,118,11,11
17594,67,66,1,1
17595,128,132,-4,4
17596,43,39,4,4
17597,58,59,-1,1
17598,123,133,-10,10
17599,63,61,2,2
17600,61,63,-2,2
17601,74,62,12,12
17602,117,107,10,10
17603,132,111,21,21
17604,73,62,11,11
17605,127,128,-1,1
17606,170,175,-5,5
17607,101,104,-3,3
17608,118,108,10,10
17609,73,67,6,6
17610,82,85,-3,3
17611,100,101,-1,1
17612,62,62,0,0
17613,80,73,7,7
17614,50,51,-1,1
17615,68,68,0,0
17616,163,159,4,4
17617,49,38,11,11
17618,75,75,0,0
17619,133,128,5,5
17620,115,115,0,0
17621,102,107,-5,5
17622,74,74,0,0
17623,161,152,9,9
17624,130,136,-6,6
17625,122,116,6,6
17626,109,103,6,6
17627,120,132,-12,12
17628,72,52,20,20
17629,90,95,-5,5
17630,80,92,-12,12
17631,103,114,-11,11
17632,134,133,1,1
17633,93,93,0,0
17634,82,81,1,1
17635,184,173,11,11
17636,84,84,0,0
17637,62,61,1,1
17638,65,63,2,2
17639,68,70,-2,2
17640,118,119,-1,1
17641,81,84,-3,3
17642,116,118,-2,2
17643,116,116,0,0
17644,85,81,4,4
17645,55,59,-4,4
17646,91,89,2,2
17647,79,83,-4,4
17648,24,38,-14,14
17649,155,150,5,5
17650,97,88,9,9
17651,69,75,-6,6
17652,105,106,-1,1
17653,158,165,-7,7
17654,129,132,-3,3
17655,115,109,6,6
17656,92,103,-11,11
17657,82,86,-4,4
17658,100,101,-1,1
17659,66,59,7,7
17660,46,38,8,8
17661,141,154,-13,13
17662,128,126,2,2
17663,101,83,18,18
17664,103,98,5,5
17665,75,72,3,3
17666,125,122,3,3
17667,50,44,6,6
17668,67,65,2,2
17669,91,98,-7,7
17670,95,95,0,0
17671,133,128,5,5
17672,124,124,0,0
17673,59,52,7,7
17674,138,134,4,4
17675,132,129,3,3
17676,109,107,2,2
17677,72,77,-5,5
17678,84,86,-2,2
17679,107,109,-2,2
17680,73,84,-11,11
17681,76,77,-1,1
17682,122,111,11,11
17683,107,115,-8,8
17684,38,39,-1,1
17685,127,119,8,8
17686,82,77,5,5
17687,189,180,9,9
17688,115,112,3,3
17689,100,97,3,3
17690,70,63,7,7
17691,81,70,11,11
17692,150,169,-19,19
17693,94,90,4,4
17694,88,85,3,3
17695,81,86,-5,5
17696,148,152,-4,4
17697,75,87,-12,12
17698,90,86,4,4
17699,124,123,1,1
17700,46,39,7,7
17701,103,111,-8,8
17702,101,94,7,7
17703,93,94,-1,1
17704,105,107,-2,2
17705,91,95,-4,4
17706,138,138,0,0
17707,85,87,-2,2
17708,102,98,4,4
17709,72,86,-14,14
17710,81,80,1,1
17711,118,119,-1,1
17712,114,124,-10,10
17713,118,116,2,2
17714,79,81,-2,2
17715,149,142,7,7
17716,74,79,-5,5
17717,46,51,-5,5
17718,76,67,9,9
17719,80,81,-1,1
17720,124,141,-17,17
17721,126,138,-12,12
17722,57,54,3,3
17723,91,105,-14,14
17724,206,189,17,17
17725,122,112,10,10
17726,89,94,-5,5
17727,108,109,-1,1
17728,170,161,9,9
17729,89,89,0,0
17730,90,86,4,4
17731,85,88,-3,3
17732,80,69,11,11
17733,105,92,13,13
17734,84,73,11,11
17735,97,96,1,1
17736,60,61,-1,1
17737,39,39,0,0
17738,103,97,6,6
17739,122,124,-2,2
17740,105,109,-4,4
17741,72,76,-4,4
17742,72,79,-7,7
17743,126,120,6,6
17744,113,106,7,7
17745,88,86,2,2
17746,121,123,-2,2
17747,88,90,-2,2
17748,72,68,4,4
17749,65,74,-9,9
17750,74,80,-6,6
17751,112,120,-8,8
17752,53,54,-1,1
17753,138,136,2,2
17754,108,111,-3,3
17755,65,63,2,2
17756,72,75,-3,3
17757,122,114,8,8
17758,48,58,-10,10
17759,93,91,2,2
17760,124,119,5,5
17761,92,91,1,1
17762,66,68,-2,2
17763,69,68,1,1
17764,144,159,-15,15
17765,103,107,-4,4
17766,96,94,2,2
17767,107,106,1,1
17768,129,128,1,1
17769,60,59,1,1
17770,72,71,1,1
17771,53,52,1,1
17772,117,102,15,15
17773,109,115,-6,6
17774,73,71,2,2
17775,121,116,5,5
17776,193,197,-4,4
17777,69,76,-7,7
17778,80,69,11,11
17779,135,121,14,14
17780,47,39,8,8
17781,75,70,5,5
17782,135,150,-15,15
17783,97,95,2,2
17784,76,80,-4,4
17785,108,107,1,1
17786,110,114,-4,4
17787,87,96,-9,9
17788,59,56,3,3
17789,163,160,3,3
17790,80,82,-2,2
17791,169,158,11,11
17792,91,93,-2,2
17793,122,120,2,2
17794,97,96,1,1
17795,63,66,-3,3
17796,139,147,-8,8
17797,76,74,2,2
17798,80,79,1,1
17799,79,72,7,7
17800,112,115,-3,3
17801,94,95,-1,1
17802,103,106,-3,3
17803,53,58,-5,5
17804,70,70,0,0
17805,156,161,-5,5
17806,29,54,-25,25
17807,128,137,-9,9
17808,125,127,-2,2
17809,126,108,18,18
17810,50,85,-35,35
17811,152,154,-2,2
17812,195,168,27,27
17813,76,82,-6,6
17814,87,86,1,1
17815,80,73,7,7
17816,66,63,3,3
17817,72,70,2,2
17818,104,113,-9,9
17819,67,64,3,3
17820,109,111,-2,2
17821,146,143,3,3
17822,59,68,-9,9
17823,78,74,4,4
17824,73,68,5,5
17825,139,139,0,0
17826,103,97,6,6
17827,112,121,-9,9
17828,99,91,8,8
17829,68,73,-5,5
17830,53,49,4,4
17831,152,132,20,20
17832,55,55,0,0
17833,96,106,-10,10
17834,78,79,-1,1
17835,69,91,-22,22
17836,54,53,1,1
17837,118,114,4,4
17838,120,110,10,10
17839,45,58,-13,13
17840,94,91,3,3
17841,141,144,-3,3
17842,81,88,-7,7
17843,85,97,-12,12
17844,100,104,-4,4
17845,104,105,-1,1
17846,189,171,18,18
17847,79,71,8,8
17848,98,99,-1,1
17849,53,54,-1,1
17850,139,131,8,8
17851,96,116,-20,20
17852,75,75,0,0
17853,74,77,-3,3
17854,142,148,-6,6
17855,135,157,-22,22
17856,40,38,2,2
17857,176,168,8,8
17858,55,57,-2,2
17859,70,78,-8,8
17860,71,72,-1,1
17861,55,62,-7,7
17862,168,171,-3,3
17863,146,138,8,8
17864,111,116,-5,5
17865,117,99,18,18
17866,64,63,1,1
17867,106,99,7,7
17868,110,99,11,11
17869,79,78,1,1
17870,95,90,5,5
17871,121,117,4,4
17872,129,133,-4,4
17873,98,89,9,9
17874,60,56,4,4
17875,53,56,-3,3
17876,121,113,8,8
17877,112,133,-21,21
17878,54,58,-4,4
17879,76,77,-1,1
17880,126,138,-12,12
17881,131,124,7,7
17882,45,48,-3,3
17883,135,136,-1,1
17884,95,86,9,9
17885,80,70,10,10
17886,96,95,1,1
17887,143,136,7,7
17888,59,59,0,0
17889,140,144,-4,4
17890,73,73,0,0
17891,109,114,-5,5
17892,116,130,-14,14
17893,42,39,3,3
17894,44,39,5,5
17895,151,153,-2,2
17896,109,118,-9,9
17897,106,93,13,13
17898,131,105,26,26
17899,139,135,4,4
17900,77,71,6,6
17901,127,124,3,3
17902,79,91,-12,12
17903,140,141,-1,1
17904,63,60,3,3
17905,121,127,-6,6
17906,65,60,5,5
17907,146,144,2,2
17908,110,101,9,9
17909,101,105,-4,4
17910,35,39,-4,4
17911,105,103,2,2
17912,154,166,-12,12
17913,72,67,5,5
17914,98,105,-7,7
17915,126,137,-11,11
17916,142,137,5,5
17917,98,116,-18,18
17918,82,88,-6,6
17919,86,97,-11,11
17920,79,73,6,6
17921,111,101,10,10
17922,74,70,4,4
17923,58,55,3,3
17924,48,52,-4,4
17925,74,71,3,3
17926,123,121,2,2
17927,40,39,1,1
17928,80,65,15,15
17929,63,54,9,9
17930,115,98,17,17
17931,107,110,-3,3
17932,80,72,8,8
17933,85,84,1,1
17934,166,163,3,3
17935,71,78,-7,7
17936,56,63,-7,7
17937,48,56,-8,8
17938,96,90,6,6
17939,54,54,0,0
17940,124,128,-4,4
17941,92,96,-4,4
17942,51,54,-3,3
17943,62,65,-3,3
17944,89,84,5,5
17945,141,135,6,6
17946,87,71,16,16
17947,75,85,-10,10
17948,81,78,3,3
17949,65,85,-20,20
17950,90,84,6,6
17951,85,82,3,3
17952,71,75,-4,4
17953,61,64,-3,3
17954,104,103,1,1
17955,98,106,-8,8
17956,68,67,1,1
17957,77,68,9,9
17958,90,89,1,1
17959,71,86,-15,15
17960,59,69,-10,10
17961,109,100,9,9
17962,105,108,-3,3
17963,175,170,5,5
17964,83,91,-8,8
17965,139,132,7,7
17966,68,68,0,0
17967,88,94,-6,6
17968,75,69,6,6
17969,104,111,-7,7
17970,126,118,8,8
17971,91,95,-4,4
17972,94,100,-6,6
17973,89,88,1,1
17974,41,38,3,3
17975,91,110,-19,19
17976,81,80,1,1
17977,72,67,5,5
17978,146,133,13,13
17979,80,82,-2,2
17980,141,121,20,20
17981,104,96,8,8
17982,111,103,8,8
17983,115,120,-5,5
17984,67,63,4,4
17985,132,128,4,4
17986,118,122,-4,4
17987,79,72,7,7
17988,67,78,-11,11
17989,158,136,22,22
17990,90,84,6,6
17991,78,81,-3,3
17992,52,55,-3,3
17993,67,67,0,0
17994,57,74,-17,17
17995,93,96,-3,3
17996,73,70,3,3
17997,100,106,-6,6
17998,150,139,11,11
17999,68,66,2,2
18000,74,76,-2,2
18001,100,101,-1,1
18002,92,102,-10,10
18003,101,108,-7,7
18004,96,89,7,7
18005,161,155,6,6
18006,71,75,-4,4
18007,97,96,1,1
18008,62,61,1,1
18009,70,72,-2,2
18010,106,101,5,5
18011,67,73,-6,6
18012,56,64,-8,8
18013,75,70,5,5
18014,47,38,9,9
18015,78,76,2,2
18016,62,57,5,5
18017,68,72,-4,4
18018,106,100,6,6
18019,125,113,12,12
18020,84,100,-16,16
18021,107,105,2,2
18022,63,57,6,6
18023,76,88,-12,12
18024,98,89,9,9
18025,139,121,18,18
18026,94,97,-3,3
18027,142,142,0,0
18028,121,120,1,1
18029,79,77,2,2
18030,123,129,-6,6
18031,82,84,-2,2
18032,174,177,-3,3
18033,116,125,-9,9
18034,51,55,-4,4
18035,157,147,10,10
18036,57,57,0,0
18037,71,62,9,9
18038,30,38,-8,8
18039,102,103,-1,1
18040,140,129,11,11
18041,156,162,-6,6
18042,44,39,5,5
18043,157,153,4,4
18044,91,95,-4,4
18045,111,121,-10,10
18046,107,117,-10,10
18047,83,88,-5,5
18048,83,84,-1,1
18049,103,98,5,5
18050,84,77,7,7
18051,79,78,1,1
18052,119,106,13,13
18053,66,74,-8,8
18054,34,39,-5,5
18055,134,132,2,2
18056,108,105,3,3
18057,60,68,-8,8
18058,33,39,-6,6
18059,105,111,-6,6
18060,71,76,-5,5
18061,92,98,-6,6
18062,62,64,-2,2
18063,54,56,-2,2
18064,85,91,-6,6
18065,154,142,12,12
18066,109,104,5,5
18067,120,134,-14,14
18068,55,53,2,2
18069,102,117,-15,15
18070,58,52,6,6
18071,34,39,-5,5
18072,91,90,1,1
18073,110,108,2,2
18074,117,108,9,9
18075,102,130,-28,28
18076,95,91,4,4
18077,38,39,-1,1
18078,88,90,-2,2
18079,107,95,12,12
18080,113,117,-4,4
18081,58,59,-1,1
18082,56,61,-5,5
18083,68,70,-2,2
18084,59,56,3,3
18085,169,179,-10,10
18086,70,62,8,8
18087,117,112,5,5
18088,84,82,2,2
18089,150,161,-11,11
18090,123,136,-13,13
18091,72,73,-1,1
18092,108,113,-5,5
18093,87,86,1,1
18094,123,152,-29,29
18095,79,82,-3,3
18096,112,132,-20,20
18097,77,77,0,0
18098,123,117,6,6
18099,109,121,-12,12
18100,82,73,9,9
18101,57,57,0,0
18102,120,112,8,8
18103,117,126,-9,9
18104,53,50,3,3
18105,72,80,-8,8
18106,90,83,7,7
18107,92,107,-15,15
18108,88,82,6,6
18109,55,70,-15,15
18110,62,55,7,7
18111,108,114,-6,6
18112,85,72,13,13
18113,66,82,-16,16
18114,165,173,-8,8
18115,124,138,-14,14
18116,75,83,-8,8
18117,54,52,2,2
18118,141,142,-1,1
18119,67,64,3,3
18120,94,98,-4,4
18121,102,109,-7,7
18122,119,128,-9,9
18123,53,55,-2,2
18124,122,138,-16,16
18125,60,61,-1,1
18126,88,91,-3,3
18127,101,105,-4,4
18128,64,63,1,1
18129,48,64,-16,16
18130,75,70,5,5
18131,53,72,-19,19
18132,123,112,11,11
18133,90,86,4,4
18134,137,147,-10,10
18135,95,101,-6,6
18136,88,107,-19,19
18137,106,112,-6,6
18138,155,152,3,3
18139,75,72,3,3
18140,62,61,1,1
18141,91,83,8,8
18142,58,52,6,6
18143,51,58,-7,7
18144,120,123,-3,3
18145,94,99,-5,5
18146,112,112,0,0
18147,84,101,-17,17
18148,67,71,-4,4
18149,83,85,-2,2
18150,162,162,0,0
18151,122,124,-2,2
18152,36,39,-3,3
18153,127,123,4,4
18154,75,91,-16,16
18155,119,106,13,13
18156,147,147,0,0
18157,105,104,1,1
18158,55,55,0,0
18159,90,86,4,4
18160,57,58,-1,1
18161,100,102,-2,2
18162,63,58,5,5
18163,58,62,-4,4
18164,140,151,-11,11
18165,107,104,3,3
18166,71,78,-7,7
18167,145,150,-5,5
18168,64,70,-6,6
18169,94,85,9,9
18170,71,68,3,3
18171,68,70,-2,2
18172,109,101,8,8
18173,67,67,0,0
18174,81,82,-1,1
18175,101,94,7,7
18176,135,126,9,9
18177,60,54,6,6
18178,154,148,6,6
18179,131,121,10,10
18180,97,91,6,6
18181,65,62,3,3
18182,132,128,4,4
18183,95,99,-4,4
18184,97,89,8,8
18185,122,116,6,6
18186,80,85,-5,5
18187,89,84,5,5
18188,97,85,12,12
18189,106,109,-3,3
18190,101,105,-4,4
18191,116,131,-15,15
18192,70,87,-17,17
18193,44,39,5,5
18194,149,146,3,3
18195,95,96,-1,1
18196,79,78,1,1
18197,114,113,1,1
18198,77,68,9,9
18199,121,115,6,6
18200,80,81,-1,1
18201,117,109,8,8
18202,150,144,6,6
18203,85,81,4,4
18204,72,83,-11,11
18205,112,107,5,5
18206,91,86,5,5
18207,61,54,7,7
18208,126,124,2,2
18209,78,76,2,2
18210,129,130,-1,1
18211,71,70,1,1
18212,72,77,-5,5
18213,166,166,0,0
18214,134,131,3,3
18215,36,37,-1,1
18216,63,66,-3,3
18217,73,70,3,3
18218,88,92,-4,4
18219,88,95,-7,7
18220,113,122,-9,9
18221,138,133,5,5
18222,88,69,19,19
18223,127,134,-7,7
18224,216,216,0,0
18225,108,111,-3,3
18226,137,140,-3,3
18227,66,82,-16,16
18228,68,74,-6,6
18229,100,96,4,4
18230,50,53,-3,3
18231,130,135,-5,5
18232,100,102,-2,2
18233,201,177,24,24
18234,53,53,0,0
18235,65,65,0,0
18236,60,58,2,2
18237,177,177,0,0
18238,88,80,8,8
18239,64,65,-1,1
18240,141,149,-8,8
18241,87,93,-6,6
18242,144,144,0,0
18243,118,105,13,13
18244,84,89,-5,5
18245,80,86,-6,6
18246,131,139,-8,8
18247,61,64,-3,3
18248,93,91,2,2
18249,78,88,-10,10
18250,58,54,4,4
18251,99,88,11,11
18252,107,101,6,6
18253,119,119,0,0
18254,104,116,-12,12
18255,87,94,-7,7
18256,88,83,5,5
18257,131,133,-2,2
18258,126,127,-1,1
18259,125,117,8,8
18260,99,108,-9,9
18261,127,129,-2,2
18262,34,50,-16,16
18263,77,67,10,10
18264,88,90,-2,2
18265,106,123,-17,17
18266,104,100,4,4
18267,78,87,-9,9
18268,78,78,0,0
18269,211,197,14,14
18270,68,54,14,14
18271,110,108,2,2
18272,86,85,1,1
18273,102,104,-2,2
18274,82,76,6,6
18275,57,56,1,1
18276,106,108,-2,2
18277,52,60,-8,8
18278,60,58,2,2
18279,78,82,-4,4
18280,66,59,7,7
18281,134,131,3,3
18282,61,61,0,0
18283,88,87,1,1
18284,95,98,-3,3
18285,79,81,-2,2
18286,109,111,-2,2
18287,74,76,-2,2
18288,82,74,8,8
18289,77,78,-1,1
18290,89,87,2,2
18291,115,111,4,4
18292,64,64,0,0
18293,143,139,4,4
18294,189,186,3,3
18295,27,39,-12,12
18296,82,90,-8,8
18297,127,140,-13,13
18298,121,110,11,11
18299,103,106,-3,3
18300,55,54,1,1
18301,163,166,-3,3
18302,93,96,-3,3
18303,95,95,0,0
18304,123,130,-7,7
18305,59,60,-1,1
18306,112,103,9,9
18307,76,76,0,0
18308,77,86,-9,9
18309,62,65,-3,3
18310,71,72,-1,1
18311,60,55,5,5
18312,141,148,-7,7
18313,91,96,-5,5
18314,96,94,2,2
18315,58,60,-2,2
18316,93,93,0,0
18317,165,174,-9,9
18318,199,203,-4,4
18319,98,98,0,0
18320,152,154,-2,2
18321,81,72,9,9
18322,93,88,5,5
18323,122,116,6,6
18324,83,84,-1,1
18325,82,85,-3,3
18326,61,61,0,0
18327,87,91,-4,4
18328,44,45,-1,1
18329,90,100,-10,10
18330,50,54,-4,4
18331,122,118,4,4
18332,82,83,-1,1
18333,101,105,-4,4
18334,93,96,-3,3
18335,132,123,9,9
18336,111,120,-9,9
18337,96,84,12,12
18338,47,51,-4,4
18339,113,117,-4,4
18340,182,188,-6,6
18341,107,128,-21,21
18342,99,110,-11,11
18343,72,81,-9,9
18344,84,92,-8,8
18345,55,56,-1,1
18346,154,162,-8,8
18347,39,38,1,1
18348,107,104,3,3
18349,89,95,-6,6
18350,114,111,3,3
18351,99,102,-3,3
18352,76,79,-3,3
18353,61,60,1,1
18354,112,99,13,13
18355,79,80,-1,1
18356,81,80,1,1
18357,80,86,-6,6
18358,49,61,-12,12
18359,48,37,11,11
18360,113,112,1,1
18361,91,97,-6,6
18362,76,77,-1,1
18363,144,152,-8,8
18364,67,64,3,3
18365,81,71,10,10
18366,111,108,3,3
18367,78,80,-2,2
18368,53,59,-6,6
18369,77,81,-4,4
18370,71,90,-19,19
18371,76,70,6,6
18372,65,63,2,2
18373,90,93,-3,3
18374,165,163,2,2
18375,188,194,-6,6
18376,58,166,-108,108
18377,81,82,-1,1
18378,65,65,0,0
18379,91,94,-3,3
18380,116,120,-4,4
18381,145,136,9,9
18382,111,114,-3,3
18383,146,142,4,4
18384,119,109,10,10
18385,91,96,-5,5
18386,116,120,-4,4
18387,48,38,10,10
18388,107,121,-14,14
18389,63,65,-2,2
18390,120,111,9,9
18391,86,86,0,0
18392,93,94,-1,1
18393,89,93,-4,4
18394,95,96,-1,1
18395,90,85,5,5
18396,104,102,2,2
18397,144,147,-3,3
18398,119,112,7,7
18399,82,83,-1,1
18400,61,77,-16,16
18401,93,98,-5,5
18402,142,134,8,8
18403,73,70,3,3
18404,133,121,12,12
18405,128,138,-10,10
18406,104,102,2,2
18407,90,89,1,1
18408,88,94,-6,6
18409,65,78,-13,13
18410,102,98,4,4
18411,176,166,10,10
18412,90,97,-7,7
18413,241,225,16,16
18414,115,99,16,16
18415,69,66,3,3
18416,94,87,7,7
18417,123,120,3,3
18418,96,109,-13,13
18419,90,96,-6,6
18420,59,62,-3,3
18421,76,77,-1,1
18422,72,72,0,0
18423,70,70,0,0
18424,67,62,5,5
18425,83,84,-1,1
18426,205,191,14,14
18427,62,66,-4,4
18428,214,213,1,1
18429,79,71,8,8
18430,142,134,8,8
18431,88,84,4,4
18432,107,116,-9,9
18433,120,113,7,7
18434,108,108,0,0
18435,102,96,6,6
18436,64,67,-3,3
18437,86,92,-6,6
18438,70,73,-3,3
18439,130,113,17,17
18440,97,91,6,6
18441,85,89,-4,4
18442,67,63,4,4
18443,142,120,22,22
18444,48,54,-6,6
18445,88,84,4,4
18446,123,129,-6,6
18447,69,78,-9,9
18448,92,91,1,1
18449,69,73,-4,4
18450,45,38,7,7
18451,64,63,1,1
18452,84,74,10,10
18453,131,132,-1,1
18454,78,81,-3,3
18455,32,39,-7,7
18456,85,82,3,3
18457,100,95,5,5
18458,99,85,14,14
18459,125,119,6,6
18460,91,82,9,9
18461,196,194,2,2
18462,94,120,-26,26
18463,54,53,1,1
18464,134,129,5,5
18465,168,156,12,12
18466,64,62,2,2
18467,73,74,-1,1
18468,96,91,5,5
18469,82,71,11,11
18470,48,56,-8,8
18471,65,68,-3,3
18472,121,123,-2,2
18473,102,105,-3,3
18474,69,64,5,5
18475,92,91,1,1
18476,79,79,0,0
18477,107,112,-5,5
18478,76,91,-15,15
18479,73,77,-4,4
18480,75,67,8,8
18481,150,159,-9,9
18482,149,148,1,1
18483,144,139,5,5
18484,113,111,2,2
18485,62,68,-6,6
18486,108,113,-5,5
18487,103,111,-8,8
18488,58,95,-37,37
18489,42,54,-12,12
18490,115,103,12,12
18491,58,91,-33,33
18492,115,103,12,12
18493,109,102,7,7
18494,51,39,12,12
18495,70,67,3,3
18496,68,88,-20,20
18497,143,141,2,2
18498,83,71,12,12
18499,116,110,6,6
18500,45,47,-2,2
18501,90,86,4,4
18502,67,65,2,2
18503,100,101,-1,1
18504,113,117,-4,4
18505,30,38,-8,8
18506,98,102,-4,4
18507,67,68,-1,1
18508,53,58,-5,5
18509,105,106,-1,1
18510,123,128,-5,5
18511,57,58,-1,1
18512,125,116,9,9
18513,98,96,2,2
18514,111,111,0,0
18515,122,117,5,5
18516,117,120,-3,3
18517,74,75,-1,1
18518,84,83,1,1
18519,143,146,-3,3
18520,121,115,6,6
18521,121,120,1,1
18522,99,99,0,0
18523,103,96,7,7
18524,104,91,13,13
18525,63,59,4,4
18526,222,202,20,20
18527,113,108,5,5
18528,88,91,-3,3
18529,122,105,17,17
18530,109,124,-15,15
18531,72,65,7,7
18532,64,61,3,3
18533,144,138,6,6
18534,82,83,-1,1
18535,82,88,-6,6
18536,162,160,2,2
18537,112,122,-10,10
18538,62,62,0,0
18539,78,97,-19,19
18540,48,48,0,0
18541,90,90,0,0
18542,130,119,11,11
18543,70,71,-1,1
18544,141,153,-12,12
18545,138,138,0,0
18546,126,99,27,27
18547,71,70,1,1
18548,89,95,-6,6
18549,138,138,0,0
18550,70,62,8,8
18551,123,115,8,8
18552,72,74,-2,2
18553,107,112,-5,5
18554,58,53,5,5
18555,90,86,4,4
18556,136,145,-9,9
18557,163,163,0,0
18558,108,102,6,6
18559,83,76,7,7
18560,117,115,2,2
18561,142,140,2,2
18562,69,68,1,1
18563,100,91,9,9
18564,211,202,9,9
18565,148,160,-12,12
18566,82,79,3,3
18567,86,89,-3,3
18568,201,197,4,4
18569,113,123,-10,10
18570,126,128,-2,2
18571,64,60,4,4
18572,98,94,4,4
18573,51,52,-1,1
18574,93,107,-14,14
18575,60,59,1,1
18576,82,81,1,1
18577,95,115,-20,20
18578,94,85,9,9
18579,81,80,1,1
18580,111,116,-5,5
18581,63,69,-6,6
18582,55,56,-1,1
18583,142,142,0,0
18584,139,125,14,14
18585,118,116,2,2
18586,209,177,32,32
18587,73,72,1,1
18588,103,108,-5,5
18589,118,124,-6,6
18590,124,117,7,7
18591,79,93,-14,14
18592,124,120,4,4
18593,129,132,-3,3
18594,91,87,4,4
18595,83,92,-9,9
18596,120,109,11,11
18597,91,85,6,6
18598,101,98,3,3
18599,117,112,5,5
18600,154,148,6,6
18601,83,85,-2,2
18602,113,113,0,0
18603,83,87,-4,4
18604,106,115,-9,9
18605,47,44,3,3
18606,63,63,0,0
18607,99,97,2,2
18608,47,63,-16,16
18609,111,106,5,5
18610,111,105,6,6
18611,152,149,3,3
18612,91,107,-16,16
18613,111,115,-4,4
18614,103,119,-16,16
18615,80,86,-6,6
18616,133,131,2,2
18617,83,81,2,2
18618,67,60,7,7
18619,124,132,-8,8
18620,93,104,-11,11
18621,80,78,2,2
18622,64,69,-5,5
18623,74,85,-11,11
18624,92,94,-2,2
18625,122,114,8,8
18626,92,107,-15,15
18627,111,116,-5,5
18628,148,129,19,19
18629,102,98,4,4
18630,101,98,3,3
18631,89,88,1,1
18632,94,104,-10,10
18633,78,76,2,2
18634,88,81,7,7
18635,87,96,-9,9
18636,59,52,7,7
18637,75,82,-7,7
18638,101,107,-6,6
18639,96,102,-6,6
18640,64,64,0,0
18641,106,100,6,6
18642,90,92,-2,2
18643,95,100,-5,5
18644,107,112,-5,5
18645,95,99,-4,4
18646,78,87,-9,9
18647,124,161,-37,37
18648,142,148,-6,6
18649,73,74,-1,1
18650,111,113,-2,2
18651,92,79,13,13
18652,205,189,16,16
18653,93,86,7,7
18654,87,100,-13,13
18655,43,39,4,4
18656,51,52,-1,1
18657,102,104,-2,2
18658,85,98,-13,13
18659,152,155,-3,3
18660,69,69,0,0
18661,47,53,-6,6
18662,52,58,-6,6
18663,94,101,-7,7
18664,149,147,2,2
18665,81,69,12,12
18666,96,87,9,9
18667,88,87,1,1
18668,81,77,4,4
18669,129,126,3,3
18670,107,130,-23,23
18671,93,84,9,9
18672,90,93,-3,3
18673,72,75,-3,3
18674,82,79,3,3
18675,73,75,-2,2
18676,102,102,0,0
18677,52,55,-3,3
18678,79,90,-11,11
18679,131,125,6,6
18680,56,55,1,1
18681,58,54,4,4
18682,66,61,5,5
18683,58,59,-1,1
18684,76,81,-5,5
18685,83,78,5,5
18686,84,84,0,0
18687,100,104,-4,4
18688,114,105,9,9
18689,112,115,-3,3
18690,104,98,6,6
18691,110,116,-6,6
18692,160,173,-13,13
18693,98,98,0,0
18694,122,121,1,1
18695,39,39,0,0
18696,120,125,-5,5
18697,84,85,-1,1
18698,64,84,-20,20
18699,87,97,-10,10
18700,102,101,1,1
18701,87,90,-3,3
18702,76,69,7,7
18703,132,132,0,0
18704,65,59,6,6
18705,136,123,13,13
18706,87,76,11,11
18707,93,89,4,4
18708,130,126,4,4
18709,96,98,-2,2
18710,93,91,2,2
18711,67,76,-9,9
18712,116,115,1,1
18713,81,90,-9,9
18714,107,114,-7,7
18715,70,67,3,3
18716,113,108,5,5
18717,78,83,-5,5
18718,93,88,5,5
18719,62,67,-5,5
18720,43,39,4,4
18721,81,77,4,4
18722,85,88,-3,3
18723,128,121,7,7
18724,110,115,-5,5
18725,37,38,-1,1
18726,66,71,-5,5
18727,56,54,2,2
18728,95,96,-1,1
18729,95,99,-4,4
18730,92,91,1,1
18731,99,107,-8,8
18732,75,81,-6,6
18733,186,171,15,15
18734,30,38,-8,8
18735,63,61,2,2
18736,60,51,9,9
18737,38,39,-1,1
18738,70,78,-8,8
18739,85,83,2,2
18740,71,60,11,11
18741,122,130,-8,8
18742,45,38,7,7
18743,94,90,4,4
18744,133,133,0,0
18745,89,84,5,5
18746,85,76,9,9
18747,80,83,-3,3
18748,141,134,7,7
18749,108,110,-2,2
18750,39,54,-15,15
18751,85,102,-17,17
18752,99,103,-4,4
18753,81,77,4,4
18754,123,125,-2,2
18755,98,98,0,0
18756,81,85,-4,4
18757,110,114,-4,4
18758,64,73,-9,9
18759,75,84,-9,9
18760,59,55,4,4
18761,66,71,-5,5
18762,81,74,7,7
18763,92,92,0,0
18764,115,112,3,3
18765,129,137,-8,8
18766,99,98,1,1
18767,72,77,-5,5
18768,91,94,-3,3
18769,69,70,-1,1
18770,80,72,8,8
18771,89,95,-6,6
18772,92,99,-7,7
18773,95,96,-1,1
18774,166,157,9,9
18775,61,57,4,4
18776,59,49,10,10
18777,42,56,-14,14
18778,53,55,-2,2
18779,101,98,3,3
18780,90,83,7,7
18781,116,108,8,8
18782,83,74,9,9
18783,89,90,-1,1
18784,121,122,-1,1
18785,74,60,14,14
18786,113,104,9,9
18787,85,87,-2,2
18788,137,138,-1,1
18789,72,83,-11,11
18790,78,68,10,10
18791,113,125,-12,12
18792,144,119,25,25
18793,54,54,0,0
18794,74,69,5,5
18795,72,69,3,3
18796,73,72,1,1
18797,163,146,17,17
18798,96,98,-2,2
18799,90,90,0,0
18800,64,63,1,1
18801,61,61,0,0
18802,79,78,1,1
18803,118,125,-7,7
18804,70,66,4,4
18805,108,109,-1,1
18806,83,109,-26,26
18807,55,52,3,3
18808,139,142,-3,3
18809,49,50,-1,1
18810,159,154,5,5
18811,30,38,-8,8
18812,111,116,-5,5
18813,112,110,2,2
18814,149,160,-11,11
18815,104,105,-1,1
18816,166,145,21,21
18817,76,70,6,6
18818,128,140,-12,12
18819,54,58,-4,4
18820,99,104,-5,5
18821,53,50,3,3
18822,98,95,3,3
18823,94,100,-6,6
18824,144,150,-6,6
18825,47,37,10,10
18826,124,135,-11,11
18827,137,155,-18,18
18828,55,50,5,5
18829,79,67,12,12
18830,103,107,-4,4
18831,67,72,-5,5
18832,45,39,6,6
18833,129,119,10,10
18834,33,54,-21,21
18835,108,110,-2,2
18836,68,66,2,2
18837,165,160,5,5
18838,108,100,8,8
18839,142,123,19,19
18840,108,114,-6,6
18841,56,62,-6,6
18842,73,76,-3,3
18843,121,124,-3,3
18844,139,148,-9,9
18845,124,120,4,4
18846,59,58,1,1
18847,98,120,-22,22
18848,42,39,3,3
18849,94,102,-8,8
18850,120,111,9,9
18851,64,65,-1,1
18852,52,58,-6,6
18853,193,188,5,5
18854,99,96,3,3
18855,73,80,-7,7
18856,166,141,25,25
18857,116,115,1,1
18858,69,86,-17,17
18859,67,64,3,3
18860,81,81,0,0
18861,112,106,6,6
18862,120,107,13,13
18863,67,58,9,9
18864,105,90,15,15
18865,146,137,9,9
18866,110,101,9,9
18867,90,89,1,1
18868,94,86,8,8
18869,106,121,-15,15
18870,95,94,1,1
18871,112,115,-3,3
18872,104,96,8,8
18873,60,65,-5,5
18874,93,79,14,14
18875,171,177,-6,6
18876,57,57,0,0
18877,106,99,7,7
18878,83,90,-7,7
18879,65,57,8,8
18880,111,114,-3,3
18881,117,121,-4,4
18882,71,73,-2,2
18883,46,50,-4,4
18884,87,106,-19,19
18885,80,75,5,5
18886,58,60,-2,2
18887,47,38,9,9
18888,196,182,14,14
18889,100,105,-5,5
18890,122,130,-8,8
18891,126,127,-1,1
18892,61,62,-1,1
18893,68,73,-5,5
18894,90,99,-9,9
18895,96,99,-3,3
18896,154,164,-10,10
18897,153,159,-6,6
18898,83,84,-1,1
18899,130,128,2,2
18900,110,103,7,7
18901,122,122,0,0
18902,85,79,6,6
18903,55,55,0,0
18904,85,83,2,2
18905,122,124,-2,2
18906,71,68,3,3
18907,149,145,4,4
18908,101,100,1,1
18909,81,96,-15,15
18910,95,97,-2,2
18911,120,119,1,1
18912,137,147,-10,10
18913,132,149,-17,17
18914,83,73,10,10
18915,121,114,7,7
18916,121,117,4,4
18917,125,142,-17,17
18918,81,86,-5,5
18919,137,142,-5,5
18920,89,88,1,1
18921,113,109,4,4
18922,23,40,-17,17
18923,123,107,16,16
18924,172,177,-5,5
18925,64,59,5,5
18926,122,134,-12,12
18927,67,67,0,0
18928,86,87,-1,1
18929,42,51,-9,9
18930,126,123,3,3
18931,148,136,12,12
18932,81,73,8,8
18933,78,80,-2,2
18934,74,70,4,4
18935,52,56,-4,4
18936,67,67,0,0
18937,69,69,0,0
18938,76,85,-9,9
18939,56,58,-2,2
18940,103,115,-12,12
18941,86,97,-11,11
18942,67,71,-4,4
18943,74,81,-7,7
18944,61,57,4,4
18945,42,52,-10,10
18946,106,104,2,2
18947,59,58,1,1
18948,65,60,5,5
18949,148,159,-11,11
18950,161,157,4,4
18951,140,135,5,5
18952,140,136,4,4
18953,70,76,-6,6
18954,157,152,5,5
18955,70,76,-6,6
18956,110,117,-7,7
18957,132,163,-31,31
18958,40,68,-28,28
18959,115,108,7,7
18960,165,170,-5,5
18961,46,58,-12,12
18962,108,120,-12,12
18963,145,145,0,0
18964,153,148,5,5
18965,64,64,0,0
18966,104,109,-5,5
18967,104,92,12,12
18968,103,92,11,11
18969,99,109,-10,10
18970,58,59,-1,1
18971,78,73,5,5
18972,116,117,-1,1
18973,95,113,-18,18
18974,77,72,5,5
18975,100,95,5,5
18976,147,145,2,2
18977,73,72,1,1
18978,90,95,-5,5
18979,91,92,-1,1
18980,136,133,3,3
18981,156,146,10,10
18982,71,70,1,1
18983,65,67,-2,2
18984,82,82,0,0
18985,116,115,1,1
18986,134,129,5,5
18987,70,72,-2,2
18988,98,96,2,2
18989,194,189,5,5
18990,58,61,-3,3
18991,111,157,-46,46
18992,55,55,0,0
18993,105,107,-2,2
18994,85,86,-1,1
18995,105,97,8,8
18996,83,91,-8,8
18997,96,89,7,7
18998,83,81,2,2
18999,153,155,-2,2
19000,81,84,-3,3
19001,60,60,0,0
19002,137,142,-5,5
19003,140,136,4,4
19004,88,93,-5,5
19005,124,126,-2,2
19006,101,98,3,3
19007,84,78,6,6
19008,99,97,2,2
19009,59,53,6,6
19010,83,94,-11,11
19011,113,125,-12,12
19012,83,89,-6,6
19013,65,65,0,0
19014,52,57,-5,5
19015,120,126,-6,6
19016,102,94,8,8
19017,50,79,-29,29
19018,134,146,-12,12
19019,90,89,1,1
19020,79,75,4,4
19021,78,83,-5,5
19022,122,114,8,8
19023,69,72,-3,3
19024,72,70,2,2
19025,71,71,0,0
19026,112,93,19,19
19027,111,102,9,9
19028,96,101,-5,5
19029,96,95,1,1
19030,67,67,0,0
19031,102,106,-4,4
19032,71,76,-5,5
19033,147,149,-2,2
19034,123,130,-7,7
19035,89,76,13,13
19036,72,81,-9,9
19037,81,86,-5,5
19038,61,59,2,2
19039,79,81,-2,2
19040,112,105,7,7
19041,167,179,-12,12
19042,74,77,-3,3
19043,122,115,7,7
19044,78,85,-7,7
19045,64,74,-10,10
19046,72,77,-5,5
19047,90,84,6,6
19048,86,80,6,6
19049,122,119,3,3
19050,70,62,8,8
19051,80,80,0,0
19052,55,56,-1,1
19053,86,77,9,9
19054,117,120,-3,3
19055,95,93,2,2
19056,88,90,-2,2
19057,123,109,14,14
19058,102,96,6,6
19059,73,69,4,4
19060,33,39,-6,6
19061,133,122,11,11
19062,65,71,-6,6
19063,75,63,12,12
19064,39,38,1,1
19065,119,112,7,7
19066,88,92,-4,4
19067,110,99,11,11
19068,59,62,-3,3
19069,94,103,-9,9
19070,90,88,2,2
19071,64,64,0,0
19072,111,112,-1,1
19073,95,96,-1,1
19074,77,77,0,0
19075,60,59,1,1
19076,151,152,-1,1
19077,90,86,4,4
19078,65,67,-2,2
19079,100,111,-11,11
19080,59,60,-1,1
19081,89,89,0,0
19082,91,101,-10,10
19083,152,150,2,2
19084,58,57,1,1
19085,98,109,-11,11
19086,111,109,2,2
19087,94,88,6,6
19088,98,104,-6,6
19089,99,91,8,8
19090,132,132,0,0
19091,99,120,-21,21
19092,163,182,-19,19
19093,105,98,7,7
19094,109,113,-4,4
19095,49,45,4,4
19096,97,115,-18,18
19097,153,146,7,7
19098,73,98,-25,25
19099,71,72,-1,1
19100,89,86,3,3
19101,110,101,9,9
19102,73,76,-3,3
19103,151,135,16,16
19104,146,147,-1,1
19105,74,71,3,3
19106,76,65,11,11
19107,57,107,-50,50
19108,96,87,9,9
19109,143,130,13,13
19110,98,87,11,11
19111,74,75,-1,1
19112,78,73,5,5
19113,139,162,-23,23
19114,81,87,-6,6
19115,74,82,-8,8
19116,81,82,-1,1
19117,149,169,-20,20
19118,59,69,-10,10
19119,92,99,-7,7
19120,88,84,4,4
19121,94,96,-2,2
19122,106,106,0,0
19123,143,130,13,13
19124,61,66,-5,5
19125,84,82,2,2
19126,107,113,-6,6
19127,129,133,-4,4
19128,80,80,0,0
19129,89,93,-4,4
19130,159,158,1,1
19131,44,49,-5,5
19132,116,122,-6,6
19133,79,81,-2,2
19134,82,76,6,6
19135,77,79,-2,2
19136,124,117,7,7
19137,97,102,-5,5
19138,62,68,-6,6
19139,65,66,-1,1
19140,78,71,7,7
19141,105,106,-1,1
19142,107,115,-8,8
19143,60,60,0,0
19144,63,58,5,5
19145,71,68,3,3
19146,122,127,-5,5
19147,76,73,3,3
19148,137,144,-7,7
19149,89,91,-2,2
19150,87,94,-7,7
19151,147,152,-5,5
19152,121,138,-17,17
19153,91,83,8,8
19154,62,58,4,4
19155,77,87,-10,10
19156,95,92,3,3
19157,71,73,-2,2
19158,129,143,-14,14
19159,114,115,-1,1
19160,196,191,5,5
19161,113,117,-4,4
19162,122,113,9,9
19163,120,114,6,6
19164,104,118,-14,14
19165,99,98,1,1
19166,80,81,-1,1
19167,69,77,-8,8
19168,100,108,-8,8
19169,63,64,-1,1
19170,145,138,7,7
19171,55,51,4,4
19172,91,88,3,3
19173,148,144,4,4
19174,75,68,7,7
19175,106,107,-1,1
19176,179,170,9,9
19177,86,98,-12,12
19178,72,73,-1,1
19179,127,136,-9,9
19180,68,63,5,5
19181,69,88,-19,19
19182,136,142,-6,6
19183,91,91,0,0
19184,102,107,-5,5
19185,128,121,7,7
19186,94,91,3,3
19187,105,106,-1,1
19188,146,142,4,4
19189,72,64,8,8
19190,105,104,1,1
19191,137,135,2,2
19192,169,170,-1,1
19193,130,158,-28,28
19194,126,127,-1,1
19195,125,120,5,5
19196,102,103,-1,1
19197,74,73,1,1
19198,74,86,-12,12
19199,97,98,-1,1
19200,113,111,2,2
19201,54,54,0,0
19202,127,113,14,14
19203,73,80,-7,7
19204,145,156,-11,11
19205,117,113,4,4
19206,123,124,-1,1
19207,188,170,18,18
19208,75,88,-13,13
19209,76,86,-10,10
19210,45,51,-6,6
19211,86,86,0,0
19212,74,76,-2,2
19213,103,116,-13,13
19214,140,128,12,12
19215,95,98,-3,3
19216,102,106,-4,4
19217,34,39,-5,5
19218,101,98,3,3
19219,62,70,-8,8
19220,81,91,-10,10
19221,84,86,-2,2
19222,114,128,-14,14
19223,90,83,7,7
19224,66,97,-31,31
19225,98,98,0,0
19226,68,72,-4,4
19227,115,111,4,4
19228,101,78,23,23
19229,137,127,10,10
19230,125,127,-2,2
19231,84,87,-3,3
19232,43,57,-14,14
19233,99,94,5,5
19234,126,132,-6,6
19235,97,99,-2,2
19236,105,100,5,5
19237,74,76,-2,2
19238,108,109,-1,1
19239,70,64,6,6
19240,49,52,-3,3
19241,133,132,1,1
19242,105,100,5,5
19243,147,154,-7,7
19244,98,99,-1,1
19245,124,121,3,3
19246,73,74,-1,1
19247,78,72,6,6
19248,106,110,-4,4
19249,63,58,5,5
19250,87,92,-5,5
19251,80,74,6,6
19252,101,100,1,1
19253,80,81,-1,1
19254,107,98,9,9
19255,65,70,-5,5
19256,62,59,3,3
19257,124,131,-7,7
19258,37,39,-2,2
19259,109,109,0,0
19260,48,56,-8,8
19261,152,142,10,10
19262,163,166,-3,3
19263,126,125,1,1
19264,62,87,-25,25
19265,128,140,-12,12
19266,104,103,1,1
19267,110,128,-18,18
19268,79,86,-7,7
19269,79,82,-3,3
19270,145,142,3,3
19271,74,82,-8,8
19272,59,62,-3,3
19273,107,110,-3,3
19274,88,93,-5,5
19275,47,71,-24,24
19276,111,116,-5,5
19277,108,105,3,3
19278,133,120,13,13
19279,155,167,-12,12
19280,85,87,-2,2
19281,135,128,7,7
19282,104,100,4,4
19283,149,159,-10,10
19284,78,77,1,1
19285,76,75,1,1
19286,96,100,-4,4
19287,130,123,7,7
19288,90,86,4,4
19289,55,81,-26,26
19290,123,134,-11,11
19291,65,63,2,2
19292,69,64,5,5
19293,50,55,-5,5
19294,51,61,-10,10
19295,81,71,10,10
19296,108,111,-3,3
19297,81,82,-1,1
19298,42,39,3,3
19299,141,124,17,17
19300,66,73,-7,7
19301,103,101,2,2
19302,147,143,4,4
19303,105,92,13,13
19304,136,118,18,18
19305,58,61,-3,3
19306,108,93,15,15
19307,63,61,2,2
19308,116,121,-5,5
19309,147,141,6,6
19310,73,69,4,4
19311,92,97,-5,5
19312,63,59,4,4
19313,98,100,-2,2
19314,153,154,-1,1
19315,98,98,0,0
19316,68,74,-6,6
19317,70,57,13,13
19318,69,133,-64,64
19319,68,66,2,2
19320,66,65,1,1
19321,83,84,-1,1
19322,113,108,5,5
19323,123,115,8,8
19324,39,38,1,1
19325,127,119,8,8
19326,119,122,-3,3
19327,80,77,3,3
19328,202,223,-21,21
19329,71,78,-7,7
19330,49,53,-4,4
19331,73,83,-10,10
19332,90,99,-9,9
19333,86,86,0,0
19334,71,84,-13,13
19335,62,67,-5,5
19336,89,85,4,4
19337,205,192,13,13
19338,157,133,24,24
19339,95,113,-18,18
19340,54,60,-6,6
19341,86,87,-1,1
19342,105,108,-3,3
19343,51,58,-7,7
19344,56,65,-9,9
19345,142,151,-9,9
19346,151,145,6,6
19347,72,72,0,0
19348,71,83,-12,12
19349,73,70,3,3
19350,58,55,3,3
19351,175,210,-35,35
19352,132,132,0,0
19353,102,105,-3,3
19354,115,115,0,0
19355,92,106,-14,14
19356,77,73,4,4
19357,113,112,1,1
19358,103,109,-6,6
19359,147,164,-17,17
19360,93,108,-15,15
19361,105,111,-6,6
19362,95,90,5,5
19363,158,153,5,5
19364,117,119,-2,2
19365,113,113,0,0
19366,84,75,9,9
19367,64,70,-6,6
19368,98,99,-1,1
19369,91,100,-9,9
19370,106,95,11,11
19371,57,62,-5,5
19372,130,131,-1,1
19373,67,73,-6,6
19374,60,62,-2,2
19375,80,74,6,6
19376,109,111,-2,2
19377,56,83,-27,27
19378,61,68,-7,7
19379,162,161,1,1
19380,105,103,2,2
19381,118,112,6,6
19382,88,86,2,2
19383,61,53,8,8
19384,101,97,4,4
19385,130,137,-7,7
19386,116,109,7,7
19387,66,64,2,2
19388,67,67,0,0
19389,68,76,-8,8
19390,54,53,1,1
19391,76,77,-1,1
19392,91,93,-2,2
19393,48,39,9,9
19394,108,108,0,0
19395,50,53,-3,3
19396,121,137,-16,16
19397,55,53,2,2
19398,99,89,10,10
19399,109,108,1,1
19400,129,124,5,5
19401,59,55,4,4
19402,193,196,-3,3
19403,115,112,3,3
19404,168,173,-5,5
19405,109,111,-2,2
19406,79,92,-13,13
19407,69,66,3,3
19408,124,125,-1,1
19409,86,98,-12,12
19410,108,105,3,3
19411,57,61,-4,4
19412,69,55,14,14
19413,73,76,-3,3
19414,93,106,-13,13
19415,108,105,3,3
19416,47,38,9,9
19417,96,94,2,2
19418,136,148,-12,12
19419,62,50,12,12
19420,35,38,-3,3
19421,168,183,-15,15
19422,72,64,8,8
19423,53,54,-1,1
19424,181,183,-2,2
19425,106,101,5,5
19426,110,124,-14,14
19427,71,75,-4,4
19428,81,89,-8,8
19429,66,66,0,0
19430,96,107,-11,11
19431,94,89,5,5
19432,101,91,10,10
19433,56,56,0,0
19434,161,153,8,8
19435,120,116,4,4
19436,90,93,-3,3
19437,74,74,0,0
19438,119,115,4,4
19439,120,119,1,1
19440,116,142,-26,26
19441,72,70,2,2
19442,100,92,8,8
19443,72,67,5,5
19444,152,156,-4,4
19445,65,74,-9,9
19446,84,81,3,3
19447,100,101,-1,1
19448,116,106,10,10
19449,88,91,-3,3
19450,94,105,-11,11
19451,76,72,4,4
19452,70,75,-5,5
19453,72,84,-12,12
19454,114,114,0,0
19455,95,98,-3,3
19456,88,82,6,6
19457,103,112,-9,9
19458,82,83,-1,1
19459,66,74,-8,8
19460,126,116,10,10
19461,215,221,-6,6
19462,127,129,-2,2
19463,71,69,2,2
19464,106,95,11,11
19465,125,128,-3,3
19466,98,94,4,4
19467,80,97,-17,17
19468,76,80,-4,4
19469,126,126,0,0
19470,45,50,-5,5
19471,98,98,0,0
19472,75,74,1,1
19473,76,67,9,9
19474,103,107,-4,4
19475,149,144,5,5
19476,110,115,-5,5
19477,71,72,-1,1
19478,121,127,-6,6
19479,86,88,-2,2
19480,44,38,6,6
19481,126,129,-3,3
19482,145,133,12,12
19483,94,105,-11,11
19484,49,55,-6,6
19485,99,97,2,2
19486,75,86,-11,11
19487,77,97,-20,20
19488,65,71,-6,6
19489,117,114,3,3
19490,87,84,3,3
19491,87,102,-15,15
19492,138,143,-5,5
19493,66,63,3,3
19494,100,89,11,11
19495,107,101,6,6
19496,82,108,-26,26
19497,76,84,-8,8
19498,67,75,-8,8
19499,40,39,1,1
19500,88,97,-9,9
19501,184,176,8,8
19502,92,84,8,8
19503,134,141,-7,7
19504,105,106,-1,1
19505,112,115,-3,3
19506,70,68,2,2
19507,70,75,-5,5
19508,57,62,-5,5
19509,120,121,-1,1
19510,98,105,-7,7
19511,115,111,4,4
19512,84,95,-11,11
19513,97,94,3,3
19514,85,85,0,0
19515,67,70,-3,3
19516,93,86,7,7
19517,123,124,-1,1
19518,52,102,-50,50
19519,113,110,3,3
19520,63,62,1,1
19521,97,93,4,4
19522,103,101,2,2
19523,91,102,-11,11
19524,74,78,-4,4
19525,110,124,-14,14
19526,162,159,3,3
19527,98,99,-1,1
19528,103,98,5,5
19529,96,106,-10,10
19530,35,38,-3,3
19531,85,92,-7,7
19532,69,70,-1,1
19533,80,71,9,9
19534,60,59,1,1
19535,87,103,-16,16
19536,77,76,1,1
19537,139,135,4,4
19538,51,52,-1,1
19539,122,113,9,9
19540,125,118,7,7
19541,63,55,8,8
19542,125,118,7,7
19543,85,97,-12,12
19544,112,113,-1,1
19545,58,63,-5,5
19546,104,104,0,0
19547,120,115,5,5
19548,43,38,5,5
19549,90,103,-13,13
19550,29,39,-10,10
19551,92,84,8,8
19552,99,84,15,15
19553,55,57,-2,2
19554,66,62,4,4
19555,78,74,4,4
19556,67,60,7,7
19557,91,82,9,9
19558,143,132,11,11
19559,86,97,-11,11
19560,57,66,-9,9
19561,96,88,8,8
19562,101,115,-14,14
19563,58,52,6,6
19564,113,105,8,8
19565,44,38,6,6
19566,140,124,16,16
19567,150,155,-5,5
19568,117,125,-8,8
19569,86,91,-5,5
19570,99,91,8,8
19571,114,106,8,8
19572,81,77,4,4
19573,64,59,5,5
19574,132,136,-4,4
19575,82,84,-2,2
19576,141,138,3,3
19577,68,84,-16,16
19578,137,130,7,7
19579,75,72,3,3
19580,71,68,3,3
19581,59,57,2,2
19582,45,39,6,6
19583,70,66,4,4
19584,107,107,0,0
19585,59,58,1,1
19586,41,39,2,2
19587,65,70,-5,5
19588,50,50,0,0
19589,88,90,-2,2
19590,114,115,-1,1
19591,64,56,8,8
19592,154,157,-3,3
19593,64,68,-4,4
19594,46,63,-17,17
19595,120,119,1,1
19596,80,84,-4,4
19597,52,52,0,0
19598,88,110,-22,22
19599,65,91,-26,26
19600,49,55,-6,6
19601,82,96,-14,14
19602,108,119,-11,11
19603,59,63,-4,4
19604,68,69,-1,1
19605,99,92,7,7
19606,100,101,-1,1
19607,100,92,8,8
19608,156,153,3,3
19609,91,97,-6,6
19610,152,150,2,2
19611,125,115,10,10
19612,60,59,1,1
19613,43,50,-7,7
19614,48,38,10,10
19615,94,102,-8,8
19616,70,65,5,5
19617,52,52,0,0
19618,70,68,2,2
19619,154,145,9,9
19620,133,135,-2,2
19621,72,69,3,3
19622,79,88,-9,9
19623,111,117,-6,6
19624,72,70,2,2
19625,147,157,-10,10
19626,94,92,2,2
19627,41,39,2,2
19628,79,89,-10,10
19629,61,61,0,0
19630,68,72,-4,4
19631,70,67,3,3
19632,80,87,-7,7
19633,58,63,-5,5
19634,45,39,6,6
19635,187,175,12,12
19636,84,84,0,0
19637,76,76,0,0
19638,154,154,0,0
19639,139,135,4,4
19640,173,169,4,4
19641,75,66,9,9
19642,148,145,3,3
19643,174,174,0,0
19644,100,110,-10,10
19645,29,39,-10,10
19646,102,95,7,7
19647,67,70,-3,3
19648,51,51,0,0
19649,133,113,20,20
19650,36,39,-3,3
19651,66,61,5,5
19652,65,59,6,6
19653,73,74,-1,1
19654,151,135,16,16
19655,87,80,7,7
19656,138,148,-10,10
19657,65,62,3,3
19658,97,94,3,3
19659,84,85,-1,1
19660,171,169,2,2
19661,110,107,3,3
19662,120,116,4,4
19663,99,98,1,1
19664,135,144,-9,9
19665,90,90,0,0
19666,70,66,4,4
19667,99,105,-6,6
19668,58,60,-2,2
19669,109,134,-25,25
19670,77,79,-2,2
19671,74,70,4,4
19672,134,141,-7,7
19673,130,117,13,13
19674,65,67,-2,2
19675,109,106,3,3
19676,75,82,-7,7
19677,125,128,-3,3
19678,99,99,0,0
19679,147,149,-2,2
19680,160,153,7,7
19681,49,47,2,2
19682,62,66,-4,4
19683,332,309,23,23
19684,127,126,1,1
19685,34,39,-5,5
19686,145,139,6,6
19687,108,105,3,3
19688,66,69,-3,3
19689,65,68,-3,3
19690,157,150,7,7
19691,89,84,5,5
19692,97,107,-10,10
19693,116,114,2,2
19694,102,102,0,0
19695,118,126,-8,8
19696,161,163,-2,2
19697,97,97,0,0
19698,40,38,2,2
19699,63,63,0,0
19700,70,82,-12,12
19701,83,79,4,4
19702,100,106,-6,6
19703,76,74,2,2
19704,105,104,1,1
19705,72,84,-12,12
19706,69,84,-15,15
19707,136,140,-4,4
19708,126,111,15,15
19709,130,139,-9,9
19710,116,120,-4,4
19711,87,84,3,3
19712,100,103,-3,3
19713,100,97,3,3
19714,55,56,-1,1
19715,92,95,-3,3
19716,101,98,3,3
19717,149,158,-9,9
19718,98,88,10,10
19719,89,91,-2,2
19720,40,68,-28,28
19721,91,88,3,3
19722,103,106,-3,3
19723,88,82,6,6
19724,76,91,-15,15
19725,43,53,-10,10
19726,60,57,3,3
19727,165,157,8,8
19728,148,159,-11,11
19729,114,113,1,1
19730,97,89,8,8
19731,141,147,-6,6
19732,82,90,-8,8
19733,89,87,2,2
19734,141,146,-5,5
19735,31,39,-8,8
19736,87,101,-14,14
19737,83,90,-7,7
19738,64,66,-2,2
19739,68,75,-7,7
19740,75,69,6,6
19741,102,103,-1,1
19742,54,55,-1,1
19743,108,115,-7,7
19744,104,92,12,12
19745,132,135,-3,3
19746,77,74,3,3
19747,130,130,0,0
19748,46,38,8,8
19749,83,38,45,45
19750,79,87,-8,8
19751,180,170,10,10
19752,118,129,-11,11
19753,105,115,-10,10
19754,93,99,-6,6
19755,81,77,4,4
19756,61,66,-5,5
19757,142,143,-1,1
19758,93,97,-4,4
19759,100,103,-3,3
19760,146,142,4,4
19761,64,66,-2,2
19762,116,111,5,5
19763,55,62,-7,7
19764,55,60,-5,5
19765,86,101,-15,15
19766,90,88,2,2
19767,146,148,-2,2
19768,55,52,3,3
19769,76,77,-1,1
19770,48,56,-8,8
19771,84,73,11,11
19772,62,58,4,4
19773,93,89,4,4
19774,104,102,2,2
19775,108,106,2,2
19776,83,92,-9,9
19777,57,52,5,5
19778,76,73,3,3
19779,100,132,-32,32
19780,96,100,-4,4
19781,124,97,27,27
19782,55,68,-13,13
19783,61,62,-1,1
19784,104,105,-1,1
19785,70,74,-4,4
19786,94,85,9,9
19787,64,69,-5,5
19788,113,119,-6,6
19789,92,97,-5,5
19790,136,143,-7,7
19791,115,106,9,9
19792,103,114,-11,11
19793,84,88,-4,4
19794,60,62,-2,2
19795,83,118,-35,35
19796,127,128,-1,1
19797,137,127,10,10
19798,64,57,7,7
19799,180,177,3,3
19800,144,137,7,7
19801,82,78,4,4
19802,89,83,6,6
19803,122,134,-12,12
19804,85,89,-4,4
19805,127,122,5,5
19806,86,81,5,5
19807,81,88,-7,7
19808,102,95,7,7
19809,104,81,23,23
19810,47,49,-2,2
19811,163,151,12,12
19812,102,103,-1,1
19813,152,138,14,14
19814,139,130,9,9
19815,88,77,11,11
19816,57,51,6,6
19817,79,71,8,8
19818,60,51,9,9
19819,104,97,7,7
19820,92,90,2,2
19821,74,71,3,3
19822,94,92,2,2
19823,102,111,-9,9
19824,109,106,3,3
19825,86,82,4,4
19826,85,78,7,7
19827,86,81,5,5
19828,158,148,10,10
19829,78,77,1,1
19830,72,68,4,4
19831,127,126,1,1
19832,81,84,-3,3
19833,99,101,-2,2
19834,64,67,-3,3
19835,137,149,-12,12
19836,99,104,-5,5
19837,74,81,-7,7
19838,80,89,-9,9
19839,99,113,-14,14
19840,95,102,-7,7
19841,48,52,-4,4
19842,77,79,-2,2
19843,88,98,-10,10
19844,99,102,-3,3
19845,87,81,6,6
19846,75,81,-6,6
19847,103,109,-6,6
19848,190,190,0,0
19849,88,70,18,18
19850,85,89,-4,4
19851,59,52,7,7
19852,63,81,-18,18
19853,85,87,-2,2
19854,67,89,-22,22
19855,76,81,-5,5
19856,115,114,1,1
19857,62,61,1,1
19858,61,63,-2,2
19859,147,148,-1,1
19860,153,148,5,5
19861,68,61,7,7
19862,106,115,-9,9
19863,79,79,0,0
19864,165,158,7,7
19865,63,60,3,3
19866,106,109,-3,3
19867,74,77,-3,3
19868,135,133,2,2
19869,76,83,-7,7
19870,113,121,-8,8
19871,77,81,-4,4
19872,67,68,-1,1
19873,93,112,-19,19
19874,170,171,-1,1
19875,77,85,-8,8
19876,88,84,4,4
19877,103,102,1,1
19878,85,88,-3,3
19879,82,74,8,8
19880,70,77,-7,7
19881,94,109,-15,15
19882,44,52,-8,8
19883,103,95,8,8
19884,99,102,-3,3
19885,67,64,3,3
19886,56,62,-6,6
19887,94,97,-3,3
19888,77,79,-2,2
19889,68,68,0,0
19890,125,116,9,9
19891,110,112,-2,2
19892,102,90,12,12
19893,57,54,3,3
19894,68,87,-19,19
19895,75,75,0,0
19896,101,98,3,3
19897,57,54,3,3
19898,93,111,-18,18
19899,52,38,14,14
19900,57,60,-3,3
19901,123,113,10,10
19902,111,121,-10,10
19903,62,66,-4,4
19904,89,101,-12,12
19905,114,108,6,6
19906,45,52,-7,7
19907,79,75,4,4
19908,134,128,6,6
19909,101,97,4,4
19910,92,90,2,2
19911,74,69,5,5
19912,95,93,2,2
19913,49,56,-7,7
19914,86,83,3,3
19915,50,67,-17,17
19916,55,54,1,1
19917,49,50,-1,1
19918,87,91,-4,4
19919,59,65,-6,6
19920,108,113,-5,5
19921,88,91,-3,3
19922,118,128,-10,10
19923,108,106,2,2
19924,38,75,-37,37
19925,94,91,3,3
19926,35,39,-4,4
19927,114,118,-4,4
19928,124,115,9,9
19929,108,117,-9,9
19930,129,147,-18,18
19931,69,72,-3,3
19932,108,116,-8,8
19933,66,70,-4,4
19934,62,60,2,2
19935,107,111,-4,4
19936,65,64,1,1
19937,169,156,13,13
19938,115,114,1,1
19939,116,117,-1,1
19940,87,89,-2,2
19941,62,55,7,7
19942,128,122,6,6
19943,126,134,-8,8
19944,139,149,-10,10
19945,217,199,18,18
19946,147,153,-6,6
19947,117,111,6,6
19948,181,186,-5,5
19949,101,124,-23,23
19950,66,70,-4,4
19951,77,73,4,4
19952,110,112,-2,2
19953,186,190,-4,4
19954,60,59,1,1
19955,68,69,-1,1
19956,125,130,-5,5
19957,52,54,-2,2
19958,75,73,2,2
19959,109,114,-5,5
19960,44,54,-10,10
19961,123,130,-7,7
19962,123,118,5,5
19963,69,66,3,3
19964,51,51,0,0
19965,148,138,10,10
19966,104,95,9,9
19967,64,61,3,3
19968,82,93,-11,11
19969,82,75,7,7
19970,135,142,-7,7
19971,54,57,-3,3
19972,88,79,9,9
19973,88,83,5,5
19974,102,100,2,2
19975,45,50,-5,5
19976,85,86,-1,1
19977,117,107,10,10
19978,124,118,6,6
19979,60,62,-2,2
19980,40,60,-20,20
19981,133,134,-1,1
19982,101,102,-1,1
19983,80,79,1,1
19984,90,111,-21,21
19985,85,89,-4,4
19986,68,68,0,0
19987,150,155,-5,5
19988,86,80,6,6
19989,105,112,-7,7
19990,45,48,-3,3
19991,149,163,-14,14
19992,74,77,-3,3
19993,40,39,1,1
19994,75,80,-5,5
19995,47,42,5,5
19996,70,75,-5,5
19997,56,56,0,0
19998,46,54,-8,8
19999,98,104,-6,6
20000,107,102,5,5
20001,121,113,8,8
20002,192,201,-9,9
20003,50,54,-4,4
20004,62,79,-17,17
20005,93,92,1,1
20006,96,89,7,7
20007,72,70,2,2
20008,134,142,-8,8
20009,98,98,0,0
20010,159,146,13,13
20011,115,114,1,1
20012,54,52,2,2
20013,60,60,0,0
20014,80,82,-2,2
20015,103,105,-2,2
20016,89,84,5,5
20017,118,121,-3,3
20018,109,106,3,3
20019,65,73,-8,8
20020,62,69,-7,7
20021,100,102,-2,2
20022,127,137,-10,10
20023,54,57,-3,3
20024,113,106,7,7
20025,122,118,4,4
20026,140,129,11,11
20027,71,69,2,2
20028,86,94,-8,8
20029,94,100,-6,6
20030,124,121,3,3
20031,59,62,-3,3
20032,115,111,4,4
20033,61,57,4,4
20034,65,55,10,10
20035,79,83,-4,4
20036,122,113,9,9
20037,97,104,-7,7
20038,64,67,-3,3
20039,107,104,3,3
20040,109,109,0,0
20041,70,68,2,2
20042,63,60,3,3
20043,104,104,0,0
20044,88,78,10,10
20045,91,93,-2,2
20046,136,141,-5,5
20047,67,66,1,1
20048,65,62,3,3
20049,97,100,-3,3
20050,114,119,-5,5
20051,122,137,-15,15
20052,76,70,6,6
20053,96,101,-5,5
20054,90,79,11,11
20055,68,65,3,3
20056,78,81,-3,3
20057,158,147,11,11
20058,77,83,-6,6
20059,65,63,2,2
20060,126,120,6,6
20061,102,96,6,6
20062,96,91,5,5
20063,120,132,-12,12
20064,44,43,1,1
20065,68,72,-4,4
20066,170,178,-8,8
20067,40,39,1,1
20068,43,53,-10,10
20069,95,87,8,8
20070,114,110,4,4
20071,60,62,-2,2
20072,35,38,-3,3
20073,70,68,2,2
20074,126,130,-4,4
20075,68,68,0,0
20076,137,147,-10,10
20077,154,128,26,26
20078,139,142,-3,3
20079,103,102,1,1
20080,82,73,9,9
20081,94,106,-12,12
20082,136,128,8,8
20083,81,71,10,10
20084,51,38,13,13
20085,126,127,-1,1
20086,89,128,-39,39
20087,88,94,-6,6
20088,77,65,12,12
20089,83,87,-4,4
20090,77,69,8,8
20091,84,84,0,0
20092,82,78,4,4
20093,65,63,2,2
20094,113,103,10,10
20095,78,92,-14,14
20096,54,56,-2,2
20097,94,106,-12,12
20098,59,65,-6,6
20099,117,127,-10,10
20100,78,65,13,13
20101,48,39,9,9
20102,54,62,-8,8
20103,99,109,-10,10
20104,71,72,-1,1
20105,136,130,6,6
20106,45,51,-6,6
20107,84,88,-4,4
20108,82,87,-5,5
20109,45,50,-5,5
20110,125,104,21,21
20111,50,54,-4,4
20112,71,73,-2,2
20113,89,83,6,6
20114,61,66,-5,5
20115,105,99,6,6
20116,143,145,-2,2
20117,185,176,9,9
20118,48,39,9,9
20119,98,101,-3,3
20120,38,46,-8,8
20121,92,87,5,5
20122,139,140,-1,1
20123,99,91,8,8
20124,106,109,-3,3
20125,60,77,-17,17
20126,96,81,15,15
20127,138,149,-11,11
20128,83,80,3,3
20129,152,126,26,26
20130,115,122,-7,7
20131,84,96,-12,12
20132,133,129,4,4
20133,128,127,1,1
20134,78,77,1,1
20135,93,95,-2,2
20136,105,103,2,2
20137,90,96,-6,6
20138,205,182,23,23
20139,80,83,-3,3
20140,80,82,-2,2
20141,118,101,17,17
20142,60,69,-9,9
20143,101,99,2,2
20144,95,95,0,0
20145,130,146,-16,16
20146,113,109,4,4
20147,79,88,-9,9
20148,88,85,3,3
20149,109,105,4,4
20150,98,99,-1,1
20151,70,66,4,4
20152,92,93,-1,1
20153,157,172,-15,15
20154,44,56,-12,12
20155,95,92,3,3
20156,87,80,7,7
20157,109,98,11,11
20158,111,115,-4,4
20159,86,83,3,3
20160,149,155,-6,6
20161,111,107,4,4
20162,45,45,0,0
20163,150,154,-4,4
20164,89,81,8,8
20165,67,77,-10,10
20166,87,89,-2,2
20167,150,142,8,8
20168,124,109,15,15
20169,96,96,0,0
20170,125,128,-3,3
20171,116,132,-16,16
20172,80,76,4,4
20173,156,137,19,19
20174,159,168,-9,9
20175,108,107,1,1
20176,90,92,-2,2
20177,117,109,8,8
20178,139,133,6,6
20179,87,88,-1,1
20180,79,72,7,7
20181,103,104,-1,1
20182,157,147,10,10
20183,159,176,-17,17
20184,46,79,-33,33
20185,84,87,-3,3
20186,62,68,-6,6
20187,99,103,-4,4
20188,62,62,0,0
20189,87,105,-18,18
20190,186,193,-7,7
20191,104,98,6,6
20192,83,83,0,0
20193,82,82,0,0
20194,82,84,-2,2
20195,116,119,-3,3
20196,48,39,9,9
20197,72,83,-11,11
20198,81,83,-2,2
20199,89,97,-8,8
20200,66,67,-1,1
20201,99,100,-1,1
20202,97,94,3,3
20203,83,81,2,2
20204,57,53,4,4
20205,95,95,0,0
20206,81,83,-2,2
20207,77,87,-10,10
20208,65,64,1,1
20209,109,109,0,0
20210,58,58,0,0
20211,38,40,-2,2
20212,109,110,-1,1
20213,128,126,2,2
20214,68,60,8,8
20215,134,134,0,0
20216,80,85,-5,5
20217,197,194,3,3
20218,105,108,-3,3
20219,78,78,0,0
20220,99,119,-20,20
20221,88,90,-2,2
20222,105,104,1,1
20223,63,77,-14,14
20224,76,105,-29,29
20225,80,84,-4,4
20226,68,74,-6,6
20227,97,97,0,0
20228,107,100,7,7
20229,96,79,17,17
20230,120,129,-9,9
20231,110,105,5,5
20232,67,67,0,0
20233,154,144,10,10
20234,133,122,11,11
20235,98,91,7,7
20236,93,92,1,1
20237,93,95,-2,2
20238,95,101,-6,6
20239,96,92,4,4
20240,66,67,-1,1
20241,54,55,-1,1
20242,89,88,1,1
20243,165,157,8,8
20244,189,194,-5,5
20245,62,70,-8,8
20246,49,53,-4,4
20247,59,57,2,2
20248,82,79,3,3
20249,75,78,-3,3
20250,121,117,4,4
20251,116,100,16,16
20252,185,192,-7,7
20253,139,140,-1,1
20254,73,78,-5,5
20255,147,152,-5,5
20256,109,122,-13,13
20257,119,118,1,1
20258,83,76,7,7
20259,122,128,-6,6
20260,84,93,-9,9
20261,130,127,3,3
20262,137,148,-11,11
20263,96,101,-5,5
20264,81,81,0,0
20265,123,120,3,3
20266,83,71,12,12
20267,104,100,4,4
20268,121,109,12,12
20269,130,124,6,6
20270,104,101,3,3
20271,107,103,4,4
20272,121,115,6,6
20273,76,80,-4,4
20274,59,60,-1,1
20275,127,131,-4,4
20276,179,196,-17,17
20277,70,75,-5,5
20278,83,85,-2,2
20279,83,88,-5,5
20280,52,69,-17,17
20281,58,65,-7,7
20282,116,120,-4,4
20283,57,62,-5,5
20284,107,105,2,2
20285,164,171,-7,7
20286,110,107,3,3
20287,101,102,-1,1
20288,159,156,3,3
20289,103,115,-12,12
20290,133,143,-10,10
20291,59,75,-16,16
20292,93,108,-15,15
20293,129,122,7,7
20294,49,66,-17,17
20295,98,97,1,1
20296,100,96,4,4
20297,131,135,-4,4
20298,140,146,-6,6
20299,87,92,-5,5
20300,138,132,6,6
20301,145,148,-3,3
20302,124,120,4,4
20303,111,112,-1,1
20304,128,122,6,6
20305,83,71,12,12
20306,90,102,-12,12
20307,96,92,4,4
20308,160,159,1,1
20309,75,78,-3,3
20310,83,91,-8,8
20311,115,111,4,4
20312,78,87,-9,9
20313,91,93,-2,2
20314,60,59,1,1
20315,92,91,1,1
20316,107,98,9,9
20317,94,104,-10,10
20318,75,108,-33,33
20319,60,58,2,2
20320,58,65,-7,7
20321,103,107,-4,4
20322,68,66,2,2
20323,141,131,10,10
20324,89,98,-9,9
20325,172,160,12,12
20326,147,149,-2,2
20327,94,86,8,8
20328,128,128,0,0
20329,76,78,-2,2
20330,97,91,6,6
20331,110,113,-3,3
20332,89,90,-1,1
20333,72,64,8,8
20334,104,110,-6,6
20335,82,105,-23,23
20336,87,86,1,1
20337,96,89,7,7
20338,94,108,-14,14
20339,158,166,-8,8
20340,102,102,0,0
20341,62,65,-3,3
20342,53,61,-8,8
20343,98,96,2,2
20344,96,94,2,2
20345,79,85,-6,6
20346,131,119,12,12
20347,44,51,-7,7
20348,102,93,9,9
20349,69,75,-6,6
20350,106,114,-8,8
20351,128,138,-10,10
20352,49,56,-7,7
20353,123,117,6,6
20354,191,175,16,16
20355,116,106,10,10
20356,127,122,5,5
20357,42,39,3,3
20358,124,104,20,20
20359,92,106,-14,14
20360,143,133,10,10
20361,68,66,2,2
20362,111,108,3,3
20363,120,135,-15,15
20364,93,88,5,5
20365,46,53,-7,7
20366,116,117,-1,1
20367,84,84,0,0
20368,39,39,0,0
20369,70,60,10,10
20370,59,74,-15,15
20371,107,133,-26,26
20372,59,56,3,3
20373,115,111,4,4
20374,92,102,-10,10
20375,105,118,-13,13
20376,110,104,6,6
20377,60,59,1,1
20378,119,110,9,9
20379,106,112,-6,6
20380,90,91,-1,1
20381,63,64,-1,1
20382,103,101,2,2
20383,105,112,-7,7
20384,98,100,-2,2
20385,48,51,-3,3
20386,110,138,-28,28
20387,119,106,13,13
20388,86,92,-6,6
20389,82,101,-19,19
20390,65,62,3,3
20391,89,89,0,0
20392,118,126,-8,8
20393,146,135,11,11
20394,65,75,-10,10
20395,125,128,-3,3
20396,87,88,-1,1
20397,89,97,-8,8
20398,75,75,0,0
20399,87,85,2,2
20400,130,136,-6,6
20401,51,53,-2,2
20402,129,140,-11,11
20403,81,79,2,2
20404,80,77,3,3
20405,66,70,-4,4
20406,47,52,-5,5
20407,103,108,-5,5
20408,77,89,-12,12
20409,60,75,-15,15
20410,133,133,0,0
20411,66,65,1,1
20412,161,155,6,6
20413,101,109,-8,8
20414,80,85,-5,5
20415,124,132,-8,8
20416,140,139,1,1
20417,120,113,7,7
20418,141,136,5,5
20419,90,92,-2,2
20420,54,60,-6,6
20421,63,61,2,2
20422,115,120,-5,5
20423,59,68,-9,9
20424,68,70,-2,2
20425,51,55,-4,4
20426,56,59,-3,3
20427,69,82,-13,13
20428,71,73,-2,2
20429,103,107,-4,4
20430,94,99,-5,5
20431,157,176,-19,19
20432,122,116,6,6
20433,111,114,-3,3
20434,120,132,-12,12
20435,103,94,9,9
20436,62,66,-4,4
20437,130,134,-4,4
20438,81,81,0,0
20439,166,151,15,15
20440,79,86,-7,7
20441,90,98,-8,8
20442,91,96,-5,5
20443,44,38,6,6
20444,87,94,-7,7
20445,117,116,1,1
20446,101,110,-9,9
20447,106,113,-7,7
20448,102,94,8,8
20449,74,71,3,3
20450,175,167,8,8
20451,71,83,-12,12
20452,122,120,2,2
20453,165,165,0,0
20454,134,131,3,3
20455,192,161,31,31
20456,80,71,9,9
20457,65,62,3,3
20458,105,111,-6,6
20459,121,117,4,4
20460,84,88,-4,4
20461,106,111,-5,5
20462,91,86,5,5
20463,174,184,-10,10
20464,64,60,4,4
20465,58,63,-5,5
20466,76,66,10,10
20467,70,75,-5,5
20468,143,144,-1,1
20469,92,91,1,1
20470,94,97,-3,3
20471,95,91,4,4
20472,119,114,5,5
20473,101,94,7,7
20474,110,108,2,2
20475,144,159,-15,15
20476,129,144,-15,15
20477,79,77,2,2
20478,99,105,-6,6
20479,85,84,1,1
20480,142,133,9,9
20481,77,87,-10,10
20482,62,63,-1,1
20483,122,126,-4,4
20484,106,113,-7,7
20485,52,47,5,5
20486,79,79,0,0
20487,95,87,8,8
20488,77,84,-7,7
20489,89,89,0,0
20490,70,75,-5,5
20491,97,96,1,1
20492,100,112,-12,12
20493,79,71,8,8
20494,138,143,-5,5
20495,123,113,10,10
20496,152,136,16,16
20497,135,134,1,1
20498,83,86,-3,3
20499,118,107,11,11
20500,91,89,2,2
20501,83,88,-5,5
20502,77,79,-2,2
20503,69,67,2,2
20504,68,69,-1,1
20505,139,136,3,3
20506,171,171,0,0
20507,80,82,-2,2
20508,83,80,3,3
20509,108,104,4,4
20510,92,96,-4,4
20511,59,60,-1,1
20512,74,70,4,4
20513,62,59,3,3
20514,138,136,2,2
20515,55,53,2,2
20516,85,83,2,2
20517,77,75,2,2
20518,39,39,0,0
20519,65,71,-6,6
20520,109,117,-8,8
20521,91,95,-4,4
20522,74,71,3,3
20523,74,81,-7,7
20524,154,153,1,1
20525,153,149,4,4
20526,40,40,0,0
20527,110,112,-2,2
20528,63,63,0,0
20529,114,111,3,3
20530,114,124,-10,10
20531,62,72,-10,10
20532,81,71,10,10
20533,49,55,-6,6
20534,63,60,3,3
20535,93,91,2,2
20536,76,70,6,6
20537,146,149,-3,3
20538,87,80,7,7
20539,162,152,10,10
20540,91,99,-8,8
20541,107,129,-22,22
20542,82,90,-8,8
20543,97,93,4,4
20544,42,39,3,3
20545,81,82,-1,1
20546,115,112,3,3
20547,120,116,4,4
20548,62,63,-1,1
20549,131,143,-12,12
20550,82,86,-4,4
20551,59,61,-2,2
20552,127,137,-10,10
20553,100,89,11,11
20554,92,88,4,4
20555,55,60,-5,5
20556,111,108,3,3
20557,92,91,1,1
20558,111,116,-5,5
20559,189,169,20,20
20560,93,81,12,12
20561,61,57,4,4
20562,50,39,11,11
20563,62,63,-1,1
20564,46,52,-6,6
20565,145,155,-10,10
20566,82,85,-3,3
20567,83,84,-1,1
20568,78,76,2,2
20569,69,64,5,5
20570,117,102,15,15
20571,142,141,1,1
20572,111,113,-2,2
20573,72,67,5,5
20574,95,90,5,5
20575,141,128,13,13
20576,179,174,5,5
20577,85,91,-6,6
20578,286,228,58,58
20579,87,84,3,3
20580,93,94,-1,1
20581,87,83,4,4
20582,49,55,-6,6
20583,87,92,-5,5
20584,143,121,22,22
20585,98,107,-9,9
20586,70,71,-1,1
20587,112,116,-4,4
20588,53,56,-3,3
20589,55,58,-3,3
20590,88,85,3,3
20591,113,117,-4,4
20592,86,87,-1,1
20593,59,59,0,0
20594,62,60,2,2
20595,71,80,-9,9
20596,102,124,-22,22
20597,69,73,-4,4
20598,117,118,-1,1
20599,79,80,-1,1
20600,131,133,-2,2
20601,45,38,7,7
20602,81,83,-2,2
20603,62,72,-10,10
20604,82,88,-6,6
20605,86,85,1,1
20606,52,49,3,3
20607,79,83,-4,4
20608,108,101,7,7
20609,62,67,-5,5
20610,94,96,-2,2
20611,74,86,-12,12
20612,136,129,7,7
20613,151,145,6,6
20614,145,159,-14,14
20615,99,97,2,2
20616,169,188,-19,19
20617,69,69,0,0
20618,54,54,0,0
20619,93,87,6,6
20620,106,106,0,0
20621,77,78,-1,1
20622,100,114,-14,14
20623,96,108,-12,12
20624,56,57,-1,1
20625,99,95,4,4
20626,115,121,-6,6
20627,90,90,0,0
20628,56,66,-10,10
20629,83,75,8,8
20630,117,110,7,7
20631,75,80,-5,5
20632,88,88,0,0
20633,80,78,2,2
20634,150,132,18,18
20635,126,114,12,12
20636,92,92,0,0
20637,117,115,2,2
20638,75,79,-4,4
20639,92,83,9,9
20640,72,73,-1,1
20641,45,50,-5,5
20642,55,68,-13,13
20643,123,136,-13,13
20644,127,120,7,7
20645,128,135,-7,7
20646,161,163,-2,2
20647,130,129,1,1
20648,87,79,8,8
20649,223,186,37,37
20650,79,82,-3,3
20651,155,147,8,8
20652,77,81,-4,4
20653,82,73,9,9
20654,101,108,-7,7
20655,89,96,-7,7
20656,106,111,-5,5
20657,68,58,10,10
20658,98,99,-1,1
20659,102,108,-6,6
20660,88,80,8,8
20661,102,99,3,3
20662,173,161,12,12
20663,52,66,-14,14
20664,114,114,0,0
20665,85,75,10,10
20666,86,85,1,1
20667,77,70,7,7
20668,81,81,0,0
20669,89,83,6,6
20670,149,146,3,3
20671,68,76,-8,8
20672,77,74,3,3
20673,83,84,-1,1
20674,71,70,1,1
20675,71,71,0,0
20676,91,97,-6,6
20677,56,71,-15,15
20678,80,84,-4,4
20679,129,120,9,9
20680,95,96,-1,1
20681,114,103,11,11
20682,149,141,8,8
20683,74,69,5,5
20684,84,75,9,9
20685,72,67,5,5
20686,119,119,0,0
20687,82,74,8,8
20688,94,119,-25,25
20689,89,99,-10,10
20690,45,39,6,6
20691,77,65,12,12
20692,169,174,-5,5
20693,100,86,14,14
20694,114,109,5,5
20695,95,93,2,2
20696,97,113,-16,16
20697,224,218,6,6
20698,96,99,-3,3
20699,66,69,-3,3
20700,97,97,0,0
20701,113,113,0,0
20702,107,114,-7,7
20703,59,71,-12,12
20704,148,161,-13,13
20705,66,58,8,8
20706,151,161,-10,10
20707,87,84,3,3
20708,119,111,8,8
20709,63,58,5,5
20710,122,116,6,6
20711,75,71,4,4
20712,142,138,4,4
20713,33,38,-5,5
20714,86,88,-2,2
20715,33,38,-5,5
20716,144,123,21,21
20717,124,121,3,3
20718,77,81,-4,4
20719,144,145,-1,1
20720,88,96,-8,8
20721,87,94,-7,7
20722,45,39,6,6
20723,104,91,13,13
20724,70,73,-3,3
20725,87,87,0,0
20726,139,141,-2,2
20727,136,141,-5,5
20728,85,74,11,11
20729,106,113,-7,7
20730,134,129,5,5
20731,98,96,2,2
20732,77,82,-5,5
20733,131,135,-4,4
20734,125,150,-25,25
20735,76,74,2,2
20736,110,108,2,2
20737,123,116,7,7
20738,56,48,8,8
20739,62,63,-1,1
20740,59,58,1,1
20741,96,106,-10,10
20742,107,101,6,6
20743,126,134,-8,8
20744,114,118,-4,4
20745,85,94,-9,9
20746,63,58,5,5
20747,59,73,-14,14
20748,80,73,7,7
20749,93,88,5,5
20750,82,92,-10,10
20751,73,68,5,5
20752,133,133,0,0
20753,145,134,11,11
20754,78,79,-1,1
20755,89,90,-1,1
20756,81,83,-2,2
20757,100,102,-2,2
20758,129,143,-14,14
20759,80,84,-4,4
20760,122,119,3,3
20761,26,39,-13,13
20762,151,152,-1,1
20763,118,127,-9,9
20764,146,137,9,9
20765,75,74,1,1
20766,80,102,-22,22
20767,52,62,-10,10
20768,128,115,13,13
20769,76,92,-16,16
20770,73,74,-1,1
20771,55,60,-5,5
20772,94,96,-2,2
20773,115,109,6,6
20774,70,70,0,0
20775,125,114,11,11
20776,50,41,9,9
20777,90,93,-3,3
20778,110,108,2,2
20779,120,128,-8,8
20780,62,63,-1,1
20781,78,91,-13,13
20782,132,136,-4,4
20783,46,39,7,7
20784,140,155,-15,15
20785,97,94,3,3
20786,53,55,-2,2
20787,93,98,-5,5
20788,145,136,9,9
20789,84,91,-7,7
20790,121,127,-6,6
20791,124,130,-6,6
20792,65,61,4,4
20793,129,140,-11,11
20794,111,110,1,1
20795,81,69,12,12
20796,87,71,16,16
20797,64,68,-4,4
20798,92,91,1,1
20799,74,72,2,2
20800,78,76,2,2
20801,72,82,-10,10
20802,101,102,-1,1
20803,35,39,-4,4
20804,171,165,6,6
20805,54,48,6,6
20806,155,178,-23,23
20807,151,156,-5,5
20808,45,38,7,7
20809,87,88,-1,1
20810,115,110,5,5
20811,75,67,8,8
20812,89,92,-3,3
20813,134,126,8,8
20814,65,65,0,0
20815,51,53,-2,2
20816,33,39,-6,6
20817,85,100,-15,15
20818,114,117,-3,3
20819,120,120,0,0
20820,83,87,-4,4
20821,106,114,-8,8
20822,41,43,-2,2
20823,101,120,-19,19
20824,134,131,3,3
20825,132,133,-1,1
20826,53,41,12,12
20827,89,86,3,3
20828,120,128,-8,8
20829,106,117,-11,11
20830,165,159,6,6
20831,59,70,-11,11
20832,77,76,1,1
20833,105,100,5,5
20834,113,116,-3,3
20835,85,88,-3,3
20836,57,53,4,4
20837,101,112,-11,11
20838,109,108,1,1
20839,129,137,-8,8
20840,75,89,-14,14
20841,143,143,0,0
20842,48,52,-4,4
20843,115,127,-12,12
20844,57,108,-51,51
20845,76,74,2,2
20846,79,80,-1,1
20847,107,106,1,1
20848,61,66,-5,5
20849,134,139,-5,5
20850,93,92,1,1
20851,141,144,-3,3
20852,81,74,7,7
20853,65,78,-13,13
20854,148,145,3,3
20855,70,80,-10,10
20856,78,89,-11,11
20857,46,50,-4,4
20858,108,113,-5,5
20859,94,98,-4,4
20860,165,170,-5,5
20861,83,94,-11,11
20862,131,133,-2,2
20863,91,85,6,6
20864,86,122,-36,36
20865,99,102,-3,3
20866,111,98,13,13
20867,93,92,1,1
20868,82,79,3,3
20869,60,73,-13,13
20870,89,87,2,2
20871,153,158,-5,5
20872,102,104,-2,2
20873,92,99,-7,7
20874,102,99,3,3
20875,118,126,-8,8
20876,75,69,6,6
20877,176,174,2,2
20878,129,127,2,2
20879,69,82,-13,13
20880,83,81,2,2
20881,124,122,2,2
20882,68,63,5,5
20883,102,102,0,0
20884,63,61,2,2
20885,96,113,-17,17
20886,120,134,-14,14
20887,75,84,-9,9
20888,111,116,-5,5
20889,181,170,11,11
20890,82,84,-2,2
20891,132,130,2,2
20892,48,74,-26,26
20893,75,76,-1,1
20894,64,63,1,1
20895,41,39,2,2
20896,64,79,-15,15
20897,97,102,-5,5
20898,77,84,-7,7
20899,91,88,3,3
20900,51,53,-2,2
20901,68,70,-2,2
20902,121,131,-10,10
20903,86,84,2,2
20904,59,64,-5,5
20905,107,110,-3,3
20906,84,90,-6,6
20907,55,54,1,1
20908,76,93,-17,17
20909,93,86,7,7
20910,40,39,1,1
20911,118,103,15,15
20912,156,161,-5,5
20913,126,125,1,1
20914,74,70,4,4
20915,96,100,-4,4
20916,121,121,0,0
20917,76,68,8,8
20918,122,138,-16,16
20919,89,84,5,5
20920,59,56,3,3
20921,84,74,10,10
20922,83,80,3,3
20923,73,67,6,6
20924,63,59,4,4
20925,64,71,-7,7
20926,125,117,8,8
20927,101,92,9,9
20928,122,136,-14,14
20929,63,62,1,1
20930,107,110,-3,3
20931,68,66,2,2
20932,74,72,2,2
20933,102,108,-6,6
20934,119,129,-10,10
20935,106,96,10,10
20936,66,64,2,2
20937,87,89,-2,2
20938,85,85,0,0
20939,66,60,6,6
20940,145,144,1,1
20941,180,165,15,15
20942,75,76,-1,1
20943,63,73,-10,10
20944,144,149,-5,5
20945,66,69,-3,3
20946,49,38,11,11
20947,98,102,-4,4
20948,77,72,5,5
20949,105,106,-1,1
20950,81,102,-21,21
20951,92,85,7,7
20952,104,114,-10,10
20953,151,153,-2,2
20954,51,53,-2,2
20955,124,136,-12,12
20956,84,83,1,1
20957,58,60,-2,2
20958,108,103,5,5
20959,41,39,2,2
20960,151,145,6,6
20961,113,103,10,10
20962,138,136,2,2
20963,70,77,-7,7
20964,106,109,-3,3
20965,95,103,-8,8
20966,121,125,-4,4
20967,66,62,4,4
20968,98,95,3,3
20969,70,73,-3,3
20970,142,141,1,1
20971,139,145,-6,6
20972,62,61,1,1
20973,138,151,-13,13
20974,70,69,1,1
20975,138,119,19,19
20976,105,100,5,5
20977,61,60,1,1
20978,113,122,-9,9
20979,173,157,16,16
20980,94,92,2,2
20981,90,85,5,5
20982,112,112,0,0
20983,43,39,4,4
20984,140,146,-6,6
20985,197,210,-13,13
20986,116,109,7,7
20987,229,211,18,18
20988,119,117,2,2
20989,80,67,13,13
20990,115,120,-5,5
20991,61,67,-6,6
20992,41,48,-7,7
20993,101,95,6,6
20994,185,192,-7,7
20995,46,39,7,7
20996,221,215,6,6
20997,113,110,3,3
20998,60,62,-2,2
20999,116,98,18,18
21000,125,123,2,2
21001,99,100,-1,1
21002,97,119,-22,22
21003,171,161,10,10
21004,79,84,-5,5
21005,73,74,-1,1
21006,80,90,-10,10
21007,148,143,5,5
21008,111,130,-19,19
21009,110,119,-9,9
21010,84,94,-10,10
21011,60,66,-6,6
21012,94,88,6,6
21013,57,58,-1,1
21014,118,119,-1,1
21015,115,121,-6,6
21016,118,133,-15,15
21017,133,126,7,7
21018,67,69,-2,2
21019,148,150,-2,2
21020,34,91,-57,57
21021,59,57,2,2
21022,71,68,3,3
21023,59,59,0,0
21024,58,70,-12,12
21025,61,56,5,5
21026,105,105,0,0
21027,144,144,0,0
21028,135,135,0,0
21029,120,118,2,2
21030,180,180,0,0
21031,177,162,15,15
21032,115,132,-17,17
21033,138,134,4,4
21034,113,101,12,12
21035,97,96,1,1
21036,88,82,6,6
21037,108,123,-15,15
21038,106,104,2,2
21039,81,78,3,3
21040,105,105,0,0
21041,30,38,-8,8
21042,97,101,-4,4
21043,39,39,0,0
21044,57,56,1,1
21045,92,114,-22,22
21046,85,78,7,7
21047,94,87,7,7
21048,165,155,10,10
21049,119,125,-6,6
21050,120,117,3,3
21051,139,132,7,7
21052,42,38,4,4
21053,78,80,-2,2
21054,78,83,-5,5
21055,73,63,10,10
21056,84,86,-2,2
21057,159,155,4,4
21058,84,86,-2,2
21059,133,131,2,2
21060,87,93,-6,6
21061,147,139,8,8
21062,83,81,2,2
21063,51,68,-17,17
21064,107,107,0,0
21065,62,60,2,2
21066,94,90,4,4
21067,62,62,0,0
21068,79,82,-3,3
21069,177,161,16,16
21070,104,86,18,18
21071,85,95,-10,10
21072,100,95,5,5
21073,69,68,1,1
21074,119,128,-9,9
21075,90,77,13,13
21076,82,77,5,5
21077,54,52,2,2
21078,115,102,13,13
21079,74,69,5,5
21080,113,111,2,2
21081,56,56,0,0
21082,68,76,-8,8
21083,195,190,5,5
21084,150,137,13,13
21085,62,71,-9,9
21086,71,75,-4,4
21087,81,78,3,3
21088,131,135,-4,4
21089,90,87,3,3
21090,86,96,-10,10
21091,168,182,-14,14
21092,101,98,3,3
21093,109,108,1,1
21094,71,112,-41,41
21095,67,64,3,3
21096,115,112,3,3
21097,95,109,-14,14
21098,84,80,4,4
21099,74,84,-10,10
21100,69,68,1,1
21101,63,70,-7,7
21102,127,125,2,2
21103,82,89,-7,7
21104,78,74,4,4
21105,78,81,-3,3
21106,147,148,-1,1
21107,96,93,3,3
21108,72,84,-12,12
21109,65,62,3,3
21110,107,113,-6,6
21111,119,113,6,6
21112,101,96,5,5
21113,162,152,10,10
21114,119,118,1,1
21115,93,98,-5,5
21116,102,104,-2,2
21117,145,146,-1,1
21118,94,91,3,3
21119,83,86,-3,3
21120,166,161,5,5
21121,63,66,-3,3
21122,90,90,0,0
21123,53,54,-1,1
21124,103,109,-6,6
21125,117,113,4,4
21126,99,98,1,1
21127,44,37,7,7
21128,149,148,1,1
21129,104,103,1,1
21130,225,223,2,2
21131,101,100,1,1
21132,101,100,1,1
21133,76,69,7,7
21134,80,77,3,3
21135,70,64,6,6
21136,130,111,19,19
21137,148,141,7,7
21138,70,82,-12,12
21139,137,152,-15,15
21140,59,58,1,1
21141,71,74,-3,3
21142,134,133,1,1
21143,116,109,7,7
21144,104,103,1,1
21145,63,69,-6,6
21146,61,60,1,1
21147,89,114,-25,25
21148,61,56,5,5
21149,97,98,-1,1
21150,102,99,3,3
21151,63,61,2,2
21152,165,164,1,1
21153,88,96,-8,8
21154,112,101,11,11
21155,90,89,1,1
21156,179,182,-3,3
21157,89,95,-6,6
21158,19,37,-18,18
21159,123,120,3,3
21160,111,140,-29,29
21161,89,86,3,3
21162,86,96,-10,10
21163,92,95,-3,3
21164,93,90,3,3
21165,91,90,1,1
21166,70,69,1,1
21167,105,107,-2,2
21168,85,82,3,3
21169,78,71,7,7
21170,112,114,-2,2
21171,96,98,-2,2
21172,54,58,-4,4
21173,121,109,12,12
21174,131,131,0,0
21175,66,70,-4,4
21176,61,64,-3,3
21177,80,83,-3,3
21178,89,86,3,3
21179,74,67,7,7
21180,65,79,-14,14
21181,101,107,-6,6
21182,97,90,7,7
21183,108,112,-4,4
21184,96,106,-10,10
21185,132,130,2,2
21186,62,57,5,5
21187,82,76,6,6
21188,154,143,11,11
21189,82,84,-2,2
21190,50,53,-3,3
21191,68,63,5,5
21192,124,137,-13,13
21193,74,69,5,5
21194,149,153,-4,4
21195,59,62,-3,3
21196,56,55,1,1
21197,58,59,-1,1
21198,151,164,-13,13
21199,113,110,3,3
21200,74,98,-24,24
21201,71,65,6,6
21202,86,84,2,2
21203,65,61,4,4
21204,69,75,-6,6
21205,161,162,-1,1
21206,89,92,-3,3
21207,36,38,-2,2
21208,55,53,2,2
21209,97,95,2,2
21210,89,81,8,8
21211,64,60,4,4
21212,98,103,-5,5
21213,89,86,3,3
21214,44,39,5,5
21215,162,164,-2,2
21216,126,141,-15,15
21217,82,85,-3,3
21218,77,88,-11,11
21219,81,84,-3,3
21220,137,139,-2,2
21221,69,68,1,1
21222,86,84,2,2
21223,67,69,-2,2
21224,101,98,3,3
21225,74,79,-5,5
21226,71,69,2,2
21227,66,66,0,0
21228,104,109,-5,5
21229,111,130,-19,19
21230,86,91,-5,5
21231,96,97,-1,1
21232,79,75,4,4
21233,183,197,-14,14
21234,89,86,3,3
21235,133,127,6,6
21236,80,83,-3,3
21237,72,71,1,1
21238,109,97,12,12
21239,107,105,2,2
21240,84,82,2,2
21241,67,60,7,7
21242,102,100,2,2
21243,66,196,-130,130
21244,132,140,-8,8
21245,103,105,-2,2
21246,91,93,-2,2
21247,111,118,-7,7
21248,110,108,2,2
21249,156,161,-5,5
21250,44,39,5,5
21251,48,46,2,2
21252,79,89,-10,10
21253,58,53,5,5
21254,134,125,9,9
21255,105,107,-2,2
21256,79,74,5,5
21257,124,169,-45,45
21258,109,94,15,15
21259,79,75,4,4
21260,66,71,-5,5
21261,93,89,4,4
21262,93,93,0,0
21263,85,98,-13,13
21264,92,90,2,2
21265,103,108,-5,5
21266,104,102,2,2
21267,108,108,0,0
21268,82,79,3,3
21269,92,99,-7,7
21270,41,38,3,3
21271,47,51,-4,4
21272,79,82,-3,3
21273,101,114,-13,13
21274,66,69,-3,3
21275,83,80,3,3
21276,89,82,7,7
21277,55,55,0,0
21278,137,136,1,1
21279,92,86,6,6
21280,131,133,-2,2
21281,99,95,4,4
21282,100,111,-11,11
21283,82,75,7,7
21284,57,59,-2,2
21285,74,79,-5,5
21286,79,81,-2,2
21287,83,80,3,3
21288,118,116,2,2
21289,133,163,-30,30
21290,129,130,-1,1
21291,70,86,-16,16
21292,145,143,2,2
21293,149,121,28,28
21294,113,123,-10,10
21295,56,60,-4,4
21296,44,39,5,5
21297,89,101,-12,12
21298,90,93,-3,3
21299,74,64,10,10
21300,117,108,9,9
21301,65,58,7,7
21302,48,52,-4,4
21303,92,89,3,3
21304,72,68,4,4
21305,83,78,5,5
21306,63,65,-2,2
21307,135,125,10,10
21308,147,156,-9,9
21309,142,154,-12,12
21310,122,113,9,9
21311,77,75,2,2
21312,106,105,1,1
21313,65,71,-6,6
21314,70,66,4,4
21315,124,118,6,6
21316,100,99,1,1
21317,56,54,2,2
21318,72,63,9,9
21319,83,81,2,2
21320,66,65,1,1
21321,45,45,0,0
21322,162,167,-5,5
21323,85,86,-1,1
21324,115,118,-3,3
21325,122,123,-1,1
21326,72,68,4,4
21327,68,73,-5,5
21328,65,65,0,0
21329,84,83,1,1
21330,161,147,14,14
21331,149,141,8,8
21332,109,108,1,1
21333,57,60,-3,3
21334,85,80,5,5
21335,100,97,3,3
21336,171,145,26,26
21337,73,79,-6,6
21338,78,80,-2,2
21339,67,78,-11,11
21340,122,136,-14,14
21341,84,77,7,7
21342,171,159,12,12
21343,87,90,-3,3
21344,140,125,15,15
21345,86,98,-12,12
21346,85,94,-9,9
21347,50,50,0,0
21348,78,82,-4,4
21349,67,57,10,10
21350,81,76,5,5
21351,75,75,0,0
21352,91,92,-1,1
21353,119,121,-2,2
21354,138,140,-2,2
21355,58,55,3,3
21356,137,132,5,5
21357,88,96,-8,8
21358,122,120,2,2
21359,106,100,6,6
21360,101,107,-6,6
21361,88,91,-3,3
21362,83,74,9,9
21363,80,77,3,3
21364,111,115,-4,4
21365,183,186,-3,3
21366,73,69,4,4
21367,97,94,3,3
21368,55,61,-6,6
21369,116,126,-10,10
21370,78,78,0,0
21371,99,99,0,0
21372,141,134,7,7
21373,56,56,0,0
21374,65,63,2,2
21375,72,70,2,2
21376,99,74,25,25
21377,96,89,7,7
21378,69,74,-5,5
21379,94,109,-15,15
21380,98,89,9,9
21381,55,59,-4,4
21382,107,110,-3,3
21383,68,62,6,6
21384,84,89,-5,5
21385,65,63,2,2
21386,177,164,13,13
21387,62,58,4,4
21388,182,172,10,10
21389,72,50,22,22
21390,151,151,0,0
21391,80,73,7,7
21392,122,130,-8,8
21393,136,126,10,10
21394,141,139,2,2
21395,88,84,4,4
21396,88,82,6,6
21397,127,129,-2,2
21398,92,97,-5,5
21399,74,68,6,6
21400,111,110,1,1
21401,204,206,-2,2
21402,111,104,7,7
21403,59,58,1,1
21404,129,117,12,12
21405,107,101,6,6
21406,104,97,7,7
21407,76,79,-3,3
21408,113,120,-7,7
21409,110,112,-2,2
21410,69,63,6,6
21411,67,69,-2,2
21412,85,83,2,2
21413,94,95,-1,1
21414,93,90,3,3
21415,90,91,-1,1
21416,61,50,11,11
21417,56,53,3,3
21418,114,109,5,5
21419,71,65,6,6
21420,86,90,-4,4
21421,114,119,-5,5
21422,50,51,-1,1
21423,155,155,0,0
21424,108,120,-12,12
21425,104,89,15,15
21426,89,85,4,4
21427,75,70,5,5
21428,149,154,-5,5
21429,94,87,7,7
21430,63,76,-13,13
21431,127,140,-13,13
21432,103,108,-5,5
21433,90,82,8,8
21434,64,67,-3,3
21435,144,135,9,9
21436,119,112,7,7
21437,45,54,-9,9
21438,78,76,2,2
21439,45,54,-9,9
21440,113,118,-5,5
21441,89,95,-6,6
21442,122,127,-5,5
21443,93,95,-2,2
21444,54,54,0,0
21445,89,82,7,7
21446,85,79,6,6
21447,101,105,-4,4
21448,132,149,-17,17
21449,47,39,8,8
21450,83,80,3,3
21451,89,81,8,8
21452,77,70,7,7
21453,150,140,10,10
21454,130,118,12,12
21455,85,86,-1,1
21456,114,111,3,3
21457,155,159,-4,4
21458,63,61,2,2
21459,94,99,-5,5
21460,42,38,4,4
21461,138,144,-6,6
21462,78,88,-10,10
21463,79,80,-1,1
21464,95,96,-1,1
21465,80,67,13,13
21466,80,92,-12,12
21467,39,40,-1,1
21468,143,138,5,5
21469,88,84,4,4
21470,47,49,-2,2
21471,70,71,-1,1
21472,174,170,4,4
21473,148,149,-1,1
21474,185,175,10,10
21475,122,133,-11,11
21476,138,138,0,0
21477,99,95,4,4
21478,50,52,-2,2
21479,104,96,8,8
21480,69,66,3,3
21481,127,124,3,3
21482,59,64,-5,5
21483,89,88,1,1
21484,81,87,-6,6
21485,64,69,-5,5
21486,124,127,-3,3
21487,75,84,-9,9
21488,102,97,5,5
21489,156,150,6,6
21490,81,83,-2,2
21491,90,87,3,3
21492,58,79,-21,21
21493,153,140,13,13
21494,100,97,3,3
21495,133,124,9,9
21496,133,127,6,6
21497,68,72,-4,4
21498,104,104,0,0
21499,74,72,2,2
21500,138,131,7,7
21501,83,87,-4,4
21502,125,144,-19,19
21503,98,98,0,0
21504,92,86,6,6
21505,39,39,0,0
21506,93,95,-2,2
21507,47,57,-10,10
21508,72,72,0,0
21509,138,133,5,5
21510,81,84,-3,3
21511,102,103,-1,1
21512,146,145,1,1
21513,80,76,4,4
21514,76,72,4,4
21515,130,146,-16,16
21516,138,129,9,9
21517,69,76,-7,7
21518,134,123,11,11
21519,73,75,-2,2
21520,55,60,-5,5
21521,68,74,-6,6
21522,78,94,-16,16
21523,85,86,-1,1
21524,118,118,0,0
21525,80,81,-1,1
21526,153,164,-11,11
21527,81,72,9,9
21528,85,85,0,0
21529,117,117,0,0
21530,126,130,-4,4
21531,34,38,-4,4
21532,72,65,7,7
21533,138,132,6,6
21534,82,87,-5,5
21535,113,119,-6,6
21536,63,69,-6,6
21537,80,70,10,10
21538,67,63,4,4
21539,117,134,-17,17
21540,120,114,6,6
21541,75,74,1,1
21542,117,115,2,2
21543,103,107,-4,4
21544,149,165,-16,16
21545,169,178,-9,9
21546,85,97,-12,12
21547,91,85,6,6
21548,121,126,-5,5
21549,95,112,-17,17
21550,123,131,-8,8
21551,36,39,-3,3
21552,71,75,-4,4
21553,106,103,3,3
21554,101,92,9,9
21555,60,80,-20,20
21556,68,63,5,5
21557,76,72,4,4
21558,91,87,4,4
21559,84,85,-1,1
21560,97,101,-4,4
21561,75,79,-4,4
21562,44,39,5,5
21563,78,64,14,14
21564,55,56,-1,1
21565,106,122,-16,16
21566,125,124,1,1
21567,185,174,11,11
21568,148,178,-30,30
21569,156,148,8,8
21570,128,126,2,2
21571,96,94,2,2
21572,99,95,4,4
21573,63,72,-9,9
21574,78,85,-7,7
21575,162,140,22,22
21576,75,75,0,0
21577,103,102,1,1
21578,110,105,5,5
21579,116,115,1,1
21580,51,53,-2,2
21581,126,127,-1,1
21582,37,39,-2,2
21583,109,104,5,5
21584,115,123,-8,8
21585,70,65,5,5
21586,94,107,-13,13
21587,113,112,1,1
21588,91,91,0,0
21589,71,75,-4,4
21590,55,59,-4,4
21591,63,70,-7,7
21592,59,57,2,2
21593,81,81,0,0
21594,135,142,-7,7
21595,95,93,2,2
21596,67,77,-10,10
21597,80,81,-1,1
21598,73,86,-13,13
21599,98,92,6,6
21600,104,95,9,9
21601,63,57,6,6
21602,60,58,2,2
21603,117,116,1,1
21604,60,59,1,1
21605,127,127,0,0
21606,121,106,15,15
21607,118,118,0,0
21608,80,80,0,0
21609,77,79,-2,2
21610,104,95,9,9
21611,182,212,-30,30
21612,90,96,-6,6
21613,49,47,2,2
21614,86,85,1,1
21615,88,87,1,1
21616,114,106,8,8
21617,56,54,2,2
21618,66,58,8,8
21619,68,82,-14,14
21620,88,88,0,0
21621,45,73,-28,28
21622,231,224,7,7
21623,136,129,7,7
21624,69,66,3,3
21625,123,134,-11,11
21626,60,56,4,4
21627,72,72,0,0
21628,84,88,-4,4
21629,123,124,-1,1
21630,58,66,-8,8
21631,58,55,3,3
21632,71,66,5,5
21633,97,89,8,8
21634,61,61,0,0
21635,57,64,-7,7
21636,172,173,-1,1
21637,62,62,0,0
21638,112,110,2,2
21639,126,126,0,0
21640,85,82,3,3
21641,105,116,-11,11
21642,100,102,-2,2
21643,117,134,-17,17
21644,76,87,-11,11
21645,85,86,-1,1
21646,187,170,17,17
21647,145,144,1,1
21648,64,72,-8,8
21649,107,104,3,3
21650,140,140,0,0
21651,46,52,-6,6
21652,63,58,5,5
21653,93,92,1,1
21654,111,115,-4,4
21655,60,59,1,1
21656,120,115,5,5
21657,67,68,-1,1
21658,157,157,0,0
21659,133,136,-3,3
21660,112,123,-11,11
21661,119,138,-19,19
21662,86,85,1,1
21663,128,132,-4,4
21664,109,104,5,5
21665,133,130,3,3
21666,62,57,5,5
21667,167,164,3,3
21668,122,117,5,5
21669,42,39,3,3
21670,66,63,3,3
21671,110,112,-2,2
21672,84,94,-10,10
21673,115,117,-2,2
21674,174,173,1,1
21675,85,85,0,0
21676,100,98,2,2
21677,56,58,-2,2
21678,72,65,7,7
21679,87,89,-2,2
21680,70,89,-19,19
21681,76,71,5,5
21682,89,89,0,0
21683,69,68,1,1
21684,175,167,8,8
21685,191,182,9,9
21686,66,60,6,6
21687,145,146,-1,1
21688,127,117,10,10
21689,54,51,3,3
21690,70,64,6,6
21691,67,64,3,3
21692,77,74,3,3
21693,119,131,-12,12
21694,38,45,-7,7
21695,77,79,-2,2
21696,49,52,-3,3
21697,63,80,-17,17
21698,40,39,1,1
21699,69,76,-7,7
21700,35,39,-4,4
21701,93,88,5,5
21702,61,75,-14,14
21703,50,40,10,10
21704,113,116,-3,3
21705,123,112,11,11
21706,75,73,2,2
21707,94,92,2,2
21708,71,77,-6,6
21709,114,119,-5,5
21710,68,64,4,4
21711,129,146,-17,17
21712,61,55,6,6
21713,92,88,4,4
21714,76,67,9,9
21715,106,95,11,11
21716,123,120,3,3
21717,89,91,-2,2
21718,88,95,-7,7
21719,48,55,-7,7
21720,87,92,-5,5
21721,53,63,-10,10
21722,120,115,5,5
21723,105,111,-6,6
21724,117,111,6,6
21725,128,123,5,5
21726,173,162,11,11
21727,85,85,0,0
21728,97,89,8,8
21729,101,98,3,3
21730,67,70,-3,3
21731,71,70,1,1
21732,89,81,8,8
21733,85,97,-12,12
21734,83,82,1,1
21735,78,71,7,7
21736,76,75,1,1
21737,115,114,1,1
21738,68,64,4,4
21739,75,69,6,6
21740,106,92,14,14
21741,76,77,-1,1
21742,123,117,6,6
21743,82,84,-2,2
21744,82,88,-6,6
21745,162,162,0,0
21746,64,68,-4,4
21747,66,57,9,9
21748,48,39,9,9
21749,86,90,-4,4
21750,59,66,-7,7
21751,118,116,2,2
21752,75,74,1,1
21753,138,130,8,8
21754,50,46,4,4
21755,96,84,12,12
21756,68,70,-2,2
21757,83,85,-2,2
21758,93,110,-17,17
21759,78,84,-6,6
21760,45,39,6,6
21761,85,85,0,0
21762,123,114,9,9
21763,42,46,-4,4
21764,84,84,0,0
21765,123,123,0,0
21766,45,55,-10,10
21767,88,89,-1,1
21768,85,82,3,3
21769,79,67,12,12
21770,75,73,2,2
21771,125,127,-2,2
21772,33,53,-20,20
21773,84,88,-4,4
21774,117,125,-8,8
21775,79,79,0,0
21776,190,193,-3,3
21777,112,116,-4,4
21778,86,92,-6,6
21779,115,113,2,2
21780,74,70,4,4
21781,85,86,-1,1
21782,28,38,-10,10
21783,45,48,-3,3
21784,115,115,0,0
21785,92,87,5,5
21786,78,72,6,6
21787,129,130,-1,1
21788,119,114,5,5
21789,78,78,0,0
21790,78,67,11,11
21791,211,198,13,13
21792,95,104,-9,9
21793,101,98,3,3
21794,163,157,6,6
21795,168,162,6,6
21796,109,108,1,1
21797,98,106,-8,8
21798,61,62,-1,1
21799,131,138,-7,7
21800,74,70,4,4
21801,66,74,-8,8
21802,130,126,4,4
21803,71,69,2,2
21804,135,143,-8,8
21805,88,81,7,7
21806,150,173,-23,23
21807,152,141,11,11
21808,117,98,19,19
21809,133,134,-1,1
21810,77,76,1,1
21811,75,69,6,6
21812,63,63,0,0
21813,73,66,7,7
21814,72,72,0,0
21815,62,75,-13,13
21816,98,105,-7,7
21817,103,98,5,5
21818,167,191,-24,24
21819,73,81,-8,8
21820,68,61,7,7
21821,104,103,1,1
21822,96,100,-4,4
21823,165,168,-3,3
21824,128,129,-1,1
21825,147,146,1,1
21826,139,140,-1,1
21827,156,148,8,8
21828,86,91,-5,5
21829,78,77,1,1
21830,78,73,5,5
21831,89,85,4,4
21832,115,109,6,6
21833,122,121,1,1
21834,47,60,-13,13
21835,60,69,-9,9
21836,87,102,-15,15
21837,77,79,-2,2
21838,115,104,11,11
21839,105,93,12,12
21840,120,120,0,0
21841,95,101,-6,6
21842,103,98,5,5
21843,57,54,3,3
21844,132,124,8,8
21845,118,109,9,9
21846,134,121,13,13
21847,85,96,-11,11
21848,130,142,-12,12
21849,107,114,-7,7
21850,112,110,2,2
21851,63,62,1,1
21852,176,173,3,3
21853,83,79,4,4
21854,88,98,-10,10
21855,141,125,16,16
21856,121,116,5,5
21857,119,111,8,8
21858,51,59,-8,8
21859,60,60,0,0
21860,103,89,14,14
21861,122,119,3,3
21862,79,79,0,0
21863,103,95,8,8
21864,86,86,0,0
21865,58,63,-5,5
21866,103,105,-2,2
21867,89,84,5,5
21868,94,87,7,7
21869,115,119,-4,4
21870,151,162,-11,11
21871,97,96,1,1
21872,88,84,4,4
21873,78,81,-3,3
21874,79,74,5,5
21875,51,56,-5,5
21876,77,88,-11,11
21877,98,90,8,8
21878,160,142,18,18
21879,114,116,-2,2
21880,95,103,-8,8
21881,77,83,-6,6
21882,75,75,0,0
21883,142,138,4,4
21884,72,73,-1,1
21885,150,141,9,9
21886,67,72,-5,5
21887,104,103,1,1
21888,95,101,-6,6
21889,116,112,4,4
21890,43,74,-31,31
21891,98,98,0,0
21892,85,76,9,9
21893,93,92,1,1
21894,106,104,2,2
21895,99,99,0,0
21896,179,173,6,6
21897,61,78,-17,17
21898,77,78,-1,1
21899,64,60,4,4
21900,90,94,-4,4
21901,106,119,-13,13
21902,67,64,3,3
21903,102,103,-1,1
21904,94,71,23,23
21905,92,87,5,5
21906,81,82,-1,1
21907,84,81,3,3
21908,131,138,-7,7
21909,96,100,-4,4
21910,89,86,3,3
21911,107,106,1,1
21912,73,79,-6,6
21913,81,76,5,5
21914,69,75,-6,6
21915,73,72,1,1
21916,150,156,-6,6
21917,115,105,10,10
21918,90,86,4,4
21919,63,73,-10,10
21920,138,130,8,8
21921,125,129,-4,4
21922,111,114,-3,3
21923,124,112,12,12
21924,37,38,-1,1
21925,114,116,-2,2
21926,67,65,2,2
21927,116,123,-7,7
21928,134,149,-15,15
21929,58,63,-5,5
21930,75,71,4,4
21931,119,117,2,2
21932,94,88,6,6
21933,72,69,3,3
21934,144,150,-6,6
21935,86,84,2,2
21936,112,113,-1,1
21937,57,55,2,2
21938,121,132,-11,11
21939,118,116,2,2
21940,79,79,0,0
21941,53,50,3,3
21942,61,53,8,8
21943,90,94,-4,4
21944,114,117,-3,3
21945,101,108,-7,7
21946,180,184,-4,4
21947,136,158,-22,22
21948,100,101,-1,1
21949,107,110,-3,3
21950,95,99,-4,4
21951,75,76,-1,1
21952,86,93,-7,7
21953,71,77,-6,6
21954,126,131,-5,5
21955,125,122,3,3
21956,162,164,-2,2
21957,71,75,-4,4
21958,60,54,6,6
21959,118,127,-9,9
21960,104,82,22,22
21961,117,117,0,0
21962,144,138,6,6
21963,78,84,-6,6
21964,95,94,1,1
21965,157,153,4,4
21966,70,69,1,1
21967,68,71,-3,3
21968,125,121,4,4
21969,111,97,14,14
21970,112,107,5,5
21971,118,107,11,11
21972,71,61,10,10
21973,126,111,15,15
21974,96,92,4,4
21975,59,64,-5,5
21976,82,94,-12,12
21977,101,112,-11,11
21978,80,86,-6,6
21979,61,59,2,2
21980,89,96,-7,7
21981,107,96,11,11
21982,55,59,-4,4
21983,99,95,4,4
21984,131,138,-7,7
21985,80,75,5,5
21986,110,95,15,15
21987,94,93,1,1
21988,32,38,-6,6
21989,105,105,0,0
21990,103,110,-7,7
21991,152,158,-6,6
21992,136,124,12,12
21993,78,72,6,6
21994,68,63,5,5
21995,68,82,-14,14
21996,36,39,-3,3
21997,111,115,-4,4
21998,64,58,6,6
21999,70,67,3,3
22000,89,87,2,2
22001,103,103,0,0
22002,79,78,1,1
22003,175,182,-7,7
22004,103,113,-10,10
22005,84,84,0,0
22006,79,74,5,5
22007,93,100,-7,7
22008,124,121,3,3
22009,106,102,4,4
22010,144,132,12,12
22011,100,98,2,2
22012,70,71,-1,1
22013,122,132,-10,10
22014,101,102,-1,1
22015,125,123,2,2
22016,94,93,1,1
22017,134,147,-13,13
22018,69,71,-2,2
22019,119,111,8,8
22020,106,100,6,6
22021,122,125,-3,3
22022,54,52,2,2
22023,89,87,2,2
22024,76,92,-16,16
22025,86,89,-3,3
22026,144,133,11,11
22027,93,85,8,8
22028,105,110,-5,5
22029,101,105,-4,4
22030,81,91,-10,10
22031,85,80,5,5
22032,157,142,15,15
22033,112,119,-7,7
22034,76,79,-3,3
22035,85,97,-12,12
22036,141,125,16,16
22037,87,93,-6,6
22038,71,79,-8,8
22039,104,113,-9,9
22040,73,76,-3,3
22041,143,138,5,5
22042,92,98,-6,6
22043,80,84,-4,4
22044,98,102,-4,4
22045,80,74,6,6
22046,54,57,-3,3
22047,134,152,-18,18
22048,70,65,5,5
22049,114,115,-1,1
22050,80,68,12,12
22051,90,85,5,5
22052,82,91,-9,9
22053,103,99,4,4
22054,82,81,1,1
22055,92,88,4,4
22056,82,81,1,1
22057,66,65,1,1
22058,124,167,-43,43
22059,61,66,-5,5
22060,63,70,-7,7
22061,91,94,-3,3
22062,72,68,4,4
22063,54,63,-9,9
22064,87,86,1,1
22065,104,118,-14,14
22066,61,62,-1,1
22067,125,112,13,13
22068,129,135,-6,6
22069,33,39,-6,6
22070,97,101,-4,4
22071,73,86,-13,13
22072,154,144,10,10
22073,74,70,4,4
22074,125,130,-5,5
22075,54,55,-1,1
22076,68,72,-4,4
22077,91,85,6,6
22078,68,64,4,4
22079,92,107,-15,15
22080,117,106,11,11
22081,98,111,-13,13
22082,124,115,9,9
22083,71,76,-5,5
22084,66,65,1,1
22085,37,39,-2,2
22086,108,103,5,5
22087,59,55,4,4
22088,84,83,1,1
22089,162,156,6,6
22090,108,111,-3,3
22091,120,116,4,4
22092,102,112,-10,10
22093,68,84,-16,16
22094,146,129,17,17
22095,116,119,-3,3
22096,66,65,1,1
22097,67,70,-3,3
22098,46,54,-8,8
22099,92,85,7,7
22100,150,137,13,13
22101,58,52,6,6
22102,103,108,-5,5
22103,112,101,11,11
22104,90,101,-11,11
22105,98,99,-1,1
22106,54,58,-4,4
22107,76,79,-3,3
22108,77,84,-7,7
22109,111,105,6,6
22110,118,123,-5,5
22111,125,125,0,0
22112,94,100,-6,6
22113,73,77,-4,4
22114,173,175,-2,2
22115,155,160,-5,5
22116,120,133,-13,13
22117,86,74,12,12
22118,115,112,3,3
22119,149,141,8,8
22120,68,89,-21,21
22121,130,114,16,16
22122,65,68,-3,3
22123,63,51,12,12
22124,39,38,1,1
22125,82,79,3,3
22126,74,60,14,14
22127,57,71,-14,14
22128,105,109,-4,4
22129,106,107,-1,1
22130,126,151,-25,25
22131,113,111,2,2
22132,109,112,-3,3
22133,95,100,-5,5
22134,86,76,10,10
22135,99,97,2,2
22136,65,84,-19,19
22137,70,70,0,0
22138,66,61,5,5
22139,45,47,-2,2
22140,77,74,3,3
22141,50,58,-8,8
22142,105,108,-3,3
22143,101,111,-10,10
22144,62,68,-6,6
22145,82,90,-8,8
22146,69,59,10,10
22147,122,144,-22,22
22148,147,150,-3,3
22149,220,230,-10,10
22150,69,69,0,0
22151,93,92,1,1
22152,111,110,1,1
22153,152,157,-5,5
22154,124,126,-2,2
22155,43,39,4,4
22156,112,100,12,12
22157,83,83,0,0
22158,140,143,-3,3
22159,110,111,-1,1
22160,71,80,-9,9
22161,96,110,-14,14
22162,148,153,-5,5
22163,53,37,16,16
22164,120,113,7,7
22165,188,193,-5,5
22166,29,39,-10,10
22167,117,116,1,1
22168,104,105,-1,1
22169,81,80,1,1
22170,124,127,-3,3
22171,103,118,-15,15
22172,139,140,-1,1
22173,79,68,11,11
22174,133,131,2,2
22175,112,119,-7,7
22176,99,108,-9,9
22177,101,96,5,5
22178,75,68,7,7
22179,110,108,2,2
22180,121,122,-1,1
22181,110,114,-4,4
22182,68,84,-16,16
22183,99,98,1,1
22184,67,72,-5,5
22185,72,80,-8,8
22186,151,135,16,16
22187,87,94,-7,7
22188,83,84,-1,1
22189,58,68,-10,10
22190,56,56,0,0
22191,72,68,4,4
22192,91,90,1,1
22193,61,58,3,3
22194,95,82,13,13
22195,101,98,3,3
22196,98,95,3,3
22197,128,137,-9,9
22198,183,179,4,4
22199,68,65,3,3
22200,97,97,0,0
22201,74,71,3,3
22202,127,130,-3,3
22203,91,89,2,2
22204,95,94,1,1
22205,83,81,2,2
22206,130,131,-1,1
22207,143,83,60,60
22208,68,79,-11,11
22209,72,68,4,4
22210,81,81,0,0
22211,63,64,-1,1
22212,92,89,3,3
22213,70,83,-13,13
22214,114,122,-8,8
22215,119,107,12,12
22216,130,134,-4,4
22217,94,97,-3,3
22218,104,108,-4,4
22219,99,109,-10,10
22220,55,68,-13,13
22221,111,116,-5,5
22222,101,94,7,7
22223,86,89,-3,3
22224,89,92,-3,3
22225,91,107,-16,16
22226,140,140,0,0
22227,74,74,0,0
22228,82,83,-1,1
22229,103,86,17,17
22230,104,93,11,11
22231,75,85,-10,10
22232,92,101,-9,9
22233,53,54,-1,1
22234,74,83,-9,9
22235,38,38,0,0
22236,141,136,5,5
22237,91,89,2,2
22238,97,91,6,6
22239,115,114,1,1
22240,141,143,-2,2
22241,72,84,-12,12
22242,87,92,-5,5
22243,114,114,0,0
22244,96,90,6,6
22245,68,76,-8,8
22246,123,134,-11,11
22247,91,87,4,4
22248,91,89,2,2
22249,116,124,-8,8
22250,49,70,-21,21
22251,57,55,2,2
22252,124,127,-3,3
22253,88,99,-11,11
22254,129,129,0,0
22255,55,55,0,0
22256,188,180,8,8
22257,64,64,0,0
22258,71,70,1,1
22259,45,54,-9,9
22260,93,103,-10,10
22261,68,66,2,2
22262,161,176,-15,15
22263,69,79,-10,10
22264,113,121,-8,8
22265,74,88,-14,14
22266,58,62,-4,4
22267,149,160,-11,11
22268,49,49,0,0
22269,96,95,1,1
22270,122,117,5,5
22271,92,82,10,10
22272,124,127,-3,3
22273,93,95,-2,2
22274,149,157,-8,8
22275,179,177,2,2
22276,147,152,-5,5
22277,121,123,-2,2
22278,62,61,1,1
22279,50,50,0,0
22280,54,55,-1,1
22281,104,95,9,9
22282,73,70,3,3
22283,101,100,1,1
22284,71,77,-6,6
22285,90,90,0,0
22286,71,67,4,4
22287,72,76,-4,4
22288,61,87,-26,26
22289,65,62,3,3
22290,81,80,1,1
22291,37,49,-12,12
22292,65,68,-3,3
22293,128,123,5,5
22294,55,82,-27,27
22295,55,65,-10,10
22296,131,119,12,12
22297,67,62,5,5
22298,138,138,0,0
22299,66,63,3,3
22300,62,61,1,1
22301,187,188,-1,1
22302,127,120,7,7
22303,105,112,-7,7
22304,78,78,0,0
22305,94,92,2,2
22306,94,99,-5,5
22307,108,111,-3,3
22308,135,135,0,0
22309,78,74,4,4
22310,87,93,-6,6
22311,59,62,-3,3
22312,134,149,-15,15
22313,89,84,5,5
22314,79,83,-4,4
22315,27,38,-11,11
22316,74,66,8,8
22317,56,61,-5,5
22318,121,128,-7,7
22319,88,93,-5,5
22320,145,153,-8,8
22321,99,100,-1,1
22322,127,118,9,9
22323,85,83,2,2
22324,91,73,18,18
22325,184,198,-14,14
22326,76,75,1,1
22327,86,84,2,2
22328,88,83,5,5
22329,156,152,4,4
22330,106,111,-5,5
22331,102,91,11,11
22332,106,102,4,4
22333,87,89,-2,2
22334,60,65,-5,5
22335,82,80,2,2
22336,112,106,6,6
22337,118,125,-7,7
22338,75,64,11,11
22339,94,96,-2,2
22340,57,64,-7,7
22341,96,93,3,3
22342,67,67,0,0
22343,78,92,-14,14
22344,114,106,8,8
22345,70,66,4,4
22346,60,61,-1,1
22347,91,91,0,0
22348,86,80,6,6
22349,84,86,-2,2
22350,75,72,3,3
22351,133,144,-11,11
22352,193,181,12,12
22353,68,70,-2,2
22354,139,141,-2,2
22355,57,73,-16,16
22356,110,114,-4,4
22357,83,95,-12,12
22358,159,135,24,24
22359,110,109,1,1
22360,150,137,13,13
22361,95,104,-9,9
22362,139,129,10,10
22363,72,68,4,4
22364,147,138,9,9
22365,89,84,5,5
22366,136,134,2,2
22367,47,39,8,8
22368,158,164,-6,6
22369,111,117,-6,6
22370,99,91,8,8
22371,112,112,0,0
22372,82,90,-8,8
22373,38,38,0,0
22374,82,80,2,2
22375,80,81,-1,1
22376,119,112,7,7
22377,68,70,-2,2
22378,117,118,-1,1
22379,76,76,0,0
22380,94,96,-2,2
22381,68,70,-2,2
22382,49,39,10,10
22383,59,58,1,1
22384,135,145,-10,10
22385,111,115,-4,4
22386,102,95,7,7
22387,118,121,-3,3
22388,90,87,3,3
22389,62,65,-3,3
22390,104,104,0,0
22391,120,114,6,6
22392,105,109,-4,4
22393,131,129,2,2
22394,103,113,-10,10
22395,117,116,1,1
22396,92,93,-1,1
22397,70,72,-2,2
22398,108,111,-3,3
22399,71,70,1,1
22400,58,62,-4,4
22401,91,78,13,13
22402,98,91,7,7
22403,40,47,-7,7
22404,92,83,9,9
22405,100,108,-8,8
22406,138,149,-11,11
22407,132,122,10,10
22408,101,111,-10,10
22409,71,81,-10,10
22410,86,85,1,1
22411,107,105,2,2
22412,85,84,1,1
22413,68,71,-3,3
22414,80,78,2,2
22415,125,121,4,4
22416,99,91,8,8
22417,122,117,5,5
22418,190,178,12,12
22419,109,94,15,15
22420,83,77,6,6
22421,121,144,-23,23
22422,79,93,-14,14
22423,142,162,-20,20
22424,63,62,1,1
22425,66,64,2,2
22426,114,103,11,11
22427,80,79,1,1
22428,72,72,0,0
22429,190,191,-1,1
22430,91,93,-2,2
22431,152,147,5,5
22432,74,60,14,14
22433,88,94,-6,6
22434,181,196,-15,15
22435,118,122,-4,4
22436,131,127,4,4
22437,64,108,-44,44
22438,86,87,-1,1
22439,74,83,-9,9
22440,79,79,0,0
22441,99,101,-2,2
22442,169,172,-3,3
22443,68,59,9,9
22444,79,76,3,3
22445,181,169,12,12
22446,119,110,9,9
22447,120,110,10,10
22448,67,72,-5,5
22449,67,75,-8,8
22450,76,71,5,5
22451,87,85,2,2
22452,91,103,-12,12
22453,161,154,7,7
22454,58,55,3,3
22455,57,61,-4,4
22456,95,86,9,9
22457,63,63,0,0
22458,64,61,3,3
22459,55,57,-2,2
22460,136,145,-9,9
22461,107,104,3,3
22462,83,88,-5,5
22463,52,63,-11,11
22464,127,140,-13,13
22465,90,94,-4,4
22466,141,137,4,4
22467,87,95,-8,8
22468,99,98,1,1
22469,67,69,-2,2
22470,79,81,-2,2
22471,102,103,-1,1
22472,168,178,-10,10
22473,154,159,-5,5
22474,118,118,0,0
22475,68,81,-13,13
22476,109,113,-4,4
22477,41,39,2,2
22478,65,70,-5,5
22479,108,101,7,7
22480,26,38,-12,12
22481,99,108,-9,9
22482,137,140,-3,3
22483,180,182,-2,2
22484,223,200,23,23
22485,103,103,0,0
22486,91,92,-1,1
22487,120,119,1,1
22488,73,74,-1,1
22489,69,75,-6,6
22490,76,93,-17,17
22491,73,59,14,14
22492,41,39,2,2
22493,143,152,-9,9
22494,121,139,-18,18
22495,97,109,-12,12
22496,86,96,-10,10
22497,80,87,-7,7
22498,105,115,-10,10
22499,111,96,15,15
22500,133,147,-14,14
22501,120,122,-2,2
22502,156,173,-17,17
22503,100,110,-10,10
22504,41,38,3,3
22505,94,104,-10,10
22506,59,54,5,5
22507,71,69,2,2
22508,68,66,2,2
22509,102,95,7,7
22510,134,135,-1,1
22511,60,53,7,7
22512,169,148,21,21
22513,80,85,-5,5
22514,126,155,-29,29
22515,146,137,9,9
22516,128,136,-8,8
22517,67,65,2,2
22518,92,99,-7,7
22519,72,74,-2,2
22520,79,83,-4,4
22521,102,99,3,3
22522,62,63,-1,1
22523,59,61,-2,2
22524,116,105,11,11
22525,96,94,2,2
22526,86,85,1,1
22527,68,76,-8,8
22528,90,95,-5,5
22529,90,83,7,7
22530,141,134,7,7
22531,109,110,-1,1
22532,51,65,-14,14
22533,107,102,5,5
22534,130,128,2,2
22535,103,107,-4,4
22536,49,58,-9,9
22537,106,99,7,7
22538,87,86,1,1
22539,68,66,2,2
22540,88,91,-3,3
22541,79,86,-7,7
22542,104,93,11,11
22543,94,94,0,0
22544,123,114,9,9
22545,98,87,11,11
22546,123,118,5,5
22547,104,107,-3,3
22548,60,64,-4,4
22549,70,75,-5,5
22550,89,86,3,3
22551,122,118,4,4
22552,55,55,0,0
22553,141,138,3,3
22554,80,81,-1,1
22555,97,98,-1,1
22556,126,115,11,11
22557,73,78,-5,5
22558,63,74,-11,11
22559,151,139,12,12
22560,109,105,4,4
22561,161,164,-3,3
22562,80,80,0,0
22563,126,114,12,12
22564,89,85,4,4
22565,95,90,5,5
22566,163,150,13,13
22567,121,113,8,8
22568,80,85,-5,5
22569,79,70,9,9
22570,94,90,4,4
22571,143,139,4,4
22572,95,92,3,3
22573,108,110,-2,2
22574,94,97,-3,3
22575,102,98,4,4
22576,84,92,-8,8
22577,80,79,1,1
22578,135,131,4,4
22579,98,85,13,13
22580,113,116,-3,3
22581,85,100,-15,15
22582,97,93,4,4
22583,67,64,3,3
22584,135,132,3,3
22585,31,39,-8,8
22586,154,164,-10,10
22587,136,136,0,0
22588,35,37,-2,2
22589,145,141,4,4
22590,76,68,8,8
22591,89,97,-8,8
22592,84,95,-11,11
22593,82,101,-19,19
22594,76,74,2,2
22595,88,93,-5,5
22596,85,77,8,8
22597,109,121,-12,12
22598,165,162,3,3
22599,88,94,-6,6
22600,54,56,-2,2
22601,93,84,9,9
22602,66,69,-3,3
22603,75,79,-4,4
22604,55,56,-1,1
22605,72,74,-2,2
22606,113,113,0,0
22607,127,128,-1,1
22608,53,41,12,12
22609,94,98,-4,4
22610,90,92,-2,2
22611,65,77,-12,12
22612,60,64,-4,4
22613,59,41,18,18
22614,107,104,3,3
22615,93,107,-14,14
22616,128,122,6,6
22617,55,56,-1,1
22618,93,93,0,0
22619,79,77,2,2
22620,148,139,9,9
22621,129,124,5,5
22622,51,61,-10,10
22623,92,92,0,0
22624,93,112,-19,19
22625,114,118,-4,4
22626,72,74,-2,2
22627,92,100,-8,8
22628,81,77,4,4
22629,69,75,-6,6
22630,93,90,3,3
22631,189,189,0,0
22632,71,72,-1,1
22633,87,86,1,1
22634,48,85,-37,37
22635,94,91,3,3
22636,116,134,-18,18
22637,62,71,-9,9
22638,240,232,8,8
22639,104,103,1,1
22640,80,92,-12,12
22641,66,56,10,10
22642,100,93,7,7
22643,133,133,0,0
22644,103,99,4,4
22645,137,147,-10,10
22646,165,158,7,7
22647,125,122,3,3
22648,86,81,5,5
22649,95,89,6,6
22650,103,114,-11,11
22651,140,128,12,12
22652,95,99,-4,4
22653,68,70,-2,2
22654,52,53,-1,1
22655,77,73,4,4
22656,121,117,4,4
22657,107,112,-5,5
22658,98,96,2,2
22659,100,95,5,5
22660,81,83,-2,2
22661,46,39,7,7
22662,162,166,-4,4
22663,136,131,5,5
22664,85,91,-6,6
22665,83,72,11,11
22666,135,127,8,8
22667,39,39,0,0
22668,61,60,1,1
22669,73,60,13,13
22670,87,74,13,13
22671,76,81,-5,5
22672,84,105,-21,21
22673,94,85,9,9
22674,163,176,-13,13
22675,80,87,-7,7
22676,86,107,-21,21
22677,152,143,9,9
22678,100,111,-11,11
22679,75,72,3,3
22680,92,87,5,5
22681,84,81,3,3
22682,144,142,2,2
22683,69,66,3,3
22684,109,116,-7,7
22685,109,96,13,13
22686,88,72,16,16
22687,67,69,-2,2
22688,115,111,4,4
22689,125,136,-11,11
22690,95,104,-9,9
22691,87,83,4,4
22692,98,104,-6,6
22693,83,97,-14,14
22694,101,103,-2,2
22695,51,49,2,2
22696,108,108,0,0
22697,136,143,-7,7
22698,208,220,-12,12
22699,121,119,2,2
22700,84,76,8,8
22701,86,80,6,6
22702,148,156,-8,8
22703,110,122,-12,12
22704,117,114,3,3
22705,96,101,-5,5
22706,69,67,2,2
22707,137,135,2,2
22708,66,61,5,5
22709,89,76,13,13
22710,44,50,-6,6
22711,136,132,4,4
22712,128,116,12,12
22713,73,76,-3,3
22714,155,163,-8,8
22715,89,74,15,15
22716,87,73,14,14
22717,147,142,5,5
22718,64,61,3,3
22719,37,38,-1,1
22720,122,117,5,5
22721,44,40,4,4
22722,126,126,0,0
22723,60,68,-8,8
22724,148,147,1,1
22725,134,136,-2,2
22726,87,80,7,7
22727,135,146,-11,11
22728,90,88,2,2
22729,60,57,3,3
22730,86,75,11,11
22731,150,157,-7,7
22732,59,72,-13,13
22733,111,104,7,7
22734,54,55,-1,1
22735,158,150,8,8
22736,135,125,10,10
22737,32,38,-6,6
22738,63,62,1,1
22739,117,105,12,12
22740,83,87,-4,4
22741,54,58,-4,4
22742,151,147,4,4
22743,64,65,-1,1
22744,44,39,5,5
22745,138,139,-1,1
22746,48,59,-11,11
22747,123,115,8,8
22748,97,100,-3,3
22749,59,61,-2,2
22750,96,99,-3,3
22751,19,37,-18,18
22752,112,111,1,1
22753,131,149,-18,18
22754,153,159,-6,6
22755,100,101,-1,1
22756,183,188,-5,5
22757,121,118,3,3
22758,129,126,3,3
22759,93,105,-12,12
22760,89,94,-5,5
22761,92,90,2,2
22762,81,101,-20,20
22763,133,130,3,3
22764,77,85,-8,8
22765,63,62,1,1
22766,66,59,7,7
22767,74,83,-9,9
22768,150,161,-11,11
22769,76,86,-10,10
22770,68,65,3,3
22771,73,72,1,1
22772,93,91,2,2
22773,90,82,8,8
22774,81,99,-18,18
22775,59,55,4,4
22776,160,146,14,14
22777,47,38,9,9
22778,109,137,-28,28
22779,133,131,2,2
22780,114,121,-7,7
22781,89,81,8,8
22782,86,83,3,3
22783,95,88,7,7
22784,149,162,-13,13
22785,86,86,0,0
22786,112,112,0,0
22787,61,107,-46,46
22788,32,39,-7,7
22789,141,141,0,0
22790,106,101,5,5
22791,62,67,-5,5
22792,98,100,-2,2
22793,169,143,26,26
22794,75,90,-15,15
22795,113,110,3,3
22796,69,69,0,0
22797,54,58,-4,4
22798,72,80,-8,8
22799,140,150,-10,10
22800,86,92,-6,6
22801,106,107,-1,1
22802,81,84,-3,3
22803,109,102,7,7
22804,120,109,11,11
22805,103,96,7,7
22806,201,189,12,12
22807,115,137,-22,22
22808,94,83,11,11
22809,110,127,-17,17
22810,90,90,0,0
22811,117,112,5,5
22812,80,75,5,5
22813,136,135,1,1
22814,95,100,-5,5
22815,121,108,13,13
22816,38,38,0,0
22817,100,92,8,8
22818,83,88,-5,5
22819,102,102,0,0
22820,100,98,2,2
22821,67,68,-1,1
22822,88,125,-37,37
22823,68,62,6,6
22824,145,145,0,0
22825,86,86,0,0
22826,107,100,7,7
22827,85,97,-12,12
22828,102,110,-8,8
22829,132,136,-4,4
22830,61,62,-1,1
22831,70,63,7,7
22832,91,91,0,0
22833,139,143,-4,4
22834,51,52,-1,1
22835,39,39,0,0
22836,100,92,8,8
22837,93,93,0,0
22838,89,97,-8,8
22839,92,101,-9,9
22840,35,39,-4,4
22841,93,88,5,5
22842,64,64,0,0
22843,62,53,9,9
22844,102,88,14,14
22845,101,99,2,2
22846,93,93,0,0
22847,63,60,3,3
22848,88,87,1,1
22849,80,85,-5,5
22850,134,103,31,31
22851,77,76,1,1
22852,73,75,-2,2
22853,57,58,-1,1
22854,118,88,30,30
22855,134,136,-2,2
22856,127,127,0,0
22857,88,86,2,2
22858,91,88,3,3
22859,110,112,-2,2
22860,46,50,-4,4
22861,105,104,1,1
22862,103,108,-5,5
22863,108,101,7,7
22864,93,100,-7,7
22865,75,80,-5,5
22866,131,133,-2,2
22867,130,133,-3,3
22868,89,87,2,2
22869,49,103,-54,54
22870,120,126,-6,6
22871,151,168,-17,17
22872,92,90,2,2
22873,77,84,-7,7
22874,126,135,-9,9
22875,100,103,-3,3
22876,54,57,-3,3
22877,110,105,5,5
22878,133,136,-3,3
22879,119,125,-6,6
22880,126,119,7,7
22881,42,39,3,3
22882,63,63,0,0
22883,170,177,-7,7
22884,68,79,-11,11
22885,114,111,3,3
22886,115,99,16,16
22887,64,69,-5,5
22888,90,88,2,2
22889,126,109,17,17
22890,72,86,-14,14
22891,116,142,-26,26
22892,151,162,-11,11
22893,98,83,15,15
22894,135,130,5,5
22895,132,123,9,9
22896,166,161,5,5
22897,109,106,3,3
22898,73,66,7,7
22899,43,39,4,4
22900,60,60,0,0
22901,95,101,-6,6
22902,185,179,6,6
22903,116,118,-2,2
22904,120,121,-1,1
22905,117,112,5,5
22906,80,90,-10,10
22907,54,57,-3,3
22908,94,95,-1,1
22909,104,108,-4,4
22910,167,180,-13,13
22911,183,194,-11,11
22912,125,129,-4,4
22913,67,64,3,3
22914,127,116,11,11
22915,108,110,-2,2
22916,110,110,0,0
22917,72,70,2,2
22918,76,76,0,0
22919,60,60,0,0
22920,127,114,13,13
22921,60,58,2,2
22922,117,113,4,4
22923,62,60,2,2
22924,98,92,6,6
22925,64,63,1,1
22926,90,87,3,3
22927,155,162,-7,7
22928,69,66,3,3
22929,91,85,6,6
22930,91,83,8,8
22931,97,89,8,8
22932,116,109,7,7
22933,100,101,-1,1
22934,81,88,-7,7
22935,77,77,0,0
22936,46,38,8,8
22937,86,99,-13,13
22938,98,90,8,8
22939,128,103,25,25
22940,53,57,-4,4
22941,86,88,-2,2
22942,106,111,-5,5
22943,118,115,3,3
22944,132,138,-6,6
22945,179,189,-10,10
22946,72,66,6,6
22947,57,55,2,2
22948,159,156,3,3
22949,56,61,-5,5
22950,90,100,-10,10
22951,84,87,-3,3
22952,120,128,-8,8
22953,99,89,10,10
22954,121,113,8,8
22955,96,100,-4,4
22956,46,57,-11,11
22957,84,93,-9,9
22958,79,81,-2,2
22959,165,160,5,5
22960,72,74,-2,2
22961,75,77,-2,2
22962,116,120,-4,4
22963,117,120,-3,3
22964,95,90,5,5
22965,138,148,-10,10
22966,64,65,-1,1
22967,70,72,-2,2
22968,51,52,-1,1
22969,74,87,-13,13
22970,105,107,-2,2
22971,137,140,-3,3
22972,93,92,1,1
22973,72,78,-6,6
22974,83,80,3,3
22975,113,110,3,3
22976,97,95,2,2
22977,76,79,-3,3
22978,65,62,3,3
22979,159,158,1,1
22980,72,71,1,1
22981,127,122,5,5
22982,94,92,2,2
22983,83,82,1,1
22984,84,88,-4,4
22985,60,63,-3,3
22986,100,105,-5,5
22987,108,113,-5,5
22988,118,117,1,1
22989,76,73,3,3
22990,87,80,7,7
22991,50,53,-3,3
22992,38,39,-1,1
22993,146,132,14,14
22994,114,117,-3,3
22995,52,54,-2,2
22996,84,89,-5,5
22997,122,127,-5,5
22998,102,100,2,2
22999,181,176,5,5
23000,98,92,6,6
23001,39,39,0,0
23002,84,70,14,14
23003,145,118,27,27
23004,124,131,-7,7
23005,110,123,-13,13
23006,57,57,0,0
23007,88,84,4,4
23008,64,66,-2,2
23009,195,192,3,3
23010,131,141,-10,10
23011,124,125,-1,1
23012,79,100,-21,21
23013,66,66,0,0
23014,100,109,-9,9
23015,82,76,6,6
23016,81,86,-5,5
23017,85,82,3,3
23018,192,197,-5,5
23019,112,114,-2,2
23020,166,162,4,4
23021,101,101,0,0
23022,82,71,11,11
23023,89,78,11,11
23024,94,90,4,4
23025,79,90,-11,11
23026,108,115,-7,7
23027,117,114,3,3
23028,123,119,4,4
23029,81,79,2,2
23030,87,81,6,6
23031,66,67,-1,1
23032,35,39,-4,4
23033,102,96,6,6
23034,145,135,10,10
23035,62,60,2,2
23036,121,117,4,4
23037,69,69,0,0
23038,142,136,6,6
23039,74,65,9,9
23040,92,87,5,5
23041,63,57,6,6
23042,71,75,-4,4
23043,148,138,10,10
23044,72,80,-8,8
23045,75,72,3,3
23046,118,125,-7,7
23047,103,108,-5,5
23048,136,121,15,15
23049,126,135,-9,9
23050,93,99,-6,6
23051,101,104,-3,3
23052,133,125,8,8
23053,83,89,-6,6
23054,91,94,-3,3
23055,52,52,0,0
23056,100,101,-1,1
23057,88,88,0,0
23058,80,87,-7,7
23059,83,92,-9,9
23060,90,86,4,4
23061,69,99,-30,30
23062,85,79,6,6
23063,107,100,7,7
23064,103,97,6,6
23065,60,59,1,1
23066,152,161,-9,9
23067,40,39,1,1
23068,87,82,5,5
23069,78,75,3,3
23070,145,150,-5,5
23071,47,51,-4,4
23072,139,132,7,7
23073,94,92,2,2
23074,138,157,-19,19
23075,115,100,15,15
23076,94,96,-2,2
23077,106,106,0,0
23078,85,83,2,2
23079,82,76,6,6
23080,61,60,1,1
23081,160,157,3,3
23082,157,170,-13,13
23083,87,91,-4,4
23084,135,126,9,9
23085,120,118,2,2
23086,104,100,4,4
23087,165,151,14,14
23088,88,86,2,2
23089,67,70,-3,3
23090,87,83,4,4
23091,66,69,-3,3
23092,74,73,1,1
23093,76,76,0,0
23094,62,64,-2,2
23095,79,81,-2,2
23096,91,93,-2,2
23097,70,64,6,6
23098,148,141,7,7
23099,135,127,8,8
23100,74,82,-8,8
23101,78,76,2,2
23102,93,92,1,1
23103,124,121,3,3
23104,129,137,-8,8
23105,98,91,7,7
23106,72,65,7,7
23107,53,58,-5,5
23108,138,137,1,1
23109,184,162,22,22
23110,85,87,-2,2
23111,82,76,6,6
23112,105,115,-10,10
23113,99,99,0,0
23114,65,67,-2,2
23115,73,66,7,7
23116,66,62,4,4
23117,102,107,-5,5
23118,85,78,7,7
23119,188,198,-10,10
23120,81,213,-132,132
23121,124,124,0,0
23122,59,60,-1,1
23123,108,110,-2,2
23124,92,97,-5,5
23125,100,98,2,2
23126,105,105,0,0
23127,93,96,-3,3
23128,155,156,-1,1
23129,71,68,3,3
23130,65,55,10,10
23131,94,90,4,4
23132,122,132,-10,10
23133,70,68,2,2
23134,65,64,1,1
23135,160,159,1,1
23136,115,117,-2,2
23137,134,139,-5,5
23138,101,106,-5,5
23139,105,103,2,2
23140,93,96,-3,3
23141,94,87,7,7
23142,82,76,6,6
23143,90,89,1,1
23144,78,69,9,9
23145,145,144,1,1
23146,120,118,2,2
23147,94,96,-2,2
23148,95,86,9,9
23149,115,132,-17,17
23150,49,38,11,11
23151,134,141,-7,7
23152,88,84,4,4
23153,82,87,-5,5
23154,67,66,1,1
23155,71,65,6,6
23156,56,66,-10,10
23157,88,83,5,5
23158,34,39,-5,5
23159,62,77,-15,15
23160,82,86,-4,4
23161,111,117,-6,6
23162,48,49,-1,1
23163,102,108,-6,6
23164,143,138,5,5
23165,47,48,-1,1
23166,76,76,0,0
23167,119,118,1,1
23168,64,61,3,3
23169,72,66,6,6
23170,141,139,2,2
23171,64,57,7,7
23172,127,121,6,6
23173,72,73,-1,1
23174,111,108,3,3
23175,104,89,15,15
23176,77,83,-6,6
23177,133,140,-7,7
23178,113,110,3,3
23179,110,111,-1,1
23180,89,89,0,0
23181,125,126,-1,1
23182,127,114,13,13
23183,68,63,5,5
23184,99,111,-12,12
23185,86,91,-5,5
23186,111,111,0,0
23187,118,109,9,9
23188,74,76,-2,2
23189,132,126,6,6
23190,99,95,4,4
23191,139,143,-4,4
23192,107,109,-2,2
23193,70,78,-8,8
23194,77,69,8,8
23195,101,108,-7,7
23196,103,103,0,0
23197,86,89,-3,3
23198,104,94,10,10
23199,100,109,-9,9
23200,150,142,8,8
23201,69,66,3,3
23202,129,128,1,1
23203,162,175,-13,13
23204,111,125,-14,14
23205,133,135,-2,2
23206,87,87,0,0
23207,74,84,-10,10
23208,95,100,-5,5
23209,110,122,-12,12
23210,124,126,-2,2
23211,155,150,5,5
23212,74,63,11,11
23213,80,74,6,6
23214,90,84,6,6
23215,100,98,2,2
23216,112,100,12,12
23217,81,66,15,15
23218,73,80,-7,7
23219,122,122,0,0
23220,130,127,3,3
23221,129,125,4,4
23222,123,118,5,5
23223,84,89,-5,5
23224,63,64,-1,1
23225,144,135,9,9
23226,91,164,-73,73
23227,66,71,-5,5
23228,95,94,1,1
23229,129,127,2,2
23230,75,75,0,0
23231,152,197,-45,45
23232,119,105,14,14
23233,107,106,1,1
23234,184,177,7,7
23235,84,88,-4,4
23236,123,120,3,3
23237,167,151,16,16
23238,59,54,5,5
23239,68,72,-4,4
23240,119,99,20,20
23241,77,77,0,0
23242,70,77,-7,7
23243,79,73,6,6
23244,114,118,-4,4
23245,75,76,-1,1
23246,64,56,8,8
23247,127,119,8,8
23248,52,56,-4,4
23249,67,59,8,8
23250,73,75,-2,2
23251,85,78,7,7
23252,63,67,-4,4
23253,88,79,9,9
23254,89,107,-18,18
23255,133,117,16,16
23256,82,84,-2,2
23257,115,106,9,9
23258,97,102,-5,5
23259,81,92,-11,11
23260,102,95,7,7
23261,68,59,9,9
23262,64,60,4,4
23263,70,67,3,3
23264,73,76,-3,3
23265,59,65,-6,6
23266,136,138,-2,2
23267,103,109,-6,6
23268,137,122,15,15
23269,73,73,0,0
23270,83,80,3,3
23271,95,88,7,7
23272,138,129,9,9
23273,86,79,7,7
23274,66,86,-20,20
23275,134,170,-36,36
23276,116,115,1,1
23277,70,70,0,0
23278,118,114,4,4
23279,131,130,1,1
23280,40,62,-22,22
23281,82,83,-1,1
23282,78,71,7,7
23283,97,89,8,8
23284,89,95,-6,6
23285,133,130,3,3
23286,76,71,5,5
23287,152,139,13,13
23288,92,89,3,3
23289,62,62,0,0
23290,179,163,16,16
23291,127,119,8,8
23292,115,113,2,2
23293,54,66,-12,12
23294,136,122,14,14
23295,76,83,-7,7
23296,62,64,-2,2
23297,78,80,-2,2
23298,182,166,16,16
23299,67,64,3,3
23300,110,98,12,12
23301,92,85,7,7
23302,150,141,9,9
23303,122,130,-8,8
23304,62,69,-7,7
23305,109,100,9,9
23306,123,119,4,4
23307,107,114,-7,7
23308,50,58,-8,8
23309,62,63,-1,1
23310,115,117,-2,2
23311,41,48,-7,7
23312,106,104,2,2
23313,58,59,-1,1
23314,67,63,4,4
23315,64,58,6,6
23316,71,90,-19,19
23317,83,93,-10,10
23318,157,179,-22,22
23319,90,92,-2,2
23320,100,110,-10,10
23321,92,98,-6,6
23322,87,106,-19,19
23323,76,90,-14,14
23324,101,109,-8,8
23325,56,51,5,5
23326,65,66,-1,1
23327,70,71,-1,1
23328,57,57,0,0
23329,112,146,-34,34
23330,50,67,-17,17
23331,47,56,-9,9
23332,140,162,-22,22
23333,51,52,-1,1
23334,61,69,-8,8
23335,78,81,-3,3
23336,70,65,5,5
23337,98,92,6,6
23338,152,145,7,7
23339,99,102,-3,3
23340,93,102,-9,9
23341,90,87,3,3
23342,51,53,-2,2
23343,94,89,5,5
23344,82,88,-6,6
23345,137,139,-2,2
23346,85,92,-7,7
23347,131,142,-11,11
23348,110,102,8,8
23349,70,65,5,5
23350,99,108,-9,9
23351,146,142,4,4
23352,37,39,-2,2
23353,94,91,3,3
23354,124,122,2,2
23355,91,108,-17,17
23356,85,87,-2,2
23357,58,61,-3,3
23358,78,86,-8,8
23359,62,72,-10,10
23360,51,53,-2,2
23361,85,93,-8,8
23362,64,63,1,1
23363,108,120,-12,12
23364,89,93,-4,4
23365,120,121,-1,1
23366,131,118,13,13
23367,50,52,-2,2
23368,109,109,0,0
23369,82,77,5,5
23370,115,109,6,6
23371,121,116,5,5
23372,193,193,0,0
23373,66,65,1,1
23374,125,121,4,4
23375,64,64,0,0
23376,105,98,7,7
23377,47,51,-4,4
23378,57,72,-15,15
23379,105,98,7,7
23380,124,126,-2,2
23381,90,98,-8,8
23382,126,118,8,8
23383,89,98,-9,9
23384,122,117,5,5
23385,116,117,-1,1
23386,80,71,9,9
23387,92,88,4,4
23388,62,85,-23,23
23389,144,145,-1,1
23390,45,52,-7,7
23391,139,145,-6,6
23392,117,110,7,7
23393,99,102,-3,3
23394,98,97,1,1
23395,87,90,-3,3
23396,171,147,24,24
23397,127,111,16,16
23398,114,109,5,5
23399,100,108,-8,8
23400,71,80,-9,9
23401,143,133,10,10
23402,84,85,-1,1
23403,89,85,4,4
23404,85,93,-8,8
23405,69,67,2,2
23406,145,160,-15,15
23407,115,121,-6,6
23408,116,118,-2,2
23409,114,118,-4,4
23410,58,53,5,5
23411,79,76,3,3
23412,73,74,-1,1
23413,114,121,-7,7
23414,140,148,-8,8
23415,92,99,-7,7
23416,111,115,-4,4
23417,131,143,-12,12
23418,76,77,-1,1
23419,94,97,-3,3
23420,91,100,-9,9
23421,76,71,5,5
23422,115,110,5,5
23423,65,62,3,3
23424,113,120,-7,7
23425,85,93,-8,8
23426,214,233,-19,19
23427,211,212,-1,1
23428,41,39,2,2
23429,78,75,3,3
23430,161,159,2,2
23431,79,75,4,4
23432,51,56,-5,5
23433,103,109,-6,6
23434,73,75,-2,2
23435,55,61,-6,6
23436,136,117,19,19
23437,131,136,-5,5
23438,77,78,-1,1
23439,80,76,4,4
23440,110,113,-3,3
23441,54,56,-2,2
23442,111,118,-7,7
23443,84,88,-4,4
23444,70,64,6,6
23445,70,66,4,4
23446,106,100,6,6
23447,97,98,-1,1
23448,100,97,3,3
23449,135,136,-1,1
23450,86,86,0,0
23451,42,39,3,3
23452,132,141,-9,9
23453,73,74,-1,1
23454,125,126,-1,1
23455,83,86,-3,3
23456,125,129,-4,4
23457,120,119,1,1
23458,110,109,1,1
23459,197,190,7,7
23460,111,110,1,1
23461,86,96,-10,10
23462,76,68,8,8
23463,150,144,6,6
23464,115,117,-2,2
23465,89,98,-9,9
23466,176,161,15,15
23467,64,70,-6,6
23468,120,118,2,2
23469,121,116,5,5
23470,64,78,-14,14
23471,49,64,-15,15
23472,70,64,6,6
23473,112,110,2,2
23474,89,97,-8,8
23475,107,107,0,0
23476,155,160,-5,5
23477,73,76,-3,3
23478,129,135,-6,6
23479,161,157,4,4
23480,89,89,0,0
23481,113,113,0,0
23482,99,93,6,6
23483,127,133,-6,6
23484,115,117,-2,2
23485,78,78,0,0
23486,155,174,-19,19
23487,54,52,2,2
23488,89,88,1,1
23489,115,109,6,6
23490,82,82,0,0
23491,165,165,0,0
23492,90,88,2,2
23493,87,86,1,1
23494,115,112,3,3
23495,70,68,2,2
23496,85,77,8,8
23497,101,99,2,2
23498,118,136,-18,18
23499,135,119,16,16
23500,74,74,0,0
23501,108,123,-15,15
23502,134,137,-3,3
23503,109,108,1,1
23504,77,76,1,1
23505,71,62,9,9
23506,78,72,6,6
23507,125,111,14,14
23508,90,88,2,2
23509,47,38,9,9
23510,89,87,2,2
23511,102,96,6,6
23512,94,95,-1,1
23513,137,142,-5,5
23514,110,103,7,7
23515,100,99,1,1
23516,125,115,10,10
23517,57,89,-32,32
23518,120,117,3,3
23519,149,150,-1,1
23520,69,75,-6,6
23521,91,99,-8,8
23522,69,68,1,1
23523,143,138,5,5
23524,112,107,5,5
23525,108,99,9,9
23526,83,93,-10,10
23527,102,108,-6,6
23528,55,55,0,0
23529,101,96,5,5
23530,39,39,0,0
23531,173,181,-8,8
23532,98,94,4,4
23533,136,132,4,4
23534,62,62,0,0
23535,188,166,22,22
23536,98,99,-1,1
23537,132,128,4,4
23538,89,101,-12,12
23539,106,112,-6,6
23540,101,113,-12,12
23541,150,142,8,8
23542,194,186,8,8
23543,108,114,-6,6
23544,78,89,-11,11
23545,70,68,2,2
23546,93,99,-6,6
23547,65,71,-6,6
23548,113,102,11,11
23549,129,127,2,2
23550,94,97,-3,3
23551,108,105,3,3
23552,90,93,-3,3
23553,68,70,-2,2
23554,98,102,-4,4
23555,96,109,-13,13
23556,85,97,-12,12
23557,137,143,-6,6
23558,112,114,-2,2
23559,168,162,6,6
23560,87,94,-7,7
23561,134,132,2,2
23562,75,84,-9,9
23563,135,129,6,6
23564,81,81,0,0
23565,96,107,-11,11
23566,91,96,-5,5
23567,104,93,11,11
23568,105,100,5,5
23569,56,52,4,4
23570,111,108,3,3
23571,56,66,-10,10
23572,62,60,2,2
23573,103,103,0,0
23574,144,151,-7,7
23575,101,99,2,2
23576,79,75,4,4
23577,102,96,6,6
23578,121,120,1,1
23579,140,141,-1,1
23580,135,136,-1,1
23581,80,75,5,5
23582,51,57,-6,6
23583,152,143,9,9
23584,94,96,-2,2
23585,52,38,14,14
23586,78,82,-4,4
23587,82,83,-1,1
23588,75,70,5,5
23589,117,118,-1,1
23590,136,132,4,4
23591,92,91,1,1
23592,55,49,6,6
23593,126,118,8,8
23594,55,57,-2,2
23595,43,39,4,4
23596,83,91,-8,8
23597,116,127,-11,11
23598,113,115,-2,2
23599,60,60,0,0
23600,100,102,-2,2
23601,100,109,-9,9
23602,113,113,0,0
23603,123,144,-21,21
23604,69,72,-3,3
23605,113,135,-22,22
23606,71,76,-5,5
23607,132,126,6,6
23608,151,155,-4,4
23609,57,57,0,0
23610,105,105,0,0
23611,188,168,20,20
23612,79,72,7,7
23613,151,153,-2,2
23614,137,140,-3,3
23615,42,39,3,3
23616,144,143,1,1
23617,41,39,2,2
23618,82,84,-2,2
23619,91,86,5,5
23620,65,67,-2,2
23621,65,64,1,1
23622,103,109,-6,6
23623,116,116,0,0
23624,149,154,-5,5
23625,202,196,6,6
23626,61,59,2,2
23627,78,78,0,0
23628,154,141,13,13
23629,87,91,-4,4
23630,93,87,6,6
23631,134,129,5,5
23632,116,123,-7,7
23633,124,132,-8,8
23634,148,148,0,0
23635,140,146,-6,6
23636,69,62,7,7
23637,107,107,0,0
23638,99,95,4,4
23639,137,130,7,7
23640,165,145,20,20
23641,102,95,7,7
23642,116,111,5,5
23643,95,79,16,16
23644,86,107,-21,21
23645,88,100,-12,12
23646,108,109,-1,1
23647,153,160,-7,7
23648,69,67,2,2
23649,76,73,3,3
23650,103,103,0,0
23651,79,93,-14,14
23652,129,117,12,12
23653,87,88,-1,1
23654,67,66,1,1
23655,81,83,-2,2
23656,118,116,2,2
23657,69,65,4,4
23658,63,69,-6,6
23659,77,74,3,3
23660,113,112,1,1
23661,143,146,-3,3
23662,57,59,-2,2
23663,86,88,-2,2
23664,36,64,-28,28
23665,128,109,19,19
23666,111,109,2,2
23667,68,70,-2,2
23668,60,66,-6,6
23669,90,88,2,2
23670,99,98,1,1
23671,80,75,5,5
23672,79,90,-11,11
23673,84,91,-7,7
23674,77,68,9,9
23675,132,132,0,0
23676,94,68,26,26
23677,95,100,-5,5
23678,67,65,2,2
23679,134,127,7,7
23680,148,153,-5,5
23681,92,90,2,2
23682,85,76,9,9
23683,69,79,-10,10
23684,107,118,-11,11
23685,113,131,-18,18
23686,49,51,-2,2
23687,31,39,-8,8
23688,72,78,-6,6
23689,135,138,-3,3
23690,126,119,7,7
23691,67,70,-3,3
23692,70,80,-10,10
23693,64,65,-1,1
23694,70,81,-11,11
23695,88,80,8,8
23696,66,70,-4,4
23697,80,92,-12,12
23698,82,96,-14,14
23699,85,90,-5,5
23700,128,130,-2,2
23701,116,118,-2,2
23702,74,64,10,10
23703,107,106,1,1
23704,74,72,2,2
23705,133,119,14,14
23706,91,88,3,3
23707,100,103,-3,3
23708,90,82,8,8
23709,41,38,3,3
23710,117,116,1,1
23711,91,95,-4,4
23712,108,124,-16,16
23713,61,65,-4,4
23714,201,198,3,3
23715,112,112,0,0
23716,62,59,3,3
23717,70,69,1,1
23718,79,78,1,1
23719,85,78,7,7
23720,138,130,8,8
23721,132,133,-1,1
23722,46,54,-8,8
23723,172,178,-6,6
23724,120,111,9,9
23725,120,116,4,4
23726,96,103,-7,7
23727,108,105,3,3
23728,125,130,-5,5
23729,72,80,-8,8
23730,110,99,11,11
23731,51,57,-6,6
23732,127,127,0,0
23733,109,114,-5,5
23734,70,67,3,3
23735,91,90,1,1
23736,53,62,-9,9
23737,195,199,-4,4
23738,63,70,-7,7
23739,97,104,-7,7
23740,109,105,4,4
23741,116,117,-1,1
23742,52,63,-11,11
23743,66,77,-11,11
23744,70,65,5,5
23745,143,149,-6,6
23746,61,99,-38,38
23747,105,95,10,10
23748,58,55,3,3
23749,141,145,-4,4
23750,64,59,5,5
23751,126,125,1,1
23752,154,155,-1,1
23753,103,95,8,8
23754,54,56,-2,2
23755,100,102,-2,2
23756,99,101,-2,2
23757,84,90,-6,6
23758,67,69,-2,2
23759,51,64,-13,13
23760,118,122,-4,4
23761,139,128,11,11
23762,83,86,-3,3
23763,127,130,-3,3
23764,98,94,4,4
23765,86,82,4,4
23766,53,53,0,0
23767,111,120,-9,9
23768,82,84,-2,2
23769,101,93,8,8
23770,79,81,-2,2
23771,82,90,-8,8
23772,101,91,10,10
23773,172,166,6,6
23774,49,55,-6,6
23775,144,140,4,4
23776,79,76,3,3
23777,71,76,-5,5
23778,109,112,-3,3
23779,97,95,2,2
23780,134,130,4,4
23781,139,164,-25,25
23782,103,99,4,4
23783,104,98,6,6
23784,45,52,-7,7
23785,124,136,-12,12
23786,77,83,-6,6
23787,92,93,-1,1
23788,54,55,-1,1
23789,96,98,-2,2
23790,77,70,7,7
23791,99,91,8,8
23792,46,51,-5,5
23793,128,128,0,0
23794,114,124,-10,10
23795,183,182,1,1
23796,74,75,-1,1
23797,152,142,10,10
23798,95,88,7,7
23799,84,70,14,14
23800,103,101,2,2
23801,118,114,4,4
23802,82,99,-17,17
23803,161,176,-15,15
23804,93,84,9,9
23805,91,85,6,6
23806,106,103,3,3
23807,91,86,5,5
23808,52,60,-8,8
23809,89,88,1,1
23810,80,85,-5,5
23811,112,121,-9,9
23812,69,63,6,6
23813,68,65,3,3
23814,219,212,7,7
23815,89,92,-3,3
23816,127,125,2,2
23817,84,92,-8,8
23818,85,83,2,2
23819,28,46,-18,18
23820,141,135,6,6
23821,92,98,-6,6
23822,130,126,4,4
23823,59,63,-4,4
23824,143,131,12,12
23825,145,137,8,8
23826,73,72,1,1
23827,177,183,-6,6
23828,169,159,10,10
23829,54,49,5,5
23830,128,117,11,11
23831,52,57,-5,5
23832,129,135,-6,6
23833,99,103,-4,4
23834,119,105,14,14
23835,75,80,-5,5
23836,119,114,5,5
23837,103,97,6,6
23838,130,131,-1,1
23839,119,114,5,5
23840,100,95,5,5
23841,159,169,-10,10
23842,75,69,6,6
23843,86,89,-3,3
23844,123,126,-3,3
23845,74,80,-6,6
23846,50,59,-9,9
23847,57,50,7,7
23848,50,54,-4,4
23849,71,75,-4,4
23850,96,95,1,1
23851,76,78,-2,2
23852,130,124,6,6
23853,62,71,-9,9
23854,92,86,6,6
23855,98,107,-9,9
23856,67,59,8,8
23857,231,219,12,12
23858,68,57,11,11
23859,59,55,4,4
23860,82,70,12,12
23861,67,74,-7,7
23862,88,82,6,6
23863,138,120,18,18
23864,81,67,14,14
23865,117,117,0,0
23866,67,70,-3,3
23867,57,61,-4,4
23868,53,52,1,1
23869,87,88,-1,1
23870,123,132,-9,9
23871,128,129,-1,1
23872,80,83,-3,3
23873,95,96,-1,1
23874,105,109,-4,4
23875,92,97,-5,5
23876,97,91,6,6
23877,96,102,-6,6
23878,114,105,9,9
23879,57,59,-2,2
23880,174,163,11,11
23881,98,95,3,3
23882,96,88,8,8
23883,34,52,-18,18
23884,53,54,-1,1
23885,70,68,2,2
23886,100,108,-8,8
23887,112,117,-5,5
23888,86,92,-6,6
23889,106,104,2,2
23890,75,77,-2,2
23891,97,113,-16,16
23892,93,97,-4,4
23893,105,85,20,20
23894,108,108,0,0
23895,137,147,-10,10
23896,99,106,-7,7
23897,71,69,2,2
23898,157,168,-11,11
23899,111,106,5,5
23900,102,93,9,9
23901,144,143,1,1
23902,86,83,3,3
23903,63,75,-12,12
23904,97,90,7,7
23905,30,38,-8,8
23906,77,78,-1,1
23907,111,107,4,4
23908,77,71,6,6
23909,41,38,3,3
23910,82,88,-6,6
23911,144,140,4,4
23912,117,115,2,2
23913,94,90,4,4
23914,58,53,5,5
23915,101,98,3,3
23916,105,95,10,10
23917,99,108,-9,9
23918,88,84,4,4
23919,69,79,-10,10
23920,67,59,8,8
23921,51,60,-9,9
23922,120,118,2,2
23923,60,64,-4,4
23924,90,87,3,3
23925,81,79,2,2
23926,163,177,-14,14
23927,142,135,7,7
23928,65,66,-1,1
23929,156,157,-1,1
23930,52,51,1,1
23931,74,65,9,9
23932,115,114,1,1
23933,126,136,-10,10
23934,48,39,9,9
23935,129,137,-8,8
23936,160,155,5,5
23937,110,122,-12,12
23938,121,129,-8,8
23939,97,95,2,2
23940,110,139,-29,29
23941,135,133,2,2
23942,153,159,-6,6
23943,103,127,-24,24
23944,103,100,3,3
23945,119,112,7,7
23946,76,85,-9,9
23947,195,212,-17,17
23948,57,58,-1,1
23949,59,69,-10,10
23950,146,151,-5,5
23951,91,80,11,11
23952,101,97,4,4
23953,240,215,25,25
23954,88,91,-3,3
23955,83,72,11,11
23956,77,79,-2,2
23957,82,95,-13,13
23958,82,96,-14,14
23959,119,111,8,8
23960,106,98,8,8
23961,101,110,-9,9
23962,78,84,-6,6
23963,82,79,3,3
23964,82,83,-1,1
23965,126,115,11,11
23966,87,97,-10,10
23967,96,96,0,0
23968,68,66,2,2
23969,100,95,5,5
23970,71,75,-4,4
23971,91,101,-10,10
23972,118,117,1,1
23973,93,97,-4,4
23974,87,89,-2,2
23975,75,81,-6,6
23976,64,61,3,3
23977,94,91,3,3
23978,45,51,-6,6
23979,97,87,10,10
23980,115,112,3,3
23981,84,81,3,3
23982,139,131,8,8
23983,155,168,-13,13
23984,65,66,-1,1
23985,72,75,-3,3
23986,65,68,-3,3
23987,45,38,7,7
23988,92,95,-3,3
23989,148,152,-4,4
23990,163,147,16,16
23991,80,71,9,9
23992,131,123,8,8
23993,74,80,-6,6
23994,62,63,-1,1
23995,65,61,4,4
23996,110,98,12,12
23997,119,93,26,26
23998,110,108,2,2
23999,89,96,-7,7
24000,104,117,-13,13
24001,110,121,-11,11
24002,83,77,6,6
24003,134,136,-2,2
24004,110,116,-6,6
24005,74,85,-11,11
24006,152,156,-4,4
24007,103,104,-1,1
24008,47,49,-2,2
24009,104,100,4,4
24010,59,62,-3,3
24011,76,63,13,13
24012,82,88,-6,6
24013,100,103,-3,3
24014,127,128,-1,1
24015,70,64,6,6
24016,71,76,-5,5
24017,83,95,-12,12
24018,80,83,-3,3
24019,102,104,-2,2
24020,70,80,-10,10
24021,89,87,2,2
24022,75,75,0,0
24023,104,101,3,3
24024,84,70,14,14
24025,56,59,-3,3
24026,55,61,-6,6
24027,141,160,-19,19
24028,82,86,-4,4
24029,182,175,7,7
24030,154,159,-5,5
24031,86,87,-1,1
24032,78,78,0,0
24033,91,92,-1,1
24034,115,119,-4,4
24035,112,120,-8,8
24036,98,119,-21,21
24037,83,78,5,5
24038,58,58,0,0
24039,72,69,3,3
24040,46,67,-21,21
24041,54,55,-1,1
24042,99,100,-1,1
24043,100,129,-29,29
24044,114,117,-3,3
24045,56,52,4,4
24046,49,54,-5,5
24047,63,57,6,6
24048,63,61,2,2
24049,72,71,1,1
24050,97,97,0,0
24051,59,62,-3,3
24052,123,131,-8,8
24053,109,111,-2,2
24054,108,107,1,1
24055,95,103,-8,8
24056,94,90,4,4
24057,59,62,-3,3
24058,80,85,-5,5
24059,140,141,-1,1
24060,102,104,-2,2
24061,65,68,-3,3
24062,117,114,3,3
24063,63,55,8,8
24064,77,87,-10,10
24065,137,98,39,39
24066,114,116,-2,2
24067,78,68,10,10
24068,45,40,5,5
24069,84,91,-7,7
24070,96,110,-14,14
24071,62,64,-2,2
24072,67,74,-7,7
24073,178,165,13,13
24074,78,89,-11,11
24075,112,111,1,1
24076,99,83,16,16
24077,94,102,-8,8
24078,86,73,13,13
24079,116,111,5,5
24080,64,59,5,5
24081,51,50,1,1
24082,176,154,22,22
24083,120,110,10,10
24084,121,106,15,15
24085,84,83,1,1
24086,108,109,-1,1
24087,97,99,-2,2
24088,91,93,-2,2
24089,117,122,-5,5
24090,102,87,15,15
24091,53,50,3,3
24092,82,78,4,4
24093,63,64,-1,1
24094,50,88,-38,38
24095,121,114,7,7
24096,33,38,-5,5
24097,75,72,3,3
24098,98,101,-3,3
24099,95,92,3,3
24100,94,91,3,3
24101,43,43,0,0
24102,88,101,-13,13
24103,72,73,-1,1
24104,118,112,6,6
24105,76,84,-8,8
24106,58,56,2,2
24107,104,85,19,19
24108,115,114,1,1
24109,63,55,8,8
24110,105,110,-5,5
24111,59,57,2,2
24112,58,57,1,1
24113,146,140,6,6
24114,82,85,-3,3
24115,114,125,-11,11
24116,95,91,4,4
24117,46,52,-6,6
24118,122,111,11,11
24119,78,82,-4,4
24120,97,94,3,3
24121,111,112,-1,1
24122,161,152,9,9
24123,157,166,-9,9
24124,90,96,-6,6
24125,69,65,4,4
24126,78,74,4,4
24127,111,106,5,5
24128,56,54,2,2
24129,83,69,14,14
24130,186,181,5,5
24131,76,82,-6,6
24132,76,82,-6,6
24133,136,140,-4,4
24134,87,86,1,1
24135,87,80,7,7
24136,72,72,0,0
24137,64,75,-11,11
24138,162,167,-5,5
24139,59,61,-2,2
24140,77,72,5,5
24141,58,58,0,0
24142,65,59,6,6
24143,103,93,10,10
24144,74,71,3,3
24145,83,71,12,12
24146,62,59,3,3
24147,115,104,11,11
24148,88,94,-6,6
24149,79,85,-6,6
24150,102,101,1,1
24151,76,73,3,3
24152,72,73,-1,1
24153,127,134,-7,7
24154,57,58,-1,1
24155,123,128,-5,5
24156,108,106,2,2
24157,179,168,11,11
24158,56,83,-27,27
24159,129,140,-11,11
24160,76,83,-7,7
24161,160,140,20,20
24162,108,99,9,9
24163,65,68,-3,3
24164,80,74,6,6
24165,68,81,-13,13
24166,125,159,-34,34
24167,55,56,-1,1
24168,101,110,-9,9
24169,102,99,3,3
24170,151,158,-7,7
24171,98,128,-30,30
24172,72,84,-12,12
24173,124,124,0,0
24174,113,110,3,3
24175,84,75,9,9
24176,51,55,-4,4
24177,73,72,1,1
24178,58,39,19,19
24179,103,102,1,1
24180,89,77,12,12
24181,103,111,-8,8
24182,122,125,-3,3
24183,62,61,1,1
24184,152,144,8,8
24185,49,51,-2,2
24186,76,78,-2,2
24187,107,105,2,2
24188,63,83,-20,20
24189,132,132,0,0
24190,167,112,55,55
24191,105,100,5,5
24192,160,166,-6,6
24193,86,86,0,0
24194,105,99,6,6
24195,88,90,-2,2
24196,102,98,4,4
24197,102,118,-16,16
24198,101,115,-14,14
24199,48,52,-4,4
24200,131,135,-4,4
24201,45,39,6,6
24202,100,102,-2,2
24203,77,74,3,3
24204,131,142,-11,11
24205,106,107,-1,1
24206,115,112,3,3
24207,140,131,9,9
24208,111,117,-6,6
24209,100,106,-6,6
24210,55,58,-3,3
24211,80,74,6,6
24212,98,103,-5,5
24213,61,54,7,7
24214,106,102,4,4
24215,91,95,-4,4
24216,96,92,4,4
24217,88,87,1,1
24218,79,84,-5,5
24219,108,123,-15,15
24220,108,114,-6,6
24221,137,122,15,15
24222,110,106,4,4
24223,67,66,1,1
24224,81,78,3,3
24225,74,75,-1,1
24226,95,103,-8,8
24227,36,39,-3,3
24228,96,97,-1,1
24229,80,87,-7,7
24230,86,78,8,8
24231,145,160,-15,15
24232,163,170,-7,7
24233,57,53,4,4
24234,91,100,-9,9
24235,100,107,-7,7
24236,55,53,2,2
24237,118,114,4,4
24238,183,190,-7,7
24239,79,87,-8,8
24240,82,68,14,14
24241,107,107,0,0
24242,47,48,-1,1
24243,103,110,-7,7
24244,78,73,5,5
24245,114,118,-4,4
24246,127,123,4,4
24247,65,67,-2,2
24248,149,161,-12,12
24249,72,67,5,5
24250,75,76,-1,1
24251,99,101,-2,2
24252,91,92,-1,1
24253,50,59,-9,9
24254,116,114,2,2
24255,150,134,16,16
24256,136,144,-8,8
24257,145,108,37,37
24258,64,68,-4,4
24259,81,81,0,0
24260,76,67,9,9
24261,91,82,9,9
24262,64,58,6,6
24263,52,54,-2,2
24264,85,89,-4,4
24265,93,97,-4,4
24266,80,89,-9,9
24267,84,90,-6,6
24268,71,67,4,4
24269,73,68,5,5
24270,54,63,-9,9
24271,87,81,6,6
24272,88,97,-9,9
24273,50,56,-6,6
24274,122,116,6,6
24275,98,98,0,0
24276,82,75,7,7
24277,173,164,9,9
24278,78,77,1,1
24279,106,97,9,9
24280,103,113,-10,10
24281,78,71,7,7
24282,57,60,-3,3
24283,125,137,-12,12
24284,103,110,-7,7
24285,100,101,-1,1
24286,78,83,-5,5
24287,122,113,9,9
24288,122,135,-13,13
24289,135,125,10,10
24290,110,96,14,14
24291,174,162,12,12
24292,54,55,-1,1
24293,43,41,2,2
24294,82,78,4,4
24295,91,87,4,4
24296,104,96,8,8
24297,148,146,2,2
24298,30,38,-8,8
24299,115,112,3,3
24300,122,117,5,5
24301,126,120,6,6
24302,68,77,-9,9
24303,119,102,17,17
24304,124,134,-10,10
24305,81,70,11,11
24306,74,69,5,5
24307,75,76,-1,1
24308,57,62,-5,5
24309,92,82,10,10
24310,79,72,7,7
24311,118,127,-9,9
24312,62,64,-2,2
24313,86,78,8,8
24314,57,50,7,7
24315,93,105,-12,12
24316,111,100,11,11
24317,77,80,-3,3
24318,66,73,-7,7
24319,142,110,32,32
24320,117,107,10,10
24321,48,51,-3,3
24322,195,186,9,9
24323,100,101,-1,1
24324,103,88,15,15
24325,59,67,-8,8
24326,76,74,2,2
24327,108,110,-2,2
24328,127,130,-3,3
24329,91,79,12,12
24330,67,71,-4,4
24331,157,154,3,3
24332,120,134,-14,14
24333,79,80,-1,1
24334,95,97,-2,2
24335,103,105,-2,2
24336,126,120,6,6
24337,73,96,-23,23
24338,53,61,-8,8
24339,126,128,-2,2
24340,78,71,7,7
24341,128,132,-4,4
24342,51,54,-3,3
24343,76,74,2,2
24344,130,135,-5,5
24345,87,91,-4,4
24346,76,84,-8,8
24347,71,66,5,5
24348,115,116,-1,1
24349,119,119,0,0
24350,75,74,1,1
24351,75,84,-9,9
24352,93,87,6,6
24353,128,139,-11,11
24354,127,159,-32,32
24355,94,95,-1,1
24356,133,127,6,6
24357,53,49,4,4
24358,146,139,7,7
24359,117,134,-17,17
24360,74,72,2,2
24361,126,124,2,2
24362,41,49,-8,8
24363,143,147,-4,4
24364,90,90,0,0
24365,73,79,-6,6
24366,156,157,-1,1
24367,72,68,4,4
24368,59,56,3,3
24369,27,37,-10,10
24370,93,97,-4,4
24371,87,93,-6,6
24372,44,53,-9,9
24373,182,191,-9,9
24374,90,92,-2,2
24375,170,169,1,1
24376,128,131,-3,3
24377,102,93,9,9
24378,99,98,1,1
24379,106,101,5,5
24380,86,83,3,3
24381,127,116,11,11
24382,99,89,10,10
24383,101,103,-2,2
24384,155,150,5,5
24385,184,167,17,17
24386,98,97,1,1
24387,95,95,0,0
24388,108,137,-29,29
24389,103,108,-5,5
24390,147,148,-1,1
24391,100,95,5,5
24392,76,97,-21,21
24393,308,249,59,59
24394,71,74,-3,3
24395,80,83,-3,3
24396,88,83,5,5
24397,92,104,-12,12
24398,105,111,-6,6
24399,63,69,-6,6
24400,89,84,5,5
24401,77,89,-12,12
24402,94,96,-2,2
24403,72,86,-14,14
24404,65,60,5,5
24405,132,124,8,8
24406,90,89,1,1
24407,83,82,1,1
24408,35,72,-37,37
24409,163,162,1,1
24410,73,69,4,4
24411,117,120,-3,3
24412,87,84,3,3
24413,70,76,-6,6
24414,189,185,4,4
24415,81,80,1,1
24416,59,67,-8,8
24417,110,119,-9,9
24418,103,111,-8,8
24419,89,94,-5,5
24420,90,81,9,9
24421,475,399,76,76
24422,66,60,6,6
24423,97,100,-3,3
24424,89,81,8,8
24425,106,105,1,1
24426,81,79,2,2
24427,143,145,-2,2
24428,113,113,0,0
24429,83,87,-4,4
24430,276,277,-1,1
24431,88,85,3,3
24432,91,98,-7,7
24433,179,163,16,16
24434,175,137,38,38
24435,86,87,-1,1
24436,60,59,1,1
24437,86,87,-1,1
24438,104,99,5,5
24439,144,143,1,1
24440,93,92,1,1
24441,98,99,-1,1
24442,59,66,-7,7
24443,112,153,-41,41
24444,98,112,-14,14
24445,60,59,1,1
24446,72,67,5,5
24447,42,50,-8,8
24448,57,54,3,3
24449,138,130,8,8
24450,99,95,4,4
24451,134,139,-5,5
24452,96,83,13,13
24453,101,98,3,3
24454,88,105,-17,17
24455,79,86,-7,7
24456,61,56,5,5
24457,77,65,12,12
24458,119,119,0,0
24459,124,116,8,8
24460,77,82,-5,5
24461,81,86,-5,5
24462,70,69,1,1
24463,120,134,-14,14
24464,90,99,-9,9
24465,88,95,-7,7
24466,49,40,9,9
24467,70,68,2,2
24468,90,88,2,2
24469,70,63,7,7
24470,119,109,10,10
24471,99,101,-2,2
24472,79,86,-7,7
24473,112,112,0,0
24474,63,67,-4,4
24475,40,45,-5,5
24476,145,141,4,4
24477,82,77,5,5
24478,87,86,1,1
24479,75,69,6,6
24480,71,68,3,3
24481,84,81,3,3
24482,85,79,6,6
24483,101,96,5,5
24484,111,99,12,12
24485,90,92,-2,2
24486,63,62,1,1
24487,174,187,-13,13
24488,106,107,-1,1
24489,64,70,-6,6
24490,33,39,-6,6
24491,100,112,-12,12
24492,185,169,16,16
24493,68,66,2,2
24494,29,38,-9,9
24495,45,51,-6,6
24496,58,60,-2,2
24497,120,112,8,8
24498,124,114,10,10
24499,70,65,5,5
24500,104,111,-7,7
24501,101,98,3,3
24502,92,94,-2,2
24503,81,78,3,3
24504,59,59,0,0
24505,84,85,-1,1
24506,67,71,-4,4
24507,105,98,7,7
24508,81,82,-1,1
24509,56,59,-3,3
24510,115,119,-4,4
24511,117,112,5,5
24512,95,90,5,5
24513,134,126,8,8
24514,89,93,-4,4
24515,136,138,-2,2
24516,100,102,-2,2
24517,95,113,-18,18
24518,73,76,-3,3
24519,58,66,-8,8
24520,157,150,7,7
24521,77,73,4,4
24522,54,39,15,15
24523,90,103,-13,13
24524,85,91,-6,6
24525,71,72,-1,1
24526,73,71,2,2
24527,87,89,-2,2
24528,57,61,-4,4
24529,64,63,1,1
24530,72,69,3,3
24531,184,166,18,18
24532,152,125,27,27
24533,88,89,-1,1
24534,90,87,3,3
24535,96,105,-9,9
24536,117,106,11,11
24537,65,60,5,5
24538,101,94,7,7
24539,130,139,-9,9
24540,189,176,13,13
24541,80,86,-6,6
24542,72,71,1,1
24543,99,103,-4,4
24544,131,129,2,2
24545,120,131,-11,11
24546,64,65,-1,1
24547,59,48,11,11
24548,69,70,-1,1
24549,44,52,-8,8
24550,85,96,-11,11
24551,51,68,-17,17
24552,70,74,-4,4
24553,61,68,-7,7
24554,110,126,-16,16
24555,69,73,-4,4
24556,56,56,0,0
24557,125,144,-19,19
24558,91,86,5,5
24559,53,63,-10,10
24560,91,96,-5,5
24561,42,38,4,4
24562,85,88,-3,3
24563,33,38,-5,5
24564,94,83,11,11
24565,143,143,0,0
24566,72,63,9,9
24567,85,85,0,0
24568,132,139,-7,7
24569,103,97,6,6
24570,131,114,17,17
24571,72,72,0,0
24572,109,113,-4,4
24573,104,105,-1,1
24574,128,125,3,3
24575,147,144,3,3
24576,90,89,1,1
24577,44,51,-7,7
24578,84,89,-5,5
24579,129,138,-9,9
24580,76,92,-16,16
24581,82,93,-11,11
24582,155,136,19,19
24583,141,130,11,11
24584,110,124,-14,14
24585,117,126,-9,9
24586,112,115,-3,3
24587,109,117,-8,8
24588,63,54,9,9
24589,68,66,2,2
24590,140,136,4,4
24591,42,50,-8,8
24592,97,108,-11,11
24593,73,68,5,5
24594,49,38,11,11
24595,163,143,20,20
24596,116,119,-3,3
24597,98,111,-13,13
24598,97,98,-1,1
24599,76,77,-1,1
24600,84,85,-1,1
24601,52,38,14,14
24602,134,131,3,3
24603,62,56,6,6
24604,123,129,-6,6
24605,55,53,2,2
24606,80,86,-6,6
24607,77,77,0,0
24608,121,136,-15,15
24609,45,52,-7,7
24610,66,66,0,0
24611,59,57,2,2
24612,45,51,-6,6
24613,63,62,1,1
24614,65,78,-13,13
24615,95,93,2,2
24616,84,80,4,4
24617,110,130,-20,20
24618,83,85,-2,2
24619,133,117,16,16
24620,111,108,3,3
24621,69,70,-1,1
24622,43,39,4,4
24623,97,102,-5,5
24624,78,91,-13,13
24625,75,76,-1,1
24626,130,123,7,7
24627,73,75,-2,2
24628,156,149,7,7
24629,110,96,14,14
24630,132,134,-2,2
24631,108,113,-5,5
24632,97,102,-5,5
24633,139,137,2,2
24634,88,85,3,3
24635,136,127,9,9
24636,115,110,5,5
24637,141,135,6,6
24638,125,124,1,1
24639,114,112,2,2
24640,127,125,2,2
24641,87,90,-3,3
24642,126,128,-2,2
24643,83,93,-10,10
24644,68,62,6,6
24645,100,97,3,3
24646,67,71,-4,4
24647,79,73,6,6
24648,123,118,5,5
24649,49,44,5,5
24650,73,96,-23,23
24651,105,99,6,6
24652,86,86,0,0
24653,78,87,-9,9
24654,97,95,2,2
24655,95,104,-9,9
24656,46,52,-6,6
24657,105,110,-5,5
24658,157,151,6,6
24659,97,112,-15,15
24660,130,124,6,6
24661,114,130,-16,16
24662,56,59,-3,3
24663,37,38,-1,1
24664,133,134,-1,1
24665,80,99,-19,19
24666,56,55,1,1
24667,64,62,2,2
24668,78,82,-4,4
24669,96,91,5,5
24670,90,86,4,4
24671,126,117,9,9
24672,85,89,-4,4
24673,60,54,6,6
24674,92,88,4,4
24675,105,105,0,0
24676,92,95,-3,3
24677,85,84,1,1
24678,187,171,16,16
24679,108,121,-13,13
24680,64,58,6,6
24681,99,95,4,4
24682,92,93,-1,1
24683,111,113,-2,2
24684,83,76,7,7
24685,92,87,5,5
24686,68,59,9,9
24687,158,144,14,14
24688,54,55,-1,1
24689,86,76,10,10
24690,94,93,1,1
24691,102,104,-2,2
24692,55,54,1,1
24693,52,61,-9,9
24694,69,75,-6,6
24695,97,94,3,3
24696,59,64,-5,5
24697,86,87,-1,1
24698,104,109,-5,5
24699,119,131,-12,12
24700,124,110,14,14
24701,99,101,-2,2
24702,94,92,2,2
24703,129,137,-8,8
24704,134,119,15,15
24705,58,69,-11,11
24706,131,122,9,9
24707,100,93,7,7
24708,97,90,7,7
24709,75,67,8,8
24710,133,134,-1,1
24711,87,81,6,6
24712,76,75,1,1
24713,55,55,0,0
24714,167,172,-5,5
24715,108,116,-8,8
24716,64,64,0,0
24717,56,65,-9,9
24718,49,70,-21,21
24719,55,50,5,5
24720,80,96,-16,16
24721,55,55,0,0
24722,169,165,4,4
24723,156,156,0,0
24724,102,96,6,6
24725,94,90,4,4
24726,92,91,1,1
24727,116,131,-15,15
24728,120,125,-5,5
24729,107,107,0,0
24730,113,113,0,0
24731,75,78,-3,3
24732,67,59,8,8
24733,98,92,6,6
24734,193,181,12,12
24735,165,170,-5,5
24736,92,81,11,11
24737,53,52,1,1
24738,82,92,-10,10
24739,113,125,-12,12
24740,89,97,-8,8
24741,93,88,5,5
24742,94,93,1,1
24743,87,85,2,2
24744,145,130,15,15
24745,142,135,7,7
24746,115,112,3,3
24747,82,88,-6,6
24748,87,93,-6,6
24749,74,69,5,5
24750,61,74,-13,13
24751,125,120,5,5
24752,74,72,2,2
24753,129,126,3,3
24754,88,83,5,5
24755,93,97,-4,4
24756,83,84,-1,1
24757,123,118,5,5
24758,103,102,1,1
24759,136,141,-5,5
24760,88,88,0,0
24761,94,92,2,2
24762,71,74,-3,3
24763,80,88,-8,8
24764,73,75,-2,2
24765,90,84,6,6
24766,81,79,2,2
24767,85,93,-8,8
24768,48,55,-7,7
24769,122,135,-13,13
24770,120,120,0,0
24771,100,106,-6,6
24772,123,116,7,7
24773,154,142,12,12
24774,49,58,-9,9
24775,110,97,13,13
24776,90,94,-4,4
24777,103,100,3,3
24778,69,78,-9,9
24779,113,106,7,7
24780,102,104,-2,2
24781,80,110,-30,30
24782,45,48,-3,3
24783,154,152,2,2
24784,116,108,8,8
24785,125,119,6,6
24786,182,167,15,15
24787,68,62,6,6
24788,82,69,13,13
24789,78,79,-1,1
24790,60,74,-14,14
24791,119,112,7,7
24792,76,77,-1,1
24793,102,101,1,1
24794,94,113,-19,19
24795,76,82,-6,6
24796,52,51,1,1
24797,82,74,8,8
24798,117,120,-3,3
24799,110,107,3,3
24800,165,156,9,9
24801,79,69,10,10
24802,132,127,5,5
24803,118,112,6,6
24804,95,90,5,5
24805,74,79,-5,5
24806,52,77,-25,25
24807,104,112,-8,8
24808,103,130,-27,27
24809,119,118,1,1
24810,99,101,-2,2
24811,141,135,6,6
24812,62,57,5,5
24813,95,96,-1,1
24814,115,114,1,1
24815,97,108,-11,11
24816,46,65,-19,19
24817,122,131,-9,9
24818,121,124,-3,3
24819,102,108,-6,6
24820,148,144,4,4
24821,71,66,5,5
24822,114,102,12,12
24823,126,124,2,2
24824,84,81,3,3
24825,83,82,1,1
24826,101,86,15,15
24827,98,96,2,2
24828,121,113,8,8
24829,84,93,-9,9
24830,56,64,-8,8
24831,90,76,14,14
24832,85,81,4,4
24833,87,85,2,2
24834,113,118,-5,5
24835,140,141,-1,1
24836,116,116,0,0
24837,120,131,-11,11
24838,82,78,4,4
24839,150,144,6,6
24840,89,87,2,2
24841,72,70,2,2
24842,106,109,-3,3
24843,66,74,-8,8
24844,67,67,0,0
24845,78,73,5,5
24846,118,114,4,4
24847,83,97,-14,14
24848,133,146,-13,13
24849,127,128,-1,1
24850,178,172,6,6
24851,70,67,3,3
24852,50,51,-1,1
24853,121,114,7,7
24854,127,125,2,2
24855,62,53,9,9
24856,74,73,1,1
24857,79,79,0,0
24858,95,93,2,2
24859,103,110,-7,7
24860,113,103,10,10
24861,58,74,-16,16
24862,162,127,35,35
24863,43,39,4,4
24864,73,67,6,6
24865,60,60,0,0
24866,134,128,6,6
24867,66,68,-2,2
24868,42,58,-16,16
24869,89,86,3,3
24870,82,70,12,12
24871,133,131,2,2
24872,28,39,-11,11
24873,120,109,11,11
24874,60,57,3,3
24875,59,65,-6,6
24876,54,54,0,0
24877,81,87,-6,6
24878,102,100,2,2
24879,47,51,-4,4
24880,90,80,10,10
24881,123,112,11,11
24882,83,82,1,1
24883,92,109,-17,17
24884,105,104,1,1
24885,108,93,15,15
24886,114,126,-12,12
24887,57,59,-2,2
24888,67,65,2,2
24889,85,92,-7,7
24890,68,69,-1,1
24891,55,54,1,1
24892,93,87,6,6
24893,61,63,-2,2
24894,61,59,2,2
24895,87,87,0,0
24896,85,85,0,0
24897,88,91,-3,3
24898,57,55,2,2
24899,65,66,-1,1
24900,58,59,-1,1
24901,118,117,1,1
24902,94,98,-4,4
24903,164,166,-2,2
24904,74,76,-2,2
24905,106,158,-52,52
24906,97,115,-18,18
24907,117,116,1,1
24908,123,125,-2,2
24909,72,82,-10,10
24910,73,66,7,7
24911,105,152,-47,47
24912,53,56,-3,3
24913,63,66,-3,3
24914,85,82,3,3
24915,136,147,-11,11
24916,113,104,9,9
24917,92,105,-13,13
24918,97,100,-3,3
24919,95,108,-13,13
24920,106,104,2,2
24921,167,167,0,0
24922,121,134,-13,13
24923,42,38,4,4
24924,80,88,-8,8
24925,48,62,-14,14
24926,116,116,0,0
24927,117,116,1,1
24928,67,64,3,3
24929,69,67,2,2
24930,114,104,10,10
24931,134,124,10,10
24932,91,85,6,6
24933,88,84,4,4
24934,130,132,-2,2
24935,187,189,-2,2
24936,99,103,-4,4
24937,95,105,-10,10
24938,151,151,0,0
24939,97,98,-1,1
24940,66,64,2,2
24941,39,39,0,0
24942,114,116,-2,2
24943,124,118,6,6
24944,109,110,-1,1
24945,92,110,-18,18
24946,50,52,-2,2
24947,139,134,5,5
24948,116,120,-4,4
24949,79,75,4,4
24950,69,87,-18,18
24951,95,100,-5,5
24952,112,117,-5,5
24953,57,64,-7,7
24954,57,59,-2,2
24955,112,123,-11,11
24956,77,84,-7,7
24957,79,87,-8,8
24958,115,113,2,2
24959,52,57,-5,5
24960,121,107,14,14
24961,93,96,-3,3
24962,51,40,11,11
24963,71,67,4,4
24964,126,130,-4,4
24965,149,143,6,6
24966,91,111,-20,20
24967,142,142,0,0
24968,55,64,-9,9
24969,110,111,-1,1
24970,197,203,-6,6
24971,85,83,2,2
24972,115,112,3,3
24973,111,104,7,7
24974,136,126,10,10
24975,57,58,-1,1
24976,100,89,11,11
24977,121,116,5,5
24978,105,99,6,6
24979,145,156,-11,11
24980,93,90,3,3
24981,104,106,-2,2
24982,104,97,7,7
24983,89,83,6,6
24984,82,77,5,5
24985,137,127,10,10
24986,112,103,9,9
24987,99,91,8,8
24988,94,96,-2,2
24989,140,135,5,5
24990,75,82,-7,7
24991,114,116,-2,2
24992,71,69,2,2
24993,155,139,16,16
24994,71,71,0,0
24995,61,58,3,3
24996,84,94,-10,10
24997,75,72,3,3
24998,128,141,-13,13
24999,247,248,-1,1
25000,101,108,-7,7
25001,113,102,11,11
25002,116,117,-1,1
25003,112,111,1,1
25004,83,87,-4,4
25005,52,55,-3,3
25006,73,60,13,13
25007,43,53,-10,10
25008,96,99,-3,3
25009,49,59,-10,10
25010,57,63,-6,6
25011,104,125,-21,21
25012,86,86,0,0
25013,66,67,-1,1
25014,69,81,-12,12
25015,92,98,-6,6
25016,120,122,-2,2
25017,124,130,-6,6
25018,109,106,3,3
25019,90,103,-13,13
25020,88,90,-2,2
25021,60,58,2,2
25022,100,105,-5,5
25023,171,210,-39,39
25024,55,59,-4,4
25025,143,144,-1,1
25026,104,102,2,2
25027,120,124,-4,4
25028,132,128,4,4
25029,142,147,-5,5
25030,68,65,3,3
25031,74,70,4,4
25032,107,102,5,5
25033,82,78,4,4
25034,48,52,-4,4
25035,83,77,6,6
25036,66,65,1,1
25037,90,91,-1,1
25038,114,120,-6,6
25039,123,108,15,15
25040,140,129,11,11
25041,71,64,7,7
25042,112,109,3,3
25043,175,188,-13,13
25044,148,136,12,12
25045,87,82,5,5
25046,156,160,-4,4
25047,44,39,5,5
25048,105,104,1,1
25049,120,127,-7,7
25050,65,63,2,2
25051,120,123,-3,3
25052,69,65,4,4
25053,91,101,-10,10
25054,135,119,16,16
25055,133,137,-4,4
25056,81,84,-3,3
25057,74,66,8,8
25058,144,152,-8,8
25059,146,146,0,0
25060,95,86,9,9
25061,223,196,27,27
25062,126,109,17,17
25063,49,50,-1,1
25064,102,103,-1,1
25065,116,111,5,5
25066,60,60,0,0
25067,154,154,0,0
25068,134,120,14,14
25069,100,101,-1,1
25070,76,69,7,7
25071,74,71,3,3
25072,77,67,10,10
25073,88,91,-3,3
25074,76,85,-9,9
25075,81,82,-1,1
25076,165,163,2,2
25077,108,111,-3,3
25078,53,35,18,18
25079,59,62,-3,3
25080,85,106,-21,21
25081,98,98,0,0
25082,58,57,1,1
25083,105,107,-2,2
25084,148,142,6,6
25085,159,141,18,18
25086,163,169,-6,6
25087,102,99,3,3
25088,71,84,-13,13
25089,156,150,6,6
25090,97,92,5,5
25091,97,92,5,5
25092,72,71,1,1
25093,83,112,-29,29
25094,81,62,19,19
25095,103,101,2,2
25096,95,96,-1,1
25097,82,96,-14,14
25098,121,119,2,2
25099,78,83,-5,5
25100,98,96,2,2
25101,145,150,-5,5
25102,122,122,0,0
25103,123,116,7,7
25104,76,72,4,4
25105,195,185,10,10
25106,48,39,9,9
25107,59,69,-10,10
25108,73,73,0,0
25109,73,75,-2,2
25110,63,57,6,6
25111,178,157,21,21
25112,69,67,2,2
25113,96,96,0,0
25114,67,65,2,2
25115,46,39,7,7
25116,88,89,-1,1
25117,47,48,-1,1
25118,45,38,7,7
25119,47,39,8,8
25120,123,121,2,2
25121,124,122,2,2
25122,167,164,3,3
25123,136,129,7,7
25124,72,76,-4,4
25125,109,110,-1,1
25126,74,76,-2,2
25127,80,78,2,2
25128,126,126,0,0
25129,119,113,6,6
25130,60,62,-2,2
25131,98,101,-3,3
25132,128,117,11,11
25133,96,91,5,5
25134,109,107,2,2
25135,135,131,4,4
25136,86,78,8,8
25137,125,124,1,1
25138,71,79,-8,8
25139,137,136,1,1
25140,86,91,-5,5
25141,150,162,-12,12
25142,83,93,-10,10
25143,57,57,0,0
25144,87,89,-2,2
25145,58,75,-17,17
25146,74,85,-11,11
25147,168,151,17,17
25148,145,134,11,11
25149,65,64,1,1
25150,76,78,-2,2
25151,114,116,-2,2
25152,151,160,-9,9
25153,146,165,-19,19
25154,65,68,-3,3
25155,77,91,-14,14
25156,165,153,12,12
25157,89,110,-21,21
25158,107,104,3,3
25159,96,116,-20,20
25160,115,119,-4,4
25161,74,67,7,7
25162,160,161,-1,1
25163,82,85,-3,3
25164,80,75,5,5
25165,94,100,-6,6
25166,97,98,-1,1
25167,48,66,-18,18
25168,79,67,12,12
25169,16,38,-22,22
25170,100,101,-1,1
25171,51,73,-22,22
25172,86,84,2,2
25173,108,114,-6,6
25174,46,39,7,7
25175,55,48,7,7
25176,112,125,-13,13
25177,84,83,1,1
25178,100,101,-1,1
25179,150,141,9,9
25180,138,137,1,1
25181,92,90,2,2
25182,66,66,0,0
25183,103,102,1,1
25184,96,96,0,0
25185,148,157,-9,9
25186,81,80,1,1
25187,45,68,-23,23
25188,126,125,1,1
25189,168,166,2,2
25190,76,78,-2,2
25191,134,145,-11,11
25192,83,86,-3,3
25193,118,115,3,3
25194,117,110,7,7
25195,100,108,-8,8
25196,96,100,-4,4
25197,122,119,3,3
25198,76,85,-9,9
25199,96,109,-13,13
25200,103,98,5,5
25201,70,71,-1,1
25202,209,193,16,16
25203,75,76,-1,1
25204,54,70,-16,16
25205,111,117,-6,6
25206,70,65,5,5
25207,100,103,-3,3
25208,108,102,6,6
25209,56,63,-7,7
25210,172,190,-18,18
25211,67,67,0,0
25212,118,105,13,13
25213,47,52,-5,5
25214,69,67,2,2
25215,85,92,-7,7
25216,63,58,5,5
25217,267,241,26,26
25218,101,99,2,2
25219,126,117,9,9
25220,99,103,-4,4
25221,124,134,-10,10
25222,145,133,12,12
25223,83,78,5,5
25224,96,89,7,7
25225,149,177,-28,28
25226,65,64,1,1
25227,83,76,7,7
25228,51,52,-1,1
25229,73,87,-14,14
25230,164,154,10,10
25231,76,83,-7,7
25232,86,85,1,1
25233,128,113,15,15
25234,126,113,13,13
25235,75,75,0,0
25236,85,85,0,0
25237,59,54,5,5
25238,80,73,7,7
25239,115,109,6,6
25240,96,93,3,3
25241,57,60,-3,3
25242,78,72,6,6
25243,92,88,4,4
25244,114,114,0,0
25245,97,87,10,10
25246,67,76,-9,9
25247,68,87,-19,19
25248,88,89,-1,1
25249,58,59,-1,1
25250,86,94,-8,8
25251,81,80,1,1
25252,80,83,-3,3
25253,107,115,-8,8
25254,65,66,-1,1
25255,77,73,4,4
25256,30,38,-8,8
25257,81,80,1,1
25258,91,100,-9,9
25259,62,68,-6,6
25260,78,89,-11,11
25261,103,100,3,3
25262,113,110,3,3
25263,121,117,4,4
25264,75,71,4,4
25265,113,115,-2,2
25266,52,57,-5,5
25267,93,102,-9,9
25268,51,60,-9,9
25269,128,120,8,8
25270,86,73,13,13
25271,107,108,-1,1
25272,105,106,-1,1
25273,195,198,-3,3
25274,64,58,6,6
25275,56,69,-13,13
25276,38,86,-48,48
25277,111,133,-22,22
25278,72,76,-4,4
25279,103,102,1,1
25280,93,90,3,3
25281,90,98,-8,8
25282,64,75,-11,11
25283,142,134,8,8
25284,96,95,1,1
25285,85,87,-2,2
25286,99,100,-1,1
25287,52,53,-1,1
25288,117,140,-23,23
25289,76,76,0,0
25290,80,75,5,5
25291,99,91,8,8
25292,103,100,3,3
25293,60,65,-5,5
25294,96,99,-3,3
25295,112,116,-4,4
25296,77,69,8,8
25297,126,115,11,11
25298,125,128,-3,3
25299,132,138,-6,6
25300,79,87,-8,8
25301,106,109,-3,3
25302,35,38,-3,3
25303,85,75,10,10
25304,63,60,3,3
25305,65,74,-9,9
25306,23,53,-30,30
25307,73,74,-1,1
25308,103,108,-5,5
25309,79,78,1,1
25310,81,86,-5,5
25311,54,52,2,2
25312,77,78,-1,1
25313,90,88,2,2
25314,92,93,-1,1
25315,54,57,-3,3
25316,101,105,-4,4
25317,102,92,10,10
25318,77,85,-8,8
25319,113,126,-13,13
25320,166,161,5,5
25321,74,79,-5,5
25322,116,122,-6,6
25323,127,137,-10,10
25324,89,89,0,0
25325,101,100,1,1
25326,103,110,-7,7
25327,127,127,0,0
25328,83,79,4,4
25329,123,129,-6,6
25330,118,122,-4,4
25331,160,164,-4,4
25332,79,77,2,2
25333,76,68,8,8
25334,51,51,0,0
25335,110,118,-8,8
25336,112,132,-20,20
25337,73,66,7,7
25338,90,84,6,6
25339,87,89,-2,2
25340,97,97,0,0
25341,51,52,-1,1
25342,175,178,-3,3
25343,51,55,-4,4
25344,96,95,1,1
25345,96,83,13,13
25346,87,92,-5,5
25347,98,96,2,2
25348,195,186,9,9
25349,74,68,6,6
25350,111,104,7,7
25351,62,59,3,3
25352,62,72,-10,10
25353,50,51,-1,1
25354,77,75,2,2
25355,68,58,10,10
25356,72,77,-5,5
25357,82,75,7,7
25358,69,70,-1,1
25359,133,138,-5,5
25360,57,58,-1,1
25361,87,102,-15,15
25362,86,83,3,3
25363,53,85,-32,32
25364,111,143,-32,32
25365,85,95,-10,10
25366,68,69,-1,1
25367,82,90,-8,8
25368,125,116,9,9
25369,127,119,8,8
25370,46,84,-38,38
25371,125,132,-7,7
25372,133,125,8,8
25373,84,90,-6,6
25374,70,69,1,1
25375,130,115,15,15
25376,86,89,-3,3
25377,161,160,1,1
25378,100,128,-28,28
25379,107,110,-3,3
25380,89,94,-5,5
25381,62,52,10,10
25382,75,75,0,0
25383,82,85,-3,3
25384,104,110,-6,6
25385,83,97,-14,14
25386,109,105,4,4
25387,57,38,19,19
25388,125,124,1,1
25389,87,77,10,10
25390,201,177,24,24
25391,75,75,0,0
25392,80,83,-3,3
25393,143,167,-24,24
25394,120,119,1,1
25395,146,149,-3,3
25396,70,65,5,5
25397,93,94,-1,1
25398,110,114,-4,4
25399,43,43,0,0
25400,97,91,6,6
25401,70,61,9,9
25402,85,84,1,1
25403,91,101,-10,10
25404,85,90,-5,5
25405,120,116,4,4
25406,70,70,0,0
25407,61,66,-5,5
25408,67,67,0,0
25409,156,154,2,2
25410,45,38,7,7
25411,121,133,-12,12
25412,93,106,-13,13
25413,111,122,-11,11
25414,72,79,-7,7
25415,44,38,6,6
25416,140,150,-10,10
25417,52,53,-1,1
25418,70,70,0,0
25419,117,120,-3,3
25420,60,63,-3,3
25421,73,90,-17,17
25422,107,104,3,3
25423,90,96,-6,6
25424,59,66,-7,7
25425,102,104,-2,2
25426,73,73,0,0
25427,86,90,-4,4
25428,58,58,0,0
25429,66,64,2,2
25430,62,101,-39,39
25431,130,129,1,1
25432,121,109,12,12
25433,114,108,6,6
25434,128,128,0,0
25435,106,110,-4,4
25436,94,89,5,5
25437,139,144,-5,5
25438,57,55,2,2
25439,62,75,-13,13
25440,59,62,-3,3
25441,134,126,8,8
25442,88,87,1,1
25443,67,67,0,0
25444,91,94,-3,3
25445,79,73,6,6
25446,99,105,-6,6
25447,135,149,-14,14
25448,118,122,-4,4
25449,97,98,-1,1
25450,96,87,9,9
25451,81,83,-2,2
25452,93,99,-6,6
25453,108,110,-2,2
25454,69,65,4,4
25455,106,115,-9,9
25456,80,87,-7,7
25457,108,109,-1,1
25458,95,89,6,6
25459,41,39,2,2
25460,97,97,0,0
25461,161,142,19,19
25462,96,96,0,0
25463,86,96,-10,10
25464,123,112,11,11
25465,84,75,9,9
25466,81,84,-3,3
25467,99,100,-1,1
25468,108,101,7,7
25469,57,65,-8,8
25470,82,85,-3,3
25471,117,148,-31,31
25472,78,88,-10,10
25473,206,208,-2,2
25474,70,69,1,1
25475,66,69,-3,3
25476,132,125,7,7
25477,73,69,4,4
25478,53,60,-7,7
25479,47,52,-5,5
25480,73,83,-10,10
25481,72,75,-3,3
25482,96,91,5,5
25483,182,183,-1,1
25484,80,73,7,7
25485,98,96,2,2
25486,103,106,-3,3
25487,182,188,-6,6
25488,136,149,-13,13
25489,101,102,-1,1
25490,81,74,7,7
25491,161,152,9,9
25492,83,91,-8,8
25493,57,67,-10,10
25494,119,108,11,11
25495,103,97,6,6
25496,143,132,11,11
25497,61,103,-42,42
25498,117,109,8,8
25499,113,114,-1,1
25500,94,98,-4,4
25501,70,71,-1,1
25502,116,122,-6,6
25503,102,91,11,11
25504,154,154,0,0
25505,91,87,4,4
25506,105,116,-11,11
25507,114,126,-12,12
25508,160,168,-8,8
25509,94,93,1,1
25510,151,139,12,12
25511,170,166,4,4
25512,76,69,7,7
25513,74,67,7,7
25514,101,103,-2,2
25515,62,60,2,2
25516,84,85,-1,1
25517,109,114,-5,5
25518,106,101,5,5
25519,119,112,7,7
25520,89,94,-5,5
25521,53,51,2,2
25522,37,39,-2,2
25523,97,97,0,0
25524,91,88,3,3
25525,94,88,6,6
25526,111,98,13,13
25527,203,205,-2,2
25528,71,66,5,5
25529,63,65,-2,2
25530,55,59,-4,4
25531,87,81,6,6
25532,125,142,-17,17
25533,101,107,-6,6
25534,98,88,10,10
25535,116,123,-7,7
25536,79,83,-4,4
25537,206,206,0,0
25538,102,108,-6,6
25539,153,145,8,8
25540,86,93,-7,7
25541,60,60,0,0
25542,95,111,-16,16
25543,156,153,3,3
25544,90,84,6,6
25545,131,124,7,7
25546,107,100,7,7
25547,56,58,-2,2
25548,96,96,0,0
25549,67,78,-11,11
25550,66,69,-3,3
25551,116,119,-3,3
25552,97,103,-6,6
25553,132,129,3,3
25554,87,93,-6,6
25555,94,98,-4,4
25556,50,51,-1,1
25557,104,95,9,9
25558,179,191,-12,12
25559,121,104,17,17
25560,54,58,-4,4
25561,86,77,9,9
25562,29,38,-9,9
25563,109,108,1,1
25564,81,92,-11,11
25565,75,86,-11,11
25566,179,169,10,10
25567,59,52,7,7
25568,122,116,6,6
25569,209,199,10,10
25570,53,56,-3,3
25571,79,69,10,10
25572,97,94,3,3
25573,99,104,-5,5
25574,50,51,-1,1
25575,81,86,-5,5
25576,77,68,9,9
25577,179,175,4,4
25578,100,108,-8,8
25579,57,63,-6,6
25580,88,92,-4,4
25581,47,50,-3,3
25582,92,95,-3,3
25583,94,85,9,9
25584,49,78,-29,29
25585,155,138,17,17
25586,93,102,-9,9
25587,160,150,10,10
25588,34,38,-4,4
25589,109,106,3,3
25590,112,111,1,1
25591,65,61,4,4
25592,76,67,9,9
25593,82,91,-9,9
25594,97,83,14,14
25595,72,74,-2,2
25596,95,101,-6,6
25597,59,61,-2,2
25598,52,52,0,0
25599,81,75,6,6
25600,87,82,5,5
25601,129,126,3,3
25602,57,79,-22,22
25603,54,56,-2,2
25604,122,106,16,16
25605,90,90,0,0
25606,136,128,8,8
25607,55,55,0,0
25608,69,79,-10,10
25609,118,114,4,4
25610,103,104,-1,1
25611,70,68,2,2
25612,43,38,5,5
25613,66,67,-1,1
25614,140,147,-7,7
25615,89,97,-8,8
25616,147,120,27,27
25617,112,112,0,0
25618,78,65,13,13
25619,40,39,1,1
25620,55,57,-2,2
25621,77,75,2,2
25622,80,95,-15,15
25623,71,75,-4,4
25624,82,85,-3,3
25625,82,87,-5,5
25626,93,100,-7,7
25627,68,68,0,0
25628,96,88,8,8
25629,116,113,3,3
25630,53,60,-7,7
25631,87,83,4,4
25632,116,117,-1,1
25633,102,97,5,5
25634,89,85,4,4
25635,121,116,5,5
25636,92,90,2,2
25637,29,52,-23,23
25638,98,90,8,8
25639,70,62,8,8
25640,127,119,8,8
25641,208,200,8,8
25642,85,82,3,3
25643,84,90,-6,6
25644,92,96,-4,4
25645,118,136,-18,18
25646,66,70,-4,4
25647,79,80,-1,1
25648,167,155,12,12
25649,174,177,-3,3
25650,92,89,3,3
25651,90,98,-8,8
25652,103,99,4,4
25653,85,82,3,3
25654,43,41,2,2
25655,144,146,-2,2
25656,66,62,4,4
25657,33,52,-19,19
25658,50,58,-8,8
25659,68,64,4,4
25660,152,167,-15,15
25661,102,98,4,4
25662,45,39,6,6
25663,67,62,5,5
25664,59,61,-2,2
25665,92,99,-7,7
25666,138,139,-1,1
25667,152,150,2,2
25668,79,76,3,3
25669,122,128,-6,6
25670,122,119,3,3
25671,59,66,-7,7
25672,164,153,11,11
25673,93,150,-57,57
25674,86,94,-8,8
25675,133,126,7,7
25676,95,107,-12,12
25677,86,94,-8,8
25678,76,73,3,3
25679,152,151,1,1
25680,99,89,10,10
25681,62,58,4,4
25682,92,99,-7,7
25683,105,98,7,7
25684,95,90,5,5
25685,103,84,19,19
25686,64,67,-3,3
25687,113,130,-17,17
25688,139,147,-8,8
25689,116,110,6,6
25690,109,117,-8,8
25691,110,110,0,0
25692,102,101,1,1
25693,108,117,-9,9
25694,83,73,10,10
25695,151,153,-2,2
25696,84,94,-10,10
25697,109,104,5,5
25698,136,132,4,4
25699,109,105,4,4
25700,136,119,17,17
25701,109,104,5,5
25702,68,72,-4,4
25703,76,71,5,5
25704,81,83,-2,2
25705,102,102,0,0
25706,139,138,1,1
25707,86,89,-3,3
25708,105,101,4,4
25709,58,62,-4,4
25710,35,38,-3,3
25711,49,56,-7,7
25712,82,79,3,3
25713,70,76,-6,6
25714,79,82,-3,3
25715,66,60,6,6
25716,122,120,2,2
25717,77,76,1,1
25718,120,116,4,4
25719,155,142,13,13
25720,123,128,-5,5
25721,74,84,-10,10
25722,88,89,-1,1
25723,143,143,0,0
25724,88,78,10,10
25725,57,60,-3,3
25726,130,126,4,4
25727,81,89,-8,8
25728,83,91,-8,8
25729,173,154,19,19
25730,66,71,-5,5
25731,91,94,-3,3
25732,70,65,5,5
25733,73,62,11,11
25734,72,80,-8,8
25735,73,70,3,3
25736,109,125,-16,16
25737,106,64,42,42
25738,72,66,6,6
25739,80,86,-6,6
25740,188,178,10,10
25741,112,112,0,0
25742,116,115,1,1
25743,115,106,9,9
25744,97,96,1,1
25745,171,176,-5,5
25746,96,104,-8,8
25747,97,93,4,4
25748,60,61,-1,1
25749,119,105,14,14
25750,144,143,1,1
25751,64,63,1,1
25752,55,56,-1,1
25753,92,92,0,0
25754,92,89,3,3
25755,133,142,-9,9
25756,62,64,-2,2
25757,143,144,-1,1
25758,92,98,-6,6
25759,95,116,-21,21
25760,43,39,4,4
25761,110,109,1,1
25762,94,85,9,9
25763,68,68,0,0
25764,81,82,-1,1
25765,150,136,14,14
25766,129,129,0,0
25767,133,124,9,9
25768,105,103,2,2
25769,66,86,-20,20
25770,91,96,-5,5
25771,90,76,14,14
25772,117,101,16,16
25773,140,138,2,2
25774,165,158,7,7
25775,95,97,-2,2
25776,85,80,5,5
25777,158,149,9,9
25778,138,149,-11,11
25779,96,98,-2,2
25780,122,122,0,0
25781,65,60,5,5
25782,63,63,0,0
25783,111,112,-1,1
25784,80,98,-18,18
25785,79,81,-2,2
25786,100,90,10,10
25787,81,89,-8,8
25788,92,90,2,2
25789,75,92,-17,17
25790,82,86,-4,4
25791,79,87,-8,8
25792,57,67,-10,10
25793,148,125,23,23
25794,79,79,0,0
25795,122,119,3,3
25796,82,87,-5,5
25797,61,59,2,2
25798,38,39,-1,1
25799,94,103,-9,9
25800,101,87,14,14
25801,89,85,4,4
25802,68,63,5,5
25803,47,53,-6,6
25804,90,88,2,2
25805,60,59,1,1
25806,114,111,3,3
25807,80,88,-8,8
25808,127,114,13,13
25809,102,110,-8,8
25810,69,63,6,6
25811,53,64,-11,11
25812,59,64,-5,5
25813,95,99,-4,4
25814,64,61,3,3
25815,144,156,-12,12
25816,71,65,6,6
25817,100,104,-4,4
25818,116,118,-2,2
25819,104,102,2,2
25820,177,190,-13,13
25821,108,108,0,0
25822,132,125,7,7
25823,118,109,9,9
25824,135,154,-19,19
25825,115,112,3,3
25826,73,73,0,0
25827,133,125,8,8
25828,95,93,2,2
25829,80,80,0,0
25830,48,75,-27,27
25831,158,159,-1,1
25832,73,79,-6,6
25833,94,91,3,3
25834,74,98,-24,24
25835,154,161,-7,7
25836,127,132,-5,5
25837,73,70,3,3
25838,89,85,4,4
25839,61,66,-5,5
25840,87,84,3,3
25841,65,84,-19,19
25842,81,86,-5,5
25843,99,98,1,1
25844,83,90,-7,7
25845,90,95,-5,5
25846,82,83,-1,1
25847,115,109,6,6
25848,137,146,-9,9
25849,78,79,-1,1
25850,94,86,8,8
25851,101,106,-5,5
25852,96,93,3,3
25853,77,75,2,2
25854,112,106,6,6
25855,138,142,-4,4
25856,98,96,2,2
25857,91,96,-5,5
25858,143,136,7,7
25859,153,154,-1,1
25860,40,42,-2,2
25861,69,68,1,1
25862,67,67,0,0
25863,43,51,-8,8
25864,104,110,-6,6
25865,117,112,5,5
25866,84,78,6,6
25867,84,92,-8,8
25868,74,69,5,5
25869,75,73,2,2
25870,147,158,-11,11
25871,94,99,-5,5
25872,92,89,3,3
25873,71,75,-4,4
25874,84,83,1,1
25875,78,100,-22,22
25876,83,81,2,2
25877,84,94,-10,10
25878,42,53,-11,11
25879,149,154,-5,5
25880,95,100,-5,5
25881,132,120,12,12
25882,83,90,-7,7
25883,131,136,-5,5
25884,62,62,0,0
25885,87,90,-3,3
25886,91,85,6,6
25887,155,176,-21,21
25888,73,81,-8,8
25889,98,103,-5,5
25890,72,67,5,5
25891,75,86,-11,11
25892,147,145,2,2
25893,54,61,-7,7
25894,128,123,5,5
25895,98,99,-1,1
25896,111,111,0,0
25897,81,84,-3,3
25898,87,78,9,9
25899,28,62,-34,34
25900,123,122,1,1
25901,82,77,5,5
25902,82,74,8,8
25903,113,109,4,4
25904,121,136,-15,15
25905,124,125,-1,1
25906,85,81,4,4
25907,82,86,-4,4
25908,107,110,-3,3
25909,113,113,0,0
25910,74,85,-11,11
25911,97,92,5,5
25912,56,68,-12,12
25913,89,88,1,1
25914,132,128,4,4
25915,134,134,0,0
25916,93,97,-4,4
25917,128,142,-14,14
25918,121,126,-5,5
25919,132,142,-10,10
25920,114,116,-2,2
25921,93,90,3,3
25922,132,132,0,0
25923,139,123,16,16
25924,59,61,-2,2
25925,185,172,13,13
25926,47,55,-8,8
25927,68,66,2,2
25928,122,131,-9,9
25929,130,140,-10,10
25930,98,101,-3,3
25931,42,38,4,4
25932,125,127,-2,2
25933,56,60,-4,4
25934,129,130,-1,1
25935,60,83,-23,23
25936,51,54,-3,3
25937,78,78,0,0
25938,62,70,-8,8
25939,80,95,-15,15
25940,39,51,-12,12
25941,120,120,0,0
25942,100,96,4,4
25943,112,125,-13,13
25944,85,84,1,1
25945,118,113,5,5
25946,124,134,-10,10
25947,56,56,0,0
25948,97,101,-4,4
25949,83,87,-4,4
25950,91,96,-5,5
25951,68,67,1,1
25952,108,115,-7,7
25953,87,91,-4,4
25954,57,59,-2,2
25955,70,62,8,8
25956,87,89,-2,2
25957,111,108,3,3
25958,79,86,-7,7
25959,117,106,11,11
25960,95,103,-8,8
25961,139,136,3,3
25962,52,41,11,11
25963,47,99,-52,52
25964,104,106,-2,2
25965,89,84,5,5
25966,86,93,-7,7
25967,90,88,2,2
25968,113,110,3,3
25969,89,91,-2,2
25970,94,98,-4,4
25971,134,131,3,3
25972,63,59,4,4
25973,102,99,3,3
25974,146,138,8,8
25975,140,143,-3,3
25976,73,75,-2,2
25977,127,131,-4,4
25978,47,55,-8,8
25979,90,109,-19,19
25980,77,74,3,3
25981,136,131,5,5
25982,121,125,-4,4
25983,82,75,7,7
25984,114,127,-13,13
25985,114,109,5,5
25986,80,78,2,2
25987,82,77,5,5
25988,79,79,0,0
25989,107,115,-8,8
25990,113,99,14,14
25991,114,111,3,3
25992,52,57,-5,5
25993,67,67,0,0
25994,74,79,-5,5
25995,113,114,-1,1
25996,77,72,5,5
25997,125,134,-9,9
25998,60,54,6,6
25999,78,77,1,1
26000,94,97,-3,3
26001,102,98,4,4
26002,115,110,5,5
26003,114,110,4,4
26004,115,122,-7,7
26005,109,107,2,2
26006,107,117,-10,10
26007,80,77,3,3
26008,111,107,4,4
26009,36,55,-19,19
26010,78,78,0,0
26011,87,85,2,2
26012,74,72,2,2
26013,70,79,-9,9
26014,64,63,1,1
26015,51,48,3,3
26016,97,100,-3,3
26017,106,104,2,2
26018,150,154,-4,4
26019,105,100,5,5
26020,80,83,-3,3
26021,81,83,-2,2
26022,78,81,-3,3
26023,103,110,-7,7
26024,68,69,-1,1
26025,69,67,2,2
26026,100,119,-19,19
26027,100,83,17,17
26028,171,168,3,3
26029,102,100,2,2
26030,98,89,9,9
26031,81,87,-6,6
26032,86,79,7,7
26033,47,54,-7,7
26034,83,84,-1,1
26035,139,143,-4,4
26036,71,75,-4,4
26037,142,143,-1,1
26038,65,61,4,4
26039,68,66,2,2
26040,63,65,-2,2
26041,105,95,10,10
26042,53,58,-5,5
26043,126,123,3,3
26044,137,143,-6,6
26045,64,60,4,4
26046,126,143,-17,17
26047,117,111,6,6
26048,65,88,-23,23
26049,133,141,-8,8
26050,64,60,4,4
26051,96,89,7,7
26052,92,93,-1,1
26053,99,104,-5,5
26054,148,154,-6,6
26055,54,59,-5,5
26056,99,83,16,16
26057,89,97,-8,8
26058,63,58,5,5
26059,90,88,2,2
26060,71,79,-8,8
26061,82,71,11,11
26062,89,86,3,3
26063,58,58,0,0
26064,88,94,-6,6
26065,91,99,-8,8
26066,29,39,-10,10
26067,63,62,1,1
26068,73,74,-1,1
26069,68,59,9,9
26070,76,88,-12,12
26071,73,63,10,10
26072,152,142,10,10
26073,113,99,14,14
26074,57,53,4,4
26075,81,78,3,3
26076,102,115,-13,13
26077,87,112,-25,25
26078,106,107,-1,1
26079,83,87,-4,4
26080,164,158,6,6
26081,122,105,17,17
26082,68,77,-9,9
26083,79,75,4,4
26084,57,56,1,1
26085,116,121,-5,5
26086,57,58,-1,1
26087,105,95,10,10
26088,95,90,5,5
26089,164,169,-5,5
26090,159,170,-11,11
26091,92,84,8,8
26092,100,112,-12,12
26093,64,59,5,5
26094,121,165,-44,44
26095,157,151,6,6
26096,116,116,0,0
26097,46,51,-5,5
26098,106,100,6,6
26099,67,72,-5,5
26100,83,90,-7,7
26101,66,62,4,4
26102,105,117,-12,12
26103,166,175,-9,9
26104,109,90,19,19
26105,75,72,3,3
26106,86,83,3,3
26107,91,86,5,5
26108,76,71,5,5
26109,149,163,-14,14
26110,102,95,7,7
26111,76,78,-2,2
26112,64,59,5,5
26113,108,103,5,5
26114,99,97,2,2
26115,104,107,-3,3
26116,136,146,-10,10
26117,72,90,-18,18
26118,92,81,11,11
26119,70,67,3,3
26120,69,68,1,1
26121,154,149,5,5
26122,129,127,2,2
26123,102,101,1,1
26124,107,106,1,1
26125,107,109,-2,2
26126,75,65,10,10
26127,108,104,4,4
26128,96,90,6,6
26129,80,86,-6,6
26130,73,75,-2,2
26131,129,130,-1,1
26132,57,57,0,0
26133,92,91,1,1
26134,70,81,-11,11
26135,61,65,-4,4
26136,52,70,-18,18
26137,145,144,1,1
26138,74,78,-4,4
26139,75,75,0,0
26140,134,135,-1,1
26141,105,109,-4,4
26142,108,96,12,12
26143,98,101,-3,3
26144,96,90,6,6
26145,135,136,-1,1
26146,103,103,0,0
26147,84,82,2,2
26148,132,129,3,3
26149,114,102,12,12
26150,87,82,5,5
26151,55,59,-4,4
26152,65,58,7,7
26153,48,53,-5,5
26154,64,63,1,1
26155,113,102,11,11
26156,137,129,8,8
26157,124,126,-2,2
26158,47,59,-12,12
26159,103,97,6,6
26160,136,135,1,1
26161,80,79,1,1
26162,65,89,-24,24
26163,117,109,8,8
26164,113,121,-8,8
26165,71,70,1,1
26166,132,144,-12,12
26167,102,88,14,14
26168,191,187,4,4
26169,127,120,7,7
26170,102,105,-3,3
26171,104,98,6,6
26172,113,111,2,2
26173,74,90,-16,16
26174,143,146,-3,3
26175,73,65,8,8
26176,143,142,1,1
26177,120,112,8,8
26178,95,96,-1,1
26179,84,88,-4,4
26180,146,145,1,1
26181,70,67,3,3
26182,125,109,16,16
26183,79,78,1,1
26184,77,84,-7,7
26185,69,65,4,4
26186,100,98,2,2
26187,190,179,11,11
26188,90,96,-6,6
26189,67,84,-17,17
26190,179,177,2,2
26191,68,78,-10,10
26192,79,93,-14,14
26193,149,136,13,13
26194,87,74,13,13
26195,58,89,-31,31
26196,176,192,-16,16
26197,67,64,3,3
26198,76,77,-1,1
26199,127,125,2,2
26200,73,66,7,7
26201,68,71,-3,3
26202,70,68,2,2
26203,101,91,10,10
26204,122,134,-12,12
26205,95,90,5,5
26206,90,91,-1,1
26207,85,89,-4,4
26208,138,136,2,2
26209,115,118,-3,3
26210,122,117,5,5
26211,59,56,3,3
26212,51,50,1,1
26213,106,100,6,6
26214,110,116,-6,6
26215,111,115,-4,4
26216,62,84,-22,22
26217,93,84,9,9
26218,46,43,3,3
26219,107,113,-6,6
26220,144,133,11,11
26221,92,82,10,10
26222,92,94,-2,2
26223,95,108,-13,13
26224,154,154,0,0
26225,54,51,3,3
26226,102,102,0,0
26227,61,65,-4,4
26228,109,116,-7,7
26229,155,136,19,19
26230,83,71,12,12
26231,79,77,2,2
26232,102,103,-1,1
26233,133,116,17,17
26234,134,142,-8,8
26235,81,74,7,7
26236,151,152,-1,1
26237,46,49,-3,3
26238,97,95,2,2
26239,62,60,2,2
26240,114,115,-1,1
26241,83,88,-5,5
26242,114,112,2,2
26243,87,98,-11,11
26244,110,98,12,12
26245,232,236,-4,4
26246,35,38,-3,3
26247,96,91,5,5
26248,87,95,-8,8
26249,52,55,-3,3
26250,89,85,4,4
26251,84,75,9,9
26252,84,85,-1,1
26253,151,150,1,1
26254,51,50,1,1
26255,112,103,9,9
26256,189,189,0,0
26257,68,63,5,5
26258,77,72,5,5
26259,62,64,-2,2
26260,112,114,-2,2
26261,95,93,2,2
26262,81,87,-6,6
26263,108,98,10,10
26264,96,94,2,2
26265,58,54,4,4
26266,84,82,2,2
26267,116,106,10,10
26268,97,103,-6,6
26269,92,92,0,0
26270,101,112,-11,11
26271,56,52,4,4
26272,74,79,-5,5
26273,115,109,6,6
26274,74,79,-5,5
26275,58,56,2,2
26276,129,133,-4,4
26277,91,94,-3,3
26278,59,54,5,5
26279,52,51,1,1
26280,73,75,-2,2
26281,69,56,13,13
26282,119,99,20,20
26283,126,121,5,5
26284,114,98,16,16
26285,100,108,-8,8
26286,86,89,-3,3
26287,116,133,-17,17
26288,72,67,5,5
26289,61,63,-2,2
26290,83,74,9,9
26291,94,96,-2,2
26292,90,99,-9,9
26293,93,100,-7,7
26294,31,38,-7,7
26295,163,165,-2,2
26296,99,95,4,4
26297,46,53,-7,7
26298,55,52,3,3
26299,75,78,-3,3
26300,72,71,1,1
26301,107,97,10,10
26302,89,97,-8,8
26303,66,53,13,13
26304,67,71,-4,4
26305,145,148,-3,3
26306,151,148,3,3
26307,153,134,19,19
26308,56,48,8,8
26309,97,100,-3,3
26310,162,161,1,1
26311,90,90,0,0
26312,106,100,6,6
26313,27,39,-12,12
26314,93,85,8,8
26315,105,104,1,1
26316,123,139,-16,16
26317,61,66,-5,5
26318,64,59,5,5
26319,109,113,-4,4
26320,153,154,-1,1
26321,81,77,4,4
26322,167,155,12,12
26323,100,96,4,4
26324,40,52,-12,12
26325,84,94,-10,10
26326,126,126,0,0
26327,69,73,-4,4
26328,54,39,15,15
26329,41,38,3,3
26330,86,93,-7,7
26331,71,63,8,8
26332,97,98,-1,1
26333,131,132,-1,1
26334,42,39,3,3
26335,102,102,0,0
26336,83,88,-5,5
26337,187,180,7,7
26338,180,185,-5,5
26339,73,74,-1,1
26340,108,134,-26,26
26341,57,59,-2,2
26342,121,124,-3,3
26343,88,91,-3,3
26344,105,101,4,4
26345,80,90,-10,10
26346,86,94,-8,8
26347,124,120,4,4
26348,117,113,4,4
26349,112,112,0,0
26350,66,61,5,5
26351,94,104,-10,10
26352,107,112,-5,5
26353,45,48,-3,3
26354,121,117,4,4
26355,82,81,1,1
26356,69,69,0,0
26357,160,151,9,9
26358,119,110,9,9
26359,58,56,2,2
26360,100,99,1,1
26361,72,71,1,1
26362,67,65,2,2
26363,66,66,0,0
26364,119,116,3,3
26365,138,150,-12,12
26366,65,60,5,5
26367,105,110,-5,5
26368,36,38,-2,2
26369,69,69,0,0
26370,78,74,4,4
26371,131,120,11,11
26372,109,118,-9,9
26373,75,69,6,6
26374,63,57,6,6
26375,53,62,-9,9
26376,105,110,-5,5
26377,64,69,-5,5
26378,70,73,-3,3
26379,26,39,-13,13
26380,181,175,6,6
26381,66,67,-1,1
26382,130,144,-14,14
26383,122,126,-4,4
26384,94,89,5,5
26385,124,129,-5,5
26386,70,72,-2,2
26387,114,118,-4,4
26388,93,86,7,7
26389,106,114,-8,8
26390,96,97,-1,1
26391,90,95,-5,5
26392,118,121,-3,3
26393,63,90,-27,27
26394,79,85,-6,6
26395,43,52,-9,9
26396,112,121,-9,9
26397,45,46,-1,1
26398,114,126,-12,12
26399,107,100,7,7
26400,83,79,4,4
26401,40,38,2,2
26402,98,100,-2,2
26403,115,115,0,0
26404,92,100,-8,8
26405,131,138,-7,7
26406,106,91,15,15
26407,99,94,5,5
26408,67,69,-2,2
26409,171,169,2,2
26410,128,113,15,15
26411,88,83,5,5
26412,56,59,-3,3
26413,113,111,2,2
26414,62,53,9,9
26415,81,71,10,10
26416,83,86,-3,3
26417,113,105,8,8
26418,100,105,-5,5
26419,91,90,1,1
26420,79,86,-7,7
26421,156,151,5,5
26422,113,117,-4,4
26423,67,81,-14,14
26424,129,124,5,5
26425,89,95,-6,6
26426,66,65,1,1
26427,102,112,-10,10
26428,131,129,2,2
26429,111,109,2,2
26430,47,39,8,8
26431,37,39,-2,2
26432,92,96,-4,4
26433,91,92,-1,1
26434,101,98,3,3
26435,43,55,-12,12
26436,78,72,6,6
26437,102,104,-2,2
26438,92,92,0,0
26439,96,107,-11,11
26440,109,109,0,0
26441,98,103,-5,5
26442,131,122,9,9
26443,104,113,-9,9
26444,96,127,-31,31
26445,98,96,2,2
26446,66,67,-1,1
26447,75,75,0,0
26448,70,68,2,2
26449,49,53,-4,4
26450,110,101,9,9
26451,128,116,12,12
26452,50,49,1,1
26453,85,90,-5,5
26454,59,55,4,4
26455,41,42,-1,1
26456,71,69,2,2
26457,117,111,6,6
26458,91,94,-3,3
26459,64,64,0,0
26460,118,122,-4,4
26461,43,46,-3,3
26462,134,137,-3,3
26463,101,95,6,6
26464,109,99,10,10
26465,114,113,1,1
26466,118,127,-9,9
26467,70,76,-6,6
26468,102,101,1,1
26469,157,164,-7,7
26470,308,276,32,32
26471,104,119,-15,15
26472,106,95,11,11
26473,74,70,4,4
26474,148,144,4,4
26475,106,105,1,1
26476,74,74,0,0
26477,118,118,0,0
26478,114,119,-5,5
26479,60,57,3,3
26480,135,123,12,12
26481,60,57,3,3
26482,62,67,-5,5
26483,120,127,-7,7
26484,150,171,-21,21
26485,112,103,9,9
26486,87,87,0,0
26487,100,102,-2,2
26488,52,60,-8,8
26489,82,84,-2,2
26490,136,148,-12,12
26491,65,68,-3,3
26492,104,97,7,7
26493,134,134,0,0
26494,104,89,15,15
26495,119,122,-3,3
26496,119,119,0,0
26497,60,69,-9,9
26498,155,160,-5,5
26499,129,135,-6,6
26500,46,53,-7,7
26501,58,59,-1,1
26502,73,64,9,9
26503,114,104,10,10
26504,85,93,-8,8
26505,77,74,3,3
26506,89,86,3,3
26507,186,180,6,6
26508,74,70,4,4
26509,80,69,11,11
26510,108,111,-3,3
26511,112,87,25,25
26512,38,39,-1,1
26513,61,57,4,4
26514,109,102,7,7
26515,46,39,7,7
26516,139,132,7,7
26517,85,89,-4,4
26518,97,90,7,7
26519,60,70,-10,10
26520,36,39,-3,3
26521,89,100,-11,11
26522,147,147,0,0
26523,94,85,9,9
26524,88,82,6,6
26525,120,111,9,9
26526,75,85,-10,10
26527,95,96,-1,1
26528,90,85,5,5
26529,46,51,-5,5
26530,49,55,-6,6
26531,145,140,5,5
26532,93,82,11,11
26533,48,39,9,9
26534,93,94,-1,1
26535,76,67,9,9
26536,51,55,-4,4
26537,102,97,5,5
26538,86,85,1,1
26539,88,85,3,3
26540,97,104,-7,7
26541,139,132,7,7
26542,163,161,2,2
26543,91,102,-11,11
26544,139,129,10,10
26545,56,66,-10,10
26546,56,66,-10,10
26547,84,83,1,1
26548,85,89,-4,4
26549,55,59,-4,4
26550,82,82,0,0
26551,90,87,3,3
26552,102,93,9,9
26553,46,49,-3,3
26554,151,153,-2,2
26555,90,85,5,5
26556,78,114,-36,36
26557,70,63,7,7
26558,126,119,7,7
26559,114,122,-8,8
26560,135,120,15,15
26561,209,201,8,8
26562,163,160,3,3
26563,62,59,3,3
26564,79,90,-11,11
26565,90,87,3,3
26566,126,117,9,9
26567,161,151,10,10
26568,119,113,6,6
26569,65,79,-14,14
26570,75,104,-29,29
26571,94,90,4,4
26572,57,55,2,2
26573,60,60,0,0
26574,62,58,4,4
26575,61,63,-2,2
26576,174,172,2,2
26577,65,66,-1,1
26578,122,125,-3,3
26579,103,123,-20,20
26580,66,66,0,0
26581,110,100,10,10
26582,59,65,-6,6
26583,120,113,7,7
26584,101,101,0,0
26585,94,92,2,2
26586,125,122,3,3
26587,76,73,3,3
26588,66,74,-8,8
26589,85,92,-7,7
26590,101,105,-4,4
26591,79,78,1,1
26592,179,174,5,5
26593,73,82,-9,9
26594,97,104,-7,7
26595,40,58,-18,18
26596,75,73,2,2
26597,157,158,-1,1
26598,77,80,-3,3
26599,108,117,-9,9
26600,129,123,6,6
26601,100,97,3,3
26602,76,92,-16,16
26603,40,52,-12,12
26604,72,75,-3,3
26605,81,77,4,4
26606,122,113,9,9
26607,77,69,8,8
26608,162,164,-2,2
26609,52,51,1,1
26610,86,81,5,5
26611,61,57,4,4
26612,139,132,7,7
26613,122,117,5,5
26614,129,135,-6,6
26615,64,64,0,0
26616,53,54,-1,1
26617,163,157,6,6
26618,76,91,-15,15
26619,47,49,-2,2
26620,57,57,0,0
26621,142,135,7,7
26622,89,77,12,12
26623,100,104,-4,4
26624,126,136,-10,10
26625,149,142,7,7
26626,102,94,8,8
26627,51,55,-4,4
26628,131,113,18,18
26629,113,115,-2,2
26630,128,121,7,7
26631,84,75,9,9
26632,88,85,3,3
26633,96,94,2,2
26634,131,116,15,15
26635,142,146,-4,4
26636,139,138,1,1
26637,62,65,-3,3
26638,162,175,-13,13
26639,100,100,0,0
26640,94,93,1,1
26641,118,114,4,4
26642,140,126,14,14
26643,105,105,0,0
26644,54,57,-3,3
26645,80,80,0,0
26646,54,55,-1,1
26647,82,87,-5,5
26648,78,79,-1,1
26649,81,84,-3,3
26650,55,53,2,2
26651,142,151,-9,9
26652,152,146,6,6
26653,121,119,2,2
26654,109,106,3,3
26655,80,89,-9,9
26656,73,74,-1,1
26657,154,122,32,32
26658,122,127,-5,5
26659,85,83,2,2
26660,65,66,-1,1
26661,127,119,8,8
26662,44,38,6,6
26663,90,97,-7,7
26664,115,118,-3,3
26665,124,123,1,1
26666,148,154,-6,6
26667,49,38,11,11
26668,77,80,-3,3
26669,173,174,-1,1
26670,68,78,-10,10
26671,149,155,-6,6
26672,73,74,-1,1
26673,54,55,-1,1
26674,90,84,6,6
26675,73,74,-1,1
26676,74,78,-4,4
26677,49,52,-3,3
26678,79,73,6,6
26679,117,125,-8,8
26680,57,64,-7,7
26681,123,112,11,11
26682,94,93,1,1
26683,124,103,21,21
26684,74,75,-1,1
26685,63,64,-1,1
26686,116,109,7,7
26687,93,87,6,6
26688,115,122,-7,7
26689,64,64,0,0
26690,117,125,-8,8
26691,74,77,-3,3
26692,49,49,0,0
26693,72,66,6,6
26694,86,89,-3,3
26695,52,51,1,1
26696,87,86,1,1
26697,152,152,0,0
26698,61,65,-4,4
26699,67,69,-2,2
26700,64,70,-6,6
26701,100,101,-1,1
26702,135,120,15,15
26703,120,122,-2,2
26704,124,116,8,8
26705,105,112,-7,7
26706,144,157,-13,13
26707,100,105,-5,5
26708,80,83,-3,3
26709,73,88,-15,15
26710,82,85,-3,3
26711,76,70,6,6
26712,115,118,-3,3
26713,106,112,-6,6
26714,125,131,-6,6
26715,86,83,3,3
26716,94,94,0,0
26717,80,86,-6,6
26718,145,133,12,12
26719,122,119,3,3
26720,122,122,0,0
26721,115,113,2,2
26722,66,67,-1,1
26723,85,81,4,4
26724,95,102,-7,7
26725,110,99,11,11
26726,49,64,-15,15
26727,80,93,-13,13
26728,101,97,4,4
26729,77,75,2,2
26730,89,101,-12,12
26731,130,119,11,11
26732,106,117,-11,11
26733,56,52,4,4
26734,68,61,7,7
26735,152,148,4,4
26736,113,115,-2,2
26737,98,98,0,0
26738,125,121,4,4
26739,71,69,2,2
26740,123,113,10,10
26741,97,80,17,17
26742,77,78,-1,1
26743,56,61,-5,5
26744,127,124,3,3
26745,49,58,-9,9
26746,115,111,4,4
26747,61,61,0,0
26748,97,93,4,4
26749,101,105,-4,4
26750,77,83,-6,6
26751,117,131,-14,14
26752,90,101,-11,11
26753,120,117,3,3
26754,80,81,-1,1
26755,71,66,5,5
26756,54,56,-2,2
26757,80,86,-6,6
26758,110,112,-2,2
26759,71,89,-18,18
26760,82,88,-6,6
26761,68,80,-12,12
26762,78,88,-10,10
26763,69,65,4,4
26764,87,93,-6,6
26765,94,90,4,4
26766,137,134,3,3
26767,57,58,-1,1
26768,56,52,4,4
26769,57,66,-9,9
26770,62,58,4,4
26771,63,73,-10,10
26772,165,165,0,0
26773,115,110,5,5
26774,133,133,0,0
26775,94,86,8,8
26776,107,112,-5,5
26777,106,103,3,3
26778,112,118,-6,6
26779,93,92,1,1
26780,55,60,-5,5
26781,85,86,-1,1
26782,41,40,1,1
26783,120,111,9,9
26784,99,99,0,0
26785,83,72,11,11
26786,84,87,-3,3
26787,110,109,1,1
26788,124,126,-2,2
26789,122,114,8,8
26790,38,39,-1,1
26791,120,116,4,4
26792,97,98,-1,1
26793,61,62,-1,1
26794,113,119,-6,6
26795,74,67,7,7
26796,79,75,4,4
26797,125,113,12,12
26798,81,79,2,2
26799,125,119,6,6
26800,123,127,-4,4
26801,90,96,-6,6
26802,48,55,-7,7
26803,55,56,-1,1
26804,62,75,-13,13
26805,64,73,-9,9
26806,91,97,-6,6
26807,145,150,-5,5
26808,86,84,2,2
26809,66,72,-6,6
26810,116,117,-1,1
26811,76,74,2,2
26812,88,97,-9,9
26813,103,112,-9,9
26814,97,105,-8,8
26815,138,130,8,8
26816,75,75,0,0
26817,92,85,7,7
26818,149,152,-3,3
26819,60,61,-1,1
26820,108,109,-1,1
26821,30,39,-9,9
26822,89,84,5,5
26823,49,57,-8,8
26824,97,91,6,6
26825,128,117,11,11
26826,96,96,0,0
26827,96,92,4,4
26828,63,56,7,7
26829,76,75,1,1
26830,106,114,-8,8
26831,79,87,-8,8
26832,127,117,10,10
26833,45,51,-6,6
26834,105,114,-9,9
26835,90,87,3,3
26836,43,49,-6,6
26837,235,165,70,70
26838,50,57,-7,7
26839,111,102,9,9
26840,69,66,3,3
26841,52,140,-88,88
26842,105,104,1,1
26843,49,43,6,6
26844,66,70,-4,4
26845,64,64,0,0
26846,75,67,8,8
26847,70,73,-3,3
26848,96,91,5,5
26849,86,92,-6,6
26850,109,106,3,3
26851,357,203,154,154
26852,74,70,4,4
26853,96,102,-6,6
26854,101,105,-4,4
26855,86,91,-5,5
26856,97,87,10,10
26857,47,39,8,8
26858,76,89,-13,13
26859,139,132,7,7
26860,127,127,0,0
26861,119,111,8,8
26862,133,130,3,3
26863,190,200,-10,10
26864,119,111,8,8
26865,96,95,1,1
26866,31,38,-7,7
26867,94,110,-16,16
26868,112,126,-14,14
26869,104,102,2,2
26870,162,154,8,8
26871,128,124,4,4
26872,142,149,-7,7
26873,107,84,23,23
26874,120,110,10,10
26875,57,61,-4,4
26876,157,152,5,5
26877,94,94,0,0
26878,109,120,-11,11
26879,58,63,-5,5
26880,108,95,13,13
26881,88,83,5,5
26882,123,133,-10,10
26883,85,87,-2,2
26884,136,137,-1,1
26885,72,76,-4,4
26886,77,73,4,4
26887,59,56,3,3
26888,154,146,8,8
26889,63,78,-15,15
26890,40,39,1,1
26891,142,153,-11,11
26892,160,156,4,4
26893,68,62,6,6
26894,91,83,8,8
26895,77,85,-8,8
26896,135,136,-1,1
26897,134,207,-73,73
26898,172,178,-6,6
26899,131,163,-32,32
26900,86,91,-5,5
26901,67,71,-4,4
26902,55,56,-1,1
26903,148,147,1,1
26904,66,69,-3,3
26905,120,108,12,12
26906,83,84,-1,1
26907,101,100,1,1
26908,83,78,5,5
26909,106,131,-25,25
26910,99,99,0,0
26911,67,68,-1,1
26912,130,131,-1,1
26913,79,81,-2,2
26914,43,50,-7,7
26915,146,138,8,8
26916,57,63,-6,6
26917,100,111,-11,11
26918,139,124,15,15
26919,114,102,12,12
26920,61,61,0,0
26921,77,93,-16,16
26922,102,108,-6,6
26923,104,100,4,4
26924,145,136,9,9
26925,81,89,-8,8
26926,87,93,-6,6
26927,135,147,-12,12
26928,117,121,-4,4
26929,82,75,7,7
26930,118,121,-3,3
26931,106,115,-9,9
26932,123,124,-1,1
26933,109,112,-3,3
26934,66,64,2,2
26935,86,85,1,1
26936,104,109,-5,5
26937,61,75,-14,14
26938,59,84,-25,25
26939,68,70,-2,2
26940,68,71,-3,3
26941,63,66,-3,3
26942,85,82,3,3
26943,135,142,-7,7
26944,117,126,-9,9
26945,134,125,9,9
26946,104,108,-4,4
26947,73,73,0,0
26948,79,79,0,0
26949,137,137,0,0
26950,106,95,11,11
26951,80,74,6,6
26952,175,170,5,5
26953,96,104,-8,8
26954,137,127,10,10
26955,119,118,1,1
26956,118,117,1,1
26957,135,133,2,2
26958,127,106,21,21
26959,103,107,-4,4
26960,87,90,-3,3
26961,90,68,22,22
26962,50,55,-5,5
26963,68,69,-1,1
26964,75,74,1,1
26965,150,158,-8,8
26966,107,98,9,9
26967,122,124,-2,2
26968,48,46,2,2
26969,141,147,-6,6
26970,96,92,4,4
26971,93,94,-1,1
26972,85,83,2,2
26973,55,55,0,0
26974,51,53,-2,2
26975,99,97,2,2
26976,52,58,-6,6
26977,79,68,11,11
26978,110,109,1,1
26979,121,116,5,5
26980,37,39,-2,2
26981,92,93,-1,1
26982,66,55,11,11
26983,148,128,20,20
26984,83,81,2,2
26985,175,173,2,2
26986,88,81,7,7
26987,110,105,5,5
26988,79,84,-5,5
26989,64,57,7,7
26990,124,116,8,8
26991,129,123,6,6
26992,91,89,2,2
26993,59,56,3,3
26994,49,61,-12,12
26995,132,130,2,2
26996,76,113,-37,37
26997,110,104,6,6
26998,61,56,5,5
26999,90,93,-3,3
27000,126,128,-2,2
27001,98,100,-2,2
27002,59,55,4,4
27003,93,99,-6,6
27004,76,65,11,11
27005,75,67,8,8
27006,85,90,-5,5
27007,149,140,9,9
27008,89,87,2,2
27009,112,111,1,1
27010,88,80,8,8
27011,65,61,4,4
27012,86,89,-3,3
27013,64,57,7,7
27014,81,93,-12,12
27015,86,91,-5,5
27016,70,64,6,6
27017,150,136,14,14
27018,102,97,5,5
27019,92,84,8,8
27020,47,53,-6,6
27021,92,102,-10,10
27022,108,107,1,1
27023,85,87,-2,2
27024,127,126,1,1
27025,114,111,3,3
27026,89,82,7,7
27027,98,104,-6,6
27028,47,39,8,8
27029,95,106,-11,11
27030,174,187,-13,13
27031,74,72,2,2
27032,214,217,-3,3
27033,35,38,-3,3
27034,202,209,-7,7
27035,83,77,6,6
27036,125,118,7,7
27037,109,96,13,13
27038,54,57,-3,3
27039,56,57,-1,1
27040,71,71,0,0
27041,81,81,0,0
27042,78,77,1,1
27043,61,60,1,1
27044,77,73,4,4
27045,114,113,1,1
27046,59,57,2,2
27047,116,129,-13,13
27048,49,59,-10,10
27049,66,81,-15,15
27050,91,81,10,10
27051,98,101,-3,3
27052,73,73,0,0
27053,78,77,1,1
27054,105,111,-6,6
27055,112,107,5,5
27056,84,88,-4,4
27057,78,69,9,9
27058,112,121,-9,9
27059,178,160,18,18
27060,134,139,-5,5
27061,93,88,5,5
27062,99,98,1,1
27063,67,67,0,0
27064,76,81,-5,5
27065,80,73,7,7
27066,74,69,5,5
27067,83,85,-2,2
27068,99,114,-15,15
27069,70,60,10,10
27070,64,67,-3,3
27071,128,127,1,1
27072,93,82,11,11
27073,65,61,4,4
27074,40,39,1,1
27075,133,129,4,4
27076,97,99,-2,2
27077,89,97,-8,8
27078,73,73,0,0
27079,102,91,11,11
27080,62,62,0,0
27081,91,93,-2,2
27082,147,142,5,5
27083,70,65,5,5
27084,71,69,2,2
27085,86,84,2,2
27086,62,60,2,2
27087,104,90,14,14
27088,72,68,4,4
27089,52,52,0,0
27090,38,38,0,0
27091,67,72,-5,5
27092,196,194,2,2
27093,47,39,8,8
27094,51,55,-4,4
27095,88,89,-1,1
27096,96,96,0,0
27097,42,38,4,4
27098,101,104,-3,3
27099,105,101,4,4
27100,70,66,4,4
27101,87,101,-14,14
27102,120,124,-4,4
27103,71,69,2,2
27104,118,114,4,4
27105,71,86,-15,15
27106,101,110,-9,9
27107,80,76,4,4
27108,107,99,8,8
27109,87,80,7,7
27110,60,58,2,2
27111,56,53,3,3
27112,79,79,0,0
27113,148,146,2,2
27114,75,73,2,2
27115,53,53,0,0
27116,88,87,1,1
27117,104,130,-26,26
27118,77,65,12,12
27119,53,53,0,0
27120,114,115,-1,1
27121,74,68,6,6
27122,73,85,-12,12
27123,127,120,7,7
27124,81,75,6,6
27125,127,131,-4,4
27126,139,129,10,10
27127,78,77,1,1
27128,79,76,3,3
27129,115,108,7,7
27130,125,114,11,11
27131,141,142,-1,1
27132,127,116,11,11
27133,105,105,0,0
27134,57,60,-3,3
27135,99,103,-4,4
27136,91,88,3,3
27137,98,90,8,8
27138,114,129,-15,15
27139,74,73,1,1
27140,143,128,15,15
27141,68,71,-3,3
27142,159,152,7,7
27143,69,64,5,5
27144,72,63,9,9
27145,48,51,-3,3
27146,110,111,-1,1
27147,86,85,1,1
27148,72,74,-2,2
27149,80,75,5,5
27150,70,75,-5,5
27151,37,39,-2,2
27152,79,78,1,1
27153,53,45,8,8
27154,82,84,-2,2
27155,55,61,-6,6
27156,72,82,-10,10
27157,104,105,-1,1
27158,81,83,-2,2
27159,131,140,-9,9
27160,110,116,-6,6
27161,70,73,-3,3
27162,96,103,-7,7
27163,56,63,-7,7
27164,76,75,1,1
27165,87,91,-4,4
27166,100,94,6,6
27167,51,55,-4,4
27168,67,65,2,2
27169,50,54,-4,4
27170,72,86,-14,14
27171,69,70,-1,1
27172,96,101,-5,5
27173,90,87,3,3
27174,84,86,-2,2
27175,136,142,-6,6
27176,83,81,2,2
27177,93,96,-3,3
27178,130,152,-22,22
27179,111,116,-5,5
27180,107,119,-12,12
27181,112,122,-10,10
27182,27,37,-10,10
27183,156,148,8,8
27184,102,96,6,6
27185,122,124,-2,2
27186,114,108,6,6
27187,39,39,0,0
27188,137,134,3,3
27189,86,85,1,1
27190,83,74,9,9
27191,148,147,1,1
27192,108,109,-1,1
27193,102,96,6,6
27194,95,101,-6,6
27195,52,61,-9,9
27196,78,83,-5,5
27197,99,98,1,1
27198,124,130,-6,6
27199,94,103,-9,9
27200,120,124,-4,4
27201,102,107,-5,5
27202,128,131,-3,3
27203,64,56,8,8
27204,78,75,3,3
27205,65,72,-7,7
27206,128,134,-6,6
27207,88,77,11,11
27208,63,70,-7,7
27209,86,92,-6,6
27210,102,104,-2,2
27211,120,100,20,20
27212,95,103,-8,8
27213,83,81,2,2
27214,96,108,-12,12
27215,75,80,-5,5
27216,50,51,-1,1
27217,69,64,5,5
27218,118,105,13,13
27219,103,109,-6,6
27220,88,95,-7,7
27221,83,84,-1,1
27222,113,107,6,6
27223,89,85,4,4
27224,92,91,1,1
27225,96,99,-3,3
27226,97,124,-27,27
27227,57,53,4,4
27228,70,70,0,0
27229,79,89,-10,10
27230,81,81,0,0
27231,106,104,2,2
27232,178,173,5,5
27233,141,142,-1,1
27234,97,94,3,3
27235,152,159,-7,7
27236,82,82,0,0
27237,62,56,6,6
27238,69,75,-6,6
27239,145,141,4,4
27240,80,79,1,1
27241,124,123,1,1
27242,128,137,-9,9
27243,147,137,10,10
27244,181,193,-12,12
27245,92,93,-1,1
27246,48,52,-4,4
27247,144,145,-1,1
27248,54,61,-7,7
27249,116,110,6,6
27250,106,107,-1,1
27251,72,69,3,3
27252,139,133,6,6
27253,153,160,-7,7
27254,105,95,10,10
27255,152,145,7,7
27256,137,119,18,18
27257,123,128,-5,5
27258,49,55,-6,6
27259,80,75,5,5
27260,63,53,10,10
27261,35,61,-26,26
27262,53,57,-4,4
27263,80,85,-5,5
27264,56,52,4,4
27265,143,153,-10,10
27266,160,158,2,2
27267,98,97,1,1
27268,98,96,2,2
27269,83,89,-6,6
27270,117,130,-13,13
27271,143,143,0,0
27272,91,96,-5,5
27273,60,65,-5,5
27274,106,99,7,7
27275,33,38,-5,5
27276,65,62,3,3
27277,79,73,6,6
27278,47,39,8,8
27279,78,76,2,2
27280,108,112,-4,4
27281,59,63,-4,4
27282,75,82,-7,7
27283,130,136,-6,6
27284,75,86,-11,11
27285,89,91,-2,2
27286,85,79,6,6
27287,127,125,2,2
27288,71,82,-11,11
27289,103,102,1,1
27290,40,39,1,1
27291,57,72,-15,15
27292,142,139,3,3
27293,61,73,-12,12
27294,77,71,6,6
27295,95,102,-7,7
27296,90,74,16,16
27297,101,106,-5,5
27298,64,59,5,5
27299,154,134,20,20
27300,90,87,3,3
27301,103,105,-2,2
27302,134,131,3,3
27303,96,82,14,14
27304,48,41,7,7
27305,88,82,6,6
27306,126,125,1,1
27307,80,74,6,6
27308,66,63,3,3
27309,43,39,4,4
27310,71,64,7,7
27311,102,98,4,4
27312,78,74,4,4
27313,99,99,0,0
27314,110,110,0,0
27315,105,107,-2,2
27316,103,114,-11,11
27317,103,104,-1,1
27318,62,89,-27,27
27319,92,96,-4,4
27320,68,73,-5,5
27321,94,96,-2,2
27322,97,102,-5,5
27323,50,60,-10,10
27324,46,66,-20,20
27325,76,69,7,7
27326,127,109,18,18
27327,55,56,-1,1
27328,62,59,3,3
27329,114,117,-3,3
27330,70,65,5,5
27331,110,110,0,0
27332,115,117,-2,2
27333,102,92,10,10
27334,105,115,-10,10
27335,99,98,1,1
27336,122,123,-1,1
27337,69,70,-1,1
27338,69,61,8,8
27339,79,80,-1,1
27340,67,70,-3,3
27341,76,76,0,0
27342,54,54,0,0
27343,96,93,3,3
27344,90,88,2,2
27345,73,68,5,5
27346,76,77,-1,1
27347,48,52,-4,4
27348,104,112,-8,8
27349,64,63,1,1
27350,76,73,3,3
27351,106,107,-1,1
27352,58,57,1,1
27353,118,121,-3,3
27354,78,84,-6,6
27355,119,124,-5,5
27356,64,65,-1,1
27357,144,117,27,27
27358,112,107,5,5
27359,60,59,1,1
27360,58,84,-26,26
27361,148,168,-20,20
27362,70,66,4,4
27363,193,183,10,10
27364,90,94,-4,4
27365,50,50,0,0
27366,94,90,4,4
27367,114,107,7,7
27368,57,62,-5,5
27369,72,85,-13,13
27370,97,83,14,14
27371,121,115,6,6
27372,96,94,2,2
27373,78,84,-6,6
27374,124,135,-11,11
27375,156,159,-3,3
27376,103,94,9,9
27377,117,124,-7,7
27378,75,63,12,12
27379,101,105,-4,4
27380,45,39,6,6
27381,60,59,1,1
27382,124,128,-4,4
27383,129,130,-1,1
27384,90,93,-3,3
27385,79,88,-9,9
27386,64,67,-3,3
27387,87,96,-9,9
27388,138,139,-1,1
27389,106,109,-3,3
27390,96,100,-4,4
27391,124,123,1,1
27392,78,75,3,3
27393,99,93,6,6
27394,208,180,28,28
27395,111,106,5,5
27396,107,100,7,7
27397,92,84,8,8
27398,87,81,6,6
27399,108,119,-11,11
27400,70,61,9,9
27401,115,117,-2,2
27402,86,94,-8,8
27403,86,82,4,4
27404,165,170,-5,5
27405,59,99,-40,40
27406,111,119,-8,8
27407,196,181,15,15
27408,99,99,0,0
27409,121,100,21,21
27410,57,54,3,3
27411,78,76,2,2
27412,98,103,-5,5
27413,90,82,8,8
27414,89,91,-2,2
27415,97,94,3,3
27416,77,74,3,3
27417,78,75,3,3
27418,95,111,-16,16
27419,98,99,-1,1
27420,126,119,7,7
27421,107,109,-2,2
27422,83,85,-2,2
27423,129,134,-5,5
27424,93,96,-3,3
27425,210,191,19,19
27426,112,111,1,1
27427,51,53,-2,2
27428,93,84,9,9
27429,61,68,-7,7
27430,76,84,-8,8
27431,107,107,0,0
27432,115,101,14,14
27433,106,108,-2,2
27434,77,80,-3,3
27435,102,107,-5,5
27436,54,58,-4,4
27437,81,73,8,8
27438,64,73,-9,9
27439,134,135,-1,1
27440,124,120,4,4
27441,49,53,-4,4
27442,90,100,-10,10
27443,72,63,9,9
27444,76,78,-2,2
27445,114,110,4,4
27446,59,68,-9,9
27447,97,115,-18,18
27448,96,90,6,6
27449,177,149,28,28
27450,111,109,2,2
27451,105,114,-9,9
27452,78,87,-9,9
27453,85,94,-9,9
27454,71,68,3,3
27455,114,114,0,0
27456,78,83,-5,5
27457,164,167,-3,3
27458,75,78,-3,3
27459,128,126,2,2
27460,105,121,-16,16
27461,75,71,4,4
27462,87,90,-3,3
27463,104,102,2,2
27464,130,125,5,5
27465,101,106,-5,5
27466,81,81,0,0
27467,75,70,5,5
27468,115,114,1,1
27469,80,72,8,8
27470,54,65,-11,11
27471,93,99,-6,6
27472,142,123,19,19
27473,41,39,2,2
27474,78,81,-3,3
27475,62,61,1,1
27476,68,75,-7,7
27477,45,54,-9,9
27478,99,98,1,1
27479,92,89,3,3
27480,88,79,9,9
27481,134,144,-10,10
27482,112,104,8,8
27483,97,105,-8,8
27484,131,139,-8,8
27485,71,66,5,5
27486,39,39,0,0
27487,68,73,-5,5
27488,47,40,7,7
27489,60,57,3,3
27490,151,136,15,15
27491,81,69,12,12
27492,104,100,4,4
27493,99,107,-8,8
27494,103,99,4,4
27495,84,83,1,1
27496,92,93,-1,1
27497,108,109,-1,1
27498,124,121,3,3
27499,68,72,-4,4
27500,107,113,-6,6
27501,97,83,14,14
27502,108,104,4,4
27503,54,63,-9,9
27504,75,74,1,1
27505,43,39,4,4
27506,105,111,-6,6
27507,103,111,-8,8
27508,85,92,-7,7
27509,121,121,0,0
27510,85,87,-2,2
27511,102,95,7,7
27512,113,120,-7,7
27513,70,74,-4,4
27514,120,116,4,4
27515,106,96,10,10
27516,72,74,-2,2
27517,89,92,-3,3
27518,90,84,6,6
27519,52,51,1,1
27520,78,81,-3,3
27521,88,94,-6,6
27522,290,249,41,41
27523,98,96,2,2
27524,94,96,-2,2
27525,130,121,9,9
27526,50,61,-11,11
27527,102,99,3,3
27528,72,70,2,2
27529,79,75,4,4
27530,101,103,-2,2
27531,88,78,10,10
27532,75,76,-1,1
27533,109,123,-14,14
27534,68,64,4,4
27535,117,115,2,2
27536,112,112,0,0
27537,149,145,4,4
27538,94,101,-7,7
27539,73,70,3,3
27540,86,83,3,3
27541,68,73,-5,5
27542,94,92,2,2
27543,96,98,-2,2
27544,86,115,-29,29
27545,84,88,-4,4
27546,98,92,6,6
27547,149,142,7,7
27548,92,92,0,0
27549,72,65,7,7
27550,108,109,-1,1
27551,85,98,-13,13
27552,92,92,0,0
27553,72,74,-2,2
27554,73,79,-6,6
27555,91,94,-3,3
27556,167,179,-12,12
27557,78,87,-9,9
27558,50,60,-10,10
27559,96,83,13,13
27560,105,109,-4,4
27561,102,104,-2,2
27562,106,100,6,6
27563,138,131,7,7
27564,123,126,-3,3
27565,76,71,5,5
27566,95,95,0,0
27567,87,88,-1,1
27568,154,160,-6,6
27569,75,75,0,0
27570,137,127,10,10
27571,98,84,14,14
27572,96,97,-1,1
27573,68,72,-4,4
27574,66,72,-6,6
27575,96,99,-3,3
27576,99,101,-2,2
27577,53,63,-10,10
27578,36,63,-27,27
27579,79,84,-5,5
27580,108,108,0,0
27581,20,37,-17,17
27582,95,96,-1,1
27583,78,83,-5,5
27584,114,115,-1,1
27585,89,101,-12,12
27586,118,138,-20,20
27587,163,154,9,9
27588,64,59,5,5
27589,50,39,11,11
27590,65,65,0,0
27591,91,88,3,3
27592,126,130,-4,4
27593,96,94,2,2
27594,115,111,4,4
27595,114,115,-1,1
27596,139,120,19,19
27597,45,56,-11,11
27598,155,163,-8,8
27599,77,68,9,9
27600,105,93,12,12
27601,156,136,20,20
27602,90,91,-1,1
27603,105,97,8,8
27604,36,39,-3,3
27605,134,144,-10,10
27606,111,123,-12,12
27607,61,57,4,4
27608,97,99,-2,2
27609,76,76,0,0
27610,81,86,-5,5
27611,71,68,3,3
27612,99,94,5,5
27613,98,101,-3,3
27614,89,86,3,3
27615,153,148,5,5
27616,110,117,-7,7
27617,61,58,3,3
27618,72,77,-5,5
27619,107,107,0,0
27620,107,106,1,1
27621,116,109,7,7
27622,116,113,3,3
27623,71,68,3,3
27624,95,95,0,0
27625,99,100,-1,1
27626,59,55,4,4
27627,107,129,-22,22
27628,130,129,1,1
27629,95,79,16,16
27630,165,152,13,13
27631,171,161,10,10
27632,93,103,-10,10
27633,79,87,-8,8
27634,175,168,7,7
27635,121,123,-2,2
27636,155,158,-3,3
27637,174,178,-4,4
27638,81,70,11,11
27639,57,54,3,3
27640,180,156,24,24
27641,116,112,4,4
27642,162,165,-3,3
27643,77,82,-5,5
27644,78,77,1,1
27645,111,109,2,2
27646,87,79,8,8
27647,37,38,-1,1
27648,176,178,-2,2
27649,69,79,-10,10
27650,72,75,-3,3
27651,91,93,-2,2
27652,102,106,-4,4
27653,81,83,-2,2
27654,142,144,-2,2
27655,189,173,16,16
27656,200,191,9,9
27657,61,64,-3,3
27658,89,91,-2,2
27659,94,98,-4,4
27660,88,90,-2,2
27661,85,78,7,7
27662,88,85,3,3
27663,52,56,-4,4
27664,61,82,-21,21
27665,79,79,0,0
27666,141,138,3,3
27667,83,84,-1,1
27668,112,153,-41,41
27669,123,119,4,4
27670,54,51,3,3
27671,66,63,3,3
27672,117,118,-1,1
27673,73,72,1,1
27674,70,83,-13,13
27675,66,61,5,5
27676,105,122,-17,17
27677,77,78,-1,1
27678,100,97,3,3
27679,167,150,17,17
27680,73,71,2,2
27681,130,128,2,2
27682,87,73,14,14
27683,85,78,7,7
27684,69,72,-3,3
27685,73,74,-1,1
27686,77,82,-5,5
27687,138,138,0,0
27688,80,88,-8,8
27689,55,55,0,0
27690,117,106,11,11
27691,110,107,3,3
27692,60,56,4,4
27693,96,87,9,9
27694,85,82,3,3
27695,106,113,-7,7
27696,94,95,-1,1
27697,69,78,-9,9
27698,125,131,-6,6
27699,179,169,10,10
27700,86,85,1,1
27701,129,127,2,2
27702,82,86,-4,4
27703,91,79,12,12
27704,150,149,1,1
27705,57,60,-3,3
27706,70,66,4,4
27707,134,129,5,5
27708,71,74,-3,3
27709,74,81,-7,7
27710,83,83,0,0
27711,82,97,-15,15
27712,70,69,1,1
27713,82,91,-9,9
27714,52,55,-3,3
27715,93,87,6,6
27716,54,65,-11,11
27717,136,139,-3,3
27718,72,68,4,4
27719,86,112,-26,26
27720,108,117,-9,9
27721,93,90,3,3
27722,57,77,-20,20
27723,78,79,-1,1
27724,130,126,4,4
27725,83,87,-4,4
27726,116,102,14,14
27727,103,93,10,10
27728,79,82,-3,3
27729,43,48,-5,5
27730,100,104,-4,4
27731,77,74,3,3
27732,127,124,3,3
27733,83,81,2,2
27734,134,155,-21,21
27735,108,98,10,10
27736,122,115,7,7
27737,86,88,-2,2
27738,71,70,1,1
27739,111,113,-2,2
27740,132,122,10,10
27741,200,201,-1,1
27742,77,77,0,0
27743,131,116,15,15
27744,75,80,-5,5
27745,66,64,2,2
27746,83,81,2,2
27747,155,149,6,6
27748,104,89,15,15
27749,85,80,5,5
27750,149,137,12,12
27751,198,244,-46,46
27752,68,81,-13,13
27753,143,112,31,31
27754,118,109,9,9
27755,75,72,3,3
27756,150,179,-29,29
27757,52,57,-5,5
27758,153,154,-1,1
27759,88,97,-9,9
27760,101,114,-13,13
27761,74,68,6,6
27762,102,112,-10,10
27763,140,138,2,2
27764,71,63,8,8
27765,110,93,17,17
27766,110,113,-3,3
27767,63,63,0,0
27768,66,69,-3,3
27769,49,53,-4,4
27770,54,51,3,3
27771,86,88,-2,2
27772,58,57,1,1
27773,54,55,-1,1
27774,60,66,-6,6
27775,77,77,0,0
27776,70,78,-8,8
27777,91,90,1,1
27778,112,113,-1,1
27779,89,84,5,5
27780,80,77,3,3
27781,95,95,0,0
27782,98,91,7,7
27783,91,92,-1,1
27784,117,119,-2,2
27785,76,83,-7,7
27786,126,157,-31,31
27787,131,119,12,12
27788,65,68,-3,3
27789,90,84,6,6
27790,77,75,2,2
27791,114,114,0,0
27792,88,87,1,1
27793,90,90,0,0
27794,84,92,-8,8
27795,135,122,13,13
27796,95,91,4,4
27797,94,105,-11,11
27798,106,103,3,3
27799,75,70,5,5
27800,115,113,2,2
27801,143,147,-4,4
27802,60,59,1,1
27803,68,61,7,7
27804,73,69,4,4
27805,168,151,17,17
27806,99,105,-6,6
27807,108,107,1,1
27808,77,87,-10,10
27809,60,53,7,7
27810,79,73,6,6
27811,103,122,-19,19
27812,120,126,-6,6
27813,137,153,-16,16
27814,80,89,-9,9
27815,78,81,-3,3
27816,49,54,-5,5
27817,97,111,-14,14
27818,104,107,-3,3
27819,172,166,6,6
27820,154,154,0,0
27821,93,102,-9,9
27822,103,92,11,11
27823,51,51,0,0
27824,72,71,1,1
27825,81,85,-4,4
27826,69,62,7,7
27827,111,104,7,7
27828,106,105,1,1
27829,143,137,6,6
27830,46,39,7,7
27831,118,126,-8,8
27832,136,121,15,15
27833,103,97,6,6
27834,115,118,-3,3
27835,100,96,4,4
27836,130,125,5,5
27837,146,141,5,5
27838,106,106,0,0
27839,160,161,-1,1
27840,151,122,29,29
27841,111,108,3,3
27842,132,121,11,11
27843,70,60,10,10
27844,95,95,0,0
27845,113,111,2,2
27846,100,122,-22,22
27847,84,79,5,5
27848,144,128,16,16
27849,75,79,-4,4
27850,127,130,-3,3
27851,35,39,-4,4
27852,48,59,-11,11
27853,52,51,1,1
27854,110,113,-3,3
27855,109,107,2,2
27856,72,71,1,1
27857,99,98,1,1
27858,58,53,5,5
27859,81,72,9,9
27860,96,86,10,10
27861,71,70,1,1
27862,122,103,19,19
27863,151,146,5,5
27864,92,91,1,1
27865,69,73,-4,4
27866,111,108,3,3
27867,106,101,5,5
27868,122,121,1,1
27869,100,85,15,15
27870,62,62,0,0
27871,77,74,3,3
27872,111,110,1,1
27873,68,74,-6,6
27874,97,91,6,6
27875,118,91,27,27
27876,118,120,-2,2
27877,97,107,-10,10
27878,78,87,-9,9
27879,146,148,-2,2
27880,99,100,-1,1
27881,76,73,3,3
27882,64,58,6,6
27883,48,49,-1,1
27884,89,88,1,1
27885,59,58,1,1
27886,74,76,-2,2
27887,72,74,-2,2
27888,83,80,3,3
27889,83,73,10,10
27890,97,98,-1,1
27891,100,96,4,4
27892,181,186,-5,5
27893,37,39,-2,2
27894,64,62,2,2
27895,84,73,11,11
27896,68,64,4,4
27897,54,52,2,2
27898,85,85,0,0
27899,75,75,0,0
27900,98,94,4,4
27901,147,142,5,5
27902,138,137,1,1
27903,61,58,3,3
27904,83,91,-8,8
27905,158,146,12,12
27906,119,112,7,7
27907,88,83,5,5
27908,119,118,1,1
27909,118,107,11,11
27910,68,66,2,2
27911,49,54,-5,5
27912,112,103,9,9
27913,113,107,6,6
27914,83,89,-6,6
27915,81,90,-9,9
27916,31,39,-8,8
27917,87,77,10,10
27918,144,142,2,2
27919,133,144,-11,11
27920,137,140,-3,3
27921,95,99,-4,4
27922,80,83,-3,3
27923,109,106,3,3
27924,90,95,-5,5
27925,70,67,3,3
27926,66,68,-2,2
27927,81,70,11,11
27928,156,159,-3,3
27929,70,76,-6,6
27930,95,106,-11,11
27931,109,96,13,13
27932,61,110,-49,49
27933,40,39,1,1
27934,138,148,-10,10
27935,96,90,6,6
27936,53,65,-12,12
27937,85,94,-9,9
27938,137,130,7,7
27939,113,113,0,0
27940,127,127,0,0
27941,77,73,4,4
27942,66,69,-3,3
27943,36,39,-3,3
27944,83,91,-8,8
27945,120,108,12,12
27946,55,60,-5,5
27947,61,63,-2,2
27948,68,62,6,6
27949,93,99,-6,6
27950,173,175,-2,2
27951,58,64,-6,6
27952,75,79,-4,4
27953,83,73,10,10
27954,141,153,-12,12
27955,67,66,1,1
27956,35,40,-5,5
27957,63,69,-6,6
27958,52,54,-2,2
27959,183,177,6,6
27960,52,53,-1,1
27961,72,67,5,5
27962,77,81,-4,4
27963,61,57,4,4
27964,124,119,5,5
27965,78,84,-6,6
27966,123,124,-1,1
27967,122,124,-2,2
27968,88,93,-5,5
27969,74,78,-4,4
27970,66,75,-9,9
27971,69,81,-12,12
27972,92,97,-5,5
27973,79,76,3,3
27974,45,66,-21,21
27975,115,120,-5,5
27976,143,142,1,1
27977,99,103,-4,4
27978,129,139,-10,10
27979,103,103,0,0
27980,90,102,-12,12
27981,88,86,2,2
27982,123,126,-3,3
27983,175,155,20,20
27984,95,91,4,4
27985,105,111,-6,6
27986,65,69,-4,4
27987,66,59,7,7
27988,137,129,8,8
27989,84,87,-3,3
27990,110,103,7,7
27991,118,110,8,8
27992,114,118,-4,4
27993,97,110,-13,13
27994,90,86,4,4
27995,124,125,-1,1
27996,158,164,-6,6
27997,67,88,-21,21
27998,96,94,2,2
27999,97,95,2,2
28000,108,106,2,2
28001,106,104,2,2
28002,56,54,2,2
28003,69,69,0,0
28004,41,38,3,3
28005,67,64,3,3
28006,172,177,-5,5
28007,53,48,5,5
28008,94,86,8,8
28009,121,119,2,2
28010,97,85,12,12
28011,91,90,1,1
28012,117,98,19,19
28013,125,148,-23,23
28014,59,60,-1,1
28015,114,104,10,10
28016,87,83,4,4
28017,106,108,-2,2
28018,77,81,-4,4
28019,135,122,13,13
28020,145,134,11,11
28021,72,69,3,3
28022,53,57,-4,4
28023,149,142,7,7
28024,101,104,-3,3
28025,76,62,14,14
28026,87,95,-8,8
28027,73,65,8,8
28028,107,109,-2,2
28029,67,67,0,0
28030,67,72,-5,5
28031,80,83,-3,3
28032,91,90,1,1
28033,91,86,5,5
28034,104,120,-16,16
28035,66,57,9,9
28036,90,88,2,2
28037,71,85,-14,14
28038,118,105,13,13
28039,87,95,-8,8
28040,68,64,4,4
28041,114,123,-9,9
28042,117,122,-5,5
28043,130,125,5,5
28044,134,148,-14,14
28045,125,124,1,1
28046,74,67,7,7
28047,88,86,2,2
28048,56,72,-16,16
28049,116,115,1,1
28050,145,147,-2,2
28051,75,65,10,10
28052,71,85,-14,14
28053,50,53,-3,3
28054,97,99,-2,2
28055,55,51,4,4
28056,52,50,2,2
28057,154,132,22,22
28058,132,126,6,6
28059,180,165,15,15
28060,68,71,-3,3
28061,86,88,-2,2
28062,147,152,-5,5
28063,68,83,-15,15
28064,80,75,5,5
28065,98,90,8,8
28066,109,118,-9,9
28067,88,94,-6,6
28068,78,85,-7,7
28069,86,76,10,10
28070,42,39,3,3
28071,74,87,-13,13
28072,137,137,0,0
28073,110,108,2,2
28074,76,91,-15,15
28075,64,66,-2,2
28076,150,141,9,9
28077,116,104,12,12
28078,74,75,-1,1
28079,69,65,4,4
28080,55,51,4,4
28081,114,124,-10,10
28082,178,190,-12,12
28083,78,75,3,3
28084,71,67,4,4
28085,80,86,-6,6
28086,119,132,-13,13
28087,59,61,-2,2
28088,75,67,8,8
28089,77,88,-11,11
28090,64,69,-5,5
28091,118,112,6,6
28092,141,142,-1,1
28093,144,154,-10,10
28094,118,118,0,0
28095,90,76,14,14
28096,96,100,-4,4
28097,107,106,1,1
28098,141,152,-11,11
28099,71,57,14,14
28100,94,89,5,5
28101,196,181,15,15
28102,93,104,-11,11
28103,122,106,16,16
28104,78,85,-7,7
28105,83,103,-20,20
28106,84,78,6,6
28107,65,58,7,7
28108,165,174,-9,9
28109,116,136,-20,20
28110,91,79,12,12
28111,69,61,8,8
28112,87,81,6,6
28113,94,102,-8,8
28114,113,112,1,1
28115,169,177,-8,8
28116,112,102,10,10
28117,85,89,-4,4
28118,113,108,5,5
28119,145,136,9,9
28120,53,57,-4,4
28121,97,96,1,1
28122,102,111,-9,9
28123,107,117,-10,10
28124,88,84,4,4
28125,76,72,4,4
28126,46,38,8,8
28127,83,86,-3,3
28128,99,95,4,4
28129,118,119,-1,1
28130,85,80,5,5
28131,112,119,-7,7
28132,120,114,6,6
28133,246,228,18,18
28134,124,114,10,10
28135,64,67,-3,3
28136,118,108,10,10
28137,118,113,5,5
28138,78,80,-2,2
28139,74,80,-6,6
28140,86,83,3,3
28141,90,76,14,14
28142,132,148,-16,16
28143,125,122,3,3
28144,70,66,4,4
28145,69,66,3,3
28146,119,115,4,4
28147,144,140,4,4
28148,172,167,5,5
28149,83,79,4,4
28150,99,93,6,6
28151,104,105,-1,1
28152,127,124,3,3
28153,78,73,5,5
28154,110,98,12,12
28155,53,52,1,1
28156,79,88,-9,9
28157,47,38,9,9
28158,123,121,2,2
28159,132,134,-2,2
28160,104,107,-3,3
28161,127,125,2,2
28162,105,95,10,10
28163,65,69,-4,4
28164,100,101,-1,1
28165,192,179,13,13
28166,61,92,-31,31
28167,106,114,-8,8
28168,38,75,-37,37
28169,186,169,17,17
28170,166,156,10,10
28171,122,118,4,4
28172,141,139,2,2
28173,122,134,-12,12
28174,39,60,-21,21
28175,117,123,-6,6
28176,128,127,1,1
28177,148,145,3,3
28178,118,118,0,0
28179,96,96,0,0
28180,72,77,-5,5
28181,76,69,7,7
28182,63,59,4,4
28183,84,92,-8,8
28184,102,102,0,0
28185,75,72,3,3
28186,92,91,1,1
28187,69,70,-1,1
28188,94,85,9,9
28189,70,64,6,6
28190,112,102,10,10
28191,87,76,11,11
28192,68,70,-2,2
28193,123,137,-14,14
28194,81,67,14,14
28195,116,134,-18,18
28196,82,87,-5,5
28197,149,135,14,14
28198,60,76,-16,16
28199,59,66,-7,7
28200,110,99,11,11
28201,89,125,-36,36
28202,114,118,-4,4
28203,128,125,3,3
28204,57,62,-5,5
28205,77,84,-7,7
28206,85,85,0,0
28207,194,203,-9,9
28208,72,86,-14,14
28209,75,84,-9,9
28210,57,83,-26,26
28211,165,159,6,6
28212,99,97,2,2
28213,84,85,-1,1
28214,89,94,-5,5
28215,64,66,-2,2
28216,115,125,-10,10
28217,81,87,-6,6
28218,96,107,-11,11
28219,134,137,-3,3
28220,74,69,5,5
28221,121,143,-22,22
28222,81,95,-14,14
28223,58,53,5,5
28224,77,69,8,8
28225,97,96,1,1
28226,66,61,5,5
28227,104,107,-3,3
28228,112,118,-6,6
28229,59,58,1,1
28230,151,144,7,7
28231,111,102,9,9
28232,133,134,-1,1
28233,76,75,1,1
28234,93,97,-4,4
28235,76,73,3,3
28236,85,80,5,5
28237,151,156,-5,5
28238,76,79,-3,3
28239,79,76,3,3
28240,172,191,-19,19
28241,148,138,10,10
28242,89,91,-2,2
28243,87,81,6,6
28244,128,129,-1,1
28245,71,68,3,3
28246,72,67,5,5
28247,77,79,-2,2
28248,100,97,3,3
28249,107,112,-5,5
28250,86,87,-1,1
28251,81,74,7,7
28252,93,93,0,0
28253,56,54,2,2
28254,138,134,4,4
28255,77,83,-6,6
28256,175,180,-5,5
28257,72,71,1,1
28258,93,94,-1,1
28259,92,87,5,5
28260,104,121,-17,17
28261,132,115,17,17
28262,81,87,-6,6
28263,71,76,-5,5
28264,140,146,-6,6
28265,102,96,6,6
28266,53,55,-2,2
28267,87,92,-5,5
28268,147,147,0,0
28269,93,103,-10,10
28270,65,66,-1,1
28271,154,146,8,8
28272,222,211,11,11
28273,107,103,4,4
28274,81,76,5,5
28275,59,59,0,0
28276,63,62,1,1
28277,100,101,-1,1
28278,89,84,5,5
28279,70,65,5,5
28280,90,94,-4,4
28281,135,141,-6,6
28282,112,108,4,4
28283,102,99,3,3
28284,126,133,-7,7
28285,87,92,-5,5
28286,98,99,-1,1
28287,128,117,11,11
28288,54,54,0,0
28289,88,89,-1,1
28290,79,71,8,8
28291,177,172,5,5
28292,110,109,1,1
28293,68,73,-5,5
28294,126,130,-4,4
28295,115,116,-1,1
28296,105,111,-6,6
28297,86,86,0,0
28298,66,100,-34,34
28299,65,56,9,9
28300,78,88,-10,10
28301,87,88,-1,1
28302,108,109,-1,1
28303,46,56,-10,10
28304,106,106,0,0
28305,127,121,6,6
28306,137,141,-4,4
28307,84,75,9,9
28308,73,80,-7,7
28309,70,65,5,5
28310,76,73,3,3
28311,84,81,3,3
28312,125,98,27,27
28313,73,76,-3,3
28314,176,182,-6,6
28315,97,90,7,7
28316,128,126,2,2
28317,74,74,0,0
28318,145,144,1,1
28319,93,98,-5,5
28320,70,71,-1,1
28321,67,78,-11,11
28322,84,85,-1,1
28323,59,56,3,3
28324,92,92,0,0
28325,112,105,7,7
28326,51,52,-1,1
28327,56,55,1,1
28328,92,93,-1,1
28329,49,56,-7,7
28330,98,103,-5,5
28331,71,75,-4,4
28332,72,71,1,1
28333,68,76,-8,8
28334,87,91,-4,4
28335,121,120,1,1
28336,94,96,-2,2
28337,76,83,-7,7
28338,112,108,4,4
28339,69,61,8,8
28340,113,114,-1,1
28341,129,137,-8,8
28342,105,111,-6,6
28343,99,108,-9,9
28344,58,62,-4,4
28345,130,124,6,6
28346,85,82,3,3
28347,73,69,4,4
28348,56,43,13,13
28349,97,108,-11,11
28350,104,106,-2,2
28351,73,77,-4,4
28352,111,103,8,8
28353,73,64,9,9
28354,98,90,8,8
28355,102,110,-8,8
28356,80,73,7,7
28357,47,40,7,7
28358,102,111,-9,9
28359,76,75,1,1
28360,69,83,-14,14
28361,85,89,-4,4
28362,111,117,-6,6
28363,34,38,-4,4
28364,137,146,-9,9
28365,79,77,2,2
28366,72,80,-8,8
28367,62,65,-3,3
28368,91,92,-1,1
28369,82,86,-4,4
28370,120,137,-17,17
28371,92,98,-6,6
28372,110,116,-6,6
28373,122,122,0,0
28374,119,116,3,3
28375,183,187,-4,4
28376,61,64,-3,3
28377,97,89,8,8
28378,117,121,-4,4
28379,71,73,-2,2
28380,100,90,10,10
28381,119,114,5,5
28382,94,85,9,9
28383,94,97,-3,3
28384,97,86,11,11
28385,62,57,5,5
28386,74,74,0,0
28387,104,108,-4,4
28388,143,149,-6,6
28389,74,75,-1,1
28390,126,124,2,2
28391,64,70,-6,6
28392,97,90,7,7
28393,82,80,2,2
28394,56,63,-7,7
28395,98,105,-7,7
28396,139,137,2,2
28397,102,110,-8,8
28398,100,104,-4,4
28399,115,97,18,18
28400,138,124,14,14
28401,39,39,0,0
28402,132,137,-5,5
28403,127,133,-6,6
28404,98,91,7,7
28405,83,72,11,11
28406,106,114,-8,8
28407,161,153,8,8
28408,77,64,13,13
28409,76,90,-14,14
28410,96,90,6,6
28411,107,109,-2,2
28412,85,267,-182,182
28413,79,85,-6,6
28414,102,98,4,4
28415,57,55,2,2
28416,79,81,-2,2
28417,76,88,-12,12
28418,82,87,-5,5
28419,56,53,3,3
28420,84,81,3,3
28421,110,102,8,8
28422,183,170,13,13
28423,118,126,-8,8
28424,100,95,5,5
28425,109,100,9,9
28426,101,98,3,3
28427,57,61,-4,4
28428,89,109,-20,20
28429,148,139,9,9
28430,202,207,-5,5
28431,137,149,-12,12
28432,91,90,1,1
28433,112,110,2,2
28434,68,68,0,0
28435,83,84,-1,1
28436,72,69,3,3
28437,79,75,4,4
28438,116,118,-2,2
28439,54,55,-1,1
28440,87,90,-3,3
28441,82,85,-3,3
28442,104,102,2,2
28443,126,126,0,0
28444,106,113,-7,7
28445,116,111,5,5
28446,91,96,-5,5
28447,77,74,3,3
28448,123,149,-26,26
28449,145,139,6,6
28450,88,83,5,5
28451,95,111,-16,16
28452,79,84,-5,5
28453,91,99,-8,8
28454,133,126,7,7
28455,165,184,-19,19
28456,61,62,-1,1
28457,63,67,-4,4
28458,120,119,1,1
28459,54,50,4,4
28460,145,148,-3,3
28461,130,132,-2,2
28462,68,64,4,4
28463,55,55,0,0
28464,90,86,4,4
28465,102,93,9,9
28466,52,52,0,0
28467,102,102,0,0
28468,162,167,-5,5
28469,85,93,-8,8
28470,81,83,-2,2
28471,57,53,4,4
28472,82,77,5,5
28473,135,95,40,40
28474,43,43,0,0
28475,82,80,2,2
28476,66,66,0,0
28477,102,101,1,1
28478,70,70,0,0
28479,151,150,1,1
28480,127,129,-2,2
28481,77,69,8,8
28482,137,127,10,10
28483,83,76,7,7
28484,183,179,4,4
28485,43,38,5,5
28486,129,133,-4,4
28487,58,53,5,5
28488,73,80,-7,7
28489,67,63,4,4
28490,57,61,-4,4
28491,133,152,-19,19
28492,76,81,-5,5
28493,87,88,-1,1
28494,76,80,-4,4
28495,99,89,10,10
28496,95,99,-4,4
28497,56,57,-1,1
28498,146,140,6,6
28499,123,110,13,13
28500,93,117,-24,24
28501,71,71,0,0
28502,97,91,6,6
28503,122,112,10,10
28504,97,100,-3,3
28505,86,84,2,2
28506,87,91,-4,4
28507,134,124,10,10
28508,99,108,-9,9
28509,135,134,1,1
28510,85,84,1,1
28511,132,132,0,0
28512,54,55,-1,1
28513,77,87,-10,10
28514,63,67,-4,4
28515,138,144,-6,6
28516,58,58,0,0
28517,141,137,4,4
28518,161,164,-3,3
28519,105,119,-14,14
28520,107,116,-9,9
28521,153,167,-14,14
28522,90,89,1,1
28523,147,152,-5,5
28524,92,99,-7,7
28525,34,38,-4,4
28526,90,96,-6,6
28527,50,55,-5,5
28528,83,79,4,4
28529,127,141,-14,14
28530,59,53,6,6
28531,57,62,-5,5
28532,115,120,-5,5
28533,91,96,-5,5
28534,143,135,8,8
28535,119,113,6,6
28536,97,97,0,0
28537,155,154,1,1
28538,128,125,3,3
28539,67,67,0,0
28540,60,61,-1,1
28541,103,98,5,5
28542,128,123,5,5
28543,100,97,3,3
28544,71,70,1,1
28545,85,87,-2,2
28546,74,71,3,3
28547,172,146,26,26
28548,73,71,2,2
28549,51,52,-1,1
28550,76,77,-1,1
28551,110,108,2,2
28552,125,110,15,15
28553,49,55,-6,6
28554,145,140,5,5
28555,81,75,6,6
28556,79,97,-18,18
28557,108,107,1,1
28558,95,94,1,1
28559,66,58,8,8
28560,78,77,1,1
28561,41,38,3,3
28562,89,80,9,9
28563,60,63,-3,3
28564,88,82,6,6
28565,54,61,-7,7
28566,112,105,7,7
28567,135,124,11,11
28568,123,123,0,0
28569,76,92,-16,16
28570,82,78,4,4
28571,38,39,-1,1
28572,51,53,-2,2
28573,33,39,-6,6
28574,100,98,2,2
28575,64,73,-9,9
28576,98,103,-5,5
28577,104,96,8,8
28578,108,112,-4,4
28579,112,113,-1,1
28580,54,56,-2,2
28581,75,77,-2,2
28582,89,97,-8,8
28583,137,130,7,7
28584,66,57,9,9
28585,81,81,0,0
28586,91,96,-5,5
28587,84,85,-1,1
28588,52,47,5,5
28589,64,70,-6,6
28590,176,182,-6,6
28591,59,61,-2,2
28592,70,64,6,6
28593,69,63,6,6
28594,83,108,-25,25
28595,71,76,-5,5
28596,61,63,-2,2
28597,65,63,2,2
28598,94,114,-20,20
28599,53,55,-2,2
28600,66,58,8,8
28601,93,92,1,1
28602,66,62,4,4
28603,75,70,5,5
28604,96,102,-6,6
28605,66,62,4,4
28606,158,127,31,31
28607,80,67,13,13
28608,67,62,5,5
28609,67,67,0,0
28610,79,77,2,2
28611,57,59,-2,2
28612,66,68,-2,2
28613,44,38,6,6
28614,59,57,2,2
28615,150,141,9,9
28616,128,125,3,3
28617,74,76,-2,2
28618,38,55,-17,17
28619,51,50,1,1
28620,123,124,-1,1
28621,61,54,7,7
28622,77,63,14,14
28623,61,63,-2,2
28624,94,93,1,1
28625,104,111,-7,7
28626,62,70,-8,8
28627,115,109,6,6
28628,122,107,15,15
28629,96,100,-4,4
28630,84,86,-2,2
28631,119,116,3,3
28632,99,95,4,4
28633,85,86,-1,1
28634,118,111,7,7
28635,144,134,10,10
28636,54,55,-1,1
28637,152,145,7,7
28638,47,53,-6,6
28639,67,63,4,4
28640,81,81,0,0
28641,125,123,2,2
28642,104,98,6,6
28643,63,70,-7,7
28644,71,63,8,8
28645,56,61,-5,5
28646,144,144,0,0
28647,125,137,-12,12
28648,64,59,5,5
28649,108,97,11,11
28650,87,80,7,7
28651,66,72,-6,6
28652,83,87,-4,4
28653,102,102,0,0
28654,120,120,0,0
28655,114,115,-1,1
28656,114,112,2,2
28657,148,150,-2,2
28658,100,98,2,2
28659,76,74,2,2
28660,53,59,-6,6
28661,104,108,-4,4
28662,101,107,-6,6
28663,93,95,-2,2
28664,50,40,10,10
28665,47,49,-2,2
28666,137,138,-1,1
28667,109,104,5,5
28668,83,97,-14,14
28669,32,38,-6,6
28670,69,63,6,6
28671,92,91,1,1
28672,78,84,-6,6
28673,96,111,-15,15
28674,92,84,8,8
28675,53,52,1,1
28676,144,145,-1,1
28677,107,99,8,8
28678,112,110,2,2
28679,72,61,11,11
28680,108,101,7,7
28681,84,80,4,4
28682,54,56,-2,2
28683,82,111,-29,29
28684,98,91,7,7
28685,73,79,-6,6
28686,50,56,-6,6
28687,89,89,0,0
28688,66,62,4,4
28689,140,146,-6,6
28690,97,96,1,1
28691,77,84,-7,7
28692,106,83,23,23
28693,73,74,-1,1
28694,122,119,3,3
28695,80,77,3,3
28696,60,58,2,2
28697,90,84,6,6
28698,83,85,-2,2
28699,86,87,-1,1
28700,33,39,-6,6
28701,134,132,2,2
28702,117,120,-3,3
28703,60,58,2,2
28704,116,113,3,3
28705,110,121,-11,11
28706,129,131,-2,2
28707,88,88,0,0
28708,76,72,4,4
28709,171,174,-3,3
28710,98,84,14,14
28711,100,95,5,5
28712,66,56,10,10
28713,140,132,8,8
28714,101,88,13,13
28715,61,58,3,3
28716,89,88,1,1
28717,93,96,-3,3
28718,101,93,8,8
28719,63,72,-9,9
28720,85,90,-5,5
28721,94,99,-5,5
28722,114,140,-26,26
28723,104,112,-8,8
28724,78,76,2,2
28725,108,126,-18,18
28726,57,56,1,1
28727,38,40,-2,2
28728,69,75,-6,6
28729,106,110,-4,4
28730,77,79,-2,2
28731,235,239,-4,4
28732,98,103,-5,5
28733,111,110,1,1
28734,70,87,-17,17
28735,102,98,4,4
28736,92,96,-4,4
28737,67,74,-7,7
28738,83,90,-7,7
28739,71,67,4,4
28740,92,77,15,15
28741,59,60,-1,1
28742,90,89,1,1
28743,71,67,4,4
28744,52,57,-5,5
28745,109,96,13,13
28746,105,115,-10,10
28747,79,75,4,4
28748,81,72,9,9
28749,84,88,-4,4
28750,80,70,10,10
28751,56,65,-9,9
28752,84,82,2,2
28753,44,50,-6,6
28754,85,85,0,0
28755,62,66,-4,4
28756,83,78,5,5
28757,59,77,-18,18
28758,92,89,3,3
28759,99,107,-8,8
28760,131,152,-21,21
28761,58,58,0,0
28762,164,156,8,8
28763,132,121,11,11
28764,73,67,6,6
28765,82,84,-2,2
28766,57,58,-1,1
28767,97,110,-13,13
28768,26,38,-12,12
28769,107,100,7,7
28770,88,82,6,6
28771,84,88,-4,4
28772,82,86,-4,4
28773,141,151,-10,10
28774,78,74,4,4
28775,146,146,0,0
28776,84,77,7,7
28777,93,86,7,7
28778,74,73,1,1
28779,139,133,6,6
28780,125,129,-4,4
28781,65,65,0,0
28782,101,109,-8,8
28783,114,125,-11,11
28784,54,57,-3,3
28785,99,93,6,6
28786,83,79,4,4
28787,128,124,4,4
28788,90,95,-5,5
28789,77,75,2,2
28790,68,58,10,10
28791,78,96,-18,18
28792,76,74,2,2
28793,85,84,1,1
28794,106,111,-5,5
28795,207,184,23,23
28796,105,106,-1,1
28797,110,114,-4,4
28798,86,81,5,5
28799,166,141,25,25
28800,118,120,-2,2
28801,99,94,5,5
28802,80,92,-12,12
28803,27,38,-11,11
28804,125,116,9,9
28805,92,94,-2,2
28806,85,80,5,5
28807,91,94,-3,3
28808,61,59,2,2
28809,86,83,3,3
28810,50,52,-2,2
28811,101,104,-3,3
28812,79,65,14,14
28813,82,99,-17,17
28814,63,57,6,6
28815,100,95,5,5
28816,103,86,17,17
28817,150,146,4,4
28818,86,74,12,12
28819,72,79,-7,7
28820,54,55,-1,1
28821,136,142,-6,6
28822,60,54,6,6
28823,118,115,3,3
28824,64,56,8,8
28825,78,72,6,6
28826,76,69,7,7
28827,145,141,4,4
28828,62,69,-7,7
28829,98,103,-5,5
28830,100,102,-2,2
28831,142,139,3,3
28832,77,89,-12,12
28833,81,90,-9,9
28834,79,81,-2,2
28835,78,75,3,3
28836,84,89,-5,5
28837,63,60,3,3
28838,94,93,1,1
28839,89,86,3,3
28840,78,78,0,0
28841,132,142,-10,10
28842,151,146,5,5
28843,156,152,4,4
28844,41,55,-14,14
28845,106,108,-2,2
28846,99,98,1,1
28847,42,39,3,3
28848,79,73,6,6
28849,60,75,-15,15
28850,136,143,-7,7
28851,130,133,-3,3
28852,136,146,-10,10
28853,81,71,10,10
28854,112,111,1,1
28855,60,65,-5,5
28856,93,82,11,11
28857,103,107,-4,4
28858,180,178,2,2
28859,93,92,1,1
28860,172,172,0,0
28861,95,106,-11,11
28862,79,90,-11,11
28863,55,58,-3,3
28864,105,108,-3,3
28865,118,113,5,5
28866,111,113,-2,2
28867,66,70,-4,4
28868,146,129,17,17
28869,81,112,-31,31
28870,75,68,7,7
28871,79,86,-7,7
28872,64,59,5,5
28873,97,101,-4,4
28874,103,103,0,0
28875,68,69,-1,1
28876,74,79,-5,5
28877,80,70,10,10
28878,90,78,12,12
28879,59,55,4,4
28880,109,115,-6,6
28881,90,88,2,2
28882,71,77,-6,6
28883,108,109,-1,1
28884,83,77,6,6
28885,130,127,3,3
28886,85,89,-4,4
28887,49,59,-10,10
28888,73,71,2,2
28889,104,107,-3,3
28890,131,133,-2,2
28891,69,68,1,1
28892,102,99,3,3
28893,74,72,2,2
28894,58,56,2,2
28895,167,160,7,7
28896,144,145,-1,1
28897,108,111,-3,3
28898,70,69,1,1
28899,84,85,-1,1
28900,50,51,-1,1
28901,68,69,-1,1
28902,128,137,-9,9
28903,106,114,-8,8
28904,63,63,0,0
28905,61,92,-31,31
28906,82,78,4,4
28907,100,106,-6,6
28908,92,93,-1,1
28909,75,83,-8,8
28910,132,131,1,1
28911,85,93,-8,8
28912,183,180,3,3
28913,115,111,4,4
28914,125,126,-1,1
28915,99,98,1,1
28916,102,101,1,1
28917,125,133,-8,8
28918,75,72,3,3
28919,173,172,1,1
28920,66,70,-4,4
28921,90,83,7,7
28922,88,89,-1,1
28923,124,123,1,1
28924,70,64,6,6
28925,93,88,5,5
28926,64,59,5,5
28927,60,55,5,5
28928,134,140,-6,6
28929,104,99,5,5
28930,44,49,-5,5
28931,109,95,14,14
28932,68,63,5,5
28933,81,83,-2,2
28934,103,105,-2,2
28935,99,103,-4,4
28936,80,82,-2,2
28937,104,110,-6,6
28938,67,74,-7,7
28939,126,123,3,3
28940,53,53,0,0
28941,135,134,1,1
28942,95,81,14,14
28943,95,103,-8,8
28944,63,64,-1,1
28945,140,127,13,13
28946,71,81,-10,10
28947,79,77,2,2
28948,47,79,-32,32
28949,87,101,-14,14
28950,57,57,0,0
28951,81,82,-1,1
28952,53,52,1,1
28953,88,98,-10,10
28954,109,114,-5,5
28955,85,89,-4,4
28956,114,112,2,2
28957,81,85,-4,4
28958,85,96,-11,11
28959,95,97,-2,2
28960,61,70,-9,9
28961,65,63,2,2
28962,47,64,-17,17
28963,57,53,4,4
28964,66,75,-9,9
28965,86,91,-5,5
28966,76,74,2,2
28967,143,134,9,9
28968,79,94,-15,15
28969,87,78,9,9
28970,99,99,0,0
28971,103,119,-16,16
28972,83,77,6,6
28973,116,115,1,1
28974,128,126,2,2
28975,159,159,0,0
28976,113,104,9,9
28977,124,119,5,5
28978,81,89,-8,8
28979,66,55,11,11
28980,82,67,15,15
28981,58,62,-4,4
28982,101,108,-7,7
28983,67,79,-12,12
28984,97,86,11,11
28985,78,78,0,0
28986,104,109,-5,5
28987,117,116,1,1
28988,82,96,-14,14
28989,125,131,-6,6
28990,152,157,-5,5
28991,92,97,-5,5
28992,128,121,7,7
28993,68,68,0,0
28994,101,94,7,7
28995,96,101,-5,5
28996,98,97,1,1
28997,134,127,7,7
28998,106,111,-5,5
28999,54,52,2,2
29000,88,98,-10,10
29001,66,61,5,5
29002,99,98,1,1
29003,82,85,-3,3
29004,118,127,-9,9
29005,66,61,5,5
29006,96,93,3,3
29007,139,142,-3,3
29008,25,37,-12,12
29009,123,116,7,7
29010,130,130,0,0
29011,92,88,4,4
29012,80,69,11,11
29013,67,60,7,7
29014,71,66,5,5
29015,92,93,-1,1
29016,113,105,8,8
29017,67,82,-15,15
29018,58,62,-4,4
29019,39,87,-48,48
29020,78,84,-6,6
29021,113,101,12,12
29022,50,49,1,1
29023,66,61,5,5
29024,88,91,-3,3
29025,88,97,-9,9
29026,131,123,8,8
29027,64,79,-15,15
29028,91,92,-1,1
29029,101,89,12,12
29030,110,107,3,3
29031,56,63,-7,7
29032,77,77,0,0
29033,129,129,0,0
29034,91,104,-13,13
29035,97,103,-6,6
29036,98,99,-1,1
29037,75,75,0,0
29038,109,95,14,14
29039,64,70,-6,6
29040,71,72,-1,1
29041,54,58,-4,4
29042,59,60,-1,1
29043,145,145,0,0
29044,86,80,6,6
29045,56,54,2,2
29046,79,86,-7,7
29047,114,118,-4,4
29048,65,72,-7,7
29049,104,96,8,8
29050,61,68,-7,7
29051,155,158,-3,3
29052,106,103,3,3
29053,48,61,-13,13
29054,173,151,22,22
29055,31,39,-8,8
29056,87,91,-4,4
29057,147,148,-1,1
29058,79,79,0,0
29059,92,104,-12,12
29060,100,89,11,11
29061,118,131,-13,13
29062,83,82,1,1
29063,72,71,1,1
29064,101,94,7,7
29065,83,87,-4,4
29066,94,96,-2,2
29067,103,110,-7,7
29068,73,71,2,2
29069,179,180,-1,1
29070,115,105,10,10
29071,85,84,1,1
29072,101,100,1,1
29073,130,133,-3,3
29074,155,169,-14,14
29075,65,60,5,5
29076,116,124,-8,8
29077,71,80,-9,9
29078,78,85,-7,7
29079,129,132,-3,3
29080,78,71,7,7
29081,141,135,6,6
29082,139,127,12,12
29083,90,88,2,2
29084,174,171,3,3
29085,92,91,1,1
29086,76,74,2,2
29087,40,47,-7,7
29088,36,39,-3,3
29089,78,73,5,5
29090,89,93,-4,4
29091,63,67,-4,4
29092,79,75,4,4
29093,127,117,10,10
29094,61,65,-4,4
29095,118,79,39,39
29096,112,102,10,10
29097,131,128,3,3
29098,78,77,1,1
29099,95,94,1,1
29100,75,72,3,3
29101,170,170,0,0
29102,97,101,-4,4
29103,62,63,-1,1
29104,130,126,4,4
29105,116,134,-18,18
29106,72,77,-5,5
29107,89,85,4,4
29108,95,100,-5,5
29109,82,83,-1,1
29110,54,58,-4,4
29111,102,102,0,0
29112,106,104,2,2
29113,138,135,3,3
29114,90,94,-4,4
29115,53,62,-9,9
29116,111,98,13,13
29117,91,89,2,2
29118,84,89,-5,5
29119,116,105,11,11
29120,119,114,5,5
29121,82,85,-3,3
29122,102,96,6,6
29123,64,63,1,1
29124,40,51,-11,11
29125,104,108,-4,4
29126,73,72,1,1
29127,92,91,1,1
29128,127,112,15,15
29129,155,154,1,1
29130,82,81,1,1
29131,86,88,-2,2
29132,61,54,7,7
29133,136,127,9,9
29134,123,135,-12,12
29135,40,52,-12,12
29136,103,95,8,8
29137,145,151,-6,6
29138,92,97,-5,5
29139,60,83,-23,23
29140,71,68,3,3
29141,63,61,2,2
29142,51,52,-1,1
29143,92,93,-1,1
29144,48,54,-6,6
29145,66,60,6,6
29146,165,156,9,9
29147,114,110,4,4
29148,48,49,-1,1
29149,121,109,12,12
29150,134,132,2,2
29151,68,65,3,3
29152,34,39,-5,5
29153,68,61,7,7
29154,72,73,-1,1
29155,63,59,4,4
29156,59,65,-6,6
29157,94,96,-2,2
29158,59,57,2,2
29159,77,89,-12,12
29160,119,114,5,5
29161,134,138,-4,4
29162,120,119,1,1
29163,90,85,5,5
29164,79,77,2,2
29165,70,72,-2,2
29166,103,100,3,3
29167,111,97,14,14
29168,62,63,-1,1
29169,139,125,14,14
29170,138,144,-6,6
29171,213,215,-2,2
29172,73,73,0,0
29173,116,119,-3,3
29174,135,137,-2,2
29175,77,70,7,7
29176,89,82,7,7
29177,40,38,2,2
29178,82,75,7,7
29179,101,108,-7,7
29180,81,98,-17,17
29181,159,160,-1,1
29182,89,95,-6,6
29183,74,84,-10,10
29184,106,104,2,2
29185,53,60,-7,7
29186,98,122,-24,24
29187,96,97,-1,1
29188,116,125,-9,9
29189,68,69,-1,1
29190,74,72,2,2
29191,167,174,-7,7
29192,90,100,-10,10
29193,106,102,4,4
29194,62,55,7,7
29195,46,50,-4,4
29196,68,77,-9,9
29197,73,69,4,4
29198,78,78,0,0
29199,58,57,1,1
29200,129,125,4,4
29201,79,91,-12,12
29202,92,89,3,3
29203,34,48,-14,14
29204,81,57,24,24
29205,73,65,8,8
29206,171,177,-6,6
29207,90,99,-9,9
29208,70,82,-12,12
29209,199,211,-12,12
29210,68,62,6,6
29211,161,167,-6,6
29212,46,38,8,8
29213,61,60,1,1
29214,112,108,4,4
29215,133,125,8,8
29216,91,83,8,8
29217,80,94,-14,14
29218,160,137,23,23
29219,90,89,1,1
29220,103,93,10,10
29221,87,79,8,8
29222,148,141,7,7
29223,183,124,59,59
29224,87,86,1,1
29225,161,158,3,3
29226,80,75,5,5
29227,128,134,-6,6
29228,123,122,1,1
29229,159,151,8,8
29230,48,39,9,9
29231,77,82,-5,5
29232,87,86,1,1
29233,53,51,2,2
29234,118,114,4,4
29235,89,75,14,14
29236,76,74,2,2
29237,145,135,10,10
29238,125,114,11,11
29239,97,107,-10,10
29240,49,54,-5,5
29241,62,76,-14,14
29242,81,88,-7,7
29243,136,141,-5,5
29244,100,108,-8,8
29245,187,205,-18,18
29246,105,115,-10,10
29247,176,166,10,10
29248,113,112,1,1
29249,115,126,-11,11
29250,86,91,-5,5
29251,120,111,9,9
29252,74,83,-9,9
29253,86,100,-14,14
29254,99,111,-12,12
29255,70,66,4,4
29256,109,114,-5,5
29257,110,104,6,6
29258,102,103,-1,1
29259,156,149,7,7
29260,107,110,-3,3
29261,53,54,-1,1
29262,121,115,6,6
29263,97,96,1,1
29264,103,116,-13,13
29265,66,58,8,8
29266,108,130,-22,22
29267,59,63,-4,4
29268,64,67,-3,3
29269,70,73,-3,3
29270,86,83,3,3
29271,118,111,7,7
29272,61,65,-4,4
29273,120,109,11,11
29274,112,108,4,4
29275,176,158,18,18
29276,61,61,0,0
29277,89,105,-16,16
29278,115,103,12,12
29279,112,102,10,10
29280,110,107,3,3
29281,92,91,1,1
29282,124,118,6,6
29283,60,57,3,3
29284,70,64,6,6
29285,98,92,6,6
29286,77,81,-4,4
29287,60,55,5,5
29288,149,151,-2,2
29289,135,136,-1,1
29290,71,68,3,3
29291,47,54,-7,7
29292,141,130,11,11
29293,76,86,-10,10
29294,85,80,5,5
29295,66,65,1,1
29296,86,87,-1,1
29297,144,142,2,2
29298,74,81,-7,7
29299,181,177,4,4
29300,79,84,-5,5
29301,106,101,5,5
29302,138,134,4,4
29303,91,76,15,15
29304,76,74,2,2
29305,140,133,7,7
29306,77,78,-1,1
29307,54,61,-7,7
29308,71,75,-4,4
29309,110,98,12,12
29310,90,87,3,3
29311,116,123,-7,7
29312,83,80,3,3
29313,59,63,-4,4
29314,92,93,-1,1
29315,144,139,5,5
29316,67,56,11,11
29317,105,101,4,4
29318,62,58,4,4
29319,136,129,7,7
29320,111,113,-2,2
29321,64,69,-5,5
29322,73,59,14,14
29323,86,94,-8,8
29324,84,84,0,0
29325,74,75,-1,1
29326,135,136,-1,1
29327,119,114,5,5
29328,83,90,-7,7
29329,102,101,1,1
29330,84,93,-9,9
29331,66,119,-53,53
29332,47,38,9,9
29333,97,93,4,4
29334,106,105,1,1
29335,75,75,0,0
29336,108,121,-13,13
29337,154,152,2,2
29338,91,87,4,4
29339,75,82,-7,7
29340,155,146,9,9
29341,75,88,-13,13
29342,211,200,11,11
29343,69,63,6,6
29344,52,53,-1,1
29345,84,72,12,12
29346,89,89,0,0
29347,79,76,3,3
29348,78,81,-3,3
29349,90,86,4,4
29350,305,277,28,28
29351,83,87,-4,4
29352,193,197,-4,4
29353,124,131,-7,7
29354,46,38,8,8
29355,85,81,4,4
29356,84,89,-5,5
29357,98,97,1,1
29358,72,73,-1,1
29359,60,63,-3,3
29360,102,97,5,5
29361,92,88,4,4
29362,102,103,-1,1
29363,74,84,-10,10
29364,114,107,7,7
29365,86,94,-8,8
29366,114,118,-4,4
29367,151,167,-16,16
29368,91,90,1,1
29369,78,71,7,7
29370,153,153,0,0
29371,80,95,-15,15
29372,108,111,-3,3
29373,88,76,12,12
29374,153,145,8,8
29375,71,78,-7,7
29376,95,100,-5,5
29377,127,119,8,8
29378,139,146,-7,7
29379,46,50,-4,4
29380,124,123,1,1
29381,93,95,-2,2
29382,114,106,8,8
29383,93,88,5,5
29384,67,62,5,5
29385,110,113,-3,3
29386,63,64,-1,1
29387,70,64,6,6
29388,87,86,1,1
29389,122,121,1,1
29390,107,115,-8,8
29391,153,151,2,2
29392,94,95,-1,1
29393,101,101,0,0
29394,78,84,-6,6
29395,82,94,-12,12
29396,88,84,4,4
29397,94,86,8,8
29398,37,51,-14,14
29399,67,66,1,1
29400,85,82,3,3
29401,105,92,13,13
29402,40,63,-23,23
29403,194,184,10,10
29404,123,126,-3,3
29405,87,80,7,7
29406,102,97,5,5
29407,145,137,8,8
29408,68,64,4,4
29409,159,142,17,17
29410,82,82,0,0
29411,83,75,8,8
29412,82,81,1,1
29413,69,63,6,6
29414,103,102,1,1
29415,105,105,0,0
29416,100,114,-14,14
29417,55,51,4,4
29418,80,82,-2,2
29419,73,79,-6,6
29420,51,40,11,11
29421,124,123,1,1
29422,52,54,-2,2
29423,115,138,-23,23
29424,116,109,7,7
29425,101,105,-4,4
29426,63,55,8,8
29427,52,57,-5,5
29428,84,76,8,8
29429,142,143,-1,1
29430,71,73,-2,2
29431,82,93,-11,11
29432,85,94,-9,9
29433,74,71,3,3
29434,61,53,8,8
29435,107,115,-8,8
29436,98,98,0,0
29437,80,81,-1,1
29438,69,78,-9,9
29439,64,65,-1,1
29440,137,133,4,4
29441,77,74,3,3
29442,94,108,-14,14
29443,86,87,-1,1
29444,60,61,-1,1
29445,54,62,-8,8
29446,62,63,-1,1
29447,86,90,-4,4
29448,60,58,2,2
29449,64,61,3,3
29450,91,95,-4,4
29451,71,66,5,5
29452,78,88,-10,10
29453,104,101,3,3
29454,103,106,-3,3
29455,167,182,-15,15
29456,129,113,16,16
29457,125,143,-18,18
29458,108,116,-8,8
29459,77,79,-2,2
29460,121,126,-5,5
29461,77,73,4,4
29462,61,66,-5,5
29463,67,62,5,5
29464,96,91,5,5
29465,113,125,-12,12
29466,70,70,0,0
29467,79,74,5,5
29468,91,97,-6,6
29469,86,96,-10,10
29470,74,72,2,2
29471,78,85,-7,7
29472,117,106,11,11
29473,82,67,15,15
29474,79,81,-2,2
29475,138,156,-18,18
29476,92,85,7,7
29477,69,64,5,5
29478,81,90,-9,9
29479,73,75,-2,2
29480,100,104,-4,4
29481,51,41,10,10
29482,60,59,1,1
29483,109,103,6,6
29484,131,132,-1,1
29485,71,74,-3,3
29486,77,84,-7,7
29487,97,109,-12,12
29488,69,68,1,1
29489,124,118,6,6
29490,69,67,2,2
29491,131,127,4,4
29492,87,90,-3,3
29493,178,185,-7,7
29494,111,111,0,0
29495,122,110,12,12
29496,155,149,6,6
29497,136,116,20,20
29498,113,127,-14,14
29499,64,69,-5,5
29500,111,112,-1,1
29501,94,94,0,0
29502,58,62,-4,4
29503,89,84,5,5
29504,82,80,2,2
29505,87,93,-6,6
29506,50,58,-8,8
29507,79,75,4,4
29508,140,128,12,12
29509,134,216,-82,82
29510,119,115,4,4
29511,140,148,-8,8
29512,119,120,-1,1
29513,52,54,-2,2
29514,124,138,-14,14
29515,131,108,23,23
29516,45,50,-5,5
29517,70,65,5,5
29518,99,102,-3,3
29519,82,81,1,1
29520,73,67,6,6
29521,120,130,-10,10
29522,107,113,-6,6
29523,88,90,-2,2
29524,82,84,-2,2
29525,59,57,2,2
29526,90,103,-13,13
29527,56,61,-5,5
29528,113,115,-2,2
29529,78,71,7,7
29530,61,69,-8,8
29531,89,91,-2,2
29532,44,52,-8,8
29533,62,56,6,6
29534,111,114,-3,3
29535,75,74,1,1
29536,74,71,3,3
29537,79,70,9,9
29538,89,92,-3,3
29539,94,94,0,0
29540,116,113,3,3
29541,120,111,9,9
29542,180,178,2,2
29543,48,39,9,9
29544,85,85,0,0
29545,112,106,6,6
29546,114,96,18,18
29547,78,77,1,1
29548,111,129,-18,18
29549,71,73,-2,2
29550,64,67,-3,3
29551,47,48,-1,1
29552,85,90,-5,5
29553,90,99,-9,9
29554,137,127,10,10
29555,138,142,-4,4
29556,64,59,5,5
29557,78,76,2,2
29558,42,38,4,4
29559,98,95,3,3
29560,59,51,8,8
29561,76,85,-9,9
29562,106,101,5,5
29563,33,39,-6,6
29564,121,124,-3,3
29565,108,102,6,6
29566,76,80,-4,4
29567,64,61,3,3
29568,73,62,11,11
29569,112,111,1,1
29570,105,101,4,4
29571,59,67,-8,8
29572,205,185,20,20
29573,78,88,-10,10
29574,79,89,-10,10
29575,123,123,0,0
29576,83,87,-4,4
29577,115,122,-7,7
29578,75,74,1,1
29579,86,90,-4,4
29580,111,127,-16,16
29581,82,111,-29,29
29582,157,162,-5,5
29583,58,58,0,0
29584,101,99,2,2
29585,99,100,-1,1
29586,96,96,0,0
29587,133,147,-14,14
29588,93,94,-1,1
29589,79,76,3,3
29590,87,73,14,14
29591,101,111,-10,10
29592,73,73,0,0
29593,76,72,4,4
29594,110,99,11,11
29595,100,100,0,0
29596,87,91,-4,4
29597,126,135,-9,9
29598,81,75,6,6
29599,70,82,-12,12
29600,139,142,-3,3
29601,74,71,3,3
29602,147,125,22,22
29603,92,86,6,6
29604,133,116,17,17
29605,87,86,1,1
29606,96,101,-5,5
29607,70,99,-29,29
29608,75,83,-8,8
29609,121,115,6,6
29610,88,88,0,0
29611,96,102,-6,6
29612,196,144,52,52
29613,90,96,-6,6
29614,110,109,1,1
29615,59,55,4,4
29616,131,129,2,2
29617,56,55,1,1
29618,98,104,-6,6
29619,94,90,4,4
29620,73,80,-7,7
29621,52,43,9,9
29622,97,91,6,6
29623,119,116,3,3
29624,94,84,10,10
29625,144,143,1,1
29626,128,125,3,3
29627,81,76,5,5
29628,101,94,7,7
29629,138,134,4,4
29630,68,64,4,4
29631,124,111,13,13
29632,61,73,-12,12
29633,118,107,11,11
29634,69,70,-1,1
29635,84,89,-5,5
29636,175,163,12,12
29637,54,52,2,2
29638,72,84,-12,12
29639,82,73,9,9
29640,102,94,8,8
29641,107,110,-3,3
29642,110,108,2,2
29643,128,129,-1,1
29644,132,138,-6,6
29645,80,76,4,4
29646,60,68,-8,8
29647,54,61,-7,7
29648,89,94,-5,5
29649,90,97,-7,7
29650,62,80,-18,18
29651,64,84,-20,20
29652,74,63,11,11
29653,123,208,-85,85
29654,77,74,3,3
29655,79,75,4,4
29656,88,91,-3,3
29657,77,85,-8,8
29658,96,101,-5,5
29659,80,80,0,0
29660,104,105,-1,1
29661,46,50,-4,4
29662,70,78,-8,8
29663,93,101,-8,8
29664,103,99,4,4
29665,117,108,9,9
29666,80,85,-5,5
29667,93,91,2,2
29668,88,93,-5,5
29669,101,95,6,6
29670,69,69,0,0
29671,97,94,3,3
29672,56,54,2,2
29673,101,100,1,1
29674,122,119,3,3
29675,95,97,-2,2
29676,113,113,0,0
29677,150,139,11,11
29678,164,174,-10,10
29679,87,88,-1,1
29680,128,125,3,3
29681,66,66,0,0
29682,68,58,10,10
29683,120,115,5,5
29684,151,154,-3,3
29685,72,64,8,8
29686,89,97,-8,8
29687,231,220,11,11
29688,49,65,-16,16
29689,68,64,4,4
29690,81,80,1,1
29691,96,99,-3,3
29692,123,114,9,9
29693,88,86,2,2
29694,188,190,-2,2
29695,78,70,8,8
29696,78,79,-1,1
29697,105,111,-6,6
29698,102,100,2,2
29699,74,83,-9,9
29700,74,77,-3,3
29701,63,72,-9,9
29702,106,106,0,0
29703,90,86,4,4
29704,100,96,4,4
29705,106,104,2,2
29706,74,78,-4,4
29707,75,80,-5,5
29708,119,133,-14,14
29709,115,117,-2,2
29710,125,116,9,9
29711,106,104,2,2
29712,113,117,-4,4
29713,81,78,3,3
29714,84,82,2,2
29715,79,90,-11,11
29716,129,126,3,3
29717,55,53,2,2
29718,99,103,-4,4
29719,88,96,-8,8
29720,129,115,14,14
29721,92,93,-1,1
29722,113,119,-6,6
29723,67,68,-1,1
29724,96,110,-14,14
29725,64,70,-6,6
29726,132,146,-14,14
29727,172,161,11,11
29728,104,110,-6,6
29729,83,77,6,6
29730,70,85,-15,15
29731,104,104,0,0
29732,78,68,10,10
29733,66,83,-17,17
29734,81,80,1,1
29735,63,64,-1,1
29736,74,79,-5,5
29737,109,95,14,14
29738,70,67,3,3
29739,91,84,7,7
29740,95,94,1,1
29741,76,81,-5,5
29742,68,64,4,4
29743,92,91,1,1
29744,65,62,3,3
29745,36,39,-3,3
29746,105,107,-2,2
29747,110,109,1,1
29748,121,115,6,6
29749,49,39,10,10
29750,98,85,13,13
29751,117,113,4,4
29752,52,101,-49,49
29753,84,87,-3,3
29754,148,147,1,1
29755,63,61,2,2
29756,63,70,-7,7
29757,92,95,-3,3
29758,85,81,4,4
29759,93,89,4,4
29760,88,76,12,12
29761,80,83,-3,3
29762,83,85,-2,2
29763,61,65,-4,4
29764,76,79,-3,3
29765,81,90,-9,9
29766,75,66,9,9
29767,61,53,8,8
29768,110,104,6,6
29769,91,86,5,5
29770,63,55,8,8
29771,126,131,-5,5
29772,102,92,10,10
29773,102,99,3,3
29774,107,104,3,3
29775,49,52,-3,3
29776,71,76,-5,5
29777,70,86,-16,16
29778,94,99,-5,5
29779,201,197,4,4
29780,80,84,-4,4
29781,62,58,4,4
29782,97,97,0,0
29783,77,78,-1,1
29784,74,83,-9,9
29785,55,57,-2,2
29786,88,86,2,2
29787,27,38,-11,11
29788,64,60,4,4
29789,95,113,-18,18
29790,74,77,-3,3
29791,99,111,-12,12
29792,68,66,2,2
29793,65,67,-2,2
29794,97,104,-7,7
29795,73,71,2,2
29796,88,98,-10,10
29797,121,131,-10,10
29798,102,95,7,7
29799,101,109,-8,8
29800,78,86,-8,8
29801,156,149,7,7
29802,76,84,-8,8
29803,66,61,5,5
29804,91,102,-11,11
29805,82,76,6,6
29806,150,155,-5,5
29807,46,39,7,7
29808,164,169,-5,5
29809,134,136,-2,2
29810,124,123,1,1
29811,75,76,-1,1
29812,64,69,-5,5
29813,207,199,8,8
29814,125,130,-5,5
29815,143,134,9,9
29816,79,72,7,7
29817,62,62,0,0
29818,149,159,-10,10
29819,136,136,0,0
29820,48,50,-2,2
29821,117,109,8,8
29822,50,55,-5,5
29823,88,85,3,3
29824,62,64,-2,2
29825,37,39,-2,2
29826,142,131,11,11
29827,59,58,1,1
29828,123,123,0,0
29829,78,74,4,4
29830,117,111,6,6
29831,84,90,-6,6
29832,191,187,4,4
29833,176,165,11,11
29834,68,65,3,3
29835,58,53,5,5
29836,74,75,-1,1
29837,166,166,0,0
29838,178,174,4,4
29839,102,105,-3,3
29840,106,101,5,5
29841,121,128,-7,7
29842,157,159,-2,2
29843,60,55,5,5
29844,116,114,2,2
29845,133,138,-5,5
29846,50,49,1,1
29847,90,93,-3,3
29848,138,130,8,8
29849,216,215,1,1
29850,114,117,-3,3
29851,107,111,-4,4
29852,68,60,8,8
29853,52,57,-5,5
29854,139,133,6,6
29855,98,89,9,9
29856,143,138,5,5
29857,97,87,10,10
29858,80,85,-5,5
29859,60,54,6,6
29860,104,104,0,0
29861,102,105,-3,3
29862,155,155,0,0
29863,157,148,9,9
29864,122,110,12,12
29865,89,88,1,1
29866,68,67,1,1
29867,68,66,2,2
29868,102,108,-6,6
29869,107,116,-9,9
29870,62,59,3,3
29871,145,153,-8,8
29872,92,92,0,0
29873,113,109,4,4
29874,72,64,8,8
29875,67,66,1,1
29876,86,88,-2,2
29877,78,82,-4,4
29878,94,99,-5,5
29879,103,90,13,13
29880,145,156,-11,11
29881,74,83,-9,9
29882,128,136,-8,8
29883,146,123,23,23
29884,54,58,-4,4
29885,162,157,5,5
29886,150,154,-4,4
29887,57,63,-6,6
29888,118,121,-3,3
29889,37,38,-1,1
29890,121,112,9,9
29891,130,122,8,8
29892,62,63,-1,1
29893,66,66,0,0
29894,119,99,20,20
29895,120,113,7,7
29896,100,104,-4,4
29897,121,134,-13,13
29898,85,93,-8,8
29899,99,95,4,4
29900,63,66,-3,3
29901,98,91,7,7
29902,62,58,4,4
29903,78,77,1,1
29904,61,58,3,3
29905,110,103,7,7
29906,90,92,-2,2
29907,125,102,23,23
29908,59,51,8,8
29909,83,77,6,6
29910,103,116,-13,13
29911,66,66,0,0
29912,131,134,-3,3
29913,72,77,-5,5
29914,56,56,0,0
29915,110,110,0,0
29916,72,75,-3,3
29917,120,128,-8,8
29918,82,86,-4,4
29919,79,86,-7,7
29920,169,168,1,1
29921,140,153,-13,13
29922,139,135,4,4
29923,53,57,-4,4
29924,93,104,-11,11
29925,95,88,7,7
29926,91,90,1,1
29927,96,92,4,4
29928,115,114,1,1
29929,80,70,10,10
29930,61,56,5,5
29931,125,133,-8,8
29932,79,77,2,2
29933,113,106,7,7
29934,113,119,-6,6
29935,79,82,-3,3
29936,143,136,7,7
29937,69,84,-15,15
29938,71,98,-27,27
29939,67,68,-1,1
29940,53,49,4,4
29941,132,145,-13,13
29942,129,125,4,4
29943,85,85,0,0
29944,107,110,-3,3
29945,143,141,2,2
29946,57,49,8,8
29947,99,98,1,1
29948,54,59,-5,5
29949,102,111,-9,9
29950,64,62,2,2
29951,86,99,-13,13
29952,88,87,1,1
29953,170,159,11,11
29954,71,73,-2,2
29955,127,131,-4,4
29956,61,61,0,0
29957,63,65,-2,2
29958,46,50,-4,4
29959,78,71,7,7
29960,85,93,-8,8
29961,86,75,11,11
29962,91,86,5,5
29963,75,71,4,4
29964,75,76,-1,1
29965,73,97,-24,24
29966,74,70,4,4
29967,69,74,-5,5
29968,77,70,7,7
29969,119,122,-3,3
29970,77,91,-14,14
29971,143,143,0,0
29972,132,139,-7,7
29973,89,93,-4,4
29974,60,57,3,3
29975,131,140,-9,9
29976,83,74,9,9
29977,80,79,1,1
29978,92,88,4,4
29979,187,194,-7,7
29980,128,132,-4,4
29981,151,146,5,5
29982,44,39,5,5
29983,83,86,-3,3
29984,78,73,5,5
29985,81,83,-2,2
29986,73,78,-5,5
29987,138,142,-4,4
29988,45,39,6,6
29989,58,62,-4,4
29990,105,107,-2,2
29991,103,103,0,0
29992,91,91,0,0
29993,48,52,-4,4
29994,74,82,-8,8
29995,104,92,12,12
29996,69,73,-4,4
29997,62,64,-2,2
29998,140,162,-22,22
29999,129,155,-26,26
30000,98,95,3,3
30001,99,97,2,2
30002,71,66,5,5
30003,149,167,-18,18
30004,101,106,-5,5
30005,114,126,-12,12
30006,181,180,1,1
30007,112,124,-12,12
30008,112,112,0,0
30009,95,96,-1,1
30010,133,133,0,0
30011,168,158,10,10
30012,24,38,-14,14
30013,119,117,2,2
30014,102,101,1,1
30015,84,81,3,3
30016,134,132,2,2
30017,69,63,6,6
30018,66,59,7,7
30019,74,66,8,8
30020,113,111,2,2
30021,64,70,-6,6
30022,79,76,3,3
30023,103,88,15,15
30024,107,106,1,1
30025,66,72,-6,6
30026,88,89,-1,1
30027,158,169,-11,11
30028,123,113,10,10
30029,73,83,-10,10
30030,105,103,2,2
30031,65,65,0,0
30032,119,122,-3,3
30033,68,65,3,3
30034,64,64,0,0
30035,74,71,3,3
30036,23,38,-15,15
30037,97,95,2,2
30038,124,122,2,2
30039,72,71,1,1
30040,132,132,0,0
30041,42,54,-12,12
30042,121,114,7,7
30043,89,87,2,2
30044,113,115,-2,2
30045,114,110,4,4
30046,57,54,3,3
30047,63,63,0,0
30048,121,122,-1,1
30049,144,141,3,3
30050,118,118,0,0
30051,64,61,3,3
30052,121,117,4,4
30053,135,132,3,3
30054,80,83,-3,3
30055,110,105,5,5
30056,100,100,0,0
30057,94,101,-7,7
30058,83,80,3,3
30059,87,95,-8,8
30060,67,64,3,3
30061,95,107,-12,12
30062,88,85,3,3
30063,93,95,-2,2
30064,91,78,13,13
30065,133,132,1,1
30066,77,98,-21,21
30067,106,112,-6,6
30068,53,55,-2,2
30069,89,95,-6,6
30070,154,132,22,22
30071,98,105,-7,7
30072,54,55,-1,1
30073,79,84,-5,5
30074,115,114,1,1
30075,135,139,-4,4
30076,81,80,1,1
30077,56,72,-16,16
30078,54,63,-9,9
30079,73,63,10,10
30080,80,86,-6,6
30081,114,109,5,5
30082,170,187,-17,17
30083,124,121,3,3
30084,63,60,3,3
30085,93,109,-16,16
30086,77,72,5,5
30087,178,178,0,0
30088,67,65,2,2
30089,72,65,7,7
30090,60,60,0,0
30091,64,63,1,1
30092,85,84,1,1
30093,158,157,1,1
30094,124,117,7,7
30095,70,120,-50,50
30096,61,63,-2,2
30097,110,123,-13,13
30098,94,103,-9,9
30099,161,154,7,7
30100,98,101,-3,3
30101,165,161,4,4
30102,82,88,-6,6
30103,102,110,-8,8
30104,105,105,0,0
30105,85,99,-14,14
30106,106,113,-7,7
30107,91,85,6,6
30108,86,92,-6,6
30109,44,38,6,6
30110,96,102,-6,6
30111,114,111,3,3
30112,83,84,-1,1
30113,24,35,-11,11
30114,75,82,-7,7
30115,140,151,-11,11
30116,46,44,2,2
30117,80,78,2,2
30118,82,102,-20,20
30119,125,124,1,1
30120,56,57,-1,1
30121,76,75,1,1
30122,44,39,5,5
30123,102,93,9,9
30124,146,145,1,1
30125,46,49,-3,3
30126,80,84,-4,4
30127,117,128,-11,11
30128,85,78,7,7
30129,60,56,4,4
30130,81,91,-10,10
30131,42,39,3,3
30132,79,89,-10,10
30133,98,94,4,4
30134,110,106,4,4
30135,74,70,4,4
30136,54,53,1,1
30137,113,122,-9,9
30138,78,91,-13,13
30139,52,49,3,3
30140,449,478,-29,29
30141,121,122,-1,1
30142,68,63,5,5
30143,35,39,-4,4
30144,36,39,-3,3
30145,81,88,-7,7
30146,155,156,-1,1
30147,207,192,15,15
30148,105,111,-6,6
30149,66,72,-6,6
30150,105,91,14,14
30151,63,57,6,6
30152,97,95,2,2
30153,114,107,7,7
30154,69,67,2,2
30155,181,188,-7,7
30156,58,63,-5,5
30157,56,59,-3,3
30158,41,39,2,2
30159,61,64,-3,3
30160,108,115,-7,7
30161,113,109,4,4
30162,46,39,7,7
30163,85,82,3,3
30164,109,115,-6,6
30165,144,150,-6,6
30166,45,78,-33,33
30167,56,54,2,2
30168,71,63,8,8
30169,83,72,11,11
30170,72,75,-3,3
30171,92,85,7,7
30172,97,118,-21,21
30173,52,54,-2,2
30174,135,142,-7,7
30175,69,71,-2,2
30176,88,93,-5,5
30177,79,74,5,5
30178,74,71,3,3
30179,74,74,0,0
30180,102,109,-7,7
30181,154,145,9,9
30182,225,221,4,4
30183,98,105,-7,7
30184,77,78,-1,1
30185,164,150,14,14
30186,144,116,28,28
30187,75,71,4,4
30188,142,157,-15,15
30189,115,118,-3,3
30190,81,81,0,0
30191,103,109,-6,6
30192,94,102,-8,8
30193,76,93,-17,17
30194,50,52,-2,2
30195,108,121,-13,13
30196,146,142,4,4
30197,90,90,0,0
30198,129,129,0,0
30199,74,88,-14,14
30200,105,99,6,6
30201,91,90,1,1
30202,121,130,-9,9
30203,109,96,13,13
30204,85,102,-17,17
30205,111,119,-8,8
30206,136,135,1,1
30207,74,70,4,4
30208,89,97,-8,8
30209,102,101,1,1
30210,63,54,9,9
30211,113,116,-3,3
30212,92,80,12,12
30213,87,89,-2,2
30214,98,97,1,1
30215,111,113,-2,2
30216,116,106,10,10
30217,133,137,-4,4
30218,160,152,8,8
30219,86,85,1,1
30220,132,134,-2,2
30221,110,107,3,3
30222,53,54,-1,1
30223,95,94,1,1
30224,88,88,0,0
30225,56,56,0,0
30226,75,77,-2,2
30227,76,74,2,2
30228,47,41,6,6
30229,96,91,5,5
30230,39,60,-21,21
30231,159,147,12,12
30232,61,62,-1,1
30233,53,52,1,1
30234,84,86,-2,2
30235,85,81,4,4
30236,82,89,-7,7
30237,88,93,-5,5
30238,87,83,4,4
30239,111,112,-1,1
30240,161,155,6,6
30241,131,134,-3,3
30242,89,81,8,8
30243,156,155,1,1
30244,61,60,1,1
30245,94,102,-8,8
30246,102,88,14,14
30247,167,178,-11,11
30248,182,176,6,6
30249,59,54,5,5
30250,162,151,11,11
30251,132,130,2,2
30252,66,59,7,7
30253,88,88,0,0
30254,106,91,15,15
30255,59,59,0,0
30256,86,92,-6,6
30257,45,50,-5,5
30258,42,52,-10,10
30259,54,51,3,3
30260,79,83,-4,4
30261,139,148,-9,9
30262,98,102,-4,4
30263,113,115,-2,2
30264,87,86,1,1
30265,55,60,-5,5
30266,47,49,-2,2
30267,93,102,-9,9
30268,55,57,-2,2
30269,113,147,-34,34
30270,87,80,7,7
30271,138,141,-3,3
30272,106,97,9,9
30273,76,77,-1,1
30274,89,87,2,2
30275,90,86,4,4
30276,119,116,3,3
30277,106,106,0,0
30278,89,89,0,0
30279,80,85,-5,5
30280,77,78,-1,1
30281,138,129,9,9
30282,99,95,4,4
30283,70,77,-7,7
30284,107,106,1,1
30285,64,65,-1,1
30286,123,122,1,1
30287,75,83,-8,8
30288,46,53,-7,7
30289,94,96,-2,2
30290,68,65,3,3
30291,116,127,-11,11
30292,68,78,-10,10
30293,42,39,3,3
30294,74,60,14,14
30295,102,107,-5,5
30296,111,109,2,2
30297,102,111,-9,9
30298,155,183,-28,28
30299,97,103,-6,6
30300,75,73,2,2
30301,158,176,-18,18
30302,66,54,12,12
30303,72,70,2,2
30304,197,170,27,27
30305,133,117,16,16
30306,103,113,-10,10
30307,119,117,2,2
30308,88,93,-5,5
30309,56,62,-6,6
30310,59,66,-7,7
30311,73,85,-12,12
30312,100,96,4,4
30313,83,77,6,6
30314,104,104,0,0
30315,91,98,-7,7
30316,86,89,-3,3
30317,62,58,4,4
30318,90,102,-12,12
30319,79,80,-1,1
30320,127,129,-2,2
30321,108,118,-10,10
30322,38,70,-32,32
30323,63,72,-9,9
30324,55,55,0,0
30325,111,94,17,17
30326,53,57,-4,4
30327,77,74,3,3
30328,143,151,-8,8
30329,136,132,4,4
30330,47,54,-7,7
30331,85,80,5,5
30332,96,97,-1,1
30333,87,85,2,2
30334,87,88,-1,1
30335,144,135,9,9
30336,105,99,6,6
30337,96,105,-9,9
30338,78,81,-3,3
30339,140,159,-19,19
30340,69,66,3,3
30341,41,47,-6,6
30342,73,82,-9,9
30343,75,72,3,3
30344,54,57,-3,3
30345,71,75,-4,4
30346,92,98,-6,6
30347,78,81,-3,3
30348,106,105,1,1
30349,77,80,-3,3
30350,74,71,3,3
30351,59,55,4,4
30352,94,109,-15,15
30353,86,84,2,2
30354,102,113,-11,11
30355,87,93,-6,6
30356,121,123,-2,2
30357,75,68,7,7
30358,108,106,2,2
30359,174,162,12,12
30360,119,115,4,4
30361,84,86,-2,2
30362,98,98,0,0
30363,84,91,-7,7
30364,89,83,6,6
30365,87,76,11,11
30366,43,52,-9,9
30367,95,105,-10,10
30368,62,65,-3,3
30369,97,105,-8,8
30370,110,108,2,2
30371,102,109,-7,7
30372,95,101,-6,6
30373,84,87,-3,3
30374,88,89,-1,1
30375,101,101,0,0
30376,154,160,-6,6
30377,159,158,1,1
30378,103,98,5,5
30379,75,76,-1,1
30380,119,110,9,9
30381,27,38,-11,11
30382,77,81,-4,4
30383,169,156,13,13
30384,151,158,-7,7
30385,72,65,7,7
30386,145,129,16,16
30387,62,69,-7,7
30388,52,68,-16,16
30389,69,76,-7,7
30390,74,74,0,0
30391,102,84,18,18
30392,91,97,-6,6
30393,93,91,2,2
30394,81,82,-1,1
30395,137,137,0,0
30396,157,164,-7,7
30397,48,47,1,1
30398,122,125,-3,3
30399,64,63,1,1
30400,175,174,1,1
30401,74,62,12,12
30402,47,51,-4,4
30403,103,104,-1,1
30404,88,93,-5,5
30405,64,81,-17,17
30406,94,94,0,0
30407,111,109,2,2
30408,209,191,18,18
30409,80,79,1,1
30410,108,114,-6,6
30411,103,100,3,3
30412,93,121,-28,28
30413,86,90,-4,4
30414,105,103,2,2
30415,110,107,3,3
30416,82,86,-4,4
30417,69,62,7,7
30418,43,40,3,3
30419,74,80,-6,6
30420,131,120,11,11
30421,137,144,-7,7
30422,110,122,-12,12
30423,61,66,-5,5
30424,90,89,1,1
30425,78,72,6,6
30426,82,87,-5,5
30427,82,85,-3,3
30428,66,63,3,3
30429,136,142,-6,6
30430,112,105,7,7
30431,71,72,-1,1
30432,114,119,-5,5
30433,105,158,-53,53
30434,93,83,10,10
30435,122,131,-9,9
30436,167,175,-8,8
30437,67,59,8,8
30438,62,81,-19,19
30439,116,113,3,3
30440,120,109,11,11
30441,126,126,0,0
30442,110,109,1,1
30443,85,88,-3,3
30444,124,120,4,4
30445,129,135,-6,6
30446,99,119,-20,20
30447,172,170,2,2
30448,76,80,-4,4
30449,64,63,1,1
30450,138,129,9,9
30451,59,58,1,1
30452,123,117,6,6
30453,140,108,32,32
30454,67,65,2,2
30455,211,206,5,5
30456,155,148,7,7
30457,84,97,-13,13
30458,125,127,-2,2
30459,72,69,3,3
30460,121,131,-10,10
30461,121,129,-8,8
30462,141,147,-6,6
30463,67,64,3,3
30464,73,98,-25,25
30465,107,112,-5,5
30466,72,63,9,9
30467,65,68,-3,3
30468,82,78,4,4
30469,87,77,10,10
30470,87,84,3,3
30471,52,54,-2,2
30472,84,81,3,3
30473,81,77,4,4
30474,75,83,-8,8
30475,126,129,-3,3
30476,45,42,3,3
30477,48,53,-5,5
30478,77,83,-6,6
30479,150,137,13,13
30480,100,100,0,0
30481,128,139,-11,11
30482,86,87,-1,1
30483,72,61,11,11
30484,108,108,0,0
30485,61,37,24,24
30486,121,127,-6,6
30487,132,135,-3,3
30488,112,120,-8,8
30489,148,148,0,0
30490,89,105,-16,16
30491,47,54,-7,7
30492,75,75,0,0
30493,113,131,-18,18
30494,82,88,-6,6
30495,82,85,-3,3
30496,155,148,7,7
30497,114,108,6,6
30498,85,93,-8,8
30499,97,101,-4,4
30500,117,107,10,10
30501,57,58,-1,1
30502,121,122,-1,1
30503,50,52,-2,2
30504,32,37,-5,5
30505,126,126,0,0
30506,85,89,-4,4
30507,45,54,-9,9
30508,105,100,5,5
30509,84,87,-3,3
30510,99,94,5,5
30511,129,98,31,31
30512,115,115,0,0
30513,127,134,-7,7
30514,42,65,-23,23
30515,86,94,-8,8
30516,106,106,0,0
30517,108,106,2,2
30518,143,145,-2,2
30519,98,108,-10,10
30520,131,108,23,23
30521,117,120,-3,3
30522,82,78,4,4
30523,79,81,-2,2
30524,58,56,2,2
30525,96,92,4,4
30526,105,96,9,9
30527,103,101,2,2
30528,72,87,-15,15
30529,108,119,-11,11
30530,155,155,0,0
30531,164,157,7,7
30532,60,57,3,3
30533,130,125,5,5
30534,123,120,3,3
30535,104,111,-7,7
30536,79,77,2,2
30537,136,136,0,0
30538,130,132,-2,2
30539,135,122,13,13
30540,77,74,3,3
30541,136,132,4,4
30542,107,85,22,22
30543,127,121,6,6
30544,116,120,-4,4
30545,132,133,-1,1
30546,88,83,5,5
30547,74,67,7,7
30548,71,81,-10,10
30549,53,54,-1,1
30550,57,54,3,3
30551,189,189,0,0
30552,49,49,0,0
30553,124,132,-8,8
30554,127,126,1,1
30555,45,58,-13,13
30556,110,119,-9,9
30557,104,111,-7,7
30558,82,83,-1,1
30559,133,132,1,1
30560,229,214,15,15
30561,64,67,-3,3
30562,107,96,11,11
30563,109,115,-6,6
30564,174,169,5,5
30565,176,176,0,0
30566,101,94,7,7
30567,113,110,3,3
30568,139,132,7,7
30569,56,56,0,0
30570,75,72,3,3
30571,89,89,0,0
30572,34,38,-4,4
30573,130,132,-2,2
30574,81,75,6,6
30575,103,116,-13,13
30576,99,101,-2,2
30577,136,143,-7,7
30578,37,39,-2,2
30579,82,75,7,7
30580,125,127,-2,2
30581,121,120,1,1
30582,94,91,3,3
30583,67,63,4,4
30584,110,121,-11,11
30585,82,81,1,1
30586,106,119,-13,13
30587,154,149,5,5
30588,97,98,-1,1
30589,65,64,1,1
30590,81,88,-7,7
30591,53,54,-1,1
30592,123,116,7,7
30593,123,114,9,9
30594,60,51,9,9
30595,59,60,-1,1
30596,71,101,-30,30
30597,154,151,3,3
30598,89,87,2,2
30599,89,83,6,6
30600,95,87,8,8
30601,78,79,-1,1
30602,79,82,-3,3
30603,132,136,-4,4
30604,124,131,-7,7
30605,125,124,1,1
30606,73,72,1,1
30607,109,114,-5,5
30608,84,85,-1,1
30609,114,120,-6,6
30610,98,101,-3,3
30611,229,218,11,11
30612,118,124,-6,6
30613,105,107,-2,2
30614,56,59,-3,3
30615,86,85,1,1
30616,72,73,-1,1
30617,144,173,-29,29
30618,151,148,3,3
30619,91,89,2,2
30620,134,141,-7,7
30621,142,141,1,1
30622,119,123,-4,4
30623,115,113,2,2
30624,122,129,-7,7
30625,121,115,6,6
30626,145,161,-16,16
30627,151,151,0,0
30628,99,80,19,19
30629,90,91,-1,1
30630,115,147,-32,32
30631,65,81,-16,16
30632,90,90,0,0
30633,78,80,-2,2
30634,65,70,-5,5
30635,77,78,-1,1
30636,64,62,2,2
30637,204,204,0,0
30638,134,145,-11,11
30639,144,136,8,8
30640,127,135,-8,8
30641,88,83,5,5
30642,61,63,-2,2
30643,118,122,-4,4
30644,91,93,-2,2
30645,143,126,17,17
30646,166,153,13,13
30647,77,74,3,3
30648,97,93,4,4
30649,97,103,-6,6
30650,98,88,10,10
30651,71,68,3,3
30652,77,74,3,3
30653,145,144,1,1
30654,127,125,2,2
30655,144,144,0,0
30656,128,122,6,6
30657,148,147,1,1
30658,67,61,6,6
30659,147,156,-9,9
30660,85,96,-11,11
30661,98,101,-3,3
30662,72,71,1,1
30663,74,77,-3,3
30664,111,115,-4,4
30665,80,75,5,5
30666,73,70,3,3
30667,79,82,-3,3
30668,90,79,11,11
30669,104,97,7,7
30670,70,68,2,2
30671,99,101,-2,2
30672,64,65,-1,1
30673,68,69,-1,1
30674,96,93,3,3
30675,44,46,-2,2
30676,84,85,-1,1
30677,81,77,4,4
30678,152,148,4,4
30679,69,73,-4,4
30680,86,99,-13,13
30681,89,94,-5,5
30682,151,151,0,0
30683,80,89,-9,9
30684,97,103,-6,6
30685,55,53,2,2
30686,126,120,6,6
30687,110,121,-11,11
30688,112,124,-12,12
30689,156,143,13,13
30690,52,53,-1,1
30691,88,90,-2,2
30692,98,107,-9,9
30693,131,126,5,5
30694,114,109,5,5
30695,154,163,-9,9
30696,52,52,0,0
30697,134,141,-7,7
30698,60,56,4,4
30699,68,66,2,2
30700,119,122,-3,3
30701,61,63,-2,2
30702,94,106,-12,12
30703,98,102,-4,4
30704,103,110,-7,7
30705,120,127,-7,7
30706,97,99,-2,2
30707,126,120,6,6
30708,103,102,1,1
30709,97,100,-3,3
30710,89,86,3,3
30711,69,64,5,5
30712,58,57,1,1
30713,109,104,5,5
30714,91,82,9,9
30715,76,77,-1,1
30716,206,198,8,8
30717,109,98,11,11
30718,167,169,-2,2
30719,124,119,5,5
30720,68,63,5,5
30721,162,141,21,21
30722,92,92,0,0
30723,160,171,-11,11
30724,107,106,1,1
30725,104,91,13,13
30726,72,63,9,9
30727,59,62,-3,3
30728,102,96,6,6
30729,110,124,-14,14
30730,71,69,2,2
30731,96,90,6,6
30732,117,116,1,1
30733,67,70,-3,3
30734,64,62,2,2
30735,111,111,0,0
30736,54,51,3,3
30737,70,73,-3,3
30738,89,85,4,4
30739,125,134,-9,9
30740,81,92,-11,11
30741,132,125,7,7
30742,122,126,-4,4
30743,83,89,-6,6
30744,49,60,-11,11
30745,134,123,11,11
30746,86,88,-2,2
30747,87,83,4,4
30748,113,116,-3,3
30749,147,154,-7,7
30750,57,62,-5,5
30751,81,80,1,1
30752,84,93,-9,9
30753,130,127,3,3
30754,103,100,3,3
30755,57,59,-2,2
30756,58,56,2,2
30757,147,133,14,14
30758,136,136,0,0
30759,78,85,-7,7
30760,92,92,0,0
30761,69,74,-5,5
30762,151,143,8,8
30763,155,163,-8,8
30764,80,87,-7,7
30765,71,65,6,6
30766,113,184,-71,71
30767,129,112,17,17
30768,113,117,-4,4
30769,82,89,-7,7
30770,69,59,10,10
30771,95,94,1,1
30772,86,88,-2,2
30773,86,80,6,6
30774,73,68,5,5
30775,84,88,-4,4
30776,99,98,1,1
30777,159,148,11,11
30778,94,97,-3,3
30779,93,96,-3,3
30780,52,54,-2,2
30781,92,94,-2,2
30782,77,87,-10,10
30783,83,86,-3,3
30784,145,148,-3,3
30785,89,85,4,4
30786,98,93,5,5
30787,128,138,-10,10
30788,70,83,-13,13
30789,85,86,-1,1
30790,94,95,-1,1
30791,63,71,-8,8
30792,120,111,9,9
30793,93,102,-9,9
30794,113,113,0,0
30795,164,172,-8,8
30796,121,117,4,4
30797,61,55,6,6
30798,100,126,-26,26
30799,67,57,10,10
30800,107,113,-6,6
30801,56,49,7,7
30802,79,81,-2,2
30803,116,155,-39,39
30804,139,139,0,0
30805,112,123,-11,11
30806,92,93,-1,1
30807,108,105,3,3
30808,124,135,-11,11
30809,158,169,-11,11
30810,106,87,19,19
30811,132,130,2,2
30812,100,96,4,4
30813,64,101,-37,37
30814,128,124,4,4
30815,53,50,3,3
30816,54,51,3,3
30817,81,81,0,0
30818,67,68,-1,1
30819,97,113,-16,16
30820,129,121,8,8
30821,122,106,16,16
30822,139,139,0,0
30823,44,39,5,5
30824,131,134,-3,3
30825,67,72,-5,5
30826,115,116,-1,1
30827,53,52,1,1
30828,84,84,0,0
30829,124,124,0,0
30830,74,66,8,8
30831,104,111,-7,7
30832,70,77,-7,7
30833,112,115,-3,3
30834,90,78,12,12
30835,83,104,-21,21
30836,71,71,0,0
30837,81,79,2,2
30838,124,146,-22,22
30839,161,171,-10,10
30840,52,52,0,0
30841,78,87,-9,9
30842,57,52,5,5
30843,113,113,0,0
30844,105,98,7,7
30845,119,113,6,6
30846,48,53,-5,5
30847,123,124,-1,1
30848,96,95,1,1
30849,124,117,7,7
30850,129,134,-5,5
30851,125,131,-6,6
30852,104,108,-4,4
30853,117,119,-2,2
30854,151,152,-1,1
30855,125,124,1,1
30856,87,97,-10,10
30857,71,70,1,1
30858,58,57,1,1
30859,127,135,-8,8
30860,143,129,14,14
30861,78,77,1,1
30862,114,127,-13,13
30863,49,48,1,1
30864,86,90,-4,4
30865,81,92,-11,11
30866,85,87,-2,2
30867,158,140,18,18
30868,57,53,4,4
30869,109,111,-2,2
30870,95,94,1,1
30871,45,38,7,7
30872,76,89,-13,13
30873,83,82,1,1
30874,100,117,-17,17
30875,65,78,-13,13
30876,76,80,-4,4
30877,47,56,-9,9
30878,70,69,1,1
30879,157,163,-6,6
30880,204,188,16,16
30881,88,86,2,2
30882,93,87,6,6
30883,53,60,-7,7
30884,97,100,-3,3
30885,84,83,1,1
30886,66,73,-7,7
30887,73,77,-4,4
30888,64,65,-1,1
30889,102,94,8,8
30890,56,55,1,1
30891,73,77,-4,4
30892,78,85,-7,7
30893,64,71,-7,7
30894,89,93,-4,4
30895,108,111,-3,3
30896,79,72,7,7
30897,99,102,-3,3
30898,104,104,0,0
30899,174,166,8,8
30900,76,81,-5,5
30901,67,75,-8,8
30902,103,100,3,3
30903,72,70,2,2
30904,65,77,-12,12
30905,79,83,-4,4
30906,39,67,-28,28
30907,42,39,3,3
30908,43,47,-4,4
30909,130,130,0,0
30910,56,54,2,2
30911,67,71,-4,4
30912,61,60,1,1
30913,79,70,9,9
30914,122,104,18,18
30915,121,118,3,3
30916,87,80,7,7
30917,95,102,-7,7
30918,76,73,3,3
30919,98,88,10,10
30920,149,154,-5,5
30921,37,39,-2,2
30922,91,81,10,10
30923,99,96,3,3
30924,64,68,-4,4
30925,113,114,-1,1
30926,82,84,-2,2
30927,71,72,-1,1
30928,103,110,-7,7
30929,58,59,-1,1
30930,112,108,4,4
30931,61,61,0,0
30932,60,66,-6,6
30933,118,127,-9,9
30934,48,54,-6,6
30935,86,74,12,12
30936,61,67,-6,6
30937,123,114,9,9
30938,151,150,1,1
30939,50,52,-2,2
30940,123,133,-10,10
30941,186,185,1,1
30942,59,63,-4,4
30943,141,144,-3,3
30944,130,155,-25,25
30945,83,74,9,9
30946,63,64,-1,1
30947,168,157,11,11
30948,88,86,2,2
30949,49,57,-8,8
30950,47,51,-4,4
30951,81,86,-5,5
30952,176,156,20,20
30953,58,60,-2,2
30954,48,39,9,9
30955,117,122,-5,5
30956,115,106,9,9
30957,120,116,4,4
30958,90,93,-3,3
30959,46,54,-8,8
30960,113,130,-17,17
30961,64,68,-4,4
30962,126,122,4,4
30963,153,143,10,10
30964,114,110,4,4
30965,182,188,-6,6
30966,114,117,-3,3
30967,91,92,-1,1
30968,116,109,7,7
30969,135,128,7,7
30970,70,70,0,0
30971,80,73,7,7
30972,50,62,-12,12
30973,90,92,-2,2
30974,50,57,-7,7
30975,144,136,8,8
30976,77,71,6,6
30977,81,88,-7,7
30978,41,39,2,2
30979,80,84,-4,4
30980,97,93,4,4
30981,65,66,-1,1
30982,70,71,-1,1
30983,176,190,-14,14
30984,143,145,-2,2
30985,79,79,0,0
30986,122,115,7,7
30987,135,137,-2,2
30988,85,93,-8,8
30989,50,59,-9,9
30990,88,86,2,2
30991,120,109,11,11
30992,134,134,0,0
30993,74,79,-5,5
30994,86,91,-5,5
30995,95,95,0,0
30996,56,59,-3,3
30997,92,92,0,0
30998,86,89,-3,3
30999,70,89,-19,19
31000,81,78,3,3
31001,113,117,-4,4
31002,99,96,3,3
31003,77,82,-5,5
31004,31,39,-8,8
31005,99,97,2,2
31006,85,85,0,0
31007,80,87,-7,7
31008,92,91,1,1
31009,56,57,-1,1
31010,139,156,-17,17
31011,51,39,12,12
31012,36,36,0,0
31013,126,118,8,8
31014,76,79,-3,3
31015,96,112,-16,16
31016,87,92,-5,5
31017,117,116,1,1
31018,102,107,-5,5
31019,89,94,-5,5
31020,107,89,18,18
31021,79,79,0,0
31022,89,90,-1,1
31023,67,60,7,7
31024,114,112,2,2
31025,69,71,-2,2
31026,115,98,17,17
31027,168,178,-10,10
31028,84,91,-7,7
31029,79,67,12,12
31030,133,138,-5,5
31031,123,109,14,14
31032,102,115,-13,13
31033,123,116,7,7
31034,97,86,11,11
31035,89,90,-1,1
31036,92,99,-7,7
31037,171,157,14,14
31038,72,66,6,6
31039,92,101,-9,9
31040,54,60,-6,6
31041,113,118,-5,5
31042,110,99,11,11
31043,64,60,4,4
31044,64,61,3,3
31045,69,63,6,6
31046,81,83,-2,2
31047,101,105,-4,4
31048,92,92,0,0
31049,85,94,-9,9
31050,58,57,1,1
31051,124,118,6,6
31052,81,76,5,5
31053,108,103,5,5
31054,93,88,5,5
31055,70,62,8,8
31056,119,96,23,23
31057,65,69,-4,4
31058,90,83,7,7
31059,53,54,-1,1
31060,73,77,-4,4
31061,52,54,-2,2
31062,97,99,-2,2
31063,118,99,19,19
31064,95,94,1,1
31065,89,88,1,1
31066,66,63,3,3
31067,75,81,-6,6
31068,107,103,4,4
31069,63,60,3,3
31070,148,137,11,11
31071,110,114,-4,4
31072,96,109,-13,13
31073,123,128,-5,5
31074,123,117,6,6
31075,106,91,15,15
31076,101,95,6,6
31077,105,107,-2,2
31078,94,104,-10,10
31079,53,67,-14,14
31080,53,60,-7,7
31081,116,118,-2,2
31082,122,129,-7,7
31083,96,104,-8,8
31084,117,114,3,3
31085,105,102,3,3
31086,74,75,-1,1
31087,43,51,-8,8
31088,110,111,-1,1
31089,71,72,-1,1
31090,72,65,7,7
31091,109,108,1,1
31092,142,146,-4,4
31093,69,62,7,7
31094,127,137,-10,10
31095,113,123,-10,10
31096,61,62,-1,1
31097,108,109,-1,1
31098,83,80,3,3
31099,58,63,-5,5
31100,107,105,2,2
31101,108,129,-21,21
31102,97,92,5,5
31103,101,96,5,5
31104,101,109,-8,8
31105,123,112,11,11
31106,68,69,-1,1
31107,89,85,4,4
31108,47,49,-2,2
31109,128,116,12,12
31110,117,115,2,2
31111,94,88,6,6
31112,111,105,6,6
31113,51,52,-1,1
31114,65,70,-5,5
31115,79,97,-18,18
31116,140,140,0,0
31117,152,137,15,15
31118,108,110,-2,2
31119,115,108,7,7
31120,78,90,-12,12
31121,100,102,-2,2
31122,69,75,-6,6
31123,127,127,0,0
31124,64,57,7,7
31125,148,148,0,0
31126,105,99,6,6
31127,123,121,2,2
31128,56,56,0,0
31129,60,70,-10,10
31130,100,93,7,7
31131,77,98,-21,21
31132,89,115,-26,26
31133,63,69,-6,6
31134,70,69,1,1
31135,74,69,5,5
31136,74,84,-10,10
31137,149,136,13,13
31138,60,62,-2,2
31139,115,169,-54,54
31140,65,67,-2,2
31141,95,88,7,7
31142,126,142,-16,16
31143,84,92,-8,8
31144,114,104,10,10
31145,130,125,5,5
31146,117,111,6,6
31147,135,145,-10,10
31148,110,117,-7,7
31149,74,66,8,8
31150,91,90,1,1
31151,102,97,5,5
31152,76,83,-7,7
31153,81,95,-14,14
31154,117,113,4,4
31155,58,58,0,0
31156,52,68,-16,16
31157,44,61,-17,17
31158,126,133,-7,7
31159,102,104,-2,2
31160,68,60,8,8
31161,96,113,-17,17
31162,116,104,12,12
31163,96,93,3,3
31164,44,52,-8,8
31165,49,41,8,8
31166,109,111,-2,2
31167,40,50,-10,10
31168,84,119,-35,35
31169,57,56,1,1
31170,85,95,-10,10
31171,44,39,5,5
31172,77,73,4,4
31173,70,82,-12,12
31174,63,67,-4,4
31175,75,70,5,5
31176,88,90,-2,2
31177,98,94,4,4
31178,66,85,-19,19
31179,78,70,8,8
31180,95,103,-8,8
31181,99,128,-29,29
31182,20,94,-74,74
31183,88,93,-5,5
31184,165,165,0,0
31185,127,124,3,3
31186,55,57,-2,2
31187,145,144,1,1
31188,72,71,1,1
31189,84,76,8,8
31190,62,63,-1,1
31191,107,100,7,7
31192,113,96,17,17
31193,64,64,0,0
31194,132,117,15,15
31195,80,75,5,5
31196,64,68,-4,4
31197,58,66,-8,8
31198,53,63,-10,10
31199,101,99,2,2
31200,97,91,6,6
31201,93,96,-3,3
31202,87,76,11,11
31203,78,76,2,2
31204,70,60,10,10
31205,119,84,35,35
31206,66,65,1,1
31207,82,91,-9,9
31208,117,104,13,13
31209,106,102,4,4
31210,79,78,1,1
31211,129,165,-36,36
31212,95,87,8,8
31213,66,73,-7,7
31214,63,60,3,3
31215,128,124,4,4
31216,86,78,8,8
31217,87,92,-5,5
31218,115,116,-1,1
31219,126,129,-3,3
31220,66,107,-41,41
31221,138,142,-4,4
31222,118,105,13,13
31223,105,108,-3,3
31224,59,66,-7,7
31225,51,57,-6,6
31226,45,58,-13,13
31227,79,82,-3,3
31228,103,91,12,12
31229,86,108,-22,22
31230,63,59,4,4
31231,104,102,2,2
31232,144,143,1,1
31233,160,151,9,9
31234,55,57,-2,2
31235,83,86,-3,3
31236,104,105,-1,1
31237,61,61,0,0
31238,92,97,-5,5
31239,72,76,-4,4
31240,103,96,7,7
31241,192,174,18,18
31242,89,86,3,3
31243,76,74,2,2
31244,70,77,-7,7
31245,81,74,7,7
31246,96,94,2,2
31247,120,115,5,5
31248,88,90,-2,2
31249,81,73,8,8
31250,91,91,0,0
31251,104,96,8,8
31252,71,70,1,1
31253,51,39,12,12
31254,138,134,4,4
31255,88,75,13,13
31256,64,74,-10,10
31257,108,114,-6,6
31258,120,119,1,1
31259,78,102,-24,24
31260,158,147,11,11
31261,185,173,12,12
31262,168,181,-13,13
31263,96,102,-6,6
31264,100,83,17,17
31265,48,104,-56,56
31266,80,82,-2,2
31267,49,53,-4,4
31268,108,109,-1,1
31269,71,73,-2,2
31270,111,111,0,0
31271,75,68,7,7
31272,117,117,0,0
31273,156,150,6,6
31274,111,103,8,8
31275,108,113,-5,5
31276,54,58,-4,4
31277,83,92,-9,9
31278,91,84,7,7
31279,53,60,-7,7
31280,46,38,8,8
31281,39,39,0,0
31282,97,110,-13,13
31283,97,112,-15,15
31284,93,86,7,7
31285,173,169,4,4
31286,76,75,1,1
31287,146,143,3,3
31288,128,138,-10,10
31289,81,70,11,11
31290,90,92,-2,2
31291,109,114,-5,5
31292,123,112,11,11
31293,100,100,0,0
31294,77,81,-4,4
31295,77,78,-1,1
31296,109,124,-15,15
31297,85,82,3,3
31298,94,92,2,2
31299,57,55,2,2
31300,51,52,-1,1
31301,50,59,-9,9
31302,80,75,5,5
31303,73,67,6,6
31304,68,75,-7,7
31305,153,143,10,10
31306,120,129,-9,9
31307,99,101,-2,2
31308,97,93,4,4
31309,82,81,1,1
31310,85,93,-8,8
31311,84,81,3,3
31312,93,105,-12,12
31313,55,58,-3,3
31314,53,55,-2,2
31315,148,144,4,4
31316,115,122,-7,7
31317,116,115,1,1
31318,109,98,11,11
31319,72,75,-3,3
31320,85,88,-3,3
31321,78,66,12,12
31322,133,128,5,5
31323,89,87,2,2
31324,53,61,-8,8
31325,145,162,-17,17
31326,75,70,5,5
31327,60,59,1,1
31328,71,69,2,2
31329,62,61,1,1
31330,165,161,4,4
31331,51,59,-8,8
31332,146,157,-11,11
31333,64,62,2,2
31334,75,85,-10,10
31335,79,72,7,7
31336,85,88,-3,3
31337,100,102,-2,2
31338,119,112,7,7
31339,106,117,-11,11
31340,79,78,1,1
31341,163,160,3,3
31342,121,130,-9,9
31343,66,68,-2,2
31344,114,113,1,1
31345,77,81,-4,4
31346,57,60,-3,3
31347,87,93,-6,6
31348,86,82,4,4
31349,71,78,-7,7
31350,124,122,2,2
31351,65,60,5,5
31352,111,109,2,2
31353,62,68,-6,6
31354,94,85,9,9
31355,76,78,-2,2
31356,122,138,-16,16
31357,136,157,-21,21
31358,76,73,3,3
31359,82,95,-13,13
31360,62,59,3,3
31361,65,61,4,4
31362,63,69,-6,6
31363,50,50,0,0
31364,56,71,-15,15
31365,80,86,-6,6
31366,95,88,7,7
31367,94,95,-1,1
31368,90,78,12,12
31369,116,103,13,13
31370,113,105,8,8
31371,70,67,3,3
31372,31,38,-7,7
31373,70,73,-3,3
31374,72,65,7,7
31375,92,87,5,5
31376,82,79,3,3
31377,58,65,-7,7
31378,104,112,-8,8
31379,75,75,0,0
31380,90,93,-3,3
31381,130,130,0,0
31382,126,128,-2,2
31383,89,87,2,2
31384,108,106,2,2
31385,51,55,-4,4
31386,132,134,-2,2
31387,91,92,-1,1
31388,109,116,-7,7
31389,103,121,-18,18
31390,87,82,5,5
31391,123,127,-4,4
31392,109,103,6,6
31393,77,92,-15,15
31394,96,101,-5,5
31395,82,84,-2,2
31396,111,113,-2,2
31397,72,70,2,2
31398,117,109,8,8
31399,117,116,1,1
31400,137,137,0,0
31401,107,94,13,13
31402,91,93,-2,2
31403,110,109,1,1
31404,76,82,-6,6
31405,83,75,8,8
31406,142,145,-3,3
31407,97,95,2,2
31408,54,51,3,3
31409,71,74,-3,3
31410,91,101,-10,10
31411,100,104,-4,4
31412,47,51,-4,4
31413,114,105,9,9
31414,65,56,9,9
31415,33,38,-5,5
31416,88,86,2,2
31417,102,108,-6,6
31418,72,86,-14,14
31419,95,98,-3,3
31420,100,100,0,0
31421,200,206,-6,6
31422,147,135,12,12
31423,98,108,-10,10
31424,111,110,1,1
31425,105,107,-2,2
31426,89,91,-2,2
31427,108,110,-2,2
31428,35,63,-28,28
31429,54,59,-5,5
31430,124,124,0,0
31431,90,81,9,9
31432,130,129,1,1
31433,138,132,6,6
31434,143,132,11,11
31435,74,73,1,1
31436,47,52,-5,5
31437,64,65,-1,1
31438,174,184,-10,10
31439,96,90,6,6
31440,132,136,-4,4
31441,66,72,-6,6
31442,105,107,-2,2
31443,128,134,-6,6
31444,99,100,-1,1
31445,70,67,3,3
31446,62,57,5,5
31447,78,76,2,2
31448,93,94,-1,1
31449,89,73,16,16
31450,104,115,-11,11
31451,74,72,2,2
31452,102,86,16,16
31453,58,56,2,2
31454,89,88,1,1
31455,84,75,9,9
31456,128,120,8,8
31457,91,95,-4,4
31458,80,70,10,10
31459,84,95,-11,11
31460,100,104,-4,4
31461,115,115,0,0
31462,92,97,-5,5
31463,155,161,-6,6
31464,175,157,18,18
31465,79,77,2,2
31466,70,63,7,7
31467,64,73,-9,9
31468,111,117,-6,6
31469,83,83,0,0
31470,92,93,-1,1
31471,153,152,1,1
31472,138,137,1,1
31473,90,108,-18,18
31474,104,112,-8,8
31475,52,49,3,3
31476,72,74,-2,2
31477,76,79,-3,3
31478,69,67,2,2
31479,145,139,6,6
31480,67,64,3,3
31481,79,76,3,3
31482,103,98,5,5
31483,145,153,-8,8
31484,86,88,-2,2
31485,112,108,4,4
31486,130,120,10,10
31487,173,164,9,9
31488,75,73,2,2
31489,195,174,21,21
31490,93,93,0,0
31491,102,99,3,3
31492,64,60,4,4
31493,68,62,6,6
31494,58,60,-2,2
31495,93,82,11,11
31496,119,104,15,15
31497,54,53,1,1
31498,72,92,-20,20
31499,82,85,-3,3
31500,130,130,0,0
31501,75,80,-5,5
31502,73,78,-5,5
31503,72,75,-3,3
31504,243,272,-29,29
31505,62,80,-18,18
31506,79,69,10,10
31507,129,137,-8,8
31508,119,113,6,6
31509,121,124,-3,3
31510,135,135,0,0
31511,64,54,10,10
31512,84,84,0,0
31513,68,72,-4,4
31514,89,86,3,3
31515,59,54,5,5
31516,67,75,-8,8
31517,108,112,-4,4
31518,55,57,-2,2
31519,161,144,17,17
31520,75,78,-3,3
31521,113,112,1,1
31522,102,98,4,4
31523,116,115,1,1
31524,134,133,1,1
31525,161,137,24,24
31526,122,108,14,14
31527,103,99,4,4
31528,75,74,1,1
31529,162,147,15,15
31530,76,85,-9,9
31531,57,59,-2,2
31532,74,77,-3,3
31533,78,68,10,10
31534,68,63,5,5
31535,101,96,5,5
31536,66,67,-1,1
31537,61,69,-8,8
31538,120,117,3,3
31539,62,59,3,3
31540,149,133,16,16
31541,85,94,-9,9
31542,126,117,9,9
31543,192,197,-5,5
31544,94,92,2,2
31545,69,70,-1,1
31546,99,86,13,13
31547,114,107,7,7
31548,75,76,-1,1
31549,113,128,-15,15
31550,165,160,5,5
31551,133,129,4,4
31552,86,95,-9,9
31553,72,64,8,8
31554,97,96,1,1
31555,113,166,-53,53
31556,110,116,-6,6
31557,119,126,-7,7
31558,60,60,0,0
31559,72,85,-13,13
31560,110,108,2,2
31561,151,138,13,13
31562,70,76,-6,6
31563,89,94,-5,5
31564,112,107,5,5
31565,70,70,0,0
31566,64,63,1,1
31567,155,164,-9,9
31568,103,102,1,1
31569,115,113,2,2
31570,57,57,0,0
31571,92,101,-9,9
31572,96,91,5,5
31573,61,62,-1,1
31574,144,133,11,11
31575,75,78,-3,3
31576,138,133,5,5
31577,103,107,-4,4
31578,118,107,11,11
31579,80,87,-7,7
31580,107,101,6,6
31581,84,84,0,0
31582,87,82,5,5
31583,56,51,5,5
31584,129,129,0,0
31585,94,91,3,3
31586,72,82,-10,10
31587,193,156,37,37
31588,141,124,17,17
31589,98,99,-1,1
31590,116,128,-12,12
31591,154,151,3,3
31592,116,124,-8,8
31593,75,82,-7,7
31594,107,101,6,6
31595,83,77,6,6
31596,103,114,-11,11
31597,99,98,1,1
31598,109,115,-6,6
31599,95,93,2,2
31600,85,78,7,7
31601,81,79,2,2
31602,112,97,15,15
31603,82,78,4,4
31604,56,57,-1,1
31605,64,63,1,1
31606,105,123,-18,18
31607,118,120,-2,2
31608,82,87,-5,5
31609,96,97,-1,1
31610,69,64,5,5
31611,128,130,-2,2
31612,88,97,-9,9
31613,90,90,0,0
31614,141,140,1,1
31615,75,85,-10,10
31616,108,107,1,1
31617,153,151,2,2
31618,101,98,3,3
31619,76,80,-4,4
31620,86,95,-9,9
31621,49,38,11,11
31622,130,132,-2,2
31623,95,95,0,0
31624,33,38,-5,5
31625,156,166,-10,10
31626,49,38,11,11
31627,89,84,5,5
31628,86,75,11,11
31629,80,77,3,3
31630,97,95,2,2
31631,59,63,-4,4
31632,153,149,4,4
31633,51,52,-1,1
31634,88,79,9,9
31635,145,162,-17,17
31636,165,185,-20,20
31637,74,81,-7,7
31638,80,92,-12,12
31639,101,96,5,5
31640,46,48,-2,2
31641,62,63,-1,1
31642,107,99,8,8
31643,66,67,-1,1
31644,153,154,-1,1
31645,75,75,0,0
31646,49,51,-2,2
31647,120,128,-8,8
31648,131,129,2,2
31649,106,114,-8,8
31650,147,144,3,3
31651,81,85,-4,4
31652,94,96,-2,2
31653,57,56,1,1
31654,61,70,-9,9
31655,47,48,-1,1
31656,53,53,0,0
31657,117,112,5,5
31658,98,80,18,18
31659,48,49,-1,1
31660,190,198,-8,8
31661,68,70,-2,2
31662,106,102,4,4
31663,57,65,-8,8
31664,131,138,-7,7
31665,132,128,4,4
31666,74,77,-3,3
31667,125,129,-4,4
31668,86,91,-5,5
31669,49,50,-1,1
31670,95,83,12,12
31671,67,62,5,5
31672,82,89,-7,7
31673,93,101,-8,8
31674,52,57,-5,5
31675,55,57,-2,2
31676,111,109,2,2
31677,73,70,3,3
31678,72,82,-10,10
31679,160,164,-4,4
31680,97,103,-6,6
31681,95,89,6,6
31682,117,96,21,21
31683,67,59,8,8
31684,55,59,-4,4
31685,103,98,5,5
31686,108,116,-8,8
31687,82,76,6,6
31688,155,147,8,8
31689,87,90,-3,3
31690,88,87,1,1
31691,84,97,-13,13
31692,66,76,-10,10
31693,59,59,0,0
31694,80,78,2,2
31695,120,128,-8,8
31696,92,96,-4,4
31697,36,38,-2,2
31698,89,82,7,7
31699,113,102,11,11
31700,86,88,-2,2
31701,117,144,-27,27
31702,78,72,6,6
31703,72,81,-9,9
31704,76,67,9,9
31705,76,78,-2,2
31706,87,87,0,0
31707,76,97,-21,21
31708,79,63,16,16
31709,51,39,12,12
31710,121,133,-12,12
31711,100,92,8,8
31712,83,85,-2,2
31713,84,74,10,10
31714,100,108,-8,8
31715,125,124,1,1
31716,73,64,9,9
31717,59,59,0,0
31718,79,83,-4,4
31719,76,82,-6,6
31720,108,115,-7,7
31721,64,70,-6,6
31722,101,97,4,4
31723,140,127,13,13
31724,89,90,-1,1
31725,72,67,5,5
31726,82,91,-9,9
31727,68,69,-1,1
31728,41,50,-9,9
31729,77,77,0,0
31730,150,145,5,5
31731,121,117,4,4
31732,96,116,-20,20
31733,50,51,-1,1
31734,45,52,-7,7
31735,118,127,-9,9
31736,108,106,2,2
31737,74,69,5,5
31738,148,139,9,9
31739,109,107,2,2
31740,53,56,-3,3
31741,69,63,6,6
31742,75,80,-5,5
31743,75,89,-14,14
31744,93,92,1,1
31745,36,39,-3,3
31746,62,66,-4,4
31747,139,140,-1,1
31748,67,66,1,1
31749,199,206,-7,7
31750,61,57,4,4
31751,66,65,1,1
31752,58,58,0,0
31753,58,59,-1,1
31754,98,105,-7,7
31755,65,61,4,4
31756,96,97,-1,1
31757,105,107,-2,2
31758,44,39,5,5
31759,116,114,2,2
31760,87,82,5,5
31761,94,97,-3,3
31762,130,138,-8,8
31763,103,102,1,1
31764,85,83,2,2
31765,94,103,-9,9
31766,78,75,3,3
31767,120,118,2,2
31768,48,51,-3,3
31769,107,97,10,10
31770,87,91,-4,4
31771,115,119,-4,4
31772,122,124,-2,2
31773,137,129,8,8
31774,19,39,-20,20
31775,90,97,-7,7
31776,45,39,6,6
31777,53,60,-7,7
31778,132,121,11,11
31779,54,51,3,3
31780,123,135,-12,12
31781,88,106,-18,18
31782,90,85,5,5
31783,112,111,1,1
31784,67,66,1,1
31785,50,61,-11,11
31786,65,63,2,2
31787,44,38,6,6
31788,86,96,-10,10
31789,65,65,0,0
31790,80,99,-19,19
31791,128,120,8,8
31792,166,132,34,34
31793,105,98,7,7
31794,77,76,1,1
31795,113,119,-6,6
31796,82,81,1,1
31797,94,100,-6,6
31798,123,120,3,3
31799,118,120,-2,2
31800,159,152,7,7
31801,100,84,16,16
31802,95,88,7,7
31803,128,130,-2,2
31804,67,81,-14,14
31805,131,119,12,12
31806,78,80,-2,2
31807,58,64,-6,6
31808,126,121,5,5
31809,136,144,-8,8
31810,75,70,5,5
31811,100,98,2,2
31812,52,51,1,1
31813,94,86,8,8
31814,64,69,-5,5
31815,65,66,-1,1
31816,85,87,-2,2
31817,100,101,-1,1
31818,134,134,0,0
31819,88,92,-4,4
31820,87,89,-2,2
31821,112,113,-1,1
31822,222,218,4,4
31823,103,98,5,5
31824,131,157,-26,26
31825,143,141,2,2
31826,89,91,-2,2
31827,144,132,12,12
31828,90,87,3,3
31829,117,111,6,6
31830,41,39,2,2
31831,161,164,-3,3
31832,87,95,-8,8
31833,67,68,-1,1
31834,89,104,-15,15
31835,58,51,7,7
31836,54,53,1,1
31837,66,60,6,6
31838,62,64,-2,2
31839,46,39,7,7
31840,116,115,1,1
31841,146,153,-7,7
31842,153,164,-11,11
31843,110,97,13,13
31844,83,75,8,8
31845,138,129,9,9
31846,117,113,4,4
31847,86,79,7,7
31848,170,168,2,2
31849,96,104,-8,8
31850,57,53,4,4
31851,102,92,10,10
31852,96,95,1,1
31853,88,85,3,3
31854,117,125,-8,8
31855,83,100,-17,17
31856,94,106,-12,12
31857,68,78,-10,10
31858,81,73,8,8
31859,165,169,-4,4
31860,93,87,6,6
31861,169,171,-2,2
31862,79,85,-6,6
31863,91,86,5,5
31864,96,96,0,0
31865,107,94,13,13
31866,98,96,2,2
31867,81,75,6,6
31868,125,130,-5,5
31869,111,108,3,3
31870,50,55,-5,5
31871,102,107,-5,5
31872,94,89,5,5
31873,57,57,0,0
31874,110,108,2,2
31875,89,85,4,4
31876,69,65,4,4
31877,116,121,-5,5
31878,135,125,10,10
31879,76,70,6,6
31880,98,91,7,7
31881,72,67,5,5
31882,68,76,-8,8
31883,77,73,4,4
31884,125,141,-16,16
31885,115,106,9,9
31886,136,127,9,9
31887,80,76,4,4
31888,82,84,-2,2
31889,76,80,-4,4
31890,82,77,5,5
31891,138,129,9,9
31892,108,103,5,5
31893,153,151,2,2
31894,76,73,3,3
31895,100,91,9,9
31896,97,101,-4,4
31897,119,116,3,3
31898,35,39,-4,4
31899,39,39,0,0
31900,102,98,4,4
31901,93,107,-14,14
31902,122,118,4,4
31903,88,84,4,4
31904,84,85,-1,1
31905,207,196,11,11
31906,67,68,-1,1
31907,111,114,-3,3
31908,75,74,1,1
31909,112,107,5,5
31910,59,60,-1,1
31911,66,63,3,3
31912,161,164,-3,3
31913,80,90,-10,10
31914,64,77,-13,13
31915,123,84,39,39
31916,123,118,5,5
31917,144,148,-4,4
31918,61,61,0,0
31919,85,71,14,14
31920,100,94,6,6
31921,100,98,2,2
31922,65,58,7,7
31923,75,73,2,2
31924,104,95,9,9
31925,112,123,-11,11
31926,93,89,4,4
31927,69,64,5,5
31928,58,59,-1,1
31929,120,102,18,18
31930,131,122,9,9
31931,101,93,8,8
31932,156,162,-6,6
31933,83,79,4,4
31934,62,65,-3,3
31935,94,96,-2,2
31936,87,92,-5,5
31937,182,175,7,7
31938,132,130,2,2
31939,100,106,-6,6
31940,74,73,1,1
31941,57,62,-5,5
31942,95,97,-2,2
31943,64,55,9,9
31944,99,93,6,6
31945,102,111,-9,9
31946,144,127,17,17
31947,152,144,8,8
31948,66,61,5,5
31949,57,58,-1,1
31950,73,81,-8,8
31951,85,83,2,2
31952,111,105,6,6
31953,78,82,-4,4
31954,87,85,2,2
31955,58,61,-3,3
31956,125,125,0,0
31957,98,97,1,1
31958,127,125,2,2
31959,125,118,7,7
31960,107,111,-4,4
31961,57,62,-5,5
31962,161,156,5,5
31963,109,103,6,6
31964,110,102,8,8
31965,64,60,4,4
31966,304,320,-16,16
31967,75,75,0,0
31968,161,172,-11,11
31969,85,96,-11,11
31970,124,109,15,15
31971,53,52,1,1
31972,98,103,-5,5
31973,124,123,1,1
31974,67,61,6,6
31975,59,71,-12,12
31976,115,107,8,8
31977,91,85,6,6
31978,108,110,-2,2
31979,82,87,-5,5
31980,104,95,9,9
31981,65,74,-9,9
31982,107,108,-1,1
31983,140,148,-8,8
31984,83,85,-2,2
31985,128,145,-17,17
31986,65,58,7,7
31987,70,74,-4,4
31988,160,170,-10,10
31989,94,92,2,2
31990,74,68,6,6
31991,99,104,-5,5
31992,105,105,0,0
31993,65,70,-5,5
31994,46,39,7,7
31995,72,72,0,0
31996,53,49,4,4
31997,110,108,2,2
31998,100,93,7,7
31999,65,69,-4,4
32000,102,99,3,3
32001,128,127,1,1
32002,90,86,4,4
32003,139,155,-16,16
32004,145,134,11,11
32005,89,84,5,5
32006,68,77,-9,9
32007,64,63,1,1
32008,79,86,-7,7
32009,86,77,9,9
32010,60,66,-6,6
32011,101,97,4,4
32012,36,39,-3,3
32013,103,102,1,1
32014,52,49,3,3
32015,152,154,-2,2
32016,80,90,-10,10
32017,142,130,12,12
32018,129,119,10,10
32019,140,120,20,20
32020,49,53,-4,4
32021,147,156,-9,9
32022,100,89,11,11
32023,59,67,-8,8
32024,106,109,-3,3
32025,88,90,-2,2
32026,86,88,-2,2
32027,106,94,12,12
32028,110,110,0,0
32029,43,37,6,6
32030,114,124,-10,10
32031,77,73,4,4
32032,103,104,-1,1
32033,125,129,-4,4
32034,65,65,0,0
32035,105,102,3,3
32036,98,115,-17,17
32037,132,150,-18,18
32038,119,115,4,4
32039,80,82,-2,2
32040,107,106,1,1
32041,94,88,6,6
32042,59,63,-4,4
32043,109,115,-6,6
32044,144,153,-9,9
32045,45,45,0,0
32046,66,47,19,19
32047,122,129,-7,7
32048,88,91,-3,3
32049,53,42,11,11
32050,58,64,-6,6
32051,68,67,1,1
32052,104,99,5,5
32053,129,137,-8,8
32054,55,55,0,0
32055,80,71,9,9
32056,100,107,-7,7
32057,64,75,-11,11
32058,150,151,-1,1
32059,80,77,3,3
32060,96,90,6,6
32061,83,84,-1,1
32062,39,39,0,0
32063,112,98,14,14
32064,146,140,6,6
32065,91,97,-6,6
32066,77,86,-9,9
32067,121,124,-3,3
32068,113,113,0,0
32069,132,143,-11,11
32070,102,104,-2,2
32071,71,66,5,5
32072,81,77,4,4
32073,60,71,-11,11
32074,112,103,9,9
32075,95,90,5,5
32076,116,112,4,4
32077,85,88,-3,3
32078,116,129,-13,13
32079,107,111,-4,4
32080,156,146,10,10
32081,84,88,-4,4
32082,77,76,1,1
32083,111,106,5,5
32084,61,86,-25,25
32085,124,132,-8,8
32086,106,97,9,9
32087,116,117,-1,1
32088,64,74,-10,10
32089,108,106,2,2
32090,76,72,4,4
32091,72,75,-3,3
32092,75,74,1,1
32093,66,62,4,4
32094,128,141,-13,13
32095,189,167,22,22
32096,120,123,-3,3
32097,64,61,3,3
32098,141,147,-6,6
32099,96,96,0,0
32100,170,174,-4,4
32101,83,83,0,0
32102,101,102,-1,1
32103,81,91,-10,10
32104,43,52,-9,9
32105,150,148,2,2
32106,70,62,8,8
32107,89,82,7,7
32108,115,104,11,11
32109,103,104,-1,1
32110,54,52,2,2
32111,63,59,4,4
32112,127,139,-12,12
32113,96,80,16,16
32114,79,95,-16,16
32115,83,88,-5,5
32116,108,100,8,8
32117,116,111,5,5
32118,121,119,2,2
32119,127,115,12,12
32120,109,113,-4,4
32121,96,98,-2,2
32122,82,83,-1,1
32123,103,137,-34,34
32124,142,145,-3,3
32125,161,150,11,11
32126,126,131,-5,5
32127,78,73,5,5
32128,157,164,-7,7
32129,63,67,-4,4
32130,64,64,0,0
32131,90,88,2,2
32132,95,99,-4,4
32133,146,146,0,0
32134,56,57,-1,1
32135,48,38,10,10
32136,68,67,1,1
32137,94,98,-4,4
32138,87,85,2,2
32139,122,112,10,10
32140,126,113,13,13
32141,55,58,-3,3
32142,61,64,-3,3
32143,89,100,-11,11
32144,62,69,-7,7
32145,71,69,2,2
32146,87,94,-7,7
32147,39,38,1,1
32148,123,118,5,5
32149,79,83,-4,4
32150,109,107,2,2
32151,101,108,-7,7
32152,107,104,3,3
32153,114,113,1,1
32154,81,91,-10,10
32155,167,167,0,0
32156,71,73,-2,2
32157,65,68,-3,3
32158,76,71,5,5
32159,94,95,-1,1
32160,162,157,5,5
32161,86,101,-15,15
32162,162,167,-5,5
32163,50,54,-4,4
32164,109,105,4,4
32165,70,66,4,4
32166,69,67,2,2
32167,36,39,-3,3
32168,117,108,9,9
32169,104,91,13,13
32170,107,113,-6,6
32171,66,67,-1,1
32172,98,99,-1,1
32173,113,119,-6,6
32174,57,59,-2,2
32175,117,116,1,1
32176,79,94,-15,15
32177,88,88,0,0
32178,101,102,-1,1
32179,98,100,-2,2
32180,164,185,-21,21
32181,108,106,2,2
32182,79,81,-2,2
32183,77,86,-9,9
32184,81,80,1,1
32185,111,109,2,2
32186,108,108,0,0
32187,104,100,4,4
32188,51,38,13,13
32189,79,84,-5,5
32190,141,138,3,3
32191,105,104,1,1
32192,79,86,-7,7
32193,121,113,8,8
32194,85,94,-9,9
32195,60,60,0,0
32196,76,71,5,5
32197,66,62,4,4
32198,140,134,6,6
32199,115,100,15,15
32200,135,125,10,10
32201,137,153,-16,16
32202,108,119,-11,11
32203,56,60,-4,4
32204,145,143,2,2
32205,107,98,9,9
32206,75,76,-1,1
32207,73,71,2,2
32208,58,60,-2,2
32209,73,69,4,4
32210,100,97,3,3
32211,154,153,1,1
32212,89,86,3,3
32213,86,80,6,6
32214,218,197,21,21
32215,96,95,1,1
32216,72,74,-2,2
32217,136,154,-18,18
32218,197,197,0,0
32219,75,80,-5,5
32220,138,138,0,0
32221,112,118,-6,6
32222,97,105,-8,8
32223,50,54,-4,4
32224,144,137,7,7
32225,62,61,1,1
32226,91,98,-7,7
32227,108,114,-6,6
32228,111,111,0,0
32229,154,150,4,4
32230,84,88,-4,4
32231,181,188,-7,7
32232,80,83,-3,3
32233,134,130,4,4
32234,78,86,-8,8
32235,243,223,20,20
32236,59,52,7,7
32237,83,72,11,11
32238,76,63,13,13
32239,88,88,0,0
32240,62,60,2,2
32241,81,82,-1,1
32242,127,130,-3,3
32243,119,115,4,4
32244,70,77,-7,7
32245,114,106,8,8
32246,91,87,4,4
32247,120,108,12,12
32248,61,55,6,6
32249,73,72,1,1
32250,77,85,-8,8
32251,175,185,-10,10
32252,86,83,3,3
32253,125,120,5,5
32254,109,102,7,7
32255,90,101,-11,11
32256,71,72,-1,1
32257,64,62,2,2
32258,91,82,9,9
32259,116,112,4,4
32260,63,60,3,3
32261,79,78,1,1
32262,56,52,4,4
32263,144,142,2,2
32264,130,117,13,13
32265,73,67,6,6
32266,64,58,6,6
32267,146,134,12,12
32268,30,45,-15,15
32269,107,109,-2,2
32270,80,87,-7,7
32271,94,111,-17,17
32272,57,56,1,1
32273,85,87,-2,2
32274,157,151,6,6
32275,131,137,-6,6
32276,170,153,17,17
32277,115,125,-10,10
32278,124,112,12,12
32279,83,82,1,1
32280,139,136,3,3
32281,104,109,-5,5
32282,54,54,0,0
32283,117,115,2,2
32284,84,95,-11,11
32285,97,91,6,6
32286,50,39,11,11
32287,57,67,-10,10
32288,84,86,-2,2
32289,70,71,-1,1
32290,75,82,-7,7
32291,33,62,-29,29
32292,110,131,-21,21
32293,60,58,2,2
32294,66,70,-4,4
32295,121,113,8,8
32296,97,97,0,0
32297,128,122,6,6
32298,82,79,3,3
32299,110,107,3,3
32300,135,140,-5,5
32301,96,96,0,0
32302,79,71,8,8
32303,82,72,10,10
32304,112,102,10,10
32305,119,125,-6,6
32306,113,91,22,22
32307,129,130,-1,1
32308,30,38,-8,8
32309,143,149,-6,6
32310,48,49,-1,1
32311,70,71,-1,1
32312,66,99,-33,33
32313,117,124,-7,7
32314,49,52,-3,3
32315,73,75,-2,2
32316,104,113,-9,9
32317,78,91,-13,13
32318,94,97,-3,3
32319,39,39,0,0
32320,163,158,5,5
32321,131,134,-3,3
32322,78,85,-7,7
32323,107,116,-9,9
32324,40,38,2,2
32325,83,84,-1,1
32326,88,102,-14,14
32327,104,103,1,1
32328,116,107,9,9
32329,144,133,11,11
32330,93,98,-5,5
32331,89,90,-1,1
32332,110,111,-1,1
32333,62,86,-24,24
32334,100,100,0,0
32335,79,82,-3,3
32336,80,77,3,3
32337,120,124,-4,4
32338,84,106,-22,22
32339,88,94,-6,6
32340,132,134,-2,2
32341,93,87,6,6
32342,79,86,-7,7
32343,27,39,-12,12
32344,97,100,-3,3
32345,167,161,6,6
32346,146,158,-12,12
32347,45,38,7,7
32348,53,52,1,1
32349,57,57,0,0
32350,40,39,1,1
32351,77,83,-6,6
32352,120,118,2,2
32353,87,101,-14,14
32354,189,178,11,11
32355,84,88,-4,4
32356,68,65,3,3
32357,85,88,-3,3
32358,75,82,-7,7
32359,58,59,-1,1
32360,67,66,1,1
32361,58,58,0,0
32362,38,38,0,0
32363,63,66,-3,3
32364,82,94,-12,12
32365,111,128,-17,17
32366,168,160,8,8
32367,67,66,1,1
32368,92,94,-2,2
32369,43,38,5,5
32370,126,117,9,9
32371,94,97,-3,3
32372,108,119,-11,11
32373,80,88,-8,8
32374,159,149,10,10
32375,101,85,16,16
32376,71,64,7,7
32377,77,85,-8,8
32378,53,60,-7,7
32379,96,103,-7,7
32380,144,131,13,13
32381,96,100,-4,4
32382,120,123,-3,3
32383,91,91,0,0
32384,57,64,-7,7
32385,95,100,-5,5
32386,114,119,-5,5
32387,115,122,-7,7
32388,63,53,10,10
32389,103,98,5,5
32390,213,211,2,2
32391,82,92,-10,10
32392,113,105,8,8
32393,75,76,-1,1
32394,122,129,-7,7
32395,82,67,15,15
32396,112,105,7,7
32397,114,112,2,2
32398,62,52,10,10
32399,145,137,8,8
32400,153,169,-16,16
32401,102,80,22,22
32402,65,68,-3,3
32403,79,67,12,12
32404,85,89,-4,4
32405,69,61,8,8
32406,69,75,-6,6
32407,106,103,3,3
32408,73,69,4,4
32409,95,88,7,7
32410,68,75,-7,7
32411,72,73,-1,1
32412,71,76,-5,5
32413,135,133,2,2
32414,115,113,2,2
32415,75,76,-1,1
32416,57,59,-2,2
32417,33,39,-6,6
32418,73,75,-2,2
32419,147,147,0,0
32420,100,102,-2,2
32421,81,83,-2,2
32422,130,131,-1,1
32423,63,61,2,2
32424,75,80,-5,5
32425,97,104,-7,7
32426,80,87,-7,7
32427,67,65,2,2
32428,135,139,-4,4
32429,48,38,10,10
32430,113,125,-12,12
32431,62,59,3,3
32432,66,61,5,5
32433,62,51,11,11
32434,140,158,-18,18
32435,82,87,-5,5
32436,86,87,-1,1
32437,123,130,-7,7
32438,134,132,2,2
32439,63,64,-1,1
32440,142,137,5,5
32441,63,63,0,0
32442,94,89,5,5
32443,72,76,-4,4
32444,146,142,4,4
32445,90,77,13,13
32446,57,57,0,0
32447,51,58,-7,7
32448,64,65,-1,1
32449,80,90,-10,10
32450,105,106,-1,1
32451,109,110,-1,1
32452,99,109,-10,10
32453,209,198,11,11
32454,82,73,9,9
32455,49,52,-3,3
32456,72,69,3,3
32457,62,61,1,1
32458,50,54,-4,4
32459,153,158,-5,5
32460,140,125,15,15
32461,95,88,7,7
32462,81,77,4,4
32463,114,105,9,9
32464,130,134,-4,4
32465,31,38,-7,7
32466,86,91,-5,5
32467,100,107,-7,7
32468,58,60,-2,2
32469,58,56,2,2
32470,95,86,9,9
32471,121,127,-6,6
32472,83,84,-1,1
32473,152,146,6,6
32474,138,146,-8,8
32475,128,135,-7,7
32476,92,103,-11,11
32477,64,72,-8,8
32478,72,77,-5,5
32479,110,115,-5,5
32480,57,54,3,3
32481,99,97,2,2
32482,98,94,4,4
32483,73,86,-13,13
32484,53,57,-4,4
32485,55,68,-13,13
32486,61,58,3,3
32487,239,222,17,17
32488,86,88,-2,2
32489,133,119,14,14
32490,80,82,-2,2
32491,76,67,9,9
32492,79,68,11,11
32493,140,129,11,11
32494,97,101,-4,4
32495,74,61,13,13
32496,142,137,5,5
32497,82,83,-1,1
32498,62,65,-3,3
32499,101,111,-10,10
32500,69,85,-16,16
32501,171,163,8,8
32502,69,76,-7,7
32503,72,70,2,2
32504,93,93,0,0
32505,78,87,-9,9
32506,68,67,1,1
32507,54,59,-5,5
32508,110,113,-3,3
32509,69,81,-12,12
32510,92,91,1,1
32511,65,65,0,0
32512,28,38,-10,10
32513,65,66,-1,1
32514,69,62,7,7
32515,119,108,11,11
32516,78,72,6,6
32517,75,73,2,2
32518,70,67,3,3
32519,57,69,-12,12
32520,88,92,-4,4
32521,80,73,7,7
32522,113,114,-1,1
32523,63,63,0,0
32524,91,89,2,2
32525,141,128,13,13
32526,88,89,-1,1
32527,46,53,-7,7
32528,109,110,-1,1
32529,98,103,-5,5
32530,177,177,0,0
32531,142,149,-7,7
32532,56,57,-1,1
32533,166,150,16,16
32534,70,64,6,6
32535,64,64,0,0
32536,70,72,-2,2
32537,66,75,-9,9
32538,104,95,9,9
32539,131,120,11,11
32540,82,85,-3,3
32541,65,62,3,3
32542,95,95,0,0
32543,79,71,8,8
32544,86,83,3,3
32545,84,83,1,1
32546,103,86,17,17
32547,77,75,2,2
32548,125,122,3,3
32549,122,124,-2,2
32550,64,59,5,5
32551,95,106,-11,11
32552,79,84,-5,5
32553,67,62,5,5
32554,160,157,3,3
32555,103,104,-1,1
32556,114,114,0,0
32557,74,78,-4,4
32558,123,119,4,4
32559,50,55,-5,5
32560,53,54,-1,1
32561,195,207,-12,12
32562,71,72,-1,1
32563,171,156,15,15
32564,90,94,-4,4
32565,75,75,0,0
32566,84,90,-6,6
32567,86,106,-20,20
32568,101,105,-4,4
32569,131,119,12,12
32570,159,147,12,12
32571,52,59,-7,7
32572,119,117,2,2
32573,85,85,0,0
32574,97,96,1,1
32575,73,76,-3,3
32576,54,58,-4,4
32577,73,64,9,9
32578,127,120,7,7
32579,164,167,-3,3
32580,104,92,12,12
32581,57,52,5,5
32582,40,47,-7,7
32583,103,106,-3,3
32584,149,138,11,11
32585,105,98,7,7
32586,184,175,9,9
32587,74,70,4,4
32588,145,134,11,11
32589,74,83,-9,9
32590,83,97,-14,14
32591,82,77,5,5
32592,85,102,-17,17
32593,133,142,-9,9
32594,68,65,3,3
32595,56,68,-12,12
32596,183,182,1,1
32597,66,63,3,3
32598,115,128,-13,13
32599,86,85,1,1
32600,64,72,-8,8
32601,41,39,2,2
32602,97,120,-23,23
32603,76,76,0,0
32604,64,64,0,0
32605,67,66,1,1
32606,92,88,4,4
32607,86,87,-1,1
32608,86,87,-1,1
32609,114,114,0,0
32610,134,121,13,13
32611,80,71,9,9
32612,151,172,-21,21
32613,99,100,-1,1
32614,144,146,-2,2
32615,118,113,5,5
32616,74,74,0,0
32617,85,81,4,4
32618,51,57,-6,6
32619,57,58,-1,1
32620,152,148,4,4
32621,80,83,-3,3
32622,83,77,6,6
32623,69,64,5,5
32624,126,143,-17,17
32625,178,171,7,7
32626,101,113,-12,12
32627,110,113,-3,3
32628,53,55,-2,2
32629,89,98,-9,9
32630,97,103,-6,6
32631,81,77,4,4
32632,87,84,3,3
32633,52,49,3,3
32634,98,95,3,3
32635,109,107,2,2
32636,103,102,1,1
32637,90,74,16,16
32638,73,69,4,4
32639,157,158,-1,1
32640,106,100,6,6
32641,144,142,2,2
32642,105,109,-4,4
32643,191,181,10,10
32644,79,77,2,2
32645,113,104,9,9
32646,66,62,4,4
32647,62,82,-20,20
32648,71,80,-9,9
32649,93,95,-2,2
32650,90,80,10,10
32651,81,79,2,2
32652,97,102,-5,5
32653,43,57,-14,14
32654,150,140,10,10
32655,78,74,4,4
32656,122,112,10,10
32657,76,74,2,2
32658,50,56,-6,6
32659,78,92,-14,14
32660,68,76,-8,8
32661,92,87,5,5
32662,65,72,-7,7
32663,112,106,6,6
32664,69,71,-2,2
32665,86,86,0,0
32666,73,72,1,1
32667,99,98,1,1
32668,99,93,6,6
32669,70,74,-4,4
32670,88,86,2,2
32671,66,64,2,2
32672,123,113,10,10
32673,72,60,12,12
32674,120,132,-12,12
32675,51,56,-5,5
32676,68,61,7,7
32677,103,108,-5,5
32678,76,72,4,4
32679,77,88,-11,11
32680,143,161,-18,18
32681,128,132,-4,4
32682,87,79,8,8
32683,47,39,8,8
32684,119,122,-3,3
32685,119,114,5,5
32686,52,55,-3,3
32687,123,101,22,22
32688,78,79,-1,1
32689,135,144,-9,9
32690,65,64,1,1
32691,50,53,-3,3
32692,59,82,-23,23
32693,95,86,9,9
32694,74,87,-13,13
32695,127,112,15,15
32696,135,112,23,23
32697,80,80,0,0
32698,81,88,-7,7
32699,102,103,-1,1
32700,131,134,-3,3
32701,96,90,6,6
32702,100,104,-4,4
32703,104,101,3,3
32704,112,117,-5,5
32705,103,94,9,9
32706,96,99,-3,3
32707,86,83,3,3
32708,130,136,-6,6
32709,47,48,-1,1
32710,118,112,6,6
32711,81,80,1,1
32712,117,99,18,18
32713,77,78,-1,1
32714,129,127,2,2
32715,111,93,18,18
32716,131,126,5,5
32717,67,71,-4,4
32718,66,61,5,5
32719,111,120,-9,9
32720,71,84,-13,13
32721,58,55,3,3
32722,61,77,-16,16
32723,65,62,3,3
32724,91,98,-7,7
32725,126,127,-1,1
32726,79,68,11,11
32727,98,93,5,5
32728,83,108,-25,25
32729,46,38,8,8
32730,71,71,0,0
32731,56,65,-9,9
32732,74,67,7,7
32733,86,83,3,3
32734,125,119,6,6
32735,71,65,6,6
32736,62,62,0,0
32737,96,63,33,33
32738,145,131,14,14
32739,73,68,5,5
32740,67,69,-2,2
32741,87,90,-3,3
32742,79,70,9,9
32743,93,96,-3,3
32744,72,70,2,2
32745,68,66,2,2
32746,72,70,2,2
32747,132,124,8,8
32748,75,70,5,5
32749,86,90,-4,4
32750,101,95,6,6
32751,193,204,-11,11
32752,124,121,3,3
32753,96,87,9,9
32754,102,105,-3,3
32755,48,39,9,9
32756,95,85,10,10
32757,172,176,-4,4
32758,174,177,-3,3
32759,171,156,15,15
32760,64,61,3,3
32761,90,92,-2,2
32762,77,82,-5,5
32763,79,76,3,3
32764,82,82,0,0
32765,128,130,-2,2
32766,96,103,-7,7
32767,88,88,0,0
32768,78,80,-2,2
32769,115,123,-8,8
32770,75,83,-8,8
32771,132,130,2,2
32772,161,154,7,7
32773,117,111,6,6
32774,61,55,6,6
32775,84,72,12,12
32776,102,108,-6,6
32777,108,110,-2,2
32778,108,123,-15,15
32779,156,154,2,2
32780,107,105,2,2
32781,74,69,5,5
32782,185,204,-19,19
32783,61,73,-12,12
32784,106,106,0,0
32785,73,78,-5,5
32786,83,73,10,10
32787,53,56,-3,3
32788,216,210,6,6
32789,90,87,3,3
32790,94,108,-14,14
32791,113,119,-6,6
32792,48,47,1,1
32793,125,146,-21,21
32794,58,56,2,2
32795,112,110,2,2
32796,91,87,4,4
32797,90,100,-10,10
32798,104,98,6,6
32799,59,60,-1,1
32800,74,73,1,1
32801,99,111,-12,12
32802,76,84,-8,8
32803,101,101,0,0
32804,143,142,1,1
32805,66,65,1,1
32806,108,102,6,6
32807,126,124,2,2
32808,102,95,7,7
32809,106,114,-8,8
32810,84,83,1,1
32811,133,133,0,0
32812,68,67,1,1
32813,133,134,-1,1
32814,91,90,1,1
32815,148,152,-4,4
32816,131,131,0,0
32817,105,100,5,5
32818,111,131,-20,20
32819,50,51,-1,1
32820,118,108,10,10
32821,56,60,-4,4
32822,76,75,1,1
32823,141,132,9,9
32824,162,158,4,4
32825,144,152,-8,8
32826,131,144,-13,13
32827,57,53,4,4
32828,105,116,-11,11
32829,74,71,3,3
32830,118,147,-29,29
32831,157,157,0,0
32832,105,104,1,1
32833,90,89,1,1
32834,96,104,-8,8
32835,161,167,-6,6
32836,83,81,2,2
32837,145,143,2,2
32838,55,56,-1,1
32839,113,128,-15,15
32840,72,73,-1,1
32841,199,199,0,0
32842,57,70,-13,13
32843,86,90,-4,4
32844,124,119,5,5
32845,59,71,-12,12
32846,65,51,14,14
32847,82,82,0,0
32848,127,125,2,2
32849,82,90,-8,8
32850,101,94,7,7
32851,105,101,4,4
32852,94,96,-2,2
32853,125,120,5,5
32854,96,85,11,11
32855,48,51,-3,3
32856,68,73,-5,5
32857,98,101,-3,3
32858,152,147,5,5
32859,139,116,23,23
32860,80,88,-8,8
32861,113,112,1,1
32862,102,118,-16,16
32863,94,92,2,2
32864,56,58,-2,2
32865,112,113,-1,1
32866,71,67,4,4
32867,163,165,-2,2
32868,95,99,-4,4
32869,165,168,-3,3
32870,100,103,-3,3
32871,104,98,6,6
32872,68,76,-8,8
32873,152,147,5,5
32874,62,69,-7,7
32875,56,58,-2,2
32876,87,88,-1,1
32877,48,51,-3,3
32878,85,85,0,0
32879,82,98,-16,16
32880,70,92,-22,22
32881,80,85,-5,5
32882,100,107,-7,7
32883,158,153,5,5
32884,143,142,1,1
32885,76,73,3,3
32886,64,64,0,0
32887,121,119,2,2
32888,72,76,-4,4
32889,53,53,0,0
32890,202,199,3,3
32891,54,56,-2,2
32892,58,56,2,2
32893,125,121,4,4
32894,74,62,12,12
32895,58,103,-45,45
32896,144,145,-1,1
32897,124,125,-1,1
32898,84,85,-1,1
32899,27,64,-37,37
32900,84,79,5,5
32901,176,160,16,16
32902,44,50,-6,6
32903,66,65,1,1
32904,73,86,-13,13
32905,71,88,-17,17
32906,42,71,-29,29
32907,61,82,-21,21
32908,71,64,7,7
32909,90,101,-11,11
32910,74,68,6,6
32911,109,96,13,13
32912,124,120,4,4
32913,94,93,1,1
32914,158,175,-17,17
32915,97,85,12,12
32916,73,68,5,5
32917,90,100,-10,10
32918,64,60,4,4
32919,144,154,-10,10
32920,104,109,-5,5
32921,186,175,11,11
32922,102,98,4,4
32923,85,88,-3,3
32924,96,104,-8,8
32925,122,124,-2,2
32926,97,92,5,5
32927,96,97,-1,1
32928,50,41,9,9
32929,110,133,-23,23
32930,89,87,2,2
32931,98,96,2,2
32932,123,133,-10,10
32933,53,55,-2,2
32934,114,116,-2,2
32935,152,161,-9,9
32936,146,156,-10,10
32937,134,129,5,5
32938,105,113,-8,8
32939,38,63,-25,25
32940,99,96,3,3
32941,107,106,1,1
32942,92,84,8,8
32943,120,125,-5,5
32944,129,132,-3,3
32945,95,90,5,5
32946,90,91,-1,1
32947,103,105,-2,2
32948,114,111,3,3
32949,59,61,-2,2
32950,36,40,-4,4
32951,99,97,2,2
32952,76,74,2,2
32953,149,126,23,23
32954,106,92,14,14
32955,61,70,-9,9
32956,47,70,-23,23
32957,158,172,-14,14
32958,54,52,2,2
32959,50,55,-5,5
32960,98,97,1,1
32961,94,89,5,5
32962,67,66,1,1
32963,49,49,0,0
32964,146,146,0,0
32965,135,126,9,9
32966,87,77,10,10
32967,98,106,-8,8
32968,59,58,1,1
32969,86,83,3,3
32970,62,62,0,0
32971,113,105,8,8
32972,93,95,-2,2
32973,75,83,-8,8
32974,83,78,5,5
32975,138,136,2,2
32976,67,69,-2,2
32977,84,76,8,8
32978,117,119,-2,2
32979,64,64,0,0
32980,80,79,1,1
32981,85,91,-6,6
32982,67,68,-1,1
32983,96,98,-2,2
32984,72,74,-2,2
32985,63,75,-12,12
32986,151,138,13,13
32987,49,54,-5,5
32988,103,82,21,21
32989,32,38,-6,6
32990,70,63,7,7
32991,135,141,-6,6
32992,55,56,-1,1
32993,99,100,-1,1
32994,114,118,-4,4
32995,82,76,6,6
32996,119,126,-7,7
32997,104,108,-4,4
32998,123,121,2,2
32999,113,117,-4,4
33000,153,160,-7,7
33001,89,92,-3,3
33002,48,69,-21,21
33003,113,109,4,4
33004,83,87,-4,4
33005,129,120,9,9
33006,67,74,-7,7
33007,96,91,5,5
33008,92,92,0,0
33009,103,98,5,5
33010,121,110,11,11
33011,48,52,-4,4
33012,98,92,6,6
33013,112,110,2,2
33014,107,110,-3,3
33015,92,84,8,8
33016,72,76,-4,4
33017,86,85,1,1
33018,86,87,-1,1
33019,120,116,4,4
33020,65,70,-5,5
33021,86,84,2,2
33022,138,133,5,5
33023,74,83,-9,9
33024,60,58,2,2
33025,125,117,8,8
33026,61,65,-4,4
33027,99,97,2,2
33028,150,146,4,4
33029,69,65,4,4
33030,41,39,2,2
33031,108,101,7,7
33032,163,172,-9,9
33033,121,118,3,3
33034,72,73,-1,1
33035,109,105,4,4
33036,133,139,-6,6
33037,74,75,-1,1
33038,119,123,-4,4
33039,77,76,1,1
33040,97,113,-16,16
33041,76,78,-2,2
33042,102,101,1,1
33043,88,83,5,5
33044,139,136,3,3
33045,93,91,2,2
33046,171,165,6,6
33047,115,139,-24,24
33048,73,73,0,0
33049,102,98,4,4
33050,97,100,-3,3
33051,107,113,-6,6
33052,180,187,-7,7
33053,78,81,-3,3
33054,279,268,11,11
33055,86,96,-10,10
33056,80,80,0,0
33057,131,142,-11,11
33058,49,50,-1,1
33059,100,98,2,2
33060,53,63,-10,10
33061,116,110,6,6
33062,61,60,1,1
33063,73,66,7,7
33064,70,64,6,6
33065,56,58,-2,2
33066,69,68,1,1
33067,76,71,5,5
33068,57,61,-4,4
33069,36,38,-2,2
33070,75,88,-13,13
33071,62,60,2,2
33072,78,75,3,3
33073,112,109,3,3
33074,85,81,4,4
33075,164,152,12,12
33076,52,60,-8,8
33077,102,103,-1,1
33078,34,37,-3,3
33079,52,56,-4,4
33080,63,77,-14,14
33081,60,57,3,3
33082,145,144,1,1
33083,74,77,-3,3
33084,106,114,-8,8
33085,53,54,-1,1
33086,114,121,-7,7
33087,135,143,-8,8
33088,119,117,2,2
33089,84,99,-15,15
33090,62,59,3,3
33091,150,152,-2,2
33092,178,205,-27,27
33093,125,127,-2,2
33094,125,128,-3,3
33095,56,58,-2,2
33096,83,88,-5,5
33097,79,96,-17,17
33098,66,66,0,0
33099,62,62,0,0
33100,77,82,-5,5
33101,113,114,-1,1
33102,119,124,-5,5
33103,100,92,8,8
33104,121,125,-4,4
33105,102,103,-1,1
33106,106,121,-15,15
33107,67,65,2,2
33108,104,97,7,7
33109,133,137,-4,4
33110,138,131,7,7
33111,62,71,-9,9
33112,110,121,-11,11
33113,140,135,5,5
33114,80,73,7,7
33115,103,106,-3,3
33116,114,111,3,3
33117,55,52,3,3
33118,91,91,0,0
33119,38,46,-8,8
33120,89,76,13,13
33121,129,124,5,5
33122,30,62,-32,32
33123,103,99,4,4
33124,100,105,-5,5
33125,87,92,-5,5
33126,99,97,2,2
33127,87,84,3,3
33128,91,96,-5,5
33129,105,99,6,6
33130,104,101,3,3
33131,46,41,5,5
33132,86,78,8,8
33133,59,77,-18,18
33134,135,142,-7,7
33135,47,49,-2,2
33136,108,95,13,13
33137,108,101,7,7
33138,120,126,-6,6
33139,50,75,-25,25
33140,102,128,-26,26
33141,129,142,-13,13
33142,82,128,-46,46
33143,141,131,10,10
33144,87,82,5,5
33145,108,104,4,4
33146,113,126,-13,13
33147,166,168,-2,2
33148,82,79,3,3
33149,34,62,-28,28
33150,57,59,-2,2
33151,128,139,-11,11
33152,86,93,-7,7
33153,70,67,3,3
33154,106,105,1,1
33155,111,113,-2,2
33156,89,101,-12,12
33157,28,38,-10,10
33158,102,104,-2,2
33159,159,145,14,14
33160,170,163,7,7
33161,98,102,-4,4
33162,77,81,-4,4
33163,118,124,-6,6
33164,96,95,1,1
33165,51,58,-7,7
33166,63,58,5,5
33167,70,69,1,1
33168,99,111,-12,12
33169,58,57,1,1
33170,60,58,2,2
33171,78,81,-3,3
33172,45,59,-14,14
33173,89,103,-14,14
33174,69,71,-2,2
33175,84,88,-4,4
33176,73,71,2,2
33177,178,172,6,6
33178,63,69,-6,6
33179,108,105,3,3
33180,105,113,-8,8
33181,43,41,2,2
33182,82,81,1,1
33183,76,78,-2,2
33184,143,133,10,10
33185,91,88,3,3
33186,63,65,-2,2
33187,136,133,3,3
33188,83,73,10,10
33189,128,120,8,8
33190,63,65,-2,2
33191,72,80,-8,8
33192,96,96,0,0
33193,66,64,2,2
33194,89,103,-14,14
33195,74,69,5,5
33196,69,67,2,2
33197,86,86,0,0
33198,105,103,2,2
33199,92,96,-4,4
33200,49,58,-9,9
33201,151,142,9,9
33202,87,96,-9,9
33203,86,87,-1,1
33204,55,54,1,1
33205,113,128,-15,15
33206,96,96,0,0
33207,84,83,1,1
33208,102,101,1,1
33209,85,90,-5,5
33210,141,145,-4,4
33211,90,78,12,12
33212,57,58,-1,1
33213,80,89,-9,9
33214,111,107,4,4
33215,82,124,-42,42
33216,85,87,-2,2
33217,85,80,5,5
33218,67,64,3,3
33219,86,84,2,2
33220,102,92,10,10
33221,71,71,0,0
33222,130,158,-28,28
33223,76,81,-5,5
33224,70,74,-4,4
33225,86,94,-8,8
33226,55,46,9,9
33227,97,100,-3,3
33228,98,120,-22,22
33229,70,58,12,12
33230,102,97,5,5
33231,79,73,6,6
33232,104,101,3,3
33233,70,61,9,9
33234,94,91,3,3
33235,103,107,-4,4
33236,102,107,-5,5
33237,102,99,3,3
33238,67,63,4,4
33239,165,164,1,1
33240,73,90,-17,17
33241,149,141,8,8
33242,92,89,3,3
33243,57,64,-7,7
33244,76,62,14,14
33245,129,122,7,7
33246,66,69,-3,3
33247,132,125,7,7
33248,108,103,5,5
33249,162,156,6,6
33250,104,101,3,3
33251,98,107,-9,9
33252,81,82,-1,1
33253,106,114,-8,8
33254,134,144,-10,10
33255,118,120,-2,2
33256,156,145,11,11
33257,73,69,4,4
33258,106,108,-2,2
33259,64,59,5,5
33260,66,59,7,7
33261,126,112,14,14
33262,103,105,-2,2
33263,57,57,0,0
33264,158,167,-9,9
33265,103,102,1,1
33266,103,104,-1,1
33267,172,169,3,3
33268,137,141,-4,4
33269,95,92,3,3
33270,127,123,4,4
33271,87,86,1,1
33272,136,122,14,14
33273,51,54,-3,3
33274,95,93,2,2
33275,100,102,-2,2
33276,140,137,3,3
33277,102,106,-4,4
33278,69,66,3,3
33279,148,147,1,1
33280,121,139,-18,18
33281,133,140,-7,7
33282,106,111,-5,5
33283,95,90,5,5
33284,71,87,-16,16
33285,148,153,-5,5
33286,188,186,2,2
33287,111,112,-1,1
33288,88,90,-2,2
33289,71,86,-15,15
33290,83,88,-5,5
33291,44,39,5,5
33292,69,64,5,5
33293,44,38,6,6
33294,111,107,4,4
33295,105,114,-9,9
33296,76,77,-1,1
33297,95,96,-1,1
33298,181,180,1,1
33299,128,121,7,7
33300,81,84,-3,3
33301,175,160,15,15
33302,57,53,4,4
33303,70,65,5,5
33304,77,70,7,7
33305,61,62,-1,1
33306,108,115,-7,7
33307,69,72,-3,3
33308,61,54,7,7
33309,116,112,4,4
33310,50,54,-4,4
33311,95,90,5,5
33312,62,68,-6,6
33313,161,156,5,5
33314,101,105,-4,4
33315,84,80,4,4
33316,87,94,-7,7
33317,71,72,-1,1
33318,56,57,-1,1
33319,77,76,1,1
33320,100,121,-21,21
33321,74,80,-6,6
33322,59,64,-5,5
33323,117,118,-1,1
33324,102,102,0,0
33325,97,98,-1,1
33326,77,77,0,0
33327,128,143,-15,15
33328,89,89,0,0
33329,67,68,-1,1
33330,69,73,-4,4
33331,104,108,-4,4
33332,55,59,-4,4
33333,62,60,2,2
33334,101,98,3,3
33335,78,86,-8,8
33336,86,76,10,10
33337,81,77,4,4
33338,104,94,10,10
33339,57,55,2,2
33340,101,94,7,7
33341,84,80,4,4
33342,73,82,-9,9
33343,106,110,-4,4
33344,102,108,-6,6
33345,71,78,-7,7
33346,144,149,-5,5
33347,131,117,14,14
33348,82,71,11,11
33349,83,75,8,8
33350,169,168,1,1
33351,70,62,8,8
33352,158,155,3,3
33353,162,139,23,23
33354,104,97,7,7
33355,52,39,13,13
33356,59,58,1,1
33357,70,71,-1,1
33358,112,122,-10,10
33359,106,97,9,9
33360,130,125,5,5
33361,111,106,5,5
33362,117,107,10,10
33363,118,130,-12,12
33364,74,81,-7,7
33365,52,53,-1,1
33366,97,111,-14,14
33367,72,75,-3,3
33368,84,79,5,5
33369,50,56,-6,6
33370,101,100,1,1
33371,52,54,-2,2
33372,85,90,-5,5
33373,90,90,0,0
33374,66,70,-4,4
33375,132,122,10,10
33376,91,94,-3,3
33377,46,49,-3,3
33378,36,38,-2,2
33379,94,97,-3,3
33380,65,64,1,1
33381,85,85,0,0
33382,78,74,4,4
33383,140,154,-14,14
33384,79,84,-5,5
33385,108,109,-1,1
33386,84,82,2,2
33387,89,90,-1,1
33388,119,113,6,6
33389,52,50,2,2
33390,130,117,13,13
33391,57,49,8,8
33392,128,124,4,4
33393,106,98,8,8
33394,65,56,9,9
33395,75,84,-9,9
33396,153,161,-8,8
33397,42,39,3,3
33398,70,65,5,5
33399,157,159,-2,2
33400,153,154,-1,1
33401,93,88,5,5
33402,85,83,2,2
33403,70,83,-13,13
33404,84,90,-6,6
33405,61,58,3,3
33406,80,80,0,0
33407,60,56,4,4
33408,60,60,0,0
33409,122,124,-2,2
33410,87,90,-3,3
33411,207,172,35,35
33412,102,110,-8,8
33413,52,59,-7,7
33414,75,82,-7,7
33415,62,62,0,0
33416,82,91,-9,9
33417,144,130,14,14
33418,130,138,-8,8
33419,90,80,10,10
33420,71,74,-3,3
33421,77,72,5,5
33422,72,69,3,3
33423,46,48,-2,2
33424,55,65,-10,10
33425,64,98,-34,34
33426,73,68,5,5
33427,76,81,-5,5
33428,100,101,-1,1
33429,108,99,9,9
33430,130,126,4,4
33431,136,132,4,4
33432,89,88,1,1
33433,79,85,-6,6
33434,110,103,7,7
33435,125,134,-9,9
33436,79,89,-10,10
33437,32,38,-6,6
33438,97,126,-29,29
33439,135,132,3,3
33440,93,95,-2,2
33441,111,110,1,1
33442,87,98,-11,11
33443,131,121,10,10
33444,72,68,4,4
33445,72,84,-12,12
33446,192,169,23,23
33447,129,123,6,6
33448,102,99,3,3
33449,86,79,7,7
33450,134,126,8,8
33451,157,160,-3,3
33452,75,75,0,0
33453,93,93,0,0
33454,96,95,1,1
33455,105,106,-1,1
33456,110,110,0,0
33457,137,129,8,8
33458,194,202,-8,8
33459,82,81,1,1
33460,102,117,-15,15
33461,92,95,-3,3
33462,119,101,18,18
33463,113,111,2,2
33464,85,87,-2,2
33465,66,68,-2,2
33466,145,144,1,1
33467,112,115,-3,3
33468,133,138,-5,5
33469,113,106,7,7
33470,175,154,21,21
33471,113,121,-8,8
33472,59,57,2,2
33473,97,102,-5,5
33474,74,74,0,0
33475,53,53,0,0
33476,108,111,-3,3
33477,133,126,7,7
33478,46,39,7,7
33479,135,124,11,11
33480,111,106,5,5
33481,117,112,5,5
33482,69,69,0,0
33483,175,165,10,10
33484,83,80,3,3
33485,80,84,-4,4
33486,95,107,-12,12
33487,80,82,-2,2
33488,71,72,-1,1
33489,61,57,4,4
33490,83,85,-2,2
33491,168,163,5,5
33492,78,75,3,3
33493,79,86,-7,7
33494,112,120,-8,8
33495,73,71,2,2
33496,71,87,-16,16
33497,86,89,-3,3
33498,105,114,-9,9
33499,103,99,4,4
33500,81,79,2,2
33501,70,70,0,0
33502,107,100,7,7
33503,150,156,-6,6
33504,70,60,10,10
33505,80,87,-7,7
33506,48,56,-8,8
33507,100,110,-10,10
33508,52,61,-9,9
33509,97,97,0,0
33510,172,171,1,1
33511,28,38,-10,10
33512,42,76,-34,34
33513,120,120,0,0
33514,60,64,-4,4
33515,118,103,15,15
33516,175,168,7,7
33517,69,69,0,0
33518,50,51,-1,1
33519,90,90,0,0
33520,109,110,-1,1
33521,63,71,-8,8
33522,63,62,1,1
33523,54,57,-3,3
33524,115,119,-4,4
33525,61,61,0,0
33526,91,96,-5,5
33527,76,92,-16,16
33528,72,79,-7,7
33529,64,65,-1,1
33530,47,48,-1,1
33531,67,59,8,8
33532,111,107,4,4
33533,102,136,-34,34
33534,68,62,6,6
33535,101,88,13,13
33536,154,139,15,15
33537,71,71,0,0
33538,77,75,2,2
33539,74,74,0,0
33540,95,98,-3,3
33541,98,99,-1,1
33542,87,85,2,2
33543,134,139,-5,5
33544,118,120,-2,2
33545,146,142,4,4
33546,82,96,-14,14
33547,85,71,14,14
33548,68,90,-22,22
33549,62,62,0,0
33550,79,66,13,13
33551,33,38,-5,5
33552,130,123,7,7
33553,88,79,9,9
33554,132,135,-3,3
33555,69,75,-6,6
33556,98,89,9,9
33557,113,100,13,13
33558,84,86,-2,2
33559,78,76,2,2
33560,121,114,7,7
33561,69,64,5,5
33562,70,87,-17,17
33563,89,96,-7,7
33564,97,97,0,0
33565,89,88,1,1
33566,128,125,3,3
33567,149,147,2,2
33568,115,115,0,0
33569,68,72,-4,4
33570,44,40,4,4
33571,36,39,-3,3
33572,64,82,-18,18
33573,75,64,11,11
33574,85,86,-1,1
33575,90,90,0,0
33576,98,116,-18,18
33577,110,103,7,7
33578,91,96,-5,5
33579,179,168,11,11
33580,97,85,12,12
33581,65,67,-2,2
33582,111,123,-12,12
33583,191,175,16,16
33584,181,163,18,18
33585,58,61,-3,3
33586,90,77,13,13
33587,101,94,7,7
33588,164,148,16,16
33589,117,106,11,11
33590,84,91,-7,7
33591,112,107,5,5
33592,117,106,11,11
33593,80,83,-3,3
33594,150,143,7,7
33595,94,95,-1,1
33596,115,119,-4,4
33597,157,147,10,10
33598,69,71,-2,2
33599,61,58,3,3
33600,97,100,-3,3
33601,74,78,-4,4
33602,90,94,-4,4
33603,59,56,3,3
33604,121,109,12,12
33605,102,94,8,8
33606,107,115,-8,8
33607,102,110,-8,8
33608,256,253,3,3
33609,75,78,-3,3
33610,80,81,-1,1
33611,67,68,-1,1
33612,122,121,1,1
33613,65,58,7,7
33614,74,82,-8,8
33615,86,88,-2,2
33616,206,211,-5,5
33617,139,147,-8,8
33618,76,77,-1,1
33619,186,183,3,3
33620,111,113,-2,2
33621,80,72,8,8
33622,148,150,-2,2
33623,76,82,-6,6
33624,123,148,-25,25
33625,79,98,-19,19
33626,118,112,6,6
33627,51,52,-1,1
33628,88,106,-18,18
33629,157,157,0,0
33630,84,91,-7,7
33631,129,125,4,4
33632,131,120,11,11
33633,74,92,-18,18
33634,93,96,-3,3
33635,88,91,-3,3
33636,74,84,-10,10
33637,102,100,2,2
33638,143,140,3,3
33639,67,63,4,4
33640,197,202,-5,5
33641,98,90,8,8
33642,117,106,11,11
33643,120,122,-2,2
33644,118,125,-7,7
33645,63,54,9,9
33646,139,143,-4,4
33647,144,151,-7,7
33648,96,93,3,3
33649,110,93,17,17
33650,121,122,-1,1
33651,68,81,-13,13
33652,84,110,-26,26
33653,118,119,-1,1
33654,96,99,-3,3
33655,78,81,-3,3
33656,27,37,-10,10
33657,157,152,5,5
33658,137,133,4,4
33659,107,107,0,0
33660,95,97,-2,2
33661,45,55,-10,10
33662,69,100,-31,31
33663,196,184,12,12
33664,108,95,13,13
33665,88,85,3,3
33666,199,191,8,8
33667,111,117,-6,6
33668,179,168,11,11
33669,157,159,-2,2
33670,82,75,7,7
33671,77,71,6,6
33672,56,53,3,3
33673,63,66,-3,3
33674,196,189,7,7
33675,89,95,-6,6
33676,126,122,4,4
33677,39,38,1,1
33678,80,90,-10,10
33679,97,95,2,2
33680,85,79,6,6
33681,58,58,0,0
33682,132,130,2,2
33683,54,65,-11,11
33684,99,97,2,2
33685,91,96,-5,5
33686,75,68,7,7
33687,57,67,-10,10
33688,66,70,-4,4
33689,105,115,-10,10
33690,51,58,-7,7
33691,134,129,5,5
33692,27,39,-12,12
33693,71,65,6,6
33694,65,61,4,4
33695,112,91,21,21
33696,100,107,-7,7
33697,56,58,-2,2
33698,74,71,3,3
33699,137,134,3,3
33700,96,100,-4,4
33701,113,126,-13,13
33702,56,55,1,1
33703,91,96,-5,5
33704,179,185,-6,6
33705,54,50,4,4
33706,90,94,-4,4
33707,92,91,1,1
33708,87,88,-1,1
33709,122,114,8,8
33710,150,139,11,11
33711,90,88,2,2
33712,98,97,1,1
33713,59,58,1,1
33714,122,126,-4,4
33715,150,155,-5,5
33716,74,73,1,1
33717,65,68,-3,3
33718,53,59,-6,6
33719,93,92,1,1
33720,108,102,6,6
33721,70,79,-9,9
33722,135,132,3,3
33723,87,93,-6,6
33724,65,74,-9,9
33725,55,47,8,8
33726,40,39,1,1
33727,88,84,4,4
33728,168,161,7,7
33729,37,39,-2,2
33730,80,68,12,12
33731,92,83,9,9
33732,157,145,12,12
33733,121,125,-4,4
33734,119,127,-8,8
33735,131,109,22,22
33736,112,105,7,7
33737,71,85,-14,14
33738,73,73,0,0
33739,99,95,4,4
33740,81,71,10,10
33741,70,69,1,1
33742,91,89,2,2
33743,63,60,3,3
33744,65,60,5,5
33745,92,101,-9,9
33746,83,79,4,4
33747,62,68,-6,6
33748,137,139,-2,2
33749,194,184,10,10
33750,104,98,6,6
33751,136,139,-3,3
33752,149,151,-2,2
33753,109,111,-2,2
33754,70,63,7,7
33755,121,116,5,5
33756,73,74,-1,1
33757,97,92,5,5
33758,105,99,6,6
33759,131,132,-1,1
33760,118,116,2,2
33761,97,95,2,2
33762,49,51,-2,2
33763,110,110,0,0
33764,87,92,-5,5
33765,107,107,0,0
33766,72,68,4,4
33767,173,172,1,1
33768,117,121,-4,4
33769,91,98,-7,7
33770,93,79,14,14
33771,34,39,-5,5
33772,75,68,7,7
33773,110,117,-7,7
33774,76,86,-10,10
33775,122,162,-40,40
33776,94,99,-5,5
33777,60,61,-1,1
33778,96,97,-1,1
33779,92,96,-4,4
33780,155,146,9,9
33781,116,107,9,9
33782,113,114,-1,1
33783,70,64,6,6
33784,127,135,-8,8
33785,104,121,-17,17
33786,103,107,-4,4
33787,66,58,8,8
33788,58,56,2,2
33789,47,59,-12,12
33790,124,130,-6,6
33791,47,39,8,8
33792,134,121,13,13
33793,126,117,9,9
33794,133,139,-6,6
33795,101,104,-3,3
33796,48,39,9,9
33797,69,71,-2,2
33798,62,60,2,2
33799,112,103,9,9
33800,124,133,-9,9
33801,68,65,3,3
33802,70,65,5,5
33803,98,100,-2,2
33804,61,74,-13,13
33805,98,107,-9,9
33806,128,120,8,8
33807,112,109,3,3
33808,62,64,-2,2
33809,106,98,8,8
33810,90,82,8,8
33811,57,56,1,1
33812,127,132,-5,5
33813,83,79,4,4
33814,123,121,2,2
33815,99,96,3,3
33816,114,119,-5,5
33817,124,134,-10,10
33818,63,62,1,1
33819,169,167,2,2
33820,86,87,-1,1
33821,97,99,-2,2
33822,95,87,8,8
33823,97,98,-1,1
33824,120,111,9,9
33825,100,97,3,3
33826,127,138,-11,11
33827,65,65,0,0
33828,74,74,0,0
33829,146,145,1,1
33830,93,97,-4,4
33831,76,78,-2,2
33832,127,125,2,2
33833,61,60,1,1
33834,81,86,-5,5
33835,132,103,29,29
33836,69,59,10,10
33837,56,69,-13,13
33838,103,100,3,3
33839,110,118,-8,8
33840,102,102,0,0
33841,74,68,6,6
33842,111,115,-4,4
33843,74,73,1,1
33844,58,58,0,0
33845,96,106,-10,10
33846,67,68,-1,1
33847,57,56,1,1
33848,104,100,4,4
33849,60,65,-5,5
33850,50,55,-5,5
33851,120,119,1,1
33852,73,71,2,2
33853,45,39,6,6
33854,95,99,-4,4
33855,125,134,-9,9
33856,106,108,-2,2
33857,80,72,8,8
33858,138,139,-1,1
33859,105,109,-4,4
33860,100,99,1,1
33861,89,87,2,2
33862,161,140,21,21
33863,115,123,-8,8
33864,109,105,4,4
33865,120,114,6,6
33866,64,62,2,2
33867,85,89,-4,4
33868,139,139,0,0
33869,56,61,-5,5
33870,100,103,-3,3
33871,61,57,4,4
33872,87,92,-5,5
33873,78,69,9,9
33874,135,128,7,7
33875,149,152,-3,3
33876,123,117,6,6
33877,114,96,18,18
33878,106,115,-9,9
33879,121,109,12,12
33880,103,116,-13,13
33881,133,139,-6,6
33882,83,82,1,1
33883,90,84,6,6
33884,43,39,4,4
33885,195,187,8,8
33886,82,75,7,7
33887,121,120,1,1
33888,77,78,-1,1
33889,80,85,-5,5
33890,56,56,0,0
33891,70,64,6,6
33892,57,57,0,0
33893,98,102,-4,4
33894,85,87,-2,2
33895,102,103,-1,1
33896,114,103,11,11
33897,153,147,6,6
33898,61,59,2,2
33899,99,99,0,0
33900,77,72,5,5
33901,89,75,14,14
33902,79,74,5,5
33903,108,116,-8,8
33904,102,87,15,15
33905,54,61,-7,7
33906,101,96,5,5
33907,131,125,6,6
33908,56,62,-6,6
33909,110,106,4,4
33910,78,71,7,7
33911,153,145,8,8
33912,73,79,-6,6
33913,105,100,5,5
33914,57,76,-19,19
33915,95,107,-12,12
33916,56,60,-4,4
33917,107,99,8,8
33918,62,81,-19,19
33919,157,155,2,2
33920,94,92,2,2
33921,84,71,13,13
33922,131,133,-2,2
33923,75,74,1,1
33924,122,122,0,0
33925,114,126,-12,12
33926,61,57,4,4
33927,137,152,-15,15
33928,72,70,2,2
33929,115,101,14,14
33930,49,85,-36,36
33931,98,94,4,4
33932,114,119,-5,5
33933,79,77,2,2
33934,75,70,5,5
33935,111,94,17,17
33936,84,86,-2,2
33937,61,62,-1,1
33938,70,73,-3,3
33939,103,108,-5,5
33940,119,110,9,9
33941,62,67,-5,5
33942,94,84,10,10
33943,161,155,6,6
33944,253,225,28,28
33945,112,120,-8,8
33946,63,74,-11,11
33947,90,86,4,4
33948,124,125,-1,1
33949,85,72,13,13
33950,167,172,-5,5
33951,115,96,19,19
33952,113,105,8,8
33953,95,97,-2,2
33954,93,94,-1,1
33955,138,126,12,12
33956,74,74,0,0
33957,52,56,-4,4
33958,104,101,3,3
33959,143,141,2,2
33960,74,82,-8,8
33961,69,67,2,2
33962,133,135,-2,2
33963,82,81,1,1
33964,98,93,5,5
33965,77,74,3,3
33966,142,146,-4,4
33967,84,90,-6,6
33968,95,106,-11,11
33969,83,81,2,2
33970,114,104,10,10
33971,53,74,-21,21
33972,91,88,3,3
33973,122,128,-6,6
33974,89,116,-27,27
33975,81,86,-5,5
33976,110,112,-2,2
33977,96,93,3,3
33978,119,116,3,3
33979,80,86,-6,6
33980,108,99,9,9
33981,71,65,6,6
33982,80,77,3,3
33983,157,165,-8,8
33984,85,69,16,16
33985,47,55,-8,8
33986,68,61,7,7
33987,86,72,14,14
33988,71,69,2,2
33989,64,59,5,5
33990,65,64,1,1
33991,155,168,-13,13
33992,108,119,-11,11
33993,188,176,12,12
33994,109,105,4,4
33995,64,66,-2,2
33996,120,145,-25,25
33997,72,73,-1,1
33998,55,60,-5,5
33999,69,64,5,5
34000,186,178,8,8
34001,96,113,-17,17
34002,77,80,-3,3
34003,83,84,-1,1
34004,79,73,6,6
34005,55,65,-10,10
34006,155,150,5,5
34007,91,93,-2,2
34008,48,56,-8,8
34009,122,125,-3,3
34010,75,90,-15,15
34011,109,116,-7,7
34012,110,110,0,0
34013,79,77,2,2
34014,69,67,2,2
34015,78,85,-7,7
34016,129,135,-6,6
34017,131,130,1,1
34018,45,39,6,6
34019,96,91,5,5
34020,105,124,-19,19
34021,128,131,-3,3
34022,139,140,-1,1
34023,116,107,9,9
34024,81,83,-2,2
34025,77,80,-3,3
34026,100,99,1,1
34027,68,65,3,3
34028,70,75,-5,5
34029,222,231,-9,9
34030,22,37,-15,15
34031,121,117,4,4
34032,67,69,-2,2
34033,87,78,9,9
34034,58,57,1,1
34035,69,82,-13,13
34036,71,81,-10,10
34037,54,66,-12,12
34038,60,56,4,4
34039,87,86,1,1
34040,101,97,4,4
34041,61,61,0,0
34042,141,132,9,9
34043,121,130,-9,9
34044,102,96,6,6
34045,78,80,-2,2
34046,96,113,-17,17
34047,56,52,4,4
34048,101,88,13,13
34049,64,66,-2,2
34050,55,63,-8,8
34051,89,78,11,11
34052,84,76,8,8
34053,90,89,1,1
34054,166,157,9,9
34055,85,113,-28,28
34056,94,93,1,1
34057,130,140,-10,10
34058,146,157,-11,11
34059,77,95,-18,18
34060,97,92,5,5
34061,102,99,3,3
34062,150,160,-10,10
34063,104,101,3,3
34064,90,90,0,0
34065,70,70,0,0
34066,45,39,6,6
34067,76,68,8,8
34068,90,111,-21,21
34069,63,55,8,8
34070,123,116,7,7
34071,91,78,13,13
34072,102,87,15,15
34073,120,112,8,8
34074,48,68,-20,20
34075,42,47,-5,5
34076,85,88,-3,3
34077,67,62,5,5
34078,73,60,13,13
34079,67,65,2,2
34080,87,89,-2,2
34081,172,160,12,12
34082,128,138,-10,10
34083,116,120,-4,4
34084,102,96,6,6
34085,134,139,-5,5
34086,94,104,-10,10
34087,55,54,1,1
34088,175,186,-11,11
34089,71,70,1,1
34090,53,59,-6,6
34091,92,101,-9,9
34092,111,105,6,6
34093,120,123,-3,3
34094,107,120,-13,13
34095,48,39,9,9
34096,85,79,6,6
34097,122,148,-26,26
34098,90,97,-7,7
34099,70,64,6,6
34100,63,62,1,1
34101,110,104,6,6
34102,56,58,-2,2
34103,96,105,-9,9
34104,79,82,-3,3
34105,56,55,1,1
34106,115,105,10,10
34107,60,65,-5,5
34108,59,59,0,0
34109,74,72,2,2
34110,110,118,-8,8
34111,99,110,-11,11
34112,106,106,0,0
34113,62,54,8,8
34114,93,95,-2,2
34115,59,57,2,2
34116,88,82,6,6
34117,75,90,-15,15
34118,78,68,10,10
34119,67,69,-2,2
34120,118,112,6,6
34121,66,59,7,7
34122,69,67,2,2
34123,110,101,9,9
34124,102,105,-3,3
34125,127,129,-2,2
34126,99,104,-5,5
34127,127,134,-7,7
34128,97,86,11,11
34129,52,39,13,13
34130,56,60,-4,4
34131,64,62,2,2
34132,111,105,6,6
34133,114,115,-1,1
34134,162,151,11,11
34135,56,68,-12,12
34136,35,38,-3,3
34137,83,87,-4,4
34138,151,156,-5,5
34139,77,76,1,1
34140,65,69,-4,4
34141,67,64,3,3
34142,81,76,5,5
34143,56,56,0,0
34144,67,65,2,2
34145,59,55,4,4
34146,142,126,16,16
34147,79,83,-4,4
34148,104,104,0,0
34149,68,67,1,1
34150,67,73,-6,6
34151,56,55,1,1
34152,66,64,2,2
34153,31,38,-7,7
34154,121,113,8,8
34155,115,114,1,1
34156,68,64,4,4
34157,103,107,-4,4
34158,71,76,-5,5
34159,115,123,-8,8
34160,122,114,8,8
34161,99,93,6,6
34162,112,114,-2,2
34163,215,225,-10,10
34164,68,74,-6,6
34165,84,83,1,1
34166,82,86,-4,4
34167,82,83,-1,1
34168,95,91,4,4
34169,80,83,-3,3
34170,121,114,7,7
34171,103,96,7,7
34172,74,79,-5,5
34173,59,57,2,2
34174,106,99,7,7
34175,62,57,5,5
34176,49,50,-1,1
34177,62,63,-1,1
34178,151,151,0,0
34179,178,160,18,18
34180,96,97,-1,1
34181,91,95,-4,4
34182,74,72,2,2
34183,78,86,-8,8
34184,95,119,-24,24
34185,109,109,0,0
34186,59,60,-1,1
34187,64,60,4,4
34188,122,109,13,13
34189,106,110,-4,4
34190,137,135,2,2
34191,79,76,3,3
34192,45,52,-7,7
34193,96,91,5,5
34194,53,52,1,1
34195,121,115,6,6
34196,138,144,-6,6
34197,107,102,5,5
34198,90,89,1,1
34199,83,86,-3,3
34200,65,63,2,2
34201,68,75,-7,7
34202,50,50,0,0
34203,44,67,-23,23
34204,78,83,-5,5
34205,74,75,-1,1
34206,67,66,1,1
34207,116,108,8,8
34208,50,48,2,2
34209,100,94,6,6
34210,52,53,-1,1
34211,70,63,7,7
34212,92,95,-3,3
34213,130,124,6,6
34214,139,147,-8,8
34215,96,89,7,7
34216,98,92,6,6
34217,49,49,0,0
34218,90,81,9,9
34219,103,114,-11,11
34220,39,47,-8,8
34221,172,152,20,20
34222,104,95,9,9
34223,63,61,2,2
34224,78,75,3,3
34225,65,66,-1,1
34226,58,55,3,3
34227,140,144,-4,4
34228,95,106,-11,11
34229,77,70,7,7
34230,122,116,6,6
34231,63,52,11,11
34232,26,39,-13,13
34233,78,79,-1,1
34234,60,63,-3,3
34235,80,80,0,0
34236,96,99,-3,3
34237,62,62,0,0
34238,77,81,-4,4
34239,101,96,5,5
34240,103,104,-1,1
34241,87,95,-8,8
34242,132,133,-1,1
34243,223,206,17,17
34244,117,110,7,7
34245,151,147,4,4
34246,87,98,-11,11
34247,103,100,3,3
34248,59,64,-5,5
34249,150,135,15,15
34250,100,92,8,8
34251,92,82,10,10
34252,65,76,-11,11
34253,72,68,4,4
34254,48,45,3,3
34255,114,107,7,7
34256,63,57,6,6
34257,139,139,0,0
34258,86,85,1,1
34259,96,86,10,10
34260,80,77,3,3
34261,126,117,9,9
34262,112,108,4,4
34263,99,113,-14,14
34264,83,76,7,7
34265,62,56,6,6
34266,53,64,-11,11
34267,40,39,1,1
34268,103,102,1,1
34269,87,95,-8,8
34270,66,67,-1,1
34271,116,108,8,8
34272,107,97,10,10
34273,121,123,-2,2
34274,114,102,12,12
34275,111,112,-1,1
34276,105,107,-2,2
34277,103,106,-3,3
34278,106,95,11,11
34279,126,124,2,2
34280,104,99,5,5
34281,77,73,4,4
34282,114,118,-4,4
34283,77,77,0,0
34284,83,87,-4,4
34285,78,88,-10,10
34286,81,84,-3,3
34287,64,64,0,0
34288,134,132,2,2
34289,78,80,-2,2
34290,137,134,3,3
34291,80,78,2,2
34292,145,137,8,8
34293,103,107,-4,4
34294,101,96,5,5
34295,87,83,4,4
34296,83,85,-2,2
34297,98,89,9,9
34298,133,138,-5,5
34299,114,124,-10,10
34300,119,107,12,12
34301,94,94,0,0
34302,85,92,-7,7
34303,162,168,-6,6
34304,85,73,12,12
34305,62,59,3,3
34306,83,78,5,5
34307,99,94,5,5
34308,79,87,-8,8
34309,95,99,-4,4
34310,140,145,-5,5
34311,165,160,5,5
34312,104,100,4,4
34313,110,126,-16,16
34314,138,185,-47,47
34315,117,133,-16,16
34316,120,117,3,3
34317,67,77,-10,10
34318,82,81,1,1
34319,110,104,6,6
34320,110,102,8,8
34321,63,69,-6,6
34322,54,54,0,0
34323,128,136,-8,8
34324,90,84,6,6
34325,99,104,-5,5
34326,121,149,-28,28
34327,47,56,-9,9
34328,88,84,4,4
34329,96,89,7,7
34330,83,105,-22,22
34331,91,81,10,10
34332,100,104,-4,4
34333,68,70,-2,2
34334,44,39,5,5
34335,94,91,3,3
34336,48,50,-2,2
34337,63,60,3,3
34338,114,113,1,1
34339,88,83,5,5
34340,105,101,4,4
34341,67,67,0,0
34342,61,52,9,9
34343,120,119,1,1
34344,111,100,11,11
34345,102,94,8,8
34346,111,106,5,5
34347,48,39,9,9
34348,102,109,-7,7
34349,101,101,0,0
34350,88,94,-6,6
34351,58,63,-5,5
34352,64,62,2,2
34353,65,68,-3,3
34354,156,154,2,2
34355,84,84,0,0
34356,169,156,13,13
34357,130,115,15,15
34358,51,60,-9,9
34359,60,61,-1,1
34360,109,96,13,13
34361,107,110,-3,3
34362,133,147,-14,14
34363,73,71,2,2
34364,117,118,-1,1
34365,105,104,1,1
34366,118,140,-22,22
34367,107,106,1,1
34368,89,88,1,1
34369,130,126,4,4
34370,107,114,-7,7
34371,86,87,-1,1
34372,87,92,-5,5
34373,166,161,5,5
34374,91,93,-2,2
34375,83,78,5,5
34376,90,104,-14,14
34377,60,69,-9,9
34378,73,74,-1,1
34379,133,123,10,10
34380,131,132,-1,1
34381,128,161,-33,33
34382,93,89,4,4
34383,48,52,-4,4
34384,126,108,18,18
34385,62,71,-9,9
34386,50,59,-9,9
34387,70,68,2,2
34388,111,113,-2,2
34389,89,82,7,7
34390,94,98,-4,4
34391,38,39,-1,1
34392,76,88,-12,12
34393,92,92,0,0
34394,66,64,2,2
34395,84,85,-1,1
34396,72,72,0,0
34397,79,76,3,3
34398,78,80,-2,2
34399,61,59,2,2
34400,68,65,3,3
34401,114,105,9,9
34402,84,86,-2,2
34403,51,61,-10,10
34404,96,88,8,8
34405,74,71,3,3
34406,64,75,-11,11
34407,79,80,-1,1
34408,89,84,5,5
34409,150,154,-4,4
34410,137,123,14,14
34411,62,62,0,0
34412,120,111,9,9
34413,75,64,11,11
34414,63,65,-2,2
34415,144,155,-11,11
34416,83,77,6,6
34417,71,104,-33,33
34418,125,127,-2,2
34419,71,69,2,2
34420,90,96,-6,6
34421,57,54,3,3
34422,68,77,-9,9
34423,117,109,8,8
34424,142,144,-2,2
34425,95,90,5,5
34426,91,98,-7,7
34427,86,92,-6,6
34428,119,128,-9,9
34429,71,79,-8,8
34430,97,90,7,7
34431,92,97,-5,5
34432,86,88,-2,2
34433,48,55,-7,7
34434,50,38,12,12
34435,105,144,-39,39
34436,105,110,-5,5
34437,127,115,12,12
34438,108,111,-3,3
34439,71,67,4,4
34440,73,75,-2,2
34441,68,77,-9,9
34442,147,137,10,10
34443,142,147,-5,5
34444,39,40,-1,1
34445,91,79,12,12
34446,79,85,-6,6
34447,84,80,4,4
34448,123,131,-8,8
34449,63,66,-3,3
34450,196,194,2,2
34451,161,167,-6,6
34452,152,130,22,22
34453,144,136,8,8
34454,96,98,-2,2
34455,125,128,-3,3
34456,82,77,5,5
34457,128,118,10,10
34458,160,169,-9,9
34459,43,41,2,2
34460,68,69,-1,1
34461,108,86,22,22
34462,74,72,2,2
34463,52,59,-7,7
34464,107,124,-17,17
34465,64,69,-5,5
34466,89,87,2,2
34467,85,75,10,10
34468,73,80,-7,7
34469,177,191,-14,14
34470,111,111,0,0
34471,67,76,-9,9
34472,76,71,5,5
34473,152,140,12,12
34474,90,94,-4,4
34475,79,76,3,3
34476,99,103,-4,4
34477,78,74,4,4
34478,131,129,2,2
34479,100,93,7,7
34480,74,83,-9,9
34481,99,102,-3,3
34482,135,136,-1,1
34483,104,110,-6,6
34484,67,63,4,4
34485,102,89,13,13
34486,48,51,-3,3
34487,243,234,9,9
34488,97,96,1,1
34489,112,112,0,0
34490,118,125,-7,7
34491,77,82,-5,5
34492,73,63,10,10
34493,99,104,-5,5
34494,60,78,-18,18
34495,155,158,-3,3
34496,125,126,-1,1
34497,202,179,23,23
34498,82,92,-10,10
34499,100,95,5,5
34500,78,76,2,2
34501,59,64,-5,5
34502,48,56,-8,8
34503,121,129,-8,8
34504,128,125,3,3
34505,96,105,-9,9
34506,133,127,6,6
34507,107,106,1,1
34508,106,100,6,6
34509,111,129,-18,18
34510,48,73,-25,25
34511,79,83,-4,4
34512,121,111,10,10
34513,147,145,2,2
34514,113,109,4,4
34515,58,57,1,1
34516,93,83,10,10
34517,109,111,-2,2
34518,85,89,-4,4
34519,69,78,-9,9
34520,70,68,2,2
34521,81,92,-11,11
34522,47,39,8,8
34523,121,113,8,8
34524,151,138,13,13
34525,80,84,-4,4
34526,60,57,3,3
34527,133,130,3,3
34528,65,69,-4,4
34529,162,166,-4,4
34530,73,66,7,7
34531,108,103,5,5
34532,87,84,3,3
34533,101,111,-10,10
34534,90,93,-3,3
34535,130,151,-21,21
34536,133,129,4,4
34537,139,142,-3,3
34538,95,105,-10,10
34539,96,98,-2,2
34540,66,66,0,0
34541,69,73,-4,4
34542,69,66,3,3
34543,86,83,3,3
34544,95,98,-3,3
34545,91,88,3,3
34546,189,172,17,17
34547,109,110,-1,1
34548,63,60,3,3
34549,156,161,-5,5
34550,64,62,2,2
34551,117,115,2,2
34552,55,53,2,2
34553,115,123,-8,8
34554,103,97,6,6
34555,155,151,4,4
34556,78,80,-2,2
34557,159,170,-11,11
34558,73,64,9,9
34559,188,187,1,1
34560,150,155,-5,5
34561,103,97,6,6
34562,80,83,-3,3
34563,92,96,-4,4
34564,121,125,-4,4
34565,113,116,-3,3
34566,106,103,3,3
34567,72,63,9,9
34568,120,119,1,1
34569,49,53,-4,4
34570,124,135,-11,11
34571,82,85,-3,3
34572,145,165,-20,20
34573,61,56,5,5
34574,108,106,2,2
34575,53,54,-1,1
34576,117,112,5,5
34577,88,91,-3,3
34578,122,98,24,24
34579,56,55,1,1
34580,161,154,7,7
34581,115,111,4,4
34582,100,100,0,0
34583,149,156,-7,7
34584,126,122,4,4
34585,74,82,-8,8
34586,124,119,5,5
34587,101,100,1,1
34588,83,95,-12,12
34589,105,100,5,5
34590,143,141,2,2
34591,153,150,3,3
34592,54,55,-1,1
34593,52,61,-9,9
34594,87,86,1,1
34595,63,62,1,1
34596,84,89,-5,5
34597,96,94,2,2
34598,59,67,-8,8
34599,141,136,5,5
34600,121,113,8,8
34601,21,37,-16,16
34602,93,89,4,4
34603,126,131,-5,5
34604,91,92,-1,1
34605,126,124,2,2
34606,79,78,1,1
34607,133,140,-7,7
34608,72,74,-2,2
34609,117,101,16,16
34610,51,59,-8,8
34611,92,92,0,0
34612,78,82,-4,4
34613,70,72,-2,2
34614,77,78,-1,1
34615,94,87,7,7
34616,75,76,-1,1
34617,93,97,-4,4
34618,75,64,11,11
34619,149,150,-1,1
34620,99,102,-3,3
34621,94,106,-12,12
34622,98,93,5,5
34623,68,67,1,1
34624,101,150,-49,49
34625,115,107,8,8
34626,87,84,3,3
34627,100,115,-15,15
34628,80,89,-9,9
34629,133,128,5,5
34630,54,55,-1,1
34631,164,164,0,0
34632,98,101,-3,3
34633,75,78,-3,3
34634,77,68,9,9
34635,126,126,0,0
34636,124,120,4,4
34637,89,93,-4,4
34638,77,82,-5,5
34639,162,152,10,10
34640,129,116,13,13
34641,126,128,-2,2
34642,90,86,4,4
34643,145,146,-1,1
34644,59,67,-8,8
34645,79,72,7,7
34646,100,91,9,9
34647,136,136,0,0
34648,53,59,-6,6
34649,109,105,4,4
34650,79,81,-2,2
34651,111,111,0,0
34652,172,145,27,27
34653,142,137,5,5
34654,81,79,2,2
34655,100,100,0,0
34656,71,70,1,1
34657,37,40,-3,3
34658,91,88,3,3
34659,85,85,0,0
34660,96,97,-1,1
34661,96,96,0,0
34662,72,64,8,8
34663,58,57,1,1
34664,128,138,-10,10
34665,90,82,8,8
34666,79,79,0,0
34667,57,53,4,4
34668,164,145,19,19
34669,147,120,27,27
34670,42,51,-9,9
34671,92,103,-11,11
34672,73,76,-3,3
34673,80,80,0,0
34674,82,81,1,1
34675,82,85,-3,3
34676,124,121,3,3
34677,87,95,-8,8
34678,93,95,-2,2
34679,151,138,13,13
34680,88,86,2,2
34681,99,92,7,7
34682,104,104,0,0
34683,80,83,-3,3
34684,91,84,7,7
34685,116,137,-21,21
34686,136,127,9,9
34687,76,113,-37,37
34688,125,139,-14,14
34689,99,88,11,11
34690,112,125,-13,13
34691,103,118,-15,15
34692,152,149,3,3
34693,122,122,0,0
34694,74,78,-4,4
34695,106,110,-4,4
34696,76,70,6,6
34697,59,61,-2,2
34698,100,125,-25,25
34699,58,60,-2,2
34700,69,71,-2,2
34701,120,131,-11,11
34702,74,72,2,2
34703,55,57,-2,2
34704,89,87,2,2
34705,79,79,0,0
34706,137,145,-8,8
34707,81,83,-2,2
34708,64,80,-16,16
34709,170,173,-3,3
34710,69,67,2,2
34711,72,66,6,6
34712,73,66,7,7
34713,66,69,-3,3
34714,114,111,3,3
34715,96,106,-10,10
34716,67,66,1,1
34717,83,83,0,0
34718,72,67,5,5
34719,150,155,-5,5
34720,56,50,6,6
34721,66,67,-1,1
34722,53,63,-10,10
34723,169,158,11,11
34724,66,67,-1,1
34725,105,112,-7,7
34726,101,100,1,1
34727,78,84,-6,6
34728,130,131,-1,1
34729,140,136,4,4
34730,91,108,-17,17
34731,89,79,10,10
34732,73,70,3,3
34733,111,112,-1,1
34734,111,116,-5,5
34735,154,147,7,7
34736,56,56,0,0
34737,136,133,3,3
34738,101,92,9,9
34739,120,124,-4,4
34740,62,54,8,8
34741,105,108,-3,3
34742,76,78,-2,2
34743,161,167,-6,6
34744,88,91,-3,3
34745,51,55,-4,4
34746,108,112,-4,4
34747,101,100,1,1
34748,74,73,1,1
34749,189,173,16,16
34750,46,38,8,8
34751,58,60,-2,2
34752,100,90,10,10
34753,171,152,19,19
34754,45,44,1,1
34755,87,75,12,12
34756,57,57,0,0
34757,137,126,11,11
34758,72,71,1,1
34759,115,111,4,4
34760,98,96,2,2
34761,58,58,0,0
34762,87,106,-19,19
34763,79,76,3,3
34764,79,74,5,5
34765,67,65,2,2
34766,32,39,-7,7
34767,76,77,-1,1
34768,80,68,12,12
34769,106,91,15,15
34770,54,61,-7,7
34771,75,80,-5,5
34772,149,150,-1,1
34773,110,101,9,9
34774,106,110,-4,4
34775,130,134,-4,4
34776,49,49,0,0
34777,119,124,-5,5
34778,75,78,-3,3
34779,89,90,-1,1
34780,63,57,6,6
34781,64,54,10,10
34782,116,114,2,2
34783,79,71,8,8
34784,92,95,-3,3
34785,70,75,-5,5
34786,120,117,3,3
34787,165,163,2,2
34788,187,196,-9,9
34789,82,78,4,4
34790,53,72,-19,19
34791,88,85,3,3
34792,75,68,7,7
34793,66,62,4,4
34794,80,79,1,1
34795,113,105,8,8
34796,48,38,10,10
34797,52,42,10,10
34798,169,166,3,3
34799,100,111,-11,11
34800,71,80,-9,9
34801,103,118,-15,15
34802,127,128,-1,1
34803,132,135,-3,3
34804,136,139,-3,3
34805,67,61,6,6
34806,127,134,-7,7
34807,142,149,-7,7
34808,114,119,-5,5
34809,71,77,-6,6
34810,77,75,2,2
34811,86,97,-11,11
34812,166,151,15,15
34813,116,113,3,3
34814,42,38,4,4
34815,91,85,6,6
34816,81,77,4,4
34817,109,103,6,6
34818,164,170,-6,6
34819,119,122,-3,3
34820,79,72,7,7
34821,122,120,2,2
34822,67,65,2,2
34823,96,92,4,4
34824,81,79,2,2
34825,110,82,28,28
34826,142,143,-1,1
34827,30,37,-7,7
34828,102,102,0,0
34829,128,120,8,8
34830,127,139,-12,12
34831,55,89,-34,34
34832,125,159,-34,34
34833,85,92,-7,7
34834,82,86,-4,4
34835,99,110,-11,11
34836,142,147,-5,5
34837,99,113,-14,14
34838,96,105,-9,9
34839,87,103,-16,16
34840,76,74,2,2
34841,95,104,-9,9
34842,61,63,-2,2
34843,58,63,-5,5
34844,88,89,-1,1
34845,87,98,-11,11
34846,89,86,3,3
34847,100,94,6,6
34848,87,90,-3,3
34849,86,85,1,1
34850,43,54,-11,11
34851,33,37,-4,4
34852,97,95,2,2
34853,130,125,5,5
34854,149,141,8,8
34855,139,126,13,13
34856,71,74,-3,3
34857,53,63,-10,10
34858,69,63,6,6
34859,114,102,12,12
34860,60,68,-8,8
34861,53,58,-5,5
34862,80,77,3,3
34863,75,63,12,12
34864,101,120,-19,19
34865,147,148,-1,1
34866,100,91,9,9
34867,112,123,-11,11
34868,61,60,1,1
34869,68,66,2,2
34870,41,60,-19,19
34871,72,74,-2,2
34872,69,79,-10,10
34873,135,125,10,10
34874,112,112,0,0
34875,63,59,4,4
34876,83,81,2,2
34877,74,78,-4,4
34878,85,94,-9,9
34879,91,85,6,6
34880,150,153,-3,3
34881,96,94,2,2
34882,61,82,-21,21
34883,51,68,-17,17
34884,61,61,0,0
34885,143,165,-22,22
34886,64,66,-2,2
34887,59,54,5,5
34888,67,82,-15,15
34889,65,84,-19,19
34890,142,134,8,8
34891,66,66,0,0
34892,73,83,-10,10
34893,107,108,-1,1
34894,112,101,11,11
34895,104,105,-1,1
34896,46,50,-4,4
34897,83,74,9,9
34898,89,86,3,3
34899,73,63,10,10
34900,59,60,-1,1
34901,59,56,3,3
34902,112,111,1,1
34903,75,81,-6,6
34904,68,71,-3,3
34905,80,92,-12,12
34906,70,80,-10,10
34907,77,80,-3,3
34908,49,51,-2,2
34909,91,88,3,3
34910,65,62,3,3
34911,77,73,4,4
34912,130,121,9,9
34913,77,75,2,2
34914,175,181,-6,6
34915,103,114,-11,11
34916,79,76,3,3
34917,74,68,6,6
34918,98,109,-11,11
34919,111,110,1,1
34920,105,118,-13,13
34921,106,109,-3,3
34922,43,38,5,5
34923,91,99,-8,8
34924,88,89,-1,1
34925,121,117,4,4
34926,111,105,6,6
34927,65,67,-2,2
34928,63,60,3,3
34929,91,97,-6,6
34930,70,72,-2,2
34931,117,108,9,9
34932,56,62,-6,6
34933,153,159,-6,6
34934,135,138,-3,3
34935,66,63,3,3
34936,97,104,-7,7
34937,94,102,-8,8
34938,79,79,0,0
34939,89,82,7,7
34940,117,110,7,7
34941,50,52,-2,2
34942,172,184,-12,12
34943,71,78,-7,7
34944,94,92,2,2
34945,146,152,-6,6
34946,57,55,2,2
34947,91,95,-4,4
34948,44,38,6,6
34949,124,124,0,0
34950,117,103,14,14
34951,93,87,6,6
34952,100,106,-6,6
34953,167,158,9,9
34954,97,96,1,1
34955,117,111,6,6
34956,142,137,5,5
34957,62,61,1,1
34958,99,103,-4,4
34959,83,85,-2,2
34960,61,66,-5,5
34961,80,87,-7,7
34962,85,78,7,7
34963,102,106,-4,4
34964,127,137,-10,10
34965,123,128,-5,5
34966,117,115,2,2
34967,102,115,-13,13
34968,100,95,5,5
34969,105,103,2,2
34970,116,101,15,15
34971,104,113,-9,9
34972,70,69,1,1
34973,71,77,-6,6
34974,59,69,-10,10
34975,86,84,2,2
34976,121,104,17,17
34977,104,98,6,6
34978,93,90,3,3
34979,78,77,1,1
34980,124,119,5,5
34981,83,88,-5,5
34982,126,126,0,0
34983,91,91,0,0
34984,89,105,-16,16
34985,79,73,6,6
34986,110,113,-3,3
34987,80,81,-1,1
34988,116,116,0,0
34989,133,122,11,11
34990,91,99,-8,8
34991,94,87,7,7
34992,160,152,8,8
34993,107,120,-13,13
34994,61,66,-5,5
34995,74,63,11,11
34996,80,81,-1,1
34997,50,55,-5,5
34998,98,102,-4,4
34999,47,45,2,2
35000,63,83,-20,20
35001,92,96,-4,4
35002,97,93,4,4
35003,101,107,-6,6
35004,48,58,-10,10
35005,114,118,-4,4
35006,106,105,1,1
35007,98,96,2,2
35008,133,135,-2,2
35009,98,85,13,13
35010,41,39,2,2
35011,85,87,-2,2
35012,102,106,-4,4
35013,97,89,8,8
35014,49,52,-3,3
35015,50,55,-5,5
35016,86,91,-5,5
35017,96,105,-9,9
35018,110,103,7,7
35019,95,97,-2,2
35020,89,81,8,8
35021,92,91,1,1
35022,109,105,4,4
35023,75,79,-4,4
35024,61,55,6,6
35025,82,93,-11,11
35026,88,93,-5,5
35027,139,136,3,3
35028,67,79,-12,12
35029,106,109,-3,3
35030,108,110,-2,2
35031,80,88,-8,8
35032,78,88,-10,10
35033,87,90,-3,3
35034,57,57,0,0
35035,63,61,2,2
35036,105,91,14,14
35037,129,113,16,16
35038,65,59,6,6
35039,93,94,-1,1
35040,50,46,4,4
35041,30,39,-9,9
35042,81,79,2,2
35043,55,65,-10,10
35044,76,72,4,4
35045,135,125,10,10
35046,55,57,-2,2
35047,140,146,-6,6
35048,92,87,5,5
35049,124,129,-5,5
35050,100,102,-2,2
35051,40,39,1,1
35052,50,39,11,11
35053,85,89,-4,4
35054,87,98,-11,11
35055,136,130,6,6
35056,65,69,-4,4
35057,97,82,15,15
35058,80,74,6,6
35059,99,96,3,3
35060,69,70,-1,1
35061,97,103,-6,6
35062,65,62,3,3
35063,67,66,1,1
35064,108,107,1,1
35065,105,110,-5,5
35066,98,89,9,9
35067,73,69,4,4
35068,87,87,0,0
35069,80,69,11,11
35070,115,120,-5,5
35071,129,117,12,12
35072,62,64,-2,2
35073,141,133,8,8
35074,165,160,5,5
35075,167,168,-1,1
35076,128,117,11,11
35077,163,153,10,10
35078,49,63,-14,14
35079,73,87,-14,14
35080,117,171,-54,54
35081,182,172,10,10
35082,91,83,8,8
35083,73,77,-4,4
35084,130,136,-6,6
35085,92,93,-1,1
35086,164,145,19,19
35087,100,116,-16,16
35088,106,112,-6,6
35089,155,164,-9,9
35090,84,84,0,0
35091,115,126,-11,11
35092,74,75,-1,1
35093,62,57,5,5
35094,76,79,-3,3
35095,82,91,-9,9
35096,116,109,7,7
35097,84,84,0,0
35098,61,68,-7,7
35099,155,146,9,9
35100,87,151,-64,64
35101,118,122,-4,4
35102,126,133,-7,7
35103,123,129,-6,6
35104,72,78,-6,6
35105,106,107,-1,1
35106,119,114,5,5
35107,79,79,0,0
35108,70,86,-16,16
35109,129,119,10,10
35110,93,84,9,9
35111,98,87,11,11
35112,164,175,-11,11
35113,110,117,-7,7
35114,108,110,-2,2
35115,79,78,1,1
35116,140,147,-7,7
35117,81,90,-9,9
35118,84,90,-6,6
35119,64,58,6,6
35120,101,101,0,0
35121,65,67,-2,2
35122,71,81,-10,10
35123,66,77,-11,11
35124,81,82,-1,1
35125,82,95,-13,13
35126,101,105,-4,4
35127,95,99,-4,4
35128,95,99,-4,4
35129,177,180,-3,3
35130,148,162,-14,14
35131,83,88,-5,5
35132,79,76,3,3
35133,87,84,3,3
35134,120,121,-1,1
35135,140,170,-30,30
35136,117,117,0,0
35137,88,89,-1,1
35138,79,68,11,11
35139,89,94,-5,5
35140,83,78,5,5
35141,79,94,-15,15
35142,118,117,1,1
35143,79,85,-6,6
35144,95,89,6,6
35145,62,61,1,1
35146,67,71,-4,4
35147,63,64,-1,1
35148,99,87,12,12
35149,164,166,-2,2
35150,71,58,13,13
35151,49,38,11,11
35152,88,89,-1,1
35153,93,94,-1,1
35154,90,87,3,3
35155,96,84,12,12
35156,91,93,-2,2
35157,41,39,2,2
35158,94,95,-1,1
35159,58,54,4,4
35160,87,90,-3,3
35161,100,95,5,5
35162,117,120,-3,3
35163,106,103,3,3
35164,65,74,-9,9
35165,126,130,-4,4
35166,92,95,-3,3
35167,78,87,-9,9
35168,98,95,3,3
35169,102,121,-19,19
35170,115,103,12,12
35171,93,89,4,4
35172,48,58,-10,10
35173,64,66,-2,2
35174,168,183,-15,15
35175,95,85,10,10
35176,125,128,-3,3
35177,128,141,-13,13
35178,137,116,21,21
35179,62,54,8,8
35180,76,78,-2,2
35181,66,63,3,3
35182,50,54,-4,4
35183,98,95,3,3
35184,101,110,-9,9
35185,77,77,0,0
35186,97,100,-3,3
35187,116,111,5,5
35188,118,113,5,5
35189,157,164,-7,7
35190,48,51,-3,3
35191,86,90,-4,4
35192,79,95,-16,16
35193,93,88,5,5
35194,58,58,0,0
35195,65,64,1,1
35196,203,191,12,12
35197,59,58,1,1
35198,103,99,4,4
35199,35,38,-3,3
35200,95,103,-8,8
35201,89,92,-3,3
35202,122,115,7,7
35203,97,96,1,1
35204,84,84,0,0
35205,146,129,17,17
35206,129,119,10,10
35207,76,86,-10,10
35208,79,80,-1,1
35209,92,93,-1,1
35210,82,72,10,10
35211,111,105,6,6
35212,88,86,2,2
35213,155,149,6,6
35214,75,65,10,10
35215,109,106,3,3
35216,64,59,5,5
35217,76,69,7,7
35218,114,116,-2,2
35219,84,80,4,4
35220,90,87,3,3
35221,49,50,-1,1
35222,103,107,-4,4
35223,140,140,0,0
35224,64,63,1,1
35225,171,182,-11,11
35226,89,87,2,2
35227,57,62,-5,5
35228,99,78,21,21
35229,62,62,0,0
35230,191,184,7,7
35231,108,101,7,7
35232,116,115,1,1
35233,157,152,5,5
35234,98,112,-14,14
35235,167,178,-11,11
35236,89,85,4,4
35237,65,67,-2,2
35238,103,107,-4,4
35239,107,105,2,2
35240,66,60,6,6
35241,137,138,-1,1
35242,68,63,5,5
35243,64,60,4,4
35244,137,133,4,4
35245,101,102,-1,1
35246,120,115,5,5
35247,99,105,-6,6
35248,58,64,-6,6
35249,93,99,-6,6
35250,48,66,-18,18
35251,96,113,-17,17
35252,68,68,0,0
35253,95,102,-7,7
35254,117,109,8,8
35255,61,67,-6,6
35256,122,125,-3,3
35257,77,88,-11,11
35258,69,78,-9,9
35259,105,98,7,7
35260,126,131,-5,5
35261,67,62,5,5
35262,122,122,0,0
35263,96,97,-1,1
35264,188,177,11,11
35265,72,67,5,5
35266,122,116,6,6
35267,53,62,-9,9
35268,49,62,-13,13
35269,131,123,8,8
35270,118,105,13,13
35271,68,61,7,7
35272,84,91,-7,7
35273,80,87,-7,7
35274,95,113,-18,18
35275,54,53,1,1
35276,80,85,-5,5
35277,55,58,-3,3
35278,50,38,12,12
35279,141,140,1,1
35280,118,114,4,4
35281,64,68,-4,4
35282,132,123,9,9
35283,81,76,5,5
35284,49,44,5,5
35285,86,86,0,0
35286,107,107,0,0
35287,123,122,1,1
35288,109,103,6,6
35289,121,118,3,3
35290,89,95,-6,6
35291,57,60,-3,3
35292,123,118,5,5
35293,102,107,-5,5
35294,143,135,8,8
35295,57,56,1,1
35296,84,80,4,4
35297,73,67,6,6
35298,124,127,-3,3
35299,86,79,7,7
35300,128,128,0,0
35301,146,134,12,12
35302,92,88,4,4
35303,68,78,-10,10
35304,88,90,-2,2
35305,147,150,-3,3
35306,134,139,-5,5
35307,91,94,-3,3
35308,137,135,2,2
35309,130,134,-4,4
35310,103,100,3,3
35311,78,90,-12,12
35312,85,80,5,5
35313,57,56,1,1
35314,159,149,10,10
35315,80,86,-6,6
35316,113,126,-13,13
35317,152,144,8,8
35318,163,155,8,8
35319,137,121,16,16
35320,116,113,3,3
35321,144,138,6,6
35322,61,66,-5,5
35323,158,152,6,6
35324,120,151,-31,31
35325,64,68,-4,4
35326,106,102,4,4
35327,60,66,-6,6
35328,87,94,-7,7
35329,72,65,7,7
35330,92,89,3,3
35331,164,153,11,11
35332,121,132,-11,11
35333,63,64,-1,1
35334,108,108,0,0
35335,70,64,6,6
35336,66,73,-7,7
35337,81,133,-52,52
35338,84,85,-1,1
35339,69,70,-1,1
35340,161,166,-5,5
35341,73,71,2,2
35342,62,59,3,3
35343,66,70,-4,4
35344,80,86,-6,6
35345,110,128,-18,18
35346,145,137,8,8
35347,32,55,-23,23
35348,62,67,-5,5
35349,191,193,-2,2
35350,84,83,1,1
35351,96,90,6,6
35352,87,81,6,6
35353,54,56,-2,2
35354,85,84,1,1
35355,118,112,6,6
35356,52,52,0,0
35357,102,87,15,15
35358,66,68,-2,2
35359,151,157,-6,6
35360,129,143,-14,14
35361,61,56,5,5
35362,102,111,-9,9
35363,88,93,-5,5
35364,61,71,-10,10
35365,77,87,-10,10
35366,79,82,-3,3
35367,110,105,5,5
35368,96,93,3,3
35369,74,70,4,4
35370,120,121,-1,1
35371,134,130,4,4
35372,66,68,-2,2
35373,61,58,3,3
35374,130,123,7,7
35375,60,65,-5,5
35376,66,67,-1,1
35377,115,113,2,2
35378,99,96,3,3
35379,55,53,2,2
35380,104,96,8,8
35381,104,105,-1,1
35382,97,103,-6,6
35383,48,48,0,0
35384,51,56,-5,5
35385,51,39,12,12
35386,80,81,-1,1
35387,57,54,3,3
35388,77,60,17,17
35389,128,125,3,3
35390,141,149,-8,8
35391,77,75,2,2
35392,132,129,3,3
35393,110,108,2,2
35394,43,38,5,5
35395,110,118,-8,8
35396,85,74,11,11
35397,92,99,-7,7
35398,49,38,11,11
35399,69,65,4,4
35400,64,64,0,0
35401,82,76,6,6
35402,59,66,-7,7
35403,69,66,3,3
35404,66,64,2,2
35405,92,89,3,3
35406,101,87,14,14
35407,62,68,-6,6
35408,126,116,10,10
35409,119,124,-5,5
35410,117,104,13,13
35411,162,160,2,2
35412,100,101,-1,1
35413,107,120,-13,13
35414,49,56,-7,7
35415,75,78,-3,3
35416,85,82,3,3
35417,87,75,12,12
35418,58,54,4,4
35419,86,110,-24,24
35420,54,53,1,1
35421,149,151,-2,2
35422,99,90,9,9
35423,118,118,0,0
35424,88,92,-4,4
35425,128,150,-22,22
35426,121,125,-4,4
35427,62,65,-3,3
35428,32,39,-7,7
35429,152,144,8,8
35430,58,53,5,5
35431,77,84,-7,7
35432,127,112,15,15
35433,109,107,2,2
35434,116,115,1,1
35435,83,85,-2,2
35436,70,82,-12,12
35437,101,95,6,6
35438,70,67,3,3
35439,117,108,9,9
35440,93,99,-6,6
35441,72,77,-5,5
35442,131,137,-6,6
35443,64,66,-2,2
35444,160,160,0,0
35445,86,79,7,7
35446,84,90,-6,6
35447,56,54,2,2
35448,94,88,6,6
35449,149,140,9,9
35450,128,118,10,10
35451,97,110,-13,13
35452,178,175,3,3
35453,102,98,4,4
35454,53,53,0,0
35455,124,116,8,8
35456,79,85,-6,6
35457,136,157,-21,21
35458,71,77,-6,6
35459,54,48,6,6
35460,97,92,5,5
35461,72,76,-4,4
35462,169,153,16,16
35463,80,76,4,4
35464,53,60,-7,7
35465,64,58,6,6
35466,52,53,-1,1
35467,38,51,-13,13
35468,78,76,2,2
35469,160,84,76,76
35470,113,106,7,7
35471,90,96,-6,6
35472,63,61,2,2
35473,79,86,-7,7
35474,56,62,-6,6
35475,241,242,-1,1
35476,68,68,0,0
35477,145,151,-6,6
35478,69,63,6,6
35479,107,100,7,7
35480,79,83,-4,4
35481,123,126,-3,3
35482,97,89,8,8
35483,77,74,3,3
35484,66,141,-75,75
35485,83,84,-1,1
35486,82,85,-3,3
35487,78,80,-2,2
35488,89,86,3,3
35489,76,64,12,12
35490,61,63,-2,2
35491,116,113,3,3
35492,128,140,-12,12
35493,130,135,-5,5
35494,46,47,-1,1
35495,105,104,1,1
35496,150,131,19,19
35497,156,162,-6,6
35498,69,67,2,2
35499,89,87,2,2
35500,77,73,4,4
35501,123,127,-4,4
35502,97,94,3,3
35503,87,84,3,3
35504,80,80,0,0
35505,79,81,-2,2
35506,58,61,-3,3
35507,53,53,0,0
35508,105,112,-7,7
35509,74,81,-7,7
35510,101,108,-7,7
35511,56,57,-1,1
35512,115,110,5,5
35513,141,155,-14,14
35514,116,112,4,4
35515,47,46,1,1
35516,43,39,4,4
35517,80,87,-7,7
35518,91,96,-5,5
35519,75,88,-13,13
35520,114,105,9,9
35521,79,84,-5,5
35522,106,99,7,7
35523,69,58,11,11
35524,87,74,13,13
35525,118,128,-10,10
35526,84,86,-2,2
35527,90,98,-8,8
35528,97,90,7,7
35529,57,57,0,0
35530,132,137,-5,5
35531,90,111,-21,21
35532,108,112,-4,4
35533,132,121,11,11
35534,76,84,-8,8
35535,38,39,-1,1
35536,52,54,-2,2
35537,68,62,6,6
35538,141,147,-6,6
35539,90,95,-5,5
35540,72,63,9,9
35541,74,66,8,8
35542,89,87,2,2
35543,72,69,3,3
35544,78,61,17,17
35545,67,65,2,2
35546,94,92,2,2
35547,65,62,3,3
35548,75,72,3,3
35549,76,86,-10,10
35550,78,68,10,10
35551,70,74,-4,4
35552,124,113,11,11
35553,123,119,4,4
35554,185,178,7,7
35555,126,111,15,15
35556,104,102,2,2
35557,79,77,2,2
35558,74,61,13,13
35559,82,81,1,1
35560,47,52,-5,5
35561,40,38,2,2
35562,102,103,-1,1
35563,68,77,-9,9
35564,95,99,-4,4
35565,111,105,6,6
35566,74,74,0,0
35567,63,67,-4,4
35568,118,117,1,1
35569,181,175,6,6
35570,63,66,-3,3
35571,73,71,2,2
35572,76,81,-5,5
35573,80,75,5,5
35574,99,102,-3,3
35575,83,91,-8,8
35576,48,42,6,6
35577,140,130,10,10
35578,101,108,-7,7
35579,76,91,-15,15
35580,84,99,-15,15
35581,95,84,11,11
35582,60,61,-1,1
35583,78,77,1,1
35584,125,126,-1,1
35585,90,94,-4,4
35586,99,98,1,1
35587,58,52,6,6
35588,128,132,-4,4
35589,67,67,0,0
35590,96,110,-14,14
35591,96,90,6,6
35592,141,139,2,2
35593,77,83,-6,6
35594,114,99,15,15
35595,86,85,1,1
35596,175,174,1,1
35597,129,128,1,1
35598,50,54,-4,4
35599,70,63,7,7
35600,224,215,9,9
35601,146,143,3,3
35602,81,79,2,2
35603,97,91,6,6
35604,118,130,-12,12
35605,77,66,11,11
35606,73,73,0,0
35607,85,85,0,0
35608,102,99,3,3
35609,130,128,2,2
35610,133,139,-6,6
35611,129,123,6,6
35612,80,80,0,0
35613,93,96,-3,3
35614,91,85,6,6
35615,41,92,-51,51
35616,82,88,-6,6
35617,67,67,0,0
35618,85,83,2,2
35619,75,79,-4,4
35620,118,120,-2,2
35621,118,100,18,18
35622,79,78,1,1
35623,63,63,0,0
35624,170,177,-7,7
35625,73,76,-3,3
35626,114,93,21,21
35627,154,166,-12,12
35628,54,75,-21,21
35629,115,109,6,6
35630,49,126,-77,77
35631,99,103,-4,4
35632,80,77,3,3
35633,152,159,-7,7
35634,71,69,2,2
35635,118,151,-33,33
35636,106,100,6,6
35637,106,114,-8,8
35638,173,160,13,13
35639,89,95,-6,6
35640,65,65,0,0
35641,93,89,4,4
35642,109,110,-1,1
35643,126,134,-8,8
35644,143,167,-24,24
35645,127,135,-8,8
35646,114,104,10,10
35647,84,90,-6,6
35648,68,77,-9,9
35649,60,64,-4,4
35650,111,114,-3,3
35651,127,139,-12,12
35652,83,79,4,4
35653,98,97,1,1
35654,83,69,14,14
35655,77,80,-3,3
35656,51,57,-6,6
35657,88,95,-7,7
35658,48,63,-15,15
35659,147,150,-3,3
35660,66,84,-18,18
35661,100,94,6,6
35662,76,81,-5,5
35663,59,56,3,3
35664,116,111,5,5
35665,61,62,-1,1
35666,155,155,0,0
35667,99,104,-5,5
35668,112,109,3,3
35669,70,59,11,11
35670,79,85,-6,6
35671,96,101,-5,5
35672,90,97,-7,7
35673,104,99,5,5
35674,99,99,0,0
35675,81,87,-6,6
35676,134,152,-18,18
35677,126,128,-2,2
35678,160,117,43,43
35679,75,72,3,3
35680,104,110,-6,6
35681,150,140,10,10
35682,120,120,0,0
35683,90,93,-3,3
35684,120,112,8,8
35685,142,140,2,2
35686,75,68,7,7
35687,102,89,13,13
35688,162,156,6,6
35689,74,71,3,3
35690,75,71,4,4
35691,99,101,-2,2
35692,130,132,-2,2
35693,53,50,3,3
35694,127,135,-8,8
35695,103,93,10,10
35696,94,91,3,3
35697,76,91,-15,15
35698,83,87,-4,4
35699,195,183,12,12
35700,58,70,-12,12
35701,51,58,-7,7
35702,153,150,3,3
35703,190,186,4,4
35704,87,87,0,0
35705,96,97,-1,1
35706,100,92,8,8
35707,74,73,1,1
35708,67,65,2,2
35709,124,123,1,1
35710,74,68,6,6
35711,111,99,12,12
35712,93,115,-22,22
35713,107,96,11,11
35714,70,61,9,9
35715,154,154,0,0
35716,125,115,10,10
35717,107,97,10,10
35718,69,87,-18,18
35719,101,107,-6,6
35720,95,85,10,10
35721,96,90,6,6
35722,85,84,1,1
35723,70,97,-27,27
35724,68,60,8,8
35725,61,59,2,2
35726,155,161,-6,6
35727,58,63,-5,5
35728,72,68,4,4
35729,47,50,-3,3
35730,98,102,-4,4
35731,145,130,15,15
35732,52,57,-5,5
35733,120,107,13,13
35734,78,73,5,5
35735,56,56,0,0
35736,89,93,-4,4
35737,82,84,-2,2
35738,104,107,-3,3
35739,128,143,-15,15
35740,159,143,16,16
35741,79,88,-9,9
35742,109,107,2,2
35743,120,125,-5,5
35744,79,94,-15,15
35745,73,61,12,12
35746,64,57,7,7
35747,97,90,7,7
35748,135,116,19,19
35749,81,89,-8,8
35750,91,87,4,4
35751,58,52,6,6
35752,78,68,10,10
35753,77,74,3,3
35754,47,38,9,9
35755,167,161,6,6
35756,65,85,-20,20
35757,152,152,0,0
35758,159,159,0,0
35759,89,116,-27,27
35760,205,194,11,11
35761,108,103,5,5
35762,101,98,3,3
35763,129,131,-2,2
35764,123,124,-1,1
35765,90,94,-4,4
35766,138,132,6,6
35767,105,97,8,8
35768,93,86,7,7
35769,129,120,9,9
35770,110,97,13,13
35771,86,101,-15,15
35772,72,79,-7,7
35773,122,119,3,3
35774,37,39,-2,2
35775,173,180,-7,7
35776,97,86,11,11
35777,45,39,6,6
35778,97,85,12,12
35779,85,93,-8,8
35780,83,87,-4,4
35781,105,100,5,5
35782,138,135,3,3
35783,98,91,7,7
35784,128,121,7,7
35785,94,84,10,10
35786,131,115,16,16
35787,67,71,-4,4
35788,176,178,-2,2
35789,116,112,4,4
35790,116,127,-11,11
35791,80,66,14,14
35792,84,80,4,4
35793,69,74,-5,5
35794,165,172,-7,7
35795,55,65,-10,10
35796,123,125,-2,2
35797,117,123,-6,6
35798,81,69,12,12
35799,86,83,3,3
35800,185,188,-3,3
35801,104,102,2,2
35802,89,94,-5,5
35803,85,79,6,6
35804,156,145,11,11
35805,72,66,6,6
35806,95,80,15,15
35807,86,77,9,9
35808,72,65,7,7
35809,168,154,14,14
35810,42,38,4,4
35811,93,97,-4,4
35812,103,92,11,11
35813,83,85,-2,2
35814,137,135,2,2
35815,117,128,-11,11
35816,77,84,-7,7
35817,79,92,-13,13
35818,121,119,2,2
35819,110,121,-11,11
35820,101,95,6,6
35821,88,103,-15,15
35822,91,89,2,2
35823,166,160,6,6
35824,63,60,3,3
35825,92,93,-1,1
35826,138,127,11,11
35827,110,111,-1,1
35828,151,155,-4,4
35829,121,132,-11,11
35830,73,73,0,0
35831,77,71,6,6
35832,197,204,-7,7
35833,94,79,15,15
35834,67,69,-2,2
35835,147,129,18,18
35836,92,118,-26,26
35837,138,140,-2,2
35838,71,85,-14,14
35839,93,91,2,2
35840,115,108,7,7
35841,90,84,6,6
35842,137,132,5,5
35843,136,145,-9,9
35844,63,61,2,2
35845,68,66,2,2
35846,105,104,1,1
35847,61,58,3,3
35848,75,77,-2,2
35849,120,121,-1,1
35850,145,151,-6,6
35851,106,102,4,4
35852,171,164,7,7
35853,87,92,-5,5
35854,112,99,13,13
35855,75,78,-3,3
35856,84,89,-5,5
35857,55,51,4,4
35858,57,58,-1,1
35859,71,67,4,4
35860,150,144,6,6
35861,42,49,-7,7
35862,95,95,0,0
35863,100,105,-5,5
35864,77,68,9,9
35865,134,149,-15,15
35866,100,85,15,15
35867,117,124,-7,7
35868,74,111,-37,37
35869,106,101,5,5
35870,121,117,4,4
35871,115,108,7,7
35872,137,133,4,4
35873,80,83,-3,3
35874,81,86,-5,5
35875,50,56,-6,6
35876,60,66,-6,6
35877,143,131,12,12
35878,80,93,-13,13
35879,72,69,3,3
35880,74,71,3,3
35881,125,125,0,0
35882,111,105,6,6
35883,99,99,0,0
35884,72,70,2,2
35885,84,76,8,8
35886,52,52,0,0
35887,54,54,0,0
35888,63,62,1,1
35889,101,97,4,4
35890,65,53,12,12
35891,74,83,-9,9
35892,141,144,-3,3
35893,84,85,-1,1
35894,156,142,14,14
35895,105,96,9,9
35896,130,124,6,6
35897,74,74,0,0
35898,97,110,-13,13
35899,111,117,-6,6
35900,65,66,-1,1
35901,124,124,0,0
35902,80,83,-3,3
35903,93,90,3,3
35904,122,121,1,1
35905,84,91,-7,7
35906,92,97,-5,5
35907,52,75,-23,23
35908,86,93,-7,7
35909,69,75,-6,6
35910,114,108,6,6
35911,68,64,4,4
35912,123,130,-7,7
35913,104,121,-17,17
35914,119,112,7,7
35915,123,103,20,20
35916,99,95,4,4
35917,117,136,-19,19
35918,94,99,-5,5
35919,126,127,-1,1
35920,148,139,9,9
35921,112,103,9,9
35922,168,177,-9,9
35923,81,79,2,2
35924,100,98,2,2
35925,78,79,-1,1
35926,109,109,0,0
35927,120,114,6,6
35928,119,128,-9,9
35929,83,108,-25,25
35930,138,136,2,2
35931,63,66,-3,3
35932,63,55,8,8
35933,88,82,6,6
35934,50,51,-1,1
35935,171,168,3,3
35936,111,98,13,13
35937,154,160,-6,6
35938,131,119,12,12
35939,110,105,5,5
35940,74,76,-2,2
35941,116,125,-9,9
35942,112,115,-3,3
35943,89,90,-1,1
35944,109,116,-7,7
35945,68,66,2,2
35946,77,79,-2,2
35947,69,66,3,3
35948,54,61,-7,7
35949,74,72,2,2
35950,140,142,-2,2
35951,92,83,9,9
35952,47,53,-6,6
35953,49,57,-8,8
35954,72,71,1,1
35955,79,83,-4,4
35956,45,54,-9,9
35957,53,58,-5,5
35958,114,120,-6,6
35959,64,67,-3,3
35960,63,57,6,6
35961,113,104,9,9
35962,103,97,6,6
35963,109,106,3,3
35964,94,92,2,2
35965,65,61,4,4
35966,94,88,6,6
35967,142,146,-4,4
35968,38,39,-1,1
35969,91,104,-13,13
35970,86,83,3,3
35971,150,148,2,2
35972,66,65,1,1
35973,68,63,5,5
35974,62,59,3,3
35975,53,50,3,3
35976,53,53,0,0
35977,117,115,2,2
35978,89,93,-4,4
35979,96,85,11,11
35980,109,111,-2,2
35981,100,97,3,3
35982,132,125,7,7
35983,125,128,-3,3
35984,47,38,9,9
35985,76,90,-14,14
35986,80,84,-4,4
35987,108,132,-24,24
35988,72,72,0,0
35989,79,76,3,3
35990,103,102,1,1
35991,93,93,0,0
35992,90,85,5,5
35993,76,75,1,1
35994,88,85,3,3
35995,70,75,-5,5
35996,162,142,20,20
35997,86,83,3,3
35998,62,62,0,0
35999,78,81,-3,3
36000,51,45,6,6
36001,131,112,19,19
36002,81,77,4,4
36003,100,103,-3,3
36004,107,109,-2,2
36005,71,72,-1,1
36006,99,95,4,4
36007,128,122,6,6
36008,102,104,-2,2
36009,111,121,-10,10
36010,114,119,-5,5
36011,145,138,7,7
36012,123,112,11,11
36013,64,64,0,0
36014,138,140,-2,2
36015,120,129,-9,9
36016,96,96,0,0
36017,143,145,-2,2
36018,79,78,1,1
36019,139,150,-11,11
36020,124,120,4,4
36021,76,84,-8,8
36022,67,68,-1,1
36023,65,73,-8,8
36024,62,63,-1,1
36025,184,189,-5,5
36026,102,102,0,0
36027,60,61,-1,1
36028,79,89,-10,10
36029,63,60,3,3
36030,70,57,13,13
36031,91,100,-9,9
36032,68,71,-3,3
36033,86,91,-5,5
36034,97,110,-13,13
36035,78,87,-9,9
36036,110,96,14,14
36037,94,86,8,8
36038,68,83,-15,15
36039,150,148,2,2
36040,81,78,3,3
36041,58,60,-2,2
36042,48,47,1,1
36043,76,72,4,4
36044,102,96,6,6
36045,74,76,-2,2
36046,60,64,-4,4
36047,75,84,-9,9
36048,92,88,4,4
36049,62,62,0,0
36050,91,96,-5,5
36051,93,91,2,2
36052,146,153,-7,7
36053,94,90,4,4
36054,88,90,-2,2
36055,124,127,-3,3
36056,92,95,-3,3
36057,87,115,-28,28
36058,113,126,-13,13
36059,99,96,3,3
36060,90,90,0,0
36061,95,89,6,6
36062,61,59,2,2
36063,139,131,8,8
36064,106,123,-17,17
36065,42,38,4,4
36066,95,99,-4,4
36067,121,130,-9,9
36068,130,142,-12,12
36069,121,129,-8,8
36070,74,72,2,2
36071,84,84,0,0
36072,70,69,1,1
36073,73,74,-1,1
36074,116,110,6,6
36075,120,117,3,3
36076,151,146,5,5
36077,80,80,0,0
36078,90,92,-2,2
36079,68,75,-7,7
36080,102,99,3,3
36081,180,181,-1,1
36082,44,79,-35,35
36083,170,168,2,2
36084,99,86,13,13
36085,130,124,6,6
36086,78,106,-28,28
36087,107,106,1,1
36088,93,100,-7,7
36089,146,146,0,0
36090,97,93,4,4
36091,107,101,6,6
36092,116,112,4,4
36093,81,92,-11,11
36094,84,79,5,5
36095,88,100,-12,12
36096,77,69,8,8
36097,65,64,1,1
36098,158,150,8,8
36099,76,85,-9,9
36100,56,52,4,4
36101,119,123,-4,4
36102,82,81,1,1
36103,52,59,-7,7
36104,44,51,-7,7
36105,122,112,10,10
36106,92,96,-4,4
36107,87,85,2,2
36108,152,161,-9,9
36109,97,98,-1,1
36110,127,119,8,8
36111,61,65,-4,4
36112,58,61,-3,3
36113,94,97,-3,3
36114,123,122,1,1
36115,141,126,15,15
36116,61,67,-6,6
36117,151,173,-22,22
36118,117,119,-2,2
36119,88,90,-2,2
36120,71,65,6,6
36121,131,137,-6,6
36122,98,96,2,2
36123,54,58,-4,4
36124,133,127,6,6
36125,68,61,7,7
36126,49,55,-6,6
36127,106,103,3,3
36128,144,137,7,7
36129,105,107,-2,2
36130,59,51,8,8
36131,65,65,0,0
36132,136,130,6,6
36133,58,53,5,5
36134,49,49,0,0
36135,47,49,-2,2
36136,87,87,0,0
36137,81,95,-14,14
36138,110,100,10,10
36139,119,117,2,2
36140,114,111,3,3
36141,77,68,9,9
36142,114,114,0,0
36143,112,115,-3,3
36144,86,106,-20,20
36145,91,96,-5,5
36146,136,125,11,11
36147,52,38,14,14
36148,85,89,-4,4
36149,97,92,5,5
36150,151,145,6,6
36151,118,113,5,5
36152,156,141,15,15
36153,61,53,8,8
36154,107,107,0,0
36155,173,179,-6,6
36156,86,91,-5,5
36157,74,80,-6,6
36158,90,85,5,5
36159,61,60,1,1
36160,112,117,-5,5
36161,114,103,11,11
36162,86,91,-5,5
36163,115,119,-4,4
36164,128,130,-2,2
36165,62,65,-3,3
36166,81,85,-4,4
36167,102,103,-1,1
36168,104,107,-3,3
36169,70,80,-10,10
36170,85,83,2,2
36171,59,60,-1,1
36172,112,105,7,7
36173,141,153,-12,12
36174,103,107,-4,4
36175,89,91,-2,2
36176,83,78,5,5
36177,54,51,3,3
36178,70,74,-4,4
36179,75,76,-1,1
36180,124,119,5,5
36181,64,62,2,2
36182,137,130,7,7
36183,112,127,-15,15
36184,60,74,-14,14
36185,103,110,-7,7
36186,76,72,4,4
36187,100,87,13,13
36188,68,71,-3,3
36189,72,80,-8,8
36190,52,55,-3,3
36191,91,93,-2,2
36192,57,55,2,2
36193,71,58,13,13
36194,99,105,-6,6
36195,117,136,-19,19
36196,179,177,2,2
36197,109,106,3,3
36198,33,38,-5,5
36199,101,103,-2,2
36200,105,98,7,7
36201,88,90,-2,2
36202,152,168,-16,16
36203,88,83,5,5
36204,140,134,6,6
36205,123,108,15,15
36206,129,129,0,0
36207,57,56,1,1
36208,53,49,4,4
36209,65,66,-1,1
36210,72,73,-1,1
36211,127,144,-17,17
36212,62,66,-4,4
36213,47,50,-3,3
36214,101,106,-5,5
36215,58,50,8,8
36216,90,95,-5,5
36217,71,69,2,2
36218,148,139,9,9
36219,131,126,5,5
36220,173,183,-10,10
36221,140,132,8,8
36222,88,92,-4,4
36223,105,113,-8,8
36224,129,119,10,10
36225,105,98,7,7
36226,113,130,-17,17
36227,83,92,-9,9
36228,58,59,-1,1
36229,59,58,1,1
36230,110,89,21,21
36231,106,111,-5,5
36232,95,96,-1,1
36233,101,85,16,16
36234,56,62,-6,6
36235,134,139,-5,5
36236,118,118,0,0
36237,114,105,9,9
36238,70,71,-1,1
36239,68,75,-7,7
36240,66,77,-11,11
36241,92,87,5,5
36242,113,116,-3,3
36243,108,103,5,5
36244,91,97,-6,6
36245,146,155,-9,9
36246,114,114,0,0
36247,103,106,-3,3
36248,108,140,-32,32
36249,60,57,3,3
36250,62,62,0,0
36251,102,101,1,1
36252,110,118,-8,8
36253,194,175,19,19
36254,53,56,-3,3
36255,102,100,2,2
36256,175,160,15,15
36257,66,63,3,3
36258,108,104,4,4
36259,112,109,3,3
36260,154,145,9,9
36261,121,129,-8,8
36262,66,60,6,6
36263,84,83,1,1
36264,72,67,5,5
36265,97,91,6,6
36266,125,122,3,3
36267,53,52,1,1
36268,56,60,-4,4
36269,139,146,-7,7
36270,76,84,-8,8
36271,98,94,4,4
36272,64,62,2,2
36273,102,99,3,3
36274,63,70,-7,7
36275,125,126,-1,1
36276,133,114,19,19
36277,61,59,2,2
36278,57,57,0,0
36279,87,82,5,5
36280,65,68,-3,3
36281,45,43,2,2
36282,105,111,-6,6
36283,123,112,11,11
36284,96,89,7,7
36285,146,154,-8,8
36286,65,68,-3,3
36287,93,91,2,2
36288,67,68,-1,1
36289,112,91,21,21
36290,128,121,7,7
36291,78,78,0,0
36292,73,72,1,1
36293,89,89,0,0
36294,62,58,4,4
36295,127,135,-8,8
36296,126,118,8,8
36297,80,80,0,0
36298,84,92,-8,8
36299,85,105,-20,20
36300,65,65,0,0
36301,63,69,-6,6
36302,42,39,3,3
36303,84,82,2,2
36304,73,71,2,2
36305,50,47,3,3
36306,107,131,-24,24
36307,108,104,4,4
36308,65,67,-2,2
36309,150,131,19,19
36310,101,98,3,3
36311,51,39,12,12
36312,74,66,8,8
36313,79,79,0,0
36314,117,107,10,10
36315,71,84,-13,13
36316,70,78,-8,8
36317,75,72,3,3
36318,38,46,-8,8
36319,104,110,-6,6
36320,97,95,2,2
36321,117,115,2,2
36322,78,74,4,4
36323,58,68,-10,10
36324,133,136,-3,3
36325,51,52,-1,1
36326,117,123,-6,6
36327,82,73,9,9
36328,155,150,5,5
36329,102,109,-7,7
36330,137,139,-2,2
36331,85,82,3,3
36332,132,140,-8,8
36333,35,38,-3,3
36334,72,67,5,5
36335,119,124,-5,5
36336,90,86,4,4
36337,69,68,1,1
36338,76,82,-6,6
36339,85,89,-4,4
36340,114,105,9,9
36341,84,110,-26,26
36342,78,79,-1,1
36343,55,57,-2,2
36344,102,106,-4,4
36345,163,146,17,17
36346,69,70,-1,1
36347,126,126,0,0
36348,43,39,4,4
36349,61,54,7,7
36350,54,55,-1,1
36351,109,105,4,4
36352,102,121,-19,19
36353,80,83,-3,3
36354,206,188,18,18
36355,51,52,-1,1
36356,89,79,10,10
36357,72,81,-9,9
36358,127,127,0,0
36359,76,83,-7,7
36360,107,109,-2,2
36361,71,66,5,5
36362,66,62,4,4
36363,76,70,6,6
36364,184,175,9,9
36365,129,131,-2,2
36366,55,57,-2,2
36367,110,113,-3,3
36368,75,82,-7,7
36369,61,62,-1,1
36370,136,128,8,8
36371,103,94,9,9
36372,115,123,-8,8
36373,55,56,-1,1
36374,113,107,6,6
36375,89,81,8,8
36376,121,109,12,12
36377,80,92,-12,12
36378,141,141,0,0
36379,150,171,-21,21
36380,90,83,7,7
36381,73,76,-3,3
36382,137,160,-23,23
36383,107,97,10,10
36384,86,87,-1,1
36385,112,115,-3,3
36386,46,54,-8,8
36387,72,75,-3,3
36388,99,102,-3,3
36389,63,64,-1,1
36390,126,107,19,19
36391,64,61,3,3
36392,90,103,-13,13
36393,59,62,-3,3
36394,66,57,9,9
36395,114,98,16,16
36396,102,97,5,5
36397,77,74,3,3
36398,90,77,13,13
36399,68,64,4,4
36400,78,72,6,6
36401,71,70,1,1
36402,49,52,-3,3
36403,83,84,-1,1
36404,112,125,-13,13
36405,102,109,-7,7
36406,134,116,18,18
36407,57,58,-1,1
36408,71,73,-2,2
36409,163,167,-4,4
36410,130,124,6,6
36411,123,136,-13,13
36412,117,119,-2,2
36413,78,75,3,3
36414,39,39,0,0
36415,49,52,-3,3
36416,57,55,2,2
36417,51,57,-6,6
36418,123,111,12,12
36419,92,95,-3,3
36420,93,95,-2,2
36421,77,77,0,0
36422,197,163,34,34
36423,112,116,-4,4
36424,63,68,-5,5
36425,83,88,-5,5
36426,68,88,-20,20
36427,105,98,7,7
36428,62,67,-5,5
36429,71,64,7,7
36430,91,89,2,2
36431,85,81,4,4
36432,197,206,-9,9
36433,124,118,6,6
36434,119,116,3,3
36435,130,140,-10,10
36436,81,74,7,7
36437,92,95,-3,3
36438,71,69,2,2
36439,67,63,4,4
36440,99,93,6,6
36441,94,98,-4,4
36442,114,121,-7,7
36443,167,160,7,7
36444,120,111,9,9
36445,125,105,20,20
36446,70,62,8,8
36447,114,105,9,9
36448,95,94,1,1
36449,46,45,1,1
36450,101,108,-7,7
36451,61,59,2,2
36452,90,99,-9,9
36453,67,141,-74,74
36454,157,148,9,9
36455,79,77,2,2
36456,105,105,0,0
36457,112,100,12,12
36458,89,93,-4,4
36459,105,104,1,1
36460,124,113,11,11
36461,65,62,3,3
36462,73,70,3,3
36463,66,66,0,0
36464,61,64,-3,3
36465,125,141,-16,16
36466,122,133,-11,11
36467,76,72,4,4
36468,90,95,-5,5
36469,176,159,17,17
36470,62,68,-6,6
36471,139,140,-1,1
36472,43,38,5,5
36473,67,72,-5,5
36474,50,54,-4,4
36475,66,67,-1,1
36476,59,61,-2,2
36477,81,74,7,7
36478,83,73,10,10
36479,92,93,-1,1
36480,76,83,-7,7
36481,62,60,2,2
36482,64,77,-13,13
36483,92,102,-10,10
36484,123,120,3,3
36485,84,71,13,13
36486,88,90,-2,2
36487,58,61,-3,3
36488,87,87,0,0
36489,73,73,0,0
36490,44,52,-8,8
36491,123,122,1,1
36492,76,69,7,7
36493,82,89,-7,7
36494,84,82,2,2
36495,69,68,1,1
36496,80,86,-6,6
36497,104,104,0,0
36498,81,80,1,1
36499,79,87,-8,8
36500,90,107,-17,17
36501,105,101,4,4
36502,140,139,1,1
36503,85,87,-2,2
36504,96,92,4,4
36505,102,102,0,0
36506,81,77,4,4
36507,117,109,8,8
36508,68,64,4,4
36509,79,84,-5,5
36510,143,137,6,6
36511,66,56,10,10
36512,52,51,1,1
36513,109,99,10,10
36514,40,51,-11,11
36515,140,131,9,9
36516,115,112,3,3
36517,74,87,-13,13
36518,61,62,-1,1
36519,66,65,1,1
36520,92,80,12,12
36521,48,70,-22,22
36522,116,115,1,1
36523,141,135,6,6
36524,113,108,5,5
36525,89,81,8,8
36526,139,129,10,10
36527,134,139,-5,5
36528,152,152,0,0
36529,88,89,-1,1
36530,93,93,0,0
36531,161,157,4,4
36532,90,95,-5,5
36533,68,65,3,3
36534,148,139,9,9
36535,82,83,-1,1
36536,96,91,5,5
36537,171,176,-5,5
36538,96,108,-12,12
36539,66,71,-5,5
36540,113,106,7,7
36541,78,82,-4,4
36542,82,82,0,0
36543,61,60,1,1
36544,82,80,2,2
36545,99,110,-11,11
36546,225,189,36,36
36547,81,79,2,2
36548,62,59,3,3
36549,66,67,-1,1
36550,44,56,-12,12
36551,74,89,-15,15
36552,83,78,5,5
36553,109,108,1,1
36554,51,58,-7,7
36555,121,115,6,6
36556,83,72,11,11
36557,81,92,-11,11
36558,53,55,-2,2
36559,73,84,-11,11
36560,109,100,9,9
36561,151,155,-4,4
36562,115,118,-3,3
36563,122,115,7,7
36564,116,119,-3,3
36565,107,100,7,7
36566,109,105,4,4
36567,72,70,2,2
36568,43,51,-8,8
36569,78,73,5,5
36570,127,117,10,10
36571,50,52,-2,2
36572,96,90,6,6
36573,53,57,-4,4
36574,37,39,-2,2
36575,94,85,9,9
36576,56,62,-6,6
36577,27,39,-12,12
36578,38,38,0,0
36579,109,113,-4,4
36580,109,109,0,0
36581,70,74,-4,4
36582,60,62,-2,2
36583,82,91,-9,9
36584,67,64,3,3
36585,67,68,-1,1
36586,78,70,8,8
36587,62,69,-7,7
36588,49,56,-7,7
36589,109,102,7,7
36590,88,92,-4,4
36591,81,95,-14,14
36592,82,92,-10,10
36593,90,89,1,1
36594,79,83,-4,4
36595,97,90,7,7
36596,75,81,-6,6
36597,104,98,6,6
36598,84,88,-4,4
36599,146,146,0,0
36600,62,60,2,2
36601,104,112,-8,8
36602,106,107,-1,1
36603,92,94,-2,2
36604,92,89,3,3
36605,92,96,-4,4
36606,71,74,-3,3
36607,91,94,-3,3
36608,87,87,0,0
36609,79,97,-18,18
36610,86,100,-14,14
36611,128,117,11,11
36612,186,190,-4,4
36613,138,131,7,7
36614,89,82,7,7
36615,168,163,5,5
36616,46,50,-4,4
36617,93,92,1,1
36618,72,73,-1,1
36619,110,104,6,6
36620,99,88,11,11
36621,51,50,1,1
36622,93,98,-5,5
36623,99,99,0,0
36624,126,126,0,0
36625,64,68,-4,4
36626,209,202,7,7
36627,102,103,-1,1
36628,98,103,-5,5
36629,79,70,9,9
36630,85,90,-5,5
36631,64,62,2,2
36632,83,79,4,4
36633,121,102,19,19
36634,111,108,3,3
36635,72,69,3,3
36636,97,93,4,4
36637,96,88,8,8
36638,64,64,0,0
36639,128,123,5,5
36640,34,38,-4,4
36641,124,101,23,23
36642,84,77,7,7
36643,132,129,3,3
36644,55,55,0,0
36645,118,117,1,1
36646,47,49,-2,2
36647,74,68,6,6
36648,75,72,3,3
36649,93,93,0,0
36650,171,152,19,19
36651,81,84,-3,3
36652,62,65,-3,3
36653,81,81,0,0
36654,83,75,8,8
36655,65,63,2,2
36656,61,62,-1,1
36657,83,87,-4,4
36658,102,101,1,1
36659,78,75,3,3
36660,85,83,2,2
36661,122,118,4,4
36662,60,60,0,0
36663,151,161,-10,10
36664,72,75,-3,3
36665,93,93,0,0
36666,99,98,1,1
36667,95,101,-6,6
36668,105,100,5,5
36669,83,67,16,16
36670,128,138,-10,10
36671,76,105,-29,29
36672,114,105,9,9
36673,125,131,-6,6
36674,88,84,4,4
36675,117,126,-9,9
36676,54,52,2,2
36677,102,102,0,0
36678,60,55,5,5
36679,47,70,-23,23
36680,76,71,5,5
36681,53,55,-2,2
36682,83,89,-6,6
36683,148,160,-12,12
36684,101,94,7,7
36685,126,122,4,4
36686,124,200,-76,76
36687,114,116,-2,2
36688,74,78,-4,4
36689,83,94,-11,11
36690,109,103,6,6
36691,89,97,-8,8
36692,76,79,-3,3
36693,53,59,-6,6
36694,78,76,2,2
36695,60,62,-2,2
36696,136,130,6,6
36697,42,56,-14,14
36698,126,120,6,6
36699,99,107,-8,8
36700,96,101,-5,5
36701,45,38,7,7
36702,77,70,7,7
36703,167,154,13,13
36704,102,133,-31,31
36705,92,99,-7,7
36706,61,58,3,3
36707,138,133,5,5
36708,117,131,-14,14
36709,127,121,6,6
36710,92,77,15,15
36711,83,87,-4,4
36712,69,68,1,1
36713,189,183,6,6
36714,89,80,9,9
36715,154,154,0,0
36716,78,83,-5,5
36717,92,93,-1,1
36718,151,161,-10,10
36719,138,149,-11,11
36720,73,70,3,3
36721,152,158,-6,6
36722,122,121,1,1
36723,71,63,8,8
36724,118,117,1,1
36725,93,82,11,11
36726,104,100,4,4
36727,85,79,6,6
36728,91,87,4,4
36729,50,50,0,0
36730,102,92,10,10
36731,120,119,1,1
36732,111,106,5,5
36733,71,72,-1,1
36734,57,51,6,6
36735,161,121,40,40
36736,53,51,2,2
36737,122,140,-18,18
36738,125,128,-3,3
36739,83,81,2,2
36740,74,83,-9,9
36741,78,77,1,1
36742,51,50,1,1
36743,167,141,26,26
36744,78,78,0,0
36745,207,199,8,8
36746,120,120,0,0
36747,142,151,-9,9
36748,71,81,-10,10
36749,144,125,19,19
36750,55,52,3,3
36751,75,64,11,11
36752,113,124,-11,11
36753,100,112,-12,12
36754,56,58,-2,2
36755,137,127,10,10
36756,92,93,-1,1
36757,142,135,7,7
36758,114,113,1,1
36759,47,50,-3,3
36760,61,57,4,4
36761,130,125,5,5
36762,68,72,-4,4
36763,72,86,-14,14
36764,39,39,0,0
36765,116,124,-8,8
36766,135,128,7,7
36767,121,119,2,2
36768,126,124,2,2
36769,115,130,-15,15
36770,92,90,2,2
36771,137,126,11,11
36772,67,64,3,3
36773,58,52,6,6
36774,74,77,-3,3
36775,66,55,11,11
36776,70,63,7,7
36777,89,108,-19,19
36778,85,94,-9,9
36779,77,75,2,2
36780,54,58,-4,4
36781,103,107,-4,4
36782,45,53,-8,8
36783,35,57,-22,22
36784,84,114,-30,30
36785,61,71,-10,10
36786,114,107,7,7
36787,47,53,-6,6
36788,86,86,0,0
36789,92,97,-5,5
36790,61,55,6,6
36791,96,96,0,0
36792,48,46,2,2
36793,115,128,-13,13
36794,209,197,12,12
36795,89,91,-2,2
36796,63,53,10,10
36797,68,69,-1,1
36798,88,98,-10,10
36799,63,71,-8,8
36800,121,135,-14,14
36801,146,166,-20,20
36802,64,59,5,5
36803,75,76,-1,1
36804,118,125,-7,7
36805,121,126,-5,5
36806,87,84,3,3
36807,80,78,2,2
36808,80,84,-4,4
36809,107,99,8,8
36810,137,135,2,2
36811,96,87,9,9
36812,74,72,2,2
36813,90,81,9,9
36814,70,63,7,7
36815,45,48,-3,3
36816,63,57,6,6
36817,122,117,5,5
36818,80,77,3,3
36819,91,92,-1,1
36820,241,218,23,23
36821,49,47,2,2
36822,115,125,-10,10
36823,136,105,31,31
36824,87,75,12,12
36825,90,106,-16,16
36826,86,76,10,10
36827,126,123,3,3
36828,63,77,-14,14
36829,68,66,2,2
36830,83,71,12,12
36831,101,98,3,3
36832,82,111,-29,29
36833,105,113,-8,8
36834,141,149,-8,8
36835,67,71,-4,4
36836,29,39,-10,10
36837,96,102,-6,6
36838,69,65,4,4
36839,62,63,-1,1
36840,68,71,-3,3
36841,96,87,9,9
36842,122,131,-9,9
36843,109,117,-8,8
36844,83,79,4,4
36845,127,121,6,6
36846,115,131,-16,16
36847,95,92,3,3
36848,64,60,4,4
36849,80,83,-3,3
36850,285,283,2,2
36851,88,88,0,0
36852,154,122,32,32
36853,163,159,4,4
36854,68,113,-45,45
36855,72,75,-3,3
36856,184,192,-8,8
36857,87,83,4,4
36858,58,59,-1,1
36859,110,120,-10,10
36860,62,68,-6,6
36861,53,50,3,3
36862,158,166,-8,8
36863,87,103,-16,16
36864,70,77,-7,7
36865,72,72,0,0
36866,141,125,16,16
36867,94,90,4,4
36868,48,57,-9,9
36869,56,54,2,2
36870,169,163,6,6
36871,81,105,-24,24
36872,71,69,2,2
36873,97,86,11,11
36874,73,75,-2,2
36875,90,95,-5,5
36876,122,119,3,3
36877,68,60,8,8
36878,128,120,8,8
36879,68,69,-1,1
36880,128,132,-4,4
36881,80,82,-2,2
36882,76,67,9,9
36883,131,144,-13,13
36884,96,96,0,0
36885,118,127,-9,9
36886,112,103,9,9
36887,174,170,4,4
36888,44,39,5,5
36889,92,96,-4,4
36890,66,66,0,0
36891,90,94,-4,4
36892,144,143,1,1
36893,110,104,6,6
36894,164,147,17,17
36895,85,78,7,7
36896,87,100,-13,13
36897,126,147,-21,21
36898,70,68,2,2
36899,111,112,-1,1
36900,56,55,1,1
36901,50,55,-5,5
36902,93,93,0,0
36903,66,68,-2,2
36904,77,75,2,2
36905,59,54,5,5
36906,95,99,-4,4
36907,79,78,1,1
36908,84,85,-1,1
36909,81,80,1,1
36910,118,107,11,11
36911,62,58,4,4
36912,113,116,-3,3
36913,89,78,11,11
36914,109,101,8,8
36915,157,153,4,4
36916,144,168,-24,24
36917,113,104,9,9
36918,136,127,9,9
36919,55,44,11,11
36920,100,132,-32,32
36921,127,117,10,10
36922,137,138,-1,1
36923,77,72,5,5
36924,75,72,3,3
36925,96,102,-6,6
36926,183,180,3,3
36927,100,98,2,2
36928,66,58,8,8
36929,87,90,-3,3
36930,76,77,-1,1
36931,79,102,-23,23
36932,84,84,0,0
36933,101,96,5,5
36934,110,114,-4,4
36935,97,98,-1,1
36936,55,56,-1,1
36937,94,86,8,8
36938,65,66,-1,1
36939,78,74,4,4
36940,69,68,1,1
36941,171,171,0,0
36942,78,77,1,1
36943,58,59,-1,1
36944,79,79,0,0
36945,90,83,7,7
36946,43,40,3,3
36947,80,97,-17,17
36948,121,133,-12,12
36949,186,177,9,9
36950,87,91,-4,4
36951,25,38,-13,13
36952,77,85,-8,8
36953,111,113,-2,2
36954,60,57,3,3
36955,70,72,-2,2
36956,145,136,9,9
36957,83,84,-1,1
36958,87,76,11,11
36959,79,74,5,5
36960,110,109,1,1
36961,70,64,6,6
36962,157,155,2,2
36963,95,95,0,0
36964,62,65,-3,3
36965,83,86,-3,3
36966,64,61,3,3
36967,240,230,10,10
36968,77,80,-3,3
36969,171,161,10,10
36970,111,113,-2,2
36971,98,89,9,9
36972,60,60,0,0
36973,94,95,-1,1
36974,117,113,4,4
36975,113,116,-3,3
36976,149,168,-19,19
36977,84,84,0,0
36978,50,55,-5,5
36979,109,125,-16,16
36980,77,91,-14,14
36981,125,124,1,1
36982,74,86,-12,12
36983,80,80,0,0
36984,70,72,-2,2
36985,79,80,-1,1
36986,125,111,14,14
36987,102,88,14,14
36988,72,70,2,2
36989,99,102,-3,3
36990,73,82,-9,9
36991,104,98,6,6
36992,99,94,5,5
36993,97,90,7,7
36994,135,140,-5,5
36995,80,88,-8,8
36996,146,148,-2,2
36997,59,64,-5,5
36998,95,98,-3,3
36999,159,145,14,14
37000,73,63,10,10
37001,94,92,2,2
37002,159,137,22,22
37003,178,172,6,6
37004,58,55,3,3
37005,88,87,1,1
37006,88,94,-6,6
37007,81,88,-7,7
37008,79,72,7,7
37009,54,55,-1,1
37010,88,86,2,2
37011,75,69,6,6
37012,101,89,12,12
37013,89,82,7,7
37014,51,56,-5,5
37015,121,121,0,0
37016,110,114,-4,4
37017,99,91,8,8
37018,63,66,-3,3
37019,113,116,-3,3
37020,137,143,-6,6
37021,114,129,-15,15
37022,87,87,0,0
37023,176,154,22,22
37024,136,132,4,4
37025,104,103,1,1
37026,131,93,38,38
37027,100,116,-16,16
37028,110,117,-7,7
37029,54,51,3,3
37030,99,102,-3,3
37031,55,60,-5,5
37032,141,130,11,11
37033,142,142,0,0
37034,125,113,12,12
37035,114,126,-12,12
37036,121,125,-4,4
37037,138,129,9,9
37038,66,74,-8,8
37039,108,104,4,4
37040,137,134,3,3
37041,57,54,3,3
37042,97,100,-3,3
37043,114,104,10,10
37044,124,152,-28,28
37045,66,69,-3,3
37046,51,46,5,5
37047,162,154,8,8
37048,161,158,3,3
37049,116,113,3,3
37050,111,113,-2,2
37051,143,146,-3,3
37052,41,40,1,1
37053,97,86,11,11
37054,49,53,-4,4
37055,156,155,1,1
37056,48,48,0,0
37057,82,76,6,6
37058,58,57,1,1
37059,81,77,4,4
37060,81,81,0,0
37061,68,68,0,0
37062,120,126,-6,6
37063,28,38,-10,10
37064,84,98,-14,14
37065,96,100,-4,4
37066,79,81,-2,2
37067,446,409,37,37
37068,132,135,-3,3
37069,131,128,3,3
37070,60,70,-10,10
37071,78,72,6,6
37072,113,114,-1,1
37073,67,64,3,3
37074,83,83,0,0
37075,77,64,13,13
37076,82,81,1,1
37077,60,59,1,1
37078,112,109,3,3
37079,124,119,5,5
37080,150,138,12,12
37081,87,86,1,1
37082,129,122,7,7
37083,151,148,3,3
37084,36,39,-3,3
37085,100,103,-3,3
37086,57,104,-47,47
37087,108,117,-9,9
37088,78,85,-7,7
37089,72,63,9,9
37090,69,84,-15,15
37091,108,113,-5,5
37092,87,83,4,4
37093,51,62,-11,11
37094,48,50,-2,2
37095,98,112,-14,14
37096,31,56,-25,25
37097,140,122,18,18
37098,74,68,6,6
37099,95,101,-6,6
37100,87,83,4,4
37101,120,123,-3,3
37102,83,74,9,9
37103,81,97,-16,16
37104,75,76,-1,1
37105,87,90,-3,3
37106,145,149,-4,4
37107,98,93,5,5
37108,52,40,12,12
37109,83,83,0,0
37110,55,71,-16,16
37111,110,118,-8,8
37112,125,135,-10,10
37113,87,79,8,8
37114,101,102,-1,1
37115,81,71,10,10
37116,143,141,2,2
37117,218,203,15,15
37118,79,72,7,7
37119,97,89,8,8
37120,58,59,-1,1
37121,116,125,-9,9
37122,76,69,7,7
37123,94,90,4,4
37124,79,92,-13,13
37125,60,56,4,4
37126,103,111,-8,8
37127,51,51,0,0
37128,113,107,6,6
37129,83,101,-18,18
37130,121,122,-1,1
37131,87,73,14,14
37132,152,151,1,1
37133,97,93,4,4
37134,169,174,-5,5
37135,73,87,-14,14
37136,141,154,-13,13
37137,88,77,11,11
37138,75,172,-97,97
37139,78,77,1,1
37140,114,109,5,5
37141,95,83,12,12
37142,100,106,-6,6
37143,94,96,-2,2
37144,62,67,-5,5
37145,75,103,-28,28
37146,91,94,-3,3
37147,155,139,16,16
37148,82,78,4,4
37149,120,122,-2,2
37150,154,144,10,10
37151,45,39,6,6
37152,69,68,1,1
37153,70,73,-3,3
37154,129,134,-5,5
37155,83,76,7,7
37156,102,94,8,8
37157,34,39,-5,5
37158,84,78,6,6
37159,93,89,4,4
37160,173,162,11,11
37161,81,87,-6,6
37162,112,128,-16,16
37163,141,140,1,1
37164,117,114,3,3
37165,87,96,-9,9
37166,89,106,-17,17
37167,138,148,-10,10
37168,77,85,-8,8
37169,71,74,-3,3
37170,108,112,-4,4
37171,84,82,2,2
37172,90,102,-12,12
37173,156,150,6,6
37174,90,98,-8,8
37175,91,94,-3,3
37176,64,61,3,3
37177,66,65,1,1
37178,59,54,5,5
37179,124,115,9,9
37180,49,37,12,12
37181,108,111,-3,3
37182,83,84,-1,1
37183,115,103,12,12
37184,59,61,-2,2
37185,51,64,-13,13
37186,90,85,5,5
37187,77,91,-14,14
37188,59,52,7,7
37189,100,98,2,2
37190,138,132,6,6
37191,237,230,7,7
37192,71,72,-1,1
37193,51,51,0,0
37194,160,172,-12,12
37195,162,136,26,26
37196,121,120,1,1
37197,122,115,7,7
37198,64,60,4,4
37199,78,73,5,5
37200,107,136,-29,29
37201,102,108,-6,6
37202,74,84,-10,10
37203,90,100,-10,10
37204,65,57,8,8
37205,85,92,-7,7
37206,88,92,-4,4
37207,95,99,-4,4
37208,92,92,0,0
37209,148,132,16,16
37210,89,89,0,0
37211,63,61,2,2
37212,98,88,10,10
37213,74,70,4,4
37214,69,67,2,2
37215,58,59,-1,1
37216,148,141,7,7
37217,75,79,-4,4
37218,128,130,-2,2
37219,63,77,-14,14
37220,113,98,15,15
37221,88,95,-7,7
37222,68,56,12,12
37223,98,93,5,5
37224,79,85,-6,6
37225,69,70,-1,1
37226,284,269,15,15
37227,76,72,4,4
37228,98,102,-4,4
37229,73,75,-2,2
37230,135,137,-2,2
37231,71,65,6,6
37232,85,80,5,5
37233,58,61,-3,3
37234,110,111,-1,1
37235,63,62,1,1
37236,91,94,-3,3
37237,72,77,-5,5
37238,111,135,-24,24
37239,75,68,7,7
37240,127,125,2,2
37241,157,146,11,11
37242,136,139,-3,3
37243,66,63,3,3
37244,53,54,-1,1
37245,76,79,-3,3
37246,76,70,6,6
37247,123,136,-13,13
37248,90,88,2,2
37249,62,63,-1,1
37250,93,116,-23,23
37251,150,139,11,11
37252,114,115,-1,1
37253,99,85,14,14
37254,85,83,2,2
37255,68,61,7,7
37256,54,56,-2,2
37257,64,63,1,1
37258,126,132,-6,6
37259,52,55,-3,3
37260,119,116,3,3
37261,112,112,0,0
37262,257,241,16,16
37263,75,74,1,1
37264,58,55,3,3
37265,87,86,1,1
37266,50,42,8,8
37267,79,86,-7,7
37268,142,135,7,7
37269,122,129,-7,7
37270,69,70,-1,1
37271,82,78,4,4
37272,83,86,-3,3
37273,87,83,4,4
37274,132,133,-1,1
37275,110,125,-15,15
37276,98,87,11,11
37277,93,90,3,3
37278,112,121,-9,9
37279,101,93,8,8
37280,97,102,-5,5
37281,111,120,-9,9
37282,53,54,-1,1
37283,78,95,-17,17
37284,104,100,4,4
37285,86,83,3,3
37286,109,107,2,2
37287,136,130,6,6
37288,113,132,-19,19
37289,53,57,-4,4
37290,85,76,9,9
37291,142,134,8,8
37292,141,139,2,2
37293,87,88,-1,1
37294,79,77,2,2
37295,171,163,8,8
37296,104,111,-7,7
37297,91,125,-34,34
37298,70,67,3,3
37299,93,98,-5,5
37300,115,117,-2,2
37301,49,57,-8,8
37302,115,104,11,11
37303,85,82,3,3
37304,96,100,-4,4
37305,112,110,2,2
37306,133,140,-7,7
37307,114,113,1,1
37308,78,100,-22,22
37309,158,153,5,5
37310,73,67,6,6
37311,44,46,-2,2
37312,160,164,-4,4
37313,114,120,-6,6
37314,163,115,48,48
37315,113,111,2,2
37316,92,99,-7,7
37317,35,39,-4,4
37318,135,133,2,2
37319,113,113,0,0
37320,105,99,6,6
37321,79,73,6,6
37322,130,119,11,11
37323,129,131,-2,2
37324,81,84,-3,3
37325,71,77,-6,6
37326,233,207,26,26
37327,79,87,-8,8
37328,88,87,1,1
37329,121,128,-7,7
37330,132,123,9,9
37331,179,174,5,5
37332,199,191,8,8
37333,133,128,5,5
37334,127,124,3,3
37335,71,75,-4,4
37336,59,61,-2,2
37337,92,95,-3,3
37338,98,98,0,0
37339,93,82,11,11
37340,103,82,21,21
37341,114,127,-13,13
37342,80,85,-5,5
37343,84,85,-1,1
37344,95,88,7,7
37345,141,140,1,1
37346,184,178,6,6
37347,138,120,18,18
37348,59,59,0,0
37349,172,170,2,2
37350,146,139,7,7
37351,72,77,-5,5
37352,139,143,-4,4
37353,108,108,0,0
37354,91,101,-10,10
37355,38,39,-1,1
37356,44,53,-9,9
37357,86,84,2,2
37358,68,73,-5,5
37359,68,61,7,7
37360,100,104,-4,4
37361,135,125,10,10
37362,30,38,-8,8
37363,149,142,7,7
37364,93,93,0,0
37365,132,143,-11,11
37366,61,59,2,2
37367,104,108,-4,4
37368,119,117,2,2
37369,61,63,-2,2
37370,79,79,0,0
37371,48,53,-5,5
37372,80,72,8,8
37373,145,174,-29,29
37374,65,73,-8,8
37375,68,65,3,3
37376,68,66,2,2
37377,78,84,-6,6
37378,65,62,3,3
37379,98,95,3,3
37380,102,108,-6,6
37381,115,101,14,14
37382,71,66,5,5
37383,63,67,-4,4
37384,64,74,-10,10
37385,97,95,2,2
37386,102,91,11,11
37387,101,105,-4,4
37388,34,38,-4,4
37389,70,69,1,1
37390,53,57,-4,4
37391,92,92,0,0
37392,83,87,-4,4
37393,101,109,-8,8
37394,76,72,4,4
37395,76,82,-6,6
37396,111,106,5,5
37397,49,57,-8,8
37398,55,62,-7,7
37399,115,110,5,5
37400,126,127,-1,1
37401,121,109,12,12
37402,145,140,5,5
37403,60,72,-12,12
37404,73,64,9,9
37405,63,66,-3,3
37406,71,70,1,1
37407,81,86,-5,5
37408,98,98,0,0
37409,138,142,-4,4
37410,69,76,-7,7
37411,172,190,-18,18
37412,57,66,-9,9
37413,119,114,5,5
37414,65,66,-1,1
37415,54,55,-1,1
37416,86,93,-7,7
37417,116,118,-2,2
37418,145,137,8,8
37419,102,110,-8,8
37420,108,106,2,2
37421,63,61,2,2
37422,125,123,2,2
37423,90,95,-5,5
37424,139,145,-6,6
37425,94,92,2,2
37426,86,87,-1,1
37427,44,51,-7,7
37428,89,97,-8,8
37429,82,82,0,0
37430,114,104,10,10
37431,60,58,2,2
37432,103,103,0,0
37433,58,61,-3,3
37434,108,117,-9,9
37435,140,149,-9,9
37436,160,160,0,0
37437,54,54,0,0
37438,106,99,7,7
37439,140,144,-4,4
37440,101,102,-1,1
37441,120,122,-2,2
37442,118,117,1,1
37443,116,114,2,2
37444,108,110,-2,2
37445,205,215,-10,10
37446,192,191,1,1
37447,97,99,-2,2
37448,59,58,1,1
37449,60,63,-3,3
37450,51,52,-1,1
37451,48,38,10,10
37452,118,116,2,2
37453,209,200,9,9
37454,64,64,0,0
37455,76,81,-5,5
37456,130,128,2,2
37457,83,84,-1,1
37458,69,77,-8,8
37459,66,57,9,9
37460,81,90,-9,9
37461,116,138,-22,22
37462,91,98,-7,7
37463,178,182,-4,4
37464,148,170,-22,22
37465,160,166,-6,6
37466,116,131,-15,15
37467,87,92,-5,5
37468,93,98,-5,5
37469,71,75,-4,4
37470,121,119,2,2
37471,85,75,10,10
37472,75,80,-5,5
37473,101,100,1,1
37474,72,73,-1,1
37475,60,57,3,3
37476,102,95,7,7
37477,111,106,5,5
37478,81,89,-8,8
37479,75,90,-15,15
37480,107,115,-8,8
37481,75,80,-5,5
37482,67,75,-8,8
37483,126,130,-4,4
37484,106,108,-2,2
37485,126,129,-3,3
37486,104,109,-5,5
37487,65,70,-5,5
37488,92,94,-2,2
37489,78,71,7,7
37490,127,124,3,3
37491,88,90,-2,2
37492,35,53,-18,18
37493,87,86,1,1
37494,53,62,-9,9
37495,108,111,-3,3
37496,89,90,-1,1
37497,79,76,3,3
37498,79,88,-9,9
37499,138,123,15,15
37500,92,85,7,7
37501,84,84,0,0
37502,65,63,2,2
37503,74,75,-1,1
37504,147,146,1,1
37505,96,102,-6,6
37506,124,123,1,1
37507,84,89,-5,5
37508,118,116,2,2
37509,80,74,6,6
37510,89,98,-9,9
37511,154,163,-9,9
37512,96,110,-14,14
37513,73,84,-11,11
37514,218,197,21,21
37515,108,110,-2,2
37516,156,154,2,2
37517,56,61,-5,5
37518,105,101,4,4
37519,103,130,-27,27
37520,98,103,-5,5
37521,161,164,-3,3
37522,150,130,20,20
37523,50,52,-2,2
37524,99,97,2,2
37525,62,64,-2,2
37526,102,102,0,0
37527,86,85,1,1
37528,81,79,2,2
37529,51,58,-7,7
37530,100,94,6,6
37531,74,70,4,4
37532,65,58,7,7
37533,95,97,-2,2
37534,99,99,0,0
37535,84,90,-6,6
37536,114,100,14,14
37537,99,91,8,8
37538,58,51,7,7
37539,49,40,9,9
37540,119,111,8,8
37541,83,86,-3,3
37542,96,103,-7,7
37543,70,76,-6,6
37544,108,107,1,1
37545,128,114,14,14
37546,75,69,6,6
37547,72,70,2,2
37548,88,80,8,8
37549,71,68,3,3
37550,103,96,7,7
37551,109,103,6,6
37552,77,80,-3,3
37553,74,72,2,2
37554,105,97,8,8
37555,56,52,4,4
37556,95,92,3,3
37557,152,143,9,9
37558,62,61,1,1
37559,128,127,1,1
37560,108,98,10,10
37561,58,62,-4,4
37562,144,131,13,13
37563,109,101,8,8
37564,66,61,5,5
37565,114,117,-3,3
37566,150,136,14,14
37567,98,93,5,5
37568,151,147,4,4
37569,73,69,4,4
37570,84,85,-1,1
37571,126,127,-1,1
37572,50,53,-3,3
37573,101,117,-16,16
37574,56,60,-4,4
37575,95,100,-5,5
37576,65,63,2,2
37577,141,125,16,16
37578,94,89,5,5
37579,67,71,-4,4
37580,55,57,-2,2
37581,65,62,3,3
37582,52,65,-13,13
37583,95,90,5,5
37584,158,155,3,3
37585,106,38,68,68
37586,101,98,3,3
37587,96,91,5,5
37588,132,139,-7,7
37589,91,87,4,4
37590,80,80,0,0
37591,209,202,7,7
37592,71,79,-8,8
37593,94,103,-9,9
37594,93,87,6,6
37595,103,107,-4,4
37596,69,76,-7,7
37597,190,197,-7,7
37598,92,94,-2,2
37599,105,101,4,4
37600,69,73,-4,4
37601,54,67,-13,13
37602,59,56,3,3
37603,82,86,-4,4
37604,84,84,0,0
37605,30,54,-24,24
37606,150,142,8,8
37607,65,62,3,3
37608,88,83,5,5
37609,80,78,2,2
37610,174,171,3,3
37611,134,162,-28,28
37612,82,81,1,1
37613,77,68,9,9
37614,65,69,-4,4
37615,49,51,-2,2
37616,95,99,-4,4
37617,67,67,0,0
37618,69,65,4,4
37619,125,137,-12,12
37620,124,133,-9,9
37621,81,84,-3,3
37622,93,94,-1,1
37623,148,126,22,22
37624,158,150,8,8
37625,107,107,0,0
37626,138,129,9,9
37627,106,108,-2,2
37628,102,109,-7,7
37629,151,153,-2,2
37630,103,109,-6,6
37631,77,71,6,6
37632,139,138,1,1
37633,122,122,0,0
37634,86,79,7,7
37635,85,84,1,1
37636,76,71,5,5
37637,115,107,8,8
37638,137,127,10,10
37639,113,123,-10,10
37640,155,141,14,14
37641,66,77,-11,11
37642,75,68,7,7
37643,120,124,-4,4
37644,116,103,13,13
37645,152,154,-2,2
37646,56,57,-1,1
37647,205,195,10,10
37648,96,103,-7,7
37649,101,92,9,9
37650,100,101,-1,1
37651,94,89,5,5
37652,130,125,5,5
37653,61,77,-16,16
37654,123,120,3,3
37655,111,123,-12,12
37656,136,144,-8,8
37657,166,156,10,10
37658,85,92,-7,7
37659,99,98,1,1
37660,58,58,0,0
37661,98,91,7,7
37662,88,75,13,13
37663,164,145,19,19
37664,67,64,3,3
37665,112,97,15,15
37666,105,102,3,3
37667,151,141,10,10
37668,80,69,11,11
37669,121,129,-8,8
37670,179,152,27,27
37671,151,149,2,2
37672,116,118,-2,2
37673,93,91,2,2
37674,96,95,1,1
37675,112,124,-12,12
37676,45,51,-6,6
37677,100,96,4,4
37678,71,83,-12,12
37679,72,66,6,6
37680,124,120,4,4
37681,54,50,4,4
37682,135,130,5,5
37683,125,121,4,4
37684,125,105,20,20
37685,104,117,-13,13
37686,76,72,4,4
37687,106,137,-31,31
37688,76,73,3,3
37689,87,91,-4,4
37690,146,143,3,3
37691,91,83,8,8
37692,72,86,-14,14
37693,149,151,-2,2
37694,82,80,2,2
37695,157,147,10,10
37696,138,130,8,8
37697,122,123,-1,1
37698,105,107,-2,2
37699,88,85,3,3
37700,157,178,-21,21
37701,108,96,12,12
37702,94,90,4,4
37703,102,109,-7,7
37704,51,59,-8,8
37705,84,87,-3,3
37706,67,82,-15,15
37707,128,121,7,7
37708,130,132,-2,2
37709,165,159,6,6
37710,100,116,-16,16
37711,121,134,-13,13
37712,74,79,-5,5
37713,58,56,2,2
37714,88,99,-11,11
37715,105,113,-8,8
37716,116,118,-2,2
37717,103,98,5,5
37718,101,103,-2,2
37719,108,119,-11,11
37720,75,89,-14,14
37721,106,112,-6,6
37722,69,72,-3,3
37723,87,90,-3,3
37724,68,77,-9,9
37725,51,52,-1,1
37726,61,60,1,1
37727,110,111,-1,1
37728,104,103,1,1
37729,70,66,4,4
37730,47,52,-5,5
37731,69,84,-15,15
37732,48,56,-8,8
37733,92,89,3,3
37734,116,116,0,0
37735,94,98,-4,4
37736,79,80,-1,1
37737,116,136,-20,20
37738,133,141,-8,8
37739,70,74,-4,4
37740,153,153,0,0
37741,41,86,-45,45
37742,73,73,0,0
37743,109,112,-3,3
37744,145,135,10,10
37745,106,110,-4,4
37746,89,80,9,9
37747,69,80,-11,11
37748,73,79,-6,6
37749,61,63,-2,2
37750,127,123,4,4
37751,104,106,-2,2
37752,103,104,-1,1
37753,107,100,7,7
37754,116,116,0,0
37755,66,79,-13,13
37756,130,131,-1,1
37757,102,95,7,7
37758,102,102,0,0
37759,72,82,-10,10
37760,98,93,5,5
37761,55,52,3,3
37762,90,99,-9,9
37763,116,115,1,1
37764,64,70,-6,6
37765,113,107,6,6
37766,75,80,-5,5
37767,75,91,-16,16
37768,119,121,-2,2
37769,81,76,5,5
37770,74,70,4,4
37771,156,156,0,0
37772,93,90,3,3
37773,84,83,1,1
37774,118,144,-26,26
37775,70,68,2,2
37776,197,202,-5,5
37777,57,58,-1,1
37778,41,60,-19,19
37779,110,123,-13,13
37780,94,91,3,3
37781,121,111,10,10
37782,77,80,-3,3
37783,104,83,21,21
37784,98,94,4,4
37785,101,97,4,4
37786,65,75,-10,10
37787,140,132,8,8
37788,113,105,8,8
37789,103,88,15,15
37790,84,76,8,8
37791,75,68,7,7
37792,136,126,10,10
37793,123,123,0,0
37794,117,125,-8,8
37795,107,99,8,8
37796,64,61,3,3
37797,61,64,-3,3
37798,216,189,27,27
37799,94,101,-7,7
37800,96,98,-2,2
37801,83,105,-22,22
37802,42,49,-7,7
37803,93,103,-10,10
37804,61,63,-2,2
37805,101,82,19,19
37806,118,117,1,1
37807,100,104,-4,4
37808,107,125,-18,18
37809,98,104,-6,6
37810,64,59,5,5
37811,215,214,1,1
37812,127,123,4,4
37813,91,87,4,4
37814,113,131,-18,18
37815,82,85,-3,3
37816,120,127,-7,7
37817,72,69,3,3
37818,77,95,-18,18
37819,79,89,-10,10
37820,67,70,-3,3
37821,89,93,-4,4
37822,54,55,-1,1
37823,97,105,-8,8
37824,82,81,1,1
37825,91,103,-12,12
37826,83,80,3,3
37827,54,70,-16,16
37828,116,121,-5,5
37829,80,89,-9,9
37830,75,74,1,1
37831,187,195,-8,8
37832,78,91,-13,13
37833,95,99,-4,4
37834,87,87,0,0
37835,74,78,-4,4
37836,67,63,4,4
37837,66,59,7,7
37838,78,73,5,5
37839,107,104,3,3
37840,59,55,4,4
37841,92,98,-6,6
37842,41,54,-13,13
37843,130,124,6,6
37844,100,108,-8,8
37845,88,84,4,4
37846,67,59,8,8
37847,100,92,8,8
37848,99,104,-5,5
37849,69,68,1,1
37850,115,119,-4,4
37851,116,111,5,5
37852,49,43,6,6
37853,91,97,-6,6
37854,67,73,-6,6
37855,105,102,3,3
37856,137,140,-3,3
37857,72,86,-14,14
37858,61,61,0,0
37859,86,85,1,1
37860,91,99,-8,8
37861,85,84,1,1
37862,83,83,0,0
37863,68,59,9,9
37864,103,96,7,7
37865,106,97,9,9
37866,139,118,21,21
37867,115,121,-6,6
37868,48,52,-4,4
37869,159,162,-3,3
37870,61,59,2,2
37871,113,123,-10,10
37872,101,101,0,0
37873,77,74,3,3
37874,134,138,-4,4
37875,67,59,8,8
37876,106,105,1,1
37877,57,56,1,1
37878,95,102,-7,7
37879,93,102,-9,9
37880,95,84,11,11
37881,179,180,-1,1
37882,153,174,-21,21
37883,62,65,-3,3
37884,69,66,3,3
37885,165,171,-6,6
37886,180,197,-17,17
37887,87,84,3,3
37888,110,115,-5,5
37889,116,124,-8,8
37890,159,173,-14,14
37891,99,104,-5,5
37892,114,113,1,1
37893,102,94,8,8
37894,154,157,-3,3
37895,91,93,-2,2
37896,124,111,13,13
37897,91,90,1,1
37898,41,38,3,3
37899,45,40,5,5
37900,71,88,-17,17
37901,76,77,-1,1
37902,99,112,-13,13
37903,111,105,6,6
37904,97,89,8,8
37905,124,114,10,10
37906,96,107,-11,11
37907,79,67,12,12
37908,122,132,-10,10
37909,115,101,14,14
37910,89,86,3,3
37911,73,72,1,1
37912,111,113,-2,2
37913,89,94,-5,5
37914,138,136,2,2
37915,100,112,-12,12
37916,78,84,-6,6
37917,83,88,-5,5
37918,86,97,-11,11
37919,135,145,-10,10
37920,114,115,-1,1
37921,56,58,-2,2
37922,149,165,-16,16
37923,81,79,2,2
37924,79,77,2,2
37925,103,105,-2,2
37926,56,67,-11,11
37927,150,151,-1,1
37928,78,81,-3,3
37929,78,78,0,0
37930,41,39,2,2
37931,121,111,10,10
37932,123,125,-2,2
37933,76,89,-13,13
37934,103,99,4,4
37935,35,57,-22,22
37936,124,122,2,2
37937,55,60,-5,5
37938,88,88,0,0
37939,90,89,1,1
37940,120,98,22,22
37941,71,69,2,2
37942,79,83,-4,4
37943,62,63,-1,1
37944,86,87,-1,1
37945,64,65,-1,1
37946,131,147,-16,16
37947,146,140,6,6
37948,86,81,5,5
37949,98,96,2,2
37950,183,167,16,16
37951,91,93,-2,2
37952,77,74,3,3
37953,142,143,-1,1
37954,79,77,2,2
37955,41,39,2,2
37956,105,110,-5,5
37957,197,196,1,1
37958,115,115,0,0
37959,71,74,-3,3
37960,140,149,-9,9
37961,130,128,2,2
37962,83,83,0,0
37963,108,126,-18,18
37964,67,64,3,3
37965,70,84,-14,14
37966,93,96,-3,3
37967,64,67,-3,3
37968,98,118,-20,20
37969,115,116,-1,1
37970,62,58,4,4
37971,88,91,-3,3
37972,61,65,-4,4
37973,198,176,22,22
37974,101,110,-9,9
37975,66,65,1,1
37976,31,38,-7,7
37977,94,91,3,3
37978,93,103,-10,10
37979,117,164,-47,47
37980,99,102,-3,3
37981,36,38,-2,2
37982,76,77,-1,1
37983,67,73,-6,6
37984,78,87,-9,9
37985,50,55,-5,5
37986,55,45,10,10
37987,92,96,-4,4
37988,94,88,6,6
37989,137,141,-4,4
37990,102,103,-1,1
37991,113,102,11,11
37992,89,82,7,7
37993,124,131,-7,7
37994,82,82,0,0
37995,60,66,-6,6
37996,125,112,13,13
37997,78,84,-6,6
37998,143,138,5,5
37999,142,147,-5,5
38000,106,98,8,8
38001,124,114,10,10
38002,52,58,-6,6
38003,97,117,-20,20
38004,80,79,1,1
38005,107,118,-11,11
38006,141,143,-2,2
38007,57,57,0,0
38008,89,77,12,12
38009,104,115,-11,11
38010,154,148,6,6
38011,76,85,-9,9
38012,95,80,15,15
38013,179,169,10,10
38014,64,73,-9,9
38015,119,109,10,10
38016,108,123,-15,15
38017,114,112,2,2
38018,92,92,0,0
38019,109,108,1,1
38020,139,146,-7,7
38021,130,132,-2,2
38022,112,107,5,5
38023,123,116,7,7
38024,125,120,5,5
38025,66,59,7,7
38026,77,88,-11,11
38027,87,88,-1,1
38028,97,105,-8,8
38029,56,55,1,1
38030,146,140,6,6
38031,71,73,-2,2
38032,176,172,4,4
38033,96,91,5,5
38034,105,100,5,5
38035,127,124,3,3
38036,82,87,-5,5
38037,137,155,-18,18
38038,120,117,3,3
38039,82,81,1,1
38040,73,66,7,7
38041,78,71,7,7
38042,83,85,-2,2
38043,83,84,-1,1
38044,74,80,-6,6
38045,81,79,2,2
38046,178,168,10,10
38047,96,111,-15,15
38048,48,50,-2,2
38049,74,83,-9,9
38050,143,136,7,7
38051,94,89,5,5
38052,142,145,-3,3
38053,144,153,-9,9
38054,114,118,-4,4
38055,91,96,-5,5
38056,127,130,-3,3
38057,65,75,-10,10
38058,152,148,4,4
38059,106,102,4,4
38060,140,137,3,3
38061,96,103,-7,7
38062,72,105,-33,33
38063,71,65,6,6
38064,116,112,4,4
38065,156,149,7,7
38066,57,54,3,3
38067,24,37,-13,13
38068,122,119,3,3
38069,118,113,5,5
38070,96,99,-3,3
38071,86,83,3,3
38072,163,158,5,5
38073,60,63,-3,3
38074,80,75,5,5
38075,78,76,2,2
38076,82,80,2,2
38077,113,106,7,7
38078,104,115,-11,11
38079,154,181,-27,27
38080,34,38,-4,4
38081,111,116,-5,5
38082,103,100,3,3
38083,88,86,2,2
38084,112,117,-5,5
38085,115,112,3,3
38086,60,55,5,5
38087,150,145,5,5
38088,116,113,3,3
38089,80,79,1,1
38090,112,103,9,9
38091,116,116,0,0
38092,83,88,-5,5
38093,161,151,10,10
38094,65,68,-3,3
38095,74,77,-3,3
38096,72,63,9,9
38097,185,166,19,19
38098,89,74,15,15
38099,90,90,0,0
38100,175,168,7,7
38101,96,91,5,5
38102,96,92,4,4
38103,111,114,-3,3
38104,46,51,-5,5
38105,105,117,-12,12
38106,69,71,-2,2
38107,117,115,2,2
38108,91,90,1,1
38109,70,75,-5,5
38110,150,139,11,11
38111,122,128,-6,6
38112,98,110,-12,12
38113,100,93,7,7
38114,160,143,17,17
38115,139,138,1,1
38116,170,164,6,6
38117,79,85,-6,6
38118,132,127,5,5
38119,121,122,-1,1
38120,118,124,-6,6
38121,102,92,10,10
38122,98,98,0,0
38123,115,124,-9,9
38124,159,165,-6,6
38125,92,93,-1,1
38126,41,66,-25,25
38127,84,85,-1,1
38128,132,152,-20,20
38129,109,95,14,14
38130,78,86,-8,8
38131,114,106,8,8
38132,121,115,6,6
38133,93,89,4,4
38134,115,118,-3,3
38135,44,38,6,6
38136,74,71,3,3
38137,49,52,-3,3
38138,165,161,4,4
38139,83,83,0,0
38140,158,151,7,7
38141,101,90,11,11
38142,118,116,2,2
38143,94,94,0,0
38144,117,136,-19,19
38145,109,109,0,0
38146,73,90,-17,17
38147,76,80,-4,4
38148,138,138,0,0
38149,113,107,6,6
38150,96,96,0,0
38151,73,76,-3,3
38152,112,106,6,6
38153,63,67,-4,4
38154,104,96,8,8
38155,82,87,-5,5
38156,54,58,-4,4
38157,84,83,1,1
38158,133,144,-11,11
38159,101,103,-2,2
38160,108,119,-11,11
38161,83,83,0,0
38162,78,84,-6,6
38163,82,75,7,7
38164,76,74,2,2
38165,90,86,4,4
38166,105,106,-1,1
38167,61,56,5,5
38168,102,119,-17,17
38169,104,123,-19,19
38170,72,69,3,3
38171,74,64,10,10
38172,92,98,-6,6
38173,85,83,2,2
38174,99,98,1,1
38175,111,125,-14,14
38176,67,73,-6,6
38177,76,71,5,5
38178,113,102,11,11
38179,107,101,6,6
38180,117,112,5,5
38181,116,123,-7,7
38182,97,97,0,0
38183,125,126,-1,1
38184,112,118,-6,6
38185,71,82,-11,11
38186,115,116,-1,1
38187,59,83,-24,24
38188,97,96,1,1
38189,124,115,9,9
38190,45,39,6,6
38191,87,90,-3,3
38192,103,128,-25,25
38193,64,63,1,1
38194,100,94,6,6
38195,97,88,9,9
38196,121,122,-1,1
38197,111,123,-12,12
38198,74,70,4,4
38199,118,153,-35,35
38200,91,88,3,3
38201,89,91,-2,2
38202,105,90,15,15
38203,79,85,-6,6
38204,68,69,-1,1
38205,125,130,-5,5
38206,87,84,3,3
38207,123,116,7,7
38208,93,95,-2,2
38209,100,97,3,3
38210,64,58,6,6
38211,108,105,3,3
38212,68,56,12,12
38213,86,88,-2,2
38214,107,97,10,10
38215,73,76,-3,3
38216,128,139,-11,11
38217,119,115,4,4
38218,54,38,16,16
38219,72,72,0,0
38220,73,80,-7,7
38221,159,158,1,1
38222,83,85,-2,2
38223,97,95,2,2
38224,131,130,1,1
38225,69,72,-3,3
38226,86,74,12,12
38227,119,124,-5,5
38228,100,92,8,8
38229,102,108,-6,6
38230,67,62,5,5
38231,53,60,-7,7
38232,85,93,-8,8
38233,168,165,3,3
38234,61,55,6,6
38235,77,75,2,2
38236,85,92,-7,7
38237,69,65,4,4
38238,124,122,2,2
38239,89,79,10,10
38240,148,154,-6,6
38241,143,133,10,10
38242,57,77,-20,20
38243,144,140,4,4
38244,66,67,-1,1
38245,83,99,-16,16
38246,120,120,0,0
38247,131,132,-1,1
38248,51,55,-4,4
38249,77,59,18,18
38250,62,65,-3,3
38251,125,137,-12,12
38252,87,88,-1,1
38253,89,89,0,0
38254,162,161,1,1
38255,109,117,-8,8
38256,126,133,-7,7
38257,87,93,-6,6
38258,87,101,-14,14
38259,116,116,0,0
38260,51,55,-4,4
38261,65,60,5,5
38262,95,87,8,8
38263,86,77,9,9
38264,98,103,-5,5
38265,74,70,4,4
38266,87,95,-8,8
38267,113,109,4,4
38268,70,87,-17,17
38269,119,113,6,6
38270,180,175,5,5
38271,94,85,9,9
38272,67,73,-6,6
38273,85,94,-9,9
38274,147,156,-9,9
38275,79,66,13,13
38276,76,80,-4,4
38277,60,53,7,7
38278,55,59,-4,4
38279,95,100,-5,5
38280,127,118,9,9
38281,100,101,-1,1
38282,85,87,-2,2
38283,127,126,1,1
38284,101,89,12,12
38285,70,68,2,2
38286,102,100,2,2
38287,73,72,1,1
38288,107,110,-3,3
38289,129,136,-7,7
38290,114,111,3,3
38291,45,52,-7,7
38292,52,51,1,1
38293,69,71,-2,2
38294,71,71,0,0
38295,65,67,-2,2
38296,211,185,26,26
38297,113,131,-18,18
38298,97,97,0,0
38299,60,64,-4,4
38300,184,159,25,25
38301,106,105,1,1
38302,121,123,-2,2
38303,112,116,-4,4
38304,137,142,-5,5
38305,104,106,-2,2
38306,124,118,6,6
38307,72,64,8,8
38308,116,110,6,6
38309,76,76,0,0
38310,99,105,-6,6
38311,75,75,0,0
38312,81,85,-4,4
38313,69,69,0,0
38314,72,81,-9,9
38315,87,73,14,14
38316,93,90,3,3
38317,136,137,-1,1
38318,101,95,6,6
38319,89,85,4,4
38320,112,112,0,0
38321,65,66,-1,1
38322,118,113,5,5
38323,92,86,6,6
38324,80,91,-11,11
38325,98,96,2,2
38326,70,65,5,5
38327,127,120,7,7
38328,149,132,17,17
38329,70,65,5,5
38330,139,146,-7,7
38331,82,78,4,4
38332,91,94,-3,3
38333,39,60,-21,21
38334,82,91,-9,9
38335,105,104,1,1
38336,147,147,0,0
38337,104,114,-10,10
38338,117,101,16,16
38339,91,107,-16,16
38340,90,97,-7,7
38341,104,94,10,10
38342,47,54,-7,7
38343,56,58,-2,2
38344,110,116,-6,6
38345,43,55,-12,12
38346,120,115,5,5
38347,70,72,-2,2
38348,75,77,-2,2
38349,77,80,-3,3
38350,72,71,1,1
38351,105,103,2,2
38352,218,207,11,11
38353,56,60,-4,4
38354,100,105,-5,5
38355,123,141,-18,18
38356,130,124,6,6
38357,63,58,5,5
38358,89,91,-2,2
38359,60,66,-6,6
38360,65,74,-9,9
38361,118,119,-1,1
38362,86,89,-3,3
38363,166,176,-10,10
38364,106,111,-5,5
38365,58,60,-2,2
38366,141,129,12,12
38367,96,98,-2,2
38368,106,101,5,5
38369,110,115,-5,5
38370,64,62,2,2
38371,83,80,3,3
38372,92,108,-16,16
38373,70,69,1,1
38374,122,128,-6,6
38375,86,88,-2,2
38376,105,94,11,11
38377,99,106,-7,7
38378,57,52,5,5
38379,79,78,1,1
38380,59,56,3,3
38381,70,70,0,0
38382,104,100,4,4
38383,86,90,-4,4
38384,112,121,-9,9
38385,102,103,-1,1
38386,63,64,-1,1
38387,118,114,4,4
38388,63,59,4,4
38389,104,125,-21,21
38390,86,91,-5,5
38391,167,160,7,7
38392,164,162,2,2
38393,85,86,-1,1
38394,111,115,-4,4
38395,121,112,9,9
38396,94,95,-1,1
38397,77,88,-11,11
38398,35,38,-3,3
38399,95,92,3,3
38400,133,139,-6,6
38401,85,91,-6,6
38402,67,59,8,8
38403,114,118,-4,4
38404,157,154,3,3
38405,157,150,7,7
38406,94,105,-11,11
38407,54,60,-6,6
38408,64,57,7,7
38409,109,105,4,4
38410,71,71,0,0
38411,73,79,-6,6
38412,76,87,-11,11
38413,130,118,12,12
38414,79,78,1,1
38415,142,156,-14,14
38416,89,88,1,1
38417,105,109,-4,4
38418,78,91,-13,13
38419,64,61,3,3
38420,63,67,-4,4
38421,89,91,-2,2
38422,171,178,-7,7
38423,111,99,12,12
38424,86,79,7,7
38425,102,99,3,3
38426,61,57,4,4
38427,85,86,-1,1
38428,134,123,11,11
38429,81,83,-2,2
38430,142,146,-4,4
38431,80,73,7,7
38432,83,81,2,2
38433,121,113,8,8
38434,67,52,15,15
38435,100,115,-15,15
38436,129,129,0,0
38437,102,111,-9,9
38438,126,129,-3,3
38439,98,99,-1,1
38440,63,56,7,7
38441,72,78,-6,6
38442,88,95,-7,7
38443,64,68,-4,4
38444,107,118,-11,11
38445,89,83,6,6
38446,93,95,-2,2
38447,146,144,2,2
38448,101,109,-8,8
38449,87,86,1,1
38450,97,100,-3,3
38451,78,62,16,16
38452,130,118,12,12
38453,85,71,14,14
38454,77,71,6,6
38455,44,52,-8,8
38456,96,96,0,0
38457,89,82,7,7
38458,117,116,1,1
38459,41,39,2,2
38460,113,116,-3,3
38461,103,88,15,15
38462,161,154,7,7
38463,196,199,-3,3
38464,64,61,3,3
38465,82,74,8,8
38466,66,94,-28,28
38467,80,74,6,6
38468,54,58,-4,4
38469,104,111,-7,7
38470,55,52,3,3
38471,57,54,3,3
38472,49,55,-6,6
38473,70,67,3,3
38474,74,81,-7,7
38475,33,37,-4,4
38476,83,90,-7,7
38477,89,88,1,1
38478,102,96,6,6
38479,156,167,-11,11
38480,36,39,-3,3
38481,62,60,2,2
38482,102,96,6,6
38483,87,95,-8,8
38484,50,39,11,11
38485,89,99,-10,10
38486,100,97,3,3
38487,98,88,10,10
38488,56,56,0,0
38489,75,71,4,4
38490,98,86,12,12
38491,117,107,10,10
38492,235,208,27,27
38493,54,55,-1,1
38494,68,61,7,7
38495,116,126,-10,10
38496,32,38,-6,6
38497,55,51,4,4
38498,82,81,1,1
38499,119,121,-2,2
38500,183,194,-11,11
38501,112,84,28,28
38502,57,65,-8,8
38503,120,117,3,3
38504,77,82,-5,5
38505,68,74,-6,6
38506,126,121,5,5
38507,68,64,4,4
38508,103,94,9,9
38509,110,119,-9,9
38510,122,108,14,14
38511,100,117,-17,17
38512,74,74,0,0
38513,185,166,19,19
38514,118,134,-16,16
38515,41,38,3,3
38516,91,93,-2,2
38517,83,74,9,9
38518,79,86,-7,7
38519,82,73,9,9
38520,84,86,-2,2
38521,70,61,9,9
38522,97,106,-9,9
38523,99,102,-3,3
38524,108,106,2,2
38525,85,84,1,1
38526,132,131,1,1
38527,99,98,1,1
38528,62,55,7,7
38529,80,72,8,8
38530,96,86,10,10
38531,98,90,8,8
38532,109,110,-1,1
38533,124,130,-6,6
38534,101,113,-12,12
38535,118,123,-5,5
38536,57,55,2,2
38537,79,82,-3,3
38538,86,89,-3,3
38539,77,74,3,3
38540,132,125,7,7
38541,74,64,10,10
38542,108,107,1,1
38543,137,128,9,9
38544,102,103,-1,1
38545,150,148,2,2
38546,51,51,0,0
38547,77,71,6,6
38548,59,54,5,5
38549,42,38,4,4
38550,141,144,-3,3
38551,132,123,9,9
38552,67,62,5,5
38553,108,105,3,3
38554,144,155,-11,11
38555,69,68,1,1
38556,85,83,2,2
38557,64,63,1,1
38558,65,63,2,2
38559,221,221,0,0
38560,70,67,3,3
38561,56,51,5,5
38562,62,63,-1,1
38563,88,105,-17,17
38564,108,113,-5,5
38565,178,168,10,10
38566,74,69,5,5
38567,85,100,-15,15
38568,61,67,-6,6
38569,111,85,26,26
38570,103,112,-9,9
38571,110,109,1,1
38572,74,69,5,5
38573,172,173,-1,1
38574,87,98,-11,11
38575,141,153,-12,12
38576,86,78,8,8
38577,89,106,-17,17
38578,106,90,16,16
38579,103,101,2,2
38580,115,99,16,16
38581,61,53,8,8
38582,102,105,-3,3
38583,64,63,1,1
38584,121,115,6,6
38585,61,65,-4,4
38586,75,72,3,3
38587,43,39,4,4
38588,84,81,3,3
38589,118,115,3,3
38590,50,38,12,12
38591,81,68,13,13
38592,160,157,3,3
38593,121,113,8,8
38594,77,88,-11,11
38595,124,122,2,2
38596,140,135,5,5
38597,56,59,-3,3
38598,92,86,6,6
38599,99,97,2,2
38600,169,168,1,1
38601,102,111,-9,9
38602,149,152,-3,3
38603,161,175,-14,14
38604,73,80,-7,7
38605,81,84,-3,3
38606,76,74,2,2
38607,131,124,7,7
38608,155,168,-13,13
38609,87,88,-1,1
38610,62,59,3,3
38611,87,75,12,12
38612,78,89,-11,11
38613,74,74,0,0
38614,49,69,-20,20
38615,92,87,5,5
38616,133,134,-1,1
38617,149,148,1,1
38618,120,124,-4,4
38619,89,82,7,7
38620,102,101,1,1
38621,62,62,0,0
38622,57,38,19,19
38623,43,62,-19,19
38624,72,72,0,0
38625,58,60,-2,2
38626,66,62,4,4
38627,73,79,-6,6
38628,112,98,14,14
38629,158,149,9,9
38630,70,78,-8,8
38631,136,132,4,4
38632,85,80,5,5
38633,37,39,-2,2
38634,87,91,-4,4
38635,130,139,-9,9
38636,88,91,-3,3
38637,57,59,-2,2
38638,117,117,0,0
38639,105,98,7,7
38640,75,74,1,1
38641,153,159,-6,6
38642,90,104,-14,14
38643,130,120,10,10
38644,86,90,-4,4
38645,124,134,-10,10
38646,83,85,-2,2
38647,145,131,14,14
38648,77,83,-6,6
38649,64,64,0,0
38650,129,129,0,0
38651,109,108,1,1
38652,94,91,3,3
38653,84,80,4,4
38654,64,61,3,3
38655,90,91,-1,1
38656,171,171,0,0
38657,93,98,-5,5
38658,121,127,-6,6
38659,72,79,-7,7
38660,72,83,-11,11
38661,85,84,1,1
38662,86,78,8,8
38663,93,97,-4,4
38664,94,81,13,13
38665,118,125,-7,7
38666,72,60,12,12
38667,64,64,0,0
38668,127,115,12,12
38669,64,62,2,2
38670,75,75,0,0
38671,57,60,-3,3
38672,61,62,-1,1
38673,74,86,-12,12
38674,53,64,-11,11
38675,80,84,-4,4
38676,83,85,-2,2
38677,124,121,3,3
38678,81,92,-11,11
38679,84,93,-9,9
38680,128,120,8,8
38681,93,94,-1,1
38682,79,83,-4,4
38683,81,100,-19,19
38684,81,83,-2,2
38685,104,108,-4,4
38686,82,80,2,2
38687,84,69,15,15
38688,71,72,-1,1
38689,62,60,2,2
38690,66,68,-2,2
38691,63,65,-2,2
38692,77,73,4,4
38693,56,57,-1,1
38694,155,153,2,2
38695,143,136,7,7
38696,75,72,3,3
38697,92,100,-8,8
38698,108,103,5,5
38699,105,106,-1,1
38700,63,58,5,5
38701,117,119,-2,2
38702,123,111,12,12
38703,69,72,-3,3
38704,119,129,-10,10
38705,92,107,-15,15
38706,94,88,6,6
38707,80,83,-3,3
38708,101,100,1,1
38709,150,148,2,2
38710,92,89,3,3
38711,97,93,4,4
38712,100,101,-1,1
38713,74,86,-12,12
38714,157,162,-5,5
38715,65,72,-7,7
38716,97,94,3,3
38717,79,78,1,1
38718,86,84,2,2
38719,91,86,5,5
38720,51,53,-2,2
38721,110,110,0,0
38722,106,113,-7,7
38723,50,53,-3,3
38724,76,70,6,6
38725,126,122,4,4
38726,73,71,2,2
38727,80,86,-6,6
38728,90,85,5,5
38729,94,77,17,17
38730,99,97,2,2
38731,140,134,6,6
38732,92,89,3,3
38733,96,97,-1,1
38734,107,104,3,3
38735,120,111,9,9
38736,141,143,-2,2
38737,58,59,-1,1
38738,99,98,1,1
38739,75,71,4,4
38740,118,107,11,11
38741,93,95,-2,2
38742,104,91,13,13
38743,81,84,-3,3
38744,107,106,1,1
38745,91,110,-19,19
38746,87,87,0,0
38747,53,57,-4,4
38748,147,145,2,2
38749,108,102,6,6
38750,76,72,4,4
38751,59,56,3,3
38752,85,96,-11,11
38753,82,85,-3,3
38754,57,60,-3,3
38755,37,39,-2,2
38756,129,132,-3,3
38757,57,52,5,5
38758,67,67,0,0
38759,76,69,7,7
38760,85,84,1,1
38761,130,123,7,7
38762,106,105,1,1
38763,104,117,-13,13
38764,88,92,-4,4
38765,65,57,8,8
38766,75,76,-1,1
38767,145,141,4,4
38768,149,148,1,1
38769,44,39,5,5
38770,69,62,7,7
38771,93,96,-3,3
38772,78,73,5,5
38773,63,65,-2,2
38774,78,84,-6,6
38775,85,84,1,1
38776,55,51,4,4
38777,73,89,-16,16
38778,107,108,-1,1
38779,131,128,3,3
38780,87,86,1,1
38781,40,53,-13,13
38782,139,124,15,15
38783,85,89,-4,4
38784,163,179,-16,16
38785,64,70,-6,6
38786,193,193,0,0
38787,86,96,-10,10
38788,98,98,0,0
38789,51,57,-6,6
38790,128,125,3,3
38791,141,130,11,11
38792,84,82,2,2
38793,142,141,1,1
38794,59,62,-3,3
38795,108,105,3,3
38796,39,39,0,0
38797,156,154,2,2
38798,107,115,-8,8
38799,99,111,-12,12
38800,166,164,2,2
38801,85,85,0,0
38802,84,85,-1,1
38803,98,96,2,2
38804,76,69,7,7
38805,138,130,8,8
38806,93,90,3,3
38807,182,164,18,18
38808,149,136,13,13
38809,132,122,10,10
38810,127,121,6,6
38811,70,68,2,2
38812,57,55,2,2
38813,176,193,-17,17
38814,68,65,3,3
38815,46,49,-3,3
38816,66,64,2,2
38817,113,121,-8,8
38818,135,139,-4,4
38819,48,51,-3,3
38820,135,133,2,2
38821,70,73,-3,3
38822,91,96,-5,5
38823,125,121,4,4
38824,109,98,11,11
38825,53,61,-8,8
38826,91,92,-1,1
38827,70,69,1,1
38828,65,69,-4,4
38829,125,116,9,9
38830,72,70,2,2
38831,103,107,-4,4
38832,103,81,22,22
38833,101,81,20,20
38834,117,126,-9,9
38835,63,60,3,3
38836,164,170,-6,6
38837,57,64,-7,7
38838,120,125,-5,5
38839,133,131,2,2
38840,83,90,-7,7
38841,64,65,-1,1
38842,102,99,3,3
38843,70,67,3,3
38844,124,133,-9,9
38845,106,95,11,11
38846,156,153,3,3
38847,67,69,-2,2
38848,147,151,-4,4
38849,113,117,-4,4
38850,121,124,-3,3
38851,97,96,1,1
38852,59,67,-8,8
38853,50,60,-10,10
38854,118,105,13,13
38855,56,55,1,1
38856,87,80,7,7
38857,89,98,-9,9
38858,65,71,-6,6
38859,62,62,0,0
38860,138,140,-2,2
38861,149,153,-4,4
38862,69,64,5,5
38863,76,83,-7,7
38864,65,74,-9,9
38865,70,65,5,5
38866,133,144,-11,11
38867,77,79,-2,2
38868,93,99,-6,6
38869,105,132,-27,27
38870,67,68,-1,1
38871,84,81,3,3
38872,83,94,-11,11
38873,46,39,7,7
38874,102,98,4,4
38875,80,75,5,5
38876,106,109,-3,3
38877,91,96,-5,5
38878,70,60,10,10
38879,213,201,12,12
38880,84,89,-5,5
38881,124,107,17,17
38882,113,108,5,5
38883,89,92,-3,3
38884,112,111,1,1
38885,78,72,6,6
38886,60,57,3,3
38887,119,109,10,10
38888,58,59,-1,1
38889,109,100,9,9
38890,113,139,-26,26
38891,101,91,10,10
38892,61,54,7,7
38893,76,83,-7,7
38894,84,82,2,2
38895,86,92,-6,6
38896,108,102,6,6
38897,102,93,9,9
38898,151,150,1,1
38899,66,66,0,0
38900,71,66,5,5
38901,66,69,-3,3
38902,131,135,-4,4
38903,49,51,-2,2
38904,99,104,-5,5
38905,69,75,-6,6
38906,72,62,10,10
38907,179,166,13,13
38908,152,148,4,4
38909,70,67,3,3
38910,63,68,-5,5
38911,104,109,-5,5
38912,22,37,-15,15
38913,105,107,-2,2
38914,174,178,-4,4
38915,123,124,-1,1
38916,34,41,-7,7
38917,76,84,-8,8
38918,114,111,3,3
38919,84,100,-16,16
38920,114,101,13,13
38921,236,219,17,17
38922,86,90,-4,4
38923,91,82,9,9
38924,109,112,-3,3
38925,99,90,9,9
38926,79,71,8,8
38927,51,54,-3,3
38928,201,191,10,10
38929,60,59,1,1
38930,89,93,-4,4
38931,84,84,0,0
38932,40,39,1,1
38933,68,64,4,4
38934,58,56,2,2
38935,73,71,2,2
38936,121,126,-5,5
38937,55,49,6,6
38938,91,92,-1,1
38939,57,62,-5,5
38940,68,60,8,8
38941,93,79,14,14
38942,59,67,-8,8
38943,76,70,6,6
38944,99,102,-3,3
38945,85,102,-17,17
38946,113,103,10,10
38947,107,96,11,11
38948,184,179,5,5
38949,80,78,2,2
38950,99,99,0,0
38951,180,171,9,9
38952,94,105,-11,11
38953,37,38,-1,1
38954,59,67,-8,8
38955,65,60,5,5
38956,93,96,-3,3
38957,88,95,-7,7
38958,92,97,-5,5
38959,128,116,12,12
38960,111,118,-7,7
38961,128,174,-46,46
38962,48,50,-2,2
38963,116,127,-11,11
38964,54,53,1,1
38965,57,65,-8,8
38966,61,65,-4,4
38967,79,79,0,0
38968,61,59,2,2
38969,122,122,0,0
38970,89,87,2,2
38971,121,115,6,6
38972,119,117,2,2
38973,108,124,-16,16
38974,100,104,-4,4
38975,58,57,1,1
38976,106,97,9,9
38977,88,92,-4,4
38978,103,94,9,9
38979,31,39,-8,8
38980,34,54,-20,20
38981,87,90,-3,3
38982,111,111,0,0
38983,101,104,-3,3
38984,41,39,2,2
38985,60,63,-3,3
38986,115,117,-2,2
38987,136,140,-4,4
38988,74,67,7,7
38989,84,76,8,8
38990,110,109,1,1
38991,73,79,-6,6
38992,126,125,1,1
38993,77,73,4,4
38994,129,130,-1,1
38995,123,129,-6,6
38996,99,93,6,6
38997,88,71,17,17
38998,61,69,-8,8
38999,74,75,-1,1
39000,107,102,5,5
39001,122,115,7,7
39002,60,62,-2,2
39003,188,191,-3,3
39004,84,74,10,10
39005,146,152,-6,6
39006,154,159,-5,5
39007,114,123,-9,9
39008,117,111,6,6
39009,163,170,-7,7
39010,74,73,1,1
39011,113,108,5,5
39012,68,68,0,0
39013,137,138,-1,1
39014,86,91,-5,5
39015,136,140,-4,4
39016,77,77,0,0
39017,156,151,5,5
39018,146,141,5,5
39019,62,59,3,3
39020,66,75,-9,9
39021,121,123,-2,2
39022,161,151,10,10
39023,102,115,-13,13
39024,67,60,7,7
39025,129,130,-1,1
39026,120,130,-10,10
39027,174,180,-6,6
39028,179,176,3,3
39029,92,87,5,5
39030,112,114,-2,2
39031,110,103,7,7
39032,97,98,-1,1
39033,68,63,5,5
39034,117,123,-6,6
39035,155,143,12,12
39036,60,58,2,2
39037,167,147,20,20
39038,115,113,2,2
39039,134,138,-4,4
39040,48,56,-8,8
39041,89,82,7,7
39042,42,56,-14,14
39043,31,39,-8,8
39044,105,101,4,4
39045,138,131,7,7
39046,97,85,12,12
39047,83,84,-1,1
39048,54,56,-2,2
39049,65,61,4,4
39050,94,103,-9,9
39051,86,88,-2,2
39052,88,96,-8,8
39053,63,56,7,7
39054,144,145,-1,1
39055,62,62,0,0
39056,63,76,-13,13
39057,98,96,2,2
39058,60,55,5,5
39059,49,52,-3,3
39060,96,90,6,6
39061,71,78,-7,7
39062,120,114,6,6
39063,150,133,17,17
39064,80,75,5,5
39065,58,59,-1,1
39066,64,68,-4,4
39067,140,141,-1,1
39068,124,131,-7,7
39069,97,91,6,6
39070,161,142,19,19
39071,50,60,-10,10
39072,101,107,-6,6
39073,44,55,-11,11
39074,99,104,-5,5
39075,171,159,12,12
39076,43,50,-7,7
39077,93,106,-13,13
39078,139,141,-2,2
39079,120,118,2,2
39080,98,106,-8,8
39081,101,103,-2,2
39082,80,75,5,5
39083,63,57,6,6
39084,149,153,-4,4
39085,132,125,7,7
39086,71,72,-1,1
39087,92,102,-10,10
39088,61,72,-11,11
39089,110,112,-2,2
39090,67,67,0,0
39091,38,68,-30,30
39092,89,110,-21,21
39093,86,89,-3,3
39094,157,177,-20,20
39095,63,69,-6,6
39096,56,59,-3,3
39097,96,98,-2,2
39098,58,63,-5,5
39099,164,170,-6,6
39100,107,106,1,1
39101,131,122,9,9
39102,119,115,4,4
39103,103,106,-3,3
39104,58,58,0,0
39105,158,148,10,10
39106,148,134,14,14
39107,107,115,-8,8
39108,108,98,10,10
39109,85,71,14,14
39110,76,80,-4,4
39111,72,65,7,7
39112,133,136,-3,3
39113,71,70,1,1
39114,90,84,6,6
39115,105,105,0,0
39116,107,112,-5,5
39117,84,82,2,2
39118,67,71,-4,4
39119,154,153,1,1
39120,63,74,-11,11
39121,182,167,15,15
39122,130,123,7,7
39123,126,131,-5,5
39124,135,130,5,5
39125,86,85,1,1
39126,90,94,-4,4
39127,69,66,3,3
39128,99,107,-8,8
39129,81,89,-8,8
39130,92,91,1,1
39131,83,79,4,4
39132,76,69,7,7
39133,79,68,11,11
39134,59,64,-5,5
39135,100,99,1,1
39136,60,70,-10,10
39137,76,80,-4,4
39138,110,100,10,10
39139,112,111,1,1
39140,93,99,-6,6
39141,101,104,-3,3
39142,107,112,-5,5
39143,180,177,3,3
39144,109,109,0,0
39145,85,75,10,10
39146,123,119,4,4
39147,90,93,-3,3
39148,118,118,0,0
39149,108,102,6,6
39150,95,91,4,4
39151,119,112,7,7
39152,115,101,14,14
39153,145,139,6,6
39154,46,55,-9,9
39155,59,61,-2,2
39156,127,137,-10,10
39157,114,114,0,0
39158,101,102,-1,1
39159,134,134,0,0
39160,99,98,1,1
39161,143,139,4,4
39162,136,132,4,4
39163,152,150,2,2
39164,103,102,1,1
39165,79,75,4,4
39166,83,80,3,3
39167,125,115,10,10
39168,74,93,-19,19
39169,44,41,3,3
39170,100,106,-6,6
39171,111,113,-2,2
39172,65,60,5,5
39173,102,99,3,3
39174,109,107,2,2
39175,80,71,9,9
39176,117,116,1,1
39177,121,118,3,3
39178,154,149,5,5
39179,55,60,-5,5
39180,90,94,-4,4
39181,137,119,18,18
39182,53,52,1,1
39183,137,142,-5,5
39184,64,62,2,2
39185,133,122,11,11
39186,38,38,0,0
39187,105,90,15,15
39188,45,39,6,6
39189,133,121,12,12
39190,121,121,0,0
39191,138,132,6,6
39192,84,73,11,11
39193,79,79,0,0
39194,48,53,-5,5
39195,51,58,-7,7
39196,90,94,-4,4
39197,79,73,6,6
39198,73,71,2,2
39199,82,72,10,10
39200,90,95,-5,5
39201,98,83,15,15
39202,56,59,-3,3
39203,100,97,3,3
39204,55,64,-9,9
39205,116,129,-13,13
39206,61,57,4,4
39207,77,73,4,4
39208,131,130,1,1
39209,115,112,3,3
39210,94,87,7,7
39211,80,76,4,4
39212,57,60,-3,3
39213,112,108,4,4
39214,98,95,3,3
39215,136,141,-5,5
39216,125,114,11,11
39217,90,99,-9,9
39218,81,85,-4,4
39219,123,120,3,3
39220,114,123,-9,9
39221,35,52,-17,17
39222,55,54,1,1
39223,110,105,5,5
39224,52,53,-1,1
39225,191,180,11,11
39226,48,57,-9,9
39227,70,60,10,10
39228,116,118,-2,2
39229,114,118,-4,4
39230,71,73,-2,2
39231,130,119,11,11
39232,92,90,2,2
39233,111,114,-3,3
39234,150,155,-5,5
39235,112,134,-22,22
39236,85,87,-2,2
39237,75,74,1,1
39238,64,64,0,0
39239,65,64,1,1
39240,164,163,1,1
39241,63,38,25,25
39242,105,107,-2,2
39243,96,95,1,1
39244,102,90,12,12
39245,84,73,11,11
39246,72,79,-7,7
39247,118,124,-6,6
39248,110,109,1,1
39249,81,85,-4,4
39250,109,115,-6,6
39251,76,70,6,6
39252,64,61,3,3
39253,133,119,14,14
39254,143,132,11,11
39255,72,74,-2,2
39256,74,82,-8,8
39257,41,39,2,2
39258,65,65,0,0
39259,73,67,6,6
39260,63,69,-6,6
39261,175,168,7,7
39262,85,98,-13,13
39263,82,79,3,3
39264,48,51,-3,3
39265,97,92,5,5
39266,86,91,-5,5
39267,66,67,-1,1
39268,80,74,6,6
39269,84,89,-5,5
39270,90,89,1,1
39271,76,86,-10,10
39272,90,96,-6,6
39273,128,134,-6,6
39274,76,87,-11,11
39275,84,84,0,0
39276,116,118,-2,2
39277,72,80,-8,8
39278,88,88,0,0
39279,58,54,4,4
39280,80,79,1,1
39281,122,115,7,7
39282,84,90,-6,6
39283,62,62,0,0
39284,78,71,7,7
39285,113,113,0,0
39286,152,149,3,3
39287,68,70,-2,2
39288,72,67,5,5
39289,104,108,-4,4
39290,100,100,0,0
39291,92,84,8,8
39292,95,85,10,10
39293,66,60,6,6
39294,78,84,-6,6
39295,117,108,9,9
39296,109,87,22,22
39297,157,148,9,9
39298,100,88,12,12
39299,101,97,4,4
39300,68,60,8,8
39301,137,123,14,14
39302,144,152,-8,8
39303,152,155,-3,3
39304,121,113,8,8
39305,83,86,-3,3
39306,86,103,-17,17
39307,72,63,9,9
39308,82,97,-15,15
39309,115,110,5,5
39310,44,50,-6,6
39311,130,141,-11,11
39312,84,85,-1,1
39313,104,100,4,4
39314,70,63,7,7
39315,152,133,19,19
39316,66,66,0,0
39317,137,116,21,21
39318,86,85,1,1
39319,130,120,10,10
39320,105,96,9,9
39321,79,83,-4,4
39322,79,77,2,2
39323,68,64,4,4
39324,86,82,4,4
39325,90,97,-7,7
39326,174,164,10,10
39327,41,39,2,2
39328,109,101,8,8
39329,98,93,5,5
39330,79,85,-6,6
39331,107,113,-6,6
39332,138,144,-6,6
39333,49,39,10,10
39334,68,75,-7,7
39335,465,400,65,65
39336,102,94,8,8
39337,108,114,-6,6
39338,98,102,-4,4
39339,70,62,8,8
39340,90,93,-3,3
39341,103,105,-2,2
39342,84,72,12,12
39343,128,140,-12,12
39344,205,193,12,12
39345,149,142,7,7
39346,51,57,-6,6
39347,64,65,-1,1
39348,155,143,12,12
39349,61,61,0,0
39350,91,89,2,2
39351,69,75,-6,6
39352,51,62,-11,11
39353,59,54,5,5
39354,110,99,11,11
39355,145,129,16,16
39356,86,99,-13,13
39357,192,186,6,6
39358,80,69,11,11
39359,62,61,1,1
39360,116,122,-6,6
39361,94,105,-11,11
39362,60,56,4,4
39363,128,150,-22,22
39364,129,127,2,2
39365,111,112,-1,1
39366,137,138,-1,1
39367,164,154,10,10
39368,119,116,3,3
39369,90,89,1,1
39370,114,130,-16,16
39371,26,38,-12,12
39372,107,110,-3,3
39373,68,66,2,2
39374,118,122,-4,4
39375,124,119,5,5
39376,170,166,4,4
39377,61,64,-3,3
39378,136,140,-4,4
39379,196,159,37,37
39380,87,81,6,6
39381,95,107,-12,12
39382,108,117,-9,9
39383,151,148,3,3
39384,67,69,-2,2
39385,149,150,-1,1
39386,113,111,2,2
39387,50,51,-1,1
39388,79,85,-6,6
39389,103,103,0,0
39390,80,75,5,5
39391,172,177,-5,5
39392,105,114,-9,9
39393,82,81,1,1
39394,47,49,-2,2
39395,54,48,6,6
39396,80,73,7,7
39397,64,58,6,6
39398,150,143,7,7
39399,134,132,2,2
39400,61,68,-7,7
39401,108,103,5,5
39402,116,119,-3,3
39403,101,122,-21,21
39404,81,84,-3,3
39405,90,97,-7,7
39406,71,76,-5,5
39407,119,120,-1,1
39408,133,135,-2,2
39409,125,137,-12,12
39410,70,63,7,7
39411,182,175,7,7
39412,114,122,-8,8
39413,136,147,-11,11
39414,76,76,0,0
39415,114,104,10,10
39416,46,49,-3,3
39417,97,113,-16,16
39418,70,74,-4,4
39419,63,57,6,6
39420,100,90,10,10
39421,114,109,5,5
39422,52,51,1,1
39423,130,135,-5,5
39424,108,101,7,7
39425,133,120,13,13
39426,26,39,-13,13
39427,75,74,1,1
39428,112,118,-6,6
39429,73,65,8,8
39430,44,51,-7,7
39431,75,73,2,2
39432,93,93,0,0
39433,60,72,-12,12
39434,83,83,0,0
39435,140,133,7,7
39436,100,102,-2,2
39437,107,101,6,6
39438,95,80,15,15
39439,111,99,12,12
39440,112,109,3,3
39441,67,71,-4,4
39442,52,53,-1,1
39443,113,102,11,11
39444,77,74,3,3
39445,135,137,-2,2
39446,61,60,1,1
39447,58,64,-6,6
39448,60,61,-1,1
39449,100,98,2,2
39450,49,57,-8,8
39451,71,65,6,6
39452,104,108,-4,4
39453,49,54,-5,5
39454,141,139,2,2
39455,113,115,-2,2
39456,74,66,8,8
39457,135,139,-4,4
39458,61,64,-3,3
39459,115,116,-1,1
39460,89,99,-10,10
39461,76,77,-1,1
39462,111,124,-13,13
39463,61,69,-8,8
39464,54,50,4,4
39465,95,102,-7,7
39466,125,127,-2,2
39467,168,170,-2,2
39468,71,67,4,4
39469,80,77,3,3
39470,224,234,-10,10
39471,87,90,-3,3
39472,65,66,-1,1
39473,130,136,-6,6
39474,111,117,-6,6
39475,76,70,6,6
39476,111,109,2,2
39477,88,97,-9,9
39478,97,94,3,3
39479,118,122,-4,4
39480,93,81,12,12
39481,131,123,8,8
39482,82,82,0,0
39483,153,146,7,7
39484,76,79,-3,3
39485,105,116,-11,11
39486,38,39,-1,1
39487,56,64,-8,8
39488,75,74,1,1
39489,40,40,0,0
39490,139,149,-10,10
39491,78,92,-14,14
39492,72,71,1,1
39493,123,133,-10,10
39494,71,67,4,4
39495,144,142,2,2
39496,51,56,-5,5
39497,63,59,4,4
39498,51,53,-2,2
39499,98,96,2,2
39500,83,79,4,4
39501,75,88,-13,13
39502,108,110,-2,2
39503,100,99,1,1
39504,61,56,5,5
39505,76,76,0,0
39506,156,228,-72,72
39507,69,66,3,3
39508,219,218,1,1
39509,112,113,-1,1
39510,86,92,-6,6
39511,53,49,4,4
39512,108,106,2,2
39513,82,79,3,3
39514,89,80,9,9
39515,125,120,5,5
39516,96,120,-24,24
39517,113,110,3,3
39518,61,67,-6,6
39519,39,39,0,0
39520,65,78,-13,13
39521,101,101,0,0
39522,188,173,15,15
39523,73,71,2,2
39524,51,62,-11,11
39525,126,128,-2,2
39526,95,122,-27,27
39527,85,105,-20,20
39528,112,121,-9,9
39529,117,123,-6,6
39530,109,95,14,14
39531,47,52,-5,5
39532,63,73,-10,10
39533,92,94,-2,2
39534,78,78,0,0
39535,100,95,5,5
39536,137,124,13,13
39537,163,159,4,4
39538,74,82,-8,8
39539,64,77,-13,13
39540,87,75,12,12
39541,87,90,-3,3
39542,120,128,-8,8
39543,129,126,3,3
39544,137,138,-1,1
39545,65,64,1,1
39546,67,65,2,2
39547,83,85,-2,2
39548,91,87,4,4
39549,88,83,5,5
39550,47,38,9,9
39551,119,116,3,3
39552,76,79,-3,3
39553,96,93,3,3
39554,69,77,-8,8
39555,91,92,-1,1
39556,95,98,-3,3
39557,89,100,-11,11
39558,89,83,6,6
39559,106,109,-3,3
39560,86,74,12,12
39561,119,111,8,8
39562,76,84,-8,8
39563,95,87,8,8
39564,93,91,2,2
39565,93,81,12,12
39566,87,86,1,1
39567,142,152,-10,10
39568,81,81,0,0
39569,54,51,3,3
39570,131,124,7,7
39571,53,54,-1,1
39572,132,136,-4,4
39573,83,86,-3,3
39574,77,65,12,12
39575,86,93,-7,7
39576,135,131,4,4
39577,114,111,3,3
39578,75,88,-13,13
39579,62,71,-9,9
39580,96,93,3,3
39581,88,82,6,6
39582,58,58,0,0
39583,55,59,-4,4
39584,70,66,4,4
39585,162,151,11,11
39586,98,88,10,10
39587,73,66,7,7
39588,52,54,-2,2
39589,86,89,-3,3
39590,133,120,13,13
39591,102,103,-1,1
39592,137,137,0,0
39593,58,55,3,3
39594,94,81,13,13
39595,158,150,8,8
39596,88,90,-2,2
39597,81,89,-8,8
39598,88,78,10,10
39599,170,183,-13,13
39600,132,130,2,2
39601,160,161,-1,1
39602,69,68,1,1
39603,78,75,3,3
39604,47,62,-15,15
39605,122,123,-1,1
39606,46,54,-8,8
39607,81,87,-6,6
39608,173,184,-11,11
39609,36,112,-76,76
39610,84,76,8,8
39611,118,104,14,14
39612,113,100,13,13
39613,162,163,-1,1
39614,98,105,-7,7
39615,96,97,-1,1
39616,71,69,2,2
39617,68,63,5,5
39618,85,82,3,3
39619,34,60,-26,26
39620,69,79,-10,10
39621,69,73,-4,4
39622,128,126,2,2
39623,99,104,-5,5
39624,121,124,-3,3
39625,179,168,11,11
39626,92,97,-5,5
39627,171,179,-8,8
39628,94,94,0,0
39629,112,115,-3,3
39630,79,75,4,4
39631,57,63,-6,6
39632,72,82,-10,10
39633,161,143,18,18
39634,132,131,1,1
39635,126,119,7,7
39636,78,83,-5,5
39637,72,68,4,4
39638,88,95,-7,7
39639,93,90,3,3
39640,56,57,-1,1
39641,179,166,13,13
39642,99,93,6,6
39643,143,134,9,9
39644,25,38,-13,13
39645,85,83,2,2
39646,50,51,-1,1
39647,110,107,3,3
39648,133,128,5,5
39649,103,94,9,9
39650,149,150,-1,1
39651,146,153,-7,7
39652,65,67,-2,2
39653,117,136,-19,19
39654,53,53,0,0
39655,155,146,9,9
39656,127,127,0,0
39657,87,90,-3,3
39658,167,159,8,8
39659,74,66,8,8
39660,65,67,-2,2
39661,50,50,0,0
39662,109,105,4,4
39663,65,65,0,0
39664,98,93,5,5
39665,128,125,3,3
39666,132,135,-3,3
39667,174,182,-8,8
39668,81,84,-3,3
39669,69,72,-3,3
39670,77,72,5,5
39671,69,66,3,3
39672,68,69,-1,1
39673,132,141,-9,9
39674,152,171,-19,19
39675,87,87,0,0
39676,30,38,-8,8
39677,98,89,9,9
39678,99,91,8,8
39679,116,118,-2,2
39680,100,99,1,1
39681,137,133,4,4
39682,63,63,0,0
39683,82,89,-7,7
39684,99,114,-15,15
39685,58,59,-1,1
39686,68,66,2,2
39687,121,118,3,3
39688,91,82,9,9
39689,61,81,-20,20
39690,46,38,8,8
39691,107,119,-12,12
39692,80,77,3,3
39693,78,80,-2,2
39694,83,76,7,7
39695,139,138,1,1
39696,113,118,-5,5
39697,109,118,-9,9
39698,168,167,1,1
39699,148,141,7,7
39700,90,82,8,8
39701,49,53,-4,4
39702,91,99,-8,8
39703,48,50,-2,2
39704,99,104,-5,5
39705,125,132,-7,7
39706,77,97,-20,20
39707,89,91,-2,2
39708,85,76,9,9
39709,85,82,3,3
39710,60,62,-2,2
39711,100,98,2,2
39712,61,61,0,0
39713,87,87,0,0
39714,79,81,-2,2
39715,48,39,9,9
39716,90,100,-10,10
39717,85,84,1,1
39718,77,70,7,7
39719,56,58,-2,2
39720,55,56,-1,1
39721,148,145,3,3
39722,108,101,7,7
39723,69,62,7,7
39724,151,146,5,5
39725,98,85,13,13
39726,87,91,-4,4
39727,76,73,3,3
39728,84,81,3,3
39729,39,38,1,1
39730,105,104,1,1
39731,68,93,-25,25
39732,58,68,-10,10
39733,81,78,3,3
39734,108,114,-6,6
39735,98,102,-4,4
39736,148,123,25,25
39737,71,72,-1,1
39738,108,105,3,3
39739,68,72,-4,4
39740,82,83,-1,1
39741,159,147,12,12
39742,109,96,13,13
39743,113,108,5,5
39744,106,104,2,2
39745,124,117,7,7
39746,74,71,3,3
39747,23,37,-14,14
39748,94,88,6,6
39749,69,68,1,1
39750,63,67,-4,4
39751,49,58,-9,9
39752,83,81,2,2
39753,65,65,0,0
39754,122,91,31,31
39755,110,110,0,0
39756,145,147,-2,2
39757,128,116,12,12
39758,61,56,5,5
39759,135,129,6,6
39760,62,53,9,9
39761,143,125,18,18
39762,59,58,1,1
39763,133,137,-4,4
39764,84,93,-9,9
39765,127,126,1,1
39766,75,69,6,6
39767,128,127,1,1
39768,85,92,-7,7
39769,127,114,13,13
39770,66,73,-7,7
39771,45,37,8,8
39772,89,88,1,1
39773,82,74,8,8
39774,98,93,5,5
39775,51,61,-10,10
39776,112,118,-6,6
39777,70,68,2,2
39778,75,56,19,19
39779,97,96,1,1
39780,59,69,-10,10
39781,51,39,12,12
39782,53,53,0,0
39783,56,66,-10,10
39784,67,60,7,7
39785,66,68,-2,2
39786,89,88,1,1
39787,94,85,9,9
39788,77,86,-9,9
39789,41,39,2,2
39790,85,84,1,1
39791,72,66,6,6
39792,108,111,-3,3
39793,105,105,0,0
39794,67,70,-3,3
39795,97,94,3,3
39796,76,75,1,1
39797,133,149,-16,16
39798,93,94,-1,1
39799,40,39,1,1
39800,66,61,5,5
39801,43,38,5,5
39802,145,140,5,5
39803,135,119,16,16
39804,64,68,-4,4
39805,76,96,-20,20
39806,55,56,-1,1
39807,78,77,1,1
39808,103,100,3,3
39809,141,148,-7,7
39810,152,156,-4,4
39811,110,124,-14,14
39812,122,114,8,8
39813,78,82,-4,4
39814,82,82,0,0
39815,104,93,11,11
39816,112,109,3,3
39817,69,64,5,5
39818,48,46,2,2
39819,60,66,-6,6
39820,54,51,3,3
39821,128,122,6,6
39822,61,58,3,3
39823,108,117,-9,9
39824,86,88,-2,2
39825,74,82,-8,8
39826,168,164,4,4
39827,76,77,-1,1
39828,80,82,-2,2
39829,96,89,7,7
39830,74,74,0,0
39831,59,57,2,2
39832,143,144,-1,1
39833,68,61,7,7
39834,76,79,-3,3
39835,97,101,-4,4
39836,66,66,0,0
39837,94,93,1,1
39838,159,161,-2,2
39839,76,67,9,9
39840,121,125,-4,4
39841,123,127,-4,4
39842,80,80,0,0
39843,77,77,0,0
39844,52,56,-4,4
39845,115,122,-7,7
39846,180,163,17,17
39847,70,69,1,1
39848,79,87,-8,8
39849,112,104,8,8
39850,89,92,-3,3
39851,83,84,-1,1
39852,108,116,-8,8
39853,67,67,0,0
39854,86,85,1,1
39855,82,89,-7,7
39856,156,156,0,0
39857,141,132,9,9
39858,154,151,3,3
39859,63,63,0,0
39860,52,54,-2,2
39861,122,114,8,8
39862,69,77,-8,8
39863,93,92,1,1
39864,106,115,-9,9
39865,76,77,-1,1
39866,97,89,8,8
39867,96,96,0,0
39868,116,117,-1,1
39869,98,101,-3,3
39870,89,86,3,3
39871,137,144,-7,7
39872,88,73,15,15
39873,115,116,-1,1
39874,135,135,0,0
39875,99,103,-4,4
39876,68,73,-5,5
39877,98,97,1,1
39878,119,114,5,5
39879,77,70,7,7
39880,74,82,-8,8
39881,115,115,0,0
39882,67,66,1,1
39883,79,86,-7,7
39884,107,113,-6,6
39885,83,82,1,1
39886,74,83,-9,9
39887,160,164,-4,4
39888,56,60,-4,4
39889,74,74,0,0
39890,95,98,-3,3
39891,141,156,-15,15
39892,98,99,-1,1
39893,84,88,-4,4
39894,118,114,4,4
39895,58,54,4,4
39896,54,60,-6,6
39897,74,74,0,0
39898,69,72,-3,3
39899,123,110,13,13
39900,59,59,0,0
39901,50,57,-7,7
39902,56,55,1,1
39903,55,57,-2,2
39904,145,139,6,6
39905,89,85,4,4
39906,74,66,8,8
39907,67,68,-1,1
39908,100,105,-5,5
39909,99,99,0,0
39910,64,67,-3,3
39911,49,56,-7,7
39912,144,148,-4,4
39913,65,63,2,2
39914,57,57,0,0
39915,74,74,0,0
39916,82,87,-5,5
39917,80,73,7,7
39918,167,193,-26,26
39919,55,39,16,16
39920,98,102,-4,4
39921,69,67,2,2
39922,60,62,-2,2
39923,149,147,2,2
39924,170,169,1,1
39925,56,57,-1,1
39926,120,116,4,4
39927,114,115,-1,1
39928,123,126,-3,3
39929,67,73,-6,6
39930,145,144,1,1
39931,72,71,1,1
39932,85,83,2,2
39933,117,116,1,1
39934,87,105,-18,18
39935,66,71,-5,5
39936,116,125,-9,9
39937,53,62,-9,9
39938,109,103,6,6
39939,26,39,-13,13
39940,51,50,1,1
39941,65,60,5,5
39942,89,81,8,8
39943,110,97,13,13
39944,70,70,0,0
39945,46,38,8,8
39946,119,119,0,0
39947,127,123,4,4
39948,95,92,3,3
39949,68,69,-1,1
39950,73,69,4,4
39951,112,106,6,6
39952,152,161,-9,9
39953,83,83,0,0
39954,115,115,0,0
39955,131,110,21,21
39956,49,39,10,10
39957,118,99,19,19
39958,94,86,8,8
39959,120,126,-6,6
39960,64,77,-13,13
39961,145,141,4,4
39962,63,63,0,0
39963,62,61,1,1
39964,55,55,0,0
39965,113,123,-10,10
39966,62,71,-9,9
39967,80,77,3,3
39968,100,95,5,5
39969,72,77,-5,5
39970,75,71,4,4
39971,104,102,2,2
39972,56,48,8,8
39973,116,131,-15,15
39974,87,92,-5,5
39975,109,109,0,0
39976,107,114,-7,7
39977,63,65,-2,2
39978,127,136,-9,9
39979,124,109,15,15
39980,67,66,1,1
39981,229,190,39,39
39982,144,128,16,16
39983,110,111,-1,1
39984,70,63,7,7
39985,102,100,2,2
39986,153,138,15,15
39987,82,83,-1,1
39988,50,51,-1,1
39989,54,58,-4,4
39990,97,91,6,6
39991,75,80,-5,5
39992,83,75,8,8
39993,88,86,2,2
39994,129,124,5,5
39995,91,80,11,11
39996,115,104,11,11
39997,96,95,1,1
39998,177,181,-4,4
39999,109,112,-3,3
40000,91,92,-1,1
40001,102,98,4,4
40002,75,67,8,8
40003,67,69,-2,2
40004,85,86,-1,1
40005,133,128,5,5
40006,122,118,4,4
40007,99,100,-1,1
40008,72,75,-3,3
40009,80,83,-3,3
40010,61,60,1,1
40011,118,112,6,6
40012,112,113,-1,1
40013,69,76,-7,7
40014,156,155,1,1
40015,140,138,2,2
40016,55,53,2,2
40017,85,95,-10,10
40018,104,98,6,6
40019,113,109,4,4
40020,61,67,-6,6
40021,110,121,-11,11
40022,142,131,11,11
40023,93,89,4,4
40024,49,52,-3,3
40025,139,142,-3,3
40026,42,39,3,3
40027,80,71,9,9
40028,138,137,1,1
40029,148,149,-1,1
40030,28,39,-11,11
40031,54,59,-5,5
40032,85,77,8,8
40033,84,81,3,3
40034,161,149,12,12
40035,80,77,3,3
40036,108,127,-19,19
40037,91,95,-4,4
40038,92,84,8,8
40039,92,104,-12,12
40040,91,85,6,6
40041,146,136,10,10
40042,59,66,-7,7
40043,109,100,9,9
40044,67,68,-1,1
40045,89,94,-5,5
40046,156,146,10,10
40047,106,101,5,5
40048,71,70,1,1
40049,161,157,4,4
40050,97,94,3,3
40051,95,92,3,3
40052,128,132,-4,4
40053,79,95,-16,16
40054,127,139,-12,12
40055,88,94,-6,6
40056,63,63,0,0
40057,47,50,-3,3
40058,67,74,-7,7
40059,44,39,5,5
40060,70,65,5,5
40061,59,56,3,3
40062,115,119,-4,4
40063,123,131,-8,8
40064,49,38,11,11
40065,81,80,1,1
40066,55,57,-2,2
40067,105,97,8,8
40068,120,119,1,1
40069,95,98,-3,3
40070,73,77,-4,4
40071,76,80,-4,4
40072,95,93,2,2
40073,35,39,-4,4
40074,85,81,4,4
40075,65,77,-12,12
40076,125,126,-1,1
40077,62,62,0,0
40078,95,96,-1,1
40079,139,137,2,2
40080,77,84,-7,7
40081,65,62,3,3
40082,53,55,-2,2
40083,83,72,11,11
40084,62,52,10,10
40085,74,73,1,1
40086,32,39,-7,7
40087,67,64,3,3
40088,134,127,7,7
40089,78,86,-8,8
40090,88,84,4,4
40091,81,85,-4,4
40092,60,65,-5,5
40093,117,105,12,12
40094,61,66,-5,5
40095,147,148,-1,1
40096,217,199,18,18
40097,84,83,1,1
40098,67,65,2,2
40099,158,181,-23,23
40100,51,57,-6,6
40101,91,93,-2,2
40102,72,68,4,4
40103,121,124,-3,3
40104,76,70,6,6
40105,117,110,7,7
40106,63,63,0,0
40107,82,90,-8,8
40108,87,98,-11,11
40109,77,73,4,4
40110,67,67,0,0
40111,129,109,20,20
40112,56,57,-1,1
40113,60,61,-1,1
40114,130,119,11,11
40115,106,118,-12,12
40116,73,68,5,5
40117,89,91,-2,2
40118,85,96,-11,11
40119,71,65,6,6
40120,206,221,-15,15
40121,142,149,-7,7
40122,106,110,-4,4
40123,98,98,0,0
40124,60,70,-10,10
40125,113,120,-7,7
40126,57,59,-2,2
40127,73,74,-1,1
40128,186,166,20,20
40129,87,96,-9,9
40130,122,115,7,7
40131,80,87,-7,7
40132,130,122,8,8
40133,106,103,3,3
40134,175,203,-28,28
40135,135,120,15,15
40136,115,113,2,2
40137,80,79,1,1
40138,125,116,9,9
40139,85,94,-9,9
40140,85,80,5,5
40141,143,139,4,4
40142,92,91,1,1
40143,74,59,15,15
40144,66,75,-9,9
40145,68,64,4,4
40146,103,97,6,6
40147,82,83,-1,1
40148,57,60,-3,3
40149,102,112,-10,10
40150,117,118,-1,1
40151,79,86,-7,7
40152,179,161,18,18
40153,111,124,-13,13
40154,59,59,0,0
40155,90,88,2,2
40156,82,107,-25,25
40157,120,117,3,3
40158,89,89,0,0
40159,76,74,2,2
40160,74,67,7,7
40161,54,55,-1,1
40162,51,56,-5,5
40163,71,73,-2,2
40164,116,102,14,14
40165,84,79,5,5
40166,107,105,2,2
40167,83,80,3,3
40168,170,161,9,9
40169,118,119,-1,1
40170,115,112,3,3
40171,78,89,-11,11
40172,155,152,3,3
40173,143,149,-6,6
40174,80,88,-8,8
40175,64,73,-9,9
40176,97,89,8,8
40177,92,90,2,2
40178,63,66,-3,3
40179,196,180,16,16
40180,70,78,-8,8
40181,95,97,-2,2
40182,73,75,-2,2
40183,64,72,-8,8
40184,86,100,-14,14
40185,93,98,-5,5
40186,81,77,4,4
40187,132,107,25,25
40188,89,72,17,17
40189,80,68,12,12
40190,61,59,2,2
40191,148,154,-6,6
40192,104,102,2,2
40193,105,108,-3,3
40194,94,87,7,7
40195,72,74,-2,2
40196,71,70,1,1
40197,115,115,0,0
40198,100,96,4,4
40199,64,63,1,1
40200,88,88,0,0
40201,175,185,-10,10
40202,153,165,-12,12
40203,58,54,4,4
40204,143,150,-7,7
40205,49,50,-1,1
40206,62,60,2,2
40207,72,69,3,3
40208,112,115,-3,3
40209,90,82,8,8
40210,88,86,2,2
40211,92,88,4,4
40212,25,37,-12,12
40213,97,95,2,2
40214,133,123,10,10
40215,86,85,1,1
40216,81,81,0,0
40217,164,156,8,8
40218,64,59,5,5
40219,79,82,-3,3
40220,108,108,0,0
40221,62,67,-5,5
40222,84,86,-2,2
40223,187,193,-6,6
40224,70,81,-11,11
40225,119,112,7,7
40226,86,97,-11,11
40227,118,114,4,4
40228,79,85,-6,6
40229,77,77,0,0
40230,85,92,-7,7
40231,107,96,11,11
40232,76,79,-3,3
40233,54,47,7,7
40234,66,66,0,0
40235,64,72,-8,8
40236,56,48,8,8
40237,147,158,-11,11
40238,92,80,12,12
40239,119,115,4,4
40240,61,73,-12,12
40241,112,108,4,4
40242,116,123,-7,7
40243,68,78,-10,10
40244,153,149,4,4
40245,114,127,-13,13
40246,115,113,2,2
40247,91,93,-2,2
40248,68,69,-1,1
40249,111,107,4,4
40250,79,69,10,10
40251,57,63,-6,6
40252,114,114,0,0
40253,66,72,-6,6
40254,96,82,14,14
40255,83,96,-13,13
40256,93,84,9,9
40257,83,75,8,8
40258,80,73,7,7
40259,82,87,-5,5
40260,114,115,-1,1
40261,49,66,-17,17
40262,67,71,-4,4
40263,79,80,-1,1
40264,77,77,0,0
40265,64,64,0,0
40266,177,175,2,2
40267,71,74,-3,3
40268,99,94,5,5
40269,90,88,2,2
40270,107,104,3,3
40271,103,94,9,9
40272,144,143,1,1
40273,81,78,3,3
40274,69,69,0,0
40275,63,83,-20,20
40276,105,110,-5,5
40277,100,91,9,9
40278,118,123,-5,5
40279,89,78,11,11
40280,90,90,0,0
40281,88,93,-5,5
40282,69,61,8,8
40283,59,53,6,6
40284,84,83,1,1
40285,143,146,-3,3
40286,112,125,-13,13
40287,143,159,-16,16
40288,78,87,-9,9
40289,38,39,-1,1
40290,107,97,10,10
40291,57,60,-3,3
40292,62,97,-35,35
40293,79,81,-2,2
40294,72,77,-5,5
40295,85,84,1,1
40296,83,85,-2,2
40297,69,67,2,2
40298,62,59,3,3
40299,80,82,-2,2
40300,55,66,-11,11
40301,77,69,8,8
40302,77,90,-13,13
40303,81,91,-10,10
40304,88,87,1,1
40305,75,86,-11,11
40306,103,107,-4,4
40307,63,59,4,4
40308,115,102,13,13
40309,149,156,-7,7
40310,48,51,-3,3
40311,67,60,7,7
40312,167,151,16,16
40313,116,115,1,1
40314,40,47,-7,7
40315,93,95,-2,2
40316,98,93,5,5
40317,105,95,10,10
40318,150,143,7,7
40319,174,148,26,26
40320,156,138,18,18
40321,61,95,-34,34
40322,124,132,-8,8
40323,61,59,2,2
40324,58,60,-2,2
40325,147,153,-6,6
40326,80,91,-11,11
40327,115,103,12,12
40328,139,139,0,0
40329,73,74,-1,1
40330,208,207,1,1
40331,92,101,-9,9
40332,63,58,5,5
40333,126,117,9,9
40334,31,38,-7,7
40335,55,76,-21,21
40336,154,153,1,1
40337,110,110,0,0
40338,62,61,1,1
40339,124,119,5,5
40340,81,74,7,7
40341,78,74,4,4
40342,122,138,-16,16
40343,110,124,-14,14
40344,100,86,14,14
40345,112,112,0,0
40346,58,55,3,3
40347,92,89,3,3
40348,143,143,0,0
40349,76,73,3,3
40350,62,68,-6,6
40351,72,75,-3,3
40352,96,99,-3,3
40353,98,100,-2,2
40354,209,192,17,17
40355,81,79,2,2
40356,65,70,-5,5
40357,111,99,12,12
40358,158,149,9,9
40359,106,111,-5,5
40360,124,117,7,7
40361,90,84,6,6
40362,95,95,0,0
40363,86,92,-6,6
40364,89,84,5,5
40365,59,68,-9,9
40366,132,123,9,9
40367,91,79,12,12
40368,90,88,2,2
40369,85,85,0,0
40370,77,89,-12,12
40371,68,59,9,9
40372,77,85,-8,8
40373,125,134,-9,9
40374,53,53,0,0
40375,100,108,-8,8
40376,128,131,-3,3
40377,78,69,9,9
40378,73,92,-19,19
40379,79,79,0,0
40380,89,94,-5,5
40381,101,103,-2,2
40382,93,108,-15,15
40383,93,95,-2,2
40384,62,61,1,1
40385,113,116,-3,3
40386,117,116,1,1
40387,133,127,6,6
40388,107,115,-8,8
40389,64,88,-24,24
40390,48,55,-7,7
40391,103,102,1,1
40392,91,97,-6,6
40393,121,128,-7,7
40394,109,112,-3,3
40395,92,95,-3,3
40396,118,110,8,8
40397,82,87,-5,5
40398,76,67,9,9
40399,98,92,6,6
40400,118,109,9,9
40401,124,133,-9,9
40402,120,104,16,16
40403,85,91,-6,6
40404,112,111,1,1
40405,88,89,-1,1
40406,65,58,7,7
40407,48,52,-4,4
40408,66,75,-9,9
40409,106,82,24,24
40410,174,150,24,24
40411,161,159,2,2
40412,42,72,-30,30
40413,65,70,-5,5
40414,47,57,-10,10
40415,100,110,-10,10
40416,91,90,1,1
40417,59,60,-1,1
40418,77,87,-10,10
40419,83,81,2,2
40420,91,86,5,5
40421,91,88,3,3
40422,163,167,-4,4
40423,89,85,4,4
40424,144,155,-11,11
40425,107,118,-11,11
40426,75,75,0,0
40427,210,218,-8,8
40428,168,163,5,5
40429,116,103,13,13
40430,67,78,-11,11
40431,66,66,0,0
40432,23,39,-16,16
40433,99,97,2,2
40434,66,67,-1,1
40435,56,56,0,0
40436,92,88,4,4
40437,132,125,7,7
40438,67,72,-5,5
40439,42,38,4,4
40440,123,126,-3,3
40441,44,43,1,1
40442,117,118,-1,1
40443,109,107,2,2
40444,106,104,2,2
40445,92,90,2,2
40446,88,81,7,7
40447,74,76,-2,2
40448,114,130,-16,16
40449,146,133,13,13
40450,105,106,-1,1
40451,91,94,-3,3
40452,124,122,2,2
40453,178,176,2,2
40454,98,96,2,2
40455,145,157,-12,12
40456,76,77,-1,1
40457,100,101,-1,1
40458,128,113,15,15
40459,152,150,2,2
40460,40,39,1,1
40461,65,69,-4,4
40462,107,112,-5,5
40463,90,87,3,3
40464,100,108,-8,8
40465,71,85,-14,14
40466,55,58,-3,3
40467,80,84,-4,4
40468,131,107,24,24
40469,28,39,-11,11
40470,93,96,-3,3
40471,149,162,-13,13
40472,88,92,-4,4
40473,50,54,-4,4
40474,82,92,-10,10
40475,125,118,7,7
40476,131,115,16,16
40477,93,101,-8,8
40478,83,81,2,2
40479,149,160,-11,11
40480,74,81,-7,7
40481,124,127,-3,3
40482,174,155,19,19
40483,83,113,-30,30
40484,119,124,-5,5
40485,85,80,5,5
40486,70,64,6,6
40487,197,199,-2,2
40488,131,129,2,2
40489,130,120,10,10
40490,73,79,-6,6
40491,97,94,3,3
40492,85,93,-8,8
40493,198,179,19,19
40494,100,98,2,2
40495,81,86,-5,5
40496,71,73,-2,2
40497,97,97,0,0
40498,77,90,-13,13
40499,88,87,1,1
40500,90,83,7,7
40501,74,79,-5,5
40502,70,71,-1,1
40503,63,58,5,5
40504,149,146,3,3
40505,97,89,8,8
40506,65,72,-7,7
40507,81,81,0,0
40508,100,101,-1,1
40509,79,92,-13,13
40510,106,108,-2,2
40511,79,85,-6,6
40512,137,137,0,0
40513,82,88,-6,6
40514,68,58,10,10
40515,100,90,10,10
40516,40,39,1,1
40517,57,56,1,1
40518,73,80,-7,7
40519,85,88,-3,3
40520,135,134,1,1
40521,126,126,0,0
40522,158,158,0,0
40523,110,107,3,3
40524,125,133,-8,8
40525,115,110,5,5
40526,112,118,-6,6
40527,71,76,-5,5
40528,121,139,-18,18
40529,97,106,-9,9
40530,104,101,3,3
40531,97,94,3,3
40532,54,57,-3,3
40533,76,82,-6,6
40534,132,113,19,19
40535,98,105,-7,7
40536,107,103,4,4
40537,119,113,6,6
40538,125,120,5,5
40539,96,100,-4,4
40540,49,54,-5,5
40541,89,80,9,9
40542,101,95,6,6
40543,86,95,-9,9
40544,43,39,4,4
40545,40,38,2,2
40546,109,108,1,1
40547,49,55,-6,6
40548,99,102,-3,3
40549,120,101,19,19
40550,70,84,-14,14
40551,177,165,12,12
40552,59,66,-7,7
40553,90,92,-2,2
40554,99,99,0,0
40555,99,101,-2,2
40556,113,106,7,7
40557,87,83,4,4
40558,120,122,-2,2
40559,122,109,13,13
40560,156,157,-1,1
40561,90,82,8,8
40562,109,109,0,0
40563,59,69,-10,10
40564,110,112,-2,2
40565,64,64,0,0
40566,76,79,-3,3
40567,93,90,3,3
40568,81,87,-6,6
40569,155,152,3,3
40570,77,88,-11,11
40571,52,54,-2,2
40572,48,55,-7,7
40573,94,100,-6,6
40574,72,77,-5,5
40575,78,94,-16,16
40576,108,107,1,1
40577,74,84,-10,10
40578,67,64,3,3
40579,88,82,6,6
40580,127,127,0,0
40581,88,101,-13,13
40582,53,61,-8,8
40583,101,103,-2,2
40584,105,102,3,3
40585,120,120,0,0
40586,63,72,-9,9
40587,50,52,-2,2
40588,67,66,1,1
40589,121,123,-2,2
40590,76,76,0,0
40591,95,82,13,13
40592,97,98,-1,1
40593,63,67,-4,4
40594,135,135,0,0
40595,61,63,-2,2
40596,79,79,0,0
40597,133,128,5,5
40598,97,104,-7,7
40599,78,65,13,13
40600,96,93,3,3
40601,47,45,2,2
40602,139,127,12,12
40603,99,95,4,4
40604,113,102,11,11
40605,94,92,2,2
40606,100,108,-8,8
40607,71,83,-12,12
40608,102,110,-8,8
40609,113,111,2,2
40610,85,85,0,0
40611,75,60,15,15
40612,62,56,6,6
40613,111,87,24,24
40614,80,79,1,1
40615,117,117,0,0
40616,107,107,0,0
40617,75,78,-3,3
40618,82,86,-4,4
40619,73,74,-1,1
40620,110,108,2,2
40621,115,110,5,5
40622,151,150,1,1
40623,60,64,-4,4
40624,51,55,-4,4
40625,76,68,8,8
40626,115,108,7,7
40627,79,78,1,1
40628,85,87,-2,2
40629,84,86,-2,2
40630,136,126,10,10
40631,76,79,-3,3
40632,30,39,-9,9
40633,141,138,3,3
40634,83,79,4,4
40635,81,86,-5,5
40636,79,86,-7,7
40637,113,113,0,0
40638,88,83,5,5
40639,145,173,-28,28
40640,156,157,-1,1
40641,80,93,-13,13
40642,103,103,0,0
40643,116,113,3,3
40644,76,71,5,5
40645,123,126,-3,3
40646,93,94,-1,1
40647,103,112,-9,9
40648,67,64,3,3
40649,102,110,-8,8
40650,92,81,11,11
40651,86,85,1,1
40652,56,58,-2,2
40653,80,85,-5,5
40654,137,139,-2,2
40655,48,57,-9,9
40656,87,73,14,14
40657,112,122,-10,10
40658,74,68,6,6
40659,87,90,-3,3
40660,101,109,-8,8
40661,58,64,-6,6
40662,116,111,5,5
40663,97,92,5,5
40664,65,61,4,4
40665,98,90,8,8
40666,98,90,8,8
40667,156,152,4,4
40668,88,89,-1,1
40669,85,94,-9,9
40670,64,59,5,5
40671,72,73,-1,1
40672,107,116,-9,9
40673,87,103,-16,16
40674,115,108,7,7
40675,102,91,11,11
40676,120,111,9,9
40677,87,94,-7,7
40678,81,82,-1,1
40679,53,54,-1,1
40680,71,82,-11,11
40681,78,78,0,0
40682,104,98,6,6
40683,113,122,-9,9
40684,51,41,10,10
40685,65,67,-2,2
40686,109,136,-27,27
40687,78,84,-6,6
40688,105,94,11,11
40689,93,98,-5,5
40690,103,101,2,2
40691,113,102,11,11
40692,77,87,-10,10
40693,135,132,3,3
40694,82,68,14,14
40695,84,83,1,1
40696,56,63,-7,7
40697,54,55,-1,1
40698,146,137,9,9
40699,149,145,4,4
40700,91,84,7,7
40701,61,58,3,3
40702,117,129,-12,12
40703,46,39,7,7
40704,159,159,0,0
40705,94,86,8,8
40706,153,144,9,9
40707,108,103,5,5
40708,85,80,5,5
40709,69,71,-2,2
40710,295,269,26,26
40711,74,73,1,1
40712,103,103,0,0
40713,80,78,2,2
40714,68,67,1,1
40715,120,130,-10,10
40716,86,86,0,0
40717,118,115,3,3
40718,74,79,-5,5
40719,99,88,11,11
40720,76,70,6,6
40721,134,125,9,9
40722,97,110,-13,13
40723,66,72,-6,6
40724,92,102,-10,10
40725,50,48,2,2
40726,83,91,-8,8
40727,98,101,-3,3
40728,72,68,4,4
40729,71,73,-2,2
40730,71,76,-5,5
40731,78,83,-5,5
40732,81,84,-3,3
40733,126,129,-3,3
40734,71,68,3,3
40735,70,68,2,2
40736,141,141,0,0
40737,75,67,8,8
40738,85,80,5,5
40739,89,91,-2,2
40740,82,84,-2,2
40741,174,164,10,10
40742,77,77,0,0
40743,113,118,-5,5
40744,165,168,-3,3
40745,55,53,2,2
40746,94,86,8,8
40747,81,85,-4,4
40748,103,100,3,3
40749,87,85,2,2
40750,68,83,-15,15
40751,205,215,-10,10
40752,85,88,-3,3
40753,66,62,4,4
40754,68,65,3,3
40755,87,86,1,1
40756,101,93,8,8
40757,115,113,2,2
40758,69,68,1,1
40759,144,139,5,5
40760,97,96,1,1
40761,107,110,-3,3
40762,88,103,-15,15
40763,138,135,3,3
40764,90,83,7,7
40765,129,144,-15,15
40766,66,64,2,2
40767,75,75,0,0
40768,118,114,4,4
40769,99,100,-1,1
40770,77,74,3,3
40771,89,85,4,4
40772,95,97,-2,2
40773,56,53,3,3
40774,115,115,0,0
40775,59,59,0,0
40776,117,119,-2,2
40777,110,114,-4,4
40778,120,101,19,19
40779,98,86,12,12
40780,121,126,-5,5
40781,100,86,14,14
40782,85,83,2,2
40783,106,105,1,1
40784,165,160,5,5
40785,65,71,-6,6
40786,58,56,2,2
40787,165,165,0,0
40788,56,58,-2,2
40789,62,67,-5,5
40790,85,77,8,8
40791,93,99,-6,6
40792,57,61,-4,4
40793,97,98,-1,1
40794,96,102,-6,6
40795,45,50,-5,5
40796,114,113,1,1
40797,77,75,2,2
40798,77,85,-8,8
40799,89,82,7,7
40800,70,73,-3,3
40801,84,89,-5,5
40802,89,106,-17,17
40803,104,107,-3,3
40804,88,89,-1,1
40805,68,66,2,2
40806,67,69,-2,2
40807,51,38,13,13
40808,144,154,-10,10
40809,135,135,0,0
40810,89,92,-3,3
40811,122,119,3,3
40812,110,108,2,2
40813,81,84,-3,3
40814,147,157,-10,10
40815,60,60,0,0
40816,137,150,-13,13
40817,110,112,-2,2
40818,125,125,0,0
40819,89,95,-6,6
40820,129,145,-16,16
40821,70,61,9,9
40822,149,154,-5,5
40823,72,79,-7,7
40824,96,99,-3,3
40825,76,79,-3,3
40826,154,155,-1,1
40827,220,200,20,20
40828,106,110,-4,4
40829,95,101,-6,6
40830,158,169,-11,11
40831,140,142,-2,2
40832,86,89,-3,3
40833,96,87,9,9
40834,100,94,6,6
40835,70,83,-13,13
40836,64,67,-3,3
40837,147,142,5,5
40838,75,77,-2,2
40839,80,73,7,7
40840,161,151,10,10
40841,83,103,-20,20
40842,89,80,9,9
40843,169,161,8,8
40844,85,87,-2,2
40845,151,158,-7,7
40846,85,80,5,5
40847,61,67,-6,6
40848,62,63,-1,1
40849,118,113,5,5
40850,97,93,4,4
40851,118,113,5,5
40852,104,94,10,10
40853,44,40,4,4
40854,101,97,4,4
40855,69,69,0,0
40856,52,55,-3,3
40857,115,117,-2,2
40858,56,53,3,3
40859,110,122,-12,12
40860,96,118,-22,22
40861,88,87,1,1
40862,94,95,-1,1
40863,60,60,0,0
40864,108,107,1,1
40865,114,106,8,8
40866,87,89,-2,2
40867,102,105,-3,3
40868,75,71,4,4
40869,56,52,4,4
40870,123,127,-4,4
40871,29,39,-10,10
40872,70,82,-12,12
40873,87,84,3,3
40874,48,61,-13,13
40875,108,100,8,8
40876,164,170,-6,6
40877,125,114,11,11
40878,66,63,3,3
40879,190,187,3,3
40880,91,89,2,2
40881,116,93,23,23
40882,96,95,1,1
40883,86,85,1,1
40884,157,170,-13,13
40885,149,139,10,10
40886,54,56,-2,2
40887,81,82,-1,1
40888,97,103,-6,6
40889,128,124,4,4
40890,96,100,-4,4
40891,121,126,-5,5
40892,131,128,3,3
40893,133,123,10,10
40894,130,128,2,2
40895,97,90,7,7
40896,68,74,-6,6
40897,118,107,11,11
40898,91,90,1,1
40899,90,104,-14,14
40900,65,63,2,2
40901,143,134,9,9
40902,80,68,12,12
40903,96,80,16,16
40904,104,97,7,7
40905,112,115,-3,3
40906,86,85,1,1
40907,91,94,-3,3
40908,205,183,22,22
40909,73,84,-11,11
40910,101,94,7,7
40911,73,75,-2,2
40912,90,84,6,6
40913,191,201,-10,10
40914,90,93,-3,3
40915,149,150,-1,1
40916,73,83,-10,10
40917,152,156,-4,4
40918,115,111,4,4
40919,88,94,-6,6
40920,86,84,2,2
40921,103,101,2,2
40922,37,39,-2,2
40923,83,76,7,7
40924,76,67,9,9
40925,56,58,-2,2
40926,130,119,11,11
40927,67,61,6,6
40928,78,72,6,6
40929,105,107,-2,2
40930,101,97,4,4
40931,88,85,3,3
40932,83,87,-4,4
40933,108,109,-1,1
40934,67,64,3,3
40935,107,106,1,1
40936,43,39,4,4
40937,71,79,-8,8
40938,99,87,12,12
40939,120,132,-12,12
40940,132,120,12,12
40941,30,39,-9,9
40942,88,87,1,1
40943,82,98,-16,16
40944,59,65,-6,6
40945,68,71,-3,3
40946,120,109,11,11
40947,60,59,1,1
40948,103,99,4,4
40949,110,106,4,4
40950,114,112,2,2
40951,90,88,2,2
40952,192,188,4,4
40953,100,104,-4,4
40954,119,121,-2,2
40955,91,84,7,7
40956,98,97,1,1
40957,51,52,-1,1
40958,94,91,3,3
40959,98,104,-6,6
40960,71,64,7,7
40961,106,121,-15,15
40962,78,83,-5,5
40963,66,69,-3,3
40964,79,83,-4,4
40965,85,87,-2,2
40966,147,151,-4,4
40967,68,62,6,6
40968,66,63,3,3
40969,81,82,-1,1
40970,133,132,1,1
40971,120,118,2,2
40972,71,75,-4,4
40973,169,177,-8,8
40974,159,156,3,3
40975,57,63,-6,6
40976,73,77,-4,4
40977,44,38,6,6
40978,85,89,-4,4
40979,49,62,-13,13
40980,54,50,4,4
40981,89,86,3,3
40982,62,68,-6,6
40983,88,85,3,3
40984,93,102,-9,9
40985,66,66,0,0
40986,69,68,1,1
40987,138,154,-16,16
40988,88,90,-2,2
40989,102,109,-7,7
40990,45,39,6,6
40991,48,52,-4,4
40992,106,116,-10,10
40993,158,141,17,17
40994,125,123,2,2
40995,64,81,-17,17
40996,153,159,-6,6
40997,66,65,1,1
40998,87,89,-2,2
40999,90,89,1,1
41000,105,106,-1,1
41001,51,38,13,13
41002,148,139,9,9
41003,123,134,-11,11
41004,59,57,2,2
41005,88,77,11,11
41006,91,95,-4,4
41007,77,79,-2,2
41008,98,98,0,0
41009,84,88,-4,4
41010,97,90,7,7
41011,129,117,12,12
41012,158,162,-4,4
41013,99,103,-4,4
41014,153,158,-5,5
41015,140,126,14,14
41016,97,91,6,6
41017,116,120,-4,4
41018,108,102,6,6
41019,117,117,0,0
41020,112,108,4,4
41021,70,69,1,1
41022,117,124,-7,7
41023,186,184,2,2
41024,88,90,-2,2
41025,40,39,1,1
41026,69,70,-1,1
41027,138,120,18,18
41028,68,70,-2,2
41029,194,178,16,16
41030,141,139,2,2
41031,66,81,-15,15
41032,87,94,-7,7
41033,112,111,1,1
41034,120,107,13,13
41035,117,111,6,6
41036,116,122,-6,6
41037,113,123,-10,10
41038,109,121,-12,12
41039,116,115,1,1
41040,107,103,4,4
41041,156,145,11,11
41042,54,54,0,0
41043,96,96,0,0
41044,116,113,3,3
41045,105,98,7,7
41046,53,47,6,6
41047,146,143,3,3
41048,111,125,-14,14
41049,55,51,4,4
41050,130,126,4,4
41051,89,87,2,2
41052,99,111,-12,12
41053,101,93,8,8
41054,107,110,-3,3
41055,56,57,-1,1
41056,72,72,0,0
41057,141,141,0,0
41058,49,54,-5,5
41059,50,39,11,11
41060,106,96,10,10
41061,71,68,3,3
41062,82,98,-16,16
41063,112,108,4,4
41064,114,118,-4,4
41065,91,92,-1,1
41066,79,80,-1,1
41067,87,91,-4,4
41068,72,68,4,4
41069,140,143,-3,3
41070,79,87,-8,8
41071,103,93,10,10
41072,105,106,-1,1
41073,80,81,-1,1
41074,63,62,1,1
41075,89,88,1,1
41076,58,62,-4,4
41077,71,64,7,7
41078,91,95,-4,4
41079,64,58,6,6
41080,134,131,3,3
41081,144,142,2,2
41082,46,71,-25,25
41083,79,89,-10,10
41084,137,127,10,10
41085,71,69,2,2
41086,88,87,1,1
41087,99,92,7,7
41088,77,78,-1,1
41089,71,72,-1,1
41090,66,63,3,3
41091,57,61,-4,4
41092,107,108,-1,1
41093,157,158,-1,1
41094,59,65,-6,6
41095,107,119,-12,12
41096,150,141,9,9
41097,97,100,-3,3
41098,56,55,1,1
41099,122,120,2,2
41100,118,112,6,6
41101,98,83,15,15
41102,87,94,-7,7
41103,84,73,11,11
41104,67,64,3,3
41105,97,99,-2,2
41106,110,111,-1,1
41107,75,77,-2,2
41108,49,54,-5,5
41109,121,137,-16,16
41110,124,123,1,1
41111,86,85,1,1
41112,91,94,-3,3
41113,74,67,7,7
41114,87,76,11,11
41115,61,63,-2,2
41116,76,82,-6,6
41117,169,175,-6,6
41118,79,78,1,1
41119,85,95,-10,10
41120,129,123,6,6
41121,68,68,0,0
41122,88,110,-22,22
41123,136,126,10,10
41124,81,83,-2,2
41125,143,152,-9,9
41126,66,63,3,3
41127,90,96,-6,6
41128,69,67,2,2
41129,129,132,-3,3
41130,77,84,-7,7
41131,128,132,-4,4
41132,110,115,-5,5
41133,125,128,-3,3
41134,82,82,0,0
41135,147,137,10,10
41136,77,76,1,1
41137,81,70,11,11
41138,91,91,0,0
41139,106,97,9,9
41140,65,70,-5,5
41141,59,58,1,1
41142,107,113,-6,6
41143,75,86,-11,11
41144,86,98,-12,12
41145,92,91,1,1
41146,87,89,-2,2
41147,115,129,-14,14
41148,70,72,-2,2
41149,78,70,8,8
41150,77,74,3,3
41151,142,157,-15,15
41152,161,163,-2,2
41153,145,135,10,10
41154,102,101,1,1
41155,68,67,1,1
41156,81,86,-5,5
41157,92,87,5,5
41158,91,94,-3,3
41159,87,87,0,0
41160,168,167,1,1
41161,58,55,3,3
41162,119,102,17,17
41163,55,46,9,9
41164,69,69,0,0
41165,69,70,-1,1
41166,99,102,-3,3
41167,72,72,0,0
41168,82,87,-5,5
41169,134,129,5,5
41170,88,81,7,7
41171,61,63,-2,2
41172,77,79,-2,2
41173,106,111,-5,5
41174,89,91,-2,2
41175,90,88,2,2
41176,102,109,-7,7
41177,77,73,4,4
41178,63,63,0,0
41179,76,79,-3,3
41180,67,60,7,7
41181,64,72,-8,8
41182,66,68,-2,2
41183,126,125,1,1
41184,91,101,-10,10
41185,148,130,18,18
41186,111,104,7,7
41187,58,63,-5,5
41188,93,90,3,3
41189,80,74,6,6
41190,173,170,3,3
41191,80,77,3,3
41192,117,114,3,3
41193,69,59,10,10
41194,115,116,-1,1
41195,122,113,9,9
41196,76,77,-1,1
41197,89,73,16,16
41198,92,109,-17,17
41199,101,99,2,2
41200,156,149,7,7
41201,88,87,1,1
41202,61,59,2,2
41203,80,76,4,4
41204,128,126,2,2
41205,101,94,7,7
41206,114,114,0,0
41207,142,124,18,18
41208,53,52,1,1
41209,138,136,2,2
41210,49,52,-3,3
41211,146,135,11,11
41212,91,87,4,4
41213,136,147,-11,11
41214,60,67,-7,7
41215,147,142,5,5
41216,86,86,0,0
41217,71,70,1,1
41218,127,159,-32,32
41219,62,65,-3,3
41220,109,102,7,7
41221,69,69,0,0
41222,186,194,-8,8
41223,44,50,-6,6
41224,39,39,0,0
41225,89,93,-4,4
41226,113,117,-4,4
41227,65,64,1,1
41228,63,67,-4,4
41229,61,65,-4,4
41230,132,126,6,6
41231,70,75,-5,5
41232,179,180,-1,1
41233,103,113,-10,10
41234,118,108,10,10
41235,71,72,-1,1
41236,156,144,12,12
41237,95,90,5,5
41238,108,114,-6,6
41239,92,93,-1,1
41240,125,117,8,8
41241,103,95,8,8
41242,87,79,8,8
41243,57,64,-7,7
41244,95,97,-2,2
41245,207,220,-13,13
41246,72,76,-4,4
41247,158,161,-3,3
41248,78,77,1,1
41249,59,58,1,1
41250,77,68,9,9
41251,78,74,4,4
41252,120,109,11,11
41253,137,135,2,2
41254,71,68,3,3
41255,117,113,4,4
41256,97,97,0,0
41257,108,110,-2,2
41258,64,67,-3,3
41259,125,119,6,6
41260,57,52,5,5
41261,47,48,-1,1
41262,110,98,12,12
41263,173,187,-14,14
41264,70,63,7,7
41265,112,110,2,2
41266,69,70,-1,1
41267,95,91,4,4
41268,50,38,12,12
41269,60,59,1,1
41270,108,113,-5,5
41271,88,90,-2,2
41272,141,167,-26,26
41273,65,67,-2,2
41274,111,124,-13,13
41275,110,99,11,11
41276,156,133,23,23
41277,70,90,-20,20
41278,77,88,-11,11
41279,111,109,2,2
41280,77,76,1,1
41281,132,150,-18,18
41282,94,87,7,7
41283,87,97,-10,10
41284,71,79,-8,8
41285,69,75,-6,6
41286,57,57,0,0
41287,63,66,-3,3
41288,170,176,-6,6
41289,99,96,3,3
41290,91,93,-2,2
41291,75,81,-6,6
41292,155,154,1,1
41293,169,163,6,6
41294,121,112,9,9
41295,56,58,-2,2
41296,73,74,-1,1
41297,142,83,59,59
41298,76,88,-12,12
41299,117,121,-4,4
41300,113,121,-8,8
41301,63,55,8,8
41302,146,138,8,8
41303,71,65,6,6
41304,68,66,2,2
41305,96,100,-4,4
41306,64,67,-3,3
41307,79,68,11,11
41308,77,77,0,0
41309,54,55,-1,1
41310,81,84,-3,3
41311,106,111,-5,5
41312,130,122,8,8
41313,63,59,4,4
41314,74,77,-3,3
41315,87,91,-4,4
41316,97,95,2,2
41317,136,151,-15,15
41318,78,74,4,4
41319,114,106,8,8
41320,172,200,-28,28
41321,69,88,-19,19
41322,55,64,-9,9
41323,68,65,3,3
41324,84,82,2,2
41325,64,61,3,3
41326,44,49,-5,5
41327,98,94,4,4
41328,118,127,-9,9
41329,115,108,7,7
41330,151,152,-1,1
41331,66,72,-6,6
41332,150,136,14,14
41333,94,90,4,4
41334,83,90,-7,7
41335,138,131,7,7
41336,96,99,-3,3
41337,117,115,2,2
41338,32,39,-7,7
41339,167,167,0,0
41340,162,153,9,9
41341,120,127,-7,7
41342,84,87,-3,3
41343,64,62,2,2
41344,147,146,1,1
41345,74,78,-4,4
41346,42,55,-13,13
41347,65,77,-12,12
41348,87,85,2,2
41349,101,111,-10,10
41350,64,61,3,3
41351,54,62,-8,8
41352,99,103,-4,4
41353,60,63,-3,3
41354,62,65,-3,3
41355,134,126,8,8
41356,79,83,-4,4
41357,74,72,2,2
41358,103,114,-11,11
41359,160,170,-10,10
41360,103,100,3,3
41361,96,97,-1,1
41362,66,59,7,7
41363,72,65,7,7
41364,69,73,-4,4
41365,115,112,3,3
41366,74,68,6,6
41367,47,52,-5,5
41368,116,105,11,11
41369,75,85,-10,10
41370,74,85,-11,11
41371,138,128,10,10
41372,83,86,-3,3
41373,78,82,-4,4
41374,144,138,6,6
41375,94,91,3,3
41376,91,90,1,1
41377,97,104,-7,7
41378,79,80,-1,1
41379,87,89,-2,2
41380,50,56,-6,6
41381,61,58,3,3
41382,66,79,-13,13
41383,83,82,1,1
41384,69,62,7,7
41385,117,105,12,12
41386,123,116,7,7
41387,152,131,21,21
41388,53,51,2,2
41389,41,70,-29,29
41390,120,113,7,7
41391,50,54,-4,4
41392,103,104,-1,1
41393,59,73,-14,14
41394,146,142,4,4
41395,74,65,9,9
41396,119,116,3,3
41397,100,103,-3,3
41398,109,101,8,8
41399,140,131,9,9
41400,104,103,1,1
41401,118,124,-6,6
41402,129,122,7,7
41403,62,62,0,0
41404,80,84,-4,4
41405,67,69,-2,2
41406,45,50,-5,5
41407,111,116,-5,5
41408,110,115,-5,5
41409,68,70,-2,2
41410,84,98,-14,14
41411,132,118,14,14
41412,67,64,3,3
41413,66,70,-4,4
41414,53,67,-14,14
41415,88,91,-3,3
41416,115,121,-6,6
41417,142,150,-8,8
41418,134,140,-6,6
41419,108,111,-3,3
41420,63,65,-2,2
41421,68,60,8,8
41422,96,86,10,10
41423,73,78,-5,5
41424,88,92,-4,4
41425,107,98,9,9
41426,114,134,-20,20
41427,132,134,-2,2
41428,64,71,-7,7
41429,73,68,5,5
41430,109,101,8,8
41431,65,64,1,1
41432,138,112,26,26
41433,103,94,9,9
41434,132,126,6,6
41435,67,66,1,1
41436,70,71,-1,1
41437,114,131,-17,17
41438,54,57,-3,3
41439,87,81,6,6
41440,57,63,-6,6
41441,163,173,-10,10
41442,83,87,-4,4
41443,48,50,-2,2
41444,62,69,-7,7
41445,110,101,9,9
41446,64,62,2,2
41447,154,154,0,0
41448,119,115,4,4
41449,81,88,-7,7
41450,76,74,2,2
41451,125,106,19,19
41452,82,82,0,0
41453,140,141,-1,1
41454,58,56,2,2
41455,90,84,6,6
41456,94,89,5,5
41457,70,70,0,0
41458,126,118,8,8
41459,42,39,3,3
41460,96,83,13,13
41461,144,132,12,12
41462,84,74,10,10
41463,91,86,5,5
41464,89,86,3,3
41465,68,71,-3,3
41466,74,74,0,0
41467,73,70,3,3
41468,95,89,6,6
41469,141,130,11,11
41470,144,135,9,9
41471,115,119,-4,4
41472,126,114,12,12
41473,81,76,5,5
41474,70,66,4,4
41475,101,106,-5,5
41476,36,37,-1,1
41477,103,98,5,5
41478,50,55,-5,5
41479,108,98,10,10
41480,168,184,-16,16
41481,89,100,-11,11
41482,128,120,8,8
41483,87,76,11,11
41484,72,65,7,7
41485,166,163,3,3
41486,75,72,3,3
41487,116,120,-4,4
41488,66,62,4,4
41489,89,94,-5,5
41490,72,80,-8,8
41491,103,120,-17,17
41492,82,85,-3,3
41493,108,111,-3,3
41494,115,104,11,11
41495,154,177,-23,23
41496,96,100,-4,4
41497,70,67,3,3
41498,105,100,5,5
41499,103,107,-4,4
41500,80,84,-4,4
41501,167,140,27,27
41502,131,135,-4,4
41503,87,87,0,0
41504,83,83,0,0
41505,221,210,11,11
41506,67,67,0,0
41507,114,111,3,3
41508,88,80,8,8
41509,80,74,6,6
41510,183,183,0,0
41511,67,73,-6,6
41512,172,171,1,1
41513,56,51,5,5
41514,60,58,2,2
41515,60,56,4,4
41516,77,84,-7,7
41517,85,76,9,9
41518,64,65,-1,1
41519,88,94,-6,6
41520,143,127,16,16
41521,148,153,-5,5
41522,73,72,1,1
41523,97,101,-4,4
41524,85,93,-8,8
41525,62,55,7,7
41526,82,80,2,2
41527,63,60,3,3
41528,55,53,2,2
41529,133,127,6,6
41530,96,100,-4,4
41531,98,98,0,0
41532,67,66,1,1
41533,104,111,-7,7
41534,118,166,-48,48
41535,83,95,-12,12
41536,110,115,-5,5
41537,138,135,3,3
41538,79,72,7,7
41539,75,65,10,10
41540,67,67,0,0
41541,59,60,-1,1
41542,63,56,7,7
41543,125,122,3,3
41544,156,166,-10,10
41545,88,80,8,8
41546,106,104,2,2
41547,88,84,4,4
41548,126,128,-2,2
41549,71,78,-7,7
41550,109,109,0,0
41551,61,100,-39,39
41552,100,108,-8,8
41553,157,139,18,18
41554,168,169,-1,1
41555,110,110,0,0
41556,92,97,-5,5
41557,118,129,-11,11
41558,159,167,-8,8
41559,67,66,1,1
41560,78,91,-13,13
41561,93,91,2,2
41562,76,72,4,4
41563,156,152,4,4
41564,63,71,-8,8
41565,87,88,-1,1
41566,79,75,4,4
41567,56,56,0,0
41568,65,63,2,2
41569,99,103,-4,4
41570,90,77,13,13
41571,108,114,-6,6
41572,59,57,2,2
41573,48,74,-26,26
41574,73,70,3,3
41575,111,101,10,10
41576,69,68,1,1
41577,149,132,17,17
41578,87,80,7,7
41579,87,81,6,6
41580,85,84,1,1
41581,112,100,12,12
41582,78,91,-13,13
41583,74,80,-6,6
41584,85,88,-3,3
41585,77,83,-6,6
41586,113,104,9,9
41587,106,107,-1,1
41588,61,71,-10,10
41589,82,93,-11,11
41590,115,119,-4,4
41591,51,53,-2,2
41592,109,93,16,16
41593,61,60,1,1
41594,60,63,-3,3
41595,129,124,5,5
41596,152,134,18,18
41597,90,87,3,3
41598,204,199,5,5
41599,95,90,5,5
41600,81,88,-7,7
41601,75,74,1,1
41602,95,91,4,4
41603,108,111,-3,3
41604,140,131,9,9
41605,47,37,10,10
41606,92,82,10,10
41607,127,132,-5,5
41608,64,73,-9,9
41609,86,76,10,10
41610,83,78,5,5
41611,86,94,-8,8
41612,110,107,3,3
41613,128,139,-11,11
41614,152,149,3,3
41615,106,111,-5,5
41616,71,72,-1,1
41617,70,78,-8,8
41618,71,70,1,1
41619,80,84,-4,4
41620,10,37,-27,27
41621,95,87,8,8
41622,88,84,4,4
41623,55,38,17,17
41624,96,84,12,12
41625,114,102,12,12
41626,113,108,5,5
41627,115,108,7,7
41628,50,54,-4,4
41629,130,131,-1,1
41630,130,129,1,1
41631,85,84,1,1
41632,72,69,3,3
41633,177,172,5,5
41634,90,100,-10,10
41635,131,146,-15,15
41636,68,70,-2,2
41637,46,51,-5,5
41638,96,101,-5,5
41639,161,156,5,5
41640,60,58,2,2
41641,73,75,-2,2
41642,50,54,-4,4
41643,60,53,7,7
41644,122,118,4,4
41645,136,134,2,2
41646,90,85,5,5
41647,131,131,0,0
41648,95,90,5,5
41649,66,68,-2,2
41650,105,115,-10,10
41651,82,81,1,1
41652,107,105,2,2
41653,61,57,4,4
41654,136,127,9,9
41655,128,146,-18,18
41656,66,72,-6,6
41657,125,126,-1,1
41658,69,64,5,5
41659,68,79,-11,11
41660,84,86,-2,2
41661,47,54,-7,7
41662,77,77,0,0
41663,113,107,6,6
41664,155,162,-7,7
41665,88,94,-6,6
41666,76,74,2,2
41667,104,148,-44,44
41668,43,38,5,5
41669,69,73,-4,4
41670,94,106,-12,12
41671,121,120,1,1
41672,178,174,4,4
41673,69,63,6,6
41674,113,119,-6,6
41675,118,116,2,2
41676,86,83,3,3
41677,71,70,1,1
41678,112,110,2,2
41679,114,107,7,7
41680,68,59,9,9
41681,75,73,2,2
41682,103,97,6,6
41683,71,71,0,0
41684,57,55,2,2
41685,88,87,1,1
41686,165,160,5,5
41687,79,72,7,7
41688,133,137,-4,4
41689,125,117,8,8
41690,91,110,-19,19
41691,117,121,-4,4
41692,108,103,5,5
41693,101,101,0,0
41694,61,61,0,0
41695,170,165,5,5
41696,152,149,3,3
41697,86,88,-2,2
41698,89,88,1,1
41699,137,134,3,3
41700,107,106,1,1
41701,145,139,6,6
41702,152,164,-12,12
41703,89,79,10,10
41704,81,77,4,4
41705,102,105,-3,3
41706,85,91,-6,6
41707,70,70,0,0
41708,85,84,1,1
41709,105,103,2,2
41710,79,80,-1,1
41711,55,62,-7,7
41712,94,91,3,3
41713,49,56,-7,7
41714,42,39,3,3
41715,302,161,141,141
41716,116,110,6,6
41717,68,66,2,2
41718,81,83,-2,2
41719,98,111,-13,13
41720,120,108,12,12
41721,135,139,-4,4
41722,85,91,-6,6
41723,76,80,-4,4
41724,125,124,1,1
41725,26,38,-12,12
41726,111,96,15,15
41727,152,139,13,13
41728,85,82,3,3
41729,99,102,-3,3
41730,98,107,-9,9
41731,99,99,0,0
41732,81,76,5,5
41733,98,111,-13,13
41734,101,88,13,13
41735,64,66,-2,2
41736,185,191,-6,6
41737,97,97,0,0
41738,93,103,-10,10
41739,65,67,-2,2
41740,89,91,-2,2
41741,53,56,-3,3
41742,96,94,2,2
41743,133,132,1,1
41744,149,134,15,15
41745,155,151,4,4
41746,86,84,2,2
41747,64,59,5,5
41748,133,126,7,7
41749,119,133,-14,14
41750,70,74,-4,4
41751,57,55,2,2
41752,56,60,-4,4
41753,55,54,1,1
41754,57,59,-2,2
41755,106,110,-4,4
41756,85,94,-9,9
41757,80,80,0,0
41758,71,86,-15,15
41759,79,92,-13,13
41760,72,78,-6,6
41761,67,60,7,7
41762,200,196,4,4
41763,55,59,-4,4
41764,103,104,-1,1
41765,80,77,3,3
41766,113,116,-3,3
41767,34,66,-32,32
41768,77,82,-5,5
41769,145,149,-4,4
41770,143,155,-12,12
41771,100,97,3,3
41772,53,52,1,1
41773,61,91,-30,30
41774,109,119,-10,10
41775,86,79,7,7
41776,72,75,-3,3
41777,86,91,-5,5
41778,115,127,-12,12
41779,74,81,-7,7
41780,85,87,-2,2
41781,97,94,3,3
41782,111,108,3,3
41783,63,79,-16,16
41784,104,108,-4,4
41785,101,101,0,0
41786,110,106,4,4
41787,72,77,-5,5
41788,128,129,-1,1
41789,74,87,-13,13
41790,108,98,10,10
41791,110,108,2,2
41792,68,66,2,2
41793,41,42,-1,1
41794,153,163,-10,10
41795,115,119,-4,4
41796,58,65,-7,7
41797,45,62,-17,17
41798,92,89,3,3
41799,57,60,-3,3
41800,125,117,8,8
41801,82,91,-9,9
41802,61,64,-3,3
41803,148,142,6,6
41804,72,68,4,4
41805,108,111,-3,3
41806,97,109,-12,12
41807,134,123,11,11
41808,50,49,1,1
41809,66,68,-2,2
41810,61,52,9,9
41811,91,87,4,4
41812,133,131,2,2
41813,131,114,17,17
41814,67,78,-11,11
41815,112,111,1,1
41816,100,115,-15,15
41817,193,186,7,7
41818,90,83,7,7
41819,77,74,3,3
41820,80,83,-3,3
41821,117,116,1,1
41822,87,92,-5,5
41823,64,68,-4,4
41824,61,59,2,2
41825,120,129,-9,9
41826,119,120,-1,1
41827,137,131,6,6
41828,54,54,0,0
41829,162,149,13,13
41830,152,170,-18,18
41831,69,61,8,8
41832,80,80,0,0
41833,92,93,-1,1
41834,96,88,8,8
41835,107,109,-2,2
41836,71,72,-1,1
41837,83,89,-6,6
41838,89,94,-5,5
41839,121,116,5,5
41840,81,82,-1,1
41841,112,117,-5,5
41842,147,136,11,11
41843,62,62,0,0
41844,129,128,1,1
41845,74,81,-7,7
41846,168,152,16,16
41847,47,48,-1,1
41848,128,136,-8,8
41849,49,54,-5,5
41850,56,57,-1,1
41851,89,84,5,5
41852,67,68,-1,1
41853,68,75,-7,7
41854,114,116,-2,2
41855,137,154,-17,17
41856,122,120,2,2
41857,74,76,-2,2
41858,67,62,5,5
41859,129,128,1,1
41860,139,146,-7,7
41861,62,63,-1,1
41862,100,98,2,2
41863,88,84,4,4
41864,64,64,0,0
41865,92,85,7,7
41866,119,139,-20,20
41867,81,83,-2,2
41868,59,58,1,1
41869,106,104,2,2
41870,94,89,5,5
41871,112,98,14,14
41872,80,83,-3,3
41873,101,112,-11,11
41874,135,129,6,6
41875,135,131,4,4
41876,104,95,9,9
41877,85,83,2,2
41878,176,175,1,1
41879,79,78,1,1
41880,69,65,4,4
41881,41,39,2,2
41882,47,38,9,9
41883,67,68,-1,1
41884,69,76,-7,7
41885,51,52,-1,1
41886,73,84,-11,11
41887,108,103,5,5
41888,47,39,8,8
41889,120,134,-14,14
41890,117,113,4,4
41891,91,100,-9,9
41892,110,117,-7,7
41893,82,78,4,4
41894,97,96,1,1
41895,92,91,1,1
41896,72,69,3,3
41897,74,66,8,8
41898,80,95,-15,15
41899,49,40,9,9
41900,133,129,4,4
41901,85,87,-2,2
41902,116,115,1,1
41903,72,68,4,4
41904,125,124,1,1
41905,91,91,0,0
41906,103,101,2,2
41907,110,112,-2,2
41908,102,108,-6,6
41909,111,104,7,7
41910,50,64,-14,14
41911,50,52,-2,2
41912,106,104,2,2
41913,79,81,-2,2
41914,138,127,11,11
41915,110,121,-11,11
41916,59,63,-4,4
41917,72,72,0,0
41918,190,179,11,11
41919,93,89,4,4
41920,47,38,9,9
41921,46,55,-9,9
41922,135,131,4,4
41923,56,68,-12,12
41924,67,66,1,1
41925,101,102,-1,1
41926,78,74,4,4
41927,61,76,-15,15
41928,43,52,-9,9
41929,142,147,-5,5
41930,88,94,-6,6
41931,119,120,-1,1
41932,146,131,15,15
41933,93,96,-3,3
41934,109,113,-4,4
41935,105,105,0,0
41936,98,102,-4,4
41937,75,70,5,5
41938,78,80,-2,2
41939,101,113,-12,12
41940,88,106,-18,18
41941,133,141,-8,8
41942,66,64,2,2
41943,101,100,1,1
41944,94,98,-4,4
41945,86,86,0,0
41946,95,90,5,5
41947,96,104,-8,8
41948,83,81,2,2
41949,119,98,21,21
41950,116,122,-6,6
41951,92,87,5,5
41952,89,95,-6,6
41953,215,231,-16,16
41954,96,97,-1,1
41955,138,130,8,8
41956,73,72,1,1
41957,72,76,-4,4
41958,83,92,-9,9
41959,119,115,4,4
41960,83,81,2,2
41961,140,133,7,7
41962,164,155,9,9
41963,105,99,6,6
41964,109,91,18,18
41965,100,94,6,6
41966,95,100,-5,5
41967,85,75,10,10
41968,83,85,-2,2
41969,148,148,0,0
41970,95,101,-6,6
41971,110,130,-20,20
41972,104,117,-13,13
41973,125,144,-19,19
41974,110,127,-17,17
41975,109,108,1,1
41976,87,84,3,3
41977,166,167,-1,1
41978,68,83,-15,15
41979,104,92,12,12
41980,127,103,24,24
41981,60,62,-2,2
41982,106,96,10,10
41983,58,60,-2,2
41984,59,55,4,4
41985,98,95,3,3
41986,150,161,-11,11
41987,107,117,-10,10
41988,75,84,-9,9
41989,95,98,-3,3
41990,82,84,-2,2
41991,101,89,12,12
41992,63,66,-3,3
41993,81,65,16,16
41994,60,60,0,0
41995,121,117,4,4
41996,110,102,8,8
41997,73,80,-7,7
41998,62,69,-7,7
41999,66,68,-2,2
42000,87,93,-6,6
42001,130,142,-12,12
42002,84,90,-6,6
42003,142,142,0,0
42004,61,61,0,0
42005,109,109,0,0
42006,147,137,10,10
42007,37,55,-18,18
42008,246,205,41,41
42009,61,66,-5,5
42010,111,108,3,3
42011,92,98,-6,6
42012,133,149,-16,16
42013,161,154,7,7
42014,128,140,-12,12
42015,73,63,10,10
42016,115,117,-2,2
42017,159,159,0,0
42018,75,71,4,4
42019,85,99,-14,14
42020,79,84,-5,5
42021,103,99,4,4
42022,109,108,1,1
42023,89,92,-3,3
42024,158,164,-6,6
42025,86,90,-4,4
42026,114,102,12,12
42027,145,143,2,2
42028,83,78,5,5
42029,142,148,-6,6
42030,48,55,-7,7
42031,69,70,-1,1
42032,90,106,-16,16
42033,152,142,10,10
42034,72,77,-5,5
42035,93,95,-2,2
42036,59,61,-2,2
42037,142,138,4,4
42038,95,87,8,8
42039,152,136,16,16
42040,87,88,-1,1
42041,79,65,14,14
42042,80,82,-2,2
42043,89,92,-3,3
42044,74,69,5,5
42045,78,74,4,4
42046,100,101,-1,1
42047,92,96,-4,4
42048,135,139,-4,4
42049,112,116,-4,4
42050,109,115,-6,6
42051,86,75,11,11
42052,80,75,5,5
42053,92,102,-10,10
42054,93,94,-1,1
42055,111,115,-4,4
42056,64,62,2,2
42057,96,80,16,16
42058,79,93,-14,14
42059,148,169,-21,21
42060,74,83,-9,9
42061,91,85,6,6
42062,85,86,-1,1
42063,104,100,4,4
42064,132,139,-7,7
42065,75,83,-8,8
42066,175,186,-11,11
42067,77,69,8,8
42068,92,95,-3,3
42069,150,148,2,2
42070,35,43,-8,8
42071,79,71,8,8
42072,57,62,-5,5
42073,70,57,13,13
42074,117,137,-20,20
42075,84,79,5,5
42076,51,80,-29,29
42077,88,97,-9,9
42078,83,83,0,0
42079,89,78,11,11
42080,79,79,0,0
42081,76,81,-5,5
42082,50,55,-5,5
42083,102,98,4,4
42084,111,131,-20,20
42085,82,88,-6,6
42086,114,127,-13,13
42087,99,91,8,8
42088,111,107,4,4
42089,99,106,-7,7
42090,68,64,4,4
42091,159,146,13,13
42092,78,78,0,0
42093,43,51,-8,8
42094,64,63,1,1
42095,77,82,-5,5
42096,38,43,-5,5
42097,39,39,0,0
42098,87,97,-10,10
42099,89,84,5,5
42100,101,103,-2,2
42101,115,113,2,2
42102,101,98,3,3
42103,52,56,-4,4
42104,68,70,-2,2
42105,57,58,-1,1
42106,97,92,5,5
42107,80,89,-9,9
42108,95,97,-2,2
42109,155,152,3,3
42110,74,75,-1,1
42111,104,98,6,6
42112,63,70,-7,7
42113,28,38,-10,10
42114,96,91,5,5
42115,104,108,-4,4
42116,118,117,1,1
42117,81,73,8,8
42118,58,58,0,0
42119,85,94,-9,9
42120,59,67,-8,8
42121,91,102,-11,11
42122,120,114,6,6
42123,58,38,20,20
42124,89,79,10,10
42125,101,107,-6,6
42126,89,89,0,0
42127,68,60,8,8
42128,122,116,6,6
42129,71,79,-8,8
42130,71,70,1,1
42131,75,96,-21,21
42132,130,138,-8,8
42133,103,94,9,9
42134,114,106,8,8
42135,145,145,0,0
42136,108,103,5,5
42137,102,105,-3,3
42138,107,106,1,1
42139,97,98,-1,1
42140,94,87,7,7
42141,70,72,-2,2
42142,91,93,-2,2
42143,92,98,-6,6
42144,60,64,-4,4
42145,83,86,-3,3
42146,92,86,6,6
42147,106,109,-3,3
42148,47,57,-10,10
42149,72,70,2,2
42150,137,134,3,3
42151,69,71,-2,2
42152,69,61,8,8
42153,123,122,1,1
42154,77,83,-6,6
42155,74,64,10,10
42156,144,153,-9,9
42157,132,135,-3,3
42158,109,103,6,6
42159,93,98,-5,5
42160,56,54,2,2
42161,125,120,5,5
42162,54,62,-8,8
42163,127,121,6,6
42164,96,99,-3,3
42165,106,97,9,9
42166,98,102,-4,4
42167,97,95,2,2
42168,65,64,1,1
42169,91,84,7,7
42170,90,92,-2,2
42171,135,127,8,8
42172,109,123,-14,14
42173,101,98,3,3
42174,80,82,-2,2
42175,105,111,-6,6
42176,64,63,1,1
42177,155,159,-4,4
42178,119,123,-4,4
42179,76,66,10,10
42180,122,115,7,7
42181,59,60,-1,1
42182,63,62,1,1
42183,92,98,-6,6
42184,101,99,2,2
42185,100,98,2,2
42186,88,97,-9,9
42187,98,96,2,2
42188,153,140,13,13
42189,92,88,4,4
42190,76,70,6,6
42191,110,104,6,6
42192,86,93,-7,7
42193,130,130,0,0
42194,126,130,-4,4
42195,78,69,9,9
42196,77,79,-2,2
42197,104,110,-6,6
42198,126,135,-9,9
42199,79,74,5,5
42200,117,131,-14,14
42201,45,50,-5,5
42202,100,105,-5,5
42203,83,78,5,5
42204,134,137,-3,3
42205,83,81,2,2
42206,90,101,-11,11
42207,86,91,-5,5
42208,89,88,1,1
42209,60,61,-1,1
42210,78,79,-1,1
42211,120,125,-5,5
42212,72,75,-3,3
42213,104,105,-1,1
42214,188,182,6,6
42215,93,92,1,1
42216,159,151,8,8
42217,80,78,2,2
42218,96,101,-5,5
42219,114,120,-6,6
42220,113,118,-5,5
42221,62,68,-6,6
42222,140,141,-1,1
42223,157,151,6,6
42224,61,67,-6,6
42225,95,107,-12,12
42226,130,133,-3,3
42227,134,145,-11,11
42228,84,90,-6,6
42229,83,82,1,1
42230,96,98,-2,2
42231,85,81,4,4
42232,117,127,-10,10
42233,49,52,-3,3
42234,55,55,0,0
42235,116,99,17,17
42236,65,65,0,0
42237,86,86,0,0
42238,58,74,-16,16
42239,55,61,-6,6
42240,109,106,3,3
42241,109,99,10,10
42242,115,112,3,3
42243,131,113,18,18
42244,79,82,-3,3
42245,74,78,-4,4
42246,114,114,0,0
42247,125,119,6,6
42248,90,85,5,5
42249,81,84,-3,3
42250,109,103,6,6
42251,90,84,6,6
42252,58,54,4,4
42253,67,67,0,0
42254,88,79,9,9
42255,71,87,-16,16
42256,118,131,-13,13
42257,109,112,-3,3
42258,75,97,-22,22
42259,38,39,-1,1
42260,173,170,3,3
42261,153,161,-8,8
42262,66,59,7,7
42263,58,61,-3,3
42264,44,48,-4,4
42265,86,79,7,7
42266,100,96,4,4
42267,86,90,-4,4
42268,106,107,-1,1
42269,80,81,-1,1
42270,84,84,0,0
42271,76,73,3,3
42272,96,91,5,5
42273,90,93,-3,3
42274,116,127,-11,11
42275,196,175,21,21
42276,103,103,0,0
42277,95,102,-7,7
42278,68,65,3,3
42279,96,85,11,11
42280,109,102,7,7
42281,86,91,-5,5
42282,174,179,-5,5
42283,78,85,-7,7
42284,47,52,-5,5
42285,96,96,0,0
42286,92,91,1,1
42287,79,67,12,12
42288,85,84,1,1
42289,113,120,-7,7
42290,96,98,-2,2
42291,80,79,1,1
42292,43,39,4,4
42293,93,103,-10,10
42294,63,70,-7,7
42295,96,90,6,6
42296,103,104,-1,1
42297,53,60,-7,7
42298,99,96,3,3
42299,79,83,-4,4
42300,70,68,2,2
42301,106,100,6,6
42302,104,148,-44,44
42303,141,141,0,0
42304,99,87,12,12
42305,96,95,1,1
42306,55,51,4,4
42307,99,100,-1,1
42308,116,120,-4,4
42309,64,94,-30,30
42310,152,140,12,12
42311,63,63,0,0
42312,78,72,6,6
42313,123,140,-17,17
42314,126,128,-2,2
42315,79,73,6,6
42316,92,76,16,16
42317,94,103,-9,9
42318,200,194,6,6
42319,157,161,-4,4
42320,80,79,1,1
42321,57,58,-1,1
42322,141,140,1,1
42323,60,65,-5,5
42324,85,83,2,2
42325,54,49,5,5
42326,159,166,-7,7
42327,150,139,11,11
42328,87,83,4,4
42329,47,61,-14,14
42330,96,97,-1,1
42331,82,83,-1,1
42332,74,74,0,0
42333,120,123,-3,3
42334,109,90,19,19
42335,86,91,-5,5
42336,129,123,6,6
42337,196,187,9,9
42338,178,168,10,10
42339,105,101,4,4
42340,61,63,-2,2
42341,67,68,-1,1
42342,109,110,-1,1
42343,111,129,-18,18
42344,52,63,-11,11
42345,89,84,5,5
42346,71,87,-16,16
42347,111,112,-1,1
42348,40,39,1,1
42349,79,87,-8,8
42350,99,96,3,3
42351,96,99,-3,3
42352,63,57,6,6
42353,103,126,-23,23
42354,97,111,-14,14
42355,90,93,-3,3
42356,119,107,12,12
42357,176,166,10,10
42358,97,99,-2,2
42359,131,147,-16,16
42360,86,77,9,9
42361,77,71,6,6
42362,84,85,-1,1
42363,70,65,5,5
42364,109,109,0,0
42365,121,119,2,2
42366,125,141,-16,16
42367,150,128,22,22
42368,103,100,3,3
42369,151,138,13,13
42370,58,60,-2,2
42371,64,60,4,4
42372,122,127,-5,5
42373,104,98,6,6
42374,92,86,6,6
42375,100,98,2,2
42376,142,134,8,8
42377,93,86,7,7
42378,120,115,5,5
42379,75,80,-5,5
42380,106,100,6,6
42381,60,59,1,1
42382,83,85,-2,2
42383,98,100,-2,2
42384,56,47,9,9
42385,37,38,-1,1
42386,97,88,9,9
42387,152,150,2,2
42388,97,92,5,5
42389,76,71,5,5
42390,80,91,-11,11
42391,56,60,-4,4
42392,108,99,9,9
42393,128,112,16,16
42394,117,113,4,4
42395,103,98,5,5
42396,31,37,-6,6
42397,84,81,3,3
42398,92,93,-1,1
42399,115,131,-16,16
42400,128,134,-6,6
42401,128,125,3,3
42402,75,81,-6,6
42403,72,85,-13,13
42404,95,95,0,0
42405,56,58,-2,2
42406,83,89,-6,6
42407,97,102,-5,5
42408,109,100,9,9
42409,126,121,5,5
42410,135,143,-8,8
42411,75,80,-5,5
42412,73,69,4,4
42413,89,99,-10,10
42414,94,94,0,0
42415,81,81,0,0
42416,78,79,-1,1
42417,79,73,6,6
42418,78,79,-1,1
42419,105,112,-7,7
42420,112,113,-1,1
42421,75,67,8,8
42422,98,99,-1,1
42423,94,93,1,1
42424,56,66,-10,10
42425,92,84,8,8
42426,68,67,1,1
42427,104,104,0,0
42428,144,124,20,20
42429,50,57,-7,7
42430,51,52,-1,1
42431,61,74,-13,13
42432,83,92,-9,9
42433,28,39,-11,11
42434,99,103,-4,4
42435,83,90,-7,7
42436,162,155,7,7
42437,104,103,1,1
42438,88,93,-5,5
42439,95,90,5,5
42440,116,110,6,6
42441,144,135,9,9
42442,69,54,15,15
42443,102,114,-12,12
42444,116,118,-2,2
42445,61,62,-1,1
42446,108,112,-4,4
42447,55,56,-1,1
42448,142,141,1,1
42449,156,153,3,3
42450,129,119,10,10
42451,180,176,4,4
42452,111,115,-4,4
42453,179,183,-4,4
42454,89,94,-5,5
42455,114,112,2,2
42456,96,92,4,4
42457,117,122,-5,5
42458,64,64,0,0
42459,57,57,0,0
42460,54,58,-4,4
42461,95,88,7,7
42462,89,70,19,19
42463,109,100,9,9
42464,76,78,-2,2
42465,67,66,1,1
42466,65,65,0,0
42467,76,86,-10,10
42468,92,90,2,2
42469,92,91,1,1
42470,74,70,4,4
42471,92,86,6,6
42472,80,73,7,7
42473,89,95,-6,6
42474,43,40,3,3
42475,69,71,-2,2
42476,88,91,-3,3
42477,84,93,-9,9
42478,115,117,-2,2
42479,56,52,4,4
42480,95,104,-9,9
42481,80,94,-14,14
42482,80,81,-1,1
42483,98,95,3,3
42484,49,52,-3,3
42485,91,85,6,6
42486,64,68,-4,4
42487,53,58,-5,5
42488,85,77,8,8
42489,98,96,2,2
42490,100,92,8,8
42491,69,69,0,0
42492,48,52,-4,4
42493,105,95,10,10
42494,163,153,10,10
42495,150,152,-2,2
42496,85,89,-4,4
42497,128,134,-6,6
42498,99,107,-8,8
42499,103,97,6,6
42500,128,117,11,11
42501,107,113,-6,6
42502,55,64,-9,9
42503,84,90,-6,6
42504,90,99,-9,9
42505,90,96,-6,6
42506,72,68,4,4
42507,91,95,-4,4
42508,87,96,-9,9
42509,84,69,15,15
42510,42,39,3,3
42511,65,64,1,1
42512,131,133,-2,2
42513,48,58,-10,10
42514,109,101,8,8
42515,85,93,-8,8
42516,66,58,8,8
42517,83,90,-7,7
42518,46,49,-3,3
42519,141,139,2,2
42520,59,64,-5,5
42521,87,87,0,0
42522,84,90,-6,6
42523,86,95,-9,9
42524,127,121,6,6
42525,111,116,-5,5
42526,102,108,-6,6
42527,65,67,-2,2
42528,70,69,1,1
42529,61,67,-6,6
42530,104,105,-1,1
42531,111,112,-1,1
42532,202,188,14,14
42533,100,91,9,9
42534,136,135,1,1
42535,35,39,-4,4
42536,40,39,1,1
42537,115,111,4,4
42538,116,112,4,4
42539,72,66,6,6
42540,108,107,1,1
42541,106,118,-12,12
42542,62,63,-1,1
42543,127,121,6,6
42544,94,90,4,4
42545,89,84,5,5
42546,70,69,1,1
42547,72,79,-7,7
42548,98,89,9,9
42549,96,94,2,2
42550,108,114,-6,6
42551,142,124,18,18
42552,77,79,-2,2
42553,67,66,1,1
42554,81,87,-6,6
42555,54,54,0,0
42556,124,127,-3,3
42557,110,126,-16,16
42558,101,103,-2,2
42559,86,92,-6,6
42560,117,116,1,1
42561,111,108,3,3
42562,136,129,7,7
42563,78,74,4,4
42564,62,75,-13,13
42565,231,218,13,13
42566,180,189,-9,9
42567,91,91,0,0
42568,134,139,-5,5
42569,80,81,-1,1
42570,100,104,-4,4
42571,123,122,1,1
42572,109,110,-1,1
42573,70,69,1,1
42574,57,58,-1,1
42575,148,144,4,4
42576,76,74,2,2
42577,70,70,0,0
42578,82,86,-4,4
42579,102,109,-7,7
42580,198,197,1,1
42581,56,53,3,3
42582,94,97,-3,3
42583,97,99,-2,2
42584,103,95,8,8
42585,81,78,3,3
42586,102,102,0,0
42587,85,86,-1,1
42588,165,155,10,10
42589,50,55,-5,5
42590,124,125,-1,1
42591,101,101,0,0
42592,79,75,4,4
42593,138,149,-11,11
42594,191,155,36,36
42595,162,165,-3,3
42596,126,121,5,5
42597,103,106,-3,3
42598,49,52,-3,3
42599,113,119,-6,6
42600,100,97,3,3
42601,118,118,0,0
42602,117,127,-10,10
42603,84,87,-3,3
42604,110,102,8,8
42605,128,117,11,11
42606,105,103,2,2
42607,59,50,9,9
42608,91,91,0,0
42609,68,61,7,7
42610,72,83,-11,11
42611,135,137,-2,2
42612,79,96,-17,17
42613,107,109,-2,2
42614,30,38,-8,8
42615,70,73,-3,3
42616,105,105,0,0
42617,92,93,-1,1
42618,177,179,-2,2
42619,84,88,-4,4
42620,67,80,-13,13
42621,150,131,19,19
42622,65,89,-24,24
42623,69,71,-2,2
42624,94,92,2,2
42625,87,76,11,11
42626,73,85,-12,12
42627,70,76,-6,6
42628,93,84,9,9
42629,110,107,3,3
42630,87,77,10,10
42631,109,110,-1,1
42632,71,78,-7,7
42633,103,107,-4,4
42634,152,149,3,3
42635,70,75,-5,5
42636,125,110,15,15
42637,91,97,-6,6
42638,172,172,0,0
42639,60,64,-4,4
42640,99,131,-32,32
42641,61,59,2,2
42642,91,92,-1,1
42643,94,87,7,7
42644,135,129,6,6
42645,43,54,-11,11
42646,83,88,-5,5
42647,93,92,1,1
42648,116,116,0,0
42649,131,112,19,19
42650,140,153,-13,13
42651,101,109,-8,8
42652,160,155,5,5
42653,157,140,17,17
42654,147,181,-34,34
42655,151,156,-5,5
42656,162,166,-4,4
42657,52,96,-44,44
42658,77,70,7,7
42659,86,81,5,5
42660,86,91,-5,5
42661,91,85,6,6
42662,118,113,5,5
42663,103,99,4,4
42664,103,104,-1,1
42665,74,73,1,1
42666,119,115,4,4
42667,89,87,2,2
42668,107,102,5,5
42669,109,149,-40,40
42670,85,92,-7,7
42671,70,69,1,1
42672,86,83,3,3
42673,105,107,-2,2
42674,98,101,-3,3
42675,75,75,0,0
42676,50,56,-6,6
42677,67,66,1,1
42678,76,74,2,2
42679,80,73,7,7
42680,124,130,-6,6
42681,60,68,-8,8
42682,73,71,2,2
42683,52,51,1,1
42684,102,103,-1,1
42685,29,38,-9,9
42686,66,73,-7,7
42687,80,69,11,11
42688,76,73,3,3
42689,107,106,1,1
42690,68,58,10,10
42691,129,121,8,8
42692,51,50,1,1
42693,131,138,-7,7
42694,73,79,-6,6
42695,157,155,2,2
42696,96,102,-6,6
42697,19,50,-31,31
42698,109,100,9,9
42699,67,66,1,1
42700,132,134,-2,2
42701,156,128,28,28
42702,85,95,-10,10
42703,90,89,1,1
42704,85,81,4,4
42705,44,54,-10,10
42706,150,144,6,6
42707,65,64,1,1
42708,91,104,-13,13
42709,63,78,-15,15
42710,80,85,-5,5
42711,163,175,-12,12
42712,110,102,8,8
42713,100,95,5,5
42714,89,81,8,8
42715,51,53,-2,2
42716,97,106,-9,9
42717,82,85,-3,3
42718,85,86,-1,1
42719,73,79,-6,6
42720,80,74,6,6
42721,50,61,-11,11
42722,81,76,5,5
42723,68,68,0,0
42724,76,77,-1,1
42725,75,68,7,7
42726,82,91,-9,9
42727,78,81,-3,3
42728,53,68,-15,15
42729,55,57,-2,2
42730,41,39,2,2
42731,95,93,2,2
42732,55,54,1,1
42733,99,116,-17,17
42734,64,71,-7,7
42735,93,108,-15,15
42736,61,57,4,4
42737,95,95,0,0
42738,116,120,-4,4
42739,83,73,10,10
42740,82,75,7,7
42741,137,119,18,18
42742,69,76,-7,7
42743,69,62,7,7
42744,60,55,5,5
42745,81,89,-8,8
42746,128,131,-3,3
42747,78,73,5,5
42748,79,85,-6,6
42749,74,82,-8,8
42750,69,70,-1,1
42751,140,132,8,8
42752,108,118,-10,10
42753,61,57,4,4
42754,142,147,-5,5
42755,42,39,3,3
42756,68,59,9,9
42757,74,72,2,2
42758,94,97,-3,3
42759,164,160,4,4
42760,77,74,3,3
42761,94,86,8,8
42762,192,203,-11,11
42763,121,124,-3,3
42764,61,59,2,2
42765,120,127,-7,7
42766,103,102,1,1
42767,89,86,3,3
42768,100,93,7,7
42769,97,90,7,7
42770,64,67,-3,3
42771,165,169,-4,4
42772,74,72,2,2
42773,65,66,-1,1
42774,39,51,-12,12
42775,183,178,5,5
42776,82,87,-5,5
42777,111,109,2,2
42778,150,139,11,11
42779,89,82,7,7
42780,116,115,1,1
42781,106,107,-1,1
42782,129,134,-5,5
42783,59,62,-3,3
42784,161,140,21,21
42785,108,127,-19,19
42786,63,74,-11,11
42787,114,112,2,2
42788,80,87,-7,7
42789,81,86,-5,5
42790,72,68,4,4
42791,99,93,6,6
42792,98,83,15,15
42793,111,99,12,12
42794,120,117,3,3
42795,119,118,1,1
42796,69,72,-3,3
42797,137,131,6,6
42798,130,133,-3,3
42799,106,95,11,11
42800,58,60,-2,2
42801,144,143,1,1
42802,117,123,-6,6
42803,146,163,-17,17
42804,137,136,1,1
42805,116,124,-8,8
42806,86,80,6,6
42807,89,86,3,3
42808,107,107,0,0
42809,108,113,-5,5
42810,109,99,10,10
42811,53,56,-3,3
42812,79,67,12,12
42813,59,61,-2,2
42814,84,83,1,1
42815,156,146,10,10
42816,121,121,0,0
42817,66,64,2,2
42818,74,70,4,4
42819,47,102,-55,55
42820,106,106,0,0
42821,98,90,8,8
42822,68,61,7,7
42823,58,66,-8,8
42824,86,88,-2,2
42825,87,93,-6,6
42826,85,92,-7,7
42827,143,142,1,1
42828,168,153,15,15
42829,63,71,-8,8
42830,72,119,-47,47
42831,170,190,-20,20
42832,139,148,-9,9
42833,104,115,-11,11
42834,66,57,9,9
42835,78,78,0,0
42836,66,59,7,7
42837,78,75,3,3
42838,178,166,12,12
42839,176,175,1,1
42840,77,71,6,6
42841,51,51,0,0
42842,112,96,16,16
42843,110,131,-21,21
42844,140,147,-7,7
42845,120,110,10,10
42846,88,89,-1,1
42847,85,95,-10,10
42848,166,157,9,9
42849,71,75,-4,4
42850,112,123,-11,11
42851,73,69,4,4
42852,80,82,-2,2
42853,113,129,-16,16
42854,62,64,-2,2
42855,94,76,18,18
42856,145,152,-7,7
42857,131,142,-11,11
42858,103,104,-1,1
42859,98,104,-6,6
42860,84,78,6,6
42861,133,125,8,8
42862,144,137,7,7
42863,141,134,7,7
42864,119,106,13,13
42865,87,85,2,2
42866,79,84,-5,5
42867,63,69,-6,6
42868,89,98,-9,9
42869,38,39,-1,1
42870,99,109,-10,10
42871,114,106,8,8
42872,129,118,11,11
42873,155,154,1,1
42874,87,72,15,15
42875,70,65,5,5
42876,112,105,7,7
42877,137,134,3,3
42878,92,88,4,4
42879,145,143,2,2
42880,154,138,16,16
42881,130,128,2,2
42882,45,37,8,8
42883,63,59,4,4
42884,58,52,6,6
42885,96,104,-8,8
42886,102,100,2,2
42887,118,128,-10,10
42888,119,119,0,0
42889,75,73,2,2
42890,115,117,-2,2
42891,94,95,-1,1
42892,108,105,3,3
42893,101,96,5,5
42894,136,138,-2,2
42895,110,113,-3,3
42896,127,120,7,7
42897,94,83,11,11
42898,124,111,13,13
42899,68,72,-4,4
42900,128,119,9,9
42901,138,140,-2,2
42902,83,86,-3,3
42903,125,108,17,17
42904,63,64,-1,1
42905,133,113,20,20
42906,77,73,4,4
42907,94,94,0,0
42908,116,105,11,11
42909,93,95,-2,2
42910,84,89,-5,5
42911,125,123,2,2
42912,123,130,-7,7
42913,92,89,3,3
42914,155,156,-1,1
42915,86,193,-107,107
42916,75,76,-1,1
42917,74,78,-4,4
42918,78,81,-3,3
42919,96,88,8,8
42920,113,122,-9,9
42921,139,168,-29,29
42922,95,88,7,7
42923,83,83,0,0
42924,128,131,-3,3
42925,102,104,-2,2
42926,124,143,-19,19
42927,71,71,0,0
42928,63,64,-1,1
42929,71,70,1,1
42930,131,138,-7,7
42931,115,136,-21,21
42932,91,88,3,3
42933,92,97,-5,5
42934,59,53,6,6
42935,138,139,-1,1
42936,71,67,4,4
42937,53,58,-5,5
42938,103,108,-5,5
42939,85,77,8,8
42940,92,95,-3,3
42941,109,122,-13,13
42942,74,85,-11,11
42943,100,98,2,2
42944,111,109,2,2
42945,112,111,1,1
42946,112,106,6,6
42947,31,39,-8,8
42948,57,66,-9,9
42949,194,189,5,5
42950,75,76,-1,1
42951,119,120,-1,1
42952,106,105,1,1
42953,89,75,14,14
42954,75,70,5,5
42955,77,80,-3,3
42956,68,70,-2,2
42957,48,48,0,0
42958,53,52,1,1
42959,91,91,0,0
42960,90,105,-15,15
42961,57,64,-7,7
42962,81,84,-3,3
42963,113,111,2,2
42964,89,88,1,1
42965,74,70,4,4
42966,89,89,0,0
42967,73,80,-7,7
42968,54,38,16,16
42969,77,80,-3,3
42970,108,98,10,10
42971,59,66,-7,7
42972,218,209,9,9
42973,118,131,-13,13
42974,86,94,-8,8
42975,153,151,2,2
42976,123,123,0,0
42977,117,119,-2,2
42978,51,39,12,12
42979,77,74,3,3
42980,59,57,2,2
42981,69,73,-4,4
42982,67,74,-7,7
42983,83,76,7,7
42984,137,128,9,9
42985,96,88,8,8
42986,68,66,2,2
42987,91,99,-8,8
42988,81,85,-4,4
42989,79,67,12,12
42990,50,38,12,12
42991,78,79,-1,1
42992,32,38,-6,6
42993,64,60,4,4
42994,80,90,-10,10
42995,99,103,-4,4
42996,131,143,-12,12
42997,48,53,-5,5
42998,77,68,9,9
42999,128,131,-3,3
43000,120,123,-3,3
43001,55,58,-3,3
43002,79,68,11,11
43003,85,84,1,1
43004,148,141,7,7
43005,136,135,1,1
43006,111,124,-13,13
43007,105,132,-27,27
43008,93,90,3,3
43009,79,75,4,4
43010,87,86,1,1
43011,69,74,-5,5
43012,109,105,4,4
43013,156,154,2,2
43014,106,109,-3,3
43015,105,105,0,0
43016,42,39,3,3
43017,84,78,6,6
43018,15,38,-23,23
43019,89,97,-8,8
43020,179,178,1,1
43021,65,66,-1,1
43022,108,116,-8,8
43023,40,39,1,1
43024,89,84,5,5
43025,138,130,8,8
43026,134,143,-9,9
43027,102,97,5,5
43028,103,102,1,1
43029,143,130,13,13
43030,65,70,-5,5
43031,74,69,5,5
43032,116,107,9,9
43033,79,80,-1,1
43034,74,76,-2,2
43035,91,70,21,21
43036,99,97,2,2
43037,64,59,5,5
43038,120,114,6,6
43039,103,95,8,8
43040,90,86,4,4
43041,51,48,3,3
43042,96,89,7,7
43043,77,72,5,5
43044,142,148,-6,6
43045,77,68,9,9
43046,90,88,2,2
43047,141,140,1,1
43048,85,90,-5,5
43049,98,91,7,7
43050,146,146,0,0
43051,120,114,6,6
43052,107,114,-7,7
43053,97,101,-4,4
43054,125,132,-7,7
43055,81,86,-5,5
43056,99,106,-7,7
43057,90,94,-4,4
43058,53,40,13,13
43059,88,78,10,10
43060,70,63,7,7
43061,57,74,-17,17
43062,77,71,6,6
43063,51,63,-12,12
43064,110,111,-1,1
43065,72,72,0,0
43066,101,102,-1,1
43067,177,163,14,14
43068,153,145,8,8
43069,157,160,-3,3
43070,67,68,-1,1
43071,63,61,2,2
43072,208,197,11,11
43073,84,81,3,3
43074,69,71,-2,2
43075,110,96,14,14
43076,85,70,15,15
43077,37,38,-1,1
43078,142,122,20,20
43079,82,94,-12,12
43080,81,89,-8,8
43081,94,94,0,0
43082,143,148,-5,5
43083,118,113,5,5
43084,86,96,-10,10
43085,76,80,-4,4
43086,73,61,12,12
43087,131,116,15,15
43088,53,67,-14,14
43089,66,65,1,1
43090,101,105,-4,4
43091,115,116,-1,1
43092,136,134,2,2
43093,61,85,-24,24
43094,86,90,-4,4
43095,71,81,-10,10
43096,81,82,-1,1
43097,69,79,-10,10
43098,36,39,-3,3
43099,157,158,-1,1
43100,57,58,-1,1
43101,73,63,10,10
43102,185,173,12,12
43103,62,55,7,7
43104,123,125,-2,2
43105,65,64,1,1
43106,73,68,5,5
43107,98,99,-1,1
43108,101,96,5,5
43109,104,101,3,3
43110,83,87,-4,4
43111,58,61,-3,3
43112,85,87,-2,2
43113,55,56,-1,1
43114,80,72,8,8
43115,66,62,4,4
43116,83,77,6,6
43117,107,116,-9,9
43118,104,98,6,6
43119,44,38,6,6
43120,63,68,-5,5
43121,85,80,5,5
43122,133,130,3,3
43123,59,56,3,3
43124,130,108,22,22
43125,74,74,0,0
43126,62,59,3,3
43127,109,99,10,10
43128,71,74,-3,3
43129,55,88,-33,33
43130,142,146,-4,4
43131,117,125,-8,8
43132,110,105,5,5
43133,35,54,-19,19
43134,85,89,-4,4
43135,63,60,3,3
43136,79,89,-10,10
43137,101,97,4,4
43138,73,76,-3,3
43139,150,161,-11,11
43140,164,146,18,18
43141,121,120,1,1
43142,56,58,-2,2
43143,82,86,-4,4
43144,115,133,-18,18
43145,103,95,8,8
43146,80,75,5,5
43147,90,100,-10,10
43148,103,99,4,4
43149,122,128,-6,6
43150,113,118,-5,5
43151,62,69,-7,7
43152,120,122,-2,2
43153,94,95,-1,1
43154,93,92,1,1
43155,52,52,0,0
43156,89,81,8,8
43157,72,58,14,14
43158,65,61,4,4
43159,92,88,4,4
43160,59,58,1,1
43161,86,108,-22,22
43162,119,110,9,9
43163,64,66,-2,2
43164,142,119,23,23
43165,80,84,-4,4
43166,68,68,0,0
43167,85,88,-3,3
43168,69,66,3,3
43169,157,156,1,1
43170,120,107,13,13
43171,135,132,3,3
43172,72,67,5,5
43173,99,89,10,10
43174,88,95,-7,7
43175,101,100,1,1
43176,72,74,-2,2
43177,166,180,-14,14
43178,49,49,0,0
43179,89,84,5,5
43180,113,106,7,7
43181,113,108,5,5
43182,85,89,-4,4
43183,67,75,-8,8
43184,89,94,-5,5
43185,63,65,-2,2
43186,52,93,-41,41
43187,127,121,6,6
43188,106,104,2,2
43189,120,106,14,14
43190,97,114,-17,17
43191,57,61,-4,4
43192,68,75,-7,7
43193,105,111,-6,6
43194,106,111,-5,5
43195,133,135,-2,2
43196,63,70,-7,7
43197,58,59,-1,1
43198,106,113,-7,7
43199,103,96,7,7
43200,71,71,0,0
43201,103,104,-1,1
43202,42,38,4,4
43203,91,87,4,4
43204,103,112,-9,9
43205,90,89,1,1
43206,103,107,-4,4
43207,111,104,7,7
43208,132,122,10,10
43209,115,114,1,1
43210,121,129,-8,8
43211,122,112,10,10
43212,132,127,5,5
43213,32,39,-7,7
43214,110,104,6,6
43215,87,89,-2,2
43216,135,134,1,1
43217,102,99,3,3
43218,82,87,-5,5
43219,131,124,7,7
43220,102,105,-3,3
43221,52,52,0,0
43222,100,112,-12,12
43223,100,96,4,4
43224,90,93,-3,3
43225,85,93,-8,8
43226,61,64,-3,3
43227,154,169,-15,15
43228,137,130,7,7
43229,107,100,7,7
43230,98,99,-1,1
43231,92,88,4,4
43232,191,178,13,13
43233,113,123,-10,10
43234,104,109,-5,5
43235,62,57,5,5
43236,80,79,1,1
43237,50,49,1,1
43238,100,87,13,13
43239,126,128,-2,2
43240,113,108,5,5
43241,69,70,-1,1
43242,62,61,1,1
43243,52,69,-17,17
43244,118,119,-1,1
43245,59,62,-3,3
43246,40,38,2,2
43247,93,94,-1,1
43248,105,114,-9,9
43249,127,118,9,9
43250,84,94,-10,10
43251,93,103,-10,10
43252,121,131,-10,10
43253,94,100,-6,6
43254,64,68,-4,4
43255,109,105,4,4
43256,123,138,-15,15
43257,130,129,1,1
43258,138,137,1,1
43259,67,70,-3,3
43260,99,100,-1,1
43261,84,80,4,4
43262,112,126,-14,14
43263,103,104,-1,1
43264,60,57,3,3
43265,90,108,-18,18
43266,131,141,-10,10
43267,47,47,0,0
43268,90,87,3,3
43269,81,82,-1,1
43270,84,82,2,2
43271,81,83,-2,2
43272,105,111,-6,6
43273,67,68,-1,1
43274,86,89,-3,3
43275,140,148,-8,8
43276,78,70,8,8
43277,96,94,2,2
43278,102,105,-3,3
43279,43,39,4,4
43280,71,82,-11,11
43281,91,99,-8,8
43282,84,83,1,1
43283,125,122,3,3
43284,50,62,-12,12
43285,90,96,-6,6
43286,68,67,1,1
43287,129,127,2,2
43288,133,141,-8,8
43289,72,91,-19,19
43290,150,150,0,0
43291,179,170,9,9
43292,96,94,2,2
43293,72,68,4,4
43294,178,158,20,20
43295,89,90,-1,1
43296,129,120,9,9
43297,84,78,6,6
43298,87,83,4,4
43299,82,74,8,8
43300,82,92,-10,10
43301,91,88,3,3
43302,112,118,-6,6
43303,88,93,-5,5
43304,100,109,-9,9
43305,164,163,1,1
43306,89,93,-4,4
43307,72,79,-7,7
43308,111,119,-8,8
43309,123,131,-8,8
43310,163,149,14,14
43311,65,65,0,0
43312,130,142,-12,12
43313,145,147,-2,2
43314,92,93,-1,1
43315,50,58,-8,8
43316,73,88,-15,15
43317,57,60,-3,3
43318,89,74,15,15
43319,82,82,0,0
43320,67,65,2,2
43321,91,102,-11,11
43322,112,111,1,1
43323,73,73,0,0
43324,64,62,2,2
43325,119,135,-16,16
43326,61,55,6,6
43327,26,37,-11,11
43328,67,68,-1,1
43329,178,172,6,6
43330,97,86,11,11
43331,132,115,17,17
43332,121,128,-7,7
43333,143,124,19,19
43334,92,99,-7,7
43335,78,82,-4,4
43336,99,106,-7,7
43337,68,64,4,4
43338,61,57,4,4
43339,139,147,-8,8
43340,162,166,-4,4
43341,86,83,3,3
43342,106,104,2,2
43343,48,51,-3,3
43344,125,119,6,6
43345,123,124,-1,1
43346,117,117,0,0
43347,229,209,20,20
43348,83,88,-5,5
43349,72,113,-41,41
43350,130,131,-1,1
43351,49,48,1,1
43352,124,125,-1,1
43353,123,128,-5,5
43354,127,136,-9,9
43355,78,78,0,0
43356,87,112,-25,25
43357,129,118,11,11
43358,97,90,7,7
43359,129,148,-19,19
43360,69,68,1,1
43361,84,84,0,0
43362,122,112,10,10
43363,158,147,11,11
43364,77,85,-8,8
43365,86,97,-11,11
43366,100,106,-6,6
43367,93,100,-7,7
43368,117,115,2,2
43369,139,131,8,8
43370,100,94,6,6
43371,162,156,6,6
43372,68,70,-2,2
43373,68,68,0,0
43374,85,77,8,8
43375,105,97,8,8
43376,174,163,11,11
43377,85,87,-2,2
43378,108,103,5,5
43379,67,67,0,0
43380,115,115,0,0
43381,63,61,2,2
43382,107,105,2,2
43383,99,106,-7,7
43384,52,53,-1,1
43385,87,84,3,3
43386,125,93,32,32
43387,64,57,7,7
43388,101,105,-4,4
43389,118,119,-1,1
43390,129,130,-1,1
43391,100,101,-1,1
43392,71,64,7,7
43393,70,81,-11,11
43394,70,80,-10,10
43395,101,86,15,15
43396,71,75,-4,4
43397,70,68,2,2
43398,115,113,2,2
43399,56,55,1,1
43400,106,101,5,5
43401,125,125,0,0
43402,104,104,0,0
43403,84,83,1,1
43404,64,67,-3,3
43405,82,85,-3,3
43406,99,107,-8,8
43407,167,165,2,2
43408,107,109,-2,2
43409,91,89,2,2
43410,83,88,-5,5
43411,89,77,12,12
43412,92,91,1,1
43413,114,108,6,6
43414,126,106,20,20
43415,133,124,9,9
43416,51,55,-4,4
43417,87,82,5,5
43418,67,63,4,4
43419,67,64,3,3
43420,142,134,8,8
43421,139,125,14,14
43422,125,113,12,12
43423,81,76,5,5
43424,210,195,15,15
43425,113,111,2,2
43426,57,70,-13,13
43427,94,95,-1,1
43428,121,96,25,25
43429,107,107,0,0
43430,38,39,-1,1
43431,81,86,-5,5
43432,126,114,12,12
43433,248,254,-6,6
43434,92,93,-1,1
43435,153,151,2,2
43436,127,130,-3,3
43437,45,50,-5,5
43438,81,106,-25,25
43439,164,166,-2,2
43440,140,155,-15,15
43441,114,115,-1,1
43442,115,117,-2,2
43443,87,83,4,4
43444,57,58,-1,1
43445,51,42,9,9
43446,95,108,-13,13
43447,33,38,-5,5
43448,128,125,3,3
43449,101,98,3,3
43450,75,76,-1,1
43451,138,140,-2,2
43452,136,125,11,11
43453,63,84,-21,21
43454,80,68,12,12
43455,90,104,-14,14
43456,47,48,-1,1
43457,96,95,1,1
43458,62,57,5,5
43459,98,93,5,5
43460,140,142,-2,2
43461,84,79,5,5
43462,143,151,-8,8
43463,84,88,-4,4
43464,151,154,-3,3
43465,87,75,12,12
43466,107,115,-8,8
43467,118,111,7,7
43468,60,63,-3,3
43469,82,84,-2,2
43470,167,166,1,1
43471,110,100,10,10
43472,98,98,0,0
43473,83,85,-2,2
43474,76,74,2,2
43475,93,100,-7,7
43476,102,103,-1,1
43477,76,66,10,10
43478,76,83,-7,7
43479,115,114,1,1
43480,77,83,-6,6
43481,98,95,3,3
43482,149,146,3,3
43483,78,75,3,3
43484,119,121,-2,2
43485,121,118,3,3
43486,46,76,-30,30
43487,67,73,-6,6
43488,129,119,10,10
43489,114,121,-7,7
43490,73,73,0,0
43491,118,121,-3,3
43492,90,92,-2,2
43493,165,169,-4,4
43494,147,151,-4,4
43495,52,47,5,5
43496,111,123,-12,12
43497,160,148,12,12
43498,88,95,-7,7
43499,105,106,-1,1
43500,105,94,11,11
43501,90,96,-6,6
43502,120,126,-6,6
43503,89,75,14,14
43504,79,81,-2,2
43505,82,92,-10,10
43506,122,129,-7,7
43507,96,94,2,2
43508,48,52,-4,4
43509,70,62,8,8
43510,65,75,-10,10
43511,78,81,-3,3
43512,133,137,-4,4
43513,48,50,-2,2
43514,90,90,0,0
43515,54,56,-2,2
43516,104,95,9,9
43517,91,82,9,9
43518,112,114,-2,2
43519,63,68,-5,5
43520,113,111,2,2
43521,99,87,12,12
43522,100,99,1,1
43523,69,67,2,2
43524,122,119,3,3
43525,84,88,-4,4
43526,119,108,11,11
43527,103,97,6,6
43528,91,109,-18,18
43529,55,58,-3,3
43530,64,66,-2,2
43531,87,84,3,3
43532,220,214,6,6
43533,85,87,-2,2
43534,63,68,-5,5
43535,64,64,0,0
43536,109,122,-13,13
43537,80,77,3,3
43538,91,88,3,3
43539,146,150,-4,4
43540,125,127,-2,2
43541,130,139,-9,9
43542,127,145,-18,18
43543,113,104,9,9
43544,125,127,-2,2
43545,84,85,-1,1
43546,111,111,0,0
43547,138,132,6,6
43548,47,47,0,0
43549,75,84,-9,9
43550,98,110,-12,12
43551,163,160,3,3
43552,140,129,11,11
43553,50,38,12,12
43554,77,76,1,1
43555,64,57,7,7
43556,76,72,4,4
43557,108,109,-1,1
43558,53,49,4,4
43559,65,72,-7,7
43560,197,197,0,0
43561,182,177,5,5
43562,71,66,5,5
43563,134,118,16,16
43564,126,119,7,7
43565,54,57,-3,3
43566,132,141,-9,9
43567,86,82,4,4
43568,106,110,-4,4
43569,53,58,-5,5
43570,87,92,-5,5
43571,80,81,-1,1
43572,150,160,-10,10
43573,49,49,0,0
43574,137,107,30,30
43575,51,52,-1,1
43576,90,83,7,7
43577,125,125,0,0
43578,110,116,-6,6
43579,112,119,-7,7
43580,51,53,-2,2
43581,105,95,10,10
43582,110,117,-7,7
43583,93,97,-4,4
43584,169,166,3,3
43585,97,81,16,16
43586,97,81,16,16
43587,89,93,-4,4
43588,75,76,-1,1
43589,119,121,-2,2
43590,93,99,-6,6
43591,53,57,-4,4
43592,121,106,15,15
43593,61,74,-13,13
43594,98,106,-8,8
43595,92,95,-3,3
43596,63,59,4,4
43597,101,91,10,10
43598,180,176,4,4
43599,70,67,3,3
43600,66,64,2,2
43601,121,205,-84,84
43602,100,101,-1,1
43603,151,154,-3,3
43604,44,61,-17,17
43605,93,95,-2,2
43606,79,72,7,7
43607,133,123,10,10
43608,51,53,-2,2
43609,111,115,-4,4
43610,83,85,-2,2
43611,93,103,-10,10
43612,78,68,10,10
43613,75,73,2,2
43614,133,136,-3,3
43615,128,118,10,10
43616,98,106,-8,8
43617,137,126,11,11
43618,79,87,-8,8
43619,90,87,3,3
43620,62,66,-4,4
43621,170,178,-8,8
43622,123,124,-1,1
43623,57,62,-5,5
43624,87,99,-12,12
43625,35,48,-13,13
43626,76,85,-9,9
43627,95,84,11,11
43628,63,62,1,1
43629,74,73,1,1
43630,125,135,-10,10
43631,115,117,-2,2
43632,63,63,0,0
43633,141,138,3,3
43634,78,78,0,0
43635,71,71,0,0
43636,90,91,-1,1
43637,235,234,1,1
43638,118,108,10,10
43639,65,69,-4,4
43640,98,93,5,5
43641,97,106,-9,9
43642,48,56,-8,8
43643,110,114,-4,4
43644,96,94,2,2
43645,119,117,2,2
43646,141,142,-1,1
43647,80,81,-1,1
43648,88,114,-26,26
43649,93,94,-1,1
43650,141,143,-2,2
43651,59,81,-22,22
43652,98,98,0,0
43653,66,76,-10,10
43654,91,92,-1,1
43655,90,89,1,1
43656,111,114,-3,3
43657,96,97,-1,1
43658,103,99,4,4
43659,59,55,4,4
43660,68,71,-3,3
43661,73,70,3,3
43662,60,65,-5,5
43663,75,91,-16,16
43664,65,67,-2,2
43665,91,93,-2,2
43666,53,59,-6,6
43667,97,102,-5,5
43668,66,60,6,6
43669,94,98,-4,4
43670,97,97,0,0
43671,81,81,0,0
43672,134,131,3,3
43673,96,103,-7,7
43674,115,119,-4,4
43675,51,72,-21,21
43676,75,79,-4,4
43677,157,152,5,5
43678,86,88,-2,2
43679,147,154,-7,7
43680,85,84,1,1
43681,88,92,-4,4
43682,46,46,0,0
43683,119,122,-3,3
43684,109,105,4,4
43685,142,149,-7,7
43686,95,98,-3,3
43687,93,103,-10,10
43688,79,79,0,0
43689,142,143,-1,1
43690,83,87,-4,4
43691,93,93,0,0
43692,149,112,37,37
43693,114,105,9,9
43694,99,89,10,10
43695,125,131,-6,6
43696,116,112,4,4
43697,131,139,-8,8
43698,103,95,8,8
43699,79,72,7,7
43700,171,175,-4,4
43701,69,75,-6,6
43702,78,88,-10,10
43703,67,78,-11,11
43704,82,81,1,1
43705,110,116,-6,6
43706,171,167,4,4
43707,46,39,7,7
43708,60,58,2,2
43709,179,170,9,9
43710,68,74,-6,6
43711,66,63,3,3
43712,67,66,1,1
43713,87,106,-19,19
43714,61,62,-1,1
43715,61,62,-1,1
43716,122,130,-8,8
43717,96,96,0,0
43718,106,94,12,12
43719,54,52,2,2
43720,76,77,-1,1
43721,111,119,-8,8
43722,44,38,6,6
43723,163,168,-5,5
43724,71,61,10,10
43725,74,71,3,3
43726,97,100,-3,3
43727,134,133,1,1
43728,82,75,7,7
43729,79,100,-21,21
43730,138,126,12,12
43731,82,96,-14,14
43732,152,155,-3,3
43733,111,119,-8,8
43734,123,118,5,5
43735,77,68,9,9
43736,146,140,6,6
43737,82,79,3,3
43738,69,72,-3,3
43739,91,100,-9,9
43740,166,160,6,6
43741,53,54,-1,1
43742,71,69,2,2
43743,84,81,3,3
43744,68,72,-4,4
43745,94,106,-12,12
43746,101,133,-32,32
43747,106,103,3,3
43748,93,85,8,8
43749,69,71,-2,2
43750,136,126,10,10
43751,90,91,-1,1
43752,87,76,11,11
43753,64,59,5,5
43754,62,104,-42,42
43755,77,86,-9,9
43756,47,63,-16,16
43757,122,126,-4,4
43758,67,68,-1,1
43759,87,100,-13,13
43760,84,73,11,11
43761,68,71,-3,3
43762,60,63,-3,3
43763,75,75,0,0
43764,90,86,4,4
43765,69,84,-15,15
43766,77,75,2,2
43767,82,78,4,4
43768,127,127,0,0
43769,58,59,-1,1
43770,151,142,9,9
43771,125,139,-14,14
43772,114,113,1,1
43773,106,114,-8,8
43774,85,89,-4,4
43775,92,93,-1,1
43776,70,66,4,4
43777,124,125,-1,1
43778,97,104,-7,7
43779,71,74,-3,3
43780,146,152,-6,6
43781,93,95,-2,2
43782,91,86,5,5
43783,63,62,1,1
43784,60,58,2,2
43785,84,101,-17,17
43786,192,205,-13,13
43787,93,88,5,5
43788,133,125,8,8
43789,95,94,1,1
43790,65,58,7,7
43791,81,91,-10,10
43792,107,113,-6,6
43793,131,123,8,8
43794,130,137,-7,7
43795,68,63,5,5
43796,77,82,-5,5
43797,112,122,-10,10
43798,67,75,-8,8
43799,91,92,-1,1
43800,90,87,3,3
43801,125,128,-3,3
43802,69,63,6,6
43803,106,106,0,0
43804,110,103,7,7
43805,65,62,3,3
43806,87,85,2,2
43807,60,53,7,7
43808,91,87,4,4
43809,153,143,10,10
43810,95,96,-1,1
43811,150,146,4,4
43812,61,67,-6,6
43813,169,187,-18,18
43814,76,74,2,2
43815,93,93,0,0
43816,75,69,6,6
43817,76,86,-10,10
43818,85,106,-21,21
43819,63,69,-6,6
43820,86,91,-5,5
43821,111,105,6,6
43822,81,78,3,3
43823,225,180,45,45
43824,49,44,5,5
43825,90,94,-4,4
43826,67,65,2,2
43827,109,116,-7,7
43828,103,96,7,7
43829,73,69,4,4
43830,137,137,0,0
43831,93,101,-8,8
43832,68,67,1,1
43833,82,95,-13,13
43834,66,72,-6,6
43835,110,95,15,15
43836,170,180,-10,10
43837,104,102,2,2
43838,73,79,-6,6
43839,137,129,8,8
43840,55,53,2,2
43841,52,59,-7,7
43842,95,87,8,8
43843,48,39,9,9
43844,67,77,-10,10
43845,64,64,0,0
43846,71,67,4,4
43847,77,75,2,2
43848,66,60,6,6
43849,78,75,3,3
43850,71,74,-3,3
43851,117,121,-4,4
43852,83,74,9,9
43853,43,39,4,4
43854,100,94,6,6
43855,50,55,-5,5
43856,140,147,-7,7
43857,86,102,-16,16
43858,63,59,4,4
43859,91,91,0,0
43860,113,110,3,3
43861,63,63,0,0
43862,61,58,3,3
43863,78,87,-9,9
43864,34,39,-5,5
43865,90,106,-16,16
43866,47,39,8,8
43867,64,71,-7,7
43868,58,64,-6,6
43869,116,123,-7,7
43870,117,116,1,1
43871,84,92,-8,8
43872,105,109,-4,4
43873,86,88,-2,2
43874,68,68,0,0
43875,131,142,-11,11
43876,77,81,-4,4
43877,76,68,8,8
43878,117,109,8,8
43879,97,93,4,4
43880,123,122,1,1
43881,98,102,-4,4
43882,71,68,3,3
43883,127,126,1,1
43884,56,53,3,3
43885,122,113,9,9
43886,49,55,-6,6
43887,60,62,-2,2
43888,115,109,6,6
43889,78,83,-5,5
43890,46,51,-5,5
43891,119,120,-1,1
43892,129,151,-22,22
43893,66,63,3,3
43894,142,145,-3,3
43895,79,78,1,1
43896,71,77,-6,6
43897,144,145,-1,1
43898,106,113,-7,7
43899,77,82,-5,5
43900,74,81,-7,7
43901,69,70,-1,1
43902,88,85,3,3
43903,59,59,0,0
43904,123,119,4,4
43905,54,56,-2,2
43906,43,45,-2,2
43907,155,140,15,15
43908,68,67,1,1
43909,131,133,-2,2
43910,146,139,7,7
43911,102,88,14,14
43912,80,84,-4,4
43913,57,63,-6,6
43914,81,82,-1,1
43915,104,119,-15,15
43916,39,39,0,0
43917,78,83,-5,5
43918,112,110,2,2
43919,44,87,-43,43
43920,79,78,1,1
43921,132,132,0,0
43922,117,126,-9,9
43923,80,85,-5,5
43924,88,82,6,6
43925,61,59,2,2
43926,57,49,8,8
43927,123,127,-4,4
43928,60,64,-4,4
43929,113,109,4,4
43930,64,68,-4,4
43931,101,93,8,8
43932,143,145,-2,2
43933,71,75,-4,4
43934,80,72,8,8
43935,70,66,4,4
43936,45,38,7,7
43937,44,47,-3,3
43938,92,86,6,6
43939,67,72,-5,5
43940,63,54,9,9
43941,139,136,3,3
43942,127,120,7,7
43943,69,64,5,5
43944,136,134,2,2
43945,109,120,-11,11
43946,120,121,-1,1
43947,63,61,2,2
43948,50,53,-3,3
43949,97,94,3,3
43950,103,96,7,7
43951,89,89,0,0
43952,85,77,8,8
43953,173,173,0,0
43954,128,131,-3,3
43955,171,178,-7,7
43956,49,39,10,10
43957,99,87,12,12
43958,129,139,-10,10
43959,85,90,-5,5
43960,102,99,3,3
43961,124,127,-3,3
43962,122,113,9,9
43963,137,136,1,1
43964,89,98,-9,9
43965,51,51,0,0
43966,81,101,-20,20
43967,88,82,6,6
43968,76,83,-7,7
43969,111,119,-8,8
43970,86,85,1,1
43971,131,129,2,2
43972,23,38,-15,15
43973,109,109,0,0
43974,84,84,0,0
43975,101,102,-1,1
43976,139,142,-3,3
43977,58,70,-12,12
43978,71,72,-1,1
43979,95,83,12,12
43980,70,63,7,7
43981,65,69,-4,4
43982,95,91,4,4
43983,109,106,3,3
43984,57,58,-1,1
43985,103,103,0,0
43986,184,170,14,14
43987,80,79,1,1
43988,103,104,-1,1
43989,94,128,-34,34
43990,62,58,4,4
43991,110,92,18,18
43992,109,113,-4,4
43993,47,51,-4,4
43994,107,114,-7,7
43995,184,171,13,13
43996,122,140,-18,18
43997,155,160,-5,5
43998,66,70,-4,4
43999,63,60,3,3
44000,104,122,-18,18
44001,100,91,9,9
44002,82,104,-22,22
44003,162,166,-4,4
44004,122,128,-6,6
44005,78,137,-59,59
44006,71,63,8,8
44007,131,116,15,15
44008,113,105,8,8
44009,84,90,-6,6
44010,65,60,5,5
44011,81,87,-6,6
44012,93,83,10,10
44013,67,69,-2,2
44014,148,134,14,14
44015,72,81,-9,9
44016,106,97,9,9
44017,79,90,-11,11
44018,113,117,-4,4
44019,66,63,3,3
44020,68,65,3,3
44021,63,59,4,4
44022,81,99,-18,18
44023,117,116,1,1
44024,70,109,-39,39
44025,78,77,1,1
44026,165,181,-16,16
44027,40,39,1,1
44028,85,92,-7,7
44029,73,111,-38,38
44030,104,99,5,5
44031,129,119,10,10
44032,116,111,5,5
44033,115,112,3,3
44034,82,79,3,3
44035,84,88,-4,4
44036,82,89,-7,7
44037,29,62,-33,33
44038,64,76,-12,12
44039,66,56,10,10
44040,114,113,1,1
44041,146,136,10,10
44042,65,60,5,5
44043,42,39,3,3
44044,157,164,-7,7
44045,89,86,3,3
44046,116,136,-20,20
44047,54,52,2,2
44048,77,74,3,3
44049,79,85,-6,6
44050,137,139,-2,2
44051,67,64,3,3
44052,105,116,-11,11
44053,149,127,22,22
44054,57,61,-4,4
44055,104,116,-12,12
44056,89,99,-10,10
44057,82,89,-7,7
44058,106,127,-21,21
44059,191,191,0,0
44060,87,85,2,2
44061,58,57,1,1
44062,114,115,-1,1
44063,114,120,-6,6
44064,118,113,5,5
44065,159,157,2,2
44066,58,50,8,8
44067,95,96,-1,1
44068,74,76,-2,2
44069,135,123,12,12
44070,134,139,-5,5
44071,87,79,8,8
44072,130,120,10,10
44073,119,119,0,0
44074,142,137,5,5
44075,152,155,-3,3
44076,105,103,2,2
44077,63,61,2,2
44078,92,93,-1,1
44079,75,68,7,7
44080,96,94,2,2
44081,75,65,10,10
44082,56,54,2,2
44083,72,69,3,3
44084,89,108,-19,19
44085,58,61,-3,3
44086,76,72,4,4
44087,90,104,-14,14
44088,73,82,-9,9
44089,78,79,-1,1
44090,110,122,-12,12
44091,174,160,14,14
44092,104,90,14,14
44093,94,100,-6,6
44094,165,155,10,10
44095,107,100,7,7
44096,78,79,-1,1
44097,90,86,4,4
44098,124,122,2,2
44099,129,121,8,8
44100,66,62,4,4
44101,73,82,-9,9
44102,139,147,-8,8
44103,72,76,-4,4
44104,140,138,2,2
44105,93,99,-6,6
44106,135,131,4,4
44107,56,54,2,2
44108,76,69,7,7
44109,102,102,0,0
44110,102,108,-6,6
44111,130,124,6,6
44112,152,158,-6,6
44113,76,73,3,3
44114,178,186,-8,8
44115,85,77,8,8
44116,78,71,7,7
44117,97,115,-18,18
44118,113,125,-12,12
44119,81,88,-7,7
44120,65,75,-10,10
44121,42,38,4,4
44122,72,87,-15,15
44123,115,115,0,0
44124,80,87,-7,7
44125,39,38,1,1
44126,85,81,4,4
44127,101,96,5,5
44128,158,160,-2,2
44129,91,95,-4,4
44130,68,67,1,1
44131,112,121,-9,9
44132,161,165,-4,4
44133,147,161,-14,14
44134,63,65,-2,2
44135,60,80,-20,20
44136,84,85,-1,1
44137,112,114,-2,2
44138,129,123,6,6
44139,136,139,-3,3
44140,130,130,0,0
44141,74,75,-1,1
44142,111,114,-3,3
44143,118,121,-3,3
44144,60,55,5,5
44145,59,69,-10,10
44146,90,92,-2,2
44147,72,77,-5,5
44148,118,120,-2,2
44149,63,61,2,2
44150,91,90,1,1
44151,106,113,-7,7
44152,89,87,2,2
44153,111,115,-4,4
44154,131,133,-2,2
44155,85,94,-9,9
44156,97,102,-5,5
44157,41,39,2,2
44158,104,108,-4,4
44159,137,147,-10,10
44160,110,105,5,5
44161,50,77,-27,27
44162,143,137,6,6
44163,110,110,0,0
44164,79,83,-4,4
44165,79,80,-1,1
44166,71,77,-6,6
44167,116,121,-5,5
44168,89,86,3,3
44169,85,91,-6,6
44170,62,67,-5,5
44171,105,95,10,10
44172,110,116,-6,6
44173,68,76,-8,8
44174,125,134,-9,9
44175,120,118,2,2
44176,118,118,0,0
44177,63,61,2,2
44178,42,38,4,4
44179,49,55,-6,6
44180,96,93,3,3
44181,107,110,-3,3
44182,108,117,-9,9
44183,94,95,-1,1
44184,89,89,0,0
44185,117,116,1,1
44186,120,127,-7,7
44187,71,69,2,2
44188,71,74,-3,3
44189,58,62,-4,4
44190,90,102,-12,12
44191,118,109,9,9
44192,43,64,-21,21
44193,78,78,0,0
44194,159,155,4,4
44195,99,111,-12,12
44196,92,98,-6,6
44197,148,138,10,10
44198,97,87,10,10
44199,84,92,-8,8
44200,45,42,3,3
44201,63,65,-2,2
44202,117,109,8,8
44203,122,120,2,2
44204,115,111,4,4
44205,110,105,5,5
44206,114,109,5,5
44207,71,72,-1,1
44208,132,146,-14,14
44209,73,69,4,4
44210,137,134,3,3
44211,79,71,8,8
44212,79,72,7,7
44213,106,105,1,1
44214,99,94,5,5
44215,77,102,-25,25
44216,127,133,-6,6
44217,96,90,6,6
44218,66,62,4,4
44219,63,61,2,2
44220,95,99,-4,4
44221,97,94,3,3
44222,42,39,3,3
44223,60,39,21,21
44224,59,63,-4,4
44225,66,63,3,3
44226,140,103,37,37
44227,64,66,-2,2
44228,72,72,0,0
44229,85,83,2,2
44230,119,101,18,18
44231,99,93,6,6
44232,133,126,7,7
44233,75,81,-6,6
44234,66,65,1,1
44235,102,97,5,5
44236,63,68,-5,5
44237,133,127,6,6
44238,144,144,0,0
44239,141,129,12,12
44240,97,104,-7,7
44241,90,98,-8,8
44242,124,130,-6,6
44243,123,129,-6,6
44244,191,180,11,11
44245,62,57,5,5
44246,58,59,-1,1
44247,98,92,6,6
44248,113,113,0,0
44249,107,99,8,8
44250,106,108,-2,2
44251,95,95,0,0
44252,144,141,3,3
44253,50,49,1,1
44254,195,179,16,16
44255,122,102,20,20
44256,97,85,12,12
44257,71,60,11,11
44258,153,151,2,2
44259,67,68,-1,1
44260,51,53,-2,2
44261,65,70,-5,5
44262,78,75,3,3
44263,87,86,1,1
44264,72,78,-6,6
44265,81,80,1,1
44266,149,149,0,0
44267,119,104,15,15
44268,102,93,9,9
44269,93,91,2,2
44270,116,120,-4,4
44271,125,125,0,0
44272,138,133,5,5
44273,75,83,-8,8
44274,100,100,0,0
44275,107,99,8,8
44276,91,119,-28,28
44277,135,136,-1,1
44278,47,52,-5,5
44279,95,90,5,5
44280,88,101,-13,13
44281,71,65,6,6
44282,110,128,-18,18
44283,108,109,-1,1
44284,49,62,-13,13
44285,48,43,5,5
44286,93,93,0,0
44287,94,96,-2,2
44288,140,140,0,0
44289,68,57,11,11
44290,79,90,-11,11
44291,147,150,-3,3
44292,107,96,11,11
44293,77,75,2,2
44294,87,88,-1,1
44295,183,188,-5,5
44296,123,117,6,6
44297,143,139,4,4
44298,94,93,1,1
44299,96,90,6,6
44300,85,93,-8,8
44301,112,115,-3,3
44302,82,83,-1,1
44303,103,102,1,1
44304,98,102,-4,4
44305,104,111,-7,7
44306,81,75,6,6
44307,57,57,0,0
44308,113,132,-19,19
44309,80,82,-2,2
44310,117,117,0,0
44311,68,61,7,7
44312,76,75,1,1
44313,69,83,-14,14
44314,86,94,-8,8
44315,107,97,10,10
44316,63,58,5,5
44317,127,128,-1,1
44318,87,84,3,3
44319,82,79,3,3
44320,92,89,3,3
44321,78,81,-3,3
44322,117,114,3,3
44323,93,102,-9,9
44324,116,119,-3,3
44325,51,54,-3,3
44326,80,77,3,3
44327,126,134,-8,8
44328,48,69,-21,21
44329,183,190,-7,7
44330,61,62,-1,1
44331,128,133,-5,5
44332,95,86,9,9
44333,107,95,12,12
44334,87,94,-7,7
44335,136,142,-6,6
44336,49,51,-2,2
44337,77,69,8,8
44338,114,111,3,3
44339,139,129,10,10
44340,90,92,-2,2
44341,164,184,-20,20
44342,124,138,-14,14
44343,115,119,-4,4
44344,111,105,6,6
44345,144,148,-4,4
44346,72,80,-8,8
44347,121,119,2,2
44348,131,122,9,9
44349,99,110,-11,11
44350,55,61,-6,6
44351,125,118,7,7
44352,43,39,4,4
44353,75,66,9,9
44354,71,68,3,3
44355,62,64,-2,2
44356,86,85,1,1
44357,78,80,-2,2
44358,101,99,2,2
44359,81,85,-4,4
44360,144,136,8,8
44361,121,112,9,9
44362,84,86,-2,2
44363,91,88,3,3
44364,108,129,-21,21
44365,84,84,0,0
44366,96,90,6,6
44367,130,133,-3,3
44368,53,52,1,1
44369,111,123,-12,12
44370,65,56,9,9
44371,138,130,8,8
44372,39,39,0,0
44373,54,58,-4,4
44374,48,39,9,9
44375,62,58,4,4
44376,110,113,-3,3
44377,88,90,-2,2
44378,92,86,6,6
44379,124,120,4,4
44380,86,88,-2,2
44381,89,100,-11,11
44382,96,104,-8,8
44383,50,53,-3,3
44384,92,86,6,6
44385,70,73,-3,3
44386,101,102,-1,1
44387,143,138,5,5
44388,128,143,-15,15
44389,83,85,-2,2
44390,59,59,0,0
44391,131,127,4,4
44392,79,74,5,5
44393,66,62,4,4
44394,110,104,6,6
44395,99,98,1,1
44396,100,106,-6,6
44397,92,92,0,0
44398,115,108,7,7
44399,87,81,6,6
44400,105,97,8,8
44401,77,77,0,0
44402,93,97,-4,4
44403,124,125,-1,1
44404,71,77,-6,6
44405,68,69,-1,1
44406,107,116,-9,9
44407,130,132,-2,2
44408,32,38,-6,6
44409,96,115,-19,19
44410,82,74,8,8
44411,73,67,6,6
44412,57,81,-24,24
44413,60,63,-3,3
44414,61,58,3,3
44415,127,116,11,11
44416,67,60,7,7
44417,148,139,9,9
44418,111,111,0,0
44419,119,112,7,7
44420,86,79,7,7
44421,88,88,0,0
44422,68,68,0,0
44423,65,69,-4,4
44424,64,72,-8,8
44425,158,140,18,18
44426,144,129,15,15
44427,91,93,-2,2
44428,63,63,0,0
44429,88,94,-6,6
44430,122,108,14,14
44431,51,54,-3,3
44432,124,135,-11,11
44433,118,105,13,13
44434,49,46,3,3
44435,94,85,9,9
44436,69,68,1,1
44437,168,161,7,7
44438,79,85,-6,6
44439,70,73,-3,3
44440,199,202,-3,3
44441,43,51,-8,8
44442,85,90,-5,5
44443,51,52,-1,1
44444,135,129,6,6
44445,57,75,-18,18
44446,191,205,-14,14
44447,94,102,-8,8
44448,109,116,-7,7
44449,76,73,3,3
44450,175,180,-5,5
44451,126,132,-6,6
44452,143,139,4,4
44453,101,100,1,1
44454,50,80,-30,30
44455,84,89,-5,5
44456,94,93,1,1
44457,110,108,2,2
44458,170,149,21,21
44459,149,143,6,6
44460,94,98,-4,4
44461,102,103,-1,1
44462,118,134,-16,16
44463,112,116,-4,4
44464,108,110,-2,2
44465,58,59,-1,1
44466,39,107,-68,68
44467,112,108,4,4
44468,107,121,-14,14
44469,61,57,4,4
44470,99,99,0,0
44471,62,72,-10,10
44472,119,113,6,6
44473,105,99,6,6
44474,93,86,7,7
44475,109,108,1,1
44476,132,129,3,3
44477,83,112,-29,29
44478,46,52,-6,6
44479,170,165,5,5
44480,217,197,20,20
44481,119,120,-1,1
44482,140,161,-21,21
44483,106,105,1,1
44484,100,100,0,0
44485,61,60,1,1
44486,111,131,-20,20
44487,117,105,12,12
44488,68,78,-10,10
44489,94,95,-1,1
44490,74,71,3,3
44491,109,119,-10,10
44492,98,117,-19,19
44493,103,97,6,6
44494,78,89,-11,11
44495,80,83,-3,3
44496,83,83,0,0
44497,76,84,-8,8
44498,110,110,0,0
44499,152,149,3,3
44500,81,70,11,11
44501,133,139,-6,6
44502,66,62,4,4
44503,102,98,4,4
44504,102,101,1,1
44505,53,52,1,1
44506,139,141,-2,2
44507,133,128,5,5
44508,57,58,-1,1
44509,61,57,4,4
44510,116,106,10,10
44511,97,93,4,4
44512,187,169,18,18
44513,62,58,4,4
44514,102,102,0,0
44515,62,67,-5,5
44516,48,38,10,10
44517,108,118,-10,10
44518,68,64,4,4
44519,112,115,-3,3
44520,154,148,6,6
44521,76,77,-1,1
44522,110,118,-8,8
44523,89,96,-7,7
44524,128,126,2,2
44525,61,67,-6,6
44526,60,66,-6,6
44527,143,148,-5,5
44528,107,114,-7,7
44529,76,67,9,9
44530,79,81,-2,2
44531,65,60,5,5
44532,104,110,-6,6
44533,145,147,-2,2
44534,86,75,11,11
44535,83,83,0,0
44536,88,98,-10,10
44537,178,173,5,5
44538,116,124,-8,8
44539,105,126,-21,21
44540,72,81,-9,9
44541,77,76,1,1
44542,56,61,-5,5
44543,109,97,12,12
44544,45,38,7,7
44545,106,100,6,6
44546,42,41,1,1
44547,118,123,-5,5
44548,102,101,1,1
44549,47,68,-21,21
44550,70,72,-2,2
44551,103,102,1,1
44552,123,129,-6,6
44553,170,174,-4,4
44554,124,137,-13,13
44555,98,106,-8,8
44556,57,67,-10,10
44557,122,135,-13,13
44558,59,58,1,1
44559,107,103,4,4
44560,73,68,5,5
44561,65,65,0,0
44562,53,52,1,1
44563,152,149,3,3
44564,81,81,0,0
44565,87,85,2,2
44566,77,72,5,5
44567,129,138,-9,9
44568,165,166,-1,1
44569,111,114,-3,3
44570,108,116,-8,8
44571,67,69,-2,2
44572,78,80,-2,2
44573,105,99,6,6
44574,72,69,3,3
44575,75,85,-10,10
44576,85,78,7,7
44577,57,57,0,0
44578,115,129,-14,14
44579,74,72,2,2
44580,170,174,-4,4
44581,90,97,-7,7
44582,85,88,-3,3
44583,65,68,-3,3
44584,45,50,-5,5
44585,160,147,13,13
44586,160,152,8,8
44587,99,105,-6,6
44588,62,61,1,1
44589,121,125,-4,4
44590,129,124,5,5
44591,98,104,-6,6
44592,104,104,0,0
44593,69,69,0,0
44594,75,67,8,8
44595,95,92,3,3
44596,118,121,-3,3
44597,94,138,-44,44
44598,100,103,-3,3
44599,129,120,9,9
44600,118,123,-5,5
44601,57,164,-107,107
44602,68,67,1,1
44603,123,127,-4,4
44604,93,88,5,5
44605,53,65,-12,12
44606,92,91,1,1
44607,78,81,-3,3
44608,175,154,21,21
44609,115,132,-17,17
44610,70,77,-7,7
44611,161,150,11,11
44612,61,62,-1,1
44613,64,60,4,4
44614,86,91,-5,5
44615,84,84,0,0
44616,152,130,22,22
44617,116,115,1,1
44618,53,53,0,0
44619,57,59,-2,2
44620,68,74,-6,6
44621,178,178,0,0
44622,93,91,2,2
44623,120,116,4,4
44624,136,143,-7,7
44625,39,38,1,1
44626,102,97,5,5
44627,167,176,-9,9
44628,65,63,2,2
44629,50,58,-8,8
44630,80,75,5,5
44631,126,121,5,5
44632,67,65,2,2
44633,59,66,-7,7
44634,116,115,1,1
44635,95,97,-2,2
44636,57,56,1,1
44637,75,86,-11,11
44638,99,100,-1,1
44639,94,92,2,2
44640,65,61,4,4
44641,90,89,1,1
44642,126,118,8,8
44643,86,98,-12,12
44644,103,103,0,0
44645,92,104,-12,12
44646,120,120,0,0
44647,86,84,2,2
44648,19,39,-20,20
44649,138,133,5,5
44650,86,88,-2,2
44651,126,125,1,1
44652,103,104,-1,1
44653,89,86,3,3
44654,71,73,-2,2
44655,63,59,4,4
44656,76,81,-5,5
44657,154,151,3,3
44658,64,63,1,1
44659,73,73,0,0
44660,61,61,0,0
44661,57,65,-8,8
44662,142,150,-8,8
44663,193,193,0,0
44664,58,78,-20,20
44665,89,101,-12,12
44666,88,90,-2,2
44667,121,120,1,1
44668,110,108,2,2
44669,116,112,4,4
44670,100,98,2,2
44671,62,57,5,5
44672,100,109,-9,9
44673,146,129,17,17
44674,33,39,-6,6
44675,105,109,-4,4
44676,93,94,-1,1
44677,48,57,-9,9
44678,74,76,-2,2
44679,55,57,-2,2
44680,77,71,6,6
44681,83,81,2,2
44682,162,158,4,4
44683,59,57,2,2
44684,196,198,-2,2
44685,95,89,6,6
44686,64,60,4,4
44687,107,112,-5,5
44688,163,157,6,6
44689,78,74,4,4
44690,66,73,-7,7
44691,62,73,-11,11
44692,109,101,8,8
44693,77,80,-3,3
44694,125,119,6,6
44695,103,101,2,2
44696,81,78,3,3
44697,50,51,-1,1
44698,116,134,-18,18
44699,70,81,-11,11
44700,68,63,5,5
44701,96,91,5,5
44702,155,139,16,16
44703,128,137,-9,9
44704,75,80,-5,5
44705,116,115,1,1
44706,88,91,-3,3
44707,100,92,8,8
44708,73,75,-2,2
44709,140,147,-7,7
44710,106,111,-5,5
44711,87,92,-5,5
44712,78,88,-10,10
44713,92,90,2,2
44714,109,103,6,6
44715,69,74,-5,5
44716,174,171,3,3
44717,60,59,1,1
44718,61,58,3,3
44719,59,61,-2,2
44720,124,121,3,3
44721,85,84,1,1
44722,136,110,26,26
44723,118,123,-5,5
44724,81,86,-5,5
44725,80,83,-3,3
44726,69,63,6,6
44727,60,63,-3,3
44728,63,63,0,0
44729,46,39,7,7
44730,61,60,1,1
44731,65,76,-11,11
44732,104,112,-8,8
44733,144,139,5,5
44734,73,91,-18,18
44735,77,72,5,5
44736,96,95,1,1
44737,71,83,-12,12
44738,74,77,-3,3
44739,60,61,-1,1
44740,80,81,-1,1
44741,74,81,-7,7
44742,168,156,12,12
44743,145,139,6,6
44744,86,93,-7,7
44745,137,138,-1,1
44746,121,123,-2,2
44747,91,80,11,11
44748,68,70,-2,2
44749,78,68,10,10
44750,84,88,-4,4
44751,150,145,5,5
44752,103,94,9,9
44753,79,79,0,0
44754,63,67,-4,4
44755,70,69,1,1
44756,229,221,8,8
44757,130,146,-16,16
44758,81,87,-6,6
44759,112,104,8,8
44760,134,123,11,11
44761,82,84,-2,2
44762,152,216,-64,64
44763,90,100,-10,10
44764,105,112,-7,7
44765,138,140,-2,2
44766,95,96,-1,1
44767,86,80,6,6
44768,91,85,6,6
44769,58,76,-18,18
44770,130,120,10,10
44771,154,146,8,8
44772,69,75,-6,6
44773,158,137,21,21
44774,136,135,1,1
44775,56,61,-5,5
44776,86,82,4,4
44777,49,51,-2,2
44778,138,136,2,2
44779,100,100,0,0
44780,146,146,0,0
44781,56,54,2,2
44782,79,82,-3,3
44783,53,51,2,2
44784,59,56,3,3
44785,64,59,5,5
44786,108,102,6,6
44787,66,74,-8,8
44788,117,121,-4,4
44789,60,57,3,3
44790,51,48,3,3
44791,104,98,6,6
44792,92,107,-15,15
44793,87,78,9,9
44794,84,105,-21,21
44795,155,154,1,1
44796,100,101,-1,1
44797,43,38,5,5
44798,72,61,11,11
44799,124,134,-10,10
44800,116,141,-25,25
44801,159,146,13,13
44802,91,102,-11,11
44803,71,60,11,11
44804,158,155,3,3
44805,71,73,-2,2
44806,102,95,7,7
44807,117,111,6,6
44808,94,96,-2,2
44809,79,88,-9,9
44810,51,52,-1,1
44811,63,58,5,5
44812,55,58,-3,3
44813,152,133,19,19
44814,78,59,19,19
44815,54,54,0,0
44816,80,78,2,2
44817,59,56,3,3
44818,84,87,-3,3
44819,110,107,3,3
44820,124,112,12,12
44821,92,84,8,8
44822,126,133,-7,7
44823,130,124,6,6
44824,89,91,-2,2
44825,109,108,1,1
44826,87,96,-9,9
44827,75,65,10,10
44828,225,229,-4,4
44829,182,189,-7,7
44830,82,84,-2,2
44831,54,60,-6,6
44832,187,178,9,9
44833,128,138,-10,10
44834,87,79,8,8
44835,92,83,9,9
44836,58,66,-8,8
44837,63,58,5,5
44838,100,92,8,8
44839,102,115,-13,13
44840,46,52,-6,6
44841,89,98,-9,9
44842,61,58,3,3
44843,134,138,-4,4
44844,69,68,1,1
44845,118,116,2,2
44846,153,153,0,0
44847,115,112,3,3
44848,88,83,5,5
44849,91,93,-2,2
44850,51,62,-11,11
44851,68,81,-13,13
44852,155,147,8,8
44853,52,50,2,2
44854,71,71,0,0
44855,100,96,4,4
44856,81,77,4,4
44857,168,163,5,5
44858,80,75,5,5
44859,83,82,1,1
44860,90,98,-8,8
44861,99,96,3,3
44862,45,38,7,7
44863,110,110,0,0
44864,118,103,15,15
44865,98,98,0,0
44866,162,155,7,7
44867,54,51,3,3
44868,80,84,-4,4
44869,91,83,8,8
44870,81,72,9,9
44871,89,88,1,1
44872,58,58,0,0
44873,194,209,-15,15
44874,78,82,-4,4
44875,63,58,5,5
44876,61,61,0,0
44877,98,97,1,1
44878,95,94,1,1
44879,97,90,7,7
44880,96,112,-16,16
44881,89,86,3,3
44882,154,149,5,5
44883,51,51,0,0
44884,117,104,13,13
44885,42,50,-8,8
44886,92,90,2,2
44887,91,94,-3,3
44888,162,177,-15,15
44889,75,75,0,0
44890,104,108,-4,4
44891,117,121,-4,4
44892,74,84,-10,10
44893,52,52,0,0
44894,77,75,2,2
44895,83,82,1,1
44896,71,75,-4,4
44897,57,54,3,3
44898,62,61,1,1
44899,114,112,2,2
44900,58,64,-6,6
44901,120,122,-2,2
44902,74,74,0,0
44903,95,85,10,10
44904,63,67,-4,4
44905,84,94,-10,10
44906,57,61,-4,4
44907,70,72,-2,2
44908,71,81,-10,10
44909,71,61,10,10
44910,140,127,13,13
44911,116,124,-8,8
44912,62,66,-4,4
44913,96,107,-11,11
44914,73,74,-1,1
44915,79,78,1,1
44916,97,87,10,10
44917,80,69,11,11
44918,76,78,-2,2
44919,67,66,1,1
44920,176,176,0,0
44921,71,85,-14,14
44922,89,88,1,1
44923,75,73,2,2
44924,142,136,6,6
44925,96,98,-2,2
44926,70,76,-6,6
44927,134,133,1,1
44928,123,122,1,1
44929,71,79,-8,8
44930,45,56,-11,11
44931,102,103,-1,1
44932,130,133,-3,3
44933,134,136,-2,2
44934,71,81,-10,10
44935,111,129,-18,18
44936,134,125,9,9
44937,131,115,16,16
44938,136,169,-33,33
44939,116,114,2,2
44940,156,152,4,4
44941,139,131,8,8
44942,102,102,0,0
44943,69,77,-8,8
44944,81,77,4,4
44945,109,116,-7,7
44946,94,90,4,4
44947,77,72,5,5
44948,173,185,-12,12
44949,70,74,-4,4
44950,77,84,-7,7
44951,95,91,4,4
44952,96,95,1,1
44953,90,91,-1,1
44954,47,67,-20,20
44955,116,126,-10,10
44956,84,72,12,12
44957,62,69,-7,7
44958,128,140,-12,12
44959,83,84,-1,1
44960,90,97,-7,7
44961,86,90,-4,4
44962,113,115,-2,2
44963,153,140,13,13
44964,90,90,0,0
44965,96,99,-3,3
44966,76,85,-9,9
44967,73,72,1,1
44968,98,97,1,1
44969,23,38,-15,15
44970,57,58,-1,1
44971,65,80,-15,15
44972,107,111,-4,4
44973,140,141,-1,1
44974,112,101,11,11
44975,149,166,-17,17
44976,100,80,20,20
44977,100,98,2,2
44978,64,57,7,7
44979,89,89,0,0
44980,154,151,3,3
44981,53,54,-1,1
44982,45,39,6,6
44983,61,64,-3,3
44984,108,109,-1,1
44985,88,80,8,8
44986,109,115,-6,6
44987,143,126,17,17
44988,91,102,-11,11
44989,102,104,-2,2
44990,61,79,-18,18
44991,85,87,-2,2
44992,121,107,14,14
44993,65,60,5,5
44994,56,53,3,3
44995,103,101,2,2
44996,111,98,13,13
44997,102,99,3,3
44998,99,90,9,9
44999,97,122,-25,25
45000,79,76,3,3
45001,139,136,3,3
45002,107,94,13,13
45003,166,178,-12,12
45004,51,55,-4,4
45005,75,65,10,10
45006,113,110,3,3
45007,69,79,-10,10
45008,129,132,-3,3
45009,197,199,-2,2
45010,104,106,-2,2
45011,99,107,-8,8
45012,86,77,9,9
45013,95,88,7,7
45014,138,132,6,6
45015,78,76,2,2
45016,47,87,-40,40
45017,56,57,-1,1
45018,62,64,-2,2
45019,64,67,-3,3
45020,105,86,19,19
45021,104,101,3,3
45022,140,137,3,3
45023,84,99,-15,15
45024,126,137,-11,11
45025,82,84,-2,2
45026,75,73,2,2
45027,92,95,-3,3
45028,77,79,-2,2
45029,100,98,2,2
45030,140,148,-8,8
45031,67,59,8,8
45032,117,126,-9,9
45033,54,57,-3,3
45034,81,83,-2,2
45035,130,132,-2,2
45036,100,95,5,5
45037,86,84,2,2
45038,57,61,-4,4
45039,115,109,6,6
45040,147,152,-5,5
45041,86,88,-2,2
45042,39,39,0,0
45043,79,79,0,0
45044,89,95,-6,6
45045,70,65,5,5
45046,73,78,-5,5
45047,113,106,7,7
45048,99,107,-8,8
45049,78,79,-1,1
45050,132,135,-3,3
45051,79,91,-12,12
45052,143,142,1,1
45053,57,61,-4,4
45054,49,53,-4,4
45055,85,88,-3,3
45056,49,78,-29,29
45057,96,88,8,8
45058,87,87,0,0
45059,151,123,28,28
45060,147,148,-1,1
45061,94,99,-5,5
45062,91,90,1,1
45063,56,54,2,2
45064,123,136,-13,13
45065,188,173,15,15
45066,55,43,12,12
45067,117,109,8,8
45068,106,106,0,0
45069,109,120,-11,11
45070,61,54,7,7
45071,46,56,-10,10
45072,62,60,2,2
45073,102,100,2,2
45074,62,59,3,3
45075,85,87,-2,2
45076,89,90,-1,1
45077,96,97,-1,1
45078,132,131,1,1
45079,94,95,-1,1
45080,118,110,8,8
45081,73,69,4,4
45082,69,70,-1,1
45083,57,59,-2,2
45084,86,89,-3,3
45085,130,119,11,11
45086,144,140,4,4
45087,67,67,0,0
45088,64,100,-36,36
45089,85,81,4,4
45090,104,113,-9,9
45091,109,105,4,4
45092,110,109,1,1
45093,129,120,9,9
45094,97,94,3,3
45095,85,86,-1,1
45096,104,99,5,5
45097,77,84,-7,7
45098,81,88,-7,7
45099,97,94,3,3
45100,130,145,-15,15
45101,67,66,1,1
45102,55,53,2,2
45103,92,85,7,7
45104,83,88,-5,5
45105,135,146,-11,11
45106,69,60,9,9
45107,109,112,-3,3
45108,98,89,9,9
45109,95,92,3,3
45110,121,128,-7,7
45111,80,72,8,8
45112,79,80,-1,1
45113,123,131,-8,8
45114,117,116,1,1
45115,59,62,-3,3
45116,89,93,-4,4
45117,82,83,-1,1
45118,117,110,7,7
45119,69,73,-4,4
45120,123,110,13,13
45121,57,66,-9,9
45122,87,78,9,9
45123,105,108,-3,3
45124,108,107,1,1
45125,76,71,5,5
45126,74,104,-30,30
45127,84,72,12,12
45128,96,99,-3,3
45129,78,78,0,0
45130,76,84,-8,8
45131,88,98,-10,10
45132,89,92,-3,3
45133,90,95,-5,5
45134,60,59,1,1
45135,53,56,-3,3
45136,67,66,1,1
45137,89,90,-1,1
45138,149,135,14,14
45139,95,99,-4,4
45140,109,118,-9,9
45141,169,181,-12,12
45142,78,73,5,5
45143,122,122,0,0
45144,48,64,-16,16
45145,108,121,-13,13
45146,90,91,-1,1
45147,147,132,15,15
45148,69,66,3,3
45149,112,104,8,8
45150,158,155,3,3
45151,123,137,-14,14
45152,42,38,4,4
45153,135,129,6,6
45154,148,141,7,7
45155,109,109,0,0
45156,73,64,9,9
45157,88,86,2,2
45158,90,83,7,7
45159,55,57,-2,2
45160,83,90,-7,7
45161,54,38,16,16
45162,85,92,-7,7
45163,75,72,3,3
45164,121,125,-4,4
45165,65,59,6,6
45166,77,71,6,6
45167,102,97,5,5
45168,104,115,-11,11
45169,67,60,7,7
45170,134,124,10,10
45171,107,98,9,9
45172,87,93,-6,6
45173,168,167,1,1
45174,145,146,-1,1
45175,127,134,-7,7
45176,168,161,7,7
45177,113,106,7,7
45178,64,69,-5,5
45179,64,64,0,0
45180,83,88,-5,5
45181,83,85,-2,2
45182,125,119,6,6
45183,61,57,4,4
45184,40,39,1,1
45185,57,53,4,4
45186,153,145,8,8
45187,101,106,-5,5
45188,83,86,-3,3
45189,89,99,-10,10
45190,111,112,-1,1
45191,77,80,-3,3
45192,127,121,6,6
45193,128,124,4,4
45194,146,136,10,10
45195,49,56,-7,7
45196,49,61,-12,12
45197,57,64,-7,7
45198,89,86,3,3
45199,88,103,-15,15
45200,153,162,-9,9
45201,71,73,-2,2
45202,135,141,-6,6
45203,109,100,9,9
45204,73,67,6,6
45205,185,176,9,9
45206,69,66,3,3
45207,109,114,-5,5
45208,74,82,-8,8
45209,181,160,21,21
45210,96,101,-5,5
45211,93,109,-16,16
45212,60,55,5,5
45213,104,108,-4,4
45214,67,60,7,7
45215,89,97,-8,8
45216,128,120,8,8
45217,100,97,3,3
45218,96,95,1,1
45219,90,81,9,9
45220,68,67,1,1
45221,126,119,7,7
45222,54,59,-5,5
45223,106,111,-5,5
45224,63,62,1,1
45225,113,96,17,17
45226,45,54,-9,9
45227,98,92,6,6
45228,156,148,8,8
45229,52,56,-4,4
45230,134,125,9,9
45231,74,77,-3,3
45232,102,103,-1,1
45233,100,97,3,3
45234,62,65,-3,3
45235,82,78,4,4
45236,105,94,11,11
45237,69,71,-2,2
45238,124,139,-15,15
45239,118,114,4,4
45240,82,84,-2,2
45241,63,68,-5,5
45242,70,65,5,5
45243,68,66,2,2
45244,121,114,7,7
45245,73,74,-1,1
45246,51,54,-3,3
45247,81,74,7,7
45248,146,137,9,9
45249,88,87,1,1
45250,101,100,1,1
45251,126,138,-12,12
45252,119,122,-3,3
45253,113,121,-8,8
45254,172,155,17,17
45255,81,77,4,4
45256,90,90,0,0
45257,110,106,4,4
45258,134,142,-8,8
45259,37,50,-13,13
45260,62,61,1,1
45261,65,62,3,3
45262,52,51,1,1
45263,76,83,-7,7
45264,116,116,0,0
45265,98,125,-27,27
45266,61,61,0,0
45267,84,87,-3,3
45268,153,147,6,6
45269,72,64,8,8
45270,77,75,2,2
45271,86,89,-3,3
45272,99,107,-8,8
45273,124,120,4,4
45274,66,77,-11,11
45275,76,73,3,3
45276,67,53,14,14
45277,133,120,13,13
45278,91,91,0,0
45279,71,83,-12,12
45280,207,215,-8,8
45281,65,64,1,1
45282,97,101,-4,4
45283,131,137,-6,6
45284,120,110,10,10
45285,59,59,0,0
45286,124,121,3,3
45287,74,70,4,4
45288,101,99,2,2
45289,85,86,-1,1
45290,85,85,0,0
45291,137,130,7,7
45292,76,71,5,5
45293,136,143,-7,7
45294,139,141,-2,2
45295,49,54,-5,5
45296,136,135,1,1
45297,75,65,10,10
45298,109,110,-1,1
45299,53,53,0,0
45300,110,111,-1,1
45301,59,62,-3,3
45302,119,120,-1,1
45303,86,83,3,3
45304,139,133,6,6
45305,132,126,6,6
45306,191,192,-1,1
45307,87,80,7,7
45308,90,90,0,0
45309,122,123,-1,1
45310,73,63,10,10
45311,122,112,10,10
45312,93,97,-4,4
45313,46,56,-10,10
45314,84,91,-7,7
45315,103,95,8,8
45316,39,39,0,0
45317,96,106,-10,10
45318,72,69,3,3
45319,146,138,8,8
45320,80,93,-13,13
45321,68,72,-4,4
45322,49,51,-2,2
45323,110,109,1,1
45324,117,121,-4,4
45325,121,113,8,8
45326,55,66,-11,11
45327,149,161,-12,12
45328,78,74,4,4
45329,60,67,-7,7
45330,161,162,-1,1
45331,95,101,-6,6
45332,75,62,13,13
45333,92,97,-5,5
45334,112,127,-15,15
45335,67,71,-4,4
45336,91,91,0,0
45337,109,100,9,9
45338,177,172,5,5
45339,105,114,-9,9
45340,82,76,6,6
45341,89,78,11,11
45342,109,108,1,1
45343,67,81,-14,14
45344,117,119,-2,2
45345,96,97,-1,1
45346,49,56,-7,7
45347,110,104,6,6
45348,57,54,3,3
45349,118,95,23,23
45350,120,116,4,4
45351,77,82,-5,5
45352,107,97,10,10
45353,60,67,-7,7
45354,70,60,10,10
45355,115,118,-3,3
45356,70,74,-4,4
45357,70,66,4,4
45358,96,109,-13,13
45359,72,84,-12,12
45360,72,67,5,5
45361,67,72,-5,5
45362,170,161,9,9
45363,57,55,2,2
45364,67,63,4,4
45365,85,89,-4,4
45366,95,108,-13,13
45367,119,147,-28,28
45368,84,77,7,7
45369,65,87,-22,22
45370,225,237,-12,12
45371,97,97,0,0
45372,81,83,-2,2
45373,104,105,-1,1
45374,23,37,-14,14
45375,75,74,1,1
45376,115,113,2,2
45377,111,101,10,10
45378,60,57,3,3
45379,72,73,-1,1
45380,100,105,-5,5
45381,85,79,6,6
45382,60,60,0,0
45383,55,62,-7,7
45384,120,128,-8,8
45385,121,131,-10,10
45386,79,76,3,3
45387,89,90,-1,1
45388,127,118,9,9
45389,86,85,1,1
45390,58,56,2,2
45391,99,91,8,8
45392,126,134,-8,8
45393,53,55,-2,2
45394,55,59,-4,4
45395,107,112,-5,5
45396,67,62,5,5
45397,83,92,-9,9
45398,81,86,-5,5
45399,92,93,-1,1
45400,109,104,5,5
45401,148,156,-8,8
45402,115,124,-9,9
45403,124,121,3,3
45404,103,105,-2,2
45405,122,128,-6,6
45406,104,108,-4,4
45407,58,38,20,20
45408,68,67,1,1
45409,83,92,-9,9
45410,51,67,-16,16
45411,84,85,-1,1
45412,129,138,-9,9
45413,64,68,-4,4
45414,150,143,7,7
45415,48,51,-3,3
45416,67,57,10,10
45417,72,72,0,0
45418,101,98,3,3
45419,68,62,6,6
45420,135,128,7,7
45421,98,99,-1,1
45422,73,73,0,0
45423,93,102,-9,9
45424,161,167,-6,6
45425,58,58,0,0
45426,125,129,-4,4
45427,91,94,-3,3
45428,82,81,1,1
45429,82,88,-6,6
45430,89,106,-17,17
45431,45,38,7,7
45432,56,86,-30,30
45433,152,182,-30,30
45434,110,103,7,7
45435,81,77,4,4
45436,43,51,-8,8
45437,154,164,-10,10
45438,82,74,8,8
45439,104,112,-8,8
45440,78,86,-8,8
45441,130,120,10,10
45442,66,76,-10,10
45443,86,90,-4,4
45444,98,106,-8,8
45445,106,105,1,1
45446,78,84,-6,6
45447,89,81,8,8
45448,84,89,-5,5
45449,111,101,10,10
45450,73,73,0,0
45451,115,142,-27,27
45452,174,171,3,3
45453,87,75,12,12
45454,102,103,-1,1
45455,77,70,7,7
45456,37,39,-2,2
45457,131,133,-2,2
45458,104,102,2,2
45459,109,148,-39,39
45460,89,85,4,4
45461,108,107,1,1
45462,158,151,7,7
45463,69,66,3,3
45464,89,82,7,7
45465,42,41,1,1
45466,97,85,12,12
45467,70,76,-6,6
45468,116,115,1,1
45469,138,153,-15,15
45470,110,112,-2,2
45471,105,97,8,8
45472,51,61,-10,10
45473,94,101,-7,7
45474,75,72,3,3
45475,129,139,-10,10
45476,88,86,2,2
45477,100,90,10,10
45478,79,78,1,1
45479,176,179,-3,3
45480,86,81,5,5
45481,88,100,-12,12
45482,105,117,-12,12
45483,140,135,5,5
45484,72,68,4,4
45485,111,96,15,15
45486,105,95,10,10
45487,191,188,3,3
45488,120,123,-3,3
45489,99,105,-6,6
45490,45,52,-7,7
45491,94,92,2,2
45492,80,91,-11,11
45493,85,87,-2,2
45494,74,67,7,7
45495,78,79,-1,1
45496,131,123,8,8
45497,95,95,0,0
45498,59,60,-1,1
45499,72,61,11,11
45500,108,112,-4,4
45501,71,73,-2,2
45502,74,69,5,5
45503,134,144,-10,10
45504,101,104,-3,3
45505,68,63,5,5
45506,127,131,-4,4
45507,195,176,19,19
45508,73,75,-2,2
45509,77,80,-3,3
45510,79,71,8,8
45511,59,53,6,6
45512,115,104,11,11
45513,79,79,0,0
45514,91,91,0,0
45515,82,79,3,3
45516,72,69,3,3
45517,63,73,-10,10
45518,89,90,-1,1
45519,69,72,-3,3
45520,62,94,-32,32
45521,45,50,-5,5
45522,87,94,-7,7
45523,75,85,-10,10
45524,105,104,1,1
45525,93,103,-10,10
45526,104,104,0,0
45527,86,90,-4,4
45528,159,163,-4,4
45529,93,87,6,6
45530,112,116,-4,4
45531,120,119,1,1
45532,62,54,8,8
45533,108,109,-1,1
45534,124,128,-4,4
45535,167,156,11,11
45536,163,165,-2,2
45537,113,112,1,1
45538,98,90,8,8
45539,64,75,-11,11
45540,120,116,4,4
45541,52,52,0,0
45542,42,39,3,3
45543,131,145,-14,14
45544,95,83,12,12
45545,85,85,0,0
45546,71,66,5,5
45547,116,112,4,4
45548,91,79,12,12
45549,94,93,1,1
45550,52,55,-3,3
45551,84,103,-19,19
45552,61,55,6,6
45553,101,106,-5,5
45554,97,99,-2,2
45555,96,104,-8,8
45556,141,153,-12,12
45557,124,121,3,3
45558,72,72,0,0
45559,79,135,-56,56
45560,155,163,-8,8
45561,112,124,-12,12
45562,63,61,2,2
45563,73,76,-3,3
45564,67,71,-4,4
45565,61,59,2,2
45566,114,108,6,6
45567,33,39,-6,6
45568,64,66,-2,2
45569,79,74,5,5
45570,149,166,-17,17
45571,97,95,2,2
45572,84,83,1,1
45573,134,140,-6,6
45574,85,95,-10,10
45575,123,114,9,9
45576,97,90,7,7
45577,69,67,2,2
45578,116,108,8,8
45579,92,84,8,8
45580,125,128,-3,3
45581,103,95,8,8
45582,99,90,9,9
45583,154,168,-14,14
45584,102,102,0,0
45585,53,55,-2,2
45586,104,109,-5,5
45587,218,197,21,21
45588,57,56,1,1
45589,154,165,-11,11
45590,141,151,-10,10
45591,113,124,-11,11
45592,69,70,-1,1
45593,87,101,-14,14
45594,126,127,-1,1
45595,99,107,-8,8
45596,85,91,-6,6
45597,78,89,-11,11
45598,85,74,11,11
45599,77,74,3,3
45600,97,95,2,2
45601,67,75,-8,8
45602,114,111,3,3
45603,130,138,-8,8
45604,127,120,7,7
45605,66,61,5,5
45606,74,80,-6,6
45607,117,115,2,2
45608,57,56,1,1
45609,169,169,0,0
45610,79,82,-3,3
45611,122,138,-16,16
45612,117,122,-5,5
45613,82,85,-3,3
45614,119,119,0,0
45615,105,104,1,1
45616,121,114,7,7
45617,107,108,-1,1
45618,63,63,0,0
45619,76,80,-4,4
45620,141,121,20,20
45621,76,74,2,2
45622,189,160,29,29
45623,78,76,2,2
45624,105,123,-18,18
45625,69,71,-2,2
45626,95,104,-9,9
45627,55,60,-5,5
45628,85,74,11,11
45629,62,65,-3,3
45630,72,71,1,1
45631,91,95,-4,4
45632,78,90,-12,12
45633,69,66,3,3
45634,58,56,2,2
45635,104,98,6,6
45636,90,94,-4,4
45637,45,58,-13,13
45638,109,95,14,14
45639,174,185,-11,11
45640,102,117,-15,15
45641,72,77,-5,5
45642,93,94,-1,1
45643,88,118,-30,30
45644,147,140,7,7
45645,116,114,2,2
45646,71,95,-24,24
45647,59,58,1,1
45648,110,107,3,3
45649,112,110,2,2
45650,67,64,3,3
45651,63,67,-4,4
45652,99,87,12,12
45653,71,68,3,3
45654,61,65,-4,4
45655,145,186,-41,41
45656,59,62,-3,3
45657,91,100,-9,9
45658,97,102,-5,5
45659,67,67,0,0
45660,75,70,5,5
45661,107,94,13,13
45662,47,62,-15,15
45663,111,117,-6,6
45664,122,114,8,8
45665,145,145,0,0
45666,133,117,16,16
45667,90,88,2,2
45668,153,154,-1,1
45669,83,72,11,11
45670,44,55,-11,11
45671,64,63,1,1
45672,74,80,-6,6
45673,98,101,-3,3
45674,117,80,37,37
45675,83,88,-5,5
45676,52,56,-4,4
45677,74,72,2,2
45678,128,127,1,1
45679,75,75,0,0
45680,71,69,2,2
45681,72,69,3,3
45682,80,79,1,1
45683,98,95,3,3
45684,138,140,-2,2
45685,161,160,1,1
45686,152,154,-2,2
45687,117,112,5,5
45688,96,103,-7,7
45689,76,76,0,0
45690,150,156,-6,6
45691,71,77,-6,6
45692,127,136,-9,9
45693,93,97,-4,4
45694,116,117,-1,1
45695,128,124,4,4
45696,47,45,2,2
45697,53,56,-3,3
45698,173,172,1,1
45699,84,100,-16,16
45700,74,69,5,5
45701,40,39,1,1
45702,125,109,16,16
45703,100,112,-12,12
45704,62,62,0,0
45705,120,112,8,8
45706,163,144,19,19
45707,111,113,-2,2
45708,62,70,-8,8
45709,104,113,-9,9
45710,96,92,4,4
45711,71,68,3,3
45712,94,99,-5,5
45713,109,111,-2,2
45714,46,53,-7,7
45715,94,91,3,3
45716,52,52,0,0
45717,88,83,5,5
45718,68,76,-8,8
45719,193,211,-18,18
45720,137,127,10,10
45721,109,110,-1,1
45722,97,105,-8,8
45723,114,108,6,6
45724,90,89,1,1
45725,57,60,-3,3
45726,119,113,6,6
45727,157,156,1,1
45728,86,79,7,7
45729,108,109,-1,1
45730,82,85,-3,3
45731,111,106,5,5
45732,110,111,-1,1
45733,108,85,23,23
45734,92,86,6,6
45735,38,39,-1,1
45736,92,93,-1,1
45737,92,88,4,4
45738,68,62,6,6
45739,74,81,-7,7
45740,83,85,-2,2
45741,106,89,17,17
45742,86,86,0,0
45743,78,68,10,10
45744,155,168,-13,13
45745,116,117,-1,1
45746,129,108,21,21
45747,99,98,1,1
45748,114,108,6,6
45749,103,97,6,6
45750,82,70,12,12
45751,50,50,0,0
45752,86,85,1,1
45753,82,80,2,2
45754,82,95,-13,13
45755,50,57,-7,7
45756,88,76,12,12
45757,86,82,4,4
45758,103,101,2,2
45759,60,54,6,6
45760,68,65,3,3
45761,86,69,17,17
45762,85,82,3,3
45763,80,76,4,4
45764,58,65,-7,7
45765,63,79,-16,16
45766,117,112,5,5
45767,97,108,-11,11
45768,59,62,-3,3
45769,66,68,-2,2
45770,121,121,0,0
45771,77,73,4,4
45772,47,38,9,9
45773,61,66,-5,5
45774,128,124,4,4
45775,225,219,6,6
45776,145,138,7,7
45777,125,139,-14,14
45778,40,40,0,0
45779,94,87,7,7
45780,103,99,4,4
45781,137,135,2,2
45782,151,149,2,2
45783,98,103,-5,5
45784,115,113,2,2
45785,77,73,4,4
45786,75,95,-20,20
45787,75,75,0,0
45788,117,113,4,4
45789,133,139,-6,6
45790,89,100,-11,11
45791,92,93,-1,1
45792,66,65,1,1
45793,26,39,-13,13
45794,135,128,7,7
45795,82,88,-6,6
45796,44,43,1,1
45797,79,70,9,9
45798,135,145,-10,10
45799,122,134,-12,12
45800,177,181,-4,4
45801,93,87,6,6
45802,54,51,3,3
45803,104,119,-15,15
45804,69,63,6,6
45805,64,66,-2,2
45806,113,123,-10,10
45807,69,64,5,5
45808,127,136,-9,9
45809,115,115,0,0
45810,75,73,2,2
45811,81,76,5,5
45812,35,39,-4,4
45813,120,121,-1,1
45814,86,89,-3,3
45815,111,105,6,6
45816,149,137,12,12
45817,86,84,2,2
45818,122,120,2,2
45819,80,88,-8,8
45820,91,87,4,4
45821,106,105,1,1
45822,30,38,-8,8
45823,84,84,0,0
45824,159,133,26,26
45825,76,82,-6,6
45826,73,70,3,3
45827,78,80,-2,2
45828,271,249,22,22
45829,138,146,-8,8
45830,72,77,-5,5
45831,77,75,2,2
45832,94,93,1,1
45833,101,102,-1,1
45834,72,70,2,2
45835,101,108,-7,7
45836,120,122,-2,2
45837,159,165,-6,6
45838,78,82,-4,4
45839,78,82,-4,4
45840,106,104,2,2
45841,87,97,-10,10
45842,62,62,0,0
45843,106,111,-5,5
45844,127,137,-10,10
45845,101,101,0,0
45846,56,55,1,1
45847,41,53,-12,12
45848,83,84,-1,1
45849,128,133,-5,5
45850,86,77,9,9
45851,82,89,-7,7
45852,104,101,3,3
45853,116,137,-21,21
45854,115,107,8,8
45855,81,79,2,2
45856,82,94,-12,12
45857,88,81,7,7
45858,115,116,-1,1
45859,170,174,-4,4
45860,110,112,-2,2
45861,228,210,18,18
45862,161,150,11,11
45863,72,74,-2,2
45864,171,160,11,11
45865,117,112,5,5
45866,116,117,-1,1
45867,60,53,7,7
45868,113,120,-7,7
45869,121,118,3,3
45870,41,54,-13,13
45871,98,93,5,5
45872,83,81,2,2
45873,56,57,-1,1
45874,107,101,6,6
45875,90,84,6,6
45876,91,95,-4,4
45877,68,72,-4,4
45878,131,122,9,9
45879,95,90,5,5
45880,93,88,5,5
45881,99,98,1,1
45882,195,176,19,19
45883,124,117,7,7
45884,124,120,4,4
45885,44,67,-23,23
45886,63,63,0,0
45887,175,167,8,8
45888,127,114,13,13
45889,113,118,-5,5
45890,118,100,18,18
45891,99,111,-12,12
45892,89,88,1,1
45893,64,63,1,1
45894,73,74,-1,1
45895,104,98,6,6
45896,50,59,-9,9
45897,94,82,12,12
45898,115,120,-5,5
45899,91,92,-1,1
45900,80,72,8,8
45901,81,87,-6,6
45902,80,84,-4,4
45903,100,96,4,4
45904,123,124,-1,1
45905,89,84,5,5
45906,71,69,2,2
45907,162,146,16,16
45908,152,136,16,16
45909,69,68,1,1
45910,81,91,-10,10
45911,71,75,-4,4
45912,90,85,5,5
45913,104,100,4,4
45914,106,99,7,7
45915,66,69,-3,3
45916,66,63,3,3
45917,79,91,-12,12
45918,45,38,7,7
45919,89,86,3,3
45920,105,91,14,14
45921,59,55,4,4
45922,103,96,7,7
45923,116,122,-6,6
45924,93,93,0,0
45925,116,135,-19,19
45926,133,126,7,7
45927,86,84,2,2
45928,86,75,11,11
45929,65,66,-1,1
45930,139,131,8,8
45931,117,125,-8,8
45932,67,64,3,3
45933,119,104,15,15
45934,81,102,-21,21
45935,127,128,-1,1
45936,142,137,5,5
45937,87,86,1,1
45938,70,67,3,3
45939,79,82,-3,3
45940,119,118,1,1
45941,73,68,5,5
45942,72,64,8,8
45943,87,92,-5,5
45944,108,106,2,2
45945,120,121,-1,1
45946,82,80,2,2
45947,97,100,-3,3
45948,73,79,-6,6
45949,69,66,3,3
45950,96,96,0,0
45951,44,39,5,5
45952,104,99,5,5
45953,68,73,-5,5
45954,108,87,21,21
45955,81,86,-5,5
45956,124,124,0,0
45957,91,83,8,8
45958,116,136,-20,20
45959,41,38,3,3
45960,93,94,-1,1
45961,100,104,-4,4
45962,70,85,-15,15
45963,82,83,-1,1
45964,124,113,11,11
45965,168,158,10,10
45966,81,80,1,1
45967,124,134,-10,10
45968,74,68,6,6
45969,191,182,9,9
45970,99,107,-8,8
45971,72,73,-1,1
45972,92,100,-8,8
45973,122,125,-3,3
45974,104,99,5,5
45975,93,89,4,4
45976,50,53,-3,3
45977,79,86,-7,7
45978,86,87,-1,1
45979,147,163,-16,16
45980,129,145,-16,16
45981,135,152,-17,17
45982,124,109,15,15
45983,91,94,-3,3
45984,80,90,-10,10
45985,150,160,-10,10
45986,113,111,2,2
45987,74,63,11,11
45988,165,157,8,8
45989,105,92,13,13
45990,49,50,-1,1
45991,96,105,-9,9
45992,115,115,0,0
45993,132,128,4,4
45994,111,105,6,6
45995,44,85,-41,41
45996,98,88,10,10
45997,52,41,11,11
45998,78,84,-6,6
45999,71,74,-3,3
46000,30,38,-8,8
46001,116,120,-4,4
46002,128,156,-28,28
46003,75,86,-11,11
46004,47,51,-4,4
46005,89,93,-4,4
46006,88,78,10,10
46007,102,102,0,0
46008,48,48,0,0
46009,59,56,3,3
46010,131,126,5,5
46011,71,70,1,1
46012,81,86,-5,5
46013,110,110,0,0
46014,154,154,0,0
46015,120,125,-5,5
46016,155,142,13,13
46017,109,107,2,2
46018,71,81,-10,10
46019,81,83,-2,2
46020,58,58,0,0
46021,69,84,-15,15
46022,134,129,5,5
46023,99,98,1,1
46024,71,72,-1,1
46025,99,100,-1,1
46026,76,79,-3,3
46027,98,84,14,14
46028,68,68,0,0
46029,105,95,10,10
46030,109,103,6,6
46031,143,136,7,7
46032,112,108,4,4
46033,82,103,-21,21
46034,59,57,2,2
46035,170,166,4,4
46036,84,90,-6,6
46037,84,95,-11,11
46038,97,100,-3,3
46039,241,224,17,17
46040,216,204,12,12
46041,121,123,-2,2
46042,72,65,7,7
46043,61,59,2,2
46044,76,69,7,7
46045,140,146,-6,6
46046,101,96,5,5
46047,92,85,7,7
46048,65,60,5,5
46049,62,66,-4,4
46050,62,64,-2,2
46051,172,154,18,18
46052,82,80,2,2
46053,118,121,-3,3
46054,99,96,3,3
46055,121,119,2,2
46056,108,109,-1,1
46057,96,78,18,18
46058,145,136,9,9
46059,111,141,-30,30
46060,46,51,-5,5
46061,74,67,7,7
46062,96,93,3,3
46063,60,58,2,2
46064,110,137,-27,27
46065,78,82,-4,4
46066,114,104,10,10
46067,154,177,-23,23
46068,165,157,8,8
46069,42,39,3,3
46070,91,88,3,3
46071,100,104,-4,4
46072,110,92,18,18
46073,67,71,-4,4
46074,68,73,-5,5
46075,137,116,21,21
46076,87,91,-4,4
46077,93,88,5,5
46078,86,90,-4,4
46079,200,210,-10,10
46080,119,117,2,2
46081,176,175,1,1
46082,75,72,3,3
46083,125,118,7,7
46084,74,81,-7,7
46085,102,96,6,6
46086,53,53,0,0
46087,107,103,4,4
46088,95,92,3,3
46089,120,127,-7,7
46090,88,88,0,0
46091,66,72,-6,6
46092,94,87,7,7
46093,137,145,-8,8
46094,67,76,-9,9
46095,83,80,3,3
46096,56,56,0,0
46097,139,126,13,13
46098,100,93,7,7
46099,78,91,-13,13
46100,103,97,6,6
46101,59,65,-6,6
46102,47,55,-8,8
46103,65,60,5,5
46104,112,106,6,6
46105,132,118,14,14
46106,82,88,-6,6
46107,118,117,1,1
46108,109,97,12,12
46109,91,87,4,4
46110,67,67,0,0
46111,83,85,-2,2
46112,79,80,-1,1
46113,26,37,-11,11
46114,44,56,-12,12
46115,71,79,-8,8
46116,86,83,3,3
46117,77,76,1,1
46118,53,52,1,1
46119,98,92,6,6
46120,144,132,12,12
46121,89,82,7,7
46122,67,67,0,0
46123,147,139,8,8
46124,127,132,-5,5
46125,85,84,1,1
46126,66,61,5,5
46127,89,78,11,11
46128,89,92,-3,3
46129,75,74,1,1
46130,72,66,6,6
46131,101,104,-3,3
46132,126,98,28,28
46133,62,61,1,1
46134,83,81,2,2
46135,151,148,3,3
46136,102,106,-4,4
46137,215,209,6,6
46138,149,143,6,6
46139,133,131,2,2
46140,90,83,7,7
46141,100,85,15,15
46142,57,53,4,4
46143,61,66,-5,5
46144,41,39,2,2
46145,137,131,6,6
46146,164,159,5,5
46147,242,239,3,3
46148,99,100,-1,1
46149,51,52,-1,1
46150,68,65,3,3
46151,78,74,4,4
46152,120,118,2,2
46153,87,85,2,2
46154,105,97,8,8
46155,112,107,5,5
46156,87,90,-3,3
46157,88,90,-2,2
46158,71,65,6,6
46159,125,121,4,4
46160,73,76,-3,3
46161,108,109,-1,1
46162,76,80,-4,4
46163,45,39,6,6
46164,100,98,2,2
46165,76,79,-3,3
46166,158,158,0,0
46167,92,92,0,0
46168,77,82,-5,5
46169,44,39,5,5
46170,115,122,-7,7
46171,85,91,-6,6
46172,109,106,3,3
46173,89,91,-2,2
46174,39,37,2,2
46175,66,67,-1,1
46176,62,68,-6,6
46177,89,95,-6,6
46178,130,126,4,4
46179,92,94,-2,2
46180,138,126,12,12
46181,118,108,10,10
46182,219,242,-23,23
46183,104,106,-2,2
46184,94,100,-6,6
46185,100,89,11,11
46186,54,50,4,4
46187,153,138,15,15
46188,84,84,0,0
46189,91,101,-10,10
46190,46,48,-2,2
46191,53,60,-7,7
46192,77,71,6,6
46193,80,70,10,10
46194,138,130,8,8
46195,80,74,6,6
46196,138,127,11,11
46197,141,136,5,5
46198,91,88,3,3
46199,176,167,9,9
46200,117,122,-5,5
46201,69,77,-8,8
46202,108,120,-12,12
46203,101,94,7,7
46204,135,131,4,4
46205,115,118,-3,3
46206,102,103,-1,1
46207,56,61,-5,5
46208,96,100,-4,4
46209,69,65,4,4
46210,106,117,-11,11
46211,151,159,-8,8
46212,110,107,3,3
46213,112,104,8,8
46214,134,126,8,8
46215,65,62,3,3
46216,66,66,0,0
46217,97,101,-4,4
46218,109,111,-2,2
46219,141,137,4,4
46220,78,96,-18,18
46221,94,113,-19,19
46222,64,70,-6,6
46223,47,57,-10,10
46224,79,77,2,2
46225,104,110,-6,6
46226,39,37,2,2
46227,62,69,-7,7
46228,123,126,-3,3
46229,144,130,14,14
46230,108,114,-6,6
46231,183,162,21,21
46232,85,82,3,3
46233,49,51,-2,2
46234,40,39,1,1
46235,27,39,-12,12
46236,107,108,-1,1
46237,135,147,-12,12
46238,129,117,12,12
46239,77,76,1,1
46240,61,69,-8,8
46241,58,68,-10,10
46242,144,143,1,1
46243,53,54,-1,1
46244,95,101,-6,6
46245,82,73,9,9
46246,73,72,1,1
46247,174,184,-10,10
46248,101,97,4,4
46249,100,128,-28,28
46250,81,73,8,8
46251,94,91,3,3
46252,76,79,-3,3
46253,70,71,-1,1
46254,100,105,-5,5
46255,79,72,7,7
46256,83,84,-1,1
46257,90,95,-5,5
46258,136,133,3,3
46259,61,59,2,2
46260,106,109,-3,3
46261,90,92,-2,2
46262,32,38,-6,6
46263,100,107,-7,7
46264,74,66,8,8
46265,62,63,-1,1
46266,101,95,6,6
46267,104,98,6,6
46268,94,88,6,6
46269,95,102,-7,7
46270,134,131,3,3
46271,134,138,-4,4
46272,77,73,4,4
46273,80,99,-19,19
46274,90,88,2,2
46275,128,123,5,5
46276,108,109,-1,1
46277,64,69,-5,5
46278,44,55,-11,11
46279,115,112,3,3
46280,49,55,-6,6
46281,64,77,-13,13
46282,64,62,2,2
46283,128,125,3,3
46284,69,72,-3,3
46285,73,67,6,6
46286,38,37,1,1
46287,71,70,1,1
46288,94,98,-4,4
46289,89,92,-3,3
46290,63,62,1,1
46291,116,107,9,9
46292,83,88,-5,5
46293,38,39,-1,1
46294,57,62,-5,5
46295,84,86,-2,2
46296,552,456,96,96
46297,75,71,4,4
46298,70,71,-1,1
46299,90,106,-16,16
46300,181,207,-26,26
46301,109,108,1,1
46302,99,112,-13,13
46303,99,98,1,1
46304,73,73,0,0
46305,71,73,-2,2
46306,125,131,-6,6
46307,142,149,-7,7
46308,125,124,1,1
46309,99,98,1,1
46310,127,120,7,7
46311,134,120,14,14
46312,87,83,4,4
46313,99,108,-9,9
46314,116,126,-10,10
46315,57,58,-1,1
46316,160,153,7,7
46317,104,97,7,7
46318,106,108,-2,2
46319,82,88,-6,6
46320,149,139,10,10
46321,122,124,-2,2
46322,46,51,-5,5
46323,44,57,-13,13
46324,47,57,-10,10
46325,46,64,-18,18
46326,103,109,-6,6
46327,118,118,0,0
46328,62,62,0,0
46329,61,68,-7,7
46330,90,91,-1,1
46331,87,78,9,9
46332,163,157,6,6
46333,108,112,-4,4
46334,68,67,1,1
46335,128,124,4,4
46336,132,158,-26,26
46337,48,54,-6,6
46338,66,63,3,3
46339,62,66,-4,4
46340,77,89,-12,12
46341,47,60,-13,13
46342,124,117,7,7
46343,95,104,-9,9
46344,65,62,3,3
46345,70,74,-4,4
46346,133,134,-1,1
46347,98,101,-3,3
46348,138,147,-9,9
46349,93,97,-4,4
46350,136,130,6,6
46351,119,115,4,4
46352,102,109,-7,7
46353,106,125,-19,19
46354,75,77,-2,2
46355,58,54,4,4
46356,130,117,13,13
46357,85,88,-3,3
46358,102,116,-14,14
46359,66,63,3,3
46360,83,99,-16,16
46361,85,87,-2,2
46362,122,120,2,2
46363,107,116,-9,9
46364,68,72,-4,4
46365,58,59,-1,1
46366,87,84,3,3
46367,67,70,-3,3
46368,74,79,-5,5
46369,68,61,7,7
46370,104,95,9,9
46371,158,161,-3,3
46372,131,127,4,4
46373,103,104,-1,1
46374,109,111,-2,2
46375,64,62,2,2
46376,123,115,8,8
46377,111,104,7,7
46378,38,39,-1,1
46379,59,54,5,5
46380,46,59,-13,13
46381,101,107,-6,6
46382,149,145,4,4
46383,116,112,4,4
46384,62,80,-18,18
46385,78,80,-2,2
46386,92,88,4,4
46387,109,103,6,6
46388,94,98,-4,4
46389,107,114,-7,7
46390,75,80,-5,5
46391,64,69,-5,5
46392,30,38,-8,8
46393,127,130,-3,3
46394,67,65,2,2
46395,109,112,-3,3
46396,187,178,9,9
46397,90,90,0,0
46398,123,119,4,4
46399,72,66,6,6
46400,124,125,-1,1
46401,110,109,1,1
46402,108,112,-4,4
46403,65,72,-7,7
46404,116,117,-1,1
46405,77,92,-15,15
46406,40,39,1,1
46407,108,109,-1,1
46408,159,156,3,3
46409,60,60,0,0
46410,116,110,6,6
46411,124,146,-22,22
46412,94,101,-7,7
46413,90,81,9,9
46414,30,38,-8,8
46415,89,89,0,0
46416,89,84,5,5
46417,111,122,-11,11
46418,84,86,-2,2
46419,49,54,-5,5
46420,75,63,12,12
46421,136,122,14,14
46422,41,85,-44,44
46423,72,70,2,2
46424,173,172,1,1
46425,70,71,-1,1
46426,90,93,-3,3
46427,153,159,-6,6
46428,138,148,-10,10
46429,147,148,-1,1
46430,116,132,-16,16
46431,148,145,3,3
46432,117,118,-1,1
46433,103,101,2,2
46434,123,122,1,1
46435,151,140,11,11
46436,126,130,-4,4
46437,105,116,-11,11
46438,111,116,-5,5
46439,71,62,9,9
46440,99,115,-16,16
46441,59,64,-5,5
46442,104,98,6,6
46443,60,56,4,4
46444,88,88,0,0
46445,63,59,4,4
46446,186,180,6,6
46447,97,92,5,5
46448,128,122,6,6
46449,162,156,6,6
46450,74,70,4,4
46451,92,87,5,5
46452,153,150,3,3
46453,97,99,-2,2
46454,116,116,0,0
46455,161,139,22,22
46456,73,74,-1,1
46457,107,111,-4,4
46458,112,130,-18,18
46459,89,87,2,2
46460,92,89,3,3
46461,83,83,0,0
46462,108,121,-13,13
46463,108,113,-5,5
46464,49,47,2,2
46465,64,61,3,3
46466,109,119,-10,10
46467,52,43,9,9
46468,139,145,-6,6
46469,90,92,-2,2
46470,90,92,-2,2
46471,70,72,-2,2
46472,97,101,-4,4
46473,56,60,-4,4
46474,64,75,-11,11
46475,67,64,3,3
46476,48,51,-3,3
46477,69,65,4,4
46478,93,94,-1,1
46479,144,143,1,1
46480,145,157,-12,12
46481,142,147,-5,5
46482,150,154,-4,4
46483,58,55,3,3
46484,120,108,12,12
46485,102,102,0,0
46486,142,151,-9,9
46487,100,106,-6,6
46488,125,126,-1,1
46489,84,96,-12,12
46490,123,124,-1,1
46491,145,158,-13,13
46492,86,91,-5,5
46493,73,72,1,1
46494,97,95,2,2
46495,57,58,-1,1
46496,122,119,3,3
46497,71,60,11,11
46498,99,101,-2,2
46499,83,73,10,10
46500,165,161,4,4
46501,193,178,15,15
46502,104,97,7,7
46503,110,128,-18,18
46504,65,66,-1,1
46505,72,75,-3,3
46506,76,75,1,1
46507,173,174,-1,1
46508,76,90,-14,14
46509,95,94,1,1
46510,96,97,-1,1
46511,82,77,5,5
46512,91,101,-10,10
46513,88,87,1,1
46514,104,110,-6,6
46515,114,121,-7,7
46516,109,105,4,4
46517,74,73,1,1
46518,137,130,7,7
46519,93,94,-1,1
46520,88,92,-4,4
46521,55,64,-9,9
46522,72,76,-4,4
46523,71,90,-19,19
46524,110,97,13,13
46525,114,118,-4,4
46526,128,135,-7,7
46527,65,61,4,4
46528,114,119,-5,5
46529,97,94,3,3
46530,117,152,-35,35
46531,72,75,-3,3
46532,92,89,3,3
46533,64,59,5,5
46534,125,133,-8,8
46535,99,102,-3,3
46536,56,62,-6,6
46537,54,53,1,1
46538,122,126,-4,4
46539,178,185,-7,7
46540,179,178,1,1
46541,80,80,0,0
46542,109,106,3,3
46543,83,86,-3,3
46544,103,97,6,6
46545,61,65,-4,4
46546,125,117,8,8
46547,96,92,4,4
46548,96,119,-23,23
46549,97,96,1,1
46550,108,92,16,16
46551,89,91,-2,2
46552,55,53,2,2
46553,87,133,-46,46
46554,49,51,-2,2
46555,94,97,-3,3
46556,93,120,-27,27
46557,75,72,3,3
46558,65,67,-2,2
46559,52,53,-1,1
46560,83,78,5,5
46561,123,106,17,17
46562,92,89,3,3
46563,74,81,-7,7
46564,109,98,11,11
46565,52,55,-3,3
46566,76,68,8,8
46567,116,115,1,1
46568,83,76,7,7
46569,82,80,2,2
46570,144,142,2,2
46571,35,39,-4,4
46572,155,153,2,2
46573,136,127,9,9
46574,123,120,3,3
46575,81,76,5,5
46576,66,69,-3,3
46577,131,126,5,5
46578,133,120,13,13
46579,71,69,2,2
46580,82,84,-2,2
46581,82,82,0,0
46582,42,39,3,3
46583,137,158,-21,21
46584,140,171,-31,31
46585,58,67,-9,9
46586,117,106,11,11
46587,69,84,-15,15
46588,85,87,-2,2
46589,52,40,12,12
46590,87,97,-10,10
46591,135,148,-13,13
46592,64,63,1,1
46593,129,112,17,17
46594,190,191,-1,1
46595,68,78,-10,10
46596,82,75,7,7
46597,75,76,-1,1
46598,149,134,15,15
46599,84,84,0,0
46600,54,52,2,2
46601,98,96,2,2
46602,99,89,10,10
46603,125,128,-3,3
46604,86,88,-2,2
46605,95,92,3,3
46606,75,78,-3,3
46607,80,74,6,6
46608,118,121,-3,3
46609,91,85,6,6
46610,106,102,4,4
46611,85,94,-9,9
46612,153,141,12,12
46613,103,108,-5,5
46614,159,164,-5,5
46615,69,66,3,3
46616,166,135,31,31
46617,109,108,1,1
46618,133,126,7,7
46619,191,181,10,10
46620,113,97,16,16
46621,124,116,8,8
46622,139,137,2,2
46623,88,88,0,0
46624,43,83,-40,40
46625,71,73,-2,2
46626,116,114,2,2
46627,115,110,5,5
46628,118,119,-1,1
46629,62,59,3,3
46630,106,111,-5,5
46631,116,134,-18,18
46632,137,132,5,5
46633,201,183,18,18
46634,53,54,-1,1
46635,73,75,-2,2
46636,46,52,-6,6
46637,90,88,2,2
46638,126,128,-2,2
46639,113,116,-3,3
46640,80,73,7,7
46641,102,94,8,8
46642,161,148,13,13
46643,103,106,-3,3
46644,119,133,-14,14
46645,54,63,-9,9
46646,159,152,7,7
46647,87,79,8,8
46648,59,53,6,6
46649,59,63,-4,4
46650,90,88,2,2
46651,59,64,-5,5
46652,104,100,4,4
46653,131,136,-5,5
46654,60,59,1,1
46655,68,65,3,3
46656,86,84,2,2
46657,88,85,3,3
46658,146,150,-4,4
46659,62,62,0,0
46660,152,153,-1,1
46661,104,104,0,0
46662,67,63,4,4
46663,102,106,-4,4
46664,96,101,-5,5
46665,99,113,-14,14
46666,99,103,-4,4
46667,76,76,0,0
46668,97,98,-1,1
46669,83,89,-6,6
46670,112,118,-6,6
46671,63,64,-1,1
46672,136,146,-10,10
46673,74,75,-1,1
46674,172,155,17,17
46675,136,123,13,13
46676,120,127,-7,7
46677,116,119,-3,3
46678,126,122,4,4
46679,114,108,6,6
46680,72,74,-2,2
46681,104,104,0,0
46682,147,157,-10,10
46683,103,106,-3,3
46684,81,72,9,9
46685,80,82,-2,2
46686,101,100,1,1
46687,125,112,13,13
46688,92,79,13,13
46689,84,83,1,1
46690,80,113,-33,33
46691,150,148,2,2
46692,61,63,-2,2
46693,112,112,0,0
46694,112,104,8,8
46695,67,61,6,6
46696,137,135,2,2
46697,58,60,-2,2
46698,105,104,1,1
46699,88,92,-4,4
46700,76,72,4,4
46701,88,83,5,5
46702,108,114,-6,6
46703,97,95,2,2
46704,141,146,-5,5
46705,64,77,-13,13
46706,51,58,-7,7
46707,101,94,7,7
46708,158,161,-3,3
46709,97,98,-1,1
46710,79,86,-7,7
46711,69,67,2,2
46712,97,108,-11,11
46713,90,92,-2,2
46714,85,91,-6,6
46715,90,86,4,4
46716,120,119,1,1
46717,61,60,1,1
46718,145,150,-5,5
46719,77,80,-3,3
46720,49,55,-6,6
46721,81,86,-5,5
46722,70,70,0,0
46723,107,98,9,9
46724,87,86,1,1
46725,66,66,0,0
46726,108,109,-1,1
46727,86,83,3,3
46728,68,68,0,0
46729,84,71,13,13
46730,72,73,-1,1
46731,67,71,-4,4
46732,73,70,3,3
46733,81,85,-4,4
46734,65,57,8,8
46735,130,116,14,14
46736,47,39,8,8
46737,117,121,-4,4
46738,141,127,14,14
46739,204,190,14,14
46740,85,84,1,1
46741,116,126,-10,10
46742,118,112,6,6
46743,110,115,-5,5
46744,100,97,3,3
46745,93,95,-2,2
46746,53,50,3,3
46747,86,78,8,8
46748,70,69,1,1
46749,80,84,-4,4
46750,146,154,-8,8
46751,72,72,0,0
46752,154,156,-2,2
46753,206,209,-3,3
46754,72,78,-6,6
46755,141,139,2,2
46756,83,106,-23,23
46757,141,149,-8,8
46758,97,106,-9,9
46759,137,133,4,4
46760,124,128,-4,4
46761,84,86,-2,2
46762,102,121,-19,19
46763,22,55,-33,33
46764,97,101,-4,4
46765,59,57,2,2
46766,124,132,-8,8
46767,198,199,-1,1
46768,93,83,10,10
46769,96,94,2,2
46770,99,92,7,7
46771,191,162,29,29
46772,88,84,4,4
46773,88,83,5,5
46774,114,111,3,3
46775,85,94,-9,9
46776,85,73,12,12
46777,63,65,-2,2
46778,129,111,18,18
46779,142,143,-1,1
46780,66,73,-7,7
46781,64,60,4,4
46782,72,69,3,3
46783,143,149,-6,6
46784,73,65,8,8
46785,92,94,-2,2
46786,80,83,-3,3
46787,123,120,3,3
46788,67,69,-2,2
46789,87,105,-18,18
46790,81,65,16,16
46791,77,104,-27,27
46792,70,64,6,6
46793,120,121,-1,1
46794,119,121,-2,2
46795,116,119,-3,3
46796,193,198,-5,5
46797,90,93,-3,3
46798,113,130,-17,17
46799,109,102,7,7
46800,85,88,-3,3
46801,63,63,0,0
46802,56,56,0,0
46803,131,140,-9,9
46804,108,109,-1,1
46805,58,57,1,1
46806,57,63,-6,6
46807,98,119,-21,21
46808,86,103,-17,17
46809,60,57,3,3
46810,54,60,-6,6
46811,160,153,7,7
46812,91,105,-14,14
46813,179,153,26,26
46814,68,87,-19,19
46815,143,146,-3,3
46816,86,76,10,10
46817,115,121,-6,6
46818,139,128,11,11
46819,95,97,-2,2
46820,66,79,-13,13
46821,66,64,2,2
46822,143,144,-1,1
46823,87,86,1,1
46824,85,95,-10,10
46825,77,82,-5,5
46826,77,68,9,9
46827,91,83,8,8
46828,80,83,-3,3
46829,23,37,-14,14
46830,92,92,0,0
46831,109,104,5,5
46832,115,105,10,10
46833,93,95,-2,2
46834,67,70,-3,3
46835,150,151,-1,1
46836,78,69,9,9
46837,159,165,-6,6
46838,124,114,10,10
46839,93,108,-15,15
46840,133,140,-7,7
46841,79,88,-9,9
46842,62,60,2,2
46843,73,69,4,4
46844,66,62,4,4
46845,69,65,4,4
46846,146,167,-21,21
46847,73,62,11,11
46848,91,102,-11,11
46849,67,65,2,2
46850,80,97,-17,17
46851,96,92,4,4
46852,75,72,3,3
46853,72,83,-11,11
46854,87,84,3,3
46855,93,86,7,7
46856,115,110,5,5
46857,142,139,3,3
46858,168,145,23,23
46859,149,141,8,8
46860,91,91,0,0
46861,69,75,-6,6
46862,112,112,0,0
46863,83,81,2,2
46864,63,59,4,4
46865,84,87,-3,3
46866,113,106,7,7
46867,98,96,2,2
46868,174,181,-7,7
46869,103,96,7,7
46870,32,75,-43,43
46871,126,131,-5,5
46872,132,138,-6,6
46873,49,50,-1,1
46874,107,109,-2,2
46875,121,139,-18,18
46876,132,121,11,11
46877,75,74,1,1
46878,71,74,-3,3
46879,69,81,-12,12
46880,158,149,9,9
46881,73,72,1,1
46882,146,132,14,14
46883,49,55,-6,6
46884,124,128,-4,4
46885,71,68,3,3
46886,43,40,3,3
46887,94,98,-4,4
46888,120,136,-16,16
46889,107,106,1,1
46890,83,77,6,6
46891,111,109,2,2
46892,79,82,-3,3
46893,93,96,-3,3
46894,130,132,-2,2
46895,119,113,6,6
46896,80,73,7,7
46897,80,71,9,9
46898,76,74,2,2
46899,101,104,-3,3
46900,131,130,1,1
46901,91,98,-7,7
46902,81,90,-9,9
46903,102,104,-2,2
46904,108,95,13,13
46905,79,79,0,0
46906,121,114,7,7
46907,135,141,-6,6
46908,68,83,-15,15
46909,104,114,-10,10
46910,44,46,-2,2
46911,103,112,-9,9
46912,136,145,-9,9
46913,107,91,16,16
46914,78,93,-15,15
46915,75,76,-1,1
46916,37,38,-1,1
46917,24,38,-14,14
46918,166,165,1,1
46919,134,129,5,5
46920,116,114,2,2
46921,85,86,-1,1
46922,130,134,-4,4
46923,150,147,3,3
46924,103,96,7,7
46925,92,91,1,1
46926,127,134,-7,7
46927,72,73,-1,1
46928,95,101,-6,6
46929,56,54,2,2
46930,170,155,15,15
46931,106,96,10,10
46932,78,80,-2,2
46933,135,143,-8,8
46934,113,107,6,6
46935,191,186,5,5
46936,61,65,-4,4
46937,95,86,9,9
46938,119,119,0,0
46939,114,105,9,9
46940,88,87,1,1
46941,71,68,3,3
46942,76,71,5,5
46943,50,55,-5,5
46944,69,67,2,2
46945,51,75,-24,24
46946,74,84,-10,10
46947,79,77,2,2
46948,74,83,-9,9
46949,113,120,-7,7
46950,99,110,-11,11
46951,86,87,-1,1
46952,91,93,-2,2
46953,83,97,-14,14
46954,106,100,6,6
46955,66,62,4,4
46956,74,68,6,6
46957,78,74,4,4
46958,101,103,-2,2
46959,78,89,-11,11
46960,91,101,-10,10
46961,94,98,-4,4
46962,86,89,-3,3
46963,64,64,0,0
46964,98,81,17,17
46965,100,111,-11,11
46966,148,140,8,8
46967,96,108,-12,12
46968,135,121,14,14
46969,123,138,-15,15
46970,65,63,2,2
46971,86,81,5,5
46972,86,84,2,2
46973,93,91,2,2
46974,106,106,0,0
46975,122,119,3,3
46976,75,86,-11,11
46977,86,85,1,1
46978,51,53,-2,2
46979,56,59,-3,3
46980,125,134,-9,9
46981,92,85,7,7
46982,108,117,-9,9
46983,151,147,4,4
46984,83,85,-2,2
46985,66,73,-7,7
46986,138,129,9,9
46987,120,127,-7,7
46988,79,78,1,1
46989,86,92,-6,6
46990,163,171,-8,8
46991,112,113,-1,1
46992,98,90,8,8
46993,40,69,-29,29
46994,85,88,-3,3
46995,73,79,-6,6
46996,84,95,-11,11
46997,127,133,-6,6
46998,113,105,8,8
46999,116,113,3,3
47000,91,95,-4,4
47001,91,75,16,16
47002,50,52,-2,2
47003,78,84,-6,6
47004,90,91,-1,1
47005,125,121,4,4
47006,84,89,-5,5
47007,79,77,2,2
47008,69,67,2,2
47009,115,103,12,12
47010,227,242,-15,15
47011,107,113,-6,6
47012,136,170,-34,34
47013,88,87,1,1
47014,117,120,-3,3
47015,81,87,-6,6
47016,150,150,0,0
47017,101,118,-17,17
47018,169,168,1,1
47019,75,81,-6,6
47020,146,152,-6,6
47021,96,95,1,1
47022,66,66,0,0
47023,73,72,1,1
47024,85,96,-11,11
47025,104,91,13,13
47026,53,57,-4,4
47027,148,164,-16,16
47028,119,112,7,7
47029,45,44,1,1
47030,72,73,-1,1
47031,126,128,-2,2
47032,64,61,3,3
47033,119,122,-3,3
47034,89,96,-7,7
47035,139,140,-1,1
47036,111,119,-8,8
47037,100,107,-7,7
47038,82,85,-3,3
47039,138,137,1,1
47040,47,40,7,7
47041,167,153,14,14
47042,63,61,2,2
47043,118,114,4,4
47044,201,212,-11,11
47045,82,89,-7,7
47046,91,96,-5,5
47047,81,83,-2,2
47048,91,87,4,4
47049,119,109,10,10
47050,88,84,4,4
47051,76,76,0,0
47052,86,88,-2,2
47053,47,52,-5,5
47054,134,129,5,5
47055,96,98,-2,2
47056,82,81,1,1
47057,82,76,6,6
47058,89,91,-2,2
47059,99,105,-6,6
47060,93,96,-3,3
47061,87,90,-3,3
47062,62,63,-1,1
47063,58,54,4,4
47064,82,84,-2,2
47065,142,148,-6,6
47066,101,97,4,4
47067,127,121,6,6
47068,46,38,8,8
47069,116,112,4,4
47070,54,60,-6,6
47071,71,67,4,4
47072,121,145,-24,24
47073,80,81,-1,1
47074,86,84,2,2
47075,119,116,3,3
47076,71,76,-5,5
47077,171,168,3,3
47078,126,115,11,11
47079,57,54,3,3
47080,99,102,-3,3
47081,55,62,-7,7
47082,77,82,-5,5
47083,110,106,4,4
47084,77,104,-27,27
47085,111,110,1,1
47086,164,171,-7,7
47087,104,99,5,5
47088,85,87,-2,2
47089,75,77,-2,2
47090,119,114,5,5
47091,82,84,-2,2
47092,122,113,9,9
47093,111,111,0,0
47094,102,95,7,7
47095,54,53,1,1
47096,96,96,0,0
47097,65,65,0,0
47098,135,139,-4,4
47099,79,73,6,6
47100,92,80,12,12
47101,56,58,-2,2
47102,109,98,11,11
47103,124,126,-2,2
47104,65,69,-4,4
47105,84,86,-2,2
47106,107,105,2,2
47107,114,107,7,7
47108,92,85,7,7
47109,129,127,2,2
47110,159,156,3,3
47111,80,85,-5,5
47112,106,107,-1,1
47113,76,77,-1,1
47114,81,90,-9,9
47115,115,114,1,1
47116,89,98,-9,9
47117,66,70,-4,4
47118,49,54,-5,5
47119,74,69,5,5
47120,77,69,8,8
47121,98,94,4,4
47122,181,171,10,10
47123,65,61,4,4
47124,125,125,0,0
47125,120,129,-9,9
47126,92,87,5,5
47127,125,121,4,4
47128,97,97,0,0
47129,113,101,12,12
47130,69,72,-3,3
47131,41,41,0,0
47132,112,112,0,0
47133,93,85,8,8
47134,77,71,6,6
47135,114,129,-15,15
47136,90,90,0,0
47137,119,130,-11,11
47138,85,96,-11,11
47139,99,109,-10,10
47140,113,96,17,17
47141,112,122,-10,10
47142,43,39,4,4
47143,73,68,5,5
47144,149,151,-2,2
47145,72,73,-1,1
47146,62,66,-4,4
47147,74,75,-1,1
47148,197,193,4,4
47149,93,101,-8,8
47150,103,79,24,24
47151,96,92,4,4
47152,191,170,21,21
47153,116,112,4,4
47154,75,70,5,5
47155,99,108,-9,9
47156,94,85,9,9
47157,124,134,-10,10
47158,83,86,-3,3
47159,131,129,2,2
47160,108,95,13,13
47161,108,124,-16,16
47162,77,77,0,0
47163,77,65,12,12
47164,126,124,2,2
47165,59,77,-18,18
47166,101,113,-12,12
47167,121,119,2,2
47168,116,123,-7,7
47169,124,114,10,10
47170,69,62,7,7
47171,160,155,5,5
47172,67,70,-3,3
47173,111,119,-8,8
47174,80,102,-22,22
47175,44,39,5,5
47176,89,85,4,4
47177,92,90,2,2
47178,105,111,-6,6
47179,113,105,8,8
47180,83,85,-2,2
47181,54,54,0,0
47182,47,45,2,2
47183,105,98,7,7
47184,65,60,5,5
47185,118,112,6,6
47186,115,103,12,12
47187,92,97,-5,5
47188,69,58,11,11
47189,42,39,3,3
47190,64,58,6,6
47191,119,126,-7,7
47192,142,134,8,8
47193,117,108,9,9
47194,67,71,-4,4
47195,157,151,6,6
47196,57,60,-3,3
47197,122,110,12,12
47198,84,79,5,5
47199,112,117,-5,5
47200,96,100,-4,4
47201,75,77,-2,2
47202,86,85,1,1
47203,168,157,11,11
47204,128,117,11,11
47205,111,116,-5,5
47206,95,98,-3,3
47207,74,86,-12,12
47208,101,89,12,12
47209,69,64,5,5
47210,160,166,-6,6
47211,139,131,8,8
47212,24,59,-35,35
47213,89,87,2,2
47214,102,108,-6,6
47215,49,51,-2,2
47216,94,109,-15,15
47217,76,69,7,7
47218,170,151,19,19
47219,158,160,-2,2
47220,31,84,-53,53
47221,66,69,-3,3
47222,106,91,15,15
47223,60,69,-9,9
47224,77,81,-4,4
47225,68,66,2,2
47226,129,132,-3,3
47227,60,58,2,2
47228,106,109,-3,3
47229,64,59,5,5
47230,67,66,1,1
47231,85,89,-4,4
47232,79,71,8,8
47233,175,170,5,5
47234,20,55,-35,35
47235,169,158,11,11
47236,90,95,-5,5
47237,74,75,-1,1
47238,68,83,-15,15
47239,52,58,-6,6
47240,81,86,-5,5
47241,106,111,-5,5
47242,113,116,-3,3
47243,64,65,-1,1
47244,98,101,-3,3
47245,120,124,-4,4
47246,85,82,3,3
47247,70,62,8,8
47248,121,117,4,4
47249,132,126,6,6
47250,50,49,1,1
47251,68,79,-11,11
47252,55,56,-1,1
47253,122,115,7,7
47254,107,100,7,7
47255,69,72,-3,3
47256,115,112,3,3
47257,118,118,0,0
47258,184,219,-35,35
47259,78,91,-13,13
47260,47,50,-3,3
47261,65,62,3,3
47262,109,98,11,11
47263,89,82,7,7
47264,141,143,-2,2
47265,68,93,-25,25
47266,167,153,14,14
47267,68,75,-7,7
47268,86,94,-8,8
47269,93,91,2,2
47270,91,92,-1,1
47271,65,70,-5,5
47272,132,134,-2,2
47273,91,95,-4,4
47274,71,64,7,7
47275,71,65,6,6
47276,120,130,-10,10
47277,118,113,5,5
47278,117,116,1,1
47279,157,160,-3,3
47280,73,77,-4,4
47281,108,111,-3,3
47282,82,72,10,10
47283,122,119,3,3
47284,143,151,-8,8
47285,172,166,6,6
47286,76,64,12,12
47287,130,139,-9,9
47288,61,58,3,3
47289,65,69,-4,4
47290,128,121,7,7
47291,98,94,4,4
47292,161,173,-12,12
47293,56,55,1,1
47294,97,137,-40,40
47295,176,204,-28,28
47296,125,124,1,1
47297,115,111,4,4
47298,81,87,-6,6
47299,103,100,3,3
47300,53,53,0,0
47301,173,176,-3,3
47302,132,126,6,6
47303,129,124,5,5
47304,120,120,0,0
47305,123,117,6,6
47306,203,170,33,33
47307,59,52,7,7
47308,67,68,-1,1
47309,132,122,10,10
47310,182,171,11,11
47311,143,147,-4,4
47312,97,89,8,8
47313,91,86,5,5
47314,96,108,-12,12
47315,91,91,0,0
47316,87,84,3,3
47317,143,154,-11,11
47318,65,61,4,4
47319,78,68,10,10
47320,78,77,1,1
47321,140,143,-3,3
47322,93,97,-4,4
47323,52,52,0,0
47324,95,103,-8,8
47325,96,88,8,8
47326,72,73,-1,1
47327,113,114,-1,1
47328,97,93,4,4
47329,77,78,-1,1
47330,71,72,-1,1
47331,58,57,1,1
47332,72,69,3,3
47333,210,191,19,19
47334,97,92,5,5
47335,141,151,-10,10
47336,130,135,-5,5
47337,105,110,-5,5
47338,66,74,-8,8
47339,78,91,-13,13
47340,96,98,-2,2
47341,120,121,-1,1
47342,57,61,-4,4
47343,162,160,2,2
47344,134,138,-4,4
47345,161,153,8,8
47346,171,176,-5,5
47347,91,99,-8,8
47348,46,50,-4,4
47349,128,125,3,3
47350,113,103,10,10
47351,96,93,3,3
47352,55,53,2,2
47353,101,107,-6,6
47354,146,144,2,2
47355,83,126,-43,43
47356,41,39,2,2
47357,117,119,-2,2
47358,118,124,-6,6
47359,89,94,-5,5
47360,88,89,-1,1
47361,37,39,-2,2
47362,68,70,-2,2
47363,53,49,4,4
47364,106,104,2,2
47365,125,120,5,5
47366,79,80,-1,1
47367,100,99,1,1
47368,99,105,-6,6
47369,99,103,-4,4
47370,130,122,8,8
47371,75,87,-12,12
47372,101,96,5,5
47373,90,91,-1,1
47374,154,143,11,11
47375,116,111,5,5
47376,60,66,-6,6
47377,144,151,-7,7
47378,75,76,-1,1
47379,110,107,3,3
47380,124,130,-6,6
47381,79,91,-12,12
47382,38,39,-1,1
47383,90,90,0,0
47384,84,77,7,7
47385,76,84,-8,8
47386,88,92,-4,4
47387,124,131,-7,7
47388,76,84,-8,8
47389,84,78,6,6
47390,75,75,0,0
47391,78,76,2,2
47392,48,52,-4,4
47393,70,81,-11,11
47394,125,120,5,5
47395,129,133,-4,4
47396,75,68,7,7
47397,91,105,-14,14
47398,108,106,2,2
47399,100,95,5,5
47400,56,66,-10,10
47401,140,129,11,11
47402,62,60,2,2
47403,224,193,31,31
47404,109,115,-6,6
47405,159,167,-8,8
47406,90,93,-3,3
47407,125,118,7,7
47408,96,100,-4,4
47409,74,90,-16,16
47410,109,116,-7,7
47411,84,86,-2,2
47412,50,51,-1,1
47413,146,145,1,1
47414,116,109,7,7
47415,93,88,5,5
47416,92,87,5,5
47417,72,64,8,8
47418,159,143,16,16
47419,79,75,4,4
47420,117,112,5,5
47421,92,84,8,8
47422,102,102,0,0
47423,61,62,-1,1
47424,55,51,4,4
47425,91,78,13,13
47426,94,87,7,7
47427,64,64,0,0
47428,121,118,3,3
47429,50,52,-2,2
47430,91,87,4,4
47431,87,88,-1,1
47432,100,96,4,4
47433,60,64,-4,4
47434,139,142,-3,3
47435,77,72,5,5
47436,54,56,-2,2
47437,117,98,19,19
47438,105,120,-15,15
47439,105,104,1,1
47440,78,81,-3,3
47441,108,101,7,7
47442,111,124,-13,13
47443,112,119,-7,7
47444,69,67,2,2
47445,100,105,-5,5
47446,96,93,3,3
47447,31,52,-21,21
47448,75,72,3,3
47449,68,69,-1,1
47450,53,56,-3,3
47451,63,65,-2,2
47452,85,80,5,5
47453,126,129,-3,3
47454,107,109,-2,2
47455,130,129,1,1
47456,65,62,3,3
47457,73,69,4,4
47458,107,113,-6,6
47459,121,124,-3,3
47460,99,100,-1,1
47461,92,100,-8,8
47462,170,171,-1,1
47463,85,71,14,14
47464,142,139,3,3
47465,86,86,0,0
47466,63,62,1,1
47467,121,116,5,5
47468,84,92,-8,8
47469,66,60,6,6
47470,60,57,3,3
47471,68,63,5,5
47472,113,127,-14,14
47473,101,100,1,1
47474,48,53,-5,5
47475,154,158,-4,4
47476,160,157,3,3
47477,102,94,8,8
47478,94,94,0,0
47479,84,80,4,4
47480,107,114,-7,7
47481,66,71,-5,5
47482,87,92,-5,5
47483,84,74,10,10
47484,86,92,-6,6
47485,101,75,26,26
47486,83,76,7,7
47487,70,62,8,8
47488,104,92,12,12
47489,78,71,7,7
47490,69,66,3,3
47491,172,167,5,5
47492,66,77,-11,11
47493,96,90,6,6
47494,73,73,0,0
47495,122,133,-11,11
47496,66,74,-8,8
47497,78,83,-5,5
47498,70,126,-56,56
47499,62,67,-5,5
47500,64,62,2,2
47501,189,181,8,8
47502,101,103,-2,2
47503,83,82,1,1
47504,88,80,8,8
47505,108,105,3,3
47506,109,106,3,3
47507,50,38,12,12
47508,100,97,3,3
47509,98,93,5,5
47510,74,68,6,6
47511,151,139,12,12
47512,67,70,-3,3
47513,145,139,6,6
47514,99,98,1,1
47515,79,80,-1,1
47516,66,72,-6,6
47517,87,84,3,3
47518,104,96,8,8
47519,75,71,4,4
47520,81,70,11,11
47521,79,87,-8,8
47522,82,80,2,2
47523,202,188,14,14
47524,64,60,4,4
47525,142,142,0,0
47526,77,83,-6,6
47527,95,115,-20,20
47528,127,135,-8,8
47529,89,96,-7,7
47530,136,151,-15,15
47531,63,68,-5,5
47532,123,121,2,2
47533,113,110,3,3
47534,98,98,0,0
47535,136,125,11,11
47536,124,121,3,3
47537,124,118,6,6
47538,162,153,9,9
47539,81,93,-12,12
47540,93,94,-1,1
47541,83,90,-7,7
47542,127,112,15,15
47543,60,52,8,8
47544,83,86,-3,3
47545,60,58,2,2
47546,103,114,-11,11
47547,93,82,11,11
47548,78,80,-2,2
47549,97,92,5,5
47550,73,69,4,4
47551,128,123,5,5
47552,92,99,-7,7
47553,37,39,-2,2
47554,154,152,2,2
47555,60,65,-5,5
47556,94,91,3,3
47557,103,102,1,1
47558,72,71,1,1
47559,65,71,-6,6
47560,85,90,-5,5
47561,111,110,1,1
47562,88,92,-4,4
47563,110,103,7,7
47564,102,99,3,3
47565,59,57,2,2
47566,89,80,9,9
47567,113,102,11,11
47568,65,70,-5,5
47569,148,147,1,1
47570,83,84,-1,1
47571,81,81,0,0
47572,88,85,3,3
47573,67,70,-3,3
47574,44,52,-8,8
47575,98,106,-8,8
47576,89,88,1,1
47577,85,88,-3,3
47578,165,151,14,14
47579,58,63,-5,5
47580,118,113,5,5
47581,138,122,16,16
47582,85,80,5,5
47583,77,79,-2,2
47584,58,57,1,1
47585,78,72,6,6
47586,94,110,-16,16
47587,51,59,-8,8
47588,109,118,-9,9
47589,72,79,-7,7
47590,71,68,3,3
47591,83,90,-7,7
47592,97,95,2,2
47593,81,85,-4,4
47594,192,210,-18,18
47595,152,149,3,3
47596,101,102,-1,1
47597,65,58,7,7
47598,77,80,-3,3
47599,130,123,7,7
47600,124,100,24,24
47601,89,94,-5,5
47602,105,116,-11,11
47603,85,83,2,2
47604,147,151,-4,4
47605,108,123,-15,15
47606,86,86,0,0
47607,66,67,-1,1
47608,62,57,5,5
47609,74,69,5,5
47610,144,126,18,18
47611,77,73,4,4
47612,53,38,15,15
47613,81,73,8,8
47614,121,121,0,0
47615,71,66,5,5
47616,75,57,18,18
47617,105,98,7,7
47618,98,102,-4,4
47619,133,141,-8,8
47620,115,122,-7,7
47621,56,57,-1,1
47622,139,139,0,0
47623,108,110,-2,2
47624,207,192,15,15
47625,43,56,-13,13
47626,135,132,3,3
47627,122,126,-4,4
47628,61,66,-5,5
47629,97,89,8,8
47630,77,72,5,5
47631,123,107,16,16
47632,59,61,-2,2
47633,113,121,-8,8
47634,125,125,0,0
47635,88,91,-3,3
47636,72,67,5,5
47637,137,142,-5,5
47638,113,105,8,8
47639,112,104,8,8
47640,60,64,-4,4
47641,106,108,-2,2
47642,143,146,-3,3
47643,91,90,1,1
47644,95,90,5,5
47645,155,141,14,14
47646,106,110,-4,4
47647,103,118,-15,15
47648,142,130,12,12
47649,76,72,4,4
47650,115,123,-8,8
47651,96,121,-25,25
47652,103,96,7,7
47653,106,111,-5,5
47654,67,63,4,4
47655,100,98,2,2
47656,103,96,7,7
47657,72,73,-1,1
47658,142,139,3,3
47659,32,51,-19,19
47660,137,139,-2,2
47661,57,63,-6,6
47662,69,73,-4,4
47663,47,51,-4,4
47664,82,81,1,1
47665,113,106,7,7
47666,81,87,-6,6
47667,96,99,-3,3
47668,67,63,4,4
47669,138,132,6,6
47670,73,68,5,5
47671,62,79,-17,17
47672,45,52,-7,7
47673,106,104,2,2
47674,65,62,3,3
47675,79,83,-4,4
47676,109,115,-6,6
47677,147,142,5,5
47678,67,62,5,5
47679,94,91,3,3
47680,73,73,0,0
47681,57,64,-7,7
47682,124,114,10,10
47683,68,76,-8,8
47684,89,84,5,5
47685,105,97,8,8
47686,64,74,-10,10
47687,78,85,-7,7
47688,108,101,7,7
47689,171,173,-2,2
47690,92,84,8,8
47691,63,64,-1,1
47692,66,68,-2,2
47693,85,91,-6,6
47694,134,132,2,2
47695,73,71,2,2
47696,85,84,1,1
47697,81,77,4,4
47698,119,118,1,1
47699,64,61,3,3
47700,73,69,4,4
47701,120,106,14,14
47702,122,121,1,1
47703,97,102,-5,5
47704,69,70,-1,1
47705,88,88,0,0
47706,86,87,-1,1
47707,87,88,-1,1
47708,152,147,5,5
47709,65,64,1,1
47710,37,47,-10,10
47711,125,114,11,11
47712,117,128,-11,11
47713,72,70,2,2
47714,120,143,-23,23
47715,67,66,1,1
47716,147,147,0,0
47717,142,140,2,2
47718,111,104,7,7
47719,104,107,-3,3
47720,90,86,4,4
47721,76,77,-1,1
47722,82,75,7,7
47723,122,97,25,25
47724,176,171,5,5
47725,97,79,18,18
47726,84,85,-1,1
47727,94,90,4,4
47728,175,188,-13,13
47729,90,93,-3,3
47730,62,60,2,2
47731,116,106,10,10
47732,137,136,1,1
47733,141,136,5,5
47734,96,106,-10,10
47735,99,99,0,0
47736,66,61,5,5
47737,183,185,-2,2
47738,64,60,4,4
47739,137,151,-14,14
47740,51,53,-2,2
47741,35,38,-3,3
47742,137,127,10,10
47743,151,162,-11,11
47744,115,114,1,1
47745,94,90,4,4
47746,42,39,3,3
47747,57,64,-7,7
47748,102,111,-9,9
47749,59,59,0,0
47750,73,84,-11,11
47751,80,80,0,0
47752,102,111,-9,9
47753,111,109,2,2
47754,150,154,-4,4
47755,149,142,7,7
47756,129,122,7,7
47757,35,60,-25,25
47758,50,54,-4,4
47759,85,82,3,3
47760,90,88,2,2
47761,129,116,13,13
47762,111,118,-7,7
47763,80,87,-7,7
47764,165,170,-5,5
47765,69,68,1,1
47766,132,124,8,8
47767,145,140,5,5
47768,51,53,-2,2
47769,152,143,9,9
47770,64,63,1,1
47771,168,162,6,6
47772,100,108,-8,8
47773,72,64,8,8
47774,86,89,-3,3
47775,67,74,-7,7
47776,71,76,-5,5
47777,156,156,0,0
47778,92,87,5,5
47779,93,96,-3,3
47780,95,103,-8,8
47781,113,112,1,1
47782,105,102,3,3
47783,77,86,-9,9
47784,96,108,-12,12
47785,103,107,-4,4
47786,76,91,-15,15
47787,77,71,6,6
47788,103,93,10,10
47789,80,79,1,1
47790,72,78,-6,6
47791,98,98,0,0
47792,94,85,9,9
47793,145,156,-11,11
47794,57,52,5,5
47795,95,89,6,6
47796,97,79,18,18
47797,160,153,7,7
47798,161,161,0,0
47799,71,66,5,5
47800,95,89,6,6
47801,100,99,1,1
47802,57,40,17,17
47803,96,96,0,0
47804,70,67,3,3
47805,51,82,-31,31
47806,70,68,2,2
47807,27,39,-12,12
47808,93,89,4,4
47809,110,109,1,1
47810,128,125,3,3
47811,146,162,-16,16
47812,81,68,13,13
47813,100,95,5,5
47814,77,69,8,8
47815,57,59,-2,2
47816,110,107,3,3
47817,90,91,-1,1
47818,105,114,-9,9
47819,91,82,9,9
47820,158,158,0,0
47821,79,75,4,4
47822,52,51,1,1
47823,86,83,3,3
47824,100,100,0,0
47825,65,63,2,2
47826,116,109,7,7
47827,75,69,6,6
47828,95,93,2,2
47829,71,77,-6,6
47830,87,92,-5,5
47831,79,66,13,13
47832,77,78,-1,1
47833,55,58,-3,3
47834,94,95,-1,1
47835,99,98,1,1
47836,98,98,0,0
47837,95,112,-17,17
47838,123,126,-3,3
47839,76,90,-14,14
47840,157,170,-13,13
47841,75,79,-4,4
47842,114,116,-2,2
47843,47,38,9,9
47844,110,107,3,3
47845,122,119,3,3
47846,89,100,-11,11
47847,65,67,-2,2
47848,63,67,-4,4
47849,140,133,7,7
47850,101,107,-6,6
47851,132,131,1,1
47852,175,189,-14,14
47853,79,75,4,4
47854,97,94,3,3
47855,108,96,12,12
47856,76,67,9,9
47857,80,76,4,4
47858,114,105,9,9
47859,160,172,-12,12
47860,101,94,7,7
47861,143,134,9,9
47862,40,39,1,1
47863,151,147,4,4
47864,111,130,-19,19
47865,105,125,-20,20
47866,93,90,3,3
47867,121,125,-4,4
47868,162,160,2,2
47869,91,103,-12,12
47870,86,90,-4,4
47871,133,142,-9,9
47872,69,71,-2,2
47873,110,112,-2,2
47874,76,70,6,6
47875,70,74,-4,4
47876,129,113,16,16
47877,105,100,5,5
47878,118,115,3,3
47879,51,55,-4,4
47880,155,150,5,5
47881,80,81,-1,1
47882,91,107,-16,16
47883,87,83,4,4
47884,61,73,-12,12
47885,65,62,3,3
47886,85,89,-4,4
47887,89,88,1,1
47888,62,63,-1,1
47889,85,88,-3,3
47890,65,72,-7,7
47891,127,124,3,3
47892,94,96,-2,2
47893,106,106,0,0
47894,72,66,6,6
47895,115,113,2,2
47896,100,90,10,10
47897,56,53,3,3
47898,78,89,-11,11
47899,100,102,-2,2
47900,94,92,2,2
47901,104,99,5,5
47902,76,86,-10,10
47903,100,98,2,2
47904,114,107,7,7
47905,94,86,8,8
47906,92,91,1,1
47907,51,51,0,0
47908,129,132,-3,3
47909,30,38,-8,8
47910,91,103,-12,12
47911,72,75,-3,3
47912,99,100,-1,1
47913,59,58,1,1
47914,103,99,4,4
47915,140,125,15,15
47916,71,73,-2,2
47917,77,76,1,1
47918,108,112,-4,4
47919,87,78,9,9
47920,150,153,-3,3
47921,108,116,-8,8
47922,78,73,5,5
47923,143,142,1,1
47924,109,121,-12,12
47925,81,83,-2,2
47926,82,90,-8,8
47927,46,48,-2,2
47928,142,134,8,8
47929,54,54,0,0
47930,89,94,-5,5
47931,53,57,-4,4
47932,73,67,6,6
47933,74,72,2,2
47934,43,38,5,5
47935,89,92,-3,3
47936,71,75,-4,4
47937,62,81,-19,19
47938,59,64,-5,5
47939,114,109,5,5
47940,56,55,1,1
47941,94,97,-3,3
47942,102,112,-10,10
47943,112,110,2,2
47944,75,77,-2,2
47945,77,91,-14,14
47946,124,125,-1,1
47947,128,118,10,10
47948,70,79,-9,9
47949,84,139,-55,55
47950,151,145,6,6
47951,113,108,5,5
47952,85,82,3,3
47953,82,105,-23,23
47954,163,170,-7,7
47955,124,138,-14,14
47956,80,71,9,9
47957,122,153,-31,31
47958,88,78,10,10
47959,66,61,5,5
47960,83,84,-1,1
47961,118,114,4,4
47962,57,53,4,4
47963,66,73,-7,7
47964,108,108,0,0
47965,93,101,-8,8
47966,51,51,0,0
47967,171,167,4,4
47968,114,103,11,11
47969,45,51,-6,6
47970,86,83,3,3
47971,62,70,-8,8
47972,67,67,0,0
47973,76,79,-3,3
47974,108,115,-7,7
47975,100,120,-20,20
47976,139,138,1,1
47977,115,117,-2,2
47978,144,119,25,25
47979,90,81,9,9
47980,91,82,9,9
47981,75,80,-5,5
47982,135,131,4,4
47983,67,77,-10,10
47984,117,103,14,14
47985,127,116,11,11
47986,59,56,3,3
47987,48,54,-6,6
47988,69,69,0,0
47989,93,85,8,8
47990,123,127,-4,4
47991,131,146,-15,15
47992,105,103,2,2
47993,121,129,-8,8
47994,111,117,-6,6
47995,43,39,4,4
47996,131,127,4,4
47997,133,126,7,7
47998,74,74,0,0
47999,154,135,19,19
48000,36,39,-3,3
48001,83,92,-9,9
48002,114,117,-3,3
48003,115,110,5,5
48004,117,116,1,1
48005,129,130,-1,1
48006,119,117,2,2
48007,65,62,3,3
48008,88,91,-3,3
48009,80,72,8,8
48010,43,39,4,4
48011,68,70,-2,2
48012,157,150,7,7
48013,104,102,2,2
48014,56,52,4,4
48015,52,52,0,0
48016,115,115,0,0
48017,64,59,5,5
48018,139,140,-1,1
48019,58,57,1,1
48020,105,110,-5,5
48021,196,200,-4,4
48022,117,108,9,9
48023,108,93,15,15
48024,109,119,-10,10
48025,53,50,3,3
48026,97,88,9,9
48027,89,93,-4,4
48028,136,133,3,3
48029,156,169,-13,13
48030,107,99,8,8
48031,48,41,7,7
48032,108,116,-8,8
48033,151,140,11,11
48034,71,86,-15,15
48035,99,91,8,8
48036,119,102,17,17
48037,131,134,-3,3
48038,72,73,-1,1
48039,112,109,3,3
48040,142,156,-14,14
48041,130,129,1,1
48042,103,109,-6,6
48043,136,136,0,0
48044,61,60,1,1
48045,93,90,3,3
48046,124,126,-2,2
48047,44,53,-9,9
48048,166,181,-15,15
48049,134,140,-6,6
48050,85,82,3,3
48051,56,63,-7,7
48052,58,65,-7,7
48053,95,94,1,1
48054,113,110,3,3
48055,80,87,-7,7
48056,105,100,5,5
48057,56,52,4,4
48058,79,85,-6,6
48059,77,83,-6,6
48060,90,88,2,2
48061,68,80,-12,12
48062,65,70,-5,5
48063,95,96,-1,1
48064,51,53,-2,2
48065,99,91,8,8
48066,81,70,11,11
48067,116,103,13,13
48068,72,71,1,1
48069,55,63,-8,8
48070,144,138,6,6
48071,74,81,-7,7
48072,135,144,-9,9
48073,60,64,-4,4
48074,76,87,-11,11
48075,144,123,21,21
48076,141,127,14,14
48077,80,63,17,17
48078,74,82,-8,8
48079,83,84,-1,1
48080,76,68,8,8
48081,100,98,2,2
48082,97,93,4,4
48083,141,124,17,17
48084,109,108,1,1
48085,87,111,-24,24
48086,104,101,3,3
48087,69,67,2,2
48088,60,69,-9,9
48089,71,78,-7,7
48090,64,64,0,0
48091,69,75,-6,6
48092,92,92,0,0
48093,93,90,3,3
48094,88,82,6,6
48095,11,40,-29,29
48096,132,124,8,8
48097,62,72,-10,10
48098,73,90,-17,17
48099,110,102,8,8
48100,84,90,-6,6
48101,63,50,13,13
48102,110,113,-3,3
48103,61,55,6,6
48104,81,91,-10,10
48105,107,111,-4,4
48106,161,154,7,7
48107,66,61,5,5
48108,59,66,-7,7
48109,115,126,-11,11
48110,113,112,1,1
48111,125,130,-5,5
48112,104,107,-3,3
48113,90,90,0,0
48114,84,83,1,1
48115,101,104,-3,3
48116,151,142,9,9
48117,127,124,3,3
48118,102,99,3,3
48119,85,90,-5,5
48120,64,69,-5,5
48121,114,116,-2,2
48122,104,100,4,4
48123,99,105,-6,6
48124,60,60,0,0
48125,102,111,-9,9
48126,125,124,1,1
48127,109,123,-14,14
48128,106,102,4,4
48129,91,93,-2,2
48130,54,68,-14,14
48131,86,104,-18,18
48132,108,118,-10,10
48133,61,61,0,0
48134,63,79,-16,16
48135,112,113,-1,1
48136,35,39,-4,4
48137,86,85,1,1
48138,79,87,-8,8
48139,112,112,0,0
48140,180,185,-5,5
48141,94,87,7,7
48142,125,122,3,3
48143,82,78,4,4
48144,94,103,-9,9
48145,83,75,8,8
48146,93,100,-7,7
48147,89,90,-1,1
48148,63,63,0,0
48149,120,124,-4,4
48150,91,80,11,11
48151,102,128,-26,26
48152,70,74,-4,4
48153,66,61,5,5
48154,73,70,3,3
48155,122,110,12,12
48156,50,53,-3,3
48157,65,72,-7,7
48158,146,142,4,4
48159,72,75,-3,3
48160,109,98,11,11
48161,67,74,-7,7
48162,138,137,1,1
48163,78,80,-2,2
48164,143,142,1,1
48165,82,79,3,3
48166,147,158,-11,11
48167,115,115,0,0
48168,107,113,-6,6
48169,60,61,-1,1
48170,95,89,6,6
48171,95,95,0,0
48172,39,47,-8,8
48173,75,86,-11,11
48174,61,61,0,0
48175,194,210,-16,16
48176,67,72,-5,5
48177,104,99,5,5
48178,79,80,-1,1
48179,57,77,-20,20
48180,45,43,2,2
48181,66,68,-2,2
48182,70,71,-1,1
48183,61,74,-13,13
48184,93,89,4,4
48185,104,106,-2,2
48186,122,139,-17,17
48187,64,64,0,0
48188,68,72,-4,4
48189,132,137,-5,5
48190,55,55,0,0
48191,117,118,-1,1
48192,89,84,5,5
48193,83,91,-8,8
48194,94,105,-11,11
48195,59,52,7,7
48196,149,145,4,4
48197,77,84,-7,7
48198,92,98,-6,6
48199,84,79,5,5
48200,71,70,1,1
48201,75,71,4,4
48202,123,112,11,11
48203,108,115,-7,7
48204,90,93,-3,3
48205,99,84,15,15
48206,38,39,-1,1
48207,59,63,-4,4
48208,104,102,2,2
48209,114,128,-14,14
48210,83,88,-5,5
48211,182,166,16,16
48212,89,95,-6,6
48213,77,65,12,12
48214,146,136,10,10
48215,74,75,-1,1
48216,73,71,2,2
48217,71,68,3,3
48218,70,64,6,6
48219,139,147,-8,8
48220,75,67,8,8
48221,110,131,-21,21
48222,106,110,-4,4
48223,150,151,-1,1
48224,132,129,3,3
48225,108,97,11,11
48226,56,57,-1,1
48227,133,134,-1,1
48228,123,112,11,11
48229,58,53,5,5
48230,73,79,-6,6
48231,118,113,5,5
48232,83,83,0,0
48233,66,63,3,3
48234,83,85,-2,2
48235,89,89,0,0
48236,87,96,-9,9
48237,95,95,0,0
48238,57,59,-2,2
48239,124,129,-5,5
48240,136,138,-2,2
48241,102,102,0,0
48242,123,129,-6,6
48243,53,52,1,1
48244,59,65,-6,6
48245,150,137,13,13
48246,140,132,8,8
48247,88,88,0,0
48248,140,138,2,2
48249,86,89,-3,3
48250,106,102,4,4
48251,127,146,-19,19
48252,88,79,9,9
48253,99,108,-9,9
48254,83,82,1,1
48255,81,84,-3,3
48256,151,143,8,8
48257,144,151,-7,7
48258,55,55,0,0
48259,66,61,5,5
48260,103,102,1,1
48261,100,97,3,3
48262,76,75,1,1
48263,115,114,1,1
48264,135,126,9,9
48265,128,116,12,12
48266,163,155,8,8
48267,81,80,1,1
48268,88,87,1,1
48269,86,117,-31,31
48270,147,142,5,5
48271,179,177,2,2
48272,98,93,5,5
48273,91,87,4,4
48274,145,144,1,1
48275,53,56,-3,3
48276,122,127,-5,5
48277,79,76,3,3
48278,118,133,-15,15
48279,100,85,15,15
48280,76,69,7,7
48281,148,148,0,0
48282,55,39,16,16
48283,80,79,1,1
48284,129,142,-13,13
48285,52,59,-7,7
48286,108,110,-2,2
48287,71,69,2,2
48288,49,39,10,10
48289,111,106,5,5
48290,97,89,8,8
48291,106,97,9,9
48292,31,38,-7,7
48293,62,60,2,2
48294,140,162,-22,22
48295,102,95,7,7
48296,68,60,8,8
48297,66,64,2,2
48298,98,103,-5,5
48299,29,38,-9,9
48300,162,160,2,2
48301,68,69,-1,1
48302,39,38,1,1
48303,61,62,-1,1
48304,126,137,-11,11
48305,82,70,12,12
48306,95,87,8,8
48307,86,92,-6,6
48308,91,90,1,1
48309,68,85,-17,17
48310,70,72,-2,2
48311,56,50,6,6
48312,113,115,-2,2
48313,83,76,7,7
48314,185,177,8,8
48315,133,133,0,0
48316,98,96,2,2
48317,47,53,-6,6
48318,86,80,6,6
48319,115,104,11,11
48320,121,116,5,5
48321,130,135,-5,5
48322,116,115,1,1
48323,55,53,2,2
48324,88,87,1,1
48325,158,164,-6,6
48326,208,204,4,4
48327,104,98,6,6
48328,109,111,-2,2
48329,94,102,-8,8
48330,49,51,-2,2
48331,66,70,-4,4
48332,135,157,-22,22
48333,112,101,11,11
48334,75,73,2,2
48335,99,101,-2,2
48336,98,102,-4,4
48337,77,85,-8,8
48338,108,98,10,10
48339,81,83,-2,2
48340,99,112,-13,13
48341,113,95,18,18
48342,68,74,-6,6
48343,111,118,-7,7
48344,57,61,-4,4
48345,141,130,11,11
48346,96,94,2,2
48347,57,66,-9,9
48348,86,86,0,0
48349,64,84,-20,20
48350,58,51,7,7
48351,68,67,1,1
48352,79,75,4,4
48353,128,131,-3,3
48354,133,128,5,5
48355,129,140,-11,11
48356,98,92,6,6
48357,126,114,12,12
48358,68,69,-1,1
48359,98,94,4,4
48360,76,62,14,14
48361,151,138,13,13
48362,143,147,-4,4
48363,81,88,-7,7
48364,154,143,11,11
48365,99,101,-2,2
48366,58,59,-1,1
48367,40,39,1,1
48368,101,107,-6,6
48369,88,85,3,3
48370,102,95,7,7
48371,82,77,5,5
48372,80,80,0,0
48373,77,77,0,0
48374,91,89,2,2
48375,133,134,-1,1
48376,160,151,9,9
48377,137,136,1,1
48378,110,104,6,6
48379,78,72,6,6
48380,83,84,-1,1
48381,68,79,-11,11
48382,85,92,-7,7
48383,90,90,0,0
48384,51,53,-2,2
48385,95,94,1,1
48386,133,126,7,7
48387,63,65,-2,2
48388,64,60,4,4
48389,64,57,7,7
48390,128,134,-6,6
48391,94,101,-7,7
48392,87,85,2,2
48393,49,53,-4,4
48394,66,62,4,4
48395,53,53,0,0
48396,99,102,-3,3
48397,55,62,-7,7
48398,166,164,2,2
48399,179,174,5,5
48400,100,93,7,7
48401,97,95,2,2
48402,139,130,9,9
48403,59,57,2,2
48404,175,171,4,4
48405,123,134,-11,11
48406,72,74,-2,2
48407,77,87,-10,10
48408,86,79,7,7
48409,52,57,-5,5
48410,122,138,-16,16
48411,83,82,1,1
48412,109,119,-10,10
48413,123,116,7,7
48414,72,75,-3,3
48415,86,92,-6,6
48416,97,112,-15,15
48417,98,93,5,5
48418,98,89,9,9
48419,72,69,3,3
48420,160,150,10,10
48421,61,58,3,3
48422,91,93,-2,2
48423,65,59,6,6
48424,145,138,7,7
48425,60,60,0,0
48426,125,120,5,5
48427,57,59,-2,2
48428,117,112,5,5
48429,104,103,1,1
48430,141,139,2,2
48431,65,65,0,0
48432,78,72,6,6
48433,74,72,2,2
48434,82,84,-2,2
48435,83,88,-5,5
48436,79,83,-4,4
48437,79,83,-4,4
48438,73,74,-1,1
48439,154,140,14,14
48440,89,88,1,1
48441,83,92,-9,9
48442,79,76,3,3
48443,167,159,8,8
48444,103,121,-18,18
48445,89,88,1,1
48446,199,191,8,8
48447,63,70,-7,7
48448,67,63,4,4
48449,152,164,-12,12
48450,98,104,-6,6
48451,78,82,-4,4
48452,78,76,2,2
48453,119,128,-9,9
48454,93,99,-6,6
48455,121,126,-5,5
48456,105,93,12,12
48457,184,143,41,41
48458,60,61,-1,1
48459,167,152,15,15
48460,51,55,-4,4
48461,114,119,-5,5
48462,59,56,3,3
48463,98,106,-8,8
48464,62,65,-3,3
48465,74,63,11,11
48466,87,83,4,4
48467,84,79,5,5
48468,63,62,1,1
48469,103,94,9,9
48470,133,123,10,10
48471,125,111,14,14
48472,137,142,-5,5
48473,82,74,8,8
48474,145,151,-6,6
48475,111,115,-4,4
48476,117,113,4,4
48477,61,58,3,3
48478,107,113,-6,6
48479,127,125,2,2
48480,50,49,1,1
48481,75,70,5,5
48482,173,171,2,2
48483,162,150,12,12
48484,72,83,-11,11
48485,104,103,1,1
48486,84,81,3,3
48487,84,76,8,8
48488,99,100,-1,1
48489,109,107,2,2
48490,125,134,-9,9
48491,100,100,0,0
48492,108,114,-6,6
48493,118,123,-5,5
48494,70,77,-7,7
48495,67,58,9,9
48496,39,38,1,1
48497,87,90,-3,3
48498,71,83,-12,12
48499,65,64,1,1
48500,185,174,11,11
48501,89,86,3,3
48502,94,90,4,4
48503,68,66,2,2
48504,66,61,5,5
48505,126,122,4,4
48506,99,100,-1,1
48507,100,101,-1,1
48508,85,80,5,5
48509,38,39,-1,1
48510,170,167,3,3
48511,109,96,13,13
48512,90,86,4,4
48513,58,54,4,4
48514,52,55,-3,3
48515,162,181,-19,19
48516,60,61,-1,1
48517,99,97,2,2
48518,80,75,5,5
48519,82,99,-17,17
48520,112,107,5,5
48521,81,73,8,8
48522,112,131,-19,19
48523,160,155,5,5
48524,44,47,-3,3
48525,60,59,1,1
48526,87,79,8,8
48527,66,60,6,6
48528,54,54,0,0
48529,158,143,15,15
48530,125,127,-2,2
48531,61,62,-1,1
48532,179,174,5,5
48533,174,150,24,24
48534,86,104,-18,18
48535,86,97,-11,11
48536,79,100,-21,21
48537,60,61,-1,1
48538,78,73,5,5
48539,128,133,-5,5
48540,111,108,3,3
48541,98,99,-1,1
48542,142,123,19,19
48543,65,63,2,2
48544,142,132,10,10
48545,176,179,-3,3
48546,88,82,6,6
48547,165,165,0,0
48548,85,91,-6,6
48549,85,80,5,5
48550,88,92,-4,4
48551,97,107,-10,10
48552,125,126,-1,1
48553,99,95,4,4
48554,83,77,6,6
48555,97,88,9,9
48556,96,97,-1,1
48557,62,66,-4,4
48558,99,113,-14,14
48559,57,59,-2,2
48560,77,83,-6,6
48561,77,84,-7,7
48562,104,129,-25,25
48563,114,106,8,8
48564,94,88,6,6
48565,67,84,-17,17
48566,112,108,4,4
48567,128,123,5,5
48568,93,96,-3,3
48569,115,126,-11,11
48570,63,61,2,2
48571,67,72,-5,5
48572,136,142,-6,6
48573,96,109,-13,13
48574,97,107,-10,10
48575,97,107,-10,10
48576,100,96,4,4
48577,60,61,-1,1
48578,155,184,-29,29
48579,80,94,-14,14
48580,92,107,-15,15
48581,130,126,4,4
48582,139,128,11,11
48583,121,123,-2,2
48584,58,61,-3,3
48585,73,78,-5,5
48586,98,97,1,1
48587,95,100,-5,5
48588,126,115,11,11
48589,112,108,4,4
48590,82,89,-7,7
48591,105,99,6,6
48592,68,79,-11,11
48593,67,80,-13,13
48594,121,125,-4,4
48595,164,147,17,17
48596,107,115,-8,8
48597,110,110,0,0
48598,125,128,-3,3
48599,71,68,3,3
48600,77,83,-6,6
48601,97,97,0,0
48602,114,125,-11,11
48603,140,146,-6,6
48604,57,62,-5,5
48605,99,97,2,2
48606,99,96,3,3
48607,52,39,13,13
48608,83,75,8,8
48609,173,242,-69,69
48610,94,102,-8,8
48611,47,53,-6,6
48612,58,64,-6,6
48613,61,70,-9,9
48614,82,99,-17,17
48615,53,67,-14,14
48616,53,54,-1,1
48617,77,80,-3,3
48618,88,99,-11,11
48619,74,77,-3,3
48620,74,69,5,5
48621,150,146,4,4
48622,135,141,-6,6
48623,176,190,-14,14
48624,53,58,-5,5
48625,140,139,1,1
48626,106,116,-10,10
48627,189,175,14,14
48628,104,119,-15,15
48629,71,88,-17,17
48630,66,59,7,7
48631,82,92,-10,10
48632,111,122,-11,11
48633,114,109,5,5
48634,140,143,-3,3
48635,95,102,-7,7
48636,152,151,1,1
48637,101,113,-12,12
48638,67,59,8,8
48639,47,54,-7,7
48640,73,80,-7,7
48641,84,103,-19,19
48642,92,85,7,7
48643,157,162,-5,5
48644,128,134,-6,6
48645,96,111,-15,15
48646,91,93,-2,2
48647,92,88,4,4
48648,132,130,2,2
48649,170,169,1,1
48650,103,88,15,15
48651,46,54,-8,8
48652,123,111,12,12
48653,91,80,11,11
48654,111,115,-4,4
48655,144,151,-7,7
48656,73,78,-5,5
48657,116,110,6,6
48658,137,142,-5,5
48659,131,123,8,8
48660,37,39,-2,2
48661,84,90,-6,6
48662,91,89,2,2
48663,175,181,-6,6
48664,137,141,-4,4
48665,91,88,3,3
48666,41,38,3,3
48667,88,78,10,10
48668,86,83,3,3
48669,67,69,-2,2
48670,181,171,10,10
48671,108,105,3,3
48672,51,37,14,14
48673,145,141,4,4
48674,87,88,-1,1
48675,42,39,3,3
48676,92,91,1,1
48677,196,187,9,9
48678,43,45,-2,2
48679,108,112,-4,4
48680,131,121,10,10
48681,105,112,-7,7
48682,77,81,-4,4
48683,80,79,1,1
48684,144,138,6,6
48685,120,137,-17,17
48686,70,70,0,0
48687,62,61,1,1
48688,40,39,1,1
48689,80,75,5,5
48690,93,87,6,6
48691,41,50,-9,9
48692,90,97,-7,7
48693,82,80,2,2
48694,85,90,-5,5
48695,103,99,4,4
48696,119,114,5,5
48697,65,67,-2,2
48698,85,84,1,1
48699,114,108,6,6
48700,95,91,4,4
48701,39,39,0,0
48702,89,88,1,1
48703,116,120,-4,4
48704,133,143,-10,10
48705,76,76,0,0
48706,146,133,13,13
48707,55,56,-1,1
48708,170,172,-2,2
48709,76,74,2,2
48710,89,91,-2,2
48711,76,97,-21,21
48712,107,100,7,7
48713,69,63,6,6
48714,94,104,-10,10
48715,106,106,0,0
48716,91,79,12,12
48717,158,169,-11,11
48718,110,111,-1,1
48719,69,72,-3,3
48720,90,84,6,6
48721,99,93,6,6
48722,74,72,2,2
48723,94,99,-5,5
48724,70,69,1,1
48725,81,91,-10,10
48726,136,149,-13,13
48727,89,93,-4,4
48728,113,120,-7,7
48729,110,104,6,6
48730,137,144,-7,7
48731,100,99,1,1
48732,114,109,5,5
48733,122,109,13,13
48734,27,38,-11,11
48735,105,113,-8,8
48736,65,70,-5,5
48737,120,133,-13,13
48738,68,69,-1,1
48739,158,153,5,5
48740,76,82,-6,6
48741,123,122,1,1
48742,71,68,3,3
48743,86,87,-1,1
48744,68,77,-9,9
48745,118,116,2,2
48746,36,39,-3,3
48747,26,37,-11,11
48748,55,54,1,1
48749,87,85,2,2
48750,117,112,5,5
48751,36,39,-3,3
48752,112,102,10,10
48753,73,66,7,7
48754,93,91,2,2
48755,122,114,8,8
48756,117,117,0,0
48757,116,132,-16,16
48758,95,95,0,0
48759,51,51,0,0
48760,81,80,1,1
48761,88,77,11,11
48762,62,59,3,3
48763,84,65,19,19
48764,69,73,-4,4
48765,62,65,-3,3
48766,101,107,-6,6
48767,112,115,-3,3
48768,182,168,14,14
48769,51,58,-7,7
48770,89,90,-1,1
48771,123,128,-5,5
48772,91,90,1,1
48773,67,76,-9,9
48774,150,139,11,11
48775,61,67,-6,6
48776,107,106,1,1
48777,53,57,-4,4
48778,79,84,-5,5
48779,143,160,-17,17
48780,115,122,-7,7
48781,66,67,-1,1
48782,104,102,2,2
48783,154,167,-13,13
48784,96,88,8,8
48785,165,170,-5,5
48786,124,129,-5,5
48787,108,105,3,3
48788,106,114,-8,8
48789,124,131,-7,7
48790,91,96,-5,5
48791,98,121,-23,23
48792,74,80,-6,6
48793,146,154,-8,8
48794,136,145,-9,9
48795,96,111,-15,15
48796,117,120,-3,3
48797,113,108,5,5
48798,118,113,5,5
48799,151,139,12,12
48800,157,160,-3,3
48801,98,87,11,11
48802,136,140,-4,4
48803,119,135,-16,16
48804,66,62,4,4
48805,144,142,2,2
48806,118,122,-4,4
48807,186,186,0,0
48808,91,96,-5,5
48809,99,101,-2,2
48810,78,85,-7,7
48811,81,84,-3,3
48812,77,82,-5,5
48813,51,53,-2,2
48814,81,87,-6,6
48815,110,112,-2,2
48816,83,81,2,2
48817,75,88,-13,13
48818,73,74,-1,1
48819,113,115,-2,2
48820,84,76,8,8
48821,94,92,2,2
48822,77,94,-17,17
48823,101,97,4,4
48824,100,93,7,7
48825,68,64,4,4
48826,65,68,-3,3
48827,159,166,-7,7
48828,66,70,-4,4
48829,149,129,20,20
48830,81,99,-18,18
48831,56,56,0,0
48832,149,170,-21,21
48833,56,56,0,0
48834,110,111,-1,1
48835,61,66,-5,5
48836,57,51,6,6
48837,107,110,-3,3
48838,58,59,-1,1
48839,106,109,-3,3
48840,145,130,15,15
48841,70,70,0,0
48842,115,116,-1,1
48843,106,86,20,20
48844,144,139,5,5
48845,129,117,12,12
48846,127,130,-3,3
48847,223,198,25,25
48848,147,154,-7,7
48849,95,91,4,4
48850,34,39,-5,5
48851,66,60,6,6
48852,88,90,-2,2
48853,91,85,6,6
48854,90,83,7,7
48855,131,134,-3,3
48856,61,66,-5,5
48857,66,61,5,5
48858,125,132,-7,7
48859,69,65,4,4
48860,73,83,-10,10
48861,87,88,-1,1
48862,89,87,2,2
48863,69,73,-4,4
48864,114,114,0,0
48865,64,65,-1,1
48866,146,143,3,3
48867,93,98,-5,5
48868,54,58,-4,4
48869,171,186,-15,15
48870,63,62,1,1
48871,70,75,-5,5
48872,61,64,-3,3
48873,75,70,5,5
48874,158,145,13,13
48875,65,79,-14,14
48876,93,97,-4,4
48877,97,88,9,9
48878,126,99,27,27
48879,122,121,1,1
48880,128,143,-15,15
48881,109,109,0,0
48882,90,86,4,4
48883,167,172,-5,5
48884,79,68,11,11
48885,56,59,-3,3
48886,117,113,4,4
48887,80,78,2,2
48888,48,52,-4,4
48889,72,75,-3,3
48890,69,67,2,2
48891,105,102,3,3
48892,103,98,5,5
48893,94,95,-1,1
48894,91,85,6,6
48895,117,117,0,0
48896,168,174,-6,6
48897,60,60,0,0
48898,93,102,-9,9
48899,110,107,3,3
48900,61,59,2,2
48901,133,132,1,1
48902,124,105,19,19
48903,131,132,-1,1
48904,81,83,-2,2
48905,78,71,7,7
48906,117,112,5,5
48907,116,116,0,0
48908,75,80,-5,5
48909,50,54,-4,4
48910,76,68,8,8
48911,120,116,4,4
48912,96,95,1,1
48913,99,125,-26,26
48914,163,161,2,2
48915,136,133,3,3
48916,150,142,8,8
48917,87,97,-10,10
48918,116,118,-2,2
48919,127,127,0,0
48920,73,70,3,3
48921,110,119,-9,9
48922,65,63,2,2
48923,74,75,-1,1
48924,98,94,4,4
48925,74,69,5,5
48926,105,106,-1,1
48927,92,95,-3,3
48928,80,84,-4,4
48929,111,112,-1,1
48930,93,92,1,1
48931,69,69,0,0
48932,76,83,-7,7
48933,59,55,4,4
48934,127,126,1,1
48935,45,51,-6,6
48936,100,81,19,19
48937,111,114,-3,3
48938,165,216,-51,51
48939,161,180,-19,19
48940,108,113,-5,5
48941,85,79,6,6
48942,131,140,-9,9
48943,28,39,-11,11
48944,92,86,6,6
48945,55,57,-2,2
48946,134,130,4,4
48947,112,104,8,8
48948,123,112,11,11
48949,137,139,-2,2
48950,72,84,-12,12
48951,116,108,8,8
48952,136,135,1,1
48953,122,122,0,0
48954,120,125,-5,5
48955,85,77,8,8
48956,98,107,-9,9
48957,108,129,-21,21
48958,95,98,-3,3
48959,71,67,4,4
48960,160,153,7,7
48961,112,118,-6,6
48962,98,106,-8,8
48963,72,67,5,5
48964,102,106,-4,4
48965,95,88,7,7
48966,130,125,5,5
48967,96,97,-1,1
48968,123,122,1,1
48969,100,110,-10,10
48970,172,176,-4,4
48971,55,53,2,2
48972,60,76,-16,16
48973,101,105,-4,4
48974,90,105,-15,15
48975,76,87,-11,11
48976,80,77,3,3
48977,100,115,-15,15
48978,61,62,-1,1
48979,75,75,0,0
48980,81,102,-21,21
48981,121,120,1,1
48982,81,85,-4,4
48983,139,146,-7,7
48984,86,76,10,10
48985,94,93,1,1
48986,121,123,-2,2
48987,83,75,8,8
48988,127,130,-3,3
48989,49,61,-12,12
48990,83,92,-9,9
48991,76,74,2,2
48992,113,109,4,4
48993,73,68,5,5
48994,85,84,1,1
48995,97,96,1,1
48996,82,76,6,6
48997,103,106,-3,3
48998,68,67,1,1
48999,65,64,1,1
49000,46,53,-7,7
49001,108,104,4,4
49002,96,108,-12,12
49003,133,133,0,0
49004,97,98,-1,1
49005,62,58,4,4
49006,95,98,-3,3
49007,132,121,11,11
49008,164,159,5,5
49009,62,59,3,3
49010,81,83,-2,2
49011,91,93,-2,2
49012,73,71,2,2
49013,73,73,0,0
49014,105,114,-9,9
49015,75,78,-3,3
49016,73,65,8,8
49017,94,102,-8,8
49018,112,123,-11,11
49019,107,97,10,10
49020,79,75,4,4
49021,128,136,-8,8
49022,100,94,6,6
49023,68,68,0,0
49024,84,74,10,10
49025,115,139,-24,24
49026,68,68,0,0
49027,50,52,-2,2
49028,80,87,-7,7
49029,71,75,-4,4
49030,115,115,0,0
49031,103,117,-14,14
49032,112,109,3,3
49033,95,94,1,1
49034,132,137,-5,5
49035,108,110,-2,2
49036,89,99,-10,10
49037,96,89,7,7
49038,110,111,-1,1
49039,103,173,-70,70
49040,113,103,10,10
49041,72,78,-6,6
49042,85,96,-11,11
49043,106,112,-6,6
49044,101,102,-1,1
49045,117,136,-19,19
49046,67,77,-10,10
49047,82,84,-2,2
49048,61,61,0,0
49049,64,59,5,5
49050,86,90,-4,4
49051,89,90,-1,1
49052,49,52,-3,3
49053,136,121,15,15
49054,137,142,-5,5
49055,79,67,12,12
49056,127,117,10,10
49057,130,123,7,7
49058,119,131,-12,12
49059,83,77,6,6
49060,98,102,-4,4
49061,124,124,0,0
49062,72,88,-16,16
49063,114,123,-9,9
49064,144,138,6,6
49065,117,109,8,8
49066,68,69,-1,1
49067,41,38,3,3
49068,88,92,-4,4
49069,156,150,6,6
49070,85,83,2,2
49071,99,100,-1,1
49072,71,88,-17,17
49073,152,144,8,8
49074,86,82,4,4
49075,95,89,6,6
49076,100,97,3,3
49077,99,98,1,1
49078,137,106,31,31
49079,78,69,9,9
49080,142,136,6,6
49081,80,89,-9,9
49082,70,67,3,3
49083,112,106,6,6
49084,116,122,-6,6
49085,76,81,-5,5
49086,128,124,4,4
49087,101,97,4,4
49088,111,112,-1,1
49089,71,69,2,2
49090,129,129,0,0
49091,170,168,2,2
49092,136,120,16,16
49093,105,98,7,7
49094,117,111,6,6
49095,102,100,2,2
49096,77,81,-4,4
49097,103,112,-9,9
49098,53,54,-1,1
49099,94,102,-8,8
49100,73,65,8,8
49101,65,65,0,0
49102,107,132,-25,25
49103,78,89,-11,11
49104,83,83,0,0
49105,117,120,-3,3
49106,33,39,-6,6
49107,97,102,-5,5
49108,119,122,-3,3
49109,74,68,6,6
49110,96,95,1,1
49111,113,118,-5,5
49112,68,81,-13,13
49113,78,74,4,4
49114,123,104,19,19
49115,121,132,-11,11
49116,74,70,4,4
49117,100,95,5,5
49118,71,71,0,0
49119,46,50,-4,4
49120,90,94,-4,4
49121,63,73,-10,10
49122,94,99,-5,5
49123,83,87,-4,4
49124,86,89,-3,3
49125,116,123,-7,7
49126,107,101,6,6
49127,111,124,-13,13
49128,211,203,8,8
49129,71,64,7,7
49130,57,65,-8,8
49131,135,131,4,4
49132,111,109,2,2
49133,97,91,6,6
49134,139,140,-1,1
49135,96,98,-2,2
49136,91,89,2,2
49137,131,133,-2,2
49138,134,134,0,0
49139,81,83,-2,2
49140,123,118,5,5
49141,122,131,-9,9
49142,149,152,-3,3
49143,122,114,8,8
49144,114,109,5,5
49145,112,105,7,7
49146,110,104,6,6
49147,111,118,-7,7
49148,50,53,-3,3
49149,52,51,1,1
49150,119,133,-14,14
49151,67,69,-2,2
49152,135,136,-1,1
49153,81,73,8,8
49154,122,109,13,13
49155,130,135,-5,5
49156,60,61,-1,1
49157,108,122,-14,14
49158,97,102,-5,5
49159,50,56,-6,6
49160,77,70,7,7
49161,106,98,8,8
49162,100,106,-6,6
49163,70,78,-8,8
49164,99,103,-4,4
49165,108,116,-8,8
49166,138,130,8,8
49167,132,137,-5,5
49168,73,80,-7,7
49169,73,79,-6,6
49170,111,105,6,6
49171,101,103,-2,2
49172,123,127,-4,4
49173,80,126,-46,46
49174,56,49,7,7
49175,101,93,8,8
49176,119,120,-1,1
49177,125,146,-21,21
49178,107,108,-1,1
49179,141,142,-1,1
49180,110,128,-18,18
49181,91,85,6,6
49182,67,64,3,3
49183,91,92,-1,1
49184,62,65,-3,3
49185,66,60,6,6
49186,51,78,-27,27
49187,26,38,-12,12
49188,112,113,-1,1
49189,85,79,6,6
49190,173,167,6,6
49191,65,58,7,7
49192,71,74,-3,3
49193,48,56,-8,8
49194,113,120,-7,7
49195,111,115,-4,4
49196,76,82,-6,6
49197,72,72,0,0
49198,104,100,4,4
49199,113,113,0,0
49200,80,77,3,3
49201,129,137,-8,8
49202,80,76,4,4
49203,99,102,-3,3
49204,98,106,-8,8
49205,186,188,-2,2
49206,84,89,-5,5
49207,46,49,-3,3
49208,81,96,-15,15
49209,62,59,3,3
49210,85,84,1,1
49211,63,61,2,2
49212,114,124,-10,10
49213,91,90,1,1
49214,100,118,-18,18
49215,53,46,7,7
49216,127,114,13,13
49217,93,87,6,6
49218,59,62,-3,3
49219,52,49,3,3
49220,100,99,1,1
49221,73,77,-4,4
49222,110,116,-6,6
49223,88,76,12,12
49224,87,85,2,2
49225,53,54,-1,1
49226,96,98,-2,2
49227,70,85,-15,15
49228,80,93,-13,13
49229,80,90,-10,10
49230,78,73,5,5
49231,45,39,6,6
49232,97,98,-1,1
49233,172,167,5,5
49234,92,94,-2,2
49235,72,74,-2,2
49236,125,139,-14,14
49237,72,75,-3,3
49238,156,157,-1,1
49239,61,63,-2,2
49240,118,125,-7,7
49241,89,114,-25,25
49242,126,108,18,18
49243,121,112,9,9
49244,63,75,-12,12
49245,96,89,7,7
49246,123,116,7,7
49247,80,89,-9,9
49248,120,123,-3,3
49249,75,80,-5,5
49250,128,127,1,1
49251,166,165,1,1
49252,129,128,1,1
49253,74,80,-6,6
49254,70,77,-7,7
49255,75,75,0,0
49256,115,99,16,16
49257,109,107,2,2
49258,86,86,0,0
49259,90,93,-3,3
49260,95,91,4,4
49261,102,114,-12,12
49262,178,172,6,6
49263,140,135,5,5
49264,148,147,1,1
49265,75,78,-3,3
49266,94,86,8,8
49267,83,93,-10,10
49268,184,182,2,2
49269,98,92,6,6
49270,36,37,-1,1
49271,68,68,0,0
49272,88,86,2,2
49273,71,69,2,2
49274,80,76,4,4
49275,81,80,1,1
49276,98,108,-10,10
49277,99,91,8,8
49278,41,41,0,0
49279,51,56,-5,5
49280,161,158,3,3
49281,76,76,0,0
49282,103,101,2,2
49283,86,79,7,7
49284,111,108,3,3
49285,132,125,7,7
49286,91,87,4,4
49287,114,105,9,9
49288,106,100,6,6
49289,140,140,0,0
49290,54,52,2,2
49291,231,218,13,13
49292,74,76,-2,2
49293,59,58,1,1
49294,149,138,11,11
49295,98,90,8,8
49296,96,94,2,2
49297,98,104,-6,6
49298,29,38,-9,9
49299,80,75,5,5
49300,115,109,6,6
49301,75,68,7,7
49302,93,94,-1,1
49303,86,86,0,0
49304,67,59,8,8
49305,56,55,1,1
49306,120,121,-1,1
49307,188,176,12,12
49308,31,38,-7,7
49309,51,58,-7,7
49310,55,57,-2,2
49311,81,86,-5,5
49312,75,77,-2,2
49313,63,65,-2,2
49314,85,86,-1,1
49315,32,38,-6,6
49316,83,89,-6,6
49317,86,94,-8,8
49318,122,107,15,15
49319,46,51,-5,5
49320,122,113,9,9
49321,101,106,-5,5
49322,55,65,-10,10
49323,80,77,3,3
49324,106,108,-2,2
49325,79,90,-11,11
49326,143,154,-11,11
49327,124,130,-6,6
49328,128,132,-4,4
49329,88,97,-9,9
49330,98,102,-4,4
49331,207,194,13,13
49332,133,127,6,6
49333,46,46,0,0
49334,115,127,-12,12
49335,75,61,14,14
49336,93,90,3,3
49337,99,105,-6,6
49338,107,113,-6,6
49339,99,95,4,4
49340,78,75,3,3
49341,104,94,10,10
49342,112,119,-7,7
49343,75,80,-5,5
49344,84,89,-5,5
49345,87,94,-7,7
49346,83,77,6,6
49347,151,146,5,5
49348,23,39,-16,16
49349,168,167,1,1
49350,62,63,-1,1
49351,65,64,1,1
49352,68,70,-2,2
49353,110,116,-6,6
49354,159,150,9,9
49355,44,39,5,5
49356,144,143,1,1
49357,71,70,1,1
49358,71,65,6,6
49359,131,111,20,20
49360,148,103,45,45
49361,116,120,-4,4
49362,117,106,11,11
49363,116,139,-23,23
49364,95,89,6,6
49365,59,71,-12,12
49366,41,39,2,2
49367,80,89,-9,9
49368,66,68,-2,2
49369,98,92,6,6
49370,186,185,1,1
49371,109,105,4,4
49372,97,128,-31,31
49373,74,68,6,6
49374,113,117,-4,4
49375,61,57,4,4
49376,108,109,-1,1
49377,123,116,7,7
49378,78,82,-4,4
49379,57,59,-2,2
49380,42,43,-1,1
49381,118,130,-12,12
49382,59,56,3,3
49383,96,108,-12,12
49384,69,70,-1,1
49385,94,85,9,9
49386,84,97,-13,13
49387,182,190,-8,8
49388,44,47,-3,3
49389,74,85,-11,11
49390,84,70,14,14
49391,173,165,8,8
49392,73,80,-7,7
49393,67,66,1,1
49394,84,91,-7,7
49395,106,107,-1,1
49396,80,86,-6,6
49397,79,93,-14,14
49398,61,57,4,4
49399,73,78,-5,5
49400,50,41,9,9
49401,94,93,1,1
49402,86,94,-8,8
49403,71,66,5,5
49404,60,68,-8,8
49405,126,127,-1,1
49406,60,57,3,3
49407,65,58,7,7
49408,83,82,1,1
49409,47,39,8,8
49410,234,205,29,29
49411,101,89,12,12
49412,111,111,0,0
49413,65,60,5,5
49414,50,55,-5,5
49415,63,68,-5,5
49416,121,129,-8,8
49417,63,49,14,14
49418,105,100,5,5
49419,51,59,-8,8
49420,85,78,7,7
49421,154,139,15,15
49422,130,124,6,6
49423,95,93,2,2
49424,55,54,1,1
49425,95,99,-4,4
49426,154,152,2,2
49427,109,106,3,3
49428,57,64,-7,7
49429,109,106,3,3
49430,125,117,8,8
49431,85,77,8,8
49432,76,67,9,9
49433,66,82,-16,16
49434,89,84,5,5
49435,64,63,1,1
49436,46,57,-11,11
49437,79,83,-4,4
49438,114,116,-2,2
49439,73,66,7,7
49440,130,135,-5,5
49441,78,70,8,8
49442,62,69,-7,7
49443,49,51,-2,2
49444,65,68,-3,3
49445,66,66,0,0
49446,72,79,-7,7
49447,81,81,0,0
49448,131,135,-4,4
49449,113,113,0,0
49450,103,101,2,2
49451,60,57,3,3
49452,61,59,2,2
49453,62,61,1,1
49454,79,74,5,5
49455,111,134,-23,23
49456,108,107,1,1
49457,124,103,21,21
49458,93,108,-15,15
49459,121,127,-6,6
49460,49,38,11,11
49461,72,76,-4,4
49462,86,72,14,14
49463,64,66,-2,2
49464,95,84,11,11
49465,108,115,-7,7
49466,148,147,1,1
49467,71,64,7,7
49468,85,101,-16,16
49469,72,74,-2,2
49470,107,108,-1,1
49471,121,109,12,12
49472,119,108,11,11
49473,81,104,-23,23
49474,94,97,-3,3
49475,147,123,24,24
49476,101,105,-4,4
49477,106,112,-6,6
49478,59,60,-1,1
49479,70,68,2,2
49480,52,46,6,6
49481,89,83,6,6
49482,128,129,-1,1
49483,111,120,-9,9
49484,146,148,-2,2
49485,49,50,-1,1
49486,110,107,3,3
49487,119,118,1,1
49488,96,100,-4,4
49489,119,117,2,2
49490,140,137,3,3
49491,124,124,0,0
49492,90,85,5,5
49493,68,71,-3,3
49494,92,103,-11,11
49495,163,154,9,9
49496,77,73,4,4
49497,103,101,2,2
49498,126,111,15,15
49499,70,73,-3,3
49500,127,121,6,6
49501,76,82,-6,6
49502,138,138,0,0
49503,88,97,-9,9
49504,58,81,-23,23
49505,68,64,4,4
49506,146,151,-5,5
49507,139,145,-6,6
49508,71,77,-6,6
49509,143,140,3,3
49510,123,111,12,12
49511,55,57,-2,2
49512,93,97,-4,4
49513,74,87,-13,13
49514,122,123,-1,1
49515,79,83,-4,4
49516,75,74,1,1
49517,72,82,-10,10
49518,122,124,-2,2
49519,82,82,0,0
49520,66,64,2,2
49521,67,67,0,0
49522,62,63,-1,1
49523,108,100,8,8
49524,82,86,-4,4
49525,93,97,-4,4
49526,57,59,-2,2
49527,73,75,-2,2
49528,116,103,13,13
49529,97,89,8,8
49530,107,110,-3,3
49531,69,69,0,0
49532,118,118,0,0
49533,112,115,-3,3
49534,75,82,-7,7
49535,128,140,-12,12
49536,96,101,-5,5
49537,81,83,-2,2
49538,149,138,11,11
49539,65,70,-5,5
49540,28,37,-9,9
49541,92,93,-1,1
49542,82,75,7,7
49543,65,79,-14,14
49544,130,131,-1,1
49545,85,87,-2,2
49546,105,110,-5,5
49547,119,117,2,2
49548,124,114,10,10
49549,89,87,2,2
49550,52,53,-1,1
49551,95,90,5,5
49552,111,123,-12,12
49553,110,98,12,12
49554,104,104,0,0
49555,107,116,-9,9
49556,79,77,2,2
49557,98,91,7,7
49558,113,116,-3,3
49559,59,59,0,0
49560,86,82,4,4
49561,40,39,1,1
49562,59,55,4,4
49563,108,110,-2,2
49564,49,58,-9,9
49565,86,74,12,12
49566,84,78,6,6
49567,93,92,1,1
49568,74,71,3,3
49569,73,73,0,0
49570,89,94,-5,5
49571,83,89,-6,6
49572,94,98,-4,4
49573,103,95,8,8
49574,117,131,-14,14
49575,162,158,4,4
49576,72,81,-9,9
49577,107,117,-10,10
49578,122,118,4,4
49579,108,114,-6,6
49580,96,80,16,16
49581,98,95,3,3
49582,111,117,-6,6
49583,51,51,0,0
49584,70,81,-11,11
49585,64,65,-1,1
49586,47,39,8,8
49587,45,39,6,6
49588,69,89,-20,20
49589,91,92,-1,1
49590,77,63,14,14
49591,83,80,3,3
49592,73,66,7,7
49593,70,68,2,2
49594,228,190,38,38
49595,50,49,1,1
49596,69,68,1,1
49597,88,86,2,2
49598,76,74,2,2
49599,80,72,8,8
49600,73,72,1,1
49601,86,88,-2,2
49602,103,131,-28,28
49603,135,133,2,2
49604,75,83,-8,8
49605,78,81,-3,3
49606,114,104,10,10
49607,112,114,-2,2
49608,66,69,-3,3
49609,94,87,7,7
49610,86,81,5,5
49611,86,81,5,5
49612,115,125,-10,10
49613,81,76,5,5
49614,96,109,-13,13
49615,100,92,8,8
49616,137,137,0,0
49617,71,69,2,2
49618,77,74,3,3
49619,102,95,7,7
49620,83,88,-5,5
49621,87,89,-2,2
49622,123,109,14,14
49623,65,69,-4,4
49624,59,63,-4,4
49625,98,100,-2,2
49626,127,138,-11,11
49627,141,129,12,12
49628,55,58,-3,3
49629,63,67,-4,4
49630,102,98,4,4
49631,63,70,-7,7
49632,108,105,3,3
49633,105,107,-2,2
49634,57,50,7,7
49635,64,52,12,12
49636,83,81,2,2
49637,97,100,-3,3
49638,97,103,-6,6
49639,84,94,-10,10
49640,117,120,-3,3
49641,99,93,6,6
49642,106,107,-1,1
49643,101,99,2,2
49644,91,86,5,5
49645,131,128,3,3
49646,162,164,-2,2
49647,81,80,1,1
49648,56,59,-3,3
49649,120,108,12,12
49650,103,95,8,8
49651,43,39,4,4
49652,59,59,0,0
49653,90,88,2,2
49654,116,111,5,5
49655,55,46,9,9
49656,97,90,7,7
49657,99,95,4,4
49658,52,56,-4,4
49659,32,39,-7,7
49660,91,102,-11,11
49661,92,89,3,3
49662,52,55,-3,3
49663,159,146,13,13
49664,144,132,12,12
49665,115,118,-3,3
49666,44,49,-5,5
49667,114,122,-8,8
49668,183,176,7,7
49669,94,92,2,2
49670,82,98,-16,16
49671,85,71,14,14
49672,71,63,8,8
49673,151,148,3,3
49674,98,96,2,2
49675,116,118,-2,2
49676,108,102,6,6
49677,85,84,1,1
49678,96,113,-17,17
49679,94,109,-15,15
49680,59,61,-2,2
49681,81,83,-2,2
49682,125,129,-4,4
49683,64,70,-6,6
49684,106,96,10,10
49685,89,91,-2,2
49686,91,81,10,10
49687,72,62,10,10
49688,69,74,-5,5
49689,94,78,16,16
49690,133,128,5,5
49691,115,119,-4,4
49692,92,91,1,1
49693,171,157,14,14
49694,108,109,-1,1
49695,102,99,3,3
49696,133,144,-11,11
49697,89,81,8,8
49698,93,89,4,4
49699,39,59,-20,20
49700,119,113,6,6
49701,116,115,1,1
49702,71,61,10,10
49703,121,129,-8,8
49704,109,109,0,0
49705,121,111,10,10
49706,87,92,-5,5
49707,73,85,-12,12
49708,103,93,10,10
49709,50,56,-6,6
49710,53,54,-1,1
49711,94,96,-2,2
49712,143,154,-11,11
49713,68,62,6,6
49714,148,139,9,9
49715,54,50,4,4
49716,121,113,8,8
49717,116,124,-8,8
49718,91,103,-12,12
49719,74,67,7,7
49720,68,71,-3,3
49721,129,133,-4,4
49722,69,64,5,5
49723,43,48,-5,5
49724,125,124,1,1
49725,101,111,-10,10
49726,188,174,14,14
49727,135,127,8,8
49728,57,61,-4,4
49729,96,97,-1,1
49730,68,61,7,7
49731,154,144,10,10
49732,101,107,-6,6
49733,48,53,-5,5
49734,62,71,-9,9
49735,182,179,3,3
49736,83,75,8,8
49737,52,55,-3,3
49738,97,83,14,14
49739,108,97,11,11
49740,90,96,-6,6
49741,88,84,4,4
49742,109,112,-3,3
49743,84,97,-13,13
49744,93,104,-11,11
49745,87,84,3,3
49746,75,73,2,2
49747,77,80,-3,3
49748,159,147,12,12
49749,56,57,-1,1
49750,135,119,16,16
49751,42,47,-5,5
49752,42,39,3,3
49753,82,98,-16,16
49754,106,105,1,1
49755,98,107,-9,9
49756,59,62,-3,3
49757,158,143,15,15
49758,109,118,-9,9
49759,93,93,0,0
49760,174,171,3,3
49761,91,91,0,0
49762,138,121,17,17
49763,104,103,1,1
49764,92,95,-3,3
49765,67,71,-4,4
49766,87,94,-7,7
49767,135,128,7,7
49768,102,93,9,9
49769,164,159,5,5
49770,67,71,-4,4
49771,106,90,16,16
49772,88,98,-10,10
49773,109,109,0,0
49774,97,87,10,10
49775,49,52,-3,3
49776,124,121,3,3
49777,64,59,5,5
49778,160,151,9,9
49779,108,109,-1,1
49780,71,66,5,5
49781,108,102,6,6
49782,87,88,-1,1
49783,181,175,6,6
49784,100,91,9,9
49785,52,49,3,3
49786,128,128,0,0
49787,84,81,3,3
49788,123,115,8,8
49789,131,133,-2,2
49790,113,120,-7,7
49791,127,131,-4,4
49792,85,92,-7,7
49793,71,72,-1,1
49794,108,112,-4,4
49795,74,70,4,4
49796,160,155,5,5
49797,72,78,-6,6
49798,75,74,1,1
49799,122,127,-5,5
49800,85,87,-2,2
49801,74,81,-7,7
49802,44,72,-28,28
49803,110,127,-17,17
49804,64,70,-6,6
49805,40,51,-11,11
49806,124,117,7,7
49807,88,88,0,0
49808,123,123,0,0
49809,122,128,-6,6
49810,122,125,-3,3
49811,104,97,7,7
49812,100,106,-6,6
49813,83,78,5,5
49814,50,58,-8,8
49815,93,92,1,1
49816,91,88,3,3
49817,78,79,-1,1
49818,121,114,7,7
49819,90,89,1,1
49820,53,57,-4,4
49821,112,109,3,3
49822,82,81,1,1
49823,167,164,3,3
49824,97,93,4,4
49825,63,59,4,4
49826,112,116,-4,4
49827,102,86,16,16
49828,78,81,-3,3
49829,124,124,0,0
49830,60,55,5,5
49831,59,53,6,6
49832,55,60,-5,5
49833,154,152,2,2
49834,86,86,0,0
49835,102,96,6,6
49836,70,74,-4,4
49837,47,38,9,9
49838,79,64,15,15
49839,62,60,2,2
49840,114,139,-25,25
49841,117,107,10,10
49842,60,58,2,2
49843,86,75,11,11
49844,152,157,-5,5
49845,168,173,-5,5
49846,124,137,-13,13
49847,60,56,4,4
49848,125,116,9,9
49849,62,66,-4,4
49850,88,94,-6,6
49851,66,64,2,2
49852,175,166,9,9
49853,88,88,0,0
49854,45,53,-8,8
49855,74,71,3,3
49856,135,137,-2,2
49857,106,104,2,2
49858,130,119,11,11
49859,79,86,-7,7
49860,81,84,-3,3
49861,65,71,-6,6
49862,107,97,10,10
49863,97,92,5,5
49864,76,86,-10,10
49865,116,103,13,13
49866,59,60,-1,1
49867,54,63,-9,9
49868,98,96,2,2
49869,128,151,-23,23
49870,106,107,-1,1
49871,78,79,-1,1
49872,131,134,-3,3
49873,69,63,6,6
49874,153,164,-11,11
49875,71,74,-3,3
49876,67,72,-5,5
49877,107,105,2,2
49878,75,97,-22,22
49879,87,90,-3,3
49880,94,84,10,10
49881,90,99,-9,9
49882,74,81,-7,7
49883,135,134,1,1
49884,134,130,4,4
49885,151,143,8,8
49886,92,100,-8,8
49887,92,98,-6,6
49888,80,79,1,1
49889,91,96,-5,5
49890,89,92,-3,3
49891,86,83,3,3
49892,76,75,1,1
49893,107,106,1,1
49894,140,112,28,28
49895,85,104,-19,19
49896,85,83,2,2
49897,69,60,9,9
49898,96,95,1,1
49899,62,56,6,6
49900,79,73,6,6
49901,138,119,19,19
49902,115,105,10,10
49903,106,98,8,8
49904,93,90,3,3
49905,122,121,1,1
49906,106,98,8,8
49907,90,90,0,0
49908,88,76,12,12
49909,72,71,1,1
49910,84,94,-10,10
49911,138,144,-6,6
49912,92,98,-6,6
49913,95,96,-1,1
49914,86,82,4,4
49915,73,65,8,8
49916,70,81,-11,11
49917,61,61,0,0
49918,161,151,10,10
49919,89,85,4,4
49920,130,128,2,2
49921,99,74,25,25
49922,79,76,3,3
49923,47,61,-14,14
49924,75,88,-13,13
49925,69,68,1,1
49926,78,81,-3,3
49927,45,39,6,6
49928,67,79,-12,12
49929,99,107,-8,8
49930,92,103,-11,11
49931,116,117,-1,1
49932,132,123,9,9
49933,88,95,-7,7
49934,94,98,-4,4
49935,112,124,-12,12
49936,40,51,-11,11
49937,58,58,0,0
49938,88,77,11,11
49939,85,84,1,1
49940,86,63,23,23
49941,145,144,1,1
49942,105,103,2,2
49943,99,94,5,5
49944,62,62,0,0
49945,95,96,-1,1
49946,90,82,8,8
49947,57,49,8,8
49948,104,95,9,9
49949,70,66,4,4
49950,103,91,12,12
49951,102,94,8,8
49952,56,57,-1,1
49953,67,65,2,2
49954,65,67,-2,2
49955,65,71,-6,6
49956,100,132,-32,32
49957,77,88,-11,11
49958,140,129,11,11
49959,86,78,8,8
49960,123,121,2,2
49961,33,75,-42,42
49962,102,100,2,2
49963,116,113,3,3
49964,63,67,-4,4
49965,79,84,-5,5
49966,160,154,6,6
49967,60,60,0,0
49968,65,60,5,5
49969,84,88,-4,4
49970,67,65,2,2
49971,90,92,-2,2
49972,70,80,-10,10
49973,68,68,0,0
49974,104,119,-15,15
49975,87,90,-3,3
49976,124,111,13,13
49977,128,127,1,1
49978,166,168,-2,2
49979,72,76,-4,4
49980,54,55,-1,1
49981,111,104,7,7
49982,93,87,6,6
49983,107,100,7,7
49984,137,137,0,0
49985,89,83,6,6
49986,68,59,9,9
49987,52,53,-1,1
49988,75,84,-9,9
49989,79,78,1,1
49990,48,54,-6,6
49991,75,71,4,4
49992,85,82,3,3
49993,78,80,-2,2
49994,101,98,3,3
49995,173,157,16,16
49996,90,84,6,6
49997,55,53,2,2
49998,98,104,-6,6
49999,131,115,16,16
50000,149,141,8,8
50001,90,88,2,2
50002,51,51,0,0
50003,68,71,-3,3
50004,111,101,10,10
50005,77,85,-8,8
50006,150,143,7,7
50007,123,119,4,4
50008,42,38,4,4
50009,111,107,4,4
50010,73,76,-3,3
50011,77,79,-2,2
50012,74,83,-9,9
50013,145,131,14,14
50014,77,67,10,10
50015,102,105,-3,3
50016,79,80,-1,1
50017,65,63,2,2
50018,64,64,0,0
50019,54,39,15,15
50020,127,122,5,5
50021,126,136,-10,10
50022,83,84,-1,1
50023,108,98,10,10
50024,103,101,2,2
50025,132,138,-6,6
50026,141,129,12,12
50027,132,134,-2,2
50028,71,72,-1,1
50029,111,112,-1,1
50030,133,127,6,6
50031,102,102,0,0
50032,57,63,-6,6
50033,92,106,-14,14
50034,120,111,9,9
50035,85,79,6,6
50036,86,95,-9,9
50037,79,72,7,7
50038,69,77,-8,8
50039,63,52,11,11
50040,118,125,-7,7
50041,132,124,8,8
50042,72,76,-4,4
50043,98,112,-14,14
50044,110,111,-1,1
50045,105,113,-8,8
50046,67,66,1,1
50047,92,96,-4,4
50048,118,135,-17,17
50049,134,120,14,14
50050,70,67,3,3
50051,129,121,8,8
50052,67,63,4,4
50053,36,38,-2,2
50054,137,149,-12,12
50055,40,50,-10,10
50056,89,91,-2,2
50057,89,87,2,2
50058,83,83,0,0
50059,70,89,-19,19
50060,125,125,0,0
50061,113,109,4,4
50062,64,63,1,1
50063,101,96,5,5
50064,92,85,7,7
50065,118,116,2,2
50066,70,70,0,0
50067,87,121,-34,34
50068,112,111,1,1
50069,195,201,-6,6
50070,122,124,-2,2
50071,59,60,-1,1
50072,155,149,6,6
50073,131,124,7,7
50074,143,123,20,20
50075,117,105,12,12
50076,120,119,1,1
50077,113,108,5,5
50078,102,99,3,3
50079,131,121,10,10
50080,105,99,6,6
50081,87,91,-4,4
50082,66,71,-5,5
50083,122,141,-19,19
50084,116,104,12,12
50085,104,102,2,2
50086,51,59,-8,8
50087,90,91,-1,1
50088,87,86,1,1
50089,93,103,-10,10
50090,61,66,-5,5
50091,106,112,-6,6
50092,47,54,-7,7
50093,80,79,1,1
50094,74,71,3,3
50095,50,53,-3,3
50096,167,167,0,0
50097,56,52,4,4
50098,110,125,-15,15
50099,160,134,26,26
50100,105,111,-6,6
50101,63,61,2,2
50102,97,98,-1,1
50103,98,98,0,0
50104,108,110,-2,2
50105,105,108,-3,3
50106,119,109,10,10
50107,144,135,9,9
50108,65,62,3,3
50109,112,106,6,6
50110,113,105,8,8
50111,98,107,-9,9
50112,83,77,6,6
50113,170,168,2,2
50114,88,94,-6,6
50115,109,103,6,6
50116,92,88,4,4
50117,121,124,-3,3
50118,58,52,6,6
50119,96,130,-34,34
50120,108,103,5,5
50121,150,151,-1,1
50122,78,78,0,0
50123,43,39,4,4
50124,49,56,-7,7
50125,173,161,12,12
50126,100,97,3,3
50127,104,102,2,2
50128,76,89,-13,13
50129,108,108,0,0
50130,148,143,5,5
50131,74,75,-1,1
50132,72,64,8,8
50133,78,68,10,10
50134,108,112,-4,4
50135,92,94,-2,2
50136,94,102,-8,8
50137,104,106,-2,2
50138,102,112,-10,10
50139,70,69,1,1
50140,88,84,4,4
50141,104,108,-4,4
50142,115,98,17,17
50143,87,79,8,8
50144,110,111,-1,1
50145,70,74,-4,4
50146,78,82,-4,4
50147,80,85,-5,5
50148,56,55,1,1
50149,125,125,0,0
50150,79,75,4,4
50151,90,82,8,8
50152,134,135,-1,1
50153,123,123,0,0
50154,116,100,16,16
50155,79,82,-3,3
50156,100,117,-17,17
50157,55,58,-3,3
50158,86,84,2,2
50159,125,131,-6,6
50160,68,68,0,0
50161,73,79,-6,6
50162,103,95,8,8
50163,172,180,-8,8
50164,18,38,-20,20
50165,80,83,-3,3
50166,64,63,1,1
50167,90,90,0,0
50168,100,105,-5,5
50169,52,60,-8,8
50170,199,190,9,9
50171,90,94,-4,4
50172,80,98,-18,18
50173,138,146,-8,8
50174,64,69,-5,5
50175,101,97,4,4
50176,116,137,-21,21
50177,134,119,15,15
50178,113,108,5,5
50179,84,83,1,1
50180,55,66,-11,11
50181,194,189,5,5
50182,81,89,-8,8
50183,100,96,4,4
50184,97,100,-3,3
50185,64,63,1,1
50186,55,55,0,0
50187,68,72,-4,4
50188,103,104,-1,1
50189,102,91,11,11
50190,68,61,7,7
50191,95,91,4,4
50192,74,75,-1,1
50193,77,68,9,9
50194,97,105,-8,8
50195,77,68,9,9
50196,124,120,4,4
50197,62,65,-3,3
50198,78,83,-5,5
50199,149,146,3,3
50200,53,61,-8,8
50201,80,84,-4,4
50202,82,90,-8,8
50203,69,70,-1,1
50204,80,91,-11,11
50205,45,38,7,7
50206,66,66,0,0
50207,46,55,-9,9
50208,82,89,-7,7
50209,45,38,7,7
50210,105,103,2,2
50211,109,99,10,10
50212,89,91,-2,2
50213,69,67,2,2
50214,132,112,20,20
50215,106,108,-2,2
50216,132,130,2,2
50217,141,139,2,2
50218,282,258,24,24
50219,151,170,-19,19
50220,93,87,6,6
50221,129,136,-7,7
50222,82,93,-11,11
50223,72,73,-1,1
50224,86,84,2,2
50225,42,39,3,3
50226,85,78,7,7
50227,105,95,10,10
50228,110,107,3,3
50229,50,54,-4,4
50230,88,99,-11,11
50231,98,88,10,10
50232,85,79,6,6
50233,122,130,-8,8
50234,122,151,-29,29
50235,124,121,3,3
50236,77,78,-1,1
50237,117,118,-1,1
50238,98,112,-14,14
50239,90,87,3,3
50240,129,122,7,7
50241,88,101,-13,13
50242,73,75,-2,2
50243,77,79,-2,2
50244,139,152,-13,13
50245,96,91,5,5
50246,102,95,7,7
50247,87,92,-5,5
50248,70,68,2,2
50249,159,159,0,0
50250,60,61,-1,1
50251,69,65,4,4
50252,113,115,-2,2
50253,156,150,6,6
50254,118,110,8,8
50255,53,53,0,0
50256,104,113,-9,9
50257,83,77,6,6
50258,67,61,6,6
50259,95,108,-13,13
50260,103,102,1,1
50261,132,149,-17,17
50262,115,107,8,8
50263,89,91,-2,2
50264,107,100,7,7
50265,99,105,-6,6
50266,97,96,1,1
50267,54,58,-4,4
50268,101,104,-3,3
50269,97,89,8,8
50270,81,88,-7,7
50271,150,165,-15,15
50272,76,103,-27,27
50273,87,96,-9,9
50274,101,121,-20,20
50275,51,53,-2,2
50276,99,97,2,2
50277,76,72,4,4
50278,170,163,7,7
50279,129,112,17,17
50280,73,80,-7,7
50281,172,184,-12,12
50282,142,142,0,0
50283,104,104,0,0
50284,125,120,5,5
50285,51,52,-1,1
50286,127,130,-3,3
50287,150,143,7,7
50288,71,77,-6,6
50289,129,140,-11,11
50290,92,100,-8,8
50291,83,79,4,4
50292,82,87,-5,5
50293,143,156,-13,13
50294,105,105,0,0
50295,60,58,2,2
50296,79,86,-7,7
50297,26,39,-13,13
50298,131,117,14,14
50299,90,85,5,5
50300,72,73,-1,1
50301,62,63,-1,1
50302,76,73,3,3
50303,138,138,0,0
50304,81,84,-3,3
50305,108,100,8,8
50306,88,99,-11,11
50307,115,121,-6,6
50308,123,119,4,4
50309,89,96,-7,7
50310,123,124,-1,1
50311,104,100,4,4
50312,67,62,5,5
50313,82,90,-8,8
50314,68,62,6,6
50315,72,67,5,5
50316,92,93,-1,1
50317,60,61,-1,1
50318,76,93,-17,17
50319,91,98,-7,7
50320,95,86,9,9
50321,101,107,-6,6
50322,96,99,-3,3
50323,122,120,2,2
50324,139,142,-3,3
50325,141,117,24,24
50326,89,83,6,6
50327,103,117,-14,14
50328,51,59,-8,8
50329,75,87,-12,12
50330,107,113,-6,6
50331,64,65,-1,1
50332,54,54,0,0
50333,90,85,5,5
50334,75,81,-6,6
50335,136,131,5,5
50336,99,110,-11,11
50337,128,142,-14,14
50338,125,103,22,22
50339,131,121,10,10
50340,61,53,8,8
50341,60,56,4,4
50342,70,83,-13,13
50343,136,143,-7,7
50344,91,83,8,8
50345,74,71,3,3
50346,63,65,-2,2
50347,113,104,9,9
50348,78,61,17,17
50349,208,195,13,13
50350,153,147,6,6
50351,154,158,-4,4
50352,92,94,-2,2
50353,61,61,0,0
50354,88,96,-8,8
50355,53,67,-14,14
50356,60,58,2,2
50357,101,98,3,3
50358,108,107,1,1
50359,70,64,6,6
50360,73,69,4,4
50361,86,90,-4,4
50362,63,59,4,4
50363,105,111,-6,6
50364,72,64,8,8
50365,145,137,8,8
50366,71,69,2,2
50367,148,136,12,12
50368,68,80,-12,12
50369,158,150,8,8
50370,176,173,3,3
50371,98,82,16,16
50372,151,145,6,6
50373,72,91,-19,19
50374,48,52,-4,4
50375,77,73,4,4
50376,65,62,3,3
50377,107,110,-3,3
50378,93,86,7,7
50379,103,114,-11,11
50380,95,94,1,1
50381,45,52,-7,7
50382,148,147,1,1
50383,130,129,1,1
50384,123,121,2,2
50385,91,96,-5,5
50386,127,156,-29,29
50387,66,76,-10,10
50388,71,71,0,0
50389,133,129,4,4
50390,111,119,-8,8
50391,92,102,-10,10
50392,72,68,4,4
50393,70,67,3,3
50394,158,156,2,2
50395,56,54,2,2
50396,63,65,-2,2
50397,73,70,3,3
50398,170,163,7,7
50399,118,118,0,0
50400,83,93,-10,10
50401,59,64,-5,5
50402,95,83,12,12
50403,79,62,17,17
50404,79,74,5,5
50405,103,124,-21,21
50406,127,126,1,1
50407,93,98,-5,5
50408,82,79,3,3
50409,48,52,-4,4
50410,90,91,-1,1
50411,76,67,9,9
50412,91,96,-5,5
50413,43,50,-7,7
50414,66,68,-2,2
50415,55,58,-3,3
50416,93,94,-1,1
50417,102,99,3,3
50418,56,57,-1,1
50419,91,92,-1,1
50420,126,133,-7,7
50421,78,87,-9,9
50422,81,79,2,2
50423,103,103,0,0
50424,114,108,6,6
50425,103,101,2,2
50426,137,139,-2,2
50427,111,110,1,1
50428,71,71,0,0
50429,99,87,12,12
50430,118,116,2,2
50431,145,139,6,6
50432,83,79,4,4
50433,59,51,8,8
50434,79,84,-5,5
50435,60,57,3,3
50436,59,54,5,5
50437,109,115,-6,6
50438,74,81,-7,7
50439,125,137,-12,12
50440,112,103,9,9
50441,74,72,2,2
50442,149,148,1,1
50443,79,86,-7,7
50444,76,76,0,0
50445,124,121,3,3
50446,62,65,-3,3
50447,59,71,-12,12
50448,190,185,5,5
50449,62,79,-17,17
50450,105,120,-15,15
50451,97,85,12,12
50452,128,124,4,4
50453,113,112,1,1
50454,98,91,7,7
50455,37,46,-9,9
50456,136,141,-5,5
50457,79,94,-15,15
50458,47,55,-8,8
50459,98,89,9,9
50460,101,108,-7,7
50461,87,87,0,0
50462,49,57,-8,8
50463,88,74,14,14
50464,92,90,2,2
50465,128,130,-2,2
50466,111,109,2,2
50467,106,100,6,6
50468,57,66,-9,9
50469,95,105,-10,10
50470,60,56,4,4
50471,131,122,9,9
50472,88,82,6,6
50473,83,88,-5,5
50474,109,105,4,4
50475,114,117,-3,3
50476,84,89,-5,5
50477,85,89,-4,4
50478,86,88,-2,2
50479,76,76,0,0
50480,112,102,10,10
50481,106,116,-10,10
50482,56,56,0,0
50483,120,127,-7,7
50484,53,59,-6,6
50485,32,55,-23,23
50486,184,191,-7,7
50487,82,77,5,5
50488,66,63,3,3
50489,67,77,-10,10
50490,123,126,-3,3
50491,123,119,4,4
50492,146,131,15,15
50493,74,73,1,1
50494,113,107,6,6
50495,102,106,-4,4
50496,143,135,8,8
50497,88,85,3,3
50498,136,133,3,3
50499,149,158,-9,9
50500,165,172,-7,7
50501,59,60,-1,1
50502,87,86,1,1
50503,85,78,7,7
50504,54,62,-8,8
50505,48,55,-7,7
50506,73,66,7,7
50507,74,69,5,5
50508,125,136,-11,11
50509,71,63,8,8
50510,36,38,-2,2
50511,127,114,13,13
50512,71,66,5,5
50513,92,92,0,0
50514,55,57,-2,2
50515,62,58,4,4
50516,76,67,9,9
50517,64,65,-1,1
50518,129,128,1,1
50519,147,142,5,5
50520,69,72,-3,3
50521,76,68,8,8
50522,86,89,-3,3
50523,66,56,10,10
50524,76,69,7,7
50525,74,80,-6,6
50526,54,56,-2,2
50527,109,112,-3,3
50528,141,140,1,1
50529,55,58,-3,3
50530,121,106,15,15
50531,79,83,-4,4
50532,80,73,7,7
50533,156,160,-4,4
50534,44,39,5,5
50535,114,104,10,10
50536,105,103,2,2
50537,73,76,-3,3
50538,84,85,-1,1
50539,176,174,2,2
50540,62,59,3,3
50541,121,116,5,5
50542,114,121,-7,7
50543,87,95,-8,8
50544,77,87,-10,10
50545,64,61,3,3
50546,165,160,5,5
50547,139,153,-14,14
50548,121,119,2,2
50549,97,94,3,3
50550,193,174,19,19
50551,125,135,-10,10
50552,76,86,-10,10
50553,54,50,4,4
50554,134,144,-10,10
50555,72,71,1,1
50556,96,93,3,3
50557,37,39,-2,2
50558,125,117,8,8
50559,87,80,7,7
50560,33,37,-4,4
50561,71,74,-3,3
50562,53,53,0,0
50563,59,61,-2,2
50564,110,102,8,8
50565,82,86,-4,4
50566,110,110,0,0
50567,64,60,4,4
50568,65,64,1,1
50569,134,128,6,6
50570,58,61,-3,3
50571,90,98,-8,8
50572,79,85,-6,6
50573,66,84,-18,18
50574,88,103,-15,15
50575,89,125,-36,36
50576,124,125,-1,1
50577,111,110,1,1
50578,144,135,9,9
50579,131,137,-6,6
50580,133,133,0,0
50581,104,105,-1,1
50582,63,64,-1,1
50583,72,69,3,3
50584,76,70,6,6
50585,59,55,4,4
50586,110,105,5,5
50587,69,65,4,4
50588,112,111,1,1
50589,41,51,-10,10
50590,135,132,3,3
50591,101,126,-25,25
50592,86,85,1,1
50593,116,129,-13,13
50594,88,88,0,0
50595,74,88,-14,14
50596,41,38,3,3
50597,91,102,-11,11
50598,164,161,3,3
50599,58,55,3,3
50600,203,188,15,15
50601,84,90,-6,6
50602,91,78,13,13
50603,98,103,-5,5
50604,123,130,-7,7
50605,63,60,3,3
50606,88,81,7,7
50607,92,103,-11,11
50608,117,117,0,0
50609,72,64,8,8
50610,69,67,2,2
50611,77,75,2,2
50612,77,74,3,3
50613,73,68,5,5
50614,94,94,0,0
50615,118,115,3,3
50616,98,100,-2,2
50617,82,83,-1,1
50618,137,131,6,6
50619,84,97,-13,13
50620,113,111,2,2
50621,145,132,13,13
50622,67,66,1,1
50623,101,105,-4,4
50624,37,65,-28,28
50625,49,55,-6,6
50626,63,69,-6,6
50627,76,75,1,1
50628,216,192,24,24
50629,138,146,-8,8
50630,96,100,-4,4
50631,76,88,-12,12
50632,66,64,2,2
50633,55,46,9,9
50634,92,92,0,0
50635,83,86,-3,3
50636,107,123,-16,16
50637,124,117,7,7
50638,78,74,4,4
50639,149,155,-6,6
50640,154,152,2,2
50641,67,63,4,4
50642,82,84,-2,2
50643,99,103,-4,4
50644,107,113,-6,6
50645,156,156,0,0
50646,174,200,-26,26
50647,103,102,1,1
50648,116,118,-2,2
50649,44,38,6,6
50650,108,108,0,0
50651,94,107,-13,13
50652,63,65,-2,2
50653,95,94,1,1
50654,57,60,-3,3
50655,72,75,-3,3
50656,72,69,3,3
50657,101,104,-3,3
50658,94,119,-25,25
50659,86,72,14,14
50660,157,151,6,6
50661,56,55,1,1
50662,77,81,-4,4
50663,76,87,-11,11
50664,164,169,-5,5
50665,68,77,-9,9
50666,65,73,-8,8
50667,124,125,-1,1
50668,62,59,3,3
50669,138,131,7,7
50670,146,148,-2,2
50671,135,160,-25,25
50672,124,114,10,10
50673,105,101,4,4
50674,71,65,6,6
50675,84,84,0,0
50676,84,75,9,9
50677,70,64,6,6
50678,112,106,6,6
50679,127,123,4,4
50680,51,130,-79,79
50681,104,104,0,0
50682,96,105,-9,9
50683,97,86,11,11
50684,72,76,-4,4
50685,117,115,2,2
50686,115,133,-18,18
50687,76,81,-5,5
50688,98,102,-4,4
50689,70,74,-4,4
50690,97,105,-8,8
50691,131,149,-18,18
50692,50,53,-3,3
50693,68,69,-1,1
50694,64,60,4,4
50695,103,108,-5,5
50696,48,54,-6,6
50697,106,106,0,0
50698,80,84,-4,4
50699,131,137,-6,6
50700,59,61,-2,2
50701,196,193,3,3
50702,143,157,-14,14
50703,74,69,5,5
50704,69,73,-4,4
50705,70,73,-3,3
50706,114,106,8,8
50707,70,64,6,6
50708,42,49,-7,7
50709,112,126,-14,14
50710,79,73,6,6
50711,159,161,-2,2
50712,121,112,9,9
50713,69,73,-4,4
50714,93,85,8,8
50715,90,90,0,0
50716,91,97,-6,6
50717,65,64,1,1
50718,136,147,-11,11
50719,65,66,-1,1
50720,51,58,-7,7
50721,131,124,7,7
50722,81,86,-5,5
50723,60,120,-60,60
50724,99,95,4,4
50725,37,72,-35,35
50726,131,121,10,10
50727,164,147,17,17
50728,63,64,-1,1
50729,208,197,11,11
50730,40,49,-9,9
50731,94,105,-11,11
50732,114,114,0,0
50733,72,76,-4,4
50734,83,80,3,3
50735,65,68,-3,3
50736,124,130,-6,6
50737,45,49,-4,4
50738,78,74,4,4
50739,139,134,5,5
50740,63,65,-2,2
50741,88,95,-7,7
50742,81,85,-4,4
50743,79,69,10,10
50744,106,105,1,1
50745,129,121,8,8
50746,107,115,-8,8
50747,67,73,-6,6
50748,119,119,0,0
50749,96,99,-3,3
50750,96,87,9,9
50751,64,67,-3,3
50752,110,111,-1,1
50753,122,128,-6,6
50754,159,165,-6,6
50755,84,88,-4,4
50756,78,75,3,3
50757,186,192,-6,6
50758,77,76,1,1
50759,95,90,5,5
50760,78,76,2,2
50761,84,102,-18,18
50762,115,112,3,3
50763,104,107,-3,3
50764,84,76,8,8
50765,94,88,6,6
50766,103,97,6,6
50767,120,119,1,1
50768,80,86,-6,6
50769,63,55,8,8
50770,113,122,-9,9
50771,82,93,-11,11
50772,111,112,-1,1
50773,103,107,-4,4
50774,122,121,1,1
50775,81,83,-2,2
50776,141,147,-6,6
50777,122,127,-5,5
50778,136,135,1,1
50779,67,69,-2,2
50780,91,102,-11,11
50781,86,86,0,0
50782,97,89,8,8
50783,42,64,-22,22
50784,63,66,-3,3
50785,118,117,1,1
50786,81,93,-12,12
50787,62,55,7,7
50788,55,63,-8,8
50789,89,93,-4,4
50790,71,71,0,0
50791,57,63,-6,6
50792,83,87,-4,4
50793,153,148,5,5
50794,106,100,6,6
50795,122,112,10,10
50796,76,75,1,1
50797,90,95,-5,5
50798,70,84,-14,14
50799,33,39,-6,6
50800,83,79,4,4
50801,50,57,-7,7
50802,118,112,6,6
50803,115,112,3,3
50804,45,38,7,7
50805,58,56,2,2
50806,38,38,0,0
50807,97,105,-8,8
50808,39,41,-2,2
50809,28,39,-11,11
50810,117,120,-3,3
50811,115,103,12,12
50812,121,116,5,5
50813,105,114,-9,9
50814,88,86,2,2
50815,64,73,-9,9
50816,85,88,-3,3
50817,103,88,15,15
50818,76,73,3,3
50819,60,64,-4,4
50820,73,78,-5,5
50821,70,63,7,7
50822,54,54,0,0
50823,83,92,-9,9
50824,77,75,2,2
50825,58,53,5,5
50826,105,95,10,10
50827,145,145,0,0
50828,119,102,17,17
50829,100,98,2,2
50830,84,90,-6,6
50831,88,79,9,9
50832,90,87,3,3
50833,65,71,-6,6
50834,131,130,1,1
50835,76,92,-16,16
50836,166,176,-10,10
50837,52,50,2,2
50838,156,164,-8,8
50839,139,157,-18,18
50840,80,77,3,3
50841,73,82,-9,9
50842,94,94,0,0
50843,83,84,-1,1
50844,108,102,6,6
50845,71,72,-1,1
50846,98,108,-10,10
50847,94,94,0,0
50848,99,97,2,2
50849,29,38,-9,9
50850,85,80,5,5
50851,92,93,-1,1
50852,96,97,-1,1
50853,107,104,3,3
50854,31,53,-22,22
50855,80,72,8,8
50856,86,87,-1,1
50857,147,142,5,5
50858,113,119,-6,6
50859,58,58,0,0
50860,69,75,-6,6
50861,81,86,-5,5
50862,105,106,-1,1
50863,146,131,15,15
50864,126,123,3,3
50865,72,70,2,2
50866,110,107,3,3
50867,140,148,-8,8
50868,93,87,6,6
50869,88,90,-2,2
50870,84,104,-20,20
50871,57,56,1,1
50872,78,74,4,4
50873,76,73,3,3
50874,143,129,14,14
50875,108,142,-34,34
50876,45,55,-10,10
50877,87,89,-2,2
50878,77,83,-6,6
50879,96,118,-22,22
50880,84,84,0,0
50881,60,62,-2,2
50882,74,81,-7,7
50883,83,82,1,1
50884,69,65,4,4
50885,58,51,7,7
50886,73,70,3,3
50887,81,87,-6,6
50888,106,105,1,1
50889,140,156,-16,16
50890,75,78,-3,3
50891,102,105,-3,3
50892,137,122,15,15
50893,63,94,-31,31
50894,80,77,3,3
50895,65,73,-8,8
50896,151,149,2,2
50897,138,144,-6,6
50898,104,97,7,7
50899,142,140,2,2
50900,77,87,-10,10
50901,102,109,-7,7
50902,83,85,-2,2
50903,74,83,-9,9
50904,113,112,1,1
50905,115,113,2,2
50906,86,94,-8,8
50907,66,59,7,7
50908,123,118,5,5
50909,173,172,1,1
50910,138,149,-11,11
50911,121,125,-4,4
50912,187,189,-2,2
50913,103,97,6,6
50914,93,154,-61,61
50915,134,130,4,4
50916,84,77,7,7
50917,140,133,7,7
50918,139,130,9,9
50919,112,121,-9,9
50920,81,82,-1,1
50921,48,39,9,9
50922,111,109,2,2
50923,133,129,4,4
50924,158,154,4,4
50925,47,52,-5,5
50926,115,126,-11,11
50927,59,65,-6,6
50928,136,133,3,3
50929,86,93,-7,7
50930,89,98,-9,9
50931,104,106,-2,2
50932,88,90,-2,2
50933,68,70,-2,2
50934,105,97,8,8
50935,122,116,6,6
50936,93,86,7,7
50937,172,171,1,1
50938,77,86,-9,9
50939,141,136,5,5
50940,106,114,-8,8
50941,102,110,-8,8
50942,136,129,7,7
50943,83,75,8,8
50944,60,62,-2,2
50945,90,102,-12,12
50946,69,70,-1,1
50947,96,95,1,1
50948,101,101,0,0
50949,90,78,12,12
50950,95,101,-6,6
50951,80,93,-13,13
50952,91,96,-5,5
50953,125,122,3,3
50954,85,82,3,3
50955,129,135,-6,6
50956,117,122,-5,5
50957,77,76,1,1
50958,82,88,-6,6
50959,135,129,6,6
50960,120,119,1,1
50961,89,77,12,12
50962,161,165,-4,4
50963,70,71,-1,1
50964,60,65,-5,5
50965,172,171,1,1
50966,136,131,5,5
50967,86,80,6,6
50968,106,116,-10,10
50969,107,113,-6,6
50970,98,101,-3,3
50971,120,149,-29,29
50972,158,160,-2,2
50973,61,58,3,3
50974,101,96,5,5
50975,94,95,-1,1
50976,60,68,-8,8
50977,68,69,-1,1
50978,99,88,11,11
50979,56,51,5,5
50980,110,100,10,10
50981,102,104,-2,2
50982,83,87,-4,4
50983,92,95,-3,3
50984,77,73,4,4
50985,125,142,-17,17
50986,79,70,9,9
50987,67,61,6,6
50988,113,115,-2,2
50989,122,126,-4,4
50990,131,131,0,0
50991,104,100,4,4
50992,89,104,-15,15
50993,92,95,-3,3
50994,217,164,53,53
50995,45,53,-8,8
50996,69,78,-9,9
50997,112,119,-7,7
50998,146,126,20,20
50999,95,98,-3,3
51000,91,95,-4,4
51001,70,74,-4,4
51002,75,88,-13,13
51003,95,98,-3,3
51004,112,102,10,10
51005,58,59,-1,1
51006,54,58,-4,4
51007,94,101,-7,7
51008,108,100,8,8
51009,89,92,-3,3
51010,90,90,0,0
51011,129,127,2,2
51012,105,101,4,4
51013,94,94,0,0
51014,132,155,-23,23
51015,95,86,9,9
51016,68,58,10,10
51017,97,91,6,6
51018,128,121,7,7
51019,116,122,-6,6
51020,93,93,0,0
51021,89,83,6,6
51022,176,188,-12,12
51023,172,178,-6,6
51024,54,54,0,0
51025,60,63,-3,3
51026,39,56,-17,17
51027,96,85,11,11
51028,60,78,-18,18
51029,52,51,1,1
51030,105,105,0,0
51031,137,137,0,0
51032,151,141,10,10
51033,108,124,-16,16
51034,100,100,0,0
51035,68,68,0,0
51036,99,102,-3,3
51037,100,101,-1,1
51038,112,108,4,4
51039,78,68,10,10
51040,110,111,-1,1
51041,70,64,6,6
51042,122,120,2,2
51043,72,82,-10,10
51044,191,183,8,8
51045,106,109,-3,3
51046,102,101,1,1
51047,130,120,10,10
51048,83,84,-1,1
51049,70,73,-3,3
51050,93,100,-7,7
51051,98,92,6,6
51052,72,70,2,2
51053,121,112,9,9
51054,157,155,2,2
51055,72,80,-8,8
51056,88,90,-2,2
51057,109,109,0,0
51058,129,124,5,5
51059,185,177,8,8
51060,82,91,-9,9
51061,45,39,6,6
51062,47,53,-6,6
51063,75,83,-8,8
51064,107,97,10,10
51065,73,76,-3,3
51066,90,90,0,0
51067,69,80,-11,11
51068,100,112,-12,12
51069,87,77,10,10
51070,56,54,2,2
51071,83,78,5,5
51072,140,143,-3,3
51073,64,57,7,7
51074,97,98,-1,1
51075,86,88,-2,2
51076,129,116,13,13
51077,119,111,8,8
51078,85,85,0,0
51079,109,103,6,6
51080,92,93,-1,1
51081,152,139,13,13
51082,74,77,-3,3
51083,147,215,-68,68
51084,117,117,0,0
51085,85,94,-9,9
51086,115,129,-14,14
51087,96,94,2,2
51088,109,112,-3,3
51089,70,69,1,1
51090,107,103,4,4
51091,71,83,-12,12
51092,80,84,-4,4
51093,117,115,2,2
51094,149,154,-5,5
51095,74,72,2,2
51096,100,96,4,4
51097,131,138,-7,7
51098,100,101,-1,1
51099,72,69,3,3
51100,92,108,-16,16
51101,68,64,4,4
51102,71,76,-5,5
51103,60,56,4,4
51104,74,73,1,1
51105,114,111,3,3
51106,44,39,5,5
51107,104,119,-15,15
51108,143,144,-1,1
51109,159,152,7,7
51110,76,77,-1,1
51111,93,93,0,0
51112,91,91,0,0
51113,91,95,-4,4
51114,188,172,16,16
51115,85,85,0,0
51116,58,52,6,6
51117,115,111,4,4
51118,51,54,-3,3
51119,49,49,0,0
51120,108,114,-6,6
51121,92,96,-4,4
51122,102,101,1,1
51123,113,115,-2,2
51124,100,98,2,2
51125,80,71,9,9
51126,109,119,-10,10
51127,72,72,0,0
51128,91,95,-4,4
51129,93,93,0,0
51130,44,38,6,6
51131,104,110,-6,6
51132,50,61,-11,11
51133,76,76,0,0
51134,53,51,2,2
51135,119,116,3,3
51136,105,98,7,7
51137,110,128,-18,18
51138,148,152,-4,4
51139,105,99,6,6
51140,139,134,5,5
51141,97,88,9,9
51142,113,104,9,9
51143,85,86,-1,1
51144,113,105,8,8
51145,60,58,2,2
51146,66,57,9,9
51147,115,113,2,2
51148,30,72,-42,42
51149,76,70,6,6
51150,73,80,-7,7
51151,72,82,-10,10
51152,141,138,3,3
51153,58,66,-8,8
51154,101,102,-1,1
51155,80,72,8,8
51156,76,74,2,2
51157,118,125,-7,7
51158,97,98,-1,1
51159,96,110,-14,14
51160,40,39,1,1
51161,157,150,7,7
51162,125,120,5,5
51163,99,93,6,6
51164,66,65,1,1
51165,117,113,4,4
51166,94,103,-9,9
51167,54,59,-5,5
51168,62,62,0,0
51169,74,72,2,2
51170,166,164,2,2
51171,142,152,-10,10
51172,81,92,-11,11
51173,110,122,-12,12
51174,114,108,6,6
51175,96,95,1,1
51176,54,55,-1,1
51177,97,99,-2,2
51178,86,97,-11,11
51179,67,72,-5,5
51180,65,65,0,0
51181,89,98,-9,9
51182,86,93,-7,7
51183,71,74,-3,3
51184,146,148,-2,2
51185,81,68,13,13
51186,108,106,2,2
51187,116,116,0,0
51188,90,100,-10,10
51189,108,102,6,6
51190,127,121,6,6
51191,60,57,3,3
51192,66,60,6,6
51193,180,179,1,1
51194,52,53,-1,1
51195,93,94,-1,1
51196,127,128,-1,1
51197,96,88,8,8
51198,110,96,14,14
51199,102,110,-8,8
51200,110,111,-1,1
51201,72,65,7,7
51202,161,159,2,2
51203,89,81,8,8
51204,78,75,3,3
51205,77,85,-8,8
51206,80,78,2,2
51207,78,77,1,1
51208,135,118,17,17
51209,88,81,7,7
51210,102,87,15,15
51211,73,74,-1,1
51212,101,101,0,0
51213,84,83,1,1
51214,87,84,3,3
51215,79,86,-7,7
51216,84,88,-4,4
51217,140,142,-2,2
51218,106,112,-6,6
51219,75,65,10,10
51220,94,95,-1,1
51221,79,85,-6,6
51222,93,92,1,1
51223,155,161,-6,6
51224,97,103,-6,6
51225,109,125,-16,16
51226,115,106,9,9
51227,126,125,1,1
51228,90,90,0,0
51229,72,72,0,0
51230,63,58,5,5
51231,105,104,1,1
51232,68,69,-1,1
51233,143,132,11,11
51234,116,120,-4,4
51235,121,129,-8,8
51236,130,110,20,20
51237,75,72,3,3
51238,70,78,-8,8
51239,109,97,12,12
51240,98,97,1,1
51241,106,93,13,13
51242,76,78,-2,2
51243,60,55,5,5
51244,68,73,-5,5
51245,165,153,12,12
51246,90,106,-16,16
51247,178,169,9,9
51248,79,84,-5,5
51249,72,63,9,9
51250,87,86,1,1
51251,82,80,2,2
51252,57,58,-1,1
51253,110,116,-6,6
51254,111,111,0,0
51255,70,81,-11,11
51256,112,117,-5,5
51257,52,55,-3,3
51258,94,89,5,5
51259,97,99,-2,2
51260,66,66,0,0
51261,67,71,-4,4
51262,66,69,-3,3
51263,107,108,-1,1
51264,156,202,-46,46
51265,40,92,-52,52
51266,60,62,-2,2
51267,109,135,-26,26
51268,62,61,1,1
51269,126,116,10,10
51270,96,100,-4,4
51271,106,98,8,8
51272,109,98,11,11
51273,77,76,1,1
51274,70,67,3,3
51275,75,97,-22,22
51276,194,192,2,2
51277,24,38,-14,14
51278,94,95,-1,1
51279,102,95,7,7
51280,126,124,2,2
51281,150,133,17,17
51282,126,132,-6,6
51283,82,92,-10,10
51284,92,106,-14,14
51285,87,84,3,3
51286,122,132,-10,10
51287,129,135,-6,6
51288,93,91,2,2
51289,62,69,-7,7
51290,148,152,-4,4
51291,73,74,-1,1
51292,114,104,10,10
51293,82,84,-2,2
51294,99,105,-6,6
51295,181,170,11,11
51296,158,144,14,14
51297,100,104,-4,4
51298,143,142,1,1
51299,118,119,-1,1
51300,85,86,-1,1
51301,127,134,-7,7
51302,83,94,-11,11
51303,95,93,2,2
51304,63,56,7,7
51305,76,70,6,6
51306,111,121,-10,10
51307,69,75,-6,6
51308,100,91,9,9
51309,47,50,-3,3
51310,83,93,-10,10
51311,85,88,-3,3
51312,74,73,1,1
51313,53,70,-17,17
51314,75,81,-6,6
51315,71,86,-15,15
51316,108,105,3,3
51317,71,73,-2,2
51318,121,121,0,0
51319,100,108,-8,8
51320,113,119,-6,6
51321,86,77,9,9
51322,86,75,11,11
51323,115,115,0,0
51324,38,38,0,0
51325,140,137,3,3
51326,119,128,-9,9
51327,104,106,-2,2
51328,135,122,13,13
51329,147,135,12,12
51330,116,110,6,6
51331,137,137,0,0
51332,86,88,-2,2
51333,96,96,0,0
51334,76,77,-1,1
51335,64,59,5,5
51336,57,54,3,3
51337,90,106,-16,16
51338,56,72,-16,16
51339,84,92,-8,8
51340,109,101,8,8
51341,124,126,-2,2
51342,138,128,10,10
51343,73,69,4,4
51344,98,97,1,1
51345,93,83,10,10
51346,51,49,2,2
51347,54,51,3,3
51348,62,61,1,1
51349,126,127,-1,1
51350,85,84,1,1
51351,86,75,11,11
51352,67,61,6,6
51353,80,86,-6,6
51354,55,57,-2,2
51355,115,112,3,3
51356,71,70,1,1
51357,86,85,1,1
51358,120,119,1,1
51359,94,90,4,4
51360,71,70,1,1
51361,106,118,-12,12
51362,101,98,3,3
51363,41,38,3,3
51364,77,67,10,10
51365,130,123,7,7
51366,154,151,3,3
51367,102,91,11,11
51368,56,57,-1,1
51369,108,105,3,3
51370,74,79,-5,5
51371,33,105,-72,72
51372,109,109,0,0
51373,113,115,-2,2
51374,115,114,1,1
51375,73,75,-2,2
51376,60,67,-7,7
51377,115,108,7,7
51378,85,92,-7,7
51379,121,111,10,10
51380,128,125,3,3
51381,76,89,-13,13
51382,158,159,-1,1
51383,109,108,1,1
51384,47,50,-3,3
51385,76,70,6,6
51386,75,65,10,10
51387,92,86,6,6
51388,92,94,-2,2
51389,110,96,14,14
51390,101,95,6,6
51391,95,91,4,4
51392,107,107,0,0
51393,96,99,-3,3
51394,127,125,2,2
51395,104,105,-1,1
51396,84,78,6,6
51397,44,39,5,5
51398,112,121,-9,9
51399,94,110,-16,16
51400,65,63,2,2
51401,67,72,-5,5
51402,106,105,1,1
51403,85,79,6,6
51404,75,89,-14,14
51405,72,69,3,3
51406,99,81,18,18
51407,63,64,-1,1
51408,157,160,-3,3
51409,70,65,5,5
51410,79,75,4,4
51411,99,95,4,4
51412,100,103,-3,3
51413,152,147,5,5
51414,111,125,-14,14
51415,73,76,-3,3
51416,117,118,-1,1
51417,74,73,1,1
51418,84,93,-9,9
51419,117,113,4,4
51420,70,74,-4,4
51421,72,77,-5,5
51422,62,62,0,0
51423,90,96,-6,6
51424,123,113,10,10
51425,81,84,-3,3
51426,62,62,0,0
51427,74,70,4,4
51428,189,178,11,11
51429,97,102,-5,5
51430,131,131,0,0
51431,66,72,-6,6
51432,131,126,5,5
51433,101,91,10,10
51434,205,207,-2,2
51435,92,97,-5,5
51436,74,86,-12,12
51437,108,102,6,6
51438,78,71,7,7
51439,69,74,-5,5
51440,92,81,11,11
51441,76,77,-1,1
51442,83,88,-5,5
51443,104,99,5,5
51444,85,82,3,3
51445,74,70,4,4
51446,134,142,-8,8
51447,119,115,4,4
51448,92,89,3,3
51449,88,87,1,1
51450,126,134,-8,8
51451,100,102,-2,2
51452,45,53,-8,8
51453,131,119,12,12
51454,55,55,0,0
51455,180,180,0,0
51456,133,115,18,18
51457,94,71,23,23
51458,62,81,-19,19
51459,119,117,2,2
51460,183,178,5,5
51461,88,84,4,4
51462,115,93,22,22
51463,100,91,9,9
51464,64,71,-7,7
51465,83,105,-22,22
51466,138,143,-5,5
51467,62,68,-6,6
51468,193,177,16,16
51469,90,83,7,7
51470,77,87,-10,10
51471,111,108,3,3
51472,99,90,9,9
51473,118,125,-7,7
51474,131,125,6,6
51475,71,62,9,9
51476,78,78,0,0
51477,94,85,9,9
51478,92,96,-4,4
51479,97,99,-2,2
51480,89,85,4,4
51481,131,120,11,11
51482,119,101,18,18
51483,59,62,-3,3
51484,80,82,-2,2
51485,116,112,4,4
51486,93,90,3,3
51487,72,78,-6,6
51488,185,169,16,16
51489,85,90,-5,5
51490,108,112,-4,4
51491,84,87,-3,3
51492,100,102,-2,2
51493,109,91,18,18
51494,43,38,5,5
51495,77,79,-2,2
51496,87,82,5,5
51497,121,116,5,5
51498,109,114,-5,5
51499,83,90,-7,7
51500,108,97,11,11
51501,166,150,16,16
51502,68,65,3,3
51503,112,132,-20,20
51504,103,106,-3,3
51505,106,111,-5,5
51506,33,39,-6,6
51507,56,50,6,6
51508,72,70,2,2
51509,136,138,-2,2
51510,79,78,1,1
51511,143,130,13,13
51512,103,99,4,4
51513,75,78,-3,3
51514,73,72,1,1
51515,68,67,1,1
51516,68,81,-13,13
51517,102,87,15,15
51518,83,85,-2,2
51519,70,79,-9,9
51520,88,88,0,0
51521,124,122,2,2
51522,111,114,-3,3
51523,103,109,-6,6
51524,104,102,2,2
51525,122,121,1,1
51526,119,121,-2,2
51527,71,103,-32,32
51528,196,202,-6,6
51529,70,67,3,3
51530,70,87,-17,17
51531,88,85,3,3
51532,122,120,2,2
51533,102,97,5,5
51534,119,113,6,6
51535,138,136,2,2
51536,165,155,10,10
51537,94,103,-9,9
51538,52,53,-1,1
51539,86,83,3,3
51540,63,68,-5,5
51541,92,85,7,7
51542,65,61,4,4
51543,47,38,9,9
51544,62,59,3,3
51545,79,92,-13,13
51546,166,140,26,26
51547,96,92,4,4
51548,120,133,-13,13
51549,117,117,0,0
51550,99,96,3,3
51551,124,133,-9,9
51552,138,128,10,10
51553,60,62,-2,2
51554,90,89,1,1
51555,76,81,-5,5
51556,113,134,-21,21
51557,129,129,0,0
51558,80,81,-1,1
51559,99,94,5,5
51560,87,90,-3,3
51561,74,75,-1,1
51562,70,69,1,1
51563,50,53,-3,3
51564,83,84,-1,1
51565,150,146,4,4
51566,104,101,3,3
51567,107,105,2,2
51568,101,95,6,6
51569,153,155,-2,2
51570,81,82,-1,1
51571,58,70,-12,12
51572,104,98,6,6
51573,64,63,1,1
51574,58,54,4,4
51575,137,142,-5,5
51576,132,114,18,18
51577,110,111,-1,1
51578,120,123,-3,3
51579,92,95,-3,3
51580,83,112,-29,29
51581,41,51,-10,10
51582,194,214,-20,20
51583,79,72,7,7
51584,65,67,-2,2
51585,126,137,-11,11
51586,125,141,-16,16
51587,148,144,4,4
51588,63,61,2,2
51589,82,84,-2,2
51590,127,125,2,2
51591,141,133,8,8
51592,98,104,-6,6
51593,140,145,-5,5
51594,92,89,3,3
51595,78,85,-7,7
51596,72,71,1,1
51597,133,120,13,13
51598,82,89,-7,7
51599,53,58,-5,5
51600,68,64,4,4
51601,135,137,-2,2
51602,76,93,-17,17
51603,84,74,10,10
51604,109,107,2,2
51605,115,122,-7,7
51606,32,38,-6,6
51607,202,185,17,17
51608,64,61,3,3
51609,69,64,5,5
51610,61,62,-1,1
51611,81,75,6,6
51612,81,90,-9,9
51613,103,100,3,3
51614,73,70,3,3
51615,103,119,-16,16
51616,153,159,-6,6
51617,78,81,-3,3
51618,100,96,4,4
51619,136,150,-14,14
51620,58,60,-2,2
51621,75,83,-8,8
51622,130,119,11,11
51623,127,118,9,9
51624,51,55,-4,4
51625,87,74,13,13
51626,99,102,-3,3
51627,121,114,7,7
51628,83,88,-5,5
51629,65,60,5,5
51630,86,87,-1,1
51631,129,131,-2,2
51632,77,88,-11,11
51633,63,67,-4,4
51634,70,68,2,2
51635,75,77,-2,2
51636,75,79,-4,4
51637,132,133,-1,1
51638,157,158,-1,1
51639,130,138,-8,8
51640,80,85,-5,5
51641,97,102,-5,5
51642,68,65,3,3
51643,98,101,-3,3
51644,81,85,-4,4
51645,51,52,-1,1
51646,84,85,-1,1
51647,79,77,2,2
51648,151,149,2,2
51649,82,83,-1,1
51650,127,127,0,0
51651,63,70,-7,7
51652,97,98,-1,1
51653,121,117,4,4
51654,157,154,3,3
51655,101,99,2,2
51656,160,169,-9,9
51657,92,94,-2,2
51658,107,117,-10,10
51659,108,91,17,17
51660,119,100,19,19
51661,61,65,-4,4
51662,112,105,7,7
51663,71,65,6,6
51664,99,102,-3,3
51665,68,74,-6,6
51666,116,126,-10,10
51667,64,74,-10,10
51668,124,131,-7,7
51669,139,138,1,1
51670,80,79,1,1
51671,157,152,5,5
51672,101,97,4,4
51673,114,110,4,4
51674,126,131,-5,5
51675,148,137,11,11
51676,77,83,-6,6
51677,187,186,1,1
51678,139,141,-2,2
51679,164,158,6,6
51680,98,102,-4,4
51681,86,92,-6,6
51682,61,60,1,1
51683,143,153,-10,10
51684,57,54,3,3
51685,52,50,2,2
51686,92,106,-14,14
51687,108,104,4,4
51688,156,140,16,16
51689,159,150,9,9
51690,157,147,10,10
51691,102,99,3,3
51692,138,130,8,8
51693,78,80,-2,2
51694,83,74,9,9
51695,108,92,16,16
51696,60,55,5,5
51697,142,123,19,19
51698,55,56,-1,1
51699,65,69,-4,4
51700,125,124,1,1
51701,90,95,-5,5
51702,74,73,1,1
51703,156,153,3,3
51704,76,76,0,0
51705,94,101,-7,7
51706,84,80,4,4
51707,84,80,4,4
51708,68,76,-8,8
51709,144,142,2,2
51710,74,67,7,7
51711,104,107,-3,3
51712,98,79,19,19
51713,92,91,1,1
51714,106,110,-4,4
51715,94,94,0,0
51716,91,99,-8,8
51717,61,37,24,24
51718,77,71,6,6
51719,71,73,-2,2
51720,98,96,2,2
51721,73,80,-7,7
51722,103,110,-7,7
51723,124,117,7,7
51724,135,121,14,14
51725,118,126,-8,8
51726,96,104,-8,8
51727,54,58,-4,4
51728,112,101,11,11
51729,72,76,-4,4
51730,70,74,-4,4
51731,85,82,3,3
51732,51,48,3,3
51733,106,117,-11,11
51734,113,106,7,7
51735,76,69,7,7
51736,63,74,-11,11
51737,140,128,12,12
51738,103,96,7,7
51739,163,169,-6,6
51740,126,126,0,0
51741,92,106,-14,14
51742,40,39,1,1
51743,33,38,-5,5
51744,99,99,0,0
51745,113,101,12,12
51746,59,56,3,3
51747,88,107,-19,19
51748,58,59,-1,1
51749,98,99,-1,1
51750,135,123,12,12
51751,92,94,-2,2
51752,101,102,-1,1
51753,116,115,1,1
51754,171,174,-3,3
51755,98,86,12,12
51756,99,95,4,4
51757,77,74,3,3
51758,99,96,3,3
51759,61,58,3,3
51760,124,106,18,18
51761,36,38,-2,2
51762,124,113,11,11
51763,89,88,1,1
51764,144,153,-9,9
51765,113,111,2,2
51766,157,151,6,6
51767,95,93,2,2
51768,101,109,-8,8
51769,76,80,-4,4
51770,65,74,-9,9
51771,222,191,31,31
51772,123,118,5,5
51773,71,92,-21,21
51774,102,93,9,9
51775,96,98,-2,2
51776,105,102,3,3
51777,81,86,-5,5
51778,122,141,-19,19
51779,64,66,-2,2
51780,43,55,-12,12
51781,114,105,9,9
51782,62,62,0,0
51783,104,113,-9,9
51784,175,193,-18,18
51785,98,106,-8,8
51786,87,85,2,2
51787,144,144,0,0
51788,76,89,-13,13
51789,125,127,-2,2
51790,70,68,2,2
51791,86,97,-11,11
51792,140,124,16,16
51793,44,51,-7,7
51794,101,98,3,3
51795,68,68,0,0
51796,155,159,-4,4
51797,125,127,-2,2
51798,49,49,0,0
51799,140,147,-7,7
51800,105,100,5,5
51801,192,204,-12,12
51802,89,79,10,10
51803,140,137,3,3
51804,140,139,1,1
51805,112,118,-6,6
51806,136,122,14,14
51807,76,86,-10,10
51808,64,72,-8,8
51809,64,76,-12,12
51810,83,86,-3,3
51811,72,66,6,6
51812,145,148,-3,3
51813,113,103,10,10
51814,114,105,9,9
51815,154,145,9,9
51816,67,64,3,3
51817,197,179,18,18
51818,61,61,0,0
51819,99,98,1,1
51820,91,94,-3,3
51821,181,162,19,19
51822,45,39,6,6
51823,55,60,-5,5
51824,183,206,-23,23
51825,106,110,-4,4
51826,57,60,-3,3
51827,133,126,7,7
51828,36,39,-3,3
51829,98,106,-8,8
51830,54,49,5,5
51831,140,144,-4,4
51832,114,114,0,0
51833,99,95,4,4
51834,69,68,1,1
51835,144,138,6,6
51836,112,122,-10,10
51837,101,98,3,3
51838,88,80,8,8
51839,88,88,0,0
51840,94,86,8,8
51841,67,61,6,6
51842,46,56,-10,10
51843,72,66,6,6
51844,80,74,6,6
51845,75,73,2,2
51846,94,85,9,9
51847,117,123,-6,6
51848,67,68,-1,1
51849,71,73,-2,2
51850,67,83,-16,16
51851,68,62,6,6
51852,91,90,1,1
51853,71,75,-4,4
51854,114,118,-4,4
51855,93,99,-6,6
51856,73,79,-6,6
51857,164,151,13,13
51858,132,125,7,7
51859,66,57,9,9
51860,153,132,21,21
51861,108,117,-9,9
51862,110,105,5,5
51863,156,145,11,11
51864,162,157,5,5
51865,150,149,1,1
51866,125,121,4,4
51867,61,59,2,2
51868,95,94,1,1
51869,152,134,18,18
51870,125,133,-8,8
51871,119,107,12,12
51872,166,191,-25,25
51873,120,104,16,16
51874,58,57,1,1
51875,45,39,6,6
51876,117,130,-13,13
51877,65,60,5,5
51878,105,110,-5,5
51879,70,70,0,0
51880,78,73,5,5
51881,91,87,4,4
51882,78,68,10,10
51883,116,134,-18,18
51884,132,116,16,16
51885,143,137,6,6
51886,117,125,-8,8
51887,147,160,-13,13
51888,63,66,-3,3
51889,80,94,-14,14
51890,98,98,0,0
51891,51,56,-5,5
51892,51,52,-1,1
51893,73,70,3,3
51894,95,88,7,7
51895,100,98,2,2
51896,74,86,-12,12
51897,110,99,11,11
51898,78,80,-2,2
51899,54,59,-5,5
51900,115,114,1,1
51901,139,131,8,8
51902,73,80,-7,7
51903,67,65,2,2
51904,76,77,-1,1
51905,108,109,-1,1
51906,104,103,1,1
51907,130,130,0,0
51908,116,119,-3,3
51909,57,59,-2,2
51910,102,108,-6,6
51911,108,102,6,6
51912,95,90,5,5
51913,40,37,3,3
51914,76,83,-7,7
51915,71,66,5,5
51916,137,139,-2,2
51917,118,110,8,8
51918,129,132,-3,3
51919,67,77,-10,10
51920,72,72,0,0
51921,111,122,-11,11
51922,95,96,-1,1
51923,130,145,-15,15
51924,116,120,-4,4
51925,68,69,-1,1
51926,103,102,1,1
51927,95,98,-3,3
51928,117,118,-1,1
51929,62,53,9,9
51930,75,83,-8,8
51931,56,63,-7,7
51932,120,109,11,11
51933,113,115,-2,2
51934,85,82,3,3
51935,71,89,-18,18
51936,130,135,-5,5
51937,87,95,-8,8
51938,156,152,4,4
51939,89,89,0,0
51940,61,58,3,3
51941,115,114,1,1
51942,144,134,10,10
51943,73,80,-7,7
51944,94,97,-3,3
51945,102,102,0,0
51946,125,130,-5,5
51947,71,63,8,8
51948,140,138,2,2
51949,143,138,5,5
51950,77,80,-3,3
51951,86,74,12,12
51952,70,65,5,5
51953,101,91,10,10
51954,82,79,3,3
51955,93,89,4,4
51956,55,60,-5,5
51957,138,149,-11,11
51958,88,90,-2,2
51959,81,87,-6,6
51960,176,163,13,13
51961,90,96,-6,6
51962,52,56,-4,4
51963,97,94,3,3
51964,45,50,-5,5
51965,114,120,-6,6
51966,155,152,3,3
51967,151,178,-27,27
51968,60,63,-3,3
51969,82,77,5,5
51970,96,97,-1,1
51971,126,115,11,11
51972,90,91,-1,1
51973,83,71,12,12
51974,72,78,-6,6
51975,139,135,4,4
51976,137,129,8,8
51977,119,121,-2,2
51978,115,100,15,15
51979,76,70,6,6
51980,80,98,-18,18
51981,101,97,4,4
51982,92,91,1,1
51983,65,65,0,0
51984,89,91,-2,2
51985,72,69,3,3
51986,45,39,6,6
51987,69,68,1,1
51988,81,80,1,1
51989,95,96,-1,1
51990,76,77,-1,1
51991,49,38,11,11
51992,97,100,-3,3
51993,90,82,8,8
51994,130,129,1,1
51995,74,78,-4,4
51996,46,54,-8,8
51997,74,82,-8,8
51998,108,104,4,4
51999,115,122,-7,7
52000,37,39,-2,2
52001,79,75,4,4
52002,75,78,-3,3
52003,174,160,14,14
52004,107,105,2,2
52005,53,51,2,2
52006,83,86,-3,3
52007,60,59,1,1
52008,98,105,-7,7
52009,57,59,-2,2
52010,54,54,0,0
52011,83,80,3,3
52012,182,209,-27,27
52013,107,116,-9,9
52014,89,100,-11,11
52015,105,103,2,2
52016,109,113,-4,4
52017,141,132,9,9
52018,121,123,-2,2
52019,91,106,-15,15
52020,117,113,4,4
52021,58,60,-2,2
52022,80,71,9,9
52023,88,87,1,1
52024,80,83,-3,3
52025,146,147,-1,1
52026,105,105,0,0
52027,128,145,-17,17
52028,79,78,1,1
52029,123,127,-4,4
52030,85,85,0,0
52031,77,74,3,3
52032,70,64,6,6
52033,100,103,-3,3
52034,71,69,2,2
52035,123,120,3,3
52036,85,92,-7,7
52037,113,111,2,2
52038,98,93,5,5
52039,67,76,-9,9
52040,130,137,-7,7
52041,176,165,11,11
52042,117,115,2,2
52043,130,125,5,5
52044,114,110,4,4
52045,108,113,-5,5
52046,111,121,-10,10
52047,91,88,3,3
52048,153,143,10,10
52049,83,101,-18,18
52050,91,94,-3,3
52051,103,106,-3,3
52052,123,124,-1,1
52053,57,61,-4,4
52054,115,115,0,0
52055,86,92,-6,6
52056,147,142,5,5
52057,116,135,-19,19
52058,87,86,1,1
52059,81,81,0,0
52060,58,56,2,2
52061,97,87,10,10
52062,138,149,-11,11
52063,74,71,3,3
52064,60,68,-8,8
52065,94,96,-2,2
52066,150,149,1,1
52067,143,145,-2,2
52068,72,71,1,1
52069,80,85,-5,5
52070,94,96,-2,2
52071,85,85,0,0
52072,108,104,4,4
52073,106,94,12,12
52074,86,87,-1,1
52075,160,154,6,6
52076,84,85,-1,1
52077,78,74,4,4
52078,89,96,-7,7
52079,76,86,-10,10
52080,57,52,5,5
52081,93,97,-4,4
52082,92,96,-4,4
52083,79,98,-19,19
52084,105,104,1,1
52085,146,146,0,0
52086,79,88,-9,9
52087,96,100,-4,4
52088,97,99,-2,2
52089,74,74,0,0
52090,79,88,-9,9
52091,90,88,2,2
52092,133,135,-2,2
52093,81,84,-3,3
52094,140,135,5,5
52095,20,37,-17,17
52096,42,92,-50,50
52097,178,161,17,17
52098,57,63,-6,6
52099,91,98,-7,7
52100,125,143,-18,18
52101,77,72,5,5
52102,73,76,-3,3
52103,96,102,-6,6
52104,63,58,5,5
52105,75,75,0,0
52106,117,114,3,3
52107,135,137,-2,2
52108,105,113,-8,8
52109,141,142,-1,1
52110,123,111,12,12
52111,71,83,-12,12
52112,108,96,12,12
52113,104,111,-7,7
52114,108,105,3,3
52115,93,94,-1,1
52116,102,98,4,4
52117,99,89,10,10
52118,95,103,-8,8
52119,53,55,-2,2
52120,117,102,15,15
52121,79,92,-13,13
52122,55,64,-9,9
52123,163,168,-5,5
52124,53,52,1,1
52125,80,81,-1,1
52126,124,120,4,4
52127,75,69,6,6
52128,133,133,0,0
52129,83,84,-1,1
52130,54,60,-6,6
52131,52,51,1,1
52132,67,67,0,0
52133,75,69,6,6
52134,106,101,5,5
52135,140,138,2,2
52136,124,130,-6,6
52137,65,68,-3,3
52138,94,99,-5,5
52139,108,112,-4,4
52140,132,118,14,14
52141,123,121,2,2
52142,73,87,-14,14
52143,246,237,9,9
52144,91,84,7,7
52145,48,55,-7,7
52146,109,98,11,11
52147,120,108,12,12
52148,71,64,7,7
52149,44,39,5,5
52150,83,82,1,1
52151,77,72,5,5
52152,108,102,6,6
52153,76,73,3,3
52154,116,105,11,11
52155,98,113,-15,15
52156,114,105,9,9
52157,142,132,10,10
52158,92,103,-11,11
52159,82,76,6,6
52160,86,86,0,0
52161,65,66,-1,1
52162,91,91,0,0
52163,158,162,-4,4
52164,79,78,1,1
52165,89,83,6,6
52166,54,49,5,5
52167,144,129,15,15
52168,167,180,-13,13
52169,94,106,-12,12
52170,75,74,1,1
52171,110,122,-12,12
52172,113,110,3,3
52173,63,63,0,0
52174,138,136,2,2
52175,101,94,7,7
52176,99,114,-15,15
52177,98,103,-5,5
52178,138,160,-22,22
52179,116,122,-6,6
52180,53,62,-9,9
52181,97,98,-1,1
52182,79,64,15,15
52183,94,109,-15,15
52184,72,79,-7,7
52185,104,113,-9,9
52186,113,104,9,9
52187,105,116,-11,11
52188,84,84,0,0
52189,66,69,-3,3
52190,75,77,-2,2
52191,106,103,3,3
52192,100,96,4,4
52193,75,85,-10,10
52194,45,38,7,7
52195,126,135,-9,9
52196,102,98,4,4
52197,108,113,-5,5
52198,99,95,4,4
52199,146,140,6,6
52200,107,109,-2,2
52201,105,114,-9,9
52202,58,51,7,7
52203,114,122,-8,8
52204,151,135,16,16
52205,72,74,-2,2
52206,79,73,6,6
52207,131,121,10,10
52208,91,93,-2,2
52209,52,55,-3,3
52210,81,68,13,13
52211,85,72,13,13
52212,96,91,5,5
52213,42,39,3,3
52214,73,64,9,9
52215,100,94,6,6
52216,104,99,5,5
52217,85,93,-8,8
52218,67,74,-7,7
52219,71,72,-1,1
52220,100,93,7,7
52221,134,113,21,21
52222,104,112,-8,8
52223,90,82,8,8
52224,96,128,-32,32
52225,61,86,-25,25
52226,65,69,-4,4
52227,139,140,-1,1
52228,46,38,8,8
52229,70,70,0,0
52230,142,135,7,7
52231,90,87,3,3
52232,112,103,9,9
52233,113,106,7,7
52234,59,65,-6,6
52235,111,111,0,0
52236,84,79,5,5
52237,74,66,8,8
52238,78,68,10,10
52239,145,154,-9,9
52240,100,124,-24,24
52241,103,98,5,5
52242,55,57,-2,2
52243,93,94,-1,1
52244,78,74,4,4
52245,80,79,1,1
52246,104,95,9,9
52247,66,67,-1,1
52248,68,61,7,7
52249,60,55,5,5
52250,103,119,-16,16
52251,69,68,1,1
52252,92,91,1,1
52253,48,56,-8,8
52254,54,60,-6,6
52255,54,53,1,1
52256,58,60,-2,2
52257,160,151,9,9
52258,83,77,6,6
52259,90,83,7,7
52260,71,126,-55,55
52261,168,181,-13,13
52262,137,145,-8,8
52263,139,143,-4,4
52264,74,69,5,5
52265,75,79,-4,4
52266,65,62,3,3
52267,93,82,11,11
52268,94,94,0,0
52269,65,76,-11,11
52270,110,113,-3,3
52271,29,39,-10,10
52272,91,89,2,2
52273,78,76,2,2
52274,77,75,2,2
52275,93,95,-2,2
52276,158,153,5,5
52277,206,206,0,0
52278,98,100,-2,2
52279,131,129,2,2
52280,115,111,4,4
52281,129,109,20,20
52282,97,91,6,6
52283,97,92,5,5
52284,78,91,-13,13
52285,81,82,-1,1
52286,107,103,4,4
52287,80,78,2,2
52288,67,68,-1,1
52289,66,74,-8,8
52290,56,57,-1,1
52291,72,72,0,0
52292,50,55,-5,5
52293,70,102,-32,32
52294,128,122,6,6
52295,138,143,-5,5
52296,38,39,-1,1
52297,113,111,2,2
52298,168,170,-2,2
52299,115,105,10,10
52300,88,86,2,2
52301,80,79,1,1
52302,124,132,-8,8
52303,190,186,4,4
52304,92,96,-4,4
52305,83,84,-1,1
52306,78,83,-5,5
52307,64,57,7,7
52308,121,122,-1,1
52309,74,75,-1,1
52310,59,60,-1,1
52311,200,164,36,36
52312,157,150,7,7
52313,86,89,-3,3
52314,126,122,4,4
52315,75,77,-2,2
52316,95,111,-16,16
52317,118,108,10,10
52318,174,169,5,5
52319,148,143,5,5
52320,70,75,-5,5
52321,99,98,1,1
52322,73,72,1,1
52323,178,160,18,18
52324,127,126,1,1
52325,137,139,-2,2
52326,35,39,-4,4
52327,58,57,1,1
52328,104,110,-6,6
52329,85,85,0,0
52330,91,90,1,1
52331,40,39,1,1
52332,83,84,-1,1
52333,100,107,-7,7
52334,73,78,-5,5
52335,51,57,-6,6
52336,263,222,41,41
52337,87,93,-6,6
52338,85,84,1,1
52339,85,86,-1,1
52340,89,86,3,3
52341,176,178,-2,2
52342,103,102,1,1
52343,128,138,-10,10
52344,166,173,-7,7
52345,92,106,-14,14
52346,100,101,-1,1
52347,98,89,9,9
52348,57,58,-1,1
52349,127,119,8,8
52350,86,89,-3,3
52351,144,150,-6,6
52352,60,62,-2,2
52353,113,109,4,4
52354,113,110,3,3
52355,103,102,1,1
52356,90,88,2,2
52357,56,51,5,5
52358,47,52,-5,5
52359,105,110,-5,5
52360,61,60,1,1
52361,128,138,-10,10
52362,55,78,-23,23
52363,67,64,3,3
52364,65,66,-1,1
52365,116,109,7,7
52366,76,82,-6,6
52367,41,38,3,3
52368,83,75,8,8
52369,82,88,-6,6
52370,50,55,-5,5
52371,81,94,-13,13
52372,57,51,6,6
52373,83,80,3,3
52374,87,97,-10,10
52375,56,52,4,4
52376,68,66,2,2
52377,71,68,3,3
52378,77,78,-1,1
52379,67,64,3,3
52380,120,109,11,11
52381,74,77,-3,3
52382,121,125,-4,4
52383,73,74,-1,1
52384,53,54,-1,1
52385,68,70,-2,2
52386,95,92,3,3
52387,103,108,-5,5
52388,46,50,-4,4
52389,73,65,8,8
52390,148,146,2,2
52391,145,131,14,14
52392,105,96,9,9
52393,71,72,-1,1
52394,43,50,-7,7
52395,106,108,-2,2
52396,114,116,-2,2
52397,80,77,3,3
52398,64,79,-15,15
52399,125,119,6,6
52400,84,93,-9,9
52401,86,90,-4,4
52402,101,99,2,2
52403,95,93,2,2
52404,90,95,-5,5
52405,93,90,3,3
52406,62,61,1,1
52407,146,144,2,2
52408,87,87,0,0
52409,85,76,9,9
52410,134,122,12,12
52411,82,76,6,6
52412,46,46,0,0
52413,73,64,9,9
52414,23,40,-17,17
52415,167,159,8,8
52416,116,98,18,18
52417,112,119,-7,7
52418,227,221,6,6
52419,108,114,-6,6
52420,93,94,-1,1
52421,76,77,-1,1
52422,75,75,0,0
52423,74,83,-9,9
52424,85,76,9,9
52425,68,66,2,2
52426,93,86,7,7
52427,143,142,1,1
52428,132,127,5,5
52429,68,66,2,2
52430,49,60,-11,11
52431,116,107,9,9
52432,87,84,3,3
52433,114,104,10,10
52434,133,127,6,6
52435,81,79,2,2
52436,105,97,8,8
52437,88,90,-2,2
52438,158,145,13,13
52439,82,73,9,9
52440,91,94,-3,3
52441,158,161,-3,3
52442,77,77,0,0
52443,61,83,-22,22
52444,57,61,-4,4
52445,76,81,-5,5
52446,80,83,-3,3
52447,90,98,-8,8
52448,75,64,11,11
52449,105,101,4,4
52450,99,99,0,0
52451,134,139,-5,5
52452,70,75,-5,5
52453,139,151,-12,12
52454,67,69,-2,2
52455,186,171,15,15
52456,101,101,0,0
52457,142,139,3,3
52458,66,63,3,3
52459,88,84,4,4
52460,79,86,-7,7
52461,80,82,-2,2
52462,103,111,-8,8
52463,133,148,-15,15
52464,21,58,-37,37
52465,98,84,14,14
52466,67,63,4,4
52467,117,147,-30,30
52468,71,70,1,1
52469,45,50,-5,5
52470,90,83,7,7
52471,122,103,19,19
52472,133,129,4,4
52473,70,66,4,4
52474,99,105,-6,6
52475,161,154,7,7
52476,123,118,5,5
52477,116,110,6,6
52478,148,131,17,17
52479,55,48,7,7
52480,107,110,-3,3
52481,69,64,5,5
52482,103,120,-17,17
52483,50,52,-2,2
52484,76,76,0,0
52485,98,100,-2,2
52486,63,65,-2,2
52487,69,66,3,3
52488,115,113,2,2
52489,64,61,3,3
52490,80,81,-1,1
52491,93,87,6,6
52492,93,91,2,2
52493,107,101,6,6
52494,91,91,0,0
52495,73,86,-13,13
52496,163,152,11,11
52497,82,79,3,3
52498,133,119,14,14
52499,70,78,-8,8
52500,74,72,2,2
52501,72,70,2,2
52502,51,39,12,12
52503,192,175,17,17
52504,59,72,-13,13
52505,69,64,5,5
52506,47,47,0,0
52507,146,162,-16,16
52508,149,138,11,11
52509,96,113,-17,17
52510,73,66,7,7
52511,143,135,8,8
52512,101,107,-6,6
52513,96,99,-3,3
52514,108,117,-9,9
52515,77,78,-1,1
52516,45,53,-8,8
52517,89,97,-8,8
52518,160,154,6,6
52519,97,104,-7,7
52520,82,85,-3,3
52521,80,75,5,5
52522,70,67,3,3
52523,123,112,11,11
52524,109,105,4,4
52525,162,163,-1,1
52526,129,127,2,2
52527,80,75,5,5
52528,49,52,-3,3
52529,129,115,14,14
52530,79,72,7,7
52531,89,98,-9,9
52532,92,96,-4,4
52533,87,82,5,5
52534,104,94,10,10
52535,106,91,15,15
52536,169,174,-5,5
52537,96,107,-11,11
52538,66,65,1,1
52539,140,139,1,1
52540,128,122,6,6
52541,82,79,3,3
52542,128,119,9,9
52543,109,114,-5,5
52544,59,62,-3,3
52545,61,63,-2,2
52546,109,91,18,18
52547,72,80,-8,8
52548,57,70,-13,13
52549,94,100,-6,6
52550,86,88,-2,2
52551,57,57,0,0
52552,142,135,7,7
52553,79,89,-10,10
52554,150,148,2,2
52555,122,133,-11,11
52556,106,112,-6,6
52557,41,38,3,3
52558,218,210,8,8
52559,106,102,4,4
52560,80,73,7,7
52561,87,89,-2,2
52562,121,132,-11,11
52563,68,67,1,1
52564,79,84,-5,5
52565,63,61,2,2
52566,57,66,-9,9
52567,132,141,-9,9
52568,86,89,-3,3
52569,92,90,2,2
52570,187,176,11,11
52571,97,95,2,2
52572,135,133,2,2
52573,126,111,15,15
52574,79,80,-1,1
52575,69,79,-10,10
52576,142,146,-4,4
52577,97,91,6,6
52578,104,112,-8,8
52579,112,116,-4,4
52580,168,177,-9,9
52581,145,132,13,13
52582,137,135,2,2
52583,142,132,10,10
52584,81,76,5,5
52585,97,96,1,1
52586,90,79,11,11
52587,121,142,-21,21
52588,71,78,-7,7
52589,61,58,3,3
52590,95,113,-18,18
52591,95,118,-23,23
52592,53,67,-14,14
52593,126,130,-4,4
52594,72,81,-9,9
52595,86,76,10,10
52596,141,147,-6,6
52597,96,107,-11,11
52598,98,105,-7,7
52599,123,123,0,0
52600,46,50,-4,4
52601,95,85,10,10
52602,127,123,4,4
52603,153,132,21,21
52604,115,113,2,2
52605,104,98,6,6
52606,53,56,-3,3
52607,95,91,4,4
52608,88,89,-1,1
52609,133,117,16,16
52610,88,90,-2,2
52611,25,40,-15,15
52612,142,132,10,10
52613,98,104,-6,6
52614,93,90,3,3
52615,99,94,5,5
52616,152,149,3,3
52617,124,126,-2,2
52618,112,116,-4,4
52619,134,123,11,11
52620,104,111,-7,7
52621,86,82,4,4
52622,117,118,-1,1
52623,77,79,-2,2
52624,88,91,-3,3
52625,72,68,4,4
52626,87,106,-19,19
52627,80,79,1,1
52628,103,103,0,0
52629,136,140,-4,4
52630,105,116,-11,11
52631,96,96,0,0
52632,90,86,4,4
52633,53,51,2,2
52634,77,75,2,2
52635,60,57,3,3
52636,115,126,-11,11
52637,93,91,2,2
52638,91,81,10,10
52639,162,163,-1,1
52640,115,102,13,13
52641,148,160,-12,12
52642,68,67,1,1
52643,79,87,-8,8
52644,53,57,-4,4
52645,60,60,0,0
52646,63,70,-7,7
52647,102,102,0,0
52648,111,108,3,3
52649,116,117,-1,1
52650,50,56,-6,6
52651,113,105,8,8
52652,46,55,-9,9
52653,62,58,4,4
52654,112,112,0,0
52655,58,55,3,3
52656,85,90,-5,5
52657,111,103,8,8
52658,105,107,-2,2
52659,113,125,-12,12
52660,174,165,9,9
52661,125,120,5,5
52662,109,107,2,2
52663,67,70,-3,3
52664,76,68,8,8
52665,193,239,-46,46
52666,128,129,-1,1
52667,88,83,5,5
52668,70,74,-4,4
52669,63,63,0,0
52670,148,130,18,18
52671,89,97,-8,8
52672,152,155,-3,3
52673,62,63,-1,1
52674,141,122,19,19
52675,48,51,-3,3
52676,185,180,5,5
52677,89,86,3,3
52678,87,86,1,1
52679,50,63,-13,13
52680,79,72,7,7
52681,124,138,-14,14
52682,109,106,3,3
52683,54,55,-1,1
52684,90,88,2,2
52685,85,88,-3,3
52686,35,97,-62,62
52687,86,84,2,2
52688,47,53,-6,6
52689,103,97,6,6
52690,105,108,-3,3
52691,47,57,-10,10
52692,44,38,6,6
52693,137,132,5,5
52694,69,77,-8,8
52695,47,48,-1,1
52696,63,61,2,2
52697,118,119,-1,1
52698,83,89,-6,6
52699,80,94,-14,14
52700,119,98,21,21
52701,107,118,-11,11
52702,100,114,-14,14
52703,96,103,-7,7
52704,90,104,-14,14
52705,136,133,3,3
52706,142,152,-10,10
52707,82,85,-3,3
52708,64,55,9,9
52709,89,91,-2,2
52710,49,54,-5,5
52711,138,130,8,8
52712,74,63,11,11
52713,55,67,-12,12
52714,147,132,15,15
52715,87,93,-6,6
52716,67,79,-12,12
52717,90,83,7,7
52718,72,89,-17,17
52719,110,109,1,1
52720,166,175,-9,9
52721,128,108,20,20
52722,70,78,-8,8
52723,95,98,-3,3
52724,58,53,5,5
52725,95,96,-1,1
52726,78,84,-6,6
52727,99,105,-6,6
52728,79,75,4,4
52729,96,87,9,9
52730,87,84,3,3
52731,57,61,-4,4
52732,67,64,3,3
52733,84,92,-8,8
52734,73,75,-2,2
52735,77,75,2,2
52736,65,62,3,3
52737,34,38,-4,4
52738,103,101,2,2
52739,117,124,-7,7
52740,73,67,6,6
52741,121,116,5,5
52742,67,70,-3,3
52743,118,100,18,18
52744,145,148,-3,3
52745,83,82,1,1
52746,105,103,2,2
52747,81,69,12,12
52748,92,94,-2,2
52749,44,39,5,5
52750,104,104,0,0
52751,45,39,6,6
52752,96,92,4,4
52753,115,121,-6,6
52754,91,97,-6,6
52755,64,76,-12,12
52756,63,61,2,2
52757,83,87,-4,4
52758,126,130,-4,4
52759,57,62,-5,5
52760,209,200,9,9
52761,153,140,13,13
52762,57,60,-3,3
52763,70,64,6,6
52764,118,128,-10,10
52765,110,113,-3,3
52766,63,57,6,6
52767,117,113,4,4
52768,151,133,18,18
52769,135,150,-15,15
52770,75,72,3,3
52771,121,115,6,6
52772,142,151,-9,9
52773,107,104,3,3
52774,87,90,-3,3
52775,83,88,-5,5
52776,54,45,9,9
52777,120,119,1,1
52778,75,77,-2,2
52779,116,118,-2,2
52780,80,81,-1,1
52781,132,142,-10,10
52782,61,65,-4,4
52783,70,75,-5,5
52784,57,42,15,15
52785,137,136,1,1
52786,112,99,13,13
52787,77,77,0,0
52788,78,80,-2,2
52789,94,99,-5,5
52790,85,89,-4,4
52791,61,60,1,1
52792,80,81,-1,1
52793,116,107,9,9
52794,64,84,-20,20
52795,69,70,-1,1
52796,124,109,15,15
52797,78,67,11,11
52798,109,115,-6,6
52799,90,85,5,5
52800,148,148,0,0
52801,64,67,-3,3
52802,59,59,0,0
52803,42,38,4,4
52804,132,131,1,1
52805,132,130,2,2
52806,68,59,9,9
52807,173,188,-15,15
52808,73,70,3,3
52809,88,88,0,0
52810,95,90,5,5
52811,56,54,2,2
52812,83,72,11,11
52813,131,136,-5,5
52814,65,71,-6,6
52815,77,76,1,1
52816,110,118,-8,8
52817,80,109,-29,29
52818,76,68,8,8
52819,73,71,2,2
52820,66,68,-2,2
52821,149,139,10,10
52822,55,60,-5,5
52823,60,55,5,5
52824,151,154,-3,3
52825,112,122,-10,10
52826,67,63,4,4
52827,67,83,-16,16
52828,77,84,-7,7
52829,114,121,-7,7
52830,123,136,-13,13
52831,83,80,3,3
52832,42,55,-13,13
52833,104,112,-8,8
52834,90,91,-1,1
52835,107,118,-11,11
52836,153,142,11,11
52837,68,68,0,0
52838,41,50,-9,9
52839,82,83,-1,1
52840,55,55,0,0
52841,114,109,5,5
52842,92,89,3,3
52843,90,92,-2,2
52844,70,69,1,1
52845,75,81,-6,6
52846,112,95,17,17
52847,76,80,-4,4
52848,107,82,25,25
52849,96,97,-1,1
52850,107,105,2,2
52851,46,38,8,8
52852,103,115,-12,12
52853,122,120,2,2
52854,117,115,2,2
52855,69,81,-12,12
52856,100,103,-3,3
52857,70,60,10,10
52858,96,107,-11,11
52859,89,88,1,1
52860,112,116,-4,4
52861,93,110,-17,17
52862,104,101,3,3
52863,79,78,1,1
52864,150,140,10,10
52865,145,143,2,2
52866,135,140,-5,5
52867,61,60,1,1
52868,75,78,-3,3
52869,63,58,5,5
52870,77,81,-4,4
52871,115,121,-6,6
52872,94,91,3,3
52873,60,57,3,3
52874,99,102,-3,3
52875,162,173,-11,11
52876,89,95,-6,6
52877,84,89,-5,5
52878,90,100,-10,10
52879,132,127,5,5
52880,106,102,4,4
52881,50,39,11,11
52882,66,63,3,3
52883,153,147,6,6
52884,55,53,2,2
52885,92,90,2,2
52886,113,116,-3,3
52887,54,56,-2,2
52888,132,129,3,3
52889,116,102,14,14
52890,88,223,-135,135
52891,127,125,2,2
52892,80,86,-6,6
52893,125,114,11,11
52894,108,101,7,7
52895,104,106,-2,2
52896,62,66,-4,4
52897,76,79,-3,3
52898,77,81,-4,4
52899,120,116,4,4
52900,71,72,-1,1
52901,54,66,-12,12
52902,115,122,-7,7
52903,138,146,-8,8
52904,95,90,5,5
52905,31,39,-8,8
52906,46,39,7,7
52907,147,134,13,13
52908,129,141,-12,12
52909,82,68,14,14
52910,81,86,-5,5
52911,62,62,0,0
52912,140,137,3,3
52913,101,101,0,0
52914,120,109,11,11
52915,48,48,0,0
52916,132,128,4,4
52917,164,155,9,9
52918,48,57,-9,9
52919,81,95,-14,14
52920,74,77,-3,3
52921,79,92,-13,13
52922,97,98,-1,1
52923,81,90,-9,9
52924,47,51,-4,4
52925,97,103,-6,6
52926,59,65,-6,6
52927,68,63,5,5
52928,67,67,0,0
52929,66,64,2,2
52930,143,131,12,12
52931,88,87,1,1
52932,96,96,0,0
52933,169,146,23,23
52934,106,96,10,10
52935,106,110,-4,4
52936,78,82,-4,4
52937,107,113,-6,6
52938,132,141,-9,9
52939,88,76,12,12
52940,68,78,-10,10
52941,104,101,3,3
52942,79,71,8,8
52943,96,90,6,6
52944,159,159,0,0
52945,133,139,-6,6
52946,81,85,-4,4
52947,67,77,-10,10
52948,86,91,-5,5
52949,75,73,2,2
52950,106,110,-4,4
52951,55,60,-5,5
52952,167,151,16,16
52953,33,39,-6,6
52954,114,129,-15,15
52955,153,136,17,17
52956,76,77,-1,1
52957,74,80,-6,6
52958,152,160,-8,8
52959,176,144,32,32
52960,86,84,2,2
52961,191,177,14,14
52962,116,117,-1,1
52963,87,84,3,3
52964,133,133,0,0
52965,131,138,-7,7
52966,96,94,2,2
52967,113,120,-7,7
52968,52,51,1,1
52969,68,79,-11,11
52970,110,109,1,1
52971,58,57,1,1
52972,104,123,-19,19
52973,93,93,0,0
52974,118,122,-4,4
52975,92,95,-3,3
52976,77,80,-3,3
52977,43,39,4,4
52978,19,39,-20,20
52979,156,142,14,14
52980,145,146,-1,1
52981,85,92,-7,7
52982,85,73,12,12
52983,121,114,7,7
52984,76,73,3,3
52985,137,146,-9,9
52986,76,78,-2,2
52987,91,88,3,3
52988,93,88,5,5
52989,133,143,-10,10
52990,128,120,8,8
52991,106,109,-3,3
52992,77,80,-3,3
52993,104,99,5,5
52994,82,81,1,1
52995,77,79,-2,2
52996,91,104,-13,13
52997,73,97,-24,24
52998,144,138,6,6
52999,103,99,4,4
53000,97,113,-16,16
53001,238,219,19,19
53002,87,85,2,2
53003,135,129,6,6
53004,63,62,1,1
53005,95,91,4,4
53006,42,39,3,3
53007,69,73,-4,4
53008,98,92,6,6
53009,147,148,-1,1
53010,108,117,-9,9
53011,52,52,0,0
53012,69,65,4,4
53013,92,77,15,15
53014,129,132,-3,3
53015,83,86,-3,3
53016,108,115,-7,7
53017,126,135,-9,9
53018,84,83,1,1
53019,86,72,14,14
53020,82,103,-21,21
53021,88,90,-2,2
53022,101,89,12,12
53023,130,121,9,9
53024,83,84,-1,1
53025,118,128,-10,10
53026,106,104,2,2
53027,108,114,-6,6
53028,85,69,16,16
53029,133,129,4,4
53030,77,71,6,6
53031,110,102,8,8
53032,71,82,-11,11
53033,72,79,-7,7
53034,44,39,5,5
53035,69,63,6,6
53036,106,102,4,4
53037,103,100,3,3
53038,82,75,7,7
53039,119,131,-12,12
53040,94,98,-4,4
53041,67,67,0,0
53042,81,76,5,5
53043,102,101,1,1
53044,68,65,3,3
53045,154,143,11,11
53046,80,74,6,6
53047,120,115,5,5
53048,59,72,-13,13
53049,149,151,-2,2
53050,66,71,-5,5
53051,80,65,15,15
53052,61,64,-3,3
53053,40,49,-9,9
53054,80,86,-6,6
53055,54,55,-1,1
53056,90,107,-17,17
53057,107,102,5,5
53058,62,62,0,0
53059,157,170,-13,13
53060,113,110,3,3
53061,107,122,-15,15
53062,87,74,13,13
53063,90,91,-1,1
53064,155,148,7,7
53065,37,51,-14,14
53066,66,69,-3,3
53067,92,99,-7,7
53068,74,71,3,3
53069,38,38,0,0
53070,83,75,8,8
53071,90,101,-11,11
53072,262,323,-61,61
53073,83,83,0,0
53074,65,62,3,3
53075,84,79,5,5
53076,50,50,0,0
53077,95,104,-9,9
53078,80,87,-7,7
53079,135,129,6,6
53080,75,71,4,4
53081,79,83,-4,4
53082,179,179,0,0
53083,119,119,0,0
53084,89,77,12,12
53085,58,64,-6,6
53086,98,105,-7,7
53087,58,59,-1,1
53088,62,60,2,2
53089,65,65,0,0
53090,90,89,1,1
53091,134,125,9,9
53092,61,63,-2,2
53093,142,139,3,3
53094,71,76,-5,5
53095,147,125,22,22
53096,122,124,-2,2
53097,151,146,5,5
53098,105,106,-1,1
53099,56,57,-1,1
53100,124,130,-6,6
53101,140,151,-11,11
53102,107,105,2,2
53103,103,108,-5,5
53104,98,90,8,8
53105,63,57,6,6
53106,51,56,-5,5
53107,81,81,0,0
53108,65,70,-5,5
53109,150,148,2,2
53110,134,134,0,0
53111,46,39,7,7
53112,120,108,12,12
53113,80,85,-5,5
53114,93,93,0,0
53115,176,163,13,13
53116,115,124,-9,9
53117,128,130,-2,2
53118,143,135,8,8
53119,55,54,1,1
53120,85,75,10,10
53121,102,95,7,7
53122,54,54,0,0
53123,151,128,23,23
53124,83,77,6,6
53125,47,43,4,4
53126,80,76,4,4
53127,126,121,5,5
53128,105,112,-7,7
53129,103,110,-7,7
53130,70,74,-4,4
53131,64,62,2,2
53132,116,117,-1,1
53133,124,138,-14,14
53134,89,87,2,2
53135,73,77,-4,4
53136,131,138,-7,7
53137,120,111,9,9
53138,102,98,4,4
53139,88,84,4,4
53140,82,82,0,0
53141,88,87,1,1
53142,135,116,19,19
53143,119,116,3,3
53144,67,73,-6,6
53145,55,53,2,2
53146,170,171,-1,1
53147,125,134,-9,9
53148,132,120,12,12
53149,146,148,-2,2
53150,83,81,2,2
53151,85,81,4,4
53152,101,99,2,2
53153,84,88,-4,4
53154,135,133,2,2
53155,54,53,1,1
53156,74,61,13,13
53157,72,73,-1,1
53158,112,95,17,17
53159,137,141,-4,4
53160,82,74,8,8
53161,121,110,11,11
53162,83,86,-3,3
53163,112,121,-9,9
53164,66,58,8,8
53165,90,86,4,4
53166,111,118,-7,7
53167,70,75,-5,5
53168,98,105,-7,7
53169,101,99,2,2
53170,108,101,7,7
53171,77,77,0,0
53172,94,100,-6,6
53173,77,84,-7,7
53174,52,62,-10,10
53175,114,119,-5,5
53176,79,83,-4,4
53177,43,52,-9,9
53178,110,100,10,10
53179,51,56,-5,5
53180,81,78,3,3
53181,122,115,7,7
53182,128,136,-8,8
53183,92,110,-18,18
53184,111,109,2,2
53185,106,98,8,8
53186,56,58,-2,2
53187,137,127,10,10
53188,75,68,7,7
53189,71,67,4,4
53190,67,67,0,0
53191,89,88,1,1
53192,96,99,-3,3
53193,106,109,-3,3
53194,71,67,4,4
53195,128,119,9,9
53196,63,66,-3,3
53197,82,75,7,7
53198,67,65,2,2
53199,80,80,0,0
53200,124,120,4,4
53201,117,113,4,4
53202,115,129,-14,14
53203,107,110,-3,3
53204,65,64,1,1
53205,119,122,-3,3
53206,88,99,-11,11
53207,53,58,-5,5
53208,156,149,7,7
53209,71,68,3,3
53210,89,89,0,0
53211,88,78,10,10
53212,113,109,4,4
53213,43,38,5,5
53214,106,106,0,0
53215,85,85,0,0
53216,108,130,-22,22
53217,70,59,11,11
53218,163,160,3,3
53219,102,103,-1,1
53220,74,74,0,0
53221,60,60,0,0
53222,107,103,4,4
53223,59,71,-12,12
53224,90,77,13,13
53225,134,129,5,5
53226,159,157,2,2
53227,99,91,8,8
53228,75,76,-1,1
53229,62,57,5,5
53230,93,91,2,2
53231,101,100,1,1
53232,61,63,-2,2
53233,88,74,14,14
53234,99,109,-10,10
53235,45,44,1,1
53236,65,68,-3,3
53237,120,111,9,9
53238,85,86,-1,1
53239,76,80,-4,4
53240,111,106,5,5
53241,75,80,-5,5
53242,96,98,-2,2
53243,134,122,12,12
53244,62,54,8,8
53245,69,64,5,5
53246,95,95,0,0
53247,93,88,5,5
53248,73,77,-4,4
53249,89,78,11,11
53250,59,52,7,7
53251,73,65,8,8
53252,115,117,-2,2
53253,86,85,1,1
53254,141,164,-23,23
53255,109,132,-23,23
53256,112,104,8,8
53257,74,80,-6,6
53258,57,58,-1,1
53259,61,63,-2,2
53260,104,106,-2,2
53261,111,97,14,14
53262,80,81,-1,1
53263,107,102,5,5
53264,43,38,5,5
53265,71,78,-7,7
53266,54,55,-1,1
53267,74,83,-9,9
53268,77,71,6,6
53269,86,101,-15,15
53270,65,66,-1,1
53271,103,92,11,11
53272,67,72,-5,5
53273,77,66,11,11
53274,53,60,-7,7
53275,128,112,16,16
53276,75,79,-4,4
53277,111,137,-26,26
53278,94,94,0,0
53279,93,92,1,1
53280,131,117,14,14
53281,61,91,-30,30
53282,69,70,-1,1
53283,70,61,9,9
53284,50,53,-3,3
53285,69,63,6,6
53286,101,94,7,7
53287,86,78,8,8
53288,98,94,4,4
53289,140,103,37,37
53290,88,88,0,0
53291,51,52,-1,1
53292,72,79,-7,7
53293,109,115,-6,6
53294,67,79,-12,12
53295,114,110,4,4
53296,98,94,4,4
53297,98,111,-13,13
53298,107,118,-11,11
53299,133,148,-15,15
53300,161,167,-6,6
53301,161,145,16,16
53302,125,125,0,0
53303,90,91,-1,1
53304,112,118,-6,6
53305,61,62,-1,1
53306,186,190,-4,4
53307,102,115,-13,13
53308,273,269,4,4
53309,125,132,-7,7
53310,124,132,-8,8
53311,115,110,5,5
53312,86,84,2,2
53313,67,66,1,1
53314,90,94,-4,4
53315,146,142,4,4
53316,64,63,1,1
53317,78,73,5,5
53318,73,69,4,4
53319,132,126,6,6
53320,78,80,-2,2
53321,108,119,-11,11
53322,72,68,4,4
53323,112,123,-11,11
53324,110,111,-1,1
53325,157,151,6,6
53326,87,83,4,4
53327,63,58,5,5
53328,47,38,9,9
53329,55,64,-9,9
53330,57,54,3,3
53331,77,83,-6,6
53332,73,69,4,4
53333,52,53,-1,1
53334,60,77,-17,17
53335,171,190,-19,19
53336,153,148,5,5
53337,128,129,-1,1
53338,101,99,2,2
53339,58,58,0,0
53340,67,63,4,4
53341,58,63,-5,5
53342,69,67,2,2
53343,198,176,22,22
53344,85,77,8,8
53345,96,85,11,11
53346,68,93,-25,25
53347,80,76,4,4
53348,56,61,-5,5
53349,67,67,0,0
53350,57,56,1,1
53351,39,39,0,0
53352,81,86,-5,5
53353,117,117,0,0
53354,104,109,-5,5
53355,105,114,-9,9
53356,83,82,1,1
53357,135,143,-8,8
53358,76,66,10,10
53359,122,115,7,7
53360,78,81,-3,3
53361,37,37,0,0
53362,134,126,8,8
53363,71,63,8,8
53364,119,116,3,3
53365,23,37,-14,14
53366,145,143,2,2
53367,99,100,-1,1
53368,70,78,-8,8
53369,41,60,-19,19
53370,82,92,-10,10
53371,102,96,6,6
53372,64,62,2,2
53373,60,60,0,0
53374,157,152,5,5
53375,144,131,13,13
53376,107,109,-2,2
53377,108,117,-9,9
53378,79,82,-3,3
53379,77,87,-10,10
53380,102,100,2,2
53381,62,63,-1,1
53382,87,92,-5,5
53383,156,147,9,9
53384,59,56,3,3
53385,54,55,-1,1
53386,114,121,-7,7
53387,87,101,-14,14
53388,132,134,-2,2
53389,135,135,0,0
53390,126,115,11,11
53391,105,109,-4,4
53392,95,103,-8,8
53393,101,98,3,3
53394,51,57,-6,6
53395,63,71,-8,8
53396,149,149,0,0
53397,72,63,9,9
53398,147,143,4,4
53399,67,64,3,3
53400,106,116,-10,10
53401,98,106,-8,8
53402,100,93,7,7
53403,93,105,-12,12
53404,69,72,-3,3
53405,116,137,-21,21
53406,88,86,2,2
53407,114,140,-26,26
53408,53,55,-2,2
53409,55,55,0,0
53410,86,95,-9,9
53411,110,103,7,7
53412,82,82,0,0
53413,87,82,5,5
53414,60,55,5,5
53415,59,57,2,2
53416,72,64,8,8
53417,99,90,9,9
53418,111,97,14,14
53419,105,107,-2,2
53420,110,104,6,6
53421,56,54,2,2
53422,126,137,-11,11
53423,75,81,-6,6
53424,56,55,1,1
53425,119,139,-20,20
53426,98,97,1,1
53427,171,174,-3,3
53428,169,149,20,20
53429,126,130,-4,4
53430,194,181,13,13
53431,112,107,5,5
53432,73,70,3,3
53433,106,107,-1,1
53434,101,88,13,13
53435,119,115,4,4
53436,96,86,10,10
53437,58,54,4,4
53438,89,94,-5,5
53439,78,75,3,3
53440,85,93,-8,8
53441,87,89,-2,2
53442,70,75,-5,5
53443,50,56,-6,6
53444,51,54,-3,3
53445,91,87,4,4
53446,79,84,-5,5
53447,98,97,1,1
53448,117,130,-13,13
53449,94,104,-10,10
53450,141,136,5,5
53451,133,138,-5,5
53452,48,57,-9,9
53453,121,121,0,0
53454,90,93,-3,3
53455,50,61,-11,11
53456,69,77,-8,8
53457,90,106,-16,16
53458,83,86,-3,3
53459,89,106,-17,17
53460,84,85,-1,1
53461,72,62,10,10
53462,65,68,-3,3
53463,93,91,2,2
53464,70,65,5,5
53465,68,67,1,1
53466,128,145,-17,17
53467,102,87,15,15
53468,111,115,-4,4
53469,54,53,1,1
53470,94,103,-9,9
53471,102,97,5,5
53472,104,102,2,2
53473,90,93,-3,3
53474,96,100,-4,4
53475,119,136,-17,17
53476,80,87,-7,7
53477,77,75,2,2
53478,228,275,-47,47
53479,134,115,19,19
53480,140,159,-19,19
53481,47,40,7,7
53482,113,112,1,1
53483,58,58,0,0
53484,34,39,-5,5
53485,46,39,7,7
53486,68,61,7,7
53487,68,72,-4,4
53488,43,49,-6,6
53489,74,83,-9,9
53490,88,94,-6,6
53491,130,145,-15,15
53492,112,94,18,18
53493,91,90,1,1
53494,70,68,2,2
53495,137,136,1,1
53496,67,59,8,8
53497,90,84,6,6
53498,137,126,11,11
53499,83,91,-8,8
53500,105,116,-11,11
53501,78,83,-5,5
53502,93,78,15,15
53503,88,83,5,5
53504,65,61,4,4
53505,105,98,7,7
53506,131,141,-10,10
53507,52,51,1,1
53508,48,54,-6,6
53509,127,133,-6,6
53510,70,85,-15,15
53511,62,57,5,5
53512,119,122,-3,3
53513,75,76,-1,1
53514,90,82,8,8
53515,60,65,-5,5
53516,133,129,4,4
53517,86,82,4,4
53518,77,85,-8,8
53519,81,82,-1,1
53520,98,101,-3,3
53521,101,106,-5,5
53522,70,70,0,0
53523,86,77,9,9
53524,111,116,-5,5
53525,99,95,4,4
53526,62,61,1,1
53527,111,114,-3,3
53528,57,57,0,0
53529,93,93,0,0
53530,77,82,-5,5
53531,122,122,0,0
53532,96,100,-4,4
53533,52,54,-2,2
53534,66,58,8,8
53535,102,99,3,3
53536,79,92,-13,13
53537,83,97,-14,14
53538,90,90,0,0
53539,117,113,4,4
53540,87,89,-2,2
53541,127,117,10,10
53542,50,55,-5,5
53543,62,64,-2,2
53544,63,72,-9,9
53545,80,73,7,7
53546,111,136,-25,25
53547,53,39,14,14
53548,105,105,0,0
53549,97,90,7,7
53550,48,39,9,9
53551,66,66,0,0
53552,113,117,-4,4
53553,142,141,1,1
53554,42,38,4,4
53555,55,53,2,2
53556,111,101,10,10
53557,89,87,2,2
53558,76,89,-13,13
53559,126,119,7,7
53560,103,106,-3,3
53561,53,57,-4,4
53562,90,90,0,0
53563,66,59,7,7
53564,60,64,-4,4
53565,49,55,-6,6
53566,230,211,19,19
53567,64,58,6,6
53568,104,106,-2,2
53569,82,85,-3,3
53570,157,154,3,3
53571,53,53,0,0
53572,93,97,-4,4
53573,76,70,6,6
53574,61,68,-7,7
53575,100,92,8,8
53576,52,57,-5,5
53577,69,65,4,4
53578,117,117,0,0
53579,124,123,1,1
53580,100,106,-6,6
53581,149,128,21,21
53582,99,101,-2,2
53583,120,107,13,13
53584,79,85,-6,6
53585,177,178,-1,1
53586,62,62,0,0
53587,99,93,6,6
53588,157,149,8,8
53589,117,123,-6,6
53590,98,96,2,2
53591,68,64,4,4
53592,85,82,3,3
53593,91,103,-12,12
53594,106,97,9,9
53595,129,126,3,3
53596,134,124,10,10
53597,85,82,3,3
53598,122,129,-7,7
53599,89,90,-1,1
53600,46,51,-5,5
53601,91,95,-4,4
53602,136,138,-2,2
53603,52,51,1,1
53604,98,104,-6,6
53605,98,92,6,6
53606,129,128,1,1
53607,49,42,7,7
53608,75,70,5,5
53609,70,72,-2,2
53610,102,95,7,7
53611,114,111,3,3
53612,31,38,-7,7
53613,120,118,2,2
53614,108,109,-1,1
53615,84,90,-6,6
53616,61,61,0,0
53617,150,154,-4,4
53618,52,83,-31,31
53619,44,38,6,6
53620,71,76,-5,5
53621,62,65,-3,3
53622,74,79,-5,5
53623,100,100,0,0
53624,83,90,-7,7
53625,82,87,-5,5
53626,149,136,13,13
53627,113,124,-11,11
53628,99,91,8,8
53629,94,96,-2,2
53630,77,83,-6,6
53631,116,131,-15,15
53632,154,159,-5,5
53633,84,86,-2,2
53634,116,104,12,12
53635,169,167,2,2
53636,126,126,0,0
53637,31,39,-8,8
53638,84,83,1,1
53639,81,77,4,4
53640,109,106,3,3
53641,96,99,-3,3
53642,78,74,4,4
53643,100,100,0,0
53644,101,100,1,1
53645,63,68,-5,5
53646,118,117,1,1
53647,119,115,4,4
53648,70,63,7,7
53649,82,75,7,7
53650,57,53,4,4
53651,89,93,-4,4
53652,124,116,8,8
53653,67,69,-2,2
53654,87,81,6,6
53655,115,109,6,6
53656,76,69,7,7
53657,63,62,1,1
53658,105,100,5,5
53659,77,73,4,4
53660,124,128,-4,4
53661,84,78,6,6
53662,52,38,14,14
53663,55,54,1,1
53664,120,114,6,6
53665,206,186,20,20
53666,67,72,-5,5
53667,93,95,-2,2
53668,67,67,0,0
53669,71,63,8,8
53670,87,78,9,9
53671,72,65,7,7
53672,108,106,2,2
53673,116,112,4,4
53674,62,56,6,6
53675,61,68,-7,7
53676,57,58,-1,1
53677,100,96,4,4
53678,78,67,11,11
53679,93,94,-1,1
53680,102,104,-2,2
53681,187,193,-6,6
53682,88,81,7,7
53683,100,102,-2,2
53684,169,171,-2,2
53685,160,175,-15,15
53686,142,139,3,3
53687,146,151,-5,5
53688,81,87,-6,6
53689,41,38,3,3
53690,111,95,16,16
53691,124,119,5,5
53692,114,120,-6,6
53693,133,146,-13,13
53694,88,76,12,12
53695,90,87,3,3
53696,76,73,3,3
53697,83,94,-11,11
53698,130,131,-1,1
53699,48,59,-11,11
53700,85,99,-14,14
53701,77,76,1,1
53702,130,133,-3,3
53703,118,106,12,12
53704,106,105,1,1
53705,67,69,-2,2
53706,111,113,-2,2
53707,94,88,6,6
53708,69,68,1,1
53709,76,92,-16,16
53710,96,88,8,8
53711,84,78,6,6
53712,144,122,22,22
53713,66,78,-12,12
53714,86,84,2,2
53715,56,62,-6,6
53716,103,113,-10,10
53717,154,147,7,7
53718,80,76,4,4
53719,89,86,3,3
53720,63,65,-2,2
53721,90,94,-4,4
53722,102,95,7,7
53723,132,133,-1,1
53724,103,106,-3,3
53725,138,138,0,0
53726,107,105,2,2
53727,84,88,-4,4
53728,158,149,9,9
53729,143,146,-3,3
53730,83,86,-3,3
53731,101,96,5,5
53732,42,49,-7,7
53733,156,150,6,6
53734,96,103,-7,7
53735,124,133,-9,9
53736,91,91,0,0
53737,139,136,3,3
53738,80,77,3,3
53739,95,93,2,2
53740,95,91,4,4
53741,83,87,-4,4
53742,88,92,-4,4
53743,120,123,-3,3
53744,79,82,-3,3
53745,114,110,4,4
53746,54,56,-2,2
53747,72,83,-11,11
53748,122,112,10,10
53749,125,130,-5,5
53750,100,100,0,0
53751,90,101,-11,11
53752,92,91,1,1
53753,85,85,0,0
53754,115,113,2,2
53755,76,69,7,7
53756,94,109,-15,15
53757,128,122,6,6
53758,49,85,-36,36
53759,134,127,7,7
53760,114,115,-1,1
53761,75,72,3,3
53762,71,65,6,6
53763,131,131,0,0
53764,110,107,3,3
53765,113,105,8,8
53766,79,89,-10,10
53767,90,86,4,4
53768,112,99,13,13
53769,92,95,-3,3
53770,141,136,5,5
53771,46,48,-2,2
53772,103,102,1,1
53773,124,127,-3,3
53774,98,96,2,2
53775,106,93,13,13
53776,95,85,10,10
53777,50,53,-3,3
53778,98,92,6,6
53779,127,127,0,0
53780,147,150,-3,3
53781,136,131,5,5
53782,68,64,4,4
53783,133,131,2,2
53784,112,113,-1,1
53785,73,65,8,8
53786,104,108,-4,4
53787,118,117,1,1
53788,84,94,-10,10
53789,66,66,0,0
53790,74,70,4,4
53791,71,61,10,10
53792,122,118,4,4
53793,88,90,-2,2
53794,90,96,-6,6
53795,44,43,1,1
53796,68,82,-14,14
53797,72,78,-6,6
53798,141,138,3,3
53799,84,110,-26,26
53800,120,117,3,3
53801,46,39,7,7
53802,59,58,1,1
53803,136,131,5,5
53804,47,38,9,9
53805,57,60,-3,3
53806,64,80,-16,16
53807,114,99,15,15
53808,75,66,9,9
53809,72,76,-4,4
53810,58,51,7,7
53811,70,71,-1,1
53812,146,139,7,7
53813,83,100,-17,17
53814,116,134,-18,18
53815,143,148,-5,5
53816,118,105,13,13
53817,200,187,13,13
53818,116,105,11,11
53819,124,119,5,5
53820,142,148,-6,6
53821,184,167,17,17
53822,137,132,5,5
53823,76,61,15,15
53824,96,92,4,4
53825,52,52,0,0
53826,91,84,7,7
53827,55,54,1,1
53828,95,87,8,8
53829,59,62,-3,3
53830,145,154,-9,9
53831,84,71,13,13
53832,112,116,-4,4
53833,63,72,-9,9
53834,60,64,-4,4
53835,134,133,1,1
53836,88,81,7,7
53837,72,73,-1,1
53838,107,117,-10,10
53839,74,70,4,4
53840,94,83,11,11
53841,84,79,5,5
53842,55,70,-15,15
53843,30,38,-8,8
53844,31,39,-8,8
53845,77,83,-6,6
53846,74,72,2,2
53847,99,87,12,12
53848,148,146,2,2
53849,70,78,-8,8
53850,86,80,6,6
53851,124,144,-20,20
53852,144,144,0,0
53853,77,70,7,7
53854,117,111,6,6
53855,78,70,8,8
53856,53,63,-10,10
53857,105,101,4,4
53858,79,65,14,14
53859,127,120,7,7
53860,94,86,8,8
53861,159,166,-7,7
53862,90,90,0,0
53863,71,77,-6,6
53864,156,150,6,6
53865,140,143,-3,3
53866,57,38,19,19
53867,91,90,1,1
53868,61,61,0,0
53869,91,96,-5,5
53870,54,55,-1,1
53871,78,80,-2,2
53872,133,118,15,15
53873,121,111,10,10
53874,151,154,-3,3
53875,119,116,3,3
53876,76,109,-33,33
53877,98,91,7,7
53878,97,94,3,3
53879,41,39,2,2
53880,149,170,-21,21
53881,119,121,-2,2
53882,80,82,-2,2
53883,67,62,5,5
53884,70,72,-2,2
53885,120,115,5,5
53886,125,127,-2,2
53887,76,78,-2,2
53888,77,83,-6,6
53889,89,93,-4,4
53890,63,58,5,5
53891,163,161,2,2
53892,51,42,9,9
53893,68,62,6,6
53894,131,137,-6,6
53895,109,109,0,0
53896,61,55,6,6
53897,118,133,-15,15
53898,103,103,0,0
53899,137,119,18,18
53900,93,89,4,4
53901,116,101,15,15
53902,61,62,-1,1
53903,80,84,-4,4
53904,88,90,-2,2
53905,121,132,-11,11
53906,63,64,-1,1
53907,150,147,3,3
53908,130,130,0,0
53909,112,110,2,2
53910,48,52,-4,4
53911,159,161,-2,2
53912,75,69,6,6
53913,66,70,-4,4
53914,75,74,1,1
53915,70,67,3,3
53916,80,73,7,7
53917,95,96,-1,1
53918,57,56,1,1
53919,79,71,8,8
53920,69,63,6,6
53921,60,50,10,10
53922,115,108,7,7
53923,121,98,23,23
53924,71,61,10,10
53925,88,81,7,7
53926,97,98,-1,1
53927,56,59,-3,3
53928,107,99,8,8
53929,35,39,-4,4
53930,112,114,-2,2
53931,74,77,-3,3
53932,80,81,-1,1
53933,89,103,-14,14
53934,81,89,-8,8
53935,142,145,-3,3
53936,109,113,-4,4
53937,118,108,10,10
53938,93,91,2,2
53939,127,129,-2,2
53940,84,87,-3,3
53941,135,137,-2,2
53942,128,129,-1,1
53943,88,82,6,6
53944,77,85,-8,8
53945,73,78,-5,5
53946,92,87,5,5
53947,163,169,-6,6
53948,117,111,6,6
53949,186,187,-1,1
53950,118,128,-10,10
53951,79,65,14,14
53952,81,85,-4,4
53953,114,133,-19,19
53954,83,81,2,2
53955,89,78,11,11
53956,139,144,-5,5
53957,85,88,-3,3
53958,52,56,-4,4
53959,112,104,8,8
53960,79,82,-3,3
53961,90,92,-2,2
53962,102,103,-1,1
53963,86,85,1,1
53964,83,79,4,4
53965,149,141,8,8
53966,50,53,-3,3
53967,73,69,4,4
53968,66,65,1,1
53969,106,109,-3,3
53970,78,71,7,7
53971,85,86,-1,1
53972,97,106,-9,9
53973,50,38,12,12
53974,126,139,-13,13
53975,83,90,-7,7
53976,98,91,7,7
53977,75,72,3,3
53978,93,93,0,0
53979,143,133,10,10
53980,142,129,13,13
53981,55,59,-4,4
53982,68,63,5,5
53983,61,58,3,3
53984,68,66,2,2
53985,119,103,16,16
53986,85,81,4,4
53987,56,50,6,6
53988,105,113,-8,8
53989,74,71,3,3
53990,61,58,3,3
53991,125,129,-4,4
53992,49,49,0,0
53993,117,128,-11,11
53994,109,112,-3,3
53995,108,126,-18,18
53996,153,168,-15,15
53997,59,56,3,3
53998,173,165,8,8
53999,90,89,1,1
54000,102,100,2,2
54001,53,55,-2,2
54002,91,98,-7,7
54003,162,133,29,29
54004,129,130,-1,1
54005,110,109,1,1
54006,80,70,10,10
54007,94,86,8,8
54008,107,106,1,1
54009,57,61,-4,4
54010,109,110,-1,1
54011,73,73,0,0
54012,229,218,11,11
54013,170,176,-6,6
54014,70,65,5,5
54015,104,109,-5,5
54016,83,81,2,2
54017,101,98,3,3
54018,86,92,-6,6
54019,108,112,-4,4
54020,96,96,0,0
54021,80,86,-6,6
54022,68,67,1,1
54023,91,87,4,4
54024,112,115,-3,3
54025,122,118,4,4
54026,132,123,9,9
54027,96,98,-2,2
54028,81,88,-7,7
54029,80,94,-14,14
54030,101,96,5,5
54031,117,114,3,3
54032,100,95,5,5
54033,83,100,-17,17
54034,93,92,1,1
54035,103,106,-3,3
54036,48,55,-7,7
54037,110,106,4,4
54038,128,122,6,6
54039,37,39,-2,2
54040,110,119,-9,9
54041,94,94,0,0
54042,127,146,-19,19
54043,70,65,5,5
54044,112,109,3,3
54045,189,196,-7,7
54046,95,103,-8,8
54047,123,129,-6,6
54048,152,153,-1,1
54049,85,84,1,1
54050,60,65,-5,5
54051,74,67,7,7
54052,89,91,-2,2
54053,97,96,1,1
54054,159,150,9,9
54055,90,94,-4,4
54056,76,76,0,0
54057,83,94,-11,11
54058,71,79,-8,8
54059,105,94,11,11
54060,102,104,-2,2
54061,161,155,6,6
54062,123,113,10,10
54063,85,87,-2,2
54064,41,39,2,2
54065,165,158,7,7
54066,60,92,-32,32
54067,123,126,-3,3
54068,59,53,6,6
54069,51,48,3,3
54070,160,166,-6,6
54071,134,151,-17,17
54072,87,92,-5,5
54073,91,91,0,0
54074,52,54,-2,2
54075,111,107,4,4
54076,139,153,-14,14
54077,65,67,-2,2
54078,96,93,3,3
54079,92,87,5,5
54080,77,87,-10,10
54081,106,115,-9,9
54082,194,197,-3,3
54083,127,124,3,3
54084,121,105,16,16
54085,140,153,-13,13
54086,129,131,-2,2
54087,59,62,-3,3
54088,82,91,-9,9
54089,59,62,-3,3
54090,98,96,2,2
54091,214,194,20,20
54092,107,110,-3,3
54093,122,131,-9,9
54094,75,71,4,4
54095,52,47,5,5
54096,129,122,7,7
54097,59,57,2,2
54098,64,56,8,8
54099,144,139,5,5
54100,99,97,2,2
54101,156,150,6,6
54102,173,174,-1,1
54103,82,83,-1,1
54104,145,134,11,11
54105,105,98,7,7
54106,102,110,-8,8
54107,69,66,3,3
54108,51,54,-3,3
54109,44,40,4,4
54110,30,38,-8,8
54111,118,108,10,10
54112,85,81,4,4
54113,70,70,0,0
54114,61,78,-17,17
54115,69,64,5,5
54116,81,80,1,1
54117,68,60,8,8
54118,149,146,3,3
54119,47,62,-15,15
54120,53,58,-5,5
54121,143,143,0,0
54122,91,101,-10,10
54123,93,96,-3,3
54124,45,50,-5,5
54125,122,119,3,3
54126,112,107,5,5
54127,165,151,14,14
54128,57,61,-4,4
54129,101,102,-1,1
54130,54,53,1,1
54131,55,53,2,2
54132,74,68,6,6
54133,95,93,2,2
54134,58,91,-33,33
54135,114,128,-14,14
54136,73,91,-18,18
54137,81,77,4,4
54138,63,61,2,2
54139,139,155,-16,16
54140,96,95,1,1
54141,111,110,1,1
54142,157,150,7,7
54143,167,173,-6,6
54144,166,147,19,19
54145,115,120,-5,5
54146,80,74,6,6
54147,166,147,19,19
54148,89,88,1,1
54149,69,65,4,4
54150,34,38,-4,4
54151,92,89,3,3
54152,81,90,-9,9
54153,131,138,-7,7
54154,65,67,-2,2
54155,107,108,-1,1
54156,61,62,-1,1
54157,77,84,-7,7
54158,92,98,-6,6
54159,175,184,-9,9
54160,154,159,-5,5
54161,101,103,-2,2
54162,96,91,5,5
54163,82,81,1,1
54164,72,68,4,4
54165,60,59,1,1
54166,137,128,9,9
54167,44,46,-2,2
54168,77,69,8,8
54169,111,112,-1,1
54170,41,50,-9,9
54171,119,109,10,10
54172,83,85,-2,2
54173,108,101,7,7
54174,128,114,14,14
54175,76,90,-14,14
54176,41,38,3,3
54177,79,80,-1,1
54178,175,173,2,2
54179,115,108,7,7
54180,87,94,-7,7
54181,136,127,9,9
54182,76,72,4,4
54183,107,116,-9,9
54184,86,95,-9,9
54185,118,110,8,8
54186,98,95,3,3
54187,73,70,3,3
54188,176,170,6,6
54189,110,100,10,10
54190,73,71,2,2
54191,73,73,0,0
54192,109,121,-12,12
54193,96,103,-7,7
54194,128,119,9,9
54195,65,59,6,6
54196,81,87,-6,6
54197,76,75,1,1
54198,81,90,-9,9
54199,55,49,6,6
54200,93,94,-1,1
54201,138,145,-7,7
54202,127,122,5,5
54203,110,89,21,21
54204,97,93,4,4
54205,106,118,-12,12
54206,70,71,-1,1
54207,84,100,-16,16
54208,103,101,2,2
54209,109,101,8,8
54210,82,77,5,5
54211,82,83,-1,1
54212,75,72,3,3
54213,96,93,3,3
54214,74,74,0,0
54215,50,52,-2,2
54216,80,74,6,6
54217,129,141,-12,12
54218,127,132,-5,5
54219,101,114,-13,13
54220,94,93,1,1
54221,80,83,-3,3
54222,51,52,-1,1
54223,98,102,-4,4
54224,93,97,-4,4
54225,138,142,-4,4
54226,127,120,7,7
54227,115,112,3,3
54228,57,57,0,0
54229,62,61,1,1
54230,125,131,-6,6
54231,74,84,-10,10
54232,104,98,6,6
54233,112,118,-6,6
54234,101,97,4,4
54235,81,70,11,11
54236,58,60,-2,2
54237,98,89,9,9
54238,60,57,3,3
54239,60,63,-3,3
54240,119,110,9,9
54241,92,89,3,3
54242,79,84,-5,5
54243,72,70,2,2
54244,59,62,-3,3
54245,53,54,-1,1
54246,133,128,5,5
54247,81,95,-14,14
54248,167,158,9,9
54249,110,107,3,3
54250,62,62,0,0
54251,77,75,2,2
54252,81,90,-9,9
54253,108,91,17,17
54254,107,100,7,7
54255,56,54,2,2
54256,74,71,3,3
54257,55,71,-16,16
54258,41,39,2,2
54259,95,90,5,5
54260,80,86,-6,6
54261,107,107,0,0
54262,89,90,-1,1
54263,69,66,3,3
54264,89,86,3,3
54265,125,119,6,6
54266,139,147,-8,8
54267,63,64,-1,1
54268,79,86,-7,7
54269,111,118,-7,7
54270,80,84,-4,4
54271,89,98,-9,9
54272,65,60,5,5
54273,139,134,5,5
54274,105,103,2,2
54275,59,56,3,3
54276,108,97,11,11
54277,71,73,-2,2
54278,57,64,-7,7
54279,65,61,4,4
54280,66,61,5,5
54281,171,177,-6,6
54282,69,89,-20,20
54283,137,124,13,13
54284,62,64,-2,2
54285,92,90,2,2
54286,87,78,9,9
54287,131,129,2,2
54288,160,173,-13,13
54289,78,84,-6,6
54290,82,92,-10,10
54291,152,174,-22,22
54292,34,39,-5,5
54293,80,92,-12,12
54294,201,202,-1,1
54295,89,89,0,0
54296,88,94,-6,6
54297,137,135,2,2
54298,58,58,0,0
54299,87,101,-14,14
54300,106,111,-5,5
54301,67,66,1,1
54302,57,53,4,4
54303,83,75,8,8
54304,105,96,9,9
54305,187,171,16,16
54306,92,91,1,1
54307,43,39,4,4
54308,130,138,-8,8
54309,103,97,6,6
54310,79,80,-1,1
54311,176,178,-2,2
54312,120,111,9,9
54313,75,72,3,3
54314,75,72,3,3
54315,77,69,8,8
54316,87,84,3,3
54317,49,58,-9,9
54318,164,145,19,19
54319,142,133,9,9
54320,136,136,0,0
54321,51,55,-4,4
54322,79,83,-4,4
54323,173,175,-2,2
54324,118,121,-3,3
54325,75,73,2,2
54326,87,95,-8,8
54327,66,62,4,4
54328,67,68,-1,1
54329,124,120,4,4
54330,62,66,-4,4
54331,88,97,-9,9
54332,87,85,2,2
54333,125,130,-5,5
54334,107,86,21,21
54335,65,60,5,5
54336,50,55,-5,5
54337,80,72,8,8
54338,166,168,-2,2
54339,142,139,3,3
54340,171,171,0,0
54341,57,54,3,3
54342,87,88,-1,1
54343,106,96,10,10
54344,95,103,-8,8
54345,108,98,10,10
54346,105,96,9,9
54347,112,110,2,2
54348,101,89,12,12
54349,89,89,0,0
54350,49,53,-4,4
54351,84,82,2,2
54352,101,106,-5,5
54353,66,62,4,4
54354,83,78,5,5
54355,58,55,3,3
54356,85,89,-4,4
54357,91,117,-26,26
54358,53,65,-12,12
54359,94,96,-2,2
54360,97,83,14,14
54361,76,71,5,5
54362,45,56,-11,11
54363,49,47,2,2
54364,150,151,-1,1
54365,104,101,3,3
54366,111,118,-7,7
54367,68,60,8,8
54368,93,99,-6,6
54369,100,101,-1,1
54370,107,107,0,0
54371,121,123,-2,2
54372,60,65,-5,5
54373,134,139,-5,5
54374,127,125,2,2
54375,76,76,0,0
54376,122,111,11,11
54377,71,63,8,8
54378,73,83,-10,10
54379,74,68,6,6
54380,133,134,-1,1
54381,78,69,9,9
54382,60,76,-16,16
54383,112,131,-19,19
54384,87,94,-7,7
54385,105,98,7,7
54386,62,65,-3,3
54387,76,72,4,4
54388,124,116,8,8
54389,108,116,-8,8
54390,63,61,2,2
54391,192,188,4,4
54392,63,77,-14,14
54393,94,96,-2,2
54394,76,95,-19,19
54395,153,151,2,2
54396,145,140,5,5
54397,118,128,-10,10
54398,144,153,-9,9
54399,80,86,-6,6
54400,81,79,2,2
54401,167,153,14,14
54402,112,88,24,24
54403,87,93,-6,6
54404,114,86,28,28
54405,96,99,-3,3
54406,72,69,3,3
54407,148,152,-4,4
54408,105,107,-2,2
54409,138,150,-12,12
54410,80,82,-2,2
54411,79,85,-6,6
54412,92,87,5,5
54413,104,107,-3,3
54414,60,72,-12,12
54415,179,170,9,9
54416,86,85,1,1
54417,32,58,-26,26
54418,134,109,25,25
54419,71,69,2,2
54420,93,94,-1,1
54421,112,110,2,2
54422,117,118,-1,1
54423,112,110,2,2
54424,83,86,-3,3
54425,111,113,-2,2
54426,143,145,-2,2
54427,84,76,8,8
54428,58,61,-3,3
54429,78,78,0,0
54430,116,106,10,10
54431,120,110,10,10
54432,102,95,7,7
54433,155,89,66,66
54434,106,107,-1,1
54435,79,71,8,8
54436,111,117,-6,6
54437,72,69,3,3
54438,59,57,2,2
54439,139,148,-9,9
54440,119,112,7,7
54441,100,97,3,3
54442,59,69,-10,10
54443,67,73,-6,6
54444,149,156,-7,7
54445,74,70,4,4
54446,96,99,-3,3
54447,196,208,-12,12
54448,144,144,0,0
54449,101,95,6,6
54450,80,95,-15,15
54451,76,86,-10,10
54452,96,99,-3,3
54453,112,106,6,6
54454,73,94,-21,21
54455,126,128,-2,2
54456,92,90,2,2
54457,125,137,-12,12
54458,64,68,-4,4
54459,146,143,3,3
54460,77,97,-20,20
54461,148,148,0,0
54462,126,126,0,0
54463,95,99,-4,4
54464,58,54,4,4
54465,146,138,8,8
54466,148,136,12,12
54467,104,107,-3,3
54468,129,119,10,10
54469,60,53,7,7
54470,83,83,0,0
54471,67,53,14,14
54472,132,126,6,6
54473,82,91,-9,9
54474,34,52,-18,18
54475,76,82,-6,6
54476,116,124,-8,8
54477,119,127,-8,8
54478,96,100,-4,4
54479,138,129,9,9
54480,80,81,-1,1
54481,109,112,-3,3
54482,103,100,3,3
54483,57,61,-4,4
54484,41,39,2,2
54485,121,120,1,1
54486,87,81,6,6
54487,125,124,1,1
54488,82,93,-11,11
54489,36,39,-3,3
54490,63,60,3,3
54491,112,112,0,0
54492,90,82,8,8
54493,110,121,-11,11
54494,184,172,12,12
54495,97,102,-5,5
54496,64,67,-3,3
54497,115,105,10,10
54498,85,83,2,2
54499,60,61,-1,1
54500,68,76,-8,8
54501,118,117,1,1
54502,56,67,-11,11
54503,49,64,-15,15
54504,92,95,-3,3
54505,62,62,0,0
54506,131,126,5,5
54507,125,128,-3,3
54508,146,152,-6,6
54509,78,80,-2,2
54510,69,66,3,3
54511,76,68,8,8
54512,66,66,0,0
54513,71,72,-1,1
54514,97,102,-5,5
54515,264,257,7,7
54516,38,38,0,0
54517,134,145,-11,11
54518,70,65,5,5
54519,67,66,1,1
54520,128,127,1,1
54521,138,109,29,29
54522,101,119,-18,18
54523,76,74,2,2
54524,42,39,3,3
54525,138,125,13,13
54526,126,119,7,7
54527,80,74,6,6
54528,61,60,1,1
54529,105,94,11,11
54530,113,112,1,1
54531,96,99,-3,3
54532,97,97,0,0
54533,74,87,-13,13
54534,129,133,-4,4
54535,83,79,4,4
54536,87,83,4,4
54537,72,66,6,6
54538,120,113,7,7
54539,95,117,-22,22
54540,62,67,-5,5
54541,54,55,-1,1
54542,80,85,-5,5
54543,109,100,9,9
54544,90,84,6,6
54545,30,38,-8,8
54546,103,100,3,3
54547,91,103,-12,12
54548,92,84,8,8
54549,79,87,-8,8
54550,120,120,0,0
54551,131,125,6,6
54552,91,92,-1,1
54553,64,62,2,2
54554,106,109,-3,3
54555,81,83,-2,2
54556,86,83,3,3
54557,190,203,-13,13
54558,80,75,5,5
54559,108,116,-8,8
54560,136,147,-11,11
54561,84,85,-1,1
54562,122,123,-1,1
54563,80,72,8,8
54564,80,73,7,7
54565,143,140,3,3
54566,31,37,-6,6
54567,96,95,1,1
54568,74,64,10,10
54569,130,127,3,3
54570,99,97,2,2
54571,90,99,-9,9
54572,89,81,8,8
54573,122,109,13,13
54574,116,117,-1,1
54575,111,118,-7,7
54576,129,125,4,4
54577,97,100,-3,3
54578,122,108,14,14
54579,94,119,-25,25
54580,78,85,-7,7
54581,101,98,3,3
54582,77,84,-7,7
54583,99,108,-9,9
54584,91,108,-17,17
54585,74,72,2,2
54586,120,117,3,3
54587,109,102,7,7
54588,54,59,-5,5
54589,105,98,7,7
54590,140,152,-12,12
54591,175,172,3,3
54592,103,92,11,11
54593,80,85,-5,5
54594,71,74,-3,3
54595,101,98,3,3
54596,91,93,-2,2
54597,75,85,-10,10
54598,51,52,-1,1
54599,59,60,-1,1
54600,108,103,5,5
54601,198,186,12,12
54602,48,39,9,9
54603,117,119,-2,2
54604,44,40,4,4
54605,105,108,-3,3
54606,78,82,-4,4
54607,92,102,-10,10
54608,89,88,1,1
54609,68,64,4,4
54610,50,61,-11,11
54611,83,75,8,8
54612,71,68,3,3
54613,96,120,-24,24
54614,146,142,4,4
54615,134,110,24,24
54616,73,94,-21,21
54617,84,110,-26,26
54618,86,91,-5,5
54619,152,147,5,5
54620,59,58,1,1
54621,183,178,5,5
54622,50,54,-4,4
54623,83,82,1,1
54624,103,96,7,7
54625,63,61,2,2
54626,58,58,0,0
54627,79,72,7,7
54628,65,87,-22,22
54629,50,56,-6,6
54630,89,81,8,8
54631,132,121,11,11
54632,91,99,-8,8
54633,79,84,-5,5
54634,89,82,7,7
54635,117,125,-8,8
54636,89,83,6,6
54637,109,118,-9,9
54638,124,121,3,3
54639,97,95,2,2
54640,131,134,-3,3
54641,86,85,1,1
54642,77,77,0,0
54643,96,99,-3,3
54644,94,93,1,1
54645,74,72,2,2
54646,129,129,0,0
54647,104,101,3,3
54648,113,123,-10,10
54649,99,99,0,0
54650,63,51,12,12
54651,95,95,0,0
54652,68,77,-9,9
54653,194,173,21,21
54654,99,111,-12,12
54655,123,139,-16,16
54656,119,116,3,3
54657,108,98,10,10
54658,66,83,-17,17
54659,60,63,-3,3
54660,58,62,-4,4
54661,183,178,5,5
54662,190,198,-8,8
54663,165,148,17,17
54664,80,88,-8,8
54665,166,165,1,1
54666,123,131,-8,8
54667,131,137,-6,6
54668,62,68,-6,6
54669,83,70,13,13
54670,125,117,8,8
54671,103,111,-8,8
54672,101,108,-7,7
54673,95,91,4,4
54674,59,63,-4,4
54675,107,101,6,6
54676,79,68,11,11
54677,87,79,8,8
54678,84,86,-2,2
54679,67,68,-1,1
54680,75,70,5,5
54681,85,80,5,5
54682,89,81,8,8
54683,105,120,-15,15
54684,71,72,-1,1
54685,150,138,12,12
54686,59,59,0,0
54687,86,85,1,1
54688,85,86,-1,1
54689,110,115,-5,5
54690,76,69,7,7
54691,100,100,0,0
54692,109,97,12,12
54693,110,110,0,0
54694,97,111,-14,14
54695,109,113,-4,4
54696,188,184,4,4
54697,52,54,-2,2
54698,56,59,-3,3
54699,87,87,0,0
54700,72,71,1,1
54701,171,170,1,1
54702,109,109,0,0
54703,86,91,-5,5
54704,140,141,-1,1
54705,113,112,1,1
54706,89,90,-1,1
54707,102,99,3,3
54708,82,80,2,2
54709,87,84,3,3
54710,85,86,-1,1
54711,150,144,6,6
54712,151,126,25,25
54713,65,73,-8,8
54714,150,149,1,1
54715,102,101,1,1
54716,88,84,4,4
54717,108,109,-1,1
54718,38,39,-1,1
54719,123,126,-3,3
54720,92,80,12,12
54721,120,113,7,7
54722,108,102,6,6
54723,72,64,8,8
54724,62,59,3,3
54725,105,107,-2,2
54726,71,86,-15,15
54727,99,90,9,9
54728,88,86,2,2
54729,79,91,-12,12
54730,86,87,-1,1
54731,116,105,11,11
54732,74,81,-7,7
54733,93,95,-2,2
54734,198,169,29,29
54735,96,93,3,3
54736,78,74,4,4
54737,57,52,5,5
54738,45,50,-5,5
54739,140,142,-2,2
54740,76,73,3,3
54741,88,90,-2,2
54742,127,130,-3,3
54743,50,56,-6,6
54744,101,111,-10,10
54745,71,79,-8,8
54746,141,132,9,9
54747,110,121,-11,11
54748,144,128,16,16
54749,114,126,-12,12
54750,66,61,5,5
54751,90,100,-10,10
54752,83,77,6,6
54753,143,130,13,13
54754,81,74,7,7
54755,41,37,4,4
54756,165,168,-3,3
54757,92,98,-6,6
54758,43,71,-28,28
54759,84,72,12,12
54760,58,70,-12,12
54761,74,67,7,7
54762,102,82,20,20
54763,62,70,-8,8
54764,115,108,7,7
54765,93,99,-6,6
54766,155,146,9,9
54767,173,185,-12,12
54768,145,143,2,2
54769,75,73,2,2
54770,116,109,7,7
54771,114,120,-6,6
54772,115,122,-7,7
54773,123,121,2,2
54774,86,100,-14,14
54775,95,93,2,2
54776,59,61,-2,2
54777,123,123,0,0
54778,111,118,-7,7
54779,109,128,-19,19
54780,92,89,3,3
54781,118,133,-15,15
54782,42,39,3,3
54783,65,71,-6,6
54784,74,75,-1,1
54785,144,152,-8,8
54786,139,134,5,5
54787,71,75,-4,4
54788,66,61,5,5
54789,81,84,-3,3
54790,103,110,-7,7
54791,65,61,4,4
54792,137,154,-17,17
54793,86,90,-4,4
54794,64,51,13,13
54795,96,99,-3,3
54796,76,87,-11,11
54797,56,54,2,2
54798,59,62,-3,3
54799,70,69,1,1
54800,79,75,4,4
54801,92,88,4,4
54802,64,69,-5,5
54803,141,148,-7,7
54804,111,111,0,0
54805,123,111,12,12
54806,55,59,-4,4
54807,58,57,1,1
54808,105,88,17,17
54809,124,113,11,11
54810,76,71,5,5
54811,72,87,-15,15
54812,68,75,-7,7
54813,39,39,0,0
54814,83,75,8,8
54815,90,86,4,4
54816,84,76,8,8
54817,131,121,10,10
54818,100,92,8,8
54819,68,67,1,1
54820,199,186,13,13
54821,111,110,1,1
54822,63,59,4,4
54823,112,110,2,2
54824,58,62,-4,4
54825,167,168,-1,1
54826,167,161,6,6
54827,204,196,8,8
54828,88,89,-1,1
54829,112,118,-6,6
54830,109,112,-3,3
54831,74,64,10,10
54832,118,121,-3,3
54833,114,115,-1,1
54834,52,53,-1,1
54835,79,78,1,1
54836,63,61,2,2
54837,34,39,-5,5
54838,75,75,0,0
54839,66,66,0,0
54840,165,179,-14,14
54841,140,108,32,32
54842,68,68,0,0
54843,119,112,7,7
54844,109,112,-3,3
54845,79,77,2,2
54846,96,86,10,10
54847,96,94,2,2
54848,58,56,2,2
54849,99,100,-1,1
54850,68,74,-6,6
54851,61,62,-1,1
54852,89,96,-7,7
54853,135,129,6,6
54854,60,63,-3,3
54855,92,93,-1,1
54856,84,79,5,5
54857,84,89,-5,5
54858,94,90,4,4
54859,101,114,-13,13
54860,119,116,3,3
54861,139,154,-15,15
54862,84,84,0,0
54863,204,169,35,35
54864,97,97,0,0
54865,79,88,-9,9
54866,101,104,-3,3
54867,86,83,3,3
54868,84,78,6,6
54869,67,66,1,1
54870,98,99,-1,1
54871,79,78,1,1
54872,90,79,11,11
54873,62,63,-1,1
54874,65,65,0,0
54875,62,69,-7,7
54876,41,39,2,2
54877,140,130,10,10
54878,167,163,4,4
54879,129,132,-3,3
54880,170,198,-28,28
54881,76,76,0,0
54882,88,88,0,0
54883,57,55,2,2
54884,55,56,-1,1
54885,81,76,5,5
54886,142,138,4,4
54887,118,109,9,9
54888,66,61,5,5
54889,61,67,-6,6
54890,97,101,-4,4
54891,88,87,1,1
54892,101,104,-3,3
54893,64,68,-4,4
54894,116,116,0,0
54895,90,85,5,5
54896,87,94,-7,7
54897,98,89,9,9
54898,111,113,-2,2
54899,67,61,6,6
54900,51,52,-1,1
54901,123,128,-5,5
54902,59,62,-3,3
54903,67,64,3,3
54904,48,38,10,10
54905,52,63,-11,11
54906,180,191,-11,11
54907,61,62,-1,1
54908,162,157,5,5
54909,76,81,-5,5
54910,57,56,1,1
54911,90,90,0,0
54912,55,61,-6,6
54913,103,114,-11,11
54914,72,78,-6,6
54915,70,60,10,10
54916,154,143,11,11
54917,113,116,-3,3
54918,108,102,6,6
54919,50,62,-12,12
54920,45,59,-14,14
54921,71,61,10,10
54922,132,129,3,3
54923,164,162,2,2
54924,100,104,-4,4
54925,46,39,7,7
54926,85,79,6,6
54927,88,84,4,4
54928,107,112,-5,5
54929,84,79,5,5
54930,48,38,10,10
54931,98,100,-2,2
54932,154,153,1,1
54933,115,115,0,0
54934,69,69,0,0
54935,47,52,-5,5
54936,79,72,7,7
54937,74,68,6,6
54938,77,83,-6,6
54939,52,55,-3,3
54940,146,143,3,3
54941,74,82,-8,8
54942,122,120,2,2
54943,83,108,-25,25
54944,134,107,27,27
54945,113,123,-10,10
54946,113,108,5,5
54947,100,118,-18,18
54948,77,74,3,3
54949,91,88,3,3
54950,112,149,-37,37
54951,109,102,7,7
54952,97,92,5,5
54953,156,158,-2,2
54954,128,121,7,7
54955,88,91,-3,3
54956,68,66,2,2
54957,69,68,1,1
54958,137,139,-2,2
54959,68,77,-9,9
54960,65,64,1,1
54961,93,88,5,5
54962,58,57,1,1
54963,55,60,-5,5
54964,121,122,-1,1
54965,133,139,-6,6
54966,50,52,-2,2
54967,228,211,17,17
54968,101,93,8,8
54969,51,53,-2,2
54970,89,86,3,3
54971,63,72,-9,9
54972,70,84,-14,14
54973,41,39,2,2
54974,114,112,2,2
54975,65,67,-2,2
54976,83,86,-3,3
54977,61,60,1,1
54978,68,69,-1,1
54979,107,109,-2,2
54980,70,151,-81,81
54981,122,110,12,12
54982,44,38,6,6
54983,138,142,-4,4
54984,178,185,-7,7
54985,94,88,6,6
54986,107,95,12,12
54987,63,61,2,2
54988,84,96,-12,12
54989,124,116,8,8
54990,68,83,-15,15
54991,78,82,-4,4
54992,177,175,2,2
54993,49,57,-8,8
54994,60,53,7,7
54995,63,73,-10,10
54996,39,63,-24,24
54997,88,91,-3,3
54998,150,151,-1,1
54999,105,105,0,0
55000,88,84,4,4
55001,58,54,4,4
55002,47,50,-3,3
55003,135,124,11,11
55004,101,94,7,7
55005,61,60,1,1
55006,114,103,11,11
55007,75,75,0,0
55008,88,80,8,8
55009,69,63,6,6
55010,95,87,8,8
55011,120,138,-18,18
55012,148,166,-18,18
55013,80,81,-1,1
55014,54,54,0,0
55015,85,86,-1,1
55016,123,91,32,32
55017,101,104,-3,3
55018,108,116,-8,8
55019,62,65,-3,3
55020,68,85,-17,17
55021,55,56,-1,1
55022,103,106,-3,3
55023,115,109,6,6
55024,94,88,6,6
55025,77,76,1,1
55026,146,132,14,14
55027,62,63,-1,1
55028,57,59,-2,2
55029,204,194,10,10
55030,52,61,-9,9
55031,111,132,-21,21
55032,67,62,5,5
55033,116,113,3,3
55034,168,175,-7,7
55035,47,56,-9,9
55036,75,69,6,6
55037,92,92,0,0
55038,139,147,-8,8
55039,130,139,-9,9
55040,118,110,8,8
55041,72,74,-2,2
55042,90,95,-5,5
55043,104,81,23,23
55044,99,106,-7,7
55045,98,98,0,0
55046,84,87,-3,3
55047,106,93,13,13
55048,69,64,5,5
55049,72,77,-5,5
55050,86,88,-2,2
55051,122,112,10,10
55052,103,89,14,14
55053,113,119,-6,6
55054,70,60,10,10
55055,73,94,-21,21
55056,79,76,3,3
55057,102,93,9,9
55058,79,78,1,1
55059,67,63,4,4
55060,61,57,4,4
55061,78,86,-8,8
55062,83,79,4,4
55063,91,83,8,8
55064,49,55,-6,6
55065,64,62,2,2
55066,76,77,-1,1
55067,155,156,-1,1
55068,90,91,-1,1
55069,78,115,-37,37
55070,67,74,-7,7
55071,112,111,1,1
55072,90,89,1,1
55073,98,100,-2,2
55074,93,93,0,0
55075,103,108,-5,5
55076,64,67,-3,3
55077,94,99,-5,5
55078,58,59,-1,1
55079,76,83,-7,7
55080,153,151,2,2
55081,96,88,8,8
55082,151,154,-3,3
55083,60,73,-13,13
55084,87,82,5,5
55085,30,39,-9,9
55086,83,77,6,6
55087,107,114,-7,7
55088,114,109,5,5
55089,74,71,3,3
55090,99,116,-17,17
55091,120,118,2,2
55092,89,87,2,2
55093,215,210,5,5
55094,53,50,3,3
55095,74,75,-1,1
55096,112,107,5,5
55097,76,76,0,0
55098,69,65,4,4
55099,146,138,8,8
55100,92,88,4,4
55101,72,70,2,2
55102,184,189,-5,5
55103,50,39,11,11
55104,82,78,4,4
55105,90,85,5,5
55106,152,143,9,9
55107,41,46,-5,5
55108,149,146,3,3
55109,83,82,1,1
55110,45,57,-12,12
55111,225,213,12,12
55112,169,163,6,6
55113,44,50,-6,6
55114,118,125,-7,7
55115,108,105,3,3
55116,125,121,4,4
55117,124,124,0,0
55118,65,83,-18,18
55119,164,155,9,9
55120,138,140,-2,2
55121,87,88,-1,1
55122,51,54,-3,3
55123,98,104,-6,6
55124,64,65,-1,1
55125,63,66,-3,3
55126,101,105,-4,4
55127,90,84,6,6
55128,104,95,9,9
55129,140,138,2,2
55130,121,114,7,7
55131,107,108,-1,1
55132,85,89,-4,4
55133,116,116,0,0
55134,55,63,-8,8
55135,74,83,-9,9
55136,178,148,30,30
55137,134,124,10,10
55138,62,64,-2,2
55139,113,115,-2,2
55140,75,68,7,7
55141,84,83,1,1
55142,88,81,7,7
55143,68,83,-15,15
55144,46,49,-3,3
55145,150,171,-21,21
55146,99,86,13,13
55147,108,102,6,6
55148,118,85,33,33
55149,48,55,-7,7
55150,104,92,12,12
55151,73,61,12,12
55152,109,106,3,3
55153,62,63,-1,1
55154,91,79,12,12
55155,119,121,-2,2
55156,157,158,-1,1
55157,117,113,4,4
55158,60,61,-1,1
55159,90,89,1,1
55160,102,104,-2,2
55161,100,93,7,7
55162,99,98,1,1
55163,108,96,12,12
55164,90,86,4,4
55165,120,118,2,2
55166,97,96,1,1
55167,78,82,-4,4
55168,105,105,0,0
55169,160,158,2,2
55170,143,138,5,5
55171,112,117,-5,5
55172,152,143,9,9
55173,153,146,7,7
55174,65,59,6,6
55175,66,69,-3,3
55176,63,63,0,0
55177,55,82,-27,27
55178,75,73,2,2
55179,91,85,6,6
55180,81,77,4,4
55181,138,130,8,8
55182,120,114,6,6
55183,86,86,0,0
55184,75,75,0,0
55185,15,37,-22,22
55186,71,71,0,0
55187,158,152,6,6
55188,102,89,13,13
55189,58,58,0,0
55190,54,37,17,17
55191,77,83,-6,6
55192,82,76,6,6
55193,69,66,3,3
55194,92,100,-8,8
55195,132,139,-7,7
55196,109,109,0,0
55197,192,183,9,9
55198,62,59,3,3
55199,41,39,2,2
55200,120,118,2,2
55201,82,82,0,0
55202,116,111,5,5
55203,44,54,-10,10
55204,87,85,2,2
55205,63,72,-9,9
55206,75,78,-3,3
55207,106,97,9,9
55208,198,197,1,1
55209,87,81,6,6
55210,45,39,6,6
55211,95,92,3,3
55212,128,126,2,2
55213,72,70,2,2
55214,80,84,-4,4
55215,144,160,-16,16
55216,83,80,3,3
55217,138,139,-1,1
55218,107,97,10,10
55219,42,38,4,4
55220,105,105,0,0
55221,129,122,7,7
55222,78,78,0,0
55223,157,143,14,14
55224,135,131,4,4
55225,38,39,-1,1
55226,174,167,7,7
55227,83,85,-2,2
55228,79,72,7,7
55229,172,170,2,2
55230,76,62,14,14
55231,106,90,16,16
55232,102,104,-2,2
55233,60,65,-5,5
55234,160,150,10,10
55235,58,57,1,1
55236,66,67,-1,1
55237,93,91,2,2
55238,97,90,7,7
55239,99,107,-8,8
55240,232,232,0,0
55241,111,103,8,8
55242,57,67,-10,10
55243,92,104,-12,12
55244,70,59,11,11
55245,58,71,-13,13
55246,58,56,2,2
55247,80,85,-5,5
55248,119,108,11,11
55249,111,103,8,8
55250,73,73,0,0
55251,72,66,6,6
55252,98,92,6,6
55253,114,113,1,1
55254,115,111,4,4
55255,180,52,128,128
55256,137,150,-13,13
55257,106,91,15,15
55258,116,117,-1,1
55259,161,156,5,5
55260,53,55,-2,2
55261,160,153,7,7
55262,105,109,-4,4
55263,85,83,2,2
55264,137,143,-6,6
55265,78,79,-1,1
55266,152,161,-9,9
55267,107,101,6,6
55268,61,61,0,0
55269,113,102,11,11
55270,145,145,0,0
55271,125,118,7,7
55272,63,62,1,1
55273,83,88,-5,5
55274,139,125,14,14
55275,79,73,6,6
55276,136,135,1,1
55277,77,78,-1,1
55278,101,90,11,11
55279,54,56,-2,2
55280,103,104,-1,1
55281,84,79,5,5
55282,62,62,0,0
55283,149,157,-8,8
55284,52,52,0,0
55285,143,149,-6,6
55286,185,181,4,4
55287,121,113,8,8
55288,93,108,-15,15
55289,89,89,0,0
55290,71,66,5,5
55291,96,89,7,7
55292,92,84,8,8
55293,132,129,3,3
55294,110,112,-2,2
55295,81,84,-3,3
55296,138,132,6,6
55297,121,128,-7,7
55298,136,127,9,9
55299,108,117,-9,9
55300,102,102,0,0
55301,107,115,-8,8
55302,123,122,1,1
55303,78,72,6,6
55304,123,135,-12,12
55305,191,179,12,12
55306,83,74,9,9
55307,66,65,1,1
55308,147,142,5,5
55309,75,70,5,5
55310,142,152,-10,10
55311,54,58,-4,4
55312,79,85,-6,6
55313,65,54,11,11
55314,69,66,3,3
55315,92,90,2,2
55316,116,101,15,15
55317,138,114,24,24
55318,60,62,-2,2
55319,113,113,0,0
55320,107,106,1,1
55321,71,82,-11,11
55322,87,81,6,6
55323,66,66,0,0
55324,115,118,-3,3
55325,88,91,-3,3
55326,59,64,-5,5
55327,109,103,6,6
55328,101,104,-3,3
55329,99,93,6,6
55330,84,82,2,2
55331,79,69,10,10
55332,144,129,15,15
55333,74,81,-7,7
55334,67,68,-1,1
55335,79,85,-6,6
55336,69,65,4,4
55337,64,69,-5,5
55338,74,66,8,8
55339,122,153,-31,31
55340,88,94,-6,6
55341,85,100,-15,15
55342,135,152,-17,17
55343,150,139,11,11
55344,120,120,0,0
55345,85,84,1,1
55346,87,93,-6,6
55347,69,74,-5,5
55348,136,125,11,11
55349,139,120,19,19
55350,81,84,-3,3
55351,88,91,-3,3
55352,117,115,2,2
55353,127,142,-15,15
55354,83,86,-3,3
55355,53,57,-4,4
55356,41,39,2,2
55357,97,100,-3,3
55358,169,172,-3,3
55359,112,105,7,7
55360,38,39,-1,1
55361,84,87,-3,3
55362,67,66,1,1
55363,92,86,6,6
55364,110,107,3,3
55365,88,99,-11,11
55366,78,71,7,7
55367,84,90,-6,6
55368,69,69,0,0
55369,99,96,3,3
55370,101,113,-12,12
55371,86,88,-2,2
55372,102,106,-4,4
55373,60,67,-7,7
55374,54,55,-1,1
55375,111,123,-12,12
55376,138,130,8,8
55377,82,72,10,10
55378,96,112,-16,16
55379,62,64,-2,2
55380,161,162,-1,1
55381,73,79,-6,6
55382,92,91,1,1
55383,115,117,-2,2
55384,150,146,4,4
55385,78,79,-1,1
55386,93,93,0,0
55387,80,77,3,3
55388,88,97,-9,9
55389,89,91,-2,2
55390,107,105,2,2
55391,76,69,7,7
55392,115,123,-8,8
55393,96,97,-1,1
55394,119,118,1,1
55395,56,58,-2,2
55396,100,107,-7,7
55397,101,94,7,7
55398,89,82,7,7
55399,75,80,-5,5
55400,106,103,3,3
55401,68,68,0,0
55402,69,61,8,8
55403,83,75,8,8
55404,85,94,-9,9
55405,130,131,-1,1
55406,64,60,4,4
55407,44,52,-8,8
55408,83,77,6,6
55409,54,93,-39,39
55410,130,116,14,14
55411,91,95,-4,4
55412,59,82,-23,23
55413,109,96,13,13
55414,145,138,7,7
55415,65,59,6,6
55416,50,51,-1,1
55417,147,141,6,6
55418,90,95,-5,5
55419,143,147,-4,4
55420,97,96,1,1
55421,111,110,1,1
55422,63,62,1,1
55423,70,85,-15,15
55424,109,94,15,15
55425,108,122,-14,14
55426,149,149,0,0
55427,98,96,2,2
55428,137,135,2,2
55429,45,38,7,7
55430,95,92,3,3
55431,59,72,-13,13
55432,71,68,3,3
55433,117,121,-4,4
55434,73,75,-2,2
55435,80,78,2,2
55436,168,147,21,21
55437,149,158,-9,9
55438,53,51,2,2
55439,65,70,-5,5
55440,160,149,11,11
55441,83,83,0,0
55442,88,89,-1,1
55443,98,86,12,12
55444,51,54,-3,3
55445,54,58,-4,4
55446,70,75,-5,5
55447,80,84,-4,4
55448,169,149,20,20
55449,109,107,2,2
55450,57,58,-1,1
55451,119,123,-4,4
55452,238,226,12,12
55453,132,134,-2,2
55454,78,85,-7,7
55455,88,85,3,3
55456,85,87,-2,2
55457,27,55,-28,28
55458,62,67,-5,5
55459,131,128,3,3
55460,138,129,9,9
55461,43,90,-47,47
55462,58,68,-10,10
55463,76,82,-6,6
55464,72,85,-13,13
55465,121,96,25,25
55466,107,104,3,3
55467,81,78,3,3
55468,49,66,-17,17
55469,113,108,5,5
55470,71,63,8,8
55471,44,39,5,5
55472,81,78,3,3
55473,73,64,9,9
55474,85,92,-7,7
55475,100,96,4,4
55476,126,121,5,5
55477,96,97,-1,1
55478,67,67,0,0
55479,114,126,-12,12
55480,97,79,18,18
55481,185,169,16,16
55482,55,55,0,0
55483,177,182,-5,5
55484,85,86,-1,1
55485,117,120,-3,3
55486,157,151,6,6
55487,129,127,2,2
55488,94,104,-10,10
55489,87,93,-6,6
55490,139,125,14,14
55491,121,123,-2,2
55492,65,58,7,7
55493,58,63,-5,5
55494,98,98,0,0
55495,37,39,-2,2
55496,63,67,-4,4
55497,193,194,-1,1
55498,101,108,-7,7
55499,69,85,-16,16
55500,133,131,2,2
55501,121,108,13,13
55502,91,95,-4,4
55503,85,86,-1,1
55504,67,75,-8,8
55505,117,118,-1,1
55506,61,57,4,4
55507,61,59,2,2
55508,97,107,-10,10
55509,81,85,-4,4
55510,89,95,-6,6
55511,58,61,-3,3
55512,80,70,10,10
55513,96,84,12,12
55514,87,91,-4,4
55515,69,70,-1,1
55516,116,128,-12,12
55517,138,148,-10,10
55518,65,69,-4,4
55519,90,86,4,4
55520,87,89,-2,2
55521,102,98,4,4
55522,79,88,-9,9
55523,146,152,-6,6
55524,130,121,9,9
55525,127,114,13,13
55526,96,91,5,5
55527,80,76,4,4
55528,132,141,-9,9
55529,115,107,8,8
55530,81,93,-12,12
55531,86,88,-2,2
55532,105,99,6,6
55533,130,127,3,3
55534,84,83,1,1
55535,52,97,-45,45
55536,72,65,7,7
55537,82,80,2,2
55538,115,113,2,2
55539,100,98,2,2
55540,102,102,0,0
55541,107,110,-3,3
55542,116,115,1,1
55543,61,55,6,6
55544,95,97,-2,2
55545,78,72,6,6
55546,78,86,-8,8
55547,79,69,10,10
55548,82,86,-4,4
55549,71,76,-5,5
55550,128,120,8,8
55551,89,95,-6,6
55552,115,139,-24,24
55553,83,69,14,14
55554,80,72,8,8
55555,79,95,-16,16
55556,69,85,-16,16
55557,123,117,6,6
55558,67,70,-3,3
55559,135,130,5,5
55560,134,161,-27,27
55561,133,130,3,3
55562,52,54,-2,2
55563,175,174,1,1
55564,95,84,11,11
55565,122,122,0,0
55566,74,67,7,7
55567,73,78,-5,5
55568,53,53,0,0
55569,69,71,-2,2
55570,103,113,-10,10
55571,45,39,6,6
55572,107,102,5,5
55573,49,58,-9,9
55574,132,122,10,10
55575,89,90,-1,1
55576,62,62,0,0
55577,109,107,2,2
55578,81,83,-2,2
55579,72,78,-6,6
55580,52,51,1,1
55581,74,77,-3,3
55582,36,39,-3,3
55583,68,69,-1,1
55584,73,75,-2,2
55585,89,90,-1,1
55586,63,62,1,1
55587,69,72,-3,3
55588,103,111,-8,8
55589,53,56,-3,3
55590,103,106,-3,3
55591,108,100,8,8
55592,109,164,-55,55
55593,187,195,-8,8
55594,69,67,2,2
55595,124,115,9,9
55596,117,120,-3,3
55597,94,97,-3,3
55598,44,53,-9,9
55599,120,114,6,6
55600,140,146,-6,6
55601,131,128,3,3
55602,100,108,-8,8
55603,147,153,-6,6
55604,55,49,6,6
55605,126,135,-9,9
55606,84,90,-6,6
55607,81,85,-4,4
55608,110,92,18,18
55609,68,72,-4,4
55610,90,96,-6,6
55611,79,78,1,1
55612,108,114,-6,6
55613,69,71,-2,2
55614,67,60,7,7
55615,151,161,-10,10
55616,121,114,7,7
55617,67,73,-6,6
55618,100,90,10,10
55619,105,107,-2,2
55620,105,119,-14,14
55621,92,99,-7,7
55622,107,111,-4,4
55623,163,164,-1,1
55624,110,113,-3,3
55625,115,112,3,3
55626,93,84,9,9
55627,143,140,3,3
55628,105,86,19,19
55629,102,99,3,3
55630,54,53,1,1
55631,117,119,-2,2
55632,94,88,6,6
55633,121,106,15,15
55634,51,45,6,6
55635,93,99,-6,6
55636,136,142,-6,6
55637,75,66,9,9
55638,83,71,12,12
55639,90,86,4,4
55640,110,115,-5,5
55641,69,64,5,5
55642,110,110,0,0
55643,78,85,-7,7
55644,85,82,3,3
55645,89,90,-1,1
55646,86,102,-16,16
55647,106,110,-4,4
55648,102,102,0,0
55649,52,55,-3,3
55650,207,213,-6,6
55651,93,87,6,6
55652,113,118,-5,5
55653,97,100,-3,3
55654,80,92,-12,12
55655,118,132,-14,14
55656,90,92,-2,2
55657,88,100,-12,12
55658,96,100,-4,4
55659,103,113,-10,10
55660,65,65,0,0
55661,48,48,0,0
55662,85,74,11,11
55663,104,100,4,4
55664,54,51,3,3
55665,89,77,12,12
55666,132,134,-2,2
55667,83,87,-4,4
55668,80,82,-2,2
55669,76,78,-2,2
55670,67,58,9,9
55671,89,88,1,1
55672,149,151,-2,2
55673,106,117,-11,11
55674,149,154,-5,5
55675,52,54,-2,2
55676,58,61,-3,3
55677,70,75,-5,5
55678,78,77,1,1
55679,212,203,9,9
55680,105,105,0,0
55681,101,90,11,11
55682,107,99,8,8
55683,145,147,-2,2
55684,77,77,0,0
55685,108,94,14,14
55686,97,101,-4,4
55687,90,81,9,9
55688,104,105,-1,1
55689,99,98,1,1
55690,94,89,5,5
55691,105,114,-9,9
55692,69,73,-4,4
55693,81,91,-10,10
55694,88,91,-3,3
55695,112,122,-10,10
55696,93,94,-1,1
55697,130,132,-2,2
55698,145,130,15,15
55699,130,125,5,5
55700,62,73,-11,11
55701,99,101,-2,2
55702,67,62,5,5
55703,129,122,7,7
55704,72,74,-2,2
55705,96,91,5,5
55706,76,78,-2,2
55707,102,100,2,2
55708,81,80,1,1
55709,157,158,-1,1
55710,100,103,-3,3
55711,122,118,4,4
55712,65,64,1,1
55713,82,74,8,8
55714,95,93,2,2
55715,133,145,-12,12
55716,108,112,-4,4
55717,81,83,-2,2
55718,91,93,-2,2
55719,134,130,4,4
55720,146,144,2,2
55721,93,99,-6,6
55722,53,55,-2,2
55723,108,101,7,7
55724,93,88,5,5
55725,99,93,6,6
55726,158,151,7,7
55727,66,72,-6,6
55728,66,65,1,1
55729,83,89,-6,6
55730,103,96,7,7
55731,54,52,2,2
55732,144,141,3,3
55733,88,99,-11,11
55734,105,95,10,10
55735,115,109,6,6
55736,125,122,3,3
55737,67,75,-8,8
55738,193,179,14,14
55739,127,109,18,18
55740,29,36,-7,7
55741,86,89,-3,3
55742,121,123,-2,2
55743,94,88,6,6
55744,125,120,5,5
55745,174,180,-6,6
55746,163,159,4,4
55747,128,115,13,13
55748,155,149,6,6
55749,123,133,-10,10
55750,100,101,-1,1
55751,80,87,-7,7
55752,121,118,3,3
55753,31,39,-8,8
55754,96,90,6,6
55755,80,75,5,5
55756,83,81,2,2
55757,82,83,-1,1
55758,97,101,-4,4
55759,72,73,-1,1
55760,69,73,-4,4
55761,86,85,1,1
55762,73,87,-14,14
55763,100,106,-6,6
55764,66,67,-1,1
55765,83,72,11,11
55766,92,99,-7,7
55767,68,63,5,5
55768,118,125,-7,7
55769,97,111,-14,14
55770,62,63,-1,1
55771,78,73,5,5
55772,48,52,-4,4
55773,98,94,4,4
55774,71,71,0,0
55775,62,65,-3,3
55776,45,60,-15,15
55777,122,125,-3,3
55778,91,88,3,3
55779,71,145,-74,74
55780,68,62,6,6
55781,118,125,-7,7
55782,79,84,-5,5
55783,120,126,-6,6
55784,134,149,-15,15
55785,72,76,-4,4
55786,92,89,3,3
55787,49,72,-23,23
55788,100,102,-2,2
55789,90,94,-4,4
55790,71,73,-2,2
55791,83,85,-2,2
55792,71,71,0,0
55793,90,98,-8,8
55794,168,176,-8,8
55795,68,82,-14,14
55796,50,54,-4,4
55797,59,55,4,4
55798,52,56,-4,4
55799,104,103,1,1
55800,95,100,-5,5
55801,57,63,-6,6
55802,211,211,0,0
55803,58,59,-1,1
55804,125,120,5,5
55805,99,98,1,1
55806,88,99,-11,11
55807,182,172,10,10
55808,99,101,-2,2
55809,66,58,8,8
55810,169,166,3,3
55811,105,99,6,6
55812,92,94,-2,2
55813,110,109,1,1
55814,111,104,7,7
55815,95,91,4,4
55816,74,71,3,3
55817,135,122,13,13
55818,51,96,-45,45
55819,78,78,0,0
55820,118,108,10,10
55821,118,120,-2,2
55822,104,106,-2,2
55823,37,39,-2,2
55824,96,95,1,1
55825,93,89,4,4
55826,60,90,-30,30
55827,102,98,4,4
55828,112,119,-7,7
55829,73,80,-7,7
55830,142,135,7,7
55831,67,66,1,1
55832,69,65,4,4
55833,103,189,-86,86
55834,42,69,-27,27
55835,99,85,14,14
55836,181,172,9,9
55837,94,91,3,3
55838,83,86,-3,3
55839,98,85,13,13
55840,151,140,11,11
55841,149,133,16,16
55842,92,99,-7,7
55843,129,137,-8,8
55844,79,76,3,3
55845,119,126,-7,7
55846,159,154,5,5
55847,63,70,-7,7
55848,74,70,4,4
55849,141,147,-6,6
55850,133,131,2,2
55851,106,103,3,3
55852,180,177,3,3
55853,152,137,15,15
55854,85,82,3,3
55855,118,111,7,7
55856,127,127,0,0
55857,143,153,-10,10
55858,80,91,-11,11
55859,123,123,0,0
55860,131,126,5,5
55861,53,48,5,5
55862,83,75,8,8
55863,97,91,6,6
55864,120,121,-1,1
55865,71,67,4,4
55866,127,115,12,12
55867,68,67,1,1
55868,79,79,0,0
55869,104,116,-12,12
55870,139,151,-12,12
55871,143,157,-14,14
55872,102,114,-12,12
55873,75,72,3,3
55874,105,107,-2,2
55875,71,62,9,9
55876,52,53,-1,1
55877,73,70,3,3
55878,95,87,8,8
55879,84,78,6,6
55880,77,78,-1,1
55881,63,69,-6,6
55882,80,93,-13,13
55883,111,106,5,5
55884,146,134,12,12
55885,136,148,-12,12
55886,58,55,3,3
55887,77,71,6,6
55888,74,99,-25,25
55889,157,158,-1,1
55890,113,111,2,2
55891,88,83,5,5
55892,98,101,-3,3
55893,70,73,-3,3
55894,70,77,-7,7
55895,95,94,1,1
55896,113,101,12,12
55897,65,64,1,1
55898,82,73,9,9
55899,89,96,-7,7
55900,90,84,6,6
55901,75,92,-17,17
55902,73,63,10,10
55903,45,52,-7,7
55904,75,88,-13,13
55905,89,85,4,4
55906,127,117,10,10
55907,189,197,-8,8
55908,132,128,4,4
55909,95,93,2,2
55910,113,107,6,6
55911,81,88,-7,7
55912,121,127,-6,6
55913,73,75,-2,2
55914,107,105,2,2
55915,72,67,5,5
55916,110,119,-9,9
55917,69,69,0,0
55918,149,144,5,5
55919,63,64,-1,1
55920,115,115,0,0
55921,105,103,2,2
55922,88,90,-2,2
55923,65,66,-1,1
55924,87,89,-2,2
55925,94,104,-10,10
55926,125,126,-1,1
55927,93,86,7,7
55928,112,110,2,2
55929,103,91,12,12
55930,117,120,-3,3
55931,95,94,1,1
55932,76,70,6,6
55933,94,107,-13,13
55934,50,50,0,0
55935,115,122,-7,7
55936,105,95,10,10
55937,108,101,7,7
55938,141,145,-4,4
55939,102,104,-2,2
55940,58,66,-8,8
55941,108,106,2,2
55942,89,80,9,9
55943,71,71,0,0
55944,59,57,2,2
55945,89,84,5,5
55946,57,56,1,1
55947,106,99,7,7
55948,161,149,12,12
55949,92,87,5,5
55950,66,67,-1,1
55951,82,83,-1,1
55952,84,74,10,10
55953,115,103,12,12
55954,110,111,-1,1
55955,135,135,0,0
55956,93,93,0,0
55957,134,157,-23,23
55958,105,99,6,6
55959,79,76,3,3
55960,25,38,-13,13
55961,124,132,-8,8
55962,29,38,-9,9
55963,96,87,9,9
55964,125,125,0,0
55965,52,52,0,0
55966,101,103,-2,2
55967,70,66,4,4
55968,98,93,5,5
55969,77,69,8,8
55970,167,161,6,6
55971,82,82,0,0
55972,91,88,3,3
55973,70,67,3,3
55974,74,78,-4,4
55975,121,124,-3,3
55976,46,54,-8,8
55977,76,81,-5,5
55978,111,118,-7,7
55979,58,55,3,3
55980,65,60,5,5
55981,53,51,2,2
55982,109,120,-11,11
55983,80,84,-4,4
55984,88,87,1,1
55985,110,107,3,3
55986,98,90,8,8
55987,97,104,-7,7
55988,128,119,9,9
55989,144,139,5,5
55990,82,86,-4,4
55991,131,127,4,4
55992,100,98,2,2
55993,95,96,-1,1
55994,108,105,3,3
55995,82,86,-4,4
55996,73,63,10,10
55997,94,98,-4,4
55998,99,110,-11,11
55999,88,83,5,5
56000,157,158,-1,1
56001,75,76,-1,1
56002,95,105,-10,10
56003,82,79,3,3
56004,160,178,-18,18
56005,146,143,3,3
56006,166,183,-17,17
56007,76,75,1,1
56008,139,142,-3,3
56009,110,110,0,0
56010,118,126,-8,8
56011,122,112,10,10
56012,50,57,-7,7
56013,59,59,0,0
56014,112,114,-2,2
56015,108,127,-19,19
56016,42,40,2,2
56017,112,118,-6,6
56018,126,117,9,9
56019,88,95,-7,7
56020,121,107,14,14
56021,83,78,5,5
56022,95,103,-8,8
56023,98,93,5,5
56024,104,110,-6,6
56025,66,65,1,1
56026,129,132,-3,3
56027,85,76,9,9
56028,101,103,-2,2
56029,68,69,-1,1
56030,86,87,-1,1
56031,79,75,4,4
56032,91,92,-1,1
56033,113,124,-11,11
56034,149,145,4,4
56035,76,76,0,0
56036,107,109,-2,2
56037,110,114,-4,4
56038,75,79,-4,4
56039,100,105,-5,5
56040,110,120,-10,10
56041,115,116,-1,1
56042,128,128,0,0
56043,177,169,8,8
56044,105,102,3,3
56045,79,149,-70,70
56046,126,128,-2,2
56047,135,151,-16,16
56048,66,61,5,5
56049,148,146,2,2
56050,128,128,0,0
56051,106,95,11,11
56052,99,84,15,15
56053,73,63,10,10
56054,64,67,-3,3
56055,98,123,-25,25
56056,111,107,4,4
56057,124,130,-6,6
56058,117,112,5,5
56059,94,93,1,1
56060,86,81,5,5
56061,80,73,7,7
56062,105,112,-7,7
56063,77,86,-9,9
56064,101,102,-1,1
56065,118,114,4,4
56066,130,112,18,18
56067,97,96,1,1
56068,77,76,1,1
56069,76,79,-3,3
56070,122,132,-10,10
56071,116,141,-25,25
56072,67,76,-9,9
56073,109,102,7,7
56074,62,64,-2,2
56075,95,85,10,10
56076,130,126,4,4
56077,49,62,-13,13
56078,64,60,4,4
56079,84,86,-2,2
56080,147,130,17,17
56081,121,111,10,10
56082,158,162,-4,4
56083,105,96,9,9
56084,99,103,-4,4
56085,108,113,-5,5
56086,159,163,-4,4
56087,87,84,3,3
56088,128,141,-13,13
56089,58,68,-10,10
56090,110,112,-2,2
56091,187,187,0,0
56092,87,92,-5,5
56093,143,151,-8,8
56094,84,73,11,11
56095,132,138,-6,6
56096,74,71,3,3
56097,109,110,-1,1
56098,86,105,-19,19
56099,111,106,5,5
56100,49,38,11,11
56101,73,72,1,1
56102,125,139,-14,14
56103,75,72,3,3
56104,78,76,2,2
56105,99,99,0,0
56106,103,114,-11,11
56107,106,100,6,6
56108,57,58,-1,1
56109,139,134,5,5
56110,90,83,7,7
56111,67,62,5,5
56112,60,62,-2,2
56113,46,39,7,7
56114,56,67,-11,11
56115,135,129,6,6
56116,52,51,1,1
56117,102,97,5,5
56118,79,81,-2,2
56119,75,76,-1,1
56120,118,123,-5,5
56121,107,115,-8,8
56122,24,38,-14,14
56123,102,98,4,4
56124,78,82,-4,4
56125,94,84,10,10
56126,109,92,17,17
56127,139,141,-2,2
56128,105,110,-5,5
56129,155,152,3,3
56130,53,45,8,8
56131,82,95,-13,13
56132,159,171,-12,12
56133,105,99,6,6
56134,102,102,0,0
56135,78,79,-1,1
56136,67,64,3,3
56137,149,156,-7,7
56138,84,88,-4,4
56139,87,93,-6,6
56140,132,144,-12,12
56141,83,80,3,3
56142,75,72,3,3
56143,99,97,2,2
56144,77,88,-11,11
56145,97,92,5,5
56146,132,112,20,20
56147,105,111,-6,6
56148,105,90,15,15
56149,59,54,5,5
56150,69,65,4,4
56151,120,115,5,5
56152,59,62,-3,3
56153,105,93,12,12
56154,81,81,0,0
56155,156,160,-4,4
56156,62,66,-4,4
56157,63,65,-2,2
56158,156,144,12,12
56159,48,141,-93,93
56160,81,82,-1,1
56161,78,80,-2,2
56162,72,68,4,4
56163,110,109,1,1
56164,76,81,-5,5
56165,82,82,0,0
56166,76,77,-1,1
56167,106,108,-2,2
56168,109,121,-12,12
56169,96,92,4,4
56170,129,136,-7,7
56171,71,65,6,6
56172,124,140,-16,16
56173,107,107,0,0
56174,97,94,3,3
56175,113,98,15,15
56176,152,146,6,6
56177,91,108,-17,17
56178,78,77,1,1
56179,158,152,6,6
56180,117,117,0,0
56181,97,98,-1,1
56182,83,78,5,5
56183,132,127,5,5
56184,79,77,2,2
56185,101,108,-7,7
56186,135,130,5,5
56187,96,74,22,22
56188,82,71,11,11
56189,70,79,-9,9
56190,110,108,2,2
56191,141,131,10,10
56192,61,61,0,0
56193,97,92,5,5
56194,119,99,20,20
56195,67,70,-3,3
56196,92,107,-15,15
56197,84,70,14,14
56198,65,65,0,0
56199,84,90,-6,6
56200,124,118,6,6
56201,135,138,-3,3
56202,146,136,10,10
56203,109,117,-8,8
56204,145,153,-8,8
56205,89,84,5,5
56206,136,136,0,0
56207,85,84,1,1
56208,55,59,-4,4
56209,92,101,-9,9
56210,61,62,-1,1
56211,132,126,6,6
56212,65,70,-5,5
56213,112,117,-5,5
56214,107,98,9,9
56215,48,39,9,9
56216,55,59,-4,4
56217,109,108,1,1
56218,136,135,1,1
56219,94,94,0,0
56220,45,42,3,3
56221,139,133,6,6
56222,72,81,-9,9
56223,156,146,10,10
56224,58,59,-1,1
56225,96,85,11,11
56226,83,82,1,1
56227,94,92,2,2
56228,29,38,-9,9
56229,124,123,1,1
56230,71,78,-7,7
56231,146,139,7,7
56232,97,88,9,9
56233,104,108,-4,4
56234,32,38,-6,6
56235,140,137,3,3
56236,57,54,3,3
56237,112,113,-1,1
56238,70,75,-5,5
56239,92,86,6,6
56240,57,62,-5,5
56241,107,116,-9,9
56242,76,77,-1,1
56243,81,79,2,2
56244,115,125,-10,10
56245,22,66,-44,44
56246,96,101,-5,5
56247,84,95,-11,11
56248,103,103,0,0
56249,126,113,13,13
56250,76,74,2,2
56251,159,151,8,8
56252,74,63,11,11
56253,87,81,6,6
56254,46,51,-5,5
56255,33,39,-6,6
56256,76,62,14,14
56257,98,97,1,1
56258,73,65,8,8
56259,105,96,9,9
56260,51,59,-8,8
56261,94,87,7,7
56262,54,59,-5,5
56263,86,93,-7,7
56264,60,61,-1,1
56265,144,142,2,2
56266,74,61,13,13
56267,90,88,2,2
56268,100,109,-9,9
56269,107,119,-12,12
56270,129,113,16,16
56271,133,126,7,7
56272,70,69,1,1
56273,101,91,10,10
56274,60,65,-5,5
56275,200,187,13,13
56276,64,66,-2,2
56277,143,139,4,4
56278,90,89,1,1
56279,72,64,8,8
56280,85,92,-7,7
56281,136,140,-4,4
56282,94,104,-10,10
56283,135,124,11,11
56284,102,98,4,4
56285,71,83,-12,12
56286,74,77,-3,3
56287,122,134,-12,12
56288,86,86,0,0
56289,40,39,1,1
56290,109,119,-10,10
56291,113,122,-9,9
56292,110,107,3,3
56293,68,62,6,6
56294,130,134,-4,4
56295,89,93,-4,4
56296,106,109,-3,3
56297,98,99,-1,1
56298,71,57,14,14
56299,128,136,-8,8
56300,158,146,12,12
56301,82,80,2,2
56302,42,38,4,4
56303,67,64,3,3
56304,107,116,-9,9
56305,77,76,1,1
56306,113,120,-7,7
56307,73,69,4,4
56308,189,193,-4,4
56309,101,103,-2,2
56310,117,131,-14,14
56311,113,118,-5,5
56312,81,74,7,7
56313,113,109,4,4
56314,108,104,4,4
56315,133,146,-13,13
56316,117,119,-2,2
56317,119,119,0,0
56318,72,65,7,7
56319,72,85,-13,13
56320,105,111,-6,6
56321,70,68,2,2
56322,66,62,4,4
56323,152,143,9,9
56324,89,84,5,5
56325,20,37,-17,17
56326,72,74,-2,2
56327,89,83,6,6
56328,83,91,-8,8
56329,121,136,-15,15
56330,119,112,7,7
56331,101,101,0,0
56332,84,84,0,0
56333,78,83,-5,5
56334,166,161,5,5
56335,117,119,-2,2
56336,141,145,-4,4
56337,123,120,3,3
56338,162,161,1,1
56339,50,51,-1,1
56340,60,55,5,5
56341,86,91,-5,5
56342,70,72,-2,2
56343,129,133,-4,4
56344,65,65,0,0
56345,75,82,-7,7
56346,91,75,16,16
56347,55,61,-6,6
56348,82,86,-4,4
56349,102,109,-7,7
56350,74,70,4,4
56351,84,83,1,1
56352,128,124,4,4
56353,91,92,-1,1
56354,120,120,0,0
56355,85,88,-3,3
56356,108,121,-13,13
56357,72,71,1,1
56358,90,82,8,8
56359,85,90,-5,5
56360,112,114,-2,2
56361,148,163,-15,15
56362,105,111,-6,6
56363,44,46,-2,2
56364,42,52,-10,10
56365,103,96,7,7
56366,93,84,9,9
56367,63,61,2,2
56368,169,189,-20,20
56369,65,64,1,1
56370,74,71,3,3
56371,99,101,-2,2
56372,129,135,-6,6
56373,93,91,2,2
56374,139,140,-1,1
56375,64,110,-46,46
56376,93,89,4,4
56377,53,68,-15,15
56378,110,108,2,2
56379,97,95,2,2
56380,170,167,3,3
56381,56,62,-6,6
56382,172,184,-12,12
56383,71,66,5,5
56384,161,152,9,9
56385,130,141,-11,11
56386,101,100,1,1
56387,107,107,0,0
56388,101,100,1,1
56389,64,70,-6,6
56390,75,71,4,4
56391,128,134,-6,6
56392,80,79,1,1
56393,129,131,-2,2
56394,54,59,-5,5
56395,71,76,-5,5
56396,55,48,7,7
56397,91,97,-6,6
56398,119,114,5,5
56399,94,95,-1,1
56400,158,154,4,4
56401,60,66,-6,6
56402,158,166,-8,8
56403,56,52,4,4
56404,121,124,-3,3
56405,79,66,13,13
56406,120,116,4,4
56407,64,70,-6,6
56408,62,82,-20,20
56409,80,77,3,3
56410,135,132,3,3
56411,102,123,-21,21
56412,115,107,8,8
56413,142,152,-10,10
56414,115,134,-19,19
56415,119,129,-10,10
56416,138,141,-3,3
56417,97,89,8,8
56418,80,75,5,5
56419,97,102,-5,5
56420,111,112,-1,1
56421,91,94,-3,3
56422,95,101,-6,6
56423,91,95,-4,4
56424,101,92,9,9
56425,130,131,-1,1
56426,89,90,-1,1
56427,86,94,-8,8
56428,178,174,4,4
56429,168,167,1,1
56430,63,67,-4,4
56431,69,62,7,7
56432,186,176,10,10
56433,143,139,4,4
56434,76,63,13,13
56435,87,92,-5,5
56436,46,53,-7,7
56437,81,83,-2,2
56438,43,44,-1,1
56439,125,128,-3,3
56440,190,191,-1,1
56441,112,101,11,11
56442,161,164,-3,3
56443,119,115,4,4
56444,98,102,-4,4
56445,122,117,5,5
56446,94,92,2,2
56447,68,74,-6,6
56448,103,92,11,11
56449,126,106,20,20
56450,75,71,4,4
56451,123,113,10,10
56452,81,79,2,2
56453,144,157,-13,13
56454,53,51,2,2
56455,164,157,7,7
56456,60,63,-3,3
56457,117,116,1,1
56458,121,126,-5,5
56459,90,96,-6,6
56460,86,85,1,1
56461,63,67,-4,4
56462,147,141,6,6
56463,103,101,2,2
56464,68,69,-1,1
56465,91,88,3,3
56466,81,69,12,12
56467,71,70,1,1
56468,63,62,1,1
56469,123,127,-4,4
56470,105,104,1,1
56471,81,86,-5,5
56472,112,122,-10,10
56473,78,78,0,0
56474,85,85,0,0
56475,118,122,-4,4
56476,65,59,6,6
56477,127,136,-9,9
56478,83,83,0,0
56479,91,87,4,4
56480,62,61,1,1
56481,75,82,-7,7
56482,88,97,-9,9
56483,163,163,0,0
56484,48,60,-12,12
56485,93,107,-14,14
56486,85,86,-1,1
56487,142,146,-4,4
56488,93,103,-10,10
56489,73,70,3,3
56490,65,65,0,0
56491,83,81,2,2
56492,77,75,2,2
56493,113,113,0,0
56494,121,118,3,3
56495,71,75,-4,4
56496,64,62,2,2
56497,70,78,-8,8
56498,155,146,9,9
56499,59,58,1,1
56500,80,76,4,4
56501,80,84,-4,4
56502,59,59,0,0
56503,83,75,8,8
56504,68,61,7,7
56505,77,88,-11,11
56506,121,111,10,10
56507,63,70,-7,7
56508,82,81,1,1
56509,145,147,-2,2
56510,63,68,-5,5
56511,124,131,-7,7
56512,83,94,-11,11
56513,175,180,-5,5
56514,185,196,-11,11
56515,65,65,0,0
56516,61,58,3,3
56517,76,73,3,3
56518,75,82,-7,7
56519,74,95,-21,21
56520,136,125,11,11
56521,47,57,-10,10
56522,66,55,11,11
56523,131,130,1,1
56524,123,111,12,12
56525,118,116,2,2
56526,58,56,2,2
56527,89,86,3,3
56528,156,150,6,6
56529,55,59,-4,4
56530,115,106,9,9
56531,111,112,-1,1
56532,116,132,-16,16
56533,62,68,-6,6
56534,108,98,10,10
56535,120,131,-11,11
56536,112,116,-4,4
56537,56,63,-7,7
56538,142,145,-3,3
56539,91,81,10,10
56540,86,86,0,0
56541,121,122,-1,1
56542,80,74,6,6
56543,103,103,0,0
56544,76,85,-9,9
56545,100,130,-30,30
56546,94,93,1,1
56547,117,129,-12,12
56548,84,81,3,3
56549,87,93,-6,6
56550,127,115,12,12
56551,90,101,-11,11
56552,96,91,5,5
56553,56,56,0,0
56554,74,71,3,3
56555,98,97,1,1
56556,107,117,-10,10
56557,125,113,12,12
56558,66,59,7,7
56559,91,99,-8,8
56560,154,167,-13,13
56561,151,136,15,15
56562,77,78,-1,1
56563,60,60,0,0
56564,72,77,-5,5
56565,132,120,12,12
56566,74,72,2,2
56567,63,63,0,0
56568,129,130,-1,1
56569,169,174,-5,5
56570,88,101,-13,13
56571,129,127,2,2
56572,140,135,5,5
56573,80,89,-9,9
56574,94,98,-4,4
56575,49,56,-7,7
56576,145,147,-2,2
56577,97,101,-4,4
56578,94,96,-2,2
56579,83,83,0,0
56580,135,135,0,0
56581,103,99,4,4
56582,40,38,2,2
56583,119,146,-27,27
56584,60,61,-1,1
56585,44,38,6,6
56586,104,110,-6,6
56587,49,39,10,10
56588,70,78,-8,8
56589,59,59,0,0
56590,114,128,-14,14
56591,65,60,5,5
56592,60,60,0,0
56593,121,135,-14,14
56594,115,111,4,4
56595,75,72,3,3
56596,74,71,3,3
56597,103,100,3,3
56598,59,58,1,1
56599,125,133,-8,8
56600,94,93,1,1
56601,73,72,1,1
56602,54,55,-1,1
56603,58,56,2,2
56604,174,180,-6,6
56605,46,39,7,7
56606,79,82,-3,3
56607,108,98,10,10
56608,50,60,-10,10
56609,120,111,9,9
56610,159,156,3,3
56611,171,181,-10,10
56612,81,87,-6,6
56613,85,89,-4,4
56614,118,142,-24,24
56615,73,75,-2,2
56616,114,111,3,3
56617,77,70,7,7
56618,150,136,14,14
56619,72,77,-5,5
56620,64,85,-21,21
56621,85,97,-12,12
56622,112,119,-7,7
56623,57,54,3,3
56624,101,98,3,3
56625,83,85,-2,2
56626,74,70,4,4
56627,142,139,3,3
56628,111,100,11,11
56629,135,124,11,11
56630,64,64,0,0
56631,75,67,8,8
56632,188,197,-9,9
56633,63,83,-20,20
56634,124,118,6,6
56635,42,54,-12,12
56636,136,125,11,11
56637,50,54,-4,4
56638,87,94,-7,7
56639,140,133,7,7
56640,94,95,-1,1
56641,94,94,0,0
56642,61,74,-13,13
56643,86,87,-1,1
56644,126,114,12,12
56645,63,60,3,3
56646,82,76,6,6
56647,140,148,-8,8
56648,134,123,11,11
56649,79,77,2,2
56650,126,140,-14,14
56651,101,109,-8,8
56652,103,103,0,0
56653,70,65,5,5
56654,85,73,12,12
56655,84,89,-5,5
56656,58,64,-6,6
56657,139,131,8,8
56658,67,79,-12,12
56659,101,104,-3,3
56660,83,86,-3,3
56661,66,61,5,5
56662,59,56,3,3
56663,77,82,-5,5
56664,53,59,-6,6
56665,130,130,0,0
56666,59,65,-6,6
56667,94,85,9,9
56668,120,118,2,2
56669,108,102,6,6
56670,95,88,7,7
56671,67,64,3,3
56672,103,106,-3,3
56673,68,61,7,7
56674,82,79,3,3
56675,111,116,-5,5
56676,78,76,2,2
56677,59,62,-3,3
56678,72,82,-10,10
56679,101,97,4,4
56680,77,84,-7,7
56681,65,62,3,3
56682,64,72,-8,8
56683,57,63,-6,6
56684,95,100,-5,5
56685,68,68,0,0
56686,137,128,9,9
56687,65,66,-1,1
56688,82,78,4,4
56689,73,78,-5,5
56690,96,109,-13,13
56691,110,99,11,11
56692,139,139,0,0
56693,87,73,14,14
56694,113,103,10,10
56695,40,39,1,1
56696,81,86,-5,5
56697,51,56,-5,5
56698,173,168,5,5
56699,72,86,-14,14
56700,107,107,0,0
56701,112,119,-7,7
56702,125,121,4,4
56703,56,56,0,0
56704,141,132,9,9
56705,150,144,6,6
56706,136,143,-7,7
56707,127,122,5,5
56708,132,141,-9,9
56709,96,90,6,6
56710,35,51,-16,16
56711,86,84,2,2
56712,108,102,6,6
56713,149,144,5,5
56714,103,104,-1,1
56715,144,162,-18,18
56716,135,130,5,5
56717,112,106,6,6
56718,86,100,-14,14
56719,54,51,3,3
56720,78,77,1,1
56721,72,71,1,1
56722,87,92,-5,5
56723,79,97,-18,18
56724,109,128,-19,19
56725,120,108,12,12
56726,173,164,9,9
56727,57,61,-4,4
56728,40,39,1,1
56729,82,86,-4,4
56730,70,76,-6,6
56731,86,95,-9,9
56732,98,101,-3,3
56733,134,151,-17,17
56734,45,39,6,6
56735,129,124,5,5
56736,68,75,-7,7
56737,91,84,7,7
56738,113,108,5,5
56739,52,58,-6,6
56740,94,90,4,4
56741,94,102,-8,8
56742,113,111,2,2
56743,128,116,12,12
56744,99,108,-9,9
56745,105,101,4,4
56746,86,108,-22,22
56747,148,149,-1,1
56748,138,126,12,12
56749,99,84,15,15
56750,94,99,-5,5
56751,73,76,-3,3
56752,153,142,11,11
56753,95,99,-4,4
56754,118,129,-11,11
56755,129,128,1,1
56756,50,61,-11,11
56757,123,119,4,4
56758,142,141,1,1
56759,123,123,0,0
56760,148,148,0,0
56761,107,109,-2,2
56762,98,105,-7,7
56763,112,114,-2,2
56764,137,133,4,4
56765,106,109,-3,3
56766,97,91,6,6
56767,96,100,-4,4
56768,245,200,45,45
56769,115,105,10,10
56770,81,76,5,5
56771,130,115,15,15
56772,86,76,10,10
56773,128,126,2,2
56774,73,70,3,3
56775,110,103,7,7
56776,130,124,6,6
56777,97,100,-3,3
56778,80,86,-6,6
56779,91,90,1,1
56780,88,84,4,4
56781,105,106,-1,1
56782,75,70,5,5
56783,93,107,-14,14
56784,115,113,2,2
56785,133,129,4,4
56786,142,130,12,12
56787,62,74,-12,12
56788,78,82,-4,4
56789,91,84,7,7
56790,102,97,5,5
56791,109,109,0,0
56792,102,98,4,4
56793,90,87,3,3
56794,135,123,12,12
56795,31,51,-20,20
56796,143,142,1,1
56797,123,120,3,3
56798,102,97,5,5
56799,59,55,4,4
56800,83,90,-7,7
56801,99,96,3,3
56802,50,65,-15,15
56803,168,153,15,15
56804,80,85,-5,5
56805,104,119,-15,15
56806,117,113,4,4
56807,113,121,-8,8
56808,73,93,-20,20
56809,72,77,-5,5
56810,144,129,15,15
56811,131,135,-4,4
56812,107,126,-19,19
56813,85,89,-4,4
56814,58,65,-7,7
56815,67,62,5,5
56816,62,59,3,3
56817,63,57,6,6
56818,148,157,-9,9
56819,139,130,9,9
56820,82,89,-7,7
56821,133,133,0,0
56822,70,74,-4,4
56823,99,104,-5,5
56824,115,114,1,1
56825,121,124,-3,3
56826,107,115,-8,8
56827,113,101,12,12
56828,61,64,-3,3
56829,80,74,6,6
56830,78,77,1,1
56831,68,64,4,4
56832,122,132,-10,10
56833,109,102,7,7
56834,71,67,4,4
56835,60,67,-7,7
56836,125,123,2,2
56837,68,63,5,5
56838,114,114,0,0
56839,93,83,10,10
56840,75,78,-3,3
56841,99,102,-3,3
56842,133,133,0,0
56843,78,83,-5,5
56844,45,38,7,7
56845,87,78,9,9
56846,72,81,-9,9
56847,129,129,0,0
56848,93,90,3,3
56849,95,101,-6,6
56850,119,126,-7,7
56851,96,86,10,10
56852,45,39,6,6
56853,151,147,4,4
56854,75,71,4,4
56855,84,86,-2,2
56856,75,67,8,8
56857,97,144,-47,47
56858,79,83,-4,4
56859,132,130,2,2
56860,108,104,4,4
56861,115,112,3,3
56862,89,101,-12,12
56863,84,88,-4,4
56864,132,134,-2,2
56865,94,90,4,4
56866,182,189,-7,7
56867,170,163,7,7
56868,93,95,-2,2
56869,70,75,-5,5
56870,38,39,-1,1
56871,102,112,-10,10
56872,139,133,6,6
56873,97,106,-9,9
56874,87,87,0,0
56875,86,81,5,5
56876,76,88,-12,12
56877,91,99,-8,8
56878,81,77,4,4
56879,86,75,11,11
56880,90,87,3,3
56881,73,78,-5,5
56882,122,125,-3,3
56883,81,77,4,4
56884,182,178,4,4
56885,73,73,0,0
56886,108,105,3,3
56887,70,64,6,6
56888,170,164,6,6
56889,98,94,4,4
56890,83,89,-6,6
56891,89,96,-7,7
56892,79,84,-5,5
56893,77,84,-7,7
56894,82,90,-8,8
56895,79,83,-4,4
56896,165,157,8,8
56897,57,66,-9,9
56898,94,104,-10,10
56899,101,91,10,10
56900,170,187,-17,17
56901,68,74,-6,6
56902,121,117,4,4
56903,137,129,8,8
56904,72,68,4,4
56905,109,109,0,0
56906,81,76,5,5
56907,71,74,-3,3
56908,135,138,-3,3
56909,105,103,2,2
56910,101,95,6,6
56911,71,80,-9,9
56912,93,96,-3,3
56913,75,74,1,1
56914,68,140,-72,72
56915,107,106,1,1
56916,76,72,4,4
56917,127,122,5,5
56918,117,125,-8,8
56919,123,110,13,13
56920,158,168,-10,10
56921,96,98,-2,2
56922,44,38,6,6
56923,100,100,0,0
56924,69,70,-1,1
56925,77,85,-8,8
56926,66,71,-5,5
56927,71,61,10,10
56928,117,114,3,3
56929,103,110,-7,7
56930,99,98,1,1
56931,131,135,-4,4
56932,50,38,12,12
56933,39,39,0,0
56934,74,71,3,3
56935,51,52,-1,1
56936,91,95,-4,4
56937,104,113,-9,9
56938,76,72,4,4
56939,126,127,-1,1
56940,79,82,-3,3
56941,88,94,-6,6
56942,103,106,-3,3
56943,156,148,8,8
56944,153,155,-2,2
56945,82,81,1,1
56946,69,75,-6,6
56947,85,88,-3,3
56948,90,104,-14,14
56949,118,112,6,6
56950,113,117,-4,4
56951,63,70,-7,7
56952,39,39,0,0
56953,125,122,3,3
56954,111,138,-27,27
56955,85,83,2,2
56956,69,73,-4,4
56957,164,164,0,0
56958,115,117,-2,2
56959,100,123,-23,23
56960,97,101,-4,4
56961,76,88,-12,12
56962,109,123,-14,14
56963,122,121,1,1
56964,75,79,-4,4
56965,94,97,-3,3
56966,73,69,4,4
56967,138,132,6,6
56968,109,94,15,15
56969,84,91,-7,7
56970,65,62,3,3
56971,97,96,1,1
56972,150,148,2,2
56973,158,163,-5,5
56974,74,76,-2,2
56975,64,67,-3,3
56976,102,102,0,0
56977,83,96,-13,13
56978,181,166,15,15
56979,149,142,7,7
56980,67,61,6,6
56981,108,115,-7,7
56982,126,128,-2,2
56983,129,126,3,3
56984,123,119,4,4
56985,88,81,7,7
56986,79,89,-10,10
56987,122,109,13,13
56988,88,82,6,6
56989,129,135,-6,6
56990,82,79,3,3
56991,72,73,-1,1
56992,116,113,3,3
56993,93,98,-5,5
56994,82,80,2,2
56995,153,160,-7,7
56996,169,162,7,7
56997,79,93,-14,14
56998,92,92,0,0
56999,123,118,5,5
57000,75,94,-19,19
57001,162,173,-11,11
57002,79,80,-1,1
57003,90,90,0,0
57004,74,86,-12,12
57005,130,129,1,1
57006,128,122,6,6
57007,75,89,-14,14
57008,86,87,-1,1
57009,111,113,-2,2
57010,100,97,3,3
57011,57,64,-7,7
57012,126,124,2,2
57013,61,62,-1,1
57014,79,78,1,1
57015,80,67,13,13
57016,49,54,-5,5
57017,83,85,-2,2
57018,65,67,-2,2
57019,76,79,-3,3
57020,99,97,2,2
57021,152,142,10,10
57022,74,79,-5,5
57023,90,96,-6,6
57024,116,126,-10,10
57025,150,151,-1,1
57026,98,114,-16,16
57027,136,129,7,7
57028,109,107,2,2
57029,131,150,-19,19
57030,44,49,-5,5
57031,52,51,1,1
57032,73,73,0,0
57033,160,126,34,34
57034,104,103,1,1
57035,71,66,5,5
57036,52,54,-2,2
57037,69,61,8,8
57038,120,111,9,9
57039,51,39,12,12
57040,65,72,-7,7
57041,93,89,4,4
57042,62,80,-18,18
57043,108,106,2,2
57044,86,93,-7,7
57045,65,69,-4,4
57046,151,153,-2,2
57047,82,89,-7,7
57048,54,52,2,2
57049,57,58,-1,1
57050,87,91,-4,4
57051,75,79,-4,4
57052,76,78,-2,2
57053,144,147,-3,3
57054,82,89,-7,7
57055,70,66,4,4
57056,65,66,-1,1
57057,130,136,-6,6
57058,179,195,-16,16
57059,143,153,-10,10
57060,128,125,3,3
57061,59,58,1,1
57062,141,135,6,6
57063,91,88,3,3
57064,117,111,6,6
57065,103,101,2,2
57066,102,108,-6,6
57067,150,125,25,25
57068,91,86,5,5
57069,82,88,-6,6
57070,72,63,9,9
57071,146,137,9,9
57072,51,55,-4,4
57073,119,126,-7,7
57074,94,97,-3,3
57075,113,105,8,8
57076,115,111,4,4
57077,50,50,0,0
57078,72,91,-19,19
57079,127,123,4,4
57080,67,88,-21,21
57081,76,78,-2,2
57082,96,107,-11,11
57083,137,154,-17,17
57084,189,192,-3,3
57085,83,86,-3,3
57086,90,95,-5,5
57087,85,84,1,1
57088,99,98,1,1
57089,88,90,-2,2
57090,163,170,-7,7
57091,78,83,-5,5
57092,63,59,4,4
57093,87,91,-4,4
57094,81,86,-5,5
57095,117,133,-16,16
57096,86,77,9,9
57097,97,96,1,1
57098,120,119,1,1
57099,61,55,6,6
57100,109,113,-4,4
57101,82,85,-3,3
57102,98,90,8,8
57103,100,96,4,4
57104,114,107,7,7
57105,61,64,-3,3
57106,88,95,-7,7
57107,75,81,-6,6
57108,96,99,-3,3
57109,125,132,-7,7
57110,216,211,5,5
57111,91,91,0,0
57112,149,178,-29,29
57113,104,94,10,10
57114,69,70,-1,1
57115,65,65,0,0
57116,116,107,9,9
57117,66,64,2,2
57118,53,54,-1,1
57119,61,71,-10,10
57120,106,110,-4,4
57121,118,110,8,8
57122,145,146,-1,1
57123,90,87,3,3
57124,76,74,2,2
57125,48,47,1,1
57126,38,39,-1,1
57127,65,67,-2,2
57128,98,92,6,6
57129,48,60,-12,12
57130,93,96,-3,3
57131,117,124,-7,7
57132,66,67,-1,1
57133,110,99,11,11
57134,121,121,0,0
57135,95,90,5,5
57136,81,82,-1,1
57137,48,58,-10,10
57138,80,86,-6,6
57139,136,150,-14,14
57140,55,52,3,3
57141,110,103,7,7
57142,104,122,-18,18
57143,89,85,4,4
57144,90,107,-17,17
57145,111,113,-2,2
57146,85,97,-12,12
57147,113,115,-2,2
57148,100,102,-2,2
57149,147,142,5,5
57150,86,95,-9,9
57151,76,81,-5,5
57152,164,147,17,17
57153,130,121,9,9
57154,99,94,5,5
57155,40,39,1,1
57156,175,189,-14,14
57157,148,151,-3,3
57158,106,110,-4,4
57159,152,160,-8,8
57160,91,98,-7,7
57161,98,94,4,4
57162,51,60,-9,9
57163,88,92,-4,4
57164,89,90,-1,1
57165,63,57,6,6
57166,84,89,-5,5
57167,75,67,8,8
57168,117,109,8,8
57169,111,116,-5,5
57170,134,154,-20,20
57171,81,90,-9,9
57172,101,110,-9,9
57173,61,62,-1,1
57174,116,117,-1,1
57175,77,82,-5,5
57176,121,112,9,9
57177,101,97,4,4
57178,22,39,-17,17
57179,89,89,0,0
57180,134,138,-4,4
57181,132,140,-8,8
57182,48,50,-2,2
57183,102,100,2,2
57184,90,84,6,6
57185,89,90,-1,1
57186,109,115,-6,6
57187,164,154,10,10
57188,93,97,-4,4
57189,93,98,-5,5
57190,63,71,-8,8
57191,99,102,-3,3
57192,72,71,1,1
57193,85,88,-3,3
57194,76,80,-4,4
57195,85,83,2,2
57196,125,91,34,34
57197,63,61,2,2
57198,47,56,-9,9
57199,123,126,-3,3
57200,88,99,-11,11
57201,75,75,0,0
57202,78,78,0,0
57203,73,64,9,9
57204,113,131,-18,18
57205,88,84,4,4
57206,91,80,11,11
57207,99,100,-1,1
57208,92,100,-8,8
57209,102,110,-8,8
57210,84,90,-6,6
57211,153,152,1,1
57212,117,125,-8,8
57213,61,60,1,1
57214,81,78,3,3
57215,148,149,-1,1
57216,88,74,14,14
57217,109,108,1,1
57218,124,120,4,4
57219,44,54,-10,10
57220,75,73,2,2
57221,107,112,-5,5
57222,74,79,-5,5
57223,75,67,8,8
57224,97,88,9,9
57225,95,86,9,9
57226,72,66,6,6
57227,71,69,2,2
57228,100,101,-1,1
57229,110,98,12,12
57230,67,61,6,6
57231,59,57,2,2
57232,162,157,5,5
57233,97,101,-4,4
57234,66,70,-4,4
57235,87,85,2,2
57236,142,136,6,6
57237,77,84,-7,7
57238,61,56,5,5
57239,61,117,-56,56
57240,131,122,9,9
57241,84,88,-4,4
57242,77,83,-6,6
57243,60,60,0,0
57244,77,81,-4,4
57245,47,52,-5,5
57246,71,77,-6,6
57247,118,124,-6,6
57248,105,119,-14,14
57249,137,137,0,0
57250,48,60,-12,12
57251,81,86,-5,5
57252,105,96,9,9
57253,107,104,3,3
57254,149,146,3,3
57255,88,86,2,2
57256,104,96,8,8
57257,130,116,14,14
57258,118,123,-5,5
57259,50,68,-18,18
57260,113,105,8,8
57261,48,51,-3,3
57262,105,109,-4,4
57263,63,73,-10,10
57264,63,65,-2,2
57265,65,71,-6,6
57266,105,109,-4,4
57267,38,39,-1,1
57268,57,60,-3,3
57269,94,94,0,0
57270,87,80,7,7
57271,68,67,1,1
57272,66,75,-9,9
57273,87,93,-6,6
57274,121,117,4,4
57275,104,100,4,4
57276,124,132,-8,8
57277,158,148,10,10
57278,30,39,-9,9
57279,101,124,-23,23
57280,86,77,9,9
57281,93,89,4,4
57282,123,141,-18,18
57283,102,92,10,10
57284,142,163,-21,21
57285,61,79,-18,18
57286,75,86,-11,11
57287,125,134,-9,9
57288,95,94,1,1
57289,171,168,3,3
57290,96,129,-33,33
57291,123,124,-1,1
57292,106,116,-10,10
57293,62,62,0,0
57294,87,86,1,1
57295,57,56,1,1
57296,56,50,6,6
57297,124,125,-1,1
57298,81,78,3,3
57299,109,97,12,12
57300,165,177,-12,12
57301,171,162,9,9
57302,104,103,1,1
57303,59,66,-7,7
57304,40,39,1,1
57305,74,91,-17,17
57306,127,126,1,1
57307,73,85,-12,12
57308,130,126,4,4
57309,47,64,-17,17
57310,59,67,-8,8
57311,156,146,10,10
57312,101,92,9,9
57313,89,82,7,7
57314,95,96,-1,1
57315,60,69,-9,9
57316,91,94,-3,3
57317,74,73,1,1
57318,160,155,5,5
57319,114,111,3,3
57320,148,146,2,2
57321,80,76,4,4
57322,24,38,-14,14
57323,52,56,-4,4
57324,259,245,14,14
57325,44,39,5,5
57326,149,148,1,1
57327,57,61,-4,4
57328,126,136,-10,10
57329,142,134,8,8
57330,111,116,-5,5
57331,167,167,0,0
57332,76,74,2,2
57333,69,67,2,2
57334,110,121,-11,11
57335,92,103,-11,11
57336,99,87,12,12
57337,95,99,-4,4
57338,114,106,8,8
57339,91,97,-6,6
57340,104,101,3,3
57341,84,86,-2,2
57342,164,153,11,11
57343,44,50,-6,6
57344,75,69,6,6
57345,95,97,-2,2
57346,27,39,-12,12
57347,81,87,-6,6
57348,72,73,-1,1
57349,100,93,7,7
57350,131,118,13,13
57351,61,67,-6,6
57352,89,88,1,1
57353,65,68,-3,3
57354,53,62,-9,9
57355,103,115,-12,12
57356,129,129,0,0
57357,114,106,8,8
57358,102,105,-3,3
57359,87,97,-10,10
57360,77,67,10,10
57361,72,74,-2,2
57362,71,74,-3,3
57363,67,58,9,9
57364,116,119,-3,3
57365,102,98,4,4
57366,83,78,5,5
57367,55,54,1,1
57368,71,85,-14,14
57369,84,75,9,9
57370,98,98,0,0
57371,101,92,9,9
57372,82,74,8,8
57373,117,122,-5,5
57374,126,133,-7,7
57375,66,72,-6,6
57376,81,89,-8,8
57377,189,201,-12,12
57378,90,86,4,4
57379,86,84,2,2
57380,107,103,4,4
57381,117,142,-25,25
57382,54,56,-2,2
57383,81,88,-7,7
57384,85,79,6,6
57385,88,94,-6,6
57386,57,62,-5,5
57387,103,108,-5,5
57388,103,99,4,4
57389,95,95,0,0
57390,107,105,2,2
57391,91,92,-1,1
57392,111,134,-23,23
57393,200,197,3,3
57394,83,88,-5,5
57395,86,85,1,1
57396,80,87,-7,7
57397,109,114,-5,5
57398,69,67,2,2
57399,78,74,4,4
57400,70,79,-9,9
57401,77,76,1,1
57402,69,62,7,7
57403,96,88,8,8
57404,121,145,-24,24
57405,90,98,-8,8
57406,152,148,4,4
57407,91,86,5,5
57408,89,88,1,1
57409,104,100,4,4
57410,88,72,16,16
57411,113,112,1,1
57412,81,92,-11,11
57413,92,86,6,6
57414,112,101,11,11
57415,113,120,-7,7
57416,119,110,9,9
57417,68,68,0,0
57418,183,167,16,16
57419,154,145,9,9
57420,115,118,-3,3
57421,173,197,-24,24
57422,108,104,4,4
57423,124,138,-14,14
57424,71,64,7,7
57425,84,79,5,5
57426,80,79,1,1
57427,90,100,-10,10
57428,74,67,7,7
57429,89,77,12,12
57430,81,90,-9,9
57431,100,91,9,9
57432,136,138,-2,2
57433,55,56,-1,1
57434,105,109,-4,4
57435,77,73,4,4
57436,192,192,0,0
57437,99,91,8,8
57438,90,89,1,1
57439,134,127,7,7
57440,113,113,0,0
57441,90,84,6,6
57442,150,138,12,12
57443,52,58,-6,6
57444,102,101,1,1
57445,55,52,3,3
57446,110,112,-2,2
57447,57,56,1,1
57448,57,59,-2,2
57449,97,98,-1,1
57450,117,124,-7,7
57451,83,90,-7,7
57452,121,115,6,6
57453,58,59,-1,1
57454,101,101,0,0
57455,63,64,-1,1
57456,105,107,-2,2
57457,94,88,6,6
57458,138,138,0,0
57459,62,60,2,2
57460,113,118,-5,5
57461,50,54,-4,4
57462,90,94,-4,4
57463,135,141,-6,6
57464,68,58,10,10
57465,94,89,5,5
57466,63,61,2,2
57467,179,170,9,9
57468,78,76,2,2
57469,197,180,17,17
57470,124,127,-3,3
57471,115,129,-14,14
57472,105,102,3,3
57473,135,140,-5,5
57474,59,59,0,0
57475,75,84,-9,9
57476,131,126,5,5
57477,125,131,-6,6
57478,82,91,-9,9
57479,193,192,1,1
57480,23,37,-14,14
57481,67,64,3,3
57482,204,201,3,3
57483,78,83,-5,5
57484,95,99,-4,4
57485,143,145,-2,2
57486,69,68,1,1
57487,78,72,6,6
57488,185,188,-3,3
57489,60,64,-4,4
57490,93,84,9,9
57491,49,51,-2,2
57492,151,137,14,14
57493,93,88,5,5
57494,109,104,5,5
57495,58,56,2,2
57496,132,117,15,15
57497,85,75,10,10
57498,118,100,18,18
57499,69,71,-2,2
57500,76,78,-2,2
57501,68,76,-8,8
57502,68,68,0,0
57503,103,118,-15,15
57504,116,116,0,0
57505,189,172,17,17
57506,64,69,-5,5
57507,54,53,1,1
57508,99,100,-1,1
57509,140,132,8,8
57510,52,41,11,11
57511,144,146,-2,2
57512,96,93,3,3
57513,60,82,-22,22
57514,131,135,-4,4
57515,101,115,-14,14
57516,21,38,-17,17
57517,77,79,-2,2
57518,94,98,-4,4
57519,64,59,5,5
57520,77,71,6,6
57521,89,90,-1,1
57522,68,68,0,0
57523,100,78,22,22
57524,94,94,0,0
57525,99,96,3,3
57526,104,109,-5,5
57527,76,76,0,0
57528,41,39,2,2
57529,89,81,8,8
57530,159,141,18,18
57531,145,131,14,14
57532,89,84,5,5
57533,117,124,-7,7
57534,56,67,-11,11
57535,112,111,1,1
57536,59,58,1,1
57537,54,55,-1,1
57538,83,76,7,7
57539,70,75,-5,5
57540,64,63,1,1
57541,134,134,0,0
57542,107,121,-14,14
57543,81,83,-2,2
57544,117,124,-7,7
57545,123,130,-7,7
57546,114,103,11,11
57547,173,165,8,8
57548,79,74,5,5
57549,117,108,9,9
57550,32,38,-6,6
57551,87,82,5,5
57552,189,189,0,0
57553,70,79,-9,9
57554,155,138,17,17
57555,81,84,-3,3
57556,168,168,0,0
57557,114,113,1,1
57558,153,165,-12,12
57559,124,118,6,6
57560,51,43,8,8
57561,105,113,-8,8
57562,101,118,-17,17
57563,86,89,-3,3
57564,129,126,3,3
57565,122,116,6,6
57566,149,144,5,5
57567,85,81,4,4
57568,73,69,4,4
57569,66,68,-2,2
57570,180,165,15,15
57571,33,38,-5,5
57572,70,75,-5,5
57573,101,120,-19,19
57574,89,97,-8,8
57575,120,122,-2,2
57576,121,115,6,6
57577,91,92,-1,1
57578,90,88,2,2
57579,121,121,0,0
57580,154,163,-9,9
57581,110,106,4,4
57582,65,60,5,5
57583,107,120,-13,13
57584,141,138,3,3
57585,61,65,-4,4
57586,119,126,-7,7
57587,135,137,-2,2
57588,185,170,15,15
57589,46,51,-5,5
57590,89,89,0,0
57591,134,135,-1,1
57592,102,100,2,2
57593,138,142,-4,4
57594,104,99,5,5
57595,176,172,4,4
57596,112,110,2,2
57597,135,136,-1,1
57598,119,120,-1,1
57599,82,74,8,8
57600,99,104,-5,5
57601,119,112,7,7
57602,98,110,-12,12
57603,96,101,-5,5
57604,90,102,-12,12
57605,81,72,9,9
57606,65,64,1,1
57607,120,117,3,3
57608,90,89,1,1
57609,80,85,-5,5
57610,81,90,-9,9
57611,78,103,-25,25
57612,82,75,7,7
57613,155,139,16,16
57614,77,74,3,3
57615,116,121,-5,5
57616,78,80,-2,2
57617,69,64,5,5
57618,64,64,0,0
57619,88,89,-1,1
57620,56,54,2,2
57621,62,73,-11,11
57622,49,55,-6,6
57623,120,108,12,12
57624,154,153,1,1
57625,86,88,-2,2
57626,61,67,-6,6
57627,66,62,4,4
57628,145,128,17,17
57629,83,93,-10,10
57630,136,132,4,4
57631,88,98,-10,10
57632,71,82,-11,11
57633,93,89,4,4
57634,97,94,3,3
57635,94,86,8,8
57636,97,103,-6,6
57637,57,66,-9,9
57638,142,142,0,0
57639,119,117,2,2
57640,87,93,-6,6
57641,131,143,-12,12
57642,119,126,-7,7
57643,76,71,5,5
57644,55,52,3,3
57645,106,103,3,3
57646,70,73,-3,3
57647,103,103,0,0
57648,96,88,8,8
57649,150,152,-2,2
57650,128,134,-6,6
57651,38,38,0,0
57652,65,77,-12,12
57653,79,76,3,3
57654,96,90,6,6
57655,88,86,2,2
57656,185,208,-23,23
57657,81,76,5,5
57658,151,141,10,10
57659,94,95,-1,1
57660,72,74,-2,2
57661,110,109,1,1
57662,109,107,2,2
57663,80,74,6,6
57664,68,72,-4,4
57665,111,99,12,12
57666,67,71,-4,4
57667,95,92,3,3
57668,114,119,-5,5
57669,51,51,0,0
57670,111,111,0,0
57671,118,109,9,9
57672,157,140,17,17
57673,82,86,-4,4
57674,119,97,22,22
57675,73,72,1,1
57676,88,80,8,8
57677,46,39,7,7
57678,61,58,3,3
57679,81,84,-3,3
57680,117,114,3,3
57681,87,85,2,2
57682,71,61,10,10
57683,70,69,1,1
57684,98,114,-16,16
57685,89,92,-3,3
57686,100,95,5,5
57687,124,115,9,9
57688,166,163,3,3
57689,90,87,3,3
57690,43,38,5,5
57691,175,161,14,14
57692,104,109,-5,5
57693,180,181,-1,1
57694,57,53,4,4
57695,36,41,-5,5
57696,144,160,-16,16
57697,136,131,5,5
57698,56,58,-2,2
57699,93,99,-6,6
57700,91,92,-1,1
57701,98,99,-1,1
57702,82,66,16,16
57703,101,114,-13,13
57704,113,116,-3,3
57705,53,58,-5,5
57706,55,58,-3,3
57707,120,114,6,6
57708,105,102,3,3
57709,71,74,-3,3
57710,78,74,4,4
57711,165,172,-7,7
57712,82,87,-5,5
57713,126,119,7,7
57714,114,109,5,5
57715,143,139,4,4
57716,118,116,2,2
57717,94,98,-4,4
57718,41,39,2,2
57719,67,64,3,3
57720,83,80,3,3
57721,119,102,17,17
57722,62,62,0,0
57723,55,52,3,3
57724,95,97,-2,2
57725,91,96,-5,5
57726,68,70,-2,2
57727,144,151,-7,7
57728,64,64,0,0
57729,43,57,-14,14
57730,81,90,-9,9
57731,94,86,8,8
57732,77,76,1,1
57733,167,178,-11,11
57734,51,58,-7,7
57735,117,107,10,10
57736,93,94,-1,1
57737,71,71,0,0
57738,64,66,-2,2
57739,168,164,4,4
57740,98,99,-1,1
57741,38,39,-1,1
57742,124,116,8,8
57743,104,114,-10,10
57744,45,39,6,6
57745,36,39,-3,3
57746,82,83,-1,1
57747,120,112,8,8
57748,108,119,-11,11
57749,43,47,-4,4
57750,85,80,5,5
57751,146,141,5,5
57752,82,100,-18,18
57753,115,108,7,7
57754,98,89,9,9
57755,87,80,7,7
57756,124,132,-8,8
57757,86,84,2,2
57758,92,110,-18,18
57759,109,93,16,16
57760,125,121,4,4
57761,140,153,-13,13
57762,84,104,-20,20
57763,66,64,2,2
57764,131,122,9,9
57765,81,74,7,7
57766,88,85,3,3
57767,143,161,-18,18
57768,74,79,-5,5
57769,118,129,-11,11
57770,56,63,-7,7
57771,61,63,-2,2
57772,112,120,-8,8
57773,119,112,7,7
57774,102,97,5,5
57775,101,128,-27,27
57776,71,67,4,4
57777,118,116,2,2
57778,119,135,-16,16
57779,83,88,-5,5
57780,133,124,9,9
57781,57,57,0,0
57782,87,86,1,1
57783,6,37,-31,31
57784,76,85,-9,9
57785,124,120,4,4
57786,28,38,-10,10
57787,65,61,4,4
57788,86,76,10,10
57789,111,117,-6,6
57790,59,67,-8,8
57791,94,95,-1,1
57792,97,116,-19,19
57793,115,120,-5,5
57794,75,81,-6,6
57795,144,138,6,6
57796,86,96,-10,10
57797,74,73,1,1
57798,102,105,-3,3
57799,79,76,3,3
57800,99,100,-1,1
57801,140,156,-16,16
57802,101,101,0,0
57803,156,147,9,9
57804,92,89,3,3
57805,70,71,-1,1
57806,59,69,-10,10
57807,116,112,4,4
57808,138,139,-1,1
57809,136,146,-10,10
57810,61,59,2,2
57811,53,55,-2,2
57812,79,71,8,8
57813,90,86,4,4
57814,127,123,4,4
57815,177,154,23,23
57816,110,123,-13,13
57817,129,126,3,3
57818,106,129,-23,23
57819,74,78,-4,4
57820,154,162,-8,8
57821,129,133,-4,4
57822,73,71,2,2
57823,77,85,-8,8
57824,84,91,-7,7
57825,103,99,4,4
57826,90,121,-31,31
57827,109,108,1,1
57828,68,62,6,6
57829,72,66,6,6
57830,105,117,-12,12
57831,65,65,0,0
57832,95,93,2,2
57833,133,134,-1,1
57834,103,95,8,8
57835,107,115,-8,8
57836,79,76,3,3
57837,116,110,6,6
57838,91,84,7,7
57839,72,84,-12,12
57840,66,85,-19,19
57841,147,141,6,6
57842,90,101,-11,11
57843,192,216,-24,24
57844,98,115,-17,17
57845,105,103,2,2
57846,44,50,-6,6
57847,102,91,11,11
57848,82,90,-8,8
57849,107,105,2,2
57850,102,101,1,1
57851,135,128,7,7
57852,157,147,10,10
57853,61,57,4,4
57854,155,151,4,4
57855,121,133,-12,12
57856,77,75,2,2
57857,142,142,0,0
57858,95,87,8,8
57859,104,99,5,5
57860,77,78,-1,1
57861,135,133,2,2
57862,101,101,0,0
57863,65,60,5,5
57864,108,106,2,2
57865,46,51,-5,5
57866,196,198,-2,2
57867,83,85,-2,2
57868,92,85,7,7
57869,66,61,5,5
57870,87,83,4,4
57871,76,73,3,3
57872,24,40,-16,16
57873,94,105,-11,11
57874,85,72,13,13
57875,147,200,-53,53
57876,104,117,-13,13
57877,97,94,3,3
57878,159,147,12,12
57879,103,100,3,3
57880,114,117,-3,3
57881,133,138,-5,5
57882,66,64,2,2
57883,101,105,-4,4
57884,71,65,6,6
57885,85,85,0,0
57886,87,74,13,13
57887,116,101,15,15
57888,88,80,8,8
57889,64,61,3,3
57890,48,52,-4,4
57891,55,54,1,1
57892,61,90,-29,29
57893,86,96,-10,10
57894,56,54,2,2
57895,58,52,6,6
57896,77,79,-2,2
57897,70,76,-6,6
57898,78,84,-6,6
57899,136,132,4,4
57900,69,70,-1,1
57901,68,63,5,5
57902,102,99,3,3
57903,67,64,3,3
57904,82,77,5,5
57905,54,53,1,1
57906,70,74,-4,4
57907,83,80,3,3
57908,129,119,10,10
57909,43,39,4,4
57910,46,60,-14,14
57911,119,122,-3,3
57912,50,52,-2,2
57913,76,75,1,1
57914,168,165,3,3
57915,83,81,2,2
57916,116,106,10,10
57917,121,138,-17,17
57918,96,105,-9,9
57919,126,136,-10,10
57920,86,90,-4,4
57921,85,77,8,8
57922,93,84,9,9
57923,52,54,-2,2
57924,129,130,-1,1
57925,87,84,3,3
57926,38,39,-1,1
57927,61,74,-13,13
57928,77,78,-1,1
57929,73,69,4,4
57930,143,154,-11,11
57931,59,61,-2,2
57932,57,59,-2,2
57933,64,64,0,0
57934,140,139,1,1
57935,109,115,-6,6
57936,91,89,2,2
57937,64,63,1,1
57938,105,91,14,14
57939,121,110,11,11
57940,65,58,7,7
57941,80,85,-5,5
57942,75,75,0,0
57943,90,85,5,5
57944,93,104,-11,11
57945,60,63,-3,3
57946,75,75,0,0
57947,97,101,-4,4
57948,130,126,4,4
57949,111,104,7,7
57950,82,74,8,8
57951,102,99,3,3
57952,72,69,3,3
57953,180,191,-11,11
57954,71,86,-15,15
57955,92,91,1,1
57956,109,108,1,1
57957,113,111,2,2
57958,117,120,-3,3
57959,105,109,-4,4
57960,85,82,3,3
57961,75,67,8,8
57962,77,75,2,2
57963,79,80,-1,1
57964,106,102,4,4
57965,52,61,-9,9
57966,107,84,23,23
57967,89,93,-4,4
57968,150,148,2,2
57969,84,84,0,0
57970,78,82,-4,4
57971,124,119,5,5
57972,58,58,0,0
57973,110,113,-3,3
57974,108,111,-3,3
57975,95,109,-14,14
57976,139,128,11,11
57977,92,93,-1,1
57978,63,67,-4,4
57979,81,85,-4,4
57980,103,91,12,12
57981,75,72,3,3
57982,75,83,-8,8
57983,125,124,1,1
57984,98,108,-10,10
57985,101,99,2,2
57986,73,85,-12,12
57987,95,94,1,1
57988,120,115,5,5
57989,90,104,-14,14
57990,178,164,14,14
57991,111,117,-6,6
57992,90,90,0,0
57993,91,76,15,15
57994,92,81,11,11
57995,77,77,0,0
57996,87,82,5,5
57997,121,121,0,0
57998,99,90,9,9
57999,119,127,-8,8
58000,85,94,-9,9
58001,102,104,-2,2
58002,102,96,6,6
58003,68,62,6,6
58004,159,144,15,15
58005,91,76,15,15
58006,85,91,-6,6
58007,77,84,-7,7
58008,136,140,-4,4
58009,182,173,9,9
58010,101,101,0,0
58011,63,63,0,0
58012,89,104,-15,15
58013,78,77,1,1
58014,104,98,6,6
58015,113,112,1,1
58016,88,89,-1,1
58017,87,86,1,1
58018,182,172,10,10
58019,97,95,2,2
58020,123,124,-1,1
58021,93,123,-30,30
58022,77,64,13,13
58023,87,85,2,2
58024,71,72,-1,1
58025,60,59,1,1
58026,95,104,-9,9
58027,92,84,8,8
58028,78,75,3,3
58029,84,91,-7,7
58030,153,148,5,5
58031,140,149,-9,9
58032,99,85,14,14
58033,57,58,-1,1
58034,83,86,-3,3
58035,79,76,3,3
58036,87,89,-2,2
58037,85,108,-23,23
58038,80,80,0,0
58039,69,73,-4,4
58040,68,70,-2,2
58041,94,100,-6,6
58042,79,86,-7,7
58043,115,113,2,2
58044,59,63,-4,4
58045,183,196,-13,13
58046,64,62,2,2
58047,109,102,7,7
58048,54,39,15,15
58049,62,59,3,3
58050,69,83,-14,14
58051,62,58,4,4
58052,71,67,4,4
58053,140,138,2,2
58054,73,70,3,3
58055,124,126,-2,2
58056,86,92,-6,6
58057,142,154,-12,12
58058,170,173,-3,3
58059,69,64,5,5
58060,124,131,-7,7
58061,123,129,-6,6
58062,104,90,14,14
58063,65,71,-6,6
58064,110,110,0,0
58065,80,70,10,10
58066,66,66,0,0
58067,96,90,6,6
58068,116,122,-6,6
58069,74,69,5,5
58070,59,59,0,0
58071,64,56,8,8
58072,115,120,-5,5
58073,89,83,6,6
58074,136,123,13,13
58075,51,51,0,0
58076,73,70,3,3
58077,68,74,-6,6
58078,116,114,2,2
58079,135,143,-8,8
58080,29,40,-11,11
58081,96,88,8,8
58082,38,61,-23,23
58083,170,176,-6,6
58084,125,126,-1,1
58085,160,150,10,10
58086,108,120,-12,12
58087,144,141,3,3
58088,70,61,9,9
58089,100,97,3,3
58090,62,61,1,1
58091,129,131,-2,2
58092,99,90,9,9
58093,93,101,-8,8
58094,108,95,13,13
58095,59,55,4,4
58096,43,52,-9,9
58097,119,107,12,12
58098,71,63,8,8
58099,147,167,-20,20
58100,60,59,1,1
58101,79,89,-10,10
58102,64,68,-4,4
58103,73,71,2,2
58104,105,109,-4,4
58105,80,77,3,3
58106,79,82,-3,3
58107,90,87,3,3
58108,89,78,11,11
58109,73,69,4,4
58110,113,118,-5,5
58111,78,86,-8,8
58112,63,82,-19,19
58113,142,136,6,6
58114,145,164,-19,19
58115,95,99,-4,4
58116,101,100,1,1
58117,126,114,12,12
58118,154,145,9,9
58119,184,162,22,22
58120,116,124,-8,8
58121,84,86,-2,2
58122,129,136,-7,7
58123,74,73,1,1
58124,97,91,6,6
58125,88,108,-20,20
58126,102,108,-6,6
58127,69,70,-1,1
58128,73,79,-6,6
58129,77,66,11,11
58130,98,99,-1,1
58131,78,83,-5,5
58132,108,94,14,14
58133,78,76,2,2
58134,86,95,-9,9
58135,70,63,7,7
58136,70,72,-2,2
58137,78,75,3,3
58138,81,79,2,2
58139,55,62,-7,7
58140,37,38,-1,1
58141,80,82,-2,2
58142,68,66,2,2
58143,130,132,-2,2
58144,100,98,2,2
58145,71,76,-5,5
58146,97,97,0,0
58147,147,149,-2,2
58148,93,98,-5,5
58149,165,174,-9,9
58150,70,72,-2,2
58151,59,65,-6,6
58152,46,39,7,7
58153,132,116,16,16
58154,90,76,14,14
58155,208,210,-2,2
58156,124,133,-9,9
58157,92,101,-9,9
58158,75,73,2,2
58159,103,100,3,3
58160,47,51,-4,4
58161,72,61,11,11
58162,65,62,3,3
58163,107,112,-5,5
58164,131,132,-1,1
58165,67,73,-6,6
58166,119,117,2,2
58167,63,64,-1,1
58168,153,142,11,11
58169,72,75,-3,3
58170,131,148,-17,17
58171,92,86,6,6
58172,70,69,1,1
58173,93,99,-6,6
58174,48,61,-13,13
58175,75,69,6,6
58176,185,185,0,0
58177,90,77,13,13
58178,53,53,0,0
58179,130,133,-3,3
58180,139,145,-6,6
58181,92,98,-6,6
58182,77,111,-34,34
58183,130,120,10,10
58184,88,82,6,6
58185,68,74,-6,6
58186,144,124,20,20
58187,73,75,-2,2
58188,136,140,-4,4
58189,115,111,4,4
58190,79,84,-5,5
58191,97,95,2,2
58192,70,67,3,3
58193,76,83,-7,7
58194,110,108,2,2
58195,103,120,-17,17
58196,106,107,-1,1
58197,82,83,-1,1
58198,82,86,-4,4
58199,64,60,4,4
58200,108,109,-1,1
58201,162,157,5,5
58202,64,67,-3,3
58203,42,39,3,3
58204,128,129,-1,1
58205,93,86,7,7
58206,83,79,4,4
58207,75,66,9,9
58208,113,110,3,3
58209,131,127,4,4
58210,70,63,7,7
58211,82,86,-4,4
58212,53,55,-2,2
58213,92,95,-3,3
58214,123,117,6,6
58215,132,126,6,6
58216,71,69,2,2
58217,83,85,-2,2
58218,52,54,-2,2
58219,102,100,2,2
58220,51,55,-4,4
58221,90,83,7,7
58222,121,131,-10,10
58223,125,126,-1,1
58224,66,65,1,1
58225,99,110,-11,11
58226,71,85,-14,14
58227,103,102,1,1
58228,87,91,-4,4
58229,130,134,-4,4
58230,74,71,3,3
58231,171,167,4,4
58232,146,131,15,15
58233,81,82,-1,1
58234,72,65,7,7
58235,81,95,-14,14
58236,58,48,10,10
58237,111,105,6,6
58238,148,152,-4,4
58239,76,74,2,2
58240,78,74,4,4
58241,91,96,-5,5
58242,91,95,-4,4
58243,70,73,-3,3
58244,155,141,14,14
58245,89,95,-6,6
58246,55,51,4,4
58247,97,85,12,12
58248,71,65,6,6
58249,134,143,-9,9
58250,85,74,11,11
58251,76,72,4,4
58252,98,110,-12,12
58253,51,56,-5,5
58254,111,106,5,5
58255,59,61,-2,2
58256,112,109,3,3
58257,43,39,4,4
58258,122,114,8,8
58259,62,83,-21,21
58260,57,55,2,2
58261,94,102,-8,8
58262,92,89,3,3
58263,113,124,-11,11
58264,125,121,4,4
58265,98,102,-4,4
58266,58,59,-1,1
58267,110,104,6,6
58268,69,71,-2,2
58269,57,63,-6,6
58270,54,52,2,2
58271,69,64,5,5
58272,84,92,-8,8
58273,81,90,-9,9
58274,72,71,1,1
58275,120,109,11,11
58276,59,61,-2,2
58277,121,113,8,8
58278,54,62,-8,8
58279,62,60,2,2
58280,83,74,9,9
58281,85,76,9,9
58282,102,108,-6,6
58283,109,99,10,10
58284,128,143,-15,15
58285,128,117,11,11
58286,155,119,36,36
58287,75,77,-2,2
58288,44,38,6,6
58289,106,111,-5,5
58290,122,110,12,12
58291,99,97,2,2
58292,76,74,2,2
58293,93,89,4,4
58294,59,60,-1,1
58295,115,107,8,8
58296,147,146,1,1
58297,104,108,-4,4
58298,56,58,-2,2
58299,119,116,3,3
58300,92,92,0,0
58301,55,56,-1,1
58302,70,62,8,8
58303,79,84,-5,5
58304,106,102,4,4
58305,141,134,7,7
58306,142,143,-1,1
58307,100,102,-2,2
58308,71,67,4,4
58309,37,38,-1,1
58310,58,61,-3,3
58311,107,114,-7,7
58312,104,103,1,1
58313,125,125,0,0
58314,95,127,-32,32
58315,164,160,4,4
58316,45,56,-11,11
58317,86,82,4,4
58318,101,99,2,2
58319,117,110,7,7
58320,85,99,-14,14
58321,60,58,2,2
58322,141,155,-14,14
58323,101,106,-5,5
58324,113,103,10,10
58325,108,111,-3,3
58326,86,83,3,3
58327,121,114,7,7
58328,165,190,-25,25
58329,58,57,1,1
58330,165,166,-1,1
58331,99,102,-3,3
58332,77,82,-5,5
58333,120,117,3,3
58334,132,123,9,9
58335,138,124,14,14
58336,104,130,-26,26
58337,59,57,2,2
58338,68,62,6,6
58339,76,78,-2,2
58340,81,94,-13,13
58341,126,124,2,2
58342,125,96,29,29
58343,39,39,0,0
58344,103,82,21,21
58345,64,69,-5,5
58346,120,112,8,8
58347,53,55,-2,2
58348,81,74,7,7
58349,128,123,5,5
58350,75,74,1,1
58351,67,57,10,10
58352,158,145,13,13
58353,77,92,-15,15
58354,140,147,-7,7
58355,75,83,-8,8
58356,114,116,-2,2
58357,82,83,-1,1
58358,96,98,-2,2
58359,142,133,9,9
58360,84,98,-14,14
58361,84,65,19,19
58362,69,65,4,4
58363,63,64,-1,1
58364,83,86,-3,3
58365,136,136,0,0
58366,107,105,2,2
58367,95,98,-3,3
58368,157,143,14,14
58369,89,92,-3,3
58370,85,84,1,1
58371,102,104,-2,2
58372,103,109,-6,6
58373,88,85,3,3
58374,100,96,4,4
58375,69,65,4,4
58376,84,73,11,11
58377,32,39,-7,7
58378,52,54,-2,2
58379,156,151,5,5
58380,71,62,9,9
58381,114,109,5,5
58382,83,83,0,0
58383,81,81,0,0
58384,164,147,17,17
58385,109,105,4,4
58386,89,97,-8,8
58387,125,107,18,18
58388,82,74,8,8
58389,73,73,0,0
58390,117,145,-28,28
58391,69,68,1,1
58392,98,95,3,3
58393,114,100,14,14
58394,86,86,0,0
58395,112,102,10,10
58396,96,104,-8,8
58397,113,112,1,1
58398,86,95,-9,9
58399,130,125,5,5
58400,80,79,1,1
58401,134,140,-6,6
58402,158,162,-4,4
58403,59,56,3,3
58404,55,59,-4,4
58405,87,91,-4,4
58406,42,38,4,4
58407,76,74,2,2
58408,62,59,3,3
58409,119,117,2,2
58410,103,103,0,0
58411,172,176,-4,4
58412,134,143,-9,9
58413,68,65,3,3
58414,62,57,5,5
58415,57,63,-6,6
58416,147,136,11,11
58417,93,90,3,3
58418,116,114,2,2
58419,161,163,-2,2
58420,79,96,-17,17
58421,148,150,-2,2
58422,118,117,1,1
58423,46,54,-8,8
58424,130,133,-3,3
58425,163,159,4,4
58426,56,59,-3,3
58427,74,69,5,5
58428,66,72,-6,6
58429,84,73,11,11
58430,76,83,-7,7
58431,88,85,3,3
58432,69,67,2,2
58433,60,61,-1,1
58434,75,72,3,3
58435,164,158,6,6
58436,71,82,-11,11
58437,125,108,17,17
58438,86,90,-4,4
58439,62,57,5,5
58440,82,82,0,0
58441,55,54,1,1
58442,58,71,-13,13
58443,52,62,-10,10
58444,107,102,5,5
58445,82,91,-9,9
58446,118,117,1,1
58447,104,101,3,3
58448,65,63,2,2
58449,148,162,-14,14
58450,104,107,-3,3
58451,189,187,2,2
58452,126,130,-4,4
58453,92,82,10,10
58454,122,121,1,1
58455,75,77,-2,2
58456,99,99,0,0
58457,99,101,-2,2
58458,154,159,-5,5
58459,89,97,-8,8
58460,145,150,-5,5
58461,81,70,11,11
58462,146,158,-12,12
58463,171,182,-11,11
58464,52,55,-3,3
58465,81,73,8,8
58466,102,100,2,2
58467,137,154,-17,17
58468,43,38,5,5
58469,93,97,-4,4
58470,62,60,2,2
58471,110,103,7,7
58472,78,74,4,4
58473,112,121,-9,9
58474,64,68,-4,4
58475,52,54,-2,2
58476,51,66,-15,15
58477,71,78,-7,7
58478,62,60,2,2
58479,54,48,6,6
58480,81,64,17,17
58481,156,138,18,18
58482,76,79,-3,3
58483,74,66,8,8
58484,63,67,-4,4
58485,59,53,6,6
58486,45,39,6,6
58487,127,111,16,16
58488,110,102,8,8
58489,68,64,4,4
58490,89,90,-1,1
58491,64,62,2,2
58492,116,122,-6,6
58493,68,71,-3,3
58494,211,219,-8,8
58495,93,89,4,4
58496,79,78,1,1
58497,84,82,2,2
58498,73,70,3,3
58499,82,76,6,6
58500,80,94,-14,14
58501,75,76,-1,1
58502,83,86,-3,3
58503,123,122,1,1
58504,52,51,1,1
58505,133,125,8,8
58506,90,89,1,1
58507,70,64,6,6
58508,74,81,-7,7
58509,84,87,-3,3
58510,90,95,-5,5
58511,92,95,-3,3
58512,55,63,-8,8
58513,62,63,-1,1
58514,120,121,-1,1
58515,84,87,-3,3
58516,83,76,7,7
58517,95,116,-21,21
58518,79,72,7,7
58519,89,94,-5,5
58520,149,147,2,2
58521,81,114,-33,33
58522,91,96,-5,5
58523,87,77,10,10
58524,76,75,1,1
58525,45,47,-2,2
58526,226,229,-3,3
58527,125,124,1,1
58528,148,168,-20,20
58529,60,59,1,1
58530,134,136,-2,2
58531,165,162,3,3
58532,129,125,4,4
58533,65,61,4,4
58534,89,87,2,2
58535,95,98,-3,3
58536,83,85,-2,2
58537,79,76,3,3
58538,111,108,3,3
58539,83,78,5,5
58540,121,121,0,0
58541,97,99,-2,2
58542,114,117,-3,3
58543,55,52,3,3
58544,118,113,5,5
58545,95,94,1,1
58546,80,78,2,2
58547,112,115,-3,3
58548,127,122,5,5
58549,140,135,5,5
58550,100,176,-76,76
58551,50,53,-3,3
58552,130,130,0,0
58553,77,76,1,1
58554,86,98,-12,12
58555,117,104,13,13
58556,163,160,3,3
58557,78,78,0,0
58558,118,117,1,1
58559,110,118,-8,8
58560,93,85,8,8
58561,76,91,-15,15
58562,71,61,10,10
58563,85,87,-2,2
58564,39,39,0,0
58565,77,83,-6,6
58566,57,55,2,2
58567,68,67,1,1
58568,74,71,3,3
58569,80,76,4,4
58570,86,91,-5,5
58571,55,54,1,1
58572,129,108,21,21
58573,181,192,-11,11
58574,71,70,1,1
58575,106,134,-28,28
58576,43,40,3,3
58577,157,160,-3,3
58578,68,65,3,3
58579,134,127,7,7
58580,137,150,-13,13
58581,71,70,1,1
58582,48,39,9,9
58583,45,52,-7,7
58584,75,77,-2,2
58585,67,80,-13,13
58586,108,100,8,8
58587,81,78,3,3
58588,94,97,-3,3
58589,229,231,-2,2
58590,58,60,-2,2
58591,75,86,-11,11
58592,97,114,-17,17
58593,142,144,-2,2
58594,196,168,28,28
58595,78,80,-2,2
58596,101,115,-14,14
58597,100,96,4,4
58598,82,74,8,8
58599,100,101,-1,1
58600,81,86,-5,5
58601,81,89,-8,8
58602,106,127,-21,21
58603,74,66,8,8
58604,77,89,-12,12
58605,124,122,2,2
58606,35,39,-4,4
58607,76,82,-6,6
58608,106,105,1,1
58609,83,89,-6,6
58610,82,84,-2,2
58611,77,80,-3,3
58612,113,112,1,1
58613,86,82,4,4
58614,115,113,2,2
58615,98,96,2,2
58616,69,77,-8,8
58617,90,98,-8,8
58618,99,93,6,6
58619,59,67,-8,8
58620,109,100,9,9
58621,72,75,-3,3
58622,130,126,4,4
58623,118,123,-5,5
58624,113,111,2,2
58625,98,97,1,1
58626,102,95,7,7
58627,142,130,12,12
58628,95,106,-11,11
58629,89,91,-2,2
58630,45,57,-12,12
58631,35,38,-3,3
58632,54,56,-2,2
58633,102,88,14,14
58634,27,38,-11,11
58635,66,62,4,4
58636,35,39,-4,4
58637,115,106,9,9
58638,148,149,-1,1
58639,98,90,8,8
58640,115,113,2,2
58641,79,89,-10,10
58642,84,85,-1,1
58643,147,148,-1,1
58644,79,74,5,5
58645,62,59,3,3
58646,95,86,9,9
58647,71,70,1,1
58648,66,67,-1,1
58649,84,86,-2,2
58650,142,137,5,5
58651,142,132,10,10
58652,91,89,2,2
58653,102,100,2,2
58654,105,140,-35,35
58655,66,61,5,5
58656,83,89,-6,6
58657,63,61,2,2
58658,66,69,-3,3
58659,109,123,-14,14
58660,71,70,1,1
58661,92,90,2,2
58662,139,151,-12,12
58663,117,122,-5,5
58664,120,121,-1,1
58665,94,111,-17,17
58666,99,99,0,0
58667,58,56,2,2
58668,129,135,-6,6
58669,66,72,-6,6
58670,126,111,15,15
58671,111,120,-9,9
58672,54,52,2,2
58673,153,131,22,22
58674,82,84,-2,2
58675,56,59,-3,3
58676,59,62,-3,3
58677,146,137,9,9
58678,64,63,1,1
58679,56,55,1,1
58680,60,59,1,1
58681,21,50,-29,29
58682,132,140,-8,8
58683,85,89,-4,4
58684,113,110,3,3
58685,81,79,2,2
58686,110,113,-3,3
58687,98,95,3,3
58688,86,93,-7,7
58689,102,101,1,1
58690,129,150,-21,21
58691,89,84,5,5
58692,121,125,-4,4
58693,104,102,2,2
58694,63,71,-8,8
58695,138,141,-3,3
58696,119,139,-20,20
58697,92,90,2,2
58698,113,109,4,4
58699,97,95,2,2
58700,162,153,9,9
58701,41,39,2,2
58702,112,114,-2,2
58703,124,121,3,3
58704,76,75,1,1
58705,116,120,-4,4
58706,86,81,5,5
58707,69,62,7,7
58708,99,108,-9,9
58709,65,67,-2,2
58710,70,80,-10,10
58711,111,97,14,14
58712,79,73,6,6
58713,92,97,-5,5
58714,92,83,9,9
58715,126,128,-2,2
58716,109,108,1,1
58717,65,72,-7,7
58718,79,75,4,4
58719,160,163,-3,3
58720,75,82,-7,7
58721,95,92,3,3
58722,97,94,3,3
58723,102,102,0,0
58724,75,72,3,3
58725,119,123,-4,4
58726,31,38,-7,7
58727,137,127,10,10
58728,99,113,-14,14
58729,135,132,3,3
58730,143,148,-5,5
58731,128,127,1,1
58732,135,136,-1,1
58733,56,49,7,7
58734,79,72,7,7
58735,157,143,14,14
58736,103,117,-14,14
58737,147,147,0,0
58738,78,77,1,1
58739,124,123,1,1
58740,57,65,-8,8
58741,63,80,-17,17
58742,79,78,1,1
58743,87,93,-6,6
58744,105,99,6,6
58745,119,114,5,5
58746,41,39,2,2
58747,62,67,-5,5
58748,148,157,-9,9
58749,113,113,0,0
58750,236,234,2,2
58751,49,51,-2,2
58752,78,85,-7,7
58753,105,107,-2,2
58754,136,130,6,6
58755,93,95,-2,2
58756,55,56,-1,1
58757,87,91,-4,4
58758,67,74,-7,7
58759,113,104,9,9
58760,52,52,0,0
58761,102,125,-23,23
58762,149,139,10,10
58763,65,74,-9,9
58764,106,98,8,8
58765,88,85,3,3
58766,175,164,11,11
58767,116,124,-8,8
58768,128,130,-2,2
58769,86,87,-1,1
58770,154,128,26,26
58771,93,91,2,2
58772,65,97,-32,32
58773,119,123,-4,4
58774,81,75,6,6
58775,93,113,-20,20
58776,77,81,-4,4
58777,144,120,24,24
58778,105,110,-5,5
58779,111,95,16,16
58780,143,130,13,13
58781,96,94,2,2
58782,86,98,-12,12
58783,78,77,1,1
58784,136,133,3,3
58785,82,80,2,2
58786,91,89,2,2
58787,83,88,-5,5
58788,106,110,-4,4
58789,94,99,-5,5
58790,99,104,-5,5
58791,78,72,6,6
58792,154,149,5,5
58793,77,63,14,14
58794,184,183,1,1
58795,192,189,3,3
58796,77,73,4,4
58797,105,112,-7,7
58798,62,66,-4,4
58799,103,102,1,1
58800,59,59,0,0
58801,77,68,9,9
58802,155,164,-9,9
58803,90,87,3,3
58804,98,123,-25,25
58805,93,93,0,0
58806,132,137,-5,5
58807,115,117,-2,2
58808,67,62,5,5
58809,198,205,-7,7
58810,90,87,3,3
58811,114,113,1,1
58812,108,110,-2,2
58813,77,83,-6,6
58814,114,124,-10,10
58815,126,140,-14,14
58816,86,85,1,1
58817,67,67,0,0
58818,108,107,1,1
58819,92,93,-1,1
58820,123,125,-2,2
58821,96,103,-7,7
58822,64,63,1,1
58823,166,165,1,1
58824,218,222,-4,4
58825,89,94,-5,5
58826,76,80,-4,4
58827,69,68,1,1
58828,122,125,-3,3
58829,115,118,-3,3
58830,87,108,-21,21
58831,119,116,3,3
58832,95,89,6,6
58833,82,84,-2,2
58834,57,58,-1,1
58835,100,108,-8,8
58836,86,78,8,8
58837,101,91,10,10
58838,65,56,9,9
58839,106,106,0,0
58840,75,72,3,3
58841,142,135,7,7
58842,81,74,7,7
58843,77,82,-5,5
58844,59,52,7,7
58845,130,120,10,10
58846,100,90,10,10
58847,92,96,-4,4
58848,55,59,-4,4
58849,101,133,-32,32
58850,66,63,3,3
58851,108,99,9,9
58852,83,85,-2,2
58853,69,64,5,5
58854,140,130,10,10
58855,87,82,5,5
58856,96,99,-3,3
58857,167,150,17,17
58858,72,68,4,4
58859,88,93,-5,5
58860,124,118,6,6
58861,91,96,-5,5
58862,51,51,0,0
58863,87,69,18,18
58864,92,96,-4,4
58865,58,58,0,0
58866,45,39,6,6
58867,95,88,7,7
58868,134,125,9,9
58869,91,92,-1,1
58870,121,118,3,3
58871,51,43,8,8
58872,58,57,1,1
58873,48,50,-2,2
58874,75,80,-5,5
58875,46,52,-6,6
58876,56,58,-2,2
58877,87,85,2,2
58878,47,62,-15,15
58879,88,92,-4,4
58880,112,108,4,4
58881,56,58,-2,2
58882,104,107,-3,3
58883,61,57,4,4
58884,96,95,1,1
58885,113,107,6,6
58886,66,60,6,6
58887,153,161,-8,8
58888,115,125,-10,10
58889,100,101,-1,1
58890,73,68,5,5
58891,89,74,15,15
58892,101,112,-11,11
58893,82,92,-10,10
58894,89,100,-11,11
58895,94,101,-7,7
58896,93,88,5,5
58897,113,115,-2,2
58898,129,125,4,4
58899,68,62,6,6
58900,68,61,7,7
58901,94,93,1,1
58902,157,155,2,2
58903,99,98,1,1
58904,54,61,-7,7
58905,123,117,6,6
58906,94,84,10,10
58907,183,192,-9,9
58908,74,69,5,5
58909,59,57,2,2
58910,173,164,9,9
58911,122,117,5,5
58912,75,71,4,4
58913,77,84,-7,7
58914,63,62,1,1
58915,90,98,-8,8
58916,56,62,-6,6
58917,82,85,-3,3
58918,86,101,-15,15
58919,149,152,-3,3
58920,108,104,4,4
58921,73,71,2,2
58922,67,67,0,0
58923,93,93,0,0
58924,55,55,0,0
58925,108,117,-9,9
58926,118,113,5,5
58927,30,39,-9,9
58928,70,58,12,12
58929,94,96,-2,2
58930,84,76,8,8
58931,77,71,6,6
58932,64,60,4,4
58933,103,104,-1,1
58934,93,118,-25,25
58935,91,86,5,5
58936,65,68,-3,3
58937,108,104,4,4
58938,117,108,9,9
58939,45,39,6,6
58940,113,119,-6,6
58941,70,62,8,8
58942,75,95,-20,20
58943,79,77,2,2
58944,59,56,3,3
58945,59,58,1,1
58946,42,51,-9,9
58947,96,86,10,10
58948,109,106,3,3
58949,95,104,-9,9
58950,126,130,-4,4
58951,89,93,-4,4
58952,99,103,-4,4
58953,145,149,-4,4
58954,108,105,3,3
58955,84,84,0,0
58956,82,89,-7,7
58957,171,167,4,4
58958,103,95,8,8
58959,118,113,5,5
58960,180,168,12,12
58961,61,60,1,1
58962,163,150,13,13
58963,135,152,-17,17
58964,152,144,8,8
58965,109,96,13,13
58966,61,67,-6,6
58967,108,109,-1,1
58968,181,195,-14,14
58969,104,112,-8,8
58970,105,103,2,2
58971,68,70,-2,2
58972,116,148,-32,32
58973,144,140,4,4
58974,85,80,5,5
58975,141,153,-12,12
58976,152,162,-10,10
58977,114,119,-5,5
58978,143,137,6,6
58979,155,158,-3,3
58980,191,183,8,8
58981,102,96,6,6
58982,77,73,4,4
58983,97,101,-4,4
58984,85,96,-11,11
58985,82,78,4,4
58986,83,76,7,7
58987,64,62,2,2
58988,135,137,-2,2
58989,86,79,7,7
58990,59,55,4,4
58991,71,60,11,11
58992,65,53,12,12
58993,134,129,5,5
58994,85,89,-4,4
58995,159,159,0,0
58996,145,153,-8,8
58997,66,68,-2,2
58998,71,75,-4,4
58999,154,138,16,16
59000,159,170,-11,11
59001,50,52,-2,2
59002,95,104,-9,9
59003,81,78,3,3
59004,128,115,13,13
59005,79,79,0,0
59006,93,100,-7,7
59007,156,160,-4,4
59008,107,105,2,2
59009,48,51,-3,3
59010,49,53,-4,4
59011,52,109,-57,57
59012,43,52,-9,9
59013,166,164,2,2
59014,59,62,-3,3
59015,97,89,8,8
59016,143,159,-16,16
59017,107,116,-9,9
59018,122,120,2,2
59019,77,73,4,4
59020,77,81,-4,4
59021,52,52,0,0
59022,70,67,3,3
59023,93,93,0,0
59024,93,108,-15,15
59025,110,115,-5,5
59026,53,62,-9,9
59027,67,64,3,3
59028,185,185,0,0
59029,90,77,13,13
59030,107,105,2,2
59031,148,160,-12,12
59032,119,123,-4,4
59033,95,107,-12,12
59034,112,95,17,17
59035,171,191,-20,20
59036,110,88,22,22
59037,76,81,-5,5
59038,99,96,3,3
59039,94,102,-8,8
59040,107,114,-7,7
59041,73,73,0,0
59042,133,120,13,13
59043,70,80,-10,10
59044,80,69,11,11
59045,149,148,1,1
59046,78,63,15,15
59047,95,95,0,0
59048,79,87,-8,8
59049,42,53,-11,11
59050,73,69,4,4
59051,346,275,71,71
59052,70,53,17,17
59053,75,77,-2,2
59054,144,151,-7,7
59055,63,60,3,3
59056,80,79,1,1
59057,124,112,12,12
59058,69,64,5,5
59059,99,97,2,2
59060,140,120,20,20
59061,117,114,3,3
59062,58,61,-3,3
59063,84,85,-1,1
59064,47,42,5,5
59065,86,83,3,3
59066,52,56,-4,4
59067,77,83,-6,6
59068,69,68,1,1
59069,107,101,6,6
59070,118,103,15,15
59071,81,93,-12,12
59072,109,102,7,7
59073,97,105,-8,8
59074,85,84,1,1
59075,81,74,7,7
59076,65,55,10,10
59077,101,117,-16,16
59078,90,98,-8,8
59079,68,74,-6,6
59080,59,53,6,6
59081,97,100,-3,3
59082,104,103,1,1
59083,52,51,1,1
59084,58,59,-1,1
59085,64,68,-4,4
59086,92,92,0,0
59087,179,168,11,11
59088,112,105,7,7
59089,100,115,-15,15
59090,60,57,3,3
59091,102,106,-4,4
59092,111,107,4,4
59093,100,94,6,6
59094,80,77,3,3
59095,89,87,2,2
59096,124,134,-10,10
59097,70,68,2,2
59098,85,95,-10,10
59099,79,85,-6,6
59100,74,73,1,1
59101,66,65,1,1
59102,75,76,-1,1
59103,83,83,0,0
59104,65,67,-2,2
59105,119,119,0,0
59106,102,97,5,5
59107,81,85,-4,4
59108,77,75,2,2
59109,81,80,1,1
59110,94,101,-7,7
59111,103,106,-3,3
59112,104,101,3,3
59113,118,106,12,12
59114,90,90,0,0
59115,71,72,-1,1
59116,114,110,4,4
59117,120,98,22,22
59118,85,81,4,4
59119,79,84,-5,5
59120,49,40,9,9
59121,74,69,5,5
59122,99,100,-1,1
59123,106,116,-10,10
59124,89,91,-2,2
59125,21,38,-17,17
59126,114,118,-4,4
59127,90,99,-9,9
59128,129,124,5,5
59129,64,60,4,4
59130,44,38,6,6
59131,150,138,12,12
59132,136,138,-2,2
59133,119,125,-6,6
59134,68,76,-8,8
59135,87,94,-7,7
59136,66,73,-7,7
59137,103,104,-1,1
59138,117,119,-2,2
59139,111,97,14,14
59140,112,91,21,21
59141,101,100,1,1
59142,143,148,-5,5
59143,81,82,-1,1
59144,180,164,16,16
59145,61,61,0,0
59146,131,130,1,1
59147,70,71,-1,1
59148,107,110,-3,3
59149,135,125,10,10
59150,92,87,5,5
59151,81,79,2,2
59152,108,108,0,0
59153,90,87,3,3
59154,86,78,8,8
59155,127,119,8,8
59156,47,52,-5,5
59157,130,132,-2,2
59158,84,92,-8,8
59159,79,79,0,0
59160,91,91,0,0
59161,120,110,10,10
59162,80,79,1,1
59163,59,62,-3,3
59164,81,93,-12,12
59165,143,148,-5,5
59166,117,103,14,14
59167,143,145,-2,2
59168,154,130,24,24
59169,57,60,-3,3
59170,69,63,6,6
59171,44,38,6,6
59172,84,92,-8,8
59173,96,91,5,5
59174,80,75,5,5
59175,61,76,-15,15
59176,64,76,-12,12
59177,67,66,1,1
59178,108,105,3,3
59179,87,89,-2,2
59180,87,83,4,4
59181,112,99,13,13
59182,147,145,2,2
59183,143,145,-2,2
59184,124,117,7,7
59185,160,154,6,6
59186,109,110,-1,1
59187,71,66,5,5
59188,138,137,1,1
59189,76,76,0,0
59190,96,90,6,6
59191,94,91,3,3
59192,44,48,-4,4
59193,83,88,-5,5
59194,49,53,-4,4
59195,75,85,-10,10
59196,104,112,-8,8
59197,75,73,2,2
59198,93,93,0,0
59199,96,107,-11,11
59200,81,89,-8,8
59201,80,76,4,4
59202,97,84,13,13
59203,65,69,-4,4
59204,46,52,-6,6
59205,79,83,-4,4
59206,88,89,-1,1
59207,62,71,-9,9
59208,84,75,9,9
59209,70,70,0,0
59210,129,137,-8,8
59211,104,80,24,24
59212,116,122,-6,6
59213,126,121,5,5
59214,95,100,-5,5
59215,66,64,2,2
59216,81,77,4,4
59217,133,117,16,16
59218,95,99,-4,4
59219,151,142,9,9
59220,88,91,-3,3
59221,110,111,-1,1
59222,69,62,7,7
59223,106,98,8,8
59224,64,69,-5,5
59225,126,114,12,12
59226,41,39,2,2
59227,97,96,1,1
59228,46,79,-33,33
59229,52,64,-12,12
59230,66,57,9,9
59231,81,79,2,2
59232,81,84,-3,3
59233,85,83,2,2
59234,35,38,-3,3
59235,118,111,7,7
59236,94,94,0,0
59237,92,83,9,9
59238,55,58,-3,3
59239,99,98,1,1
59240,68,69,-1,1
59241,56,56,0,0
59242,97,104,-7,7
59243,110,118,-8,8
59244,152,146,6,6
59245,40,48,-8,8
59246,52,58,-6,6
59247,169,179,-10,10
59248,160,151,9,9
59249,78,71,7,7
59250,77,89,-12,12
59251,40,39,1,1
59252,93,118,-25,25
59253,115,109,6,6
59254,108,110,-2,2
59255,69,70,-1,1
59256,126,158,-32,32
59257,133,151,-18,18
59258,116,115,1,1
59259,76,88,-12,12
59260,42,39,3,3
59261,74,82,-8,8
59262,145,140,5,5
59263,72,65,7,7
59264,103,112,-9,9
59265,67,67,0,0
59266,139,124,15,15
59267,93,89,4,4
59268,112,108,4,4
59269,176,172,4,4
59270,70,69,1,1
59271,158,134,24,24
59272,71,68,3,3
59273,47,39,8,8
59274,93,83,10,10
59275,57,64,-7,7
59276,75,68,7,7
59277,62,71,-9,9
59278,104,125,-21,21
59279,143,143,0,0
59280,83,79,4,4
59281,75,70,5,5
59282,92,92,0,0
59283,60,74,-14,14
59284,117,119,-2,2
59285,64,65,-1,1
59286,61,60,1,1
59287,87,77,10,10
59288,175,188,-13,13
59289,58,52,6,6
59290,77,64,13,13
59291,96,82,14,14
59292,120,127,-7,7
59293,176,171,5,5
59294,132,133,-1,1
59295,67,64,3,3
59296,73,74,-1,1
59297,120,147,-27,27
59298,71,72,-1,1
59299,63,58,5,5
59300,74,65,9,9
59301,35,54,-19,19
59302,129,121,8,8
59303,132,141,-9,9
59304,75,79,-4,4
59305,122,117,5,5
59306,89,86,3,3
59307,90,83,7,7
59308,71,74,-3,3
59309,92,83,9,9
59310,184,169,15,15
59311,59,86,-27,27
59312,90,93,-3,3
59313,100,111,-11,11
59314,83,83,0,0
59315,83,87,-4,4
59316,78,81,-3,3
59317,106,105,1,1
59318,107,110,-3,3
59319,45,50,-5,5
59320,82,86,-4,4
59321,85,96,-11,11
59322,109,90,19,19
59323,70,73,-3,3
59324,70,72,-2,2
59325,109,113,-4,4
59326,62,59,3,3
59327,63,69,-6,6
59328,67,71,-4,4
59329,38,39,-1,1
59330,45,39,6,6
59331,111,102,9,9
59332,99,112,-13,13
59333,52,57,-5,5
59334,93,93,0,0
59335,103,119,-16,16
59336,86,87,-1,1
59337,69,67,2,2
59338,52,84,-32,32
59339,215,186,29,29
59340,90,89,1,1
59341,54,55,-1,1
59342,110,108,2,2
59343,97,89,8,8
59344,150,120,30,30
59345,142,133,9,9
59346,57,70,-13,13
59347,116,112,4,4
59348,177,166,11,11
59349,109,108,1,1
59350,78,80,-2,2
59351,79,81,-2,2
59352,51,53,-2,2
59353,80,79,1,1
59354,99,110,-11,11
59355,49,47,2,2
59356,153,160,-7,7
59357,174,172,2,2
59358,100,100,0,0
59359,147,137,10,10
59360,75,89,-14,14
59361,138,133,5,5
59362,78,72,6,6
59363,77,82,-5,5
59364,93,84,9,9
59365,148,141,7,7
59366,176,164,12,12
59367,74,71,3,3
59368,178,192,-14,14
59369,107,118,-11,11
59370,103,97,6,6
59371,125,124,1,1
59372,119,112,7,7
59373,98,100,-2,2
59374,69,61,8,8
59375,72,67,5,5
59376,81,94,-13,13
59377,54,58,-4,4
59378,110,114,-4,4
59379,84,86,-2,2
59380,148,151,-3,3
59381,61,55,6,6
59382,94,104,-10,10
59383,79,93,-14,14
59384,77,75,2,2
59385,83,83,0,0
59386,102,93,9,9
59387,99,98,1,1
59388,104,99,5,5
59389,128,138,-10,10
59390,73,77,-4,4
59391,85,85,0,0
59392,123,139,-16,16
59393,87,91,-4,4
59394,135,126,9,9
59395,71,66,5,5
59396,81,96,-15,15
59397,64,60,4,4
59398,71,66,5,5
59399,105,104,1,1
59400,59,54,5,5
59401,140,135,5,5
59402,161,157,4,4
59403,100,91,9,9
59404,89,89,0,0
59405,64,63,1,1
59406,154,156,-2,2
59407,167,135,32,32
59408,178,170,8,8
59409,88,77,11,11
59410,79,100,-21,21
59411,72,79,-7,7
59412,85,84,1,1
59413,92,91,1,1
59414,71,82,-11,11
59415,60,62,-2,2
59416,66,60,6,6
59417,95,87,8,8
59418,82,79,3,3
59419,82,90,-8,8
59420,91,82,9,9
59421,121,110,11,11
59422,78,77,1,1
59423,148,144,4,4
59424,95,95,0,0
59425,138,147,-9,9
59426,61,64,-3,3
59427,66,67,-1,1
59428,83,81,2,2
59429,61,67,-6,6
59430,60,58,2,2
59431,56,56,0,0
59432,127,126,1,1
59433,62,59,3,3
59434,133,136,-3,3
59435,79,71,8,8
59436,123,105,18,18
59437,53,54,-1,1
59438,79,79,0,0
59439,126,117,9,9
59440,117,136,-19,19
59441,136,136,0,0
59442,81,108,-27,27
59443,105,131,-26,26
59444,118,125,-7,7
59445,66,64,2,2
59446,59,59,0,0
59447,129,133,-4,4
59448,93,102,-9,9
59449,87,91,-4,4
59450,45,55,-10,10
59451,64,60,4,4
59452,121,126,-5,5
59453,168,155,13,13
59454,81,74,7,7
59455,99,93,6,6
59456,117,105,12,12
59457,95,85,10,10
59458,66,71,-5,5
59459,122,114,8,8
59460,112,124,-12,12
59461,71,83,-12,12
59462,172,184,-12,12
59463,108,100,8,8
59464,85,84,1,1
59465,130,125,5,5
59466,64,63,1,1
59467,74,83,-9,9
59468,63,66,-3,3
59469,145,145,0,0
59470,95,98,-3,3
59471,138,146,-8,8
59472,105,104,1,1
59473,51,55,-4,4
59474,109,120,-11,11
59475,91,110,-19,19
59476,70,62,8,8
59477,129,130,-1,1
59478,106,89,17,17
59479,82,77,5,5
59480,54,55,-1,1
59481,151,167,-16,16
59482,120,115,5,5
59483,151,149,2,2
59484,96,105,-9,9
59485,62,63,-1,1
59486,165,162,3,3
59487,138,131,7,7
59488,128,131,-3,3
59489,80,68,12,12
59490,94,96,-2,2
59491,86,91,-5,5
59492,130,131,-1,1
59493,154,144,10,10
59494,81,80,1,1
59495,152,149,3,3
59496,52,66,-14,14
59497,65,64,1,1
59498,109,91,18,18
59499,72,69,3,3
59500,103,98,5,5
59501,112,103,9,9
59502,65,73,-8,8
59503,77,85,-8,8
59504,189,201,-12,12
59505,178,175,3,3
59506,48,39,9,9
59507,145,144,1,1
59508,47,63,-16,16
59509,146,143,3,3
59510,118,120,-2,2
59511,78,80,-2,2
59512,93,96,-3,3
59513,72,71,1,1
59514,86,90,-4,4
59515,118,110,8,8
59516,87,88,-1,1
59517,42,39,3,3
59518,87,98,-11,11
59519,87,91,-4,4
59520,159,159,0,0
59521,96,99,-3,3
59522,50,53,-3,3
59523,76,93,-17,17
59524,111,118,-7,7
59525,140,136,4,4
59526,133,124,9,9
59527,89,97,-8,8
59528,94,98,-4,4
59529,60,54,6,6
59530,67,70,-3,3
59531,166,148,18,18
59532,74,78,-4,4
59533,88,91,-3,3
59534,113,109,4,4
59535,114,112,2,2
59536,98,91,7,7
59537,52,60,-8,8
59538,109,107,2,2
59539,51,53,-2,2
59540,92,89,3,3
59541,79,85,-6,6
59542,65,67,-2,2
59543,80,84,-4,4
59544,130,123,7,7
59545,90,101,-11,11
59546,108,96,12,12
59547,84,92,-8,8
59548,160,163,-3,3
59549,53,56,-3,3
59550,62,67,-5,5
59551,65,77,-12,12
59552,65,68,-3,3
59553,61,56,5,5
59554,35,39,-4,4
59555,113,110,3,3
59556,69,72,-3,3
59557,56,55,1,1
59558,103,114,-11,11
59559,76,71,5,5
59560,106,119,-13,13
59561,157,157,0,0
59562,150,151,-1,1
59563,79,78,1,1
59564,94,94,0,0
59565,59,63,-4,4
59566,135,162,-27,27
59567,91,98,-7,7
59568,129,127,2,2
59569,80,83,-3,3
59570,58,53,5,5
59571,96,84,12,12
59572,160,169,-9,9
59573,80,74,6,6
59574,55,59,-4,4
59575,101,100,1,1
59576,85,80,5,5
59577,68,69,-1,1
59578,95,112,-17,17
59579,110,110,0,0
59580,75,74,1,1
59581,73,78,-5,5
59582,90,89,1,1
59583,78,81,-3,3
59584,148,141,7,7
59585,94,94,0,0
59586,64,65,-1,1
59587,186,174,12,12
59588,40,38,2,2
59589,74,73,1,1
59590,140,134,6,6
59591,103,99,4,4
59592,179,152,27,27
59593,209,178,31,31
59594,114,120,-6,6
59595,44,57,-13,13
59596,84,79,5,5
59597,55,55,0,0
59598,150,148,2,2
59599,64,57,7,7
59600,61,63,-2,2
59601,89,90,-1,1
59602,129,120,9,9
59603,61,63,-2,2
59604,125,109,16,16
59605,129,127,2,2
59606,94,97,-3,3
59607,86,77,9,9
59608,124,129,-5,5
59609,45,52,-7,7
59610,131,121,10,10
59611,89,87,2,2
59612,140,150,-10,10
59613,85,91,-6,6
59614,178,178,0,0
59615,120,114,6,6
59616,135,127,8,8
59617,72,65,7,7
59618,45,54,-9,9
59619,63,60,3,3
59620,62,70,-8,8
59621,87,90,-3,3
59622,165,177,-12,12
59623,107,131,-24,24
59624,69,80,-11,11
59625,94,93,1,1
59626,58,58,0,0
59627,105,103,2,2
59628,115,119,-4,4
59629,92,88,4,4
59630,80,79,1,1
59631,154,163,-9,9
59632,61,51,10,10
59633,115,118,-3,3
59634,52,53,-1,1
59635,69,66,3,3
59636,58,61,-3,3
59637,92,99,-7,7
59638,56,58,-2,2
59639,94,106,-12,12
59640,70,74,-4,4
59641,126,103,23,23
59642,77,78,-1,1
59643,77,73,4,4
59644,160,165,-5,5
59645,69,68,1,1
59646,73,72,1,1
59647,72,74,-2,2
59648,72,67,5,5
59649,124,121,3,3
59650,78,73,5,5
59651,81,80,1,1
59652,156,156,0,0
59653,67,64,3,3
59654,118,117,1,1
59655,79,69,10,10
59656,81,77,4,4
59657,87,77,10,10
59658,57,69,-12,12
59659,70,195,-125,125
59660,147,106,41,41
59661,141,135,6,6
59662,42,61,-19,19
59663,89,95,-6,6
59664,94,95,-1,1
59665,103,104,-1,1
59666,100,105,-5,5
59667,56,57,-1,1
59668,85,80,5,5
59669,77,73,4,4
59670,89,90,-1,1
59671,125,142,-17,17
59672,41,39,2,2
59673,135,121,14,14
59674,70,80,-10,10
59675,51,49,2,2
59676,86,93,-7,7
59677,100,100,0,0
59678,103,109,-6,6
59679,62,63,-1,1
59680,153,139,14,14
59681,173,175,-2,2
59682,137,148,-11,11
59683,107,96,11,11
59684,161,152,9,9
59685,139,144,-5,5
59686,62,55,7,7
59687,71,63,8,8
59688,104,130,-26,26
59689,115,112,3,3
59690,144,144,0,0
59691,76,77,-1,1
59692,168,169,-1,1
59693,76,71,5,5
59694,78,84,-6,6
59695,94,123,-29,29
59696,92,87,5,5
59697,96,90,6,6
59698,131,123,8,8
59699,93,97,-4,4
59700,93,84,9,9
59701,60,63,-3,3
59702,78,67,11,11
59703,72,78,-6,6
59704,141,110,31,31
59705,116,112,4,4
59706,83,92,-9,9
59707,78,86,-8,8
59708,79,77,2,2
59709,113,117,-4,4
59710,46,40,6,6
59711,93,99,-6,6
59712,99,91,8,8
59713,103,116,-13,13
59714,98,90,8,8
59715,113,107,6,6
59716,121,141,-20,20
59717,58,60,-2,2
59718,92,93,-1,1
59719,89,96,-7,7
59720,99,103,-4,4
59721,89,92,-3,3
59722,79,84,-5,5
59723,138,133,5,5
59724,79,81,-2,2
59725,73,78,-5,5
59726,88,86,2,2
59727,73,85,-12,12
59728,95,98,-3,3
59729,104,108,-4,4
59730,77,70,7,7
59731,54,57,-3,3
59732,128,130,-2,2
59733,88,93,-5,5
59734,89,87,2,2
59735,100,107,-7,7
59736,132,135,-3,3
59737,73,81,-8,8
59738,69,70,-1,1
59739,88,78,10,10
59740,127,128,-1,1
59741,135,142,-7,7
59742,71,69,2,2
59743,133,132,1,1
59744,98,100,-2,2
59745,96,83,13,13
59746,121,116,5,5
59747,110,102,8,8
59748,63,65,-2,2
59749,149,148,1,1
59750,75,88,-13,13
59751,61,68,-7,7
59752,203,184,19,19
59753,106,108,-2,2
59754,90,88,2,2
59755,111,96,15,15
59756,98,89,9,9
59757,70,87,-17,17
59758,77,70,7,7
59759,65,71,-6,6
59760,110,111,-1,1
59761,82,94,-12,12
59762,135,135,0,0
59763,133,134,-1,1
59764,93,91,2,2
59765,96,105,-9,9
59766,83,85,-2,2
59767,83,85,-2,2
59768,114,104,10,10
59769,169,185,-16,16
59770,83,78,5,5
59771,87,88,-1,1
59772,80,89,-9,9
59773,64,67,-3,3
59774,185,182,3,3
59775,110,101,9,9
59776,109,102,7,7
59777,52,52,0,0
59778,103,100,3,3
59779,34,38,-4,4
59780,69,120,-51,51
59781,154,151,3,3
59782,149,147,2,2
59783,81,75,6,6
59784,81,83,-2,2
59785,68,67,1,1
59786,93,85,8,8
59787,57,57,0,0
59788,129,131,-2,2
59789,98,96,2,2
59790,117,127,-10,10
59791,76,87,-11,11
59792,36,38,-2,2
59793,130,126,4,4
59794,81,83,-2,2
59795,72,80,-8,8
59796,76,79,-3,3
59797,63,64,-1,1
59798,97,97,0,0
59799,61,62,-1,1
59800,85,87,-2,2
59801,110,136,-26,26
59802,85,80,5,5
59803,77,90,-13,13
59804,127,120,7,7
59805,49,53,-4,4
59806,85,87,-2,2
59807,83,93,-10,10
59808,132,142,-10,10
59809,136,141,-5,5
59810,73,69,4,4
59811,71,76,-5,5
59812,79,74,5,5
59813,88,98,-10,10
59814,70,131,-61,61
59815,75,67,8,8
59816,46,39,7,7
59817,101,95,6,6
59818,128,145,-17,17
59819,92,87,5,5
59820,149,128,21,21
59821,122,86,36,36
59822,79,100,-21,21
59823,48,77,-29,29
59824,101,104,-3,3
59825,94,91,3,3
59826,125,120,5,5
59827,91,103,-12,12
59828,78,81,-3,3
59829,121,118,3,3
59830,166,152,14,14
59831,96,94,2,2
59832,124,140,-16,16
59833,159,154,5,5
59834,66,69,-3,3
59835,82,79,3,3
59836,75,79,-4,4
59837,59,55,4,4
59838,85,87,-2,2
59839,99,90,9,9
59840,148,141,7,7
59841,109,100,9,9
59842,81,83,-2,2
59843,99,92,7,7
59844,47,46,1,1
59845,78,81,-3,3
59846,85,85,0,0
59847,76,86,-10,10
59848,54,39,15,15
59849,106,114,-8,8
59850,83,78,5,5
59851,66,66,0,0
59852,47,58,-11,11
59853,60,65,-5,5
59854,109,113,-4,4
59855,122,124,-2,2
59856,92,89,3,3
59857,102,92,10,10
59858,130,142,-12,12
59859,104,100,4,4
59860,106,93,13,13
59861,74,75,-1,1
59862,149,152,-3,3
59863,46,59,-13,13
59864,55,55,0,0
59865,81,81,0,0
59866,86,90,-4,4
59867,159,154,5,5
59868,49,52,-3,3
59869,76,81,-5,5
59870,109,110,-1,1
59871,88,75,13,13
59872,66,69,-3,3
59873,95,96,-1,1
59874,123,116,7,7
59875,49,56,-7,7
59876,60,56,4,4
59877,140,141,-1,1
59878,72,65,7,7
59879,103,108,-5,5
59880,88,93,-5,5
59881,94,95,-1,1
59882,97,92,5,5
59883,112,111,1,1
59884,37,46,-9,9
59885,70,73,-3,3
59886,217,209,8,8
59887,159,143,16,16
59888,86,86,0,0
59889,116,118,-2,2
59890,76,71,5,5
59891,159,150,9,9
59892,102,101,1,1
59893,72,73,-1,1
59894,102,106,-4,4
59895,94,88,6,6
59896,56,55,1,1
59897,136,143,-7,7
59898,78,74,4,4
59899,75,83,-8,8
59900,138,138,0,0
59901,79,76,3,3
59902,89,93,-4,4
59903,63,70,-7,7
59904,59,54,5,5
59905,127,132,-5,5
59906,100,92,8,8
59907,60,59,1,1
59908,100,99,1,1
59909,108,99,9,9
59910,152,147,5,5
59911,118,120,-2,2
59912,81,84,-3,3
59913,49,49,0,0
59914,90,88,2,2
59915,97,96,1,1
59916,90,88,2,2
59917,138,135,3,3
59918,116,135,-19,19
59919,86,87,-1,1
59920,106,97,9,9
59921,155,147,8,8
59922,100,97,3,3
59923,66,68,-2,2
59924,84,85,-1,1
59925,103,105,-2,2
59926,56,60,-4,4
59927,100,97,3,3
59928,93,91,2,2
59929,135,142,-7,7
59930,32,39,-7,7
59931,93,106,-13,13
59932,107,133,-26,26
59933,62,65,-3,3
59934,59,62,-3,3
59935,91,94,-3,3
59936,75,79,-4,4
59937,73,70,3,3
59938,96,101,-5,5
59939,115,117,-2,2
59940,63,67,-4,4
59941,85,90,-5,5
59942,72,83,-11,11
59943,158,177,-19,19
59944,91,84,7,7
59945,69,77,-8,8
59946,89,118,-29,29
59947,74,75,-1,1
59948,104,266,-162,162
59949,49,55,-6,6
59950,99,94,5,5
59951,127,123,4,4
59952,73,80,-7,7
59953,49,54,-5,5
59954,87,87,0,0
59955,157,151,6,6
59956,80,89,-9,9
59957,144,126,18,18
59958,83,96,-13,13
59959,131,136,-5,5
59960,95,100,-5,5
59961,141,144,-3,3
59962,89,105,-16,16
59963,59,53,6,6
59964,86,84,2,2
59965,118,119,-1,1
59966,78,85,-7,7
59967,148,144,4,4
59968,59,53,6,6
59969,104,109,-5,5
59970,85,86,-1,1
59971,103,110,-7,7
59972,236,214,22,22
59973,66,78,-12,12
59974,50,65,-15,15
59975,77,71,6,6
59976,114,99,15,15
59977,85,84,1,1
59978,88,88,0,0
59979,74,70,4,4
59980,71,72,-1,1
59981,155,154,1,1
59982,62,67,-5,5
59983,100,91,9,9
59984,82,93,-11,11
59985,113,111,2,2
59986,104,109,-5,5
59987,104,101,3,3
59988,105,128,-23,23
59989,153,147,6,6
59990,76,70,6,6
59991,85,74,11,11
59992,119,130,-11,11
59993,106,97,9,9
59994,73,82,-9,9
59995,137,124,13,13
59996,79,73,6,6
59997,186,193,-7,7
59998,63,66,-3,3
59999,93,91,2,2
60000,126,142,-16,16
60001,70,66,4,4
60002,128,120,8,8
60003,61,61,0,0
60004,83,74,9,9
60005,108,99,9,9
60006,87,97,-10,10
60007,97,103,-6,6
60008,62,64,-2,2
60009,129,132,-3,3
60010,124,116,8,8
60011,63,66,-3,3
60012,138,134,4,4
60013,53,52,1,1
60014,76,67,9,9
60015,138,148,-10,10
60016,123,135,-12,12
60017,57,54,3,3
60018,83,78,5,5
60019,96,102,-6,6
60020,119,129,-10,10
60021,72,67,5,5
60022,78,72,6,6
60023,106,95,11,11
60024,83,75,8,8
60025,71,62,9,9
60026,205,186,19,19
60027,59,62,-3,3
60028,57,53,4,4
60029,90,90,0,0
60030,34,66,-32,32
60031,215,184,31,31
60032,85,88,-3,3
60033,158,161,-3,3
60034,136,131,5,5
60035,55,51,4,4
60036,119,118,1,1
60037,109,149,-40,40
60038,57,55,2,2
60039,92,85,7,7
60040,99,92,7,7
60041,95,93,2,2
60042,74,65,9,9
60043,84,82,2,2
60044,107,104,3,3
60045,78,71,7,7
60046,64,66,-2,2
60047,66,78,-12,12
60048,88,87,1,1
60049,135,121,14,14
60050,139,134,5,5
60051,126,153,-27,27
60052,82,84,-2,2
60053,70,63,7,7
60054,81,91,-10,10
60055,60,61,-1,1
60056,56,54,2,2
60057,131,128,3,3
60058,59,60,-1,1
60059,83,73,10,10
60060,145,146,-1,1
60061,86,87,-1,1
60062,102,103,-1,1
60063,77,80,-3,3
60064,136,124,12,12
60065,68,66,2,2
60066,81,76,5,5
60067,82,75,7,7
60068,85,82,3,3
60069,121,122,-1,1
60070,69,66,3,3
60071,56,61,-5,5
60072,170,165,5,5
60073,123,128,-5,5
60074,71,66,5,5
60075,77,78,-1,1
60076,140,136,4,4
60077,141,137,4,4
60078,98,99,-1,1
60079,93,83,10,10
60080,69,80,-11,11
60081,104,104,0,0
60082,53,61,-8,8
60083,75,81,-6,6
60084,120,120,0,0
60085,86,97,-11,11
60086,98,95,3,3
60087,84,84,0,0
60088,88,83,5,5
60089,113,114,-1,1
60090,74,75,-1,1
60091,91,88,3,3
60092,149,138,11,11
60093,82,81,1,1
60094,84,79,5,5
60095,195,195,0,0
60096,117,127,-10,10
60097,120,127,-7,7
60098,180,175,5,5
60099,80,91,-11,11
60100,122,121,1,1
60101,135,131,4,4
60102,159,168,-9,9
60103,107,110,-3,3
60104,76,82,-6,6
60105,85,88,-3,3
60106,87,82,5,5
60107,88,84,4,4
60108,41,39,2,2
60109,78,73,5,5
60110,61,58,3,3
60111,87,85,2,2
60112,129,119,10,10
60113,84,84,0,0
60114,142,123,19,19
60115,126,132,-6,6
60116,89,88,1,1
60117,74,64,10,10
60118,51,60,-9,9
60119,141,130,11,11
60120,83,78,5,5
60121,120,162,-42,42
60122,144,143,1,1
60123,67,74,-7,7
60124,82,86,-4,4
60125,67,71,-4,4
60126,85,84,1,1
60127,62,51,11,11
60128,106,107,-1,1
60129,59,60,-1,1
60130,73,67,6,6
60131,145,143,2,2
60132,65,63,2,2
60133,72,68,4,4
60134,118,110,8,8
60135,105,119,-14,14
60136,71,70,1,1
60137,96,99,-3,3
60138,111,106,5,5
60139,73,91,-18,18
60140,88,83,5,5
60141,210,215,-5,5
60142,104,98,6,6
60143,76,69,7,7
60144,43,45,-2,2
60145,110,102,8,8
60146,93,85,8,8
60147,114,112,2,2
60148,190,197,-7,7
60149,87,87,0,0
60150,85,77,8,8
60151,95,97,-2,2
60152,97,117,-20,20
60153,58,56,2,2
60154,126,138,-12,12
60155,145,133,12,12
60156,61,65,-4,4
60157,113,99,14,14
60158,42,50,-8,8
60159,108,101,7,7
60160,93,84,9,9
60161,157,162,-5,5
60162,75,75,0,0
60163,59,64,-5,5
60164,101,90,11,11
60165,83,80,3,3
60166,95,91,4,4
60167,100,101,-1,1
60168,69,65,4,4
60169,108,114,-6,6
60170,79,70,9,9
60171,105,101,4,4
60172,98,114,-16,16
60173,123,133,-10,10
60174,103,102,1,1
60175,158,157,1,1
60176,98,97,1,1
60177,128,127,1,1
60178,54,52,2,2
60179,54,65,-11,11
60180,86,86,0,0
60181,119,123,-4,4
60182,67,64,3,3
60183,114,116,-2,2
60184,104,102,2,2
60185,81,83,-2,2
60186,84,79,5,5
60187,86,86,0,0
60188,93,94,-1,1
60189,75,67,8,8
60190,69,71,-2,2
60191,96,89,7,7
60192,117,122,-5,5
60193,164,155,9,9
60194,121,120,1,1
60195,93,89,4,4
60196,91,87,4,4
60197,144,142,2,2
60198,101,103,-2,2
60199,135,120,15,15
60200,102,103,-1,1
60201,83,86,-3,3
60202,88,84,4,4
60203,101,108,-7,7
60204,102,104,-2,2
60205,102,111,-9,9
60206,105,100,5,5
60207,99,106,-7,7
60208,151,148,3,3
60209,67,73,-6,6
60210,164,143,21,21
60211,85,87,-2,2
60212,89,95,-6,6
60213,59,57,2,2
60214,94,84,10,10
60215,123,119,4,4
60216,79,102,-23,23
60217,74,75,-1,1
60218,176,175,1,1
60219,59,67,-8,8
60220,100,102,-2,2
60221,123,126,-3,3
60222,104,108,-4,4
60223,145,156,-11,11
60224,97,100,-3,3
60225,175,173,2,2
60226,63,59,4,4
60227,124,130,-6,6
60228,68,67,1,1
60229,139,134,5,5
60230,78,73,5,5
60231,79,76,3,3
60232,48,56,-8,8
60233,141,142,-1,1
60234,136,125,11,11
60235,123,133,-10,10
60236,85,86,-1,1
60237,128,122,6,6
60238,97,92,5,5
60239,63,61,2,2
60240,141,153,-12,12
60241,87,85,2,2
60242,93,104,-11,11
60243,54,51,3,3
60244,133,117,16,16
60245,50,54,-4,4
60246,71,72,-1,1
60247,75,73,2,2
60248,165,169,-4,4
60249,64,62,2,2
60250,95,86,9,9
60251,65,57,8,8
60252,106,104,2,2
60253,91,80,11,11
60254,70,76,-6,6
60255,124,126,-2,2
60256,48,58,-10,10
60257,74,74,0,0
60258,64,59,5,5
60259,104,102,2,2
60260,82,84,-2,2
60261,82,83,-1,1
60262,147,155,-8,8
60263,123,104,19,19
60264,81,88,-7,7
60265,146,156,-10,10
60266,88,87,1,1
60267,78,78,0,0
60268,118,126,-8,8
60269,160,161,-1,1
60270,176,174,2,2
60271,133,124,9,9
60272,122,122,0,0
60273,74,78,-4,4
60274,75,78,-3,3
60275,116,120,-4,4
60276,116,114,2,2
60277,126,124,2,2
60278,53,56,-3,3
60279,58,82,-24,24
60280,169,170,-1,1
60281,100,114,-14,14
60282,56,62,-6,6
60283,63,68,-5,5
60284,58,57,1,1
60285,56,68,-12,12
60286,131,143,-12,12
60287,74,66,8,8
60288,143,135,8,8
60289,127,138,-11,11
60290,98,99,-1,1
60291,60,54,6,6
60292,65,80,-15,15
60293,76,67,9,9
60294,72,72,0,0
60295,83,82,1,1
60296,41,50,-9,9
60297,91,80,11,11
60298,125,132,-7,7
60299,119,130,-11,11
60300,92,85,7,7
60301,100,113,-13,13
60302,125,125,0,0
60303,95,95,0,0
60304,108,105,3,3
60305,118,118,0,0
60306,124,138,-14,14
60307,31,38,-7,7
60308,175,180,-5,5
60309,122,125,-3,3
60310,117,128,-11,11
60311,30,38,-8,8
60312,184,175,9,9
60313,93,89,4,4
60314,98,95,3,3
60315,82,83,-1,1
60316,91,90,1,1
60317,67,76,-9,9
60318,103,79,24,24
60319,127,138,-11,11
60320,64,60,4,4
60321,70,81,-11,11
60322,68,69,-1,1
60323,87,100,-13,13
60324,103,100,3,3
60325,91,89,2,2
60326,77,72,5,5
60327,70,63,7,7
60328,90,94,-4,4
60329,64,64,0,0
60330,53,56,-3,3
60331,87,80,7,7
60332,112,104,8,8
60333,91,91,0,0
60334,132,136,-4,4
60335,116,119,-3,3
60336,99,106,-7,7
60337,80,74,6,6
60338,125,131,-6,6
60339,83,77,6,6
60340,123,133,-10,10
60341,126,121,5,5
60342,114,119,-5,5
60343,139,133,6,6
60344,135,149,-14,14
60345,61,58,3,3
60346,70,72,-2,2
60347,112,107,5,5
60348,79,75,4,4
60349,58,67,-9,9
60350,131,145,-14,14
60351,154,151,3,3
60352,85,87,-2,2
60353,116,105,11,11
60354,71,77,-6,6
60355,62,75,-13,13
60356,72,75,-3,3
60357,137,143,-6,6
60358,152,157,-5,5
60359,85,83,2,2
60360,63,61,2,2
60361,67,57,10,10
60362,108,116,-8,8
60363,120,132,-12,12
60364,103,102,1,1
60365,96,106,-10,10
60366,108,114,-6,6
60367,49,109,-60,60
60368,83,92,-9,9
60369,91,86,5,5
60370,112,107,5,5
60371,148,144,4,4
60372,110,120,-10,10
60373,90,90,0,0
60374,71,58,13,13
60375,95,107,-12,12
60376,78,71,7,7
60377,102,109,-7,7
60378,99,94,5,5
60379,71,72,-1,1
60380,103,105,-2,2
60381,75,79,-4,4
60382,128,131,-3,3
60383,37,38,-1,1
60384,82,76,6,6
60385,82,90,-8,8
60386,105,110,-5,5
60387,96,94,2,2
60388,57,53,4,4
60389,135,141,-6,6
60390,87,90,-3,3
60391,75,77,-2,2
60392,75,87,-12,12
60393,127,121,6,6
60394,105,109,-4,4
60395,61,59,2,2
60396,66,96,-30,30
60397,140,137,3,3
60398,129,132,-3,3
60399,150,140,10,10
60400,109,108,1,1
60401,115,123,-8,8
60402,118,117,1,1
60403,58,57,1,1
60404,79,70,9,9
60405,28,37,-9,9
60406,173,158,15,15
60407,89,92,-3,3
60408,95,89,6,6
60409,71,77,-6,6
60410,87,90,-3,3
60411,77,70,7,7
60412,106,106,0,0
60413,88,90,-2,2
60414,74,82,-8,8
60415,66,87,-21,21
60416,64,79,-15,15
60417,115,123,-8,8
60418,59,56,3,3
60419,142,133,9,9
60420,73,66,7,7
60421,138,134,4,4
60422,110,109,1,1
60423,81,90,-9,9
60424,143,159,-16,16
60425,137,126,11,11
60426,177,171,6,6
60427,100,102,-2,2
60428,112,118,-6,6
60429,136,138,-2,2
60430,48,39,9,9
60431,112,138,-26,26
60432,115,117,-2,2
60433,134,137,-3,3
60434,97,107,-10,10
60435,86,83,3,3
60436,115,110,5,5
60437,80,75,5,5
60438,157,154,3,3
60439,59,56,3,3
60440,118,118,0,0
60441,64,73,-9,9
60442,123,119,4,4
60443,70,76,-6,6
60444,60,63,-3,3
60445,76,82,-6,6
60446,161,162,-1,1
60447,129,142,-13,13
60448,66,62,4,4
60449,104,97,7,7
60450,86,80,6,6
60451,53,53,0,0
60452,76,71,5,5
60453,202,188,14,14
60454,81,74,7,7
60455,136,139,-3,3
60456,80,69,11,11
60457,54,58,-4,4
60458,71,64,7,7
60459,37,45,-8,8
60460,92,91,1,1
60461,81,85,-4,4
60462,94,123,-29,29
60463,116,112,4,4
60464,89,93,-4,4
60465,123,116,7,7
60466,95,91,4,4
60467,114,111,3,3
60468,134,143,-9,9
60469,153,154,-1,1
60470,82,81,1,1
60471,104,96,8,8
60472,101,108,-7,7
60473,73,61,12,12
60474,121,127,-6,6
60475,147,134,13,13
60476,70,78,-8,8
60477,126,126,0,0
60478,284,249,35,35
60479,124,137,-13,13
60480,107,106,1,1
60481,78,76,2,2
60482,116,116,0,0
60483,139,135,4,4
60484,127,124,3,3
60485,61,64,-3,3
60486,56,58,-2,2
60487,105,102,3,3
60488,68,70,-2,2
60489,101,95,6,6
60490,64,55,9,9
60491,70,69,1,1
60492,129,131,-2,2
60493,86,83,3,3
60494,71,66,5,5
60495,57,141,-84,84
60496,63,78,-15,15
60497,100,91,9,9
60498,138,149,-11,11
60499,143,137,6,6
60500,123,123,0,0
60501,114,122,-8,8
60502,69,66,3,3
60503,71,72,-1,1
60504,65,55,10,10
60505,94,106,-12,12
60506,73,77,-4,4
60507,77,80,-3,3
60508,68,69,-1,1
60509,126,139,-13,13
60510,133,127,6,6
60511,111,126,-15,15
60512,80,83,-3,3
60513,74,80,-6,6
60514,91,89,2,2
60515,111,122,-11,11
60516,100,100,0,0
60517,191,174,17,17
60518,124,115,9,9
60519,55,57,-2,2
60520,113,105,8,8
60521,34,38,-4,4
60522,108,100,8,8
60523,74,68,6,6
60524,163,150,13,13
60525,135,121,14,14
60526,86,99,-13,13
60527,122,120,2,2
60528,135,132,3,3
60529,68,89,-21,21
60530,75,71,4,4
60531,127,140,-13,13
60532,65,67,-2,2
60533,83,89,-6,6
60534,103,94,9,9
60535,79,77,2,2
60536,77,77,0,0
60537,116,122,-6,6
60538,123,121,2,2
60539,70,64,6,6
60540,66,67,-1,1
60541,102,111,-9,9
60542,108,131,-23,23
60543,64,55,9,9
60544,116,129,-13,13
60545,154,164,-10,10
60546,78,79,-1,1
60547,97,102,-5,5
60548,64,70,-6,6
60549,109,109,0,0
60550,109,97,12,12
60551,110,120,-10,10
60552,124,123,1,1
60553,50,54,-4,4
60554,75,66,9,9
60555,112,118,-6,6
60556,72,79,-7,7
60557,113,112,1,1
60558,70,82,-12,12
60559,112,87,25,25
60560,71,68,3,3
60561,117,117,0,0
60562,88,84,4,4
60563,88,79,9,9
60564,96,87,9,9
60565,114,120,-6,6
60566,46,55,-9,9
60567,82,88,-6,6
60568,77,74,3,3
60569,68,82,-14,14
60570,79,90,-11,11
60571,78,80,-2,2
60572,48,50,-2,2
60573,55,57,-2,2
60574,110,114,-4,4
60575,106,101,5,5
60576,88,80,8,8
60577,90,98,-8,8
60578,84,91,-7,7
60579,78,85,-7,7
60580,108,119,-11,11
60581,52,64,-12,12
60582,162,142,20,20
60583,46,42,4,4
60584,100,109,-9,9
60585,95,95,0,0
60586,138,141,-3,3
60587,53,56,-3,3
60588,100,93,7,7
60589,93,92,1,1
60590,90,113,-23,23
60591,103,107,-4,4
60592,92,86,6,6
60593,52,50,2,2
60594,104,103,1,1
60595,49,51,-2,2
60596,82,78,4,4
60597,104,100,4,4
60598,167,171,-4,4
60599,58,64,-6,6
60600,79,82,-3,3
60601,75,65,10,10
60602,70,74,-4,4
60603,78,82,-4,4
60604,70,72,-2,2
60605,130,137,-7,7
60606,90,96,-6,6
60607,68,68,0,0
60608,97,103,-6,6
60609,83,84,-1,1
60610,51,55,-4,4
60611,70,73,-3,3
60612,35,70,-35,35
60613,24,37,-13,13
60614,113,98,15,15
60615,133,128,5,5
60616,90,97,-7,7
60617,84,82,2,2
60618,86,85,1,1
60619,63,61,2,2
60620,51,52,-1,1
60621,153,148,5,5
60622,113,113,0,0
60623,47,49,-2,2
60624,111,106,5,5
60625,67,60,7,7
60626,51,84,-33,33
60627,57,64,-7,7
60628,67,56,11,11
60629,149,146,3,3
60630,71,68,3,3
60631,100,112,-12,12
60632,94,96,-2,2
60633,61,60,1,1
60634,100,91,9,9
60635,147,146,1,1
60636,92,93,-1,1
60637,79,83,-4,4
60638,95,99,-4,4
60639,155,161,-6,6
60640,88,83,5,5
60641,149,163,-14,14
60642,128,130,-2,2
60643,73,57,16,16
60644,124,120,4,4
60645,78,81,-3,3
60646,73,68,5,5
60647,104,100,4,4
60648,124,106,18,18
60649,65,73,-8,8
60650,98,101,-3,3
60651,100,97,3,3
60652,79,72,7,7
60653,216,195,21,21
60654,77,83,-6,6
60655,64,75,-11,11
60656,43,39,4,4
60657,124,116,8,8
60658,87,85,2,2
60659,98,97,1,1
60660,91,88,3,3
60661,81,77,4,4
60662,109,123,-14,14
60663,61,77,-16,16
60664,86,90,-4,4
60665,126,123,3,3
60666,85,79,6,6
60667,94,117,-23,23
60668,68,65,3,3
60669,77,73,4,4
60670,72,72,0,0
60671,107,110,-3,3
60672,83,83,0,0
60673,116,119,-3,3
60674,59,58,1,1
60675,53,52,1,1
60676,137,139,-2,2
60677,128,119,9,9
60678,97,97,0,0
60679,97,99,-2,2
60680,75,72,3,3
60681,107,97,10,10
60682,96,92,4,4
60683,139,133,6,6
60684,62,60,2,2
60685,90,85,5,5
60686,104,110,-6,6
60687,124,121,3,3
60688,107,121,-14,14
60689,124,135,-11,11
60690,105,101,4,4
60691,134,141,-7,7
60692,122,117,5,5
60693,70,76,-6,6
60694,152,156,-4,4
60695,95,90,5,5
60696,67,88,-21,21
60697,109,104,5,5
60698,170,212,-42,42
60699,80,82,-2,2
60700,88,83,5,5
60701,131,103,28,28
60702,84,78,6,6
60703,97,103,-6,6
60704,149,134,15,15
60705,79,86,-7,7
60706,93,107,-14,14
60707,81,82,-1,1
60708,125,128,-3,3
60709,82,83,-1,1
60710,79,79,0,0
60711,65,58,7,7
60712,95,98,-3,3
60713,111,120,-9,9
60714,113,110,3,3
60715,119,125,-6,6
60716,68,71,-3,3
60717,135,116,19,19
60718,102,92,10,10
60719,96,113,-17,17
60720,107,113,-6,6
60721,86,83,3,3
60722,158,138,20,20
60723,141,135,6,6
60724,129,136,-7,7
60725,49,39,10,10
60726,149,149,0,0
60727,114,114,0,0
60728,40,39,1,1
60729,55,57,-2,2
60730,85,81,4,4
60731,65,58,7,7
60732,97,107,-10,10
60733,148,146,2,2
60734,141,132,9,9
60735,69,64,5,5
60736,80,81,-1,1
60737,158,146,12,12
60738,75,80,-5,5
60739,88,89,-1,1
60740,110,104,6,6
60741,82,83,-1,1
60742,58,66,-8,8
60743,76,71,5,5
60744,48,53,-5,5
60745,106,92,14,14
60746,108,110,-2,2
60747,191,178,13,13
60748,100,98,2,2
60749,58,60,-2,2
60750,117,120,-3,3
60751,233,203,30,30
60752,78,84,-6,6
60753,83,77,6,6
60754,66,63,3,3
60755,55,51,4,4
60756,77,81,-4,4
60757,102,99,3,3
60758,62,57,5,5
60759,71,71,0,0
60760,139,142,-3,3
60761,132,139,-7,7
60762,94,100,-6,6
60763,107,115,-8,8
60764,60,68,-8,8
60765,94,112,-18,18
60766,72,61,11,11
60767,86,86,0,0
60768,75,81,-6,6
60769,87,87,0,0
60770,148,137,11,11
60771,120,114,6,6
60772,68,68,0,0
60773,81,75,6,6
60774,222,217,5,5
60775,68,64,4,4
60776,103,114,-11,11
60777,133,118,15,15
60778,135,117,18,18
60779,97,93,4,4
60780,56,56,0,0
60781,73,68,5,5
60782,110,117,-7,7
60783,116,119,-3,3
60784,46,39,7,7
60785,119,116,3,3
60786,42,39,3,3
60787,71,85,-14,14
60788,80,66,14,14
60789,87,88,-1,1
60790,73,73,0,0
60791,99,95,4,4
60792,36,39,-3,3
60793,70,66,4,4
60794,55,53,2,2
60795,104,103,1,1
60796,135,140,-5,5
60797,103,98,5,5
60798,83,88,-5,5
60799,87,77,10,10
60800,78,72,6,6
60801,68,73,-5,5
60802,70,77,-7,7
60803,112,102,10,10
60804,99,103,-4,4
60805,103,106,-3,3
60806,87,85,2,2
60807,105,103,2,2
60808,94,97,-3,3
60809,185,177,8,8
60810,167,170,-3,3
60811,67,74,-7,7
60812,98,82,16,16
60813,109,115,-6,6
60814,139,141,-2,2
60815,88,85,3,3
60816,117,111,6,6
60817,101,115,-14,14
60818,124,140,-16,16
60819,182,158,24,24
60820,198,177,21,21
60821,115,116,-1,1
60822,92,97,-5,5
60823,77,71,6,6
60824,104,105,-1,1
60825,75,69,6,6
60826,93,84,9,9
60827,173,179,-6,6
60828,121,124,-3,3
60829,141,118,23,23
60830,66,83,-17,17
60831,72,65,7,7
60832,104,114,-10,10
60833,103,99,4,4
60834,81,81,0,0
60835,122,106,16,16
60836,131,121,10,10
60837,58,58,0,0
60838,106,108,-2,2
60839,119,110,9,9
60840,57,53,4,4
60841,77,73,4,4
60842,67,60,7,7
60843,85,82,3,3
60844,62,67,-5,5
60845,140,140,0,0
60846,72,78,-6,6
60847,125,130,-5,5
60848,166,162,4,4
60849,133,125,8,8
60850,101,84,17,17
60851,156,154,2,2
60852,68,70,-2,2
60853,70,68,2,2
60854,127,125,2,2
60855,89,86,3,3
60856,111,101,10,10
60857,154,137,17,17
60858,91,87,4,4
60859,59,60,-1,1
60860,105,106,-1,1
60861,108,126,-18,18
60862,87,97,-10,10
60863,143,140,3,3
60864,88,87,1,1
60865,83,87,-4,4
60866,105,98,7,7
60867,96,101,-5,5
60868,95,91,4,4
60869,104,114,-10,10
60870,97,117,-20,20
60871,111,115,-4,4
60872,93,89,4,4
60873,54,51,3,3
60874,90,96,-6,6
60875,52,54,-2,2
60876,85,88,-3,3
60877,114,114,0,0
60878,152,166,-14,14
60879,79,75,4,4
60880,118,126,-8,8
60881,85,75,10,10
60882,94,86,8,8
60883,49,53,-4,4
60884,56,60,-4,4
60885,156,146,10,10
60886,55,51,4,4
60887,116,119,-3,3
60888,84,87,-3,3
60889,105,102,3,3
60890,122,117,5,5
60891,80,88,-8,8
60892,89,81,8,8
60893,117,112,5,5
60894,50,49,1,1
60895,65,68,-3,3
60896,115,121,-6,6
60897,78,75,3,3
60898,112,117,-5,5
60899,84,77,7,7
60900,144,151,-7,7
60901,95,90,5,5
60902,125,129,-4,4
60903,115,133,-18,18
60904,76,70,6,6
60905,119,117,2,2
60906,133,155,-22,22
60907,90,84,6,6
60908,112,108,4,4
60909,76,72,4,4
60910,147,143,4,4
60911,55,58,-3,3
60912,131,121,10,10
60913,116,110,6,6
60914,84,80,4,4
60915,72,74,-2,2
60916,73,74,-1,1
60917,43,51,-8,8
60918,73,71,2,2
60919,82,90,-8,8
60920,56,61,-5,5
60921,99,91,8,8
60922,105,116,-11,11
60923,79,88,-9,9
60924,138,126,12,12
60925,111,121,-10,10
60926,36,39,-3,3
60927,138,134,4,4
60928,89,94,-5,5
60929,93,83,10,10
60930,132,138,-6,6
60931,108,102,6,6
60932,66,66,0,0
60933,71,71,0,0
60934,65,62,3,3
60935,200,197,3,3
60936,72,109,-37,37
60937,232,228,4,4
60938,75,76,-1,1
60939,186,172,14,14
60940,125,121,4,4
60941,95,106,-11,11
60942,203,160,43,43
60943,176,162,14,14
60944,129,130,-1,1
60945,76,78,-2,2
60946,143,144,-1,1
60947,49,42,7,7
60948,92,91,1,1
60949,92,92,0,0
60950,75,83,-8,8
60951,105,96,9,9
60952,155,137,18,18
60953,95,102,-7,7
60954,86,96,-10,10
60955,132,124,8,8
60956,46,49,-3,3
60957,69,73,-4,4
60958,58,72,-14,14
60959,140,135,5,5
60960,70,63,7,7
60961,89,92,-3,3
60962,84,68,16,16
60963,124,122,2,2
60964,71,73,-2,2
60965,127,128,-1,1
60966,69,68,1,1
60967,111,104,7,7
60968,125,129,-4,4
60969,85,90,-5,5
60970,76,76,0,0
60971,85,90,-5,5
60972,55,56,-1,1
60973,92,92,0,0
60974,182,174,8,8
60975,89,88,1,1
60976,102,97,5,5
60977,113,118,-5,5
60978,131,140,-9,9
60979,133,148,-15,15
60980,98,96,2,2
60981,154,141,13,13
60982,99,97,2,2
60983,114,115,-1,1
60984,110,107,3,3
60985,125,112,13,13
60986,52,63,-11,11
60987,42,38,4,4
60988,80,74,6,6
60989,83,84,-1,1
60990,143,139,4,4
60991,56,58,-2,2
60992,131,129,2,2
60993,112,130,-18,18
60994,110,111,-1,1
60995,104,99,5,5
60996,71,70,1,1
60997,36,39,-3,3
60998,57,60,-3,3
60999,72,79,-7,7
61000,119,106,13,13
61001,194,186,8,8
61002,107,102,5,5
61003,123,122,1,1
61004,87,83,4,4
61005,157,156,1,1
61006,75,75,0,0
61007,94,95,-1,1
61008,85,85,0,0
61009,85,92,-7,7
61010,44,47,-3,3
61011,78,80,-2,2
61012,97,82,15,15
61013,34,53,-19,19
61014,38,37,1,1
61015,93,89,4,4
61016,113,111,2,2
61017,130,125,5,5
61018,46,39,7,7
61019,94,101,-7,7
61020,144,135,9,9
61021,60,61,-1,1
61022,110,113,-3,3
61023,78,82,-4,4
61024,172,173,-1,1
61025,117,134,-17,17
61026,60,71,-11,11
61027,114,102,12,12
61028,136,151,-15,15
61029,130,140,-10,10
61030,140,135,5,5
61031,58,62,-4,4
61032,87,86,1,1
61033,154,146,8,8
61034,84,85,-1,1
61035,78,71,7,7
61036,224,271,-47,47
61037,77,72,5,5
61038,114,113,1,1
61039,64,63,1,1
61040,145,141,4,4
61041,62,57,5,5
61042,123,127,-4,4
61043,126,128,-2,2
61044,59,68,-9,9
61045,59,69,-10,10
61046,65,81,-16,16
61047,81,85,-4,4
61048,104,95,9,9
61049,94,97,-3,3
61050,131,132,-1,1
61051,60,56,4,4
61052,111,101,10,10
61053,159,147,12,12
61054,145,147,-2,2
61055,67,63,4,4
61056,114,111,3,3
61057,82,77,5,5
61058,93,94,-1,1
61059,53,58,-5,5
61060,83,89,-6,6
61061,101,105,-4,4
61062,112,129,-17,17
61063,71,59,12,12
61064,86,77,9,9
61065,49,100,-51,51
61066,59,58,1,1
61067,125,119,6,6
61068,157,162,-5,5
61069,90,93,-3,3
61070,160,171,-11,11
61071,128,111,17,17
61072,78,84,-6,6
61073,153,157,-4,4
61074,87,101,-14,14
61075,133,128,5,5
61076,96,100,-4,4
61077,88,98,-10,10
61078,69,79,-10,10
61079,150,166,-16,16
61080,134,126,8,8
61081,122,121,1,1
61082,91,92,-1,1
61083,156,149,7,7
61084,76,77,-1,1
61085,44,38,6,6
61086,117,123,-6,6
61087,110,109,1,1
61088,101,86,15,15
61089,81,75,6,6
61090,52,49,3,3
61091,164,167,-3,3
61092,40,44,-4,4
61093,80,86,-6,6
61094,129,123,6,6
61095,131,122,9,9
61096,87,91,-4,4
61097,79,74,5,5
61098,110,109,1,1
61099,120,115,5,5
61100,100,121,-21,21
61101,113,114,-1,1
61102,97,120,-23,23
61103,75,71,4,4
61104,85,95,-10,10
61105,49,42,7,7
61106,103,119,-16,16
61107,177,175,2,2
61108,94,98,-4,4
61109,130,130,0,0
61110,72,75,-3,3
61111,158,156,2,2
61112,47,51,-4,4
61113,74,88,-14,14
61114,101,108,-7,7
61115,51,61,-10,10
61116,83,84,-1,1
61117,142,143,-1,1
61118,58,60,-2,2
61119,83,88,-5,5
61120,45,38,7,7
61121,138,137,1,1
61122,152,145,7,7
61123,101,107,-6,6
61124,77,68,9,9
61125,52,79,-27,27
61126,89,84,5,5
61127,149,142,7,7
61128,78,69,9,9
61129,146,149,-3,3
61130,122,127,-5,5
61131,88,79,9,9
61132,131,135,-4,4
61133,67,66,1,1
61134,107,94,13,13
61135,139,150,-11,11
61136,164,157,7,7
61137,134,130,4,4
61138,71,69,2,2
61139,87,77,10,10
61140,68,70,-2,2
61141,56,109,-53,53
61142,118,122,-4,4
61143,101,101,0,0
61144,75,80,-5,5
61145,127,144,-17,17
61146,85,89,-4,4
61147,57,72,-15,15
61148,37,45,-8,8
61149,116,120,-4,4
61150,108,104,4,4
61151,137,137,0,0
61152,58,57,1,1
61153,67,90,-23,23
61154,106,108,-2,2
61155,132,118,14,14
61156,102,96,6,6
61157,115,122,-7,7
61158,85,85,0,0
61159,107,109,-2,2
61160,49,51,-2,2
61161,139,157,-18,18
61162,126,132,-6,6
61163,135,145,-10,10
61164,69,62,7,7
61165,88,84,4,4
61166,117,114,3,3
61167,77,71,6,6
61168,51,55,-4,4
61169,92,107,-15,15
61170,80,88,-8,8
61171,82,84,-2,2
61172,157,158,-1,1
61173,83,85,-2,2
61174,136,125,11,11
61175,147,139,8,8
61176,49,49,0,0
61177,86,87,-1,1
61178,125,117,8,8
61179,73,65,8,8
61180,99,113,-14,14
61181,102,106,-4,4
61182,101,103,-2,2
61183,109,101,8,8
61184,126,125,1,1
61185,142,128,14,14
61186,62,61,1,1
61187,113,113,0,0
61188,149,130,19,19
61189,61,62,-1,1
61190,66,71,-5,5
61191,122,118,4,4
61192,89,90,-1,1
61193,76,77,-1,1
61194,74,86,-12,12
61195,61,64,-3,3
61196,44,51,-7,7
61197,107,126,-19,19
61198,104,99,5,5
61199,109,111,-2,2
61200,140,131,9,9
61201,43,49,-6,6
61202,40,39,1,1
61203,223,202,21,21
61204,95,93,2,2
61205,47,53,-6,6
61206,71,64,7,7
61207,121,108,13,13
61208,119,124,-5,5
61209,135,136,-1,1
61210,78,70,8,8
61211,96,87,9,9
61212,71,73,-2,2
61213,71,78,-7,7
61214,108,133,-25,25
61215,64,64,0,0
61216,169,191,-22,22
61217,80,79,1,1
61218,78,80,-2,2
61219,100,96,4,4
61220,90,89,1,1
61221,108,104,4,4
61222,84,89,-5,5
61223,150,150,0,0
61224,91,105,-14,14
61225,55,57,-2,2
61226,83,87,-4,4
61227,119,163,-44,44
61228,86,88,-2,2
61229,101,106,-5,5
61230,89,84,5,5
61231,80,85,-5,5
61232,116,110,6,6
61233,146,153,-7,7
61234,64,71,-7,7
61235,175,172,3,3
61236,139,141,-2,2
61237,79,70,9,9
61238,120,116,4,4
61239,84,92,-8,8
61240,132,137,-5,5
61241,71,72,-1,1
61242,104,97,7,7
61243,60,59,1,1
61244,171,145,26,26
61245,93,93,0,0
61246,132,132,0,0
61247,55,55,0,0
61248,74,57,17,17
61249,126,115,11,11
61250,75,77,-2,2
61251,45,54,-9,9
61252,95,93,2,2
61253,154,141,13,13
61254,143,134,9,9
61255,111,114,-3,3
61256,97,102,-5,5
61257,203,228,-25,25
61258,42,39,3,3
61259,49,54,-5,5
61260,111,113,-2,2
61261,76,64,12,12
61262,79,76,3,3
61263,70,82,-12,12
61264,57,58,-1,1
61265,60,56,4,4
61266,119,124,-5,5
61267,76,80,-4,4
61268,72,67,5,5
61269,124,110,14,14
61270,138,118,20,20
61271,118,120,-2,2
61272,119,113,6,6
61273,94,83,11,11
61274,113,136,-23,23
61275,69,87,-18,18
61276,106,102,4,4
61277,41,49,-8,8
61278,88,84,4,4
61279,124,137,-13,13
61280,51,56,-5,5
61281,70,79,-9,9
61282,112,113,-1,1
61283,100,96,4,4
61284,143,140,3,3
61285,87,96,-9,9
61286,61,62,-1,1
61287,64,68,-4,4
61288,130,130,0,0
61289,81,80,1,1
61290,73,64,9,9
61291,47,46,1,1
61292,99,116,-17,17
61293,95,94,1,1
61294,105,107,-2,2
61295,126,131,-5,5
61296,108,103,5,5
61297,67,68,-1,1
61298,72,83,-11,11
61299,65,59,6,6
61300,109,108,1,1
61301,52,53,-1,1
61302,122,115,7,7
61303,59,61,-2,2
61304,117,132,-15,15
61305,79,69,10,10
61306,46,45,1,1
61307,64,73,-9,9
61308,71,86,-15,15
61309,60,60,0,0
61310,70,69,1,1
61311,114,115,-1,1
61312,101,104,-3,3
61313,138,142,-4,4
61314,98,90,8,8
61315,92,99,-7,7
61316,196,191,5,5
61317,109,116,-7,7
61318,55,53,2,2
61319,166,172,-6,6
61320,68,72,-4,4
61321,61,61,0,0
61322,79,82,-3,3
61323,86,80,6,6
61324,90,86,4,4
61325,128,125,3,3
61326,102,105,-3,3
61327,118,112,6,6
61328,86,86,0,0
61329,105,104,1,1
61330,78,79,-1,1
61331,96,96,0,0
61332,38,38,0,0
61333,96,98,-2,2
61334,123,123,0,0
61335,85,81,4,4
61336,117,110,7,7
61337,78,103,-25,25
61338,131,138,-7,7
61339,82,83,-1,1
61340,87,91,-4,4
61341,81,82,-1,1
61342,59,55,4,4
61343,84,83,1,1
61344,89,95,-6,6
61345,65,62,3,3
61346,131,137,-6,6
61347,55,58,-3,3
61348,66,64,2,2
61349,74,69,5,5
61350,84,67,17,17
61351,110,106,4,4
61352,63,73,-10,10
61353,97,86,11,11
61354,55,65,-10,10
61355,94,95,-1,1
61356,148,149,-1,1
61357,110,98,12,12
61358,161,163,-2,2
61359,139,135,4,4
61360,63,70,-7,7
61361,120,118,2,2
61362,79,84,-5,5
61363,131,137,-6,6
61364,150,136,14,14
61365,80,80,0,0
61366,37,38,-1,1
61367,116,119,-3,3
61368,82,81,1,1
61369,130,131,-1,1
61370,68,73,-5,5
61371,86,84,2,2
61372,90,87,3,3
61373,57,55,2,2
61374,149,142,7,7
61375,79,83,-4,4
61376,126,130,-4,4
61377,120,136,-16,16
61378,197,192,5,5
61379,62,60,2,2
61380,88,86,2,2
61381,144,138,6,6
61382,99,93,6,6
61383,101,119,-18,18
61384,111,103,8,8
61385,61,61,0,0
61386,85,81,4,4
61387,96,94,2,2
61388,125,127,-2,2
61389,107,100,7,7
61390,136,126,10,10
61391,148,147,1,1
61392,98,103,-5,5
61393,66,59,7,7
61394,95,79,16,16
61395,107,93,14,14
61396,47,55,-8,8
61397,78,78,0,0
61398,81,77,4,4
61399,72,73,-1,1
61400,84,98,-14,14
61401,145,156,-11,11
61402,77,76,1,1
61403,90,85,5,5
61404,131,124,7,7
61405,91,86,5,5
61406,38,71,-33,33
61407,94,92,2,2
61408,111,113,-2,2
61409,145,149,-4,4
61410,84,86,-2,2
61411,87,76,11,11
61412,115,111,4,4
61413,95,88,7,7
61414,144,135,9,9
61415,90,85,5,5
61416,101,95,6,6
61417,91,91,0,0
61418,190,197,-7,7
61419,80,83,-3,3
61420,167,160,7,7
61421,83,72,11,11
61422,66,63,3,3
61423,50,53,-3,3
61424,111,114,-3,3
61425,83,94,-11,11
61426,72,66,6,6
61427,73,67,6,6
61428,79,84,-5,5
61429,66,70,-4,4
61430,83,81,2,2
61431,262,250,12,12
61432,108,117,-9,9
61433,117,113,4,4
61434,98,87,11,11
61435,85,88,-3,3
61436,63,61,2,2
61437,190,185,5,5
61438,85,85,0,0
61439,123,116,7,7
61440,144,146,-2,2
61441,75,77,-2,2
61442,97,93,4,4
61443,85,75,10,10
61444,69,65,4,4
61445,77,82,-5,5
61446,61,63,-2,2
61447,75,73,2,2
61448,97,124,-27,27
61449,70,70,0,0
61450,85,84,1,1
61451,61,65,-4,4
61452,77,69,8,8
61453,58,61,-3,3
61454,83,80,3,3
61455,91,95,-4,4
61456,53,60,-7,7
61457,55,51,4,4
61458,87,89,-2,2
61459,80,86,-6,6
61460,53,60,-7,7
61461,133,126,7,7
61462,90,96,-6,6
61463,60,64,-4,4
61464,68,68,0,0
61465,66,56,10,10
61466,112,116,-4,4
61467,139,137,2,2
61468,50,53,-3,3
61469,120,126,-6,6
61470,77,78,-1,1
61471,81,69,12,12
61472,87,85,2,2
61473,43,39,4,4
61474,68,61,7,7
61475,58,54,4,4
61476,120,125,-5,5
61477,114,105,9,9
61478,173,166,7,7
61479,62,65,-3,3
61480,115,110,5,5
61481,213,202,11,11
61482,108,108,0,0
61483,53,64,-11,11
61484,85,76,9,9
61485,119,121,-2,2
61486,74,79,-5,5
61487,93,89,4,4
61488,72,68,4,4
61489,104,88,16,16
61490,88,91,-3,3
61491,56,64,-8,8
61492,139,136,3,3
61493,110,110,0,0
61494,93,82,11,11
61495,54,39,15,15
61496,83,93,-10,10
61497,73,65,8,8
61498,202,187,15,15
61499,95,96,-1,1
61500,51,57,-6,6
61501,141,126,15,15
61502,130,131,-1,1
61503,89,97,-8,8
61504,67,66,1,1
61505,92,93,-1,1
61506,138,149,-11,11
61507,50,51,-1,1
61508,85,77,8,8
61509,118,104,14,14
61510,84,82,2,2
61511,95,90,5,5
61512,92,98,-6,6
61513,141,154,-13,13
61514,94,99,-5,5
61515,117,123,-6,6
61516,82,66,16,16
61517,73,80,-7,7
61518,108,101,7,7
61519,93,107,-14,14
61520,156,164,-8,8
61521,84,86,-2,2
61522,106,95,11,11
61523,91,97,-6,6
61524,88,94,-6,6
61525,78,71,7,7
61526,136,135,1,1
61527,59,66,-7,7
61528,94,102,-8,8
61529,100,101,-1,1
61530,144,142,2,2
61531,89,111,-22,22
61532,67,68,-1,1
61533,28,38,-10,10
61534,114,113,1,1
61535,123,136,-13,13
61536,85,76,9,9
61537,77,79,-2,2
61538,89,107,-18,18
61539,90,90,0,0
61540,80,83,-3,3
61541,114,123,-9,9
61542,46,42,4,4
61543,123,118,5,5
61544,132,132,0,0
61545,106,119,-13,13
61546,93,95,-2,2
61547,100,125,-25,25
61548,82,76,6,6
61549,170,185,-15,15
61550,103,119,-16,16
61551,60,63,-3,3
61552,101,117,-16,16
61553,101,99,2,2
61554,106,102,4,4
61555,53,64,-11,11
61556,45,39,6,6
61557,102,120,-18,18
61558,74,68,6,6
61559,107,118,-11,11
61560,95,100,-5,5
61561,96,93,3,3
61562,100,98,2,2
61563,40,52,-12,12
61564,85,80,5,5
61565,59,60,-1,1
61566,107,101,6,6
61567,157,152,5,5
61568,72,77,-5,5
61569,104,95,9,9
61570,53,60,-7,7
61571,131,130,1,1
61572,147,141,6,6
61573,80,77,3,3
61574,135,137,-2,2
61575,119,110,9,9
61576,128,126,2,2
61577,126,125,1,1
61578,91,85,6,6
61579,102,92,10,10
61580,55,61,-6,6
61581,69,68,1,1
61582,57,69,-12,12
61583,53,56,-3,3
61584,109,96,13,13
61585,106,91,15,15
61586,106,107,-1,1
61587,128,119,9,9
61588,84,80,4,4
61589,73,75,-2,2
61590,137,109,28,28
61591,96,100,-4,4
61592,106,107,-1,1
61593,119,121,-2,2
61594,113,116,-3,3
61595,138,126,12,12
61596,52,53,-1,1
61597,115,112,3,3
61598,66,66,0,0
61599,114,121,-7,7
61600,46,54,-8,8
61601,108,105,3,3
61602,85,78,7,7
61603,67,62,5,5
61604,66,60,6,6
61605,76,82,-6,6
61606,93,91,2,2
61607,145,160,-15,15
61608,122,117,5,5
61609,88,85,3,3
61610,59,60,-1,1
61611,77,76,1,1
61612,84,88,-4,4
61613,71,75,-4,4
61614,93,86,7,7
61615,71,68,3,3
61616,40,50,-10,10
61617,165,162,3,3
61618,104,106,-2,2
61619,54,53,1,1
61620,46,39,7,7
61621,70,66,4,4
61622,51,55,-4,4
61623,86,81,5,5
61624,86,85,1,1
61625,90,88,2,2
61626,160,163,-3,3
61627,119,116,3,3
61628,78,84,-6,6
61629,112,129,-17,17
61630,89,79,10,10
61631,96,100,-4,4
61632,96,95,1,1
61633,96,97,-1,1
61634,33,39,-6,6
61635,78,75,3,3
61636,65,57,8,8
61637,69,72,-3,3
61638,85,89,-4,4
61639,71,62,9,9
61640,119,109,10,10
61641,100,98,2,2
61642,102,104,-2,2
61643,96,88,8,8
61644,77,71,6,6
61645,91,96,-5,5
61646,175,167,8,8
61647,96,100,-4,4
61648,133,128,5,5
61649,107,128,-21,21
61650,98,96,2,2
61651,94,100,-6,6
61652,67,68,-1,1
61653,116,124,-8,8
61654,73,80,-7,7
61655,83,71,12,12
61656,75,77,-2,2
61657,109,124,-15,15
61658,143,152,-9,9
61659,84,84,0,0
61660,79,84,-5,5
61661,104,104,0,0
61662,44,39,5,5
61663,53,39,14,14
61664,108,102,6,6
61665,86,92,-6,6
61666,119,122,-3,3
61667,56,39,17,17
61668,88,92,-4,4
61669,118,123,-5,5
61670,102,104,-2,2
61671,49,38,11,11
61672,99,96,3,3
61673,105,189,-84,84
61674,131,116,15,15
61675,78,70,8,8
61676,99,94,5,5
61677,23,38,-15,15
61678,126,130,-4,4
61679,92,91,1,1
61680,85,93,-8,8
61681,61,63,-2,2
61682,137,146,-9,9
61683,74,75,-1,1
61684,129,124,5,5
61685,156,161,-5,5
61686,72,67,5,5
61687,151,142,9,9
61688,72,67,5,5
61689,81,87,-6,6
61690,128,121,7,7
61691,136,126,10,10
61692,111,116,-5,5
61693,150,156,-6,6
61694,79,84,-5,5
61695,124,123,1,1
61696,133,127,6,6
61697,106,116,-10,10
61698,71,72,-1,1
61699,69,64,5,5
61700,105,117,-12,12
61701,60,56,4,4
61702,97,95,2,2
61703,129,140,-11,11
61704,70,69,1,1
61705,137,148,-11,11
61706,110,100,10,10
61707,97,95,2,2
61708,149,175,-26,26
61709,63,63,0,0
61710,71,74,-3,3
61711,108,103,5,5
61712,127,127,0,0
61713,92,99,-7,7
61714,41,38,3,3
61715,87,85,2,2
61716,95,92,3,3
61717,58,61,-3,3
61718,103,114,-11,11
61719,106,107,-1,1
61720,100,106,-6,6
61721,49,57,-8,8
61722,103,122,-19,19
61723,147,160,-13,13
61724,110,107,3,3
61725,121,143,-22,22
61726,66,67,-1,1
61727,66,66,0,0
61728,75,73,2,2
61729,127,138,-11,11
61730,96,97,-1,1
61731,179,168,11,11
61732,153,156,-3,3
61733,89,82,7,7
61734,111,111,0,0
61735,124,110,14,14
61736,86,75,11,11
61737,98,107,-9,9
61738,82,86,-4,4
61739,138,122,16,16
61740,98,88,10,10
61741,187,185,2,2
61742,141,135,6,6
61743,72,77,-5,5
61744,110,105,5,5
61745,87,93,-6,6
61746,60,59,1,1
61747,71,70,1,1
61748,123,131,-8,8
61749,57,59,-2,2
61750,113,120,-7,7
61751,148,151,-3,3
61752,73,74,-1,1
61753,62,68,-6,6
61754,108,130,-22,22
61755,105,101,4,4
61756,152,126,26,26
61757,51,52,-1,1
61758,127,125,2,2
61759,31,39,-8,8
61760,68,65,3,3
61761,163,158,5,5
61762,160,151,9,9
61763,73,80,-7,7
61764,43,38,5,5
61765,102,101,1,1
61766,91,108,-17,17
61767,136,122,14,14
61768,92,87,5,5
61769,60,62,-2,2
61770,45,50,-5,5
61771,111,105,6,6
61772,95,105,-10,10
61773,100,97,3,3
61774,139,149,-10,10
61775,99,92,7,7
61776,68,71,-3,3
61777,55,54,1,1
61778,110,99,11,11
61779,67,73,-6,6
61780,103,102,1,1
61781,115,115,0,0
61782,131,150,-19,19
61783,106,115,-9,9
61784,154,153,1,1
61785,104,116,-12,12
61786,91,89,2,2
61787,139,147,-8,8
61788,56,55,1,1
61789,139,136,3,3
61790,72,63,9,9
61791,144,144,0,0
61792,112,112,0,0
61793,68,62,6,6
61794,88,87,1,1
61795,79,96,-17,17
61796,104,109,-5,5
61797,54,50,4,4
61798,111,103,8,8
61799,87,87,0,0
61800,185,182,3,3
61801,92,90,2,2
61802,68,74,-6,6
61803,91,88,3,3
61804,84,78,6,6
61805,82,83,-1,1
61806,126,126,0,0
61807,71,74,-3,3
61808,72,67,5,5
61809,137,142,-5,5
61810,61,67,-6,6
61811,106,106,0,0
61812,59,55,4,4
61813,77,76,1,1
61814,149,132,17,17
61815,63,63,0,0
61816,66,70,-4,4
61817,105,102,3,3
61818,85,82,3,3
61819,109,95,14,14
61820,81,88,-7,7
61821,60,63,-3,3
61822,40,39,1,1
61823,95,90,5,5
61824,110,99,11,11
61825,68,62,6,6
61826,67,67,0,0
61827,76,76,0,0
61828,188,189,-1,1
61829,59,57,2,2
61830,131,121,10,10
61831,108,105,3,3
61832,114,120,-6,6
61833,108,107,1,1
61834,104,102,2,2
61835,94,96,-2,2
61836,47,46,1,1
61837,77,66,11,11
61838,80,84,-4,4
61839,96,99,-3,3
61840,103,103,0,0
61841,109,111,-2,2
61842,66,76,-10,10
61843,98,92,6,6
61844,126,112,14,14
61845,97,114,-17,17
61846,99,97,2,2
61847,107,106,1,1
61848,129,132,-3,3
61849,87,92,-5,5
61850,69,66,3,3
61851,115,107,8,8
61852,99,103,-4,4
61853,99,94,5,5
61854,155,171,-16,16
61855,121,117,4,4
61856,123,131,-8,8
61857,91,91,0,0
61858,68,78,-10,10
61859,118,109,9,9
61860,98,103,-5,5
61861,108,107,1,1
61862,112,113,-1,1
61863,80,73,7,7
61864,92,134,-42,42
61865,116,111,5,5
61866,56,61,-5,5
61867,127,128,-1,1
61868,50,54,-4,4
61869,121,114,7,7
61870,157,161,-4,4
61871,78,74,4,4
61872,85,79,6,6
61873,142,144,-2,2
61874,42,53,-11,11
61875,62,65,-3,3
61876,61,63,-2,2
61877,75,76,-1,1
61878,82,86,-4,4
61879,107,105,2,2
61880,130,135,-5,5
61881,64,68,-4,4
61882,75,72,3,3
61883,109,105,4,4
61884,65,75,-10,10
61885,112,115,-3,3
61886,88,94,-6,6
61887,140,137,3,3
61888,132,127,5,5
61889,108,115,-7,7
61890,92,80,12,12
61891,63,60,3,3
61892,48,51,-3,3
61893,144,123,21,21
61894,104,102,2,2
61895,107,102,5,5
61896,52,66,-14,14
61897,73,72,1,1
61898,44,48,-4,4
61899,120,117,3,3
61900,87,84,3,3
61901,110,120,-10,10
61902,73,74,-1,1
61903,79,88,-9,9
61904,57,60,-3,3
61905,68,70,-2,2
61906,81,97,-16,16
61907,63,60,3,3
61908,41,39,2,2
61909,71,60,11,11
61910,106,115,-9,9
61911,105,94,11,11
61912,183,157,26,26
61913,111,120,-9,9
61914,137,134,3,3
61915,51,55,-4,4
61916,40,39,1,1
61917,70,77,-7,7
61918,120,117,3,3
61919,57,63,-6,6
61920,66,59,7,7
61921,140,127,13,13
61922,71,77,-6,6
61923,96,93,3,3
61924,108,111,-3,3
61925,134,150,-16,16
61926,97,98,-1,1
61927,44,39,5,5
61928,49,39,10,10
61929,63,59,4,4
61930,97,101,-4,4
61931,38,38,0,0
61932,68,64,4,4
61933,114,107,7,7
61934,105,111,-6,6
61935,36,39,-3,3
61936,69,62,7,7
61937,101,100,1,1
61938,155,147,8,8
61939,53,68,-15,15
61940,151,145,6,6
61941,65,61,4,4
61942,64,65,-1,1
61943,181,174,7,7
61944,110,111,-1,1
61945,93,96,-3,3
61946,183,176,7,7
61947,94,92,2,2
61948,91,91,0,0
61949,105,114,-9,9
61950,51,53,-2,2
61951,76,75,1,1
61952,60,70,-10,10
61953,72,68,4,4
61954,108,106,2,2
61955,119,117,2,2
61956,98,112,-14,14
61957,119,110,9,9
61958,122,119,3,3
61959,90,91,-1,1
61960,55,56,-1,1
61961,62,57,5,5
61962,41,53,-12,12
61963,86,85,1,1
61964,58,60,-2,2
61965,159,167,-8,8
61966,84,86,-2,2
61967,101,101,0,0
61968,107,98,9,9
61969,150,149,1,1
61970,105,112,-7,7
61971,83,83,0,0
61972,78,90,-12,12
61973,51,53,-2,2
61974,83,95,-12,12
61975,111,116,-5,5
61976,116,127,-11,11
61977,124,100,24,24
61978,116,113,3,3
61979,133,130,3,3
61980,143,140,3,3
61981,102,106,-4,4
61982,94,99,-5,5
61983,66,62,4,4
61984,76,82,-6,6
61985,108,103,5,5
61986,69,61,8,8
61987,90,79,11,11
61988,65,78,-13,13
61989,157,163,-6,6
61990,81,72,9,9
61991,116,123,-7,7
61992,94,93,1,1
61993,98,117,-19,19
61994,149,144,5,5
61995,87,89,-2,2
61996,124,128,-4,4
61997,121,122,-1,1
61998,157,150,7,7
61999,100,97,3,3
62000,129,135,-6,6
62001,97,97,0,0
62002,57,56,1,1
62003,108,104,4,4
62004,64,59,5,5
62005,195,181,14,14
62006,81,79,2,2
62007,92,89,3,3
62008,139,151,-12,12
62009,67,65,2,2
62010,78,88,-10,10
62011,56,62,-6,6
62012,90,87,3,3
62013,69,70,-1,1
62014,109,101,8,8
62015,67,67,0,0
62016,65,68,-3,3
62017,67,76,-9,9
62018,128,115,13,13
62019,101,97,4,4
62020,103,104,-1,1
62021,66,62,4,4
62022,78,81,-3,3
62023,121,117,4,4
62024,99,106,-7,7
62025,69,61,8,8
62026,64,65,-1,1
62027,66,64,2,2
62028,76,77,-1,1
62029,91,91,0,0
62030,49,58,-9,9
62031,222,194,28,28
62032,71,64,7,7
62033,155,160,-5,5
62034,80,82,-2,2
62035,94,78,16,16
62036,70,65,5,5
62037,106,108,-2,2
62038,81,87,-6,6
62039,90,81,9,9
62040,73,74,-1,1
62041,65,60,5,5
62042,71,74,-3,3
62043,140,125,15,15
62044,109,118,-9,9
62045,72,70,2,2
62046,95,105,-10,10
62047,92,85,7,7
62048,104,115,-11,11
62049,74,73,1,1
62050,102,102,0,0
62051,75,79,-4,4
62052,100,96,4,4
62053,111,119,-8,8
62054,52,49,3,3
62055,79,67,12,12
62056,99,96,3,3
62057,140,149,-9,9
62058,181,194,-13,13
62059,106,107,-1,1
62060,59,56,3,3
62061,129,122,7,7
62062,95,113,-18,18
62063,50,53,-3,3
62064,71,65,6,6
62065,46,56,-10,10
62066,103,112,-9,9
62067,82,87,-5,5
62068,114,108,6,6
62069,114,112,2,2
62070,92,95,-3,3
62071,74,79,-5,5
62072,102,106,-4,4
62073,104,101,3,3
62074,86,81,5,5
62075,51,74,-23,23
62076,86,83,3,3
62077,78,83,-5,5
62078,99,104,-5,5
62079,95,90,5,5
62080,82,86,-4,4
62081,111,120,-9,9
62082,129,118,11,11
62083,90,113,-23,23
62084,139,131,8,8
62085,72,80,-8,8
62086,55,57,-2,2
62087,165,163,2,2
62088,115,119,-4,4
62089,61,68,-7,7
62090,84,80,4,4
62091,136,138,-2,2
62092,83,77,6,6
62093,27,39,-12,12
62094,108,109,-1,1
62095,147,138,9,9
62096,120,122,-2,2
62097,73,94,-21,21
62098,60,68,-8,8
62099,123,130,-7,7
62100,89,95,-6,6
62101,73,65,8,8
62102,64,65,-1,1
62103,62,64,-2,2
62104,100,99,1,1
62105,100,92,8,8
62106,48,61,-13,13
62107,119,113,6,6
62108,53,54,-1,1
62109,142,150,-8,8
62110,58,59,-1,1
62111,100,111,-11,11
62112,77,74,3,3
62113,71,86,-15,15
62114,126,126,0,0
62115,50,53,-3,3
62116,205,177,28,28
62117,60,61,-1,1
62118,91,88,3,3
62119,70,75,-5,5
62120,90,95,-5,5
62121,159,157,2,2
62122,75,73,2,2
62123,116,95,21,21
62124,109,117,-8,8
62125,143,139,4,4
62126,112,105,7,7
62127,84,87,-3,3
62128,170,182,-12,12
62129,150,154,-4,4
62130,109,106,3,3
62131,161,158,3,3
62132,99,104,-5,5
62133,127,112,15,15
62134,62,39,23,23
62135,133,131,2,2
62136,101,110,-9,9
62137,127,119,8,8
62138,89,90,-1,1
62139,95,91,4,4
62140,150,145,5,5
62141,49,39,10,10
62142,92,96,-4,4
62143,92,90,2,2
62144,38,38,0,0
62145,145,159,-14,14
62146,156,168,-12,12
62147,125,125,0,0
62148,51,38,13,13
62149,134,115,19,19
62150,92,104,-12,12
62151,85,94,-9,9
62152,60,59,1,1
62153,67,71,-4,4
62154,99,112,-13,13
62155,159,167,-8,8
62156,86,92,-6,6
62157,75,63,12,12
62158,42,39,3,3
62159,71,76,-5,5
62160,136,142,-6,6
62161,67,77,-10,10
62162,112,112,0,0
62163,71,71,0,0
62164,48,56,-8,8
62165,139,145,-6,6
62166,114,156,-42,42
62167,48,39,9,9
62168,86,87,-1,1
62169,119,112,7,7
62170,94,95,-1,1
62171,105,109,-4,4
62172,104,95,9,9
62173,85,88,-3,3
62174,66,60,6,6
62175,93,89,4,4
62176,88,94,-6,6
62177,67,66,1,1
62178,91,99,-8,8
62179,110,112,-2,2
62180,80,74,6,6
62181,98,106,-8,8
62182,126,128,-2,2
62183,52,59,-7,7
62184,63,68,-5,5
62185,91,97,-6,6
62186,103,104,-1,1
62187,68,67,1,1
62188,73,83,-10,10
62189,95,98,-3,3
62190,100,98,2,2
62191,111,98,13,13
62192,100,105,-5,5
62193,75,78,-3,3
62194,84,92,-8,8
62195,75,79,-4,4
62196,139,130,9,9
62197,105,110,-5,5
62198,84,95,-11,11
62199,137,129,8,8
62200,65,97,-32,32
62201,97,90,7,7
62202,78,83,-5,5
62203,122,131,-9,9
62204,72,78,-6,6
62205,80,99,-19,19
62206,132,121,11,11
62207,113,109,4,4
62208,121,119,2,2
62209,72,74,-2,2
62210,95,101,-6,6
62211,124,127,-3,3
62212,122,122,0,0
62213,152,158,-6,6
62214,105,101,4,4
62215,103,113,-10,10
62216,111,106,5,5
62217,60,57,3,3
62218,75,93,-18,18
62219,69,71,-2,2
62220,85,78,7,7
62221,91,102,-11,11
62222,106,99,7,7
62223,76,86,-10,10
62224,43,39,4,4
62225,65,62,3,3
62226,180,190,-10,10
62227,38,57,-19,19
62228,86,87,-1,1
62229,77,77,0,0
62230,110,113,-3,3
62231,111,113,-2,2
62232,134,128,6,6
62233,123,131,-8,8
62234,67,69,-2,2
62235,77,83,-6,6
62236,95,106,-11,11
62237,94,95,-1,1
62238,131,135,-4,4
62239,88,102,-14,14
62240,130,130,0,0
62241,78,77,1,1
62242,98,99,-1,1
62243,66,65,1,1
62244,63,64,-1,1
62245,85,83,2,2
62246,82,85,-3,3
62247,82,89,-7,7
62248,104,102,2,2
62249,120,121,-1,1
62250,68,68,0,0
62251,108,112,-4,4
62252,101,95,6,6
62253,102,98,4,4
62254,161,173,-12,12
62255,48,53,-5,5
62256,82,89,-7,7
62257,134,134,0,0
62258,102,98,4,4
62259,47,52,-5,5
62260,101,78,23,23
62261,103,101,2,2
62262,158,149,9,9
62263,79,85,-6,6
62264,126,125,1,1
62265,72,78,-6,6
62266,103,105,-2,2
62267,86,97,-11,11
62268,73,84,-11,11
62269,150,147,3,3
62270,69,64,5,5
62271,89,86,3,3
62272,102,97,5,5
62273,89,91,-2,2
62274,92,95,-3,3
62275,91,85,6,6
62276,69,69,0,0
62277,31,39,-8,8
62278,62,59,3,3
62279,74,78,-4,4
62280,73,64,9,9
62281,92,80,12,12
62282,68,67,1,1
62283,121,116,5,5
62284,160,165,-5,5
62285,124,122,2,2
62286,71,68,3,3
62287,98,88,10,10
62288,85,86,-1,1
62289,93,87,6,6
62290,87,82,5,5
62291,210,187,23,23
62292,74,74,0,0
62293,84,91,-7,7
62294,141,144,-3,3
62295,68,66,2,2
62296,118,120,-2,2
62297,75,76,-1,1
62298,150,148,2,2
62299,162,163,-1,1
62300,59,56,3,3
62301,82,84,-2,2
62302,118,113,5,5
62303,94,103,-9,9
62304,75,91,-16,16
62305,71,70,1,1
62306,131,129,2,2
62307,120,114,6,6
62308,91,95,-4,4
62309,112,106,6,6
62310,145,152,-7,7
62311,93,83,10,10
62312,93,89,4,4
62313,89,76,13,13
62314,110,106,4,4
62315,78,77,1,1
62316,80,74,6,6
62317,133,138,-5,5
62318,50,38,12,12
62319,82,81,1,1
62320,145,132,13,13
62321,126,110,16,16
62322,105,101,4,4
62323,159,167,-8,8
62324,118,125,-7,7
62325,142,142,0,0
62326,108,103,5,5
62327,110,113,-3,3
62328,106,98,8,8
62329,119,120,-1,1
62330,90,94,-4,4
62331,68,71,-3,3
62332,119,114,5,5
62333,162,156,6,6
62334,76,83,-7,7
62335,89,83,6,6
62336,57,62,-5,5
62337,79,78,1,1
62338,72,82,-10,10
62339,110,100,10,10
62340,82,79,3,3
62341,76,69,7,7
62342,68,76,-8,8
62343,79,103,-24,24
62344,64,65,-1,1
62345,151,141,10,10
62346,64,64,0,0
62347,110,103,7,7
62348,78,71,7,7
62349,123,127,-4,4
62350,118,119,-1,1
62351,58,62,-4,4
62352,140,137,3,3
62353,128,118,10,10
62354,57,52,5,5
62355,101,107,-6,6
62356,106,101,5,5
62357,71,78,-7,7
62358,61,56,5,5
62359,187,168,19,19
62360,123,114,9,9
62361,64,60,4,4
62362,59,62,-3,3
62363,83,85,-2,2
62364,68,72,-4,4
62365,83,77,6,6
62366,111,105,6,6
62367,86,95,-9,9
62368,87,87,0,0
62369,97,96,1,1
62370,76,76,0,0
62371,91,98,-7,7
62372,169,159,10,10
62373,51,51,0,0
62374,57,73,-16,16
62375,168,176,-8,8
62376,93,71,22,22
62377,93,90,3,3
62378,98,84,14,14
62379,76,86,-10,10
62380,142,139,3,3
62381,60,62,-2,2
62382,118,114,4,4
62383,40,64,-24,24
62384,68,62,6,6
62385,75,68,7,7
62386,97,95,2,2
62387,124,126,-2,2
62388,68,60,8,8
62389,89,87,2,2
62390,109,111,-2,2
62391,53,54,-1,1
62392,112,109,3,3
62393,140,151,-11,11
62394,113,104,9,9
62395,105,118,-13,13
62396,69,66,3,3
62397,98,121,-23,23
62398,150,151,-1,1
62399,93,93,0,0
62400,117,128,-11,11
62401,44,39,5,5
62402,65,55,10,10
62403,78,71,7,7
62404,149,154,-5,5
62405,75,71,4,4
62406,82,82,0,0
62407,93,90,3,3
62408,129,129,0,0
62409,46,52,-6,6
62410,56,50,6,6
62411,99,87,12,12
62412,31,39,-8,8
62413,113,113,0,0
62414,167,178,-11,11
62415,113,118,-5,5
62416,171,180,-9,9
62417,71,70,1,1
62418,103,106,-3,3
62419,76,80,-4,4
62420,64,57,7,7
62421,105,108,-3,3
62422,176,178,-2,2
62423,127,121,6,6
62424,118,108,10,10
62425,88,96,-8,8
62426,133,138,-5,5
62427,84,96,-12,12
62428,108,113,-5,5
62429,72,70,2,2
62430,128,128,0,0
62431,36,39,-3,3
62432,116,110,6,6
62433,105,108,-3,3
62434,85,89,-4,4
62435,48,48,0,0
62436,142,130,12,12
62437,78,64,14,14
62438,72,78,-6,6
62439,255,243,12,12
62440,113,122,-9,9
62441,98,92,6,6
62442,143,135,8,8
62443,85,110,-25,25
62444,111,115,-4,4
62445,106,106,0,0
62446,111,116,-5,5
62447,84,81,3,3
62448,74,77,-3,3
62449,87,89,-2,2
62450,133,137,-4,4
62451,111,119,-8,8
62452,78,81,-3,3
62453,83,88,-5,5
62454,117,105,12,12
62455,97,93,4,4
62456,127,133,-6,6
62457,66,63,3,3
62458,124,118,6,6
62459,72,73,-1,1
62460,108,97,11,11
62461,124,129,-5,5
62462,137,123,14,14
62463,84,85,-1,1
62464,175,181,-6,6
62465,32,39,-7,7
62466,127,114,13,13
62467,139,145,-6,6
62468,84,106,-22,22
62469,138,149,-11,11
62470,147,154,-7,7
62471,49,52,-3,3
62472,87,86,1,1
62473,71,72,-1,1
62474,89,78,11,11
62475,122,122,0,0
62476,110,118,-8,8
62477,112,113,-1,1
62478,161,148,13,13
62479,78,89,-11,11
62480,84,87,-3,3
62481,96,88,8,8
62482,83,86,-3,3
62483,166,152,14,14
62484,69,65,4,4
62485,48,39,9,9
62486,84,74,10,10
62487,113,98,15,15
62488,89,92,-3,3
62489,51,53,-2,2
62490,101,104,-3,3
62491,70,70,0,0
62492,107,100,7,7
62493,99,97,2,2
62494,142,135,7,7
62495,123,113,10,10
62496,81,77,4,4
62497,60,56,4,4
62498,139,133,6,6
62499,93,90,3,3
62500,123,135,-12,12
62501,101,83,18,18
62502,128,134,-6,6
62503,72,71,1,1
62504,134,124,10,10
62505,89,90,-1,1
62506,162,157,5,5
62507,129,112,17,17
62508,97,98,-1,1
62509,63,73,-10,10
62510,88,92,-4,4
62511,47,46,1,1
62512,163,158,5,5
62513,169,181,-12,12
62514,88,84,4,4
62515,116,117,-1,1
62516,68,71,-3,3
62517,66,68,-2,2
62518,75,77,-2,2
62519,79,87,-8,8
62520,132,139,-7,7
62521,64,67,-3,3
62522,154,153,1,1
62523,159,129,30,30
62524,97,100,-3,3
62525,151,148,3,3
62526,64,67,-3,3
62527,86,76,10,10
62528,86,103,-17,17
62529,105,104,1,1
62530,135,140,-5,5
62531,78,87,-9,9
62532,180,166,14,14
62533,126,118,8,8
62534,115,120,-5,5
62535,95,109,-14,14
62536,123,113,10,10
62537,49,55,-6,6
62538,94,101,-7,7
62539,170,171,-1,1
62540,92,90,2,2
62541,101,108,-7,7
62542,93,97,-4,4
62543,123,139,-16,16
62544,83,76,7,7
62545,122,110,12,12
62546,109,126,-17,17
62547,67,59,8,8
62548,59,62,-3,3
62549,79,74,5,5
62550,82,87,-5,5
62551,69,65,4,4
62552,83,91,-8,8
62553,116,109,7,7
62554,202,185,17,17
62555,92,104,-12,12
62556,95,96,-1,1
62557,104,108,-4,4
62558,124,122,2,2
62559,203,194,9,9
62560,95,93,2,2
62561,131,130,1,1
62562,42,39,3,3
62563,106,89,17,17
62564,40,38,2,2
62565,81,83,-2,2
62566,125,116,9,9
62567,82,82,0,0
62568,121,117,4,4
62569,85,97,-12,12
62570,104,96,8,8
62571,82,82,0,0
62572,76,69,7,7
62573,60,60,0,0
62574,91,77,14,14
62575,96,88,8,8
62576,118,116,2,2
62577,101,93,8,8
62578,140,145,-5,5
62579,153,157,-4,4
62580,115,128,-13,13
62581,38,57,-19,19
62582,74,79,-5,5
62583,28,56,-28,28
62584,65,69,-4,4
62585,113,121,-8,8
62586,109,110,-1,1
62587,93,93,0,0
62588,87,86,1,1
62589,54,57,-3,3
62590,125,122,3,3
62591,141,144,-3,3
62592,114,124,-10,10
62593,122,119,3,3
62594,138,145,-7,7
62595,98,94,4,4
62596,84,83,1,1
62597,118,121,-3,3
62598,114,110,4,4
62599,69,72,-3,3
62600,47,55,-8,8
62601,72,60,12,12
62602,72,62,10,10
62603,85,86,-1,1
62604,48,48,0,0
62605,96,94,2,2
62606,90,90,0,0
62607,99,90,9,9
62608,122,131,-9,9
62609,60,61,-1,1
62610,80,87,-7,7
62611,79,85,-6,6
62612,54,55,-1,1
62613,90,92,-2,2
62614,84,90,-6,6
62615,98,101,-3,3
62616,106,106,0,0
62617,70,75,-5,5
62618,93,86,7,7
62619,81,78,3,3
62620,108,104,4,4
62621,66,69,-3,3
62622,92,90,2,2
62623,58,54,4,4
62624,80,78,2,2
62625,72,74,-2,2
62626,92,89,3,3
62627,114,121,-7,7
62628,149,140,9,9
62629,85,82,3,3
62630,61,52,9,9
62631,104,97,7,7
62632,100,92,8,8
62633,132,132,0,0
62634,132,128,4,4
62635,114,101,13,13
62636,89,96,-7,7
62637,52,51,1,1
62638,51,42,9,9
62639,109,114,-5,5
62640,112,125,-13,13
62641,80,73,7,7
62642,158,183,-25,25
62643,103,93,10,10
62644,59,59,0,0
62645,118,112,6,6
62646,114,110,4,4
62647,101,97,4,4
62648,64,64,0,0
62649,75,73,2,2
62650,110,97,13,13
62651,168,188,-20,20
62652,109,101,8,8
62653,106,107,-1,1
62654,32,78,-46,46
62655,86,92,-6,6
62656,185,153,32,32
62657,125,138,-13,13
62658,48,51,-3,3
62659,128,135,-7,7
62660,138,148,-10,10
62661,75,66,9,9
62662,84,107,-23,23
62663,115,104,11,11
62664,58,67,-9,9
62665,97,99,-2,2
62666,152,142,10,10
62667,94,98,-4,4
62668,114,113,1,1
62669,130,143,-13,13
62670,61,61,0,0
62671,185,174,11,11
62672,110,112,-2,2
62673,58,55,3,3
62674,79,82,-3,3
62675,79,75,4,4
62676,93,88,5,5
62677,129,131,-2,2
62678,134,132,2,2
62679,98,104,-6,6
62680,162,162,0,0
62681,83,84,-1,1
62682,107,95,12,12
62683,98,115,-17,17
62684,131,121,10,10
62685,57,52,5,5
62686,153,143,10,10
62687,126,125,1,1
62688,89,88,1,1
62689,68,65,3,3
62690,131,122,9,9
62691,68,77,-9,9
62692,94,88,6,6
62693,135,127,8,8
62694,96,99,-3,3
62695,95,106,-11,11
62696,90,88,2,2
62697,55,56,-1,1
62698,108,115,-7,7
62699,36,39,-3,3
62700,73,69,4,4
62701,73,85,-12,12
62702,102,100,2,2
62703,52,50,2,2
62704,22,38,-16,16
62705,102,91,11,11
62706,136,122,14,14
62707,83,85,-2,2
62708,76,74,2,2
62709,135,137,-2,2
62710,116,123,-7,7
62711,69,69,0,0
62712,42,39,3,3
62713,86,73,13,13
62714,131,132,-1,1
62715,119,118,1,1
62716,65,63,2,2
62717,100,108,-8,8
62718,65,66,-1,1
62719,73,70,3,3
62720,63,62,1,1
62721,115,158,-43,43
62722,164,155,9,9
62723,146,152,-6,6
62724,64,67,-3,3
62725,101,98,3,3
62726,124,124,0,0
62727,74,75,-1,1
62728,92,79,13,13
62729,90,89,1,1
62730,93,96,-3,3
62731,76,82,-6,6
62732,133,140,-7,7
62733,54,56,-2,2
62734,147,124,23,23
62735,107,114,-7,7
62736,132,120,12,12
62737,129,121,8,8
62738,95,92,3,3
62739,78,89,-11,11
62740,93,87,6,6
62741,85,94,-9,9
62742,138,160,-22,22
62743,106,111,-5,5
62744,45,39,6,6
62745,50,53,-3,3
62746,55,37,18,18
62747,44,50,-6,6
62748,70,71,-1,1
62749,125,123,2,2
62750,82,83,-1,1
62751,80,80,0,0
62752,120,119,1,1
62753,100,97,3,3
62754,70,66,4,4
62755,65,64,1,1
62756,96,100,-4,4
62757,93,93,0,0
62758,106,99,7,7
62759,168,157,11,11
62760,169,167,2,2
62761,95,90,5,5
62762,95,98,-3,3
62763,81,78,3,3
62764,65,65,0,0
62765,64,80,-16,16
62766,62,79,-17,17
62767,119,120,-1,1
62768,93,86,7,7
62769,77,75,2,2
62770,141,142,-1,1
62771,66,66,0,0
62772,76,91,-15,15
62773,148,148,0,0
62774,57,67,-10,10
62775,78,70,8,8
62776,134,118,16,16
62777,133,129,4,4
62778,66,67,-1,1
62779,75,71,4,4
62780,97,95,2,2
62781,131,124,7,7
62782,171,168,3,3
62783,222,216,6,6
62784,102,106,-4,4
62785,60,59,1,1
62786,144,152,-8,8
62787,43,38,5,5
62788,82,81,1,1
62789,84,85,-1,1
62790,92,99,-7,7
62791,94,78,16,16
62792,179,185,-6,6
62793,119,124,-5,5
62794,61,65,-4,4
62795,93,100,-7,7
62796,53,51,2,2
62797,142,147,-5,5
62798,69,66,3,3
62799,90,94,-4,4
62800,139,141,-2,2
62801,90,111,-21,21
62802,56,55,1,1
62803,113,119,-6,6
62804,91,87,4,4
62805,86,87,-1,1
62806,111,107,4,4
62807,74,66,8,8
62808,139,129,10,10
62809,96,89,7,7
62810,105,101,4,4
62811,139,142,-3,3
62812,61,63,-2,2
62813,70,73,-3,3
62814,70,76,-6,6
62815,61,59,2,2
62816,127,139,-12,12
62817,92,101,-9,9
62818,120,111,9,9
62819,52,53,-1,1
62820,86,87,-1,1
62821,62,58,4,4
62822,101,125,-24,24
62823,85,103,-18,18
62824,96,105,-9,9
62825,105,106,-1,1
62826,122,124,-2,2
62827,116,115,1,1
62828,98,83,15,15
62829,154,152,2,2
62830,100,93,7,7
62831,164,161,3,3
62832,162,162,0,0
62833,136,144,-8,8
62834,62,67,-5,5
62835,178,179,-1,1
62836,109,95,14,14
62837,121,110,11,11
62838,108,124,-16,16
62839,84,86,-2,2
62840,131,120,11,11
62841,122,115,7,7
62842,64,73,-9,9
62843,84,87,-3,3
62844,72,74,-2,2
62845,185,172,13,13
62846,77,75,2,2
62847,137,163,-26,26
62848,93,104,-11,11
62849,86,96,-10,10
62850,144,131,13,13
62851,78,85,-7,7
62852,61,63,-2,2
62853,129,119,10,10
62854,52,63,-11,11
62855,195,195,0,0
62856,87,92,-5,5
62857,101,105,-4,4
62858,103,108,-5,5
62859,169,166,3,3
62860,104,101,3,3
62861,80,77,3,3
62862,40,55,-15,15
62863,90,96,-6,6
62864,89,97,-8,8
62865,105,105,0,0
62866,86,94,-8,8
62867,133,131,2,2
62868,89,89,0,0
62869,64,60,4,4
62870,94,105,-11,11
62871,86,96,-10,10
62872,128,126,2,2
62873,53,56,-3,3
62874,91,80,11,11
62875,74,71,3,3
62876,64,64,0,0
62877,81,71,10,10
62878,66,68,-2,2
62879,76,69,7,7
62880,91,89,2,2
62881,76,71,5,5
62882,109,101,8,8
62883,77,72,5,5
62884,76,74,2,2
62885,110,100,10,10
62886,88,86,2,2
62887,120,116,4,4
62888,127,128,-1,1
62889,106,111,-5,5
62890,201,198,3,3
62891,111,111,0,0
62892,231,221,10,10
62893,59,64,-5,5
62894,150,145,5,5
62895,141,137,4,4
62896,62,56,6,6
62897,191,198,-7,7
62898,119,124,-5,5
62899,72,83,-11,11
62900,103,103,0,0
62901,79,86,-7,7
62902,106,109,-3,3
62903,104,123,-19,19
62904,88,96,-8,8
62905,78,88,-10,10
62906,81,93,-12,12
62907,98,99,-1,1
62908,123,123,0,0
62909,142,140,2,2
62910,74,71,3,3
62911,163,157,6,6
62912,102,93,9,9
62913,60,60,0,0
62914,133,117,16,16
62915,59,58,1,1
62916,47,53,-6,6
62917,86,90,-4,4
62918,124,118,6,6
62919,28,39,-11,11
62920,59,60,-1,1
62921,124,141,-17,17
62922,105,102,3,3
62923,103,95,8,8
62924,80,82,-2,2
62925,82,79,3,3
62926,84,85,-1,1
62927,128,130,-2,2
62928,101,108,-7,7
62929,72,72,0,0
62930,89,80,9,9
62931,119,119,0,0
62932,181,183,-2,2
62933,146,149,-3,3
62934,58,58,0,0
62935,80,74,6,6
62936,37,38,-1,1
62937,45,54,-9,9
62938,95,109,-14,14
62939,108,106,2,2
62940,79,72,7,7
62941,85,74,11,11
62942,53,61,-8,8
62943,211,203,8,8
62944,103,103,0,0
62945,77,72,5,5
62946,75,73,2,2
62947,95,97,-2,2
62948,102,93,9,9
62949,77,77,0,0
62950,54,57,-3,3
62951,110,107,3,3
62952,121,115,6,6
62953,89,75,14,14
62954,93,99,-6,6
62955,44,40,4,4
62956,84,96,-12,12
62957,135,126,9,9
62958,66,58,8,8
62959,104,116,-12,12
62960,141,136,5,5
62961,98,93,5,5
62962,90,96,-6,6
62963,115,114,1,1
62964,109,112,-3,3
62965,69,75,-6,6
62966,64,62,2,2
62967,185,176,9,9
62968,114,111,3,3
62969,191,181,10,10
62970,49,39,10,10
62971,83,90,-7,7
62972,100,100,0,0
62973,98,91,7,7
62974,69,83,-14,14
62975,103,92,11,11
62976,148,163,-15,15
62977,81,74,7,7
62978,151,155,-4,4
62979,70,61,9,9
62980,88,83,5,5
62981,93,101,-8,8
62982,60,80,-20,20
62983,88,82,6,6
62984,63,63,0,0
62985,92,89,3,3
62986,108,112,-4,4
62987,78,89,-11,11
62988,156,147,9,9
62989,63,62,1,1
62990,58,61,-3,3
62991,38,39,-1,1
62992,107,102,5,5
62993,101,96,5,5
62994,65,65,0,0
62995,120,126,-6,6
62996,101,98,3,3
62997,106,95,11,11
62998,72,69,3,3
62999,127,120,7,7
63000,65,66,-1,1
63001,126,117,9,9
63002,113,114,-1,1
63003,104,115,-11,11
63004,152,150,2,2
63005,57,59,-2,2
63006,83,77,6,6
63007,101,105,-4,4
63008,81,82,-1,1
63009,54,64,-10,10
63010,80,81,-1,1
63011,83,90,-7,7
63012,31,40,-9,9
63013,64,64,0,0
63014,159,170,-11,11
63015,133,132,1,1
63016,116,125,-9,9
63017,57,51,6,6
63018,99,96,3,3
63019,62,54,8,8
63020,90,89,1,1
63021,117,117,0,0
63022,142,134,8,8
63023,177,169,8,8
63024,59,58,1,1
63025,89,103,-14,14
63026,69,64,5,5
63027,63,71,-8,8
63028,46,79,-33,33
63029,136,150,-14,14
63030,105,119,-14,14
63031,127,138,-11,11
63032,66,73,-7,7
63033,138,142,-4,4
63034,71,68,3,3
63035,97,98,-1,1
63036,112,116,-4,4
63037,77,83,-6,6
63038,57,60,-3,3
63039,84,88,-4,4
63040,85,80,5,5
63041,111,105,6,6
63042,123,122,1,1
63043,110,121,-11,11
63044,114,121,-7,7
63045,111,139,-28,28
63046,71,81,-10,10
63047,93,87,6,6
63048,343,294,49,49
63049,72,72,0,0
63050,186,172,14,14
63051,62,60,2,2
63052,79,82,-3,3
63053,129,135,-6,6
63054,121,140,-19,19
63055,105,102,3,3
63056,157,151,6,6
63057,115,109,6,6
63058,78,74,4,4
63059,179,198,-19,19
63060,80,79,1,1
63061,113,123,-10,10
63062,87,91,-4,4
63063,95,98,-3,3
63064,95,101,-6,6
63065,104,103,1,1
63066,88,89,-1,1
63067,61,66,-5,5
63068,63,56,7,7
63069,87,105,-18,18
63070,157,172,-15,15
63071,92,121,-29,29
63072,53,55,-2,2
63073,128,122,6,6
63074,114,114,0,0
63075,95,100,-5,5
63076,102,102,0,0
63077,120,125,-5,5
63078,110,123,-13,13
63079,207,201,6,6
63080,103,102,1,1
63081,55,53,2,2
63082,98,95,3,3
63083,99,105,-6,6
63084,94,99,-5,5
63085,82,92,-10,10
63086,60,86,-26,26
63087,95,101,-6,6
63088,113,104,9,9
63089,113,115,-2,2
63090,105,98,7,7
63091,80,67,13,13
63092,104,113,-9,9
63093,97,96,1,1
63094,62,64,-2,2
63095,62,73,-11,11
63096,85,92,-7,7
63097,114,114,0,0
63098,72,64,8,8
63099,82,75,7,7
63100,94,86,8,8
63101,90,94,-4,4
63102,110,99,11,11
63103,90,86,4,4
63104,80,84,-4,4
63105,109,99,10,10
63106,61,63,-2,2
63107,185,186,-1,1
63108,117,119,-2,2
63109,139,142,-3,3
63110,56,58,-2,2
63111,74,70,4,4
63112,107,115,-8,8
63113,78,87,-9,9
63114,51,52,-1,1
63115,87,87,0,0
63116,114,112,2,2
63117,83,82,1,1
63118,137,131,6,6
63119,117,112,5,5
63120,87,96,-9,9
63121,69,71,-2,2
63122,86,91,-5,5
63123,150,155,-5,5
63124,162,163,-1,1
63125,87,88,-1,1
63126,68,65,3,3
63127,68,65,3,3
63128,126,110,16,16
63129,109,100,9,9
63130,106,117,-11,11
63131,114,112,2,2
63132,136,148,-12,12
63133,128,115,13,13
63134,109,116,-7,7
63135,114,119,-5,5
63136,102,105,-3,3
63137,144,134,10,10
63138,52,58,-6,6
63139,73,86,-13,13
63140,116,113,3,3
63141,111,98,13,13
63142,106,111,-5,5
63143,125,126,-1,1
63144,119,104,15,15
63145,77,80,-3,3
63146,78,73,5,5
63147,62,60,2,2
63148,80,88,-8,8
63149,101,104,-3,3
63150,130,138,-8,8
63151,165,155,10,10
63152,88,76,12,12
63153,97,108,-11,11
63154,125,116,9,9
63155,55,58,-3,3
63156,76,81,-5,5
63157,124,132,-8,8
63158,82,86,-4,4
63159,60,64,-4,4
63160,107,105,2,2
63161,109,113,-4,4
63162,162,156,6,6
63163,95,112,-17,17
63164,54,52,2,2
63165,125,126,-1,1
63166,107,97,10,10
63167,74,65,9,9
63168,155,155,0,0
63169,77,83,-6,6
63170,80,74,6,6
63171,122,129,-7,7
63172,71,79,-8,8
63173,112,108,4,4
63174,61,66,-5,5
63175,88,94,-6,6
63176,171,160,11,11
63177,98,89,9,9
63178,59,62,-3,3
63179,150,154,-4,4
63180,94,94,0,0
63181,112,113,-1,1
63182,113,95,18,18
63183,92,93,-1,1
63184,121,125,-4,4
63185,101,96,5,5
63186,82,81,1,1
63187,125,113,12,12
63188,74,71,3,3
63189,68,69,-1,1
63190,104,110,-6,6
63191,80,80,0,0
63192,101,93,8,8
63193,96,104,-8,8
63194,96,96,0,0
63195,79,88,-9,9
63196,75,73,2,2
63197,121,121,0,0
63198,173,170,3,3
63199,123,120,3,3
63200,124,121,3,3
63201,123,119,4,4
63202,129,135,-6,6
63203,119,107,12,12
63204,107,113,-6,6
63205,117,112,5,5
63206,74,79,-5,5
63207,72,77,-5,5
63208,92,102,-10,10
63209,102,97,5,5
63210,123,138,-15,15
63211,119,130,-11,11
63212,71,70,1,1
63213,64,71,-7,7
63214,108,106,2,2
63215,140,127,13,13
63216,90,94,-4,4
63217,128,117,11,11
63218,99,100,-1,1
63219,82,98,-16,16
63220,156,159,-3,3
63221,137,137,0,0
63222,78,69,9,9
63223,95,98,-3,3
63224,82,96,-14,14
63225,90,94,-4,4
63226,64,65,-1,1
63227,73,78,-5,5
63228,53,61,-8,8
63229,123,124,-1,1
63230,62,66,-4,4
63231,92,100,-8,8
63232,123,118,5,5
63233,125,118,7,7
63234,41,38,3,3
63235,187,184,3,3
63236,91,87,4,4
63237,76,78,-2,2
63238,176,169,7,7
63239,93,100,-7,7
63240,87,91,-4,4
63241,89,94,-5,5
63242,88,82,6,6
63243,99,94,5,5
63244,134,123,11,11
63245,95,98,-3,3
63246,105,105,0,0
63247,42,52,-10,10
63248,96,92,4,4
63249,50,61,-11,11
63250,63,67,-4,4
63251,95,106,-11,11
63252,99,96,3,3
63253,109,122,-13,13
63254,133,122,11,11
63255,90,80,10,10
63256,71,70,1,1
63257,58,79,-21,21
63258,173,175,-2,2
63259,77,72,5,5
63260,88,75,13,13
63261,72,70,2,2
63262,116,111,5,5
63263,61,63,-2,2
63264,94,88,6,6
63265,117,126,-9,9
63266,114,116,-2,2
63267,147,143,4,4
63268,125,121,4,4
63269,100,107,-7,7
63270,101,92,9,9
63271,112,113,-1,1
63272,94,84,10,10
63273,119,111,8,8
63274,154,157,-3,3
63275,82,82,0,0
63276,58,63,-5,5
63277,131,118,13,13
63278,82,91,-9,9
63279,96,99,-3,3
63280,80,72,8,8
63281,118,122,-4,4
63282,51,65,-14,14
63283,164,167,-3,3
63284,77,108,-31,31
63285,144,148,-4,4
63286,132,140,-8,8
63287,89,89,0,0
63288,78,71,7,7
63289,51,58,-7,7
63290,100,107,-7,7
63291,108,106,2,2
63292,143,130,13,13
63293,88,87,1,1
63294,67,61,6,6
63295,121,131,-10,10
63296,90,83,7,7
63297,65,63,2,2
63298,79,80,-1,1
63299,144,139,5,5
63300,55,49,6,6
63301,78,81,-3,3
63302,82,93,-11,11
63303,78,76,2,2
63304,160,167,-7,7
63305,89,82,7,7
63306,101,108,-7,7
63307,114,104,10,10
63308,86,80,6,6
63309,155,158,-3,3
63310,105,113,-8,8
63311,76,71,5,5
63312,149,145,4,4
63313,99,111,-12,12
63314,120,110,10,10
63315,69,70,-1,1
63316,102,102,0,0
63317,59,57,2,2
63318,54,63,-9,9
63319,107,96,11,11
63320,60,62,-2,2
63321,70,61,9,9
63322,219,229,-10,10
63323,83,82,1,1
63324,68,66,2,2
63325,89,93,-4,4
63326,68,75,-7,7
63327,108,114,-6,6
63328,94,102,-8,8
63329,90,90,0,0
63330,171,167,4,4
63331,35,38,-3,3
63332,39,39,0,0
63333,80,121,-41,41
63334,69,67,2,2
63335,109,110,-1,1
63336,112,120,-8,8
63337,127,135,-8,8
63338,87,87,0,0
63339,60,125,-65,65
63340,67,72,-5,5
63341,151,148,3,3
63342,115,112,3,3
63343,86,91,-5,5
63344,97,86,11,11
63345,128,123,5,5
63346,137,125,12,12
63347,102,101,1,1
63348,76,80,-4,4
63349,33,38,-5,5
63350,89,91,-2,2
63351,68,61,7,7
63352,55,58,-3,3
63353,104,108,-4,4
63354,98,102,-4,4
63355,67,66,1,1
63356,103,100,3,3
63357,87,89,-2,2
63358,92,92,0,0
63359,97,85,12,12
63360,144,142,2,2
63361,94,105,-11,11
63362,95,92,3,3
63363,131,119,12,12
63364,102,96,6,6
63365,132,136,-4,4
63366,83,87,-4,4
63367,127,132,-5,5
63368,71,67,4,4
63369,86,86,0,0
63370,202,187,15,15
63371,181,176,5,5
63372,129,132,-3,3
63373,112,110,2,2
63374,118,118,0,0
63375,46,39,7,7
63376,120,105,15,15
63377,55,64,-9,9
63378,141,135,6,6
63379,92,89,3,3
63380,137,143,-6,6
63381,59,59,0,0
63382,192,203,-11,11
63383,144,149,-5,5
63384,91,94,-3,3
63385,111,117,-6,6
63386,52,49,3,3
63387,135,131,4,4
63388,43,53,-10,10
63389,138,125,13,13
63390,159,148,11,11
63391,88,95,-7,7
63392,63,63,0,0
63393,90,93,-3,3
63394,101,98,3,3
63395,72,71,1,1
63396,64,59,5,5
63397,81,75,6,6
63398,94,94,0,0
63399,125,123,2,2
63400,64,62,2,2
63401,68,69,-1,1
63402,77,84,-7,7
63403,125,130,-5,5
63404,68,67,1,1
63405,131,132,-1,1
63406,72,69,3,3
63407,113,109,4,4
63408,136,142,-6,6
63409,136,130,6,6
63410,129,118,11,11
63411,118,114,4,4
63412,79,74,5,5
63413,98,93,5,5
63414,117,120,-3,3
63415,98,107,-9,9
63416,30,38,-8,8
63417,76,70,6,6
63418,87,85,2,2
63419,110,106,4,4
63420,80,83,-3,3
63421,48,60,-12,12
63422,120,118,2,2
63423,98,102,-4,4
63424,43,46,-3,3
63425,84,82,2,2
63426,62,63,-1,1
63427,165,174,-9,9
63428,56,59,-3,3
63429,85,85,0,0
63430,109,100,9,9
63431,149,142,7,7
63432,55,52,3,3
63433,89,93,-4,4
63434,68,76,-8,8
63435,68,68,0,0
63436,146,148,-2,2
63437,112,111,1,1
63438,104,101,3,3
63439,49,48,1,1
63440,67,62,5,5
63441,70,72,-2,2
63442,109,102,7,7
63443,56,56,0,0
63444,148,145,3,3
63445,97,100,-3,3
63446,79,80,-1,1
63447,116,109,7,7
63448,97,97,0,0
63449,79,76,3,3
63450,74,64,10,10
63451,67,59,8,8
63452,118,112,6,6
63453,72,77,-5,5
63454,128,112,16,16
63455,113,118,-5,5
63456,103,112,-9,9
63457,86,94,-8,8
63458,59,64,-5,5
63459,114,124,-10,10
63460,125,136,-11,11
63461,105,101,4,4
63462,70,67,3,3
63463,147,138,9,9
63464,90,82,8,8
63465,81,87,-6,6
63466,65,73,-8,8
63467,63,60,3,3
63468,110,111,-1,1
63469,108,98,10,10
63470,62,78,-16,16
63471,107,105,2,2
63472,47,49,-2,2
63473,76,78,-2,2
63474,92,94,-2,2
63475,129,129,0,0
63476,87,89,-2,2
63477,90,83,7,7
63478,75,78,-3,3
63479,69,75,-6,6
63480,61,66,-5,5
63481,76,72,4,4
63482,49,50,-1,1
63483,133,131,2,2
63484,147,157,-10,10
63485,115,102,13,13
63486,88,95,-7,7
63487,70,67,3,3
63488,77,78,-1,1
63489,64,61,3,3
63490,182,171,11,11
63491,103,99,4,4
63492,91,95,-4,4
63493,104,102,2,2
63494,67,58,9,9
63495,90,94,-4,4
63496,81,86,-5,5
63497,140,144,-4,4
63498,64,65,-1,1
63499,132,136,-4,4
63500,64,60,4,4
63501,117,117,0,0
63502,86,95,-9,9
63503,216,202,14,14
63504,129,124,5,5
63505,107,107,0,0
63506,114,113,1,1
63507,99,92,7,7
63508,232,216,16,16
63509,81,84,-3,3
63510,117,120,-3,3
63511,142,145,-3,3
63512,33,38,-5,5
63513,80,84,-4,4
63514,95,88,7,7
63515,84,82,2,2
63516,111,120,-9,9
63517,53,57,-4,4
63518,47,56,-9,9
63519,80,82,-2,2
63520,81,81,0,0
63521,74,71,3,3
63522,49,52,-3,3
63523,124,114,10,10
63524,98,96,2,2
63525,155,160,-5,5
63526,58,59,-1,1
63527,111,107,4,4
63528,99,113,-14,14
63529,124,117,7,7
63530,62,65,-3,3
63531,55,55,0,0
63532,72,69,3,3
63533,62,61,1,1
63534,74,70,4,4
63535,76,63,13,13
63536,102,98,4,4
63537,87,84,3,3
63538,136,133,3,3
63539,89,84,5,5
63540,68,67,1,1
63541,67,69,-2,2
63542,97,102,-5,5
63543,123,118,5,5
63544,170,162,8,8
63545,120,125,-5,5
63546,110,117,-7,7
63547,100,96,4,4
63548,37,39,-2,2
63549,84,72,12,12
63550,62,61,1,1
63551,145,140,5,5
63552,106,108,-2,2
63553,115,111,4,4
63554,126,130,-4,4
63555,141,154,-13,13
63556,92,87,5,5
63557,110,111,-1,1
63558,59,67,-8,8
63559,90,83,7,7
63560,77,77,0,0
63561,70,72,-2,2
63562,77,76,1,1
63563,79,73,6,6
63564,154,151,3,3
63565,137,142,-5,5
63566,106,108,-2,2
63567,116,110,6,6
63568,119,108,11,11
63569,65,58,7,7
63570,139,135,4,4
63571,145,137,8,8
63572,141,141,0,0
63573,119,113,6,6
63574,70,72,-2,2
63575,78,79,-1,1
63576,75,64,11,11
63577,100,96,4,4
63578,163,161,2,2
63579,162,164,-2,2
63580,153,151,2,2
63581,94,98,-4,4
63582,74,73,1,1
63583,88,90,-2,2
63584,67,74,-7,7
63585,100,112,-12,12
63586,117,127,-10,10
63587,80,76,4,4
63588,95,85,10,10
63589,77,79,-2,2
63590,121,115,6,6
63591,141,137,4,4
63592,83,76,7,7
63593,55,55,0,0
63594,87,79,8,8
63595,76,81,-5,5
63596,116,106,10,10
63597,162,200,-38,38
63598,114,114,0,0
63599,79,76,3,3
63600,117,124,-7,7
63601,54,54,0,0
63602,87,92,-5,5
63603,124,127,-3,3
63604,101,98,3,3
63605,53,55,-2,2
63606,133,131,2,2
63607,75,91,-16,16
63608,78,89,-11,11
63609,69,82,-13,13
63610,40,39,1,1
63611,84,82,2,2
63612,94,96,-2,2
63613,75,70,5,5
63614,95,97,-2,2
63615,82,96,-14,14
63616,75,71,4,4
63617,141,120,21,21
63618,98,103,-5,5
63619,101,113,-12,12
63620,49,39,10,10
63621,45,39,6,6
63622,94,96,-2,2
63623,132,114,18,18
63624,122,110,12,12
63625,96,98,-2,2
63626,89,85,4,4
63627,114,118,-4,4
63628,112,103,9,9
63629,55,63,-8,8
63630,63,61,2,2
63631,133,120,13,13
63632,71,81,-10,10
63633,81,71,10,10
63634,104,110,-6,6
63635,97,84,13,13
63636,103,112,-9,9
63637,110,100,10,10
63638,91,92,-1,1
63639,60,60,0,0
63640,58,62,-4,4
63641,91,90,1,1
63642,69,76,-7,7
63643,75,86,-11,11
63644,175,187,-12,12
63645,62,64,-2,2
63646,121,124,-3,3
63647,64,63,1,1
63648,103,98,5,5
63649,109,79,30,30
63650,111,102,9,9
63651,87,81,6,6
63652,146,140,6,6
63653,68,69,-1,1
63654,69,71,-2,2
63655,79,82,-3,3
63656,111,116,-5,5
63657,72,67,5,5
63658,110,105,5,5
63659,106,106,0,0
63660,112,103,9,9
63661,85,73,12,12
63662,153,163,-10,10
63663,102,87,15,15
63664,75,79,-4,4
63665,123,117,6,6
63666,80,96,-16,16
63667,81,85,-4,4
63668,76,75,1,1
63669,107,118,-11,11
63670,163,162,1,1
63671,75,82,-7,7
63672,83,82,1,1
63673,72,67,5,5
63674,73,75,-2,2
63675,47,57,-10,10
63676,127,125,2,2
63677,31,38,-7,7
63678,88,83,5,5
63679,131,132,-1,1
63680,140,161,-21,21
63681,172,174,-2,2
63682,86,82,4,4
63683,137,134,3,3
63684,108,106,2,2
63685,67,69,-2,2
63686,157,177,-20,20
63687,42,51,-9,9
63688,81,84,-3,3
63689,96,89,7,7
63690,189,192,-3,3
63691,97,109,-12,12
63692,82,92,-10,10
63693,105,95,10,10
63694,107,96,11,11
63695,81,84,-3,3
63696,44,39,5,5
63697,93,95,-2,2
63698,63,61,2,2
63699,46,91,-45,45
63700,128,137,-9,9
63701,133,141,-8,8
63702,40,39,1,1
63703,119,114,5,5
63704,100,92,8,8
63705,96,95,1,1
63706,84,86,-2,2
63707,188,197,-9,9
63708,66,67,-1,1
63709,145,150,-5,5
63710,50,58,-8,8
63711,74,71,3,3
63712,82,84,-2,2
63713,92,81,11,11
63714,131,132,-1,1
63715,69,66,3,3
63716,97,89,8,8
63717,137,137,0,0
63718,98,99,-1,1
63719,67,69,-2,2
63720,107,116,-9,9
63721,49,44,5,5
63722,76,75,1,1
63723,66,65,1,1
63724,170,163,7,7
63725,101,106,-5,5
63726,95,84,11,11
63727,76,78,-2,2
63728,82,84,-2,2
63729,84,83,1,1
63730,106,112,-6,6
63731,64,77,-13,13
63732,91,91,0,0
63733,86,84,2,2
63734,54,52,2,2
63735,82,96,-14,14
63736,89,91,-2,2
63737,97,97,0,0
63738,161,153,8,8
63739,48,39,9,9
63740,109,109,0,0
63741,159,155,4,4
63742,106,109,-3,3
63743,181,163,18,18
63744,129,138,-9,9
63745,101,108,-7,7
63746,114,109,5,5
63747,126,119,7,7
63748,168,154,14,14
63749,95,102,-7,7
63750,80,85,-5,5
63751,96,94,2,2
63752,35,58,-23,23
63753,73,74,-1,1
63754,89,87,2,2
63755,107,100,7,7
63756,88,93,-5,5
63757,92,96,-4,4
63758,91,81,10,10
63759,91,85,6,6
63760,120,139,-19,19
63761,82,81,1,1
63762,80,85,-5,5
63763,55,53,2,2
63764,76,65,11,11
63765,72,67,5,5
63766,105,100,5,5
63767,113,112,1,1
63768,67,61,6,6
63769,101,108,-7,7
63770,80,85,-5,5
63771,80,85,-5,5
63772,96,90,6,6
63773,71,75,-4,4
63774,148,156,-8,8
63775,72,68,4,4
63776,127,136,-9,9
63777,75,76,-1,1
63778,83,87,-4,4
63779,90,92,-2,2
63780,86,88,-2,2
63781,75,80,-5,5
63782,72,76,-4,4
63783,70,62,8,8
63784,105,104,1,1
63785,41,50,-9,9
63786,68,70,-2,2
63787,86,84,2,2
63788,64,57,7,7
63789,86,93,-7,7
63790,51,60,-9,9
63791,124,113,11,11
63792,88,95,-7,7
63793,93,96,-3,3
63794,54,68,-14,14
63795,71,61,10,10
63796,132,139,-7,7
63797,101,96,5,5
63798,172,160,12,12
63799,176,180,-4,4
63800,173,181,-8,8
63801,130,132,-2,2
63802,79,74,5,5
63803,102,105,-3,3
63804,133,130,3,3
63805,90,70,20,20
63806,102,99,3,3
63807,65,64,1,1
63808,128,125,3,3
63809,159,133,26,26
63810,57,55,2,2
63811,171,168,3,3
63812,66,73,-7,7
63813,165,159,6,6
63814,51,38,13,13
63815,111,112,-1,1
63816,211,188,23,23
63817,89,84,5,5
63818,74,78,-4,4
63819,86,100,-14,14
63820,129,109,20,20
63821,67,63,4,4
63822,112,113,-1,1
63823,102,85,17,17
63824,76,72,4,4
63825,67,79,-12,12
63826,96,94,2,2
63827,115,118,-3,3
63828,95,102,-7,7
63829,129,127,2,2
63830,78,74,4,4
63831,58,62,-4,4
63832,93,93,0,0
63833,53,49,4,4
63834,62,61,1,1
63835,89,90,-1,1
63836,110,110,0,0
63837,109,121,-12,12
63838,34,61,-27,27
63839,94,82,12,12
63840,54,56,-2,2
63841,111,114,-3,3
63842,128,132,-4,4
63843,141,141,0,0
63844,92,90,2,2
63845,102,86,16,16
63846,94,102,-8,8
63847,130,124,6,6
63848,93,99,-6,6
63849,86,74,12,12
63850,102,101,1,1
63851,137,123,14,14
63852,55,46,9,9
63853,118,115,3,3
63854,121,118,3,3
63855,155,150,5,5
63856,71,77,-6,6
63857,140,143,-3,3
63858,64,72,-8,8
63859,110,121,-11,11
63860,119,125,-6,6
63861,55,56,-1,1
63862,80,85,-5,5
63863,142,131,11,11
63864,44,53,-9,9
63865,111,116,-5,5
63866,113,111,2,2
63867,146,134,12,12
63868,169,176,-7,7
63869,129,122,7,7
63870,76,83,-7,7
63871,67,62,5,5
63872,75,71,4,4
63873,68,69,-1,1
63874,74,81,-7,7
63875,80,77,3,3
63876,33,39,-6,6
63877,91,91,0,0
63878,75,70,5,5
63879,94,92,2,2
63880,142,131,11,11
63881,50,106,-56,56
63882,193,203,-10,10
63883,81,86,-5,5
63884,111,105,6,6
63885,130,131,-1,1
63886,51,53,-2,2
63887,73,69,4,4
63888,136,146,-10,10
63889,94,95,-1,1
63890,111,100,11,11
63891,119,118,1,1
63892,101,102,-1,1
63893,79,72,7,7
63894,92,93,-1,1
63895,84,75,9,9
63896,48,58,-10,10
63897,105,106,-1,1
63898,87,76,11,11
63899,91,97,-6,6
63900,78,82,-4,4
63901,136,152,-16,16
63902,123,128,-5,5
63903,130,131,-1,1
63904,126,120,6,6
63905,84,94,-10,10
63906,122,127,-5,5
63907,124,128,-4,4
63908,117,113,4,4
63909,49,41,8,8
63910,63,59,4,4
63911,64,63,1,1
63912,57,58,-1,1
63913,37,38,-1,1
63914,38,48,-10,10
63915,56,55,1,1
63916,137,133,4,4
63917,109,117,-8,8
63918,158,156,2,2
63919,112,122,-10,10
63920,96,103,-7,7
63921,99,102,-3,3
63922,68,69,-1,1
63923,94,98,-4,4
63924,118,120,-2,2
63925,80,86,-6,6
63926,78,86,-8,8
63927,94,88,6,6
63928,172,177,-5,5
63929,39,39,0,0
63930,62,76,-14,14
63931,152,138,14,14
63932,120,117,3,3
63933,90,85,5,5
63934,105,97,8,8
63935,80,77,3,3
63936,58,60,-2,2
63937,51,56,-5,5
63938,90,90,0,0
63939,107,102,5,5
63940,71,74,-3,3
63941,61,66,-5,5
63942,111,134,-23,23
63943,88,94,-6,6
63944,56,60,-4,4
63945,93,91,2,2
63946,106,103,3,3
63947,96,95,1,1
63948,81,88,-7,7
63949,63,58,5,5
63950,112,120,-8,8
63951,120,112,8,8
63952,59,53,6,6
63953,103,94,9,9
63954,50,54,-4,4
63955,115,96,19,19
63956,54,66,-12,12
63957,71,69,2,2
63958,59,56,3,3
63959,115,109,6,6
63960,47,55,-8,8
63961,100,98,2,2
63962,77,77,0,0
63963,195,182,13,13
63964,118,118,0,0
63965,90,92,-2,2
63966,101,103,-2,2
63967,141,138,3,3
63968,153,149,4,4
63969,72,79,-7,7
63970,76,84,-8,8
63971,141,125,16,16
63972,168,158,10,10
63973,189,168,21,21
63974,52,53,-1,1
63975,90,91,-1,1
63976,81,86,-5,5
63977,54,57,-3,3
63978,128,119,9,9
63979,86,93,-7,7
63980,65,69,-4,4
63981,53,52,1,1
63982,57,61,-4,4
63983,90,71,19,19
63984,73,79,-6,6
63985,75,86,-11,11
63986,85,81,4,4
63987,143,144,-1,1
63988,44,54,-10,10
63989,81,72,9,9
63990,76,82,-6,6
63991,126,125,1,1
63992,46,53,-7,7
63993,139,127,12,12
63994,154,150,4,4
63995,161,171,-10,10
63996,59,54,5,5
63997,78,82,-4,4
63998,85,87,-2,2
63999,48,56,-8,8
64000,71,68,3,3
64001,79,81,-2,2
64002,65,62,3,3
64003,78,80,-2,2
64004,117,118,-1,1
64005,51,53,-2,2
64006,153,90,63,63
64007,118,129,-11,11
64008,66,63,3,3
64009,75,80,-5,5
64010,102,110,-8,8
64011,85,88,-3,3
64012,64,63,1,1
64013,95,101,-6,6
64014,160,150,10,10
64015,94,92,2,2
64016,68,81,-13,13
64017,180,185,-5,5
64018,52,76,-24,24
64019,106,111,-5,5
64020,85,84,1,1
64021,115,134,-19,19
64022,57,51,6,6
64023,104,104,0,0
64024,53,57,-4,4
64025,79,70,9,9
64026,68,81,-13,13
64027,86,77,9,9
64028,121,114,7,7
64029,54,53,1,1
64030,74,72,2,2
64031,122,143,-21,21
64032,67,71,-4,4
64033,128,135,-7,7
64034,56,58,-2,2
64035,146,148,-2,2
64036,111,120,-9,9
64037,86,92,-6,6
64038,96,89,7,7
64039,144,157,-13,13
64040,73,74,-1,1
64041,50,52,-2,2
64042,179,187,-8,8
64043,83,85,-2,2
64044,62,62,0,0
64045,103,105,-2,2
64046,101,102,-1,1
64047,59,63,-4,4
64048,74,66,8,8
64049,72,71,1,1
64050,75,85,-10,10
64051,109,114,-5,5
64052,102,90,12,12
64053,143,139,4,4
64054,83,96,-13,13
64055,156,163,-7,7
64056,124,117,7,7
64057,80,80,0,0
64058,161,150,11,11
64059,54,59,-5,5
64060,75,90,-15,15
64061,155,134,21,21
64062,117,105,12,12
64063,130,133,-3,3
64064,225,202,23,23
64065,94,92,2,2
64066,63,59,4,4
64067,72,67,5,5
64068,179,178,1,1
64069,141,143,-2,2
64070,82,75,7,7
64071,62,53,9,9
64072,122,129,-7,7
64073,79,73,6,6
64074,93,84,9,9
64075,137,169,-32,32
64076,110,115,-5,5
64077,137,138,-1,1
64078,84,71,13,13
64079,64,62,2,2
64080,64,55,9,9
64081,56,59,-3,3
64082,70,71,-1,1
64083,76,77,-1,1
64084,118,112,6,6
64085,88,84,4,4
64086,81,75,6,6
64087,129,126,3,3
64088,64,68,-4,4
64089,97,92,5,5
64090,123,128,-5,5
64091,86,76,10,10
64092,97,97,0,0
64093,115,121,-6,6
64094,96,105,-9,9
64095,77,77,0,0
64096,168,187,-19,19
64097,51,55,-4,4
64098,90,87,3,3
64099,56,63,-7,7
64100,71,81,-10,10
64101,107,111,-4,4
64102,94,86,8,8
64103,46,55,-9,9
64104,118,110,8,8
64105,129,123,6,6
64106,106,112,-6,6
64107,81,85,-4,4
64108,82,76,6,6
64109,56,54,2,2
64110,79,72,7,7
64111,71,73,-2,2
64112,148,158,-10,10
64113,205,197,8,8
64114,142,128,14,14
64115,85,77,8,8
64116,47,51,-4,4
64117,91,87,4,4
64118,108,104,4,4
64119,73,68,5,5
64120,102,107,-5,5
64121,129,140,-11,11
64122,130,166,-36,36
64123,103,93,10,10
64124,70,92,-22,22
64125,90,85,5,5
64126,118,137,-19,19
64127,85,73,12,12
64128,63,68,-5,5
64129,62,58,4,4
64130,93,94,-1,1
64131,66,82,-16,16
64132,57,58,-1,1
64133,43,39,4,4
64134,104,99,5,5
64135,131,128,3,3
64136,88,82,6,6
64137,79,83,-4,4
64138,83,69,14,14
64139,77,70,7,7
64140,82,85,-3,3
64141,109,107,2,2
64142,118,113,5,5
64143,134,138,-4,4
64144,124,135,-11,11
64145,105,112,-7,7
64146,102,96,6,6
64147,109,108,1,1
64148,100,102,-2,2
64149,84,88,-4,4
64150,88,82,6,6
64151,86,86,0,0
64152,92,82,10,10
64153,125,121,4,4
64154,70,65,5,5
64155,167,143,24,24
64156,151,163,-12,12
64157,80,73,7,7
64158,125,106,19,19
64159,140,155,-15,15
64160,101,101,0,0
64161,68,62,6,6
64162,48,50,-2,2
64163,105,104,1,1
64164,72,67,5,5
64165,73,76,-3,3
64166,139,140,-1,1
64167,88,90,-2,2
64168,65,102,-37,37
64169,100,98,2,2
64170,150,153,-3,3
64171,116,116,0,0
64172,64,64,0,0
64173,115,107,8,8
64174,58,61,-3,3
64175,132,145,-13,13
64176,91,85,6,6
64177,75,65,10,10
64178,98,105,-7,7
64179,109,108,1,1
64180,115,106,9,9
64181,86,97,-11,11
64182,100,87,13,13
64183,77,73,4,4
64184,156,166,-10,10
64185,63,59,4,4
64186,81,83,-2,2
64187,95,92,3,3
64188,70,69,1,1
64189,100,101,-1,1
64190,92,92,0,0
64191,150,155,-5,5
64192,99,107,-8,8
64193,133,129,4,4
64194,46,51,-5,5
64195,99,90,9,9
64196,128,123,5,5
64197,77,78,-1,1
64198,77,75,2,2
64199,62,68,-6,6
64200,175,161,14,14
64201,183,183,0,0
64202,80,84,-4,4
64203,124,128,-4,4
64204,116,114,2,2
64205,140,146,-6,6
64206,74,66,8,8
64207,104,123,-19,19
64208,43,54,-11,11
64209,191,185,6,6
64210,245,243,2,2
64211,94,89,5,5
64212,110,101,9,9
64213,86,88,-2,2
64214,49,57,-8,8
64215,116,121,-5,5
64216,58,56,2,2
64217,51,42,9,9
64218,96,96,0,0
64219,73,78,-5,5
64220,100,105,-5,5
64221,83,141,-58,58
64222,130,128,2,2
64223,64,70,-6,6
64224,77,79,-2,2
64225,126,135,-9,9
64226,52,52,0,0
64227,84,80,4,4
64228,69,81,-12,12
64229,107,125,-18,18
64230,104,95,9,9
64231,55,55,0,0
64232,87,96,-9,9
64233,88,94,-6,6
64234,147,156,-9,9
64235,122,117,5,5
64236,120,111,9,9
64237,166,164,2,2
64238,80,89,-9,9
64239,122,126,-4,4
64240,43,39,4,4
64241,121,111,10,10
64242,70,73,-3,3
64243,101,100,1,1
64244,57,61,-4,4
64245,100,93,7,7
64246,52,57,-5,5
64247,69,68,1,1
64248,52,46,6,6
64249,60,62,-2,2
64250,74,71,3,3
64251,92,96,-4,4
64252,47,53,-6,6
64253,91,94,-3,3
64254,72,76,-4,4
64255,45,39,6,6
64256,70,78,-8,8
64257,119,123,-4,4
64258,113,118,-5,5
64259,51,54,-3,3
64260,56,58,-2,2
64261,95,92,3,3
64262,82,94,-12,12
64263,79,78,1,1
64264,70,72,-2,2
64265,78,81,-3,3
64266,94,93,1,1
64267,68,65,3,3
64268,87,93,-6,6
64269,164,192,-28,28
64270,101,94,7,7
64271,145,148,-3,3
64272,50,44,6,6
64273,65,85,-20,20
64274,108,100,8,8
64275,77,72,5,5
64276,153,151,2,2
64277,113,106,7,7
64278,181,159,22,22
64279,52,52,0,0
64280,96,100,-4,4
64281,139,134,5,5
64282,91,92,-1,1
64283,73,72,1,1
64284,77,81,-4,4
64285,71,71,0,0
64286,51,51,0,0
64287,90,90,0,0
64288,68,64,4,4
64289,73,74,-1,1
64290,94,104,-10,10
64291,69,65,4,4
64292,90,92,-2,2
64293,154,161,-7,7
64294,163,146,17,17
64295,74,79,-5,5
64296,55,56,-1,1
64297,73,77,-4,4
64298,33,39,-6,6
64299,154,150,4,4
64300,70,53,17,17
64301,72,73,-1,1
64302,96,104,-8,8
64303,117,121,-4,4
64304,127,123,4,4
64305,84,90,-6,6
64306,99,107,-8,8
64307,72,68,4,4
64308,144,136,8,8
64309,74,78,-4,4
64310,75,74,1,1
64311,89,85,4,4
64312,122,116,6,6
64313,165,165,0,0
64314,45,39,6,6
64315,82,90,-8,8
64316,84,79,5,5
64317,166,168,-2,2
64318,140,131,9,9
64319,96,104,-8,8
64320,73,70,3,3
64321,200,197,3,3
64322,113,112,1,1
64323,137,133,4,4
64324,87,91,-4,4
64325,127,126,1,1
64326,74,62,12,12
64327,89,81,8,8
64328,128,140,-12,12
64329,73,76,-3,3
64330,53,51,2,2
64331,26,39,-13,13
64332,104,105,-1,1
64333,91,85,6,6
64334,157,154,3,3
64335,93,88,5,5
64336,125,132,-7,7
64337,66,59,7,7
64338,125,123,2,2
64339,144,122,22,22
64340,106,101,5,5
64341,129,122,7,7
64342,86,96,-10,10
64343,188,187,1,1
64344,142,135,7,7
64345,54,53,1,1
64346,185,162,23,23
64347,152,152,0,0
64348,55,52,3,3
64349,74,81,-7,7
64350,132,143,-11,11
64351,80,75,5,5
64352,77,76,1,1
64353,67,76,-9,9
64354,71,66,5,5
64355,129,123,6,6
64356,116,108,8,8
64357,97,93,4,4
64358,39,38,1,1
64359,44,53,-9,9
64360,73,74,-1,1
64361,78,74,4,4
64362,68,63,5,5
64363,57,52,5,5
64364,97,80,17,17
64365,77,77,0,0
64366,159,162,-3,3
64367,144,134,10,10
64368,58,60,-2,2
64369,74,83,-9,9
64370,47,46,1,1
64371,86,85,1,1
64372,95,83,12,12
64373,74,71,3,3
64374,84,98,-14,14
64375,175,177,-2,2
64376,47,38,9,9
64377,110,103,7,7
64378,181,178,3,3
64379,117,117,0,0
64380,77,67,10,10
64381,88,79,9,9
64382,84,91,-7,7
64383,56,53,3,3
64384,49,38,11,11
64385,75,80,-5,5
64386,58,55,3,3
64387,110,114,-4,4
64388,80,84,-4,4
64389,120,131,-11,11
64390,79,100,-21,21
64391,107,116,-9,9
64392,79,78,1,1
64393,69,74,-5,5
64394,36,39,-3,3
64395,106,106,0,0
64396,64,59,5,5
64397,91,95,-4,4
64398,70,72,-2,2
64399,69,66,3,3
64400,75,76,-1,1
64401,54,55,-1,1
64402,69,75,-6,6
64403,105,119,-14,14
64404,67,70,-3,3
64405,28,38,-10,10
64406,57,56,1,1
64407,46,39,7,7
64408,52,54,-2,2
64409,122,124,-2,2
64410,101,98,3,3
64411,129,124,5,5
64412,143,161,-18,18
64413,193,186,7,7
64414,55,56,-1,1
64415,92,92,0,0
64416,107,90,17,17
64417,137,123,14,14
64418,100,101,-1,1
64419,61,62,-1,1
64420,113,100,13,13
64421,112,106,6,6
64422,78,68,10,10
64423,82,92,-10,10
64424,58,66,-8,8
64425,65,54,11,11
64426,52,59,-7,7
64427,106,108,-2,2
64428,47,51,-4,4
64429,72,82,-10,10
64430,75,77,-2,2
64431,135,145,-10,10
64432,87,91,-4,4
64433,175,169,6,6
64434,99,105,-6,6
64435,50,53,-3,3
64436,90,86,4,4
64437,83,92,-9,9
64438,68,68,0,0
64439,85,86,-1,1
64440,73,78,-5,5
64441,58,68,-10,10
64442,78,79,-1,1
64443,89,97,-8,8
64444,49,52,-3,3
64445,73,63,10,10
64446,108,88,20,20
64447,60,64,-4,4
64448,142,133,9,9
64449,217,208,9,9
64450,57,52,5,5
64451,61,57,4,4
64452,82,79,3,3
64453,73,74,-1,1
64454,108,108,0,0
64455,139,151,-12,12
64456,80,81,-1,1
64457,218,217,1,1
64458,119,121,-2,2
64459,105,103,2,2
64460,57,58,-1,1
64461,106,118,-12,12
64462,74,83,-9,9
64463,77,83,-6,6
64464,143,140,3,3
64465,103,106,-3,3
64466,120,117,3,3
64467,124,111,13,13
64468,112,107,5,5
64469,105,99,6,6
64470,144,148,-4,4
64471,97,91,6,6
64472,65,60,5,5
64473,74,73,1,1
64474,55,56,-1,1
64475,80,81,-1,1
64476,115,117,-2,2
64477,145,152,-7,7
64478,103,113,-10,10
64479,132,126,6,6
64480,46,37,9,9
64481,59,56,3,3
64482,83,78,5,5
64483,150,153,-3,3
64484,182,181,1,1
64485,44,51,-7,7
64486,64,76,-12,12
64487,53,53,0,0
64488,78,87,-9,9
64489,112,123,-11,11
64490,109,107,2,2
64491,95,106,-11,11
64492,62,87,-25,25
64493,57,61,-4,4
64494,130,134,-4,4
64495,101,98,3,3
64496,135,142,-7,7
64497,100,119,-19,19
64498,107,118,-11,11
64499,97,106,-9,9
64500,79,77,2,2
64501,80,83,-3,3
64502,94,73,21,21
64503,122,121,1,1
64504,57,58,-1,1
64505,58,60,-2,2
64506,76,74,2,2
64507,144,132,12,12
64508,51,38,13,13
64509,54,57,-3,3
64510,85,87,-2,2
64511,61,61,0,0
64512,148,128,20,20
64513,33,39,-6,6
64514,99,94,5,5
64515,117,112,5,5
64516,82,80,2,2
64517,54,80,-26,26
64518,144,137,7,7
64519,141,138,3,3
64520,80,89,-9,9
64521,203,194,9,9
64522,93,92,1,1
64523,65,64,1,1
64524,61,55,6,6
64525,139,135,4,4
64526,84,88,-4,4
64527,72,79,-7,7
64528,68,73,-5,5
64529,56,67,-11,11
64530,101,103,-2,2
64531,63,71,-8,8
64532,94,96,-2,2
64533,120,119,1,1
64534,113,119,-6,6
64535,32,39,-7,7
64536,94,107,-13,13
64537,116,118,-2,2
64538,101,99,2,2
64539,57,60,-3,3
64540,144,141,3,3
64541,76,76,0,0
64542,94,93,1,1
64543,80,85,-5,5
64544,100,103,-3,3
64545,150,141,9,9
64546,85,89,-4,4
64547,77,73,4,4
64548,75,75,0,0
64549,170,163,7,7
64550,138,147,-9,9
64551,74,68,6,6
64552,83,83,0,0
64553,193,199,-6,6
64554,95,87,8,8
64555,132,131,1,1
64556,69,68,1,1
64557,120,137,-17,17
64558,102,100,2,2
64559,87,79,8,8
64560,133,115,18,18
64561,106,105,1,1
64562,90,96,-6,6
64563,61,61,0,0
64564,87,87,0,0
64565,130,126,4,4
64566,77,79,-2,2
64567,80,98,-18,18
64568,95,80,15,15
64569,64,62,2,2
64570,57,65,-8,8
64571,70,70,0,0
64572,111,110,1,1
64573,54,58,-4,4
64574,142,171,-29,29
64575,52,57,-5,5
64576,47,52,-5,5
64577,133,141,-8,8
64578,140,151,-11,11
64579,60,64,-4,4
64580,186,166,20,20
64581,77,78,-1,1
64582,101,95,6,6
64583,59,57,2,2
64584,121,133,-12,12
64585,104,109,-5,5
64586,155,135,20,20
64587,83,81,2,2
64588,77,76,1,1
64589,123,112,11,11
64590,59,59,0,0
64591,105,92,13,13
64592,75,84,-9,9
64593,116,107,9,9
64594,72,71,1,1
64595,149,160,-11,11
64596,119,114,5,5
64597,63,72,-9,9
64598,87,82,5,5
64599,137,134,3,3
64600,82,74,8,8
64601,125,121,4,4
64602,36,41,-5,5
64603,67,67,0,0
64604,116,119,-3,3
64605,155,148,7,7
64606,103,91,12,12
64607,104,99,5,5
64608,143,144,-1,1
64609,123,123,0,0
64610,121,115,6,6
64611,87,76,11,11
64612,72,77,-5,5
64613,49,67,-18,18
64614,69,83,-14,14
64615,72,92,-20,20
64616,116,92,24,24
64617,138,150,-12,12
64618,97,102,-5,5
64619,63,59,4,4
64620,109,102,7,7
64621,80,84,-4,4
64622,96,92,4,4
64623,98,88,10,10
64624,101,104,-3,3
64625,143,144,-1,1
64626,90,92,-2,2
64627,85,86,-1,1
64628,120,125,-5,5
64629,65,59,6,6
64630,161,148,13,13
64631,124,109,15,15
64632,103,104,-1,1
64633,99,99,0,0
64634,121,128,-7,7
64635,122,121,1,1
64636,104,113,-9,9
64637,160,175,-15,15
64638,109,90,19,19
64639,63,66,-3,3
64640,112,113,-1,1
64641,88,85,3,3
64642,88,86,2,2
64643,101,114,-13,13
64644,50,51,-1,1
64645,170,184,-14,14
64646,64,70,-6,6
64647,102,113,-11,11
64648,93,92,1,1
64649,132,129,3,3
64650,75,84,-9,9
64651,84,75,9,9
64652,60,60,0,0
64653,103,117,-14,14
64654,58,61,-3,3
64655,153,141,12,12
64656,135,126,9,9
64657,62,80,-18,18
64658,162,153,9,9
64659,74,78,-4,4
64660,90,83,7,7
64661,127,128,-1,1
64662,97,102,-5,5
64663,102,100,2,2
64664,117,118,-1,1
64665,38,39,-1,1
64666,114,110,4,4
64667,45,39,6,6
64668,100,98,2,2
64669,61,57,4,4
64670,101,91,10,10
64671,120,124,-4,4
64672,152,148,4,4
64673,84,88,-4,4
64674,100,91,9,9
64675,108,106,2,2
64676,124,139,-15,15
64677,148,159,-11,11
64678,46,49,-3,3
64679,119,121,-2,2
64680,118,110,8,8
64681,52,59,-7,7
64682,104,113,-9,9
64683,82,101,-19,19
64684,100,89,11,11
64685,118,114,4,4
64686,70,74,-4,4
64687,104,92,12,12
64688,141,137,4,4
64689,97,96,1,1
64690,24,38,-14,14
64691,192,177,15,15
64692,71,64,7,7
64693,78,88,-10,10
64694,46,52,-6,6
64695,79,84,-5,5
64696,153,141,12,12
64697,88,101,-13,13
64698,64,70,-6,6
64699,81,75,6,6
64700,81,85,-4,4
64701,105,99,6,6
64702,88,94,-6,6
64703,120,128,-8,8
64704,68,65,3,3
64705,84,84,0,0
64706,121,117,4,4
64707,80,72,8,8
64708,138,143,-5,5
64709,90,84,6,6
64710,87,92,-5,5
64711,92,94,-2,2
64712,111,121,-10,10
64713,77,74,3,3
64714,74,71,3,3
64715,170,145,25,25
64716,77,82,-5,5
64717,117,126,-9,9
64718,151,139,12,12
64719,84,91,-7,7
64720,108,118,-10,10
64721,69,73,-4,4
64722,121,128,-7,7
64723,94,104,-10,10
64724,41,39,2,2
64725,140,137,3,3
64726,76,68,8,8
64727,85,80,5,5
64728,104,112,-8,8
64729,48,53,-5,5
64730,128,137,-9,9
64731,68,69,-1,1
64732,70,66,4,4
64733,93,85,8,8
64734,69,81,-12,12
64735,56,55,1,1
64736,96,96,0,0
64737,50,51,-1,1
64738,64,68,-4,4
64739,69,74,-5,5
64740,89,86,3,3
64741,75,81,-6,6
64742,77,78,-1,1
64743,68,62,6,6
64744,59,87,-28,28
64745,140,125,15,15
64746,79,72,7,7
64747,46,39,7,7
64748,54,49,5,5
64749,89,95,-6,6
64750,99,104,-5,5
64751,68,67,1,1
64752,86,98,-12,12
64753,106,97,9,9
64754,82,79,3,3
64755,97,131,-34,34
64756,29,39,-10,10
64757,99,95,4,4
64758,119,124,-5,5
64759,102,104,-2,2
64760,104,106,-2,2
64761,148,129,19,19
64762,146,143,3,3
64763,107,100,7,7
64764,49,51,-2,2
64765,45,39,6,6
64766,133,131,2,2
64767,102,110,-8,8
64768,110,116,-6,6
64769,100,101,-1,1
64770,112,106,6,6
64771,59,66,-7,7
64772,73,65,8,8
64773,115,130,-15,15
64774,88,88,0,0
64775,77,92,-15,15
64776,133,133,0,0
64777,86,86,0,0
64778,74,65,9,9
64779,125,125,0,0
64780,97,101,-4,4
64781,71,64,7,7
64782,42,39,3,3
64783,140,143,-3,3
64784,70,69,1,1
64785,76,84,-8,8
64786,59,57,2,2
64787,87,96,-9,9
64788,134,123,11,11
64789,173,169,4,4
64790,47,48,-1,1
64791,112,103,9,9
64792,94,103,-9,9
64793,81,77,4,4
64794,152,156,-4,4
64795,56,58,-2,2
64796,72,71,1,1
64797,82,82,0,0
64798,68,67,1,1
64799,87,91,-4,4
64800,116,136,-20,20
64801,49,38,11,11
64802,124,123,1,1
64803,146,154,-8,8
64804,151,146,5,5
64805,67,87,-20,20
64806,57,94,-37,37
64807,147,152,-5,5
64808,104,106,-2,2
64809,124,129,-5,5
64810,46,50,-4,4
64811,118,123,-5,5
64812,110,112,-2,2
64813,82,80,2,2
64814,97,92,5,5
64815,104,97,7,7
64816,46,46,0,0
64817,76,84,-8,8
64818,66,67,-1,1
64819,51,51,0,0
64820,63,58,5,5
64821,81,80,1,1
64822,110,113,-3,3
64823,160,163,-3,3
64824,65,63,2,2
64825,43,39,4,4
64826,67,117,-50,50
64827,104,102,2,2
64828,83,91,-8,8
64829,57,68,-11,11
64830,139,138,1,1
64831,78,79,-1,1
64832,68,60,8,8
64833,91,87,4,4
64834,117,120,-3,3
64835,117,113,4,4
64836,110,116,-6,6
64837,67,64,3,3
64838,89,92,-3,3
64839,96,108,-12,12
64840,92,102,-10,10
64841,87,86,1,1
64842,92,82,10,10
64843,59,64,-5,5
64844,66,64,2,2
64845,160,166,-6,6
64846,188,176,12,12
64847,96,98,-2,2
64848,75,83,-8,8
64849,140,135,5,5
64850,95,94,1,1
64851,83,85,-2,2
64852,103,106,-3,3
64853,81,82,-1,1
64854,87,88,-1,1
64855,90,92,-2,2
64856,66,65,1,1
64857,100,97,3,3
64858,75,76,-1,1
64859,50,48,2,2
64860,68,66,2,2
64861,82,79,3,3
64862,72,64,8,8
64863,56,56,0,0
64864,113,112,1,1
64865,41,38,3,3
64866,56,57,-1,1
64867,92,87,5,5
64868,68,68,0,0
64869,63,62,1,1
64870,111,118,-7,7
64871,74,76,-2,2
64872,91,92,-1,1
64873,84,139,-55,55
64874,107,118,-11,11
64875,95,93,2,2
64876,80,73,7,7
64877,125,136,-11,11
64878,57,55,2,2
64879,115,125,-10,10
64880,117,114,3,3
64881,71,76,-5,5
64882,72,67,5,5
64883,199,188,11,11
64884,100,108,-8,8
64885,75,66,9,9
64886,78,75,3,3
64887,82,75,7,7
64888,85,88,-3,3
64889,53,59,-6,6
64890,89,89,0,0
64891,111,102,9,9
64892,58,57,1,1
64893,74,66,8,8
64894,106,121,-15,15
64895,139,140,-1,1
64896,94,93,1,1
64897,66,63,3,3
64898,140,125,15,15
64899,100,102,-2,2
64900,60,58,2,2
64901,118,106,12,12
64902,108,100,8,8
64903,131,121,10,10
64904,141,158,-17,17
64905,107,104,3,3
64906,65,78,-13,13
64907,104,112,-8,8
64908,121,125,-4,4
64909,93,102,-9,9
64910,85,93,-8,8
64911,77,75,2,2
64912,113,108,5,5
64913,44,39,5,5
64914,110,128,-18,18
64915,75,68,7,7
64916,65,73,-8,8
64917,59,57,2,2
64918,102,93,9,9
64919,93,111,-18,18
64920,85,85,0,0
64921,57,55,2,2
64922,129,127,2,2
64923,45,56,-11,11
64924,60,78,-18,18
64925,89,97,-8,8
64926,93,96,-3,3
64927,104,103,1,1
64928,55,55,0,0
64929,83,90,-7,7
64930,137,134,3,3
64931,109,98,11,11
64932,69,70,-1,1
64933,110,125,-15,15
64934,119,102,17,17
64935,97,92,5,5
64936,81,80,1,1
64937,104,103,1,1
64938,71,80,-9,9
64939,50,57,-7,7
64940,136,129,7,7
64941,70,63,7,7
64942,63,70,-7,7
64943,90,95,-5,5
64944,102,99,3,3
64945,50,52,-2,2
64946,138,130,8,8
64947,103,130,-27,27
64948,127,125,2,2
64949,129,136,-7,7
64950,144,142,2,2
64951,52,60,-8,8
64952,72,76,-4,4
64953,94,99,-5,5
64954,77,69,8,8
64955,62,65,-3,3
64956,91,94,-3,3
64957,58,56,2,2
64958,78,77,1,1
64959,63,62,1,1
64960,111,105,6,6
64961,87,88,-1,1
64962,85,82,3,3
64963,224,206,18,18
64964,99,95,4,4
64965,84,76,8,8
64966,101,101,0,0
64967,156,143,13,13
64968,50,51,-1,1
64969,82,81,1,1
64970,190,202,-12,12
64971,127,137,-10,10
64972,61,61,0,0
64973,100,105,-5,5
64974,81,86,-5,5
64975,141,129,12,12
64976,80,75,5,5
64977,67,66,1,1
64978,90,92,-2,2
64979,81,73,8,8
64980,55,50,5,5
64981,85,89,-4,4
64982,36,38,-2,2
64983,87,76,11,11
64984,73,85,-12,12
64985,90,88,2,2
64986,69,61,8,8
64987,88,86,2,2
64988,64,65,-1,1
64989,56,54,2,2
64990,130,123,7,7
64991,59,57,2,2
64992,140,150,-10,10
64993,129,119,10,10
64994,122,120,2,2
64995,69,65,4,4
64996,65,74,-9,9
64997,103,104,-1,1
64998,36,39,-3,3
64999,193,205,-12,12
65000,123,120,3,3
65001,77,79,-2,2
65002,75,71,4,4
65003,85,96,-11,11
65004,124,125,-1,1
65005,148,153,-5,5
65006,92,96,-4,4
65007,70,65,5,5
65008,129,123,6,6
65009,51,50,1,1
65010,98,89,9,9
65011,130,123,7,7
65012,134,131,3,3
65013,89,84,5,5
65014,83,93,-10,10
65015,89,89,0,0
65016,101,96,5,5
65017,110,99,11,11
65018,68,68,0,0
65019,68,62,6,6
65020,72,72,0,0
65021,77,81,-4,4
65022,147,140,7,7
65023,117,115,2,2
65024,79,100,-21,21
65025,103,108,-5,5
65026,65,68,-3,3
65027,102,100,2,2
65028,66,68,-2,2
65029,101,92,9,9
65030,77,77,0,0
65031,58,61,-3,3
65032,75,79,-4,4
65033,50,61,-11,11
65034,116,113,3,3
65035,78,75,3,3
65036,111,101,10,10
65037,35,38,-3,3
65038,94,93,1,1
65039,136,129,7,7
65040,71,68,3,3
65041,94,110,-16,16
65042,81,76,5,5
65043,54,49,5,5
65044,94,87,7,7
65045,94,97,-3,3
65046,143,144,-1,1
65047,82,85,-3,3
65048,156,148,8,8
65049,81,86,-5,5
65050,169,171,-2,2
65051,104,102,2,2
65052,107,111,-4,4
65053,69,82,-13,13
65054,123,106,17,17
65055,51,52,-1,1
65056,88,97,-9,9
65057,41,38,3,3
65058,56,62,-6,6
65059,138,142,-4,4
65060,102,96,6,6
65061,97,93,4,4
65062,124,134,-10,10
65063,124,120,4,4
65064,119,137,-18,18
65065,55,52,3,3
65066,116,117,-1,1
65067,60,56,4,4
65068,134,123,11,11
65069,63,91,-28,28
65070,73,72,1,1
65071,145,143,2,2
65072,111,116,-5,5
65073,110,120,-10,10
65074,194,185,9,9
65075,92,98,-6,6
65076,97,90,7,7
65077,116,119,-3,3
65078,61,55,6,6
65079,150,152,-2,2
65080,45,38,7,7
65081,99,90,9,9
65082,79,78,1,1
65083,118,123,-5,5
65084,74,69,5,5
65085,108,106,2,2
65086,85,77,8,8
65087,89,80,9,9
65088,107,112,-5,5
65089,165,176,-11,11
65090,84,81,3,3
65091,132,127,5,5
65092,90,86,4,4
65093,144,122,22,22
65094,87,92,-5,5
65095,103,91,12,12
65096,98,105,-7,7
65097,88,87,1,1
65098,125,124,1,1
65099,112,104,8,8
65100,51,59,-8,8
65101,105,109,-4,4
65102,149,132,17,17
65103,109,108,1,1
65104,74,77,-3,3
65105,83,84,-1,1
65106,85,88,-3,3
65107,75,67,8,8
65108,78,86,-8,8
65109,67,68,-1,1
65110,48,51,-3,3
65111,109,86,23,23
65112,92,87,5,5
65113,90,94,-4,4
65114,90,89,1,1
65115,98,96,2,2
65116,76,73,3,3
65117,83,89,-6,6
65118,148,155,-7,7
65119,99,100,-1,1
65120,68,72,-4,4
65121,79,72,7,7
65122,98,104,-6,6
65123,194,194,0,0
65124,90,84,6,6
65125,70,65,5,5
65126,88,91,-3,3
65127,66,63,3,3
65128,81,67,14,14
65129,122,123,-1,1
65130,96,99,-3,3
65131,69,70,-1,1
65132,113,101,12,12
65133,61,67,-6,6
65134,101,85,16,16
65135,178,173,5,5
65136,111,109,2,2
65137,81,78,3,3
65138,147,169,-22,22
65139,121,117,4,4
65140,78,71,7,7
65141,86,84,2,2
65142,54,54,0,0
65143,46,39,7,7
65144,62,66,-4,4
65145,94,90,4,4
65146,101,101,0,0
65147,60,66,-6,6
65148,72,66,6,6
65149,75,85,-10,10
65150,148,144,4,4
65151,123,116,7,7
65152,81,92,-11,11
65153,126,131,-5,5
65154,163,159,4,4
65155,105,105,0,0
65156,85,85,0,0
65157,102,98,4,4
65158,89,88,1,1
65159,123,130,-7,7
65160,62,58,4,4
65161,78,88,-10,10
65162,98,93,5,5
65163,68,66,2,2
65164,99,104,-5,5
65165,112,107,5,5
65166,89,86,3,3
65167,89,95,-6,6
65168,83,78,5,5
65169,119,119,0,0
65170,92,102,-10,10
65171,77,82,-5,5
65172,74,69,5,5
65173,115,139,-24,24
65174,107,104,3,3
65175,98,91,7,7
65176,136,129,7,7
65177,42,40,2,2
65178,119,124,-5,5
65179,119,122,-3,3
65180,109,105,4,4
65181,113,112,1,1
65182,164,165,-1,1
65183,86,85,1,1
65184,97,98,-1,1
65185,112,117,-5,5
65186,124,125,-1,1
65187,84,100,-16,16
65188,77,80,-3,3
65189,87,95,-8,8
65190,52,53,-1,1
65191,112,109,3,3
65192,78,74,4,4
65193,93,92,1,1
65194,115,131,-16,16
65195,76,69,7,7
65196,209,199,10,10
65197,41,57,-16,16
65198,115,113,2,2
65199,155,143,12,12
65200,53,53,0,0
65201,72,71,1,1
65202,110,86,24,24
65203,91,97,-6,6
65204,99,97,2,2
65205,88,98,-10,10
65206,100,103,-3,3
65207,73,84,-11,11
65208,70,65,5,5
65209,126,126,0,0
65210,102,103,-1,1
65211,97,93,4,4
65212,60,64,-4,4
65213,44,49,-5,5
65214,62,71,-9,9
65215,52,56,-4,4
65216,128,128,0,0
65217,168,171,-3,3
65218,101,105,-4,4
65219,106,113,-7,7
65220,191,181,10,10
65221,51,61,-10,10
65222,196,172,24,24
65223,92,100,-8,8
65224,47,39,8,8
65225,115,109,6,6
65226,70,65,5,5
65227,84,93,-9,9
65228,145,144,1,1
65229,102,106,-4,4
65230,31,38,-7,7
65231,65,60,5,5
65232,92,89,3,3
65233,77,83,-6,6
65234,90,95,-5,5
65235,30,38,-8,8
65236,72,84,-12,12
65237,109,112,-3,3
65238,148,153,-5,5
65239,81,79,2,2
65240,75,71,4,4
65241,60,60,0,0
65242,147,146,1,1
65243,95,83,12,12
65244,71,76,-5,5
65245,145,157,-12,12
65246,91,99,-8,8
65247,48,66,-18,18
65248,94,93,1,1
65249,86,98,-12,12
65250,70,69,1,1
65251,120,125,-5,5
65252,117,117,0,0
65253,118,96,22,22
65254,66,64,2,2
65255,70,68,2,2
65256,51,51,0,0
65257,80,84,-4,4
65258,78,81,-3,3
65259,136,123,13,13
65260,105,106,-1,1
65261,94,86,8,8
65262,119,114,5,5
65263,119,122,-3,3
65264,66,64,2,2
65265,133,128,5,5
65266,106,105,1,1
65267,110,100,10,10
65268,109,108,1,1
65269,97,116,-19,19
65270,54,60,-6,6
65271,143,133,10,10
65272,103,109,-6,6
65273,55,56,-1,1
65274,72,69,3,3
65275,300,251,49,49
65276,110,106,4,4
65277,120,121,-1,1
65278,114,124,-10,10
65279,65,66,-1,1
65280,51,53,-2,2
65281,107,99,8,8
65282,86,92,-6,6
65283,91,92,-1,1
65284,102,97,5,5
65285,72,61,11,11
65286,82,84,-2,2
65287,134,130,4,4
65288,133,126,7,7
65289,79,85,-6,6
65290,146,149,-3,3
65291,176,161,15,15
65292,117,117,0,0
65293,82,88,-6,6
65294,105,104,1,1
65295,89,91,-2,2
65296,72,78,-6,6
65297,71,62,9,9
65298,117,122,-5,5
65299,140,135,5,5
65300,80,85,-5,5
65301,53,55,-2,2
65302,185,189,-4,4
65303,111,101,10,10
65304,92,98,-6,6
65305,91,88,3,3
65306,112,99,13,13
65307,59,57,2,2
65308,106,101,5,5
65309,53,62,-9,9
65310,132,134,-2,2
65311,80,87,-7,7
65312,163,169,-6,6
65313,58,64,-6,6
65314,138,126,12,12
65315,173,175,-2,2
65316,64,69,-5,5
65317,78,79,-1,1
65318,101,108,-7,7
65319,103,102,1,1
65320,87,84,3,3
65321,105,103,2,2
65322,94,91,3,3
65323,89,97,-8,8
65324,63,70,-7,7
65325,92,86,6,6
65326,139,142,-3,3
65327,78,83,-5,5
65328,58,81,-23,23
65329,77,83,-6,6
65330,71,95,-24,24
65331,154,162,-8,8
65332,93,90,3,3
65333,61,59,2,2
65334,168,164,4,4
65335,139,132,7,7
65336,78,79,-1,1
65337,132,129,3,3
65338,56,54,2,2
65339,78,85,-7,7
65340,86,89,-3,3
65341,68,65,3,3
65342,31,59,-28,28
65343,60,58,2,2
65344,150,146,4,4
65345,117,114,3,3
65346,104,100,4,4
65347,102,102,0,0
65348,77,87,-10,10
65349,64,66,-2,2
65350,103,106,-3,3
65351,113,109,4,4
65352,96,99,-3,3
65353,114,92,22,22
65354,126,125,1,1
65355,106,109,-3,3
65356,59,59,0,0
65357,81,87,-6,6
65358,109,103,6,6
65359,121,131,-10,10
65360,70,66,4,4
65361,148,150,-2,2
65362,94,85,9,9
65363,127,129,-2,2
65364,117,121,-4,4
65365,104,102,2,2
65366,46,53,-7,7
65367,106,119,-13,13
65368,94,86,8,8
65369,124,115,9,9
65370,62,65,-3,3
65371,62,75,-13,13
65372,74,83,-9,9
65373,53,54,-1,1
65374,40,39,1,1
65375,70,66,4,4
65376,60,61,-1,1
65377,45,38,7,7
65378,111,114,-3,3
65379,37,50,-13,13
65380,88,101,-13,13
65381,51,107,-56,56
65382,66,67,-1,1
65383,76,75,1,1
65384,91,86,5,5
65385,121,126,-5,5
65386,135,131,4,4
65387,87,95,-8,8
65388,99,99,0,0
65389,106,105,1,1
65390,83,88,-5,5
65391,94,86,8,8
65392,76,76,0,0
65393,69,65,4,4
65394,100,114,-14,14
65395,118,119,-1,1
65396,66,82,-16,16
65397,89,92,-3,3
65398,104,121,-17,17
65399,110,96,14,14
65400,106,100,6,6
65401,118,117,1,1
65402,83,91,-8,8
65403,85,80,5,5
65404,73,87,-14,14
65405,72,64,8,8
65406,61,58,3,3
65407,59,58,1,1
65408,114,119,-5,5
65409,68,74,-6,6
65410,179,182,-3,3
65411,70,70,0,0
65412,91,88,3,3
65413,114,110,4,4
65414,108,108,0,0
65415,79,83,-4,4
65416,79,75,4,4
65417,125,129,-4,4
65418,117,98,19,19
65419,68,76,-8,8
65420,79,77,2,2
65421,103,114,-11,11
65422,207,195,12,12
65423,63,67,-4,4
65424,117,118,-1,1
65425,63,63,0,0
65426,71,71,0,0
65427,74,85,-11,11
65428,55,52,3,3
65429,170,164,6,6
65430,69,66,3,3
65431,51,57,-6,6
65432,55,57,-2,2
65433,73,71,2,2
65434,89,110,-21,21
65435,173,160,13,13
65436,119,116,3,3
65437,85,96,-11,11
65438,94,97,-3,3
65439,104,94,10,10
65440,96,100,-4,4
65441,61,63,-2,2
65442,86,89,-3,3
65443,95,92,3,3
65444,161,161,0,0
65445,80,79,1,1
65446,112,108,4,4
65447,75,82,-7,7
65448,141,133,8,8
65449,161,167,-6,6
65450,99,101,-2,2
65451,94,93,1,1
65452,146,136,10,10
65453,72,71,1,1
65454,105,93,12,12
65455,69,64,5,5
65456,113,107,6,6
65457,132,113,19,19
65458,121,125,-4,4
65459,91,95,-4,4
65460,70,64,6,6
65461,96,96,0,0
65462,155,152,3,3
65463,130,140,-10,10
65464,186,170,16,16
65465,96,97,-1,1
65466,146,164,-18,18
65467,113,107,6,6
65468,86,93,-7,7
65469,104,101,3,3
65470,66,63,3,3
65471,96,91,5,5
65472,88,77,11,11
65473,111,102,9,9
65474,146,137,9,9
65475,86,73,13,13
65476,46,47,-1,1
65477,72,71,1,1
65478,170,155,15,15
65479,35,39,-4,4
65480,90,91,-1,1
65481,143,149,-6,6
65482,157,153,4,4
65483,62,66,-4,4
65484,65,63,2,2
65485,75,72,3,3
65486,89,91,-2,2
65487,82,74,8,8
65488,80,83,-3,3
65489,56,53,3,3
65490,76,70,6,6
65491,113,118,-5,5
65492,104,114,-10,10
65493,99,96,3,3
65494,62,60,2,2
65495,140,147,-7,7
65496,76,79,-3,3
65497,114,112,2,2
65498,108,114,-6,6
65499,81,72,9,9
65500,63,61,2,2
65501,125,124,1,1
65502,70,58,12,12
65503,90,94,-4,4
65504,37,39,-2,2
65505,92,110,-18,18
65506,96,103,-7,7
65507,85,82,3,3
65508,106,110,-4,4
65509,86,82,4,4
65510,101,90,11,11
65511,101,100,1,1
65512,100,104,-4,4
65513,105,99,6,6
65514,71,76,-5,5
65515,58,53,5,5
65516,179,172,7,7
65517,106,106,0,0
65518,89,83,6,6
65519,84,79,5,5
65520,113,111,2,2
65521,129,121,8,8
65522,87,97,-10,10
65523,122,127,-5,5
65524,109,109,0,0
65525,78,85,-7,7
65526,96,95,1,1
65527,176,158,18,18
65528,114,112,2,2
65529,89,79,10,10
65530,115,105,10,10
65531,73,64,9,9
65532,68,68,0,0
65533,148,146,2,2
65534,70,69,1,1
65535,108,105,3,3
65536,60,56,4,4
65537,98,90,8,8
65538,47,48,-1,1
65539,84,90,-6,6
65540,60,56,4,4
65541,119,128,-9,9
65542,66,69,-3,3
65543,115,115,0,0
65544,172,158,14,14
65545,105,100,5,5
65546,83,75,8,8
65547,75,68,7,7
65548,48,38,10,10
65549,100,102,-2,2
65550,59,62,-3,3
65551,67,61,6,6
65552,103,115,-12,12
65553,48,48,0,0
65554,108,119,-11,11
65555,77,64,13,13
65556,126,124,2,2
65557,82,101,-19,19
65558,38,48,-10,10
65559,99,94,5,5
65560,56,57,-1,1
65561,131,117,14,14
65562,96,87,9,9
65563,83,85,-2,2
65564,120,113,7,7
65565,102,91,11,11
65566,93,97,-4,4
65567,127,125,2,2
65568,67,56,11,11
65569,98,95,3,3
65570,77,68,9,9
65571,84,74,10,10
65572,96,91,5,5
65573,118,113,5,5
65574,84,87,-3,3
65575,70,85,-15,15
65576,100,104,-4,4
65577,118,114,4,4
65578,54,63,-9,9
65579,170,165,5,5
65580,91,99,-8,8
65581,86,85,1,1
65582,82,88,-6,6
65583,123,125,-2,2
65584,94,94,0,0
65585,86,80,6,6
65586,142,154,-12,12
65587,132,123,9,9
65588,140,138,2,2
65589,177,159,18,18
65590,54,61,-7,7
65591,51,55,-4,4
65592,130,125,5,5
65593,71,71,0,0
65594,61,57,4,4
65595,93,88,5,5
65596,93,100,-7,7
65597,83,81,2,2
65598,104,93,11,11
65599,93,96,-3,3
65600,88,87,1,1
65601,89,94,-5,5
65602,154,158,-4,4
65603,53,53,0,0
65604,85,85,0,0
65605,89,99,-10,10
65606,107,110,-3,3
65607,102,103,-1,1
65608,88,96,-8,8
65609,35,39,-4,4
65610,118,113,5,5
65611,63,60,3,3
65612,56,60,-4,4
65613,41,38,3,3
65614,108,113,-5,5
65615,137,139,-2,2
65616,70,62,8,8
65617,131,147,-16,16
65618,83,77,6,6
65619,87,84,3,3
65620,87,95,-8,8
65621,134,135,-1,1
65622,108,90,18,18
65623,73,87,-14,14
65624,110,104,6,6
65625,100,79,21,21
65626,57,77,-20,20
65627,101,100,1,1
65628,124,121,3,3
65629,100,102,-2,2
65630,116,120,-4,4
65631,124,112,12,12
65632,119,127,-8,8
65633,95,112,-17,17
65634,131,122,9,9
65635,46,52,-6,6
65636,119,111,8,8
65637,86,83,3,3
65638,148,150,-2,2
65639,63,61,2,2
65640,84,80,4,4
65641,88,85,3,3
65642,125,115,10,10
65643,180,166,14,14
65644,92,97,-5,5
65645,73,78,-5,5
65646,54,59,-5,5
65647,125,131,-6,6
65648,158,159,-1,1
65649,115,114,1,1
65650,176,179,-3,3
65651,71,91,-20,20
65652,109,120,-11,11
65653,115,113,2,2
65654,135,131,4,4
65655,75,72,3,3
65656,71,75,-4,4
65657,74,83,-9,9
65658,123,135,-12,12
65659,85,89,-4,4
65660,124,114,10,10
65661,51,51,0,0
65662,53,59,-6,6
65663,97,105,-8,8
65664,92,92,0,0
65665,122,126,-4,4
65666,183,173,10,10
65667,94,104,-10,10
65668,151,143,8,8
65669,65,63,2,2
65670,146,149,-3,3
65671,68,78,-10,10
65672,186,138,48,48
65673,121,111,10,10
65674,77,78,-1,1
65675,99,109,-10,10
65676,102,105,-3,3
65677,80,80,0,0
65678,123,125,-2,2
65679,90,99,-9,9
65680,96,101,-5,5
65681,119,102,17,17
65682,136,135,1,1
65683,84,83,1,1
65684,135,137,-2,2
65685,84,107,-23,23
65686,56,56,0,0
65687,81,85,-4,4
65688,69,59,10,10
65689,89,79,10,10
65690,105,103,2,2
65691,113,118,-5,5
65692,79,74,5,5
65693,167,154,13,13
65694,85,79,6,6
65695,80,82,-2,2
65696,72,73,-1,1
65697,129,131,-2,2
65698,155,138,17,17
65699,53,54,-1,1
65700,48,44,4,4
65701,45,39,6,6
65702,55,54,1,1
65703,99,102,-3,3
65704,91,93,-2,2
65705,75,69,6,6
65706,84,81,3,3
65707,38,38,0,0
65708,41,38,3,3
65709,86,87,-1,1
65710,76,70,6,6
65711,53,56,-3,3
65712,63,62,1,1
65713,79,75,4,4
65714,145,140,5,5
65715,97,100,-3,3
65716,120,119,1,1
65717,74,74,0,0
65718,96,97,-1,1
65719,101,93,8,8
65720,94,99,-5,5
65721,92,84,8,8
65722,83,70,13,13
65723,122,109,13,13
65724,57,56,1,1
65725,56,62,-6,6
65726,123,127,-4,4
65727,104,101,3,3
65728,147,136,11,11
65729,190,201,-11,11
65730,120,120,0,0
65731,173,168,5,5
65732,52,53,-1,1
65733,134,127,7,7
65734,110,108,2,2
65735,84,81,3,3
65736,92,94,-2,2
65737,112,104,8,8
65738,60,61,-1,1
65739,76,77,-1,1
65740,159,150,9,9
65741,61,65,-4,4
65742,141,132,9,9
65743,107,106,1,1
65744,103,94,9,9
65745,129,133,-4,4
65746,61,52,9,9
65747,77,72,5,5
65748,84,89,-5,5
65749,78,79,-1,1
65750,47,38,9,9
65751,140,134,6,6
65752,56,54,2,2
65753,154,144,10,10
65754,77,87,-10,10
65755,85,70,15,15
65756,104,115,-11,11
65757,70,89,-19,19
65758,71,70,1,1
65759,63,60,3,3
65760,84,83,1,1
65761,110,101,9,9
65762,88,96,-8,8
65763,74,74,0,0
65764,72,87,-15,15
65765,46,50,-4,4
65766,94,94,0,0
65767,93,103,-10,10
65768,63,60,3,3
65769,100,101,-1,1
65770,71,68,3,3
65771,113,117,-4,4
65772,88,84,4,4
65773,83,67,16,16
65774,76,84,-8,8
65775,83,74,9,9
65776,153,137,16,16
65777,134,140,-6,6
65778,91,91,0,0
65779,56,54,2,2
65780,89,91,-2,2
65781,51,54,-3,3
65782,121,120,1,1
65783,107,108,-1,1
65784,97,151,-54,54
65785,79,80,-1,1
65786,115,109,6,6
65787,60,63,-3,3
65788,105,100,5,5
65789,65,67,-2,2
65790,57,57,0,0
65791,169,165,4,4
65792,92,91,1,1
65793,104,120,-16,16
65794,68,65,3,3
65795,72,67,5,5
65796,92,94,-2,2
65797,124,123,1,1
65798,85,88,-3,3
65799,123,123,0,0
65800,112,104,8,8
65801,138,155,-17,17
65802,205,199,6,6
65803,88,90,-2,2
65804,82,82,0,0
65805,77,82,-5,5
65806,68,63,5,5
65807,125,123,2,2
65808,87,87,0,0
65809,112,116,-4,4
65810,66,74,-8,8
65811,132,126,6,6
65812,136,123,13,13
65813,232,226,6,6
65814,63,67,-4,4
65815,77,83,-6,6
65816,121,122,-1,1
65817,161,157,4,4
65818,200,169,31,31
65819,65,62,3,3
65820,104,93,11,11
65821,129,117,12,12
65822,129,142,-13,13
65823,123,118,5,5
65824,72,76,-4,4
65825,59,56,3,3
65826,94,107,-13,13
65827,102,115,-13,13
65828,74,74,0,0
65829,64,62,2,2
65830,48,50,-2,2
65831,80,83,-3,3
65832,112,102,10,10
65833,67,126,-59,59
65834,79,88,-9,9
65835,79,81,-2,2
65836,51,54,-3,3
65837,213,199,14,14
65838,116,123,-7,7
65839,82,85,-3,3
65840,88,91,-3,3
65841,154,168,-14,14
65842,93,91,2,2
65843,115,113,2,2
65844,58,55,3,3
65845,89,96,-7,7
65846,69,67,2,2
65847,124,116,8,8
65848,87,86,1,1
65849,114,119,-5,5
65850,75,79,-4,4
65851,46,63,-17,17
65852,54,56,-2,2
65853,63,58,5,5
65854,54,53,1,1
65855,70,67,3,3
65856,98,92,6,6
65857,74,75,-1,1
65858,76,72,4,4
65859,80,74,6,6
65860,73,134,-61,61
65861,108,106,2,2
65862,100,97,3,3
65863,64,55,9,9
65864,101,105,-4,4
65865,75,73,2,2
65866,66,72,-6,6
65867,142,139,3,3
65868,47,39,8,8
65869,71,64,7,7
65870,26,37,-11,11
65871,53,57,-4,4
65872,133,135,-2,2
65873,96,97,-1,1
65874,91,99,-8,8
65875,83,77,6,6
65876,103,111,-8,8
65877,89,82,7,7
65878,90,93,-3,3
65879,95,106,-11,11
65880,32,38,-6,6
65881,72,78,-6,6
65882,99,85,14,14
65883,115,115,0,0
65884,86,98,-12,12
65885,93,105,-12,12
65886,129,120,9,9
65887,92,92,0,0
65888,114,117,-3,3
65889,84,86,-2,2
65890,93,92,1,1
65891,89,106,-17,17
65892,59,58,1,1
65893,63,63,0,0
65894,59,60,-1,1
65895,115,117,-2,2
65896,144,126,18,18
65897,76,83,-7,7
65898,112,110,2,2
65899,118,136,-18,18
65900,80,86,-6,6
65901,106,107,-1,1
65902,92,98,-6,6
65903,65,65,0,0
65904,130,143,-13,13
65905,108,103,5,5
65906,44,53,-9,9
65907,101,102,-1,1
65908,72,78,-6,6
65909,67,69,-2,2
65910,73,74,-1,1
65911,184,177,7,7
65912,83,79,4,4
65913,77,76,1,1
65914,113,109,4,4
65915,46,39,7,7
65916,101,111,-10,10
65917,92,95,-3,3
65918,122,116,6,6
65919,67,63,4,4
65920,134,127,7,7
65921,82,86,-4,4
65922,142,149,-7,7
65923,101,94,7,7
65924,119,128,-9,9
65925,44,39,5,5
65926,105,107,-2,2
65927,99,103,-4,4
65928,127,122,5,5
65929,76,74,2,2
65930,107,96,11,11
65931,104,112,-8,8
65932,104,98,6,6
65933,100,99,1,1
65934,106,101,5,5
65935,66,60,6,6
65936,154,146,8,8
65937,124,130,-6,6
65938,118,121,-3,3
65939,79,78,1,1
65940,76,76,0,0
65941,89,85,4,4
65942,67,74,-7,7
65943,104,106,-2,2
65944,108,97,11,11
65945,76,74,2,2
65946,47,48,-1,1
65947,98,107,-9,9
65948,137,150,-13,13
65949,111,107,4,4
65950,62,59,3,3
65951,37,39,-2,2
65952,69,66,3,3
65953,115,126,-11,11
65954,98,97,1,1
65955,62,68,-6,6
65956,94,95,-1,1
65957,46,64,-18,18
65958,97,90,7,7
65959,108,99,9,9
65960,124,126,-2,2
65961,74,88,-14,14
65962,113,114,-1,1
65963,96,101,-5,5
65964,135,132,3,3
65965,81,86,-5,5
65966,101,99,2,2
65967,109,116,-7,7
65968,121,121,0,0
65969,62,56,6,6
65970,105,115,-10,10
65971,105,93,12,12
65972,96,79,17,17
65973,90,71,19,19
65974,81,74,7,7
65975,137,132,5,5
65976,86,82,4,4
65977,86,90,-4,4
65978,105,111,-6,6
65979,120,116,4,4
65980,70,64,6,6
65981,90,88,2,2
65982,90,89,1,1
65983,79,80,-1,1
65984,62,61,1,1
65985,56,60,-4,4
65986,62,61,1,1
65987,123,114,9,9
65988,108,115,-7,7
65989,73,75,-2,2
65990,92,84,8,8
65991,97,92,5,5
65992,94,91,3,3
65993,119,122,-3,3
65994,125,126,-1,1
65995,252,230,22,22
65996,124,127,-3,3
65997,76,85,-9,9
65998,120,122,-2,2
65999,83,86,-3,3
66000,82,84,-2,2
66001,93,99,-6,6
66002,56,58,-2,2
66003,78,93,-15,15
66004,121,153,-32,32
66005,100,91,9,9
66006,91,81,10,10
66007,66,65,1,1
66008,62,61,1,1
66009,72,71,1,1
66010,77,80,-3,3
66011,93,89,4,4
66012,176,166,10,10
66013,55,56,-1,1
66014,75,79,-4,4
66015,60,58,2,2
66016,143,122,21,21
66017,117,127,-10,10
66018,36,44,-8,8
66019,45,39,6,6
66020,96,98,-2,2
66021,81,89,-8,8
66022,106,102,4,4
66023,83,90,-7,7
66024,105,99,6,6
66025,80,88,-8,8
66026,43,41,2,2
66027,103,107,-4,4
66028,134,130,4,4
66029,53,54,-1,1
66030,115,108,7,7
66031,157,142,15,15
66032,67,75,-8,8
66033,104,124,-20,20
66034,148,151,-3,3
66035,116,111,5,5
66036,100,96,4,4
66037,63,66,-3,3
66038,71,77,-6,6
66039,71,63,8,8
66040,67,73,-6,6
66041,105,112,-7,7
66042,102,100,2,2
66043,53,54,-1,1
66044,71,72,-1,1
66045,115,123,-8,8
66046,105,100,5,5
66047,62,82,-20,20
66048,119,117,2,2
66049,151,142,9,9
66050,55,61,-6,6
66051,76,81,-5,5
66052,37,39,-2,2
66053,126,99,27,27
66054,116,95,21,21
66055,119,121,-2,2
66056,86,82,4,4
66057,64,72,-8,8
66058,53,59,-6,6
66059,108,100,8,8
66060,118,115,3,3
66061,126,130,-4,4
66062,71,69,2,2
66063,99,101,-2,2
66064,49,53,-4,4
66065,87,87,0,0
66066,75,68,7,7
66067,89,93,-4,4
66068,94,89,5,5
66069,100,91,9,9
66070,80,71,9,9
66071,78,77,1,1
66072,65,67,-2,2
66073,104,99,5,5
66074,111,121,-10,10
66075,182,153,29,29
66076,69,69,0,0
66077,67,64,3,3
66078,99,120,-21,21
66079,82,75,7,7
66080,99,85,14,14
66081,66,64,2,2
66082,162,160,2,2
66083,142,133,9,9
66084,84,86,-2,2
66085,70,85,-15,15
66086,106,104,2,2
66087,57,55,2,2
66088,89,83,6,6
66089,119,115,4,4
66090,90,86,4,4
66091,59,63,-4,4
66092,80,76,4,4
66093,113,109,4,4
66094,47,51,-4,4
66095,72,73,-1,1
66096,178,193,-15,15
66097,76,86,-10,10
66098,96,101,-5,5
66099,83,83,0,0
66100,63,63,0,0
66101,144,146,-2,2
66102,42,53,-11,11
66103,52,38,14,14
66104,125,115,10,10
66105,63,65,-2,2
66106,69,58,11,11
66107,78,71,7,7
66108,63,84,-21,21
66109,80,88,-8,8
66110,101,99,2,2
66111,187,156,31,31
66112,163,154,9,9
66113,109,115,-6,6
66114,101,113,-12,12
66115,86,90,-4,4
66116,72,86,-14,14
66117,142,177,-35,35
66118,99,87,12,12
66119,64,65,-1,1
66120,79,85,-6,6
66121,85,79,6,6
66122,107,87,20,20
66123,97,94,3,3
66124,116,114,2,2
66125,67,69,-2,2
66126,89,103,-14,14
66127,122,110,12,12
66128,140,142,-2,2
66129,62,58,4,4
66130,119,134,-15,15
66131,117,112,5,5
66132,104,117,-13,13
66133,47,52,-5,5
66134,73,73,0,0
66135,159,141,18,18
66136,101,104,-3,3
66137,77,66,11,11
66138,58,56,2,2
66139,78,81,-3,3
66140,97,91,6,6
66141,76,75,1,1
66142,88,90,-2,2
66143,64,62,2,2
66144,81,92,-11,11
66145,69,64,5,5
66146,115,135,-20,20
66147,65,88,-23,23
66148,76,65,11,11
66149,58,61,-3,3
66150,33,37,-4,4
66151,133,128,5,5
66152,45,70,-25,25
66153,123,129,-6,6
66154,100,98,2,2
66155,82,85,-3,3
66156,83,86,-3,3
66157,117,106,11,11
66158,74,66,8,8
66159,103,104,-1,1
66160,72,74,-2,2
66161,142,132,10,10
66162,121,110,11,11
66163,82,79,3,3
66164,80,80,0,0
66165,100,103,-3,3
66166,164,166,-2,2
66167,95,92,3,3
66168,57,59,-2,2
66169,81,74,7,7
66170,39,38,1,1
66171,123,122,1,1
66172,127,124,3,3
66173,82,82,0,0
66174,105,102,3,3
66175,72,69,3,3
66176,37,38,-1,1
66177,85,89,-4,4
66178,152,150,2,2
66179,80,75,5,5
66180,55,57,-2,2
66181,76,91,-15,15
66182,21,39,-18,18
66183,220,210,10,10
66184,159,146,13,13
66185,90,95,-5,5
66186,148,154,-6,6
66187,102,96,6,6
66188,83,79,4,4
66189,80,96,-16,16
66190,100,87,13,13
66191,111,102,9,9
66192,79,85,-6,6
66193,82,79,3,3
66194,82,80,2,2
66195,197,199,-2,2
66196,188,174,14,14
66197,177,191,-14,14
66198,76,76,0,0
66199,157,177,-20,20
66200,49,55,-6,6
66201,44,49,-5,5
66202,66,67,-1,1
66203,156,148,8,8
66204,111,121,-10,10
66205,69,76,-7,7
66206,188,188,0,0
66207,126,114,12,12
66208,73,69,4,4
66209,111,104,7,7
66210,94,87,7,7
66211,57,66,-9,9
66212,132,127,5,5
66213,164,165,-1,1
66214,55,55,0,0
66215,139,133,6,6
66216,77,71,6,6
66217,43,39,4,4
66218,96,89,7,7
66219,88,86,2,2
66220,74,72,2,2
66221,81,81,0,0
66222,84,87,-3,3
66223,100,99,1,1
66224,108,95,13,13
66225,44,56,-12,12
66226,77,83,-6,6
66227,79,83,-4,4
66228,111,113,-2,2
66229,86,86,0,0
66230,61,59,2,2
66231,85,83,2,2
66232,45,61,-16,16
66233,81,73,8,8
66234,159,151,8,8
66235,80,74,6,6
66236,94,87,7,7
66237,89,90,-1,1
66238,96,93,3,3
66239,95,86,9,9
66240,127,112,15,15
66241,71,62,9,9
66242,68,63,5,5
66243,80,87,-7,7
66244,122,119,3,3
66245,136,136,0,0
66246,95,94,1,1
66247,89,90,-1,1
66248,88,94,-6,6
66249,44,39,5,5
66250,121,114,7,7
66251,47,38,9,9
66252,72,67,5,5
66253,72,69,3,3
66254,145,165,-20,20
66255,77,78,-1,1
66256,129,143,-14,14
66257,65,69,-4,4
66258,121,119,2,2
66259,92,91,1,1
66260,100,107,-7,7
66261,36,39,-3,3
66262,122,119,3,3
66263,112,100,12,12
66264,76,73,3,3
66265,112,125,-13,13
66266,75,80,-5,5
66267,81,82,-1,1
66268,102,90,12,12
66269,43,52,-9,9
66270,92,93,-1,1
66271,118,104,14,14
66272,73,72,1,1
66273,179,192,-13,13
66274,63,67,-4,4
66275,128,138,-10,10
66276,161,166,-5,5
66277,178,161,17,17
66278,90,84,6,6
66279,74,76,-2,2
66280,74,77,-3,3
66281,95,101,-6,6
66282,98,101,-3,3
66283,94,89,5,5
66284,115,123,-8,8
66285,131,138,-7,7
66286,99,83,16,16
66287,87,87,0,0
66288,74,80,-6,6
66289,56,59,-3,3
66290,58,56,2,2
66291,77,84,-7,7
66292,122,111,11,11
66293,70,70,0,0
66294,40,50,-10,10
66295,106,111,-5,5
66296,100,103,-3,3
66297,73,75,-2,2
66298,72,65,7,7
66299,99,105,-6,6
66300,135,142,-7,7
66301,184,169,15,15
66302,50,66,-16,16
66303,77,78,-1,1
66304,48,51,-3,3
66305,76,74,2,2
66306,87,96,-9,9
66307,137,130,7,7
66308,110,118,-8,8
66309,84,87,-3,3
66310,74,79,-5,5
66311,83,73,10,10
66312,76,74,2,2
66313,107,138,-31,31
66314,78,71,7,7
66315,87,84,3,3
66316,64,67,-3,3
66317,60,61,-1,1
66318,94,101,-7,7
66319,80,74,6,6
66320,50,38,12,12
66321,54,53,1,1
66322,65,61,4,4
66323,101,113,-12,12
66324,89,85,4,4
66325,127,128,-1,1
66326,59,65,-6,6
66327,90,99,-9,9
66328,77,81,-4,4
66329,100,106,-6,6
66330,103,102,1,1
66331,33,54,-21,21
66332,61,57,4,4
66333,63,77,-14,14
66334,47,52,-5,5
66335,51,41,10,10
66336,141,145,-4,4
66337,74,69,5,5
66338,74,73,1,1
66339,85,86,-1,1
66340,149,139,10,10
66341,90,91,-1,1
66342,79,86,-7,7
66343,93,106,-13,13
66344,79,77,2,2
66345,146,147,-1,1
66346,81,80,1,1
66347,83,109,-26,26
66348,196,197,-1,1
66349,114,105,9,9
66350,102,99,3,3
66351,140,137,3,3
66352,46,39,7,7
66353,189,181,8,8
66354,102,104,-2,2
66355,96,91,5,5
66356,73,86,-13,13
66357,131,141,-10,10
66358,143,131,12,12
66359,94,107,-13,13
66360,95,95,0,0
66361,131,126,5,5
66362,138,130,8,8
66363,55,59,-4,4
66364,40,39,1,1
66365,97,90,7,7
66366,70,77,-7,7
66367,95,92,3,3
66368,86,79,7,7
66369,107,103,4,4
66370,45,56,-11,11
66371,107,109,-2,2
66372,77,69,8,8
66373,75,70,5,5
66374,85,84,1,1
66375,81,86,-5,5
66376,100,97,3,3
66377,65,73,-8,8
66378,57,59,-2,2
66379,61,55,6,6
66380,79,81,-2,2
66381,104,103,1,1
66382,106,109,-3,3
66383,55,55,0,0
66384,100,96,4,4
66385,89,90,-1,1
66386,73,70,3,3
66387,77,84,-7,7
66388,59,57,2,2
66389,71,74,-3,3
66390,52,65,-13,13
66391,58,55,3,3
66392,72,63,9,9
66393,90,85,5,5
66394,57,58,-1,1
66395,82,102,-20,20
66396,92,90,2,2
66397,88,77,11,11
66398,49,57,-8,8
66399,91,84,7,7
66400,171,165,6,6
66401,75,92,-17,17
66402,82,82,0,0
66403,74,71,3,3
66404,116,118,-2,2
66405,95,84,11,11
66406,116,105,11,11
66407,74,103,-29,29
66408,100,101,-1,1
66409,81,89,-8,8
66410,141,161,-20,20
66411,113,111,2,2
66412,100,94,6,6
66413,80,70,10,10
66414,96,90,6,6
66415,83,85,-2,2
66416,68,78,-10,10
66417,66,63,3,3
66418,73,72,1,1
66419,169,174,-5,5
66420,119,106,13,13
66421,82,95,-13,13
66422,85,84,1,1
66423,92,106,-14,14
66424,92,93,-1,1
66425,164,158,6,6
66426,131,135,-4,4
66427,106,126,-20,20
66428,72,69,3,3
66429,54,56,-2,2
66430,75,77,-2,2
66431,62,61,1,1
66432,89,89,0,0
66433,63,57,6,6
66434,87,82,5,5
66435,136,126,10,10
66436,79,77,2,2
66437,86,91,-5,5
66438,71,73,-2,2
66439,68,59,9,9
66440,127,124,3,3
66441,78,85,-7,7
66442,43,54,-11,11
66443,82,79,3,3
66444,61,61,0,0
66445,91,101,-10,10
66446,78,79,-1,1
66447,121,123,-2,2
66448,83,85,-2,2
66449,169,182,-13,13
66450,56,57,-1,1
66451,78,66,12,12
66452,73,76,-3,3
66453,66,69,-3,3
66454,67,61,6,6
66455,69,60,9,9
66456,96,99,-3,3
66457,118,111,7,7
66458,67,68,-1,1
66459,58,64,-6,6
66460,77,63,14,14
66461,164,155,9,9
66462,57,62,-5,5
66463,98,100,-2,2
66464,97,94,3,3
66465,58,60,-2,2
66466,107,111,-4,4
66467,70,76,-6,6
66468,121,112,9,9
66469,144,134,10,10
66470,157,158,-1,1
66471,113,117,-4,4
66472,66,64,2,2
66473,47,84,-37,37
66474,106,99,7,7
66475,77,81,-4,4
66476,180,185,-5,5
66477,55,53,2,2
66478,57,68,-11,11
66479,104,104,0,0
66480,120,118,2,2
66481,124,115,9,9
66482,157,166,-9,9
66483,185,189,-4,4
66484,63,63,0,0
66485,158,144,14,14
66486,161,170,-9,9
66487,61,61,0,0
66488,104,107,-3,3
66489,65,64,1,1
66490,174,172,2,2
66491,52,55,-3,3
66492,118,111,7,7
66493,89,88,1,1
66494,88,89,-1,1
66495,88,92,-4,4
66496,62,65,-3,3
66497,67,67,0,0
66498,118,116,2,2
66499,113,121,-8,8
66500,99,106,-7,7
66501,68,67,1,1
66502,50,39,11,11
66503,123,124,-1,1
66504,97,93,4,4
66505,93,108,-15,15
66506,132,118,14,14
66507,70,73,-3,3
66508,65,61,4,4
66509,80,97,-17,17
66510,79,77,2,2
66511,96,98,-2,2
66512,69,76,-7,7
66513,142,142,0,0
66514,126,128,-2,2
66515,88,114,-26,26
66516,57,53,4,4
66517,68,62,6,6
66518,97,109,-12,12
66519,128,132,-4,4
66520,129,144,-15,15
66521,92,90,2,2
66522,146,121,25,25
66523,83,86,-3,3
66524,92,87,5,5
66525,207,191,16,16
66526,40,51,-11,11
66527,92,96,-4,4
66528,95,110,-15,15
66529,107,102,5,5
66530,51,52,-1,1
66531,210,199,11,11
66532,73,71,2,2
66533,103,97,6,6
66534,120,119,1,1
66535,132,117,15,15
66536,112,106,6,6
66537,86,86,0,0
66538,195,196,-1,1
66539,69,69,0,0
66540,91,93,-2,2
66541,57,72,-15,15
66542,112,108,4,4
66543,72,83,-11,11
66544,90,85,5,5
66545,99,98,1,1
66546,46,39,7,7
66547,51,50,1,1
66548,107,105,2,2
66549,156,161,-5,5
66550,61,60,1,1
66551,88,85,3,3
66552,107,105,2,2
66553,121,110,11,11
66554,89,83,6,6
66555,99,104,-5,5
66556,87,93,-6,6
66557,46,51,-5,5
66558,152,158,-6,6
66559,67,67,0,0
66560,164,171,-7,7
66561,68,70,-2,2
66562,94,94,0,0
66563,60,65,-5,5
66564,205,189,16,16
66565,92,90,2,2
66566,95,91,4,4
66567,67,57,10,10
66568,55,59,-4,4
66569,151,140,11,11
66570,160,155,5,5
66571,29,39,-10,10
66572,108,106,2,2
66573,112,123,-11,11
66574,109,168,-59,59
66575,86,82,4,4
66576,75,78,-3,3
66577,60,64,-4,4
66578,64,72,-8,8
66579,64,85,-21,21
66580,110,116,-6,6
66581,81,90,-9,9
66582,79,80,-1,1
66583,124,116,8,8
66584,94,98,-4,4
66585,73,92,-19,19
66586,111,107,4,4
66587,107,105,2,2
66588,71,67,4,4
66589,125,127,-2,2
66590,123,112,11,11
66591,63,60,3,3
66592,98,100,-2,2
66593,101,91,10,10
66594,129,130,-1,1
66595,96,99,-3,3
66596,58,57,1,1
66597,162,166,-4,4
66598,48,48,0,0
66599,151,146,5,5
66600,67,65,2,2
66601,122,117,5,5
66602,100,102,-2,2
66603,135,148,-13,13
66604,213,186,27,27
66605,129,143,-14,14
66606,61,66,-5,5
66607,70,74,-4,4
66608,88,92,-4,4
66609,75,76,-1,1
66610,159,167,-8,8
66611,100,105,-5,5
66612,75,68,7,7
66613,120,140,-20,20
66614,70,72,-2,2
66615,129,118,11,11
66616,124,94,30,30
66617,105,100,5,5
66618,60,56,4,4
66619,76,67,9,9
66620,64,71,-7,7
66621,145,145,0,0
66622,95,111,-16,16
66623,104,114,-10,10
66624,148,143,5,5
66625,126,129,-3,3
66626,142,137,5,5
66627,67,66,1,1
66628,96,105,-9,9
66629,114,112,2,2
66630,47,56,-9,9
66631,125,128,-3,3
66632,66,66,0,0
66633,203,230,-27,27
66634,58,62,-4,4
66635,114,108,6,6
66636,100,123,-23,23
66637,92,101,-9,9
66638,114,124,-10,10
66639,67,69,-2,2
66640,56,50,6,6
66641,78,76,2,2
66642,62,62,0,0
66643,77,88,-11,11
66644,104,99,5,5
66645,37,39,-2,2
66646,94,92,2,2
66647,108,98,10,10
66648,42,40,2,2
66649,106,106,0,0
66650,74,69,5,5
66651,116,101,15,15
66652,77,64,13,13
66653,123,130,-7,7
66654,89,98,-9,9
66655,74,70,4,4
66656,118,117,1,1
66657,73,74,-1,1
66658,69,85,-16,16
66659,79,77,2,2
66660,58,63,-5,5
66661,172,149,23,23
66662,118,112,6,6
66663,140,133,7,7
66664,124,126,-2,2
66665,111,103,8,8
66666,88,99,-11,11
66667,90,120,-30,30
66668,59,53,6,6
66669,139,141,-2,2
66670,125,129,-4,4
66671,64,64,0,0
66672,147,139,8,8
66673,50,58,-8,8
66674,81,84,-3,3
66675,105,102,3,3
66676,63,67,-4,4
66677,87,94,-7,7
66678,90,84,6,6
66679,47,38,9,9
66680,134,132,2,2
66681,61,59,2,2
66682,73,91,-18,18
66683,73,63,10,10
66684,78,82,-4,4
66685,134,128,6,6
66686,51,47,4,4
66687,108,108,0,0
66688,96,95,1,1
66689,54,64,-10,10
66690,122,123,-1,1
66691,129,129,0,0
66692,86,76,10,10
66693,114,114,0,0
66694,70,73,-3,3
66695,79,83,-4,4
66696,56,56,0,0
66697,66,62,4,4
66698,89,87,2,2
66699,106,103,3,3
66700,77,79,-2,2
66701,82,78,4,4
66702,63,82,-19,19
66703,87,87,0,0
66704,119,129,-10,10
66705,146,141,5,5
66706,71,63,8,8
66707,70,77,-7,7
66708,82,86,-4,4
66709,72,74,-2,2
66710,91,95,-4,4
66711,57,72,-15,15
66712,68,66,2,2
66713,92,87,5,5
66714,71,69,2,2
66715,100,95,5,5
66716,106,96,10,10
66717,64,57,7,7
66718,58,64,-6,6
66719,74,71,3,3
66720,104,118,-14,14
66721,133,127,6,6
66722,59,56,3,3
66723,77,76,1,1
66724,90,88,2,2
66725,116,94,22,22
66726,94,91,3,3
66727,102,105,-3,3
66728,130,130,0,0
66729,115,116,-1,1
66730,79,74,5,5
66731,151,149,2,2
66732,88,98,-10,10
66733,188,177,11,11
66734,91,92,-1,1
66735,81,73,8,8
66736,74,76,-2,2
66737,80,77,3,3
66738,125,120,5,5
66739,140,137,3,3
66740,60,62,-2,2
66741,45,54,-9,9
66742,65,72,-7,7
66743,120,122,-2,2
66744,105,111,-6,6
66745,136,141,-5,5
66746,31,58,-27,27
66747,77,82,-5,5
66748,79,88,-9,9
66749,96,97,-1,1
66750,40,59,-19,19
66751,54,56,-2,2
66752,94,85,9,9
66753,83,105,-22,22
66754,54,57,-3,3
66755,92,94,-2,2
66756,146,133,13,13
66757,172,168,4,4
66758,62,59,3,3
66759,155,159,-4,4
66760,111,104,7,7
66761,99,97,2,2
66762,126,117,9,9
66763,55,55,0,0
66764,202,201,1,1
66765,60,63,-3,3
66766,97,89,8,8
66767,111,106,5,5
66768,114,115,-1,1
66769,81,76,5,5
66770,35,50,-15,15
66771,88,87,1,1
66772,62,63,-1,1
66773,84,88,-4,4
66774,96,89,7,7
66775,105,106,-1,1
66776,67,69,-2,2
66777,68,77,-9,9
66778,75,75,0,0
66779,64,67,-3,3
66780,165,151,14,14
66781,92,125,-33,33
66782,136,122,14,14
66783,93,95,-2,2
66784,58,52,6,6
66785,72,72,0,0
66786,87,89,-2,2
66787,53,57,-4,4
66788,138,135,3,3
66789,98,104,-6,6
66790,81,83,-2,2
66791,82,85,-3,3
66792,140,152,-12,12
66793,92,90,2,2
66794,116,117,-1,1
66795,169,165,4,4
66796,76,84,-8,8
66797,70,67,3,3
66798,206,192,14,14
66799,118,112,6,6
66800,82,87,-5,5
66801,143,140,3,3
66802,113,107,6,6
66803,82,82,0,0
66804,72,72,0,0
66805,53,52,1,1
66806,38,53,-15,15
66807,102,100,2,2
66808,98,106,-8,8
66809,60,68,-8,8
66810,133,129,4,4
66811,108,101,7,7
66812,103,97,6,6
66813,58,60,-2,2
66814,80,82,-2,2
66815,72,71,1,1
66816,103,96,7,7
66817,115,126,-11,11
66818,66,74,-8,8
66819,134,136,-2,2
66820,129,124,5,5
66821,82,82,0,0
66822,92,91,1,1
66823,72,68,4,4
66824,156,155,1,1
66825,97,99,-2,2
66826,80,83,-3,3
66827,110,95,15,15
66828,112,104,8,8
66829,73,70,3,3
66830,93,100,-7,7
66831,84,96,-12,12
66832,69,62,7,7
66833,63,74,-11,11
66834,97,99,-2,2
66835,51,61,-10,10
66836,117,116,1,1
66837,102,116,-14,14
66838,63,65,-2,2
66839,90,114,-24,24
66840,75,75,0,0
66841,31,78,-47,47
66842,118,124,-6,6
66843,110,126,-16,16
66844,126,125,1,1
66845,132,141,-9,9
66846,94,90,4,4
66847,55,65,-10,10
66848,119,111,8,8
66849,47,49,-2,2
66850,152,139,13,13
66851,38,59,-21,21
66852,96,113,-17,17
66853,79,70,9,9
66854,63,58,5,5
66855,120,124,-4,4
66856,97,90,7,7
66857,65,61,4,4
66858,108,106,2,2
66859,146,147,-1,1
66860,99,105,-6,6
66861,50,52,-2,2
66862,98,98,0,0
66863,61,56,5,5
66864,67,69,-2,2
66865,102,99,3,3
66866,98,94,4,4
66867,127,121,6,6
66868,134,128,6,6
66869,107,103,4,4
66870,62,64,-2,2
66871,83,84,-1,1
66872,41,39,2,2
66873,65,73,-8,8
66874,73,78,-5,5
66875,81,80,1,1
66876,85,81,4,4
66877,85,74,11,11
66878,117,116,1,1
66879,128,135,-7,7
66880,89,90,-1,1
66881,42,39,3,3
66882,125,146,-21,21
66883,68,67,1,1
66884,72,80,-8,8
66885,96,97,-1,1
66886,134,137,-3,3
66887,122,126,-4,4
66888,87,92,-5,5
66889,54,56,-2,2
66890,79,81,-2,2
66891,148,137,11,11
66892,66,69,-3,3
66893,142,135,7,7
66894,106,95,11,11
66895,48,48,0,0
66896,57,70,-13,13
66897,126,124,2,2
66898,51,57,-6,6
66899,109,123,-14,14
66900,106,112,-6,6
66901,102,102,0,0
66902,94,92,2,2
66903,112,112,0,0
66904,140,132,8,8
66905,117,119,-2,2
66906,112,96,16,16
66907,49,66,-17,17
66908,156,151,5,5
66909,89,85,4,4
66910,74,78,-4,4
66911,67,72,-5,5
66912,70,82,-12,12
66913,93,101,-8,8
66914,93,95,-2,2
66915,101,105,-4,4
66916,76,86,-10,10
66917,67,66,1,1
66918,106,103,3,3
66919,72,81,-9,9
66920,65,63,2,2
66921,87,88,-1,1
66922,89,88,1,1
66923,257,276,-19,19
66924,175,180,-5,5
66925,69,63,6,6
66926,76,68,8,8
66927,65,60,5,5
66928,153,149,4,4
66929,68,71,-3,3
66930,116,110,6,6
66931,114,123,-9,9
66932,76,79,-3,3
66933,65,62,3,3
66934,104,103,1,1
66935,148,143,5,5
66936,43,38,5,5
66937,90,88,2,2
66938,99,97,2,2
66939,128,134,-6,6
66940,110,112,-2,2
66941,42,54,-12,12
66942,120,122,-2,2
66943,135,114,21,21
66944,134,141,-7,7
66945,116,123,-7,7
66946,138,126,12,12
66947,125,115,10,10
66948,43,38,5,5
66949,89,81,8,8
66950,126,108,18,18
66951,90,85,5,5
66952,77,78,-1,1
66953,91,92,-1,1
66954,120,112,8,8
66955,63,60,3,3
66956,88,85,3,3
66957,50,52,-2,2
66958,110,113,-3,3
66959,71,66,5,5
66960,81,80,1,1
66961,120,117,3,3
66962,94,92,2,2
66963,51,58,-7,7
66964,84,88,-4,4
66965,96,99,-3,3
66966,179,171,8,8
66967,57,57,0,0
66968,114,118,-4,4
66969,111,118,-7,7
66970,111,103,8,8
66971,101,96,5,5
66972,53,50,3,3
66973,97,100,-3,3
66974,98,92,6,6
66975,50,53,-3,3
66976,82,83,-1,1
66977,108,100,8,8
66978,59,62,-3,3
66979,69,67,2,2
66980,68,66,2,2
66981,69,78,-9,9
66982,73,77,-4,4
66983,28,39,-11,11
66984,75,73,2,2
66985,68,65,3,3
66986,110,110,0,0
66987,99,104,-5,5
66988,72,72,0,0
66989,74,73,1,1
66990,70,73,-3,3
66991,109,99,10,10
66992,191,194,-3,3
66993,54,52,2,2
66994,119,123,-4,4
66995,76,82,-6,6
66996,174,174,0,0
66997,87,85,2,2
66998,88,88,0,0
66999,53,55,-2,2
67000,75,76,-1,1
67001,68,61,7,7
67002,118,124,-6,6
67003,114,107,7,7
67004,101,102,-1,1
67005,102,103,-1,1
67006,82,85,-3,3
67007,100,104,-4,4
67008,134,136,-2,2
67009,140,145,-5,5
67010,109,117,-8,8
67011,124,123,1,1
67012,157,140,17,17
67013,67,69,-2,2
67014,117,119,-2,2
67015,64,63,1,1
67016,89,97,-8,8
67017,52,39,13,13
67018,126,126,0,0
67019,99,100,-1,1
67020,82,80,2,2
67021,96,80,16,16
67022,85,80,5,5
67023,68,84,-16,16
67024,132,126,6,6
67025,148,142,6,6
67026,56,55,1,1
67027,173,181,-8,8
67028,115,118,-3,3
67029,99,100,-1,1
67030,115,126,-11,11
67031,71,74,-3,3
67032,141,140,1,1
67033,111,110,1,1
67034,53,56,-3,3
67035,279,221,58,58
67036,101,88,13,13
67037,93,92,1,1
67038,71,66,5,5
67039,163,164,-1,1
67040,52,49,3,3
67041,109,108,1,1
67042,80,91,-11,11
67043,72,109,-37,37
67044,72,69,3,3
67045,87,86,1,1
67046,82,88,-6,6
67047,74,77,-3,3
67048,156,150,6,6
67049,133,128,5,5
67050,123,118,5,5
67051,63,62,1,1
67052,70,72,-2,2
67053,40,39,1,1
67054,76,84,-8,8
67055,201,202,-1,1
67056,76,85,-9,9
67057,109,117,-8,8
67058,116,119,-3,3
67059,45,39,6,6
67060,59,58,1,1
67061,104,94,10,10
67062,122,158,-36,36
67063,108,98,10,10
67064,59,64,-5,5
67065,111,122,-11,11
67066,47,46,1,1
67067,123,125,-2,2
67068,127,120,7,7
67069,98,100,-2,2
67070,90,92,-2,2
67071,70,73,-3,3
67072,102,100,2,2
67073,101,101,0,0
67074,72,90,-18,18
67075,86,105,-19,19
67076,77,81,-4,4
67077,175,158,17,17
67078,85,87,-2,2
67079,109,109,0,0
67080,143,138,5,5
67081,79,87,-8,8
67082,81,82,-1,1
67083,110,101,9,9
67084,68,77,-9,9
67085,107,104,3,3
67086,115,114,1,1
67087,120,124,-4,4
67088,67,69,-2,2
67089,95,95,0,0
67090,116,115,1,1
67091,83,86,-3,3
67092,97,92,5,5
67093,85,90,-5,5
67094,91,101,-10,10
67095,147,141,6,6
67096,60,65,-5,5
67097,104,100,4,4
67098,99,99,0,0
67099,142,132,10,10
67100,65,65,0,0
67101,58,60,-2,2
67102,81,88,-7,7
67103,85,83,2,2
67104,158,156,2,2
67105,57,54,3,3
67106,32,39,-7,7
67107,161,156,5,5
67108,139,134,5,5
67109,123,117,6,6
67110,141,147,-6,6
67111,127,128,-1,1
67112,65,65,0,0
67113,177,171,6,6
67114,131,128,3,3
67115,140,136,4,4
67116,51,54,-3,3
67117,85,89,-4,4
67118,75,74,1,1
67119,103,102,1,1
67120,155,139,16,16
67121,85,82,3,3
67122,72,72,0,0
67123,80,69,11,11
67124,62,62,0,0
67125,58,60,-2,2
67126,53,58,-5,5
67127,76,87,-11,11
67128,117,122,-5,5
67129,75,70,5,5
67130,138,135,3,3
67131,82,78,4,4
67132,79,81,-2,2
67133,83,92,-9,9
67134,79,76,3,3
67135,141,135,6,6
67136,76,67,9,9
67137,165,158,7,7
67138,150,157,-7,7
67139,65,62,3,3
67140,37,38,-1,1
67141,55,55,0,0
67142,227,221,6,6
67143,82,87,-5,5
67144,70,68,2,2
67145,57,57,0,0
67146,73,68,5,5
67147,78,73,5,5
67148,58,58,0,0
67149,87,87,0,0
67150,48,56,-8,8
67151,127,132,-5,5
67152,65,58,7,7
67153,111,98,13,13
67154,74,76,-2,2
67155,103,97,6,6
67156,91,83,8,8
67157,188,210,-22,22
67158,98,112,-14,14
67159,86,84,2,2
67160,68,63,5,5
67161,99,99,0,0
67162,68,67,1,1
67163,87,84,3,3
67164,110,113,-3,3
67165,53,59,-6,6
67166,75,74,1,1
67167,113,112,1,1
67168,103,125,-22,22
67169,48,57,-9,9
67170,180,172,8,8
67171,67,76,-9,9
67172,69,72,-3,3
67173,114,126,-12,12
67174,82,77,5,5
67175,152,149,3,3
67176,108,111,-3,3
67177,126,127,-1,1
67178,126,141,-15,15
67179,68,71,-3,3
67180,111,106,5,5
67181,127,116,11,11
67182,106,100,6,6
67183,93,104,-11,11
67184,134,139,-5,5
67185,65,69,-4,4
67186,129,114,15,15
67187,84,88,-4,4
67188,64,65,-1,1
67189,147,144,3,3
67190,123,120,3,3
67191,102,100,2,2
67192,66,59,7,7
67193,56,60,-4,4
67194,99,111,-12,12
67195,92,86,6,6
67196,96,96,0,0
67197,125,141,-16,16
67198,85,82,3,3
67199,100,98,2,2
67200,77,82,-5,5
67201,69,69,0,0
67202,95,96,-1,1
67203,87,84,3,3
67204,112,111,1,1
67205,124,124,0,0
67206,99,92,7,7
67207,65,59,6,6
67208,119,99,20,20
67209,66,69,-3,3
67210,89,85,4,4
67211,139,129,10,10
67212,111,100,11,11
67213,81,93,-12,12
67214,100,98,2,2
67215,82,76,6,6
67216,145,161,-16,16
67217,91,95,-4,4
67218,187,192,-5,5
67219,84,86,-2,2
67220,45,50,-5,5
67221,116,117,-1,1
67222,69,67,2,2
67223,80,85,-5,5
67224,44,39,5,5
67225,93,101,-8,8
67226,58,56,2,2
67227,74,78,-4,4
67228,74,72,2,2
67229,99,115,-16,16
67230,93,97,-4,4
67231,67,61,6,6
67232,108,110,-2,2
67233,108,117,-9,9
67234,116,102,14,14
67235,127,111,16,16
67236,98,93,5,5
67237,115,124,-9,9
67238,131,131,0,0
67239,185,175,10,10
67240,120,106,14,14
67241,75,78,-3,3
67242,165,139,26,26
67243,44,74,-30,30
67244,82,84,-2,2
67245,66,76,-10,10
67246,72,73,-1,1
67247,137,131,6,6
67248,66,72,-6,6
67249,79,96,-17,17
67250,48,52,-4,4
67251,76,78,-2,2
67252,87,84,3,3
67253,90,85,5,5
67254,67,70,-3,3
67255,139,140,-1,1
67256,52,55,-3,3
67257,97,90,7,7
67258,135,129,6,6
67259,60,51,9,9
67260,65,66,-1,1
67261,61,57,4,4
67262,175,169,6,6
67263,146,134,12,12
67264,64,77,-13,13
67265,122,123,-1,1
67266,66,67,-1,1
67267,62,61,1,1
67268,97,102,-5,5
67269,117,126,-9,9
67270,72,77,-5,5
67271,66,84,-18,18
67272,147,134,13,13
67273,139,131,8,8
67274,143,154,-11,11
67275,106,107,-1,1
67276,81,95,-14,14
67277,85,73,12,12
67278,112,104,8,8
67279,74,87,-13,13
67280,157,151,6,6
67281,76,72,4,4
67282,69,65,4,4
67283,133,129,4,4
67284,79,90,-11,11
67285,58,59,-1,1
67286,111,114,-3,3
67287,195,178,17,17
67288,129,115,14,14
67289,58,76,-18,18
67290,101,111,-10,10
67291,186,184,2,2
67292,76,66,10,10
67293,72,71,1,1
67294,100,109,-9,9
67295,60,61,-1,1
67296,59,62,-3,3
67297,118,116,2,2
67298,195,180,15,15
67299,92,88,4,4
67300,245,253,-8,8
67301,102,113,-11,11
67302,84,87,-3,3
67303,95,94,1,1
67304,126,122,4,4
67305,101,93,8,8
67306,192,181,11,11
67307,118,121,-3,3
67308,72,80,-8,8
67309,66,67,-1,1
67310,72,74,-2,2
67311,75,73,2,2
67312,47,50,-3,3
67313,53,56,-3,3
67314,75,85,-10,10
67315,77,93,-16,16
67316,133,145,-12,12
67317,66,66,0,0
67318,122,129,-7,7
67319,151,155,-4,4
67320,95,113,-18,18
67321,70,80,-10,10
67322,66,64,2,2
67323,101,98,3,3
67324,92,87,5,5
67325,94,87,7,7
67326,80,73,7,7
67327,86,92,-6,6
67328,99,92,7,7
67329,167,155,12,12
67330,104,96,8,8
67331,92,85,7,7
67332,82,93,-11,11
67333,93,90,3,3
67334,57,57,0,0
67335,80,78,2,2
67336,154,137,17,17
67337,92,89,3,3
67338,121,110,11,11
67339,90,101,-11,11
67340,94,94,0,0
67341,100,101,-1,1
67342,55,58,-3,3
67343,179,184,-5,5
67344,157,145,12,12
67345,58,71,-13,13
67346,94,109,-15,15
67347,85,81,4,4
67348,55,62,-7,7
67349,72,62,10,10
67350,114,116,-2,2
67351,99,99,0,0
67352,75,69,6,6
67353,45,39,6,6
67354,58,56,2,2
67355,110,109,1,1
67356,69,75,-6,6
67357,68,65,3,3
67358,102,94,8,8
67359,77,80,-3,3
67360,85,83,2,2
67361,112,110,2,2
67362,40,39,1,1
67363,73,77,-4,4
67364,76,84,-8,8
67365,65,65,0,0
67366,72,87,-15,15
67367,89,112,-23,23
67368,110,117,-7,7
67369,91,90,1,1
67370,59,87,-28,28
67371,90,83,7,7
67372,84,85,-1,1
67373,130,126,4,4
67374,63,59,4,4
67375,63,64,-1,1
67376,87,85,2,2
67377,106,117,-11,11
67378,145,139,6,6
67379,128,133,-5,5
67380,81,85,-4,4
67381,111,99,12,12
67382,76,84,-8,8
67383,53,61,-8,8
67384,82,79,3,3
67385,100,99,1,1
67386,74,90,-16,16
67387,105,109,-4,4
67388,58,57,1,1
67389,102,106,-4,4
67390,113,107,6,6
67391,99,105,-6,6
67392,113,112,1,1
67393,55,55,0,0
67394,98,90,8,8
67395,108,115,-7,7
67396,54,53,1,1
67397,99,98,1,1
67398,78,79,-1,1
67399,68,69,-1,1
67400,45,38,7,7
67401,71,77,-6,6
67402,216,208,8,8
67403,103,103,0,0
67404,77,79,-2,2
67405,64,65,-1,1
67406,108,114,-6,6
67407,106,91,15,15
67408,124,111,13,13
67409,71,69,2,2
67410,91,83,8,8
67411,80,86,-6,6
67412,122,123,-1,1
67413,105,106,-1,1
67414,80,83,-3,3
67415,142,125,17,17
67416,64,91,-27,27
67417,95,79,16,16
67418,112,124,-12,12
67419,83,77,6,6
67420,147,141,6,6
67421,47,50,-3,3
67422,80,85,-5,5
67423,104,115,-11,11
67424,71,74,-3,3
67425,67,64,3,3
67426,69,72,-3,3
67427,82,84,-2,2
67428,85,80,5,5
67429,144,147,-3,3
67430,81,88,-7,7
67431,141,145,-4,4
67432,86,83,3,3
67433,176,180,-4,4
67434,74,66,8,8
67435,91,89,2,2
67436,102,86,16,16
67437,74,68,6,6
67438,97,94,3,3
67439,60,64,-4,4
67440,97,99,-2,2
67441,119,119,0,0
67442,97,103,-6,6
67443,70,70,0,0
67444,102,92,10,10
67445,61,65,-4,4
67446,86,76,10,10
67447,45,48,-3,3
67448,51,52,-1,1
67449,130,135,-5,5
67450,74,78,-4,4
67451,78,82,-4,4
67452,163,168,-5,5
67453,52,62,-10,10
67454,99,104,-5,5
67455,84,88,-4,4
67456,109,103,6,6
67457,84,85,-1,1
67458,88,99,-11,11
67459,117,113,4,4
67460,186,180,6,6
67461,55,53,2,2
67462,65,80,-15,15
67463,119,136,-17,17
67464,71,72,-1,1
67465,87,81,6,6
67466,51,56,-5,5
67467,46,49,-3,3
67468,61,62,-1,1
67469,103,92,11,11
67470,84,83,1,1
67471,56,58,-2,2
67472,73,75,-2,2
67473,84,83,1,1
67474,127,113,14,14
67475,178,182,-4,4
67476,71,73,-2,2
67477,107,105,2,2
67478,111,103,8,8
67479,69,71,-2,2
67480,94,96,-2,2
67481,45,53,-8,8
67482,94,98,-4,4
67483,120,127,-7,7
67484,63,65,-2,2
67485,78,70,8,8
67486,40,39,1,1
67487,114,109,5,5
67488,112,106,6,6
67489,152,148,4,4
67490,184,163,21,21
67491,84,81,3,3
67492,122,114,8,8
67493,108,100,8,8
67494,64,65,-1,1
67495,114,113,1,1
67496,143,151,-8,8
67497,97,87,10,10
67498,99,97,2,2
67499,145,157,-12,12
67500,63,64,-1,1
67501,111,115,-4,4
67502,68,74,-6,6
67503,108,120,-12,12
67504,94,82,12,12
67505,77,79,-2,2
67506,49,52,-3,3
67507,82,83,-1,1
67508,66,64,2,2
67509,74,67,7,7
67510,142,152,-10,10
67511,82,89,-7,7
67512,87,84,3,3
67513,78,80,-2,2
67514,58,60,-2,2
67515,108,109,-1,1
67516,50,82,-32,32
67517,170,170,0,0
67518,74,76,-2,2
67519,102,103,-1,1
67520,95,94,1,1
67521,90,83,7,7
67522,118,117,1,1
67523,70,65,5,5
67524,111,111,0,0
67525,96,107,-11,11
67526,81,80,1,1
67527,110,104,6,6
67528,94,91,3,3
67529,99,105,-6,6
67530,107,111,-4,4
67531,129,137,-8,8
67532,135,124,11,11
67533,123,115,8,8
67534,67,69,-2,2
67535,79,82,-3,3
67536,91,99,-8,8
67537,72,69,3,3
67538,150,166,-16,16
67539,117,128,-11,11
67540,60,63,-3,3
67541,102,108,-6,6
67542,32,39,-7,7
67543,65,65,0,0
67544,163,164,-1,1
67545,99,92,7,7
67546,76,74,2,2
67547,146,135,11,11
67548,137,132,5,5
67549,131,134,-3,3
67550,152,146,6,6
67551,93,109,-16,16
67552,78,76,2,2
67553,83,80,3,3
67554,109,101,8,8
67555,134,148,-14,14
67556,56,72,-16,16
67557,82,83,-1,1
67558,50,39,11,11
67559,104,102,2,2
67560,78,84,-6,6
67561,60,61,-1,1
67562,137,129,8,8
67563,64,60,4,4
67564,144,147,-3,3
67565,49,50,-1,1
67566,104,100,4,4
67567,66,65,1,1
67568,71,68,3,3
67569,128,121,7,7
67570,84,105,-21,21
67571,141,153,-12,12
67572,97,91,6,6
67573,52,40,12,12
67574,74,72,2,2
67575,98,117,-19,19
67576,71,68,3,3
67577,56,57,-1,1
67578,71,76,-5,5
67579,123,118,5,5
67580,146,130,16,16
67581,77,77,0,0
67582,68,72,-4,4
67583,110,96,14,14
67584,85,85,0,0
67585,162,133,29,29
67586,105,93,12,12
67587,68,66,2,2
67588,100,90,10,10
67589,103,99,4,4
67590,121,111,10,10
67591,96,86,10,10
67592,199,181,18,18
67593,83,85,-2,2
67594,91,90,1,1
67595,61,62,-1,1
67596,103,111,-8,8
67597,95,96,-1,1
67598,68,71,-3,3
67599,94,91,3,3
67600,54,55,-1,1
67601,160,137,23,23
67602,123,114,9,9
67603,154,143,11,11
67604,48,55,-7,7
67605,66,70,-4,4
67606,81,82,-1,1
67607,56,57,-1,1
67608,160,146,14,14
67609,121,154,-33,33
67610,103,89,14,14
67611,126,122,4,4
67612,82,80,2,2
67613,63,75,-12,12
67614,88,88,0,0
67615,111,119,-8,8
67616,139,136,3,3
67617,103,101,2,2
67618,74,79,-5,5
67619,133,124,9,9
67620,49,54,-5,5
67621,93,90,3,3
67622,86,85,1,1
67623,77,67,10,10
67624,56,69,-13,13
67625,66,61,5,5
67626,132,128,4,4
67627,149,136,13,13
67628,39,39,0,0
67629,117,115,2,2
67630,98,97,1,1
67631,59,58,1,1
67632,146,147,-1,1
67633,106,95,11,11
67634,63,67,-4,4
67635,90,94,-4,4
67636,73,78,-5,5
67637,80,76,4,4
67638,89,86,3,3
67639,88,87,1,1
67640,51,51,0,0
67641,85,85,0,0
67642,106,126,-20,20
67643,136,131,5,5
67644,46,48,-2,2
67645,107,113,-6,6
67646,154,164,-10,10
67647,109,109,0,0
67648,79,76,3,3
67649,94,84,10,10
67650,64,64,0,0
67651,63,57,6,6
67652,62,60,2,2
67653,58,62,-4,4
67654,48,50,-2,2
67655,67,69,-2,2
67656,74,72,2,2
67657,94,92,2,2
67658,75,72,3,3
67659,158,147,11,11
67660,134,125,9,9
67661,189,181,8,8
67662,62,70,-8,8
67663,73,70,3,3
67664,89,94,-5,5
67665,42,42,0,0
67666,129,120,9,9
67667,65,78,-13,13
67668,49,52,-3,3
67669,163,155,8,8
67670,93,90,3,3
67671,185,176,9,9
67672,91,92,-1,1
67673,43,39,4,4
67674,163,167,-4,4
67675,65,67,-2,2
67676,49,38,11,11
67677,62,60,2,2
67678,123,136,-13,13
67679,78,80,-2,2
67680,144,137,7,7
67681,75,103,-28,28
67682,83,79,4,4
67683,122,98,24,24
67684,92,94,-2,2
67685,101,102,-1,1
67686,75,86,-11,11
67687,130,119,11,11
67688,160,160,0,0
67689,58,60,-2,2
67690,154,150,4,4
67691,101,95,6,6
67692,54,63,-9,9
67693,177,181,-4,4
67694,198,189,9,9
67695,98,107,-9,9
67696,87,100,-13,13
67697,116,114,2,2
67698,63,59,4,4
67699,95,90,5,5
67700,57,57,0,0
67701,64,57,7,7
67702,69,59,10,10
67703,79,79,0,0
67704,89,103,-14,14
67705,53,60,-7,7
67706,94,98,-4,4
67707,85,95,-10,10
67708,85,84,1,1
67709,80,92,-12,12
67710,80,90,-10,10
67711,95,90,5,5
67712,95,91,4,4
67713,72,76,-4,4
67714,59,62,-3,3
67715,122,105,17,17
67716,76,73,3,3
67717,103,96,7,7
67718,80,83,-3,3
67719,84,86,-2,2
67720,108,108,0,0
67721,94,94,0,0
67722,128,126,2,2
67723,121,123,-2,2
67724,156,143,13,13
67725,120,116,4,4
67726,97,100,-3,3
67727,87,103,-16,16
67728,116,112,4,4
67729,48,38,10,10
67730,139,142,-3,3
67731,93,87,6,6
67732,184,201,-17,17
67733,62,58,4,4
67734,116,126,-10,10
67735,114,107,7,7
67736,104,99,5,5
67737,94,101,-7,7
67738,169,171,-2,2
67739,89,92,-3,3
67740,91,99,-8,8
67741,97,100,-3,3
67742,111,111,0,0
67743,69,68,1,1
67744,120,118,2,2
67745,105,126,-21,21
67746,99,101,-2,2
67747,37,63,-26,26
67748,105,92,13,13
67749,69,74,-5,5
67750,67,64,3,3
67751,31,36,-5,5
67752,60,64,-4,4
67753,90,95,-5,5
67754,74,72,2,2
67755,123,116,7,7
67756,97,101,-4,4
67757,55,50,5,5
67758,127,125,2,2
67759,122,121,1,1
67760,103,102,1,1
67761,141,141,0,0
67762,67,65,2,2
67763,113,121,-8,8
67764,135,138,-3,3
67765,203,195,8,8
67766,88,91,-3,3
67767,94,103,-9,9
67768,103,104,-1,1
67769,86,85,1,1
67770,143,144,-1,1
67771,52,49,3,3
67772,75,87,-12,12
67773,114,124,-10,10
67774,92,84,8,8
67775,113,110,3,3
67776,123,125,-2,2
67777,68,75,-7,7
67778,86,97,-11,11
67779,27,37,-10,10
67780,126,130,-4,4
67781,89,87,2,2
67782,113,104,9,9
67783,106,103,3,3
67784,90,86,4,4
67785,82,73,9,9
67786,88,94,-6,6
67787,97,93,4,4
67788,141,133,8,8
67789,123,114,9,9
67790,188,201,-13,13
67791,108,114,-6,6
67792,73,72,1,1
67793,104,107,-3,3
67794,87,90,-3,3
67795,78,83,-5,5
67796,75,72,3,3
67797,153,144,9,9
67798,74,68,6,6
67799,129,117,12,12
67800,117,109,8,8
67801,82,87,-5,5
67802,103,101,2,2
67803,93,82,11,11
67804,89,90,-1,1
67805,44,57,-13,13
67806,76,75,1,1
67807,79,95,-16,16
67808,87,88,-1,1
67809,38,39,-1,1
67810,120,124,-4,4
67811,88,92,-4,4
67812,155,143,12,12
67813,120,108,12,12
67814,89,83,6,6
67815,100,96,4,4
67816,66,62,4,4
67817,85,93,-8,8
67818,90,77,13,13
67819,126,123,3,3
67820,153,136,17,17
67821,83,81,2,2
67822,113,106,7,7
67823,88,92,-4,4
67824,152,161,-9,9
67825,104,99,5,5
67826,75,72,3,3
67827,48,40,8,8
67828,127,115,12,12
67829,79,73,6,6
67830,117,119,-2,2
67831,63,65,-2,2
67832,113,122,-9,9
67833,143,164,-21,21
67834,110,110,0,0
67835,75,87,-12,12
67836,48,54,-6,6
67837,64,90,-26,26
67838,99,101,-2,2
67839,91,87,4,4
67840,111,104,7,7
67841,89,88,1,1
67842,141,139,2,2
67843,101,94,7,7
67844,74,69,5,5
67845,124,111,13,13
67846,115,121,-6,6
67847,94,103,-9,9
67848,110,115,-5,5
67849,70,72,-2,2
67850,89,97,-8,8
67851,53,53,0,0
67852,85,95,-10,10
67853,166,157,9,9
67854,77,71,6,6
67855,76,69,7,7
67856,137,149,-12,12
67857,79,88,-9,9
67858,144,123,21,21
67859,57,50,7,7
67860,102,103,-1,1
67861,77,77,0,0
67862,105,117,-12,12
67863,99,95,4,4
67864,40,39,1,1
67865,96,94,2,2
67866,99,104,-5,5
67867,69,65,4,4
67868,111,104,7,7
67869,119,126,-7,7
67870,152,149,3,3
67871,138,135,3,3
67872,146,163,-17,17
67873,79,100,-21,21
67874,113,109,4,4
67875,65,72,-7,7
67876,135,123,12,12
67877,58,39,19,19
67878,68,76,-8,8
67879,103,96,7,7
67880,110,117,-7,7
67881,57,59,-2,2
67882,191,184,7,7
67883,87,82,5,5
67884,130,121,9,9
67885,94,94,0,0
67886,101,106,-5,5
67887,52,39,13,13
67888,134,135,-1,1
67889,75,72,3,3
67890,91,98,-7,7
67891,109,108,1,1
67892,96,91,5,5
67893,55,54,1,1
67894,114,110,4,4
67895,159,151,8,8
67896,74,72,2,2
67897,89,100,-11,11
67898,45,52,-7,7
67899,50,68,-18,18
67900,78,73,5,5
67901,136,144,-8,8
67902,81,80,1,1
67903,104,94,10,10
67904,42,39,3,3
67905,45,39,6,6
67906,91,80,11,11
67907,81,82,-1,1
67908,73,74,-1,1
67909,163,157,6,6
67910,62,59,3,3
67911,62,82,-20,20
67912,117,106,11,11
67913,91,95,-4,4
67914,81,93,-12,12
67915,183,165,18,18
67916,115,116,-1,1
67917,45,39,6,6
67918,67,67,0,0
67919,73,69,4,4
67920,115,116,-1,1
67921,143,136,7,7
67922,122,113,9,9
67923,158,144,14,14
67924,132,131,1,1
67925,56,56,0,0
67926,138,141,-3,3
67927,128,120,8,8
67928,170,161,9,9
67929,101,100,1,1
67930,147,146,1,1
67931,116,119,-3,3
67932,97,119,-22,22
67933,116,123,-7,7
67934,73,71,2,2
67935,58,55,3,3
67936,99,92,7,7
67937,148,157,-9,9
67938,56,55,1,1
67939,144,152,-8,8
67940,73,67,6,6
67941,124,137,-13,13
67942,58,87,-29,29
67943,72,74,-2,2
67944,57,53,4,4
67945,77,67,10,10
67946,93,87,6,6
67947,136,134,2,2
67948,56,57,-1,1
67949,106,99,7,7
67950,68,62,6,6
67951,107,107,0,0
67952,137,135,2,2
67953,51,54,-3,3
67954,161,162,-1,1
67955,75,71,4,4
67956,207,191,16,16
67957,134,144,-10,10
67958,139,140,-1,1
67959,85,87,-2,2
67960,64,65,-1,1
67961,57,58,-1,1
67962,87,86,1,1
67963,143,140,3,3
67964,89,90,-1,1
67965,78,71,7,7
67966,73,93,-20,20
67967,188,206,-18,18
67968,115,100,15,15
67969,119,97,22,22
67970,74,79,-5,5
67971,96,102,-6,6
67972,64,65,-1,1
67973,117,115,2,2
67974,127,133,-6,6
67975,70,74,-4,4
67976,97,107,-10,10
67977,163,170,-7,7
67978,143,133,10,10
67979,69,77,-8,8
67980,98,109,-11,11
67981,87,85,2,2
67982,100,101,-1,1
67983,111,122,-11,11
67984,129,138,-9,9
67985,94,83,11,11
67986,124,124,0,0
67987,70,75,-5,5
67988,64,62,2,2
67989,131,126,5,5
67990,81,91,-10,10
67991,121,114,7,7
67992,139,134,5,5
67993,49,54,-5,5
67994,54,57,-3,3
67995,109,113,-4,4
67996,71,77,-6,6
67997,124,111,13,13
67998,110,100,10,10
67999,103,108,-5,5
68000,104,116,-12,12
68001,95,116,-21,21
68002,85,75,10,10
68003,83,76,7,7
68004,111,119,-8,8
68005,68,54,14,14
68006,76,72,4,4
68007,47,48,-1,1
68008,143,130,13,13
68009,64,64,0,0
68010,102,103,-1,1
68011,77,81,-4,4
68012,52,59,-7,7
68013,52,54,-2,2
68014,75,80,-5,5
68015,83,82,1,1
68016,70,64,6,6
68017,44,49,-5,5
68018,41,38,3,3
68019,77,73,4,4
68020,53,52,1,1
68021,132,135,-3,3
68022,112,105,7,7
68023,81,76,5,5
68024,85,85,0,0
68025,90,89,1,1
68026,51,52,-1,1
68027,55,63,-8,8
68028,45,74,-29,29
68029,52,52,0,0
68030,98,97,1,1
68031,72,71,1,1
68032,239,239,0,0
68033,123,113,10,10
68034,164,156,8,8
68035,75,72,3,3
68036,145,146,-1,1
68037,63,64,-1,1
68038,63,97,-34,34
68039,100,107,-7,7
68040,110,117,-7,7
68041,76,91,-15,15
68042,94,101,-7,7
68043,109,98,11,11
68044,59,71,-12,12
68045,140,160,-20,20
68046,83,77,6,6
68047,136,129,7,7
68048,50,52,-2,2
68049,85,80,5,5
68050,113,105,8,8
68051,49,57,-8,8
68052,98,84,14,14
68053,80,65,15,15
68054,95,94,1,1
68055,129,136,-7,7
68056,89,84,5,5
68057,115,112,3,3
68058,73,78,-5,5
68059,75,82,-7,7
68060,168,159,9,9
68061,52,56,-4,4
68062,76,70,6,6
68063,104,103,1,1
68064,124,110,14,14
68065,113,120,-7,7
68066,80,77,3,3
68067,79,103,-24,24
68068,89,86,3,3
68069,90,81,9,9
68070,46,50,-4,4
68071,80,73,7,7
68072,108,122,-14,14
68073,46,40,6,6
68074,106,101,5,5
68075,139,135,4,4
68076,99,102,-3,3
68077,50,51,-1,1
68078,65,63,2,2
68079,69,70,-1,1
68080,125,122,3,3
68081,97,95,2,2
68082,84,87,-3,3
68083,114,122,-8,8
68084,39,38,1,1
68085,106,98,8,8
68086,88,93,-5,5
68087,80,86,-6,6
68088,178,166,12,12
68089,104,115,-11,11
68090,76,71,5,5
68091,108,96,12,12
68092,82,92,-10,10
68093,44,49,-5,5
68094,67,63,4,4
68095,69,74,-5,5
68096,69,67,2,2
68097,112,108,4,4
68098,151,138,13,13
68099,47,52,-5,5
68100,70,67,3,3
68101,86,83,3,3
68102,95,95,0,0
68103,68,70,-2,2
68104,44,39,5,5
68105,70,75,-5,5
68106,132,127,5,5
68107,66,68,-2,2
68108,104,101,3,3
68109,155,150,5,5
68110,136,136,0,0
68111,74,72,2,2
68112,109,111,-2,2
68113,88,94,-6,6
68114,156,170,-14,14
68115,153,157,-4,4
68116,83,71,12,12
68117,88,83,5,5
68118,167,181,-14,14
68119,44,38,6,6
68120,124,112,12,12
68121,71,67,4,4
68122,131,115,16,16
68123,94,85,9,9
68124,64,64,0,0
68125,81,83,-2,2
68126,69,70,-1,1
68127,52,51,1,1
68128,84,87,-3,3
68129,59,60,-1,1
68130,117,118,-1,1
68131,115,107,8,8
68132,86,89,-3,3
68133,111,106,5,5
68134,69,74,-5,5
68135,119,114,5,5
68136,73,69,4,4
68137,81,82,-1,1
68138,79,94,-15,15
68139,89,100,-11,11
68140,51,51,0,0
68141,63,64,-1,1
68142,87,91,-4,4
68143,116,115,1,1
68144,115,110,5,5
68145,111,118,-7,7
68146,38,37,1,1
68147,130,142,-12,12
68148,100,93,7,7
68149,60,54,6,6
68150,91,84,7,7
68151,67,65,2,2
68152,73,66,7,7
68153,152,155,-3,3
68154,199,192,7,7
68155,156,152,4,4
68156,61,63,-2,2
68157,109,100,9,9
68158,69,70,-1,1
68159,87,88,-1,1
68160,65,67,-2,2
68161,83,87,-4,4
68162,94,94,0,0
68163,104,90,14,14
68164,72,76,-4,4
68165,74,90,-16,16
68166,93,85,8,8
68167,88,83,5,5
68168,88,80,8,8
68169,75,84,-9,9
68170,102,106,-4,4
68171,72,71,1,1
68172,95,86,9,9
68173,98,96,2,2
68174,86,86,0,0
68175,91,108,-17,17
68176,67,64,3,3
68177,73,77,-4,4
68178,129,136,-7,7
68179,64,61,3,3
68180,94,94,0,0
68181,123,115,8,8
68182,89,89,0,0
68183,45,52,-7,7
68184,95,95,0,0
68185,77,77,0,0
68186,61,64,-3,3
68187,151,162,-11,11
68188,53,53,0,0
68189,109,105,4,4
68190,84,91,-7,7
68191,86,92,-6,6
68192,105,103,2,2
68193,107,117,-10,10
68194,97,106,-9,9
68195,41,39,2,2
68196,69,70,-1,1
68197,111,84,27,27
68198,40,39,1,1
68199,140,140,0,0
68200,65,65,0,0
68201,149,127,22,22
68202,46,39,7,7
68203,103,102,1,1
68204,80,82,-2,2
68205,41,39,2,2
68206,97,134,-37,37
68207,65,66,-1,1
68208,124,151,-27,27
68209,65,64,1,1
68210,85,80,5,5
68211,151,151,0,0
68212,75,73,2,2
68213,92,97,-5,5
68214,96,91,5,5
68215,120,121,-1,1
68216,71,66,5,5
68217,77,83,-6,6
68218,84,93,-9,9
68219,100,109,-9,9
68220,105,118,-13,13
68221,123,117,6,6
68222,53,55,-2,2
68223,178,183,-5,5
68224,99,100,-1,1
68225,64,66,-2,2
68226,78,85,-7,7
68227,108,105,3,3
68228,77,77,0,0
68229,157,151,6,6
68230,72,82,-10,10
68231,68,68,0,0
68232,87,77,10,10
68233,70,76,-6,6
68234,52,53,-1,1
68235,85,78,7,7
68236,100,109,-9,9
68237,71,67,4,4
68238,109,118,-9,9
68239,154,174,-20,20
68240,96,75,21,21
68241,78,88,-10,10
68242,82,94,-12,12
68243,114,111,3,3
68244,103,109,-6,6
68245,118,122,-4,4
68246,87,93,-6,6
68247,121,130,-9,9
68248,94,97,-3,3
68249,62,58,4,4
68250,89,86,3,3
68251,105,99,6,6
68252,85,78,7,7
68253,79,89,-10,10
68254,86,86,0,0
68255,100,100,0,0
68256,104,101,3,3
68257,83,82,1,1
68258,90,86,4,4
68259,112,130,-18,18
68260,69,72,-3,3
68261,121,101,20,20
68262,84,90,-6,6
68263,87,84,3,3
68264,92,94,-2,2
68265,147,149,-2,2
68266,86,88,-2,2
68267,89,86,3,3
68268,52,65,-13,13
68269,110,108,2,2
68270,145,141,4,4
68271,87,88,-1,1
68272,107,84,23,23
68273,145,124,21,21
68274,55,55,0,0
68275,51,60,-9,9
68276,95,94,1,1
68277,101,98,3,3
68278,72,65,7,7
68279,90,85,5,5
68280,91,81,10,10
68281,94,101,-7,7
68282,60,64,-4,4
68283,59,55,4,4
68284,96,89,7,7
68285,55,55,0,0
68286,101,87,14,14
68287,95,99,-4,4
68288,113,105,8,8
68289,77,70,7,7
68290,114,130,-16,16
68291,101,110,-9,9
68292,100,108,-8,8
68293,64,66,-2,2
68294,100,94,6,6
68295,158,143,15,15
68296,81,84,-3,3
68297,62,64,-2,2
68298,136,132,4,4
68299,156,150,6,6
68300,160,153,7,7
68301,128,131,-3,3
68302,49,49,0,0
68303,135,126,9,9
68304,81,86,-5,5
68305,85,86,-1,1
68306,74,67,7,7
68307,141,135,6,6
68308,98,97,1,1
68309,140,134,6,6
68310,102,95,7,7
68311,91,100,-9,9
68312,68,65,3,3
68313,117,109,8,8
68314,57,52,5,5
68315,70,76,-6,6
68316,203,175,28,28
68317,96,114,-18,18
68318,128,131,-3,3
68319,81,75,6,6
68320,81,94,-13,13
68321,66,59,7,7
68322,128,125,3,3
68323,150,148,2,2
68324,79,87,-8,8
68325,68,70,-2,2
68326,57,63,-6,6
68327,63,71,-8,8
68328,110,114,-4,4
68329,84,81,3,3
68330,84,73,11,11
68331,59,62,-3,3
68332,101,89,12,12
68333,73,75,-2,2
68334,82,87,-5,5
68335,163,162,1,1
68336,113,114,-1,1
68337,95,79,16,16
68338,73,77,-4,4
68339,83,81,2,2
68340,114,119,-5,5
68341,136,119,17,17
68342,86,87,-1,1
68343,81,80,1,1
68344,108,118,-10,10
68345,149,158,-9,9
68346,101,101,0,0
68347,78,81,-3,3
68348,126,119,7,7
68349,122,136,-14,14
68350,112,105,7,7
68351,67,65,2,2
68352,62,60,2,2
68353,112,116,-4,4
68354,171,165,6,6
68355,65,60,5,5
68356,97,88,9,9
68357,43,39,4,4
68358,71,62,9,9
68359,71,67,4,4
68360,55,42,13,13
68361,72,84,-12,12
68362,85,83,2,2
68363,190,178,12,12
68364,97,98,-1,1
68365,100,101,-1,1
68366,75,77,-2,2
68367,130,111,19,19
68368,60,58,2,2
68369,105,101,4,4
68370,85,85,0,0
68371,89,93,-4,4
68372,93,94,-1,1
68373,39,74,-35,35
68374,74,64,10,10
68375,148,157,-9,9
68376,136,129,7,7
68377,61,73,-12,12
68378,181,177,4,4
68379,99,93,6,6
68380,165,163,2,2
68381,97,94,3,3
68382,116,108,8,8
68383,105,113,-8,8
68384,50,39,11,11
68385,71,83,-12,12
68386,115,109,6,6
68387,61,55,6,6
68388,101,106,-5,5
68389,80,81,-1,1
68390,100,107,-7,7
68391,79,92,-13,13
68392,121,120,1,1
68393,85,96,-11,11
68394,87,93,-6,6
68395,61,64,-3,3
68396,125,134,-9,9
68397,85,91,-6,6
68398,87,87,0,0
68399,64,71,-7,7
68400,66,66,0,0
68401,85,88,-3,3
68402,159,149,10,10
68403,132,139,-7,7
68404,96,98,-2,2
68405,100,110,-10,10
68406,76,72,4,4
68407,117,123,-6,6
68408,101,115,-14,14
68409,86,88,-2,2
68410,117,112,5,5
68411,96,92,4,4
68412,55,59,-4,4
68413,145,135,10,10
68414,68,74,-6,6
68415,71,66,5,5
68416,129,127,2,2
68417,121,120,1,1
68418,92,81,11,11
68419,57,56,1,1
68420,50,49,1,1
68421,56,57,-1,1
68422,52,53,-1,1
68423,61,58,3,3
68424,164,159,5,5
68425,119,119,0,0
68426,85,80,5,5
68427,83,80,3,3
68428,149,145,4,4
68429,103,92,11,11
68430,61,37,24,24
68431,142,145,-3,3
68432,80,84,-4,4
68433,49,53,-4,4
68434,109,95,14,14
68435,101,99,2,2
68436,77,82,-5,5
68437,160,178,-18,18
68438,108,117,-9,9
68439,137,135,2,2
68440,125,126,-1,1
68441,76,81,-5,5
68442,145,132,13,13
68443,86,93,-7,7
68444,131,126,5,5
68445,99,108,-9,9
68446,97,98,-1,1
68447,67,60,7,7
68448,107,131,-24,24
68449,87,85,2,2
68450,104,102,2,2
68451,77,74,3,3
68452,49,53,-4,4
68453,152,144,8,8
68454,138,137,1,1
68455,183,179,4,4
68456,53,57,-4,4
68457,100,103,-3,3
68458,71,70,1,1
68459,73,91,-18,18
68460,108,103,5,5
68461,85,90,-5,5
68462,72,71,1,1
68463,92,91,1,1
68464,127,125,2,2
68465,61,83,-22,22
68466,86,101,-15,15
68467,56,53,3,3
68468,104,97,7,7
68469,86,87,-1,1
68470,142,149,-7,7
68471,78,89,-11,11
68472,96,84,12,12
68473,75,82,-7,7
68474,88,88,0,0
68475,69,67,2,2
68476,62,62,0,0
68477,107,107,0,0
68478,65,63,2,2
68479,129,143,-14,14
68480,86,91,-5,5
68481,77,68,9,9
68482,115,102,13,13
68483,87,83,4,4
68484,32,38,-6,6
68485,80,90,-10,10
68486,107,103,4,4
68487,112,129,-17,17
68488,83,84,-1,1
68489,89,93,-4,4
68490,65,63,2,2
68491,63,65,-2,2
68492,56,58,-2,2
68493,99,86,13,13
68494,88,91,-3,3
68495,130,132,-2,2
68496,59,61,-2,2
68497,157,129,28,28
68498,94,108,-14,14
68499,94,95,-1,1
68500,61,63,-2,2
68501,98,104,-6,6
68502,98,95,3,3
68503,108,99,9,9
68504,122,120,2,2
68505,115,121,-6,6
68506,49,53,-4,4
68507,79,80,-1,1
68508,96,104,-8,8
68509,81,91,-10,10
68510,54,55,-1,1
68511,70,75,-5,5
68512,141,135,6,6
68513,113,215,-102,102
68514,110,122,-12,12
68515,75,81,-6,6
68516,85,94,-9,9
68517,85,78,7,7
68518,105,104,1,1
68519,62,67,-5,5
68520,39,39,0,0
68521,83,85,-2,2
68522,103,99,4,4
68523,69,73,-4,4
68524,103,100,3,3
68525,82,75,7,7
68526,98,97,1,1
68527,134,127,7,7
68528,51,58,-7,7
68529,98,97,1,1
68530,58,60,-2,2
68531,66,73,-7,7
68532,66,63,3,3
68533,139,128,11,11
68534,182,180,2,2
68535,118,134,-16,16
68536,69,64,5,5
68537,61,66,-5,5
68538,101,97,4,4
68539,126,95,31,31
68540,87,87,0,0
68541,53,55,-2,2
68542,83,81,2,2
68543,113,120,-7,7
68544,109,102,7,7
68545,60,59,1,1
68546,113,114,-1,1
68547,84,94,-10,10
68548,60,58,2,2
68549,56,53,3,3
68550,52,52,0,0
68551,111,107,4,4
68552,74,80,-6,6
68553,57,57,0,0
68554,72,71,1,1
68555,77,81,-4,4
68556,93,91,2,2
68557,167,151,16,16
68558,64,65,-1,1
68559,97,90,7,7
68560,106,107,-1,1
68561,165,155,10,10
68562,86,105,-19,19
68563,146,136,10,10
68564,98,98,0,0
68565,88,89,-1,1
68566,89,90,-1,1
68567,99,96,3,3
68568,86,85,1,1
68569,95,112,-17,17
68570,70,62,8,8
68571,91,102,-11,11
68572,98,96,2,2
68573,92,88,4,4
68574,103,97,6,6
68575,91,85,6,6
68576,58,74,-16,16
68577,61,64,-3,3
68578,53,52,1,1
68579,83,85,-2,2
68580,56,56,0,0
68581,84,88,-4,4
68582,73,82,-9,9
68583,73,70,3,3
68584,81,83,-2,2
68585,69,72,-3,3
68586,71,75,-4,4
68587,107,117,-10,10
68588,111,111,0,0
68589,107,101,6,6
68590,115,100,15,15
68591,75,76,-1,1
68592,129,119,10,10
68593,94,92,2,2
68594,52,52,0,0
68595,146,148,-2,2
68596,99,103,-4,4
68597,93,111,-18,18
68598,57,59,-2,2
68599,102,113,-11,11
68600,58,62,-4,4
68601,95,139,-44,44
68602,92,90,2,2
68603,99,96,3,3
68604,115,119,-4,4
68605,77,72,5,5
68606,176,185,-9,9
68607,97,105,-8,8
68608,153,142,11,11
68609,74,70,4,4
68610,182,173,9,9
68611,91,101,-10,10
68612,67,81,-14,14
68613,85,95,-10,10
68614,109,107,2,2
68615,113,106,7,7
68616,111,115,-4,4
68617,95,110,-15,15
68618,74,71,3,3
68619,110,108,2,2
68620,58,55,3,3
68621,135,130,5,5
68622,108,112,-4,4
68623,112,115,-3,3
68624,49,53,-4,4
68625,114,118,-4,4
68626,57,59,-2,2
68627,74,69,5,5
68628,99,100,-1,1
68629,96,91,5,5
68630,88,85,3,3
68631,79,88,-9,9
68632,82,69,13,13
68633,99,97,2,2
68634,116,112,4,4
68635,80,79,1,1
68636,120,116,4,4
68637,70,63,7,7
68638,74,71,3,3
68639,55,67,-12,12
68640,97,91,6,6
68641,74,78,-4,4
68642,92,99,-7,7
68643,71,71,0,0
68644,86,83,3,3
68645,66,61,5,5
68646,74,67,7,7
68647,90,88,2,2
68648,110,107,3,3
68649,94,94,0,0
68650,101,99,2,2
68651,115,115,0,0
68652,91,94,-3,3
68653,102,104,-2,2
68654,116,124,-8,8
68655,130,132,-2,2
68656,45,51,-6,6
68657,77,77,0,0
68658,117,131,-14,14
68659,109,108,1,1
68660,94,92,2,2
68661,130,128,2,2
68662,37,39,-2,2
68663,73,76,-3,3
68664,79,68,11,11
68665,80,91,-11,11
68666,143,128,15,15
68667,69,68,1,1
68668,143,144,-1,1
68669,105,107,-2,2
68670,150,142,8,8
68671,94,91,3,3
68672,107,102,5,5
68673,64,60,4,4
68674,154,139,15,15
68675,129,129,0,0
68676,118,115,3,3
68677,86,86,0,0
68678,98,100,-2,2
68679,134,147,-13,13
68680,96,100,-4,4
68681,90,91,-1,1
68682,173,180,-7,7
68683,83,88,-5,5
68684,168,172,-4,4
68685,97,99,-2,2
68686,88,89,-1,1
68687,54,52,2,2
68688,142,123,19,19
68689,152,148,4,4
68690,75,86,-11,11
68691,73,71,2,2
68692,170,187,-17,17
68693,82,84,-2,2
68694,103,118,-15,15
68695,135,126,9,9
68696,98,101,-3,3
68697,190,185,5,5
68698,110,96,14,14
68699,56,64,-8,8
68700,160,153,7,7
68701,86,101,-15,15
68702,105,105,0,0
68703,42,38,4,4
68704,148,166,-18,18
68705,78,73,5,5
68706,108,110,-2,2
68707,81,81,0,0
68708,135,134,1,1
68709,84,94,-10,10
68710,115,111,4,4
68711,124,119,5,5
68712,67,74,-7,7
68713,97,95,2,2
68714,90,91,-1,1
68715,158,154,4,4
68716,162,157,5,5
68717,165,169,-4,4
68718,76,77,-1,1
68719,174,179,-5,5
68720,125,117,8,8
68721,155,155,0,0
68722,80,87,-7,7
68723,150,160,-10,10
68724,54,51,3,3
68725,119,106,13,13
68726,83,76,7,7
68727,56,59,-3,3
68728,69,81,-12,12
68729,94,96,-2,2
68730,103,109,-6,6
68731,120,113,7,7
68732,119,128,-9,9
68733,92,93,-1,1
68734,102,104,-2,2
68735,75,75,0,0
68736,64,61,3,3
68737,175,166,9,9
68738,66,62,4,4
68739,69,68,1,1
68740,66,62,4,4
68741,42,39,3,3
68742,222,213,9,9
68743,161,161,0,0
68744,139,122,17,17
68745,88,87,1,1
68746,81,75,6,6
68747,160,167,-7,7
68748,100,106,-6,6
68749,64,70,-6,6
68750,26,39,-13,13
68751,126,122,4,4
68752,49,50,-1,1
68753,101,97,4,4
68754,78,73,5,5
68755,82,81,1,1
68756,68,68,0,0
68757,90,89,1,1
68758,78,77,1,1
68759,114,118,-4,4
68760,160,157,3,3
68761,108,109,-1,1
68762,93,93,0,0
68763,52,51,1,1
68764,142,139,3,3
68765,151,167,-16,16
68766,118,125,-7,7
68767,90,91,-1,1
68768,103,93,10,10
68769,126,121,5,5
68770,121,120,1,1
68771,111,116,-5,5
68772,87,85,2,2
68773,48,48,0,0
68774,86,75,11,11
68775,60,101,-41,41
68776,162,148,14,14
68777,98,90,8,8
68778,134,128,6,6
68779,147,147,0,0
68780,113,120,-7,7
68781,79,76,3,3
68782,76,68,8,8
68783,72,83,-11,11
68784,59,65,-6,6
68785,151,145,6,6
68786,114,112,2,2
68787,71,72,-1,1
68788,146,146,0,0
68789,83,78,5,5
68790,65,60,5,5
68791,60,57,3,3
68792,113,101,12,12
68793,146,134,12,12
68794,103,106,-3,3
68795,123,116,7,7
68796,59,62,-3,3
68797,158,144,14,14
68798,114,102,12,12
68799,133,123,10,10
68800,151,143,8,8
68801,41,38,3,3
68802,80,77,3,3
68803,71,64,7,7
68804,88,90,-2,2
68805,94,106,-12,12
68806,41,52,-11,11
68807,129,148,-19,19
68808,126,121,5,5
68809,132,117,15,15
68810,38,39,-1,1
68811,81,84,-3,3
68812,97,100,-3,3
68813,99,96,3,3
68814,159,156,3,3
68815,113,118,-5,5
68816,42,53,-11,11
68817,176,170,6,6
68818,96,86,10,10
68819,122,123,-1,1
68820,134,141,-7,7
68821,63,63,0,0
68822,81,79,2,2
68823,94,101,-7,7
68824,122,116,6,6
68825,99,87,12,12
68826,103,110,-7,7
68827,77,103,-26,26
68828,90,101,-11,11
68829,139,126,13,13
68830,74,68,6,6
68831,83,86,-3,3
68832,84,84,0,0
68833,108,101,7,7
68834,80,85,-5,5
68835,117,118,-1,1
68836,81,75,6,6
68837,73,75,-2,2
68838,146,141,5,5
68839,83,84,-1,1
68840,71,67,4,4
68841,99,108,-9,9
68842,52,53,-1,1
68843,97,106,-9,9
68844,80,78,2,2
68845,112,112,0,0
68846,57,70,-13,13
68847,105,103,2,2
68848,145,153,-8,8
68849,104,95,9,9
68850,94,87,7,7
68851,109,111,-2,2
68852,73,71,2,2
68853,54,56,-2,2
68854,99,90,9,9
68855,204,197,7,7
68856,42,38,4,4
68857,40,39,1,1
68858,61,55,6,6
68859,98,100,-2,2
68860,88,93,-5,5
68861,107,122,-15,15
68862,101,104,-3,3
68863,156,152,4,4
68864,43,49,-6,6
68865,85,83,2,2
68866,130,121,9,9
68867,49,57,-8,8
68868,82,78,4,4
68869,105,105,0,0
68870,141,158,-17,17
68871,124,131,-7,7
68872,149,168,-19,19
68873,61,56,5,5
68874,163,165,-2,2
68875,94,101,-7,7
68876,64,70,-6,6
68877,129,148,-19,19
68878,71,72,-1,1
68879,95,103,-8,8
68880,106,115,-9,9
68881,103,88,15,15
68882,81,77,4,4
68883,89,83,6,6
68884,144,141,3,3
68885,64,70,-6,6
68886,37,119,-82,82
68887,87,80,7,7
68888,34,39,-5,5
68889,94,98,-4,4
68890,84,88,-4,4
68891,76,71,5,5
68892,79,76,3,3
68893,96,105,-9,9
68894,99,97,2,2
68895,102,102,0,0
68896,66,64,2,2
68897,96,85,11,11
68898,75,76,-1,1
68899,98,89,9,9
68900,75,72,3,3
68901,106,99,7,7
68902,85,84,1,1
68903,104,119,-15,15
68904,83,92,-9,9
68905,92,93,-1,1
68906,110,129,-19,19
68907,89,107,-18,18
68908,148,141,7,7
68909,105,104,1,1
68910,90,83,7,7
68911,42,53,-11,11
68912,102,104,-2,2
68913,142,139,3,3
68914,122,114,8,8
68915,109,101,8,8
68916,101,109,-8,8
68917,89,97,-8,8
68918,118,119,-1,1
68919,146,138,8,8
68920,100,104,-4,4
68921,99,94,5,5
68922,62,56,6,6
68923,84,76,8,8
68924,62,68,-6,6
68925,190,180,10,10
68926,105,110,-5,5
68927,101,93,8,8
68928,69,76,-7,7
68929,105,101,4,4
68930,135,137,-2,2
68931,162,176,-14,14
68932,96,96,0,0
68933,80,74,6,6
68934,83,86,-3,3
68935,133,131,2,2
68936,77,75,2,2
68937,130,126,4,4
68938,143,166,-23,23
68939,83,87,-4,4
68940,77,78,-1,1
68941,148,146,2,2
68942,88,83,5,5
68943,47,44,3,3
68944,66,54,12,12
68945,54,66,-12,12
68946,97,94,3,3
68947,80,87,-7,7
68948,51,69,-18,18
68949,122,130,-8,8
68950,134,122,12,12
68951,152,154,-2,2
68952,96,103,-7,7
68953,75,83,-8,8
68954,143,146,-3,3
68955,164,166,-2,2
68956,99,101,-2,2
68957,149,159,-10,10
68958,126,121,5,5
68959,90,82,8,8
68960,102,106,-4,4
68961,18,37,-19,19
68962,103,142,-39,39
68963,130,125,5,5
68964,67,70,-3,3
68965,69,63,6,6
68966,84,84,0,0
68967,122,126,-4,4
68968,103,96,7,7
68969,65,59,6,6
68970,111,117,-6,6
68971,177,186,-9,9
68972,64,60,4,4
68973,159,163,-4,4
68974,123,132,-9,9
68975,67,68,-1,1
68976,138,152,-14,14
68977,88,103,-15,15
68978,94,108,-14,14
68979,114,107,7,7
68980,81,78,3,3
68981,68,63,5,5
68982,214,205,9,9
68983,145,132,13,13
68984,54,56,-2,2
68985,100,88,12,12
68986,146,147,-1,1
68987,213,196,17,17
68988,106,115,-9,9
68989,57,51,6,6
68990,128,128,0,0
68991,97,97,0,0
68992,90,98,-8,8
68993,102,101,1,1
68994,153,142,11,11
68995,84,84,0,0
68996,27,37,-10,10
68997,51,50,1,1
68998,73,75,-2,2
68999,86,85,1,1
69000,77,71,6,6
69001,154,142,12,12
69002,107,104,3,3
69003,173,176,-3,3
69004,80,85,-5,5
69005,92,91,1,1
69006,86,84,2,2
69007,70,73,-3,3
69008,116,125,-9,9
69009,79,80,-1,1
69010,101,102,-1,1
69011,138,137,1,1
69012,125,110,15,15
69013,65,63,2,2
69014,82,83,-1,1
69015,88,91,-3,3
69016,40,50,-10,10
69017,104,109,-5,5
69018,111,111,0,0
69019,81,80,1,1
69020,67,79,-12,12
69021,91,100,-9,9
69022,135,137,-2,2
69023,155,173,-18,18
69024,89,83,6,6
69025,58,67,-9,9
69026,137,129,8,8
69027,69,67,2,2
69028,84,86,-2,2
69029,110,96,14,14
69030,68,95,-27,27
69031,126,114,12,12
69032,185,154,31,31
69033,64,53,11,11
69034,119,115,4,4
69035,133,131,2,2
69036,96,92,4,4
69037,54,53,1,1
69038,90,90,0,0
69039,75,71,4,4
69040,123,129,-6,6
69041,91,90,1,1
69042,114,113,1,1
69043,49,81,-32,32
69044,119,113,6,6
69045,78,71,7,7
69046,105,100,5,5
69047,113,114,-1,1
69048,75,70,5,5
69049,162,162,0,0
69050,62,59,3,3
69051,93,82,11,11
69052,67,62,5,5
69053,118,118,0,0
69054,76,74,2,2
69055,132,128,4,4
69056,43,47,-4,4
69057,69,73,-4,4
69058,99,102,-3,3
69059,81,79,2,2
69060,103,102,1,1
69061,87,81,6,6
69062,88,83,5,5
69063,92,90,2,2
69064,102,94,8,8
69065,53,53,0,0
69066,80,79,1,1
69067,86,80,6,6
69068,107,112,-5,5
69069,165,178,-13,13
69070,43,39,4,4
69071,84,80,4,4
69072,129,126,3,3
69073,135,132,3,3
69074,32,60,-28,28
69075,49,55,-6,6
69076,91,93,-2,2
69077,72,72,0,0
69078,85,84,1,1
69079,75,83,-8,8
69080,95,122,-27,27
69081,132,126,6,6
69082,98,108,-10,10
69083,34,39,-5,5
69084,114,112,2,2
69085,104,99,5,5
69086,111,102,9,9
69087,59,55,4,4
69088,38,38,0,0
69089,45,38,7,7
69090,160,179,-19,19
69091,87,85,2,2
69092,78,84,-6,6
69093,180,155,25,25
69094,112,122,-10,10
69095,99,103,-4,4
69096,77,78,-1,1
69097,64,81,-17,17
69098,93,79,14,14
69099,135,153,-18,18
69100,80,83,-3,3
69101,105,92,13,13
69102,93,96,-3,3
69103,97,99,-2,2
69104,93,105,-12,12
69105,126,112,14,14
69106,100,97,3,3
69107,93,94,-1,1
69108,116,119,-3,3
69109,89,88,1,1
69110,72,88,-16,16
69111,158,145,13,13
69112,107,93,14,14
69113,57,58,-1,1
69114,95,100,-5,5
69115,199,192,7,7
69116,98,100,-2,2
69117,50,51,-1,1
69118,72,66,6,6
69119,86,80,6,6
69120,36,37,-1,1
69121,77,63,14,14
69122,144,149,-5,5
69123,101,121,-20,20
69124,141,143,-2,2
69125,136,127,9,9
69126,81,80,1,1
69127,96,118,-22,22
69128,92,92,0,0
69129,37,39,-2,2
69130,117,120,-3,3
69131,96,92,4,4
69132,120,139,-19,19
69133,58,60,-2,2
69134,147,133,14,14
69135,60,62,-2,2
69136,85,83,2,2
69137,71,63,8,8
69138,74,70,4,4
69139,98,98,0,0
69140,59,58,1,1
69141,77,81,-4,4
69142,77,83,-6,6
69143,76,81,-5,5
69144,52,54,-2,2
69145,116,114,2,2
69146,78,86,-8,8
69147,74,73,1,1
69148,124,124,0,0
69149,58,55,3,3
69150,86,84,2,2
69151,132,125,7,7
69152,108,99,9,9
69153,38,39,-1,1
69154,138,145,-7,7
69155,74,73,1,1
69156,73,75,-2,2
69157,95,85,10,10
69158,129,143,-14,14
69159,102,95,7,7
69160,112,109,3,3
69161,141,143,-2,2
69162,76,74,2,2
69163,142,144,-2,2
69164,72,70,2,2
69165,163,162,1,1
69166,122,120,2,2
69167,44,39,5,5
69168,104,100,4,4
69169,72,85,-13,13
69170,60,57,3,3
69171,69,66,3,3
69172,113,107,6,6
69173,89,90,-1,1
69174,42,37,5,5
69175,146,148,-2,2
69176,147,128,19,19
69177,132,150,-18,18
69178,107,102,5,5
69179,77,81,-4,4
69180,102,100,2,2
69181,153,144,9,9
69182,56,80,-24,24
69183,105,112,-7,7
69184,129,131,-2,2
69185,99,94,5,5
69186,55,56,-1,1
69187,102,114,-12,12
69188,102,97,5,5
69189,111,114,-3,3
69190,123,130,-7,7
69191,62,66,-4,4
69192,152,169,-17,17
69193,89,80,9,9
69194,94,90,4,4
69195,35,54,-19,19
69196,94,93,1,1
69197,110,117,-7,7
69198,175,183,-8,8
69199,105,98,7,7
69200,42,50,-8,8
69201,152,149,3,3
69202,149,138,11,11
69203,207,195,12,12
69204,152,164,-12,12
69205,88,99,-11,11
69206,94,93,1,1
69207,76,68,8,8
69208,84,83,1,1
69209,87,86,1,1
69210,59,54,5,5
69211,112,109,3,3
69212,110,104,6,6
69213,136,118,18,18
69214,81,91,-10,10
69215,177,167,10,10
69216,120,125,-5,5
69217,86,90,-4,4
69218,57,59,-2,2
69219,100,83,17,17
69220,134,134,0,0
69221,75,69,6,6
69222,88,83,5,5
69223,82,89,-7,7
69224,54,60,-6,6
69225,74,66,8,8
69226,50,52,-2,2
69227,125,116,9,9
69228,85,87,-2,2
69229,148,143,5,5
69230,88,92,-4,4
69231,58,75,-17,17
69232,124,109,15,15
69233,129,131,-2,2
69234,100,97,3,3
69235,76,74,2,2
69236,86,77,9,9
69237,57,68,-11,11
69238,84,86,-2,2
69239,103,97,6,6
69240,87,87,0,0
69241,114,118,-4,4
69242,58,60,-2,2
69243,100,95,5,5
69244,92,92,0,0
69245,78,84,-6,6
69246,73,87,-14,14
69247,73,69,4,4
69248,106,108,-2,2
69249,135,139,-4,4
69250,95,113,-18,18
69251,75,79,-4,4
69252,116,127,-11,11
69253,58,54,4,4
69254,135,127,8,8
69255,75,75,0,0
69256,51,56,-5,5
69257,69,67,2,2
69258,97,111,-14,14
69259,73,76,-3,3
69260,91,96,-5,5
69261,156,156,0,0
69262,67,71,-4,4
69263,77,72,5,5
69264,133,140,-7,7
69265,129,149,-20,20
69266,110,109,1,1
69267,121,139,-18,18
69268,150,150,0,0
69269,89,88,1,1
69270,71,78,-7,7
69271,119,106,13,13
69272,70,79,-9,9
69273,121,129,-8,8
69274,116,123,-7,7
69275,123,131,-8,8
69276,95,88,7,7
69277,70,63,7,7
69278,111,91,20,20
69279,113,106,7,7
69280,92,80,12,12
69281,52,56,-4,4
69282,114,110,4,4
69283,106,107,-1,1
69284,102,122,-20,20
69285,72,85,-13,13
69286,134,123,11,11
69287,101,101,0,0
69288,134,125,9,9
69289,111,116,-5,5
69290,99,98,1,1
69291,98,94,4,4
69292,94,97,-3,3
69293,44,39,5,5
69294,92,95,-3,3
69295,81,78,3,3
69296,74,74,0,0
69297,51,48,3,3
69298,135,135,0,0
69299,34,38,-4,4
69300,151,158,-7,7
69301,64,61,3,3
69302,105,111,-6,6
69303,117,104,13,13
69304,88,89,-1,1
69305,100,102,-2,2
69306,88,85,3,3
69307,84,88,-4,4
69308,189,194,-5,5
69309,45,48,-3,3
69310,64,68,-4,4
69311,94,97,-3,3
69312,199,191,8,8
69313,80,75,5,5
69314,105,110,-5,5
69315,112,106,6,6
69316,59,38,21,21
69317,54,59,-5,5
69318,123,117,6,6
69319,59,62,-3,3
69320,186,185,1,1
69321,110,109,1,1
69322,117,110,7,7
69323,82,85,-3,3
69324,202,180,22,22
69325,129,112,17,17
69326,91,93,-2,2
69327,131,113,18,18
69328,117,112,5,5
69329,82,74,8,8
69330,78,86,-8,8
69331,129,128,1,1
69332,46,38,8,8
69333,122,130,-8,8
69334,124,116,8,8
69335,186,200,-14,14
69336,103,101,2,2
69337,112,123,-11,11
69338,135,145,-10,10
69339,68,73,-5,5
69340,110,114,-4,4
69341,57,56,1,1
69342,144,139,5,5
69343,115,104,11,11
69344,143,145,-2,2
69345,75,84,-9,9
69346,69,63,6,6
69347,140,130,10,10
69348,93,101,-8,8
69349,74,70,4,4
69350,165,167,-2,2
69351,77,83,-6,6
69352,57,58,-1,1
69353,87,106,-19,19
69354,123,127,-4,4
69355,78,84,-6,6
69356,120,125,-5,5
69357,100,98,2,2
69358,112,113,-1,1
69359,87,91,-4,4
69360,98,86,12,12
69361,106,104,2,2
69362,91,99,-8,8
69363,107,107,0,0
69364,67,62,5,5
69365,125,127,-2,2
69366,61,54,7,7
69367,96,100,-4,4
69368,73,72,1,1
69369,70,66,4,4
69370,89,84,5,5
69371,114,112,2,2
69372,74,78,-4,4
69373,133,116,17,17
69374,107,119,-12,12
69375,91,91,0,0
69376,83,74,9,9
69377,76,71,5,5
69378,75,82,-7,7
69379,83,78,5,5
69380,62,58,4,4
69381,71,82,-11,11
69382,40,38,2,2
69383,131,124,7,7
69384,138,145,-7,7
69385,43,44,-1,1
69386,76,84,-8,8
69387,128,157,-29,29
69388,62,62,0,0
69389,128,124,4,4
69390,79,84,-5,5
69391,140,134,6,6
69392,94,104,-10,10
69393,96,98,-2,2
69394,43,39,4,4
69395,159,153,6,6
69396,62,56,6,6
69397,131,128,3,3
69398,65,66,-1,1
69399,63,68,-5,5
69400,116,128,-12,12
69401,65,80,-15,15
69402,70,73,-3,3
69403,56,59,-3,3
69404,95,95,0,0
69405,120,114,6,6
69406,93,98,-5,5
69407,92,91,1,1
69408,101,93,8,8
69409,106,110,-4,4
69410,151,144,7,7
69411,98,96,2,2
69412,63,61,2,2
69413,120,122,-2,2
69414,93,93,0,0
69415,89,89,0,0
69416,47,55,-8,8
69417,92,96,-4,4
69418,95,87,8,8
69419,90,83,7,7
69420,116,109,7,7
69421,88,87,1,1
69422,107,115,-8,8
69423,168,188,-20,20
69424,49,43,6,6
69425,111,107,4,4
69426,76,80,-4,4
69427,89,89,0,0
69428,72,73,-1,1
69429,131,135,-4,4
69430,61,74,-13,13
69431,106,99,7,7
69432,65,69,-4,4
69433,76,78,-2,2
69434,62,94,-32,32
69435,63,60,3,3
69436,77,73,4,4
69437,120,111,9,9
69438,109,114,-5,5
69439,93,91,2,2
69440,66,63,3,3
69441,72,63,9,9
69442,94,87,7,7
69443,143,132,11,11
69444,75,77,-2,2
69445,99,98,1,1
69446,112,116,-4,4
69447,66,65,1,1
69448,72,66,6,6
69449,46,54,-8,8
69450,100,105,-5,5
69451,89,84,5,5
69452,101,101,0,0
69453,63,60,3,3
69454,108,108,0,0
69455,89,95,-6,6
69456,101,95,6,6
69457,94,90,4,4
69458,73,75,-2,2
69459,148,127,21,21
69460,142,141,1,1
69461,92,92,0,0
69462,151,145,6,6
69463,119,118,1,1
69464,61,64,-3,3
69465,124,129,-5,5
69466,46,43,3,3
69467,67,76,-9,9
69468,46,64,-18,18
69469,81,79,2,2
69470,104,106,-2,2
69471,47,49,-2,2
69472,88,88,0,0
69473,115,83,32,32
69474,92,109,-17,17
69475,100,86,14,14
69476,141,138,3,3
69477,107,108,-1,1
69478,127,115,12,12
69479,117,128,-11,11
69480,72,70,2,2
69481,81,85,-4,4
69482,100,134,-34,34
69483,84,104,-20,20
69484,70,65,5,5
69485,152,144,8,8
69486,32,39,-7,7
69487,121,127,-6,6
69488,69,68,1,1
69489,63,66,-3,3
69490,76,75,1,1
69491,81,87,-6,6
69492,106,102,4,4
69493,69,77,-8,8
69494,54,58,-4,4
69495,92,90,2,2
69496,61,62,-1,1
69497,141,131,10,10
69498,78,74,4,4
69499,124,149,-25,25
69500,94,95,-1,1
69501,66,69,-3,3
69502,156,167,-11,11
69503,80,103,-23,23
69504,84,87,-3,3
69505,161,163,-2,2
69506,106,99,7,7
69507,98,95,3,3
69508,108,104,4,4
69509,109,105,4,4
69510,85,82,3,3
69511,74,83,-9,9
69512,74,75,-1,1
69513,88,101,-13,13
69514,128,123,5,5
69515,93,90,3,3
69516,140,141,-1,1
69517,109,106,3,3
69518,58,54,4,4
69519,73,66,7,7
69520,86,86,0,0
69521,94,89,5,5
69522,332,309,23,23
69523,112,105,7,7
69524,48,49,-1,1
69525,73,77,-4,4
69526,116,113,3,3
69527,105,94,11,11
69528,65,65,0,0
69529,108,104,4,4
69530,83,92,-9,9
69531,81,88,-7,7
69532,155,163,-8,8
69533,110,96,14,14
69534,120,112,8,8
69535,92,85,7,7
69536,152,142,10,10
69537,131,142,-11,11
69538,48,62,-14,14
69539,68,67,1,1
69540,74,70,4,4
69541,86,97,-11,11
69542,148,161,-13,13
69543,188,187,1,1
69544,79,91,-12,12
69545,125,121,4,4
69546,95,83,12,12
69547,63,58,5,5
69548,78,70,8,8
69549,116,120,-4,4
69550,83,85,-2,2
69551,68,68,0,0
69552,104,115,-11,11
69553,107,105,2,2
69554,93,86,7,7
69555,115,115,0,0
69556,105,87,18,18
69557,76,94,-18,18
69558,129,120,9,9
69559,53,51,2,2
69560,78,89,-11,11
69561,108,103,5,5
69562,39,39,0,0
69563,81,74,7,7
69564,122,131,-9,9
69565,74,68,6,6
69566,63,64,-1,1
69567,115,114,1,1
69568,119,125,-6,6
69569,130,128,2,2
69570,103,130,-27,27
69571,107,114,-7,7
69572,69,80,-11,11
69573,130,123,7,7
69574,98,116,-18,18
69575,126,116,10,10
69576,119,108,11,11
69577,86,92,-6,6
69578,211,208,3,3
69579,82,84,-2,2
69580,64,62,2,2
69581,96,80,16,16
69582,63,61,2,2
69583,102,103,-1,1
69584,119,132,-13,13
69585,82,90,-8,8
69586,119,112,7,7
69587,64,61,3,3
69588,48,39,9,9
69589,140,138,2,2
69590,112,108,4,4
69591,93,109,-16,16
69592,88,90,-2,2
69593,93,91,2,2
69594,60,54,6,6
69595,66,68,-2,2
69596,48,40,8,8
69597,101,95,6,6
69598,54,53,1,1
69599,99,94,5,5
69600,81,80,1,1
69601,155,150,5,5
69602,80,68,12,12
69603,69,69,0,0
69604,65,75,-10,10
69605,81,87,-6,6
69606,100,106,-6,6
69607,89,100,-11,11
69608,86,87,-1,1
69609,107,112,-5,5
69610,61,64,-3,3
69611,59,53,6,6
69612,51,56,-5,5
69613,147,157,-10,10
69614,127,123,4,4
69615,130,140,-10,10
69616,53,50,3,3
69617,117,96,21,21
69618,132,132,0,0
69619,119,116,3,3
69620,107,95,12,12
69621,79,93,-14,14
69622,157,159,-2,2
69623,125,111,14,14
69624,60,62,-2,2
69625,79,68,11,11
69626,80,87,-7,7
69627,151,139,12,12
69628,109,100,9,9
69629,64,63,1,1
69630,111,100,11,11
69631,44,55,-11,11
69632,95,86,9,9
69633,137,131,6,6
69634,121,102,19,19
69635,51,58,-7,7
69636,53,64,-11,11
69637,93,93,0,0
69638,91,95,-4,4
69639,125,115,10,10
69640,59,61,-2,2
69641,63,61,2,2
69642,111,99,12,12
69643,117,122,-5,5
69644,74,71,3,3
69645,117,123,-6,6
69646,65,63,2,2
69647,100,91,9,9
69648,227,221,6,6
69649,145,175,-30,30
69650,82,85,-3,3
69651,93,78,15,15
69652,120,131,-11,11
69653,122,113,9,9
69654,121,116,5,5
69655,106,92,14,14
69656,95,103,-8,8
69657,71,69,2,2
69658,64,75,-11,11
69659,103,105,-2,2
69660,66,81,-15,15
69661,60,64,-4,4
69662,85,86,-1,1
69663,110,112,-2,2
69664,109,112,-3,3
69665,80,90,-10,10
69666,80,70,10,10
69667,147,155,-8,8
69668,107,116,-9,9
69669,61,64,-3,3
69670,163,168,-5,5
69671,60,58,2,2
69672,85,84,1,1
69673,152,164,-12,12
69674,90,90,0,0
69675,81,79,2,2
69676,76,70,6,6
69677,95,92,3,3
69678,70,69,1,1
69679,101,98,3,3
69680,65,60,5,5
69681,78,88,-10,10
69682,94,97,-3,3
69683,69,68,1,1
69684,161,168,-7,7
69685,97,104,-7,7
69686,66,70,-4,4
69687,171,162,9,9
69688,93,82,11,11
69689,98,92,6,6
69690,101,106,-5,5
69691,97,95,2,2
69692,74,79,-5,5
69693,88,76,12,12
69694,184,187,-3,3
69695,74,79,-5,5
69696,65,77,-12,12
69697,193,188,5,5
69698,103,99,4,4
69699,57,61,-4,4
69700,113,134,-21,21
69701,145,176,-31,31
69702,60,59,1,1
69703,128,141,-13,13
69704,89,88,1,1
69705,80,78,2,2
69706,79,72,7,7
69707,114,111,3,3
69708,200,195,5,5
69709,133,133,0,0
69710,114,113,1,1
69711,125,117,8,8
69712,82,80,2,2
69713,90,82,8,8
69714,95,91,4,4
69715,140,148,-8,8
69716,96,102,-6,6
69717,186,186,0,0
69718,89,101,-12,12
69719,57,58,-1,1
69720,76,80,-4,4
69721,64,57,7,7
69722,138,133,5,5
69723,97,93,4,4
69724,95,106,-11,11
69725,157,165,-8,8
69726,76,68,8,8
69727,77,83,-6,6
69728,110,110,0,0
69729,191,184,7,7
69730,70,71,-1,1
69731,100,115,-15,15
69732,98,104,-6,6
69733,64,69,-5,5
69734,106,107,-1,1
69735,95,98,-3,3
69736,70,80,-10,10
69737,132,119,13,13
69738,43,39,4,4
69739,177,170,7,7
69740,59,56,3,3
69741,42,39,3,3
69742,40,38,2,2
69743,82,39,43,43
69744,79,86,-7,7
69745,62,72,-10,10
69746,108,102,6,6
69747,103,117,-14,14
69748,92,92,0,0
69749,63,65,-2,2
69750,65,68,-3,3
69751,144,152,-8,8
69752,92,91,1,1
69753,129,129,0,0
69754,137,143,-6,6
69755,122,130,-8,8
69756,48,64,-16,16
69757,85,67,18,18
69758,90,96,-6,6
69759,82,71,11,11
69760,112,105,7,7
69761,85,86,-1,1
69762,91,85,6,6
69763,78,81,-3,3
69764,69,68,1,1
69765,121,110,11,11
69766,68,74,-6,6
69767,131,134,-3,3
69768,89,88,1,1
69769,93,91,2,2
69770,54,50,4,4
69771,136,140,-4,4
69772,35,78,-43,43
69773,178,163,15,15
69774,105,101,4,4
69775,145,150,-5,5
69776,75,81,-6,6
69777,117,107,10,10
69778,63,68,-5,5
69779,132,135,-3,3
69780,100,105,-5,5
69781,67,67,0,0
69782,47,53,-6,6
69783,128,117,11,11
69784,119,126,-7,7
69785,119,123,-4,4
69786,93,80,13,13
69787,121,124,-3,3
69788,79,74,5,5
69789,166,161,5,5
69790,87,79,8,8
69791,85,89,-4,4
69792,80,80,0,0
69793,68,69,-1,1
69794,131,137,-6,6
69795,124,122,2,2
69796,146,156,-10,10
69797,71,64,7,7
69798,89,99,-10,10
69799,60,62,-2,2
69800,64,63,1,1
69801,63,73,-10,10
69802,61,62,-1,1
69803,119,107,12,12
69804,83,88,-5,5
69805,96,99,-3,3
69806,116,139,-23,23
69807,122,121,1,1
69808,102,95,7,7
69809,85,89,-4,4
69810,129,134,-5,5
69811,109,102,7,7
69812,41,38,3,3
69813,95,102,-7,7
69814,131,116,15,15
69815,98,81,17,17
69816,105,98,7,7
69817,35,38,-3,3
69818,65,64,1,1
69819,69,65,4,4
69820,72,64,8,8
69821,101,102,-1,1
69822,86,86,0,0
69823,103,105,-2,2
69824,110,100,10,10
69825,77,72,5,5
69826,98,81,17,17
69827,107,105,2,2
69828,72,80,-8,8
69829,109,111,-2,2
69830,68,60,8,8
69831,64,57,7,7
69832,158,158,0,0
69833,112,123,-11,11
69834,71,82,-11,11
69835,119,115,4,4
69836,63,61,2,2
69837,66,66,0,0
69838,90,87,3,3
69839,114,121,-7,7
69840,81,85,-4,4
69841,136,125,11,11
69842,92,91,1,1
69843,46,62,-16,16
69844,48,53,-5,5
69845,99,89,10,10
69846,63,62,1,1
69847,113,113,0,0
69848,77,77,0,0
69849,95,109,-14,14
69850,95,95,0,0
69851,92,95,-3,3
69852,77,74,3,3
69853,108,106,2,2
69854,80,79,1,1
69855,106,101,5,5
69856,193,196,-3,3
69857,138,128,10,10
69858,146,150,-4,4
69859,146,150,-4,4
69860,121,114,7,7
69861,134,124,10,10
69862,92,93,-1,1
69863,109,106,3,3
69864,94,101,-7,7
69865,96,102,-6,6
69866,105,121,-16,16
69867,124,129,-5,5
69868,101,96,5,5
69869,63,67,-4,4
69870,91,93,-2,2
69871,75,85,-10,10
69872,89,98,-9,9
69873,134,136,-2,2
69874,130,131,-1,1
69875,71,82,-11,11
69876,152,156,-4,4
69877,79,64,15,15
69878,82,70,12,12
69879,80,87,-7,7
69880,51,54,-3,3
69881,134,136,-2,2
69882,120,107,13,13
69883,88,87,1,1
69884,66,71,-5,5
69885,40,39,1,1
69886,81,73,8,8
69887,125,116,9,9
69888,57,55,2,2
69889,127,122,5,5
69890,70,63,7,7
69891,144,99,45,45
69892,100,111,-11,11
69893,190,180,10,10
69894,79,79,0,0
69895,95,75,20,20
69896,86,72,14,14
69897,75,61,14,14
69898,108,105,3,3
69899,74,72,2,2
69900,110,120,-10,10
69901,121,116,5,5
69902,75,79,-4,4
69903,193,177,16,16
69904,102,98,4,4
69905,83,90,-7,7
69906,161,162,-1,1
69907,43,63,-20,20
69908,157,185,-28,28
69909,152,165,-13,13
69910,166,165,1,1
69911,61,59,2,2
69912,123,120,3,3
69913,77,66,11,11
69914,76,67,9,9
69915,103,111,-8,8
69916,73,68,5,5
69917,94,97,-3,3
69918,71,77,-6,6
69919,69,82,-13,13
69920,46,42,4,4
69921,59,57,2,2
69922,109,101,8,8
69923,166,178,-12,12
69924,65,64,1,1
69925,97,92,5,5
69926,170,159,11,11
69927,76,84,-8,8
69928,79,79,0,0
69929,84,91,-7,7
69930,36,38,-2,2
69931,149,155,-6,6
69932,61,57,4,4
69933,109,109,0,0
69934,160,147,13,13
69935,96,89,7,7
69936,139,145,-6,6
69937,59,59,0,0
69938,52,38,14,14
69939,148,136,12,12
69940,90,72,18,18
69941,68,59,9,9
69942,60,64,-4,4
69943,110,110,0,0
69944,80,95,-15,15
69945,37,39,-2,2
69946,75,86,-11,11
69947,62,70,-8,8
69948,66,66,0,0
69949,99,109,-10,10
69950,105,101,4,4
69951,165,158,7,7
69952,164,166,-2,2
69953,93,94,-1,1
69954,58,75,-17,17
69955,93,91,2,2
69956,37,38,-1,1
69957,68,74,-6,6
69958,122,126,-4,4
69959,36,38,-2,2
69960,109,111,-2,2
69961,111,105,6,6
69962,39,39,0,0
69963,139,138,1,1
69964,109,116,-7,7
69965,169,172,-3,3
69966,138,141,-3,3
69967,104,127,-23,23
69968,170,189,-19,19
69969,66,62,4,4
69970,154,158,-4,4
69971,46,49,-3,3
69972,136,125,11,11
69973,81,79,2,2
69974,390,342,48,48
69975,88,84,4,4
69976,66,77,-11,11
69977,69,69,0,0
69978,48,56,-8,8
69979,136,126,10,10
69980,85,84,1,1
69981,73,72,1,1
69982,128,144,-16,16
69983,90,93,-3,3
69984,105,106,-1,1
69985,127,125,2,2
69986,102,106,-4,4
69987,111,110,1,1
69988,110,98,12,12
69989,92,89,3,3
69990,66,105,-39,39
69991,103,101,2,2
69992,111,107,4,4
69993,120,121,-1,1
69994,96,100,-4,4
69995,141,142,-1,1
69996,89,105,-16,16
69997,66,65,1,1
69998,95,88,7,7
69999,83,92,-9,9
70000,62,59,3,3
70001,136,143,-7,7
70002,99,95,4,4
70003,78,70,8,8
70004,79,85,-6,6
70005,86,82,4,4
70006,70,67,3,3
70007,128,134,-6,6
70008,100,83,17,17
70009,116,103,13,13
70010,165,189,-24,24
70011,125,121,4,4
70012,63,71,-8,8
70013,93,104,-11,11
70014,135,125,10,10
70015,61,59,2,2
70016,55,65,-10,10
70017,95,89,6,6
70018,98,97,1,1
70019,54,53,1,1
70020,85,88,-3,3
70021,96,89,7,7
70022,132,123,9,9
70023,81,86,-5,5
70024,57,57,0,0
70025,71,64,7,7
70026,92,91,1,1
70027,99,88,11,11
70028,87,84,3,3
70029,116,97,19,19
70030,46,51,-5,5
70031,29,37,-8,8
70032,163,179,-16,16
70033,110,104,6,6
70034,68,67,1,1
70035,62,58,4,4
70036,60,52,8,8
70037,91,99,-8,8
70038,35,39,-4,4
70039,61,68,-7,7
70040,101,93,8,8
70041,135,133,2,2
70042,169,179,-10,10
70043,122,113,9,9
70044,182,183,-1,1
70045,86,92,-6,6
70046,121,115,6,6
70047,65,60,5,5
70048,84,79,5,5
70049,98,92,6,6
70050,61,64,-3,3
70051,71,75,-4,4
70052,54,57,-3,3
70053,130,122,8,8
70054,47,50,-3,3
70055,78,74,4,4
70056,83,73,10,10
70057,119,108,11,11
70058,86,78,8,8
70059,92,97,-5,5
70060,76,76,0,0
70061,80,89,-9,9
70062,103,97,6,6
70063,113,111,2,2
70064,79,85,-6,6
70065,68,68,0,0
70066,115,113,2,2
70067,62,66,-4,4
70068,107,121,-14,14
70069,115,105,10,10
70070,138,143,-5,5
70071,115,125,-10,10
70072,117,109,8,8
70073,92,149,-57,57
70074,122,114,8,8
70075,54,55,-1,1
70076,76,77,-1,1
70077,96,93,3,3
70078,57,59,-2,2
70079,108,108,0,0
70080,104,108,-4,4
70081,107,106,1,1
70082,66,61,5,5
70083,57,64,-7,7
70084,72,70,2,2
70085,63,92,-29,29
70086,119,121,-2,2
70087,123,118,5,5
70088,86,85,1,1
70089,121,105,16,16
70090,72,63,9,9
70091,70,71,-1,1
70092,84,73,11,11
70093,72,77,-5,5
70094,61,58,3,3
70095,128,114,14,14
70096,90,93,-3,3
70097,138,155,-17,17
70098,80,82,-2,2
70099,134,109,25,25
70100,135,141,-6,6
70101,108,105,3,3
70102,114,108,6,6
70103,87,86,1,1
70104,29,39,-10,10
70105,84,85,-1,1
70106,139,143,-4,4
70107,126,117,9,9
70108,61,55,6,6
70109,22,39,-17,17
70110,61,70,-9,9
70111,74,85,-11,11
70112,120,118,2,2
70113,69,65,4,4
70114,61,65,-4,4
70115,88,94,-6,6
70116,102,103,-1,1
70117,107,109,-2,2
70118,103,102,1,1
70119,89,93,-4,4
70120,134,137,-3,3
70121,52,61,-9,9
70122,63,93,-30,30
70123,116,106,10,10
70124,123,131,-8,8
70125,101,94,7,7
70126,58,60,-2,2
70127,95,98,-3,3
70128,66,63,3,3
70129,69,67,2,2
70130,107,102,5,5
70131,118,131,-13,13
70132,155,141,14,14
70133,75,73,2,2
70134,103,94,9,9
70135,81,75,6,6
70136,94,94,0,0
70137,64,61,3,3
70138,135,132,3,3
70139,116,139,-23,23
70140,213,196,17,17
70141,87,90,-3,3
70142,109,128,-19,19
70143,149,150,-1,1
70144,81,96,-15,15
70145,78,76,2,2
70146,62,60,2,2
70147,73,77,-4,4
70148,68,60,8,8
70149,103,81,22,22
70150,121,109,12,12
70151,165,155,10,10
70152,105,101,4,4
70153,71,63,8,8
70154,139,150,-11,11
70155,75,101,-26,26
70156,146,159,-13,13
70157,88,93,-5,5
70158,184,193,-9,9
70159,122,113,9,9
70160,50,65,-15,15
70161,98,100,-2,2
70162,28,66,-38,38
70163,68,59,9,9
70164,34,38,-4,4
70165,88,81,7,7
70166,87,90,-3,3
70167,91,87,4,4
70168,97,94,3,3
70169,93,80,13,13
70170,46,38,8,8
70171,63,62,1,1
70172,54,59,-5,5
70173,68,71,-3,3
70174,100,119,-19,19
70175,51,50,1,1
70176,92,98,-6,6
70177,111,113,-2,2
70178,66,64,2,2
70179,60,71,-11,11
70180,66,64,2,2
70181,130,117,13,13
70182,125,114,11,11
70183,134,140,-6,6
70184,139,143,-4,4
70185,105,108,-3,3
70186,70,69,1,1
70187,106,99,7,7
70188,146,133,13,13
70189,144,147,-3,3
70190,108,127,-19,19
70191,77,78,-1,1
70192,99,95,4,4
70193,79,78,1,1
70194,65,65,0,0
70195,65,77,-12,12
70196,89,101,-12,12
70197,128,118,10,10
70198,95,121,-26,26
70199,131,144,-13,13
70200,48,39,9,9
70201,127,117,10,10
70202,102,108,-6,6
70203,127,127,0,0
70204,53,55,-2,2
70205,148,136,12,12
70206,173,166,7,7
70207,110,107,3,3
70208,61,64,-3,3
70209,65,65,0,0
70210,83,80,3,3
70211,125,128,-3,3
70212,94,91,3,3
70213,82,78,4,4
70214,95,86,9,9
70215,48,54,-6,6
70216,112,113,-1,1
70217,74,74,0,0
70218,114,110,4,4
70219,64,68,-4,4
70220,109,102,7,7
70221,163,156,7,7
70222,136,140,-4,4
70223,218,202,16,16
70224,114,106,8,8
70225,152,153,-1,1
70226,115,120,-5,5
70227,70,75,-5,5
70228,76,73,3,3
70229,101,101,0,0
70230,122,112,10,10
70231,95,87,8,8
70232,112,146,-34,34
70233,114,115,-1,1
70234,93,91,2,2
70235,56,67,-11,11
70236,110,122,-12,12
70237,97,97,0,0
70238,86,99,-13,13
70239,87,87,0,0
70240,55,68,-13,13
70241,183,205,-22,22
70242,99,102,-3,3
70243,102,103,-1,1
70244,113,107,6,6
70245,95,93,2,2
70246,191,177,14,14
70247,82,85,-3,3
70248,55,51,4,4
70249,60,62,-2,2
70250,81,76,5,5
70251,87,88,-1,1
70252,142,149,-7,7
70253,97,85,12,12
70254,116,103,13,13
70255,73,69,4,4
70256,87,93,-6,6
70257,102,93,9,9
70258,57,58,-1,1
70259,56,62,-6,6
70260,193,172,21,21
70261,99,102,-3,3
70262,61,65,-4,4
70263,90,88,2,2
70264,129,136,-7,7
70265,86,86,0,0
70266,68,77,-9,9
70267,106,94,12,12
70268,101,112,-11,11
70269,139,134,5,5
70270,97,106,-9,9
70271,79,87,-8,8
70272,54,62,-8,8
70273,47,54,-7,7
70274,119,111,8,8
70275,93,96,-3,3
70276,70,68,2,2
70277,109,111,-2,2
70278,55,67,-12,12
70279,127,139,-12,12
70280,76,76,0,0
70281,35,39,-4,4
70282,66,65,1,1
70283,72,70,2,2
70284,91,103,-12,12
70285,128,138,-10,10
70286,123,127,-4,4
70287,129,130,-1,1
70288,106,99,7,7
70289,84,89,-5,5
70290,99,86,13,13
70291,59,54,5,5
70292,54,59,-5,5
70293,120,121,-1,1
70294,188,177,11,11
70295,83,81,2,2
70296,146,134,12,12
70297,69,70,-1,1
70298,58,59,-1,1
70299,173,155,18,18
70300,131,123,8,8
70301,150,146,4,4
70302,115,111,4,4
70303,107,98,9,9
70304,131,137,-6,6
70305,101,105,-4,4
70306,105,95,10,10
70307,104,101,3,3
70308,138,129,9,9
70309,62,60,2,2
70310,88,93,-5,5
70311,44,39,5,5
70312,116,120,-4,4
70313,84,81,3,3
70314,80,100,-20,20
70315,112,112,0,0
70316,85,84,1,1
70317,82,71,11,11
70318,101,104,-3,3
70319,123,129,-6,6
70320,137,132,5,5
70321,112,95,17,17
70322,72,74,-2,2
70323,100,96,4,4
70324,106,99,7,7
70325,64,53,11,11
70326,115,108,7,7
70327,44,38,6,6
70328,112,111,1,1
70329,113,110,3,3
70330,203,193,10,10
70331,113,103,10,10
70332,154,155,-1,1
70333,88,93,-5,5
70334,88,103,-15,15
70335,56,57,-1,1
70336,116,113,3,3
70337,104,103,1,1
70338,96,93,3,3
70339,99,99,0,0
70340,98,105,-7,7
70341,128,139,-11,11
70342,79,85,-6,6
70343,97,109,-12,12
70344,68,73,-5,5
70345,93,82,11,11
70346,99,100,-1,1
70347,68,70,-2,2
70348,83,78,5,5
70349,85,88,-3,3
70350,89,97,-8,8
70351,95,92,3,3
70352,133,133,0,0
70353,86,87,-1,1
70354,94,92,2,2
70355,63,70,-7,7
70356,134,136,-2,2
70357,79,85,-6,6
70358,55,53,2,2
70359,82,86,-4,4
70360,60,63,-3,3
70361,63,72,-9,9
70362,179,171,8,8
70363,127,128,-1,1
70364,65,61,4,4
70365,101,104,-3,3
70366,112,107,5,5
70367,66,69,-3,3
70368,104,104,0,0
70369,80,99,-19,19
70370,84,77,7,7
70371,57,58,-1,1
70372,55,54,1,1
70373,134,131,3,3
70374,125,120,5,5
70375,83,83,0,0
70376,66,63,3,3
70377,59,84,-25,25
70378,117,117,0,0
70379,103,122,-19,19
70380,101,93,8,8
70381,128,132,-4,4
70382,92,99,-7,7
70383,167,160,7,7
70384,79,78,1,1
70385,121,117,4,4
70386,85,74,11,11
70387,80,66,14,14
70388,26,38,-12,12
70389,52,55,-3,3
70390,58,67,-9,9
70391,137,136,1,1
70392,48,50,-2,2
70393,138,134,4,4
70394,81,63,18,18
70395,132,134,-2,2
70396,111,108,3,3
70397,115,120,-5,5
70398,129,131,-2,2
70399,125,127,-2,2
70400,138,167,-29,29
70401,51,56,-5,5
70402,131,147,-16,16
70403,164,175,-11,11
70404,107,92,15,15
70405,102,100,2,2
70406,66,65,1,1
70407,59,58,1,1
70408,60,57,3,3
70409,145,144,1,1
70410,143,141,2,2
70411,121,126,-5,5
70412,98,105,-7,7
70413,107,92,15,15
70414,69,64,5,5
70415,154,158,-4,4
70416,93,97,-4,4
70417,93,95,-2,2
70418,41,38,3,3
70419,103,107,-4,4
70420,81,81,0,0
70421,105,97,8,8
70422,60,56,4,4
70423,90,96,-6,6
70424,76,73,3,3
70425,98,101,-3,3
70426,70,68,2,2
70427,49,57,-8,8
70428,113,111,2,2
70429,45,57,-12,12
70430,109,105,4,4
70431,53,57,-4,4
70432,98,82,16,16
70433,70,64,6,6
70434,91,88,3,3
70435,126,120,6,6
70436,68,57,11,11
70437,54,71,-17,17
70438,99,91,8,8
70439,85,90,-5,5
70440,85,78,7,7
70441,93,96,-3,3
70442,69,66,3,3
70443,59,57,2,2
70444,47,55,-8,8
70445,83,83,0,0
70446,103,111,-8,8
70447,93,87,6,6
70448,125,141,-16,16
70449,97,97,0,0
70450,103,112,-9,9
70451,79,79,0,0
70452,103,119,-16,16
70453,132,126,6,6
70454,165,176,-11,11
70455,132,129,3,3
70456,88,88,0,0
70457,92,88,4,4
70458,75,72,3,3
70459,108,102,6,6
70460,98,94,4,4
70461,133,162,-29,29
70462,75,67,8,8
70463,187,199,-12,12
70464,123,122,1,1
70465,63,80,-17,17
70466,92,106,-14,14
70467,117,116,1,1
70468,98,87,11,11
70469,247,239,8,8
70470,98,101,-3,3
70471,102,90,12,12
70472,66,76,-10,10
70473,62,60,2,2
70474,84,85,-1,1
70475,52,52,0,0
70476,107,102,5,5
70477,155,145,10,10
70478,118,120,-2,2
70479,150,159,-9,9
70480,112,107,5,5
70481,106,106,0,0
70482,61,60,1,1
70483,101,106,-5,5
70484,80,68,12,12
70485,65,79,-14,14
70486,86,83,3,3
70487,74,68,6,6
70488,163,153,10,10
70489,100,106,-6,6
70490,44,50,-6,6
70491,86,72,14,14
70492,119,117,2,2
70493,80,75,5,5
70494,57,64,-7,7
70495,136,125,11,11
70496,113,117,-4,4
70497,75,76,-1,1
70498,41,58,-17,17
70499,125,144,-19,19
70500,77,72,5,5
70501,97,91,6,6
70502,159,167,-8,8
70503,43,49,-6,6
70504,47,38,9,9
70505,53,57,-4,4
70506,141,132,9,9
70507,79,83,-4,4
70508,74,72,2,2
70509,117,117,0,0
70510,39,39,0,0
70511,74,79,-5,5
70512,131,138,-7,7
70513,95,94,1,1
70514,152,142,10,10
70515,80,85,-5,5
70516,125,109,16,16
70517,114,120,-6,6
70518,113,107,6,6
70519,58,66,-8,8
70520,98,89,9,9
70521,135,130,5,5
70522,88,99,-11,11
70523,147,150,-3,3
70524,83,82,1,1
70525,145,146,-1,1
70526,144,150,-6,6
70527,142,138,4,4
70528,65,66,-1,1
70529,59,61,-2,2
70530,116,115,1,1
70531,51,54,-3,3
70532,48,50,-2,2
70533,113,124,-11,11
70534,87,67,20,20
70535,72,79,-7,7
70536,100,99,1,1
70537,66,66,0,0
70538,106,114,-8,8
70539,128,121,7,7
70540,71,65,6,6
70541,69,76,-7,7
70542,117,134,-17,17
70543,125,127,-2,2
70544,105,103,2,2
70545,43,37,6,6
70546,154,165,-11,11
70547,77,79,-2,2
70548,104,106,-2,2
70549,112,109,3,3
70550,84,83,1,1
70551,69,69,0,0
70552,135,126,9,9
70553,130,118,12,12
70554,117,129,-12,12
70555,47,56,-9,9
70556,114,118,-4,4
70557,100,106,-6,6
70558,129,140,-11,11
70559,59,57,2,2
70560,159,156,3,3
70561,61,57,4,4
70562,51,56,-5,5
70563,92,89,3,3
70564,73,74,-1,1
70565,98,81,17,17
70566,117,115,2,2
70567,100,111,-11,11
70568,54,70,-16,16
70569,76,69,7,7
70570,132,134,-2,2
70571,178,143,35,35
70572,91,95,-4,4
70573,127,117,10,10
70574,75,68,7,7
70575,70,67,3,3
70576,124,123,1,1
70577,125,132,-7,7
70578,80,85,-5,5
70579,59,60,-1,1
70580,82,89,-7,7
70581,130,134,-4,4
70582,82,88,-6,6
70583,93,85,8,8
70584,82,89,-7,7
70585,160,152,8,8
70586,83,79,4,4
70587,128,118,10,10
70588,123,113,10,10
70589,98,94,4,4
70590,104,96,8,8
70591,109,104,5,5
70592,48,38,10,10
70593,62,60,2,2
70594,63,59,4,4
70595,63,64,-1,1
70596,115,107,8,8
70597,94,89,5,5
70598,94,99,-5,5
70599,91,90,1,1
70600,141,146,-5,5
70601,162,161,1,1
70602,91,94,-3,3
70603,88,93,-5,5
70604,117,128,-11,11
70605,52,54,-2,2
70606,57,60,-3,3
70607,106,91,15,15
70608,77,86,-9,9
70609,58,61,-3,3
70610,85,79,6,6
70611,110,108,2,2
70612,74,82,-8,8
70613,97,90,7,7
70614,58,61,-3,3
70615,92,99,-7,7
70616,97,101,-4,4
70617,73,71,2,2
70618,89,93,-4,4
70619,108,103,5,5
70620,129,125,4,4
70621,83,82,1,1
70622,97,93,4,4
70623,88,87,1,1
70624,88,83,5,5
70625,74,78,-4,4
70626,103,107,-4,4
70627,93,86,7,7
70628,39,39,0,0
70629,168,163,5,5
70630,102,90,12,12
70631,77,84,-7,7
70632,209,218,-9,9
70633,88,85,3,3
70634,88,92,-4,4
70635,95,102,-7,7
70636,113,108,5,5
70637,109,115,-6,6
70638,93,96,-3,3
70639,167,161,6,6
70640,55,73,-18,18
70641,115,116,-1,1
70642,101,105,-4,4
70643,52,60,-8,8
70644,155,160,-5,5
70645,47,53,-6,6
70646,123,130,-7,7
70647,71,66,5,5
70648,109,111,-2,2
70649,63,67,-4,4
70650,132,152,-20,20
70651,74,78,-4,4
70652,89,98,-9,9
70653,131,130,1,1
70654,71,73,-2,2
70655,100,86,14,14
70656,76,89,-13,13
70657,67,66,1,1
70658,121,110,11,11
70659,45,57,-12,12
70660,79,66,13,13
70661,145,148,-3,3
70662,242,217,25,25
70663,64,77,-13,13
70664,146,138,8,8
70665,80,79,1,1
70666,135,141,-6,6
70667,94,90,4,4
70668,88,83,5,5
70669,119,127,-8,8
70670,129,124,5,5
70671,86,85,1,1
70672,60,56,4,4
70673,148,162,-14,14
70674,43,56,-13,13
70675,41,38,3,3
70676,272,248,24,24
70677,116,104,12,12
70678,86,83,3,3
70679,69,72,-3,3
70680,51,48,3,3
70681,80,80,0,0
70682,83,80,3,3
70683,108,104,4,4
70684,66,64,2,2
70685,178,190,-12,12
70686,138,143,-5,5
70687,124,109,15,15
70688,58,55,3,3
70689,93,94,-1,1
70690,135,128,7,7
70691,98,84,14,14
70692,91,82,9,9
70693,83,75,8,8
70694,192,193,-1,1
70695,119,105,14,14
70696,44,49,-5,5
70697,83,89,-6,6
70698,75,78,-3,3
70699,216,212,4,4
70700,178,180,-2,2
70701,81,83,-2,2
70702,56,65,-9,9
70703,85,86,-1,1
70704,87,83,4,4
70705,77,74,3,3
70706,73,76,-3,3
70707,122,122,0,0
70708,169,155,14,14
70709,155,148,7,7
70710,111,112,-1,1
70711,37,39,-2,2
70712,116,122,-6,6
70713,107,109,-2,2
70714,63,67,-4,4
70715,97,91,6,6
70716,108,95,13,13
70717,94,97,-3,3
70718,56,57,-1,1
70719,49,38,11,11
70720,87,93,-6,6
70721,110,111,-1,1
70722,89,91,-2,2
70723,87,81,6,6
70724,127,129,-2,2
70725,82,84,-2,2
70726,58,55,3,3
70727,69,72,-3,3
70728,66,61,5,5
70729,62,79,-17,17
70730,80,85,-5,5
70731,62,63,-1,1
70732,46,44,2,2
70733,48,68,-20,20
70734,77,70,7,7
70735,99,118,-19,19
70736,98,103,-5,5
70737,87,89,-2,2
70738,63,65,-2,2
70739,114,122,-8,8
70740,121,132,-11,11
70741,70,73,-3,3
70742,118,108,10,10
70743,116,117,-1,1
70744,89,95,-6,6
70745,100,98,2,2
70746,249,251,-2,2
70747,202,191,11,11
70748,152,151,1,1
70749,140,137,3,3
70750,162,157,5,5
70751,90,87,3,3
70752,132,120,12,12
70753,79,70,9,9
70754,73,69,4,4
70755,115,106,9,9
70756,188,185,3,3
70757,72,71,1,1
70758,112,115,-3,3
70759,131,129,2,2
70760,128,131,-3,3
70761,125,127,-2,2
70762,133,128,5,5
70763,159,153,6,6
70764,96,92,4,4
70765,85,87,-2,2
70766,103,101,2,2
70767,74,70,4,4
70768,139,141,-2,2
70769,114,113,1,1
70770,35,39,-4,4
70771,56,57,-1,1
70772,85,92,-7,7
70773,111,98,13,13
70774,107,111,-4,4
70775,138,142,-4,4
70776,79,72,7,7
70777,89,91,-2,2
70778,97,90,7,7
70779,88,84,4,4
70780,77,82,-5,5
70781,83,77,6,6
70782,138,140,-2,2
70783,109,110,-1,1
70784,58,64,-6,6
70785,65,68,-3,3
70786,97,100,-3,3
70787,95,95,0,0
70788,93,91,2,2
70789,80,85,-5,5
70790,88,80,8,8
70791,104,110,-6,6
70792,72,73,-1,1
70793,75,70,5,5
70794,88,89,-1,1
70795,104,114,-10,10
70796,70,70,0,0
70797,83,88,-5,5
70798,108,100,8,8
70799,84,80,4,4
70800,91,98,-7,7
70801,115,118,-3,3
70802,80,86,-6,6
70803,122,128,-6,6
70804,116,115,1,1
70805,119,119,0,0
70806,105,104,1,1
70807,80,86,-6,6
70808,63,82,-19,19
70809,108,118,-10,10
70810,73,71,2,2
70811,116,117,-1,1
70812,101,91,10,10
70813,78,80,-2,2
70814,137,143,-6,6
70815,94,98,-4,4
70816,63,61,2,2
70817,122,137,-15,15
70818,145,140,5,5
70819,110,103,7,7
70820,86,82,4,4
70821,160,160,0,0
70822,149,144,5,5
70823,93,89,4,4
70824,77,68,9,9
70825,43,51,-8,8
70826,85,90,-5,5
70827,85,77,8,8
70828,71,70,1,1
70829,68,72,-4,4
70830,85,88,-3,3
70831,74,85,-11,11
70832,152,172,-20,20
70833,161,153,8,8
70834,130,138,-8,8
70835,83,77,6,6
70836,102,103,-1,1
70837,96,107,-11,11
70838,111,115,-4,4
70839,41,39,2,2
70840,54,58,-4,4
70841,119,115,4,4
70842,89,78,11,11
70843,105,94,11,11
70844,163,163,0,0
70845,102,102,0,0
70846,90,90,0,0
70847,52,65,-13,13
70848,61,61,0,0
70849,84,97,-13,13
70850,87,93,-6,6
70851,56,68,-12,12
70852,86,98,-12,12
70853,153,150,3,3
70854,130,124,6,6
70855,171,166,5,5
70856,81,79,2,2
70857,76,72,4,4
70858,82,91,-9,9
70859,114,124,-10,10
70860,103,110,-7,7
70861,98,99,-1,1
70862,130,133,-3,3
70863,145,129,16,16
70864,66,81,-15,15
70865,136,116,20,20
70866,96,105,-9,9
70867,35,39,-4,4
70868,77,76,1,1
70869,108,102,6,6
70870,91,105,-14,14
70871,68,72,-4,4
70872,114,116,-2,2
70873,38,38,0,0
70874,123,105,18,18
70875,81,81,0,0
70876,96,90,6,6
70877,89,86,3,3
70878,129,151,-22,22
70879,93,91,2,2
70880,57,59,-2,2
70881,81,73,8,8
70882,137,129,8,8
70883,83,77,6,6
70884,97,97,0,0
70885,100,99,1,1
70886,83,86,-3,3
70887,94,86,8,8
70888,87,100,-13,13
70889,154,156,-2,2
70890,126,109,17,17
70891,74,72,2,2
70892,87,94,-7,7
70893,62,69,-7,7
70894,61,59,2,2
70895,94,84,10,10
70896,91,86,5,5
70897,67,67,0,0
70898,87,83,4,4
70899,58,65,-7,7
70900,126,122,4,4
70901,102,98,4,4
70902,97,102,-5,5
70903,60,59,1,1
70904,84,88,-4,4
70905,168,134,34,34
70906,89,91,-2,2
70907,60,57,3,3
70908,99,104,-5,5
70909,119,112,7,7
70910,90,91,-1,1
70911,150,154,-4,4
70912,95,96,-1,1
70913,79,79,0,0
70914,45,39,6,6
70915,101,97,4,4
70916,123,119,4,4
70917,145,150,-5,5
70918,56,57,-1,1
70919,83,85,-2,2
70920,48,39,9,9
70921,65,63,2,2
70922,102,109,-7,7
70923,75,72,3,3
70924,194,215,-21,21
70925,55,57,-2,2
70926,61,59,2,2
70927,97,94,3,3
70928,123,130,-7,7
70929,47,50,-3,3
70930,99,113,-14,14
70931,88,87,1,1
70932,65,61,4,4
70933,71,70,1,1
70934,140,136,4,4
70935,113,110,3,3
70936,70,71,-1,1
70937,123,125,-2,2
70938,113,99,14,14
70939,170,159,11,11
70940,101,105,-4,4
70941,113,105,8,8
70942,102,95,7,7
70943,74,78,-4,4
70944,73,81,-8,8
70945,90,98,-8,8
70946,62,58,4,4
70947,104,124,-20,20
70948,119,119,0,0
70949,71,63,8,8
70950,129,140,-11,11
70951,48,52,-4,4
70952,149,161,-12,12
70953,63,60,3,3
70954,115,116,-1,1
70955,110,115,-5,5
70956,93,122,-29,29
70957,100,100,0,0
70958,90,93,-3,3
70959,46,55,-9,9
70960,126,122,4,4
70961,99,98,1,1
70962,65,63,2,2
70963,77,75,2,2
70964,70,63,7,7
70965,82,93,-11,11
70966,91,92,-1,1
70967,142,135,7,7
70968,73,68,5,5
70969,146,139,7,7
70970,106,106,0,0
70971,185,193,-8,8
70972,72,70,2,2
70973,119,109,10,10
70974,56,61,-5,5
70975,110,107,3,3
70976,94,91,3,3
70977,79,88,-9,9
70978,50,47,3,3
70979,86,84,2,2
70980,73,71,2,2
70981,81,80,1,1
70982,68,73,-5,5
70983,69,72,-3,3
70984,135,126,9,9
70985,162,141,21,21
70986,107,107,0,0
70987,74,76,-2,2
70988,61,65,-4,4
70989,101,94,7,7
70990,70,66,4,4
70991,101,124,-23,23
70992,61,64,-3,3
70993,103,102,1,1
70994,47,113,-66,66
70995,87,87,0,0
70996,73,75,-2,2
70997,100,90,10,10
70998,97,88,9,9
70999,75,78,-3,3
71000,77,74,3,3
71001,59,56,3,3
71002,136,143,-7,7
71003,44,39,5,5
71004,149,140,9,9
71005,85,90,-5,5
71006,132,135,-3,3
71007,54,55,-1,1
71008,98,95,3,3
71009,102,111,-9,9
71010,122,122,0,0
71011,70,67,3,3
71012,121,119,2,2
71013,86,86,0,0
71014,99,97,2,2
71015,71,64,7,7
71016,113,108,5,5
71017,100,99,1,1
71018,61,58,3,3
71019,69,73,-4,4
71020,103,115,-12,12
71021,122,143,-21,21
71022,90,84,6,6
71023,113,103,10,10
71024,99,109,-10,10
71025,100,91,9,9
71026,77,82,-5,5
71027,84,80,4,4
71028,101,97,4,4
71029,86,86,0,0
71030,43,49,-6,6
71031,73,76,-3,3
71032,128,124,4,4
71033,81,68,13,13
71034,67,57,10,10
71035,137,135,2,2
71036,77,77,0,0
71037,52,58,-6,6
71038,103,112,-9,9
71039,107,109,-2,2
71040,101,94,7,7
71041,80,81,-1,1
71042,114,116,-2,2
71043,112,114,-2,2
71044,118,106,12,12
71045,110,110,0,0
71046,88,84,4,4
71047,63,92,-29,29
71048,125,114,11,11
71049,126,116,10,10
71050,68,85,-17,17
71051,59,65,-6,6
71052,69,72,-3,3
71053,90,82,8,8
71054,108,116,-8,8
71055,80,82,-2,2
71056,63,63,0,0
71057,52,52,0,0
71058,72,79,-7,7
71059,76,80,-4,4
71060,92,90,2,2
71061,133,164,-31,31
71062,65,70,-5,5
71063,69,67,2,2
71064,121,112,9,9
71065,92,87,5,5
71066,67,66,1,1
71067,134,130,4,4
71068,81,75,6,6
71069,68,80,-12,12
71070,67,67,0,0
71071,52,54,-2,2
71072,107,109,-2,2
71073,120,115,5,5
71074,133,137,-4,4
71075,150,142,8,8
71076,124,142,-18,18
71077,86,88,-2,2
71078,29,38,-9,9
71079,170,159,11,11
71080,88,86,2,2
71081,158,155,3,3
71082,58,58,0,0
71083,129,128,1,1
71084,94,95,-1,1
71085,116,117,-1,1
71086,159,158,1,1
71087,86,84,2,2
71088,174,182,-8,8
71089,104,96,8,8
71090,90,79,11,11
71091,101,97,4,4
71092,107,111,-4,4
71093,133,121,12,12
71094,70,66,4,4
71095,100,99,1,1
71096,174,179,-5,5
71097,41,40,1,1
71098,85,86,-1,1
71099,76,74,2,2
71100,73,75,-2,2
71101,131,130,1,1
71102,83,81,2,2
71103,88,95,-7,7
71104,128,128,0,0
71105,86,88,-2,2
71106,163,165,-2,2
71107,104,106,-2,2
71108,50,51,-1,1
71109,114,97,17,17
71110,108,112,-4,4
71111,72,73,-1,1
71112,63,66,-3,3
71113,51,54,-3,3
71114,94,92,2,2
71115,76,67,9,9
71116,39,39,0,0
71117,100,97,3,3
71118,64,66,-2,2
71119,87,86,1,1
71120,112,108,4,4
71121,105,106,-1,1
71122,84,89,-5,5
71123,135,133,2,2
71124,66,62,4,4
71125,164,166,-2,2
71126,53,57,-4,4
71127,131,123,8,8
71128,97,95,2,2
71129,44,53,-9,9
71130,85,88,-3,3
71131,58,52,6,6
71132,105,111,-6,6
71133,51,51,0,0
71134,67,69,-2,2
71135,82,91,-9,9
71136,100,92,8,8
71137,154,143,11,11
71138,89,95,-6,6
71139,88,82,6,6
71140,104,93,11,11
71141,82,72,10,10
71142,97,93,4,4
71143,87,103,-16,16
71144,71,62,9,9
71145,87,93,-6,6
71146,71,72,-1,1
71147,168,166,2,2
71148,124,118,6,6
71149,75,64,11,11
71150,137,111,26,26
71151,131,128,3,3
71152,161,172,-11,11
71153,80,78,2,2
71154,109,107,2,2
71155,65,64,1,1
71156,152,159,-7,7
71157,120,114,6,6
71158,116,122,-6,6
71159,82,99,-17,17
71160,214,201,13,13
71161,75,74,1,1
71162,95,89,6,6
71163,120,112,8,8
71164,126,128,-2,2
71165,112,109,3,3
71166,115,127,-12,12
71167,94,89,5,5
71168,84,88,-4,4
71169,99,102,-3,3
71170,69,62,7,7
71171,62,61,1,1
71172,106,108,-2,2
71173,110,102,8,8
71174,78,80,-2,2
71175,161,196,-35,35
71176,140,106,34,34
71177,83,99,-16,16
71178,110,102,8,8
71179,50,54,-4,4
71180,160,152,8,8
71181,93,87,6,6
71182,161,165,-4,4
71183,37,39,-2,2
71184,58,55,3,3
71185,109,124,-15,15
71186,99,105,-6,6
71187,124,150,-26,26
71188,65,61,4,4
71189,113,108,5,5
71190,114,128,-14,14
71191,127,119,8,8
71192,99,91,8,8
71193,83,80,3,3
71194,74,82,-8,8
71195,112,118,-6,6
71196,76,77,-1,1
71197,86,84,2,2
71198,59,65,-6,6
71199,185,166,19,19
71200,113,95,18,18
71201,90,89,1,1
71202,60,67,-7,7
71203,136,120,16,16
71204,94,92,2,2
71205,100,94,6,6
71206,93,90,3,3
71207,80,83,-3,3
71208,138,121,17,17
71209,123,121,2,2
71210,84,82,2,2
71211,96,103,-7,7
71212,123,122,1,1
71213,46,86,-40,40
71214,54,53,1,1
71215,135,136,-1,1
71216,135,119,16,16
71217,79,83,-4,4
71218,127,121,6,6
71219,75,78,-3,3
71220,43,64,-21,21
71221,107,90,17,17
71222,86,79,7,7
71223,114,123,-9,9
71224,56,53,3,3
71225,80,81,-1,1
71226,86,83,3,3
71227,62,58,4,4
71228,78,68,10,10
71229,158,165,-7,7
71230,96,118,-22,22
71231,88,89,-1,1
71232,62,58,4,4
71233,116,108,8,8
71234,103,104,-1,1
71235,108,120,-12,12
71236,96,94,2,2
71237,65,64,1,1
71238,64,68,-4,4
71239,136,129,7,7
71240,92,97,-5,5
71241,66,57,9,9
71242,106,109,-3,3
71243,168,158,10,10
71244,91,90,1,1
71245,90,97,-7,7
71246,83,83,0,0
71247,198,192,6,6
71248,98,100,-2,2
71249,116,101,15,15
71250,77,83,-6,6
71251,95,91,4,4
71252,113,113,0,0
71253,102,99,3,3
71254,54,53,1,1
71255,138,146,-8,8
71256,76,74,2,2
71257,58,56,2,2
71258,74,73,1,1
71259,93,94,-1,1
71260,56,75,-19,19
71261,139,149,-10,10
71262,169,173,-4,4
71263,131,132,-1,1
71264,64,51,13,13
71265,89,95,-6,6
71266,111,106,5,5
71267,149,148,1,1
71268,86,81,5,5
71269,67,90,-23,23
71270,54,58,-4,4
71271,47,53,-6,6
71272,43,53,-10,10
71273,90,93,-3,3
71274,139,127,12,12
71275,62,63,-1,1
71276,67,72,-5,5
71277,75,81,-6,6
71278,87,86,1,1
71279,82,81,1,1
71280,41,39,2,2
71281,86,89,-3,3
71282,151,143,8,8
71283,87,83,4,4
71284,107,110,-3,3
71285,67,65,2,2
71286,90,100,-10,10
71287,133,130,3,3
71288,42,39,3,3
71289,124,116,8,8
71290,66,65,1,1
71291,74,74,0,0
71292,54,50,4,4
71293,123,119,4,4
71294,137,139,-2,2
71295,67,62,5,5
71296,113,117,-4,4
71297,103,93,10,10
71298,161,151,10,10
71299,114,106,8,8
71300,112,112,0,0
71301,103,103,0,0
71302,112,117,-5,5
71303,123,135,-12,12
71304,65,66,-1,1
71305,97,91,6,6
71306,68,60,8,8
71307,69,75,-6,6
71308,69,62,7,7
71309,143,138,5,5
71310,107,107,0,0
71311,59,80,-21,21
71312,125,120,5,5
71313,57,64,-7,7
71314,108,114,-6,6
71315,86,88,-2,2
71316,98,94,4,4
71317,82,81,1,1
71318,87,124,-37,37
71319,65,67,-2,2
71320,96,93,3,3
71321,60,53,7,7
71322,77,78,-1,1
71323,81,81,0,0
71324,147,146,1,1
71325,75,64,11,11
71326,75,71,4,4
71327,85,94,-9,9
71328,94,93,1,1
71329,158,161,-3,3
71330,103,85,18,18
71331,125,115,10,10
71332,119,148,-29,29
71333,109,109,0,0
71334,64,60,4,4
71335,74,77,-3,3
71336,33,38,-5,5
71337,104,102,2,2
71338,73,83,-10,10
71339,148,130,18,18
71340,57,62,-5,5
71341,62,58,4,4
71342,143,144,-1,1
71343,96,111,-15,15
71344,61,62,-1,1
71345,126,127,-1,1
71346,66,85,-19,19
71347,97,102,-5,5
71348,58,60,-2,2
71349,85,88,-3,3
71350,207,191,16,16
71351,114,107,7,7
71352,105,103,2,2
71353,92,93,-1,1
71354,80,79,1,1
71355,97,94,3,3
71356,93,92,1,1
71357,55,53,2,2
71358,89,85,4,4
71359,116,116,0,0
71360,98,100,-2,2
71361,79,71,8,8
71362,127,130,-3,3
71363,112,104,8,8
71364,131,115,16,16
71365,92,97,-5,5
71366,81,81,0,0
71367,236,228,8,8
71368,110,126,-16,16
71369,66,70,-4,4
71370,100,106,-6,6
71371,98,101,-3,3
71372,118,111,7,7
71373,91,97,-6,6
71374,162,149,13,13
71375,77,72,5,5
71376,67,69,-2,2
71377,131,132,-1,1
71378,103,107,-4,4
71379,57,60,-3,3
71380,93,81,12,12
71381,72,82,-10,10
71382,67,56,11,11
71383,49,60,-11,11
71384,72,69,3,3
71385,56,54,2,2
71386,154,172,-18,18
71387,72,79,-7,7
71388,44,51,-7,7
71389,97,99,-2,2
71390,173,148,25,25
71391,151,148,3,3
71392,92,88,4,4
71393,41,60,-19,19
71394,101,107,-6,6
71395,151,138,13,13
71396,112,102,10,10
71397,82,85,-3,3
71398,147,140,7,7
71399,104,89,15,15
71400,156,148,8,8
71401,69,65,4,4
71402,88,94,-6,6
71403,49,56,-7,7
71404,72,75,-3,3
71405,87,84,3,3
71406,83,81,2,2
71407,78,67,11,11
71408,109,113,-4,4
71409,118,130,-12,12
71410,146,198,-52,52
71411,95,92,3,3
71412,139,135,4,4
71413,112,122,-10,10
71414,74,82,-8,8
71415,101,109,-8,8
71416,69,67,2,2
71417,60,55,5,5
71418,52,52,0,0
71419,70,69,1,1
71420,52,51,1,1
71421,93,98,-5,5
71422,75,74,1,1
71423,50,64,-14,14
71424,64,66,-2,2
71425,167,152,15,15
71426,59,60,-1,1
71427,117,119,-2,2
71428,97,98,-1,1
71429,93,98,-5,5
71430,70,74,-4,4
71431,91,83,8,8
71432,52,54,-2,2
71433,97,104,-7,7
71434,66,57,9,9
71435,91,90,1,1
71436,72,109,-37,37
71437,113,105,8,8
71438,91,89,2,2
71439,50,61,-11,11
71440,85,102,-17,17
71441,167,168,-1,1
71442,78,79,-1,1
71443,149,144,5,5
71444,102,97,5,5
71445,116,114,2,2
71446,69,79,-10,10
71447,63,63,0,0
71448,108,117,-9,9
71449,81,79,2,2
71450,82,82,0,0
71451,113,114,-1,1
71452,83,86,-3,3
71453,97,89,8,8
71454,78,95,-17,17
71455,102,104,-2,2
71456,109,115,-6,6
71457,64,79,-15,15
71458,98,97,1,1
71459,156,143,13,13
71460,126,128,-2,2
71461,90,90,0,0
71462,122,121,1,1
71463,67,70,-3,3
71464,60,57,3,3
71465,60,62,-2,2
71466,73,70,3,3
71467,135,142,-7,7
71468,116,115,1,1
71469,92,89,3,3
71470,116,117,-1,1
71471,76,76,0,0
71472,137,134,3,3
71473,38,51,-13,13
71474,212,206,6,6
71475,115,115,0,0
71476,170,164,6,6
71477,140,163,-23,23
71478,194,171,23,23
71479,119,115,4,4
71480,46,51,-5,5
71481,67,65,2,2
71482,114,112,2,2
71483,107,127,-20,20
71484,83,102,-19,19
71485,103,96,7,7
71486,75,85,-10,10
71487,117,135,-18,18
71488,59,59,0,0
71489,68,92,-24,24
71490,117,118,-1,1
71491,142,135,7,7
71492,50,48,2,2
71493,72,76,-4,4
71494,114,130,-16,16
71495,161,164,-3,3
71496,104,101,3,3
71497,241,230,11,11
71498,72,75,-3,3
71499,89,94,-5,5
71500,76,79,-3,3
71501,97,99,-2,2
71502,93,87,6,6
71503,73,64,9,9
71504,67,56,11,11
71505,89,90,-1,1
71506,91,93,-2,2
71507,112,114,-2,2
71508,156,161,-5,5
71509,59,62,-3,3
71510,71,78,-7,7
71511,35,38,-3,3
71512,60,57,3,3
71513,151,162,-11,11
71514,83,85,-2,2
71515,114,121,-7,7
71516,66,59,7,7
71517,68,73,-5,5
71518,128,127,1,1
71519,168,147,21,21
71520,84,84,0,0
71521,87,88,-1,1
71522,94,93,1,1
71523,44,52,-8,8
71524,93,98,-5,5
71525,135,126,9,9
71526,80,76,4,4
71527,105,98,7,7
71528,86,91,-5,5
71529,115,118,-3,3
71530,183,175,8,8
71531,120,116,4,4
71532,25,38,-13,13
71533,53,55,-2,2
71534,131,116,15,15
71535,164,158,6,6
71536,74,76,-2,2
71537,125,122,3,3
71538,91,98,-7,7
71539,106,94,12,12
71540,95,92,3,3
71541,75,68,7,7
71542,114,109,5,5
71543,70,64,6,6
71544,89,82,7,7
71545,37,38,-1,1
71546,90,86,4,4
71547,60,60,0,0
71548,106,110,-4,4
71549,59,66,-7,7
71550,114,124,-10,10
71551,69,67,2,2
71552,96,100,-4,4
71553,90,85,5,5
71554,132,145,-13,13
71555,117,123,-6,6
71556,78,80,-2,2
71557,63,68,-5,5
71558,96,105,-9,9
71559,132,111,21,21
71560,83,78,5,5
71561,114,110,4,4
71562,109,103,6,6
71563,97,89,8,8
71564,81,83,-2,2
71565,95,93,2,2
71566,82,86,-4,4
71567,127,135,-8,8
71568,108,110,-2,2
71569,91,105,-14,14
71570,87,85,2,2
71571,92,90,2,2
71572,165,161,4,4
71573,85,86,-1,1
71574,50,58,-8,8
71575,62,59,3,3
71576,97,99,-2,2
71577,87,91,-4,4
71578,66,61,5,5
71579,76,73,3,3
71580,75,78,-3,3
71581,172,171,1,1
71582,45,49,-4,4
71583,86,90,-4,4
71584,73,84,-11,11
71585,189,174,15,15
71586,65,67,-2,2
71587,76,75,1,1
71588,95,97,-2,2
71589,95,87,8,8
71590,87,87,0,0
71591,108,109,-1,1
71592,91,80,11,11
71593,69,79,-10,10
71594,141,153,-12,12
71595,75,75,0,0
71596,82,87,-5,5
71597,55,54,1,1
71598,55,64,-9,9
71599,121,119,2,2
71600,55,51,4,4
71601,131,122,9,9
71602,111,105,6,6
71603,52,60,-8,8
71604,141,135,6,6
71605,82,79,3,3
71606,49,52,-3,3
71607,67,79,-12,12
71608,65,62,3,3
71609,116,121,-5,5
71610,112,115,-3,3
71611,117,116,1,1
71612,137,137,0,0
71613,95,102,-7,7
71614,59,60,-1,1
71615,84,92,-8,8
71616,89,80,9,9
71617,137,138,-1,1
71618,194,165,29,29
71619,144,132,12,12
71620,106,97,9,9
71621,122,112,10,10
71622,67,73,-6,6
71623,104,109,-5,5
71624,114,111,3,3
71625,84,93,-9,9
71626,49,64,-15,15
71627,232,202,30,30
71628,79,72,7,7
71629,101,105,-4,4
71630,105,106,-1,1
71631,104,107,-3,3
71632,221,195,26,26
71633,124,106,18,18
71634,154,148,6,6
71635,110,107,3,3
71636,75,78,-3,3
71637,175,172,3,3
71638,162,170,-8,8
71639,169,156,13,13
71640,82,89,-7,7
71641,69,69,0,0
71642,63,64,-1,1
71643,101,107,-6,6
71644,59,58,1,1
71645,123,129,-6,6
71646,105,110,-5,5
71647,99,92,7,7
71648,58,64,-6,6
71649,103,100,3,3
71650,77,87,-10,10
71651,64,59,5,5
71652,49,49,0,0
71653,96,93,3,3
71654,78,83,-5,5
71655,124,134,-10,10
71656,66,87,-21,21
71657,163,159,4,4
71658,140,154,-14,14
71659,77,79,-2,2
71660,55,61,-6,6
71661,64,58,6,6
71662,73,84,-11,11
71663,86,90,-4,4
71664,87,87,0,0
71665,80,85,-5,5
71666,74,82,-8,8
71667,69,61,8,8
71668,118,120,-2,2
71669,74,83,-9,9
71670,162,163,-1,1
71671,63,66,-3,3
71672,88,89,-1,1
71673,105,104,1,1
71674,70,57,13,13
71675,86,92,-6,6
71676,82,82,0,0
71677,181,187,-6,6
71678,60,59,1,1
71679,139,145,-6,6
71680,45,38,7,7
71681,84,85,-1,1
71682,87,83,4,4
71683,94,85,9,9
71684,94,98,-4,4
71685,102,126,-24,24
71686,82,84,-2,2
71687,102,90,12,12
71688,51,51,0,0
71689,91,88,3,3
71690,92,94,-2,2
71691,119,122,-3,3
71692,98,103,-5,5
71693,92,87,5,5
71694,144,142,2,2
71695,117,123,-6,6
71696,61,56,5,5
71697,55,49,6,6
71698,89,83,6,6
71699,83,84,-1,1
71700,122,109,13,13
71701,101,104,-3,3
71702,71,73,-2,2
71703,183,190,-7,7
71704,79,82,-3,3
71705,68,83,-15,15
71706,124,123,1,1
71707,96,91,5,5
71708,82,82,0,0
71709,99,110,-11,11
71710,145,129,16,16
71711,143,147,-4,4
71712,131,136,-5,5
71713,83,81,2,2
71714,118,135,-17,17
71715,65,68,-3,3
71716,52,58,-6,6
71717,78,78,0,0
71718,76,76,0,0
71719,142,133,9,9
71720,90,85,5,5
71721,64,65,-1,1
71722,70,66,4,4
71723,81,89,-8,8
71724,155,155,0,0
71725,94,107,-13,13
71726,64,65,-1,1
71727,83,79,4,4
71728,112,107,5,5
71729,112,96,16,16
71730,132,131,1,1
71731,84,76,8,8
71732,63,64,-1,1
71733,78,84,-6,6
71734,143,140,3,3
71735,71,74,-3,3
71736,94,92,2,2
71737,75,73,2,2
71738,54,63,-9,9
71739,81,68,13,13
71740,72,76,-4,4
71741,95,92,3,3
71742,136,130,6,6
71743,89,85,4,4
71744,66,68,-2,2
71745,95,89,6,6
71746,85,84,1,1
71747,114,117,-3,3
71748,70,65,5,5
71749,70,74,-4,4
71750,115,119,-4,4
71751,139,142,-3,3
71752,104,99,5,5
71753,65,63,2,2
71754,145,138,7,7
71755,108,105,3,3
71756,81,84,-3,3
71757,85,72,13,13
71758,59,68,-9,9
71759,146,158,-12,12
71760,89,102,-13,13
71761,94,94,0,0
71762,82,82,0,0
71763,58,63,-5,5
71764,78,78,0,0
71765,92,83,9,9
71766,65,63,2,2
71767,100,96,4,4
71768,126,124,2,2
71769,115,107,8,8
71770,64,57,7,7
71771,67,72,-5,5
71772,114,103,11,11
71773,73,71,2,2
71774,86,85,1,1
71775,92,83,9,9
71776,393,377,16,16
71777,121,141,-20,20
71778,77,87,-10,10
71779,106,93,13,13
71780,81,84,-3,3
71781,99,83,16,16
71782,150,152,-2,2
71783,98,99,-1,1
71784,107,110,-3,3
71785,59,54,5,5
71786,53,39,14,14
71787,99,96,3,3
71788,138,136,2,2
71789,58,63,-5,5
71790,85,83,2,2
71791,129,125,4,4
71792,60,57,3,3
71793,67,63,4,4
71794,107,102,5,5
71795,42,52,-10,10
71796,73,73,0,0
71797,81,90,-9,9
71798,154,137,17,17
71799,84,82,2,2
71800,67,67,0,0
71801,62,57,5,5
71802,93,89,4,4
71803,119,115,4,4
71804,112,108,4,4
71805,146,145,1,1
71806,45,38,7,7
71807,127,122,5,5
71808,87,86,1,1
71809,122,123,-1,1
71810,83,76,7,7
71811,116,113,3,3
71812,95,102,-7,7
71813,101,106,-5,5
71814,132,131,1,1
71815,116,111,5,5
71816,79,71,8,8
71817,94,90,4,4
71818,131,123,8,8
71819,61,57,4,4
71820,66,66,0,0
71821,78,82,-4,4
71822,145,151,-6,6
71823,166,168,-2,2
71824,88,84,4,4
71825,99,93,6,6
71826,85,89,-4,4
71827,62,64,-2,2
71828,85,88,-3,3
71829,103,104,-1,1
71830,123,151,-28,28
71831,43,47,-4,4
71832,89,97,-8,8
71833,61,63,-2,2
71834,65,64,1,1
71835,81,79,2,2
71836,77,72,5,5
71837,118,118,0,0
71838,53,51,2,2
71839,90,80,10,10
71840,101,118,-17,17
71841,88,87,1,1
71842,136,138,-2,2
71843,142,141,1,1
71844,79,70,9,9
71845,124,125,-1,1
71846,69,66,3,3
71847,55,57,-2,2
71848,84,87,-3,3
71849,34,39,-5,5
71850,86,80,6,6
71851,67,74,-7,7
71852,234,218,16,16
71853,175,177,-2,2
71854,50,39,11,11
71855,75,67,8,8
71856,61,60,1,1
71857,103,99,4,4
71858,59,57,2,2
71859,83,96,-13,13
71860,50,48,2,2
71861,89,90,-1,1
71862,65,72,-7,7
71863,140,129,11,11
71864,158,160,-2,2
71865,113,115,-2,2
71866,118,125,-7,7
71867,172,161,11,11
71868,119,125,-6,6
71869,106,107,-1,1
71870,146,150,-4,4
71871,72,71,1,1
71872,84,83,1,1
71873,78,81,-3,3
71874,58,54,4,4
71875,85,76,9,9
71876,137,131,6,6
71877,86,117,-31,31
71878,78,77,1,1
71879,88,90,-2,2
71880,108,104,4,4
71881,104,95,9,9
71882,77,88,-11,11
71883,101,101,0,0
71884,109,112,-3,3
71885,84,81,3,3
71886,70,63,7,7
71887,134,139,-5,5
71888,51,38,13,13
71889,128,130,-2,2
71890,103,115,-12,12
71891,76,79,-3,3
71892,101,111,-10,10
71893,92,94,-2,2
71894,72,77,-5,5
71895,68,74,-6,6
71896,84,86,-2,2
71897,88,88,0,0
71898,119,128,-9,9
71899,56,40,16,16
71900,31,39,-8,8
71901,91,95,-4,4
71902,163,163,0,0
71903,124,117,7,7
71904,71,67,4,4
71905,101,97,4,4
71906,112,148,-36,36
71907,103,103,0,0
71908,74,71,3,3
71909,57,59,-2,2
71910,137,138,-1,1
71911,124,113,11,11
71912,77,91,-14,14
71913,83,82,1,1
71914,66,77,-11,11
71915,110,102,8,8
71916,65,65,0,0
71917,98,100,-2,2
71918,87,86,1,1
71919,90,83,7,7
71920,140,140,0,0
71921,116,116,0,0
71922,128,121,7,7
71923,73,68,5,5
71924,155,184,-29,29
71925,96,103,-7,7
71926,115,117,-2,2
71927,63,64,-1,1
71928,57,53,4,4
71929,113,120,-7,7
71930,104,94,10,10
71931,53,58,-5,5
71932,62,57,5,5
71933,53,57,-4,4
71934,71,66,5,5
71935,76,77,-1,1
71936,117,111,6,6
71937,57,61,-4,4
71938,79,71,8,8
71939,69,83,-14,14
71940,78,72,6,6
71941,40,61,-21,21
71942,58,69,-11,11
71943,105,101,4,4
71944,87,103,-16,16
71945,118,104,14,14
71946,101,116,-15,15
71947,32,39,-7,7
71948,75,75,0,0
71949,112,113,-1,1
71950,112,103,9,9
71951,124,134,-10,10
71952,68,66,2,2
71953,72,66,6,6
71954,52,53,-1,1
71955,84,83,1,1
71956,78,76,2,2
71957,106,92,14,14
71958,126,129,-3,3
71959,103,106,-3,3
71960,110,95,15,15
71961,91,85,6,6
71962,149,142,7,7
71963,55,54,1,1
71964,113,109,4,4
71965,72,68,4,4
71966,79,86,-7,7
71967,125,123,2,2
71968,126,118,8,8
71969,156,166,-10,10
71970,69,65,4,4
71971,59,50,9,9
71972,92,113,-21,21
71973,65,64,1,1
71974,94,95,-1,1
71975,76,90,-14,14
71976,145,143,2,2
71977,141,145,-4,4
71978,71,73,-2,2
71979,91,89,2,2
71980,56,60,-4,4
71981,107,114,-7,7
71982,73,70,3,3
71983,120,139,-19,19
71984,109,79,30,30
71985,125,119,6,6
71986,80,80,0,0
71987,55,55,0,0
71988,92,96,-4,4
71989,125,123,2,2
71990,74,75,-1,1
71991,65,74,-9,9
71992,85,87,-2,2
71993,41,39,2,2
71994,73,84,-11,11
71995,133,102,31,31
71996,48,51,-3,3
71997,81,79,2,2
71998,109,121,-12,12
71999,98,98,0,0
72000,123,123,0,0
72001,103,110,-7,7
72002,79,82,-3,3
72003,60,63,-3,3
72004,93,95,-2,2
72005,162,137,25,25
72006,121,114,7,7
72007,113,125,-12,12
72008,64,71,-7,7
72009,61,61,0,0
72010,110,106,4,4
72011,106,103,3,3
72012,111,105,6,6
72013,72,81,-9,9
72014,50,39,11,11
72015,58,50,8,8
72016,112,121,-9,9
72017,86,98,-12,12
72018,77,74,3,3
72019,116,116,0,0
72020,77,77,0,0
72021,156,146,10,10
72022,94,97,-3,3
72023,152,144,8,8
72024,153,155,-2,2
72025,91,93,-2,2
72026,114,112,2,2
72027,54,57,-3,3
72028,68,63,5,5
72029,108,134,-26,26
72030,144,140,4,4
72031,122,117,5,5
72032,94,99,-5,5
72033,100,94,6,6
72034,63,67,-4,4
72035,109,104,5,5
72036,92,85,7,7
72037,104,99,5,5
72038,80,67,13,13
72039,83,83,0,0
72040,115,121,-6,6
72041,149,157,-8,8
72042,111,114,-3,3
72043,64,70,-6,6
72044,117,106,11,11
72045,68,67,1,1
72046,98,90,8,8
72047,58,58,0,0
72048,109,104,5,5
72049,84,81,3,3
72050,59,62,-3,3
72051,122,106,16,16
72052,67,69,-2,2
72053,74,65,9,9
72054,65,68,-3,3
72055,95,90,5,5
72056,90,92,-2,2
72057,71,69,2,2
72058,46,39,7,7
72059,37,64,-27,27
72060,128,125,3,3
72061,110,108,2,2
72062,98,108,-10,10
72063,55,53,2,2
72064,118,110,8,8
72065,28,39,-11,11
72066,164,161,3,3
72067,97,100,-3,3
72068,149,136,13,13
72069,100,93,7,7
72070,102,111,-9,9
72071,99,102,-3,3
72072,170,152,18,18
72073,124,132,-8,8
72074,109,122,-13,13
72075,146,138,8,8
72076,170,180,-10,10
72077,85,65,20,20
72078,106,101,5,5
72079,96,97,-1,1
72080,105,107,-2,2
72081,116,108,8,8
72082,61,62,-1,1
72083,114,116,-2,2
72084,105,102,3,3
72085,163,176,-13,13
72086,50,52,-2,2
72087,141,127,14,14
72088,79,86,-7,7
72089,129,126,3,3
72090,82,78,4,4
72091,61,62,-1,1
72092,69,69,0,0
72093,62,74,-12,12
72094,93,89,4,4
72095,92,99,-7,7
72096,91,105,-14,14
72097,45,51,-6,6
72098,167,162,5,5
72099,71,70,1,1
72100,43,48,-5,5
72101,122,120,2,2
72102,73,64,9,9
72103,99,95,4,4
72104,82,80,2,2
72105,119,111,8,8
72106,135,121,14,14
72107,46,47,-1,1
72108,102,97,5,5
72109,66,62,4,4
72110,159,163,-4,4
72111,93,89,4,4
72112,93,84,9,9
72113,71,70,1,1
72114,106,87,19,19
72115,99,92,7,7
72116,145,163,-18,18
72117,102,113,-11,11
72118,146,148,-2,2
72119,129,130,-1,1
72120,105,115,-10,10
72121,119,112,7,7
72122,49,51,-2,2
72123,114,109,5,5
72124,137,140,-3,3
72125,84,84,0,0
72126,63,62,1,1
72127,120,113,7,7
72128,63,64,-1,1
72129,153,140,13,13
72130,73,78,-5,5
72131,110,104,6,6
72132,178,175,3,3
72133,73,99,-26,26
72134,80,72,8,8
72135,98,96,2,2
72136,122,124,-2,2
72137,122,123,-1,1
72138,95,96,-1,1
72139,100,106,-6,6
72140,107,110,-3,3
72141,86,77,9,9
72142,62,57,5,5
72143,77,78,-1,1
72144,49,52,-3,3
72145,68,70,-2,2
72146,25,37,-12,12
72147,83,82,1,1
72148,54,39,15,15
72149,122,125,-3,3
72150,115,119,-4,4
72151,92,84,8,8
72152,120,131,-11,11
72153,161,154,7,7
72154,100,94,6,6
72155,127,132,-5,5
72156,56,57,-1,1
72157,120,121,-1,1
72158,319,289,30,30
72159,161,155,6,6
72160,120,109,11,11
72161,119,108,11,11
72162,119,103,16,16
72163,155,141,14,14
72164,90,91,-1,1
72165,43,50,-7,7
72166,67,58,9,9
72167,75,67,8,8
72168,86,85,1,1
72169,107,102,5,5
72170,109,110,-1,1
72171,105,111,-6,6
72172,120,124,-4,4
72173,57,56,1,1
72174,81,86,-5,5
72175,114,111,3,3
72176,101,98,3,3
72177,104,95,9,9
72178,105,95,10,10
72179,93,97,-4,4
72180,117,118,-1,1
72181,93,88,5,5
72182,60,61,-1,1
72183,81,66,15,15
72184,96,97,-1,1
72185,99,102,-3,3
72186,88,81,7,7
72187,113,120,-7,7
72188,91,102,-11,11
72189,142,136,6,6
72190,95,95,0,0
72191,79,84,-5,5
72192,80,94,-14,14
72193,54,51,3,3
72194,124,119,5,5
72195,86,93,-7,7
72196,154,138,16,16
72197,77,81,-4,4
72198,129,117,12,12
72199,196,177,19,19
72200,78,79,-1,1
72201,63,66,-3,3
72202,176,167,9,9
72203,102,102,0,0
72204,102,108,-6,6
72205,92,89,3,3
72206,145,139,6,6
72207,64,63,1,1
72208,100,93,7,7
72209,96,113,-17,17
72210,96,85,11,11
72211,51,55,-4,4
72212,61,73,-12,12
72213,129,125,4,4
72214,196,188,8,8
72215,61,60,1,1
72216,86,86,0,0
72217,69,78,-9,9
72218,121,117,4,4
72219,87,97,-10,10
72220,105,94,11,11
72221,67,84,-17,17
72222,71,86,-15,15
72223,165,157,8,8
72224,132,129,3,3
72225,171,170,1,1
72226,81,76,5,5
72227,142,141,1,1
72228,75,76,-1,1
72229,102,95,7,7
72230,86,91,-5,5
72231,136,129,7,7
72232,63,60,3,3
72233,122,130,-8,8
72234,89,93,-4,4
72235,97,106,-9,9
72236,67,66,1,1
72237,105,102,3,3
72238,64,62,2,2
72239,85,96,-11,11
72240,99,105,-6,6
72241,80,70,10,10
72242,115,108,7,7
72243,65,66,-1,1
72244,104,96,8,8
72245,115,117,-2,2
72246,147,148,-1,1
72247,105,102,3,3
72248,141,140,1,1
72249,163,161,2,2
72250,129,123,6,6
72251,90,91,-1,1
72252,73,77,-4,4
72253,101,91,10,10
72254,103,106,-3,3
72255,53,59,-6,6
72256,67,71,-4,4
72257,78,80,-2,2
72258,75,70,5,5
72259,76,74,2,2
72260,105,107,-2,2
72261,103,93,10,10
72262,108,112,-4,4
72263,154,141,13,13
72264,84,89,-5,5
72265,125,122,3,3
72266,71,69,2,2
72267,84,91,-7,7
72268,81,84,-3,3
72269,95,96,-1,1
72270,249,226,23,23
72271,101,102,-1,1
72272,69,72,-3,3
72273,109,117,-8,8
72274,76,75,1,1
72275,92,95,-3,3
72276,56,60,-4,4
72277,85,93,-8,8
72278,51,53,-2,2
72279,117,104,13,13
72280,74,77,-3,3
72281,184,175,9,9
72282,82,88,-6,6
72283,93,102,-9,9
72284,87,80,7,7
72285,56,52,4,4
72286,65,60,5,5
72287,95,87,8,8
72288,112,117,-5,5
72289,110,112,-2,2
72290,137,138,-1,1
72291,73,72,1,1
72292,128,119,9,9
72293,99,88,11,11
72294,133,130,3,3
72295,109,107,2,2
72296,74,88,-14,14
72297,99,90,9,9
72298,23,39,-16,16
72299,87,96,-9,9
72300,175,171,4,4
72301,71,76,-5,5
72302,64,69,-5,5
72303,74,84,-10,10
72304,127,129,-2,2
72305,136,145,-9,9
72306,114,114,0,0
72307,143,142,1,1
72308,115,114,1,1
72309,83,91,-8,8
72310,118,117,1,1
72311,64,61,3,3
72312,94,98,-4,4
72313,69,60,9,9
72314,142,138,4,4
72315,75,72,3,3
72316,58,54,4,4
72317,19,38,-19,19
72318,83,90,-7,7
72319,59,60,-1,1
72320,99,101,-2,2
72321,69,74,-5,5
72322,95,90,5,5
72323,248,218,30,30
72324,129,126,3,3
72325,45,50,-5,5
72326,129,131,-2,2
72327,99,94,5,5
72328,98,97,1,1
72329,115,122,-7,7
72330,136,141,-5,5
72331,111,105,6,6
72332,98,105,-7,7
72333,85,93,-8,8
72334,141,140,1,1
72335,94,105,-11,11
72336,94,95,-1,1
72337,112,122,-10,10
72338,107,107,0,0
72339,127,128,-1,1
72340,113,103,10,10
72341,131,114,17,17
72342,69,73,-4,4
72343,51,52,-1,1
72344,148,141,7,7
72345,79,67,12,12
72346,108,105,3,3
72347,105,113,-8,8
72348,82,103,-21,21
72349,152,166,-14,14
72350,77,83,-6,6
72351,96,106,-10,10
72352,118,136,-18,18
72353,176,181,-5,5
72354,161,173,-12,12
72355,74,71,3,3
72356,89,100,-11,11
72357,126,136,-10,10
72358,105,108,-3,3
72359,102,105,-3,3
72360,74,81,-7,7
72361,122,119,3,3
72362,80,84,-4,4
72363,75,75,0,0
72364,148,150,-2,2
72365,129,126,3,3
72366,68,65,3,3
72367,74,92,-18,18
72368,96,87,9,9
72369,88,85,3,3
72370,53,65,-12,12
72371,79,77,2,2
72372,78,74,4,4
72373,69,71,-2,2
72374,134,124,10,10
72375,77,73,4,4
72376,144,130,14,14
72377,102,104,-2,2
72378,112,125,-13,13
72379,122,118,4,4
72380,87,86,1,1
72381,111,118,-7,7
72382,102,100,2,2
72383,73,75,-2,2
72384,86,86,0,0
72385,74,71,3,3
72386,132,123,9,9
72387,128,135,-7,7
72388,130,127,3,3
72389,62,62,0,0
72390,44,51,-7,7
72391,78,83,-5,5
72392,95,94,1,1
72393,95,83,12,12
72394,116,118,-2,2
72395,80,79,1,1
72396,57,60,-3,3
72397,84,98,-14,14
72398,122,114,8,8
72399,115,120,-5,5
72400,185,164,21,21
72401,144,127,17,17
72402,54,57,-3,3
72403,125,126,-1,1
72404,107,119,-12,12
72405,140,151,-11,11
72406,59,61,-2,2
72407,64,65,-1,1
72408,83,85,-2,2
72409,56,56,0,0
72410,79,69,10,10
72411,58,56,2,2
72412,92,96,-4,4
72413,138,137,1,1
72414,110,104,6,6
72415,197,183,14,14
72416,102,99,3,3
72417,75,70,5,5
72418,127,121,6,6
72419,95,101,-6,6
72420,64,58,6,6
72421,68,73,-5,5
72422,174,173,1,1
72423,61,60,1,1
72424,74,67,7,7
72425,106,108,-2,2
72426,60,62,-2,2
72427,73,86,-13,13
72428,92,91,1,1
72429,189,169,20,20
72430,99,95,4,4
72431,147,143,4,4
72432,120,118,2,2
72433,75,79,-4,4
72434,57,55,2,2
72435,56,54,2,2
72436,73,70,3,3
72437,67,62,5,5
72438,176,165,11,11
72439,131,132,-1,1
72440,101,100,1,1
72441,77,71,6,6
72442,90,116,-26,26
72443,106,111,-5,5
72444,120,122,-2,2
72445,82,78,4,4
72446,117,117,0,0
72447,57,80,-23,23
72448,57,66,-9,9
72449,104,102,2,2
72450,85,82,3,3
72451,112,119,-7,7
72452,89,93,-4,4
72453,88,104,-16,16
72454,87,78,9,9
72455,103,124,-21,21
72456,151,141,10,10
72457,92,96,-4,4
72458,98,89,9,9
72459,63,74,-11,11
72460,88,91,-3,3
72461,85,83,2,2
72462,29,39,-10,10
72463,88,98,-10,10
72464,105,115,-10,10
72465,108,105,3,3
72466,69,71,-2,2
72467,100,100,0,0
72468,67,71,-4,4
72469,78,67,11,11
72470,97,103,-6,6
72471,84,74,10,10
72472,57,65,-8,8
72473,124,116,8,8
72474,117,114,3,3
72475,101,93,8,8
72476,104,109,-5,5
72477,97,109,-12,12
72478,69,65,4,4
72479,105,106,-1,1
72480,78,88,-10,10
72481,75,68,7,7
72482,67,62,5,5
72483,182,172,10,10
72484,49,57,-8,8
72485,89,94,-5,5
72486,72,72,0,0
72487,97,99,-2,2
72488,72,69,3,3
72489,66,61,5,5
72490,118,129,-11,11
72491,49,54,-5,5
72492,87,80,7,7
72493,157,138,19,19
72494,63,67,-4,4
72495,69,74,-5,5
72496,163,175,-12,12
72497,221,228,-7,7
72498,60,65,-5,5
72499,97,100,-3,3
72500,64,50,14,14
72501,87,99,-12,12
72502,101,103,-2,2
72503,96,95,1,1
72504,111,117,-6,6
72505,67,67,0,0
72506,112,114,-2,2
72507,92,84,8,8
72508,90,103,-13,13
72509,127,140,-13,13
72510,62,64,-2,2
72511,82,88,-6,6
72512,131,116,15,15
72513,66,60,6,6
72514,122,131,-9,9
72515,80,93,-13,13
72516,83,90,-7,7
72517,71,80,-9,9
72518,76,69,7,7
72519,130,140,-10,10
72520,72,62,10,10
72521,51,52,-1,1
72522,114,121,-7,7
72523,62,66,-4,4
72524,46,38,8,8
72525,58,63,-5,5
72526,84,93,-9,9
72527,69,68,1,1
72528,59,118,-59,59
72529,65,65,0,0
72530,175,179,-4,4
72531,135,137,-2,2
72532,106,106,0,0
72533,72,83,-11,11
72534,124,125,-1,1
72535,126,124,2,2
72536,120,123,-3,3
72537,92,92,0,0
72538,68,63,5,5
72539,109,106,3,3
72540,74,86,-12,12
72541,61,66,-5,5
72542,96,94,2,2
72543,115,126,-11,11
72544,88,94,-6,6
72545,112,111,1,1
72546,182,167,15,15
72547,156,151,5,5
72548,156,152,4,4
72549,103,89,14,14
72550,89,86,3,3
72551,114,104,10,10
72552,106,93,13,13
72553,85,77,8,8
72554,107,101,6,6
72555,75,70,5,5
72556,84,88,-4,4
72557,120,121,-1,1
72558,95,86,9,9
72559,48,41,7,7
72560,65,58,7,7
72561,59,66,-7,7
72562,85,81,4,4
72563,125,124,1,1
72564,89,85,4,4
72565,92,87,5,5
72566,131,137,-6,6
72567,83,84,-1,1
72568,81,74,7,7
72569,82,75,7,7
72570,66,66,0,0
72571,126,131,-5,5
72572,167,160,7,7
72573,103,109,-6,6
72574,119,114,5,5
72575,133,133,0,0
72576,138,145,-7,7
72577,136,130,6,6
72578,57,57,0,0
72579,111,108,3,3
72580,75,81,-6,6
72581,64,63,1,1
72582,111,114,-3,3
72583,126,128,-2,2
72584,147,141,6,6
72585,188,170,18,18
72586,123,77,46,46
72587,87,98,-11,11
72588,77,77,0,0
72589,82,76,6,6
72590,83,85,-2,2
72591,69,77,-8,8
72592,136,144,-8,8
72593,53,59,-6,6
72594,81,80,1,1
72595,124,130,-6,6
72596,111,105,6,6
72597,120,118,2,2
72598,66,72,-6,6
72599,68,64,4,4
72600,147,158,-11,11
72601,193,181,12,12
72602,62,59,3,3
72603,113,117,-4,4
72604,83,86,-3,3
72605,114,120,-6,6
72606,138,140,-2,2
72607,63,69,-6,6
72608,153,141,12,12
72609,75,81,-6,6
72610,104,108,-4,4
72611,138,148,-10,10
72612,86,74,12,12
72613,85,88,-3,3
72614,132,137,-5,5
72615,86,85,1,1
72616,60,65,-5,5
72617,119,115,4,4
72618,233,222,11,11
72619,125,136,-11,11
72620,128,125,3,3
72621,135,140,-5,5
72622,92,86,6,6
72623,134,131,3,3
72624,108,106,2,2
72625,154,144,10,10
72626,149,150,-1,1
72627,112,105,7,7
72628,117,116,1,1
72629,158,159,-1,1
72630,83,81,2,2
72631,92,94,-2,2
72632,80,75,5,5
72633,86,91,-5,5
72634,23,39,-16,16
72635,90,93,-3,3
72636,129,134,-5,5
72637,122,124,-2,2
72638,49,54,-5,5
72639,58,63,-5,5
72640,115,108,7,7
72641,92,92,0,0
72642,146,169,-23,23
72643,69,87,-18,18
72644,107,117,-10,10
72645,152,146,6,6
72646,106,94,12,12
72647,78,81,-3,3
72648,122,113,9,9
72649,97,107,-10,10
72650,62,65,-3,3
72651,125,128,-3,3
72652,172,168,4,4
72653,73,74,-1,1
72654,88,86,2,2
72655,69,71,-2,2
72656,72,63,9,9
72657,87,87,0,0
72658,53,54,-1,1
72659,65,66,-1,1
72660,117,113,4,4
72661,105,108,-3,3
72662,168,163,5,5
72663,83,94,-11,11
72664,65,69,-4,4
72665,108,104,4,4
72666,45,50,-5,5
72667,123,114,9,9
72668,62,64,-2,2
72669,69,71,-2,2
72670,65,67,-2,2
72671,88,102,-14,14
72672,70,71,-1,1
72673,115,113,2,2
72674,68,62,6,6
72675,109,107,2,2
72676,117,121,-4,4
72677,68,69,-1,1
72678,93,92,1,1
72679,76,72,4,4
72680,147,140,7,7
72681,124,121,3,3
72682,146,144,2,2
72683,104,116,-12,12
72684,85,87,-2,2
72685,107,94,13,13
72686,131,118,13,13
72687,71,67,4,4
72688,78,70,8,8
72689,69,71,-2,2
72690,124,134,-10,10
72691,101,92,9,9
72692,64,59,5,5
72693,69,67,2,2
72694,60,65,-5,5
72695,97,93,4,4
72696,78,77,1,1
72697,106,132,-26,26
72698,102,97,5,5
72699,102,99,3,3
72700,135,138,-3,3
72701,84,95,-11,11
72702,132,125,7,7
72703,81,79,2,2
72704,55,50,5,5
72705,80,74,6,6
72706,89,102,-13,13
72707,218,391,-173,173
72708,68,63,5,5
72709,136,119,17,17
72710,78,71,7,7
72711,66,70,-4,4
72712,115,117,-2,2
72713,102,93,9,9
72714,64,65,-1,1
72715,32,38,-6,6
72716,61,58,3,3
72717,98,100,-2,2
72718,87,76,11,11
72719,75,62,13,13
72720,131,124,7,7
72721,82,92,-10,10
72722,102,94,8,8
72723,68,63,5,5
72724,129,129,0,0
72725,147,146,1,1
72726,54,59,-5,5
72727,95,94,1,1
72728,181,178,3,3
72729,102,106,-4,4
72730,49,54,-5,5
72731,100,93,7,7
72732,72,75,-3,3
72733,137,152,-15,15
72734,57,55,2,2
72735,85,80,5,5
72736,69,68,1,1
72737,44,39,5,5
72738,102,102,0,0
72739,140,144,-4,4
72740,59,62,-3,3
72741,59,65,-6,6
72742,67,62,5,5
72743,96,99,-3,3
72744,54,38,16,16
72745,81,79,2,2
72746,154,152,2,2
72747,134,145,-11,11
72748,100,83,17,17
72749,104,98,6,6
72750,92,101,-9,9
72751,63,64,-1,1
72752,115,98,17,17
72753,55,58,-3,3
72754,163,159,4,4
72755,122,127,-5,5
72756,106,102,4,4
72757,90,95,-5,5
72758,97,95,2,2
72759,69,71,-2,2
72760,86,85,1,1
72761,87,87,0,0
72762,134,122,12,12
72763,83,89,-6,6
72764,96,96,0,0
72765,75,73,2,2
72766,91,85,6,6
72767,74,68,6,6
72768,105,107,-2,2
72769,109,107,2,2
72770,50,65,-15,15
72771,83,69,14,14
72772,101,98,3,3
72773,98,105,-7,7
72774,78,79,-1,1
72775,115,105,10,10
72776,151,147,4,4
72777,50,38,12,12
72778,111,114,-3,3
72779,75,86,-11,11
72780,191,185,6,6
72781,82,80,2,2
72782,133,126,7,7
72783,131,131,0,0
72784,69,66,3,3
72785,112,106,6,6
72786,52,57,-5,5
72787,109,122,-13,13
72788,82,89,-7,7
72789,106,116,-10,10
72790,36,38,-2,2
72791,84,85,-1,1
72792,103,102,1,1
72793,56,57,-1,1
72794,78,78,0,0
72795,69,67,2,2
72796,67,70,-3,3
72797,83,90,-7,7
72798,103,106,-3,3
72799,84,87,-3,3
72800,68,73,-5,5
72801,78,76,2,2
72802,118,111,7,7
72803,112,109,3,3
72804,108,110,-2,2
72805,113,110,3,3
72806,116,101,15,15
72807,67,64,3,3
72808,110,114,-4,4
72809,100,94,6,6
72810,111,102,9,9
72811,82,87,-5,5
72812,157,156,1,1
72813,75,79,-4,4
72814,102,98,4,4
72815,90,90,0,0
72816,60,63,-3,3
72817,88,90,-2,2
72818,96,96,0,0
72819,117,144,-27,27
72820,76,85,-9,9
72821,166,156,10,10
72822,187,159,28,28
72823,73,64,9,9
72824,91,99,-8,8
72825,125,129,-4,4
72826,60,62,-2,2
72827,91,90,1,1
72828,99,116,-17,17
72829,80,71,9,9
72830,125,124,1,1
72831,111,123,-12,12
72832,54,56,-2,2
72833,192,184,8,8
72834,159,152,7,7
72835,71,68,3,3
72836,80,82,-2,2
72837,58,59,-1,1
72838,78,69,9,9
72839,146,135,11,11
72840,73,66,7,7
72841,178,163,15,15
72842,94,95,-1,1
72843,131,127,4,4
72844,70,59,11,11
72845,126,130,-4,4
72846,84,81,3,3
72847,80,84,-4,4
72848,214,196,18,18
72849,111,113,-2,2
72850,134,140,-6,6
72851,89,102,-13,13
72852,124,146,-22,22
72853,112,101,11,11
72854,94,103,-9,9
72855,110,107,3,3
72856,143,146,-3,3
72857,70,71,-1,1
72858,112,117,-5,5
72859,88,87,1,1
72860,89,83,6,6
72861,78,73,5,5
72862,121,116,5,5
72863,69,67,2,2
72864,82,83,-1,1
72865,137,175,-38,38
72866,116,118,-2,2
72867,169,163,6,6
72868,108,100,8,8
72869,62,57,5,5
72870,66,85,-19,19
72871,126,121,5,5
72872,77,67,10,10
72873,170,164,6,6
72874,48,50,-2,2
72875,123,115,8,8
72876,135,132,3,3
72877,128,130,-2,2
72878,108,110,-2,2
72879,102,93,9,9
72880,89,92,-3,3
72881,68,72,-4,4
72882,83,78,5,5
72883,174,176,-2,2
72884,130,115,15,15
72885,176,168,8,8
72886,87,97,-10,10
72887,69,62,7,7
72888,69,74,-5,5
72889,100,88,12,12
72890,164,162,2,2
72891,94,103,-9,9
72892,82,79,3,3
72893,191,198,-7,7
72894,99,103,-4,4
72895,78,82,-4,4
72896,68,67,1,1
72897,121,107,14,14
72898,128,122,6,6
72899,149,150,-1,1
72900,164,156,8,8
72901,74,73,1,1
72902,67,60,7,7
72903,59,63,-4,4
72904,100,118,-18,18
72905,62,72,-10,10
72906,100,104,-4,4
72907,79,83,-4,4
72908,137,160,-23,23
72909,74,76,-2,2
72910,94,92,2,2
72911,119,97,22,22
72912,103,94,9,9
72913,95,95,0,0
72914,60,56,4,4
72915,111,109,2,2
72916,34,39,-5,5
72917,78,88,-10,10
72918,97,95,2,2
72919,111,112,-1,1
72920,85,91,-6,6
72921,149,143,6,6
72922,90,83,7,7
72923,49,53,-4,4
72924,138,134,4,4
72925,69,65,4,4
72926,79,73,6,6
72927,70,65,5,5
72928,82,86,-4,4
72929,79,84,-5,5
72930,85,95,-10,10
72931,89,88,1,1
72932,67,66,1,1
72933,106,117,-11,11
72934,70,80,-10,10
72935,74,82,-8,8
72936,55,62,-7,7
72937,164,169,-5,5
72938,77,73,4,4
72939,57,54,3,3
72940,97,109,-12,12
72941,136,149,-13,13
72942,83,83,0,0
72943,66,65,1,1
72944,92,98,-6,6
72945,92,94,-2,2
72946,71,66,5,5
72947,67,77,-10,10
72948,150,141,9,9
72949,69,73,-4,4
72950,132,125,7,7
72951,194,192,2,2
72952,137,137,0,0
72953,68,70,-2,2
72954,90,98,-8,8
72955,113,109,4,4
72956,61,55,6,6
72957,160,153,7,7
72958,149,147,2,2
72959,48,56,-8,8
72960,128,129,-1,1
72961,102,101,1,1
72962,95,97,-2,2
72963,68,60,8,8
72964,164,156,8,8
72965,92,101,-9,9
72966,100,95,5,5
72967,68,75,-7,7
72968,81,82,-1,1
72969,87,82,5,5
72970,121,105,16,16
72971,95,98,-3,3
72972,99,85,14,14
72973,59,64,-5,5
72974,140,131,9,9
72975,109,90,19,19
72976,147,142,5,5
72977,84,84,0,0
72978,111,106,5,5
72979,85,90,-5,5
72980,63,67,-4,4
72981,64,61,3,3
72982,75,69,6,6
72983,136,120,16,16
72984,140,145,-5,5
72985,45,39,6,6
72986,159,162,-3,3
72987,110,102,8,8
72988,54,66,-12,12
72989,129,131,-2,2
72990,170,186,-16,16
72991,111,112,-1,1
72992,72,65,7,7
72993,129,129,0,0
72994,67,67,0,0
72995,159,176,-17,17
72996,60,63,-3,3
72997,91,91,0,0
72998,126,117,9,9
72999,240,212,28,28
73000,113,115,-2,2
73001,85,80,5,5
73002,54,60,-6,6
73003,68,68,0,0
73004,89,87,2,2
73005,142,136,6,6
73006,146,136,10,10
73007,87,88,-1,1
73008,122,127,-5,5
73009,81,60,21,21
73010,77,79,-2,2
73011,113,105,8,8
73012,182,193,-11,11
73013,111,104,7,7
73014,97,88,9,9
73015,90,86,4,4
73016,149,143,6,6
73017,62,72,-10,10
73018,121,121,0,0
73019,90,89,1,1
73020,64,55,9,9
73021,158,158,0,0
73022,89,89,0,0
73023,93,90,3,3
73024,82,77,5,5
73025,80,84,-4,4
73026,231,230,1,1
73027,52,55,-3,3
73028,185,175,10,10
73029,125,131,-6,6
73030,116,109,7,7
73031,70,71,-1,1
73032,92,90,2,2
73033,135,143,-8,8
73034,83,90,-7,7
73035,78,81,-3,3
73036,89,85,4,4
73037,98,94,4,4
73038,74,81,-7,7
73039,117,117,0,0
73040,65,215,-150,150
73041,80,82,-2,2
73042,82,79,3,3
73043,144,153,-9,9
73044,64,62,2,2
73045,144,142,2,2
73046,46,39,7,7
73047,29,39,-10,10
73048,81,80,1,1
73049,115,114,1,1
73050,99,96,3,3
73051,80,79,1,1
73052,111,107,4,4
73053,113,113,0,0
73054,119,102,17,17
73055,49,39,10,10
73056,128,125,3,3
73057,168,161,7,7
73058,52,52,0,0
73059,115,114,1,1
73060,230,211,19,19
73061,113,133,-20,20
73062,66,61,5,5
73063,102,101,1,1
73064,52,53,-1,1
73065,94,91,3,3
73066,69,69,0,0
73067,146,159,-13,13
73068,130,128,2,2
73069,82,72,10,10
73070,51,51,0,0
73071,114,112,2,2
73072,58,66,-8,8
73073,70,76,-6,6
73074,74,71,3,3
73075,75,67,8,8
73076,54,51,3,3
73077,134,141,-7,7
73078,46,39,7,7
73079,79,77,2,2
73080,66,77,-11,11
73081,114,119,-5,5
73082,76,85,-9,9
73083,149,148,1,1
73084,126,121,5,5
73085,91,99,-8,8
73086,56,53,3,3
73087,131,132,-1,1
73088,119,133,-14,14
73089,119,117,2,2
73090,124,125,-1,1
73091,142,145,-3,3
73092,215,198,17,17
73093,59,57,2,2
73094,60,58,2,2
73095,76,81,-5,5
73096,54,51,3,3
73097,78,88,-10,10
73098,133,146,-13,13
73099,56,53,3,3
73100,79,82,-3,3
73101,74,67,7,7
73102,55,67,-12,12
73103,62,55,7,7
73104,47,39,8,8
73105,112,118,-6,6
73106,112,104,8,8
73107,122,119,3,3
73108,104,105,-1,1
73109,81,101,-20,20
73110,76,86,-10,10
73111,61,57,4,4
73112,230,193,37,37
73113,87,85,2,2
73114,94,89,5,5
73115,83,80,3,3
73116,154,137,17,17
73117,140,135,5,5
73118,81,86,-5,5
73119,78,76,2,2
73120,112,107,5,5
73121,133,123,10,10
73122,72,75,-3,3
73123,150,126,24,24
73124,133,133,0,0
73125,74,64,10,10
73126,122,125,-3,3
73127,90,91,-1,1
73128,69,64,5,5
73129,75,79,-4,4
73130,50,39,11,11
73131,135,132,3,3
73132,126,123,3,3
73133,68,87,-19,19
73134,88,89,-1,1
73135,78,85,-7,7
73136,55,59,-4,4
73137,94,102,-8,8
73138,57,61,-4,4
73139,70,71,-1,1
73140,150,149,1,1
73141,67,72,-5,5
73142,78,82,-4,4
73143,82,87,-5,5
73144,123,131,-8,8
73145,75,67,8,8
73146,151,156,-5,5
73147,79,75,4,4
73148,116,110,6,6
73149,89,83,6,6
73150,143,142,1,1
73151,94,96,-2,2
73152,94,102,-8,8
73153,81,86,-5,5
73154,77,83,-6,6
73155,85,88,-3,3
73156,104,114,-10,10
73157,58,58,0,0
73158,76,80,-4,4
73159,72,71,1,1
73160,90,84,6,6
73161,126,138,-12,12
73162,81,83,-2,2
73163,113,114,-1,1
73164,72,77,-5,5
73165,111,117,-6,6
73166,94,90,4,4
73167,77,73,4,4
73168,76,69,7,7
73169,91,85,6,6
73170,84,86,-2,2
73171,50,59,-9,9
73172,111,119,-8,8
73173,160,158,2,2
73174,90,84,6,6
73175,165,180,-15,15
73176,153,139,14,14
73177,38,38,0,0
73178,76,91,-15,15
73179,73,72,1,1
73180,99,104,-5,5
73181,64,62,2,2
73182,148,142,6,6
73183,146,148,-2,2
73184,86,87,-1,1
73185,70,73,-3,3
73186,74,69,5,5
73187,102,98,4,4
73188,76,70,6,6
73189,115,108,7,7
73190,111,108,3,3
73191,67,76,-9,9
73192,120,126,-6,6
73193,72,72,0,0
73194,93,92,1,1
73195,256,247,9,9
73196,157,156,1,1
73197,70,69,1,1
73198,95,106,-11,11
73199,99,100,-1,1
73200,94,94,0,0
73201,81,73,8,8
73202,102,96,6,6
73203,107,109,-2,2
73204,137,131,6,6
73205,91,93,-2,2
73206,90,94,-4,4
73207,68,66,2,2
73208,59,61,-2,2
73209,86,88,-2,2
73210,118,131,-13,13
73211,197,199,-2,2
73212,55,55,0,0
73213,82,75,7,7
73214,96,101,-5,5
73215,88,96,-8,8
73216,72,87,-15,15
73217,56,61,-5,5
73218,110,107,3,3
73219,75,71,4,4
73220,107,119,-12,12
73221,100,107,-7,7
73222,137,128,9,9
73223,76,77,-1,1
73224,174,175,-1,1
73225,101,106,-5,5
73226,85,85,0,0
73227,53,58,-5,5
73228,108,97,11,11
73229,82,81,1,1
73230,84,92,-8,8
73231,92,96,-4,4
73232,125,141,-16,16
73233,93,104,-11,11
73234,54,59,-5,5
73235,113,106,7,7
73236,196,194,2,2
73237,71,65,6,6
73238,75,72,3,3
73239,46,38,8,8
73240,107,112,-5,5
73241,82,90,-8,8
73242,88,104,-16,16
73243,57,53,4,4
73244,153,145,8,8
73245,131,138,-7,7
73246,111,129,-18,18
73247,136,139,-3,3
73248,58,60,-2,2
73249,85,85,0,0
73250,98,93,5,5
73251,80,84,-4,4
73252,82,91,-9,9
73253,74,68,6,6
73254,135,124,11,11
73255,88,88,0,0
73256,27,39,-12,12
73257,60,64,-4,4
73258,82,79,3,3
73259,176,184,-8,8
73260,163,147,16,16
73261,130,136,-6,6
73262,120,115,5,5
73263,143,127,16,16
73264,138,146,-8,8
73265,88,84,4,4
73266,125,124,1,1
73267,81,80,1,1
73268,56,54,2,2
73269,70,74,-4,4
73270,59,62,-3,3
73271,117,139,-22,22
73272,35,38,-3,3
73273,115,105,10,10
73274,59,60,-1,1
73275,88,83,5,5
73276,124,131,-7,7
73277,110,99,11,11
73278,118,112,6,6
73279,103,94,9,9
73280,121,124,-3,3
73281,78,78,0,0
73282,69,72,-3,3
73283,129,125,4,4
73284,75,70,5,5
73285,54,52,2,2
73286,185,174,11,11
73287,105,102,3,3
73288,65,60,5,5
73289,145,134,11,11
73290,134,127,7,7
73291,102,98,4,4
73292,75,74,1,1
73293,106,99,7,7
73294,122,123,-1,1
73295,42,39,3,3
73296,144,154,-10,10
73297,104,98,6,6
73298,117,110,7,7
73299,69,70,-1,1
73300,63,74,-11,11
73301,184,157,27,27
73302,96,96,0,0
73303,86,79,7,7
73304,98,101,-3,3
73305,78,78,0,0
73306,91,90,1,1
73307,53,51,2,2
73308,79,78,1,1
73309,141,136,5,5
73310,82,78,4,4
73311,49,50,-1,1
73312,109,100,9,9
73313,61,61,0,0
73314,90,96,-6,6
73315,61,55,6,6
73316,94,108,-14,14
73317,134,138,-4,4
73318,65,68,-3,3
73319,136,133,3,3
73320,164,164,0,0
73321,98,106,-8,8
73322,83,84,-1,1
73323,40,39,1,1
73324,67,79,-12,12
73325,90,88,2,2
73326,62,57,5,5
73327,60,58,2,2
73328,115,103,12,12
73329,135,139,-4,4
73330,75,75,0,0
73331,35,58,-23,23
73332,94,106,-12,12
73333,113,107,6,6
73334,133,132,1,1
73335,103,81,22,22
73336,108,98,10,10
73337,65,65,0,0
73338,67,57,10,10
73339,121,118,3,3
73340,89,105,-16,16
73341,69,68,1,1
73342,128,131,-3,3
73343,99,90,9,9
73344,100,99,1,1
73345,88,75,13,13
73346,160,154,6,6
73347,94,89,5,5
73348,111,113,-2,2
73349,83,77,6,6
73350,51,60,-9,9
73351,126,122,4,4
73352,150,136,14,14
73353,57,53,4,4
73354,63,65,-2,2
73355,112,114,-2,2
73356,196,193,3,3
73357,71,72,-1,1
73358,152,149,3,3
73359,87,90,-3,3
73360,59,59,0,0
73361,144,143,1,1
73362,122,116,6,6
73363,61,65,-4,4
73364,99,112,-13,13
73365,74,67,7,7
73366,68,67,1,1
73367,92,100,-8,8
73368,147,151,-4,4
73369,114,110,4,4
73370,64,64,0,0
73371,92,82,10,10
73372,85,79,6,6
73373,100,94,6,6
73374,142,134,8,8
73375,34,35,-1,1
73376,107,98,9,9
73377,110,103,7,7
73378,154,149,5,5
73379,69,68,1,1
73380,91,103,-12,12
73381,124,117,7,7
73382,71,64,7,7
73383,61,53,8,8
73384,110,105,5,5
73385,86,89,-3,3
73386,143,141,2,2
73387,65,65,0,0
73388,82,74,8,8
73389,90,98,-8,8
73390,156,168,-12,12
73391,177,176,1,1
73392,108,109,-1,1
73393,100,112,-12,12
73394,60,67,-7,7
73395,81,93,-12,12
73396,99,101,-2,2
73397,63,86,-23,23
73398,87,100,-13,13
73399,53,39,14,14
73400,47,49,-2,2
73401,65,72,-7,7
73402,79,73,6,6
73403,65,64,1,1
73404,99,103,-4,4
73405,61,58,3,3
73406,101,111,-10,10
73407,75,69,6,6
73408,99,103,-4,4
73409,84,83,1,1
73410,130,126,4,4
73411,147,136,11,11
73412,103,104,-1,1
73413,48,48,0,0
73414,88,88,0,0
73415,115,111,4,4
73416,81,86,-5,5
73417,69,78,-9,9
73418,144,151,-7,7
73419,103,94,9,9
73420,84,83,1,1
73421,175,188,-13,13
73422,133,119,14,14
73423,88,90,-2,2
73424,112,113,-1,1
73425,98,101,-3,3
73426,79,74,5,5
73427,65,63,2,2
73428,75,90,-15,15
73429,101,105,-4,4
73430,44,48,-4,4
73431,89,86,3,3
73432,107,110,-3,3
73433,85,87,-2,2
73434,42,40,2,2
73435,86,89,-3,3
73436,92,88,4,4
73437,70,75,-5,5
73438,79,78,1,1
73439,39,55,-16,16
73440,90,89,1,1
73441,126,119,7,7
73442,116,115,1,1
73443,69,74,-5,5
73444,51,54,-3,3
73445,107,102,5,5
73446,88,87,1,1
73447,104,95,9,9
73448,81,72,9,9
73449,78,75,3,3
73450,87,87,0,0
73451,63,75,-12,12
73452,92,92,0,0
73453,125,135,-10,10
73454,113,109,4,4
73455,50,50,0,0
73456,71,69,2,2
73457,78,80,-2,2
73458,65,64,1,1
73459,145,141,4,4
73460,64,58,6,6
73461,83,84,-1,1
73462,162,149,13,13
73463,84,85,-1,1
73464,149,155,-6,6
73465,68,68,0,0
73466,84,87,-3,3
73467,74,64,10,10
73468,106,105,1,1
73469,87,92,-5,5
73470,102,119,-17,17
73471,142,131,11,11
73472,159,156,3,3
73473,49,48,1,1
73474,133,140,-7,7
73475,89,86,3,3
73476,47,50,-3,3
73477,111,117,-6,6
73478,79,71,8,8
73479,108,122,-14,14
73480,58,60,-2,2
73481,111,119,-8,8
73482,46,48,-2,2
73483,69,64,5,5
73484,144,149,-5,5
73485,122,120,2,2
73486,114,113,1,1
73487,60,58,2,2
73488,75,83,-8,8
73489,79,79,0,0
73490,97,101,-4,4
73491,177,183,-6,6
73492,111,104,7,7
73493,35,39,-4,4
73494,133,120,13,13
73495,58,54,4,4
73496,114,101,13,13
73497,80,83,-3,3
73498,133,121,12,12
73499,116,119,-3,3
73500,88,73,15,15
73501,126,120,6,6
73502,135,122,13,13
73503,85,88,-3,3
73504,154,157,-3,3
73505,118,114,4,4
73506,92,91,1,1
73507,146,154,-8,8
73508,63,64,-1,1
73509,77,79,-2,2
73510,113,108,5,5
73511,110,121,-11,11
73512,63,69,-6,6
73513,78,69,9,9
73514,130,124,6,6
73515,64,59,5,5
73516,81,85,-4,4
73517,75,65,10,10
73518,41,43,-2,2
73519,139,135,4,4
73520,60,60,0,0
73521,81,85,-4,4
73522,108,105,3,3
73523,102,101,1,1
73524,63,64,-1,1
73525,111,109,2,2
73526,42,38,4,4
73527,93,95,-2,2
73528,106,111,-5,5
73529,92,88,4,4
73530,87,86,1,1
73531,100,103,-3,3
73532,73,71,2,2
73533,65,61,4,4
73534,84,92,-8,8
73535,158,164,-6,6
73536,73,69,4,4
73537,116,131,-15,15
73538,79,90,-11,11
73539,114,111,3,3
73540,108,110,-2,2
73541,89,87,2,2
73542,65,75,-10,10
73543,123,122,1,1
73544,70,75,-5,5
73545,58,58,0,0
73546,61,65,-4,4
73547,118,138,-20,20
73548,91,99,-8,8
73549,82,90,-8,8
73550,42,54,-12,12
73551,43,39,4,4
73552,144,130,14,14
73553,60,71,-11,11
73554,29,38,-9,9
73555,111,95,16,16
73556,69,67,2,2
73557,192,180,12,12
73558,88,105,-17,17
73559,64,64,0,0
73560,131,134,-3,3
73561,107,116,-9,9
73562,95,105,-10,10
73563,70,72,-2,2
73564,51,47,4,4
73565,195,189,6,6
73566,77,78,-1,1
73567,117,125,-8,8
73568,87,79,8,8
73569,46,39,7,7
73570,71,69,2,2
73571,65,62,3,3
73572,171,188,-17,17
73573,106,107,-1,1
73574,82,84,-2,2
73575,130,121,9,9
73576,58,64,-6,6
73577,105,109,-4,4
73578,121,121,0,0
73579,148,161,-13,13
73580,87,86,1,1
73581,98,102,-4,4
73582,74,85,-11,11
73583,138,141,-3,3
73584,95,100,-5,5
73585,104,103,1,1
73586,64,59,5,5
73587,74,76,-2,2
73588,126,107,19,19
73589,93,98,-5,5
73590,80,79,1,1
73591,62,63,-1,1
73592,56,61,-5,5
73593,91,96,-5,5
73594,202,194,8,8
73595,97,103,-6,6
73596,109,120,-11,11
73597,62,49,13,13
73598,156,159,-3,3
73599,62,56,6,6
73600,156,160,-4,4
73601,60,61,-1,1
73602,67,63,4,4
73603,109,114,-5,5
73604,129,123,6,6
73605,126,118,8,8
73606,141,136,5,5
73607,117,105,12,12
73608,167,168,-1,1
73609,123,133,-10,10
73610,127,118,9,9
73611,70,64,6,6
73612,67,66,1,1
73613,93,93,0,0
73614,79,78,1,1
73615,80,83,-3,3
73616,81,88,-7,7
73617,77,72,5,5
73618,57,58,-1,1
73619,125,141,-16,16
73620,137,126,11,11
73621,98,103,-5,5
73622,76,70,6,6
73623,99,90,9,9
73624,88,89,-1,1
73625,71,67,4,4
73626,85,81,4,4
73627,93,95,-2,2
73628,112,102,10,10
73629,63,64,-1,1
73630,79,94,-15,15
73631,90,91,-1,1
73632,71,67,4,4
73633,67,85,-18,18
73634,147,126,21,21
73635,57,74,-17,17
73636,61,60,1,1
73637,100,95,5,5
73638,79,74,5,5
73639,136,116,20,20
73640,88,93,-5,5
73641,67,65,2,2
73642,173,175,-2,2
73643,111,102,9,9
73644,96,83,13,13
73645,91,84,7,7
73646,90,84,6,6
73647,93,90,3,3
73648,99,101,-2,2
73649,57,54,3,3
73650,71,65,6,6
73651,165,155,10,10
73652,91,107,-16,16
73653,59,57,2,2
73654,103,102,1,1
73655,72,71,1,1
73656,95,95,0,0
73657,86,74,12,12
73658,142,121,21,21
73659,92,92,0,0
73660,86,91,-5,5
73661,143,137,6,6
73662,37,39,-2,2
73663,66,66,0,0
73664,121,116,5,5
73665,89,95,-6,6
73666,54,71,-17,17
73667,64,62,2,2
73668,48,38,10,10
73669,33,38,-5,5
73670,154,152,2,2
73671,55,57,-2,2
73672,85,79,6,6
73673,68,67,1,1
73674,88,90,-2,2
73675,61,59,2,2
73676,123,117,6,6
73677,98,102,-4,4
73678,161,162,-1,1
73679,53,56,-3,3
73680,68,74,-6,6
73681,131,126,5,5
73682,100,102,-2,2
73683,64,61,3,3
73684,109,118,-9,9
73685,87,86,1,1
73686,78,81,-3,3
73687,56,59,-3,3
73688,96,90,6,6
73689,104,101,3,3
73690,94,95,-1,1
73691,66,65,1,1
73692,106,100,6,6
73693,132,148,-16,16
73694,142,125,17,17
73695,112,122,-10,10
73696,104,80,24,24
73697,129,138,-9,9
73698,107,104,3,3
73699,137,148,-11,11
73700,81,86,-5,5
73701,57,55,2,2
73702,126,122,4,4
73703,57,66,-9,9
73704,141,130,11,11
73705,94,91,3,3
73706,56,63,-7,7
73707,100,93,7,7
73708,65,67,-2,2
73709,153,153,0,0
73710,106,110,-4,4
73711,65,64,1,1
73712,89,91,-2,2
73713,69,58,11,11
73714,172,168,4,4
73715,74,77,-3,3
73716,55,61,-6,6
73717,95,92,3,3
73718,80,82,-2,2
73719,72,71,1,1
73720,69,68,1,1
73721,77,86,-9,9
73722,136,131,5,5
73723,60,60,0,0
73724,106,99,7,7
73725,98,93,5,5
73726,113,113,0,0
73727,66,64,2,2
73728,117,114,3,3
73729,75,75,0,0
73730,123,121,2,2
73731,54,51,3,3
73732,157,173,-16,16
73733,100,97,3,3
73734,74,76,-2,2
73735,61,64,-3,3
73736,72,73,-1,1
73737,81,78,3,3
73738,138,151,-13,13
73739,137,146,-9,9
73740,163,148,15,15
73741,65,78,-13,13
73742,130,130,0,0
73743,68,74,-6,6
73744,97,92,5,5
73745,167,165,2,2
73746,93,78,15,15
73747,63,66,-3,3
73748,91,88,3,3
73749,174,166,8,8
73750,138,125,13,13
73751,75,75,0,0
73752,129,141,-12,12
73753,116,107,9,9
73754,47,39,8,8
73755,116,107,9,9
73756,103,98,5,5
73757,112,102,10,10
73758,133,127,6,6
73759,55,65,-10,10
73760,75,79,-4,4
73761,53,53,0,0
73762,88,100,-12,12
73763,132,130,2,2
73764,35,38,-3,3
73765,45,54,-9,9
73766,67,67,0,0
73767,124,114,10,10
73768,148,143,5,5
73769,138,128,10,10
73770,98,95,3,3
73771,81,82,-1,1
73772,54,55,-1,1
73773,35,38,-3,3
73774,69,64,5,5
73775,66,65,1,1
73776,116,111,5,5
73777,86,84,2,2
73778,95,97,-2,2
73779,95,101,-6,6
73780,61,58,3,3
73781,79,77,2,2
73782,74,94,-20,20
73783,117,117,0,0
73784,63,66,-3,3
73785,138,120,18,18
73786,125,129,-4,4
73787,95,94,1,1
73788,66,67,-1,1
73789,53,54,-1,1
73790,83,82,1,1
73791,60,65,-5,5
73792,52,56,-4,4
73793,55,52,3,3
73794,100,108,-8,8
73795,91,110,-19,19
73796,87,87,0,0
73797,63,55,8,8
73798,122,96,26,26
73799,75,71,4,4
73800,57,66,-9,9
73801,55,55,0,0
73802,110,102,8,8
73803,88,93,-5,5
73804,155,171,-16,16
73805,96,102,-6,6
73806,81,78,3,3
73807,102,99,3,3
73808,141,128,13,13
73809,105,104,1,1
73810,68,65,3,3
73811,80,74,6,6
73812,94,103,-9,9
73813,60,61,-1,1
73814,107,96,11,11
73815,112,110,2,2
73816,92,96,-4,4
73817,86,74,12,12
73818,131,115,16,16
73819,62,59,3,3
73820,146,152,-6,6
73821,67,80,-13,13
73822,77,82,-5,5
73823,101,105,-4,4
73824,80,75,5,5
73825,97,86,11,11
73826,140,131,9,9
73827,128,144,-16,16
73828,108,113,-5,5
73829,91,88,3,3
73830,91,95,-4,4
73831,87,83,4,4
73832,151,138,13,13
73833,91,96,-5,5
73834,161,152,9,9
73835,60,63,-3,3
73836,135,128,7,7
73837,73,89,-16,16
73838,88,103,-15,15
73839,71,67,4,4
73840,80,84,-4,4
73841,50,48,2,2
73842,106,105,1,1
73843,66,66,0,0
73844,90,97,-7,7
73845,122,126,-4,4
73846,99,95,4,4
73847,73,71,2,2
73848,60,58,2,2
73849,63,84,-21,21
73850,105,124,-19,19
73851,34,39,-5,5
73852,74,83,-9,9
73853,122,119,3,3
73854,123,112,11,11
73855,66,60,6,6
73856,122,119,3,3
73857,114,106,8,8
73858,165,171,-6,6
73859,139,158,-19,19
73860,58,47,11,11
73861,70,71,-1,1
73862,71,63,8,8
73863,158,189,-31,31
73864,66,63,3,3
73865,166,132,34,34
73866,129,133,-4,4
73867,91,91,0,0
73868,109,132,-23,23
73869,118,132,-14,14
73870,90,93,-3,3
73871,125,123,2,2
73872,94,91,3,3
73873,107,94,13,13
73874,144,127,17,17
73875,83,81,2,2
73876,71,76,-5,5
73877,93,90,3,3
73878,103,103,0,0
73879,78,78,0,0
73880,33,77,-44,44
73881,44,81,-37,37
73882,129,120,9,9
73883,210,206,4,4
73884,98,89,9,9
73885,60,75,-15,15
73886,110,104,6,6
73887,56,59,-3,3
73888,149,140,9,9
73889,86,87,-1,1
73890,101,99,2,2
73891,80,74,6,6
73892,96,97,-1,1
73893,66,66,0,0
73894,73,74,-1,1
73895,87,72,15,15
73896,73,66,7,7
73897,96,91,5,5
73898,36,38,-2,2
73899,171,215,-44,44
73900,125,128,-3,3
73901,82,85,-3,3
73902,79,73,6,6
73903,148,139,9,9
73904,137,133,4,4
73905,82,84,-2,2
73906,72,98,-26,26
73907,57,55,2,2
73908,162,165,-3,3
73909,148,138,10,10
73910,82,79,3,3
73911,76,81,-5,5
73912,72,64,8,8
73913,42,38,4,4
73914,102,108,-6,6
73915,61,67,-6,6
73916,107,109,-2,2
73917,72,65,7,7
73918,117,130,-13,13
73919,70,68,2,2
73920,60,58,2,2
73921,110,96,14,14
73922,94,95,-1,1
73923,121,132,-11,11
73924,102,103,-1,1
73925,61,63,-2,2
73926,69,70,-1,1
73927,51,59,-8,8
73928,113,126,-13,13
73929,148,176,-28,28
73930,129,115,14,14
73931,60,57,3,3
73932,82,104,-22,22
73933,149,143,6,6
73934,64,59,5,5
73935,95,98,-3,3
73936,105,102,3,3
73937,129,130,-1,1
73938,140,141,-1,1
73939,143,152,-9,9
73940,67,62,5,5
73941,81,81,0,0
73942,131,119,12,12
73943,61,56,5,5
73944,95,93,2,2
73945,121,120,1,1
73946,96,86,10,10
73947,159,143,16,16
73948,51,54,-3,3
73949,72,74,-2,2
73950,83,84,-1,1
73951,114,112,2,2
73952,90,94,-4,4
73953,72,68,4,4
73954,88,84,4,4
73955,149,142,7,7
73956,69,64,5,5
73957,67,70,-3,3
73958,65,71,-6,6
73959,119,128,-9,9
73960,146,135,11,11
73961,75,85,-10,10
73962,175,165,10,10
73963,109,118,-9,9
73964,80,78,2,2
73965,99,92,7,7
73966,137,139,-2,2
73967,77,94,-17,17
73968,44,69,-25,25
73969,96,92,4,4
73970,55,55,0,0
73971,113,106,7,7
73972,108,108,0,0
73973,55,53,2,2
73974,138,121,17,17
73975,74,70,4,4
73976,69,71,-2,2
73977,131,130,1,1
73978,129,167,-38,38
73979,103,103,0,0
73980,50,51,-1,1
73981,90,95,-5,5
73982,42,39,3,3
73983,140,161,-21,21
73984,76,95,-19,19
73985,113,110,3,3
73986,43,51,-8,8
73987,73,86,-13,13
73988,116,120,-4,4
73989,112,123,-11,11
73990,126,131,-5,5
73991,98,102,-4,4
73992,83,80,3,3
73993,51,60,-9,9
73994,73,93,-20,20
73995,220,200,20,20
73996,72,82,-10,10
73997,63,62,1,1
73998,107,110,-3,3
73999,90,86,4,4
74000,50,59,-9,9
74001,100,98,2,2
74002,126,117,9,9
74003,73,70,3,3
74004,88,93,-5,5
74005,65,79,-14,14
74006,73,66,7,7
74007,83,83,0,0
74008,118,125,-7,7
74009,77,70,7,7
74010,175,174,1,1
74011,101,97,4,4
74012,72,67,5,5
74013,84,87,-3,3
74014,320,362,-42,42
74015,86,102,-16,16
74016,48,50,-2,2
74017,82,73,9,9
74018,111,104,7,7
74019,83,86,-3,3
74020,105,124,-19,19
74021,87,95,-8,8
74022,92,93,-1,1
74023,106,104,2,2
74024,179,184,-5,5
74025,123,114,9,9
74026,68,75,-7,7
74027,52,50,2,2
74028,155,137,18,18
74029,97,111,-14,14
74030,78,79,-1,1
74031,52,50,2,2
74032,62,61,1,1
74033,92,91,1,1
74034,113,108,5,5
74035,141,137,4,4
74036,66,70,-4,4
74037,97,87,10,10
74038,80,103,-23,23
74039,71,93,-22,22
74040,117,114,3,3
74041,202,200,2,2
74042,89,85,4,4
74043,65,69,-4,4
74044,83,90,-7,7
74045,151,146,5,5
74046,68,61,7,7
74047,84,88,-4,4
74048,114,109,5,5
74049,67,67,0,0
74050,48,39,9,9
74051,108,110,-2,2
74052,159,143,16,16
74053,84,82,2,2
74054,153,144,9,9
74055,52,68,-16,16
74056,159,158,1,1
74057,118,122,-4,4
74058,83,90,-7,7
74059,50,51,-1,1
74060,125,120,5,5
74061,41,88,-47,47
74062,62,71,-9,9
74063,85,79,6,6
74064,133,136,-3,3
74065,129,123,6,6
74066,97,101,-4,4
74067,102,106,-4,4
74068,23,38,-15,15
74069,74,78,-4,4
74070,41,52,-11,11
74071,108,117,-9,9
74072,104,105,-1,1
74073,108,96,12,12
74074,97,94,3,3
74075,74,79,-5,5
74076,94,94,0,0
74077,78,73,5,5
74078,117,122,-5,5
74079,119,122,-3,3
74080,60,53,7,7
74081,86,82,4,4
74082,84,88,-4,4
74083,72,74,-2,2
74084,93,98,-5,5
74085,72,70,2,2
74086,156,142,14,14
74087,73,74,-1,1
74088,108,108,0,0
74089,126,141,-15,15
74090,93,95,-2,2
74091,79,68,11,11
74092,181,159,22,22
74093,83,76,7,7
74094,119,117,2,2
74095,71,69,2,2
74096,77,78,-1,1
74097,104,123,-19,19
74098,72,79,-7,7
74099,68,67,1,1
74100,98,99,-1,1
74101,57,78,-21,21
74102,80,108,-28,28
74103,73,74,-1,1
74104,191,180,11,11
74105,100,94,6,6
74106,132,119,13,13
74107,40,38,2,2
74108,54,54,0,0
74109,154,155,-1,1
74110,139,137,2,2
74111,107,106,1,1
74112,128,123,5,5
74113,133,130,3,3
74114,83,73,10,10
74115,63,86,-23,23
74116,81,80,1,1
74117,163,160,3,3
74118,109,110,-1,1
74119,63,61,2,2
74120,90,88,2,2
74121,81,96,-15,15
74122,66,61,5,5
74123,120,128,-8,8
74124,89,85,4,4
74125,67,70,-3,3
74126,85,90,-5,5
74127,78,78,0,0
74128,75,81,-6,6
74129,198,196,2,2
74130,92,90,2,2
74131,118,108,10,10
74132,57,59,-2,2
74133,155,156,-1,1
74134,86,85,1,1
74135,67,61,6,6
74136,178,153,25,25
74137,68,70,-2,2
74138,85,84,1,1
74139,79,85,-6,6
74140,93,87,6,6
74141,50,54,-4,4
74142,58,57,1,1
74143,104,106,-2,2
74144,100,96,4,4
74145,201,196,5,5
74146,105,109,-4,4
74147,105,110,-5,5
74148,90,93,-3,3
74149,68,74,-6,6
74150,74,78,-4,4
74151,60,58,2,2
74152,59,71,-12,12
74153,97,106,-9,9
74154,87,85,2,2
74155,55,61,-6,6
74156,111,105,6,6
74157,119,106,13,13
74158,115,118,-3,3
74159,59,56,3,3
74160,61,60,1,1
74161,30,60,-30,30
74162,96,94,2,2
74163,131,113,18,18
74164,183,182,1,1
74165,161,172,-11,11
74166,146,150,-4,4
74167,200,194,6,6
74168,100,104,-4,4
74169,114,113,1,1
74170,108,107,1,1
74171,73,69,4,4
74172,75,69,6,6
74173,72,72,0,0
74174,143,156,-13,13
74175,101,92,9,9
74176,66,67,-1,1
74177,164,151,13,13
74178,85,86,-1,1
74179,88,85,3,3
74180,98,103,-5,5
74181,54,95,-41,41
74182,95,97,-2,2
74183,64,68,-4,4
74184,144,144,0,0
74185,105,106,-1,1
74186,102,110,-8,8
74187,114,97,17,17
74188,54,57,-3,3
74189,112,108,4,4
74190,181,168,13,13
74191,110,104,6,6
74192,75,64,11,11
74193,51,59,-8,8
74194,98,96,2,2
74195,85,87,-2,2
74196,54,61,-7,7
74197,57,60,-3,3
74198,77,88,-11,11
74199,66,76,-10,10
74200,84,75,9,9
74201,102,107,-5,5
74202,124,129,-5,5
74203,129,127,2,2
74204,195,195,0,0
74205,111,112,-1,1
74206,109,125,-16,16
74207,68,65,3,3
74208,57,52,5,5
74209,76,89,-13,13
74210,99,98,1,1
74211,78,85,-7,7
74212,124,122,2,2
74213,83,78,5,5
74214,82,77,5,5
74215,73,66,7,7
74216,66,69,-3,3
74217,102,105,-3,3
74218,107,118,-11,11
74219,101,99,2,2
74220,119,126,-7,7
74221,120,131,-11,11
74222,69,72,-3,3
74223,80,99,-19,19
74224,113,113,0,0
74225,63,67,-4,4
74226,94,87,7,7
74227,146,152,-6,6
74228,109,107,2,2
74229,117,107,10,10
74230,66,68,-2,2
74231,151,138,13,13
74232,60,55,5,5
74233,146,163,-17,17
74234,135,135,0,0
74235,90,82,8,8
74236,48,54,-6,6
74237,71,68,3,3
74238,155,159,-4,4
74239,86,75,11,11
74240,111,126,-15,15
74241,96,93,3,3
74242,137,156,-19,19
74243,81,87,-6,6
74244,60,62,-2,2
74245,83,91,-8,8
74246,106,104,2,2
74247,67,70,-3,3
74248,52,53,-1,1
74249,104,101,3,3
74250,73,82,-9,9
74251,87,90,-3,3
74252,148,156,-8,8
74253,77,71,6,6
74254,92,92,0,0
74255,201,199,2,2
74256,50,53,-3,3
74257,149,150,-1,1
74258,150,133,17,17
74259,89,98,-9,9
74260,131,126,5,5
74261,73,67,6,6
74262,83,90,-7,7
74263,155,155,0,0
74264,80,60,20,20
74265,128,130,-2,2
74266,59,63,-4,4
74267,85,95,-10,10
74268,87,107,-20,20
74269,85,83,2,2
74270,72,67,5,5
74271,72,78,-6,6
74272,56,57,-1,1
74273,127,127,0,0
74274,73,69,4,4
74275,94,81,13,13
74276,72,67,5,5
74277,48,38,10,10
74278,130,118,12,12
74279,103,90,13,13
74280,96,84,12,12
74281,140,145,-5,5
74282,63,67,-4,4
74283,61,57,4,4
74284,78,74,4,4
74285,75,69,6,6
74286,81,87,-6,6
74287,79,84,-5,5
74288,94,95,-1,1
74289,117,117,0,0
74290,59,57,2,2
74291,84,81,3,3
74292,149,144,5,5
74293,109,113,-4,4
74294,46,54,-8,8
74295,131,122,9,9
74296,118,112,6,6
74297,83,94,-11,11
74298,68,84,-16,16
74299,70,87,-17,17
74300,49,51,-2,2
74301,73,70,3,3
74302,132,138,-6,6
74303,93,86,7,7
74304,159,167,-8,8
74305,107,113,-6,6
74306,185,176,9,9
74307,143,144,-1,1
74308,60,67,-7,7
74309,78,73,5,5
74310,106,110,-4,4
74311,98,88,10,10
74312,101,89,12,12
74313,39,54,-15,15
74314,104,107,-3,3
74315,51,62,-11,11
74316,88,83,5,5
74317,83,83,0,0
74318,116,133,-17,17
74319,59,57,2,2
74320,88,87,1,1
74321,206,180,26,26
74322,147,128,19,19
74323,40,47,-7,7
74324,45,50,-5,5
74325,89,91,-2,2
74326,146,141,5,5
74327,76,82,-6,6
74328,92,73,19,19
74329,35,39,-4,4
74330,77,93,-16,16
74331,104,110,-6,6
74332,97,89,8,8
74333,135,132,3,3
74334,63,60,3,3
74335,54,56,-2,2
74336,117,122,-5,5
74337,79,75,4,4
74338,64,67,-3,3
74339,63,61,2,2
74340,63,63,0,0
74341,80,81,-1,1
74342,136,134,2,2
74343,106,94,12,12
74344,76,71,5,5
74345,80,79,1,1
74346,126,123,3,3
74347,96,92,4,4
74348,56,54,2,2
74349,124,129,-5,5
74350,137,137,0,0
74351,63,67,-4,4
74352,59,61,-2,2
74353,102,99,3,3
74354,41,39,2,2
74355,84,88,-4,4
74356,99,103,-4,4
74357,108,121,-13,13
74358,125,129,-4,4
74359,115,112,3,3
74360,84,85,-1,1
74361,100,106,-6,6
74362,128,132,-4,4
74363,60,59,1,1
74364,77,83,-6,6
74365,63,59,4,4
74366,90,102,-12,12
74367,64,73,-9,9
74368,61,52,9,9
74369,99,104,-5,5
74370,97,104,-7,7
74371,65,55,10,10
74372,99,100,-1,1
74373,181,173,8,8
74374,83,87,-4,4
74375,102,105,-3,3
74376,136,149,-13,13
74377,56,54,2,2
74378,132,129,3,3
74379,76,73,3,3
74380,101,97,4,4
74381,110,95,15,15
74382,51,40,11,11
74383,60,64,-4,4
74384,127,130,-3,3
74385,81,109,-28,28
74386,59,58,1,1
74387,82,83,-1,1
74388,103,98,5,5
74389,99,98,1,1
74390,50,39,11,11
74391,85,101,-16,16
74392,67,58,9,9
74393,125,122,3,3
74394,93,87,6,6
74395,116,112,4,4
74396,68,78,-10,10
74397,77,77,0,0
74398,95,97,-2,2
74399,59,67,-8,8
74400,111,102,9,9
74401,79,83,-4,4
74402,84,90,-6,6
74403,89,95,-6,6
74404,164,166,-2,2
74405,72,69,3,3
74406,78,83,-5,5
74407,149,161,-12,12
74408,95,81,14,14
74409,85,80,5,5
74410,96,98,-2,2
74411,72,64,8,8
74412,112,103,9,9
74413,77,73,4,4
74414,40,38,2,2
74415,110,114,-4,4
74416,59,69,-10,10
74417,107,106,1,1
74418,66,78,-12,12
74419,87,84,3,3
74420,72,72,0,0
74421,85,92,-7,7
74422,49,50,-1,1
74423,72,75,-3,3
74424,156,166,-10,10
74425,75,50,25,25
74426,83,80,3,3
74427,107,110,-3,3
74428,97,88,9,9
74429,108,107,1,1
74430,89,80,9,9
74431,103,117,-14,14
74432,133,133,0,0
74433,56,52,4,4
74434,77,78,-1,1
74435,88,94,-6,6
74436,106,114,-8,8
74437,134,142,-8,8
74438,81,87,-6,6
74439,126,124,2,2
74440,69,70,-1,1
74441,120,168,-48,48
74442,121,116,5,5
74443,62,62,0,0
74444,85,81,4,4
74445,93,90,3,3
74446,111,109,2,2
74447,99,118,-19,19
74448,50,52,-2,2
74449,98,111,-13,13
74450,83,79,4,4
74451,94,104,-10,10
74452,144,147,-3,3
74453,49,52,-3,3
74454,46,39,7,7
74455,87,92,-5,5
74456,80,86,-6,6
74457,150,130,20,20
74458,67,73,-6,6
74459,39,39,0,0
74460,82,74,8,8
74461,76,75,1,1
74462,56,57,-1,1
74463,33,39,-6,6
74464,95,92,3,3
74465,67,57,10,10
74466,87,93,-6,6
74467,101,97,4,4
74468,62,61,1,1
74469,62,74,-12,12
74470,93,86,7,7
74471,71,58,13,13
74472,79,82,-3,3
74473,86,80,6,6
74474,70,73,-3,3
74475,117,115,2,2
74476,51,63,-12,12
74477,168,167,1,1
74478,120,110,10,10
74479,99,94,5,5
74480,73,80,-7,7
74481,120,123,-3,3
74482,136,130,6,6
74483,57,62,-5,5
74484,89,84,5,5
74485,89,96,-7,7
74486,81,88,-7,7
74487,72,61,11,11
74488,104,101,3,3
74489,141,136,5,5
74490,79,78,1,1
74491,167,163,4,4
74492,86,85,1,1
74493,138,127,11,11
74494,66,64,2,2
74495,59,58,1,1
74496,110,125,-15,15
74497,82,77,5,5
74498,92,92,0,0
74499,62,57,5,5
74500,82,72,10,10
74501,62,66,-4,4
74502,94,90,4,4
74503,135,158,-23,23
74504,227,250,-23,23
74505,85,84,1,1
74506,74,83,-9,9
74507,106,143,-37,37
74508,52,55,-3,3
74509,96,110,-14,14
74510,97,100,-3,3
74511,143,148,-5,5
74512,84,69,15,15
74513,77,67,10,10
74514,49,54,-5,5
74515,116,114,2,2
74516,67,93,-26,26
74517,74,83,-9,9
74518,83,83,0,0
74519,77,75,2,2
74520,113,115,-2,2
74521,125,122,3,3
74522,59,59,0,0
74523,62,64,-2,2
74524,148,147,1,1
74525,56,63,-7,7
74526,85,98,-13,13
74527,158,145,13,13
74528,79,87,-8,8
74529,87,83,4,4
74530,115,144,-29,29
74531,62,59,3,3
74532,78,76,2,2
74533,107,97,10,10
74534,129,129,0,0
74535,109,103,6,6
74536,46,51,-5,5
74537,73,66,7,7
74538,47,39,8,8
74539,57,56,1,1
74540,136,143,-7,7
74541,74,70,4,4
74542,73,70,3,3
74543,117,116,1,1
74544,64,51,13,13
74545,65,72,-7,7
74546,61,61,0,0
74547,40,51,-11,11
74548,84,84,0,0
74549,96,97,-1,1
74550,108,99,9,9
74551,148,151,-3,3
74552,111,110,1,1
74553,131,137,-6,6
74554,55,59,-4,4
74555,132,127,5,5
74556,156,130,26,26
74557,68,63,5,5
74558,109,106,3,3
74559,65,59,6,6
74560,78,69,9,9
74561,136,129,7,7
74562,190,203,-13,13
74563,157,161,-4,4
74564,110,113,-3,3
74565,50,57,-7,7
74566,123,136,-13,13
74567,127,124,3,3
74568,88,91,-3,3
74569,116,115,1,1
74570,85,92,-7,7
74571,116,111,5,5
74572,181,176,5,5
74573,87,89,-2,2
74574,135,142,-7,7
74575,64,74,-10,10
74576,92,92,0,0
74577,59,61,-2,2
74578,81,70,11,11
74579,71,67,4,4
74580,130,140,-10,10
74581,96,88,8,8
74582,86,83,3,3
74583,107,128,-21,21
74584,118,112,6,6
74585,93,96,-3,3
74586,88,96,-8,8
74587,54,60,-6,6
74588,101,105,-4,4
74589,58,62,-4,4
74590,109,102,7,7
74591,106,116,-10,10
74592,139,140,-1,1
74593,50,53,-3,3
74594,168,171,-3,3
74595,115,122,-7,7
74596,70,73,-3,3
74597,92,89,3,3
74598,133,130,3,3
74599,74,74,0,0
74600,159,168,-9,9
74601,120,123,-3,3
74602,84,105,-21,21
74603,103,111,-8,8
74604,183,158,25,25
74605,139,131,8,8
74606,86,74,12,12
74607,82,85,-3,3
74608,61,71,-10,10
74609,123,99,24,24
74610,87,89,-2,2
74611,135,137,-2,2
74612,99,92,7,7
74613,74,73,1,1
74614,74,77,-3,3
74615,139,145,-6,6
74616,85,84,1,1
74617,70,73,-3,3
74618,106,104,2,2
74619,123,125,-2,2
74620,100,101,-1,1
74621,61,60,1,1
74622,92,96,-4,4
74623,132,138,-6,6
74624,59,62,-3,3
74625,226,212,14,14
74626,84,78,6,6
74627,165,178,-13,13
74628,83,92,-9,9
74629,115,115,0,0
74630,159,149,10,10
74631,93,81,12,12
74632,126,137,-11,11
74633,51,51,0,0
74634,118,116,2,2
74635,80,71,9,9
74636,161,152,9,9
74637,91,91,0,0
74638,83,86,-3,3
74639,91,91,0,0
74640,234,221,13,13
74641,78,74,4,4
74642,101,96,5,5
74643,72,71,1,1
74644,92,75,17,17
74645,44,60,-16,16
74646,76,79,-3,3
74647,106,102,4,4
74648,119,106,13,13
74649,111,97,14,14
74650,111,119,-8,8
74651,105,99,6,6
74652,62,65,-3,3
74653,113,119,-6,6
74654,94,102,-8,8
74655,155,148,7,7
74656,59,57,2,2
74657,86,100,-14,14
74658,61,63,-2,2
74659,198,191,7,7
74660,83,82,1,1
74661,50,59,-9,9
74662,126,123,3,3
74663,95,88,7,7
74664,95,88,7,7
74665,24,39,-15,15
74666,90,95,-5,5
74667,47,39,8,8
74668,64,74,-10,10
74669,107,112,-5,5
74670,94,85,9,9
74671,77,78,-1,1
74672,111,129,-18,18
74673,107,109,-2,2
74674,33,38,-5,5
74675,73,72,1,1
74676,63,63,0,0
74677,90,94,-4,4
74678,89,180,-91,91
74679,79,73,6,6
74680,128,130,-2,2
74681,91,90,1,1
74682,114,107,7,7
74683,103,97,6,6
74684,61,49,12,12
74685,122,132,-10,10
74686,114,112,2,2
74687,143,139,4,4
74688,75,74,1,1
74689,66,62,4,4
74690,90,92,-2,2
74691,108,93,15,15
74692,74,76,-2,2
74693,137,137,0,0
74694,121,110,11,11
74695,85,103,-18,18
74696,47,53,-6,6
74697,51,62,-11,11
74698,79,76,3,3
74699,80,75,5,5
74700,111,109,2,2
74701,126,137,-11,11
74702,37,38,-1,1
74703,87,86,1,1
74704,102,102,0,0
74705,73,72,1,1
74706,81,95,-14,14
74707,85,73,12,12
74708,127,124,3,3
74709,127,117,10,10
74710,93,104,-11,11
74711,122,125,-3,3
74712,175,161,14,14
74713,96,98,-2,2
74714,88,81,7,7
74715,162,145,17,17
74716,124,139,-15,15
74717,42,39,3,3
74718,90,90,0,0
74719,91,94,-3,3
74720,129,128,1,1
74721,53,54,-1,1
74722,75,77,-2,2
74723,88,88,0,0
74724,70,64,6,6
74725,185,186,-1,1
74726,105,99,6,6
74727,128,122,6,6
74728,103,100,3,3
74729,100,107,-7,7
74730,71,72,-1,1
74731,157,141,16,16
74732,103,110,-7,7
74733,118,120,-2,2
74734,140,178,-38,38
74735,102,106,-4,4
74736,71,67,4,4
74737,143,149,-6,6
74738,58,62,-4,4
74739,96,104,-8,8
74740,112,112,0,0
74741,85,85,0,0
74742,92,105,-13,13
74743,81,87,-6,6
74744,102,103,-1,1
74745,43,63,-20,20
74746,87,83,4,4
74747,118,118,0,0
74748,85,76,9,9
74749,100,104,-4,4
74750,83,94,-11,11
74751,83,69,14,14
74752,89,86,3,3
74753,50,51,-1,1
74754,134,133,1,1
74755,65,57,8,8
74756,72,80,-8,8
74757,75,68,7,7
74758,78,76,2,2
74759,81,87,-6,6
74760,105,115,-10,10
74761,67,61,6,6
74762,136,71,65,65
74763,86,102,-16,16
74764,139,136,3,3
74765,78,74,4,4
74766,38,37,1,1
74767,78,72,6,6
74768,59,55,4,4
74769,91,87,4,4
74770,152,148,4,4
74771,148,164,-16,16
74772,108,109,-1,1
74773,77,73,4,4
74774,83,77,6,6
74775,89,85,4,4
74776,104,95,9,9
74777,117,122,-5,5
74778,151,150,1,1
74779,45,51,-6,6
74780,60,53,7,7
74781,125,129,-4,4
74782,41,39,2,2
74783,49,52,-3,3
74784,140,137,3,3
74785,90,97,-7,7
74786,93,98,-5,5
74787,100,89,11,11
74788,125,118,7,7
74789,114,119,-5,5
74790,128,129,-1,1
74791,60,59,1,1
74792,191,187,4,4
74793,140,148,-8,8
74794,82,100,-18,18
74795,76,69,7,7
74796,117,119,-2,2
74797,83,90,-7,7
74798,82,80,2,2
74799,122,133,-11,11
74800,60,63,-3,3
74801,117,116,1,1
74802,96,92,4,4
74803,115,115,0,0
74804,134,135,-1,1
74805,109,111,-2,2
74806,91,83,8,8
74807,72,71,1,1
74808,96,92,4,4
74809,80,86,-6,6
74810,71,72,-1,1
74811,95,84,11,11
74812,101,102,-1,1
74813,67,64,3,3
74814,87,95,-8,8
74815,89,92,-3,3
74816,62,61,1,1
74817,126,157,-31,31
74818,78,86,-8,8
74819,100,107,-7,7
74820,96,93,3,3
74821,100,100,0,0
74822,59,63,-4,4
74823,93,91,2,2
74824,120,121,-1,1
74825,70,70,0,0
74826,46,38,8,8
74827,153,150,3,3
74828,91,92,-1,1
74829,94,98,-4,4
74830,74,86,-12,12
74831,87,76,11,11
74832,76,75,1,1
74833,56,58,-2,2
74834,104,125,-21,21
74835,126,125,1,1
74836,115,114,1,1
74837,107,114,-7,7
74838,41,51,-10,10
74839,75,69,6,6
74840,76,84,-8,8
74841,75,80,-5,5
74842,50,53,-3,3
74843,118,120,-2,2
74844,131,131,0,0
74845,92,139,-47,47
74846,113,108,5,5
74847,126,116,10,10
74848,65,70,-5,5
74849,128,127,1,1
74850,89,92,-3,3
74851,100,86,14,14
74852,85,82,3,3
74853,166,155,11,11
74854,100,114,-14,14
74855,119,122,-3,3
74856,72,66,6,6
74857,78,80,-2,2
74858,70,63,7,7
74859,84,84,0,0
74860,56,54,2,2
74861,18,37,-19,19
74862,75,78,-3,3
74863,107,118,-11,11
74864,86,79,7,7
74865,128,132,-4,4
74866,99,106,-7,7
74867,69,75,-6,6
74868,130,127,3,3
74869,127,129,-2,2
74870,188,185,3,3
74871,99,102,-3,3
74872,83,82,1,1
74873,105,102,3,3
74874,56,59,-3,3
74875,84,85,-1,1
74876,43,51,-8,8
74877,104,119,-15,15
74878,93,96,-3,3
74879,111,121,-10,10
74880,106,119,-13,13
74881,77,72,5,5
74882,74,69,5,5
74883,138,142,-4,4
74884,47,49,-2,2
74885,158,160,-2,2
74886,111,114,-3,3
74887,84,89,-5,5
74888,129,136,-7,7
74889,76,82,-6,6
74890,84,81,3,3
74891,67,67,0,0
74892,61,56,5,5
74893,107,100,7,7
74894,79,66,13,13
74895,112,124,-12,12
74896,53,54,-1,1
74897,84,81,3,3
74898,46,38,8,8
74899,115,108,7,7
74900,48,39,9,9
74901,51,51,0,0
74902,73,85,-12,12
74903,81,102,-21,21
74904,53,54,-1,1
74905,144,143,1,1
74906,93,88,5,5
74907,63,74,-11,11
74908,47,39,8,8
74909,117,108,9,9
74910,172,139,33,33
74911,57,62,-5,5
74912,143,142,1,1
74913,108,116,-8,8
74914,140,132,8,8
74915,70,70,0,0
74916,96,97,-1,1
74917,107,112,-5,5
74918,116,112,4,4
74919,120,122,-2,2
74920,60,50,10,10
74921,77,87,-10,10
74922,112,116,-4,4
74923,97,108,-11,11
74924,183,198,-15,15
74925,95,95,0,0
74926,92,89,3,3
74927,76,90,-14,14
74928,99,103,-4,4
74929,85,78,7,7
74930,76,77,-1,1
74931,93,91,2,2
74932,50,54,-4,4
74933,55,57,-2,2
74934,88,88,0,0
74935,97,111,-14,14
74936,83,84,-1,1
74937,54,50,4,4
74938,86,83,3,3
74939,77,86,-9,9
74940,282,332,-50,50
74941,136,132,4,4
74942,91,81,10,10
74943,150,167,-17,17
74944,66,67,-1,1
74945,71,77,-6,6
74946,87,85,2,2
74947,87,94,-7,7
74948,119,123,-4,4
74949,148,141,7,7
74950,117,114,3,3
74951,85,87,-2,2
74952,97,96,1,1
74953,49,55,-6,6
74954,103,105,-2,2
74955,38,38,0,0
74956,86,97,-11,11
74957,49,39,10,10
74958,103,99,4,4
74959,103,123,-20,20
74960,45,37,8,8
74961,103,103,0,0
74962,83,79,4,4
74963,95,88,7,7
74964,60,66,-6,6
74965,102,110,-8,8
74966,138,152,-14,14
74967,83,81,2,2
74968,95,101,-6,6
74969,96,96,0,0
74970,150,153,-3,3
74971,53,50,3,3
74972,133,122,11,11
74973,45,46,-1,1
74974,50,46,4,4
74975,35,86,-51,51
74976,103,94,9,9
74977,58,55,3,3
74978,72,76,-4,4
74979,100,108,-8,8
74980,95,90,5,5
74981,109,101,8,8
74982,57,69,-12,12
74983,68,88,-20,20
74984,89,90,-1,1
74985,129,127,2,2
74986,118,116,2,2
74987,114,114,0,0
74988,112,111,1,1
74989,103,99,4,4
74990,95,95,0,0
74991,130,142,-12,12
74992,95,83,12,12
74993,129,132,-3,3
74994,84,83,1,1
74995,103,112,-9,9
74996,146,146,0,0
74997,84,91,-7,7
74998,143,139,4,4
74999,84,89,-5,5
75000,69,77,-8,8
75001,94,103,-9,9
75002,56,72,-16,16
75003,133,139,-6,6
75004,49,60,-11,11
75005,58,51,7,7
75006,122,112,10,10
75007,117,117,0,0
75008,87,85,2,2
75009,113,114,-1,1
75010,60,60,0,0
75011,65,65,0,0
75012,103,102,1,1
75013,152,142,10,10
75014,121,122,-1,1
75015,119,116,3,3
75016,47,53,-6,6
75017,113,106,7,7
75018,101,102,-1,1
75019,73,85,-12,12
75020,88,98,-10,10
75021,156,144,12,12
75022,99,91,8,8
75023,86,88,-2,2
75024,101,102,-1,1
75025,91,90,1,1
75026,59,59,0,0
75027,72,74,-2,2
75028,111,98,13,13
75029,108,108,0,0
75030,78,80,-2,2
75031,63,70,-7,7
75032,97,101,-4,4
75033,76,75,1,1
75034,94,107,-13,13
75035,83,81,2,2
75036,72,71,1,1
75037,113,102,11,11
75038,126,124,2,2
75039,86,97,-11,11
75040,67,60,7,7
75041,149,147,2,2
75042,89,83,6,6
75043,115,107,8,8
75044,111,101,10,10
75045,135,145,-10,10
75046,54,58,-4,4
75047,123,130,-7,7
75048,82,91,-9,9
75049,26,39,-13,13
75050,66,65,1,1
75051,117,106,11,11
75052,135,150,-15,15
75053,70,65,5,5
75054,59,57,2,2
75055,141,145,-4,4
75056,64,60,4,4
75057,126,130,-4,4
75058,97,95,2,2
75059,54,54,0,0
75060,99,97,2,2
75061,138,130,8,8
75062,130,139,-9,9
75063,111,92,19,19
75064,81,83,-2,2
75065,97,93,4,4
75066,146,147,-1,1
75067,92,85,7,7
75068,68,57,11,11
75069,70,74,-4,4
75070,79,71,8,8
75071,57,65,-8,8
75072,70,56,14,14
75073,52,56,-4,4
75074,82,92,-10,10
75075,72,73,-1,1
75076,86,81,5,5
75077,124,113,11,11
75078,71,70,1,1
75079,75,63,12,12
75080,111,103,8,8
75081,85,82,3,3
75082,77,76,1,1
75083,116,120,-4,4
75084,121,134,-13,13
75085,63,57,6,6
75086,65,60,5,5
75087,92,96,-4,4
75088,115,113,2,2
75089,62,58,4,4
75090,90,88,2,2
75091,50,50,0,0
75092,81,86,-5,5
75093,33,39,-6,6
75094,141,137,4,4
75095,51,50,1,1
75096,32,40,-8,8
75097,89,106,-17,17
75098,117,115,2,2
75099,97,105,-8,8
75100,92,84,8,8
75101,71,69,2,2
75102,76,79,-3,3
75103,42,53,-11,11
75104,84,95,-11,11
75105,87,96,-9,9
75106,153,149,4,4
75107,91,92,-1,1
75108,59,83,-24,24
75109,69,69,0,0
75110,109,101,8,8
75111,115,112,3,3
75112,169,176,-7,7
75113,67,67,0,0
75114,96,97,-1,1
75115,94,97,-3,3
75116,173,152,21,21
75117,96,92,4,4
75118,127,104,23,23
75119,58,56,2,2
75120,69,64,5,5
75121,68,68,0,0
75122,141,144,-3,3
75123,110,136,-26,26
75124,46,94,-48,48
75125,56,120,-64,64
75126,99,107,-8,8
75127,117,115,2,2
75128,53,54,-1,1
75129,92,93,-1,1
75130,100,115,-15,15
75131,100,90,10,10
75132,92,103,-11,11
75133,67,63,4,4
75134,148,136,12,12
75135,122,122,0,0
75136,162,159,3,3
75137,86,89,-3,3
75138,165,153,12,12
75139,106,95,11,11
75140,84,100,-16,16
75141,97,97,0,0
75142,61,59,2,2
75143,187,193,-6,6
75144,153,167,-14,14
75145,57,61,-4,4
75146,101,102,-1,1
75147,154,132,22,22
75148,108,108,0,0
75149,55,52,3,3
75150,113,103,10,10
75151,55,55,0,0
75152,101,92,9,9
75153,91,95,-4,4
75154,89,91,-2,2
75155,96,90,6,6
75156,52,60,-8,8
75157,54,55,-1,1
75158,69,68,1,1
75159,95,111,-16,16
75160,88,83,5,5
75161,126,127,-1,1
75162,82,92,-10,10
75163,76,83,-7,7
75164,112,104,8,8
75165,117,114,3,3
75166,113,113,0,0
75167,97,94,3,3
75168,98,99,-1,1
75169,83,79,4,4
75170,76,71,5,5
75171,80,74,6,6
75172,111,111,0,0
75173,135,131,4,4
75174,62,64,-2,2
75175,140,141,-1,1
75176,68,68,0,0
75177,141,148,-7,7
75178,53,61,-8,8
75179,140,145,-5,5
75180,74,69,5,5
75181,70,70,0,0
75182,78,88,-10,10
75183,103,99,4,4
75184,97,95,2,2
75185,75,75,0,0
75186,143,149,-6,6
75187,163,162,1,1
75188,71,68,3,3
75189,58,53,5,5
75190,69,68,1,1
75191,72,72,0,0
75192,158,162,-4,4
75193,93,102,-9,9
75194,80,84,-4,4
75195,142,136,6,6
75196,46,66,-20,20
75197,76,71,5,5
75198,129,172,-43,43
75199,82,81,1,1
75200,146,139,7,7
75201,93,93,0,0
75202,113,110,3,3
75203,142,153,-11,11
75204,72,65,7,7
75205,74,70,4,4
75206,88,106,-18,18
75207,105,116,-11,11
75208,110,120,-10,10
75209,83,81,2,2
75210,27,56,-29,29
75211,136,137,-1,1
75212,81,80,1,1
75213,98,92,6,6
75214,120,121,-1,1
75215,92,81,11,11
75216,145,139,6,6
75217,137,138,-1,1
75218,103,111,-8,8
75219,121,138,-17,17
75220,54,66,-12,12
75221,112,109,3,3
75222,76,80,-4,4
75223,89,87,2,2
75224,160,130,30,30
75225,28,39,-11,11
75226,76,69,7,7
75227,165,168,-3,3
75228,100,92,8,8
75229,152,142,10,10
75230,82,85,-3,3
75231,94,88,6,6
75232,60,60,0,0
75233,125,126,-1,1
75234,69,71,-2,2
75235,120,96,24,24
75236,91,89,2,2
75237,96,91,5,5
75238,45,38,7,7
75239,56,58,-2,2
75240,76,72,4,4
75241,75,79,-4,4
75242,79,79,0,0
75243,124,119,5,5
75244,106,100,6,6
75245,122,119,3,3
75246,51,54,-3,3
75247,69,68,1,1
75248,85,89,-4,4
75249,115,155,-40,40
75250,115,107,8,8
75251,115,112,3,3
75252,60,67,-7,7
75253,76,76,0,0
75254,32,38,-6,6
75255,79,84,-5,5
75256,44,38,6,6
75257,58,59,-1,1
75258,130,129,1,1
75259,132,127,5,5
75260,79,79,0,0
75261,92,96,-4,4
75262,144,149,-5,5
75263,54,58,-4,4
75264,133,120,13,13
75265,64,74,-10,10
75266,92,92,0,0
75267,156,156,0,0
75268,58,56,2,2
75269,82,69,13,13
75270,86,87,-1,1
75271,173,174,-1,1
75272,94,90,4,4
75273,60,63,-3,3
75274,108,106,2,2
75275,126,124,2,2
75276,56,53,3,3
75277,98,102,-4,4
75278,92,82,10,10
75279,117,109,8,8
75280,52,55,-3,3
75281,94,89,5,5
75282,78,78,0,0
75283,76,103,-27,27
75284,67,63,4,4
75285,124,132,-8,8
75286,128,130,-2,2
75287,73,65,8,8
75288,62,57,5,5
75289,100,107,-7,7
75290,130,137,-7,7
75291,61,61,0,0
75292,262,239,23,23
75293,60,57,3,3
75294,102,112,-10,10
75295,57,56,1,1
75296,97,105,-8,8
75297,84,90,-6,6
75298,61,86,-25,25
75299,135,128,7,7
75300,104,87,17,17
75301,79,81,-2,2
75302,187,165,22,22
75303,62,58,4,4
75304,94,91,3,3
75305,94,108,-14,14
75306,94,87,7,7
75307,126,119,7,7
75308,126,116,10,10
75309,108,104,4,4
75310,60,50,10,10
75311,93,108,-15,15
75312,53,60,-7,7
75313,61,61,0,0
75314,79,81,-2,2
75315,74,70,4,4
75316,50,38,12,12
75317,75,59,16,16
75318,40,38,2,2
75319,47,39,8,8
75320,78,83,-5,5
75321,51,54,-3,3
75322,97,98,-1,1
75323,54,53,1,1
75324,100,104,-4,4
75325,91,89,2,2
75326,48,53,-5,5
75327,46,40,6,6
75328,153,154,-1,1
75329,123,127,-4,4
75330,52,58,-6,6
75331,92,85,7,7
75332,71,80,-9,9
75333,141,132,9,9
75334,46,39,7,7
75335,72,76,-4,4
75336,84,81,3,3
75337,82,89,-7,7
75338,78,76,2,2
75339,77,67,10,10
75340,93,82,11,11
75341,47,51,-4,4
75342,67,66,1,1
75343,67,65,2,2
75344,113,105,8,8
75345,179,179,0,0
75346,95,99,-4,4
75347,164,165,-1,1
75348,45,51,-6,6
75349,127,118,9,9
75350,118,130,-12,12
75351,96,90,6,6
75352,57,54,3,3
75353,151,154,-3,3
75354,69,80,-11,11
75355,79,76,3,3
75356,86,86,0,0
75357,186,184,2,2
75358,147,139,8,8
75359,109,116,-7,7
75360,97,90,7,7
75361,110,106,4,4
75362,69,63,6,6
75363,65,67,-2,2
75364,119,111,8,8
75365,58,62,-4,4
75366,77,74,3,3
75367,97,97,0,0
75368,95,94,1,1
75369,123,130,-7,7
75370,107,135,-28,28
75371,117,116,1,1
75372,72,84,-12,12
75373,119,112,7,7
75374,103,101,2,2
75375,129,134,-5,5
75376,83,76,7,7
75377,248,255,-7,7
75378,93,88,5,5
75379,129,133,-4,4
75380,68,75,-7,7
75381,117,118,-1,1
75382,87,90,-3,3
75383,118,116,2,2
75384,98,93,5,5
75385,103,110,-7,7
75386,69,69,0,0
75387,110,104,6,6
75388,125,121,4,4
75389,113,114,-1,1
75390,112,110,2,2
75391,81,74,7,7
75392,86,90,-4,4
75393,148,142,6,6
75394,102,97,5,5
75395,31,38,-7,7
75396,64,65,-1,1
75397,114,120,-6,6
75398,87,89,-2,2
75399,127,119,8,8
75400,91,98,-7,7
75401,74,66,8,8
75402,175,163,12,12
75403,223,179,44,44
75404,87,77,10,10
75405,67,62,5,5
75406,59,61,-2,2
75407,104,94,10,10
75408,64,88,-24,24
75409,149,162,-13,13
75410,125,122,3,3
75411,45,38,7,7
75412,93,98,-5,5
75413,86,90,-4,4
75414,80,74,6,6
75415,73,62,11,11
75416,92,87,5,5
75417,120,146,-26,26
75418,126,121,5,5
75419,73,74,-1,1
75420,54,59,-5,5
75421,65,65,0,0
75422,100,99,1,1
75423,105,100,5,5
75424,85,80,5,5
75425,100,95,5,5
75426,81,87,-6,6
75427,67,66,1,1
75428,174,176,-2,2
75429,132,127,5,5
75430,127,103,24,24
75431,96,105,-9,9
75432,73,68,5,5
75433,86,84,2,2
75434,73,72,1,1
75435,124,123,1,1
75436,75,73,2,2
75437,49,61,-12,12
75438,99,132,-33,33
75439,55,55,0,0
75440,141,116,25,25
75441,62,70,-8,8
75442,75,74,1,1
75443,99,97,2,2
75444,97,94,3,3
75445,104,105,-1,1
75446,96,89,7,7
75447,122,122,0,0
75448,101,87,14,14
75449,109,114,-5,5
75450,111,114,-3,3
75451,99,93,6,6
75452,77,87,-10,10
75453,118,126,-8,8
75454,89,82,7,7
75455,75,82,-7,7
75456,59,61,-2,2
75457,57,61,-4,4
75458,99,94,5,5
75459,88,76,12,12
75460,106,101,5,5
75461,101,107,-6,6
75462,131,128,3,3
75463,127,128,-1,1
75464,65,58,7,7
75465,101,92,9,9
75466,140,136,4,4
75467,122,121,1,1
75468,80,80,0,0
75469,128,137,-9,9
75470,85,88,-3,3
75471,111,116,-5,5
75472,78,89,-11,11
75473,93,92,1,1
75474,42,40,2,2
75475,66,55,11,11
75476,95,101,-6,6
75477,90,73,17,17
75478,100,105,-5,5
75479,82,81,1,1
75480,67,76,-9,9
75481,105,99,6,6
75482,110,106,4,4
75483,56,56,0,0
75484,37,37,0,0
75485,65,69,-4,4
75486,72,69,3,3
75487,106,108,-2,2
75488,99,92,7,7
75489,104,102,2,2
75490,87,89,-2,2
75491,76,84,-8,8
75492,53,46,7,7
75493,57,59,-2,2
75494,69,62,7,7
75495,83,78,5,5
75496,56,59,-3,3
75497,78,79,-1,1
75498,95,106,-11,11
75499,78,76,2,2
75500,74,70,4,4
75501,82,105,-23,23
75502,95,91,4,4
75503,85,83,2,2
75504,63,66,-3,3
75505,124,124,0,0
75506,67,61,6,6
75507,112,111,1,1
75508,94,96,-2,2
75509,69,66,3,3
75510,121,134,-13,13
75511,82,87,-5,5
75512,111,109,2,2
75513,126,129,-3,3
75514,74,67,7,7
75515,81,75,6,6
75516,100,102,-2,2
75517,148,140,8,8
75518,88,89,-1,1
75519,70,67,3,3
75520,150,135,15,15
75521,88,86,2,2
75522,28,39,-11,11
75523,93,91,2,2
75524,96,106,-10,10
75525,90,89,1,1
75526,150,167,-17,17
75527,75,81,-6,6
75528,93,103,-10,10
75529,150,149,1,1
75530,123,100,23,23
75531,133,139,-6,6
75532,69,88,-19,19
75533,167,146,21,21
75534,46,37,9,9
75535,92,94,-2,2
75536,54,55,-1,1
75537,154,143,11,11
75538,45,39,6,6
75539,137,137,0,0
75540,115,110,5,5
75541,99,90,9,9
75542,93,88,5,5
75543,83,75,8,8
75544,115,104,11,11
75545,23,55,-32,32
75546,92,95,-3,3
75547,85,90,-5,5
75548,80,74,6,6
75549,190,202,-12,12
75550,95,91,4,4
75551,153,138,15,15
75552,83,91,-8,8
75553,51,53,-2,2
75554,85,86,-1,1
75555,85,91,-6,6
75556,59,66,-7,7
75557,172,165,7,7
75558,53,56,-3,3
75559,128,114,14,14
75560,72,72,0,0
75561,130,125,5,5
75562,54,58,-4,4
75563,145,123,22,22
75564,94,103,-9,9
75565,111,108,3,3
75566,35,59,-24,24
75567,74,81,-7,7
75568,85,89,-4,4
75569,129,125,4,4
75570,49,56,-7,7
75571,56,62,-6,6
75572,99,96,3,3
75573,79,97,-18,18
75574,129,127,2,2
75575,74,74,0,0
75576,78,85,-7,7
75577,70,73,-3,3
75578,157,179,-22,22
75579,98,102,-4,4
75580,66,70,-4,4
75581,75,78,-3,3
75582,76,72,4,4
75583,94,104,-10,10
75584,100,92,8,8
75585,50,50,0,0
75586,98,99,-1,1
75587,96,102,-6,6
75588,134,138,-4,4
75589,108,99,9,9
75590,212,211,1,1
75591,138,139,-1,1
75592,88,86,2,2
75593,12,39,-27,27
75594,66,64,2,2
75595,98,90,8,8
75596,110,106,4,4
75597,75,74,1,1
75598,146,152,-6,6
75599,176,190,-14,14
75600,91,85,6,6
75601,88,87,1,1
75602,51,51,0,0
75603,190,182,8,8
75604,128,124,4,4
75605,74,74,0,0
75606,83,89,-6,6
75607,64,64,0,0
75608,127,130,-3,3
75609,130,123,7,7
75610,95,89,6,6
75611,66,140,-74,74
75612,46,37,9,9
75613,79,83,-4,4
75614,110,107,3,3
75615,116,116,0,0
75616,68,73,-5,5
75617,70,86,-16,16
75618,59,70,-11,11
75619,107,94,13,13
75620,77,88,-11,11
75621,97,120,-23,23
75622,160,157,3,3
75623,130,143,-13,13
75624,60,58,2,2
75625,104,102,2,2
75626,91,89,2,2
75627,89,99,-10,10
75628,49,52,-3,3
75629,155,156,-1,1
75630,94,91,3,3
75631,146,149,-3,3
75632,87,95,-8,8
75633,127,126,1,1
75634,79,85,-6,6
75635,93,95,-2,2
75636,121,129,-8,8
75637,74,68,6,6
75638,113,115,-2,2
75639,163,157,6,6
75640,122,110,12,12
75641,118,123,-5,5
75642,56,57,-1,1
75643,129,122,7,7
75644,128,125,3,3
75645,159,153,6,6
75646,62,64,-2,2
75647,108,111,-3,3
75648,72,70,2,2
75649,79,83,-4,4
75650,166,166,0,0
75651,62,70,-8,8
75652,144,151,-7,7
75653,129,124,5,5
75654,72,73,-1,1
75655,93,85,8,8
75656,86,96,-10,10
75657,126,122,4,4
75658,86,84,2,2
75659,87,88,-1,1
75660,183,182,1,1
75661,68,63,5,5
75662,80,77,3,3
75663,63,71,-8,8
75664,61,63,-2,2
75665,103,106,-3,3
75666,46,49,-3,3
75667,107,100,7,7
75668,127,130,-3,3
75669,89,85,4,4
75670,104,103,1,1
75671,82,88,-6,6
75672,114,120,-6,6
75673,82,82,0,0
75674,109,115,-6,6
75675,105,107,-2,2
75676,67,68,-1,1
75677,64,62,2,2
75678,109,105,4,4
75679,50,52,-2,2
75680,49,48,1,1
75681,89,92,-3,3
75682,163,163,0,0
75683,64,69,-5,5
75684,180,173,7,7
75685,73,124,-51,51
75686,155,151,4,4
75687,106,105,1,1
75688,102,97,5,5
75689,142,139,3,3
75690,62,61,1,1
75691,93,95,-2,2
75692,125,110,15,15
75693,71,71,0,0
75694,62,69,-7,7
75695,129,130,-1,1
75696,109,124,-15,15
75697,174,173,1,1
75698,103,106,-3,3
75699,124,116,8,8
75700,74,80,-6,6
75701,96,93,3,3
75702,112,108,4,4
75703,78,80,-2,2
75704,59,58,1,1
75705,54,56,-2,2
75706,86,83,3,3
75707,99,115,-16,16
75708,120,137,-17,17
75709,134,130,4,4
75710,141,133,8,8
75711,99,103,-4,4
75712,92,93,-1,1
75713,121,124,-3,3
75714,74,71,3,3
75715,101,91,10,10
75716,14,88,-74,74
75717,80,77,3,3
75718,88,81,7,7
75719,60,64,-4,4
75720,112,114,-2,2
75721,153,137,16,16
75722,108,106,2,2
75723,98,100,-2,2
75724,78,98,-20,20
75725,115,149,-34,34
75726,71,67,4,4
75727,129,130,-1,1
75728,56,59,-3,3
75729,68,64,4,4
75730,80,77,3,3
75731,110,123,-13,13
75732,86,95,-9,9
75733,139,137,2,2
75734,125,121,4,4
75735,73,73,0,0
75736,122,116,6,6
75737,99,101,-2,2
75738,78,74,4,4
75739,150,143,7,7
75740,112,96,16,16
75741,95,98,-3,3
75742,85,82,3,3
75743,67,67,0,0
75744,91,86,5,5
75745,110,103,7,7
75746,88,72,16,16
75747,115,131,-16,16
75748,78,80,-2,2
75749,89,102,-13,13
75750,71,69,2,2
75751,65,59,6,6
75752,67,82,-15,15
75753,144,136,8,8
75754,98,102,-4,4
75755,78,76,2,2
75756,130,137,-7,7
75757,75,79,-4,4
75758,83,78,5,5
75759,72,66,6,6
75760,106,103,3,3
75761,44,38,6,6
75762,108,108,0,0
75763,80,69,11,11
75764,98,103,-5,5
75765,97,96,1,1
75766,124,139,-15,15
75767,96,86,10,10
75768,71,71,0,0
75769,118,121,-3,3
75770,115,109,6,6
75771,88,87,1,1
75772,104,105,-1,1
75773,75,67,8,8
75774,115,111,4,4
75775,94,83,11,11
75776,97,102,-5,5
75777,71,73,-2,2
75778,73,87,-14,14
75779,64,66,-2,2
75780,61,63,-2,2
75781,46,38,8,8
75782,81,84,-3,3
75783,56,59,-3,3
75784,99,98,1,1
75785,131,146,-15,15
75786,75,91,-16,16
75787,74,68,6,6
75788,111,109,2,2
75789,136,130,6,6
75790,81,77,4,4
75791,50,55,-5,5
75792,95,93,2,2
75793,108,123,-15,15
75794,62,108,-46,46
75795,78,79,-1,1
75796,92,84,8,8
75797,42,39,3,3
75798,102,108,-6,6
75799,104,109,-5,5
75800,55,63,-8,8
75801,69,74,-5,5
75802,90,91,-1,1
75803,63,58,5,5
75804,101,106,-5,5
75805,43,39,4,4
75806,69,73,-4,4
75807,109,106,3,3
75808,142,148,-6,6
75809,140,140,0,0
75810,67,66,1,1
75811,62,62,0,0
75812,114,104,10,10
75813,107,109,-2,2
75814,85,99,-14,14
75815,167,167,0,0
75816,163,172,-9,9
75817,85,88,-3,3
75818,73,80,-7,7
75819,109,103,6,6
75820,61,64,-3,3
75821,77,81,-4,4
75822,207,187,20,20
75823,99,100,-1,1
75824,182,172,10,10
75825,99,99,0,0
75826,83,86,-3,3
75827,75,79,-4,4
75828,139,141,-2,2
75829,47,39,8,8
75830,65,81,-16,16
75831,143,121,22,22
75832,73,76,-3,3
75833,79,83,-4,4
75834,85,76,9,9
75835,88,93,-5,5
75836,141,134,7,7
75837,71,94,-23,23
75838,96,95,1,1
75839,153,147,6,6
75840,133,124,9,9
75841,80,85,-5,5
75842,171,184,-13,13
75843,125,133,-8,8
75844,91,85,6,6
75845,61,62,-1,1
75846,131,121,10,10
75847,136,117,19,19
75848,58,58,0,0
75849,93,92,1,1
75850,88,88,0,0
75851,68,68,0,0
75852,129,130,-1,1
75853,127,116,11,11
75854,98,147,-49,49
75855,87,88,-1,1
75856,84,84,0,0
75857,51,82,-31,31
75858,72,69,3,3
75859,144,141,3,3
75860,96,98,-2,2
75861,61,57,4,4
75862,86,83,3,3
75863,78,73,5,5
75864,51,54,-3,3
75865,151,148,3,3
75866,109,105,4,4
75867,108,116,-8,8
75868,80,74,6,6
75869,67,59,8,8
75870,125,143,-18,18
75871,75,67,8,8
75872,176,182,-6,6
75873,105,109,-4,4
75874,82,88,-6,6
75875,146,148,-2,2
75876,49,84,-35,35
75877,68,86,-18,18
75878,119,123,-4,4
75879,40,38,2,2
75880,118,119,-1,1
75881,65,63,2,2
75882,92,99,-7,7
75883,69,63,6,6
75884,110,107,3,3
75885,94,92,2,2
75886,152,183,-31,31
75887,118,119,-1,1
75888,72,71,1,1
75889,141,135,6,6
75890,43,49,-6,6
75891,122,116,6,6
75892,73,74,-1,1
75893,92,91,1,1
75894,101,111,-10,10
75895,66,70,-4,4
75896,70,63,7,7
75897,43,39,4,4
75898,84,75,9,9
75899,83,98,-15,15
75900,71,66,5,5
75901,97,90,7,7
75902,116,117,-1,1
75903,107,117,-10,10
75904,152,150,2,2
75905,130,152,-22,22
75906,49,54,-5,5
75907,111,107,4,4
75908,124,113,11,11
75909,75,72,3,3
75910,112,133,-21,21
75911,111,118,-7,7
75912,97,97,0,0
75913,47,39,8,8
75914,114,99,15,15
75915,107,115,-8,8
75916,93,94,-1,1
75917,107,105,2,2
75918,114,116,-2,2
75919,124,136,-12,12
75920,133,120,13,13
75921,64,60,4,4
75922,80,85,-5,5
75923,155,144,11,11
75924,98,110,-12,12
75925,82,69,13,13
75926,50,51,-1,1
75927,64,61,3,3
75928,97,102,-5,5
75929,123,116,7,7
75930,46,53,-7,7
75931,78,69,9,9
75932,122,122,0,0
75933,181,167,14,14
75934,64,70,-6,6
75935,56,57,-1,1
75936,72,83,-11,11
75937,141,138,3,3
75938,126,120,6,6
75939,71,60,11,11
75940,81,69,12,12
75941,137,130,7,7
75942,91,92,-1,1
75943,117,111,6,6
75944,160,163,-3,3
75945,101,91,10,10
75946,55,64,-9,9
75947,104,109,-5,5
75948,72,71,1,1
75949,165,166,-1,1
75950,74,72,2,2
75951,72,72,0,0
75952,138,121,17,17
75953,87,93,-6,6
75954,66,62,4,4
75955,78,80,-2,2
75956,80,75,5,5
75957,111,116,-5,5
75958,132,133,-1,1
75959,70,73,-3,3
75960,96,93,3,3
75961,127,128,-1,1
75962,121,122,-1,1
75963,57,52,5,5
75964,203,203,0,0
75965,94,93,1,1
75966,81,100,-19,19
75967,52,56,-4,4
75968,150,141,9,9
75969,83,117,-34,34
75970,99,83,16,16
75971,64,61,3,3
75972,79,81,-2,2
75973,81,84,-3,3
75974,47,51,-4,4
75975,54,57,-3,3
75976,152,147,5,5
75977,44,51,-7,7
75978,87,87,0,0
75979,161,158,3,3
75980,83,82,1,1
75981,75,76,-1,1
75982,111,122,-11,11
75983,60,55,5,5
75984,98,92,6,6
75985,74,81,-7,7
75986,81,74,7,7
75987,113,114,-1,1
75988,110,102,8,8
75989,84,85,-1,1
75990,57,56,1,1
75991,70,68,2,2
75992,175,162,13,13
75993,95,97,-2,2
75994,94,94,0,0
75995,107,105,2,2
75996,75,76,-1,1
75997,85,95,-10,10
75998,162,147,15,15
75999,93,94,-1,1
76000,73,75,-2,2
76001,86,87,-1,1
76002,179,177,2,2
76003,202,201,1,1
76004,98,102,-4,4
76005,85,90,-5,5
76006,37,39,-2,2
76007,121,116,5,5
76008,128,118,10,10
76009,87,96,-9,9
76010,141,147,-6,6
76011,70,65,5,5
76012,151,160,-9,9
76013,116,117,-1,1
76014,81,77,4,4
76015,81,73,8,8
76016,89,92,-3,3
76017,124,107,17,17
76018,94,97,-3,3
76019,56,63,-7,7
76020,151,150,1,1
76021,157,153,4,4
76022,70,73,-3,3
76023,154,156,-2,2
76024,130,130,0,0
76025,121,116,5,5
76026,119,128,-9,9
76027,94,98,-4,4
76028,62,71,-9,9
76029,99,93,6,6
76030,82,75,7,7
76031,145,150,-5,5
76032,107,121,-14,14
76033,107,108,-1,1
76034,128,119,9,9
76035,52,54,-2,2
76036,103,102,1,1
76037,70,70,0,0
76038,161,166,-5,5
76039,74,75,-1,1
76040,70,67,3,3
76041,114,107,7,7
76042,150,155,-5,5
76043,105,123,-18,18
76044,119,132,-13,13
76045,71,78,-7,7
76046,102,96,6,6
76047,43,55,-12,12
76048,84,85,-1,1
76049,70,74,-4,4
76050,82,83,-1,1
76051,74,62,12,12
76052,98,97,1,1
76053,55,62,-7,7
76054,110,113,-3,3
76055,145,157,-12,12
76056,80,77,3,3
76057,137,133,4,4
76058,77,91,-14,14
76059,80,71,9,9
76060,73,66,7,7
76061,83,76,7,7
76062,100,93,7,7
76063,85,84,1,1
76064,101,104,-3,3
76065,79,80,-1,1
76066,89,96,-7,7
76067,60,61,-1,1
76068,112,98,14,14
76069,173,175,-2,2
76070,60,57,3,3
76071,41,39,2,2
76072,57,62,-5,5
76073,88,92,-4,4
76074,101,98,3,3
76075,82,72,10,10
76076,100,99,1,1
76077,85,87,-2,2
76078,117,105,12,12
76079,83,87,-4,4
76080,162,152,10,10
76081,59,56,3,3
76082,127,121,6,6
76083,170,160,10,10
76084,114,108,6,6
76085,111,111,0,0
76086,44,39,5,5
76087,91,96,-5,5
76088,76,84,-8,8
76089,64,69,-5,5
76090,67,64,3,3
76091,135,131,4,4
76092,75,77,-2,2
76093,110,107,3,3
76094,84,79,5,5
76095,77,72,5,5
76096,97,100,-3,3
76097,85,93,-8,8
76098,61,55,6,6
76099,86,88,-2,2
76100,75,71,4,4
76101,83,110,-27,27
76102,168,168,0,0
76103,97,99,-2,2
76104,64,65,-1,1
76105,126,122,4,4
76106,85,90,-5,5
76107,111,116,-5,5
76108,87,83,4,4
76109,101,114,-13,13
76110,162,116,46,46
76111,143,149,-6,6
76112,123,117,6,6
76113,82,77,5,5
76114,101,98,3,3
76115,92,106,-14,14
76116,87,99,-12,12
76117,93,85,8,8
76118,100,110,-10,10
76119,92,87,5,5
76120,85,75,10,10
76121,49,48,1,1
76122,79,91,-12,12
76123,58,54,4,4
76124,85,92,-7,7
76125,61,58,3,3
76126,140,140,0,0
76127,127,135,-8,8
76128,152,152,0,0
76129,67,60,7,7
76130,64,63,1,1
76131,136,136,0,0
76132,74,70,4,4
76133,100,90,10,10
76134,158,145,13,13
76135,80,87,-7,7
76136,88,87,1,1
76137,110,120,-10,10
76138,74,65,9,9
76139,116,126,-10,10
76140,82,76,6,6
76141,117,111,6,6
76142,81,81,0,0
76143,74,72,2,2
76144,104,104,0,0
76145,147,136,11,11
76146,82,77,5,5
76147,50,49,1,1
76148,180,172,8,8
76149,182,193,-11,11
76150,63,74,-11,11
76151,190,169,21,21
76152,122,144,-22,22
76153,99,94,5,5
76154,66,68,-2,2
76155,53,69,-16,16
76156,63,64,-1,1
76157,125,144,-19,19
76158,112,103,9,9
76159,85,89,-4,4
76160,56,58,-2,2
76161,85,85,0,0
76162,70,81,-11,11
76163,83,89,-6,6
76164,135,138,-3,3
76165,57,53,4,4
76166,84,84,0,0
76167,90,103,-13,13
76168,59,62,-3,3
76169,77,71,6,6
76170,64,60,4,4
76171,99,102,-3,3
76172,109,104,5,5
76173,97,100,-3,3
76174,92,87,5,5
76175,87,93,-6,6
76176,42,39,3,3
76177,74,84,-10,10
76178,162,186,-24,24
76179,125,112,13,13
76180,178,189,-11,11
76181,98,108,-10,10
76182,89,96,-7,7
76183,72,64,8,8
76184,78,75,3,3
76185,53,59,-6,6
76186,85,78,7,7
76187,122,120,2,2
76188,101,112,-11,11
76189,81,79,2,2
76190,128,92,36,36
76191,98,100,-2,2
76192,154,168,-14,14
76193,122,129,-7,7
76194,63,58,5,5
76195,83,91,-8,8
76196,98,101,-3,3
76197,70,69,1,1
76198,89,105,-16,16
76199,111,122,-11,11
76200,44,53,-9,9
76201,48,55,-7,7
76202,104,103,1,1
76203,106,106,0,0
76204,148,133,15,15
76205,128,133,-5,5
76206,118,116,2,2
76207,105,93,12,12
76208,141,153,-12,12
76209,115,105,10,10
76210,161,158,3,3
76211,71,94,-23,23
76212,149,142,7,7
76213,77,78,-1,1
76214,117,110,7,7
76215,119,120,-1,1
76216,116,108,8,8
76217,88,85,3,3
76218,107,109,-2,2
76219,72,83,-11,11
76220,137,157,-20,20
76221,122,128,-6,6
76222,126,126,0,0
76223,50,60,-10,10
76224,119,106,13,13
76225,79,70,9,9
76226,124,134,-10,10
76227,128,132,-4,4
76228,132,123,9,9
76229,90,89,1,1
76230,95,97,-2,2
76231,97,89,8,8
76232,63,64,-1,1
76233,109,104,5,5
76234,133,146,-13,13
76235,104,105,-1,1
76236,35,79,-44,44
76237,72,73,-1,1
76238,65,72,-7,7
76239,120,111,9,9
76240,135,160,-25,25
76241,130,122,8,8
76242,137,141,-4,4
76243,81,77,4,4
76244,83,87,-4,4
76245,51,56,-5,5
76246,77,81,-4,4
76247,116,108,8,8
76248,72,76,-4,4
76249,97,102,-5,5
76250,78,72,6,6
76251,63,60,3,3
76252,130,136,-6,6
76253,158,158,0,0
76254,75,85,-10,10
76255,76,72,4,4
76256,101,102,-1,1
76257,44,53,-9,9
76258,74,71,3,3
76259,98,91,7,7
76260,134,140,-6,6
76261,104,102,2,2
76262,88,87,1,1
76263,179,175,4,4
76264,46,52,-6,6
76265,141,143,-2,2
76266,91,84,7,7
76267,72,71,1,1
76268,82,82,0,0
76269,73,70,3,3
76270,139,134,5,5
76271,124,121,3,3
76272,100,96,4,4
76273,98,95,3,3
76274,80,80,0,0
76275,97,117,-20,20
76276,62,65,-3,3
76277,136,135,1,1
76278,93,88,5,5
76279,104,104,0,0
76280,158,158,0,0
76281,105,98,7,7
76282,82,68,14,14
76283,150,152,-2,2
76284,161,153,8,8
76285,68,63,5,5
76286,97,102,-5,5
76287,106,102,4,4
76288,75,69,6,6
76289,95,95,0,0
76290,84,85,-1,1
76291,144,131,13,13
76292,115,117,-2,2
76293,45,51,-6,6
76294,99,96,3,3
76295,91,88,3,3
76296,75,67,8,8
76297,134,118,16,16
76298,69,63,6,6
76299,74,75,-1,1
76300,53,53,0,0
76301,74,82,-8,8
76302,95,95,0,0
76303,54,55,-1,1
76304,96,93,3,3
76305,93,93,0,0
76306,108,109,-1,1
76307,104,118,-14,14
76308,80,79,1,1
76309,87,79,8,8
76310,98,105,-7,7
76311,60,63,-3,3
76312,65,66,-1,1
76313,75,83,-8,8
76314,80,89,-9,9
76315,81,90,-9,9
76316,123,117,6,6
76317,89,96,-7,7
76318,142,141,1,1
76319,64,58,6,6
76320,100,109,-9,9
76321,45,53,-8,8
76322,118,112,6,6
76323,73,77,-4,4
76324,74,75,-1,1
76325,102,107,-5,5
76326,66,77,-11,11
76327,120,126,-6,6
76328,57,56,1,1
76329,149,136,13,13
76330,131,137,-6,6
76331,81,75,6,6
76332,61,62,-1,1
76333,89,93,-4,4
76334,66,60,6,6
76335,64,64,0,0
76336,76,80,-4,4
76337,124,119,5,5
76338,48,54,-6,6
76339,68,67,1,1
76340,100,103,-3,3
76341,96,96,0,0
76342,50,44,6,6
76343,85,89,-4,4
76344,85,87,-2,2
76345,61,61,0,0
76346,91,80,11,11
76347,72,69,3,3
76348,129,117,12,12
76349,104,100,4,4
76350,54,63,-9,9
76351,53,54,-1,1
76352,105,114,-9,9
76353,91,107,-16,16
76354,66,74,-8,8
76355,59,58,1,1
76356,118,117,1,1
76357,109,117,-8,8
76358,63,64,-1,1
76359,63,55,8,8
76360,68,65,3,3
76361,166,183,-17,17
76362,84,79,5,5
76363,66,60,6,6
76364,100,112,-12,12
76365,104,98,6,6
76366,65,64,1,1
76367,57,58,-1,1
76368,99,98,1,1
76369,96,115,-19,19
76370,71,67,4,4
76371,57,60,-3,3
76372,105,114,-9,9
76373,88,83,5,5
76374,54,55,-1,1
76375,181,169,12,12
76376,100,99,1,1
76377,103,102,1,1
76378,138,130,8,8
76379,65,68,-3,3
76380,71,72,-1,1
76381,70,66,4,4
76382,72,69,3,3
76383,66,60,6,6
76384,79,77,2,2
76385,169,174,-5,5
76386,129,124,5,5
76387,129,110,19,19
76388,63,58,5,5
76389,92,91,1,1
76390,109,111,-2,2
76391,58,58,0,0
76392,108,99,9,9
76393,107,98,9,9
76394,162,163,-1,1
76395,57,56,1,1
76396,109,118,-9,9
76397,86,88,-2,2
76398,91,88,3,3
76399,89,81,8,8
76400,93,97,-4,4
76401,70,68,2,2
76402,73,74,-1,1
76403,71,67,4,4
76404,59,54,5,5
76405,166,169,-3,3
76406,71,63,8,8
76407,71,61,10,10
76408,132,119,13,13
76409,103,113,-10,10
76410,114,106,8,8
76411,103,112,-9,9
76412,98,96,2,2
76413,92,86,6,6
76414,102,111,-9,9
76415,113,121,-8,8
76416,130,159,-29,29
76417,56,62,-6,6
76418,127,124,3,3
76419,53,66,-13,13
76420,129,130,-1,1
76421,93,92,1,1
76422,133,126,7,7
76423,93,90,3,3
76424,92,92,0,0
76425,45,52,-7,7
76426,96,88,8,8
76427,104,133,-29,29
76428,65,62,3,3
76429,114,108,6,6
76430,52,50,2,2
76431,80,83,-3,3
76432,135,134,1,1
76433,78,108,-30,30
76434,69,66,3,3
76435,61,53,8,8
76436,75,69,6,6
76437,131,137,-6,6
76438,108,119,-11,11
76439,96,95,1,1
76440,178,173,5,5
76441,171,180,-9,9
76442,81,75,6,6
76443,91,85,6,6
76444,69,75,-6,6
76445,146,135,11,11
76446,111,100,11,11
76447,65,63,2,2
76448,86,84,2,2
76449,79,93,-14,14
76450,108,100,8,8
76451,94,95,-1,1
76452,107,108,-1,1
76453,100,95,5,5
76454,121,114,7,7
76455,144,158,-14,14
76456,66,64,2,2
76457,40,39,1,1
76458,99,103,-4,4
76459,32,39,-7,7
76460,69,69,0,0
76461,145,146,-1,1
76462,76,79,-3,3
76463,85,85,0,0
76464,53,56,-3,3
76465,27,38,-11,11
76466,55,60,-5,5
76467,41,39,2,2
76468,57,59,-2,2
76469,83,72,11,11
76470,77,72,5,5
76471,85,98,-13,13
76472,118,110,8,8
76473,55,59,-4,4
76474,62,61,1,1
76475,111,109,2,2
76476,108,105,3,3
76477,89,92,-3,3
76478,97,94,3,3
76479,94,99,-5,5
76480,61,62,-1,1
76481,82,90,-8,8
76482,83,89,-6,6
76483,140,126,14,14
76484,152,137,15,15
76485,86,81,5,5
76486,33,39,-6,6
76487,88,87,1,1
76488,71,65,6,6
76489,97,115,-18,18
76490,81,88,-7,7
76491,129,127,2,2
76492,55,54,1,1
76493,122,126,-4,4
76494,103,113,-10,10
76495,98,92,6,6
76496,89,86,3,3
76497,87,84,3,3
76498,79,86,-7,7
76499,98,110,-12,12
76500,49,66,-17,17
76501,82,82,0,0
76502,120,121,-1,1
76503,108,107,1,1
76504,169,162,7,7
76505,161,161,0,0
76506,134,142,-8,8
76507,96,100,-4,4
76508,56,64,-8,8
76509,101,107,-6,6
76510,86,95,-9,9
76511,82,82,0,0
76512,85,92,-7,7
76513,79,74,5,5
76514,78,84,-6,6
76515,105,92,13,13
76516,142,140,2,2
76517,65,69,-4,4
76518,57,62,-5,5
76519,81,82,-1,1
76520,139,113,26,26
76521,84,79,5,5
76522,81,79,2,2
76523,154,138,16,16
76524,147,141,6,6
76525,153,147,6,6
76526,73,75,-2,2
76527,141,136,5,5
76528,43,50,-7,7
76529,101,99,2,2
76530,42,48,-6,6
76531,78,81,-3,3
76532,97,115,-18,18
76533,65,67,-2,2
76534,58,59,-1,1
76535,79,89,-10,10
76536,95,96,-1,1
76537,105,121,-16,16
76538,37,40,-3,3
76539,82,90,-8,8
76540,130,130,0,0
76541,99,110,-11,11
76542,125,104,21,21
76543,51,64,-13,13
76544,87,87,0,0
76545,147,159,-12,12
76546,61,60,1,1
76547,122,122,0,0
76548,70,75,-5,5
76549,81,71,10,10
76550,93,91,2,2
76551,136,140,-4,4
76552,61,65,-4,4
76553,75,84,-9,9
76554,118,107,11,11
76555,110,116,-6,6
76556,153,166,-13,13
76557,57,55,2,2
76558,128,118,10,10
76559,118,110,8,8
76560,81,90,-9,9
76561,82,78,4,4
76562,126,126,0,0
76563,110,110,0,0
76564,91,95,-4,4
76565,106,88,18,18
76566,92,87,5,5
76567,74,80,-6,6
76568,119,120,-1,1
76569,47,49,-2,2
76570,81,91,-10,10
76571,101,97,4,4
76572,91,90,1,1
76573,68,68,0,0
76574,119,117,2,2
76575,90,88,2,2
76576,104,108,-4,4
76577,80,86,-6,6
76578,84,88,-4,4
76579,132,126,6,6
76580,32,69,-37,37
76581,139,136,3,3
76582,85,78,7,7
76583,83,84,-1,1
76584,55,56,-1,1
76585,98,112,-14,14
76586,177,178,-1,1
76587,81,85,-4,4
76588,90,99,-9,9
76589,133,125,8,8
76590,85,70,15,15
76591,58,54,4,4
76592,133,134,-1,1
76593,81,79,2,2
76594,149,143,6,6
76595,107,108,-1,1
76596,113,96,17,17
76597,108,100,8,8
76598,93,88,5,5
76599,100,91,9,9
76600,66,69,-3,3
76601,109,103,6,6
76602,77,88,-11,11
76603,208,189,19,19
76604,79,89,-10,10
76605,74,67,7,7
76606,74,70,4,4
76607,131,124,7,7
76608,127,117,10,10
76609,77,71,6,6
76610,100,82,18,18
76611,82,114,-32,32
76612,100,105,-5,5
76613,65,72,-7,7
76614,97,104,-7,7
76615,146,135,11,11
76616,99,87,12,12
76617,117,109,8,8
76618,71,73,-2,2
76619,60,60,0,0
76620,75,76,-1,1
76621,46,38,8,8
76622,121,108,13,13
76623,55,52,3,3
76624,119,126,-7,7
76625,178,178,0,0
76626,131,131,0,0
76627,123,121,2,2
76628,99,100,-1,1
76629,164,156,8,8
76630,69,70,-1,1
76631,55,56,-1,1
76632,148,155,-7,7
76633,67,65,2,2
76634,138,142,-4,4
76635,115,110,5,5
76636,134,129,5,5
76637,91,99,-8,8
76638,94,93,1,1
76639,114,110,4,4
76640,92,93,-1,1
76641,98,104,-6,6
76642,41,39,2,2
76643,49,53,-4,4
76644,59,65,-6,6
76645,90,89,1,1
76646,165,159,6,6
76647,53,55,-2,2
76648,67,67,0,0
76649,77,70,7,7
76650,87,83,4,4
76651,65,62,3,3
76652,133,133,0,0
76653,98,94,4,4
76654,103,105,-2,2
76655,85,86,-1,1
76656,153,149,4,4
76657,85,75,10,10
76658,126,136,-10,10
76659,102,114,-12,12
76660,115,113,2,2
76661,78,87,-9,9
76662,152,161,-9,9
76663,72,72,0,0
76664,65,62,3,3
76665,71,69,2,2
76666,134,139,-5,5
76667,104,105,-1,1
76668,54,60,-6,6
76669,133,125,8,8
76670,99,85,14,14
76671,69,64,5,5
76672,169,174,-5,5
76673,94,97,-3,3
76674,106,115,-9,9
76675,86,90,-4,4
76676,107,103,4,4
76677,52,58,-6,6
76678,71,75,-4,4
76679,87,82,5,5
76680,155,168,-13,13
76681,58,60,-2,2
76682,144,137,7,7
76683,111,106,5,5
76684,90,89,1,1
76685,74,63,11,11
76686,100,91,9,9
76687,112,111,1,1
76688,117,119,-2,2
76689,48,89,-41,41
76690,107,95,12,12
76691,144,145,-1,1
76692,86,76,10,10
76693,101,96,5,5
76694,94,98,-4,4
76695,129,118,11,11
76696,132,136,-4,4
76697,61,59,2,2
76698,103,111,-8,8
76699,104,97,7,7
76700,135,119,16,16
76701,76,81,-5,5
76702,112,119,-7,7
76703,114,96,18,18
76704,69,62,7,7
76705,92,82,10,10
76706,80,80,0,0
76707,139,129,10,10
76708,76,72,4,4
76709,71,63,8,8
76710,100,103,-3,3
76711,106,101,5,5
76712,145,141,4,4
76713,76,85,-9,9
76714,92,102,-10,10
76715,49,48,1,1
76716,110,106,4,4
76717,92,94,-2,2
76718,173,150,23,23
76719,98,100,-2,2
76720,175,160,15,15
76721,75,87,-12,12
76722,103,89,14,14
76723,111,125,-14,14
76724,215,220,-5,5
76725,131,125,6,6
76726,67,72,-5,5
76727,127,140,-13,13
76728,72,71,1,1
76729,43,66,-23,23
76730,65,64,1,1
76731,69,67,2,2
76732,149,161,-12,12
76733,75,68,7,7
76734,81,82,-1,1
76735,76,63,13,13
76736,53,62,-9,9
76737,79,91,-12,12
76738,152,145,7,7
76739,97,101,-4,4
76740,48,52,-4,4
76741,107,108,-1,1
76742,118,119,-1,1
76743,78,76,2,2
76744,98,91,7,7
76745,121,113,8,8
76746,108,102,6,6
76747,59,59,0,0
76748,95,99,-4,4
76749,98,101,-3,3
76750,71,66,5,5
76751,76,73,3,3
76752,100,111,-11,11
76753,70,67,3,3
76754,71,63,8,8
76755,94,74,20,20
76756,86,92,-6,6
76757,102,107,-5,5
76758,106,104,2,2
76759,74,80,-6,6
76760,49,53,-4,4
76761,103,97,6,6
76762,70,73,-3,3
76763,168,174,-6,6
76764,66,69,-3,3
76765,128,136,-8,8
76766,110,110,0,0
76767,82,72,10,10
76768,92,82,10,10
76769,187,191,-4,4
76770,101,120,-19,19
76771,47,39,8,8
76772,72,71,1,1
76773,77,77,0,0
76774,30,39,-9,9
76775,124,124,0,0
76776,218,200,18,18
76777,110,116,-6,6
76778,106,112,-6,6
76779,133,121,12,12
76780,88,73,15,15
76781,58,61,-3,3
76782,184,172,12,12
76783,152,137,15,15
76784,87,94,-7,7
76785,167,158,9,9
76786,93,98,-5,5
76787,130,112,18,18
76788,96,87,9,9
76789,119,125,-6,6
76790,81,86,-5,5
76791,52,49,3,3
76792,66,58,8,8
76793,102,109,-7,7
76794,76,71,5,5
76795,117,104,13,13
76796,98,94,4,4
76797,81,81,0,0
76798,99,105,-6,6
76799,81,75,6,6
76800,64,69,-5,5
76801,139,148,-9,9
76802,84,86,-2,2
76803,68,64,4,4
76804,42,39,3,3
76805,73,65,8,8
76806,158,122,36,36
76807,101,104,-3,3
76808,122,115,7,7
76809,76,86,-10,10
76810,129,159,-30,30
76811,99,90,9,9
76812,71,63,8,8
76813,80,80,0,0
76814,141,132,9,9
76815,48,44,4,4
76816,146,140,6,6
76817,83,88,-5,5
76818,102,103,-1,1
76819,87,90,-3,3
76820,83,76,7,7
76821,63,78,-15,15
76822,89,89,0,0
76823,142,135,7,7
76824,90,100,-10,10
76825,97,93,4,4
76826,130,131,-1,1
76827,88,87,1,1
76828,146,152,-6,6
76829,118,107,11,11
76830,124,121,3,3
76831,108,122,-14,14
76832,53,58,-5,5
76833,78,79,-1,1
76834,54,55,-1,1
76835,121,114,7,7
76836,105,119,-14,14
76837,47,57,-10,10
76838,58,56,2,2
76839,126,114,12,12
76840,165,152,13,13
76841,118,114,4,4
76842,54,56,-2,2
76843,98,94,4,4
76844,39,37,2,2
76845,88,95,-7,7
76846,85,89,-4,4
76847,92,102,-10,10
76848,101,104,-3,3
76849,69,78,-9,9
76850,70,64,6,6
76851,57,90,-33,33
76852,89,91,-2,2
76853,165,163,2,2
76854,88,89,-1,1
76855,142,136,6,6
76856,109,117,-8,8
76857,105,105,0,0
76858,94,97,-3,3
76859,124,123,1,1
76860,119,116,3,3
76861,41,38,3,3
76862,102,101,1,1
76863,90,71,19,19
76864,126,129,-3,3
76865,59,72,-13,13
76866,74,72,2,2
76867,104,110,-6,6
76868,101,100,1,1
76869,102,100,2,2
76870,123,129,-6,6
76871,90,89,1,1
76872,85,84,1,1
76873,85,95,-10,10
76874,57,57,0,0
76875,73,74,-1,1
76876,73,78,-5,5
76877,106,112,-6,6
76878,47,39,8,8
76879,91,96,-5,5
76880,93,84,9,9
76881,63,70,-7,7
76882,80,77,3,3
76883,71,69,2,2
76884,92,87,5,5
76885,125,121,4,4
76886,82,93,-11,11
76887,97,104,-7,7
76888,59,52,7,7
76889,125,140,-15,15
76890,115,106,9,9
76891,103,101,2,2
76892,97,96,1,1
76893,89,88,1,1
76894,78,78,0,0
76895,159,152,7,7
76896,117,128,-11,11
76897,100,94,6,6
76898,104,105,-1,1
76899,97,108,-11,11
76900,114,105,9,9
76901,118,129,-11,11
76902,99,84,15,15
76903,98,95,3,3
76904,114,117,-3,3
76905,99,100,-1,1
76906,95,94,1,1
76907,68,73,-5,5
76908,119,114,5,5
76909,125,120,5,5
76910,74,77,-3,3
76911,97,90,7,7
76912,101,98,3,3
76913,157,158,-1,1
76914,141,138,3,3
76915,132,136,-4,4
76916,104,105,-1,1
76917,85,89,-4,4
76918,110,111,-1,1
76919,91,103,-12,12
76920,53,52,1,1
76921,81,83,-2,2
76922,78,81,-3,3
76923,79,91,-12,12
76924,73,71,2,2
76925,81,85,-4,4
76926,89,86,3,3
76927,78,75,3,3
76928,122,113,9,9
76929,64,67,-3,3
76930,52,50,2,2
76931,87,93,-6,6
76932,134,137,-3,3
76933,104,99,5,5
76934,116,122,-6,6
76935,102,108,-6,6
76936,160,130,30,30
76937,83,78,5,5
76938,159,173,-14,14
76939,130,140,-10,10
76940,92,88,4,4
76941,95,89,6,6
76942,179,196,-17,17
76943,132,114,18,18
76944,53,52,1,1
76945,100,99,1,1
76946,105,96,9,9
76947,77,79,-2,2
76948,115,114,1,1
76949,126,129,-3,3
76950,91,93,-2,2
76951,79,81,-2,2
76952,40,43,-3,3
76953,128,126,2,2
76954,145,151,-6,6
76955,153,147,6,6
76956,81,77,4,4
76957,113,124,-11,11
76958,138,126,12,12
76959,100,105,-5,5
76960,77,69,8,8
76961,71,70,1,1
76962,110,114,-4,4
76963,118,118,0,0
76964,137,142,-5,5
76965,94,92,2,2
76966,65,62,3,3
76967,52,68,-16,16
76968,74,74,0,0
76969,68,66,2,2
76970,101,106,-5,5
76971,104,103,1,1
76972,138,133,5,5
76973,71,67,4,4
76974,140,127,13,13
76975,83,84,-1,1
76976,91,91,0,0
76977,125,116,9,9
76978,77,84,-7,7
76979,63,60,3,3
76980,116,112,4,4
76981,102,101,1,1
76982,121,130,-9,9
76983,116,113,3,3
76984,181,184,-3,3
76985,112,123,-11,11
76986,151,164,-13,13
76987,127,123,4,4
76988,87,86,1,1
76989,123,122,1,1
76990,74,87,-13,13
76991,161,161,0,0
76992,48,51,-3,3
76993,207,205,2,2
76994,124,127,-3,3
76995,91,100,-9,9
76996,104,105,-1,1
76997,118,124,-6,6
76998,112,113,-1,1
76999,70,70,0,0
77000,76,69,7,7
77001,133,125,8,8
77002,79,72,7,7
77003,56,68,-12,12
77004,111,139,-28,28
77005,48,54,-6,6
77006,80,66,14,14
77007,144,135,9,9
77008,39,38,1,1
77009,91,93,-2,2
77010,97,97,0,0
77011,93,85,8,8
77012,142,132,10,10
77013,116,114,2,2
77014,86,90,-4,4
77015,128,134,-6,6
77016,101,110,-9,9
77017,53,62,-9,9
77018,153,151,2,2
77019,69,78,-9,9
77020,101,94,7,7
77021,146,152,-6,6
77022,107,109,-2,2
77023,86,89,-3,3
77024,44,50,-6,6
77025,64,70,-6,6
77026,90,71,19,19
77027,69,70,-1,1
77028,78,86,-8,8
77029,141,140,1,1
77030,54,39,15,15
77031,61,54,7,7
77032,140,129,11,11
77033,158,138,20,20
77034,96,92,4,4
77035,159,160,-1,1
77036,155,136,19,19
77037,152,144,8,8
77038,62,56,6,6
77039,84,78,6,6
77040,197,194,3,3
77041,123,123,0,0
77042,80,84,-4,4
77043,25,38,-13,13
77044,140,148,-8,8
77045,65,71,-6,6
77046,67,96,-29,29
77047,62,66,-4,4
77048,71,66,5,5
77049,138,141,-3,3
77050,73,69,4,4
77051,84,89,-5,5
77052,227,206,21,21
77053,97,92,5,5
77054,47,42,5,5
77055,74,77,-3,3
77056,75,80,-5,5
77057,64,66,-2,2
77058,107,108,-1,1
77059,60,51,9,9
77060,70,71,-1,1
77061,117,101,16,16
77062,110,118,-8,8
77063,118,121,-3,3
77064,86,86,0,0
77065,61,68,-7,7
77066,72,69,3,3
77067,153,145,8,8
77068,92,96,-4,4
77069,117,120,-3,3
77070,79,77,2,2
77071,111,100,11,11
77072,48,49,-1,1
77073,71,62,9,9
77074,100,103,-3,3
77075,90,84,6,6
77076,67,68,-1,1
77077,111,109,2,2
77078,68,64,4,4
77079,113,107,6,6
77080,78,95,-17,17
77081,94,93,1,1
77082,86,90,-4,4
77083,131,136,-5,5
77084,142,129,13,13
77085,83,89,-6,6
77086,62,77,-15,15
77087,74,67,7,7
77088,143,142,1,1
77089,163,165,-2,2
77090,78,76,2,2
77091,42,39,3,3
77092,69,67,2,2
77093,68,66,2,2
77094,132,126,6,6
77095,59,53,6,6
77096,107,107,0,0
77097,107,110,-3,3
77098,49,50,-1,1
77099,114,113,1,1
77100,87,83,4,4
77101,103,84,19,19
77102,122,112,10,10
77103,114,116,-2,2
77104,172,165,7,7
77105,69,72,-3,3
77106,57,64,-7,7
77107,108,111,-3,3
77108,80,95,-15,15
77109,70,71,-1,1
77110,126,129,-3,3
77111,102,97,5,5
77112,45,50,-5,5
77113,72,68,4,4
77114,174,162,12,12
77115,101,108,-7,7
77116,53,53,0,0
77117,71,67,4,4
77118,157,174,-17,17
77119,139,134,5,5
77120,116,106,10,10
77121,86,78,8,8
77122,96,90,6,6
77123,107,113,-6,6
77124,98,110,-12,12
77125,89,92,-3,3
77126,117,128,-11,11
77127,108,109,-1,1
77128,54,54,0,0
77129,116,120,-4,4
77130,111,111,0,0
77131,139,147,-8,8
77132,74,72,2,2
77133,117,125,-8,8
77134,106,115,-9,9
77135,158,141,17,17
77136,97,98,-1,1
77137,70,63,7,7
77138,106,110,-4,4
77139,82,75,7,7
77140,141,130,11,11
77141,132,130,2,2
77142,114,106,8,8
77143,145,138,7,7
77144,56,59,-3,3
77145,109,96,13,13
77146,131,118,13,13
77147,154,124,30,30
77148,73,66,7,7
77149,63,67,-4,4
77150,134,152,-18,18
77151,91,83,8,8
77152,127,117,10,10
77153,42,39,3,3
77154,101,107,-6,6
77155,52,46,6,6
77156,143,149,-6,6
77157,92,87,5,5
77158,84,83,1,1
77159,101,118,-17,17
77160,117,120,-3,3
77161,85,82,3,3
77162,52,55,-3,3
77163,74,65,9,9
77164,78,65,13,13
77165,64,60,4,4
77166,90,96,-6,6
77167,59,64,-5,5
77168,53,61,-8,8
77169,94,97,-3,3
77170,77,76,1,1
77171,108,94,14,14
77172,138,134,4,4
77173,83,87,-4,4
77174,150,140,10,10
77175,108,106,2,2
77176,64,63,1,1
77177,101,114,-13,13
77178,92,85,7,7
77179,150,140,10,10
77180,133,135,-2,2
77181,42,50,-8,8
77182,43,39,4,4
77183,63,61,2,2
77184,82,87,-5,5
77185,56,51,5,5
77186,101,113,-12,12
77187,65,77,-12,12
77188,112,111,1,1
77189,50,53,-3,3
77190,130,124,6,6
77191,88,98,-10,10
77192,74,69,5,5
77193,129,138,-9,9
77194,57,65,-8,8
77195,110,112,-2,2
77196,99,105,-6,6
77197,77,69,8,8
77198,117,115,2,2
77199,107,101,6,6
77200,62,58,4,4
77201,75,79,-4,4
77202,97,104,-7,7
77203,54,58,-4,4
77204,80,75,5,5
77205,84,81,3,3
77206,52,51,1,1
77207,106,108,-2,2
77208,99,117,-18,18
77209,92,88,4,4
77210,53,56,-3,3
77211,135,136,-1,1
77212,116,102,14,14
77213,96,104,-8,8
77214,116,114,2,2
77215,90,87,3,3
77216,187,160,27,27
77217,55,93,-38,38
77218,48,57,-9,9
77219,77,85,-8,8
77220,74,78,-4,4
77221,97,106,-9,9
77222,159,158,1,1
77223,127,127,0,0
77224,83,83,0,0
77225,67,66,1,1
77226,103,93,10,10
77227,68,61,7,7
77228,75,70,5,5
77229,88,90,-2,2
77230,82,115,-33,33
77231,128,121,7,7
77232,177,169,8,8
77233,140,135,5,5
77234,108,92,16,16
77235,59,53,6,6
77236,97,99,-2,2
77237,105,104,1,1
77238,59,58,1,1
77239,74,71,3,3
77240,63,62,1,1
77241,53,50,3,3
77242,67,66,1,1
77243,88,87,1,1
77244,116,116,0,0
77245,141,146,-5,5
77246,123,125,-2,2
77247,111,112,-1,1
77248,89,88,1,1
77249,112,110,2,2
77250,118,117,1,1
77251,51,54,-3,3
77252,165,156,9,9
77253,70,73,-3,3
77254,92,86,6,6
77255,156,137,19,19
77256,160,144,16,16
77257,64,62,2,2
77258,137,140,-3,3
77259,93,88,5,5
77260,124,129,-5,5
77261,77,81,-4,4
77262,128,128,0,0
77263,79,66,13,13
77264,61,72,-11,11
77265,112,105,7,7
77266,45,39,6,6
77267,67,61,6,6
77268,126,126,0,0
77269,92,89,3,3
77270,74,77,-3,3
77271,67,74,-7,7
77272,105,102,3,3
77273,167,174,-7,7
77274,131,131,0,0
77275,84,130,-46,46
77276,110,122,-12,12
77277,72,76,-4,4
77278,71,117,-46,46
77279,115,123,-8,8
77280,159,158,1,1
77281,82,91,-9,9
77282,100,117,-17,17
77283,70,61,9,9
77284,104,108,-4,4
77285,49,38,11,11
77286,104,108,-4,4
77287,101,109,-8,8
77288,66,69,-3,3
77289,87,87,0,0
77290,85,96,-11,11
77291,124,137,-13,13
77292,121,114,7,7
77293,97,92,5,5
77294,63,60,3,3
77295,93,97,-4,4
77296,79,72,7,7
77297,49,39,10,10
77298,95,95,0,0
77299,76,81,-5,5
77300,133,136,-3,3
77301,66,69,-3,3
77302,85,86,-1,1
77303,228,258,-30,30
77304,124,134,-10,10
77305,90,82,8,8
77306,95,90,5,5
77307,54,59,-5,5
77308,82,89,-7,7
77309,155,145,10,10
77310,173,170,3,3
77311,171,162,9,9
77312,42,54,-12,12
77313,141,146,-5,5
77314,92,85,7,7
77315,94,90,4,4
77316,82,85,-3,3
77317,132,126,6,6
77318,124,119,5,5
77319,94,90,4,4
77320,60,59,1,1
77321,58,62,-4,4
77322,102,111,-9,9
77323,112,111,1,1
77324,121,119,2,2
77325,133,142,-9,9
77326,54,66,-12,12
77327,105,112,-7,7
77328,82,86,-4,4
77329,104,99,5,5
77330,91,85,6,6
77331,103,112,-9,9
77332,96,104,-8,8
77333,147,164,-17,17
77334,95,98,-3,3
77335,111,120,-9,9
77336,106,112,-6,6
77337,59,58,1,1
77338,77,72,5,5
77339,97,85,12,12
77340,73,60,13,13
77341,105,99,6,6
77342,122,117,5,5
77343,55,64,-9,9
77344,108,110,-2,2
77345,59,55,4,4
77346,124,128,-4,4
77347,116,124,-8,8
77348,100,97,3,3
77349,76,83,-7,7
77350,102,94,8,8
77351,95,103,-8,8
77352,138,132,6,6
77353,119,122,-3,3
77354,78,80,-2,2
77355,108,111,-3,3
77356,34,39,-5,5
77357,105,108,-3,3
77358,120,113,7,7
77359,91,91,0,0
77360,103,117,-14,14
77361,75,76,-1,1
77362,176,164,12,12
77363,85,81,4,4
77364,75,74,1,1
77365,103,107,-4,4
77366,81,83,-2,2
77367,105,117,-12,12
77368,50,61,-11,11
77369,118,115,3,3
77370,163,163,0,0
77371,137,131,6,6
77372,167,174,-7,7
77373,116,118,-2,2
77374,52,52,0,0
77375,115,111,4,4
77376,188,196,-8,8
77377,187,179,8,8
77378,84,81,3,3
77379,124,121,3,3
77380,95,94,1,1
77381,79,86,-7,7
77382,72,63,9,9
77383,68,66,2,2
77384,116,117,-1,1
77385,83,107,-24,24
77386,94,91,3,3
77387,63,61,2,2
77388,200,213,-13,13
77389,61,62,-1,1
77390,148,142,6,6
77391,56,57,-1,1
77392,110,111,-1,1
77393,94,97,-3,3
77394,59,66,-7,7
77395,76,70,6,6
77396,67,74,-7,7
77397,102,108,-6,6
77398,165,153,12,12
77399,79,83,-4,4
77400,74,67,7,7
77401,136,129,7,7
77402,116,109,7,7
77403,95,102,-7,7
77404,112,114,-2,2
77405,65,71,-6,6
77406,43,45,-2,2
77407,92,90,2,2
77408,48,52,-4,4
77409,75,74,1,1
77410,118,121,-3,3
77411,99,95,4,4
77412,101,97,4,4
77413,41,60,-19,19
77414,78,87,-9,9
77415,129,120,9,9
77416,109,115,-6,6
77417,81,81,0,0
77418,167,160,7,7
77419,55,72,-17,17
77420,202,188,14,14
77421,118,115,3,3
77422,122,126,-4,4
77423,67,65,2,2
77424,67,65,2,2
77425,54,55,-1,1
77426,54,58,-4,4
77427,89,95,-6,6
77428,107,106,1,1
77429,94,95,-1,1
77430,72,63,9,9
77431,127,131,-4,4
77432,84,98,-14,14
77433,64,65,-1,1
77434,96,98,-2,2
77435,116,112,4,4
77436,127,127,0,0
77437,128,123,5,5
77438,118,134,-16,16
77439,62,63,-1,1
77440,73,68,5,5
77441,36,38,-2,2
77442,165,148,17,17
77443,100,107,-7,7
77444,65,65,0,0
77445,75,81,-6,6
77446,75,90,-15,15
77447,97,103,-6,6
77448,93,108,-15,15
77449,57,60,-3,3
77450,59,60,-1,1
77451,85,82,3,3
77452,99,113,-14,14
77453,87,90,-3,3
77454,102,113,-11,11
77455,75,78,-3,3
77456,92,94,-2,2
77457,79,89,-10,10
77458,50,57,-7,7
77459,48,51,-3,3
77460,217,194,23,23
77461,132,123,9,9
77462,101,101,0,0
77463,82,82,0,0
77464,116,119,-3,3
77465,112,99,13,13
77466,66,80,-14,14
77467,81,91,-10,10
77468,56,56,0,0
77469,97,88,9,9
77470,84,78,6,6
77471,37,39,-2,2
77472,74,70,4,4
77473,127,130,-3,3
77474,54,56,-2,2
77475,80,77,3,3
77476,57,55,2,2
77477,106,84,22,22
77478,91,90,1,1
77479,103,104,-1,1
77480,114,102,12,12
77481,131,129,2,2
77482,85,82,3,3
77483,85,88,-3,3
77484,93,95,-2,2
77485,74,64,10,10
77486,88,92,-4,4
77487,52,50,2,2
77488,41,38,3,3
77489,82,82,0,0
77490,112,112,0,0
77491,67,64,3,3
77492,69,83,-14,14
77493,150,138,12,12
77494,93,97,-4,4
77495,63,58,5,5
77496,95,86,9,9
77497,46,44,2,2
77498,72,72,0,0
77499,77,80,-3,3
77500,87,93,-6,6
77501,121,127,-6,6
77502,149,140,9,9
77503,82,70,12,12
77504,57,55,2,2
77505,127,113,14,14
77506,103,96,7,7
77507,96,96,0,0
77508,82,76,6,6
77509,161,157,4,4
77510,133,130,3,3
77511,73,68,5,5
77512,71,61,10,10
77513,168,159,9,9
77514,137,139,-2,2
77515,72,64,8,8
77516,77,83,-6,6
77517,114,114,0,0
77518,115,113,2,2
77519,70,64,6,6
77520,78,85,-7,7
77521,118,123,-5,5
77522,88,88,0,0
77523,81,76,5,5
77524,118,121,-3,3
77525,60,56,4,4
77526,98,101,-3,3
77527,99,87,12,12
77528,55,53,2,2
77529,100,99,1,1
77530,75,77,-2,2
77531,77,68,9,9
77532,139,145,-6,6
77533,99,93,6,6
77534,106,109,-3,3
77535,92,99,-7,7
77536,87,89,-2,2
77537,55,60,-5,5
77538,89,98,-9,9
77539,106,116,-10,10
77540,161,168,-7,7
77541,72,74,-2,2
77542,119,108,11,11
77543,90,84,6,6
77544,110,108,2,2
77545,51,53,-2,2
77546,63,65,-2,2
77547,42,38,4,4
77548,85,78,7,7
77549,144,142,2,2
77550,69,75,-6,6
77551,43,39,4,4
77552,94,100,-6,6
77553,178,195,-17,17
77554,80,80,0,0
77555,65,66,-1,1
77556,62,63,-1,1
77557,62,58,4,4
77558,144,152,-8,8
77559,102,100,2,2
77560,104,103,1,1
77561,45,53,-8,8
77562,57,58,-1,1
77563,132,110,22,22
77564,105,101,4,4
77565,99,98,1,1
77566,60,68,-8,8
77567,72,73,-1,1
77568,122,125,-3,3
77569,141,143,-2,2
77570,94,89,5,5
77571,89,97,-8,8
77572,43,51,-8,8
77573,160,154,6,6
77574,84,72,12,12
77575,84,80,4,4
77576,90,96,-6,6
77577,68,66,2,2
77578,189,187,2,2
77579,77,88,-11,11
77580,59,62,-3,3
77581,139,144,-5,5
77582,98,100,-2,2
77583,147,138,9,9
77584,158,141,17,17
77585,97,93,4,4
77586,109,113,-4,4
77587,112,110,2,2
77588,74,72,2,2
77589,155,147,8,8
77590,75,72,3,3
77591,129,124,5,5
77592,189,192,-3,3
77593,98,101,-3,3
77594,68,69,-1,1
77595,100,100,0,0
77596,136,122,14,14
77597,144,142,2,2
77598,123,126,-3,3
77599,60,58,2,2
77600,131,124,7,7
77601,74,81,-7,7
77602,148,121,27,27
77603,112,104,8,8
77604,60,63,-3,3
77605,89,86,3,3
77606,83,93,-10,10
77607,100,91,9,9
77608,70,72,-2,2
77609,119,129,-10,10
77610,52,59,-7,7
77611,72,70,2,2
77612,127,126,1,1
77613,82,85,-3,3
77614,65,61,4,4
77615,75,68,7,7
77616,65,64,1,1
77617,80,99,-19,19
77618,95,123,-28,28
77619,74,81,-7,7
77620,107,106,1,1
77621,63,65,-2,2
77622,117,115,2,2
77623,83,72,11,11
77624,74,68,6,6
77625,56,44,12,12
77626,143,152,-9,9
77627,61,68,-7,7
77628,92,99,-7,7
77629,147,166,-19,19
77630,68,76,-8,8
77631,95,91,4,4
77632,80,88,-8,8
77633,129,123,6,6
77634,133,153,-20,20
77635,47,39,8,8
77636,65,56,9,9
77637,85,79,6,6
77638,100,96,4,4
77639,113,112,1,1
77640,104,101,3,3
77641,70,66,4,4
77642,16,37,-21,21
77643,102,98,4,4
77644,125,119,6,6
77645,83,88,-5,5
77646,114,102,12,12
77647,150,154,-4,4
77648,164,157,7,7
77649,97,98,-1,1
77650,71,68,3,3
77651,78,77,1,1
77652,128,124,4,4
77653,111,106,5,5
77654,78,73,5,5
77655,83,83,0,0
77656,84,78,6,6
77657,81,82,-1,1
77658,103,113,-10,10
77659,91,98,-7,7
77660,79,78,1,1
77661,84,85,-1,1
77662,143,124,19,19
77663,97,98,-1,1
77664,85,86,-1,1
77665,120,111,9,9
77666,88,99,-11,11
77667,114,98,16,16
77668,116,112,4,4
77669,72,81,-9,9
77670,101,95,6,6
77671,129,128,1,1
77672,119,107,12,12
77673,86,90,-4,4
77674,75,84,-9,9
77675,76,70,6,6
77676,84,78,6,6
77677,75,78,-3,3
77678,124,121,3,3
77679,177,199,-22,22
77680,75,73,2,2
77681,117,123,-6,6
77682,99,136,-37,37
77683,50,47,3,3
77684,70,81,-11,11
77685,115,111,4,4
77686,60,60,0,0
77687,96,92,4,4
77688,142,145,-3,3
77689,87,84,3,3
77690,112,115,-3,3
77691,116,104,12,12
77692,56,55,1,1
77693,158,163,-5,5
77694,188,189,-1,1
77695,181,171,10,10
77696,104,90,14,14
77697,159,162,-3,3
77698,122,132,-10,10
77699,69,74,-5,5
77700,105,100,5,5
77701,84,91,-7,7
77702,80,79,1,1
77703,62,58,4,4
77704,75,70,5,5
77705,72,80,-8,8
77706,86,84,2,2
77707,99,105,-6,6
77708,59,59,0,0
77709,104,100,4,4
77710,78,79,-1,1
77711,97,102,-5,5
77712,129,125,4,4
77713,64,68,-4,4
77714,105,100,5,5
77715,93,86,7,7
77716,92,95,-3,3
77717,40,39,1,1
77718,98,105,-7,7
77719,132,137,-5,5
77720,67,76,-9,9
77721,51,83,-32,32
77722,81,95,-14,14
77723,142,147,-5,5
77724,145,141,4,4
77725,72,68,4,4
77726,102,98,4,4
77727,87,84,3,3
77728,111,109,2,2
77729,80,77,3,3
77730,85,87,-2,2
77731,144,135,9,9
77732,66,72,-6,6
77733,98,93,5,5
77734,91,93,-2,2
77735,61,65,-4,4
77736,46,54,-8,8
77737,89,99,-10,10
77738,105,98,7,7
77739,102,94,8,8
77740,100,103,-3,3
77741,58,62,-4,4
77742,116,119,-3,3
77743,73,76,-3,3
77744,96,97,-1,1
77745,89,86,3,3
77746,79,85,-6,6
77747,74,73,1,1
77748,100,89,11,11
77749,35,38,-3,3
77750,49,50,-1,1
77751,79,77,2,2
77752,102,94,8,8
77753,104,85,19,19
77754,198,182,16,16
77755,136,126,10,10
77756,62,68,-6,6
77757,100,102,-2,2
77758,89,88,1,1
77759,131,129,2,2
77760,82,81,1,1
77761,157,153,4,4
77762,71,72,-1,1
77763,54,53,1,1
77764,115,123,-8,8
77765,80,83,-3,3
77766,69,67,2,2
77767,80,70,10,10
77768,89,91,-2,2
77769,91,91,0,0
77770,171,146,25,25
77771,86,81,5,5
77772,120,121,-1,1
77773,72,74,-2,2
77774,67,63,4,4
77775,122,145,-23,23
77776,71,72,-1,1
77777,119,121,-2,2
77778,80,79,1,1
77779,110,104,6,6
77780,47,49,-2,2
77781,193,180,13,13
77782,80,77,3,3
77783,52,52,0,0
77784,61,61,0,0
77785,90,92,-2,2
77786,85,85,0,0
77787,74,71,3,3
77788,85,88,-3,3
77789,125,150,-25,25
77790,150,145,5,5
77791,89,88,1,1
77792,93,90,3,3
77793,131,137,-6,6
77794,66,68,-2,2
77795,78,74,4,4
77796,151,155,-4,4
77797,91,94,-3,3
77798,75,85,-10,10
77799,39,38,1,1
77800,54,51,3,3
77801,106,102,4,4
77802,128,135,-7,7
77803,49,57,-8,8
77804,124,124,0,0
77805,76,76,0,0
77806,89,86,3,3
77807,48,39,9,9
77808,135,157,-22,22
77809,108,110,-2,2
77810,113,107,6,6
77811,97,101,-4,4
77812,155,160,-5,5
77813,154,147,7,7
77814,118,109,9,9
77815,87,79,8,8
77816,56,60,-4,4
77817,56,73,-17,17
77818,70,81,-11,11
77819,45,52,-7,7
77820,49,71,-22,22
77821,91,81,10,10
77822,76,71,5,5
77823,81,104,-23,23
77824,121,126,-5,5
77825,109,107,2,2
77826,72,79,-7,7
77827,75,78,-3,3
77828,35,38,-3,3
77829,90,97,-7,7
77830,132,131,1,1
77831,140,155,-15,15
77832,75,81,-6,6
77833,76,75,1,1
77834,111,134,-23,23
77835,92,99,-7,7
77836,120,137,-17,17
77837,119,118,1,1
77838,78,85,-7,7
77839,86,85,1,1
77840,60,64,-4,4
77841,158,152,6,6
77842,94,87,7,7
77843,126,124,2,2
77844,112,102,10,10
77845,112,105,7,7
77846,73,74,-1,1
77847,94,99,-5,5
77848,133,126,7,7
77849,70,63,7,7
77850,83,74,9,9
77851,117,122,-5,5
77852,104,106,-2,2
77853,109,109,0,0
77854,173,156,17,17
77855,55,67,-12,12
77856,46,51,-5,5
77857,36,39,-3,3
77858,76,77,-1,1
77859,136,132,4,4
77860,102,102,0,0
77861,110,110,0,0
77862,94,90,4,4
77863,80,80,0,0
77864,149,143,6,6
77865,249,244,5,5
77866,150,159,-9,9
77867,49,55,-6,6
77868,58,56,2,2
77869,54,52,2,2
77870,83,70,13,13
77871,119,111,8,8
77872,58,57,1,1
77873,123,112,11,11
77874,125,118,7,7
77875,115,124,-9,9
77876,74,86,-12,12
77877,71,63,8,8
77878,162,146,16,16
77879,96,99,-3,3
77880,63,67,-4,4
77881,87,93,-6,6
77882,74,62,12,12
77883,70,90,-20,20
77884,114,118,-4,4
77885,72,66,6,6
77886,58,65,-7,7
77887,117,108,9,9
77888,77,98,-21,21
77889,57,62,-5,5
77890,142,139,3,3
77891,57,65,-8,8
77892,77,73,4,4
77893,100,126,-26,26
77894,92,109,-17,17
77895,53,55,-2,2
77896,98,91,7,7
77897,96,95,1,1
77898,67,65,2,2
77899,69,68,1,1
77900,108,110,-2,2
77901,97,92,5,5
77902,75,69,6,6
77903,97,100,-3,3
77904,127,119,8,8
77905,87,81,6,6
77906,86,85,1,1
77907,84,74,10,10
77908,86,87,-1,1
77909,88,89,-1,1
77910,97,95,2,2
77911,86,83,3,3
77912,79,86,-7,7
77913,183,182,1,1
77914,97,99,-2,2
77915,136,136,0,0
77916,78,76,2,2
77917,128,129,-1,1
77918,116,111,5,5
77919,167,170,-3,3
77920,143,158,-15,15
77921,72,78,-6,6
77922,101,100,1,1
77923,89,87,2,2
77924,63,58,5,5
77925,136,130,6,6
77926,129,131,-2,2
77927,77,80,-3,3
77928,70,81,-11,11
77929,114,111,3,3
77930,100,114,-14,14
77931,133,128,5,5
77932,130,134,-4,4
77933,64,59,5,5
77934,105,101,4,4
77935,171,159,12,12
77936,120,113,7,7
77937,95,97,-2,2
77938,72,76,-4,4
77939,75,67,8,8
77940,110,100,10,10
77941,119,111,8,8
77942,184,173,11,11
77943,132,135,-3,3
77944,128,139,-11,11
77945,78,91,-13,13
77946,124,128,-4,4
77947,123,128,-5,5
77948,105,93,12,12
77949,51,58,-7,7
77950,89,102,-13,13
77951,58,61,-3,3
77952,112,108,4,4
77953,97,96,1,1
77954,95,99,-4,4
77955,79,79,0,0
77956,85,84,1,1
77957,135,122,13,13
77958,127,133,-6,6
77959,95,85,10,10
77960,141,152,-11,11
77961,76,80,-4,4
77962,63,63,0,0
77963,106,102,4,4
77964,95,89,6,6
77965,91,91,0,0
77966,147,149,-2,2
77967,124,119,5,5
77968,88,77,11,11
77969,70,71,-1,1
77970,80,92,-12,12
77971,41,50,-9,9
77972,59,59,0,0
77973,97,109,-12,12
77974,61,64,-3,3
77975,148,138,10,10
77976,106,100,6,6
77977,102,116,-14,14
77978,66,67,-1,1
77979,75,68,7,7
77980,98,91,7,7
77981,58,51,7,7
77982,59,59,0,0
77983,53,52,1,1
77984,53,72,-19,19
77985,121,110,11,11
77986,101,89,12,12
77987,145,138,7,7
77988,57,58,-1,1
77989,74,67,7,7
77990,65,63,2,2
77991,79,89,-10,10
77992,117,113,4,4
77993,65,62,3,3
77994,64,69,-5,5
77995,81,74,7,7
77996,125,110,15,15
77997,67,66,1,1
77998,69,69,0,0
77999,59,53,6,6
78000,126,119,7,7
78001,106,108,-2,2
78002,63,62,1,1
78003,89,96,-7,7
78004,120,105,15,15
78005,97,99,-2,2
78006,70,68,2,2
78007,116,127,-11,11
78008,77,64,13,13
78009,49,50,-1,1
78010,71,66,5,5
78011,64,72,-8,8
78012,72,63,9,9
78013,128,114,14,14
78014,98,94,4,4
78015,66,68,-2,2
78016,112,116,-4,4
78017,51,52,-1,1
78018,85,83,2,2
78019,100,92,8,8
78020,92,87,5,5
78021,111,114,-3,3
78022,100,124,-24,24
78023,96,96,0,0
78024,166,156,10,10
78025,137,149,-12,12
78026,72,70,2,2
78027,115,120,-5,5
78028,88,85,3,3
78029,91,91,0,0
78030,103,106,-3,3
78031,47,54,-7,7
78032,86,95,-9,9
78033,136,127,9,9
78034,157,165,-8,8
78035,124,130,-6,6
78036,137,141,-4,4
78037,101,103,-2,2
78038,74,71,3,3
78039,85,77,8,8
78040,45,38,7,7
78041,168,163,5,5
78042,115,107,8,8
78043,116,131,-15,15
78044,84,93,-9,9
78045,102,105,-3,3
78046,59,73,-14,14
78047,106,114,-8,8
78048,60,65,-5,5
78049,123,118,5,5
78050,85,77,8,8
78051,60,65,-5,5
78052,82,69,13,13
78053,160,152,8,8
78054,82,82,0,0
78055,83,84,-1,1
78056,73,76,-3,3
78057,113,117,-4,4
78058,95,86,9,9
78059,100,95,5,5
78060,40,38,2,2
78061,80,80,0,0
78062,110,108,2,2
78063,144,151,-7,7
78064,115,107,8,8
78065,64,77,-13,13
78066,119,113,6,6
78067,102,106,-4,4
78068,159,143,16,16
78069,104,98,6,6
78070,91,89,2,2
78071,133,134,-1,1
78072,98,97,1,1
78073,96,104,-8,8
78074,134,132,2,2
78075,160,158,2,2
78076,59,69,-10,10
78077,74,81,-7,7
78078,106,97,9,9
78079,64,60,4,4
78080,90,97,-7,7
78081,67,65,2,2
78082,100,102,-2,2
78083,68,66,2,2
78084,159,161,-2,2
78085,87,88,-1,1
78086,123,134,-11,11
78087,78,81,-3,3
78088,95,89,6,6
78089,56,70,-14,14
78090,102,106,-4,4
78091,108,94,14,14
78092,73,66,7,7
78093,111,114,-3,3
78094,137,137,0,0
78095,84,87,-3,3
78096,89,82,7,7
78097,70,82,-12,12
78098,78,81,-3,3
78099,152,154,-2,2
78100,81,85,-4,4
78101,49,52,-3,3
78102,69,69,0,0
78103,102,88,14,14
78104,62,61,1,1
78105,91,89,2,2
78106,72,56,16,16
78107,47,38,9,9
78108,184,164,20,20
78109,103,96,7,7
78110,69,73,-4,4
78111,51,61,-10,10
78112,120,136,-16,16
78113,105,88,17,17
78114,46,55,-9,9
78115,75,74,1,1
78116,71,68,3,3
78117,45,52,-7,7
78118,80,89,-9,9
78119,79,90,-11,11
78120,78,73,5,5
78121,62,70,-8,8
78122,86,85,1,1
78123,122,128,-6,6
78124,101,96,5,5
78125,72,71,1,1
78126,141,144,-3,3
78127,69,75,-6,6
78128,93,90,3,3
78129,55,52,3,3
78130,121,118,3,3
78131,105,113,-8,8
78132,99,88,11,11
78133,195,179,16,16
78134,76,75,1,1
78135,124,119,5,5
78136,100,85,15,15
78137,152,156,-4,4
78138,108,107,1,1
78139,49,50,-1,1
78140,176,171,5,5
78141,104,199,-95,95
78142,81,63,18,18
78143,97,96,1,1
78144,58,58,0,0
78145,110,105,5,5
78146,55,60,-5,5
78147,69,67,2,2
78148,107,136,-29,29
78149,71,67,4,4
78150,88,90,-2,2
78151,43,51,-8,8
78152,117,121,-4,4
78153,81,67,14,14
78154,75,82,-7,7
78155,108,111,-3,3
78156,63,62,1,1
78157,74,79,-5,5
78158,68,66,2,2
78159,62,61,1,1
78160,52,50,2,2
78161,78,85,-7,7
78162,108,117,-9,9
78163,188,172,16,16
78164,61,64,-3,3
78165,77,74,3,3
78166,97,89,8,8
78167,67,67,0,0
78168,77,105,-28,28
78169,91,95,-4,4
78170,69,69,0,0
78171,131,137,-6,6
78172,56,54,2,2
78173,49,54,-5,5
78174,126,126,0,0
78175,114,113,1,1
78176,90,91,-1,1
78177,75,86,-11,11
78178,83,75,8,8
78179,92,102,-10,10
78180,83,86,-3,3
78181,89,79,10,10
78182,85,86,-1,1
78183,70,62,8,8
78184,108,105,3,3
78185,71,74,-3,3
78186,68,62,6,6
78187,70,71,-1,1
78188,107,112,-5,5
78189,58,57,1,1
78190,51,49,2,2
78191,55,61,-6,6
78192,161,167,-6,6
78193,46,57,-11,11
78194,92,90,2,2
78195,154,154,0,0
78196,83,85,-2,2
78197,128,127,1,1
78198,73,74,-1,1
78199,87,88,-1,1
78200,122,115,7,7
78201,108,92,16,16
78202,76,90,-14,14
78203,59,68,-9,9
78204,83,88,-5,5
78205,92,96,-4,4
78206,96,96,0,0
78207,105,96,9,9
78208,58,62,-4,4
78209,81,76,5,5
78210,110,100,10,10
78211,44,52,-8,8
78212,81,82,-1,1
78213,63,69,-6,6
78214,78,77,1,1
78215,68,71,-3,3
78216,120,130,-10,10
78217,181,175,6,6
78218,141,136,5,5
78219,178,170,8,8
78220,64,58,6,6
78221,72,75,-3,3
78222,45,39,6,6
78223,143,131,12,12
78224,145,136,9,9
78225,111,112,-1,1
78226,86,87,-1,1
78227,125,133,-8,8
78228,79,78,1,1
78229,67,71,-4,4
78230,173,166,7,7
78231,81,85,-4,4
78232,88,98,-10,10
78233,63,63,0,0
78234,66,89,-23,23
78235,96,93,3,3
78236,100,81,19,19
78237,57,54,3,3
78238,125,115,10,10
78239,156,152,4,4
78240,125,120,5,5
78241,133,136,-3,3
78242,66,65,1,1
78243,159,170,-11,11
78244,44,59,-15,15
78245,67,61,6,6
78246,105,105,0,0
78247,77,78,-1,1
78248,64,68,-4,4
78249,62,89,-27,27
78250,69,63,6,6
78251,163,157,6,6
78252,62,60,2,2
78253,50,51,-1,1
78254,100,104,-4,4
78255,108,104,4,4
78256,70,68,2,2
78257,97,92,5,5
78258,83,73,10,10
78259,137,154,-17,17
78260,70,67,3,3
78261,122,100,22,22
78262,79,87,-8,8
78263,52,71,-19,19
78264,86,93,-7,7
78265,93,87,6,6
78266,93,110,-17,17
78267,62,62,0,0
78268,109,97,12,12
78269,107,111,-4,4
78270,83,87,-4,4
78271,57,58,-1,1
78272,61,64,-3,3
78273,43,48,-5,5
78274,156,142,14,14
78275,102,97,5,5
78276,56,69,-13,13
78277,199,189,10,10
78278,103,108,-5,5
78279,77,74,3,3
78280,147,159,-12,12
78281,99,113,-14,14
78282,74,111,-37,37
78283,71,64,7,7
78284,142,144,-2,2
78285,72,66,6,6
78286,28,39,-11,11
78287,99,112,-13,13
78288,145,160,-15,15
78289,51,49,2,2
78290,132,141,-9,9
78291,102,103,-1,1
78292,69,68,1,1
78293,142,142,0,0
78294,52,43,9,9
78295,87,95,-8,8
78296,122,128,-6,6
78297,93,104,-11,11
78298,85,91,-6,6
78299,101,97,4,4
78300,88,92,-4,4
78301,64,60,4,4
78302,131,128,3,3
78303,91,93,-2,2
78304,174,164,10,10
78305,50,53,-3,3
78306,78,85,-7,7
78307,76,84,-8,8
78308,118,118,0,0
78309,56,58,-2,2
78310,53,57,-4,4
78311,98,104,-6,6
78312,119,125,-6,6
78313,133,132,1,1
78314,66,62,4,4
78315,117,127,-10,10
78316,94,92,2,2
78317,79,85,-6,6
78318,114,119,-5,5
78319,96,83,13,13
78320,81,87,-6,6
78321,83,86,-3,3
78322,74,76,-2,2
78323,89,85,4,4
78324,73,82,-9,9
78325,160,160,0,0
78326,120,115,5,5
78327,52,45,7,7
78328,127,136,-9,9
78329,93,90,3,3
78330,108,120,-12,12
78331,95,95,0,0
78332,75,78,-3,3
78333,124,112,12,12
78334,90,92,-2,2
78335,101,107,-6,6
78336,44,45,-1,1
78337,113,110,3,3
78338,64,77,-13,13
78339,135,133,2,2
78340,147,142,5,5
78341,112,118,-6,6
78342,63,65,-2,2
78343,91,104,-13,13
78344,93,75,18,18
78345,116,112,4,4
78346,124,133,-9,9
78347,127,132,-5,5
78348,114,125,-11,11
78349,137,117,20,20
78350,56,60,-4,4
78351,54,55,-1,1
78352,78,83,-5,5
78353,71,71,0,0
78354,72,74,-2,2
78355,67,72,-5,5
78356,48,41,7,7
78357,115,139,-24,24
78358,53,51,2,2
78359,95,95,0,0
78360,56,70,-14,14
78361,45,39,6,6
78362,209,202,7,7
78363,85,97,-12,12
78364,80,79,1,1
78365,139,146,-7,7
78366,64,61,3,3
78367,83,88,-5,5
78368,121,117,4,4
78369,102,115,-13,13
78370,94,93,1,1
78371,119,117,2,2
78372,59,62,-3,3
78373,61,86,-25,25
78374,74,67,7,7
78375,76,75,1,1
78376,91,95,-4,4
78377,132,121,11,11
78378,54,58,-4,4
78379,74,73,1,1
78380,96,88,8,8
78381,60,65,-5,5
78382,91,97,-6,6
78383,102,104,-2,2
78384,131,132,-1,1
78385,95,91,4,4
78386,35,39,-4,4
78387,70,79,-9,9
78388,115,106,9,9
78389,63,63,0,0
78390,70,76,-6,6
78391,73,68,5,5
78392,79,81,-2,2
78393,114,121,-7,7
78394,75,88,-13,13
78395,103,103,0,0
78396,111,108,3,3
78397,110,120,-10,10
78398,55,54,1,1
78399,89,96,-7,7
78400,53,65,-12,12
78401,114,104,10,10
78402,104,105,-1,1
78403,45,39,6,6
78404,122,119,3,3
78405,72,77,-5,5
78406,140,135,5,5
78407,132,122,10,10
78408,127,163,-36,36
78409,133,132,1,1
78410,66,64,2,2
78411,99,99,0,0
78412,112,114,-2,2
78413,104,87,17,17
78414,143,142,1,1
78415,107,102,5,5
78416,122,125,-3,3
78417,166,171,-5,5
78418,169,172,-3,3
78419,165,176,-11,11
78420,147,130,17,17
78421,63,59,4,4
78422,71,78,-7,7
78423,59,54,5,5
78424,127,132,-5,5
78425,168,160,8,8
78426,43,44,-1,1
78427,103,100,3,3
78428,109,103,6,6
78429,99,106,-7,7
78430,71,71,0,0
78431,94,97,-3,3
78432,104,103,1,1
78433,96,100,-4,4
78434,85,77,8,8
78435,122,107,15,15
78436,85,87,-2,2
78437,49,53,-4,4
78438,44,63,-19,19
78439,65,60,5,5
78440,78,80,-2,2
78441,117,116,1,1
78442,103,99,4,4
78443,106,95,11,11
78444,97,105,-8,8
78445,167,189,-22,22
78446,50,53,-3,3
78447,134,128,6,6
78448,100,111,-11,11
78449,81,84,-3,3
78450,108,117,-9,9
78451,55,59,-4,4
78452,82,87,-5,5
78453,94,115,-21,21
78454,94,91,3,3
78455,61,62,-1,1
78456,141,143,-2,2
78457,79,81,-2,2
78458,71,80,-9,9
78459,48,51,-3,3
78460,140,146,-6,6
78461,70,71,-1,1
78462,63,60,3,3
78463,137,130,7,7
78464,40,38,2,2
78465,103,99,4,4
78466,67,75,-8,8
78467,82,78,4,4
78468,119,124,-5,5
78469,131,130,1,1
78470,77,93,-16,16
78471,98,94,4,4
78472,148,163,-15,15
78473,91,88,3,3
78474,95,100,-5,5
78475,60,56,4,4
78476,72,71,1,1
78477,123,121,2,2
78478,68,66,2,2
78479,124,128,-4,4
78480,128,130,-2,2
78481,114,121,-7,7
78482,90,90,0,0
78483,108,112,-4,4
78484,114,107,7,7
78485,33,54,-21,21
78486,95,98,-3,3
78487,113,113,0,0
78488,57,57,0,0
78489,71,66,5,5
78490,110,93,17,17
78491,67,69,-2,2
78492,59,63,-4,4
78493,105,108,-3,3
78494,132,124,8,8
78495,93,103,-10,10
78496,90,96,-6,6
78497,134,127,7,7
78498,32,39,-7,7
78499,108,151,-43,43
78500,81,73,8,8
78501,94,96,-2,2
78502,116,122,-6,6
78503,131,133,-2,2
78504,63,72,-9,9
78505,96,97,-1,1
78506,71,61,10,10
78507,71,63,8,8
78508,79,88,-9,9
78509,115,112,3,3
78510,48,63,-15,15
78511,85,81,4,4
78512,113,106,7,7
78513,89,89,0,0
78514,131,131,0,0
78515,91,95,-4,4
78516,72,66,6,6
78517,169,158,11,11
78518,133,139,-6,6
78519,176,163,13,13
78520,118,126,-8,8
78521,71,80,-9,9
78522,65,69,-4,4
78523,144,127,17,17
78524,72,87,-15,15
78525,70,73,-3,3
78526,70,71,-1,1
78527,117,107,10,10
78528,97,99,-2,2
78529,57,58,-1,1
78530,61,83,-22,22
78531,80,78,2,2
78532,92,90,2,2
78533,85,91,-6,6
78534,125,114,11,11
78535,90,101,-11,11
78536,80,75,5,5
78537,71,77,-6,6
78538,149,136,13,13
78539,69,64,5,5
78540,104,100,4,4
78541,95,92,3,3
78542,129,113,16,16
78543,144,125,19,19
78544,61,62,-1,1
78545,130,121,9,9
78546,144,138,6,6
78547,39,39,0,0
78548,114,115,-1,1
78549,48,50,-2,2
78550,94,88,6,6
78551,92,87,5,5
78552,101,90,11,11
78553,79,86,-7,7
78554,113,105,8,8
78555,69,75,-6,6
78556,41,38,3,3
78557,69,73,-4,4
78558,108,111,-3,3
78559,66,64,2,2
78560,93,85,8,8
78561,86,83,3,3
78562,79,77,2,2
78563,80,86,-6,6
78564,87,85,2,2
78565,179,172,7,7
78566,67,70,-3,3
78567,71,77,-6,6
78568,86,77,9,9
78569,92,97,-5,5
78570,109,114,-5,5
78571,45,53,-8,8
78572,84,85,-1,1
78573,158,158,0,0
78574,92,87,5,5
78575,75,70,5,5
78576,84,85,-1,1
78577,65,72,-7,7
78578,104,96,8,8
78579,44,39,5,5
78580,198,171,27,27
78581,124,120,4,4
78582,134,122,12,12
78583,122,115,7,7
78584,77,77,0,0
78585,103,101,2,2
78586,98,91,7,7
78587,59,54,5,5
78588,87,70,17,17
78589,74,69,5,5
78590,67,74,-7,7
78591,85,85,0,0
78592,79,71,8,8
78593,96,101,-5,5
78594,121,124,-3,3
78595,98,114,-16,16
78596,145,134,11,11
78597,110,105,5,5
78598,144,152,-8,8
78599,85,82,3,3
78600,114,123,-9,9
78601,95,93,2,2
78602,51,54,-3,3
78603,97,94,3,3
78604,81,67,14,14
78605,81,80,1,1
78606,85,86,-1,1
78607,154,159,-5,5
78608,125,124,1,1
78609,97,103,-6,6
78610,161,150,11,11
78611,144,129,15,15
78612,127,124,3,3
78613,88,87,1,1
78614,180,171,9,9
78615,90,97,-7,7
78616,66,73,-7,7
78617,95,93,2,2
78618,94,102,-8,8
78619,75,80,-5,5
78620,65,70,-5,5
78621,111,125,-14,14
78622,67,64,3,3
78623,86,92,-6,6
78624,141,132,9,9
78625,102,99,3,3
78626,142,149,-7,7
78627,188,195,-7,7
78628,62,54,8,8
78629,104,113,-9,9
78630,63,60,3,3
78631,100,94,6,6
78632,148,143,5,5
78633,103,109,-6,6
78634,122,130,-8,8
78635,69,69,0,0
78636,89,89,0,0
78637,113,97,16,16
78638,135,136,-1,1
78639,158,147,11,11
78640,74,63,11,11
78641,54,53,1,1
78642,106,108,-2,2
78643,56,84,-28,28
78644,113,109,4,4
78645,95,85,10,10
78646,134,133,1,1
78647,73,72,1,1
78648,51,51,0,0
78649,50,39,11,11
78650,33,38,-5,5
78651,130,121,9,9
78652,111,124,-13,13
78653,58,58,0,0
78654,103,100,3,3
78655,136,143,-7,7
78656,99,99,0,0
78657,99,95,4,4
78658,116,112,4,4
78659,149,142,7,7
78660,69,69,0,0
78661,81,92,-11,11
78662,57,55,2,2
78663,85,81,4,4
78664,78,94,-16,16
78665,94,91,3,3
78666,112,103,9,9
78667,141,120,21,21
78668,133,126,7,7
78669,85,95,-10,10
78670,100,107,-7,7
78671,62,58,4,4
78672,121,118,3,3
78673,54,57,-3,3
78674,154,157,-3,3
78675,142,129,13,13
78676,104,122,-18,18
78677,103,100,3,3
78678,70,65,5,5
78679,118,117,1,1
78680,115,115,0,0
78681,145,147,-2,2
78682,106,111,-5,5
78683,114,115,-1,1
78684,87,84,3,3
78685,155,143,12,12
78686,142,135,7,7
78687,132,128,4,4
78688,94,93,1,1
78689,142,143,-1,1
78690,150,151,-1,1
78691,53,57,-4,4
78692,94,90,4,4
78693,85,99,-14,14
78694,62,66,-4,4
78695,53,51,2,2
78696,81,88,-7,7
78697,175,177,-2,2
78698,55,53,2,2
78699,72,84,-12,12
78700,93,90,3,3
78701,73,80,-7,7
78702,47,54,-7,7
78703,67,67,0,0
78704,117,114,3,3
78705,104,107,-3,3
78706,76,75,1,1
78707,99,87,12,12
78708,131,125,6,6
78709,84,91,-7,7
78710,105,118,-13,13
78711,157,142,15,15
78712,111,120,-9,9
78713,91,94,-3,3
78714,74,84,-10,10
78715,79,78,1,1
78716,103,94,9,9
78717,119,113,6,6
78718,163,129,34,34
78719,69,69,0,0
78720,112,106,6,6
78721,55,64,-9,9
78722,97,102,-5,5
78723,99,90,9,9
78724,58,68,-10,10
78725,125,113,12,12
78726,88,81,7,7
78727,81,79,2,2
78728,158,167,-9,9
78729,55,66,-11,11
78730,114,122,-8,8
78731,95,96,-1,1
78732,87,108,-21,21
78733,139,128,11,11
78734,79,73,6,6
78735,75,65,10,10
78736,56,58,-2,2
78737,113,131,-18,18
78738,148,141,7,7
78739,160,148,12,12
78740,97,93,4,4
78741,88,91,-3,3
78742,89,88,1,1
78743,101,101,0,0
78744,53,57,-4,4
78745,97,112,-15,15
78746,67,67,0,0
78747,117,106,11,11
78748,72,63,9,9
78749,40,39,1,1
78750,48,48,0,0
78751,88,82,6,6
78752,95,86,9,9
78753,132,125,7,7
78754,63,60,3,3
78755,95,94,1,1
78756,84,85,-1,1
78757,33,38,-5,5
78758,70,70,0,0
78759,154,153,1,1
78760,163,155,8,8
78761,175,167,8,8
78762,92,90,2,2
78763,150,151,-1,1
78764,67,68,-1,1
78765,127,135,-8,8
78766,131,126,5,5
78767,194,183,11,11
78768,113,111,2,2
78769,106,105,1,1
78770,88,82,6,6
78771,75,74,1,1
78772,56,71,-15,15
78773,86,97,-11,11
78774,66,61,5,5
78775,171,169,2,2
78776,127,122,5,5
78777,110,111,-1,1
78778,93,97,-4,4
78779,89,89,0,0
78780,72,81,-9,9
78781,98,92,6,6
78782,77,79,-2,2
78783,93,93,0,0
78784,112,98,14,14
78785,68,66,2,2
78786,104,115,-11,11
78787,78,73,5,5
78788,69,77,-8,8
78789,48,38,10,10
78790,65,70,-5,5
78791,109,112,-3,3
78792,90,108,-18,18
78793,141,137,4,4
78794,100,106,-6,6
78795,133,139,-6,6
78796,110,103,7,7
78797,54,53,1,1
78798,71,70,1,1
78799,144,141,3,3
78800,57,72,-15,15
78801,88,94,-6,6
78802,107,101,6,6
78803,128,125,3,3
78804,93,98,-5,5
78805,136,144,-8,8
78806,107,94,13,13
78807,151,144,7,7
78808,114,110,4,4
78809,67,62,5,5
78810,94,94,0,0
78811,90,85,5,5
78812,105,93,12,12
78813,132,122,10,10
78814,90,89,1,1
78815,120,127,-7,7
78816,91,102,-11,11
78817,155,154,1,1
78818,62,62,0,0
78819,109,102,7,7
78820,100,109,-9,9
78821,160,144,16,16
78822,96,97,-1,1
78823,104,113,-9,9
78824,93,91,2,2
78825,72,73,-1,1
78826,59,71,-12,12
78827,74,71,3,3
78828,83,74,9,9
78829,92,82,10,10
78830,100,106,-6,6
78831,87,84,3,3
78832,122,122,0,0
78833,78,76,2,2
78834,79,72,7,7
78835,138,125,13,13
78836,158,152,6,6
78837,75,76,-1,1
78838,100,95,5,5
78839,134,125,9,9
78840,138,160,-22,22
78841,82,91,-9,9
78842,52,49,3,3
78843,74,78,-4,4
78844,60,57,3,3
78845,49,52,-3,3
78846,45,45,0,0
78847,83,81,2,2
78848,55,58,-3,3
78849,74,70,4,4
78850,96,90,6,6
78851,71,74,-3,3
78852,73,73,0,0
78853,104,116,-12,12
78854,57,55,2,2
78855,79,81,-2,2
78856,109,115,-6,6
78857,65,59,6,6
78858,129,147,-18,18
78859,75,71,4,4
78860,209,194,15,15
78861,102,94,8,8
78862,102,108,-6,6
78863,142,132,10,10
78864,140,123,17,17
78865,44,48,-4,4
78866,102,107,-5,5
78867,89,79,10,10
78868,86,84,2,2
78869,85,87,-2,2
78870,88,84,4,4
78871,77,86,-9,9
78872,123,132,-9,9
78873,62,74,-12,12
78874,163,164,-1,1
78875,114,116,-2,2
78876,55,63,-8,8
78877,112,116,-4,4
78878,125,125,0,0
78879,123,125,-2,2
78880,96,95,1,1
78881,111,105,6,6
78882,136,128,8,8
78883,75,77,-2,2
78884,134,139,-5,5
78885,77,85,-8,8
78886,98,101,-3,3
78887,94,90,4,4
78888,77,79,-2,2
78889,83,80,3,3
78890,97,88,9,9
78891,82,82,0,0
78892,126,122,4,4
78893,159,159,0,0
78894,100,108,-8,8
78895,100,118,-18,18
78896,121,119,2,2
78897,117,97,20,20
78898,81,83,-2,2
78899,90,90,0,0
78900,68,64,4,4
78901,110,112,-2,2
78902,118,132,-14,14
78903,97,95,2,2
78904,81,76,5,5
78905,105,105,0,0
78906,95,87,8,8
78907,66,86,-20,20
78908,109,112,-3,3
78909,141,146,-5,5
78910,52,58,-6,6
78911,80,72,8,8
78912,93,88,5,5
78913,76,73,3,3
78914,111,115,-4,4
78915,107,101,6,6
78916,132,127,5,5
78917,100,103,-3,3
78918,138,130,8,8
78919,122,116,6,6
78920,105,107,-2,2
78921,85,86,-1,1
78922,96,88,8,8
78923,60,54,6,6
78924,106,105,1,1
78925,47,63,-16,16
78926,97,95,2,2
78927,36,39,-3,3
78928,111,98,13,13
78929,121,134,-13,13
78930,85,77,8,8
78931,95,87,8,8
78932,78,79,-1,1
78933,113,120,-7,7
78934,72,69,3,3
78935,110,119,-9,9
78936,38,38,0,0
78937,133,133,0,0
78938,52,76,-24,24
78939,49,51,-2,2
78940,57,58,-1,1
78941,209,171,38,38
78942,93,100,-7,7
78943,62,63,-1,1
78944,51,54,-3,3
78945,82,107,-25,25
78946,77,75,2,2
78947,165,154,11,11
78948,58,56,2,2
78949,108,103,5,5
78950,43,50,-7,7
78951,83,86,-3,3
78952,92,90,2,2
78953,127,123,4,4
78954,47,50,-3,3
78955,78,76,2,2
78956,62,61,1,1
78957,136,129,7,7
78958,121,127,-6,6
78959,79,85,-6,6
78960,83,93,-10,10
78961,100,104,-4,4
78962,86,103,-17,17
78963,89,94,-5,5
78964,74,67,7,7
78965,133,134,-1,1
78966,107,107,0,0
78967,89,85,4,4
78968,72,68,4,4
78969,78,86,-8,8
78970,52,52,0,0
78971,94,99,-5,5
78972,107,106,1,1
78973,61,58,3,3
78974,224,207,17,17
78975,75,69,6,6
78976,53,55,-2,2
78977,95,100,-5,5
78978,63,60,3,3
78979,133,137,-4,4
78980,45,39,6,6
78981,65,62,3,3
78982,93,89,4,4
78983,68,73,-5,5
78984,86,88,-2,2
78985,116,116,0,0
78986,112,116,-4,4
78987,79,71,8,8
78988,83,76,7,7
78989,136,149,-13,13
78990,58,59,-1,1
78991,98,94,4,4
78992,216,224,-8,8
78993,135,134,1,1
78994,87,85,2,2
78995,99,96,3,3
78996,85,85,0,0
78997,57,53,4,4
78998,69,64,5,5
78999,72,68,4,4
79000,42,39,3,3
79001,50,51,-1,1
79002,120,119,1,1
79003,43,39,4,4
79004,58,57,1,1
79005,64,73,-9,9
79006,47,53,-6,6
79007,118,110,8,8
79008,91,114,-23,23
79009,115,120,-5,5
79010,132,137,-5,5
79011,124,125,-1,1
79012,127,144,-17,17
79013,90,86,4,4
79014,142,146,-4,4
79015,72,72,0,0
79016,91,96,-5,5
79017,93,97,-4,4
79018,159,160,-1,1
79019,76,80,-4,4
79020,89,97,-8,8
79021,127,109,18,18
79022,76,77,-1,1
79023,101,92,9,9
79024,95,96,-1,1
79025,82,83,-1,1
79026,109,108,1,1
79027,108,101,7,7
79028,84,87,-3,3
79029,184,185,-1,1
79030,77,74,3,3
79031,92,82,10,10
79032,57,62,-5,5
79033,104,96,8,8
79034,118,120,-2,2
79035,111,109,2,2
79036,78,65,13,13
79037,122,109,13,13
79038,72,69,3,3
79039,106,97,9,9
79040,61,56,5,5
79041,106,109,-3,3
79042,122,124,-2,2
79043,119,119,0,0
79044,141,128,13,13
79045,114,112,2,2
79046,124,117,7,7
79047,86,78,8,8
79048,43,55,-12,12
79049,177,182,-5,5
79050,169,198,-29,29
79051,100,105,-5,5
79052,70,73,-3,3
79053,80,82,-2,2
79054,82,84,-2,2
79055,97,91,6,6
79056,112,103,9,9
79057,122,116,6,6
79058,62,61,1,1
79059,146,129,17,17
79060,77,87,-10,10
79061,95,100,-5,5
79062,167,154,13,13
79063,62,91,-29,29
79064,112,142,-30,30
79065,56,59,-3,3
79066,126,110,16,16
79067,127,116,11,11
79068,221,207,14,14
79069,180,174,6,6
79070,73,64,9,9
79071,53,54,-1,1
79072,82,91,-9,9
79073,58,59,-1,1
79074,78,74,4,4
79075,130,129,1,1
79076,39,39,0,0
79077,93,116,-23,23
79078,87,82,5,5
79079,82,75,7,7
79080,130,134,-4,4
79081,74,74,0,0
79082,93,92,1,1
79083,69,79,-10,10
79084,57,56,1,1
79085,79,72,7,7
79086,120,119,1,1
79087,91,82,9,9
79088,99,111,-12,12
79089,100,95,5,5
79090,93,93,0,0
79091,78,85,-7,7
79092,82,86,-4,4
79093,242,198,44,44
79094,154,154,0,0
79095,63,62,1,1
79096,52,52,0,0
79097,106,102,4,4
79098,87,103,-16,16
79099,106,112,-6,6
79100,36,38,-2,2
79101,108,131,-23,23
79102,153,195,-42,42
79103,44,57,-13,13
79104,119,118,1,1
79105,51,53,-2,2
79106,156,147,9,9
79107,114,134,-20,20
79108,123,122,1,1
79109,149,143,6,6
79110,90,86,4,4
79111,67,69,-2,2
79112,179,180,-1,1
79113,123,120,3,3
79114,88,91,-3,3
79115,211,217,-6,6
79116,149,142,7,7
79117,58,55,3,3
79118,85,85,0,0
79119,94,92,2,2
79120,125,134,-9,9
79121,50,56,-6,6
79122,78,69,9,9
79123,91,87,4,4
79124,166,169,-3,3
79125,89,83,6,6
79126,55,64,-9,9
79127,140,136,4,4
79128,122,126,-4,4
79129,92,79,13,13
79130,59,59,0,0
79131,112,123,-11,11
79132,97,100,-3,3
79133,109,116,-7,7
79134,121,146,-25,25
79135,75,77,-2,2
79136,80,76,4,4
79137,104,102,2,2
79138,130,133,-3,3
79139,148,154,-6,6
79140,54,49,5,5
79141,121,112,9,9
79142,65,83,-18,18
79143,51,59,-8,8
79144,142,127,15,15
79145,40,39,1,1
79146,58,61,-3,3
79147,92,91,1,1
79148,71,71,0,0
79149,96,93,3,3
79150,118,111,7,7
79151,54,59,-5,5
79152,91,100,-9,9
79153,70,67,3,3
79154,85,83,2,2
79155,47,55,-8,8
79156,137,139,-2,2
79157,88,99,-11,11
79158,73,74,-1,1
79159,99,96,3,3
79160,68,68,0,0
79161,174,181,-7,7
79162,119,127,-8,8
79163,84,85,-1,1
79164,103,120,-17,17
79165,174,178,-4,4
79166,98,95,3,3
79167,86,78,8,8
79168,101,108,-7,7
79169,88,79,9,9
79170,78,73,5,5
79171,94,92,2,2
79172,131,128,3,3
79173,104,94,10,10
79174,89,95,-6,6
79175,104,119,-15,15
79176,43,51,-8,8
79177,85,84,1,1
79178,66,71,-5,5
79179,108,117,-9,9
79180,89,103,-14,14
79181,54,58,-4,4
79182,75,74,1,1
79183,85,95,-10,10
79184,94,96,-2,2
79185,58,59,-1,1
79186,191,190,1,1
79187,63,60,3,3
79188,73,64,9,9
79189,92,93,-1,1
79190,125,115,10,10
79191,90,89,1,1
79192,128,131,-3,3
79193,38,39,-1,1
79194,84,76,8,8
79195,85,82,3,3
79196,147,143,4,4
79197,54,50,4,4
79198,78,78,0,0
79199,117,105,12,12
79200,78,83,-5,5
79201,83,76,7,7
79202,125,156,-31,31
79203,108,108,0,0
79204,94,97,-3,3
79205,45,42,3,3
79206,120,118,2,2
79207,86,86,0,0
79208,85,85,0,0
79209,50,46,4,4
79210,89,85,4,4
79211,90,85,5,5
79212,75,73,2,2
79213,110,116,-6,6
79214,82,79,3,3
79215,140,139,1,1
79216,102,106,-4,4
79217,78,82,-4,4
79218,90,93,-3,3
79219,49,51,-2,2
79220,60,59,1,1
79221,128,147,-19,19
79222,91,97,-6,6
79223,94,94,0,0
79224,101,95,6,6
79225,90,89,1,1
79226,115,111,4,4
79227,111,97,14,14
79228,110,121,-11,11
79229,64,68,-4,4
79230,112,97,15,15
79231,88,92,-4,4
79232,108,98,10,10
79233,100,101,-1,1
79234,66,63,3,3
79235,142,127,15,15
79236,64,63,1,1
79237,140,139,1,1
79238,124,119,5,5
79239,66,66,0,0
79240,99,93,6,6
79241,78,71,7,7
79242,103,115,-12,12
79243,121,120,1,1
79244,96,90,6,6
79245,30,39,-9,9
79246,69,62,7,7
79247,97,92,5,5
79248,81,74,7,7
79249,72,68,4,4
79250,93,87,6,6
79251,84,92,-8,8
79252,84,92,-8,8
79253,98,100,-2,2
79254,57,71,-14,14
79255,81,86,-5,5
79256,88,94,-6,6
79257,98,97,1,1
79258,171,170,1,1
79259,76,76,0,0
79260,126,136,-10,10
79261,90,91,-1,1
79262,91,82,9,9
79263,94,87,7,7
79264,91,86,5,5
79265,122,122,0,0
79266,81,88,-7,7
79267,86,105,-19,19
79268,79,77,2,2
79269,76,84,-8,8
79270,97,107,-10,10
79271,125,148,-23,23
79272,125,132,-7,7
79273,62,64,-2,2
79274,63,67,-4,4
79275,81,84,-3,3
79276,115,96,19,19
79277,162,169,-7,7
79278,103,98,5,5
79279,64,62,2,2
79280,153,145,8,8
79281,69,81,-12,12
79282,132,123,9,9
79283,76,68,8,8
79284,63,76,-13,13
79285,65,66,-1,1
79286,89,96,-7,7
79287,165,144,21,21
79288,84,82,2,2
79289,89,84,5,5
79290,130,125,5,5
79291,73,63,10,10
79292,110,123,-13,13
79293,157,147,10,10
79294,82,87,-5,5
79295,100,100,0,0
79296,128,124,4,4
79297,122,120,2,2
79298,102,104,-2,2
79299,102,94,8,8
79300,86,77,9,9
79301,124,129,-5,5
79302,157,151,6,6
79303,104,102,2,2
79304,94,97,-3,3
79305,59,58,1,1
79306,103,97,6,6
79307,78,77,1,1
79308,73,76,-3,3
79309,76,77,-1,1
79310,112,127,-15,15
79311,103,119,-16,16
79312,159,136,23,23
79313,42,39,3,3
79314,83,77,6,6
79315,108,111,-3,3
79316,129,126,3,3
79317,129,130,-1,1
79318,145,137,8,8
79319,70,67,3,3
79320,71,68,3,3
79321,60,65,-5,5
79322,100,96,4,4
79323,173,175,-2,2
79324,156,147,9,9
79325,101,97,4,4
79326,99,101,-2,2
79327,130,132,-2,2
79328,68,129,-61,61
79329,138,129,9,9
79330,138,142,-4,4
79331,126,129,-3,3
79332,74,69,5,5
79333,75,72,3,3
79334,79,73,6,6
79335,67,67,0,0
79336,80,122,-42,42
79337,86,78,8,8
79338,57,57,0,0
79339,111,125,-14,14
79340,95,95,0,0
79341,85,80,5,5
79342,88,86,2,2
79343,72,66,6,6
79344,22,38,-16,16
79345,97,86,11,11
79346,130,120,10,10
79347,55,57,-2,2
79348,95,89,6,6
79349,86,87,-1,1
79350,53,55,-2,2
79351,66,62,4,4
79352,122,136,-14,14
79353,130,131,-1,1
79354,135,133,2,2
79355,47,49,-2,2
79356,65,102,-37,37
79357,46,39,7,7
79358,155,137,18,18
79359,60,62,-2,2
79360,75,81,-6,6
79361,97,93,4,4
79362,142,126,16,16
79363,57,62,-5,5
79364,80,79,1,1
79365,44,39,5,5
79366,107,106,1,1
79367,39,55,-16,16
79368,163,168,-5,5
79369,152,170,-18,18
79370,119,118,1,1
79371,98,84,14,14
79372,67,73,-6,6
79373,61,57,4,4
79374,99,99,0,0
79375,62,59,3,3
79376,68,66,2,2
79377,72,72,0,0
79378,83,86,-3,3
79379,103,98,5,5
79380,116,130,-14,14
79381,122,126,-4,4
79382,88,92,-4,4
79383,129,122,7,7
79384,86,83,3,3
79385,82,84,-2,2
79386,83,88,-5,5
79387,71,82,-11,11
79388,77,78,-1,1
79389,100,106,-6,6
79390,206,205,1,1
79391,152,178,-26,26
79392,58,56,2,2
79393,141,141,0,0
79394,96,86,10,10
79395,149,134,15,15
79396,80,72,8,8
79397,48,39,9,9
79398,75,76,-1,1
79399,95,91,4,4
79400,126,135,-9,9
79401,74,69,5,5
79402,95,91,4,4
79403,59,62,-3,3
79404,164,164,0,0
79405,95,93,2,2
79406,46,60,-14,14
79407,88,86,2,2
79408,135,146,-11,11
79409,140,128,12,12
79410,103,105,-2,2
79411,69,66,3,3
79412,144,130,14,14
79413,147,138,9,9
79414,105,115,-10,10
79415,154,128,26,26
79416,77,75,2,2
79417,74,79,-5,5
79418,132,127,5,5
79419,56,59,-3,3
79420,48,50,-2,2
79421,77,75,2,2
79422,20,37,-17,17
79423,94,100,-6,6
79424,66,69,-3,3
79425,72,68,4,4
79426,130,125,5,5
79427,282,256,26,26
79428,139,117,22,22
79429,99,114,-15,15
79430,67,67,0,0
79431,72,73,-1,1
79432,96,105,-9,9
79433,76,79,-3,3
79434,119,115,4,4
79435,93,84,9,9
79436,61,68,-7,7
79437,79,70,9,9
79438,107,102,5,5
79439,152,165,-13,13
79440,85,77,8,8
79441,62,67,-5,5
79442,103,92,11,11
79443,59,57,2,2
79444,109,118,-9,9
79445,84,94,-10,10
79446,85,80,5,5
79447,77,92,-15,15
79448,182,181,1,1
79449,105,108,-3,3
79450,165,170,-5,5
79451,101,99,2,2
79452,91,87,4,4
79453,93,93,0,0
79454,105,112,-7,7
79455,98,104,-6,6
79456,140,145,-5,5
79457,150,142,8,8
79458,168,162,6,6
79459,155,149,6,6
79460,75,63,12,12
79461,56,53,3,3
79462,41,53,-12,12
79463,84,82,2,2
79464,46,52,-6,6
79465,168,170,-2,2
79466,148,142,6,6
79467,92,94,-2,2
79468,93,89,4,4
79469,108,99,9,9
79470,52,56,-4,4
79471,100,96,4,4
79472,77,86,-9,9
79473,95,89,6,6
79474,67,66,1,1
79475,84,74,10,10
79476,107,104,3,3
79477,80,77,3,3
79478,104,104,0,0
79479,86,88,-2,2
79480,90,83,7,7
79481,70,78,-8,8
79482,125,139,-14,14
79483,68,68,0,0
79484,125,125,0,0
79485,133,137,-4,4
79486,77,73,4,4
79487,70,72,-2,2
79488,182,176,6,6
79489,114,101,13,13
79490,114,115,-1,1
79491,183,191,-8,8
79492,57,63,-6,6
79493,111,115,-4,4
79494,49,53,-4,4
79495,58,58,0,0
79496,97,110,-13,13
79497,141,150,-9,9
79498,133,132,1,1
79499,115,104,11,11
79500,142,136,6,6
79501,53,54,-1,1
79502,69,60,9,9
79503,152,137,15,15
79504,52,52,0,0
79505,145,148,-3,3
79506,90,86,4,4
79507,125,119,6,6
79508,73,62,11,11
79509,72,71,1,1
79510,69,79,-10,10
79511,146,136,10,10
79512,149,151,-2,2
79513,79,78,1,1
79514,105,115,-10,10
79515,65,61,4,4
79516,139,129,10,10
79517,123,120,3,3
79518,105,85,20,20
79519,40,38,2,2
79520,65,66,-1,1
79521,134,132,2,2
79522,123,120,3,3
79523,127,118,9,9
79524,39,72,-33,33
79525,104,117,-13,13
79526,48,52,-4,4
79527,78,86,-8,8
79528,102,101,1,1
79529,72,59,13,13
79530,130,135,-5,5
79531,107,109,-2,2
79532,90,93,-3,3
79533,85,84,1,1
79534,103,106,-3,3
79535,118,113,5,5
79536,67,73,-6,6
79537,101,90,11,11
79538,108,105,3,3
79539,134,154,-20,20
79540,83,74,9,9
79541,103,104,-1,1
79542,43,57,-14,14
79543,154,145,9,9
79544,137,138,-1,1
79545,133,122,11,11
79546,165,147,18,18
79547,68,72,-4,4
79548,144,144,0,0
79549,112,116,-4,4
79550,96,94,2,2
79551,84,78,6,6
79552,131,115,16,16
79553,95,93,2,2
79554,166,156,10,10
79555,56,60,-4,4
79556,112,111,1,1
79557,55,56,-1,1
79558,88,89,-1,1
79559,81,73,8,8
79560,79,76,3,3
79561,105,109,-4,4
79562,52,49,3,3
79563,131,128,3,3
79564,101,106,-5,5
79565,98,81,17,17
79566,60,57,3,3
79567,66,68,-2,2
79568,85,75,10,10
79569,81,76,5,5
79570,117,128,-11,11
79571,61,60,1,1
79572,74,76,-2,2
79573,64,66,-2,2
79574,61,60,1,1
79575,106,105,1,1
79576,82,82,0,0
79577,68,89,-21,21
79578,100,103,-3,3
79579,111,89,22,22
79580,73,78,-5,5
79581,110,109,1,1
79582,110,113,-3,3
79583,150,148,2,2
79584,119,125,-6,6
79585,140,144,-4,4
79586,107,97,10,10
79587,31,38,-7,7
79588,111,108,3,3
79589,93,100,-7,7
79590,73,75,-2,2
79591,75,82,-7,7
79592,106,123,-17,17
79593,46,51,-5,5
79594,169,166,3,3
79595,128,126,2,2
79596,189,195,-6,6
79597,119,119,0,0
79598,61,54,7,7
79599,109,112,-3,3
79600,129,118,11,11
79601,118,124,-6,6
79602,91,93,-2,2
79603,95,97,-2,2
79604,106,92,14,14
79605,188,187,1,1
79606,78,75,3,3
79607,59,69,-10,10
79608,66,61,5,5
79609,62,64,-2,2
79610,137,134,3,3
79611,82,86,-4,4
79612,115,116,-1,1
79613,102,107,-5,5
79614,50,81,-31,31
79615,119,121,-2,2
79616,159,168,-9,9
79617,146,145,1,1
79618,62,57,5,5
79619,72,64,8,8
79620,82,81,1,1
79621,64,64,0,0
79622,74,73,1,1
79623,104,98,6,6
79624,169,132,37,37
79625,86,88,-2,2
79626,178,196,-18,18
79627,83,81,2,2
79628,115,115,0,0
79629,124,126,-2,2
79630,123,153,-30,30
79631,90,92,-2,2
79632,51,50,1,1
79633,99,95,4,4
79634,99,126,-27,27
79635,108,98,10,10
79636,124,112,12,12
79637,144,150,-6,6
79638,128,138,-10,10
79639,70,69,1,1
79640,74,84,-10,10
79641,134,142,-8,8
79642,119,127,-8,8
79643,41,39,2,2
79644,101,107,-6,6
79645,149,143,6,6
79646,121,114,7,7
79647,56,55,1,1
79648,108,106,2,2
79649,72,76,-4,4
79650,98,95,3,3
79651,67,63,4,4
79652,69,68,1,1
79653,89,87,2,2
79654,122,133,-11,11
79655,75,73,2,2
79656,80,84,-4,4
79657,184,193,-9,9
79658,80,79,1,1
79659,136,138,-2,2
79660,85,85,0,0
79661,86,84,2,2
79662,99,108,-9,9
79663,161,169,-8,8
79664,106,114,-8,8
79665,86,88,-2,2
79666,160,155,5,5
79667,140,151,-11,11
79668,157,160,-3,3
79669,121,122,-1,1
79670,61,65,-4,4
79671,108,109,-1,1
79672,110,110,0,0
79673,101,94,7,7
79674,85,85,0,0
79675,125,128,-3,3
79676,67,66,1,1
79677,64,65,-1,1
79678,47,63,-16,16
79679,111,121,-10,10
79680,45,52,-7,7
79681,79,67,12,12
79682,102,99,3,3
79683,99,83,16,16
79684,121,121,0,0
79685,75,84,-9,9
79686,172,174,-2,2
79687,67,73,-6,6
79688,111,106,5,5
79689,119,132,-13,13
79690,134,127,7,7
79691,139,136,3,3
79692,67,68,-1,1
79693,100,123,-23,23
79694,64,68,-4,4
79695,105,105,0,0
79696,106,108,-2,2
79697,41,39,2,2
79698,122,119,3,3
79699,96,101,-5,5
79700,74,75,-1,1
79701,97,93,4,4
79702,106,101,5,5
79703,58,53,5,5
79704,61,60,1,1
79705,72,65,7,7
79706,97,95,2,2
79707,104,107,-3,3
79708,90,90,0,0
79709,190,186,4,4
79710,113,126,-13,13
79711,72,93,-21,21
79712,102,98,4,4
79713,143,118,25,25
79714,71,69,2,2
79715,80,89,-9,9
79716,45,39,6,6
79717,57,61,-4,4
79718,109,108,1,1
79719,80,80,0,0
79720,54,59,-5,5
79721,75,81,-6,6
79722,80,79,1,1
79723,73,74,-1,1
79724,216,205,11,11
79725,73,77,-4,4
79726,124,122,2,2
79727,160,133,27,27
79728,140,135,5,5
79729,136,132,4,4
79730,68,62,6,6
79731,91,88,3,3
79732,69,60,9,9
79733,93,102,-9,9
79734,103,102,1,1
79735,93,93,0,0
79736,53,53,0,0
79737,116,113,3,3
79738,57,65,-8,8
79739,89,85,4,4
79740,58,56,2,2
79741,136,139,-3,3
79742,95,94,1,1
79743,59,63,-4,4
79744,169,160,9,9
79745,105,108,-3,3
79746,119,104,15,15
79747,89,89,0,0
79748,132,123,9,9
79749,81,72,9,9
79750,52,39,13,13
79751,139,122,17,17
79752,60,62,-2,2
79753,128,125,3,3
79754,54,53,1,1
79755,123,129,-6,6
79756,99,99,0,0
79757,36,39,-3,3
79758,40,39,1,1
79759,114,117,-3,3
79760,89,80,9,9
79761,68,71,-3,3
79762,96,85,11,11
79763,120,119,1,1
79764,85,85,0,0
79765,67,63,4,4
79766,90,91,-1,1
79767,59,59,0,0
79768,86,76,10,10
79769,187,186,1,1
79770,117,113,4,4
79771,50,58,-8,8
79772,90,86,4,4
79773,92,89,3,3
79774,57,61,-4,4
79775,55,55,0,0
79776,51,58,-7,7
79777,84,87,-3,3
79778,110,113,-3,3
79779,52,65,-13,13
79780,56,66,-10,10
79781,82,83,-1,1
79782,141,144,-3,3
79783,104,102,2,2
79784,113,117,-4,4
79785,119,111,8,8
79786,124,125,-1,1
79787,79,76,3,3
79788,99,93,6,6
79789,133,121,12,12
79790,53,56,-3,3
79791,88,85,3,3
79792,58,55,3,3
79793,90,95,-5,5
79794,89,97,-8,8
79795,91,102,-11,11
79796,110,108,2,2
79797,77,78,-1,1
79798,71,72,-1,1
79799,77,81,-4,4
79800,115,121,-6,6
79801,62,78,-16,16
79802,167,171,-4,4
79803,105,111,-6,6
79804,100,97,3,3
79805,100,107,-7,7
79806,111,119,-8,8
79807,92,87,5,5
79808,162,164,-2,2
79809,109,113,-4,4
79810,164,163,1,1
79811,63,56,7,7
79812,67,70,-3,3
79813,158,168,-10,10
79814,82,85,-3,3
79815,65,57,8,8
79816,118,111,7,7
79817,87,94,-7,7
79818,159,166,-7,7
79819,122,113,9,9
79820,102,103,-1,1
79821,63,67,-4,4
79822,94,95,-1,1
79823,100,104,-4,4
79824,87,71,16,16
79825,98,92,6,6
79826,79,70,9,9
79827,104,97,7,7
79828,115,111,4,4
79829,118,138,-20,20
79830,82,79,3,3
79831,130,124,6,6
79832,98,101,-3,3
79833,141,147,-6,6
79834,197,192,5,5
79835,141,148,-7,7
79836,91,92,-1,1
79837,80,76,4,4
79838,104,92,12,12
79839,171,170,1,1
79840,292,251,41,41
79841,113,119,-6,6
79842,111,107,4,4
79843,116,118,-2,2
79844,66,62,4,4
79845,146,147,-1,1
79846,62,62,0,0
79847,105,101,4,4
79848,66,64,2,2
79849,59,58,1,1
79850,74,78,-4,4
79851,91,84,7,7
79852,117,115,2,2
79853,101,112,-11,11
79854,167,181,-14,14
79855,69,67,2,2
79856,120,122,-2,2
79857,119,114,5,5
79858,130,124,6,6
79859,69,64,5,5
79860,97,106,-9,9
79861,76,77,-1,1
79862,183,182,1,1
79863,65,69,-4,4
79864,155,148,7,7
79865,80,86,-6,6
79866,107,111,-4,4
79867,46,61,-15,15
79868,95,89,6,6
79869,72,70,2,2
79870,74,82,-8,8
79871,73,73,0,0
79872,66,61,5,5
79873,76,76,0,0
79874,75,76,-1,1
79875,36,61,-25,25
79876,82,85,-3,3
79877,150,145,5,5
79878,88,95,-7,7
79879,40,39,1,1
79880,82,84,-2,2
79881,166,164,2,2
79882,113,116,-3,3
79883,120,123,-3,3
79884,136,135,1,1
79885,53,59,-6,6
79886,233,234,-1,1
79887,78,75,3,3
79888,112,110,2,2
79889,103,116,-13,13
79890,100,95,5,5
79891,86,91,-5,5
79892,69,72,-3,3
79893,109,110,-1,1
79894,105,103,2,2
79895,51,85,-34,34
79896,99,111,-12,12
79897,138,147,-9,9
79898,42,92,-50,50
79899,87,84,3,3
79900,141,138,3,3
79901,75,87,-12,12
79902,96,94,2,2
79903,56,57,-1,1
79904,122,119,3,3
79905,65,66,-1,1
79906,113,100,13,13
79907,67,61,6,6
79908,83,81,2,2
79909,91,78,13,13
79910,136,140,-4,4
79911,85,78,7,7
79912,66,68,-2,2
79913,79,64,15,15
79914,73,69,4,4
79915,106,105,1,1
79916,76,73,3,3
79917,149,142,7,7
79918,38,48,-10,10
79919,108,100,8,8
79920,91,94,-3,3
79921,105,105,0,0
79922,85,89,-4,4
79923,62,71,-9,9
79924,117,139,-22,22
79925,62,67,-5,5
79926,115,105,10,10
79927,85,70,15,15
79928,150,156,-6,6
79929,132,126,6,6
79930,74,77,-3,3
79931,44,63,-19,19
79932,152,163,-11,11
79933,142,152,-10,10
79934,106,110,-4,4
79935,97,101,-4,4
79936,97,90,7,7
79937,53,60,-7,7
79938,116,118,-2,2
79939,141,142,-1,1
79940,109,115,-6,6
79941,90,85,5,5
79942,111,115,-4,4
79943,186,199,-13,13
79944,133,131,2,2
79945,83,78,5,5
79946,69,80,-11,11
79947,73,76,-3,3
79948,154,145,9,9
79949,93,105,-12,12
79950,87,86,1,1
79951,126,132,-6,6
79952,91,94,-3,3
79953,79,79,0,0
79954,82,88,-6,6
79955,112,93,19,19
79956,72,63,9,9
79957,179,188,-9,9
79958,67,71,-4,4
79959,61,77,-16,16
79960,134,124,10,10
79961,129,121,8,8
79962,79,76,3,3
79963,95,98,-3,3
79964,147,142,5,5
79965,86,92,-6,6
79966,64,64,0,0
79967,73,80,-7,7
79968,60,59,1,1
79969,122,132,-10,10
79970,91,98,-7,7
79971,78,89,-11,11
79972,69,79,-10,10
79973,64,83,-19,19
79974,120,117,3,3
79975,101,103,-2,2
79976,51,51,0,0
79977,80,85,-5,5
79978,100,137,-37,37
79979,104,107,-3,3
79980,69,74,-5,5
79981,94,94,0,0
79982,110,123,-13,13
79983,157,165,-8,8
79984,56,60,-4,4
79985,118,122,-4,4
79986,29,39,-10,10
79987,110,145,-35,35
79988,102,96,6,6
79989,78,78,0,0
79990,116,131,-15,15
79991,129,131,-2,2
79992,124,134,-10,10
79993,69,85,-16,16
79994,94,95,-1,1
79995,105,99,6,6
79996,127,144,-17,17
79997,99,101,-2,2
79998,106,94,12,12
79999,45,38,7,7
80000,73,68,5,5
80001,57,54,3,3
80002,71,67,4,4
80003,84,86,-2,2
80004,91,93,-2,2
80005,93,91,2,2
80006,75,80,-5,5
80007,98,92,6,6
80008,76,72,4,4
80009,87,85,2,2
80010,100,106,-6,6
80011,101,99,2,2
80012,63,73,-10,10
80013,94,87,7,7
80014,58,62,-4,4
80015,77,68,9,9
80016,136,127,9,9
80017,86,91,-5,5
80018,109,104,5,5
80019,77,73,4,4
80020,146,142,4,4
80021,128,129,-1,1
80022,164,163,1,1
80023,71,72,-1,1
80024,147,156,-9,9
80025,96,93,3,3
80026,65,62,3,3
80027,95,95,0,0
80028,84,86,-2,2
80029,104,101,3,3
80030,75,76,-1,1
80031,168,171,-3,3
80032,200,190,10,10
80033,153,162,-9,9
80034,171,178,-7,7
80035,111,122,-11,11
80036,65,73,-8,8
80037,85,97,-12,12
80038,98,85,13,13
80039,111,117,-6,6
80040,112,114,-2,2
80041,113,110,3,3
80042,148,135,13,13
80043,115,115,0,0
80044,63,70,-7,7
80045,95,89,6,6
80046,98,100,-2,2
80047,117,123,-6,6
80048,144,139,5,5
80049,115,126,-11,11
80050,124,119,5,5
80051,115,121,-6,6
80052,93,101,-8,8
80053,83,88,-5,5
80054,83,85,-2,2
80055,106,107,-1,1
80056,104,104,0,0
80057,149,173,-24,24
80058,94,99,-5,5
80059,61,66,-5,5
80060,63,73,-10,10
80061,98,100,-2,2
80062,70,75,-5,5
80063,96,101,-5,5
80064,89,85,4,4
80065,120,150,-30,30
80066,85,78,7,7
80067,159,137,22,22
80068,144,152,-8,8
80069,63,64,-1,1
80070,102,102,0,0
80071,119,109,10,10
80072,106,109,-3,3
80073,88,72,16,16
80074,54,55,-1,1
80075,58,61,-3,3
80076,130,121,9,9
80077,168,161,7,7
80078,73,71,2,2
80079,133,140,-7,7
80080,98,102,-4,4
80081,86,83,3,3
80082,81,84,-3,3
80083,83,84,-1,1
80084,59,61,-2,2
80085,43,49,-6,6
80086,80,81,-1,1
80087,73,76,-3,3
80088,86,86,0,0
80089,89,117,-28,28
80090,77,79,-2,2
80091,59,57,2,2
80092,64,98,-34,34
80093,82,75,7,7
80094,47,49,-2,2
80095,99,83,16,16
80096,104,105,-1,1
80097,62,65,-3,3
80098,70,75,-5,5
80099,65,67,-2,2
80100,79,78,1,1
80101,86,86,0,0
80102,105,102,3,3
80103,91,94,-3,3
80104,117,108,9,9
80105,43,48,-5,5
80106,171,168,3,3
80107,115,114,1,1
80108,111,118,-7,7
80109,73,73,0,0
80110,118,114,4,4
80111,84,77,7,7
80112,96,103,-7,7
80113,115,117,-2,2
80114,172,171,1,1
80115,138,135,3,3
80116,130,122,8,8
80117,142,141,1,1
80118,92,93,-1,1
80119,71,65,6,6
80120,42,39,3,3
80121,93,89,4,4
80122,116,108,8,8
80123,90,77,13,13
80124,74,80,-6,6
80125,56,61,-5,5
80126,139,126,13,13
80127,76,82,-6,6
80128,97,103,-6,6
80129,88,91,-3,3
80130,70,68,2,2
80131,148,145,3,3
80132,70,68,2,2
80133,112,112,0,0
80134,81,67,14,14
80135,52,55,-3,3
80136,95,101,-6,6
80137,80,85,-5,5
80138,46,54,-8,8
80139,50,50,0,0
80140,129,129,0,0
80141,90,92,-2,2
80142,132,116,16,16
80143,143,140,3,3
80144,130,153,-23,23
80145,147,140,7,7
80146,103,100,3,3
80147,61,56,5,5
80148,88,94,-6,6
80149,158,154,4,4
80150,50,56,-6,6
80151,115,114,1,1
80152,86,92,-6,6
80153,95,92,3,3
80154,135,151,-16,16
80155,84,89,-5,5
80156,116,140,-24,24
80157,31,38,-7,7
80158,86,88,-2,2
80159,87,82,5,5
80160,99,91,8,8
80161,61,64,-3,3
80162,66,61,5,5
80163,99,100,-1,1
80164,83,74,9,9
80165,63,59,4,4
80166,85,77,8,8
80167,90,95,-5,5
80168,114,113,1,1
80169,77,74,3,3
80170,74,79,-5,5
80171,85,87,-2,2
80172,49,85,-36,36
80173,29,39,-10,10
80174,77,69,8,8
80175,70,63,7,7
80176,72,79,-7,7
80177,67,84,-17,17
80178,73,73,0,0
80179,112,101,11,11
80180,153,160,-7,7
80181,120,121,-1,1
80182,96,96,0,0
80183,104,102,2,2
80184,74,78,-4,4
80185,50,56,-6,6
80186,74,71,3,3
80187,91,87,4,4
80188,100,100,0,0
80189,45,56,-11,11
80190,96,99,-3,3
80191,57,57,0,0
80192,117,115,2,2
80193,116,116,0,0
80194,117,121,-4,4
80195,85,94,-9,9
80196,90,95,-5,5
80197,120,105,15,15
80198,63,72,-9,9
80199,131,154,-23,23
80200,55,57,-2,2
80201,159,172,-13,13
80202,95,86,9,9
80203,91,88,3,3
80204,52,54,-2,2
80205,73,69,4,4
80206,107,102,5,5
80207,73,78,-5,5
80208,144,138,6,6
80209,101,107,-6,6
80210,84,79,5,5
80211,72,79,-7,7
80212,100,113,-13,13
80213,57,57,0,0
80214,89,83,6,6
80215,85,81,4,4
80216,136,140,-4,4
80217,104,109,-5,5
80218,180,171,9,9
80219,88,86,2,2
80220,81,88,-7,7
80221,98,97,1,1
80222,63,58,5,5
80223,81,93,-12,12
80224,132,143,-11,11
80225,139,141,-2,2
80226,156,148,8,8
80227,94,95,-1,1
80228,113,118,-5,5
80229,155,183,-28,28
80230,106,97,9,9
80231,71,70,1,1
80232,98,102,-4,4
80233,48,131,-83,83
80234,54,53,1,1
80235,86,83,3,3
80236,103,106,-3,3
80237,148,141,7,7
80238,73,65,8,8
80239,135,145,-10,10
80240,93,93,0,0
80241,137,144,-7,7
80242,82,83,-1,1
80243,78,71,7,7
80244,95,100,-5,5
80245,74,69,5,5
80246,95,94,1,1
80247,64,63,1,1
80248,100,106,-6,6
80249,95,102,-7,7
80250,28,38,-10,10
80251,38,39,-1,1
80252,92,90,2,2
80253,134,138,-4,4
80254,68,68,0,0
80255,117,114,3,3
80256,118,113,5,5
80257,79,73,6,6
80258,61,61,0,0
80259,132,124,8,8
80260,98,110,-12,12
80261,70,76,-6,6
80262,117,111,6,6
80263,61,55,6,6
80264,69,68,1,1
80265,76,67,9,9
80266,56,60,-4,4
80267,108,106,2,2
80268,70,67,3,3
80269,53,53,0,0
80270,94,97,-3,3
80271,158,161,-3,3
80272,146,148,-2,2
80273,94,95,-1,1
80274,48,51,-3,3
80275,85,92,-7,7
80276,117,105,12,12
80277,119,111,8,8
80278,72,76,-4,4
80279,103,103,0,0
80280,85,84,1,1
80281,121,111,10,10
80282,66,79,-13,13
80283,177,193,-16,16
80284,85,83,2,2
80285,151,161,-10,10
80286,57,56,1,1
80287,83,68,15,15
80288,68,63,5,5
80289,118,121,-3,3
80290,70,66,4,4
80291,30,52,-22,22
80292,94,102,-8,8
80293,68,72,-4,4
80294,153,162,-9,9
80295,81,78,3,3
80296,106,106,0,0
80297,93,85,8,8
80298,152,160,-8,8
80299,117,119,-2,2
80300,121,118,3,3
80301,104,111,-7,7
80302,130,119,11,11
80303,113,110,3,3
80304,108,101,7,7
80305,110,103,7,7
80306,76,88,-12,12
80307,119,117,2,2
80308,79,69,10,10
80309,96,97,-1,1
80310,74,88,-14,14
80311,71,65,6,6
80312,79,69,10,10
80313,62,64,-2,2
80314,67,68,-1,1
80315,149,134,15,15
80316,70,72,-2,2
80317,87,85,2,2
80318,302,267,35,35
80319,51,58,-7,7
80320,73,68,5,5
80321,47,50,-3,3
80322,138,129,9,9
80323,155,152,3,3
80324,67,70,-3,3
80325,118,128,-10,10
80326,73,76,-3,3
80327,67,70,-3,3
80328,43,56,-13,13
80329,101,110,-9,9
80330,89,85,4,4
80331,67,69,-2,2
80332,148,153,-5,5
80333,131,131,0,0
80334,73,66,7,7
80335,135,142,-7,7
80336,71,76,-5,5
80337,71,66,5,5
80338,108,96,12,12
80339,131,124,7,7
80340,115,133,-18,18
80341,56,49,7,7
80342,84,83,1,1
80343,92,98,-6,6
80344,38,38,0,0
80345,134,122,12,12
80346,75,74,1,1
80347,124,117,7,7
80348,126,127,-1,1
80349,103,118,-15,15
80350,57,53,4,4
80351,82,91,-9,9
80352,113,117,-4,4
80353,103,114,-11,11
80354,119,105,14,14
80355,259,273,-14,14
80356,87,85,2,2
80357,180,157,23,23
80358,84,90,-6,6
80359,110,122,-12,12
80360,116,110,6,6
80361,114,116,-2,2
80362,124,138,-14,14
80363,92,86,6,6
80364,86,92,-6,6
80365,85,88,-3,3
80366,65,64,1,1
80367,73,70,3,3
80368,72,73,-1,1
80369,108,110,-2,2
80370,47,39,8,8
80371,96,99,-3,3
80372,66,67,-1,1
80373,70,77,-7,7
80374,134,130,4,4
80375,47,40,7,7
80376,50,53,-3,3
80377,69,74,-5,5
80378,82,84,-2,2
80379,103,98,5,5
80380,79,75,4,4
80381,82,83,-1,1
80382,77,88,-11,11
80383,77,84,-7,7
80384,99,98,1,1
80385,99,102,-3,3
80386,156,172,-16,16
80387,82,74,8,8
80388,123,118,5,5
80389,75,67,8,8
80390,47,52,-5,5
80391,32,38,-6,6
80392,72,75,-3,3
80393,92,92,0,0
80394,128,107,21,21
80395,100,106,-6,6
80396,78,86,-8,8
80397,141,138,3,3
80398,361,315,46,46
80399,142,134,8,8
80400,28,66,-38,38
80401,53,52,1,1
80402,80,84,-4,4
80403,81,85,-4,4
80404,181,161,20,20
80405,55,59,-4,4
80406,81,80,1,1
80407,58,62,-4,4
80408,28,39,-11,11
80409,76,84,-8,8
80410,77,83,-6,6
80411,125,125,0,0
80412,89,100,-11,11
80413,91,92,-1,1
80414,103,108,-5,5
80415,97,100,-3,3
80416,90,82,8,8
80417,69,70,-1,1
80418,140,144,-4,4
80419,59,57,2,2
80420,140,139,1,1
80421,119,124,-5,5
80422,86,93,-7,7
80423,71,69,2,2
80424,179,180,-1,1
80425,119,106,13,13
80426,115,108,7,7
80427,61,74,-13,13
80428,160,167,-7,7
80429,127,131,-4,4
80430,186,196,-10,10
80431,95,99,-4,4
80432,73,82,-9,9
80433,86,81,5,5
80434,64,67,-3,3
80435,164,162,2,2
80436,80,79,1,1
80437,107,118,-11,11
80438,138,134,4,4
80439,95,95,0,0
80440,161,156,5,5
80441,81,74,7,7
80442,118,117,1,1
80443,102,102,0,0
80444,79,79,0,0
80445,83,83,0,0
80446,96,85,11,11
80447,99,102,-3,3
80448,101,100,1,1
80449,73,71,2,2
80450,151,153,-2,2
80451,86,93,-7,7
80452,107,100,7,7
80453,102,95,7,7
80454,87,88,-1,1
80455,110,107,3,3
80456,75,88,-13,13
80457,68,89,-21,21
80458,88,93,-5,5
80459,84,82,2,2
80460,81,80,1,1
80461,78,78,0,0
80462,73,71,2,2
80463,103,96,7,7
80464,175,169,6,6
80465,122,120,2,2
80466,106,105,1,1
80467,53,52,1,1
80468,120,123,-3,3
80469,135,140,-5,5
80470,96,95,1,1
80471,69,69,0,0
80472,86,86,0,0
80473,94,101,-7,7
80474,46,56,-10,10
80475,93,92,1,1
80476,111,115,-4,4
80477,54,57,-3,3
80478,63,59,4,4
80479,59,64,-5,5
80480,61,62,-1,1
80481,68,80,-12,12
80482,140,129,11,11
80483,79,73,6,6
80484,148,156,-8,8
80485,114,113,1,1
80486,77,84,-7,7
80487,95,83,12,12
80488,53,53,0,0
80489,102,108,-6,6
80490,150,157,-7,7
80491,142,126,16,16
80492,123,131,-8,8
80493,85,79,6,6
80494,86,79,7,7
80495,106,98,8,8
80496,123,118,5,5
80497,99,98,1,1
80498,78,68,10,10
80499,74,73,1,1
80500,83,78,5,5
80501,68,96,-28,28
80502,100,106,-6,6
80503,71,62,9,9
80504,85,71,14,14
80505,105,103,2,2
80506,132,131,1,1
80507,109,100,9,9
80508,95,93,2,2
80509,101,98,3,3
80510,49,56,-7,7
80511,37,38,-1,1
80512,80,86,-6,6
80513,66,57,9,9
80514,70,69,1,1
80515,93,87,6,6
80516,54,59,-5,5
80517,99,109,-10,10
80518,100,99,1,1
80519,143,143,0,0
80520,67,58,9,9
80521,69,68,1,1
80522,72,91,-19,19
80523,88,93,-5,5
80524,116,95,21,21
80525,103,103,0,0
80526,129,132,-3,3
80527,112,114,-2,2
80528,47,49,-2,2
80529,80,76,4,4
80530,87,85,2,2
80531,102,107,-5,5
80532,111,115,-4,4
80533,113,117,-4,4
80534,85,79,6,6
80535,57,62,-5,5
80536,110,105,5,5
80537,91,93,-2,2
80538,127,123,4,4
80539,71,66,5,5
80540,110,103,7,7
80541,143,145,-2,2
80542,90,93,-3,3
80543,122,114,8,8
80544,124,117,7,7
80545,53,53,0,0
80546,77,83,-6,6
80547,35,39,-4,4
80548,63,74,-11,11
80549,115,109,6,6
80550,128,127,1,1
80551,99,103,-4,4
80552,90,100,-10,10
80553,80,76,4,4
80554,98,96,2,2
80555,95,93,2,2
80556,138,141,-3,3
80557,84,83,1,1
80558,129,137,-8,8
80559,101,92,9,9
80560,109,94,15,15
80561,142,149,-7,7
80562,72,55,17,17
80563,110,110,0,0
80564,52,50,2,2
80565,66,83,-17,17
80566,69,69,0,0
80567,79,75,4,4
80568,69,71,-2,2
80569,97,94,3,3
80570,96,92,4,4
80571,105,100,5,5
80572,144,139,5,5
80573,129,121,8,8
80574,75,80,-5,5
80575,111,104,7,7
80576,149,145,4,4
80577,110,107,3,3
80578,73,72,1,1
80579,58,60,-2,2
80580,47,49,-2,2
80581,82,92,-10,10
80582,70,67,3,3
80583,124,109,15,15
80584,78,77,1,1
80585,136,129,7,7
80586,147,156,-9,9
80587,84,100,-16,16
80588,121,117,4,4
80589,63,58,5,5
80590,94,91,3,3
80591,125,131,-6,6
80592,82,91,-9,9
80593,158,146,12,12
80594,67,70,-3,3
80595,61,68,-7,7
80596,119,121,-2,2
80597,65,68,-3,3
80598,86,90,-4,4
80599,98,86,12,12
80600,143,146,-3,3
80601,105,104,1,1
80602,113,132,-19,19
80603,77,71,6,6
80604,107,115,-8,8
80605,58,61,-3,3
80606,145,149,-4,4
80607,52,72,-20,20
80608,109,101,8,8
80609,71,68,3,3
80610,64,68,-4,4
80611,129,124,5,5
80612,83,90,-7,7
80613,40,56,-16,16
80614,102,113,-11,11
80615,65,61,4,4
80616,100,87,13,13
80617,131,131,0,0
80618,90,89,1,1
80619,92,99,-7,7
80620,67,79,-12,12
80621,121,119,2,2
80622,126,116,10,10
80623,93,95,-2,2
80624,157,158,-1,1
80625,89,88,1,1
80626,53,61,-8,8
80627,96,89,7,7
80628,111,103,8,8
80629,121,120,1,1
80630,67,80,-13,13
80631,59,57,2,2
80632,88,90,-2,2
80633,71,83,-12,12
80634,57,56,1,1
80635,118,111,7,7
80636,78,72,6,6
80637,118,114,4,4
80638,85,85,0,0
80639,102,103,-1,1
80640,69,74,-5,5
80641,179,192,-13,13
80642,94,109,-15,15
80643,100,99,1,1
80644,91,84,7,7
80645,139,151,-12,12
80646,77,82,-5,5
80647,64,64,0,0
80648,64,64,0,0
80649,137,140,-3,3
80650,113,111,2,2
80651,93,85,8,8
80652,100,106,-6,6
80653,88,87,1,1
80654,87,84,3,3
80655,144,146,-2,2
80656,41,52,-11,11
80657,51,56,-5,5
80658,78,78,0,0
80659,72,68,4,4
80660,66,64,2,2
80661,58,64,-6,6
80662,123,128,-5,5
80663,90,83,7,7
80664,56,51,5,5
80665,98,87,11,11
80666,91,87,4,4
80667,126,119,7,7
80668,68,61,7,7
80669,117,108,9,9
80670,46,40,6,6
80671,71,73,-2,2
80672,111,108,3,3
80673,89,86,3,3
80674,58,63,-5,5
80675,104,103,1,1
80676,110,105,5,5
80677,101,101,0,0
80678,203,228,-25,25
80679,90,94,-4,4
80680,82,80,2,2
80681,133,121,12,12
80682,67,64,3,3
80683,75,76,-1,1
80684,90,84,6,6
80685,91,84,7,7
80686,91,95,-4,4
80687,67,64,3,3
80688,122,120,2,2
80689,59,60,-1,1
80690,40,40,0,0
80691,104,98,6,6
80692,118,125,-7,7
80693,92,84,8,8
80694,157,168,-11,11
80695,65,66,-1,1
80696,60,63,-3,3
80697,100,99,1,1
80698,31,39,-8,8
80699,94,90,4,4
80700,45,43,2,2
80701,109,102,7,7
80702,85,76,9,9
80703,86,94,-8,8
80704,185,175,10,10
80705,97,94,3,3
80706,69,61,8,8
80707,194,198,-4,4
80708,63,79,-16,16
80709,141,145,-4,4
80710,87,75,12,12
80711,131,129,2,2
80712,152,142,10,10
80713,96,91,5,5
80714,111,112,-1,1
80715,92,84,8,8
80716,108,101,7,7
80717,83,83,0,0
80718,52,55,-3,3
80719,103,104,-1,1
80720,189,188,1,1
80721,80,66,14,14
80722,149,144,5,5
80723,146,140,6,6
80724,66,61,5,5
80725,38,38,0,0
80726,124,135,-11,11
80727,55,57,-2,2
80728,141,122,19,19
80729,83,118,-35,35
80730,144,158,-14,14
80731,127,130,-3,3
80732,80,71,9,9
80733,125,123,2,2
80734,115,113,2,2
80735,79,79,0,0
80736,73,72,1,1
80737,92,76,16,16
80738,84,88,-4,4
80739,103,104,-1,1
80740,104,112,-8,8
80741,101,106,-5,5
80742,92,95,-3,3
80743,169,160,9,9
80744,53,54,-1,1
80745,114,103,11,11
80746,138,145,-7,7
80747,86,82,4,4
80748,85,87,-2,2
80749,147,150,-3,3
80750,58,62,-4,4
80751,128,127,1,1
80752,65,71,-6,6
80753,89,87,2,2
80754,95,99,-4,4
80755,84,86,-2,2
80756,115,107,8,8
80757,142,138,4,4
80758,120,116,4,4
80759,102,108,-6,6
80760,121,146,-25,25
80761,48,54,-6,6
80762,127,103,24,24
80763,76,69,7,7
80764,133,128,5,5
80765,108,104,4,4
80766,67,63,4,4
80767,33,39,-6,6
80768,148,135,13,13
80769,115,101,14,14
80770,68,99,-31,31
80771,132,146,-14,14
80772,167,161,6,6
80773,145,158,-13,13
80774,126,127,-1,1
80775,72,65,7,7
80776,108,116,-8,8
80777,75,81,-6,6
80778,66,72,-6,6
80779,72,69,3,3
80780,99,95,4,4
80781,67,64,3,3
80782,113,114,-1,1
80783,108,102,6,6
80784,94,89,5,5
80785,57,63,-6,6
80786,97,88,9,9
80787,64,64,0,0
80788,127,128,-1,1
80789,90,85,5,5
80790,185,189,-4,4
80791,110,99,11,11
80792,59,62,-3,3
80793,119,108,11,11
80794,88,102,-14,14
80795,196,186,10,10
80796,95,100,-5,5
80797,69,76,-7,7
80798,159,171,-12,12
80799,66,84,-18,18
80800,100,88,12,12
80801,90,99,-9,9
80802,71,67,4,4
80803,63,61,2,2
80804,104,94,10,10
80805,64,69,-5,5
80806,67,75,-8,8
80807,71,74,-3,3
80808,155,147,8,8
80809,89,83,6,6
80810,128,126,2,2
80811,95,102,-7,7
80812,51,51,0,0
80813,118,115,3,3
80814,102,100,2,2
80815,124,124,0,0
80816,68,68,0,0
80817,50,53,-3,3
80818,86,90,-4,4
80819,89,93,-4,4
80820,113,103,10,10
80821,126,121,5,5
80822,64,76,-12,12
80823,120,124,-4,4
80824,62,65,-3,3
80825,73,88,-15,15
80826,145,146,-1,1
80827,63,66,-3,3
80828,80,87,-7,7
80829,82,83,-1,1
80830,41,39,2,2
80831,93,96,-3,3
80832,107,105,2,2
80833,60,61,-1,1
80834,93,91,2,2
80835,97,97,0,0
80836,90,91,-1,1
80837,111,118,-7,7
80838,57,56,1,1
80839,75,70,5,5
80840,54,60,-6,6
80841,55,68,-13,13
80842,84,87,-3,3
80843,95,96,-1,1
80844,101,91,10,10
80845,91,91,0,0
80846,65,62,3,3
80847,59,59,0,0
80848,112,106,6,6
80849,164,170,-6,6
80850,61,64,-3,3
80851,75,76,-1,1
80852,149,144,5,5
80853,152,142,10,10
80854,65,66,-1,1
80855,90,85,5,5
80856,96,100,-4,4
80857,105,102,3,3
80858,75,83,-8,8
80859,61,59,2,2
80860,102,99,3,3
80861,96,91,5,5
80862,96,85,11,11
80863,89,89,0,0
80864,100,97,3,3
80865,96,89,7,7
80866,57,58,-1,1
80867,67,73,-6,6
80868,148,150,-2,2
80869,108,106,2,2
80870,50,53,-3,3
80871,151,146,5,5
80872,72,84,-12,12
80873,55,58,-3,3
80874,166,146,20,20
80875,75,80,-5,5
80876,154,145,9,9
80877,71,77,-6,6
80878,77,78,-1,1
80879,72,64,8,8
80880,79,80,-1,1
80881,166,157,9,9
80882,72,76,-4,4
80883,91,90,1,1
80884,80,87,-7,7
80885,111,88,23,23
80886,81,90,-9,9
80887,74,79,-5,5
80888,129,126,3,3
80889,120,113,7,7
80890,79,76,3,3
80891,95,86,9,9
80892,82,86,-4,4
80893,124,117,7,7
80894,73,72,1,1
80895,328,435,-107,107
80896,95,89,6,6
80897,90,85,5,5
80898,105,106,-1,1
80899,131,131,0,0
80900,96,92,4,4
80901,64,51,13,13
80902,129,111,18,18
80903,84,78,6,6
80904,126,124,2,2
80905,132,127,5,5
80906,108,111,-3,3
80907,74,71,3,3
80908,122,120,2,2
80909,96,109,-13,13
80910,172,188,-16,16
80911,150,145,5,5
80912,82,84,-2,2
80913,119,123,-4,4
80914,42,39,3,3
80915,125,113,12,12
80916,47,39,8,8
80917,78,71,7,7
80918,51,57,-6,6
80919,56,65,-9,9
80920,100,109,-9,9
80921,105,100,5,5
80922,241,204,37,37
80923,148,141,7,7
80924,49,50,-1,1
80925,116,114,2,2
80926,45,39,6,6
80927,89,83,6,6
80928,83,88,-5,5
80929,106,107,-1,1
80930,84,98,-14,14
80931,82,79,3,3
80932,69,71,-2,2
80933,87,89,-2,2
80934,85,103,-18,18
80935,75,67,8,8
80936,142,147,-5,5
80937,84,85,-1,1
80938,112,97,15,15
80939,74,76,-2,2
80940,82,86,-4,4
80941,96,100,-4,4
80942,106,103,3,3
80943,41,51,-10,10
80944,70,60,10,10
80945,62,64,-2,2
80946,108,111,-3,3
80947,115,106,9,9
80948,79,74,5,5
80949,101,102,-1,1
80950,73,68,5,5
80951,69,71,-2,2
80952,42,39,3,3
80953,130,127,3,3
80954,74,65,9,9
80955,69,67,2,2
80956,112,107,5,5
80957,95,99,-4,4
80958,56,59,-3,3
80959,98,92,6,6
80960,93,97,-4,4
80961,93,90,3,3
80962,99,102,-3,3
80963,137,130,7,7
80964,127,131,-4,4
80965,82,80,2,2
80966,58,70,-12,12
80967,83,74,9,9
80968,130,123,7,7
80969,99,84,15,15
80970,134,137,-3,3
80971,134,127,7,7
80972,73,69,4,4
80973,98,111,-13,13
80974,56,54,2,2
80975,106,110,-4,4
80976,157,149,8,8
80977,70,64,6,6
80978,105,103,2,2
80979,108,119,-11,11
80980,65,66,-1,1
80981,82,80,2,2
80982,75,75,0,0
80983,88,91,-3,3
80984,79,83,-4,4
80985,85,91,-6,6
80986,98,93,5,5
80987,70,69,1,1
80988,132,139,-7,7
80989,121,106,15,15
80990,120,143,-23,23
80991,131,124,7,7
80992,100,103,-3,3
80993,103,102,1,1
80994,89,87,2,2
80995,87,89,-2,2
80996,63,66,-3,3
80997,101,98,3,3
80998,80,75,5,5
80999,60,58,2,2
81000,53,57,-4,4
81001,147,136,11,11
81002,83,84,-1,1
81003,91,91,0,0
81004,120,115,5,5
81005,79,78,1,1
81006,66,61,5,5
81007,126,106,20,20
81008,155,143,12,12
81009,73,73,0,0
81010,75,70,5,5
81011,110,112,-2,2
81012,87,87,0,0
81013,92,89,3,3
81014,133,139,-6,6
81015,100,94,6,6
81016,89,88,1,1
81017,73,72,1,1
81018,56,57,-1,1
81019,117,108,9,9
81020,77,64,13,13
81021,58,54,4,4
81022,132,135,-3,3
81023,149,130,19,19
81024,60,58,2,2
81025,88,83,5,5
81026,118,109,9,9
81027,71,75,-4,4
81028,158,160,-2,2
81029,143,133,10,10
81030,63,74,-11,11
81031,49,56,-7,7
81032,111,109,2,2
81033,121,123,-2,2
81034,97,88,9,9
81035,116,115,1,1
81036,58,58,0,0
81037,66,59,7,7
81038,63,60,3,3
81039,54,49,5,5
81040,83,86,-3,3
81041,66,69,-3,3
81042,48,50,-2,2
81043,69,75,-6,6
81044,39,73,-34,34
81045,158,127,31,31
81046,48,51,-3,3
81047,63,59,4,4
81048,93,96,-3,3
81049,87,91,-4,4
81050,64,62,2,2
81051,148,123,25,25
81052,58,58,0,0
81053,51,55,-4,4
81054,53,62,-9,9
81055,138,140,-2,2
81056,75,75,0,0
81057,94,96,-2,2
81058,49,58,-9,9
81059,132,144,-12,12
81060,98,96,2,2
81061,97,107,-10,10
81062,100,93,7,7
81063,107,100,7,7
81064,65,64,1,1
81065,67,64,3,3
81066,54,55,-1,1
81067,123,124,-1,1
81068,133,121,12,12
81069,105,128,-23,23
81070,91,96,-5,5
81071,121,118,3,3
81072,81,92,-11,11
81073,59,65,-6,6
81074,154,141,13,13
81075,85,85,0,0
81076,80,96,-16,16
81077,181,186,-5,5
81078,112,107,5,5
81079,80,82,-2,2
81080,140,131,9,9
81081,92,79,13,13
81082,87,74,13,13
81083,62,80,-18,18
81084,136,128,8,8
81085,74,72,2,2
81086,74,69,5,5
81087,45,39,6,6
81088,87,87,0,0
81089,81,77,4,4
81090,37,39,-2,2
81091,73,70,3,3
81092,81,82,-1,1
81093,119,118,1,1
81094,139,141,-2,2
81095,106,112,-6,6
81096,105,107,-2,2
81097,129,129,0,0
81098,97,101,-4,4
81099,94,118,-24,24
81100,89,115,-26,26
81101,84,84,0,0
81102,182,167,15,15
81103,44,50,-6,6
81104,98,91,7,7
81105,83,80,3,3
81106,159,156,3,3
81107,61,59,2,2
81108,145,125,20,20
81109,113,140,-27,27
81110,74,75,-1,1
81111,44,37,7,7
81112,70,80,-10,10
81113,87,111,-24,24
81114,156,149,7,7
81115,78,77,1,1
81116,99,92,7,7
81117,120,114,6,6
81118,100,117,-17,17
81119,90,85,5,5
81120,90,95,-5,5
81121,126,129,-3,3
81122,59,50,9,9
81123,82,82,0,0
81124,71,78,-7,7
81125,87,82,5,5
81126,72,76,-4,4
81127,112,103,9,9
81128,65,62,3,3
81129,68,70,-2,2
81130,62,63,-1,1
81131,130,133,-3,3
81132,60,63,-3,3
81133,100,108,-8,8
81134,48,51,-3,3
81135,97,97,0,0
81136,85,82,3,3
81137,143,123,20,20
81138,112,112,0,0
81139,70,73,-3,3
81140,107,122,-15,15
81141,103,100,3,3
81142,79,72,7,7
81143,65,58,7,7
81144,74,67,7,7
81145,62,63,-1,1
81146,146,148,-2,2
81147,138,135,3,3
81148,109,110,-1,1
81149,57,57,0,0
81150,81,86,-5,5
81151,100,99,1,1
81152,55,60,-5,5
81153,71,77,-6,6
81154,137,126,11,11
81155,173,171,2,2
81156,53,57,-4,4
81157,69,67,2,2
81158,115,101,14,14
81159,71,74,-3,3
81160,129,125,4,4
81161,142,134,8,8
81162,48,50,-2,2
81163,77,77,0,0
81164,81,93,-12,12
81165,103,100,3,3
81166,75,74,1,1
81167,86,81,5,5
81168,105,113,-8,8
81169,61,56,5,5
81170,109,102,7,7
81171,98,94,4,4
81172,153,158,-5,5
81173,50,59,-9,9
81174,178,170,8,8
81175,85,82,3,3
81176,118,122,-4,4
81177,94,85,9,9
81178,116,101,15,15
81179,92,90,2,2
81180,96,93,3,3
81181,44,38,6,6
81182,96,96,0,0
81183,146,127,19,19
81184,90,78,12,12
81185,86,84,2,2
81186,112,115,-3,3
81187,102,112,-10,10
81188,47,47,0,0
81189,107,100,7,7
81190,52,67,-15,15
81191,122,124,-2,2
81192,84,75,9,9
81193,76,75,1,1
81194,72,75,-3,3
81195,181,183,-2,2
81196,71,74,-3,3
81197,92,98,-6,6
81198,152,151,1,1
81199,133,134,-1,1
81200,97,99,-2,2
81201,135,136,-1,1
81202,75,80,-5,5
81203,99,104,-5,5
81204,92,122,-30,30
81205,113,120,-7,7
81206,65,61,4,4
81207,100,106,-6,6
81208,124,131,-7,7
81209,82,82,0,0
81210,111,117,-6,6
81211,101,99,2,2
81212,60,62,-2,2
81213,141,132,9,9
81214,69,68,1,1
81215,141,149,-8,8
81216,111,101,10,10
81217,169,172,-3,3
81218,126,124,2,2
81219,75,74,1,1
81220,120,112,8,8
81221,141,150,-9,9
81222,104,122,-18,18
81223,48,52,-4,4
81224,93,93,0,0
81225,140,138,2,2
81226,97,88,9,9
81227,110,105,5,5
81228,45,39,6,6
81229,92,94,-2,2
81230,87,73,14,14
81231,90,81,9,9
81232,68,73,-5,5
81233,64,66,-2,2
81234,59,53,6,6
81235,135,134,1,1
81236,52,55,-3,3
81237,121,132,-11,11
81238,78,83,-5,5
81239,97,100,-3,3
81240,64,92,-28,28
81241,113,114,-1,1
81242,83,82,1,1
81243,79,75,4,4
81244,77,85,-8,8
81245,56,61,-5,5
81246,156,156,0,0
81247,134,132,2,2
81248,66,68,-2,2
81249,113,118,-5,5
81250,89,86,3,3
81251,95,103,-8,8
81252,98,101,-3,3
81253,137,149,-12,12
81254,113,107,6,6
81255,173,164,9,9
81256,122,119,3,3
81257,92,86,6,6
81258,142,136,6,6
81259,82,82,0,0
81260,42,39,3,3
81261,116,145,-29,29
81262,89,90,-1,1
81263,140,137,3,3
81264,130,106,24,24
81265,80,77,3,3
81266,113,120,-7,7
81267,60,61,-1,1
81268,143,176,-33,33
81269,86,82,4,4
81270,126,120,6,6
81271,75,68,7,7
81272,120,114,6,6
81273,125,117,8,8
81274,195,192,3,3
81275,71,68,3,3
81276,131,127,4,4
81277,111,110,1,1
81278,89,97,-8,8
81279,93,93,0,0
81280,80,82,-2,2
81281,80,73,7,7
81282,46,39,7,7
81283,134,129,5,5
81284,83,81,2,2
81285,145,147,-2,2
81286,80,79,1,1
81287,82,72,10,10
81288,86,78,8,8
81289,62,68,-6,6
81290,46,51,-5,5
81291,112,110,2,2
81292,99,98,1,1
81293,145,137,8,8
81294,166,176,-10,10
81295,45,51,-6,6
81296,126,110,16,16
81297,89,87,2,2
81298,99,106,-7,7
81299,77,78,-1,1
81300,119,110,9,9
81301,93,114,-21,21
81302,102,109,-7,7
81303,62,62,0,0
81304,57,48,9,9
81305,63,65,-2,2
81306,56,67,-11,11
81307,137,136,1,1
81308,101,99,2,2
81309,90,83,7,7
81310,136,135,1,1
81311,70,64,6,6
81312,81,83,-2,2
81313,66,65,1,1
81314,93,92,1,1
81315,73,70,3,3
81316,90,88,2,2
81317,83,84,-1,1
81318,89,81,8,8
81319,103,109,-6,6
81320,105,100,5,5
81321,83,103,-20,20
81322,115,118,-3,3
81323,99,102,-3,3
81324,85,91,-6,6
81325,73,77,-4,4
81326,80,87,-7,7
81327,49,54,-5,5
81328,80,82,-2,2
81329,63,63,0,0
81330,33,39,-6,6
81331,178,189,-11,11
81332,105,133,-28,28
81333,41,53,-12,12
81334,92,97,-5,5
81335,98,91,7,7
81336,71,72,-1,1
81337,30,38,-8,8
81338,62,63,-1,1
81339,126,149,-23,23
81340,102,105,-3,3
81341,122,125,-3,3
81342,79,81,-2,2
81343,152,147,5,5
81344,159,149,10,10
81345,161,168,-7,7
81346,71,62,9,9
81347,84,88,-4,4
81348,118,105,13,13
81349,73,70,3,3
81350,118,120,-2,2
81351,102,90,12,12
81352,69,78,-9,9
81353,101,94,7,7
81354,127,120,7,7
81355,84,77,7,7
81356,40,38,2,2
81357,70,65,5,5
81358,135,129,6,6
81359,77,77,0,0
81360,78,75,3,3
81361,70,68,2,2
81362,73,79,-6,6
81363,85,84,1,1
81364,106,102,4,4
81365,151,147,4,4
81366,153,159,-6,6
81367,133,120,13,13
81368,121,117,4,4
81369,110,109,1,1
81370,71,80,-9,9
81371,98,97,1,1
81372,126,134,-8,8
81373,86,91,-5,5
81374,77,78,-1,1
81375,198,187,11,11
81376,133,132,1,1
81377,124,132,-8,8
81378,90,86,4,4
81379,60,59,1,1
81380,80,92,-12,12
81381,47,49,-2,2
81382,82,72,10,10
81383,119,99,20,20
81384,66,65,1,1
81385,136,126,10,10
81386,141,134,7,7
81387,50,58,-8,8
81388,71,78,-7,7
81389,98,100,-2,2
81390,121,108,13,13
81391,81,91,-10,10
81392,117,115,2,2
81393,112,111,1,1
81394,94,93,1,1
81395,55,74,-19,19
81396,97,111,-14,14
81397,92,97,-5,5
81398,137,141,-4,4
81399,54,56,-2,2
81400,140,142,-2,2
81401,138,128,10,10
81402,85,83,2,2
81403,84,90,-6,6
81404,104,102,2,2
81405,113,113,0,0
81406,109,117,-8,8
81407,76,93,-17,17
81408,79,85,-6,6
81409,65,59,6,6
81410,81,81,0,0
81411,131,117,14,14
81412,204,189,15,15
81413,77,72,5,5
81414,161,146,15,15
81415,97,97,0,0
81416,110,99,11,11
81417,76,74,2,2
81418,70,65,5,5
81419,122,125,-3,3
81420,52,55,-3,3
81421,121,122,-1,1
81422,89,89,0,0
81423,99,89,10,10
81424,62,62,0,0
81425,117,114,3,3
81426,92,102,-10,10
81427,169,167,2,2
81428,122,115,7,7
81429,88,98,-10,10
81430,94,90,4,4
81431,163,138,25,25
81432,72,71,1,1
81433,87,95,-8,8
81434,104,115,-11,11
81435,51,54,-3,3
81436,57,51,6,6
81437,149,148,1,1
81438,87,89,-2,2
81439,109,113,-4,4
81440,120,116,4,4
81441,79,72,7,7
81442,129,129,0,0
81443,162,156,6,6
81444,133,134,-1,1
81445,82,84,-2,2
81446,110,110,0,0
81447,180,166,14,14
81448,104,105,-1,1
81449,134,136,-2,2
81450,114,108,6,6
81451,130,147,-17,17
81452,94,99,-5,5
81453,182,174,8,8
81454,93,98,-5,5
81455,74,81,-7,7
81456,66,68,-2,2
81457,164,253,-89,89
81458,125,178,-53,53
81459,74,83,-9,9
81460,148,150,-2,2
81461,69,72,-3,3
81462,98,95,3,3
81463,71,70,1,1
81464,107,104,3,3
81465,133,125,8,8
81466,72,66,6,6
81467,68,67,1,1
81468,97,91,6,6
81469,185,164,21,21
81470,184,188,-4,4
81471,106,115,-9,9
81472,143,149,-6,6
81473,82,94,-12,12
81474,47,54,-7,7
81475,82,77,5,5
81476,97,84,13,13
81477,58,59,-1,1
81478,115,105,10,10
81479,137,122,15,15
81480,112,114,-2,2
81481,101,97,4,4
81482,56,54,2,2
81483,80,76,4,4
81484,79,82,-3,3
81485,186,172,14,14
81486,79,71,8,8
81487,80,70,10,10
81488,85,79,6,6
81489,123,111,12,12
81490,94,85,9,9
81491,71,86,-15,15
81492,83,86,-3,3
81493,45,47,-2,2
81494,120,145,-25,25
81495,165,164,1,1
81496,73,74,-1,1
81497,87,86,1,1
81498,80,83,-3,3
81499,132,141,-9,9
81500,82,78,4,4
81501,77,75,2,2
81502,62,65,-3,3
81503,74,73,1,1
81504,87,94,-7,7
81505,142,140,2,2
81506,119,110,9,9
81507,62,57,5,5
