,original,predict,differ,abs
0,67,77,-10,10
1,58,61,-3,3
2,88,85,3,3
3,183,172,11,11
4,81,74,7,7
5,88,88,0,0
6,83,84,-1,1
7,183,239,-56,56
8,81,69,12,12
9,117,111,6,6
10,64,57,7,7
11,59,66,-7,7
12,74,70,4,4
13,100,111,-11,11
14,103,98,5,5
15,66,69,-3,3
16,97,83,14,14
17,120,103,17,17
18,79,75,4,4
19,110,116,-6,6
20,217,199,18,18
21,156,149,7,7
22,97,80,17,17
23,101,122,-21,21
24,82,76,6,6
25,127,117,10,10
26,112,110,2,2
27,191,168,23,23
28,48,51,-3,3
29,106,116,-10,10
30,133,136,-3,3
31,57,54,3,3
32,108,102,6,6
33,89,77,12,12
34,50,62,-12,12
35,62,54,8,8
36,102,100,2,2
37,55,57,-2,2
38,89,103,-14,14
39,96,103,-7,7
40,70,69,1,1
41,115,114,1,1
42,82,80,2,2
43,102,100,2,2
44,167,132,35,35
45,82,76,6,6
46,118,115,3,3
47,85,75,10,10
48,93,94,-1,1
49,111,92,19,19
50,77,76,1,1
51,136,130,6,6
52,109,97,12,12
53,85,92,-7,7
54,133,118,15,15
55,138,122,16,16
56,100,115,-15,15
57,130,122,8,8
58,96,99,-3,3
59,58,55,3,3
60,115,109,6,6
61,73,70,3,3
62,135,114,21,21
63,177,177,0,0
64,96,97,-1,1
65,77,74,3,3
66,84,91,-7,7
67,105,101,4,4
68,193,186,7,7
69,143,149,-6,6
70,111,105,6,6
71,104,92,12,12
72,265,271,-6,6
73,88,89,-1,1
74,78,82,-4,4
75,58,63,-5,5
76,86,77,9,9
77,59,68,-9,9
78,139,141,-2,2
79,96,88,8,8
80,90,81,9,9
81,83,77,6,6
82,133,128,5,5
83,141,142,-1,1
84,72,67,5,5
85,75,69,6,6
86,43,42,1,1
87,68,64,4,4
88,170,130,40,40
89,92,89,3,3
90,64,84,-20,20
91,101,106,-5,5
92,82,65,17,17
93,81,77,4,4
94,75,72,3,3
95,99,93,6,6
96,45,53,-8,8
97,186,195,-9,9
98,127,149,-22,22
99,100,103,-3,3
100,66,68,-2,2
101,129,101,28,28
102,107,105,2,2
103,128,120,8,8
104,90,85,5,5
105,68,70,-2,2
106,107,107,0,0
107,90,83,7,7
108,89,88,1,1
109,70,77,-7,7
110,174,133,41,41
111,90,90,0,0
112,76,70,6,6
113,67,64,3,3
114,76,87,-11,11
115,168,159,9,9
116,91,83,8,8
117,103,98,5,5
118,91,87,4,4
119,67,59,8,8
120,118,119,-1,1
121,51,57,-6,6
122,76,76,0,0
123,110,114,-4,4
124,99,91,8,8
125,96,97,-1,1
126,169,159,10,10
127,89,98,-9,9
128,94,97,-3,3
129,123,125,-2,2
130,186,172,14,14
131,132,132,0,0
132,102,86,16,16
133,78,85,-7,7
134,129,113,16,16
135,116,103,13,13
136,136,116,20,20
137,131,132,-1,1
138,105,101,4,4
139,69,72,-3,3
140,66,68,-2,2
141,127,115,12,12
142,127,114,13,13
143,66,78,-12,12
144,112,118,-6,6
145,115,101,14,14
146,98,89,9,9
147,69,65,4,4
148,93,77,16,16
149,121,118,3,3
150,92,94,-2,2
151,73,69,4,4
152,139,134,5,5
153,80,80,0,0
154,89,87,2,2
155,67,58,9,9
156,66,54,12,12
157,81,84,-3,3
158,59,61,-2,2
159,128,125,3,3
160,109,111,-2,2
161,50,51,-1,1
162,74,71,3,3
163,80,82,-2,2
164,132,114,18,18
165,51,47,4,4
166,115,110,5,5
167,70,89,-19,19
168,159,128,31,31
169,151,151,0,0
170,94,90,4,4
171,81,103,-22,22
172,77,78,-1,1
173,42,51,-9,9
174,135,146,-11,11
175,106,93,13,13
176,50,50,0,0
177,162,149,13,13
178,130,104,26,26
179,120,101,19,19
180,84,87,-3,3
181,76,69,7,7
182,67,69,-2,2
183,75,70,5,5
184,39,39,0,0
185,119,112,7,7
186,55,55,0,0
187,90,82,8,8
188,124,132,-8,8
189,171,159,12,12
190,70,73,-3,3
191,137,135,2,2
192,127,129,-2,2
193,143,149,-6,6
194,195,164,31,31
195,112,106,6,6
196,43,43,0,0
197,114,108,6,6
198,111,122,-11,11
199,80,72,8,8
200,128,115,13,13
201,176,181,-5,5
202,64,58,6,6
203,142,131,11,11
204,100,92,8,8
205,63,57,6,6
206,145,131,14,14
207,101,93,8,8
208,78,77,1,1
209,98,90,8,8
210,147,151,-4,4
211,50,51,-1,1
212,70,66,4,4
213,175,173,2,2
214,87,101,-14,14
215,87,75,12,12
216,108,123,-15,15
217,67,63,4,4
218,95,96,-1,1
219,89,92,-3,3
220,135,149,-14,14
221,79,85,-6,6
222,43,46,-3,3
223,195,172,23,23
224,83,89,-6,6
225,81,84,-3,3
226,63,68,-5,5
227,119,112,7,7
228,98,95,3,3
229,44,51,-7,7
230,47,52,-5,5
231,87,63,24,24
232,90,75,15,15
233,62,57,5,5
234,103,94,9,9
235,140,153,-13,13
236,114,110,4,4
237,57,68,-11,11
238,81,74,7,7
239,74,87,-13,13
240,61,69,-8,8
241,43,39,4,4
242,55,56,-1,1
243,100,87,13,13
244,124,101,23,23
245,107,96,11,11
246,121,121,0,0
247,86,99,-13,13
248,146,136,10,10
249,147,147,0,0
250,47,44,3,3
251,124,117,7,7
252,89,88,1,1
253,50,54,-4,4
254,110,100,10,10
255,158,155,3,3
256,86,76,10,10
257,102,100,2,2
258,107,106,1,1
259,64,66,-2,2
260,136,125,11,11
261,125,104,21,21
262,115,103,12,12
263,71,67,4,4
264,80,74,6,6
265,82,78,4,4
266,79,80,-1,1
267,102,94,8,8
268,49,58,-9,9
269,109,113,-4,4
270,52,49,3,3
271,72,60,12,12
272,68,82,-14,14
273,151,157,-6,6
274,112,105,7,7
275,97,111,-14,14
276,82,95,-13,13
277,72,80,-8,8
278,125,130,-5,5
279,128,126,2,2
280,94,97,-3,3
281,76,62,14,14
282,71,75,-4,4
283,112,111,1,1
284,75,67,8,8
285,77,72,5,5
286,78,73,5,5
287,89,78,11,11
288,88,83,5,5
289,97,91,6,6
290,80,79,1,1
291,67,72,-5,5
292,83,83,0,0
293,85,89,-4,4
294,76,71,5,5
295,64,64,0,0
296,107,106,1,1
297,141,142,-1,1
298,130,113,17,17
299,51,58,-7,7
300,66,69,-3,3
301,75,75,0,0
302,186,171,15,15
303,86,80,6,6
304,141,141,0,0
305,83,76,7,7
306,85,80,5,5
307,148,121,27,27
308,87,85,2,2
309,77,69,8,8
310,27,52,-25,25
311,88,88,0,0
312,92,83,9,9
313,86,92,-6,6
314,135,129,6,6
315,77,71,6,6
316,73,70,3,3
317,133,123,10,10
318,51,54,-3,3
319,125,119,6,6
320,98,105,-7,7
321,143,132,11,11
322,140,120,20,20
323,87,86,1,1
324,89,66,23,23
325,69,82,-13,13
326,96,69,27,27
327,127,111,16,16
328,79,68,11,11
329,137,121,16,16
330,85,82,3,3
331,84,87,-3,3
332,52,56,-4,4
333,77,65,12,12
334,78,79,-1,1
335,104,100,4,4
336,89,94,-5,5
337,89,54,35,35
338,56,48,8,8
339,106,83,23,23
340,71,63,8,8
341,132,120,12,12
342,82,73,9,9
343,100,95,5,5
344,51,59,-8,8
345,66,66,0,0
346,85,67,18,18
347,112,108,4,4
348,34,57,-23,23
349,134,117,17,17
350,93,92,1,1
351,114,130,-16,16
352,137,122,15,15
353,88,84,4,4
354,108,113,-5,5
355,106,93,13,13
356,146,171,-25,25
357,54,67,-13,13
358,170,134,36,36
359,86,78,8,8
360,110,93,17,17
361,82,81,1,1
362,101,102,-1,1
363,64,62,2,2
364,44,50,-6,6
365,84,76,8,8
366,60,49,11,11
367,101,106,-5,5
368,120,106,14,14
369,60,68,-8,8
370,130,121,9,9
371,41,41,0,0
372,116,104,12,12
373,58,63,-5,5
374,77,71,6,6
375,96,96,0,0
376,88,93,-5,5
377,103,96,7,7
378,35,75,-40,40
379,64,61,3,3
380,86,78,8,8
381,89,81,8,8
382,108,100,8,8
383,116,104,12,12
384,82,83,-1,1
385,65,67,-2,2
386,64,69,-5,5
387,134,131,3,3
388,65,63,2,2
389,77,75,2,2
390,120,119,1,1
391,54,58,-4,4
392,90,85,5,5
393,87,89,-2,2
394,97,106,-9,9
395,17,44,-27,27
396,69,81,-12,12
397,31,32,-1,1
398,90,86,4,4
399,104,111,-7,7
400,97,92,5,5
401,52,56,-4,4
402,81,82,-1,1
403,88,84,4,4
404,150,141,9,9
405,103,118,-15,15
406,47,38,9,9
407,119,118,1,1
408,107,109,-2,2
409,88,69,19,19
410,85,82,3,3
411,95,82,13,13
412,89,85,4,4
413,87,82,5,5
414,148,132,16,16
415,98,91,7,7
416,148,144,4,4
417,77,74,3,3
418,70,74,-4,4
419,64,56,8,8
420,110,135,-25,25
421,143,149,-6,6
422,122,160,-38,38
423,82,81,1,1
424,112,107,5,5
425,128,126,2,2
426,148,145,3,3
427,80,80,0,0
428,56,60,-4,4
429,90,86,4,4
430,110,104,6,6
431,88,94,-6,6
432,91,99,-8,8
433,99,92,7,7
434,122,111,11,11
435,66,65,1,1
436,106,107,-1,1
437,65,57,8,8
438,164,147,17,17
439,68,65,3,3
440,48,69,-21,21
441,88,79,9,9
442,107,97,10,10
443,58,68,-10,10
444,91,93,-2,2
445,113,101,12,12
446,107,91,16,16
447,101,93,8,8
448,72,79,-7,7
449,134,127,7,7
450,87,89,-2,2
451,64,62,2,2
452,72,67,5,5
453,146,146,0,0
454,110,98,12,12
455,104,99,5,5
456,129,140,-11,11
457,134,147,-13,13
458,123,124,-1,1
459,62,64,-2,2
460,71,68,3,3
461,58,62,-4,4
462,88,83,5,5
463,134,133,1,1
464,81,83,-2,2
465,77,88,-11,11
466,118,111,7,7
467,131,122,9,9
468,66,63,3,3
469,61,69,-8,8
470,43,40,3,3
471,121,113,8,8
472,101,105,-4,4
473,112,97,15,15
474,67,64,3,3
475,88,79,9,9
476,57,55,2,2
477,93,89,4,4
478,77,63,14,14
479,57,55,2,2
480,55,76,-21,21
481,68,74,-6,6
482,118,121,-3,3
483,63,65,-2,2
484,110,113,-3,3
485,58,51,7,7
486,119,101,18,18
487,110,132,-22,22
488,146,133,13,13
489,50,48,2,2
490,104,95,9,9
491,136,128,8,8
492,145,151,-6,6
493,110,87,23,23
494,124,130,-6,6
495,117,111,6,6
496,134,124,10,10
497,98,87,11,11
498,104,109,-5,5
499,78,72,6,6
500,100,89,11,11
501,45,49,-4,4
502,108,114,-6,6
503,50,58,-8,8
504,69,81,-12,12
505,106,97,9,9
506,66,63,3,3
507,61,60,1,1
508,96,87,9,9
509,96,84,12,12
510,53,52,1,1
511,93,93,0,0
512,80,70,10,10
513,73,72,1,1
514,70,79,-9,9
515,100,92,8,8
516,137,131,6,6
517,114,113,1,1
518,70,72,-2,2
519,55,68,-13,13
520,108,86,22,22
521,138,136,2,2
522,95,93,2,2
523,142,139,3,3
524,83,79,4,4
525,122,111,11,11
526,97,98,-1,1
527,56,57,-1,1
528,122,122,0,0
529,73,73,0,0
530,69,50,19,19
531,95,98,-3,3
532,68,71,-3,3
533,95,89,6,6
534,78,90,-12,12
535,90,89,1,1
536,106,107,-1,1
537,42,50,-8,8
538,76,76,0,0
539,157,167,-10,10
540,119,116,3,3
541,99,97,2,2
542,61,66,-5,5
543,102,95,7,7
544,92,93,-1,1
545,124,108,16,16
546,82,83,-1,1
547,76,72,4,4
548,67,70,-3,3
549,148,138,10,10
550,74,86,-12,12
551,66,68,-2,2
552,108,109,-1,1
553,64,64,0,0
554,102,96,6,6
555,63,55,8,8
556,66,57,9,9
557,74,68,6,6
558,74,77,-3,3
559,67,64,3,3
560,86,91,-5,5
561,81,92,-11,11
562,90,89,1,1
563,47,48,-1,1
564,68,77,-9,9
565,88,80,8,8
566,83,76,7,7
567,76,68,8,8
568,55,50,5,5
569,100,103,-3,3
570,108,117,-9,9
571,178,167,11,11
572,80,80,0,0
573,82,86,-4,4
574,149,124,25,25
575,69,72,-3,3
576,70,75,-5,5
577,90,102,-12,12
578,91,85,6,6
579,75,71,4,4
580,88,79,9,9
581,134,122,12,12
582,49,49,0,0
583,51,44,7,7
584,113,101,12,12
585,88,89,-1,1
586,53,49,4,4
587,84,66,18,18
588,105,94,11,11
589,85,76,9,9
590,105,95,10,10
591,75,67,8,8
592,139,132,7,7
593,103,89,14,14
594,87,87,0,0
595,65,78,-13,13
596,74,71,3,3
597,98,105,-7,7
598,110,102,8,8
599,112,98,14,14
600,88,79,9,9
601,85,79,6,6
602,55,55,0,0
603,86,85,1,1
604,124,119,5,5
605,114,109,5,5
606,57,51,6,6
607,56,63,-7,7
608,78,77,1,1
609,122,130,-8,8
610,79,73,6,6
611,81,79,2,2
612,117,118,-1,1
613,112,122,-10,10
614,95,100,-5,5
615,195,178,17,17
616,76,91,-15,15
617,104,97,7,7
618,112,102,10,10
619,103,106,-3,3
620,91,88,3,3
621,105,96,9,9
622,127,103,24,24
623,60,64,-4,4
624,111,108,3,3
625,106,102,4,4
626,109,106,3,3
627,85,87,-2,2
628,67,78,-11,11
629,81,83,-2,2
630,83,84,-1,1
631,56,57,-1,1
632,92,89,3,3
633,71,77,-6,6
634,95,92,3,3
635,93,94,-1,1
636,144,143,1,1
637,53,64,-11,11
638,77,88,-11,11
639,71,70,1,1
640,95,103,-8,8
641,95,92,3,3
642,61,54,7,7
643,141,127,14,14
644,133,123,10,10
645,94,82,12,12
646,112,111,1,1
647,84,78,6,6
648,92,93,-1,1
649,84,86,-2,2
650,94,93,1,1
651,72,76,-4,4
652,102,114,-12,12
653,61,71,-10,10
654,108,110,-2,2
655,105,108,-3,3
656,85,80,5,5
657,74,74,0,0
658,50,47,3,3
659,101,93,8,8
660,82,72,10,10
661,108,92,16,16
662,148,133,15,15
663,126,116,10,10
664,136,150,-14,14
665,75,80,-5,5
666,36,35,1,1
667,42,60,-18,18
668,69,71,-2,2
669,126,121,5,5
670,109,100,9,9
671,90,83,7,7
672,116,105,11,11
673,151,193,-42,42
674,147,136,11,11
675,52,87,-35,35
676,107,108,-1,1
677,90,87,3,3
678,162,145,17,17
679,103,106,-3,3
680,150,138,12,12
681,62,65,-3,3
682,111,116,-5,5
683,77,78,-1,1
684,166,163,3,3
685,151,152,-1,1
686,116,113,3,3
687,79,78,1,1
688,94,109,-15,15
689,110,109,1,1
690,152,128,24,24
691,176,152,24,24
692,92,92,0,0
693,156,147,9,9
694,92,87,5,5
695,77,71,6,6
696,32,52,-20,20
697,87,94,-7,7
698,108,103,5,5
699,104,89,15,15
700,70,66,4,4
701,66,58,8,8
702,118,108,10,10
703,65,63,2,2
704,111,98,13,13
705,74,68,6,6
706,81,88,-7,7
707,88,76,12,12
708,87,86,1,1
709,116,115,1,1
710,47,45,2,2
711,95,105,-10,10
712,44,44,0,0
713,91,106,-15,15
714,83,82,1,1
715,137,115,22,22
716,80,80,0,0
717,147,131,16,16
718,119,125,-6,6
719,137,116,21,21
720,133,131,2,2
721,89,88,1,1
722,150,137,13,13
723,108,95,13,13
724,96,77,19,19
725,88,83,5,5
726,140,128,12,12
727,128,135,-7,7
728,53,55,-2,2
729,100,117,-17,17
730,58,71,-13,13
731,110,92,18,18
732,125,127,-2,2
733,124,108,16,16
734,109,115,-6,6
735,122,111,11,11
736,95,96,-1,1
737,93,96,-3,3
738,85,78,7,7
739,98,81,17,17
740,68,73,-5,5
741,48,54,-6,6
742,97,99,-2,2
743,81,82,-1,1
744,88,76,12,12
745,91,104,-13,13
746,64,59,5,5
747,204,183,21,21
748,114,105,9,9
749,185,153,32,32
750,75,74,1,1
751,70,61,9,9
752,145,146,-1,1
753,87,80,7,7
754,45,55,-10,10
755,73,66,7,7
756,125,126,-1,1
757,60,63,-3,3
758,95,90,5,5
759,119,100,19,19
760,76,76,0,0
761,56,64,-8,8
762,44,62,-18,18
763,98,95,3,3
764,86,74,12,12
765,161,140,21,21
766,102,112,-10,10
767,103,91,12,12
768,69,63,6,6
769,151,151,0,0
770,92,73,19,19
771,80,88,-8,8
772,87,85,2,2
773,108,100,8,8
774,51,55,-4,4
775,110,105,5,5
776,64,65,-1,1
777,73,71,2,2
778,92,86,6,6
779,93,101,-8,8
780,103,100,3,3
781,49,50,-1,1
782,71,76,-5,5
783,70,73,-3,3
784,67,63,4,4
785,100,98,2,2
786,93,97,-4,4
787,75,69,6,6
788,97,91,6,6
789,84,83,1,1
790,140,126,14,14
791,151,134,17,17
792,78,82,-4,4
793,79,63,16,16
794,108,118,-10,10
795,95,78,17,17
796,98,94,4,4
797,119,118,1,1
798,83,91,-8,8
799,67,68,-1,1
800,64,65,-1,1
801,102,93,9,9
802,75,78,-3,3
803,68,75,-7,7
804,78,77,1,1
805,53,56,-3,3
806,126,122,4,4
807,89,97,-8,8
808,85,90,-5,5
809,64,70,-6,6
810,85,79,6,6
811,74,69,5,5
812,66,54,12,12
813,79,75,4,4
814,125,103,22,22
815,119,112,7,7
816,26,47,-21,21
817,66,65,1,1
818,88,74,14,14
819,111,92,19,19
820,86,74,12,12
821,76,82,-6,6
822,86,78,8,8
823,145,133,12,12
824,46,46,0,0
825,107,97,10,10
826,99,94,5,5
827,63,64,-1,1
828,68,65,3,3
829,100,86,14,14
830,110,113,-3,3
831,77,76,1,1
832,66,73,-7,7
833,64,50,14,14
834,77,74,3,3
835,144,141,3,3
836,106,99,7,7
837,93,92,1,1
838,73,73,0,0
839,103,104,-1,1
840,105,105,0,0
841,75,74,1,1
842,83,73,10,10
843,112,109,3,3
844,156,149,7,7
845,156,145,11,11
846,77,82,-5,5
847,76,72,4,4
848,95,92,3,3
849,41,48,-7,7
850,106,112,-6,6
851,135,125,10,10
852,92,101,-9,9
853,91,94,-3,3
854,112,99,13,13
855,84,87,-3,3
856,77,73,4,4
857,29,53,-24,24
858,64,64,0,0
859,143,123,20,20
860,59,47,12,12
861,155,156,-1,1
862,207,155,52,52
863,129,121,8,8
864,115,102,13,13
865,108,94,14,14
866,162,137,25,25
867,69,75,-6,6
868,62,75,-13,13
869,79,94,-15,15
870,57,65,-8,8
871,90,83,7,7
872,98,88,10,10
873,108,103,5,5
874,80,100,-20,20
875,114,97,17,17
876,57,54,3,3
877,41,112,-71,71
878,90,76,14,14
879,84,68,16,16
880,87,88,-1,1
881,70,74,-4,4
882,109,107,2,2
883,76,78,-2,2
884,62,51,11,11
885,83,73,10,10
886,124,128,-4,4
887,122,131,-9,9
888,55,56,-1,1
889,108,113,-5,5
890,109,112,-3,3
891,52,63,-11,11
892,134,117,17,17
893,60,52,8,8
894,71,67,4,4
895,123,117,6,6
896,60,57,3,3
897,140,132,8,8
898,109,93,16,16
899,150,156,-6,6
900,74,75,-1,1
901,94,80,14,14
902,71,76,-5,5
903,139,117,22,22
904,87,100,-13,13
905,72,75,-3,3
906,53,46,7,7
907,163,135,28,28
908,111,86,25,25
909,70,63,7,7
910,46,56,-10,10
911,138,139,-1,1
912,127,116,11,11
913,70,74,-4,4
914,107,119,-12,12
915,64,64,0,0
916,69,76,-7,7
917,196,195,1,1
918,136,124,12,12
919,52,56,-4,4
920,79,83,-4,4
921,109,113,-4,4
922,78,72,6,6
923,115,108,7,7
924,77,81,-4,4
925,110,103,7,7
926,74,62,12,12
927,49,53,-4,4
928,55,56,-1,1
929,145,131,14,14
930,119,114,5,5
931,96,92,4,4
932,196,194,2,2
933,72,79,-7,7
934,90,96,-6,6
935,62,98,-36,36
936,118,113,5,5
937,137,138,-1,1
938,79,78,1,1
939,152,156,-4,4
940,87,95,-8,8
941,112,106,6,6
942,62,57,5,5
943,72,73,-1,1
944,109,107,2,2
945,83,78,5,5
946,68,63,5,5
947,97,92,5,5
948,59,59,0,0
949,173,135,38,38
950,73,68,5,5
951,85,87,-2,2
952,62,64,-2,2
953,75,76,-1,1
954,90,92,-2,2
955,93,87,6,6
956,98,98,0,0
957,116,105,11,11
958,50,45,5,5
959,106,102,4,4
960,114,101,13,13
961,98,89,9,9
962,184,183,1,1
963,69,71,-2,2
964,147,148,-1,1
965,29,66,-37,37
966,108,116,-8,8
967,65,61,4,4
968,96,81,15,15
969,84,91,-7,7
970,70,72,-2,2
971,162,151,11,11
972,112,110,2,2
973,71,67,4,4
974,139,114,25,25
975,72,82,-10,10
976,68,72,-4,4
977,76,77,-1,1
978,87,71,16,16
979,52,47,5,5
980,115,113,2,2
981,161,146,15,15
982,88,90,-2,2
983,107,101,6,6
984,84,73,11,11
985,90,85,5,5
986,55,52,3,3
987,138,131,7,7
988,90,81,9,9
989,114,105,9,9
990,111,126,-15,15
991,44,44,0,0
992,111,115,-4,4
993,128,107,21,21
994,98,95,3,3
995,93,88,5,5
996,74,67,7,7
997,130,122,8,8
998,82,96,-14,14
999,178,148,30,30
1000,42,40,2,2
1001,96,89,7,7
1002,39,52,-13,13
1003,75,65,10,10
1004,147,133,14,14
1005,102,102,0,0
1006,212,188,24,24
1007,64,65,-1,1
1008,91,84,7,7
1009,39,42,-3,3
1010,92,100,-8,8
1011,159,143,16,16
1012,119,102,17,17
1013,128,116,12,12
1014,125,124,1,1
1015,63,65,-2,2
1016,117,110,7,7
1017,117,129,-12,12
1018,35,41,-6,6
1019,108,112,-4,4
1020,108,103,5,5
1021,77,78,-1,1
1022,88,90,-2,2
1023,45,53,-8,8
1024,88,93,-5,5
1025,110,107,3,3
1026,93,90,3,3
1027,77,80,-3,3
1028,144,133,11,11
1029,63,68,-5,5
1030,56,51,5,5
1031,143,134,9,9
1032,119,133,-14,14
1033,85,78,7,7
1034,94,91,3,3
1035,115,119,-4,4
1036,117,117,0,0
1037,71,67,4,4
1038,79,83,-4,4
1039,119,85,34,34
1040,78,82,-4,4
1041,101,111,-10,10
1042,89,90,-1,1
1043,91,94,-3,3
1044,112,110,2,2
1045,131,125,6,6
1046,43,41,2,2
1047,162,156,6,6
1048,55,54,1,1
1049,116,114,2,2
1050,49,48,1,1
1051,88,77,11,11
1052,108,109,-1,1
1053,72,63,9,9
1054,115,108,7,7
1055,55,61,-6,6
1056,146,128,18,18
1057,97,83,14,14
1058,81,78,3,3
1059,146,134,12,12
1060,133,114,19,19
1061,62,71,-9,9
1062,148,144,4,4
1063,98,82,16,16
1064,81,79,2,2
1065,73,74,-1,1
1066,81,76,5,5
1067,148,142,6,6
1068,141,125,16,16
1069,56,54,2,2
1070,123,125,-2,2
1071,83,72,11,11
1072,117,118,-1,1
1073,99,97,2,2
1074,99,110,-11,11
1075,64,60,4,4
1076,92,87,5,5
1077,40,39,1,1
1078,183,154,29,29
1079,44,54,-10,10
1080,115,109,6,6
1081,49,51,-2,2
1082,127,119,8,8
1083,155,139,16,16
1084,81,83,-2,2
1085,92,85,7,7
1086,74,67,7,7
1087,108,108,0,0
1088,57,62,-5,5
1089,61,55,6,6
1090,125,137,-12,12
1091,97,93,4,4
1092,60,87,-27,27
1093,78,75,3,3
1094,71,87,-16,16
1095,84,89,-5,5
1096,177,171,6,6
1097,80,74,6,6
1098,130,129,1,1
1099,81,88,-7,7
1100,88,91,-3,3
1101,56,49,7,7
1102,149,132,17,17
1103,92,82,10,10
1104,90,88,2,2
1105,45,38,7,7
1106,63,72,-9,9
1107,92,93,-1,1
1108,124,121,3,3
1109,140,141,-1,1
1110,122,133,-11,11
1111,47,55,-8,8
1112,67,72,-5,5
1113,199,187,12,12
1114,110,128,-18,18
1115,78,83,-5,5
1116,42,40,2,2
1117,51,44,7,7
1118,183,150,33,33
1119,160,160,0,0
1120,117,113,4,4
1121,70,74,-4,4
1122,90,87,3,3
1123,101,109,-8,8
1124,73,69,4,4
1125,64,75,-11,11
1126,69,70,-1,1
1127,98,92,6,6
1128,121,117,4,4
1129,83,83,0,0
1130,170,166,4,4
1131,80,82,-2,2
1132,68,66,2,2
1133,130,128,2,2
1134,66,71,-5,5
1135,65,69,-4,4
1136,95,92,3,3
1137,99,98,1,1
1138,95,105,-10,10
1139,174,163,11,11
1140,154,134,20,20
1141,121,107,14,14
1142,109,94,15,15
1143,87,96,-9,9
1144,61,53,8,8
1145,96,93,3,3
1146,96,98,-2,2
1147,118,111,7,7
1148,97,85,12,12
1149,105,102,3,3
1150,87,83,4,4
1151,104,97,7,7
1152,80,87,-7,7
1153,54,59,-5,5
1154,92,98,-6,6
1155,48,51,-3,3
1156,78,84,-6,6
1157,136,117,19,19
1158,139,127,12,12
1159,61,111,-50,50
1160,83,89,-6,6
1161,103,105,-2,2
1162,128,116,12,12
1163,131,126,5,5
1164,76,71,5,5
1165,74,65,9,9
1166,135,129,6,6
1167,73,70,3,3
1168,115,118,-3,3
1169,81,85,-4,4
1170,140,137,3,3
1171,69,67,2,2
1172,46,50,-4,4
1173,109,107,2,2
1174,197,182,15,15
1175,111,108,3,3
1176,100,96,4,4
1177,77,70,7,7
1178,66,72,-6,6
1179,67,66,1,1
1180,120,130,-10,10
1181,349,482,-133,133
1182,78,70,8,8
1183,118,113,5,5
1184,51,64,-13,13
1185,82,81,1,1
1186,49,47,2,2
1187,72,66,6,6
1188,112,286,-174,174
1189,140,106,34,34
1190,69,61,8,8
1191,94,92,2,2
1192,69,69,0,0
1193,96,99,-3,3
1194,77,112,-35,35
1195,92,98,-6,6
1196,141,149,-8,8
1197,94,86,8,8
1198,92,78,14,14
1199,96,113,-17,17
1200,69,58,11,11
1201,35,45,-10,10
1202,78,72,6,6
1203,113,108,5,5
1204,99,87,12,12
1205,108,102,6,6
1206,118,109,9,9
1207,95,82,13,13
1208,106,110,-4,4
1209,101,82,19,19
1210,77,88,-11,11
1211,97,97,0,0
1212,86,89,-3,3
1213,60,64,-4,4
1214,101,106,-5,5
1215,105,100,5,5
1216,73,73,0,0
1217,90,83,7,7
1218,121,108,13,13
1219,80,81,-1,1
1220,85,86,-1,1
1221,158,157,1,1
1222,75,73,2,2
1223,70,76,-6,6
1224,66,76,-10,10
1225,107,100,7,7
1226,182,180,2,2
1227,134,131,3,3
1228,103,94,9,9
1229,69,74,-5,5
1230,95,76,19,19
1231,33,34,-1,1
1232,58,57,1,1
1233,63,74,-11,11
1234,115,98,17,17
1235,111,109,2,2
1236,128,116,12,12
1237,141,125,16,16
1238,50,51,-1,1
1239,129,103,26,26
1240,49,60,-11,11
1241,91,80,11,11
1242,131,116,15,15
1243,120,108,12,12
1244,91,80,11,11
1245,108,106,2,2
1246,70,74,-4,4
1247,51,54,-3,3
1248,92,93,-1,1
1249,77,78,-1,1
1250,149,134,15,15
1251,117,103,14,14
1252,144,125,19,19
1253,82,72,10,10
1254,107,107,0,0
1255,51,57,-6,6
1256,55,55,0,0
1257,101,105,-4,4
1258,99,92,7,7
1259,114,103,11,11
1260,55,65,-10,10
1261,83,83,0,0
1262,174,161,13,13
1263,136,124,12,12
1264,89,90,-1,1
1265,67,75,-8,8
1266,81,78,3,3
1267,122,122,0,0
1268,74,75,-1,1
1269,149,160,-11,11
1270,62,63,-1,1
1271,64,71,-7,7
1272,85,88,-3,3
1273,163,139,24,24
1274,72,69,3,3
1275,62,64,-2,2
1276,50,53,-3,3
1277,57,61,-4,4
1278,82,96,-14,14
1279,58,56,2,2
1280,51,48,3,3
1281,63,64,-1,1
1282,125,139,-14,14
1283,78,85,-7,7
1284,57,51,6,6
1285,65,55,10,10
1286,111,116,-5,5
1287,90,82,8,8
1288,107,106,1,1
1289,81,80,1,1
1290,133,109,24,24
1291,111,112,-1,1
1292,64,74,-10,10
1293,56,71,-15,15
1294,51,52,-1,1
1295,64,59,5,5
1296,156,139,17,17
1297,96,106,-10,10
1298,94,83,11,11
1299,65,95,-30,30
1300,167,146,21,21
1301,44,45,-1,1
1302,255,231,24,24
1303,80,74,6,6
1304,142,133,9,9
1305,73,65,8,8
1306,114,105,9,9
1307,81,78,3,3
1308,66,64,2,2
1309,91,88,3,3
1310,106,96,10,10
1311,84,90,-6,6
1312,120,124,-4,4
1313,115,108,7,7
1314,130,128,2,2
1315,192,198,-6,6
1316,150,134,16,16
1317,87,76,11,11
1318,69,70,-1,1
1319,170,184,-14,14
1320,99,94,5,5
1321,72,85,-13,13
1322,106,92,14,14
1323,142,118,24,24
1324,44,50,-6,6
1325,87,89,-2,2
1326,72,71,1,1
1327,116,111,5,5
1328,66,64,2,2
1329,43,48,-5,5
1330,145,121,24,24
1331,92,90,2,2
1332,86,87,-1,1
1333,87,91,-4,4
1334,71,65,6,6
1335,136,128,8,8
1336,73,76,-3,3
1337,81,88,-7,7
1338,65,57,8,8
1339,97,89,8,8
1340,61,62,-1,1
1341,76,68,8,8
1342,55,52,3,3
1343,100,93,7,7
1344,120,112,8,8
1345,110,130,-20,20
1346,103,102,1,1
1347,57,57,0,0
1348,95,84,11,11
1349,82,81,1,1
1350,105,108,-3,3
1351,68,69,-1,1
1352,177,159,18,18
1353,97,94,3,3
1354,150,128,22,22
1355,38,41,-3,3
1356,85,88,-3,3
1357,79,87,-8,8
1358,78,77,1,1
1359,98,96,2,2
1360,138,129,9,9
1361,92,79,13,13
1362,110,99,11,11
1363,135,141,-6,6
1364,96,96,0,0
1365,107,95,12,12
1366,84,88,-4,4
1367,82,74,8,8
1368,87,108,-21,21
1369,58,54,4,4
1370,55,52,3,3
1371,69,75,-6,6
1372,193,183,10,10
1373,102,104,-2,2
1374,105,96,9,9
1375,74,89,-15,15
1376,122,153,-31,31
1377,85,77,8,8
1378,103,100,3,3
1379,139,123,16,16
1380,91,95,-4,4
1381,84,94,-10,10
1382,155,130,25,25
1383,73,79,-6,6
1384,141,113,28,28
1385,70,64,6,6
1386,93,82,11,11
1387,100,85,15,15
1388,96,86,10,10
1389,56,53,3,3
1390,93,115,-22,22
1391,97,115,-18,18
1392,43,42,1,1
1393,58,53,5,5
1394,107,99,8,8
1395,118,110,8,8
1396,64,55,9,9
1397,114,97,17,17
1398,84,83,1,1
1399,68,73,-5,5
1400,170,132,38,38
1401,121,120,1,1
1402,180,179,1,1
1403,81,90,-9,9
1404,131,119,12,12
1405,166,149,17,17
1406,83,83,0,0
1407,107,95,12,12
1408,95,91,4,4
1409,88,66,22,22
1410,149,137,12,12
1411,160,158,2,2
1412,112,111,1,1
1413,145,142,3,3
1414,38,38,0,0
1415,104,92,12,12
1416,125,120,5,5
1417,86,92,-6,6
1418,105,99,6,6
1419,44,48,-4,4
1420,116,101,15,15
1421,136,121,15,15
1422,149,133,16,16
1423,135,103,32,32
1424,51,45,6,6
1425,94,94,0,0
1426,88,94,-6,6
1427,128,123,5,5
1428,148,136,12,12
1429,103,127,-24,24
1430,59,57,2,2
1431,75,81,-6,6
1432,83,83,0,0
1433,73,75,-2,2
1434,75,87,-12,12
1435,74,78,-4,4
1436,85,89,-4,4
1437,74,76,-2,2
1438,99,93,6,6
1439,122,118,4,4
1440,130,131,-1,1
1441,61,71,-10,10
1442,48,53,-5,5
1443,111,113,-2,2
1444,58,53,5,5
1445,61,72,-11,11
1446,129,125,4,4
1447,55,56,-1,1
1448,159,143,16,16
1449,81,76,5,5
1450,44,53,-9,9
1451,64,66,-2,2
1452,105,100,5,5
1453,131,140,-9,9
1454,188,174,14,14
1455,107,98,9,9
1456,74,82,-8,8
1457,155,150,5,5
1458,93,86,7,7
1459,125,123,2,2
1460,113,112,1,1
1461,81,80,1,1
1462,73,68,5,5
1463,78,74,4,4
1464,124,116,8,8
1465,68,74,-6,6
1466,90,86,4,4
1467,108,96,12,12
1468,73,68,5,5
1469,92,90,2,2
1470,118,118,0,0
1471,70,72,-2,2
1472,98,102,-4,4
1473,70,59,11,11
1474,72,77,-5,5
1475,107,90,17,17
1476,112,106,6,6
1477,118,115,3,3
1478,86,77,9,9
1479,114,101,13,13
1480,121,111,10,10
1481,120,104,16,16
1482,275,244,31,31
1483,98,86,12,12
1484,95,106,-11,11
1485,80,72,8,8
1486,126,125,1,1
1487,98,96,2,2
1488,133,154,-21,21
1489,61,57,4,4
1490,129,114,15,15
1491,117,104,13,13
1492,54,80,-26,26
1493,54,58,-4,4
1494,48,44,4,4
1495,85,87,-2,2
1496,56,76,-20,20
1497,77,86,-9,9
1498,140,121,19,19
1499,69,72,-3,3
1500,88,75,13,13
1501,107,104,3,3
1502,81,77,4,4
1503,134,116,18,18
1504,80,80,0,0
1505,121,112,9,9
1506,111,101,10,10
1507,72,74,-2,2
1508,155,162,-7,7
1509,61,64,-3,3
1510,70,71,-1,1
1511,55,52,3,3
1512,74,74,0,0
1513,151,145,6,6
1514,38,44,-6,6
1515,164,188,-24,24
1516,66,76,-10,10
1517,58,63,-5,5
1518,66,61,5,5
1519,116,97,19,19
1520,71,86,-15,15
1521,99,95,4,4
1522,108,124,-16,16
1523,77,72,5,5
1524,56,63,-7,7
1525,126,106,20,20
1526,117,117,0,0
1527,71,63,8,8
1528,80,69,11,11
1529,69,73,-4,4
1530,76,66,10,10
1531,137,130,7,7
1532,184,172,12,12
1533,131,109,22,22
1534,149,135,14,14
1535,95,101,-6,6
1536,122,117,5,5
1537,54,50,4,4
1538,88,88,0,0
1539,83,90,-7,7
1540,69,74,-5,5
1541,87,98,-11,11
1542,156,143,13,13
1543,118,121,-3,3
1544,55,62,-7,7
1545,83,75,8,8
1546,81,90,-9,9
1547,101,110,-9,9
1548,73,67,6,6
1549,105,101,4,4
1550,82,76,6,6
1551,65,66,-1,1
1552,78,77,1,1
1553,115,107,8,8
1554,133,108,25,25
1555,58,64,-6,6
1556,108,116,-8,8
1557,128,119,9,9
1558,136,118,18,18
1559,37,39,-2,2
1560,95,95,0,0
1561,121,117,4,4
1562,87,80,7,7
1563,100,115,-15,15
1564,89,82,7,7
1565,126,134,-8,8
1566,109,117,-8,8
1567,103,89,14,14
1568,150,140,10,10
1569,94,118,-24,24
1570,148,156,-8,8
1571,60,58,2,2
1572,70,70,0,0
1573,131,131,0,0
1574,70,66,4,4
1575,95,96,-1,1
1576,66,81,-15,15
1577,86,78,8,8
1578,91,87,4,4
1579,75,83,-8,8
1580,46,54,-8,8
1581,100,98,2,2
1582,98,89,9,9
1583,92,85,7,7
1584,112,101,11,11
1585,167,160,7,7
1586,90,99,-9,9
1587,109,101,8,8
1588,93,104,-11,11
1589,61,65,-4,4
1590,123,118,5,5
1591,93,97,-4,4
1592,74,71,3,3
1593,36,38,-2,2
1594,89,80,9,9
1595,144,147,-3,3
1596,80,76,4,4
1597,114,102,12,12
1598,106,91,15,15
1599,57,57,0,0
1600,70,83,-13,13
1601,112,110,2,2
1602,92,85,7,7
1603,106,93,13,13
1604,122,129,-7,7
1605,128,117,11,11
1606,109,106,3,3
1607,75,77,-2,2
1608,120,117,3,3
1609,60,51,9,9
1610,137,125,12,12
1611,78,75,3,3
1612,93,98,-5,5
1613,91,86,5,5
1614,84,81,3,3
1615,137,122,15,15
1616,43,38,5,5
1617,74,63,11,11
1618,77,73,4,4
1619,114,112,2,2
1620,104,86,18,18
1621,101,105,-4,4
1622,43,49,-6,6
1623,106,100,6,6
1624,90,88,2,2
1625,114,113,1,1
1626,82,66,16,16
1627,62,71,-9,9
1628,112,104,8,8
1629,46,47,-1,1
1630,104,108,-4,4
1631,106,101,5,5
1632,62,61,1,1
1633,123,119,4,4
1634,95,93,2,2
1635,64,73,-9,9
1636,76,81,-5,5
1637,104,105,-1,1
1638,126,117,9,9
1639,144,122,22,22
1640,119,117,2,2
1641,74,67,7,7
1642,51,53,-2,2
1643,91,92,-1,1
1644,86,93,-7,7
1645,95,84,11,11
1646,72,73,-1,1
1647,162,159,3,3
1648,87,83,4,4
1649,91,89,2,2
1650,122,128,-6,6
1651,70,68,2,2
1652,106,104,2,2
1653,89,95,-6,6
1654,59,55,4,4
1655,44,43,1,1
1656,74,62,12,12
1657,77,85,-8,8
1658,135,120,15,15
1659,107,108,-1,1
1660,64,60,4,4
1661,52,68,-16,16
1662,61,65,-4,4
1663,74,73,1,1
1664,87,106,-19,19
1665,106,94,12,12
1666,64,65,-1,1
1667,70,69,1,1
1668,77,65,12,12
1669,62,58,4,4
1670,67,67,0,0
1671,109,102,7,7
1672,118,111,7,7
1673,74,79,-5,5
1674,100,96,4,4
1675,83,98,-15,15
1676,83,70,13,13
1677,121,109,12,12
1678,79,80,-1,1
1679,46,47,-1,1
1680,92,77,15,15
1681,102,95,7,7
1682,103,93,10,10
1683,64,57,7,7
1684,101,92,9,9
1685,105,95,10,10
1686,55,56,-1,1
1687,66,65,1,1
1688,60,59,1,1
1689,62,74,-12,12
1690,150,151,-1,1
1691,84,98,-14,14
1692,98,104,-6,6
1693,59,65,-6,6
1694,57,58,-1,1
1695,88,118,-30,30
1696,146,143,3,3
1697,58,65,-7,7
1698,73,70,3,3
1699,192,188,4,4
1700,58,52,6,6
1701,97,102,-5,5
1702,84,79,5,5
1703,149,127,22,22
1704,162,141,21,21
1705,53,64,-11,11
1706,48,52,-4,4
1707,103,118,-15,15
1708,64,56,8,8
1709,85,69,16,16
1710,64,63,1,1
1711,73,69,4,4
1712,72,69,3,3
1713,136,123,13,13
1714,103,105,-2,2
1715,161,145,16,16
1716,89,83,6,6
1717,102,95,7,7
1718,66,113,-47,47
1719,87,83,4,4
1720,101,93,8,8
1721,90,93,-3,3
1722,108,109,-1,1
1723,59,63,-4,4
1724,118,111,7,7
1725,56,54,2,2
1726,195,187,8,8
1727,70,67,3,3
1728,90,99,-9,9
1729,108,107,1,1
1730,118,136,-18,18
1731,74,74,0,0
1732,115,109,6,6
1733,31,36,-5,5
1734,121,107,14,14
1735,43,53,-10,10
1736,78,71,7,7
1737,63,70,-7,7
1738,57,51,6,6
1739,53,56,-3,3
1740,63,61,2,2
1741,88,87,1,1
1742,80,87,-7,7
1743,133,141,-8,8
1744,90,79,11,11
1745,130,132,-2,2
1746,70,69,1,1
1747,169,167,2,2
1748,45,55,-10,10
1749,171,166,5,5
1750,84,80,4,4
1751,95,95,0,0
1752,73,81,-8,8
1753,59,60,-1,1
1754,82,93,-11,11
1755,101,89,12,12
1756,77,81,-4,4
1757,57,64,-7,7
1758,97,86,11,11
1759,69,70,-1,1
1760,82,81,1,1
1761,60,71,-11,11
1762,70,65,5,5
1763,79,80,-1,1
1764,127,128,-1,1
1765,92,99,-7,7
1766,119,124,-5,5
1767,59,60,-1,1
1768,66,67,-1,1
1769,44,53,-9,9
1770,46,49,-3,3
1771,129,114,15,15
1772,93,82,11,11
1773,98,118,-20,20
1774,89,80,9,9
1775,74,73,1,1
1776,96,95,1,1
1777,103,86,17,17
1778,84,89,-5,5
1779,75,69,6,6
1780,167,147,20,20
1781,85,88,-3,3
1782,108,110,-2,2
1783,59,63,-4,4
1784,101,99,2,2
1785,76,82,-6,6
1786,118,112,6,6
1787,67,69,-2,2
1788,53,65,-12,12
1789,108,107,1,1
1790,103,104,-1,1
1791,130,141,-11,11
1792,83,74,9,9
1793,52,59,-7,7
1794,79,77,2,2
1795,80,83,-3,3
1796,88,67,21,21
1797,55,56,-1,1
1798,53,54,-1,1
1799,116,106,10,10
1800,103,97,6,6
1801,73,79,-6,6
1802,72,73,-1,1
1803,155,129,26,26
1804,205,212,-7,7
1805,55,52,3,3
1806,119,113,6,6
1807,93,90,3,3
1808,81,80,1,1
1809,93,88,5,5
1810,121,120,1,1
1811,62,56,6,6
1812,61,56,5,5
1813,113,116,-3,3
1814,79,70,9,9
1815,130,134,-4,4
1816,68,80,-12,12
1817,81,83,-2,2
1818,114,96,18,18
1819,101,83,18,18
1820,63,61,2,2
1821,87,99,-12,12
1822,117,115,2,2
1823,114,109,5,5
1824,109,103,6,6
1825,96,93,3,3
1826,54,55,-1,1
1827,132,125,7,7
1828,85,89,-4,4
1829,70,65,5,5
1830,60,54,6,6
1831,68,69,-1,1
1832,48,45,3,3
1833,75,77,-2,2
1834,126,125,1,1
1835,106,98,8,8
1836,60,59,1,1
1837,70,67,3,3
1838,52,46,6,6
1839,86,78,8,8
1840,74,68,6,6
1841,118,108,10,10
1842,43,44,-1,1
1843,207,202,5,5
1844,97,96,1,1
1845,78,82,-4,4
1846,100,101,-1,1
1847,108,101,7,7
1848,73,74,-1,1
1849,151,136,15,15
1850,45,53,-8,8
1851,81,73,8,8
1852,68,68,0,0
1853,140,142,-2,2
1854,121,112,9,9
1855,88,104,-16,16
1856,42,42,0,0
1857,76,71,5,5
1858,89,84,5,5
1859,61,61,0,0
1860,98,88,10,10
1861,78,88,-10,10
1862,54,56,-2,2
1863,128,143,-15,15
1864,160,150,10,10
1865,65,65,0,0
1866,109,107,2,2
1867,149,154,-5,5
1868,112,100,12,12
1869,78,71,7,7
1870,61,53,8,8
1871,82,85,-3,3
1872,54,57,-3,3
1873,45,48,-3,3
1874,102,96,6,6
1875,92,82,10,10
1876,121,117,4,4
1877,119,113,6,6
1878,84,83,1,1
1879,99,92,7,7
1880,116,116,0,0
1881,119,110,9,9
1882,157,153,4,4
1883,119,105,14,14
1884,92,83,9,9
1885,60,65,-5,5
1886,101,104,-3,3
1887,90,96,-6,6
1888,132,124,8,8
1889,156,128,28,28
1890,101,97,4,4
1891,88,80,8,8
1892,141,107,34,34
1893,56,60,-4,4
1894,85,75,10,10
1895,182,165,17,17
1896,127,111,16,16
1897,76,73,3,3
1898,83,80,3,3
1899,59,59,0,0
1900,33,34,-1,1
1901,38,44,-6,6
1902,90,77,13,13
1903,87,101,-14,14
1904,81,86,-5,5
1905,123,128,-5,5
1906,111,110,1,1
1907,207,230,-23,23
1908,140,137,3,3
1909,90,84,6,6
1910,67,71,-4,4
1911,102,129,-27,27
1912,65,67,-2,2
1913,81,83,-2,2
1914,75,72,3,3
1915,93,95,-2,2
1916,87,105,-18,18
1917,183,160,23,23
1918,95,93,2,2
1919,200,204,-4,4
1920,95,89,6,6
1921,199,185,14,14
1922,87,200,-113,113
1923,56,55,1,1
1924,55,64,-9,9
1925,90,93,-3,3
1926,64,73,-9,9
1927,57,54,3,3
1928,179,195,-16,16
1929,78,69,9,9
1930,54,57,-3,3
1931,112,105,7,7
1932,69,85,-16,16
1933,73,77,-4,4
1934,64,68,-4,4
1935,65,68,-3,3
1936,63,68,-5,5
1937,159,147,12,12
1938,71,70,1,1
1939,90,83,7,7
1940,116,106,10,10
1941,110,115,-5,5
1942,80,82,-2,2
1943,116,123,-7,7
1944,101,110,-9,9
1945,145,140,5,5
1946,144,140,4,4
1947,163,126,37,37
1948,115,122,-7,7
1949,115,108,7,7
1950,102,97,5,5
1951,105,97,8,8
1952,61,59,2,2
1953,74,72,2,2
1954,88,81,7,7
1955,86,66,20,20
1956,98,96,2,2
1957,113,110,3,3
1958,82,68,14,14
1959,124,103,21,21
1960,76,70,6,6
1961,137,141,-4,4
1962,88,97,-9,9
1963,130,117,13,13
1964,75,74,1,1
1965,97,88,9,9
1966,114,121,-7,7
1967,92,85,7,7
1968,106,100,6,6
1969,89,92,-3,3
1970,72,88,-16,16
1971,92,89,3,3
1972,66,64,2,2
1973,26,41,-15,15
1974,106,106,0,0
1975,82,83,-1,1
1976,112,110,2,2
1977,94,90,4,4
1978,106,100,6,6
1979,114,106,8,8
1980,85,105,-20,20
1981,144,167,-23,23
1982,137,126,11,11
1983,56,66,-10,10
1984,62,45,17,17
1985,65,73,-8,8
1986,71,74,-3,3
1987,78,84,-6,6
1988,66,59,7,7
1989,106,97,9,9
1990,74,105,-31,31
1991,46,113,-67,67
1992,140,127,13,13
1993,129,120,9,9
1994,83,86,-3,3
1995,81,84,-3,3
1996,49,45,4,4
1997,124,116,8,8
1998,42,45,-3,3
1999,89,82,7,7
2000,101,87,14,14
2001,184,204,-20,20
2002,113,103,10,10
2003,212,197,15,15
2004,120,108,12,12
2005,95,91,4,4
2006,120,119,1,1
2007,97,96,1,1
2008,72,80,-8,8
2009,80,72,8,8
2010,87,95,-8,8
2011,100,93,7,7
2012,185,184,1,1
2013,90,89,1,1
2014,77,76,1,1
2015,67,70,-3,3
2016,63,63,0,0
2017,74,86,-12,12
2018,104,87,17,17
2019,129,124,5,5
2020,73,72,1,1
2021,128,114,14,14
2022,64,69,-5,5
2023,88,84,4,4
2024,47,54,-7,7
2025,68,68,0,0
2026,75,67,8,8
2027,75,74,1,1
2028,80,82,-2,2
2029,61,63,-2,2
2030,74,70,4,4
2031,79,81,-2,2
2032,62,69,-7,7
2033,121,123,-2,2
2034,77,76,1,1
2035,104,90,14,14
2036,116,109,7,7
2037,61,72,-11,11
2038,86,80,6,6
2039,83,88,-5,5
2040,119,119,0,0
2041,109,113,-4,4
2042,83,94,-11,11
2043,66,79,-13,13
2044,112,114,-2,2
2045,110,107,3,3
2046,115,122,-7,7
2047,97,94,3,3
2048,115,112,3,3
2049,78,76,2,2
2050,58,52,6,6
2051,98,105,-7,7
2052,104,99,5,5
2053,109,99,10,10
2054,143,134,9,9
2055,98,94,4,4
2056,56,64,-8,8
2057,61,67,-6,6
2058,86,84,2,2
2059,73,67,6,6
2060,101,94,7,7
2061,165,150,15,15
2062,64,56,8,8
2063,62,69,-7,7
2064,68,65,3,3
2065,101,98,3,3
2066,72,77,-5,5
2067,56,55,1,1
2068,109,109,0,0
2069,63,58,5,5
2070,48,56,-8,8
2071,134,130,4,4
2072,91,96,-5,5
2073,80,85,-5,5
2074,112,104,8,8
2075,49,51,-2,2
2076,91,84,7,7
2077,75,79,-4,4
2078,86,77,9,9
2079,142,136,6,6
2080,79,71,8,8
2081,122,121,1,1
2082,139,130,9,9
2083,79,78,1,1
2084,184,168,16,16
2085,134,161,-27,27
2086,99,88,11,11
2087,59,70,-11,11
2088,77,81,-4,4
2089,84,79,5,5
2090,116,121,-5,5
2091,41,40,1,1
2092,70,65,5,5
2093,39,47,-8,8
2094,82,77,5,5
2095,58,57,1,1
2096,166,147,19,19
2097,71,85,-14,14
2098,119,110,9,9
2099,92,96,-4,4
2100,116,115,1,1
2101,121,113,8,8
2102,106,102,4,4
2103,82,76,6,6
2104,137,130,7,7
2105,113,112,1,1
2106,84,85,-1,1
2107,136,122,14,14
2108,57,68,-11,11
2109,142,134,8,8
2110,55,51,4,4
2111,82,80,2,2
2112,208,205,3,3
2113,101,85,16,16
2114,156,153,3,3
2115,175,172,3,3
2116,137,127,10,10
2117,105,123,-18,18
2118,84,96,-12,12
2119,78,88,-10,10
2120,115,100,15,15
2121,74,78,-4,4
2122,67,67,0,0
2123,46,54,-8,8
2124,123,129,-6,6
2125,68,67,1,1
2126,110,113,-3,3
2127,95,91,4,4
2128,77,84,-7,7
2129,86,95,-9,9
2130,62,61,1,1
2131,91,76,15,15
2132,76,70,6,6
2133,92,82,10,10
2134,98,88,10,10
2135,108,103,5,5
2136,142,136,6,6
2137,111,83,28,28
2138,96,96,0,0
2139,86,83,3,3
2140,138,125,13,13
2141,89,96,-7,7
2142,149,116,33,33
2143,82,84,-2,2
2144,135,133,2,2
2145,94,89,5,5
2146,79,76,3,3
2147,84,82,2,2
2148,44,91,-47,47
2149,46,64,-18,18
2150,96,89,7,7
2151,114,119,-5,5
2152,57,56,1,1
2153,79,70,9,9
2154,78,84,-6,6
2155,117,132,-15,15
2156,98,76,22,22
2157,57,55,2,2
2158,99,81,18,18
2159,97,89,8,8
2160,98,89,9,9
2161,70,56,14,14
2162,102,106,-4,4
2163,82,86,-4,4
2164,81,79,2,2
2165,69,61,8,8
2166,66,61,5,5
2167,97,82,15,15
2168,86,89,-3,3
2169,58,53,5,5
2170,83,88,-5,5
2171,78,82,-4,4
2172,64,55,9,9
2173,127,98,29,29
2174,73,66,7,7
2175,70,81,-11,11
2176,93,94,-1,1
2177,116,115,1,1
2178,103,86,17,17
2179,44,50,-6,6
2180,84,93,-9,9
2181,116,96,20,20
2182,102,104,-2,2
2183,56,49,7,7
2184,117,113,4,4
2185,111,112,-1,1
2186,82,86,-4,4
2187,115,106,9,9
2188,96,108,-12,12
2189,137,113,24,24
2190,111,96,15,15
2191,63,64,-1,1
2192,65,62,3,3
2193,57,54,3,3
2194,82,73,9,9
2195,64,80,-16,16
2196,100,100,0,0
2197,68,59,9,9
2198,57,60,-3,3
2199,76,71,5,5
2200,138,121,17,17
2201,61,72,-11,11
2202,80,94,-14,14
2203,98,97,1,1
2204,137,124,13,13
2205,101,93,8,8
2206,122,122,0,0
2207,75,79,-4,4
2208,118,104,14,14
2209,87,88,-1,1
2210,116,97,19,19
2211,97,93,4,4
2212,147,153,-6,6
2213,74,69,5,5
2214,55,63,-8,8
2215,110,94,16,16
2216,93,92,1,1
2217,64,76,-12,12
2218,105,111,-6,6
2219,70,96,-26,26
2220,92,82,10,10
2221,63,69,-6,6
2222,93,87,6,6
2223,60,50,10,10
2224,82,82,0,0
2225,108,103,5,5
2226,118,112,6,6
2227,167,169,-2,2
2228,112,102,10,10
2229,85,78,7,7
2230,77,90,-13,13
2231,105,115,-10,10
2232,144,139,5,5
2233,159,154,5,5
2234,68,67,1,1
2235,42,44,-2,2
2236,111,123,-12,12
2237,67,82,-15,15
2238,135,123,12,12
2239,45,50,-5,5
2240,79,76,3,3
2241,117,121,-4,4
2242,94,98,-4,4
2243,44,80,-36,36
2244,94,99,-5,5
2245,140,128,12,12
2246,98,92,6,6
2247,66,70,-4,4
2248,63,73,-10,10
2249,65,89,-24,24
2250,104,104,0,0
2251,92,94,-2,2
2252,86,87,-1,1
2253,81,82,-1,1
2254,77,75,2,2
2255,78,82,-4,4
2256,48,50,-2,2
2257,39,34,5,5
2258,47,38,9,9
2259,94,97,-3,3
2260,161,150,11,11
2261,72,60,12,12
2262,35,40,-5,5
2263,89,90,-1,1
2264,69,93,-24,24
2265,102,105,-3,3
2266,79,92,-13,13
2267,107,93,14,14
2268,111,122,-11,11
2269,95,93,2,2
2270,102,99,3,3
2271,89,93,-4,4
2272,65,62,3,3
2273,108,105,3,3
2274,57,67,-10,10
2275,103,104,-1,1
2276,151,112,39,39
2277,184,162,22,22
2278,78,73,5,5
2279,185,142,43,43
2280,63,73,-10,10
2281,131,123,8,8
2282,155,141,14,14
2283,87,81,6,6
2284,136,126,10,10
2285,104,103,1,1
2286,54,59,-5,5
2287,107,102,5,5
2288,64,59,5,5
2289,68,68,0,0
2290,90,92,-2,2
2291,65,71,-6,6
2292,86,91,-5,5
2293,78,75,3,3
2294,72,69,3,3
2295,50,60,-10,10
2296,107,103,4,4
2297,101,254,-153,153
2298,104,98,6,6
2299,47,45,2,2
2300,87,79,8,8
2301,102,107,-5,5
2302,103,92,11,11
2303,62,57,5,5
2304,57,61,-4,4
2305,68,71,-3,3
2306,109,107,2,2
2307,80,91,-11,11
2308,76,88,-12,12
2309,97,101,-4,4
2310,83,79,4,4
2311,116,109,7,7
2312,72,64,8,8
2313,49,59,-10,10
2314,108,103,5,5
2315,106,84,22,22
2316,135,127,8,8
2317,115,112,3,3
2318,111,95,16,16
2319,95,84,11,11
2320,56,64,-8,8
2321,154,134,20,20
2322,106,97,9,9
2323,71,73,-2,2
2324,92,90,2,2
2325,96,84,12,12
2326,75,89,-14,14
2327,127,110,17,17
2328,66,73,-7,7
2329,78,73,5,5
2330,148,148,0,0
2331,95,85,10,10
2332,145,124,21,21
2333,80,80,0,0
2334,48,45,3,3
2335,73,83,-10,10
2336,128,139,-11,11
2337,38,43,-5,5
2338,180,178,2,2
2339,63,62,1,1
2340,60,60,0,0
2341,149,137,12,12
2342,97,99,-2,2
2343,57,59,-2,2
2344,158,135,23,23
2345,85,84,1,1
2346,83,80,3,3
2347,145,135,10,10
2348,76,80,-4,4
2349,107,97,10,10
2350,177,169,8,8
2351,106,95,11,11
2352,73,68,5,5
2353,43,50,-7,7
2354,141,124,17,17
2355,100,102,-2,2
2356,81,89,-8,8
2357,267,216,51,51
2358,69,68,1,1
2359,114,110,4,4
2360,110,109,1,1
2361,107,108,-1,1
2362,95,83,12,12
2363,92,90,2,2
2364,166,149,17,17
2365,83,85,-2,2
2366,140,124,16,16
2367,102,91,11,11
2368,82,89,-7,7
2369,88,93,-5,5
2370,129,108,21,21
2371,171,166,5,5
2372,53,53,0,0
2373,139,119,20,20
2374,131,120,11,11
2375,137,117,20,20
2376,65,63,2,2
2377,83,85,-2,2
2378,191,179,12,12
2379,65,61,4,4
2380,197,191,6,6
2381,101,97,4,4
2382,147,141,6,6
2383,159,159,0,0
2384,46,52,-6,6
2385,151,144,7,7
2386,104,92,12,12
2387,132,126,6,6
2388,67,68,-1,1
2389,80,78,2,2
2390,198,200,-2,2
2391,116,130,-14,14
2392,72,104,-32,32
2393,152,136,16,16
2394,63,69,-6,6
2395,61,61,0,0
2396,112,107,5,5
2397,96,82,14,14
2398,90,88,2,2
2399,118,114,4,4
2400,102,100,2,2
2401,65,69,-4,4
2402,93,96,-3,3
2403,64,59,5,5
2404,88,101,-13,13
2405,116,109,7,7
2406,94,98,-4,4
2407,96,106,-10,10
2408,83,95,-12,12
2409,125,121,4,4
2410,71,68,3,3
2411,147,129,18,18
2412,117,118,-1,1
2413,125,108,17,17
2414,65,57,8,8
2415,69,71,-2,2
2416,72,70,2,2
2417,80,95,-15,15
2418,73,66,7,7
2419,62,65,-3,3
2420,126,125,1,1
2421,56,58,-2,2
2422,90,90,0,0
2423,95,100,-5,5
2424,67,68,-1,1
2425,37,46,-9,9
2426,128,122,6,6
2427,63,53,10,10
2428,32,49,-17,17
2429,63,60,3,3
2430,42,56,-14,14
2431,90,86,4,4
2432,58,58,0,0
2433,159,142,17,17
2434,114,122,-8,8
2435,76,75,1,1
2436,71,70,1,1
2437,91,82,9,9
2438,144,139,5,5
2439,71,69,2,2
2440,70,76,-6,6
2441,109,108,1,1
2442,86,80,6,6
2443,114,114,0,0
2444,66,57,9,9
2445,92,85,7,7
2446,71,65,6,6
2447,92,86,6,6
2448,137,148,-11,11
2449,73,85,-12,12
2450,73,64,9,9
2451,101,84,17,17
2452,119,108,11,11
2453,97,96,1,1
2454,110,98,12,12
2455,69,63,6,6
2456,81,78,3,3
2457,67,70,-3,3
2458,139,129,10,10
2459,88,81,7,7
2460,114,101,13,13
2461,64,59,5,5
2462,86,94,-8,8
2463,122,114,8,8
2464,122,115,7,7
2465,94,88,6,6
2466,128,137,-9,9
2467,83,77,6,6
2468,92,85,7,7
2469,175,164,11,11
2470,141,140,1,1
2471,72,72,0,0
2472,135,146,-11,11
2473,84,78,6,6
2474,123,104,19,19
2475,113,116,-3,3
2476,135,127,8,8
2477,83,84,-1,1
2478,58,69,-11,11
2479,146,151,-5,5
2480,123,112,11,11
2481,50,46,4,4
2482,67,79,-12,12
2483,80,83,-3,3
2484,136,129,7,7
2485,165,155,10,10
2486,84,75,9,9
2487,107,100,7,7
2488,151,145,6,6
2489,111,113,-2,2
2490,51,54,-3,3
2491,78,77,1,1
2492,145,119,26,26
2493,54,58,-4,4
2494,86,80,6,6
2495,93,90,3,3
2496,117,114,3,3
2497,52,51,1,1
2498,84,93,-9,9
2499,196,213,-17,17
2500,70,61,9,9
2501,166,153,13,13
2502,103,96,7,7
2503,67,67,0,0
2504,54,47,7,7
2505,91,89,2,2
2506,124,121,3,3
2507,80,72,8,8
2508,111,101,10,10
2509,108,93,15,15
2510,134,121,13,13
2511,98,94,4,4
2512,64,91,-27,27
2513,73,77,-4,4
2514,94,94,0,0
2515,61,65,-4,4
2516,90,89,1,1
2517,102,99,3,3
2518,150,141,9,9
2519,97,96,1,1
2520,76,74,2,2
2521,58,59,-1,1
2522,90,69,21,21
2523,70,69,1,1
2524,65,69,-4,4
2525,78,74,4,4
2526,53,63,-10,10
2527,83,78,5,5
2528,103,78,25,25
2529,74,61,13,13
2530,173,171,2,2
2531,63,71,-8,8
2532,104,96,8,8
2533,96,89,7,7
2534,110,117,-7,7
2535,83,80,3,3
2536,89,85,4,4
2537,95,99,-4,4
2538,74,77,-3,3
2539,55,44,11,11
2540,117,114,3,3
2541,32,33,-1,1
2542,64,73,-9,9
2543,103,86,17,17
2544,121,112,9,9
2545,129,109,20,20
2546,90,97,-7,7
2547,119,130,-11,11
2548,105,88,17,17
2549,78,79,-1,1
2550,159,125,34,34
2551,73,74,-1,1
2552,128,121,7,7
2553,149,149,0,0
2554,129,114,15,15
2555,87,95,-8,8
2556,69,80,-11,11
2557,120,107,13,13
2558,57,57,0,0
2559,107,115,-8,8
2560,56,60,-4,4
2561,128,80,48,48
2562,153,125,28,28
2563,114,123,-9,9
2564,96,94,2,2
2565,111,103,8,8
2566,130,125,5,5
2567,88,88,0,0
2568,75,74,1,1
2569,85,97,-12,12
2570,105,90,15,15
2571,48,46,2,2
2572,98,95,3,3
2573,62,64,-2,2
2574,142,133,9,9
2575,91,70,21,21
2576,85,85,0,0
2577,67,61,6,6
2578,116,105,11,11
2579,82,87,-5,5
2580,136,131,5,5
2581,145,130,15,15
2582,76,84,-8,8
2583,46,54,-8,8
2584,112,125,-13,13
2585,119,120,-1,1
2586,75,95,-20,20
2587,58,73,-15,15
2588,90,93,-3,3
2589,106,109,-3,3
2590,117,116,1,1
2591,97,92,5,5
2592,142,136,6,6
2593,156,146,10,10
2594,136,88,48,48
2595,73,82,-9,9
2596,98,81,17,17
2597,79,84,-5,5
2598,130,127,3,3
2599,114,113,1,1
2600,122,119,3,3
2601,87,75,12,12
2602,136,125,11,11
2603,157,143,14,14
2604,53,59,-6,6
2605,106,102,4,4
2606,62,65,-3,3
2607,87,90,-3,3
2608,75,69,6,6
2609,71,73,-2,2
2610,87,88,-1,1
2611,81,80,1,1
2612,110,105,5,5
2613,119,115,4,4
2614,103,90,13,13
2615,65,63,2,2
2616,137,114,23,23
2617,66,76,-10,10
2618,78,70,8,8
2619,93,93,0,0
2620,117,107,10,10
2621,95,94,1,1
2622,88,79,9,9
2623,102,85,17,17
2624,49,51,-2,2
2625,82,75,7,7
2626,70,74,-4,4
2627,78,90,-12,12
2628,75,76,-1,1
2629,80,69,11,11
2630,133,113,20,20
2631,82,76,6,6
2632,147,109,38,38
2633,174,154,20,20
2634,65,60,5,5
2635,95,87,8,8
2636,105,89,16,16
2637,72,80,-8,8
2638,78,76,2,2
2639,137,130,7,7
2640,153,147,6,6
2641,131,159,-28,28
2642,53,53,0,0
2643,88,73,15,15
2644,74,76,-2,2
2645,62,61,1,1
2646,97,103,-6,6
2647,121,112,9,9
2648,106,107,-1,1
2649,76,100,-24,24
2650,103,100,3,3
2651,87,95,-8,8
2652,67,64,3,3
2653,68,92,-24,24
2654,123,115,8,8
2655,68,67,1,1
2656,115,115,0,0
2657,116,104,12,12
2658,95,88,7,7
2659,57,70,-13,13
2660,106,100,6,6
2661,85,80,5,5
2662,106,94,12,12
2663,87,83,4,4
2664,86,82,4,4
2665,84,84,0,0
2666,60,53,7,7
2667,99,100,-1,1
2668,84,122,-38,38
2669,60,60,0,0
2670,134,118,16,16
2671,130,133,-3,3
2672,78,71,7,7
2673,62,66,-4,4
2674,90,67,23,23
2675,105,102,3,3
2676,104,102,2,2
2677,102,109,-7,7
2678,125,132,-7,7
2679,74,66,8,8
2680,100,94,6,6
2681,103,105,-2,2
2682,77,72,5,5
2683,86,83,3,3
2684,97,102,-5,5
2685,81,79,2,2
2686,88,90,-2,2
2687,52,64,-12,12
2688,59,69,-10,10
2689,89,80,9,9
2690,51,66,-15,15
2691,45,50,-5,5
2692,103,115,-12,12
2693,70,75,-5,5
2694,148,135,13,13
2695,91,93,-2,2
2696,45,46,-1,1
2697,146,135,11,11
2698,119,113,6,6
2699,107,112,-5,5
2700,170,153,17,17
2701,62,57,5,5
2702,130,107,23,23
2703,40,54,-14,14
2704,91,90,1,1
2705,61,60,1,1
2706,72,66,6,6
2707,113,107,6,6
2708,120,107,13,13
2709,52,47,5,5
2710,43,48,-5,5
2711,63,57,6,6
2712,106,92,14,14
2713,109,105,4,4
2714,136,122,14,14
2715,100,100,0,0
2716,58,63,-5,5
2717,64,63,1,1
2718,135,133,2,2
2719,125,121,4,4
2720,91,103,-12,12
2721,81,93,-12,12
2722,53,56,-3,3
2723,120,113,7,7
2724,96,90,6,6
2725,42,38,4,4
2726,122,119,3,3
2727,67,62,5,5
2728,97,86,11,11
2729,65,66,-1,1
2730,86,93,-7,7
2731,72,67,5,5
2732,62,65,-3,3
2733,72,76,-4,4
2734,83,75,8,8
2735,129,132,-3,3
2736,109,103,6,6
2737,72,86,-14,14
2738,78,79,-1,1
2739,175,183,-8,8
2740,125,119,6,6
2741,65,58,7,7
2742,122,114,8,8
2743,79,78,1,1
2744,35,45,-10,10
2745,86,87,-1,1
2746,120,104,16,16
2747,96,97,-1,1
2748,152,149,3,3
2749,114,116,-2,2
2750,94,95,-1,1
2751,67,59,8,8
2752,94,92,2,2
2753,145,125,20,20
2754,52,59,-7,7
2755,108,107,1,1
2756,86,92,-6,6
2757,91,89,2,2
2758,132,129,3,3
2759,160,161,-1,1
2760,94,92,2,2
2761,136,119,17,17
2762,46,43,3,3
2763,76,71,5,5
2764,66,65,1,1
2765,72,68,4,4
2766,102,102,0,0
2767,77,71,6,6
2768,56,58,-2,2
2769,139,146,-7,7
2770,217,210,7,7
2771,105,108,-3,3
2772,86,78,8,8
2773,172,147,25,25
2774,131,126,5,5
2775,141,124,17,17
2776,85,73,12,12
2777,68,60,8,8
2778,90,93,-3,3
2779,75,77,-2,2
2780,82,83,-1,1
2781,76,76,0,0
2782,92,96,-4,4
2783,76,74,2,2
2784,108,100,8,8
2785,99,100,-1,1
2786,65,64,1,1
2787,101,103,-2,2
2788,196,187,9,9
2789,80,82,-2,2
2790,130,123,7,7
2791,57,87,-30,30
2792,105,102,3,3
2793,83,83,0,0
2794,75,86,-11,11
2795,37,46,-9,9
2796,92,102,-10,10
2797,70,60,10,10
2798,35,37,-2,2
2799,120,102,18,18
2800,87,68,19,19
2801,56,53,3,3
2802,84,82,2,2
2803,185,176,9,9
2804,95,85,10,10
2805,76,73,3,3
2806,60,65,-5,5
2807,84,84,0,0
2808,67,61,6,6
2809,79,72,7,7
2810,106,99,7,7
2811,121,112,9,9
2812,81,86,-5,5
2813,93,97,-4,4
2814,150,129,21,21
2815,104,106,-2,2
2816,95,89,6,6
2817,120,112,8,8
2818,140,144,-4,4
2819,106,113,-7,7
2820,92,78,14,14
2821,75,83,-8,8
2822,69,74,-5,5
2823,78,67,11,11
2824,57,61,-4,4
2825,71,72,-1,1
2826,110,107,3,3
2827,90,86,4,4
2828,58,54,4,4
2829,52,55,-3,3
2830,108,106,2,2
2831,53,67,-14,14
2832,102,98,4,4
2833,89,92,-3,3
2834,158,126,32,32
2835,81,66,15,15
2836,93,100,-7,7
2837,127,116,11,11
2838,117,112,5,5
2839,105,99,6,6
2840,133,126,7,7
2841,106,95,11,11
2842,149,138,11,11
2843,117,111,6,6
2844,92,93,-1,1
2845,74,63,11,11
2846,156,151,5,5
2847,90,95,-5,5
2848,116,111,5,5
2849,118,105,13,13
2850,109,109,0,0
2851,110,112,-2,2
2852,84,93,-9,9
2853,120,106,14,14
2854,145,151,-6,6
2855,64,65,-1,1
2856,95,109,-14,14
2857,54,57,-3,3
2858,109,98,11,11
2859,81,81,0,0
2860,74,74,0,0
2861,123,126,-3,3
2862,88,97,-9,9
2863,153,167,-14,14
2864,119,123,-4,4
2865,100,95,5,5
2866,91,87,4,4
2867,85,72,13,13
2868,72,67,5,5
2869,137,124,13,13
2870,120,137,-17,17
2871,58,57,1,1
2872,106,101,5,5
2873,100,88,12,12
2874,75,73,2,2
2875,71,72,-1,1
2876,90,77,13,13
2877,56,62,-6,6
2878,109,101,8,8
2879,97,101,-4,4
2880,95,85,10,10
2881,84,77,7,7
2882,64,68,-4,4
2883,79,76,3,3
2884,66,69,-3,3
2885,65,76,-11,11
2886,117,112,5,5
2887,143,148,-5,5
2888,65,62,3,3
2889,80,79,1,1
2890,111,114,-3,3
2891,116,116,0,0
2892,80,125,-45,45
2893,89,84,5,5
2894,181,161,20,20
2895,95,91,4,4
2896,81,79,2,2
2897,172,153,19,19
2898,137,108,29,29
2899,83,78,5,5
2900,98,97,1,1
2901,131,119,12,12
2902,75,71,4,4
2903,160,148,12,12
2904,115,100,15,15
2905,124,127,-3,3
2906,121,111,10,10
2907,113,104,9,9
2908,116,106,10,10
2909,62,68,-6,6
2910,94,83,11,11
2911,92,87,5,5
2912,144,132,12,12
2913,37,101,-64,64
2914,65,64,1,1
2915,159,168,-9,9
2916,76,70,6,6
2917,116,118,-2,2
2918,79,73,6,6
2919,89,91,-2,2
2920,79,74,5,5
2921,100,107,-7,7
2922,92,79,13,13
2923,90,83,7,7
2924,53,59,-6,6
2925,97,107,-10,10
2926,148,141,7,7
2927,104,105,-1,1
2928,57,45,12,12
2929,71,65,6,6
2930,116,124,-8,8
2931,191,198,-7,7
2932,122,114,8,8
2933,60,64,-4,4
2934,125,146,-21,21
2935,69,78,-9,9
2936,98,98,0,0
2937,131,115,16,16
2938,105,103,2,2
2939,103,99,4,4
2940,60,64,-4,4
2941,67,66,1,1
2942,118,111,7,7
2943,58,74,-16,16
2944,76,85,-9,9
2945,109,99,10,10
2946,72,73,-1,1
2947,87,84,3,3
2948,57,64,-7,7
2949,85,87,-2,2
2950,78,83,-5,5
2951,88,73,15,15
2952,75,70,5,5
2953,124,109,15,15
2954,84,86,-2,2
2955,112,103,9,9
2956,98,89,9,9
2957,152,141,11,11
2958,54,50,4,4
2959,121,119,2,2
2960,164,153,11,11
2961,58,64,-6,6
2962,164,140,24,24
2963,47,54,-7,7
2964,163,151,12,12
2965,104,98,6,6
2966,66,68,-2,2
2967,111,106,5,5
2968,60,70,-10,10
2969,45,43,2,2
2970,98,98,0,0
2971,129,117,12,12
2972,94,87,7,7
2973,100,96,4,4
2974,88,86,2,2
2975,79,85,-6,6
2976,73,74,-1,1
2977,125,107,18,18
2978,91,87,4,4
2979,102,102,0,0
2980,137,127,10,10
2981,186,180,6,6
2982,67,73,-6,6
2983,59,55,4,4
2984,36,36,0,0
2985,128,124,4,4
2986,80,83,-3,3
2987,102,118,-16,16
2988,137,113,24,24
2989,58,40,18,18
2990,94,103,-9,9
2991,90,83,7,7
2992,110,97,13,13
2993,101,108,-7,7
2994,78,64,14,14
2995,121,103,18,18
2996,87,71,16,16
2997,81,55,26,26
2998,70,71,-1,1
2999,142,136,6,6
3000,93,96,-3,3
3001,98,83,15,15
3002,125,129,-4,4
3003,65,57,8,8
3004,126,127,-1,1
3005,77,70,7,7
3006,79,66,13,13
3007,85,93,-8,8
3008,65,57,8,8
3009,74,83,-9,9
3010,124,115,9,9
3011,112,106,6,6
3012,99,107,-8,8
3013,73,70,3,3
3014,97,103,-6,6
3015,73,72,1,1
3016,58,48,10,10
3017,172,166,6,6
3018,91,92,-1,1
3019,67,72,-5,5
3020,100,98,2,2
3021,110,108,2,2
3022,58,62,-4,4
3023,96,97,-1,1
3024,69,82,-13,13
3025,91,89,2,2
3026,64,67,-3,3
3027,71,73,-2,2
3028,49,67,-18,18
3029,88,93,-5,5
3030,147,125,22,22
3031,71,64,7,7
3032,117,105,12,12
3033,89,90,-1,1
3034,95,85,10,10
3035,78,81,-3,3
3036,82,92,-10,10
3037,72,73,-1,1
3038,137,121,16,16
3039,122,130,-8,8
3040,115,106,9,9
3041,120,112,8,8
3042,119,113,6,6
3043,84,85,-1,1
3044,88,80,8,8
3045,60,64,-4,4
3046,115,112,3,3
3047,81,78,3,3
3048,136,145,-9,9
3049,85,92,-7,7
3050,100,101,-1,1
3051,118,118,0,0
3052,109,100,9,9
3053,61,75,-14,14
3054,105,101,4,4
3055,206,184,22,22
3056,112,108,4,4
3057,83,85,-2,2
3058,181,175,6,6
3059,151,139,12,12
3060,104,102,2,2
3061,83,96,-13,13
3062,109,101,8,8
3063,62,61,1,1
3064,76,80,-4,4
3065,86,89,-3,3
3066,127,115,12,12
3067,83,77,6,6
3068,122,105,17,17
3069,103,103,0,0
3070,107,104,3,3
3071,94,86,8,8
3072,103,92,11,11
3073,72,63,9,9
3074,66,75,-9,9
3075,70,82,-12,12
3076,54,45,9,9
3077,57,67,-10,10
3078,165,167,-2,2
3079,125,115,10,10
3080,125,128,-3,3
3081,92,88,4,4
3082,53,48,5,5
3083,106,113,-7,7
3084,95,95,0,0
3085,94,79,15,15
3086,72,75,-3,3
3087,78,80,-2,2
3088,113,107,6,6
3089,106,92,14,14
3090,101,90,11,11
3091,102,108,-6,6
3092,95,89,6,6
3093,69,72,-3,3
3094,74,66,8,8
3095,104,87,17,17
3096,78,79,-1,1
3097,86,85,1,1
3098,41,46,-5,5
3099,86,82,4,4
3100,80,73,7,7
3101,182,164,18,18
3102,83,84,-1,1
3103,65,62,3,3
3104,81,73,8,8
3105,159,149,10,10
3106,103,99,4,4
3107,102,92,10,10
3108,60,53,7,7
3109,142,136,6,6
3110,62,57,5,5
3111,129,120,9,9
3112,79,83,-4,4
3113,87,90,-3,3
3114,127,114,13,13
3115,56,55,1,1
3116,94,107,-13,13
3117,90,83,7,7
3118,62,70,-8,8
3119,60,68,-8,8
3120,110,146,-36,36
3121,98,104,-6,6
3122,58,65,-7,7
3123,88,88,0,0
3124,35,34,1,1
3125,138,132,6,6
3126,73,80,-7,7
3127,99,82,17,17
3128,87,81,6,6
3129,69,79,-10,10
3130,102,91,11,11
3131,89,86,3,3
3132,106,95,11,11
3133,116,103,13,13
3134,69,70,-1,1
3135,75,76,-1,1
3136,91,86,5,5
3137,67,71,-4,4
3138,133,141,-8,8
3139,76,70,6,6
3140,103,93,10,10
3141,71,63,8,8
3142,135,127,8,8
3143,99,95,4,4
3144,104,94,10,10
3145,146,126,20,20
3146,57,50,7,7
3147,108,116,-8,8
3148,82,80,2,2
3149,106,93,13,13
3150,110,106,4,4
3151,98,95,3,3
3152,62,59,3,3
3153,102,103,-1,1
3154,130,125,5,5
3155,108,93,15,15
3156,61,66,-5,5
3157,73,84,-11,11
3158,54,58,-4,4
3159,63,54,9,9
3160,140,108,32,32
3161,47,114,-67,67
3162,68,75,-7,7
3163,134,119,15,15
3164,106,101,5,5
3165,72,77,-5,5
3166,107,105,2,2
3167,107,102,5,5
3168,53,51,2,2
3169,112,101,11,11
3170,124,111,13,13
3171,103,96,7,7
3172,76,78,-2,2
3173,103,101,2,2
3174,92,100,-8,8
3175,40,48,-8,8
3176,79,82,-3,3
3177,83,88,-5,5
3178,77,77,0,0
3179,75,77,-2,2
3180,63,52,11,11
3181,134,137,-3,3
3182,66,65,1,1
3183,173,170,3,3
3184,100,76,24,24
3185,119,102,17,17
3186,143,140,3,3
3187,61,68,-7,7
3188,59,65,-6,6
3189,91,100,-9,9
3190,61,59,2,2
3191,127,118,9,9
3192,164,159,5,5
3193,81,78,3,3
3194,136,125,11,11
3195,73,75,-2,2
3196,72,80,-8,8
3197,82,78,4,4
3198,79,80,-1,1
3199,70,69,1,1
3200,95,86,9,9
3201,63,61,2,2
3202,67,71,-4,4
3203,127,128,-1,1
3204,107,102,5,5
3205,58,60,-2,2
3206,91,92,-1,1
3207,60,59,1,1
3208,94,99,-5,5
3209,90,75,15,15
3210,49,56,-7,7
3211,94,116,-22,22
3212,68,54,14,14
3213,86,73,13,13
3214,107,93,14,14
3215,54,59,-5,5
3216,88,75,13,13
3217,69,73,-4,4
3218,85,82,3,3
3219,99,84,15,15
3220,116,123,-7,7
3221,113,109,4,4
3222,42,55,-13,13
3223,36,40,-4,4
3224,52,61,-9,9
3225,88,75,13,13
3226,62,63,-1,1
3227,87,78,9,9
3228,97,106,-9,9
3229,94,95,-1,1
3230,113,110,3,3
3231,168,165,3,3
3232,107,96,11,11
3233,130,120,10,10
3234,169,189,-20,20
3235,84,89,-5,5
3236,151,114,37,37
3237,75,67,8,8
3238,73,71,2,2
3239,64,68,-4,4
3240,144,146,-2,2
3241,86,86,0,0
3242,91,83,8,8
3243,76,73,3,3
3244,112,115,-3,3
3245,46,66,-20,20
3246,51,68,-17,17
3247,116,98,18,18
3248,106,119,-13,13
3249,63,68,-5,5
3250,115,101,14,14
3251,151,171,-20,20
3252,70,59,11,11
3253,153,153,0,0
3254,66,64,2,2
3255,95,98,-3,3
3256,71,73,-2,2
3257,75,93,-18,18
3258,83,75,8,8
3259,75,62,13,13
3260,111,93,18,18
3261,95,89,6,6
3262,133,118,15,15
3263,56,50,6,6
3264,42,49,-7,7
3265,61,63,-2,2
3266,72,87,-15,15
3267,60,61,-1,1
3268,95,92,3,3
3269,115,124,-9,9
3270,101,104,-3,3
3271,65,74,-9,9
3272,100,107,-7,7
3273,69,76,-7,7
3274,81,69,12,12
3275,82,80,2,2
3276,107,100,7,7
3277,112,115,-3,3
3278,99,94,5,5
3279,75,68,7,7
3280,161,152,9,9
3281,76,71,5,5
3282,142,139,3,3
3283,111,96,15,15
3284,78,83,-5,5
3285,137,114,23,23
3286,40,44,-4,4
3287,65,59,6,6
3288,88,81,7,7
3289,103,102,1,1
3290,143,175,-32,32
3291,37,27,10,10
3292,65,64,1,1
3293,90,81,9,9
3294,97,83,14,14
3295,107,100,7,7
3296,104,108,-4,4
3297,151,136,15,15
3298,98,96,2,2
3299,91,99,-8,8
3300,90,79,11,11
3301,79,79,0,0
3302,62,56,6,6
3303,83,80,3,3
3304,102,106,-4,4
3305,92,95,-3,3
3306,48,54,-6,6
3307,103,106,-3,3
3308,65,61,4,4
3309,84,81,3,3
3310,57,58,-1,1
3311,108,107,1,1
3312,80,77,3,3
3313,66,76,-10,10
3314,106,98,8,8
3315,52,47,5,5
3316,107,119,-12,12
3317,107,98,9,9
3318,57,59,-2,2
3319,137,142,-5,5
3320,69,60,9,9
3321,90,85,5,5
3322,65,74,-9,9
3323,49,50,-1,1
3324,153,146,7,7
3325,119,109,10,10
3326,75,75,0,0
3327,160,148,12,12
3328,140,137,3,3
3329,146,156,-10,10
3330,104,88,16,16
3331,94,93,1,1
3332,60,48,12,12
3333,118,105,13,13
3334,71,80,-9,9
3335,66,67,-1,1
3336,183,154,29,29
3337,103,90,13,13
3338,119,111,8,8
3339,107,118,-11,11
3340,92,83,9,9
3341,89,93,-4,4
3342,116,115,1,1
3343,84,76,8,8
3344,118,118,0,0
3345,52,57,-5,5
3346,75,78,-3,3
3347,163,142,21,21
3348,96,90,6,6
3349,104,109,-5,5
3350,135,140,-5,5
3351,78,81,-3,3
3352,127,114,13,13
3353,96,91,5,5
3354,123,112,11,11
3355,119,109,10,10
3356,83,84,-1,1
3357,107,105,2,2
3358,96,84,12,12
3359,105,107,-2,2
3360,142,111,31,31
3361,67,65,2,2
3362,67,79,-12,12
3363,126,123,3,3
3364,59,67,-8,8
3365,59,53,6,6
3366,74,70,4,4
3367,87,81,6,6
3368,69,70,-1,1
3369,66,66,0,0
3370,117,104,13,13
3371,186,177,9,9
3372,63,66,-3,3
3373,125,120,5,5
3374,87,71,16,16
3375,97,99,-2,2
3376,96,93,3,3
3377,49,43,6,6
3378,105,104,1,1
3379,48,44,4,4
3380,111,105,6,6
3381,98,111,-13,13
3382,123,112,11,11
3383,74,63,11,11
3384,55,56,-1,1
3385,124,129,-5,5
3386,151,150,1,1
3387,54,55,-1,1
3388,44,46,-2,2
3389,78,88,-10,10
3390,141,145,-4,4
3391,85,66,19,19
3392,40,58,-18,18
3393,77,73,4,4
3394,104,96,8,8
3395,71,63,8,8
3396,94,97,-3,3
3397,98,102,-4,4
3398,56,61,-5,5
3399,64,73,-9,9
3400,107,102,5,5
3401,58,56,2,2
3402,40,42,-2,2
3403,107,91,16,16
3404,110,104,6,6
3405,124,113,11,11
3406,100,92,8,8
3407,88,89,-1,1
3408,131,103,28,28
3409,93,80,13,13
3410,134,141,-7,7
3411,81,89,-8,8
3412,81,79,2,2
3413,84,88,-4,4
3414,86,82,4,4
3415,152,153,-1,1
3416,64,62,2,2
3417,73,80,-7,7
3418,118,116,2,2
3419,73,66,7,7
3420,88,80,8,8
3421,112,123,-11,11
3422,141,140,1,1
3423,150,157,-7,7
3424,105,100,5,5
3425,163,152,11,11
3426,29,36,-7,7
3427,94,91,3,3
3428,67,75,-8,8
3429,98,104,-6,6
3430,89,88,1,1
3431,106,105,1,1
3432,100,98,2,2
3433,107,106,1,1
3434,64,73,-9,9
3435,45,50,-5,5
3436,77,79,-2,2
3437,144,123,21,21
3438,103,97,6,6
3439,67,97,-30,30
3440,38,35,3,3
3441,116,110,6,6
3442,102,94,8,8
3443,119,103,16,16
3444,88,86,2,2
3445,111,105,6,6
3446,48,50,-2,2
3447,131,109,22,22
3448,86,84,2,2
3449,76,76,0,0
3450,80,74,6,6
3451,99,101,-2,2
3452,132,125,7,7
3453,91,104,-13,13
3454,105,102,3,3
3455,159,169,-10,10
3456,117,111,6,6
3457,142,143,-1,1
3458,69,64,5,5
3459,79,84,-5,5
3460,134,143,-9,9
3461,101,82,19,19
3462,94,95,-1,1
3463,97,114,-17,17
3464,112,89,23,23
3465,70,69,1,1
3466,139,116,23,23
3467,120,109,11,11
3468,93,98,-5,5
3469,70,71,-1,1
3470,77,74,3,3
3471,91,85,6,6
3472,57,61,-4,4
3473,75,82,-7,7
3474,64,59,5,5
3475,88,88,0,0
3476,90,90,0,0
3477,82,83,-1,1
3478,54,51,3,3
3479,101,102,-1,1
3480,102,104,-2,2
3481,92,90,2,2
3482,77,75,2,2
3483,76,78,-2,2
3484,109,117,-8,8
3485,48,51,-3,3
3486,86,84,2,2
3487,91,85,6,6
3488,60,56,4,4
3489,117,116,1,1
3490,121,119,2,2
3491,129,143,-14,14
3492,90,94,-4,4
3493,106,81,25,25
3494,80,74,6,6
3495,129,100,29,29
3496,65,64,1,1
3497,48,55,-7,7
3498,104,106,-2,2
3499,72,63,9,9
3500,69,68,1,1
3501,115,108,7,7
3502,147,163,-16,16
3503,83,83,0,0
3504,96,98,-2,2
3505,83,82,1,1
3506,106,98,8,8
3507,83,90,-7,7
3508,94,87,7,7
3509,101,83,18,18
3510,112,123,-11,11
3511,56,59,-3,3
3512,106,110,-4,4
3513,93,83,10,10
3514,83,88,-5,5
3515,60,64,-4,4
3516,116,110,6,6
3517,127,109,18,18
3518,65,74,-9,9
3519,134,132,2,2
3520,45,48,-3,3
3521,74,78,-4,4
3522,107,105,2,2
3523,97,94,3,3
3524,145,136,9,9
3525,101,103,-2,2
3526,104,91,13,13
3527,90,90,0,0
3528,98,90,8,8
3529,107,110,-3,3
3530,66,65,1,1
3531,76,90,-14,14
3532,39,47,-8,8
3533,89,85,4,4
3534,47,53,-6,6
3535,68,79,-11,11
3536,47,46,1,1
3537,194,172,22,22
3538,107,114,-7,7
3539,155,144,11,11
3540,163,156,7,7
3541,93,94,-1,1
3542,124,120,4,4
3543,28,28,0,0
3544,101,100,1,1
3545,70,70,0,0
3546,61,64,-3,3
3547,92,83,9,9
3548,78,78,0,0
3549,51,49,2,2
3550,99,88,11,11
3551,95,91,4,4
3552,137,110,27,27
3553,90,89,1,1
3554,84,82,2,2
3555,72,77,-5,5
3556,83,86,-3,3
3557,94,93,1,1
3558,86,79,7,7
3559,86,75,11,11
3560,87,94,-7,7
3561,104,111,-7,7
3562,58,62,-4,4
3563,50,71,-21,21
3564,44,48,-4,4
3565,83,78,5,5
3566,97,94,3,3
3567,146,136,10,10
3568,147,117,30,30
3569,107,104,3,3
3570,117,103,14,14
3571,152,153,-1,1
3572,130,102,28,28
3573,157,126,31,31
3574,268,282,-14,14
3575,90,75,15,15
3576,101,101,0,0
3577,73,68,5,5
3578,120,129,-9,9
3579,86,81,5,5
3580,144,118,26,26
3581,97,98,-1,1
3582,93,85,8,8
3583,49,51,-2,2
3584,97,98,-1,1
3585,99,85,14,14
3586,63,59,4,4
3587,135,124,11,11
3588,66,64,2,2
3589,71,77,-6,6
3590,74,70,4,4
3591,160,130,30,30
3592,52,54,-2,2
3593,84,80,4,4
3594,127,133,-6,6
3595,82,77,5,5
3596,80,81,-1,1
3597,108,102,6,6
3598,104,109,-5,5
3599,106,90,16,16
3600,154,131,23,23
3601,54,51,3,3
3602,91,97,-6,6
3603,115,131,-16,16
3604,98,99,-1,1
3605,117,110,7,7
3606,46,51,-5,5
3607,93,92,1,1
3608,50,48,2,2
3609,110,141,-31,31
3610,101,97,4,4
3611,121,115,6,6
3612,129,131,-2,2
3613,123,115,8,8
3614,55,69,-14,14
3615,97,79,18,18
3616,102,101,1,1
3617,127,138,-11,11
3618,66,63,3,3
3619,75,75,0,0
3620,125,132,-7,7
3621,75,73,2,2
3622,137,129,8,8
3623,76,76,0,0
3624,80,74,6,6
3625,93,86,7,7
3626,213,198,15,15
3627,73,70,3,3
3628,99,93,6,6
3629,152,142,10,10
3630,110,108,2,2
3631,53,49,4,4
3632,83,83,0,0
3633,94,96,-2,2
3634,60,62,-2,2
3635,150,140,10,10
3636,146,132,14,14
3637,156,163,-7,7
3638,99,97,2,2
3639,66,66,0,0
3640,85,87,-2,2
3641,68,88,-20,20
3642,174,159,15,15
3643,112,98,14,14
3644,102,101,1,1
3645,96,93,3,3
3646,123,125,-2,2
3647,62,69,-7,7
3648,42,44,-2,2
3649,84,90,-6,6
3650,99,108,-9,9
3651,96,98,-2,2
3652,94,84,10,10
3653,88,78,10,10
3654,113,101,12,12
3655,136,136,0,0
3656,51,51,0,0
3657,82,85,-3,3
3658,103,100,3,3
3659,109,101,8,8
3660,39,46,-7,7
3661,66,57,9,9
3662,68,66,2,2
3663,97,87,10,10
3664,85,78,7,7
3665,123,115,8,8
3666,134,121,13,13
3667,171,164,7,7
3668,88,90,-2,2
3669,83,76,7,7
3670,52,64,-12,12
3671,90,85,5,5
3672,75,77,-2,2
3673,80,80,0,0
3674,85,76,9,9
3675,113,118,-5,5
3676,85,76,9,9
3677,124,113,11,11
3678,126,118,8,8
3679,136,118,18,18
3680,111,110,1,1
3681,122,112,10,10
3682,84,82,2,2
3683,53,59,-6,6
3684,83,82,1,1
3685,132,119,13,13
3686,133,131,2,2
3687,96,83,13,13
3688,53,51,2,2
3689,87,95,-8,8
3690,63,56,7,7
3691,92,79,13,13
3692,73,83,-10,10
3693,142,126,16,16
3694,93,84,9,9
3695,69,76,-7,7
3696,59,54,5,5
3697,120,125,-5,5
3698,52,49,3,3
3699,50,52,-2,2
3700,80,83,-3,3
3701,68,76,-8,8
3702,73,72,1,1
3703,245,227,18,18
3704,147,148,-1,1
3705,75,75,0,0
3706,59,66,-7,7
3707,84,78,6,6
3708,92,86,6,6
3709,146,136,10,10
3710,183,192,-9,9
3711,64,61,3,3
3712,101,85,16,16
3713,102,104,-2,2
3714,117,109,8,8
3715,178,179,-1,1
3716,143,116,27,27
3717,68,75,-7,7
3718,90,80,10,10
3719,48,46,2,2
3720,74,71,3,3
3721,63,55,8,8
3722,74,75,-1,1
3723,83,85,-2,2
3724,89,92,-3,3
3725,112,101,11,11
3726,89,93,-4,4
3727,71,65,6,6
3728,72,74,-2,2
3729,66,71,-5,5
3730,173,149,24,24
3731,139,136,3,3
3732,94,104,-10,10
3733,48,54,-6,6
3734,102,98,4,4
3735,69,69,0,0
3736,67,67,0,0
3737,91,91,0,0
3738,109,108,1,1
3739,39,44,-5,5
3740,146,136,10,10
3741,103,105,-2,2
3742,149,153,-4,4
3743,78,67,11,11
3744,78,80,-2,2
3745,76,65,11,11
3746,81,77,4,4
3747,155,152,3,3
3748,76,76,0,0
3749,113,113,0,0
3750,87,81,6,6
3751,81,76,5,5
3752,82,88,-6,6
3753,107,108,-1,1
3754,148,142,6,6
3755,57,68,-11,11
3756,73,74,-1,1
3757,112,102,10,10
3758,48,51,-3,3
3759,77,93,-16,16
3760,142,127,15,15
3761,142,128,14,14
3762,122,124,-2,2
3763,67,64,3,3
3764,132,107,25,25
3765,134,145,-11,11
3766,96,84,12,12
3767,70,63,7,7
3768,84,77,7,7
3769,108,98,10,10
3770,159,147,12,12
3771,114,121,-7,7
3772,71,77,-6,6
3773,88,93,-5,5
3774,95,87,8,8
3775,36,36,0,0
3776,99,94,5,5
3777,54,60,-6,6
3778,148,135,13,13
3779,75,64,11,11
3780,64,73,-9,9
3781,170,165,5,5
3782,176,150,26,26
3783,143,121,22,22
3784,108,87,21,21
3785,94,176,-82,82
3786,102,117,-15,15
3787,92,95,-3,3
3788,132,132,0,0
3789,84,79,5,5
3790,152,142,10,10
3791,94,80,14,14
3792,103,106,-3,3
3793,122,120,2,2
3794,79,84,-5,5
3795,81,75,6,6
3796,81,82,-1,1
3797,65,57,8,8
3798,90,75,15,15
3799,85,82,3,3
3800,74,71,3,3
3801,110,97,13,13
3802,62,67,-5,5
3803,132,130,2,2
3804,94,98,-4,4
3805,77,77,0,0
3806,69,77,-8,8
3807,90,81,9,9
3808,58,52,6,6
3809,101,103,-2,2
3810,72,85,-13,13
3811,49,59,-10,10
3812,120,124,-4,4
3813,60,72,-12,12
3814,140,153,-13,13
3815,53,60,-7,7
3816,66,63,3,3
3817,60,55,5,5
3818,103,104,-1,1
3819,92,92,0,0
3820,158,139,19,19
3821,71,88,-17,17
3822,73,69,4,4
3823,66,76,-10,10
3824,149,138,11,11
3825,146,127,19,19
3826,68,59,9,9
3827,108,103,5,5
3828,54,64,-10,10
3829,70,74,-4,4
3830,98,96,2,2
3831,112,106,6,6
3832,64,67,-3,3
3833,96,96,0,0
3834,124,133,-9,9
3835,73,71,2,2
3836,75,71,4,4
3837,97,95,2,2
3838,100,98,2,2
3839,153,161,-8,8
3840,145,137,8,8
3841,98,92,6,6
3842,114,100,14,14
3843,111,95,16,16
3844,68,73,-5,5
3845,60,58,2,2
3846,87,94,-7,7
3847,74,63,11,11
3848,54,61,-7,7
3849,77,78,-1,1
3850,63,57,6,6
3851,120,112,8,8
3852,107,93,14,14
3853,75,78,-3,3
3854,96,96,0,0
3855,50,51,-1,1
3856,152,127,25,25
3857,133,129,4,4
3858,140,147,-7,7
3859,63,54,9,9
3860,82,83,-1,1
3861,101,110,-9,9
3862,78,75,3,3
3863,101,84,17,17
3864,74,69,5,5
3865,104,103,1,1
3866,97,95,2,2
3867,55,68,-13,13
3868,166,158,8,8
3869,110,90,20,20
3870,76,94,-18,18
3871,81,81,0,0
3872,128,121,7,7
3873,108,104,4,4
3874,68,68,0,0
3875,86,84,2,2
3876,79,80,-1,1
3877,65,67,-2,2
3878,148,132,16,16
3879,165,149,16,16
3880,96,100,-4,4
3881,61,67,-6,6
3882,86,77,9,9
3883,65,69,-4,4
3884,124,128,-4,4
3885,94,90,4,4
3886,55,62,-7,7
3887,71,67,4,4
3888,132,115,17,17
3889,55,65,-10,10
3890,97,107,-10,10
3891,96,95,1,1
3892,101,95,6,6
3893,100,85,15,15
3894,78,71,7,7
3895,132,129,3,3
3896,73,74,-1,1
3897,93,78,15,15
3898,51,49,2,2
3899,136,121,15,15
3900,80,70,10,10
3901,159,155,4,4
3902,151,141,10,10
3903,64,61,3,3
3904,75,76,-1,1
3905,151,114,37,37
3906,72,76,-4,4
3907,113,104,9,9
3908,88,90,-2,2
3909,93,85,8,8
3910,62,71,-9,9
3911,59,69,-10,10
3912,104,105,-1,1
3913,133,131,2,2
3914,66,78,-12,12
3915,90,92,-2,2
3916,98,86,12,12
3917,181,130,51,51
3918,68,58,10,10
3919,81,75,6,6
3920,148,138,10,10
3921,92,81,11,11
3922,109,100,9,9
3923,176,171,5,5
3924,236,241,-5,5
3925,112,102,10,10
3926,74,74,0,0
3927,82,71,11,11
3928,78,81,-3,3
3929,83,85,-2,2
3930,89,87,2,2
3931,95,93,2,2
3932,177,174,3,3
3933,53,70,-17,17
3934,94,100,-6,6
3935,104,100,4,4
3936,63,59,4,4
3937,94,89,5,5
3938,95,86,9,9
3939,122,106,16,16
3940,135,113,22,22
3941,170,156,14,14
3942,104,116,-12,12
3943,153,135,18,18
3944,70,97,-27,27
3945,124,108,16,16
3946,81,77,4,4
3947,143,134,9,9
3948,86,93,-7,7
3949,87,83,4,4
3950,92,94,-2,2
3951,111,103,8,8
3952,73,74,-1,1
3953,83,72,11,11
3954,117,109,8,8
3955,92,89,3,3
3956,70,77,-7,7
3957,107,95,12,12
3958,62,67,-5,5
3959,96,91,5,5
3960,93,85,8,8
3961,50,56,-6,6
3962,61,67,-6,6
3963,118,120,-2,2
3964,117,117,0,0
3965,116,108,8,8
3966,183,150,33,33
3967,56,77,-21,21
3968,67,61,6,6
3969,81,76,5,5
3970,117,105,12,12
3971,98,92,6,6
3972,63,60,3,3
3973,62,61,1,1
3974,84,96,-12,12
3975,156,134,22,22
3976,105,89,16,16
3977,89,87,2,2
3978,132,131,1,1
3979,106,120,-14,14
3980,111,112,-1,1
3981,150,147,3,3
3982,95,101,-6,6
3983,20,38,-18,18
3984,99,98,1,1
3985,103,106,-3,3
3986,73,85,-12,12
3987,83,57,26,26
3988,69,67,2,2
3989,130,121,9,9
3990,106,100,6,6
3991,104,91,13,13
3992,125,132,-7,7
3993,121,98,23,23
3994,190,208,-18,18
3995,116,113,3,3
3996,87,104,-17,17
3997,71,79,-8,8
3998,71,78,-7,7
3999,146,139,7,7
4000,97,97,0,0
4001,98,100,-2,2
4002,127,130,-3,3
4003,74,72,2,2
4004,47,58,-11,11
4005,92,86,6,6
4006,82,68,14,14
4007,118,108,10,10
4008,137,116,21,21
4009,101,92,9,9
4010,51,51,0,0
4011,88,89,-1,1
4012,177,155,22,22
4013,82,81,1,1
4014,90,91,-1,1
4015,99,94,5,5
4016,83,85,-2,2
4017,104,105,-1,1
4018,83,79,4,4
4019,57,74,-17,17
4020,155,152,3,3
4021,107,93,14,14
4022,72,73,-1,1
4023,72,81,-9,9
4024,102,97,5,5
4025,90,84,6,6
4026,111,99,12,12
4027,123,109,14,14
4028,46,48,-2,2
4029,81,77,4,4
4030,95,79,16,16
4031,125,112,13,13
4032,105,96,9,9
4033,74,71,3,3
4034,166,158,8,8
4035,96,92,4,4
4036,70,73,-3,3
4037,56,70,-14,14
4038,66,65,1,1
4039,85,84,1,1
4040,46,44,2,2
4041,47,70,-23,23
4042,68,66,2,2
4043,130,115,15,15
4044,141,140,1,1
4045,95,88,7,7
4046,111,95,16,16
4047,50,51,-1,1
4048,111,110,1,1
4049,100,102,-2,2
4050,72,66,6,6
4051,80,90,-10,10
4052,120,105,15,15
4053,180,170,10,10
4054,39,44,-5,5
4055,103,112,-9,9
4056,95,98,-3,3
4057,146,153,-7,7
4058,110,105,5,5
4059,48,39,9,9
4060,83,92,-9,9
4061,66,81,-15,15
4062,86,82,4,4
4063,79,78,1,1
4064,113,108,5,5
4065,114,106,8,8
4066,86,86,0,0
4067,165,174,-9,9
4068,69,75,-6,6
4069,124,120,4,4
4070,103,108,-5,5
4071,76,59,17,17
4072,118,117,1,1
4073,157,149,8,8
4074,107,104,3,3
4075,170,149,21,21
4076,58,55,3,3
4077,59,61,-2,2
4078,124,104,20,20
4079,142,124,18,18
4080,105,111,-6,6
4081,116,109,7,7
4082,140,131,9,9
4083,92,86,6,6
4084,130,125,5,5
4085,113,110,3,3
4086,129,142,-13,13
4087,73,81,-8,8
4088,100,96,4,4
4089,87,95,-8,8
4090,75,64,11,11
4091,87,86,1,1
4092,113,106,7,7
4093,64,66,-2,2
4094,83,77,6,6
4095,75,75,0,0
4096,124,125,-1,1
4097,87,91,-4,4
4098,63,68,-5,5
4099,78,81,-3,3
4100,86,86,0,0
4101,104,111,-7,7
4102,95,91,4,4
4103,119,126,-7,7
4104,99,100,-1,1
4105,54,59,-5,5
4106,73,72,1,1
4107,71,73,-2,2
4108,83,79,4,4
4109,182,131,51,51
4110,74,83,-9,9
4111,133,130,3,3
4112,80,74,6,6
4113,98,101,-3,3
4114,98,98,0,0
4115,96,88,8,8
4116,84,74,10,10
4117,199,227,-28,28
4118,153,127,26,26
4119,121,129,-8,8
4120,104,103,1,1
4121,79,82,-3,3
4122,109,94,15,15
4123,74,85,-11,11
4124,48,60,-12,12
4125,127,125,2,2
4126,77,84,-7,7
4127,57,55,2,2
4128,88,76,12,12
4129,76,63,13,13
4130,120,116,4,4
4131,86,90,-4,4
4132,62,78,-16,16
4133,60,59,1,1
4134,83,75,8,8
4135,90,84,6,6
4136,69,65,4,4
4137,65,63,2,2
4138,97,96,1,1
4139,107,97,10,10
4140,131,131,0,0
4141,118,109,9,9
4142,107,132,-25,25
4143,72,79,-7,7
4144,153,148,5,5
4145,83,83,0,0
4146,55,56,-1,1
4147,106,100,6,6
4148,97,102,-5,5
4149,176,174,2,2
4150,139,134,5,5
4151,84,87,-3,3
4152,112,103,9,9
4153,58,68,-10,10
4154,119,109,10,10
4155,75,70,5,5
4156,155,160,-5,5
4157,71,58,13,13
4158,150,132,18,18
4159,94,92,2,2
4160,54,61,-7,7
4161,70,78,-8,8
4162,125,120,5,5
4163,36,25,11,11
4164,78,79,-1,1
4165,96,87,9,9
4166,100,89,11,11
4167,106,101,5,5
4168,129,111,18,18
4169,39,45,-6,6
4170,44,49,-5,5
4171,97,86,11,11
4172,80,78,2,2
4173,52,53,-1,1
4174,102,93,9,9
4175,101,86,15,15
4176,90,90,0,0
4177,151,141,10,10
4178,82,79,3,3
4179,117,109,8,8
4180,63,76,-13,13
4181,135,134,1,1
4182,71,79,-8,8
4183,96,101,-5,5
4184,123,116,7,7
4185,75,78,-3,3
4186,60,67,-7,7
4187,103,106,-3,3
4188,59,63,-4,4
4189,116,107,9,9
4190,92,90,2,2
4191,76,69,7,7
4192,53,48,5,5
4193,107,110,-3,3
4194,70,69,1,1
4195,101,97,4,4
4196,88,80,8,8
4197,84,79,5,5
4198,26,54,-28,28
4199,107,108,-1,1
4200,121,120,1,1
4201,66,65,1,1
4202,75,71,4,4
4203,140,142,-2,2
4204,87,82,5,5
4205,57,54,3,3
4206,100,92,8,8
4207,183,147,36,36
4208,131,125,6,6
4209,98,123,-25,25
4210,70,71,-1,1
4211,80,75,5,5
4212,112,114,-2,2
4213,164,178,-14,14
4214,112,93,19,19
4215,49,50,-1,1
4216,69,72,-3,3
4217,64,71,-7,7
4218,78,82,-4,4
4219,116,112,4,4
4220,113,103,10,10
4221,123,126,-3,3
4222,101,100,1,1
4223,100,103,-3,3
4224,84,82,2,2
4225,114,106,8,8
4226,109,95,14,14
4227,52,48,4,4
4228,115,104,11,11
4229,106,105,1,1
4230,93,88,5,5
4231,69,74,-5,5
4232,149,139,10,10
4233,87,84,3,3
4234,103,96,7,7
4235,106,107,-1,1
4236,76,96,-20,20
4237,124,132,-8,8
4238,115,120,-5,5
4239,82,79,3,3
4240,152,156,-4,4
4241,138,139,-1,1
4242,196,190,6,6
4243,133,109,24,24
4244,146,130,16,16
4245,105,110,-5,5
4246,92,99,-7,7
4247,71,59,12,12
4248,97,97,0,0
4249,70,74,-4,4
4250,107,114,-7,7
4251,80,75,5,5
4252,63,79,-16,16
4253,75,71,4,4
4254,75,77,-2,2
4255,75,79,-4,4
4256,104,100,4,4
4257,152,129,23,23
4258,71,65,6,6
4259,107,98,9,9
4260,161,162,-1,1
4261,71,67,4,4
4262,91,76,15,15
4263,98,91,7,7
4264,108,101,7,7
4265,78,71,7,7
4266,116,117,-1,1
4267,108,92,16,16
4268,81,88,-7,7
4269,65,68,-3,3
4270,111,112,-1,1
4271,70,67,3,3
4272,55,56,-1,1
4273,102,95,7,7
4274,102,98,4,4
4275,56,57,-1,1
4276,100,80,20,20
4277,47,43,4,4
4278,145,137,8,8
4279,108,100,8,8
4280,143,121,22,22
4281,123,116,7,7
4282,172,173,-1,1
4283,60,62,-2,2
4284,105,98,7,7
4285,46,46,0,0
4286,80,69,11,11
4287,114,115,-1,1
4288,189,210,-21,21
4289,82,75,7,7
4290,126,120,6,6
4291,157,146,11,11
4292,147,184,-37,37
4293,27,56,-29,29
4294,79,71,8,8
4295,75,63,12,12
4296,65,64,1,1
4297,68,61,7,7
4298,126,118,8,8
4299,133,117,16,16
4300,101,85,16,16
4301,80,78,2,2
4302,103,94,9,9
4303,95,90,5,5
4304,103,90,13,13
4305,113,108,5,5
4306,42,48,-6,6
4307,85,84,1,1
4308,82,81,1,1
4309,104,105,-1,1
4310,85,72,13,13
4311,107,95,12,12
4312,78,73,5,5
4313,66,60,6,6
4314,108,106,2,2
4315,90,89,1,1
4316,88,86,2,2
4317,59,53,6,6
4318,79,73,6,6
4319,69,66,3,3
4320,135,128,7,7
4321,96,107,-11,11
4322,148,128,20,20
4323,31,35,-4,4
4324,65,75,-10,10
4325,86,75,11,11
4326,47,47,0,0
4327,83,66,17,17
4328,170,186,-16,16
4329,63,59,4,4
4330,110,106,4,4
4331,182,163,19,19
4332,141,149,-8,8
4333,94,102,-8,8
4334,81,81,0,0
4335,87,87,0,0
4336,131,118,13,13
4337,117,110,7,7
4338,64,64,0,0
4339,150,142,8,8
4340,93,96,-3,3
4341,88,85,3,3
4342,90,90,0,0
4343,86,82,4,4
4344,96,108,-12,12
4345,173,169,4,4
4346,104,91,13,13
4347,44,46,-2,2
4348,81,75,6,6
4349,71,62,9,9
4350,77,63,14,14
4351,82,71,11,11
4352,196,181,15,15
4353,126,104,22,22
4354,100,98,2,2
4355,159,144,15,15
4356,61,59,2,2
4357,54,44,10,10
4358,73,71,2,2
4359,73,77,-4,4
4360,88,89,-1,1
4361,136,127,9,9
4362,94,90,4,4
4363,164,179,-15,15
4364,100,99,1,1
4365,126,115,11,11
4366,50,49,1,1
4367,79,78,1,1
4368,94,117,-23,23
4369,110,118,-8,8
4370,144,139,5,5
4371,62,56,6,6
4372,92,93,-1,1
4373,59,62,-3,3
4374,279,271,8,8
4375,149,140,9,9
4376,61,70,-9,9
4377,72,86,-14,14
4378,64,68,-4,4
4379,142,141,1,1
4380,56,53,3,3
4381,140,150,-10,10
4382,221,210,11,11
4383,111,89,22,22
4384,93,86,7,7
4385,110,109,1,1
4386,83,82,1,1
4387,65,79,-14,14
4388,154,136,18,18
4389,92,86,6,6
4390,144,132,12,12
4391,102,97,5,5
4392,131,122,9,9
4393,98,90,8,8
4394,104,95,9,9
4395,95,91,4,4
4396,108,107,1,1
4397,89,85,4,4
4398,139,136,3,3
4399,116,104,12,12
4400,58,61,-3,3
4401,140,144,-4,4
4402,89,87,2,2
4403,103,103,0,0
4404,67,77,-10,10
4405,62,69,-7,7
4406,162,157,5,5
4407,77,75,2,2
4408,99,92,7,7
4409,92,78,14,14
4410,105,99,6,6
4411,99,91,8,8
4412,82,85,-3,3
4413,139,131,8,8
4414,99,96,3,3
4415,82,81,1,1
4416,95,97,-2,2
4417,101,93,8,8
4418,85,88,-3,3
4419,102,103,-1,1
4420,133,136,-3,3
4421,76,70,6,6
4422,126,119,7,7
4423,101,96,5,5
4424,119,105,14,14
4425,152,155,-3,3
4426,136,113,23,23
4427,87,82,5,5
4428,116,96,20,20
4429,60,60,0,0
4430,96,86,10,10
4431,76,88,-12,12
4432,128,117,11,11
4433,85,81,4,4
4434,84,95,-11,11
4435,153,134,19,19
4436,72,65,7,7
4437,73,60,13,13
4438,108,92,16,16
4439,73,64,9,9
4440,94,89,5,5
4441,86,78,8,8
4442,89,83,6,6
4443,56,59,-3,3
4444,195,184,11,11
4445,70,73,-3,3
4446,64,69,-5,5
4447,96,87,9,9
4448,103,112,-9,9
4449,131,117,14,14
4450,93,86,7,7
4451,122,122,0,0
4452,54,57,-3,3
4453,67,74,-7,7
4454,66,59,7,7
4455,110,112,-2,2
4456,108,100,8,8
4457,119,125,-6,6
4458,80,65,15,15
4459,60,67,-7,7
4460,88,77,11,11
4461,123,108,15,15
4462,59,62,-3,3
4463,103,88,15,15
4464,93,88,5,5
4465,90,85,5,5
4466,157,146,11,11
4467,94,87,7,7
4468,79,72,7,7
4469,131,114,17,17
4470,50,56,-6,6
4471,111,108,3,3
4472,106,106,0,0
4473,104,99,5,5
4474,94,98,-4,4
4475,71,74,-3,3
4476,168,143,25,25
4477,102,114,-12,12
4478,58,61,-3,3
4479,49,53,-4,4
4480,96,89,7,7
4481,74,80,-6,6
4482,135,134,1,1
4483,171,154,17,17
4484,70,72,-2,2
4485,118,122,-4,4
4486,90,77,13,13
4487,101,115,-14,14
4488,97,97,0,0
4489,107,98,9,9
4490,87,80,7,7
4491,43,44,-1,1
4492,79,76,3,3
4493,106,90,16,16
4494,39,45,-6,6
4495,178,169,9,9
4496,74,84,-10,10
4497,36,37,-1,1
4498,68,64,4,4
4499,114,88,26,26
4500,80,81,-1,1
4501,109,105,4,4
4502,128,118,10,10
4503,87,97,-10,10
4504,110,105,5,5
4505,100,96,4,4
4506,128,129,-1,1
4507,136,127,9,9
4508,129,124,5,5
4509,122,118,4,4
4510,102,96,6,6
4511,109,111,-2,2
4512,58,68,-10,10
4513,122,114,8,8
4514,90,89,1,1
4515,57,59,-2,2
4516,107,98,9,9
4517,168,170,-2,2
4518,98,105,-7,7
4519,120,108,12,12
4520,74,72,2,2
4521,88,87,1,1
4522,96,82,14,14
4523,64,76,-12,12
4524,55,55,0,0
4525,94,89,5,5
4526,148,138,10,10
4527,92,102,-10,10
4528,95,102,-7,7
4529,110,107,3,3
4530,83,80,3,3
4531,139,120,19,19
4532,108,92,16,16
4533,78,75,3,3
4534,78,77,1,1
4535,98,94,4,4
4536,104,98,6,6
4537,68,59,9,9
4538,103,99,4,4
4539,66,55,11,11
4540,100,95,5,5
4541,123,126,-3,3
4542,74,57,17,17
4543,136,127,9,9
4544,47,53,-6,6
4545,92,89,3,3
4546,122,107,15,15
4547,125,132,-7,7
4548,122,101,21,21
4549,61,54,7,7
4550,82,97,-15,15
4551,112,113,-1,1
4552,48,70,-22,22
4553,146,150,-4,4
4554,67,64,3,3
4555,115,108,7,7
4556,165,168,-3,3
4557,87,96,-9,9
4558,40,44,-4,4
4559,55,44,11,11
4560,127,115,12,12
4561,70,64,6,6
4562,99,99,0,0
4563,45,48,-3,3
4564,95,86,9,9
4565,80,81,-1,1
4566,47,50,-3,3
4567,99,112,-13,13
4568,118,119,-1,1
4569,104,94,10,10
4570,75,78,-3,3
4571,90,76,14,14
4572,82,74,8,8
4573,163,145,18,18
4574,93,85,8,8
4575,166,177,-11,11
4576,69,73,-4,4
4577,122,132,-10,10
4578,148,160,-12,12
4579,56,53,3,3
4580,66,64,2,2
4581,83,101,-18,18
4582,63,61,2,2
4583,108,111,-3,3
4584,123,101,22,22
4585,161,172,-11,11
4586,83,98,-15,15
4587,49,48,1,1
4588,78,73,5,5
4589,101,102,-1,1
4590,38,44,-6,6
4591,98,102,-4,4
4592,174,142,32,32
4593,75,83,-8,8
4594,56,52,4,4
4595,138,125,13,13
4596,38,32,6,6
4597,51,51,0,0
4598,69,62,7,7
4599,98,101,-3,3
4600,87,83,4,4
4601,88,83,5,5
4602,156,147,9,9
4603,140,131,9,9
4604,92,90,2,2
4605,49,50,-1,1
4606,82,83,-1,1
4607,217,260,-43,43
4608,99,100,-1,1
4609,110,98,12,12
4610,79,79,0,0
4611,69,68,1,1
4612,87,71,16,16
4613,84,76,8,8
4614,77,63,14,14
4615,78,70,8,8
4616,100,102,-2,2
4617,112,109,3,3
4618,130,121,9,9
4619,137,121,16,16
4620,125,112,13,13
4621,86,79,7,7
4622,152,139,13,13
4623,96,100,-4,4
4624,111,106,5,5
4625,99,105,-6,6
4626,56,52,4,4
4627,211,219,-8,8
4628,109,115,-6,6
4629,137,129,8,8
4630,74,76,-2,2
4631,120,120,0,0
4632,81,86,-5,5
4633,71,66,5,5
4634,88,80,8,8
4635,111,103,8,8
4636,197,194,3,3
4637,85,76,9,9
4638,112,108,4,4
4639,44,63,-19,19
4640,86,87,-1,1
4641,72,79,-7,7
4642,59,68,-9,9
4643,82,87,-5,5
4644,69,70,-1,1
4645,91,84,7,7
4646,142,127,15,15
4647,84,64,20,20
4648,81,80,1,1
4649,101,93,8,8
4650,190,182,8,8
4651,107,94,13,13
4652,119,120,-1,1
4653,77,73,4,4
4654,152,144,8,8
4655,64,55,9,9
4656,77,76,1,1
4657,51,54,-3,3
4658,77,72,5,5
4659,84,80,4,4
4660,60,57,3,3
4661,107,105,2,2
4662,87,97,-10,10
4663,116,120,-4,4
4664,160,141,19,19
4665,116,115,1,1
4666,84,79,5,5
4667,113,108,5,5
4668,105,105,0,0
4669,55,48,7,7
4670,91,85,6,6
4671,113,97,16,16
4672,62,56,6,6
4673,75,79,-4,4
4674,45,45,0,0
4675,177,171,6,6
4676,131,136,-5,5
4677,112,108,4,4
4678,127,133,-6,6
4679,146,123,23,23
4680,138,134,4,4
4681,93,95,-2,2
4682,65,71,-6,6
4683,168,171,-3,3
4684,112,126,-14,14
4685,149,135,14,14
4686,140,145,-5,5
4687,94,93,1,1
4688,141,137,4,4
4689,75,75,0,0
4690,134,123,11,11
4691,95,89,6,6
4692,119,102,17,17
4693,95,99,-4,4
4694,65,70,-5,5
4695,95,95,0,0
4696,97,101,-4,4
4697,132,128,4,4
4698,87,83,4,4
4699,124,129,-5,5
4700,115,114,1,1
4701,45,43,2,2
4702,110,98,12,12
4703,57,62,-5,5
4704,126,100,26,26
4705,50,51,-1,1
4706,132,132,0,0
4707,71,68,3,3
4708,88,75,13,13
4709,91,98,-7,7
4710,79,74,5,5
4711,47,38,9,9
4712,103,107,-4,4
4713,38,39,-1,1
4714,68,56,12,12
4715,130,119,11,11
4716,157,151,6,6
4717,99,94,5,5
4718,62,60,2,2
4719,79,77,2,2
4720,74,75,-1,1
4721,154,134,20,20
4722,36,47,-11,11
4723,81,75,6,6
4724,69,67,2,2
4725,39,47,-8,8
4726,106,103,3,3
4727,141,135,6,6
4728,71,79,-8,8
4729,108,109,-1,1
4730,142,131,11,11
4731,43,51,-8,8
4732,109,116,-7,7
4733,72,72,0,0
4734,110,97,13,13
4735,84,89,-5,5
4736,88,81,7,7
4737,156,145,11,11
4738,106,108,-2,2
4739,160,165,-5,5
4740,105,98,7,7
4741,231,196,35,35
4742,111,100,11,11
4743,53,64,-11,11
4744,124,126,-2,2
4745,105,105,0,0
4746,144,140,4,4
4747,83,87,-4,4
4748,81,79,2,2
4749,96,88,8,8
4750,143,136,7,7
4751,118,105,13,13
4752,77,71,6,6
4753,116,115,1,1
4754,116,79,37,37
4755,76,67,9,9
4756,73,78,-5,5
4757,92,84,8,8
4758,89,81,8,8
4759,58,58,0,0
4760,70,68,2,2
4761,134,126,8,8
4762,73,75,-2,2
4763,139,125,14,14
4764,59,65,-6,6
4765,59,65,-6,6
4766,72,77,-5,5
4767,81,83,-2,2
4768,96,92,4,4
4769,190,183,7,7
4770,131,110,21,21
4771,188,190,-2,2
4772,141,151,-10,10
4773,103,100,3,3
4774,65,83,-18,18
4775,86,82,4,4
4776,64,66,-2,2
4777,115,117,-2,2
4778,58,68,-10,10
4779,150,142,8,8
4780,70,78,-8,8
4781,91,84,7,7
4782,104,99,5,5
4783,78,74,4,4
4784,57,53,4,4
4785,117,107,10,10
4786,82,80,2,2
4787,50,53,-3,3
4788,76,80,-4,4
4789,64,63,1,1
4790,140,135,5,5
4791,88,91,-3,3
4792,41,46,-5,5
4793,56,70,-14,14
4794,161,162,-1,1
4795,107,75,32,32
4796,94,91,3,3
4797,71,60,11,11
4798,163,146,17,17
4799,99,88,11,11
4800,30,31,-1,1
4801,99,83,16,16
4802,161,136,25,25
4803,82,73,9,9
4804,92,82,10,10
4805,152,138,14,14
4806,131,102,29,29
4807,99,90,9,9
4808,50,58,-8,8
4809,80,76,4,4
4810,99,93,6,6
4811,69,71,-2,2
4812,67,76,-9,9
4813,143,129,14,14
4814,68,67,1,1
4815,65,67,-2,2
4816,94,97,-3,3
4817,55,52,3,3
4818,94,86,8,8
4819,45,48,-3,3
4820,140,134,6,6
4821,65,63,2,2
4822,62,63,-1,1
4823,94,96,-2,2
4824,129,131,-2,2
4825,123,127,-4,4
4826,80,81,-1,1
4827,86,77,9,9
4828,112,108,4,4
4829,89,78,11,11
4830,72,66,6,6
4831,65,63,2,2
4832,90,94,-4,4
4833,71,76,-5,5
4834,107,116,-9,9
4835,140,131,9,9
4836,57,65,-8,8
4837,104,103,1,1
4838,56,52,4,4
4839,103,90,13,13
4840,104,98,6,6
4841,78,77,1,1
4842,126,117,9,9
4843,101,90,11,11
4844,85,86,-1,1
4845,72,67,5,5
4846,57,60,-3,3
4847,51,68,-17,17
4848,102,102,0,0
4849,85,87,-2,2
4850,71,68,3,3
4851,87,80,7,7
4852,74,70,4,4
4853,104,95,9,9
4854,102,99,3,3
4855,181,154,27,27
4856,130,128,2,2
4857,75,79,-4,4
4858,102,99,3,3
4859,56,69,-13,13
4860,72,79,-7,7
4861,90,92,-2,2
4862,66,77,-11,11
4863,82,72,10,10
4864,139,139,0,0
4865,97,87,10,10
4866,83,83,0,0
4867,71,87,-16,16
4868,81,71,10,10
4869,80,68,12,12
4870,152,150,2,2
4871,54,59,-5,5
4872,51,47,4,4
4873,142,122,20,20
4874,134,137,-3,3
4875,253,347,-94,94
4876,85,99,-14,14
4877,274,262,12,12
4878,180,146,34,34
4879,85,89,-4,4
4880,68,77,-9,9
4881,126,119,7,7
4882,147,134,13,13
4883,67,67,0,0
4884,58,68,-10,10
4885,146,138,8,8
4886,170,179,-9,9
4887,80,87,-7,7
4888,117,115,2,2
4889,72,69,3,3
4890,52,53,-1,1
4891,92,86,6,6
4892,88,87,1,1
4893,106,104,2,2
4894,93,90,3,3
4895,151,139,12,12
4896,90,84,6,6
4897,71,65,6,6
4898,63,51,12,12
4899,171,157,14,14
4900,83,80,3,3
4901,125,106,19,19
4902,123,115,8,8
4903,119,106,13,13
4904,100,92,8,8
4905,97,108,-11,11
4906,82,71,11,11
4907,104,99,5,5
4908,84,76,8,8
4909,133,136,-3,3
4910,66,63,3,3
4911,328,329,-1,1
4912,66,68,-2,2
4913,129,118,11,11
4914,60,59,1,1
4915,107,117,-10,10
4916,88,85,3,3
4917,92,99,-7,7
4918,97,84,13,13
4919,95,95,0,0
4920,176,137,39,39
4921,93,97,-4,4
4922,124,137,-13,13
4923,80,73,7,7
4924,117,121,-4,4
4925,92,84,8,8
4926,137,111,26,26
4927,160,150,10,10
4928,114,109,5,5
4929,78,75,3,3
4930,73,82,-9,9
4931,62,60,2,2
4932,85,87,-2,2
4933,52,57,-5,5
4934,53,47,6,6
4935,98,83,15,15
4936,92,83,9,9
4937,100,96,4,4
4938,114,123,-9,9
4939,139,134,5,5
4940,76,74,2,2
4941,119,107,12,12
4942,41,47,-6,6
4943,53,48,5,5
4944,268,298,-30,30
4945,66,74,-8,8
4946,130,120,10,10
4947,115,105,10,10
4948,157,163,-6,6
4949,50,60,-10,10
4950,75,76,-1,1
4951,79,76,3,3
4952,85,83,2,2
4953,42,60,-18,18
4954,85,77,8,8
4955,95,91,4,4
4956,72,85,-13,13
4957,90,107,-17,17
4958,81,83,-2,2
4959,109,102,7,7
4960,146,161,-15,15
4961,131,120,11,11
4962,138,126,12,12
4963,32,39,-7,7
4964,86,84,2,2
4965,76,82,-6,6
4966,73,87,-14,14
4967,132,124,8,8
4968,136,131,5,5
4969,36,47,-11,11
4970,40,45,-5,5
4971,62,57,5,5
4972,99,101,-2,2
4973,63,74,-11,11
4974,90,83,7,7
4975,63,87,-24,24
4976,63,67,-4,4
4977,73,78,-5,5
4978,73,78,-5,5
4979,120,87,33,33
4980,161,144,17,17
4981,74,72,2,2
4982,74,73,1,1
4983,49,53,-4,4
4984,157,144,13,13
4985,123,116,7,7
4986,91,80,11,11
4987,115,101,14,14
4988,85,87,-2,2
4989,66,57,9,9
4990,102,97,5,5
4991,98,92,6,6
4992,100,93,7,7
4993,105,124,-19,19
4994,84,104,-20,20
4995,95,81,14,14
4996,108,94,14,14
4997,62,60,2,2
4998,116,112,4,4
4999,79,73,6,6
5000,73,69,4,4
5001,50,61,-11,11
5002,97,89,8,8
5003,145,124,21,21
5004,152,137,15,15
5005,134,121,13,13
5006,110,100,10,10
5007,114,107,7,7
5008,72,67,5,5
5009,113,116,-3,3
5010,58,54,4,4
5011,50,56,-6,6
5012,29,29,0,0
5013,71,67,4,4
5014,90,86,4,4
5015,140,125,15,15
5016,123,116,7,7
5017,131,119,12,12
5018,50,48,2,2
5019,82,78,4,4
5020,77,84,-7,7
5021,98,87,11,11
5022,83,75,8,8
5023,88,77,11,11
5024,122,122,0,0
5025,87,78,9,9
5026,107,103,4,4
5027,75,80,-5,5
5028,89,88,1,1
5029,124,131,-7,7
5030,105,100,5,5
5031,62,59,3,3
5032,125,115,10,10
5033,94,103,-9,9
5034,91,90,1,1
5035,74,92,-18,18
5036,82,87,-5,5
5037,60,59,1,1
5038,69,75,-6,6
5039,132,125,7,7
5040,76,75,1,1
5041,169,167,2,2
5042,101,98,3,3
5043,167,161,6,6
5044,79,74,5,5
5045,78,88,-10,10
5046,61,55,6,6
5047,137,110,27,27
5048,116,106,10,10
5049,77,83,-6,6
5050,76,91,-15,15
5051,157,171,-14,14
5052,90,96,-6,6
5053,79,68,11,11
5054,131,119,12,12
5055,118,122,-4,4
5056,110,99,11,11
5057,151,127,24,24
5058,159,162,-3,3
5059,95,93,2,2
5060,78,85,-7,7
5061,107,109,-2,2
5062,131,125,6,6
5063,87,92,-5,5
5064,42,45,-3,3
5065,66,69,-3,3
5066,101,99,2,2
5067,140,137,3,3
5068,66,67,-1,1
5069,43,47,-4,4
5070,100,96,4,4
5071,120,121,-1,1
5072,76,64,12,12
5073,121,131,-10,10
5074,78,75,3,3
5075,121,121,0,0
5076,51,51,0,0
5077,101,100,1,1
5078,136,133,3,3
5079,107,118,-11,11
5080,106,107,-1,1
5081,116,110,6,6
5082,89,90,-1,1
5083,65,66,-1,1
5084,154,140,14,14
5085,130,119,11,11
5086,98,78,20,20
5087,75,90,-15,15
5088,81,86,-5,5
5089,82,85,-3,3
5090,86,82,4,4
5091,93,94,-1,1
5092,73,75,-2,2
5093,76,76,0,0
5094,166,157,9,9
5095,98,95,3,3
5096,120,92,28,28
5097,67,70,-3,3
5098,81,78,3,3
5099,170,162,8,8
5100,40,49,-9,9
5101,101,95,6,6
5102,80,76,4,4
5103,121,104,17,17
5104,58,56,2,2
5105,115,107,8,8
5106,63,62,1,1
5107,87,83,4,4
5108,148,148,0,0
5109,102,98,4,4
5110,79,76,3,3
5111,118,107,11,11
5112,92,84,8,8
5113,110,108,2,2
5114,131,127,4,4
5115,139,148,-9,9
5116,68,76,-8,8
5117,122,123,-1,1
5118,140,126,14,14
5119,124,117,7,7
5120,103,92,11,11
5121,59,76,-17,17
5122,80,76,4,4
5123,131,121,10,10
5124,104,102,2,2
5125,155,146,9,9
5126,89,89,0,0
5127,68,81,-13,13
5128,79,74,5,5
5129,110,104,6,6
5130,54,59,-5,5
5131,121,136,-15,15
5132,101,99,2,2
5133,109,110,-1,1
5134,100,93,7,7
5135,132,129,3,3
5136,71,81,-10,10
5137,89,88,1,1
5138,92,81,11,11
5139,91,87,4,4
5140,117,106,11,11
5141,100,91,9,9
5142,118,105,13,13
5143,160,122,38,38
5144,121,105,16,16
5145,88,91,-3,3
5146,152,159,-7,7
5147,56,50,6,6
5148,51,67,-16,16
5149,110,92,18,18
5150,79,89,-10,10
5151,68,88,-20,20
5152,52,53,-1,1
5153,129,130,-1,1
5154,81,77,4,4
5155,39,43,-4,4
5156,55,112,-57,57
5157,53,59,-6,6
5158,92,98,-6,6
5159,72,74,-2,2
5160,103,110,-7,7
5161,141,124,17,17
5162,82,90,-8,8
5163,69,71,-2,2
5164,168,167,1,1
5165,65,73,-8,8
5166,76,79,-3,3
5167,104,94,10,10
5168,89,88,1,1
5169,101,111,-10,10
5170,53,58,-5,5
5171,105,98,7,7
5172,90,72,18,18
5173,116,108,8,8
5174,137,117,20,20
5175,126,112,14,14
5176,43,38,5,5
5177,65,74,-9,9
5178,76,89,-13,13
5179,104,94,10,10
5180,88,78,10,10
5181,75,67,8,8
5182,82,85,-3,3
5183,40,48,-8,8
5184,77,78,-1,1
5185,66,66,0,0
5186,154,151,3,3
5187,86,74,12,12
5188,112,113,-1,1
5189,93,91,2,2
5190,130,148,-18,18
5191,177,166,11,11
5192,148,142,6,6
5193,80,80,0,0
5194,58,54,4,4
5195,115,103,12,12
5196,118,106,12,12
5197,66,72,-6,6
5198,161,154,7,7
5199,80,77,3,3
5200,105,98,7,7
5201,56,56,0,0
5202,66,71,-5,5
5203,93,89,4,4
5204,105,109,-4,4
5205,96,93,3,3
5206,62,60,2,2
5207,68,65,3,3
5208,83,80,3,3
5209,110,110,0,0
5210,109,106,3,3
5211,147,134,13,13
5212,68,60,8,8
5213,121,107,14,14
5214,128,134,-6,6
5215,136,131,5,5
5216,110,98,12,12
5217,84,73,11,11
5218,93,83,10,10
5219,68,73,-5,5
5220,88,87,1,1
5221,89,91,-2,2
5222,134,133,1,1
5223,128,123,5,5
5224,79,76,3,3
5225,66,70,-4,4
5226,58,52,6,6
5227,58,72,-14,14
5228,69,74,-5,5
5229,56,59,-3,3
5230,85,90,-5,5
5231,73,81,-8,8
5232,97,91,6,6
5233,100,86,14,14
5234,82,68,14,14
5235,65,65,0,0
5236,90,87,3,3
5237,66,79,-13,13
5238,58,54,4,4
5239,62,99,-37,37
5240,50,48,2,2
5241,84,70,14,14
5242,82,83,-1,1
5243,147,153,-6,6
5244,91,89,2,2
5245,95,94,1,1
5246,121,113,8,8
5247,56,63,-7,7
5248,54,40,14,14
5249,103,96,7,7
5250,86,77,9,9
5251,85,81,4,4
5252,97,88,9,9
5253,92,77,15,15
5254,59,53,6,6
5255,115,105,10,10
5256,116,102,14,14
5257,101,99,2,2
5258,120,103,17,17
5259,164,133,31,31
5260,55,48,7,7
5261,91,91,0,0
5262,75,76,-1,1
5263,121,116,5,5
5264,57,60,-3,3
5265,38,62,-24,24
5266,92,78,14,14
5267,67,62,5,5
5268,120,115,5,5
5269,83,80,3,3
5270,138,137,1,1
5271,169,150,19,19
5272,59,66,-7,7
5273,47,48,-1,1
5274,46,43,3,3
5275,123,130,-7,7
5276,142,131,11,11
5277,80,83,-3,3
5278,31,40,-9,9
5279,128,124,4,4
5280,112,102,10,10
5281,98,97,1,1
5282,55,55,0,0
5283,110,87,23,23
5284,91,95,-4,4
5285,112,90,22,22
5286,115,101,14,14
5287,73,66,7,7
5288,106,103,3,3
5289,93,93,0,0
5290,166,175,-9,9
5291,128,136,-8,8
5292,112,102,10,10
5293,89,80,9,9
5294,74,76,-2,2
5295,106,113,-7,7
5296,72,68,4,4
5297,78,81,-3,3
5298,92,103,-11,11
5299,140,126,14,14
5300,103,101,2,2
5301,102,113,-11,11
5302,63,78,-15,15
5303,169,152,17,17
5304,78,82,-4,4
5305,132,124,8,8
5306,50,54,-4,4
5307,127,105,22,22
5308,138,113,25,25
5309,61,54,7,7
5310,87,84,3,3
5311,109,111,-2,2
5312,77,91,-14,14
5313,92,103,-11,11
5314,84,78,6,6
5315,140,116,24,24
5316,79,86,-7,7
5317,87,81,6,6
5318,76,80,-4,4
5319,54,52,2,2
5320,77,79,-2,2
5321,28,55,-27,27
5322,85,73,12,12
5323,41,40,1,1
5324,78,85,-7,7
5325,117,102,15,15
5326,99,105,-6,6
5327,130,120,10,10
5328,58,61,-3,3
5329,76,71,5,5
5330,72,75,-3,3
5331,72,70,2,2
5332,130,107,23,23
5333,85,85,0,0
5334,74,76,-2,2
5335,117,103,14,14
5336,105,101,4,4
5337,114,110,4,4
5338,94,86,8,8
5339,127,121,6,6
5340,100,91,9,9
5341,100,106,-6,6
5342,114,105,9,9
5343,137,139,-2,2
5344,141,130,11,11
5345,186,178,8,8
5346,49,52,-3,3
5347,71,72,-1,1
5348,144,141,3,3
5349,108,84,24,24
5350,102,86,16,16
5351,129,129,0,0
5352,123,118,5,5
5353,48,54,-6,6
5354,70,69,1,1
5355,81,81,0,0
5356,72,75,-3,3
5357,76,79,-3,3
5358,114,122,-8,8
5359,130,122,8,8
5360,113,116,-3,3
5361,57,64,-7,7
5362,77,74,3,3
5363,117,111,6,6
5364,79,74,5,5
5365,87,89,-2,2
5366,99,95,4,4
5367,211,203,8,8
5368,92,85,7,7
5369,119,105,14,14
5370,54,60,-6,6
5371,111,98,13,13
5372,67,64,3,3
5373,185,197,-12,12
5374,68,73,-5,5
5375,190,167,23,23
5376,124,115,9,9
5377,80,92,-12,12
5378,78,73,5,5
5379,92,100,-8,8
5380,70,69,1,1
5381,51,66,-15,15
5382,89,90,-1,1
5383,82,92,-10,10
5384,83,81,2,2
5385,204,193,11,11
5386,114,99,15,15
5387,62,61,1,1
5388,100,84,16,16
5389,143,168,-25,25
5390,89,85,4,4
5391,123,131,-8,8
5392,150,131,19,19
5393,135,102,33,33
5394,114,116,-2,2
5395,94,97,-3,3
5396,158,152,6,6
5397,58,71,-13,13
5398,94,79,15,15
5399,59,60,-1,1
5400,81,98,-17,17
5401,70,69,1,1
5402,79,77,2,2
5403,49,60,-11,11
5404,85,78,7,7
5405,85,80,5,5
5406,55,51,4,4
5407,97,96,1,1
5408,95,94,1,1
5409,129,123,6,6
5410,53,53,0,0
5411,109,112,-3,3
5412,92,82,10,10
5413,122,103,19,19
5414,102,99,3,3
5415,98,110,-12,12
5416,68,73,-5,5
5417,108,104,4,4
5418,92,88,4,4
5419,95,88,7,7
5420,65,61,4,4
5421,27,32,-5,5
5422,62,63,-1,1
5423,109,102,7,7
5424,72,74,-2,2
5425,58,66,-8,8
5426,121,101,20,20
5427,101,101,0,0
5428,63,69,-6,6
5429,38,32,6,6
5430,145,131,14,14
5431,103,97,6,6
5432,215,283,-68,68
5433,122,110,12,12
5434,90,91,-1,1
5435,67,68,-1,1
5436,98,111,-13,13
5437,106,115,-9,9
5438,119,118,1,1
5439,93,90,3,3
5440,48,56,-8,8
5441,87,84,3,3
5442,108,112,-4,4
5443,72,68,4,4
5444,124,121,3,3
5445,114,115,-1,1
5446,43,39,4,4
5447,109,105,4,4
5448,99,99,0,0
5449,116,107,9,9
5450,72,84,-12,12
5451,122,122,0,0
5452,98,106,-8,8
5453,144,148,-4,4
5454,78,72,6,6
5455,70,64,6,6
5456,114,101,13,13
5457,137,129,8,8
5458,113,102,11,11
5459,115,100,15,15
5460,85,84,1,1
5461,63,59,4,4
5462,114,116,-2,2
5463,88,87,1,1
5464,125,114,11,11
5465,116,106,10,10
5466,150,123,27,27
5467,78,86,-8,8
5468,75,74,1,1
5469,81,85,-4,4
5470,116,115,1,1
5471,64,64,0,0
5472,93,93,0,0
5473,96,83,13,13
5474,147,155,-8,8
5475,77,62,15,15
5476,139,141,-2,2
5477,64,53,11,11
5478,82,86,-4,4
5479,70,65,5,5
5480,142,132,10,10
5481,99,98,1,1
5482,64,66,-2,2
5483,80,86,-6,6
5484,69,66,3,3
5485,64,63,1,1
5486,99,95,4,4
5487,120,116,4,4
5488,80,79,1,1
5489,145,145,0,0
5490,161,147,14,14
5491,86,90,-4,4
5492,123,117,6,6
5493,91,80,11,11
5494,147,135,12,12
5495,92,85,7,7
5496,79,79,0,0
5497,144,125,19,19
5498,72,66,6,6
5499,91,105,-14,14
5500,162,157,5,5
5501,76,87,-11,11
5502,82,81,1,1
5503,63,73,-10,10
5504,71,72,-1,1
5505,74,73,1,1
5506,152,141,11,11
5507,102,103,-1,1
5508,70,60,10,10
5509,46,53,-7,7
5510,85,91,-6,6
5511,81,79,2,2
5512,85,85,0,0
5513,108,92,16,16
5514,124,102,22,22
5515,81,87,-6,6
5516,97,130,-33,33
5517,137,133,4,4
5518,125,117,8,8
5519,90,94,-4,4
5520,83,67,16,16
5521,89,85,4,4
5522,124,110,14,14
5523,101,82,19,19
5524,103,105,-2,2
5525,61,56,5,5
5526,85,73,12,12
5527,102,98,4,4
5528,83,92,-9,9
5529,91,95,-4,4
5530,131,104,27,27
5531,150,136,14,14
5532,107,105,2,2
5533,115,112,3,3
5534,126,115,11,11
5535,129,133,-4,4
5536,95,83,12,12
5537,143,128,15,15
5538,115,105,10,10
5539,85,83,2,2
5540,164,162,2,2
5541,95,91,4,4
5542,137,144,-7,7
5543,121,111,10,10
5544,83,85,-2,2
5545,115,123,-8,8
5546,154,166,-12,12
5547,115,120,-5,5
5548,88,78,10,10
5549,116,111,5,5
5550,119,106,13,13
5551,30,36,-6,6
5552,100,88,12,12
5553,132,140,-8,8
5554,186,172,14,14
5555,82,83,-1,1
5556,176,139,37,37
5557,107,97,10,10
5558,89,89,0,0
5559,94,93,1,1
5560,51,48,3,3
5561,138,136,2,2
5562,78,73,5,5
5563,59,53,6,6
5564,58,58,0,0
5565,67,70,-3,3
5566,79,69,10,10
5567,54,55,-1,1
5568,62,69,-7,7
5569,83,80,3,3
5570,75,78,-3,3
5571,115,109,6,6
5572,114,113,1,1
5573,126,108,18,18
5574,88,98,-10,10
5575,69,68,1,1
5576,38,52,-14,14
5577,71,62,9,9
5578,66,66,0,0
5579,62,60,2,2
5580,75,69,6,6
5581,59,62,-3,3
5582,97,100,-3,3
5583,81,94,-13,13
5584,69,76,-7,7
5585,81,72,9,9
5586,101,99,2,2
5587,97,92,5,5
5588,60,74,-14,14
5589,119,110,9,9
5590,113,142,-29,29
5591,130,105,25,25
5592,61,74,-13,13
5593,166,157,9,9
5594,51,62,-11,11
5595,140,119,21,21
5596,109,110,-1,1
5597,115,115,0,0
5598,112,112,0,0
5599,89,86,3,3
5600,65,70,-5,5
5601,97,100,-3,3
5602,81,76,5,5
5603,59,55,4,4
5604,52,51,1,1
5605,74,85,-11,11
5606,76,73,3,3
5607,111,78,33,33
5608,112,111,1,1
5609,66,66,0,0
5610,96,90,6,6
5611,61,64,-3,3
5612,162,149,13,13
5613,120,108,12,12
5614,68,87,-19,19
5615,61,71,-10,10
5616,110,102,8,8
5617,114,114,0,0
5618,41,45,-4,4
5619,63,54,9,9
5620,77,72,5,5
5621,92,83,9,9
5622,80,72,8,8
5623,40,41,-1,1
5624,56,47,9,9
5625,72,74,-2,2
5626,123,111,12,12
5627,77,78,-1,1
5628,107,106,1,1
5629,112,107,5,5
5630,72,64,8,8
5631,99,101,-2,2
5632,118,110,8,8
5633,77,75,2,2
5634,139,130,9,9
5635,84,73,11,11
5636,62,67,-5,5
5637,100,101,-1,1
5638,80,84,-4,4
5639,91,92,-1,1
5640,113,105,8,8
5641,45,44,1,1
5642,71,64,7,7
5643,122,101,21,21
5644,53,53,0,0
5645,78,87,-9,9
5646,65,58,7,7
5647,40,55,-15,15
5648,136,126,10,10
5649,120,107,13,13
5650,104,112,-8,8
5651,85,90,-5,5
5652,89,86,3,3
5653,84,88,-4,4
5654,80,91,-11,11
5655,119,119,0,0
5656,105,96,9,9
5657,61,68,-7,7
5658,53,67,-14,14
5659,69,70,-1,1
5660,83,88,-5,5
5661,122,110,12,12
5662,88,83,5,5
5663,88,84,4,4
5664,104,106,-2,2
5665,94,85,9,9
5666,133,114,19,19
5667,53,77,-24,24
5668,73,84,-11,11
5669,92,90,2,2
5670,92,83,9,9
5671,91,92,-1,1
5672,82,81,1,1
5673,87,88,-1,1
5674,135,116,19,19
5675,126,113,13,13
5676,94,88,6,6
5677,55,53,2,2
5678,104,89,15,15
5679,127,122,5,5
5680,135,125,10,10
5681,145,122,23,23
5682,99,94,5,5
5683,96,98,-2,2
5684,103,84,19,19
5685,32,30,2,2
5686,74,73,1,1
5687,109,94,15,15
5688,59,61,-2,2
5689,101,96,5,5
5690,69,71,-2,2
5691,71,85,-14,14
5692,101,89,12,12
5693,129,117,12,12
5694,114,111,3,3
5695,73,84,-11,11
5696,179,159,20,20
5697,81,82,-1,1
5698,127,120,7,7
5699,129,132,-3,3
5700,57,57,0,0
5701,50,53,-3,3
5702,80,74,6,6
5703,116,110,6,6
5704,93,83,10,10
5705,164,140,24,24
5706,43,39,4,4
5707,96,105,-9,9
5708,88,75,13,13
5709,66,62,4,4
5710,97,102,-5,5
5711,86,87,-1,1
5712,83,93,-10,10
5713,87,82,5,5
5714,61,67,-6,6
5715,81,74,7,7
5716,164,152,12,12
5717,138,136,2,2
5718,115,110,5,5
5719,86,80,6,6
5720,118,141,-23,23
5721,67,67,0,0
5722,87,87,0,0
5723,74,69,5,5
5724,51,52,-1,1
5725,67,62,5,5
5726,84,82,2,2
5727,94,94,0,0
5728,69,72,-3,3
5729,115,116,-1,1
5730,48,52,-4,4
5731,77,77,0,0
5732,81,77,4,4
5733,110,114,-4,4
5734,74,86,-12,12
5735,54,66,-12,12
5736,84,85,-1,1
5737,70,75,-5,5
5738,64,68,-4,4
5739,80,82,-2,2
5740,78,75,3,3
5741,83,88,-5,5
5742,81,78,3,3
5743,34,36,-2,2
5744,149,154,-5,5
5745,50,51,-1,1
5746,57,52,5,5
5747,75,72,3,3
5748,139,126,13,13
5749,48,51,-3,3
5750,61,68,-7,7
5751,96,87,9,9
5752,64,55,9,9
5753,90,102,-12,12
5754,81,82,-1,1
5755,119,125,-6,6
5756,129,130,-1,1
5757,111,110,1,1
5758,79,87,-8,8
5759,107,97,10,10
5760,77,80,-3,3
5761,67,72,-5,5
5762,103,99,4,4
5763,60,58,2,2
5764,115,114,1,1
5765,62,62,0,0
5766,71,71,0,0
5767,67,73,-6,6
5768,46,46,0,0
5769,52,49,3,3
5770,55,58,-3,3
5771,95,82,13,13
5772,119,107,12,12
5773,156,160,-4,4
5774,89,81,8,8
5775,130,105,25,25
5776,149,151,-2,2
5777,53,75,-22,22
5778,103,97,6,6
5779,181,155,26,26
5780,88,93,-5,5
5781,91,89,2,2
5782,79,73,6,6
5783,64,75,-11,11
5784,85,87,-2,2
5785,45,45,0,0
5786,72,67,5,5
5787,118,109,9,9
5788,54,52,2,2
5789,98,98,0,0
5790,79,82,-3,3
5791,63,56,7,7
5792,27,48,-21,21
5793,142,130,12,12
5794,67,68,-1,1
5795,146,137,9,9
5796,80,87,-7,7
5797,68,69,-1,1
5798,92,92,0,0
5799,48,53,-5,5
5800,117,96,21,21
5801,98,94,4,4
5802,73,74,-1,1
5803,84,80,4,4
5804,95,84,11,11
5805,120,120,0,0
5806,151,167,-16,16
5807,50,53,-3,3
5808,93,94,-1,1
5809,150,141,9,9
5810,65,77,-12,12
5811,76,78,-2,2
5812,69,62,7,7
5813,91,86,5,5
5814,81,84,-3,3
5815,92,82,10,10
5816,127,154,-27,27
5817,100,92,8,8
5818,98,94,4,4
5819,109,99,10,10
5820,69,76,-7,7
5821,94,89,5,5
5822,156,128,28,28
5823,82,92,-10,10
5824,62,78,-16,16
5825,56,50,6,6
5826,44,44,0,0
5827,134,100,34,34
5828,75,66,9,9
5829,88,86,2,2
5830,63,78,-15,15
5831,106,103,3,3
5832,121,101,20,20
5833,94,100,-6,6
5834,89,94,-5,5
5835,45,48,-3,3
5836,76,77,-1,1
5837,85,84,1,1
5838,129,130,-1,1
5839,113,101,12,12
5840,127,112,15,15
5841,129,132,-3,3
5842,92,80,12,12
5843,60,59,1,1
5844,91,81,10,10
5845,90,84,6,6
5846,143,136,7,7
5847,79,74,5,5
5848,118,159,-41,41
5849,65,60,5,5
5850,88,72,16,16
5851,102,101,1,1
5852,67,70,-3,3
5853,104,95,9,9
5854,164,138,26,26
5855,145,133,12,12
5856,51,51,0,0
5857,35,39,-4,4
5858,125,120,5,5
5859,78,77,1,1
5860,110,108,2,2
5861,133,131,2,2
5862,92,91,1,1
5863,89,92,-3,3
5864,66,70,-4,4
5865,96,98,-2,2
5866,74,72,2,2
5867,21,31,-10,10
5868,52,51,1,1
5869,49,54,-5,5
5870,133,137,-4,4
5871,56,56,0,0
5872,48,49,-1,1
5873,53,53,0,0
5874,86,86,0,0
5875,81,90,-9,9
5876,139,140,-1,1
5877,111,113,-2,2
5878,118,121,-3,3
5879,61,59,2,2
5880,88,91,-3,3
5881,58,52,6,6
5882,91,86,5,5
5883,110,103,7,7
5884,118,93,25,25
5885,109,100,9,9
5886,52,49,3,3
5887,69,71,-2,2
5888,144,126,18,18
5889,87,82,5,5
5890,153,121,32,32
5891,49,49,0,0
5892,106,108,-2,2
5893,85,77,8,8
5894,95,90,5,5
5895,99,101,-2,2
5896,154,149,5,5
5897,64,80,-16,16
5898,74,68,6,6
5899,94,84,10,10
5900,83,64,19,19
5901,66,63,3,3
5902,48,59,-11,11
5903,87,101,-14,14
5904,28,51,-23,23
5905,63,63,0,0
5906,117,106,11,11
5907,169,164,5,5
5908,54,48,6,6
5909,118,113,5,5
5910,77,71,6,6
5911,87,96,-9,9
5912,259,252,7,7
5913,116,118,-2,2
5914,141,119,22,22
5915,63,70,-7,7
5916,194,188,6,6
5917,58,70,-12,12
5918,117,111,6,6
5919,101,101,0,0
5920,128,123,5,5
5921,99,84,15,15
5922,122,101,21,21
5923,146,134,12,12
5924,117,102,15,15
5925,85,96,-11,11
5926,156,148,8,8
5927,85,85,0,0
5928,149,152,-3,3
5929,62,71,-9,9
5930,133,128,5,5
5931,76,73,3,3
5932,67,66,1,1
5933,125,134,-9,9
5934,73,63,10,10
5935,106,80,26,26
5936,98,96,2,2
5937,113,113,0,0
5938,151,146,5,5
5939,91,87,4,4
5940,115,116,-1,1
5941,99,99,0,0
5942,51,51,0,0
5943,102,95,7,7
5944,123,106,17,17
5945,71,69,2,2
5946,116,115,1,1
5947,118,112,6,6
5948,151,158,-7,7
5949,93,83,10,10
5950,77,74,3,3
5951,52,46,6,6
5952,88,84,4,4
5953,56,48,8,8
5954,152,157,-5,5
5955,129,127,2,2
5956,75,79,-4,4
5957,98,90,8,8
5958,149,153,-4,4
5959,73,66,7,7
5960,96,102,-6,6
5961,145,158,-13,13
5962,88,73,15,15
5963,159,144,15,15
5964,178,163,15,15
5965,81,86,-5,5
5966,142,129,13,13
5967,97,103,-6,6
5968,145,139,6,6
5969,91,85,6,6
5970,85,75,10,10
5971,87,78,9,9
5972,90,85,5,5
5973,68,69,-1,1
5974,94,80,14,14
5975,101,91,10,10
5976,92,81,11,11
5977,71,79,-8,8
5978,113,121,-8,8
5979,102,91,11,11
5980,114,113,1,1
5981,97,93,4,4
5982,47,56,-9,9
5983,60,70,-10,10
5984,135,134,1,1
5985,58,55,3,3
5986,206,197,9,9
5987,68,71,-3,3
5988,42,48,-6,6
5989,73,64,9,9
5990,83,73,10,10
5991,72,63,9,9
5992,111,77,34,34
5993,58,51,7,7
5994,130,134,-4,4
5995,111,105,6,6
5996,140,151,-11,11
5997,95,106,-11,11
5998,96,94,2,2
5999,91,95,-4,4
6000,79,79,0,0
6001,74,80,-6,6
6002,169,147,22,22
6003,117,108,9,9
6004,78,53,25,25
6005,115,113,2,2
6006,44,42,2,2
6007,103,110,-7,7
6008,78,94,-16,16
6009,49,56,-7,7
6010,126,127,-1,1
6011,93,83,10,10
6012,140,137,3,3
6013,85,88,-3,3
6014,116,122,-6,6
6015,83,84,-1,1
6016,96,106,-10,10
6017,143,117,26,26
6018,74,73,1,1
6019,92,89,3,3
6020,63,67,-4,4
6021,49,56,-7,7
6022,144,140,4,4
6023,54,50,4,4
6024,116,140,-24,24
6025,66,73,-7,7
6026,56,60,-4,4
6027,56,84,-28,28
6028,107,109,-2,2
6029,140,129,11,11
6030,92,101,-9,9
6031,76,79,-3,3
6032,90,92,-2,2
6033,138,124,14,14
6034,71,65,6,6
6035,89,94,-5,5
6036,66,65,1,1
6037,60,64,-4,4
6038,116,120,-4,4
6039,179,171,8,8
6040,90,77,13,13
6041,116,117,-1,1
6042,89,84,5,5
6043,95,94,1,1
6044,85,85,0,0
6045,53,48,5,5
6046,166,167,-1,1
6047,43,43,0,0
6048,119,123,-4,4
6049,105,116,-11,11
6050,121,108,13,13
6051,73,65,8,8
6052,67,70,-3,3
6053,119,117,2,2
6054,106,106,0,0
6055,72,72,0,0
6056,75,71,4,4
6057,70,79,-9,9
6058,143,139,4,4
6059,83,72,11,11
6060,83,64,19,19
6061,46,57,-11,11
6062,47,45,2,2
6063,119,115,4,4
6064,108,95,13,13
6065,43,54,-11,11
6066,64,54,10,10
6067,83,82,1,1
6068,141,133,8,8
6069,107,102,5,5
6070,35,52,-17,17
6071,119,116,3,3
6072,88,78,10,10
6073,77,87,-10,10
6074,75,71,4,4
6075,140,134,6,6
6076,66,64,2,2
6077,121,124,-3,3
6078,47,59,-12,12
6079,68,73,-5,5
6080,112,107,5,5
6081,178,162,16,16
6082,87,87,0,0
6083,164,148,16,16
6084,79,81,-2,2
6085,71,75,-4,4
6086,111,118,-7,7
6087,78,84,-6,6
6088,160,165,-5,5
6089,98,101,-3,3
6090,115,172,-57,57
6091,95,107,-12,12
6092,65,59,6,6
6093,159,161,-2,2
6094,85,84,1,1
6095,69,63,6,6
6096,116,108,8,8
6097,55,58,-3,3
6098,96,96,0,0
6099,94,82,12,12
6100,72,64,8,8
6101,94,86,8,8
6102,124,131,-7,7
6103,62,54,8,8
6104,79,68,11,11
6105,146,135,11,11
6106,42,46,-4,4
6107,85,81,4,4
6108,100,85,15,15
6109,131,112,19,19
6110,72,75,-3,3
6111,49,45,4,4
6112,116,106,10,10
6113,102,97,5,5
6114,135,134,1,1
6115,138,127,11,11
6116,40,63,-23,23
6117,104,99,5,5
6118,99,95,4,4
6119,50,47,3,3
6120,108,101,7,7
6121,106,97,9,9
6122,93,88,5,5
6123,155,157,-2,2
6124,127,119,8,8
6125,78,74,4,4
6126,87,88,-1,1
6127,73,76,-3,3
6128,92,90,2,2
6129,86,88,-2,2
6130,117,112,5,5
6131,65,65,0,0
6132,44,46,-2,2
6133,142,127,15,15
6134,83,87,-4,4
6135,104,93,11,11
6136,119,98,21,21
6137,112,112,0,0
6138,96,76,20,20
6139,58,56,2,2
6140,44,40,4,4
6141,107,111,-4,4
6142,115,109,6,6
6143,87,96,-9,9
6144,102,96,6,6
6145,89,86,3,3
6146,119,111,8,8
6147,101,109,-8,8
6148,55,61,-6,6
6149,92,86,6,6
6150,108,98,10,10
6151,57,51,6,6
6152,119,116,3,3
6153,133,126,7,7
6154,80,83,-3,3
6155,66,69,-3,3
6156,114,102,12,12
6157,111,112,-1,1
6158,140,126,14,14
6159,108,94,14,14
6160,89,99,-10,10
6161,88,74,14,14
6162,76,80,-4,4
6163,80,82,-2,2
6164,98,91,7,7
6165,73,96,-23,23
6166,136,124,12,12
6167,50,49,1,1
6168,88,96,-8,8
6169,69,68,1,1
6170,151,141,10,10
6171,66,64,2,2
6172,73,66,7,7
6173,65,63,2,2
6174,72,77,-5,5
6175,52,56,-4,4
6176,108,102,6,6
6177,86,82,4,4
6178,34,32,2,2
6179,183,190,-7,7
6180,54,49,5,5
6181,122,122,0,0
6182,64,64,0,0
6183,75,78,-3,3
6184,105,92,13,13
6185,65,68,-3,3
6186,84,90,-6,6
6187,101,96,5,5
6188,117,105,12,12
6189,148,141,7,7
6190,66,67,-1,1
6191,106,104,2,2
6192,147,128,19,19
6193,108,109,-1,1
6194,133,105,28,28
6195,42,42,0,0
6196,67,62,5,5
6197,117,109,8,8
6198,127,131,-4,4
6199,84,79,5,5
6200,72,76,-4,4
6201,77,74,3,3
6202,83,80,3,3
6203,77,90,-13,13
6204,133,128,5,5
6205,61,64,-3,3
6206,75,80,-5,5
6207,81,76,5,5
6208,95,85,10,10
6209,115,99,16,16
6210,106,88,18,18
6211,85,73,12,12
6212,89,88,1,1
6213,103,101,2,2
6214,78,76,2,2
6215,83,77,6,6
6216,128,104,24,24
6217,64,70,-6,6
6218,87,79,8,8
6219,108,93,15,15
6220,108,100,8,8
6221,77,70,7,7
6222,65,71,-6,6
6223,56,56,0,0
6224,69,63,6,6
6225,83,84,-1,1
6226,93,95,-2,2
6227,85,80,5,5
6228,177,175,2,2
6229,52,55,-3,3
6230,35,43,-8,8
6231,128,116,12,12
6232,98,87,11,11
6233,83,84,-1,1
6234,67,64,3,3
6235,102,99,3,3
6236,115,112,3,3
6237,103,98,5,5
6238,99,98,1,1
6239,100,96,4,4
6240,148,130,18,18
6241,67,69,-2,2
6242,131,136,-5,5
6243,76,75,1,1
6244,91,93,-2,2
6245,110,86,24,24
6246,133,135,-2,2
6247,77,91,-14,14
6248,151,145,6,6
6249,130,132,-2,2
6250,80,80,0,0
6251,86,84,2,2
6252,117,113,4,4
6253,72,69,3,3
6254,104,103,1,1
6255,108,99,9,9
6256,103,103,0,0
6257,57,65,-8,8
6258,30,38,-8,8
6259,70,70,0,0
6260,93,101,-8,8
6261,75,70,5,5
6262,46,51,-5,5
6263,169,131,38,38
6264,88,83,5,5
6265,71,75,-4,4
6266,97,93,4,4
6267,133,123,10,10
6268,77,72,5,5
6269,93,93,0,0
6270,52,61,-9,9
6271,124,134,-10,10
6272,60,91,-31,31
6273,53,58,-5,5
6274,98,94,4,4
6275,105,87,18,18
6276,92,86,6,6
6277,106,98,8,8
6278,55,53,2,2
6279,94,93,1,1
6280,94,75,19,19
6281,67,68,-1,1
6282,109,100,9,9
6283,61,58,3,3
6284,49,54,-5,5
6285,99,92,7,7
6286,109,93,16,16
6287,73,65,8,8
6288,107,101,6,6
6289,82,85,-3,3
6290,122,115,7,7
6291,50,52,-2,2
6292,102,95,7,7
6293,99,94,5,5
6294,40,41,-1,1
6295,61,56,5,5
6296,94,99,-5,5
6297,55,58,-3,3
6298,66,61,5,5
6299,58,66,-8,8
6300,139,148,-9,9
6301,104,87,17,17
6302,74,65,9,9
6303,77,69,8,8
6304,77,65,12,12
6305,91,92,-1,1
6306,74,72,2,2
6307,63,58,5,5
6308,56,54,2,2
6309,103,110,-7,7
6310,83,91,-8,8
6311,69,86,-17,17
6312,165,148,17,17
6313,109,109,0,0
6314,93,79,14,14
6315,123,119,4,4
6316,142,137,5,5
6317,71,64,7,7
6318,102,96,6,6
6319,81,80,1,1
6320,178,156,22,22
6321,75,81,-6,6
6322,68,67,1,1
6323,135,122,13,13
6324,103,95,8,8
6325,108,115,-7,7
6326,62,76,-14,14
6327,95,104,-9,9
6328,114,109,5,5
6329,120,115,5,5
6330,124,123,1,1
6331,90,87,3,3
6332,29,46,-17,17
6333,69,71,-2,2
6334,61,73,-12,12
6335,85,82,3,3
6336,83,88,-5,5
6337,122,113,9,9
6338,148,146,2,2
6339,108,104,4,4
6340,96,97,-1,1
6341,75,75,0,0
6342,101,111,-10,10
6343,81,82,-1,1
6344,98,102,-4,4
6345,95,88,7,7
6346,100,95,5,5
6347,96,95,1,1
6348,161,169,-8,8
6349,84,101,-17,17
6350,55,51,4,4
6351,59,68,-9,9
6352,124,121,3,3
6353,137,145,-8,8
6354,118,119,-1,1
6355,144,117,27,27
6356,182,173,9,9
6357,126,117,9,9
6358,127,116,11,11
6359,111,103,8,8
6360,92,88,4,4
6361,106,102,4,4
6362,74,78,-4,4
6363,68,80,-12,12
6364,108,115,-7,7
6365,95,85,10,10
6366,103,103,0,0
6367,81,85,-4,4
6368,86,82,4,4
6369,170,156,14,14
6370,50,45,5,5
6371,51,51,0,0
6372,94,84,10,10
6373,146,157,-11,11
6374,74,72,2,2
6375,100,85,15,15
6376,128,104,24,24
6377,74,64,10,10
6378,108,114,-6,6
6379,77,84,-7,7
6380,63,63,0,0
6381,50,45,5,5
6382,109,91,18,18
6383,52,53,-1,1
6384,68,80,-12,12
6385,90,92,-2,2
6386,80,88,-8,8
6387,55,56,-1,1
6388,103,105,-2,2
6389,84,87,-3,3
6390,90,88,2,2
6391,66,82,-16,16
6392,167,158,9,9
6393,82,84,-2,2
6394,73,73,0,0
6395,86,95,-9,9
6396,71,71,0,0
6397,80,85,-5,5
6398,92,87,5,5
6399,117,95,22,22
6400,51,71,-20,20
6401,94,77,17,17
6402,84,79,5,5
6403,135,136,-1,1
6404,66,79,-13,13
6405,151,144,7,7
6406,92,86,6,6
6407,102,100,2,2
6408,116,101,15,15
6409,50,54,-4,4
6410,88,91,-3,3
6411,119,115,4,4
6412,107,102,5,5
6413,93,106,-13,13
6414,142,135,7,7
6415,52,53,-1,1
6416,115,118,-3,3
6417,52,58,-6,6
6418,56,57,-1,1
6419,152,136,16,16
6420,83,77,6,6
6421,62,66,-4,4
6422,64,71,-7,7
6423,119,107,12,12
6424,157,123,34,34
6425,51,65,-14,14
6426,118,114,4,4
6427,58,70,-12,12
6428,94,88,6,6
6429,45,52,-7,7
6430,120,108,12,12
6431,88,79,9,9
6432,84,89,-5,5
6433,131,126,5,5
6434,98,92,6,6
6435,50,52,-2,2
6436,88,90,-2,2
6437,101,115,-14,14
6438,78,81,-3,3
6439,40,63,-23,23
6440,103,109,-6,6
6441,96,84,12,12
6442,83,77,6,6
6443,93,92,1,1
6444,82,72,10,10
6445,103,102,1,1
6446,41,62,-21,21
6447,39,46,-7,7
6448,60,61,-1,1
6449,137,120,17,17
6450,46,48,-2,2
6451,51,52,-1,1
6452,82,86,-4,4
6453,131,124,7,7
6454,66,76,-10,10
6455,76,73,3,3
6456,204,200,4,4
6457,106,110,-4,4
6458,72,67,5,5
6459,145,133,12,12
6460,80,72,8,8
6461,89,92,-3,3
6462,148,132,16,16
6463,141,128,13,13
6464,59,69,-10,10
6465,51,46,5,5
6466,88,88,0,0
6467,77,68,9,9
6468,103,93,10,10
6469,94,85,9,9
6470,92,75,17,17
6471,82,71,11,11
6472,89,92,-3,3
6473,72,69,3,3
6474,135,126,9,9
6475,135,131,4,4
6476,85,79,6,6
6477,63,68,-5,5
6478,173,154,19,19
6479,108,111,-3,3
6480,141,109,32,32
6481,85,96,-11,11
6482,144,132,12,12
6483,66,63,3,3
6484,86,90,-4,4
6485,84,82,2,2
6486,107,100,7,7
6487,60,54,6,6
6488,62,74,-12,12
6489,174,169,5,5
6490,68,58,10,10
6491,74,78,-4,4
6492,67,65,2,2
6493,72,73,-1,1
6494,117,100,17,17
6495,93,112,-19,19
6496,69,75,-6,6
6497,75,75,0,0
6498,84,87,-3,3
6499,101,104,-3,3
6500,78,77,1,1
6501,202,200,2,2
6502,97,104,-7,7
6503,79,78,1,1
6504,97,102,-5,5
6505,60,65,-5,5
6506,58,59,-1,1
6507,113,106,7,7
6508,63,63,0,0
6509,79,87,-8,8
6510,94,95,-1,1
6511,129,122,7,7
6512,142,133,9,9
6513,96,92,4,4
6514,83,71,12,12
6515,137,126,11,11
6516,99,89,10,10
6517,92,94,-2,2
6518,92,108,-16,16
6519,69,67,2,2
6520,126,139,-13,13
6521,148,146,2,2
6522,90,84,6,6
6523,94,85,9,9
6524,111,105,6,6
6525,86,102,-16,16
6526,49,51,-2,2
6527,124,114,10,10
6528,107,110,-3,3
6529,129,122,7,7
6530,58,48,10,10
6531,70,68,2,2
6532,70,74,-4,4
6533,91,86,5,5
6534,86,71,15,15
6535,102,100,2,2
6536,83,79,4,4
6537,119,115,4,4
6538,76,78,-2,2
6539,49,51,-2,2
6540,94,83,11,11
6541,124,100,24,24
6542,65,69,-4,4
6543,96,105,-9,9
6544,170,180,-10,10
6545,68,75,-7,7
6546,28,29,-1,1
6547,135,133,2,2
6548,151,127,24,24
6549,80,80,0,0
6550,79,90,-11,11
6551,68,72,-4,4
6552,118,102,16,16
6553,73,70,3,3
6554,104,110,-6,6
6555,147,126,21,21
6556,91,87,4,4
6557,147,129,18,18
6558,55,71,-16,16
6559,66,65,1,1
6560,121,107,14,14
6561,70,68,2,2
6562,107,103,4,4
6563,153,147,6,6
6564,124,126,-2,2
6565,59,73,-14,14
6566,90,85,5,5
6567,57,72,-15,15
6568,129,120,9,9
6569,98,98,0,0
6570,152,139,13,13
6571,55,68,-13,13
6572,93,63,30,30
6573,61,67,-6,6
6574,135,126,9,9
6575,72,64,8,8
6576,105,110,-5,5
6577,65,90,-25,25
6578,91,95,-4,4
6579,117,107,10,10
6580,85,87,-2,2
6581,125,116,9,9
6582,57,59,-2,2
6583,151,134,17,17
6584,68,77,-9,9
6585,104,110,-6,6
6586,53,60,-7,7
6587,88,85,3,3
6588,91,77,14,14
6589,184,142,42,42
6590,99,95,4,4
6591,189,169,20,20
6592,186,156,30,30
6593,125,118,7,7
6594,62,72,-10,10
6595,103,102,1,1
6596,183,185,-2,2
6597,62,57,5,5
6598,66,66,0,0
6599,73,68,5,5
6600,114,109,5,5
6601,123,117,6,6
6602,108,89,19,19
6603,115,106,9,9
6604,124,121,3,3
6605,66,75,-9,9
6606,104,79,25,25
6607,75,74,1,1
6608,108,121,-13,13
6609,81,88,-7,7
6610,82,68,14,14
6611,80,70,10,10
6612,30,37,-7,7
6613,90,87,3,3
6614,62,60,2,2
6615,86,74,12,12
6616,56,63,-7,7
6617,95,101,-6,6
6618,100,96,4,4
6619,102,96,6,6
6620,102,111,-9,9
6621,59,53,6,6
6622,152,122,30,30
6623,163,164,-1,1
6624,143,132,11,11
6625,162,153,9,9
6626,84,95,-11,11
6627,78,80,-2,2
6628,92,100,-8,8
6629,79,84,-5,5
6630,78,70,8,8
6631,120,103,17,17
6632,99,89,10,10
6633,103,81,22,22
6634,76,81,-5,5
6635,80,78,2,2
6636,66,66,0,0
6637,128,120,8,8
6638,85,72,13,13
6639,100,99,1,1
6640,46,54,-8,8
6641,125,119,6,6
6642,111,114,-3,3
6643,119,113,6,6
6644,59,66,-7,7
6645,55,45,10,10
6646,158,147,11,11
6647,106,112,-6,6
6648,136,126,10,10
6649,108,96,12,12
6650,124,114,10,10
6651,106,94,12,12
6652,92,87,5,5
6653,118,125,-7,7
6654,108,101,7,7
6655,114,99,15,15
6656,51,53,-2,2
6657,85,80,5,5
6658,61,76,-15,15
6659,74,62,12,12
6660,67,60,7,7
6661,108,104,4,4
6662,132,126,6,6
6663,78,68,10,10
6664,102,104,-2,2
6665,175,157,18,18
6666,140,133,7,7
6667,93,87,6,6
6668,75,89,-14,14
6669,98,93,5,5
6670,98,93,5,5
6671,119,110,9,9
6672,121,135,-14,14
6673,94,92,2,2
6674,117,91,26,26
6675,108,107,1,1
6676,87,103,-16,16
6677,100,91,9,9
6678,88,85,3,3
6679,86,58,28,28
6680,65,66,-1,1
6681,81,74,7,7
6682,89,77,12,12
6683,114,107,7,7
6684,108,107,1,1
6685,95,85,10,10
6686,100,93,7,7
6687,98,96,2,2
6688,88,82,6,6
6689,95,76,19,19
6690,92,90,2,2
6691,161,148,13,13
6692,57,46,11,11
6693,89,86,3,3
6694,67,55,12,12
6695,101,100,1,1
6696,102,115,-13,13
6697,84,78,6,6
6698,64,63,1,1
6699,127,130,-3,3
6700,97,96,1,1
6701,101,96,5,5
6702,65,68,-3,3
6703,89,80,9,9
6704,70,70,0,0
6705,67,68,-1,1
6706,169,162,7,7
6707,59,64,-5,5
6708,163,146,17,17
6709,38,44,-6,6
6710,117,119,-2,2
6711,53,47,6,6
6712,52,57,-5,5
6713,120,115,5,5
6714,80,65,15,15
6715,52,60,-8,8
6716,127,129,-2,2
6717,87,103,-16,16
6718,54,78,-24,24
6719,66,63,3,3
6720,98,87,11,11
6721,112,112,0,0
6722,56,66,-10,10
6723,114,115,-1,1
6724,90,81,9,9
6725,87,86,1,1
6726,58,53,5,5
6727,118,111,7,7
6728,96,94,2,2
6729,102,108,-6,6
6730,84,87,-3,3
6731,111,109,2,2
6732,62,69,-7,7
6733,73,65,8,8
6734,69,69,0,0
6735,133,119,14,14
6736,87,82,5,5
6737,64,62,2,2
6738,85,87,-2,2
6739,103,100,3,3
6740,86,74,12,12
6741,68,61,7,7
6742,145,144,1,1
6743,74,66,8,8
6744,91,92,-1,1
6745,102,95,7,7
6746,128,129,-1,1
6747,104,103,1,1
6748,110,108,2,2
6749,56,56,0,0
6750,83,81,2,2
6751,109,116,-7,7
6752,77,76,1,1
6753,164,143,21,21
6754,137,119,18,18
6755,134,118,16,16
6756,172,178,-6,6
6757,116,111,5,5
6758,80,77,3,3
6759,50,58,-8,8
6760,168,147,21,21
6761,68,72,-4,4
6762,88,96,-8,8
6763,48,49,-1,1
6764,60,52,8,8
6765,135,139,-4,4
6766,75,63,12,12
6767,187,172,15,15
6768,78,67,11,11
6769,117,97,20,20
6770,109,110,-1,1
6771,79,74,5,5
6772,80,83,-3,3
6773,72,79,-7,7
6774,105,103,2,2
6775,130,135,-5,5
6776,108,115,-7,7
6777,39,47,-8,8
6778,94,98,-4,4
6779,76,84,-8,8
6780,84,83,1,1
6781,110,117,-7,7
6782,79,74,5,5
6783,129,101,28,28
6784,66,66,0,0
6785,73,69,4,4
6786,90,78,12,12
6787,69,65,4,4
6788,76,67,9,9
6789,96,112,-16,16
6790,113,110,3,3
6791,118,118,0,0
6792,78,72,6,6
6793,92,81,11,11
6794,96,85,11,11
6795,111,116,-5,5
6796,143,156,-13,13
6797,101,96,5,5
6798,99,100,-1,1
6799,110,116,-6,6
6800,105,106,-1,1
6801,79,73,6,6
6802,80,93,-13,13
6803,54,54,0,0
6804,86,79,7,7
6805,66,88,-22,22
6806,96,89,7,7
6807,151,146,5,5
6808,78,95,-17,17
6809,82,81,1,1
6810,93,86,7,7
6811,57,59,-2,2
6812,129,117,12,12
6813,89,88,1,1
6814,83,89,-6,6
6815,72,86,-14,14
6816,85,86,-1,1
6817,58,57,1,1
6818,69,67,2,2
6819,69,76,-7,7
6820,55,57,-2,2
6821,114,97,17,17
6822,145,129,16,16
6823,81,80,1,1
6824,41,42,-1,1
6825,88,101,-13,13
6826,108,105,3,3
6827,104,97,7,7
6828,74,65,9,9
6829,111,109,2,2
6830,74,71,3,3
6831,82,78,4,4
6832,129,128,1,1
6833,75,87,-12,12
6834,137,125,12,12
6835,135,138,-3,3
6836,93,83,10,10
6837,73,84,-11,11
6838,125,126,-1,1
6839,110,114,-4,4
6840,147,139,8,8
6841,86,92,-6,6
6842,96,88,8,8
6843,104,95,9,9
6844,110,109,1,1
6845,80,74,6,6
6846,66,70,-4,4
6847,168,175,-7,7
6848,123,137,-14,14
6849,138,131,7,7
6850,66,65,1,1
6851,66,54,12,12
6852,143,126,17,17
6853,88,78,10,10
6854,76,82,-6,6
6855,143,146,-3,3
6856,108,94,14,14
6857,74,75,-1,1
6858,76,72,4,4
6859,59,62,-3,3
6860,87,79,8,8
6861,113,111,2,2
6862,57,53,4,4
6863,56,64,-8,8
6864,102,93,9,9
6865,74,69,5,5
6866,89,89,0,0
6867,75,77,-2,2
6868,128,125,3,3
6869,106,100,6,6
6870,92,94,-2,2
6871,138,137,1,1
6872,75,70,5,5
6873,103,99,4,4
6874,120,106,14,14
6875,136,127,9,9
6876,72,68,4,4
6877,128,128,0,0
6878,128,121,7,7
6879,150,140,10,10
6880,86,78,8,8
6881,85,78,7,7
6882,62,66,-4,4
6883,76,70,6,6
6884,123,121,2,2
6885,64,60,4,4
6886,116,119,-3,3
6887,62,63,-1,1
6888,81,73,8,8
6889,118,109,9,9
6890,117,111,6,6
6891,123,116,7,7
6892,144,121,23,23
6893,109,106,3,3
6894,79,70,9,9
6895,97,99,-2,2
6896,87,75,12,12
6897,55,47,8,8
6898,65,66,-1,1
6899,103,101,2,2
6900,90,89,1,1
6901,87,80,7,7
6902,43,45,-2,2
6903,92,87,5,5
6904,147,128,19,19
6905,106,98,8,8
6906,68,66,2,2
6907,71,64,7,7
6908,97,89,8,8
6909,93,94,-1,1
6910,69,86,-17,17
6911,92,96,-4,4
6912,77,81,-4,4
6913,132,122,10,10
6914,87,89,-2,2
6915,118,113,5,5
6916,58,54,4,4
6917,43,42,1,1
6918,80,86,-6,6
6919,118,107,11,11
6920,107,116,-9,9
6921,132,128,4,4
6922,86,87,-1,1
6923,114,100,14,14
6924,85,77,8,8
6925,66,73,-7,7
6926,65,63,2,2
6927,84,94,-10,10
6928,122,129,-7,7
6929,74,83,-9,9
6930,154,165,-11,11
6931,93,90,3,3
6932,40,79,-39,39
6933,88,84,4,4
6934,84,93,-9,9
6935,67,67,0,0
6936,113,115,-2,2
6937,110,117,-7,7
6938,217,195,22,22
6939,99,96,3,3
6940,107,101,6,6
6941,120,109,11,11
6942,116,105,11,11
6943,70,77,-7,7
6944,86,80,6,6
6945,89,82,7,7
6946,75,72,3,3
6947,72,68,4,4
6948,75,73,2,2
6949,55,61,-6,6
6950,196,197,-1,1
6951,114,105,9,9
6952,142,93,49,49
6953,76,78,-2,2
6954,71,66,5,5
6955,80,86,-6,6
6956,81,79,2,2
6957,106,99,7,7
6958,126,119,7,7
6959,114,115,-1,1
6960,90,91,-1,1
6961,134,129,5,5
6962,112,109,3,3
6963,86,94,-8,8
6964,109,109,0,0
6965,98,110,-12,12
6966,123,119,4,4
6967,48,42,6,6
6968,89,82,7,7
6969,141,137,4,4
6970,122,119,3,3
6971,65,71,-6,6
6972,163,150,13,13
6973,106,100,6,6
6974,145,150,-5,5
6975,65,57,8,8
6976,111,93,18,18
6977,110,107,3,3
6978,40,40,0,0
6979,77,78,-1,1
6980,81,81,0,0
6981,136,125,11,11
6982,124,125,-1,1
6983,107,110,-3,3
6984,83,79,4,4
6985,137,125,12,12
6986,93,94,-1,1
6987,95,88,7,7
6988,82,99,-17,17
6989,91,91,0,0
6990,139,123,16,16
6991,49,47,2,2
6992,36,27,9,9
6993,76,69,7,7
6994,57,58,-1,1
6995,128,125,3,3
6996,77,89,-12,12
6997,86,84,2,2
6998,144,139,5,5
6999,72,69,3,3
7000,48,47,1,1
7001,86,80,6,6
7002,96,87,9,9
7003,67,68,-1,1
7004,65,62,3,3
7005,132,125,7,7
7006,128,119,9,9
7007,115,107,8,8
7008,109,105,4,4
7009,63,62,1,1
7010,55,65,-10,10
7011,119,101,18,18
7012,70,65,5,5
7013,125,126,-1,1
7014,146,130,16,16
7015,84,87,-3,3
7016,120,119,1,1
7017,83,92,-9,9
7018,68,67,1,1
7019,106,96,10,10
7020,147,125,22,22
7021,81,79,2,2
7022,87,91,-4,4
7023,86,80,6,6
7024,67,69,-2,2
7025,100,98,2,2
7026,81,86,-5,5
7027,70,72,-2,2
7028,94,80,14,14
7029,123,111,12,12
7030,121,117,4,4
7031,71,69,2,2
7032,73,71,2,2
7033,79,86,-7,7
7034,98,99,-1,1
7035,147,103,44,44
7036,86,96,-10,10
7037,83,69,14,14
7038,117,100,17,17
7039,93,95,-2,2
7040,44,46,-2,2
7041,68,69,-1,1
7042,74,77,-3,3
7043,76,93,-17,17
7044,96,88,8,8
7045,80,67,13,13
7046,73,72,1,1
7047,93,87,6,6
7048,48,56,-8,8
7049,85,82,3,3
7050,140,135,5,5
7051,81,78,3,3
7052,57,53,4,4
7053,93,81,12,12
7054,119,112,7,7
7055,129,131,-2,2
7056,88,79,9,9
7057,101,103,-2,2
7058,91,88,3,3
7059,59,52,7,7
7060,109,109,0,0
7061,89,76,13,13
7062,101,90,11,11
7063,116,103,13,13
7064,86,83,3,3
7065,113,108,5,5
7066,101,91,10,10
7067,110,110,0,0
7068,115,130,-15,15
7069,137,139,-2,2
7070,64,73,-9,9
7071,133,116,17,17
7072,80,85,-5,5
7073,61,65,-4,4
7074,116,119,-3,3
7075,154,143,11,11
7076,69,73,-4,4
7077,123,130,-7,7
7078,63,71,-8,8
7079,99,114,-15,15
7080,52,51,1,1
7081,86,77,9,9
7082,79,76,3,3
7083,97,106,-9,9
7084,68,75,-7,7
7085,79,84,-5,5
7086,82,76,6,6
7087,66,59,7,7
7088,28,26,2,2
7089,54,66,-12,12
7090,76,71,5,5
7091,74,82,-8,8
7092,97,98,-1,1
7093,82,81,1,1
7094,103,100,3,3
7095,61,62,-1,1
7096,69,61,8,8
7097,60,62,-2,2
7098,61,74,-13,13
7099,100,100,0,0
7100,100,98,2,2
7101,129,118,11,11
7102,184,166,18,18
7103,119,116,3,3
7104,91,82,9,9
7105,99,109,-10,10
7106,100,93,7,7
7107,58,65,-7,7
7108,70,71,-1,1
7109,76,81,-5,5
7110,77,75,2,2
7111,70,58,12,12
7112,116,108,8,8
7113,149,142,7,7
7114,124,127,-3,3
7115,139,124,15,15
7116,142,153,-11,11
7117,77,82,-5,5
7118,96,84,12,12
7119,215,185,30,30
7120,70,67,3,3
7121,118,117,1,1
7122,89,88,1,1
7123,106,96,10,10
7124,117,106,11,11
7125,60,67,-7,7
7126,67,71,-4,4
7127,149,149,0,0
7128,364,482,-118,118
7129,110,105,5,5
7130,106,103,3,3
7131,161,161,0,0
7132,119,137,-18,18
7133,113,127,-14,14
7134,100,102,-2,2
7135,51,60,-9,9
7136,121,115,6,6
7137,108,112,-4,4
7138,107,105,2,2
7139,62,60,2,2
7140,84,84,0,0
7141,93,75,18,18
7142,143,138,5,5
7143,136,130,6,6
7144,53,62,-9,9
7145,97,97,0,0
7146,139,142,-3,3
7147,126,125,1,1
7148,46,52,-6,6
7149,172,169,3,3
7150,101,97,4,4
7151,89,94,-5,5
7152,118,107,11,11
7153,71,71,0,0
7154,120,121,-1,1
7155,77,78,-1,1
7156,145,127,18,18
7157,45,39,6,6
7158,80,73,7,7
7159,58,63,-5,5
7160,117,113,4,4
7161,91,88,3,3
7162,192,182,10,10
7163,68,64,4,4
7164,71,61,10,10
7165,82,76,6,6
7166,84,93,-9,9
7167,70,82,-12,12
7168,47,49,-2,2
7169,95,84,11,11
7170,59,56,3,3
7171,154,141,13,13
7172,131,119,12,12
7173,98,99,-1,1
7174,38,44,-6,6
7175,86,89,-3,3
7176,55,67,-12,12
7177,40,40,0,0
7178,119,104,15,15
7179,247,239,8,8
7180,96,93,3,3
7181,69,72,-3,3
7182,87,90,-3,3
7183,93,98,-5,5
7184,84,79,5,5
7185,127,133,-6,6
7186,106,100,6,6
7187,62,57,5,5
7188,84,85,-1,1
7189,48,63,-15,15
7190,116,126,-10,10
7191,83,76,7,7
7192,123,120,3,3
7193,97,81,16,16
7194,119,96,23,23
7195,113,116,-3,3
7196,70,70,0,0
7197,123,133,-10,10
7198,86,80,6,6
7199,49,56,-7,7
7200,113,110,3,3
7201,100,95,5,5
7202,131,124,7,7
7203,93,90,3,3
7204,92,97,-5,5
7205,73,70,3,3
7206,61,59,2,2
7207,72,67,5,5
7208,91,86,5,5
7209,86,84,2,2
7210,82,73,9,9
7211,179,176,3,3
7212,121,106,15,15
7213,58,61,-3,3
7214,83,72,11,11
7215,100,78,22,22
7216,84,78,6,6
7217,76,70,6,6
7218,83,75,8,8
7219,81,86,-5,5
7220,119,111,8,8
7221,160,149,11,11
7222,97,99,-2,2
7223,143,159,-16,16
7224,49,52,-3,3
7225,188,172,16,16
7226,79,81,-2,2
7227,62,63,-1,1
7228,71,66,5,5
7229,114,128,-14,14
7230,167,171,-4,4
7231,100,84,16,16
7232,90,96,-6,6
7233,106,106,0,0
7234,129,127,2,2
7235,81,80,1,1
7236,52,54,-2,2
7237,86,77,9,9
7238,92,104,-12,12
7239,59,61,-2,2
7240,98,101,-3,3
7241,94,93,1,1
7242,173,165,8,8
7243,82,91,-9,9
7244,121,109,12,12
7245,84,72,12,12
7246,44,43,1,1
7247,88,83,5,5
7248,91,90,1,1
7249,97,89,8,8
7250,46,49,-3,3
7251,114,107,7,7
7252,108,99,9,9
7253,66,66,0,0
7254,71,68,3,3
7255,76,78,-2,2
7256,159,156,3,3
7257,39,53,-14,14
7258,47,54,-7,7
7259,142,125,17,17
7260,124,127,-3,3
7261,109,108,1,1
7262,110,108,2,2
7263,59,56,3,3
7264,107,92,15,15
7265,59,56,3,3
7266,93,94,-1,1
7267,96,97,-1,1
7268,40,54,-14,14
7269,124,119,5,5
7270,90,79,11,11
7271,52,58,-6,6
7272,95,85,10,10
7273,81,88,-7,7
7274,171,154,17,17
7275,78,71,7,7
7276,97,95,2,2
7277,82,93,-11,11
7278,93,86,7,7
7279,106,105,1,1
7280,129,113,16,16
7281,110,118,-8,8
7282,28,55,-27,27
7283,152,154,-2,2
7284,113,99,14,14
7285,62,63,-1,1
7286,51,50,1,1
7287,167,167,0,0
7288,60,53,7,7
7289,176,167,9,9
7290,139,144,-5,5
7291,193,177,16,16
7292,78,78,0,0
7293,76,71,5,5
7294,80,77,3,3
7295,86,101,-15,15
7296,102,89,13,13
7297,51,43,8,8
7298,32,31,1,1
7299,133,117,16,16
7300,160,147,13,13
7301,75,64,11,11
7302,84,68,16,16
7303,85,88,-3,3
7304,89,89,0,0
7305,69,63,6,6
7306,113,106,7,7
7307,69,66,3,3
7308,76,73,3,3
7309,56,79,-23,23
7310,86,74,12,12
7311,92,96,-4,4
7312,54,54,0,0
7313,100,98,2,2
7314,37,46,-9,9
7315,140,138,2,2
7316,57,70,-13,13
7317,83,82,1,1
7318,75,68,7,7
7319,59,64,-5,5
7320,99,116,-17,17
7321,108,100,8,8
7322,93,105,-12,12
7323,78,80,-2,2
7324,166,170,-4,4
7325,81,78,3,3
7326,80,78,2,2
7327,166,146,20,20
7328,56,51,5,5
7329,108,105,3,3
7330,88,88,0,0
7331,124,126,-2,2
7332,71,72,-1,1
7333,111,99,12,12
7334,77,80,-3,3
7335,84,78,6,6
7336,85,86,-1,1
7337,103,95,8,8
7338,67,73,-6,6
7339,128,118,10,10
7340,54,46,8,8
7341,98,90,8,8
7342,115,125,-10,10
7343,80,82,-2,2
7344,66,66,0,0
7345,84,79,5,5
7346,179,187,-8,8
7347,70,71,-1,1
7348,93,92,1,1
7349,139,152,-13,13
7350,136,124,12,12
7351,173,169,4,4
7352,112,101,11,11
7353,76,84,-8,8
7354,112,110,2,2
7355,118,124,-6,6
7356,109,97,12,12
7357,101,103,-2,2
7358,105,97,8,8
7359,67,78,-11,11
7360,131,121,10,10
7361,41,47,-6,6
7362,49,45,4,4
7363,113,114,-1,1
7364,137,135,2,2
7365,96,102,-6,6
7366,68,63,5,5
7367,110,111,-1,1
7368,70,69,1,1
7369,155,155,0,0
7370,58,48,10,10
7371,140,152,-12,12
7372,119,125,-6,6
7373,67,68,-1,1
7374,79,76,3,3
7375,68,69,-1,1
7376,62,66,-4,4
7377,48,52,-4,4
7378,104,110,-6,6
7379,67,64,3,3
7380,63,63,0,0
7381,70,70,0,0
7382,83,83,0,0
7383,66,65,1,1
7384,67,77,-10,10
7385,54,53,1,1
7386,144,146,-2,2
7387,68,62,6,6
7388,76,88,-12,12
7389,62,63,-1,1
7390,147,136,11,11
7391,80,106,-26,26
7392,53,55,-2,2
7393,73,72,1,1
7394,74,76,-2,2
7395,63,70,-7,7
7396,111,109,2,2
7397,199,187,12,12
7398,90,79,11,11
7399,65,66,-1,1
7400,68,65,3,3
7401,81,80,1,1
7402,95,96,-1,1
7403,83,82,1,1
7404,99,94,5,5
7405,64,60,4,4
7406,70,71,-1,1
7407,62,53,9,9
7408,60,64,-4,4
7409,84,84,0,0
7410,63,60,3,3
7411,91,91,0,0
7412,53,67,-14,14
7413,114,107,7,7
7414,102,95,7,7
7415,80,62,18,18
7416,85,90,-5,5
7417,112,116,-4,4
7418,86,85,1,1
7419,61,70,-9,9
7420,118,109,9,9
7421,108,90,18,18
7422,179,166,13,13
7423,87,85,2,2
7424,185,175,10,10
7425,91,85,6,6
7426,73,73,0,0
7427,63,52,11,11
7428,159,141,18,18
7429,146,142,4,4
7430,75,79,-4,4
7431,73,79,-6,6
7432,107,94,13,13
7433,93,98,-5,5
7434,89,92,-3,3
7435,82,97,-15,15
7436,79,75,4,4
7437,50,51,-1,1
7438,69,77,-8,8
7439,89,100,-11,11
7440,145,159,-14,14
7441,84,81,3,3
7442,115,117,-2,2
7443,103,108,-5,5
7444,90,95,-5,5
7445,57,54,3,3
7446,118,98,20,20
7447,99,103,-4,4
7448,124,114,10,10
7449,102,110,-8,8
7450,97,95,2,2
7451,64,68,-4,4
7452,78,68,10,10
7453,121,121,0,0
7454,163,154,9,9
7455,63,60,3,3
7456,53,54,-1,1
7457,71,62,9,9
7458,79,71,8,8
7459,102,102,0,0
7460,130,119,11,11
7461,114,113,1,1
7462,118,125,-7,7
7463,93,98,-5,5
7464,78,82,-4,4
7465,87,83,4,4
7466,107,106,1,1
7467,105,94,11,11
7468,135,136,-1,1
7469,64,62,2,2
7470,80,72,8,8
7471,79,82,-3,3
7472,156,154,2,2
7473,123,123,0,0
7474,81,95,-14,14
7475,91,89,2,2
7476,184,164,20,20
7477,62,68,-6,6
7478,76,80,-4,4
7479,112,106,6,6
7480,60,62,-2,2
7481,103,95,8,8
7482,83,81,2,2
7483,69,68,1,1
7484,206,187,19,19
7485,78,79,-1,1
7486,82,69,13,13
7487,81,81,0,0
7488,39,40,-1,1
7489,109,109,0,0
7490,32,70,-38,38
7491,65,73,-8,8
7492,88,82,6,6
7493,94,95,-1,1
7494,87,86,1,1
7495,74,70,4,4
7496,88,79,9,9
7497,103,105,-2,2
7498,72,66,6,6
7499,83,83,0,0
7500,197,192,5,5
7501,41,48,-7,7
7502,76,76,0,0
7503,129,105,24,24
7504,40,59,-19,19
7505,136,135,1,1
7506,62,60,2,2
7507,66,63,3,3
7508,106,116,-10,10
7509,62,64,-2,2
7510,109,99,10,10
7511,136,119,17,17
7512,100,93,7,7
7513,160,154,6,6
7514,105,115,-10,10
7515,122,113,9,9
7516,98,92,6,6
7517,78,75,3,3
7518,75,74,1,1
7519,67,70,-3,3
7520,56,59,-3,3
7521,60,58,2,2
7522,38,37,1,1
7523,53,55,-2,2
7524,57,70,-13,13
7525,113,102,11,11
7526,83,83,0,0
7527,81,74,7,7
7528,136,147,-11,11
7529,78,70,8,8
7530,89,78,11,11
7531,86,82,4,4
7532,68,73,-5,5
7533,156,153,3,3
7534,85,85,0,0
7535,126,122,4,4
7536,57,68,-11,11
7537,114,115,-1,1
7538,113,101,12,12
7539,75,87,-12,12
7540,130,118,12,12
7541,79,77,2,2
7542,112,108,4,4
7543,120,123,-3,3
7544,76,75,1,1
7545,86,77,9,9
7546,60,59,1,1
7547,52,49,3,3
7548,80,81,-1,1
7549,136,119,17,17
7550,71,82,-11,11
7551,152,151,1,1
7552,59,72,-13,13
7553,88,80,8,8
7554,71,62,9,9
7555,71,69,2,2
7556,88,89,-1,1
7557,44,46,-2,2
7558,95,99,-4,4
7559,99,93,6,6
7560,74,88,-14,14
7561,148,132,16,16
7562,74,72,2,2
7563,103,92,11,11
7564,70,76,-6,6
7565,128,113,15,15
7566,70,56,14,14
7567,69,78,-9,9
7568,95,67,28,28
7569,125,119,6,6
7570,87,90,-3,3
7571,130,126,4,4
7572,105,122,-17,17
7573,96,88,8,8
7574,90,88,2,2
7575,52,50,2,2
7576,77,87,-10,10
7577,143,130,13,13
7578,97,109,-12,12
7579,81,80,1,1
7580,55,55,0,0
7581,122,122,0,0
7582,59,60,-1,1
7583,106,102,4,4
7584,146,127,19,19
7585,62,68,-6,6
7586,122,115,7,7
7587,166,149,17,17
7588,76,71,5,5
7589,82,86,-4,4
7590,114,109,5,5
7591,113,131,-18,18
7592,94,93,1,1
7593,113,115,-2,2
7594,79,80,-1,1
7595,106,100,6,6
7596,123,117,6,6
7597,118,106,12,12
7598,80,77,3,3
7599,94,89,5,5
7600,89,76,13,13
7601,64,55,9,9
7602,113,110,3,3
7603,137,129,8,8
7604,53,104,-51,51
7605,133,129,4,4
7606,65,84,-19,19
7607,78,76,2,2
7608,40,46,-6,6
7609,60,66,-6,6
7610,52,55,-3,3
7611,136,126,10,10
7612,155,155,0,0
7613,94,94,0,0
7614,75,71,4,4
7615,36,40,-4,4
7616,132,132,0,0
7617,117,118,-1,1
7618,136,146,-10,10
7619,141,126,15,15
7620,65,63,2,2
7621,96,79,17,17
7622,68,72,-4,4
7623,144,133,11,11
7624,148,139,9,9
7625,117,123,-6,6
7626,60,73,-13,13
7627,98,93,5,5
7628,114,107,7,7
7629,139,115,24,24
7630,109,100,9,9
7631,69,74,-5,5
7632,105,97,8,8
7633,116,104,12,12
7634,72,64,8,8
7635,74,86,-12,12
7636,102,100,2,2
7637,62,53,9,9
7638,36,38,-2,2
7639,94,87,7,7
7640,78,78,0,0
7641,150,134,16,16
7642,81,86,-5,5
7643,154,155,-1,1
7644,115,119,-4,4
7645,44,53,-9,9
7646,88,88,0,0
7647,80,74,6,6
7648,75,77,-2,2
7649,58,60,-2,2
7650,124,122,2,2
7651,90,79,11,11
7652,117,104,13,13
7653,93,89,4,4
7654,133,136,-3,3
7655,71,70,1,1
7656,82,79,3,3
7657,66,67,-1,1
7658,69,71,-2,2
7659,112,101,11,11
7660,114,102,12,12
7661,81,69,12,12
7662,110,113,-3,3
7663,76,74,2,2
7664,97,94,3,3
7665,83,86,-3,3
7666,73,71,2,2
7667,109,103,6,6
7668,67,61,6,6
7669,101,105,-4,4
7670,74,72,2,2
7671,122,113,9,9
7672,51,64,-13,13
7673,80,92,-12,12
7674,118,108,10,10
7675,87,83,4,4
7676,84,78,6,6
7677,135,134,1,1
7678,51,98,-47,47
7679,121,99,22,22
7680,60,56,4,4
7681,150,145,5,5
7682,41,40,1,1
7683,55,58,-3,3
7684,149,125,24,24
7685,136,129,7,7
7686,121,104,17,17
7687,121,112,9,9
7688,50,64,-14,14
7689,61,48,13,13
7690,129,117,12,12
7691,83,98,-15,15
7692,83,108,-25,25
7693,77,74,3,3
7694,110,100,10,10
7695,110,102,8,8
7696,108,113,-5,5
7697,95,97,-2,2
7698,91,78,13,13
7699,99,89,10,10
7700,105,105,0,0
7701,104,128,-24,24
7702,82,86,-4,4
7703,68,60,8,8
7704,77,79,-2,2
7705,103,101,2,2
7706,87,83,4,4
7707,55,50,5,5
7708,94,91,3,3
7709,67,68,-1,1
7710,75,95,-20,20
7711,137,135,2,2
7712,69,73,-4,4
7713,67,66,1,1
7714,77,87,-10,10
7715,68,68,0,0
7716,117,104,13,13
7717,109,115,-6,6
7718,164,148,16,16
7719,102,102,0,0
7720,77,84,-7,7
7721,71,87,-16,16
7722,71,77,-6,6
7723,146,121,25,25
7724,40,38,2,2
7725,121,111,10,10
7726,86,73,13,13
7727,99,99,0,0
7728,68,77,-9,9
7729,89,77,12,12
7730,71,75,-4,4
7731,72,73,-1,1
7732,49,47,2,2
7733,155,126,29,29
7734,145,144,1,1
7735,102,105,-3,3
7736,131,130,1,1
7737,101,84,17,17
7738,61,69,-8,8
7739,108,111,-3,3
7740,62,62,0,0
7741,93,91,2,2
7742,84,78,6,6
7743,56,93,-37,37
7744,143,140,3,3
7745,145,143,2,2
7746,103,85,18,18
7747,88,86,2,2
7748,96,96,0,0
7749,63,65,-2,2
7750,88,81,7,7
7751,50,66,-16,16
7752,106,107,-1,1
7753,89,72,17,17
7754,101,106,-5,5
7755,134,117,17,17
7756,91,90,1,1
7757,134,148,-14,14
7758,79,79,0,0
7759,161,159,2,2
7760,127,129,-2,2
7761,88,88,0,0
7762,61,62,-1,1
7763,60,67,-7,7
7764,102,85,17,17
7765,140,124,16,16
7766,69,73,-4,4
7767,101,106,-5,5
7768,175,177,-2,2
7769,129,143,-14,14
7770,115,115,0,0
7771,88,96,-8,8
7772,79,78,1,1
7773,102,101,1,1
7774,43,40,3,3
7775,97,99,-2,2
7776,132,139,-7,7
7777,58,64,-6,6
7778,89,95,-6,6
7779,90,105,-15,15
7780,98,97,1,1
7781,102,100,2,2
7782,88,88,0,0
7783,106,100,6,6
7784,99,95,4,4
7785,151,144,7,7
7786,111,91,20,20
7787,65,61,4,4
7788,71,77,-6,6
7789,79,90,-11,11
7790,65,67,-2,2
7791,136,126,10,10
7792,151,168,-17,17
7793,108,105,3,3
7794,121,113,8,8
7795,54,63,-9,9
7796,96,100,-4,4
7797,98,83,15,15
7798,62,62,0,0
7799,78,83,-5,5
7800,97,90,7,7
7801,80,81,-1,1
7802,65,75,-10,10
7803,74,77,-3,3
7804,118,115,3,3
7805,109,100,9,9
7806,99,92,7,7
7807,78,85,-7,7
7808,59,74,-15,15
7809,84,79,5,5
7810,108,107,1,1
7811,89,93,-4,4
7812,119,103,16,16
7813,182,178,4,4
7814,133,118,15,15
7815,90,97,-7,7
7816,144,158,-14,14
7817,109,96,13,13
7818,154,122,32,32
7819,54,55,-1,1
7820,59,61,-2,2
7821,120,119,1,1
7822,113,126,-13,13
7823,90,88,2,2
7824,119,106,13,13
7825,72,71,1,1
7826,173,172,1,1
7827,252,277,-25,25
7828,123,133,-10,10
7829,178,164,14,14
7830,207,190,17,17
7831,86,87,-1,1
7832,61,56,5,5
7833,82,83,-1,1
7834,77,81,-4,4
7835,90,102,-12,12
7836,85,99,-14,14
7837,133,146,-13,13
7838,67,62,5,5
7839,71,77,-6,6
7840,118,122,-4,4
7841,168,163,5,5
7842,101,96,5,5
7843,126,116,10,10
7844,127,121,6,6
7845,197,199,-2,2
7846,67,59,8,8
7847,59,62,-3,3
7848,139,120,19,19
7849,84,85,-1,1
7850,75,76,-1,1
7851,124,121,3,3
7852,61,59,2,2
7853,78,78,0,0
7854,102,100,2,2
7855,50,46,4,4
7856,72,83,-11,11
7857,98,104,-6,6
7858,109,103,6,6
7859,97,86,11,11
7860,79,68,11,11
7861,73,67,6,6
7862,114,106,8,8
7863,118,115,3,3
7864,101,103,-2,2
7865,103,103,0,0
7866,49,50,-1,1
7867,49,54,-5,5
7868,37,45,-8,8
7869,121,117,4,4
7870,69,65,4,4
7871,126,128,-2,2
7872,91,84,7,7
7873,119,115,4,4
7874,105,94,11,11
7875,129,125,4,4
7876,83,81,2,2
7877,99,93,6,6
7878,106,110,-4,4
7879,67,62,5,5
7880,132,126,6,6
7881,110,98,12,12
7882,72,68,4,4
7883,126,120,6,6
7884,129,141,-12,12
7885,74,70,4,4
7886,131,134,-3,3
7887,97,87,10,10
7888,118,118,0,0
7889,124,120,4,4
7890,66,71,-5,5
7891,99,112,-13,13
7892,93,94,-1,1
7893,169,156,13,13
7894,109,115,-6,6
7895,194,184,10,10
7896,131,118,13,13
7897,67,64,3,3
7898,102,98,4,4
7899,126,122,4,4
7900,166,166,0,0
7901,52,56,-4,4
7902,129,136,-7,7
7903,175,176,-1,1
7904,77,68,9,9
7905,52,46,6,6
7906,73,64,9,9
7907,97,97,0,0
7908,49,46,3,3
7909,112,105,7,7
7910,108,104,4,4
7911,91,80,11,11
7912,84,114,-30,30
7913,35,47,-12,12
7914,182,171,11,11
7915,61,60,1,1
7916,61,59,2,2
7917,79,77,2,2
7918,55,53,2,2
7919,64,59,5,5
7920,142,129,13,13
7921,66,74,-8,8
7922,74,91,-17,17
7923,150,136,14,14
7924,99,96,3,3
7925,106,109,-3,3
7926,72,77,-5,5
7927,121,118,3,3
7928,114,111,3,3
7929,75,69,6,6
7930,65,73,-8,8
7931,116,111,5,5
7932,99,92,7,7
7933,199,202,-3,3
7934,60,58,2,2
7935,67,58,9,9
7936,81,86,-5,5
7937,178,123,55,55
7938,70,78,-8,8
7939,131,116,15,15
7940,149,133,16,16
7941,70,68,2,2
7942,97,106,-9,9
7943,104,92,12,12
7944,73,74,-1,1
7945,74,79,-5,5
7946,87,91,-4,4
7947,112,106,6,6
7948,126,118,8,8
7949,86,97,-11,11
7950,134,124,10,10
7951,117,91,26,26
7952,61,60,1,1
7953,71,80,-9,9
7954,80,87,-7,7
7955,63,62,1,1
7956,70,55,15,15
7957,63,74,-11,11
7958,46,45,1,1
7959,59,67,-8,8
7960,89,100,-11,11
7961,134,130,4,4
7962,113,110,3,3
7963,73,80,-7,7
7964,122,112,10,10
7965,59,55,4,4
7966,142,147,-5,5
7967,175,180,-5,5
7968,61,54,7,7
7969,142,146,-4,4
7970,68,58,10,10
7971,51,62,-11,11
7972,94,95,-1,1
7973,104,96,8,8
7974,85,70,15,15
7975,155,157,-2,2
7976,157,165,-8,8
7977,115,109,6,6
7978,94,100,-6,6
7979,86,87,-1,1
7980,115,141,-26,26
7981,85,89,-4,4
7982,106,100,6,6
7983,64,68,-4,4
7984,38,75,-37,37
7985,51,47,4,4
7986,106,103,3,3
7987,101,106,-5,5
7988,46,64,-18,18
7989,85,73,12,12
7990,104,103,1,1
7991,95,95,0,0
7992,130,114,16,16
7993,151,140,11,11
7994,57,60,-3,3
7995,93,98,-5,5
7996,69,73,-4,4
7997,39,35,4,4
7998,76,88,-12,12
7999,84,68,16,16
8000,41,47,-6,6
8001,45,52,-7,7
8002,68,69,-1,1
8003,82,85,-3,3
8004,68,70,-2,2
8005,73,71,2,2
8006,49,67,-18,18
8007,93,85,8,8
8008,75,81,-6,6
8009,85,72,13,13
8010,103,101,2,2
8011,129,123,6,6
8012,116,120,-4,4
8013,77,73,4,4
8014,83,76,7,7
8015,104,87,17,17
8016,124,105,19,19
8017,89,88,1,1
8018,88,104,-16,16
8019,49,67,-18,18
8020,104,100,4,4
8021,107,107,0,0
8022,125,120,5,5
8023,57,53,4,4
8024,104,94,10,10
8025,51,64,-13,13
8026,86,79,7,7
8027,96,95,1,1
8028,190,181,9,9
8029,84,84,0,0
8030,105,105,0,0
8031,94,96,-2,2
8032,74,78,-4,4
8033,100,100,0,0
8034,126,115,11,11
8035,73,77,-4,4
8036,83,83,0,0
8037,141,130,11,11
8038,124,130,-6,6
8039,79,78,1,1
8040,135,123,12,12
8041,81,72,9,9
8042,137,136,1,1
8043,75,71,4,4
8044,54,56,-2,2
8045,102,102,0,0
8046,157,119,38,38
8047,93,86,7,7
8048,155,133,22,22
8049,71,63,8,8
8050,109,92,17,17
8051,60,65,-5,5
8052,57,70,-13,13
8053,113,104,9,9
8054,130,128,2,2
8055,71,79,-8,8
8056,92,96,-4,4
8057,148,115,33,33
8058,117,101,16,16
8059,68,76,-8,8
8060,161,129,32,32
8061,85,79,6,6
8062,65,63,2,2
8063,43,47,-4,4
8064,102,100,2,2
8065,69,58,11,11
8066,185,184,1,1
8067,133,120,13,13
8068,104,98,6,6
8069,105,103,2,2
8070,120,108,12,12
8071,85,79,6,6
8072,73,63,10,10
8073,158,178,-20,20
8074,76,65,11,11
8075,87,67,20,20
8076,148,126,22,22
8077,85,86,-1,1
8078,98,79,19,19
8079,66,69,-3,3
8080,100,102,-2,2
8081,110,108,2,2
8082,86,90,-4,4
8083,119,121,-2,2
8084,75,72,3,3
8085,110,109,1,1
8086,69,78,-9,9
8087,127,113,14,14
8088,98,93,5,5
8089,116,121,-5,5
8090,65,71,-6,6
8091,94,93,1,1
8092,58,52,6,6
8093,68,83,-15,15
8094,118,113,5,5
8095,27,29,-2,2
8096,74,65,9,9
8097,81,84,-3,3
8098,98,88,10,10
8099,56,66,-10,10
8100,101,94,7,7
8101,128,118,10,10
8102,104,104,0,0
8103,69,65,4,4
8104,130,113,17,17
8105,121,125,-4,4
8106,42,79,-37,37
8107,89,97,-8,8
8108,71,63,8,8
8109,129,114,15,15
8110,59,63,-4,4
8111,101,93,8,8
8112,102,100,2,2
8113,109,118,-9,9
8114,94,89,5,5
8115,108,117,-9,9
8116,102,95,7,7
8117,89,89,0,0
8118,121,120,1,1
8119,122,137,-15,15
8120,67,72,-5,5
8121,51,67,-16,16
8122,89,76,13,13
8123,88,96,-8,8
8124,131,112,19,19
8125,103,98,5,5
8126,151,173,-22,22
8127,134,134,0,0
8128,108,107,1,1
8129,92,88,4,4
8130,65,60,5,5
8131,81,77,4,4
8132,68,83,-15,15
8133,91,87,4,4
8134,114,111,3,3
8135,48,63,-15,15
8136,102,103,-1,1
8137,149,148,1,1
8138,108,107,1,1
8139,60,62,-2,2
8140,103,105,-2,2
8141,65,64,1,1
8142,119,114,5,5
8143,104,106,-2,2
8144,64,58,6,6
8145,48,57,-9,9
8146,55,55,0,0
8147,75,76,-1,1
8148,44,68,-24,24
8149,73,75,-2,2
8150,54,52,2,2
8151,54,65,-11,11
8152,52,61,-9,9
8153,95,85,10,10
8154,66,65,1,1
8155,85,101,-16,16
8156,75,63,12,12
8157,95,103,-8,8
8158,95,85,10,10
8159,36,40,-4,4
8160,79,80,-1,1
8161,123,121,2,2
8162,81,73,8,8
8163,176,150,26,26
8164,60,55,5,5
8165,61,71,-10,10
8166,140,115,25,25
8167,127,117,10,10
8168,96,94,2,2
8169,99,85,14,14
8170,108,99,9,9
8171,58,64,-6,6
8172,51,68,-17,17
8173,95,89,6,6
8174,58,74,-16,16
8175,76,65,11,11
8176,116,102,14,14
8177,108,96,12,12
8178,168,156,12,12
8179,27,37,-10,10
8180,145,125,20,20
8181,53,55,-2,2
8182,67,70,-3,3
8183,92,85,7,7
8184,78,74,4,4
8185,113,112,1,1
8186,141,152,-11,11
8187,136,119,17,17
8188,103,107,-4,4
8189,86,99,-13,13
8190,195,206,-11,11
8191,75,80,-5,5
8192,63,67,-4,4
8193,66,68,-2,2
8194,127,126,1,1
8195,122,116,6,6
8196,54,98,-44,44
8197,101,98,3,3
8198,93,78,15,15
8199,64,66,-2,2
8200,108,105,3,3
8201,111,103,8,8
8202,77,67,10,10
8203,154,154,0,0
8204,94,81,13,13
8205,84,89,-5,5
8206,76,82,-6,6
8207,87,80,7,7
8208,126,107,19,19
8209,82,78,4,4
8210,82,84,-2,2
8211,80,76,4,4
8212,126,113,13,13
8213,64,65,-1,1
8214,142,113,29,29
8215,143,134,9,9
8216,127,138,-11,11
8217,76,73,3,3
8218,57,72,-15,15
8219,109,95,14,14
8220,141,127,14,14
8221,129,116,13,13
8222,114,103,11,11
8223,83,82,1,1
8224,149,135,14,14
8225,47,48,-1,1
8226,88,94,-6,6
8227,88,82,6,6
8228,105,107,-2,2
8229,93,102,-9,9
8230,109,99,10,10
8231,87,85,2,2
8232,43,37,6,6
8233,81,86,-5,5
8234,101,78,23,23
8235,80,66,14,14
8236,112,105,7,7
8237,92,92,0,0
8238,102,97,5,5
8239,71,69,2,2
8240,166,166,0,0
8241,98,97,1,1
8242,129,112,17,17
8243,79,84,-5,5
8244,109,95,14,14
8245,145,130,15,15
8246,166,156,10,10
8247,76,76,0,0
8248,46,49,-3,3
8249,113,109,4,4
8250,75,82,-7,7
8251,86,74,12,12
8252,76,74,2,2
8253,88,91,-3,3
8254,67,82,-15,15
8255,100,87,13,13
8256,71,75,-4,4
8257,59,63,-4,4
8258,181,173,8,8
8259,56,51,5,5
8260,114,96,18,18
8261,92,84,8,8
8262,100,98,2,2
8263,75,90,-15,15
8264,188,167,21,21
8265,51,48,3,3
8266,84,92,-8,8
8267,171,175,-4,4
8268,66,66,0,0
8269,92,84,8,8
8270,122,119,3,3
8271,40,58,-18,18
8272,87,84,3,3
8273,122,108,14,14
8274,98,89,9,9
8275,96,99,-3,3
8276,120,104,16,16
8277,82,82,0,0
8278,88,81,7,7
8279,60,73,-13,13
8280,83,81,2,2
8281,81,70,11,11
8282,151,149,2,2
8283,187,173,14,14
8284,98,108,-10,10
8285,95,94,1,1
8286,77,66,11,11
8287,144,140,4,4
8288,81,88,-7,7
8289,91,97,-6,6
8290,149,128,21,21
8291,99,117,-18,18
8292,96,80,16,16
8293,129,129,0,0
8294,63,57,6,6
8295,86,84,2,2
8296,64,71,-7,7
8297,74,67,7,7
8298,93,86,7,7
8299,85,75,10,10
8300,248,249,-1,1
8301,91,92,-1,1
8302,58,63,-5,5
8303,93,89,4,4
8304,93,93,0,0
8305,55,59,-4,4
8306,102,98,4,4
8307,107,94,13,13
8308,79,84,-5,5
8309,84,79,5,5
8310,95,89,6,6
8311,110,107,3,3
8312,80,75,5,5
8313,44,44,0,0
8314,96,99,-3,3
8315,59,59,0,0
8316,109,106,3,3
8317,198,195,3,3
8318,81,87,-6,6
8319,119,114,5,5
8320,106,114,-8,8
8321,114,97,17,17
8322,51,49,2,2
8323,110,108,2,2
8324,112,111,1,1
8325,99,97,2,2
8326,80,76,4,4
8327,59,67,-8,8
8328,110,111,-1,1
8329,125,110,15,15
8330,137,126,11,11
8331,73,71,2,2
8332,190,184,6,6
8333,137,140,-3,3
8334,46,45,1,1
8335,124,121,3,3
8336,87,82,5,5
8337,114,106,8,8
8338,83,77,6,6
8339,85,83,2,2
8340,142,155,-13,13
8341,108,92,16,16
8342,129,134,-5,5
8343,107,100,7,7
8344,109,108,1,1
8345,144,149,-5,5
8346,76,73,3,3
8347,38,66,-28,28
8348,157,151,6,6
8349,55,56,-1,1
8350,99,105,-6,6
8351,153,142,11,11
8352,74,64,10,10
8353,74,77,-3,3
8354,78,74,4,4
8355,74,81,-7,7
8356,94,97,-3,3
8357,112,107,5,5
8358,141,131,10,10
8359,82,74,8,8
8360,160,164,-4,4
8361,103,107,-4,4
8362,110,103,7,7
8363,42,50,-8,8
8364,69,70,-1,1
8365,59,45,14,14
8366,98,91,7,7
8367,75,65,10,10
8368,58,63,-5,5
8369,74,71,3,3
8370,108,110,-2,2
8371,66,78,-12,12
8372,105,87,18,18
8373,46,65,-19,19
8374,55,54,1,1
8375,71,71,0,0
8376,115,101,14,14
8377,88,71,17,17
8378,47,44,3,3
8379,174,160,14,14
8380,94,82,12,12
8381,74,65,9,9
8382,84,74,10,10
8383,85,77,8,8
8384,65,59,6,6
8385,39,38,1,1
8386,118,107,11,11
8387,101,94,7,7
8388,78,81,-3,3
8389,97,107,-10,10
8390,104,98,6,6
8391,98,89,9,9
8392,81,91,-10,10
8393,112,115,-3,3
8394,98,92,6,6
8395,96,102,-6,6
8396,53,43,10,10
8397,67,75,-8,8
8398,70,74,-4,4
8399,114,101,13,13
8400,104,104,0,0
8401,65,66,-1,1
8402,80,68,12,12
8403,96,73,23,23
8404,70,74,-4,4
8405,105,102,3,3
8406,100,78,22,22
8407,160,130,30,30
8408,91,90,1,1
8409,100,101,-1,1
8410,119,94,25,25
8411,65,67,-2,2
8412,99,101,-2,2
8413,172,130,42,42
8414,83,81,2,2
8415,85,83,2,2
8416,69,66,3,3
8417,59,66,-7,7
8418,93,91,2,2
8419,81,78,3,3
8420,75,75,0,0
8421,62,62,0,0
8422,115,103,12,12
8423,107,122,-15,15
8424,105,100,5,5
8425,51,50,1,1
8426,76,75,1,1
8427,88,82,6,6
8428,145,140,5,5
8429,114,119,-5,5
8430,38,41,-3,3
8431,133,117,16,16
8432,74,70,4,4
8433,119,114,5,5
8434,96,88,8,8
8435,143,130,13,13
8436,60,54,6,6
8437,130,111,19,19
8438,120,104,16,16
8439,122,124,-2,2
8440,113,108,5,5
8441,68,75,-7,7
8442,98,99,-1,1
8443,143,122,21,21
8444,77,73,4,4
8445,92,92,0,0
8446,61,56,5,5
8447,74,78,-4,4
8448,94,75,19,19
8449,102,95,7,7
8450,118,116,2,2
8451,119,112,7,7
8452,193,181,12,12
8453,95,96,-1,1
8454,89,87,2,2
8455,129,127,2,2
8456,124,109,15,15
8457,84,76,8,8
8458,76,79,-3,3
8459,55,56,-1,1
8460,143,130,13,13
8461,134,107,27,27
8462,88,95,-7,7
8463,132,132,0,0
8464,114,100,14,14
8465,71,70,1,1
8466,79,67,12,12
8467,101,96,5,5
8468,134,133,1,1
8469,61,38,23,23
8470,81,76,5,5
8471,107,112,-5,5
8472,86,81,5,5
8473,83,80,3,3
8474,94,92,2,2
8475,102,100,2,2
8476,110,121,-11,11
8477,137,134,3,3
8478,56,71,-15,15
8479,134,125,9,9
8480,80,92,-12,12
8481,46,53,-7,7
8482,111,110,1,1
8483,112,107,5,5
8484,121,112,9,9
8485,113,108,5,5
8486,91,95,-4,4
8487,47,45,2,2
8488,65,68,-3,3
8489,56,78,-22,22
8490,83,83,0,0
8491,85,89,-4,4
8492,102,93,9,9
8493,80,86,-6,6
8494,110,101,9,9
8495,141,145,-4,4
8496,90,75,15,15
8497,73,80,-7,7
8498,60,59,1,1
8499,178,129,49,49
8500,124,125,-1,1
8501,108,95,13,13
8502,100,102,-2,2
8503,78,76,2,2
8504,115,114,1,1
8505,127,129,-2,2
8506,47,45,2,2
8507,58,62,-4,4
8508,151,133,18,18
8509,104,94,10,10
8510,56,65,-9,9
8511,79,93,-14,14
8512,67,67,0,0
8513,109,100,9,9
8514,83,79,4,4
8515,101,96,5,5
8516,78,83,-5,5
8517,101,120,-19,19
8518,64,69,-5,5
8519,69,63,6,6
8520,81,76,5,5
8521,185,181,4,4
8522,89,82,7,7
8523,137,116,21,21
8524,98,88,10,10
8525,185,178,7,7
8526,62,69,-7,7
8527,135,127,8,8
8528,140,129,11,11
8529,166,171,-5,5
8530,68,65,3,3
8531,100,98,2,2
8532,122,132,-10,10
8533,105,105,0,0
8534,129,125,4,4
8535,117,112,5,5
8536,74,78,-4,4
8537,91,85,6,6
8538,96,92,4,4
8539,96,90,6,6
8540,76,82,-6,6
8541,106,97,9,9
8542,71,64,7,7
8543,43,44,-1,1
8544,88,79,9,9
8545,79,91,-12,12
8546,104,94,10,10
8547,82,80,2,2
8548,112,114,-2,2
8549,104,101,3,3
8550,55,52,3,3
8551,90,92,-2,2
8552,47,53,-6,6
8553,111,95,16,16
8554,127,118,9,9
8555,67,75,-8,8
8556,163,149,14,14
8557,154,146,8,8
8558,63,54,9,9
8559,50,49,1,1
8560,56,69,-13,13
8561,104,110,-6,6
8562,80,82,-2,2
8563,83,75,8,8
8564,64,65,-1,1
8565,55,59,-4,4
8566,84,72,12,12
8567,130,110,20,20
8568,85,95,-10,10
8569,109,111,-2,2
8570,153,135,18,18
8571,104,111,-7,7
8572,129,118,11,11
8573,106,95,11,11
8574,173,177,-4,4
8575,93,88,5,5
8576,93,85,8,8
8577,99,93,6,6
8578,66,64,2,2
8579,98,92,6,6
8580,110,150,-40,40
8581,50,63,-13,13
8582,104,100,4,4
8583,110,110,0,0
8584,60,73,-13,13
8585,102,94,8,8
8586,87,70,17,17
8587,133,127,6,6
8588,133,132,1,1
8589,122,104,18,18
8590,92,85,7,7
8591,139,122,17,17
8592,52,50,2,2
8593,83,98,-15,15
8594,91,85,6,6
8595,65,62,3,3
8596,113,115,-2,2
8597,77,77,0,0
8598,161,126,35,35
8599,92,90,2,2
8600,180,156,24,24
8601,77,63,14,14
8602,109,107,2,2
8603,81,78,3,3
8604,98,100,-2,2
8605,54,51,3,3
8606,126,109,17,17
8607,91,91,0,0
8608,77,79,-2,2
8609,124,117,7,7
8610,78,78,0,0
8611,189,161,28,28
8612,80,70,10,10
8613,159,135,24,24
8614,73,77,-4,4
8615,90,93,-3,3
8616,62,83,-21,21
8617,90,87,3,3
8618,134,145,-11,11
8619,121,105,16,16
8620,87,85,2,2
8621,59,59,0,0
8622,89,91,-2,2
8623,105,108,-3,3
8624,97,88,9,9
8625,110,98,12,12
8626,141,114,27,27
8627,85,89,-4,4
8628,132,128,4,4
8629,89,86,3,3
8630,75,70,5,5
8631,81,81,0,0
8632,77,71,6,6
8633,104,99,5,5
8634,132,142,-10,10
8635,136,112,24,24
8636,82,80,2,2
8637,85,87,-2,2
8638,76,72,4,4
8639,109,121,-12,12
8640,51,53,-2,2
8641,85,87,-2,2
8642,58,64,-6,6
8643,161,158,3,3
8644,85,87,-2,2
8645,61,51,10,10
8646,82,80,2,2
8647,114,112,2,2
8648,113,106,7,7
8649,82,77,5,5
8650,128,109,19,19
8651,113,112,1,1
8652,61,68,-7,7
8653,85,80,5,5
8654,112,108,4,4
8655,76,60,16,16
8656,89,87,2,2
8657,142,126,16,16
8658,81,76,5,5
8659,143,158,-15,15
8660,94,92,2,2
8661,134,113,21,21
8662,59,55,4,4
8663,55,67,-12,12
8664,75,80,-5,5
8665,87,91,-4,4
8666,69,62,7,7
8667,104,105,-1,1
8668,57,49,8,8
8669,68,66,2,2
8670,169,163,6,6
8671,114,115,-1,1
8672,92,86,6,6
8673,97,85,12,12
8674,121,116,5,5
8675,89,69,20,20
8676,116,115,1,1
8677,93,95,-2,2
8678,116,106,10,10
8679,125,128,-3,3
8680,82,110,-28,28
8681,50,46,4,4
8682,46,69,-23,23
8683,45,41,4,4
8684,120,117,3,3
8685,93,89,4,4
8686,102,99,3,3
8687,126,115,11,11
8688,108,122,-14,14
8689,110,116,-6,6
8690,101,105,-4,4
8691,73,73,0,0
8692,58,64,-6,6
8693,113,103,10,10
8694,136,137,-1,1
8695,64,62,2,2
8696,125,153,-28,28
8697,88,78,10,10
8698,92,82,10,10
8699,106,100,6,6
8700,90,101,-11,11
8701,85,76,9,9
8702,80,72,8,8
8703,110,104,6,6
8704,80,79,1,1
8705,117,112,5,5
8706,47,59,-12,12
8707,112,104,8,8
8708,84,78,6,6
8709,116,105,11,11
8710,61,64,-3,3
8711,82,83,-1,1
8712,164,146,18,18
8713,125,126,-1,1
8714,80,74,6,6
8715,66,67,-1,1
8716,61,74,-13,13
8717,82,98,-16,16
8718,81,77,4,4
8719,143,125,18,18
8720,145,130,15,15
8721,75,67,8,8
8722,60,90,-30,30
8723,86,91,-5,5
8724,99,108,-9,9
8725,112,108,4,4
8726,98,89,9,9
8727,96,83,13,13
8728,64,59,5,5
8729,62,61,1,1
8730,123,128,-5,5
8731,83,76,7,7
8732,101,97,4,4
8733,27,18,9,9
8734,167,160,7,7
8735,149,157,-8,8
8736,94,83,11,11
8737,155,151,4,4
8738,39,41,-2,2
8739,62,68,-6,6
8740,81,69,12,12
8741,58,62,-4,4
8742,74,79,-5,5
8743,139,134,5,5
8744,74,74,0,0
8745,84,84,0,0
8746,155,126,29,29
8747,114,110,4,4
8748,152,264,-112,112
8749,104,92,12,12
8750,92,99,-7,7
8751,55,63,-8,8
8752,91,85,6,6
8753,90,79,11,11
8754,86,82,4,4
8755,76,81,-5,5
8756,86,90,-4,4
8757,49,47,2,2
8758,105,106,-1,1
8759,67,67,0,0
8760,96,107,-11,11
8761,105,102,3,3
8762,98,81,17,17
8763,114,112,2,2
8764,114,119,-5,5
8765,103,111,-8,8
8766,128,118,10,10
8767,110,100,10,10
8768,89,77,12,12
8769,67,66,1,1
8770,136,120,16,16
8771,154,130,24,24
8772,62,70,-8,8
8773,109,102,7,7
8774,91,85,6,6
8775,63,62,1,1
8776,172,170,2,2
8777,93,84,9,9
8778,81,75,6,6
8779,87,93,-6,6
8780,49,58,-9,9
8781,157,161,-4,4
8782,87,77,10,10
8783,61,88,-27,27
8784,60,65,-5,5
8785,129,124,5,5
8786,75,83,-8,8
8787,86,95,-9,9
8788,37,37,0,0
8789,110,104,6,6
8790,124,116,8,8
8791,65,65,0,0
8792,148,152,-4,4
8793,73,75,-2,2
8794,105,111,-6,6
8795,70,85,-15,15
8796,63,71,-8,8
8797,71,73,-2,2
8798,71,72,-1,1
8799,68,67,1,1
8800,96,83,13,13
8801,87,85,2,2
8802,88,85,3,3
8803,69,75,-6,6
8804,83,79,4,4
8805,72,80,-8,8
8806,98,105,-7,7
8807,126,118,8,8
8808,45,56,-11,11
8809,52,47,5,5
8810,103,104,-1,1
8811,77,72,5,5
8812,83,76,7,7
8813,73,60,13,13
8814,108,103,5,5
8815,73,75,-2,2
8816,80,78,2,2
8817,57,59,-2,2
8818,63,64,-1,1
8819,24,39,-15,15
8820,89,70,19,19
8821,61,64,-3,3
8822,97,106,-9,9
8823,85,84,1,1
8824,143,145,-2,2
8825,129,109,20,20
8826,75,78,-3,3
8827,71,75,-4,4
8828,92,89,3,3
8829,72,64,8,8
8830,91,81,10,10
8831,83,77,6,6
8832,75,83,-8,8
8833,66,64,2,2
8834,43,40,3,3
8835,127,118,9,9
8836,125,127,-2,2
8837,44,48,-4,4
8838,51,67,-16,16
8839,54,51,3,3
8840,203,257,-54,54
8841,127,117,10,10
8842,102,96,6,6
8843,81,74,7,7
8844,69,55,14,14
8845,121,116,5,5
8846,85,80,5,5
8847,125,113,12,12
8848,138,124,14,14
8849,191,161,30,30
8850,92,96,-4,4
8851,94,86,8,8
8852,128,126,2,2
8853,35,32,3,3
8854,104,97,7,7
8855,86,80,6,6
8856,132,111,21,21
8857,89,90,-1,1
8858,48,52,-4,4
8859,75,68,7,7
8860,80,67,13,13
8861,100,90,10,10
8862,115,122,-7,7
8863,135,126,9,9
8864,88,89,-1,1
8865,108,105,3,3
8866,141,146,-5,5
8867,81,82,-1,1
8868,147,137,10,10
8869,94,87,7,7
8870,86,85,1,1
8871,125,116,9,9
8872,62,62,0,0
8873,82,87,-5,5
8874,123,113,10,10
8875,80,78,2,2
8876,108,98,10,10
8877,91,80,11,11
8878,124,117,7,7
8879,93,93,0,0
8880,141,158,-17,17
8881,97,61,36,36
8882,177,182,-5,5
8883,80,80,0,0
8884,133,150,-17,17
8885,98,103,-5,5
8886,104,93,11,11
8887,64,61,3,3
8888,170,147,23,23
8889,91,92,-1,1
8890,98,96,2,2
8891,125,113,12,12
8892,65,72,-7,7
8893,86,87,-1,1
8894,75,73,2,2
8895,72,82,-10,10
8896,53,64,-11,11
8897,93,81,12,12
8898,69,64,5,5
8899,95,85,10,10
8900,76,82,-6,6
8901,73,75,-2,2
8902,56,51,5,5
8903,92,89,3,3
8904,43,55,-12,12
8905,60,48,12,12
8906,74,86,-12,12
8907,85,88,-3,3
8908,91,88,3,3
8909,92,85,7,7
8910,91,87,4,4
8911,60,63,-3,3
8912,142,151,-9,9
8913,127,133,-6,6
8914,87,87,0,0
8915,130,141,-11,11
8916,104,93,11,11
8917,62,60,2,2
8918,125,126,-1,1
8919,96,182,-86,86
8920,170,144,26,26
8921,103,114,-11,11
8922,185,164,21,21
8923,80,75,5,5
8924,56,64,-8,8
8925,105,116,-11,11
8926,63,65,-2,2
8927,88,86,2,2
8928,79,75,4,4
8929,60,74,-14,14
8930,84,81,3,3
8931,123,129,-6,6
8932,107,98,9,9
8933,94,93,1,1
8934,70,69,1,1
8935,141,116,25,25
8936,56,51,5,5
8937,166,164,2,2
8938,120,107,13,13
8939,137,125,12,12
8940,88,83,5,5
8941,127,111,16,16
8942,157,153,4,4
8943,130,126,4,4
8944,106,106,0,0
8945,131,133,-2,2
8946,54,58,-4,4
8947,132,123,9,9
8948,80,73,7,7
8949,81,89,-8,8
8950,128,110,18,18
8951,36,41,-5,5
8952,106,109,-3,3
8953,85,84,1,1
8954,64,68,-4,4
8955,81,82,-1,1
8956,120,106,14,14
8957,130,119,11,11
8958,99,83,16,16
8959,70,68,2,2
8960,78,72,6,6
8961,112,121,-9,9
8962,82,80,2,2
8963,184,158,26,26
8964,129,131,-2,2
8965,111,102,9,9
8966,99,105,-6,6
8967,51,60,-9,9
8968,102,99,3,3
8969,66,69,-3,3
8970,74,73,1,1
8971,129,126,3,3
8972,54,53,1,1
8973,117,118,-1,1
8974,120,116,4,4
8975,73,75,-2,2
8976,177,186,-9,9
8977,157,156,1,1
8978,77,80,-3,3
8979,55,59,-4,4
8980,132,121,11,11
8981,180,164,16,16
8982,72,68,4,4
8983,88,92,-4,4
8984,71,75,-4,4
8985,85,79,6,6
8986,51,46,5,5
8987,61,66,-5,5
8988,76,76,0,0
8989,90,91,-1,1
8990,64,66,-2,2
8991,67,81,-14,14
8992,95,89,6,6
8993,46,44,2,2
8994,92,88,4,4
8995,121,126,-5,5
8996,93,91,2,2
8997,92,90,2,2
8998,52,57,-5,5
8999,112,111,1,1
9000,66,105,-39,39
9001,76,78,-2,2
9002,157,156,1,1
9003,75,68,7,7
9004,68,80,-12,12
9005,64,66,-2,2
9006,135,127,8,8
9007,107,103,4,4
9008,79,64,15,15
9009,82,83,-1,1
9010,101,97,4,4
9011,142,159,-17,17
9012,108,115,-7,7
9013,93,99,-6,6
9014,111,113,-2,2
9015,111,107,4,4
9016,101,89,12,12
9017,67,59,8,8
9018,58,58,0,0
9019,117,107,10,10
9020,100,93,7,7
9021,96,85,11,11
9022,106,102,4,4
9023,82,76,6,6
9024,57,64,-7,7
9025,95,81,14,14
9026,92,92,0,0
9027,78,76,2,2
9028,85,78,7,7
9029,46,43,3,3
9030,60,66,-6,6
9031,68,72,-4,4
9032,90,86,4,4
9033,106,111,-5,5
9034,72,69,3,3
9035,91,86,5,5
9036,142,134,8,8
9037,63,58,5,5
9038,55,50,5,5
9039,112,109,3,3
9040,165,159,6,6
9041,80,78,2,2
9042,58,56,2,2
9043,96,98,-2,2
9044,69,62,7,7
9045,85,95,-10,10
9046,74,82,-8,8
9047,148,134,14,14
9048,61,59,2,2
9049,114,114,0,0
9050,117,111,6,6
9051,87,83,4,4
9052,148,142,6,6
9053,129,119,10,10
9054,100,85,15,15
9055,79,84,-5,5
9056,84,79,5,5
9057,75,73,2,2
9058,101,100,1,1
9059,74,72,2,2
9060,98,89,9,9
9061,97,100,-3,3
9062,58,51,7,7
9063,104,97,7,7
9064,122,112,10,10
9065,33,41,-8,8
9066,62,62,0,0
9067,59,64,-5,5
9068,66,81,-15,15
9069,112,107,5,5
9070,109,97,12,12
9071,67,77,-10,10
9072,157,161,-4,4
9073,147,143,4,4
9074,114,106,8,8
9075,45,44,1,1
9076,71,72,-1,1
9077,135,122,13,13
9078,64,57,7,7
9079,101,105,-4,4
9080,93,92,1,1
9081,92,80,12,12
9082,128,128,0,0
9083,90,84,6,6
9084,113,95,18,18
9085,62,64,-2,2
9086,66,62,4,4
9087,69,61,8,8
9088,90,84,6,6
9089,69,61,8,8
9090,87,89,-2,2
9091,70,84,-14,14
9092,88,87,1,1
9093,60,71,-11,11
9094,172,149,23,23
9095,94,103,-9,9
9096,53,63,-10,10
9097,81,77,4,4
9098,103,82,21,21
9099,146,144,2,2
9100,93,92,1,1
9101,106,109,-3,3
9102,115,113,2,2
9103,171,160,11,11
9104,80,85,-5,5
9105,89,82,7,7
9106,75,75,0,0
9107,197,196,1,1
9108,52,58,-6,6
9109,56,62,-6,6
9110,76,71,5,5
9111,136,132,4,4
9112,127,122,5,5
9113,102,100,2,2
9114,100,104,-4,4
9115,154,140,14,14
9116,127,125,2,2
9117,115,107,8,8
9118,69,72,-3,3
9119,113,96,17,17
9120,116,114,2,2
9121,92,90,2,2
9122,95,97,-2,2
9123,81,70,11,11
9124,81,86,-5,5
9125,148,141,7,7
9126,94,88,6,6
9127,117,117,0,0
9128,47,47,0,0
9129,100,95,5,5
9130,133,126,7,7
9131,79,106,-27,27
9132,147,140,7,7
9133,62,74,-12,12
9134,77,73,4,4
9135,154,138,16,16
9136,112,111,1,1
9137,65,69,-4,4
9138,42,47,-5,5
9139,114,120,-6,6
9140,114,111,3,3
9141,77,66,11,11
9142,68,66,2,2
9143,84,88,-4,4
9144,120,120,0,0
9145,132,125,7,7
9146,113,120,-7,7
9147,86,87,-1,1
9148,78,78,0,0
9149,73,95,-22,22
9150,68,63,5,5
9151,93,95,-2,2
9152,113,123,-10,10
9153,58,61,-3,3
9154,63,69,-6,6
9155,54,46,8,8
9156,123,110,13,13
9157,43,43,0,0
9158,82,77,5,5
9159,144,140,4,4
9160,73,121,-48,48
9161,49,48,1,1
9162,103,96,7,7
9163,179,162,17,17
9164,106,104,2,2
9165,93,119,-26,26
9166,135,136,-1,1
9167,120,117,3,3
9168,130,123,7,7
9169,79,86,-7,7
9170,82,73,9,9
9171,55,55,0,0
9172,74,71,3,3
9173,153,148,5,5
9174,93,91,2,2
9175,107,101,6,6
9176,136,141,-5,5
9177,88,91,-3,3
9178,56,63,-7,7
9179,171,151,20,20
9180,115,109,6,6
9181,53,65,-12,12
9182,124,131,-7,7
9183,117,102,15,15
9184,76,75,1,1
9185,168,134,34,34
9186,78,79,-1,1
9187,42,45,-3,3
9188,74,77,-3,3
9189,156,128,28,28
9190,81,88,-7,7
9191,88,75,13,13
9192,169,154,15,15
9193,74,71,3,3
9194,108,102,6,6
9195,98,95,3,3
9196,175,184,-9,9
9197,39,41,-2,2
9198,47,56,-9,9
9199,100,82,18,18
9200,105,93,12,12
9201,103,97,6,6
9202,114,107,7,7
9203,65,70,-5,5
9204,70,69,1,1
9205,79,67,12,12
9206,96,99,-3,3
9207,123,126,-3,3
9208,94,95,-1,1
9209,124,132,-8,8
9210,102,93,9,9
9211,108,94,14,14
9212,78,80,-2,2
9213,111,101,10,10
9214,84,92,-8,8
9215,58,47,11,11
9216,124,119,5,5
9217,92,79,13,13
9218,75,84,-9,9
9219,64,57,7,7
9220,89,75,14,14
9221,88,90,-2,2
9222,58,66,-8,8
9223,116,112,4,4
9224,57,53,4,4
9225,98,92,6,6
9226,138,146,-8,8
9227,87,85,2,2
9228,58,59,-1,1
9229,141,125,16,16
9230,72,69,3,3
9231,63,82,-19,19
9232,173,160,13,13
9233,113,108,5,5
9234,114,115,-1,1
9235,95,82,13,13
9236,80,81,-1,1
9237,75,82,-7,7
9238,113,110,3,3
9239,86,93,-7,7
9240,54,53,1,1
9241,99,98,1,1
9242,149,136,13,13
9243,73,62,11,11
9244,86,75,11,11
9245,108,100,8,8
9246,74,77,-3,3
9247,59,50,9,9
9248,106,111,-5,5
9249,158,136,22,22
9250,45,67,-22,22
9251,77,77,0,0
9252,116,131,-15,15
9253,52,52,0,0
9254,93,96,-3,3
9255,129,116,13,13
9256,63,61,2,2
9257,41,35,6,6
9258,62,58,4,4
9259,168,169,-1,1
9260,117,124,-7,7
9261,142,132,10,10
9262,112,100,12,12
9263,101,106,-5,5
9264,86,82,4,4
9265,77,79,-2,2
9266,141,129,12,12
9267,80,94,-14,14
9268,107,128,-21,21
9269,90,85,5,5
9270,65,74,-9,9
9271,57,58,-1,1
9272,89,77,12,12
9273,63,59,4,4
9274,121,118,3,3
9275,108,103,5,5
9276,83,84,-1,1
9277,116,108,8,8
9278,66,67,-1,1
9279,128,132,-4,4
9280,98,96,2,2
9281,76,76,0,0
9282,130,115,15,15
9283,55,44,11,11
9284,64,65,-1,1
9285,107,106,1,1
9286,117,99,18,18
9287,124,117,7,7
9288,88,79,9,9
9289,44,42,2,2
9290,89,84,5,5
9291,82,77,5,5
9292,78,79,-1,1
9293,63,62,1,1
9294,60,54,6,6
9295,55,53,2,2
9296,80,82,-2,2
9297,56,53,3,3
9298,68,72,-4,4
9299,177,175,2,2
9300,69,67,2,2
9301,63,64,-1,1
9302,116,107,9,9
9303,96,98,-2,2
9304,142,127,15,15
9305,85,78,7,7
9306,56,61,-5,5
9307,91,82,9,9
9308,72,74,-2,2
9309,69,84,-15,15
9310,114,101,13,13
9311,131,126,5,5
9312,70,77,-7,7
9313,138,132,6,6
9314,103,104,-1,1
9315,69,72,-3,3
9316,97,93,4,4
9317,98,112,-14,14
9318,117,109,8,8
9319,95,100,-5,5
9320,130,120,10,10
9321,174,147,27,27
9322,114,121,-7,7
9323,87,93,-6,6
9324,92,104,-12,12
9325,57,56,1,1
9326,93,82,11,11
9327,90,88,2,2
9328,87,90,-3,3
9329,87,87,0,0
9330,115,106,9,9
9331,103,106,-3,3
9332,66,62,4,4
9333,95,90,5,5
9334,98,92,6,6
9335,82,77,5,5
9336,63,55,8,8
9337,39,46,-7,7
9338,60,48,12,12
9339,112,104,8,8
9340,159,149,10,10
9341,41,51,-10,10
9342,96,93,3,3
9343,117,106,11,11
9344,69,64,5,5
9345,82,80,2,2
9346,125,111,14,14
9347,82,75,7,7
9348,65,70,-5,5
9349,92,80,12,12
9350,91,104,-13,13
9351,91,92,-1,1
9352,95,104,-9,9
9353,28,32,-4,4
9354,64,60,4,4
9355,73,70,3,3
9356,122,117,5,5
9357,76,75,1,1
9358,82,78,4,4
9359,134,130,4,4
9360,118,103,15,15
9361,72,73,-1,1
9362,96,118,-22,22
9363,176,171,5,5
9364,156,143,13,13
9365,64,77,-13,13
9366,99,110,-11,11
9367,94,92,2,2
9368,84,78,6,6
9369,88,86,2,2
9370,144,148,-4,4
9371,123,109,14,14
9372,99,100,-1,1
9373,63,91,-28,28
9374,64,70,-6,6
9375,141,117,24,24
9376,71,89,-18,18
9377,166,155,11,11
9378,118,118,0,0
9379,120,100,20,20
9380,145,153,-8,8
9381,87,82,5,5
9382,90,84,6,6
9383,80,87,-7,7
9384,125,124,1,1
9385,59,58,1,1
9386,171,146,25,25
9387,72,71,1,1
9388,121,100,21,21
9389,47,38,9,9
9390,73,87,-14,14
9391,124,96,28,28
9392,87,91,-4,4
9393,95,91,4,4
9394,77,69,8,8
9395,167,149,18,18
9396,53,48,5,5
9397,89,89,0,0
9398,83,80,3,3
9399,77,85,-8,8
9400,127,120,7,7
9401,94,88,6,6
9402,95,81,14,14
9403,93,87,6,6
9404,74,68,6,6
9405,112,113,-1,1
9406,117,104,13,13
9407,69,68,1,1
9408,88,78,10,10
9409,71,84,-13,13
9410,57,54,3,3
9411,89,77,12,12
9412,98,105,-7,7
9413,123,122,1,1
9414,88,81,7,7
9415,136,123,13,13
9416,85,83,2,2
9417,93,100,-7,7
9418,150,157,-7,7
9419,50,58,-8,8
9420,77,82,-5,5
9421,87,92,-5,5
9422,123,115,8,8
9423,71,73,-2,2
9424,142,137,5,5
9425,78,79,-1,1
9426,111,111,0,0
9427,54,73,-19,19
9428,66,65,1,1
9429,110,105,5,5
9430,96,96,0,0
9431,56,58,-2,2
9432,17,28,-11,11
9433,84,80,4,4
9434,108,101,7,7
9435,103,91,12,12
9436,102,90,12,12
9437,81,94,-13,13
9438,125,122,3,3
9439,120,129,-9,9
9440,89,84,5,5
9441,73,64,9,9
9442,110,104,6,6
9443,86,87,-1,1
9444,94,97,-3,3
9445,76,77,-1,1
9446,72,69,3,3
9447,41,46,-5,5
9448,129,119,10,10
9449,80,75,5,5
9450,92,89,3,3
9451,208,185,23,23
9452,170,164,6,6
9453,88,93,-5,5
9454,43,46,-3,3
9455,65,50,15,15
9456,52,46,6,6
9457,44,49,-5,5
9458,96,112,-16,16
9459,165,156,9,9
9460,92,73,19,19
9461,104,88,16,16
9462,131,119,12,12
9463,73,72,1,1
9464,131,115,16,16
9465,51,73,-22,22
9466,63,61,2,2
9467,107,101,6,6
9468,109,124,-15,15
9469,131,117,14,14
9470,96,87,9,9
9471,90,73,17,17
9472,60,74,-14,14
9473,106,107,-1,1
9474,101,89,12,12
9475,67,68,-1,1
9476,117,111,6,6
9477,76,74,2,2
9478,78,74,4,4
9479,94,86,8,8
9480,95,90,5,5
9481,78,74,4,4
9482,133,138,-5,5
9483,41,44,-3,3
9484,105,89,16,16
9485,102,96,6,6
9486,88,94,-6,6
9487,106,111,-5,5
9488,89,87,2,2
9489,98,125,-27,27
9490,128,121,7,7
9491,102,114,-12,12
9492,132,131,1,1
9493,101,103,-2,2
9494,144,137,7,7
9495,61,64,-3,3
9496,61,62,-1,1
9497,114,117,-3,3
9498,125,120,5,5
9499,70,66,4,4
9500,83,74,9,9
9501,147,130,17,17
9502,97,90,7,7
9503,82,77,5,5
9504,87,78,9,9
9505,94,78,16,16
9506,54,70,-16,16
9507,71,76,-5,5
9508,105,95,10,10
9509,87,86,1,1
9510,95,102,-7,7
9511,71,74,-3,3
9512,76,79,-3,3
9513,123,116,7,7
9514,127,158,-31,31
9515,84,89,-5,5
9516,48,57,-9,9
9517,108,88,20,20
9518,157,128,29,29
9519,54,51,3,3
9520,100,86,14,14
9521,118,109,9,9
9522,57,60,-3,3
9523,137,135,2,2
9524,80,75,5,5
9525,48,47,1,1
9526,49,40,9,9
9527,94,91,3,3
9528,101,89,12,12
9529,64,69,-5,5
9530,114,127,-13,13
9531,82,75,7,7
9532,62,68,-6,6
9533,57,66,-9,9
9534,88,102,-14,14
9535,92,94,-2,2
9536,66,84,-18,18
9537,76,85,-9,9
9538,59,55,4,4
9539,89,83,6,6
9540,63,65,-2,2
9541,51,45,6,6
9542,123,117,6,6
9543,88,87,1,1
9544,59,59,0,0
9545,66,64,2,2
9546,135,118,17,17
9547,54,55,-1,1
9548,24,29,-5,5
9549,91,79,12,12
9550,166,157,9,9
9551,45,45,0,0
9552,95,80,15,15
9553,99,97,2,2
9554,70,76,-6,6
9555,81,74,7,7
9556,97,80,17,17
9557,75,84,-9,9
9558,55,61,-6,6
9559,86,94,-8,8
9560,172,161,11,11
9561,65,71,-6,6
9562,174,178,-4,4
9563,78,87,-9,9
9564,81,78,3,3
9565,68,61,7,7
9566,74,72,2,2
9567,46,44,2,2
9568,119,122,-3,3
9569,48,50,-2,2
9570,112,106,6,6
9571,135,139,-4,4
9572,91,78,13,13
9573,103,93,10,10
9574,95,111,-16,16
9575,91,83,8,8
9576,201,172,29,29
9577,89,86,3,3
9578,71,65,6,6
9579,198,181,17,17
9580,93,90,3,3
9581,82,82,0,0
9582,132,128,4,4
9583,79,89,-10,10
9584,60,62,-2,2
9585,72,80,-8,8
9586,107,110,-3,3
9587,112,113,-1,1
9588,99,100,-1,1
9589,104,114,-10,10
9590,68,74,-6,6
9591,57,61,-4,4
9592,47,54,-7,7
9593,96,80,16,16
9594,95,103,-8,8
9595,43,42,1,1
9596,116,101,15,15
9597,65,71,-6,6
9598,106,89,17,17
9599,117,130,-13,13
9600,96,89,7,7
9601,67,58,9,9
9602,100,86,14,14
9603,108,105,3,3
9604,103,99,4,4
9605,58,64,-6,6
9606,88,86,2,2
9607,133,125,8,8
9608,161,153,8,8
9609,95,83,12,12
9610,99,85,14,14
9611,69,67,2,2
9612,112,95,17,17
9613,127,114,13,13
9614,66,69,-3,3
9615,116,115,1,1
9616,105,103,2,2
9617,100,91,9,9
9618,93,90,3,3
9619,79,83,-4,4
9620,121,107,14,14
9621,86,86,0,0
9622,88,82,6,6
9623,177,153,24,24
9624,67,72,-5,5
9625,73,66,7,7
9626,105,96,9,9
9627,115,110,5,5
9628,141,134,7,7
9629,75,80,-5,5
9630,58,58,0,0
9631,86,79,7,7
9632,137,132,5,5
9633,113,114,-1,1
9634,92,85,7,7
9635,83,94,-11,11
9636,103,107,-4,4
9637,145,139,6,6
9638,84,80,4,4
9639,123,128,-5,5
9640,104,99,5,5
9641,61,63,-2,2
9642,79,75,4,4
9643,90,107,-17,17
9644,115,112,3,3
9645,138,141,-3,3
9646,80,82,-2,2
9647,92,96,-4,4
9648,126,120,6,6
9649,62,48,14,14
9650,81,74,7,7
9651,88,99,-11,11
9652,90,91,-1,1
9653,70,73,-3,3
9654,113,116,-3,3
9655,81,74,7,7
9656,70,76,-6,6
9657,87,85,2,2
9658,62,72,-10,10
9659,54,62,-8,8
9660,85,86,-1,1
9661,76,76,0,0
9662,44,49,-5,5
9663,106,96,10,10
9664,116,104,12,12
9665,114,122,-8,8
9666,156,153,3,3
9667,127,112,15,15
9668,61,59,2,2
9669,57,53,4,4
9670,128,122,6,6
9671,90,79,11,11
9672,113,110,3,3
9673,81,70,11,11
9674,48,63,-15,15
9675,47,50,-3,3
9676,139,125,14,14
9677,154,145,9,9
9678,104,117,-13,13
9679,97,92,5,5
9680,123,117,6,6
9681,68,62,6,6
9682,94,90,4,4
9683,77,87,-10,10
9684,45,39,6,6
9685,78,76,2,2
9686,75,83,-8,8
9687,79,74,5,5
9688,175,214,-39,39
9689,117,104,13,13
9690,108,98,10,10
9691,106,107,-1,1
9692,82,70,12,12
9693,112,101,11,11
9694,74,75,-1,1
9695,117,115,2,2
9696,94,96,-2,2
9697,226,220,6,6
9698,120,110,10,10
9699,40,45,-5,5
9700,40,99,-59,59
9701,119,115,4,4
9702,51,53,-2,2
9703,61,50,11,11
9704,119,113,6,6
9705,97,98,-1,1
9706,70,71,-1,1
9707,101,86,15,15
9708,160,148,12,12
9709,88,84,4,4
9710,41,52,-11,11
9711,86,76,10,10
9712,76,78,-2,2
9713,66,72,-6,6
9714,110,110,0,0
9715,120,112,8,8
9716,97,94,3,3
9717,89,94,-5,5
9718,117,109,8,8
9719,59,74,-15,15
9720,145,130,15,15
9721,84,80,4,4
9722,78,86,-8,8
9723,65,65,0,0
9724,62,48,14,14
9725,114,112,2,2
9726,76,86,-10,10
9727,51,51,0,0
9728,131,136,-5,5
9729,162,163,-1,1
9730,90,94,-4,4
9731,95,110,-15,15
9732,49,69,-20,20
9733,81,80,1,1
9734,103,96,7,7
9735,136,124,12,12
9736,116,103,13,13
9737,74,70,4,4
9738,54,65,-11,11
9739,110,109,1,1
9740,113,93,20,20
9741,142,106,36,36
9742,130,113,17,17
9743,156,143,13,13
9744,186,198,-12,12
9745,70,63,7,7
9746,115,98,17,17
9747,149,130,19,19
9748,135,130,5,5
9749,72,71,1,1
9750,143,148,-5,5
9751,190,175,15,15
9752,117,126,-9,9
9753,124,103,21,21
9754,78,82,-4,4
9755,90,89,1,1
9756,49,47,2,2
9757,52,60,-8,8
9758,48,61,-13,13
9759,69,71,-2,2
9760,69,77,-8,8
9761,40,58,-18,18
9762,89,94,-5,5
9763,85,85,0,0
9764,104,102,2,2
9765,130,116,14,14
9766,110,85,25,25
9767,136,129,7,7
9768,91,81,10,10
9769,83,87,-4,4
9770,50,49,1,1
9771,104,102,2,2
9772,83,82,1,1
9773,114,108,6,6
9774,119,126,-7,7
9775,88,81,7,7
9776,68,84,-16,16
9777,84,104,-20,20
9778,93,77,16,16
9779,56,50,6,6
9780,66,61,5,5
9781,60,62,-2,2
9782,58,58,0,0
9783,142,150,-8,8
9784,197,171,26,26
9785,53,51,2,2
9786,86,107,-21,21
9787,85,83,2,2
9788,153,132,21,21
9789,58,62,-4,4
9790,78,71,7,7
9791,159,144,15,15
9792,129,119,10,10
9793,115,110,5,5
9794,64,57,7,7
9795,142,140,2,2
9796,83,79,4,4
9797,171,178,-7,7
9798,137,132,5,5
9799,107,108,-1,1
9800,101,84,17,17
9801,75,70,5,5
9802,103,95,8,8
9803,80,79,1,1
9804,51,53,-2,2
9805,92,87,5,5
9806,88,85,3,3
9807,96,95,1,1
9808,140,125,15,15
9809,107,108,-1,1
9810,59,63,-4,4
9811,128,116,12,12
9812,80,75,5,5
9813,40,43,-3,3
9814,139,139,0,0
9815,79,75,4,4
9816,89,88,1,1
9817,127,123,4,4
9818,132,117,15,15
9819,104,106,-2,2
9820,100,98,2,2
9821,76,66,10,10
9822,182,147,35,35
9823,43,44,-1,1
9824,56,61,-5,5
9825,140,129,11,11
9826,98,95,3,3
9827,66,76,-10,10
9828,52,53,-1,1
9829,100,93,7,7
9830,131,112,19,19
9831,47,37,10,10
9832,57,48,9,9
9833,58,60,-2,2
9834,100,93,7,7
9835,143,135,8,8
9836,81,85,-4,4
9837,130,94,36,36
9838,63,66,-3,3
9839,84,105,-21,21
9840,86,84,2,2
9841,118,107,11,11
9842,109,97,12,12
9843,176,189,-13,13
9844,68,68,0,0
9845,102,101,1,1
9846,65,66,-1,1
9847,88,97,-9,9
9848,127,117,10,10
9849,56,55,1,1
9850,104,106,-2,2
9851,105,79,26,26
9852,84,81,3,3
9853,27,69,-42,42
9854,95,97,-2,2
9855,77,77,0,0
9856,192,202,-10,10
9857,78,73,5,5
9858,122,119,3,3
9859,80,84,-4,4
9860,94,83,11,11
9861,126,121,5,5
9862,44,52,-8,8
9863,73,76,-3,3
9864,104,79,25,25
9865,71,66,5,5
9866,65,84,-19,19
9867,96,76,20,20
9868,116,91,25,25
9869,103,109,-6,6
9870,129,123,6,6
9871,143,138,5,5
9872,100,115,-15,15
9873,133,124,9,9
9874,64,66,-2,2
9875,121,113,8,8
9876,61,58,3,3
9877,55,56,-1,1
9878,49,51,-2,2
9879,86,80,6,6
9880,85,85,0,0
9881,61,56,5,5
9882,128,124,4,4
9883,91,76,15,15
9884,99,79,20,20
9885,92,89,3,3
9886,179,171,8,8
9887,114,98,16,16
9888,66,59,7,7
9889,78,84,-6,6
9890,69,75,-6,6
9891,121,112,9,9
9892,85,67,18,18
9893,110,116,-6,6
9894,92,96,-4,4
9895,117,115,2,2
9896,174,170,4,4
9897,135,123,12,12
9898,64,56,8,8
9899,75,66,9,9
9900,97,102,-5,5
9901,120,118,2,2
9902,102,93,9,9
9903,91,92,-1,1
9904,70,74,-4,4
9905,64,69,-5,5
9906,49,52,-3,3
9907,94,102,-8,8
9908,71,79,-8,8
9909,136,152,-16,16
9910,68,66,2,2
9911,122,117,5,5
9912,73,71,2,2
9913,114,116,-2,2
9914,98,91,7,7
9915,104,111,-7,7
9916,103,89,14,14
9917,108,99,9,9
9918,127,119,8,8
9919,130,122,8,8
9920,95,95,0,0
9921,89,78,11,11
9922,73,83,-10,10
9923,157,136,21,21
9924,103,95,8,8
9925,105,97,8,8
9926,112,106,6,6
9927,109,99,10,10
9928,79,71,8,8
9929,92,109,-17,17
9930,72,67,5,5
9931,48,54,-6,6
9932,98,89,9,9
9933,111,112,-1,1
9934,119,108,11,11
9935,139,120,19,19
9936,55,68,-13,13
9937,107,105,2,2
9938,135,142,-7,7
9939,102,100,2,2
9940,88,92,-4,4
9941,105,110,-5,5
9942,136,121,15,15
9943,82,85,-3,3
9944,67,68,-1,1
9945,123,122,1,1
9946,120,112,8,8
9947,94,103,-9,9
9948,51,50,1,1
9949,95,92,3,3
9950,92,83,9,9
9951,154,141,13,13
9952,76,81,-5,5
9953,59,54,5,5
9954,153,134,19,19
9955,66,72,-6,6
9956,96,103,-7,7
9957,131,124,7,7
9958,81,86,-5,5
9959,80,81,-1,1
9960,59,70,-11,11
9961,72,84,-12,12
9962,148,138,10,10
9963,123,119,4,4
9964,72,70,2,2
9965,59,69,-10,10
9966,145,150,-5,5
9967,95,94,1,1
9968,125,119,6,6
9969,79,76,3,3
9970,79,77,2,2
9971,68,70,-2,2
9972,135,137,-2,2
9973,96,94,2,2
9974,64,62,2,2
9975,62,55,7,7
9976,102,98,4,4
9977,141,127,14,14
9978,82,69,13,13
9979,84,78,6,6
9980,85,93,-8,8
9981,77,73,4,4
9982,107,95,12,12
9983,94,88,6,6
9984,84,75,9,9
9985,90,85,5,5
9986,127,116,11,11
9987,94,89,5,5
9988,142,189,-47,47
9989,88,85,3,3
9990,104,94,10,10
9991,66,61,5,5
9992,48,51,-3,3
9993,76,71,5,5
9994,105,109,-4,4
9995,62,51,11,11
9996,82,83,-1,1
9997,123,121,2,2
9998,88,97,-9,9
9999,68,66,2,2
10000,171,154,17,17
10001,134,127,7,7
10002,81,68,13,13
10003,66,76,-10,10
10004,49,56,-7,7
10005,92,91,1,1
10006,121,117,4,4
10007,133,122,11,11
10008,147,134,13,13
10009,81,84,-3,3
10010,69,80,-11,11
10011,83,77,6,6
10012,88,84,4,4
10013,59,59,0,0
10014,91,91,0,0
10015,153,153,0,0
10016,114,95,19,19
10017,77,85,-8,8
10018,85,70,15,15
10019,80,78,2,2
10020,74,65,9,9
10021,169,169,0,0
10022,108,104,4,4
10023,121,121,0,0
10024,83,97,-14,14
10025,56,52,4,4
10026,74,74,0,0
10027,53,63,-10,10
10028,80,82,-2,2
10029,79,83,-4,4
10030,117,111,6,6
10031,174,168,6,6
10032,77,68,9,9
10033,114,91,23,23
10034,79,78,1,1
10035,158,140,18,18
10036,80,77,3,3
10037,90,118,-28,28
10038,111,105,6,6
10039,155,139,16,16
10040,55,55,0,0
10041,74,68,6,6
10042,62,66,-4,4
10043,138,138,0,0
10044,143,137,6,6
10045,113,117,-4,4
10046,100,99,1,1
10047,115,93,22,22
10048,49,47,2,2
10049,139,135,4,4
10050,114,117,-3,3
10051,125,123,2,2
10052,61,63,-2,2
10053,136,117,19,19
10054,77,73,4,4
10055,211,187,24,24
10056,66,53,13,13
10057,111,99,12,12
10058,122,124,-2,2
10059,139,130,9,9
10060,121,107,14,14
10061,108,110,-2,2
10062,85,87,-2,2
10063,110,115,-5,5
10064,62,77,-15,15
10065,107,97,10,10
10066,49,53,-4,4
10067,82,75,7,7
10068,92,89,3,3
10069,59,56,3,3
10070,56,45,11,11
10071,105,98,7,7
10072,61,73,-12,12
10073,95,97,-2,2
10074,56,64,-8,8
10075,148,143,5,5
10076,123,124,-1,1
10077,111,120,-9,9
10078,75,68,7,7
10079,139,152,-13,13
10080,68,69,-1,1
10081,90,79,11,11
10082,150,158,-8,8
10083,133,113,20,20
10084,49,56,-7,7
10085,62,62,0,0
10086,111,97,14,14
10087,117,111,6,6
10088,151,153,-2,2
10089,100,94,6,6
10090,42,54,-12,12
10091,78,70,8,8
10092,48,52,-4,4
10093,118,106,12,12
10094,70,67,3,3
10095,117,126,-9,9
10096,61,74,-13,13
10097,94,100,-6,6
10098,78,80,-2,2
10099,170,163,7,7
10100,68,65,3,3
10101,78,70,8,8
10102,47,45,2,2
10103,130,103,27,27
10104,80,73,7,7
10105,70,81,-11,11
10106,49,65,-16,16
10107,117,107,10,10
10108,86,87,-1,1
10109,82,79,3,3
10110,54,46,8,8
10111,160,153,7,7
10112,78,88,-10,10
10113,82,80,2,2
10114,59,63,-4,4
10115,115,103,12,12
10116,86,84,2,2
10117,119,109,10,10
10118,116,113,3,3
10119,90,95,-5,5
10120,75,78,-3,3
10121,81,80,1,1
10122,87,91,-4,4
10123,108,100,8,8
10124,50,51,-1,1
10125,53,59,-6,6
10126,130,138,-8,8
10127,125,114,11,11
10128,118,116,2,2
10129,112,112,0,0
10130,62,85,-23,23
10131,105,110,-5,5
10132,90,96,-6,6
10133,143,146,-3,3
10134,58,57,1,1
10135,64,64,0,0
10136,108,99,9,9
10137,98,92,6,6
10138,136,127,9,9
10139,101,110,-9,9
10140,85,91,-6,6
10141,92,92,0,0
10142,144,149,-5,5
10143,80,73,7,7
10144,110,96,14,14
10145,66,63,3,3
10146,73,68,5,5
10147,59,53,6,6
10148,88,82,6,6
10149,74,79,-5,5
10150,61,70,-9,9
10151,125,114,11,11
10152,55,55,0,0
10153,115,109,6,6
10154,58,62,-4,4
10155,76,78,-2,2
10156,137,147,-10,10
10157,81,79,2,2
10158,116,114,2,2
10159,81,80,1,1
10160,94,85,9,9
10161,78,94,-16,16
10162,80,84,-4,4
10163,99,94,5,5
10164,118,108,10,10
10165,137,119,18,18
10166,98,94,4,4
10167,71,68,3,3
10168,83,77,6,6
10169,132,140,-8,8
10170,69,61,8,8
10171,119,111,8,8
10172,101,113,-12,12
10173,92,104,-12,12
10174,74,64,10,10
10175,95,89,6,6
10176,67,64,3,3
10177,50,55,-5,5
10178,106,103,3,3
10179,102,94,8,8
10180,359,354,5,5
10181,58,57,1,1
10182,94,87,7,7
10183,90,90,0,0
10184,88,80,8,8
10185,105,92,13,13
10186,75,79,-4,4
10187,89,89,0,0
10188,86,86,0,0
10189,133,127,6,6
10190,35,35,0,0
10191,88,77,11,11
10192,177,168,9,9
10193,100,93,7,7
10194,65,69,-4,4
10195,104,97,7,7
10196,67,59,8,8
10197,86,77,9,9
10198,123,113,10,10
10199,108,93,15,15
10200,84,80,4,4
10201,54,60,-6,6
10202,95,92,3,3
10203,86,82,4,4
10204,70,90,-20,20
10205,84,71,13,13
10206,107,97,10,10
10207,45,44,1,1
10208,85,82,3,3
10209,79,75,4,4
10210,125,121,4,4
10211,92,93,-1,1
10212,74,76,-2,2
10213,139,142,-3,3
10214,84,81,3,3
10215,103,117,-14,14
10216,60,82,-22,22
10217,78,91,-13,13
10218,69,55,14,14
10219,131,129,2,2
10220,102,97,5,5
10221,69,73,-4,4
10222,58,61,-3,3
10223,43,46,-3,3
10224,29,24,5,5
10225,86,85,1,1
10226,114,110,4,4
10227,38,43,-5,5
10228,113,116,-3,3
10229,74,79,-5,5
10230,67,69,-2,2
10231,221,232,-11,11
10232,103,104,-1,1
10233,224,221,3,3
10234,82,90,-8,8
10235,104,97,7,7
10236,115,110,5,5
10237,70,86,-16,16
10238,92,82,10,10
10239,118,115,3,3
10240,159,132,27,27
10241,124,116,8,8
10242,165,133,32,32
10243,118,117,1,1
10244,79,74,5,5
10245,113,104,9,9
10246,61,65,-4,4
10247,112,103,9,9
10248,68,64,4,4
10249,71,74,-3,3
10250,127,123,4,4
10251,82,82,0,0
10252,63,57,6,6
10253,189,208,-19,19
10254,73,79,-6,6
10255,76,71,5,5
10256,99,112,-13,13
10257,131,131,0,0
10258,88,100,-12,12
10259,61,71,-10,10
10260,135,132,3,3
10261,52,50,2,2
10262,114,110,4,4
10263,82,81,1,1
10264,106,99,7,7
10265,102,119,-17,17
10266,105,117,-12,12
10267,77,80,-3,3
10268,66,60,6,6
10269,129,111,18,18
10270,73,69,4,4
10271,77,88,-11,11
10272,70,64,6,6
10273,40,37,3,3
10274,55,71,-16,16
10275,130,127,3,3
10276,168,157,11,11
10277,76,67,9,9
10278,136,127,9,9
10279,104,117,-13,13
10280,52,53,-1,1
10281,151,143,8,8
10282,74,76,-2,2
10283,60,69,-9,9
10284,90,79,11,11
10285,81,64,17,17
10286,118,121,-3,3
10287,96,95,1,1
10288,96,83,13,13
10289,151,153,-2,2
10290,125,114,11,11
10291,73,64,9,9
10292,107,101,6,6
10293,113,113,0,0
10294,118,112,6,6
10295,71,90,-19,19
10296,68,66,2,2
10297,65,72,-7,7
10298,48,57,-9,9
10299,73,80,-7,7
10300,86,98,-12,12
10301,45,46,-1,1
10302,87,83,4,4
10303,113,107,6,6
10304,137,131,6,6
10305,114,116,-2,2
10306,61,63,-2,2
10307,106,87,19,19
10308,128,125,3,3
10309,111,107,4,4
10310,100,94,6,6
10311,100,94,6,6
10312,133,148,-15,15
10313,96,93,3,3
10314,133,127,6,6
10315,130,117,13,13
10316,78,79,-1,1
10317,130,114,16,16
10318,110,111,-1,1
10319,75,87,-12,12
10320,144,128,16,16
10321,81,91,-10,10
10322,63,74,-11,11
10323,122,120,2,2
10324,119,132,-13,13
10325,99,99,0,0
10326,111,105,6,6
10327,143,127,16,16
10328,104,120,-16,16
10329,93,92,1,1
10330,72,79,-7,7
10331,79,89,-10,10
10332,128,130,-2,2
10333,99,100,-1,1
10334,76,84,-8,8
10335,100,103,-3,3
10336,70,65,5,5
10337,148,147,1,1
10338,68,71,-3,3
10339,100,109,-9,9
10340,74,83,-9,9
10341,86,74,12,12
10342,93,84,9,9
10343,138,117,21,21
10344,149,154,-5,5
10345,65,59,6,6
10346,89,90,-1,1
10347,117,83,34,34
10348,98,90,8,8
10349,127,122,5,5
10350,106,92,14,14
10351,68,58,10,10
10352,160,141,19,19
10353,83,86,-3,3
10354,129,112,17,17
10355,117,100,17,17
10356,74,71,3,3
10357,101,97,4,4
10358,113,109,4,4
10359,121,111,10,10
10360,122,132,-10,10
10361,117,110,7,7
10362,131,141,-10,10
10363,68,55,13,13
10364,86,86,0,0
10365,97,87,10,10
10366,125,113,12,12
10367,65,73,-8,8
10368,49,53,-4,4
10369,81,80,1,1
10370,103,98,5,5
10371,110,98,12,12
10372,86,98,-12,12
10373,103,97,6,6
10374,103,102,1,1
10375,59,55,4,4
10376,119,107,12,12
10377,40,39,1,1
10378,102,101,1,1
10379,120,104,16,16
10380,103,105,-2,2
10381,101,91,10,10
10382,106,103,3,3
10383,110,105,5,5
10384,82,74,8,8
10385,88,78,10,10
10386,174,180,-6,6
10387,99,86,13,13
10388,66,68,-2,2
10389,105,104,1,1
10390,59,55,4,4
10391,128,111,17,17
10392,53,68,-15,15
10393,123,124,-1,1
10394,88,95,-7,7
10395,80,81,-1,1
10396,72,85,-13,13
10397,73,78,-5,5
10398,60,64,-4,4
10399,88,80,8,8
10400,82,77,5,5
10401,156,141,15,15
10402,163,142,21,21
10403,73,66,7,7
10404,105,95,10,10
10405,137,121,16,16
10406,74,77,-3,3
10407,85,79,6,6
10408,71,75,-4,4
10409,56,63,-7,7
10410,95,91,4,4
10411,48,40,8,8
10412,113,114,-1,1
10413,96,93,3,3
10414,111,104,7,7
10415,80,101,-21,21
10416,44,45,-1,1
10417,73,69,4,4
10418,132,105,27,27
10419,100,85,15,15
10420,126,115,11,11
10421,77,89,-12,12
10422,81,89,-8,8
10423,68,66,2,2
10424,73,91,-18,18
10425,100,89,11,11
10426,98,87,11,11
10427,60,58,2,2
10428,110,108,2,2
10429,102,107,-5,5
10430,75,74,1,1
10431,138,131,7,7
10432,81,74,7,7
10433,108,113,-5,5
10434,148,122,26,26
10435,59,53,6,6
10436,88,90,-2,2
10437,104,93,11,11
10438,72,69,3,3
10439,82,78,4,4
10440,93,91,2,2
10441,93,85,8,8
10442,160,140,20,20
10443,129,127,2,2
10444,113,120,-7,7
10445,116,107,9,9
10446,119,119,0,0
10447,86,85,1,1
10448,44,45,-1,1
10449,76,63,13,13
10450,61,62,-1,1
10451,80,87,-7,7
10452,99,95,4,4
10453,87,99,-12,12
10454,117,112,5,5
10455,50,73,-23,23
10456,150,134,16,16
10457,123,99,24,24
10458,100,76,24,24
10459,147,144,3,3
10460,185,187,-2,2
10461,59,58,1,1
10462,81,75,6,6
10463,61,75,-14,14
10464,126,118,8,8
10465,82,80,2,2
10466,100,95,5,5
10467,81,74,7,7
10468,39,36,3,3
10469,77,71,6,6
10470,51,52,-1,1
10471,98,103,-5,5
10472,133,133,0,0
10473,80,79,1,1
10474,151,132,19,19
10475,88,73,15,15
10476,55,50,5,5
10477,72,75,-3,3
10478,75,84,-9,9
10479,77,65,12,12
10480,81,79,2,2
10481,144,136,8,8
10482,121,99,22,22
10483,57,55,2,2
10484,69,71,-2,2
10485,99,99,0,0
10486,64,68,-4,4
10487,130,111,19,19
10488,106,94,12,12
10489,72,71,1,1
10490,67,73,-6,6
10491,68,70,-2,2
10492,79,81,-2,2
10493,81,82,-1,1
10494,69,78,-9,9
10495,67,65,2,2
10496,73,71,2,2
10497,39,50,-11,11
10498,112,119,-7,7
10499,71,72,-1,1
10500,132,119,13,13
10501,133,135,-2,2
10502,95,89,6,6
10503,112,99,13,13
10504,112,95,17,17
10505,99,111,-12,12
10506,71,76,-5,5
10507,127,143,-16,16
10508,89,93,-4,4
10509,87,77,10,10
10510,124,118,6,6
10511,66,68,-2,2
10512,92,96,-4,4
10513,80,80,0,0
10514,94,92,2,2
10515,146,161,-15,15
10516,139,143,-4,4
10517,136,128,8,8
10518,63,57,6,6
10519,54,49,5,5
10520,171,167,4,4
10521,91,85,6,6
10522,170,166,4,4
10523,147,133,14,14
10524,70,67,3,3
10525,140,147,-7,7
10526,117,116,1,1
10527,72,72,0,0
10528,132,132,0,0
10529,63,67,-4,4
10530,102,102,0,0
10531,81,95,-14,14
10532,90,86,4,4
10533,87,82,5,5
10534,127,119,8,8
10535,56,60,-4,4
10536,44,46,-2,2
10537,122,113,9,9
10538,111,101,10,10
10539,66,69,-3,3
10540,110,113,-3,3
10541,101,102,-1,1
10542,119,116,3,3
10543,75,82,-7,7
10544,65,63,2,2
10545,55,56,-1,1
10546,76,82,-6,6
10547,70,69,1,1
10548,157,160,-3,3
10549,27,17,10,10
10550,83,77,6,6
10551,125,123,2,2
10552,95,97,-2,2
10553,86,79,7,7
10554,116,117,-1,1
10555,66,72,-6,6
10556,144,161,-17,17
10557,96,99,-3,3
10558,94,94,0,0
10559,37,37,0,0
10560,195,183,12,12
10561,108,129,-21,21
10562,130,130,0,0
10563,78,81,-3,3
10564,57,61,-4,4
10565,72,64,8,8
10566,57,66,-9,9
10567,90,102,-12,12
10568,67,60,7,7
10569,157,157,0,0
10570,57,64,-7,7
10571,94,87,7,7
10572,69,79,-10,10
10573,86,94,-8,8
10574,58,61,-3,3
10575,105,107,-2,2
10576,74,68,6,6
10577,116,120,-4,4
10578,78,73,5,5
10579,115,105,10,10
10580,64,65,-1,1
10581,127,114,13,13
10582,77,77,0,0
10583,99,91,8,8
10584,68,83,-15,15
10585,101,102,-1,1
10586,88,84,4,4
10587,121,108,13,13
10588,100,98,2,2
10589,87,76,11,11
10590,80,79,1,1
10591,43,45,-2,2
10592,103,106,-3,3
10593,149,127,22,22
10594,67,82,-15,15
10595,110,112,-2,2
10596,127,109,18,18
10597,55,55,0,0
10598,133,125,8,8
10599,82,80,2,2
10600,45,39,6,6
10601,59,55,4,4
10602,120,112,8,8
10603,103,110,-7,7
10604,145,144,1,1
10605,119,120,-1,1
10606,75,87,-12,12
10607,74,73,1,1
10608,109,109,0,0
10609,148,143,5,5
10610,80,78,2,2
10611,68,60,8,8
10612,116,116,0,0
10613,114,106,8,8
10614,100,98,2,2
10615,72,70,2,2
10616,119,128,-9,9
10617,96,83,13,13
10618,58,67,-9,9
10619,132,137,-5,5
10620,169,166,3,3
10621,70,69,1,1
10622,90,80,10,10
10623,93,87,6,6
10624,107,129,-22,22
10625,124,112,12,12
10626,43,47,-4,4
10627,102,103,-1,1
10628,107,104,3,3
10629,61,69,-8,8
10630,62,58,4,4
10631,72,67,5,5
10632,129,123,6,6
10633,74,66,8,8
10634,81,70,11,11
10635,107,95,12,12
10636,79,76,3,3
10637,43,39,4,4
10638,72,80,-8,8
10639,102,87,15,15
10640,93,84,9,9
10641,90,89,1,1
10642,66,64,2,2
10643,125,116,9,9
10644,73,69,4,4
10645,78,71,7,7
10646,49,51,-2,2
10647,81,68,13,13
10648,74,77,-3,3
10649,78,72,6,6
10650,82,80,2,2
10651,92,109,-17,17
10652,110,77,33,33
10653,96,95,1,1
10654,83,85,-2,2
10655,143,136,7,7
10656,88,74,14,14
10657,111,104,7,7
10658,54,51,3,3
10659,66,69,-3,3
10660,68,80,-12,12
10661,57,59,-2,2
10662,169,149,20,20
10663,63,76,-13,13
10664,131,135,-4,4
10665,102,97,5,5
10666,47,48,-1,1
10667,58,62,-4,4
10668,127,109,18,18
10669,100,90,10,10
10670,109,108,1,1
10671,109,100,9,9
10672,92,86,6,6
10673,93,77,16,16
10674,64,62,2,2
10675,95,87,8,8
10676,97,87,10,10
10677,87,88,-1,1
10678,65,79,-14,14
10679,84,80,4,4
10680,140,116,24,24
10681,88,82,6,6
10682,56,49,7,7
10683,131,128,3,3
10684,107,98,9,9
10685,93,83,10,10
10686,125,115,10,10
10687,204,193,11,11
10688,128,117,11,11
10689,80,76,4,4
10690,161,184,-23,23
10691,114,108,6,6
10692,96,81,15,15
10693,79,78,1,1
10694,60,63,-3,3
10695,176,169,7,7
10696,41,36,5,5
10697,50,49,1,1
10698,45,45,0,0
10699,168,138,30,30
10700,65,66,-1,1
10701,57,48,9,9
10702,98,94,4,4
10703,77,78,-1,1
10704,84,75,9,9
10705,76,75,1,1
10706,75,86,-11,11
10707,93,96,-3,3
10708,71,107,-36,36
10709,87,79,8,8
10710,65,62,3,3
10711,130,115,15,15
10712,74,63,11,11
10713,34,40,-6,6
10714,129,106,23,23
10715,114,116,-2,2
10716,70,60,10,10
10717,50,66,-16,16
10718,93,81,12,12
10719,55,60,-5,5
10720,94,76,18,18
10721,46,37,9,9
10722,50,45,5,5
10723,104,94,10,10
10724,118,107,11,11
10725,102,93,9,9
10726,84,84,0,0
10727,165,187,-22,22
10728,97,94,3,3
10729,92,91,1,1
10730,89,73,16,16
10731,76,81,-5,5
10732,75,89,-14,14
10733,142,135,7,7
10734,96,94,2,2
10735,145,150,-5,5
10736,87,84,3,3
10737,64,61,3,3
10738,48,71,-23,23
10739,94,93,1,1
10740,69,54,15,15
10741,66,58,8,8
10742,131,118,13,13
10743,98,85,13,13
10744,94,94,0,0
10745,65,66,-1,1
10746,89,91,-2,2
10747,128,113,15,15
10748,144,134,10,10
10749,53,61,-8,8
10750,108,108,0,0
10751,29,31,-2,2
10752,58,58,0,0
10753,94,100,-6,6
10754,74,71,3,3
10755,133,129,4,4
10756,75,73,2,2
10757,87,80,7,7
10758,133,118,15,15
10759,74,56,18,18
10760,80,73,7,7
10761,52,46,6,6
10762,116,111,5,5
10763,158,149,9,9
10764,224,217,7,7
10765,97,98,-1,1
10766,128,117,11,11
10767,102,96,6,6
10768,114,101,13,13
10769,41,43,-2,2
10770,86,91,-5,5
10771,42,49,-7,7
10772,111,102,9,9
10773,142,142,0,0
10774,68,90,-22,22
10775,65,60,5,5
10776,116,116,0,0
10777,91,80,11,11
10778,157,153,4,4
10779,140,133,7,7
10780,126,113,13,13
10781,77,73,4,4
10782,86,90,-4,4
10783,102,107,-5,5
10784,95,90,5,5
10785,64,62,2,2
10786,103,117,-14,14
10787,55,66,-11,11
10788,77,88,-11,11
10789,160,147,13,13
10790,58,68,-10,10
10791,191,204,-13,13
10792,121,127,-6,6
10793,77,73,4,4
10794,161,150,11,11
10795,65,71,-6,6
10796,80,95,-15,15
10797,77,81,-4,4
10798,67,80,-13,13
10799,51,52,-1,1
10800,76,76,0,0
10801,155,133,22,22
10802,96,83,13,13
10803,65,65,0,0
10804,98,94,4,4
10805,101,95,6,6
10806,49,40,9,9
10807,112,96,16,16
10808,81,63,18,18
10809,49,52,-3,3
10810,65,58,7,7
10811,90,87,3,3
10812,126,112,14,14
10813,48,44,4,4
10814,120,119,1,1
10815,55,52,3,3
10816,75,87,-12,12
10817,83,94,-11,11
10818,135,123,12,12
10819,131,132,-1,1
10820,117,122,-5,5
10821,88,78,10,10
10822,92,90,2,2
10823,90,99,-9,9
10824,98,102,-4,4
10825,101,92,9,9
10826,138,134,4,4
10827,84,86,-2,2
10828,104,103,1,1
10829,98,109,-11,11
10830,87,89,-2,2
10831,102,103,-1,1
10832,81,88,-7,7
10833,75,75,0,0
10834,145,131,14,14
10835,114,108,6,6
10836,63,66,-3,3
10837,51,49,2,2
10838,109,99,10,10
10839,69,74,-5,5
10840,87,90,-3,3
10841,72,68,4,4
10842,114,110,4,4
10843,96,81,15,15
10844,140,155,-15,15
10845,171,162,9,9
10846,97,91,6,6
10847,77,72,5,5
10848,125,109,16,16
10849,75,77,-2,2
10850,98,100,-2,2
10851,118,106,12,12
10852,120,108,12,12
10853,69,73,-4,4
10854,57,54,3,3
10855,129,108,21,21
10856,127,115,12,12
10857,81,84,-3,3
10858,102,103,-1,1
10859,154,140,14,14
10860,116,103,13,13
10861,47,49,-2,2
10862,124,112,12,12
10863,124,116,8,8
10864,138,136,2,2
10865,82,94,-12,12
10866,120,108,12,12
10867,114,101,13,13
10868,90,85,5,5
10869,88,73,15,15
10870,53,49,4,4
10871,84,88,-4,4
10872,80,80,0,0
10873,147,146,1,1
10874,79,80,-1,1
10875,115,109,6,6
10876,80,80,0,0
10877,117,108,9,9
10878,123,116,7,7
10879,54,52,2,2
10880,93,92,1,1
10881,145,142,3,3
10882,128,130,-2,2
10883,73,78,-5,5
10884,51,51,0,0
10885,65,59,6,6
10886,102,115,-13,13
10887,95,93,2,2
10888,58,52,6,6
10889,49,59,-10,10
10890,113,117,-4,4
10891,121,119,2,2
10892,148,138,10,10
10893,139,141,-2,2
10894,96,109,-13,13
10895,143,137,6,6
10896,92,87,5,5
10897,78,75,3,3
10898,11,40,-29,29
10899,66,74,-8,8
10900,79,75,4,4
10901,70,78,-8,8
10902,67,74,-7,7
10903,77,75,2,2
10904,144,147,-3,3
10905,84,83,1,1
10906,50,46,4,4
10907,79,75,4,4
10908,90,96,-6,6
10909,62,62,0,0
10910,134,144,-10,10
10911,110,93,17,17
10912,78,105,-27,27
10913,142,129,13,13
10914,79,83,-4,4
10915,143,129,14,14
10916,80,83,-3,3
10917,37,37,0,0
10918,70,68,2,2
10919,96,97,-1,1
10920,135,135,0,0
10921,76,69,7,7
10922,181,167,14,14
10923,105,107,-2,2
10924,49,48,1,1
10925,65,73,-8,8
10926,139,118,21,21
10927,38,37,1,1
10928,83,80,3,3
10929,56,51,5,5
10930,120,108,12,12
10931,109,109,0,0
10932,160,154,6,6
10933,117,119,-2,2
10934,92,102,-10,10
10935,99,96,3,3
10936,114,109,5,5
10937,70,54,16,16
10938,93,87,6,6
10939,112,100,12,12
10940,118,106,12,12
10941,72,65,7,7
10942,51,62,-11,11
10943,119,100,19,19
10944,85,80,5,5
10945,101,114,-13,13
10946,78,80,-2,2
10947,75,76,-1,1
10948,69,79,-10,10
10949,120,115,5,5
10950,72,64,8,8
10951,64,77,-13,13
10952,80,76,4,4
10953,80,80,0,0
10954,75,73,2,2
10955,76,76,0,0
10956,157,148,9,9
10957,80,88,-8,8
10958,117,107,10,10
10959,103,89,14,14
10960,129,108,21,21
10961,139,133,6,6
10962,98,97,1,1
10963,87,78,9,9
10964,165,144,21,21
10965,73,79,-6,6
10966,137,128,9,9
10967,150,150,0,0
10968,74,83,-9,9
10969,157,145,12,12
10970,82,93,-11,11
10971,74,69,5,5
10972,37,48,-11,11
10973,95,85,10,10
10974,104,89,15,15
10975,124,123,1,1
10976,37,41,-4,4
10977,80,103,-23,23
10978,80,87,-7,7
10979,88,84,4,4
10980,147,111,36,36
10981,65,70,-5,5
10982,101,98,3,3
10983,93,88,5,5
10984,71,65,6,6
10985,64,60,4,4
10986,71,74,-3,3
10987,60,70,-10,10
10988,64,70,-6,6
10989,55,49,6,6
10990,48,80,-32,32
10991,141,126,15,15
10992,95,90,5,5
10993,58,63,-5,5
10994,95,87,8,8
10995,71,73,-2,2
10996,89,85,4,4
10997,125,116,9,9
10998,170,172,-2,2
10999,153,146,7,7
11000,84,76,8,8
11001,137,121,16,16
11002,81,73,8,8
11003,77,95,-18,18
11004,75,76,-1,1
11005,110,106,4,4
11006,53,50,3,3
11007,92,84,8,8
11008,105,114,-9,9
11009,55,59,-4,4
11010,85,98,-13,13
11011,141,111,30,30
11012,126,117,9,9
11013,82,80,2,2
11014,124,115,9,9
11015,76,91,-15,15
11016,126,101,25,25
11017,56,64,-8,8
11018,65,63,2,2
11019,91,93,-2,2
11020,65,68,-3,3
11021,84,85,-1,1
11022,95,98,-3,3
11023,109,94,15,15
11024,74,60,14,14
11025,60,53,7,7
11026,65,56,9,9
11027,77,76,1,1
11028,79,76,3,3
11029,65,60,5,5
11030,110,106,4,4
11031,116,117,-1,1
11032,67,62,5,5
11033,83,81,2,2
11034,120,108,12,12
11035,157,137,20,20
11036,123,119,4,4
11037,80,83,-3,3
11038,99,95,4,4
11039,88,82,6,6
11040,67,78,-11,11
11041,134,124,10,10
11042,76,72,4,4
11043,96,100,-4,4
11044,83,86,-3,3
11045,57,48,9,9
11046,93,85,8,8
11047,60,60,0,0
11048,85,86,-1,1
11049,62,81,-19,19
11050,110,108,2,2
11051,108,108,0,0
11052,66,64,2,2
11053,67,82,-15,15
11054,71,67,4,4
11055,79,81,-2,2
11056,145,156,-11,11
11057,62,70,-8,8
11058,60,63,-3,3
11059,126,124,2,2
11060,120,119,1,1
11061,67,67,0,0
11062,96,92,4,4
11063,54,48,6,6
11064,66,59,7,7
11065,101,100,1,1
11066,83,74,9,9
11067,120,105,15,15
11068,186,187,-1,1
11069,72,70,2,2
11070,91,75,16,16
11071,158,138,20,20
11072,67,67,0,0
11073,118,104,14,14
11074,63,55,8,8
11075,105,97,8,8
11076,124,108,16,16
11077,108,89,19,19
11078,121,115,6,6
11079,39,36,3,3
11080,90,95,-5,5
11081,218,254,-36,36
11082,71,75,-4,4
11083,81,92,-11,11
11084,61,54,7,7
11085,86,84,2,2
11086,59,62,-3,3
11087,168,167,1,1
11088,86,90,-4,4
11089,104,106,-2,2
11090,89,91,-2,2
11091,80,73,7,7
11092,81,81,0,0
11093,87,81,6,6
11094,119,104,15,15
11095,136,120,16,16
11096,113,100,13,13
11097,68,77,-9,9
11098,86,77,9,9
11099,103,93,10,10
11100,72,82,-10,10
11101,142,140,2,2
11102,172,200,-28,28
11103,166,168,-2,2
11104,96,101,-5,5
11105,106,111,-5,5
11106,125,113,12,12
11107,125,114,11,11
11108,75,98,-23,23
11109,94,96,-2,2
11110,103,103,0,0
11111,58,57,1,1
11112,81,76,5,5
11113,133,120,13,13
11114,122,116,6,6
11115,99,95,4,4
11116,67,65,2,2
11117,126,113,13,13
11118,91,86,5,5
11119,73,77,-4,4
11120,89,89,0,0
11121,124,136,-12,12
11122,68,57,11,11
11123,126,122,4,4
11124,76,80,-4,4
11125,167,139,28,28
11126,36,36,0,0
11127,137,139,-2,2
11128,93,87,6,6
11129,115,113,2,2
11130,125,115,10,10
11131,79,74,5,5
11132,59,62,-3,3
11133,90,84,6,6
11134,73,70,3,3
11135,74,65,9,9
11136,111,101,10,10
11137,129,113,16,16
11138,80,69,11,11
11139,97,92,5,5
11140,83,78,5,5
11141,129,121,8,8
11142,120,107,13,13
11143,93,81,12,12
11144,95,103,-8,8
11145,101,105,-4,4
11146,93,84,9,9
11147,112,121,-9,9
11148,103,107,-4,4
11149,60,60,0,0
11150,95,102,-7,7
11151,62,53,9,9
11152,69,73,-4,4
11153,83,95,-12,12
11154,53,46,7,7
11155,98,86,12,12
11156,101,99,2,2
11157,73,83,-10,10
11158,94,105,-11,11
11159,55,51,4,4
11160,93,110,-17,17
11161,70,68,2,2
11162,102,103,-1,1
11163,75,71,4,4
11164,77,71,6,6
11165,96,92,4,4
11166,93,100,-7,7
11167,78,84,-6,6
11168,155,146,9,9
11169,94,94,0,0
11170,66,70,-4,4
11171,71,77,-6,6
11172,96,97,-1,1
11173,143,144,-1,1
11174,60,53,7,7
11175,79,81,-2,2
11176,93,110,-17,17
11177,126,117,9,9
11178,128,114,14,14
11179,103,91,12,12
11180,95,88,7,7
11181,86,95,-9,9
11182,95,87,8,8
11183,68,64,4,4
11184,102,97,5,5
11185,74,73,1,1
11186,94,118,-24,24
11187,83,57,26,26
11188,107,99,8,8
11189,65,54,11,11
11190,66,63,3,3
11191,113,110,3,3
11192,164,141,23,23
11193,60,63,-3,3
11194,139,151,-12,12
11195,96,89,7,7
11196,87,72,15,15
11197,113,105,8,8
11198,180,178,2,2
11199,106,95,11,11
11200,73,72,1,1
11201,121,121,0,0
11202,125,127,-2,2
11203,62,57,5,5
11204,56,57,-1,1
11205,81,86,-5,5
11206,103,94,9,9
11207,107,97,10,10
11208,70,67,3,3
11209,107,98,9,9
11210,167,199,-32,32
11211,72,63,9,9
11212,123,109,14,14
11213,178,188,-10,10
11214,142,148,-6,6
11215,138,120,18,18
11216,148,146,2,2
11217,141,136,5,5
11218,119,123,-4,4
11219,67,74,-7,7
11220,126,141,-15,15
11221,35,72,-37,37
11222,86,88,-2,2
11223,82,100,-18,18
11224,135,178,-43,43
11225,111,102,9,9
11226,145,139,6,6
11227,99,86,13,13
11228,69,72,-3,3
11229,81,100,-19,19
11230,58,59,-1,1
11231,58,66,-8,8
11232,141,110,31,31
11233,75,72,3,3
11234,108,122,-14,14
11235,128,137,-9,9
11236,87,96,-9,9
11237,90,95,-5,5
11238,133,133,0,0
11239,73,65,8,8
11240,63,65,-2,2
11241,73,72,1,1
11242,136,131,5,5
11243,105,95,10,10
11244,60,67,-7,7
11245,102,92,10,10
11246,100,94,6,6
11247,57,57,0,0
11248,71,69,2,2
11249,76,73,3,3
11250,58,61,-3,3
11251,204,200,4,4
11252,96,93,3,3
11253,113,101,12,12
11254,114,91,23,23
11255,138,127,11,11
11256,79,89,-10,10
11257,142,134,8,8
11258,109,100,9,9
11259,141,140,1,1
11260,73,72,1,1
11261,89,90,-1,1
11262,85,91,-6,6
11263,159,144,15,15
11264,107,99,8,8
11265,68,73,-5,5
11266,79,84,-5,5
11267,109,109,0,0
11268,78,72,6,6
11269,61,64,-3,3
11270,102,101,1,1
11271,140,134,6,6
11272,156,152,4,4
11273,155,140,15,15
11274,118,110,8,8
11275,85,84,1,1
11276,162,154,8,8
11277,105,104,1,1
11278,100,100,0,0
11279,102,94,8,8
11280,130,117,13,13
11281,55,55,0,0
11282,69,76,-7,7
11283,89,77,12,12
11284,39,55,-16,16
11285,139,115,24,24
11286,94,88,6,6
11287,79,74,5,5
11288,171,162,9,9
11289,139,125,14,14
11290,85,86,-1,1
11291,86,86,0,0
11292,114,103,11,11
11293,134,120,14,14
11294,51,49,2,2
11295,47,50,-3,3
11296,56,59,-3,3
11297,72,71,1,1
11298,96,100,-4,4
11299,143,134,9,9
11300,115,90,25,25
11301,99,105,-6,6
11302,91,95,-4,4
11303,85,91,-6,6
11304,151,126,25,25
11305,42,57,-15,15
11306,125,114,11,11
11307,41,72,-31,31
11308,137,109,28,28
11309,100,89,11,11
11310,143,129,14,14
11311,174,170,4,4
11312,81,75,6,6
11313,106,109,-3,3
11314,150,139,11,11
11315,66,75,-9,9
11316,119,111,8,8
11317,133,115,18,18
11318,58,57,1,1
11319,90,84,6,6
11320,111,109,2,2
11321,157,140,17,17
11322,106,100,6,6
11323,121,112,9,9
11324,61,62,-1,1
11325,111,119,-8,8
11326,88,86,2,2
11327,81,83,-2,2
11328,93,85,8,8
11329,77,76,1,1
11330,163,146,17,17
11331,104,99,5,5
11332,76,63,13,13
11333,52,51,1,1
11334,87,87,0,0
11335,104,95,9,9
11336,62,57,5,5
11337,112,115,-3,3
11338,76,84,-8,8
11339,129,127,2,2
11340,106,108,-2,2
11341,63,64,-1,1
11342,87,90,-3,3
11343,106,105,1,1
11344,86,81,5,5
11345,88,68,20,20
11346,89,88,1,1
11347,71,77,-6,6
11348,116,93,23,23
11349,55,59,-4,4
11350,83,91,-8,8
11351,64,60,4,4
11352,71,72,-1,1
11353,128,116,12,12
11354,57,50,7,7
11355,127,121,6,6
11356,47,44,3,3
11357,94,91,3,3
11358,60,52,8,8
11359,60,74,-14,14
11360,55,63,-8,8
11361,97,96,1,1
11362,82,84,-2,2
11363,109,104,5,5
11364,111,103,8,8
11365,61,58,3,3
11366,70,71,-1,1
11367,79,71,8,8
11368,107,110,-3,3
11369,89,82,7,7
11370,60,50,10,10
11371,147,146,1,1
11372,83,80,3,3
11373,104,94,10,10
11374,134,136,-2,2
11375,88,84,4,4
11376,35,40,-5,5
11377,117,125,-8,8
11378,78,72,6,6
11379,149,132,17,17
11380,85,86,-1,1
11381,97,96,1,1
11382,115,119,-4,4
11383,109,89,20,20
11384,81,74,7,7
11385,81,87,-6,6
11386,93,93,0,0
11387,123,114,9,9
11388,95,91,4,4
11389,102,96,6,6
11390,57,50,7,7
11391,179,170,9,9
11392,126,122,4,4
11393,62,56,6,6
11394,65,74,-9,9
11395,109,102,7,7
11396,74,72,2,2
11397,113,104,9,9
11398,121,117,4,4
11399,114,103,11,11
11400,63,62,1,1
11401,103,107,-4,4
11402,80,71,9,9
11403,45,74,-29,29
11404,93,89,4,4
11405,121,103,18,18
11406,166,156,10,10
11407,63,76,-13,13
11408,66,60,6,6
11409,55,77,-22,22
11410,116,109,7,7
11411,96,93,3,3
11412,76,77,-1,1
11413,54,63,-9,9
11414,108,104,4,4
11415,51,59,-8,8
11416,109,103,6,6
11417,75,80,-5,5
11418,86,98,-12,12
11419,82,87,-5,5
11420,36,38,-2,2
11421,64,65,-1,1
11422,119,105,14,14
11423,53,60,-7,7
11424,73,80,-7,7
11425,58,54,4,4
11426,41,42,-1,1
11427,58,61,-3,3
11428,118,113,5,5
11429,134,121,13,13
11430,75,75,0,0
11431,50,59,-9,9
11432,98,97,1,1
11433,33,35,-2,2
11434,109,102,7,7
11435,79,84,-5,5
11436,60,55,5,5
11437,100,103,-3,3
11438,85,73,12,12
11439,75,80,-5,5
11440,82,64,18,18
11441,57,50,7,7
11442,164,162,2,2
11443,157,148,9,9
11444,76,65,11,11
11445,72,88,-16,16
11446,57,79,-22,22
11447,96,102,-6,6
11448,90,82,8,8
11449,100,110,-10,10
11450,129,118,11,11
11451,91,83,8,8
11452,98,93,5,5
11453,102,96,6,6
11454,198,222,-24,24
11455,78,74,4,4
11456,60,59,1,1
11457,173,176,-3,3
11458,98,95,3,3
11459,72,67,5,5
11460,90,116,-26,26
11461,170,159,11,11
11462,163,146,17,17
11463,77,81,-4,4
11464,66,67,-1,1
11465,67,57,10,10
11466,66,68,-2,2
11467,99,84,15,15
11468,86,82,4,4
11469,85,85,0,0
11470,71,70,1,1
11471,136,124,12,12
11472,86,80,6,6
11473,60,69,-9,9
11474,119,121,-2,2
11475,132,133,-1,1
11476,114,117,-3,3
11477,66,61,5,5
11478,147,148,-1,1
11479,90,82,8,8
11480,112,110,2,2
11481,68,63,5,5
11482,119,107,12,12
11483,121,113,8,8
11484,70,98,-28,28
11485,124,114,10,10
11486,47,57,-10,10
11487,70,85,-15,15
11488,80,68,12,12
11489,44,49,-5,5
11490,75,78,-3,3
11491,65,65,0,0
11492,80,77,3,3
11493,95,99,-4,4
11494,124,114,10,10
11495,50,58,-8,8
11496,133,125,8,8
11497,77,78,-1,1
11498,105,103,2,2
11499,70,63,7,7
11500,86,94,-8,8
11501,97,83,14,14
11502,80,69,11,11
11503,98,100,-2,2
11504,106,107,-1,1
11505,74,68,6,6
11506,66,72,-6,6
11507,118,119,-1,1
11508,110,91,19,19
11509,156,143,13,13
11510,67,70,-3,3
11511,170,123,47,47
11512,117,101,16,16
11513,101,97,4,4
11514,130,117,13,13
11515,93,85,8,8
11516,105,96,9,9
11517,41,64,-23,23
11518,84,73,11,11
11519,59,54,5,5
11520,141,131,10,10
11521,47,60,-13,13
11522,114,91,23,23
11523,137,124,13,13
11524,126,140,-14,14
11525,62,60,2,2
11526,111,107,4,4
11527,74,71,3,3
11528,81,85,-4,4
11529,160,155,5,5
11530,102,99,3,3
11531,91,83,8,8
11532,83,81,2,2
11533,72,61,11,11
11534,68,69,-1,1
11535,126,110,16,16
11536,77,80,-3,3
11537,160,125,35,35
11538,106,104,2,2
11539,81,80,1,1
11540,170,134,36,36
11541,131,123,8,8
11542,50,62,-12,12
11543,115,105,10,10
11544,70,82,-12,12
11545,109,113,-4,4
11546,72,70,2,2
11547,74,84,-10,10
11548,67,73,-6,6
11549,81,74,7,7
11550,83,84,-1,1
11551,105,99,6,6
11552,95,96,-1,1
11553,133,117,16,16
11554,115,128,-13,13
11555,98,93,5,5
11556,55,53,2,2
11557,109,107,2,2
11558,50,64,-14,14
11559,145,121,24,24
11560,89,82,7,7
11561,85,84,1,1
11562,85,81,4,4
11563,65,75,-10,10
11564,86,80,6,6
11565,105,90,15,15
11566,53,50,3,3
11567,60,55,5,5
11568,121,109,12,12
11569,52,63,-11,11
11570,53,58,-5,5
11571,164,152,12,12
11572,92,94,-2,2
11573,100,100,0,0
11574,111,105,6,6
11575,67,63,4,4
11576,169,157,12,12
11577,86,80,6,6
11578,51,47,4,4
11579,96,92,4,4
11580,97,81,16,16
11581,82,71,11,11
11582,75,75,0,0
11583,103,110,-7,7
11584,91,80,11,11
11585,108,102,6,6
11586,85,90,-5,5
11587,137,129,8,8
11588,88,90,-2,2
11589,167,145,22,22
11590,65,64,1,1
11591,92,82,10,10
11592,98,89,9,9
11593,68,76,-8,8
11594,65,61,4,4
11595,60,59,1,1
11596,71,63,8,8
11597,50,48,2,2
11598,79,76,3,3
11599,102,95,7,7
11600,85,86,-1,1
11601,69,74,-5,5
11602,105,101,4,4
11603,114,102,12,12
11604,77,79,-2,2
11605,70,60,10,10
11606,80,80,0,0
11607,137,137,0,0
11608,105,101,4,4
11609,83,84,-1,1
11610,95,90,5,5
11611,70,80,-10,10
11612,183,176,7,7
11613,50,54,-4,4
11614,164,153,11,11
11615,125,112,13,13
11616,90,90,0,0
11617,108,106,2,2
11618,150,130,20,20
11619,90,67,23,23
11620,73,69,4,4
11621,86,91,-5,5
11622,91,92,-1,1
11623,108,107,1,1
11624,120,108,12,12
11625,127,116,11,11
11626,65,73,-8,8
11627,121,90,31,31
11628,80,79,1,1
11629,89,68,21,21
11630,81,71,10,10
11631,96,73,23,23
11632,119,111,8,8
11633,118,120,-2,2
11634,128,130,-2,2
11635,56,67,-11,11
11636,56,67,-11,11
11637,86,84,2,2
11638,79,73,6,6
11639,116,101,15,15
11640,69,70,-1,1
11641,111,96,15,15
11642,81,94,-13,13
11643,56,56,0,0
11644,119,118,1,1
11645,82,77,5,5
11646,81,69,12,12
11647,136,120,16,16
11648,127,128,-1,1
11649,108,115,-7,7
11650,129,122,7,7
11651,74,93,-19,19
11652,63,72,-9,9
11653,168,157,11,11
11654,100,102,-2,2
11655,66,70,-4,4
11656,70,83,-13,13
11657,101,94,7,7
11658,112,99,13,13
11659,102,93,9,9
11660,124,119,5,5
11661,82,81,1,1
11662,94,94,0,0
11663,70,77,-7,7
11664,72,76,-4,4
11665,67,62,5,5
11666,117,123,-6,6
11667,47,48,-1,1
11668,110,96,14,14
11669,93,87,6,6
11670,64,68,-4,4
11671,134,132,2,2
11672,66,64,2,2
11673,69,65,4,4
11674,99,96,3,3
11675,137,137,0,0
11676,58,65,-7,7
11677,85,72,13,13
11678,94,90,4,4
11679,104,101,3,3
11680,108,102,6,6
11681,89,82,7,7
11682,176,167,9,9
11683,88,86,2,2
11684,46,53,-7,7
11685,94,94,0,0
11686,162,157,5,5
11687,92,90,2,2
11688,96,94,2,2
11689,124,133,-9,9
11690,74,80,-6,6
11691,68,69,-1,1
11692,67,80,-13,13
11693,90,92,-2,2
11694,87,69,18,18
11695,86,77,9,9
11696,68,69,-1,1
11697,90,84,6,6
11698,77,88,-11,11
11699,126,106,20,20
11700,126,116,10,10
11701,94,90,4,4
11702,172,182,-10,10
11703,63,95,-32,32
11704,101,91,10,10
11705,148,147,1,1
11706,87,95,-8,8
11707,127,110,17,17
11708,121,103,18,18
11709,142,133,9,9
11710,73,72,1,1
11711,71,74,-3,3
11712,103,124,-21,21
11713,39,41,-2,2
11714,99,107,-8,8
11715,69,71,-2,2
11716,182,181,1,1
11717,138,163,-25,25
11718,142,136,6,6
11719,114,118,-4,4
11720,54,53,1,1
11721,93,84,9,9
11722,110,101,9,9
11723,38,42,-4,4
11724,133,136,-3,3
11725,143,144,-1,1
11726,125,123,2,2
11727,69,63,6,6
11728,120,122,-2,2
11729,121,119,2,2
11730,71,69,2,2
11731,97,100,-3,3
11732,104,94,10,10
11733,97,102,-5,5
11734,47,45,2,2
11735,184,160,24,24
11736,110,118,-8,8
11737,67,64,3,3
11738,106,105,1,1
11739,66,80,-14,14
11740,118,111,7,7
11741,81,80,1,1
11742,83,80,3,3
11743,64,69,-5,5
11744,70,54,16,16
11745,50,48,2,2
11746,93,85,8,8
11747,157,135,22,22
11748,51,48,3,3
11749,77,83,-6,6
11750,87,83,4,4
11751,119,106,13,13
11752,115,106,9,9
11753,85,72,13,13
11754,63,83,-20,20
11755,91,92,-1,1
11756,67,66,1,1
11757,64,75,-11,11
11758,127,134,-7,7
11759,67,61,6,6
11760,71,66,5,5
11761,96,88,8,8
11762,111,107,4,4
11763,62,61,1,1
11764,77,70,7,7
11765,174,175,-1,1
11766,138,116,22,22
11767,65,72,-7,7
11768,116,103,13,13
11769,47,54,-7,7
11770,119,113,6,6
11771,94,84,10,10
11772,122,122,0,0
11773,92,95,-3,3
11774,148,132,16,16
11775,67,66,1,1
11776,101,98,3,3
11777,86,88,-2,2
11778,53,50,3,3
11779,77,77,0,0
11780,126,113,13,13
11781,74,65,9,9
11782,91,92,-1,1
11783,81,79,2,2
11784,43,48,-5,5
11785,114,109,5,5
11786,79,68,11,11
11787,96,88,8,8
11788,106,92,14,14
11789,79,86,-7,7
11790,120,122,-2,2
11791,107,101,6,6
11792,98,97,1,1
11793,47,50,-3,3
11794,76,80,-4,4
11795,85,80,5,5
11796,67,75,-8,8
11797,79,71,8,8
11798,90,100,-10,10
11799,84,79,5,5
11800,152,150,2,2
11801,152,144,8,8
11802,87,81,6,6
11803,65,70,-5,5
11804,83,74,9,9
11805,205,173,32,32
11806,151,147,4,4
11807,114,90,24,24
11808,83,89,-6,6
11809,66,74,-8,8
11810,66,69,-3,3
11811,105,99,6,6
11812,176,149,27,27
11813,166,137,29,29
11814,185,160,25,25
11815,108,103,5,5
11816,95,91,4,4
11817,67,77,-10,10
11818,87,81,6,6
11819,82,84,-2,2
11820,121,120,1,1
11821,71,60,11,11
11822,62,71,-9,9
11823,113,84,29,29
11824,104,105,-1,1
11825,68,75,-7,7
11826,93,99,-6,6
11827,74,75,-1,1
11828,60,60,0,0
11829,80,86,-6,6
11830,70,74,-4,4
11831,75,85,-10,10
11832,76,63,13,13
11833,75,81,-6,6
11834,80,75,5,5
11835,45,45,0,0
11836,93,109,-16,16
11837,99,108,-9,9
11838,77,74,3,3
11839,89,80,9,9
11840,143,148,-5,5
11841,83,99,-16,16
11842,102,99,3,3
11843,122,127,-5,5
11844,118,106,12,12
11845,132,107,25,25
11846,102,113,-11,11
11847,75,70,5,5
11848,105,105,0,0
11849,124,105,19,19
11850,75,70,5,5
11851,47,52,-5,5
11852,130,136,-6,6
11853,147,130,17,17
11854,134,117,17,17
11855,71,69,2,2
11856,72,68,4,4
11857,42,43,-1,1
11858,97,90,7,7
11859,99,108,-9,9
11860,147,145,2,2
11861,127,115,12,12
11862,65,52,13,13
11863,73,93,-20,20
11864,54,64,-10,10
11865,87,81,6,6
11866,125,129,-4,4
11867,120,123,-3,3
11868,75,73,2,2
11869,101,105,-4,4
11870,139,125,14,14
11871,93,91,2,2
11872,85,90,-5,5
11873,162,154,8,8
11874,158,144,14,14
11875,234,213,21,21
11876,76,76,0,0
11877,68,61,7,7
11878,60,59,1,1
11879,115,103,12,12
11880,92,86,6,6
11881,99,86,13,13
11882,95,88,7,7
11883,69,86,-17,17
11884,53,60,-7,7
11885,100,95,5,5
11886,157,151,6,6
11887,103,92,11,11
11888,117,112,5,5
11889,100,90,10,10
11890,95,81,14,14
11891,146,126,20,20
11892,97,91,6,6
11893,49,58,-9,9
11894,83,88,-5,5
11895,89,81,8,8
11896,97,99,-2,2
11897,98,98,0,0
11898,99,101,-2,2
11899,52,59,-7,7
11900,92,90,2,2
11901,128,130,-2,2
11902,60,58,2,2
11903,47,53,-6,6
11904,106,99,7,7
11905,78,71,7,7
11906,143,137,6,6
11907,90,86,4,4
11908,125,116,9,9
11909,80,85,-5,5
11910,114,104,10,10
11911,161,147,14,14
11912,120,113,7,7
11913,41,64,-23,23
11914,38,40,-2,2
11915,105,114,-9,9
11916,48,34,14,14
11917,58,62,-4,4
11918,112,106,6,6
11919,59,60,-1,1
11920,76,82,-6,6
11921,118,112,6,6
11922,77,73,4,4
11923,51,57,-6,6
11924,76,72,4,4
11925,56,54,2,2
11926,40,49,-9,9
11927,69,69,0,0
11928,77,85,-8,8
11929,91,98,-7,7
11930,149,125,24,24
11931,110,104,6,6
11932,115,117,-2,2
11933,117,111,6,6
11934,93,88,5,5
11935,31,46,-15,15
11936,111,130,-19,19
11937,79,86,-7,7
11938,72,82,-10,10
11939,44,39,5,5
11940,89,87,2,2
11941,51,47,4,4
11942,186,197,-11,11
11943,144,125,19,19
11944,98,88,10,10
11945,68,71,-3,3
11946,82,82,0,0
11947,110,98,12,12
11948,101,81,20,20
11949,73,71,2,2
11950,106,104,2,2
11951,50,48,2,2
11952,128,114,14,14
11953,82,73,9,9
11954,39,56,-17,17
11955,57,65,-8,8
11956,100,99,1,1
11957,132,120,12,12
11958,58,63,-5,5
11959,65,63,2,2
11960,46,45,1,1
11961,90,83,7,7
11962,132,123,9,9
11963,84,85,-1,1
11964,95,87,8,8
11965,152,154,-2,2
11966,67,66,1,1
11967,96,101,-5,5
11968,78,72,6,6
11969,99,90,9,9
11970,71,77,-6,6
11971,116,105,11,11
11972,122,122,0,0
11973,81,78,3,3
11974,42,43,-1,1
11975,121,119,2,2
11976,144,137,7,7
11977,190,194,-4,4
11978,132,126,6,6
11979,112,107,5,5
11980,106,96,10,10
11981,104,100,4,4
11982,79,77,2,2
11983,81,84,-3,3
11984,92,106,-14,14
11985,55,63,-8,8
11986,85,68,17,17
11987,72,74,-2,2
11988,48,47,1,1
11989,92,101,-9,9
11990,44,46,-2,2
11991,112,105,7,7
11992,118,109,9,9
11993,74,82,-8,8
11994,102,98,4,4
11995,93,102,-9,9
11996,113,107,6,6
11997,89,92,-3,3
11998,133,116,17,17
11999,45,44,1,1
12000,53,51,2,2
12001,139,124,15,15
12002,61,54,7,7
12003,85,95,-10,10
12004,67,66,1,1
12005,81,79,2,2
12006,33,36,-3,3
12007,74,78,-4,4
12008,81,78,3,3
12009,81,81,0,0
12010,114,106,8,8
12011,158,152,6,6
12012,59,69,-10,10
12013,60,61,-1,1
12014,111,103,8,8
12015,102,99,3,3
12016,89,77,12,12
12017,80,73,7,7
12018,73,77,-4,4
12019,53,53,0,0
12020,124,118,6,6
12021,108,102,6,6
12022,101,98,3,3
12023,93,95,-2,2
12024,69,79,-10,10
12025,111,109,2,2
12026,74,74,0,0
12027,80,75,5,5
12028,101,83,18,18
12029,127,136,-9,9
12030,78,66,12,12
12031,143,148,-5,5
12032,114,119,-5,5
12033,49,71,-22,22
12034,115,110,5,5
12035,103,96,7,7
12036,84,86,-2,2
12037,88,87,1,1
12038,92,82,10,10
12039,108,109,-1,1
12040,90,86,4,4
12041,65,71,-6,6
12042,60,64,-4,4
12043,72,67,5,5
12044,129,134,-5,5
12045,76,78,-2,2
12046,109,110,-1,1
12047,88,90,-2,2
12048,60,58,2,2
12049,47,36,11,11
12050,100,91,9,9
12051,117,116,1,1
12052,125,109,16,16
12053,113,104,9,9
12054,54,59,-5,5
12055,111,126,-15,15
12056,156,139,17,17
12057,110,94,16,16
12058,82,96,-14,14
12059,114,101,13,13
12060,68,75,-7,7
12061,66,69,-3,3
12062,90,90,0,0
12063,63,67,-4,4
12064,100,96,4,4
12065,66,60,6,6
12066,141,135,6,6
12067,79,72,7,7
12068,104,89,15,15
12069,140,132,8,8
12070,72,81,-9,9
12071,39,46,-7,7
12072,118,108,10,10
12073,97,85,12,12
12074,95,101,-6,6
12075,86,85,1,1
12076,90,85,5,5
12077,86,95,-9,9
12078,95,90,5,5
12079,118,104,14,14
12080,94,87,7,7
12081,130,129,1,1
12082,58,54,4,4
12083,121,122,-1,1
12084,125,134,-9,9
12085,150,146,4,4
12086,102,97,5,5
12087,122,112,10,10
12088,109,109,0,0
12089,74,82,-8,8
12090,93,87,6,6
12091,53,54,-1,1
12092,117,107,10,10
12093,93,91,2,2
12094,191,203,-12,12
12095,142,114,28,28
12096,123,102,21,21
12097,83,89,-6,6
12098,127,120,7,7
12099,83,81,2,2
12100,85,81,4,4
12101,83,80,3,3
12102,94,85,9,9
12103,164,145,19,19
12104,72,69,3,3
12105,76,62,14,14
12106,122,105,17,17
12107,59,45,14,14
12108,87,85,2,2
12109,88,67,21,21
12110,61,58,3,3
12111,154,140,14,14
12112,159,147,12,12
12113,163,133,30,30
12114,104,104,0,0
12115,121,123,-2,2
12116,116,101,15,15
12117,98,91,7,7
12118,84,81,3,3
12119,42,45,-3,3
12120,78,73,5,5
12121,99,102,-3,3
12122,77,88,-11,11
12123,189,169,20,20
12124,66,81,-15,15
12125,144,145,-1,1
12126,196,189,7,7
12127,107,100,7,7
12128,68,68,0,0
12129,88,86,2,2
12130,36,40,-4,4
12131,107,132,-25,25
12132,123,95,28,28
12133,62,56,6,6
12134,207,194,13,13
12135,89,86,3,3
12136,74,74,0,0
12137,87,83,4,4
12138,135,121,14,14
12139,72,65,7,7
12140,183,124,59,59
12141,118,120,-2,2
12142,110,97,13,13
12143,111,104,7,7
12144,122,110,12,12
12145,90,94,-4,4
12146,121,123,-2,2
12147,58,59,-1,1
12148,126,109,17,17
12149,105,101,4,4
12150,109,106,3,3
12151,71,72,-1,1
12152,148,138,10,10
12153,95,98,-3,3
12154,103,92,11,11
12155,90,83,7,7
12156,77,78,-1,1
12157,126,115,11,11
12158,141,134,7,7
12159,134,120,14,14
12160,49,41,8,8
12161,99,98,1,1
12162,130,122,8,8
12163,74,69,5,5
12164,64,60,4,4
12165,196,196,0,0
12166,106,117,-11,11
12167,100,98,2,2
12168,88,84,4,4
12169,116,109,7,7
12170,107,111,-4,4
12171,128,124,4,4
12172,93,88,5,5
12173,150,127,23,23
12174,92,80,12,12
12175,96,84,12,12
12176,115,109,6,6
12177,111,100,11,11
12178,87,91,-4,4
12179,69,78,-9,9
12180,139,142,-3,3
12181,104,97,7,7
12182,115,115,0,0
12183,114,100,14,14
12184,58,56,2,2
12185,77,76,1,1
12186,79,83,-4,4
12187,114,110,4,4
12188,111,114,-3,3
12189,102,97,5,5
12190,161,151,10,10
12191,197,186,11,11
12192,72,78,-6,6
12193,142,130,12,12
12194,49,57,-8,8
12195,63,64,-1,1
12196,135,136,-1,1
12197,192,170,22,22
12198,47,43,4,4
12199,110,106,4,4
12200,71,66,5,5
12201,108,114,-6,6
12202,137,148,-11,11
12203,128,114,14,14
12204,137,139,-2,2
12205,148,143,5,5
12206,82,80,2,2
12207,70,73,-3,3
12208,60,65,-5,5
12209,115,107,8,8
12210,76,73,3,3
12211,86,77,9,9
12212,97,93,4,4
12213,122,108,14,14
12214,104,98,6,6
12215,149,154,-5,5
12216,73,73,0,0
12217,88,81,7,7
12218,93,83,10,10
12219,94,83,11,11
12220,110,102,8,8
12221,56,58,-2,2
12222,66,75,-9,9
12223,73,75,-2,2
12224,96,94,2,2
12225,121,118,3,3
12226,122,123,-1,1
12227,94,82,12,12
12228,88,97,-9,9
12229,130,118,12,12
12230,63,58,5,5
12231,141,134,7,7
12232,54,62,-8,8
12233,73,74,-1,1
12234,71,71,0,0
12235,95,94,1,1
12236,121,108,13,13
12237,73,59,14,14
12238,125,123,2,2
12239,67,74,-7,7
12240,121,118,3,3
12241,109,103,6,6
12242,64,64,0,0
12243,96,88,8,8
12244,119,119,0,0
12245,93,99,-6,6
12246,75,71,4,4
12247,95,94,1,1
12248,66,68,-2,2
12249,99,93,6,6
12250,47,52,-5,5
12251,84,97,-13,13
12252,165,200,-35,35
12253,97,88,9,9
12254,73,77,-4,4
12255,37,46,-9,9
12256,104,90,14,14
12257,71,71,0,0
12258,65,73,-8,8
12259,66,61,5,5
12260,63,64,-1,1
12261,96,95,1,1
12262,130,125,5,5
12263,141,135,6,6
12264,86,102,-16,16
12265,108,109,-1,1
12266,128,118,10,10
12267,118,110,8,8
12268,83,86,-3,3
12269,68,63,5,5
12270,84,76,8,8
12271,105,98,7,7
12272,61,75,-14,14
12273,73,76,-3,3
12274,65,68,-3,3
12275,131,108,23,23
12276,118,114,4,4
12277,93,94,-1,1
12278,76,71,5,5
12279,75,77,-2,2
12280,65,72,-7,7
12281,70,67,3,3
12282,140,137,3,3
12283,95,86,9,9
12284,145,121,24,24
12285,82,76,6,6
12286,185,169,16,16
12287,71,70,1,1
12288,100,101,-1,1
12289,99,87,12,12
12290,64,62,2,2
12291,65,67,-2,2
12292,51,52,-1,1
12293,79,84,-5,5
12294,50,59,-9,9
12295,128,126,2,2
12296,109,103,6,6
12297,106,92,14,14
12298,50,53,-3,3
12299,126,116,10,10
12300,105,109,-4,4
12301,39,41,-2,2
12302,70,68,2,2
12303,134,111,23,23
12304,46,48,-2,2
12305,81,89,-8,8
12306,115,114,1,1
12307,56,62,-6,6
12308,90,87,3,3
12309,107,101,6,6
12310,38,35,3,3
12311,112,112,0,0
12312,86,98,-12,12
12313,102,95,7,7
12314,81,84,-3,3
12315,133,120,13,13
12316,65,64,1,1
12317,67,82,-15,15
12318,63,67,-4,4
12319,105,100,5,5
12320,81,78,3,3
12321,97,101,-4,4
12322,96,97,-1,1
12323,113,116,-3,3
12324,91,99,-8,8
12325,67,83,-16,16
12326,85,75,10,10
12327,102,98,4,4
12328,76,78,-2,2
12329,190,199,-9,9
12330,63,60,3,3
12331,87,73,14,14
12332,140,131,9,9
12333,113,97,16,16
12334,102,97,5,5
12335,62,52,10,10
12336,57,62,-5,5
12337,48,54,-6,6
12338,62,57,5,5
12339,94,110,-16,16
12340,95,101,-6,6
12341,183,172,11,11
12342,80,73,7,7
12343,164,148,16,16
12344,66,58,8,8
12345,67,82,-15,15
12346,103,99,4,4
12347,69,76,-7,7
12348,118,108,10,10
12349,78,71,7,7
12350,66,65,1,1
12351,94,89,5,5
12352,92,100,-8,8
12353,142,132,10,10
12354,55,68,-13,13
12355,101,99,2,2
12356,79,72,7,7
12357,122,129,-7,7
12358,123,104,19,19
12359,38,38,0,0
12360,65,84,-19,19
12361,138,118,20,20
12362,76,76,0,0
12363,114,113,1,1
12364,79,82,-3,3
12365,114,104,10,10
12366,68,66,2,2
12367,78,74,4,4
12368,93,96,-3,3
12369,103,102,1,1
12370,163,135,28,28
12371,101,109,-8,8
12372,126,121,5,5
12373,67,61,6,6
12374,78,76,2,2
12375,116,113,3,3
12376,128,126,2,2
12377,91,84,7,7
12378,142,126,16,16
12379,65,68,-3,3
12380,145,137,8,8
12381,61,64,-3,3
12382,136,153,-17,17
12383,84,78,6,6
12384,98,95,3,3
12385,87,84,3,3
12386,107,103,4,4
12387,115,123,-8,8
12388,106,101,5,5
12389,93,97,-4,4
12390,80,67,13,13
12391,130,104,26,26
12392,115,102,13,13
12393,97,104,-7,7
12394,92,95,-3,3
12395,88,87,1,1
12396,66,66,0,0
12397,66,65,1,1
12398,87,86,1,1
12399,106,99,7,7
12400,70,78,-8,8
12401,180,163,17,17
12402,87,89,-2,2
12403,89,82,7,7
12404,92,100,-8,8
12405,125,110,15,15
12406,88,97,-9,9
12407,109,97,12,12
12408,35,45,-10,10
12409,67,77,-10,10
12410,117,109,8,8
12411,190,174,16,16
12412,114,111,3,3
12413,137,131,6,6
12414,138,149,-11,11
12415,129,133,-4,4
12416,106,94,12,12
12417,63,67,-4,4
12418,58,59,-1,1
12419,57,62,-5,5
12420,86,97,-11,11
12421,104,96,8,8
12422,97,92,5,5
12423,101,97,4,4
12424,137,127,10,10
12425,64,56,8,8
12426,176,200,-24,24
12427,93,79,14,14
12428,120,117,3,3
12429,108,102,6,6
12430,70,72,-2,2
12431,97,87,10,10
12432,83,87,-4,4
12433,83,74,9,9
12434,150,158,-8,8
12435,64,75,-11,11
12436,89,82,7,7
12437,96,95,1,1
12438,114,113,1,1
12439,119,119,0,0
12440,61,52,9,9
12441,96,93,3,3
12442,105,102,3,3
12443,61,51,10,10
12444,141,130,11,11
12445,86,77,9,9
12446,87,80,7,7
12447,90,79,11,11
12448,105,106,-1,1
12449,91,82,9,9
12450,111,111,0,0
12451,76,79,-3,3
12452,87,93,-6,6
12453,91,91,0,0
12454,107,112,-5,5
12455,110,104,6,6
12456,124,126,-2,2
12457,128,117,11,11
12458,109,110,-1,1
12459,71,66,5,5
12460,87,89,-2,2
12461,148,143,5,5
12462,107,99,8,8
12463,134,125,9,9
12464,23,30,-7,7
12465,119,130,-11,11
12466,91,73,18,18
12467,25,33,-8,8
12468,61,76,-15,15
12469,101,87,14,14
12470,72,72,0,0
12471,95,93,2,2
12472,47,47,0,0
12473,97,91,6,6
12474,81,82,-1,1
12475,59,52,7,7
12476,77,75,2,2
12477,138,121,17,17
12478,120,98,22,22
12479,136,139,-3,3
12480,79,80,-1,1
12481,63,58,5,5
12482,102,98,4,4
12483,158,139,19,19
12484,73,75,-2,2
12485,53,46,7,7
12486,83,84,-1,1
12487,155,124,31,31
12488,139,130,9,9
12489,93,87,6,6
12490,128,127,1,1
12491,98,101,-3,3
12492,96,80,16,16
12493,153,127,26,26
12494,104,99,5,5
12495,115,98,17,17
12496,72,72,0,0
12497,90,88,2,2
12498,127,137,-10,10
12499,112,127,-15,15
12500,64,65,-1,1
12501,73,66,7,7
12502,72,75,-3,3
12503,73,74,-1,1
12504,56,61,-5,5
12505,106,100,6,6
12506,144,126,18,18
12507,47,67,-20,20
12508,147,143,4,4
12509,95,87,8,8
12510,76,85,-9,9
12511,128,135,-7,7
12512,81,71,10,10
12513,79,77,2,2
12514,86,78,8,8
12515,44,48,-4,4
12516,87,88,-1,1
12517,102,100,2,2
12518,116,111,5,5
12519,105,99,6,6
12520,113,120,-7,7
12521,152,148,4,4
12522,175,161,14,14
12523,70,80,-10,10
12524,173,146,27,27
12525,87,71,16,16
12526,102,93,9,9
12527,88,88,0,0
12528,76,74,2,2
12529,110,102,8,8
12530,99,98,1,1
12531,71,70,1,1
12532,75,72,3,3
12533,105,100,5,5
12534,153,155,-2,2
12535,100,114,-14,14
12536,90,81,9,9
12537,83,100,-17,17
12538,82,81,1,1
12539,49,49,0,0
12540,69,72,-3,3
12541,113,110,3,3
12542,63,63,0,0
12543,58,57,1,1
12544,65,64,1,1
12545,145,135,10,10
12546,50,46,4,4
12547,83,84,-1,1
12548,100,93,7,7
12549,76,73,3,3
12550,72,64,8,8
12551,71,84,-13,13
12552,106,99,7,7
12553,127,145,-18,18
12554,96,92,4,4
12555,67,66,1,1
12556,140,132,8,8
12557,56,61,-5,5
12558,108,104,4,4
12559,94,96,-2,2
12560,59,66,-7,7
12561,84,85,-1,1
12562,96,95,1,1
12563,92,95,-3,3
12564,186,201,-15,15
12565,62,59,3,3
12566,164,140,24,24
12567,49,44,5,5
12568,62,56,6,6
12569,50,58,-8,8
12570,128,134,-6,6
12571,57,62,-5,5
12572,69,69,0,0
12573,48,60,-12,12
12574,132,120,12,12
12575,140,141,-1,1
12576,107,103,4,4
12577,80,80,0,0
12578,78,75,3,3
12579,140,107,33,33
12580,78,78,0,0
12581,123,106,17,17
12582,87,87,0,0
12583,91,107,-16,16
12584,119,116,3,3
12585,107,100,7,7
12586,52,56,-4,4
12587,61,70,-9,9
12588,102,92,10,10
12589,79,76,3,3
12590,81,86,-5,5
12591,72,66,6,6
12592,74,82,-8,8
12593,73,71,2,2
12594,114,90,24,24
12595,127,120,7,7
12596,92,82,10,10
12597,118,112,6,6
12598,115,168,-53,53
12599,73,73,0,0
12600,93,93,0,0
12601,70,65,5,5
12602,73,71,2,2
12603,107,123,-16,16
12604,96,104,-8,8
12605,101,86,15,15
12606,76,83,-7,7
12607,85,79,6,6
12608,111,106,5,5
12609,42,45,-3,3
12610,69,66,3,3
12611,97,82,15,15
12612,90,86,4,4
12613,96,91,5,5
12614,114,120,-6,6
12615,121,105,16,16
12616,68,67,1,1
12617,45,45,0,0
12618,73,75,-2,2
12619,109,103,6,6
12620,175,160,15,15
12621,90,78,12,12
12622,70,70,0,0
12623,85,82,3,3
12624,62,69,-7,7
12625,89,91,-2,2
12626,132,122,10,10
12627,155,143,12,12
12628,99,105,-6,6
12629,60,53,7,7
12630,110,99,11,11
12631,87,82,5,5
12632,98,107,-9,9
12633,80,89,-9,9
12634,127,126,1,1
12635,172,163,9,9
12636,181,160,21,21
12637,130,114,16,16
12638,76,69,7,7
12639,86,78,8,8
12640,105,98,7,7
12641,105,110,-5,5
12642,56,70,-14,14
12643,65,77,-12,12
12644,42,47,-5,5
12645,120,106,14,14
12646,65,63,2,2
12647,76,83,-7,7
12648,134,122,12,12
12649,28,72,-44,44
12650,96,91,5,5
12651,92,96,-4,4
12652,53,50,3,3
12653,66,63,3,3
12654,79,84,-5,5
12655,101,116,-15,15
12656,78,94,-16,16
12657,88,90,-2,2
12658,136,126,10,10
12659,142,130,12,12
12660,73,63,10,10
12661,97,85,12,12
12662,80,81,-1,1
12663,51,51,0,0
12664,69,75,-6,6
12665,52,46,6,6
12666,57,60,-3,3
12667,100,128,-28,28
12668,147,142,5,5
12669,129,130,-1,1
12670,92,103,-11,11
12671,107,92,15,15
12672,99,101,-2,2
12673,89,104,-15,15
12674,58,59,-1,1
12675,103,85,18,18
12676,33,38,-5,5
12677,103,89,14,14
12678,88,80,8,8
12679,81,89,-8,8
12680,53,62,-9,9
12681,70,81,-11,11
12682,32,46,-14,14
12683,88,94,-6,6
12684,99,112,-13,13
12685,110,97,13,13
12686,78,78,0,0
12687,99,95,4,4
12688,46,51,-5,5
12689,136,118,18,18
12690,75,78,-3,3
12691,117,100,17,17
12692,93,76,17,17
12693,132,120,12,12
12694,70,70,0,0
12695,69,79,-10,10
12696,49,33,16,16
12697,71,69,2,2
12698,118,107,11,11
12699,97,95,2,2
12700,76,84,-8,8
12701,195,169,26,26
12702,128,109,19,19
12703,66,65,1,1
12704,120,109,11,11
12705,73,79,-6,6
12706,62,65,-3,3
12707,104,93,11,11
12708,94,84,10,10
12709,94,87,7,7
12710,110,98,12,12
12711,96,91,5,5
12712,107,105,2,2
12713,77,82,-5,5
12714,91,97,-6,6
12715,63,60,3,3
12716,128,110,18,18
12717,77,72,5,5
12718,67,77,-10,10
12719,124,111,13,13
12720,94,88,6,6
12721,64,63,1,1
12722,74,81,-7,7
12723,88,88,0,0
12724,70,67,3,3
12725,78,75,3,3
12726,66,67,-1,1
12727,104,108,-4,4
12728,134,131,3,3
12729,92,84,8,8
12730,74,65,9,9
12731,93,90,3,3
12732,98,89,9,9
12733,100,82,18,18
12734,87,84,3,3
12735,101,95,6,6
12736,49,51,-2,2
12737,121,112,9,9
12738,84,107,-23,23
12739,158,154,4,4
12740,115,114,1,1
12741,125,109,16,16
12742,53,48,5,5
12743,80,85,-5,5
12744,68,67,1,1
12745,103,94,9,9
12746,107,102,5,5
12747,77,86,-9,9
12748,100,108,-8,8
12749,120,112,8,8
12750,91,89,2,2
12751,77,67,10,10
12752,132,122,10,10
12753,131,125,6,6
12754,43,57,-14,14
12755,45,46,-1,1
12756,124,117,7,7
12757,86,89,-3,3
12758,107,96,11,11
12759,82,84,-2,2
12760,204,203,1,1
12761,107,105,2,2
12762,120,112,8,8
12763,140,130,10,10
12764,153,140,13,13
12765,83,86,-3,3
12766,47,40,7,7
12767,91,78,13,13
12768,68,56,12,12
12769,56,60,-4,4
12770,77,85,-8,8
12771,37,45,-8,8
12772,117,108,9,9
12773,85,82,3,3
12774,101,92,9,9
12775,67,68,-1,1
12776,118,133,-15,15
12777,56,66,-10,10
12778,68,75,-7,7
12779,65,74,-9,9
12780,105,97,8,8
12781,102,106,-4,4
12782,116,103,13,13
12783,69,65,4,4
12784,79,71,8,8
12785,105,101,4,4
12786,101,78,23,23
12787,106,94,12,12
12788,89,83,6,6
12789,77,73,4,4
12790,116,112,4,4
12791,111,101,10,10
12792,91,73,18,18
12793,74,66,8,8
12794,96,89,7,7
12795,119,119,0,0
12796,124,109,15,15
12797,83,73,10,10
12798,59,58,1,1
12799,87,71,16,16
12800,55,64,-9,9
12801,121,119,2,2
12802,94,99,-5,5
12803,90,83,7,7
12804,181,173,8,8
12805,93,90,3,3
12806,72,80,-8,8
12807,92,99,-7,7
12808,153,145,8,8
12809,55,56,-1,1
12810,61,69,-8,8
12811,99,91,8,8
12812,82,83,-1,1
12813,102,88,14,14
12814,148,144,4,4
12815,112,102,10,10
12816,172,166,6,6
12817,133,128,5,5
12818,97,109,-12,12
12819,70,87,-17,17
12820,70,78,-8,8
12821,98,93,5,5
12822,96,106,-10,10
12823,69,67,2,2
12824,90,82,8,8
12825,138,132,6,6
12826,132,122,10,10
12827,153,157,-4,4
12828,86,79,7,7
12829,108,96,12,12
12830,80,87,-7,7
12831,154,130,24,24
12832,116,126,-10,10
12833,103,97,6,6
12834,104,108,-4,4
12835,116,108,8,8
12836,107,94,13,13
12837,96,87,9,9
12838,90,90,0,0
12839,50,53,-3,3
12840,104,104,0,0
12841,72,61,11,11
12842,106,92,14,14
12843,87,81,6,6
12844,124,112,12,12
12845,27,30,-3,3
12846,133,139,-6,6
12847,122,107,15,15
12848,124,143,-19,19
12849,89,92,-3,3
12850,97,115,-18,18
12851,84,89,-5,5
12852,140,139,1,1
12853,136,126,10,10
12854,20,19,1,1
12855,93,88,5,5
12856,85,85,0,0
12857,74,86,-12,12
12858,103,98,5,5
12859,75,74,1,1
12860,46,53,-7,7
12861,84,93,-9,9
12862,75,73,2,2
12863,53,54,-1,1
12864,52,74,-22,22
12865,87,89,-2,2
12866,109,95,14,14
12867,105,95,10,10
12868,67,61,6,6
12869,154,117,37,37
12870,84,85,-1,1
12871,128,121,7,7
12872,113,106,7,7
12873,87,77,10,10
12874,101,103,-2,2
12875,96,102,-6,6
12876,39,48,-9,9
12877,133,129,4,4
12878,191,201,-10,10
12879,60,68,-8,8
12880,125,113,12,12
12881,75,79,-4,4
12882,40,46,-6,6
12883,103,92,11,11
12884,79,76,3,3
12885,185,186,-1,1
12886,124,126,-2,2
12887,109,110,-1,1
12888,89,95,-6,6
12889,67,63,4,4
12890,47,60,-13,13
12891,76,68,8,8
12892,122,113,9,9
12893,106,99,7,7
12894,142,122,20,20
12895,96,74,22,22
12896,52,54,-2,2
12897,96,92,4,4
12898,117,117,0,0
12899,69,76,-7,7
12900,89,80,9,9
12901,72,81,-9,9
12902,180,168,12,12
12903,94,86,8,8
12904,53,50,3,3
12905,93,98,-5,5
12906,161,133,28,28
12907,137,131,6,6
12908,129,124,5,5
12909,89,75,14,14
12910,102,93,9,9
12911,159,160,-1,1
12912,67,66,1,1
12913,67,72,-5,5
12914,97,89,8,8
12915,71,65,6,6
12916,153,159,-6,6
12917,100,93,7,7
12918,92,96,-4,4
12919,79,96,-17,17
12920,79,84,-5,5
12921,73,71,2,2
12922,133,135,-2,2
12923,51,47,4,4
12924,139,124,15,15
12925,115,112,3,3
12926,89,86,3,3
12927,124,126,-2,2
12928,90,84,6,6
12929,128,124,4,4
12930,131,121,10,10
12931,71,73,-2,2
12932,113,106,7,7
12933,127,129,-2,2
12934,61,69,-8,8
12935,113,110,3,3
12936,112,94,18,18
12937,75,73,2,2
12938,125,103,22,22
12939,73,72,1,1
12940,100,113,-13,13
12941,187,186,1,1
12942,101,99,2,2
12943,103,96,7,7
12944,99,104,-5,5
12945,65,61,4,4
12946,116,107,9,9
12947,97,106,-9,9
12948,83,86,-3,3
12949,90,97,-7,7
12950,101,103,-2,2
12951,97,102,-5,5
12952,107,101,6,6
12953,119,129,-10,10
12954,78,70,8,8
12955,79,79,0,0
12956,74,80,-6,6
12957,150,138,12,12
12958,83,92,-9,9
12959,131,139,-8,8
12960,68,71,-3,3
12961,222,187,35,35
12962,88,80,8,8
12963,109,107,2,2
12964,149,146,3,3
12965,82,85,-3,3
12966,33,35,-2,2
12967,97,100,-3,3
12968,88,91,-3,3
12969,127,128,-1,1
12970,70,70,0,0
12971,86,94,-8,8
12972,63,66,-3,3
12973,101,92,9,9
12974,85,89,-4,4
12975,97,82,15,15
12976,68,63,5,5
12977,79,87,-8,8
12978,182,175,7,7
12979,68,64,4,4
12980,68,71,-3,3
12981,81,76,5,5
12982,118,105,13,13
12983,93,92,1,1
12984,117,90,27,27
12985,144,122,22,22
12986,134,117,17,17
12987,69,68,1,1
12988,133,126,7,7
12989,88,91,-3,3
12990,63,64,-1,1
12991,116,113,3,3
12992,113,117,-4,4
12993,103,92,11,11
12994,127,115,12,12
12995,116,117,-1,1
12996,114,108,6,6
12997,123,113,10,10
12998,72,64,8,8
12999,107,98,9,9
13000,121,114,7,7
13001,100,87,13,13
13002,87,86,1,1
13003,102,88,14,14
13004,155,174,-19,19
13005,72,78,-6,6
13006,84,83,1,1
13007,86,93,-7,7
13008,115,116,-1,1
13009,100,93,7,7
13010,81,75,6,6
13011,51,59,-8,8
13012,54,55,-1,1
13013,86,77,9,9
13014,92,89,3,3
13015,60,69,-9,9
13016,112,113,-1,1
13017,92,87,5,5
13018,87,87,0,0
13019,95,92,3,3
13020,80,76,4,4
13021,139,142,-3,3
13022,103,92,11,11
13023,120,126,-6,6
13024,75,84,-9,9
13025,51,49,2,2
13026,76,74,2,2
13027,67,61,6,6
13028,165,150,15,15
13029,84,86,-2,2
13030,83,94,-11,11
13031,61,58,3,3
13032,159,137,22,22
13033,64,73,-9,9
13034,140,136,4,4
13035,65,71,-6,6
13036,68,76,-8,8
13037,67,64,3,3
13038,87,90,-3,3
13039,109,103,6,6
13040,116,110,6,6
13041,94,100,-6,6
13042,135,118,17,17
13043,77,70,7,7
13044,55,46,9,9
13045,61,54,7,7
13046,73,86,-13,13
13047,139,110,29,29
13048,106,121,-15,15
13049,78,78,0,0
13050,74,70,4,4
13051,99,95,4,4
13052,88,89,-1,1
13053,93,79,14,14
13054,69,65,4,4
13055,235,216,19,19
13056,83,82,1,1
13057,101,83,18,18
13058,66,75,-9,9
13059,58,57,1,1
13060,119,125,-6,6
13061,129,119,10,10
13062,82,87,-5,5
13063,168,155,13,13
13064,72,75,-3,3
13065,125,122,3,3
13066,82,73,9,9
13067,97,84,13,13
13068,56,66,-10,10
13069,123,137,-14,14
13070,79,68,11,11
13071,84,84,0,0
13072,112,104,8,8
13073,80,85,-5,5
13074,106,102,4,4
13075,60,67,-7,7
13076,72,75,-3,3
13077,96,106,-10,10
13078,60,60,0,0
13079,117,91,26,26
13080,66,77,-11,11
13081,78,79,-1,1
13082,55,57,-2,2
13083,164,144,20,20
13084,184,178,6,6
13085,78,75,3,3
13086,61,73,-12,12
13087,109,125,-16,16
13088,101,100,1,1
13089,79,79,0,0
13090,51,51,0,0
13091,64,62,2,2
13092,62,66,-4,4
13093,144,135,9,9
13094,57,64,-7,7
13095,50,55,-5,5
13096,81,81,0,0
13097,99,93,6,6
13098,97,98,-1,1
13099,129,108,21,21
13100,104,99,5,5
13101,93,101,-8,8
13102,84,75,9,9
13103,90,92,-2,2
13104,112,116,-4,4
13105,69,69,0,0
13106,69,78,-9,9
13107,107,84,23,23
13108,145,132,13,13
13109,84,77,7,7
13110,51,61,-10,10
13111,100,87,13,13
13112,82,85,-3,3
13113,71,81,-10,10
13114,104,95,9,9
13115,67,81,-14,14
13116,89,90,-1,1
13117,61,84,-23,23
13118,74,75,-1,1
13119,101,107,-6,6
13120,67,84,-17,17
13121,72,86,-14,14
13122,70,67,3,3
13123,158,155,3,3
13124,94,89,5,5
13125,84,81,3,3
13126,120,116,4,4
13127,152,147,5,5
13128,137,126,11,11
13129,82,90,-8,8
13130,116,112,4,4
13131,112,93,19,19
13132,99,91,8,8
13133,150,148,2,2
13134,66,66,0,0
13135,81,63,18,18
13136,50,48,2,2
13137,133,131,2,2
13138,65,68,-3,3
13139,65,58,7,7
13140,80,81,-1,1
13141,53,39,14,14
13142,108,97,11,11
13143,80,67,13,13
13144,126,126,0,0
13145,73,85,-12,12
13146,58,48,10,10
13147,80,69,11,11
13148,62,65,-3,3
13149,64,66,-2,2
13150,55,54,1,1
13151,81,85,-4,4
13152,97,103,-6,6
13153,78,74,4,4
13154,101,99,2,2
13155,72,77,-5,5
13156,112,104,8,8
13157,84,89,-5,5
13158,68,67,1,1
13159,102,104,-2,2
13160,117,129,-12,12
13161,88,82,6,6
13162,127,108,19,19
13163,64,54,10,10
13164,87,88,-1,1
13165,80,85,-5,5
13166,101,86,15,15
13167,122,108,14,14
13168,67,63,4,4
13169,131,119,12,12
13170,97,80,17,17
13171,135,120,15,15
13172,88,85,3,3
13173,115,126,-11,11
13174,134,114,20,20
13175,116,114,2,2
13176,79,82,-3,3
13177,45,48,-3,3
13178,100,99,1,1
13179,85,100,-15,15
13180,63,67,-4,4
13181,89,84,5,5
13182,76,76,0,0
13183,138,125,13,13
13184,123,112,11,11
13185,74,78,-4,4
13186,43,45,-2,2
13187,66,74,-8,8
13188,86,102,-16,16
13189,115,123,-8,8
13190,30,42,-12,12
13191,66,64,2,2
13192,208,172,36,36
13193,90,95,-5,5
13194,71,69,2,2
13195,94,87,7,7
13196,171,176,-5,5
13197,55,61,-6,6
13198,43,32,11,11
13199,67,65,2,2
13200,143,115,28,28
13201,98,100,-2,2
13202,100,90,10,10
13203,108,100,8,8
13204,91,89,2,2
13205,131,142,-11,11
13206,79,70,9,9
13207,153,155,-2,2
13208,37,38,-1,1
13209,46,48,-2,2
13210,241,234,7,7
13211,89,87,2,2
13212,72,73,-1,1
13213,100,91,9,9
13214,83,84,-1,1
13215,98,108,-10,10
13216,128,130,-2,2
13217,162,108,54,54
13218,81,75,6,6
13219,98,97,1,1
13220,70,79,-9,9
13221,182,160,22,22
13222,71,70,1,1
13223,173,180,-7,7
13224,54,53,1,1
13225,66,72,-6,6
13226,85,74,11,11
13227,93,91,2,2
13228,71,112,-41,41
13229,163,165,-2,2
13230,86,78,8,8
13231,74,76,-2,2
13232,148,133,15,15
13233,112,106,6,6
13234,90,75,15,15
13235,64,61,3,3
13236,78,91,-13,13
13237,115,115,0,0
13238,105,100,5,5
13239,90,91,-1,1
13240,117,112,5,5
13241,103,91,12,12
13242,139,155,-16,16
13243,107,107,0,0
13244,118,128,-10,10
13245,94,76,18,18
13246,56,58,-2,2
13247,97,91,6,6
13248,77,62,15,15
13249,117,94,23,23
13250,125,125,0,0
13251,67,71,-4,4
13252,73,67,6,6
13253,152,137,15,15
13254,73,72,1,1
13255,121,113,8,8
13256,166,153,13,13
13257,90,85,5,5
13258,96,97,-1,1
13259,149,156,-7,7
13260,61,62,-1,1
13261,144,133,11,11
13262,121,120,1,1
13263,131,116,15,15
13264,58,42,16,16
13265,51,61,-10,10
13266,54,65,-11,11
13267,72,83,-11,11
13268,99,99,0,0
13269,124,106,18,18
13270,105,101,4,4
13271,100,97,3,3
13272,153,144,9,9
13273,76,80,-4,4
13274,120,105,15,15
13275,94,90,4,4
13276,85,76,9,9
13277,84,89,-5,5
13278,53,65,-12,12
13279,106,109,-3,3
13280,108,111,-3,3
13281,140,129,11,11
13282,113,113,0,0
13283,57,71,-14,14
13284,108,101,7,7
13285,123,107,16,16
13286,108,100,8,8
13287,83,75,8,8
13288,99,86,13,13
13289,78,75,3,3
13290,96,94,2,2
13291,58,54,4,4
13292,82,80,2,2
13293,148,150,-2,2
13294,86,90,-4,4
13295,81,69,12,12
13296,119,114,5,5
13297,97,97,0,0
13298,118,114,4,4
13299,92,81,11,11
13300,102,107,-5,5
13301,72,76,-4,4
13302,64,59,5,5
13303,86,84,2,2
13304,57,67,-10,10
13305,102,96,6,6
13306,67,64,3,3
13307,88,91,-3,3
13308,139,122,17,17
13309,61,63,-2,2
13310,77,66,11,11
13311,158,161,-3,3
13312,130,116,14,14
13313,132,132,0,0
13314,187,193,-6,6
13315,79,72,7,7
13316,96,104,-8,8
13317,76,80,-4,4
13318,71,71,0,0
13319,78,80,-2,2
13320,209,189,20,20
13321,75,72,3,3
13322,146,132,14,14
13323,100,91,9,9
13324,80,74,6,6
13325,70,72,-2,2
13326,65,63,2,2
13327,95,92,3,3
13328,80,77,3,3
13329,69,62,7,7
13330,132,128,4,4
13331,77,67,10,10
13332,98,85,13,13
13333,94,94,0,0
13334,86,87,-1,1
13335,90,73,17,17
13336,75,72,3,3
13337,130,106,24,24
13338,87,93,-6,6
13339,141,128,13,13
13340,161,147,14,14
13341,68,82,-14,14
13342,97,88,9,9
13343,125,120,5,5
13344,36,39,-3,3
13345,115,109,6,6
13346,68,53,15,15
13347,106,103,3,3
13348,96,98,-2,2
13349,82,77,5,5
13350,73,65,8,8
13351,89,74,15,15
13352,75,62,13,13
13353,85,104,-19,19
13354,134,128,6,6
13355,90,82,8,8
13356,83,84,-1,1
13357,129,95,34,34
13358,140,127,13,13
13359,60,81,-21,21
13360,82,75,7,7
13361,153,113,40,40
13362,80,87,-7,7
13363,119,119,0,0
13364,108,97,11,11
13365,54,61,-7,7
13366,99,100,-1,1
13367,130,152,-22,22
13368,100,97,3,3
13369,59,57,2,2
13370,84,86,-2,2
13371,117,113,4,4
13372,60,61,-1,1
13373,55,50,5,5
13374,96,94,2,2
13375,73,78,-5,5
13376,64,83,-19,19
13377,75,64,11,11
13378,55,59,-4,4
13379,90,90,0,0
13380,142,143,-1,1
13381,139,139,0,0
13382,118,105,13,13
13383,120,102,18,18
13384,112,110,2,2
13385,43,46,-3,3
13386,106,99,7,7
13387,187,205,-18,18
13388,117,115,2,2
13389,111,108,3,3
13390,188,205,-17,17
13391,156,135,21,21
13392,136,137,-1,1
13393,88,100,-12,12
13394,29,28,1,1
13395,107,99,8,8
13396,113,89,24,24
13397,93,92,1,1
13398,81,84,-3,3
13399,22,31,-9,9
13400,69,68,1,1
13401,168,154,14,14
13402,147,131,16,16
13403,105,112,-7,7
13404,145,130,15,15
13405,58,61,-3,3
13406,60,60,0,0
13407,150,154,-4,4
13408,70,71,-1,1
13409,69,64,5,5
13410,140,146,-6,6
13411,88,83,5,5
13412,120,116,4,4
13413,63,62,1,1
13414,81,80,1,1
13415,66,67,-1,1
13416,91,93,-2,2
13417,131,132,-1,1
13418,126,107,19,19
13419,138,140,-2,2
13420,103,111,-8,8
13421,103,97,6,6
13422,50,65,-15,15
13423,64,63,1,1
13424,75,77,-2,2
13425,67,69,-2,2
13426,97,92,5,5
13427,109,111,-2,2
13428,137,126,11,11
13429,71,62,9,9
13430,98,87,11,11
13431,82,89,-7,7
13432,65,60,5,5
13433,117,99,18,18
13434,148,152,-4,4
13435,190,166,24,24
13436,84,93,-9,9
13437,110,98,12,12
13438,138,129,9,9
13439,74,70,4,4
13440,130,114,16,16
13441,79,75,4,4
13442,92,114,-22,22
13443,137,141,-4,4
13444,104,87,17,17
13445,160,133,27,27
13446,90,78,12,12
13447,101,96,5,5
13448,123,124,-1,1
13449,73,74,-1,1
13450,66,69,-3,3
13451,124,119,5,5
13452,173,165,8,8
13453,142,128,14,14
13454,32,33,-1,1
13455,104,96,8,8
13456,65,81,-16,16
13457,60,65,-5,5
13458,71,70,1,1
13459,56,52,4,4
13460,122,116,6,6
13461,135,146,-11,11
13462,162,158,4,4
13463,96,104,-8,8
13464,126,130,-4,4
13465,74,79,-5,5
13466,102,100,2,2
13467,80,80,0,0
13468,88,85,3,3
13469,92,76,16,16
13470,107,107,0,0
13471,87,116,-29,29
13472,58,61,-3,3
13473,80,70,10,10
13474,79,70,9,9
13475,114,117,-3,3
13476,78,85,-7,7
13477,75,70,5,5
13478,168,171,-3,3
13479,114,107,7,7
13480,59,68,-9,9
13481,152,157,-5,5
13482,66,63,3,3
13483,98,87,11,11
13484,70,71,-1,1
13485,101,82,19,19
13486,130,126,4,4
13487,114,105,9,9
13488,63,70,-7,7
13489,181,161,20,20
13490,86,85,1,1
13491,107,115,-8,8
13492,59,66,-7,7
13493,74,71,3,3
13494,134,132,2,2
13495,199,171,28,28
13496,58,61,-3,3
13497,99,95,4,4
13498,103,102,1,1
13499,183,179,4,4
13500,96,95,1,1
13501,99,92,7,7
13502,113,102,11,11
13503,88,77,11,11
13504,88,92,-4,4
13505,128,119,9,9
13506,82,88,-6,6
13507,80,78,2,2
13508,53,56,-3,3
13509,47,47,0,0
13510,102,88,14,14
13511,97,93,4,4
13512,68,71,-3,3
13513,125,112,13,13
13514,110,116,-6,6
13515,77,71,6,6
13516,127,115,12,12
13517,87,86,1,1
13518,107,89,18,18
13519,105,110,-5,5
13520,153,131,22,22
13521,61,65,-4,4
13522,33,76,-43,43
13523,146,143,3,3
13524,100,107,-7,7
13525,170,158,12,12
13526,134,125,9,9
13527,78,98,-20,20
13528,73,67,6,6
13529,60,61,-1,1
13530,64,63,1,1
13531,99,91,8,8
13532,80,100,-20,20
13533,65,61,4,4
13534,67,61,6,6
13535,141,115,26,26
13536,60,60,0,0
13537,138,148,-10,10
13538,154,145,9,9
13539,58,59,-1,1
13540,114,121,-7,7
13541,132,119,13,13
13542,98,95,3,3
13543,80,86,-6,6
13544,105,96,9,9
13545,84,94,-10,10
13546,78,80,-2,2
13547,154,130,24,24
13548,67,60,7,7
13549,95,105,-10,10
13550,125,117,8,8
13551,128,117,11,11
13552,42,38,4,4
13553,204,194,10,10
13554,98,94,4,4
13555,112,104,8,8
13556,132,109,23,23
13557,139,117,22,22
13558,93,89,4,4
13559,146,137,9,9
13560,56,56,0,0
13561,65,56,9,9
13562,124,116,8,8
13563,103,101,2,2
13564,86,75,11,11
13565,60,65,-5,5
13566,98,100,-2,2
13567,80,114,-34,34
13568,89,97,-8,8
13569,148,128,20,20
13570,40,39,1,1
13571,80,95,-15,15
13572,70,76,-6,6
13573,82,73,9,9
13574,133,146,-13,13
13575,75,80,-5,5
13576,75,79,-4,4
13577,120,94,26,26
13578,50,61,-11,11
13579,111,114,-3,3
13580,86,83,3,3
13581,115,115,0,0
13582,63,50,13,13
13583,93,92,1,1
13584,104,93,11,11
13585,153,156,-3,3
13586,51,54,-3,3
13587,128,108,20,20
13588,92,83,9,9
13589,51,52,-1,1
13590,84,83,1,1
13591,104,95,9,9
13592,101,90,11,11
13593,83,81,2,2
13594,69,78,-9,9
13595,96,83,13,13
13596,83,77,6,6
13597,54,74,-20,20
13598,83,71,12,12
13599,54,51,3,3
13600,61,68,-7,7
13601,116,98,18,18
13602,113,96,17,17
13603,76,72,4,4
13604,87,82,5,5
13605,59,59,0,0
13606,141,135,6,6
13607,97,97,0,0
13608,89,85,4,4
13609,131,131,0,0
13610,71,62,9,9
13611,60,60,0,0
13612,39,46,-7,7
13613,68,65,3,3
13614,61,68,-7,7
13615,107,105,2,2
13616,95,91,4,4
13617,94,110,-16,16
13618,82,81,1,1
13619,110,109,1,1
13620,113,111,2,2
13621,107,102,5,5
13622,161,128,33,33
13623,180,157,23,23
13624,101,100,1,1
13625,88,86,2,2
13626,87,80,7,7
13627,115,120,-5,5
13628,121,112,9,9
13629,139,137,2,2
13630,123,118,5,5
13631,63,63,0,0
13632,122,108,14,14
13633,68,70,-2,2
13634,110,99,11,11
13635,57,69,-12,12
13636,82,67,15,15
13637,95,93,2,2
13638,134,128,6,6
13639,98,87,11,11
13640,128,152,-24,24
13641,95,95,0,0
13642,104,122,-18,18
13643,175,158,17,17
13644,109,102,7,7
13645,164,153,11,11
13646,118,104,14,14
13647,70,81,-11,11
13648,54,61,-7,7
13649,145,142,3,3
13650,68,66,2,2
13651,82,78,4,4
13652,61,64,-3,3
13653,92,95,-3,3
13654,89,77,12,12
13655,96,88,8,8
13656,122,114,8,8
13657,79,77,2,2
13658,75,75,0,0
13659,108,100,8,8
13660,43,49,-6,6
13661,67,67,0,0
13662,75,76,-1,1
13663,67,63,4,4
13664,88,90,-2,2
13665,55,54,1,1
13666,96,104,-8,8
13667,60,62,-2,2
13668,125,102,23,23
13669,56,67,-11,11
13670,111,103,8,8
13671,105,120,-15,15
13672,77,100,-23,23
13673,89,90,-1,1
13674,79,77,2,2
13675,107,108,-1,1
13676,124,122,2,2
13677,119,109,10,10
13678,57,73,-16,16
13679,127,125,2,2
13680,64,72,-8,8
13681,96,95,1,1
13682,89,80,9,9
13683,71,73,-2,2
13684,76,73,3,3
13685,110,111,-1,1
13686,120,128,-8,8
13687,98,90,8,8
13688,84,87,-3,3
13689,233,232,1,1
13690,75,77,-2,2
13691,107,97,10,10
13692,76,75,1,1
13693,84,95,-11,11
13694,86,82,4,4
13695,103,91,12,12
13696,106,95,11,11
13697,150,125,25,25
13698,73,82,-9,9
13699,130,138,-8,8
13700,132,115,17,17
13701,139,145,-6,6
13702,115,111,4,4
13703,155,148,7,7
13704,75,76,-1,1
13705,70,73,-3,3
13706,127,121,6,6
13707,65,58,7,7
13708,100,106,-6,6
13709,170,159,11,11
13710,135,120,15,15
13711,75,76,-1,1
13712,164,186,-22,22
13713,125,111,14,14
13714,104,99,5,5
13715,53,57,-4,4
13716,146,151,-5,5
13717,102,89,13,13
13718,70,68,2,2
13719,54,54,0,0
13720,108,116,-8,8
13721,97,84,13,13
13722,104,94,10,10
13723,140,145,-5,5
13724,94,90,4,4
13725,62,77,-15,15
13726,105,93,12,12
13727,48,43,5,5
13728,63,67,-4,4
13729,64,59,5,5
13730,51,51,0,0
13731,63,59,4,4
13732,121,120,1,1
13733,120,107,13,13
13734,86,84,2,2
13735,91,84,7,7
13736,55,56,-1,1
13737,98,99,-1,1
13738,69,60,9,9
13739,45,42,3,3
13740,126,139,-13,13
13741,169,169,0,0
13742,95,92,3,3
13743,106,106,0,0
13744,91,83,8,8
13745,126,117,9,9
13746,67,74,-7,7
13747,55,58,-3,3
13748,74,76,-2,2
13749,87,71,16,16
13750,87,85,2,2
13751,83,81,2,2
13752,114,124,-10,10
13753,125,127,-2,2
13754,120,114,6,6
13755,86,80,6,6
13756,66,68,-2,2
13757,106,95,11,11
13758,62,55,7,7
13759,87,104,-17,17
13760,68,66,2,2
13761,77,76,1,1
13762,106,98,8,8
13763,101,94,7,7
13764,93,84,9,9
13765,63,78,-15,15
13766,53,54,-1,1
13767,116,114,2,2
13768,116,110,6,6
13769,92,115,-23,23
13770,80,81,-1,1
13771,93,90,3,3
13772,129,117,12,12
13773,97,94,3,3
13774,51,59,-8,8
13775,98,87,11,11
13776,80,103,-23,23
13777,74,75,-1,1
13778,157,141,16,16
13779,163,164,-1,1
13780,62,60,2,2
13781,107,104,3,3
13782,107,89,18,18
13783,107,97,10,10
13784,83,86,-3,3
13785,117,97,20,20
13786,94,93,1,1
13787,65,67,-2,2
13788,61,64,-3,3
13789,79,80,-1,1
13790,137,127,10,10
13791,141,125,16,16
13792,95,96,-1,1
13793,101,98,3,3
13794,95,95,0,0
13795,142,134,8,8
13796,107,94,13,13
13797,80,85,-5,5
13798,91,97,-6,6
13799,71,70,1,1
13800,81,78,3,3
13801,96,85,11,11
13802,151,140,11,11
13803,75,85,-10,10
13804,69,76,-7,7
13805,70,74,-4,4
13806,66,68,-2,2
13807,100,100,0,0
13808,107,96,11,11
13809,116,110,6,6
13810,59,65,-6,6
13811,90,90,0,0
13812,60,47,13,13
13813,55,56,-1,1
13814,66,71,-5,5
13815,90,89,1,1
13816,80,89,-9,9
13817,151,86,65,65
13818,91,86,5,5
13819,59,59,0,0
13820,73,73,0,0
13821,51,62,-11,11
13822,95,96,-1,1
13823,92,87,5,5
13824,61,67,-6,6
13825,80,85,-5,5
13826,107,122,-15,15
13827,79,74,5,5
13828,167,156,11,11
13829,58,60,-2,2
13830,104,98,6,6
13831,106,115,-9,9
13832,61,61,0,0
13833,111,115,-4,4
13834,97,112,-15,15
13835,101,97,4,4
13836,67,69,-2,2
13837,56,53,3,3
13838,57,56,1,1
13839,82,63,19,19
13840,95,96,-1,1
13841,69,65,4,4
13842,58,61,-3,3
13843,105,98,7,7
13844,163,148,15,15
13845,61,64,-3,3
13846,90,70,20,20
13847,220,209,11,11
13848,96,80,16,16
13849,44,48,-4,4
13850,59,59,0,0
13851,60,61,-1,1
13852,64,67,-3,3
13853,94,92,2,2
13854,151,137,14,14
13855,75,78,-3,3
13856,75,73,2,2
13857,79,65,14,14
13858,70,74,-4,4
13859,107,107,0,0
13860,145,131,14,14
13861,70,75,-5,5
13862,75,83,-8,8
13863,141,132,9,9
13864,66,66,0,0
13865,79,67,12,12
13866,111,97,14,14
13867,112,104,8,8
13868,125,123,2,2
13869,121,119,2,2
13870,108,98,10,10
13871,74,80,-6,6
13872,106,109,-3,3
13873,118,115,3,3
13874,162,137,25,25
13875,142,104,38,38
13876,65,65,0,0
13877,59,60,-1,1
13878,91,81,10,10
13879,75,65,10,10
13880,125,112,13,13
13881,146,147,-1,1
13882,84,76,8,8
13883,95,89,6,6
13884,88,79,9,9
13885,95,88,7,7
13886,54,64,-10,10
13887,68,56,12,12
13888,250,271,-21,21
13889,64,75,-11,11
13890,89,86,3,3
13891,63,63,0,0
13892,47,64,-17,17
13893,113,110,3,3
13894,118,102,16,16
13895,77,73,4,4
13896,175,165,10,10
13897,87,82,5,5
13898,85,88,-3,3
13899,107,90,17,17
13900,77,58,19,19
13901,112,121,-9,9
13902,67,74,-7,7
13903,124,129,-5,5
13904,69,65,4,4
13905,170,157,13,13
13906,91,79,12,12
13907,69,70,-1,1
13908,69,63,6,6
13909,102,97,5,5
13910,87,94,-7,7
13911,61,60,1,1
13912,140,117,23,23
13913,56,66,-10,10
13914,50,50,0,0
13915,71,69,2,2
13916,46,55,-9,9
13917,102,99,3,3
13918,72,63,9,9
13919,102,99,3,3
13920,98,92,6,6
13921,114,115,-1,1
13922,83,84,-1,1
13923,75,76,-1,1
13924,92,83,9,9
13925,107,107,0,0
13926,166,153,13,13
13927,72,79,-7,7
13928,43,51,-8,8
13929,98,82,16,16
13930,141,131,10,10
13931,112,105,7,7
13932,149,143,6,6
13933,17,38,-21,21
13934,63,76,-13,13
13935,127,119,8,8
13936,128,123,5,5
13937,64,69,-5,5
13938,59,61,-2,2
13939,45,57,-12,12
13940,104,100,4,4
13941,82,79,3,3
13942,52,48,4,4
13943,96,82,14,14
13944,108,103,5,5
13945,122,118,4,4
13946,105,97,8,8
13947,72,77,-5,5
13948,75,69,6,6
13949,111,106,5,5
13950,86,87,-1,1
13951,121,115,6,6
13952,86,77,9,9
13953,66,63,3,3
13954,93,101,-8,8
13955,128,135,-7,7
13956,142,133,9,9
13957,87,76,11,11
13958,84,78,6,6
13959,103,106,-3,3
13960,113,102,11,11
13961,136,134,2,2
13962,74,75,-1,1
13963,108,119,-11,11
13964,89,90,-1,1
13965,84,85,-1,1
13966,98,94,4,4
13967,51,63,-12,12
13968,53,51,2,2
13969,88,92,-4,4
13970,96,86,10,10
13971,105,108,-3,3
13972,95,93,2,2
13973,119,118,1,1
13974,79,68,11,11
13975,110,91,19,19
13976,68,68,0,0
13977,98,99,-1,1
13978,162,211,-49,49
13979,124,122,2,2
13980,54,53,1,1
13981,89,91,-2,2
13982,55,57,-2,2
13983,147,120,27,27
13984,118,112,6,6
13985,28,52,-24,24
13986,115,111,4,4
13987,87,83,4,4
13988,129,118,11,11
13989,100,95,5,5
13990,119,116,3,3
13991,95,91,4,4
13992,130,121,9,9
13993,57,53,4,4
13994,103,96,7,7
13995,100,93,7,7
13996,95,90,5,5
13997,61,59,2,2
13998,59,69,-10,10
13999,126,127,-1,1
14000,162,173,-11,11
14001,98,96,2,2
14002,134,100,34,34
14003,118,110,8,8
14004,57,55,2,2
14005,84,98,-14,14
14006,84,91,-7,7
14007,120,126,-6,6
14008,163,161,2,2
14009,64,71,-7,7
14010,83,76,7,7
14011,69,77,-8,8
14012,135,96,39,39
14013,86,78,8,8
14014,60,59,1,1
14015,77,73,4,4
14016,92,98,-6,6
14017,85,78,7,7
14018,161,149,12,12
14019,126,115,11,11
14020,63,58,5,5
14021,93,102,-9,9
14022,73,62,11,11
14023,107,102,5,5
14024,74,75,-1,1
14025,73,62,11,11
14026,108,96,12,12
14027,182,173,9,9
14028,134,117,17,17
14029,67,79,-12,12
14030,91,87,4,4
14031,131,150,-19,19
14032,146,133,13,13
14033,80,73,7,7
14034,139,126,13,13
14035,188,191,-3,3
14036,150,154,-4,4
14037,74,71,3,3
14038,115,113,2,2
14039,87,76,11,11
14040,83,63,20,20
14041,71,67,4,4
14042,95,87,8,8
14043,110,101,9,9
14044,91,88,3,3
14045,108,102,6,6
14046,51,48,3,3
14047,71,76,-5,5
14048,50,51,-1,1
14049,66,76,-10,10
14050,56,67,-11,11
14051,108,113,-5,5
14052,114,110,4,4
14053,86,70,16,16
14054,88,79,9,9
14055,66,59,7,7
14056,111,109,2,2
14057,53,61,-8,8
14058,94,97,-3,3
14059,74,72,2,2
14060,129,132,-3,3
14061,75,80,-5,5
14062,198,190,8,8
14063,76,70,6,6
14064,94,90,4,4
14065,70,64,6,6
14066,172,155,17,17
14067,61,51,10,10
14068,80,80,0,0
14069,102,98,4,4
14070,114,110,4,4
14071,70,65,5,5
14072,75,81,-6,6
14073,112,99,13,13
14074,44,48,-4,4
14075,145,174,-29,29
14076,68,92,-24,24
14077,148,142,6,6
14078,56,56,0,0
14079,81,78,3,3
14080,73,71,2,2
14081,122,125,-3,3
14082,75,79,-4,4
14083,121,124,-3,3
14084,139,137,2,2
14085,63,71,-8,8
14086,125,120,5,5
14087,85,81,4,4
14088,112,101,11,11
14089,114,107,7,7
14090,134,123,11,11
14091,98,105,-7,7
14092,75,78,-3,3
14093,135,125,10,10
14094,96,94,2,2
14095,102,95,7,7
14096,150,148,2,2
14097,186,172,14,14
14098,63,58,5,5
14099,116,104,12,12
14100,83,77,6,6
14101,110,89,21,21
14102,104,95,9,9
14103,71,67,4,4
14104,111,127,-16,16
14105,106,107,-1,1
14106,147,144,3,3
14107,67,68,-1,1
14108,212,209,3,3
14109,83,77,6,6
14110,174,140,34,34
14111,113,113,0,0
14112,68,75,-7,7
14113,159,160,-1,1
14114,52,55,-3,3
14115,123,121,2,2
14116,112,108,4,4
14117,69,75,-6,6
14118,61,57,4,4
14119,63,65,-2,2
14120,70,71,-1,1
14121,65,68,-3,3
14122,145,147,-2,2
14123,121,117,4,4
14124,60,51,9,9
14125,187,171,16,16
14126,24,28,-4,4
14127,136,136,0,0
14128,65,73,-8,8
14129,67,72,-5,5
14130,189,196,-7,7
14131,83,96,-13,13
14132,76,75,1,1
14133,91,85,6,6
14134,74,87,-13,13
14135,55,69,-14,14
14136,107,99,8,8
14137,160,131,29,29
14138,149,135,14,14
14139,96,93,3,3
14140,88,95,-7,7
14141,118,106,12,12
14142,91,89,2,2
14143,92,87,5,5
14144,74,72,2,2
14145,118,120,-2,2
14146,81,96,-15,15
14147,95,90,5,5
14148,68,71,-3,3
14149,132,119,13,13
14150,49,41,8,8
14151,115,121,-6,6
14152,148,143,5,5
14153,109,125,-16,16
14154,104,96,8,8
14155,159,156,3,3
14156,83,68,15,15
14157,47,41,6,6
14158,92,93,-1,1
14159,101,100,1,1
14160,57,56,1,1
14161,40,49,-9,9
14162,153,146,7,7
14163,163,146,17,17
14164,66,68,-2,2
14165,90,89,1,1
14166,55,46,9,9
14167,52,69,-17,17
14168,96,94,2,2
14169,115,113,2,2
14170,47,52,-5,5
14171,77,90,-13,13
14172,76,87,-11,11
14173,115,114,1,1
14174,93,95,-2,2
14175,120,87,33,33
14176,83,83,0,0
14177,119,116,3,3
14178,40,50,-10,10
14179,47,50,-3,3
14180,55,48,7,7
14181,96,100,-4,4
14182,88,90,-2,2
14183,74,89,-15,15
14184,80,87,-7,7
14185,68,73,-5,5
14186,144,135,9,9
14187,101,94,7,7
14188,116,110,6,6
14189,63,51,12,12
14190,51,57,-6,6
14191,123,103,20,20
14192,145,137,8,8
14193,107,94,13,13
14194,109,106,3,3
14195,115,114,1,1
14196,59,56,3,3
14197,63,62,1,1
14198,190,183,7,7
14199,69,66,3,3
14200,77,72,5,5
14201,78,81,-3,3
14202,85,93,-8,8
14203,112,85,27,27
14204,82,76,6,6
14205,150,149,1,1
14206,72,76,-4,4
14207,105,105,0,0
14208,80,81,-1,1
14209,39,44,-5,5
14210,102,99,3,3
14211,68,68,0,0
14212,95,88,7,7
14213,24,25,-1,1
14214,50,46,4,4
14215,66,61,5,5
14216,69,83,-14,14
14217,120,114,6,6
14218,140,117,23,23
14219,69,71,-2,2
14220,187,158,29,29
14221,107,108,-1,1
14222,67,63,4,4
14223,126,125,1,1
14224,112,116,-4,4
14225,93,101,-8,8
14226,89,87,2,2
14227,93,102,-9,9
14228,48,36,12,12
14229,153,147,6,6
14230,67,71,-4,4
14231,48,46,2,2
14232,58,69,-11,11
14233,179,163,16,16
14234,91,88,3,3
14235,123,126,-3,3
14236,70,70,0,0
14237,32,35,-3,3
14238,96,82,14,14
14239,53,44,9,9
14240,99,100,-1,1
14241,133,116,17,17
14242,77,86,-9,9
14243,47,55,-8,8
14244,55,54,1,1
14245,85,73,12,12
14246,135,130,5,5
14247,103,94,9,9
14248,62,81,-19,19
14249,73,70,3,3
14250,117,126,-9,9
14251,112,109,3,3
14252,34,35,-1,1
14253,46,50,-4,4
14254,68,69,-1,1
14255,42,43,-1,1
14256,88,110,-22,22
14257,88,90,-2,2
14258,78,78,0,0
14259,74,80,-6,6
14260,145,132,13,13
14261,144,138,6,6
14262,146,144,2,2
14263,50,61,-11,11
14264,134,110,24,24
14265,81,62,19,19
14266,81,72,9,9
14267,64,63,1,1
14268,134,130,4,4
14269,177,177,0,0
14270,115,107,8,8
14271,105,97,8,8
14272,142,119,23,23
14273,104,100,4,4
14274,74,77,-3,3
14275,177,159,18,18
14276,47,46,1,1
14277,127,128,-1,1
14278,186,174,12,12
14279,81,88,-7,7
14280,78,82,-4,4
14281,155,139,16,16
14282,170,136,34,34
14283,97,92,5,5
14284,94,87,7,7
14285,77,85,-8,8
14286,83,73,10,10
14287,109,109,0,0
14288,92,89,3,3
14289,93,89,4,4
14290,63,82,-19,19
14291,85,83,2,2
14292,92,90,2,2
14293,68,54,14,14
14294,111,108,3,3
14295,181,169,12,12
14296,57,71,-14,14
14297,93,102,-9,9
14298,68,79,-11,11
14299,95,98,-3,3
14300,123,105,18,18
14301,58,64,-6,6
14302,159,146,13,13
14303,97,85,12,12
14304,82,81,1,1
14305,70,66,4,4
14306,87,80,7,7
14307,63,58,5,5
14308,138,128,10,10
14309,124,117,7,7
14310,90,86,4,4
14311,72,66,6,6
14312,82,91,-9,9
14313,102,112,-10,10
14314,149,123,26,26
14315,127,109,18,18
14316,127,109,18,18
14317,80,75,5,5
14318,79,74,5,5
14319,126,124,2,2
14320,160,153,7,7
14321,88,84,4,4
14322,57,52,5,5
14323,117,116,1,1
14324,88,78,10,10
14325,117,116,1,1
14326,108,105,3,3
14327,122,127,-5,5
14328,126,109,17,17
14329,137,127,10,10
14330,119,98,21,21
14331,94,88,6,6
14332,89,76,13,13
14333,65,60,5,5
14334,80,72,8,8
14335,73,70,3,3
14336,137,114,23,23
14337,112,106,6,6
14338,93,85,8,8
14339,121,112,9,9
14340,94,88,6,6
14341,74,76,-2,2
14342,126,119,7,7
14343,102,93,9,9
14344,61,59,2,2
14345,107,120,-13,13
14346,187,174,13,13
14347,129,117,12,12
14348,96,91,5,5
14349,85,76,9,9
14350,89,94,-5,5
14351,65,56,9,9
14352,67,77,-10,10
14353,95,85,10,10
14354,90,71,19,19
14355,70,88,-18,18
14356,51,53,-2,2
14357,67,85,-18,18
14358,105,97,8,8
14359,72,82,-10,10
14360,73,66,7,7
14361,90,80,10,10
14362,60,54,6,6
14363,125,116,9,9
14364,128,116,12,12
14365,114,109,5,5
14366,80,64,16,16
14367,130,114,16,16
14368,170,188,-18,18
14369,163,174,-11,11
14370,121,104,17,17
14371,65,65,0,0
14372,110,113,-3,3
14373,86,80,6,6
14374,136,134,2,2
14375,95,97,-2,2
14376,82,76,6,6
14377,117,109,8,8
14378,122,120,2,2
14379,61,57,4,4
14380,49,50,-1,1
14381,188,159,29,29
14382,61,73,-12,12
14383,164,137,27,27
14384,64,78,-14,14
14385,100,84,16,16
14386,75,76,-1,1
14387,90,81,9,9
14388,83,75,8,8
14389,74,80,-6,6
14390,88,84,4,4
14391,110,97,13,13
14392,104,96,8,8
14393,61,66,-5,5
14394,80,85,-5,5
14395,121,110,11,11
14396,72,80,-8,8
14397,80,69,11,11
14398,38,37,1,1
14399,136,116,20,20
14400,85,88,-3,3
14401,86,83,3,3
14402,129,121,8,8
14403,58,55,3,3
14404,73,78,-5,5
14405,135,134,1,1
14406,106,113,-7,7
14407,53,53,0,0
14408,54,49,5,5
14409,62,61,1,1
14410,91,87,4,4
14411,61,55,6,6
14412,56,58,-2,2
14413,53,51,2,2
14414,67,68,-1,1
14415,81,83,-2,2
14416,77,82,-5,5
14417,92,92,0,0
14418,181,172,9,9
14419,68,70,-2,2
14420,73,83,-10,10
14421,102,93,9,9
14422,85,83,2,2
14423,78,78,0,0
14424,85,77,8,8
14425,86,93,-7,7
14426,61,83,-22,22
14427,60,55,5,5
14428,70,85,-15,15
14429,63,64,-1,1
14430,141,147,-6,6
14431,82,74,8,8
14432,125,113,12,12
14433,25,27,-2,2
14434,124,111,13,13
14435,42,44,-2,2
14436,123,123,0,0
14437,50,60,-10,10
14438,94,97,-3,3
14439,175,163,12,12
14440,119,121,-2,2
14441,97,97,0,0
14442,112,107,5,5
14443,105,107,-2,2
14444,85,80,5,5
14445,117,119,-2,2
14446,140,127,13,13
14447,117,98,19,19
14448,45,45,0,0
14449,73,73,0,0
14450,71,86,-15,15
14451,41,45,-4,4
14452,134,123,11,11
14453,102,108,-6,6
14454,69,75,-6,6
14455,98,97,1,1
14456,113,103,10,10
14457,90,91,-1,1
14458,67,66,1,1
14459,83,84,-1,1
14460,64,59,5,5
14461,192,162,30,30
14462,93,76,17,17
14463,111,116,-5,5
14464,122,126,-4,4
14465,89,96,-7,7
14466,77,92,-15,15
14467,66,73,-7,7
14468,57,56,1,1
14469,84,82,2,2
14470,90,89,1,1
14471,103,98,5,5
14472,144,146,-2,2
14473,120,102,18,18
14474,105,104,1,1
14475,121,127,-6,6
14476,51,99,-48,48
14477,91,93,-2,2
14478,73,75,-2,2
14479,60,57,3,3
14480,50,51,-1,1
14481,94,96,-2,2
14482,107,102,5,5
14483,62,59,3,3
14484,77,74,3,3
14485,109,98,11,11
14486,113,104,9,9
14487,95,99,-4,4
14488,153,145,8,8
14489,146,130,16,16
14490,75,76,-1,1
14491,97,97,0,0
14492,96,91,5,5
14493,112,133,-21,21
14494,93,101,-8,8
14495,88,87,1,1
14496,143,126,17,17
14497,131,120,11,11
14498,92,99,-7,7
14499,77,71,6,6
14500,94,94,0,0
14501,60,61,-1,1
14502,70,71,-1,1
14503,73,79,-6,6
14504,115,104,11,11
14505,111,114,-3,3
14506,41,42,-1,1
14507,49,36,13,13
14508,141,138,3,3
14509,85,83,2,2
14510,89,79,10,10
14511,84,77,7,7
14512,102,96,6,6
14513,100,96,4,4
14514,72,71,1,1
14515,99,89,10,10
14516,68,64,4,4
14517,63,59,4,4
14518,156,168,-12,12
14519,113,106,7,7
14520,109,93,16,16
14521,141,132,9,9
14522,173,163,10,10
14523,95,102,-7,7
14524,89,94,-5,5
14525,103,100,3,3
14526,71,71,0,0
14527,81,81,0,0
14528,93,89,4,4
14529,138,152,-14,14
14530,94,79,15,15
14531,168,161,7,7
14532,56,60,-4,4
14533,70,67,3,3
14534,143,117,26,26
14535,115,112,3,3
14536,78,66,12,12
14537,71,69,2,2
14538,61,66,-5,5
14539,174,161,13,13
14540,136,136,0,0
14541,137,127,10,10
14542,64,62,2,2
14543,98,96,2,2
14544,61,67,-6,6
14545,79,70,9,9
14546,58,56,2,2
14547,88,86,2,2
14548,83,81,2,2
14549,58,66,-8,8
14550,113,100,13,13
14551,65,58,7,7
14552,98,107,-9,9
14553,98,89,9,9
14554,119,102,17,17
14555,81,78,3,3
14556,107,105,2,2
14557,69,63,6,6
14558,102,109,-7,7
14559,64,64,0,0
14560,92,97,-5,5
14561,91,80,11,11
14562,76,71,5,5
14563,120,113,7,7
14564,131,122,9,9
14565,73,64,9,9
14566,113,84,29,29
14567,46,47,-1,1
14568,31,30,1,1
14569,86,132,-46,46
14570,124,132,-8,8
14571,69,62,7,7
14572,103,93,10,10
14573,78,83,-5,5
14574,85,77,8,8
14575,43,46,-3,3
14576,102,95,7,7
14577,64,71,-7,7
14578,112,119,-7,7
14579,104,98,6,6
14580,116,121,-5,5
14581,72,81,-9,9
14582,86,97,-11,11
14583,45,48,-3,3
14584,90,91,-1,1
14585,204,200,4,4
14586,38,44,-6,6
14587,95,82,13,13
14588,102,106,-4,4
14589,193,195,-2,2
14590,130,121,9,9
14591,47,45,2,2
14592,132,132,0,0
14593,176,136,40,40
14594,67,69,-2,2
14595,100,100,0,0
14596,73,67,6,6
14597,44,50,-6,6
14598,65,72,-7,7
14599,34,42,-8,8
14600,56,58,-2,2
14601,87,86,1,1
14602,87,106,-19,19
14603,44,52,-8,8
14604,115,97,18,18
14605,82,81,1,1
14606,134,137,-3,3
14607,161,149,12,12
14608,61,55,6,6
14609,150,144,6,6
14610,106,98,8,8
14611,68,57,11,11
14612,106,93,13,13
14613,96,92,4,4
14614,142,145,-3,3
14615,74,69,5,5
14616,47,55,-8,8
14617,130,138,-8,8
14618,121,114,7,7
14619,104,97,7,7
14620,79,79,0,0
14621,85,81,4,4
14622,92,82,10,10
14623,52,91,-39,39
14624,144,183,-39,39
14625,92,87,5,5
14626,58,60,-2,2
14627,116,122,-6,6
14628,71,81,-10,10
14629,65,55,10,10
14630,86,71,15,15
14631,51,52,-1,1
14632,51,60,-9,9
14633,169,162,7,7
14634,117,128,-11,11
14635,94,91,3,3
14636,77,71,6,6
14637,61,54,7,7
14638,64,67,-3,3
14639,38,47,-9,9
14640,54,58,-4,4
14641,70,70,0,0
14642,77,78,-1,1
14643,127,112,15,15
14644,58,59,-1,1
14645,84,89,-5,5
14646,89,104,-15,15
14647,52,49,3,3
14648,73,71,2,2
14649,64,71,-7,7
14650,53,62,-9,9
14651,112,111,1,1
14652,92,89,3,3
14653,90,77,13,13
14654,72,69,3,3
14655,99,103,-4,4
14656,84,74,10,10
14657,90,91,-1,1
14658,135,138,-3,3
14659,91,83,8,8
14660,81,93,-12,12
14661,119,106,13,13
14662,70,82,-12,12
14663,62,60,2,2
14664,80,76,4,4
14665,69,68,1,1
14666,107,111,-4,4
14667,145,138,7,7
14668,137,124,13,13
14669,94,90,4,4
14670,158,121,37,37
14671,174,196,-22,22
14672,100,103,-3,3
14673,141,124,17,17
14674,131,128,3,3
14675,168,157,11,11
14676,98,92,6,6
14677,116,130,-14,14
14678,101,97,4,4
14679,89,110,-21,21
14680,119,111,8,8
14681,139,129,10,10
14682,25,25,0,0
14683,106,103,3,3
14684,161,165,-4,4
14685,123,118,5,5
14686,87,94,-7,7
14687,58,61,-3,3
14688,62,62,0,0
14689,89,92,-3,3
14690,81,69,12,12
14691,70,70,0,0
14692,78,79,-1,1
14693,163,155,8,8
14694,46,80,-34,34
14695,57,58,-1,1
14696,108,105,3,3
14697,148,99,49,49
14698,74,75,-1,1
14699,54,57,-3,3
14700,64,69,-5,5
14701,162,140,22,22
14702,124,118,6,6
14703,75,81,-6,6
14704,76,76,0,0
14705,81,84,-3,3
14706,56,62,-6,6
14707,90,85,5,5
14708,70,78,-8,8
14709,66,84,-18,18
14710,75,82,-7,7
14711,95,109,-14,14
14712,123,121,2,2
14713,125,120,5,5
14714,44,48,-4,4
14715,141,144,-3,3
14716,53,58,-5,5
14717,97,93,4,4
14718,100,93,7,7
14719,78,100,-22,22
14720,199,193,6,6
14721,124,112,12,12
14722,56,69,-13,13
14723,62,55,7,7
14724,109,101,8,8
14725,149,128,21,21
14726,101,103,-2,2
14727,129,112,17,17
14728,138,111,27,27
14729,118,123,-5,5
14730,151,141,10,10
14731,58,53,5,5
14732,148,146,2,2
14733,89,89,0,0
14734,93,95,-2,2
14735,111,106,5,5
14736,131,124,7,7
14737,106,98,8,8
14738,123,117,6,6
14739,119,132,-13,13
14740,106,107,-1,1
14741,121,114,7,7
14742,74,58,16,16
14743,94,91,3,3
14744,83,76,7,7
14745,159,142,17,17
14746,126,103,23,23
14747,71,71,0,0
14748,52,47,5,5
14749,139,130,9,9
14750,98,82,16,16
14751,94,96,-2,2
14752,58,50,8,8
14753,126,127,-1,1
14754,65,62,3,3
14755,98,88,10,10
14756,170,158,12,12
14757,71,77,-6,6
14758,63,70,-7,7
14759,74,76,-2,2
14760,119,101,18,18
14761,73,87,-14,14
14762,88,88,0,0
14763,96,95,1,1
14764,125,122,3,3
14765,119,113,6,6
14766,88,81,7,7
14767,98,84,14,14
14768,103,115,-12,12
14769,95,86,9,9
14770,80,79,1,1
14771,88,83,5,5
14772,50,48,2,2
14773,81,75,6,6
14774,72,63,9,9
14775,56,51,5,5
14776,54,49,5,5
14777,70,76,-6,6
14778,92,82,10,10
14779,79,82,-3,3
14780,64,66,-2,2
14781,121,117,4,4
14782,55,52,3,3
14783,110,100,10,10
14784,142,138,4,4
14785,160,150,10,10
14786,61,56,5,5
14787,59,51,8,8
14788,102,91,11,11
14789,95,83,12,12
14790,62,66,-4,4
14791,142,153,-11,11
14792,91,85,6,6
14793,114,103,11,11
14794,54,53,1,1
14795,93,98,-5,5
14796,96,91,5,5
14797,75,76,-1,1
14798,95,91,4,4
14799,59,57,2,2
14800,87,70,17,17
14801,121,106,15,15
14802,85,88,-3,3
14803,74,75,-1,1
14804,94,92,2,2
14805,117,113,4,4
14806,136,130,6,6
14807,51,55,-4,4
14808,143,131,12,12
14809,110,113,-3,3
14810,112,102,10,10
14811,59,54,5,5
14812,69,60,9,9
14813,92,87,5,5
14814,92,111,-19,19
14815,125,114,11,11
14816,93,82,11,11
14817,94,84,10,10
14818,183,154,29,29
14819,158,155,3,3
14820,126,118,8,8
14821,201,153,48,48
14822,96,96,0,0
14823,69,85,-16,16
14824,112,122,-10,10
14825,60,65,-5,5
14826,81,68,13,13
14827,229,219,10,10
14828,81,77,4,4
14829,49,50,-1,1
14830,98,91,7,7
14831,104,103,1,1
14832,117,99,18,18
14833,91,92,-1,1
14834,96,80,16,16
14835,82,79,3,3
14836,193,159,34,34
14837,75,77,-2,2
14838,101,93,8,8
14839,128,115,13,13
14840,103,97,6,6
14841,84,80,4,4
14842,162,134,28,28
14843,117,103,14,14
14844,104,108,-4,4
14845,85,85,0,0
14846,90,84,6,6
14847,67,69,-2,2
14848,91,83,8,8
14849,152,161,-9,9
14850,60,59,1,1
14851,107,99,8,8
14852,114,127,-13,13
14853,95,90,5,5
14854,85,86,-1,1
14855,72,105,-33,33
14856,66,100,-34,34
14857,81,82,-1,1
14858,112,109,3,3
14859,39,43,-4,4
14860,125,130,-5,5
14861,67,74,-7,7
14862,103,95,8,8
14863,44,62,-18,18
14864,52,46,6,6
14865,58,60,-2,2
14866,105,113,-8,8
14867,55,62,-7,7
14868,107,130,-23,23
14869,102,105,-3,3
14870,61,80,-19,19
14871,129,132,-3,3
14872,72,68,4,4
14873,144,135,9,9
14874,67,69,-2,2
14875,131,117,14,14
14876,59,62,-3,3
14877,142,134,8,8
14878,80,79,1,1
14879,95,88,7,7
14880,62,67,-5,5
14881,99,98,1,1
14882,69,89,-20,20
14883,36,41,-5,5
14884,53,61,-8,8
14885,174,155,19,19
14886,120,110,10,10
14887,60,63,-3,3
14888,44,42,2,2
14889,104,105,-1,1
14890,70,67,3,3
14891,80,75,5,5
14892,72,62,10,10
14893,114,122,-8,8
14894,110,106,4,4
14895,69,56,13,13
14896,108,102,6,6
14897,136,129,7,7
14898,62,66,-4,4
14899,170,174,-4,4
14900,109,101,8,8
14901,85,81,4,4
14902,93,81,12,12
14903,117,117,0,0
14904,102,86,16,16
14905,123,111,12,12
14906,91,102,-11,11
14907,65,69,-4,4
14908,52,55,-3,3
14909,139,118,21,21
14910,88,98,-10,10
14911,67,80,-13,13
14912,143,135,8,8
14913,153,146,7,7
14914,65,60,5,5
14915,84,83,1,1
14916,101,109,-8,8
14917,90,107,-17,17
14918,75,73,2,2
14919,95,88,7,7
14920,197,170,27,27
14921,60,63,-3,3
14922,152,145,7,7
14923,69,67,2,2
14924,79,78,1,1
14925,63,46,17,17
14926,114,110,4,4
14927,94,83,11,11
14928,107,99,8,8
14929,94,95,-1,1
14930,68,65,3,3
14931,95,97,-2,2
14932,123,103,20,20
14933,81,82,-1,1
14934,141,125,16,16
14935,78,75,3,3
14936,100,105,-5,5
14937,120,115,5,5
14938,36,42,-6,6
14939,81,86,-5,5
14940,118,95,23,23
14941,122,118,4,4
14942,80,71,9,9
14943,130,107,23,23
14944,44,38,6,6
14945,170,166,4,4
14946,74,87,-13,13
14947,66,67,-1,1
14948,192,195,-3,3
14949,84,82,2,2
14950,116,133,-17,17
14951,81,72,9,9
14952,43,39,4,4
14953,69,71,-2,2
14954,63,65,-2,2
14955,94,90,4,4
14956,84,86,-2,2
14957,56,46,10,10
14958,106,107,-1,1
14959,152,121,31,31
14960,92,84,8,8
14961,68,67,1,1
14962,87,81,6,6
14963,88,92,-4,4
14964,78,75,3,3
14965,64,75,-11,11
14966,147,135,12,12
14967,57,57,0,0
14968,81,62,19,19
14969,59,64,-5,5
14970,70,73,-3,3
14971,87,90,-3,3
14972,90,81,9,9
14973,87,64,23,23
14974,49,43,6,6
14975,160,127,33,33
14976,131,112,19,19
14977,83,79,4,4
14978,44,43,1,1
14979,44,52,-8,8
14980,52,54,-2,2
14981,102,106,-4,4
14982,69,68,1,1
14983,99,85,14,14
14984,81,84,-3,3
14985,91,93,-2,2
14986,87,76,11,11
14987,57,56,1,1
14988,82,81,1,1
14989,56,54,2,2
14990,76,67,9,9
14991,79,77,2,2
14992,78,67,11,11
14993,121,106,15,15
14994,119,100,19,19
14995,68,70,-2,2
14996,146,120,26,26
14997,106,95,11,11
14998,132,115,17,17
14999,47,54,-7,7
15000,70,66,4,4
15001,114,95,19,19
15002,71,67,4,4
15003,85,94,-9,9
15004,132,136,-4,4
15005,33,33,0,0
15006,16,59,-43,43
15007,68,73,-5,5
15008,62,70,-8,8
15009,84,88,-4,4
15010,50,57,-7,7
15011,91,88,3,3
15012,116,117,-1,1
15013,97,87,10,10
15014,126,122,4,4
15015,102,105,-3,3
15016,111,104,7,7
15017,113,103,10,10
15018,149,136,13,13
15019,87,78,9,9
15020,120,111,9,9
15021,124,120,4,4
15022,145,133,12,12
15023,78,71,7,7
15024,158,155,3,3
15025,47,56,-9,9
15026,228,184,44,44
15027,86,91,-5,5
15028,97,90,7,7
15029,105,97,8,8
15030,59,61,-2,2
15031,134,103,31,31
15032,122,124,-2,2
15033,116,118,-2,2
15034,72,75,-3,3
15035,95,103,-8,8
15036,48,47,1,1
15037,71,72,-1,1
15038,164,152,12,12
15039,80,85,-5,5
15040,96,86,10,10
15041,133,117,16,16
15042,121,116,5,5
15043,122,122,0,0
15044,99,88,11,11
15045,96,84,12,12
15046,41,51,-10,10
15047,157,127,30,30
15048,104,72,32,32
15049,65,65,0,0
15050,103,106,-3,3
15051,118,109,9,9
15052,99,92,7,7
15053,126,112,14,14
15054,106,104,2,2
15055,55,46,9,9
15056,75,73,2,2
15057,69,71,-2,2
15058,107,99,8,8
15059,122,109,13,13
15060,63,61,2,2
15061,107,94,13,13
15062,96,103,-7,7
15063,62,71,-9,9
15064,72,70,2,2
15065,152,135,17,17
15066,65,72,-7,7
15067,78,72,6,6
15068,115,111,4,4
15069,113,100,13,13
15070,113,93,20,20
15071,105,100,5,5
15072,116,115,1,1
15073,158,154,4,4
15074,57,64,-7,7
15075,141,150,-9,9
15076,82,82,0,0
15077,106,102,4,4
15078,96,87,9,9
15079,104,104,0,0
15080,98,91,7,7
15081,83,92,-9,9
15082,138,126,12,12
15083,148,139,9,9
15084,71,71,0,0
15085,90,101,-11,11
15086,134,120,14,14
15087,129,133,-4,4
15088,127,125,2,2
15089,77,75,2,2
15090,69,77,-8,8
15091,102,109,-7,7
15092,69,77,-8,8
15093,65,63,2,2
15094,102,109,-7,7
15095,56,66,-10,10
15096,123,111,12,12
15097,73,71,2,2
15098,61,65,-4,4
15099,102,116,-14,14
15100,98,92,6,6
15101,80,72,8,8
15102,85,84,1,1
15103,61,68,-7,7
15104,127,131,-4,4
15105,68,70,-2,2
15106,127,129,-2,2
15107,71,62,9,9
15108,71,64,7,7
15109,149,135,14,14
15110,91,84,7,7
15111,98,102,-4,4
15112,51,53,-2,2
15113,90,82,8,8
15114,105,118,-13,13
15115,84,85,-1,1
15116,98,91,7,7
15117,188,204,-16,16
15118,57,59,-2,2
15119,135,106,29,29
15120,107,106,1,1
15121,166,162,4,4
15122,102,92,10,10
15123,162,152,10,10
15124,74,71,3,3
15125,81,88,-7,7
15126,58,67,-9,9
15127,93,76,17,17
15128,67,57,10,10
15129,136,144,-8,8
15130,122,122,0,0
15131,114,110,4,4
15132,66,61,5,5
15133,121,110,11,11
15134,82,83,-1,1
15135,110,98,12,12
15136,63,66,-3,3
15137,108,103,5,5
15138,77,75,2,2
15139,86,75,11,11
15140,74,66,8,8
15141,101,107,-6,6
15142,114,123,-9,9
15143,105,95,10,10
15144,106,102,4,4
15145,83,81,2,2
15146,169,169,0,0
15147,71,68,3,3
15148,87,89,-2,2
15149,67,66,1,1
15150,86,100,-14,14
15151,244,239,5,5
15152,96,83,13,13
15153,136,121,15,15
15154,64,62,2,2
15155,131,136,-5,5
15156,142,134,8,8
15157,63,66,-3,3
15158,56,54,2,2
15159,65,58,7,7
15160,116,111,5,5
15161,57,51,6,6
15162,109,111,-2,2
15163,114,123,-9,9
15164,68,69,-1,1
15165,114,110,4,4
15166,64,85,-21,21
15167,112,108,4,4
15168,47,58,-11,11
15169,66,64,2,2
15170,81,85,-4,4
15171,127,125,2,2
15172,109,106,3,3
15173,72,65,7,7
15174,94,94,0,0
15175,46,48,-2,2
15176,113,99,14,14
15177,70,74,-4,4
15178,80,83,-3,3
15179,64,65,-1,1
15180,113,95,18,18
15181,56,57,-1,1
15182,112,93,19,19
15183,50,59,-9,9
15184,101,93,8,8
15185,173,160,13,13
15186,57,46,11,11
15187,104,94,10,10
15188,90,80,10,10
15189,76,82,-6,6
15190,94,86,8,8
15191,105,120,-15,15
15192,121,129,-8,8
15193,126,139,-13,13
15194,127,114,13,13
15195,116,115,1,1
15196,88,85,3,3
15197,62,72,-10,10
15198,190,191,-1,1
15199,91,104,-13,13
15200,68,71,-3,3
15201,102,95,7,7
15202,150,112,38,38
15203,85,93,-8,8
15204,45,45,0,0
15205,106,98,8,8
15206,64,63,1,1
15207,152,151,1,1
15208,124,129,-5,5
15209,77,78,-1,1
15210,80,84,-4,4
15211,68,62,6,6
15212,131,130,1,1
15213,141,128,13,13
15214,138,115,23,23
15215,139,140,-1,1
15216,54,64,-10,10
15217,81,81,0,0
15218,131,152,-21,21
15219,105,102,3,3
15220,88,78,10,10
15221,97,93,4,4
15222,132,120,12,12
15223,80,86,-6,6
15224,83,80,3,3
15225,56,62,-6,6
15226,68,75,-7,7
15227,88,78,10,10
15228,101,96,5,5
15229,123,114,9,9
15230,123,125,-2,2
15231,56,76,-20,20
15232,139,138,1,1
15233,102,99,3,3
15234,53,46,7,7
15235,145,131,14,14
15236,94,94,0,0
15237,126,119,7,7
15238,92,84,8,8
15239,82,79,3,3
15240,74,81,-7,7
15241,165,139,26,26
15242,99,102,-3,3
15243,139,147,-8,8
15244,84,71,13,13
15245,85,84,1,1
15246,63,65,-2,2
15247,174,153,21,21
15248,127,100,27,27
15249,93,107,-14,14
15250,106,100,6,6
15251,108,126,-18,18
15252,93,100,-7,7
15253,98,77,21,21
15254,91,86,5,5
15255,68,62,6,6
15256,98,91,7,7
15257,264,237,27,27
15258,105,93,12,12
15259,71,69,2,2
15260,57,49,8,8
15261,99,95,4,4
15262,87,78,9,9
15263,109,110,-1,1
15264,132,132,0,0
15265,66,74,-8,8
15266,99,96,3,3
15267,70,65,5,5
15268,111,109,2,2
15269,124,118,6,6
15270,53,57,-4,4
15271,113,101,12,12
15272,69,62,7,7
15273,69,74,-5,5
15274,80,87,-7,7
15275,87,91,-4,4
15276,117,104,13,13
15277,105,95,10,10
15278,64,59,5,5
15279,41,40,1,1
15280,60,58,2,2
15281,93,85,8,8
15282,74,64,10,10
15283,100,87,13,13
15284,75,81,-6,6
15285,117,101,16,16
15286,129,127,2,2
15287,145,143,2,2
15288,102,105,-3,3
15289,147,131,16,16
15290,55,52,3,3
15291,91,93,-2,2
15292,46,60,-14,14
15293,211,193,18,18
15294,125,111,14,14
15295,76,75,1,1
15296,84,77,7,7
15297,104,101,3,3
15298,62,64,-2,2
15299,77,82,-5,5
15300,100,93,7,7
15301,83,86,-3,3
15302,90,87,3,3
15303,181,150,31,31
15304,132,141,-9,9
15305,88,82,6,6
15306,85,84,1,1
15307,69,74,-5,5
15308,59,53,6,6
15309,42,41,1,1
15310,138,134,4,4
15311,75,77,-2,2
15312,116,120,-4,4
15313,76,90,-14,14
15314,85,83,2,2
15315,60,60,0,0
15316,101,119,-18,18
15317,117,119,-2,2
15318,73,76,-3,3
15319,65,70,-5,5
15320,136,137,-1,1
15321,40,40,0,0
15322,61,59,2,2
15323,138,134,4,4
15324,55,57,-2,2
15325,87,76,11,11
15326,60,58,2,2
15327,42,43,-1,1
15328,184,193,-9,9
15329,136,135,1,1
15330,46,52,-6,6
15331,157,115,42,42
15332,99,101,-2,2
15333,64,58,6,6
15334,95,89,6,6
15335,138,131,7,7
15336,63,70,-7,7
15337,72,65,7,7
15338,52,60,-8,8
15339,90,89,1,1
15340,78,92,-14,14
15341,97,101,-4,4
15342,118,116,2,2
15343,89,87,2,2
15344,55,58,-3,3
15345,109,104,5,5
15346,64,75,-11,11
15347,103,91,12,12
15348,96,92,4,4
15349,101,90,11,11
15350,130,124,6,6
15351,67,83,-16,16
15352,65,68,-3,3
15353,80,83,-3,3
15354,90,86,4,4
15355,86,76,10,10
15356,62,62,0,0
15357,162,155,7,7
15358,107,110,-3,3
15359,42,39,3,3
15360,104,100,4,4
15361,125,119,6,6
15362,93,90,3,3
15363,163,186,-23,23
15364,42,59,-17,17
15365,127,112,15,15
15366,94,102,-8,8
15367,88,94,-6,6
15368,147,149,-2,2
15369,155,146,9,9
15370,107,92,15,15
15371,65,61,4,4
15372,94,106,-12,12
15373,77,77,0,0
15374,128,129,-1,1
15375,70,70,0,0
15376,51,61,-10,10
15377,101,102,-1,1
15378,108,96,12,12
15379,169,162,7,7
15380,56,58,-2,2
15381,114,100,14,14
15382,129,140,-11,11
15383,98,91,7,7
15384,62,61,1,1
15385,52,53,-1,1
15386,125,123,2,2
15387,123,114,9,9
15388,107,102,5,5
15389,100,103,-3,3
15390,153,171,-18,18
15391,81,76,5,5
15392,82,96,-14,14
15393,97,99,-2,2
15394,28,32,-4,4
15395,123,129,-6,6
15396,66,71,-5,5
15397,91,89,2,2
15398,95,82,13,13
15399,66,73,-7,7
15400,105,102,3,3
15401,64,70,-6,6
15402,106,96,10,10
15403,136,113,23,23
15404,87,83,4,4
15405,71,66,5,5
15406,116,113,3,3
15407,88,89,-1,1
15408,53,52,1,1
15409,126,110,16,16
15410,144,130,14,14
15411,74,84,-10,10
15412,63,72,-9,9
15413,72,72,0,0
15414,73,57,16,16
15415,76,78,-2,2
15416,88,79,9,9
15417,78,81,-3,3
15418,103,100,3,3
15419,76,70,6,6
15420,41,75,-34,34
15421,231,210,21,21
15422,134,129,5,5
15423,126,99,27,27
15424,138,131,7,7
15425,103,110,-7,7
15426,90,89,1,1
15427,73,70,3,3
15428,63,77,-14,14
15429,81,91,-10,10
15430,120,108,12,12
15431,92,99,-7,7
15432,100,94,6,6
15433,51,61,-10,10
15434,116,112,4,4
15435,97,91,6,6
15436,87,82,5,5
15437,138,128,10,10
15438,52,58,-6,6
15439,36,39,-3,3
15440,167,163,4,4
15441,80,89,-9,9
15442,117,113,4,4
15443,91,82,9,9
15444,163,153,10,10
15445,112,118,-6,6
15446,75,80,-5,5
15447,119,115,4,4
15448,61,62,-1,1
15449,71,58,13,13
15450,117,116,1,1
15451,115,127,-12,12
15452,99,99,0,0
15453,125,123,2,2
15454,100,94,6,6
15455,153,156,-3,3
15456,146,148,-2,2
15457,157,144,13,13
15458,104,109,-5,5
15459,130,119,11,11
15460,137,130,7,7
15461,105,109,-4,4
15462,101,90,11,11
15463,110,111,-1,1
15464,97,94,3,3
15465,87,84,3,3
15466,107,102,5,5
15467,87,84,3,3
15468,90,76,14,14
15469,90,88,2,2
15470,118,115,3,3
15471,57,68,-11,11
15472,108,109,-1,1
15473,51,57,-6,6
15474,56,79,-23,23
15475,53,64,-11,11
15476,55,64,-9,9
15477,68,76,-8,8
15478,61,65,-4,4
15479,142,139,3,3
15480,83,79,4,4
15481,56,58,-2,2
15482,60,68,-8,8
15483,59,61,-2,2
15484,119,120,-1,1
15485,60,64,-4,4
15486,60,60,0,0
15487,106,92,14,14
15488,78,90,-12,12
15489,83,78,5,5
15490,63,58,5,5
15491,147,148,-1,1
15492,182,152,30,30
15493,129,124,5,5
15494,97,98,-1,1
15495,115,108,7,7
15496,105,109,-4,4
15497,102,108,-6,6
15498,127,131,-4,4
15499,157,157,0,0
15500,84,79,5,5
15501,152,132,20,20
15502,74,77,-3,3
15503,79,71,8,8
15504,123,124,-1,1
15505,135,122,13,13
15506,82,80,2,2
15507,111,108,3,3
15508,62,84,-22,22
15509,59,68,-9,9
15510,77,86,-9,9
15511,63,71,-8,8
15512,81,87,-6,6
15513,56,58,-2,2
15514,69,63,6,6
15515,65,72,-7,7
15516,82,81,1,1
15517,91,91,0,0
15518,190,170,20,20
15519,185,179,6,6
15520,131,116,15,15
15521,65,64,1,1
15522,158,146,12,12
15523,144,147,-3,3
15524,73,80,-7,7
15525,80,73,7,7
15526,152,123,29,29
15527,62,62,0,0
15528,64,64,0,0
15529,65,68,-3,3
15530,146,139,7,7
15531,124,114,10,10
15532,108,99,9,9
15533,131,130,1,1
15534,107,110,-3,3
15535,104,100,4,4
15536,78,70,8,8
15537,115,113,2,2
15538,159,154,5,5
15539,103,102,1,1
15540,101,105,-4,4
15541,63,56,7,7
15542,160,160,0,0
15543,61,60,1,1
15544,60,64,-4,4
15545,130,128,2,2
15546,96,93,3,3
15547,84,84,0,0
15548,93,83,10,10
15549,110,108,2,2
15550,66,62,4,4
15551,77,80,-3,3
15552,103,100,3,3
15553,78,78,0,0
15554,147,151,-4,4
15555,87,96,-9,9
15556,84,77,7,7
15557,83,86,-3,3
15558,69,65,4,4
15559,180,195,-15,15
15560,140,135,5,5
15561,57,61,-4,4
15562,120,110,10,10
15563,62,63,-1,1
15564,79,80,-1,1
15565,127,127,0,0
15566,64,76,-12,12
15567,81,76,5,5
15568,100,99,1,1
15569,118,118,0,0
15570,85,70,15,15
15571,77,84,-7,7
15572,104,92,12,12
15573,72,71,1,1
15574,101,98,3,3
15575,95,98,-3,3
15576,98,94,4,4
15577,62,57,5,5
15578,98,91,7,7
15579,113,126,-13,13
15580,62,68,-6,6
15581,52,59,-7,7
15582,112,114,-2,2
15583,80,85,-5,5
15584,106,110,-4,4
15585,63,64,-1,1
15586,49,56,-7,7
15587,72,70,2,2
15588,117,103,14,14
15589,116,107,9,9
15590,94,95,-1,1
15591,95,97,-2,2
15592,83,89,-6,6
15593,119,120,-1,1
15594,106,110,-4,4
15595,92,82,10,10
15596,70,80,-10,10
15597,133,123,10,10
15598,64,61,3,3
15599,169,160,9,9
15600,93,85,8,8
15601,102,108,-6,6
15602,87,86,1,1
15603,71,71,0,0
15604,62,72,-10,10
15605,59,50,9,9
15606,85,89,-4,4
15607,72,70,2,2
15608,50,47,3,3
15609,92,92,0,0
15610,127,118,9,9
15611,57,54,3,3
15612,107,97,10,10
15613,65,63,2,2
15614,82,83,-1,1
15615,81,85,-4,4
15616,98,96,2,2
15617,82,77,5,5
15618,110,133,-23,23
15619,166,162,4,4
15620,107,102,5,5
15621,50,50,0,0
15622,148,130,18,18
15623,70,78,-8,8
15624,100,88,12,12
15625,108,98,10,10
15626,113,106,7,7
15627,53,60,-7,7
15628,126,128,-2,2
15629,72,75,-3,3
15630,197,199,-2,2
15631,47,44,3,3
15632,89,79,10,10
15633,143,126,17,17
15634,119,120,-1,1
15635,76,83,-7,7
15636,73,81,-8,8
15637,68,75,-7,7
15638,111,103,8,8
15639,121,101,20,20
15640,92,98,-6,6
15641,113,105,8,8
15642,98,90,8,8
15643,152,160,-8,8
15644,80,79,1,1
15645,82,85,-3,3
15646,128,109,19,19
15647,49,53,-4,4
15648,128,128,0,0
15649,63,69,-6,6
15650,52,55,-3,3
15651,89,83,6,6
15652,68,63,5,5
15653,109,102,7,7
15654,83,79,4,4
15655,97,98,-1,1
15656,73,71,2,2
15657,75,73,2,2
15658,127,114,13,13
15659,52,84,-32,32
15660,69,51,18,18
15661,152,131,21,21
15662,87,74,13,13
15663,130,111,19,19
15664,72,83,-11,11
15665,114,114,0,0
15666,75,85,-10,10
15667,136,128,8,8
15668,77,80,-3,3
15669,88,78,10,10
15670,64,72,-8,8
15671,90,74,16,16
15672,174,179,-5,5
15673,57,71,-14,14
15674,56,65,-9,9
15675,78,74,4,4
15676,81,79,2,2
15677,67,56,11,11
15678,123,107,16,16
15679,146,141,5,5
15680,123,123,0,0
15681,98,101,-3,3
15682,61,54,7,7
15683,109,103,6,6
15684,76,79,-3,3
15685,121,119,2,2
15686,81,82,-1,1
15687,38,44,-6,6
15688,70,89,-19,19
15689,83,75,8,8
15690,100,90,10,10
15691,79,87,-8,8
15692,98,98,0,0
15693,79,74,5,5
15694,196,174,22,22
15695,137,132,5,5
15696,67,59,8,8
15697,87,81,6,6
15698,79,73,6,6
15699,84,94,-10,10
15700,104,114,-10,10
15701,105,116,-11,11
15702,113,107,6,6
15703,54,45,9,9
15704,77,77,0,0
15705,124,120,4,4
15706,103,106,-3,3
15707,175,153,22,22
15708,67,60,7,7
15709,86,85,1,1
15710,65,69,-4,4
15711,74,65,9,9
15712,85,64,21,21
15713,77,78,-1,1
15714,94,96,-2,2
15715,163,149,14,14
15716,107,103,4,4
15717,126,122,4,4
15718,97,100,-3,3
15719,80,70,10,10
15720,150,150,0,0
15721,67,71,-4,4
15722,120,93,27,27
15723,86,91,-5,5
15724,80,74,6,6
15725,79,74,5,5
15726,98,93,5,5
15727,100,101,-1,1
15728,105,108,-3,3
15729,140,159,-19,19
15730,110,96,14,14
15731,101,89,12,12
15732,50,44,6,6
15733,132,119,13,13
15734,160,157,3,3
15735,119,99,20,20
15736,94,91,3,3
15737,83,80,3,3
15738,92,84,8,8
15739,76,67,9,9
15740,103,98,5,5
15741,93,88,5,5
15742,67,63,4,4
15743,104,119,-15,15
15744,123,118,5,5
15745,90,80,10,10
15746,75,81,-6,6
15747,120,128,-8,8
15748,66,59,7,7
15749,106,104,2,2
15750,120,104,16,16
15751,98,84,14,14
15752,105,108,-3,3
15753,97,101,-4,4
15754,101,87,14,14
15755,80,81,-1,1
15756,87,89,-2,2
15757,68,70,-2,2
15758,160,156,4,4
15759,77,87,-10,10
15760,65,66,-1,1
15761,90,89,1,1
15762,34,38,-4,4
15763,90,94,-4,4
15764,83,81,2,2
15765,47,45,2,2
15766,47,63,-16,16
15767,106,117,-11,11
15768,63,63,0,0
15769,96,96,0,0
15770,108,111,-3,3
15771,85,84,1,1
15772,157,129,28,28
15773,90,76,14,14
15774,116,115,1,1
15775,132,126,6,6
15776,123,109,14,14
15777,118,111,7,7
15778,45,52,-7,7
15779,60,70,-10,10
15780,179,152,27,27
15781,111,111,0,0
15782,118,117,1,1
15783,87,91,-4,4
15784,51,62,-11,11
15785,37,48,-11,11
15786,91,89,2,2
15787,69,69,0,0
15788,130,116,14,14
15789,102,113,-11,11
15790,93,97,-4,4
15791,129,127,2,2
15792,54,50,4,4
15793,70,71,-1,1
15794,125,109,16,16
15795,59,64,-5,5
15796,46,42,4,4
15797,64,68,-4,4
15798,113,96,17,17
15799,110,92,18,18
15800,46,52,-6,6
15801,134,140,-6,6
15802,71,88,-17,17
15803,143,138,5,5
15804,63,67,-4,4
15805,120,123,-3,3
15806,86,75,11,11
15807,74,84,-10,10
15808,118,120,-2,2
15809,61,57,4,4
15810,65,60,5,5
15811,136,114,22,22
15812,85,85,0,0
15813,105,83,22,22
15814,146,136,10,10
15815,98,108,-10,10
15816,30,38,-8,8
15817,76,75,1,1
15818,148,138,10,10
15819,126,115,11,11
15820,121,113,8,8
15821,173,131,42,42
15822,68,76,-8,8
15823,100,107,-7,7
15824,109,106,3,3
15825,73,80,-7,7
15826,97,94,3,3
15827,92,93,-1,1
15828,97,88,9,9
15829,88,94,-6,6
15830,159,140,19,19
15831,104,101,3,3
15832,65,67,-2,2
15833,84,76,8,8
15834,82,80,2,2
15835,100,107,-7,7
15836,105,100,5,5
15837,70,80,-10,10
15838,77,67,10,10
15839,111,106,5,5
15840,96,81,15,15
15841,98,104,-6,6
15842,89,89,0,0
15843,62,66,-4,4
15844,144,125,19,19
15845,134,109,25,25
15846,96,92,4,4
15847,64,72,-8,8
15848,74,68,6,6
15849,113,112,1,1
15850,125,131,-6,6
15851,122,113,9,9
15852,66,75,-9,9
15853,46,44,2,2
15854,115,117,-2,2
15855,59,43,16,16
15856,76,73,3,3
15857,97,92,5,5
15858,125,124,1,1
15859,138,111,27,27
15860,24,27,-3,3
15861,34,30,4,4
15862,77,74,3,3
15863,112,119,-7,7
15864,123,116,7,7
15865,88,86,2,2
15866,130,124,6,6
15867,108,100,8,8
15868,52,50,2,2
15869,112,112,0,0
15870,41,41,0,0
15871,68,70,-2,2
15872,111,107,4,4
15873,97,97,0,0
15874,73,75,-2,2
15875,75,73,2,2
15876,79,90,-11,11
15877,62,64,-2,2
15878,75,88,-13,13
15879,128,118,10,10
15880,113,115,-2,2
15881,49,47,2,2
15882,65,64,1,1
15883,64,69,-5,5
15884,97,109,-12,12
15885,117,102,15,15
15886,62,67,-5,5
15887,75,94,-19,19
15888,80,79,1,1
15889,63,72,-9,9
15890,50,58,-8,8
15891,112,107,5,5
15892,129,124,5,5
15893,78,74,4,4
15894,102,98,4,4
15895,101,89,12,12
15896,67,71,-4,4
15897,49,44,5,5
15898,184,177,7,7
15899,81,79,2,2
15900,70,65,5,5
15901,95,83,12,12
15902,111,104,7,7
15903,141,129,12,12
15904,105,120,-15,15
15905,54,45,9,9
15906,78,83,-5,5
15907,155,140,15,15
15908,134,130,4,4
15909,88,80,8,8
15910,66,75,-9,9
15911,64,62,2,2
15912,60,72,-12,12
15913,94,82,12,12
15914,103,91,12,12
15915,146,138,8,8
15916,74,82,-8,8
15917,73,67,6,6
15918,62,67,-5,5
15919,103,98,5,5
15920,126,116,10,10
15921,96,79,17,17
15922,160,145,15,15
15923,118,113,5,5
15924,128,115,13,13
15925,191,181,10,10
15926,123,110,13,13
15927,107,109,-2,2
15928,55,51,4,4
15929,47,48,-1,1
15930,55,61,-6,6
15931,58,65,-7,7
15932,107,107,0,0
15933,76,71,5,5
15934,96,85,11,11
15935,57,53,4,4
15936,110,113,-3,3
15937,79,69,10,10
15938,65,67,-2,2
15939,123,110,13,13
15940,61,51,10,10
15941,65,70,-5,5
15942,113,109,4,4
15943,49,45,4,4
15944,82,88,-6,6
15945,98,95,3,3
15946,75,75,0,0
15947,112,113,-1,1
15948,113,97,16,16
15949,94,89,5,5
15950,58,56,2,2
15951,64,68,-4,4
15952,105,110,-5,5
15953,101,100,1,1
15954,68,75,-7,7
15955,101,93,8,8
15956,52,51,1,1
15957,70,68,2,2
15958,97,125,-28,28
15959,117,106,11,11
15960,68,72,-4,4
15961,127,105,22,22
15962,69,78,-9,9
15963,90,94,-4,4
15964,40,56,-16,16
15965,114,102,12,12
15966,98,93,5,5
15967,66,71,-5,5
15968,67,81,-14,14
15969,190,195,-5,5
15970,104,98,6,6
15971,74,76,-2,2
15972,69,53,16,16
15973,86,87,-1,1
15974,102,90,12,12
15975,122,115,7,7
15976,142,119,23,23
15977,103,90,13,13
15978,164,154,10,10
15979,110,123,-13,13
15980,64,56,8,8
15981,74,70,4,4
15982,61,51,10,10
15983,63,66,-3,3
15984,100,93,7,7
15985,107,106,1,1
15986,102,95,7,7
15987,31,32,-1,1
15988,147,118,29,29
15989,60,63,-3,3
15990,86,79,7,7
15991,114,126,-12,12
15992,103,111,-8,8
15993,75,86,-11,11
15994,95,108,-13,13
15995,87,78,9,9
15996,99,87,12,12
15997,114,104,10,10
15998,76,88,-12,12
15999,120,122,-2,2
16000,90,79,11,11
16001,64,63,1,1
16002,113,107,6,6
16003,66,64,2,2
16004,123,109,14,14
16005,132,120,12,12
16006,124,105,19,19
16007,56,58,-2,2
16008,125,134,-9,9
16009,101,106,-5,5
16010,89,80,9,9
16011,57,76,-19,19
16012,98,98,0,0
16013,101,96,5,5
16014,82,96,-14,14
16015,128,134,-6,6
16016,56,69,-13,13
16017,162,164,-2,2
16018,84,89,-5,5
16019,79,72,7,7
16020,53,58,-5,5
16021,55,55,0,0
16022,62,60,2,2
16023,73,73,0,0
16024,42,38,4,4
16025,127,132,-5,5
16026,52,51,1,1
16027,121,122,-1,1
16028,75,84,-9,9
16029,89,79,10,10
16030,64,60,4,4
16031,36,33,3,3
16032,89,77,12,12
16033,72,61,11,11
16034,148,147,1,1
16035,106,102,4,4
16036,158,158,0,0
16037,131,124,7,7
16038,130,128,2,2
16039,77,71,6,6
16040,136,124,12,12
16041,102,97,5,5
16042,86,83,3,3
16043,89,79,10,10
16044,101,96,5,5
16045,99,94,5,5
16046,100,86,14,14
16047,69,83,-14,14
16048,92,80,12,12
16049,69,67,2,2
16050,128,117,11,11
16051,151,141,10,10
16052,39,33,6,6
16053,44,56,-12,12
16054,74,78,-4,4
16055,82,72,10,10
16056,140,128,12,12
16057,120,103,17,17
16058,79,59,20,20
16059,89,90,-1,1
16060,158,187,-29,29
16061,105,128,-23,23
16062,113,103,10,10
16063,58,53,5,5
16064,95,87,8,8
16065,82,81,1,1
16066,140,127,13,13
16067,66,73,-7,7
16068,94,92,2,2
16069,116,109,7,7
16070,70,77,-7,7
16071,90,89,1,1
16072,73,87,-14,14
16073,62,99,-37,37
16074,55,53,2,2
16075,87,84,3,3
16076,97,94,3,3
16077,75,70,5,5
16078,113,114,-1,1
16079,148,126,22,22
16080,144,170,-26,26
16081,64,57,7,7
16082,117,103,14,14
16083,89,82,7,7
16084,106,99,7,7
16085,130,109,21,21
16086,91,99,-8,8
16087,52,50,2,2
16088,54,57,-3,3
16089,117,101,16,16
16090,127,132,-5,5
16091,104,88,16,16
16092,122,114,8,8
16093,67,59,8,8
16094,73,78,-5,5
16095,84,86,-2,2
16096,63,60,3,3
16097,199,193,6,6
16098,138,156,-18,18
16099,85,90,-5,5
16100,112,110,2,2
16101,100,100,0,0
16102,184,189,-5,5
16103,90,84,6,6
16104,55,52,3,3
16105,142,128,14,14
16106,124,119,5,5
16107,83,99,-16,16
16108,79,90,-11,11
16109,52,69,-17,17
16110,92,93,-1,1
16111,71,77,-6,6
16112,47,43,4,4
16113,83,79,4,4
16114,68,72,-4,4
16115,65,73,-8,8
16116,99,92,7,7
16117,114,110,4,4
16118,98,100,-2,2
16119,84,97,-13,13
16120,181,154,27,27
16121,51,53,-2,2
16122,95,75,20,20
16123,77,68,9,9
16124,70,72,-2,2
16125,103,85,18,18
16126,106,98,8,8
16127,70,73,-3,3
16128,92,88,4,4
16129,104,113,-9,9
16130,49,56,-7,7
16131,62,77,-15,15
16132,52,58,-6,6
16133,88,77,11,11
16134,84,75,9,9
16135,80,82,-2,2
16136,55,55,0,0
16137,84,75,9,9
16138,158,142,16,16
16139,76,74,2,2
16140,58,65,-7,7
16141,94,80,14,14
16142,44,43,1,1
16143,96,88,8,8
16144,134,122,12,12
16145,124,117,7,7
16146,137,135,2,2
16147,139,131,8,8
16148,40,38,2,2
16149,64,65,-1,1
16150,100,96,4,4
16151,90,91,-1,1
16152,88,72,16,16
16153,80,76,4,4
16154,67,62,5,5
16155,96,91,5,5
16156,74,68,6,6
16157,80,62,18,18
16158,54,56,-2,2
16159,133,123,10,10
16160,71,68,3,3
16161,151,136,15,15
16162,150,142,8,8
16163,107,104,3,3
16164,104,105,-1,1
16165,96,90,6,6
16166,164,157,7,7
16167,61,73,-12,12
16168,95,89,6,6
16169,120,111,9,9
16170,107,101,6,6
16171,116,95,21,21
16172,89,83,6,6
16173,42,40,2,2
16174,74,72,2,2
16175,100,95,5,5
16176,66,60,6,6
16177,105,107,-2,2
16178,108,91,17,17
16179,144,146,-2,2
16180,118,117,1,1
16181,82,75,7,7
16182,164,150,14,14
16183,125,129,-4,4
16184,68,63,5,5
16185,102,108,-6,6
16186,109,115,-6,6
16187,111,95,16,16
16188,115,107,8,8
16189,58,46,12,12
16190,109,99,10,10
16191,90,96,-6,6
16192,99,90,9,9
16193,124,139,-15,15
16194,147,109,38,38
16195,67,70,-3,3
16196,89,88,1,1
16197,77,65,12,12
16198,106,113,-7,7
16199,78,78,0,0
16200,58,72,-14,14
16201,119,108,11,11
16202,74,79,-5,5
16203,80,92,-12,12
16204,143,136,7,7
16205,160,131,29,29
16206,117,112,5,5
16207,79,70,9,9
16208,103,99,4,4
16209,88,72,16,16
16210,74,77,-3,3
16211,96,98,-2,2
16212,94,96,-2,2
16213,66,65,1,1
16214,43,52,-9,9
16215,137,124,13,13
16216,89,82,7,7
16217,95,95,0,0
16218,172,179,-7,7
16219,37,42,-5,5
16220,75,73,2,2
16221,112,110,2,2
16222,98,102,-4,4
16223,137,131,6,6
16224,122,110,12,12
16225,55,49,6,6
16226,65,65,0,0
16227,105,112,-7,7
16228,67,72,-5,5
16229,115,100,15,15
16230,35,48,-13,13
16231,95,90,5,5
16232,62,53,9,9
16233,60,61,-1,1
16234,142,125,17,17
16235,74,86,-12,12
16236,100,92,8,8
16237,179,97,82,82
16238,173,154,19,19
16239,161,160,1,1
16240,76,85,-9,9
16241,79,85,-6,6
16242,116,97,19,19
16243,58,70,-12,12
16244,83,95,-12,12
16245,48,54,-6,6
16246,74,71,3,3
16247,57,64,-7,7
16248,84,82,2,2
16249,114,102,12,12
16250,72,70,2,2
16251,96,98,-2,2
16252,113,125,-12,12
16253,105,95,10,10
16254,149,131,18,18
16255,62,68,-6,6
16256,72,64,8,8
16257,77,78,-1,1
16258,152,138,14,14
16259,94,88,6,6
16260,115,112,3,3
16261,56,45,11,11
16262,65,67,-2,2
16263,111,107,4,4
16264,73,76,-3,3
16265,75,72,3,3
16266,90,84,6,6
16267,121,127,-6,6
16268,111,98,13,13
16269,179,165,14,14
16270,136,137,-1,1
16271,111,112,-1,1
16272,35,65,-30,30
16273,90,92,-2,2
16274,58,60,-2,2
16275,172,165,7,7
16276,77,76,1,1
16277,81,80,1,1
16278,31,30,1,1
16279,87,91,-4,4
16280,63,79,-16,16
16281,114,100,14,14
16282,96,93,3,3
16283,83,80,3,3
16284,117,128,-11,11
16285,121,111,10,10
16286,89,91,-2,2
16287,106,107,-1,1
16288,108,98,10,10
16289,121,116,5,5
16290,160,144,16,16
16291,110,106,4,4
16292,87,73,14,14
16293,107,102,5,5
16294,117,126,-9,9
16295,74,75,-1,1
16296,96,94,2,2
16297,133,127,6,6
16298,81,91,-10,10
16299,81,76,5,5
16300,76,78,-2,2
16301,57,63,-6,6
16302,131,137,-6,6
16303,91,79,12,12
16304,39,40,-1,1
16305,119,107,12,12
16306,138,126,12,12
16307,105,115,-10,10
16308,77,71,6,6
16309,132,138,-6,6
16310,58,64,-6,6
16311,42,42,0,0
16312,67,70,-3,3
16313,54,58,-4,4
16314,74,77,-3,3
16315,95,92,3,3
16316,73,60,13,13
16317,75,105,-30,30
16318,58,56,2,2
16319,112,101,11,11
16320,114,97,17,17
16321,118,120,-2,2
16322,63,60,3,3
16323,59,70,-11,11
16324,56,57,-1,1
16325,66,58,8,8
16326,64,64,0,0
16327,100,87,13,13
16328,97,92,5,5
16329,155,146,9,9
16330,93,82,11,11
16331,123,119,4,4
16332,89,77,12,12
16333,76,80,-4,4
16334,178,185,-7,7
16335,67,71,-4,4
16336,112,101,11,11
16337,105,96,9,9
16338,95,88,7,7
16339,81,86,-5,5
16340,67,78,-11,11
16341,79,79,0,0
16342,117,127,-10,10
16343,72,70,2,2
16344,103,97,6,6
16345,109,101,8,8
16346,59,70,-11,11
16347,101,93,8,8
16348,112,107,5,5
16349,158,140,18,18
16350,119,120,-1,1
16351,92,88,4,4
16352,38,43,-5,5
16353,66,71,-5,5
16354,69,86,-17,17
16355,51,58,-7,7
16356,200,143,57,57
16357,93,79,14,14
16358,97,93,4,4
16359,171,128,43,43
16360,65,68,-3,3
16361,102,103,-1,1
16362,72,72,0,0
16363,55,56,-1,1
16364,118,94,24,24
16365,86,81,5,5
16366,135,123,12,12
16367,78,69,9,9
16368,115,118,-3,3
16369,140,142,-2,2
16370,61,67,-6,6
16371,48,58,-10,10
16372,78,76,2,2
16373,195,202,-7,7
16374,48,53,-5,5
16375,71,66,5,5
16376,126,118,8,8
16377,207,192,15,15
16378,111,96,15,15
16379,75,90,-15,15
16380,106,95,11,11
16381,84,76,8,8
16382,140,133,7,7
16383,77,96,-19,19
16384,88,86,2,2
16385,63,57,6,6
16386,146,136,10,10
16387,43,41,2,2
16388,87,87,0,0
16389,63,63,0,0
16390,92,97,-5,5
16391,64,70,-6,6
16392,107,104,3,3
16393,114,107,7,7
16394,76,69,7,7
16395,108,114,-6,6
16396,61,51,10,10
16397,157,151,6,6
16398,161,152,9,9
16399,81,76,5,5
16400,42,40,2,2
16401,120,97,23,23
16402,118,99,19,19
16403,99,98,1,1
16404,78,65,13,13
16405,39,39,0,0
16406,62,62,0,0
16407,93,84,9,9
16408,51,54,-3,3
16409,63,86,-23,23
16410,131,141,-10,10
16411,117,98,19,19
16412,96,83,13,13
16413,158,147,11,11
16414,88,87,1,1
16415,77,81,-4,4
16416,84,79,5,5
16417,123,123,0,0
16418,84,77,7,7
16419,122,124,-2,2
16420,88,91,-3,3
16421,73,73,0,0
16422,198,207,-9,9
16423,87,75,12,12
16424,76,88,-12,12
16425,85,86,-1,1
16426,86,89,-3,3
16427,161,145,16,16
16428,132,113,19,19
16429,65,64,1,1
16430,65,66,-1,1
16431,155,145,10,10
16432,94,100,-6,6
16433,91,83,8,8
16434,94,112,-18,18
16435,132,122,10,10
16436,74,81,-7,7
16437,134,131,3,3
16438,186,192,-6,6
16439,117,110,7,7
16440,128,122,6,6
16441,49,46,3,3
16442,52,53,-1,1
16443,54,56,-2,2
16444,49,56,-7,7
16445,61,71,-10,10
16446,87,84,3,3
16447,121,123,-2,2
16448,110,108,2,2
16449,29,33,-4,4
16450,75,79,-4,4
16451,119,126,-7,7
16452,100,94,6,6
16453,73,90,-17,17
16454,71,80,-9,9
16455,61,71,-10,10
16456,91,104,-13,13
16457,68,83,-15,15
16458,79,93,-14,14
16459,141,146,-5,5
16460,89,91,-2,2
16461,132,124,8,8
16462,110,108,2,2
16463,70,72,-2,2
16464,49,48,1,1
16465,99,99,0,0
16466,60,56,4,4
16467,94,94,0,0
16468,89,90,-1,1
16469,149,139,10,10
16470,78,74,4,4
16471,133,133,0,0
16472,134,126,8,8
16473,65,74,-9,9
16474,117,104,13,13
16475,96,88,8,8
16476,130,113,17,17
16477,138,130,8,8
16478,85,85,0,0
16479,128,128,0,0
16480,84,83,1,1
16481,127,123,4,4
16482,67,68,-1,1
16483,149,172,-23,23
16484,77,71,6,6
16485,91,89,2,2
16486,137,126,11,11
16487,142,132,10,10
16488,68,74,-6,6
16489,129,129,0,0
16490,120,112,8,8
16491,38,45,-7,7
16492,109,105,4,4
16493,101,97,4,4
16494,66,102,-36,36
16495,61,54,7,7
16496,107,102,5,5
16497,112,97,15,15
16498,114,114,0,0
16499,96,93,3,3
16500,136,133,3,3
16501,60,63,-3,3
16502,108,100,8,8
16503,109,119,-10,10
16504,98,96,2,2
16505,53,74,-21,21
16506,68,67,1,1
16507,114,111,3,3
16508,181,181,0,0
16509,121,106,15,15
16510,67,70,-3,3
16511,78,71,7,7
16512,74,77,-3,3
16513,47,46,1,1
16514,113,110,3,3
16515,41,33,8,8
16516,57,57,0,0
16517,68,59,9,9
16518,88,89,-1,1
16519,76,97,-21,21
16520,96,94,2,2
16521,45,46,-1,1
16522,119,110,9,9
16523,104,107,-3,3
16524,111,106,5,5
16525,62,61,1,1
16526,94,92,2,2
16527,86,77,9,9
16528,78,85,-7,7
16529,132,128,4,4
16530,105,99,6,6
16531,141,123,18,18
16532,59,62,-3,3
16533,205,161,44,44
16534,91,83,8,8
16535,87,103,-16,16
16536,87,84,3,3
16537,102,84,18,18
16538,94,82,12,12
16539,77,77,0,0
16540,61,65,-4,4
16541,152,128,24,24
16542,85,91,-6,6
16543,120,110,10,10
16544,83,88,-5,5
16545,135,131,4,4
16546,52,57,-5,5
16547,79,79,0,0
16548,50,48,2,2
16549,152,137,15,15
16550,80,72,8,8
16551,83,85,-2,2
16552,163,159,4,4
16553,75,86,-11,11
16554,72,83,-11,11
16555,93,91,2,2
16556,118,105,13,13
16557,84,82,2,2
16558,72,69,3,3
16559,75,74,1,1
16560,79,80,-1,1
16561,84,86,-2,2
16562,88,87,1,1
16563,99,92,7,7
16564,59,65,-6,6
16565,112,110,2,2
16566,128,117,11,11
16567,115,100,15,15
16568,101,114,-13,13
16569,60,57,3,3
16570,80,88,-8,8
16571,134,135,-1,1
16572,72,66,6,6
16573,160,150,10,10
16574,123,119,4,4
16575,111,102,9,9
16576,61,74,-13,13
16577,68,69,-1,1
16578,131,140,-9,9
16579,135,121,14,14
16580,217,232,-15,15
16581,56,54,2,2
16582,86,89,-3,3
16583,104,105,-1,1
16584,87,92,-5,5
16585,76,75,1,1
16586,137,119,18,18
16587,86,84,2,2
16588,53,51,2,2
16589,82,87,-5,5
16590,52,46,6,6
16591,85,79,6,6
16592,110,100,10,10
16593,58,61,-3,3
16594,103,99,4,4
16595,40,37,3,3
16596,70,62,8,8
16597,50,47,3,3
16598,69,69,0,0
16599,108,105,3,3
16600,82,74,8,8
16601,138,125,13,13
16602,103,102,1,1
16603,119,111,8,8
16604,111,98,13,13
16605,154,141,13,13
16606,131,124,7,7
16607,67,69,-2,2
16608,76,68,8,8
16609,104,101,3,3
16610,134,117,17,17
16611,41,53,-12,12
16612,54,53,1,1
16613,116,108,8,8
16614,58,60,-2,2
16615,74,80,-6,6
16616,101,103,-2,2
16617,62,62,0,0
16618,141,134,7,7
16619,93,85,8,8
16620,98,93,5,5
16621,88,97,-9,9
16622,33,39,-6,6
16623,115,125,-10,10
16624,86,86,0,0
16625,156,139,17,17
16626,66,61,5,5
16627,93,90,3,3
16628,61,63,-2,2
16629,128,125,3,3
16630,161,148,13,13
16631,51,54,-3,3
16632,59,52,7,7
16633,97,95,2,2
16634,157,142,15,15
16635,91,96,-5,5
16636,67,58,9,9
16637,90,91,-1,1
16638,82,77,5,5
16639,104,98,6,6
16640,96,89,7,7
16641,122,122,0,0
16642,86,83,3,3
16643,126,124,2,2
16644,87,78,9,9
16645,77,74,3,3
16646,117,102,15,15
16647,144,127,17,17
16648,86,76,10,10
16649,61,57,4,4
16650,79,95,-16,16
16651,96,87,9,9
16652,89,102,-13,13
16653,89,93,-4,4
16654,110,105,5,5
16655,87,76,11,11
16656,39,41,-2,2
16657,98,91,7,7
16658,151,125,26,26
16659,89,97,-8,8
16660,67,65,2,2
16661,71,69,2,2
16662,119,116,3,3
16663,86,91,-5,5
16664,147,133,14,14
16665,51,50,1,1
16666,83,95,-12,12
16667,83,89,-6,6
16668,54,59,-5,5
16669,138,123,15,15
16670,64,61,3,3
16671,80,90,-10,10
16672,58,62,-4,4
16673,92,84,8,8
16674,56,77,-21,21
16675,114,118,-4,4
16676,58,67,-9,9
16677,51,53,-2,2
16678,111,104,7,7
16679,66,76,-10,10
16680,64,58,6,6
16681,99,105,-6,6
16682,73,69,4,4
16683,110,96,14,14
16684,99,110,-11,11
16685,92,92,0,0
16686,57,59,-2,2
16687,138,128,10,10
16688,156,164,-8,8
16689,113,107,6,6
16690,37,39,-2,2
16691,119,109,10,10
16692,109,109,0,0
16693,137,128,9,9
16694,187,153,34,34
16695,77,84,-7,7
16696,78,71,7,7
16697,89,92,-3,3
16698,144,140,4,4
16699,111,104,7,7
16700,46,61,-15,15
16701,119,107,12,12
16702,89,69,20,20
16703,85,50,35,35
16704,155,134,21,21
16705,164,171,-7,7
16706,176,171,5,5
16707,61,62,-1,1
16708,143,147,-4,4
16709,66,55,11,11
16710,138,123,15,15
16711,107,102,5,5
16712,80,79,1,1
16713,95,92,3,3
16714,94,103,-9,9
16715,90,89,1,1
16716,65,66,-1,1
16717,75,84,-9,9
16718,54,56,-2,2
16719,84,81,3,3
16720,129,118,11,11
16721,142,127,15,15
16722,96,104,-8,8
16723,112,117,-5,5
16724,93,76,17,17
16725,57,63,-6,6
16726,36,48,-12,12
16727,46,52,-6,6
16728,94,98,-4,4
16729,57,51,6,6
16730,106,100,6,6
16731,130,129,1,1
16732,62,66,-4,4
16733,89,89,0,0
16734,137,129,8,8
16735,107,115,-8,8
16736,58,56,2,2
16737,73,75,-2,2
16738,86,87,-1,1
16739,103,91,12,12
16740,121,122,-1,1
16741,66,61,5,5
16742,87,94,-7,7
16743,59,58,1,1
16744,109,99,10,10
16745,79,85,-6,6
16746,68,64,4,4
16747,66,69,-3,3
16748,72,68,4,4
16749,100,87,13,13
16750,102,99,3,3
16751,55,58,-3,3
16752,98,84,14,14
16753,107,100,7,7
16754,77,70,7,7
16755,76,89,-13,13
16756,65,65,0,0
16757,134,114,20,20
16758,39,48,-9,9
16759,123,124,-1,1
16760,64,65,-1,1
16761,105,102,3,3
16762,66,65,1,1
16763,203,199,4,4
16764,144,122,22,22
16765,75,79,-4,4
16766,106,98,8,8
16767,104,100,4,4
16768,73,81,-8,8
16769,83,73,10,10
16770,81,93,-12,12
16771,83,81,2,2
16772,100,103,-3,3
16773,103,92,11,11
16774,76,70,6,6
16775,66,62,4,4
16776,72,67,5,5
16777,87,98,-11,11
16778,81,87,-6,6
16779,109,101,8,8
16780,103,94,9,9
16781,112,125,-13,13
16782,170,137,33,33
16783,89,88,1,1
16784,73,78,-5,5
16785,59,59,0,0
16786,135,126,9,9
16787,61,66,-5,5
16788,78,79,-1,1
16789,125,114,11,11
16790,64,68,-4,4
16791,54,63,-9,9
16792,119,110,9,9
16793,92,94,-2,2
16794,117,108,9,9
16795,88,79,9,9
16796,99,99,0,0
16797,48,52,-4,4
16798,123,112,11,11
16799,113,116,-3,3
16800,98,96,2,2
16801,66,61,5,5
16802,82,79,3,3
16803,38,39,-1,1
16804,86,86,0,0
16805,135,147,-12,12
16806,140,134,6,6
16807,73,72,1,1
16808,95,94,1,1
16809,40,44,-4,4
16810,67,89,-22,22
16811,160,148,12,12
16812,121,105,16,16
16813,104,92,12,12
16814,98,94,4,4
16815,125,114,11,11
16816,119,99,20,20
16817,109,109,0,0
16818,73,75,-2,2
16819,212,221,-9,9
16820,81,76,5,5
16821,104,96,8,8
16822,44,49,-5,5
16823,82,78,4,4
16824,181,147,34,34
16825,50,49,1,1
16826,90,99,-9,9
16827,87,89,-2,2
16828,76,84,-8,8
16829,211,218,-7,7
16830,104,96,8,8
16831,114,106,8,8
16832,143,149,-6,6
16833,142,138,4,4
16834,153,173,-20,20
16835,60,53,7,7
16836,60,59,1,1
16837,111,89,22,22
16838,143,158,-15,15
16839,76,73,3,3
16840,73,72,1,1
16841,76,66,10,10
16842,75,67,8,8
16843,58,61,-3,3
16844,57,48,9,9
16845,112,106,6,6
16846,151,132,19,19
16847,51,51,0,0
16848,64,71,-7,7
16849,80,85,-5,5
16850,89,81,8,8
16851,155,149,6,6
16852,97,87,10,10
16853,82,87,-5,5
16854,122,119,3,3
16855,110,110,0,0
16856,91,83,8,8
16857,27,57,-30,30
16858,55,55,0,0
16859,107,98,9,9
16860,61,67,-6,6
16861,67,75,-8,8
16862,111,114,-3,3
16863,95,88,7,7
16864,129,124,5,5
16865,165,183,-18,18
16866,139,128,11,11
16867,97,134,-37,37
16868,88,82,6,6
16869,64,74,-10,10
16870,83,75,8,8
16871,118,103,15,15
16872,81,87,-6,6
16873,78,79,-1,1
16874,164,170,-6,6
16875,60,81,-21,21
16876,23,27,-4,4
16877,60,62,-2,2
16878,58,69,-11,11
16879,102,101,1,1
16880,100,94,6,6
16881,103,102,1,1
16882,98,82,16,16
16883,136,134,2,2
16884,110,106,4,4
16885,95,90,5,5
16886,113,110,3,3
16887,143,141,2,2
16888,141,140,1,1
16889,117,111,6,6
16890,63,71,-8,8
16891,83,74,9,9
16892,52,52,0,0
16893,95,101,-6,6
16894,85,100,-15,15
16895,75,85,-10,10
16896,137,132,5,5
16897,81,82,-1,1
16898,55,66,-11,11
16899,128,113,15,15
16900,135,117,18,18
16901,107,100,7,7
16902,68,66,2,2
16903,95,102,-7,7
16904,131,120,11,11
16905,106,93,13,13
16906,84,97,-13,13
16907,120,121,-1,1
16908,69,67,2,2
16909,93,101,-8,8
16910,100,94,6,6
16911,152,139,13,13
16912,139,145,-6,6
16913,109,98,11,11
16914,122,112,10,10
16915,70,69,1,1
16916,89,80,9,9
16917,81,66,15,15
16918,59,55,4,4
16919,74,72,2,2
16920,121,105,16,16
16921,88,85,3,3
16922,72,96,-24,24
16923,107,102,5,5
16924,47,61,-14,14
16925,105,98,7,7
16926,61,71,-10,10
16927,116,113,3,3
16928,110,96,14,14
16929,63,54,9,9
16930,121,114,7,7
16931,52,49,3,3
16932,92,93,-1,1
16933,102,115,-13,13
16934,86,83,3,3
16935,171,194,-23,23
16936,97,96,1,1
16937,105,90,15,15
16938,127,120,7,7
16939,84,90,-6,6
16940,99,86,13,13
16941,65,53,12,12
16942,86,78,8,8
16943,107,93,14,14
16944,84,83,1,1
16945,136,120,16,16
16946,82,71,11,11
16947,52,53,-1,1
16948,103,116,-13,13
16949,102,100,2,2
16950,126,122,4,4
16951,185,163,22,22
16952,143,135,8,8
16953,48,63,-15,15
16954,142,122,20,20
16955,58,58,0,0
16956,164,156,8,8
16957,95,92,3,3
16958,191,193,-2,2
16959,115,120,-5,5
16960,58,59,-1,1
16961,121,118,3,3
16962,101,98,3,3
16963,79,82,-3,3
16964,84,86,-2,2
16965,69,67,2,2
16966,153,147,6,6
16967,67,73,-6,6
16968,69,77,-8,8
16969,71,75,-4,4
16970,94,92,2,2
16971,110,108,2,2
16972,105,101,4,4
16973,88,92,-4,4
16974,93,91,2,2
16975,70,65,5,5
16976,65,71,-6,6
16977,62,68,-6,6
16978,120,108,12,12
16979,55,56,-1,1
16980,73,78,-5,5
16981,102,89,13,13
16982,71,73,-2,2
16983,111,134,-23,23
16984,156,155,1,1
16985,89,92,-3,3
16986,67,72,-5,5
16987,71,72,-1,1
16988,71,71,0,0
16989,108,103,5,5
16990,72,71,1,1
16991,80,81,-1,1
16992,104,87,17,17
16993,111,103,8,8
16994,58,60,-2,2
16995,68,66,2,2
16996,92,85,7,7
16997,161,152,9,9
16998,107,95,12,12
16999,66,77,-11,11
17000,76,79,-3,3
17001,105,98,7,7
17002,140,131,9,9
17003,77,72,5,5
17004,70,72,-2,2
17005,133,123,10,10
17006,50,57,-7,7
17007,66,69,-3,3
17008,60,65,-5,5
17009,72,68,4,4
17010,123,123,0,0
17011,88,88,0,0
17012,110,99,11,11
17013,94,86,8,8
17014,88,96,-8,8
17015,82,74,8,8
17016,107,118,-11,11
17017,69,65,4,4
17018,85,87,-2,2
17019,81,80,1,1
17020,57,58,-1,1
17021,124,110,14,14
17022,126,124,2,2
17023,59,52,7,7
17024,78,78,0,0
17025,112,112,0,0
17026,87,95,-8,8
17027,101,91,10,10
17028,101,102,-1,1
17029,150,154,-4,4
17030,135,121,14,14
17031,146,147,-1,1
17032,61,70,-9,9
17033,103,99,4,4
17034,134,121,13,13
17035,68,66,2,2
17036,84,75,9,9
17037,59,67,-8,8
17038,115,108,7,7
17039,98,81,17,17
17040,118,122,-4,4
17041,97,96,1,1
17042,94,100,-6,6
17043,143,128,15,15
17044,119,113,6,6
17045,82,89,-7,7
17046,86,89,-3,3
17047,79,85,-6,6
17048,178,184,-6,6
17049,151,135,16,16
17050,133,126,7,7
17051,71,70,1,1
17052,56,52,4,4
17053,61,64,-3,3
17054,69,73,-4,4
17055,95,92,3,3
17056,98,91,7,7
17057,88,87,1,1
17058,86,84,2,2
17059,79,82,-3,3
17060,77,73,4,4
17061,88,103,-15,15
17062,110,99,11,11
17063,138,136,2,2
17064,98,111,-13,13
17065,99,91,8,8
17066,73,76,-3,3
17067,143,134,9,9
17068,44,46,-2,2
17069,136,121,15,15
17070,150,136,14,14
17071,125,125,0,0
17072,134,117,17,17
17073,93,99,-6,6
17074,107,102,5,5
17075,38,43,-5,5
17076,133,134,-1,1
17077,151,149,2,2
17078,104,106,-2,2
17079,83,79,4,4
17080,124,98,26,26
17081,161,159,2,2
17082,72,71,1,1
17083,77,79,-2,2
17084,111,107,4,4
17085,107,96,11,11
17086,107,108,-1,1
17087,98,99,-1,1
17088,168,148,20,20
17089,100,92,8,8
17090,70,69,1,1
17091,68,74,-6,6
17092,74,66,8,8
17093,129,126,3,3
17094,121,105,16,16
17095,69,64,5,5
17096,121,122,-1,1
17097,103,100,3,3
17098,187,196,-9,9
17099,61,65,-4,4
17100,81,70,11,11
17101,117,123,-6,6
17102,46,40,6,6
17103,77,73,4,4
17104,85,85,0,0
17105,47,49,-2,2
17106,81,78,3,3
17107,99,82,17,17
17108,152,165,-13,13
17109,58,69,-11,11
17110,45,60,-15,15
17111,87,84,3,3
17112,100,79,21,21
17113,41,42,-1,1
17114,184,153,31,31
17115,72,81,-9,9
17116,38,38,0,0
17117,79,102,-23,23
17118,98,85,13,13
17119,71,69,2,2
17120,62,64,-2,2
17121,90,76,14,14
17122,97,83,14,14
17123,52,57,-5,5
17124,74,62,12,12
17125,154,150,4,4
17126,99,93,6,6
17127,44,40,4,4
17128,85,85,0,0
17129,128,117,11,11
17130,128,109,19,19
17131,78,85,-7,7
17132,62,66,-4,4
17133,112,120,-8,8
17134,63,70,-7,7
17135,88,85,3,3
17136,51,44,7,7
17137,129,119,10,10
17138,65,65,0,0
17139,56,52,4,4
17140,102,102,0,0
17141,87,80,7,7
17142,129,115,14,14
17143,61,61,0,0
17144,79,75,4,4
17145,57,66,-9,9
17146,171,146,25,25
17147,90,91,-1,1
17148,96,87,9,9
17149,91,88,3,3
17150,47,57,-10,10
17151,87,102,-15,15
17152,86,100,-14,14
17153,133,128,5,5
17154,133,128,5,5
17155,89,97,-8,8
17156,64,58,6,6
17157,54,56,-2,2
17158,99,102,-3,3
17159,91,89,2,2
17160,76,79,-3,3
17161,75,73,2,2
17162,72,64,8,8
17163,107,106,1,1
17164,39,43,-4,4
17165,99,90,9,9
17166,121,107,14,14
17167,89,90,-1,1
17168,132,129,3,3
17169,108,105,3,3
17170,84,75,9,9
17171,104,101,3,3
17172,68,71,-3,3
17173,55,58,-3,3
17174,74,70,4,4
17175,85,81,4,4
17176,63,63,0,0
17177,77,78,-1,1
17178,103,100,3,3
17179,66,66,0,0
17180,77,62,15,15
17181,112,98,14,14
17182,127,143,-16,16
17183,100,100,0,0
17184,59,71,-12,12
17185,111,95,16,16
17186,29,35,-6,6
17187,77,72,5,5
17188,98,92,6,6
17189,108,100,8,8
17190,196,201,-5,5
17191,79,80,-1,1
17192,150,147,3,3
17193,99,92,7,7
17194,73,71,2,2
17195,75,69,6,6
17196,62,54,8,8
17197,77,79,-2,2
17198,100,85,15,15
17199,139,134,5,5
17200,80,70,10,10
17201,151,110,41,41
17202,125,123,2,2
17203,70,78,-8,8
17204,141,131,10,10
17205,76,84,-8,8
17206,74,86,-12,12
17207,108,96,12,12
17208,146,122,24,24
17209,65,63,2,2
17210,92,97,-5,5
17211,98,93,5,5
17212,112,122,-10,10
17213,155,132,23,23
17214,109,101,8,8
17215,127,120,7,7
17216,40,51,-11,11
17217,106,113,-7,7
17218,106,116,-10,10
17219,68,64,4,4
17220,73,74,-1,1
17221,69,70,-1,1
17222,93,87,6,6
17223,95,91,4,4
17224,99,101,-2,2
17225,108,96,12,12
17226,77,63,14,14
17227,76,74,2,2
17228,102,99,3,3
17229,117,116,1,1
17230,88,80,8,8
17231,82,81,1,1
17232,99,93,6,6
17233,147,133,14,14
17234,66,63,3,3
17235,79,68,11,11
17236,62,71,-9,9
17237,175,170,5,5
17238,101,101,0,0
17239,64,66,-2,2
17240,74,64,10,10
17241,72,86,-14,14
17242,64,64,0,0
17243,73,79,-6,6
17244,48,57,-9,9
17245,186,169,17,17
17246,100,110,-10,10
17247,120,112,8,8
17248,53,65,-12,12
17249,120,100,20,20
17250,98,104,-6,6
17251,34,43,-9,9
17252,97,82,15,15
17253,118,109,9,9
17254,128,121,7,7
17255,90,82,8,8
17256,63,71,-8,8
17257,160,128,32,32
17258,177,154,23,23
17259,185,178,7,7
17260,104,107,-3,3
17261,68,67,1,1
17262,119,117,2,2
17263,110,95,15,15
17264,67,67,0,0
17265,56,54,2,2
17266,160,149,11,11
17267,103,115,-12,12
17268,68,65,3,3
17269,112,122,-10,10
17270,75,73,2,2
17271,101,102,-1,1
17272,89,108,-19,19
17273,57,68,-11,11
17274,65,65,0,0
17275,95,105,-10,10
17276,93,92,1,1
17277,100,87,13,13
17278,127,126,1,1
17279,105,90,15,15
17280,58,53,5,5
17281,70,71,-1,1
17282,146,126,20,20
17283,90,88,2,2
17284,75,70,5,5
17285,92,87,5,5
17286,122,114,8,8
17287,77,77,0,0
17288,50,48,2,2
17289,69,72,-3,3
17290,36,41,-5,5
17291,97,87,10,10
17292,81,87,-6,6
17293,127,135,-8,8
17294,142,142,0,0
17295,98,106,-8,8
17296,91,79,12,12
17297,84,89,-5,5
17298,94,84,10,10
17299,71,79,-8,8
17300,87,79,8,8
17301,109,104,5,5
17302,58,51,7,7
17303,63,77,-14,14
17304,65,66,-1,1
17305,45,41,4,4
17306,87,75,12,12
17307,64,63,1,1
17308,82,81,1,1
17309,156,147,9,9
17310,138,104,34,34
17311,76,73,3,3
17312,134,134,0,0
17313,115,112,3,3
17314,92,89,3,3
17315,126,123,3,3
17316,103,102,1,1
17317,56,58,-2,2
17318,125,133,-8,8
17319,108,86,22,22
17320,69,73,-4,4
17321,151,130,21,21
17322,88,104,-16,16
17323,101,95,6,6
17324,165,166,-1,1
17325,151,124,27,27
17326,82,79,3,3
17327,65,58,7,7
17328,93,92,1,1
17329,102,97,5,5
17330,71,72,-1,1
17331,66,74,-8,8
17332,101,106,-5,5
17333,109,98,11,11
17334,67,54,13,13
17335,150,144,6,6
17336,71,61,10,10
17337,93,96,-3,3
17338,106,106,0,0
17339,127,117,10,10
17340,167,168,-1,1
17341,67,63,4,4
17342,137,131,6,6
17343,90,86,4,4
17344,48,47,1,1
17345,79,71,8,8
17346,72,76,-4,4
17347,139,131,8,8
17348,81,80,1,1
17349,124,123,1,1
17350,114,102,12,12
17351,75,79,-4,4
17352,73,72,1,1
17353,90,79,11,11
17354,156,157,-1,1
17355,107,100,7,7
17356,88,83,5,5
17357,135,149,-14,14
17358,120,104,16,16
17359,55,69,-14,14
17360,58,61,-3,3
17361,104,116,-12,12
17362,53,51,2,2
17363,65,59,6,6
17364,71,67,4,4
17365,36,48,-12,12
17366,135,123,12,12
17367,159,152,7,7
17368,118,106,12,12
17369,93,93,0,0
17370,91,81,10,10
17371,66,74,-8,8
17372,68,64,4,4
17373,81,80,1,1
17374,138,145,-7,7
17375,68,66,2,2
17376,128,126,2,2
17377,97,104,-7,7
17378,83,82,1,1
17379,194,198,-4,4
17380,63,60,3,3
17381,68,60,8,8
17382,68,74,-6,6
17383,89,99,-10,10
17384,103,89,14,14
17385,113,102,11,11
17386,95,92,3,3
17387,93,87,6,6
17388,68,65,3,3
17389,57,49,8,8
17390,58,62,-4,4
17391,174,152,22,22
17392,71,68,3,3
17393,106,92,14,14
17394,63,58,5,5
17395,63,54,9,9
17396,126,112,14,14
17397,104,93,11,11
17398,83,87,-4,4
17399,80,85,-5,5
17400,175,158,17,17
17401,77,89,-12,12
17402,146,136,10,10
17403,78,73,5,5
17404,114,98,16,16
17405,86,96,-10,10
17406,149,144,5,5
17407,170,170,0,0
17408,121,110,11,11
17409,61,59,2,2
17410,64,52,12,12
17411,67,61,6,6
17412,99,104,-5,5
17413,185,170,15,15
17414,56,57,-1,1
17415,99,96,3,3
17416,75,84,-9,9
17417,85,66,19,19
17418,92,90,2,2
17419,91,92,-1,1
17420,80,62,18,18
17421,56,60,-4,4
17422,80,70,10,10
17423,135,123,12,12
17424,98,124,-26,26
17425,150,159,-9,9
17426,53,63,-10,10
17427,106,100,6,6
17428,74,75,-1,1
17429,196,176,20,20
17430,88,79,9,9
17431,47,48,-1,1
17432,101,100,1,1
17433,110,110,0,0
17434,116,113,3,3
17435,96,102,-6,6
17436,65,63,2,2
17437,55,49,6,6
17438,140,140,0,0
17439,94,84,10,10
17440,89,76,13,13
17441,101,85,16,16
17442,80,72,8,8
17443,112,105,7,7
17444,106,103,3,3
17445,103,109,-6,6
17446,60,65,-5,5
17447,95,116,-21,21
17448,87,93,-6,6
17449,45,46,-1,1
17450,92,91,1,1
17451,108,95,13,13
17452,98,92,6,6
17453,62,63,-1,1
17454,107,102,5,5
17455,74,69,5,5
17456,137,115,22,22
17457,75,72,3,3
17458,66,63,3,3
17459,100,101,-1,1
17460,129,120,9,9
17461,79,84,-5,5
17462,111,98,13,13
17463,88,86,2,2
17464,63,59,4,4
17465,95,97,-2,2
17466,74,71,3,3
17467,108,104,4,4
17468,115,104,11,11
17469,96,97,-1,1
17470,146,130,16,16
17471,178,170,8,8
17472,171,145,26,26
17473,171,148,23,23
17474,151,151,0,0
17475,90,87,3,3
17476,94,85,9,9
17477,89,78,11,11
17478,71,80,-9,9
17479,223,230,-7,7
17480,66,71,-5,5
17481,116,113,3,3
17482,69,65,4,4
17483,153,125,28,28
17484,48,56,-8,8
17485,83,81,2,2
17486,177,168,9,9
17487,70,78,-8,8
17488,80,87,-7,7
17489,77,81,-4,4
17490,69,69,0,0
17491,81,76,5,5
17492,115,113,2,2
17493,96,99,-3,3
17494,94,94,0,0
17495,46,47,-1,1
17496,88,97,-9,9
17497,90,79,11,11
17498,89,102,-13,13
17499,65,63,2,2
17500,78,76,2,2
17501,76,81,-5,5
17502,116,96,20,20
17503,127,114,13,13
17504,146,144,2,2
17505,89,87,2,2
17506,42,58,-16,16
17507,73,58,15,15
17508,61,62,-1,1
17509,79,79,0,0
17510,105,98,7,7
17511,64,71,-7,7
17512,115,115,0,0
17513,66,69,-3,3
17514,75,68,7,7
17515,82,81,1,1
17516,46,62,-16,16
17517,106,106,0,0
17518,74,86,-12,12
17519,58,52,6,6
17520,89,91,-2,2
17521,76,68,8,8
17522,90,82,8,8
17523,108,101,7,7
17524,89,96,-7,7
17525,75,69,6,6
17526,98,99,-1,1
17527,87,83,4,4
17528,65,64,1,1
17529,121,109,12,12
17530,63,73,-10,10
17531,139,145,-6,6
17532,80,81,-1,1
17533,75,73,2,2
17534,64,68,-4,4
17535,48,49,-1,1
17536,115,105,10,10
17537,82,80,2,2
17538,120,124,-4,4
17539,141,131,10,10
17540,67,63,4,4
17541,48,71,-23,23
17542,117,103,14,14
17543,173,145,28,28
17544,74,73,1,1
17545,53,62,-9,9
17546,33,42,-9,9
17547,79,85,-6,6
17548,76,64,12,12
17549,119,112,7,7
17550,139,127,12,12
17551,77,70,7,7
17552,115,98,17,17
17553,67,75,-8,8
17554,105,94,11,11
17555,127,126,1,1
17556,84,81,3,3
17557,106,109,-3,3
17558,79,83,-4,4
17559,96,99,-3,3
17560,82,72,10,10
17561,146,136,10,10
17562,98,94,4,4
17563,116,119,-3,3
17564,42,43,-1,1
17565,82,84,-2,2
17566,71,75,-4,4
17567,103,92,11,11
17568,60,65,-5,5
17569,86,88,-2,2
17570,137,125,12,12
17571,105,93,12,12
17572,68,73,-5,5
17573,94,97,-3,3
17574,190,193,-3,3
17575,61,58,3,3
17576,112,102,10,10
17577,72,65,7,7
17578,137,124,13,13
17579,85,80,5,5
17580,190,183,7,7
17581,145,158,-13,13
17582,100,101,-1,1
17583,143,135,8,8
17584,81,75,6,6
17585,58,63,-5,5
17586,79,86,-7,7
17587,119,108,11,11
17588,63,59,4,4
17589,106,97,9,9
17590,111,99,12,12
17591,90,89,1,1
17592,134,135,-1,1
17593,129,108,21,21
17594,67,64,3,3
17595,128,129,-1,1
17596,43,47,-4,4
17597,58,65,-7,7
17598,123,124,-1,1
17599,63,65,-2,2
17600,61,66,-5,5
17601,74,62,12,12
17602,117,109,8,8
17603,132,106,26,26
17604,73,59,14,14
17605,127,120,7,7
17606,170,172,-2,2
17607,101,92,9,9
17608,118,99,19,19
17609,73,65,8,8
17610,82,78,4,4
17611,100,91,9,9
17612,62,60,2,2
17613,80,69,11,11
17614,50,57,-7,7
17615,68,69,-1,1
17616,163,148,15,15
17617,49,49,0,0
17618,75,75,0,0
17619,133,115,18,18
17620,115,118,-3,3
17621,102,102,0,0
17622,74,71,3,3
17623,161,145,16,16
17624,130,130,0,0
17625,122,114,8,8
17626,109,103,6,6
17627,120,125,-5,5
17628,72,52,20,20
17629,90,91,-1,1
17630,80,81,-1,1
17631,103,112,-9,9
17632,134,118,16,16
17633,93,96,-3,3
17634,82,77,5,5
17635,184,174,10,10
17636,84,81,3,3
17637,62,61,1,1
17638,65,63,2,2
17639,68,65,3,3
17640,118,114,4,4
17641,81,81,0,0
17642,116,116,0,0
17643,116,113,3,3
17644,85,88,-3,3
17645,55,62,-7,7
17646,91,90,1,1
17647,79,78,1,1
17648,24,43,-19,19
17649,155,141,14,14
17650,97,87,10,10
17651,69,73,-4,4
17652,105,103,2,2
17653,158,151,7,7
17654,129,126,3,3
17655,115,112,3,3
17656,92,100,-8,8
17657,82,87,-5,5
17658,100,95,5,5
17659,66,59,7,7
17660,46,48,-2,2
17661,141,134,7,7
17662,128,122,6,6
17663,101,90,11,11
17664,103,91,12,12
17665,75,72,3,3
17666,125,120,5,5
17667,50,52,-2,2
17668,67,61,6,6
17669,91,88,3,3
17670,95,98,-3,3
17671,133,125,8,8
17672,124,114,10,10
17673,59,49,10,10
17674,138,128,10,10
17675,132,125,7,7
17676,109,103,6,6
17677,72,80,-8,8
17678,84,81,3,3
17679,107,100,7,7
17680,73,77,-4,4
17681,76,85,-9,9
17682,122,96,26,26
17683,107,110,-3,3
17684,38,42,-4,4
17685,127,113,14,14
17686,82,76,6,6
17687,189,176,13,13
17688,115,115,0,0
17689,100,101,-1,1
17690,70,64,6,6
17691,81,67,14,14
17692,150,162,-12,12
17693,94,95,-1,1
17694,88,82,6,6
17695,81,82,-1,1
17696,148,146,2,2
17697,75,90,-15,15
17698,90,88,2,2
17699,124,119,5,5
17700,46,45,1,1
17701,103,107,-4,4
17702,101,91,10,10
17703,93,90,3,3
17704,105,108,-3,3
17705,91,90,1,1
17706,138,131,7,7
17707,85,87,-2,2
17708,102,87,15,15
17709,72,80,-8,8
17710,81,77,4,4
17711,118,109,9,9
17712,114,116,-2,2
17713,118,116,2,2
17714,79,82,-3,3
17715,149,121,28,28
17716,74,76,-2,2
17717,46,50,-4,4
17718,76,63,13,13
17719,80,80,0,0
17720,124,136,-12,12
17721,126,137,-11,11
17722,57,54,3,3
17723,91,98,-7,7
17724,206,178,28,28
17725,122,108,14,14
17726,89,91,-2,2
17727,108,104,4,4
17728,170,152,18,18
17729,89,85,4,4
17730,90,82,8,8
17731,85,85,0,0
17732,80,70,10,10
17733,105,89,16,16
17734,84,83,1,1
17735,97,92,5,5
17736,60,64,-4,4
17737,39,51,-12,12
17738,103,95,8,8
17739,122,124,-2,2
17740,105,102,3,3
17741,72,77,-5,5
17742,72,81,-9,9
17743,126,116,10,10
17744,113,98,15,15
17745,88,81,7,7
17746,121,116,5,5
17747,88,86,2,2
17748,72,67,5,5
17749,65,86,-21,21
17750,74,81,-7,7
17751,112,111,1,1
17752,53,54,-1,1
17753,138,126,12,12
17754,108,104,4,4
17755,65,60,5,5
17756,72,79,-7,7
17757,122,102,20,20
17758,48,48,0,0
17759,93,80,13,13
17760,124,113,11,11
17761,92,92,0,0
17762,66,69,-3,3
17763,69,62,7,7
17764,144,160,-16,16
17765,103,101,2,2
17766,96,94,2,2
17767,107,108,-1,1
17768,129,125,4,4
17769,60,64,-4,4
17770,72,69,3,3
17771,53,54,-1,1
17772,117,107,10,10
17773,109,105,4,4
17774,73,71,2,2
17775,121,110,11,11
17776,193,202,-9,9
17777,69,73,-4,4
17778,80,74,6,6
17779,135,115,20,20
17780,47,42,5,5
17781,75,77,-2,2
17782,135,130,5,5
17783,97,92,5,5
17784,76,91,-15,15
17785,108,103,5,5
17786,110,109,1,1
17787,87,91,-4,4
17788,59,55,4,4
17789,163,141,22,22
17790,80,83,-3,3
17791,169,155,14,14
17792,91,95,-4,4
17793,122,113,9,9
17794,97,92,5,5
17795,63,61,2,2
17796,139,148,-9,9
17797,76,67,9,9
17798,80,90,-10,10
17799,79,67,12,12
17800,112,108,4,4
17801,94,86,8,8
17802,103,106,-3,3
17803,53,59,-6,6
17804,70,70,0,0
17805,156,156,0,0
17806,29,64,-35,35
17807,128,133,-5,5
17808,125,119,6,6
17809,126,103,23,23
17810,50,106,-56,56
17811,152,139,13,13
17812,195,149,46,46
17813,76,83,-7,7
17814,87,77,10,10
17815,80,70,10,10
17816,66,64,2,2
17817,72,72,0,0
17818,104,110,-6,6
17819,67,59,8,8
17820,109,107,2,2
17821,146,136,10,10
17822,59,70,-11,11
17823,78,72,6,6
17824,73,75,-2,2
17825,139,129,10,10
17826,103,94,9,9
17827,112,117,-5,5
17828,99,88,11,11
17829,68,81,-13,13
17830,53,49,4,4
17831,152,119,33,33
17832,55,55,0,0
17833,96,98,-2,2
17834,78,80,-2,2
17835,69,91,-22,22
17836,54,56,-2,2
17837,118,106,12,12
17838,120,102,18,18
17839,45,50,-5,5
17840,94,89,5,5
17841,141,138,3,3
17842,81,85,-4,4
17843,85,105,-20,20
17844,100,94,6,6
17845,104,101,3,3
17846,189,163,26,26
17847,79,68,11,11
17848,98,96,2,2
17849,53,61,-8,8
17850,139,131,8,8
17851,96,104,-8,8
17852,75,68,7,7
17853,74,82,-8,8
17854,142,140,2,2
17855,135,148,-13,13
17856,40,35,5,5
17857,176,167,9,9
17858,55,54,1,1
17859,70,78,-8,8
17860,71,72,-1,1
17861,55,63,-8,8
17862,168,170,-2,2
17863,146,131,15,15
17864,111,106,5,5
17865,117,87,30,30
17866,64,65,-1,1
17867,106,98,8,8
17868,110,94,16,16
17869,79,75,4,4
17870,95,84,11,11
17871,121,111,10,10
17872,129,126,3,3
17873,98,85,13,13
17874,60,57,3,3
17875,53,61,-8,8
17876,121,111,10,10
17877,112,133,-21,21
17878,54,59,-5,5
17879,76,77,-1,1
17880,126,140,-14,14
17881,131,117,14,14
17882,45,43,2,2
17883,135,130,5,5
17884,95,88,7,7
17885,80,63,17,17
17886,96,90,6,6
17887,143,128,15,15
17888,59,58,1,1
17889,140,136,4,4
17890,73,78,-5,5
17891,109,114,-5,5
17892,116,119,-3,3
17893,42,48,-6,6
17894,44,39,5,5
17895,151,151,0,0
17896,109,112,-3,3
17897,106,89,17,17
17898,131,109,22,22
17899,139,128,11,11
17900,77,70,7,7
17901,127,121,6,6
17902,79,87,-8,8
17903,140,142,-2,2
17904,63,61,2,2
17905,121,123,-2,2
17906,65,57,8,8
17907,146,127,19,19
17908,110,100,10,10
17909,101,101,0,0
17910,35,40,-5,5
17911,105,95,10,10
17912,154,156,-2,2
17913,72,71,1,1
17914,98,100,-2,2
17915,126,132,-6,6
17916,142,128,14,14
17917,98,115,-17,17
17918,82,86,-4,4
17919,86,96,-10,10
17920,79,70,9,9
17921,111,97,14,14
17922,74,64,10,10
17923,58,54,4,4
17924,48,41,7,7
17925,74,66,8,8
17926,123,117,6,6
17927,40,32,8,8
17928,80,61,19,19
17929,63,53,10,10
17930,115,90,25,25
17931,107,105,2,2
17932,80,70,10,10
17933,85,92,-7,7
17934,166,148,18,18
17935,71,83,-12,12
17936,56,60,-4,4
17937,48,56,-8,8
17938,96,82,14,14
17939,54,53,1,1
17940,124,116,8,8
17941,92,92,0,0
17942,51,51,0,0
17943,62,59,3,3
17944,89,84,5,5
17945,141,127,14,14
17946,87,69,18,18
17947,75,86,-11,11
17948,81,71,10,10
17949,65,83,-18,18
17950,90,81,9,9
17951,85,75,10,10
17952,71,75,-4,4
17953,61,68,-7,7
17954,104,97,7,7
17955,98,100,-2,2
17956,68,59,9,9
17957,77,68,9,9
17958,90,86,4,4
17959,71,81,-10,10
17960,59,75,-16,16
17961,109,94,15,15
17962,105,105,0,0
17963,175,163,12,12
17964,83,92,-9,9
17965,139,116,23,23
17966,68,65,3,3
17967,88,90,-2,2
17968,75,70,5,5
17969,104,107,-3,3
17970,126,102,24,24
17971,91,92,-1,1
17972,94,94,0,0
17973,89,87,2,2
17974,41,51,-10,10
17975,91,110,-19,19
17976,81,84,-3,3
17977,72,68,4,4
17978,146,131,15,15
17979,80,79,1,1
17980,141,117,24,24
17981,104,96,8,8
17982,111,114,-3,3
17983,115,108,7,7
17984,67,62,5,5
17985,132,127,5,5
17986,118,114,4,4
17987,79,70,9,9
17988,67,76,-9,9
17989,158,137,21,21
17990,90,81,9,9
17991,78,82,-4,4
17992,52,61,-9,9
17993,67,67,0,0
17994,57,69,-12,12
17995,93,93,0,0
17996,73,64,9,9
17997,100,102,-2,2
17998,150,131,19,19
17999,68,64,4,4
18000,74,79,-5,5
18001,100,98,2,2
18002,92,107,-15,15
18003,101,107,-6,6
18004,96,88,8,8
18005,161,146,15,15
18006,71,81,-10,10
18007,97,94,3,3
18008,62,65,-3,3
18009,70,71,-1,1
18010,106,96,10,10
18011,67,76,-9,9
18012,56,66,-10,10
18013,75,65,10,10
18014,47,49,-2,2
18015,78,71,7,7
18016,62,54,8,8
18017,68,66,2,2
18018,106,95,11,11
18019,125,111,14,14
18020,84,108,-24,24
18021,107,101,6,6
18022,63,60,3,3
18023,76,88,-12,12
18024,98,92,6,6
18025,139,105,34,34
18026,94,97,-3,3
18027,142,140,2,2
18028,121,115,6,6
18029,79,82,-3,3
18030,123,120,3,3
18031,82,88,-6,6
18032,174,172,2,2
18033,116,111,5,5
18034,51,57,-6,6
18035,157,151,6,6
18036,57,59,-2,2
18037,71,67,4,4
18038,30,34,-4,4
18039,102,104,-2,2
18040,140,124,16,16
18041,156,160,-4,4
18042,44,40,4,4
18043,157,145,12,12
18044,91,89,2,2
18045,111,114,-3,3
18046,107,88,19,19
18047,83,93,-10,10
18048,83,82,1,1
18049,103,96,7,7
18050,84,77,7,7
18051,79,74,5,5
18052,119,96,23,23
18053,66,73,-7,7
18054,34,41,-7,7
18055,134,117,17,17
18056,108,102,6,6
18057,60,62,-2,2
18058,33,35,-2,2
18059,105,105,0,0
18060,71,75,-4,4
18061,92,107,-15,15
18062,62,64,-2,2
18063,54,56,-2,2
18064,85,78,7,7
18065,154,134,20,20
18066,109,99,10,10
18067,120,125,-5,5
18068,55,51,4,4
18069,102,122,-20,20
18070,58,52,6,6
18071,34,33,1,1
18072,91,85,6,6
18073,110,96,14,14
18074,117,103,14,14
18075,102,116,-14,14
18076,95,87,8,8
18077,38,42,-4,4
18078,88,104,-16,16
18079,107,102,5,5
18080,113,121,-8,8
18081,58,65,-7,7
18082,56,61,-5,5
18083,68,70,-2,2
18084,59,58,1,1
18085,169,169,0,0
18086,70,57,13,13
18087,117,108,9,9
18088,84,79,5,5
18089,150,155,-5,5
18090,123,119,4,4
18091,72,75,-3,3
18092,108,110,-2,2
18093,87,80,7,7
18094,123,144,-21,21
18095,79,85,-6,6
18096,112,121,-9,9
18097,77,75,2,2
18098,123,120,3,3
18099,109,115,-6,6
18100,82,73,9,9
18101,57,41,16,16
18102,120,107,13,13
18103,117,120,-3,3
18104,53,52,1,1
18105,72,79,-7,7
18106,90,76,14,14
18107,92,104,-12,12
18108,88,84,4,4
18109,55,67,-12,12
18110,62,55,7,7
18111,108,107,1,1
18112,85,75,10,10
18113,66,83,-17,17
18114,165,149,16,16
18115,124,107,17,17
18116,75,83,-8,8
18117,54,51,3,3
18118,141,132,9,9
18119,67,65,2,2
18120,94,100,-6,6
18121,102,119,-17,17
18122,119,114,5,5
18123,53,55,-2,2
18124,122,130,-8,8
18125,60,61,-1,1
18126,88,90,-2,2
18127,101,99,2,2
18128,64,65,-1,1
18129,48,65,-17,17
18130,75,73,2,2
18131,53,79,-26,26
18132,123,113,10,10
18133,90,81,9,9
18134,137,130,7,7
18135,95,96,-1,1
18136,88,103,-15,15
18137,106,111,-5,5
18138,155,149,6,6
18139,75,65,10,10
18140,62,60,2,2
18141,91,81,10,10
18142,58,48,10,10
18143,51,55,-4,4
18144,120,125,-5,5
18145,94,94,0,0
18146,112,102,10,10
18147,84,98,-14,14
18148,67,70,-3,3
18149,83,82,1,1
18150,162,133,29,29
18151,122,113,9,9
18152,36,38,-2,2
18153,127,117,10,10
18154,75,88,-13,13
18155,119,101,18,18
18156,147,142,5,5
18157,105,99,6,6
18158,55,53,2,2
18159,90,84,6,6
18160,57,52,5,5
18161,100,98,2,2
18162,63,62,1,1
18163,58,65,-7,7
18164,140,135,5,5
18165,107,100,7,7
18166,71,75,-4,4
18167,145,155,-10,10
18168,64,75,-11,11
18169,94,82,12,12
18170,71,72,-1,1
18171,68,70,-2,2
18172,109,104,5,5
18173,67,77,-10,10
18174,81,78,3,3
18175,101,86,15,15
18176,135,119,16,16
18177,60,54,6,6
18178,154,125,29,29
18179,131,117,14,14
18180,97,93,4,4
18181,65,66,-1,1
18182,132,120,12,12
18183,95,96,-1,1
18184,97,88,9,9
18185,122,114,8,8
18186,80,79,1,1
18187,89,78,11,11
18188,97,81,16,16
18189,106,99,7,7
18190,101,96,5,5
18191,116,123,-7,7
18192,70,95,-25,25
18193,44,42,2,2
18194,149,139,10,10
18195,95,94,1,1
18196,79,77,2,2
18197,114,111,3,3
18198,77,68,9,9
18199,121,110,11,11
18200,80,79,1,1
18201,117,102,15,15
18202,150,136,14,14
18203,85,79,6,6
18204,72,84,-12,12
18205,112,102,10,10
18206,91,96,-5,5
18207,61,56,5,5
18208,126,114,12,12
18209,78,73,5,5
18210,129,120,9,9
18211,71,80,-9,9
18212,72,75,-3,3
18213,166,165,1,1
18214,134,122,12,12
18215,36,40,-4,4
18216,63,64,-1,1
18217,73,71,2,2
18218,88,89,-1,1
18219,88,95,-7,7
18220,113,118,-5,5
18221,138,129,9,9
18222,88,68,20,20
18223,127,121,6,6
18224,216,223,-7,7
18225,108,104,4,4
18226,137,131,6,6
18227,66,77,-11,11
18228,68,73,-5,5
18229,100,88,12,12
18230,50,56,-6,6
18231,130,120,10,10
18232,100,112,-12,12
18233,201,170,31,31
18234,53,52,1,1
18235,65,71,-6,6
18236,60,56,4,4
18237,177,162,15,15
18238,88,79,9,9
18239,64,61,3,3
18240,141,141,0,0
18241,87,91,-4,4
18242,144,133,11,11
18243,118,111,7,7
18244,84,85,-1,1
18245,80,80,0,0
18246,131,136,-5,5
18247,61,58,3,3
18248,93,91,2,2
18249,78,85,-7,7
18250,58,54,4,4
18251,99,91,8,8
18252,107,92,15,15
18253,119,113,6,6
18254,104,115,-11,11
18255,87,90,-3,3
18256,88,88,0,0
18257,131,128,3,3
18258,126,129,-3,3
18259,125,114,11,11
18260,99,108,-9,9
18261,127,116,11,11
18262,34,44,-10,10
18263,77,72,5,5
18264,88,88,0,0
18265,106,117,-11,11
18266,104,95,9,9
18267,78,85,-7,7
18268,78,76,2,2
18269,211,206,5,5
18270,68,52,16,16
18271,110,104,6,6
18272,86,81,5,5
18273,102,97,5,5
18274,82,69,13,13
18275,57,54,3,3
18276,106,104,2,2
18277,52,59,-7,7
18278,60,64,-4,4
18279,78,76,2,2
18280,66,64,2,2
18281,134,131,3,3
18282,61,58,3,3
18283,88,82,6,6
18284,95,93,2,2
18285,79,80,-1,1
18286,109,110,-1,1
18287,74,70,4,4
18288,82,75,7,7
18289,77,78,-1,1
18290,89,84,5,5
18291,115,102,13,13
18292,64,67,-3,3
18293,143,131,12,12
18294,189,188,1,1
18295,27,39,-12,12
18296,82,86,-4,4
18297,127,138,-11,11
18298,121,101,20,20
18299,103,101,2,2
18300,55,55,0,0
18301,163,156,7,7
18302,93,93,0,0
18303,95,92,3,3
18304,123,117,6,6
18305,59,63,-4,4
18306,112,97,15,15
18307,76,75,1,1
18308,77,98,-21,21
18309,62,63,-1,1
18310,71,71,0,0
18311,60,57,3,3
18312,141,145,-4,4
18313,91,91,0,0
18314,96,88,8,8
18315,58,55,3,3
18316,93,89,4,4
18317,165,181,-16,16
18318,199,197,2,2
18319,98,94,4,4
18320,152,148,4,4
18321,81,74,7,7
18322,93,86,7,7
18323,122,110,12,12
18324,83,80,3,3
18325,82,97,-15,15
18326,61,61,0,0
18327,87,85,2,2
18328,44,65,-21,21
18329,90,99,-9,9
18330,50,45,5,5
18331,122,99,23,23
18332,82,82,0,0
18333,101,103,-2,2
18334,93,94,-1,1
18335,132,126,6,6
18336,111,125,-14,14
18337,96,78,18,18
18338,47,56,-9,9
18339,113,116,-3,3
18340,182,191,-9,9
18341,107,124,-17,17
18342,99,106,-7,7
18343,72,62,10,10
18344,84,86,-2,2
18345,55,53,2,2
18346,154,158,-4,4
18347,39,49,-10,10
18348,107,100,7,7
18349,89,95,-6,6
18350,114,125,-11,11
18351,99,99,0,0
18352,76,78,-2,2
18353,61,61,0,0
18354,112,105,7,7
18355,79,85,-6,6
18356,81,81,0,0
18357,80,86,-6,6
18358,49,67,-18,18
18359,48,46,2,2
18360,113,105,8,8
18361,91,87,4,4
18362,76,75,1,1
18363,144,155,-11,11
18364,67,60,7,7
18365,81,73,8,8
18366,111,101,10,10
18367,78,77,1,1
18368,53,52,1,1
18369,77,71,6,6
18370,71,88,-17,17
18371,76,79,-3,3
18372,65,68,-3,3
18373,90,89,1,1
18374,165,162,3,3
18375,188,185,3,3
18376,58,172,-114,114
18377,81,80,1,1
18378,65,74,-9,9
18379,91,92,-1,1
18380,116,115,1,1
18381,145,129,16,16
18382,111,106,5,5
18383,146,133,13,13
18384,119,98,21,21
18385,91,91,0,0
18386,116,114,2,2
18387,48,44,4,4
18388,107,107,0,0
18389,63,63,0,0
18390,120,107,13,13
18391,86,79,7,7
18392,93,89,4,4
18393,89,88,1,1
18394,95,98,-3,3
18395,90,86,4,4
18396,104,104,0,0
18397,144,143,1,1
18398,119,110,9,9
18399,82,74,8,8
18400,61,73,-12,12
18401,93,101,-8,8
18402,142,131,11,11
18403,73,70,3,3
18404,133,119,14,14
18405,128,134,-6,6
18406,104,101,3,3
18407,90,87,3,3
18408,88,90,-2,2
18409,65,71,-6,6
18410,102,95,7,7
18411,176,169,7,7
18412,90,97,-7,7
18413,241,227,14,14
18414,115,102,13,13
18415,69,60,9,9
18416,94,90,4,4
18417,123,128,-5,5
18418,96,105,-9,9
18419,90,94,-4,4
18420,59,62,-3,3
18421,76,65,11,11
18422,72,71,1,1
18423,70,64,6,6
18424,67,61,6,6
18425,83,93,-10,10
18426,205,177,28,28
18427,62,70,-8,8
18428,214,224,-10,10
18429,79,77,2,2
18430,142,129,13,13
18431,88,81,7,7
18432,107,112,-5,5
18433,120,108,12,12
18434,108,103,5,5
18435,102,93,9,9
18436,64,70,-6,6
18437,86,90,-4,4
18438,70,70,0,0
18439,130,92,38,38
18440,97,86,11,11
18441,85,84,1,1
18442,67,67,0,0
18443,142,114,28,28
18444,48,58,-10,10
18445,88,81,7,7
18446,123,125,-2,2
18447,69,79,-10,10
18448,92,88,4,4
18449,69,69,0,0
18450,45,48,-3,3
18451,64,56,8,8
18452,84,73,11,11
18453,131,118,13,13
18454,78,79,-1,1
18455,32,43,-11,11
18456,85,82,3,3
18457,100,97,3,3
18458,99,87,12,12
18459,125,113,12,12
18460,91,80,11,11
18461,196,192,4,4
18462,94,115,-21,21
18463,54,48,6,6
18464,134,122,12,12
18465,168,148,20,20
18466,64,58,6,6
18467,73,75,-2,2
18468,96,85,11,11
18469,82,85,-3,3
18470,48,67,-19,19
18471,65,71,-6,6
18472,121,109,12,12
18473,102,100,2,2
18474,69,57,12,12
18475,92,88,4,4
18476,79,80,-1,1
18477,107,107,0,0
18478,76,88,-12,12
18479,73,79,-6,6
18480,75,69,6,6
18481,150,153,-3,3
18482,149,142,7,7
18483,144,121,23,23
18484,113,113,0,0
18485,62,71,-9,9
18486,108,113,-5,5
18487,103,103,0,0
18488,58,98,-40,40
18489,42,56,-14,14
18490,115,110,5,5
18491,58,89,-31,31
18492,115,102,13,13
18493,109,98,11,11
18494,51,40,11,11
18495,70,76,-6,6
18496,68,76,-8,8
18497,143,133,10,10
18498,83,70,13,13
18499,116,105,11,11
18500,45,50,-5,5
18501,90,92,-2,2
18502,67,67,0,0
18503,100,96,4,4
18504,113,111,2,2
18505,30,44,-14,14
18506,98,97,1,1
18507,67,74,-7,7
18508,53,61,-8,8
18509,105,101,4,4
18510,123,121,2,2
18511,57,56,1,1
18512,125,104,21,21
18513,98,91,7,7
18514,111,105,6,6
18515,122,115,7,7
18516,117,112,5,5
18517,74,68,6,6
18518,84,80,4,4
18519,143,143,0,0
18520,121,108,13,13
18521,121,121,0,0
18522,99,97,2,2
18523,103,92,11,11
18524,104,89,15,15
18525,63,61,2,2
18526,222,207,15,15
18527,113,107,6,6
18528,88,84,4,4
18529,122,95,27,27
18530,109,116,-7,7
18531,72,65,7,7
18532,64,60,4,4
18533,144,131,13,13
18534,82,81,1,1
18535,82,87,-5,5
18536,162,158,4,4
18537,112,118,-6,6
18538,62,61,1,1
18539,78,93,-15,15
18540,48,43,5,5
18541,90,88,2,2
18542,130,114,16,16
18543,70,73,-3,3
18544,141,148,-7,7
18545,138,131,7,7
18546,126,86,40,40
18547,71,60,11,11
18548,89,91,-2,2
18549,138,132,6,6
18550,70,57,13,13
18551,123,103,20,20
18552,72,74,-2,2
18553,107,102,5,5
18554,58,56,2,2
18555,90,83,7,7
18556,136,135,1,1
18557,163,153,10,10
18558,108,98,10,10
18559,83,68,15,15
18560,117,111,6,6
18561,142,134,8,8
18562,69,66,3,3
18563,100,89,11,11
18564,211,200,11,11
18565,148,139,9,9
18566,82,77,5,5
18567,86,92,-6,6
18568,201,201,0,0
18569,113,119,-6,6
18570,126,124,2,2
18571,64,66,-2,2
18572,98,93,5,5
18573,51,47,4,4
18574,93,98,-5,5
18575,60,59,1,1
18576,82,78,4,4
18577,95,109,-14,14
18578,94,85,9,9
18579,81,77,4,4
18580,111,112,-1,1
18581,63,79,-16,16
18582,55,56,-1,1
18583,142,134,8,8
18584,139,132,7,7
18585,118,114,4,4
18586,209,171,38,38
18587,73,73,0,0
18588,103,96,7,7
18589,118,129,-11,11
18590,124,114,10,10
18591,79,89,-10,10
18592,124,118,6,6
18593,129,121,8,8
18594,91,86,5,5
18595,83,86,-3,3
18596,120,108,12,12
18597,91,82,9,9
18598,101,93,8,8
18599,117,107,10,10
18600,154,149,5,5
18601,83,82,1,1
18602,113,116,-3,3
18603,83,84,-1,1
18604,106,112,-6,6
18605,47,47,0,0
18606,63,68,-5,5
18607,99,93,6,6
18608,47,65,-18,18
18609,111,106,5,5
18610,111,105,6,6
18611,152,139,13,13
18612,91,113,-22,22
18613,111,110,1,1
18614,103,113,-10,10
18615,80,82,-2,2
18616,133,116,17,17
18617,83,77,6,6
18618,67,63,4,4
18619,124,132,-8,8
18620,93,101,-8,8
18621,80,75,5,5
18622,64,69,-5,5
18623,74,73,1,1
18624,92,92,0,0
18625,122,110,12,12
18626,92,104,-12,12
18627,111,107,4,4
18628,148,114,34,34
18629,102,80,22,22
18630,101,89,12,12
18631,89,83,6,6
18632,94,101,-7,7
18633,78,76,2,2
18634,88,77,11,11
18635,87,100,-13,13
18636,59,53,6,6
18637,75,78,-3,3
18638,101,102,-1,1
18639,96,98,-2,2
18640,64,71,-7,7
18641,106,104,2,2
18642,90,89,1,1
18643,95,96,-1,1
18644,107,101,6,6
18645,95,95,0,0
18646,78,85,-7,7
18647,124,146,-22,22
18648,142,149,-7,7
18649,73,69,4,4
18650,111,109,2,2
18651,92,72,20,20
18652,205,175,30,30
18653,93,93,0,0
18654,87,95,-8,8
18655,43,41,2,2
18656,51,53,-2,2
18657,102,100,2,2
18658,85,97,-12,12
18659,152,153,-1,1
18660,69,63,6,6
18661,47,53,-6,6
18662,52,60,-8,8
18663,94,95,-1,1
18664,149,128,21,21
18665,81,69,12,12
18666,96,84,12,12
18667,88,83,5,5
18668,81,78,3,3
18669,129,117,12,12
18670,107,130,-23,23
18671,93,79,14,14
18672,90,92,-2,2
18673,72,77,-5,5
18674,82,80,2,2
18675,73,82,-9,9
18676,102,94,8,8
18677,52,47,5,5
18678,79,82,-3,3
18679,131,121,10,10
18680,56,58,-2,2
18681,58,52,6,6
18682,66,62,4,4
18683,58,61,-3,3
18684,76,79,-3,3
18685,83,80,3,3
18686,84,79,5,5
18687,100,115,-15,15
18688,114,104,10,10
18689,112,109,3,3
18690,104,100,4,4
18691,110,110,0,0
18692,160,163,-3,3
18693,98,93,5,5
18694,122,117,5,5
18695,39,39,0,0
18696,120,119,1,1
18697,84,81,3,3
18698,64,77,-13,13
18699,87,89,-2,2
18700,102,94,8,8
18701,87,88,-1,1
18702,76,75,1,1
18703,132,126,6,6
18704,65,59,6,6
18705,136,112,24,24
18706,87,75,12,12
18707,93,87,6,6
18708,130,124,6,6
18709,96,90,6,6
18710,93,86,7,7
18711,67,76,-9,9
18712,116,110,6,6
18713,81,86,-5,5
18714,107,117,-10,10
18715,70,64,6,6
18716,113,102,11,11
18717,78,79,-1,1
18718,93,84,9,9
18719,62,66,-4,4
18720,43,43,0,0
18721,81,72,9,9
18722,85,82,3,3
18723,128,112,16,16
18724,110,107,3,3
18725,37,35,2,2
18726,66,79,-13,13
18727,56,54,2,2
18728,95,100,-5,5
18729,95,97,-2,2
18730,92,89,3,3
18731,99,98,1,1
18732,75,79,-4,4
18733,186,158,28,28
18734,30,36,-6,6
18735,63,60,3,3
18736,60,59,1,1
18737,38,38,0,0
18738,70,77,-7,7
18739,85,82,3,3
18740,71,55,16,16
18741,122,123,-1,1
18742,45,45,0,0
18743,94,87,7,7
18744,133,123,10,10
18745,89,82,7,7
18746,85,75,10,10
18747,80,81,-1,1
18748,141,126,15,15
18749,108,104,4,4
18750,39,62,-23,23
18751,85,97,-12,12
18752,99,97,2,2
18753,81,77,4,4
18754,123,118,5,5
18755,98,96,2,2
18756,81,74,7,7
18757,110,107,3,3
18758,64,65,-1,1
18759,75,82,-7,7
18760,59,54,5,5
18761,66,74,-8,8
18762,81,65,16,16
18763,92,88,4,4
18764,115,108,7,7
18765,129,122,7,7
18766,99,91,8,8
18767,72,72,0,0
18768,91,86,5,5
18769,69,70,-1,1
18770,80,72,8,8
18771,89,91,-2,2
18772,92,99,-7,7
18773,95,88,7,7
18774,166,152,14,14
18775,61,55,6,6
18776,59,45,14,14
18777,42,56,-14,14
18778,53,58,-5,5
18779,101,93,8,8
18780,90,91,-1,1
18781,116,113,3,3
18782,83,81,2,2
18783,89,94,-5,5
18784,121,118,3,3
18785,74,69,5,5
18786,113,113,0,0
18787,85,83,2,2
18788,137,129,8,8
18789,72,76,-4,4
18790,78,69,9,9
18791,113,120,-7,7
18792,144,114,30,30
18793,54,56,-2,2
18794,74,69,5,5
18795,72,63,9,9
18796,73,75,-2,2
18797,163,139,24,24
18798,96,98,-2,2
18799,90,87,3,3
18800,64,63,1,1
18801,61,60,1,1
18802,79,77,2,2
18803,118,118,0,0
18804,70,68,2,2
18805,108,107,1,1
18806,83,101,-18,18
18807,55,54,1,1
18808,139,138,1,1
18809,49,45,4,4
18810,159,155,4,4
18811,30,55,-25,25
18812,111,114,-3,3
18813,112,108,4,4
18814,149,158,-9,9
18815,104,107,-3,3
18816,166,137,29,29
18817,76,73,3,3
18818,128,132,-4,4
18819,54,56,-2,2
18820,99,93,6,6
18821,53,54,-1,1
18822,98,96,2,2
18823,94,92,2,2
18824,144,155,-11,11
18825,47,37,10,10
18826,124,124,0,0
18827,137,154,-17,17
18828,55,46,9,9
18829,79,70,9,9
18830,103,97,6,6
18831,67,80,-13,13
18832,45,42,3,3
18833,129,114,15,15
18834,33,56,-23,23
18835,108,105,3,3
18836,68,68,0,0
18837,165,163,2,2
18838,108,93,15,15
18839,142,108,34,34
18840,108,112,-4,4
18841,56,66,-10,10
18842,73,75,-2,2
18843,121,111,10,10
18844,139,144,-5,5
18845,124,112,12,12
18846,59,66,-7,7
18847,98,106,-8,8
18848,42,43,-1,1
18849,94,99,-5,5
18850,120,107,13,13
18851,64,63,1,1
18852,52,58,-6,6
18853,193,182,11,11
18854,99,96,3,3
18855,73,83,-10,10
18856,166,133,33,33
18857,116,111,5,5
18858,69,95,-26,26
18859,67,68,-1,1
18860,81,71,10,10
18861,112,99,13,13
18862,120,104,16,16
18863,67,57,10,10
18864,105,85,20,20
18865,146,127,19,19
18866,110,99,11,11
18867,90,83,7,7
18868,94,79,15,15
18869,106,114,-8,8
18870,95,93,2,2
18871,112,112,0,0
18872,104,94,10,10
18873,60,68,-8,8
18874,93,79,14,14
18875,171,175,-4,4
18876,57,59,-2,2
18877,106,83,23,23
18878,83,94,-11,11
18879,65,62,3,3
18880,111,103,8,8
18881,117,110,7,7
18882,71,74,-3,3
18883,46,42,4,4
18884,87,103,-16,16
18885,80,75,5,5
18886,58,59,-1,1
18887,47,42,5,5
18888,196,172,24,24
18889,100,100,0,0
18890,122,121,1,1
18891,126,125,1,1
18892,61,63,-2,2
18893,68,76,-8,8
18894,90,98,-8,8
18895,96,97,-1,1
18896,154,163,-9,9
18897,153,160,-7,7
18898,83,77,6,6
18899,130,123,7,7
18900,110,100,10,10
18901,122,118,4,4
18902,85,77,8,8
18903,55,55,0,0
18904,85,81,4,4
18905,122,124,-2,2
18906,71,76,-5,5
18907,149,143,6,6
18908,101,93,8,8
18909,81,95,-14,14
18910,95,86,9,9
18911,120,108,12,12
18912,137,146,-9,9
18913,132,149,-17,17
18914,83,75,8,8
18915,121,102,19,19
18916,121,113,8,8
18917,125,134,-9,9
18918,81,80,1,1
18919,137,131,6,6
18920,89,86,3,3
18921,113,107,6,6
18922,23,32,-9,9
18923,123,93,30,30
18924,172,162,10,10
18925,64,62,2,2
18926,122,128,-6,6
18927,67,62,5,5
18928,86,82,4,4
18929,42,56,-14,14
18930,126,118,8,8
18931,148,135,13,13
18932,81,71,10,10
18933,78,79,-1,1
18934,74,67,7,7
18935,52,56,-4,4
18936,67,70,-3,3
18937,69,73,-4,4
18938,76,77,-1,1
18939,56,59,-3,3
18940,103,111,-8,8
18941,86,100,-14,14
18942,67,61,6,6
18943,74,79,-5,5
18944,61,54,7,7
18945,42,52,-10,10
18946,106,100,6,6
18947,59,56,3,3
18948,65,54,11,11
18949,148,153,-5,5
18950,161,164,-3,3
18951,140,126,14,14
18952,140,139,1,1
18953,70,73,-3,3
18954,157,137,20,20
18955,70,72,-2,2
18956,110,113,-3,3
18957,132,175,-43,43
18958,40,80,-40,40
18959,115,106,9,9
18960,165,170,-5,5
18961,46,63,-17,17
18962,108,115,-7,7
18963,145,136,9,9
18964,153,133,20,20
18965,64,65,-1,1
18966,104,93,11,11
18967,104,85,19,19
18968,103,101,2,2
18969,99,104,-5,5
18970,58,62,-4,4
18971,78,75,3,3
18972,116,109,7,7
18973,95,106,-11,11
18974,77,79,-2,2
18975,100,108,-8,8
18976,147,142,5,5
18977,73,83,-10,10
18978,90,96,-6,6
18979,91,92,-1,1
18980,136,128,8,8
18981,156,147,9,9
18982,71,65,6,6
18983,65,63,2,2
18984,82,80,2,2
18985,116,111,5,5
18986,134,112,22,22
18987,70,72,-2,2
18988,98,93,5,5
18989,194,186,8,8
18990,58,67,-9,9
18991,111,138,-27,27
18992,55,58,-3,3
18993,105,104,1,1
18994,85,84,1,1
18995,105,95,10,10
18996,83,88,-5,5
18997,96,84,12,12
18998,83,76,7,7
18999,153,144,9,9
19000,81,81,0,0
19001,60,64,-4,4
19002,137,134,3,3
19003,140,127,13,13
19004,88,90,-2,2
19005,124,123,1,1
19006,101,85,16,16
19007,84,83,1,1
19008,99,99,0,0
19009,59,59,0,0
19010,83,100,-17,17
19011,113,109,4,4
19012,83,82,1,1
19013,65,71,-6,6
19014,52,65,-13,13
19015,120,121,-1,1
19016,102,87,15,15
19017,50,74,-24,24
19018,134,150,-16,16
19019,90,86,4,4
19020,79,79,0,0
19021,78,79,-1,1
19022,122,111,11,11
19023,69,74,-5,5
19024,72,66,6,6
19025,71,72,-1,1
19026,112,81,31,31
19027,111,92,19,19
19028,96,94,2,2
19029,96,94,2,2
19030,67,81,-14,14
19031,102,105,-3,3
19032,71,80,-9,9
19033,147,142,5,5
19034,123,123,0,0
19035,89,74,15,15
19036,72,77,-5,5
19037,81,89,-8,8
19038,61,65,-4,4
19039,79,83,-4,4
19040,112,103,9,9
19041,167,174,-7,7
19042,74,75,-1,1
19043,122,111,11,11
19044,78,98,-20,20
19045,64,67,-3,3
19046,72,86,-14,14
19047,90,83,7,7
19048,86,79,7,7
19049,122,106,16,16
19050,70,57,13,13
19051,80,79,1,1
19052,55,57,-2,2
19053,86,72,14,14
19054,117,119,-2,2
19055,95,97,-2,2
19056,88,87,1,1
19057,123,112,11,11
19058,102,91,11,11
19059,73,58,15,15
19060,33,37,-4,4
19061,133,118,15,15
19062,65,68,-3,3
19063,75,68,7,7
19064,39,38,1,1
19065,119,106,13,13
19066,88,83,5,5
19067,110,95,15,15
19068,59,63,-4,4
19069,94,99,-5,5
19070,90,85,5,5
19071,64,66,-2,2
19072,111,109,2,2
19073,95,94,1,1
19074,77,74,3,3
19075,60,52,8,8
19076,151,131,20,20
19077,90,80,10,10
19078,65,70,-5,5
19079,100,112,-12,12
19080,59,55,4,4
19081,89,90,-1,1
19082,91,103,-12,12
19083,152,138,14,14
19084,58,60,-2,2
19085,98,101,-3,3
19086,111,101,10,10
19087,94,93,1,1
19088,98,99,-1,1
19089,99,91,8,8
19090,132,121,11,11
19091,99,117,-18,18
19092,163,182,-19,19
19093,105,84,21,21
19094,109,109,0,0
19095,49,49,0,0
19096,97,109,-12,12
19097,153,123,30,30
19098,73,97,-24,24
19099,71,61,10,10
19100,89,77,12,12
19101,110,90,20,20
19102,73,70,3,3
19103,151,117,34,34
19104,146,120,26,26
19105,74,73,1,1
19106,76,69,7,7
19107,57,129,-72,72
19108,96,76,20,20
19109,143,125,18,18
19110,98,85,13,13
19111,74,76,-2,2
19112,78,74,4,4
19113,139,167,-28,28
19114,81,84,-3,3
19115,74,90,-16,16
19116,81,77,4,4
19117,149,142,7,7
19118,59,63,-4,4
19119,92,103,-11,11
19120,88,79,9,9
19121,94,95,-1,1
19122,106,101,5,5
19123,143,112,31,31
19124,61,72,-11,11
19125,84,71,13,13
19126,107,106,1,1
19127,129,119,10,10
19128,80,78,2,2
19129,89,84,5,5
19130,159,145,14,14
19131,44,47,-3,3
19132,116,116,0,0
19133,79,89,-10,10
19134,82,74,8,8
19135,77,78,-1,1
19136,124,107,17,17
19137,97,98,-1,1
19138,62,69,-7,7
19139,65,65,0,0
19140,78,70,8,8
19141,105,99,6,6
19142,107,111,-4,4
19143,60,57,3,3
19144,63,58,5,5
19145,71,73,-2,2
19146,122,120,2,2
19147,76,72,4,4
19148,137,141,-4,4
19149,89,87,2,2
19150,87,96,-9,9
19151,147,142,5,5
19152,121,147,-26,26
19153,91,84,7,7
19154,62,60,2,2
19155,77,84,-7,7
19156,95,87,8,8
19157,71,71,0,0
19158,129,136,-7,7
19159,114,110,4,4
19160,196,201,-5,5
19161,113,110,3,3
19162,122,115,7,7
19163,120,113,7,7
19164,104,114,-10,10
19165,99,93,6,6
19166,80,82,-2,2
19167,69,70,-1,1
19168,100,102,-2,2
19169,63,63,0,0
19170,145,131,14,14
19171,55,43,12,12
19172,91,86,5,5
19173,148,130,18,18
19174,75,73,2,2
19175,106,102,4,4
19176,179,165,14,14
19177,86,93,-7,7
19178,72,71,1,1
19179,127,126,1,1
19180,68,69,-1,1
19181,69,81,-12,12
19182,136,132,4,4
19183,91,87,4,4
19184,102,103,-1,1
19185,128,114,14,14
19186,94,85,9,9
19187,105,101,4,4
19188,146,135,11,11
19189,72,67,5,5
19190,105,100,5,5
19191,137,135,2,2
19192,169,174,-5,5
19193,130,147,-17,17
19194,126,121,5,5
19195,125,118,7,7
19196,102,101,1,1
19197,74,78,-4,4
19198,74,73,1,1
19199,97,97,0,0
19200,113,101,12,12
19201,54,56,-2,2
19202,127,105,22,22
19203,73,76,-3,3
19204,145,145,0,0
19205,117,115,2,2
19206,123,114,9,9
19207,188,164,24,24
19208,75,85,-10,10
19209,76,82,-6,6
19210,45,42,3,3
19211,86,81,5,5
19212,74,76,-2,2
19213,103,113,-10,10
19214,140,122,18,18
19215,95,95,0,0
19216,102,102,0,0
19217,34,36,-2,2
19218,101,98,3,3
19219,62,70,-8,8
19220,81,91,-10,10
19221,84,81,3,3
19222,114,127,-13,13
19223,90,83,7,7
19224,66,96,-30,30
19225,98,93,5,5
19226,68,74,-6,6
19227,115,110,5,5
19228,101,70,31,31
19229,137,132,5,5
19230,125,128,-3,3
19231,84,85,-1,1
19232,43,52,-9,9
19233,99,98,1,1
19234,126,122,4,4
19235,97,95,2,2
19236,105,97,8,8
19237,74,78,-4,4
19238,108,105,3,3
19239,70,69,1,1
19240,49,54,-5,5
19241,133,127,6,6
19242,105,97,8,8
19243,147,142,5,5
19244,98,98,0,0
19245,124,107,17,17
19246,73,75,-2,2
19247,78,71,7,7
19248,106,108,-2,2
19249,63,60,3,3
19250,87,84,3,3
19251,80,73,7,7
19252,101,102,-1,1
19253,80,78,2,2
19254,107,89,18,18
19255,65,68,-3,3
19256,62,56,6,6
19257,124,125,-1,1
19258,37,42,-5,5
19259,109,104,5,5
19260,48,52,-4,4
19261,152,135,17,17
19262,163,155,8,8
19263,126,120,6,6
19264,62,81,-19,19
19265,128,138,-10,10
19266,104,100,4,4
19267,110,123,-13,13
19268,79,91,-12,12
19269,79,83,-4,4
19270,145,148,-3,3
19271,74,81,-7,7
19272,59,62,-3,3
19273,107,104,3,3
19274,88,91,-3,3
19275,47,67,-20,20
19276,111,110,1,1
19277,108,98,10,10
19278,133,108,25,25
19279,155,165,-10,10
19280,85,84,1,1
19281,135,125,10,10
19282,104,94,10,10
19283,149,154,-5,5
19284,78,83,-5,5
19285,76,71,5,5
19286,96,95,1,1
19287,130,110,20,20
19288,90,90,0,0
19289,55,74,-19,19
19290,123,126,-3,3
19291,65,71,-6,6
19292,69,56,13,13
19293,50,57,-7,7
19294,51,64,-13,13
19295,81,75,6,6
19296,108,114,-6,6
19297,81,80,1,1
19298,42,38,4,4
19299,141,122,19,19
19300,66,78,-12,12
19301,103,97,6,6
19302,147,133,14,14
19303,105,90,15,15
19304,136,114,22,22
19305,58,61,-3,3
19306,108,101,7,7
19307,63,56,7,7
19308,116,113,3,3
19309,147,143,4,4
19310,73,68,5,5
19311,92,82,10,10
19312,63,60,3,3
19313,98,96,2,2
19314,153,156,-3,3
19315,98,92,6,6
19316,68,80,-12,12
19317,70,57,13,13
19318,69,140,-71,71
19319,68,74,-6,6
19320,66,61,5,5
19321,83,89,-6,6
19322,113,103,10,10
19323,123,122,1,1
19324,39,38,1,1
19325,127,119,8,8
19326,119,117,2,2
19327,80,78,2,2
19328,202,224,-22,22
19329,71,87,-16,16
19330,49,57,-8,8
19331,73,80,-7,7
19332,90,93,-3,3
19333,86,88,-2,2
19334,71,90,-19,19
19335,62,69,-7,7
19336,89,81,8,8
19337,205,190,15,15
19338,157,130,27,27
19339,95,97,-2,2
19340,54,57,-3,3
19341,86,95,-9,9
19342,105,112,-7,7
19343,51,59,-8,8
19344,56,67,-11,11
19345,142,128,14,14
19346,151,138,13,13
19347,72,74,-2,2
19348,71,81,-10,10
19349,73,73,0,0
19350,58,55,3,3
19351,175,203,-28,28
19352,132,133,-1,1
19353,102,100,2,2
19354,115,101,14,14
19355,92,90,2,2
19356,77,70,7,7
19357,113,109,4,4
19358,103,114,-11,11
19359,147,170,-23,23
19360,93,106,-13,13
19361,105,107,-2,2
19362,95,91,4,4
19363,158,149,9,9
19364,117,115,2,2
19365,113,128,-15,15
19366,84,79,5,5
19367,64,65,-1,1
19368,98,87,11,11
19369,91,96,-5,5
19370,106,94,12,12
19371,57,63,-6,6
19372,130,128,2,2
19373,67,72,-5,5
19374,60,63,-3,3
19375,80,74,6,6
19376,109,106,3,3
19377,56,80,-24,24
19378,61,62,-1,1
19379,162,153,9,9
19380,105,98,7,7
19381,118,108,10,10
19382,88,86,2,2
19383,61,55,6,6
19384,101,97,4,4
19385,130,127,3,3
19386,116,106,10,10
19387,66,71,-5,5
19388,67,70,-3,3
19389,68,75,-7,7
19390,54,52,2,2
19391,76,75,1,1
19392,91,89,2,2
19393,48,47,1,1
19394,108,106,2,2
19395,50,57,-7,7
19396,121,123,-2,2
19397,55,58,-3,3
19398,99,94,5,5
19399,109,95,14,14
19400,129,114,15,15
19401,59,53,6,6
19402,193,202,-9,9
19403,115,108,7,7
19404,168,165,3,3
19405,109,107,2,2
19406,79,91,-12,12
19407,69,64,5,5
19408,124,125,-1,1
19409,86,93,-7,7
19410,108,102,6,6
19411,57,57,0,0
19412,69,57,12,12
19413,73,82,-9,9
19414,93,99,-6,6
19415,108,102,6,6
19416,47,51,-4,4
19417,96,102,-6,6
19418,136,141,-5,5
19419,62,51,11,11
19420,35,53,-18,18
19421,168,184,-16,16
19422,72,60,12,12
19423,53,59,-6,6
19424,181,156,25,25
19425,106,97,9,9
19426,110,110,0,0
19427,71,80,-9,9
19428,81,86,-5,5
19429,66,68,-2,2
19430,96,101,-5,5
19431,94,76,18,18
19432,101,84,17,17
19433,56,56,0,0
19434,161,140,21,21
19435,120,115,5,5
19436,90,94,-4,4
19437,74,72,2,2
19438,119,110,9,9
19439,120,114,6,6
19440,116,139,-23,23
19441,72,76,-4,4
19442,100,87,13,13
19443,72,71,1,1
19444,152,153,-1,1
19445,65,71,-6,6
19446,84,83,1,1
19447,100,98,2,2
19448,116,104,12,12
19449,88,93,-5,5
19450,94,103,-9,9
19451,76,78,-2,2
19452,70,76,-6,6
19453,72,88,-16,16
19454,114,108,6,6
19455,95,93,2,2
19456,88,83,5,5
19457,103,130,-27,27
19458,82,81,1,1
19459,66,73,-7,7
19460,126,107,19,19
19461,215,269,-54,54
19462,127,115,12,12
19463,71,69,2,2
19464,106,98,8,8
19465,125,119,6,6
19466,98,90,8,8
19467,80,98,-18,18
19468,76,82,-6,6
19469,126,122,4,4
19470,45,48,-3,3
19471,98,100,-2,2
19472,75,79,-4,4
19473,76,68,8,8
19474,103,106,-3,3
19475,149,138,11,11
19476,110,110,0,0
19477,71,73,-2,2
19478,121,124,-3,3
19479,86,79,7,7
19480,44,47,-3,3
19481,126,122,4,4
19482,145,127,18,18
19483,94,102,-8,8
19484,49,53,-4,4
19485,99,94,5,5
19486,75,88,-13,13
19487,77,92,-15,15
19488,65,76,-11,11
19489,117,109,8,8
19490,87,79,8,8
19491,87,94,-7,7
19492,138,136,2,2
19493,66,64,2,2
19494,100,92,8,8
19495,107,92,15,15
19496,82,106,-24,24
19497,76,88,-12,12
19498,67,84,-17,17
19499,40,40,0,0
19500,88,91,-3,3
19501,184,157,27,27
19502,92,81,11,11
19503,134,131,3,3
19504,105,101,4,4
19505,112,116,-4,4
19506,70,66,4,4
19507,70,72,-2,2
19508,57,63,-6,6
19509,120,116,4,4
19510,98,101,-3,3
19511,115,108,7,7
19512,84,89,-5,5
19513,97,89,8,8
19514,85,92,-7,7
19515,67,73,-6,6
19516,93,84,9,9
19517,123,111,12,12
19518,52,99,-47,47
19519,113,119,-6,6
19520,63,63,0,0
19521,97,91,6,6
19522,103,100,3,3
19523,91,106,-15,15
19524,74,75,-1,1
19525,110,113,-3,3
19526,162,158,4,4
19527,98,94,4,4
19528,103,97,6,6
19529,96,109,-13,13
19530,35,36,-1,1
19531,85,87,-2,2
19532,69,69,0,0
19533,80,69,11,11
19534,60,60,0,0
19535,87,100,-13,13
19536,77,73,4,4
19537,139,134,5,5
19538,51,53,-2,2
19539,122,108,14,14
19540,125,109,16,16
19541,63,52,11,11
19542,125,113,12,12
19543,85,89,-4,4
19544,112,102,10,10
19545,58,62,-4,4
19546,104,101,3,3
19547,120,110,10,10
19548,43,46,-3,3
19549,90,100,-10,10
19550,29,26,3,3
19551,92,80,12,12
19552,99,97,2,2
19553,55,60,-5,5
19554,66,59,7,7
19555,78,70,8,8
19556,67,58,9,9
19557,91,74,17,17
19558,143,125,18,18
19559,86,85,1,1
19560,57,69,-12,12
19561,96,85,11,11
19562,101,106,-5,5
19563,58,49,9,9
19564,113,104,9,9
19565,44,43,1,1
19566,140,122,18,18
19567,150,147,3,3
19568,117,119,-2,2
19569,86,87,-1,1
19570,99,87,12,12
19571,114,99,15,15
19572,81,82,-1,1
19573,64,54,10,10
19574,132,127,5,5
19575,82,80,2,2
19576,141,137,4,4
19577,68,84,-16,16
19578,137,124,13,13
19579,75,67,8,8
19580,71,64,7,7
19581,59,51,8,8
19582,45,44,1,1
19583,70,61,9,9
19584,107,103,4,4
19585,59,64,-5,5
19586,41,41,0,0
19587,65,67,-2,2
19588,50,46,4,4
19589,88,89,-1,1
19590,114,113,1,1
19591,64,60,4,4
19592,154,147,7,7
19593,64,68,-4,4
19594,46,68,-22,22
19595,120,112,8,8
19596,80,80,0,0
19597,52,51,1,1
19598,88,107,-19,19
19599,65,98,-33,33
19600,49,54,-5,5
19601,82,102,-20,20
19602,108,108,0,0
19603,59,56,3,3
19604,68,62,6,6
19605,99,94,5,5
19606,100,99,1,1
19607,100,89,11,11
19608,156,144,12,12
19609,91,94,-3,3
19610,152,134,18,18
19611,125,109,16,16
19612,60,59,1,1
19613,43,47,-4,4
19614,48,52,-4,4
19615,94,95,-1,1
19616,70,67,3,3
19617,52,48,4,4
19618,70,62,8,8
19619,154,140,14,14
19620,133,132,1,1
19621,72,69,3,3
19622,79,76,3,3
19623,111,111,0,0
19624,72,65,7,7
19625,147,158,-11,11
19626,94,84,10,10
19627,41,41,0,0
19628,79,85,-6,6
19629,61,62,-1,1
19630,68,74,-6,6
19631,70,66,4,4
19632,80,80,0,0
19633,58,71,-13,13
19634,45,49,-4,4
19635,187,158,29,29
19636,84,85,-1,1
19637,76,80,-4,4
19638,154,128,26,26
19639,139,138,1,1
19640,173,160,13,13
19641,75,76,-1,1
19642,148,141,7,7
19643,174,171,3,3
19644,100,105,-5,5
19645,29,28,1,1
19646,102,96,6,6
19647,67,72,-5,5
19648,51,47,4,4
19649,133,107,26,26
19650,36,28,8,8
19651,66,61,5,5
19652,65,57,8,8
19653,73,76,-3,3
19654,151,146,5,5
19655,87,81,6,6
19656,138,141,-3,3
19657,65,63,2,2
19658,97,95,2,2
19659,84,79,5,5
19660,171,161,10,10
19661,110,102,8,8
19662,120,108,12,12
19663,99,97,2,2
19664,135,169,-34,34
19665,90,92,-2,2
19666,70,68,2,2
19667,99,101,-2,2
19668,58,68,-10,10
19669,109,141,-32,32
19670,77,77,0,0
19671,74,67,7,7
19672,134,128,6,6
19673,130,114,16,16
19674,65,62,3,3
19675,109,100,9,9
19676,75,84,-9,9
19677,125,121,4,4
19678,99,92,7,7
19679,147,143,4,4
19680,160,148,12,12
19681,49,53,-4,4
19682,62,58,4,4
19683,332,344,-12,12
19684,127,127,0,0
19685,34,32,2,2
19686,145,143,2,2
19687,108,99,9,9
19688,66,67,-1,1
19689,65,68,-3,3
19690,157,148,9,9
19691,89,71,18,18
19692,97,101,-4,4
19693,116,109,7,7
19694,102,100,2,2
19695,118,120,-2,2
19696,161,164,-3,3
19697,97,78,19,19
19698,40,45,-5,5
19699,63,66,-3,3
19700,70,85,-15,15
19701,83,78,5,5
19702,100,102,-2,2
19703,76,72,4,4
19704,105,106,-1,1
19705,72,83,-11,11
19706,69,82,-13,13
19707,136,122,14,14
19708,126,110,16,16
19709,130,131,-1,1
19710,116,115,1,1
19711,87,90,-3,3
19712,100,98,2,2
19713,100,90,10,10
19714,55,50,5,5
19715,92,91,1,1
19716,101,94,7,7
19717,149,142,7,7
19718,98,89,9,9
19719,89,86,3,3
19720,40,66,-26,26
19721,91,85,6,6
19722,103,102,1,1
19723,88,86,2,2
19724,76,88,-12,12
19725,43,57,-14,14
19726,60,56,4,4
19727,165,149,16,16
19728,148,154,-6,6
19729,114,109,5,5
19730,97,85,12,12
19731,141,140,1,1
19732,82,91,-9,9
19733,89,81,8,8
19734,141,138,3,3
19735,31,48,-17,17
19736,87,98,-11,11
19737,83,84,-1,1
19738,64,62,2,2
19739,68,75,-7,7
19740,75,69,6,6
19741,102,98,4,4
19742,54,55,-1,1
19743,108,111,-3,3
19744,104,88,16,16
19745,132,128,4,4
19746,77,72,5,5
19747,130,132,-2,2
19748,46,51,-5,5
19749,83,37,46,46
19750,79,83,-4,4
19751,180,174,6,6
19752,118,125,-7,7
19753,105,107,-2,2
19754,93,97,-4,4
19755,81,76,5,5
19756,61,66,-5,5
19757,142,146,-4,4
19758,93,91,2,2
19759,100,99,1,1
19760,146,120,26,26
19761,64,64,0,0
19762,116,101,15,15
19763,55,57,-2,2
19764,55,60,-5,5
19765,86,92,-6,6
19766,90,84,6,6
19767,146,143,3,3
19768,55,54,1,1
19769,76,84,-8,8
19770,48,63,-15,15
19771,84,84,0,0
19772,62,60,2,2
19773,93,85,8,8
19774,104,98,6,6
19775,108,100,8,8
19776,83,90,-7,7
19777,57,52,5,5
19778,76,71,5,5
19779,100,118,-18,18
19780,96,96,0,0
19781,124,92,32,32
19782,55,73,-18,18
19783,61,71,-10,10
19784,104,92,12,12
19785,70,72,-2,2
19786,94,93,1,1
19787,64,73,-9,9
19788,113,113,0,0
19789,92,95,-3,3
19790,136,141,-5,5
19791,115,107,8,8
19792,103,109,-6,6
19793,84,88,-4,4
19794,60,60,0,0
19795,83,106,-23,23
19796,127,121,6,6
19797,137,129,8,8
19798,64,61,3,3
19799,180,172,8,8
19800,144,130,14,14
19801,82,78,4,4
19802,89,88,1,1
19803,122,136,-14,14
19804,85,85,0,0
19805,127,105,22,22
19806,86,87,-1,1
19807,81,85,-4,4
19808,102,98,4,4
19809,104,78,26,26
19810,47,45,2,2
19811,163,146,17,17
19812,102,96,6,6
19813,152,125,27,27
19814,139,127,12,12
19815,88,78,10,10
19816,57,53,4,4
19817,79,70,9,9
19818,60,55,5,5
19819,104,93,11,11
19820,92,85,7,7
19821,74,74,0,0
19822,94,89,5,5
19823,102,106,-4,4
19824,109,100,9,9
19825,86,87,-1,1
19826,85,80,5,5
19827,86,86,0,0
19828,158,139,19,19
19829,78,84,-6,6
19830,72,72,0,0
19831,127,120,7,7
19832,81,89,-8,8
19833,99,98,1,1
19834,64,64,0,0
19835,137,130,7,7
19836,99,100,-1,1
19837,74,78,-4,4
19838,80,86,-6,6
19839,99,100,-1,1
19840,95,99,-4,4
19841,48,55,-7,7
19842,77,77,0,0
19843,88,95,-7,7
19844,99,99,0,0
19845,87,78,9,9
19846,75,86,-11,11
19847,103,108,-5,5
19848,190,188,2,2
19849,88,64,24,24
19850,85,87,-2,2
19851,59,53,6,6
19852,63,80,-17,17
19853,85,83,2,2
19854,67,89,-22,22
19855,76,78,-2,2
19856,115,100,15,15
19857,62,66,-4,4
19858,61,63,-2,2
19859,147,136,11,11
19860,153,148,5,5
19861,68,65,3,3
19862,106,113,-7,7
19863,79,77,2,2
19864,165,149,16,16
19865,63,55,8,8
19866,106,104,2,2
19867,74,77,-3,3
19868,135,129,6,6
19869,76,79,-3,3
19870,113,122,-9,9
19871,77,82,-5,5
19872,67,67,0,0
19873,93,109,-16,16
19874,170,166,4,4
19875,77,80,-3,3
19876,88,73,15,15
19877,103,99,4,4
19878,85,86,-1,1
19879,82,81,1,1
19880,70,74,-4,4
19881,94,100,-6,6
19882,44,49,-5,5
19883,103,95,8,8
19884,99,98,1,1
19885,67,65,2,2
19886,56,59,-3,3
19887,94,90,4,4
19888,77,75,2,2
19889,68,62,6,6
19890,125,110,15,15
19891,110,106,4,4
19892,102,98,4,4
19893,57,45,12,12
19894,68,87,-19,19
19895,75,73,2,2
19896,101,96,5,5
19897,57,52,5,5
19898,93,103,-10,10
19899,52,46,6,6
19900,57,59,-2,2
19901,123,108,15,15
19902,111,118,-7,7
19903,62,66,-4,4
19904,89,97,-8,8
19905,114,103,11,11
19906,45,50,-5,5
19907,79,75,4,4
19908,134,126,8,8
19909,101,96,5,5
19910,92,100,-8,8
19911,74,71,3,3
19912,95,89,6,6
19913,49,60,-11,11
19914,86,77,9,9
19915,50,73,-23,23
19916,55,56,-1,1
19917,49,43,6,6
19918,87,90,-3,3
19919,59,65,-6,6
19920,108,110,-2,2
19921,88,77,11,11
19922,118,125,-7,7
19923,108,98,10,10
19924,38,66,-28,28
19925,94,95,-1,1
19926,35,55,-20,20
19927,114,113,1,1
19928,124,111,13,13
19929,108,113,-5,5
19930,129,134,-5,5
19931,69,74,-5,5
19932,108,110,-2,2
19933,66,67,-1,1
19934,62,63,-1,1
19935,107,96,11,11
19936,65,73,-8,8
19937,169,134,35,35
19938,115,114,1,1
19939,116,112,4,4
19940,87,92,-5,5
19941,62,70,-8,8
19942,128,117,11,11
19943,126,128,-2,2
19944,139,145,-6,6
19945,217,195,22,22
19946,147,154,-7,7
19947,117,104,13,13
19948,181,182,-1,1
19949,101,123,-22,22
19950,66,71,-5,5
19951,77,71,6,6
19952,110,108,2,2
19953,186,186,0,0
19954,60,67,-7,7
19955,68,73,-5,5
19956,125,123,2,2
19957,52,51,1,1
19958,75,69,6,6
19959,109,116,-7,7
19960,44,75,-31,31
19961,123,118,5,5
19962,123,117,6,6
19963,69,66,3,3
19964,51,52,-1,1
19965,148,130,18,18
19966,104,88,16,16
19967,64,61,3,3
19968,82,91,-9,9
19969,82,73,9,9
19970,135,132,3,3
19971,54,57,-3,3
19972,88,74,14,14
19973,88,92,-4,4
19974,102,96,6,6
19975,45,49,-4,4
19976,85,82,3,3
19977,117,99,18,18
19978,124,113,11,11
19979,60,57,3,3
19980,40,63,-23,23
19981,133,130,3,3
19982,101,95,6,6
19983,80,73,7,7
19984,90,97,-7,7
19985,85,82,3,3
19986,68,75,-7,7
19987,150,142,8,8
19988,86,76,10,10
19989,105,103,2,2
19990,45,43,2,2
19991,149,160,-11,11
19992,74,81,-7,7
19993,40,45,-5,5
19994,75,82,-7,7
19995,47,47,0,0
19996,70,75,-5,5
19997,56,52,4,4
19998,46,50,-4,4
19999,98,107,-9,9
20000,107,102,5,5
20001,121,110,11,11
20002,192,193,-1,1
20003,50,58,-8,8
20004,62,77,-15,15
20005,93,88,5,5
20006,96,78,18,18
20007,72,64,8,8
20008,134,139,-5,5
20009,98,95,3,3
20010,159,135,24,24
20011,115,105,10,10
20012,54,56,-2,2
20013,60,64,-4,4
20014,80,74,6,6
20015,103,101,2,2
20016,89,80,9,9
20017,118,124,-6,6
20018,109,102,7,7
20019,65,71,-6,6
20020,62,77,-15,15
20021,100,91,9,9
20022,127,130,-3,3
20023,54,61,-7,7
20024,113,103,10,10
20025,122,115,7,7
20026,140,116,24,24
20027,71,51,20,20
20028,86,91,-5,5
20029,94,95,-1,1
20030,124,117,7,7
20031,59,70,-11,11
20032,115,108,7,7
20033,61,54,7,7
20034,65,62,3,3
20035,79,77,2,2
20036,122,109,13,13
20037,97,103,-6,6
20038,64,64,0,0
20039,107,96,11,11
20040,109,106,3,3
20041,70,72,-2,2
20042,63,56,7,7
20043,104,102,2,2
20044,88,75,13,13
20045,91,95,-4,4
20046,136,139,-3,3
20047,67,78,-11,11
20048,65,71,-6,6
20049,97,98,-1,1
20050,114,119,-5,5
20051,122,132,-10,10
20052,76,70,6,6
20053,96,101,-5,5
20054,90,91,-1,1
20055,68,64,4,4
20056,78,82,-4,4
20057,158,132,26,26
20058,77,80,-3,3
20059,65,64,1,1
20060,126,113,13,13
20061,102,90,12,12
20062,96,83,13,13
20063,120,127,-7,7
20064,44,51,-7,7
20065,68,74,-6,6
20066,170,152,18,18
20067,40,40,0,0
20068,43,56,-13,13
20069,95,85,10,10
20070,114,100,14,14
20071,60,63,-3,3
20072,35,45,-10,10
20073,70,76,-6,6
20074,126,125,1,1
20075,68,70,-2,2
20076,137,138,-1,1
20077,154,122,32,32
20078,139,134,5,5
20079,103,88,15,15
20080,82,75,7,7
20081,94,101,-7,7
20082,136,132,4,4
20083,81,79,2,2
20084,51,46,5,5
20085,126,126,0,0
20086,89,119,-30,30
20087,88,89,-1,1
20088,77,69,8,8
20089,83,85,-2,2
20090,77,62,15,15
20091,84,74,10,10
20092,82,72,10,10
20093,65,65,0,0
20094,113,94,19,19
20095,78,99,-21,21
20096,54,56,-2,2
20097,94,101,-7,7
20098,59,63,-4,4
20099,117,128,-11,11
20100,78,73,5,5
20101,48,38,10,10
20102,54,66,-12,12
20103,99,98,1,1
20104,71,71,0,0
20105,136,129,7,7
20106,45,53,-8,8
20107,84,94,-10,10
20108,82,82,0,0
20109,45,50,-5,5
20110,125,97,28,28
20111,50,55,-5,5
20112,71,72,-1,1
20113,89,79,10,10
20114,61,71,-10,10
20115,105,97,8,8
20116,143,137,6,6
20117,185,146,39,39
20118,48,39,9,9
20119,98,97,1,1
20120,38,48,-10,10
20121,92,82,10,10
20122,139,131,8,8
20123,99,87,12,12
20124,106,99,7,7
20125,60,72,-12,12
20126,96,89,7,7
20127,138,140,-2,2
20128,83,89,-6,6
20129,152,130,22,22
20130,115,110,5,5
20131,84,94,-10,10
20132,133,129,4,4
20133,128,120,8,8
20134,78,80,-2,2
20135,93,97,-4,4
20136,105,99,6,6
20137,90,92,-2,2
20138,205,221,-16,16
20139,80,78,2,2
20140,80,79,1,1
20141,118,102,16,16
20142,60,70,-10,10
20143,101,98,3,3
20144,95,83,12,12
20145,130,148,-18,18
20146,113,100,13,13
20147,79,81,-2,2
20148,88,95,-7,7
20149,109,103,6,6
20150,98,88,10,10
20151,70,72,-2,2
20152,92,111,-19,19
20153,157,170,-13,13
20154,44,50,-6,6
20155,95,86,9,9
20156,87,84,3,3
20157,109,98,11,11
20158,111,109,2,2
20159,86,80,6,6
20160,149,148,1,1
20161,111,102,9,9
20162,45,51,-6,6
20163,150,142,8,8
20164,89,89,0,0
20165,67,75,-8,8
20166,87,77,10,10
20167,150,124,26,26
20168,124,105,19,19
20169,96,88,8,8
20170,125,122,3,3
20171,116,129,-13,13
20172,80,81,-1,1
20173,156,128,28,28
20174,159,160,-1,1
20175,108,105,3,3
20176,90,92,-2,2
20177,117,109,8,8
20178,139,127,12,12
20179,87,88,-1,1
20180,79,65,14,14
20181,103,100,3,3
20182,157,128,29,29
20183,159,161,-2,2
20184,46,83,-37,37
20185,84,81,3,3
20186,62,68,-6,6
20187,99,98,1,1
20188,62,61,1,1
20189,87,99,-12,12
20190,186,188,-2,2
20191,104,94,10,10
20192,83,81,2,2
20193,82,80,2,2
20194,82,87,-5,5
20195,116,116,0,0
20196,48,49,-1,1
20197,72,76,-4,4
20198,81,83,-2,2
20199,89,94,-5,5
20200,66,68,-2,2
20201,99,98,1,1
20202,97,89,8,8
20203,83,77,6,6
20204,57,54,3,3
20205,95,91,4,4
20206,81,84,-3,3
20207,77,85,-8,8
20208,65,67,-2,2
20209,109,111,-2,2
20210,58,58,0,0
20211,38,41,-3,3
20212,109,106,3,3
20213,128,119,9,9
20214,68,55,13,13
20215,134,140,-6,6
20216,80,84,-4,4
20217,197,191,6,6
20218,105,101,4,4
20219,78,72,6,6
20220,99,113,-14,14
20221,88,87,1,1
20222,105,100,5,5
20223,63,76,-13,13
20224,76,108,-32,32
20225,80,85,-5,5
20226,68,73,-5,5
20227,97,92,5,5
20228,107,95,12,12
20229,96,74,22,22
20230,120,141,-21,21
20231,110,107,3,3
20232,67,63,4,4
20233,154,137,17,17
20234,133,114,19,19
20235,98,96,2,2
20236,93,88,5,5
20237,93,87,6,6
20238,95,98,-3,3
20239,96,80,16,16
20240,66,73,-7,7
20241,54,50,4,4
20242,89,84,5,5
20243,165,152,13,13
20244,189,170,19,19
20245,62,77,-15,15
20246,49,50,-1,1
20247,59,61,-2,2
20248,82,81,1,1
20249,75,75,0,0
20250,121,112,9,9
20251,116,85,31,31
20252,185,182,3,3
20253,139,134,5,5
20254,73,74,-1,1
20255,147,161,-14,14
20256,109,110,-1,1
20257,119,114,5,5
20258,83,80,3,3
20259,122,125,-3,3
20260,84,91,-7,7
20261,130,122,8,8
20262,137,139,-2,2
20263,96,97,-1,1
20264,81,80,1,1
20265,123,116,7,7
20266,83,75,8,8
20267,104,99,5,5
20268,121,103,18,18
20269,130,116,14,14
20270,104,93,11,11
20271,107,102,5,5
20272,121,102,19,19
20273,76,86,-10,10
20274,59,60,-1,1
20275,127,126,1,1
20276,179,184,-5,5
20277,70,81,-11,11
20278,83,86,-3,3
20279,83,90,-7,7
20280,52,62,-10,10
20281,58,58,0,0
20282,116,123,-7,7
20283,57,68,-11,11
20284,107,96,11,11
20285,164,161,3,3
20286,110,105,5,5
20287,101,97,4,4
20288,159,162,-3,3
20289,103,109,-6,6
20290,133,141,-8,8
20291,59,82,-23,23
20292,93,98,-5,5
20293,129,116,13,13
20294,49,60,-11,11
20295,98,89,9,9
20296,100,92,8,8
20297,131,128,3,3
20298,140,135,5,5
20299,87,90,-3,3
20300,138,115,23,23
20301,145,142,3,3
20302,124,110,14,14
20303,111,106,5,5
20304,128,116,12,12
20305,83,69,14,14
20306,90,97,-7,7
20307,96,92,4,4
20308,160,156,4,4
20309,75,80,-5,5
20310,83,88,-5,5
20311,115,112,3,3
20312,78,82,-4,4
20313,91,86,5,5
20314,60,48,12,12
20315,92,90,2,2
20316,107,96,11,11
20317,94,99,-5,5
20318,75,103,-28,28
20319,60,57,3,3
20320,58,66,-8,8
20321,103,103,0,0
20322,68,72,-4,4
20323,141,127,14,14
20324,89,101,-12,12
20325,172,157,15,15
20326,147,150,-3,3
20327,94,78,16,16
20328,128,122,6,6
20329,76,76,0,0
20330,97,86,11,11
20331,110,114,-4,4
20332,89,98,-9,9
20333,72,58,14,14
20334,104,105,-1,1
20335,82,90,-8,8
20336,87,84,3,3
20337,96,114,-18,18
20338,94,101,-7,7
20339,158,196,-38,38
20340,102,97,5,5
20341,62,66,-4,4
20342,53,57,-4,4
20343,98,93,5,5
20344,96,89,7,7
20345,79,83,-4,4
20346,131,117,14,14
20347,44,50,-6,6
20348,102,88,14,14
20349,69,69,0,0
20350,106,109,-3,3
20351,128,131,-3,3
20352,49,58,-9,9
20353,123,111,12,12
20354,191,167,24,24
20355,116,103,13,13
20356,127,117,10,10
20357,42,44,-2,2
20358,124,97,27,27
20359,92,95,-3,3
20360,143,124,19,19
20361,68,60,8,8
20362,111,101,10,10
20363,120,130,-10,10
20364,93,92,1,1
20365,46,50,-4,4
20366,116,115,1,1
20367,84,88,-4,4
20368,39,44,-5,5
20369,70,55,15,15
20370,59,86,-27,27
20371,107,122,-15,15
20372,59,64,-5,5
20373,115,108,7,7
20374,92,93,-1,1
20375,105,118,-13,13
20376,110,105,5,5
20377,60,67,-7,7
20378,119,100,19,19
20379,106,104,2,2
20380,90,85,5,5
20381,63,62,1,1
20382,103,98,5,5
20383,105,108,-3,3
20384,98,99,-1,1
20385,48,50,-2,2
20386,110,130,-20,20
20387,119,109,10,10
20388,86,88,-2,2
20389,82,101,-19,19
20390,65,56,9,9
20391,89,86,3,3
20392,118,121,-3,3
20393,146,115,31,31
20394,65,61,4,4
20395,125,123,2,2
20396,87,86,1,1
20397,89,92,-3,3
20398,75,71,4,4
20399,87,81,6,6
20400,130,130,0,0
20401,51,59,-8,8
20402,129,119,10,10
20403,81,82,-1,1
20404,80,80,0,0
20405,66,65,1,1
20406,47,50,-3,3
20407,103,108,-5,5
20408,77,79,-2,2
20409,60,64,-4,4
20410,133,127,6,6
20411,66,65,1,1
20412,161,160,1,1
20413,101,111,-10,10
20414,80,80,0,0
20415,124,126,-2,2
20416,140,132,8,8
20417,120,110,10,10
20418,141,130,11,11
20419,90,87,3,3
20420,54,67,-13,13
20421,63,53,10,10
20422,115,116,-1,1
20423,59,70,-11,11
20424,68,70,-2,2
20425,51,55,-4,4
20426,56,59,-3,3
20427,69,84,-15,15
20428,71,76,-5,5
20429,103,108,-5,5
20430,94,96,-2,2
20431,157,161,-4,4
20432,122,116,6,6
20433,111,107,4,4
20434,120,118,2,2
20435,103,89,14,14
20436,62,63,-1,1
20437,130,131,-1,1
20438,81,81,0,0
20439,166,142,24,24
20440,79,81,-2,2
20441,90,80,10,10
20442,91,92,-1,1
20443,44,43,1,1
20444,87,91,-4,4
20445,117,112,5,5
20446,101,103,-2,2
20447,106,116,-10,10
20448,102,91,11,11
20449,74,68,6,6
20450,175,147,28,28
20451,71,81,-10,10
20452,122,117,5,5
20453,165,154,11,11
20454,134,130,4,4
20455,192,175,17,17
20456,80,79,1,1
20457,65,58,7,7
20458,105,109,-4,4
20459,121,113,8,8
20460,84,81,3,3
20461,106,113,-7,7
20462,91,85,6,6
20463,174,177,-3,3
20464,64,57,7,7
20465,58,55,3,3
20466,76,69,7,7
20467,70,75,-5,5
20468,143,135,8,8
20469,92,88,4,4
20470,94,105,-11,11
20471,95,88,7,7
20472,119,107,12,12
20473,101,87,14,14
20474,110,109,1,1
20475,144,149,-5,5
20476,129,135,-6,6
20477,79,82,-3,3
20478,99,101,-2,2
20479,85,79,6,6
20480,142,128,14,14
20481,77,86,-9,9
20482,62,68,-6,6
20483,122,119,3,3
20484,106,116,-10,10
20485,52,45,7,7
20486,79,65,14,14
20487,95,80,15,15
20488,77,85,-8,8
20489,89,90,-1,1
20490,70,70,0,0
20491,97,91,6,6
20492,100,103,-3,3
20493,79,68,11,11
20494,138,137,1,1
20495,123,104,19,19
20496,152,119,33,33
20497,135,125,10,10
20498,83,82,1,1
20499,118,107,11,11
20500,91,86,5,5
20501,83,86,-3,3
20502,77,88,-11,11
20503,69,69,0,0
20504,68,63,5,5
20505,139,132,7,7
20506,171,164,7,7
20507,80,75,5,5
20508,83,78,5,5
20509,108,98,10,10
20510,92,99,-7,7
20511,59,51,8,8
20512,74,68,6,6
20513,62,67,-5,5
20514,138,128,10,10
20515,55,56,-1,1
20516,85,79,6,6
20517,77,87,-10,10
20518,39,33,6,6
20519,65,77,-12,12
20520,109,110,-1,1
20521,91,100,-9,9
20522,74,76,-2,2
20523,74,82,-8,8
20524,154,140,14,14
20525,153,137,16,16
20526,40,35,5,5
20527,110,108,2,2
20528,63,56,7,7
20529,114,110,4,4
20530,114,122,-8,8
20531,62,74,-12,12
20532,81,67,14,14
20533,49,56,-7,7
20534,63,60,3,3
20535,93,85,8,8
20536,76,76,0,0
20537,146,130,16,16
20538,87,85,2,2
20539,162,144,18,18
20540,91,105,-14,14
20541,107,117,-10,10
20542,82,87,-5,5
20543,97,86,11,11
20544,42,47,-5,5
20545,81,71,10,10
20546,115,107,8,8
20547,120,118,2,2
20548,62,62,0,0
20549,131,138,-7,7
20550,82,82,0,0
20551,59,65,-6,6
20552,127,120,7,7
20553,100,88,12,12
20554,92,93,-1,1
20555,55,62,-7,7
20556,111,108,3,3
20557,92,85,7,7
20558,111,112,-1,1
20559,189,161,28,28
20560,93,81,12,12
20561,61,58,3,3
20562,50,48,2,2
20563,62,61,1,1
20564,46,51,-5,5
20565,145,134,11,11
20566,82,92,-10,10
20567,83,83,0,0
20568,78,83,-5,5
20569,69,58,11,11
20570,117,109,8,8
20571,142,128,14,14
20572,111,108,3,3
20573,72,70,2,2
20574,95,97,-2,2
20575,141,123,18,18
20576,179,164,15,15
20577,85,92,-7,7
20578,286,249,37,37
20579,87,70,17,17
20580,93,86,7,7
20581,87,84,3,3
20582,49,53,-4,4
20583,87,81,6,6
20584,143,112,31,31
20585,98,99,-1,1
20586,70,71,-1,1
20587,112,107,5,5
20588,53,59,-6,6
20589,55,60,-5,5
20590,88,81,7,7
20591,113,108,5,5
20592,86,85,1,1
20593,59,61,-2,2
20594,62,58,4,4
20595,71,77,-6,6
20596,102,114,-12,12
20597,69,73,-4,4
20598,117,113,4,4
20599,79,76,3,3
20600,131,133,-2,2
20601,45,52,-7,7
20602,81,79,2,2
20603,62,72,-10,10
20604,82,79,3,3
20605,86,80,6,6
20606,52,46,6,6
20607,79,71,8,8
20608,108,101,7,7
20609,62,63,-1,1
20610,94,95,-1,1
20611,74,82,-8,8
20612,136,124,12,12
20613,151,138,13,13
20614,145,151,-6,6
20615,99,94,5,5
20616,169,195,-26,26
20617,69,67,2,2
20618,54,56,-2,2
20619,93,89,4,4
20620,106,101,5,5
20621,77,74,3,3
20622,100,109,-9,9
20623,96,104,-8,8
20624,56,50,6,6
20625,99,90,9,9
20626,115,122,-7,7
20627,90,88,2,2
20628,56,68,-12,12
20629,83,76,7,7
20630,117,107,10,10
20631,75,84,-9,9
20632,88,84,4,4
20633,80,76,4,4
20634,150,126,24,24
20635,126,105,21,21
20636,92,83,9,9
20637,117,111,6,6
20638,75,72,3,3
20639,92,77,15,15
20640,72,71,1,1
20641,45,48,-3,3
20642,55,67,-12,12
20643,123,141,-18,18
20644,127,117,10,10
20645,128,129,-1,1
20646,161,142,19,19
20647,130,120,10,10
20648,87,78,9,9
20649,223,183,40,40
20650,79,80,-1,1
20651,155,136,19,19
20652,77,84,-7,7
20653,82,64,18,18
20654,101,102,-1,1
20655,89,84,5,5
20656,106,107,-1,1
20657,68,61,7,7
20658,98,95,3,3
20659,102,103,-1,1
20660,88,85,3,3
20661,102,98,4,4
20662,173,156,17,17
20663,52,64,-12,12
20664,114,110,4,4
20665,85,75,10,10
20666,86,83,3,3
20667,77,70,7,7
20668,81,81,0,0
20669,89,84,5,5
20670,149,129,20,20
20671,68,77,-9,9
20672,77,76,1,1
20673,83,90,-7,7
20674,71,70,1,1
20675,71,75,-4,4
20676,91,94,-3,3
20677,56,71,-15,15
20678,80,78,2,2
20679,129,121,8,8
20680,95,93,2,2
20681,114,99,15,15
20682,149,135,14,14
20683,74,64,10,10
20684,84,71,13,13
20685,72,68,4,4
20686,119,113,6,6
20687,82,79,3,3
20688,94,115,-21,21
20689,89,96,-7,7
20690,45,45,0,0
20691,77,66,11,11
20692,169,181,-12,12
20693,100,83,17,17
20694,114,103,11,11
20695,95,93,2,2
20696,97,108,-11,11
20697,224,213,11,11
20698,96,108,-12,12
20699,66,65,1,1
20700,97,94,3,3
20701,113,111,2,2
20702,107,108,-1,1
20703,59,68,-9,9
20704,148,147,1,1
20705,66,64,2,2
20706,151,152,-1,1
20707,87,84,3,3
20708,119,105,14,14
20709,63,56,7,7
20710,122,116,6,6
20711,75,71,4,4
20712,142,140,2,2
20713,33,39,-6,6
20714,86,90,-4,4
20715,33,43,-10,10
20716,144,120,24,24
20717,124,117,7,7
20718,77,77,0,0
20719,144,137,7,7
20720,88,92,-4,4
20721,87,88,-1,1
20722,45,42,3,3
20723,104,89,15,15
20724,70,70,0,0
20725,87,85,2,2
20726,139,134,5,5
20727,136,133,3,3
20728,85,73,12,12
20729,106,109,-3,3
20730,134,123,11,11
20731,98,95,3,3
20732,77,79,-2,2
20733,131,127,4,4
20734,125,141,-16,16
20735,76,70,6,6
20736,110,115,-5,5
20737,123,112,11,11
20738,56,48,8,8
20739,62,65,-3,3
20740,59,58,1,1
20741,96,110,-14,14
20742,107,88,19,19
20743,126,137,-11,11
20744,114,114,0,0
20745,85,85,0,0
20746,63,62,1,1
20747,59,70,-11,11
20748,80,72,8,8
20749,93,85,8,8
20750,82,83,-1,1
20751,73,70,3,3
20752,133,118,15,15
20753,145,135,10,10
20754,78,72,6,6
20755,89,86,3,3
20756,81,80,1,1
20757,100,97,3,3
20758,129,135,-6,6
20759,80,86,-6,6
20760,122,114,8,8
20761,26,42,-16,16
20762,151,146,5,5
20763,118,125,-7,7
20764,146,129,17,17
20765,75,78,-3,3
20766,80,96,-16,16
20767,52,63,-11,11
20768,128,119,9,9
20769,76,87,-11,11
20770,73,73,0,0
20771,55,54,1,1
20772,94,85,9,9
20773,115,106,9,9
20774,70,71,-1,1
20775,125,111,14,14
20776,50,43,7,7
20777,90,90,0,0
20778,110,104,6,6
20779,120,126,-6,6
20780,62,63,-1,1
20781,78,88,-10,10
20782,132,118,14,14
20783,46,45,1,1
20784,140,149,-9,9
20785,97,89,8,8
20786,53,57,-4,4
20787,93,93,0,0
20788,145,145,0,0
20789,84,83,1,1
20790,121,124,-3,3
20791,124,122,2,2
20792,65,62,3,3
20793,129,133,-4,4
20794,111,107,4,4
20795,81,76,5,5
20796,87,75,12,12
20797,64,75,-11,11
20798,92,93,-1,1
20799,74,71,3,3
20800,78,82,-4,4
20801,72,70,2,2
20802,101,100,1,1
20803,35,40,-5,5
20804,171,157,14,14
20805,54,46,8,8
20806,155,146,9,9
20807,151,164,-13,13
20808,45,49,-4,4
20809,87,84,3,3
20810,115,111,4,4
20811,75,76,-1,1
20812,89,91,-2,2
20813,134,114,20,20
20814,65,66,-1,1
20815,51,49,2,2
20816,33,37,-4,4
20817,85,96,-11,11
20818,114,105,9,9
20819,120,105,15,15
20820,83,84,-1,1
20821,106,105,1,1
20822,41,44,-3,3
20823,101,114,-13,13
20824,134,125,9,9
20825,132,129,3,3
20826,53,41,12,12
20827,89,80,9,9
20828,120,120,0,0
20829,106,113,-7,7
20830,165,159,6,6
20831,59,74,-15,15
20832,77,74,3,3
20833,105,96,9,9
20834,113,113,0,0
20835,85,87,-2,2
20836,57,52,5,5
20837,101,110,-9,9
20838,109,97,12,12
20839,129,129,0,0
20840,75,84,-9,9
20841,143,135,8,8
20842,48,49,-1,1
20843,115,112,3,3
20844,57,103,-46,46
20845,76,75,1,1
20846,79,81,-2,2
20847,107,106,1,1
20848,61,63,-2,2
20849,134,135,-1,1
20850,93,86,7,7
20851,141,135,6,6
20852,81,83,-2,2
20853,65,67,-2,2
20854,148,136,12,12
20855,70,84,-14,14
20856,78,86,-8,8
20857,46,53,-7,7
20858,108,112,-4,4
20859,94,95,-1,1
20860,165,160,5,5
20861,83,91,-8,8
20862,131,136,-5,5
20863,91,89,2,2
20864,86,114,-28,28
20865,99,99,0,0
20866,111,94,17,17
20867,93,87,6,6
20868,82,88,-6,6
20869,60,69,-9,9
20870,89,89,0,0
20871,153,149,4,4
20872,102,100,2,2
20873,92,99,-7,7
20874,102,99,3,3
20875,118,120,-2,2
20876,75,63,12,12
20877,176,169,7,7
20878,129,116,13,13
20879,69,85,-16,16
20880,83,85,-2,2
20881,124,116,8,8
20882,68,64,4,4
20883,102,93,9,9
20884,63,64,-1,1
20885,96,111,-15,15
20886,120,117,3,3
20887,75,86,-11,11
20888,111,111,0,0
20889,181,158,23,23
20890,82,80,2,2
20891,132,128,4,4
20892,48,70,-22,22
20893,75,74,1,1
20894,64,70,-6,6
20895,41,44,-3,3
20896,64,74,-10,10
20897,97,90,7,7
20898,77,83,-6,6
20899,91,86,5,5
20900,51,55,-4,4
20901,68,68,0,0
20902,121,129,-8,8
20903,86,80,6,6
20904,59,58,1,1
20905,107,106,1,1
20906,84,83,1,1
20907,55,52,3,3
20908,76,85,-9,9
20909,93,90,3,3
20910,40,39,1,1
20911,118,99,19,19
20912,156,157,-1,1
20913,126,121,5,5
20914,74,72,2,2
20915,96,98,-2,2
20916,121,106,15,15
20917,76,70,6,6
20918,122,131,-9,9
20919,89,85,4,4
20920,59,59,0,0
20921,84,70,14,14
20922,83,78,5,5
20923,73,65,8,8
20924,63,60,3,3
20925,64,66,-2,2
20926,125,113,12,12
20927,101,79,22,22
20928,122,128,-6,6
20929,63,64,-1,1
20930,107,115,-8,8
20931,68,70,-2,2
20932,74,80,-6,6
20933,102,96,6,6
20934,119,126,-7,7
20935,106,92,14,14
20936,66,67,-1,1
20937,87,87,0,0
20938,85,82,3,3
20939,66,60,6,6
20940,145,135,10,10
20941,180,158,22,22
20942,75,72,3,3
20943,63,72,-9,9
20944,144,140,4,4
20945,66,56,10,10
20946,49,41,8,8
20947,98,98,0,0
20948,77,63,14,14
20949,105,105,0,0
20950,81,88,-7,7
20951,92,79,13,13
20952,104,106,-2,2
20953,151,145,6,6
20954,51,48,3,3
20955,124,125,-1,1
20956,84,79,5,5
20957,58,56,2,2
20958,108,98,10,10
20959,41,40,1,1
20960,151,131,20,20
20961,113,100,13,13
20962,138,131,7,7
20963,70,80,-10,10
20964,106,103,3,3
20965,95,106,-11,11
20966,121,117,4,4
20967,66,61,5,5
20968,98,79,19,19
20969,70,75,-5,5
20970,142,122,20,20
20971,139,138,1,1
20972,62,58,4,4
20973,138,155,-17,17
20974,70,66,4,4
20975,138,113,25,25
20976,105,91,14,14
20977,61,60,1,1
20978,113,115,-2,2
20979,173,146,27,27
20980,94,88,6,6
20981,90,83,7,7
20982,112,105,7,7
20983,43,43,0,0
20984,140,146,-6,6
20985,197,210,-13,13
20986,116,99,17,17
20987,229,221,8,8
20988,119,113,6,6
20989,80,74,6,6
20990,115,114,1,1
20991,61,66,-5,5
20992,41,45,-4,4
20993,101,92,9,9
20994,185,188,-3,3
20995,46,48,-2,2
20996,221,205,16,16
20997,113,109,4,4
20998,60,65,-5,5
20999,116,93,23,23
21000,125,108,17,17
21001,99,98,1,1
21002,97,111,-14,14
21003,171,147,24,24
21004,79,80,-1,1
21005,73,73,0,0
21006,80,91,-11,11
21007,148,135,13,13
21008,111,118,-7,7
21009,110,107,3,3
21010,84,88,-4,4
21011,60,66,-6,6
21012,94,87,7,7
21013,57,62,-5,5
21014,118,112,6,6
21015,115,111,4,4
21016,118,128,-10,10
21017,133,120,13,13
21018,67,69,-2,2
21019,148,145,3,3
21020,34,78,-44,44
21021,59,59,0,0
21022,71,65,6,6
21023,59,59,0,0
21024,58,71,-13,13
21025,61,62,-1,1
21026,105,103,2,2
21027,144,131,13,13
21028,135,128,7,7
21029,120,113,7,7
21030,180,189,-9,9
21031,177,155,22,22
21032,115,114,1,1
21033,138,130,8,8
21034,113,97,16,16
21035,97,97,0,0
21036,88,80,8,8
21037,108,110,-2,2
21038,106,101,5,5
21039,81,76,5,5
21040,105,101,4,4
21041,30,36,-6,6
21042,97,102,-5,5
21043,39,47,-8,8
21044,57,66,-9,9
21045,92,111,-19,19
21046,85,76,9,9
21047,94,85,9,9
21048,165,137,28,28
21049,119,125,-6,6
21050,120,109,11,11
21051,139,126,13,13
21052,42,47,-5,5
21053,78,88,-10,10
21054,78,76,2,2
21055,73,66,7,7
21056,84,81,3,3
21057,159,147,12,12
21058,84,79,5,5
21059,133,127,6,6
21060,87,90,-3,3
21061,147,131,16,16
21062,83,78,5,5
21063,51,37,14,14
21064,107,100,7,7
21065,62,62,0,0
21066,94,85,9,9
21067,62,66,-4,4
21068,79,79,0,0
21069,177,151,26,26
21070,104,93,11,11
21071,85,92,-7,7
21072,100,87,13,13
21073,69,67,2,2
21074,119,120,-1,1
21075,90,82,8,8
21076,82,72,10,10
21077,54,56,-2,2
21078,115,103,12,12
21079,74,65,9,9
21080,113,106,7,7
21081,56,55,1,1
21082,68,84,-16,16
21083,195,179,16,16
21084,150,129,21,21
21085,62,72,-10,10
21086,71,73,-2,2
21087,81,76,5,5
21088,131,124,7,7
21089,90,85,5,5
21090,86,91,-5,5
21091,168,179,-11,11
21092,101,92,9,9
21093,109,104,5,5
21094,71,98,-27,27
21095,67,64,3,3
21096,115,107,8,8
21097,95,145,-50,50
21098,84,77,7,7
21099,74,82,-8,8
21100,69,61,8,8
21101,63,75,-12,12
21102,127,118,9,9
21103,82,87,-5,5
21104,78,73,5,5
21105,78,73,5,5
21106,147,132,15,15
21107,96,88,8,8
21108,72,80,-8,8
21109,65,63,2,2
21110,107,109,-2,2
21111,119,115,4,4
21112,101,85,16,16
21113,162,139,23,23
21114,119,111,8,8
21115,93,93,0,0
21116,102,101,1,1
21117,145,130,15,15
21118,94,84,10,10
21119,83,86,-3,3
21120,166,150,16,16
21121,63,67,-4,4
21122,90,86,4,4
21123,53,58,-5,5
21124,103,102,1,1
21125,117,107,10,10
21126,99,96,3,3
21127,44,43,1,1
21128,149,145,4,4
21129,104,111,-7,7
21130,225,235,-10,10
21131,101,99,2,2
21132,101,95,6,6
21133,76,67,9,9
21134,80,73,7,7
21135,70,62,8,8
21136,130,102,28,28
21137,148,123,25,25
21138,70,66,4,4
21139,137,144,-7,7
21140,59,56,3,3
21141,71,73,-2,2
21142,134,131,3,3
21143,116,104,12,12
21144,104,98,6,6
21145,63,69,-6,6
21146,61,60,1,1
21147,89,110,-21,21
21148,61,58,3,3
21149,97,102,-5,5
21150,102,92,10,10
21151,63,62,1,1
21152,165,162,3,3
21153,88,96,-8,8
21154,112,100,12,12
21155,90,87,3,3
21156,179,171,8,8
21157,89,88,1,1
21158,19,31,-12,12
21159,123,116,7,7
21160,111,131,-20,20
21161,89,83,6,6
21162,86,92,-6,6
21163,92,97,-5,5
21164,93,83,10,10
21165,91,87,4,4
21166,70,68,2,2
21167,105,100,5,5
21168,85,77,8,8
21169,78,73,5,5
21170,112,110,2,2
21171,96,90,6,6
21172,54,54,0,0
21173,121,110,11,11
21174,131,126,5,5
21175,66,62,4,4
21176,61,63,-2,2
21177,80,75,5,5
21178,89,79,10,10
21179,74,56,18,18
21180,65,77,-12,12
21181,101,105,-4,4
21182,97,87,10,10
21183,108,107,1,1
21184,96,97,-1,1
21185,132,131,1,1
21186,62,56,6,6
21187,82,64,18,18
21188,154,135,19,19
21189,82,71,11,11
21190,50,50,0,0
21191,68,68,0,0
21192,124,135,-11,11
21193,74,75,-1,1
21194,149,150,-1,1
21195,59,62,-3,3
21196,56,57,-1,1
21197,58,56,2,2
21198,151,159,-8,8
21199,113,105,8,8
21200,74,99,-25,25
21201,71,70,1,1
21202,86,80,6,6
21203,65,63,2,2
21204,69,64,5,5
21205,161,152,9,9
21206,89,89,0,0
21207,36,46,-10,10
21208,55,48,7,7
21209,97,96,1,1
21210,89,72,17,17
21211,64,67,-3,3
21212,98,94,4,4
21213,89,83,6,6
21214,44,43,1,1
21215,162,152,10,10
21216,126,125,1,1
21217,82,83,-1,1
21218,77,91,-14,14
21219,81,80,1,1
21220,137,134,3,3
21221,69,78,-9,9
21222,86,80,6,6
21223,67,68,-1,1
21224,101,94,7,7
21225,74,73,1,1
21226,71,67,4,4
21227,66,63,3,3
21228,104,103,1,1
21229,111,132,-21,21
21230,86,91,-5,5
21231,96,93,3,3
21232,79,73,6,6
21233,183,185,-2,2
21234,89,79,10,10
21235,133,122,11,11
21236,80,78,2,2
21237,72,76,-4,4
21238,109,92,17,17
21239,107,97,10,10
21240,84,74,10,10
21241,67,63,4,4
21242,102,97,5,5
21243,66,181,-115,115
21244,132,136,-4,4
21245,103,100,3,3
21246,91,84,7,7
21247,111,116,-5,5
21248,110,103,7,7
21249,156,165,-9,9
21250,44,39,5,5
21251,48,49,-1,1
21252,79,84,-5,5
21253,58,53,5,5
21254,134,120,14,14
21255,105,101,4,4
21256,79,73,6,6
21257,124,172,-48,48
21258,109,92,17,17
21259,79,74,5,5
21260,66,69,-3,3
21261,93,83,10,10
21262,93,89,4,4
21263,85,92,-7,7
21264,92,91,1,1
21265,103,109,-6,6
21266,104,97,7,7
21267,108,108,0,0
21268,82,77,5,5
21269,92,91,1,1
21270,41,38,3,3
21271,47,54,-7,7
21272,79,79,0,0
21273,101,107,-6,6
21274,66,77,-11,11
21275,83,76,7,7
21276,89,81,8,8
21277,55,57,-2,2
21278,137,130,7,7
21279,92,83,9,9
21280,131,127,4,4
21281,99,92,7,7
21282,100,102,-2,2
21283,82,74,8,8
21284,57,58,-1,1
21285,74,82,-8,8
21286,79,78,1,1
21287,83,77,6,6
21288,118,111,7,7
21289,133,143,-10,10
21290,129,125,4,4
21291,70,85,-15,15
21292,145,136,9,9
21293,149,115,34,34
21294,113,126,-13,13
21295,56,55,1,1
21296,44,42,2,2
21297,89,96,-7,7
21298,90,89,1,1
21299,74,62,12,12
21300,117,113,4,4
21301,65,62,3,3
21302,48,59,-11,11
21303,92,87,5,5
21304,72,73,-1,1
21305,83,73,10,10
21306,63,66,-3,3
21307,135,128,7,7
21308,147,152,-5,5
21309,142,135,7,7
21310,122,115,7,7
21311,77,77,0,0
21312,106,99,7,7
21313,65,75,-10,10
21314,70,62,8,8
21315,124,112,12,12
21316,100,94,6,6
21317,56,53,3,3
21318,72,72,0,0
21319,83,90,-7,7
21320,66,70,-4,4
21321,45,48,-3,3
21322,162,162,0,0
21323,85,79,6,6
21324,115,117,-2,2
21325,122,116,6,6
21326,72,72,0,0
21327,68,68,0,0
21328,65,65,0,0
21329,84,79,5,5
21330,161,131,30,30
21331,149,139,10,10
21332,109,104,5,5
21333,57,57,0,0
21334,85,72,13,13
21335,100,93,7,7
21336,171,133,38,38
21337,73,75,-2,2
21338,78,78,0,0
21339,67,75,-8,8
21340,122,117,5,5
21341,84,87,-3,3
21342,171,153,18,18
21343,87,90,-3,3
21344,140,128,12,12
21345,86,90,-4,4
21346,85,91,-6,6
21347,50,55,-5,5
21348,78,83,-5,5
21349,67,59,8,8
21350,81,70,11,11
21351,75,77,-2,2
21352,91,91,0,0
21353,119,115,4,4
21354,138,131,7,7
21355,58,56,2,2
21356,137,126,11,11
21357,88,92,-4,4
21358,122,115,7,7
21359,106,94,12,12
21360,101,97,4,4
21361,88,90,-2,2
21362,83,79,4,4
21363,80,73,7,7
21364,111,114,-3,3
21365,183,180,3,3
21366,73,75,-2,2
21367,97,95,2,2
21368,55,66,-11,11
21369,116,126,-10,10
21370,78,74,4,4
21371,99,95,4,4
21372,141,130,11,11
21373,56,50,6,6
21374,65,71,-6,6
21375,72,73,-1,1
21376,99,66,33,33
21377,96,86,10,10
21378,69,74,-5,5
21379,94,100,-6,6
21380,98,94,4,4
21381,55,59,-4,4
21382,107,106,1,1
21383,68,69,-1,1
21384,84,88,-4,4
21385,65,67,-2,2
21386,177,155,22,22
21387,62,57,5,5
21388,182,169,13,13
21389,72,42,30,30
21390,151,141,10,10
21391,80,72,8,8
21392,122,111,11,11
21393,136,116,20,20
21394,141,129,12,12
21395,88,81,7,7
21396,88,88,0,0
21397,127,123,4,4
21398,92,92,0,0
21399,74,69,5,5
21400,111,105,6,6
21401,204,212,-8,8
21402,111,95,16,16
21403,59,58,1,1
21404,129,110,19,19
21405,107,99,8,8
21406,104,93,11,11
21407,76,78,-2,2
21408,113,121,-8,8
21409,110,107,3,3
21410,69,68,1,1
21411,67,69,-2,2
21412,85,76,9,9
21413,94,92,2,2
21414,93,87,6,6
21415,90,85,5,5
21416,61,49,12,12
21417,56,49,7,7
21418,114,109,5,5
21419,71,66,5,5
21420,86,93,-7,7
21421,114,113,1,1
21422,50,51,-1,1
21423,155,150,5,5
21424,108,120,-12,12
21425,104,90,14,14
21426,89,80,9,9
21427,75,63,12,12
21428,149,148,1,1
21429,94,88,6,6
21430,63,78,-15,15
21431,127,126,1,1
21432,103,101,2,2
21433,90,79,11,11
21434,64,68,-4,4
21435,144,127,17,17
21436,119,104,15,15
21437,45,45,0,0
21438,78,75,3,3
21439,45,54,-9,9
21440,113,113,0,0
21441,89,92,-3,3
21442,122,130,-8,8
21443,93,90,3,3
21444,54,56,-2,2
21445,89,77,12,12
21446,85,88,-3,3
21447,101,100,1,1
21448,132,151,-19,19
21449,47,45,2,2
21450,83,82,1,1
21451,89,79,10,10
21452,77,65,12,12
21453,150,135,15,15
21454,130,107,23,23
21455,85,83,2,2
21456,114,107,7,7
21457,155,148,7,7
21458,63,58,5,5
21459,94,91,3,3
21460,42,40,2,2
21461,138,132,6,6
21462,78,84,-6,6
21463,79,71,8,8
21464,95,91,4,4
21465,80,61,19,19
21466,80,89,-9,9
21467,39,45,-6,6
21468,143,135,8,8
21469,88,84,4,4
21470,47,48,-1,1
21471,70,67,3,3
21472,174,160,14,14
21473,148,155,-7,7
21474,185,144,41,41
21475,122,127,-5,5
21476,138,135,3,3
21477,99,94,5,5
21478,50,54,-4,4
21479,104,81,23,23
21480,69,76,-7,7
21481,127,122,5,5
21482,59,62,-3,3
21483,89,87,2,2
21484,81,86,-5,5
21485,64,76,-12,12
21486,124,119,5,5
21487,75,78,-3,3
21488,102,94,8,8
21489,156,146,10,10
21490,81,81,0,0
21491,90,81,9,9
21492,58,69,-11,11
21493,153,133,20,20
21494,100,96,4,4
21495,133,118,15,15
21496,133,120,13,13
21497,68,76,-8,8
21498,104,103,1,1
21499,74,76,-2,2
21500,138,114,24,24
21501,83,92,-9,9
21502,125,136,-11,11
21503,98,92,6,6
21504,92,90,2,2
21505,39,34,5,5
21506,93,94,-1,1
21507,47,53,-6,6
21508,72,71,1,1
21509,138,129,9,9
21510,81,81,0,0
21511,102,100,2,2
21512,146,139,7,7
21513,80,75,5,5
21514,76,60,16,16
21515,130,141,-11,11
21516,138,123,15,15
21517,69,74,-5,5
21518,134,119,15,15
21519,73,78,-5,5
21520,55,56,-1,1
21521,68,72,-4,4
21522,78,93,-15,15
21523,85,78,7,7
21524,118,115,3,3
21525,80,77,3,3
21526,153,162,-9,9
21527,81,76,5,5
21528,85,81,4,4
21529,117,114,3,3
21530,126,126,0,0
21531,34,40,-6,6
21532,72,66,6,6
21533,138,116,22,22
21534,82,84,-2,2
21535,113,113,0,0
21536,63,72,-9,9
21537,80,71,9,9
21538,67,62,5,5
21539,117,132,-15,15
21540,120,102,18,18
21541,75,71,4,4
21542,117,116,1,1
21543,103,101,2,2
21544,149,162,-13,13
21545,169,168,1,1
21546,85,91,-6,6
21547,91,79,12,12
21548,121,118,3,3
21549,95,115,-20,20
21550,123,124,-1,1
21551,36,43,-7,7
21552,71,70,1,1
21553,106,105,1,1
21554,101,89,12,12
21555,60,80,-20,20
21556,68,63,5,5
21557,76,76,0,0
21558,91,83,8,8
21559,84,70,14,14
21560,97,95,2,2
21561,75,77,-2,2
21562,44,43,1,1
21563,78,62,16,16
21564,55,60,-5,5
21565,106,106,0,0
21566,125,116,9,9
21567,185,163,22,22
21568,148,157,-9,9
21569,156,135,21,21
21570,128,125,3,3
21571,96,95,1,1
21572,99,88,11,11
21573,63,64,-1,1
21574,78,89,-11,11
21575,162,133,29,29
21576,75,63,12,12
21577,103,102,1,1
21578,110,102,8,8
21579,116,111,5,5
21580,51,53,-2,2
21581,126,121,5,5
21582,37,50,-13,13
21583,109,94,15,15
21584,115,118,-3,3
21585,70,63,7,7
21586,94,99,-5,5
21587,113,99,14,14
21588,91,89,2,2
21589,71,81,-10,10
21590,55,59,-4,4
21591,63,70,-7,7
21592,59,56,3,3
21593,81,78,3,3
21594,135,134,1,1
21595,95,92,3,3
21596,67,76,-9,9
21597,80,81,-1,1
21598,73,79,-6,6
21599,98,85,13,13
21600,104,87,17,17
21601,63,57,6,6
21602,60,61,-1,1
21603,117,104,13,13
21604,60,60,0,0
21605,127,128,-1,1
21606,121,110,11,11
21607,118,121,-3,3
21608,80,80,0,0
21609,77,81,-4,4
21610,104,93,11,11
21611,182,215,-33,33
21612,90,89,1,1
21613,49,50,-1,1
21614,86,82,4,4
21615,88,84,4,4
21616,114,107,7,7
21617,56,54,2,2
21618,66,54,12,12
21619,68,95,-27,27
21620,88,90,-2,2
21621,45,64,-19,19
21622,231,250,-19,19
21623,136,124,12,12
21624,69,64,5,5
21625,123,118,5,5
21626,60,54,6,6
21627,72,77,-5,5
21628,84,95,-11,11
21629,123,119,4,4
21630,58,65,-7,7
21631,58,53,5,5
21632,71,67,4,4
21633,97,87,10,10
21634,61,62,-1,1
21635,57,62,-5,5
21636,172,175,-3,3
21637,62,73,-11,11
21638,112,99,13,13
21639,126,130,-4,4
21640,85,81,4,4
21641,105,112,-7,7
21642,100,95,5,5
21643,117,133,-16,16
21644,76,78,-2,2
21645,85,82,3,3
21646,187,183,4,4
21647,145,136,9,9
21648,64,79,-15,15
21649,107,96,11,11
21650,140,135,5,5
21651,46,55,-9,9
21652,63,60,3,3
21653,93,93,0,0
21654,111,105,6,6
21655,60,58,2,2
21656,120,116,4,4
21657,67,72,-5,5
21658,157,154,3,3
21659,133,131,2,2
21660,112,110,2,2
21661,119,128,-9,9
21662,86,85,1,1
21663,128,126,2,2
21664,109,99,10,10
21665,133,123,10,10
21666,62,52,10,10
21667,167,156,11,11
21668,122,109,13,13
21669,42,38,4,4
21670,66,60,6,6
21671,110,107,3,3
21672,84,95,-11,11
21673,115,114,1,1
21674,174,172,2,2
21675,85,79,6,6
21676,100,95,5,5
21677,56,59,-3,3
21678,72,60,12,12
21679,87,84,3,3
21680,70,83,-13,13
21681,76,72,4,4
21682,89,84,5,5
21683,69,67,2,2
21684,175,161,14,14
21685,191,177,14,14
21686,66,64,2,2
21687,145,158,-13,13
21688,127,113,14,14
21689,54,50,4,4
21690,70,65,5,5
21691,67,62,5,5
21692,77,76,1,1
21693,119,114,5,5
21694,38,42,-4,4
21695,77,73,4,4
21696,49,45,4,4
21697,63,76,-13,13
21698,40,38,2,2
21699,69,78,-9,9
21700,35,41,-6,6
21701,93,83,10,10
21702,61,74,-13,13
21703,50,48,2,2
21704,113,112,1,1
21705,123,109,14,14
21706,75,71,4,4
21707,94,84,10,10
21708,71,88,-17,17
21709,114,105,9,9
21710,68,62,6,6
21711,129,120,9,9
21712,61,50,11,11
21713,92,81,11,11
21714,76,70,6,6
21715,106,97,9,9
21716,123,114,9,9
21717,89,88,1,1
21718,88,90,-2,2
21719,48,54,-6,6
21720,87,88,-1,1
21721,53,67,-14,14
21722,120,101,19,19
21723,105,106,-1,1
21724,117,105,12,12
21725,128,119,9,9
21726,173,151,22,22
21727,85,86,-1,1
21728,97,82,15,15
21729,101,99,2,2
21730,67,60,7,7
21731,71,71,0,0
21732,89,77,12,12
21733,85,95,-10,10
21734,83,83,0,0
21735,78,68,10,10
21736,76,73,3,3
21737,115,108,7,7
21738,68,67,1,1
21739,75,68,7,7
21740,106,84,22,22
21741,76,76,0,0
21742,123,126,-3,3
21743,82,81,1,1
21744,82,85,-3,3
21745,162,158,4,4
21746,64,66,-2,2
21747,66,56,10,10
21748,48,43,5,5
21749,86,85,1,1
21750,59,67,-8,8
21751,118,113,5,5
21752,75,73,2,2
21753,138,125,13,13
21754,50,44,6,6
21755,96,81,15,15
21756,68,65,3,3
21757,83,96,-13,13
21758,93,107,-14,14
21759,78,88,-10,10
21760,45,44,1,1
21761,85,80,5,5
21762,123,108,15,15
21763,42,45,-3,3
21764,84,81,3,3
21765,123,111,12,12
21766,45,52,-7,7
21767,88,86,2,2
21768,85,87,-2,2
21769,79,71,8,8
21770,75,74,1,1
21771,125,124,1,1
21772,33,51,-18,18
21773,84,84,0,0
21774,117,121,-4,4
21775,79,79,0,0
21776,190,190,0,0
21777,112,111,1,1
21778,86,84,2,2
21779,115,105,10,10
21780,74,75,-1,1
21781,85,90,-5,5
21782,28,26,2,2
21783,45,49,-4,4
21784,115,118,-3,3
21785,92,84,8,8
21786,78,79,-1,1
21787,129,127,2,2
21788,119,106,13,13
21789,78,77,1,1
21790,78,65,13,13
21791,211,184,27,27
21792,95,100,-5,5
21793,101,100,1,1
21794,163,148,15,15
21795,168,158,10,10
21796,109,103,6,6
21797,98,103,-5,5
21798,61,61,0,0
21799,131,131,0,0
21800,74,75,-1,1
21801,66,73,-7,7
21802,130,121,9,9
21803,71,65,6,6
21804,135,137,-2,2
21805,88,79,9,9
21806,150,165,-15,15
21807,152,138,14,14
21808,117,103,14,14
21809,133,126,7,7
21810,77,74,3,3
21811,75,66,9,9
21812,63,48,15,15
21813,73,60,13,13
21814,72,67,5,5
21815,62,74,-12,12
21816,98,101,-3,3
21817,103,95,8,8
21818,167,183,-16,16
21819,73,78,-5,5
21820,68,69,-1,1
21821,104,96,8,8
21822,96,89,7,7
21823,165,161,4,4
21824,128,122,6,6
21825,147,132,15,15
21826,139,132,7,7
21827,156,137,19,19
21828,86,86,0,0
21829,78,75,3,3
21830,78,73,5,5
21831,89,80,9,9
21832,115,112,3,3
21833,122,114,8,8
21834,47,61,-14,14
21835,60,69,-9,9
21836,87,98,-11,11
21837,77,77,0,0
21838,115,100,15,15
21839,105,99,6,6
21840,120,114,6,6
21841,95,89,6,6
21842,103,98,5,5
21843,57,53,4,4
21844,132,120,12,12
21845,118,102,16,16
21846,134,118,16,16
21847,85,91,-6,6
21848,130,134,-4,4
21849,107,112,-5,5
21850,112,99,13,13
21851,63,63,0,0
21852,176,170,6,6
21853,83,75,8,8
21854,88,97,-9,9
21855,141,122,19,19
21856,121,106,15,15
21857,119,114,5,5
21858,51,58,-7,7
21859,60,62,-2,2
21860,103,86,17,17
21861,122,115,7,7
21862,79,76,3,3
21863,103,91,12,12
21864,86,70,16,16
21865,58,70,-12,12
21866,103,100,3,3
21867,89,88,1,1
21868,94,84,10,10
21869,115,114,1,1
21870,151,163,-12,12
21871,97,92,5,5
21872,88,82,6,6
21873,78,86,-8,8
21874,79,82,-3,3
21875,51,62,-11,11
21876,77,88,-11,11
21877,98,88,10,10
21878,160,132,28,28
21879,114,108,6,6
21880,95,90,5,5
21881,77,81,-4,4
21882,75,74,1,1
21883,142,135,7,7
21884,72,68,4,4
21885,150,138,12,12
21886,67,69,-2,2
21887,104,97,7,7
21888,95,97,-2,2
21889,116,102,14,14
21890,43,70,-27,27
21891,98,99,-1,1
21892,85,76,9,9
21893,93,88,5,5
21894,106,100,6,6
21895,99,94,5,5
21896,179,163,16,16
21897,61,75,-14,14
21898,77,85,-8,8
21899,64,62,2,2
21900,90,85,5,5
21901,106,114,-8,8
21902,67,66,1,1
21903,102,101,1,1
21904,94,52,42,42
21905,92,83,9,9
21906,81,78,3,3
21907,84,77,7,7
21908,131,131,0,0
21909,96,99,-3,3
21910,89,83,6,6
21911,107,97,10,10
21912,73,82,-9,9
21913,81,80,1,1
21914,69,73,-4,4
21915,73,71,2,2
21916,150,144,6,6
21917,115,100,15,15
21918,90,88,2,2
21919,63,69,-6,6
21920,138,125,13,13
21921,125,130,-5,5
21922,111,108,3,3
21923,124,109,15,15
21924,37,44,-7,7
21925,114,109,5,5
21926,67,68,-1,1
21927,116,104,12,12
21928,134,142,-8,8
21929,58,50,8,8
21930,75,73,2,2
21931,119,110,9,9
21932,94,81,13,13
21933,72,69,3,3
21934,144,142,2,2
21935,86,82,4,4
21936,112,110,2,2
21937,57,57,0,0
21938,121,127,-6,6
21939,118,116,2,2
21940,79,78,1,1
21941,53,54,-1,1
21942,61,54,7,7
21943,90,89,1,1
21944,114,113,1,1
21945,101,99,2,2
21946,180,184,-4,4
21947,136,156,-20,20
21948,100,96,4,4
21949,107,106,1,1
21950,95,95,0,0
21951,75,69,6,6
21952,86,92,-6,6
21953,71,75,-4,4
21954,126,124,2,2
21955,125,125,0,0
21956,162,164,-2,2
21957,71,75,-4,4
21958,60,56,4,4
21959,118,125,-7,7
21960,104,78,26,26
21961,117,111,6,6
21962,144,135,9,9
21963,78,80,-2,2
21964,95,92,3,3
21965,157,137,20,20
21966,70,77,-7,7
21967,68,82,-14,14
21968,125,114,11,11
21969,111,100,11,11
21970,112,103,9,9
21971,118,113,5,5
21972,71,58,13,13
21973,126,109,17,17
21974,96,89,7,7
21975,59,59,0,0
21976,82,90,-8,8
21977,101,113,-12,12
21978,80,77,3,3
21979,61,57,4,4
21980,89,97,-8,8
21981,107,90,17,17
21982,55,59,-4,4
21983,99,86,13,13
21984,131,117,14,14
21985,80,72,8,8
21986,110,99,11,11
21987,94,91,3,3
21988,32,42,-10,10
21989,105,100,5,5
21990,103,99,4,4
21991,152,155,-3,3
21992,136,118,18,18
21993,78,75,3,3
21994,68,64,4,4
21995,68,79,-11,11
21996,36,36,0,0
21997,111,109,2,2
21998,64,64,0,0
21999,70,67,3,3
22000,89,88,1,1
22001,103,93,10,10
22002,79,76,3,3
22003,175,173,2,2
22004,103,116,-13,13
22005,84,79,5,5
22006,79,75,4,4
22007,93,97,-4,4
22008,124,112,12,12
22009,106,101,5,5
22010,144,129,15,15
22011,100,101,-1,1
22012,70,72,-2,2
22013,122,110,12,12
22014,101,91,10,10
22015,125,117,8,8
22016,94,83,11,11
22017,134,153,-19,19
22018,69,77,-8,8
22019,119,108,11,11
22020,106,96,10,10
22021,122,119,3,3
22022,54,59,-5,5
22023,89,81,8,8
22024,76,90,-14,14
22025,86,87,-1,1
22026,144,127,17,17
22027,93,83,10,10
22028,105,105,0,0
22029,101,99,2,2
22030,81,94,-13,13
22031,85,85,0,0
22032,157,131,26,26
22033,112,114,-2,2
22034,76,75,1,1
22035,85,93,-8,8
22036,141,126,15,15
22037,87,99,-12,12
22038,71,74,-3,3
22039,104,113,-9,9
22040,73,75,-2,2
22041,143,132,11,11
22042,92,96,-4,4
22043,80,83,-3,3
22044,98,97,1,1
22045,80,81,-1,1
22046,54,58,-4,4
22047,134,186,-52,52
22048,70,59,11,11
22049,114,113,1,1
22050,80,73,7,7
22051,90,81,9,9
22052,82,89,-7,7
22053,103,92,11,11
22054,82,78,4,4
22055,92,85,7,7
22056,82,76,6,6
22057,66,56,10,10
22058,124,138,-14,14
22059,61,68,-7,7
22060,63,66,-3,3
22061,91,89,2,2
22062,72,73,-1,1
22063,54,62,-8,8
22064,87,82,5,5
22065,104,115,-11,11
22066,61,66,-5,5
22067,125,110,15,15
22068,129,121,8,8
22069,33,44,-11,11
22070,97,98,-1,1
22071,73,85,-12,12
22072,154,139,15,15
22073,74,74,0,0
22074,125,126,-1,1
22075,54,51,3,3
22076,68,74,-6,6
22077,91,74,17,17
22078,68,61,7,7
22079,92,103,-11,11
22080,117,99,18,18
22081,98,103,-5,5
22082,124,111,13,13
22083,71,76,-5,5
22084,66,71,-5,5
22085,37,34,3,3
22086,108,98,10,10
22087,59,56,3,3
22088,84,80,4,4
22089,162,132,30,30
22090,108,108,0,0
22091,120,108,12,12
22092,102,107,-5,5
22093,68,79,-11,11
22094,146,117,29,29
22095,116,114,2,2
22096,66,65,1,1
22097,67,69,-2,2
22098,46,58,-12,12
22099,92,80,12,12
22100,150,137,13,13
22101,58,55,3,3
22102,103,93,10,10
22103,112,98,14,14
22104,90,96,-6,6
22105,98,106,-8,8
22106,54,53,1,1
22107,76,86,-10,10
22108,77,80,-3,3
22109,111,100,11,11
22110,118,120,-2,2
22111,125,119,6,6
22112,94,96,-2,2
22113,73,67,6,6
22114,173,172,1,1
22115,155,145,10,10
22116,120,128,-8,8
22117,86,71,15,15
22118,115,107,8,8
22119,149,134,15,15
22120,68,85,-17,17
22121,130,110,20,20
22122,65,76,-11,11
22123,63,61,2,2
22124,39,42,-3,3
22125,82,77,5,5
22126,74,66,8,8
22127,57,61,-4,4
22128,105,104,1,1
22129,106,102,4,4
22130,126,142,-16,16
22131,113,101,12,12
22132,109,104,5,5
22133,95,96,-1,1
22134,86,86,0,0
22135,99,100,-1,1
22136,65,90,-25,25
22137,70,69,1,1
22138,66,58,8,8
22139,45,46,-1,1
22140,77,77,0,0
22141,50,52,-2,2
22142,105,110,-5,5
22143,101,100,1,1
22144,62,62,0,0
22145,82,82,0,0
22146,69,66,3,3
22147,122,136,-14,14
22148,147,151,-4,4
22149,220,248,-28,28
22150,69,74,-5,5
22151,93,89,4,4
22152,111,107,4,4
22153,152,150,2,2
22154,124,121,3,3
22155,43,45,-2,2
22156,112,92,20,20
22157,83,79,4,4
22158,140,135,5,5
22159,110,113,-3,3
22160,71,80,-9,9
22161,96,95,1,1
22162,148,151,-3,3
22163,53,55,-2,2
22164,120,112,8,8
22165,188,173,15,15
22166,29,38,-9,9
22167,117,108,9,9
22168,104,101,3,3
22169,81,73,8,8
22170,124,121,3,3
22171,103,106,-3,3
22172,139,137,2,2
22173,79,72,7,7
22174,133,128,5,5
22175,112,113,-1,1
22176,99,99,0,0
22177,101,83,18,18
22178,75,75,0,0
22179,110,105,5,5
22180,121,118,3,3
22181,110,107,3,3
22182,68,89,-21,21
22183,99,95,4,4
22184,67,68,-1,1
22185,72,79,-7,7
22186,151,125,26,26
22187,87,88,-1,1
22188,83,90,-7,7
22189,58,73,-15,15
22190,56,54,2,2
22191,72,68,4,4
22192,91,85,6,6
22193,61,66,-5,5
22194,95,85,10,10
22195,101,84,17,17
22196,98,91,7,7
22197,128,132,-4,4
22198,183,177,6,6
22199,68,59,9,9
22200,97,91,6,6
22201,74,64,10,10
22202,127,127,0,0
22203,91,82,9,9
22204,95,90,5,5
22205,83,77,6,6
22206,130,127,3,3
22207,143,86,57,57
22208,68,77,-9,9
22209,72,69,3,3
22210,81,91,-10,10
22211,63,67,-4,4
22212,92,83,9,9
22213,70,85,-15,15
22214,114,124,-10,10
22215,119,100,19,19
22216,130,128,2,2
22217,94,94,0,0
22218,104,111,-7,7
22219,99,104,-5,5
22220,55,67,-12,12
22221,111,110,1,1
22222,101,91,10,10
22223,86,77,9,9
22224,89,92,-3,3
22225,91,108,-17,17
22226,140,145,-5,5
22227,74,77,-3,3
22228,82,79,3,3
22229,103,84,19,19
22230,104,89,15,15
22231,75,79,-4,4
22232,92,94,-2,2
22233,53,56,-3,3
22234,74,84,-10,10
22235,38,41,-3,3
22236,141,136,5,5
22237,91,100,-9,9
22238,97,94,3,3
22239,115,111,4,4
22240,141,140,1,1
22241,72,83,-11,11
22242,87,95,-8,8
22243,114,110,4,4
22244,96,88,8,8
22245,68,84,-16,16
22246,123,119,4,4
22247,91,84,7,7
22248,91,81,10,10
22249,116,122,-6,6
22250,49,69,-20,20
22251,57,52,5,5
22252,124,123,1,1
22253,88,94,-6,6
22254,129,120,9,9
22255,55,58,-3,3
22256,188,169,19,19
22257,64,60,4,4
22258,71,72,-1,1
22259,45,59,-14,14
22260,93,100,-7,7
22261,68,65,3,3
22262,161,162,-1,1
22263,69,85,-16,16
22264,113,116,-3,3
22265,74,82,-8,8
22266,58,61,-3,3
22267,149,151,-2,2
22268,49,46,3,3
22269,96,95,1,1
22270,122,119,3,3
22271,92,83,9,9
22272,124,124,0,0
22273,93,92,1,1
22274,149,161,-12,12
22275,179,177,2,2
22276,147,146,1,1
22277,121,108,13,13
22278,62,63,-1,1
22279,50,49,1,1
22280,54,55,-1,1
22281,104,83,21,21
22282,73,80,-7,7
22283,101,97,4,4
22284,71,78,-7,7
22285,90,88,2,2
22286,71,65,6,6
22287,72,75,-3,3
22288,61,85,-24,24
22289,65,64,1,1
22290,81,76,5,5
22291,37,45,-8,8
22292,65,67,-2,2
22293,128,129,-1,1
22294,55,78,-23,23
22295,55,62,-7,7
22296,131,123,8,8
22297,67,71,-4,4
22298,138,122,16,16
22299,66,70,-4,4
22300,62,61,1,1
22301,187,183,4,4
22302,127,115,12,12
22303,105,108,-3,3
22304,78,77,1,1
22305,94,88,6,6
22306,94,98,-4,4
22307,108,101,7,7
22308,135,123,12,12
22309,78,78,0,0
22310,87,100,-13,13
22311,59,60,-1,1
22312,134,133,1,1
22313,89,85,4,4
22314,79,79,0,0
22315,27,49,-22,22
22316,74,69,5,5
22317,56,60,-4,4
22318,121,132,-11,11
22319,88,94,-6,6
22320,145,157,-12,12
22321,99,93,6,6
22322,127,115,12,12
22323,85,83,2,2
22324,91,66,25,25
22325,184,192,-8,8
22326,76,77,-1,1
22327,86,78,8,8
22328,88,85,3,3
22329,156,151,5,5
22330,106,107,-1,1
22331,102,92,10,10
22332,106,102,4,4
22333,87,82,5,5
22334,60,62,-2,2
22335,82,81,1,1
22336,112,99,13,13
22337,118,127,-9,9
22338,75,68,7,7
22339,94,98,-4,4
22340,57,70,-13,13
22341,96,95,1,1
22342,67,67,0,0
22343,78,104,-26,26
22344,114,106,8,8
22345,70,66,4,4
22346,60,60,0,0
22347,91,87,4,4
22348,86,77,9,9
22349,84,83,1,1
22350,75,69,6,6
22351,133,140,-7,7
22352,193,192,1,1
22353,68,69,-1,1
22354,139,133,6,6
22355,57,74,-17,17
22356,110,108,2,2
22357,83,87,-4,4
22358,159,116,43,43
22359,110,102,8,8
22360,150,128,22,22
22361,95,100,-5,5
22362,139,123,16,16
22363,72,64,8,8
22364,147,128,19,19
22365,89,81,8,8
22366,136,135,1,1
22367,47,42,5,5
22368,158,159,-1,1
22369,111,101,10,10
22370,99,97,2,2
22371,112,107,5,5
22372,82,82,0,0
22373,38,44,-6,6
22374,82,77,5,5
22375,80,77,3,3
22376,119,110,9,9
22377,68,73,-5,5
22378,117,113,4,4
22379,76,73,3,3
22380,94,92,2,2
22381,68,76,-8,8
22382,49,56,-7,7
22383,59,53,6,6
22384,135,145,-10,10
22385,111,112,-1,1
22386,102,94,8,8
22387,118,105,13,13
22388,90,84,6,6
22389,62,65,-3,3
22390,104,102,2,2
22391,120,109,11,11
22392,105,107,-2,2
22393,131,115,16,16
22394,103,107,-4,4
22395,117,113,4,4
22396,92,94,-2,2
22397,70,75,-5,5
22398,108,105,3,3
22399,71,79,-8,8
22400,58,66,-8,8
22401,91,73,18,18
22402,98,87,11,11
22403,40,48,-8,8
22404,92,79,13,13
22405,100,97,3,3
22406,138,143,-5,5
22407,132,117,15,15
22408,101,108,-7,7
22409,71,77,-6,6
22410,86,85,1,1
22411,107,103,4,4
22412,85,84,1,1
22413,68,72,-4,4
22414,80,64,16,16
22415,125,116,9,9
22416,99,89,10,10
22417,122,112,10,10
22418,190,171,19,19
22419,109,90,19,19
22420,83,77,6,6
22421,121,138,-17,17
22422,79,78,1,1
22423,142,150,-8,8
22424,63,63,0,0
22425,66,70,-4,4
22426,114,101,13,13
22427,80,79,1,1
22428,72,64,8,8
22429,190,182,8,8
22430,91,89,2,2
22431,152,129,23,23
22432,74,62,12,12
22433,88,88,0,0
22434,181,194,-13,13
22435,118,117,1,1
22436,131,121,10,10
22437,64,108,-44,44
22438,86,89,-3,3
22439,74,88,-14,14
22440,79,79,0,0
22441,99,98,1,1
22442,169,159,10,10
22443,68,55,13,13
22444,79,65,14,14
22445,181,156,25,25
22446,119,104,15,15
22447,120,109,11,11
22448,67,70,-3,3
22449,67,71,-4,4
22450,76,75,1,1
22451,87,79,8,8
22452,91,72,19,19
22453,161,150,11,11
22454,58,58,0,0
22455,57,53,4,4
22456,95,77,18,18
22457,63,66,-3,3
22458,64,59,5,5
22459,55,57,-2,2
22460,136,143,-7,7
22461,107,99,8,8
22462,83,91,-8,8
22463,52,63,-11,11
22464,127,130,-3,3
22465,90,91,-1,1
22466,141,138,3,3
22467,87,91,-4,4
22468,99,96,3,3
22469,67,70,-3,3
22470,79,80,-1,1
22471,102,99,3,3
22472,168,161,7,7
22473,154,151,3,3
22474,118,112,6,6
22475,68,78,-10,10
22476,109,110,-1,1
22477,41,43,-2,2
22478,65,66,-1,1
22479,108,99,9,9
22480,26,36,-10,10
22481,99,113,-14,14
22482,137,121,16,16
22483,180,179,1,1
22484,223,173,50,50
22485,103,92,11,11
22486,91,89,2,2
22487,120,118,2,2
22488,73,63,10,10
22489,69,80,-11,11
22490,76,93,-17,17
22491,73,63,10,10
22492,41,41,0,0
22493,143,129,14,14
22494,121,129,-8,8
22495,97,110,-13,13
22496,86,90,-4,4
22497,80,80,0,0
22498,105,106,-1,1
22499,111,87,24,24
22500,133,149,-16,16
22501,120,121,-1,1
22502,156,182,-26,26
22503,100,117,-17,17
22504,41,50,-9,9
22505,94,98,-4,4
22506,59,50,9,9
22507,71,72,-1,1
22508,68,69,-1,1
22509,102,92,10,10
22510,134,126,8,8
22511,60,49,11,11
22512,169,143,26,26
22513,80,76,4,4
22514,126,130,-4,4
22515,146,125,21,21
22516,128,132,-4,4
22517,67,60,7,7
22518,92,94,-2,2
22519,72,75,-3,3
22520,79,77,2,2
22521,102,97,5,5
22522,62,62,0,0
22523,59,65,-6,6
22524,116,101,15,15
22525,96,94,2,2
22526,86,87,-1,1
22527,68,75,-7,7
22528,90,96,-6,6
22529,90,85,5,5
22530,141,130,11,11
22531,109,105,4,4
22532,51,71,-20,20
22533,107,98,9,9
22534,130,126,4,4
22535,103,106,-3,3
22536,49,62,-13,13
22537,106,94,12,12
22538,87,82,5,5
22539,68,66,2,2
22540,88,88,0,0
22541,79,82,-3,3
22542,104,91,13,13
22543,94,91,3,3
22544,123,112,11,11
22545,98,93,5,5
22546,123,111,12,12
22547,104,103,1,1
22548,60,63,-3,3
22549,70,69,1,1
22550,89,79,10,10
22551,122,116,6,6
22552,55,60,-5,5
22553,141,138,3,3
22554,80,81,-1,1
22555,97,101,-4,4
22556,126,110,16,16
22557,73,75,-2,2
22558,63,71,-8,8
22559,151,129,22,22
22560,109,105,4,4
22561,161,161,0,0
22562,80,78,2,2
22563,126,110,16,16
22564,89,79,10,10
22565,95,89,6,6
22566,163,155,8,8
22567,121,111,10,10
22568,80,82,-2,2
22569,79,72,7,7
22570,94,82,12,12
22571,143,122,21,21
22572,95,88,7,7
22573,108,108,0,0
22574,94,92,2,2
22575,102,96,6,6
22576,84,96,-12,12
22577,80,77,3,3
22578,135,121,14,14
22579,98,79,19,19
22580,113,110,3,3
22581,85,100,-15,15
22582,97,93,4,4
22583,67,69,-2,2
22584,135,124,11,11
22585,31,32,-1,1
22586,154,132,22,22
22587,136,134,2,2
22588,35,39,-4,4
22589,145,135,10,10
22590,76,70,6,6
22591,89,93,-4,4
22592,84,91,-7,7
22593,82,101,-19,19
22594,76,73,3,3
22595,88,90,-2,2
22596,85,84,1,1
22597,109,120,-11,11
22598,165,149,16,16
22599,88,97,-9,9
22600,54,56,-2,2
22601,93,80,13,13
22602,66,74,-8,8
22603,75,76,-1,1
22604,55,54,1,1
22605,72,79,-7,7
22606,113,105,8,8
22607,127,123,4,4
22608,53,46,7,7
22609,94,98,-4,4
22610,90,89,1,1
22611,65,74,-9,9
22612,60,66,-6,6
22613,59,55,4,4
22614,107,101,6,6
22615,93,105,-12,12
22616,128,116,12,12
22617,55,56,-1,1
22618,93,90,3,3
22619,79,75,4,4
22620,148,137,11,11
22621,129,123,6,6
22622,51,68,-17,17
22623,92,90,2,2
22624,93,107,-14,14
22625,114,113,1,1
22626,72,72,0,0
22627,92,97,-5,5
22628,81,73,8,8
22629,69,79,-10,10
22630,93,82,11,11
22631,189,192,-3,3
22632,71,74,-3,3
22633,87,81,6,6
22634,48,81,-33,33
22635,94,90,4,4
22636,116,125,-9,9
22637,62,71,-9,9
22638,240,231,9,9
22639,104,99,5,5
22640,80,84,-4,4
22641,66,61,5,5
22642,100,93,7,7
22643,133,127,6,6
22644,103,94,9,9
22645,137,150,-13,13
22646,165,163,2,2
22647,125,116,9,9
22648,86,82,4,4
22649,95,89,6,6
22650,103,119,-16,16
22651,140,114,26,26
22652,95,97,-2,2
22653,68,66,2,2
22654,52,52,0,0
22655,77,70,7,7
22656,121,110,11,11
22657,107,111,-4,4
22658,98,92,6,6
22659,100,88,12,12
22660,81,87,-6,6
22661,46,40,6,6
22662,162,156,6,6
22663,136,127,9,9
22664,85,86,-1,1
22665,83,76,7,7
22666,135,118,17,17
22667,39,39,0,0
22668,61,63,-2,2
22669,73,69,4,4
22670,87,79,8,8
22671,76,75,1,1
22672,84,100,-16,16
22673,94,82,12,12
22674,163,174,-11,11
22675,80,86,-6,6
22676,86,99,-13,13
22677,152,134,18,18
22678,100,112,-12,12
22679,75,73,2,2
22680,92,94,-2,2
22681,84,75,9,9
22682,144,134,10,10
22683,69,74,-5,5
22684,109,111,-2,2
22685,109,91,18,18
22686,88,76,12,12
22687,67,73,-6,6
22688,115,108,7,7
22689,125,125,0,0
22690,95,99,-4,4
22691,87,91,-4,4
22692,98,106,-8,8
22693,83,90,-7,7
22694,101,103,-2,2
22695,51,47,4,4
22696,108,106,2,2
22697,136,138,-2,2
22698,208,214,-6,6
22699,121,119,2,2
22700,84,81,3,3
22701,86,76,10,10
22702,148,146,2,2
22703,110,124,-14,14
22704,117,117,0,0
22705,96,94,2,2
22706,69,67,2,2
22707,137,125,12,12
22708,66,58,8,8
22709,89,68,21,21
22710,44,47,-3,3
22711,136,128,8,8
22712,128,111,17,17
22713,73,76,-3,3
22714,155,155,0,0
22715,89,74,15,15
22716,87,72,15,15
22717,147,130,17,17
22718,64,65,-1,1
22719,37,39,-2,2
22720,122,113,9,9
22721,44,40,4,4
22722,126,118,8,8
22723,60,68,-8,8
22724,148,148,0,0
22725,134,131,3,3
22726,87,77,10,10
22727,135,130,5,5
22728,90,76,14,14
22729,60,54,6,6
22730,86,79,7,7
22731,150,149,1,1
22732,59,78,-19,19
22733,111,97,14,14
22734,54,63,-9,9
22735,158,140,18,18
22736,135,119,16,16
22737,32,29,3,3
22738,63,62,1,1
22739,117,93,24,24
22740,83,82,1,1
22741,54,60,-6,6
22742,151,144,7,7
22743,64,61,3,3
22744,44,48,-4,4
22745,138,123,15,15
22746,48,55,-7,7
22747,123,111,12,12
22748,97,101,-4,4
22749,59,60,-1,1
22750,96,89,7,7
22751,19,27,-8,8
22752,112,114,-2,2
22753,131,152,-21,21
22754,153,135,18,18
22755,100,96,4,4
22756,183,177,6,6
22757,121,119,2,2
22758,129,120,9,9
22759,93,100,-7,7
22760,89,90,-1,1
22761,92,87,5,5
22762,81,104,-23,23
22763,133,124,9,9
22764,77,82,-5,5
22765,63,63,0,0
22766,66,57,9,9
22767,74,91,-17,17
22768,150,158,-8,8
22769,76,74,2,2
22770,68,64,4,4
22771,73,62,11,11
22772,93,90,3,3
22773,90,79,11,11
22774,81,97,-16,16
22775,59,44,15,15
22776,160,140,20,20
22777,47,48,-1,1
22778,109,122,-13,13
22779,133,128,5,5
22780,114,115,-1,1
22781,89,78,11,11
22782,86,78,8,8
22783,95,88,7,7
22784,149,156,-7,7
22785,86,79,7,7
22786,112,104,8,8
22787,61,102,-41,41
22788,32,38,-6,6
22789,141,136,5,5
22790,106,105,1,1
22791,62,60,2,2
22792,98,100,-2,2
22793,169,125,44,44
22794,75,86,-11,11
22795,113,106,7,7
22796,69,72,-3,3
22797,54,57,-3,3
22798,72,71,1,1
22799,140,143,-3,3
22800,86,90,-4,4
22801,106,100,6,6
22802,81,82,-1,1
22803,109,99,10,10
22804,120,105,15,15
22805,103,96,7,7
22806,201,177,24,24
22807,115,130,-15,15
22808,94,89,5,5
22809,110,114,-4,4
22810,90,82,8,8
22811,117,112,5,5
22812,80,81,-1,1
22813,136,129,7,7
22814,95,93,2,2
22815,121,105,16,16
22816,38,42,-4,4
22817,100,85,15,15
22818,83,84,-1,1
22819,102,96,6,6
22820,100,94,6,6
22821,67,67,0,0
22822,88,108,-20,20
22823,68,65,3,3
22824,145,138,7,7
22825,86,83,3,3
22826,107,97,10,10
22827,85,94,-9,9
22828,102,112,-10,10
22829,132,132,0,0
22830,61,72,-11,11
22831,70,64,6,6
22832,91,87,4,4
22833,139,136,3,3
22834,51,53,-2,2
22835,39,40,-1,1
22836,100,88,12,12
22837,93,89,4,4
22838,89,97,-8,8
22839,92,94,-2,2
22840,35,37,-2,2
22841,93,83,10,10
22842,64,63,1,1
22843,62,54,8,8
22844,102,81,21,21
22845,101,96,5,5
22846,93,89,4,4
22847,63,65,-2,2
22848,88,87,1,1
22849,80,80,0,0
22850,134,95,39,39
22851,77,71,6,6
22852,73,74,-1,1
22853,57,62,-5,5
22854,118,87,31,31
22855,134,130,4,4
22856,127,124,3,3
22857,88,92,-4,4
22858,91,91,0,0
22859,110,106,4,4
22860,46,45,1,1
22861,105,102,3,3
22862,103,103,0,0
22863,108,96,12,12
22864,93,95,-2,2
22865,75,74,1,1
22866,131,125,6,6
22867,130,125,5,5
22868,89,87,2,2
22869,49,95,-46,46
22870,120,122,-2,2
22871,151,163,-12,12
22872,92,82,10,10
22873,77,78,-1,1
22874,126,129,-3,3
22875,100,101,-1,1
22876,54,52,2,2
22877,110,100,10,10
22878,133,130,3,3
22879,119,113,6,6
22880,126,117,9,9
22881,42,41,1,1
22882,63,60,3,3
22883,170,184,-14,14
22884,68,76,-8,8
22885,114,113,1,1
22886,115,98,17,17
22887,64,78,-14,14
22888,90,90,0,0
22889,126,114,12,12
22890,72,82,-10,10
22891,116,128,-12,12
22892,151,155,-4,4
22893,98,82,16,16
22894,135,123,12,12
22895,132,117,15,15
22896,166,157,9,9
22897,109,101,8,8
22898,73,64,9,9
22899,43,45,-2,2
22900,60,61,-1,1
22901,95,97,-2,2
22902,185,176,9,9
22903,116,112,4,4
22904,120,113,7,7
22905,117,108,9,9
22906,80,88,-8,8
22907,54,59,-5,5
22908,94,91,3,3
22909,104,109,-5,5
22910,167,174,-7,7
22911,183,193,-10,10
22912,125,133,-8,8
22913,67,66,1,1
22914,127,110,17,17
22915,108,105,3,3
22916,110,100,10,10
22917,72,68,4,4
22918,76,75,1,1
22919,60,66,-6,6
22920,127,110,17,17
22921,60,60,0,0
22922,117,105,12,12
22923,62,62,0,0
22924,98,92,6,6
22925,64,53,11,11
22926,90,85,5,5
22927,155,145,10,10
22928,69,71,-2,2
22929,91,81,10,10
22930,91,81,10,10
22931,97,89,8,8
22932,116,105,11,11
22933,100,92,8,8
22934,81,68,13,13
22935,77,88,-11,11
22936,46,44,2,2
22937,86,96,-10,10
22938,98,87,11,11
22939,128,92,36,36
22940,53,54,-1,1
22941,86,89,-3,3
22942,106,103,3,3
22943,118,110,8,8
22944,132,140,-8,8
22945,179,183,-4,4
22946,72,72,0,0
22947,57,61,-4,4
22948,159,132,27,27
22949,56,68,-12,12
22950,90,92,-2,2
22951,84,82,2,2
22952,120,131,-11,11
22953,99,86,13,13
22954,121,109,12,12
22955,96,101,-5,5
22956,46,48,-2,2
22957,84,89,-5,5
22958,79,77,2,2
22959,165,163,2,2
22960,72,65,7,7
22961,75,80,-5,5
22962,116,115,1,1
22963,117,112,5,5
22964,95,87,8,8
22965,138,141,-3,3
22966,64,63,1,1
22967,70,75,-5,5
22968,51,50,1,1
22969,74,84,-10,10
22970,105,96,9,9
22971,137,129,8,8
22972,93,86,7,7
22973,72,79,-7,7
22974,83,79,4,4
22975,113,103,10,10
22976,97,91,6,6
22977,76,78,-2,2
22978,65,56,9,9
22979,159,155,4,4
22980,72,69,3,3
22981,127,119,8,8
22982,94,88,6,6
22983,83,85,-2,2
22984,84,85,-1,1
22985,60,67,-7,7
22986,100,100,0,0
22987,108,103,5,5
22988,118,112,6,6
22989,76,71,5,5
22990,87,69,18,18
22991,50,58,-8,8
22992,38,39,-1,1
22993,146,125,21,21
22994,114,115,-1,1
22995,52,51,1,1
22996,84,87,-3,3
22997,122,121,1,1
22998,102,93,9,9
22999,181,175,6,6
23000,98,87,11,11
23001,39,40,-1,1
23002,84,69,15,15
23003,145,107,38,38
23004,124,122,2,2
23005,110,120,-10,10
23006,57,62,-5,5
23007,88,70,18,18
23008,64,63,1,1
23009,195,199,-4,4
23010,131,135,-4,4
23011,124,118,6,6
23012,79,98,-19,19
23013,66,61,5,5
23014,100,106,-6,6
23015,82,77,5,5
23016,81,80,1,1
23017,85,79,6,6
23018,192,200,-8,8
23019,112,111,1,1
23020,166,152,14,14
23021,101,103,-2,2
23022,82,80,2,2
23023,89,80,9,9
23024,94,79,15,15
23025,79,89,-10,10
23026,108,116,-8,8
23027,117,108,9,9
23028,123,112,11,11
23029,81,76,5,5
23030,87,81,6,6
23031,66,74,-8,8
23032,35,39,-4,4
23033,102,89,13,13
23034,145,130,15,15
23035,62,58,4,4
23036,121,111,10,10
23037,69,73,-4,4
23038,142,135,7,7
23039,74,66,8,8
23040,92,84,8,8
23041,63,62,1,1
23042,71,73,-2,2
23043,148,131,17,17
23044,72,75,-3,3
23045,75,76,-1,1
23046,118,120,-2,2
23047,103,99,4,4
23048,136,114,22,22
23049,126,138,-12,12
23050,93,97,-4,4
23051,101,100,1,1
23052,133,118,15,15
23053,83,85,-2,2
23054,91,91,0,0
23055,52,49,3,3
23056,100,97,3,3
23057,88,78,10,10
23058,80,82,-2,2
23059,83,92,-9,9
23060,90,76,14,14
23061,69,97,-28,28
23062,85,78,7,7
23063,107,97,10,10
23064,103,92,11,11
23065,60,64,-4,4
23066,152,155,-3,3
23067,40,45,-5,5
23068,87,72,15,15
23069,78,60,18,18
23070,145,150,-5,5
23071,47,50,-3,3
23072,139,114,25,25
23073,94,88,6,6
23074,138,140,-2,2
23075,115,96,19,19
23076,94,91,3,3
23077,106,100,6,6
23078,85,83,2,2
23079,82,79,3,3
23080,61,58,3,3
23081,160,157,3,3
23082,157,142,15,15
23083,87,84,3,3
23084,135,127,8,8
23085,120,102,18,18
23086,104,100,4,4
23087,165,141,24,24
23088,88,86,2,2
23089,67,72,-5,5
23090,87,76,11,11
23091,66,76,-10,10
23092,74,64,10,10
23093,76,74,2,2
23094,62,64,-2,2
23095,79,87,-8,8
23096,91,90,1,1
23097,70,55,15,15
23098,148,133,15,15
23099,135,124,11,11
23100,74,78,-4,4
23101,78,71,7,7
23102,93,87,6,6
23103,124,120,4,4
23104,129,130,-1,1
23105,98,86,12,12
23106,72,67,5,5
23107,53,56,-3,3
23108,138,129,9,9
23109,184,142,42,42
23110,85,84,1,1
23111,82,65,17,17
23112,105,104,1,1
23113,99,91,8,8
23114,65,72,-7,7
23115,73,64,9,9
23116,66,65,1,1
23117,102,101,1,1
23118,85,84,1,1
23119,188,196,-8,8
23120,81,205,-124,124
23121,124,131,-7,7
23122,59,61,-2,2
23123,108,101,7,7
23124,92,90,2,2
23125,100,94,6,6
23126,105,106,-1,1
23127,93,94,-1,1
23128,155,150,5,5
23129,71,69,2,2
23130,65,53,12,12
23131,94,83,11,11
23132,122,131,-9,9
23133,70,75,-5,5
23134,65,67,-2,2
23135,160,160,0,0
23136,115,107,8,8
23137,134,133,1,1
23138,101,97,4,4
23139,105,99,6,6
23140,93,106,-13,13
23141,94,80,14,14
23142,82,82,0,0
23143,90,85,5,5
23144,78,67,11,11
23145,145,140,5,5
23146,120,116,4,4
23147,94,91,3,3
23148,95,80,15,15
23149,115,125,-10,10
23150,49,48,1,1
23151,134,126,8,8
23152,88,82,6,6
23153,82,75,7,7
23154,67,61,6,6
23155,71,67,4,4
23156,56,64,-8,8
23157,88,80,8,8
23158,34,32,2,2
23159,62,83,-21,21
23160,82,83,-1,1
23161,111,111,0,0
23162,48,49,-1,1
23163,102,105,-3,3
23164,143,128,15,15
23165,47,47,0,0
23166,76,72,4,4
23167,119,104,15,15
23168,64,63,1,1
23169,72,69,3,3
23170,141,134,7,7
23171,64,54,10,10
23172,127,113,14,14
23173,72,74,-2,2
23174,111,104,7,7
23175,104,78,26,26
23176,77,76,1,1
23177,133,138,-5,5
23178,113,113,0,0
23179,110,109,1,1
23180,89,89,0,0
23181,125,126,-1,1
23182,127,108,19,19
23183,68,64,4,4
23184,99,97,2,2
23185,86,94,-8,8
23186,111,110,1,1
23187,118,101,17,17
23188,74,66,8,8
23189,132,114,18,18
23190,99,92,7,7
23191,139,143,-4,4
23192,107,106,1,1
23193,70,76,-6,6
23194,77,75,2,2
23195,101,104,-3,3
23196,103,97,6,6
23197,86,89,-3,3
23198,104,90,14,14
23199,100,100,0,0
23200,150,133,17,17
23201,69,61,8,8
23202,129,121,8,8
23203,162,168,-6,6
23204,111,119,-8,8
23205,133,137,-4,4
23206,87,84,3,3
23207,74,81,-7,7
23208,95,106,-11,11
23209,110,117,-7,7
23210,124,123,1,1
23211,155,144,11,11
23212,74,66,8,8
23213,80,73,7,7
23214,90,90,0,0
23215,100,100,0,0
23216,112,90,22,22
23217,81,71,10,10
23218,73,77,-4,4
23219,122,110,12,12
23220,130,123,7,7
23221,129,125,4,4
23222,123,116,7,7
23223,84,86,-2,2
23224,63,62,1,1
23225,144,129,15,15
23226,91,165,-74,74
23227,66,71,-5,5
23228,95,93,2,2
23229,129,111,18,18
23230,75,73,2,2
23231,152,173,-21,21
23232,119,156,-37,37
23233,107,101,6,6
23234,184,169,15,15
23235,84,89,-5,5
23236,123,113,10,10
23237,167,144,23,23
23238,59,59,0,0
23239,68,76,-8,8
23240,119,81,38,38
23241,77,66,11,11
23242,70,83,-13,13
23243,79,77,2,2
23244,114,116,-2,2
23245,75,66,9,9
23246,64,56,8,8
23247,127,113,14,14
23248,52,52,0,0
23249,67,58,9,9
23250,73,79,-6,6
23251,85,83,2,2
23252,63,74,-11,11
23253,88,78,10,10
23254,89,98,-9,9
23255,133,113,20,20
23256,82,81,1,1
23257,115,101,14,14
23258,97,87,10,10
23259,81,93,-12,12
23260,102,91,11,11
23261,68,59,9,9
23262,64,61,3,3
23263,70,68,2,2
23264,73,74,-1,1
23265,59,69,-10,10
23266,136,133,3,3
23267,103,104,-1,1
23268,137,128,9,9
23269,73,76,-3,3
23270,83,91,-8,8
23271,95,84,11,11
23272,138,126,12,12
23273,86,71,15,15
23274,66,90,-24,24
23275,134,169,-35,35
23276,116,112,4,4
23277,70,65,5,5
23278,118,111,7,7
23279,131,130,1,1
23280,40,62,-22,22
23281,82,81,1,1
23282,78,70,8,8
23283,97,89,8,8
23284,89,85,4,4
23285,133,129,4,4
23286,76,70,6,6
23287,152,123,29,29
23288,92,81,11,11
23289,62,63,-1,1
23290,179,161,18,18
23291,127,113,14,14
23292,115,110,5,5
23293,54,71,-17,17
23294,136,116,20,20
23295,76,80,-4,4
23296,62,66,-4,4
23297,78,80,-2,2
23298,182,156,26,26
23299,67,59,8,8
23300,110,105,5,5
23301,92,82,10,10
23302,150,137,13,13
23303,122,112,10,10
23304,62,66,-4,4
23305,109,105,4,4
23306,123,120,3,3
23307,107,110,-3,3
23308,50,56,-6,6
23309,62,64,-2,2
23310,115,111,4,4
23311,41,36,5,5
23312,106,93,13,13
23313,58,47,11,11
23314,67,60,7,7
23315,64,61,3,3
23316,71,83,-12,12
23317,83,88,-5,5
23318,157,184,-27,27
23319,90,103,-13,13
23320,100,105,-5,5
23321,92,96,-4,4
23322,87,99,-12,12
23323,76,86,-10,10
23324,101,96,5,5
23325,56,52,4,4
23326,65,69,-4,4
23327,70,77,-7,7
23328,57,58,-1,1
23329,112,127,-15,15
23330,50,58,-8,8
23331,47,53,-6,6
23332,140,151,-11,11
23333,51,50,1,1
23334,61,80,-19,19
23335,78,76,2,2
23336,70,67,3,3
23337,98,88,10,10
23338,152,139,13,13
23339,99,102,-3,3
23340,93,95,-2,2
23341,90,85,5,5
23342,51,51,0,0
23343,94,85,9,9
23344,82,86,-4,4
23345,137,113,24,24
23346,85,90,-5,5
23347,131,137,-6,6
23348,110,97,13,13
23349,70,57,13,13
23350,99,122,-23,23
23351,146,129,17,17
23352,37,39,-2,2
23353,94,88,6,6
23354,124,115,9,9
23355,91,103,-12,12
23356,85,84,1,1
23357,58,71,-13,13
23358,78,80,-2,2
23359,62,61,1,1
23360,51,54,-3,3
23361,85,91,-6,6
23362,64,66,-2,2
23363,108,114,-6,6
23364,89,85,4,4
23365,120,116,4,4
23366,131,125,6,6
23367,50,49,1,1
23368,109,102,7,7
23369,82,73,9,9
23370,115,102,13,13
23371,121,114,7,7
23372,193,185,8,8
23373,66,65,1,1
23374,125,117,8,8
23375,64,72,-8,8
23376,105,96,9,9
23377,47,47,0,0
23378,57,60,-3,3
23379,105,95,10,10
23380,124,121,3,3
23381,90,102,-12,12
23382,126,111,15,15
23383,89,92,-3,3
23384,122,113,9,9
23385,116,112,4,4
23386,80,69,11,11
23387,92,92,0,0
23388,62,92,-30,30
23389,144,156,-12,12
23390,45,46,-1,1
23391,139,127,12,12
23392,117,101,16,16
23393,99,95,4,4
23394,98,94,4,4
23395,87,84,3,3
23396,171,141,30,30
23397,127,104,23,23
23398,114,104,10,10
23399,100,100,0,0
23400,71,75,-4,4
23401,143,129,14,14
23402,84,81,3,3
23403,89,76,13,13
23404,85,104,-19,19
23405,69,69,0,0
23406,145,167,-22,22
23407,115,113,2,2
23408,116,111,5,5
23409,114,115,-1,1
23410,58,55,3,3
23411,79,70,9,9
23412,73,75,-2,2
23413,114,118,-4,4
23414,140,135,5,5
23415,92,98,-6,6
23416,111,114,-3,3
23417,131,127,4,4
23418,76,69,7,7
23419,94,100,-6,6
23420,91,103,-12,12
23421,76,78,-2,2
23422,115,109,6,6
23423,65,59,6,6
23424,113,120,-7,7
23425,85,86,-1,1
23426,214,234,-20,20
23427,211,205,6,6
23428,41,44,-3,3
23429,78,75,3,3
23430,161,156,5,5
23431,79,75,4,4
23432,51,63,-12,12
23433,103,98,5,5
23434,73,80,-7,7
23435,55,59,-4,4
23436,136,120,16,16
23437,131,130,1,1
23438,77,78,-1,1
23439,80,86,-6,6
23440,110,111,-1,1
23441,54,52,2,2
23442,111,111,0,0
23443,84,84,0,0
23444,70,69,1,1
23445,70,63,7,7
23446,106,96,10,10
23447,97,93,4,4
23448,100,90,10,10
23449,135,130,5,5
23450,86,81,5,5
23451,42,38,4,4
23452,132,135,-3,3
23453,73,75,-2,2
23454,125,121,4,4
23455,83,91,-8,8
23456,125,121,4,4
23457,120,115,5,5
23458,110,107,3,3
23459,197,182,15,15
23460,111,105,6,6
23461,86,87,-1,1
23462,76,68,8,8
23463,150,136,14,14
23464,115,116,-1,1
23465,89,98,-9,9
23466,176,172,4,4
23467,64,71,-7,7
23468,120,114,6,6
23469,121,120,1,1
23470,64,71,-7,7
23471,49,63,-14,14
23472,70,58,12,12
23473,112,105,7,7
23474,89,94,-5,5
23475,107,101,6,6
23476,155,151,4,4
23477,73,75,-2,2
23478,129,132,-3,3
23479,161,153,8,8
23480,89,79,10,10
23481,113,119,-6,6
23482,99,93,6,6
23483,127,120,7,7
23484,115,115,0,0
23485,78,77,1,1
23486,155,143,12,12
23487,54,51,3,3
23488,89,99,-10,10
23489,115,107,8,8
23490,82,79,3,3
23491,165,170,-5,5
23492,90,83,7,7
23493,87,89,-2,2
23494,115,106,9,9
23495,70,71,-1,1
23496,85,73,12,12
23497,101,94,7,7
23498,118,135,-17,17
23499,135,107,28,28
23500,74,76,-2,2
23501,108,108,0,0
23502,134,138,-4,4
23503,109,104,5,5
23504,77,70,7,7
23505,71,68,3,3
23506,78,70,8,8
23507,125,101,24,24
23508,90,82,8,8
23509,47,45,2,2
23510,89,83,6,6
23511,102,100,2,2
23512,94,91,3,3
23513,137,135,2,2
23514,110,95,15,15
23515,100,97,3,3
23516,125,109,16,16
23517,57,84,-27,27
23518,120,118,2,2
23519,149,136,13,13
23520,69,75,-6,6
23521,91,98,-7,7
23522,69,69,0,0
23523,143,132,11,11
23524,112,98,14,14
23525,108,96,12,12
23526,83,99,-16,16
23527,102,113,-11,11
23528,55,56,-1,1
23529,101,99,2,2
23530,39,39,0,0
23531,173,189,-16,16
23532,98,89,9,9
23533,136,141,-5,5
23534,62,66,-4,4
23535,188,161,27,27
23536,98,95,3,3
23537,132,122,10,10
23538,89,96,-7,7
23539,106,112,-6,6
23540,101,105,-4,4
23541,150,138,12,12
23542,194,169,25,25
23543,108,110,-2,2
23544,78,83,-5,5
23545,70,74,-4,4
23546,93,94,-1,1
23547,65,78,-13,13
23548,113,97,16,16
23549,129,120,9,9
23550,94,96,-2,2
23551,108,102,6,6
23552,90,88,2,2
23553,68,72,-4,4
23554,98,94,4,4
23555,96,103,-7,7
23556,85,92,-7,7
23557,137,130,7,7
23558,112,108,4,4
23559,168,140,28,28
23560,87,94,-7,7
23561,134,122,12,12
23562,75,76,-1,1
23563,135,123,12,12
23564,81,80,1,1
23565,96,107,-11,11
23566,91,92,-1,1
23567,104,89,15,15
23568,105,96,9,9
23569,56,52,4,4
23570,111,106,5,5
23571,56,58,-2,2
23572,62,59,3,3
23573,103,110,-7,7
23574,144,158,-14,14
23575,101,94,7,7
23576,79,78,1,1
23577,102,96,6,6
23578,121,114,7,7
23579,140,131,9,9
23580,135,129,6,6
23581,80,78,2,2
23582,51,52,-1,1
23583,152,164,-12,12
23584,94,96,-2,2
23585,52,50,2,2
23586,78,83,-5,5
23587,82,93,-11,11
23588,75,68,7,7
23589,117,110,7,7
23590,136,128,8,8
23591,92,86,6,6
23592,55,47,8,8
23593,126,109,17,17
23594,55,58,-3,3
23595,43,44,-1,1
23596,83,87,-4,4
23597,116,109,7,7
23598,113,105,8,8
23599,60,61,-1,1
23600,100,103,-3,3
23601,100,104,-4,4
23602,113,110,3,3
23603,123,133,-10,10
23604,69,67,2,2
23605,113,128,-15,15
23606,71,74,-3,3
23607,132,119,13,13
23608,151,153,-2,2
23609,57,53,4,4
23610,105,99,6,6
23611,188,163,25,25
23612,79,75,4,4
23613,151,155,-4,4
23614,137,140,-3,3
23615,42,51,-9,9
23616,144,136,8,8
23617,41,51,-10,10
23618,82,80,2,2
23619,91,79,12,12
23620,65,78,-13,13
23621,65,56,9,9
23622,103,103,0,0
23623,116,118,-2,2
23624,149,146,3,3
23625,202,189,13,13
23626,61,54,7,7
23627,78,75,3,3
23628,154,118,36,36
23629,87,87,0,0
23630,93,90,3,3
23631,134,157,-23,23
23632,116,115,1,1
23633,124,126,-2,2
23634,148,150,-2,2
23635,140,135,5,5
23636,69,61,8,8
23637,107,107,0,0
23638,99,92,7,7
23639,137,125,12,12
23640,165,124,41,41
23641,102,92,10,10
23642,116,105,11,11
23643,95,82,13,13
23644,86,109,-23,23
23645,88,105,-17,17
23646,108,110,-2,2
23647,153,150,3,3
23648,69,77,-8,8
23649,76,77,-1,1
23650,103,96,7,7
23651,79,89,-10,10
23652,129,120,9,9
23653,87,81,6,6
23654,67,65,2,2
23655,81,74,7,7
23656,118,114,4,4
23657,69,70,-1,1
23658,63,63,0,0
23659,77,75,2,2
23660,113,109,4,4
23661,143,139,4,4
23662,57,64,-7,7
23663,86,83,3,3
23664,36,57,-21,21
23665,128,114,14,14
23666,111,107,4,4
23667,68,73,-5,5
23668,60,69,-9,9
23669,90,93,-3,3
23670,99,97,2,2
23671,80,67,13,13
23672,79,85,-6,6
23673,84,94,-10,10
23674,77,72,5,5
23675,132,127,5,5
23676,94,71,23,23
23677,95,94,1,1
23678,67,70,-3,3
23679,134,124,10,10
23680,148,149,-1,1
23681,92,83,9,9
23682,85,76,9,9
23683,69,80,-11,11
23684,107,117,-10,10
23685,113,117,-4,4
23686,49,50,-1,1
23687,31,37,-6,6
23688,72,77,-5,5
23689,135,138,-3,3
23690,126,123,3,3
23691,67,57,10,10
23692,70,79,-9,9
23693,64,64,0,0
23694,70,91,-21,21
23695,88,82,6,6
23696,66,74,-8,8
23697,80,83,-3,3
23698,82,90,-8,8
23699,85,93,-8,8
23700,128,128,0,0
23701,116,118,-2,2
23702,74,73,1,1
23703,107,100,7,7
23704,74,71,3,3
23705,133,108,25,25
23706,91,83,8,8
23707,100,101,-1,1
23708,90,79,11,11
23709,41,50,-9,9
23710,117,105,12,12
23711,91,106,-15,15
23712,108,117,-9,9
23713,61,55,6,6
23714,201,185,16,16
23715,112,108,4,4
23716,62,59,3,3
23717,70,66,4,4
23718,79,73,6,6
23719,85,79,6,6
23720,138,131,7,7
23721,132,130,2,2
23722,46,56,-10,10
23723,172,167,5,5
23724,120,106,14,14
23725,120,111,9,9
23726,96,96,0,0
23727,108,94,14,14
23728,125,134,-9,9
23729,72,80,-8,8
23730,110,95,15,15
23731,51,63,-12,12
23732,127,123,4,4
23733,109,112,-3,3
23734,70,69,1,1
23735,91,86,5,5
23736,53,68,-15,15
23737,195,187,8,8
23738,63,58,5,5
23739,97,101,-4,4
23740,109,103,6,6
23741,116,113,3,3
23742,52,50,2,2
23743,66,70,-4,4
23744,70,68,2,2
23745,143,142,1,1
23746,61,117,-56,56
23747,105,92,13,13
23748,58,59,-1,1
23749,141,138,3,3
23750,64,60,4,4
23751,126,125,1,1
23752,154,148,6,6
23753,103,92,11,11
23754,54,63,-9,9
23755,100,98,2,2
23756,99,94,5,5
23757,84,90,-6,6
23758,67,76,-9,9
23759,51,58,-7,7
23760,118,120,-2,2
23761,139,126,13,13
23762,83,70,13,13
23763,127,123,4,4
23764,98,93,5,5
23765,86,84,2,2
23766,53,51,2,2
23767,111,112,-1,1
23768,82,81,1,1
23769,101,90,11,11
23770,79,90,-11,11
23771,82,85,-3,3
23772,101,87,14,14
23773,172,155,17,17
23774,49,52,-3,3
23775,144,136,8,8
23776,79,71,8,8
23777,71,81,-10,10
23778,109,100,9,9
23779,97,88,9,9
23780,134,127,7,7
23781,139,150,-11,11
23782,103,99,4,4
23783,104,100,4,4
23784,45,49,-4,4
23785,124,133,-9,9
23786,77,81,-4,4
23787,92,97,-5,5
23788,54,53,1,1
23789,96,100,-4,4
23790,77,76,1,1
23791,99,93,6,6
23792,46,48,-2,2
23793,128,127,1,1
23794,114,119,-5,5
23795,183,172,11,11
23796,74,72,2,2
23797,152,135,17,17
23798,95,91,4,4
23799,84,73,11,11
23800,103,97,6,6
23801,118,107,11,11
23802,82,95,-13,13
23803,161,170,-9,9
23804,93,93,0,0
23805,91,87,4,4
23806,106,98,8,8
23807,91,94,-3,3
23808,52,57,-5,5
23809,89,85,4,4
23810,80,81,-1,1
23811,112,118,-6,6
23812,69,61,8,8
23813,68,74,-6,6
23814,219,238,-19,19
23815,89,101,-12,12
23816,127,115,12,12
23817,84,93,-9,9
23818,85,81,4,4
23819,28,50,-22,22
23820,141,129,12,12
23821,92,93,-1,1
23822,130,110,20,20
23823,59,64,-5,5
23824,143,126,17,17
23825,145,129,16,16
23826,73,76,-3,3
23827,177,190,-13,13
23828,169,150,19,19
23829,54,51,3,3
23830,128,112,16,16
23831,52,53,-1,1
23832,129,121,8,8
23833,99,116,-17,17
23834,119,95,24,24
23835,75,88,-13,13
23836,119,100,19,19
23837,103,94,9,9
23838,130,123,7,7
23839,119,107,12,12
23840,100,91,9,9
23841,159,180,-21,21
23842,75,63,12,12
23843,86,85,1,1
23844,123,112,11,11
23845,74,81,-7,7
23846,50,67,-17,17
23847,57,52,5,5
23848,50,58,-8,8
23849,71,82,-11,11
23850,96,87,9,9
23851,76,58,18,18
23852,130,117,13,13
23853,62,70,-8,8
23854,92,84,8,8
23855,98,107,-9,9
23856,67,65,2,2
23857,231,255,-24,24
23858,68,61,7,7
23859,59,54,5,5
23860,82,73,9,9
23861,67,61,6,6
23862,88,76,12,12
23863,138,110,28,28
23864,81,69,12,12
23865,117,111,6,6
23866,67,81,-14,14
23867,57,59,-2,2
23868,53,48,5,5
23869,87,84,3,3
23870,123,127,-4,4
23871,128,128,0,0
23872,80,83,-3,3
23873,95,97,-2,2
23874,105,102,3,3
23875,92,81,11,11
23876,97,87,10,10
23877,96,109,-13,13
23878,114,101,13,13
23879,57,62,-5,5
23880,174,140,34,34
23881,98,92,6,6
23882,96,84,12,12
23883,34,52,-18,18
23884,53,52,1,1
23885,70,70,0,0
23886,100,103,-3,3
23887,112,114,-2,2
23888,86,83,3,3
23889,106,101,5,5
23890,75,89,-14,14
23891,97,111,-14,14
23892,93,93,0,0
23893,105,85,20,20
23894,108,103,5,5
23895,137,141,-4,4
23896,99,101,-2,2
23897,71,70,1,1
23898,157,159,-2,2
23899,111,118,-7,7
23900,102,93,9,9
23901,144,133,11,11
23902,86,87,-1,1
23903,63,77,-14,14
23904,97,84,13,13
23905,30,41,-11,11
23906,77,71,6,6
23907,111,98,13,13
23908,77,72,5,5
23909,41,39,2,2
23910,82,81,1,1
23911,144,140,4,4
23912,117,119,-2,2
23913,94,85,9,9
23914,58,59,-1,1
23915,101,103,-2,2
23916,105,96,9,9
23917,99,110,-11,11
23918,88,81,7,7
23919,69,76,-7,7
23920,67,63,4,4
23921,51,58,-7,7
23922,120,115,5,5
23923,60,61,-1,1
23924,90,81,9,9
23925,81,78,3,3
23926,163,168,-5,5
23927,142,121,21,21
23928,65,67,-2,2
23929,156,150,6,6
23930,52,42,10,10
23931,74,69,5,5
23932,115,110,5,5
23933,126,136,-10,10
23934,48,48,0,0
23935,129,129,0,0
23936,160,157,3,3
23937,110,114,-4,4
23938,121,127,-6,6
23939,97,88,9,9
23940,110,131,-21,21
23941,135,128,7,7
23942,153,149,4,4
23943,103,122,-19,19
23944,103,102,1,1
23945,119,108,11,11
23946,76,85,-9,9
23947,195,210,-15,15
23948,57,58,-1,1
23949,59,64,-5,5
23950,146,146,0,0
23951,91,84,7,7
23952,101,93,8,8
23953,240,197,43,43
23954,88,95,-7,7
23955,83,67,16,16
23956,77,79,-2,2
23957,82,73,9,9
23958,82,93,-11,11
23959,119,102,17,17
23960,106,94,12,12
23961,101,105,-4,4
23962,78,75,3,3
23963,82,70,12,12
23964,82,81,1,1
23965,126,111,15,15
23966,87,93,-6,6
23967,96,94,2,2
23968,68,71,-3,3
23969,100,91,9,9
23970,71,72,-1,1
23971,91,97,-6,6
23972,118,113,5,5
23973,93,93,0,0
23974,87,89,-2,2
23975,75,80,-5,5
23976,64,62,2,2
23977,94,93,1,1
23978,45,49,-4,4
23979,97,85,12,12
23980,115,107,8,8
23981,84,81,3,3
23982,139,115,24,24
23983,155,161,-6,6
23984,65,65,0,0
23985,72,79,-7,7
23986,65,73,-8,8
23987,45,54,-9,9
23988,92,93,-1,1
23989,148,133,15,15
23990,163,142,21,21
23991,80,70,10,10
23992,131,117,14,14
23993,74,86,-12,12
23994,62,64,-2,2
23995,65,56,9,9
23996,110,92,18,18
23997,119,87,32,32
23998,110,107,3,3
23999,89,91,-2,2
24000,104,106,-2,2
24001,110,120,-10,10
24002,83,63,20,20
24003,134,130,4,4
24004,110,104,6,6
24005,74,78,-4,4
24006,152,148,4,4
24007,103,94,9,9
24008,47,47,0,0
24009,104,105,-1,1
24010,59,60,-1,1
24011,76,68,8,8
24012,82,81,1,1
24013,100,101,-1,1
24014,127,121,6,6
24015,70,63,7,7
24016,71,79,-8,8
24017,83,85,-2,2
24018,80,83,-3,3
24019,102,98,4,4
24020,70,78,-8,8
24021,89,80,9,9
24022,75,71,4,4
24023,104,96,8,8
24024,84,64,20,20
24025,56,64,-8,8
24026,55,61,-6,6
24027,141,152,-11,11
24028,82,84,-2,2
24029,182,167,15,15
24030,154,156,-2,2
24031,86,87,-1,1
24032,78,81,-3,3
24033,91,89,2,2
24034,115,113,2,2
24035,112,115,-3,3
24036,98,114,-16,16
24037,83,76,7,7
24038,58,53,5,5
24039,72,69,3,3
24040,46,62,-16,16
24041,54,54,0,0
24042,99,97,2,2
24043,100,120,-20,20
24044,114,111,3,3
24045,56,51,5,5
24046,49,55,-6,6
24047,63,55,8,8
24048,63,58,5,5
24049,72,63,9,9
24050,97,96,1,1
24051,59,72,-13,13
24052,123,120,3,3
24053,109,116,-7,7
24054,108,105,3,3
24055,95,103,-8,8
24056,94,95,-1,1
24057,59,62,-3,3
24058,80,81,-1,1
24059,140,132,8,8
24060,102,99,3,3
24061,65,73,-8,8
24062,117,108,9,9
24063,63,53,10,10
24064,77,83,-6,6
24065,137,105,32,32
24066,114,111,3,3
24067,78,66,12,12
24068,45,47,-2,2
24069,84,87,-3,3
24070,96,99,-3,3
24071,62,63,-1,1
24072,67,72,-5,5
24073,178,149,29,29
24074,78,94,-16,16
24075,112,108,4,4
24076,99,81,18,18
24077,94,92,2,2
24078,86,78,8,8
24079,116,107,9,9
24080,64,54,10,10
24081,51,59,-8,8
24082,176,133,43,43
24083,120,100,20,20
24084,121,108,13,13
24085,84,80,4,4
24086,108,101,7,7
24087,97,93,4,4
24088,91,91,0,0
24089,117,113,4,4
24090,102,86,16,16
24091,53,57,-4,4
24092,82,77,5,5
24093,63,66,-3,3
24094,50,96,-46,46
24095,121,105,16,16
24096,33,52,-19,19
24097,75,76,-1,1
24098,98,97,1,1
24099,95,94,1,1
24100,94,92,2,2
24101,43,47,-4,4
24102,88,98,-10,10
24103,72,69,3,3
24104,118,103,15,15
24105,76,80,-4,4
24106,58,60,-2,2
24107,104,88,16,16
24108,115,105,10,10
24109,63,55,8,8
24110,105,105,0,0
24111,59,63,-4,4
24112,58,66,-8,8
24113,146,134,12,12
24114,82,88,-6,6
24115,114,124,-10,10
24116,95,90,5,5
24117,46,52,-6,6
24118,122,112,10,10
24119,78,80,-2,2
24120,97,90,7,7
24121,111,107,4,4
24122,161,145,16,16
24123,157,157,0,0
24124,90,103,-13,13
24125,69,65,4,4
24126,78,74,4,4
24127,111,104,7,7
24128,56,45,11,11
24129,83,72,11,11
24130,186,170,16,16
24131,76,82,-6,6
24132,76,81,-5,5
24133,136,130,6,6
24134,87,88,-1,1
24135,87,81,6,6
24136,72,61,11,11
24137,64,74,-10,10
24138,162,165,-3,3
24139,59,61,-2,2
24140,77,68,9,9
24141,58,58,0,0
24142,65,65,0,0
24143,103,88,15,15
24144,74,82,-8,8
24145,83,72,11,11
24146,62,64,-2,2
24147,115,105,10,10
24148,88,92,-4,4
24149,79,82,-3,3
24150,102,94,8,8
24151,76,76,0,0
24152,72,65,7,7
24153,127,127,0,0
24154,57,61,-4,4
24155,123,118,5,5
24156,108,100,8,8
24157,179,172,7,7
24158,56,82,-26,26
24159,129,133,-4,4
24160,76,82,-6,6
24161,160,145,15,15
24162,108,96,12,12
24163,65,68,-3,3
24164,80,74,6,6
24165,68,79,-11,11
24166,125,134,-9,9
24167,55,53,2,2
24168,101,107,-6,6
24169,102,99,3,3
24170,151,151,0,0
24171,98,117,-19,19
24172,72,81,-9,9
24173,124,116,8,8
24174,113,102,11,11
24175,84,67,17,17
24176,51,60,-9,9
24177,73,71,2,2
24178,58,43,15,15
24179,103,98,5,5
24180,89,80,9,9
24181,103,103,0,0
24182,122,116,6,6
24183,62,64,-2,2
24184,152,124,28,28
24185,49,50,-1,1
24186,76,68,8,8
24187,107,109,-2,2
24188,63,70,-7,7
24189,132,121,11,11
24190,167,90,77,77
24191,105,98,7,7
24192,160,161,-1,1
24193,86,83,3,3
24194,105,94,11,11
24195,88,84,4,4
24196,102,102,0,0
24197,102,111,-9,9
24198,101,107,-6,6
24199,48,53,-5,5
24200,131,138,-7,7
24201,45,42,3,3
24202,100,99,1,1
24203,77,69,8,8
24204,131,138,-7,7
24205,106,104,2,2
24206,115,107,8,8
24207,140,130,10,10
24208,111,122,-11,11
24209,100,94,6,6
24210,55,57,-2,2
24211,80,72,8,8
24212,98,108,-10,10
24213,61,50,11,11
24214,106,96,10,10
24215,91,91,0,0
24216,96,93,3,3
24217,88,81,7,7
24218,79,87,-8,8
24219,108,115,-7,7
24220,108,110,-2,2
24221,137,117,20,20
24222,110,103,7,7
24223,67,73,-6,6
24224,81,84,-3,3
24225,74,76,-2,2
24226,95,98,-3,3
24227,36,35,1,1
24228,96,93,3,3
24229,80,85,-5,5
24230,86,76,10,10
24231,145,149,-4,4
24232,163,167,-4,4
24233,57,50,7,7
24234,91,100,-9,9
24235,100,104,-4,4
24236,55,54,1,1
24237,118,110,8,8
24238,183,173,10,10
24239,79,90,-11,11
24240,82,72,10,10
24241,107,110,-3,3
24242,47,45,2,2
24243,103,105,-2,2
24244,78,72,6,6
24245,114,106,8,8
24246,127,111,16,16
24247,65,70,-5,5
24248,149,152,-3,3
24249,72,75,-3,3
24250,75,75,0,0
24251,99,97,2,2
24252,91,82,9,9
24253,50,56,-6,6
24254,116,111,5,5
24255,150,142,8,8
24256,136,138,-2,2
24257,145,104,41,41
24258,64,64,0,0
24259,81,73,8,8
24260,76,61,15,15
24261,91,81,10,10
24262,64,55,9,9
24263,52,44,8,8
24264,85,85,0,0
24265,93,93,0,0
24266,80,88,-8,8
24267,84,85,-1,1
24268,71,67,4,4
24269,73,63,10,10
24270,54,55,-1,1
24271,87,84,3,3
24272,88,101,-13,13
24273,50,63,-13,13
24274,122,127,-5,5
24275,98,95,3,3
24276,82,71,11,11
24277,173,176,-3,3
24278,78,77,1,1
24279,106,90,16,16
24280,103,115,-12,12
24281,78,76,2,2
24282,57,60,-3,3
24283,125,132,-7,7
24284,103,96,7,7
24285,100,94,6,6
24286,78,80,-2,2
24287,122,117,5,5
24288,122,136,-14,14
24289,135,121,14,14
24290,110,91,19,19
24291,174,155,19,19
24292,54,51,3,3
24293,43,41,2,2
24294,82,78,4,4
24295,91,82,9,9
24296,104,94,10,10
24297,148,147,1,1
24298,30,35,-5,5
24299,115,108,7,7
24300,122,113,9,9
24301,126,116,10,10
24302,68,85,-17,17
24303,119,98,21,21
24304,124,130,-6,6
24305,81,74,7,7
24306,74,65,9,9
24307,75,75,0,0
24308,57,59,-2,2
24309,92,70,22,22
24310,79,68,11,11
24311,118,123,-5,5
24312,62,61,1,1
24313,86,74,12,12
24314,57,53,4,4
24315,93,110,-17,17
24316,111,96,15,15
24317,77,66,11,11
24318,66,73,-7,7
24319,142,108,34,34
24320,117,101,16,16
24321,48,46,2,2
24322,195,181,14,14
24323,100,97,3,3
24324,103,78,25,25
24325,59,73,-14,14
24326,76,67,9,9
24327,108,106,2,2
24328,127,125,2,2
24329,91,87,4,4
24330,67,72,-5,5
24331,157,142,15,15
24332,120,127,-7,7
24333,79,78,1,1
24334,95,93,2,2
24335,103,101,2,2
24336,126,106,20,20
24337,73,101,-28,28
24338,53,57,-4,4
24339,126,126,0,0
24340,78,77,1,1
24341,128,126,2,2
24342,51,50,1,1
24343,76,76,0,0
24344,130,136,-6,6
24345,87,86,1,1
24346,76,82,-6,6
24347,71,66,5,5
24348,115,118,-3,3
24349,119,122,-3,3
24350,75,74,1,1
24351,75,88,-13,13
24352,93,87,6,6
24353,128,131,-3,3
24354,127,142,-15,15
24355,94,84,10,10
24356,133,125,8,8
24357,53,44,9,9
24358,146,135,11,11
24359,117,126,-9,9
24360,74,71,3,3
24361,126,121,5,5
24362,41,56,-15,15
24363,143,142,1,1
24364,90,86,4,4
24365,73,76,-3,3
24366,156,154,2,2
24367,72,69,3,3
24368,59,57,2,2
24369,27,28,-1,1
24370,93,94,-1,1
24371,87,90,-3,3
24372,44,59,-15,15
24373,182,161,21,21
24374,90,85,5,5
24375,170,152,18,18
24376,128,127,1,1
24377,102,99,3,3
24378,99,87,12,12
24379,106,107,-1,1
24380,86,80,6,6
24381,127,117,10,10
24382,99,90,9,9
24383,101,107,-6,6
24384,155,129,26,26
24385,184,157,27,27
24386,98,93,5,5
24387,95,85,10,10
24388,108,129,-21,21
24389,103,106,-3,3
24390,147,135,12,12
24391,100,91,9,9
24392,76,100,-24,24
24393,308,241,67,67
24394,71,66,5,5
24395,80,81,-1,1
24396,88,79,9,9
24397,92,99,-7,7
24398,105,106,-1,1
24399,63,67,-4,4
24400,89,82,7,7
24401,77,85,-8,8
24402,94,97,-3,3
24403,72,83,-11,11
24404,65,63,2,2
24405,132,124,8,8
24406,90,82,8,8
24407,83,74,9,9
24408,35,78,-43,43
24409,163,144,19,19
24410,73,68,5,5
24411,117,110,7,7
24412,87,85,2,2
24413,70,81,-11,11
24414,189,192,-3,3
24415,81,78,3,3
24416,59,75,-16,16
24417,110,114,-4,4
24418,103,109,-6,6
24419,89,87,2,2
24420,90,78,12,12
24421,475,335,140,140
24422,66,63,3,3
24423,97,100,-3,3
24424,89,78,11,11
24425,106,100,6,6
24426,81,77,4,4
24427,143,137,6,6
24428,113,108,5,5
24429,83,82,1,1
24430,276,286,-10,10
24431,88,82,6,6
24432,91,96,-5,5
24433,179,148,31,31
24434,175,124,51,51
24435,86,84,2,2
24436,60,59,1,1
24437,86,82,4,4
24438,104,90,14,14
24439,144,134,10,10
24440,93,91,2,2
24441,98,94,4,4
24442,59,66,-7,7
24443,112,138,-26,26
24444,98,110,-12,12
24445,60,55,5,5
24446,72,67,5,5
24447,42,49,-7,7
24448,57,50,7,7
24449,138,126,12,12
24450,99,95,4,4
24451,134,130,4,4
24452,96,74,22,22
24453,101,116,-15,15
24454,88,107,-19,19
24455,79,84,-5,5
24456,61,58,3,3
24457,77,64,13,13
24458,119,115,4,4
24459,124,102,22,22
24460,77,89,-12,12
24461,81,81,0,0
24462,70,70,0,0
24463,120,135,-15,15
24464,90,96,-6,6
24465,88,92,-4,4
24466,49,46,3,3
24467,70,69,1,1
24468,90,83,7,7
24469,70,58,12,12
24470,119,105,14,14
24471,99,96,3,3
24472,79,83,-4,4
24473,112,105,7,7
24474,63,65,-2,2
24475,40,44,-4,4
24476,145,135,10,10
24477,82,74,8,8
24478,87,86,1,1
24479,75,59,16,16
24480,71,71,0,0
24481,84,75,9,9
24482,85,82,3,3
24483,101,85,16,16
24484,111,96,15,15
24485,90,86,4,4
24486,63,70,-7,7
24487,174,179,-5,5
24488,106,94,12,12
24489,64,69,-5,5
24490,33,33,0,0
24491,100,109,-9,9
24492,185,165,20,20
24493,68,72,-4,4
24494,29,31,-2,2
24495,45,51,-6,6
24496,58,58,0,0
24497,120,106,14,14
24498,124,107,17,17
24499,70,69,1,1
24500,104,109,-5,5
24501,101,95,6,6
24502,92,91,1,1
24503,81,66,15,15
24504,59,62,-3,3
24505,84,89,-5,5
24506,67,73,-6,6
24507,105,92,13,13
24508,81,85,-4,4
24509,56,62,-6,6
24510,115,113,2,2
24511,117,110,7,7
24512,95,84,11,11
24513,134,123,11,11
24514,89,89,0,0
24515,136,122,14,14
24516,100,97,3,3
24517,95,108,-13,13
24518,73,76,-3,3
24519,58,68,-10,10
24520,157,140,17,17
24521,77,86,-9,9
24522,54,54,0,0
24523,90,98,-8,8
24524,85,87,-2,2
24525,71,73,-2,2
24526,73,77,-4,4
24527,87,92,-5,5
24528,57,54,3,3
24529,64,59,5,5
24530,72,66,6,6
24531,184,138,46,46
24532,152,114,38,38
24533,88,85,3,3
24534,90,85,5,5
24535,96,95,1,1
24536,117,111,6,6
24537,65,58,7,7
24538,101,90,11,11
24539,130,126,4,4
24540,189,169,20,20
24541,80,81,-1,1
24542,72,68,4,4
24543,99,93,6,6
24544,131,116,15,15
24545,120,124,-4,4
24546,64,67,-3,3
24547,59,49,10,10
24548,69,71,-2,2
24549,44,58,-14,14
24550,85,90,-5,5
24551,51,67,-16,16
24552,70,75,-5,5
24553,61,71,-10,10
24554,110,120,-10,10
24555,69,86,-17,17
24556,56,55,1,1
24557,125,138,-13,13
24558,91,86,5,5
24559,53,64,-11,11
24560,91,94,-3,3
24561,42,52,-10,10
24562,85,85,0,0
24563,33,38,-5,5
24564,94,85,9,9
24565,143,136,7,7
24566,72,71,1,1
24567,85,80,5,5
24568,132,134,-2,2
24569,103,93,10,10
24570,131,101,30,30
24571,72,71,1,1
24572,109,110,-1,1
24573,104,103,1,1
24574,128,118,10,10
24575,147,136,11,11
24576,90,86,4,4
24577,44,50,-6,6
24578,84,89,-5,5
24579,129,151,-22,22
24580,76,95,-19,19
24581,82,100,-18,18
24582,155,119,36,36
24583,141,122,19,19
24584,110,119,-9,9
24585,117,116,1,1
24586,112,109,3,3
24587,109,111,-2,2
24588,63,51,12,12
24589,68,66,2,2
24590,140,125,15,15
24591,42,52,-10,10
24592,97,104,-7,7
24593,73,69,4,4
24594,49,52,-3,3
24595,163,135,28,28
24596,116,113,3,3
24597,98,108,-10,10
24598,97,94,3,3
24599,76,74,2,2
24600,84,81,3,3
24601,52,47,5,5
24602,134,125,9,9
24603,62,61,1,1
24604,123,125,-2,2
24605,55,59,-4,4
24606,80,80,0,0
24607,77,79,-2,2
24608,121,126,-5,5
24609,45,56,-11,11
24610,66,59,7,7
24611,59,54,5,5
24612,45,52,-7,7
24613,63,68,-5,5
24614,65,81,-16,16
24615,95,97,-2,2
24616,84,80,4,4
24617,110,127,-17,17
24618,83,81,2,2
24619,133,131,2,2
24620,111,103,8,8
24621,69,68,1,1
24622,43,38,5,5
24623,97,102,-5,5
24624,78,88,-10,10
24625,75,79,-4,4
24626,130,128,2,2
24627,73,68,5,5
24628,156,183,-27,27
24629,110,91,19,19
24630,132,130,2,2
24631,108,110,-2,2
24632,97,96,1,1
24633,139,132,7,7
24634,88,82,6,6
24635,136,123,13,13
24636,115,110,5,5
24637,141,137,4,4
24638,125,121,4,4
24639,114,107,7,7
24640,127,119,8,8
24641,87,88,-1,1
24642,126,124,2,2
24643,83,99,-16,16
24644,68,66,2,2
24645,100,98,2,2
24646,67,74,-7,7
24647,79,73,6,6
24648,123,107,16,16
24649,49,43,6,6
24650,73,95,-22,22
24651,105,97,8,8
24652,86,76,10,10
24653,78,97,-19,19
24654,97,87,10,10
24655,95,98,-3,3
24656,46,52,-6,6
24657,105,104,1,1
24658,157,139,18,18
24659,97,110,-13,13
24660,130,113,17,17
24661,114,123,-9,9
24662,56,66,-10,10
24663,37,42,-5,5
24664,133,131,2,2
24665,80,95,-15,15
24666,56,58,-2,2
24667,64,65,-1,1
24668,78,75,3,3
24669,96,88,8,8
24670,90,90,0,0
24671,126,111,15,15
24672,85,81,4,4
24673,60,51,9,9
24674,92,84,8,8
24675,105,104,1,1
24676,92,87,5,5
24677,85,81,4,4
24678,187,176,11,11
24679,108,107,1,1
24680,64,59,5,5
24681,99,91,8,8
24682,92,84,8,8
24683,111,109,2,2
24684,83,74,9,9
24685,92,84,8,8
24686,68,61,7,7
24687,158,129,29,29
24688,54,52,2,2
24689,86,80,6,6
24690,94,84,10,10
24691,102,93,9,9
24692,55,59,-4,4
24693,52,61,-9,9
24694,69,73,-4,4
24695,97,90,7,7
24696,59,67,-8,8
24697,86,77,9,9
24698,104,99,5,5
24699,119,119,0,0
24700,124,106,18,18
24701,99,102,-3,3
24702,94,89,5,5
24703,129,141,-12,12
24704,134,111,23,23
24705,58,66,-8,8
24706,131,122,9,9
24707,100,89,11,11
24708,97,86,11,11
24709,75,73,2,2
24710,133,117,16,16
24711,87,75,12,12
24712,76,73,3,3
24713,55,51,4,4
24714,167,164,3,3
24715,108,110,-2,2
24716,64,63,1,1
24717,56,69,-13,13
24718,49,68,-19,19
24719,55,45,10,10
24720,80,91,-11,11
24721,55,56,-1,1
24722,169,156,13,13
24723,156,145,11,11
24724,102,96,6,6
24725,94,91,3,3
24726,92,96,-4,4
24727,116,124,-8,8
24728,120,123,-3,3
24729,107,105,2,2
24730,113,104,9,9
24731,75,84,-9,9
24732,67,61,6,6
24733,98,84,14,14
24734,193,172,21,21
24735,165,184,-19,19
24736,92,80,12,12
24737,53,54,-1,1
24738,82,92,-10,10
24739,113,110,3,3
24740,89,94,-5,5
24741,93,84,9,9
24742,94,91,3,3
24743,87,74,13,13
24744,145,135,10,10
24745,142,130,12,12
24746,115,116,-1,1
24747,82,80,2,2
24748,87,91,-4,4
24749,74,66,8,8
24750,61,66,-5,5
24751,125,115,10,10
24752,74,71,3,3
24753,129,119,10,10
24754,88,80,8,8
24755,93,107,-14,14
24756,83,83,0,0
24757,123,108,15,15
24758,103,93,10,10
24759,136,135,1,1
24760,88,90,-2,2
24761,94,88,6,6
24762,71,73,-2,2
24763,80,83,-3,3
24764,73,77,-4,4
24765,90,76,14,14
24766,81,73,8,8
24767,85,99,-14,14
24768,48,51,-3,3
24769,122,129,-7,7
24770,120,104,16,16
24771,100,102,-2,2
24772,123,105,18,18
24773,154,132,22,22
24774,49,55,-6,6
24775,110,94,16,16
24776,90,89,1,1
24777,103,96,7,7
24778,69,75,-6,6
24779,113,101,12,12
24780,102,99,3,3
24781,80,108,-28,28
24782,45,44,1,1
24783,154,145,9,9
24784,116,105,11,11
24785,125,123,2,2
24786,182,156,26,26
24787,68,60,8,8
24788,82,73,9,9
24789,78,88,-10,10
24790,60,75,-15,15
24791,119,106,13,13
24792,76,72,4,4
24793,102,107,-5,5
24794,94,116,-22,22
24795,76,86,-10,10
24796,52,50,2,2
24797,82,72,10,10
24798,117,123,-6,6
24799,110,101,9,9
24800,165,145,20,20
24801,79,67,12,12
24802,132,124,8,8
24803,118,112,6,6
24804,95,86,9,9
24805,74,74,0,0
24806,52,66,-14,14
24807,104,99,5,5
24808,103,124,-21,21
24809,119,124,-5,5
24810,99,106,-7,7
24811,141,133,8,8
24812,62,59,3,3
24813,95,86,9,9
24814,115,108,7,7
24815,97,104,-7,7
24816,46,57,-11,11
24817,122,128,-6,6
24818,121,118,3,3
24819,102,104,-2,2
24820,148,136,12,12
24821,71,66,5,5
24822,114,118,-4,4
24823,126,110,16,16
24824,84,91,-7,7
24825,83,75,8,8
24826,101,88,13,13
24827,98,96,2,2
24828,121,110,11,11
24829,84,88,-4,4
24830,56,66,-10,10
24831,90,78,12,12
24832,85,81,4,4
24833,87,78,9,9
24834,113,115,-2,2
24835,140,139,1,1
24836,116,111,5,5
24837,120,126,-6,6
24838,82,77,5,5
24839,150,136,14,14
24840,89,83,6,6
24841,72,66,6,6
24842,106,105,1,1
24843,66,69,-3,3
24844,67,67,0,0
24845,78,68,10,10
24846,118,109,9,9
24847,83,99,-16,16
24848,133,136,-3,3
24849,127,120,7,7
24850,178,158,20,20
24851,70,67,3,3
24852,50,50,0,0
24853,121,113,8,8
24854,127,119,8,8
24855,62,49,13,13
24856,74,73,1,1
24857,79,77,2,2
24858,95,90,5,5
24859,103,99,4,4
24860,113,97,16,16
24861,58,66,-8,8
24862,162,115,47,47
24863,43,41,2,2
24864,73,70,3,3
24865,60,60,0,0
24866,134,121,13,13
24867,66,70,-4,4
24868,42,54,-12,12
24869,89,83,6,6
24870,82,74,8,8
24871,133,123,10,10
24872,28,31,-3,3
24873,120,112,8,8
24874,60,64,-4,4
24875,59,68,-9,9
24876,54,57,-3,3
24877,81,84,-3,3
24878,102,105,-3,3
24879,47,54,-7,7
24880,90,62,28,28
24881,123,108,15,15
24882,83,83,0,0
24883,92,107,-15,15
24884,105,100,5,5
24885,108,83,25,25
24886,114,126,-12,12
24887,57,62,-5,5
24888,67,68,-1,1
24889,85,99,-14,14
24890,68,78,-10,10
24891,55,60,-5,5
24892,93,97,-4,4
24893,61,68,-7,7
24894,61,59,2,2
24895,87,84,3,3
24896,85,82,3,3
24897,88,89,-1,1
24898,57,50,7,7
24899,65,69,-4,4
24900,58,58,0,0
24901,118,111,7,7
24902,94,95,-1,1
24903,164,159,5,5
24904,74,73,1,1
24905,106,151,-45,45
24906,97,117,-20,20
24907,117,109,8,8
24908,123,107,16,16
24909,72,84,-12,12
24910,73,68,5,5
24911,105,142,-37,37
24912,53,59,-6,6
24913,63,68,-5,5
24914,85,85,0,0
24915,136,146,-10,10
24916,113,101,12,12
24917,92,100,-8,8
24918,97,99,-2,2
24919,95,101,-6,6
24920,106,95,11,11
24921,167,137,30,30
24922,121,126,-5,5
24923,42,43,-1,1
24924,80,80,0,0
24925,48,57,-9,9
24926,116,112,4,4
24927,117,113,4,4
24928,67,58,9,9
24929,69,68,1,1
24930,114,96,18,18
24931,134,116,18,18
24932,91,85,6,6
24933,88,78,10,10
24934,130,128,2,2
24935,187,178,9,9
24936,99,104,-5,5
24937,95,101,-6,6
24938,151,148,3,3
24939,97,92,5,5
24940,66,64,2,2
24941,39,33,6,6
24942,114,112,2,2
24943,124,111,13,13
24944,109,106,3,3
24945,92,104,-12,12
24946,50,49,1,1
24947,139,127,12,12
24948,116,114,2,2
24949,79,75,4,4
24950,69,82,-13,13
24951,95,101,-6,6
24952,112,110,2,2
24953,57,70,-13,13
24954,57,61,-4,4
24955,112,123,-11,11
24956,77,78,-1,1
24957,79,82,-3,3
24958,115,111,4,4
24959,52,64,-12,12
24960,121,109,12,12
24961,93,93,0,0
24962,51,42,9,9
24963,71,68,3,3
24964,126,123,3,3
24965,149,135,14,14
24966,91,107,-16,16
24967,142,122,20,20
24968,55,61,-6,6
24969,110,113,-3,3
24970,197,206,-9,9
24971,85,80,5,5
24972,115,110,5,5
24973,111,100,11,11
24974,136,115,21,21
24975,57,64,-7,7
24976,100,88,12,12
24977,121,119,2,2
24978,105,95,10,10
24979,145,153,-8,8
24980,93,89,4,4
24981,104,105,-1,1
24982,104,96,8,8
24983,89,96,-7,7
24984,82,88,-6,6
24985,137,127,10,10
24986,112,99,13,13
24987,99,86,13,13
24988,94,92,2,2
24989,140,119,21,21
24990,75,78,-3,3
24991,114,112,2,2
24992,71,69,2,2
24993,155,140,15,15
24994,71,66,5,5
24995,61,54,7,7
24996,84,95,-11,11
24997,75,70,5,5
24998,128,137,-9,9
24999,247,267,-20,20
25000,101,103,-2,2
25001,113,98,15,15
25002,116,107,9,9
25003,112,100,12,12
25004,83,81,2,2
25005,52,54,-2,2
25006,73,68,5,5
25007,43,53,-10,10
25008,96,87,9,9
25009,49,65,-16,16
25010,57,69,-12,12
25011,104,123,-19,19
25012,86,88,-2,2
25013,66,67,-1,1
25014,69,87,-18,18
25015,92,97,-5,5
25016,120,125,-5,5
25017,124,128,-4,4
25018,109,105,4,4
25019,90,95,-5,5
25020,88,72,16,16
25021,60,63,-3,3
25022,100,100,0,0
25023,171,212,-41,41
25024,55,52,3,3
25025,143,141,2,2
25026,104,99,5,5
25027,120,111,9,9
25028,132,127,5,5
25029,142,139,3,3
25030,68,66,2,2
25031,74,78,-4,4
25032,107,100,7,7
25033,82,87,-5,5
25034,48,48,0,0
25035,83,82,1,1
25036,66,66,0,0
25037,90,87,3,3
25038,114,116,-2,2
25039,123,104,19,19
25040,140,124,16,16
25041,71,70,1,1
25042,112,103,9,9
25043,175,174,1,1
25044,148,129,19,19
25045,87,76,11,11
25046,156,146,10,10
25047,44,46,-2,2
25048,105,100,5,5
25049,120,122,-2,2
25050,65,61,4,4
25051,120,114,6,6
25052,69,65,4,4
25053,91,94,-3,3
25054,135,95,40,40
25055,133,133,0,0
25056,81,91,-10,10
25057,74,59,15,15
25058,144,159,-15,15
25059,146,125,21,21
25060,95,78,17,17
25061,223,193,30,30
25062,126,106,20,20
25063,49,46,3,3
25064,102,99,3,3
25065,116,109,7,7
25066,60,66,-6,6
25067,154,133,21,21
25068,134,129,5,5
25069,100,96,4,4
25070,76,66,10,10
25071,74,69,5,5
25072,77,75,2,2
25073,88,75,13,13
25074,76,80,-4,4
25075,81,81,0,0
25076,165,153,12,12
25077,108,116,-8,8
25078,53,19,34,34
25079,59,66,-7,7
25080,85,93,-8,8
25081,98,90,8,8
25082,58,62,-4,4
25083,105,102,3,3
25084,148,129,19,19
25085,159,132,27,27
25086,163,157,6,6
25087,102,95,7,7
25088,71,96,-25,25
25089,156,146,10,10
25090,97,106,-9,9
25091,97,87,10,10
25092,72,66,6,6
25093,83,105,-22,22
25094,81,64,17,17
25095,103,88,15,15
25096,95,92,3,3
25097,82,88,-6,6
25098,121,113,8,8
25099,78,89,-11,11
25100,98,98,0,0
25101,145,144,1,1
25102,122,112,10,10
25103,123,102,21,21
25104,76,72,4,4
25105,195,183,12,12
25106,48,42,6,6
25107,59,72,-13,13
25108,73,72,1,1
25109,73,84,-11,11
25110,63,56,7,7
25111,178,136,42,42
25112,69,71,-2,2
25113,96,90,6,6
25114,67,64,3,3
25115,46,42,4,4
25116,88,87,1,1
25117,47,54,-7,7
25118,45,43,2,2
25119,47,46,1,1
25120,123,118,5,5
25121,124,116,8,8
25122,167,168,-1,1
25123,136,114,22,22
25124,72,75,-3,3
25125,109,104,5,5
25126,74,73,1,1
25127,80,76,4,4
25128,126,117,9,9
25129,119,101,18,18
25130,60,63,-3,3
25131,98,97,1,1
25132,128,107,21,21
25133,96,87,9,9
25134,109,107,2,2
25135,135,131,4,4
25136,86,76,10,10
25137,125,121,4,4
25138,71,78,-7,7
25139,137,133,4,4
25140,86,93,-7,7
25141,150,159,-9,9
25142,83,79,4,4
25143,57,55,2,2
25144,87,86,1,1
25145,58,63,-5,5
25146,74,84,-10,10
25147,168,140,28,28
25148,145,127,18,18
25149,65,61,4,4
25150,76,76,0,0
25151,114,103,11,11
25152,151,156,-5,5
25153,146,144,2,2
25154,65,71,-6,6
25155,77,90,-13,13
25156,165,144,21,21
25157,89,108,-19,19
25158,107,88,19,19
25159,96,103,-7,7
25160,115,110,5,5
25161,74,72,2,2
25162,160,152,8,8
25163,82,79,3,3
25164,80,67,13,13
25165,94,102,-8,8
25166,97,93,4,4
25167,48,67,-19,19
25168,79,67,12,12
25169,16,21,-5,5
25170,100,98,2,2
25171,51,65,-14,14
25172,86,83,3,3
25173,108,95,13,13
25174,46,39,7,7
25175,55,51,4,4
25176,112,120,-8,8
25177,84,83,1,1
25178,100,94,6,6
25179,150,138,12,12
25180,138,122,16,16
25181,92,88,4,4
25182,66,67,-1,1
25183,103,97,6,6
25184,96,99,-3,3
25185,148,151,-3,3
25186,81,83,-2,2
25187,45,72,-27,27
25188,126,122,4,4
25189,168,142,26,26
25190,76,75,1,1
25191,134,144,-10,10
25192,83,77,6,6
25193,118,111,7,7
25194,117,108,9,9
25195,100,105,-5,5
25196,96,95,1,1
25197,122,113,9,9
25198,76,82,-6,6
25199,96,112,-16,16
25200,103,95,8,8
25201,70,71,-1,1
25202,209,187,22,22
25203,75,74,1,1
25204,54,70,-16,16
25205,111,99,12,12
25206,70,58,12,12
25207,100,103,-3,3
25208,108,93,15,15
25209,56,63,-7,7
25210,172,191,-19,19
25211,67,67,0,0
25212,118,94,24,24
25213,47,58,-11,11
25214,69,70,-1,1
25215,85,94,-9,9
25216,63,64,-1,1
25217,267,298,-31,31
25218,101,96,5,5
25219,126,113,13,13
25220,99,101,-2,2
25221,124,129,-5,5
25222,145,126,19,19
25223,83,77,6,6
25224,96,84,12,12
25225,149,163,-14,14
25226,65,64,1,1
25227,83,75,8,8
25228,51,49,2,2
25229,73,82,-9,9
25230,164,131,33,33
25231,76,74,2,2
25232,86,88,-2,2
25233,128,118,10,10
25234,126,108,18,18
25235,75,67,8,8
25236,85,82,3,3
25237,59,60,-1,1
25238,80,75,5,5
25239,115,105,10,10
25240,96,97,-1,1
25241,57,70,-13,13
25242,78,76,2,2
25243,92,99,-7,7
25244,114,106,8,8
25245,97,86,11,11
25246,67,69,-2,2
25247,68,85,-17,17
25248,88,84,4,4
25249,58,58,0,0
25250,86,91,-5,5
25251,81,82,-1,1
25252,80,90,-10,10
25253,107,114,-7,7
25254,65,66,-1,1
25255,77,70,7,7
25256,30,45,-15,15
25257,81,76,5,5
25258,91,93,-2,2
25259,62,74,-12,12
25260,78,75,3,3
25261,103,93,10,10
25262,113,107,6,6
25263,121,115,6,6
25264,75,71,4,4
25265,113,107,6,6
25266,52,57,-5,5
25267,93,95,-2,2
25268,51,57,-6,6
25269,128,107,21,21
25270,86,82,4,4
25271,107,113,-6,6
25272,105,99,6,6
25273,195,156,39,39
25274,64,58,6,6
25275,56,73,-17,17
25276,38,85,-47,47
25277,111,128,-17,17
25278,72,68,4,4
25279,103,98,5,5
25280,93,88,5,5
25281,90,95,-5,5
25282,64,59,5,5
25283,142,127,15,15
25284,96,91,5,5
25285,85,85,0,0
25286,99,96,3,3
25287,52,54,-2,2
25288,117,131,-14,14
25289,76,86,-10,10
25290,80,86,-6,6
25291,99,93,6,6
25292,103,91,12,12
25293,60,65,-5,5
25294,96,96,0,0
25295,112,104,8,8
25296,77,69,8,8
25297,126,108,18,18
25298,125,122,3,3
25299,132,133,-1,1
25300,79,84,-5,5
25301,106,101,5,5
25302,35,46,-11,11
25303,85,74,11,11
25304,63,58,5,5
25305,65,62,3,3
25306,23,59,-36,36
25307,73,74,-1,1
25308,103,101,2,2
25309,79,77,2,2
25310,81,87,-6,6
25311,54,56,-2,2
25312,77,74,3,3
25313,90,85,5,5
25314,92,87,5,5
25315,54,61,-7,7
25316,101,100,1,1
25317,102,88,14,14
25318,77,72,5,5
25319,113,109,4,4
25320,166,162,4,4
25321,74,67,7,7
25322,116,125,-9,9
25323,127,135,-8,8
25324,89,83,6,6
25325,101,96,5,5
25326,103,100,3,3
25327,127,124,3,3
25328,83,78,5,5
25329,123,123,0,0
25330,118,116,2,2
25331,160,154,6,6
25332,79,88,-9,9
25333,76,67,9,9
25334,51,51,0,0
25335,110,109,1,1
25336,112,129,-17,17
25337,73,70,3,3
25338,90,85,5,5
25339,87,85,2,2
25340,97,93,4,4
25341,51,53,-2,2
25342,175,180,-5,5
25343,51,55,-4,4
25344,96,91,5,5
25345,96,88,8,8
25346,87,90,-3,3
25347,98,102,-4,4
25348,195,171,24,24
25349,74,65,9,9
25350,111,100,11,11
25351,62,55,7,7
25352,62,78,-16,16
25353,50,55,-5,5
25354,77,79,-2,2
25355,68,57,11,11
25356,72,80,-8,8
25357,82,75,7,7
25358,69,69,0,0
25359,133,123,10,10
25360,57,59,-2,2
25361,87,97,-10,10
25362,86,77,9,9
25363,53,78,-25,25
25364,111,122,-11,11
25365,85,89,-4,4
25366,68,66,2,2
25367,82,86,-4,4
25368,125,117,8,8
25369,127,113,14,14
25370,46,89,-43,43
25371,125,124,1,1
25372,133,118,15,15
25373,84,97,-13,13
25374,70,77,-7,7
25375,130,112,18,18
25376,86,86,0,0
25377,161,165,-4,4
25378,100,126,-26,26
25379,107,105,2,2
25380,89,87,2,2
25381,62,50,12,12
25382,75,72,3,3
25383,82,83,-1,1
25384,104,108,-4,4
25385,83,99,-16,16
25386,109,108,1,1
25387,57,51,6,6
25388,125,119,6,6
25389,87,79,8,8
25390,201,171,30,30
25391,75,79,-4,4
25392,80,80,0,0
25393,143,170,-27,27
25394,120,114,6,6
25395,146,140,6,6
25396,70,68,2,2
25397,93,84,9,9
25398,110,109,1,1
25399,43,47,-4,4
25400,97,95,2,2
25401,70,58,12,12
25402,85,76,9,9
25403,91,99,-8,8
25404,85,87,-2,2
25405,120,109,11,11
25406,70,73,-3,3
25407,61,76,-15,15
25408,67,65,2,2
25409,156,144,12,12
25410,45,41,4,4
25411,121,126,-5,5
25412,93,102,-9,9
25413,111,137,-26,26
25414,72,77,-5,5
25415,44,44,0,0
25416,140,140,0,0
25417,52,57,-5,5
25418,70,67,3,3
25419,117,111,6,6
25420,60,58,2,2
25421,73,85,-12,12
25422,107,103,4,4
25423,90,75,15,15
25424,59,61,-2,2
25425,102,112,-10,10
25426,73,77,-4,4
25427,86,87,-1,1
25428,58,59,-1,1
25429,66,57,9,9
25430,62,93,-31,31
25431,130,125,5,5
25432,121,100,21,21
25433,114,104,10,10
25434,128,128,0,0
25435,106,105,1,1
25436,94,83,11,11
25437,139,130,9,9
25438,57,53,4,4
25439,62,83,-21,21
25440,59,55,4,4
25441,134,118,16,16
25442,88,85,3,3
25443,67,70,-3,3
25444,91,98,-7,7
25445,79,70,9,9
25446,99,98,1,1
25447,135,144,-9,9
25448,118,117,1,1
25449,97,95,2,2
25450,96,84,12,12
25451,81,81,0,0
25452,93,94,-1,1
25453,108,106,2,2
25454,69,75,-6,6
25455,106,109,-3,3
25456,80,89,-9,9
25457,108,105,3,3
25458,95,86,9,9
25459,41,40,1,1
25460,97,93,4,4
25461,161,122,39,39
25462,96,83,13,13
25463,86,95,-9,9
25464,123,109,14,14
25465,84,71,13,13
25466,81,87,-6,6
25467,99,97,2,2
25468,108,93,15,15
25469,57,65,-8,8
25470,82,89,-7,7
25471,117,128,-11,11
25472,78,80,-2,2
25473,206,200,6,6
25474,70,69,1,1
25475,66,72,-6,6
25476,132,124,8,8
25477,73,62,11,11
25478,53,65,-12,12
25479,47,50,-3,3
25480,73,77,-4,4
25481,72,71,1,1
25482,96,89,7,7
25483,182,170,12,12
25484,80,79,1,1
25485,98,89,9,9
25486,103,103,0,0
25487,182,181,1,1
25488,136,149,-13,13
25489,101,109,-8,8
25490,81,71,10,10
25491,161,134,27,27
25492,83,87,-4,4
25493,57,73,-16,16
25494,119,103,16,16
25495,103,94,9,9
25496,143,126,17,17
25497,61,95,-34,34
25498,117,108,9,9
25499,113,110,3,3
25500,94,93,1,1
25501,70,70,0,0
25502,116,120,-4,4
25503,102,89,13,13
25504,154,154,0,0
25505,91,86,5,5
25506,105,103,2,2
25507,114,119,-5,5
25508,160,161,-1,1
25509,94,89,5,5
25510,151,122,29,29
25511,170,156,14,14
25512,76,66,10,10
25513,74,72,2,2
25514,101,101,0,0
25515,62,58,4,4
25516,84,82,2,2
25517,109,112,-3,3
25518,106,95,11,11
25519,119,108,11,11
25520,89,88,1,1
25521,53,47,6,6
25522,37,34,3,3
25523,97,90,7,7
25524,91,81,10,10
25525,94,82,12,12
25526,111,102,9,9
25527,203,203,0,0
25528,71,65,6,6
25529,63,58,5,5
25530,55,58,-3,3
25531,87,82,5,5
25532,125,136,-11,11
25533,101,100,1,1
25534,98,86,12,12
25535,116,119,-3,3
25536,79,79,0,0
25537,206,203,3,3
25538,102,93,9,9
25539,153,130,23,23
25540,86,89,-3,3
25541,60,69,-9,9
25542,95,106,-11,11
25543,156,131,25,25
25544,90,85,5,5
25545,131,121,10,10
25546,107,98,9,9
25547,56,64,-8,8
25548,96,92,4,4
25549,67,68,-1,1
25550,66,58,8,8
25551,116,112,4,4
25552,97,99,-2,2
25553,132,125,7,7
25554,87,85,2,2
25555,94,94,0,0
25556,50,48,2,2
25557,104,89,15,15
25558,179,185,-6,6
25559,121,99,22,22
25560,54,61,-7,7
25561,86,76,10,10
25562,29,41,-12,12
25563,109,109,0,0
25564,81,81,0,0
25565,75,87,-12,12
25566,179,167,12,12
25567,59,54,5,5
25568,122,112,10,10
25569,209,205,4,4
25570,53,57,-4,4
25571,79,69,10,10
25572,97,91,6,6
25573,99,101,-2,2
25574,50,53,-3,3
25575,81,84,-3,3
25576,77,71,6,6
25577,179,161,18,18
25578,100,95,5,5
25579,57,63,-6,6
25580,88,89,-1,1
25581,47,52,-5,5
25582,92,89,3,3
25583,94,83,11,11
25584,49,72,-23,23
25585,155,132,23,23
25586,93,96,-3,3
25587,160,140,20,20
25588,34,38,-4,4
25589,109,86,23,23
25590,112,101,11,11
25591,65,70,-5,5
25592,76,67,9,9
25593,82,89,-7,7
25594,97,78,19,19
25595,72,80,-8,8
25596,95,100,-5,5
25597,59,63,-4,4
25598,52,55,-3,3
25599,81,69,12,12
25600,87,84,3,3
25601,129,116,13,13
25602,57,99,-42,42
25603,54,58,-4,4
25604,122,102,20,20
25605,90,89,1,1
25606,136,124,12,12
25607,55,56,-1,1
25608,69,73,-4,4
25609,118,102,16,16
25610,103,99,4,4
25611,70,69,1,1
25612,43,44,-1,1
25613,66,67,-1,1
25614,140,136,4,4
25615,89,90,-1,1
25616,147,113,34,34
25617,112,109,3,3
25618,78,69,9,9
25619,40,42,-2,2
25620,55,62,-7,7
25621,77,71,6,6
25622,80,92,-12,12
25623,71,71,0,0
25624,82,82,0,0
25625,82,83,-1,1
25626,93,99,-6,6
25627,68,76,-8,8
25628,96,85,11,11
25629,116,111,5,5
25630,53,73,-20,20
25631,87,78,9,9
25632,116,107,9,9
25633,102,94,8,8
25634,89,83,6,6
25635,121,123,-2,2
25636,92,82,10,10
25637,29,67,-38,38
25638,98,87,11,11
25639,70,66,4,4
25640,127,114,13,13
25641,208,195,13,13
25642,85,77,8,8
25643,84,93,-9,9
25644,92,94,-2,2
25645,118,136,-18,18
25646,66,71,-5,5
25647,79,78,1,1
25648,167,148,19,19
25649,174,164,10,10
25650,92,87,5,5
25651,90,92,-2,2
25652,103,94,9,9
25653,85,76,9,9
25654,43,42,1,1
25655,144,139,5,5
25656,66,66,0,0
25657,33,61,-28,28
25658,50,49,1,1
25659,68,61,7,7
25660,152,158,-6,6
25661,102,98,4,4
25662,45,44,1,1
25663,67,62,5,5
25664,59,62,-3,3
25665,92,104,-12,12
25666,138,136,2,2
25667,152,144,8,8
25668,79,67,12,12
25669,122,124,-2,2
25670,122,115,7,7
25671,59,66,-7,7
25672,164,142,22,22
25673,93,138,-45,45
25674,86,90,-4,4
25675,133,125,8,8
25676,95,108,-13,13
25677,86,91,-5,5
25678,76,66,10,10
25679,152,148,4,4
25680,99,88,11,11
25681,62,55,7,7
25682,92,92,0,0
25683,105,92,13,13
25684,95,82,13,13
25685,103,81,22,22
25686,64,71,-7,7
25687,113,130,-17,17
25688,139,139,0,0
25689,116,106,10,10
25690,109,114,-5,5
25691,110,108,2,2
25692,102,97,5,5
25693,108,111,-3,3
25694,83,72,11,11
25695,151,143,8,8
25696,84,94,-10,10
25697,109,98,11,11
25698,136,131,5,5
25699,109,103,6,6
25700,136,121,15,15
25701,109,101,8,8
25702,68,71,-3,3
25703,76,72,4,4
25704,81,80,1,1
25705,102,95,7,7
25706,139,124,15,15
25707,86,85,1,1
25708,105,87,18,18
25709,58,63,-5,5
25710,35,48,-13,13
25711,49,55,-6,6
25712,82,78,4,4
25713,70,75,-5,5
25714,79,80,-1,1
25715,66,63,3,3
25716,122,112,10,10
25717,77,69,8,8
25718,120,113,7,7
25719,155,126,29,29
25720,123,114,9,9
25721,74,79,-5,5
25722,88,81,7,7
25723,143,139,4,4
25724,88,82,6,6
25725,57,61,-4,4
25726,130,112,18,18
25727,81,93,-12,12
25728,83,88,-5,5
25729,173,144,29,29
25730,66,67,-1,1
25731,91,92,-1,1
25732,70,58,12,12
25733,73,61,12,12
25734,72,72,0,0
25735,73,66,7,7
25736,109,120,-11,11
25737,106,60,46,46
25738,72,67,5,5
25739,80,92,-12,12
25740,188,179,9,9
25741,112,107,5,5
25742,116,110,6,6
25743,115,103,12,12
25744,97,108,-11,11
25745,171,174,-3,3
25746,96,102,-6,6
25747,97,89,8,8
25748,60,61,-1,1
25749,119,102,17,17
25750,144,140,4,4
25751,64,63,1,1
25752,55,54,1,1
25753,92,95,-3,3
25754,92,80,12,12
25755,133,140,-7,7
25756,62,60,2,2
25757,143,146,-3,3
25758,92,92,0,0
25759,95,111,-16,16
25760,43,40,3,3
25761,110,103,7,7
25762,94,81,13,13
25763,68,69,-1,1
25764,81,82,-1,1
25765,150,134,16,16
25766,129,124,5,5
25767,133,117,16,16
25768,105,96,9,9
25769,66,84,-18,18
25770,91,92,-1,1
25771,90,79,11,11
25772,117,95,22,22
25773,140,136,4,4
25774,165,152,13,13
25775,95,93,2,2
25776,85,84,1,1
25777,158,148,10,10
25778,138,129,9,9
25779,96,98,-2,2
25780,122,118,4,4
25781,65,62,3,3
25782,63,73,-10,10
25783,111,107,4,4
25784,80,91,-11,11
25785,79,78,1,1
25786,100,86,14,14
25787,81,83,-2,2
25788,92,81,11,11
25789,75,87,-12,12
25790,82,84,-2,2
25791,79,97,-18,18
25792,57,66,-9,9
25793,148,114,34,34
25794,79,78,1,1
25795,122,106,16,16
25796,82,84,-2,2
25797,61,62,-1,1
25798,38,40,-2,2
25799,94,101,-7,7
25800,101,84,17,17
25801,89,85,4,4
25802,68,66,2,2
25803,47,55,-8,8
25804,90,87,3,3
25805,60,58,2,2
25806,114,106,8,8
25807,80,94,-14,14
25808,127,107,20,20
25809,102,104,-2,2
25810,69,60,9,9
25811,53,73,-20,20
25812,59,66,-7,7
25813,95,94,1,1
25814,64,55,9,9
25815,144,153,-9,9
25816,71,55,16,16
25817,100,99,1,1
25818,116,115,1,1
25819,104,99,5,5
25820,177,191,-14,14
25821,108,103,5,5
25822,132,119,13,13
25823,118,106,12,12
25824,135,150,-15,15
25825,115,112,3,3
25826,73,72,1,1
25827,133,122,11,11
25828,95,92,3,3
25829,80,73,7,7
25830,48,62,-14,14
25831,158,154,4,4
25832,73,71,2,2
25833,94,88,6,6
25834,74,91,-17,17
25835,154,166,-12,12
25836,127,129,-2,2
25837,73,76,-3,3
25838,89,88,1,1
25839,61,68,-7,7
25840,87,80,7,7
25841,65,78,-13,13
25842,81,84,-3,3
25843,99,94,5,5
25844,83,85,-2,2
25845,90,93,-3,3
25846,82,82,0,0
25847,115,115,0,0
25848,137,137,0,0
25849,78,73,5,5
25850,94,81,13,13
25851,101,106,-5,5
25852,96,98,-2,2
25853,77,70,7,7
25854,112,100,12,12
25855,138,138,0,0
25856,98,92,6,6
25857,91,97,-6,6
25858,143,134,9,9
25859,153,151,2,2
25860,40,46,-6,6
25861,69,69,0,0
25862,67,66,1,1
25863,43,51,-8,8
25864,104,113,-9,9
25865,117,105,12,12
25866,84,79,5,5
25867,84,94,-10,10
25868,74,69,5,5
25869,75,69,6,6
25870,147,148,-1,1
25871,94,93,1,1
25872,92,89,3,3
25873,71,75,-4,4
25874,84,77,7,7
25875,78,99,-21,21
25876,83,81,2,2
25877,84,90,-6,6
25878,42,48,-6,6
25879,149,144,5,5
25880,95,97,-2,2
25881,132,116,16,16
25882,83,80,3,3
25883,131,134,-3,3
25884,62,64,-2,2
25885,87,87,0,0
25886,91,90,1,1
25887,155,180,-25,25
25888,73,85,-12,12
25889,98,98,0,0
25890,72,66,6,6
25891,75,87,-12,12
25892,147,138,9,9
25893,54,59,-5,5
25894,128,116,12,12
25895,98,95,3,3
25896,111,110,1,1
25897,81,79,2,2
25898,87,81,6,6
25899,28,63,-35,35
25900,123,119,4,4
25901,82,64,18,18
25902,82,73,9,9
25903,113,104,9,9
25904,121,130,-9,9
25905,124,117,7,7
25906,85,81,4,4
25907,82,89,-7,7
25908,107,105,2,2
25909,113,107,6,6
25910,74,75,-1,1
25911,97,90,7,7
25912,56,60,-4,4
25913,89,86,3,3
25914,132,123,9,9
25915,134,118,16,16
25916,93,93,0,0
25917,128,125,3,3
25918,121,124,-3,3
25919,132,141,-9,9
25920,114,110,4,4
25921,93,87,6,6
25922,132,116,16,16
25923,139,118,21,21
25924,59,68,-9,9
25925,185,164,21,21
25926,47,52,-5,5
25927,68,63,5,5
25928,122,125,-3,3
25929,130,132,-2,2
25930,98,96,2,2
25931,42,42,0,0
25932,125,120,5,5
25933,56,64,-8,8
25934,129,123,6,6
25935,60,74,-14,14
25936,51,55,-4,4
25937,78,67,11,11
25938,62,73,-11,11
25939,80,91,-11,11
25940,39,49,-10,10
25941,120,124,-4,4
25942,100,90,10,10
25943,112,111,1,1
25944,85,78,7,7
25945,118,113,5,5
25946,124,128,-4,4
25947,56,59,-3,3
25948,97,96,1,1
25949,83,86,-3,3
25950,91,101,-10,10
25951,68,67,1,1
25952,108,115,-7,7
25953,87,77,10,10
25954,57,55,2,2
25955,70,67,3,3
25956,87,86,1,1
25957,111,98,13,13
25958,79,88,-9,9
25959,117,110,7,7
25960,95,94,1,1
25961,139,129,10,10
25962,52,48,4,4
25963,47,99,-52,52
25964,104,106,-2,2
25965,89,83,6,6
25966,86,89,-3,3
25967,90,83,7,7
25968,113,106,7,7
25969,89,88,1,1
25970,94,103,-9,9
25971,134,127,7,7
25972,63,57,6,6
25973,102,106,-4,4
25974,146,131,15,15
25975,140,136,4,4
25976,73,75,-2,2
25977,127,144,-17,17
25978,47,49,-2,2
25979,90,99,-9,9
25980,77,78,-1,1
25981,136,129,7,7
25982,121,118,3,3
25983,82,69,13,13
25984,114,131,-17,17
25985,114,108,6,6
25986,80,75,5,5
25987,82,73,9,9
25988,79,80,-1,1
25989,107,110,-3,3
25990,113,94,19,19
25991,114,108,6,6
25992,52,58,-6,6
25993,67,66,1,1
25994,74,77,-3,3
25995,113,110,3,3
25996,77,82,-5,5
25997,125,123,2,2
25998,60,57,3,3
25999,78,70,8,8
26000,94,94,0,0
26001,102,99,3,3
26002,115,104,11,11
26003,114,106,8,8
26004,115,116,-1,1
26005,109,102,7,7
26006,107,109,-2,2
26007,80,78,2,2
26008,111,100,11,11
26009,36,62,-26,26
26010,78,75,3,3
26011,87,79,8,8
26012,74,67,7,7
26013,70,77,-7,7
26014,64,69,-5,5
26015,51,47,4,4
26016,97,99,-2,2
26017,106,100,6,6
26018,150,156,-6,6
26019,105,107,-2,2
26020,80,86,-6,6
26021,81,78,3,3
26022,78,78,0,0
26023,103,104,-1,1
26024,68,74,-6,6
26025,69,74,-5,5
26026,100,113,-13,13
26027,100,76,24,24
26028,171,162,9,9
26029,102,94,8,8
26030,98,84,14,14
26031,81,84,-3,3
26032,86,73,13,13
26033,47,56,-9,9
26034,83,89,-6,6
26035,139,118,21,21
26036,71,72,-1,1
26037,142,140,2,2
26038,65,62,3,3
26039,68,65,3,3
26040,63,57,6,6
26041,105,93,12,12
26042,53,63,-10,10
26043,126,110,16,16
26044,137,125,12,12
26045,64,66,-2,2
26046,126,123,3,3
26047,117,107,10,10
26048,65,85,-20,20
26049,133,140,-7,7
26050,64,59,5,5
26051,96,91,5,5
26052,92,90,2,2
26053,99,100,-1,1
26054,148,143,5,5
26055,54,54,0,0
26056,99,87,12,12
26057,89,103,-14,14
26058,63,60,3,3
26059,90,84,6,6
26060,71,84,-13,13
26061,82,79,3,3
26062,89,75,14,14
26063,58,55,3,3
26064,88,86,2,2
26065,91,101,-10,10
26066,29,33,-4,4
26067,63,60,3,3
26068,73,73,0,0
26069,68,59,9,9
26070,76,83,-7,7
26071,73,63,10,10
26072,152,135,17,17
26073,113,102,11,11
26074,57,47,10,10
26075,81,77,4,4
26076,102,104,-2,2
26077,87,112,-25,25
26078,106,103,3,3
26079,83,91,-8,8
26080,164,149,15,15
26081,122,94,28,28
26082,68,78,-10,10
26083,79,87,-8,8
26084,57,49,8,8
26085,116,117,-1,1
26086,57,53,4,4
26087,105,91,14,14
26088,95,86,9,9
26089,164,166,-2,2
26090,159,161,-2,2
26091,92,85,7,7
26092,100,106,-6,6
26093,64,57,7,7
26094,121,157,-36,36
26095,157,155,2,2
26096,116,110,6,6
26097,46,55,-9,9
26098,106,90,16,16
26099,67,81,-14,14
26100,83,82,1,1
26101,66,67,-1,1
26102,105,111,-6,6
26103,166,166,0,0
26104,109,85,24,24
26105,75,71,4,4
26106,86,85,1,1
26107,91,78,13,13
26108,76,80,-4,4
26109,149,152,-3,3
26110,102,88,14,14
26111,76,76,0,0
26112,64,60,4,4
26113,108,101,7,7
26114,99,89,10,10
26115,104,106,-2,2
26116,136,151,-15,15
26117,72,83,-11,11
26118,92,80,12,12
26119,70,72,-2,2
26120,69,71,-2,2
26121,154,141,13,13
26122,129,128,1,1
26123,102,99,3,3
26124,107,103,4,4
26125,107,103,4,4
26126,75,69,6,6
26127,108,105,3,3
26128,96,91,5,5
26129,80,86,-6,6
26130,73,76,-3,3
26131,129,125,4,4
26132,57,53,4,4
26133,92,88,4,4
26134,70,87,-17,17
26135,61,70,-9,9
26136,52,67,-15,15
26137,145,141,4,4
26138,74,75,-1,1
26139,75,88,-13,13
26140,134,131,3,3
26141,105,108,-3,3
26142,108,91,17,17
26143,98,94,4,4
26144,96,84,12,12
26145,135,131,4,4
26146,103,98,5,5
26147,84,91,-7,7
26148,132,117,15,15
26149,114,99,15,15
26150,87,78,9,9
26151,55,61,-6,6
26152,65,52,13,13
26153,48,49,-1,1
26154,64,64,0,0
26155,113,104,9,9
26156,137,127,10,10
26157,124,121,3,3
26158,47,54,-7,7
26159,103,94,9,9
26160,136,132,4,4
26161,80,78,2,2
26162,65,99,-34,34
26163,117,106,11,11
26164,113,106,7,7
26165,71,65,6,6
26166,132,137,-5,5
26167,102,82,20,20
26168,191,176,15,15
26169,127,109,18,18
26170,102,103,-1,1
26171,104,95,9,9
26172,113,106,7,7
26173,74,93,-19,19
26174,143,138,5,5
26175,73,65,8,8
26176,143,143,0,0
26177,120,113,7,7
26178,95,93,2,2
26179,84,82,2,2
26180,146,133,13,13
26181,70,68,2,2
26182,125,104,21,21
26183,79,78,1,1
26184,77,81,-4,4
26185,69,73,-4,4
26186,100,94,6,6
26187,190,182,8,8
26188,90,93,-3,3
26189,67,90,-23,23
26190,179,180,-1,1
26191,68,73,-5,5
26192,79,93,-14,14
26193,149,145,4,4
26194,87,64,23,23
26195,58,67,-9,9
26196,176,187,-11,11
26197,67,68,-1,1
26198,76,76,0,0
26199,127,121,6,6
26200,73,66,7,7
26201,68,72,-4,4
26202,70,69,1,1
26203,101,97,4,4
26204,122,129,-7,7
26205,95,88,7,7
26206,90,90,0,0
26207,85,94,-9,9
26208,138,127,11,11
26209,115,114,1,1
26210,122,115,7,7
26211,59,57,2,2
26212,51,50,1,1
26213,106,89,17,17
26214,110,115,-5,5
26215,111,111,0,0
26216,62,72,-10,10
26217,93,76,17,17
26218,46,44,2,2
26219,107,105,2,2
26220,144,131,13,13
26221,92,85,7,7
26222,92,89,3,3
26223,95,103,-8,8
26224,154,150,4,4
26225,54,49,5,5
26226,102,98,4,4
26227,61,69,-8,8
26228,109,109,0,0
26229,155,119,36,36
26230,83,74,9,9
26231,79,73,6,6
26232,102,103,-1,1
26233,133,126,7,7
26234,134,151,-17,17
26235,81,69,12,12
26236,151,145,6,6
26237,46,47,-1,1
26238,97,92,5,5
26239,62,62,0,0
26240,114,109,5,5
26241,83,88,-5,5
26242,114,111,3,3
26243,87,95,-8,8
26244,110,95,15,15
26245,232,247,-15,15
26246,35,42,-7,7
26247,96,92,4,4
26248,87,91,-4,4
26249,52,61,-9,9
26250,89,82,7,7
26251,84,80,4,4
26252,84,87,-3,3
26253,151,132,19,19
26254,51,52,-1,1
26255,112,100,12,12
26256,189,192,-3,3
26257,68,67,1,1
26258,77,77,0,0
26259,62,59,3,3
26260,112,111,1,1
26261,95,88,7,7
26262,81,82,-1,1
26263,108,93,15,15
26264,96,88,8,8
26265,58,56,2,2
26266,84,81,3,3
26267,116,106,10,10
26268,97,103,-6,6
26269,92,92,0,0
26270,101,103,-2,2
26271,56,52,4,4
26272,74,77,-3,3
26273,115,103,12,12
26274,74,76,-2,2
26275,58,55,3,3
26276,129,127,2,2
26277,91,91,0,0
26278,59,52,7,7
26279,52,54,-2,2
26280,73,68,5,5
26281,69,60,9,9
26282,119,98,21,21
26283,126,111,15,15
26284,114,104,10,10
26285,100,102,-2,2
26286,86,76,10,10
26287,116,127,-11,11
26288,72,65,7,7
26289,61,68,-7,7
26290,83,78,5,5
26291,94,99,-5,5
26292,90,87,3,3
26293,93,99,-6,6
26294,31,28,3,3
26295,163,169,-6,6
26296,99,87,12,12
26297,46,61,-15,15
26298,55,57,-2,2
26299,75,75,0,0
26300,72,71,1,1
26301,107,90,17,17
26302,89,92,-3,3
26303,66,55,11,11
26304,67,74,-7,7
26305,145,144,1,1
26306,151,140,11,11
26307,153,124,29,29
26308,56,50,6,6
26309,97,102,-5,5
26310,162,153,9,9
26311,90,90,0,0
26312,106,110,-4,4
26313,27,33,-6,6
26314,93,82,11,11
26315,105,105,0,0
26316,123,130,-7,7
26317,61,68,-7,7
26318,64,61,3,3
26319,109,110,-1,1
26320,153,149,4,4
26321,81,89,-8,8
26322,167,146,21,21
26323,100,93,7,7
26324,40,48,-8,8
26325,84,89,-5,5
26326,126,114,12,12
26327,69,69,0,0
26328,54,48,6,6
26329,41,49,-8,8
26330,86,88,-2,2
26331,71,67,4,4
26332,97,95,2,2
26333,131,137,-6,6
26334,42,47,-5,5
26335,102,101,1,1
26336,83,84,-1,1
26337,187,173,14,14
26338,180,173,7,7
26339,73,68,5,5
26340,108,130,-22,22
26341,57,54,3,3
26342,121,116,5,5
26343,88,90,-2,2
26344,105,99,6,6
26345,80,83,-3,3
26346,86,80,6,6
26347,124,120,4,4
26348,117,106,11,11
26349,112,106,6,6
26350,66,65,1,1
26351,94,104,-10,10
26352,107,105,2,2
26353,45,48,-3,3
26354,121,116,5,5
26355,82,74,8,8
26356,69,74,-5,5
26357,160,144,16,16
26358,119,106,13,13
26359,58,54,4,4
26360,100,98,2,2
26361,72,79,-7,7
26362,67,76,-9,9
26363,66,68,-2,2
26364,119,111,8,8
26365,138,129,9,9
26366,65,63,2,2
26367,105,111,-6,6
26368,36,47,-11,11
26369,69,72,-3,3
26370,78,68,10,10
26371,131,114,17,17
26372,109,113,-4,4
26373,75,74,1,1
26374,63,56,7,7
26375,53,64,-11,11
26376,105,112,-7,7
26377,64,66,-2,2
26378,70,76,-6,6
26379,26,37,-11,11
26380,181,175,6,6
26381,66,72,-6,6
26382,130,137,-7,7
26383,122,122,0,0
26384,94,78,16,16
26385,124,127,-3,3
26386,70,72,-2,2
26387,114,114,0,0
26388,93,84,9,9
26389,106,108,-2,2
26390,96,89,7,7
26391,90,96,-6,6
26392,118,117,1,1
26393,63,84,-21,21
26394,79,81,-2,2
26395,43,56,-13,13
26396,112,108,4,4
26397,45,45,0,0
26398,114,114,0,0
26399,107,96,11,11
26400,83,76,7,7
26401,40,40,0,0
26402,98,96,2,2
26403,115,108,7,7
26404,92,92,0,0
26405,131,148,-17,17
26406,106,87,19,19
26407,99,92,7,7
26408,67,61,6,6
26409,171,162,9,9
26410,128,103,25,25
26411,88,86,2,2
26412,56,62,-6,6
26413,113,104,9,9
26414,62,59,3,3
26415,81,72,9,9
26416,83,89,-6,6
26417,113,103,10,10
26418,100,101,-1,1
26419,91,86,5,5
26420,79,85,-6,6
26421,156,141,15,15
26422,113,128,-15,15
26423,67,78,-11,11
26424,129,119,10,10
26425,89,92,-3,3
26426,66,70,-4,4
26427,102,102,0,0
26428,131,129,2,2
26429,111,107,4,4
26430,47,43,4,4
26431,37,57,-20,20
26432,92,93,-1,1
26433,91,84,7,7
26434,101,94,7,7
26435,43,57,-14,14
26436,78,68,10,10
26437,102,103,-1,1
26438,92,88,4,4
26439,96,100,-4,4
26440,109,105,4,4
26441,98,91,7,7
26442,131,115,16,16
26443,104,109,-5,5
26444,96,112,-16,16
26445,98,95,3,3
26446,66,57,9,9
26447,75,79,-4,4
26448,70,65,5,5
26449,49,53,-4,4
26450,110,97,13,13
26451,128,110,18,18
26452,50,47,3,3
26453,85,87,-2,2
26454,59,48,11,11
26455,41,57,-16,16
26456,71,65,6,6
26457,117,106,11,11
26458,91,93,-2,2
26459,64,66,-2,2
26460,118,117,1,1
26461,43,48,-5,5
26462,134,125,9,9
26463,101,91,10,10
26464,109,98,11,11
26465,114,123,-9,9
26466,118,119,-1,1
26467,70,76,-6,6
26468,102,99,3,3
26469,157,157,0,0
26470,308,320,-12,12
26471,104,115,-11,11
26472,106,97,9,9
26473,74,73,1,1
26474,148,149,-1,1
26475,106,100,6,6
26476,74,81,-7,7
26477,118,110,8,8
26478,114,120,-6,6
26479,60,59,1,1
26480,135,123,12,12
26481,60,57,3,3
26482,62,53,9,9
26483,120,122,-2,2
26484,150,165,-15,15
26485,112,97,15,15
26486,87,82,5,5
26487,100,104,-4,4
26488,52,63,-11,11
26489,82,81,1,1
26490,136,144,-8,8
26491,65,66,-1,1
26492,104,92,12,12
26493,134,128,6,6
26494,104,90,14,14
26495,119,118,1,1
26496,119,122,-3,3
26497,60,76,-16,16
26498,155,163,-8,8
26499,129,128,1,1
26500,46,54,-8,8
26501,58,57,1,1
26502,73,63,10,10
26503,114,96,18,18
26504,85,95,-10,10
26505,77,72,5,5
26506,89,82,7,7
26507,186,160,26,26
26508,74,69,5,5
26509,80,71,9,9
26510,108,106,2,2
26511,112,88,24,24
26512,38,46,-8,8
26513,61,50,11,11
26514,109,98,11,11
26515,46,38,8,8
26516,139,119,20,20
26517,85,85,0,0
26518,97,86,11,11
26519,60,68,-8,8
26520,36,34,2,2
26521,89,91,-2,2
26522,147,139,8,8
26523,94,95,-1,1
26524,88,79,9,9
26525,120,107,13,13
26526,75,94,-19,19
26527,95,95,0,0
26528,90,80,10,10
26529,46,45,1,1
26530,49,47,2,2
26531,145,137,8,8
26532,93,84,9,9
26533,48,41,7,7
26534,93,92,1,1
26535,76,69,7,7
26536,51,40,11,11
26537,102,107,-5,5
26538,86,89,-3,3
26539,88,83,5,5
26540,97,102,-5,5
26541,139,125,14,14
26542,163,155,8,8
26543,91,103,-12,12
26544,139,127,12,12
26545,56,66,-10,10
26546,56,71,-15,15
26547,84,81,3,3
26548,85,85,0,0
26549,55,66,-11,11
26550,82,79,3,3
26551,90,97,-7,7
26552,102,90,12,12
26553,46,49,-3,3
26554,151,142,9,9
26555,90,88,2,2
26556,78,111,-33,33
26557,70,65,5,5
26558,126,112,14,14
26559,114,119,-5,5
26560,135,116,19,19
26561,209,173,36,36
26562,163,146,17,17
26563,62,54,8,8
26564,79,96,-17,17
26565,90,88,2,2
26566,126,119,7,7
26567,161,154,7,7
26568,119,112,7,7
26569,65,81,-16,16
26570,75,89,-14,14
26571,94,84,10,10
26572,57,59,-2,2
26573,60,61,-1,1
26574,62,57,5,5
26575,61,69,-8,8
26576,174,165,9,9
26577,65,66,-1,1
26578,122,114,8,8
26579,103,123,-20,20
26580,66,70,-4,4
26581,110,96,14,14
26582,59,63,-4,4
26583,120,108,12,12
26584,101,97,4,4
26585,94,88,6,6
26586,125,122,3,3
26587,76,79,-3,3
26588,66,72,-6,6
26589,85,82,3,3
26590,101,99,2,2
26591,79,76,3,3
26592,179,172,7,7
26593,73,81,-8,8
26594,97,94,3,3
26595,40,61,-21,21
26596,75,66,9,9
26597,157,158,-1,1
26598,77,75,2,2
26599,108,111,-3,3
26600,129,123,6,6
26601,100,106,-6,6
26602,76,87,-11,11
26603,40,47,-7,7
26604,72,78,-6,6
26605,81,78,3,3
26606,122,108,14,14
26607,77,67,10,10
26608,162,159,3,3
26609,52,53,-1,1
26610,86,77,9,9
26611,61,60,1,1
26612,139,135,4,4
26613,122,113,9,9
26614,129,129,0,0
26615,64,73,-9,9
26616,53,53,0,0
26617,163,178,-15,15
26618,76,93,-17,17
26619,47,49,-2,2
26620,57,56,1,1
26621,142,130,12,12
26622,89,77,12,12
26623,100,103,-3,3
26624,126,130,-4,4
26625,149,137,12,12
26626,102,90,12,12
26627,51,51,0,0
26628,131,113,18,18
26629,113,106,7,7
26630,128,115,13,13
26631,84,76,8,8
26632,88,83,5,5
26633,96,90,6,6
26634,131,111,20,20
26635,142,135,7,7
26636,139,135,4,4
26637,62,60,2,2
26638,162,177,-15,15
26639,100,94,6,6
26640,94,90,4,4
26641,118,110,8,8
26642,140,115,25,25
26643,105,101,4,4
26644,54,52,2,2
26645,80,81,-1,1
26646,54,58,-4,4
26647,82,84,-2,2
26648,78,83,-5,5
26649,81,75,6,6
26650,55,49,6,6
26651,142,135,7,7
26652,152,137,15,15
26653,121,107,14,14
26654,109,103,6,6
26655,80,85,-5,5
26656,73,75,-2,2
26657,154,121,33,33
26658,122,129,-7,7
26659,85,75,10,10
26660,65,61,4,4
26661,127,114,13,13
26662,44,44,0,0
26663,90,91,-1,1
26664,115,109,6,6
26665,124,117,7,7
26666,148,148,0,0
26667,49,48,1,1
26668,77,70,7,7
26669,173,164,9,9
26670,68,74,-6,6
26671,149,151,-2,2
26672,73,75,-2,2
26673,54,59,-5,5
26674,90,89,1,1
26675,73,75,-2,2
26676,74,78,-4,4
26677,49,51,-2,2
26678,79,74,5,5
26679,117,126,-9,9
26680,57,63,-6,6
26681,123,98,25,25
26682,94,89,5,5
26683,124,101,23,23
26684,74,72,2,2
26685,63,61,2,2
26686,116,104,12,12
26687,93,82,11,11
26688,115,118,-3,3
26689,64,65,-1,1
26690,117,121,-4,4
26691,74,79,-5,5
26692,49,53,-4,4
26693,72,71,1,1
26694,86,83,3,3
26695,52,50,2,2
26696,87,85,2,2
26697,152,153,-1,1
26698,61,74,-13,13
26699,67,79,-12,12
26700,64,76,-12,12
26701,100,98,2,2
26702,135,118,17,17
26703,120,116,4,4
26704,124,115,9,9
26705,105,108,-3,3
26706,144,148,-4,4
26707,100,99,1,1
26708,80,76,4,4
26709,73,88,-15,15
26710,82,82,0,0
26711,76,72,4,4
26712,115,112,3,3
26713,106,105,1,1
26714,125,114,11,11
26715,86,74,12,12
26716,94,91,3,3
26717,80,87,-7,7
26718,145,130,15,15
26719,122,112,10,10
26720,122,118,4,4
26721,115,105,10,10
26722,66,82,-16,16
26723,85,73,12,12
26724,95,95,0,0
26725,110,92,18,18
26726,49,63,-14,14
26727,80,91,-11,11
26728,101,92,9,9
26729,77,73,4,4
26730,89,95,-6,6
26731,130,114,16,16
26732,106,113,-7,7
26733,56,52,4,4
26734,68,70,-2,2
26735,152,147,5,5
26736,113,121,-8,8
26737,98,92,6,6
26738,125,114,11,11
26739,71,70,1,1
26740,123,118,5,5
26741,97,78,19,19
26742,77,87,-10,10
26743,56,56,0,0
26744,127,120,7,7
26745,49,62,-13,13
26746,115,111,4,4
26747,61,65,-4,4
26748,97,90,7,7
26749,101,96,5,5
26750,77,80,-3,3
26751,117,133,-16,16
26752,90,94,-4,4
26753,120,120,0,0
26754,80,76,4,4
26755,71,66,5,5
26756,54,51,3,3
26757,80,81,-1,1
26758,110,104,6,6
26759,71,82,-11,11
26760,82,82,0,0
26761,68,75,-7,7
26762,78,90,-12,12
26763,69,72,-3,3
26764,87,75,12,12
26765,94,90,4,4
26766,137,135,2,2
26767,57,55,2,2
26768,56,48,8,8
26769,57,61,-4,4
26770,62,59,3,3
26771,63,65,-2,2
26772,165,162,3,3
26773,115,104,11,11
26774,133,130,3,3
26775,94,75,19,19
26776,107,106,1,1
26777,106,105,1,1
26778,112,112,0,0
26779,93,89,4,4
26780,55,65,-10,10
26781,85,84,1,1
26782,41,42,-1,1
26783,120,108,12,12
26784,99,91,8,8
26785,83,73,10,10
26786,84,88,-4,4
26787,110,106,4,4
26788,124,115,9,9
26789,122,107,15,15
26790,38,44,-6,6
26791,120,130,-10,10
26792,97,93,4,4
26793,61,69,-8,8
26794,113,116,-3,3
26795,74,75,-1,1
26796,79,75,4,4
26797,125,102,23,23
26798,81,76,5,5
26799,125,115,10,10
26800,123,119,4,4
26801,90,91,-1,1
26802,48,58,-10,10
26803,55,53,2,2
26804,62,67,-5,5
26805,64,72,-8,8
26806,91,94,-3,3
26807,145,142,3,3
26808,86,81,5,5
26809,66,67,-1,1
26810,116,124,-8,8
26811,76,71,5,5
26812,88,90,-2,2
26813,103,101,2,2
26814,97,100,-3,3
26815,138,129,9,9
26816,75,86,-11,11
26817,92,83,9,9
26818,149,144,5,5
26819,60,57,3,3
26820,108,107,1,1
26821,30,39,-9,9
26822,89,87,2,2
26823,49,44,5,5
26824,97,89,8,8
26825,128,111,17,17
26826,96,97,-1,1
26827,96,90,6,6
26828,63,60,3,3
26829,76,73,3,3
26830,106,94,12,12
26831,79,80,-1,1
26832,127,116,11,11
26833,45,56,-11,11
26834,105,119,-14,14
26835,90,82,8,8
26836,43,42,1,1
26837,235,199,36,36
26838,50,53,-3,3
26839,111,98,13,13
26840,69,68,1,1
26841,52,147,-95,95
26842,105,100,5,5
26843,49,45,4,4
26844,66,68,-2,2
26845,64,66,-2,2
26846,75,67,8,8
26847,70,67,3,3
26848,96,86,10,10
26849,86,88,-2,2
26850,109,109,0,0
26851,357,324,33,33
26852,74,79,-5,5
26853,96,98,-2,2
26854,101,100,1,1
26855,86,88,-2,2
26856,97,81,16,16
26857,47,42,5,5
26858,76,79,-3,3
26859,139,126,13,13
26860,127,123,4,4
26861,119,108,11,11
26862,133,122,11,11
26863,190,202,-12,12
26864,119,108,11,11
26865,96,98,-2,2
26866,31,37,-6,6
26867,94,104,-10,10
26868,112,130,-18,18
26869,104,97,7,7
26870,162,143,19,19
26871,128,120,8,8
26872,142,139,3,3
26873,107,77,30,30
26874,120,101,19,19
26875,57,62,-5,5
26876,157,148,9,9
26877,94,91,3,3
26878,109,115,-6,6
26879,58,63,-5,5
26880,108,93,15,15
26881,88,88,0,0
26882,123,119,4,4
26883,85,79,6,6
26884,136,132,4,4
26885,72,67,5,5
26886,77,69,8,8
26887,59,55,4,4
26888,154,142,12,12
26889,63,76,-13,13
26890,40,34,6,6
26891,142,143,-1,1
26892,160,150,10,10
26893,68,61,7,7
26894,91,76,15,15
26895,77,81,-4,4
26896,135,137,-2,2
26897,134,201,-67,67
26898,172,175,-3,3
26899,131,149,-18,18
26900,86,82,4,4
26901,67,77,-10,10
26902,55,63,-8,8
26903,148,145,3,3
26904,66,74,-8,8
26905,120,105,15,15
26906,83,78,5,5
26907,101,96,5,5
26908,83,70,13,13
26909,106,124,-18,18
26910,99,96,3,3
26911,67,70,-3,3
26912,130,128,2,2
26913,79,77,2,2
26914,43,52,-9,9
26915,146,131,15,15
26916,57,58,-1,1
26917,100,106,-6,6
26918,139,117,22,22
26919,114,97,17,17
26920,61,54,7,7
26921,77,88,-11,11
26922,102,112,-10,10
26923,104,96,8,8
26924,145,149,-4,4
26925,81,86,-5,5
26926,87,88,-1,1
26927,135,139,-4,4
26928,117,110,7,7
26929,82,80,2,2
26930,118,116,2,2
26931,106,112,-6,6
26932,123,120,3,3
26933,109,99,10,10
26934,66,64,2,2
26935,86,91,-5,5
26936,104,107,-3,3
26937,61,78,-17,17
26938,59,89,-30,30
26939,68,74,-6,6
26940,68,73,-5,5
26941,63,69,-6,6
26942,85,78,7,7
26943,135,129,6,6
26944,117,120,-3,3
26945,134,118,16,16
26946,104,104,0,0
26947,73,80,-7,7
26948,79,76,3,3
26949,137,136,1,1
26950,106,88,18,18
26951,80,67,13,13
26952,175,153,22,22
26953,96,103,-7,7
26954,137,113,24,24
26955,119,107,12,12
26956,118,117,1,1
26957,135,135,0,0
26958,127,102,25,25
26959,103,107,-4,4
26960,87,84,3,3
26961,90,70,20,20
26962,50,59,-9,9
26963,68,64,4,4
26964,75,73,2,2
26965,150,157,-7,7
26966,107,97,10,10
26967,122,127,-5,5
26968,48,54,-6,6
26969,141,145,-4,4
26970,96,104,-8,8
26971,93,90,3,3
26972,85,80,5,5
26973,55,62,-7,7
26974,51,51,0,0
26975,99,94,5,5
26976,52,59,-7,7
26977,79,80,-1,1
26978,110,105,5,5
26979,121,110,11,11
26980,37,38,-1,1
26981,92,84,8,8
26982,66,57,9,9
26983,148,131,17,17
26984,83,84,-1,1
26985,175,164,11,11
26986,88,77,11,11
26987,110,97,13,13
26988,79,94,-15,15
26989,64,61,3,3
26990,124,107,17,17
26991,129,120,9,9
26992,91,87,4,4
26993,59,59,0,0
26994,49,60,-11,11
26995,132,123,9,9
26996,76,113,-37,37
26997,110,100,10,10
26998,61,59,2,2
26999,90,82,8,8
27000,126,120,6,6
27001,98,92,6,6
27002,59,54,5,5
27003,93,95,-2,2
27004,76,71,5,5
27005,75,66,9,9
27006,85,85,0,0
27007,149,135,14,14
27008,89,84,5,5
27009,112,105,7,7
27010,88,77,11,11
27011,65,59,6,6
27012,86,85,1,1
27013,64,54,10,10
27014,81,89,-8,8
27015,86,94,-8,8
27016,70,68,2,2
27017,150,140,10,10
27018,102,89,13,13
27019,92,83,9,9
27020,47,65,-18,18
27021,92,92,0,0
27022,108,104,4,4
27023,85,95,-10,10
27024,127,123,4,4
27025,114,106,8,8
27026,89,82,7,7
27027,98,97,1,1
27028,47,48,-1,1
27029,95,100,-5,5
27030,174,176,-2,2
27031,74,71,3,3
27032,214,198,16,16
27033,35,40,-5,5
27034,202,220,-18,18
27035,83,75,8,8
27036,125,114,11,11
27037,109,93,16,16
27038,54,56,-2,2
27039,56,53,3,3
27040,71,71,0,0
27041,81,78,3,3
27042,78,78,0,0
27043,61,65,-4,4
27044,77,65,12,12
27045,114,106,8,8
27046,59,55,4,4
27047,116,115,1,1
27048,49,59,-10,10
27049,66,79,-13,13
27050,91,78,13,13
27051,98,97,1,1
27052,73,77,-4,4
27053,78,82,-4,4
27054,105,112,-7,7
27055,112,103,9,9
27056,84,83,1,1
27057,78,72,6,6
27058,112,124,-12,12
27059,178,131,47,47
27060,134,134,0,0
27061,93,84,9,9
27062,99,95,4,4
27063,67,65,2,2
27064,76,72,4,4
27065,80,72,8,8
27066,74,75,-1,1
27067,83,80,3,3
27068,99,102,-3,3
27069,70,63,7,7
27070,64,73,-9,9
27071,128,111,17,17
27072,93,89,4,4
27073,65,60,5,5
27074,40,43,-3,3
27075,133,119,14,14
27076,97,95,2,2
27077,89,90,-1,1
27078,73,66,7,7
27079,102,87,15,15
27080,62,62,0,0
27081,91,95,-4,4
27082,147,136,11,11
27083,70,64,6,6
27084,71,65,6,6
27085,86,88,-2,2
27086,62,64,-2,2
27087,104,87,17,17
27088,72,71,1,1
27089,52,53,-1,1
27090,38,43,-5,5
27091,67,70,-3,3
27092,196,186,10,10
27093,47,50,-3,3
27094,51,60,-9,9
27095,88,82,6,6
27096,96,90,6,6
27097,42,48,-6,6
27098,101,100,1,1
27099,105,97,8,8
27100,70,69,1,1
27101,87,95,-8,8
27102,120,119,1,1
27103,71,65,6,6
27104,118,109,9,9
27105,71,77,-6,6
27106,101,105,-4,4
27107,80,75,5,5
27108,107,94,13,13
27109,87,72,15,15
27110,60,82,-22,22
27111,56,54,2,2
27112,79,73,6,6
27113,148,146,2,2
27114,75,80,-5,5
27115,53,52,1,1
27116,88,84,4,4
27117,104,125,-21,21
27118,77,60,17,17
27119,53,56,-3,3
27120,114,110,4,4
27121,74,79,-5,5
27122,73,71,2,2
27123,127,118,9,9
27124,81,70,11,11
27125,127,128,-1,1
27126,139,121,18,18
27127,78,77,1,1
27128,79,72,7,7
27129,115,107,8,8
27130,125,111,14,14
27131,141,139,2,2
27132,127,101,26,26
27133,105,105,0,0
27134,57,62,-5,5
27135,99,102,-3,3
27136,91,86,5,5
27137,98,90,8,8
27138,114,124,-10,10
27139,74,73,1,1
27140,143,126,17,17
27141,68,77,-9,9
27142,159,142,17,17
27143,69,68,1,1
27144,72,61,11,11
27145,48,54,-6,6
27146,110,107,3,3
27147,86,83,3,3
27148,72,72,0,0
27149,80,80,0,0
27150,70,77,-7,7
27151,37,39,-2,2
27152,79,76,3,3
27153,53,52,1,1
27154,82,76,6,6
27155,55,64,-9,9
27156,72,79,-7,7
27157,104,102,2,2
27158,81,78,3,3
27159,131,133,-2,2
27160,110,114,-4,4
27161,70,68,2,2
27162,96,100,-4,4
27163,56,56,0,0
27164,76,62,14,14
27165,87,84,3,3
27166,100,89,11,11
27167,51,53,-2,2
27168,67,68,-1,1
27169,50,49,1,1
27170,72,78,-6,6
27171,69,68,1,1
27172,96,101,-5,5
27173,90,83,7,7
27174,84,91,-7,7
27175,136,138,-2,2
27176,83,80,3,3
27177,93,93,0,0
27178,130,158,-28,28
27179,111,109,2,2
27180,107,105,2,2
27181,112,120,-8,8
27182,27,41,-14,14
27183,156,135,21,21
27184,102,95,7,7
27185,122,120,2,2
27186,114,97,17,17
27187,39,43,-4,4
27188,137,131,6,6
27189,86,87,-1,1
27190,83,72,11,11
27191,148,154,-6,6
27192,108,105,3,3
27193,102,99,3,3
27194,95,93,2,2
27195,52,71,-19,19
27196,78,79,-1,1
27197,99,96,3,3
27198,124,119,5,5
27199,94,106,-12,12
27200,120,122,-2,2
27201,102,101,1,1
27202,128,125,3,3
27203,64,59,5,5
27204,78,73,5,5
27205,65,72,-7,7
27206,128,129,-1,1
27207,88,71,17,17
27208,63,71,-8,8
27209,86,87,-1,1
27210,102,95,7,7
27211,120,90,30,30
27212,95,98,-3,3
27213,83,74,9,9
27214,96,103,-7,7
27215,75,75,0,0
27216,50,46,4,4
27217,69,69,0,0
27218,118,106,12,12
27219,103,105,-2,2
27220,88,86,2,2
27221,83,90,-7,7
27222,113,99,14,14
27223,89,68,21,21
27224,92,87,5,5
27225,96,107,-11,11
27226,97,115,-18,18
27227,57,46,11,11
27228,70,68,2,2
27229,79,90,-11,11
27230,81,87,-6,6
27231,106,101,5,5
27232,178,168,10,10
27233,141,135,6,6
27234,97,94,3,3
27235,152,148,4,4
27236,82,74,8,8
27237,62,52,10,10
27238,69,66,3,3
27239,145,146,-1,1
27240,80,81,-1,1
27241,124,120,4,4
27242,128,125,3,3
27243,147,130,17,17
27244,181,187,-6,6
27245,92,89,3,3
27246,48,56,-8,8
27247,144,139,5,5
27248,54,60,-6,6
27249,116,105,11,11
27250,106,102,4,4
27251,72,64,8,8
27252,139,129,10,10
27253,153,160,-7,7
27254,105,94,11,11
27255,152,149,3,3
27256,137,118,19,19
27257,123,120,3,3
27258,49,61,-12,12
27259,80,72,8,8
27260,63,39,24,24
27261,35,62,-27,27
27262,53,58,-5,5
27263,80,82,-2,2
27264,56,39,17,17
27265,143,142,1,1
27266,160,151,9,9
27267,98,95,3,3
27268,98,102,-4,4
27269,83,90,-7,7
27270,117,124,-7,7
27271,143,135,8,8
27272,91,95,-4,4
27273,60,69,-9,9
27274,106,96,10,10
27275,33,44,-11,11
27276,65,65,0,0
27277,79,70,9,9
27278,47,44,3,3
27279,78,85,-7,7
27280,108,110,-2,2
27281,59,64,-5,5
27282,75,79,-4,4
27283,130,120,10,10
27284,75,83,-8,8
27285,89,85,4,4
27286,85,88,-3,3
27287,127,121,6,6
27288,71,79,-8,8
27289,103,107,-4,4
27290,40,44,-4,4
27291,57,67,-10,10
27292,142,136,6,6
27293,61,73,-12,12
27294,77,74,3,3
27295,95,99,-4,4
27296,90,84,6,6
27297,101,100,1,1
27298,64,63,1,1
27299,154,116,38,38
27300,90,86,4,4
27301,103,98,5,5
27302,134,133,1,1
27303,96,94,2,2
27304,48,43,5,5
27305,88,86,2,2
27306,126,122,4,4
27307,80,73,7,7
27308,66,75,-9,9
27309,43,48,-5,5
27310,71,63,8,8
27311,102,95,7,7
27312,78,71,7,7
27313,99,92,7,7
27314,110,100,10,10
27315,105,104,1,1
27316,103,109,-6,6
27317,103,106,-3,3
27318,62,79,-17,17
27319,92,93,-1,1
27320,68,73,-5,5
27321,94,91,3,3
27322,97,96,1,1
27323,50,60,-10,10
27324,46,63,-17,17
27325,76,69,7,7
27326,127,101,26,26
27327,55,62,-7,7
27328,62,54,8,8
27329,114,108,6,6
27330,70,72,-2,2
27331,110,114,-4,4
27332,115,115,0,0
27333,102,90,12,12
27334,105,111,-6,6
27335,99,90,9,9
27336,122,123,-1,1
27337,69,65,4,4
27338,69,67,2,2
27339,79,77,2,2
27340,67,66,1,1
27341,76,75,1,1
27342,54,60,-6,6
27343,96,90,6,6
27344,90,96,-6,6
27345,73,68,5,5
27346,76,74,2,2
27347,48,46,2,2
27348,104,104,0,0
27349,64,63,1,1
27350,76,72,4,4
27351,106,100,6,6
27352,58,56,2,2
27353,118,117,1,1
27354,78,81,-3,3
27355,119,123,-4,4
27356,64,62,2,2
27357,144,117,27,27
27358,112,116,-4,4
27359,60,55,5,5
27360,58,82,-24,24
27361,148,165,-17,17
27362,70,73,-3,3
27363,193,168,25,25
27364,90,97,-7,7
27365,50,51,-1,1
27366,94,88,6,6
27367,114,117,-3,3
27368,57,51,6,6
27369,72,89,-17,17
27370,97,87,10,10
27371,121,106,15,15
27372,96,92,4,4
27373,78,87,-9,9
27374,124,131,-7,7
27375,156,152,4,4
27376,103,91,12,12
27377,117,106,11,11
27378,75,66,9,9
27379,101,99,2,2
27380,45,42,3,3
27381,60,51,9,9
27382,124,121,3,3
27383,129,122,7,7
27384,90,89,1,1
27385,79,88,-9,9
27386,64,64,0,0
27387,87,96,-9,9
27388,138,132,6,6
27389,106,104,2,2
27390,96,95,1,1
27391,124,115,9,9
27392,78,74,4,4
27393,99,93,6,6
27394,208,182,26,26
27395,111,103,8,8
27396,107,96,11,11
27397,92,89,3,3
27398,87,80,7,7
27399,108,126,-18,18
27400,70,49,21,21
27401,115,112,3,3
27402,86,92,-6,6
27403,86,82,4,4
27404,165,169,-4,4
27405,59,97,-38,38
27406,111,113,-2,2
27407,196,176,20,20
27408,99,104,-5,5
27409,121,93,28,28
27410,57,49,8,8
27411,78,72,6,6
27412,98,98,0,0
27413,90,73,17,17
27414,89,87,2,2
27415,97,91,6,6
27416,77,71,6,6
27417,78,77,1,1
27418,95,101,-6,6
27419,98,88,10,10
27420,126,114,12,12
27421,107,105,2,2
27422,83,84,-1,1
27423,129,126,3,3
27424,93,94,-1,1
27425,210,176,34,34
27426,112,108,4,4
27427,51,54,-3,3
27428,93,81,12,12
27429,61,70,-9,9
27430,76,85,-9,9
27431,107,102,5,5
27432,115,95,20,20
27433,106,102,4,4
27434,77,73,4,4
27435,102,102,0,0
27436,54,60,-6,6
27437,81,65,16,16
27438,64,74,-10,10
27439,134,128,6,6
27440,124,121,3,3
27441,49,52,-3,3
27442,90,96,-6,6
27443,72,72,0,0
27444,76,80,-4,4
27445,114,100,14,14
27446,59,67,-8,8
27447,97,105,-8,8
27448,96,82,14,14
27449,177,128,49,49
27450,111,102,9,9
27451,105,104,1,1
27452,78,76,2,2
27453,85,89,-4,4
27454,71,68,3,3
27455,114,101,13,13
27456,78,79,-1,1
27457,164,139,25,25
27458,75,77,-2,2
27459,128,120,8,8
27460,105,123,-18,18
27461,75,69,6,6
27462,87,95,-8,8
27463,104,97,7,7
27464,130,125,5,5
27465,101,99,2,2
27466,81,78,3,3
27467,75,80,-5,5
27468,115,111,4,4
27469,80,72,8,8
27470,54,64,-10,10
27471,93,96,-3,3
27472,142,133,9,9
27473,41,46,-5,5
27474,78,80,-2,2
27475,62,55,7,7
27476,68,70,-2,2
27477,45,57,-12,12
27478,99,99,0,0
27479,92,81,11,11
27480,88,80,8,8
27481,134,136,-2,2
27482,112,107,5,5
27483,97,94,3,3
27484,131,128,3,3
27485,71,65,6,6
27486,39,40,-1,1
27487,68,67,1,1
27488,47,42,5,5
27489,60,58,2,2
27490,151,147,4,4
27491,81,66,15,15
27492,104,95,9,9
27493,99,102,-3,3
27494,103,94,9,9
27495,84,74,10,10
27496,92,88,4,4
27497,108,103,5,5
27498,124,119,5,5
27499,68,79,-11,11
27500,107,112,-5,5
27501,97,86,11,11
27502,108,98,10,10
27503,54,63,-9,9
27504,75,73,2,2
27505,43,48,-5,5
27506,105,108,-3,3
27507,103,113,-10,10
27508,85,88,-3,3
27509,121,116,5,5
27510,85,87,-2,2
27511,102,96,6,6
27512,113,120,-7,7
27513,70,73,-3,3
27514,120,109,11,11
27515,106,94,12,12
27516,72,72,0,0
27517,89,86,3,3
27518,90,81,9,9
27519,52,50,2,2
27520,78,75,3,3
27521,88,92,-4,4
27522,290,258,32,32
27523,98,97,1,1
27524,94,97,-3,3
27525,130,109,21,21
27526,50,65,-15,15
27527,102,99,3,3
27528,72,70,2,2
27529,79,73,6,6
27530,101,98,3,3
27531,88,87,1,1
27532,75,73,2,2
27533,109,118,-9,9
27534,68,64,4,4
27535,117,117,0,0
27536,112,114,-2,2
27537,149,137,12,12
27538,94,96,-2,2
27539,73,75,-2,2
27540,86,82,4,4
27541,68,68,0,0
27542,94,88,6,6
27543,96,94,2,2
27544,86,108,-22,22
27545,84,84,0,0
27546,98,94,4,4
27547,149,138,11,11
27548,92,90,2,2
27549,72,64,8,8
27550,108,106,2,2
27551,85,92,-7,7
27552,92,93,-1,1
27553,72,73,-1,1
27554,73,77,-4,4
27555,91,90,1,1
27556,167,180,-13,13
27557,78,87,-9,9
27558,50,63,-13,13
27559,96,79,17,17
27560,105,106,-1,1
27561,102,99,3,3
27562,106,96,10,10
27563,138,125,13,13
27564,123,114,9,9
27565,76,69,7,7
27566,95,91,4,4
27567,87,85,2,2
27568,154,140,14,14
27569,75,79,-4,4
27570,137,130,7,7
27571,98,81,17,17
27572,96,92,4,4
27573,68,78,-10,10
27574,66,71,-5,5
27575,96,95,1,1
27576,99,99,0,0
27577,53,66,-13,13
27578,36,60,-24,24
27579,79,77,2,2
27580,108,100,8,8
27581,20,34,-14,14
27582,95,91,4,4
27583,78,80,-2,2
27584,114,108,6,6
27585,89,94,-5,5
27586,118,120,-2,2
27587,163,136,27,27
27588,64,64,0,0
27589,50,44,6,6
27590,65,67,-2,2
27591,91,85,6,6
27592,126,129,-3,3
27593,96,92,4,4
27594,115,110,5,5
27595,114,110,4,4
27596,139,123,16,16
27597,45,61,-16,16
27598,155,153,2,2
27599,77,68,9,9
27600,105,90,15,15
27601,156,123,33,33
27602,90,81,9,9
27603,105,100,5,5
27604,36,50,-14,14
27605,134,142,-8,8
27606,111,120,-9,9
27607,61,60,1,1
27608,97,96,1,1
27609,76,75,1,1
27610,81,76,5,5
27611,71,65,6,6
27612,99,93,6,6
27613,98,92,6,6
27614,89,88,1,1
27615,153,156,-3,3
27616,110,112,-2,2
27617,61,61,0,0
27618,72,74,-2,2
27619,107,106,1,1
27620,107,101,6,6
27621,116,112,4,4
27622,116,104,12,12
27623,71,68,3,3
27624,95,89,6,6
27625,99,95,4,4
27626,59,56,3,3
27627,107,128,-21,21
27628,130,122,8,8
27629,95,88,7,7
27630,165,152,13,13
27631,171,157,14,14
27632,93,99,-6,6
27633,79,84,-5,5
27634,175,167,8,8
27635,121,121,0,0
27636,155,158,-3,3
27637,174,173,1,1
27638,81,78,3,3
27639,57,55,2,2
27640,180,140,40,40
27641,116,107,9,9
27642,162,154,8,8
27643,77,69,8,8
27644,78,79,-1,1
27645,111,102,9,9
27646,87,76,11,11
27647,37,44,-7,7
27648,176,185,-9,9
27649,69,78,-9,9
27650,72,74,-2,2
27651,91,99,-8,8
27652,102,100,2,2
27653,81,85,-4,4
27654,142,140,2,2
27655,189,178,11,11
27656,200,186,14,14
27657,61,67,-6,6
27658,89,89,0,0
27659,94,98,-4,4
27660,88,88,0,0
27661,85,78,7,7
27662,88,81,7,7
27663,52,55,-3,3
27664,61,90,-29,29
27665,79,72,7,7
27666,141,130,11,11
27667,83,80,3,3
27668,112,144,-32,32
27669,123,115,8,8
27670,54,49,5,5
27671,66,70,-4,4
27672,117,111,6,6
27673,73,72,1,1
27674,70,82,-12,12
27675,66,61,5,5
27676,105,118,-13,13
27677,77,77,0,0
27678,100,98,2,2
27679,167,133,34,34
27680,73,76,-3,3
27681,130,111,19,19
27682,87,71,16,16
27683,85,77,8,8
27684,69,72,-3,3
27685,73,80,-7,7
27686,77,84,-7,7
27687,138,136,2,2
27688,80,83,-3,3
27689,55,57,-2,2
27690,117,100,17,17
27691,110,103,7,7
27692,60,56,4,4
27693,96,87,9,9
27694,85,78,7,7
27695,106,99,7,7
27696,94,90,4,4
27697,69,77,-8,8
27698,125,129,-4,4
27699,179,168,11,11
27700,86,81,5,5
27701,129,111,18,18
27702,82,82,0,0
27703,91,84,7,7
27704,150,143,7,7
27705,57,56,1,1
27706,70,75,-5,5
27707,134,132,2,2
27708,71,73,-2,2
27709,74,78,-4,4
27710,83,82,1,1
27711,82,102,-20,20
27712,70,75,-5,5
27713,82,95,-13,13
27714,52,57,-5,5
27715,93,84,9,9
27716,54,62,-8,8
27717,136,126,10,10
27718,72,74,-2,2
27719,86,110,-24,24
27720,108,115,-7,7
27721,93,85,8,8
27722,57,71,-14,14
27723,78,74,4,4
27724,130,115,15,15
27725,83,89,-6,6
27726,116,99,17,17
27727,103,95,8,8
27728,79,77,2,2
27729,43,45,-2,2
27730,100,98,2,2
27731,77,73,4,4
27732,127,117,10,10
27733,83,79,4,4
27734,134,139,-5,5
27735,108,92,16,16
27736,122,110,12,12
27737,86,84,2,2
27738,71,76,-5,5
27739,111,110,1,1
27740,132,116,16,16
27741,200,198,2,2
27742,77,70,7,7
27743,131,109,22,22
27744,75,77,-2,2
27745,66,68,-2,2
27746,83,90,-7,7
27747,155,145,10,10
27748,104,85,19,19
27749,85,78,7,7
27750,149,130,19,19
27751,198,262,-64,64
27752,68,81,-13,13
27753,143,106,37,37
27754,118,110,8,8
27755,75,71,4,4
27756,150,173,-23,23
27757,52,55,-3,3
27758,153,146,7,7
27759,88,95,-7,7
27760,101,111,-10,10
27761,74,73,1,1
27762,102,103,-1,1
27763,140,140,0,0
27764,71,70,1,1
27765,110,79,31,31
27766,110,108,2,2
27767,63,64,-1,1
27768,66,59,7,7
27769,49,52,-3,3
27770,54,48,6,6
27771,86,83,3,3
27772,58,56,2,2
27773,54,53,1,1
27774,60,62,-2,2
27775,77,81,-4,4
27776,70,70,0,0
27777,91,83,8,8
27778,112,109,3,3
27779,89,89,0,0
27780,80,78,2,2
27781,95,92,3,3
27782,98,93,5,5
27783,91,88,3,3
27784,117,128,-11,11
27785,76,73,3,3
27786,126,144,-18,18
27787,131,108,23,23
27788,65,73,-8,8
27789,90,76,14,14
27790,77,74,3,3
27791,114,114,0,0
27792,88,83,5,5
27793,90,81,9,9
27794,84,90,-6,6
27795,135,117,18,18
27796,95,88,7,7
27797,94,104,-10,10
27798,106,97,9,9
27799,75,71,4,4
27800,115,110,5,5
27801,143,144,-1,1
27802,60,65,-5,5
27803,68,62,6,6
27804,73,65,8,8
27805,168,147,21,21
27806,99,100,-1,1
27807,108,100,8,8
27808,77,85,-8,8
27809,60,57,3,3
27810,79,76,3,3
27811,103,126,-23,23
27812,120,122,-2,2
27813,137,145,-8,8
27814,80,92,-12,12
27815,78,83,-5,5
27816,49,55,-6,6
27817,97,102,-5,5
27818,104,106,-2,2
27819,172,159,13,13
27820,154,132,22,22
27821,93,99,-6,6
27822,103,89,14,14
27823,51,53,-2,2
27824,72,72,0,0
27825,81,85,-4,4
27826,69,72,-3,3
27827,111,100,11,11
27828,106,100,6,6
27829,143,129,14,14
27830,46,45,1,1
27831,118,118,0,0
27832,136,108,28,28
27833,103,90,13,13
27834,115,115,0,0
27835,100,98,2,2
27836,130,119,11,11
27837,146,133,13,13
27838,106,105,1,1
27839,160,155,5,5
27840,151,111,40,40
27841,111,103,8,8
27842,132,115,17,17
27843,70,58,12,12
27844,95,91,4,4
27845,113,107,6,6
27846,100,138,-38,38
27847,84,91,-7,7
27848,144,119,25,25
27849,75,76,-1,1
27850,127,128,-1,1
27851,35,38,-3,3
27852,48,61,-13,13
27853,52,48,4,4
27854,110,108,2,2
27855,109,103,6,6
27856,72,69,3,3
27857,99,95,4,4
27858,58,55,3,3
27859,81,71,10,10
27860,96,87,9,9
27861,71,75,-4,4
27862,122,101,21,21
27863,151,138,13,13
27864,92,88,4,4
27865,69,62,7,7
27866,111,105,6,6
27867,106,98,8,8
27868,122,117,5,5
27869,100,83,17,17
27870,62,57,5,5
27871,77,78,-1,1
27872,111,105,6,6
27873,68,73,-5,5
27874,97,87,10,10
27875,118,82,36,36
27876,118,126,-8,8
27877,97,103,-6,6
27878,78,87,-9,9
27879,146,139,7,7
27880,99,98,1,1
27881,76,75,1,1
27882,64,56,8,8
27883,48,44,4,4
27884,89,85,4,4
27885,59,58,1,1
27886,74,82,-8,8
27887,72,74,-2,2
27888,83,93,-10,10
27889,83,82,1,1
27890,97,102,-5,5
27891,100,84,16,16
27892,181,181,0,0
27893,37,35,2,2
27894,64,65,-1,1
27895,84,72,12,12
27896,68,69,-1,1
27897,54,51,3,3
27898,85,81,4,4
27899,75,77,-2,2
27900,98,93,5,5
27901,147,138,9,9
27902,138,129,9,9
27903,61,59,2,2
27904,83,92,-9,9
27905,158,145,13,13
27906,119,101,18,18
27907,88,79,9,9
27908,119,114,5,5
27909,118,102,16,16
27910,68,64,4,4
27911,49,56,-7,7
27912,112,102,10,10
27913,113,109,4,4
27914,83,82,1,1
27915,81,87,-6,6
27916,31,34,-3,3
27917,87,75,12,12
27918,144,137,7,7
27919,133,133,0,0
27920,137,132,5,5
27921,95,98,-3,3
27922,80,81,-1,1
27923,109,102,7,7
27924,90,91,-1,1
27925,70,69,1,1
27926,66,71,-5,5
27927,81,70,11,11
27928,156,154,2,2
27929,70,82,-12,12
27930,95,105,-10,10
27931,109,102,7,7
27932,61,103,-42,42
27933,40,50,-10,10
27934,138,146,-8,8
27935,96,86,10,10
27936,53,57,-4,4
27937,85,95,-10,10
27938,137,113,24,24
27939,113,106,7,7
27940,127,110,17,17
27941,77,73,4,4
27942,66,66,0,0
27943,36,43,-7,7
27944,83,86,-3,3
27945,120,101,19,19
27946,55,52,3,3
27947,61,68,-7,7
27948,68,69,-1,1
27949,93,95,-2,2
27950,173,174,-1,1
27951,58,74,-16,16
27952,75,76,-1,1
27953,83,86,-3,3
27954,141,132,9,9
27955,67,69,-2,2
27956,35,37,-2,2
27957,63,61,2,2
27958,52,57,-5,5
27959,183,174,9,9
27960,52,57,-5,5
27961,72,67,5,5
27962,77,80,-3,3
27963,61,60,1,1
27964,124,125,-1,1
27965,78,83,-5,5
27966,123,113,10,10
27967,122,124,-2,2
27968,88,89,-1,1
27969,74,77,-3,3
27970,66,68,-2,2
27971,69,74,-5,5
27972,92,91,1,1
27973,79,76,3,3
27974,45,65,-20,20
27975,115,118,-3,3
27976,143,134,9,9
27977,99,100,-1,1
27978,129,130,-1,1
27979,103,98,5,5
27980,90,98,-8,8
27981,88,82,6,6
27982,123,125,-2,2
27983,175,154,21,21
27984,95,89,6,6
27985,105,123,-18,18
27986,65,69,-4,4
27987,66,62,4,4
27988,137,122,15,15
27989,84,79,5,5
27990,110,97,13,13
27991,118,101,17,17
27992,114,110,4,4
27993,97,105,-8,8
27994,90,86,4,4
27995,124,127,-3,3
27996,158,154,4,4
27997,67,95,-28,28
27998,96,93,3,3
27999,97,89,8,8
28000,108,101,7,7
28001,106,103,3,3
28002,56,51,5,5
28003,69,71,-2,2
28004,41,49,-8,8
28005,67,68,-1,1
28006,172,173,-1,1
28007,53,51,2,2
28008,94,81,13,13
28009,121,116,5,5
28010,97,78,19,19
28011,91,91,0,0
28012,117,91,26,26
28013,125,149,-24,24
28014,59,56,3,3
28015,114,97,17,17
28016,87,81,6,6
28017,106,108,-2,2
28018,77,87,-10,10
28019,135,114,21,21
28020,145,124,21,21
28021,72,77,-5,5
28022,53,69,-16,16
28023,149,133,16,16
28024,101,99,2,2
28025,76,68,8,8
28026,87,93,-6,6
28027,73,67,6,6
28028,107,112,-5,5
28029,67,64,3,3
28030,67,71,-4,4
28031,80,82,-2,2
28032,91,85,6,6
28033,91,82,9,9
28034,104,146,-42,42
28035,66,61,5,5
28036,90,82,8,8
28037,71,82,-11,11
28038,118,102,16,16
28039,87,92,-5,5
28040,68,67,1,1
28041,114,115,-1,1
28042,117,117,0,0
28043,130,113,17,17
28044,134,139,-5,5
28045,125,118,7,7
28046,74,73,1,1
28047,88,81,7,7
28048,56,73,-17,17
28049,116,103,13,13
28050,145,139,6,6
28051,75,68,7,7
28052,71,84,-13,13
28053,50,58,-8,8
28054,97,89,8,8
28055,55,54,1,1
28056,52,46,6,6
28057,154,113,41,41
28058,132,117,15,15
28059,180,153,27,27
28060,68,72,-4,4
28061,86,88,-2,2
28062,147,163,-16,16
28063,68,83,-15,15
28064,80,74,6,6
28065,98,89,9,9
28066,109,102,7,7
28067,88,86,2,2
28068,78,86,-8,8
28069,86,69,17,17
28070,42,41,1,1
28071,74,81,-7,7
28072,137,132,5,5
28073,110,103,7,7
28074,76,83,-7,7
28075,64,66,-2,2
28076,150,145,5,5
28077,116,103,13,13
28078,74,73,1,1
28079,69,70,-1,1
28080,55,45,10,10
28081,114,119,-5,5
28082,178,180,-2,2
28083,78,75,3,3
28084,71,60,11,11
28085,80,84,-4,4
28086,119,124,-5,5
28087,59,65,-6,6
28088,75,68,7,7
28089,77,97,-20,20
28090,64,74,-10,10
28091,118,107,11,11
28092,141,134,7,7
28093,144,155,-11,11
28094,118,114,4,4
28095,90,77,13,13
28096,96,93,3,3
28097,107,99,8,8
28098,141,143,-2,2
28099,71,63,8,8
28100,94,86,8,8
28101,196,165,31,31
28102,93,98,-5,5
28103,122,99,23,23
28104,78,76,2,2
28105,83,94,-11,11
28106,84,77,7,7
28107,65,58,7,7
28108,165,161,4,4
28109,116,144,-28,28
28110,91,73,18,18
28111,69,64,5,5
28112,87,78,9,9
28113,94,101,-7,7
28114,113,108,5,5
28115,169,175,-6,6
28116,112,101,11,11
28117,85,91,-6,6
28118,113,97,16,16
28119,145,127,18,18
28120,53,64,-11,11
28121,97,98,-1,1
28122,102,106,-4,4
28123,107,104,3,3
28124,88,83,5,5
28125,76,69,7,7
28126,46,44,2,2
28127,83,83,0,0
28128,99,90,9,9
28129,118,114,4,4
28130,85,76,9,9
28131,112,109,3,3
28132,120,106,14,14
28133,246,228,18,18
28134,124,111,13,13
28135,64,71,-7,7
28136,118,103,15,15
28137,118,104,14,14
28138,78,83,-5,5
28139,74,89,-15,15
28140,86,84,2,2
28141,90,85,5,5
28142,132,129,3,3
28143,125,114,11,11
28144,70,70,0,0
28145,69,62,7,7
28146,119,109,10,10
28147,144,124,20,20
28148,172,160,12,12
28149,83,88,-5,5
28150,99,89,10,10
28151,104,98,6,6
28152,127,114,13,13
28153,78,74,4,4
28154,110,94,16,16
28155,53,46,7,7
28156,79,87,-8,8
28157,47,49,-2,2
28158,123,144,-21,21
28159,132,119,13,13
28160,104,110,-6,6
28161,127,123,4,4
28162,105,93,12,12
28163,65,71,-6,6
28164,100,103,-3,3
28165,192,203,-11,11
28166,61,88,-27,27
28167,106,112,-6,6
28168,38,72,-34,34
28169,186,171,15,15
28170,166,152,14,14
28171,122,118,4,4
28172,141,131,10,10
28173,122,125,-3,3
28174,39,72,-33,33
28175,117,118,-1,1
28176,128,120,8,8
28177,148,138,10,10
28178,118,113,5,5
28179,96,89,7,7
28180,72,79,-7,7
28181,76,60,16,16
28182,63,55,8,8
28183,84,94,-10,10
28184,102,98,4,4
28185,75,68,7,7
28186,92,97,-5,5
28187,69,65,4,4
28188,94,77,17,17
28189,70,67,3,3
28190,112,107,5,5
28191,87,77,10,10
28192,68,79,-11,11
28193,123,140,-17,17
28194,81,64,17,17
28195,116,116,0,0
28196,82,83,-1,1
28197,149,116,33,33
28198,60,75,-15,15
28199,59,66,-7,7
28200,110,95,15,15
28201,89,126,-37,37
28202,114,110,4,4
28203,128,117,11,11
28204,57,72,-15,15
28205,77,81,-4,4
28206,85,86,-1,1
28207,194,205,-11,11
28208,72,87,-15,15
28209,75,80,-5,5
28210,57,76,-19,19
28211,165,140,25,25
28212,99,105,-6,6
28213,84,82,2,2
28214,89,87,2,2
28215,64,63,1,1
28216,115,123,-8,8
28217,81,86,-5,5
28218,96,108,-12,12
28219,134,125,9,9
28220,74,70,4,4
28221,121,148,-27,27
28222,81,91,-10,10
28223,58,57,1,1
28224,77,71,6,6
28225,97,91,6,6
28226,66,64,2,2
28227,104,105,-1,1
28228,112,112,0,0
28229,59,53,6,6
28230,151,136,15,15
28231,111,98,13,13
28232,133,130,3,3
28233,76,80,-4,4
28234,93,93,0,0
28235,76,71,5,5
28236,85,89,-4,4
28237,151,150,1,1
28238,76,75,1,1
28239,79,75,4,4
28240,172,189,-17,17
28241,148,137,11,11
28242,89,88,1,1
28243,87,75,12,12
28244,128,130,-2,2
28245,71,57,14,14
28246,72,68,4,4
28247,77,79,-2,2
28248,100,95,5,5
28249,107,111,-4,4
28250,86,85,1,1
28251,81,79,2,2
28252,93,91,2,2
28253,56,54,2,2
28254,138,121,17,17
28255,77,78,-1,1
28256,175,177,-2,2
28257,72,73,-1,1
28258,93,89,4,4
28259,92,82,10,10
28260,104,113,-9,9
28261,132,102,30,30
28262,81,84,-3,3
28263,71,78,-7,7
28264,140,139,1,1
28265,102,98,4,4
28266,53,54,-1,1
28267,87,92,-5,5
28268,147,142,5,5
28269,93,101,-8,8
28270,65,65,0,0
28271,154,141,13,13
28272,222,198,24,24
28273,107,95,12,12
28274,81,79,2,2
28275,59,56,3,3
28276,63,55,8,8
28277,100,97,3,3
28278,89,80,9,9
28279,70,69,1,1
28280,90,89,1,1
28281,135,128,7,7
28282,112,106,6,6
28283,102,98,4,4
28284,126,130,-4,4
28285,87,86,1,1
28286,98,97,1,1
28287,128,105,23,23
28288,54,52,2,2
28289,88,98,-10,10
28290,79,76,3,3
28291,177,167,10,10
28292,110,104,6,6
28293,68,78,-10,10
28294,126,124,2,2
28295,115,111,4,4
28296,105,109,-4,4
28297,86,80,6,6
28298,66,95,-29,29
28299,65,57,8,8
28300,78,85,-7,7
28301,87,89,-2,2
28302,108,103,5,5
28303,46,60,-14,14
28304,106,101,5,5
28305,127,107,20,20
28306,137,139,-2,2
28307,84,71,13,13
28308,73,79,-6,6
28309,70,67,3,3
28310,76,73,3,3
28311,84,84,0,0
28312,125,88,37,37
28313,73,71,2,2
28314,176,176,0,0
28315,97,88,9,9
28316,128,130,-2,2
28317,74,81,-7,7
28318,145,153,-8,8
28319,93,95,-2,2
28320,70,70,0,0
28321,67,76,-9,9
28322,84,75,9,9
28323,59,55,4,4
28324,92,102,-10,10
28325,112,100,12,12
28326,51,56,-5,5
28327,56,57,-1,1
28328,92,86,6,6
28329,49,64,-15,15
28330,98,97,1,1
28331,71,76,-5,5
28332,72,69,3,3
28333,68,78,-10,10
28334,87,84,3,3
28335,121,115,6,6
28336,94,91,3,3
28337,76,85,-9,9
28338,112,102,10,10
28339,69,66,3,3
28340,113,109,4,4
28341,129,137,-8,8
28342,105,107,-2,2
28343,99,102,-3,3
28344,58,63,-5,5
28345,130,114,16,16
28346,85,85,0,0
28347,73,62,11,11
28348,56,47,9,9
28349,97,105,-8,8
28350,104,106,-2,2
28351,73,75,-2,2
28352,111,102,9,9
28353,73,66,7,7
28354,98,85,13,13
28355,102,109,-7,7
28356,80,72,8,8
28357,47,41,6,6
28358,102,105,-3,3
28359,76,74,2,2
28360,69,82,-13,13
28361,85,82,3,3
28362,111,101,10,10
28363,34,33,1,1
28364,137,148,-11,11
28365,79,70,9,9
28366,72,78,-6,6
28367,62,68,-6,6
28368,91,89,2,2
28369,82,79,3,3
28370,120,137,-17,17
28371,92,98,-6,6
28372,110,112,-2,2
28373,122,123,-1,1
28374,119,110,9,9
28375,183,194,-11,11
28376,61,65,-4,4
28377,97,86,11,11
28378,117,117,0,0
28379,71,76,-5,5
28380,100,97,3,3
28381,119,112,7,7
28382,94,76,18,18
28383,94,96,-2,2
28384,97,82,15,15
28385,62,57,5,5
28386,74,77,-3,3
28387,104,104,0,0
28388,143,146,-3,3
28389,74,77,-3,3
28390,126,118,8,8
28391,64,60,4,4
28392,97,85,12,12
28393,82,74,8,8
28394,56,61,-5,5
28395,98,98,0,0
28396,139,131,8,8
28397,102,95,7,7
28398,100,105,-5,5
28399,115,105,10,10
28400,138,117,21,21
28401,39,41,-2,2
28402,132,130,2,2
28403,127,132,-5,5
28404,98,90,8,8
28405,83,71,12,12
28406,106,114,-8,8
28407,161,147,14,14
28408,77,70,7,7
28409,76,84,-8,8
28410,96,84,12,12
28411,107,105,2,2
28412,85,262,-177,177
28413,79,75,4,4
28414,102,95,7,7
28415,57,60,-3,3
28416,79,89,-10,10
28417,76,84,-8,8
28418,82,83,-1,1
28419,56,51,5,5
28420,84,80,4,4
28421,110,99,11,11
28422,183,163,20,20
28423,118,122,-4,4
28424,100,92,8,8
28425,109,98,11,11
28426,101,100,1,1
28427,57,63,-6,6
28428,89,105,-16,16
28429,148,130,18,18
28430,202,211,-9,9
28431,137,142,-5,5
28432,91,85,6,6
28433,112,111,1,1
28434,68,64,4,4
28435,83,80,3,3
28436,72,73,-1,1
28437,79,74,5,5
28438,116,105,11,11
28439,54,60,-6,6
28440,87,86,1,1
28441,82,76,6,6
28442,104,96,8,8
28443,126,120,6,6
28444,106,106,0,0
28445,116,105,11,11
28446,91,98,-7,7
28447,77,82,-5,5
28448,123,147,-24,24
28449,145,147,-2,2
28450,88,82,6,6
28451,95,108,-13,13
28452,79,89,-10,10
28453,91,95,-4,4
28454,133,122,11,11
28455,165,171,-6,6
28456,61,51,10,10
28457,63,66,-3,3
28458,120,115,5,5
28459,54,48,6,6
28460,145,139,6,6
28461,130,126,4,4
28462,68,48,20,20
28463,55,56,-1,1
28464,90,82,8,8
28465,102,87,15,15
28466,52,55,-3,3
28467,102,101,1,1
28468,162,156,6,6
28469,85,88,-3,3
28470,81,79,2,2
28471,57,54,3,3
28472,82,73,9,9
28473,135,91,44,44
28474,43,47,-4,4
28475,82,63,19,19
28476,66,67,-1,1
28477,102,94,8,8
28478,70,67,3,3
28479,151,144,7,7
28480,127,125,2,2
28481,77,59,18,18
28482,137,118,19,19
28483,83,75,8,8
28484,183,175,8,8
28485,43,39,4,4
28486,129,127,2,2
28487,58,49,9,9
28488,73,67,6,6
28489,67,51,16,16
28490,57,59,-2,2
28491,133,129,4,4
28492,76,79,-3,3
28493,87,84,3,3
28494,76,77,-1,1
28495,99,86,13,13
28496,95,90,5,5
28497,56,53,3,3
28498,146,137,9,9
28499,123,103,20,20
28500,93,118,-25,25
28501,71,70,1,1
28502,97,85,12,12
28503,122,116,6,6
28504,97,107,-10,10
28505,86,87,-1,1
28506,87,86,1,1
28507,134,131,3,3
28508,99,100,-1,1
28509,135,118,17,17
28510,85,82,3,3
28511,132,131,1,1
28512,54,55,-1,1
28513,77,85,-8,8
28514,63,66,-3,3
28515,138,134,4,4
28516,58,64,-6,6
28517,141,123,18,18
28518,161,156,5,5
28519,105,119,-14,14
28520,107,111,-4,4
28521,153,162,-9,9
28522,90,89,1,1
28523,147,143,4,4
28524,92,96,-4,4
28525,34,30,4,4
28526,90,93,-3,3
28527,50,53,-3,3
28528,83,72,11,11
28529,127,132,-5,5
28530,59,48,11,11
28531,57,64,-7,7
28532,115,115,0,0
28533,91,104,-13,13
28534,143,129,14,14
28535,119,109,10,10
28536,97,102,-5,5
28537,155,149,6,6
28538,128,115,13,13
28539,67,68,-1,1
28540,60,64,-4,4
28541,103,93,10,10
28542,128,117,11,11
28543,100,92,8,8
28544,71,71,0,0
28545,85,84,1,1
28546,74,66,8,8
28547,172,137,35,35
28548,73,73,0,0
28549,51,53,-2,2
28550,76,80,-4,4
28551,110,105,5,5
28552,125,108,17,17
28553,49,60,-11,11
28554,145,130,15,15
28555,81,74,7,7
28556,79,102,-23,23
28557,108,104,4,4
28558,95,85,10,10
28559,66,61,5,5
28560,78,75,3,3
28561,41,46,-5,5
28562,89,77,12,12
28563,60,60,0,0
28564,88,78,10,10
28565,54,61,-7,7
28566,112,99,13,13
28567,135,117,18,18
28568,123,116,7,7
28569,76,85,-9,9
28570,82,76,6,6
28571,38,39,-1,1
28572,51,49,2,2
28573,33,41,-8,8
28574,100,95,5,5
28575,64,69,-5,5
28576,98,100,-2,2
28577,104,97,7,7
28578,108,108,0,0
28579,112,104,8,8
28580,54,56,-2,2
28581,75,72,3,3
28582,89,101,-12,12
28583,137,124,13,13
28584,66,57,9,9
28585,81,77,4,4
28586,91,94,-3,3
28587,84,82,2,2
28588,52,49,3,3
28589,64,65,-1,1
28590,176,173,3,3
28591,59,66,-7,7
28592,70,54,16,16
28593,69,59,10,10
28594,83,107,-24,24
28595,71,73,-2,2
28596,61,66,-5,5
28597,65,65,0,0
28598,94,110,-16,16
28599,53,42,11,11
28600,66,62,4,4
28601,93,95,-2,2
28602,66,68,-2,2
28603,75,65,10,10
28604,96,97,-1,1
28605,66,49,17,17
28606,158,113,45,45
28607,80,72,8,8
28608,67,60,7,7
28609,67,67,0,0
28610,79,77,2,2
28611,57,61,-4,4
28612,66,70,-4,4
28613,44,46,-2,2
28614,59,54,5,5
28615,150,136,14,14
28616,128,119,9,9
28617,74,70,4,4
28618,38,50,-12,12
28619,51,44,7,7
28620,123,117,6,6
28621,61,58,3,3
28622,77,64,13,13
28623,61,62,-1,1
28624,94,74,20,20
28625,104,105,-1,1
28626,62,73,-11,11
28627,115,104,11,11
28628,122,102,20,20
28629,96,89,7,7
28630,84,83,1,1
28631,119,119,0,0
28632,99,95,4,4
28633,85,78,7,7
28634,118,105,13,13
28635,144,131,13,13
28636,54,60,-6,6
28637,152,139,13,13
28638,47,59,-12,12
28639,67,55,12,12
28640,81,78,3,3
28641,125,125,0,0
28642,104,97,7,7
28643,63,70,-7,7
28644,71,60,11,11
28645,56,66,-10,10
28646,144,131,13,13
28647,125,129,-4,4
28648,64,48,16,16
28649,108,107,1,1
28650,87,78,9,9
28651,66,72,-6,6
28652,83,88,-5,5
28653,102,97,5,5
28654,120,117,3,3
28655,114,110,4,4
28656,114,107,7,7
28657,148,140,8,8
28658,100,93,7,7
28659,76,71,5,5
28660,53,60,-7,7
28661,104,105,-1,1
28662,101,103,-2,2
28663,93,95,-2,2
28664,50,46,4,4
28665,47,49,-2,2
28666,137,120,17,17
28667,109,101,8,8
28668,83,93,-10,10
28669,32,33,-1,1
28670,69,68,1,1
28671,92,88,4,4
28672,78,80,-2,2
28673,96,106,-10,10
28674,92,89,3,3
28675,53,49,4,4
28676,144,142,2,2
28677,107,105,2,2
28678,112,105,7,7
28679,72,61,11,11
28680,108,97,11,11
28681,84,78,6,6
28682,54,62,-8,8
28683,82,113,-31,31
28684,98,86,12,12
28685,73,80,-7,7
28686,50,60,-10,10
28687,89,86,3,3
28688,66,68,-2,2
28689,140,140,0,0
28690,97,89,8,8
28691,77,81,-4,4
28692,106,77,29,29
28693,73,76,-3,3
28694,122,116,6,6
28695,80,79,1,1
28696,60,58,2,2
28697,90,81,9,9
28698,83,84,-1,1
28699,86,83,3,3
28700,33,31,2,2
28701,134,124,10,10
28702,117,122,-5,5
28703,60,60,0,0
28704,116,110,6,6
28705,110,115,-5,5
28706,129,126,3,3
28707,88,84,4,4
28708,76,72,4,4
28709,171,168,3,3
28710,98,81,17,17
28711,100,91,9,9
28712,66,54,12,12
28713,140,126,14,14
28714,101,81,20,20
28715,61,58,3,3
28716,89,86,3,3
28717,93,91,2,2
28718,101,104,-3,3
28719,63,80,-17,17
28720,85,85,0,0
28721,94,95,-1,1
28722,114,129,-15,15
28723,104,107,-3,3
28724,78,77,1,1
28725,108,131,-23,23
28726,57,53,4,4
28727,38,52,-14,14
28728,69,72,-3,3
28729,106,103,3,3
28730,77,75,2,2
28731,235,261,-26,26
28732,98,97,1,1
28733,111,111,0,0
28734,70,91,-21,21
28735,102,94,8,8
28736,92,95,-3,3
28737,67,67,0,0
28738,83,86,-3,3
28739,71,75,-4,4
28740,92,90,2,2
28741,59,61,-2,2
28742,90,87,3,3
28743,71,67,4,4
28744,52,63,-11,11
28745,109,93,16,16
28746,105,111,-6,6
28747,79,74,5,5
28748,81,67,14,14
28749,84,85,-1,1
28750,80,72,8,8
28751,56,63,-7,7
28752,84,80,4,4
28753,44,49,-5,5
28754,85,80,5,5
28755,62,69,-7,7
28756,83,71,12,12
28757,59,64,-5,5
28758,92,86,6,6
28759,99,102,-3,3
28760,131,136,-5,5
28761,58,59,-1,1
28762,164,139,25,25
28763,132,116,16,16
28764,73,70,3,3
28765,82,78,4,4
28766,57,57,0,0
28767,97,101,-4,4
28768,26,35,-9,9
28769,107,90,17,17
28770,88,80,8,8
28771,84,77,7,7
28772,82,79,3,3
28773,141,149,-8,8
28774,78,71,7,7
28775,146,143,3,3
28776,84,81,3,3
28777,93,89,4,4
28778,74,80,-6,6
28779,139,125,14,14
28780,125,123,2,2
28781,65,70,-5,5
28782,101,105,-4,4
28783,114,110,4,4
28784,54,57,-3,3
28785,99,84,15,15
28786,83,70,13,13
28787,128,120,8,8
28788,90,97,-7,7
28789,77,75,2,2
28790,68,61,7,7
28791,78,91,-13,13
28792,76,66,10,10
28793,85,79,6,6
28794,106,106,0,0
28795,207,171,36,36
28796,105,103,2,2
28797,110,111,-1,1
28798,86,79,7,7
28799,166,137,29,29
28800,118,126,-8,8
28801,99,91,8,8
28802,80,88,-8,8
28803,27,40,-13,13
28804,125,108,17,17
28805,92,91,1,1
28806,85,88,-3,3
28807,91,84,7,7
28808,61,57,4,4
28809,86,80,6,6
28810,50,52,-2,2
28811,101,101,0,0
28812,79,69,10,10
28813,82,94,-12,12
28814,63,59,4,4
28815,100,92,8,8
28816,103,83,20,20
28817,150,137,13,13
28818,86,81,5,5
28819,72,77,-5,5
28820,54,52,2,2
28821,136,129,7,7
28822,60,51,9,9
28823,118,106,12,12
28824,64,61,3,3
28825,78,72,6,6
28826,76,64,12,12
28827,145,137,8,8
28828,62,73,-11,11
28829,98,99,-1,1
28830,100,99,1,1
28831,142,131,11,11
28832,77,81,-4,4
28833,81,98,-17,17
28834,79,81,-2,2
28835,78,73,5,5
28836,84,87,-3,3
28837,63,57,6,6
28838,94,96,-2,2
28839,89,81,8,8
28840,78,72,6,6
28841,132,139,-7,7
28842,151,122,29,29
28843,156,146,10,10
28844,41,51,-10,10
28845,106,103,3,3
28846,99,95,4,4
28847,42,45,-3,3
28848,79,76,3,3
28849,60,77,-17,17
28850,136,138,-2,2
28851,130,126,4,4
28852,136,136,0,0
28853,81,72,9,9
28854,112,107,5,5
28855,60,73,-13,13
28856,93,78,15,15
28857,103,102,1,1
28858,180,175,5,5
28859,93,93,0,0
28860,172,182,-10,10
28861,95,105,-10,10
28862,79,88,-9,9
28863,55,53,2,2
28864,105,106,-1,1
28865,118,107,11,11
28866,111,108,3,3
28867,66,70,-4,4
28868,146,142,4,4
28869,81,109,-28,28
28870,75,69,6,6
28871,79,82,-3,3
28872,64,60,4,4
28873,97,96,1,1
28874,103,101,2,2
28875,68,65,3,3
28876,74,84,-10,10
28877,80,70,10,10
28878,90,67,23,23
28879,59,62,-3,3
28880,109,105,4,4
28881,90,80,10,10
28882,71,71,0,0
28883,108,104,4,4
28884,83,77,6,6
28885,130,120,10,10
28886,85,80,5,5
28887,49,66,-17,17
28888,73,60,13,13
28889,104,101,3,3
28890,131,116,15,15
28891,69,68,1,1
28892,102,96,6,6
28893,74,71,3,3
28894,58,54,4,4
28895,167,152,15,15
28896,144,120,24,24
28897,108,114,-6,6
28898,70,73,-3,3
28899,84,83,1,1
28900,50,49,1,1
28901,68,70,-2,2
28902,128,131,-3,3
28903,106,97,9,9
28904,63,62,1,1
28905,61,88,-27,27
28906,82,87,-5,5
28907,100,102,-2,2
28908,92,82,10,10
28909,75,79,-4,4
28910,132,126,6,6
28911,85,99,-14,14
28912,183,167,16,16
28913,115,109,6,6
28914,125,121,4,4
28915,99,95,4,4
28916,102,98,4,4
28917,125,124,1,1
28918,75,71,4,4
28919,173,163,10,10
28920,66,70,-4,4
28921,90,83,7,7
28922,88,84,4,4
28923,124,120,4,4
28924,70,70,0,0
28925,93,79,14,14
28926,64,56,8,8
28927,60,60,0,0
28928,134,128,6,6
28929,104,95,9,9
28930,44,46,-2,2
28931,109,92,17,17
28932,68,65,3,3
28933,81,82,-1,1
28934,103,107,-4,4
28935,99,102,-3,3
28936,80,76,4,4
28937,104,116,-12,12
28938,67,72,-5,5
28939,126,119,7,7
28940,53,49,4,4
28941,135,124,11,11
28942,95,82,13,13
28943,95,105,-10,10
28944,63,69,-6,6
28945,140,126,14,14
28946,71,83,-12,12
28947,79,76,3,3
28948,47,71,-24,24
28949,87,98,-11,11
28950,57,56,1,1
28951,81,80,1,1
28952,53,45,8,8
28953,88,94,-6,6
28954,109,109,0,0
28955,85,84,1,1
28956,114,109,5,5
28957,81,81,0,0
28958,85,92,-7,7
28959,95,90,5,5
28960,61,74,-13,13
28961,65,65,0,0
28962,47,60,-13,13
28963,57,54,3,3
28964,66,77,-11,11
28965,86,86,0,0
28966,76,73,3,3
28967,143,127,16,16
28968,79,101,-22,22
28969,87,70,17,17
28970,99,99,0,0
28971,103,106,-3,3
28972,83,87,-4,4
28973,116,110,6,6
28974,128,120,8,8
28975,159,153,6,6
28976,113,105,8,8
28977,124,103,21,21
28978,81,87,-6,6
28979,66,52,14,14
28980,82,66,16,16
28981,58,56,2,2
28982,101,112,-11,11
28983,67,79,-12,12
28984,97,82,15,15
28985,78,89,-11,11
28986,104,100,4,4
28987,117,111,6,6
28988,82,95,-13,13
28989,125,121,4,4
28990,152,140,12,12
28991,92,97,-5,5
28992,128,119,9,9
28993,68,70,-2,2
28994,101,94,7,7
28995,96,96,0,0
28996,98,93,5,5
28997,134,125,9,9
28998,106,107,-1,1
28999,54,55,-1,1
29000,88,98,-10,10
29001,66,56,10,10
29002,99,95,4,4
29003,82,93,-11,11
29004,118,131,-13,13
29005,66,60,6,6
29006,96,85,11,11
29007,139,135,4,4
29008,25,33,-8,8
29009,123,110,13,13
29010,130,132,-2,2
29011,92,86,6,6
29012,80,84,-4,4
29013,67,65,2,2
29014,71,72,-1,1
29015,92,89,3,3
29016,113,96,17,17
29017,67,79,-12,12
29018,58,58,0,0
29019,39,92,-53,53
29020,78,80,-2,2
29021,113,94,19,19
29022,50,52,-2,2
29023,66,64,2,2
29024,88,68,20,20
29025,88,100,-12,12
29026,131,114,17,17
29027,64,76,-12,12
29028,91,87,4,4
29029,101,82,19,19
29030,110,103,7,7
29031,56,63,-7,7
29032,77,78,-1,1
29033,129,126,3,3
29034,91,109,-18,18
29035,97,97,0,0
29036,98,94,4,4
29037,75,72,3,3
29038,109,87,22,22
29039,64,67,-3,3
29040,71,71,0,0
29041,54,52,2,2
29042,59,60,-1,1
29043,145,134,11,11
29044,86,80,6,6
29045,56,56,0,0
29046,79,92,-13,13
29047,114,111,3,3
29048,65,79,-14,14
29049,104,94,10,10
29050,61,76,-15,15
29051,155,155,0,0
29052,106,91,15,15
29053,48,65,-17,17
29054,173,149,24,24
29055,31,48,-17,17
29056,87,90,-3,3
29057,147,143,4,4
29058,79,67,12,12
29059,92,104,-12,12
29060,100,101,-1,1
29061,118,131,-13,13
29062,83,79,4,4
29063,72,81,-9,9
29064,101,91,10,10
29065,83,83,0,0
29066,94,90,4,4
29067,103,109,-6,6
29068,73,72,1,1
29069,179,175,4,4
29070,115,103,12,12
29071,85,81,4,4
29072,101,96,5,5
29073,130,128,2,2
29074,155,165,-10,10
29075,65,64,1,1
29076,116,120,-4,4
29077,71,70,1,1
29078,78,82,-4,4
29079,129,131,-2,2
29080,78,72,6,6
29081,141,117,24,24
29082,139,116,23,23
29083,90,85,5,5
29084,174,165,9,9
29085,92,90,2,2
29086,76,73,3,3
29087,40,42,-2,2
29088,36,38,-2,2
29089,78,73,5,5
29090,89,86,3,3
29091,63,78,-15,15
29092,79,73,6,6
29093,127,112,15,15
29094,61,63,-2,2
29095,118,80,38,38
29096,112,97,15,15
29097,131,124,7,7
29098,78,75,3,3
29099,95,91,4,4
29100,75,66,9,9
29101,170,147,23,23
29102,97,97,0,0
29103,62,60,2,2
29104,130,120,10,10
29105,116,124,-8,8
29106,72,73,-1,1
29107,89,85,4,4
29108,95,97,-2,2
29109,82,74,8,8
29110,54,58,-4,4
29111,102,99,3,3
29112,106,102,4,4
29113,138,135,3,3
29114,90,91,-1,1
29115,53,69,-16,16
29116,111,102,9,9
29117,91,85,6,6
29118,84,89,-5,5
29119,116,103,13,13
29120,119,112,7,7
29121,82,80,2,2
29122,102,95,7,7
29123,64,66,-2,2
29124,40,50,-10,10
29125,104,106,-2,2
29126,73,78,-5,5
29127,92,92,0,0
29128,127,106,21,21
29129,155,146,9,9
29130,82,80,2,2
29131,86,79,7,7
29132,61,53,8,8
29133,136,121,15,15
29134,123,118,5,5
29135,40,51,-11,11
29136,103,92,11,11
29137,145,144,1,1
29138,92,98,-6,6
29139,60,79,-19,19
29140,71,65,6,6
29141,63,62,1,1
29142,51,51,0,0
29143,92,92,0,0
29144,48,56,-8,8
29145,66,54,12,12
29146,165,162,3,3
29147,114,107,7,7
29148,48,65,-17,17
29149,121,109,12,12
29150,134,135,-1,1
29151,68,72,-4,4
29152,34,45,-11,11
29153,68,59,9,9
29154,72,68,4,4
29155,63,59,4,4
29156,59,67,-8,8
29157,94,96,-2,2
29158,59,54,5,5
29159,77,87,-10,10
29160,119,104,15,15
29161,134,131,3,3
29162,120,115,5,5
29163,90,88,2,2
29164,79,80,-1,1
29165,70,64,6,6
29166,103,95,8,8
29167,111,101,10,10
29168,62,61,1,1
29169,139,130,9,9
29170,138,138,0,0
29171,213,215,-2,2
29172,73,66,7,7
29173,116,112,4,4
29174,135,135,0,0
29175,77,69,8,8
29176,89,81,8,8
29177,40,40,0,0
29178,82,71,11,11
29179,101,107,-6,6
29180,81,93,-12,12
29181,159,153,6,6
29182,89,94,-5,5
29183,74,80,-6,6
29184,106,98,8,8
29185,53,68,-15,15
29186,98,114,-16,16
29187,96,97,-1,1
29188,116,119,-3,3
29189,68,70,-2,2
29190,74,72,2,2
29191,167,163,4,4
29192,90,97,-7,7
29193,106,108,-2,2
29194,62,62,0,0
29195,46,50,-4,4
29196,68,72,-4,4
29197,73,78,-5,5
29198,78,79,-1,1
29199,58,61,-3,3
29200,129,118,11,11
29201,79,92,-13,13
29202,92,91,1,1
29203,34,55,-21,21
29204,81,48,33,33
29205,73,67,6,6
29206,171,168,3,3
29207,90,94,-4,4
29208,70,75,-5,5
29209,199,210,-11,11
29210,68,61,7,7
29211,161,139,22,22
29212,46,39,7,7
29213,61,59,2,2
29214,112,104,8,8
29215,133,111,22,22
29216,91,79,12,12
29217,80,86,-6,6
29218,160,126,34,34
29219,90,79,11,11
29220,103,89,14,14
29221,87,76,11,11
29222,148,135,13,13
29223,183,129,54,54
29224,87,85,2,2
29225,161,163,-2,2
29226,80,80,0,0
29227,128,126,2,2
29228,123,115,8,8
29229,159,135,24,24
29230,48,43,5,5
29231,77,73,4,4
29232,87,83,4,4
29233,53,56,-3,3
29234,118,110,8,8
29235,89,74,15,15
29236,76,77,-1,1
29237,145,139,6,6
29238,125,107,18,18
29239,97,102,-5,5
29240,49,57,-8,8
29241,62,84,-22,22
29242,81,86,-5,5
29243,136,132,4,4
29244,100,105,-5,5
29245,187,215,-28,28
29246,105,105,0,0
29247,176,154,22,22
29248,113,109,4,4
29249,115,112,3,3
29250,86,92,-6,6
29251,120,107,13,13
29252,74,77,-3,3
29253,86,101,-15,15
29254,99,117,-18,18
29255,70,66,4,4
29256,109,110,-1,1
29257,110,98,12,12
29258,102,104,-2,2
29259,156,149,7,7
29260,107,112,-5,5
29261,53,55,-2,2
29262,121,110,11,11
29263,97,87,10,10
29264,103,112,-9,9
29265,66,58,8,8
29266,108,116,-8,8
29267,59,65,-6,6
29268,64,77,-13,13
29269,70,67,3,3
29270,86,80,6,6
29271,118,113,5,5
29272,61,74,-13,13
29273,120,105,15,15
29274,112,101,11,11
29275,176,159,17,17
29276,61,57,4,4
29277,89,93,-4,4
29278,115,99,16,16
29279,112,93,19,19
29280,110,107,3,3
29281,92,87,5,5
29282,124,115,9,9
29283,60,57,3,3
29284,70,60,10,10
29285,98,90,8,8
29286,77,70,7,7
29287,60,52,8,8
29288,149,148,1,1
29289,135,129,6,6
29290,71,77,-6,6
29291,47,56,-9,9
29292,141,133,8,8
29293,76,81,-5,5
29294,85,83,2,2
29295,66,69,-3,3
29296,86,80,6,6
29297,144,135,9,9
29298,74,84,-10,10
29299,181,168,13,13
29300,79,80,-1,1
29301,106,94,12,12
29302,138,126,12,12
29303,91,77,14,14
29304,76,77,-1,1
29305,140,127,13,13
29306,77,76,1,1
29307,54,76,-22,22
29308,71,72,-1,1
29309,110,89,21,21
29310,90,79,11,11
29311,116,117,-1,1
29312,83,75,8,8
29313,59,69,-10,10
29314,92,94,-2,2
29315,144,140,4,4
29316,67,54,13,13
29317,105,97,8,8
29318,62,58,4,4
29319,136,130,6,6
29320,111,108,3,3
29321,64,72,-8,8
29322,73,60,13,13
29323,86,91,-5,5
29324,84,83,1,1
29325,74,70,4,4
29326,135,121,14,14
29327,119,107,12,12
29328,83,89,-6,6
29329,102,98,4,4
29330,84,88,-4,4
29331,66,115,-49,49
29332,47,45,2,2
29333,97,87,10,10
29334,106,105,1,1
29335,75,82,-7,7
29336,108,126,-18,18
29337,154,141,13,13
29338,91,92,-1,1
29339,75,80,-5,5
29340,155,136,19,19
29341,75,84,-9,9
29342,211,200,11,11
29343,69,67,2,2
29344,52,48,4,4
29345,84,59,25,25
29346,89,97,-8,8
29347,79,76,3,3
29348,78,82,-4,4
29349,90,87,3,3
29350,305,285,20,20
29351,83,93,-10,10
29352,193,185,8,8
29353,124,127,-3,3
29354,46,49,-3,3
29355,85,80,5,5
29356,84,86,-2,2
29357,98,89,9,9
29358,72,74,-2,2
29359,60,53,7,7
29360,102,93,9,9
29361,92,86,6,6
29362,102,99,3,3
29363,74,77,-3,3
29364,114,103,11,11
29365,86,90,-4,4
29366,114,105,9,9
29367,151,142,9,9
29368,91,80,11,11
29369,78,65,13,13
29370,153,138,15,15
29371,80,94,-14,14
29372,108,107,1,1
29373,88,71,17,17
29374,153,138,15,15
29375,71,84,-13,13
29376,95,91,4,4
29377,127,122,5,5
29378,139,141,-2,2
29379,46,47,-1,1
29380,124,115,9,9
29381,93,92,1,1
29382,114,106,8,8
29383,93,84,9,9
29384,67,69,-2,2
29385,110,102,8,8
29386,63,60,3,3
29387,70,59,11,11
29388,87,80,7,7
29389,122,116,6,6
29390,107,116,-9,9
29391,153,127,26,26
29392,94,93,1,1
29393,101,97,4,4
29394,78,80,-2,2
29395,82,93,-11,11
29396,88,81,7,7
29397,94,88,6,6
29398,37,54,-17,17
29399,67,66,1,1
29400,85,98,-13,13
29401,105,91,14,14
29402,40,57,-17,17
29403,194,163,31,31
29404,123,120,3,3
29405,87,79,8,8
29406,102,95,7,7
29407,145,128,17,17
29408,68,70,-2,2
29409,159,125,34,34
29410,82,80,2,2
29411,83,82,1,1
29412,82,89,-7,7
29413,69,69,0,0
29414,103,104,-1,1
29415,105,97,8,8
29416,100,118,-18,18
29417,55,52,3,3
29418,80,73,7,7
29419,73,76,-3,3
29420,51,29,22,22
29421,124,115,9,9
29422,52,49,3,3
29423,115,132,-17,17
29424,116,109,7,7
29425,101,102,-1,1
29426,63,59,4,4
29427,52,55,-3,3
29428,84,78,6,6
29429,142,124,18,18
29430,71,75,-4,4
29431,82,89,-7,7
29432,85,99,-14,14
29433,74,73,1,1
29434,61,54,7,7
29435,107,103,4,4
29436,98,104,-6,6
29437,80,85,-5,5
29438,69,80,-11,11
29439,64,69,-5,5
29440,137,127,10,10
29441,77,75,2,2
29442,94,102,-8,8
29443,86,83,3,3
29444,60,65,-5,5
29445,54,55,-1,1
29446,62,69,-7,7
29447,86,77,9,9
29448,60,63,-3,3
29449,64,63,1,1
29450,91,93,-2,2
29451,71,61,10,10
29452,78,86,-8,8
29453,104,98,6,6
29454,103,102,1,1
29455,167,184,-17,17
29456,129,115,14,14
29457,125,183,-58,58
29458,108,112,-4,4
29459,77,66,11,11
29460,121,117,4,4
29461,77,83,-6,6
29462,61,70,-9,9
29463,67,67,0,0
29464,96,98,-2,2
29465,113,120,-7,7
29466,70,71,-1,1
29467,79,73,6,6
29468,91,90,1,1
29469,86,97,-11,11
29470,74,72,2,2
29471,78,81,-3,3
29472,117,101,16,16
29473,82,75,7,7
29474,79,77,2,2
29475,138,144,-6,6
29476,92,90,2,2
29477,69,69,0,0
29478,81,87,-6,6
29479,73,73,0,0
29480,100,100,0,0
29481,51,47,4,4
29482,60,61,-1,1
29483,109,98,11,11
29484,131,126,5,5
29485,71,71,0,0
29486,77,90,-13,13
29487,97,105,-8,8
29488,69,75,-6,6
29489,124,114,10,10
29490,69,73,-4,4
29491,131,120,11,11
29492,87,97,-10,10
29493,178,174,4,4
29494,111,109,2,2
29495,122,106,16,16
29496,155,142,13,13
29497,136,119,17,17
29498,113,122,-9,9
29499,64,75,-11,11
29500,111,106,5,5
29501,94,90,4,4
29502,58,60,-2,2
29503,89,86,3,3
29504,82,76,6,6
29505,87,95,-8,8
29506,50,60,-10,10
29507,79,81,-2,2
29508,140,121,19,19
29509,134,237,-103,103
29510,119,101,18,18
29511,140,150,-10,10
29512,119,114,5,5
29513,52,50,2,2
29514,124,141,-17,17
29515,131,94,37,37
29516,45,54,-9,9
29517,70,66,4,4
29518,99,94,5,5
29519,82,79,3,3
29520,73,67,6,6
29521,120,125,-5,5
29522,107,119,-12,12
29523,88,85,3,3
29524,82,75,7,7
29525,59,59,0,0
29526,90,92,-2,2
29527,56,65,-9,9
29528,113,120,-7,7
29529,78,68,10,10
29530,61,67,-6,6
29531,89,91,-2,2
29532,44,50,-6,6
29533,62,57,5,5
29534,111,110,1,1
29535,75,73,2,2
29536,74,76,-2,2
29537,79,70,9,9
29538,89,87,2,2
29539,94,90,4,4
29540,116,109,7,7
29541,120,119,1,1
29542,180,169,11,11
29543,48,43,5,5
29544,85,81,4,4
29545,112,102,10,10
29546,114,99,15,15
29547,78,72,6,6
29548,111,119,-8,8
29549,71,78,-7,7
29550,64,69,-5,5
29551,47,46,1,1
29552,85,86,-1,1
29553,90,93,-3,3
29554,137,123,14,14
29555,138,138,0,0
29556,64,59,5,5
29557,78,76,2,2
29558,42,41,1,1
29559,98,90,8,8
29560,59,51,8,8
29561,76,82,-6,6
29562,106,101,5,5
29563,33,36,-3,3
29564,121,120,1,1
29565,108,98,10,10
29566,76,75,1,1
29567,64,66,-2,2
29568,73,64,9,9
29569,112,100,12,12
29570,105,95,10,10
29571,59,67,-8,8
29572,205,186,19,19
29573,78,87,-9,9
29574,79,79,0,0
29575,123,117,6,6
29576,83,99,-16,16
29577,115,111,4,4
29578,75,75,0,0
29579,86,87,-1,1
29580,111,122,-11,11
29581,82,104,-22,22
29582,157,149,8,8
29583,58,55,3,3
29584,101,94,7,7
29585,99,88,11,11
29586,96,95,1,1
29587,133,144,-11,11
29588,93,91,2,2
29589,79,74,5,5
29590,87,69,18,18
29591,101,107,-6,6
29592,73,75,-2,2
29593,76,66,10,10
29594,110,97,13,13
29595,100,97,3,3
29596,87,85,2,2
29597,126,132,-6,6
29598,81,71,10,10
29599,70,78,-8,8
29600,139,121,18,18
29601,74,74,0,0
29602,147,111,36,36
29603,92,85,7,7
29604,133,112,21,21
29605,87,82,5,5
29606,96,104,-8,8
29607,70,104,-34,34
29608,75,82,-7,7
29609,121,116,5,5
29610,88,83,5,5
29611,96,92,4,4
29612,196,134,62,62
29613,90,98,-8,8
29614,110,111,-1,1
29615,59,48,11,11
29616,131,122,9,9
29617,56,60,-4,4
29618,98,107,-9,9
29619,94,85,9,9
29620,73,77,-4,4
29621,52,47,5,5
29622,97,87,10,10
29623,119,105,14,14
29624,94,81,13,13
29625,144,149,-5,5
29626,128,110,18,18
29627,81,72,9,9
29628,101,91,10,10
29629,138,126,12,12
29630,68,61,7,7
29631,124,108,16,16
29632,61,73,-12,12
29633,118,101,17,17
29634,69,77,-8,8
29635,84,77,7,7
29636,175,158,17,17
29637,54,49,5,5
29638,72,79,-7,7
29639,82,67,15,15
29640,102,88,14,14
29641,107,101,6,6
29642,110,104,6,6
29643,128,114,14,14
29644,132,130,2,2
29645,80,77,3,3
29646,60,59,1,1
29647,54,56,-2,2
29648,89,89,0,0
29649,90,95,-5,5
29650,62,69,-7,7
29651,64,80,-16,16
29652,74,66,8,8
29653,123,219,-96,96
29654,77,76,1,1
29655,79,74,5,5
29656,88,88,0,0
29657,77,84,-7,7
29658,96,102,-6,6
29659,80,76,4,4
29660,104,98,6,6
29661,46,51,-5,5
29662,70,82,-12,12
29663,93,107,-14,14
29664,103,94,9,9
29665,117,109,8,8
29666,80,82,-2,2
29667,93,92,1,1
29668,88,89,-1,1
29669,101,94,7,7
29670,69,70,-1,1
29671,97,100,-3,3
29672,56,54,2,2
29673,101,91,10,10
29674,122,119,3,3
29675,95,103,-8,8
29676,113,107,6,6
29677,150,134,16,16
29678,164,162,2,2
29679,87,81,6,6
29680,128,113,15,15
29681,66,68,-2,2
29682,68,55,13,13
29683,120,114,6,6
29684,151,151,0,0
29685,72,67,5,5
29686,89,99,-10,10
29687,231,227,4,4
29688,49,65,-16,16
29689,68,73,-5,5
29690,81,76,5,5
29691,96,97,-1,1
29692,123,110,13,13
29693,88,80,8,8
29694,188,182,6,6
29695,78,72,6,6
29696,78,90,-12,12
29697,105,106,-1,1
29698,102,99,3,3
29699,74,79,-5,5
29700,74,72,2,2
29701,63,69,-6,6
29702,106,101,5,5
29703,90,87,3,3
29704,100,100,0,0
29705,106,110,-4,4
29706,74,77,-3,3
29707,75,77,-2,2
29708,119,119,0,0
29709,115,106,9,9
29710,125,103,22,22
29711,106,98,8,8
29712,113,118,-5,5
29713,81,76,5,5
29714,84,87,-3,3
29715,79,86,-7,7
29716,129,120,9,9
29717,55,52,3,3
29718,99,98,1,1
29719,88,85,3,3
29720,129,111,18,18
29721,92,90,2,2
29722,113,115,-2,2
29723,67,72,-5,5
29724,96,117,-21,21
29725,64,70,-6,6
29726,132,125,7,7
29727,172,150,22,22
29728,104,103,1,1
29729,83,71,12,12
29730,70,81,-11,11
29731,104,94,10,10
29732,78,69,9,9
29733,66,81,-15,15
29734,81,82,-1,1
29735,63,64,-1,1
29736,74,77,-3,3
29737,109,93,16,16
29738,70,65,5,5
29739,91,77,14,14
29740,95,96,-1,1
29741,76,86,-10,10
29742,68,70,-2,2
29743,92,88,4,4
29744,65,61,4,4
29745,36,43,-7,7
29746,105,106,-1,1
29747,110,105,5,5
29748,121,111,10,10
29749,49,43,6,6
29750,98,81,17,17
29751,117,107,10,10
29752,52,102,-50,50
29753,84,80,4,4
29754,148,144,4,4
29755,63,60,3,3
29756,63,65,-2,2
29757,92,92,0,0
29758,85,79,6,6
29759,93,96,-3,3
29760,88,72,16,16
29761,80,80,0,0
29762,83,82,1,1
29763,61,65,-4,4
29764,76,74,2,2
29765,81,87,-6,6
29766,75,71,4,4
29767,61,51,10,10
29768,110,102,8,8
29769,91,85,6,6
29770,63,53,10,10
29771,126,126,0,0
29772,102,97,5,5
29773,102,94,8,8
29774,107,98,9,9
29775,49,57,-8,8
29776,71,77,-6,6
29777,70,94,-24,24
29778,94,97,-3,3
29779,201,194,7,7
29780,80,82,-2,2
29781,62,59,3,3
29782,97,94,3,3
29783,77,75,2,2
29784,74,88,-14,14
29785,55,61,-6,6
29786,88,85,3,3
29787,27,37,-10,10
29788,64,62,2,2
29789,95,102,-7,7
29790,74,77,-3,3
29791,99,117,-18,18
29792,68,69,-1,1
29793,65,57,8,8
29794,97,97,0,0
29795,73,71,2,2
29796,88,77,11,11
29797,121,117,4,4
29798,102,93,9,9
29799,101,103,-2,2
29800,78,83,-5,5
29801,156,145,11,11
29802,76,80,-4,4
29803,66,56,10,10
29804,91,95,-4,4
29805,82,81,1,1
29806,150,143,7,7
29807,46,43,3,3
29808,164,175,-11,11
29809,134,133,1,1
29810,124,115,9,9
29811,75,77,-2,2
29812,64,68,-4,4
29813,207,207,0,0
29814,125,127,-2,2
29815,143,116,27,27
29816,79,74,5,5
29817,62,65,-3,3
29818,149,154,-5,5
29819,136,136,0,0
29820,48,50,-2,2
29821,117,105,12,12
29822,50,60,-10,10
29823,88,82,6,6
29824,62,60,2,2
29825,37,40,-3,3
29826,142,116,26,26
29827,59,57,2,2
29828,123,116,7,7
29829,78,73,5,5
29830,117,108,9,9
29831,84,83,1,1
29832,191,181,10,10
29833,176,147,29,29
29834,68,55,13,13
29835,58,51,7,7
29836,74,74,0,0
29837,166,161,5,5
29838,178,166,12,12
29839,102,99,3,3
29840,106,97,9,9
29841,121,114,7,7
29842,157,151,6,6
29843,60,51,9,9
29844,116,106,10,10
29845,133,135,-2,2
29846,50,51,-1,1
29847,90,85,5,5
29848,138,115,23,23
29849,216,224,-8,8
29850,114,106,8,8
29851,107,107,0,0
29852,68,64,4,4
29853,52,55,-3,3
29854,139,129,10,10
29855,98,89,9,9
29856,143,126,17,17
29857,97,95,2,2
29858,80,81,-1,1
29859,60,54,6,6
29860,104,105,-1,1
29861,102,105,-3,3
29862,155,146,9,9
29863,157,147,10,10
29864,122,104,18,18
29865,89,83,6,6
29866,68,68,0,0
29867,68,71,-3,3
29868,102,104,-2,2
29869,107,110,-3,3
29870,62,61,1,1
29871,145,134,11,11
29872,92,87,5,5
29873,113,105,8,8
29874,72,74,-2,2
29875,67,59,8,8
29876,86,84,2,2
29877,78,71,7,7
29878,94,92,2,2
29879,103,84,19,19
29880,145,146,-1,1
29881,74,80,-6,6
29882,128,133,-5,5
29883,146,111,35,35
29884,54,55,-1,1
29885,162,146,16,16
29886,150,146,4,4
29887,57,67,-10,10
29888,118,119,-1,1
29889,37,41,-4,4
29890,121,106,15,15
29891,130,112,18,18
29892,62,63,-1,1
29893,66,65,1,1
29894,119,94,25,25
29895,120,110,10,10
29896,100,101,-1,1
29897,121,119,2,2
29898,85,84,1,1
29899,99,96,3,3
29900,63,72,-9,9
29901,98,88,10,10
29902,62,59,3,3
29903,78,85,-7,7
29904,61,57,4,4
29905,110,101,9,9
29906,90,92,-2,2
29907,125,91,34,34
29908,59,51,8,8
29909,83,90,-7,7
29910,103,111,-8,8
29911,66,65,1,1
29912,131,127,4,4
29913,72,74,-2,2
29914,56,57,-1,1
29915,110,106,4,4
29916,72,75,-3,3
29917,120,116,4,4
29918,82,84,-2,2
29919,79,89,-10,10
29920,169,162,7,7
29921,140,145,-5,5
29922,139,100,39,39
29923,53,61,-8,8
29924,93,101,-8,8
29925,95,84,11,11
29926,91,90,1,1
29927,96,88,8,8
29928,115,108,7,7
29929,80,70,10,10
29930,61,57,4,4
29931,125,134,-9,9
29932,79,74,5,5
29933,113,103,10,10
29934,113,108,5,5
29935,79,80,-1,1
29936,143,116,27,27
29937,69,85,-16,16
29938,71,93,-22,22
29939,67,77,-10,10
29940,53,48,5,5
29941,132,131,1,1
29942,129,121,8,8
29943,85,82,3,3
29944,107,106,1,1
29945,143,137,6,6
29946,57,55,2,2
29947,99,94,5,5
29948,54,62,-8,8
29949,102,108,-6,6
29950,64,75,-11,11
29951,86,96,-10,10
29952,88,83,5,5
29953,170,147,23,23
29954,71,72,-1,1
29955,127,142,-15,15
29956,61,50,11,11
29957,63,63,0,0
29958,46,52,-6,6
29959,78,68,10,10
29960,85,93,-8,8
29961,86,75,11,11
29962,91,84,7,7
29963,75,72,3,3
29964,75,76,-1,1
29965,73,97,-24,24
29966,74,64,10,10
29967,69,81,-12,12
29968,77,71,6,6
29969,119,120,-1,1
29970,77,89,-12,12
29971,143,135,8,8
29972,132,133,-1,1
29973,89,90,-1,1
29974,60,57,3,3
29975,131,128,3,3
29976,83,71,12,12
29977,80,73,7,7
29978,92,80,12,12
29979,187,193,-6,6
29980,128,121,7,7
29981,151,140,11,11
29982,44,46,-2,2
29983,83,90,-7,7
29984,78,69,9,9
29985,81,79,2,2
29986,73,63,10,10
29987,138,134,4,4
29988,45,43,2,2
29989,58,74,-16,16
29990,105,101,4,4
29991,103,101,2,2
29992,91,87,4,4
29993,48,56,-8,8
29994,74,84,-10,10
29995,104,89,15,15
29996,69,64,5,5
29997,62,66,-4,4
29998,140,155,-15,15
29999,129,143,-14,14
30000,98,91,7,7
30001,99,91,8,8
30002,71,75,-4,4
30003,149,160,-11,11
30004,101,100,1,1
30005,114,121,-7,7
30006,181,176,5,5
30007,112,118,-6,6
30008,112,107,5,5
30009,95,96,-1,1
30010,133,114,19,19
30011,168,157,11,11
30012,24,39,-15,15
30013,119,110,9,9
30014,102,97,5,5
30015,84,86,-2,2
30016,134,114,20,20
30017,69,59,10,10
30018,66,60,6,6
30019,74,66,8,8
30020,113,107,6,6
30021,64,65,-1,1
30022,79,76,3,3
30023,103,89,14,14
30024,107,104,3,3
30025,66,73,-7,7
30026,88,85,3,3
30027,158,158,0,0
30028,123,109,14,14
30029,73,69,4,4
30030,105,101,4,4
30031,65,72,-7,7
30032,119,116,3,3
30033,68,68,0,0
30034,64,63,1,1
30035,74,74,0,0
30036,23,26,-3,3
30037,97,91,6,6
30038,124,120,4,4
30039,72,74,-2,2
30040,132,126,6,6
30041,42,51,-9,9
30042,121,107,14,14
30043,89,80,9,9
30044,113,110,3,3
30045,114,107,7,7
30046,57,49,8,8
30047,63,68,-5,5
30048,121,116,5,5
30049,144,136,8,8
30050,118,110,8,8
30051,64,61,3,3
30052,121,123,-2,2
30053,135,124,11,11
30054,80,80,0,0
30055,110,100,10,10
30056,100,97,3,3
30057,94,104,-10,10
30058,83,86,-3,3
30059,87,85,2,2
30060,67,71,-4,4
30061,95,100,-5,5
30062,88,81,7,7
30063,93,93,0,0
30064,91,77,14,14
30065,133,127,6,6
30066,77,99,-22,22
30067,106,109,-3,3
30068,53,54,-1,1
30069,89,82,7,7
30070,154,130,24,24
30071,98,102,-4,4
30072,54,48,6,6
30073,79,79,0,0
30074,115,110,5,5
30075,135,130,5,5
30076,81,71,10,10
30077,56,65,-9,9
30078,54,67,-13,13
30079,73,62,11,11
30080,80,81,-1,1
30081,114,101,13,13
30082,170,158,12,12
30083,124,113,11,11
30084,63,53,10,10
30085,93,110,-17,17
30086,77,72,5,5
30087,178,160,18,18
30088,67,66,1,1
30089,72,60,12,12
30090,60,63,-3,3
30091,64,58,6,6
30092,85,84,1,1
30093,158,156,2,2
30094,124,111,13,13
30095,70,112,-42,42
30096,61,75,-14,14
30097,110,127,-17,17
30098,94,99,-5,5
30099,161,134,27,27
30100,98,112,-14,14
30101,165,145,20,20
30102,82,90,-8,8
30103,102,106,-4,4
30104,105,97,8,8
30105,85,85,0,0
30106,106,108,-2,2
30107,91,80,11,11
30108,86,88,-2,2
30109,44,43,1,1
30110,96,100,-4,4
30111,114,108,6,6
30112,83,84,-1,1
30113,24,23,1,1
30114,75,87,-12,12
30115,140,130,10,10
30116,46,42,4,4
30117,80,78,2,2
30118,82,105,-23,23
30119,125,126,-1,1
30120,56,63,-7,7
30121,76,70,6,6
30122,44,40,4,4
30123,102,93,9,9
30124,146,138,8,8
30125,46,50,-4,4
30126,80,81,-1,1
30127,117,124,-7,7
30128,85,74,11,11
30129,60,50,10,10
30130,81,92,-11,11
30131,42,37,5,5
30132,79,78,1,1
30133,98,91,7,7
30134,110,109,1,1
30135,74,74,0,0
30136,54,51,3,3
30137,113,118,-5,5
30138,78,91,-13,13
30139,52,50,2,2
30140,449,462,-13,13
30141,121,116,5,5
30142,68,62,6,6
30143,35,41,-6,6
30144,36,38,-2,2
30145,81,86,-5,5
30146,155,152,3,3
30147,207,159,48,48
30148,105,105,0,0
30149,66,67,-1,1
30150,105,91,14,14
30151,63,65,-2,2
30152,97,92,5,5
30153,114,102,12,12
30154,69,67,2,2
30155,181,185,-4,4
30156,58,54,4,4
30157,56,59,-3,3
30158,41,44,-3,3
30159,61,65,-4,4
30160,108,117,-9,9
30161,113,93,20,20
30162,46,34,12,12
30163,85,74,11,11
30164,109,106,3,3
30165,144,145,-1,1
30166,45,78,-33,33
30167,56,59,-3,3
30168,71,74,-3,3
30169,83,72,11,11
30170,72,67,5,5
30171,92,82,10,10
30172,97,105,-8,8
30173,52,56,-4,4
30174,135,134,1,1
30175,69,76,-7,7
30176,88,87,1,1
30177,79,72,7,7
30178,74,71,3,3
30179,74,73,1,1
30180,102,100,2,2
30181,154,135,19,19
30182,225,213,12,12
30183,98,97,1,1
30184,77,81,-4,4
30185,164,141,23,23
30186,144,111,33,33
30187,75,68,7,7
30188,142,146,-4,4
30189,115,115,0,0
30190,81,79,2,2
30191,103,105,-2,2
30192,94,104,-10,10
30193,76,75,1,1
30194,50,55,-5,5
30195,108,114,-6,6
30196,146,128,18,18
30197,90,90,0,0
30198,129,124,5,5
30199,74,92,-18,18
30200,105,96,9,9
30201,91,86,5,5
30202,121,131,-10,10
30203,109,93,16,16
30204,85,99,-14,14
30205,111,115,-4,4
30206,136,131,5,5
30207,74,79,-5,5
30208,89,106,-17,17
30209,102,93,9,9
30210,63,58,5,5
30211,113,109,4,4
30212,92,79,13,13
30213,87,91,-4,4
30214,98,91,7,7
30215,111,103,8,8
30216,116,101,15,15
30217,133,125,8,8
30218,160,144,16,16
30219,86,79,7,7
30220,132,120,12,12
30221,110,111,-1,1
30222,53,51,2,2
30223,95,96,-1,1
30224,88,79,9,9
30225,56,54,2,2
30226,75,79,-4,4
30227,76,74,2,2
30228,47,46,1,1
30229,96,89,7,7
30230,39,61,-22,22
30231,159,146,13,13
30232,61,70,-9,9
30233,53,56,-3,3
30234,84,92,-8,8
30235,85,77,8,8
30236,82,84,-2,2
30237,88,95,-7,7
30238,87,88,-1,1
30239,111,107,4,4
30240,161,132,29,29
30241,131,126,5,5
30242,89,78,11,11
30243,156,141,15,15
30244,61,67,-6,6
30245,94,102,-8,8
30246,102,94,8,8
30247,167,172,-5,5
30248,182,148,34,34
30249,59,57,2,2
30250,162,143,19,19
30251,132,123,9,9
30252,66,54,12,12
30253,88,88,0,0
30254,106,87,19,19
30255,59,59,0,0
30256,86,94,-8,8
30257,45,51,-6,6
30258,42,52,-10,10
30259,54,48,6,6
30260,79,79,0,0
30261,139,149,-10,10
30262,98,99,-1,1
30263,113,117,-4,4
30264,87,88,-1,1
30265,55,57,-2,2
30266,47,49,-2,2
30267,93,98,-5,5
30268,55,53,2,2
30269,113,125,-12,12
30270,87,69,18,18
30271,138,128,10,10
30272,106,88,18,18
30273,76,77,-1,1
30274,89,79,10,10
30275,90,85,5,5
30276,119,110,9,9
30277,106,101,5,5
30278,89,83,6,6
30279,80,82,-2,2
30280,77,77,0,0
30281,138,130,8,8
30282,99,93,6,6
30283,70,82,-12,12
30284,107,108,-1,1
30285,64,73,-9,9
30286,123,123,0,0
30287,75,69,6,6
30288,46,51,-5,5
30289,94,92,2,2
30290,68,66,2,2
30291,116,124,-8,8
30292,68,75,-7,7
30293,42,38,4,4
30294,74,61,13,13
30295,102,101,1,1
30296,111,100,11,11
30297,102,108,-6,6
30298,155,153,2,2
30299,97,100,-3,3
30300,75,74,1,1
30301,158,185,-27,27
30302,66,49,17,17
30303,72,70,2,2
30304,197,159,38,38
30305,133,112,21,21
30306,103,103,0,0
30307,119,117,2,2
30308,88,97,-9,9
30309,56,62,-6,6
30310,59,67,-8,8
30311,73,92,-19,19
30312,100,95,5,5
30313,83,80,3,3
30314,104,107,-3,3
30315,91,95,-4,4
30316,86,88,-2,2
30317,62,63,-1,1
30318,90,97,-7,7
30319,79,89,-10,10
30320,127,119,8,8
30321,108,116,-8,8
30322,38,65,-27,27
30323,63,81,-18,18
30324,55,55,0,0
30325,111,86,25,25
30326,53,59,-6,6
30327,77,84,-7,7
30328,143,140,3,3
30329,136,126,10,10
30330,47,59,-12,12
30331,85,78,7,7
30332,96,103,-7,7
30333,87,81,6,6
30334,87,84,3,3
30335,144,127,17,17
30336,105,92,13,13
30337,96,92,4,4
30338,78,77,1,1
30339,140,154,-14,14
30340,69,68,1,1
30341,41,55,-14,14
30342,73,77,-4,4
30343,75,75,0,0
30344,54,61,-7,7
30345,71,74,-3,3
30346,92,94,-2,2
30347,78,76,2,2
30348,106,102,4,4
30349,77,85,-8,8
30350,74,75,-1,1
30351,59,55,4,4
30352,94,99,-5,5
30353,86,78,8,8
30354,102,112,-10,10
30355,87,95,-8,8
30356,121,117,4,4
30357,75,75,0,0
30358,108,106,2,2
30359,174,153,21,21
30360,119,109,10,10
30361,84,86,-2,2
30362,98,93,5,5
30363,84,88,-4,4
30364,89,81,8,8
30365,87,73,14,14
30366,43,51,-8,8
30367,95,107,-12,12
30368,62,63,-1,1
30369,97,102,-5,5
30370,110,106,4,4
30371,102,108,-6,6
30372,95,97,-2,2
30373,84,88,-4,4
30374,88,90,-2,2
30375,101,97,4,4
30376,154,150,4,4
30377,159,138,21,21
30378,103,89,14,14
30379,75,74,1,1
30380,119,99,20,20
30381,27,41,-14,14
30382,77,94,-17,17
30383,169,137,32,32
30384,151,150,1,1
30385,72,60,12,12
30386,145,118,27,27
30387,62,62,0,0
30388,52,65,-13,13
30389,69,83,-14,14
30390,74,73,1,1
30391,102,82,20,20
30392,91,93,-2,2
30393,93,85,8,8
30394,81,86,-5,5
30395,137,123,14,14
30396,157,164,-7,7
30397,48,49,-1,1
30398,122,119,3,3
30399,64,66,-2,2
30400,175,164,11,11
30401,74,63,11,11
30402,47,48,-1,1
30403,103,91,12,12
30404,88,95,-7,7
30405,64,70,-6,6
30406,94,87,7,7
30407,111,108,3,3
30408,209,197,12,12
30409,80,76,4,4
30410,108,102,6,6
30411,103,103,0,0
30412,93,109,-16,16
30413,86,86,0,0
30414,105,96,9,9
30415,110,101,9,9
30416,82,84,-2,2
30417,69,58,11,11
30418,43,41,2,2
30419,74,77,-3,3
30420,131,110,21,21
30421,137,136,1,1
30422,110,137,-27,27
30423,61,62,-1,1
30424,90,90,0,0
30425,78,72,6,6
30426,82,79,3,3
30427,82,84,-2,2
30428,66,65,1,1
30429,136,139,-3,3
30430,112,89,23,23
30431,71,72,-1,1
30432,114,119,-5,5
30433,105,148,-43,43
30434,93,79,14,14
30435,122,131,-9,9
30436,167,163,4,4
30437,67,57,10,10
30438,62,80,-18,18
30439,116,110,6,6
30440,120,111,9,9
30441,126,119,7,7
30442,110,104,6,6
30443,85,86,-1,1
30444,124,125,-1,1
30445,129,128,1,1
30446,99,119,-20,20
30447,172,167,5,5
30448,76,77,-1,1
30449,64,52,12,12
30450,138,121,17,17
30451,59,64,-5,5
30452,123,95,28,28
30453,140,93,47,47
30454,67,67,0,0
30455,211,202,9,9
30456,155,141,14,14
30457,84,97,-13,13
30458,125,121,4,4
30459,72,59,13,13
30460,121,125,-4,4
30461,121,124,-3,3
30462,141,146,-5,5
30463,67,71,-4,4
30464,73,97,-24,24
30465,107,104,3,3
30466,72,61,11,11
30467,65,64,1,1
30468,82,79,3,3
30469,87,77,10,10
30470,87,85,2,2
30471,52,56,-4,4
30472,84,77,7,7
30473,81,77,4,4
30474,75,77,-2,2
30475,126,133,-7,7
30476,45,50,-5,5
30477,48,56,-8,8
30478,77,81,-4,4
30479,150,123,27,27
30480,100,103,-3,3
30481,128,123,5,5
30482,86,90,-4,4
30483,72,58,14,14
30484,108,97,11,11
30485,61,37,24,24
30486,121,120,1,1
30487,132,119,13,13
30488,112,103,9,9
30489,148,153,-5,5
30490,89,99,-10,10
30491,47,56,-9,9
30492,75,73,2,2
30493,113,113,0,0
30494,82,80,2,2
30495,82,78,4,4
30496,155,145,10,10
30497,114,113,1,1
30498,85,83,2,2
30499,97,100,-3,3
30500,117,104,13,13
30501,57,56,1,1
30502,121,119,2,2
30503,50,52,-2,2
30504,32,33,-1,1
30505,126,112,14,14
30506,85,83,2,2
30507,45,58,-13,13
30508,105,96,9,9
30509,84,86,-2,2
30510,99,91,8,8
30511,129,96,33,33
30512,115,111,4,4
30513,127,127,0,0
30514,42,69,-27,27
30515,86,95,-9,9
30516,106,102,4,4
30517,108,106,2,2
30518,143,137,6,6
30519,98,103,-5,5
30520,131,109,22,22
30521,117,118,-1,1
30522,82,73,9,9
30523,79,78,1,1
30524,58,59,-1,1
30525,96,87,9,9
30526,105,92,13,13
30527,103,117,-14,14
30528,72,89,-17,17
30529,108,114,-6,6
30530,155,157,-2,2
30531,164,152,12,12
30532,60,52,8,8
30533,130,119,11,11
30534,123,120,3,3
30535,104,106,-2,2
30536,79,77,2,2
30537,136,128,8,8
30538,130,128,2,2
30539,135,115,20,20
30540,77,79,-2,2
30541,136,134,2,2
30542,107,82,25,25
30543,127,107,20,20
30544,116,116,0,0
30545,132,127,5,5
30546,88,77,11,11
30547,74,72,2,2
30548,71,81,-10,10
30549,53,57,-4,4
30550,57,58,-1,1
30551,189,180,9,9
30552,49,51,-2,2
30553,124,126,-2,2
30554,127,123,4,4
30555,45,56,-11,11
30556,110,103,7,7
30557,104,98,6,6
30558,82,80,2,2
30559,133,126,7,7
30560,229,233,-4,4
30561,64,62,2,2
30562,107,95,12,12
30563,109,107,2,2
30564,174,158,16,16
30565,176,164,12,12
30566,101,88,13,13
30567,113,110,3,3
30568,139,128,11,11
30569,56,55,1,1
30570,75,67,8,8
30571,89,87,2,2
30572,34,46,-12,12
30573,130,131,-1,1
30574,81,74,7,7
30575,103,104,-1,1
30576,99,99,0,0
30577,136,137,-1,1
30578,37,42,-5,5
30579,82,71,11,11
30580,125,120,5,5
30581,121,114,7,7
30582,94,91,3,3
30583,67,62,5,5
30584,110,108,2,2
30585,82,77,5,5
30586,106,114,-8,8
30587,154,137,17,17
30588,97,89,8,8
30589,65,66,-1,1
30590,81,83,-2,2
30591,53,60,-7,7
30592,123,112,11,11
30593,123,110,13,13
30594,60,49,11,11
30595,59,60,-1,1
30596,71,97,-26,26
30597,154,144,10,10
30598,89,82,7,7
30599,89,81,8,8
30600,95,89,6,6
30601,78,79,-1,1
30602,79,79,0,0
30603,132,129,3,3
30604,124,119,5,5
30605,125,118,7,7
30606,73,83,-10,10
30607,109,111,-2,2
30608,84,84,0,0
30609,114,107,7,7
30610,98,93,5,5
30611,229,238,-9,9
30612,118,111,7,7
30613,105,102,3,3
30614,56,59,-3,3
30615,86,81,5,5
30616,72,74,-2,2
30617,144,165,-21,21
30618,151,139,12,12
30619,91,87,4,4
30620,134,136,-2,2
30621,142,137,5,5
30622,119,117,2,2
30623,115,111,4,4
30624,122,125,-3,3
30625,121,107,14,14
30626,145,164,-19,19
30627,151,145,6,6
30628,99,78,21,21
30629,90,85,5,5
30630,115,123,-8,8
30631,65,74,-9,9
30632,90,88,2,2
30633,78,77,1,1
30634,65,74,-9,9
30635,77,76,1,1
30636,64,65,-1,1
30637,204,189,15,15
30638,134,129,5,5
30639,144,129,15,15
30640,127,129,-2,2
30641,88,85,3,3
30642,61,63,-2,2
30643,118,114,4,4
30644,91,89,2,2
30645,143,112,31,31
30646,166,148,18,18
30647,77,74,3,3
30648,97,89,8,8
30649,97,99,-2,2
30650,98,78,20,20
30651,71,67,4,4
30652,77,68,9,9
30653,145,139,6,6
30654,127,120,7,7
30655,144,135,9,9
30656,128,119,9,9
30657,148,140,8,8
30658,67,64,3,3
30659,147,154,-7,7
30660,85,88,-3,3
30661,98,96,2,2
30662,72,72,0,0
30663,74,72,2,2
30664,111,111,0,0
30665,80,79,1,1
30666,73,69,4,4
30667,79,90,-11,11
30668,90,72,18,18
30669,104,94,10,10
30670,70,67,3,3
30671,99,96,3,3
30672,64,64,0,0
30673,68,71,-3,3
30674,96,94,2,2
30675,44,43,1,1
30676,84,83,1,1
30677,81,76,5,5
30678,152,146,6,6
30679,69,72,-3,3
30680,86,110,-24,24
30681,89,89,0,0
30682,151,156,-5,5
30683,80,90,-10,10
30684,97,98,-1,1
30685,55,53,2,2
30686,126,115,11,11
30687,110,120,-10,10
30688,112,118,-6,6
30689,156,145,11,11
30690,52,61,-9,9
30691,88,93,-5,5
30692,98,98,0,0
30693,131,122,9,9
30694,114,105,9,9
30695,154,152,2,2
30696,52,49,3,3
30697,134,135,-1,1
30698,60,59,1,1
30699,68,75,-7,7
30700,119,115,4,4
30701,61,72,-11,11
30702,94,102,-8,8
30703,98,99,-1,1
30704,103,116,-13,13
30705,120,120,0,0
30706,97,92,5,5
30707,126,110,16,16
30708,103,96,7,7
30709,97,96,1,1
30710,89,82,7,7
30711,69,63,6,6
30712,58,63,-5,5
30713,109,100,9,9
30714,91,77,14,14
30715,76,73,3,3
30716,206,199,7,7
30717,109,98,11,11
30718,167,157,10,10
30719,124,112,12,12
30720,68,59,9,9
30721,162,136,26,26
30722,92,86,6,6
30723,160,164,-4,4
30724,107,100,7,7
30725,104,88,16,16
30726,72,63,9,9
30727,59,63,-4,4
30728,102,86,16,16
30729,110,111,-1,1
30730,71,70,1,1
30731,96,94,2,2
30732,117,111,6,6
30733,67,77,-10,10
30734,64,59,5,5
30735,111,97,14,14
30736,54,51,3,3
30737,70,67,3,3
30738,89,91,-2,2
30739,125,135,-10,10
30740,81,96,-15,15
30741,132,107,25,25
30742,122,120,2,2
30743,83,85,-2,2
30744,49,60,-11,11
30745,134,117,17,17
30746,86,82,4,4
30747,87,85,2,2
30748,113,109,4,4
30749,147,145,2,2
30750,57,53,4,4
30751,81,73,8,8
30752,84,94,-10,10
30753,130,121,9,9
30754,103,91,12,12
30755,57,54,3,3
30756,58,57,1,1
30757,147,118,29,29
30758,136,131,5,5
30759,78,82,-4,4
30760,92,101,-9,9
30761,69,82,-13,13
30762,151,126,25,25
30763,155,152,3,3
30764,80,81,-1,1
30765,71,70,1,1
30766,113,168,-55,55
30767,129,115,14,14
30768,113,113,0,0
30769,82,91,-9,9
30770,69,61,8,8
30771,95,89,6,6
30772,86,84,2,2
30773,86,78,8,8
30774,73,74,-1,1
30775,84,86,-2,2
30776,99,94,5,5
30777,159,144,15,15
30778,94,93,1,1
30779,93,85,8,8
30780,52,53,-1,1
30781,92,90,2,2
30782,77,87,-10,10
30783,83,84,-1,1
30784,145,140,5,5
30785,89,81,8,8
30786,98,89,9,9
30787,128,138,-10,10
30788,70,75,-5,5
30789,85,83,2,2
30790,94,91,3,3
30791,63,66,-3,3
30792,120,108,12,12
30793,93,102,-9,9
30794,113,107,6,6
30795,164,175,-11,11
30796,121,113,8,8
30797,61,57,4,4
30798,100,86,14,14
30799,67,59,8,8
30800,107,97,10,10
30801,56,51,5,5
30802,79,72,7,7
30803,116,128,-12,12
30804,139,135,4,4
30805,112,121,-9,9
30806,92,90,2,2
30807,108,101,7,7
30808,124,122,2,2
30809,158,164,-6,6
30810,106,103,3,3
30811,132,124,8,8
30812,100,93,7,7
30813,64,96,-32,32
30814,128,129,-1,1
30815,53,44,9,9
30816,54,47,7,7
30817,81,80,1,1
30818,67,59,8,8
30819,97,112,-15,15
30820,129,110,19,19
30821,122,103,19,19
30822,139,139,0,0
30823,44,42,2,2
30824,131,118,13,13
30825,67,74,-7,7
30826,115,102,13,13
30827,53,53,0,0
30828,84,78,6,6
30829,124,118,6,6
30830,74,64,10,10
30831,104,112,-8,8
30832,70,74,-4,4
30833,112,108,4,4
30834,90,76,14,14
30835,83,105,-22,22
30836,71,78,-7,7
30837,81,79,2,2
30838,124,138,-14,14
30839,161,175,-14,14
30840,52,50,2,2
30841,78,82,-4,4
30842,57,58,-1,1
30843,113,107,6,6
30844,105,94,11,11
30845,119,111,8,8
30846,48,56,-8,8
30847,123,184,-61,61
30848,96,93,3,3
30849,124,106,18,18
30850,129,125,4,4
30851,125,118,7,7
30852,104,104,0,0
30853,117,115,2,2
30854,151,145,6,6
30855,125,119,6,6
30856,87,95,-8,8
30857,71,76,-5,5
30858,58,54,4,4
30859,127,111,16,16
30860,143,136,7,7
30861,78,85,-7,7
30862,114,121,-7,7
30863,49,46,3,3
30864,86,86,0,0
30865,81,90,-9,9
30866,85,90,-5,5
30867,158,133,25,25
30868,57,48,9,9
30869,109,105,4,4
30870,95,91,4,4
30871,45,45,0,0
30872,76,87,-11,11
30873,83,76,7,7
30874,100,111,-11,11
30875,65,78,-13,13
30876,76,78,-2,2
30877,47,57,-10,10
30878,70,67,3,3
30879,157,156,1,1
30880,204,187,17,17
30881,88,81,7,7
30882,93,86,7,7
30883,53,57,-4,4
30884,97,95,2,2
30885,84,82,2,2
30886,66,69,-3,3
30887,73,77,-4,4
30888,64,71,-7,7
30889,102,96,6,6
30890,56,55,1,1
30891,73,76,-3,3
30892,78,81,-3,3
30893,64,76,-12,12
30894,89,100,-11,11
30895,108,105,3,3
30896,79,76,3,3
30897,99,95,4,4
30898,104,102,2,2
30899,174,163,11,11
30900,76,85,-9,9
30901,67,68,-1,1
30902,103,95,8,8
30903,72,69,3,3
30904,65,74,-9,9
30905,79,79,0,0
30906,39,67,-28,28
30907,42,45,-3,3
30908,43,51,-8,8
30909,130,122,8,8
30910,56,52,4,4
30911,67,73,-6,6
30912,61,64,-3,3
30913,79,61,18,18
30914,122,101,21,21
30915,121,117,4,4
30916,87,76,11,11
30917,95,100,-5,5
30918,76,72,4,4
30919,98,85,13,13
30920,149,151,-2,2
30921,37,40,-3,3
30922,91,75,16,16
30923,99,90,9,9
30924,64,74,-10,10
30925,113,112,1,1
30926,82,82,0,0
30927,71,69,2,2
30928,103,106,-3,3
30929,58,60,-2,2
30930,112,105,7,7
30931,61,63,-2,2
30932,60,64,-4,4
30933,118,112,6,6
30934,48,41,7,7
30935,86,75,11,11
30936,61,70,-9,9
30937,123,114,9,9
30938,151,134,17,17
30939,50,54,-4,4
30940,123,129,-6,6
30941,186,187,-1,1
30942,59,67,-8,8
30943,141,142,-1,1
30944,130,145,-15,15
30945,83,72,11,11
30946,63,59,4,4
30947,168,151,17,17
30948,88,83,5,5
30949,49,57,-8,8
30950,47,52,-5,5
30951,81,81,0,0
30952,176,141,35,35
30953,58,56,2,2
30954,48,41,7,7
30955,117,120,-3,3
30956,115,104,11,11
30957,120,111,9,9
30958,90,86,4,4
30959,46,57,-11,11
30960,113,118,-5,5
30961,64,73,-9,9
30962,126,108,18,18
30963,153,144,9,9
30964,114,108,6,6
30965,182,182,0,0
30966,114,114,0,0
30967,91,84,7,7
30968,116,99,17,17
30969,135,123,12,12
30970,70,69,1,1
30971,80,79,1,1
30972,50,57,-7,7
30973,90,88,2,2
30974,50,49,1,1
30975,144,123,21,21
30976,77,71,6,6
30977,81,87,-6,6
30978,41,39,2,2
30979,80,84,-4,4
30980,97,89,8,8
30981,65,65,0,0
30982,70,68,2,2
30983,176,186,-10,10
30984,143,136,7,7
30985,79,91,-12,12
30986,122,112,10,10
30987,135,117,18,18
30988,85,91,-6,6
30989,50,58,-8,8
30990,88,83,5,5
30991,120,105,15,15
30992,134,130,4,4
30993,74,64,10,10
30994,86,93,-7,7
30995,95,96,-1,1
30996,56,56,0,0
30997,92,88,4,4
30998,86,80,6,6
30999,70,83,-13,13
31000,81,76,5,5
31001,113,110,3,3
31002,99,84,15,15
31003,77,82,-5,5
31004,31,28,3,3
31005,99,90,9,9
31006,85,80,5,5
31007,80,83,-3,3
31008,92,86,6,6
31009,56,60,-4,4
31010,139,154,-15,15
31011,51,45,6,6
31012,36,49,-13,13
31013,126,113,13,13
31014,76,77,-1,1
31015,96,110,-14,14
31016,87,88,-1,1
31017,117,114,3,3
31018,102,102,0,0
31019,89,92,-3,3
31020,107,89,18,18
31021,79,76,3,3
31022,89,86,3,3
31023,67,65,2,2
31024,114,108,6,6
31025,69,74,-5,5
31026,115,94,21,21
31027,168,176,-8,8
31028,84,77,7,7
31029,79,55,24,24
31030,133,115,18,18
31031,123,102,21,21
31032,102,109,-7,7
31033,123,110,13,13
31034,97,81,16,16
31035,89,88,1,1
31036,92,95,-3,3
31037,171,146,25,25
31038,72,68,4,4
31039,92,98,-6,6
31040,54,60,-6,6
31041,113,113,0,0
31042,110,95,15,15
31043,64,63,1,1
31044,64,67,-3,3
31045,69,65,4,4
31046,81,79,2,2
31047,101,98,3,3
31048,92,90,2,2
31049,85,90,-5,5
31050,58,61,-3,3
31051,124,113,11,11
31052,81,69,12,12
31053,108,93,15,15
31054,93,84,9,9
31055,70,66,4,4
31056,119,98,21,21
31057,65,66,-1,1
31058,90,81,9,9
31059,53,44,9,9
31060,73,85,-12,12
31061,52,55,-3,3
31062,97,97,0,0
31063,118,88,30,30
31064,95,86,9,9
31065,89,84,5,5
31066,66,64,2,2
31067,75,76,-1,1
31068,107,99,8,8
31069,63,56,7,7
31070,148,134,14,14
31071,110,112,-2,2
31072,96,113,-17,17
31073,123,126,-3,3
31074,123,107,16,16
31075,106,76,30,30
31076,101,99,2,2
31077,105,98,7,7
31078,94,102,-8,8
31079,53,73,-20,20
31080,53,62,-9,9
31081,116,117,-1,1
31082,122,122,0,0
31083,96,97,-1,1
31084,117,106,11,11
31085,105,97,8,8
31086,74,75,-1,1
31087,43,47,-4,4
31088,110,106,4,4
31089,71,71,0,0
31090,72,64,8,8
31091,109,101,8,8
31092,142,142,0,0
31093,69,64,5,5
31094,127,132,-5,5
31095,113,118,-5,5
31096,61,61,0,0
31097,108,103,5,5
31098,83,72,11,11
31099,58,56,2,2
31100,107,100,7,7
31101,108,132,-24,24
31102,97,89,8,8
31103,101,94,7,7
31104,101,102,-1,1
31105,123,109,14,14
31106,68,70,-2,2
31107,89,85,4,4
31108,47,51,-4,4
31109,128,114,14,14
31110,117,110,7,7
31111,94,86,8,8
31112,111,101,10,10
31113,51,52,-1,1
31114,65,73,-8,8
31115,79,95,-16,16
31116,140,148,-8,8
31117,152,129,23,23
31118,108,106,2,2
31119,115,109,6,6
31120,78,90,-12,12
31121,100,98,2,2
31122,69,81,-12,12
31123,127,126,1,1
31124,64,61,3,3
31125,148,150,-2,2
31126,105,91,14,14
31127,123,116,7,7
31128,56,52,4,4
31129,60,76,-16,16
31130,100,96,4,4
31131,77,100,-23,23
31132,89,110,-21,21
31133,63,73,-10,10
31134,70,69,1,1
31135,74,70,4,4
31136,74,81,-7,7
31137,149,115,34,34
31138,60,66,-6,6
31139,115,149,-34,34
31140,65,64,1,1
31141,95,95,0,0
31142,126,140,-14,14
31143,84,93,-9,9
31144,114,98,16,16
31145,130,120,10,10
31146,117,102,15,15
31147,135,128,7,7
31148,110,108,2,2
31149,74,67,7,7
31150,91,61,30,30
31151,102,93,9,9
31152,76,79,-3,3
31153,81,96,-15,15
31154,117,112,5,5
31155,58,56,2,2
31156,52,63,-11,11
31157,44,57,-13,13
31158,126,131,-5,5
31159,102,97,5,5
31160,68,64,4,4
31161,96,100,-4,4
31162,116,100,16,16
31163,96,85,11,11
31164,44,43,1,1
31165,49,43,6,6
31166,109,113,-4,4
31167,40,51,-11,11
31168,84,116,-32,32
31169,57,63,-6,6
31170,85,91,-6,6
31171,44,53,-9,9
31172,77,72,5,5
31173,70,83,-13,13
31174,63,68,-5,5
31175,75,67,8,8
31176,88,86,2,2
31177,98,84,14,14
31178,66,81,-15,15
31179,78,76,2,2
31180,95,100,-5,5
31181,99,122,-23,23
31182,20,94,-74,74
31183,88,91,-3,3
31184,165,162,3,3
31185,127,117,10,10
31186,55,61,-6,6
31187,145,139,6,6
31188,72,85,-13,13
31189,84,75,9,9
31190,62,69,-7,7
31191,107,94,13,13
31192,113,91,22,22
31193,64,62,2,2
31194,132,111,21,21
31195,80,69,11,11
31196,64,65,-1,1
31197,58,60,-2,2
31198,53,64,-11,11
31199,101,99,2,2
31200,97,85,12,12
31201,93,96,-3,3
31202,87,80,7,7
31203,78,71,7,7
31204,70,61,9,9
31205,119,85,34,34
31206,66,65,1,1
31207,82,99,-17,17
31208,117,101,16,16
31209,106,105,1,1
31210,79,81,-2,2
31211,129,153,-24,24
31212,95,84,11,11
31213,66,76,-10,10
31214,63,55,8,8
31215,128,139,-11,11
31216,86,76,10,10
31217,87,102,-15,15
31218,115,107,8,8
31219,126,124,2,2
31220,66,102,-36,36
31221,138,134,4,4
31222,118,102,16,16
31223,105,101,4,4
31224,59,61,-2,2
31225,51,66,-15,15
31226,45,56,-11,11
31227,79,71,8,8
31228,103,96,7,7
31229,86,95,-9,9
31230,63,56,7,7
31231,104,108,-4,4
31232,144,145,-1,1
31233,160,151,9,9
31234,55,53,2,2
31235,83,75,8,8
31236,104,103,1,1
31237,61,59,2,2
31238,92,93,-1,1
31239,72,74,-2,2
31240,103,95,8,8
31241,192,164,28,28
31242,89,83,6,6
31243,76,70,6,6
31244,70,75,-5,5
31245,81,72,9,9
31246,96,91,5,5
31247,120,109,11,11
31248,88,87,1,1
31249,81,73,8,8
31250,91,88,3,3
31251,104,90,14,14
31252,71,70,1,1
31253,51,51,0,0
31254,138,116,22,22
31255,88,78,10,10
31256,64,78,-14,14
31257,108,108,0,0
31258,120,114,6,6
31259,78,99,-21,21
31260,158,128,30,30
31261,185,162,23,23
31262,168,175,-7,7
31263,96,98,-2,2
31264,100,79,21,21
31265,48,112,-64,64
31266,80,74,6,6
31267,49,48,1,1
31268,108,107,1,1
31269,71,73,-2,2
31270,111,106,5,5
31271,75,72,3,3
31272,117,111,6,6
31273,156,144,12,12
31274,111,105,6,6
31275,108,111,-3,3
31276,54,62,-8,8
31277,83,93,-10,10
31278,91,83,8,8
31279,53,65,-12,12
31280,46,48,-2,2
31281,39,41,-2,2
31282,97,100,-3,3
31283,97,105,-8,8
31284,93,88,5,5
31285,173,144,29,29
31286,76,73,3,3
31287,146,135,11,11
31288,128,130,-2,2
31289,81,65,16,16
31290,90,96,-6,6
31291,109,104,5,5
31292,123,105,18,18
31293,100,93,7,7
31294,77,74,3,3
31295,77,85,-8,8
31296,109,101,8,8
31297,85,79,6,6
31298,94,89,5,5
31299,57,58,-1,1
31300,51,50,1,1
31301,50,52,-2,2
31302,80,79,1,1
31303,73,71,2,2
31304,68,74,-6,6
31305,153,132,21,21
31306,120,123,-3,3
31307,99,98,1,1
31308,97,93,4,4
31309,82,81,1,1
31310,85,94,-9,9
31311,84,89,-5,5
31312,93,99,-6,6
31313,55,64,-9,9
31314,53,57,-4,4
31315,148,142,6,6
31316,115,113,2,2
31317,116,109,7,7
31318,109,92,17,17
31319,72,74,-2,2
31320,85,84,1,1
31321,78,74,4,4
31322,133,121,12,12
31323,89,78,11,11
31324,53,65,-12,12
31325,145,176,-31,31
31326,75,65,10,10
31327,60,65,-5,5
31328,71,70,1,1
31329,62,61,1,1
31330,165,147,18,18
31331,51,49,2,2
31332,146,141,5,5
31333,64,63,1,1
31334,75,76,-1,1
31335,79,77,2,2
31336,85,86,-1,1
31337,100,98,2,2
31338,119,106,13,13
31339,106,108,-2,2
31340,79,69,10,10
31341,163,147,16,16
31342,121,125,-4,4
31343,66,64,2,2
31344,114,114,0,0
31345,77,82,-5,5
31346,57,63,-6,6
31347,87,88,-1,1
31348,86,84,2,2
31349,71,77,-6,6
31350,124,118,6,6
31351,65,65,0,0
31352,111,104,7,7
31353,62,78,-16,16
31354,94,82,12,12
31355,76,83,-7,7
31356,122,129,-7,7
31357,136,132,4,4
31358,76,71,5,5
31359,82,87,-5,5
31360,62,66,-4,4
31361,65,56,9,9
31362,63,69,-6,6
31363,50,53,-3,3
31364,56,91,-35,35
31365,80,93,-13,13
31366,95,85,10,10
31367,94,88,6,6
31368,90,78,12,12
31369,116,95,21,21
31370,113,101,12,12
31371,70,67,3,3
31372,31,32,-1,1
31373,70,75,-5,5
31374,72,67,5,5
31375,92,92,0,0
31376,82,77,5,5
31377,58,65,-7,7
31378,104,108,-4,4
31379,75,70,5,5
31380,90,102,-12,12
31381,130,113,17,17
31382,126,120,6,6
31383,89,82,7,7
31384,108,111,-3,3
31385,51,53,-2,2
31386,132,138,-6,6
31387,91,85,6,6
31388,109,110,-1,1
31389,103,113,-10,10
31390,87,85,2,2
31391,123,120,3,3
31392,109,92,17,17
31393,77,86,-9,9
31394,96,97,-1,1
31395,82,79,3,3
31396,111,110,1,1
31397,72,66,6,6
31398,117,107,10,10
31399,117,111,6,6
31400,137,130,7,7
31401,107,95,12,12
31402,91,90,1,1
31403,110,106,4,4
31404,76,80,-4,4
31405,83,76,7,7
31406,142,138,4,4
31407,97,92,5,5
31408,54,52,2,2
31409,71,73,-2,2
31410,91,96,-5,5
31411,100,98,2,2
31412,47,54,-7,7
31413,114,96,18,18
31414,65,62,3,3
31415,33,34,-1,1
31416,88,84,4,4
31417,102,101,1,1
31418,72,93,-21,21
31419,95,86,9,9
31420,100,98,2,2
31421,200,215,-15,15
31422,147,133,14,14
31423,98,102,-4,4
31424,111,105,6,6
31425,105,102,3,3
31426,89,89,0,0
31427,108,106,2,2
31428,35,60,-25,25
31429,54,59,-5,5
31430,124,118,6,6
31431,90,91,-1,1
31432,130,121,9,9
31433,138,125,13,13
31434,143,123,20,20
31435,74,79,-5,5
31436,47,48,-1,1
31437,64,59,5,5
31438,174,190,-16,16
31439,96,91,5,5
31440,132,129,3,3
31441,66,72,-6,6
31442,105,102,3,3
31443,128,132,-4,4
31444,99,96,3,3
31445,70,64,6,6
31446,62,64,-2,2
31447,78,72,6,6
31448,93,102,-9,9
31449,89,84,5,5
31450,104,107,-3,3
31451,74,71,3,3
31452,102,86,16,16
31453,58,58,0,0
31454,89,85,4,4
31455,84,73,11,11
31456,128,108,20,20
31457,91,88,3,3
31458,80,66,14,14
31459,84,100,-16,16
31460,100,112,-12,12
31461,115,109,6,6
31462,92,90,2,2
31463,155,136,19,19
31464,175,151,24,24
31465,79,72,7,7
31466,70,62,8,8
31467,64,74,-10,10
31468,111,113,-2,2
31469,83,79,4,4
31470,92,86,6,6
31471,153,146,7,7
31472,138,117,21,21
31473,90,115,-25,25
31474,104,107,-3,3
31475,52,45,7,7
31476,72,71,1,1
31477,76,78,-2,2
31478,69,71,-2,2
31479,145,133,12,12
31480,67,63,4,4
31481,79,71,8,8
31482,103,90,13,13
31483,145,149,-4,4
31484,86,78,8,8
31485,112,107,5,5
31486,130,124,6,6
31487,173,164,9,9
31488,75,74,1,1
31489,195,158,37,37
31490,93,89,4,4
31491,102,89,13,13
31492,64,65,-1,1
31493,68,64,4,4
31494,58,63,-5,5
31495,93,81,12,12
31496,119,92,27,27
31497,54,49,5,5
31498,72,87,-15,15
31499,82,77,5,5
31500,130,115,15,15
31501,75,73,2,2
31502,73,72,1,1
31503,72,85,-13,13
31504,243,299,-56,56
31505,62,88,-26,26
31506,79,63,16,16
31507,129,135,-6,6
31508,119,114,5,5
31509,121,119,2,2
31510,135,127,8,8
31511,64,50,14,14
31512,84,83,1,1
31513,68,70,-2,2
31514,89,81,8,8
31515,59,59,0,0
31516,67,71,-4,4
31517,108,107,1,1
31518,55,60,-5,5
31519,161,142,19,19
31520,75,78,-3,3
31521,113,109,4,4
31522,102,93,9,9
31523,116,123,-7,7
31524,134,135,-1,1
31525,161,131,30,30
31526,122,101,21,21
31527,103,104,-1,1
31528,75,75,0,0
31529,162,138,24,24
31530,76,81,-5,5
31531,57,62,-5,5
31532,74,71,3,3
31533,78,65,13,13
31534,68,65,3,3
31535,101,94,7,7
31536,66,68,-2,2
31537,61,67,-6,6
31538,120,103,17,17
31539,62,51,11,11
31540,149,128,21,21
31541,85,86,-1,1
31542,126,111,15,15
31543,192,190,2,2
31544,94,85,9,9
31545,69,62,7,7
31546,99,84,15,15
31547,114,101,13,13
31548,75,73,2,2
31549,113,126,-13,13
31550,165,138,27,27
31551,133,123,10,10
31552,86,101,-15,15
31553,72,65,7,7
31554,97,89,8,8
31555,113,171,-58,58
31556,110,123,-13,13
31557,119,120,-1,1
31558,60,61,-1,1
31559,72,84,-12,12
31560,110,102,8,8
31561,151,145,6,6
31562,70,76,-6,6
31563,89,88,1,1
31564,112,110,2,2
31565,70,68,2,2
31566,64,65,-1,1
31567,155,161,-6,6
31568,103,98,5,5
31569,115,106,9,9
31570,57,52,5,5
31571,92,100,-8,8
31572,96,89,7,7
31573,61,69,-8,8
31574,144,126,18,18
31575,75,71,4,4
31576,138,126,12,12
31577,103,102,1,1
31578,118,106,12,12
31579,80,86,-6,6
31580,107,97,10,10
31581,84,83,1,1
31582,87,77,10,10
31583,56,53,3,3
31584,129,117,12,12
31585,94,99,-5,5
31586,72,74,-2,2
31587,193,185,8,8
31588,141,115,26,26
31589,98,95,3,3
31590,116,123,-7,7
31591,154,143,11,11
31592,116,117,-1,1
31593,75,83,-8,8
31594,107,102,5,5
31595,83,82,1,1
31596,103,112,-9,9
31597,99,94,5,5
31598,109,115,-6,6
31599,95,93,2,2
31600,85,82,3,3
31601,81,87,-6,6
31602,112,92,20,20
31603,82,75,7,7
31604,56,49,7,7
31605,64,69,-5,5
31606,105,118,-13,13
31607,118,112,6,6
31608,82,85,-3,3
31609,96,92,4,4
31610,69,67,2,2
31611,128,127,1,1
31612,88,96,-8,8
31613,90,91,-1,1
31614,141,119,22,22
31615,75,91,-16,16
31616,108,110,-2,2
31617,153,152,1,1
31618,101,94,7,7
31619,76,82,-6,6
31620,86,90,-4,4
31621,49,48,1,1
31622,130,132,-2,2
31623,95,92,3,3
31624,33,44,-11,11
31625,156,155,1,1
31626,49,49,0,0
31627,89,87,2,2
31628,86,74,12,12
31629,80,75,5,5
31630,97,84,13,13
31631,59,68,-9,9
31632,153,152,1,1
31633,51,48,3,3
31634,88,65,23,23
31635,145,154,-9,9
31636,165,184,-19,19
31637,74,78,-4,4
31638,80,83,-3,3
31639,101,92,9,9
31640,46,48,-2,2
31641,62,64,-2,2
31642,107,92,15,15
31643,66,72,-6,6
31644,153,154,-1,1
31645,75,78,-3,3
31646,49,50,-1,1
31647,120,120,0,0
31648,131,125,6,6
31649,106,101,5,5
31650,147,136,11,11
31651,81,82,-1,1
31652,94,92,2,2
31653,57,44,13,13
31654,61,65,-4,4
31655,47,49,-2,2
31656,53,57,-4,4
31657,117,106,11,11
31658,98,74,24,24
31659,48,48,0,0
31660,190,198,-8,8
31661,68,64,4,4
31662,106,102,4,4
31663,57,56,1,1
31664,131,127,4,4
31665,132,125,7,7
31666,74,75,-1,1
31667,125,123,2,2
31668,86,87,-1,1
31669,49,47,2,2
31670,95,78,17,17
31671,67,66,1,1
31672,82,84,-2,2
31673,93,110,-17,17
31674,52,60,-8,8
31675,55,61,-6,6
31676,111,103,8,8
31677,73,68,5,5
31678,72,78,-6,6
31679,160,154,6,6
31680,97,103,-6,6
31681,95,86,9,9
31682,117,88,29,29
31683,67,60,7,7
31684,55,60,-5,5
31685,103,94,9,9
31686,108,108,0,0
31687,82,68,14,14
31688,155,151,4,4
31689,87,77,10,10
31690,88,84,4,4
31691,84,95,-11,11
31692,66,66,0,0
31693,59,60,-1,1
31694,80,78,2,2
31695,120,125,-5,5
31696,92,88,4,4
31697,36,38,-2,2
31698,89,74,15,15
31699,113,91,22,22
31700,86,90,-4,4
31701,117,125,-8,8
31702,78,74,4,4
31703,72,77,-5,5
31704,76,74,2,2
31705,76,71,5,5
31706,87,93,-6,6
31707,76,105,-29,29
31708,79,62,17,17
31709,51,44,7,7
31710,121,114,7,7
31711,100,91,9,9
31712,83,85,-2,2
31713,84,72,12,12
31714,100,106,-6,6
31715,125,113,12,12
31716,73,66,7,7
31717,59,60,-1,1
31718,79,90,-11,11
31719,76,74,2,2
31720,108,102,6,6
31721,64,70,-6,6
31722,101,94,7,7
31723,140,123,17,17
31724,89,89,0,0
31725,72,67,5,5
31726,82,88,-6,6
31727,68,69,-1,1
31728,41,50,-9,9
31729,77,80,-3,3
31730,150,141,9,9
31731,121,114,7,7
31732,96,122,-26,26
31733,50,51,-1,1
31734,45,52,-7,7
31735,118,121,-3,3
31736,108,102,6,6
31737,74,74,0,0
31738,148,131,17,17
31739,109,107,2,2
31740,53,61,-8,8
31741,69,60,9,9
31742,75,79,-4,4
31743,75,85,-10,10
31744,93,84,9,9
31745,36,37,-1,1
31746,62,66,-4,4
31747,139,138,1,1
31748,67,71,-4,4
31749,199,204,-5,5
31750,61,57,4,4
31751,66,67,-1,1
31752,58,65,-7,7
31753,58,59,-1,1
31754,98,101,-3,3
31755,65,63,2,2
31756,96,87,9,9
31757,105,110,-5,5
31758,44,47,-3,3
31759,116,114,2,2
31760,87,90,-3,3
31761,94,106,-12,12
31762,130,140,-10,10
31763,103,107,-4,4
31764,85,80,5,5
31765,94,101,-7,7
31766,78,72,6,6
31767,120,113,7,7
31768,48,50,-2,2
31769,107,97,10,10
31770,87,91,-4,4
31771,115,113,2,2
31772,122,116,6,6
31773,137,118,19,19
31774,19,25,-6,6
31775,90,90,0,0
31776,45,46,-1,1
31777,53,57,-4,4
31778,132,116,16,16
31779,54,47,7,7
31780,123,129,-6,6
31781,88,103,-15,15
31782,90,79,11,11
31783,112,108,4,4
31784,67,61,6,6
31785,50,56,-6,6
31786,65,67,-2,2
31787,44,44,0,0
31788,86,93,-7,7
31789,65,59,6,6
31790,80,94,-14,14
31791,128,113,15,15
31792,166,132,34,34
31793,105,99,6,6
31794,77,75,2,2
31795,113,114,-1,1
31796,82,84,-2,2
31797,94,101,-7,7
31798,123,119,4,4
31799,118,119,-1,1
31800,159,153,6,6
31801,100,88,12,12
31802,95,96,-1,1
31803,128,125,3,3
31804,67,78,-11,11
31805,131,118,13,13
31806,78,68,10,10
31807,58,49,9,9
31808,126,114,12,12
31809,136,140,-4,4
31810,75,70,5,5
31811,100,93,7,7
31812,52,49,3,3
31813,94,86,8,8
31814,64,77,-13,13
31815,65,70,-5,5
31816,85,83,2,2
31817,100,98,2,2
31818,134,129,5,5
31819,88,89,-1,1
31820,87,85,2,2
31821,112,101,11,11
31822,222,226,-4,4
31823,103,88,15,15
31824,131,152,-21,21
31825,143,135,8,8
31826,89,89,0,0
31827,144,125,19,19
31828,90,85,5,5
31829,117,107,10,10
31830,41,42,-1,1
31831,161,164,-3,3
31832,87,91,-4,4
31833,67,71,-4,4
31834,89,97,-8,8
31835,58,52,6,6
31836,54,53,1,1
31837,66,61,5,5
31838,62,64,-2,2
31839,46,49,-3,3
31840,116,116,0,0
31841,146,153,-7,7
31842,153,154,-1,1
31843,110,95,15,15
31844,83,73,10,10
31845,138,136,2,2
31846,117,105,12,12
31847,86,89,-3,3
31848,170,154,16,16
31849,96,101,-5,5
31850,57,46,11,11
31851,102,88,14,14
31852,96,102,-6,6
31853,88,82,6,6
31854,117,113,4,4
31855,83,92,-9,9
31856,94,101,-7,7
31857,68,87,-19,19
31858,81,77,4,4
31859,165,161,4,4
31860,93,83,10,10
31861,169,160,9,9
31862,79,76,3,3
31863,91,91,0,0
31864,96,88,8,8
31865,107,87,20,20
31866,98,91,7,7
31867,81,78,3,3
31868,125,133,-8,8
31869,111,103,8,8
31870,50,52,-2,2
31871,102,98,4,4
31872,94,85,9,9
31873,57,53,4,4
31874,110,108,2,2
31875,89,83,6,6
31876,69,73,-4,4
31877,116,113,3,3
31878,135,114,21,21
31879,76,77,-1,1
31880,98,84,14,14
31881,72,67,5,5
31882,68,76,-8,8
31883,77,64,13,13
31884,125,146,-21,21
31885,115,103,12,12
31886,136,129,7,7
31887,80,80,0,0
31888,82,88,-6,6
31889,76,86,-10,10
31890,82,73,9,9
31891,138,123,15,15
31892,108,98,10,10
31893,153,145,8,8
31894,76,73,3,3
31895,100,91,9,9
31896,97,100,-3,3
31897,119,122,-3,3
31898,35,38,-3,3
31899,39,42,-3,3
31900,102,95,7,7
31901,93,103,-10,10
31902,122,113,9,9
31903,88,91,-3,3
31904,84,81,3,3
31905,207,191,16,16
31906,67,75,-8,8
31907,111,107,4,4
31908,75,76,-1,1
31909,112,109,3,3
31910,59,56,3,3
31911,66,64,2,2
31912,161,170,-9,9
31913,80,82,-2,2
31914,64,66,-2,2
31915,123,84,39,39
31916,123,111,12,12
31917,144,148,-4,4
31918,61,61,0,0
31919,85,75,10,10
31920,100,88,12,12
31921,100,94,6,6
31922,65,58,7,7
31923,75,81,-6,6
31924,104,91,13,13
31925,112,122,-10,10
31926,93,91,2,2
31927,69,67,2,2
31928,58,63,-5,5
31929,120,104,16,16
31930,131,118,13,13
31931,101,97,4,4
31932,156,158,-2,2
31933,83,78,5,5
31934,62,64,-2,2
31935,94,91,3,3
31936,87,86,1,1
31937,182,180,2,2
31938,132,128,4,4
31939,100,101,-1,1
31940,74,72,2,2
31941,57,63,-6,6
31942,95,94,1,1
31943,64,59,5,5
31944,99,88,11,11
31945,102,105,-3,3
31946,144,143,1,1
31947,152,123,29,29
31948,66,63,3,3
31949,57,53,4,4
31950,73,78,-5,5
31951,85,76,9,9
31952,111,110,1,1
31953,78,74,4,4
31954,87,83,4,4
31955,58,61,-3,3
31956,125,117,8,8
31957,98,89,9,9
31958,127,125,2,2
31959,125,121,4,4
31960,107,104,3,3
31961,57,66,-9,9
31962,161,155,6,6
31963,109,101,8,8
31964,110,92,18,18
31965,64,61,3,3
31966,304,335,-31,31
31967,75,71,4,4
31968,161,141,20,20
31969,85,92,-7,7
31970,124,102,22,22
31971,53,52,1,1
31972,98,97,1,1
31973,124,118,6,6
31974,67,65,2,2
31975,59,65,-6,6
31976,115,103,12,12
31977,91,79,12,12
31978,108,108,0,0
31979,82,96,-14,14
31980,104,89,15,15
31981,65,82,-17,17
31982,107,99,8,8
31983,140,141,-1,1
31984,83,88,-5,5
31985,128,139,-11,11
31986,65,54,11,11
31987,70,72,-2,2
31988,160,164,-4,4
31989,94,93,1,1
31990,74,73,1,1
31991,99,95,4,4
31992,105,98,7,7
31993,65,80,-15,15
31994,46,46,0,0
31995,72,72,0,0
31996,53,46,7,7
31997,110,104,6,6
31998,100,86,14,14
31999,65,67,-2,2
32000,102,96,6,6
32001,128,124,4,4
32002,90,84,6,6
32003,139,142,-3,3
32004,145,121,24,24
32005,89,94,-5,5
32006,68,84,-16,16
32007,64,60,4,4
32008,79,81,-2,2
32009,86,72,14,14
32010,60,60,0,0
32011,101,99,2,2
32012,36,42,-6,6
32013,103,95,8,8
32014,52,55,-3,3
32015,152,145,7,7
32016,80,90,-10,10
32017,142,127,15,15
32018,129,122,7,7
32019,140,104,36,36
32020,49,57,-8,8
32021,147,164,-17,17
32022,100,83,17,17
32023,59,66,-7,7
32024,106,105,1,1
32025,88,87,1,1
32026,86,93,-7,7
32027,106,98,8,8
32028,110,105,5,5
32029,43,46,-3,3
32030,114,118,-4,4
32031,77,70,7,7
32032,103,105,-2,2
32033,125,127,-2,2
32034,65,64,1,1
32035,105,99,6,6
32036,98,112,-14,14
32037,132,134,-2,2
32038,119,126,-7,7
32039,80,83,-3,3
32040,107,111,-4,4
32041,94,88,6,6
32042,59,60,-1,1
32043,109,107,2,2
32044,144,143,1,1
32045,45,44,1,1
32046,66,54,12,12
32047,122,122,0,0
32048,88,88,0,0
32049,53,49,4,4
32050,58,64,-6,6
32051,68,69,-1,1
32052,104,96,8,8
32053,129,117,12,12
32054,55,56,-1,1
32055,80,78,2,2
32056,100,94,6,6
32057,64,73,-9,9
32058,150,150,0,0
32059,80,88,-8,8
32060,96,85,11,11
32061,83,75,8,8
32062,39,39,0,0
32063,112,96,16,16
32064,146,135,11,11
32065,91,95,-4,4
32066,77,83,-6,6
32067,121,117,4,4
32068,113,111,2,2
32069,132,138,-6,6
32070,102,104,-2,2
32071,71,68,3,3
32072,81,77,4,4
32073,60,74,-14,14
32074,112,96,16,16
32075,95,86,9,9
32076,116,108,8,8
32077,85,94,-9,9
32078,116,123,-7,7
32079,107,108,-1,1
32080,156,123,33,33
32081,84,86,-2,2
32082,77,75,2,2
32083,111,101,10,10
32084,61,81,-20,20
32085,124,126,-2,2
32086,106,93,13,13
32087,116,115,1,1
32088,64,75,-11,11
32089,108,100,8,8
32090,76,67,9,9
32091,72,83,-11,11
32092,75,68,7,7
32093,66,57,9,9
32094,128,137,-9,9
32095,189,166,23,23
32096,120,115,5,5
32097,64,59,5,5
32098,141,140,1,1
32099,96,89,7,7
32100,170,164,6,6
32101,83,81,2,2
32102,101,99,2,2
32103,81,87,-6,6
32104,43,48,-5,5
32105,150,132,18,18
32106,70,55,15,15
32107,89,77,12,12
32108,115,104,11,11
32109,103,94,9,9
32110,54,57,-3,3
32111,63,54,9,9
32112,127,132,-5,5
32113,96,90,6,6
32114,79,95,-16,16
32115,83,86,-3,3
32116,108,96,12,12
32117,116,113,3,3
32118,121,118,3,3
32119,127,97,30,30
32120,109,104,5,5
32121,96,94,2,2
32122,82,76,6,6
32123,103,121,-18,18
32124,142,159,-17,17
32125,161,152,9,9
32126,126,113,13,13
32127,78,73,5,5
32128,157,160,-3,3
32129,63,69,-6,6
32130,64,59,5,5
32131,90,91,-1,1
32132,95,96,-1,1
32133,146,154,-8,8
32134,56,54,2,2
32135,48,46,2,2
32136,68,66,2,2
32137,94,93,1,1
32138,87,79,8,8
32139,122,104,18,18
32140,126,105,21,21
32141,55,69,-14,14
32142,61,77,-16,16
32143,89,91,-2,2
32144,62,71,-9,9
32145,71,72,-1,1
32146,87,85,2,2
32147,39,40,-1,1
32148,123,105,18,18
32149,79,78,1,1
32150,109,103,6,6
32151,101,106,-5,5
32152,107,99,8,8
32153,114,107,7,7
32154,81,90,-9,9
32155,167,164,3,3
32156,71,69,2,2
32157,65,68,-3,3
32158,76,72,4,4
32159,94,93,1,1
32160,162,150,12,12
32161,86,96,-10,10
32162,162,161,1,1
32163,50,43,7,7
32164,109,95,14,14
32165,70,73,-3,3
32166,69,66,3,3
32167,36,44,-8,8
32168,117,103,14,14
32169,104,94,10,10
32170,107,104,3,3
32171,66,71,-5,5
32172,98,97,1,1
32173,113,112,1,1
32174,57,62,-5,5
32175,117,108,9,9
32176,79,90,-11,11
32177,88,95,-7,7
32178,101,99,2,2
32179,98,89,9,9
32180,164,167,-3,3
32181,108,102,6,6
32182,79,76,3,3
32183,77,87,-10,10
32184,81,77,4,4
32185,111,101,10,10
32186,108,105,3,3
32187,104,109,-5,5
32188,51,45,6,6
32189,79,75,4,4
32190,141,140,1,1
32191,105,94,11,11
32192,79,83,-4,4
32193,121,109,12,12
32194,85,92,-7,7
32195,60,63,-3,3
32196,76,71,5,5
32197,66,64,2,2
32198,140,131,9,9
32199,115,92,23,23
32200,135,116,19,19
32201,137,145,-8,8
32202,108,105,3,3
32203,56,62,-6,6
32204,145,128,17,17
32205,107,101,6,6
32206,75,71,4,4
32207,73,75,-2,2
32208,58,66,-8,8
32209,73,65,8,8
32210,100,92,8,8
32211,154,132,22,22
32212,89,99,-10,10
32213,86,78,8,8
32214,218,201,17,17
32215,96,92,4,4
32216,72,75,-3,3
32217,136,154,-18,18
32218,197,173,24,24
32219,75,69,6,6
32220,138,137,1,1
32221,112,124,-12,12
32222,97,97,0,0
32223,50,53,-3,3
32224,144,127,17,17
32225,62,58,4,4
32226,91,96,-5,5
32227,108,110,-2,2
32228,111,107,4,4
32229,154,143,11,11
32230,84,85,-1,1
32231,181,186,-5,5
32232,80,81,-1,1
32233,134,123,11,11
32234,78,94,-16,16
32235,243,229,14,14
32236,59,54,5,5
32237,83,75,8,8
32238,76,60,16,16
32239,88,86,2,2
32240,62,67,-5,5
32241,81,81,0,0
32242,127,127,0,0
32243,119,112,7,7
32244,70,72,-2,2
32245,114,102,12,12
32246,91,84,7,7
32247,120,104,16,16
32248,61,54,7,7
32249,73,71,2,2
32250,77,79,-2,2
32251,175,178,-3,3
32252,86,79,7,7
32253,125,115,10,10
32254,109,98,11,11
32255,90,95,-5,5
32256,71,72,-1,1
32257,64,55,9,9
32258,91,83,8,8
32259,116,115,1,1
32260,63,53,10,10
32261,79,79,0,0
32262,56,59,-3,3
32263,144,141,3,3
32264,130,112,18,18
32265,73,71,2,2
32266,64,57,7,7
32267,146,135,11,11
32268,30,49,-19,19
32269,107,106,1,1
32270,80,90,-10,10
32271,94,116,-22,22
32272,57,55,2,2
32273,85,82,3,3
32274,157,156,1,1
32275,131,130,1,1
32276,170,145,25,25
32277,115,116,-1,1
32278,124,105,19,19
32279,83,86,-3,3
32280,139,120,19,19
32281,104,105,-1,1
32282,54,53,1,1
32283,117,115,2,2
32284,84,92,-8,8
32285,97,87,10,10
32286,50,42,8,8
32287,57,69,-12,12
32288,84,83,1,1
32289,70,69,1,1
32290,75,79,-4,4
32291,33,56,-23,23
32292,110,123,-13,13
32293,60,60,0,0
32294,66,76,-10,10
32295,121,114,7,7
32296,97,95,2,2
32297,128,106,22,22
32298,82,80,2,2
32299,110,102,8,8
32300,135,131,4,4
32301,96,97,-1,1
32302,79,65,14,14
32303,82,72,10,10
32304,112,103,9,9
32305,119,121,-2,2
32306,113,87,26,26
32307,129,122,7,7
32308,30,26,4,4
32309,143,142,1,1
32310,48,53,-5,5
32311,70,64,6,6
32312,66,91,-25,25
32313,117,122,-5,5
32314,49,50,-1,1
32315,73,75,-2,2
32316,104,112,-8,8
32317,78,86,-8,8
32318,94,98,-4,4
32319,39,38,1,1
32320,163,143,20,20
32321,131,126,5,5
32322,78,91,-13,13
32323,107,108,-1,1
32324,40,47,-7,7
32325,83,82,1,1
32326,88,96,-8,8
32327,104,98,6,6
32328,116,111,5,5
32329,144,127,17,17
32330,93,92,1,1
32331,89,88,1,1
32332,110,96,14,14
32333,62,88,-26,26
32334,100,97,3,3
32335,79,79,0,0
32336,80,77,3,3
32337,120,118,2,2
32338,84,98,-14,14
32339,88,91,-3,3
32340,132,120,12,12
32341,93,84,9,9
32342,79,70,9,9
32343,27,32,-5,5
32344,97,95,2,2
32345,167,152,15,15
32346,146,159,-13,13
32347,45,41,4,4
32348,53,56,-3,3
32349,57,56,1,1
32350,40,42,-2,2
32351,77,73,4,4
32352,120,121,-1,1
32353,87,98,-11,11
32354,189,165,24,24
32355,84,83,1,1
32356,68,68,0,0
32357,85,94,-9,9
32358,75,78,-3,3
32359,58,57,1,1
32360,67,65,2,2
32361,58,52,6,6
32362,38,42,-4,4
32363,63,69,-6,6
32364,82,93,-11,11
32365,111,123,-12,12
32366,168,153,15,15
32367,67,65,2,2
32368,92,84,8,8
32369,43,43,0,0
32370,126,113,13,13
32371,94,89,5,5
32372,108,109,-1,1
32373,80,96,-16,16
32374,159,147,12,12
32375,101,87,14,14
32376,71,71,0,0
32377,77,82,-5,5
32378,53,55,-2,2
32379,96,101,-5,5
32380,144,121,23,23
32381,96,99,-3,3
32382,120,118,2,2
32383,91,88,3,3
32384,57,73,-16,16
32385,95,98,-3,3
32386,114,116,-2,2
32387,115,114,1,1
32388,63,60,3,3
32389,103,90,13,13
32390,213,214,-1,1
32391,82,89,-7,7
32392,113,100,13,13
32393,75,84,-9,9
32394,122,120,2,2
32395,82,62,20,20
32396,112,99,13,13
32397,114,110,4,4
32398,62,58,4,4
32399,145,141,4,4
32400,153,146,7,7
32401,102,72,30,30
32402,65,69,-4,4
32403,79,52,27,27
32404,85,86,-1,1
32405,69,66,3,3
32406,69,69,0,0
32407,106,100,6,6
32408,73,67,6,6
32409,95,82,13,13
32410,68,74,-6,6
32411,72,81,-9,9
32412,71,75,-4,4
32413,135,133,2,2
32414,115,109,6,6
32415,75,73,2,2
32416,57,57,0,0
32417,33,42,-9,9
32418,73,72,1,1
32419,147,146,1,1
32420,100,92,8,8
32421,81,83,-2,2
32422,130,124,6,6
32423,63,66,-3,3
32424,75,79,-4,4
32425,97,104,-7,7
32426,80,84,-4,4
32427,67,65,2,2
32428,135,133,2,2
32429,48,49,-1,1
32430,113,113,0,0
32431,62,61,1,1
32432,66,61,5,5
32433,62,60,2,2
32434,140,152,-12,12
32435,82,84,-2,2
32436,86,83,3,3
32437,123,113,10,10
32438,134,128,6,6
32439,63,59,4,4
32440,142,130,12,12
32441,63,62,1,1
32442,94,85,9,9
32443,72,74,-2,2
32444,146,137,9,9
32445,90,66,24,24
32446,57,51,6,6
32447,51,59,-8,8
32448,64,73,-9,9
32449,80,87,-7,7
32450,105,104,1,1
32451,109,101,8,8
32452,99,105,-6,6
32453,209,184,25,25
32454,82,74,8,8
32455,49,48,1,1
32456,72,68,4,4
32457,62,65,-3,3
32458,50,57,-7,7
32459,153,148,5,5
32460,140,142,-2,2
32461,95,95,0,0
32462,81,85,-4,4
32463,114,99,15,15
32464,130,128,2,2
32465,31,37,-6,6
32466,86,87,-1,1
32467,100,105,-5,5
32468,58,62,-4,4
32469,58,56,2,2
32470,95,81,14,14
32471,121,124,-3,3
32472,83,86,-3,3
32473,152,128,24,24
32474,138,140,-2,2
32475,128,125,3,3
32476,92,96,-4,4
32477,64,69,-5,5
32478,72,75,-3,3
32479,110,109,1,1
32480,57,53,4,4
32481,99,93,6,6
32482,98,92,6,6
32483,73,92,-19,19
32484,53,66,-13,13
32485,55,57,-2,2
32486,61,62,-1,1
32487,239,211,28,28
32488,86,84,2,2
32489,133,114,19,19
32490,80,84,-4,4
32491,76,64,12,12
32492,79,68,11,11
32493,140,129,11,11
32494,97,100,-3,3
32495,74,61,13,13
32496,142,124,18,18
32497,82,79,3,3
32498,62,62,0,0
32499,101,102,-1,1
32500,69,83,-14,14
32501,171,142,29,29
32502,69,77,-8,8
32503,72,78,-6,6
32504,93,92,1,1
32505,78,79,-1,1
32506,68,67,1,1
32507,54,53,1,1
32508,110,113,-3,3
32509,69,79,-10,10
32510,92,82,10,10
32511,65,62,3,3
32512,28,35,-7,7
32513,65,74,-9,9
32514,69,62,7,7
32515,119,104,15,15
32516,78,69,9,9
32517,75,68,7,7
32518,70,71,-1,1
32519,57,69,-12,12
32520,88,86,2,2
32521,80,71,9,9
32522,113,116,-3,3
32523,63,67,-4,4
32524,91,86,5,5
32525,141,132,9,9
32526,88,93,-5,5
32527,46,50,-4,4
32528,109,104,5,5
32529,98,107,-9,9
32530,177,168,9,9
32531,142,137,5,5
32532,56,53,3,3
32533,166,131,35,35
32534,70,64,6,6
32535,64,66,-2,2
32536,70,71,-1,1
32537,66,68,-2,2
32538,104,96,8,8
32539,131,122,9,9
32540,82,79,3,3
32541,65,60,5,5
32542,95,87,8,8
32543,79,78,1,1
32544,86,85,1,1
32545,84,83,1,1
32546,103,92,11,11
32547,77,73,4,4
32548,125,124,1,1
32549,122,119,3,3
32550,64,60,4,4
32551,95,102,-7,7
32552,79,81,-2,2
32553,67,58,9,9
32554,160,152,8,8
32555,103,97,6,6
32556,114,109,5,5
32557,74,82,-8,8
32558,123,124,-1,1
32559,50,55,-5,5
32560,53,54,-1,1
32561,195,212,-17,17
32562,71,69,2,2
32563,171,131,40,40
32564,90,90,0,0
32565,75,70,5,5
32566,84,87,-3,3
32567,86,110,-24,24
32568,101,99,2,2
32569,131,115,16,16
32570,159,128,31,31
32571,52,57,-5,5
32572,119,108,11,11
32573,85,81,4,4
32574,97,97,0,0
32575,73,82,-9,9
32576,54,59,-5,5
32577,73,64,9,9
32578,127,112,15,15
32579,164,168,-4,4
32580,104,90,14,14
32581,57,54,3,3
32582,40,45,-5,5
32583,103,99,4,4
32584,149,138,11,11
32585,105,94,11,11
32586,184,166,18,18
32587,74,77,-3,3
32588,145,131,14,14
32589,74,79,-5,5
32590,83,92,-9,9
32591,82,82,0,0
32592,85,99,-14,14
32593,133,136,-3,3
32594,68,63,5,5
32595,56,55,1,1
32596,183,171,12,12
32597,66,62,4,4
32598,115,124,-9,9
32599,86,79,7,7
32600,64,61,3,3
32601,41,48,-7,7
32602,97,110,-13,13
32603,76,71,5,5
32604,64,64,0,0
32605,67,63,4,4
32606,92,85,7,7
32607,86,79,7,7
32608,86,80,6,6
32609,114,107,7,7
32610,134,116,18,18
32611,80,72,8,8
32612,151,170,-19,19
32613,99,96,3,3
32614,144,142,2,2
32615,118,114,4,4
32616,74,72,2,2
32617,85,79,6,6
32618,51,57,-6,6
32619,57,53,4,4
32620,152,136,16,16
32621,80,83,-3,3
32622,83,71,12,12
32623,69,69,0,0
32624,126,135,-9,9
32625,178,166,12,12
32626,101,104,-3,3
32627,110,110,0,0
32628,53,57,-4,4
32629,89,94,-5,5
32630,97,93,4,4
32631,81,67,14,14
32632,87,79,8,8
32633,52,44,8,8
32634,98,91,7,7
32635,109,105,4,4
32636,103,106,-3,3
32637,90,78,12,12
32638,73,71,2,2
32639,157,146,11,11
32640,106,97,9,9
32641,144,134,10,10
32642,105,106,-1,1
32643,191,185,6,6
32644,79,80,-1,1
32645,113,101,12,12
32646,66,67,-1,1
32647,62,83,-21,21
32648,71,83,-12,12
32649,93,98,-5,5
32650,90,77,13,13
32651,81,76,5,5
32652,97,96,1,1
32653,43,62,-19,19
32654,150,142,8,8
32655,78,82,-4,4
32656,122,101,21,21
32657,76,78,-2,2
32658,50,61,-11,11
32659,78,83,-5,5
32660,68,82,-14,14
32661,92,84,8,8
32662,65,74,-9,9
32663,112,101,11,11
32664,69,77,-8,8
32665,86,81,5,5
32666,73,73,0,0
32667,99,96,3,3
32668,99,85,14,14
32669,70,76,-6,6
32670,88,82,6,6
32671,66,63,3,3
32672,123,110,13,13
32673,72,60,12,12
32674,120,121,-1,1
32675,51,56,-5,5
32676,68,70,-2,2
32677,103,104,-1,1
32678,76,72,4,4
32679,77,87,-10,10
32680,143,145,-2,2
32681,128,121,7,7
32682,87,83,4,4
32683,47,52,-5,5
32684,119,109,10,10
32685,119,116,3,3
32686,52,50,2,2
32687,123,104,19,19
32688,78,76,2,2
32689,135,133,2,2
32690,65,65,0,0
32691,50,46,4,4
32692,59,83,-24,24
32693,95,92,3,3
32694,74,82,-8,8
32695,127,109,18,18
32696,135,101,34,34
32697,80,79,1,1
32698,81,90,-9,9
32699,102,102,0,0
32700,131,128,3,3
32701,96,86,10,10
32702,100,100,0,0
32703,104,103,1,1
32704,112,105,7,7
32705,103,95,8,8
32706,96,94,2,2
32707,86,81,5,5
32708,130,128,2,2
32709,47,49,-2,2
32710,118,107,11,11
32711,81,81,0,0
32712,117,98,19,19
32713,77,76,1,1
32714,129,126,3,3
32715,111,76,35,35
32716,131,121,10,10
32717,67,65,2,2
32718,66,67,-1,1
32719,111,115,-4,4
32720,71,84,-13,13
32721,58,53,5,5
32722,61,71,-10,10
32723,65,60,5,5
32724,91,101,-10,10
32725,126,124,2,2
32726,79,61,18,18
32727,98,90,8,8
32728,83,102,-19,19
32729,46,47,-1,1
32730,71,70,1,1
32731,56,61,-5,5
32732,74,65,9,9
32733,86,84,2,2
32734,125,113,12,12
32735,71,62,9,9
32736,62,62,0,0
32737,96,71,25,25
32738,145,131,14,14
32739,73,71,2,2
32740,67,70,-3,3
32741,87,86,1,1
32742,79,65,14,14
32743,93,88,5,5
32744,72,68,4,4
32745,68,66,2,2
32746,72,71,1,1
32747,132,117,15,15
32748,75,70,5,5
32749,86,92,-6,6
32750,101,92,9,9
32751,193,197,-4,4
32752,124,115,9,9
32753,96,79,17,17
32754,102,100,2,2
32755,48,47,1,1
32756,95,94,1,1
32757,172,167,5,5
32758,174,155,19,19
32759,171,150,21,21
32760,64,56,8,8
32761,90,87,3,3
32762,77,77,0,0
32763,79,83,-4,4
32764,82,79,3,3
32765,128,114,14,14
32766,96,96,0,0
32767,88,85,3,3
32768,78,72,6,6
32769,115,124,-9,9
32770,75,81,-6,6
32771,132,128,4,4
32772,161,146,15,15
32773,117,110,7,7
32774,61,61,0,0
32775,84,78,6,6
32776,102,109,-7,7
32777,108,106,2,2
32778,108,115,-7,7
32779,156,134,22,22
32780,107,101,6,6
32781,74,66,8,8
32782,185,198,-13,13
32783,61,70,-9,9
32784,106,101,5,5
32785,73,75,-2,2
32786,83,68,15,15
32787,53,57,-4,4
32788,216,205,11,11
32789,90,85,5,5
32790,94,103,-9,9
32791,113,113,0,0
32792,48,50,-2,2
32793,125,149,-24,24
32794,58,54,4,4
32795,112,105,7,7
32796,91,83,8,8
32797,90,96,-6,6
32798,104,94,10,10
32799,59,61,-2,2
32800,74,70,4,4
32801,99,107,-8,8
32802,76,81,-5,5
32803,101,95,6,6
32804,143,137,6,6
32805,66,65,1,1
32806,108,74,34,34
32807,126,124,2,2
32808,102,90,12,12
32809,106,101,5,5
32810,84,77,7,7
32811,133,127,6,6
32812,68,76,-8,8
32813,133,134,-1,1
32814,91,87,4,4
32815,148,146,2,2
32816,131,130,1,1
32817,105,95,10,10
32818,111,133,-22,22
32819,50,49,1,1
32820,118,100,18,18
32821,56,61,-5,5
32822,76,73,3,3
32823,141,117,24,24
32824,162,147,15,15
32825,144,145,-1,1
32826,131,140,-9,9
32827,57,61,-4,4
32828,105,93,12,12
32829,74,72,2,2
32830,118,151,-33,33
32831,157,155,2,2
32832,105,104,1,1
32833,90,90,0,0
32834,96,106,-10,10
32835,161,145,16,16
32836,83,77,6,6
32837,145,129,16,16
32838,55,60,-5,5
32839,113,123,-10,10
32840,72,80,-8,8
32841,199,179,20,20
32842,57,77,-20,20
32843,86,88,-2,2
32844,124,122,2,2
32845,59,81,-22,22
32846,65,48,17,17
32847,82,79,3,3
32848,127,119,8,8
32849,82,81,1,1
32850,101,90,11,11
32851,105,92,13,13
32852,94,91,3,3
32853,125,110,15,15
32854,96,83,13,13
32855,48,51,-3,3
32856,68,74,-6,6
32857,98,94,4,4
32858,152,136,16,16
32859,139,114,25,25
32860,80,90,-10,10
32861,113,107,6,6
32862,102,119,-17,17
32863,94,88,6,6
32864,56,56,0,0
32865,112,107,5,5
32866,71,69,2,2
32867,163,167,-4,4
32868,95,100,-5,5
32869,165,155,10,10
32870,100,110,-10,10
32871,104,94,10,10
32872,68,87,-19,19
32873,152,139,13,13
32874,62,73,-11,11
32875,56,57,-1,1
32876,87,86,1,1
32877,48,54,-6,6
32878,85,74,11,11
32879,82,97,-15,15
32880,70,95,-25,25
32881,80,71,9,9
32882,100,100,0,0
32883,158,149,9,9
32884,143,123,20,20
32885,76,74,2,2
32886,64,59,5,5
32887,121,117,4,4
32888,72,77,-5,5
32889,53,47,6,6
32890,202,197,5,5
32891,54,58,-4,4
32892,58,52,6,6
32893,125,111,14,14
32894,74,62,12,12
32895,58,92,-34,34
32896,144,143,1,1
32897,124,123,1,1
32898,84,75,9,9
32899,27,75,-48,48
32900,84,72,12,12
32901,176,145,31,31
32902,44,52,-8,8
32903,66,65,1,1
32904,73,83,-10,10
32905,71,90,-19,19
32906,42,79,-37,37
32907,61,79,-18,18
32908,71,61,10,10
32909,90,104,-14,14
32910,74,63,11,11
32911,109,94,15,15
32912,124,117,7,7
32913,94,89,5,5
32914,158,177,-19,19
32915,97,83,14,14
32916,73,62,11,11
32917,90,101,-11,11
32918,64,61,3,3
32919,144,157,-13,13
32920,104,104,0,0
32921,186,164,22,22
32922,102,93,9,9
32923,85,85,0,0
32924,96,99,-3,3
32925,122,110,12,12
32926,97,98,-1,1
32927,96,91,5,5
32928,50,47,3,3
32929,110,118,-8,8
32930,89,89,0,0
32931,98,92,6,6
32932,123,127,-4,4
32933,53,58,-5,5
32934,114,122,-8,8
32935,152,151,1,1
32936,146,151,-5,5
32937,134,124,10,10
32938,105,109,-4,4
32939,38,50,-12,12
32940,99,90,9,9
32941,107,100,7,7
32942,92,81,11,11
32943,120,120,0,0
32944,129,129,0,0
32945,95,88,7,7
32946,90,88,2,2
32947,103,100,3,3
32948,114,105,9,9
32949,59,65,-6,6
32950,36,32,4,4
32951,99,95,4,4
32952,76,81,-5,5
32953,149,130,19,19
32954,106,91,15,15
32955,61,62,-1,1
32956,47,62,-15,15
32957,158,165,-7,7
32958,54,45,9,9
32959,50,60,-10,10
32960,98,84,14,14
32961,94,89,5,5
32962,67,62,5,5
32963,49,46,3,3
32964,146,140,6,6
32965,135,115,20,20
32966,87,79,8,8
32967,98,93,5,5
32968,59,60,-1,1
32969,86,80,6,6
32970,62,62,0,0
32971,113,99,14,14
32972,93,91,2,2
32973,75,84,-9,9
32974,83,87,-4,4
32975,138,129,9,9
32976,67,67,0,0
32977,84,81,3,3
32978,117,111,6,6
32979,64,65,-1,1
32980,80,71,9,9
32981,85,84,1,1
32982,67,66,1,1
32983,96,95,1,1
32984,72,71,1,1
32985,63,75,-12,12
32986,151,118,33,33
32987,49,61,-12,12
32988,103,72,31,31
32989,32,30,2,2
32990,70,68,2,2
32991,135,136,-1,1
32992,55,55,0,0
32993,99,92,7,7
32994,114,111,3,3
32995,82,74,8,8
32996,119,117,2,2
32997,104,101,3,3
32998,123,116,7,7
32999,113,115,-2,2
33000,153,155,-2,2
33001,89,93,-4,4
33002,48,79,-31,31
33003,113,109,4,4
33004,83,85,-2,2
33005,129,106,23,23
33006,67,71,-4,4
33007,96,91,5,5
33008,92,88,4,4
33009,103,95,8,8
33010,121,103,18,18
33011,48,52,-4,4
33012,98,92,6,6
33013,112,97,15,15
33014,107,105,2,2
33015,92,75,17,17
33016,72,78,-6,6
33017,86,81,5,5
33018,86,85,1,1
33019,120,113,7,7
33020,65,67,-2,2
33021,86,81,5,5
33022,138,128,10,10
33023,74,93,-19,19
33024,60,59,1,1
33025,125,115,10,10
33026,61,66,-5,5
33027,99,95,4,4
33028,150,141,9,9
33029,69,69,0,0
33030,41,49,-8,8
33031,108,98,10,10
33032,163,169,-6,6
33033,121,112,9,9
33034,72,73,-1,1
33035,109,101,8,8
33036,133,140,-7,7
33037,74,72,2,2
33038,119,114,5,5
33039,77,73,4,4
33040,97,109,-12,12
33041,76,76,0,0
33042,102,94,8,8
33043,88,76,12,12
33044,139,131,8,8
33045,93,87,6,6
33046,171,162,9,9
33047,115,119,-4,4
33048,73,73,0,0
33049,102,103,-1,1
33050,97,94,3,3
33051,107,107,0,0
33052,180,176,4,4
33053,78,74,4,4
33054,279,289,-10,10
33055,86,96,-10,10
33056,80,74,6,6
33057,131,139,-8,8
33058,49,56,-7,7
33059,100,93,7,7
33060,53,62,-9,9
33061,116,106,10,10
33062,61,65,-4,4
33063,73,62,11,11
33064,70,66,4,4
33065,56,54,2,2
33066,69,74,-5,5
33067,76,72,4,4
33068,57,60,-3,3
33069,36,34,2,2
33070,75,80,-5,5
33071,62,65,-3,3
33072,78,73,5,5
33073,112,108,4,4
33074,85,82,3,3
33075,164,146,18,18
33076,52,57,-5,5
33077,102,104,-2,2
33078,34,45,-11,11
33079,52,54,-2,2
33080,63,75,-12,12
33081,60,55,5,5
33082,145,138,7,7
33083,74,79,-5,5
33084,106,113,-7,7
33085,53,50,3,3
33086,114,119,-5,5
33087,135,135,0,0
33088,119,109,10,10
33089,84,93,-9,9
33090,62,64,-2,2
33091,150,155,-5,5
33092,178,225,-47,47
33093,125,122,3,3
33094,125,113,12,12
33095,56,58,-2,2
33096,83,81,2,2
33097,79,86,-7,7
33098,66,73,-7,7
33099,62,59,3,3
33100,77,75,2,2
33101,113,112,1,1
33102,119,122,-3,3
33103,100,90,10,10
33104,121,118,3,3
33105,102,97,5,5
33106,106,117,-11,11
33107,67,65,2,2
33108,104,90,14,14
33109,133,131,2,2
33110,138,124,14,14
33111,62,74,-12,12
33112,110,114,-4,4
33113,140,128,12,12
33114,80,74,6,6
33115,103,104,-1,1
33116,114,105,9,9
33117,55,55,0,0
33118,91,89,2,2
33119,38,50,-12,12
33120,89,78,11,11
33121,129,121,8,8
33122,30,68,-38,38
33123,103,97,6,6
33124,100,97,3,3
33125,87,88,-1,1
33126,99,93,6,6
33127,87,84,3,3
33128,91,90,1,1
33129,105,99,6,6
33130,104,98,6,6
33131,46,37,9,9
33132,86,81,5,5
33133,59,67,-8,8
33134,135,136,-1,1
33135,47,44,3,3
33136,108,90,18,18
33137,108,102,6,6
33138,120,112,8,8
33139,50,77,-27,27
33140,102,122,-20,20
33141,129,135,-6,6
33142,82,122,-40,40
33143,141,124,17,17
33144,87,79,8,8
33145,108,98,10,10
33146,113,121,-8,8
33147,166,160,6,6
33148,82,78,4,4
33149,34,62,-28,28
33150,57,66,-9,9
33151,128,136,-8,8
33152,86,81,5,5
33153,70,62,8,8
33154,106,105,1,1
33155,111,111,0,0
33156,89,103,-14,14
33157,28,36,-8,8
33158,102,100,2,2
33159,159,141,18,18
33160,170,140,30,30
33161,98,97,1,1
33162,77,89,-12,12
33163,118,123,-5,5
33164,96,89,7,7
33165,51,61,-10,10
33166,63,62,1,1
33167,70,68,2,2
33168,99,103,-4,4
33169,58,61,-3,3
33170,60,66,-6,6
33171,78,78,0,0
33172,45,56,-11,11
33173,89,99,-10,10
33174,69,72,-3,3
33175,84,87,-3,3
33176,73,69,4,4
33177,178,163,15,15
33178,63,76,-13,13
33179,108,101,7,7
33180,105,110,-5,5
33181,43,42,1,1
33182,82,72,10,10
33183,76,73,3,3
33184,143,132,11,11
33185,91,90,1,1
33186,63,60,3,3
33187,136,126,10,10
33188,83,80,3,3
33189,128,116,12,12
33190,63,73,-10,10
33191,72,79,-7,7
33192,96,98,-2,2
33193,66,63,3,3
33194,89,109,-20,20
33195,74,62,12,12
33196,69,73,-4,4
33197,86,81,5,5
33198,105,97,8,8
33199,92,92,0,0
33200,49,59,-10,10
33201,151,135,16,16
33202,87,108,-21,21
33203,86,83,3,3
33204,55,61,-6,6
33205,113,120,-7,7
33206,96,87,9,9
33207,84,86,-2,2
33208,102,98,4,4
33209,85,85,0,0
33210,141,135,6,6
33211,90,75,15,15
33212,57,56,1,1
33213,80,85,-5,5
33214,111,102,9,9
33215,82,117,-35,35
33216,85,83,2,2
33217,85,84,1,1
33218,67,70,-3,3
33219,86,84,2,2
33220,102,95,7,7
33221,71,73,-2,2
33222,130,149,-19,19
33223,76,76,0,0
33224,70,75,-5,5
33225,86,90,-4,4
33226,55,55,0,0
33227,97,99,-2,2
33228,98,120,-22,22
33229,70,58,12,12
33230,102,93,9,9
33231,79,67,12,12
33232,104,97,7,7
33233,70,61,9,9
33234,94,88,6,6
33235,103,103,0,0
33236,102,107,-5,5
33237,102,95,7,7
33238,67,64,3,3
33239,165,168,-3,3
33240,73,89,-16,16
33241,149,126,23,23
33242,92,87,5,5
33243,57,70,-13,13
33244,76,64,12,12
33245,129,118,11,11
33246,66,75,-9,9
33247,132,121,11,11
33248,108,103,5,5
33249,162,156,6,6
33250,104,98,6,6
33251,98,101,-3,3
33252,81,69,12,12
33253,106,115,-9,9
33254,134,143,-9,9
33255,118,118,0,0
33256,156,145,11,11
33257,73,76,-3,3
33258,106,108,-2,2
33259,64,60,4,4
33260,66,63,3,3
33261,126,115,11,11
33262,103,106,-3,3
33263,57,59,-2,2
33264,158,172,-14,14
33265,103,100,3,3
33266,103,99,4,4
33267,172,140,32,32
33268,137,136,1,1
33269,95,90,5,5
33270,127,120,7,7
33271,87,87,0,0
33272,136,117,19,19
33273,51,57,-6,6
33274,95,89,6,6
33275,100,100,0,0
33276,140,131,9,9
33277,102,107,-5,5
33278,69,72,-3,3
33279,148,137,11,11
33280,121,134,-13,13
33281,133,144,-11,11
33282,106,105,1,1
33283,95,88,7,7
33284,71,80,-9,9
33285,148,145,3,3
33286,188,178,10,10
33287,111,108,3,3
33288,88,94,-6,6
33289,71,78,-7,7
33290,83,88,-5,5
33291,44,44,0,0
33292,69,61,8,8
33293,44,43,1,1
33294,111,113,-2,2
33295,105,109,-4,4
33296,76,70,6,6
33297,95,92,3,3
33298,181,172,9,9
33299,128,117,11,11
33300,81,79,2,2
33301,175,154,21,21
33302,57,53,4,4
33303,70,64,6,6
33304,77,67,10,10
33305,61,55,6,6
33306,108,101,7,7
33307,69,75,-6,6
33308,61,62,-1,1
33309,116,109,7,7
33310,50,57,-7,7
33311,95,82,13,13
33312,62,70,-8,8
33313,161,156,5,5
33314,101,92,9,9
33315,84,85,-1,1
33316,87,100,-13,13
33317,71,61,10,10
33318,56,55,1,1
33319,77,74,3,3
33320,100,124,-24,24
33321,74,78,-4,4
33322,59,65,-6,6
33323,117,113,4,4
33324,102,98,4,4
33325,97,85,12,12
33326,77,74,3,3
33327,128,127,1,1
33328,89,88,1,1
33329,67,66,1,1
33330,69,70,-1,1
33331,104,103,1,1
33332,55,60,-5,5
33333,62,60,2,2
33334,101,96,5,5
33335,78,86,-8,8
33336,86,83,3,3
33337,81,72,9,9
33338,104,93,11,11
33339,57,50,7,7
33340,101,89,12,12
33341,84,81,3,3
33342,73,81,-8,8
33343,106,111,-5,5
33344,102,105,-3,3
33345,71,81,-10,10
33346,144,138,6,6
33347,131,110,21,21
33348,82,71,11,11
33349,83,77,6,6
33350,169,157,12,12
33351,70,58,12,12
33352,158,138,20,20
33353,162,120,42,42
33354,104,96,8,8
33355,52,49,3,3
33356,59,58,1,1
33357,70,74,-4,4
33358,112,115,-3,3
33359,106,93,13,13
33360,130,120,10,10
33361,111,100,11,11
33362,117,102,15,15
33363,118,121,-3,3
33364,74,77,-3,3
33365,52,53,-1,1
33366,97,107,-10,10
33367,72,75,-3,3
33368,84,81,3,3
33369,50,46,4,4
33370,101,99,2,2
33371,52,51,1,1
33372,85,92,-7,7
33373,90,86,4,4
33374,66,72,-6,6
33375,132,118,14,14
33376,91,93,-2,2
33377,46,44,2,2
33378,36,38,-2,2
33379,94,97,-3,3
33380,65,62,3,3
33381,85,80,5,5
33382,78,73,5,5
33383,140,149,-9,9
33384,79,83,-4,4
33385,108,106,2,2
33386,84,85,-1,1
33387,89,79,10,10
33388,119,99,20,20
33389,52,52,0,0
33390,130,122,8,8
33391,57,51,6,6
33392,128,122,6,6
33393,106,91,15,15
33394,65,59,6,6
33395,75,81,-6,6
33396,153,138,15,15
33397,42,45,-3,3
33398,70,65,5,5
33399,157,150,7,7
33400,153,136,17,17
33401,93,80,13,13
33402,85,79,6,6
33403,70,88,-18,18
33404,84,89,-5,5
33405,61,58,3,3
33406,80,79,1,1
33407,60,57,3,3
33408,60,61,-1,1
33409,122,116,6,6
33410,87,78,9,9
33411,207,155,52,52
33412,102,114,-12,12
33413,52,65,-13,13
33414,75,76,-1,1
33415,62,62,0,0
33416,82,89,-7,7
33417,144,128,16,16
33418,130,130,0,0
33419,90,73,17,17
33420,71,77,-6,6
33421,77,66,11,11
33422,72,75,-3,3
33423,46,49,-3,3
33424,55,62,-7,7
33425,64,97,-33,33
33426,73,68,5,5
33427,76,83,-7,7
33428,100,96,4,4
33429,108,94,14,14
33430,130,119,11,11
33431,136,127,9,9
33432,89,81,8,8
33433,79,92,-13,13
33434,110,99,11,11
33435,125,125,0,0
33436,79,87,-8,8
33437,32,33,-1,1
33438,97,120,-23,23
33439,135,125,10,10
33440,93,94,-1,1
33441,111,104,7,7
33442,87,89,-2,2
33443,131,118,13,13
33444,72,61,11,11
33445,72,81,-9,9
33446,192,169,23,23
33447,129,121,8,8
33448,102,96,6,6
33449,86,77,9,9
33450,134,121,13,13
33451,157,154,3,3
33452,75,74,1,1
33453,93,89,4,4
33454,96,92,4,4
33455,105,101,4,4
33456,110,104,6,6
33457,137,129,8,8
33458,194,211,-17,17
33459,82,87,-5,5
33460,102,103,-1,1
33461,92,89,3,3
33462,119,108,11,11
33463,113,105,8,8
33464,85,90,-5,5
33465,66,67,-1,1
33466,145,140,5,5
33467,112,110,2,2
33468,133,127,6,6
33469,113,99,14,14
33470,175,136,39,39
33471,113,123,-10,10
33472,59,59,0,0
33473,97,100,-3,3
33474,74,76,-2,2
33475,53,52,1,1
33476,108,114,-6,6
33477,133,123,10,10
33478,46,45,1,1
33479,135,121,14,14
33480,111,107,4,4
33481,117,116,1,1
33482,69,69,0,0
33483,175,158,17,17
33484,83,81,2,2
33485,80,81,-1,1
33486,95,107,-12,12
33487,80,79,1,1
33488,71,76,-5,5
33489,61,52,9,9
33490,83,76,7,7
33491,168,163,5,5
33492,78,73,5,5
33493,79,81,-2,2
33494,112,114,-2,2
33495,73,70,3,3
33496,71,88,-17,17
33497,86,83,3,3
33498,105,111,-6,6
33499,103,91,12,12
33500,81,84,-3,3
33501,70,77,-7,7
33502,107,98,9,9
33503,150,153,-3,3
33504,70,58,12,12
33505,80,80,0,0
33506,48,62,-14,14
33507,100,106,-6,6
33508,52,65,-13,13
33509,97,95,2,2
33510,172,168,4,4
33511,28,35,-7,7
33512,42,85,-43,43
33513,120,108,12,12
33514,60,58,2,2
33515,118,104,14,14
33516,175,156,19,19
33517,69,65,4,4
33518,50,49,1,1
33519,90,96,-6,6
33520,109,108,1,1
33521,63,63,0,0
33522,63,59,4,4
33523,54,57,-3,3
33524,115,107,8,8
33525,61,63,-2,2
33526,91,94,-3,3
33527,76,88,-12,12
33528,72,79,-7,7
33529,64,63,1,1
33530,47,45,2,2
33531,67,59,8,8
33532,111,106,5,5
33533,102,131,-29,29
33534,68,61,7,7
33535,101,80,21,21
33536,154,137,17,17
33537,71,72,-1,1
33538,77,84,-7,7
33539,74,73,1,1
33540,95,94,1,1
33541,98,96,2,2
33542,87,79,8,8
33543,134,141,-7,7
33544,118,116,2,2
33545,146,144,2,2
33546,82,92,-10,10
33547,85,71,14,14
33548,68,90,-22,22
33549,62,72,-10,10
33550,79,71,8,8
33551,33,36,-3,3
33552,130,119,11,11
33553,88,73,15,15
33554,132,134,-2,2
33555,69,78,-9,9
33556,98,93,5,5
33557,113,95,18,18
33558,84,88,-4,4
33559,78,74,4,4
33560,121,106,15,15
33561,69,68,1,1
33562,70,83,-13,13
33563,89,96,-7,7
33564,97,94,3,3
33565,89,86,3,3
33566,128,120,8,8
33567,149,139,10,10
33568,115,120,-5,5
33569,68,71,-3,3
33570,44,49,-5,5
33571,36,41,-5,5
33572,64,86,-22,22
33573,75,60,15,15
33574,85,84,1,1
33575,90,84,6,6
33576,98,101,-3,3
33577,110,99,11,11
33578,91,94,-3,3
33579,179,154,25,25
33580,97,94,3,3
33581,65,62,3,3
33582,111,117,-6,6
33583,191,146,45,45
33584,181,155,26,26
33585,58,61,-3,3
33586,90,73,17,17
33587,101,87,14,14
33588,164,144,20,20
33589,117,102,15,15
33590,84,92,-8,8
33591,112,102,10,10
33592,117,103,14,14
33593,80,77,3,3
33594,150,141,9,9
33595,94,91,3,3
33596,115,114,1,1
33597,157,133,24,24
33598,69,72,-3,3
33599,61,56,5,5
33600,97,96,1,1
33601,74,75,-1,1
33602,90,92,-2,2
33603,59,61,-2,2
33604,121,110,11,11
33605,102,90,12,12
33606,107,109,-2,2
33607,102,105,-3,3
33608,256,295,-39,39
33609,75,72,3,3
33610,80,82,-2,2
33611,67,67,0,0
33612,122,115,7,7
33613,65,62,3,3
33614,74,92,-18,18
33615,86,86,0,0
33616,206,223,-17,17
33617,139,137,2,2
33618,76,76,0,0
33619,186,184,2,2
33620,111,109,2,2
33621,80,72,8,8
33622,148,146,2,2
33623,76,82,-6,6
33624,123,135,-12,12
33625,79,96,-17,17
33626,118,116,2,2
33627,51,50,1,1
33628,88,101,-13,13
33629,157,153,4,4
33630,84,94,-10,10
33631,129,117,12,12
33632,131,113,18,18
33633,74,93,-19,19
33634,93,91,2,2
33635,88,88,0,0
33636,74,82,-8,8
33637,102,96,6,6
33638,143,134,9,9
33639,67,56,11,11
33640,197,178,19,19
33641,98,83,15,15
33642,117,106,11,11
33643,120,125,-5,5
33644,118,129,-11,11
33645,63,59,4,4
33646,139,150,-11,11
33647,144,147,-3,3
33648,96,89,7,7
33649,110,85,25,25
33650,121,117,4,4
33651,68,79,-11,11
33652,84,97,-13,13
33653,118,119,-1,1
33654,96,96,0,0
33655,78,84,-6,6
33656,27,33,-6,6
33657,157,146,11,11
33658,137,132,5,5
33659,107,107,0,0
33660,95,88,7,7
33661,45,50,-5,5
33662,69,86,-17,17
33663,196,185,11,11
33664,108,98,10,10
33665,88,81,7,7
33666,199,182,17,17
33667,111,114,-3,3
33668,179,143,36,36
33669,157,157,0,0
33670,82,68,14,14
33671,77,69,8,8
33672,56,53,3,3
33673,63,66,-3,3
33674,196,178,18,18
33675,89,91,-2,2
33676,126,115,11,11
33677,39,40,-1,1
33678,80,86,-6,6
33679,97,92,5,5
33680,85,92,-7,7
33681,58,55,3,3
33682,132,126,6,6
33683,54,69,-15,15
33684,99,92,7,7
33685,91,90,1,1
33686,75,69,6,6
33687,57,62,-5,5
33688,66,78,-12,12
33689,105,112,-7,7
33690,51,59,-8,8
33691,134,107,27,27
33692,27,37,-10,10
33693,71,58,13,13
33694,65,68,-3,3
33695,112,97,15,15
33696,100,100,0,0
33697,56,58,-2,2
33698,74,68,6,6
33699,137,126,11,11
33700,96,96,0,0
33701,113,119,-6,6
33702,56,58,-2,2
33703,91,91,0,0
33704,179,190,-11,11
33705,54,51,3,3
33706,90,82,8,8
33707,92,89,3,3
33708,87,94,-7,7
33709,122,102,20,20
33710,150,132,18,18
33711,90,83,7,7
33712,98,93,5,5
33713,59,55,4,4
33714,122,114,8,8
33715,150,160,-10,10
33716,74,79,-5,5
33717,65,69,-4,4
33718,53,67,-14,14
33719,93,87,6,6
33720,108,98,10,10
33721,70,83,-13,13
33722,135,123,12,12
33723,87,93,-6,6
33724,65,74,-9,9
33725,55,49,6,6
33726,40,36,4,4
33727,88,86,2,2
33728,168,143,25,25
33729,37,41,-4,4
33730,80,76,4,4
33731,92,83,9,9
33732,157,139,18,18
33733,121,117,4,4
33734,119,119,0,0
33735,131,102,29,29
33736,112,97,15,15
33737,71,84,-13,13
33738,73,75,-2,2
33739,99,90,9,9
33740,81,71,10,10
33741,70,70,0,0
33742,91,94,-3,3
33743,63,60,3,3
33744,65,63,2,2
33745,92,98,-6,6
33746,83,77,6,6
33747,62,68,-6,6
33748,137,120,17,17
33749,194,177,17,17
33750,104,95,9,9
33751,136,128,8,8
33752,149,147,2,2
33753,109,103,6,6
33754,70,70,0,0
33755,121,107,14,14
33756,73,85,-12,12
33757,97,88,9,9
33758,105,95,10,10
33759,131,114,17,17
33760,118,106,12,12
33761,97,92,5,5
33762,49,55,-6,6
33763,110,108,2,2
33764,87,85,2,2
33765,107,97,10,10
33766,72,77,-5,5
33767,173,146,27,27
33768,117,117,0,0
33769,91,91,0,0
33770,93,73,20,20
33771,34,28,6,6
33772,75,70,5,5
33773,110,111,-1,1
33774,76,91,-15,15
33775,122,146,-24,24
33776,94,95,-1,1
33777,60,61,-1,1
33778,96,99,-3,3
33779,92,88,4,4
33780,155,136,19,19
33781,116,102,14,14
33782,113,109,4,4
33783,70,61,9,9
33784,127,137,-10,10
33785,104,128,-24,24
33786,103,104,-1,1
33787,66,63,3,3
33788,58,55,3,3
33789,47,58,-11,11
33790,124,123,1,1
33791,47,44,3,3
33792,134,118,16,16
33793,126,121,5,5
33794,133,132,1,1
33795,101,110,-9,9
33796,48,50,-2,2
33797,69,71,-2,2
33798,62,56,6,6
33799,112,96,16,16
33800,124,123,1,1
33801,68,64,4,4
33802,70,70,0,0
33803,98,95,3,3
33804,61,78,-17,17
33805,98,107,-9,9
33806,128,104,24,24
33807,112,100,12,12
33808,62,70,-8,8
33809,106,94,12,12
33810,90,80,10,10
33811,57,56,1,1
33812,127,117,10,10
33813,83,76,7,7
33814,123,123,0,0
33815,99,93,6,6
33816,114,112,2,2
33817,124,125,-1,1
33818,63,64,-1,1
33819,169,157,12,12
33820,86,85,1,1
33821,97,95,2,2
33822,95,83,12,12
33823,97,83,14,14
33824,120,106,14,14
33825,100,97,3,3
33826,127,137,-10,10
33827,65,66,-1,1
33828,74,72,2,2
33829,146,136,10,10
33830,93,97,-4,4
33831,76,66,10,10
33832,127,121,6,6
33833,61,64,-3,3
33834,81,84,-3,3
33835,132,109,23,23
33836,69,63,6,6
33837,56,66,-10,10
33838,103,100,3,3
33839,110,113,-3,3
33840,102,95,7,7
33841,74,70,4,4
33842,111,111,0,0
33843,74,74,0,0
33844,58,54,4,4
33845,96,104,-8,8
33846,67,70,-3,3
33847,57,60,-3,3
33848,104,93,11,11
33849,60,65,-5,5
33850,50,60,-10,10
33851,120,115,5,5
33852,73,75,-2,2
33853,45,42,3,3
33854,95,95,0,0
33855,125,132,-7,7
33856,106,100,6,6
33857,80,71,9,9
33858,138,132,6,6
33859,105,106,-1,1
33860,100,113,-13,13
33861,89,85,4,4
33862,161,129,32,32
33863,115,123,-8,8
33864,109,98,11,11
33865,120,111,9,9
33866,64,68,-4,4
33867,85,86,-1,1
33868,139,130,9,9
33869,56,59,-3,3
33870,100,102,-2,2
33871,61,56,5,5
33872,87,90,-3,3
33873,78,65,13,13
33874,135,122,13,13
33875,149,145,4,4
33876,123,119,4,4
33877,114,92,22,22
33878,106,108,-2,2
33879,121,97,24,24
33880,103,111,-8,8
33881,133,122,11,11
33882,83,81,2,2
33883,90,80,10,10
33884,43,36,7,7
33885,195,165,30,30
33886,82,84,-2,2
33887,121,106,15,15
33888,77,74,3,3
33889,80,80,0,0
33890,56,58,-2,2
33891,70,69,1,1
33892,57,53,4,4
33893,98,97,1,1
33894,85,83,2,2
33895,102,98,4,4
33896,114,100,14,14
33897,153,127,26,26
33898,61,62,-1,1
33899,99,95,4,4
33900,77,67,10,10
33901,89,71,18,18
33902,79,70,9,9
33903,108,116,-8,8
33904,102,86,16,16
33905,54,60,-6,6
33906,101,98,3,3
33907,131,106,25,25
33908,56,63,-7,7
33909,110,98,12,12
33910,78,66,12,12
33911,153,139,14,14
33912,73,79,-6,6
33913,105,97,8,8
33914,57,73,-16,16
33915,95,104,-9,9
33916,56,64,-8,8
33917,107,95,12,12
33918,62,80,-18,18
33919,157,150,7,7
33920,94,90,4,4
33921,84,67,17,17
33922,131,112,19,19
33923,75,74,1,1
33924,122,114,8,8
33925,114,119,-5,5
33926,61,57,4,4
33927,137,138,-1,1
33928,72,67,5,5
33929,115,98,17,17
33930,49,78,-29,29
33931,98,91,7,7
33932,114,107,7,7
33933,79,84,-5,5
33934,75,67,8,8
33935,111,97,14,14
33936,84,89,-5,5
33937,61,65,-4,4
33938,70,74,-4,4
33939,103,105,-2,2
33940,119,103,16,16
33941,62,56,6,6
33942,94,82,12,12
33943,161,144,17,17
33944,253,240,13,13
33945,112,106,6,6
33946,63,79,-16,16
33947,90,92,-2,2
33948,124,113,11,11
33949,85,74,11,11
33950,167,159,8,8
33951,115,103,12,12
33952,113,102,11,11
33953,95,91,4,4
33954,93,84,9,9
33955,138,121,17,17
33956,74,72,2,2
33957,52,68,-16,16
33958,104,104,0,0
33959,143,126,17,17
33960,74,78,-4,4
33961,69,65,4,4
33962,133,185,-52,52
33963,82,77,5,5
33964,98,85,13,13
33965,77,76,1,1
33966,142,138,4,4
33967,84,91,-7,7
33968,95,93,2,2
33969,83,79,4,4
33970,114,97,17,17
33971,53,74,-21,21
33972,91,85,6,6
33973,122,123,-1,1
33974,89,108,-19,19
33975,81,84,-3,3
33976,110,109,1,1
33977,96,90,6,6
33978,119,107,12,12
33979,80,81,-1,1
33980,108,97,11,11
33981,71,73,-2,2
33982,80,68,12,12
33983,157,164,-7,7
33984,85,69,16,16
33985,47,57,-10,10
33986,68,68,0,0
33987,86,72,14,14
33988,71,69,2,2
33989,64,61,3,3
33990,65,57,8,8
33991,155,164,-9,9
33992,108,116,-8,8
33993,188,153,35,35
33994,109,101,8,8
33995,64,76,-12,12
33996,120,132,-12,12
33997,72,62,10,10
33998,55,59,-4,4
33999,69,67,2,2
34000,186,148,38,38
34001,96,106,-10,10
34002,77,75,2,2
34003,83,83,0,0
34004,79,73,6,6
34005,55,69,-14,14
34006,155,145,10,10
34007,91,86,5,5
34008,48,54,-6,6
34009,122,112,10,10
34010,75,86,-11,11
34011,109,110,-1,1
34012,110,105,5,5
34013,79,78,1,1
34014,69,68,1,1
34015,78,81,-3,3
34016,129,129,0,0
34017,131,123,8,8
34018,45,46,-1,1
34019,96,84,12,12
34020,105,117,-12,12
34021,128,126,2,2
34022,139,137,2,2
34023,116,103,13,13
34024,81,81,0,0
34025,77,81,-4,4
34026,100,97,3,3
34027,68,58,10,10
34028,70,75,-5,5
34029,222,280,-58,58
34030,22,27,-5,5
34031,121,118,3,3
34032,67,72,-5,5
34033,87,71,16,16
34034,58,61,-3,3
34035,69,79,-10,10
34036,71,82,-11,11
34037,54,63,-9,9
34038,60,53,7,7
34039,87,82,5,5
34040,101,92,9,9
34041,61,62,-1,1
34042,141,116,25,25
34043,121,134,-13,13
34044,102,87,15,15
34045,78,76,2,2
34046,96,102,-6,6
34047,56,59,-3,3
34048,101,86,15,15
34049,64,70,-6,6
34050,55,65,-10,10
34051,89,79,10,10
34052,84,73,11,11
34053,90,84,6,6
34054,166,152,14,14
34055,85,99,-14,14
34056,94,88,6,6
34057,130,148,-18,18
34058,146,136,10,10
34059,77,95,-18,18
34060,97,93,4,4
34061,102,101,1,1
34062,150,148,2,2
34063,104,91,13,13
34064,90,87,3,3
34065,70,63,7,7
34066,45,43,2,2
34067,76,71,5,5
34068,90,100,-10,10
34069,63,62,1,1
34070,123,115,8,8
34071,91,73,18,18
34072,102,88,14,14
34073,120,108,12,12
34074,48,69,-21,21
34075,42,43,-1,1
34076,85,83,2,2
34077,67,57,10,10
34078,73,59,14,14
34079,67,71,-4,4
34080,87,82,5,5
34081,172,132,40,40
34082,128,138,-10,10
34083,116,115,1,1
34084,102,91,11,11
34085,134,132,2,2
34086,94,104,-10,10
34087,55,52,3,3
34088,175,177,-2,2
34089,71,69,2,2
34090,53,60,-7,7
34091,92,99,-7,7
34092,111,101,10,10
34093,120,115,5,5
34094,107,107,0,0
34095,48,39,9,9
34096,85,79,6,6
34097,122,137,-15,15
34098,90,89,1,1
34099,70,66,4,4
34100,63,63,0,0
34101,110,98,12,12
34102,56,59,-3,3
34103,96,97,-1,1
34104,79,77,2,2
34105,56,55,1,1
34106,115,100,15,15
34107,60,60,0,0
34108,59,63,-4,4
34109,74,74,0,0
34110,110,115,-5,5
34111,99,109,-10,10
34112,106,106,0,0
34113,62,59,3,3
34114,93,92,1,1
34115,59,56,3,3
34116,88,82,6,6
34117,75,94,-19,19
34118,78,68,10,10
34119,67,67,0,0
34120,118,101,17,17
34121,66,58,8,8
34122,69,69,0,0
34123,110,91,19,19
34124,102,98,4,4
34125,127,124,3,3
34126,99,96,3,3
34127,127,128,-1,1
34128,97,86,11,11
34129,52,50,2,2
34130,56,61,-5,5
34131,64,61,3,3
34132,111,97,14,14
34133,114,110,4,4
34134,162,142,20,20
34135,56,71,-15,15
34136,35,33,2,2
34137,83,86,-3,3
34138,151,150,1,1
34139,77,76,1,1
34140,65,67,-2,2
34141,67,70,-3,3
34142,81,80,1,1
34143,56,59,-3,3
34144,67,64,3,3
34145,59,61,-2,2
34146,142,123,19,19
34147,79,79,0,0
34148,104,102,2,2
34149,68,68,0,0
34150,67,75,-8,8
34151,56,54,2,2
34152,66,70,-4,4
34153,31,35,-4,4
34154,121,110,11,11
34155,115,104,11,11
34156,68,65,3,3
34157,103,100,3,3
34158,71,70,1,1
34159,115,116,-1,1
34160,122,108,14,14
34161,99,89,10,10
34162,112,104,8,8
34163,215,233,-18,18
34164,68,73,-5,5
34165,84,86,-2,2
34166,82,79,3,3
34167,82,80,2,2
34168,95,89,6,6
34169,80,77,3,3
34170,121,102,19,19
34171,103,93,10,10
34172,74,81,-7,7
34173,59,56,3,3
34174,106,102,4,4
34175,62,51,11,11
34176,49,51,-2,2
34177,62,60,2,2
34178,151,152,-1,1
34179,178,148,30,30
34180,96,86,10,10
34181,91,92,-1,1
34182,74,83,-9,9
34183,78,90,-12,12
34184,95,113,-18,18
34185,109,104,5,5
34186,59,63,-4,4
34187,64,53,11,11
34188,122,109,13,13
34189,106,114,-8,8
34190,137,131,6,6
34191,79,80,-1,1
34192,45,53,-8,8
34193,96,84,12,12
34194,53,51,2,2
34195,121,110,11,11
34196,138,146,-8,8
34197,107,94,13,13
34198,90,84,6,6
34199,83,84,-1,1
34200,65,62,3,3
34201,68,76,-8,8
34202,50,51,-1,1
34203,44,63,-19,19
34204,78,79,-1,1
34205,74,76,-2,2
34206,67,61,6,6
34207,116,103,13,13
34208,50,46,4,4
34209,100,88,12,12
34210,52,48,4,4
34211,70,65,5,5
34212,92,90,2,2
34213,130,122,8,8
34214,139,146,-7,7
34215,96,92,4,4
34216,98,92,6,6
34217,49,47,2,2
34218,90,90,0,0
34219,103,100,3,3
34220,39,46,-7,7
34221,172,150,22,22
34222,104,103,1,1
34223,63,60,3,3
34224,78,74,4,4
34225,65,70,-5,5
34226,58,55,3,3
34227,140,143,-3,3
34228,95,102,-7,7
34229,77,80,-3,3
34230,122,117,5,5
34231,63,56,7,7
34232,26,29,-3,3
34233,78,70,8,8
34234,60,68,-8,8
34235,80,76,4,4
34236,96,95,1,1
34237,62,66,-4,4
34238,77,78,-1,1
34239,101,88,13,13
34240,103,104,-1,1
34241,87,92,-5,5
34242,132,118,14,14
34243,223,197,26,26
34244,117,106,11,11
34245,151,140,11,11
34246,87,95,-8,8
34247,103,98,5,5
34248,59,67,-8,8
34249,150,121,29,29
34250,100,89,11,11
34251,92,89,3,3
34252,65,76,-11,11
34253,72,58,14,14
34254,48,44,4,4
34255,114,106,8,8
34256,63,57,6,6
34257,139,132,7,7
34258,86,85,1,1
34259,96,73,23,23
34260,80,76,4,4
34261,126,110,16,16
34262,112,110,2,2
34263,99,108,-9,9
34264,83,75,8,8
34265,62,56,6,6
34266,53,60,-7,7
34267,40,42,-2,2
34268,103,112,-9,9
34269,87,80,7,7
34270,66,70,-4,4
34271,116,104,12,12
34272,107,92,15,15
34273,121,119,2,2
34274,114,103,11,11
34275,111,111,0,0
34276,105,100,5,5
34277,103,104,-1,1
34278,106,99,7,7
34279,126,125,1,1
34280,104,103,1,1
34281,77,71,6,6
34282,114,114,0,0
34283,77,72,5,5
34284,83,79,4,4
34285,78,86,-8,8
34286,81,74,7,7
34287,64,69,-5,5
34288,134,131,3,3
34289,78,79,-1,1
34290,137,129,8,8
34291,80,76,4,4
34292,145,125,20,20
34293,103,114,-11,11
34294,101,97,4,4
34295,87,80,7,7
34296,83,82,1,1
34297,98,91,7,7
34298,133,123,10,10
34299,114,119,-5,5
34300,119,103,16,16
34301,94,90,4,4
34302,85,90,-5,5
34303,162,158,4,4
34304,85,76,9,9
34305,62,67,-5,5
34306,83,84,-1,1
34307,99,93,6,6
34308,79,88,-9,9
34309,95,93,2,2
34310,140,126,14,14
34311,165,157,8,8
34312,104,97,7,7
34313,110,119,-9,9
34314,138,174,-36,36
34315,117,136,-19,19
34316,120,104,16,16
34317,67,77,-10,10
34318,82,73,9,9
34319,110,101,9,9
34320,110,98,12,12
34321,63,74,-11,11
34322,54,58,-4,4
34323,128,136,-8,8
34324,90,80,10,10
34325,99,103,-4,4
34326,121,144,-23,23
34327,47,56,-9,9
34328,88,80,8,8
34329,96,77,19,19
34330,83,99,-16,16
34331,91,76,15,15
34332,100,92,8,8
34333,68,64,4,4
34334,44,51,-7,7
34335,94,92,2,2
34336,48,51,-3,3
34337,63,62,1,1
34338,114,112,2,2
34339,88,77,11,11
34340,105,99,6,6
34341,67,71,-4,4
34342,61,57,4,4
34343,120,120,0,0
34344,111,97,14,14
34345,102,92,10,10
34346,111,104,7,7
34347,48,55,-7,7
34348,102,101,1,1
34349,101,98,3,3
34350,88,92,-4,4
34351,58,63,-5,5
34352,64,55,9,9
34353,65,66,-1,1
34354,156,146,10,10
34355,84,82,2,2
34356,169,146,23,23
34357,130,100,30,30
34358,51,66,-15,15
34359,60,52,8,8
34360,109,106,3,3
34361,107,105,2,2
34362,133,147,-14,14
34363,73,78,-5,5
34364,117,121,-4,4
34365,105,100,5,5
34366,118,144,-26,26
34367,107,105,2,2
34368,89,84,5,5
34369,130,122,8,8
34370,107,95,12,12
34371,86,92,-6,6
34372,87,89,-2,2
34373,166,164,2,2
34374,91,96,-5,5
34375,83,70,13,13
34376,90,85,5,5
34377,60,69,-9,9
34378,73,77,-4,4
34379,133,121,12,12
34380,131,126,5,5
34381,128,146,-18,18
34382,93,91,2,2
34383,48,56,-8,8
34384,126,102,24,24
34385,62,69,-7,7
34386,50,67,-17,17
34387,70,69,1,1
34388,111,117,-6,6
34389,89,71,18,18
34390,94,96,-2,2
34391,38,44,-6,6
34392,76,84,-8,8
34393,92,96,-4,4
34394,66,64,2,2
34395,84,83,1,1
34396,72,67,5,5
34397,79,75,4,4
34398,78,79,-1,1
34399,61,64,-3,3
34400,68,66,2,2
34401,114,102,12,12
34402,84,81,3,3
34403,51,68,-17,17
34404,96,91,5,5
34405,74,62,12,12
34406,64,66,-2,2
34407,79,63,16,16
34408,89,83,6,6
34409,150,155,-5,5
34410,137,114,23,23
34411,62,71,-9,9
34412,120,115,5,5
34413,75,49,26,26
34414,63,64,-1,1
34415,144,160,-16,16
34416,83,82,1,1
34417,71,99,-28,28
34418,125,123,2,2
34419,71,68,3,3
34420,90,93,-3,3
34421,57,52,5,5
34422,68,67,1,1
34423,117,103,14,14
34424,142,129,13,13
34425,95,91,4,4
34426,91,96,-5,5
34427,86,87,-1,1
34428,119,113,6,6
34429,71,63,8,8
34430,97,85,12,12
34431,92,93,-1,1
34432,86,78,8,8
34433,48,65,-17,17
34434,50,43,7,7
34435,105,149,-44,44
34436,105,104,1,1
34437,127,104,23,23
34438,108,108,0,0
34439,71,68,3,3
34440,73,73,0,0
34441,68,78,-10,10
34442,147,127,20,20
34443,142,139,3,3
34444,39,45,-6,6
34445,91,82,9,9
34446,79,81,-2,2
34447,84,75,9,9
34448,123,124,-1,1
34449,63,72,-9,9
34450,196,197,-1,1
34451,161,165,-4,4
34452,152,118,34,34
34453,144,129,15,15
34454,96,87,9,9
34455,125,121,4,4
34456,82,73,9,9
34457,128,114,14,14
34458,160,169,-9,9
34459,43,52,-9,9
34460,68,72,-4,4
34461,108,85,23,23
34462,74,63,11,11
34463,52,57,-5,5
34464,107,115,-8,8
34465,64,63,1,1
34466,89,84,5,5
34467,85,68,17,17
34468,73,76,-3,3
34469,177,179,-2,2
34470,111,111,0,0
34471,67,74,-7,7
34472,76,83,-7,7
34473,152,131,21,21
34474,90,87,3,3
34475,79,73,6,6
34476,99,98,1,1
34477,78,64,14,14
34478,131,126,5,5
34479,100,81,19,19
34480,74,81,-7,7
34481,99,95,4,4
34482,135,134,1,1
34483,104,104,0,0
34484,67,63,4,4
34485,102,98,4,4
34486,48,47,1,1
34487,243,252,-9,9
34488,97,89,8,8
34489,112,106,6,6
34490,118,119,-1,1
34491,77,79,-2,2
34492,73,64,9,9
34493,99,98,1,1
34494,60,85,-25,25
34495,155,159,-4,4
34496,125,122,3,3
34497,202,162,40,40
34498,82,90,-8,8
34499,100,88,12,12
34500,78,76,2,2
34501,59,68,-9,9
34502,48,53,-5,5
34503,121,116,5,5
34504,128,112,16,16
34505,96,99,-3,3
34506,133,127,6,6
34507,107,100,7,7
34508,106,97,9,9
34509,111,120,-9,9
34510,48,68,-20,20
34511,79,81,-2,2
34512,121,107,14,14
34513,147,141,6,6
34514,113,104,9,9
34515,58,55,3,3
34516,93,71,22,22
34517,109,106,3,3
34518,85,88,-3,3
34519,69,70,-1,1
34520,70,71,-1,1
34521,81,83,-2,2
34522,47,42,5,5
34523,121,112,9,9
34524,151,139,12,12
34525,80,81,-1,1
34526,60,59,1,1
34527,133,124,9,9
34528,65,71,-6,6
34529,162,158,4,4
34530,73,66,7,7
34531,108,98,10,10
34532,87,77,10,10
34533,101,101,0,0
34534,90,89,1,1
34535,130,144,-14,14
34536,133,124,9,9
34537,139,123,16,16
34538,95,94,1,1
34539,96,97,-1,1
34540,66,68,-2,2
34541,69,67,2,2
34542,69,79,-10,10
34543,86,80,6,6
34544,95,100,-5,5
34545,91,83,8,8
34546,189,166,23,23
34547,109,107,2,2
34548,63,66,-3,3
34549,156,156,0,0
34550,64,63,1,1
34551,117,120,-3,3
34552,55,52,3,3
34553,115,116,-1,1
34554,103,96,7,7
34555,155,131,24,24
34556,78,74,4,4
34557,159,163,-4,4
34558,73,70,3,3
34559,188,183,5,5
34560,150,145,5,5
34561,103,96,7,7
34562,80,85,-5,5
34563,92,90,2,2
34564,121,128,-7,7
34565,113,111,2,2
34566,106,100,6,6
34567,72,67,5,5
34568,120,122,-2,2
34569,49,48,1,1
34570,124,120,4,4
34571,82,81,1,1
34572,145,154,-9,9
34573,61,57,4,4
34574,108,97,11,11
34575,53,57,-4,4
34576,117,108,9,9
34577,88,87,1,1
34578,122,86,36,36
34579,56,51,5,5
34580,161,128,33,33
34581,115,106,9,9
34582,100,104,-4,4
34583,149,148,1,1
34584,126,121,5,5
34585,74,77,-3,3
34586,124,113,11,11
34587,101,100,1,1
34588,83,100,-17,17
34589,105,98,7,7
34590,143,141,2,2
34591,153,157,-4,4
34592,54,50,4,4
34593,52,57,-5,5
34594,87,84,3,3
34595,63,67,-4,4
34596,84,88,-4,4
34597,96,89,7,7
34598,59,63,-4,4
34599,141,130,11,11
34600,121,112,9,9
34601,21,32,-11,11
34602,93,87,6,6
34603,126,127,-1,1
34604,91,85,6,6
34605,126,116,10,10
34606,79,76,3,3
34607,133,139,-6,6
34608,72,75,-3,3
34609,117,105,12,12
34610,51,66,-15,15
34611,92,90,2,2
34612,78,82,-4,4
34613,70,75,-5,5
34614,77,76,1,1
34615,94,83,11,11
34616,75,75,0,0
34617,93,89,4,4
34618,75,59,16,16
34619,149,140,9,9
34620,99,97,2,2
34621,94,98,-4,4
34622,98,91,7,7
34623,68,70,-2,2
34624,101,125,-24,24
34625,115,99,16,16
34626,87,83,4,4
34627,100,118,-18,18
34628,80,86,-6,6
34629,133,123,10,10
34630,54,62,-8,8
34631,164,156,8,8
34632,98,97,1,1
34633,75,70,5,5
34634,77,71,6,6
34635,126,116,10,10
34636,124,118,6,6
34637,89,87,2,2
34638,77,81,-4,4
34639,162,147,15,15
34640,129,113,16,16
34641,126,122,4,4
34642,90,81,9,9
34643,145,138,7,7
34644,59,70,-11,11
34645,79,74,5,5
34646,100,98,2,2
34647,136,120,16,16
34648,53,58,-5,5
34649,109,102,7,7
34650,79,79,0,0
34651,111,109,2,2
34652,172,124,48,48
34653,142,132,10,10
34654,81,77,4,4
34655,100,96,4,4
34656,71,75,-4,4
34657,37,41,-4,4
34658,91,89,2,2
34659,85,81,4,4
34660,96,93,3,3
34661,96,91,5,5
34662,72,58,14,14
34663,58,51,7,7
34664,128,130,-2,2
34665,90,83,7,7
34666,79,76,3,3
34667,57,49,8,8
34668,164,133,31,31
34669,147,105,42,42
34670,42,47,-5,5
34671,92,100,-8,8
34672,73,76,-3,3
34673,80,82,-2,2
34674,82,78,4,4
34675,82,90,-8,8
34676,124,116,8,8
34677,87,94,-7,7
34678,93,91,2,2
34679,151,133,18,18
34680,88,81,7,7
34681,99,94,5,5
34682,104,104,0,0
34683,80,79,1,1
34684,91,82,9,9
34685,116,130,-14,14
34686,136,120,16,16
34687,76,105,-29,29
34688,125,121,4,4
34689,99,92,7,7
34690,112,125,-13,13
34691,103,117,-14,14
34692,152,143,9,9
34693,122,114,8,8
34694,74,67,7,7
34695,106,99,7,7
34696,76,67,9,9
34697,59,55,4,4
34698,100,123,-23,23
34699,58,66,-8,8
34700,69,70,-1,1
34701,120,115,5,5
34702,74,69,5,5
34703,55,60,-5,5
34704,89,82,7,7
34705,79,87,-8,8
34706,137,134,3,3
34707,81,82,-1,1
34708,64,73,-9,9
34709,170,169,1,1
34710,69,64,5,5
34711,72,73,-1,1
34712,73,72,1,1
34713,66,64,2,2
34714,114,107,7,7
34715,96,106,-10,10
34716,67,58,9,9
34717,83,84,-1,1
34718,72,64,8,8
34719,150,131,19,19
34720,56,44,12,12
34721,66,71,-5,5
34722,53,69,-16,16
34723,169,143,26,26
34724,66,66,0,0
34725,105,111,-6,6
34726,101,96,5,5
34727,78,79,-1,1
34728,130,122,8,8
34729,140,131,9,9
34730,91,106,-15,15
34731,89,69,20,20
34732,73,69,4,4
34733,111,107,4,4
34734,111,112,-1,1
34735,154,141,13,13
34736,56,51,5,5
34737,136,125,11,11
34738,101,94,7,7
34739,120,119,1,1
34740,62,54,8,8
34741,105,96,9,9
34742,76,73,3,3
34743,161,162,-1,1
34744,88,96,-8,8
34745,51,59,-8,8
34746,108,109,-1,1
34747,101,95,6,6
34748,74,73,1,1
34749,189,177,12,12
34750,46,42,4,4
34751,58,58,0,0
34752,100,95,5,5
34753,171,135,36,36
34754,45,46,-1,1
34755,87,60,27,27
34756,57,56,1,1
34757,137,116,21,21
34758,72,69,3,3
34759,115,106,9,9
34760,98,92,6,6
34761,58,61,-3,3
34762,87,106,-19,19
34763,79,78,1,1
34764,79,66,13,13
34765,67,60,7,7
34766,32,38,-6,6
34767,76,75,1,1
34768,80,68,12,12
34769,106,95,11,11
34770,54,58,-4,4
34771,75,78,-3,3
34772,149,151,-2,2
34773,110,99,11,11
34774,106,110,-4,4
34775,130,129,1,1
34776,49,46,3,3
34777,119,121,-2,2
34778,75,79,-4,4
34779,89,87,2,2
34780,63,61,2,2
34781,64,60,4,4
34782,116,107,9,9
34783,79,67,12,12
34784,92,92,0,0
34785,70,70,0,0
34786,120,112,8,8
34787,165,158,7,7
34788,187,198,-11,11
34789,82,74,8,8
34790,53,63,-10,10
34791,88,83,5,5
34792,75,71,4,4
34793,66,54,12,12
34794,80,80,0,0
34795,113,101,12,12
34796,48,49,-1,1
34797,52,47,5,5
34798,169,164,5,5
34799,100,108,-8,8
34800,71,78,-7,7
34801,103,116,-13,13
34802,127,123,4,4
34803,132,143,-11,11
34804,136,126,10,10
34805,67,68,-1,1
34806,127,116,11,11
34807,142,144,-2,2
34808,114,111,3,3
34809,71,85,-14,14
34810,77,76,1,1
34811,86,94,-8,8
34812,166,153,13,13
34813,116,108,8,8
34814,42,40,2,2
34815,91,83,8,8
34816,81,68,13,13
34817,109,100,9,9
34818,164,159,5,5
34819,119,115,4,4
34820,79,84,-5,5
34821,122,115,7,7
34822,67,64,3,3
34823,96,88,8,8
34824,81,73,8,8
34825,110,81,29,29
34826,142,131,11,11
34827,30,41,-11,11
34828,102,103,-1,1
34829,128,115,13,13
34830,127,122,5,5
34831,55,85,-30,30
34832,125,149,-24,24
34833,85,90,-5,5
34834,82,89,-7,7
34835,99,112,-13,13
34836,142,139,3,3
34837,99,103,-4,4
34838,96,100,-4,4
34839,87,102,-15,15
34840,76,74,2,2
34841,95,90,5,5
34842,61,62,-1,1
34843,58,61,-3,3
34844,88,85,3,3
34845,87,98,-11,11
34846,89,83,6,6
34847,100,91,9,9
34848,87,92,-5,5
34849,86,85,1,1
34850,43,56,-13,13
34851,33,36,-3,3
34852,97,92,5,5
34853,130,112,18,18
34854,149,127,22,22
34855,139,111,28,28
34856,71,74,-3,3
34857,53,64,-11,11
34858,69,68,1,1
34859,114,97,17,17
34860,60,66,-6,6
34861,53,61,-8,8
34862,80,76,4,4
34863,75,76,-1,1
34864,101,122,-21,21
34865,147,136,11,11
34866,100,85,15,15
34867,112,113,-1,1
34868,61,60,1,1
34869,68,66,2,2
34870,41,56,-15,15
34871,72,61,11,11
34872,69,76,-7,7
34873,135,121,14,14
34874,112,114,-2,2
34875,63,58,5,5
34876,83,77,6,6
34877,74,84,-10,10
34878,85,102,-17,17
34879,91,82,9,9
34880,150,143,7,7
34881,96,90,6,6
34882,61,89,-28,28
34883,51,66,-15,15
34884,61,61,0,0
34885,143,153,-10,10
34886,64,61,3,3
34887,59,59,0,0
34888,67,78,-11,11
34889,65,60,5,5
34890,142,136,6,6
34891,66,68,-2,2
34892,73,78,-5,5
34893,107,98,9,9
34894,112,92,20,20
34895,104,101,3,3
34896,46,46,0,0
34897,83,84,-1,1
34898,89,81,8,8
34899,73,63,10,10
34900,59,60,-1,1
34901,59,59,0,0
34902,112,104,8,8
34903,75,72,3,3
34904,68,70,-2,2
34905,80,82,-2,2
34906,70,74,-4,4
34907,77,81,-4,4
34908,49,49,0,0
34909,91,90,1,1
34910,65,66,-1,1
34911,77,75,2,2
34912,130,104,26,26
34913,77,73,4,4
34914,175,169,6,6
34915,103,101,2,2
34916,79,75,4,4
34917,74,64,10,10
34918,98,98,0,0
34919,111,104,7,7
34920,105,123,-18,18
34921,106,103,3,3
34922,43,44,-1,1
34923,91,94,-3,3
34924,88,83,5,5
34925,121,118,3,3
34926,111,100,11,11
34927,65,68,-3,3
34928,63,64,-1,1
34929,91,96,-5,5
34930,70,80,-10,10
34931,117,110,7,7
34932,56,59,-3,3
34933,153,149,4,4
34934,135,121,14,14
34935,66,68,-2,2
34936,97,100,-3,3
34937,94,97,-3,3
34938,79,83,-4,4
34939,89,78,11,11
34940,117,109,8,8
34941,50,58,-8,8
34942,172,178,-6,6
34943,71,73,-2,2
34944,94,100,-6,6
34945,146,146,0,0
34946,57,52,5,5
34947,91,90,1,1
34948,44,49,-5,5
34949,124,126,-2,2
34950,117,91,26,26
34951,93,87,6,6
34952,100,101,-1,1
34953,167,165,2,2
34954,97,92,5,5
34955,117,106,11,11
34956,142,130,12,12
34957,62,60,2,2
34958,99,98,1,1
34959,83,77,6,6
34960,61,59,2,2
34961,80,85,-5,5
34962,85,79,6,6
34963,102,97,5,5
34964,127,129,-2,2
34965,123,124,-1,1
34966,117,115,2,2
34967,102,113,-11,11
34968,100,90,10,10
34969,105,96,9,9
34970,116,93,23,23
34971,104,104,0,0
34972,70,69,1,1
34973,71,71,0,0
34974,59,65,-6,6
34975,86,81,5,5
34976,121,95,26,26
34977,104,94,10,10
34978,93,88,5,5
34979,78,78,0,0
34980,124,116,8,8
34981,83,85,-2,2
34982,126,122,4,4
34983,91,88,3,3
34984,89,95,-6,6
34985,79,69,10,10
34986,110,106,4,4
34987,80,82,-2,2
34988,116,110,6,6
34989,133,117,16,16
34990,91,120,-29,29
34991,94,84,10,10
34992,160,140,20,20
34993,107,108,-1,1
34994,61,68,-7,7
34995,74,59,15,15
34996,80,82,-2,2
34997,50,60,-10,10
34998,98,92,6,6
34999,47,54,-7,7
35000,63,84,-21,21
35001,92,100,-8,8
35002,97,98,-1,1
35003,101,104,-3,3
35004,48,51,-3,3
35005,114,106,8,8
35006,106,94,12,12
35007,98,88,10,10
35008,133,131,2,2
35009,98,88,10,10
35010,41,41,0,0
35011,85,85,0,0
35012,102,100,2,2
35013,97,92,5,5
35014,49,48,1,1
35015,50,54,-4,4
35016,86,86,0,0
35017,96,105,-9,9
35018,110,98,12,12
35019,95,90,5,5
35020,89,79,10,10
35021,92,86,6,6
35022,109,92,17,17
35023,75,68,7,7
35024,61,57,4,4
35025,82,90,-8,8
35026,88,89,-1,1
35027,139,117,22,22
35028,67,76,-9,9
35029,106,106,0,0
35030,108,109,-1,1
35031,80,85,-5,5
35032,78,85,-7,7
35033,87,92,-5,5
35034,57,58,-1,1
35035,63,64,-1,1
35036,105,94,11,11
35037,129,107,22,22
35038,65,66,-1,1
35039,93,95,-2,2
35040,50,55,-5,5
35041,30,43,-13,13
35042,81,75,6,6
35043,55,61,-6,6
35044,76,77,-1,1
35045,135,122,13,13
35046,55,55,0,0
35047,140,139,1,1
35048,92,80,12,12
35049,124,124,0,0
35050,100,92,8,8
35051,40,38,2,2
35052,50,48,2,2
35053,85,84,1,1
35054,87,94,-7,7
35055,136,125,11,11
35056,65,71,-6,6
35057,97,77,20,20
35058,80,80,0,0
35059,99,93,6,6
35060,69,70,-1,1
35061,97,98,-1,1
35062,65,64,1,1
35063,67,65,2,2
35064,108,107,1,1
35065,105,105,0,0
35066,98,85,13,13
35067,73,76,-3,3
35068,87,83,4,4
35069,80,60,20,20
35070,115,108,7,7
35071,129,113,16,16
35072,62,63,-1,1
35073,141,127,14,14
35074,165,154,11,11
35075,167,165,2,2
35076,128,109,19,19
35077,163,154,9,9
35078,49,57,-8,8
35079,73,74,-1,1
35080,117,183,-66,66
35081,182,159,23,23
35082,91,82,9,9
35083,73,74,-1,1
35084,130,133,-3,3
35085,92,90,2,2
35086,164,124,40,40
35087,100,111,-11,11
35088,106,107,-1,1
35089,155,159,-4,4
35090,84,85,-1,1
35091,115,116,-1,1
35092,74,73,1,1
35093,62,60,2,2
35094,76,77,-1,1
35095,82,87,-5,5
35096,116,104,12,12
35097,84,81,3,3
35098,61,71,-10,10
35099,155,136,19,19
35100,87,151,-64,64
35101,118,116,2,2
35102,126,130,-4,4
35103,123,124,-1,1
35104,72,74,-2,2
35105,106,100,6,6
35106,119,108,11,11
35107,79,76,3,3
35108,70,85,-15,15
35109,129,112,17,17
35110,93,81,12,12
35111,98,83,15,15
35112,164,177,-13,13
35113,110,111,-1,1
35114,108,106,2,2
35115,79,79,0,0
35116,140,141,-1,1
35117,81,83,-2,2
35118,84,97,-13,13
35119,64,57,7,7
35120,101,98,3,3
35121,65,70,-5,5
35122,71,75,-4,4
35123,66,68,-2,2
35124,81,79,2,2
35125,82,91,-9,9
35126,101,111,-10,10
35127,95,92,3,3
35128,95,96,-1,1
35129,177,172,5,5
35130,148,153,-5,5
35131,83,92,-9,9
35132,79,74,5,5
35133,87,81,6,6
35134,120,118,2,2
35135,140,172,-32,32
35136,117,104,13,13
35137,88,94,-6,6
35138,79,67,12,12
35139,89,88,1,1
35140,83,73,10,10
35141,79,89,-10,10
35142,118,112,6,6
35143,79,84,-5,5
35144,95,84,11,11
35145,62,62,0,0
35146,67,75,-8,8
35147,63,69,-6,6
35148,99,86,13,13
35149,164,156,8,8
35150,71,59,12,12
35151,49,46,3,3
35152,88,85,3,3
35153,93,88,5,5
35154,90,83,7,7
35155,96,77,19,19
35156,91,86,5,5
35157,41,38,3,3
35158,94,95,-1,1
35159,58,50,8,8
35160,87,87,0,0
35161,100,96,4,4
35162,117,123,-6,6
35163,106,98,8,8
35164,65,72,-7,7
35165,126,123,3,3
35166,92,94,-2,2
35167,78,82,-4,4
35168,98,90,8,8
35169,102,118,-16,16
35170,115,100,15,15
35171,93,86,7,7
35172,48,64,-16,16
35173,64,64,0,0
35174,168,173,-5,5
35175,95,85,10,10
35176,125,114,11,11
35177,128,134,-6,6
35178,137,110,27,27
35179,62,55,7,7
35180,76,76,0,0
35181,66,63,3,3
35182,50,56,-6,6
35183,98,95,3,3
35184,101,101,0,0
35185,77,75,2,2
35186,97,95,2,2
35187,116,103,13,13
35188,118,106,12,12
35189,157,161,-4,4
35190,48,49,-1,1
35191,86,86,0,0
35192,79,97,-18,18
35193,93,87,6,6
35194,58,54,4,4
35195,65,64,1,1
35196,203,179,24,24
35197,59,59,0,0
35198,103,97,6,6
35199,35,34,1,1
35200,95,99,-4,4
35201,89,91,-2,2
35202,122,110,12,12
35203,97,93,4,4
35204,84,78,6,6
35205,146,127,19,19
35206,129,112,17,17
35207,76,82,-6,6
35208,79,79,0,0
35209,92,87,5,5
35210,82,74,8,8
35211,111,103,8,8
35212,88,80,8,8
35213,155,140,15,15
35214,75,71,4,4
35215,109,102,7,7
35216,64,58,6,6
35217,76,76,0,0
35218,114,111,3,3
35219,84,81,3,3
35220,90,85,5,5
35221,49,46,3,3
35222,103,102,1,1
35223,140,135,5,5
35224,64,63,1,1
35225,171,169,2,2
35226,89,85,4,4
35227,57,67,-10,10
35228,99,74,25,25
35229,62,71,-9,9
35230,191,182,9,9
35231,108,102,6,6
35232,116,109,7,7
35233,157,144,13,13
35234,98,104,-6,6
35235,167,169,-2,2
35236,89,83,6,6
35237,65,65,0,0
35238,103,103,0,0
35239,107,98,9,9
35240,66,61,5,5
35241,137,132,5,5
35242,68,67,1,1
35243,64,63,1,1
35244,137,127,10,10
35245,101,90,11,11
35246,120,109,11,11
35247,99,104,-5,5
35248,58,64,-6,6
35249,93,104,-11,11
35250,48,62,-14,14
35251,96,109,-13,13
35252,68,68,0,0
35253,95,91,4,4
35254,117,98,19,19
35255,61,71,-10,10
35256,122,125,-3,3
35257,77,85,-8,8
35258,69,71,-2,2
35259,105,92,13,13
35260,126,124,2,2
35261,67,63,4,4
35262,122,116,6,6
35263,96,89,7,7
35264,188,170,18,18
35265,72,61,11,11
35266,122,106,16,16
35267,53,59,-6,6
35268,49,51,-2,2
35269,131,111,20,20
35270,118,101,17,17
35271,68,55,13,13
35272,84,88,-4,4
35273,80,77,3,3
35274,95,115,-20,20
35275,54,50,4,4
35276,80,80,0,0
35277,55,60,-5,5
35278,50,47,3,3
35279,141,120,21,21
35280,118,110,8,8
35281,64,72,-8,8
35282,132,117,15,15
35283,81,74,7,7
35284,49,43,6,6
35285,86,87,-1,1
35286,107,111,-4,4
35287,123,116,7,7
35288,109,97,12,12
35289,121,112,9,9
35290,89,91,-2,2
35291,57,62,-5,5
35292,123,112,11,11
35293,102,102,0,0
35294,143,132,11,11
35295,57,52,5,5
35296,84,78,6,6
35297,73,69,4,4
35298,124,127,-3,3
35299,86,82,4,4
35300,128,126,2,2
35301,146,128,18,18
35302,92,77,15,15
35303,68,75,-7,7
35304,88,89,-1,1
35305,147,143,4,4
35306,134,131,3,3
35307,91,85,6,6
35308,137,130,7,7
35309,130,134,-4,4
35310,103,99,4,4
35311,78,90,-12,12
35312,85,79,6,6
35313,57,54,3,3
35314,159,140,19,19
35315,80,79,1,1
35316,113,126,-13,13
35317,152,137,15,15
35318,163,141,22,22
35319,137,108,29,29
35320,116,129,-13,13
35321,144,131,13,13
35322,61,72,-11,11
35323,158,145,13,13
35324,120,141,-21,21
35325,64,71,-7,7
35326,106,98,8,8
35327,60,77,-17,17
35328,87,84,3,3
35329,72,52,20,20
35330,92,88,4,4
35331,164,138,26,26
35332,121,128,-7,7
35333,63,70,-7,7
35334,108,108,0,0
35335,70,68,2,2
35336,66,82,-16,16
35337,81,120,-39,39
35338,84,85,-1,1
35339,69,70,-1,1
35340,161,157,4,4
35341,73,72,1,1
35342,62,58,4,4
35343,66,64,2,2
35344,80,81,-1,1
35345,110,124,-14,14
35346,145,132,13,13
35347,32,65,-33,33
35348,62,73,-11,11
35349,191,182,9,9
35350,84,84,0,0
35351,96,88,8,8
35352,87,78,9,9
35353,54,52,2,2
35354,85,89,-4,4
35355,118,118,0,0
35356,52,54,-2,2
35357,102,83,19,19
35358,66,63,3,3
35359,151,154,-3,3
35360,129,136,-7,7
35361,61,62,-1,1
35362,102,105,-3,3
35363,88,87,1,1
35364,61,71,-10,10
35365,77,81,-4,4
35366,79,74,5,5
35367,110,99,11,11
35368,96,86,10,10
35369,74,77,-3,3
35370,120,119,1,1
35371,134,122,12,12
35372,66,66,0,0
35373,61,61,0,0
35374,130,121,9,9
35375,60,61,-1,1
35376,66,64,2,2
35377,115,110,5,5
35378,99,91,8,8
35379,55,55,0,0
35380,104,92,12,12
35381,104,102,2,2
35382,97,97,0,0
35383,48,52,-4,4
35384,51,57,-6,6
35385,51,43,8,8
35386,80,89,-9,9
35387,57,55,2,2
35388,77,65,12,12
35389,128,126,2,2
35390,141,135,6,6
35391,77,75,2,2
35392,132,121,11,11
35393,110,108,2,2
35394,43,42,1,1
35395,110,115,-5,5
35396,85,74,11,11
35397,92,96,-4,4
35398,49,48,1,1
35399,69,72,-3,3
35400,64,64,0,0
35401,82,75,7,7
35402,59,65,-6,6
35403,69,69,0,0
35404,66,65,1,1
35405,92,87,5,5
35406,101,83,18,18
35407,62,70,-8,8
35408,126,106,20,20
35409,119,110,9,9
35410,117,94,23,23
35411,162,150,12,12
35412,100,97,3,3
35413,107,115,-8,8
35414,49,55,-6,6
35415,75,70,5,5
35416,85,89,-4,4
35417,87,85,2,2
35418,58,55,3,3
35419,86,102,-16,16
35420,54,55,-1,1
35421,149,150,-1,1
35422,99,88,11,11
35423,118,110,8,8
35424,88,84,4,4
35425,128,138,-10,10
35426,121,113,8,8
35427,62,66,-4,4
35428,32,34,-2,2
35429,152,127,25,25
35430,58,55,3,3
35431,77,80,-3,3
35432,127,115,12,12
35433,109,105,4,4
35434,116,110,6,6
35435,83,85,-2,2
35436,70,80,-10,10
35437,101,92,9,9
35438,70,62,8,8
35439,117,98,19,19
35440,93,96,-3,3
35441,72,76,-4,4
35442,131,128,3,3
35443,64,71,-7,7
35444,160,152,8,8
35445,86,78,8,8
35446,84,82,2,2
35447,56,52,4,4
35448,94,84,10,10
35449,149,124,25,25
35450,128,115,13,13
35451,97,98,-1,1
35452,178,175,3,3
35453,102,96,6,6
35454,53,57,-4,4
35455,124,110,14,14
35456,79,81,-2,2
35457,136,132,4,4
35458,71,83,-12,12
35459,54,51,3,3
35460,97,91,6,6
35461,72,84,-12,12
35462,169,140,29,29
35463,80,74,6,6
35464,53,65,-12,12
35465,64,64,0,0
35466,52,56,-4,4
35467,38,49,-11,11
35468,78,81,-3,3
35469,160,87,73,73
35470,113,96,17,17
35471,90,91,-1,1
35472,63,61,2,2
35473,79,91,-12,12
35474,56,66,-10,10
35475,241,259,-18,18
35476,68,70,-2,2
35477,145,131,14,14
35478,69,68,1,1
35479,107,101,6,6
35480,79,81,-2,2
35481,123,115,8,8
35482,97,88,9,9
35483,77,79,-2,2
35484,66,131,-65,65
35485,83,79,4,4
35486,82,94,-12,12
35487,78,82,-4,4
35488,89,83,6,6
35489,76,59,17,17
35490,61,67,-6,6
35491,116,113,3,3
35492,128,120,8,8
35493,130,131,-1,1
35494,46,43,3,3
35495,105,103,2,2
35496,150,126,24,24
35497,156,156,0,0
35498,69,65,4,4
35499,89,87,2,2
35500,77,68,9,9
35501,123,122,1,1
35502,97,93,4,4
35503,87,82,5,5
35504,80,77,3,3
35505,79,80,-1,1
35506,58,60,-2,2
35507,53,56,-3,3
35508,105,104,1,1
35509,74,87,-13,13
35510,101,97,4,4
35511,56,58,-2,2
35512,115,104,11,11
35513,141,150,-9,9
35514,116,102,14,14
35515,47,55,-8,8
35516,43,42,1,1
35517,80,84,-4,4
35518,91,88,3,3
35519,75,88,-13,13
35520,114,100,14,14
35521,79,84,-5,5
35522,106,94,12,12
35523,69,60,9,9
35524,87,82,5,5
35525,118,120,-2,2
35526,84,80,4,4
35527,90,95,-5,5
35528,97,99,-2,2
35529,57,59,-2,2
35530,132,143,-11,11
35531,90,103,-13,13
35532,108,105,3,3
35533,132,105,27,27
35534,76,75,1,1
35535,38,35,3,3
35536,52,43,9,9
35537,68,61,7,7
35538,141,137,4,4
35539,90,90,0,0
35540,72,59,13,13
35541,74,63,11,11
35542,89,86,3,3
35543,72,81,-9,9
35544,78,65,13,13
35545,67,66,1,1
35546,94,88,6,6
35547,65,61,4,4
35548,75,69,6,6
35549,76,83,-7,7
35550,78,65,13,13
35551,70,78,-8,8
35552,124,111,13,13
35553,123,120,3,3
35554,185,155,30,30
35555,126,105,21,21
35556,104,99,5,5
35557,79,86,-7,7
35558,74,62,12,12
35559,82,80,2,2
35560,47,51,-4,4
35561,40,43,-3,3
35562,102,96,6,6
35563,68,68,0,0
35564,95,96,-1,1
35565,111,101,10,10
35566,74,70,4,4
35567,63,73,-10,10
35568,118,113,5,5
35569,181,170,11,11
35570,63,70,-7,7
35571,73,70,3,3
35572,76,78,-2,2
35573,80,73,7,7
35574,99,100,-1,1
35575,83,85,-2,2
35576,48,46,2,2
35577,140,124,16,16
35578,101,102,-1,1
35579,76,87,-11,11
35580,84,90,-6,6
35581,95,96,-1,1
35582,60,64,-4,4
35583,78,82,-4,4
35584,125,123,2,2
35585,90,88,2,2
35586,99,95,4,4
35587,58,49,9,9
35588,128,131,-3,3
35589,67,60,7,7
35590,96,106,-10,10
35591,96,93,3,3
35592,141,132,9,9
35593,77,82,-5,5
35594,114,104,10,10
35595,86,85,1,1
35596,175,166,9,9
35597,129,123,6,6
35598,50,56,-6,6
35599,70,65,5,5
35600,224,204,20,20
35601,146,130,16,16
35602,81,73,8,8
35603,97,85,12,12
35604,118,117,1,1
35605,77,69,8,8
35606,73,68,5,5
35607,85,77,8,8
35608,102,96,6,6
35609,130,117,13,13
35610,133,134,-1,1
35611,129,121,8,8
35612,80,76,4,4
35613,93,93,0,0
35614,91,83,8,8
35615,41,95,-54,54
35616,82,86,-4,4
35617,67,68,-1,1
35618,85,88,-3,3
35619,75,77,-2,2
35620,118,125,-7,7
35621,118,96,22,22
35622,79,76,3,3
35623,63,65,-2,2
35624,170,168,2,2
35625,73,76,-3,3
35626,114,89,25,25
35627,154,157,-3,3
35628,54,65,-11,11
35629,115,105,10,10
35630,49,123,-74,74
35631,99,100,-1,1
35632,80,75,5,5
35633,152,153,-1,1
35634,71,62,9,9
35635,118,133,-15,15
35636,106,95,11,11
35637,106,112,-6,6
35638,173,149,24,24
35639,89,100,-11,11
35640,65,70,-5,5
35641,93,87,6,6
35642,109,105,4,4
35643,126,126,0,0
35644,143,150,-7,7
35645,127,116,11,11
35646,114,105,9,9
35647,84,86,-2,2
35648,68,76,-8,8
35649,60,61,-1,1
35650,111,107,4,4
35651,127,132,-5,5
35652,83,74,9,9
35653,98,101,-3,3
35654,83,71,12,12
35655,77,78,-1,1
35656,51,50,1,1
35657,88,89,-1,1
35658,48,55,-7,7
35659,147,146,1,1
35660,66,74,-8,8
35661,100,90,10,10
35662,76,84,-8,8
35663,59,52,7,7
35664,116,105,11,11
35665,61,67,-6,6
35666,155,127,28,28
35667,99,105,-6,6
35668,112,105,7,7
35669,70,63,7,7
35670,79,85,-6,6
35671,96,101,-5,5
35672,90,96,-6,6
35673,104,95,9,9
35674,99,90,9,9
35675,81,85,-4,4
35676,134,141,-7,7
35677,126,119,7,7
35678,160,116,44,44
35679,75,70,5,5
35680,104,105,-1,1
35681,150,145,5,5
35682,120,116,4,4
35683,90,89,1,1
35684,120,108,12,12
35685,142,135,7,7
35686,75,69,6,6
35687,102,96,6,6
35688,162,149,13,13
35689,74,80,-6,6
35690,75,65,10,10
35691,99,96,3,3
35692,130,125,5,5
35693,53,52,1,1
35694,127,118,9,9
35695,103,93,10,10
35696,94,87,7,7
35697,76,83,-7,7
35698,83,90,-7,7
35699,195,179,16,16
35700,58,69,-11,11
35701,51,54,-3,3
35702,153,147,6,6
35703,190,184,6,6
35704,87,86,1,1
35705,96,87,9,9
35706,100,90,10,10
35707,74,75,-1,1
35708,67,65,2,2
35709,124,118,6,6
35710,74,69,5,5
35711,111,100,11,11
35712,93,113,-20,20
35713,107,96,11,11
35714,70,72,-2,2
35715,154,149,5,5
35716,125,110,15,15
35717,107,102,5,5
35718,69,82,-13,13
35719,101,104,-3,3
35720,95,86,9,9
35721,96,87,9,9
35722,85,83,2,2
35723,70,92,-22,22
35724,68,63,5,5
35725,61,64,-3,3
35726,155,152,3,3
35727,58,64,-6,6
35728,72,69,3,3
35729,47,49,-2,2
35730,98,98,0,0
35731,145,127,18,18
35732,52,61,-9,9
35733,120,103,17,17
35734,78,70,8,8
35735,56,59,-3,3
35736,89,95,-6,6
35737,82,86,-4,4
35738,104,106,-2,2
35739,128,139,-11,11
35740,159,153,6,6
35741,79,85,-6,6
35742,109,100,9,9
35743,120,114,6,6
35744,79,111,-32,32
35745,73,66,7,7
35746,64,66,-2,2
35747,97,86,11,11
35748,135,116,19,19
35749,81,92,-11,11
35750,91,87,4,4
35751,58,49,9,9
35752,78,74,4,4
35753,77,72,5,5
35754,47,47,0,0
35755,167,156,11,11
35756,65,79,-14,14
35757,152,144,8,8
35758,159,153,6,6
35759,89,120,-31,31
35760,205,194,11,11
35761,108,97,11,11
35762,101,88,13,13
35763,129,126,3,3
35764,123,114,9,9
35765,90,98,-8,8
35766,138,127,11,11
35767,105,93,12,12
35768,93,83,10,10
35769,129,114,15,15
35770,110,96,14,14
35771,86,97,-11,11
35772,72,77,-5,5
35773,122,114,8,8
35774,37,39,-2,2
35775,173,167,6,6
35776,97,84,13,13
35777,45,43,2,2
35778,97,79,18,18
35779,85,90,-5,5
35780,83,83,0,0
35781,105,100,5,5
35782,138,129,9,9
35783,98,82,16,16
35784,128,120,8,8
35785,94,80,14,14
35786,131,112,19,19
35787,67,75,-8,8
35788,176,163,13,13
35789,116,108,8,8
35790,116,114,2,2
35791,80,68,12,12
35792,84,81,3,3
35793,69,72,-3,3
35794,165,161,4,4
35795,55,69,-14,14
35796,123,119,4,4
35797,117,124,-7,7
35798,81,71,10,10
35799,86,84,2,2
35800,185,183,2,2
35801,104,105,-1,1
35802,89,88,1,1
35803,85,83,2,2
35804,156,130,26,26
35805,72,64,8,8
35806,95,81,14,14
35807,86,77,9,9
35808,72,71,1,1
35809,168,134,34,34
35810,42,46,-4,4
35811,93,88,5,5
35812,103,89,14,14
35813,83,82,1,1
35814,137,134,3,3
35815,117,120,-3,3
35816,77,84,-7,7
35817,79,88,-9,9
35818,121,109,12,12
35819,110,119,-9,9
35820,101,93,8,8
35821,88,110,-22,22
35822,91,85,6,6
35823,166,154,12,12
35824,63,62,1,1
35825,92,94,-2,2
35826,138,128,10,10
35827,110,109,1,1
35828,151,141,10,10
35829,121,117,4,4
35830,73,73,0,0
35831,77,65,12,12
35832,197,211,-14,14
35833,94,76,18,18
35834,67,69,-2,2
35835,147,125,22,22
35836,92,107,-15,15
35837,138,136,2,2
35838,71,82,-11,11
35839,93,86,7,7
35840,115,106,9,9
35841,90,91,-1,1
35842,137,115,22,22
35843,136,137,-1,1
35844,63,61,2,2
35845,68,66,2,2
35846,105,96,9,9
35847,61,55,6,6
35848,75,69,6,6
35849,120,118,2,2
35850,145,141,4,4
35851,106,98,8,8
35852,171,155,16,16
35853,87,92,-5,5
35854,112,96,16,16
35855,75,78,-3,3
35856,84,85,-1,1
35857,55,47,8,8
35858,57,56,1,1
35859,71,65,6,6
35860,150,136,14,14
35861,42,51,-9,9
35862,95,92,3,3
35863,100,103,-3,3
35864,77,70,7,7
35865,134,147,-13,13
35866,100,80,20,20
35867,117,118,-1,1
35868,74,103,-29,29
35869,106,100,6,6
35870,121,111,10,10
35871,115,107,8,8
35872,137,130,7,7
35873,80,73,7,7
35874,81,82,-1,1
35875,50,59,-9,9
35876,60,69,-9,9
35877,143,124,19,19
35878,80,82,-2,2
35879,72,72,0,0
35880,74,69,5,5
35881,125,119,6,6
35882,111,100,11,11
35883,99,96,3,3
35884,72,67,5,5
35885,84,80,4,4
35886,52,57,-5,5
35887,54,47,7,7
35888,63,68,-5,5
35889,101,94,7,7
35890,65,58,7,7
35891,74,77,-3,3
35892,141,128,13,13
35893,84,93,-9,9
35894,156,127,29,29
35895,105,94,11,11
35896,130,121,9,9
35897,74,74,0,0
35898,97,107,-10,10
35899,111,115,-4,4
35900,65,66,-1,1
35901,124,112,12,12
35902,80,80,0,0
35903,93,81,12,12
35904,122,117,5,5
35905,84,92,-8,8
35906,92,93,-1,1
35907,52,71,-19,19
35908,86,101,-15,15
35909,69,76,-7,7
35910,114,108,6,6
35911,68,61,7,7
35912,123,125,-2,2
35913,104,117,-13,13
35914,119,108,11,11
35915,123,106,17,17
35916,99,92,7,7
35917,117,130,-13,13
35918,94,94,0,0
35919,126,120,6,6
35920,148,130,18,18
35921,112,98,14,14
35922,168,164,4,4
35923,81,76,5,5
35924,100,90,10,10
35925,78,75,3,3
35926,109,103,6,6
35927,120,110,10,10
35928,119,118,1,1
35929,83,97,-14,14
35930,138,131,7,7
35931,63,72,-9,9
35932,63,58,5,5
35933,88,84,4,4
35934,50,52,-2,2
35935,171,157,14,14
35936,111,86,25,25
35937,154,173,-19,19
35938,131,109,22,22
35939,110,105,5,5
35940,74,79,-5,5
35941,116,116,0,0
35942,112,112,0,0
35943,89,88,1,1
35944,109,121,-12,12
35945,68,67,1,1
35946,77,72,5,5
35947,69,70,-1,1
35948,54,68,-14,14
35949,74,71,3,3
35950,140,136,4,4
35951,92,86,6,6
35952,47,58,-11,11
35953,49,58,-9,9
35954,72,70,2,2
35955,79,87,-8,8
35956,45,58,-13,13
35957,53,59,-6,6
35958,114,108,6,6
35959,64,77,-13,13
35960,63,49,14,14
35961,113,102,11,11
35962,103,97,6,6
35963,109,101,8,8
35964,94,90,4,4
35965,65,51,14,14
35966,94,85,9,9
35967,142,136,6,6
35968,38,38,0,0
35969,91,100,-9,9
35970,86,85,1,1
35971,150,138,12,12
35972,66,62,4,4
35973,68,60,8,8
35974,62,52,10,10
35975,53,48,5,5
35976,53,56,-3,3
35977,117,113,4,4
35978,89,90,-1,1
35979,96,80,16,16
35980,109,106,3,3
35981,100,103,-3,3
35982,132,117,15,15
35983,125,129,-4,4
35984,47,52,-5,5
35985,76,95,-19,19
35986,80,74,6,6
35987,108,115,-7,7
35988,72,70,2,2
35989,79,87,-8,8
35990,103,98,5,5
35991,93,82,11,11
35992,90,85,5,5
35993,76,76,0,0
35994,88,97,-9,9
35995,70,61,9,9
35996,162,117,45,45
35997,86,65,21,21
35998,62,65,-3,3
35999,78,77,1,1
36000,51,41,10,10
36001,131,109,22,22
36002,81,67,14,14
36003,100,101,-1,1
36004,107,102,5,5
36005,71,69,2,2
36006,99,98,1,1
36007,128,122,6,6
36008,102,100,2,2
36009,111,115,-4,4
36010,114,116,-2,2
36011,145,133,12,12
36012,123,102,21,21
36013,64,61,3,3
36014,138,127,11,11
36015,120,122,-2,2
36016,96,87,9,9
36017,143,142,1,1
36018,79,87,-8,8
36019,139,138,1,1
36020,124,121,3,3
36021,76,80,-4,4
36022,67,65,2,2
36023,65,68,-3,3
36024,62,59,3,3
36025,184,178,6,6
36026,102,99,3,3
36027,60,58,2,2
36028,79,87,-8,8
36029,63,62,1,1
36030,70,59,11,11
36031,91,96,-5,5
36032,68,73,-5,5
36033,86,101,-15,15
36034,97,104,-7,7
36035,78,82,-4,4
36036,110,111,-1,1
36037,94,82,12,12
36038,68,80,-12,12
36039,150,149,1,1
36040,81,73,8,8
36041,58,59,-1,1
36042,48,44,4,4
36043,76,78,-2,2
36044,102,93,9,9
36045,74,78,-4,4
36046,60,59,1,1
36047,75,81,-6,6
36048,92,83,9,9
36049,62,69,-7,7
36050,91,92,-1,1
36051,93,79,14,14
36052,146,143,3,3
36053,94,80,14,14
36054,88,87,1,1
36055,124,127,-3,3
36056,92,92,0,0
36057,87,106,-19,19
36058,113,122,-9,9
36059,99,89,10,10
36060,90,85,5,5
36061,95,86,9,9
36062,61,62,-1,1
36063,139,121,18,18
36064,106,111,-5,5
36065,42,44,-2,2
36066,95,77,18,18
36067,121,130,-9,9
36068,130,139,-9,9
36069,121,113,8,8
36070,74,72,2,2
36071,84,93,-9,9
36072,70,64,6,6
36073,73,76,-3,3
36074,116,107,9,9
36075,120,117,3,3
36076,151,137,14,14
36077,80,80,0,0
36078,90,90,0,0
36079,68,69,-1,1
36080,102,98,4,4
36081,180,173,7,7
36082,44,76,-32,32
36083,170,157,13,13
36084,99,82,17,17
36085,130,123,7,7
36086,78,97,-19,19
36087,107,101,6,6
36088,93,96,-3,3
36089,146,126,20,20
36090,97,90,7,7
36091,107,97,10,10
36092,116,109,7,7
36093,81,89,-8,8
36094,84,83,1,1
36095,88,97,-9,9
36096,77,65,12,12
36097,65,59,6,6
36098,158,136,22,22
36099,76,85,-9,9
36100,56,47,9,9
36101,119,117,2,2
36102,82,68,14,14
36103,52,64,-12,12
36104,44,46,-2,2
36105,122,107,15,15
36106,92,93,-1,1
36107,87,88,-1,1
36108,152,159,-7,7
36109,97,98,-1,1
36110,127,109,18,18
36111,61,58,3,3
36112,58,60,-2,2
36113,94,91,3,3
36114,123,115,8,8
36115,141,119,22,22
36116,61,64,-3,3
36117,151,181,-30,30
36118,117,108,9,9
36119,88,84,4,4
36120,71,71,0,0
36121,131,127,4,4
36122,98,102,-4,4
36123,54,62,-8,8
36124,133,127,6,6
36125,68,55,13,13
36126,49,63,-14,14
36127,106,95,11,11
36128,144,127,17,17
36129,105,103,2,2
36130,59,48,11,11
36131,65,58,7,7
36132,136,128,8,8
36133,58,57,1,1
36134,49,47,2,2
36135,47,46,1,1
36136,87,92,-5,5
36137,81,95,-14,14
36138,110,91,19,19
36139,119,116,3,3
36140,114,107,7,7
36141,77,77,0,0
36142,114,113,1,1
36143,112,116,-4,4
36144,86,106,-20,20
36145,91,91,0,0
36146,136,123,13,13
36147,52,53,-1,1
36148,85,88,-3,3
36149,97,82,15,15
36150,151,139,12,12
36151,118,116,2,2
36152,156,130,26,26
36153,61,53,8,8
36154,107,103,4,4
36155,173,169,4,4
36156,86,87,-1,1
36157,74,77,-3,3
36158,90,80,10,10
36159,61,63,-2,2
36160,112,112,0,0
36161,114,87,27,27
36162,86,87,-1,1
36163,115,114,1,1
36164,128,126,2,2
36165,62,66,-4,4
36166,81,79,2,2
36167,102,97,5,5
36168,104,102,2,2
36169,70,74,-4,4
36170,85,84,1,1
36171,59,57,2,2
36172,112,101,11,11
36173,141,150,-9,9
36174,103,109,-6,6
36175,89,83,6,6
36176,83,78,5,5
36177,54,52,2,2
36178,70,75,-5,5
36179,75,74,1,1
36180,124,118,6,6
36181,64,57,7,7
36182,137,115,22,22
36183,112,114,-2,2
36184,60,65,-5,5
36185,103,98,5,5
36186,76,70,6,6
36187,100,83,17,17
36188,68,77,-9,9
36189,72,83,-11,11
36190,52,62,-10,10
36191,91,82,9,9
36192,57,59,-2,2
36193,71,62,9,9
36194,99,101,-2,2
36195,117,122,-5,5
36196,179,172,7,7
36197,109,100,9,9
36198,33,39,-6,6
36199,101,96,5,5
36200,105,97,8,8
36201,88,85,3,3
36202,152,169,-17,17
36203,88,85,3,3
36204,140,125,15,15
36205,123,99,24,24
36206,129,125,4,4
36207,57,55,2,2
36208,53,47,6,6
36209,65,68,-3,3
36210,72,65,7,7
36211,127,142,-15,15
36212,62,64,-2,2
36213,47,48,-1,1
36214,101,110,-9,9
36215,58,52,6,6
36216,90,105,-15,15
36217,71,72,-1,1
36218,148,122,26,26
36219,131,121,10,10
36220,173,177,-4,4
36221,140,130,10,10
36222,88,89,-1,1
36223,105,110,-5,5
36224,129,117,12,12
36225,105,94,11,11
36226,113,119,-6,6
36227,83,88,-5,5
36228,58,55,3,3
36229,59,56,3,3
36230,110,87,23,23
36231,106,108,-2,2
36232,95,92,3,3
36233,101,93,8,8
36234,56,46,10,10
36235,134,135,-1,1
36236,118,116,2,2
36237,114,101,13,13
36238,70,72,-2,2
36239,68,90,-22,22
36240,66,66,0,0
36241,92,78,14,14
36242,113,114,-1,1
36243,108,102,6,6
36244,91,106,-15,15
36245,146,126,20,20
36246,114,108,6,6
36247,103,98,5,5
36248,108,129,-21,21
36249,60,59,1,1
36250,62,55,7,7
36251,102,97,5,5
36252,110,114,-4,4
36253,194,155,39,39
36254,53,55,-2,2
36255,102,94,8,8
36256,175,152,23,23
36257,66,62,4,4
36258,108,104,4,4
36259,112,101,11,11
36260,154,129,25,25
36261,121,121,0,0
36262,66,60,6,6
36263,84,88,-4,4
36264,72,65,7,7
36265,97,84,13,13
36266,125,119,6,6
36267,53,55,-2,2
36268,56,67,-11,11
36269,139,137,2,2
36270,76,88,-12,12
36271,98,91,7,7
36272,64,65,-1,1
36273,102,92,10,10
36274,63,69,-6,6
36275,125,121,4,4
36276,133,114,19,19
36277,61,63,-2,2
36278,57,59,-2,2
36279,87,72,15,15
36280,65,64,1,1
36281,45,49,-4,4
36282,105,98,7,7
36283,123,115,8,8
36284,96,83,13,13
36285,146,145,1,1
36286,65,69,-4,4
36287,93,96,-3,3
36288,67,63,4,4
36289,112,98,14,14
36290,128,115,13,13
36291,78,69,9,9
36292,73,70,3,3
36293,89,88,1,1
36294,62,54,8,8
36295,127,128,-1,1
36296,126,112,14,14
36297,80,71,9,9
36298,84,87,-3,3
36299,85,106,-21,21
36300,65,61,4,4
36301,63,69,-6,6
36302,42,46,-4,4
36303,84,78,6,6
36304,73,74,-1,1
36305,50,48,2,2
36306,107,116,-9,9
36307,108,94,14,14
36308,65,58,7,7
36309,150,122,28,28
36310,101,93,8,8
36311,51,45,6,6
36312,74,65,9,9
36313,79,80,-1,1
36314,117,100,17,17
36315,71,77,-6,6
36316,70,74,-4,4
36317,75,70,5,5
36318,38,53,-15,15
36319,104,110,-6,6
36320,97,91,6,6
36321,117,113,4,4
36322,78,72,6,6
36323,58,68,-10,10
36324,133,131,2,2
36325,51,51,0,0
36326,117,118,-1,1
36327,82,70,12,12
36328,155,141,14,14
36329,102,101,1,1
36330,137,128,9,9
36331,85,76,9,9
36332,132,130,2,2
36333,35,40,-5,5
36334,72,67,5,5
36335,119,123,-4,4
36336,90,80,10,10
36337,69,74,-5,5
36338,76,79,-3,3
36339,85,92,-7,7
36340,114,101,13,13
36341,84,106,-22,22
36342,78,80,-2,2
36343,55,59,-4,4
36344,102,100,2,2
36345,163,145,18,18
36346,69,61,8,8
36347,126,116,10,10
36348,43,39,4,4
36349,61,54,7,7
36350,54,49,5,5
36351,109,102,7,7
36352,102,106,-4,4
36353,80,80,0,0
36354,206,176,30,30
36355,51,48,3,3
36356,89,66,23,23
36357,72,81,-9,9
36358,127,121,6,6
36359,76,83,-7,7
36360,107,114,-7,7
36361,71,65,6,6
36362,66,65,1,1
36363,76,66,10,10
36364,184,165,19,19
36365,129,125,4,4
36366,55,58,-3,3
36367,110,102,8,8
36368,75,75,0,0
36369,61,66,-5,5
36370,136,121,15,15
36371,103,100,3,3
36372,115,123,-8,8
36373,55,50,5,5
36374,113,102,11,11
36375,89,78,11,11
36376,121,104,17,17
36377,80,87,-7,7
36378,141,128,13,13
36379,150,162,-12,12
36380,90,73,17,17
36381,73,74,-1,1
36382,137,149,-12,12
36383,107,95,12,12
36384,86,78,8,8
36385,112,110,2,2
36386,46,58,-12,12
36387,72,71,1,1
36388,99,99,0,0
36389,63,65,-2,2
36390,126,103,23,23
36391,64,65,-1,1
36392,90,93,-3,3
36393,59,69,-10,10
36394,66,61,5,5
36395,114,93,21,21
36396,102,91,11,11
36397,77,73,4,4
36398,90,75,15,15
36399,68,69,-1,1
36400,78,72,6,6
36401,71,73,-2,2
36402,49,51,-2,2
36403,83,82,1,1
36404,112,118,-6,6
36405,102,103,-1,1
36406,134,101,33,33
36407,57,57,0,0
36408,71,82,-11,11
36409,163,155,8,8
36410,130,113,17,17
36411,123,146,-23,23
36412,117,114,3,3
36413,78,81,-3,3
36414,39,45,-6,6
36415,49,57,-8,8
36416,57,60,-3,3
36417,51,53,-2,2
36418,123,103,20,20
36419,92,90,2,2
36420,93,102,-9,9
36421,77,76,1,1
36422,197,135,62,62
36423,112,109,3,3
36424,63,74,-11,11
36425,83,85,-2,2
36426,68,82,-14,14
36427,105,94,11,11
36428,62,75,-13,13
36429,71,67,4,4
36430,91,86,5,5
36431,85,78,7,7
36432,197,205,-8,8
36433,124,108,16,16
36434,119,116,3,3
36435,130,140,-10,10
36436,81,70,11,11
36437,92,96,-4,4
36438,71,69,2,2
36439,67,60,7,7
36440,99,86,13,13
36441,94,90,4,4
36442,114,116,-2,2
36443,167,150,17,17
36444,120,117,3,3
36445,125,99,26,26
36446,70,58,12,12
36447,114,100,14,14
36448,95,90,5,5
36449,46,49,-3,3
36450,101,101,0,0
36451,61,47,14,14
36452,90,94,-4,4
36453,67,142,-75,75
36454,157,146,11,11
36455,79,73,6,6
36456,105,100,5,5
36457,112,97,15,15
36458,89,91,-2,2
36459,105,103,2,2
36460,124,116,8,8
36461,65,62,3,3
36462,73,78,-5,5
36463,66,71,-5,5
36464,61,65,-4,4
36465,125,137,-12,12
36466,122,118,4,4
36467,76,67,9,9
36468,90,93,-3,3
36469,176,152,24,24
36470,62,63,-1,1
36471,139,133,6,6
36472,43,42,1,1
36473,67,69,-2,2
36474,50,50,0,0
36475,66,61,5,5
36476,59,60,-1,1
36477,81,70,11,11
36478,83,81,2,2
36479,92,86,6,6
36480,76,82,-6,6
36481,62,65,-3,3
36482,64,74,-10,10
36483,92,94,-2,2
36484,123,114,9,9
36485,84,70,14,14
36486,88,88,0,0
36487,58,71,-13,13
36488,87,79,8,8
36489,73,72,1,1
36490,44,54,-10,10
36491,123,115,8,8
36492,76,69,7,7
36493,82,84,-2,2
36494,84,81,3,3
36495,69,69,0,0
36496,80,74,6,6
36497,104,99,5,5
36498,81,78,3,3
36499,79,81,-2,2
36500,90,97,-7,7
36501,105,104,1,1
36502,140,130,10,10
36503,85,93,-8,8
36504,96,92,4,4
36505,102,98,4,4
36506,81,76,5,5
36507,117,106,11,11
36508,68,63,5,5
36509,79,77,2,2
36510,143,138,5,5
36511,66,60,6,6
36512,52,56,-4,4
36513,109,95,14,14
36514,40,48,-8,8
36515,140,121,19,19
36516,115,109,6,6
36517,74,83,-9,9
36518,61,64,-3,3
36519,66,70,-4,4
36520,92,81,11,11
36521,48,71,-23,23
36522,116,110,6,6
36523,141,135,6,6
36524,113,102,11,11
36525,89,88,1,1
36526,139,120,19,19
36527,134,134,0,0
36528,152,152,0,0
36529,88,89,-1,1
36530,93,89,4,4
36531,161,149,12,12
36532,90,93,-3,3
36533,68,69,-1,1
36534,148,130,18,18
36535,82,81,1,1
36536,96,88,8,8
36537,171,174,-3,3
36538,96,100,-4,4
36539,66,65,1,1
36540,113,101,12,12
36541,78,85,-7,7
36542,82,83,-1,1
36543,61,56,5,5
36544,82,73,9,9
36545,99,107,-8,8
36546,225,171,54,54
36547,81,76,5,5
36548,62,60,2,2
36549,66,76,-10,10
36550,44,57,-13,13
36551,74,83,-9,9
36552,83,75,8,8
36553,109,98,11,11
36554,51,63,-12,12
36555,121,120,1,1
36556,83,75,8,8
36557,81,84,-3,3
36558,53,54,-1,1
36559,73,82,-9,9
36560,109,98,11,11
36561,151,150,1,1
36562,115,105,10,10
36563,122,116,6,6
36564,116,110,6,6
36565,107,89,18,18
36566,109,95,14,14
36567,72,75,-3,3
36568,43,52,-9,9
36569,78,79,-1,1
36570,127,114,13,13
36571,50,47,3,3
36572,96,90,6,6
36573,53,51,2,2
36574,37,42,-5,5
36575,94,89,5,5
36576,56,67,-11,11
36577,27,32,-5,5
36578,38,40,-2,2
36579,109,108,1,1
36580,109,107,2,2
36581,70,72,-2,2
36582,60,67,-7,7
36583,82,97,-15,15
36584,67,62,5,5
36585,67,66,1,1
36586,78,65,13,13
36587,62,72,-10,10
36588,49,62,-13,13
36589,109,94,15,15
36590,88,85,3,3
36591,81,92,-11,11
36592,82,89,-7,7
36593,90,83,7,7
36594,79,79,0,0
36595,97,81,16,16
36596,75,89,-14,14
36597,104,89,15,15
36598,84,80,4,4
36599,146,139,7,7
36600,62,58,4,4
36601,104,106,-2,2
36602,106,96,10,10
36603,92,88,4,4
36604,92,91,1,1
36605,92,92,0,0
36606,71,71,0,0
36607,91,90,1,1
36608,87,92,-5,5
36609,79,96,-17,17
36610,86,96,-10,10
36611,128,110,18,18
36612,186,181,5,5
36613,138,133,5,5
36614,89,78,11,11
36615,168,155,13,13
36616,46,55,-9,9
36617,93,82,11,11
36618,72,74,-2,2
36619,110,102,8,8
36620,99,88,11,11
36621,51,50,1,1
36622,93,89,4,4
36623,99,89,10,10
36624,126,121,5,5
36625,64,59,5,5
36626,209,202,7,7
36627,102,95,7,7
36628,98,101,-3,3
36629,79,65,14,14
36630,85,91,-6,6
36631,64,65,-1,1
36632,83,77,6,6
36633,121,101,20,20
36634,111,97,14,14
36635,72,74,-2,2
36636,97,95,2,2
36637,96,85,11,11
36638,64,62,2,2
36639,128,122,6,6
36640,34,36,-2,2
36641,124,96,28,28
36642,84,74,10,10
36643,132,120,12,12
36644,55,58,-3,3
36645,118,112,6,6
36646,47,48,-1,1
36647,74,67,7,7
36648,75,69,6,6
36649,93,97,-4,4
36650,171,147,24,24
36651,81,82,-1,1
36652,62,60,2,2
36653,81,77,4,4
36654,83,76,7,7
36655,65,66,-1,1
36656,61,61,0,0
36657,83,84,-1,1
36658,102,100,2,2
36659,78,71,7,7
36660,85,84,1,1
36661,122,110,12,12
36662,60,61,-1,1
36663,151,155,-4,4
36664,72,74,-2,2
36665,93,92,1,1
36666,99,91,8,8
36667,95,107,-12,12
36668,105,96,9,9
36669,83,66,17,17
36670,128,137,-9,9
36671,76,98,-22,22
36672,114,104,10,10
36673,125,125,0,0
36674,88,86,2,2
36675,117,120,-3,3
36676,54,53,1,1
36677,102,102,0,0
36678,60,60,0,0
36679,47,64,-17,17
36680,76,71,5,5
36681,53,58,-5,5
36682,83,86,-3,3
36683,148,145,3,3
36684,101,104,-3,3
36685,126,114,12,12
36686,124,190,-66,66
36687,114,113,1,1
36688,74,77,-3,3
36689,83,92,-9,9
36690,109,99,10,10
36691,89,94,-5,5
36692,76,76,0,0
36693,53,59,-6,6
36694,78,77,1,1
36695,60,61,-1,1
36696,136,113,23,23
36697,42,62,-20,20
36698,126,113,13,13
36699,99,102,-3,3
36700,96,105,-9,9
36701,45,50,-5,5
36702,77,75,2,2
36703,167,146,21,21
36704,102,117,-15,15
36705,92,101,-9,9
36706,61,66,-5,5
36707,138,128,10,10
36708,117,127,-10,10
36709,127,116,11,11
36710,92,75,17,17
36711,83,84,-1,1
36712,69,66,3,3
36713,189,172,17,17
36714,89,66,23,23
36715,154,143,11,11
36716,78,75,3,3
36717,92,89,3,3
36718,151,152,-1,1
36719,138,142,-4,4
36720,73,73,0,0
36721,152,164,-12,12
36722,122,108,14,14
36723,71,66,5,5
36724,118,113,5,5
36725,93,85,8,8
36726,104,95,9,9
36727,85,75,10,10
36728,91,84,7,7
36729,50,54,-4,4
36730,102,87,15,15
36731,120,116,4,4
36732,111,108,3,3
36733,71,73,-2,2
36734,57,56,1,1
36735,161,120,41,41
36736,53,55,-2,2
36737,122,132,-10,10
36738,125,130,-5,5
36739,83,77,6,6
36740,74,81,-7,7
36741,78,72,6,6
36742,51,52,-1,1
36743,167,134,33,33
36744,78,75,3,3
36745,207,191,16,16
36746,120,117,3,3
36747,142,157,-15,15
36748,71,78,-7,7
36749,144,120,24,24
36750,55,57,-2,2
36751,75,69,6,6
36752,113,112,1,1
36753,100,99,1,1
36754,56,65,-9,9
36755,137,120,17,17
36756,92,89,3,3
36757,142,117,25,25
36758,114,117,-3,3
36759,47,46,1,1
36760,61,58,3,3
36761,130,120,10,10
36762,68,76,-8,8
36763,72,75,-3,3
36764,39,41,-2,2
36765,116,119,-3,3
36766,135,121,14,14
36767,121,105,16,16
36768,126,120,6,6
36769,115,128,-13,13
36770,92,85,7,7
36771,137,121,16,16
36772,67,68,-1,1
36773,58,49,9,9
36774,74,82,-8,8
36775,66,55,11,11
36776,70,70,0,0
36777,89,96,-7,7
36778,85,99,-14,14
36779,77,73,4,4
36780,54,45,9,9
36781,103,103,0,0
36782,45,51,-6,6
36783,35,57,-22,22
36784,84,100,-16,16
36785,61,75,-14,14
36786,114,103,11,11
36787,47,58,-11,11
36788,86,80,6,6
36789,92,103,-11,11
36790,61,64,-3,3
36791,96,93,3,3
36792,48,44,4,4
36793,115,120,-5,5
36794,209,171,38,38
36795,89,88,1,1
36796,63,51,12,12
36797,68,75,-7,7
36798,88,103,-15,15
36799,63,77,-14,14
36800,121,133,-12,12
36801,146,151,-5,5
36802,64,54,10,10
36803,75,74,1,1
36804,118,115,3,3
36805,121,114,7,7
36806,87,75,12,12
36807,80,79,1,1
36808,80,82,-2,2
36809,107,96,11,11
36810,137,130,7,7
36811,96,85,11,11
36812,74,72,2,2
36813,90,87,3,3
36814,70,61,9,9
36815,45,43,2,2
36816,63,57,6,6
36817,122,122,0,0
36818,80,73,7,7
36819,91,91,0,0
36820,241,238,3,3
36821,49,42,7,7
36822,115,119,-4,4
36823,136,89,47,47
36824,87,74,13,13
36825,90,100,-10,10
36826,86,69,17,17
36827,126,116,10,10
36828,63,79,-16,16
36829,68,71,-3,3
36830,83,78,5,5
36831,101,98,3,3
36832,82,113,-31,31
36833,105,108,-3,3
36834,141,144,-3,3
36835,67,68,-1,1
36836,29,37,-8,8
36837,96,96,0,0
36838,69,70,-1,1
36839,62,67,-5,5
36840,68,76,-8,8
36841,96,85,11,11
36842,122,121,1,1
36843,109,113,-4,4
36844,83,72,11,11
36845,127,109,18,18
36846,115,128,-13,13
36847,95,91,4,4
36848,64,57,7,7
36849,80,78,2,2
36850,285,331,-46,46
36851,88,83,5,5
36852,154,123,31,31
36853,163,146,17,17
36854,68,108,-40,40
36855,72,72,0,0
36856,184,184,0,0
36857,87,76,11,11
36858,58,68,-10,10
36859,110,110,0,0
36860,62,66,-4,4
36861,53,48,5,5
36862,158,156,2,2
36863,87,100,-13,13
36864,70,74,-4,4
36865,72,81,-9,9
36866,141,118,23,23
36867,94,82,12,12
36868,48,61,-13,13
36869,56,58,-2,2
36870,169,153,16,16
36871,81,106,-25,25
36872,71,73,-2,2
36873,97,86,11,11
36874,73,80,-7,7
36875,90,91,-1,1
36876,122,115,7,7
36877,68,52,16,16
36878,128,111,17,17
36879,68,70,-2,2
36880,128,125,3,3
36881,80,81,-1,1
36882,76,77,-1,1
36883,131,138,-7,7
36884,96,94,2,2
36885,118,119,-1,1
36886,112,100,12,12
36887,174,160,14,14
36888,44,43,1,1
36889,92,96,-4,4
36890,66,63,3,3
36891,90,86,4,4
36892,144,138,6,6
36893,110,95,15,15
36894,164,152,12,12
36895,85,75,10,10
36896,87,94,-7,7
36897,126,141,-15,15
36898,70,73,-3,3
36899,111,103,8,8
36900,56,52,4,4
36901,50,63,-13,13
36902,93,93,0,0
36903,66,67,-1,1
36904,77,70,7,7
36905,59,55,4,4
36906,95,95,0,0
36907,79,74,5,5
36908,84,83,1,1
36909,81,86,-5,5
36910,118,104,14,14
36911,62,57,5,5
36912,113,103,10,10
36913,89,72,17,17
36914,109,98,11,11
36915,157,130,27,27
36916,144,176,-32,32
36917,113,94,19,19
36918,136,121,15,15
36919,55,45,10,10
36920,100,141,-41,41
36921,127,109,18,18
36922,137,135,2,2
36923,77,74,3,3
36924,75,81,-6,6
36925,96,97,-1,1
36926,183,172,11,11
36927,100,90,10,10
36928,66,62,4,4
36929,87,86,1,1
36930,76,87,-11,11
36931,79,94,-15,15
36932,84,85,-1,1
36933,101,92,9,9
36934,110,107,3,3
36935,97,96,1,1
36936,55,63,-8,8
36937,94,76,18,18
36938,65,75,-10,10
36939,78,72,6,6
36940,69,64,5,5
36941,171,163,8,8
36942,78,81,-3,3
36943,58,65,-7,7
36944,79,78,1,1
36945,90,81,9,9
36946,43,52,-9,9
36947,80,90,-10,10
36948,121,123,-2,2
36949,186,163,23,23
36950,87,87,0,0
36951,25,36,-11,11
36952,77,83,-6,6
36953,111,106,5,5
36954,60,57,3,3
36955,70,78,-8,8
36956,145,119,26,26
36957,83,88,-5,5
36958,87,82,5,5
36959,79,74,5,5
36960,110,103,7,7
36961,70,75,-5,5
36962,157,154,3,3
36963,95,91,4,4
36964,62,65,-3,3
36965,83,77,6,6
36966,64,58,6,6
36967,240,252,-12,12
36968,77,77,0,0
36969,171,153,18,18
36970,111,108,3,3
36971,98,88,10,10
36972,60,58,2,2
36973,94,94,0,0
36974,117,112,5,5
36975,113,111,2,2
36976,149,158,-9,9
36977,84,86,-2,2
36978,50,61,-11,11
36979,109,112,-3,3
36980,77,89,-12,12
36981,125,120,5,5
36982,74,85,-11,11
36983,80,83,-3,3
36984,70,66,4,4
36985,79,75,4,4
36986,125,106,19,19
36987,102,81,21,21
36988,72,69,3,3
36989,99,106,-7,7
36990,73,85,-12,12
36991,104,90,14,14
36992,99,98,1,1
36993,97,86,11,11
36994,135,126,9,9
36995,80,85,-5,5
36996,146,141,5,5
36997,59,68,-9,9
36998,95,97,-2,2
36999,159,130,29,29
37000,73,59,14,14
37001,94,90,4,4
37002,159,117,42,42
37003,178,154,24,24
37004,58,56,2,2
37005,88,90,-2,2
37006,88,93,-5,5
37007,81,85,-4,4
37008,79,66,13,13
37009,54,58,-4,4
37010,88,84,4,4
37011,75,76,-1,1
37012,101,90,11,11
37013,89,92,-3,3
37014,51,52,-1,1
37015,121,115,6,6
37016,110,94,16,16
37017,99,89,10,10
37018,63,62,1,1
37019,113,113,0,0
37020,137,138,-1,1
37021,114,120,-6,6
37022,87,85,2,2
37023,176,153,23,23
37024,136,123,13,13
37025,104,98,6,6
37026,131,325,-194,194
37027,100,108,-8,8
37028,110,109,1,1
37029,54,52,2,2
37030,99,91,8,8
37031,55,62,-7,7
37032,141,123,18,18
37033,142,131,11,11
37034,125,110,15,15
37035,114,120,-6,6
37036,121,117,4,4
37037,138,123,15,15
37038,66,69,-3,3
37039,108,101,7,7
37040,137,126,11,11
37041,57,56,1,1
37042,97,87,10,10
37043,114,99,15,15
37044,124,144,-20,20
37045,66,68,-2,2
37046,51,52,-1,1
37047,162,135,27,27
37048,161,151,10,10
37049,116,109,7,7
37050,111,106,5,5
37051,143,147,-4,4
37052,41,52,-11,11
37053,97,88,9,9
37054,49,57,-8,8
37055,156,145,11,11
37056,48,48,0,0
37057,82,78,4,4
37058,58,62,-4,4
37059,81,77,4,4
37060,81,81,0,0
37061,68,63,5,5
37062,120,120,0,0
37063,28,35,-7,7
37064,84,95,-11,11
37065,96,99,-3,3
37066,79,78,1,1
37067,446,522,-76,76
37068,132,129,3,3
37069,131,121,10,10
37070,60,74,-14,14
37071,78,71,7,7
37072,113,114,-1,1
37073,67,73,-6,6
37074,83,74,9,9
37075,77,73,4,4
37076,82,82,0,0
37077,60,53,7,7
37078,112,109,3,3
37079,124,106,18,18
37080,150,131,19,19
37081,87,94,-7,7
37082,129,114,15,15
37083,151,144,7,7
37084,36,41,-5,5
37085,100,92,8,8
37086,57,107,-50,50
37087,108,113,-5,5
37088,78,83,-5,5
37089,72,66,6,6
37090,69,79,-10,10
37091,108,102,6,6
37092,87,80,7,7
37093,51,72,-21,21
37094,48,52,-4,4
37095,98,106,-8,8
37096,31,48,-17,17
37097,140,122,18,18
37098,74,63,11,11
37099,95,96,-1,1
37100,87,76,11,11
37101,120,118,2,2
37102,83,72,11,11
37103,81,92,-11,11
37104,75,74,1,1
37105,87,88,-1,1
37106,145,129,16,16
37107,98,89,9,9
37108,52,45,7,7
37109,83,80,3,3
37110,55,69,-14,14
37111,110,113,-3,3
37112,125,132,-7,7
37113,87,81,6,6
37114,101,97,4,4
37115,81,71,10,10
37116,143,124,19,19
37117,218,186,32,32
37118,79,72,7,7
37119,97,87,10,10
37120,58,61,-3,3
37121,116,121,-5,5
37122,76,69,7,7
37123,94,88,6,6
37124,79,92,-13,13
37125,60,55,5,5
37126,103,109,-6,6
37127,51,51,0,0
37128,113,104,9,9
37129,83,100,-17,17
37130,121,115,6,6
37131,87,73,14,14
37132,152,144,8,8
37133,97,97,0,0
37134,169,172,-3,3
37135,73,83,-10,10
37136,141,140,1,1
37137,88,78,10,10
37138,75,172,-97,97
37139,78,76,2,2
37140,114,103,11,11
37141,95,88,7,7
37142,100,107,-7,7
37143,94,99,-5,5
37144,62,67,-5,5
37145,75,89,-14,14
37146,91,87,4,4
37147,155,133,22,22
37148,82,74,8,8
37149,120,118,2,2
37150,154,122,32,32
37151,45,46,-1,1
37152,69,66,3,3
37153,70,73,-3,3
37154,129,139,-10,10
37155,83,77,6,6
37156,102,84,18,18
37157,34,42,-8,8
37158,84,76,8,8
37159,93,85,8,8
37160,173,154,19,19
37161,81,84,-3,3
37162,112,117,-5,5
37163,141,131,10,10
37164,117,110,7,7
37165,87,92,-5,5
37166,89,95,-6,6
37167,138,147,-9,9
37168,77,75,2,2
37169,71,72,-1,1
37170,108,106,2,2
37171,84,86,-2,2
37172,90,99,-9,9
37173,156,149,7,7
37174,90,93,-3,3
37175,91,88,3,3
37176,64,61,3,3
37177,66,70,-4,4
37178,59,58,1,1
37179,124,115,9,9
37180,49,50,-1,1
37181,108,106,2,2
37182,83,77,6,6
37183,115,100,15,15
37184,59,64,-5,5
37185,51,66,-15,15
37186,90,95,-5,5
37187,77,89,-12,12
37188,59,55,4,4
37189,100,99,1,1
37190,138,128,10,10
37191,237,227,10,10
37192,71,70,1,1
37193,51,53,-2,2
37194,160,167,-7,7
37195,162,118,44,44
37196,121,115,6,6
37197,122,112,10,10
37198,64,59,5,5
37199,78,60,18,18
37200,107,130,-23,23
37201,102,105,-3,3
37202,74,83,-9,9
37203,90,101,-11,11
37204,65,55,10,10
37205,85,90,-5,5
37206,88,90,-2,2
37207,95,93,2,2
37208,92,91,1,1
37209,148,126,22,22
37210,89,86,3,3
37211,63,57,6,6
37212,98,84,14,14
37213,74,72,2,2
37214,69,71,-2,2
37215,58,59,-1,1
37216,148,119,29,29
37217,75,83,-8,8
37218,128,121,7,7
37219,63,77,-14,14
37220,113,88,25,25
37221,88,87,1,1
37222,68,57,11,11
37223,98,93,5,5
37224,79,82,-3,3
37225,69,63,6,6
37226,284,288,-4,4
37227,76,72,4,4
37228,98,99,-1,1
37229,73,75,-2,2
37230,135,131,4,4
37231,71,67,4,4
37232,85,78,7,7
37233,58,68,-10,10
37234,110,106,4,4
37235,63,69,-6,6
37236,91,91,0,0
37237,72,71,1,1
37238,111,126,-15,15
37239,75,68,7,7
37240,127,111,16,16
37241,157,136,21,21
37242,136,129,7,7
37243,66,61,5,5
37244,53,52,1,1
37245,76,75,1,1
37246,76,60,16,16
37247,123,134,-11,11
37248,90,86,4,4
37249,62,68,-6,6
37250,93,112,-19,19
37251,150,131,19,19
37252,114,113,1,1
37253,99,79,20,20
37254,85,84,1,1
37255,68,59,9,9
37256,54,45,9,9
37257,64,63,1,1
37258,126,126,0,0
37259,52,53,-1,1
37260,119,118,1,1
37261,112,110,2,2
37262,257,236,21,21
37263,75,73,2,2
37264,58,60,-2,2
37265,87,79,8,8
37266,50,49,1,1
37267,79,78,1,1
37268,142,133,9,9
37269,122,114,8,8
37270,69,73,-4,4
37271,82,70,12,12
37272,83,90,-7,7
37273,87,93,-6,6
37274,132,127,5,5
37275,110,121,-11,11
37276,98,84,14,14
37277,93,85,8,8
37278,112,114,-2,2
37279,101,90,11,11
37280,97,97,0,0
37281,111,120,-9,9
37282,53,55,-2,2
37283,78,93,-15,15
37284,104,96,8,8
37285,86,79,7,7
37286,109,103,6,6
37287,136,131,5,5
37288,113,136,-23,23
37289,53,63,-10,10
37290,85,76,9,9
37291,142,127,15,15
37292,141,125,16,16
37293,87,84,3,3
37294,79,65,14,14
37295,171,152,19,19
37296,104,107,-3,3
37297,91,119,-28,28
37298,70,68,2,2
37299,93,97,-4,4
37300,115,112,3,3
37301,49,54,-5,5
37302,115,102,13,13
37303,85,69,16,16
37304,96,94,2,2
37305,112,107,5,5
37306,133,138,-5,5
37307,114,109,5,5
37308,78,96,-18,18
37309,158,144,14,14
37310,73,71,2,2
37311,44,45,-1,1
37312,160,159,1,1
37313,114,116,-2,2
37314,163,113,50,50
37315,113,115,-2,2
37316,92,98,-6,6
37317,35,41,-6,6
37318,135,127,8,8
37319,113,106,7,7
37320,105,103,2,2
37321,79,76,3,3
37322,130,112,18,18
37323,129,125,4,4
37324,81,83,-2,2
37325,71,82,-11,11
37326,233,213,20,20
37327,79,85,-6,6
37328,88,83,5,5
37329,121,125,-4,4
37330,132,122,10,10
37331,179,167,12,12
37332,199,205,-6,6
37333,133,122,11,11
37334,127,115,12,12
37335,71,75,-4,4
37336,59,55,4,4
37337,92,92,0,0
37338,98,92,6,6
37339,93,83,10,10
37340,103,70,33,33
37341,114,123,-9,9
37342,80,81,-1,1
37343,84,77,7,7
37344,95,86,9,9
37345,141,131,10,10
37346,184,171,13,13
37347,138,115,23,23
37348,59,60,-1,1
37349,172,162,10,10
37350,146,135,11,11
37351,72,79,-7,7
37352,139,133,6,6
37353,108,102,6,6
37354,91,98,-7,7
37355,38,31,7,7
37356,44,43,1,1
37357,86,82,4,4
37358,68,72,-4,4
37359,68,64,4,4
37360,100,99,1,1
37361,135,118,17,17
37362,30,45,-15,15
37363,149,135,14,14
37364,93,95,-2,2
37365,132,128,4,4
37366,61,59,2,2
37367,104,102,2,2
37368,119,115,4,4
37369,61,64,-3,3
37370,79,77,2,2
37371,48,60,-12,12
37372,80,72,8,8
37373,145,154,-9,9
37374,65,66,-1,1
37375,68,59,9,9
37376,68,65,3,3
37377,78,78,0,0
37378,65,64,1,1
37379,98,87,11,11
37380,102,104,-2,2
37381,115,100,15,15
37382,71,65,6,6
37383,63,64,-1,1
37384,64,71,-7,7
37385,97,97,0,0
37386,102,90,12,12
37387,101,99,2,2
37388,34,33,1,1
37389,70,72,-2,2
37390,53,58,-5,5
37391,92,88,4,4
37392,83,95,-12,12
37393,101,105,-4,4
37394,76,80,-4,4
37395,76,79,-3,3
37396,111,101,10,10
37397,49,74,-25,25
37398,55,63,-8,8
37399,115,104,11,11
37400,126,124,2,2
37401,121,105,16,16
37402,145,142,3,3
37403,60,74,-14,14
37404,73,63,10,10
37405,63,56,7,7
37406,71,67,4,4
37407,81,89,-8,8
37408,98,93,5,5
37409,138,137,1,1
37410,69,81,-12,12
37411,172,191,-19,19
37412,57,72,-15,15
37413,119,109,10,10
37414,65,66,-1,1
37415,54,50,4,4
37416,86,89,-3,3
37417,116,113,3,3
37418,145,151,-6,6
37419,102,110,-8,8
37420,108,106,2,2
37421,63,57,6,6
37422,125,120,5,5
37423,90,95,-5,5
37424,139,135,4,4
37425,94,95,-1,1
37426,86,87,-1,1
37427,44,74,-30,30
37428,89,89,0,0
37429,82,80,2,2
37430,114,101,13,13
37431,60,62,-2,2
37432,103,114,-11,11
37433,58,50,8,8
37434,108,111,-3,3
37435,140,142,-2,2
37436,160,158,2,2
37437,54,54,0,0
37438,106,99,7,7
37439,140,139,1,1
37440,101,93,8,8
37441,120,110,10,10
37442,118,108,10,10
37443,116,109,7,7
37444,108,105,3,3
37445,205,208,-3,3
37446,192,207,-15,15
37447,97,94,3,3
37448,59,65,-6,6
37449,60,65,-5,5
37450,51,53,-2,2
37451,48,49,-1,1
37452,118,117,1,1
37453,209,203,6,6
37454,64,62,2,2
37455,76,80,-4,4
37456,130,115,15,15
37457,83,89,-6,6
37458,69,73,-4,4
37459,66,52,14,14
37460,81,87,-6,6
37461,116,134,-18,18
37462,91,89,2,2
37463,178,171,7,7
37464,148,161,-13,13
37465,160,156,4,4
37466,116,121,-5,5
37467,87,92,-5,5
37468,93,87,6,6
37469,71,71,0,0
37470,121,114,7,7
37471,85,65,20,20
37472,75,81,-6,6
37473,101,95,6,6
37474,72,74,-2,2
37475,60,60,0,0
37476,102,94,8,8
37477,111,102,9,9
37478,81,89,-8,8
37479,75,86,-11,11
37480,107,104,3,3
37481,75,80,-5,5
37482,67,79,-12,12
37483,126,125,1,1
37484,106,102,4,4
37485,126,128,-2,2
37486,104,114,-10,10
37487,65,82,-17,17
37488,92,90,2,2
37489,78,71,7,7
37490,127,118,9,9
37491,88,85,3,3
37492,35,50,-15,15
37493,87,99,-12,12
37494,53,59,-6,6
37495,108,105,3,3
37496,89,91,-2,2
37497,79,77,2,2
37498,79,76,3,3
37499,138,124,14,14
37500,92,84,8,8
37501,84,74,10,10
37502,65,62,3,3
37503,74,69,5,5
37504,147,138,9,9
37505,96,96,0,0
37506,124,112,12,12
37507,84,87,-3,3
37508,118,111,7,7
37509,80,77,3,3
37510,89,89,0,0
37511,154,159,-5,5
37512,96,111,-15,15
37513,73,81,-8,8
37514,218,205,13,13
37515,108,109,-1,1
37516,156,154,2,2
37517,56,65,-9,9
37518,105,92,13,13
37519,103,124,-21,21
37520,98,99,-1,1
37521,161,153,8,8
37522,150,110,40,40
37523,50,45,5,5
37524,99,93,6,6
37525,62,66,-4,4
37526,102,93,9,9
37527,86,79,7,7
37528,81,76,5,5
37529,51,54,-3,3
37530,100,90,10,10
37531,74,67,7,7
37532,65,61,4,4
37533,95,90,5,5
37534,99,95,4,4
37535,84,90,-6,6
37536,114,103,11,11
37537,99,90,9,9
37538,58,54,4,4
37539,49,45,4,4
37540,119,107,12,12
37541,83,80,3,3
37542,96,99,-3,3
37543,70,72,-2,2
37544,108,110,-2,2
37545,128,111,17,17
37546,75,75,0,0
37547,72,69,3,3
37548,88,74,14,14
37549,71,66,5,5
37550,103,94,9,9
37551,109,111,-2,2
37552,77,83,-6,6
37553,74,71,3,3
37554,105,89,16,16
37555,56,53,3,3
37556,95,87,8,8
37557,152,136,16,16
37558,62,65,-3,3
37559,128,123,5,5
37560,108,102,6,6
37561,58,59,-1,1
37562,144,140,4,4
37563,109,99,10,10
37564,66,60,6,6
37565,114,119,-5,5
37566,150,128,22,22
37567,98,92,6,6
37568,151,138,13,13
37569,73,70,3,3
37570,84,86,-2,2
37571,126,118,8,8
37572,50,49,1,1
37573,101,113,-12,12
37574,56,59,-3,3
37575,95,88,7,7
37576,65,58,7,7
37577,141,113,28,28
37578,94,92,2,2
37579,67,74,-7,7
37580,55,63,-8,8
37581,65,66,-1,1
37582,52,69,-17,17
37583,95,85,10,10
37584,158,150,8,8
37585,106,36,70,70
37586,101,95,6,6
37587,96,88,8,8
37588,132,138,-6,6
37589,91,82,9,9
37590,80,82,-2,2
37591,209,204,5,5
37592,71,78,-7,7
37593,94,96,-2,2
37594,93,98,-5,5
37595,103,104,-1,1
37596,69,74,-5,5
37597,190,203,-13,13
37598,92,89,3,3
37599,105,94,11,11
37600,69,67,2,2
37601,54,57,-3,3
37602,59,58,1,1
37603,82,83,-1,1
37604,84,89,-5,5
37605,30,44,-14,14
37606,150,145,5,5
37607,65,65,0,0
37608,88,82,6,6
37609,80,80,0,0
37610,174,161,13,13
37611,134,131,3,3
37612,82,73,9,9
37613,77,63,14,14
37614,65,74,-9,9
37615,49,51,-2,2
37616,95,96,-1,1
37617,67,73,-6,6
37618,69,64,5,5
37619,125,132,-7,7
37620,124,131,-7,7
37621,81,81,0,0
37622,93,95,-2,2
37623,148,121,27,27
37624,158,127,31,31
37625,107,102,5,5
37626,138,125,13,13
37627,106,110,-4,4
37628,102,105,-3,3
37629,151,152,-1,1
37630,103,103,0,0
37631,77,71,6,6
37632,139,132,7,7
37633,122,118,4,4
37634,86,78,8,8
37635,85,82,3,3
37636,76,69,7,7
37637,115,107,8,8
37638,137,122,15,15
37639,113,128,-15,15
37640,155,134,21,21
37641,66,75,-9,9
37642,75,76,-1,1
37643,120,113,7,7
37644,116,95,21,21
37645,152,136,16,16
37646,56,59,-3,3
37647,205,183,22,22
37648,96,91,5,5
37649,101,92,9,9
37650,100,97,3,3
37651,94,86,8,8
37652,130,118,12,12
37653,61,81,-20,20
37654,123,110,13,13
37655,111,114,-3,3
37656,136,140,-4,4
37657,166,145,21,21
37658,85,83,2,2
37659,99,99,0,0
37660,58,63,-5,5
37661,98,88,10,10
37662,88,78,10,10
37663,164,130,34,34
37664,67,68,-1,1
37665,112,90,22,22
37666,105,96,9,9
37667,151,124,27,27
37668,80,64,16,16
37669,121,125,-4,4
37670,179,135,44,44
37671,151,142,9,9
37672,116,113,3,3
37673,93,94,-1,1
37674,96,102,-6,6
37675,112,132,-20,20
37676,45,49,-4,4
37677,100,88,12,12
37678,71,81,-10,10
37679,72,59,13,13
37680,124,109,15,15
37681,54,42,12,12
37682,135,123,12,12
37683,125,115,10,10
37684,125,97,28,28
37685,104,117,-13,13
37686,76,75,1,1
37687,106,133,-27,27
37688,76,68,8,8
37689,87,86,1,1
37690,146,143,3,3
37691,91,91,0,0
37692,72,80,-8,8
37693,149,146,3,3
37694,82,77,5,5
37695,157,192,-35,35
37696,138,135,3,3
37697,122,119,3,3
37698,105,103,2,2
37699,88,82,6,6
37700,157,170,-13,13
37701,108,99,9,9
37702,94,88,6,6
37703,102,110,-8,8
37704,51,62,-11,11
37705,84,89,-5,5
37706,67,79,-12,12
37707,128,120,8,8
37708,130,137,-7,7
37709,165,151,14,14
37710,100,110,-10,10
37711,121,127,-6,6
37712,74,80,-6,6
37713,58,55,3,3
37714,88,92,-4,4
37715,105,109,-4,4
37716,116,116,0,0
37717,103,99,4,4
37718,101,98,3,3
37719,108,116,-8,8
37720,75,85,-10,10
37721,106,110,-4,4
37722,69,73,-4,4
37723,87,92,-5,5
37724,68,76,-8,8
37725,51,54,-3,3
37726,61,60,1,1
37727,110,110,0,0
37728,104,98,6,6
37729,70,73,-3,3
37730,47,48,-1,1
37731,69,77,-8,8
37732,48,52,-4,4
37733,92,92,0,0
37734,116,110,6,6
37735,94,90,4,4
37736,79,81,-2,2
37737,116,135,-19,19
37738,133,136,-3,3
37739,70,76,-6,6
37740,153,148,5,5
37741,41,90,-49,49
37742,73,73,0,0
37743,109,97,12,12
37744,145,112,33,33
37745,106,110,-4,4
37746,89,77,12,12
37747,69,83,-14,14
37748,73,71,2,2
37749,61,59,2,2
37750,127,120,7,7
37751,104,101,3,3
37752,103,99,4,4
37753,107,97,10,10
37754,116,111,5,5
37755,66,71,-5,5
37756,130,124,6,6
37757,102,99,3,3
37758,102,100,2,2
37759,72,79,-7,7
37760,98,93,5,5
37761,55,49,6,6
37762,90,98,-8,8
37763,116,113,3,3
37764,64,76,-12,12
37765,113,105,8,8
37766,75,87,-12,12
37767,75,91,-16,16
37768,119,110,9,9
37769,81,75,6,6
37770,74,73,1,1
37771,156,149,7,7
37772,93,82,11,11
37773,84,83,1,1
37774,118,136,-18,18
37775,70,64,6,6
37776,197,204,-7,7
37777,57,57,0,0
37778,41,53,-12,12
37779,110,118,-8,8
37780,94,89,5,5
37781,121,108,13,13
37782,77,79,-2,2
37783,104,95,9,9
37784,98,99,-1,1
37785,101,98,3,3
37786,65,73,-8,8
37787,140,126,14,14
37788,113,101,12,12
37789,103,85,18,18
37790,84,78,6,6
37791,75,68,7,7
37792,136,109,27,27
37793,123,116,7,7
37794,117,117,0,0
37795,107,95,12,12
37796,64,69,-5,5
37797,61,61,0,0
37798,216,184,32,32
37799,94,96,-2,2
37800,96,87,9,9
37801,83,96,-13,13
37802,42,53,-11,11
37803,93,97,-4,4
37804,61,62,-1,1
37805,101,83,18,18
37806,118,113,5,5
37807,100,89,11,11
37808,107,125,-18,18
37809,98,102,-4,4
37810,64,65,-1,1
37811,215,215,0,0
37812,127,120,7,7
37813,91,85,6,6
37814,113,124,-11,11
37815,82,81,1,1
37816,120,124,-4,4
37817,72,75,-3,3
37818,77,92,-15,15
37819,79,87,-8,8
37820,67,74,-7,7
37821,89,89,0,0
37822,54,56,-2,2
37823,97,97,0,0
37824,82,74,8,8
37825,91,101,-10,10
37826,83,76,7,7
37827,54,57,-3,3
37828,116,122,-6,6
37829,80,86,-6,6
37830,75,73,2,2
37831,187,196,-9,9
37832,78,80,-2,2
37833,95,96,-1,1
37834,87,83,4,4
37835,74,69,5,5
37836,67,67,0,0
37837,66,58,8,8
37838,78,68,10,10
37839,107,103,4,4
37840,59,58,1,1
37841,92,101,-9,9
37842,41,45,-4,4
37843,130,118,12,12
37844,100,105,-5,5
37845,88,86,2,2
37846,67,60,7,7
37847,100,91,9,9
37848,99,91,8,8
37849,69,68,1,1
37850,115,123,-8,8
37851,116,107,9,9
37852,49,50,-1,1
37853,91,91,0,0
37854,67,73,-6,6
37855,105,93,12,12
37856,137,131,6,6
37857,72,79,-7,7
37858,61,61,0,0
37859,86,81,5,5
37860,91,92,-1,1
37861,85,86,-1,1
37862,83,53,30,30
37863,68,64,4,4
37864,103,91,12,12
37865,106,93,13,13
37866,139,108,31,31
37867,115,117,-2,2
37868,48,55,-7,7
37869,159,136,23,23
37870,61,63,-2,2
37871,113,129,-16,16
37872,101,104,-3,3
37873,77,73,4,4
37874,134,138,-4,4
37875,67,63,4,4
37876,106,102,4,4
37877,57,58,-1,1
37878,95,95,0,0
37879,93,95,-2,2
37880,95,88,7,7
37881,179,170,9,9
37882,153,157,-4,4
37883,62,61,1,1
37884,69,65,4,4
37885,165,161,4,4
37886,180,197,-17,17
37887,87,87,0,0
37888,110,109,1,1
37889,116,117,-1,1
37890,159,171,-12,12
37891,99,99,0,0
37892,114,108,6,6
37893,102,92,10,10
37894,154,153,1,1
37895,91,88,3,3
37896,124,106,18,18
37897,91,86,5,5
37898,41,50,-9,9
37899,45,48,-3,3
37900,71,85,-14,14
37901,76,75,1,1
37902,99,104,-5,5
37903,111,100,11,11
37904,97,86,11,11
37905,124,104,20,20
37906,96,128,-32,32
37907,79,85,-6,6
37908,122,136,-14,14
37909,115,96,19,19
37910,89,83,6,6
37911,73,79,-6,6
37912,111,118,-7,7
37913,89,86,3,3
37914,138,135,3,3
37915,100,108,-8,8
37916,78,81,-3,3
37917,83,91,-8,8
37918,86,93,-7,7
37919,135,141,-6,6
37920,114,114,0,0
37921,56,60,-4,4
37922,149,161,-12,12
37923,81,81,0,0
37924,79,76,3,3
37925,103,103,0,0
37926,56,63,-7,7
37927,150,138,12,12
37928,78,80,-2,2
37929,78,76,2,2
37930,41,45,-4,4
37931,121,105,16,16
37932,123,113,10,10
37933,76,86,-10,10
37934,103,98,5,5
37935,35,66,-31,31
37936,124,116,8,8
37937,55,61,-6,6
37938,88,85,3,3
37939,90,85,5,5
37940,120,91,29,29
37941,71,70,1,1
37942,79,82,-3,3
37943,62,61,1,1
37944,86,83,3,3
37945,64,68,-4,4
37946,131,125,6,6
37947,146,133,13,13
37948,86,77,9,9
37949,98,101,-3,3
37950,183,153,30,30
37951,91,98,-7,7
37952,77,68,9,9
37953,142,139,3,3
37954,79,75,4,4
37955,41,43,-2,2
37956,105,107,-2,2
37957,197,195,2,2
37958,115,112,3,3
37959,71,78,-7,7
37960,140,137,3,3
37961,130,123,7,7
37962,83,85,-2,2
37963,108,119,-11,11
37964,67,68,-1,1
37965,70,77,-7,7
37966,93,92,1,1
37967,64,71,-7,7
37968,98,113,-15,15
37969,115,111,4,4
37970,62,62,0,0
37971,88,87,1,1
37972,61,55,6,6
37973,198,232,-34,34
37974,101,106,-5,5
37975,66,58,8,8
37976,31,32,-1,1
37977,94,85,9,9
37978,93,101,-8,8
37979,117,159,-42,42
37980,99,98,1,1
37981,36,37,-1,1
37982,76,78,-2,2
37983,67,65,2,2
37984,78,83,-5,5
37985,50,68,-18,18
37986,55,54,1,1
37987,92,92,0,0
37988,94,84,10,10
37989,137,138,-1,1
37990,102,94,8,8
37991,113,107,6,6
37992,89,78,11,11
37993,124,128,-4,4
37994,82,73,9,9
37995,60,65,-5,5
37996,125,106,19,19
37997,78,80,-2,2
37998,143,133,10,10
37999,142,135,7,7
38000,106,96,10,10
38001,124,117,7,7
38002,52,48,4,4
38003,97,115,-18,18
38004,80,86,-6,6
38005,107,111,-4,4
38006,141,126,15,15
38007,57,48,9,9
38008,89,75,14,14
38009,104,106,-2,2
38010,154,141,13,13
38011,76,87,-11,11
38012,95,80,15,15
38013,179,167,12,12
38014,64,73,-9,9
38015,119,99,20,20
38016,108,107,1,1
38017,114,109,5,5
38018,92,88,4,4
38019,109,104,5,5
38020,139,141,-2,2
38021,130,139,-9,9
38022,112,104,8,8
38023,123,111,12,12
38024,125,115,10,10
38025,66,56,10,10
38026,77,88,-11,11
38027,87,83,4,4
38028,97,95,2,2
38029,56,63,-7,7
38030,146,135,11,11
38031,71,66,5,5
38032,176,172,4,4
38033,96,90,6,6
38034,105,91,14,14
38035,127,125,2,2
38036,82,84,-2,2
38037,137,138,-1,1
38038,120,117,3,3
38039,82,78,4,4
38040,73,70,3,3
38041,78,67,11,11
38042,83,79,4,4
38043,83,92,-9,9
38044,74,85,-11,11
38045,81,77,4,4
38046,178,171,7,7
38047,96,98,-2,2
38048,48,52,-4,4
38049,74,85,-11,11
38050,143,137,6,6
38051,94,88,6,6
38052,142,138,4,4
38053,144,149,-5,5
38054,114,120,-6,6
38055,91,92,-1,1
38056,127,129,-2,2
38057,65,80,-15,15
38058,152,138,14,14
38059,106,89,17,17
38060,140,121,19,19
38061,96,98,-2,2
38062,72,99,-27,27
38063,71,47,24,24
38064,116,108,8,8
38065,156,149,7,7
38066,57,52,5,5
38067,24,38,-14,14
38068,122,114,8,8
38069,118,111,7,7
38070,96,94,2,2
38071,86,81,5,5
38072,163,141,22,22
38073,60,68,-8,8
38074,80,69,11,11
38075,78,73,5,5
38076,82,81,1,1
38077,113,102,11,11
38078,104,107,-3,3
38079,154,159,-5,5
38080,34,43,-9,9
38081,111,113,-2,2
38082,103,96,7,7
38083,88,82,6,6
38084,112,109,3,3
38085,115,106,9,9
38086,60,52,8,8
38087,150,138,12,12
38088,116,107,9,9
38089,80,69,11,11
38090,112,97,15,15
38091,116,113,3,3
38092,83,85,-2,2
38093,161,144,17,17
38094,65,62,3,3
38095,74,73,1,1
38096,72,66,6,6
38097,185,155,30,30
38098,89,79,10,10
38099,90,87,3,3
38100,175,156,19,19
38101,96,88,8,8
38102,96,86,10,10
38103,111,108,3,3
38104,46,49,-3,3
38105,105,108,-3,3
38106,69,77,-8,8
38107,117,111,6,6
38108,91,85,6,6
38109,70,69,1,1
38110,150,130,20,20
38111,122,122,0,0
38112,98,101,-3,3
38113,100,85,15,15
38114,160,145,15,15
38115,139,135,4,4
38116,170,157,13,13
38117,79,90,-11,11
38118,132,113,19,19
38119,121,117,4,4
38120,118,118,0,0
38121,102,89,13,13
38122,98,93,5,5
38123,115,116,-1,1
38124,159,138,21,21
38125,92,89,3,3
38126,41,58,-17,17
38127,84,81,3,3
38128,132,132,0,0
38129,109,89,20,20
38130,78,89,-11,11
38131,114,116,-2,2
38132,121,122,-1,1
38133,93,88,5,5
38134,115,111,4,4
38135,44,49,-5,5
38136,74,65,9,9
38137,49,56,-7,7
38138,165,161,4,4
38139,83,81,2,2
38140,158,127,31,31
38141,101,88,13,13
38142,118,111,7,7
38143,94,92,2,2
38144,117,135,-18,18
38145,109,102,7,7
38146,73,87,-14,14
38147,76,87,-11,11
38148,138,134,4,4
38149,113,110,3,3
38150,96,91,5,5
38151,73,76,-3,3
38152,112,101,11,11
38153,63,70,-7,7
38154,104,86,18,18
38155,82,93,-11,11
38156,54,59,-5,5
38157,84,75,9,9
38158,133,143,-10,10
38159,101,98,3,3
38160,108,113,-5,5
38161,83,73,10,10
38162,78,82,-4,4
38163,82,79,3,3
38164,76,77,-1,1
38165,90,82,8,8
38166,105,98,7,7
38167,61,54,7,7
38168,102,110,-8,8
38169,104,119,-15,15
38170,72,69,3,3
38171,74,64,10,10
38172,92,93,-1,1
38173,85,80,5,5
38174,99,99,0,0
38175,111,128,-17,17
38176,67,72,-5,5
38177,76,69,7,7
38178,113,94,19,19
38179,107,93,14,14
38180,117,107,10,10
38181,116,122,-6,6
38182,97,91,6,6
38183,125,121,4,4
38184,112,111,1,1
38185,71,83,-12,12
38186,115,114,1,1
38187,59,81,-22,22
38188,97,92,5,5
38189,124,111,13,13
38190,45,41,4,4
38191,87,82,5,5
38192,103,115,-12,12
38193,64,61,3,3
38194,100,92,8,8
38195,97,95,2,2
38196,121,123,-2,2
38197,111,118,-7,7
38198,74,70,4,4
38199,118,153,-35,35
38200,91,85,6,6
38201,89,87,2,2
38202,105,87,18,18
38203,79,83,-4,4
38204,68,65,3,3
38205,125,130,-5,5
38206,87,80,7,7
38207,123,108,15,15
38208,93,91,2,2
38209,100,98,2,2
38210,64,62,2,2
38211,108,107,1,1
38212,68,60,8,8
38213,86,94,-8,8
38214,107,88,19,19
38215,73,79,-6,6
38216,128,132,-4,4
38217,119,110,9,9
38218,54,48,6,6
38219,72,73,-1,1
38220,73,79,-6,6
38221,159,146,13,13
38222,83,75,8,8
38223,97,95,2,2
38224,131,126,5,5
38225,69,73,-4,4
38226,86,72,14,14
38227,119,119,0,0
38228,100,89,11,11
38229,102,106,-4,4
38230,67,62,5,5
38231,53,58,-5,5
38232,85,95,-10,10
38233,168,153,15,15
38234,61,54,7,7
38235,77,74,3,3
38236,85,87,-2,2
38237,69,67,2,2
38238,124,118,6,6
38239,89,74,15,15
38240,148,144,4,4
38241,143,127,16,16
38242,57,80,-23,23
38243,144,134,10,10
38244,66,68,-2,2
38245,83,94,-11,11
38246,120,119,1,1
38247,131,127,4,4
38248,51,60,-9,9
38249,77,65,12,12
38250,62,60,2,2
38251,125,121,4,4
38252,87,84,3,3
38253,89,86,3,3
38254,162,153,9,9
38255,109,108,1,1
38256,126,130,-4,4
38257,87,94,-7,7
38258,87,102,-15,15
38259,116,107,9,9
38260,51,58,-7,7
38261,65,56,9,9
38262,95,89,6,6
38263,86,78,8,8
38264,98,93,5,5
38265,74,76,-2,2
38266,87,101,-14,14
38267,113,107,6,6
38268,70,83,-13,13
38269,119,110,9,9
38270,180,168,12,12
38271,94,88,6,6
38272,67,72,-5,5
38273,85,72,13,13
38274,147,151,-4,4
38275,79,71,8,8
38276,76,71,5,5
38277,60,55,5,5
38278,55,66,-11,11
38279,95,98,-3,3
38280,127,106,21,21
38281,100,101,-1,1
38282,85,85,0,0
38283,127,122,5,5
38284,101,87,14,14
38285,70,74,-4,4
38286,102,96,6,6
38287,73,76,-3,3
38288,107,106,1,1
38289,129,129,0,0
38290,114,107,7,7
38291,45,57,-12,12
38292,52,50,2,2
38293,69,73,-4,4
38294,71,66,5,5
38295,65,71,-6,6
38296,211,166,45,45
38297,113,136,-23,23
38298,97,94,3,3
38299,60,61,-1,1
38300,184,147,37,37
38301,106,107,-1,1
38302,121,111,10,10
38303,112,123,-11,11
38304,137,135,2,2
38305,104,100,4,4
38306,124,142,-18,18
38307,72,52,20,20
38308,116,106,10,10
38309,76,70,6,6
38310,99,99,0,0
38311,75,73,2,2
38312,81,80,1,1
38313,69,74,-5,5
38314,72,85,-13,13
38315,87,65,22,22
38316,93,91,2,2
38317,136,143,-7,7
38318,101,100,1,1
38319,89,83,6,6
38320,112,109,3,3
38321,65,65,0,0
38322,118,108,10,10
38323,92,82,10,10
38324,80,90,-10,10
38325,98,93,5,5
38326,70,63,7,7
38327,127,112,15,15
38328,149,125,24,24
38329,70,68,2,2
38330,139,133,6,6
38331,82,74,8,8
38332,91,91,0,0
38333,39,51,-12,12
38334,82,90,-8,8
38335,105,104,1,1
38336,147,144,3,3
38337,104,105,-1,1
38338,117,91,26,26
38339,91,98,-7,7
38340,90,101,-11,11
38341,104,91,13,13
38342,47,55,-8,8
38343,56,57,-1,1
38344,110,117,-7,7
38345,43,65,-22,22
38346,120,110,10,10
38347,70,72,-2,2
38348,75,75,0,0
38349,77,71,6,6
38350,72,69,3,3
38351,105,98,7,7
38352,218,197,21,21
38353,56,60,-4,4
38354,100,101,-1,1
38355,123,134,-11,11
38356,130,116,14,14
38357,63,52,11,11
38358,89,88,1,1
38359,60,64,-4,4
38360,65,74,-9,9
38361,118,107,11,11
38362,86,94,-8,8
38363,166,171,-5,5
38364,106,104,2,2
38365,58,61,-3,3
38366,141,130,11,11
38367,96,94,2,2
38368,106,102,4,4
38369,110,121,-11,11
38370,64,63,1,1
38371,83,78,5,5
38372,92,105,-13,13
38373,70,69,1,1
38374,122,122,0,0
38375,86,86,0,0
38376,105,93,12,12
38377,99,102,-3,3
38378,57,54,3,3
38379,79,76,3,3
38380,59,50,9,9
38381,70,73,-3,3
38382,104,96,8,8
38383,86,86,0,0
38384,112,121,-9,9
38385,102,99,3,3
38386,63,63,0,0
38387,118,111,7,7
38388,63,56,7,7
38389,104,120,-16,16
38390,86,87,-1,1
38391,167,148,19,19
38392,164,143,21,21
38393,85,75,10,10
38394,111,113,-2,2
38395,121,108,13,13
38396,94,92,2,2
38397,77,84,-7,7
38398,35,35,0,0
38399,95,89,6,6
38400,133,135,-2,2
38401,85,88,-3,3
38402,67,61,6,6
38403,114,112,2,2
38404,157,148,9,9
38405,157,146,11,11
38406,94,103,-9,9
38407,54,57,-3,3
38408,64,53,11,11
38409,109,101,8,8
38410,71,68,3,3
38411,73,76,-3,3
38412,76,86,-10,10
38413,130,110,20,20
38414,79,75,4,4
38415,142,146,-4,4
38416,89,87,2,2
38417,105,106,-1,1
38418,78,90,-12,12
38419,64,66,-2,2
38420,63,69,-6,6
38421,89,92,-3,3
38422,171,185,-14,14
38423,111,91,20,20
38424,86,82,4,4
38425,102,95,7,7
38426,61,56,5,5
38427,85,83,2,2
38428,134,117,17,17
38429,81,80,1,1
38430,142,137,5,5
38431,80,74,6,6
38432,83,82,1,1
38433,121,108,13,13
38434,67,59,8,8
38435,100,120,-20,20
38436,129,131,-2,2
38437,102,105,-3,3
38438,126,128,-2,2
38439,98,93,5,5
38440,63,64,-1,1
38441,72,68,4,4
38442,88,91,-3,3
38443,64,67,-3,3
38444,107,112,-5,5
38445,89,82,7,7
38446,93,88,5,5
38447,146,136,10,10
38448,101,104,-3,3
38449,87,85,2,2
38450,97,105,-8,8
38451,78,61,17,17
38452,130,113,17,17
38453,85,76,9,9
38454,77,70,7,7
38455,44,48,-4,4
38456,96,91,5,5
38457,89,71,18,18
38458,117,111,6,6
38459,41,42,-1,1
38460,113,110,3,3
38461,103,85,18,18
38462,161,164,-3,3
38463,196,200,-4,4
38464,64,55,9,9
38465,82,78,4,4
38466,66,90,-24,24
38467,80,72,8,8
38468,54,53,1,1
38469,104,104,0,0
38470,55,53,2,2
38471,57,50,7,7
38472,49,61,-12,12
38473,70,72,-2,2
38474,74,81,-7,7
38475,33,48,-15,15
38476,83,94,-11,11
38477,89,84,5,5
38478,102,93,9,9
38479,156,151,5,5
38480,36,42,-6,6
38481,62,57,5,5
38482,102,93,9,9
38483,87,91,-4,4
38484,50,43,7,7
38485,89,97,-8,8
38486,100,96,4,4
38487,98,84,14,14
38488,56,54,2,2
38489,75,78,-3,3
38490,98,84,14,14
38491,117,102,15,15
38492,235,231,4,4
38493,54,56,-2,2
38494,68,61,7,7
38495,116,125,-9,9
38496,32,36,-4,4
38497,55,57,-2,2
38498,82,79,3,3
38499,119,109,10,10
38500,183,194,-11,11
38501,112,80,32,32
38502,57,65,-8,8
38503,120,115,5,5
38504,77,83,-6,6
38505,68,76,-8,8
38506,126,117,9,9
38507,68,69,-1,1
38508,103,92,11,11
38509,110,116,-6,6
38510,122,114,8,8
38511,100,111,-11,11
38512,74,69,5,5
38513,185,172,13,13
38514,118,121,-3,3
38515,41,48,-7,7
38516,91,85,6,6
38517,83,73,10,10
38518,79,83,-4,4
38519,82,71,11,11
38520,84,86,-2,2
38521,70,53,17,17
38522,97,103,-6,6
38523,99,97,2,2
38524,108,96,12,12
38525,85,81,4,4
38526,132,139,-7,7
38527,99,95,4,4
38528,62,55,7,7
38529,80,76,4,4
38530,96,83,13,13
38531,98,88,10,10
38532,109,106,3,3
38533,124,125,-1,1
38534,101,110,-9,9
38535,118,117,1,1
38536,57,48,9,9
38537,79,79,0,0
38538,86,85,1,1
38539,77,79,-2,2
38540,132,120,12,12
38541,74,63,11,11
38542,108,115,-7,7
38543,137,121,16,16
38544,102,99,3,3
38545,150,140,10,10
38546,51,52,-1,1
38547,77,71,6,6
38548,59,51,8,8
38549,42,39,3,3
38550,141,132,9,9
38551,132,121,11,11
38552,67,62,5,5
38553,108,103,5,5
38554,144,153,-9,9
38555,69,68,1,1
38556,85,87,-2,2
38557,64,66,-2,2
38558,65,62,3,3
38559,221,225,-4,4
38560,70,59,11,11
38561,56,51,5,5
38562,62,69,-7,7
38563,88,102,-14,14
38564,108,110,-2,2
38565,178,161,17,17
38566,74,74,0,0
38567,85,94,-9,9
38568,61,68,-7,7
38569,111,77,34,34
38570,103,106,-3,3
38571,110,104,6,6
38572,74,67,7,7
38573,172,161,11,11
38574,87,94,-7,7
38575,141,145,-4,4
38576,86,76,10,10
38577,89,73,16,16
38578,106,85,21,21
38579,103,96,7,7
38580,115,96,19,19
38581,61,54,7,7
38582,102,102,0,0
38583,64,64,0,0
38584,121,109,12,12
38585,61,69,-8,8
38586,75,72,3,3
38587,43,40,3,3
38588,84,80,4,4
38589,118,110,8,8
38590,50,39,11,11
38591,81,70,11,11
38592,160,143,17,17
38593,121,112,9,9
38594,77,91,-14,14
38595,124,117,7,7
38596,140,119,21,21
38597,56,63,-7,7
38598,92,85,7,7
38599,99,96,3,3
38600,169,165,4,4
38601,102,106,-4,4
38602,149,135,14,14
38603,161,172,-11,11
38604,73,78,-5,5
38605,81,84,-3,3
38606,76,71,5,5
38607,131,120,11,11
38608,155,157,-2,2
38609,87,78,9,9
38610,62,57,5,5
38611,87,84,3,3
38612,78,81,-3,3
38613,74,76,-2,2
38614,49,63,-14,14
38615,92,90,2,2
38616,133,126,7,7
38617,149,141,8,8
38618,120,115,5,5
38619,89,82,7,7
38620,102,101,1,1
38621,62,56,6,6
38622,57,48,9,9
38623,43,60,-17,17
38624,72,78,-6,6
38625,58,66,-8,8
38626,66,65,1,1
38627,73,86,-13,13
38628,112,89,23,23
38629,158,143,15,15
38630,70,78,-8,8
38631,136,127,9,9
38632,85,77,8,8
38633,37,42,-5,5
38634,87,88,-1,1
38635,130,134,-4,4
38636,88,86,2,2
38637,57,67,-10,10
38638,117,112,5,5
38639,105,95,10,10
38640,75,69,6,6
38641,153,148,5,5
38642,90,102,-12,12
38643,130,112,18,18
38644,86,91,-5,5
38645,124,126,-2,2
38646,83,82,1,1
38647,145,132,13,13
38648,77,78,-1,1
38649,64,67,-3,3
38650,129,125,4,4
38651,109,93,16,16
38652,94,99,-5,5
38653,84,78,6,6
38654,64,70,-6,6
38655,90,89,1,1
38656,171,163,8,8
38657,93,97,-4,4
38658,121,129,-8,8
38659,72,81,-9,9
38660,72,95,-23,23
38661,85,80,5,5
38662,86,78,8,8
38663,93,99,-6,6
38664,94,78,16,16
38665,118,119,-1,1
38666,72,60,12,12
38667,64,69,-5,5
38668,127,100,27,27
38669,64,62,2,2
38670,75,68,7,7
38671,57,60,-3,3
38672,61,61,0,0
38673,74,90,-16,16
38674,53,58,-5,5
38675,80,90,-10,10
38676,83,79,4,4
38677,124,118,6,6
38678,81,84,-3,3
38679,84,91,-7,7
38680,128,110,18,18
38681,93,92,1,1
38682,79,80,-1,1
38683,81,98,-17,17
38684,81,78,3,3
38685,104,100,4,4
38686,82,79,3,3
38687,84,69,15,15
38688,71,72,-1,1
38689,62,59,3,3
38690,66,73,-7,7
38691,63,63,0,0
38692,77,71,6,6
38693,56,57,-1,1
38694,155,144,11,11
38695,143,128,15,15
38696,75,73,2,2
38697,92,86,6,6
38698,108,99,9,9
38699,105,101,4,4
38700,63,61,2,2
38701,117,108,9,9
38702,123,101,22,22
38703,69,75,-6,6
38704,119,111,8,8
38705,92,97,-5,5
38706,94,77,17,17
38707,80,88,-8,8
38708,101,99,2,2
38709,150,131,19,19
38710,92,89,3,3
38711,97,89,8,8
38712,100,97,3,3
38713,74,83,-9,9
38714,157,151,6,6
38715,65,61,4,4
38716,97,88,9,9
38717,79,82,-3,3
38718,86,80,6,6
38719,91,90,1,1
38720,51,51,0,0
38721,110,112,-2,2
38722,106,101,5,5
38723,50,55,-5,5
38724,76,71,5,5
38725,126,115,11,11
38726,73,68,5,5
38727,80,88,-8,8
38728,90,81,9,9
38729,94,84,10,10
38730,99,89,10,10
38731,140,131,9,9
38732,92,81,11,11
38733,96,93,3,3
38734,107,99,8,8
38735,120,108,12,12
38736,141,119,22,22
38737,58,63,-5,5
38738,99,95,4,4
38739,75,70,5,5
38740,118,103,15,15
38741,93,93,0,0
38742,104,83,21,21
38743,81,81,0,0
38744,107,102,5,5
38745,91,106,-15,15
38746,87,92,-5,5
38747,53,59,-6,6
38748,147,158,-11,11
38749,108,95,13,13
38750,76,72,4,4
38751,59,57,2,2
38752,85,94,-9,9
38753,82,77,5,5
38754,57,61,-4,4
38755,37,42,-5,5
38756,129,127,2,2
38757,57,49,8,8
38758,67,65,2,2
38759,76,62,14,14
38760,85,70,15,15
38761,130,119,11,11
38762,106,101,5,5
38763,104,112,-8,8
38764,88,99,-11,11
38765,65,82,-17,17
38766,75,79,-4,4
38767,145,130,15,15
38768,149,145,4,4
38769,44,43,1,1
38770,69,71,-2,2
38771,93,94,-1,1
38772,78,80,-2,2
38773,63,71,-8,8
38774,78,80,-2,2
38775,85,78,7,7
38776,55,51,4,4
38777,73,84,-11,11
38778,107,100,7,7
38779,131,111,20,20
38780,87,91,-4,4
38781,40,51,-11,11
38782,139,119,20,20
38783,85,85,0,0
38784,163,190,-27,27
38785,64,70,-6,6
38786,193,186,7,7
38787,86,96,-10,10
38788,98,96,2,2
38789,51,55,-4,4
38790,128,119,9,9
38791,141,120,21,21
38792,84,81,3,3
38793,142,135,7,7
38794,59,68,-9,9
38795,108,97,11,11
38796,39,45,-6,6
38797,156,151,5,5
38798,107,112,-5,5
38799,99,103,-4,4
38800,166,159,7,7
38801,85,80,5,5
38802,84,81,3,3
38803,98,91,7,7
38804,76,68,8,8
38805,138,117,21,21
38806,93,85,8,8
38807,182,156,26,26
38808,149,124,25,25
38809,132,105,27,27
38810,127,117,10,10
38811,70,73,-3,3
38812,57,49,8,8
38813,176,160,16,16
38814,68,67,1,1
38815,46,49,-3,3
38816,66,58,8,8
38817,113,114,-1,1
38818,135,135,0,0
38819,48,47,1,1
38820,135,126,9,9
38821,70,75,-5,5
38822,91,92,-1,1
38823,125,120,5,5
38824,109,93,16,16
38825,53,52,1,1
38826,91,88,3,3
38827,70,59,11,11
38828,65,71,-6,6
38829,125,101,24,24
38830,72,79,-7,7
38831,103,96,7,7
38832,103,74,29,29
38833,101,85,16,16
38834,117,120,-3,3
38835,63,58,5,5
38836,164,163,1,1
38837,57,65,-8,8
38838,120,118,2,2
38839,133,125,8,8
38840,83,89,-6,6
38841,64,58,6,6
38842,102,95,7,7
38843,70,68,2,2
38844,124,114,10,10
38845,106,92,14,14
38846,156,147,9,9
38847,67,67,0,0
38848,147,142,5,5
38849,113,114,-1,1
38850,121,121,0,0
38851,97,95,2,2
38852,59,78,-19,19
38853,50,59,-9,9
38854,118,100,18,18
38855,56,53,3,3
38856,87,78,9,9
38857,89,97,-8,8
38858,65,71,-6,6
38859,62,72,-10,10
38860,138,124,14,14
38861,149,155,-6,6
38862,69,65,4,4
38863,76,89,-13,13
38864,65,73,-8,8
38865,70,69,1,1
38866,133,148,-15,15
38867,77,78,-1,1
38868,93,91,2,2
38869,105,120,-15,15
38870,67,63,4,4
38871,84,92,-8,8
38872,83,93,-10,10
38873,46,38,8,8
38874,102,95,7,7
38875,80,71,9,9
38876,106,105,1,1
38877,91,89,2,2
38878,70,61,9,9
38879,213,198,15,15
38880,84,79,5,5
38881,124,104,20,20
38882,113,95,18,18
38883,89,92,-3,3
38884,112,107,5,5
38885,78,70,8,8
38886,60,65,-5,5
38887,119,106,13,13
38888,58,59,-1,1
38889,109,91,18,18
38890,113,131,-18,18
38891,101,89,12,12
38892,61,52,9,9
38893,76,88,-12,12
38894,84,79,5,5
38895,86,90,-4,4
38896,108,101,7,7
38897,102,89,13,13
38898,151,151,0,0
38899,66,70,-4,4
38900,71,67,4,4
38901,66,68,-2,2
38902,131,129,2,2
38903,49,54,-5,5
38904,99,107,-8,8
38905,69,73,-4,4
38906,72,65,7,7
38907,179,156,23,23
38908,152,141,11,11
38909,70,73,-3,3
38910,63,77,-14,14
38911,104,104,0,0
38912,22,48,-26,26
38913,105,109,-4,4
38914,174,170,4,4
38915,123,118,5,5
38916,34,21,13,13
38917,76,73,3,3
38918,114,106,8,8
38919,84,93,-9,9
38920,114,107,7,7
38921,236,206,30,30
38922,86,99,-13,13
38923,91,76,15,15
38924,109,108,1,1
38925,99,95,4,4
38926,79,70,9,9
38927,51,49,2,2
38928,201,194,7,7
38929,60,62,-2,2
38930,89,92,-3,3
38931,84,80,4,4
38932,40,45,-5,5
38933,68,63,5,5
38934,58,50,8,8
38935,73,72,1,1
38936,121,119,2,2
38937,55,47,8,8
38938,91,94,-3,3
38939,57,58,-1,1
38940,68,56,12,12
38941,93,92,1,1
38942,59,64,-5,5
38943,76,72,4,4
38944,99,97,2,2
38945,85,110,-25,25
38946,113,95,18,18
38947,107,88,19,19
38948,184,182,2,2
38949,80,76,4,4
38950,99,106,-7,7
38951,180,161,19,19
38952,94,101,-7,7
38953,37,35,2,2
38954,59,71,-12,12
38955,65,59,6,6
38956,93,91,2,2
38957,88,90,-2,2
38958,92,94,-2,2
38959,128,105,23,23
38960,111,120,-9,9
38961,128,168,-40,40
38962,48,51,-3,3
38963,116,127,-11,11
38964,54,53,1,1
38965,57,65,-8,8
38966,61,68,-7,7
38967,79,78,1,1
38968,61,60,1,1
38969,122,117,5,5
38970,89,91,-2,2
38971,121,110,11,11
38972,119,108,11,11
38973,108,111,-3,3
38974,100,101,-1,1
38975,58,55,3,3
38976,106,95,11,11
38977,88,83,5,5
38978,103,91,12,12
38979,31,41,-10,10
38980,34,58,-24,24
38981,87,86,1,1
38982,111,105,6,6
38983,101,104,-3,3
38984,41,41,0,0
38985,60,60,0,0
38986,115,108,7,7
38987,136,131,5,5
38988,74,66,8,8
38989,84,79,5,5
38990,110,103,7,7
38991,73,72,1,1
38992,126,131,-5,5
38993,77,79,-2,2
38994,129,131,-2,2
38995,123,123,0,0
38996,99,87,12,12
38997,88,67,21,21
38998,61,71,-10,10
38999,74,75,-1,1
39000,107,103,4,4
39001,122,107,15,15
39002,60,62,-2,2
39003,188,166,22,22
39004,84,74,10,10
39005,146,128,18,18
39006,154,155,-1,1
39007,114,122,-8,8
39008,117,108,9,9
39009,163,170,-7,7
39010,74,77,-3,3
39011,113,106,7,7
39012,68,74,-6,6
39013,137,130,7,7
39014,86,84,2,2
39015,136,134,2,2
39016,77,66,11,11
39017,156,141,15,15
39018,146,134,12,12
39019,62,55,7,7
39020,66,79,-13,13
39021,121,121,0,0
39022,161,132,29,29
39023,102,107,-5,5
39024,67,60,7,7
39025,129,135,-6,6
39026,120,123,-3,3
39027,174,172,2,2
39028,179,168,11,11
39029,92,83,9,9
39030,112,110,2,2
39031,110,93,17,17
39032,97,97,0,0
39033,68,69,-1,1
39034,117,117,0,0
39035,155,150,5,5
39036,60,59,1,1
39037,167,146,21,21
39038,115,115,0,0
39039,134,135,-1,1
39040,48,49,-1,1
39041,89,84,5,5
39042,42,62,-20,20
39043,31,43,-12,12
39044,105,98,7,7
39045,138,124,14,14
39046,97,93,4,4
39047,83,81,2,2
39048,54,59,-5,5
39049,65,64,1,1
39050,94,99,-5,5
39051,86,80,6,6
39052,88,93,-5,5
39053,63,59,4,4
39054,144,142,2,2
39055,62,72,-10,10
39056,63,79,-16,16
39057,98,88,10,10
39058,60,51,9,9
39059,49,54,-5,5
39060,96,86,10,10
39061,71,72,-1,1
39062,120,107,13,13
39063,150,135,15,15
39064,80,68,12,12
39065,58,64,-6,6
39066,64,64,0,0
39067,140,140,0,0
39068,124,129,-5,5
39069,97,93,4,4
39070,161,135,26,26
39071,50,66,-16,16
39072,101,99,2,2
39073,44,54,-10,10
39074,99,104,-5,5
39075,171,163,8,8
39076,43,50,-7,7
39077,93,100,-7,7
39078,139,143,-4,4
39079,120,106,14,14
39080,98,103,-5,5
39081,101,109,-8,8
39082,80,75,5,5
39083,63,58,5,5
39084,149,145,4,4
39085,132,112,20,20
39086,71,72,-1,1
39087,92,89,3,3
39088,61,72,-11,11
39089,110,107,3,3
39090,67,67,0,0
39091,38,63,-25,25
39092,89,101,-12,12
39093,86,85,1,1
39094,157,179,-22,22
39095,63,69,-6,6
39096,56,59,-3,3
39097,96,98,-2,2
39098,58,69,-11,11
39099,164,155,9,9
39100,107,102,5,5
39101,131,109,22,22
39102,119,112,7,7
39103,103,105,-2,2
39104,58,58,0,0
39105,158,128,30,30
39106,148,131,17,17
39107,107,107,0,0
39108,108,91,17,17
39109,85,71,14,14
39110,76,78,-2,2
39111,72,64,8,8
39112,133,131,2,2
39113,71,76,-5,5
39114,90,79,11,11
39115,105,110,-5,5
39116,107,108,-1,1
39117,84,76,8,8
39118,67,68,-1,1
39119,154,147,7,7
39120,63,73,-10,10
39121,182,175,7,7
39122,130,117,13,13
39123,126,125,1,1
39124,135,124,11,11
39125,86,80,6,6
39126,90,97,-7,7
39127,69,69,0,0
39128,99,93,6,6
39129,81,88,-7,7
39130,92,86,6,6
39131,83,76,7,7
39132,76,66,10,10
39133,79,65,14,14
39134,59,65,-6,6
39135,100,98,2,2
39136,60,58,2,2
39137,76,77,-1,1
39138,110,97,13,13
39139,112,108,4,4
39140,93,95,-2,2
39141,101,101,0,0
39142,107,114,-7,7
39143,180,187,-7,7
39144,109,103,6,6
39145,85,73,12,12
39146,123,117,6,6
39147,90,91,-1,1
39148,118,125,-7,7
39149,108,96,12,12
39150,95,88,7,7
39151,119,101,18,18
39152,115,107,8,8
39153,145,132,13,13
39154,46,49,-3,3
39155,59,64,-5,5
39156,127,130,-3,3
39157,114,110,4,4
39158,101,96,5,5
39159,134,128,6,6
39160,99,93,6,6
39161,143,125,18,18
39162,136,128,8,8
39163,152,145,7,7
39164,103,100,3,3
39165,79,69,10,10
39166,83,84,-1,1
39167,125,117,8,8
39168,74,91,-17,17
39169,44,50,-6,6
39170,100,102,-2,2
39171,111,112,-1,1
39172,65,62,3,3
39173,102,87,15,15
39174,109,100,9,9
39175,80,71,9,9
39176,117,111,6,6
39177,121,113,8,8
39178,154,122,32,32
39179,55,58,-3,3
39180,90,88,2,2
39181,137,121,16,16
39182,53,49,4,4
39183,137,120,17,17
39184,64,57,7,7
39185,133,123,10,10
39186,38,32,6,6
39187,105,81,24,24
39188,45,42,3,3
39189,133,111,22,22
39190,121,123,-2,2
39191,138,126,12,12
39192,84,75,9,9
39193,79,79,0,0
39194,48,51,-3,3
39195,51,61,-10,10
39196,90,90,0,0
39197,79,72,7,7
39198,73,71,2,2
39199,82,70,12,12
39200,90,91,-1,1
39201,98,76,22,22
39202,56,58,-2,2
39203,100,94,6,6
39204,55,55,0,0
39205,116,125,-9,9
39206,61,58,3,3
39207,77,71,6,6
39208,131,126,5,5
39209,115,106,9,9
39210,94,85,9,9
39211,80,82,-2,2
39212,57,60,-3,3
39213,112,103,9,9
39214,98,90,8,8
39215,136,142,-6,6
39216,125,105,20,20
39217,90,96,-6,6
39218,81,82,-1,1
39219,123,113,10,10
39220,114,116,-2,2
39221,35,51,-16,16
39222,55,53,2,2
39223,110,108,2,2
39224,52,50,2,2
39225,191,172,19,19
39226,48,66,-18,18
39227,70,60,10,10
39228,116,110,6,6
39229,114,114,0,0
39230,71,68,3,3
39231,130,121,9,9
39232,92,86,6,6
39233,111,109,2,2
39234,150,135,15,15
39235,112,124,-12,12
39236,85,84,1,1
39237,75,84,-9,9
39238,64,63,1,1
39239,65,65,0,0
39240,164,159,5,5
39241,63,43,20,20
39242,105,104,1,1
39243,96,91,5,5
39244,102,82,20,20
39245,84,75,9,9
39246,72,80,-8,8
39247,118,117,1,1
39248,110,103,7,7
39249,81,77,4,4
39250,109,109,0,0
39251,76,65,11,11
39252,64,55,9,9
39253,133,114,19,19
39254,143,128,15,15
39255,72,70,2,2
39256,74,79,-5,5
39257,41,44,-3,3
39258,65,64,1,1
39259,73,66,7,7
39260,63,70,-7,7
39261,175,143,32,32
39262,85,90,-5,5
39263,82,82,0,0
39264,48,52,-4,4
39265,97,89,8,8
39266,86,86,0,0
39267,66,73,-7,7
39268,80,71,9,9
39269,84,90,-6,6
39270,90,85,5,5
39271,76,90,-14,14
39272,90,101,-11,11
39273,128,129,-1,1
39274,76,92,-16,16
39275,84,80,4,4
39276,116,115,1,1
39277,72,79,-7,7
39278,88,78,10,10
39279,58,55,3,3
39280,80,88,-8,8
39281,122,113,9,9
39282,84,88,-4,4
39283,62,72,-10,10
39284,78,73,5,5
39285,113,109,4,4
39286,152,142,10,10
39287,68,69,-1,1
39288,72,72,0,0
39289,104,104,0,0
39290,100,97,3,3
39291,92,81,11,11
39292,95,92,3,3
39293,66,61,5,5
39294,78,80,-2,2
39295,117,105,12,12
39296,109,94,15,15
39297,157,154,3,3
39298,100,90,10,10
39299,101,88,13,13
39300,68,64,4,4
39301,137,118,19,19
39302,144,151,-7,7
39303,152,148,4,4
39304,121,108,13,13
39305,83,83,0,0
39306,86,83,3,3
39307,72,64,8,8
39308,82,94,-12,12
39309,115,105,10,10
39310,44,48,-4,4
39311,130,131,-1,1
39312,84,83,1,1
39313,104,92,12,12
39314,70,61,9,9
39315,152,128,24,24
39316,66,65,1,1
39317,137,112,25,25
39318,86,86,0,0
39319,130,111,19,19
39320,105,106,-1,1
39321,79,78,1,1
39322,79,84,-5,5
39323,68,63,5,5
39324,86,80,6,6
39325,90,90,0,0
39326,174,159,15,15
39327,41,36,5,5
39328,109,92,17,17
39329,98,85,13,13
39330,79,79,0,0
39331,107,106,1,1
39332,138,137,1,1
39333,49,43,6,6
39334,68,82,-14,14
39335,465,389,76,76
39336,102,91,11,11
39337,108,100,8,8
39338,98,95,3,3
39339,70,62,8,8
39340,90,89,1,1
39341,103,96,7,7
39342,84,74,10,10
39343,128,123,5,5
39344,205,197,8,8
39345,149,134,15,15
39346,51,52,-1,1
39347,64,65,-1,1
39348,155,148,7,7
39349,61,58,3,3
39350,91,86,5,5
39351,69,73,-4,4
39352,51,70,-19,19
39353,59,54,5,5
39354,110,98,12,12
39355,145,124,21,21
39356,86,100,-14,14
39357,192,179,13,13
39358,80,67,13,13
39359,62,58,4,4
39360,116,113,3,3
39361,94,99,-5,5
39362,60,57,3,3
39363,128,148,-20,20
39364,129,123,6,6
39365,111,110,1,1
39366,137,130,7,7
39367,164,144,20,20
39368,119,104,15,15
39369,90,87,3,3
39370,114,129,-15,15
39371,26,15,11,11
39372,107,105,2,2
39373,68,73,-5,5
39374,118,122,-4,4
39375,124,114,10,10
39376,170,172,-2,2
39377,61,60,1,1
39378,136,138,-2,2
39379,196,155,41,41
39380,87,85,2,2
39381,95,100,-5,5
39382,108,136,-28,28
39383,151,145,6,6
39384,67,70,-3,3
39385,149,149,0,0
39386,113,104,9,9
39387,50,61,-11,11
39388,79,82,-3,3
39389,103,101,2,2
39390,80,72,8,8
39391,172,170,2,2
39392,105,108,-3,3
39393,82,86,-4,4
39394,47,53,-6,6
39395,54,53,1,1
39396,80,73,7,7
39397,64,55,9,9
39398,150,140,10,10
39399,134,124,10,10
39400,61,64,-3,3
39401,108,100,8,8
39402,116,116,0,0
39403,101,116,-15,15
39404,81,82,-1,1
39405,90,91,-1,1
39406,71,71,0,0
39407,119,110,9,9
39408,133,136,-3,3
39409,125,129,-4,4
39410,70,67,3,3
39411,182,169,13,13
39412,114,105,9,9
39413,136,154,-18,18
39414,76,76,0,0
39415,114,97,17,17
39416,46,50,-4,4
39417,97,108,-11,11
39418,70,72,-2,2
39419,63,57,6,6
39420,100,92,8,8
39421,114,105,9,9
39422,52,53,-1,1
39423,130,140,-10,10
39424,108,92,16,16
39425,133,114,19,19
39426,26,30,-4,4
39427,75,79,-4,4
39428,112,113,-1,1
39429,73,74,-1,1
39430,44,50,-6,6
39431,75,72,3,3
39432,93,87,6,6
39433,60,71,-11,11
39434,83,78,5,5
39435,140,135,5,5
39436,100,101,-1,1
39437,107,96,11,11
39438,95,81,14,14
39439,111,100,11,11
39440,112,104,8,8
39441,67,70,-3,3
39442,52,56,-4,4
39443,113,105,8,8
39444,77,81,-4,4
39445,135,132,3,3
39446,61,56,5,5
39447,58,69,-11,11
39448,60,57,3,3
39449,100,93,7,7
39450,49,60,-11,11
39451,71,67,4,4
39452,104,105,-1,1
39453,49,50,-1,1
39454,141,138,3,3
39455,113,113,0,0
39456,74,69,5,5
39457,135,132,3,3
39458,61,74,-13,13
39459,115,112,3,3
39460,89,92,-3,3
39461,76,66,10,10
39462,111,121,-10,10
39463,61,60,1,1
39464,54,53,1,1
39465,95,97,-2,2
39466,125,120,5,5
39467,168,181,-13,13
39468,71,70,1,1
39469,80,75,5,5
39470,224,239,-15,15
39471,87,87,0,0
39472,65,63,2,2
39473,130,133,-3,3
39474,111,110,1,1
39475,76,72,4,4
39476,111,94,17,17
39477,88,94,-6,6
39478,97,89,8,8
39479,118,112,6,6
39480,93,79,14,14
39481,131,118,13,13
39482,82,81,1,1
39483,153,144,9,9
39484,76,71,5,5
39485,105,108,-3,3
39486,38,41,-3,3
39487,56,66,-10,10
39488,75,71,4,4
39489,40,57,-17,17
39490,139,136,3,3
39491,78,83,-5,5
39492,72,69,3,3
39493,123,125,-2,2
39494,71,78,-7,7
39495,144,142,2,2
39496,51,58,-7,7
39497,63,51,12,12
39498,51,54,-3,3
39499,98,90,8,8
39500,83,75,8,8
39501,75,81,-6,6
39502,108,102,6,6
39503,100,85,15,15
39504,61,61,0,0
39505,76,76,0,0
39506,156,232,-76,76
39507,69,64,5,5
39508,219,236,-17,17
39509,112,108,4,4
39510,86,92,-6,6
39511,53,49,4,4
39512,108,99,9,9
39513,82,75,7,7
39514,89,77,12,12
39515,125,110,15,15
39516,96,104,-8,8
39517,113,106,7,7
39518,61,62,-1,1
39519,39,46,-7,7
39520,65,80,-15,15
39521,101,99,2,2
39522,188,175,13,13
39523,73,75,-2,2
39524,51,71,-20,20
39525,126,122,4,4
39526,95,112,-17,17
39527,85,92,-7,7
39528,112,125,-13,13
39529,117,122,-5,5
39530,109,90,19,19
39531,47,56,-9,9
39532,63,82,-19,19
39533,92,90,2,2
39534,78,90,-12,12
39535,100,88,12,12
39536,137,126,11,11
39537,163,155,8,8
39538,74,77,-3,3
39539,64,73,-9,9
39540,87,70,17,17
39541,87,86,1,1
39542,120,129,-9,9
39543,129,110,19,19
39544,137,131,6,6
39545,65,64,1,1
39546,67,66,1,1
39547,83,75,8,8
39548,91,89,2,2
39549,88,78,10,10
39550,47,50,-3,3
39551,119,117,2,2
39552,76,78,-2,2
39553,96,87,9,9
39554,69,75,-6,6
39555,91,78,13,13
39556,95,92,3,3
39557,89,101,-12,12
39558,89,79,10,10
39559,106,106,0,0
39560,86,65,21,21
39561,119,108,11,11
39562,76,75,1,1
39563,95,84,11,11
39564,93,84,9,9
39565,93,84,9,9
39566,87,89,-2,2
39567,142,128,14,14
39568,81,87,-6,6
39569,54,58,-4,4
39570,131,112,19,19
39571,53,51,2,2
39572,132,118,14,14
39573,83,82,1,1
39574,77,63,14,14
39575,86,92,-6,6
39576,135,116,19,19
39577,114,108,6,6
39578,75,85,-10,10
39579,62,77,-15,15
39580,96,89,7,7
39581,88,74,14,14
39582,58,61,-3,3
39583,55,70,-15,15
39584,70,64,6,6
39585,162,143,19,19
39586,98,88,10,10
39587,73,60,13,13
39588,52,54,-2,2
39589,86,82,4,4
39590,133,116,17,17
39591,102,100,2,2
39592,137,134,3,3
39593,58,54,4,4
39594,94,73,21,21
39595,158,146,12,12
39596,88,93,-5,5
39597,81,94,-13,13
39598,88,75,13,13
39599,170,179,-9,9
39600,132,124,8,8
39601,160,153,7,7
39602,69,67,2,2
39603,78,72,6,6
39604,47,71,-24,24
39605,122,117,5,5
39606,46,50,-4,4
39607,81,83,-2,2
39608,173,175,-2,2
39609,36,121,-85,85
39610,84,78,6,6
39611,118,106,12,12
39612,113,99,14,14
39613,162,157,5,5
39614,98,92,6,6
39615,96,84,12,12
39616,71,67,4,4
39617,68,70,-2,2
39618,85,92,-7,7
39619,34,59,-25,25
39620,69,77,-8,8
39621,69,71,-2,2
39622,128,115,13,13
39623,99,101,-2,2
39624,121,122,-1,1
39625,179,166,13,13
39626,92,91,1,1
39627,171,168,3,3
39628,94,95,-1,1
39629,112,113,-1,1
39630,79,72,7,7
39631,57,67,-10,10
39632,72,72,0,0
39633,161,138,23,23
39634,132,127,5,5
39635,126,118,8,8
39636,78,94,-16,16
39637,72,68,4,4
39638,88,89,-1,1
39639,93,90,3,3
39640,56,61,-5,5
39641,179,191,-12,12
39642,99,106,-7,7
39643,143,130,13,13
39644,25,35,-10,10
39645,85,77,8,8
39646,50,42,8,8
39647,110,102,8,8
39648,133,120,13,13
39649,103,104,-1,1
39650,149,144,5,5
39651,146,144,2,2
39652,65,67,-2,2
39653,117,130,-13,13
39654,53,56,-3,3
39655,155,147,8,8
39656,127,111,16,16
39657,87,86,1,1
39658,167,147,20,20
39659,74,64,10,10
39660,65,69,-4,4
39661,50,53,-3,3
39662,109,110,-1,1
39663,65,73,-8,8
39664,98,93,5,5
39665,128,119,9,9
39666,132,125,7,7
39667,174,181,-7,7
39668,81,76,5,5
39669,69,74,-5,5
39670,77,72,5,5
39671,69,68,1,1
39672,68,73,-5,5
39673,132,135,-3,3
39674,152,170,-18,18
39675,87,85,2,2
39676,30,30,0,0
39677,98,79,19,19
39678,99,86,13,13
39679,116,113,3,3
39680,100,95,5,5
39681,137,126,11,11
39682,63,61,2,2
39683,82,85,-3,3
39684,99,110,-11,11
39685,58,56,2,2
39686,68,70,-2,2
39687,121,119,2,2
39688,91,79,12,12
39689,61,73,-12,12
39690,46,50,-4,4
39691,107,114,-7,7
39692,80,70,10,10
39693,78,86,-8,8
39694,83,74,9,9
39695,139,133,6,6
39696,113,101,12,12
39697,109,118,-9,9
39698,168,160,8,8
39699,148,133,15,15
39700,90,79,11,11
39701,49,59,-10,10
39702,91,98,-7,7
39703,48,47,1,1
39704,99,101,-2,2
39705,125,124,1,1
39706,77,90,-13,13
39707,89,95,-6,6
39708,85,79,6,6
39709,85,77,8,8
39710,60,61,-1,1
39711,100,95,5,5
39712,61,57,4,4
39713,87,85,2,2
39714,79,87,-8,8
39715,48,48,0,0
39716,90,99,-9,9
39717,85,85,0,0
39718,77,68,9,9
39719,56,58,-2,2
39720,55,57,-2,2
39721,148,127,21,21
39722,108,100,8,8
39723,69,64,5,5
39724,151,137,14,14
39725,98,93,5,5
39726,87,84,3,3
39727,76,64,12,12
39728,84,89,-5,5
39729,39,45,-6,6
39730,105,102,3,3
39731,68,90,-22,22
39732,58,67,-9,9
39733,81,76,5,5
39734,108,116,-8,8
39735,98,98,0,0
39736,148,145,3,3
39737,71,77,-6,6
39738,108,103,5,5
39739,68,64,4,4
39740,82,79,3,3
39741,159,127,32,32
39742,109,92,17,17
39743,113,105,8,8
39744,106,101,5,5
39745,124,105,19,19
39746,74,71,3,3
39747,23,24,-1,1
39748,94,80,14,14
39749,69,65,4,4
39750,63,66,-3,3
39751,49,49,0,0
39752,83,74,9,9
39753,65,65,0,0
39754,122,96,26,26
39755,110,100,10,10
39756,145,136,9,9
39757,128,105,23,23
39758,61,63,-2,2
39759,135,127,8,8
39760,62,52,10,10
39761,143,116,27,27
39762,59,65,-6,6
39763,133,149,-16,16
39764,84,90,-6,6
39765,127,124,3,3
39766,75,77,-2,2
39767,128,119,9,9
39768,85,88,-3,3
39769,127,105,22,22
39770,66,72,-6,6
39771,45,45,0,0
39772,89,84,5,5
39773,82,73,9,9
39774,98,91,7,7
39775,51,54,-3,3
39776,112,120,-8,8
39777,70,68,2,2
39778,75,59,16,16
39779,97,96,1,1
39780,59,65,-6,6
39781,51,43,8,8
39782,53,53,0,0
39783,56,75,-19,19
39784,67,56,11,11
39785,66,67,-1,1
39786,89,80,9,9
39787,94,81,13,13
39788,77,82,-5,5
39789,41,44,-3,3
39790,85,78,7,7
39791,72,69,3,3
39792,108,105,3,3
39793,105,106,-1,1
39794,67,67,0,0
39795,97,91,6,6
39796,76,80,-4,4
39797,133,129,4,4
39798,93,89,4,4
39799,40,45,-5,5
39800,66,60,6,6
39801,43,50,-7,7
39802,145,145,0,0
39803,135,116,19,19
39804,64,71,-7,7
39805,76,90,-14,14
39806,55,50,5,5
39807,78,68,10,10
39808,103,98,5,5
39809,141,141,0,0
39810,152,145,7,7
39811,110,109,1,1
39812,122,113,9,9
39813,78,76,2,2
39814,82,84,-2,2
39815,104,80,24,24
39816,112,102,10,10
39817,69,57,12,12
39818,48,47,1,1
39819,60,64,-4,4
39820,54,54,0,0
39821,128,115,13,13
39822,61,53,8,8
39823,108,119,-11,11
39824,86,85,1,1
39825,74,83,-9,9
39826,168,151,17,17
39827,76,63,13,13
39828,80,74,6,6
39829,96,86,10,10
39830,74,69,5,5
39831,59,53,6,6
39832,143,135,8,8
39833,68,58,10,10
39834,76,78,-2,2
39835,97,96,1,1
39836,66,67,-1,1
39837,94,106,-12,12
39838,159,142,17,17
39839,76,69,7,7
39840,121,118,3,3
39841,123,128,-5,5
39842,80,83,-3,3
39843,77,83,-6,6
39844,52,56,-4,4
39845,115,118,-3,3
39846,180,166,14,14
39847,70,74,-4,4
39848,79,90,-11,11
39849,112,97,15,15
39850,89,95,-6,6
39851,83,79,4,4
39852,108,112,-4,4
39853,67,67,0,0
39854,86,74,12,12
39855,82,94,-12,12
39856,156,151,5,5
39857,141,125,16,16
39858,154,130,24,24
39859,63,63,0,0
39860,52,56,-4,4
39861,122,104,18,18
39862,69,74,-5,5
39863,93,87,6,6
39864,106,120,-14,14
39865,76,80,-4,4
39866,97,88,9,9
39867,96,90,6,6
39868,116,112,4,4
39869,98,103,-5,5
39870,89,82,7,7
39871,137,131,6,6
39872,88,73,15,15
39873,115,109,6,6
39874,135,135,0,0
39875,99,102,-3,3
39876,68,72,-4,4
39877,98,97,1,1
39878,119,109,10,10
39879,77,76,1,1
39880,74,78,-4,4
39881,115,112,3,3
39882,67,70,-3,3
39883,79,84,-5,5
39884,107,112,-5,5
39885,83,88,-5,5
39886,74,82,-8,8
39887,160,150,10,10
39888,56,63,-7,7
39889,74,63,11,11
39890,95,96,-1,1
39891,141,133,8,8
39892,98,94,4,4
39893,84,80,4,4
39894,118,110,8,8
39895,58,55,3,3
39896,54,62,-8,8
39897,74,71,3,3
39898,69,70,-1,1
39899,123,103,20,20
39900,59,62,-3,3
39901,50,51,-1,1
39902,56,56,0,0
39903,55,56,-1,1
39904,145,131,14,14
39905,89,78,11,11
39906,74,62,12,12
39907,67,63,4,4
39908,100,96,4,4
39909,99,94,5,5
39910,64,64,0,0
39911,49,57,-8,8
39912,144,139,5,5
39913,65,67,-2,2
39914,57,61,-4,4
39915,74,73,1,1
39916,82,84,-2,2
39917,80,72,8,8
39918,167,157,10,10
39919,55,52,3,3
39920,98,99,-1,1
39921,69,65,4,4
39922,60,64,-4,4
39923,149,138,11,11
39924,170,165,5,5
39925,56,58,-2,2
39926,120,117,3,3
39927,114,109,5,5
39928,123,119,4,4
39929,67,71,-4,4
39930,145,123,22,22
39931,72,67,5,5
39932,85,86,-1,1
39933,117,121,-4,4
39934,87,100,-13,13
39935,66,69,-3,3
39936,116,117,-1,1
39937,53,64,-11,11
39938,109,102,7,7
39939,26,32,-6,6
39940,51,49,2,2
39941,65,64,1,1
39942,89,85,4,4
39943,110,88,22,22
39944,70,69,1,1
39945,46,47,-1,1
39946,119,109,10,10
39947,127,116,11,11
39948,95,90,5,5
39949,68,63,5,5
39950,73,65,8,8
39951,112,108,4,4
39952,152,160,-8,8
39953,83,93,-10,10
39954,115,114,1,1
39955,131,107,24,24
39956,49,40,9,9
39957,118,97,21,21
39958,94,89,5,5
39959,120,123,-3,3
39960,64,86,-22,22
39961,145,132,13,13
39962,63,67,-4,4
39963,62,59,3,3
39964,55,52,3,3
39965,113,119,-6,6
39966,62,68,-6,6
39967,80,67,13,13
39968,100,89,11,11
39969,72,77,-5,5
39970,75,72,3,3
39971,104,101,3,3
39972,56,48,8,8
39973,116,114,2,2
39974,87,94,-7,7
39975,109,102,7,7
39976,107,111,-4,4
39977,63,66,-3,3
39978,127,128,-1,1
39979,124,117,7,7
39980,67,60,7,7
39981,229,167,62,62
39982,144,126,18,18
39983,110,108,2,2
39984,70,64,6,6
39985,102,93,9,9
39986,153,137,16,16
39987,82,92,-10,10
39988,50,48,2,2
39989,54,61,-7,7
39990,97,88,9,9
39991,75,86,-11,11
39992,83,74,9,9
39993,88,86,2,2
39994,129,118,11,11
39995,91,73,18,18
39996,115,102,13,13
39997,96,90,6,6
39998,177,181,-4,4
39999,109,108,1,1
40000,91,93,-2,2
40001,102,91,11,11
40002,75,72,3,3
40003,67,71,-4,4
40004,85,82,3,3
40005,133,123,10,10
40006,122,121,1,1
40007,99,100,-1,1
40008,72,72,0,0
40009,80,89,-9,9
40010,61,63,-2,2
40011,118,104,14,14
40012,112,113,-1,1
40013,69,82,-13,13
40014,156,143,13,13
40015,140,135,5,5
40016,55,53,2,2
40017,85,89,-4,4
40018,104,96,8,8
40019,113,101,12,12
40020,61,61,0,0
40021,110,105,5,5
40022,142,121,21,21
40023,93,87,6,6
40024,49,55,-6,6
40025,139,136,3,3
40026,42,43,-1,1
40027,80,70,10,10
40028,138,128,10,10
40029,148,140,8,8
40030,28,60,-32,32
40031,54,57,-3,3
40032,85,76,9,9
40033,84,85,-1,1
40034,161,138,23,23
40035,80,75,5,5
40036,108,119,-11,11
40037,91,93,-2,2
40038,92,87,5,5
40039,92,99,-7,7
40040,91,88,3,3
40041,146,130,16,16
40042,59,66,-7,7
40043,109,97,12,12
40044,67,63,4,4
40045,89,88,1,1
40046,156,138,18,18
40047,106,91,15,15
40048,71,72,-1,1
40049,161,158,3,3
40050,97,89,8,8
40051,95,91,4,4
40052,128,122,6,6
40053,79,87,-8,8
40054,127,137,-10,10
40055,88,91,-3,3
40056,63,73,-10,10
40057,47,48,-1,1
40058,67,69,-2,2
40059,44,44,0,0
40060,70,72,-2,2
40061,59,51,8,8
40062,115,109,6,6
40063,123,130,-7,7
40064,49,46,3,3
40065,81,80,1,1
40066,55,59,-4,4
40067,105,97,8,8
40068,120,111,9,9
40069,95,96,-1,1
40070,73,75,-2,2
40071,76,73,3,3
40072,95,90,5,5
40073,35,39,-4,4
40074,85,79,6,6
40075,65,77,-12,12
40076,125,119,6,6
40077,62,73,-11,11
40078,95,94,1,1
40079,139,128,11,11
40080,77,73,4,4
40081,65,70,-5,5
40082,53,55,-2,2
40083,83,70,13,13
40084,62,52,10,10
40085,74,73,1,1
40086,32,35,-3,3
40087,67,64,3,3
40088,134,128,6,6
40089,78,82,-4,4
40090,88,84,4,4
40091,81,83,-2,2
40092,60,56,4,4
40093,117,100,17,17
40094,61,68,-7,7
40095,147,137,10,10
40096,217,198,19,19
40097,84,75,9,9
40098,67,68,-1,1
40099,158,170,-12,12
40100,51,60,-9,9
40101,91,88,3,3
40102,72,70,2,2
40103,121,121,0,0
40104,76,75,1,1
40105,117,112,5,5
40106,63,68,-5,5
40107,82,89,-7,7
40108,87,94,-7,7
40109,77,76,1,1
40110,67,64,3,3
40111,129,105,24,24
40112,56,62,-6,6
40113,60,67,-7,7
40114,130,120,10,10
40115,106,108,-2,2
40116,73,68,5,5
40117,89,87,2,2
40118,85,98,-13,13
40119,71,70,1,1
40120,206,227,-21,21
40121,142,145,-3,3
40122,106,106,0,0
40123,98,99,-1,1
40124,60,70,-10,10
40125,113,118,-5,5
40126,57,60,-3,3
40127,73,63,10,10
40128,186,148,38,38
40129,87,90,-3,3
40130,122,101,21,21
40131,80,82,-2,2
40132,130,110,20,20
40133,106,99,7,7
40134,175,200,-25,25
40135,135,121,14,14
40136,115,107,8,8
40137,80,86,-6,6
40138,125,103,22,22
40139,85,90,-5,5
40140,85,82,3,3
40141,143,137,6,6
40142,92,85,7,7
40143,74,61,13,13
40144,66,75,-9,9
40145,68,69,-1,1
40146,103,83,20,20
40147,82,81,1,1
40148,57,58,-1,1
40149,102,109,-7,7
40150,117,110,7,7
40151,79,76,3,3
40152,179,133,46,46
40153,111,112,-1,1
40154,59,57,2,2
40155,90,86,4,4
40156,82,106,-24,24
40157,120,115,5,5
40158,89,88,1,1
40159,76,77,-1,1
40160,74,63,11,11
40161,54,54,0,0
40162,51,57,-6,6
40163,71,71,0,0
40164,116,100,16,16
40165,84,75,9,9
40166,107,103,4,4
40167,83,81,2,2
40168,170,147,23,23
40169,118,114,4,4
40170,115,106,9,9
40171,78,84,-6,6
40172,155,150,5,5
40173,143,148,-5,5
40174,80,83,-3,3
40175,64,72,-8,8
40176,97,87,10,10
40177,92,91,1,1
40178,63,74,-11,11
40179,196,185,11,11
40180,70,76,-6,6
40181,95,90,5,5
40182,73,73,0,0
40183,64,72,-8,8
40184,86,96,-10,10
40185,93,94,-1,1
40186,81,74,7,7
40187,132,94,38,38
40188,89,66,23,23
40189,80,80,0,0
40190,61,60,1,1
40191,148,144,4,4
40192,104,102,2,2
40193,105,105,0,0
40194,94,89,5,5
40195,72,77,-5,5
40196,71,70,1,1
40197,115,115,0,0
40198,100,92,8,8
40199,64,62,2,2
40200,88,76,12,12
40201,175,183,-8,8
40202,153,161,-8,8
40203,58,51,7,7
40204,143,141,2,2
40205,49,52,-3,3
40206,62,54,8,8
40207,72,65,7,7
40208,112,109,3,3
40209,90,96,-6,6
40210,88,93,-5,5
40211,92,81,11,11
40212,25,35,-10,10
40213,97,89,8,8
40214,133,118,15,15
40215,86,93,-7,7
40216,81,81,0,0
40217,164,147,17,17
40218,64,53,11,11
40219,79,68,11,11
40220,108,101,7,7
40221,62,67,-5,5
40222,84,81,3,3
40223,187,189,-2,2
40224,70,74,-4,4
40225,119,103,16,16
40226,86,107,-21,21
40227,118,110,8,8
40228,79,82,-3,3
40229,77,75,2,2
40230,85,88,-3,3
40231,107,95,12,12
40232,76,78,-2,2
40233,54,50,4,4
40234,66,66,0,0
40235,64,72,-8,8
40236,56,55,1,1
40237,147,143,4,4
40238,92,74,18,18
40239,119,111,8,8
40240,61,72,-11,11
40241,112,103,9,9
40242,116,118,-2,2
40243,68,79,-11,11
40244,153,148,5,5
40245,114,122,-8,8
40246,115,109,6,6
40247,91,90,1,1
40248,68,62,6,6
40249,111,111,0,0
40250,79,74,5,5
40251,57,61,-4,4
40252,114,109,5,5
40253,66,72,-6,6
40254,96,79,17,17
40255,83,92,-9,9
40256,93,83,10,10
40257,83,73,10,10
40258,80,73,7,7
40259,82,82,0,0
40260,114,107,7,7
40261,49,68,-19,19
40262,67,69,-2,2
40263,79,80,-1,1
40264,77,71,6,6
40265,64,70,-6,6
40266,177,187,-10,10
40267,71,73,-2,2
40268,99,89,10,10
40269,90,87,3,3
40270,107,101,6,6
40271,103,91,12,12
40272,144,136,8,8
40273,81,76,5,5
40274,69,71,-2,2
40275,63,79,-16,16
40276,105,112,-7,7
40277,100,88,12,12
40278,118,119,-1,1
40279,89,76,13,13
40280,90,90,0,0
40281,88,89,-1,1
40282,69,62,7,7
40283,59,53,6,6
40284,84,79,5,5
40285,143,141,2,2
40286,112,119,-7,7
40287,143,145,-2,2
40288,78,92,-14,14
40289,38,41,-3,3
40290,107,91,16,16
40291,57,66,-9,9
40292,62,84,-22,22
40293,79,84,-5,5
40294,72,76,-4,4
40295,85,79,6,6
40296,83,77,6,6
40297,69,73,-4,4
40298,62,61,1,1
40299,80,82,-2,2
40300,55,73,-18,18
40301,77,63,14,14
40302,77,84,-7,7
40303,81,89,-8,8
40304,88,80,8,8
40305,75,84,-9,9
40306,103,106,-3,3
40307,63,59,4,4
40308,115,100,15,15
40309,149,144,5,5
40310,48,52,-4,4
40311,67,62,5,5
40312,167,155,12,12
40313,116,116,0,0
40314,40,43,-3,3
40315,93,91,2,2
40316,98,90,8,8
40317,105,92,13,13
40318,150,144,6,6
40319,174,142,32,32
40320,156,149,7,7
40321,61,107,-46,46
40322,124,126,-2,2
40323,61,63,-2,2
40324,58,58,0,0
40325,147,151,-4,4
40326,80,88,-8,8
40327,115,94,21,21
40328,139,135,4,4
40329,73,71,2,2
40330,208,199,9,9
40331,92,93,-1,1
40332,63,63,0,0
40333,126,105,21,21
40334,31,36,-5,5
40335,55,65,-10,10
40336,154,154,0,0
40337,110,103,7,7
40338,62,55,7,7
40339,124,103,21,21
40340,81,73,8,8
40341,78,85,-7,7
40342,122,138,-16,16
40343,110,121,-11,11
40344,100,85,15,15
40345,112,108,4,4
40346,58,56,2,2
40347,92,94,-2,2
40348,143,139,4,4
40349,76,79,-3,3
40350,62,71,-9,9
40351,72,74,-2,2
40352,96,102,-6,6
40353,98,96,2,2
40354,209,187,22,22
40355,81,77,4,4
40356,65,66,-1,1
40357,111,93,18,18
40358,158,183,-25,25
40359,106,108,-2,2
40360,124,114,10,10
40361,90,82,8,8
40362,95,96,-1,1
40363,86,95,-9,9
40364,89,81,8,8
40365,59,72,-13,13
40366,132,115,17,17
40367,91,73,18,18
40368,90,83,7,7
40369,85,78,7,7
40370,77,85,-8,8
40371,68,57,11,11
40372,77,88,-11,11
40373,125,126,-1,1
40374,53,56,-3,3
40375,100,98,2,2
40376,128,125,3,3
40377,78,76,2,2
40378,73,100,-27,27
40379,79,77,2,2
40380,89,92,-3,3
40381,101,104,-3,3
40382,93,104,-11,11
40383,93,93,0,0
40384,62,61,1,1
40385,113,105,8,8
40386,117,105,12,12
40387,133,125,8,8
40388,107,110,-3,3
40389,64,84,-20,20
40390,48,47,1,1
40391,103,95,8,8
40392,91,95,-4,4
40393,121,123,-2,2
40394,109,107,2,2
40395,92,85,7,7
40396,118,104,14,14
40397,82,83,-1,1
40398,76,69,7,7
40399,98,82,16,16
40400,118,104,14,14
40401,124,125,-1,1
40402,120,95,25,25
40403,85,88,-3,3
40404,112,101,11,11
40405,88,84,4,4
40406,65,61,4,4
40407,48,43,5,5
40408,66,72,-6,6
40409,106,86,20,20
40410,174,183,-9,9
40411,161,156,5,5
40412,42,109,-67,67
40413,65,65,0,0
40414,47,51,-4,4
40415,100,112,-12,12
40416,91,87,4,4
40417,59,55,4,4
40418,77,82,-5,5
40419,83,82,1,1
40420,91,81,10,10
40421,91,85,6,6
40422,163,168,-5,5
40423,89,81,8,8
40424,144,130,14,14
40425,107,105,2,2
40426,75,68,7,7
40427,210,222,-12,12
40428,168,165,3,3
40429,116,96,20,20
40430,67,85,-18,18
40431,66,66,0,0
40432,23,27,-4,4
40433,99,87,12,12
40434,66,67,-1,1
40435,56,62,-6,6
40436,92,85,7,7
40437,132,121,11,11
40438,67,82,-15,15
40439,42,39,3,3
40440,123,121,2,2
40441,44,51,-7,7
40442,117,117,0,0
40443,109,105,4,4
40444,106,109,-3,3
40445,92,86,6,6
40446,88,79,9,9
40447,74,74,0,0
40448,114,126,-12,12
40449,146,117,29,29
40450,105,95,10,10
40451,91,94,-3,3
40452,124,115,9,9
40453,178,177,1,1
40454,98,101,-3,3
40455,145,152,-7,7
40456,76,76,0,0
40457,100,92,8,8
40458,128,101,27,27
40459,152,145,7,7
40460,40,39,1,1
40461,65,69,-4,4
40462,107,110,-3,3
40463,90,91,-1,1
40464,100,105,-5,5
40465,71,91,-20,20
40466,55,58,-3,3
40467,80,80,0,0
40468,131,122,9,9
40469,28,37,-9,9
40470,93,85,8,8
40471,149,156,-7,7
40472,88,79,9,9
40473,50,51,-1,1
40474,82,87,-5,5
40475,125,114,11,11
40476,131,118,13,13
40477,93,99,-6,6
40478,83,79,4,4
40479,149,161,-12,12
40480,74,77,-3,3
40481,124,121,3,3
40482,174,133,41,41
40483,83,108,-25,25
40484,119,119,0,0
40485,85,78,7,7
40486,70,65,5,5
40487,197,202,-5,5
40488,131,122,9,9
40489,130,121,9,9
40490,73,74,-1,1
40491,97,94,3,3
40492,85,101,-16,16
40493,198,176,22,22
40494,100,90,10,10
40495,81,76,5,5
40496,71,75,-4,4
40497,97,93,4,4
40498,77,85,-8,8
40499,88,86,2,2
40500,90,82,8,8
40501,74,68,6,6
40502,70,75,-5,5
40503,63,54,9,9
40504,149,133,16,16
40505,97,83,14,14
40506,65,64,1,1
40507,81,77,4,4
40508,100,96,4,4
40509,79,94,-15,15
40510,106,107,-1,1
40511,79,74,5,5
40512,137,119,18,18
40513,82,86,-4,4
40514,68,61,7,7
40515,100,91,9,9
40516,40,47,-7,7
40517,57,54,3,3
40518,73,84,-11,11
40519,85,84,1,1
40520,135,137,-2,2
40521,126,131,-5,5
40522,158,160,-2,2
40523,110,105,5,5
40524,125,130,-5,5
40525,115,106,9,9
40526,112,112,0,0
40527,71,75,-4,4
40528,121,132,-11,11
40529,97,102,-5,5
40530,104,110,-6,6
40531,97,100,-3,3
40532,54,59,-5,5
40533,76,74,2,2
40534,132,96,36,36
40535,98,103,-5,5
40536,107,99,8,8
40537,119,115,4,4
40538,125,113,12,12
40539,96,107,-11,11
40540,49,54,-5,5
40541,89,72,17,17
40542,101,90,11,11
40543,86,98,-12,12
40544,43,46,-3,3
40545,40,36,4,4
40546,109,96,13,13
40547,49,57,-8,8
40548,99,94,5,5
40549,120,88,32,32
40550,70,82,-12,12
40551,177,150,27,27
40552,59,66,-7,7
40553,90,91,-1,1
40554,99,94,5,5
40555,99,99,0,0
40556,113,101,12,12
40557,87,88,-1,1
40558,120,110,10,10
40559,122,101,21,21
40560,156,156,0,0
40561,90,82,8,8
40562,109,104,5,5
40563,59,69,-10,10
40564,110,113,-3,3
40565,64,67,-3,3
40566,76,70,6,6
40567,93,90,3,3
40568,81,77,4,4
40569,155,148,7,7
40570,77,95,-18,18
40571,52,55,-3,3
40572,48,57,-9,9
40573,94,100,-6,6
40574,72,78,-6,6
40575,78,89,-11,11
40576,108,110,-2,2
40577,74,80,-6,6
40578,67,68,-1,1
40579,88,87,1,1
40580,127,112,15,15
40581,88,98,-10,10
40582,53,69,-16,16
40583,101,99,2,2
40584,105,95,10,10
40585,120,116,4,4
40586,63,75,-12,12
40587,50,48,2,2
40588,67,67,0,0
40589,121,117,4,4
40590,76,74,2,2
40591,95,69,26,26
40592,97,104,-7,7
40593,63,67,-4,4
40594,135,138,-3,3
40595,61,55,6,6
40596,79,75,4,4
40597,133,115,18,18
40598,97,102,-5,5
40599,78,65,13,13
40600,96,90,6,6
40601,47,42,5,5
40602,139,114,25,25
40603,99,92,7,7
40604,113,98,15,15
40605,94,89,5,5
40606,100,103,-3,3
40607,71,84,-13,13
40608,102,102,0,0
40609,113,106,7,7
40610,85,83,2,2
40611,75,62,13,13
40612,62,57,5,5
40613,111,93,18,18
40614,80,73,7,7
40615,117,111,6,6
40616,107,102,5,5
40617,75,77,-2,2
40618,82,76,6,6
40619,73,79,-6,6
40620,110,102,8,8
40621,115,114,1,1
40622,151,136,15,15
40623,60,66,-6,6
40624,51,57,-6,6
40625,76,68,8,8
40626,115,109,6,6
40627,79,71,8,8
40628,85,79,6,6
40629,84,83,1,1
40630,136,120,16,16
40631,76,76,0,0
40632,30,38,-8,8
40633,141,127,14,14
40634,83,72,11,11
40635,81,84,-3,3
40636,79,81,-2,2
40637,113,115,-2,2
40638,88,75,13,13
40639,145,162,-17,17
40640,156,145,11,11
40641,80,95,-15,15
40642,103,98,5,5
40643,116,110,6,6
40644,76,67,9,9
40645,123,123,0,0
40646,93,101,-8,8
40647,103,106,-3,3
40648,67,66,1,1
40649,102,104,-2,2
40650,92,93,-1,1
40651,86,86,0,0
40652,56,62,-6,6
40653,80,80,0,0
40654,137,138,-1,1
40655,48,56,-8,8
40656,87,74,13,13
40657,112,117,-5,5
40658,74,69,5,5
40659,87,84,3,3
40660,101,102,-1,1
40661,58,65,-7,7
40662,116,109,7,7
40663,97,99,-2,2
40664,65,65,0,0
40665,98,84,14,14
40666,98,86,12,12
40667,156,151,5,5
40668,88,93,-5,5
40669,85,84,1,1
40670,64,68,-4,4
40671,72,78,-6,6
40672,107,112,-5,5
40673,87,109,-22,22
40674,115,110,5,5
40675,102,86,16,16
40676,120,108,12,12
40677,87,93,-6,6
40678,81,82,-1,1
40679,53,53,0,0
40680,71,74,-3,3
40681,78,77,1,1
40682,104,95,9,9
40683,113,115,-2,2
40684,51,43,8,8
40685,65,68,-3,3
40686,109,121,-12,12
40687,78,77,1,1
40688,105,95,10,10
40689,93,99,-6,6
40690,103,92,11,11
40691,113,102,11,11
40692,77,93,-16,16
40693,135,126,9,9
40694,82,75,7,7
40695,84,85,-1,1
40696,56,63,-7,7
40697,54,52,2,2
40698,146,125,21,21
40699,149,136,13,13
40700,91,82,9,9
40701,61,58,3,3
40702,117,117,0,0
40703,46,51,-5,5
40704,159,150,9,9
40705,94,80,14,14
40706,153,138,15,15
40707,108,97,11,11
40708,85,76,9,9
40709,69,69,0,0
40710,295,255,40,40
40711,74,82,-8,8
40712,103,99,4,4
40713,80,79,1,1
40714,68,63,5,5
40715,120,121,-1,1
40716,86,86,0,0
40717,118,107,11,11
40718,74,74,0,0
40719,99,82,17,17
40720,76,76,0,0
40721,134,124,10,10
40722,97,115,-18,18
40723,66,75,-9,9
40724,92,97,-5,5
40725,50,55,-5,5
40726,83,95,-12,12
40727,98,105,-7,7
40728,72,68,4,4
40729,71,79,-8,8
40730,71,80,-9,9
40731,78,77,1,1
40732,81,87,-6,6
40733,126,122,4,4
40734,71,67,4,4
40735,70,73,-3,3
40736,141,131,10,10
40737,75,70,5,5
40738,85,76,9,9
40739,89,87,2,2
40740,82,84,-2,2
40741,174,152,22,22
40742,77,69,8,8
40743,113,108,5,5
40744,165,151,14,14
40745,55,53,2,2
40746,94,77,17,17
40747,81,76,5,5
40748,103,98,5,5
40749,87,86,1,1
40750,68,83,-15,15
40751,205,221,-16,16
40752,85,85,0,0
40753,66,64,2,2
40754,68,66,2,2
40755,87,86,1,1
40756,101,94,7,7
40757,115,117,-2,2
40758,69,61,8,8
40759,144,130,14,14
40760,97,83,14,14
40761,107,106,1,1
40762,88,97,-9,9
40763,138,133,5,5
40764,90,77,13,13
40765,129,127,2,2
40766,66,65,1,1
40767,75,79,-4,4
40768,118,109,9,9
40769,99,87,12,12
40770,77,65,12,12
40771,89,90,-1,1
40772,95,91,4,4
40773,56,57,-1,1
40774,115,112,3,3
40775,59,55,4,4
40776,117,113,4,4
40777,110,111,-1,1
40778,120,101,19,19
40779,98,85,13,13
40780,121,117,4,4
40781,100,86,14,14
40782,85,81,4,4
40783,106,101,5,5
40784,165,153,12,12
40785,65,77,-12,12
40786,58,57,1,1
40787,165,165,0,0
40788,56,59,-3,3
40789,62,62,0,0
40790,85,84,1,1
40791,93,92,1,1
40792,57,63,-6,6
40793,97,96,1,1
40794,96,93,3,3
40795,45,49,-4,4
40796,114,107,7,7
40797,77,68,9,9
40798,77,83,-6,6
40799,89,78,11,11
40800,70,67,3,3
40801,84,86,-2,2
40802,89,100,-11,11
40803,104,106,-2,2
40804,88,87,1,1
40805,68,67,1,1
40806,67,75,-8,8
40807,51,50,1,1
40808,144,148,-4,4
40809,135,138,-3,3
40810,89,83,6,6
40811,122,107,15,15
40812,110,103,7,7
40813,81,80,1,1
40814,147,146,1,1
40815,60,62,-2,2
40816,137,142,-5,5
40817,110,106,4,4
40818,125,119,6,6
40819,89,89,0,0
40820,129,141,-12,12
40821,70,59,11,11
40822,149,152,-3,3
40823,72,52,20,20
40824,96,90,6,6
40825,76,71,5,5
40826,154,151,3,3
40827,220,199,21,21
40828,106,107,-1,1
40829,95,99,-4,4
40830,158,138,20,20
40831,140,135,5,5
40832,86,83,3,3
40833,96,84,12,12
40834,100,95,5,5
40835,70,97,-27,27
40836,64,68,-4,4
40837,147,140,7,7
40838,75,73,2,2
40839,80,64,16,16
40840,161,157,4,4
40841,83,103,-20,20
40842,89,78,11,11
40843,169,164,5,5
40844,85,85,0,0
40845,151,151,0,0
40846,85,77,8,8
40847,61,66,-5,5
40848,62,64,-2,2
40849,118,108,10,10
40850,97,97,0,0
40851,118,107,11,11
40852,104,79,25,25
40853,44,46,-2,2
40854,101,94,7,7
40855,69,71,-2,2
40856,52,60,-8,8
40857,115,112,3,3
40858,56,55,1,1
40859,110,117,-7,7
40860,96,115,-19,19
40861,88,83,5,5
40862,94,99,-5,5
40863,60,55,5,5
40864,108,106,2,2
40865,114,96,18,18
40866,87,86,1,1
40867,102,95,7,7
40868,75,68,7,7
40869,56,52,4,4
40870,123,126,-3,3
40871,29,45,-16,16
40872,70,78,-8,8
40873,87,81,6,6
40874,48,66,-18,18
40875,108,87,21,21
40876,164,151,13,13
40877,125,104,21,21
40878,66,66,0,0
40879,190,178,12,12
40880,91,86,5,5
40881,116,84,32,32
40882,96,92,4,4
40883,86,81,5,5
40884,157,160,-3,3
40885,149,120,29,29
40886,54,55,-1,1
40887,81,80,1,1
40888,97,95,2,2
40889,128,117,11,11
40890,96,99,-3,3
40891,121,119,2,2
40892,131,124,7,7
40893,133,117,16,16
40894,130,121,9,9
40895,97,87,10,10
40896,68,73,-5,5
40897,118,102,16,16
40898,91,86,5,5
40899,90,96,-6,6
40900,65,70,-5,5
40901,143,129,14,14
40902,80,67,13,13
40903,96,76,20,20
40904,104,93,11,11
40905,112,110,2,2
40906,86,87,-1,1
40907,91,95,-4,4
40908,205,177,28,28
40909,73,81,-8,8
40910,101,90,11,11
40911,73,75,-2,2
40912,90,83,7,7
40913,191,192,-1,1
40914,90,89,1,1
40915,149,146,3,3
40916,73,76,-3,3
40917,152,152,0,0
40918,115,105,10,10
40919,88,88,0,0
40920,86,79,7,7
40921,103,95,8,8
40922,37,40,-3,3
40923,83,78,5,5
40924,76,60,16,16
40925,56,53,3,3
40926,130,127,3,3
40927,67,68,-1,1
40928,78,72,6,6
40929,105,103,2,2
40930,101,98,3,3
40931,88,82,6,6
40932,83,87,-4,4
40933,108,103,5,5
40934,67,63,4,4
40935,107,108,-1,1
40936,43,41,2,2
40937,71,80,-9,9
40938,99,84,15,15
40939,120,119,1,1
40940,132,115,17,17
40941,30,32,-2,2
40942,88,80,8,8
40943,82,99,-17,17
40944,59,73,-14,14
40945,68,62,6,6
40946,120,106,14,14
40947,60,63,-3,3
40948,103,95,8,8
40949,110,101,9,9
40950,114,106,8,8
40951,90,85,5,5
40952,192,186,6,6
40953,100,97,3,3
40954,119,115,4,4
40955,91,84,7,7
40956,98,93,5,5
40957,51,58,-7,7
40958,94,88,6,6
40959,98,99,-1,1
40960,71,60,11,11
40961,106,118,-12,12
40962,78,78,0,0
40963,66,76,-10,10
40964,79,83,-4,4
40965,85,84,1,1
40966,147,142,5,5
40967,68,67,1,1
40968,66,58,8,8
40969,81,76,5,5
40970,133,124,9,9
40971,120,110,10,10
40972,71,69,2,2
40973,169,171,-2,2
40974,159,146,13,13
40975,57,58,-1,1
40976,73,72,1,1
40977,44,42,2,2
40978,85,85,0,0
40979,49,65,-16,16
40980,54,52,2,2
40981,89,84,5,5
40982,62,68,-6,6
40983,88,80,8,8
40984,93,100,-7,7
40985,66,66,0,0
40986,69,64,5,5
40987,138,140,-2,2
40988,88,85,3,3
40989,102,96,6,6
40990,45,45,0,0
40991,48,57,-9,9
40992,106,109,-3,3
40993,158,144,14,14
40994,125,112,13,13
40995,64,82,-18,18
40996,153,156,-3,3
40997,66,56,10,10
40998,87,84,3,3
40999,90,86,4,4
41000,105,97,8,8
41001,51,48,3,3
41002,148,131,17,17
41003,123,126,-3,3
41004,59,60,-1,1
41005,88,76,12,12
41006,91,92,-1,1
41007,77,87,-10,10
41008,98,92,6,6
41009,84,83,1,1
41010,97,90,7,7
41011,129,118,11,11
41012,158,155,3,3
41013,99,101,-2,2
41014,153,147,6,6
41015,140,130,10,10
41016,97,85,12,12
41017,116,115,1,1
41018,108,100,8,8
41019,117,112,5,5
41020,112,106,6,6
41021,70,79,-9,9
41022,117,128,-11,11
41023,186,182,4,4
41024,88,86,2,2
41025,40,43,-3,3
41026,69,73,-4,4
41027,138,119,19,19
41028,68,71,-3,3
41029,194,160,34,34
41030,141,130,11,11
41031,66,74,-8,8
41032,87,99,-12,12
41033,112,106,6,6
41034,120,100,20,20
41035,117,101,16,16
41036,116,111,5,5
41037,113,117,-4,4
41038,109,107,2,2
41039,116,105,11,11
41040,107,99,8,8
41041,156,129,27,27
41042,54,53,1,1
41043,96,86,10,10
41044,116,112,4,4
41045,105,94,11,11
41046,53,40,13,13
41047,146,136,10,10
41048,111,120,-9,9
41049,55,52,3,3
41050,130,120,10,10
41051,89,81,8,8
41052,99,114,-15,15
41053,101,86,15,15
41054,107,104,3,3
41055,56,54,2,2
41056,72,74,-2,2
41057,141,134,7,7
41058,49,55,-6,6
41059,50,41,9,9
41060,106,92,14,14
41061,71,63,8,8
41062,82,93,-11,11
41063,112,97,15,15
41064,114,112,2,2
41065,91,87,4,4
41066,79,83,-4,4
41067,87,86,1,1
41068,72,70,2,2
41069,140,123,17,17
41070,79,86,-7,7
41071,103,93,10,10
41072,105,103,2,2
41073,80,80,0,0
41074,63,68,-5,5
41075,89,85,4,4
41076,58,63,-5,5
41077,71,66,5,5
41078,91,79,12,12
41079,64,64,0,0
41080,134,114,20,20
41081,144,135,9,9
41082,46,65,-19,19
41083,79,88,-9,9
41084,137,109,28,28
41085,71,74,-3,3
41086,88,92,-4,4
41087,99,85,14,14
41088,77,79,-2,2
41089,71,69,2,2
41090,66,63,3,3
41091,57,64,-7,7
41092,107,104,3,3
41093,157,145,12,12
41094,59,66,-7,7
41095,107,108,-1,1
41096,150,123,27,27
41097,97,99,-2,2
41098,56,54,2,2
41099,122,111,11,11
41100,118,115,3,3
41101,98,74,24,24
41102,87,92,-5,5
41103,84,73,11,11
41104,67,57,10,10
41105,97,99,-2,2
41106,110,105,5,5
41107,75,75,0,0
41108,49,54,-5,5
41109,121,125,-4,4
41110,124,130,-6,6
41111,86,81,5,5
41112,91,89,2,2
41113,74,61,13,13
41114,87,75,12,12
41115,61,61,0,0
41116,76,92,-16,16
41117,169,155,14,14
41118,79,77,2,2
41119,85,93,-8,8
41120,129,118,11,11
41121,68,68,0,0
41122,88,108,-20,20
41123,136,111,25,25
41124,81,84,-3,3
41125,143,146,-3,3
41126,66,67,-1,1
41127,90,91,-1,1
41128,69,73,-4,4
41129,129,131,-2,2
41130,77,84,-7,7
41131,128,128,0,0
41132,110,110,0,0
41133,125,124,1,1
41134,82,98,-16,16
41135,147,124,23,23
41136,77,83,-6,6
41137,81,77,4,4
41138,91,90,1,1
41139,106,89,17,17
41140,65,69,-4,4
41141,59,61,-2,2
41142,107,108,-1,1
41143,75,81,-6,6
41144,86,94,-8,8
41145,92,83,9,9
41146,87,83,4,4
41147,115,124,-9,9
41148,70,71,-1,1
41149,78,67,11,11
41150,77,68,9,9
41151,142,148,-6,6
41152,161,160,1,1
41153,145,128,17,17
41154,102,98,4,4
41155,68,67,1,1
41156,81,82,-1,1
41157,92,86,6,6
41158,91,85,6,6
41159,87,86,1,1
41160,168,156,12,12
41161,58,52,6,6
41162,119,91,28,28
41163,55,50,5,5
41164,69,72,-3,3
41165,69,73,-4,4
41166,99,96,3,3
41167,72,63,9,9
41168,82,80,2,2
41169,134,116,18,18
41170,88,85,3,3
41171,61,63,-2,2
41172,77,81,-4,4
41173,106,102,4,4
41174,89,81,8,8
41175,90,89,1,1
41176,102,103,-1,1
41177,77,81,-4,4
41178,63,62,1,1
41179,76,83,-7,7
41180,67,61,6,6
41181,64,73,-9,9
41182,66,69,-3,3
41183,126,118,8,8
41184,91,92,-1,1
41185,148,123,25,25
41186,111,108,3,3
41187,58,66,-8,8
41188,93,80,13,13
41189,80,67,13,13
41190,173,159,14,14
41191,80,82,-2,2
41192,117,101,16,16
41193,69,62,7,7
41194,115,105,10,10
41195,122,106,16,16
41196,76,79,-3,3
41197,89,78,11,11
41198,92,97,-5,5
41199,101,95,6,6
41200,156,143,13,13
41201,88,83,5,5
41202,61,53,8,8
41203,80,76,4,4
41204,128,119,9,9
41205,101,107,-6,6
41206,114,106,8,8
41207,142,119,23,23
41208,53,52,1,1
41209,138,131,7,7
41210,49,51,-2,2
41211,146,123,23,23
41212,91,94,-3,3
41213,136,140,-4,4
41214,60,74,-14,14
41215,147,133,14,14
41216,86,84,2,2
41217,71,68,3,3
41218,127,136,-9,9
41219,62,68,-6,6
41220,109,92,17,17
41221,69,74,-5,5
41222,186,191,-5,5
41223,44,51,-7,7
41224,39,41,-2,2
41225,89,88,1,1
41226,113,108,5,5
41227,65,61,4,4
41228,63,69,-6,6
41229,61,65,-4,4
41230,132,120,12,12
41231,70,67,3,3
41232,179,169,10,10
41233,103,103,0,0
41234,118,114,4,4
41235,71,68,3,3
41236,156,135,21,21
41237,95,90,5,5
41238,108,108,0,0
41239,92,91,1,1
41240,125,114,11,11
41241,103,82,21,21
41242,87,68,19,19
41243,57,59,-2,2
41244,95,94,1,1
41245,207,214,-7,7
41246,72,72,0,0
41247,158,153,5,5
41248,78,79,-1,1
41249,59,61,-2,2
41250,77,67,10,10
41251,78,75,3,3
41252,120,95,25,25
41253,137,130,7,7
41254,71,58,13,13
41255,117,108,9,9
41256,97,95,2,2
41257,108,102,6,6
41258,64,66,-2,2
41259,125,116,9,9
41260,57,49,8,8
41261,47,48,-1,1
41262,110,92,18,18
41263,173,177,-4,4
41264,70,69,1,1
41265,112,111,1,1
41266,69,76,-7,7
41267,95,88,7,7
41268,50,47,3,3
41269,60,59,1,1
41270,108,105,3,3
41271,88,83,5,5
41272,141,164,-23,23
41273,65,62,3,3
41274,111,119,-8,8
41275,110,93,17,17
41276,156,118,38,38
41277,70,86,-16,16
41278,77,81,-4,4
41279,111,100,11,11
41280,77,69,8,8
41281,132,153,-21,21
41282,94,83,11,11
41283,87,87,0,0
41284,71,71,0,0
41285,69,76,-7,7
41286,57,55,2,2
41287,63,72,-9,9
41288,170,166,4,4
41289,99,94,5,5
41290,91,85,6,6
41291,75,77,-2,2
41292,155,144,11,11
41293,169,163,6,6
41294,121,108,13,13
41295,56,58,-2,2
41296,73,65,8,8
41297,142,83,59,59
41298,76,72,4,4
41299,117,162,-45,45
41300,113,114,-1,1
41301,63,55,8,8
41302,146,138,8,8
41303,71,61,10,10
41304,68,69,-1,1
41305,96,94,2,2
41306,64,62,2,2
41307,79,77,2,2
41308,77,77,0,0
41309,54,55,-1,1
41310,81,86,-5,5
41311,106,107,-1,1
41312,130,112,18,18
41313,63,54,9,9
41314,74,70,4,4
41315,87,73,14,14
41316,97,94,3,3
41317,136,143,-7,7
41318,78,79,-1,1
41319,114,103,11,11
41320,172,194,-22,22
41321,69,83,-14,14
41322,55,65,-10,10
41323,68,62,6,6
41324,84,77,7,7
41325,64,45,19,19
41326,44,50,-6,6
41327,98,98,0,0
41328,118,121,-3,3
41329,115,104,11,11
41330,151,139,12,12
41331,66,59,7,7
41332,150,131,19,19
41333,94,85,9,9
41334,83,86,-3,3
41335,138,124,14,14
41336,96,94,2,2
41337,117,108,9,9
41338,32,43,-11,11
41339,167,156,11,11
41340,162,143,19,19
41341,120,111,9,9
41342,84,86,-2,2
41343,64,64,0,0
41344,147,155,-8,8
41345,74,76,-2,2
41346,42,54,-12,12
41347,65,77,-12,12
41348,87,79,8,8
41349,101,111,-10,10
41350,64,58,6,6
41351,54,59,-5,5
41352,99,103,-4,4
41353,60,66,-6,6
41354,62,73,-11,11
41355,134,121,13,13
41356,79,79,0,0
41357,74,71,3,3
41358,103,109,-6,6
41359,160,161,-1,1
41360,103,97,6,6
41361,96,100,-4,4
41362,66,63,3,3
41363,72,66,6,6
41364,69,74,-5,5
41365,115,106,9,9
41366,74,71,3,3
41367,47,53,-6,6
41368,116,101,15,15
41369,75,84,-9,9
41370,74,85,-11,11
41371,138,134,4,4
41372,83,83,0,0
41373,78,82,-4,4
41374,144,133,11,11
41375,94,93,1,1
41376,91,83,8,8
41377,97,96,1,1
41378,79,78,1,1
41379,87,84,3,3
41380,50,52,-2,2
41381,61,55,6,6
41382,66,76,-10,10
41383,83,79,4,4
41384,69,66,3,3
41385,117,102,15,15
41386,123,102,21,21
41387,152,117,35,35
41388,53,52,1,1
41389,41,64,-23,23
41390,120,108,12,12
41391,50,57,-7,7
41392,103,101,2,2
41393,59,67,-8,8
41394,146,157,-11,11
41395,74,64,10,10
41396,119,110,9,9
41397,100,93,7,7
41398,109,96,13,13
41399,140,126,14,14
41400,104,98,6,6
41401,118,108,10,10
41402,129,115,14,14
41403,62,65,-3,3
41404,80,80,0,0
41405,67,70,-3,3
41406,45,50,-5,5
41407,111,110,1,1
41408,110,113,-3,3
41409,68,67,1,1
41410,84,100,-16,16
41411,132,116,16,16
41412,67,69,-2,2
41413,66,69,-3,3
41414,53,70,-17,17
41415,88,90,-2,2
41416,115,109,6,6
41417,142,143,-1,1
41418,134,134,0,0
41419,108,106,2,2
41420,63,64,-1,1
41421,68,65,3,3
41422,96,92,4,4
41423,73,72,1,1
41424,88,92,-4,4
41425,107,94,13,13
41426,114,116,-2,2
41427,132,126,6,6
41428,64,68,-4,4
41429,73,61,12,12
41430,109,98,11,11
41431,65,67,-2,2
41432,138,109,29,29
41433,103,93,10,10
41434,132,120,12,12
41435,67,61,6,6
41436,70,70,0,0
41437,114,134,-20,20
41438,54,58,-4,4
41439,87,79,8,8
41440,57,58,-1,1
41441,163,166,-3,3
41442,83,79,4,4
41443,48,48,0,0
41444,62,82,-20,20
41445,110,97,13,13
41446,64,64,0,0
41447,154,153,1,1
41448,119,111,8,8
41449,81,84,-3,3
41450,76,78,-2,2
41451,125,103,22,22
41452,82,75,7,7
41453,140,135,5,5
41454,58,54,4,4
41455,90,72,18,18
41456,94,86,8,8
41457,70,74,-4,4
41458,126,115,11,11
41459,42,46,-4,4
41460,96,92,4,4
41461,144,127,17,17
41462,84,72,12,12
41463,91,84,7,7
41464,89,81,8,8
41465,68,69,-1,1
41466,74,69,5,5
41467,73,69,4,4
41468,95,83,12,12
41469,141,120,21,21
41470,144,127,17,17
41471,115,117,-2,2
41472,126,114,12,12
41473,81,76,5,5
41474,70,65,5,5
41475,101,102,-1,1
41476,36,46,-10,10
41477,103,101,2,2
41478,50,56,-6,6
41479,108,94,14,14
41480,168,178,-10,10
41481,89,89,0,0
41482,128,123,5,5
41483,87,78,9,9
41484,72,56,16,16
41485,166,147,19,19
41486,75,69,6,6
41487,116,116,0,0
41488,66,66,0,0
41489,89,99,-10,10
41490,72,84,-12,12
41491,103,105,-2,2
41492,82,85,-3,3
41493,108,107,1,1
41494,115,103,12,12
41495,154,162,-8,8
41496,96,94,2,2
41497,70,70,0,0
41498,105,96,9,9
41499,103,115,-12,12
41500,80,82,-2,2
41501,167,136,31,31
41502,131,129,2,2
41503,87,89,-2,2
41504,83,83,0,0
41505,221,190,31,31
41506,67,71,-4,4
41507,114,106,8,8
41508,88,82,6,6
41509,80,82,-2,2
41510,183,184,-1,1
41511,67,75,-8,8
41512,172,161,11,11
41513,56,51,5,5
41514,60,55,5,5
41515,60,53,7,7
41516,77,83,-6,6
41517,85,74,11,11
41518,64,68,-4,4
41519,88,91,-3,3
41520,143,127,16,16
41521,148,142,6,6
41522,73,77,-4,4
41523,97,99,-2,2
41524,85,89,-4,4
41525,62,55,7,7
41526,82,77,5,5
41527,63,57,6,6
41528,55,56,-1,1
41529,133,120,13,13
41530,96,102,-6,6
41531,98,100,-2,2
41532,67,71,-4,4
41533,104,112,-8,8
41534,118,182,-64,64
41535,83,89,-6,6
41536,110,117,-7,7
41537,138,132,6,6
41538,79,79,0,0
41539,75,66,9,9
41540,67,65,2,2
41541,59,67,-8,8
41542,63,63,0,0
41543,125,114,11,11
41544,156,167,-11,11
41545,88,76,12,12
41546,106,100,6,6
41547,88,90,-2,2
41548,126,122,4,4
41549,71,76,-5,5
41550,109,104,5,5
41551,61,101,-40,40
41552,100,105,-5,5
41553,157,143,14,14
41554,168,161,7,7
41555,110,102,8,8
41556,92,89,3,3
41557,118,111,7,7
41558,159,158,1,1
41559,67,61,6,6
41560,78,91,-13,13
41561,93,97,-4,4
41562,76,78,-2,2
41563,156,161,-5,5
41564,63,78,-15,15
41565,87,84,3,3
41566,79,79,0,0
41567,56,52,4,4
41568,65,58,7,7
41569,99,104,-5,5
41570,90,67,23,23
41571,108,103,5,5
41572,59,56,3,3
41573,48,71,-23,23
41574,73,62,11,11
41575,111,97,14,14
41576,69,66,3,3
41577,149,129,20,20
41578,87,76,11,11
41579,87,77,10,10
41580,85,81,4,4
41581,112,100,12,12
41582,78,86,-8,8
41583,74,51,23,23
41584,85,85,0,0
41585,77,87,-10,10
41586,113,108,5,5
41587,106,102,4,4
41588,61,73,-12,12
41589,82,84,-2,2
41590,115,116,-1,1
41591,51,53,-2,2
41592,109,89,20,20
41593,61,58,3,3
41594,60,67,-7,7
41595,129,121,8,8
41596,152,123,29,29
41597,90,90,0,0
41598,204,201,3,3
41599,95,91,4,4
41600,81,83,-2,2
41601,75,74,1,1
41602,95,85,10,10
41603,108,113,-5,5
41604,140,126,14,14
41605,47,50,-3,3
41606,92,76,16,16
41607,127,124,3,3
41608,64,72,-8,8
41609,86,75,11,11
41610,83,80,3,3
41611,86,89,-3,3
41612,110,102,8,8
41613,128,132,-4,4
41614,152,156,-4,4
41615,106,105,1,1
41616,71,81,-10,10
41617,70,85,-15,15
41618,71,74,-3,3
41619,80,95,-15,15
41620,10,20,-10,10
41621,95,90,5,5
41622,88,83,5,5
41623,55,48,7,7
41624,96,78,18,18
41625,114,103,11,11
41626,113,102,11,11
41627,115,99,16,16
41628,50,55,-5,5
41629,130,131,-1,1
41630,130,112,18,18
41631,85,81,4,4
41632,72,70,2,2
41633,177,151,26,26
41634,90,95,-5,5
41635,131,139,-8,8
41636,68,72,-4,4
41637,46,50,-4,4
41638,96,96,0,0
41639,161,139,22,22
41640,60,59,1,1
41641,73,74,-1,1
41642,50,50,0,0
41643,60,58,2,2
41644,122,105,17,17
41645,136,135,1,1
41646,90,81,9,9
41647,131,120,11,11
41648,95,89,6,6
41649,66,63,3,3
41650,105,110,-5,5
41651,82,70,12,12
41652,107,97,10,10
41653,61,61,0,0
41654,136,122,14,14
41655,128,131,-3,3
41656,66,75,-9,9
41657,125,120,5,5
41658,69,67,2,2
41659,68,78,-10,10
41660,84,80,4,4
41661,47,52,-5,5
41662,77,84,-7,7
41663,113,101,12,12
41664,155,152,3,3
41665,88,88,0,0
41666,76,66,10,10
41667,104,134,-30,30
41668,43,45,-2,2
41669,69,68,1,1
41670,94,97,-3,3
41671,121,113,8,8
41672,178,170,8,8
41673,69,59,10,10
41674,113,116,-3,3
41675,118,114,4,4
41676,86,80,6,6
41677,71,70,1,1
41678,112,113,-1,1
41679,114,103,11,11
41680,68,58,10,10
41681,75,71,4,4
41682,103,108,-5,5
41683,71,67,4,4
41684,57,56,1,1
41685,88,93,-5,5
41686,165,158,7,7
41687,79,76,3,3
41688,133,132,1,1
41689,125,112,13,13
41690,91,107,-16,16
41691,117,119,-2,2
41692,108,94,14,14
41693,101,98,3,3
41694,61,70,-9,9
41695,170,159,11,11
41696,152,140,12,12
41697,86,78,8,8
41698,89,89,0,0
41699,137,112,25,25
41700,107,104,3,3
41701,145,127,18,18
41702,152,158,-6,6
41703,89,68,21,21
41704,81,70,11,11
41705,102,100,2,2
41706,85,90,-5,5
41707,70,71,-1,1
41708,85,83,2,2
41709,105,100,5,5
41710,79,72,7,7
41711,55,67,-12,12
41712,94,83,11,11
41713,49,58,-9,9
41714,42,44,-2,2
41715,302,227,75,75
41716,116,104,12,12
41717,68,63,5,5
41718,81,87,-6,6
41719,98,108,-10,10
41720,120,113,7,7
41721,135,129,6,6
41722,85,91,-6,6
41723,76,77,-1,1
41724,125,118,7,7
41725,26,35,-9,9
41726,111,92,19,19
41727,152,126,26,26
41728,85,80,5,5
41729,99,96,3,3
41730,98,89,9,9
41731,99,103,-4,4
41732,81,87,-6,6
41733,98,114,-16,16
41734,101,86,15,15
41735,64,60,4,4
41736,185,191,-6,6
41737,97,87,10,10
41738,93,99,-6,6
41739,65,60,5,5
41740,89,85,4,4
41741,53,62,-9,9
41742,96,89,7,7
41743,133,123,10,10
41744,149,131,18,18
41745,155,141,14,14
41746,86,84,2,2
41747,64,61,3,3
41748,133,123,10,10
41749,119,127,-8,8
41750,70,83,-13,13
41751,57,57,0,0
41752,56,60,-4,4
41753,55,50,5,5
41754,57,62,-5,5
41755,106,106,0,0
41756,85,88,-3,3
41757,80,82,-2,2
41758,71,77,-6,6
41759,79,91,-12,12
41760,72,80,-8,8
41761,67,60,7,7
41762,200,194,6,6
41763,55,57,-2,2
41764,103,99,4,4
41765,80,83,-3,3
41766,113,112,1,1
41767,34,68,-34,34
41768,77,76,1,1
41769,145,126,19,19
41770,143,147,-4,4
41771,100,94,6,6
41772,53,67,-14,14
41773,61,89,-28,28
41774,109,112,-3,3
41775,86,69,17,17
41776,72,74,-2,2
41777,86,90,-4,4
41778,115,122,-7,7
41779,74,82,-8,8
41780,85,81,4,4
41781,97,91,6,6
41782,111,103,8,8
41783,63,79,-16,16
41784,104,99,5,5
41785,101,95,6,6
41786,110,97,13,13
41787,72,78,-6,6
41788,128,121,7,7
41789,74,85,-11,11
41790,108,96,12,12
41791,110,104,6,6
41792,68,67,1,1
41793,41,46,-5,5
41794,153,153,0,0
41795,115,114,1,1
41796,58,55,3,3
41797,45,67,-22,22
41798,92,88,4,4
41799,57,54,3,3
41800,125,111,14,14
41801,82,86,-4,4
41802,61,62,-1,1
41803,148,144,4,4
41804,72,74,-2,2
41805,108,104,4,4
41806,97,97,0,0
41807,134,119,15,15
41808,50,52,-2,2
41809,66,58,8,8
41810,61,49,12,12
41811,91,84,7,7
41812,133,125,8,8
41813,131,109,22,22
41814,67,71,-4,4
41815,112,108,4,4
41816,100,109,-9,9
41817,193,189,4,4
41818,90,81,9,9
41819,77,83,-6,6
41820,80,80,0,0
41821,117,121,-4,4
41822,87,86,1,1
41823,64,69,-5,5
41824,61,63,-2,2
41825,120,119,1,1
41826,119,113,6,6
41827,137,113,24,24
41828,54,54,0,0
41829,162,144,18,18
41830,152,157,-5,5
41831,69,62,7,7
41832,80,79,1,1
41833,92,91,1,1
41834,96,87,9,9
41835,107,105,2,2
41836,71,73,-2,2
41837,83,85,-2,2
41838,89,89,0,0
41839,121,112,9,9
41840,81,83,-2,2
41841,112,111,1,1
41842,147,127,20,20
41843,62,58,4,4
41844,129,124,5,5
41845,74,74,0,0
41846,168,146,22,22
41847,47,44,3,3
41848,128,131,-3,3
41849,49,58,-9,9
41850,56,56,0,0
41851,89,79,10,10
41852,67,66,1,1
41853,68,86,-18,18
41854,114,111,3,3
41855,137,142,-5,5
41856,122,109,13,13
41857,74,77,-3,3
41858,67,65,2,2
41859,129,124,5,5
41860,139,139,0,0
41861,62,65,-3,3
41862,100,97,3,3
41863,88,80,8,8
41864,64,58,6,6
41865,92,82,10,10
41866,119,131,-12,12
41867,81,80,1,1
41868,59,48,11,11
41869,106,99,7,7
41870,94,101,-7,7
41871,112,105,7,7
41872,80,80,0,0
41873,101,106,-5,5
41874,135,114,21,21
41875,135,123,12,12
41876,104,94,10,10
41877,85,88,-3,3
41878,176,167,9,9
41879,79,78,1,1
41880,69,64,5,5
41881,41,39,2,2
41882,47,49,-2,2
41883,67,74,-7,7
41884,69,74,-5,5
41885,51,49,2,2
41886,73,90,-17,17
41887,108,94,14,14
41888,47,45,2,2
41889,120,118,2,2
41890,117,106,11,11
41891,91,99,-8,8
41892,110,106,4,4
41893,82,74,8,8
41894,97,95,2,2
41895,92,86,6,6
41896,72,79,-7,7
41897,74,65,9,9
41898,80,97,-17,17
41899,49,46,3,3
41900,133,123,10,10
41901,85,84,1,1
41902,116,110,6,6
41903,72,55,17,17
41904,125,118,7,7
41905,91,90,1,1
41906,103,98,5,5
41907,110,99,11,11
41908,102,105,-3,3
41909,111,101,10,10
41910,50,54,-4,4
41911,50,42,8,8
41912,106,105,1,1
41913,79,75,4,4
41914,138,123,15,15
41915,110,118,-8,8
41916,59,59,0,0
41917,72,73,-1,1
41918,190,174,16,16
41919,93,85,8,8
41920,47,48,-1,1
41921,46,55,-9,9
41922,135,123,12,12
41923,56,62,-6,6
41924,67,65,2,2
41925,101,100,1,1
41926,78,75,3,3
41927,61,68,-7,7
41928,43,52,-9,9
41929,142,141,1,1
41930,88,94,-6,6
41931,119,117,2,2
41932,146,118,28,28
41933,93,94,-1,1
41934,109,115,-6,6
41935,105,105,0,0
41936,98,99,-1,1
41937,75,72,3,3
41938,78,76,2,2
41939,101,108,-7,7
41940,88,101,-13,13
41941,133,142,-9,9
41942,66,61,5,5
41943,101,94,7,7
41944,94,91,3,3
41945,86,76,10,10
41946,95,87,8,8
41947,96,99,-3,3
41948,83,77,6,6
41949,119,96,23,23
41950,116,110,6,6
41951,92,85,7,7
41952,89,93,-4,4
41953,215,205,10,10
41954,96,94,2,2
41955,138,131,7,7
41956,73,76,-3,3
41957,72,81,-9,9
41958,83,93,-10,10
41959,119,111,8,8
41960,83,78,5,5
41961,140,140,0,0
41962,164,149,15,15
41963,105,96,9,9
41964,109,95,14,14
41965,100,93,7,7
41966,95,99,-4,4
41967,85,74,11,11
41968,83,81,2,2
41969,148,142,6,6
41970,95,98,-3,3
41971,110,121,-11,11
41972,104,115,-11,11
41973,125,134,-9,9
41974,110,115,-5,5
41975,109,107,2,2
41976,87,81,6,6
41977,166,170,-4,4
41978,68,79,-11,11
41979,104,87,17,17
41980,127,104,23,23
41981,60,60,0,0
41982,106,93,13,13
41983,58,61,-3,3
41984,59,59,0,0
41985,98,92,6,6
41986,150,143,7,7
41987,107,106,1,1
41988,75,78,-3,3
41989,95,94,1,1
41990,82,81,1,1
41991,101,83,18,18
41992,63,68,-5,5
41993,81,71,10,10
41994,60,60,0,0
41995,121,117,4,4
41996,110,100,10,10
41997,73,71,2,2
41998,62,70,-8,8
41999,66,64,2,2
42000,87,91,-4,4
42001,130,138,-8,8
42002,84,87,-3,3
42003,142,138,4,4
42004,61,60,1,1
42005,109,98,11,11
42006,147,137,10,10
42007,37,56,-19,19
42008,246,188,58,58
42009,61,67,-6,6
42010,111,108,3,3
42011,92,109,-17,17
42012,133,142,-9,9
42013,161,150,11,11
42014,128,139,-11,11
42015,73,64,9,9
42016,115,121,-6,6
42017,159,151,8,8
42018,75,76,-1,1
42019,85,95,-10,10
42020,79,74,5,5
42021,103,96,7,7
42022,109,108,1,1
42023,89,88,1,1
42024,158,156,2,2
42025,86,92,-6,6
42026,114,106,8,8
42027,145,135,10,10
42028,83,82,1,1
42029,142,141,1,1
42030,48,59,-11,11
42031,69,75,-6,6
42032,90,102,-12,12
42033,152,132,20,20
42034,72,77,-5,5
42035,93,91,2,2
42036,59,62,-3,3
42037,142,131,11,11
42038,95,90,5,5
42039,152,119,33,33
42040,87,85,2,2
42041,79,68,11,11
42042,80,81,-1,1
42043,89,90,-1,1
42044,74,76,-2,2
42045,78,77,1,1
42046,100,93,7,7
42047,92,87,5,5
42048,135,132,3,3
42049,112,107,5,5
42050,109,106,3,3
42051,86,80,6,6
42052,80,76,4,4
42053,92,112,-20,20
42054,93,88,5,5
42055,111,107,4,4
42056,64,69,-5,5
42057,96,74,22,22
42058,79,104,-25,25
42059,148,158,-10,10
42060,74,78,-4,4
42061,91,84,7,7
42062,85,81,4,4
42063,104,95,9,9
42064,132,134,-2,2
42065,75,78,-3,3
42066,175,198,-23,23
42067,77,65,12,12
42068,92,88,4,4
42069,150,140,10,10
42070,35,10,25,25
42071,79,77,2,2
42072,57,65,-8,8
42073,70,60,10,10
42074,117,132,-15,15
42075,84,78,6,6
42076,51,73,-22,22
42077,88,99,-11,11
42078,83,79,4,4
42079,89,86,3,3
42080,79,77,2,2
42081,76,72,4,4
42082,50,56,-6,6
42083,102,96,6,6
42084,111,128,-17,17
42085,82,84,-2,2
42086,114,131,-17,17
42087,99,76,23,23
42088,111,101,10,10
42089,99,96,3,3
42090,68,63,5,5
42091,159,147,12,12
42092,78,84,-6,6
42093,43,55,-12,12
42094,64,72,-8,8
42095,77,89,-12,12
42096,38,36,2,2
42097,39,40,-1,1
42098,87,97,-10,10
42099,89,84,5,5
42100,101,99,2,2
42101,115,108,7,7
42102,101,91,10,10
42103,52,58,-6,6
42104,68,74,-6,6
42105,57,59,-2,2
42106,97,87,10,10
42107,80,84,-4,4
42108,95,106,-11,11
42109,155,145,10,10
42110,74,75,-1,1
42111,104,83,21,21
42112,63,70,-7,7
42113,28,29,-1,1
42114,96,86,10,10
42115,104,104,0,0
42116,118,117,1,1
42117,81,70,11,11
42118,58,57,1,1
42119,85,93,-8,8
42120,59,66,-7,7
42121,91,99,-8,8
42122,120,111,9,9
42123,58,59,-1,1
42124,89,78,11,11
42125,101,105,-4,4
42126,89,82,7,7
42127,68,64,4,4
42128,122,111,11,11
42129,71,77,-6,6
42130,71,71,0,0
42131,75,101,-26,26
42132,130,132,-2,2
42133,103,98,5,5
42134,114,114,0,0
42135,145,131,14,14
42136,108,99,9,9
42137,102,101,1,1
42138,107,104,3,3
42139,97,93,4,4
42140,94,83,11,11
42141,70,76,-6,6
42142,91,90,1,1
42143,92,96,-4,4
42144,60,59,1,1
42145,83,82,1,1
42146,92,82,10,10
42147,106,111,-5,5
42148,47,59,-12,12
42149,72,71,1,1
42150,137,128,9,9
42151,69,79,-10,10
42152,69,58,11,11
42153,123,122,1,1
42154,77,80,-3,3
42155,74,69,5,5
42156,144,141,3,3
42157,132,139,-7,7
42158,109,105,4,4
42159,93,89,4,4
42160,56,58,-2,2
42161,125,115,10,10
42162,54,68,-14,14
42163,127,114,13,13
42164,96,97,-1,1
42165,106,87,19,19
42166,98,104,-6,6
42167,97,85,12,12
42168,65,62,3,3
42169,91,85,6,6
42170,90,90,0,0
42171,135,120,15,15
42172,109,119,-10,10
42173,101,101,0,0
42174,80,85,-5,5
42175,105,103,2,2
42176,64,57,7,7
42177,155,153,2,2
42178,119,118,1,1
42179,76,72,4,4
42180,122,109,13,13
42181,59,54,5,5
42182,63,64,-1,1
42183,92,87,5,5
42184,101,95,6,6
42185,100,96,4,4
42186,88,88,0,0
42187,98,90,8,8
42188,153,136,17,17
42189,92,80,12,12
42190,76,67,9,9
42191,110,90,20,20
42192,86,83,3,3
42193,130,135,-5,5
42194,126,131,-5,5
42195,78,69,9,9
42196,77,81,-4,4
42197,104,102,2,2
42198,126,141,-15,15
42199,79,74,5,5
42200,117,128,-11,11
42201,45,56,-11,11
42202,100,100,0,0
42203,83,70,13,13
42204,134,131,3,3
42205,83,78,5,5
42206,90,98,-8,8
42207,86,79,7,7
42208,89,95,-6,6
42209,60,68,-8,8
42210,78,76,2,2
42211,120,122,-2,2
42212,72,77,-5,5
42213,104,105,-1,1
42214,188,168,20,20
42215,93,89,4,4
42216,159,142,17,17
42217,80,77,3,3
42218,96,102,-6,6
42219,114,113,1,1
42220,113,110,3,3
42221,62,74,-12,12
42222,140,125,15,15
42223,157,145,12,12
42224,61,69,-8,8
42225,95,103,-8,8
42226,130,126,4,4
42227,134,144,-10,10
42228,84,87,-3,3
42229,83,80,3,3
42230,96,95,1,1
42231,85,79,6,6
42232,117,122,-5,5
42233,49,48,1,1
42234,55,60,-5,5
42235,116,105,11,11
42236,65,68,-3,3
42237,86,75,11,11
42238,58,74,-16,16
42239,55,63,-8,8
42240,109,99,10,10
42241,109,100,9,9
42242,115,117,-2,2
42243,131,106,25,25
42244,79,86,-7,7
42245,74,80,-6,6
42246,114,109,5,5
42247,125,119,6,6
42248,90,80,10,10
42249,81,78,3,3
42250,109,105,4,4
42251,90,80,10,10
42252,58,55,3,3
42253,67,67,0,0
42254,88,78,10,10
42255,71,82,-11,11
42256,118,122,-4,4
42257,109,106,3,3
42258,75,94,-19,19
42259,38,42,-4,4
42260,173,160,13,13
42261,153,162,-9,9
42262,66,59,7,7
42263,58,58,0,0
42264,44,56,-12,12
42265,86,86,0,0
42266,100,94,6,6
42267,86,89,-3,3
42268,106,104,2,2
42269,80,78,2,2
42270,84,78,6,6
42271,76,80,-4,4
42272,96,87,9,9
42273,90,86,4,4
42274,116,121,-5,5
42275,196,170,26,26
42276,103,108,-5,5
42277,95,108,-13,13
42278,68,73,-5,5
42279,96,78,18,18
42280,109,94,15,15
42281,86,86,0,0
42282,174,164,10,10
42283,78,84,-6,6
42284,47,51,-4,4
42285,96,93,3,3
42286,92,87,5,5
42287,79,69,10,10
42288,85,77,8,8
42289,113,115,-2,2
42290,96,94,2,2
42291,80,79,1,1
42292,43,43,0,0
42293,93,101,-8,8
42294,63,70,-7,7
42295,96,88,8,8
42296,103,106,-3,3
42297,53,64,-11,11
42298,99,93,6,6
42299,79,73,6,6
42300,70,68,2,2
42301,106,83,23,23
42302,104,129,-25,25
42303,141,131,10,10
42304,99,84,15,15
42305,96,79,17,17
42306,55,47,8,8
42307,99,97,2,2
42308,116,114,2,2
42309,64,95,-31,31
42310,152,134,18,18
42311,63,63,0,0
42312,78,76,2,2
42313,123,124,-1,1
42314,126,132,-6,6
42315,79,68,11,11
42316,92,72,20,20
42317,94,109,-15,15
42318,200,170,30,30
42319,157,137,20,20
42320,80,73,7,7
42321,57,58,-1,1
42322,141,132,9,9
42323,60,65,-5,5
42324,85,79,6,6
42325,54,52,2,2
42326,159,143,16,16
42327,150,133,17,17
42328,87,81,6,6
42329,47,66,-19,19
42330,96,97,-1,1
42331,82,79,3,3
42332,74,64,10,10
42333,120,118,2,2
42334,109,84,25,25
42335,86,89,-3,3
42336,129,116,13,13
42337,196,174,22,22
42338,178,148,30,30
42339,105,102,3,3
42340,61,58,3,3
42341,67,69,-2,2
42342,109,102,7,7
42343,111,124,-13,13
42344,52,67,-15,15
42345,89,76,13,13
42346,71,78,-7,7
42347,111,109,2,2
42348,40,35,5,5
42349,79,83,-4,4
42350,99,87,12,12
42351,96,92,4,4
42352,63,64,-1,1
42353,103,120,-17,17
42354,97,106,-9,9
42355,90,91,-1,1
42356,119,102,17,17
42357,176,145,31,31
42358,97,108,-11,11
42359,131,119,12,12
42360,86,76,10,10
42361,77,77,0,0
42362,84,79,5,5
42363,70,66,4,4
42364,109,97,12,12
42365,121,112,9,9
42366,125,128,-3,3
42367,150,122,28,28
42368,103,96,7,7
42369,151,137,14,14
42370,58,67,-9,9
42371,64,58,6,6
42372,122,122,0,0
42373,104,94,10,10
42374,92,81,11,11
42375,100,100,0,0
42376,142,132,10,10
42377,93,83,10,10
42378,120,112,8,8
42379,75,82,-7,7
42380,106,93,13,13
42381,60,72,-12,12
42382,83,84,-1,1
42383,98,96,2,2
42384,56,40,16,16
42385,37,38,-1,1
42386,97,88,9,9
42387,152,154,-2,2
42388,97,89,8,8
42389,76,75,1,1
42390,80,87,-7,7
42391,56,52,4,4
42392,108,93,15,15
42393,128,100,28,28
42394,117,109,8,8
42395,103,96,7,7
42396,31,47,-16,16
42397,84,78,6,6
42398,92,86,6,6
42399,115,127,-12,12
42400,128,130,-2,2
42401,128,110,18,18
42402,75,73,2,2
42403,72,53,19,19
42404,95,90,5,5
42405,56,56,0,0
42406,83,99,-16,16
42407,97,101,-4,4
42408,109,95,14,14
42409,126,115,11,11
42410,135,142,-7,7
42411,75,76,-1,1
42412,73,80,-7,7
42413,89,105,-16,16
42414,94,93,1,1
42415,81,81,0,0
42416,78,76,2,2
42417,79,71,8,8
42418,78,79,-1,1
42419,105,105,0,0
42420,112,104,8,8
42421,75,72,3,3
42422,98,96,2,2
42423,94,97,-3,3
42424,56,68,-12,12
42425,92,78,14,14
42426,68,72,-4,4
42427,104,102,2,2
42428,144,111,33,33
42429,50,56,-6,6
42430,51,56,-5,5
42431,61,58,3,3
42432,83,86,-3,3
42433,28,38,-10,10
42434,99,99,0,0
42435,83,89,-6,6
42436,162,154,8,8
42437,104,96,8,8
42438,88,87,1,1
42439,95,86,9,9
42440,116,108,8,8
42441,144,127,17,17
42442,69,60,9,9
42443,102,104,-2,2
42444,116,117,-1,1
42445,61,70,-9,9
42446,108,104,4,4
42447,55,61,-6,6
42448,142,133,9,9
42449,156,158,-2,2
42450,129,116,13,13
42451,180,174,6,6
42452,111,108,3,3
42453,179,175,4,4
42454,89,88,1,1
42455,114,106,8,8
42456,96,83,13,13
42457,117,117,0,0
42458,64,65,-1,1
42459,57,60,-3,3
42460,54,54,0,0
42461,95,85,10,10
42462,89,66,23,23
42463,109,100,9,9
42464,76,75,1,1
42465,67,66,1,1
42466,65,63,2,2
42467,76,84,-8,8
42468,92,88,4,4
42469,92,86,6,6
42470,74,78,-4,4
42471,92,84,8,8
42472,80,76,4,4
42473,89,92,-3,3
42474,43,42,1,1
42475,69,70,-1,1
42476,88,88,0,0
42477,84,89,-5,5
42478,115,120,-5,5
42479,56,51,5,5
42480,95,96,-1,1
42481,80,94,-14,14
42482,80,78,2,2
42483,98,94,4,4
42484,49,49,0,0
42485,91,83,8,8
42486,64,67,-3,3
42487,53,59,-6,6
42488,85,77,8,8
42489,98,101,-3,3
42490,100,88,12,12
42491,69,69,0,0
42492,48,47,1,1
42493,105,93,12,12
42494,163,152,11,11
42495,150,152,-2,2
42496,85,92,-7,7
42497,128,125,3,3
42498,99,100,-1,1
42499,103,92,11,11
42500,128,112,16,16
42501,107,103,4,4
42502,55,68,-13,13
42503,84,85,-1,1
42504,90,95,-5,5
42505,90,97,-7,7
42506,72,68,4,4
42507,91,92,-1,1
42508,87,94,-7,7
42509,84,62,22,22
42510,42,45,-3,3
42511,65,65,0,0
42512,131,127,4,4
42513,48,58,-10,10
42514,109,104,5,5
42515,85,90,-5,5
42516,66,60,6,6
42517,83,85,-2,2
42518,46,51,-5,5
42519,141,135,6,6
42520,59,73,-14,14
42521,87,84,3,3
42522,84,99,-15,15
42523,86,89,-3,3
42524,127,117,10,10
42525,111,117,-6,6
42526,102,104,-2,2
42527,65,64,1,1
42528,70,63,7,7
42529,61,76,-15,15
42530,104,102,2,2
42531,111,105,6,6
42532,202,179,23,23
42533,100,88,12,12
42534,136,133,3,3
42535,35,39,-4,4
42536,40,38,2,2
42537,115,106,9,9
42538,116,109,7,7
42539,72,62,10,10
42540,108,102,6,6
42541,106,118,-12,12
42542,62,67,-5,5
42543,127,115,12,12
42544,94,89,5,5
42545,89,83,6,6
42546,70,62,8,8
42547,72,87,-15,15
42548,98,85,13,13
42549,96,96,0,0
42550,108,111,-3,3
42551,142,120,22,22
42552,77,74,3,3
42553,67,69,-2,2
42554,81,84,-3,3
42555,54,59,-5,5
42556,124,118,6,6
42557,110,124,-14,14
42558,101,98,3,3
42559,86,90,-4,4
42560,117,111,6,6
42561,111,105,6,6
42562,136,124,12,12
42563,78,74,4,4
42564,62,74,-12,12
42565,231,207,24,24
42566,180,194,-14,14
42567,91,89,2,2
42568,134,131,3,3
42569,80,73,7,7
42570,100,102,-2,2
42571,123,120,3,3
42572,109,105,4,4
42573,70,70,0,0
42574,57,62,-5,5
42575,148,137,11,11
42576,76,69,7,7
42577,70,73,-3,3
42578,82,91,-9,9
42579,102,102,0,0
42580,198,185,13,13
42581,56,55,1,1
42582,94,87,7,7
42583,97,98,-1,1
42584,103,83,20,20
42585,81,82,-1,1
42586,102,97,5,5
42587,85,76,9,9
42588,165,148,17,17
42589,50,55,-5,5
42590,124,123,1,1
42591,101,103,-2,2
42592,79,73,6,6
42593,138,141,-3,3
42594,191,157,34,34
42595,162,166,-4,4
42596,126,115,11,11
42597,103,101,2,2
42598,49,54,-5,5
42599,113,114,-1,1
42600,100,96,4,4
42601,118,115,3,3
42602,117,121,-4,4
42603,84,83,1,1
42604,110,98,12,12
42605,128,115,13,13
42606,105,115,-10,10
42607,59,51,8,8
42608,91,91,0,0
42609,68,61,7,7
42610,72,80,-8,8
42611,135,129,6,6
42612,79,101,-22,22
42613,107,107,0,0
42614,30,41,-11,11
42615,70,79,-9,9
42616,105,100,5,5
42617,92,82,10,10
42618,177,182,-5,5
42619,84,83,1,1
42620,67,70,-3,3
42621,150,114,36,36
42622,65,84,-19,19
42623,69,71,-2,2
42624,94,97,-3,3
42625,87,74,13,13
42626,73,81,-8,8
42627,70,79,-9,9
42628,93,85,8,8
42629,110,107,3,3
42630,87,72,15,15
42631,109,112,-3,3
42632,71,78,-7,7
42633,103,102,1,1
42634,152,140,12,12
42635,70,74,-4,4
42636,125,107,18,18
42637,91,92,-1,1
42638,172,166,6,6
42639,60,58,2,2
42640,99,121,-22,22
42641,61,58,3,3
42642,91,90,1,1
42643,94,86,8,8
42644,135,118,17,17
42645,43,58,-15,15
42646,83,90,-7,7
42647,93,91,2,2
42648,116,105,11,11
42649,131,104,27,27
42650,140,134,6,6
42651,101,105,-4,4
42652,160,149,11,11
42653,157,131,26,26
42654,147,171,-24,24
42655,151,150,1,1
42656,162,156,6,6
42657,52,98,-46,46
42658,77,63,14,14
42659,86,81,5,5
42660,86,86,0,0
42661,91,82,9,9
42662,118,110,8,8
42663,103,97,6,6
42664,103,102,1,1
42665,74,74,0,0
42666,119,111,8,8
42667,89,77,12,12
42668,107,102,5,5
42669,109,130,-21,21
42670,85,98,-13,13
42671,70,65,5,5
42672,86,86,0,0
42673,105,102,3,3
42674,98,97,1,1
42675,75,78,-3,3
42676,50,54,-4,4
42677,67,70,-3,3
42678,76,72,4,4
42679,80,76,4,4
42680,124,123,1,1
42681,60,69,-9,9
42682,73,68,5,5
42683,52,53,-1,1
42684,102,98,4,4
42685,29,25,4,4
42686,66,75,-9,9
42687,80,70,10,10
42688,76,70,6,6
42689,107,104,3,3
42690,68,60,8,8
42691,129,115,14,14
42692,51,49,2,2
42693,131,131,0,0
42694,73,72,1,1
42695,157,151,6,6
42696,96,97,-1,1
42697,19,48,-29,29
42698,109,97,12,12
42699,67,62,5,5
42700,132,126,6,6
42701,156,115,41,41
42702,85,100,-15,15
42703,90,88,2,2
42704,85,84,1,1
42705,44,47,-3,3
42706,150,141,9,9
42707,65,67,-2,2
42708,91,97,-6,6
42709,63,86,-23,23
42710,80,82,-2,2
42711,163,163,0,0
42712,110,97,13,13
42713,100,90,10,10
42714,89,90,-1,1
42715,51,55,-4,4
42716,97,100,-3,3
42717,82,80,2,2
42718,85,78,7,7
42719,73,75,-2,2
42720,80,86,-6,6
42721,50,59,-9,9
42722,81,75,6,6
42723,68,69,-1,1
42724,76,76,0,0
42725,75,72,3,3
42726,82,90,-8,8
42727,78,78,0,0
42728,53,72,-19,19
42729,55,60,-5,5
42730,41,32,9,9
42731,95,95,0,0
42732,55,58,-3,3
42733,99,119,-20,20
42734,64,75,-11,11
42735,93,107,-14,14
42736,61,60,1,1
42737,95,95,0,0
42738,116,116,0,0
42739,83,73,10,10
42740,82,72,10,10
42741,137,112,25,25
42742,69,79,-10,10
42743,69,70,-1,1
42744,60,51,9,9
42745,81,89,-8,8
42746,128,125,3,3
42747,78,71,7,7
42748,79,82,-3,3
42749,74,79,-5,5
42750,69,67,2,2
42751,140,133,7,7
42752,108,113,-5,5
42753,61,60,1,1
42754,142,137,5,5
42755,42,38,4,4
42756,68,55,13,13
42757,74,73,1,1
42758,94,93,1,1
42759,164,155,9,9
42760,77,80,-3,3
42761,94,93,1,1
42762,192,210,-18,18
42763,121,118,3,3
42764,61,66,-5,5
42765,120,122,-2,2
42766,103,97,6,6
42767,89,79,10,10
42768,100,90,10,10
42769,97,88,9,9
42770,64,78,-14,14
42771,165,170,-5,5
42772,74,67,7,7
42773,65,67,-2,2
42774,39,47,-8,8
42775,183,169,14,14
42776,82,81,1,1
42777,111,104,7,7
42778,150,138,12,12
42779,89,78,11,11
42780,116,110,6,6
42781,106,103,3,3
42782,129,121,8,8
42783,59,66,-7,7
42784,161,135,26,26
42785,108,124,-16,16
42786,63,73,-10,10
42787,114,103,11,11
42788,80,80,0,0
42789,81,81,0,0
42790,72,63,9,9
42791,99,85,14,14
42792,98,86,12,12
42793,111,96,15,15
42794,120,104,16,16
42795,119,113,6,6
42796,69,69,0,0
42797,137,127,10,10
42798,130,118,12,12
42799,106,93,13,13
42800,58,60,-2,2
42801,144,138,6,6
42802,117,116,1,1
42803,146,159,-13,13
42804,137,133,4,4
42805,116,121,-5,5
42806,86,79,7,7
42807,89,86,3,3
42808,107,113,-6,6
42809,108,107,1,1
42810,109,103,6,6
42811,53,53,0,0
42812,79,68,11,11
42813,59,63,-4,4
42814,84,81,3,3
42815,156,138,18,18
42816,121,115,6,6
42817,66,64,2,2
42818,74,70,4,4
42819,47,103,-56,56
42820,106,93,13,13
42821,98,91,7,7
42822,68,62,6,6
42823,58,69,-11,11
42824,86,89,-3,3
42825,87,87,0,0
42826,85,95,-10,10
42827,143,144,-1,1
42828,168,135,33,33
42829,63,68,-5,5
42830,72,114,-42,42
42831,170,187,-17,17
42832,139,138,1,1
42833,104,112,-8,8
42834,66,56,10,10
42835,78,80,-2,2
42836,66,62,4,4
42837,78,66,12,12
42838,178,166,12,12
42839,176,170,6,6
42840,77,71,6,6
42841,51,48,3,3
42842,112,110,2,2
42843,110,116,-6,6
42844,140,149,-9,9
42845,120,104,16,16
42846,88,87,1,1
42847,85,87,-2,2
42848,166,144,22,22
42849,71,75,-4,4
42850,112,110,2,2
42851,73,58,15,15
42852,80,79,1,1
42853,113,124,-11,11
42854,62,65,-3,3
42855,94,64,30,30
42856,145,152,-7,7
42857,131,138,-7,7
42858,103,100,3,3
42859,98,103,-5,5
42860,84,82,2,2
42861,133,117,16,16
42862,144,136,8,8
42863,141,129,12,12
42864,119,102,17,17
42865,87,94,-7,7
42866,79,77,2,2
42867,63,65,-2,2
42868,89,97,-8,8
42869,38,39,-1,1
42870,99,98,1,1
42871,114,103,11,11
42872,129,117,12,12
42873,155,133,22,22
42874,87,79,8,8
42875,70,67,3,3
42876,112,104,8,8
42877,137,138,-1,1
42878,92,82,10,10
42879,145,136,9,9
42880,154,125,29,29
42881,130,121,9,9
42882,45,55,-10,10
42883,63,63,0,0
42884,58,55,3,3
42885,96,92,4,4
42886,102,98,4,4
42887,118,122,-4,4
42888,119,110,9,9
42889,75,73,2,2
42890,115,112,3,3
42891,94,91,3,3
42892,108,102,6,6
42893,101,92,9,9
42894,136,132,4,4
42895,110,109,1,1
42896,127,128,-1,1
42897,94,86,8,8
42898,124,105,19,19
42899,68,64,4,4
42900,128,119,9,9
42901,138,134,4,4
42902,83,89,-6,6
42903,125,103,22,22
42904,63,65,-2,2
42905,133,101,32,32
42906,77,73,4,4
42907,94,91,3,3
42908,116,102,14,14
42909,93,91,2,2
42910,84,91,-7,7
42911,125,115,10,10
42912,123,127,-4,4
42913,92,81,11,11
42914,155,133,22,22
42915,86,224,-138,138
42916,75,72,3,3
42917,74,76,-2,2
42918,78,72,6,6
42919,96,81,15,15
42920,113,118,-5,5
42921,139,158,-19,19
42922,95,84,11,11
42923,83,80,3,3
42924,128,131,-3,3
42925,102,110,-8,8
42926,124,121,3,3
42927,71,72,-1,1
42928,63,65,-2,2
42929,71,74,-3,3
42930,131,134,-3,3
42931,115,130,-15,15
42932,91,89,2,2
42933,92,98,-6,6
42934,59,52,7,7
42935,138,144,-6,6
42936,71,67,4,4
42937,53,51,2,2
42938,103,98,5,5
42939,85,72,13,13
42940,92,91,1,1
42941,109,120,-11,11
42942,74,82,-8,8
42943,100,92,8,8
42944,111,108,3,3
42945,112,106,6,6
42946,112,107,5,5
42947,31,37,-6,6
42948,57,58,-1,1
42949,194,194,0,0
42950,75,71,4,4
42951,119,113,6,6
42952,106,100,6,6
42953,89,78,11,11
42954,75,73,2,2
42955,77,89,-12,12
42956,68,65,3,3
42957,48,48,0,0
42958,53,58,-5,5
42959,91,84,7,7
42960,90,101,-11,11
42961,57,63,-6,6
42962,81,74,7,7
42963,113,111,2,2
42964,89,76,13,13
42965,74,71,3,3
42966,89,93,-4,4
42967,73,79,-6,6
42968,54,48,6,6
42969,77,83,-6,6
42970,108,98,10,10
42971,59,63,-4,4
42972,218,222,-4,4
42973,118,130,-12,12
42974,86,87,-1,1
42975,153,151,2,2
42976,123,124,-1,1
42977,117,115,2,2
42978,51,41,10,10
42979,77,81,-4,4
42980,59,55,4,4
42981,69,73,-4,4
42982,67,70,-3,3
42983,83,89,-6,6
42984,137,123,14,14
42985,96,88,8,8
42986,68,66,2,2
42987,91,87,4,4
42988,81,88,-7,7
42989,79,66,13,13
42990,50,47,3,3
42991,78,75,3,3
42992,32,33,-1,1
42993,64,65,-1,1
42994,80,92,-12,12
42995,99,86,13,13
42996,131,127,4,4
42997,48,49,-1,1
42998,77,66,11,11
42999,128,123,5,5
43000,120,118,2,2
43001,55,62,-7,7
43002,79,74,5,5
43003,85,75,10,10
43004,148,144,4,4
43005,136,130,6,6
43006,111,122,-11,11
43007,105,137,-32,32
43008,93,80,13,13
43009,79,71,8,8
43010,87,92,-5,5
43011,69,68,1,1
43012,109,103,6,6
43013,156,147,9,9
43014,106,106,0,0
43015,105,109,-4,4
43016,42,40,2,2
43017,84,84,0,0
43018,15,27,-12,12
43019,89,91,-2,2
43020,179,171,8,8
43021,65,70,-5,5
43022,108,117,-9,9
43023,40,41,-1,1
43024,89,76,13,13
43025,138,126,12,12
43026,134,131,3,3
43027,102,91,11,11
43028,103,102,1,1
43029,143,124,19,19
43030,65,75,-10,10
43031,74,69,5,5
43032,116,107,9,9
43033,79,77,2,2
43034,74,75,-1,1
43035,91,56,35,35
43036,99,92,7,7
43037,64,64,0,0
43038,120,111,9,9
43039,103,88,15,15
43040,90,82,8,8
43041,51,50,1,1
43042,96,90,6,6
43043,77,80,-3,3
43044,142,140,2,2
43045,77,60,17,17
43046,90,90,0,0
43047,141,132,9,9
43048,85,87,-2,2
43049,98,88,10,10
43050,146,138,8,8
43051,120,111,9,9
43052,107,101,6,6
43053,97,101,-4,4
43054,125,125,0,0
43055,81,83,-2,2
43056,99,101,-2,2
43057,90,107,-17,17
43058,53,46,7,7
43059,88,80,8,8
43060,70,62,8,8
43061,57,75,-18,18
43062,77,72,5,5
43063,51,70,-19,19
43064,110,99,11,11
43065,72,72,0,0
43066,101,96,5,5
43067,177,158,19,19
43068,153,145,8,8
43069,157,153,4,4
43070,67,74,-7,7
43071,63,63,0,0
43072,208,175,33,33
43073,84,88,-4,4
43074,69,67,2,2
43075,110,100,10,10
43076,85,67,18,18
43077,37,50,-13,13
43078,142,118,24,24
43079,82,89,-7,7
43080,81,86,-5,5
43081,94,92,2,2
43082,143,140,3,3
43083,118,103,15,15
43084,86,95,-9,9
43085,76,77,-1,1
43086,73,64,9,9
43087,131,112,19,19
43088,53,62,-9,9
43089,66,67,-1,1
43090,101,95,6,6
43091,115,117,-2,2
43092,136,126,10,10
43093,61,83,-22,22
43094,86,86,0,0
43095,71,82,-11,11
43096,81,79,2,2
43097,69,83,-14,14
43098,36,47,-11,11
43099,157,156,1,1
43100,57,52,5,5
43101,73,65,8,8
43102,185,180,5,5
43103,62,59,3,3
43104,123,120,3,3
43105,65,64,1,1
43106,73,70,3,3
43107,98,104,-6,6
43108,101,93,8,8
43109,104,103,1,1
43110,83,78,5,5
43111,58,61,-3,3
43112,85,79,6,6
43113,55,56,-1,1
43114,80,69,11,11
43115,66,65,1,1
43116,83,75,8,8
43117,107,109,-2,2
43118,104,95,9,9
43119,44,39,5,5
43120,63,78,-15,15
43121,85,79,6,6
43122,133,124,9,9
43123,59,50,9,9
43124,130,111,19,19
43125,74,73,1,1
43126,62,63,-1,1
43127,109,96,13,13
43128,71,72,-1,1
43129,55,81,-26,26
43130,142,136,6,6
43131,117,119,-2,2
43132,110,104,6,6
43133,35,59,-24,24
43134,85,86,-1,1
43135,63,53,10,10
43136,79,88,-9,9
43137,101,88,13,13
43138,73,76,-3,3
43139,150,136,14,14
43140,164,141,23,23
43141,121,109,12,12
43142,56,62,-6,6
43143,82,83,-1,1
43144,115,129,-14,14
43145,103,92,11,11
43146,80,76,4,4
43147,90,71,19,19
43148,103,94,9,9
43149,122,113,9,9
43150,113,112,1,1
43151,62,78,-16,16
43152,120,118,2,2
43153,94,95,-1,1
43154,93,87,6,6
43155,52,54,-2,2
43156,89,82,7,7
43157,72,59,13,13
43158,65,52,13,13
43159,92,86,6,6
43160,59,63,-4,4
43161,86,89,-3,3
43162,119,111,8,8
43163,64,61,3,3
43164,142,111,31,31
43165,80,78,2,2
43166,68,67,1,1
43167,85,86,-1,1
43168,69,68,1,1
43169,157,147,10,10
43170,120,103,17,17
43171,135,128,7,7
43172,72,70,2,2
43173,99,86,13,13
43174,88,91,-3,3
43175,101,95,6,6
43176,72,78,-6,6
43177,166,167,-1,1
43178,49,48,1,1
43179,89,91,-2,2
43180,113,102,11,11
43181,113,112,1,1
43182,85,87,-2,2
43183,67,71,-4,4
43184,89,90,-1,1
43185,63,68,-5,5
43186,52,105,-53,53
43187,127,121,6,6
43188,106,99,7,7
43189,120,97,23,23
43190,97,104,-7,7
43191,57,58,-1,1
43192,68,75,-7,7
43193,105,122,-17,17
43194,106,119,-13,13
43195,133,131,2,2
43196,63,75,-12,12
43197,58,59,-1,1
43198,106,106,0,0
43199,103,92,11,11
43200,71,68,3,3
43201,103,99,4,4
43202,42,43,-1,1
43203,91,84,7,7
43204,103,108,-5,5
43205,90,85,5,5
43206,103,99,4,4
43207,111,106,5,5
43208,132,112,20,20
43209,115,109,6,6
43210,121,126,-5,5
43211,122,113,9,9
43212,132,127,5,5
43213,32,48,-16,16
43214,110,101,9,9
43215,87,84,3,3
43216,135,129,6,6
43217,102,100,2,2
43218,82,91,-9,9
43219,131,110,21,21
43220,102,102,0,0
43221,52,56,-4,4
43222,100,110,-10,10
43223,100,92,8,8
43224,90,98,-8,8
43225,85,77,8,8
43226,61,59,2,2
43227,154,156,-2,2
43228,137,126,11,11
43229,107,86,21,21
43230,98,96,2,2
43231,92,82,10,10
43232,191,164,27,27
43233,113,117,-4,4
43234,104,101,3,3
43235,62,53,9,9
43236,80,78,2,2
43237,50,49,1,1
43238,100,76,24,24
43239,126,129,-3,3
43240,113,103,10,10
43241,69,70,-1,1
43242,62,57,5,5
43243,52,69,-17,17
43244,118,115,3,3
43245,59,65,-6,6
43246,40,45,-5,5
43247,93,90,3,3
43248,105,105,0,0
43249,127,115,12,12
43250,84,90,-6,6
43251,93,100,-7,7
43252,121,130,-9,9
43253,94,91,3,3
43254,64,61,3,3
43255,109,101,8,8
43256,123,143,-20,20
43257,130,119,11,11
43258,138,131,7,7
43259,67,65,2,2
43260,99,86,13,13
43261,84,69,15,15
43262,112,121,-9,9
43263,103,105,-2,2
43264,60,62,-2,2
43265,90,111,-21,21
43266,131,141,-10,10
43267,47,48,-1,1
43268,90,82,8,8
43269,81,80,1,1
43270,84,83,1,1
43271,81,87,-6,6
43272,105,113,-8,8
43273,67,66,1,1
43274,86,85,1,1
43275,140,141,-1,1
43276,78,70,8,8
43277,96,82,14,14
43278,102,103,-1,1
43279,43,44,-1,1
43280,71,86,-15,15
43281,91,95,-4,4
43282,84,81,3,3
43283,125,117,8,8
43284,50,76,-26,26
43285,90,96,-6,6
43286,68,60,8,8
43287,129,121,8,8
43288,133,133,0,0
43289,72,89,-17,17
43290,150,144,6,6
43291,179,162,17,17
43292,96,91,5,5
43293,72,78,-6,6
43294,178,145,33,33
43295,89,88,1,1
43296,129,106,23,23
43297,84,82,2,2
43298,87,84,3,3
43299,82,72,10,10
43300,82,89,-7,7
43301,91,81,10,10
43302,112,111,1,1
43303,88,89,-1,1
43304,100,106,-6,6
43305,164,158,6,6
43306,89,94,-5,5
43307,72,80,-8,8
43308,111,113,-2,2
43309,123,127,-4,4
43310,163,141,22,22
43311,65,68,-3,3
43312,130,136,-6,6
43313,145,136,9,9
43314,92,91,1,1
43315,50,56,-6,6
43316,73,91,-18,18
43317,57,54,3,3
43318,89,75,14,14
43319,82,73,9,9
43320,67,58,9,9
43321,91,98,-7,7
43322,112,107,5,5
43323,73,75,-2,2
43324,64,65,-1,1
43325,119,132,-13,13
43326,61,54,7,7
43327,26,40,-14,14
43328,67,70,-3,3
43329,178,164,14,14
43330,97,87,10,10
43331,132,110,22,22
43332,121,123,-2,2
43333,143,118,25,25
43334,92,92,0,0
43335,78,82,-4,4
43336,99,105,-6,6
43337,68,67,1,1
43338,61,57,4,4
43339,139,139,0,0
43340,162,154,8,8
43341,86,87,-1,1
43342,106,110,-4,4
43343,48,47,1,1
43344,125,116,9,9
43345,123,121,2,2
43346,117,118,-1,1
43347,229,217,12,12
43348,83,80,3,3
43349,72,108,-36,36
43350,130,125,5,5
43351,49,46,3,3
43352,124,122,2,2
43353,123,126,-3,3
43354,127,129,-2,2
43355,78,80,-2,2
43356,87,100,-13,13
43357,129,106,23,23
43358,97,86,11,11
43359,129,132,-3,3
43360,69,72,-3,3
43361,84,93,-9,9
43362,122,108,14,14
43363,158,136,22,22
43364,77,80,-3,3
43365,86,101,-15,15
43366,100,102,-2,2
43367,93,91,2,2
43368,117,110,7,7
43369,139,137,2,2
43370,100,95,5,5
43371,162,134,28,28
43372,68,67,1,1
43373,68,64,4,4
43374,85,75,10,10
43375,105,91,14,14
43376,174,154,20,20
43377,85,84,1,1
43378,108,99,9,9
43379,67,67,0,0
43380,115,111,4,4
43381,63,65,-2,2
43382,107,101,6,6
43383,99,107,-8,8
43384,52,55,-3,3
43385,87,89,-2,2
43386,125,98,27,27
43387,64,65,-1,1
43388,101,98,3,3
43389,118,115,3,3
43390,129,124,5,5
43391,100,97,3,3
43392,71,66,5,5
43393,70,64,6,6
43394,70,70,0,0
43395,101,82,19,19
43396,71,67,4,4
43397,70,74,-4,4
43398,115,101,14,14
43399,56,56,0,0
43400,106,104,2,2
43401,125,121,4,4
43402,104,103,1,1
43403,84,80,4,4
43404,64,62,2,2
43405,82,83,-1,1
43406,99,109,-10,10
43407,167,145,22,22
43408,107,111,-4,4
43409,91,82,9,9
43410,83,83,0,0
43411,89,77,12,12
43412,92,87,5,5
43413,114,106,8,8
43414,126,105,21,21
43415,133,132,1,1
43416,51,60,-9,9
43417,87,76,11,11
43418,67,64,3,3
43419,67,63,4,4
43420,142,130,12,12
43421,139,126,13,13
43422,125,100,25,25
43423,81,76,5,5
43424,210,185,25,25
43425,113,104,9,9
43426,57,75,-18,18
43427,94,86,8,8
43428,121,82,39,39
43429,107,106,1,1
43430,38,47,-9,9
43431,81,85,-4,4
43432,126,111,15,15
43433,248,257,-9,9
43434,92,86,6,6
43435,153,149,4,4
43436,127,125,2,2
43437,45,54,-9,9
43438,81,116,-35,35
43439,164,167,-3,3
43440,140,141,-1,1
43441,114,113,1,1
43442,115,112,3,3
43443,87,82,5,5
43444,57,62,-5,5
43445,51,45,6,6
43446,95,104,-9,9
43447,33,37,-4,4
43448,128,119,9,9
43449,101,87,14,14
43450,75,74,1,1
43451,138,124,14,14
43452,136,125,11,11
43453,63,91,-28,28
43454,80,58,22,22
43455,90,105,-15,15
43456,47,49,-2,2
43457,96,92,4,4
43458,62,61,1,1
43459,98,92,6,6
43460,140,130,10,10
43461,84,70,14,14
43462,143,143,0,0
43463,84,84,0,0
43464,151,138,13,13
43465,87,76,11,11
43466,107,111,-4,4
43467,118,109,9,9
43468,60,63,-3,3
43469,82,85,-3,3
43470,167,167,0,0
43471,110,95,15,15
43472,98,105,-7,7
43473,83,83,0,0
43474,76,71,5,5
43475,93,91,2,2
43476,102,97,5,5
43477,76,68,8,8
43478,76,76,0,0
43479,115,108,7,7
43480,77,73,4,4
43481,98,98,0,0
43482,149,125,24,24
43483,78,77,1,1
43484,119,111,8,8
43485,121,113,8,8
43486,46,76,-30,30
43487,67,72,-5,5
43488,129,113,16,16
43489,114,110,4,4
43490,73,73,0,0
43491,118,110,8,8
43492,90,86,4,4
43493,165,149,16,16
43494,147,147,0,0
43495,52,49,3,3
43496,111,121,-10,10
43497,160,124,36,36
43498,88,93,-5,5
43499,105,97,8,8
43500,105,91,14,14
43501,90,94,-4,4
43502,120,127,-7,7
43503,89,85,4,4
43504,79,78,1,1
43505,82,89,-7,7
43506,122,123,-1,1
43507,96,95,1,1
43508,48,49,-1,1
43509,70,66,4,4
43510,65,68,-3,3
43511,78,84,-6,6
43512,133,121,12,12
43513,48,47,1,1
43514,90,83,7,7
43515,54,58,-4,4
43516,104,92,12,12
43517,91,72,19,19
43518,112,108,4,4
43519,63,64,-1,1
43520,113,113,0,0
43521,99,84,15,15
43522,100,95,5,5
43523,69,69,0,0
43524,122,119,3,3
43525,84,80,4,4
43526,119,101,18,18
43527,103,92,11,11
43528,91,100,-9,9
43529,55,64,-9,9
43530,64,64,0,0
43531,87,74,13,13
43532,220,215,5,5
43533,85,81,4,4
43534,63,66,-3,3
43535,64,68,-4,4
43536,109,123,-14,14
43537,80,78,2,2
43538,91,84,7,7
43539,146,146,0,0
43540,125,116,9,9
43541,130,140,-10,10
43542,127,143,-16,16
43543,113,109,4,4
43544,125,129,-4,4
43545,84,79,5,5
43546,111,107,4,4
43547,138,119,19,19
43548,47,42,5,5
43549,75,82,-7,7
43550,98,116,-18,18
43551,163,170,-7,7
43552,140,129,11,11
43553,50,43,7,7
43554,77,76,1,1
43555,64,58,6,6
43556,76,75,1,1
43557,108,106,2,2
43558,53,52,1,1
43559,65,73,-8,8
43560,197,190,7,7
43561,182,181,1,1
43562,71,67,4,4
43563,134,112,22,22
43564,126,116,10,10
43565,54,59,-5,5
43566,132,130,2,2
43567,86,81,5,5
43568,106,105,1,1
43569,53,65,-12,12
43570,87,86,1,1
43571,80,87,-7,7
43572,150,147,3,3
43573,49,52,-3,3
43574,137,96,41,41
43575,51,50,1,1
43576,90,80,10,10
43577,125,119,6,6
43578,110,109,1,1
43579,112,113,-1,1
43580,51,52,-1,1
43581,105,91,14,14
43582,110,106,4,4
43583,93,93,0,0
43584,169,158,11,11
43585,97,71,26,26
43586,97,76,21,21
43587,89,92,-3,3
43588,75,71,4,4
43589,119,114,5,5
43590,93,93,0,0
43591,53,61,-8,8
43592,121,104,17,17
43593,61,72,-11,11
43594,98,102,-4,4
43595,92,89,3,3
43596,63,55,8,8
43597,101,83,18,18
43598,180,163,17,17
43599,70,65,5,5
43600,66,69,-3,3
43601,121,185,-64,64
43602,100,96,4,4
43603,151,130,21,21
43604,44,62,-18,18
43605,93,91,2,2
43606,79,70,9,9
43607,133,123,10,10
43608,51,49,2,2
43609,111,110,1,1
43610,83,86,-3,3
43611,93,99,-6,6
43612,78,67,11,11
43613,75,74,1,1
43614,133,131,2,2
43615,128,110,18,18
43616,98,102,-4,4
43617,137,109,28,28
43618,79,79,0,0
43619,90,83,7,7
43620,62,60,2,2
43621,170,168,2,2
43622,123,111,12,12
43623,57,70,-13,13
43624,87,105,-18,18
43625,35,48,-13,13
43626,76,92,-16,16
43627,95,79,16,16
43628,63,83,-20,20
43629,74,73,1,1
43630,125,128,-3,3
43631,115,112,3,3
43632,63,62,1,1
43633,141,135,6,6
43634,78,74,4,4
43635,71,70,1,1
43636,90,82,8,8
43637,235,240,-5,5
43638,118,106,12,12
43639,65,80,-15,15
43640,98,90,8,8
43641,97,99,-2,2
43642,48,53,-5,5
43643,110,117,-7,7
43644,96,93,3,3
43645,119,112,7,7
43646,141,130,11,11
43647,80,85,-5,5
43648,88,105,-17,17
43649,93,96,-3,3
43650,141,137,4,4
43651,59,77,-18,18
43652,98,94,4,4
43653,66,77,-11,11
43654,91,90,1,1
43655,90,81,9,9
43656,111,110,1,1
43657,96,90,6,6
43658,103,92,11,11
43659,59,54,5,5
43660,68,75,-7,7
43661,73,71,2,2
43662,60,62,-2,2
43663,75,86,-11,11
43664,65,67,-2,2
43665,91,88,3,3
43666,53,52,1,1
43667,97,95,2,2
43668,66,64,2,2
43669,94,97,-3,3
43670,97,89,8,8
43671,81,75,6,6
43672,134,125,9,9
43673,96,102,-6,6
43674,115,109,6,6
43675,51,71,-20,20
43676,75,75,0,0
43677,157,140,17,17
43678,86,84,2,2
43679,147,145,2,2
43680,85,79,6,6
43681,88,94,-6,6
43682,46,43,3,3
43683,119,118,1,1
43684,109,109,0,0
43685,142,145,-3,3
43686,95,98,-3,3
43687,93,100,-7,7
43688,79,78,1,1
43689,142,138,4,4
43690,83,93,-10,10
43691,93,90,3,3
43692,149,111,38,38
43693,114,97,17,17
43694,99,86,13,13
43695,125,125,0,0
43696,116,132,-16,16
43697,131,132,-1,1
43698,103,93,10,10
43699,79,73,6,6
43700,171,167,4,4
43701,69,74,-5,5
43702,78,80,-2,2
43703,67,79,-12,12
43704,82,89,-7,7
43705,110,114,-4,4
43706,171,163,8,8
43707,46,48,-2,2
43708,60,62,-2,2
43709,179,172,7,7
43710,68,70,-2,2
43711,66,60,6,6
43712,67,66,1,1
43713,87,95,-8,8
43714,61,61,0,0
43715,61,61,0,0
43716,122,128,-6,6
43717,96,92,4,4
43718,106,86,20,20
43719,54,49,5,5
43720,76,73,3,3
43721,111,114,-3,3
43722,44,47,-3,3
43723,163,171,-8,8
43724,71,60,11,11
43725,74,76,-2,2
43726,97,97,0,0
43727,134,123,11,11
43728,82,68,14,14
43729,79,95,-16,16
43730,138,116,22,22
43731,82,88,-6,6
43732,152,144,8,8
43733,111,101,10,10
43734,123,113,10,10
43735,77,69,8,8
43736,146,129,17,17
43737,82,75,7,7
43738,69,72,-3,3
43739,91,98,-7,7
43740,166,152,14,14
43741,53,52,1,1
43742,71,73,-2,2
43743,84,77,7,7
43744,68,73,-5,5
43745,94,98,-4,4
43746,101,116,-15,15
43747,106,101,5,5
43748,93,82,11,11
43749,69,74,-5,5
43750,136,120,16,16
43751,90,89,1,1
43752,87,73,14,14
43753,64,60,4,4
43754,62,93,-31,31
43755,77,89,-12,12
43756,47,60,-13,13
43757,122,120,2,2
43758,67,70,-3,3
43759,87,94,-7,7
43760,84,75,9,9
43761,68,75,-7,7
43762,60,67,-7,7
43763,75,68,7,7
43764,90,84,6,6
43765,69,78,-9,9
43766,77,76,1,1
43767,82,71,11,11
43768,127,124,3,3
43769,58,62,-4,4
43770,151,129,22,22
43771,125,120,5,5
43772,114,106,8,8
43773,106,114,-8,8
43774,85,87,-2,2
43775,92,90,2,2
43776,70,73,-3,3
43777,124,125,-1,1
43778,97,99,-2,2
43779,71,75,-4,4
43780,146,145,1,1
43781,93,94,-1,1
43782,91,83,8,8
43783,63,64,-1,1
43784,60,55,5,5
43785,84,100,-16,16
43786,192,199,-7,7
43787,93,86,7,7
43788,133,120,13,13
43789,95,93,2,2
43790,65,61,4,4
43791,81,87,-6,6
43792,107,118,-11,11
43793,131,114,17,17
43794,130,121,9,9
43795,68,53,15,15
43796,77,73,4,4
43797,112,117,-5,5
43798,67,68,-1,1
43799,91,93,-2,2
43800,90,83,7,7
43801,125,124,1,1
43802,69,68,1,1
43803,106,102,4,4
43804,110,97,13,13
43805,65,69,-4,4
43806,87,80,7,7
43807,60,51,9,9
43808,91,83,8,8
43809,153,135,18,18
43810,95,91,4,4
43811,150,140,10,10
43812,61,74,-13,13
43813,169,193,-24,24
43814,76,70,6,6
43815,93,90,3,3
43816,75,73,2,2
43817,76,82,-6,6
43818,85,99,-14,14
43819,63,69,-6,6
43820,86,86,0,0
43821,111,97,14,14
43822,81,75,6,6
43823,225,199,26,26
43824,49,58,-9,9
43825,90,90,0,0
43826,67,70,-3,3
43827,109,114,-5,5
43828,103,94,9,9
43829,73,70,3,3
43830,137,129,8,8
43831,93,94,-1,1
43832,68,60,8,8
43833,82,98,-16,16
43834,66,71,-5,5
43835,110,94,16,16
43836,170,172,-2,2
43837,104,97,7,7
43838,73,83,-10,10
43839,137,118,19,19
43840,55,54,1,1
43841,52,54,-2,2
43842,95,78,17,17
43843,48,50,-2,2
43844,67,75,-8,8
43845,64,60,4,4
43846,71,68,3,3
43847,77,77,0,0
43848,66,58,8,8
43849,78,80,-2,2
43850,71,77,-6,6
43851,117,120,-3,3
43852,83,70,13,13
43853,43,47,-4,4
43854,100,84,16,16
43855,50,51,-1,1
43856,140,143,-3,3
43857,86,107,-21,21
43858,63,62,1,1
43859,91,93,-2,2
43860,113,100,13,13
43861,63,65,-2,2
43862,61,57,4,4
43863,78,87,-9,9
43864,34,51,-17,17
43865,90,95,-5,5
43866,47,38,9,9
43867,64,73,-9,9
43868,58,63,-5,5
43869,116,114,2,2
43870,117,110,7,7
43871,84,89,-5,5
43872,105,107,-2,2
43873,86,84,2,2
43874,68,35,33,33
43875,131,135,-4,4
43876,77,78,-1,1
43877,76,76,0,0
43878,117,97,20,20
43879,97,90,7,7
43880,123,117,6,6
43881,98,95,3,3
43882,71,64,7,7
43883,127,115,12,12
43884,56,48,8,8
43885,122,108,14,14
43886,49,49,0,0
43887,60,64,-4,4
43888,115,105,10,10
43889,78,83,-5,5
43890,46,56,-10,10
43891,119,110,9,9
43892,129,142,-13,13
43893,66,64,2,2
43894,142,137,5,5
43895,79,74,5,5
43896,71,79,-8,8
43897,144,136,8,8
43898,106,111,-5,5
43899,77,79,-2,2
43900,74,86,-12,12
43901,69,59,10,10
43902,88,81,7,7
43903,59,54,5,5
43904,123,102,21,21
43905,54,56,-2,2
43906,43,43,0,0
43907,155,127,28,28
43908,68,65,3,3
43909,131,112,19,19
43910,146,126,20,20
43911,102,71,31,31
43912,80,80,0,0
43913,57,69,-12,12
43914,81,75,6,6
43915,104,114,-10,10
43916,39,37,2,2
43917,78,81,-3,3
43918,112,120,-8,8
43919,44,82,-38,38
43920,79,74,5,5
43921,132,126,6,6
43922,117,150,-33,33
43923,80,87,-7,7
43924,88,79,9,9
43925,61,55,6,6
43926,57,51,6,6
43927,123,122,1,1
43928,60,59,1,1
43929,113,103,10,10
43930,64,69,-5,5
43931,101,93,8,8
43932,143,151,-8,8
43933,71,78,-7,7
43934,80,70,10,10
43935,70,65,5,5
43936,45,46,-1,1
43937,44,51,-7,7
43938,92,92,0,0
43939,67,78,-11,11
43940,63,48,15,15
43941,139,131,8,8
43942,127,114,13,13
43943,69,62,7,7
43944,136,125,11,11
43945,109,112,-3,3
43946,120,118,2,2
43947,63,61,2,2
43948,50,54,-4,4
43949,97,87,10,10
43950,103,103,0,0
43951,89,76,13,13
43952,85,73,12,12
43953,173,168,5,5
43954,128,124,4,4
43955,171,183,-12,12
43956,49,40,9,9
43957,99,94,5,5
43958,129,142,-13,13
43959,85,90,-5,5
43960,102,96,6,6
43961,124,121,3,3
43962,122,103,19,19
43963,137,125,12,12
43964,89,98,-9,9
43965,51,50,1,1
43966,81,94,-13,13
43967,88,80,8,8
43968,76,79,-3,3
43969,111,114,-3,3
43970,86,96,-10,10
43971,131,123,8,8
43972,23,30,-7,7
43973,109,106,3,3
43974,84,85,-1,1
43975,101,100,1,1
43976,139,134,5,5
43977,58,82,-24,24
43978,71,79,-8,8
43979,95,93,2,2
43980,70,66,4,4
43981,65,69,-4,4
43982,95,87,8,8
43983,109,102,7,7
43984,57,54,3,3
43985,103,97,6,6
43986,184,165,19,19
43987,80,76,4,4
43988,103,99,4,4
43989,94,115,-21,21
43990,62,60,2,2
43991,110,87,23,23
43992,109,109,0,0
43993,47,47,0,0
43994,107,104,3,3
43995,184,168,16,16
43996,122,125,-3,3
43997,155,147,8,8
43998,66,70,-4,4
43999,63,57,6,6
44000,104,127,-23,23
44001,100,93,7,7
44002,82,90,-8,8
44003,162,154,8,8
44004,122,121,1,1
44005,78,123,-45,45
44006,71,67,4,4
44007,131,110,21,21
44008,113,115,-2,2
44009,84,88,-4,4
44010,65,60,5,5
44011,81,87,-6,6
44012,93,75,18,18
44013,67,67,0,0
44014,148,128,20,20
44015,72,80,-8,8
44016,106,100,6,6
44017,79,86,-7,7
44018,113,113,0,0
44019,66,62,4,4
44020,68,77,-9,9
44021,63,61,2,2
44022,81,92,-11,11
44023,117,110,7,7
44024,70,99,-29,29
44025,78,74,4,4
44026,165,175,-10,10
44027,40,36,4,4
44028,85,89,-4,4
44029,73,138,-65,65
44030,104,90,14,14
44031,129,118,11,11
44032,116,101,15,15
44033,115,106,9,9
44034,82,76,6,6
44035,84,86,-2,2
44036,82,85,-3,3
44037,29,66,-37,37
44038,64,66,-2,2
44039,66,65,1,1
44040,114,110,4,4
44041,146,129,17,17
44042,65,63,2,2
44043,42,41,1,1
44044,157,165,-8,8
44045,89,88,1,1
44046,116,138,-22,22
44047,54,49,5,5
44048,77,76,1,1
44049,79,83,-4,4
44050,137,130,7,7
44051,67,57,10,10
44052,105,110,-5,5
44053,149,123,26,26
44054,57,55,2,2
44055,104,112,-8,8
44056,89,98,-9,9
44057,82,88,-6,6
44058,106,111,-5,5
44059,191,192,-1,1
44060,87,86,1,1
44061,58,59,-1,1
44062,114,109,5,5
44063,114,112,2,2
44064,118,108,10,10
44065,159,157,2,2
44066,58,53,5,5
44067,95,94,1,1
44068,74,73,1,1
44069,135,122,13,13
44070,134,133,1,1
44071,87,77,10,10
44072,130,115,15,15
44073,119,109,10,10
44074,142,135,7,7
44075,152,162,-10,10
44076,105,98,7,7
44077,63,61,2,2
44078,92,97,-5,5
44079,75,72,3,3
44080,96,89,7,7
44081,75,60,15,15
44082,56,57,-1,1
44083,72,69,3,3
44084,89,111,-22,22
44085,58,64,-6,6
44086,76,77,-1,1
44087,90,103,-13,13
44088,73,80,-7,7
44089,78,74,4,4
44090,110,118,-8,8
44091,174,138,36,36
44092,104,95,9,9
44093,94,91,3,3
44094,165,135,30,30
44095,107,109,-2,2
44096,78,77,1,1
44097,90,83,7,7
44098,124,111,13,13
44099,129,115,14,14
44100,66,61,5,5
44101,73,79,-6,6
44102,139,141,-2,2
44103,72,75,-3,3
44104,140,136,4,4
44105,93,95,-2,2
44106,135,116,19,19
44107,56,54,2,2
44108,76,71,5,5
44109,102,81,21,21
44110,102,106,-4,4
44111,130,114,16,16
44112,152,162,-10,10
44113,76,70,6,6
44114,178,175,3,3
44115,85,77,8,8
44116,78,73,5,5
44117,97,111,-14,14
44118,113,116,-3,3
44119,81,87,-6,6
44120,65,76,-11,11
44121,42,59,-17,17
44122,72,78,-6,6
44123,115,110,5,5
44124,80,86,-6,6
44125,39,44,-5,5
44126,85,89,-4,4
44127,101,88,13,13
44128,158,149,9,9
44129,91,91,0,0
44130,68,72,-4,4
44131,112,113,-1,1
44132,161,159,2,2
44133,147,158,-11,11
44134,63,69,-6,6
44135,60,67,-7,7
44136,84,80,4,4
44137,112,104,8,8
44138,129,114,15,15
44139,136,136,0,0
44140,130,128,2,2
44141,74,67,7,7
44142,111,106,5,5
44143,118,115,3,3
44144,60,53,7,7
44145,59,72,-13,13
44146,90,89,1,1
44147,72,80,-8,8
44148,118,117,1,1
44149,63,66,-3,3
44150,91,84,7,7
44151,106,105,1,1
44152,89,89,0,0
44153,111,116,-5,5
44154,131,119,12,12
44155,85,96,-11,11
44156,97,98,-1,1
44157,41,38,3,3
44158,104,101,3,3
44159,137,132,5,5
44160,110,101,9,9
44161,50,68,-18,18
44162,143,145,-2,2
44163,110,106,4,4
44164,79,78,1,1
44165,79,79,0,0
44166,71,75,-4,4
44167,116,119,-3,3
44168,89,79,10,10
44169,85,76,9,9
44170,62,66,-4,4
44171,105,90,15,15
44172,110,109,1,1
44173,68,78,-10,10
44174,125,128,-3,3
44175,120,112,8,8
44176,118,113,5,5
44177,63,59,4,4
44178,42,47,-5,5
44179,49,40,9,9
44180,96,94,2,2
44181,107,102,5,5
44182,108,112,-4,4
44183,94,83,11,11
44184,89,85,4,4
44185,117,112,5,5
44186,120,121,-1,1
44187,71,69,2,2
44188,71,72,-1,1
44189,58,65,-7,7
44190,90,98,-8,8
44191,118,109,9,9
44192,43,67,-24,24
44193,78,80,-2,2
44194,159,148,11,11
44195,99,110,-11,11
44196,92,93,-1,1
44197,148,134,14,14
44198,97,78,19,19
44199,84,89,-5,5
44200,45,44,1,1
44201,63,64,-1,1
44202,117,117,0,0
44203,122,116,6,6
44204,115,103,12,12
44205,110,103,7,7
44206,114,106,8,8
44207,71,68,3,3
44208,132,136,-4,4
44209,73,63,10,10
44210,137,132,5,5
44211,79,82,-3,3
44212,79,74,5,5
44213,106,99,7,7
44214,99,82,17,17
44215,77,96,-19,19
44216,127,128,-1,1
44217,96,84,12,12
44218,66,65,1,1
44219,63,62,1,1
44220,95,94,1,1
44221,97,93,4,4
44222,42,40,2,2
44223,60,50,10,10
44224,59,63,-4,4
44225,66,67,-1,1
44226,140,102,38,38
44227,64,66,-2,2
44228,72,68,4,4
44229,85,80,5,5
44230,119,97,22,22
44231,99,89,10,10
44232,133,125,8,8
44233,75,78,-3,3
44234,66,61,5,5
44235,102,92,10,10
44236,63,63,0,0
44237,133,125,8,8
44238,144,136,8,8
44239,141,123,18,18
44240,97,98,-1,1
44241,90,91,-1,1
44242,124,122,2,2
44243,123,129,-6,6
44244,191,165,26,26
44245,62,44,18,18
44246,58,59,-1,1
44247,98,87,11,11
44248,113,113,0,0
44249,107,90,17,17
44250,106,108,-2,2
44251,95,93,2,2
44252,144,148,-4,4
44253,50,54,-4,4
44254,195,181,14,14
44255,122,104,18,18
44256,97,87,10,10
44257,71,65,6,6
44258,153,128,25,25
44259,67,75,-8,8
44260,51,53,-2,2
44261,65,72,-7,7
44262,78,73,5,5
44263,87,81,6,6
44264,72,74,-2,2
44265,81,70,11,11
44266,149,128,21,21
44267,119,107,12,12
44268,102,87,15,15
44269,93,87,6,6
44270,116,113,3,3
44271,125,119,6,6
44272,138,133,5,5
44273,75,82,-7,7
44274,100,95,5,5
44275,107,95,12,12
44276,91,112,-21,21
44277,135,126,9,9
44278,47,57,-10,10
44279,95,84,11,11
44280,88,91,-3,3
44281,71,68,3,3
44282,110,124,-14,14
44283,108,104,4,4
44284,49,48,1,1
44285,48,52,-4,4
44286,93,88,5,5
44287,94,100,-6,6
44288,140,139,1,1
44289,68,71,-3,3
44290,79,85,-6,6
44291,147,141,6,6
44292,107,98,9,9
44293,77,86,-9,9
44294,87,89,-2,2
44295,183,183,0,0
44296,123,109,14,14
44297,143,133,10,10
44298,94,91,3,3
44299,96,86,10,10
44300,85,84,1,1
44301,112,110,2,2
44302,82,76,6,6
44303,103,100,3,3
44304,98,107,-9,9
44305,104,103,1,1
44306,81,75,6,6
44307,57,53,4,4
44308,113,138,-25,25
44309,80,86,-6,6
44310,117,105,12,12
44311,68,56,12,12
44312,76,73,3,3
44313,69,82,-13,13
44314,86,97,-11,11
44315,107,87,20,20
44316,63,57,6,6
44317,127,121,6,6
44318,87,84,3,3
44319,82,85,-3,3
44320,92,86,6,6
44321,78,86,-8,8
44322,117,107,10,10
44323,93,108,-15,15
44324,116,113,3,3
44325,51,55,-4,4
44326,80,71,9,9
44327,126,130,-4,4
44328,48,62,-14,14
44329,183,186,-3,3
44330,61,61,0,0
44331,128,128,0,0
44332,95,85,10,10
44333,107,93,14,14
44334,87,87,0,0
44335,136,133,3,3
44336,49,54,-5,5
44337,77,76,1,1
44338,114,102,12,12
44339,139,133,6,6
44340,90,89,1,1
44341,164,169,-5,5
44342,124,129,-5,5
44343,115,113,2,2
44344,111,102,9,9
44345,144,140,4,4
44346,72,83,-11,11
44347,121,117,4,4
44348,131,125,6,6
44349,99,105,-6,6
44350,55,66,-11,11
44351,125,121,4,4
44352,43,45,-2,2
44353,75,63,12,12
44354,71,67,4,4
44355,62,63,-1,1
44356,86,80,6,6
44357,78,71,7,7
44358,101,99,2,2
44359,81,80,1,1
44360,144,120,24,24
44361,121,105,16,16
44362,84,83,1,1
44363,91,82,9,9
44364,108,120,-12,12
44365,84,75,9,9
44366,96,87,9,9
44367,130,130,0,0
44368,53,58,-5,5
44369,111,117,-6,6
44370,65,56,9,9
44371,138,124,14,14
44372,39,38,1,1
44373,54,59,-5,5
44374,48,43,5,5
44375,62,59,3,3
44376,110,107,3,3
44377,88,83,5,5
44378,92,91,1,1
44379,124,120,4,4
44380,86,82,4,4
44381,89,103,-14,14
44382,96,101,-5,5
44383,50,50,0,0
44384,92,83,9,9
44385,70,65,5,5
44386,101,101,0,0
44387,143,131,12,12
44388,128,128,0,0
44389,83,81,2,2
44390,59,62,-3,3
44391,131,120,11,11
44392,79,73,6,6
44393,66,70,-4,4
44394,110,97,13,13
44395,99,92,7,7
44396,100,97,3,3
44397,92,90,2,2
44398,115,104,11,11
44399,87,76,11,11
44400,105,98,7,7
44401,77,81,-4,4
44402,93,103,-10,10
44403,124,125,-1,1
44404,71,76,-5,5
44405,68,69,-1,1
44406,107,112,-5,5
44407,130,126,4,4
44408,32,36,-4,4
44409,96,124,-28,28
44410,82,68,14,14
44411,73,67,6,6
44412,57,79,-22,22
44413,60,63,-3,3
44414,61,78,-17,17
44415,127,112,15,15
44416,67,58,9,9
44417,148,138,10,10
44418,111,98,13,13
44419,119,105,14,14
44420,86,91,-5,5
44421,88,89,-1,1
44422,68,54,14,14
44423,65,68,-3,3
44424,64,68,-4,4
44425,158,126,32,32
44426,144,129,15,15
44427,91,87,4,4
44428,63,66,-3,3
44429,88,92,-4,4
44430,122,106,16,16
44431,51,50,1,1
44432,124,129,-5,5
44433,118,95,23,23
44434,49,53,-4,4
44435,94,77,17,17
44436,69,58,11,11
44437,168,156,12,12
44438,79,87,-8,8
44439,70,72,-2,2
44440,199,210,-11,11
44441,43,41,2,2
44442,85,86,-1,1
44443,51,50,1,1
44444,135,128,7,7
44445,57,72,-15,15
44446,191,213,-22,22
44447,94,98,-4,4
44448,109,118,-9,9
44449,76,79,-3,3
44450,175,177,-2,2
44451,126,125,1,1
44452,143,131,12,12
44453,101,96,5,5
44454,50,72,-22,22
44455,84,89,-5,5
44456,94,91,3,3
44457,110,100,10,10
44458,170,138,32,32
44459,149,135,14,14
44460,94,99,-5,5
44461,102,104,-2,2
44462,118,118,0,0
44463,112,112,0,0
44464,108,112,-4,4
44465,58,58,0,0
44466,39,113,-74,74
44467,112,102,10,10
44468,107,124,-17,17
44469,61,61,0,0
44470,99,93,6,6
44471,62,75,-13,13
44472,119,105,14,14
44473,105,93,12,12
44474,93,79,14,14
44475,109,108,1,1
44476,132,131,1,1
44477,83,123,-40,40
44478,46,56,-10,10
44479,170,138,32,32
44480,217,166,51,51
44481,119,118,1,1
44482,140,152,-12,12
44483,106,101,5,5
44484,100,92,8,8
44485,61,63,-2,2
44486,111,124,-13,13
44487,117,100,17,17
44488,68,77,-9,9
44489,94,92,2,2
44490,74,79,-5,5
44491,109,115,-6,6
44492,98,115,-17,17
44493,103,94,9,9
44494,78,82,-4,4
44495,80,76,4,4
44496,83,86,-3,3
44497,76,80,-4,4
44498,110,107,3,3
44499,152,139,13,13
44500,81,66,15,15
44501,133,125,8,8
44502,66,60,6,6
44503,102,93,9,9
44504,102,97,5,5
44505,53,49,4,4
44506,139,127,12,12
44507,133,121,12,12
44508,57,53,4,4
44509,61,55,6,6
44510,116,107,9,9
44511,97,87,10,10
44512,187,158,29,29
44513,62,60,2,2
44514,102,88,14,14
44515,62,63,-1,1
44516,48,49,-1,1
44517,108,110,-2,2
44518,68,69,-1,1
44519,112,105,7,7
44520,154,142,12,12
44521,76,75,1,1
44522,110,107,3,3
44523,89,87,2,2
44524,128,122,6,6
44525,61,72,-11,11
44526,60,71,-11,11
44527,143,129,14,14
44528,107,103,4,4
44529,76,66,10,10
44530,79,79,0,0
44531,65,63,2,2
44532,104,100,4,4
44533,145,138,7,7
44534,86,86,0,0
44535,83,79,4,4
44536,88,109,-21,21
44537,178,162,16,16
44538,116,120,-4,4
44539,105,123,-18,18
44540,72,79,-7,7
44541,77,82,-5,5
44542,56,75,-19,19
44543,109,101,8,8
44544,45,42,3,3
44545,106,98,8,8
44546,42,46,-4,4
44547,118,116,2,2
44548,102,105,-3,3
44549,47,74,-27,27
44550,70,70,0,0
44551,103,100,3,3
44552,123,132,-9,9
44553,170,161,9,9
44554,124,118,6,6
44555,98,109,-11,11
44556,57,76,-19,19
44557,122,130,-8,8
44558,59,60,-1,1
44559,107,99,8,8
44560,73,68,5,5
44561,65,72,-7,7
44562,53,55,-2,2
44563,152,141,11,11
44564,81,67,14,14
44565,87,80,7,7
44566,77,71,6,6
44567,129,132,-3,3
44568,165,161,4,4
44569,111,109,2,2
44570,108,109,-1,1
44571,67,72,-5,5
44572,78,69,9,9
44573,105,92,13,13
44574,72,68,4,4
44575,75,81,-6,6
44576,85,74,11,11
44577,57,60,-3,3
44578,115,129,-14,14
44579,74,66,8,8
44580,170,154,16,16
44581,90,95,-5,5
44582,85,93,-8,8
44583,65,67,-2,2
44584,45,47,-2,2
44585,160,153,7,7
44586,160,148,12,12
44587,99,111,-12,12
44588,62,75,-13,13
44589,121,113,8,8
44590,129,123,6,6
44591,98,112,-14,14
44592,104,92,12,12
44593,69,77,-8,8
44594,75,72,3,3
44595,95,91,4,4
44596,118,118,0,0
44597,94,130,-36,36
44598,100,106,-6,6
44599,129,130,-1,1
44600,118,119,-1,1
44601,57,142,-85,85
44602,68,71,-3,3
44603,123,117,6,6
44604,93,86,7,7
44605,53,61,-8,8
44606,92,85,7,7
44607,78,77,1,1
44608,175,135,40,40
44609,115,129,-14,14
44610,70,77,-7,7
44611,161,128,33,33
44612,61,64,-3,3
44613,64,60,4,4
44614,86,87,-1,1
44615,84,83,1,1
44616,152,134,18,18
44617,116,112,4,4
44618,53,57,-4,4
44619,57,62,-5,5
44620,68,82,-14,14
44621,178,177,1,1
44622,93,88,5,5
44623,120,108,12,12
44624,136,134,2,2
44625,39,46,-7,7
44626,102,102,0,0
44627,167,168,-1,1
44628,65,65,0,0
44629,50,64,-14,14
44630,80,81,-1,1
44631,126,106,20,20
44632,67,62,5,5
44633,59,62,-3,3
44634,116,109,7,7
44635,95,94,1,1
44636,57,52,5,5
44637,75,77,-2,2
44638,99,92,7,7
44639,94,100,-6,6
44640,65,60,5,5
44641,90,87,3,3
44642,126,108,18,18
44643,86,92,-6,6
44644,103,97,6,6
44645,92,101,-9,9
44646,120,115,5,5
44647,86,84,2,2
44648,19,26,-7,7
44649,138,127,11,11
44650,86,83,3,3
44651,126,142,-16,16
44652,103,94,9,9
44653,89,85,4,4
44654,71,76,-5,5
44655,63,63,0,0
44656,76,77,-1,1
44657,154,141,13,13
44658,64,62,2,2
44659,73,72,1,1
44660,61,72,-11,11
44661,57,65,-8,8
44662,142,154,-12,12
44663,193,183,10,10
44664,58,77,-19,19
44665,89,98,-9,9
44666,88,87,1,1
44667,121,117,4,4
44668,110,103,7,7
44669,116,103,13,13
44670,100,91,9,9
44671,62,57,5,5
44672,100,102,-2,2
44673,146,123,23,23
44674,33,31,2,2
44675,105,104,1,1
44676,93,91,2,2
44677,48,54,-6,6
44678,74,89,-15,15
44679,55,51,4,4
44680,77,74,3,3
44681,83,74,9,9
44682,162,158,4,4
44683,59,53,6,6
44684,196,202,-6,6
44685,95,85,10,10
44686,64,64,0,0
44687,107,113,-6,6
44688,163,158,5,5
44689,78,74,4,4
44690,66,71,-5,5
44691,62,72,-10,10
44692,109,101,8,8
44693,77,77,0,0
44694,125,118,7,7
44695,103,93,10,10
44696,81,76,5,5
44697,50,46,4,4
44698,116,128,-12,12
44699,70,78,-8,8
44700,68,55,13,13
44701,96,85,11,11
44702,155,133,22,22
44703,128,130,-2,2
44704,75,80,-5,5
44705,116,105,11,11
44706,88,93,-5,5
44707,100,89,11,11
44708,73,83,-10,10
44709,140,141,-1,1
44710,106,119,-13,13
44711,87,85,2,2
44712,78,79,-1,1
44713,92,84,8,8
44714,109,99,10,10
44715,69,77,-8,8
44716,174,160,14,14
44717,60,63,-3,3
44718,61,54,7,7
44719,59,67,-8,8
44720,124,118,6,6
44721,85,84,1,1
44722,136,109,27,27
44723,118,120,-2,2
44724,81,87,-6,6
44725,80,79,1,1
44726,69,62,7,7
44727,60,63,-3,3
44728,63,65,-2,2
44729,46,34,12,12
44730,61,55,6,6
44731,65,72,-7,7
44732,104,113,-9,9
44733,144,129,15,15
44734,73,98,-25,25
44735,77,81,-4,4
44736,96,91,5,5
44737,71,77,-6,6
44738,74,82,-8,8
44739,60,66,-6,6
44740,80,77,3,3
44741,74,79,-5,5
44742,168,143,25,25
44743,145,132,13,13
44744,86,89,-3,3
44745,137,133,4,4
44746,121,105,16,16
44747,91,78,13,13
44748,68,76,-8,8
44749,78,74,4,4
44750,84,83,1,1
44751,150,127,23,23
44752,103,86,17,17
44753,79,74,5,5
44754,63,72,-9,9
44755,70,63,7,7
44756,229,232,-3,3
44757,130,141,-11,11
44758,81,80,1,1
44759,112,98,14,14
44760,134,113,21,21
44761,82,75,7,7
44762,152,224,-72,72
44763,90,89,1,1
44764,105,110,-5,5
44765,138,134,4,4
44766,95,92,3,3
44767,86,90,-4,4
44768,91,76,15,15
44769,58,67,-9,9
44770,130,120,10,10
44771,154,126,28,28
44772,69,78,-9,9
44773,158,131,27,27
44774,136,131,5,5
44775,56,54,2,2
44776,86,88,-2,2
44777,49,50,-1,1
44778,138,129,9,9
44779,100,103,-3,3
44780,146,129,17,17
44781,56,49,7,7
44782,79,84,-5,5
44783,53,45,8,8
44784,59,62,-3,3
44785,64,59,5,5
44786,108,105,3,3
44787,66,63,3,3
44788,117,110,7,7
44789,60,56,4,4
44790,51,49,2,2
44791,104,103,1,1
44792,92,112,-20,20
44793,87,73,14,14
44794,84,92,-8,8
44795,155,151,4,4
44796,100,101,-1,1
44797,43,44,-1,1
44798,72,59,13,13
44799,124,138,-14,14
44800,116,135,-19,19
44801,159,137,22,22
44802,91,105,-14,14
44803,71,61,10,10
44804,158,146,12,12
44805,71,74,-3,3
44806,102,97,5,5
44807,117,109,8,8
44808,94,91,3,3
44809,79,83,-4,4
44810,51,56,-5,5
44811,63,59,4,4
44812,55,56,-1,1
44813,152,120,32,32
44814,78,64,14,14
44815,54,54,0,0
44816,80,75,5,5
44817,59,59,0,0
44818,84,79,5,5
44819,110,104,6,6
44820,124,107,17,17
44821,92,79,13,13
44822,126,136,-10,10
44823,130,117,13,13
44824,89,85,4,4
44825,109,104,5,5
44826,87,94,-7,7
44827,75,69,6,6
44828,225,232,-7,7
44829,182,184,-2,2
44830,82,80,2,2
44831,54,62,-8,8
44832,187,147,40,40
44833,128,130,-2,2
44834,87,77,10,10
44835,92,81,11,11
44836,58,70,-12,12
44837,63,62,1,1
44838,100,84,16,16
44839,102,107,-5,5
44840,46,56,-10,10
44841,89,94,-5,5
44842,61,61,0,0
44843,134,136,-2,2
44844,69,73,-4,4
44845,118,110,8,8
44846,153,148,5,5
44847,115,105,10,10
44848,88,87,1,1
44849,91,95,-4,4
44850,51,60,-9,9
44851,68,87,-19,19
44852,155,144,11,11
44853,52,50,2,2
44854,71,81,-10,10
44855,100,93,7,7
44856,81,76,5,5
44857,168,145,23,23
44858,80,78,2,2
44859,83,79,4,4
44860,90,94,-4,4
44861,99,91,8,8
44862,45,49,-4,4
44863,110,101,9,9
44864,118,95,23,23
44865,98,87,11,11
44866,162,154,8,8
44867,54,53,1,1
44868,80,81,-1,1
44869,91,82,9,9
44870,81,83,-2,2
44871,89,84,5,5
44872,58,56,2,2
44873,194,207,-13,13
44874,78,81,-3,3
44875,63,60,3,3
44876,61,72,-11,11
44877,98,92,6,6
44878,95,88,7,7
44879,97,92,5,5
44880,96,103,-7,7
44881,89,85,4,4
44882,154,145,9,9
44883,51,48,3,3
44884,117,106,11,11
44885,42,50,-8,8
44886,92,86,6,6
44887,91,94,-3,3
44888,162,169,-7,7
44889,75,74,1,1
44890,104,105,-1,1
44891,117,113,4,4
44892,74,87,-13,13
44893,52,46,6,6
44894,77,66,11,11
44895,83,74,9,9
44896,71,80,-9,9
44897,57,52,5,5
44898,62,63,-1,1
44899,114,106,8,8
44900,58,74,-16,16
44901,120,122,-2,2
44902,74,79,-5,5
44903,95,84,11,11
44904,63,66,-3,3
44905,84,99,-15,15
44906,57,63,-6,6
44907,70,71,-1,1
44908,71,78,-7,7
44909,71,62,9,9
44910,140,120,20,20
44911,116,118,-2,2
44912,62,65,-3,3
44913,96,107,-11,11
44914,73,77,-4,4
44915,79,77,2,2
44916,97,85,12,12
44917,80,76,4,4
44918,76,74,2,2
44919,67,73,-6,6
44920,176,168,8,8
44921,71,82,-11,11
44922,89,82,7,7
44923,75,77,-2,2
44924,142,128,14,14
44925,96,94,2,2
44926,70,77,-7,7
44927,134,125,9,9
44928,123,117,6,6
44929,71,68,3,3
44930,45,57,-12,12
44931,102,92,10,10
44932,130,132,-2,2
44933,134,130,4,4
44934,71,75,-4,4
44935,111,125,-14,14
44936,134,116,18,18
44937,131,111,20,20
44938,136,173,-37,37
44939,116,111,5,5
44940,156,148,8,8
44941,139,114,25,25
44942,102,98,4,4
44943,69,74,-5,5
44944,81,78,3,3
44945,109,112,-3,3
44946,94,88,6,6
44947,77,63,14,14
44948,173,173,0,0
44949,70,70,0,0
44950,77,76,1,1
44951,95,101,-6,6
44952,96,91,5,5
44953,90,95,-5,5
44954,47,66,-19,19
44955,116,121,-5,5
44956,84,67,17,17
44957,62,60,2,2
44958,128,137,-9,9
44959,83,79,4,4
44960,90,93,-3,3
44961,86,84,2,2
44962,113,117,-4,4
44963,153,131,22,22
44964,90,81,9,9
44965,96,98,-2,2
44966,76,92,-16,16
44967,73,72,1,1
44968,98,97,1,1
44969,23,47,-24,24
44970,57,59,-2,2
44971,65,80,-15,15
44972,107,105,2,2
44973,140,133,7,7
44974,112,106,6,6
44975,149,154,-5,5
44976,100,77,23,23
44977,100,94,6,6
44978,64,51,13,13
44979,89,91,-2,2
44980,154,138,16,16
44981,53,57,-4,4
44982,45,40,5,5
44983,61,59,2,2
44984,108,103,5,5
44985,88,82,6,6
44986,109,112,-3,3
44987,143,112,31,31
44988,91,103,-12,12
44989,102,100,2,2
44990,61,74,-13,13
44991,85,84,1,1
44992,121,98,23,23
44993,65,62,3,3
44994,56,49,7,7
44995,103,98,5,5
44996,111,96,15,15
44997,102,97,5,5
44998,99,95,4,4
44999,97,120,-23,23
45000,79,74,5,5
45001,139,133,6,6
45002,107,96,11,11
45003,166,180,-14,14
45004,51,59,-8,8
45005,75,61,14,14
45006,113,106,7,7
45007,69,86,-17,17
45008,129,116,13,13
45009,197,195,2,2
45010,104,101,3,3
45011,99,98,1,1
45012,86,79,7,7
45013,95,79,16,16
45014,138,119,19,19
45015,78,76,2,2
45016,47,84,-37,37
45017,56,58,-2,2
45018,62,59,3,3
45019,64,70,-6,6
45020,105,86,19,19
45021,104,92,12,12
45022,140,129,11,11
45023,84,123,-39,39
45024,126,129,-3,3
45025,82,76,6,6
45026,75,70,5,5
45027,92,91,1,1
45028,77,79,-2,2
45029,100,97,3,3
45030,140,141,-1,1
45031,67,58,9,9
45032,117,122,-5,5
45033,54,55,-1,1
45034,81,80,1,1
45035,130,126,4,4
45036,100,93,7,7
45037,86,79,7,7
45038,57,65,-8,8
45039,115,108,7,7
45040,147,144,3,3
45041,86,93,-7,7
45042,39,40,-1,1
45043,79,81,-2,2
45044,89,89,0,0
45045,70,67,3,3
45046,73,79,-6,6
45047,113,104,9,9
45048,99,95,4,4
45049,78,71,7,7
45050,132,129,3,3
45051,79,89,-10,10
45052,143,132,11,11
45053,57,58,-1,1
45054,49,41,8,8
45055,85,97,-12,12
45056,49,75,-26,26
45057,96,82,14,14
45058,87,79,8,8
45059,151,108,43,43
45060,147,134,13,13
45061,94,111,-17,17
45062,91,87,4,4
45063,56,52,4,4
45064,123,129,-6,6
45065,188,159,29,29
45066,55,43,12,12
45067,117,103,14,14
45068,106,99,7,7
45069,109,114,-5,5
45070,61,59,2,2
45071,46,58,-12,12
45072,62,50,12,12
45073,102,95,7,7
45074,62,63,-1,1
45075,85,91,-6,6
45076,89,86,3,3
45077,96,92,4,4
45078,132,123,9,9
45079,94,91,3,3
45080,118,106,12,12
45081,73,71,2,2
45082,69,66,3,3
45083,57,62,-5,5
45084,86,86,0,0
45085,130,116,14,14
45086,144,133,11,11
45087,67,60,7,7
45088,64,91,-27,27
45089,85,77,8,8
45090,104,112,-8,8
45091,109,107,2,2
45092,110,108,2,2
45093,129,120,9,9
45094,97,94,3,3
45095,85,76,9,9
45096,104,95,9,9
45097,77,82,-5,5
45098,81,84,-3,3
45099,97,90,7,7
45100,130,132,-2,2
45101,67,64,3,3
45102,55,56,-1,1
45103,92,91,1,1
45104,83,76,7,7
45105,135,139,-4,4
45106,69,64,5,5
45107,109,105,4,4
45108,98,89,9,9
45109,95,88,7,7
45110,121,134,-13,13
45111,80,71,9,9
45112,79,84,-5,5
45113,123,118,5,5
45114,117,101,16,16
45115,59,64,-5,5
45116,89,87,2,2
45117,82,81,1,1
45118,117,104,13,13
45119,69,68,1,1
45120,123,108,15,15
45121,57,65,-8,8
45122,87,82,5,5
45123,105,118,-13,13
45124,108,105,3,3
45125,76,67,9,9
45126,74,109,-35,35
45127,84,71,13,13
45128,96,95,1,1
45129,78,86,-8,8
45130,76,91,-15,15
45131,88,87,1,1
45132,89,88,1,1
45133,90,91,-1,1
45134,60,66,-6,6
45135,53,62,-9,9
45136,67,70,-3,3
45137,89,86,3,3
45138,149,118,31,31
45139,95,101,-6,6
45140,109,105,4,4
45141,169,168,1,1
45142,78,69,9,9
45143,122,116,6,6
45144,48,72,-24,24
45145,108,120,-12,12
45146,90,88,2,2
45147,147,136,11,11
45148,69,70,-1,1
45149,112,107,5,5
45150,158,159,-1,1
45151,123,131,-8,8
45152,42,50,-8,8
45153,135,118,17,17
45154,148,132,16,16
45155,109,108,1,1
45156,73,72,1,1
45157,88,90,-2,2
45158,90,79,11,11
45159,55,56,-1,1
45160,83,89,-6,6
45161,54,48,6,6
45162,85,80,5,5
45163,75,66,9,9
45164,121,121,0,0
45165,65,63,2,2
45166,77,68,9,9
45167,102,92,10,10
45168,104,103,1,1
45169,67,62,5,5
45170,134,118,16,16
45171,107,98,9,9
45172,87,83,4,4
45173,168,159,9,9
45174,145,143,2,2
45175,127,134,-7,7
45176,168,152,16,16
45177,113,95,18,18
45178,64,74,-10,10
45179,64,67,-3,3
45180,83,85,-2,2
45181,83,81,2,2
45182,125,122,3,3
45183,61,53,8,8
45184,40,37,3,3
45185,57,49,8,8
45186,153,146,7,7
45187,101,102,-1,1
45188,83,85,-2,2
45189,89,97,-8,8
45190,111,103,8,8
45191,77,75,2,2
45192,127,115,12,12
45193,128,105,23,23
45194,146,128,18,18
45195,49,61,-12,12
45196,49,64,-15,15
45197,57,62,-5,5
45198,89,76,13,13
45199,88,96,-8,8
45200,153,148,5,5
45201,71,69,2,2
45202,135,138,-3,3
45203,109,110,-1,1
45204,73,79,-6,6
45205,185,183,2,2
45206,69,61,8,8
45207,109,115,-6,6
45208,74,85,-11,11
45209,181,150,31,31
45210,96,98,-2,2
45211,93,104,-11,11
45212,60,54,6,6
45213,104,106,-2,2
45214,67,57,10,10
45215,89,96,-7,7
45216,128,122,6,6
45217,100,95,5,5
45218,96,92,4,4
45219,90,87,3,3
45220,68,63,5,5
45221,126,114,12,12
45222,54,62,-8,8
45223,106,106,0,0
45224,63,65,-2,2
45225,113,96,17,17
45226,45,55,-10,10
45227,98,79,19,19
45228,156,146,10,10
45229,52,65,-13,13
45230,134,117,17,17
45231,74,62,12,12
45232,102,97,5,5
45233,100,94,6,6
45234,62,60,2,2
45235,82,68,14,14
45236,105,91,14,14
45237,69,70,-1,1
45238,124,127,-3,3
45239,118,106,12,12
45240,82,80,2,2
45241,63,64,-1,1
45242,70,64,6,6
45243,68,68,0,0
45244,121,106,15,15
45245,73,68,5,5
45246,51,55,-4,4
45247,81,77,4,4
45248,146,131,15,15
45249,88,80,8,8
45250,101,93,8,8
45251,126,122,4,4
45252,119,116,3,3
45253,113,120,-7,7
45254,172,146,26,26
45255,81,85,-4,4
45256,90,93,-3,3
45257,110,105,5,5
45258,134,136,-2,2
45259,37,53,-16,16
45260,62,65,-3,3
45261,65,63,2,2
45262,52,48,4,4
45263,76,75,1,1
45264,116,118,-2,2
45265,98,115,-17,17
45266,61,61,0,0
45267,84,98,-14,14
45268,153,138,15,15
45269,72,65,7,7
45270,77,74,3,3
45271,86,83,3,3
45272,99,109,-10,10
45273,124,114,10,10
45274,66,75,-9,9
45275,76,73,3,3
45276,67,55,12,12
45277,133,116,17,17
45278,91,86,5,5
45279,71,76,-5,5
45280,207,210,-3,3
45281,65,65,0,0
45282,97,96,1,1
45283,131,131,0,0
45284,120,108,12,12
45285,59,60,-1,1
45286,124,104,20,20
45287,74,71,3,3
45288,101,95,6,6
45289,85,83,2,2
45290,85,81,4,4
45291,137,123,14,14
45292,76,66,10,10
45293,136,134,2,2
45294,139,139,0,0
45295,49,57,-8,8
45296,136,129,7,7
45297,75,60,15,15
45298,109,104,5,5
45299,53,55,-2,2
45300,110,111,-1,1
45301,59,69,-10,10
45302,119,112,7,7
45303,86,85,1,1
45304,139,131,8,8
45305,132,112,20,20
45306,191,184,7,7
45307,87,76,11,11
45308,90,85,5,5
45309,122,118,4,4
45310,73,66,7,7
45311,122,104,18,18
45312,93,94,-1,1
45313,46,55,-9,9
45314,84,88,-4,4
45315,103,91,12,12
45316,39,39,0,0
45317,96,104,-8,8
45318,72,70,2,2
45319,146,130,16,16
45320,80,88,-8,8
45321,68,67,1,1
45322,49,48,1,1
45323,110,112,-2,2
45324,117,106,11,11
45325,121,100,21,21
45326,55,58,-3,3
45327,149,157,-8,8
45328,78,73,5,5
45329,60,76,-16,16
45330,161,161,0,0
45331,95,100,-5,5
45332,75,69,6,6
45333,92,93,-1,1
45334,112,131,-19,19
45335,67,76,-9,9
45336,91,90,1,1
45337,109,105,4,4
45338,177,161,16,16
45339,105,112,-7,7
45340,82,78,4,4
45341,89,73,16,16
45342,109,104,5,5
45343,67,76,-9,9
45344,117,113,4,4
45345,96,98,-2,2
45346,49,54,-5,5
45347,110,101,9,9
45348,57,54,3,3
45349,118,86,32,32
45350,120,108,12,12
45351,77,79,-2,2
45352,107,93,14,14
45353,60,71,-11,11
45354,70,59,11,11
45355,115,108,7,7
45356,70,73,-3,3
45357,70,77,-7,7
45358,96,107,-11,11
45359,72,80,-8,8
45360,72,68,4,4
45361,67,71,-4,4
45362,170,155,15,15
45363,57,51,6,6
45364,67,70,-3,3
45365,85,86,-1,1
45366,95,103,-8,8
45367,119,124,-5,5
45368,84,81,3,3
45369,65,83,-18,18
45370,225,250,-25,25
45371,97,91,6,6
45372,81,79,2,2
45373,104,101,3,3
45374,23,45,-22,22
45375,75,73,2,2
45376,115,115,0,0
45377,111,95,16,16
45378,60,53,7,7
45379,72,71,1,1
45380,100,100,0,0
45381,85,79,6,6
45382,60,58,2,2
45383,55,67,-12,12
45384,120,121,-1,1
45385,121,133,-12,12
45386,79,79,0,0
45387,89,81,8,8
45388,127,114,13,13
45389,86,85,1,1
45390,58,56,2,2
45391,99,88,11,11
45392,126,127,-1,1
45393,53,59,-6,6
45394,55,54,1,1
45395,107,107,0,0
45396,67,62,5,5
45397,83,90,-7,7
45398,81,79,2,2
45399,92,89,3,3
45400,109,103,6,6
45401,148,142,6,6
45402,115,113,2,2
45403,124,116,8,8
45404,103,100,3,3
45405,122,125,-3,3
45406,104,107,-3,3
45407,58,46,12,12
45408,68,72,-4,4
45409,83,89,-6,6
45410,51,66,-15,15
45411,84,83,1,1
45412,129,142,-13,13
45413,64,67,-3,3
45414,150,141,9,9
45415,48,53,-5,5
45416,67,59,8,8
45417,72,69,3,3
45418,101,97,4,4
45419,68,62,6,6
45420,135,120,15,15
45421,98,104,-6,6
45422,73,73,0,0
45423,93,98,-5,5
45424,161,154,7,7
45425,58,65,-7,7
45426,125,124,1,1
45427,91,91,0,0
45428,82,74,8,8
45429,82,85,-3,3
45430,89,108,-19,19
45431,45,41,4,4
45432,56,87,-31,31
45433,152,155,-3,3
45434,110,101,9,9
45435,81,83,-2,2
45436,43,53,-10,10
45437,154,149,5,5
45438,82,74,8,8
45439,104,102,2,2
45440,78,83,-5,5
45441,130,115,15,15
45442,66,72,-6,6
45443,86,96,-10,10
45444,98,100,-2,2
45445,106,110,-4,4
45446,78,84,-6,6
45447,89,90,-1,1
45448,84,84,0,0
45449,111,95,16,16
45450,73,76,-3,3
45451,115,124,-9,9
45452,174,147,27,27
45453,87,69,18,18
45454,102,100,2,2
45455,77,82,-5,5
45456,37,35,2,2
45457,131,125,6,6
45458,104,97,7,7
45459,109,137,-28,28
45460,89,82,7,7
45461,108,102,6,6
45462,158,144,14,14
45463,69,66,3,3
45464,89,85,4,4
45465,42,36,6,6
45466,97,80,17,17
45467,70,68,2,2
45468,116,113,3,3
45469,138,151,-13,13
45470,110,107,3,3
45471,105,95,10,10
45472,51,63,-12,12
45473,94,97,-3,3
45474,75,70,5,5
45475,129,133,-4,4
45476,88,78,10,10
45477,100,93,7,7
45478,79,77,2,2
45479,176,171,5,5
45480,86,79,7,7
45481,88,93,-5,5
45482,105,110,-5,5
45483,140,126,14,14
45484,72,65,7,7
45485,111,89,22,22
45486,105,93,12,12
45487,191,187,4,4
45488,120,120,0,0
45489,99,98,1,1
45490,45,60,-15,15
45491,94,77,17,17
45492,80,88,-8,8
45493,85,77,8,8
45494,74,70,4,4
45495,78,81,-3,3
45496,131,116,15,15
45497,95,93,2,2
45498,59,58,1,1
45499,72,62,10,10
45500,108,96,12,12
45501,71,68,3,3
45502,74,74,0,0
45503,134,138,-4,4
45504,101,98,3,3
45505,68,67,1,1
45506,127,117,10,10
45507,195,170,25,25
45508,73,74,-1,1
45509,77,89,-12,12
45510,79,76,3,3
45511,59,50,9,9
45512,115,101,14,14
45513,79,87,-8,8
45514,91,87,4,4
45515,82,81,1,1
45516,72,69,3,3
45517,63,76,-13,13
45518,89,91,-2,2
45519,69,70,-1,1
45520,62,93,-31,31
45521,45,50,-5,5
45522,87,89,-2,2
45523,75,83,-8,8
45524,105,99,6,6
45525,93,91,2,2
45526,104,90,14,14
45527,86,93,-7,7
45528,159,162,-3,3
45529,93,84,9,9
45530,112,108,4,4
45531,120,127,-7,7
45532,62,53,9,9
45533,108,103,5,5
45534,124,122,2,2
45535,167,143,24,24
45536,163,163,0,0
45537,113,109,4,4
45538,98,84,14,14
45539,64,70,-6,6
45540,120,111,9,9
45541,52,53,-1,1
45542,42,41,1,1
45543,131,140,-9,9
45544,95,79,16,16
45545,85,87,-2,2
45546,71,67,4,4
45547,116,106,10,10
45548,91,74,17,17
45549,94,90,4,4
45550,52,54,-2,2
45551,84,100,-16,16
45552,61,56,5,5
45553,101,104,-3,3
45554,97,94,3,3
45555,96,99,-3,3
45556,141,143,-2,2
45557,124,113,11,11
45558,72,71,1,1
45559,79,132,-53,53
45560,155,161,-6,6
45561,112,121,-9,9
45562,63,61,2,2
45563,73,64,9,9
45564,67,79,-12,12
45565,61,58,3,3
45566,114,108,6,6
45567,33,35,-2,2
45568,64,63,1,1
45569,79,66,13,13
45570,149,161,-12,12
45571,97,91,6,6
45572,84,76,8,8
45573,134,134,0,0
45574,85,89,-4,4
45575,123,110,13,13
45576,97,86,11,11
45577,69,67,2,2
45578,116,101,15,15
45579,92,82,10,10
45580,125,121,4,4
45581,103,92,11,11
45582,99,89,10,10
45583,154,157,-3,3
45584,102,97,5,5
45585,53,56,-3,3
45586,104,109,-5,5
45587,218,204,14,14
45588,57,53,4,4
45589,154,154,0,0
45590,141,142,-1,1
45591,113,124,-11,11
45592,69,68,1,1
45593,87,95,-8,8
45594,126,120,6,6
45595,99,99,0,0
45596,85,89,-4,4
45597,78,97,-19,19
45598,85,76,9,9
45599,77,74,3,3
45600,97,86,11,11
45601,67,72,-5,5
45602,114,106,8,8
45603,130,124,6,6
45604,127,105,22,22
45605,66,58,8,8
45606,74,77,-3,3
45607,117,118,-1,1
45608,57,55,2,2
45609,169,167,2,2
45610,79,82,-3,3
45611,122,133,-11,11
45612,117,121,-4,4
45613,82,83,-1,1
45614,119,115,4,4
45615,105,104,1,1
45616,121,109,12,12
45617,107,107,0,0
45618,63,69,-6,6
45619,76,80,-4,4
45620,141,104,37,37
45621,76,75,1,1
45622,189,158,31,31
45623,78,75,3,3
45624,105,117,-12,12
45625,69,76,-7,7
45626,95,108,-13,13
45627,55,64,-9,9
45628,85,68,17,17
45629,62,66,-4,4
45630,72,72,0,0
45631,91,89,2,2
45632,78,88,-10,10
45633,69,59,10,10
45634,58,58,0,0
45635,104,97,7,7
45636,90,89,1,1
45637,45,69,-24,24
45638,109,94,15,15
45639,174,169,5,5
45640,102,113,-11,11
45641,72,72,0,0
45642,93,99,-6,6
45643,88,117,-29,29
45644,147,131,16,16
45645,116,109,7,7
45646,71,91,-20,20
45647,59,58,1,1
45648,110,113,-3,3
45649,112,104,8,8
45650,67,57,10,10
45651,63,70,-7,7
45652,99,83,16,16
45653,71,67,4,4
45654,61,72,-11,11
45655,145,183,-38,38
45656,59,55,4,4
45657,91,93,-2,2
45658,97,105,-8,8
45659,67,61,6,6
45660,75,69,6,6
45661,107,87,20,20
45662,47,68,-21,21
45663,111,122,-11,11
45664,122,112,10,10
45665,145,146,-1,1
45666,133,108,25,25
45667,90,82,8,8
45668,153,148,5,5
45669,83,81,2,2
45670,44,60,-16,16
45671,64,57,7,7
45672,74,76,-2,2
45673,98,100,-2,2
45674,117,78,39,39
45675,83,86,-3,3
45676,52,50,2,2
45677,74,66,8,8
45678,128,124,4,4
45679,75,74,1,1
45680,71,74,-3,3
45681,72,75,-3,3
45682,80,87,-7,7
45683,98,89,9,9
45684,138,135,3,3
45685,161,160,1,1
45686,152,156,-4,4
45687,117,109,8,8
45688,96,97,-1,1
45689,76,72,4,4
45690,150,146,4,4
45691,71,78,-7,7
45692,127,132,-5,5
45693,93,92,1,1
45694,116,113,3,3
45695,128,119,9,9
45696,47,43,4,4
45697,53,53,0,0
45698,173,175,-2,2
45699,84,97,-13,13
45700,74,76,-2,2
45701,40,48,-8,8
45702,125,104,21,21
45703,100,107,-7,7
45704,62,66,-4,4
45705,120,109,11,11
45706,163,136,27,27
45707,111,108,3,3
45708,62,71,-9,9
45709,104,106,-2,2
45710,96,87,9,9
45711,71,69,2,2
45712,94,103,-9,9
45713,109,104,5,5
45714,46,52,-6,6
45715,94,90,4,4
45716,52,56,-4,4
45717,88,93,-5,5
45718,68,70,-2,2
45719,193,180,13,13
45720,137,125,12,12
45721,109,106,3,3
45722,97,112,-15,15
45723,114,100,14,14
45724,90,85,5,5
45725,57,54,3,3
45726,119,107,12,12
45727,157,149,8,8
45728,86,80,6,6
45729,108,101,7,7
45730,82,86,-4,4
45731,111,100,11,11
45732,110,104,6,6
45733,108,95,13,13
45734,92,77,15,15
45735,38,36,2,2
45736,92,91,1,1
45737,92,77,15,15
45738,68,68,0,0
45739,74,78,-4,4
45740,83,86,-3,3
45741,106,81,25,25
45742,86,74,12,12
45743,78,72,6,6
45744,155,164,-9,9
45745,116,112,4,4
45746,129,114,15,15
45747,99,93,6,6
45748,114,102,12,12
45749,103,92,11,11
45750,82,72,10,10
45751,50,50,0,0
45752,86,81,5,5
45753,82,87,-5,5
45754,82,91,-9,9
45755,50,48,2,2
45756,88,72,16,16
45757,86,80,6,6
45758,103,99,4,4
45759,60,51,9,9
45760,68,63,5,5
45761,86,66,20,20
45762,85,78,7,7
45763,80,73,7,7
45764,58,69,-11,11
45765,63,84,-21,21
45766,117,114,3,3
45767,97,96,1,1
45768,59,63,-4,4
45769,66,77,-11,11
45770,121,125,-4,4
45771,77,73,4,4
45772,47,45,2,2
45773,61,67,-6,6
45774,128,119,9,9
45775,225,240,-15,15
45776,145,136,9,9
45777,125,128,-3,3
45778,40,55,-15,15
45779,94,84,10,10
45780,103,96,7,7
45781,137,128,9,9
45782,151,139,12,12
45783,98,95,3,3
45784,115,110,5,5
45785,77,67,10,10
45786,75,96,-21,21
45787,75,71,4,4
45788,117,109,8,8
45789,133,126,7,7
45790,89,89,0,0
45791,92,86,6,6
45792,66,69,-3,3
45793,26,31,-5,5
45794,135,120,15,15
45795,82,86,-4,4
45796,44,54,-10,10
45797,79,65,14,14
45798,135,138,-3,3
45799,122,128,-6,6
45800,177,168,9,9
45801,93,80,13,13
45802,54,49,5,5
45803,104,114,-10,10
45804,69,65,4,4
45805,64,65,-1,1
45806,113,117,-4,4
45807,69,68,1,1
45808,127,128,-1,1
45809,115,111,4,4
45810,75,81,-6,6
45811,81,72,9,9
45812,35,40,-5,5
45813,120,123,-3,3
45814,86,86,0,0
45815,111,102,9,9
45816,149,119,30,30
45817,86,81,5,5
45818,122,120,2,2
45819,80,81,-1,1
45820,91,78,13,13
45821,106,101,5,5
45822,30,45,-15,15
45823,84,86,-2,2
45824,159,121,38,38
45825,76,84,-8,8
45826,73,69,4,4
45827,78,78,0,0
45828,271,278,-7,7
45829,138,140,-2,2
45830,72,86,-14,14
45831,77,73,4,4
45832,94,98,-4,4
45833,101,98,3,3
45834,72,64,8,8
45835,101,103,-2,2
45836,120,117,3,3
45837,159,171,-12,12
45838,78,91,-13,13
45839,78,79,-1,1
45840,106,97,9,9
45841,87,91,-4,4
45842,62,65,-3,3
45843,106,105,1,1
45844,127,145,-18,18
45845,101,89,12,12
45846,56,55,1,1
45847,41,53,-12,12
45848,83,88,-5,5
45849,128,126,2,2
45850,86,83,3,3
45851,82,87,-5,5
45852,104,100,4,4
45853,116,132,-16,16
45854,115,112,3,3
45855,81,66,15,15
45856,82,88,-6,6
45857,88,76,12,12
45858,115,118,-3,3
45859,170,159,11,11
45860,110,108,2,2
45861,228,214,14,14
45862,161,143,18,18
45863,72,79,-7,7
45864,171,147,24,24
45865,117,105,12,12
45866,116,111,5,5
45867,60,50,10,10
45868,113,117,-4,4
45869,121,106,15,15
45870,41,58,-17,17
45871,98,88,10,10
45872,83,81,2,2
45873,56,51,5,5
45874,107,98,9,9
45875,90,83,7,7
45876,91,91,0,0
45877,68,71,-3,3
45878,131,112,19,19
45879,95,80,15,15
45880,93,84,9,9
45881,99,91,8,8
45882,195,158,37,37
45883,124,113,11,11
45884,124,115,9,9
45885,44,59,-15,15
45886,63,66,-3,3
45887,175,159,16,16
45888,127,108,19,19
45889,113,112,1,1
45890,118,94,24,24
45891,99,104,-5,5
45892,89,85,4,4
45893,64,63,1,1
45894,73,77,-4,4
45895,104,94,10,10
45896,50,47,3,3
45897,94,83,11,11
45898,115,113,2,2
45899,91,95,-4,4
45900,80,72,8,8
45901,81,84,-3,3
45902,80,87,-7,7
45903,100,90,10,10
45904,123,124,-1,1
45905,89,68,21,21
45906,71,68,3,3
45907,162,139,23,23
45908,152,131,21,21
45909,69,63,6,6
45910,81,89,-8,8
45911,71,74,-3,3
45912,90,85,5,5
45913,104,100,4,4
45914,106,106,0,0
45915,66,68,-2,2
45916,66,66,0,0
45917,79,91,-12,12
45918,45,49,-4,4
45919,89,93,-4,4
45920,105,96,9,9
45921,59,57,2,2
45922,103,95,8,8
45923,116,105,11,11
45924,93,90,3,3
45925,116,126,-10,10
45926,133,119,14,14
45927,86,81,5,5
45928,86,77,9,9
45929,65,50,15,15
45930,139,119,20,20
45931,117,120,-3,3
45932,67,60,7,7
45933,119,101,18,18
45934,81,93,-12,12
45935,127,116,11,11
45936,142,141,1,1
45937,87,83,4,4
45938,70,65,5,5
45939,79,79,0,0
45940,119,113,6,6
45941,73,65,8,8
45942,72,62,10,10
45943,87,93,-6,6
45944,108,103,5,5
45945,120,114,6,6
45946,82,80,2,2
45947,97,94,3,3
45948,73,79,-6,6
45949,69,72,-3,3
45950,96,96,0,0
45951,44,37,7,7
45952,104,96,8,8
45953,68,67,1,1
45954,108,90,18,18
45955,81,88,-7,7
45956,124,113,11,11
45957,91,88,3,3
45958,116,120,-4,4
45959,41,37,4,4
45960,93,90,3,3
45961,100,102,-2,2
45962,70,77,-7,7
45963,82,83,-1,1
45964,124,114,10,10
45965,168,151,17,17
45966,81,81,0,0
45967,124,125,-1,1
45968,74,65,9,9
45969,191,173,18,18
45970,99,104,-5,5
45971,72,66,6,6
45972,92,97,-5,5
45973,122,109,13,13
45974,104,92,12,12
45975,93,85,8,8
45976,50,49,1,1
45977,79,80,-1,1
45978,86,84,2,2
45979,147,163,-16,16
45980,129,139,-10,10
45981,135,142,-7,7
45982,124,106,18,18
45983,91,90,1,1
45984,80,87,-7,7
45985,150,158,-8,8
45986,113,111,2,2
45987,74,70,4,4
45988,165,149,16,16
45989,105,88,17,17
45990,49,51,-2,2
45991,96,97,-1,1
45992,115,106,9,9
45993,132,138,-6,6
45994,111,98,13,13
45995,44,47,-3,3
45996,98,88,10,10
45997,52,51,1,1
45998,78,75,3,3
45999,71,65,6,6
46000,30,33,-3,3
46001,116,118,-2,2
46002,128,134,-6,6
46003,75,78,-3,3
46004,47,51,-4,4
46005,89,83,6,6
46006,88,87,1,1
46007,102,99,3,3
46008,48,45,3,3
46009,59,53,6,6
46010,131,122,9,9
46011,71,71,0,0
46012,81,86,-5,5
46013,110,107,3,3
46014,154,143,11,11
46015,120,119,1,1
46016,155,136,19,19
46017,109,98,11,11
46018,71,77,-6,6
46019,81,78,3,3
46020,58,60,-2,2
46021,69,97,-28,28
46022,134,124,10,10
46023,99,102,-3,3
46024,71,68,3,3
46025,99,96,3,3
46026,76,82,-6,6
46027,98,84,14,14
46028,68,75,-7,7
46029,105,94,11,11
46030,109,98,11,11
46031,143,163,-20,20
46032,112,106,6,6
46033,82,97,-15,15
46034,59,55,4,4
46035,170,159,11,11
46036,84,92,-8,8
46037,84,87,-3,3
46038,97,95,2,2
46039,241,239,2,2
46040,216,203,13,13
46041,121,113,8,8
46042,72,64,8,8
46043,61,58,3,3
46044,76,70,6,6
46045,140,142,-2,2
46046,101,94,7,7
46047,92,81,11,11
46048,65,62,3,3
46049,62,74,-12,12
46050,62,62,0,0
46051,172,140,32,32
46052,82,70,12,12
46053,118,108,10,10
46054,99,92,7,7
46055,121,118,3,3
46056,108,97,11,11
46057,96,89,7,7
46058,145,139,6,6
46059,111,127,-16,16
46060,46,48,-2,2
46061,74,69,5,5
46062,96,85,11,11
46063,60,56,4,4
46064,110,127,-17,17
46065,78,83,-5,5
46066,114,95,19,19
46067,154,168,-14,14
46068,165,142,23,23
46069,42,37,5,5
46070,91,86,5,5
46071,100,99,1,1
46072,110,103,7,7
46073,67,72,-5,5
46074,68,74,-6,6
46075,137,113,24,24
46076,87,88,-1,1
46077,93,81,12,12
46078,86,84,2,2
46079,200,218,-18,18
46080,119,109,10,10
46081,176,174,2,2
46082,75,73,2,2
46083,125,119,6,6
46084,74,82,-8,8
46085,102,95,7,7
46086,53,51,2,2
46087,107,101,6,6
46088,95,89,6,6
46089,120,123,-3,3
46090,88,84,4,4
46091,66,65,1,1
46092,94,92,2,2
46093,137,136,1,1
46094,67,70,-3,3
46095,83,85,-2,2
46096,56,55,1,1
46097,139,124,15,15
46098,100,95,5,5
46099,78,87,-9,9
46100,103,92,11,11
46101,59,58,1,1
46102,47,60,-13,13
46103,65,67,-2,2
46104,112,99,13,13
46105,132,113,19,19
46106,82,83,-1,1
46107,118,109,9,9
46108,109,99,10,10
46109,91,93,-2,2
46110,67,66,1,1
46111,83,89,-6,6
46112,79,73,6,6
46113,26,34,-8,8
46114,44,53,-9,9
46115,71,78,-7,7
46116,86,80,6,6
46117,77,79,-2,2
46118,53,54,-1,1
46119,98,88,10,10
46120,144,137,7,7
46121,89,78,11,11
46122,67,71,-4,4
46123,147,124,23,23
46124,127,123,4,4
46125,85,75,10,10
46126,66,62,4,4
46127,89,90,-1,1
46128,89,88,1,1
46129,75,74,1,1
46130,72,68,4,4
46131,101,104,-3,3
46132,126,96,30,30
46133,62,67,-5,5
46134,83,72,11,11
46135,151,143,8,8
46136,102,104,-2,2
46137,215,229,-14,14
46138,149,136,13,13
46139,133,126,7,7
46140,90,81,9,9
46141,100,80,20,20
46142,57,53,4,4
46143,61,59,2,2
46144,41,37,4,4
46145,137,119,18,18
46146,164,156,8,8
46147,242,271,-29,29
46148,99,96,3,3
46149,51,49,2,2
46150,68,59,9,9
46151,78,81,-3,3
46152,120,112,8,8
46153,87,77,10,10
46154,105,94,11,11
46155,112,103,9,9
46156,87,88,-1,1
46157,88,86,2,2
46158,71,65,6,6
46159,125,125,0,0
46160,73,73,0,0
46161,108,104,4,4
46162,76,73,3,3
46163,45,38,7,7
46164,100,97,3,3
46165,76,76,0,0
46166,158,148,10,10
46167,92,95,-3,3
46168,77,77,0,0
46169,44,46,-2,2
46170,115,120,-5,5
46171,85,91,-6,6
46172,109,104,5,5
46173,89,85,4,4
46174,39,49,-10,10
46175,66,59,7,7
46176,62,72,-10,10
46177,89,91,-2,2
46178,130,121,9,9
46179,92,87,5,5
46180,138,114,24,24
46181,118,96,22,22
46182,219,272,-53,53
46183,104,102,2,2
46184,94,96,-2,2
46185,100,85,15,15
46186,54,49,5,5
46187,153,125,28,28
46188,84,84,0,0
46189,91,93,-2,2
46190,46,46,0,0
46191,53,60,-7,7
46192,77,68,9,9
46193,80,71,9,9
46194,138,126,12,12
46195,80,74,6,6
46196,138,119,19,19
46197,141,117,24,24
46198,91,88,3,3
46199,176,166,10,10
46200,117,121,-4,4
46201,69,67,2,2
46202,108,114,-6,6
46203,101,90,11,11
46204,135,118,17,17
46205,115,114,1,1
46206,102,99,3,3
46207,56,53,3,3
46208,96,98,-2,2
46209,69,67,2,2
46210,106,112,-6,6
46211,151,150,1,1
46212,110,105,5,5
46213,112,112,0,0
46214,134,123,11,11
46215,65,64,1,1
46216,66,67,-1,1
46217,97,99,-2,2
46218,109,108,1,1
46219,141,130,11,11
46220,78,96,-18,18
46221,94,97,-3,3
46222,64,75,-11,11
46223,47,59,-12,12
46224,79,69,10,10
46225,104,108,-4,4
46226,39,56,-17,17
46227,62,71,-9,9
46228,123,118,5,5
46229,144,111,33,33
46230,108,115,-7,7
46231,183,154,29,29
46232,85,89,-4,4
46233,49,53,-4,4
46234,40,45,-5,5
46235,27,40,-13,13
46236,107,103,4,4
46237,135,142,-7,7
46238,129,113,16,16
46239,77,72,5,5
46240,61,68,-7,7
46241,58,68,-10,10
46242,144,134,10,10
46243,53,57,-4,4
46244,95,96,-1,1
46245,82,70,12,12
46246,73,67,6,6
46247,174,188,-14,14
46248,101,94,7,7
46249,100,118,-18,18
46250,81,74,7,7
46251,94,88,6,6
46252,76,82,-6,6
46253,70,74,-4,4
46254,100,100,0,0
46255,79,81,-2,2
46256,83,88,-5,5
46257,90,90,0,0
46258,136,119,17,17
46259,61,62,-1,1
46260,106,104,2,2
46261,90,89,1,1
46262,32,36,-4,4
46263,100,102,-2,2
46264,74,65,9,9
46265,62,67,-5,5
46266,101,90,11,11
46267,104,91,13,13
46268,94,88,6,6
46269,95,107,-12,12
46270,134,134,0,0
46271,134,131,3,3
46272,77,75,2,2
46273,80,90,-10,10
46274,90,92,-2,2
46275,128,117,11,11
46276,108,109,-1,1
46277,64,78,-14,14
46278,44,70,-26,26
46279,115,106,9,9
46280,49,56,-7,7
46281,64,76,-12,12
46282,64,66,-2,2
46283,128,112,16,16
46284,69,76,-7,7
46285,73,72,1,1
46286,38,41,-3,3
46287,71,70,1,1
46288,94,95,-1,1
46289,89,89,0,0
46290,63,64,-1,1
46291,116,105,11,11
46292,83,86,-3,3
46293,38,34,4,4
46294,57,65,-8,8
46295,84,81,3,3
46296,552,437,115,115
46297,75,71,4,4
46298,70,65,5,5
46299,90,99,-9,9
46300,181,207,-26,26
46301,109,105,4,4
46302,99,108,-9,9
46303,99,95,4,4
46304,73,71,2,2
46305,71,72,-1,1
46306,125,133,-8,8
46307,142,138,4,4
46308,125,123,2,2
46309,99,96,3,3
46310,127,110,17,17
46311,134,115,19,19
46312,87,85,2,2
46313,99,100,-1,1
46314,116,112,4,4
46315,57,62,-5,5
46316,160,136,24,24
46317,104,94,10,10
46318,106,104,2,2
46319,82,80,2,2
46320,149,143,6,6
46321,122,132,-10,10
46322,46,52,-6,6
46323,44,63,-19,19
46324,47,54,-7,7
46325,46,69,-23,23
46326,103,105,-2,2
46327,118,114,4,4
46328,62,66,-4,4
46329,61,69,-8,8
46330,90,88,2,2
46331,87,81,6,6
46332,163,124,39,39
46333,108,108,0,0
46334,68,71,-3,3
46335,128,108,20,20
46336,132,174,-42,42
46337,48,56,-8,8
46338,66,62,4,4
46339,62,69,-7,7
46340,77,76,1,1
46341,47,64,-17,17
46342,124,110,14,14
46343,95,101,-6,6
46344,65,62,3,3
46345,70,71,-1,1
46346,133,125,8,8
46347,98,98,0,0
46348,138,141,-3,3
46349,93,92,1,1
46350,136,126,10,10
46351,119,125,-6,6
46352,102,96,6,6
46353,106,125,-19,19
46354,75,79,-4,4
46355,58,54,4,4
46356,130,115,15,15
46357,85,83,2,2
46358,102,108,-6,6
46359,66,62,4,4
46360,83,94,-11,11
46361,85,84,1,1
46362,122,113,9,9
46363,107,105,2,2
46364,68,75,-7,7
46365,58,63,-5,5
46366,87,81,6,6
46367,67,64,3,3
46368,74,78,-4,4
46369,68,69,-1,1
46370,104,94,10,10
46371,158,158,0,0
46372,131,125,6,6
46373,103,94,9,9
46374,109,107,2,2
46375,64,61,3,3
46376,123,117,6,6
46377,111,101,10,10
46378,38,41,-3,3
46379,59,57,2,2
46380,46,61,-15,15
46381,101,106,-5,5
46382,149,127,22,22
46383,116,110,6,6
46384,62,82,-20,20
46385,78,79,-1,1
46386,92,83,9,9
46387,109,98,11,11
46388,94,94,0,0
46389,107,104,3,3
46390,75,75,0,0
46391,64,65,-1,1
46392,30,39,-9,9
46393,127,124,3,3
46394,67,63,4,4
46395,109,107,2,2
46396,187,176,11,11
46397,90,87,3,3
46398,123,113,10,10
46399,72,63,9,9
46400,124,120,4,4
46401,110,110,0,0
46402,108,106,2,2
46403,65,72,-7,7
46404,116,128,-12,12
46405,77,87,-10,10
46406,40,36,4,4
46407,108,104,4,4
46408,159,152,7,7
46409,60,57,3,3
46410,116,105,11,11
46411,124,137,-13,13
46412,94,98,-4,4
46413,90,83,7,7
46414,30,33,-3,3
46415,89,87,2,2
46416,89,74,15,15
46417,111,115,-4,4
46418,84,82,2,2
46419,49,50,-1,1
46420,75,66,9,9
46421,136,120,16,16
46422,41,77,-36,36
46423,72,73,-1,1
46424,173,167,6,6
46425,70,71,-1,1
46426,90,94,-4,4
46427,153,152,1,1
46428,138,145,-7,7
46429,147,143,4,4
46430,116,123,-7,7
46431,148,143,5,5
46432,117,106,11,11
46433,103,95,8,8
46434,123,106,17,17
46435,151,121,30,30
46436,126,120,6,6
46437,105,110,-5,5
46438,111,111,0,0
46439,71,68,3,3
46440,99,101,-2,2
46441,59,63,-4,4
46442,104,93,11,11
46443,60,54,6,6
46444,88,93,-5,5
46445,63,58,5,5
46446,186,181,5,5
46447,97,82,15,15
46448,128,122,6,6
46449,162,153,9,9
46450,74,68,6,6
46451,92,78,14,14
46452,153,143,10,10
46453,97,96,1,1
46454,116,110,6,6
46455,161,131,30,30
46456,73,81,-8,8
46457,107,104,3,3
46458,112,121,-9,9
46459,89,84,5,5
46460,92,87,5,5
46461,83,80,3,3
46462,108,125,-17,17
46463,108,107,1,1
46464,49,46,3,3
46465,64,68,-4,4
46466,109,114,-5,5
46467,52,47,5,5
46468,139,136,3,3
46469,90,87,3,3
46470,90,90,0,0
46471,70,80,-10,10
46472,97,99,-2,2
46473,56,65,-9,9
46474,64,82,-18,18
46475,67,60,7,7
46476,48,48,0,0
46477,69,67,2,2
46478,93,92,1,1
46479,144,136,8,8
46480,145,152,-7,7
46481,142,125,17,17
46482,150,151,-1,1
46483,58,55,3,3
46484,120,108,12,12
46485,102,97,5,5
46486,142,131,11,11
46487,100,100,0,0
46488,125,119,6,6
46489,84,100,-16,16
46490,123,119,4,4
46491,145,154,-9,9
46492,86,91,-5,5
46493,73,67,6,6
46494,97,94,3,3
46495,57,59,-2,2
46496,122,117,5,5
46497,71,62,9,9
46498,99,93,6,6
46499,83,79,4,4
46500,165,152,13,13
46501,193,174,19,19
46502,104,93,11,11
46503,110,113,-3,3
46504,65,58,7,7
46505,72,74,-2,2
46506,76,75,1,1
46507,173,185,-12,12
46508,76,92,-16,16
46509,95,92,3,3
46510,96,86,10,10
46511,82,77,5,5
46512,91,98,-7,7
46513,88,82,6,6
46514,104,104,0,0
46515,114,120,-6,6
46516,109,101,8,8
46517,74,72,2,2
46518,137,114,23,23
46519,93,87,6,6
46520,88,88,0,0
46521,55,64,-9,9
46522,72,75,-3,3
46523,71,95,-24,24
46524,110,94,16,16
46525,114,104,10,10
46526,128,137,-9,9
46527,65,61,4,4
46528,114,115,-1,1
46529,97,91,6,6
46530,117,138,-21,21
46531,72,80,-8,8
46532,92,83,9,9
46533,64,57,7,7
46534,125,126,-1,1
46535,99,99,0,0
46536,56,66,-10,10
46537,54,51,3,3
46538,122,115,7,7
46539,178,183,-5,5
46540,179,184,-5,5
46541,80,73,7,7
46542,109,102,7,7
46543,83,84,-1,1
46544,103,92,11,11
46545,61,66,-5,5
46546,125,114,11,11
46547,96,93,3,3
46548,96,103,-7,7
46549,97,101,-4,4
46550,108,90,18,18
46551,89,91,-2,2
46552,55,50,5,5
46553,87,128,-41,41
46554,49,46,3,3
46555,94,93,1,1
46556,93,116,-23,23
46557,75,79,-4,4
46558,65,62,3,3
46559,52,55,-3,3
46560,83,73,10,10
46561,123,105,18,18
46562,92,87,5,5
46563,74,79,-5,5
46564,109,95,14,14
46565,52,58,-6,6
46566,76,75,1,1
46567,116,108,8,8
46568,83,75,8,8
46569,82,78,4,4
46570,144,138,6,6
46571,35,41,-6,6
46572,155,140,15,15
46573,136,117,19,19
46574,123,115,8,8
46575,81,75,6,6
46576,66,73,-7,7
46577,131,122,9,9
46578,133,122,11,11
46579,71,62,9,9
46580,82,83,-1,1
46581,82,92,-10,10
46582,42,39,3,3
46583,137,149,-12,12
46584,140,171,-31,31
46585,58,70,-12,12
46586,117,104,13,13
46587,69,75,-6,6
46588,85,88,-3,3
46589,52,37,15,15
46590,87,95,-8,8
46591,135,146,-11,11
46592,64,66,-2,2
46593,129,106,23,23
46594,190,174,16,16
46595,68,74,-6,6
46596,82,74,8,8
46597,75,77,-2,2
46598,149,119,30,30
46599,84,78,6,6
46600,54,53,1,1
46601,98,102,-4,4
46602,99,82,17,17
46603,125,122,3,3
46604,86,81,5,5
46605,95,97,-2,2
46606,75,79,-4,4
46607,80,78,2,2
46608,118,118,0,0
46609,91,86,5,5
46610,106,96,10,10
46611,85,85,0,0
46612,153,165,-12,12
46613,103,103,0,0
46614,159,156,3,3
46615,69,66,3,3
46616,166,129,37,37
46617,109,103,6,6
46618,133,120,13,13
46619,191,177,14,14
46620,113,91,22,22
46621,124,106,18,18
46622,139,135,4,4
46623,88,85,3,3
46624,43,79,-36,36
46625,71,80,-9,9
46626,116,112,4,4
46627,115,100,15,15
46628,118,116,2,2
46629,62,58,4,4
46630,106,99,7,7
46631,116,132,-16,16
46632,137,123,14,14
46633,201,183,18,18
46634,53,53,0,0
46635,73,74,-1,1
46636,46,46,0,0
46637,90,84,6,6
46638,126,127,-1,1
46639,113,111,2,2
46640,80,74,6,6
46641,102,82,20,20
46642,161,135,26,26
46643,103,99,4,4
46644,119,125,-6,6
46645,54,69,-15,15
46646,159,148,11,11
46647,87,78,9,9
46648,59,52,7,7
46649,59,59,0,0
46650,90,85,5,5
46651,59,62,-3,3
46652,104,95,9,9
46653,131,124,7,7
46654,60,61,-1,1
46655,68,68,0,0
46656,86,81,5,5
46657,88,82,6,6
46658,146,141,5,5
46659,62,54,8,8
46660,152,148,4,4
46661,104,100,4,4
46662,67,66,1,1
46663,102,100,2,2
46664,96,98,-2,2
46665,99,106,-7,7
46666,99,99,0,0
46667,76,73,3,3
46668,97,97,0,0
46669,83,85,-2,2
46670,112,108,4,4
46671,63,61,2,2
46672,136,138,-2,2
46673,74,75,-1,1
46674,172,148,24,24
46675,136,109,27,27
46676,120,120,0,0
46677,116,111,5,5
46678,126,126,0,0
46679,114,104,10,10
46680,72,78,-6,6
46681,104,101,3,3
46682,147,155,-8,8
46683,103,96,7,7
46684,81,69,12,12
46685,80,89,-9,9
46686,101,104,-3,3
46687,125,99,26,26
46688,92,71,21,21
46689,84,81,3,3
46690,80,100,-20,20
46691,150,153,-3,3
46692,61,61,0,0
46693,112,107,5,5
46694,112,99,13,13
46695,67,61,6,6
46696,137,127,10,10
46697,58,66,-8,8
46698,105,101,4,4
46699,88,89,-1,1
46700,76,71,5,5
46701,88,79,9,9
46702,108,111,-3,3
46703,97,92,5,5
46704,141,140,1,1
46705,64,76,-12,12
46706,51,56,-5,5
46707,101,84,17,17
46708,158,153,5,5
46709,97,94,3,3
46710,79,84,-5,5
46711,69,66,3,3
46712,97,100,-3,3
46713,90,94,-4,4
46714,85,91,-6,6
46715,90,86,4,4
46716,120,108,12,12
46717,61,65,-4,4
46718,145,147,-2,2
46719,77,78,-1,1
46720,49,54,-5,5
46721,81,82,-1,1
46722,70,70,0,0
46723,107,88,19,19
46724,87,81,6,6
46725,66,60,6,6
46726,108,107,1,1
46727,86,89,-3,3
46728,68,69,-1,1
46729,84,71,13,13
46730,72,70,2,2
46731,67,77,-10,10
46732,73,71,2,2
46733,81,81,0,0
46734,65,50,15,15
46735,130,107,23,23
46736,47,47,0,0
46737,117,115,2,2
46738,141,119,22,22
46739,204,171,33,33
46740,85,85,0,0
46741,116,121,-5,5
46742,118,106,12,12
46743,110,109,1,1
46744,100,94,6,6
46745,93,86,7,7
46746,53,49,4,4
46747,86,78,8,8
46748,70,67,3,3
46749,80,81,-1,1
46750,146,147,-1,1
46751,72,78,-6,6
46752,154,159,-5,5
46753,206,215,-9,9
46754,72,78,-6,6
46755,141,134,7,7
46756,83,100,-17,17
46757,141,144,-3,3
46758,97,109,-12,12
46759,137,128,9,9
46760,124,123,1,1
46761,84,81,3,3
46762,102,108,-6,6
46763,22,57,-35,35
46764,97,99,-2,2
46765,59,58,1,1
46766,124,119,5,5
46767,198,197,1,1
46768,93,81,12,12
46769,96,89,7,7
46770,99,92,7,7
46771,191,151,40,40
46772,88,89,-1,1
46773,88,88,0,0
46774,114,110,4,4
46775,85,91,-6,6
46776,85,73,12,12
46777,63,67,-4,4
46778,129,98,31,31
46779,142,130,12,12
46780,66,72,-6,6
46781,64,59,5,5
46782,72,59,13,13
46783,143,143,0,0
46784,73,71,2,2
46785,92,88,4,4
46786,80,66,14,14
46787,123,115,8,8
46788,67,71,-4,4
46789,87,97,-10,10
46790,81,68,13,13
46791,77,96,-19,19
46792,70,67,3,3
46793,120,115,5,5
46794,119,114,5,5
46795,116,121,-5,5
46796,193,197,-4,4
46797,90,82,8,8
46798,113,133,-20,20
46799,109,97,12,12
46800,85,104,-19,19
46801,63,61,2,2
46802,56,56,0,0
46803,131,129,2,2
46804,108,104,4,4
46805,58,60,-2,2
46806,57,68,-11,11
46807,98,115,-17,17
46808,86,109,-23,23
46809,60,55,5,5
46810,54,59,-5,5
46811,160,159,1,1
46812,91,92,-1,1
46813,179,133,46,46
46814,68,82,-14,14
46815,143,136,7,7
46816,86,78,8,8
46817,115,113,2,2
46818,139,115,24,24
46819,95,95,0,0
46820,66,77,-11,11
46821,66,59,7,7
46822,143,139,4,4
46823,87,85,2,2
46824,85,86,-1,1
46825,77,82,-5,5
46826,77,70,7,7
46827,91,81,10,10
46828,80,72,8,8
46829,23,39,-16,16
46830,92,92,0,0
46831,109,96,13,13
46832,115,106,9,9
46833,93,91,2,2
46834,67,68,-1,1
46835,150,151,-1,1
46836,78,76,2,2
46837,159,158,1,1
46838,124,104,20,20
46839,93,108,-15,15
46840,133,135,-2,2
46841,79,89,-10,10
46842,62,59,3,3
46843,73,70,3,3
46844,66,64,2,2
46845,69,60,9,9
46846,146,153,-7,7
46847,73,65,8,8
46848,91,98,-7,7
46849,67,66,1,1
46850,80,98,-18,18
46851,96,91,5,5
46852,75,76,-1,1
46853,72,82,-10,10
46854,87,82,5,5
46855,93,81,12,12
46856,115,107,8,8
46857,142,142,0,0
46858,168,143,25,25
46859,149,139,10,10
46860,91,87,4,4
46861,69,76,-7,7
46862,112,105,7,7
46863,83,79,4,4
46864,63,53,10,10
46865,84,84,0,0
46866,113,103,10,10
46867,98,100,-2,2
46868,174,176,-2,2
46869,103,101,2,2
46870,32,79,-47,47
46871,126,125,1,1
46872,132,131,1,1
46873,49,50,-1,1
46874,107,105,2,2
46875,121,120,1,1
46876,132,97,35,35
46877,75,74,1,1
46878,71,72,-1,1
46879,69,80,-11,11
46880,158,142,16,16
46881,73,70,3,3
46882,146,115,31,31
46883,49,57,-8,8
46884,124,111,13,13
46885,71,56,15,15
46886,43,36,7,7
46887,94,102,-8,8
46888,120,129,-9,9
46889,107,105,2,2
46890,83,75,8,8
46891,111,98,13,13
46892,79,81,-2,2
46893,93,93,0,0
46894,130,118,12,12
46895,119,107,12,12
46896,80,72,8,8
46897,80,80,0,0
46898,76,72,4,4
46899,101,101,0,0
46900,131,124,7,7
46901,91,93,-2,2
46902,81,88,-7,7
46903,102,100,2,2
46904,108,85,23,23
46905,79,75,4,4
46906,121,102,19,19
46907,135,135,0,0
46908,68,81,-13,13
46909,104,110,-6,6
46910,44,47,-3,3
46911,103,106,-3,3
46912,136,140,-4,4
46913,107,84,23,23
46914,78,95,-17,17
46915,75,73,2,2
46916,37,40,-3,3
46917,24,27,-3,3
46918,166,150,16,16
46919,134,132,2,2
46920,116,115,1,1
46921,85,78,7,7
46922,130,120,10,10
46923,150,131,19,19
46924,103,94,9,9
46925,92,89,3,3
46926,127,134,-7,7
46927,72,79,-7,7
46928,95,105,-10,10
46929,56,55,1,1
46930,170,148,22,22
46931,106,97,9,9
46932,78,84,-6,6
46933,135,134,1,1
46934,113,102,11,11
46935,191,183,8,8
46936,61,63,-2,2
46937,95,82,13,13
46938,119,113,6,6
46939,114,103,11,11
46940,88,85,3,3
46941,71,69,2,2
46942,76,76,0,0
46943,50,57,-7,7
46944,69,73,-4,4
46945,51,71,-20,20
46946,74,78,-4,4
46947,79,74,5,5
46948,74,79,-5,5
46949,113,116,-3,3
46950,99,99,0,0
46951,86,84,2,2
46952,91,78,13,13
46953,83,93,-10,10
46954,106,105,1,1
46955,66,61,5,5
46956,74,68,6,6
46957,78,73,5,5
46958,101,94,7,7
46959,78,96,-18,18
46960,91,99,-8,8
46961,94,100,-6,6
46962,86,87,-1,1
46963,64,72,-8,8
46964,98,86,12,12
46965,100,114,-14,14
46966,148,138,10,10
46967,96,97,-1,1
46968,135,114,21,21
46969,123,118,5,5
46970,65,66,-1,1
46971,86,84,2,2
46972,86,91,-5,5
46973,93,93,0,0
46974,106,101,5,5
46975,122,113,9,9
46976,75,84,-9,9
46977,86,81,5,5
46978,51,59,-8,8
46979,56,53,3,3
46980,125,132,-7,7
46981,92,89,3,3
46982,108,114,-6,6
46983,151,131,20,20
46984,83,86,-3,3
46985,66,74,-8,8
46986,138,120,18,18
46987,120,122,-2,2
46988,79,73,6,6
46989,86,88,-2,2
46990,163,160,3,3
46991,112,109,3,3
46992,98,82,16,16
46993,40,79,-39,39
46994,85,95,-10,10
46995,73,77,-4,4
46996,84,88,-4,4
46997,127,125,2,2
46998,113,100,13,13
46999,116,108,8,8
47000,91,95,-4,4
47001,91,78,13,13
47002,50,53,-3,3
47003,78,75,3,3
47004,90,88,2,2
47005,125,107,18,18
47006,84,89,-5,5
47007,79,73,6,6
47008,69,80,-11,11
47009,115,98,17,17
47010,227,262,-35,35
47011,107,108,-1,1
47012,136,145,-9,9
47013,88,81,7,7
47014,117,120,-3,3
47015,81,92,-11,11
47016,150,143,7,7
47017,101,115,-14,14
47018,169,151,18,18
47019,75,75,0,0
47020,146,144,2,2
47021,96,87,9,9
47022,66,63,3,3
47023,73,71,2,2
47024,85,94,-9,9
47025,104,96,8,8
47026,53,63,-10,10
47027,148,133,15,15
47028,119,97,22,22
47029,45,45,0,0
47030,72,69,3,3
47031,126,126,0,0
47032,64,54,10,10
47033,119,115,4,4
47034,89,92,-3,3
47035,139,136,3,3
47036,111,114,-3,3
47037,100,109,-9,9
47038,82,77,5,5
47039,138,139,-1,1
47040,47,43,4,4
47041,167,143,24,24
47042,63,69,-6,6
47043,118,111,7,7
47044,201,222,-21,21
47045,82,92,-10,10
47046,91,93,-2,2
47047,81,90,-9,9
47048,91,83,8,8
47049,119,109,10,10
47050,88,78,10,10
47051,76,74,2,2
47052,86,85,1,1
47053,47,53,-6,6
47054,134,143,-9,9
47055,96,93,3,3
47056,82,71,11,11
47057,82,75,7,7
47058,89,93,-4,4
47059,99,101,-2,2
47060,93,93,0,0
47061,87,86,1,1
47062,62,61,1,1
47063,58,59,-1,1
47064,82,90,-8,8
47065,142,142,0,0
47066,101,92,9,9
47067,127,114,13,13
47068,46,49,-3,3
47069,116,109,7,7
47070,54,64,-10,10
47071,71,74,-3,3
47072,121,139,-18,18
47073,80,80,0,0
47074,86,84,2,2
47075,119,114,5,5
47076,71,75,-4,4
47077,171,161,10,10
47078,126,110,16,16
47079,57,60,-3,3
47080,99,100,-1,1
47081,55,57,-2,2
47082,77,78,-1,1
47083,110,97,13,13
47084,77,99,-22,22
47085,111,112,-1,1
47086,164,156,8,8
47087,104,96,8,8
47088,85,80,5,5
47089,75,73,2,2
47090,119,109,10,10
47091,82,82,0,0
47092,122,110,12,12
47093,111,110,1,1
47094,102,99,3,3
47095,54,51,3,3
47096,96,95,1,1
47097,65,69,-4,4
47098,135,137,-2,2
47099,79,82,-3,3
47100,92,88,4,4
47101,56,59,-3,3
47102,109,107,2,2
47103,124,122,2,2
47104,65,83,-18,18
47105,84,82,2,2
47106,107,101,6,6
47107,114,114,0,0
47108,92,79,13,13
47109,129,121,8,8
47110,159,147,12,12
47111,80,75,5,5
47112,106,106,0,0
47113,76,83,-7,7
47114,81,80,1,1
47115,115,111,4,4
47116,89,95,-6,6
47117,66,70,-4,4
47118,49,57,-8,8
47119,74,75,-1,1
47120,77,71,6,6
47121,98,90,8,8
47122,181,159,22,22
47123,65,65,0,0
47124,125,116,9,9
47125,120,123,-3,3
47126,92,82,10,10
47127,125,116,9,9
47128,97,94,3,3
47129,113,100,13,13
47130,69,70,-1,1
47131,41,41,0,0
47132,112,107,5,5
47133,93,87,6,6
47134,77,68,9,9
47135,114,121,-7,7
47136,90,93,-3,3
47137,119,121,-2,2
47138,85,97,-12,12
47139,99,104,-5,5
47140,113,86,27,27
47141,112,116,-4,4
47142,43,42,1,1
47143,73,69,4,4
47144,149,142,7,7
47145,72,75,-3,3
47146,62,66,-4,4
47147,74,63,11,11
47148,197,187,10,10
47149,93,101,-8,8
47150,103,76,27,27
47151,96,88,8,8
47152,191,156,35,35
47153,116,108,8,8
47154,75,72,3,3
47155,99,103,-4,4
47156,94,79,15,15
47157,124,115,9,9
47158,83,87,-4,4
47159,131,125,6,6
47160,108,91,17,17
47161,108,119,-11,11
47162,77,74,3,3
47163,77,61,16,16
47164,126,121,5,5
47165,59,78,-19,19
47166,101,111,-10,10
47167,121,115,6,6
47168,116,123,-7,7
47169,124,117,7,7
47170,69,61,8,8
47171,160,146,14,14
47172,67,74,-7,7
47173,111,113,-2,2
47174,80,93,-13,13
47175,44,47,-3,3
47176,89,85,4,4
47177,92,86,6,6
47178,105,108,-3,3
47179,113,97,16,16
47180,83,81,2,2
47181,54,56,-2,2
47182,47,49,-2,2
47183,105,94,11,11
47184,65,63,2,2
47185,118,106,12,12
47186,115,101,14,14
47187,92,98,-6,6
47188,69,61,8,8
47189,42,44,-2,2
47190,64,61,3,3
47191,119,122,-3,3
47192,142,125,17,17
47193,117,109,8,8
47194,67,76,-9,9
47195,157,154,3,3
47196,57,64,-7,7
47197,122,103,19,19
47198,84,82,2,2
47199,112,113,-1,1
47200,96,96,0,0
47201,75,63,12,12
47202,86,86,0,0
47203,168,152,16,16
47204,128,113,15,15
47205,111,117,-6,6
47206,95,92,3,3
47207,74,84,-10,10
47208,101,82,19,19
47209,69,59,10,10
47210,160,164,-4,4
47211,139,125,14,14
47212,24,64,-40,40
47213,89,75,14,14
47214,102,102,0,0
47215,49,49,0,0
47216,94,104,-10,10
47217,76,71,5,5
47218,170,128,42,42
47219,158,151,7,7
47220,31,82,-51,51
47221,66,69,-3,3
47222,106,90,16,16
47223,60,76,-16,16
47224,77,78,-1,1
47225,68,65,3,3
47226,129,126,3,3
47227,60,63,-3,3
47228,106,107,-1,1
47229,64,59,5,5
47230,67,68,-1,1
47231,85,80,5,5
47232,79,70,9,9
47233,175,153,22,22
47234,20,53,-33,33
47235,169,155,14,14
47236,90,92,-2,2
47237,74,66,8,8
47238,68,81,-13,13
47239,52,59,-7,7
47240,81,89,-8,8
47241,106,107,-1,1
47242,113,106,7,7
47243,64,64,0,0
47244,98,106,-8,8
47245,120,117,3,3
47246,85,83,2,2
47247,70,68,2,2
47248,121,121,0,0
47249,132,120,12,12
47250,50,52,-2,2
47251,68,80,-12,12
47252,55,62,-7,7
47253,122,112,10,10
47254,107,95,12,12
47255,69,79,-10,10
47256,115,107,8,8
47257,118,112,6,6
47258,184,232,-48,48
47259,78,87,-9,9
47260,47,49,-2,2
47261,65,64,1,1
47262,109,93,16,16
47263,89,82,7,7
47264,141,125,16,16
47265,68,87,-19,19
47266,167,149,18,18
47267,68,73,-5,5
47268,86,78,8,8
47269,93,87,6,6
47270,91,82,9,9
47271,65,70,-5,5
47272,132,132,0,0
47273,91,91,0,0
47274,71,71,0,0
47275,71,74,-3,3
47276,120,125,-5,5
47277,118,107,11,11
47278,117,123,-6,6
47279,157,158,-1,1
47280,73,82,-9,9
47281,108,109,-1,1
47282,82,71,11,11
47283,122,115,7,7
47284,143,142,1,1
47285,172,160,12,12
47286,76,70,6,6
47287,130,143,-13,13
47288,61,58,3,3
47289,65,70,-5,5
47290,128,126,2,2
47291,98,98,0,0
47292,161,174,-13,13
47293,56,51,5,5
47294,97,126,-29,29
47295,176,221,-45,45
47296,125,120,5,5
47297,115,105,10,10
47298,81,96,-15,15
47299,103,96,7,7
47300,53,54,-1,1
47301,173,191,-18,18
47302,132,119,13,13
47303,129,116,13,13
47304,120,120,0,0
47305,123,112,11,11
47306,203,168,35,35
47307,59,58,1,1
47308,67,68,-1,1
47309,132,130,2,2
47310,182,170,12,12
47311,143,140,3,3
47312,97,87,10,10
47313,91,88,3,3
47314,96,99,-3,3
47315,91,87,4,4
47316,87,76,11,11
47317,143,149,-6,6
47318,65,69,-4,4
47319,78,62,16,16
47320,78,78,0,0
47321,140,133,7,7
47322,93,94,-1,1
47323,52,47,5,5
47324,95,98,-3,3
47325,96,88,8,8
47326,72,72,0,0
47327,113,108,5,5
47328,97,96,1,1
47329,77,84,-7,7
47330,71,76,-5,5
47331,58,57,1,1
47332,72,69,3,3
47333,210,192,18,18
47334,97,86,11,11
47335,141,143,-2,2
47336,130,129,1,1
47337,105,103,2,2
47338,66,73,-7,7
47339,78,84,-6,6
47340,96,95,1,1
47341,120,120,0,0
47342,57,63,-6,6
47343,162,156,6,6
47344,134,133,1,1
47345,161,144,17,17
47346,171,169,2,2
47347,91,96,-5,5
47348,46,48,-2,2
47349,128,118,10,10
47350,113,100,13,13
47351,96,87,9,9
47352,55,58,-3,3
47353,101,102,-1,1
47354,146,136,10,10
47355,83,109,-26,26
47356,41,45,-4,4
47357,117,116,1,1
47358,118,119,-1,1
47359,89,87,2,2
47360,88,88,0,0
47361,37,30,7,7
47362,68,70,-2,2
47363,53,47,6,6
47364,106,97,9,9
47365,125,116,9,9
47366,79,88,-9,9
47367,100,92,8,8
47368,99,107,-8,8
47369,99,104,-5,5
47370,130,118,12,12
47371,75,83,-8,8
47372,101,92,9,9
47373,90,83,7,7
47374,154,142,12,12
47375,116,110,6,6
47376,60,74,-14,14
47377,144,144,0,0
47378,75,72,3,3
47379,110,103,7,7
47380,124,128,-4,4
47381,79,83,-4,4
47382,38,41,-3,3
47383,90,81,9,9
47384,84,62,22,22
47385,76,79,-3,3
47386,88,93,-5,5
47387,124,136,-12,12
47388,76,80,-4,4
47389,84,80,4,4
47390,75,78,-3,3
47391,78,76,2,2
47392,48,53,-5,5
47393,70,76,-6,6
47394,125,119,6,6
47395,129,134,-5,5
47396,75,83,-8,8
47397,91,98,-7,7
47398,108,102,6,6
47399,100,89,11,11
47400,56,71,-15,15
47401,140,109,31,31
47402,62,62,0,0
47403,224,178,46,46
47404,109,114,-5,5
47405,159,165,-6,6
47406,90,89,1,1
47407,125,110,15,15
47408,96,94,2,2
47409,74,87,-13,13
47410,109,110,-1,1
47411,84,84,0,0
47412,50,56,-6,6
47413,146,127,19,19
47414,116,103,13,13
47415,93,87,6,6
47416,92,83,9,9
47417,72,64,8,8
47418,159,146,13,13
47419,79,72,7,7
47420,117,100,17,17
47421,92,86,6,6
47422,102,97,5,5
47423,61,61,0,0
47424,55,53,2,2
47425,91,87,4,4
47426,94,91,3,3
47427,64,61,3,3
47428,121,112,9,9
47429,50,52,-2,2
47430,91,85,6,6
47431,87,91,-4,4
47432,100,95,5,5
47433,60,86,-26,26
47434,139,133,6,6
47435,77,81,-4,4
47436,54,51,3,3
47437,117,96,21,21
47438,105,116,-11,11
47439,105,98,7,7
47440,78,80,-2,2
47441,108,97,11,11
47442,111,117,-6,6
47443,112,117,-5,5
47444,69,74,-5,5
47445,100,107,-7,7
47446,96,97,-1,1
47447,31,48,-17,17
47448,75,73,2,2
47449,68,63,5,5
47450,53,56,-3,3
47451,63,62,1,1
47452,85,81,4,4
47453,126,112,14,14
47454,107,104,3,3
47455,130,120,10,10
47456,65,68,-3,3
47457,73,69,4,4
47458,107,112,-5,5
47459,121,117,4,4
47460,99,95,4,4
47461,92,104,-12,12
47462,170,153,17,17
47463,85,67,18,18
47464,142,151,-9,9
47465,86,87,-1,1
47466,63,67,-4,4
47467,121,111,10,10
47468,84,89,-5,5
47469,66,64,2,2
47470,60,58,2,2
47471,68,65,3,3
47472,113,126,-13,13
47473,101,104,-3,3
47474,48,53,-5,5
47475,154,157,-3,3
47476,160,148,12,12
47477,102,88,14,14
47478,94,85,9,9
47479,84,80,4,4
47480,107,110,-3,3
47481,66,71,-5,5
47482,87,93,-6,6
47483,84,76,8,8
47484,86,87,-1,1
47485,101,72,29,29
47486,83,81,2,2
47487,70,65,5,5
47488,104,86,18,18
47489,78,70,8,8
47490,69,65,4,4
47491,172,157,15,15
47492,66,81,-15,15
47493,96,91,5,5
47494,73,76,-3,3
47495,122,136,-14,14
47496,66,74,-8,8
47497,78,78,0,0
47498,70,123,-53,53
47499,62,64,-2,2
47500,64,59,5,5
47501,189,182,7,7
47502,101,99,2,2
47503,83,88,-5,5
47504,88,79,9,9
47505,108,104,4,4
47506,109,100,9,9
47507,50,45,5,5
47508,100,95,5,5
47509,98,89,9,9
47510,74,71,3,3
47511,151,141,10,10
47512,67,73,-6,6
47513,145,131,14,14
47514,99,89,10,10
47515,79,78,1,1
47516,66,70,-4,4
47517,87,81,6,6
47518,104,91,13,13
47519,75,71,4,4
47520,81,72,9,9
47521,79,84,-5,5
47522,82,84,-2,2
47523,202,184,18,18
47524,64,63,1,1
47525,142,141,1,1
47526,77,75,2,2
47527,95,108,-13,13
47528,127,115,12,12
47529,89,94,-5,5
47530,136,132,4,4
47531,63,74,-11,11
47532,123,115,8,8
47533,113,109,4,4
47534,98,88,10,10
47535,136,120,16,16
47536,124,107,17,17
47537,124,110,14,14
47538,162,141,21,21
47539,81,91,-10,10
47540,93,91,2,2
47541,83,89,-6,6
47542,127,110,17,17
47543,60,54,6,6
47544,83,83,0,0
47545,60,59,1,1
47546,103,111,-8,8
47547,93,85,8,8
47548,78,75,3,3
47549,97,84,13,13
47550,73,64,9,9
47551,128,117,11,11
47552,92,94,-2,2
47553,37,38,-1,1
47554,154,127,27,27
47555,60,62,-2,2
47556,94,88,6,6
47557,103,89,14,14
47558,72,70,2,2
47559,65,61,4,4
47560,85,90,-5,5
47561,111,108,3,3
47562,88,92,-4,4
47563,110,97,13,13
47564,102,93,9,9
47565,59,54,5,5
47566,89,80,9,9
47567,113,99,14,14
47568,65,74,-9,9
47569,148,144,4,4
47570,83,85,-2,2
47571,81,75,6,6
47572,88,91,-3,3
47573,67,69,-2,2
47574,44,51,-7,7
47575,98,97,1,1
47576,89,88,1,1
47577,85,84,1,1
47578,165,132,33,33
47579,58,58,0,0
47580,118,108,10,10
47581,138,110,28,28
47582,85,82,3,3
47583,77,71,6,6
47584,58,55,3,3
47585,78,70,8,8
47586,94,106,-12,12
47587,51,64,-13,13
47588,109,117,-8,8
47589,72,77,-5,5
47590,71,64,7,7
47591,83,89,-6,6
47592,97,92,5,5
47593,81,82,-1,1
47594,192,218,-26,26
47595,152,136,16,16
47596,101,97,4,4
47597,65,60,5,5
47598,77,83,-6,6
47599,130,128,2,2
47600,124,96,28,28
47601,89,93,-4,4
47602,105,113,-8,8
47603,85,82,3,3
47604,147,142,5,5
47605,108,120,-12,12
47606,86,81,5,5
47607,66,72,-6,6
47608,62,58,4,4
47609,74,67,7,7
47610,144,115,29,29
47611,77,74,3,3
47612,53,41,12,12
47613,81,73,8,8
47614,121,115,6,6
47615,71,68,3,3
47616,75,56,19,19
47617,105,95,10,10
47618,98,98,0,0
47619,133,134,-1,1
47620,115,120,-5,5
47621,56,53,3,3
47622,139,138,1,1
47623,108,107,1,1
47624,207,171,36,36
47625,43,55,-12,12
47626,135,126,9,9
47627,122,123,-1,1
47628,61,67,-6,6
47629,97,86,11,11
47630,77,72,5,5
47631,123,105,18,18
47632,59,63,-4,4
47633,113,113,0,0
47634,125,123,2,2
47635,88,82,6,6
47636,72,65,7,7
47637,137,135,2,2
47638,113,101,12,12
47639,112,101,11,11
47640,60,64,-4,4
47641,106,106,0,0
47642,143,140,3,3
47643,91,97,-6,6
47644,95,86,9,9
47645,155,138,17,17
47646,106,111,-5,5
47647,103,116,-13,13
47648,142,126,16,16
47649,76,68,8,8
47650,115,118,-3,3
47651,96,113,-17,17
47652,103,91,12,12
47653,106,109,-3,3
47654,67,66,1,1
47655,100,97,3,3
47656,103,96,7,7
47657,72,73,-1,1
47658,142,132,10,10
47659,32,49,-17,17
47660,137,126,11,11
47661,57,64,-7,7
47662,69,73,-4,4
47663,47,55,-8,8
47664,82,70,12,12
47665,113,104,9,9
47666,81,85,-4,4
47667,96,98,-2,2
47668,67,65,2,2
47669,138,125,13,13
47670,73,71,2,2
47671,62,79,-17,17
47672,45,54,-9,9
47673,106,98,8,8
47674,65,56,9,9
47675,79,72,7,7
47676,109,105,4,4
47677,147,136,11,11
47678,67,60,7,7
47679,94,88,6,6
47680,73,80,-7,7
47681,57,68,-11,11
47682,124,110,14,14
47683,68,67,1,1
47684,89,75,14,14
47685,105,92,13,13
47686,64,75,-11,11
47687,78,80,-2,2
47688,108,97,11,11
47689,171,167,4,4
47690,92,81,11,11
47691,63,65,-2,2
47692,66,73,-7,7
47693,85,86,-1,1
47694,134,125,9,9
47695,73,63,10,10
47696,85,80,5,5
47697,81,88,-7,7
47698,119,113,6,6
47699,64,50,14,14
47700,73,69,4,4
47701,120,110,10,10
47702,122,117,5,5
47703,97,98,-1,1
47704,69,77,-8,8
47705,88,86,2,2
47706,86,95,-9,9
47707,87,100,-13,13
47708,152,144,8,8
47709,65,65,0,0
47710,37,53,-16,16
47711,125,110,15,15
47712,117,124,-7,7
47713,72,69,3,3
47714,120,120,0,0
47715,67,67,0,0
47716,147,142,5,5
47717,142,122,20,20
47718,111,97,14,14
47719,104,102,2,2
47720,90,77,13,13
47721,76,68,8,8
47722,82,74,8,8
47723,122,93,29,29
47724,176,160,16,16
47725,97,79,18,18
47726,84,81,3,3
47727,94,87,7,7
47728,175,194,-19,19
47729,90,96,-6,6
47730,62,60,2,2
47731,116,105,11,11
47732,137,128,9,9
47733,141,127,14,14
47734,96,127,-31,31
47735,99,96,3,3
47736,66,59,7,7
47737,183,175,8,8
47738,64,64,0,0
47739,137,146,-9,9
47740,51,55,-4,4
47741,35,37,-2,2
47742,137,123,14,14
47743,151,135,16,16
47744,115,113,2,2
47745,94,91,3,3
47746,42,46,-4,4
47747,57,67,-10,10
47748,102,105,-3,3
47749,59,66,-7,7
47750,73,89,-16,16
47751,80,76,4,4
47752,102,109,-7,7
47753,111,105,6,6
47754,150,148,2,2
47755,149,135,14,14
47756,129,109,20,20
47757,35,72,-37,37
47758,50,52,-2,2
47759,85,69,16,16
47760,90,86,4,4
47761,129,118,11,11
47762,111,107,4,4
47763,80,88,-8,8
47764,165,153,12,12
47765,69,68,1,1
47766,132,112,20,20
47767,145,133,12,12
47768,51,59,-8,8
47769,152,139,13,13
47770,64,65,-1,1
47771,168,168,0,0
47772,100,105,-5,5
47773,72,62,10,10
47774,86,86,0,0
47775,67,77,-10,10
47776,71,70,1,1
47777,156,148,8,8
47778,92,80,12,12
47779,93,93,0,0
47780,95,92,3,3
47781,113,105,8,8
47782,105,100,5,5
47783,77,76,1,1
47784,96,99,-3,3
47785,103,96,7,7
47786,76,88,-12,12
47787,77,74,3,3
47788,103,90,13,13
47789,80,80,0,0
47790,72,77,-5,5
47791,98,100,-2,2
47792,94,81,13,13
47793,145,148,-3,3
47794,57,50,7,7
47795,95,92,3,3
47796,97,67,30,30
47797,160,139,21,21
47798,161,161,0,0
47799,71,67,4,4
47800,95,86,9,9
47801,100,99,1,1
47802,57,41,16,16
47803,96,93,3,3
47804,70,75,-5,5
47805,51,80,-29,29
47806,70,69,1,1
47807,27,33,-6,6
47808,93,90,3,3
47809,110,104,6,6
47810,128,122,6,6
47811,146,149,-3,3
47812,81,71,10,10
47813,100,93,7,7
47814,77,67,10,10
47815,57,59,-2,2
47816,110,108,2,2
47817,90,77,13,13
47818,105,116,-11,11
47819,91,77,14,14
47820,158,164,-6,6
47821,79,74,5,5
47822,52,55,-3,3
47823,86,79,7,7
47824,100,95,5,5
47825,65,70,-5,5
47826,116,106,10,10
47827,75,79,-4,4
47828,95,90,5,5
47829,71,71,0,0
47830,87,88,-1,1
47831,79,68,11,11
47832,77,73,4,4
47833,55,63,-8,8
47834,94,86,8,8
47835,99,96,3,3
47836,98,99,-1,1
47837,95,104,-9,9
47838,123,120,3,3
47839,76,87,-11,11
47840,157,162,-5,5
47841,75,77,-2,2
47842,114,113,1,1
47843,47,39,8,8
47844,110,101,9,9
47845,122,112,10,10
47846,89,91,-2,2
47847,65,64,1,1
47848,63,72,-9,9
47849,140,126,14,14
47850,101,101,0,0
47851,132,125,7,7
47852,175,172,3,3
47853,79,78,1,1
47854,97,92,5,5
47855,108,94,14,14
47856,76,64,12,12
47857,80,76,4,4
47858,114,95,19,19
47859,160,156,4,4
47860,101,93,8,8
47861,143,128,15,15
47862,40,48,-8,8
47863,151,143,8,8
47864,111,120,-9,9
47865,105,119,-14,14
47866,93,91,2,2
47867,121,115,6,6
47868,162,150,12,12
47869,91,98,-7,7
47870,86,82,4,4
47871,133,126,7,7
47872,69,69,0,0
47873,110,99,11,11
47874,76,70,6,6
47875,70,74,-4,4
47876,129,109,20,20
47877,105,101,4,4
47878,118,102,16,16
47879,51,52,-1,1
47880,155,146,9,9
47881,80,81,-1,1
47882,91,104,-13,13
47883,87,84,3,3
47884,61,72,-11,11
47885,65,61,4,4
47886,85,85,0,0
47887,89,81,8,8
47888,62,58,4,4
47889,85,85,0,0
47890,65,65,0,0
47891,127,109,18,18
47892,94,96,-2,2
47893,106,107,-1,1
47894,72,72,0,0
47895,115,110,5,5
47896,100,94,6,6
47897,56,50,6,6
47898,78,87,-9,9
47899,100,89,11,11
47900,94,85,9,9
47901,104,96,8,8
47902,76,97,-21,21
47903,100,99,1,1
47904,114,103,11,11
47905,94,87,7,7
47906,92,85,7,7
47907,51,49,2,2
47908,129,124,5,5
47909,30,26,4,4
47910,91,105,-14,14
47911,72,75,-3,3
47912,99,96,3,3
47913,59,63,-4,4
47914,103,95,8,8
47915,140,124,16,16
47916,71,73,-2,2
47917,77,78,-1,1
47918,108,110,-2,2
47919,87,86,1,1
47920,150,144,6,6
47921,108,111,-3,3
47922,78,74,4,4
47923,143,133,10,10
47924,109,108,1,1
47925,81,92,-11,11
47926,82,83,-1,1
47927,46,48,-2,2
47928,142,131,11,11
47929,54,58,-4,4
47930,89,82,7,7
47931,53,52,1,1
47932,73,67,6,6
47933,74,69,5,5
47934,43,40,3,3
47935,89,83,6,6
47936,71,75,-4,4
47937,62,65,-3,3
47938,59,63,-4,4
47939,114,107,7,7
47940,56,55,1,1
47941,94,94,0,0
47942,102,109,-7,7
47943,112,98,14,14
47944,75,67,8,8
47945,77,87,-10,10
47946,124,120,4,4
47947,128,113,15,15
47948,70,78,-8,8
47949,84,132,-48,48
47950,151,156,-5,5
47951,113,105,8,8
47952,85,79,6,6
47953,82,115,-33,33
47954,163,169,-6,6
47955,124,136,-12,12
47956,80,71,9,9
47957,122,129,-7,7
47958,88,77,11,11
47959,66,62,4,4
47960,83,86,-3,3
47961,118,109,9,9
47962,57,54,3,3
47963,66,77,-11,11
47964,108,108,0,0
47965,93,101,-8,8
47966,51,48,3,3
47967,171,161,10,10
47968,114,97,17,17
47969,45,53,-8,8
47970,86,82,4,4
47971,62,77,-15,15
47972,67,67,0,0
47973,76,89,-13,13
47974,108,111,-3,3
47975,100,120,-20,20
47976,139,133,6,6
47977,115,112,3,3
47978,144,113,31,31
47979,90,85,5,5
47980,91,77,14,14
47981,75,76,-1,1
47982,135,129,6,6
47983,67,75,-8,8
47984,117,105,12,12
47985,127,114,13,13
47986,59,55,4,4
47987,48,51,-3,3
47988,69,65,4,4
47989,93,80,13,13
47990,123,121,2,2
47991,131,141,-10,10
47992,105,96,9,9
47993,121,127,-6,6
47994,111,113,-2,2
47995,43,49,-6,6
47996,131,122,9,9
47997,133,129,4,4
47998,74,79,-5,5
47999,154,115,39,39
48000,36,36,0,0
48001,83,90,-7,7
48002,114,113,1,1
48003,115,106,9,9
48004,117,112,5,5
48005,129,127,2,2
48006,119,113,6,6
48007,65,63,2,2
48008,88,90,-2,2
48009,80,76,4,4
48010,43,36,7,7
48011,68,67,1,1
48012,157,146,11,11
48013,104,106,-2,2
48014,56,50,6,6
48015,52,53,-1,1
48016,115,110,5,5
48017,64,59,5,5
48018,139,131,8,8
48019,58,58,0,0
48020,105,104,1,1
48021,196,199,-3,3
48022,117,105,12,12
48023,108,89,19,19
48024,109,114,-5,5
48025,53,49,4,4
48026,97,85,12,12
48027,89,92,-3,3
48028,136,130,6,6
48029,156,164,-8,8
48030,107,92,15,15
48031,48,43,5,5
48032,108,111,-3,3
48033,151,141,10,10
48034,71,89,-18,18
48035,99,82,17,17
48036,119,101,18,18
48037,131,113,18,18
48038,72,71,1,1
48039,112,106,6,6
48040,142,146,-4,4
48041,130,125,5,5
48042,103,105,-2,2
48043,136,128,8,8
48044,61,59,2,2
48045,93,85,8,8
48046,124,128,-4,4
48047,44,47,-3,3
48048,166,170,-4,4
48049,134,133,1,1
48050,85,86,-1,1
48051,56,66,-10,10
48052,58,74,-16,16
48053,95,84,11,11
48054,113,106,7,7
48055,80,82,-2,2
48056,105,96,9,9
48057,56,47,9,9
48058,79,80,-1,1
48059,77,79,-2,2
48060,90,87,3,3
48061,68,74,-6,6
48062,65,67,-2,2
48063,95,84,11,11
48064,51,56,-5,5
48065,99,93,6,6
48066,81,68,13,13
48067,116,99,17,17
48068,72,71,1,1
48069,55,56,-1,1
48070,144,128,16,16
48071,74,86,-12,12
48072,135,133,2,2
48073,60,71,-11,11
48074,76,81,-5,5
48075,144,118,26,26
48076,141,117,24,24
48077,80,65,15,15
48078,74,80,-6,6
48079,83,80,3,3
48080,76,73,3,3
48081,100,98,2,2
48082,97,86,11,11
48083,141,110,31,31
48084,109,117,-8,8
48085,87,116,-29,29
48086,104,96,8,8
48087,69,72,-3,3
48088,60,70,-10,10
48089,71,64,7,7
48090,64,66,-2,2
48091,69,79,-10,10
48092,92,86,6,6
48093,93,85,8,8
48094,88,79,9,9
48095,11,12,-1,1
48096,132,120,12,12
48097,62,68,-6,6
48098,73,92,-19,19
48099,110,98,12,12
48100,84,86,-2,2
48101,63,55,8,8
48102,110,110,0,0
48103,61,52,9,9
48104,81,88,-7,7
48105,107,96,11,11
48106,161,138,23,23
48107,66,61,5,5
48108,59,65,-6,6
48109,115,120,-5,5
48110,113,108,5,5
48111,125,124,1,1
48112,104,106,-2,2
48113,90,85,5,5
48114,84,84,0,0
48115,101,93,8,8
48116,151,136,15,15
48117,127,118,9,9
48118,102,88,14,14
48119,85,85,0,0
48120,64,68,-4,4
48121,114,111,3,3
48122,104,95,9,9
48123,99,96,3,3
48124,60,53,7,7
48125,102,107,-5,5
48126,125,118,7,7
48127,109,122,-13,13
48128,106,98,8,8
48129,91,90,1,1
48130,54,64,-10,10
48131,86,94,-8,8
48132,108,111,-3,3
48133,61,61,0,0
48134,63,91,-28,28
48135,112,103,9,9
48136,35,37,-2,2
48137,86,85,1,1
48138,79,80,-1,1
48139,112,112,0,0
48140,180,191,-11,11
48141,94,85,9,9
48142,125,117,8,8
48143,82,79,3,3
48144,94,102,-8,8
48145,83,71,12,12
48146,93,92,1,1
48147,89,98,-9,9
48148,63,71,-8,8
48149,120,121,-1,1
48150,91,83,8,8
48151,102,113,-11,11
48152,70,70,0,0
48153,66,62,4,4
48154,73,77,-4,4
48155,122,107,15,15
48156,50,52,-2,2
48157,65,72,-7,7
48158,146,139,7,7
48159,72,74,-2,2
48160,109,97,12,12
48161,67,69,-2,2
48162,138,138,0,0
48163,78,79,-1,1
48164,143,141,2,2
48165,82,79,3,3
48166,147,143,4,4
48167,115,112,3,3
48168,107,118,-11,11
48169,60,55,5,5
48170,95,89,6,6
48171,95,86,9,9
48172,39,42,-3,3
48173,75,87,-12,12
48174,61,66,-5,5
48175,194,224,-30,30
48176,67,72,-5,5
48177,104,97,7,7
48178,79,70,9,9
48179,57,69,-12,12
48180,45,48,-3,3
48181,66,65,1,1
48182,70,74,-4,4
48183,61,72,-11,11
48184,93,83,10,10
48185,104,97,7,7
48186,122,134,-12,12
48187,64,55,9,9
48188,68,74,-6,6
48189,132,119,13,13
48190,55,52,3,3
48191,117,113,4,4
48192,89,81,8,8
48193,83,86,-3,3
48194,94,96,-2,2
48195,59,56,3,3
48196,149,136,13,13
48197,77,73,4,4
48198,92,102,-10,10
48199,84,70,14,14
48200,71,69,2,2
48201,75,66,9,9
48202,123,100,23,23
48203,108,125,-17,17
48204,90,90,0,0
48205,99,78,21,21
48206,38,50,-12,12
48207,59,70,-11,11
48208,104,98,6,6
48209,114,122,-8,8
48210,83,81,2,2
48211,182,162,20,20
48212,89,89,0,0
48213,77,64,13,13
48214,146,136,10,10
48215,74,73,1,1
48216,73,60,13,13
48217,71,77,-6,6
48218,70,64,6,6
48219,139,140,-1,1
48220,75,63,12,12
48221,110,123,-13,13
48222,106,106,0,0
48223,150,148,2,2
48224,132,122,10,10
48225,108,96,12,12
48226,56,57,-1,1
48227,133,131,2,2
48228,123,109,14,14
48229,58,54,4,4
48230,73,64,9,9
48231,118,106,12,12
48232,83,89,-6,6
48233,66,53,13,13
48234,83,80,3,3
48235,89,93,-4,4
48236,87,96,-9,9
48237,95,101,-6,6
48238,57,64,-7,7
48239,124,122,2,2
48240,136,133,3,3
48241,102,97,5,5
48242,123,124,-1,1
48243,53,55,-2,2
48244,59,72,-13,13
48245,150,137,13,13
48246,140,129,11,11
48247,88,95,-7,7
48248,140,131,9,9
48249,86,95,-9,9
48250,106,104,2,2
48251,127,135,-8,8
48252,88,74,14,14
48253,99,93,6,6
48254,83,78,5,5
48255,81,80,1,1
48256,151,141,10,10
48257,144,147,-3,3
48258,55,59,-4,4
48259,66,67,-1,1
48260,103,99,4,4
48261,100,94,6,6
48262,76,79,-3,3
48263,115,109,6,6
48264,135,128,7,7
48265,128,113,15,15
48266,163,142,21,21
48267,81,66,15,15
48268,88,84,4,4
48269,86,116,-30,30
48270,147,132,15,15
48271,179,167,12,12
48272,98,90,8,8
48273,91,79,12,12
48274,145,140,5,5
48275,53,55,-2,2
48276,122,126,-4,4
48277,79,84,-5,5
48278,118,115,3,3
48279,100,85,15,15
48280,76,69,7,7
48281,148,147,1,1
48282,55,36,19,19
48283,80,76,4,4
48284,129,146,-17,17
48285,52,63,-11,11
48286,108,106,2,2
48287,71,70,1,1
48288,49,51,-2,2
48289,111,96,15,15
48290,97,96,1,1
48291,106,88,18,18
48292,31,33,-2,2
48293,62,64,-2,2
48294,140,138,2,2
48295,102,91,11,11
48296,68,59,9,9
48297,66,66,0,0
48298,98,99,-1,1
48299,29,34,-5,5
48300,162,159,3,3
48301,68,68,0,0
48302,39,41,-2,2
48303,61,62,-1,1
48304,126,123,3,3
48305,82,61,21,21
48306,95,84,11,11
48307,86,95,-9,9
48308,91,87,4,4
48309,68,84,-16,16
48310,70,72,-2,2
48311,56,51,5,5
48312,113,108,5,5
48313,83,79,4,4
48314,185,180,5,5
48315,133,131,2,2
48316,98,91,7,7
48317,47,56,-9,9
48318,86,77,9,9
48319,115,98,17,17
48320,121,116,5,5
48321,130,131,-1,1
48322,116,119,-3,3
48323,55,58,-3,3
48324,88,84,4,4
48325,158,154,4,4
48326,208,212,-4,4
48327,104,95,9,9
48328,109,105,4,4
48329,94,92,2,2
48330,49,51,-2,2
48331,66,70,-4,4
48332,135,159,-24,24
48333,112,106,6,6
48334,75,76,-1,1
48335,99,95,4,4
48336,98,92,6,6
48337,77,86,-9,9
48338,108,103,5,5
48339,81,84,-3,3
48340,99,107,-8,8
48341,113,92,21,21
48342,68,63,5,5
48343,111,119,-8,8
48344,57,60,-3,3
48345,141,126,15,15
48346,96,90,6,6
48347,57,68,-11,11
48348,86,88,-2,2
48349,64,84,-20,20
48350,58,38,20,20
48351,68,73,-5,5
48352,79,80,-1,1
48353,128,124,4,4
48354,133,126,7,7
48355,129,130,-1,1
48356,98,104,-6,6
48357,126,110,16,16
48358,68,71,-3,3
48359,98,92,6,6
48360,76,58,18,18
48361,151,121,30,30
48362,143,142,1,1
48363,81,80,1,1
48364,154,138,16,16
48365,99,97,2,2
48366,58,59,-1,1
48367,40,39,1,1
48368,101,79,22,22
48369,88,80,8,8
48370,102,84,18,18
48371,82,76,6,6
48372,80,76,4,4
48373,77,70,7,7
48374,91,85,6,6
48375,133,125,8,8
48376,160,151,9,9
48377,137,129,8,8
48378,110,101,9,9
48379,78,65,13,13
48380,83,91,-8,8
48381,68,81,-13,13
48382,85,88,-3,3
48383,90,86,4,4
48384,51,51,0,0
48385,95,94,1,1
48386,133,122,11,11
48387,63,70,-7,7
48388,64,64,0,0
48389,64,58,6,6
48390,128,129,-1,1
48391,94,95,-1,1
48392,87,87,0,0
48393,49,49,0,0
48394,66,66,0,0
48395,53,51,2,2
48396,99,94,5,5
48397,55,57,-2,2
48398,166,164,2,2
48399,179,165,14,14
48400,100,89,11,11
48401,97,92,5,5
48402,139,128,11,11
48403,59,56,3,3
48404,175,160,15,15
48405,123,127,-4,4
48406,72,73,-1,1
48407,77,86,-9,9
48408,86,73,13,13
48409,52,57,-5,5
48410,122,135,-13,13
48411,83,79,4,4
48412,109,104,5,5
48413,123,112,11,11
48414,72,75,-3,3
48415,86,79,7,7
48416,97,107,-10,10
48417,98,90,8,8
48418,98,88,10,10
48419,72,69,3,3
48420,160,139,21,21
48421,61,65,-4,4
48422,91,89,2,2
48423,65,59,6,6
48424,145,124,21,21
48425,60,53,7,7
48426,125,105,20,20
48427,57,57,0,0
48428,117,108,9,9
48429,104,100,4,4
48430,141,131,10,10
48431,65,66,-1,1
48432,78,66,12,12
48433,74,72,2,2
48434,82,80,2,2
48435,83,78,5,5
48436,79,75,4,4
48437,79,74,5,5
48438,73,76,-3,3
48439,154,126,28,28
48440,89,87,2,2
48441,83,87,-4,4
48442,79,74,5,5
48443,167,148,19,19
48444,103,115,-12,12
48445,89,84,5,5
48446,199,187,12,12
48447,63,68,-5,5
48448,67,61,6,6
48449,152,173,-21,21
48450,98,102,-4,4
48451,78,73,5,5
48452,78,74,4,4
48453,119,124,-5,5
48454,93,98,-5,5
48455,121,120,1,1
48456,105,85,20,20
48457,184,145,39,39
48458,60,61,-1,1
48459,167,144,23,23
48460,51,55,-4,4
48461,114,120,-6,6
48462,59,55,4,4
48463,98,107,-9,9
48464,62,66,-4,4
48465,74,61,13,13
48466,87,79,8,8
48467,84,81,3,3
48468,63,54,9,9
48469,103,88,15,15
48470,133,117,16,16
48471,125,109,16,16
48472,137,136,1,1
48473,82,73,9,9
48474,145,130,15,15
48475,111,114,-3,3
48476,117,109,8,8
48477,61,58,3,3
48478,107,112,-5,5
48479,127,118,9,9
48480,50,52,-2,2
48481,75,68,7,7
48482,173,167,6,6
48483,162,148,14,14
48484,72,89,-17,17
48485,104,104,0,0
48486,84,83,1,1
48487,84,79,5,5
48488,99,102,-3,3
48489,109,109,0,0
48490,125,123,2,2
48491,100,92,8,8
48492,108,109,-1,1
48493,118,120,-2,2
48494,70,79,-9,9
48495,67,63,4,4
48496,39,41,-2,2
48497,87,86,1,1
48498,71,86,-15,15
48499,65,65,0,0
48500,185,169,16,16
48501,89,82,7,7
48502,94,86,8,8
48503,68,67,1,1
48504,66,63,3,3
48505,126,116,10,10
48506,99,99,0,0
48507,100,94,6,6
48508,85,89,-4,4
48509,38,54,-16,16
48510,170,152,18,18
48511,109,92,17,17
48512,90,83,7,7
48513,58,57,1,1
48514,52,49,3,3
48515,162,185,-23,23
48516,60,65,-5,5
48517,99,86,13,13
48518,80,81,-1,1
48519,82,93,-11,11
48520,112,106,6,6
48521,81,68,13,13
48522,112,134,-22,22
48523,160,142,18,18
48524,44,46,-2,2
48525,60,56,4,4
48526,87,77,10,10
48527,66,56,10,10
48528,54,48,6,6
48529,158,144,14,14
48530,125,122,3,3
48531,61,60,1,1
48532,179,150,29,29
48533,174,156,18,18
48534,86,93,-7,7
48535,86,95,-9,9
48536,79,105,-26,26
48537,60,68,-8,8
48538,78,71,7,7
48539,128,125,3,3
48540,111,102,9,9
48541,98,91,7,7
48542,142,111,31,31
48543,65,67,-2,2
48544,142,125,17,17
48545,176,165,11,11
48546,88,78,10,10
48547,165,156,9,9
48548,85,88,-3,3
48549,85,79,6,6
48550,88,90,-2,2
48551,97,104,-7,7
48552,125,115,10,10
48553,99,96,3,3
48554,83,72,11,11
48555,97,81,16,16
48556,96,89,7,7
48557,62,67,-5,5
48558,99,107,-8,8
48559,57,60,-3,3
48560,77,79,-2,2
48561,77,75,2,2
48562,104,121,-17,17
48563,114,101,13,13
48564,94,86,8,8
48565,67,94,-27,27
48566,112,106,6,6
48567,128,119,9,9
48568,93,97,-4,4
48569,115,125,-10,10
48570,63,68,-5,5
48571,67,66,1,1
48572,136,146,-10,10
48573,96,104,-8,8
48574,97,104,-7,7
48575,97,101,-4,4
48576,100,91,9,9
48577,60,63,-3,3
48578,155,157,-2,2
48579,80,91,-11,11
48580,92,102,-10,10
48581,130,125,5,5
48582,139,114,25,25
48583,121,116,5,5
48584,58,66,-8,8
48585,73,79,-6,6
48586,98,101,-3,3
48587,95,102,-7,7
48588,126,113,13,13
48589,112,98,14,14
48590,82,87,-5,5
48591,105,99,6,6
48592,68,84,-16,16
48593,67,77,-10,10
48594,121,120,1,1
48595,164,140,24,24
48596,107,105,2,2
48597,110,107,3,3
48598,125,122,3,3
48599,71,63,8,8
48600,77,79,-2,2
48601,97,93,4,4
48602,114,123,-9,9
48603,140,139,1,1
48604,57,57,0,0
48605,99,92,7,7
48606,99,94,5,5
48607,52,50,2,2
48608,83,73,10,10
48609,173,267,-94,94
48610,94,100,-6,6
48611,47,54,-7,7
48612,58,67,-9,9
48613,61,73,-12,12
48614,82,95,-13,13
48615,53,62,-9,9
48616,53,53,0,0
48617,77,77,0,0
48618,88,93,-5,5
48619,74,77,-3,3
48620,74,60,14,14
48621,150,138,12,12
48622,135,142,-7,7
48623,176,186,-10,10
48624,53,62,-9,9
48625,140,132,8,8
48626,106,117,-11,11
48627,189,179,10,10
48628,104,104,0,0
48629,71,85,-14,14
48630,66,64,2,2
48631,82,93,-11,11
48632,111,122,-11,11
48633,114,99,15,15
48634,140,135,5,5
48635,95,103,-8,8
48636,152,156,-4,4
48637,101,103,-2,2
48638,67,58,9,9
48639,47,43,4,4
48640,73,81,-8,8
48641,84,99,-15,15
48642,92,77,15,15
48643,157,154,3,3
48644,128,128,0,0
48645,96,117,-21,21
48646,91,89,2,2
48647,92,82,10,10
48648,132,129,3,3
48649,170,161,9,9
48650,103,87,16,16
48651,46,57,-11,11
48652,123,103,20,20
48653,91,84,7,7
48654,111,107,4,4
48655,144,143,1,1
48656,73,74,-1,1
48657,116,108,8,8
48658,137,152,-15,15
48659,131,132,-1,1
48660,37,43,-6,6
48661,84,77,7,7
48662,91,86,5,5
48663,175,173,2,2
48664,137,122,15,15
48665,91,85,6,6
48666,41,47,-6,6
48667,88,77,11,11
48668,86,78,8,8
48669,67,70,-3,3
48670,181,172,9,9
48671,108,99,9,9
48672,51,43,8,8
48673,145,136,9,9
48674,87,87,0,0
48675,42,44,-2,2
48676,92,90,2,2
48677,196,178,18,18
48678,43,44,-1,1
48679,108,110,-2,2
48680,131,115,16,16
48681,105,103,2,2
48682,77,78,-1,1
48683,80,76,4,4
48684,144,124,20,20
48685,120,129,-9,9
48686,70,75,-5,5
48687,62,63,-1,1
48688,40,36,4,4
48689,80,70,10,10
48690,93,83,10,10
48691,41,53,-12,12
48692,90,97,-7,7
48693,82,72,10,10
48694,85,82,3,3
48695,103,91,12,12
48696,119,113,6,6
48697,65,69,-4,4
48698,85,81,4,4
48699,114,102,12,12
48700,95,86,9,9
48701,39,38,1,1
48702,89,81,8,8
48703,116,114,2,2
48704,133,133,0,0
48705,76,74,2,2
48706,146,131,15,15
48707,55,60,-5,5
48708,170,172,-2,2
48709,76,67,9,9
48710,89,87,2,2
48711,76,95,-19,19
48712,107,97,10,10
48713,69,61,8,8
48714,94,101,-7,7
48715,106,101,5,5
48716,91,77,14,14
48717,158,154,4,4
48718,110,108,2,2
48719,69,70,-1,1
48720,90,84,6,6
48721,99,86,13,13
48722,74,72,2,2
48723,94,96,-2,2
48724,70,80,-10,10
48725,81,95,-14,14
48726,136,141,-5,5
48727,89,90,-1,1
48728,113,106,7,7
48729,110,100,10,10
48730,137,128,9,9
48731,100,94,6,6
48732,114,116,-2,2
48733,122,106,16,16
48734,27,19,8,8
48735,105,113,-8,8
48736,65,69,-4,4
48737,120,117,3,3
48738,68,73,-5,5
48739,158,143,15,15
48740,76,73,3,3
48741,123,116,7,7
48742,71,69,2,2
48743,86,93,-7,7
48744,68,79,-11,11
48745,118,111,7,7
48746,36,44,-8,8
48747,26,23,3,3
48748,55,51,4,4
48749,87,84,3,3
48750,117,106,11,11
48751,36,44,-8,8
48752,112,105,7,7
48753,73,65,8,8
48754,93,93,0,0
48755,122,108,14,14
48756,117,110,7,7
48757,116,123,-7,7
48758,95,92,3,3
48759,51,46,5,5
48760,81,83,-2,2
48761,88,82,6,6
48762,62,65,-3,3
48763,84,75,9,9
48764,69,70,-1,1
48765,62,64,-2,2
48766,101,105,-4,4
48767,112,111,1,1
48768,182,173,9,9
48769,51,60,-9,9
48770,89,83,6,6
48771,123,127,-4,4
48772,91,79,12,12
48773,67,75,-8,8
48774,150,136,14,14
48775,61,67,-6,6
48776,107,101,6,6
48777,53,61,-8,8
48778,79,81,-2,2
48779,143,147,-4,4
48780,115,118,-3,3
48781,66,68,-2,2
48782,104,96,8,8
48783,154,158,-4,4
48784,96,94,2,2
48785,165,154,11,11
48786,124,127,-3,3
48787,108,99,9,9
48788,106,112,-6,6
48789,124,145,-21,21
48790,91,97,-6,6
48791,98,113,-15,15
48792,74,79,-5,5
48793,146,145,1,1
48794,136,141,-5,5
48795,96,109,-13,13
48796,117,115,2,2
48797,113,104,9,9
48798,118,109,9,9
48799,151,123,28,28
48800,157,154,3,3
48801,98,82,16,16
48802,136,137,-1,1
48803,119,121,-2,2
48804,66,67,-1,1
48805,144,129,15,15
48806,118,115,3,3
48807,186,180,6,6
48808,91,86,5,5
48809,99,92,7,7
48810,78,75,3,3
48811,81,89,-8,8
48812,77,83,-6,6
48813,51,54,-3,3
48814,81,79,2,2
48815,110,110,0,0
48816,83,83,0,0
48817,75,86,-11,11
48818,73,73,0,0
48819,113,108,5,5
48820,84,82,2,2
48821,94,94,0,0
48822,77,91,-14,14
48823,101,97,4,4
48824,100,88,12,12
48825,68,64,4,4
48826,65,67,-2,2
48827,159,158,1,1
48828,66,75,-9,9
48829,149,123,26,26
48830,81,97,-16,16
48831,56,57,-1,1
48832,149,161,-12,12
48833,56,54,2,2
48834,110,108,2,2
48835,61,59,2,2
48836,57,53,4,4
48837,107,109,-2,2
48838,58,59,-1,1
48839,106,97,9,9
48840,145,123,22,22
48841,70,68,2,2
48842,115,115,0,0
48843,106,96,10,10
48844,144,141,3,3
48845,129,116,13,13
48846,127,132,-5,5
48847,223,188,35,35
48848,147,147,0,0
48849,95,84,11,11
48850,34,34,0,0
48851,66,62,4,4
48852,88,94,-6,6
48853,91,87,4,4
48854,90,92,-2,2
48855,131,129,2,2
48856,61,68,-7,7
48857,66,59,7,7
48858,125,129,-4,4
48859,69,60,9,9
48860,73,84,-11,11
48861,87,78,9,9
48862,89,80,9,9
48863,69,73,-4,4
48864,114,117,-3,3
48865,64,66,-2,2
48866,146,135,11,11
48867,93,94,-1,1
48868,54,62,-8,8
48869,171,187,-16,16
48870,63,69,-6,6
48871,70,69,1,1
48872,61,71,-10,10
48873,75,75,0,0
48874,158,127,31,31
48875,65,79,-14,14
48876,93,95,-2,2
48877,97,87,10,10
48878,126,102,24,24
48879,122,116,6,6
48880,128,127,1,1
48881,109,106,3,3
48882,90,80,10,10
48883,167,157,10,10
48884,79,66,13,13
48885,56,63,-7,7
48886,117,107,10,10
48887,80,83,-3,3
48888,48,50,-2,2
48889,72,72,0,0
48890,69,67,2,2
48891,105,101,4,4
48892,103,97,6,6
48893,94,84,10,10
48894,91,84,7,7
48895,117,113,4,4
48896,168,200,-32,32
48897,60,61,-1,1
48898,93,97,-4,4
48899,110,104,6,6
48900,61,60,1,1
48901,133,124,9,9
48902,124,117,7,7
48903,131,124,7,7
48904,81,81,0,0
48905,78,74,4,4
48906,117,112,5,5
48907,116,114,2,2
48908,75,77,-2,2
48909,50,55,-5,5
48910,76,69,7,7
48911,120,109,11,11
48912,96,92,4,4
48913,99,114,-15,15
48914,163,148,15,15
48915,136,134,2,2
48916,150,139,11,11
48917,87,101,-14,14
48918,116,114,2,2
48919,127,127,0,0
48920,73,66,7,7
48921,110,108,2,2
48922,65,62,3,3
48923,74,75,-1,1
48924,98,85,13,13
48925,74,68,6,6
48926,105,104,1,1
48927,92,93,-1,1
48928,80,81,-1,1
48929,111,111,0,0
48930,93,99,-6,6
48931,69,62,7,7
48932,76,84,-8,8
48933,59,52,7,7
48934,127,120,7,7
48935,45,48,-3,3
48936,100,80,20,20
48937,111,109,2,2
48938,165,198,-33,33
48939,161,175,-14,14
48940,108,107,1,1
48941,85,73,12,12
48942,131,131,0,0
48943,28,38,-10,10
48944,92,83,9,9
48945,55,51,4,4
48946,134,129,5,5
48947,112,102,10,10
48948,123,107,16,16
48949,137,134,3,3
48950,72,82,-10,10
48951,116,109,7,7
48952,136,115,21,21
48953,122,124,-2,2
48954,120,114,6,6
48955,85,77,8,8
48956,98,107,-9,9
48957,108,121,-13,13
48958,95,95,0,0
48959,71,67,4,4
48960,160,129,31,31
48961,112,121,-9,9
48962,98,94,4,4
48963,72,68,4,4
48964,102,100,2,2
48965,95,84,11,11
48966,130,115,15,15
48967,96,92,4,4
48968,123,115,8,8
48969,100,102,-2,2
48970,172,174,-2,2
48971,55,58,-3,3
48972,60,67,-7,7
48973,101,100,1,1
48974,90,101,-11,11
48975,76,88,-12,12
48976,80,86,-6,6
48977,100,102,-2,2
48978,61,67,-6,6
48979,75,76,-1,1
48980,81,96,-15,15
48981,121,117,4,4
48982,81,82,-1,1
48983,139,141,-2,2
48984,86,71,15,15
48985,94,84,10,10
48986,121,118,3,3
48987,83,80,3,3
48988,127,127,0,0
48989,49,64,-15,15
48990,83,88,-5,5
48991,76,62,14,14
48992,113,105,8,8
48993,73,68,5,5
48994,85,82,3,3
48995,97,92,5,5
48996,82,75,7,7
48997,103,102,1,1
48998,68,68,0,0
48999,65,58,7,7
49000,46,50,-4,4
49001,108,105,3,3
49002,96,100,-4,4
49003,133,124,9,9
49004,97,101,-4,4
49005,62,62,0,0
49006,95,92,3,3
49007,132,119,13,13
49008,164,151,13,13
49009,62,59,3,3
49010,81,83,-2,2
49011,91,90,1,1
49012,73,70,3,3
49013,73,67,6,6
49014,105,109,-4,4
49015,75,79,-4,4
49016,73,68,5,5
49017,94,106,-12,12
49018,112,117,-5,5
49019,107,94,13,13
49020,79,75,4,4
49021,128,135,-7,7
49022,100,101,-1,1
49023,68,77,-9,9
49024,84,70,14,14
49025,115,136,-21,21
49026,68,71,-3,3
49027,50,50,0,0
49028,80,79,1,1
49029,71,75,-4,4
49030,115,117,-2,2
49031,103,112,-9,9
49032,112,104,8,8
49033,95,90,5,5
49034,132,131,1,1
49035,108,111,-3,3
49036,89,94,-5,5
49037,96,85,11,11
49038,110,108,2,2
49039,103,190,-87,87
49040,113,103,10,10
49041,72,78,-6,6
49042,85,86,-1,1
49043,106,101,5,5
49044,101,100,1,1
49045,117,120,-3,3
49046,67,72,-5,5
49047,82,81,1,1
49048,61,60,1,1
49049,64,66,-2,2
49050,86,83,3,3
49051,89,84,5,5
49052,49,50,-1,1
49053,136,119,17,17
49054,137,123,14,14
49055,79,72,7,7
49056,127,113,14,14
49057,130,125,5,5
49058,119,133,-14,14
49059,83,76,7,7
49060,98,98,0,0
49061,124,121,3,3
49062,72,82,-10,10
49063,114,119,-5,5
49064,144,133,11,11
49065,117,105,12,12
49066,68,64,4,4
49067,41,47,-6,6
49068,88,90,-2,2
49069,156,148,8,8
49070,85,86,-1,1
49071,99,97,2,2
49072,71,89,-18,18
49073,152,138,14,14
49074,86,82,4,4
49075,95,83,12,12
49076,100,94,6,6
49077,99,100,-1,1
49078,137,120,17,17
49079,78,67,11,11
49080,142,133,9,9
49081,80,85,-5,5
49082,70,78,-8,8
49083,112,110,2,2
49084,116,119,-3,3
49085,76,88,-12,12
49086,128,120,8,8
49087,101,100,1,1
49088,111,103,8,8
49089,71,77,-6,6
49090,129,124,5,5
49091,170,162,8,8
49092,136,118,18,18
49093,105,97,8,8
49094,117,103,14,14
49095,102,92,10,10
49096,77,78,-1,1
49097,103,100,3,3
49098,53,53,0,0
49099,94,100,-6,6
49100,73,69,4,4
49101,65,65,0,0
49102,107,121,-14,14
49103,78,85,-7,7
49104,83,81,2,2
49105,117,115,2,2
49106,33,33,0,0
49107,97,95,2,2
49108,119,118,1,1
49109,74,68,6,6
49110,96,86,10,10
49111,113,114,-1,1
49112,68,77,-9,9
49113,78,77,1,1
49114,123,106,17,17
49115,121,124,-3,3
49116,74,71,3,3
49117,100,90,10,10
49118,71,71,0,0
49119,46,45,1,1
49120,90,91,-1,1
49121,63,70,-7,7
49122,94,75,19,19
49123,83,83,0,0
49124,86,79,7,7
49125,116,116,0,0
49126,107,94,13,13
49127,111,119,-8,8
49128,211,224,-13,13
49129,71,64,7,7
49130,57,63,-6,6
49131,135,129,6,6
49132,111,109,2,2
49133,97,89,8,8
49134,139,131,8,8
49135,96,101,-5,5
49136,91,90,1,1
49137,131,136,-5,5
49138,134,128,6,6
49139,81,81,0,0
49140,123,114,9,9
49141,122,125,-3,3
49142,149,143,6,6
49143,122,114,8,8
49144,114,96,18,18
49145,112,100,12,12
49146,110,99,11,11
49147,111,113,-2,2
49148,50,57,-7,7
49149,52,47,5,5
49150,119,126,-7,7
49151,67,58,9,9
49152,135,144,-9,9
49153,81,73,8,8
49154,122,105,17,17
49155,130,122,8,8
49156,60,61,-1,1
49157,108,118,-10,10
49158,97,94,3,3
49159,50,60,-10,10
49160,77,72,5,5
49161,106,89,17,17
49162,100,102,-2,2
49163,70,72,-2,2
49164,99,104,-5,5
49165,108,121,-13,13
49166,138,123,15,15
49167,132,129,3,3
49168,73,79,-6,6
49169,73,83,-10,10
49170,111,98,13,13
49171,101,99,2,2
49172,123,125,-2,2
49173,80,108,-28,28
49174,56,54,2,2
49175,101,86,15,15
49176,119,112,7,7
49177,125,143,-18,18
49178,107,103,4,4
49179,141,135,6,6
49180,110,107,3,3
49181,91,77,14,14
49182,67,71,-4,4
49183,91,98,-7,7
49184,62,69,-7,7
49185,66,61,5,5
49186,51,65,-14,14
49187,26,38,-12,12
49188,112,110,2,2
49189,85,77,8,8
49190,173,156,17,17
49191,65,64,1,1
49192,71,76,-5,5
49193,48,53,-5,5
49194,113,104,9,9
49195,111,110,1,1
49196,76,79,-3,3
49197,72,81,-9,9
49198,104,97,7,7
49199,113,103,10,10
49200,80,75,5,5
49201,129,137,-8,8
49202,80,75,5,5
49203,99,100,-1,1
49204,98,97,1,1
49205,186,187,-1,1
49206,84,82,2,2
49207,46,46,0,0
49208,81,91,-10,10
49209,62,56,6,6
49210,85,82,3,3
49211,63,62,1,1
49212,114,118,-4,4
49213,91,87,4,4
49214,100,111,-11,11
49215,53,43,10,10
49216,127,111,16,16
49217,93,84,9,9
49218,59,64,-5,5
49219,52,50,2,2
49220,100,94,6,6
49221,73,81,-8,8
49222,110,112,-2,2
49223,88,71,17,17
49224,87,82,5,5
49225,53,61,-8,8
49226,96,96,0,0
49227,70,75,-5,5
49228,80,85,-5,5
49229,80,71,9,9
49230,78,69,9,9
49231,45,43,2,2
49232,97,89,8,8
49233,172,162,10,10
49234,92,92,0,0
49235,72,69,3,3
49236,125,132,-7,7
49237,72,69,3,3
49238,156,146,10,10
49239,61,57,4,4
49240,118,118,0,0
49241,89,102,-13,13
49242,126,103,23,23
49243,121,101,20,20
49244,63,68,-5,5
49245,96,86,10,10
49246,123,112,11,11
49247,80,87,-7,7
49248,120,122,-2,2
49249,75,71,4,4
49250,128,124,4,4
49251,166,173,-7,7
49252,129,127,2,2
49253,74,78,-4,4
49254,70,76,-6,6
49255,75,75,0,0
49256,115,105,10,10
49257,109,102,7,7
49258,86,93,-7,7
49259,90,79,11,11
49260,95,93,2,2
49261,102,107,-5,5
49262,178,162,16,16
49263,140,128,12,12
49264,148,142,6,6
49265,75,78,-3,3
49266,94,82,12,12
49267,83,89,-6,6
49268,184,184,0,0
49269,98,89,9,9
49270,36,38,-2,2
49271,68,70,-2,2
49272,88,86,2,2
49273,71,65,6,6
49274,80,78,2,2
49275,81,87,-6,6
49276,98,106,-8,8
49277,99,89,10,10
49278,41,46,-5,5
49279,51,52,-1,1
49280,161,154,7,7
49281,76,74,2,2
49282,103,94,9,9
49283,86,83,3,3
49284,111,104,7,7
49285,132,119,13,13
49286,91,73,18,18
49287,114,106,8,8
49288,106,102,4,4
49289,140,136,4,4
49290,54,49,5,5
49291,231,213,18,18
49292,74,79,-5,5
49293,59,56,3,3
49294,149,131,18,18
49295,98,83,15,15
49296,96,99,-3,3
49297,98,101,-3,3
49298,29,35,-6,6
49299,80,74,6,6
49300,115,106,9,9
49301,75,66,9,9
49302,93,94,-1,1
49303,86,84,2,2
49304,67,65,2,2
49305,56,61,-5,5
49306,120,119,1,1
49307,188,158,30,30
49308,31,37,-6,6
49309,51,58,-7,7
49310,55,63,-8,8
49311,81,83,-2,2
49312,75,76,-1,1
49313,63,61,2,2
49314,85,81,4,4
49315,32,33,-1,1
49316,83,83,0,0
49317,86,94,-8,8
49318,122,99,23,23
49319,46,50,-4,4
49320,122,109,13,13
49321,101,107,-6,6
49322,55,65,-10,10
49323,80,77,3,3
49324,106,102,4,4
49325,79,90,-11,11
49326,143,144,-1,1
49327,124,118,6,6
49328,128,132,-4,4
49329,88,93,-5,5
49330,98,98,0,0
49331,207,194,13,13
49332,133,121,12,12
49333,46,47,-1,1
49334,115,119,-4,4
49335,75,58,17,17
49336,93,85,8,8
49337,99,108,-9,9
49338,107,110,-3,3
49339,99,95,4,4
49340,78,69,9,9
49341,104,85,19,19
49342,112,114,-2,2
49343,75,74,1,1
49344,84,91,-7,7
49345,87,95,-8,8
49346,83,74,9,9
49347,151,136,15,15
49348,23,32,-9,9
49349,168,157,11,11
49350,62,60,2,2
49351,65,66,-1,1
49352,68,66,2,2
49353,110,114,-4,4
49354,159,145,14,14
49355,44,46,-2,2
49356,144,139,5,5
49357,71,71,0,0
49358,71,75,-4,4
49359,131,118,13,13
49360,148,93,55,55
49361,116,115,1,1
49362,117,107,10,10
49363,116,121,-5,5
49364,95,87,8,8
49365,59,69,-10,10
49366,41,38,3,3
49367,80,90,-10,10
49368,66,69,-3,3
49369,98,92,6,6
49370,186,176,10,10
49371,109,103,6,6
49372,97,125,-28,28
49373,74,74,0,0
49374,113,115,-2,2
49375,61,59,2,2
49376,108,105,3,3
49377,123,106,17,17
49378,78,83,-5,5
49379,57,63,-6,6
49380,42,37,5,5
49381,118,126,-8,8
49382,59,63,-4,4
49383,96,103,-7,7
49384,69,75,-6,6
49385,94,80,14,14
49386,84,89,-5,5
49387,182,175,7,7
49388,44,48,-4,4
49389,74,81,-7,7
49390,84,72,12,12
49391,173,157,16,16
49392,73,78,-5,5
49393,67,60,7,7
49394,84,81,3,3
49395,106,104,2,2
49396,80,84,-4,4
49397,79,88,-9,9
49398,61,61,0,0
49399,73,85,-12,12
49400,50,53,-3,3
49401,94,85,9,9
49402,86,91,-5,5
49403,71,61,10,10
49404,60,71,-11,11
49405,126,119,7,7
49406,60,60,0,0
49407,65,64,1,1
49408,83,74,9,9
49409,47,43,4,4
49410,234,197,37,37
49411,101,87,14,14
49412,111,106,5,5
49413,65,59,6,6
49414,50,59,-9,9
49415,63,69,-6,6
49416,121,129,-8,8
49417,63,46,17,17
49418,105,99,6,6
49419,51,64,-13,13
49420,85,73,12,12
49421,154,127,27,27
49422,130,117,13,13
49423,95,88,7,7
49424,55,53,2,2
49425,95,95,0,0
49426,154,150,4,4
49427,109,101,8,8
49428,57,67,-10,10
49429,109,99,10,10
49430,125,96,29,29
49431,85,83,2,2
49432,76,69,7,7
49433,66,79,-13,13
49434,89,82,7,7
49435,64,64,0,0
49436,46,49,-3,3
49437,79,74,5,5
49438,114,111,3,3
49439,73,61,12,12
49440,130,129,1,1
49441,78,64,14,14
49442,62,74,-12,12
49443,49,53,-4,4
49444,65,68,-3,3
49445,66,63,3,3
49446,72,78,-6,6
49447,81,84,-3,3
49448,131,128,3,3
49449,113,113,0,0
49450,103,99,4,4
49451,60,55,5,5
49452,61,60,1,1
49453,62,67,-5,5
49454,79,74,5,5
49455,111,124,-13,13
49456,108,99,9,9
49457,124,107,17,17
49458,93,108,-15,15
49459,121,121,0,0
49460,49,48,1,1
49461,72,75,-3,3
49462,86,67,19,19
49463,64,63,1,1
49464,95,83,12,12
49465,108,112,-4,4
49466,148,137,11,11
49467,71,62,9,9
49468,85,103,-18,18
49469,72,72,0,0
49470,107,103,4,4
49471,121,105,16,16
49472,119,118,1,1
49473,81,98,-17,17
49474,94,93,1,1
49475,147,117,30,30
49476,101,98,3,3
49477,106,105,1,1
49478,59,61,-2,2
49479,70,67,3,3
49480,52,49,3,3
49481,89,89,0,0
49482,128,115,13,13
49483,111,114,-3,3
49484,146,143,3,3
49485,49,52,-3,3
49486,110,101,9,9
49487,119,105,14,14
49488,96,95,1,1
49489,119,109,10,10
49490,140,140,0,0
49491,124,122,2,2
49492,90,84,6,6
49493,68,74,-6,6
49494,92,92,0,0
49495,163,152,11,11
49496,77,72,5,5
49497,103,99,4,4
49498,126,109,17,17
49499,70,74,-4,4
49500,127,115,12,12
49501,76,79,-3,3
49502,138,131,7,7
49503,88,97,-9,9
49504,58,78,-20,20
49505,68,60,8,8
49506,146,129,17,17
49507,139,138,1,1
49508,71,76,-5,5
49509,143,127,16,16
49510,123,118,5,5
49511,55,56,-1,1
49512,93,98,-5,5
49513,74,94,-20,20
49514,122,119,3,3
49515,79,84,-5,5
49516,75,74,1,1
49517,72,82,-10,10
49518,122,120,2,2
49519,82,78,4,4
49520,66,71,-5,5
49521,67,66,1,1
49522,62,70,-8,8
49523,108,96,12,12
49524,82,85,-3,3
49525,93,96,-3,3
49526,57,60,-3,3
49527,73,69,4,4
49528,116,94,22,22
49529,97,85,12,12
49530,107,105,2,2
49531,69,69,0,0
49532,118,116,2,2
49533,112,108,4,4
49534,75,81,-6,6
49535,128,126,2,2
49536,96,89,7,7
49537,81,82,-1,1
49538,149,145,4,4
49539,65,70,-5,5
49540,28,23,5,5
49541,92,93,-1,1
49542,82,72,10,10
49543,65,88,-23,23
49544,130,130,0,0
49545,85,83,2,2
49546,105,104,1,1
49547,119,121,-2,2
49548,124,102,22,22
49549,89,85,4,4
49550,52,58,-6,6
49551,95,83,12,12
49552,111,121,-10,10
49553,110,89,21,21
49554,104,92,12,12
49555,107,116,-9,9
49556,79,76,3,3
49557,98,90,8,8
49558,113,103,10,10
49559,59,65,-6,6
49560,86,80,6,6
49561,40,45,-5,5
49562,59,54,5,5
49563,108,103,5,5
49564,49,68,-19,19
49565,86,74,12,12
49566,84,78,6,6
49567,93,86,7,7
49568,74,74,0,0
49569,73,76,-3,3
49570,89,96,-7,7
49571,83,90,-7,7
49572,94,110,-16,16
49573,103,89,14,14
49574,117,113,4,4
49575,162,153,9,9
49576,72,80,-8,8
49577,107,101,6,6
49578,122,115,7,7
49579,108,110,-2,2
49580,96,78,18,18
49581,98,88,10,10
49582,111,111,0,0
49583,51,49,2,2
49584,70,78,-8,8
49585,64,65,-1,1
49586,47,47,0,0
49587,45,47,-2,2
49588,69,86,-17,17
49589,91,90,1,1
49590,77,59,18,18
49591,83,78,5,5
49592,73,62,11,11
49593,70,73,-3,3
49594,228,187,41,41
49595,50,49,1,1
49596,69,75,-6,6
49597,88,88,0,0
49598,76,71,5,5
49599,80,72,8,8
49600,73,74,-1,1
49601,86,95,-9,9
49602,103,115,-12,12
49603,135,127,8,8
49604,75,83,-8,8
49605,78,86,-8,8
49606,114,99,15,15
49607,112,119,-7,7
49608,66,69,-3,3
49609,94,82,12,12
49610,86,75,11,11
49611,86,85,1,1
49612,115,119,-4,4
49613,81,70,11,11
49614,96,99,-3,3
49615,100,99,1,1
49616,137,127,10,10
49617,71,71,0,0
49618,77,84,-7,7
49619,102,86,16,16
49620,83,85,-2,2
49621,87,77,10,10
49622,123,100,23,23
49623,65,69,-4,4
49624,59,67,-8,8
49625,98,98,0,0
49626,127,125,2,2
49627,141,122,19,19
49628,55,48,7,7
49629,63,66,-3,3
49630,102,95,7,7
49631,63,68,-5,5
49632,108,96,12,12
49633,105,99,6,6
49634,57,52,5,5
49635,64,53,11,11
49636,83,77,6,6
49637,97,95,2,2
49638,97,94,3,3
49639,84,88,-4,4
49640,117,107,10,10
49641,99,83,16,16
49642,106,106,0,0
49643,101,97,4,4
49644,91,76,15,15
49645,131,132,-1,1
49646,162,157,5,5
49647,81,77,4,4
49648,56,54,2,2
49649,120,90,30,30
49650,103,90,13,13
49651,43,40,3,3
49652,59,62,-3,3
49653,90,81,9,9
49654,116,111,5,5
49655,55,46,9,9
49656,97,82,15,15
49657,99,86,13,13
49658,52,61,-9,9
49659,32,31,1,1
49660,91,98,-7,7
49661,92,97,-5,5
49662,52,59,-7,7
49663,159,141,18,18
49664,144,136,8,8
49665,115,117,-2,2
49666,44,40,4,4
49667,114,112,2,2
49668,183,169,14,14
49669,94,88,6,6
49670,82,94,-12,12
49671,85,61,24,24
49672,71,66,5,5
49673,151,142,9,9
49674,98,100,-2,2
49675,116,114,2,2
49676,108,98,10,10
49677,85,81,4,4
49678,96,98,-2,2
49679,94,93,1,1
49680,59,66,-7,7
49681,81,84,-3,3
49682,125,119,6,6
49683,64,76,-12,12
49684,106,102,4,4
49685,89,89,0,0
49686,91,84,7,7
49687,72,58,14,14
49688,69,75,-6,6
49689,94,85,9,9
49690,133,124,9,9
49691,115,116,-1,1
49692,92,89,3,3
49693,171,164,7,7
49694,108,105,3,3
49695,102,109,-7,7
49696,133,140,-7,7
49697,89,81,8,8
49698,93,84,9,9
49699,39,53,-14,14
49700,119,107,12,12
49701,116,111,5,5
49702,71,62,9,9
49703,121,122,-1,1
49704,109,97,12,12
49705,121,103,18,18
49706,87,89,-2,2
49707,73,88,-15,15
49708,103,91,12,12
49709,50,61,-11,11
49710,53,50,3,3
49711,94,92,2,2
49712,143,154,-11,11
49713,68,64,4,4
49714,148,134,14,14
49715,54,58,-4,4
49716,121,107,14,14
49717,116,114,2,2
49718,91,96,-5,5
49719,74,69,5,5
49720,68,61,7,7
49721,129,115,14,14
49722,69,68,1,1
49723,43,51,-8,8
49724,125,113,12,12
49725,101,105,-4,4
49726,188,167,21,21
49727,135,118,17,17
49728,57,61,-4,4
49729,96,97,-1,1
49730,68,68,0,0
49731,154,128,26,26
49732,101,93,8,8
49733,48,52,-4,4
49734,62,69,-7,7
49735,182,162,20,20
49736,83,91,-8,8
49737,52,56,-4,4
49738,97,83,14,14
49739,108,109,-1,1
49740,90,102,-12,12
49741,88,82,6,6
49742,109,103,6,6
49743,84,95,-11,11
49744,93,98,-5,5
49745,87,84,3,3
49746,75,74,1,1
49747,77,75,2,2
49748,159,146,13,13
49749,56,59,-3,3
49750,135,109,26,26
49751,42,46,-4,4
49752,42,37,5,5
49753,82,97,-15,15
49754,106,87,19,19
49755,98,104,-6,6
49756,59,59,0,0
49757,158,136,22,22
49758,109,124,-15,15
49759,93,94,-1,1
49760,174,162,12,12
49761,91,91,0,0
49762,138,116,22,22
49763,104,101,3,3
49764,92,91,1,1
49765,67,70,-3,3
49766,87,94,-7,7
49767,135,123,12,12
49768,102,92,10,10
49769,164,156,8,8
49770,67,72,-5,5
49771,106,96,10,10
49772,88,98,-10,10
49773,109,103,6,6
49774,97,83,14,14
49775,49,47,2,2
49776,124,116,8,8
49777,64,61,3,3
49778,160,147,13,13
49779,108,104,4,4
49780,71,75,-4,4
49781,108,99,9,9
49782,87,85,2,2
49783,181,166,15,15
49784,100,86,14,14
49785,52,55,-3,3
49786,128,119,9,9
49787,84,84,0,0
49788,123,112,11,11
49789,131,127,4,4
49790,113,110,3,3
49791,127,119,8,8
49792,85,83,2,2
49793,71,73,-2,2
49794,108,107,1,1
49795,74,70,4,4
49796,160,136,24,24
49797,72,81,-9,9
49798,75,72,3,3
49799,122,120,2,2
49800,85,75,10,10
49801,74,78,-4,4
49802,44,78,-34,34
49803,110,119,-9,9
49804,64,70,-6,6
49805,40,51,-11,11
49806,124,108,16,16
49807,88,89,-1,1
49808,123,118,5,5
49809,122,125,-3,3
49810,122,117,5,5
49811,104,85,19,19
49812,100,116,-16,16
49813,83,70,13,13
49814,50,63,-13,13
49815,93,88,5,5
49816,91,82,9,9
49817,78,81,-3,3
49818,121,117,4,4
49819,90,89,1,1
49820,53,57,-4,4
49821,112,99,13,13
49822,82,80,2,2
49823,167,156,11,11
49824,97,97,0,0
49825,63,57,6,6
49826,112,111,1,1
49827,102,76,26,26
49828,78,76,2,2
49829,124,117,7,7
49830,60,59,1,1
49831,59,54,5,5
49832,55,58,-3,3
49833,154,143,11,11
49834,86,82,4,4
49835,102,94,8,8
49836,70,70,0,0
49837,47,54,-7,7
49838,79,70,9,9
49839,62,58,4,4
49840,114,134,-20,20
49841,117,103,14,14
49842,60,60,0,0
49843,86,71,15,15
49844,152,157,-5,5
49845,168,171,-3,3
49846,124,122,2,2
49847,60,52,8,8
49848,125,119,6,6
49849,62,71,-9,9
49850,88,91,-3,3
49851,66,66,0,0
49852,175,156,19,19
49853,88,84,4,4
49854,45,50,-5,5
49855,74,75,-1,1
49856,135,146,-11,11
49857,106,102,4,4
49858,130,123,7,7
49859,79,83,-4,4
49860,81,76,5,5
49861,65,68,-3,3
49862,107,90,17,17
49863,97,89,8,8
49864,76,85,-9,9
49865,116,104,12,12
49866,59,57,2,2
49867,54,60,-6,6
49868,98,100,-2,2
49869,128,146,-18,18
49870,106,107,-1,1
49871,78,83,-5,5
49872,131,128,3,3
49873,69,61,8,8
49874,153,157,-4,4
49875,71,72,-1,1
49876,67,60,7,7
49877,107,100,7,7
49878,75,100,-25,25
49879,87,92,-5,5
49880,94,82,12,12
49881,90,96,-6,6
49882,74,86,-12,12
49883,135,122,13,13
49884,134,124,10,10
49885,151,143,8,8
49886,92,108,-16,16
49887,92,97,-5,5
49888,80,69,11,11
49889,91,93,-2,2
49890,89,87,2,2
49891,86,80,6,6
49892,76,82,-6,6
49893,107,103,4,4
49894,140,109,31,31
49895,85,99,-14,14
49896,85,89,-4,4
49897,69,58,11,11
49898,96,91,5,5
49899,62,57,5,5
49900,79,70,9,9
49901,138,115,23,23
49902,115,101,14,14
49903,106,99,7,7
49904,93,95,-2,2
49905,122,111,11,11
49906,106,104,2,2
49907,90,88,2,2
49908,88,79,9,9
49909,72,72,0,0
49910,84,91,-7,7
49911,138,128,10,10
49912,92,94,-2,2
49913,95,92,3,3
49914,86,84,2,2
49915,73,65,8,8
49916,70,76,-6,6
49917,61,66,-5,5
49918,161,154,7,7
49919,89,84,5,5
49920,130,121,9,9
49921,99,71,28,28
49922,79,78,1,1
49923,47,54,-7,7
49924,75,87,-12,12
49925,69,70,-1,1
49926,78,77,1,1
49927,45,40,5,5
49928,67,74,-7,7
49929,99,110,-11,11
49930,92,96,-4,4
49931,116,102,14,14
49932,132,118,14,14
49933,88,93,-5,5
49934,94,100,-6,6
49935,112,119,-7,7
49936,40,55,-15,15
49937,58,54,4,4
49938,88,75,13,13
49939,85,81,4,4
49940,86,60,26,26
49941,145,149,-4,4
49942,105,101,4,4
49943,99,90,9,9
49944,62,69,-7,7
49945,95,94,1,1
49946,90,85,5,5
49947,57,44,13,13
49948,104,98,6,6
49949,70,60,10,10
49950,103,90,13,13
49951,102,83,19,19
49952,56,58,-2,2
49953,67,71,-4,4
49954,65,65,0,0
49955,65,77,-12,12
49956,100,131,-31,31
49957,77,84,-7,7
49958,140,116,24,24
49959,86,74,12,12
49960,123,115,8,8
49961,33,74,-41,41
49962,102,95,7,7
49963,116,108,8,8
49964,63,65,-2,2
49965,79,84,-5,5
49966,160,131,29,29
49967,60,64,-4,4
49968,65,57,8,8
49969,84,82,2,2
49970,67,68,-1,1
49971,90,88,2,2
49972,70,77,-7,7
49973,68,62,6,6
49974,104,113,-9,9
49975,87,80,7,7
49976,124,105,19,19
49977,128,120,8,8
49978,166,162,4,4
49979,72,75,-3,3
49980,54,57,-3,3
49981,111,93,18,18
49982,93,93,0,0
49983,107,97,10,10
49984,137,129,8,8
49985,89,84,5,5
49986,68,61,7,7
49987,52,51,1,1
49988,75,85,-10,10
49989,79,76,3,3
49990,48,58,-10,10
49991,75,74,1,1
49992,85,89,-4,4
49993,78,78,0,0
49994,101,93,8,8
49995,173,151,22,22
49996,90,84,6,6
49997,55,59,-4,4
49998,98,102,-4,4
49999,131,107,24,24
50000,149,125,24,24
50001,90,81,9,9
50002,51,55,-4,4
50003,68,64,4,4
50004,111,95,16,16
50005,77,80,-3,3
50006,150,139,11,11
50007,123,126,-3,3
50008,42,51,-9,9
50009,111,104,7,7
50010,73,79,-6,6
50011,77,81,-4,4
50012,74,97,-23,23
50013,145,138,7,7
50014,77,64,13,13
50015,102,102,0,0
50016,79,79,0,0
50017,65,70,-5,5
50018,64,68,-4,4
50019,54,47,7,7
50020,127,118,9,9
50021,126,120,6,6
50022,83,81,2,2
50023,108,108,0,0
50024,103,97,6,6
50025,132,129,3,3
50026,141,122,19,19
50027,132,129,3,3
50028,71,72,-1,1
50029,111,99,12,12
50030,133,128,5,5
50031,102,98,4,4
50032,57,57,0,0
50033,92,102,-10,10
50034,120,106,14,14
50035,85,77,8,8
50036,86,102,-16,16
50037,79,80,-1,1
50038,69,78,-9,9
50039,63,55,8,8
50040,118,117,1,1
50041,132,120,12,12
50042,72,70,2,2
50043,98,110,-12,12
50044,110,104,6,6
50045,105,107,-2,2
50046,67,74,-7,7
50047,92,89,3,3
50048,118,136,-18,18
50049,134,133,1,1
50050,70,75,-5,5
50051,129,114,15,15
50052,67,64,3,3
50053,36,42,-6,6
50054,137,145,-8,8
50055,40,48,-8,8
50056,89,89,0,0
50057,89,82,7,7
50058,83,77,6,6
50059,70,82,-12,12
50060,125,124,1,1
50061,113,103,10,10
50062,64,57,7,7
50063,101,94,7,7
50064,92,79,13,13
50065,118,113,5,5
50066,70,73,-3,3
50067,87,115,-28,28
50068,112,100,12,12
50069,195,190,5,5
50070,122,117,5,5
50071,59,54,5,5
50072,155,146,9,9
50073,131,118,13,13
50074,143,119,24,24
50075,117,105,12,12
50076,120,112,8,8
50077,113,102,11,11
50078,102,97,5,5
50079,131,118,13,13
50080,105,92,13,13
50081,87,93,-6,6
50082,66,66,0,0
50083,122,141,-19,19
50084,116,96,20,20
50085,104,108,-4,4
50086,51,52,-1,1
50087,90,99,-9,9
50088,87,79,8,8
50089,93,89,4,4
50090,61,71,-10,10
50091,106,109,-3,3
50092,47,55,-8,8
50093,80,77,3,3
50094,74,70,4,4
50095,50,52,-2,2
50096,167,161,6,6
50097,56,56,0,0
50098,110,119,-9,9
50099,160,130,30,30
50100,105,109,-4,4
50101,63,59,4,4
50102,97,95,2,2
50103,98,88,10,10
50104,108,106,2,2
50105,105,100,5,5
50106,119,107,12,12
50107,144,135,9,9
50108,65,62,3,3
50109,112,104,8,8
50110,113,98,15,15
50111,98,105,-7,7
50112,83,70,13,13
50113,170,161,9,9
50114,88,94,-6,6
50115,109,92,17,17
50116,92,84,8,8
50117,121,117,4,4
50118,58,48,10,10
50119,96,114,-18,18
50120,108,90,18,18
50121,150,147,3,3
50122,78,74,4,4
50123,43,43,0,0
50124,49,63,-14,14
50125,173,151,22,22
50126,100,93,7,7
50127,104,99,5,5
50128,76,91,-15,15
50129,108,105,3,3
50130,148,138,10,10
50131,74,68,6,6
50132,72,66,6,6
50133,78,68,10,10
50134,108,108,0,0
50135,92,96,-4,4
50136,94,95,-1,1
50137,104,103,1,1
50138,102,117,-15,15
50139,70,72,-2,2
50140,88,80,8,8
50141,104,118,-14,14
50142,115,97,18,18
50143,87,79,8,8
50144,110,107,3,3
50145,70,68,2,2
50146,78,74,4,4
50147,80,84,-4,4
50148,56,56,0,0
50149,125,120,5,5
50150,79,81,-2,2
50151,90,77,13,13
50152,134,129,5,5
50153,123,119,4,4
50154,116,98,18,18
50155,79,78,1,1
50156,100,111,-11,11
50157,55,61,-6,6
50158,86,80,6,6
50159,125,133,-8,8
50160,68,68,0,0
50161,73,79,-6,6
50162,103,93,10,10
50163,172,173,-1,1
50164,18,33,-15,15
50165,80,86,-6,6
50166,64,56,8,8
50167,90,87,3,3
50168,100,99,1,1
50169,52,68,-16,16
50170,199,181,18,18
50171,90,90,0,0
50172,80,101,-21,21
50173,138,141,-3,3
50174,64,71,-7,7
50175,101,92,9,9
50176,116,158,-42,42
50177,134,114,20,20
50178,113,104,9,9
50179,84,82,2,2
50180,55,70,-15,15
50181,194,180,14,14
50182,81,89,-8,8
50183,100,92,8,8
50184,97,104,-7,7
50185,64,75,-11,11
50186,55,57,-2,2
50187,68,71,-3,3
50188,103,105,-2,2
50189,102,89,13,13
50190,68,58,10,10
50191,95,88,7,7
50192,74,76,-2,2
50193,77,58,19,19
50194,97,102,-5,5
50195,77,69,8,8
50196,124,119,5,5
50197,62,67,-5,5
50198,78,79,-1,1
50199,149,139,10,10
50200,53,63,-10,10
50201,80,83,-3,3
50202,82,87,-5,5
50203,69,79,-10,10
50204,80,87,-7,7
50205,45,45,0,0
50206,66,66,0,0
50207,46,54,-8,8
50208,82,85,-3,3
50209,45,38,7,7
50210,105,109,-4,4
50211,109,96,13,13
50212,89,88,1,1
50213,69,75,-6,6
50214,132,100,32,32
50215,106,99,7,7
50216,132,129,3,3
50217,141,154,-13,13
50218,282,311,-29,29
50219,151,175,-24,24
50220,93,82,11,11
50221,129,132,-3,3
50222,82,86,-4,4
50223,72,68,4,4
50224,86,83,3,3
50225,42,40,2,2
50226,85,77,8,8
50227,105,99,6,6
50228,110,104,6,6
50229,50,61,-11,11
50230,88,97,-9,9
50231,98,82,16,16
50232,85,79,6,6
50233,122,120,2,2
50234,122,162,-40,40
50235,124,116,8,8
50236,77,73,4,4
50237,117,113,4,4
50238,98,107,-9,9
50239,90,79,11,11
50240,129,114,15,15
50241,88,102,-14,14
50242,73,73,0,0
50243,77,76,1,1
50244,139,150,-11,11
50245,96,83,13,13
50246,102,90,12,12
50247,87,82,5,5
50248,70,72,-2,2
50249,159,156,3,3
50250,60,68,-8,8
50251,69,64,5,5
50252,113,110,3,3
50253,156,145,11,11
50254,118,102,16,16
50255,53,54,-1,1
50256,104,105,-1,1
50257,83,73,10,10
50258,67,50,17,17
50259,95,104,-9,9
50260,103,98,5,5
50261,132,137,-5,5
50262,115,104,11,11
50263,89,91,-2,2
50264,107,99,8,8
50265,99,101,-2,2
50266,97,97,0,0
50267,54,63,-9,9
50268,101,94,7,7
50269,97,86,11,11
50270,81,85,-4,4
50271,150,150,0,0
50272,76,103,-27,27
50273,87,84,3,3
50274,101,106,-5,5
50275,51,53,-2,2
50276,99,95,4,4
50277,76,72,4,4
50278,170,165,5,5
50279,129,106,23,23
50280,73,68,5,5
50281,172,187,-15,15
50282,142,133,9,9
50283,104,102,2,2
50284,125,109,16,16
50285,51,47,4,4
50286,127,128,-1,1
50287,150,125,25,25
50288,71,72,-1,1
50289,129,131,-2,2
50290,92,98,-6,6
50291,83,78,5,5
50292,82,81,1,1
50293,143,142,1,1
50294,105,103,2,2
50295,60,59,1,1
50296,79,86,-7,7
50297,26,30,-4,4
50298,131,123,8,8
50299,90,77,13,13
50300,72,72,0,0
50301,62,68,-6,6
50302,76,73,3,3
50303,138,122,16,16
50304,81,73,8,8
50305,108,92,16,16
50306,88,92,-4,4
50307,115,119,-4,4
50308,123,116,7,7
50309,89,91,-2,2
50310,123,117,6,6
50311,104,89,15,15
50312,67,67,0,0
50313,82,85,-3,3
50314,68,62,6,6
50315,72,63,9,9
50316,92,91,1,1
50317,60,59,1,1
50318,76,91,-15,15
50319,91,112,-21,21
50320,95,82,13,13
50321,101,107,-6,6
50322,96,96,0,0
50323,122,102,20,20
50324,139,128,11,11
50325,141,121,20,20
50326,89,79,10,10
50327,103,117,-14,14
50328,51,60,-9,9
50329,75,81,-6,6
50330,107,130,-23,23
50331,64,69,-5,5
50332,54,59,-5,5
50333,90,78,12,12
50334,75,81,-6,6
50335,136,128,8,8
50336,99,105,-6,6
50337,128,137,-9,9
50338,125,106,19,19
50339,131,116,15,15
50340,61,55,6,6
50341,60,61,-1,1
50342,70,80,-10,10
50343,136,131,5,5
50344,91,83,8,8
50345,74,74,0,0
50346,63,62,1,1
50347,113,99,14,14
50348,78,63,15,15
50349,208,185,23,23
50350,153,146,7,7
50351,154,148,6,6
50352,92,91,1,1
50353,61,72,-11,11
50354,88,92,-4,4
50355,53,63,-10,10
50356,60,64,-4,4
50357,101,94,7,7
50358,108,102,6,6
50359,70,66,4,4
50360,73,70,3,3
50361,86,88,-2,2
50362,63,63,0,0
50363,105,107,-2,2
50364,72,74,-2,2
50365,145,130,15,15
50366,71,69,2,2
50367,148,128,20,20
50368,68,71,-3,3
50369,158,145,13,13
50370,176,165,11,11
50371,98,81,17,17
50372,151,138,13,13
50373,72,92,-20,20
50374,48,51,-3,3
50375,77,77,0,0
50376,65,66,-1,1
50377,107,105,2,2
50378,93,83,10,10
50379,103,105,-2,2
50380,95,84,11,11
50381,45,50,-5,5
50382,148,143,5,5
50383,130,116,14,14
50384,123,117,6,6
50385,91,89,2,2
50386,127,148,-21,21
50387,66,77,-11,11
50388,71,66,5,5
50389,133,123,10,10
50390,111,112,-1,1
50391,92,91,1,1
50392,72,75,-3,3
50393,70,66,4,4
50394,158,149,9,9
50395,56,57,-1,1
50396,63,63,0,0
50397,73,72,1,1
50398,170,169,1,1
50399,118,120,-2,2
50400,83,89,-6,6
50401,59,69,-10,10
50402,95,88,7,7
50403,79,70,9,9
50404,79,73,6,6
50405,103,114,-11,11
50406,127,121,6,6
50407,93,93,0,0
50408,82,75,7,7
50409,48,54,-6,6
50410,90,95,-5,5
50411,76,73,3,3
50412,91,95,-4,4
50413,43,50,-7,7
50414,66,72,-6,6
50415,55,60,-5,5
50416,93,94,-1,1
50417,102,97,5,5
50418,56,55,1,1
50419,91,92,-1,1
50420,126,127,-1,1
50421,78,86,-8,8
50422,81,76,5,5
50423,103,100,3,3
50424,114,102,12,12
50425,103,99,4,4
50426,137,137,0,0
50427,111,106,5,5
50428,71,67,4,4
50429,99,83,16,16
50430,118,117,1,1
50431,145,133,12,12
50432,83,80,3,3
50433,59,52,7,7
50434,79,90,-11,11
50435,60,64,-4,4
50436,59,55,4,4
50437,109,111,-2,2
50438,74,81,-7,7
50439,125,133,-8,8
50440,112,95,17,17
50441,74,80,-6,6
50442,149,142,7,7
50443,79,89,-10,10
50444,76,73,3,3
50445,124,121,3,3
50446,62,70,-8,8
50447,59,73,-14,14
50448,190,179,11,11
50449,62,81,-19,19
50450,105,104,1,1
50451,97,85,12,12
50452,128,121,7,7
50453,113,109,4,4
50454,98,88,10,10
50455,37,48,-11,11
50456,136,122,14,14
50457,79,90,-11,11
50458,47,55,-8,8
50459,98,79,19,19
50460,101,104,-3,3
50461,87,88,-1,1
50462,49,62,-13,13
50463,88,71,17,17
50464,92,87,5,5
50465,128,115,13,13
50466,111,102,9,9
50467,106,100,6,6
50468,57,59,-2,2
50469,95,100,-5,5
50470,60,55,5,5
50471,131,121,10,10
50472,88,79,9,9
50473,83,86,-3,3
50474,109,94,15,15
50475,114,103,11,11
50476,84,86,-2,2
50477,85,87,-2,2
50478,86,99,-13,13
50479,76,75,1,1
50480,112,97,15,15
50481,106,107,-1,1
50482,56,57,-1,1
50483,120,127,-7,7
50484,53,55,-2,2
50485,32,55,-23,23
50486,184,169,15,15
50487,82,70,12,12
50488,66,69,-3,3
50489,67,75,-8,8
50490,123,121,2,2
50491,123,114,9,9
50492,146,128,18,18
50493,74,72,2,2
50494,113,100,13,13
50495,102,103,-1,1
50496,143,124,19,19
50497,88,91,-3,3
50498,136,126,10,10
50499,149,147,2,2
50500,165,164,1,1
50501,59,66,-7,7
50502,87,74,13,13
50503,85,69,16,16
50504,54,63,-9,9
50505,48,52,-4,4
50506,73,73,0,0
50507,74,67,7,7
50508,125,125,0,0
50509,71,65,6,6
50510,36,37,-1,1
50511,127,102,25,25
50512,71,72,-1,1
50513,92,88,4,4
50514,55,57,-2,2
50515,62,59,3,3
50516,76,71,5,5
50517,64,55,9,9
50518,129,128,1,1
50519,147,142,5,5
50520,69,67,2,2
50521,76,70,6,6
50522,86,89,-3,3
50523,66,54,12,12
50524,76,71,5,5
50525,74,75,-1,1
50526,54,61,-7,7
50527,109,107,2,2
50528,141,125,16,16
50529,55,56,-1,1
50530,121,102,19,19
50531,79,88,-9,9
50532,80,71,9,9
50533,156,142,14,14
50534,44,43,1,1
50535,114,99,15,15
50536,105,100,5,5
50537,73,75,-2,2
50538,84,80,4,4
50539,176,168,8,8
50540,62,62,0,0
50541,121,113,8,8
50542,114,114,0,0
50543,87,95,-8,8
50544,77,93,-16,16
50545,64,58,6,6
50546,165,152,13,13
50547,139,132,7,7
50548,121,112,9,9
50549,97,82,15,15
50550,193,167,26,26
50551,125,122,3,3
50552,76,94,-18,18
50553,54,48,6,6
50554,134,143,-9,9
50555,72,70,2,2
50556,96,98,-2,2
50557,37,44,-7,7
50558,125,117,8,8
50559,87,80,7,7
50560,33,41,-8,8
50561,71,74,-3,3
50562,53,56,-3,3
50563,59,57,2,2
50564,110,111,-1,1
50565,82,82,0,0
50566,110,106,4,4
50567,64,57,7,7
50568,65,67,-2,2
50569,134,119,15,15
50570,58,63,-5,5
50571,90,93,-3,3
50572,79,82,-3,3
50573,66,79,-13,13
50574,88,101,-13,13
50575,89,121,-32,32
50576,124,120,4,4
50577,111,107,4,4
50578,144,128,16,16
50579,131,143,-12,12
50580,133,127,6,6
50581,104,94,10,10
50582,63,67,-4,4
50583,72,59,13,13
50584,76,73,3,3
50585,59,52,7,7
50586,110,100,10,10
50587,69,70,-1,1
50588,112,99,13,13
50589,41,52,-11,11
50590,135,127,8,8
50591,101,122,-21,21
50592,86,82,4,4
50593,116,124,-8,8
50594,88,84,4,4
50595,74,82,-8,8
50596,41,47,-6,6
50597,91,99,-8,8
50598,164,158,6,6
50599,58,51,7,7
50600,203,205,-2,2
50601,84,86,-2,2
50602,91,67,24,24
50603,98,99,-1,1
50604,123,124,-1,1
50605,63,59,4,4
50606,88,89,-1,1
50607,92,96,-4,4
50608,117,115,2,2
50609,72,76,-4,4
50610,69,66,3,3
50611,77,74,3,3
50612,77,78,-1,1
50613,73,62,11,11
50614,94,93,1,1
50615,118,109,9,9
50616,98,88,10,10
50617,82,74,8,8
50618,137,122,15,15
50619,84,105,-21,21
50620,113,105,8,8
50621,145,120,25,25
50622,67,65,2,2
50623,101,100,1,1
50624,37,59,-22,22
50625,49,56,-7,7
50626,63,55,8,8
50627,76,69,7,7
50628,216,183,33,33
50629,138,140,-2,2
50630,96,93,3,3
50631,76,85,-9,9
50632,66,60,6,6
50633,55,52,3,3
50634,92,94,-2,2
50635,83,78,5,5
50636,107,116,-9,9
50637,124,112,12,12
50638,78,84,-6,6
50639,149,147,2,2
50640,154,145,9,9
50641,67,64,3,3
50642,82,85,-3,3
50643,99,99,0,0
50644,107,107,0,0
50645,156,149,7,7
50646,174,173,1,1
50647,103,98,5,5
50648,116,121,-5,5
50649,44,37,7,7
50650,108,105,3,3
50651,94,103,-9,9
50652,63,59,4,4
50653,95,89,6,6
50654,57,57,0,0
50655,72,70,2,2
50656,72,57,15,15
50657,101,111,-10,10
50658,94,104,-10,10
50659,86,72,14,14
50660,157,140,17,17
50661,56,59,-3,3
50662,77,80,-3,3
50663,76,85,-9,9
50664,164,156,8,8
50665,68,84,-16,16
50666,65,80,-15,15
50667,124,116,8,8
50668,62,53,9,9
50669,138,127,11,11
50670,146,134,12,12
50671,135,138,-3,3
50672,124,107,17,17
50673,105,98,7,7
50674,71,63,8,8
50675,84,90,-6,6
50676,84,71,13,13
50677,70,64,6,6
50678,112,105,7,7
50679,127,132,-5,5
50680,51,126,-75,75
50681,104,100,4,4
50682,96,100,-4,4
50683,97,78,19,19
50684,72,71,1,1
50685,117,110,7,7
50686,115,125,-10,10
50687,76,77,-1,1
50688,98,96,2,2
50689,70,69,1,1
50690,97,98,-1,1
50691,131,123,8,8
50692,50,52,-2,2
50693,68,67,1,1
50694,64,63,1,1
50695,103,109,-6,6
50696,48,50,-2,2
50697,106,101,5,5
50698,80,73,7,7
50699,131,131,0,0
50700,59,61,-2,2
50701,196,187,9,9
50702,143,155,-12,12
50703,74,74,0,0
50704,69,73,-4,4
50705,70,71,-1,1
50706,114,101,13,13
50707,70,60,10,10
50708,42,43,-1,1
50709,112,121,-9,9
50710,79,77,2,2
50711,159,156,3,3
50712,121,109,12,12
50713,69,68,1,1
50714,93,76,17,17
50715,90,87,3,3
50716,91,88,3,3
50717,65,63,2,2
50718,136,137,-1,1
50719,65,71,-6,6
50720,51,66,-15,15
50721,131,120,11,11
50722,81,87,-6,6
50723,60,107,-47,47
50724,99,98,1,1
50725,37,77,-40,40
50726,131,119,12,12
50727,164,127,37,37
50728,63,69,-6,6
50729,208,185,23,23
50730,40,47,-7,7
50731,94,92,2,2
50732,114,110,4,4
50733,72,75,-3,3
50734,83,75,8,8
50735,65,69,-4,4
50736,124,122,2,2
50737,45,45,0,0
50738,78,70,8,8
50739,139,128,11,11
50740,63,64,-1,1
50741,88,94,-6,6
50742,81,74,7,7
50743,79,63,16,16
50744,106,106,0,0
50745,129,127,2,2
50746,107,112,-5,5
50747,67,76,-9,9
50748,119,115,4,4
50749,96,90,6,6
50750,96,83,13,13
50751,64,68,-4,4
50752,110,108,2,2
50753,122,119,3,3
50754,159,161,-2,2
50755,84,89,-5,5
50756,78,75,3,3
50757,186,183,3,3
50758,77,73,4,4
50759,95,88,7,7
50760,78,71,7,7
50761,84,110,-26,26
50762,115,108,7,7
50763,104,104,0,0
50764,84,76,8,8
50765,94,88,6,6
50766,103,95,8,8
50767,120,114,6,6
50768,80,75,5,5
50769,63,54,9,9
50770,113,116,-3,3
50771,82,108,-26,26
50772,111,113,-2,2
50773,103,103,0,0
50774,122,116,6,6
50775,81,92,-11,11
50776,141,132,9,9
50777,122,121,1,1
50778,136,130,6,6
50779,67,69,-2,2
50780,91,104,-13,13
50781,86,88,-2,2
50782,97,86,11,11
50783,42,75,-33,33
50784,63,69,-6,6
50785,118,113,5,5
50786,81,90,-9,9
50787,62,60,2,2
50788,55,58,-3,3
50789,89,87,2,2
50790,71,69,2,2
50791,57,58,-1,1
50792,83,83,0,0
50793,153,128,25,25
50794,106,95,11,11
50795,122,101,21,21
50796,76,73,3,3
50797,90,91,-1,1
50798,70,87,-17,17
50799,33,34,-1,1
50800,83,77,6,6
50801,50,53,-3,3
50802,118,111,7,7
50803,115,107,8,8
50804,45,49,-4,4
50805,58,51,7,7
50806,38,44,-6,6
50807,97,97,0,0
50808,39,44,-5,5
50809,28,33,-5,5
50810,117,115,2,2
50811,115,116,-1,1
50812,121,113,8,8
50813,105,105,0,0
50814,88,83,5,5
50815,64,70,-6,6
50816,85,85,0,0
50817,103,80,23,23
50818,76,73,3,3
50819,60,64,-4,4
50820,73,67,6,6
50821,70,69,1,1
50822,54,48,6,6
50823,83,88,-5,5
50824,77,77,0,0
50825,58,48,10,10
50826,105,89,16,16
50827,145,137,8,8
50828,119,86,33,33
50829,100,96,4,4
50830,84,85,-1,1
50831,88,88,0,0
50832,90,84,6,6
50833,65,71,-6,6
50834,131,127,4,4
50835,76,89,-13,13
50836,166,175,-9,9
50837,52,46,6,6
50838,156,157,-1,1
50839,139,152,-13,13
50840,80,71,9,9
50841,73,76,-3,3
50842,94,91,3,3
50843,83,81,2,2
50844,108,93,15,15
50845,71,80,-9,9
50846,98,103,-5,5
50847,94,91,3,3
50848,99,95,4,4
50849,29,36,-7,7
50850,85,80,5,5
50851,92,89,3,3
50852,96,98,-2,2
50853,107,97,10,10
50854,31,60,-29,29
50855,80,77,3,3
50856,86,83,3,3
50857,147,136,11,11
50858,113,107,6,6
50859,58,60,-2,2
50860,69,73,-4,4
50861,81,84,-3,3
50862,105,105,0,0
50863,146,121,25,25
50864,126,125,1,1
50865,72,72,0,0
50866,110,106,4,4
50867,140,127,13,13
50868,93,86,7,7
50869,88,87,1,1
50870,84,96,-12,12
50871,57,60,-3,3
50872,78,73,5,5
50873,76,73,3,3
50874,143,123,20,20
50875,108,121,-13,13
50876,45,59,-14,14
50877,87,94,-7,7
50878,77,73,4,4
50879,96,110,-14,14
50880,84,81,3,3
50881,60,58,2,2
50882,74,86,-12,12
50883,83,85,-2,2
50884,69,66,3,3
50885,58,53,5,5
50886,73,68,5,5
50887,81,84,-3,3
50888,106,85,21,21
50889,140,145,-5,5
50890,75,76,-1,1
50891,102,105,-3,3
50892,137,112,25,25
50893,63,97,-34,34
50894,80,74,6,6
50895,65,65,0,0
50896,151,138,13,13
50897,138,129,9,9
50898,104,89,15,15
50899,142,131,11,11
50900,77,86,-9,9
50901,102,103,-1,1
50902,83,81,2,2
50903,74,77,-3,3
50904,113,109,4,4
50905,115,107,8,8
50906,86,91,-5,5
50907,66,62,4,4
50908,123,112,11,11
50909,173,162,11,11
50910,138,147,-9,9
50911,121,120,1,1
50912,187,187,0,0
50913,103,94,9,9
50914,93,144,-51,51
50915,134,124,10,10
50916,84,82,2,2
50917,140,126,14,14
50918,139,125,14,14
50919,112,120,-8,8
50920,81,76,5,5
50921,48,45,3,3
50922,111,108,3,3
50923,133,121,12,12
50924,158,147,11,11
50925,47,49,-2,2
50926,115,122,-7,7
50927,59,70,-11,11
50928,136,126,10,10
50929,86,80,6,6
50930,89,100,-11,11
50931,104,103,1,1
50932,88,86,2,2
50933,68,70,-2,2
50934,105,92,13,13
50935,122,108,14,14
50936,93,84,9,9
50937,172,157,15,15
50938,77,82,-5,5
50939,141,143,-2,2
50940,106,108,-2,2
50941,102,105,-3,3
50942,136,127,9,9
50943,83,82,1,1
50944,60,62,-2,2
50945,90,103,-13,13
50946,69,69,0,0
50947,96,92,4,4
50948,101,103,-2,2
50949,90,84,6,6
50950,95,97,-2,2
50951,80,94,-14,14
50952,91,92,-1,1
50953,125,134,-9,9
50954,85,80,5,5
50955,129,126,3,3
50956,117,117,0,0
50957,77,75,2,2
50958,82,90,-8,8
50959,135,128,7,7
50960,120,110,10,10
50961,89,74,15,15
50962,161,161,0,0
50963,70,72,-2,2
50964,60,74,-14,14
50965,172,169,3,3
50966,136,130,6,6
50967,86,73,13,13
50968,106,109,-3,3
50969,107,109,-2,2
50970,98,100,-2,2
50971,120,154,-34,34
50972,158,152,6,6
50973,61,59,2,2
50974,101,97,4,4
50975,94,84,10,10
50976,60,69,-9,9
50977,68,68,0,0
50978,99,80,19,19
50979,56,52,4,4
50980,110,86,24,24
50981,102,105,-3,3
50982,83,83,0,0
50983,92,89,3,3
50984,77,67,10,10
50985,125,147,-22,22
50986,79,78,1,1
50987,67,62,5,5
50988,113,104,9,9
50989,122,115,7,7
50990,131,126,5,5
50991,104,96,8,8
50992,89,103,-14,14
50993,92,91,1,1
50994,217,161,56,56
50995,45,61,-16,16
50996,69,78,-9,9
50997,112,113,-1,1
50998,146,112,34,34
50999,95,94,1,1
51000,91,90,1,1
51001,70,74,-4,4
51002,75,80,-5,5
51003,95,94,1,1
51004,112,102,10,10
51005,58,68,-10,10
51006,54,45,9,9
51007,94,103,-9,9
51008,108,95,13,13
51009,89,84,5,5
51010,90,86,4,4
51011,129,122,7,7
51012,105,90,15,15
51013,94,88,6,6
51014,132,147,-15,15
51015,95,100,-5,5
51016,68,53,15,15
51017,97,90,7,7
51018,128,117,11,11
51019,116,116,0,0
51020,93,97,-4,4
51021,89,79,10,10
51022,176,176,0,0
51023,172,161,11,11
51024,54,53,1,1
51025,60,70,-10,10
51026,39,49,-10,10
51027,96,84,12,12
51028,60,78,-18,18
51029,52,47,5,5
51030,105,97,8,8
51031,137,131,6,6
51032,151,132,19,19
51033,108,123,-15,15
51034,100,94,6,6
51035,68,62,6,6
51036,99,96,3,3
51037,100,98,2,2
51038,112,102,10,10
51039,78,76,2,2
51040,110,107,3,3
51041,70,68,2,2
51042,122,110,12,12
51043,72,80,-8,8
51044,191,186,5,5
51045,106,105,1,1
51046,102,96,6,6
51047,130,120,10,10
51048,83,84,-1,1
51049,70,75,-5,5
51050,93,98,-5,5
51051,98,95,3,3
51052,72,76,-4,4
51053,121,108,13,13
51054,157,149,8,8
51055,72,71,1,1
51056,88,84,4,4
51057,109,106,3,3
51058,129,116,13,13
51059,185,174,11,11
51060,82,86,-4,4
51061,45,34,11,11
51062,47,44,3,3
51063,75,85,-10,10
51064,107,97,10,10
51065,73,73,0,0
51066,90,86,4,4
51067,69,91,-22,22
51068,100,110,-10,10
51069,87,79,8,8
51070,56,52,4,4
51071,83,74,9,9
51072,140,137,3,3
51073,64,60,4,4
51074,97,81,16,16
51075,86,84,2,2
51076,129,120,9,9
51077,119,106,13,13
51078,85,82,3,3
51079,109,106,3,3
51080,92,91,1,1
51081,152,122,30,30
51082,74,80,-6,6
51083,147,225,-78,78
51084,117,110,7,7
51085,85,84,1,1
51086,115,136,-21,21
51087,96,88,8,8
51088,109,101,8,8
51089,70,66,4,4
51090,107,104,3,3
51091,71,96,-25,25
51092,80,80,0,0
51093,117,110,7,7
51094,149,146,3,3
51095,74,66,8,8
51096,100,90,10,10
51097,131,129,2,2
51098,100,97,3,3
51099,72,71,1,1
51100,92,109,-17,17
51101,68,65,3,3
51102,71,79,-8,8
51103,60,53,7,7
51104,74,80,-6,6
51105,114,98,16,16
51106,44,46,-2,2
51107,104,105,-1,1
51108,143,140,3,3
51109,159,150,9,9
51110,76,75,1,1
51111,93,90,3,3
51112,91,87,4,4
51113,91,91,0,0
51114,188,154,34,34
51115,85,81,4,4
51116,58,54,4,4
51117,115,106,9,9
51118,51,52,-1,1
51119,49,45,4,4
51120,108,109,-1,1
51121,92,91,1,1
51122,102,113,-11,11
51123,113,107,6,6
51124,100,93,7,7
51125,80,71,9,9
51126,109,114,-5,5
51127,72,74,-2,2
51128,91,95,-4,4
51129,93,88,5,5
51130,44,50,-6,6
51131,104,105,-1,1
51132,50,59,-9,9
51133,76,80,-4,4
51134,53,52,1,1
51135,119,104,15,15
51136,105,95,10,10
51137,110,123,-13,13
51138,148,149,-1,1
51139,105,93,12,12
51140,139,126,13,13
51141,97,83,14,14
51142,113,102,11,11
51143,85,88,-3,3
51144,113,102,11,11
51145,60,62,-2,2
51146,66,62,4,4
51147,115,110,5,5
51148,30,49,-19,19
51149,76,75,1,1
51150,73,77,-4,4
51151,72,82,-10,10
51152,141,136,5,5
51153,58,69,-11,11
51154,101,96,5,5
51155,80,75,5,5
51156,76,66,10,10
51157,118,114,4,4
51158,97,93,4,4
51159,96,109,-13,13
51160,40,48,-8,8
51161,157,149,8,8
51162,125,121,4,4
51163,99,93,6,6
51164,66,65,1,1
51165,117,106,11,11
51166,94,97,-3,3
51167,54,68,-14,14
51168,62,58,4,4
51169,74,65,9,9
51170,166,162,4,4
51171,142,151,-9,9
51172,81,90,-9,9
51173,110,116,-6,6
51174,114,104,10,10
51175,96,92,4,4
51176,54,54,0,0
51177,97,99,-2,2
51178,86,103,-17,17
51179,67,80,-13,13
51180,65,62,3,3
51181,89,92,-3,3
51182,86,89,-3,3
51183,71,72,-1,1
51184,146,148,-2,2
51185,81,74,7,7
51186,108,102,6,6
51187,116,109,7,7
51188,90,97,-7,7
51189,108,100,8,8
51190,127,116,11,11
51191,60,59,1,1
51192,66,62,4,4
51193,180,157,23,23
51194,52,50,2,2
51195,93,96,-3,3
51196,127,122,5,5
51197,96,83,13,13
51198,110,107,3,3
51199,102,102,0,0
51200,110,109,1,1
51201,72,63,9,9
51202,161,151,10,10
51203,89,76,13,13
51204,78,73,5,5
51205,77,83,-6,6
51206,80,75,5,5
51207,78,82,-4,4
51208,135,109,26,26
51209,88,78,10,10
51210,102,80,22,22
51211,73,72,1,1
51212,101,98,3,3
51213,84,72,12,12
51214,87,81,6,6
51215,79,85,-6,6
51216,84,86,-2,2
51217,140,134,6,6
51218,106,99,7,7
51219,75,76,-1,1
51220,94,85,9,9
51221,79,92,-13,13
51222,93,88,5,5
51223,155,134,21,21
51224,97,110,-13,13
51225,109,119,-10,10
51226,115,100,15,15
51227,126,118,8,8
51228,90,98,-8,8
51229,72,66,6,6
51230,63,59,4,4
51231,105,101,4,4
51232,68,79,-11,11
51233,143,136,7,7
51234,116,115,1,1
51235,121,121,0,0
51236,130,105,25,25
51237,75,71,4,4
51238,70,75,-5,5
51239,109,94,15,15
51240,98,93,5,5
51241,106,98,8,8
51242,76,73,3,3
51243,60,55,5,5
51244,68,74,-6,6
51245,165,146,19,19
51246,90,108,-18,18
51247,178,164,14,14
51248,79,83,-4,4
51249,72,68,4,4
51250,87,82,5,5
51251,82,76,6,6
51252,57,56,1,1
51253,110,116,-6,6
51254,111,106,5,5
51255,70,77,-7,7
51256,112,107,5,5
51257,52,54,-2,2
51258,94,85,9,9
51259,97,97,0,0
51260,66,65,1,1
51261,67,66,1,1
51262,66,66,0,0
51263,107,104,3,3
51264,156,170,-14,14
51265,40,89,-49,49
51266,60,63,-3,3
51267,109,145,-36,36
51268,62,60,2,2
51269,126,118,8,8
51270,96,91,5,5
51271,106,95,11,11
51272,109,93,16,16
51273,77,74,3,3
51274,70,71,-1,1
51275,75,92,-17,17
51276,194,184,10,10
51277,24,26,-2,2
51278,94,92,2,2
51279,102,88,14,14
51280,126,127,-1,1
51281,150,131,19,19
51282,126,122,4,4
51283,82,95,-13,13
51284,92,100,-8,8
51285,87,86,1,1
51286,122,123,-1,1
51287,129,129,0,0
51288,93,87,6,6
51289,62,69,-7,7
51290,148,145,3,3
51291,73,72,1,1
51292,114,102,12,12
51293,82,79,3,3
51294,99,100,-1,1
51295,181,183,-2,2
51296,158,139,19,19
51297,100,98,2,2
51298,143,134,9,9
51299,118,115,3,3
51300,85,82,3,3
51301,127,127,0,0
51302,83,91,-8,8
51303,95,89,6,6
51304,63,53,10,10
51305,76,69,7,7
51306,111,115,-4,4
51307,69,75,-6,6
51308,100,88,12,12
51309,47,47,0,0
51310,83,85,-2,2
51311,85,85,0,0
51312,74,72,2,2
51313,53,68,-15,15
51314,75,80,-5,5
51315,71,82,-11,11
51316,108,102,6,6
51317,71,70,1,1
51318,121,117,4,4
51319,100,103,-3,3
51320,113,115,-2,2
51321,86,88,-2,2
51322,86,72,14,14
51323,115,106,9,9
51324,38,37,1,1
51325,140,132,8,8
51326,119,122,-3,3
51327,104,111,-7,7
51328,135,119,16,16
51329,147,131,16,16
51330,116,104,12,12
51331,137,134,3,3
51332,86,83,3,3
51333,96,92,4,4
51334,76,71,5,5
51335,64,62,2,2
51336,57,55,2,2
51337,90,97,-7,7
51338,56,73,-17,17
51339,84,83,1,1
51340,109,98,11,11
51341,124,121,3,3
51342,138,127,11,11
51343,73,70,3,3
51344,98,92,6,6
51345,93,80,13,13
51346,51,46,5,5
51347,54,53,1,1
51348,62,61,1,1
51349,126,121,5,5
51350,85,79,6,6
51351,86,78,8,8
51352,67,62,5,5
51353,80,80,0,0
51354,55,58,-3,3
51355,115,112,3,3
51356,71,71,0,0
51357,86,81,5,5
51358,120,113,7,7
51359,94,82,12,12
51360,71,83,-12,12
51361,106,111,-5,5
51362,101,101,0,0
51363,41,44,-3,3
51364,77,74,3,3
51365,130,125,5,5
51366,154,146,8,8
51367,102,95,7,7
51368,56,63,-7,7
51369,108,102,6,6
51370,74,70,4,4
51371,33,100,-67,67
51372,109,107,2,2
51373,113,114,-1,1
51374,115,110,5,5
51375,73,78,-5,5
51376,60,66,-6,6
51377,115,113,2,2
51378,85,89,-4,4
51379,121,104,17,17
51380,128,126,2,2
51381,76,86,-10,10
51382,158,153,5,5
51383,109,99,10,10
51384,47,50,-3,3
51385,76,74,2,2
51386,75,68,7,7
51387,92,82,10,10
51388,92,90,2,2
51389,110,106,4,4
51390,101,102,-1,1
51391,95,87,8,8
51392,107,105,2,2
51393,96,97,-1,1
51394,127,120,7,7
51395,104,104,0,0
51396,84,77,7,7
51397,44,45,-1,1
51398,112,103,9,9
51399,94,102,-8,8
51400,65,64,1,1
51401,67,74,-7,7
51402,106,104,2,2
51403,85,78,7,7
51404,75,87,-12,12
51405,72,62,10,10
51406,99,86,13,13
51407,63,59,4,4
51408,157,154,3,3
51409,70,70,0,0
51410,79,69,10,10
51411,99,90,9,9
51412,100,103,-3,3
51413,152,143,9,9
51414,111,107,4,4
51415,73,84,-11,11
51416,117,107,10,10
51417,74,72,2,2
51418,84,95,-11,11
51419,117,108,9,9
51420,70,75,-5,5
51421,72,75,-3,3
51422,62,68,-6,6
51423,90,95,-5,5
51424,123,109,14,14
51425,81,85,-4,4
51426,62,61,1,1
51427,74,69,5,5
51428,189,174,15,15
51429,97,98,-1,1
51430,131,127,4,4
51431,66,76,-10,10
51432,131,115,16,16
51433,101,87,14,14
51434,205,211,-6,6
51435,92,94,-2,2
51436,74,78,-4,4
51437,108,96,12,12
51438,78,76,2,2
51439,69,75,-6,6
51440,92,89,3,3
51441,76,75,1,1
51442,83,95,-12,12
51443,104,107,-3,3
51444,85,81,4,4
51445,74,60,14,14
51446,134,127,7,7
51447,119,110,9,9
51448,92,84,8,8
51449,88,83,5,5
51450,126,125,1,1
51451,100,101,-1,1
51452,45,51,-6,6
51453,131,114,17,17
51454,55,49,6,6
51455,180,174,6,6
51456,133,107,26,26
51457,94,78,16,16
51458,62,82,-20,20
51459,119,115,4,4
51460,183,215,-32,32
51461,88,79,9,9
51462,115,81,34,34
51463,100,90,10,10
51464,64,71,-7,7
51465,83,113,-30,30
51466,138,134,4,4
51467,62,73,-11,11
51468,193,158,35,35
51469,90,87,3,3
51470,77,84,-7,7
51471,111,104,7,7
51472,99,94,5,5
51473,118,123,-5,5
51474,131,120,11,11
51475,71,67,4,4
51476,78,82,-4,4
51477,94,87,7,7
51478,92,94,-2,2
51479,97,95,2,2
51480,89,82,7,7
51481,131,114,17,17
51482,119,98,21,21
51483,59,67,-8,8
51484,80,79,1,1
51485,116,104,12,12
51486,93,78,15,15
51487,72,82,-10,10
51488,185,161,24,24
51489,85,89,-4,4
51490,108,123,-15,15
51491,84,80,4,4
51492,100,91,9,9
51493,109,91,18,18
51494,43,47,-4,4
51495,77,73,4,4
51496,87,86,1,1
51497,121,113,8,8
51498,109,119,-10,10
51499,83,86,-3,3
51500,108,93,15,15
51501,166,126,40,40
51502,68,63,5,5
51503,112,125,-13,13
51504,103,105,-2,2
51505,106,100,6,6
51506,33,47,-14,14
51507,56,47,9,9
51508,72,74,-2,2
51509,136,134,2,2
51510,79,77,2,2
51511,143,121,22,22
51512,103,97,6,6
51513,75,71,4,4
51514,73,76,-3,3
51515,68,68,0,0
51516,68,91,-23,23
51517,102,95,7,7
51518,83,74,9,9
51519,70,79,-9,9
51520,88,77,11,11
51521,124,118,6,6
51522,111,112,-1,1
51523,103,111,-8,8
51524,104,99,5,5
51525,122,117,5,5
51526,119,113,6,6
51527,71,92,-21,21
51528,196,196,0,0
51529,70,66,4,4
51530,70,95,-25,25
51531,88,85,3,3
51532,122,116,6,6
51533,102,97,5,5
51534,119,111,8,8
51535,138,125,13,13
51536,165,135,30,30
51537,94,104,-10,10
51538,52,53,-1,1
51539,86,81,5,5
51540,63,66,-3,3
51541,92,82,10,10
51542,65,61,4,4
51543,47,47,0,0
51544,62,58,4,4
51545,79,83,-4,4
51546,166,137,29,29
51547,96,84,12,12
51548,120,128,-8,8
51549,117,112,5,5
51550,99,92,7,7
51551,124,127,-3,3
51552,138,120,18,18
51553,60,60,0,0
51554,90,92,-2,2
51555,76,75,1,1
51556,113,129,-16,16
51557,129,127,2,2
51558,80,76,4,4
51559,99,96,3,3
51560,87,83,4,4
51561,74,72,2,2
51562,70,74,-4,4
51563,50,48,2,2
51564,83,80,3,3
51565,150,136,14,14
51566,104,95,9,9
51567,107,102,5,5
51568,101,91,10,10
51569,153,146,7,7
51570,81,81,0,0
51571,58,69,-11,11
51572,104,93,11,11
51573,64,67,-3,3
51574,58,60,-2,2
51575,137,134,3,3
51576,132,104,28,28
51577,110,110,0,0
51578,120,118,2,2
51579,92,93,-1,1
51580,83,113,-30,30
51581,41,50,-9,9
51582,194,177,17,17
51583,79,79,0,0
51584,65,64,1,1
51585,126,132,-6,6
51586,125,135,-10,10
51587,148,139,9,9
51588,63,67,-4,4
51589,82,88,-6,6
51590,127,124,3,3
51591,141,127,14,14
51592,98,98,0,0
51593,140,138,2,2
51594,92,85,7,7
51595,78,89,-11,11
51596,72,71,1,1
51597,133,115,18,18
51598,82,85,-3,3
51599,53,59,-6,6
51600,68,67,1,1
51601,135,130,5,5
51602,76,91,-15,15
51603,84,77,7,7
51604,109,104,5,5
51605,115,118,-3,3
51606,32,30,2,2
51607,202,160,42,42
51608,64,57,7,7
51609,69,67,2,2
51610,61,56,5,5
51611,81,78,3,3
51612,81,85,-4,4
51613,103,97,6,6
51614,73,70,3,3
51615,103,110,-7,7
51616,153,148,5,5
51617,78,73,5,5
51618,100,92,8,8
51619,136,144,-8,8
51620,58,57,1,1
51621,75,85,-10,10
51622,130,114,16,16
51623,127,113,14,14
51624,51,57,-6,6
51625,87,76,11,11
51626,99,89,10,10
51627,121,110,11,11
51628,83,80,3,3
51629,65,66,-1,1
51630,86,85,1,1
51631,129,129,0,0
51632,77,84,-7,7
51633,63,70,-7,7
51634,70,65,5,5
51635,75,75,0,0
51636,75,77,-2,2
51637,132,122,10,10
51638,157,154,3,3
51639,130,137,-7,7
51640,80,82,-2,2
51641,97,99,-2,2
51642,68,70,-2,2
51643,98,100,-2,2
51644,81,81,0,0
51645,51,54,-3,3
51646,84,82,2,2
51647,79,75,4,4
51648,151,138,13,13
51649,82,77,5,5
51650,127,126,1,1
51651,63,68,-5,5
51652,97,95,2,2
51653,121,110,11,11
51654,157,142,15,15
51655,101,91,10,10
51656,160,161,-1,1
51657,92,85,7,7
51658,107,113,-6,6
51659,108,84,24,24
51660,119,102,17,17
51661,61,62,-1,1
51662,112,100,12,12
51663,71,59,12,12
51664,99,96,3,3
51665,68,78,-10,10
51666,116,139,-23,23
51667,64,81,-17,17
51668,124,120,4,4
51669,139,134,5,5
51670,80,89,-9,9
51671,157,152,5,5
51672,101,93,8,8
51673,114,112,2,2
51674,126,128,-2,2
51675,148,144,4,4
51676,77,81,-4,4
51677,187,175,12,12
51678,139,138,1,1
51679,164,153,11,11
51680,98,98,0,0
51681,86,88,-2,2
51682,61,67,-6,6
51683,143,135,8,8
51684,57,52,5,5
51685,52,54,-2,2
51686,92,106,-14,14
51687,108,92,16,16
51688,156,133,23,23
51689,159,144,15,15
51690,157,150,7,7
51691,102,87,15,15
51692,138,136,2,2
51693,78,81,-3,3
51694,83,76,7,7
51695,108,96,12,12
51696,60,51,9,9
51697,142,123,19,19
51698,55,53,2,2
51699,65,61,4,4
51700,125,121,4,4
51701,90,96,-6,6
51702,74,72,2,2
51703,156,141,15,15
51704,76,78,-2,2
51705,94,99,-5,5
51706,84,83,1,1
51707,84,79,5,5
51708,68,88,-20,20
51709,144,134,10,10
51710,74,67,7,7
51711,104,104,0,0
51712,98,68,30,30
51713,92,86,6,6
51714,106,109,-3,3
51715,94,90,4,4
51716,91,94,-3,3
51717,61,47,14,14
51718,77,75,2,2
51719,71,77,-6,6
51720,98,91,7,7
51721,73,88,-15,15
51722,103,105,-2,2
51723,124,112,12,12
51724,135,118,17,17
51725,118,125,-7,7
51726,96,94,2,2
51727,54,61,-7,7
51728,112,98,14,14
51729,72,70,2,2
51730,70,86,-16,16
51731,85,81,4,4
51732,51,47,4,4
51733,106,103,3,3
51734,113,100,13,13
51735,76,66,10,10
51736,63,68,-5,5
51737,140,120,20,20
51738,103,93,10,10
51739,163,168,-5,5
51740,126,123,3,3
51741,92,92,0,0
51742,40,46,-6,6
51743,33,38,-5,5
51744,99,96,3,3
51745,113,99,14,14
51746,59,54,5,5
51747,88,104,-16,16
51748,58,59,-1,1
51749,98,96,2,2
51750,135,112,23,23
51751,92,88,4,4
51752,101,92,9,9
51753,116,106,10,10
51754,171,179,-8,8
51755,98,82,16,16
51756,99,98,1,1
51757,77,74,3,3
51758,99,91,8,8
51759,61,54,7,7
51760,124,93,31,31
51761,36,38,-2,2
51762,124,108,16,16
51763,89,83,6,6
51764,144,143,1,1
51765,113,106,7,7
51766,157,140,17,17
51767,95,87,8,8
51768,101,102,-1,1
51769,76,77,-1,1
51770,65,67,-2,2
51771,222,187,35,35
51772,123,112,11,11
51773,71,85,-14,14
51774,102,89,13,13
51775,96,103,-7,7
51776,105,99,6,6
51777,81,82,-1,1
51778,122,136,-14,14
51779,64,65,-1,1
51780,43,74,-31,31
51781,114,100,14,14
51782,62,67,-5,5
51783,104,109,-5,5
51784,175,194,-19,19
51785,98,102,-4,4
51786,87,78,9,9
51787,144,139,5,5
51788,76,86,-10,10
51789,125,113,12,12
51790,70,64,6,6
51791,86,96,-10,10
51792,140,117,23,23
51793,44,55,-11,11
51794,101,93,8,8
51795,68,69,-1,1
51796,155,145,10,10
51797,125,122,3,3
51798,49,49,0,0
51799,140,141,-1,1
51800,105,99,6,6
51801,192,208,-16,16
51802,89,75,14,14
51803,140,134,6,6
51804,140,136,4,4
51805,112,113,-1,1
51806,136,115,21,21
51807,76,86,-10,10
51808,64,78,-14,14
51809,64,80,-16,16
51810,83,82,1,1
51811,72,59,13,13
51812,145,165,-20,20
51813,113,107,6,6
51814,114,99,15,15
51815,154,148,6,6
51816,67,63,4,4
51817,197,180,17,17
51818,61,61,0,0
51819,99,93,6,6
51820,91,88,3,3
51821,181,136,45,45
51822,45,42,3,3
51823,55,53,2,2
51824,183,202,-19,19
51825,106,111,-5,5
51826,57,78,-21,21
51827,133,122,11,11
51828,36,27,9,9
51829,98,101,-3,3
51830,54,45,9,9
51831,140,135,5,5
51832,114,109,5,5
51833,99,79,20,20
51834,69,70,-1,1
51835,144,128,16,16
51836,112,114,-2,2
51837,101,94,7,7
51838,88,78,10,10
51839,88,93,-5,5
51840,94,100,-6,6
51841,67,64,3,3
51842,46,54,-8,8
51843,72,60,12,12
51844,80,83,-3,3
51845,75,68,7,7
51846,94,80,14,14
51847,117,118,-1,1
51848,67,62,5,5
51849,71,76,-5,5
51850,67,77,-10,10
51851,68,61,7,7
51852,91,86,5,5
51853,71,71,0,0
51854,114,105,9,9
51855,93,105,-12,12
51856,73,74,-1,1
51857,164,157,7,7
51858,132,121,11,11
51859,66,62,4,4
51860,153,119,34,34
51861,108,117,-9,9
51862,110,102,8,8
51863,156,123,33,33
51864,162,147,15,15
51865,150,138,12,12
51866,125,119,6,6
51867,61,57,4,4
51868,95,85,10,10
51869,152,113,39,39
51870,125,126,-1,1
51871,119,102,17,17
51872,166,181,-15,15
51873,120,96,24,24
51874,58,60,-2,2
51875,45,46,-1,1
51876,117,128,-11,11
51877,65,68,-3,3
51878,105,99,6,6
51879,70,72,-2,2
51880,78,74,4,4
51881,91,83,8,8
51882,78,63,15,15
51883,116,121,-5,5
51884,132,115,17,17
51885,143,134,9,9
51886,117,118,-1,1
51887,147,151,-4,4
51888,63,64,-1,1
51889,80,81,-1,1
51890,98,90,8,8
51891,51,57,-6,6
51892,51,58,-7,7
51893,73,64,9,9
51894,95,87,8,8
51895,100,92,8,8
51896,74,83,-9,9
51897,110,94,16,16
51898,78,78,0,0
51899,54,60,-6,6
51900,115,111,4,4
51901,139,128,11,11
51902,73,76,-3,3
51903,67,66,1,1
51904,76,79,-3,3
51905,108,104,4,4
51906,104,99,5,5
51907,130,122,8,8
51908,116,114,2,2
51909,57,59,-2,2
51910,102,105,-3,3
51911,108,94,14,14
51912,95,89,6,6
51913,40,46,-6,6
51914,76,88,-12,12
51915,71,73,-2,2
51916,137,131,6,6
51917,118,109,9,9
51918,129,147,-18,18
51919,67,59,8,8
51920,72,80,-8,8
51921,111,120,-9,9
51922,95,91,4,4
51923,130,138,-8,8
51924,116,116,0,0
51925,68,70,-2,2
51926,103,102,1,1
51927,95,94,1,1
51928,117,113,4,4
51929,62,55,7,7
51930,75,80,-5,5
51931,56,66,-10,10
51932,120,115,5,5
51933,113,116,-3,3
51934,85,81,4,4
51935,71,91,-20,20
51936,130,128,2,2
51937,87,91,-4,4
51938,156,147,9,9
51939,89,96,-7,7
51940,61,59,2,2
51941,115,103,12,12
51942,144,137,7,7
51943,73,77,-4,4
51944,94,92,2,2
51945,102,97,5,5
51946,125,125,0,0
51947,71,70,1,1
51948,140,130,10,10
51949,143,140,3,3
51950,77,93,-16,16
51951,86,82,4,4
51952,70,66,4,4
51953,101,101,0,0
51954,82,75,7,7
51955,93,86,7,7
51956,55,69,-14,14
51957,138,137,1,1
51958,88,87,1,1
51959,81,91,-10,10
51960,176,154,22,22
51961,90,91,-1,1
51962,52,56,-4,4
51963,97,87,10,10
51964,45,52,-7,7
51965,114,118,-4,4
51966,155,143,12,12
51967,151,165,-14,14
51968,60,61,-1,1
51969,82,74,8,8
51970,96,91,5,5
51971,126,109,17,17
51972,90,88,2,2
51973,83,69,14,14
51974,72,74,-2,2
51975,139,137,2,2
51976,137,133,4,4
51977,119,110,9,9
51978,115,99,16,16
51979,76,70,6,6
51980,80,95,-15,15
51981,101,89,12,12
51982,92,89,3,3
51983,65,60,5,5
51984,89,91,-2,2
51985,72,69,3,3
51986,45,38,7,7
51987,69,68,1,1
51988,81,75,6,6
51989,95,89,6,6
51990,76,78,-2,2
51991,49,45,4,4
51992,97,91,6,6
51993,90,79,11,11
51994,130,122,8,8
51995,74,80,-6,6
51996,46,53,-7,7
51997,74,84,-10,10
51998,108,96,12,12
51999,115,122,-7,7
52000,37,41,-4,4
52001,79,82,-3,3
52002,75,73,2,2
52003,174,139,35,35
52004,107,98,9,9
52005,53,45,8,8
52006,83,71,12,12
52007,60,62,-2,2
52008,98,98,0,0
52009,57,57,0,0
52010,54,50,4,4
52011,83,80,3,3
52012,182,235,-53,53
52013,107,110,-3,3
52014,89,97,-8,8
52015,105,102,3,3
52016,109,107,2,2
52017,141,123,18,18
52018,121,118,3,3
52019,91,100,-9,9
52020,117,105,12,12
52021,58,57,1,1
52022,80,75,5,5
52023,88,76,12,12
52024,80,85,-5,5
52025,146,154,-8,8
52026,105,100,5,5
52027,128,142,-14,14
52028,79,80,-1,1
52029,123,122,1,1
52030,85,80,5,5
52031,77,64,13,13
52032,70,68,2,2
52033,100,99,1,1
52034,71,67,4,4
52035,123,116,7,7
52036,85,85,0,0
52037,113,106,7,7
52038,98,92,6,6
52039,67,76,-9,9
52040,130,136,-6,6
52041,176,158,18,18
52042,117,119,-2,2
52043,130,120,10,10
52044,114,104,10,10
52045,108,108,0,0
52046,111,112,-1,1
52047,91,86,5,5
52048,153,135,18,18
52049,83,83,0,0
52050,91,95,-4,4
52051,103,106,-3,3
52052,123,126,-3,3
52053,57,61,-4,4
52054,115,106,9,9
52055,86,84,2,2
52056,147,137,10,10
52057,116,129,-13,13
52058,87,79,8,8
52059,81,87,-6,6
52060,58,53,5,5
52061,97,80,17,17
52062,138,143,-5,5
52063,74,70,4,4
52064,60,66,-6,6
52065,94,90,4,4
52066,150,149,1,1
52067,143,135,8,8
52068,72,67,5,5
52069,80,73,7,7
52070,94,91,3,3
52071,85,74,11,11
52072,108,101,7,7
52073,106,94,12,12
52074,86,86,0,0
52075,160,155,5,5
52076,84,80,4,4
52077,78,74,4,4
52078,89,93,-4,4
52079,76,93,-17,17
52080,57,53,4,4
52081,93,95,-2,2
52082,92,97,-5,5
52083,79,96,-17,17
52084,105,100,5,5
52085,146,156,-10,10
52086,79,87,-8,8
52087,96,98,-2,2
52088,97,89,8,8
52089,74,67,7,7
52090,79,85,-6,6
52091,90,85,5,5
52092,133,127,6,6
52093,81,77,4,4
52094,140,126,14,14
52095,20,24,-4,4
52096,42,101,-59,59
52097,178,152,26,26
52098,57,62,-5,5
52099,91,94,-3,3
52100,125,133,-8,8
52101,77,71,6,6
52102,73,76,-3,3
52103,96,100,-4,4
52104,63,59,4,4
52105,75,73,2,2
52106,117,111,6,6
52107,135,130,5,5
52108,105,109,-4,4
52109,141,127,14,14
52110,123,106,17,17
52111,71,74,-3,3
52112,108,95,13,13
52113,104,103,1,1
52114,108,108,0,0
52115,93,89,4,4
52116,102,94,8,8
52117,99,85,14,14
52118,95,96,-1,1
52119,53,58,-5,5
52120,117,113,4,4
52121,79,86,-7,7
52122,55,64,-9,9
52123,163,162,1,1
52124,53,52,1,1
52125,80,77,3,3
52126,124,115,9,9
52127,75,71,4,4
52128,133,136,-3,3
52129,83,81,2,2
52130,54,66,-12,12
52131,52,52,0,0
52132,67,66,1,1
52133,75,74,1,1
52134,106,91,15,15
52135,140,128,12,12
52136,124,127,-3,3
52137,65,69,-4,4
52138,94,94,0,0
52139,108,106,2,2
52140,132,108,24,24
52141,123,117,6,6
52142,73,90,-17,17
52143,246,264,-18,18
52144,91,83,8,8
52145,48,52,-4,4
52146,109,93,16,16
52147,120,108,12,12
52148,71,62,9,9
52149,44,38,6,6
52150,83,79,4,4
52151,77,73,4,4
52152,108,106,2,2
52153,76,69,7,7
52154,116,103,13,13
52155,98,112,-14,14
52156,114,102,12,12
52157,142,135,7,7
52158,92,106,-14,14
52159,82,74,8,8
52160,86,80,6,6
52161,65,62,3,3
52162,91,87,4,4
52163,158,156,2,2
52164,79,74,5,5
52165,89,82,7,7
52166,54,47,7,7
52167,144,120,24,24
52168,167,169,-2,2
52169,94,106,-12,12
52170,75,70,5,5
52171,110,108,2,2
52172,113,104,9,9
52173,63,74,-11,11
52174,138,128,10,10
52175,101,82,19,19
52176,99,110,-11,11
52177,98,96,2,2
52178,138,148,-10,10
52179,116,112,4,4
52180,53,62,-9,9
52181,97,87,10,10
52182,79,72,7,7
52183,94,110,-16,16
52184,72,75,-3,3
52185,104,108,-4,4
52186,113,100,13,13
52187,105,109,-4,4
52188,84,81,3,3
52189,66,73,-7,7
52190,75,79,-4,4
52191,106,101,5,5
52192,100,91,9,9
52193,75,85,-10,10
52194,45,44,1,1
52195,126,129,-3,3
52196,102,92,10,10
52197,108,101,7,7
52198,99,91,8,8
52199,146,144,2,2
52200,107,105,2,2
52201,105,109,-4,4
52202,58,49,9,9
52203,114,115,-1,1
52204,151,128,23,23
52205,72,71,1,1
52206,79,72,7,7
52207,131,118,13,13
52208,91,89,2,2
52209,52,51,1,1
52210,81,67,14,14
52211,85,82,3,3
52212,96,93,3,3
52213,42,44,-2,2
52214,73,61,12,12
52215,100,96,4,4
52216,104,90,14,14
52217,85,89,-4,4
52218,67,68,-1,1
52219,71,81,-10,10
52220,100,94,6,6
52221,134,111,23,23
52222,104,106,-2,2
52223,90,80,10,10
52224,96,115,-19,19
52225,61,82,-21,21
52226,65,71,-6,6
52227,139,130,9,9
52228,46,45,1,1
52229,70,75,-5,5
52230,142,126,16,16
52231,90,78,12,12
52232,112,99,13,13
52233,113,103,10,10
52234,59,63,-4,4
52235,111,101,10,10
52236,84,84,0,0
52237,74,70,4,4
52238,78,75,3,3
52239,145,146,-1,1
52240,100,123,-23,23
52241,103,95,8,8
52242,55,50,5,5
52243,93,99,-6,6
52244,78,75,3,3
52245,80,77,3,3
52246,104,91,13,13
52247,66,72,-6,6
52248,68,60,8,8
52249,60,52,8,8
52250,103,112,-9,9
52251,69,70,-1,1
52252,92,88,4,4
52253,48,59,-11,11
52254,54,68,-14,14
52255,54,50,4,4
52256,58,65,-7,7
52257,160,128,32,32
52258,83,80,3,3
52259,90,85,5,5
52260,71,118,-47,47
52261,168,174,-6,6
52262,137,146,-9,9
52263,139,126,13,13
52264,74,70,4,4
52265,75,80,-5,5
52266,65,61,4,4
52267,93,79,14,14
52268,94,89,5,5
52269,65,75,-10,10
52270,110,107,3,3
52271,29,40,-11,11
52272,91,86,5,5
52273,78,77,1,1
52274,77,76,1,1
52275,93,91,2,2
52276,158,143,15,15
52277,206,214,-8,8
52278,98,96,2,2
52279,131,126,5,5
52280,115,106,9,9
52281,129,108,21,21
52282,97,87,10,10
52283,97,102,-5,5
52284,78,89,-11,11
52285,81,76,5,5
52286,107,99,8,8
52287,80,66,14,14
52288,67,70,-3,3
52289,66,75,-9,9
52290,56,55,1,1
52291,72,68,4,4
52292,50,53,-3,3
52293,70,96,-26,26
52294,128,117,11,11
52295,138,154,-16,16
52296,38,46,-8,8
52297,113,107,6,6
52298,168,166,2,2
52299,115,101,14,14
52300,88,91,-3,3
52301,80,78,2,2
52302,124,124,0,0
52303,190,196,-6,6
52304,92,93,-1,1
52305,83,84,-1,1
52306,78,75,3,3
52307,64,54,10,10
52308,121,118,3,3
52309,74,80,-6,6
52310,59,63,-4,4
52311,200,155,45,45
52312,157,144,13,13
52313,86,89,-3,3
52314,126,109,17,17
52315,75,78,-3,3
52316,95,107,-12,12
52317,118,95,23,23
52318,174,164,10,10
52319,148,138,10,10
52320,70,71,-1,1
52321,99,97,2,2
52322,73,72,1,1
52323,178,142,36,36
52324,127,130,-3,3
52325,137,138,-1,1
52326,35,34,1,1
52327,58,59,-1,1
52328,104,107,-3,3
52329,85,81,4,4
52330,91,87,4,4
52331,40,37,3,3
52332,83,80,3,3
52333,100,95,5,5
52334,73,75,-2,2
52335,51,63,-12,12
52336,263,213,50,50
52337,87,91,-4,4
52338,85,78,7,7
52339,85,84,1,1
52340,89,83,6,6
52341,176,175,1,1
52342,103,98,5,5
52343,128,126,2,2
52344,166,170,-4,4
52345,92,105,-13,13
52346,100,97,3,3
52347,98,86,12,12
52348,57,55,2,2
52349,127,113,14,14
52350,86,86,0,0
52351,144,151,-7,7
52352,60,64,-4,4
52353,113,116,-3,3
52354,113,108,5,5
52355,103,97,6,6
52356,90,90,0,0
52357,56,56,0,0
52358,47,52,-5,5
52359,105,108,-3,3
52360,61,60,1,1
52361,128,128,0,0
52362,55,76,-21,21
52363,67,71,-4,4
52364,65,68,-3,3
52365,116,105,11,11
52366,76,78,-2,2
52367,41,46,-5,5
52368,83,83,0,0
52369,82,78,4,4
52370,50,55,-5,5
52371,81,89,-8,8
52372,57,47,10,10
52373,83,81,2,2
52374,87,100,-13,13
52375,56,56,0,0
52376,68,62,6,6
52377,71,74,-3,3
52378,77,76,1,1
52379,67,60,7,7
52380,120,104,16,16
52381,74,84,-10,10
52382,121,122,-1,1
52383,73,75,-2,2
52384,53,50,3,3
52385,68,71,-3,3
52386,95,90,5,5
52387,103,103,0,0
52388,46,52,-6,6
52389,73,62,11,11
52390,148,138,10,10
52391,145,144,1,1
52392,105,92,13,13
52393,71,72,-1,1
52394,43,53,-10,10
52395,106,107,-1,1
52396,114,110,4,4
52397,80,72,8,8
52398,64,69,-5,5
52399,125,121,4,4
52400,84,100,-16,16
52401,86,91,-5,5
52402,101,97,4,4
52403,95,90,5,5
52404,90,90,0,0
52405,93,81,12,12
52406,62,59,3,3
52407,146,146,0,0
52408,87,83,4,4
52409,85,79,6,6
52410,134,115,19,19
52411,82,71,11,11
52412,46,59,-13,13
52413,73,68,5,5
52414,23,28,-5,5
52415,167,150,17,17
52416,116,94,22,22
52417,112,108,4,4
52418,227,220,7,7
52419,108,116,-8,8
52420,93,90,3,3
52421,76,72,4,4
52422,75,74,1,1
52423,74,82,-8,8
52424,85,78,7,7
52425,68,70,-2,2
52426,93,81,12,12
52427,143,130,13,13
52428,132,133,-1,1
52429,68,65,3,3
52430,49,61,-12,12
52431,116,107,9,9
52432,87,80,7,7
52433,114,98,16,16
52434,133,121,12,12
52435,81,84,-3,3
52436,105,94,11,11
52437,88,87,1,1
52438,158,144,14,14
52439,82,74,8,8
52440,91,91,0,0
52441,158,154,4,4
52442,77,81,-4,4
52443,61,77,-16,16
52444,57,59,-2,2
52445,76,77,-1,1
52446,80,81,-1,1
52447,90,93,-3,3
52448,75,66,9,9
52449,105,100,5,5
52450,99,95,4,4
52451,134,130,4,4
52452,70,70,0,0
52453,139,162,-23,23
52454,67,68,-1,1
52455,186,156,30,30
52456,101,99,2,2
52457,142,121,21,21
52458,66,67,-1,1
52459,88,76,12,12
52460,79,81,-2,2
52461,80,87,-7,7
52462,103,106,-3,3
52463,133,140,-7,7
52464,21,54,-33,33
52465,98,83,15,15
52466,67,77,-10,10
52467,117,125,-8,8
52468,71,76,-5,5
52469,45,48,-3,3
52470,90,82,8,8
52471,122,110,12,12
52472,133,122,11,11
52473,70,63,7,7
52474,99,109,-10,10
52475,161,149,12,12
52476,123,114,9,9
52477,116,106,10,10
52478,148,122,26,26
52479,55,49,6,6
52480,107,106,1,1
52481,69,66,3,3
52482,103,119,-16,16
52483,50,52,-2,2
52484,76,76,0,0
52485,98,99,-1,1
52486,63,71,-8,8
52487,69,66,3,3
52488,115,109,6,6
52489,64,65,-1,1
52490,80,82,-2,2
52491,93,91,2,2
52492,93,84,9,9
52493,107,103,4,4
52494,91,91,0,0
52495,73,83,-10,10
52496,163,144,19,19
52497,82,72,10,10
52498,133,110,23,23
52499,70,76,-6,6
52500,74,72,2,2
52501,72,71,1,1
52502,51,45,6,6
52503,192,169,23,23
52504,59,81,-22,22
52505,69,59,10,10
52506,47,44,3,3
52507,146,160,-14,14
52508,149,134,15,15
52509,96,108,-12,12
52510,73,71,2,2
52511,143,130,13,13
52512,101,101,0,0
52513,96,104,-8,8
52514,108,111,-3,3
52515,77,78,-1,1
52516,45,57,-12,12
52517,89,92,-3,3
52518,160,152,8,8
52519,97,102,-5,5
52520,82,87,-5,5
52521,80,75,5,5
52522,70,70,0,0
52523,123,115,8,8
52524,109,96,13,13
52525,162,160,2,2
52526,129,124,5,5
52527,80,79,1,1
52528,49,51,-2,2
52529,129,116,13,13
52530,79,66,13,13
52531,89,88,1,1
52532,92,94,-2,2
52533,87,80,7,7
52534,104,92,12,12
52535,106,86,20,20
52536,169,166,3,3
52537,96,111,-15,15
52538,66,72,-6,6
52539,140,139,1,1
52540,128,117,11,11
52541,82,80,2,2
52542,128,113,15,15
52543,109,113,-4,4
52544,59,64,-5,5
52545,61,64,-3,3
52546,109,97,12,12
52547,72,79,-7,7
52548,57,62,-5,5
52549,94,95,-1,1
52550,86,81,5,5
52551,57,51,6,6
52552,142,148,-6,6
52553,79,80,-1,1
52554,150,143,7,7
52555,122,119,3,3
52556,106,107,-1,1
52557,41,48,-7,7
52558,218,209,9,9
52559,106,97,9,9
52560,80,65,15,15
52561,87,84,3,3
52562,121,133,-12,12
52563,68,68,0,0
52564,79,81,-2,2
52565,63,60,3,3
52566,57,66,-9,9
52567,132,131,1,1
52568,86,88,-2,2
52569,92,88,4,4
52570,187,162,25,25
52571,97,93,4,4
52572,135,122,13,13
52573,126,111,15,15
52574,79,78,1,1
52575,69,77,-8,8
52576,142,136,6,6
52577,97,92,5,5
52578,104,109,-5,5
52579,112,107,5,5
52580,168,165,3,3
52581,145,121,24,24
52582,137,130,7,7
52583,142,125,17,17
52584,81,78,3,3
52585,97,93,4,4
52586,90,71,19,19
52587,121,130,-9,9
52588,71,78,-7,7
52589,61,51,10,10
52590,95,108,-13,13
52591,95,113,-18,18
52592,53,62,-9,9
52593,126,124,2,2
52594,72,86,-14,14
52595,86,74,12,12
52596,141,135,6,6
52597,96,96,0,0
52598,98,101,-3,3
52599,123,118,5,5
52600,46,56,-10,10
52601,95,84,11,11
52602,127,118,9,9
52603,153,127,26,26
52604,115,116,-1,1
52605,104,95,9,9
52606,53,58,-5,5
52607,95,88,7,7
52608,88,81,7,7
52609,133,114,19,19
52610,88,81,7,7
52611,25,45,-20,20
52612,142,148,-6,6
52613,98,102,-4,4
52614,93,96,-3,3
52615,99,87,12,12
52616,152,139,13,13
52617,124,125,-1,1
52618,112,100,12,12
52619,134,112,22,22
52620,104,106,-2,2
52621,86,76,10,10
52622,117,114,3,3
52623,77,83,-6,6
52624,88,88,0,0
52625,72,72,0,0
52626,87,105,-18,18
52627,80,77,3,3
52628,103,97,6,6
52629,136,133,3,3
52630,105,111,-6,6
52631,96,87,9,9
52632,90,84,6,6
52633,53,49,4,4
52634,77,73,4,4
52635,60,57,3,3
52636,115,116,-1,1
52637,93,86,7,7
52638,91,84,7,7
52639,162,178,-16,16
52640,115,96,19,19
52641,148,156,-8,8
52642,68,73,-5,5
52643,79,89,-10,10
52644,53,42,11,11
52645,60,62,-2,2
52646,63,66,-3,3
52647,102,98,4,4
52648,111,93,18,18
52649,116,111,5,5
52650,50,52,-2,2
52651,113,102,11,11
52652,46,58,-12,12
52653,62,59,3,3
52654,112,106,6,6
52655,58,47,11,11
52656,85,78,7,7
52657,111,98,13,13
52658,105,104,1,1
52659,113,115,-2,2
52660,174,165,9,9
52661,125,117,8,8
52662,109,103,6,6
52663,67,69,-2,2
52664,76,67,9,9
52665,193,292,-99,99
52666,128,117,11,11
52667,88,74,14,14
52668,70,81,-11,11
52669,63,65,-2,2
52670,148,123,25,25
52671,89,99,-10,10
52672,152,144,8,8
52673,62,66,-4,4
52674,141,124,17,17
52675,48,54,-6,6
52676,185,175,10,10
52677,89,79,10,10
52678,87,80,7,7
52679,50,55,-5,5
52680,79,74,5,5
52681,124,131,-7,7
52682,109,106,3,3
52683,54,53,1,1
52684,90,93,-3,3
52685,85,85,0,0
52686,35,97,-62,62
52687,86,80,6,6
52688,47,53,-6,6
52689,103,90,13,13
52690,105,104,1,1
52691,47,59,-12,12
52692,44,45,-1,1
52693,137,125,12,12
52694,69,76,-7,7
52695,47,44,3,3
52696,63,66,-3,3
52697,118,115,3,3
52698,83,88,-5,5
52699,80,90,-10,10
52700,119,94,25,25
52701,107,110,-3,3
52702,100,109,-9,9
52703,96,94,2,2
52704,90,110,-20,20
52705,136,128,8,8
52706,142,151,-9,9
52707,82,82,0,0
52708,64,58,6,6
52709,89,85,4,4
52710,49,56,-7,7
52711,138,123,15,15
52712,74,64,10,10
52713,55,72,-17,17
52714,147,124,23,23
52715,87,90,-3,3
52716,67,84,-17,17
52717,90,81,9,9
52718,72,85,-13,13
52719,110,108,2,2
52720,166,166,0,0
52721,128,104,24,24
52722,70,76,-6,6
52723,95,98,-3,3
52724,58,59,-1,1
52725,95,95,0,0
52726,78,81,-3,3
52727,99,108,-9,9
52728,79,74,5,5
52729,96,93,3,3
52730,87,84,3,3
52731,57,64,-7,7
52732,67,65,2,2
52733,84,85,-1,1
52734,73,78,-5,5
52735,77,79,-2,2
52736,65,66,-1,1
52737,34,48,-14,14
52738,103,99,4,4
52739,117,118,-1,1
52740,73,64,9,9
52741,121,110,11,11
52742,67,71,-4,4
52743,118,99,19,19
52744,145,141,4,4
52745,83,83,0,0
52746,105,96,9,9
52747,81,71,10,10
52748,92,91,1,1
52749,44,45,-1,1
52750,104,100,4,4
52751,45,44,1,1
52752,96,92,4,4
52753,115,118,-3,3
52754,91,95,-4,4
52755,64,71,-7,7
52756,63,53,10,10
52757,83,74,9,9
52758,126,124,2,2
52759,57,66,-9,9
52760,209,199,10,10
52761,153,143,10,10
52762,57,58,-1,1
52763,70,70,0,0
52764,118,126,-8,8
52765,110,105,5,5
52766,63,59,4,4
52767,117,108,9,9
52768,151,135,16,16
52769,135,144,-9,9
52770,75,69,6,6
52771,121,106,15,15
52772,142,151,-9,9
52773,107,107,0,0
52774,87,88,-1,1
52775,83,83,0,0
52776,54,46,8,8
52777,120,115,5,5
52778,75,85,-10,10
52779,116,110,6,6
52780,80,86,-6,6
52781,132,136,-4,4
52782,61,61,0,0
52783,70,79,-9,9
52784,57,55,2,2
52785,137,130,7,7
52786,112,94,18,18
52787,77,81,-4,4
52788,78,77,1,1
52789,94,96,-2,2
52790,85,84,1,1
52791,61,57,4,4
52792,80,72,8,8
52793,116,103,13,13
52794,64,81,-17,17
52795,69,69,0,0
52796,124,100,24,24
52797,78,65,13,13
52798,109,110,-1,1
52799,90,89,1,1
52800,148,143,5,5
52801,64,70,-6,6
52802,59,64,-5,5
52803,42,42,0,0
52804,132,130,2,2
52805,132,127,5,5
52806,68,59,9,9
52807,173,184,-11,11
52808,73,71,2,2
52809,88,87,1,1
52810,95,85,10,10
52811,56,55,1,1
52812,83,83,0,0
52813,131,130,1,1
52814,65,71,-6,6
52815,77,79,-2,2
52816,110,114,-4,4
52817,80,107,-27,27
52818,76,69,7,7
52819,73,80,-7,7
52820,66,71,-5,5
52821,149,133,16,16
52822,55,63,-8,8
52823,60,53,7,7
52824,151,146,5,5
52825,112,119,-7,7
52826,67,67,0,0
52827,67,82,-15,15
52828,77,81,-4,4
52829,114,113,1,1
52830,123,128,-5,5
52831,83,83,0,0
52832,42,61,-19,19
52833,104,109,-5,5
52834,90,87,3,3
52835,107,111,-4,4
52836,153,137,16,16
52837,68,63,5,5
52838,41,45,-4,4
52839,82,79,3,3
52840,55,57,-2,2
52841,114,89,25,25
52842,92,87,5,5
52843,90,97,-7,7
52844,70,73,-3,3
52845,75,76,-1,1
52846,112,90,22,22
52847,76,84,-8,8
52848,107,76,31,31
52849,96,93,3,3
52850,107,107,0,0
52851,46,48,-2,2
52852,103,111,-8,8
52853,122,116,6,6
52854,117,108,9,9
52855,69,80,-11,11
52856,100,99,1,1
52857,70,59,11,11
52858,96,95,1,1
52859,89,86,3,3
52860,112,115,-3,3
52861,93,112,-19,19
52862,104,95,9,9
52863,79,77,2,2
52864,150,153,-3,3
52865,145,125,20,20
52866,135,136,-1,1
52867,61,62,-1,1
52868,75,75,0,0
52869,63,61,2,2
52870,77,85,-8,8
52871,115,121,-6,6
52872,94,84,10,10
52873,60,54,6,6
52874,99,95,4,4
52875,162,175,-13,13
52876,89,91,-2,2
52877,84,73,11,11
52878,90,95,-5,5
52879,132,119,13,13
52880,106,94,12,12
52881,50,41,9,9
52882,66,61,5,5
52883,153,140,13,13
52884,55,48,7,7
52885,92,86,6,6
52886,113,111,2,2
52887,54,64,-10,10
52888,132,118,14,14
52889,116,99,17,17
52890,88,240,-152,152
52891,127,122,5,5
52892,80,84,-4,4
52893,125,109,16,16
52894,108,91,17,17
52895,104,102,2,2
52896,62,66,-4,4
52897,76,77,-1,1
52898,77,84,-7,7
52899,120,108,12,12
52900,71,72,-1,1
52901,54,66,-12,12
52902,115,116,-1,1
52903,138,139,-1,1
52904,95,90,5,5
52905,31,39,-8,8
52906,46,43,3,3
52907,147,127,20,20
52908,129,123,6,6
52909,82,79,3,3
52910,81,87,-6,6
52911,62,67,-5,5
52912,140,131,9,9
52913,101,97,4,4
52914,120,98,22,22
52915,48,50,-2,2
52916,132,122,10,10
52917,164,135,29,29
52918,48,58,-10,10
52919,81,91,-10,10
52920,74,76,-2,2
52921,79,88,-9,9
52922,97,98,-1,1
52923,81,84,-3,3
52924,47,50,-3,3
52925,97,105,-8,8
52926,59,64,-5,5
52927,68,63,5,5
52928,67,65,2,2
52929,66,67,-1,1
52930,143,124,19,19
52931,88,84,4,4
52932,96,89,7,7
52933,169,134,35,35
52934,106,92,14,14
52935,106,105,1,1
52936,78,80,-2,2
52937,107,109,-2,2
52938,132,145,-13,13
52939,88,81,7,7
52940,68,85,-17,17
52941,104,102,2,2
52942,79,75,4,4
52943,96,97,-1,1
52944,159,157,2,2
52945,133,138,-5,5
52946,81,76,5,5
52947,67,64,3,3
52948,86,89,-3,3
52949,75,73,2,2
52950,106,105,1,1
52951,55,61,-6,6
52952,167,142,25,25
52953,33,33,0,0
52954,114,121,-7,7
52955,153,129,24,24
52956,76,71,5,5
52957,74,76,-2,2
52958,152,153,-1,1
52959,176,137,39,39
52960,86,80,6,6
52961,191,160,31,31
52962,116,120,-4,4
52963,87,90,-3,3
52964,133,124,9,9
52965,131,134,-3,3
52966,96,93,3,3
52967,113,113,0,0
52968,52,54,-2,2
52969,68,69,-1,1
52970,110,104,6,6
52971,58,58,0,0
52972,104,119,-15,15
52973,93,93,0,0
52974,118,114,4,4
52975,92,93,-1,1
52976,77,82,-5,5
52977,43,47,-4,4
52978,19,27,-8,8
52979,156,126,30,30
52980,145,147,-2,2
52981,85,84,1,1
52982,85,75,10,10
52983,121,107,14,14
52984,76,69,7,7
52985,137,150,-13,13
52986,76,77,-1,1
52987,91,86,5,5
52988,93,84,9,9
52989,133,134,-1,1
52990,128,113,15,15
52991,106,104,2,2
52992,77,82,-5,5
52993,104,97,7,7
52994,82,75,7,7
52995,77,74,3,3
52996,91,100,-9,9
52997,73,94,-21,21
52998,144,144,0,0
52999,103,95,8,8
53000,97,90,7,7
53001,238,232,6,6
53002,87,81,6,6
53003,135,123,12,12
53004,63,68,-5,5
53005,95,90,5,5
53006,42,40,2,2
53007,69,81,-12,12
53008,98,88,10,10
53009,147,137,10,10
53010,108,111,-3,3
53011,52,50,2,2
53012,69,72,-3,3
53013,92,90,2,2
53014,129,128,1,1
53015,83,85,-2,2
53016,108,109,-1,1
53017,126,126,0,0
53018,84,80,4,4
53019,86,78,8,8
53020,82,100,-18,18
53021,88,85,3,3
53022,101,85,16,16
53023,130,118,12,12
53024,83,89,-6,6
53025,118,121,-3,3
53026,106,100,6,6
53027,108,109,-1,1
53028,85,72,13,13
53029,133,114,19,19
53030,77,76,1,1
53031,110,96,14,14
53032,71,76,-5,5
53033,72,76,-4,4
53034,44,44,0,0
53035,69,65,4,4
53036,106,92,14,14
53037,103,103,0,0
53038,82,75,7,7
53039,119,119,0,0
53040,94,94,0,0
53041,67,67,0,0
53042,81,76,5,5
53043,102,83,19,19
53044,68,63,5,5
53045,154,136,18,18
53046,80,68,12,12
53047,120,109,11,11
53048,59,68,-9,9
53049,149,151,-2,2
53050,66,78,-12,12
53051,80,65,15,15
53052,61,56,5,5
53053,40,44,-4,4
53054,80,81,-1,1
53055,54,58,-4,4
53056,90,110,-20,20
53057,107,92,15,15
53058,62,67,-5,5
53059,157,163,-6,6
53060,113,111,2,2
53061,107,109,-2,2
53062,87,71,16,16
53063,90,89,1,1
53064,155,156,-1,1
53065,37,57,-20,20
53066,66,66,0,0
53067,92,94,-2,2
53068,74,74,0,0
53069,38,42,-4,4
53070,83,74,9,9
53071,90,92,-2,2
53072,262,340,-78,78
53073,83,77,6,6
53074,65,64,1,1
53075,84,76,8,8
53076,50,53,-3,3
53077,95,100,-5,5
53078,80,90,-10,10
53079,135,122,13,13
53080,75,74,1,1
53081,79,77,2,2
53082,179,176,3,3
53083,119,115,4,4
53084,89,76,13,13
53085,58,71,-13,13
53086,98,105,-7,7
53087,58,55,3,3
53088,62,59,3,3
53089,65,69,-4,4
53090,90,94,-4,4
53091,134,119,15,15
53092,61,62,-1,1
53093,142,144,-2,2
53094,71,77,-6,6
53095,147,108,39,39
53096,122,118,4,4
53097,151,135,16,16
53098,105,101,4,4
53099,56,59,-3,3
53100,124,127,-3,3
53101,140,146,-6,6
53102,107,104,3,3
53103,103,105,-2,2
53104,98,92,6,6
53105,63,60,3,3
53106,51,55,-4,4
53107,81,79,2,2
53108,65,71,-6,6
53109,150,137,13,13
53110,134,134,0,0
53111,46,44,2,2
53112,120,103,17,17
53113,80,85,-5,5
53114,93,89,4,4
53115,176,151,25,25
53116,115,116,-1,1
53117,128,121,7,7
53118,143,130,13,13
53119,55,54,1,1
53120,85,75,10,10
53121,102,87,15,15
53122,54,61,-7,7
53123,151,119,32,32
53124,83,69,14,14
53125,47,48,-1,1
53126,80,77,3,3
53127,126,127,-1,1
53128,105,109,-4,4
53129,103,105,-2,2
53130,70,71,-1,1
53131,64,69,-5,5
53132,116,113,3,3
53133,124,134,-10,10
53134,89,77,12,12
53135,73,77,-4,4
53136,131,131,0,0
53137,120,108,12,12
53138,102,91,11,11
53139,88,83,5,5
53140,82,86,-4,4
53141,88,89,-1,1
53142,135,103,32,32
53143,119,118,1,1
53144,67,64,3,3
53145,55,52,3,3
53146,170,165,5,5
53147,125,131,-6,6
53148,132,111,21,21
53149,146,142,4,4
53150,83,80,3,3
53151,85,77,8,8
53152,101,95,6,6
53153,84,87,-3,3
53154,135,126,9,9
53155,54,50,4,4
53156,74,68,6,6
53157,72,74,-2,2
53158,112,86,26,26
53159,137,132,5,5
53160,82,68,14,14
53161,121,98,23,23
53162,83,79,4,4
53163,112,115,-3,3
53164,66,59,7,7
53165,90,83,7,7
53166,111,118,-7,7
53167,70,75,-5,5
53168,98,101,-3,3
53169,101,95,6,6
53170,108,100,8,8
53171,77,75,2,2
53172,94,95,-1,1
53173,77,85,-8,8
53174,52,61,-9,9
53175,114,111,3,3
53176,79,79,0,0
53177,43,44,-1,1
53178,110,94,16,16
53179,51,65,-14,14
53180,81,83,-2,2
53181,122,111,11,11
53182,128,114,14,14
53183,92,114,-22,22
53184,111,104,7,7
53185,106,96,10,10
53186,56,64,-8,8
53187,137,113,24,24
53188,75,69,6,6
53189,71,66,5,5
53190,67,69,-2,2
53191,89,86,3,3
53192,96,95,1,1
53193,106,105,1,1
53194,71,66,5,5
53195,128,123,5,5
53196,63,72,-9,9
53197,82,83,-1,1
53198,67,61,6,6
53199,80,74,6,6
53200,124,115,9,9
53201,117,110,7,7
53202,115,117,-2,2
53203,107,106,1,1
53204,65,71,-6,6
53205,119,119,0,0
53206,88,96,-8,8
53207,53,66,-13,13
53208,156,138,18,18
53209,71,76,-5,5
53210,89,93,-4,4
53211,88,82,6,6
53212,113,104,9,9
53213,43,46,-3,3
53214,106,100,6,6
53215,85,82,3,3
53216,108,122,-14,14
53217,70,64,6,6
53218,163,177,-14,14
53219,102,99,3,3
53220,74,69,5,5
53221,60,64,-4,4
53222,107,99,8,8
53223,59,79,-20,20
53224,90,73,17,17
53225,134,123,11,11
53226,159,150,9,9
53227,99,87,12,12
53228,75,88,-13,13
53229,62,57,5,5
53230,93,96,-3,3
53231,101,94,7,7
53232,61,67,-6,6
53233,88,65,23,23
53234,99,100,-1,1
53235,45,46,-1,1
53236,65,68,-3,3
53237,120,110,10,10
53238,85,85,0,0
53239,76,81,-5,5
53240,111,99,12,12
53241,75,75,0,0
53242,96,104,-8,8
53243,134,117,17,17
53244,62,52,10,10
53245,69,61,8,8
53246,95,97,-2,2
53247,93,84,9,9
53248,73,72,1,1
53249,89,85,4,4
53250,59,55,4,4
53251,73,59,14,14
53252,115,111,4,4
53253,86,81,5,5
53254,141,156,-15,15
53255,109,134,-25,25
53256,112,94,18,18
53257,74,76,-2,2
53258,57,58,-1,1
53259,61,63,-2,2
53260,104,102,2,2
53261,111,92,19,19
53262,80,84,-4,4
53263,107,94,13,13
53264,43,45,-2,2
53265,71,75,-4,4
53266,54,54,0,0
53267,74,84,-10,10
53268,77,73,4,4
53269,86,104,-18,18
53270,65,67,-2,2
53271,103,89,14,14
53272,67,70,-3,3
53273,77,64,13,13
53274,53,65,-12,12
53275,128,123,5,5
53276,75,80,-5,5
53277,111,126,-15,15
53278,94,90,4,4
53279,93,86,7,7
53280,131,112,19,19
53281,61,89,-28,28
53282,69,66,3,3
53283,70,56,14,14
53284,50,52,-2,2
53285,69,67,2,2
53286,101,86,15,15
53287,86,79,7,7
53288,98,89,9,9
53289,140,98,42,42
53290,88,84,4,4
53291,51,49,2,2
53292,72,84,-12,12
53293,109,112,-3,3
53294,67,80,-13,13
53295,114,115,-1,1
53296,98,100,-2,2
53297,98,104,-6,6
53298,107,111,-4,4
53299,133,145,-12,12
53300,161,155,6,6
53301,161,146,15,15
53302,125,123,2,2
53303,90,89,1,1
53304,112,107,5,5
53305,61,68,-7,7
53306,186,196,-10,10
53307,102,109,-7,7
53308,273,287,-14,14
53309,125,120,5,5
53310,124,125,-1,1
53311,115,107,8,8
53312,86,89,-3,3
53313,67,67,0,0
53314,90,87,3,3
53315,146,138,8,8
53316,64,61,3,3
53317,78,72,6,6
53318,73,69,4,4
53319,132,119,13,13
53320,78,82,-4,4
53321,108,110,-2,2
53322,72,72,0,0
53323,112,115,-3,3
53324,110,111,-1,1
53325,157,143,14,14
53326,87,86,1,1
53327,63,51,12,12
53328,47,48,-1,1
53329,55,47,8,8
53330,57,57,0,0
53331,77,79,-2,2
53332,73,67,6,6
53333,52,52,0,0
53334,60,84,-24,24
53335,171,191,-20,20
53336,153,141,12,12
53337,128,124,4,4
53338,101,94,7,7
53339,58,56,2,2
53340,67,59,8,8
53341,58,51,7,7
53342,69,64,5,5
53343,198,161,37,37
53344,85,73,12,12
53345,96,81,15,15
53346,68,98,-30,30
53347,80,78,2,2
53348,56,61,-5,5
53349,67,68,-1,1
53350,57,62,-5,5
53351,39,47,-8,8
53352,81,86,-5,5
53353,117,113,4,4
53354,104,106,-2,2
53355,105,116,-11,11
53356,83,78,5,5
53357,135,130,5,5
53358,76,63,13,13
53359,122,110,12,12
53360,78,79,-1,1
53361,37,43,-6,6
53362,134,119,15,15
53363,71,68,3,3
53364,119,105,14,14
53365,23,44,-21,21
53366,145,135,10,10
53367,99,97,2,2
53368,70,80,-10,10
53369,41,60,-19,19
53370,82,88,-6,6
53371,102,89,13,13
53372,64,58,6,6
53373,60,63,-3,3
53374,157,146,11,11
53375,144,123,21,21
53376,107,103,4,4
53377,108,117,-9,9
53378,79,72,7,7
53379,77,84,-7,7
53380,102,98,4,4
53381,62,71,-9,9
53382,87,88,-1,1
53383,156,147,9,9
53384,59,55,4,4
53385,54,50,4,4
53386,114,107,7,7
53387,87,100,-13,13
53388,132,128,4,4
53389,135,134,1,1
53390,126,108,18,18
53391,105,109,-4,4
53392,95,99,-4,4
53393,101,99,2,2
53394,51,59,-8,8
53395,63,74,-11,11
53396,149,149,0,0
53397,72,65,7,7
53398,147,136,11,11
53399,67,68,-1,1
53400,106,109,-3,3
53401,98,100,-2,2
53402,100,91,9,9
53403,93,94,-1,1
53404,69,72,-3,3
53405,116,147,-31,31
53406,88,75,13,13
53407,114,126,-12,12
53408,53,57,-4,4
53409,55,55,0,0
53410,86,90,-4,4
53411,110,92,18,18
53412,82,80,2,2
53413,87,77,10,10
53414,60,59,1,1
53415,59,57,2,2
53416,72,59,13,13
53417,99,85,14,14
53418,111,93,18,18
53419,105,107,-2,2
53420,110,100,10,10
53421,56,55,1,1
53422,126,132,-6,6
53423,75,71,4,4
53424,56,56,0,0
53425,119,125,-6,6
53426,98,102,-4,4
53427,171,180,-9,9
53428,169,144,25,25
53429,126,125,1,1
53430,194,174,20,20
53431,112,98,14,14
53432,73,70,3,3
53433,106,107,-1,1
53434,101,84,17,17
53435,119,109,10,10
53436,96,79,17,17
53437,58,56,2,2
53438,89,90,-1,1
53439,78,62,16,16
53440,85,93,-8,8
53441,87,95,-8,8
53442,70,75,-5,5
53443,50,51,-1,1
53444,51,57,-6,6
53445,91,85,6,6
53446,79,82,-3,3
53447,98,94,4,4
53448,117,120,-3,3
53449,94,96,-2,2
53450,141,129,12,12
53451,133,133,0,0
53452,48,55,-7,7
53453,121,116,5,5
53454,90,89,1,1
53455,50,58,-8,8
53456,69,76,-7,7
53457,90,106,-16,16
53458,83,99,-16,16
53459,89,96,-7,7
53460,84,83,1,1
53461,72,85,-13,13
53462,65,69,-4,4
53463,93,87,6,6
53464,70,68,2,2
53465,68,68,0,0
53466,128,140,-12,12
53467,102,79,23,23
53468,111,113,-2,2
53469,54,51,3,3
53470,94,100,-6,6
53471,102,98,4,4
53472,104,96,8,8
53473,90,90,0,0
53474,96,94,2,2
53475,119,133,-14,14
53476,80,79,1,1
53477,77,84,-7,7
53478,228,275,-47,47
53479,134,115,19,19
53480,140,149,-9,9
53481,47,47,0,0
53482,113,108,5,5
53483,58,66,-8,8
53484,34,35,-1,1
53485,46,42,4,4
53486,68,67,1,1
53487,68,64,4,4
53488,43,51,-8,8
53489,74,77,-3,3
53490,88,89,-1,1
53491,130,129,1,1
53492,112,92,20,20
53493,91,86,5,5
53494,70,59,11,11
53495,137,115,22,22
53496,67,69,-2,2
53497,90,76,14,14
53498,137,121,16,16
53499,83,80,3,3
53500,105,111,-6,6
53501,78,84,-6,6
53502,93,83,10,10
53503,88,83,5,5
53504,65,63,2,2
53505,105,107,-2,2
53506,131,134,-3,3
53507,52,54,-2,2
53508,48,57,-9,9
53509,127,134,-7,7
53510,70,82,-12,12
53511,62,56,6,6
53512,119,117,2,2
53513,75,78,-3,3
53514,90,82,8,8
53515,60,63,-3,3
53516,133,131,2,2
53517,86,74,12,12
53518,77,82,-5,5
53519,81,84,-3,3
53520,98,98,0,0
53521,101,98,3,3
53522,70,75,-5,5
53523,86,76,10,10
53524,111,111,0,0
53525,99,84,15,15
53526,62,57,5,5
53527,111,109,2,2
53528,57,56,1,1
53529,93,89,4,4
53530,77,80,-3,3
53531,122,114,8,8
53532,96,98,-2,2
53533,52,55,-3,3
53534,66,58,8,8
53535,102,96,6,6
53536,79,92,-13,13
53537,83,98,-15,15
53538,90,91,-1,1
53539,117,105,12,12
53540,87,84,3,3
53541,127,112,15,15
53542,50,57,-7,7
53543,62,64,-2,2
53544,63,70,-7,7
53545,80,80,0,0
53546,111,122,-11,11
53547,53,48,5,5
53548,105,100,5,5
53549,97,89,8,8
53550,48,46,2,2
53551,66,67,-1,1
53552,113,113,0,0
53553,142,132,10,10
53554,42,41,1,1
53555,55,49,6,6
53556,111,98,13,13
53557,89,83,6,6
53558,76,90,-14,14
53559,126,114,12,12
53560,103,99,4,4
53561,53,59,-6,6
53562,90,87,3,3
53563,66,68,-2,2
53564,60,63,-3,3
53565,49,55,-6,6
53566,230,220,10,10
53567,64,59,5,5
53568,104,101,3,3
53569,82,88,-6,6
53570,157,139,18,18
53571,53,52,1,1
53572,93,93,0,0
53573,76,77,-1,1
53574,61,58,3,3
53575,100,86,14,14
53576,52,59,-7,7
53577,69,64,5,5
53578,117,111,6,6
53579,124,121,3,3
53580,100,99,1,1
53581,149,126,23,23
53582,99,97,2,2
53583,120,109,11,11
53584,79,82,-3,3
53585,177,164,13,13
53586,62,57,5,5
53587,99,90,9,9
53588,157,127,30,30
53589,117,122,-5,5
53590,98,89,9,9
53591,68,72,-4,4
53592,85,79,6,6
53593,91,99,-8,8
53594,106,94,12,12
53595,129,123,6,6
53596,134,118,16,16
53597,85,87,-2,2
53598,122,122,0,0
53599,89,86,3,3
53600,46,47,-1,1
53601,91,95,-4,4
53602,136,130,6,6
53603,52,49,3,3
53604,98,101,-3,3
53605,98,95,3,3
53606,129,123,6,6
53607,49,51,-2,2
53608,75,77,-2,2
53609,70,72,-2,2
53610,102,100,2,2
53611,114,107,7,7
53612,31,33,-2,2
53613,120,107,13,13
53614,108,103,5,5
53615,84,88,-4,4
53616,61,59,2,2
53617,150,150,0,0
53618,52,76,-24,24
53619,44,50,-6,6
53620,71,91,-20,20
53621,62,64,-2,2
53622,74,79,-5,5
53623,100,100,0,0
53624,83,85,-2,2
53625,82,84,-2,2
53626,149,121,28,28
53627,113,111,2,2
53628,99,89,10,10
53629,94,102,-8,8
53630,77,80,-3,3
53631,116,124,-8,8
53632,154,155,-1,1
53633,84,81,3,3
53634,116,95,21,21
53635,169,165,4,4
53636,126,113,13,13
53637,31,32,-1,1
53638,84,84,0,0
53639,81,72,9,9
53640,109,97,12,12
53641,96,96,0,0
53642,78,74,4,4
53643,100,97,3,3
53644,101,94,7,7
53645,63,64,-1,1
53646,118,117,1,1
53647,119,111,8,8
53648,70,54,16,16
53649,82,66,16,16
53650,57,57,0,0
53651,89,93,-4,4
53652,124,112,12,12
53653,67,71,-4,4
53654,87,76,11,11
53655,115,109,6,6
53656,76,73,3,3
53657,63,58,5,5
53658,105,97,8,8
53659,77,73,4,4
53660,124,124,0,0
53661,84,76,8,8
53662,52,51,1,1
53663,55,43,12,12
53664,120,115,5,5
53665,206,181,25,25
53666,67,68,-1,1
53667,93,95,-2,2
53668,67,73,-6,6
53669,71,62,9,9
53670,87,76,11,11
53671,72,73,-1,1
53672,108,102,6,6
53673,116,103,13,13
53674,62,55,7,7
53675,61,64,-3,3
53676,57,59,-2,2
53677,100,92,8,8
53678,78,73,5,5
53679,93,93,0,0
53680,102,100,2,2
53681,187,179,8,8
53682,88,73,15,15
53683,100,100,0,0
53684,169,160,9,9
53685,160,175,-15,15
53686,142,136,6,6
53687,146,147,-1,1
53688,81,83,-2,2
53689,41,46,-5,5
53690,111,90,21,21
53691,124,113,11,11
53692,114,115,-1,1
53693,133,150,-17,17
53694,88,81,7,7
53695,90,84,6,6
53696,76,73,3,3
53697,83,82,1,1
53698,130,135,-5,5
53699,48,61,-13,13
53700,85,97,-12,12
53701,77,75,2,2
53702,130,127,3,3
53703,118,108,10,10
53704,106,101,5,5
53705,67,72,-5,5
53706,111,108,3,3
53707,94,85,9,9
53708,69,64,5,5
53709,76,82,-6,6
53710,96,87,9,9
53711,84,77,7,7
53712,144,105,39,39
53713,66,76,-10,10
53714,86,77,9,9
53715,56,60,-4,4
53716,103,108,-5,5
53717,154,144,10,10
53718,80,76,4,4
53719,89,89,0,0
53720,63,70,-7,7
53721,90,82,8,8
53722,102,92,10,10
53723,132,129,3,3
53724,103,102,1,1
53725,138,118,20,20
53726,107,102,5,5
53727,84,80,4,4
53728,158,144,14,14
53729,143,139,4,4
53730,83,83,0,0
53731,101,90,11,11
53732,42,52,-10,10
53733,156,132,24,24
53734,96,103,-7,7
53735,124,130,-6,6
53736,91,85,6,6
53737,139,128,11,11
53738,80,74,6,6
53739,95,80,15,15
53740,95,88,7,7
53741,83,84,-1,1
53742,88,92,-4,4
53743,120,116,4,4
53744,79,89,-10,10
53745,114,103,11,11
53746,54,53,1,1
53747,72,76,-4,4
53748,122,109,13,13
53749,125,130,-5,5
53750,100,95,5,5
53751,90,97,-7,7
53752,92,84,8,8
53753,85,80,5,5
53754,115,108,7,7
53755,76,64,12,12
53756,94,98,-4,4
53757,128,106,22,22
53758,49,78,-29,29
53759,134,112,22,22
53760,114,118,-4,4
53761,75,83,-8,8
53762,71,67,4,4
53763,131,129,2,2
53764,110,104,6,6
53765,113,101,12,12
53766,79,87,-8,8
53767,90,75,15,15
53768,112,95,17,17
53769,92,82,10,10
53770,141,132,9,9
53771,46,45,1,1
53772,103,95,8,8
53773,124,120,4,4
53774,98,90,8,8
53775,106,90,16,16
53776,95,88,7,7
53777,50,55,-5,5
53778,98,91,7,7
53779,127,127,0,0
53780,147,144,3,3
53781,136,125,11,11
53782,68,58,10,10
53783,133,117,16,16
53784,112,109,3,3
53785,73,67,6,6
53786,104,100,4,4
53787,118,111,7,7
53788,84,95,-11,11
53789,66,70,-4,4
53790,74,63,11,11
53791,71,69,2,2
53792,122,113,9,9
53793,88,81,7,7
53794,90,91,-1,1
53795,44,48,-4,4
53796,68,74,-6,6
53797,72,76,-4,4
53798,141,128,13,13
53799,84,103,-19,19
53800,120,119,1,1
53801,46,38,8,8
53802,59,61,-2,2
53803,136,125,11,11
53804,47,44,3,3
53805,57,64,-7,7
53806,64,76,-12,12
53807,114,100,14,14
53808,75,62,13,13
53809,72,76,-4,4
53810,58,56,2,2
53811,70,72,-2,2
53812,146,136,10,10
53813,83,98,-15,15
53814,116,130,-14,14
53815,143,139,4,4
53816,118,86,32,32
53817,200,166,34,34
53818,116,98,18,18
53819,124,118,6,6
53820,142,144,-2,2
53821,184,158,26,26
53822,137,131,6,6
53823,76,76,0,0
53824,96,106,-10,10
53825,52,49,3,3
53826,91,80,11,11
53827,55,51,4,4
53828,95,84,11,11
53829,59,63,-4,4
53830,145,151,-6,6
53831,84,75,9,9
53832,112,114,-2,2
53833,63,67,-4,4
53834,60,70,-10,10
53835,134,126,8,8
53836,88,93,-5,5
53837,72,71,1,1
53838,107,113,-6,6
53839,74,66,8,8
53840,94,80,14,14
53841,84,80,4,4
53842,55,77,-22,22
53843,30,31,-1,1
53844,31,44,-13,13
53845,77,81,-4,4
53846,74,79,-5,5
53847,99,85,14,14
53848,148,148,0,0
53849,70,78,-8,8
53850,86,78,8,8
53851,124,136,-12,12
53852,144,138,6,6
53853,77,78,-1,1
53854,117,113,4,4
53855,78,77,1,1
53856,53,64,-11,11
53857,105,95,10,10
53858,79,65,14,14
53859,127,114,13,13
53860,94,83,11,11
53861,159,158,1,1
53862,90,88,2,2
53863,71,75,-4,4
53864,156,141,15,15
53865,140,150,-10,10
53866,57,56,1,1
53867,91,85,6,6
53868,61,68,-7,7
53869,91,105,-14,14
53870,54,52,2,2
53871,78,66,12,12
53872,133,115,18,18
53873,121,110,11,11
53874,151,131,20,20
53875,119,112,7,7
53876,76,106,-30,30
53877,98,87,11,11
53878,97,100,-3,3
53879,41,42,-1,1
53880,149,159,-10,10
53881,119,116,3,3
53882,80,80,0,0
53883,67,66,1,1
53884,70,76,-6,6
53885,120,102,18,18
53886,125,121,4,4
53887,76,76,0,0
53888,77,81,-4,4
53889,89,91,-2,2
53890,63,58,5,5
53891,163,153,10,10
53892,51,51,0,0
53893,68,63,5,5
53894,131,136,-5,5
53895,109,103,6,6
53896,61,60,1,1
53897,118,134,-16,16
53898,103,95,8,8
53899,137,121,16,16
53900,93,86,7,7
53901,116,96,20,20
53902,61,59,2,2
53903,80,81,-1,1
53904,88,86,2,2
53905,121,124,-3,3
53906,63,72,-9,9
53907,150,127,23,23
53908,130,122,8,8
53909,112,109,3,3
53910,48,53,-5,5
53911,159,157,2,2
53912,75,70,5,5
53913,66,69,-3,3
53914,75,70,5,5
53915,70,68,2,2
53916,80,77,3,3
53917,95,93,2,2
53918,57,51,6,6
53919,79,74,5,5
53920,69,69,0,0
53921,60,70,-10,10
53922,115,103,12,12
53923,121,95,26,26
53924,71,58,13,13
53925,88,80,8,8
53926,97,93,4,4
53927,56,54,2,2
53928,107,93,14,14
53929,35,33,2,2
53930,112,107,5,5
53931,74,81,-7,7
53932,80,75,5,5
53933,89,107,-18,18
53934,81,87,-6,6
53935,142,144,-2,2
53936,109,105,4,4
53937,118,97,21,21
53938,93,89,4,4
53939,127,125,2,2
53940,84,78,6,6
53941,135,131,4,4
53942,128,122,6,6
53943,88,73,15,15
53944,77,83,-6,6
53945,73,83,-10,10
53946,92,84,8,8
53947,163,159,4,4
53948,117,110,7,7
53949,186,184,2,2
53950,118,131,-13,13
53951,79,66,13,13
53952,81,79,2,2
53953,114,126,-12,12
53954,83,90,-7,7
53955,89,74,15,15
53956,139,139,0,0
53957,85,85,0,0
53958,52,52,0,0
53959,112,100,12,12
53960,79,83,-4,4
53961,90,80,10,10
53962,102,95,7,7
53963,86,85,1,1
53964,83,85,-2,2
53965,149,134,15,15
53966,50,55,-5,5
53967,73,68,5,5
53968,66,64,2,2
53969,106,103,3,3
53970,78,71,7,7
53971,85,92,-7,7
53972,97,106,-9,9
53973,50,43,7,7
53974,126,131,-5,5
53975,83,81,2,2
53976,98,96,2,2
53977,75,68,7,7
53978,93,88,5,5
53979,143,118,25,25
53980,142,121,21,21
53981,55,57,-2,2
53982,68,55,13,13
53983,61,66,-5,5
53984,68,58,10,10
53985,119,100,19,19
53986,85,74,11,11
53987,56,55,1,1
53988,105,106,-1,1
53989,74,70,4,4
53990,61,58,3,3
53991,125,132,-7,7
53992,49,44,5,5
53993,117,123,-6,6
53994,109,106,3,3
53995,108,123,-15,15
53996,153,160,-7,7
53997,59,57,2,2
53998,173,160,13,13
53999,90,83,7,7
54000,102,97,5,5
54001,53,55,-2,2
54002,91,95,-4,4
54003,162,118,44,44
54004,129,121,8,8
54005,110,119,-9,9
54006,80,75,5,5
54007,94,79,15,15
54008,107,104,3,3
54009,57,61,-4,4
54010,109,105,4,4
54011,73,73,0,0
54012,229,235,-6,6
54013,170,173,-3,3
54014,70,63,7,7
54015,104,104,0,0
54016,83,79,4,4
54017,101,90,11,11
54018,86,87,-1,1
54019,108,108,0,0
54020,96,94,2,2
54021,80,82,-2,2
54022,68,71,-3,3
54023,91,84,7,7
54024,112,108,4,4
54025,122,106,16,16
54026,132,108,24,24
54027,96,95,1,1
54028,81,83,-2,2
54029,80,90,-10,10
54030,101,96,5,5
54031,117,110,7,7
54032,100,89,11,11
54033,83,95,-12,12
54034,93,94,-1,1
54035,103,101,2,2
54036,48,42,6,6
54037,110,104,6,6
54038,128,116,12,12
54039,37,37,0,0
54040,110,105,5,5
54041,94,91,3,3
54042,127,121,6,6
54043,70,68,2,2
54044,112,103,9,9
54045,189,197,-8,8
54046,95,99,-4,4
54047,123,121,2,2
54048,152,139,13,13
54049,85,81,4,4
54050,60,60,0,0
54051,74,70,4,4
54052,89,87,2,2
54053,97,97,0,0
54054,159,142,17,17
54055,90,93,-3,3
54056,76,75,1,1
54057,83,95,-12,12
54058,71,80,-9,9
54059,105,90,15,15
54060,102,100,2,2
54061,161,161,0,0
54062,123,115,8,8
54063,85,81,4,4
54064,41,41,0,0
54065,165,153,12,12
54066,60,95,-35,35
54067,123,127,-4,4
54068,59,49,10,10
54069,51,46,5,5
54070,160,152,8,8
54071,134,159,-25,25
54072,87,91,-4,4
54073,91,85,6,6
54074,52,51,1,1
54075,111,108,3,3
54076,139,141,-2,2
54077,65,66,-1,1
54078,96,86,10,10
54079,92,85,7,7
54080,77,84,-7,7
54081,106,112,-6,6
54082,194,189,5,5
54083,127,125,2,2
54084,121,98,23,23
54085,140,133,7,7
54086,129,123,6,6
54087,59,68,-9,9
54088,82,82,0,0
54089,59,59,0,0
54090,98,88,10,10
54091,214,183,31,31
54092,107,102,5,5
54093,122,120,2,2
54094,75,66,9,9
54095,52,54,-2,2
54096,129,115,14,14
54097,59,59,0,0
54098,64,62,2,2
54099,144,140,4,4
54100,99,89,10,10
54101,156,142,14,14
54102,173,160,13,13
54103,82,77,5,5
54104,145,131,14,14
54105,105,94,11,11
54106,102,106,-4,4
54107,69,71,-2,2
54108,51,55,-4,4
54109,44,50,-6,6
54110,30,38,-8,8
54111,118,103,15,15
54112,85,77,8,8
54113,70,70,0,0
54114,61,68,-7,7
54115,69,64,5,5
54116,81,82,-1,1
54117,68,54,14,14
54118,149,143,6,6
54119,47,67,-20,20
54120,53,53,0,0
54121,143,140,3,3
54122,91,98,-7,7
54123,93,93,0,0
54124,45,49,-4,4
54125,122,121,1,1
54126,112,102,10,10
54127,165,134,31,31
54128,57,65,-8,8
54129,101,99,2,2
54130,54,58,-4,4
54131,55,53,2,2
54132,74,68,6,6
54133,95,86,9,9
54134,58,90,-32,32
54135,114,123,-9,9
54136,73,85,-12,12
54137,81,75,6,6
54138,63,64,-1,1
54139,139,144,-5,5
54140,96,90,6,6
54141,111,103,8,8
54142,157,149,8,8
54143,167,162,5,5
54144,166,139,27,27
54145,115,117,-2,2
54146,80,75,5,5
54147,166,151,15,15
54148,89,85,4,4
54149,69,63,6,6
54150,34,41,-7,7
54151,92,91,1,1
54152,81,86,-5,5
54153,131,137,-6,6
54154,65,68,-3,3
54155,107,105,2,2
54156,61,66,-5,5
54157,77,90,-13,13
54158,92,92,0,0
54159,175,178,-3,3
54160,154,152,2,2
54161,101,97,4,4
54162,96,87,9,9
54163,82,82,0,0
54164,72,67,5,5
54165,60,60,0,0
54166,137,122,15,15
54167,44,50,-6,6
54168,77,79,-2,2
54169,111,108,3,3
54170,41,47,-6,6
54171,119,104,15,15
54172,83,84,-1,1
54173,108,96,12,12
54174,128,111,17,17
54175,76,86,-10,10
54176,41,43,-2,2
54177,79,73,6,6
54178,175,164,11,11
54179,115,104,11,11
54180,87,87,0,0
54181,136,118,18,18
54182,76,75,1,1
54183,107,114,-7,7
54184,86,83,3,3
54185,118,102,16,16
54186,98,92,6,6
54187,73,76,-3,3
54188,176,168,8,8
54189,110,96,14,14
54190,73,69,4,4
54191,73,67,6,6
54192,109,109,0,0
54193,96,103,-7,7
54194,128,118,10,10
54195,65,54,11,11
54196,81,83,-2,2
54197,76,75,1,1
54198,81,89,-8,8
54199,55,45,10,10
54200,93,91,2,2
54201,138,150,-12,12
54202,127,116,11,11
54203,110,85,25,25
54204,97,99,-2,2
54205,106,105,1,1
54206,70,71,-1,1
54207,84,97,-13,13
54208,103,99,4,4
54209,109,91,18,18
54210,82,75,7,7
54211,82,88,-6,6
54212,75,79,-4,4
54213,96,87,9,9
54214,74,76,-2,2
54215,50,58,-8,8
54216,80,73,7,7
54217,129,133,-4,4
54218,127,127,0,0
54219,101,101,0,0
54220,94,89,5,5
54221,80,79,1,1
54222,51,50,1,1
54223,98,98,0,0
54224,93,89,4,4
54225,138,131,7,7
54226,127,115,12,12
54227,115,103,12,12
54228,57,53,4,4
54229,62,60,2,2
54230,125,133,-8,8
54231,74,76,-2,2
54232,104,95,9,9
54233,112,110,2,2
54234,101,94,7,7
54235,81,69,12,12
54236,58,60,-2,2
54237,98,88,10,10
54238,60,62,-2,2
54239,60,66,-6,6
54240,119,104,15,15
54241,92,100,-8,8
54242,79,84,-5,5
54243,72,69,3,3
54244,59,66,-7,7
54245,53,54,-1,1
54246,133,121,12,12
54247,81,96,-15,15
54248,167,154,13,13
54249,110,95,15,15
54250,62,61,1,1
54251,77,75,2,2
54252,81,83,-2,2
54253,108,88,20,20
54254,107,98,9,9
54255,56,54,2,2
54256,74,64,10,10
54257,55,72,-17,17
54258,41,40,1,1
54259,95,88,7,7
54260,80,86,-6,6
54261,107,102,5,5
54262,89,89,0,0
54263,69,68,1,1
54264,89,82,7,7
54265,125,110,15,15
54266,139,142,-3,3
54267,63,62,1,1
54268,79,75,4,4
54269,111,110,1,1
54270,80,75,5,5
54271,89,93,-4,4
54272,65,58,7,7
54273,139,129,10,10
54274,105,100,5,5
54275,59,61,-2,2
54276,108,90,18,18
54277,71,68,3,3
54278,57,64,-7,7
54279,65,65,0,0
54280,66,66,0,0
54281,171,157,14,14
54282,69,88,-19,19
54283,137,119,18,18
54284,62,56,6,6
54285,92,85,7,7
54286,87,76,11,11
54287,131,122,9,9
54288,160,163,-3,3
54289,78,80,-2,2
54290,82,84,-2,2
54291,152,163,-11,11
54292,34,33,1,1
54293,80,89,-9,9
54294,201,197,4,4
54295,89,85,4,4
54296,88,91,-3,3
54297,137,128,9,9
54298,58,57,1,1
54299,87,99,-12,12
54300,106,112,-6,6
54301,67,66,1,1
54302,57,51,6,6
54303,83,72,11,11
54304,105,93,12,12
54305,187,145,42,42
54306,92,91,1,1
54307,43,42,1,1
54308,130,125,5,5
54309,103,92,11,11
54310,79,83,-4,4
54311,176,171,5,5
54312,120,107,13,13
54313,75,75,0,0
54314,75,59,16,16
54315,77,64,13,13
54316,87,83,4,4
54317,49,61,-12,12
54318,164,133,31,31
54319,142,134,8,8
54320,136,130,6,6
54321,51,60,-9,9
54322,79,82,-3,3
54323,173,162,11,11
54324,118,118,0,0
54325,75,76,-1,1
54326,87,92,-5,5
54327,66,61,5,5
54328,67,71,-4,4
54329,124,119,5,5
54330,62,59,3,3
54331,88,97,-9,9
54332,87,82,5,5
54333,125,125,0,0
54334,107,91,16,16
54335,65,60,5,5
54336,50,51,-1,1
54337,80,71,9,9
54338,166,159,7,7
54339,142,127,15,15
54340,171,160,11,11
54341,57,54,3,3
54342,87,85,2,2
54343,106,90,16,16
54344,95,108,-13,13
54345,108,101,7,7
54346,105,100,5,5
54347,112,108,4,4
54348,101,87,14,14
54349,89,80,9,9
54350,49,58,-9,9
54351,84,80,4,4
54352,101,98,3,3
54353,66,64,2,2
54354,83,88,-5,5
54355,58,47,11,11
54356,85,86,-1,1
54357,91,117,-26,26
54358,53,65,-12,12
54359,94,87,7,7
54360,97,78,19,19
54361,76,76,0,0
54362,45,59,-14,14
54363,49,44,5,5
54364,150,154,-4,4
54365,104,94,10,10
54366,111,113,-2,2
54367,68,64,4,4
54368,93,99,-6,6
54369,100,97,3,3
54370,107,103,4,4
54371,121,117,4,4
54372,60,56,4,4
54373,134,136,-2,2
54374,127,122,5,5
54375,76,84,-8,8
54376,122,109,13,13
54377,71,67,4,4
54378,73,60,13,13
54379,74,75,-1,1
54380,133,127,6,6
54381,78,70,8,8
54382,60,73,-13,13
54383,112,126,-14,14
54384,87,85,2,2
54385,105,96,9,9
54386,62,68,-6,6
54387,76,73,3,3
54388,124,111,13,13
54389,108,111,-3,3
54390,63,63,0,0
54391,192,170,22,22
54392,63,79,-16,16
54393,94,90,4,4
54394,76,91,-15,15
54395,153,141,12,12
54396,145,131,14,14
54397,118,123,-5,5
54398,144,145,-1,1
54399,80,85,-5,5
54400,81,78,3,3
54401,167,128,39,39
54402,112,92,20,20
54403,87,102,-15,15
54404,114,85,29,29
54405,96,96,0,0
54406,72,76,-4,4
54407,148,155,-7,7
54408,105,104,1,1
54409,138,140,-2,2
54410,80,78,2,2
54411,79,73,6,6
54412,92,83,9,9
54413,104,99,5,5
54414,60,70,-10,10
54415,179,149,30,30
54416,86,80,6,6
54417,32,58,-26,26
54418,134,98,36,36
54419,71,69,2,2
54420,93,88,5,5
54421,112,100,12,12
54422,117,113,4,4
54423,112,105,7,7
54424,83,85,-2,2
54425,111,110,1,1
54426,143,136,7,7
54427,84,87,-3,3
54428,58,64,-6,6
54429,78,75,3,3
54430,116,104,12,12
54431,120,106,14,14
54432,102,94,8,8
54433,155,106,49,49
54434,106,102,4,4
54435,79,78,1,1
54436,111,112,-1,1
54437,72,70,2,2
54438,59,62,-3,3
54439,139,141,-2,2
54440,119,108,11,11
54441,100,88,12,12
54442,59,75,-16,16
54443,67,82,-15,15
54444,149,138,11,11
54445,74,71,3,3
54446,96,88,8,8
54447,196,202,-6,6
54448,144,150,-6,6
54449,101,98,3,3
54450,80,88,-8,8
54451,76,83,-7,7
54452,96,95,1,1
54453,112,113,-1,1
54454,73,100,-27,27
54455,126,120,6,6
54456,92,90,2,2
54457,125,123,2,2
54458,64,63,1,1
54459,146,122,24,24
54460,77,98,-21,21
54461,148,143,5,5
54462,126,119,7,7
54463,95,95,0,0
54464,58,51,7,7
54465,146,129,17,17
54466,148,119,29,29
54467,104,96,8,8
54468,129,111,18,18
54469,60,54,6,6
54470,83,79,4,4
54471,67,55,12,12
54472,132,112,20,20
54473,82,88,-6,6
54474,34,49,-15,15
54475,76,71,5,5
54476,116,118,-2,2
54477,119,131,-12,12
54478,96,96,0,0
54479,138,126,12,12
54480,80,78,2,2
54481,109,110,-1,1
54482,103,96,7,7
54483,57,60,-3,3
54484,41,40,1,1
54485,121,115,6,6
54486,87,75,12,12
54487,125,118,7,7
54488,82,90,-8,8
54489,36,38,-2,2
54490,63,64,-1,1
54491,112,114,-2,2
54492,90,86,4,4
54493,110,117,-7,7
54494,184,150,34,34
54495,97,91,6,6
54496,64,72,-8,8
54497,115,105,10,10
54498,85,80,5,5
54499,60,58,2,2
54500,68,77,-9,9
54501,118,108,10,10
54502,56,80,-24,24
54503,49,67,-18,18
54504,92,86,6,6
54505,62,56,6,6
54506,131,123,8,8
54507,125,117,8,8
54508,146,131,15,15
54509,78,78,0,0
54510,69,67,2,2
54511,76,67,9,9
54512,66,69,-3,3
54513,71,72,-1,1
54514,97,101,-4,4
54515,264,259,5,5
54516,38,42,-4,4
54517,134,126,8,8
54518,70,67,3,3
54519,67,68,-1,1
54520,128,120,8,8
54521,138,103,35,35
54522,101,116,-15,15
54523,76,80,-4,4
54524,42,40,2,2
54525,138,119,19,19
54526,126,129,-3,3
54527,80,75,5,5
54528,61,64,-3,3
54529,105,98,7,7
54530,113,107,6,6
54531,96,97,-1,1
54532,97,97,0,0
54533,74,81,-7,7
54534,129,128,1,1
54535,83,73,10,10
54536,87,71,16,16
54537,72,68,4,4
54538,120,109,11,11
54539,95,108,-13,13
54540,62,71,-9,9
54541,54,51,3,3
54542,80,86,-6,6
54543,109,97,12,12
54544,90,77,13,13
54545,30,40,-10,10
54546,103,98,5,5
54547,91,100,-9,9
54548,92,83,9,9
54549,79,81,-2,2
54550,120,116,4,4
54551,131,109,22,22
54552,91,87,4,4
54553,64,63,1,1
54554,106,101,5,5
54555,81,88,-7,7
54556,86,81,5,5
54557,190,198,-8,8
54558,80,84,-4,4
54559,108,109,-1,1
54560,136,135,1,1
54561,84,81,3,3
54562,122,117,5,5
54563,80,75,5,5
54564,80,77,3,3
54565,143,133,10,10
54566,31,29,2,2
54567,96,91,5,5
54568,74,66,8,8
54569,130,122,8,8
54570,99,95,4,4
54571,90,91,-1,1
54572,89,81,8,8
54573,122,99,23,23
54574,116,112,4,4
54575,111,113,-2,2
54576,129,106,23,23
54577,97,101,-4,4
54578,122,97,25,25
54579,94,117,-23,23
54580,78,80,-2,2
54581,101,106,-5,5
54582,77,82,-5,5
54583,99,95,4,4
54584,91,102,-11,11
54585,74,74,0,0
54586,120,115,5,5
54587,109,94,15,15
54588,54,55,-1,1
54589,105,93,12,12
54590,140,144,-4,4
54591,175,174,1,1
54592,103,86,17,17
54593,80,80,0,0
54594,71,76,-5,5
54595,101,93,8,8
54596,91,93,-2,2
54597,75,89,-14,14
54598,51,56,-5,5
54599,59,66,-7,7
54600,108,102,6,6
54601,198,190,8,8
54602,48,47,1,1
54603,117,112,5,5
54604,44,46,-2,2
54605,105,102,3,3
54606,78,83,-5,5
54607,92,106,-14,14
54608,89,82,7,7
54609,68,71,-3,3
54610,50,54,-4,4
54611,83,80,3,3
54612,71,64,7,7
54613,96,108,-12,12
54614,146,136,10,10
54615,134,102,32,32
54616,73,98,-25,25
54617,84,99,-15,15
54618,86,87,-1,1
54619,152,138,14,14
54620,59,60,-1,1
54621,183,202,-19,19
54622,50,51,-1,1
54623,83,80,3,3
54624,103,91,12,12
54625,63,53,10,10
54626,58,58,0,0
54627,79,69,10,10
54628,65,82,-17,17
54629,50,59,-9,9
54630,89,78,11,11
54631,132,115,17,17
54632,91,93,-2,2
54633,79,81,-2,2
54634,89,79,10,10
54635,117,120,-3,3
54636,89,75,14,14
54637,109,108,1,1
54638,124,122,2,2
54639,97,96,1,1
54640,131,132,-1,1
54641,86,85,1,1
54642,77,75,2,2
54643,96,94,2,2
54644,94,90,4,4
54645,74,68,6,6
54646,129,120,9,9
54647,104,96,8,8
54648,113,115,-2,2
54649,99,104,-5,5
54650,63,49,14,14
54651,95,107,-12,12
54652,68,80,-12,12
54653,194,157,37,37
54654,99,113,-14,14
54655,123,133,-10,10
54656,119,116,3,3
54657,108,97,11,11
54658,66,77,-11,11
54659,60,67,-7,7
54660,58,67,-9,9
54661,183,185,-2,2
54662,190,166,24,24
54663,165,130,35,35
54664,80,84,-4,4
54665,166,155,11,11
54666,123,130,-7,7
54667,131,137,-6,6
54668,62,64,-2,2
54669,83,70,13,13
54670,125,125,0,0
54671,103,107,-4,4
54672,101,102,-1,1
54673,95,89,6,6
54674,59,66,-7,7
54675,107,96,11,11
54676,79,68,11,11
54677,87,67,20,20
54678,84,81,3,3
54679,67,68,-1,1
54680,75,67,8,8
54681,85,85,0,0
54682,89,79,10,10
54683,105,110,-5,5
54684,71,73,-2,2
54685,150,131,19,19
54686,59,56,3,3
54687,86,83,3,3
54688,85,85,0,0
54689,110,107,3,3
54690,76,67,9,9
54691,100,88,12,12
54692,109,93,16,16
54693,110,108,2,2
54694,97,111,-14,14
54695,109,109,0,0
54696,188,171,17,17
54697,52,53,-1,1
54698,56,69,-13,13
54699,87,83,4,4
54700,72,75,-3,3
54701,171,163,8,8
54702,109,104,5,5
54703,86,85,1,1
54704,140,149,-9,9
54705,113,105,8,8
54706,89,88,1,1
54707,102,96,6,6
54708,82,68,14,14
54709,87,82,5,5
54710,85,78,7,7
54711,150,140,10,10
54712,151,132,19,19
54713,65,73,-8,8
54714,150,143,7,7
54715,102,98,4,4
54716,88,86,2,2
54717,108,108,0,0
54718,38,40,-2,2
54719,123,115,8,8
54720,92,71,21,21
54721,120,107,13,13
54722,108,96,12,12
54723,72,64,8,8
54724,62,61,1,1
54725,105,103,2,2
54726,71,76,-5,5
54727,99,96,3,3
54728,88,97,-9,9
54729,79,97,-18,18
54730,86,83,3,3
54731,116,104,12,12
54732,74,87,-13,13
54733,93,94,-1,1
54734,198,167,31,31
54735,96,89,7,7
54736,78,77,1,1
54737,57,54,3,3
54738,45,51,-6,6
54739,140,131,9,9
54740,76,66,10,10
54741,88,97,-9,9
54742,127,124,3,3
54743,50,52,-2,2
54744,101,108,-7,7
54745,71,77,-6,6
54746,141,128,13,13
54747,110,118,-8,8
54748,144,116,28,28
54749,114,121,-7,7
54750,66,59,7,7
54751,90,96,-6,6
54752,83,79,4,4
54753,143,132,11,11
54754,81,73,8,8
54755,41,39,2,2
54756,165,171,-6,6
54757,92,95,-3,3
54758,43,69,-26,26
54759,84,79,5,5
54760,58,62,-4,4
54761,74,68,6,6
54762,102,85,17,17
54763,62,75,-13,13
54764,115,104,11,11
54765,93,96,-3,3
54766,155,138,17,17
54767,173,184,-11,11
54768,145,137,8,8
54769,75,72,3,3
54770,116,101,15,15
54771,114,117,-3,3
54772,115,117,-2,2
54773,123,117,6,6
54774,86,97,-11,11
54775,95,86,9,9
54776,59,58,1,1
54777,123,119,4,4
54778,111,111,0,0
54779,109,127,-18,18
54780,92,90,2,2
54781,118,130,-12,12
54782,42,40,2,2
54783,65,63,2,2
54784,74,71,3,3
54785,144,152,-8,8
54786,139,124,15,15
54787,71,70,1,1
54788,66,68,-2,2
54789,81,92,-11,11
54790,103,105,-2,2
54791,65,61,4,4
54792,137,143,-6,6
54793,86,87,-1,1
54794,64,51,13,13
54795,96,94,2,2
54796,76,78,-2,2
54797,56,55,1,1
54798,59,60,-1,1
54799,70,70,0,0
54800,79,82,-3,3
54801,92,78,14,14
54802,64,75,-11,11
54803,141,145,-4,4
54804,111,106,5,5
54805,123,100,23,23
54806,55,65,-10,10
54807,58,52,6,6
54808,105,82,23,23
54809,124,107,17,17
54810,76,71,5,5
54811,72,83,-11,11
54812,68,79,-11,11
54813,39,42,-3,3
54814,83,80,3,3
54815,90,81,9,9
54816,84,73,11,11
54817,131,112,19,19
54818,100,91,9,9
54819,68,65,3,3
54820,199,173,26,26
54821,111,105,6,6
54822,63,61,2,2
54823,112,113,-1,1
54824,58,70,-12,12
54825,167,166,1,1
54826,167,160,7,7
54827,204,169,35,35
54828,88,88,0,0
54829,112,116,-4,4
54830,109,106,3,3
54831,74,65,9,9
54832,118,118,0,0
54833,114,110,4,4
54834,52,56,-4,4
54835,79,78,1,1
54836,63,63,0,0
54837,34,37,-3,3
54838,75,68,7,7
54839,66,67,-1,1
54840,165,164,1,1
54841,140,103,37,37
54842,68,66,2,2
54843,119,107,12,12
54844,109,119,-10,10
54845,79,83,-4,4
54846,96,84,12,12
54847,96,90,6,6
54848,58,59,-1,1
54849,99,96,3,3
54850,68,68,0,0
54851,61,60,1,1
54852,89,93,-4,4
54853,135,124,11,11
54854,60,69,-9,9
54855,92,91,1,1
54856,84,70,14,14
54857,84,85,-1,1
54858,94,90,4,4
54859,101,111,-10,10
54860,119,111,8,8
54861,139,146,-7,7
54862,84,89,-5,5
54863,204,152,52,52
54864,97,86,11,11
54865,79,86,-7,7
54866,101,99,2,2
54867,86,85,1,1
54868,84,73,11,11
54869,67,61,6,6
54870,98,96,2,2
54871,79,76,3,3
54872,90,79,11,11
54873,62,63,-1,1
54874,65,60,5,5
54875,62,69,-7,7
54876,41,43,-2,2
54877,140,129,11,11
54878,167,154,13,13
54879,129,130,-1,1
54880,170,198,-28,28
54881,76,82,-6,6
54882,88,84,4,4
54883,57,55,2,2
54884,55,56,-1,1
54885,81,72,9,9
54886,142,120,22,22
54887,118,104,14,14
54888,66,57,9,9
54889,61,77,-16,16
54890,97,98,-1,1
54891,88,88,0,0
54892,101,101,0,0
54893,64,74,-10,10
54894,116,110,6,6
54895,90,85,5,5
54896,87,83,4,4
54897,98,93,5,5
54898,111,105,6,6
54899,67,58,9,9
54900,51,50,1,1
54901,123,121,2,2
54902,59,67,-8,8
54903,67,70,-3,3
54904,48,47,1,1
54905,52,61,-9,9
54906,180,191,-11,11
54907,61,64,-3,3
54908,162,147,15,15
54909,76,79,-3,3
54910,57,64,-7,7
54911,90,87,3,3
54912,55,60,-5,5
54913,103,106,-3,3
54914,72,86,-14,14
54915,70,65,5,5
54916,154,136,18,18
54917,113,111,2,2
54918,108,112,-4,4
54919,50,60,-10,10
54920,45,63,-18,18
54921,71,64,7,7
54922,132,130,2,2
54923,164,153,11,11
54924,100,106,-6,6
54925,46,48,-2,2
54926,85,78,7,7
54927,88,81,7,7
54928,107,113,-6,6
54929,84,79,5,5
54930,48,48,0,0
54931,98,104,-6,6
54932,154,144,10,10
54933,115,110,5,5
54934,69,69,0,0
54935,47,50,-3,3
54936,79,69,10,10
54937,74,63,11,11
54938,77,77,0,0
54939,52,55,-3,3
54940,146,134,12,12
54941,74,80,-6,6
54942,122,115,7,7
54943,83,102,-19,19
54944,134,94,40,40
54945,113,112,1,1
54946,113,104,9,9
54947,100,118,-18,18
54948,77,74,3,3
54949,91,80,11,11
54950,112,141,-29,29
54951,109,101,8,8
54952,97,96,1,1
54953,156,152,4,4
54954,128,118,10,10
54955,88,88,0,0
54956,68,64,4,4
54957,69,63,6,6
54958,137,132,5,5
54959,68,75,-7,7
54960,65,64,1,1
54961,93,93,0,0
54962,58,57,1,1
54963,55,66,-11,11
54964,121,115,6,6
54965,133,135,-2,2
54966,50,55,-5,5
54967,228,224,4,4
54968,101,90,11,11
54969,51,52,-1,1
54970,89,83,6,6
54971,63,78,-15,15
54972,70,74,-4,4
54973,41,39,2,2
54974,114,104,10,10
54975,65,69,-4,4
54976,83,83,0,0
54977,61,56,5,5
54978,68,71,-3,3
54979,107,108,-1,1
54980,70,129,-59,59
54981,122,110,12,12
54982,44,44,0,0
54983,138,147,-9,9
54984,178,185,-7,7
54985,94,85,9,9
54986,107,96,11,11
54987,63,63,0,0
54988,84,89,-5,5
54989,124,111,13,13
54990,68,83,-15,15
54991,78,73,5,5
54992,177,164,13,13
54993,49,61,-12,12
54994,60,53,7,7
54995,63,73,-10,10
54996,39,66,-27,27
54997,88,92,-4,4
54998,150,141,9,9
54999,105,102,3,3
55000,88,81,7,7
55001,58,59,-1,1
55002,47,49,-2,2
55003,135,117,18,18
55004,101,90,11,11
55005,61,64,-3,3
55006,114,95,19,19
55007,75,63,12,12
55008,88,79,9,9
55009,69,64,5,5
55010,95,89,6,6
55011,120,152,-32,32
55012,148,166,-18,18
55013,80,83,-3,3
55014,54,50,4,4
55015,85,77,8,8
55016,123,103,20,20
55017,101,103,-2,2
55018,108,105,3,3
55019,62,63,-1,1
55020,68,79,-11,11
55021,55,57,-2,2
55022,103,103,0,0
55023,115,104,11,11
55024,94,102,-8,8
55025,77,73,4,4
55026,146,128,18,18
55027,62,63,-1,1
55028,57,67,-10,10
55029,204,182,22,22
55030,52,64,-12,12
55031,111,134,-23,23
55032,67,62,5,5
55033,116,104,12,12
55034,168,176,-8,8
55035,47,57,-10,10
55036,75,78,-3,3
55037,92,103,-11,11
55038,139,139,0,0
55039,130,132,-2,2
55040,118,107,11,11
55041,72,73,-1,1
55042,90,90,0,0
55043,104,84,20,20
55044,99,104,-5,5
55045,98,97,1,1
55046,84,85,-1,1
55047,106,88,18,18
55048,69,66,3,3
55049,72,74,-2,2
55050,86,87,-1,1
55051,122,106,16,16
55052,103,95,8,8
55053,113,106,7,7
55054,70,56,14,14
55055,73,89,-16,16
55056,79,79,0,0
55057,102,95,7,7
55058,79,78,1,1
55059,67,63,4,4
55060,61,61,0,0
55061,78,80,-2,2
55062,83,78,5,5
55063,91,81,10,10
55064,49,55,-6,6
55065,64,73,-9,9
55066,76,75,1,1
55067,155,155,0,0
55068,90,85,5,5
55069,78,107,-29,29
55070,67,71,-4,4
55071,112,108,4,4
55072,90,91,-1,1
55073,98,87,11,11
55074,93,88,5,5
55075,103,109,-6,6
55076,64,63,1,1
55077,94,95,-1,1
55078,58,54,4,4
55079,76,72,4,4
55080,153,148,5,5
55081,96,77,19,19
55082,151,143,8,8
55083,60,65,-5,5
55084,87,72,15,15
55085,30,37,-7,7
55086,83,79,4,4
55087,107,112,-5,5
55088,114,104,10,10
55089,74,80,-6,6
55090,99,106,-7,7
55091,120,113,7,7
55092,89,86,3,3
55093,215,198,17,17
55094,53,52,1,1
55095,74,80,-6,6
55096,112,104,8,8
55097,76,73,3,3
55098,69,68,1,1
55099,146,128,18,18
55100,92,82,10,10
55101,72,72,0,0
55102,184,198,-14,14
55103,50,50,0,0
55104,82,75,7,7
55105,90,73,17,17
55106,152,140,12,12
55107,41,54,-13,13
55108,149,138,11,11
55109,83,75,8,8
55110,45,66,-21,21
55111,225,206,19,19
55112,169,157,12,12
55113,44,47,-3,3
55114,118,117,1,1
55115,108,100,8,8
55116,125,118,7,7
55117,124,121,3,3
55118,65,90,-25,25
55119,164,152,12,12
55120,138,135,3,3
55121,87,73,14,14
55122,51,52,-1,1
55123,98,101,-3,3
55124,64,70,-6,6
55125,63,69,-6,6
55126,101,93,8,8
55127,90,84,6,6
55128,104,95,9,9
55129,140,129,11,11
55130,121,112,9,9
55131,107,105,2,2
55132,85,85,0,0
55133,116,117,-1,1
55134,55,63,-8,8
55135,74,79,-5,5
55136,178,142,36,36
55137,134,115,19,19
55138,62,64,-2,2
55139,113,107,6,6
55140,75,62,13,13
55141,84,80,4,4
55142,88,66,22,22
55143,68,82,-14,14
55144,46,49,-3,3
55145,150,151,-1,1
55146,99,91,8,8
55147,108,96,12,12
55148,118,77,41,41
55149,48,55,-7,7
55150,104,85,19,19
55151,73,63,10,10
55152,109,101,8,8
55153,62,58,4,4
55154,91,77,14,14
55155,119,116,3,3
55156,157,148,9,9
55157,117,109,8,8
55158,60,54,6,6
55159,90,78,12,12
55160,102,92,10,10
55161,100,95,5,5
55162,99,93,6,6
55163,108,103,5,5
55164,90,81,9,9
55165,120,113,7,7
55166,97,92,5,5
55167,78,80,-2,2
55168,105,105,0,0
55169,160,134,26,26
55170,143,135,8,8
55171,112,112,0,0
55172,152,142,10,10
55173,153,133,20,20
55174,65,60,5,5
55175,66,63,3,3
55176,63,55,8,8
55177,55,79,-24,24
55178,75,73,2,2
55179,91,78,13,13
55180,81,74,7,7
55181,138,131,7,7
55182,120,108,12,12
55183,86,82,4,4
55184,75,69,6,6
55185,15,35,-20,20
55186,71,78,-7,7
55187,158,155,3,3
55188,102,82,20,20
55189,58,55,3,3
55190,54,46,8,8
55191,77,85,-8,8
55192,82,75,7,7
55193,69,66,3,3
55194,92,96,-4,4
55195,132,132,0,0
55196,109,108,1,1
55197,192,185,7,7
55198,62,51,11,11
55199,41,40,1,1
55200,120,113,7,7
55201,82,78,4,4
55202,116,116,0,0
55203,44,60,-16,16
55204,87,91,-4,4
55205,63,72,-9,9
55206,75,79,-4,4
55207,106,94,12,12
55208,198,208,-10,10
55209,87,78,9,9
55210,45,44,1,1
55211,95,96,-1,1
55212,128,120,8,8
55213,72,72,0,0
55214,80,96,-16,16
55215,144,150,-6,6
55216,83,84,-1,1
55217,138,148,-10,10
55218,107,89,18,18
55219,42,43,-1,1
55220,105,102,3,3
55221,129,113,16,16
55222,78,72,6,6
55223,157,135,22,22
55224,135,125,10,10
55225,38,22,16,16
55226,174,170,4,4
55227,83,83,0,0
55228,79,75,4,4
55229,172,184,-12,12
55230,76,63,13,13
55231,106,83,23,23
55232,102,105,-3,3
55233,60,64,-4,4
55234,160,141,19,19
55235,58,57,1,1
55236,66,62,4,4
55237,93,86,7,7
55238,97,85,12,12
55239,99,103,-4,4
55240,232,251,-19,19
55241,111,84,27,27
55242,57,63,-6,6
55243,92,93,-1,1
55244,70,63,7,7
55245,58,72,-14,14
55246,58,58,0,0
55247,80,82,-2,2
55248,119,113,6,6
55249,111,98,13,13
55250,73,73,0,0
55251,72,64,8,8
55252,98,93,5,5
55253,114,119,-5,5
55254,115,110,5,5
55255,180,54,126,126
55256,137,151,-14,14
55257,106,86,20,20
55258,116,115,1,1
55259,161,146,15,15
55260,53,57,-4,4
55261,160,147,13,13
55262,105,105,0,0
55263,85,85,0,0
55264,137,135,2,2
55265,78,76,2,2
55266,152,139,13,13
55267,107,101,6,6
55268,61,65,-4,4
55269,113,91,22,22
55270,145,144,1,1
55271,125,113,12,12
55272,63,62,1,1
55273,83,86,-3,3
55274,139,118,21,21
55275,79,75,4,4
55276,136,131,5,5
55277,77,76,1,1
55278,101,94,7,7
55279,54,56,-2,2
55280,103,103,0,0
55281,84,72,12,12
55282,62,71,-9,9
55283,149,150,-1,1
55284,52,50,2,2
55285,143,132,11,11
55286,185,171,14,14
55287,121,110,11,11
55288,93,103,-10,10
55289,89,86,3,3
55290,71,64,7,7
55291,96,85,11,11
55292,92,81,11,11
55293,132,122,10,10
55294,110,119,-9,9
55295,81,81,0,0
55296,138,126,12,12
55297,121,128,-7,7
55298,136,123,13,13
55299,108,114,-6,6
55300,102,103,-1,1
55301,107,108,-1,1
55302,123,118,5,5
55303,78,72,6,6
55304,123,123,0,0
55305,191,169,22,22
55306,83,73,10,10
55307,66,66,0,0
55308,147,125,22,22
55309,75,80,-5,5
55310,142,147,-5,5
55311,54,59,-5,5
55312,79,89,-10,10
55313,65,59,6,6
55314,69,73,-4,4
55315,92,83,9,9
55316,116,106,10,10
55317,138,106,32,32
55318,60,60,0,0
55319,113,104,9,9
55320,107,100,7,7
55321,71,79,-8,8
55322,87,78,9,9
55323,66,65,1,1
55324,115,113,2,2
55325,88,89,-1,1
55326,59,68,-9,9
55327,109,100,9,9
55328,101,99,2,2
55329,99,87,12,12
55330,84,90,-6,6
55331,79,69,10,10
55332,144,116,28,28
55333,74,79,-5,5
55334,67,72,-5,5
55335,79,85,-6,6
55336,69,72,-3,3
55337,64,69,-5,5
55338,74,65,9,9
55339,122,136,-14,14
55340,88,92,-4,4
55341,85,94,-9,9
55342,135,148,-13,13
55343,150,134,16,16
55344,120,115,5,5
55345,85,81,4,4
55346,87,90,-3,3
55347,69,73,-4,4
55348,136,117,19,19
55349,139,110,29,29
55350,81,79,2,2
55351,88,91,-3,3
55352,117,110,7,7
55353,127,150,-23,23
55354,83,83,0,0
55355,53,65,-12,12
55356,41,36,5,5
55357,97,90,7,7
55358,169,162,7,7
55359,112,101,11,11
55360,38,39,-1,1
55361,84,79,5,5
55362,67,66,1,1
55363,92,88,4,4
55364,110,103,7,7
55365,88,105,-17,17
55366,78,69,9,9
55367,84,87,-3,3
55368,69,66,3,3
55369,99,92,7,7
55370,101,111,-10,10
55371,86,86,0,0
55372,102,100,2,2
55373,60,63,-3,3
55374,54,51,3,3
55375,111,110,1,1
55376,138,122,16,16
55377,82,71,11,11
55378,96,103,-7,7
55379,62,67,-5,5
55380,161,153,8,8
55381,73,76,-3,3
55382,92,95,-3,3
55383,115,113,2,2
55384,150,140,10,10
55385,78,72,6,6
55386,93,89,4,4
55387,80,71,9,9
55388,88,64,24,24
55389,89,84,5,5
55390,107,102,5,5
55391,76,65,11,11
55392,115,119,-4,4
55393,96,94,2,2
55394,119,113,6,6
55395,56,52,4,4
55396,100,113,-13,13
55397,101,92,9,9
55398,89,87,2,2
55399,75,84,-9,9
55400,106,97,9,9
55401,68,67,1,1
55402,69,62,7,7
55403,83,75,8,8
55404,85,95,-10,10
55405,130,122,8,8
55406,64,59,5,5
55407,44,50,-6,6
55408,83,80,3,3
55409,54,96,-42,42
55410,130,102,28,28
55411,91,94,-3,3
55412,59,80,-21,21
55413,109,87,22,22
55414,145,142,3,3
55415,65,57,8,8
55416,50,49,1,1
55417,147,132,15,15
55418,90,86,4,4
55419,143,148,-5,5
55420,97,92,5,5
55421,111,109,2,2
55422,63,61,2,2
55423,70,75,-5,5
55424,109,92,17,17
55425,108,110,-2,2
55426,149,140,9,9
55427,98,93,5,5
55428,137,128,9,9
55429,45,50,-5,5
55430,95,93,2,2
55431,59,67,-8,8
55432,71,67,4,4
55433,117,115,2,2
55434,73,69,4,4
55435,80,75,5,5
55436,168,124,44,44
55437,149,155,-6,6
55438,53,48,5,5
55439,65,61,4,4
55440,160,129,31,31
55441,83,82,1,1
55442,88,98,-10,10
55443,98,91,7,7
55444,51,54,-3,3
55445,54,60,-6,6
55446,70,68,2,2
55447,80,81,-1,1
55448,169,140,29,29
55449,109,103,6,6
55450,57,65,-8,8
55451,119,118,1,1
55452,238,231,7,7
55453,132,118,14,14
55454,78,78,0,0
55455,88,81,7,7
55456,85,81,4,4
55457,27,53,-26,26
55458,62,64,-2,2
55459,131,120,11,11
55460,138,123,15,15
55461,43,83,-40,40
55462,58,69,-11,11
55463,76,69,7,7
55464,72,81,-9,9
55465,121,94,27,27
55466,107,100,7,7
55467,81,73,8,8
55468,49,58,-9,9
55469,113,99,14,14
55470,71,62,9,9
55471,44,47,-3,3
55472,81,76,5,5
55473,73,61,12,12
55474,85,93,-8,8
55475,100,93,7,7
55476,126,109,17,17
55477,96,93,3,3
55478,67,68,-1,1
55479,114,118,-4,4
55480,97,80,17,17
55481,185,153,32,32
55482,55,52,3,3
55483,177,185,-8,8
55484,85,84,1,1
55485,117,110,7,7
55486,157,145,12,12
55487,129,121,8,8
55488,94,99,-5,5
55489,87,94,-7,7
55490,139,121,18,18
55491,121,123,-2,2
55492,65,54,11,11
55493,58,65,-7,7
55494,98,95,3,3
55495,37,35,2,2
55496,63,69,-6,6
55497,193,194,-1,1
55498,101,106,-5,5
55499,69,81,-12,12
55500,133,125,8,8
55501,121,96,25,25
55502,91,89,2,2
55503,85,83,2,2
55504,67,85,-18,18
55505,117,112,5,5
55506,61,53,8,8
55507,61,56,5,5
55508,97,104,-7,7
55509,81,81,0,0
55510,89,96,-7,7
55511,58,60,-2,2
55512,80,73,7,7
55513,96,85,11,11
55514,87,88,-1,1
55515,69,69,0,0
55516,116,130,-14,14
55517,138,145,-7,7
55518,65,63,2,2
55519,90,84,6,6
55520,87,82,5,5
55521,102,94,8,8
55522,79,85,-6,6
55523,146,145,1,1
55524,130,105,25,25
55525,127,111,16,16
55526,96,84,12,12
55527,80,83,-3,3
55528,132,148,-16,16
55529,115,81,34,34
55530,81,94,-13,13
55531,86,86,0,0
55532,105,96,9,9
55533,130,138,-8,8
55534,84,84,0,0
55535,52,100,-48,48
55536,72,76,-4,4
55537,82,76,6,6
55538,115,114,1,1
55539,100,94,6,6
55540,102,102,0,0
55541,107,106,1,1
55542,116,110,6,6
55543,61,57,4,4
55544,95,97,-2,2
55545,78,72,6,6
55546,78,83,-5,5
55547,79,70,9,9
55548,82,81,1,1
55549,71,75,-4,4
55550,128,113,15,15
55551,89,95,-6,6
55552,115,128,-13,13
55553,83,72,11,11
55554,80,79,1,1
55555,79,93,-14,14
55556,69,89,-20,20
55557,123,112,11,11
55558,67,70,-3,3
55559,135,128,7,7
55560,134,149,-15,15
55561,133,122,11,11
55562,52,50,2,2
55563,175,170,5,5
55564,95,90,5,5
55565,122,119,3,3
55566,74,67,7,7
55567,73,74,-1,1
55568,53,52,1,1
55569,69,78,-9,9
55570,103,112,-9,9
55571,45,45,0,0
55572,107,89,18,18
55573,49,56,-7,7
55574,132,116,16,16
55575,89,79,10,10
55576,62,61,1,1
55577,109,105,4,4
55578,81,81,0,0
55579,72,81,-9,9
55580,52,57,-5,5
55581,74,78,-4,4
55582,36,41,-5,5
55583,68,70,-2,2
55584,73,74,-1,1
55585,89,87,2,2
55586,63,59,4,4
55587,69,69,0,0
55588,103,110,-7,7
55589,53,62,-9,9
55590,103,109,-6,6
55591,108,100,8,8
55592,109,157,-48,48
55593,187,204,-17,17
55594,69,68,1,1
55595,124,100,24,24
55596,117,118,-1,1
55597,94,86,8,8
55598,44,51,-7,7
55599,120,111,9,9
55600,140,154,-14,14
55601,131,115,16,16
55602,100,106,-6,6
55603,147,148,-1,1
55604,55,44,11,11
55605,126,127,-1,1
55606,84,83,1,1
55607,81,79,2,2
55608,110,85,25,25
55609,68,74,-6,6
55610,90,95,-5,5
55611,79,75,4,4
55612,108,108,0,0
55613,69,75,-6,6
55614,67,58,9,9
55615,151,166,-15,15
55616,121,110,11,11
55617,67,68,-1,1
55618,100,89,11,11
55619,105,105,0,0
55620,105,111,-6,6
55621,92,93,-1,1
55622,107,111,-4,4
55623,163,158,5,5
55624,110,121,-11,11
55625,115,101,14,14
55626,93,86,7,7
55627,143,130,13,13
55628,105,86,19,19
55629,102,98,4,4
55630,54,57,-3,3
55631,117,114,3,3
55632,94,87,7,7
55633,121,101,20,20
55634,51,48,3,3
55635,93,94,-1,1
55636,136,141,-5,5
55637,75,66,9,9
55638,83,67,16,16
55639,90,84,6,6
55640,110,111,-1,1
55641,69,67,2,2
55642,110,106,4,4
55643,78,82,-4,4
55644,85,83,2,2
55645,89,86,3,3
55646,86,95,-9,9
55647,106,109,-3,3
55648,102,98,4,4
55649,52,50,2,2
55650,207,221,-14,14
55651,93,91,2,2
55652,113,118,-5,5
55653,97,96,1,1
55654,80,83,-3,3
55655,118,130,-12,12
55656,90,96,-6,6
55657,88,98,-10,10
55658,96,96,0,0
55659,103,99,4,4
55660,65,72,-7,7
55661,48,50,-2,2
55662,85,82,3,3
55663,104,94,10,10
55664,54,47,7,7
55665,89,71,18,18
55666,132,129,3,3
55667,83,85,-2,2
55668,80,76,4,4
55669,76,71,5,5
55670,67,61,6,6
55671,89,86,3,3
55672,149,141,8,8
55673,106,116,-10,10
55674,149,142,7,7
55675,52,50,2,2
55676,58,65,-7,7
55677,70,74,-4,4
55678,78,77,1,1
55679,212,198,14,14
55680,105,83,22,22
55681,101,86,15,15
55682,107,95,12,12
55683,145,147,-2,2
55684,77,77,0,0
55685,108,105,3,3
55686,97,101,-4,4
55687,90,82,8,8
55688,104,99,5,5
55689,99,95,4,4
55690,94,89,5,5
55691,105,108,-3,3
55692,69,73,-4,4
55693,81,81,0,0
55694,88,80,8,8
55695,112,118,-6,6
55696,93,98,-5,5
55697,130,129,1,1
55698,145,132,13,13
55699,130,120,10,10
55700,62,76,-14,14
55701,99,96,3,3
55702,67,68,-1,1
55703,129,125,4,4
55704,72,78,-6,6
55705,96,81,15,15
55706,76,76,0,0
55707,102,99,3,3
55708,81,82,-1,1
55709,157,147,10,10
55710,100,108,-8,8
55711,122,113,9,9
55712,65,67,-2,2
55713,82,78,4,4
55714,95,85,10,10
55715,133,123,10,10
55716,108,101,7,7
55717,81,82,-1,1
55718,91,89,2,2
55719,134,124,10,10
55720,146,140,6,6
55721,93,93,0,0
55722,53,54,-1,1
55723,108,97,11,11
55724,93,88,5,5
55725,99,90,9,9
55726,158,147,11,11
55727,66,72,-6,6
55728,66,73,-7,7
55729,83,81,2,2
55730,103,103,0,0
55731,54,52,2,2
55732,144,139,5,5
55733,88,103,-15,15
55734,105,91,14,14
55735,115,104,11,11
55736,125,122,3,3
55737,67,74,-7,7
55738,193,183,10,10
55739,127,110,17,17
55740,29,42,-13,13
55741,86,81,5,5
55742,121,127,-6,6
55743,94,78,16,16
55744,125,108,17,17
55745,174,174,0,0
55746,163,155,8,8
55747,128,108,20,20
55748,155,148,7,7
55749,123,128,-5,5
55750,100,91,9,9
55751,80,88,-8,8
55752,121,114,7,7
55753,31,25,6,6
55754,96,87,9,9
55755,80,76,4,4
55756,83,83,0,0
55757,82,77,5,5
55758,97,104,-7,7
55759,72,78,-6,6
55760,69,75,-6,6
55761,86,76,10,10
55762,73,92,-19,19
55763,100,103,-3,3
55764,66,61,5,5
55765,83,73,10,10
55766,92,101,-9,9
55767,68,71,-3,3
55768,118,120,-2,2
55769,97,103,-6,6
55770,62,63,-1,1
55771,78,76,2,2
55772,48,60,-12,12
55773,98,90,8,8
55774,71,66,5,5
55775,62,61,1,1
55776,45,55,-10,10
55777,122,120,2,2
55778,91,82,9,9
55779,71,126,-55,55
55780,68,70,-2,2
55781,118,121,-3,3
55782,79,80,-1,1
55783,120,121,-1,1
55784,134,146,-12,12
55785,72,71,1,1
55786,92,85,7,7
55787,49,77,-28,28
55788,100,93,7,7
55789,90,91,-1,1
55790,71,72,-1,1
55791,83,80,3,3
55792,71,76,-5,5
55793,90,95,-5,5
55794,168,184,-16,16
55795,68,82,-14,14
55796,50,54,-4,4
55797,59,58,1,1
55798,52,59,-7,7
55799,104,103,1,1
55800,95,95,0,0
55801,57,69,-12,12
55802,211,208,3,3
55803,58,64,-6,6
55804,125,103,22,22
55805,99,90,9,9
55806,88,97,-9,9
55807,182,184,-2,2
55808,99,95,4,4
55809,66,61,5,5
55810,169,165,4,4
55811,105,105,0,0
55812,92,91,1,1
55813,110,120,-10,10
55814,111,103,8,8
55815,95,87,8,8
55816,74,67,7,7
55817,135,115,20,20
55818,51,94,-43,43
55819,78,79,-1,1
55820,118,110,8,8
55821,118,112,6,6
55822,104,100,4,4
55823,37,44,-7,7
55824,96,90,6,6
55825,93,87,6,6
55826,60,90,-30,30
55827,102,93,9,9
55828,112,115,-3,3
55829,73,81,-8,8
55830,142,136,6,6
55831,67,65,2,2
55832,69,59,10,10
55833,103,186,-83,83
55834,42,61,-19,19
55835,99,96,3,3
55836,181,162,19,19
55837,94,97,-3,3
55838,83,87,-4,4
55839,98,85,13,13
55840,151,134,17,17
55841,149,134,15,15
55842,92,97,-5,5
55843,129,138,-9,9
55844,79,66,13,13
55845,119,128,-9,9
55846,159,150,9,9
55847,63,76,-13,13
55848,74,77,-3,3
55849,141,157,-16,16
55850,133,119,14,14
55851,106,100,6,6
55852,180,168,12,12
55853,152,131,21,21
55854,85,92,-7,7
55855,118,99,19,19
55856,127,120,7,7
55857,143,144,-1,1
55858,80,89,-9,9
55859,123,116,7,7
55860,131,120,11,11
55861,53,49,4,4
55862,83,74,9,9
55863,97,86,11,11
55864,120,112,8,8
55865,71,69,2,2
55866,127,109,18,18
55867,68,70,-2,2
55868,79,71,8,8
55869,104,109,-5,5
55870,139,145,-6,6
55871,143,145,-2,2
55872,102,110,-8,8
55873,75,72,3,3
55874,105,105,0,0
55875,71,66,5,5
55876,52,43,9,9
55877,73,78,-5,5
55878,95,85,10,10
55879,84,82,2,2
55880,77,71,6,6
55881,63,69,-6,6
55882,80,90,-10,10
55883,111,101,10,10
55884,146,116,30,30
55885,136,136,0,0
55886,58,56,2,2
55887,77,61,16,16
55888,74,93,-19,19
55889,157,139,18,18
55890,113,105,8,8
55891,88,82,6,6
55892,98,100,-2,2
55893,70,75,-5,5
55894,70,77,-7,7
55895,95,93,2,2
55896,113,96,17,17
55897,65,64,1,1
55898,82,74,8,8
55899,89,94,-5,5
55900,90,79,11,11
55901,75,89,-14,14
55902,73,69,4,4
55903,45,49,-4,4
55904,75,81,-6,6
55905,89,81,8,8
55906,127,110,17,17
55907,189,182,7,7
55908,132,121,11,11
55909,95,91,4,4
55910,113,100,13,13
55911,81,89,-8,8
55912,121,121,0,0
55913,73,80,-7,7
55914,107,100,7,7
55915,72,67,5,5
55916,110,117,-7,7
55917,69,70,-1,1
55918,149,137,12,12
55919,63,65,-2,2
55920,115,109,6,6
55921,105,100,5,5
55922,88,86,2,2
55923,65,68,-3,3
55924,87,89,-2,2
55925,94,93,1,1
55926,125,121,4,4
55927,93,83,10,10
55928,112,107,5,5
55929,103,94,9,9
55930,117,110,7,7
55931,95,91,4,4
55932,76,70,6,6
55933,94,112,-18,18
55934,50,52,-2,2
55935,115,115,0,0
55936,105,84,21,21
55937,108,96,12,12
55938,141,135,6,6
55939,102,109,-7,7
55940,58,66,-8,8
55941,108,100,8,8
55942,89,83,6,6
55943,71,75,-4,4
55944,59,57,2,2
55945,89,84,5,5
55946,57,60,-3,3
55947,106,104,2,2
55948,161,141,20,20
55949,92,82,10,10
55950,66,68,-2,2
55951,82,81,1,1
55952,84,78,6,6
55953,115,98,17,17
55954,110,101,9,9
55955,135,127,8,8
55956,93,88,5,5
55957,134,149,-15,15
55958,105,93,12,12
55959,79,75,4,4
55960,25,26,-1,1
55961,124,126,-2,2
55962,29,28,1,1
55963,96,79,17,17
55964,125,119,6,6
55965,52,58,-6,6
55966,101,99,2,2
55967,70,66,4,4
55968,98,89,9,9
55969,77,72,5,5
55970,167,151,16,16
55971,82,84,-2,2
55972,91,84,7,7
55973,70,71,-1,1
55974,74,69,5,5
55975,121,116,5,5
55976,46,65,-19,19
55977,76,78,-2,2
55978,111,101,10,10
55979,58,54,4,4
55980,65,63,2,2
55981,53,46,7,7
55982,109,118,-9,9
55983,80,81,-1,1
55984,88,85,3,3
55985,110,103,7,7
55986,98,83,15,15
55987,97,110,-13,13
55988,128,116,12,12
55989,144,133,11,11
55990,82,74,8,8
55991,131,117,14,14
55992,100,96,4,4
55993,95,91,4,4
55994,108,100,8,8
55995,82,83,-1,1
55996,73,73,0,0
55997,94,94,0,0
55998,99,104,-5,5
55999,88,92,-4,4
56000,157,174,-17,17
56001,75,84,-9,9
56002,95,110,-15,15
56003,82,70,12,12
56004,160,155,5,5
56005,146,130,16,16
56006,166,178,-12,12
56007,76,80,-4,4
56008,139,133,6,6
56009,110,109,1,1
56010,118,117,1,1
56011,122,105,17,17
56012,50,57,-7,7
56013,59,61,-2,2
56014,112,104,8,8
56015,108,119,-11,11
56016,42,46,-4,4
56017,112,113,-1,1
56018,126,111,15,15
56019,88,92,-4,4
56020,121,100,21,21
56021,83,81,2,2
56022,95,95,0,0
56023,98,89,9,9
56024,104,101,3,3
56025,66,67,-1,1
56026,129,116,13,13
56027,85,80,5,5
56028,101,100,1,1
56029,68,87,-19,19
56030,86,82,4,4
56031,79,72,7,7
56032,91,89,2,2
56033,113,110,3,3
56034,149,140,9,9
56035,76,84,-8,8
56036,107,97,10,10
56037,110,103,7,7
56038,75,84,-9,9
56039,100,106,-6,6
56040,110,107,3,3
56041,115,108,7,7
56042,128,124,4,4
56043,177,168,9,9
56044,105,103,2,2
56045,79,131,-52,52
56046,126,122,4,4
56047,135,148,-13,13
56048,66,54,12,12
56049,148,139,9,9
56050,128,110,18,18
56051,106,101,5,5
56052,99,82,17,17
56053,73,68,5,5
56054,64,73,-9,9
56055,98,117,-19,19
56056,111,93,18,18
56057,124,125,-1,1
56058,117,111,6,6
56059,94,91,3,3
56060,86,80,6,6
56061,80,66,14,14
56062,105,106,-1,1
56063,77,84,-7,7
56064,101,110,-9,9
56065,118,109,9,9
56066,130,99,31,31
56067,97,92,5,5
56068,77,75,2,2
56069,76,76,0,0
56070,122,125,-3,3
56071,116,129,-13,13
56072,67,74,-7,7
56073,109,99,10,10
56074,62,63,-1,1
56075,95,80,15,15
56076,130,124,6,6
56077,49,61,-12,12
56078,64,57,7,7
56079,84,90,-6,6
56080,147,120,27,27
56081,121,107,14,14
56082,158,168,-10,10
56083,105,95,10,10
56084,99,110,-11,11
56085,108,109,-1,1
56086,159,166,-7,7
56087,87,87,0,0
56088,128,141,-13,13
56089,58,67,-9,9
56090,110,106,4,4
56091,187,190,-3,3
56092,87,86,1,1
56093,143,140,3,3
56094,84,71,13,13
56095,132,136,-4,4
56096,74,72,2,2
56097,109,106,3,3
56098,86,100,-14,14
56099,111,110,1,1
56100,49,48,1,1
56101,73,71,2,2
56102,125,134,-9,9
56103,75,78,-3,3
56104,78,71,7,7
56105,99,89,10,10
56106,103,110,-7,7
56107,106,97,9,9
56108,57,54,3,3
56109,139,127,12,12
56110,90,86,4,4
56111,67,63,4,4
56112,60,60,0,0
56113,46,42,4,4
56114,56,57,-1,1
56115,135,127,8,8
56116,52,52,0,0
56117,102,106,-4,4
56118,79,82,-3,3
56119,75,77,-2,2
56120,118,114,4,4
56121,107,116,-9,9
56122,24,28,-4,4
56123,102,92,10,10
56124,78,79,-1,1
56125,94,80,14,14
56126,109,99,10,10
56127,139,131,8,8
56128,105,107,-2,2
56129,155,140,15,15
56130,53,49,4,4
56131,82,85,-3,3
56132,159,156,3,3
56133,105,96,9,9
56134,102,98,4,4
56135,78,76,2,2
56136,67,67,0,0
56137,149,152,-3,3
56138,84,81,3,3
56139,87,99,-12,12
56140,132,134,-2,2
56141,83,77,6,6
56142,75,64,11,11
56143,99,93,6,6
56144,77,88,-11,11
56145,97,87,10,10
56146,132,110,22,22
56147,105,97,8,8
56148,105,95,10,10
56149,59,61,-2,2
56150,69,75,-6,6
56151,120,111,9,9
56152,59,66,-7,7
56153,105,85,20,20
56154,81,77,4,4
56155,156,141,15,15
56156,62,64,-2,2
56157,63,66,-3,3
56158,156,142,14,14
56159,48,134,-86,86
56160,81,79,2,2
56161,78,84,-6,6
56162,72,63,9,9
56163,110,103,7,7
56164,76,76,0,0
56165,82,77,5,5
56166,76,78,-2,2
56167,106,97,9,9
56168,109,112,-3,3
56169,96,91,5,5
56170,129,117,12,12
56171,71,65,6,6
56172,124,134,-10,10
56173,107,101,6,6
56174,97,88,9,9
56175,113,105,8,8
56176,152,141,11,11
56177,91,109,-18,18
56178,78,74,4,4
56179,158,146,12,12
56180,117,104,13,13
56181,97,96,1,1
56182,83,79,4,4
56183,132,116,16,16
56184,79,82,-3,3
56185,101,100,1,1
56186,135,123,12,12
56187,96,84,12,12
56188,82,69,13,13
56189,70,77,-7,7
56190,110,99,11,11
56191,141,124,17,17
56192,61,66,-5,5
56193,97,84,13,13
56194,119,90,29,29
56195,67,75,-8,8
56196,92,105,-13,13
56197,84,76,8,8
56198,65,64,1,1
56199,84,86,-2,2
56200,124,114,10,10
56201,135,127,8,8
56202,146,131,15,15
56203,109,107,2,2
56204,145,147,-2,2
56205,89,84,5,5
56206,136,129,7,7
56207,85,81,4,4
56208,55,57,-2,2
56209,92,98,-6,6
56210,61,58,3,3
56211,132,115,17,17
56212,65,71,-6,6
56213,112,113,-1,1
56214,107,92,15,15
56215,48,45,3,3
56216,55,62,-7,7
56217,109,105,4,4
56218,136,132,4,4
56219,94,89,5,5
56220,45,48,-3,3
56221,139,125,14,14
56222,72,76,-4,4
56223,156,125,31,31
56224,58,61,-3,3
56225,96,81,15,15
56226,83,85,-2,2
56227,94,89,5,5
56228,29,31,-2,2
56229,124,103,21,21
56230,71,84,-13,13
56231,146,129,17,17
56232,97,78,19,19
56233,104,107,-3,3
56234,32,38,-6,6
56235,140,122,18,18
56236,57,51,6,6
56237,112,108,4,4
56238,70,71,-1,1
56239,92,83,9,9
56240,57,62,-5,5
56241,107,107,0,0
56242,76,79,-3,3
56243,81,71,10,10
56244,115,111,4,4
56245,22,67,-45,45
56246,96,97,-1,1
56247,84,91,-7,7
56248,103,95,8,8
56249,126,108,18,18
56250,76,70,6,6
56251,159,151,8,8
56252,74,68,6,6
56253,87,75,12,12
56254,46,51,-5,5
56255,33,35,-2,2
56256,76,64,12,12
56257,98,94,4,4
56258,73,61,12,12
56259,105,93,12,12
56260,51,59,-8,8
56261,94,82,12,12
56262,54,53,1,1
56263,86,91,-5,5
56264,60,62,-2,2
56265,144,141,3,3
56266,74,66,8,8
56267,90,81,9,9
56268,100,100,0,0
56269,107,113,-6,6
56270,129,116,13,13
56271,133,118,15,15
56272,70,76,-6,6
56273,101,95,6,6
56274,60,72,-12,12
56275,200,181,19,19
56276,64,52,12,12
56277,143,139,4,4
56278,90,86,4,4
56279,72,66,6,6
56280,85,88,-3,3
56281,136,132,4,4
56282,94,109,-15,15
56283,135,110,25,25
56284,102,96,6,6
56285,71,82,-11,11
56286,74,77,-3,3
56287,122,126,-4,4
56288,86,86,0,0
56289,40,44,-4,4
56290,109,105,4,4
56291,113,113,0,0
56292,110,98,12,12
56293,68,66,2,2
56294,130,123,7,7
56295,89,98,-9,9
56296,106,102,4,4
56297,98,90,8,8
56298,71,63,8,8
56299,128,125,3,3
56300,158,142,16,16
56301,82,78,4,4
56302,42,44,-2,2
56303,67,68,-1,1
56304,107,115,-8,8
56305,77,74,3,3
56306,113,108,5,5
56307,73,72,1,1
56308,189,184,5,5
56309,101,105,-4,4
56310,117,123,-6,6
56311,113,114,-1,1
56312,81,84,-3,3
56313,113,106,7,7
56314,108,96,12,12
56315,133,153,-20,20
56316,117,113,4,4
56317,119,116,3,3
56318,72,59,13,13
56319,72,83,-11,11
56320,105,107,-2,2
56321,70,69,1,1
56322,66,61,5,5
56323,152,135,17,17
56324,89,81,8,8
56325,20,26,-6,6
56326,72,72,0,0
56327,89,80,9,9
56328,83,89,-6,6
56329,121,129,-8,8
56330,119,106,13,13
56331,101,97,4,4
56332,84,87,-3,3
56333,78,82,-4,4
56334,166,156,10,10
56335,117,115,2,2
56336,141,156,-15,15
56337,123,113,10,10
56338,162,137,25,25
56339,50,56,-6,6
56340,60,55,5,5
56341,86,87,-1,1
56342,70,73,-3,3
56343,129,129,0,0
56344,65,65,0,0
56345,75,74,1,1
56346,91,72,19,19
56347,55,57,-2,2
56348,82,83,-1,1
56349,102,111,-9,9
56350,74,70,4,4
56351,84,81,3,3
56352,128,120,8,8
56353,91,85,6,6
56354,120,123,-3,3
56355,85,87,-2,2
56356,108,114,-6,6
56357,72,71,1,1
56358,90,93,-3,3
56359,85,86,-1,1
56360,112,108,4,4
56361,148,148,0,0
56362,105,100,5,5
56363,44,54,-10,10
56364,42,50,-8,8
56365,103,94,9,9
56366,93,73,20,20
56367,63,66,-3,3
56368,169,184,-15,15
56369,65,63,2,2
56370,74,70,4,4
56371,99,102,-3,3
56372,129,124,5,5
56373,93,91,2,2
56374,139,136,3,3
56375,64,108,-44,44
56376,93,83,10,10
56377,53,66,-13,13
56378,110,100,10,10
56379,97,84,13,13
56380,170,155,15,15
56381,56,66,-10,10
56382,172,171,1,1
56383,71,66,5,5
56384,161,145,16,16
56385,130,135,-5,5
56386,101,95,6,6
56387,107,103,4,4
56388,101,98,3,3
56389,64,65,-1,1
56390,75,71,4,4
56391,128,133,-5,5
56392,80,77,3,3
56393,129,129,0,0
56394,54,62,-8,8
56395,71,75,-4,4
56396,55,46,9,9
56397,91,94,-3,3
56398,119,108,11,11
56399,94,97,-3,3
56400,158,147,11,11
56401,60,60,0,0
56402,158,155,3,3
56403,56,55,1,1
56404,121,118,3,3
56405,79,64,15,15
56406,120,116,4,4
56407,64,58,6,6
56408,62,80,-18,18
56409,80,70,10,10
56410,135,136,-1,1
56411,102,116,-14,14
56412,115,101,14,14
56413,142,144,-2,2
56414,115,120,-5,5
56415,119,123,-4,4
56416,138,130,8,8
56417,97,89,8,8
56418,80,76,4,4
56419,97,100,-3,3
56420,111,108,3,3
56421,91,92,-1,1
56422,95,100,-5,5
56423,91,90,1,1
56424,101,89,12,12
56425,130,125,5,5
56426,89,82,7,7
56427,86,95,-9,9
56428,178,167,11,11
56429,168,168,0,0
56430,63,59,4,4
56431,69,63,6,6
56432,186,164,22,22
56433,143,142,1,1
56434,76,68,8,8
56435,87,88,-1,1
56436,46,53,-7,7
56437,81,82,-1,1
56438,43,48,-5,5
56439,125,117,8,8
56440,190,186,4,4
56441,112,98,14,14
56442,161,154,7,7
56443,119,100,19,19
56444,98,90,8,8
56445,122,110,12,12
56446,94,89,5,5
56447,68,77,-9,9
56448,103,83,20,20
56449,126,94,32,32
56450,75,76,-1,1
56451,123,113,10,10
56452,81,77,4,4
56453,144,139,5,5
56454,53,48,5,5
56455,164,136,28,28
56456,60,59,1,1
56457,117,103,14,14
56458,121,125,-4,4
56459,90,91,-1,1
56460,86,80,6,6
56461,63,65,-2,2
56462,147,139,8,8
56463,103,96,7,7
56464,68,75,-7,7
56465,91,76,15,15
56466,81,81,0,0
56467,71,72,-1,1
56468,63,63,0,0
56469,123,121,2,2
56470,105,90,15,15
56471,81,82,-1,1
56472,112,114,-2,2
56473,78,78,0,0
56474,85,82,3,3
56475,118,117,1,1
56476,65,63,2,2
56477,127,135,-8,8
56478,83,84,-1,1
56479,91,93,-2,2
56480,62,61,1,1
56481,75,80,-5,5
56482,88,90,-2,2
56483,163,156,7,7
56484,48,65,-17,17
56485,93,100,-7,7
56486,85,84,1,1
56487,142,138,4,4
56488,93,100,-7,7
56489,73,72,1,1
56490,65,69,-4,4
56491,83,82,1,1
56492,77,73,4,4
56493,113,113,0,0
56494,121,112,9,9
56495,71,83,-12,12
56496,64,63,1,1
56497,70,84,-14,14
56498,155,144,11,11
56499,59,64,-5,5
56500,80,67,13,13
56501,80,81,-1,1
56502,59,58,1,1
56503,83,74,9,9
56504,68,53,15,15
56505,77,85,-8,8
56506,121,105,16,16
56507,63,66,-3,3
56508,82,81,1,1
56509,145,157,-12,12
56510,63,69,-6,6
56511,124,124,0,0
56512,83,85,-2,2
56513,175,176,-1,1
56514,185,181,4,4
56515,65,65,0,0
56516,61,59,2,2
56517,76,73,3,3
56518,75,82,-7,7
56519,74,89,-15,15
56520,136,128,8,8
56521,47,50,-3,3
56522,66,56,10,10
56523,131,136,-5,5
56524,123,110,13,13
56525,118,112,6,6
56526,58,65,-7,7
56527,89,87,2,2
56528,156,141,15,15
56529,55,59,-4,4
56530,115,100,15,15
56531,111,99,12,12
56532,116,125,-9,9
56533,62,73,-11,11
56534,108,99,9,9
56535,120,134,-14,14
56536,112,109,3,3
56537,56,63,-7,7
56538,142,147,-5,5
56539,91,77,14,14
56540,86,84,2,2
56541,121,118,3,3
56542,80,72,8,8
56543,103,99,4,4
56544,76,82,-6,6
56545,100,122,-22,22
56546,94,90,4,4
56547,117,124,-7,7
56548,84,81,3,3
56549,87,93,-6,6
56550,127,115,12,12
56551,90,86,4,4
56552,96,88,8,8
56553,56,50,6,6
56554,74,81,-7,7
56555,98,92,6,6
56556,107,120,-13,13
56557,125,114,11,11
56558,66,60,6,6
56559,91,98,-7,7
56560,154,163,-9,9
56561,151,125,26,26
56562,77,80,-3,3
56563,60,61,-1,1
56564,72,76,-4,4
56565,132,103,29,29
56566,74,67,7,7
56567,63,52,11,11
56568,129,134,-5,5
56569,169,163,6,6
56570,88,97,-9,9
56571,129,119,10,10
56572,140,131,9,9
56573,80,87,-7,7
56574,94,92,2,2
56575,49,56,-7,7
56576,145,127,18,18
56577,97,96,1,1
56578,94,102,-8,8
56579,83,84,-1,1
56580,135,134,1,1
56581,103,99,4,4
56582,40,45,-5,5
56583,119,131,-12,12
56584,60,58,2,2
56585,44,42,2,2
56586,104,114,-10,10
56587,49,47,2,2
56588,70,88,-18,18
56589,59,61,-2,2
56590,114,115,-1,1
56591,65,63,2,2
56592,60,57,3,3
56593,121,130,-9,9
56594,115,105,10,10
56595,75,69,6,6
56596,74,67,7,7
56597,103,97,6,6
56598,59,62,-3,3
56599,125,131,-6,6
56600,94,90,4,4
56601,73,62,11,11
56602,54,62,-8,8
56603,58,58,0,0
56604,174,174,0,0
56605,46,47,-1,1
56606,79,83,-4,4
56607,108,94,14,14
56608,50,57,-7,7
56609,120,105,15,15
56610,159,145,14,14
56611,171,167,4,4
56612,81,79,2,2
56613,85,84,1,1
56614,118,124,-6,6
56615,73,74,-1,1
56616,114,111,3,3
56617,77,70,7,7
56618,150,134,16,16
56619,72,73,-1,1
56620,64,81,-17,17
56621,85,91,-6,6
56622,112,119,-7,7
56623,57,52,5,5
56624,101,87,14,14
56625,83,81,2,2
56626,74,70,4,4
56627,142,136,6,6
56628,111,96,15,15
56629,135,110,25,25
56630,64,63,1,1
56631,75,61,14,14
56632,188,183,5,5
56633,63,75,-12,12
56634,124,111,13,13
56635,42,58,-16,16
56636,136,119,17,17
56637,50,59,-9,9
56638,87,81,6,6
56639,140,128,12,12
56640,94,92,2,2
56641,94,94,0,0
56642,61,81,-20,20
56643,86,86,0,0
56644,126,116,10,10
56645,63,61,2,2
56646,82,80,2,2
56647,140,140,0,0
56648,134,119,15,15
56649,79,76,3,3
56650,126,135,-9,9
56651,101,102,-1,1
56652,103,98,5,5
56653,70,71,-1,1
56654,85,75,10,10
56655,84,87,-3,3
56656,58,64,-6,6
56657,139,118,21,21
56658,67,88,-21,21
56659,101,109,-8,8
56660,83,86,-3,3
56661,66,66,0,0
56662,59,62,-3,3
56663,77,75,2,2
56664,53,61,-8,8
56665,130,126,4,4
56666,59,69,-10,10
56667,94,83,11,11
56668,120,112,8,8
56669,108,97,11,11
56670,95,85,10,10
56671,67,63,4,4
56672,103,102,1,1
56673,68,60,8,8
56674,82,81,1,1
56675,111,114,-3,3
56676,78,76,2,2
56677,59,61,-2,2
56678,72,73,-1,1
56679,101,90,11,11
56680,77,84,-7,7
56681,65,75,-10,10
56682,64,68,-4,4
56683,57,63,-6,6
56684,95,98,-3,3
56685,68,74,-6,6
56686,137,110,27,27
56687,65,63,2,2
56688,82,76,6,6
56689,73,79,-6,6
56690,96,105,-9,9
56691,110,98,12,12
56692,139,125,14,14
56693,87,81,6,6
56694,113,87,26,26
56695,40,35,5,5
56696,81,81,0,0
56697,51,54,-3,3
56698,173,142,31,31
56699,72,91,-19,19
56700,107,106,1,1
56701,112,117,-5,5
56702,125,121,4,4
56703,56,55,1,1
56704,141,128,13,13
56705,150,138,12,12
56706,136,133,3,3
56707,127,118,9,9
56708,132,143,-11,11
56709,96,85,11,11
56710,35,56,-21,21
56711,86,84,2,2
56712,108,93,15,15
56713,149,143,6,6
56714,103,101,2,2
56715,144,152,-8,8
56716,135,132,3,3
56717,112,99,13,13
56718,86,99,-13,13
56719,54,48,6,6
56720,78,77,1,1
56721,72,72,0,0
56722,87,88,-1,1
56723,79,89,-10,10
56724,109,123,-14,14
56725,120,103,17,17
56726,173,164,9,9
56727,57,62,-5,5
56728,40,33,7,7
56729,82,80,2,2
56730,70,75,-5,5
56731,86,100,-14,14
56732,98,97,1,1
56733,134,147,-13,13
56734,45,39,6,6
56735,129,118,11,11
56736,68,74,-6,6
56737,91,85,6,6
56738,113,102,11,11
56739,52,54,-2,2
56740,94,91,3,3
56741,94,99,-5,5
56742,113,107,6,6
56743,128,109,19,19
56744,99,100,-1,1
56745,105,92,13,13
56746,86,102,-16,16
56747,148,147,1,1
56748,138,119,19,19
56749,99,83,16,16
56750,94,98,-4,4
56751,73,75,-2,2
56752,153,127,26,26
56753,95,96,-1,1
56754,118,127,-9,9
56755,129,118,11,11
56756,50,59,-9,9
56757,123,118,5,5
56758,142,136,6,6
56759,123,123,0,0
56760,148,133,15,15
56761,107,106,1,1
56762,98,102,-4,4
56763,112,110,2,2
56764,137,128,9,9
56765,106,105,1,1
56766,97,89,8,8
56767,96,98,-2,2
56768,245,188,57,57
56769,115,104,11,11
56770,81,81,0,0
56771,130,108,22,22
56772,86,74,12,12
56773,128,123,5,5
56774,73,70,3,3
56775,110,98,12,12
56776,130,124,6,6
56777,97,94,3,3
56778,80,82,-2,2
56779,91,87,4,4
56780,88,71,17,17
56781,105,101,4,4
56782,75,70,5,5
56783,93,96,-3,3
56784,115,103,12,12
56785,133,125,8,8
56786,142,130,12,12
56787,62,75,-13,13
56788,78,80,-2,2
56789,91,83,8,8
56790,102,105,-3,3
56791,109,105,4,4
56792,102,92,10,10
56793,90,82,8,8
56794,135,116,19,19
56795,31,52,-21,21
56796,143,141,2,2
56797,123,119,4,4
56798,102,100,2,2
56799,59,56,3,3
56800,83,86,-3,3
56801,99,100,-1,1
56802,50,70,-20,20
56803,168,153,15,15
56804,80,78,2,2
56805,104,120,-16,16
56806,117,98,19,19
56807,113,117,-4,4
56808,73,81,-8,8
56809,72,75,-3,3
56810,144,125,19,19
56811,131,132,-1,1
56812,107,116,-9,9
56813,85,96,-11,11
56814,58,74,-16,16
56815,67,62,5,5
56816,62,55,7,7
56817,63,64,-1,1
56818,148,151,-3,3
56819,139,124,15,15
56820,82,88,-6,6
56821,133,127,6,6
56822,70,75,-5,5
56823,99,98,1,1
56824,115,110,5,5
56825,121,117,4,4
56826,107,111,-4,4
56827,113,96,17,17
56828,61,62,-1,1
56829,80,77,3,3
56830,78,80,-2,2
56831,68,60,8,8
56832,122,133,-11,11
56833,109,91,18,18
56834,71,73,-2,2
56835,60,57,3,3
56836,125,121,4,4
56837,68,65,3,3
56838,114,109,5,5
56839,93,80,13,13
56840,75,74,1,1
56841,99,97,2,2
56842,133,126,7,7
56843,78,82,-4,4
56844,45,42,3,3
56845,87,82,5,5
56846,72,78,-6,6
56847,129,113,16,16
56848,93,86,7,7
56849,95,98,-3,3
56850,119,124,-5,5
56851,96,77,19,19
56852,45,50,-5,5
56853,151,140,11,11
56854,75,70,5,5
56855,84,81,3,3
56856,75,71,4,4
56857,97,132,-35,35
56858,79,85,-6,6
56859,132,115,17,17
56860,108,99,9,9
56861,115,105,10,10
56862,89,90,-1,1
56863,84,89,-5,5
56864,132,123,9,9
56865,94,84,10,10
56866,182,179,3,3
56867,170,144,26,26
56868,93,92,1,1
56869,70,85,-15,15
56870,38,49,-11,11
56871,102,103,-1,1
56872,139,127,12,12
56873,97,94,3,3
56874,87,85,2,2
56875,86,78,8,8
56876,76,91,-15,15
56877,91,91,0,0
56878,81,68,13,13
56879,86,74,12,12
56880,90,88,2,2
56881,73,81,-8,8
56882,122,118,4,4
56883,81,78,3,3
56884,182,169,13,13
56885,73,81,-8,8
56886,108,104,4,4
56887,70,65,5,5
56888,170,156,14,14
56889,98,83,15,15
56890,83,84,-1,1
56891,89,93,-4,4
56892,79,77,2,2
56893,77,81,-4,4
56894,82,88,-6,6
56895,79,79,0,0
56896,165,151,14,14
56897,57,65,-8,8
56898,94,112,-18,18
56899,101,86,15,15
56900,170,183,-13,13
56901,68,72,-4,4
56902,121,112,9,9
56903,137,133,4,4
56904,72,74,-2,2
56905,109,105,4,4
56906,81,83,-2,2
56907,71,77,-6,6
56908,135,133,2,2
56909,105,100,5,5
56910,101,98,3,3
56911,71,83,-12,12
56912,93,92,1,1
56913,75,74,1,1
56914,68,143,-75,75
56915,107,106,1,1
56916,76,72,4,4
56917,127,115,12,12
56918,117,123,-6,6
56919,123,109,14,14
56920,158,161,-3,3
56921,96,89,7,7
56922,44,44,0,0
56923,100,96,4,4
56924,69,69,0,0
56925,77,81,-4,4
56926,66,79,-13,13
56927,71,57,14,14
56928,117,103,14,14
56929,103,106,-3,3
56930,99,97,2,2
56931,131,130,1,1
56932,50,44,6,6
56933,39,44,-5,5
56934,74,71,3,3
56935,51,51,0,0
56936,91,97,-6,6
56937,104,108,-4,4
56938,76,77,-1,1
56939,126,117,9,9
56940,79,73,6,6
56941,88,94,-6,6
56942,103,95,8,8
56943,156,134,22,22
56944,153,144,9,9
56945,82,85,-3,3
56946,69,80,-11,11
56947,85,89,-4,4
56948,90,102,-12,12
56949,118,106,12,12
56950,113,113,0,0
56951,63,71,-8,8
56952,39,39,0,0
56953,125,105,20,20
56954,111,117,-6,6
56955,85,80,5,5
56956,69,71,-2,2
56957,164,154,10,10
56958,115,112,3,3
56959,100,110,-10,10
56960,97,108,-11,11
56961,76,90,-14,14
56962,109,123,-14,14
56963,122,113,9,9
56964,75,72,3,3
56965,94,91,3,3
56966,73,70,3,3
56967,138,126,12,12
56968,109,99,10,10
56969,84,85,-1,1
56970,65,69,-4,4
56971,97,93,4,4
56972,150,142,8,8
56973,158,155,3,3
56974,74,72,2,2
56975,64,75,-11,11
56976,102,108,-6,6
56977,83,95,-12,12
56978,181,170,11,11
56979,149,123,26,26
56980,67,57,10,10
56981,108,111,-3,3
56982,126,121,5,5
56983,129,122,7,7
56984,123,121,2,2
56985,88,81,7,7
56986,79,84,-5,5
56987,122,105,17,17
56988,88,85,3,3
56989,129,130,-1,1
56990,82,77,5,5
56991,72,80,-8,8
56992,116,122,-6,6
56993,93,89,4,4
56994,82,79,3,3
56995,153,157,-4,4
56996,169,157,12,12
56997,79,90,-11,11
56998,92,89,3,3
56999,123,111,12,12
57000,75,86,-11,11
57001,162,153,9,9
57002,79,76,3,3
57003,90,82,8,8
57004,74,88,-14,14
57005,130,121,9,9
57006,128,116,12,12
57007,75,76,-1,1
57008,86,81,5,5
57009,111,108,3,3
57010,100,95,5,5
57011,57,57,0,0
57012,126,119,7,7
57013,61,67,-6,6
57014,79,78,1,1
57015,80,69,11,11
57016,49,53,-4,4
57017,83,78,5,5
57018,65,70,-5,5
57019,76,78,-2,2
57020,99,97,2,2
57021,152,138,14,14
57022,74,76,-2,2
57023,90,85,5,5
57024,116,119,-3,3
57025,150,145,5,5
57026,98,106,-8,8
57027,136,125,11,11
57028,109,109,0,0
57029,131,135,-4,4
57030,44,43,1,1
57031,52,50,2,2
57032,73,69,4,4
57033,160,120,40,40
57034,104,102,2,2
57035,71,60,11,11
57036,52,53,-1,1
57037,69,64,5,5
57038,120,101,19,19
57039,51,44,7,7
57040,65,76,-11,11
57041,93,90,3,3
57042,62,75,-13,13
57043,108,93,15,15
57044,86,88,-2,2
57045,65,71,-6,6
57046,151,137,14,14
57047,82,78,4,4
57048,54,54,0,0
57049,57,64,-7,7
57050,87,93,-6,6
57051,75,84,-9,9
57052,76,77,-1,1
57053,144,146,-2,2
57054,82,88,-6,6
57055,70,69,1,1
57056,65,74,-9,9
57057,130,132,-2,2
57058,179,188,-9,9
57059,143,152,-9,9
57060,128,116,12,12
57061,59,61,-2,2
57062,141,126,15,15
57063,91,85,6,6
57064,117,105,12,12
57065,103,88,15,15
57066,102,107,-5,5
57067,150,125,25,25
57068,91,77,14,14
57069,82,85,-3,3
57070,72,54,18,18
57071,146,130,16,16
57072,51,49,2,2
57073,119,109,10,10
57074,94,97,-3,3
57075,113,101,12,12
57076,115,106,9,9
57077,50,46,4,4
57078,72,89,-17,17
57079,127,121,6,6
57080,67,83,-16,16
57081,76,75,1,1
57082,96,109,-13,13
57083,137,135,2,2
57084,189,181,8,8
57085,83,78,5,5
57086,90,92,-2,2
57087,85,71,14,14
57088,99,100,-1,1
57089,88,87,1,1
57090,163,180,-17,17
57091,78,80,-2,2
57092,63,60,3,3
57093,87,86,1,1
57094,81,80,1,1
57095,117,126,-9,9
57096,86,75,11,11
57097,97,93,4,4
57098,120,112,8,8
57099,61,49,12,12
57100,109,109,0,0
57101,82,74,8,8
57102,98,88,10,10
57103,100,89,11,11
57104,114,100,14,14
57105,61,62,-1,1
57106,88,95,-7,7
57107,75,72,3,3
57108,96,104,-8,8
57109,125,125,0,0
57110,216,214,2,2
57111,91,96,-5,5
57112,149,177,-28,28
57113,104,94,10,10
57114,69,69,0,0
57115,65,69,-4,4
57116,116,103,13,13
57117,66,65,1,1
57118,53,51,2,2
57119,61,65,-4,4
57120,106,107,-1,1
57121,118,107,11,11
57122,145,142,3,3
57123,90,86,4,4
57124,76,73,3,3
57125,48,50,-2,2
57126,38,44,-6,6
57127,65,66,-1,1
57128,98,89,9,9
57129,48,53,-5,5
57130,93,99,-6,6
57131,117,125,-8,8
57132,66,61,5,5
57133,110,98,12,12
57134,121,120,1,1
57135,95,85,10,10
57136,81,79,2,2
57137,48,58,-10,10
57138,80,82,-2,2
57139,136,150,-14,14
57140,55,54,1,1
57141,110,113,-3,3
57142,104,115,-11,11
57143,89,88,1,1
57144,90,110,-20,20
57145,111,114,-3,3
57146,85,89,-4,4
57147,113,112,1,1
57148,100,96,4,4
57149,147,131,16,16
57150,86,92,-6,6
57151,76,79,-3,3
57152,164,138,26,26
57153,130,109,21,21
57154,99,90,9,9
57155,40,44,-4,4
57156,175,185,-10,10
57157,148,154,-6,6
57158,106,107,-1,1
57159,152,146,6,6
57160,91,93,-2,2
57161,98,87,11,11
57162,51,58,-7,7
57163,88,96,-8,8
57164,89,87,2,2
57165,63,57,6,6
57166,84,81,3,3
57167,75,62,13,13
57168,117,111,6,6
57169,111,109,2,2
57170,134,151,-17,17
57171,81,88,-7,7
57172,101,102,-1,1
57173,61,51,10,10
57174,116,111,5,5
57175,77,82,-5,5
57176,121,119,2,2
57177,101,95,6,6
57178,22,30,-8,8
57179,89,85,4,4
57180,134,133,1,1
57181,132,132,0,0
57182,48,51,-3,3
57183,102,97,5,5
57184,90,80,10,10
57185,89,88,1,1
57186,109,115,-6,6
57187,164,142,22,22
57188,93,92,1,1
57189,93,96,-3,3
57190,63,71,-8,8
57191,99,98,1,1
57192,72,67,5,5
57193,85,84,1,1
57194,76,76,0,0
57195,85,79,6,6
57196,125,89,36,36
57197,63,61,2,2
57198,47,56,-9,9
57199,123,120,3,3
57200,88,89,-1,1
57201,75,70,5,5
57202,78,83,-5,5
57203,73,71,2,2
57204,113,119,-6,6
57205,88,80,8,8
57206,91,83,8,8
57207,99,96,3,3
57208,92,107,-15,15
57209,102,103,-1,1
57210,84,96,-12,12
57211,153,143,10,10
57212,117,107,10,10
57213,61,62,-1,1
57214,81,76,5,5
57215,148,155,-7,7
57216,88,72,16,16
57217,109,109,0,0
57218,124,117,7,7
57219,44,54,-10,10
57220,75,82,-7,7
57221,107,106,1,1
57222,74,82,-8,8
57223,75,66,9,9
57224,97,87,10,10
57225,95,98,-3,3
57226,72,67,5,5
57227,71,70,1,1
57228,100,97,3,3
57229,110,94,16,16
57230,67,57,10,10
57231,59,57,2,2
57232,162,146,16,16
57233,97,98,-1,1
57234,66,70,-4,4
57235,87,93,-6,6
57236,142,140,2,2
57237,77,82,-5,5
57238,61,60,1,1
57239,61,106,-45,45
57240,131,125,6,6
57241,84,89,-5,5
57242,77,86,-9,9
57243,60,61,-1,1
57244,77,84,-7,7
57245,47,45,2,2
57246,71,76,-5,5
57247,118,117,1,1
57248,105,116,-11,11
57249,137,133,4,4
57250,48,56,-8,8
57251,81,81,0,0
57252,105,87,18,18
57253,107,99,8,8
57254,149,140,9,9
57255,88,74,14,14
57256,104,93,11,11
57257,130,111,19,19
57258,118,118,0,0
57259,50,71,-21,21
57260,113,97,16,16
57261,48,54,-6,6
57262,105,108,-3,3
57263,63,62,1,1
57264,63,65,-2,2
57265,65,67,-2,2
57266,105,109,-4,4
57267,38,40,-2,2
57268,57,58,-1,1
57269,94,92,2,2
57270,87,81,6,6
57271,68,62,6,6
57272,66,80,-14,14
57273,87,92,-5,5
57274,121,114,7,7
57275,104,98,6,6
57276,124,125,-1,1
57277,158,151,7,7
57278,30,35,-5,5
57279,101,116,-15,15
57280,86,68,18,18
57281,93,95,-2,2
57282,123,133,-10,10
57283,102,92,10,10
57284,142,138,4,4
57285,61,77,-16,16
57286,75,69,6,6
57287,125,129,-4,4
57288,95,89,6,6
57289,171,155,16,16
57290,96,127,-31,31
57291,123,121,2,2
57292,106,113,-7,7
57293,62,62,0,0
57294,87,82,5,5
57295,57,58,-1,1
57296,56,54,2,2
57297,124,117,7,7
57298,81,87,-6,6
57299,109,96,13,13
57300,165,176,-11,11
57301,171,187,-16,16
57302,104,101,3,3
57303,59,62,-3,3
57304,40,41,-1,1
57305,74,94,-20,20
57306,127,126,1,1
57307,73,80,-7,7
57308,130,112,18,18
57309,47,63,-16,16
57310,59,60,-1,1
57311,156,145,11,11
57312,101,90,11,11
57313,89,75,14,14
57314,95,92,3,3
57315,60,79,-19,19
57316,91,89,2,2
57317,74,77,-3,3
57318,160,143,17,17
57319,114,112,2,2
57320,148,144,4,4
57321,80,74,6,6
57322,24,19,5,5
57323,52,63,-11,11
57324,259,247,12,12
57325,44,41,3,3
57326,149,141,8,8
57327,57,51,6,6
57328,126,124,2,2
57329,142,117,25,25
57330,111,112,-1,1
57331,167,160,7,7
57332,76,77,-1,1
57333,69,57,12,12
57334,110,120,-10,10
57335,92,109,-17,17
57336,99,83,16,16
57337,95,96,-1,1
57338,114,100,14,14
57339,91,92,-1,1
57340,104,101,3,3
57341,84,83,1,1
57342,164,140,24,24
57343,44,50,-6,6
57344,75,61,14,14
57345,95,88,7,7
57346,27,31,-4,4
57347,81,90,-9,9
57348,72,76,-4,4
57349,100,90,10,10
57350,131,113,18,18
57351,61,73,-12,12
57352,89,92,-3,3
57353,65,66,-1,1
57354,53,68,-15,15
57355,103,108,-5,5
57356,129,126,3,3
57357,114,108,6,6
57358,102,101,1,1
57359,87,84,3,3
57360,77,76,1,1
57361,72,75,-3,3
57362,71,81,-10,10
57363,67,66,1,1
57364,116,116,0,0
57365,102,94,8,8
57366,83,74,9,9
57367,55,59,-4,4
57368,71,86,-15,15
57369,84,77,7,7
57370,98,90,8,8
57371,101,96,5,5
57372,82,74,8,8
57373,117,122,-5,5
57374,126,113,13,13
57375,66,71,-5,5
57376,81,84,-3,3
57377,189,190,-1,1
57378,90,82,8,8
57379,86,77,9,9
57380,107,92,15,15
57381,117,128,-11,11
57382,54,49,5,5
57383,81,83,-2,2
57384,85,76,9,9
57385,88,97,-9,9
57386,57,62,-5,5
57387,103,103,0,0
57388,103,95,8,8
57389,95,90,5,5
57390,107,100,7,7
57391,91,86,5,5
57392,111,121,-10,10
57393,200,197,3,3
57394,83,92,-9,9
57395,86,81,5,5
57396,80,84,-4,4
57397,109,109,0,0
57398,69,66,3,3
57399,78,74,4,4
57400,70,85,-15,15
57401,77,77,0,0
57402,69,68,1,1
57403,96,85,11,11
57404,121,133,-12,12
57405,90,97,-7,7
57406,152,140,12,12
57407,91,86,5,5
57408,89,83,6,6
57409,104,93,11,11
57410,88,74,14,14
57411,113,106,7,7
57412,81,90,-9,9
57413,92,92,0,0
57414,112,90,22,22
57415,113,127,-14,14
57416,119,108,11,11
57417,68,65,3,3
57418,183,156,27,27
57419,154,126,28,28
57420,115,115,0,0
57421,173,202,-29,29
57422,108,100,8,8
57423,124,133,-9,9
57424,71,68,3,3
57425,84,71,13,13
57426,80,86,-6,6
57427,90,98,-8,8
57428,74,66,8,8
57429,89,77,12,12
57430,81,86,-5,5
57431,100,88,12,12
57432,136,127,9,9
57433,55,54,1,1
57434,105,106,-1,1
57435,77,72,5,5
57436,192,177,15,15
57437,99,87,12,12
57438,90,88,2,2
57439,134,122,12,12
57440,113,111,2,2
57441,90,88,2,2
57442,150,132,18,18
57443,52,53,-1,1
57444,102,86,16,16
57445,55,53,2,2
57446,110,103,7,7
57447,57,50,7,7
57448,57,59,-2,2
57449,97,93,4,4
57450,117,123,-6,6
57451,83,87,-4,4
57452,121,113,8,8
57453,58,60,-2,2
57454,101,96,5,5
57455,63,67,-4,4
57456,105,108,-3,3
57457,94,78,16,16
57458,138,132,6,6
57459,62,58,4,4
57460,113,121,-8,8
57461,50,56,-6,6
57462,90,88,2,2
57463,135,135,0,0
57464,68,58,10,10
57465,94,90,4,4
57466,63,61,2,2
57467,179,178,1,1
57468,78,69,9,9
57469,197,159,38,38
57470,124,115,9,9
57471,115,117,-2,2
57472,105,99,6,6
57473,135,131,4,4
57474,59,62,-3,3
57475,75,88,-13,13
57476,131,133,-2,2
57477,125,128,-3,3
57478,82,82,0,0
57479,193,191,2,2
57480,23,21,2,2
57481,67,60,7,7
57482,204,207,-3,3
57483,78,86,-8,8
57484,95,96,-1,1
57485,143,142,1,1
57486,69,66,3,3
57487,78,71,7,7
57488,185,175,10,10
57489,60,63,-3,3
57490,93,84,9,9
57491,49,55,-6,6
57492,151,134,17,17
57493,93,84,9,9
57494,109,100,9,9
57495,58,62,-4,4
57496,132,112,20,20
57497,85,83,2,2
57498,118,92,26,26
57499,69,67,2,2
57500,76,77,-1,1
57501,68,82,-14,14
57502,68,68,0,0
57503,103,108,-5,5
57504,116,112,4,4
57505,189,166,23,23
57506,64,67,-3,3
57507,54,59,-5,5
57508,99,98,1,1
57509,140,127,13,13
57510,52,50,2,2
57511,144,129,15,15
57512,96,93,3,3
57513,60,74,-14,14
57514,131,128,3,3
57515,101,105,-4,4
57516,21,39,-18,18
57517,77,73,4,4
57518,94,94,0,0
57519,64,59,5,5
57520,77,67,10,10
57521,89,90,-1,1
57522,68,67,1,1
57523,100,67,33,33
57524,94,95,-1,1
57525,99,92,7,7
57526,104,105,-1,1
57527,76,81,-5,5
57528,41,41,0,0
57529,89,83,6,6
57530,159,133,26,26
57531,145,126,19,19
57532,89,83,6,6
57533,117,116,1,1
57534,56,53,3,3
57535,112,112,0,0
57536,59,58,1,1
57537,54,54,0,0
57538,83,79,4,4
57539,70,67,3,3
57540,64,68,-4,4
57541,134,121,13,13
57542,107,109,-2,2
57543,81,81,0,0
57544,117,119,-2,2
57545,123,126,-3,3
57546,114,102,12,12
57547,173,160,13,13
57548,79,71,8,8
57549,117,104,13,13
57550,32,38,-6,6
57551,87,76,11,11
57552,189,166,23,23
57553,70,77,-7,7
57554,155,130,25,25
57555,81,80,1,1
57556,168,159,9,9
57557,114,109,5,5
57558,153,159,-6,6
57559,124,112,12,12
57560,51,49,2,2
57561,105,107,-2,2
57562,101,116,-15,15
57563,86,92,-6,6
57564,129,120,9,9
57565,122,104,18,18
57566,149,137,12,12
57567,85,80,5,5
57568,73,74,-1,1
57569,66,68,-2,2
57570,180,151,29,29
57571,33,22,11,11
57572,70,76,-6,6
57573,101,125,-24,24
57574,89,99,-10,10
57575,120,125,-5,5
57576,121,110,11,11
57577,91,96,-5,5
57578,90,88,2,2
57579,121,114,7,7
57580,154,152,2,2
57581,110,102,8,8
57582,65,72,-7,7
57583,107,111,-4,4
57584,141,129,12,12
57585,61,70,-9,9
57586,119,115,4,4
57587,135,116,19,19
57588,185,176,9,9
57589,46,53,-7,7
57590,89,90,-1,1
57591,134,125,9,9
57592,102,93,9,9
57593,138,138,0,0
57594,104,96,8,8
57595,176,161,15,15
57596,112,105,7,7
57597,135,121,14,14
57598,119,116,3,3
57599,82,74,8,8
57600,99,101,-2,2
57601,119,108,11,11
57602,98,105,-7,7
57603,96,110,-14,14
57604,90,95,-5,5
57605,81,71,10,10
57606,65,65,0,0
57607,120,112,8,8
57608,90,84,6,6
57609,80,83,-3,3
57610,81,82,-1,1
57611,78,98,-20,20
57612,82,76,6,6
57613,155,140,15,15
57614,77,78,-1,1
57615,116,103,13,13
57616,78,81,-3,3
57617,69,62,7,7
57618,64,67,-3,3
57619,88,86,2,2
57620,56,57,-1,1
57621,62,57,5,5
57622,49,57,-8,8
57623,120,102,18,18
57624,154,155,-1,1
57625,86,81,5,5
57626,61,74,-13,13
57627,66,65,1,1
57628,145,122,23,23
57629,83,81,2,2
57630,136,121,15,15
57631,88,100,-12,12
57632,71,69,2,2
57633,93,86,7,7
57634,97,88,9,9
57635,94,88,6,6
57636,97,98,-1,1
57637,57,76,-19,19
57638,142,138,4,4
57639,119,111,8,8
57640,87,96,-9,9
57641,131,135,-4,4
57642,119,127,-8,8
57643,76,71,5,5
57644,55,48,7,7
57645,106,98,8,8
57646,70,74,-4,4
57647,103,99,4,4
57648,96,86,10,10
57649,150,138,12,12
57650,128,130,-2,2
57651,38,38,0,0
57652,65,70,-5,5
57653,79,79,0,0
57654,96,87,9,9
57655,88,78,10,10
57656,185,189,-4,4
57657,81,83,-2,2
57658,151,133,18,18
57659,94,87,7,7
57660,72,81,-9,9
57661,110,104,6,6
57662,109,99,10,10
57663,80,79,1,1
57664,68,78,-10,10
57665,111,97,14,14
57666,67,74,-7,7
57667,95,88,7,7
57668,114,114,0,0
57669,51,53,-2,2
57670,111,105,6,6
57671,118,108,10,10
57672,157,142,15,15
57673,82,80,2,2
57674,119,93,26,26
57675,73,70,3,3
57676,88,80,8,8
57677,46,43,3,3
57678,61,57,4,4
57679,81,87,-6,6
57680,117,113,4,4
57681,87,91,-4,4
57682,71,63,8,8
57683,70,70,0,0
57684,98,106,-8,8
57685,89,88,1,1
57686,100,87,13,13
57687,124,110,14,14
57688,166,137,29,29
57689,90,89,1,1
57690,43,46,-3,3
57691,175,164,11,11
57692,104,104,0,0
57693,180,175,5,5
57694,57,51,6,6
57695,36,51,-15,15
57696,144,159,-15,15
57697,136,130,6,6
57698,56,64,-8,8
57699,93,101,-8,8
57700,91,87,4,4
57701,98,87,11,11
57702,82,63,19,19
57703,101,108,-7,7
57704,113,118,-5,5
57705,53,58,-5,5
57706,55,63,-8,8
57707,120,103,17,17
57708,105,96,9,9
57709,71,72,-1,1
57710,78,73,5,5
57711,165,170,-5,5
57712,82,83,-1,1
57713,126,115,11,11
57714,114,107,7,7
57715,143,118,25,25
57716,118,103,15,15
57717,94,94,0,0
57718,41,39,2,2
57719,67,65,2,2
57720,83,75,8,8
57721,119,102,17,17
57722,62,63,-1,1
57723,55,48,7,7
57724,95,100,-5,5
57725,91,89,2,2
57726,68,75,-7,7
57727,144,147,-3,3
57728,64,59,5,5
57729,43,54,-11,11
57730,81,85,-4,4
57731,94,83,11,11
57732,77,75,2,2
57733,167,175,-8,8
57734,51,54,-3,3
57735,117,98,19,19
57736,93,97,-4,4
57737,71,71,0,0
57738,64,68,-4,4
57739,168,165,3,3
57740,98,99,-1,1
57741,38,37,1,1
57742,124,111,13,13
57743,104,113,-9,9
57744,45,45,0,0
57745,36,43,-7,7
57746,82,78,4,4
57747,120,111,9,9
57748,108,116,-8,8
57749,43,46,-3,3
57750,85,80,5,5
57751,146,137,9,9
57752,82,107,-25,25
57753,115,108,7,7
57754,98,86,12,12
57755,87,77,10,10
57756,124,117,7,7
57757,86,82,4,4
57758,92,104,-12,12
57759,109,98,11,11
57760,125,122,3,3
57761,140,137,3,3
57762,84,113,-29,29
57763,66,68,-2,2
57764,131,115,16,16
57765,81,69,12,12
57766,88,81,7,7
57767,143,142,1,1
57768,74,78,-4,4
57769,118,124,-6,6
57770,56,61,-5,5
57771,61,64,-3,3
57772,112,111,1,1
57773,119,106,13,13
57774,102,92,10,10
57775,101,122,-21,21
57776,71,74,-3,3
57777,118,117,1,1
57778,119,131,-12,12
57779,83,80,3,3
57780,133,119,14,14
57781,57,54,3,3
57782,87,83,4,4
57783,6,5,1,1
57784,76,72,4,4
57785,124,117,7,7
57786,28,27,1,1
57787,65,64,1,1
57788,86,75,11,11
57789,111,110,1,1
57790,59,65,-6,6
57791,94,91,3,3
57792,97,113,-16,16
57793,115,112,3,3
57794,75,76,-1,1
57795,144,135,9,9
57796,86,99,-13,13
57797,74,71,3,3
57798,102,106,-4,4
57799,79,74,5,5
57800,99,92,7,7
57801,140,141,-1,1
57802,101,99,2,2
57803,156,146,10,10
57804,92,84,8,8
57805,70,69,1,1
57806,59,71,-12,12
57807,116,107,9,9
57808,138,134,4,4
57809,136,138,-2,2
57810,61,67,-6,6
57811,53,55,-2,2
57812,79,67,12,12
57813,90,83,7,7
57814,127,119,8,8
57815,177,144,33,33
57816,110,106,4,4
57817,129,109,20,20
57818,106,120,-14,14
57819,74,77,-3,3
57820,154,154,0,0
57821,129,125,4,4
57822,73,72,1,1
57823,77,85,-8,8
57824,84,86,-2,2
57825,103,94,9,9
57826,90,122,-32,32
57827,109,98,11,11
57828,68,68,0,0
57829,72,61,11,11
57830,105,112,-7,7
57831,65,65,0,0
57832,95,92,3,3
57833,133,120,13,13
57834,103,91,12,12
57835,107,102,5,5
57836,79,71,8,8
57837,116,105,11,11
57838,91,89,2,2
57839,72,80,-8,8
57840,66,75,-9,9
57841,147,131,16,16
57842,90,103,-13,13
57843,192,222,-30,30
57844,98,112,-14,14
57845,105,94,11,11
57846,44,56,-12,12
57847,102,87,15,15
57848,82,88,-6,6
57849,107,109,-2,2
57850,102,96,6,6
57851,135,113,22,22
57852,157,139,18,18
57853,61,47,14,14
57854,155,149,6,6
57855,121,128,-7,7
57856,77,71,6,6
57857,142,138,4,4
57858,95,98,-3,3
57859,104,94,10,10
57860,77,77,0,0
57861,135,126,9,9
57862,101,95,6,6
57863,65,63,2,2
57864,108,102,6,6
57865,46,52,-6,6
57866,196,185,11,11
57867,83,88,-5,5
57868,92,82,10,10
57869,66,60,6,6
57870,87,79,8,8
57871,76,71,5,5
57872,24,30,-6,6
57873,94,105,-11,11
57874,85,74,11,11
57875,147,205,-58,58
57876,104,111,-7,7
57877,97,98,-1,1
57878,159,142,17,17
57879,103,94,9,9
57880,114,112,2,2
57881,133,137,-4,4
57882,66,66,0,0
57883,101,100,1,1
57884,71,67,4,4
57885,85,88,-3,3
57886,87,67,20,20
57887,116,79,37,37
57888,88,91,-3,3
57889,64,58,6,6
57890,48,61,-13,13
57891,55,56,-1,1
57892,61,90,-29,29
57893,86,89,-3,3
57894,56,56,0,0
57895,58,55,3,3
57896,77,73,4,4
57897,70,74,-4,4
57898,78,84,-6,6
57899,136,135,1,1
57900,69,70,-1,1
57901,68,65,3,3
57902,102,91,11,11
57903,67,63,4,4
57904,82,77,5,5
57905,54,60,-6,6
57906,70,72,-2,2
57907,83,84,-1,1
57908,129,113,16,16
57909,43,46,-3,3
57910,46,56,-10,10
57911,119,117,2,2
57912,50,52,-2,2
57913,76,73,3,3
57914,168,154,14,14
57915,83,72,11,11
57916,116,106,10,10
57917,121,132,-11,11
57918,96,101,-5,5
57919,126,122,4,4
57920,86,88,-2,2
57921,85,83,2,2
57922,93,77,16,16
57923,52,51,1,1
57924,129,130,-1,1
57925,87,88,-1,1
57926,38,37,1,1
57927,61,76,-15,15
57928,77,80,-3,3
57929,73,72,1,1
57930,143,153,-10,10
57931,59,66,-7,7
57932,57,69,-12,12
57933,64,71,-7,7
57934,140,131,9,9
57935,109,113,-4,4
57936,91,86,5,5
57937,64,56,8,8
57938,105,91,14,14
57939,121,103,18,18
57940,65,58,7,7
57941,80,83,-3,3
57942,75,76,-1,1
57943,90,85,5,5
57944,93,95,-2,2
57945,60,63,-3,3
57946,75,82,-7,7
57947,97,95,2,2
57948,130,112,18,18
57949,111,111,0,0
57950,82,72,10,10
57951,102,95,7,7
57952,72,68,4,4
57953,180,195,-15,15
57954,71,79,-8,8
57955,92,88,4,4
57956,109,107,2,2
57957,113,104,9,9
57958,117,101,16,16
57959,105,101,4,4
57960,85,80,5,5
57961,75,71,4,4
57962,77,77,0,0
57963,79,77,2,2
57964,106,97,9,9
57965,52,65,-13,13
57966,107,83,24,24
57967,89,90,-1,1
57968,150,138,12,12
57969,84,79,5,5
57970,78,80,-2,2
57971,124,114,10,10
57972,58,56,2,2
57973,110,104,6,6
57974,108,105,3,3
57975,95,105,-10,10
57976,139,122,17,17
57977,92,88,4,4
57978,63,67,-4,4
57979,81,81,0,0
57980,103,90,13,13
57981,75,71,4,4
57982,75,77,-2,2
57983,125,119,6,6
57984,98,115,-17,17
57985,101,94,7,7
57986,73,83,-10,10
57987,95,88,7,7
57988,120,104,16,16
57989,90,101,-11,11
57990,178,158,20,20
57991,111,116,-5,5
57992,90,86,4,4
57993,91,83,8,8
57994,92,78,14,14
57995,77,71,6,6
57996,87,91,-4,4
57997,121,107,14,14
57998,99,81,18,18
57999,119,124,-5,5
58000,85,97,-12,12
58001,102,99,3,3
58002,102,91,11,11
58003,68,70,-2,2
58004,159,139,20,20
58005,91,80,11,11
58006,85,84,1,1
58007,77,81,-4,4
58008,136,124,12,12
58009,182,164,18,18
58010,101,99,2,2
58011,63,54,9,9
58012,89,102,-13,13
58013,78,82,-4,4
58014,104,100,4,4
58015,113,114,-1,1
58016,88,85,3,3
58017,87,85,2,2
58018,182,159,23,23
58019,97,98,-1,1
58020,123,130,-7,7
58021,93,119,-26,26
58022,77,69,8,8
58023,87,79,8,8
58024,71,78,-7,7
58025,60,54,6,6
58026,95,99,-4,4
58027,92,82,10,10
58028,78,75,3,3
58029,84,84,0,0
58030,153,139,14,14
58031,140,139,1,1
58032,99,83,16,16
58033,57,65,-8,8
58034,83,97,-14,14
58035,79,76,3,3
58036,87,88,-1,1
58037,85,99,-14,14
58038,80,74,6,6
58039,69,76,-7,7
58040,68,62,6,6
58041,94,94,0,0
58042,79,84,-5,5
58043,115,110,5,5
58044,59,54,5,5
58045,183,190,-7,7
58046,64,59,5,5
58047,109,91,18,18
58048,54,46,8,8
58049,62,58,4,4
58050,69,84,-15,15
58051,62,53,9,9
58052,71,79,-8,8
58053,140,130,10,10
58054,73,73,0,0
58055,124,120,4,4
58056,86,88,-2,2
58057,142,141,1,1
58058,170,171,-1,1
58059,69,64,5,5
58060,124,134,-10,10
58061,123,126,-3,3
58062,104,79,25,25
58063,65,81,-16,16
58064,110,105,5,5
58065,80,81,-1,1
58066,66,74,-8,8
58067,96,80,16,16
58068,116,123,-7,7
58069,74,63,11,11
58070,59,62,-3,3
58071,64,60,4,4
58072,115,112,3,3
58073,89,83,6,6
58074,136,130,6,6
58075,51,51,0,0
58076,73,66,7,7
58077,68,66,2,2
58078,116,108,8,8
58079,135,127,8,8
58080,29,34,-5,5
58081,96,82,14,14
58082,38,70,-32,32
58083,170,150,20,20
58084,125,120,5,5
58085,160,142,18,18
58086,108,112,-4,4
58087,144,142,2,2
58088,70,63,7,7
58089,100,91,9,9
58090,62,62,0,0
58091,129,118,11,11
58092,99,85,14,14
58093,93,96,-3,3
58094,108,99,9,9
58095,59,58,1,1
58096,43,50,-7,7
58097,119,93,26,26
58098,71,63,8,8
58099,147,148,-1,1
58100,60,63,-3,3
58101,79,86,-7,7
58102,64,70,-6,6
58103,73,70,3,3
58104,105,105,0,0
58105,80,82,-2,2
58106,79,79,0,0
58107,90,91,-1,1
58108,89,78,11,11
58109,73,75,-2,2
58110,113,113,0,0
58111,78,88,-10,10
58112,63,79,-16,16
58113,142,128,14,14
58114,145,163,-18,18
58115,95,94,1,1
58116,101,97,4,4
58117,126,110,16,16
58118,154,137,17,17
58119,184,157,27,27
58120,116,126,-10,10
58121,84,86,-2,2
58122,129,113,16,16
58123,74,73,1,1
58124,97,87,10,10
58125,88,110,-22,22
58126,102,104,-2,2
58127,69,71,-2,2
58128,73,75,-2,2
58129,77,64,13,13
58130,98,95,3,3
58131,78,82,-4,4
58132,108,89,19,19
58133,78,80,-2,2
58134,86,92,-6,6
58135,70,65,5,5
58136,70,72,-2,2
58137,78,71,7,7
58138,81,75,6,6
58139,55,62,-7,7
58140,37,34,3,3
58141,80,78,2,2
58142,68,70,-2,2
58143,130,129,1,1
58144,100,94,6,6
58145,71,69,2,2
58146,97,88,9,9
58147,147,138,9,9
58148,93,89,4,4
58149,165,166,-1,1
58150,70,78,-8,8
58151,59,65,-6,6
58152,46,49,-3,3
58153,132,118,14,14
58154,90,76,14,14
58155,208,218,-10,10
58156,124,118,6,6
58157,92,98,-6,6
58158,75,75,0,0
58159,103,104,-1,1
58160,47,53,-6,6
58161,72,64,8,8
58162,65,67,-2,2
58163,107,113,-6,6
58164,131,126,5,5
58165,67,70,-3,3
58166,119,114,5,5
58167,63,63,0,0
58168,153,145,8,8
58169,72,73,-1,1
58170,131,142,-11,11
58171,92,91,1,1
58172,70,64,6,6
58173,93,95,-2,2
58174,48,66,-18,18
58175,75,71,4,4
58176,185,174,11,11
58177,90,64,26,26
58178,53,49,4,4
58179,130,128,2,2
58180,139,136,3,3
58181,92,96,-4,4
58182,77,103,-26,26
58183,130,112,18,18
58184,88,80,8,8
58185,68,78,-10,10
58186,144,107,37,37
58187,73,81,-8,8
58188,136,135,1,1
58189,115,105,10,10
58190,79,84,-5,5
58191,97,91,6,6
58192,70,66,4,4
58193,76,78,-2,2
58194,110,103,7,7
58195,103,126,-23,23
58196,106,100,6,6
58197,82,80,2,2
58198,82,94,-12,12
58199,64,61,3,3
58200,108,109,-1,1
58201,162,153,9,9
58202,64,73,-9,9
58203,42,47,-5,5
58204,128,124,4,4
58205,93,82,11,11
58206,83,71,12,12
58207,75,73,2,2
58208,113,109,4,4
58209,131,112,19,19
58210,70,58,12,12
58211,82,82,0,0
58212,53,52,1,1
58213,92,95,-3,3
58214,123,114,9,9
58215,132,119,13,13
58216,71,69,2,2
58217,83,80,3,3
58218,52,54,-2,2
58219,102,96,6,6
58220,51,55,-4,4
58221,90,79,11,11
58222,121,134,-13,13
58223,125,117,8,8
58224,66,61,5,5
58225,99,101,-2,2
58226,71,85,-14,14
58227,103,99,4,4
58228,87,87,0,0
58229,130,126,4,4
58230,74,80,-6,6
58231,171,144,27,27
58232,146,121,25,25
58233,81,81,0,0
58234,72,70,2,2
58235,81,98,-17,17
58236,58,66,-8,8
58237,111,103,8,8
58238,148,139,9,9
58239,76,65,11,11
58240,78,62,16,16
58241,91,104,-13,13
58242,91,93,-2,2
58243,70,75,-5,5
58244,155,134,21,21
58245,89,84,5,5
58246,55,55,0,0
58247,97,82,15,15
58248,71,65,6,6
58249,134,135,-1,1
58250,85,75,10,10
58251,76,72,4,4
58252,98,107,-9,9
58253,51,58,-7,7
58254,111,104,7,7
58255,59,63,-4,4
58256,112,100,12,12
58257,43,40,3,3
58258,122,110,12,12
58259,62,48,14,14
58260,57,55,2,2
58261,94,90,4,4
58262,92,94,-2,2
58263,113,129,-16,16
58264,125,106,19,19
58265,98,97,1,1
58266,58,63,-5,5
58267,110,101,9,9
58268,69,68,1,1
58269,57,61,-4,4
58270,54,50,4,4
58271,69,66,3,3
58272,84,87,-3,3
58273,81,85,-4,4
58274,72,65,7,7
58275,120,110,10,10
58276,59,64,-5,5
58277,121,117,4,4
58278,54,64,-10,10
58279,62,64,-2,2
58280,83,73,10,10
58281,85,71,14,14
58282,102,105,-3,3
58283,109,88,21,21
58284,128,136,-8,8
58285,128,113,15,15
58286,155,120,35,35
58287,75,80,-5,5
58288,44,40,4,4
58289,106,117,-11,11
58290,122,107,15,15
58291,99,87,12,12
58292,76,82,-6,6
58293,93,83,10,10
58294,59,59,0,0
58295,115,105,10,10
58296,147,149,-2,2
58297,104,104,0,0
58298,56,53,3,3
58299,119,108,11,11
58300,92,101,-9,9
58301,55,57,-2,2
58302,70,66,4,4
58303,79,79,0,0
58304,106,99,7,7
58305,141,118,23,23
58306,142,137,5,5
58307,100,99,1,1
58308,71,61,10,10
58309,37,41,-4,4
58310,58,56,2,2
58311,107,111,-4,4
58312,104,97,7,7
58313,125,120,5,5
58314,95,125,-30,30
58315,164,164,0,0
58316,45,60,-15,15
58317,86,78,8,8
58318,101,96,5,5
58319,117,99,18,18
58320,85,90,-5,5
58321,60,58,2,2
58322,141,149,-8,8
58323,101,108,-7,7
58324,113,96,17,17
58325,108,105,3,3
58326,86,79,7,7
58327,121,113,8,8
58328,165,191,-26,26
58329,58,57,1,1
58330,165,152,13,13
58331,99,97,2,2
58332,77,84,-7,7
58333,120,113,7,7
58334,132,116,16,16
58335,138,120,18,18
58336,104,129,-25,25
58337,59,62,-3,3
58338,68,62,6,6
58339,76,80,-4,4
58340,81,91,-10,10
58341,126,114,12,12
58342,125,101,24,24
58343,39,42,-3,3
58344,103,70,33,33
58345,64,78,-14,14
58346,120,107,13,13
58347,53,55,-2,2
58348,81,73,8,8
58349,128,117,11,11
58350,75,73,2,2
58351,67,52,15,15
58352,158,128,30,30
58353,77,90,-13,13
58354,140,133,7,7
58355,75,80,-5,5
58356,114,121,-7,7
58357,82,75,7,7
58358,96,102,-6,6
58359,142,120,22,22
58360,84,86,-2,2
58361,84,69,15,15
58362,69,72,-3,3
58363,63,64,-1,1
58364,83,80,3,3
58365,136,132,4,4
58366,107,96,11,11
58367,95,91,4,4
58368,157,143,14,14
58369,89,90,-1,1
58370,85,79,6,6
58371,102,97,5,5
58372,103,105,-2,2
58373,88,81,7,7
58374,100,97,3,3
58375,69,69,0,0
58376,84,78,6,6
58377,32,27,5,5
58378,52,58,-6,6
58379,156,137,19,19
58380,71,61,10,10
58381,114,105,9,9
58382,83,81,2,2
58383,81,86,-5,5
58384,164,145,19,19
58385,109,104,5,5
58386,89,93,-4,4
58387,125,98,27,27
58388,82,75,7,7
58389,73,72,1,1
58390,117,137,-20,20
58391,69,73,-4,4
58392,98,90,8,8
58393,114,97,17,17
58394,86,81,5,5
58395,112,99,13,13
58396,96,97,-1,1
58397,113,107,6,6
58398,86,94,-8,8
58399,130,122,8,8
58400,80,75,5,5
58401,134,133,1,1
58402,158,144,14,14
58403,59,56,3,3
58404,55,66,-11,11
58405,87,94,-7,7
58406,42,38,4,4
58407,76,77,-1,1
58408,62,54,8,8
58409,119,119,0,0
58410,103,102,1,1
58411,172,170,2,2
58412,134,129,5,5
58413,68,66,2,2
58414,62,58,4,4
58415,57,59,-2,2
58416,147,127,20,20
58417,93,88,5,5
58418,116,109,7,7
58419,161,158,3,3
58420,79,97,-18,18
58421,148,143,5,5
58422,118,110,8,8
58423,46,56,-10,10
58424,130,117,13,13
58425,163,162,1,1
58426,56,57,-1,1
58427,74,64,10,10
58428,66,82,-16,16
58429,84,69,15,15
58430,76,81,-5,5
58431,88,82,6,6
58432,69,67,2,2
58433,60,61,-1,1
58434,75,73,2,2
58435,164,153,11,11
58436,71,80,-9,9
58437,125,106,19,19
58438,86,87,-1,1
58439,62,52,10,10
58440,82,84,-2,2
58441,55,51,4,4
58442,58,71,-13,13
58443,52,58,-6,6
58444,107,103,4,4
58445,82,89,-7,7
58446,118,130,-12,12
58447,104,98,6,6
58448,65,65,0,0
58449,148,137,11,11
58450,104,110,-6,6
58451,189,184,5,5
58452,126,121,5,5
58453,92,78,14,14
58454,122,119,3,3
58455,75,77,-2,2
58456,99,92,7,7
58457,99,85,14,14
58458,154,154,0,0
58459,89,94,-5,5
58460,145,148,-3,3
58461,81,61,20,20
58462,146,157,-11,11
58463,171,168,3,3
58464,52,51,1,1
58465,81,76,5,5
58466,102,98,4,4
58467,137,147,-10,10
58468,43,45,-2,2
58469,93,100,-7,7
58470,62,67,-5,5
58471,110,101,9,9
58472,78,67,11,11
58473,112,116,-4,4
58474,64,69,-5,5
58475,52,58,-6,6
58476,51,66,-15,15
58477,71,73,-2,2
58478,62,62,0,0
58479,54,44,10,10
58480,81,75,6,6
58481,156,131,25,25
58482,76,76,0,0
58483,74,65,9,9
58484,63,67,-4,4
58485,59,50,9,9
58486,45,51,-6,6
58487,127,103,24,24
58488,110,96,14,14
58489,68,61,7,7
58490,89,86,3,3
58491,64,67,-3,3
58492,116,116,0,0
58493,68,70,-2,2
58494,211,235,-24,24
58495,93,79,14,14
58496,79,75,4,4
58497,84,86,-2,2
58498,73,71,2,2
58499,82,69,13,13
58500,80,92,-12,12
58501,75,74,1,1
58502,83,79,4,4
58503,123,126,-3,3
58504,52,58,-6,6
58505,133,108,25,25
58506,90,85,5,5
58507,70,63,7,7
58508,74,81,-7,7
58509,84,88,-4,4
58510,90,91,-1,1
58511,92,92,0,0
58512,55,63,-8,8
58513,62,61,1,1
58514,120,112,8,8
58515,84,88,-4,4
58516,83,75,8,8
58517,95,103,-8,8
58518,79,72,7,7
58519,89,90,-1,1
58520,149,146,3,3
58521,81,101,-20,20
58522,91,90,1,1
58523,87,73,14,14
58524,76,74,2,2
58525,45,47,-2,2
58526,226,246,-20,20
58527,125,120,5,5
58528,148,155,-7,7
58529,60,65,-5,5
58530,134,130,4,4
58531,165,160,5,5
58532,129,116,13,13
58533,65,60,5,5
58534,89,86,3,3
58535,95,94,1,1
58536,83,79,4,4
58537,79,67,12,12
58538,111,101,10,10
58539,83,78,5,5
58540,121,116,5,5
58541,97,96,1,1
58542,114,113,1,1
58543,55,50,5,5
58544,118,115,3,3
58545,95,97,-2,2
58546,80,71,9,9
58547,112,108,4,4
58548,127,118,9,9
58549,140,124,16,16
58550,100,146,-46,46
58551,50,49,1,1
58552,130,122,8,8
58553,77,82,-5,5
58554,86,91,-5,5
58555,117,95,22,22
58556,163,142,21,21
58557,78,81,-3,3
58558,118,110,8,8
58559,110,109,1,1
58560,93,81,12,12
58561,76,85,-9,9
58562,71,56,15,15
58563,85,86,-1,1
58564,39,43,-4,4
58565,77,79,-2,2
58566,57,50,7,7
58567,68,67,1,1
58568,74,76,-2,2
58569,80,71,9,9
58570,86,97,-11,11
58571,55,55,0,0
58572,129,118,11,11
58573,181,184,-3,3
58574,71,67,4,4
58575,106,119,-13,13
58576,43,39,4,4
58577,157,146,11,11
58578,68,65,3,3
58579,134,124,10,10
58580,137,129,8,8
58581,71,70,1,1
58582,48,45,3,3
58583,45,51,-6,6
58584,75,76,-1,1
58585,67,78,-11,11
58586,108,97,11,11
58587,81,78,3,3
58588,94,94,0,0
58589,229,241,-12,12
58590,58,52,6,6
58591,75,66,9,9
58592,97,110,-13,13
58593,142,139,3,3
58594,196,159,37,37
58595,78,74,4,4
58596,101,111,-10,10
58597,100,89,11,11
58598,82,70,12,12
58599,100,104,-4,4
58600,81,82,-1,1
58601,81,85,-4,4
58602,106,146,-40,40
58603,74,65,9,9
58604,77,82,-5,5
58605,124,108,16,16
58606,35,45,-10,10
58607,76,71,5,5
58608,106,101,5,5
58609,83,94,-11,11
58610,82,76,6,6
58611,77,74,3,3
58612,113,108,5,5
58613,86,79,7,7
58614,115,108,7,7
58615,98,91,7,7
58616,69,76,-7,7
58617,90,91,-1,1
58618,99,90,9,9
58619,59,69,-10,10
58620,109,98,11,11
58621,72,77,-5,5
58622,130,119,11,11
58623,118,119,-1,1
58624,113,105,8,8
58625,98,84,14,14
58626,102,92,10,10
58627,142,120,22,22
58628,95,90,5,5
58629,89,92,-3,3
58630,45,59,-14,14
58631,35,49,-14,14
58632,54,57,-3,3
58633,102,84,18,18
58634,27,28,-1,1
58635,66,58,8,8
58636,35,44,-9,9
58637,115,108,7,7
58638,148,129,19,19
58639,98,92,6,6
58640,115,115,0,0
58641,79,86,-7,7
58642,84,84,0,0
58643,147,144,3,3
58644,79,75,4,4
58645,62,58,4,4
58646,95,89,6,6
58647,71,68,3,3
58648,66,70,-4,4
58649,84,82,2,2
58650,142,131,11,11
58651,142,119,23,23
58652,91,88,3,3
58653,102,105,-3,3
58654,105,132,-27,27
58655,66,64,2,2
58656,83,90,-7,7
58657,63,58,5,5
58658,66,69,-3,3
58659,109,120,-11,11
58660,71,76,-5,5
58661,92,93,-1,1
58662,139,145,-6,6
58663,117,119,-2,2
58664,120,120,0,0
58665,94,114,-20,20
58666,99,96,3,3
58667,58,56,2,2
58668,129,119,10,10
58669,66,71,-5,5
58670,126,113,13,13
58671,111,113,-2,2
58672,54,52,2,2
58673,153,144,9,9
58674,82,80,2,2
58675,56,57,-1,1
58676,59,57,2,2
58677,146,122,24,24
58678,64,62,2,2
58679,56,47,9,9
58680,60,59,1,1
58681,21,55,-34,34
58682,132,123,9,9
58683,85,91,-6,6
58684,113,105,8,8
58685,81,76,5,5
58686,110,107,3,3
58687,98,92,6,6
58688,86,86,0,0
58689,102,94,8,8
58690,129,129,0,0
58691,89,85,4,4
58692,121,129,-8,8
58693,104,93,11,11
58694,63,57,6,6
58695,138,134,4,4
58696,119,133,-14,14
58697,92,86,6,6
58698,113,105,8,8
58699,97,101,-4,4
58700,162,145,17,17
58701,41,50,-9,9
58702,112,111,1,1
58703,124,110,14,14
58704,76,84,-8,8
58705,116,118,-2,2
58706,86,78,8,8
58707,69,61,8,8
58708,99,103,-4,4
58709,65,64,1,1
58710,70,79,-9,9
58711,111,95,16,16
58712,79,71,8,8
58713,92,89,3,3
58714,92,84,8,8
58715,126,121,5,5
58716,109,116,-7,7
58717,65,76,-11,11
58718,79,73,6,6
58719,160,163,-3,3
58720,75,77,-2,2
58721,95,87,8,8
58722,97,94,3,3
58723,102,98,4,4
58724,75,66,9,9
58725,119,126,-7,7
58726,31,35,-4,4
58727,137,124,13,13
58728,99,104,-5,5
58729,135,127,8,8
58730,143,144,-1,1
58731,128,126,2,2
58732,135,135,0,0
58733,56,47,9,9
58734,79,66,13,13
58735,157,135,22,22
58736,103,101,2,2
58737,147,139,8,8
58738,78,75,3,3
58739,124,125,-1,1
58740,57,64,-7,7
58741,63,88,-25,25
58742,79,57,22,22
58743,87,91,-4,4
58744,105,92,13,13
58745,119,108,11,11
58746,41,39,2,2
58747,62,72,-10,10
58748,148,145,3,3
58749,113,109,4,4
58750,236,239,-3,3
58751,49,54,-5,5
58752,78,82,-4,4
58753,105,103,2,2
58754,136,132,4,4
58755,93,96,-3,3
58756,55,59,-4,4
58757,87,86,1,1
58758,67,66,1,1
58759,113,100,13,13
58760,52,54,-2,2
58761,102,126,-24,24
58762,149,126,23,23
58763,65,76,-11,11
58764,106,95,11,11
58765,88,81,7,7
58766,175,159,16,16
58767,116,111,5,5
58768,128,125,3,3
58769,86,85,1,1
58770,154,161,-7,7
58771,93,88,5,5
58772,65,87,-22,22
58773,119,118,1,1
58774,81,75,6,6
58775,93,123,-30,30
58776,77,79,-2,2
58777,144,113,31,31
58778,105,104,1,1
58779,111,93,18,18
58780,143,131,12,12
58781,96,104,-8,8
58782,86,94,-8,8
58783,78,72,6,6
58784,136,128,8,8
58785,82,78,4,4
58786,91,85,6,6
58787,83,87,-4,4
58788,106,112,-6,6
58789,94,95,-1,1
58790,99,100,-1,1
58791,78,80,-2,2
58792,154,140,14,14
58793,77,73,4,4
58794,184,170,14,14
58795,192,192,0,0
58796,77,79,-2,2
58797,105,109,-4,4
58798,62,61,1,1
58799,103,98,5,5
58800,59,65,-6,6
58801,77,67,10,10
58802,155,157,-2,2
58803,90,84,6,6
58804,98,113,-15,15
58805,93,88,5,5
58806,132,127,5,5
58807,115,108,7,7
58808,67,57,10,10
58809,198,196,2,2
58810,90,83,7,7
58811,114,116,-2,2
58812,108,106,2,2
58813,77,77,0,0
58814,114,118,-4,4
58815,126,137,-11,11
58816,86,80,6,6
58817,67,67,0,0
58818,108,103,5,5
58819,92,90,2,2
58820,123,117,6,6
58821,96,100,-4,4
58822,64,60,4,4
58823,166,159,7,7
58824,218,220,-2,2
58825,89,89,0,0
58826,76,71,5,5
58827,69,67,2,2
58828,122,121,1,1
58829,115,107,8,8
58830,87,98,-11,11
58831,119,113,6,6
58832,95,93,2,2
58833,82,77,5,5
58834,57,54,3,3
58835,100,104,-4,4
58836,86,79,7,7
58837,101,90,11,11
58838,65,59,6,6
58839,106,103,3,3
58840,75,69,6,6
58841,142,132,10,10
58842,81,76,5,5
58843,77,79,-2,2
58844,59,48,11,11
58845,130,116,14,14
58846,100,89,11,11
58847,92,93,-1,1
58848,55,55,0,0
58849,101,120,-19,19
58850,66,71,-5,5
58851,108,94,14,14
58852,83,79,4,4
58853,69,63,6,6
58854,140,123,17,17
58855,87,74,13,13
58856,96,93,3,3
58857,167,162,5,5
58858,72,70,2,2
58859,88,90,-2,2
58860,124,112,12,12
58861,91,89,2,2
58862,51,57,-6,6
58863,87,69,18,18
58864,92,92,0,0
58865,58,57,1,1
58866,45,42,3,3
58867,95,91,4,4
58868,134,123,11,11
58869,91,88,3,3
58870,121,116,5,5
58871,51,51,0,0
58872,58,59,-1,1
58873,48,58,-10,10
58874,75,77,-2,2
58875,46,55,-9,9
58876,56,55,1,1
58877,87,80,7,7
58878,47,55,-8,8
58879,88,92,-4,4
58880,112,102,10,10
58881,56,58,-2,2
58882,104,104,0,0
58883,61,51,10,10
58884,96,90,6,6
58885,113,106,7,7
58886,66,54,12,12
58887,153,153,0,0
58888,115,126,-11,11
58889,100,99,1,1
58890,73,71,2,2
58891,89,76,13,13
58892,101,109,-8,8
58893,82,86,-4,4
58894,89,92,-3,3
58895,94,97,-3,3
58896,93,83,10,10
58897,113,106,7,7
58898,129,119,10,10
58899,68,65,3,3
58900,68,67,1,1
58901,94,90,4,4
58902,157,148,9,9
58903,99,91,8,8
58904,54,61,-7,7
58905,123,111,12,12
58906,94,74,20,20
58907,183,186,-3,3
58908,74,68,6,6
58909,59,53,6,6
58910,173,153,20,20
58911,122,114,8,8
58912,75,70,5,5
58913,77,76,1,1
58914,63,65,-2,2
58915,90,97,-7,7
58916,56,68,-12,12
58917,82,81,1,1
58918,86,99,-13,13
58919,149,131,18,18
58920,108,100,8,8
58921,73,77,-4,4
58922,67,65,2,2
58923,93,97,-4,4
58924,55,57,-2,2
58925,108,112,-4,4
58926,118,118,0,0
58927,30,37,-7,7
58928,70,59,11,11
58929,94,92,2,2
58930,84,85,-1,1
58931,77,74,3,3
58932,64,59,5,5
58933,103,100,3,3
58934,93,111,-18,18
58935,91,82,9,9
58936,65,66,-1,1
58937,108,96,12,12
58938,117,98,19,19
58939,45,49,-4,4
58940,113,115,-2,2
58941,70,65,5,5
58942,75,89,-14,14
58943,79,89,-10,10
58944,59,58,1,1
58945,59,65,-6,6
58946,42,49,-7,7
58947,96,75,21,21
58948,109,101,8,8
58949,95,102,-7,7
58950,126,114,12,12
58951,89,98,-9,9
58952,99,96,3,3
58953,145,137,8,8
58954,108,99,9,9
58955,84,76,8,8
58956,82,85,-3,3
58957,171,160,11,11
58958,103,91,12,12
58959,118,105,13,13
58960,180,159,21,21
58961,61,61,0,0
58962,163,151,12,12
58963,135,145,-10,10
58964,152,138,14,14
58965,109,93,16,16
58966,61,67,-6,6
58967,108,112,-4,4
58968,181,187,-6,6
58969,104,110,-6,6
58970,105,94,11,11
58971,68,67,1,1
58972,116,134,-18,18
58973,144,131,13,13
58974,85,78,7,7
58975,141,147,-6,6
58976,152,152,0,0
58977,114,113,1,1
58978,143,126,17,17
58979,155,148,7,7
58980,191,176,15,15
58981,102,96,6,6
58982,77,69,8,8
58983,97,99,-2,2
58984,85,90,-5,5
58985,82,61,21,21
58986,83,73,10,10
58987,64,63,1,1
58988,135,131,4,4
58989,86,75,11,11
58990,59,58,1,1
58991,71,63,8,8
58992,65,57,8,8
58993,134,132,2,2
58994,85,82,3,3
58995,159,148,11,11
58996,145,141,4,4
58997,66,77,-11,11
58998,71,71,0,0
58999,154,138,16,16
59000,159,168,-9,9
59001,50,49,1,1
59002,95,97,-2,2
59003,81,72,9,9
59004,128,111,17,17
59005,79,78,1,1
59006,93,93,0,0
59007,156,156,0,0
59008,107,94,13,13
59009,48,53,-5,5
59010,49,45,4,4
59011,52,108,-56,56
59012,43,50,-7,7
59013,166,152,14,14
59014,59,60,-1,1
59015,97,86,11,11
59016,143,154,-11,11
59017,107,115,-8,8
59018,122,115,7,7
59019,77,72,5,5
59020,77,79,-2,2
59021,52,54,-2,2
59022,70,71,-1,1
59023,93,88,5,5
59024,93,108,-15,15
59025,110,121,-11,11
59026,53,53,0,0
59027,67,63,4,4
59028,185,189,-4,4
59029,90,76,14,14
59030,107,100,7,7
59031,148,153,-5,5
59032,119,115,4,4
59033,95,101,-6,6
59034,112,92,20,20
59035,171,174,-3,3
59036,110,82,28,28
59037,76,89,-13,13
59038,99,88,11,11
59039,94,98,-4,4
59040,107,111,-4,4
59041,73,68,5,5
59042,133,108,25,25
59043,70,81,-11,11
59044,80,61,19,19
59045,149,130,19,19
59046,78,57,21,21
59047,95,93,2,2
59048,79,83,-4,4
59049,42,61,-19,19
59050,73,71,2,2
59051,346,317,29,29
59052,70,49,21,21
59053,75,73,2,2
59054,144,139,5,5
59055,63,66,-3,3
59056,80,78,2,2
59057,124,109,15,15
59058,69,59,10,10
59059,99,97,2,2
59060,140,107,33,33
59061,117,109,8,8
59062,58,55,3,3
59063,84,91,-7,7
59064,47,49,-2,2
59065,86,84,2,2
59066,52,59,-7,7
59067,77,77,0,0
59068,69,70,-1,1
59069,107,97,10,10
59070,118,101,17,17
59071,81,91,-10,10
59072,109,98,11,11
59073,97,102,-5,5
59074,85,78,7,7
59075,81,73,8,8
59076,65,57,8,8
59077,101,111,-10,10
59078,90,94,-4,4
59079,68,79,-11,11
59080,59,55,4,4
59081,97,100,-3,3
59082,104,100,4,4
59083,52,51,1,1
59084,58,58,0,0
59085,64,71,-7,7
59086,92,88,4,4
59087,179,167,12,12
59088,112,102,10,10
59089,100,105,-5,5
59090,60,61,-1,1
59091,102,97,5,5
59092,111,106,5,5
59093,100,89,11,11
59094,80,73,7,7
59095,89,87,2,2
59096,124,130,-6,6
59097,70,68,2,2
59098,85,92,-7,7
59099,79,84,-5,5
59100,74,65,9,9
59101,66,64,2,2
59102,75,82,-7,7
59103,83,78,5,5
59104,65,70,-5,5
59105,119,117,2,2
59106,102,100,2,2
59107,81,80,1,1
59108,77,72,5,5
59109,81,80,1,1
59110,94,98,-4,4
59111,103,100,3,3
59112,104,98,6,6
59113,118,102,16,16
59114,90,85,5,5
59115,71,65,6,6
59116,114,100,14,14
59117,120,95,25,25
59118,85,77,8,8
59119,79,81,-2,2
59120,49,39,10,10
59121,74,71,3,3
59122,99,95,4,4
59123,106,115,-9,9
59124,89,88,1,1
59125,21,37,-16,16
59126,114,112,2,2
59127,90,91,-1,1
59128,129,122,7,7
59129,64,60,4,4
59130,44,42,2,2
59131,150,133,17,17
59132,136,131,5,5
59133,119,121,-2,2
59134,68,78,-10,10
59135,87,92,-5,5
59136,66,71,-5,5
59137,103,98,5,5
59138,117,113,4,4
59139,111,85,26,26
59140,112,86,26,26
59141,101,99,2,2
59142,143,133,10,10
59143,81,86,-5,5
59144,180,159,21,21
59145,61,62,-1,1
59146,131,121,10,10
59147,70,72,-2,2
59148,107,99,8,8
59149,135,119,16,16
59150,92,90,2,2
59151,81,74,7,7
59152,108,104,4,4
59153,90,84,6,6
59154,86,67,19,19
59155,127,112,15,15
59156,47,41,6,6
59157,130,128,2,2
59158,84,84,0,0
59159,79,83,-4,4
59160,91,88,3,3
59161,120,106,14,14
59162,80,79,1,1
59163,59,61,-2,2
59164,81,87,-6,6
59165,143,146,-3,3
59166,117,99,18,18
59167,143,127,16,16
59168,154,139,15,15
59169,57,56,1,1
59170,69,72,-3,3
59171,44,48,-4,4
59172,84,88,-4,4
59173,96,87,9,9
59174,80,68,12,12
59175,61,73,-12,12
59176,64,77,-13,13
59177,67,69,-2,2
59178,108,103,5,5
59179,87,85,2,2
59180,87,77,10,10
59181,112,93,19,19
59182,147,139,8,8
59183,143,127,16,16
59184,124,136,-12,12
59185,160,146,14,14
59186,109,109,0,0
59187,71,75,-4,4
59188,138,128,10,10
59189,76,70,6,6
59190,96,90,6,6
59191,94,86,8,8
59192,44,46,-2,2
59193,83,82,1,1
59194,49,56,-7,7
59195,75,77,-2,2
59196,104,107,-3,3
59197,75,74,1,1
59198,93,89,4,4
59199,96,100,-4,4
59200,81,84,-3,3
59201,80,74,6,6
59202,97,80,17,17
59203,65,77,-12,12
59204,46,52,-6,6
59205,79,82,-3,3
59206,88,89,-1,1
59207,62,78,-16,16
59208,84,78,6,6
59209,70,75,-5,5
59210,129,134,-5,5
59211,104,80,24,24
59212,116,116,0,0
59213,126,123,3,3
59214,95,96,-1,1
59215,66,61,5,5
59216,81,76,5,5
59217,133,112,21,21
59218,95,93,2,2
59219,151,136,15,15
59220,88,86,2,2
59221,110,106,4,4
59222,69,59,10,10
59223,106,94,12,12
59224,64,66,-2,2
59225,126,113,13,13
59226,41,43,-2,2
59227,97,93,4,4
59228,46,72,-26,26
59229,52,70,-18,18
59230,66,55,11,11
59231,81,78,3,3
59232,81,79,2,2
59233,85,80,5,5
59234,35,39,-4,4
59235,118,107,11,11
59236,94,98,-4,4
59237,92,81,11,11
59238,55,65,-10,10
59239,99,105,-6,6
59240,68,70,-2,2
59241,56,55,1,1
59242,97,101,-4,4
59243,110,112,-2,2
59244,152,143,9,9
59245,40,45,-5,5
59246,52,64,-12,12
59247,169,162,7,7
59248,160,144,16,16
59249,78,73,5,5
59250,77,87,-10,10
59251,40,38,2,2
59252,93,114,-21,21
59253,115,106,9,9
59254,108,104,4,4
59255,69,75,-6,6
59256,126,156,-30,30
59257,133,143,-10,10
59258,116,111,5,5
59259,76,81,-5,5
59260,42,45,-3,3
59261,74,84,-10,10
59262,145,134,11,11
59263,72,62,10,10
59264,103,106,-3,3
59265,67,70,-3,3
59266,139,118,21,21
59267,93,90,3,3
59268,112,100,12,12
59269,176,177,-1,1
59270,70,68,2,2
59271,158,132,26,26
59272,71,66,5,5
59273,47,41,6,6
59274,93,78,15,15
59275,57,68,-11,11
59276,75,72,3,3
59277,62,70,-8,8
59278,104,118,-14,14
59279,143,137,6,6
59280,83,73,10,10
59281,75,69,6,6
59282,92,89,3,3
59283,60,57,3,3
59284,117,106,11,11
59285,64,63,1,1
59286,61,63,-2,2
59287,87,74,13,13
59288,175,184,-9,9
59289,58,56,2,2
59290,77,64,13,13
59291,96,76,20,20
59292,120,110,10,10
59293,176,164,12,12
59294,132,121,11,11
59295,67,68,-1,1
59296,73,70,3,3
59297,120,136,-16,16
59298,71,71,0,0
59299,63,59,4,4
59300,74,70,4,4
59301,35,54,-19,19
59302,129,116,13,13
59303,132,135,-3,3
59304,75,75,0,0
59305,122,115,7,7
59306,89,88,1,1
59307,90,75,15,15
59308,71,74,-3,3
59309,92,83,9,9
59310,184,164,20,20
59311,59,95,-36,36
59312,90,89,1,1
59313,100,108,-8,8
59314,83,79,4,4
59315,83,84,-1,1
59316,78,80,-2,2
59317,106,103,3,3
59318,107,107,0,0
59319,45,47,-2,2
59320,82,85,-3,3
59321,85,95,-10,10
59322,109,91,18,18
59323,70,72,-2,2
59324,70,77,-7,7
59325,109,114,-5,5
59326,62,61,1,1
59327,63,67,-4,4
59328,67,73,-6,6
59329,38,41,-3,3
59330,45,42,3,3
59331,111,98,13,13
59332,99,104,-5,5
59333,52,63,-11,11
59334,93,89,4,4
59335,103,117,-14,14
59336,86,84,2,2
59337,69,62,7,7
59338,52,74,-22,22
59339,215,163,52,52
59340,90,86,4,4
59341,54,52,2,2
59342,110,106,4,4
59343,97,84,13,13
59344,150,109,41,41
59345,142,130,12,12
59346,57,73,-16,16
59347,116,110,6,6
59348,177,175,2,2
59349,109,104,5,5
59350,78,77,1,1
59351,79,78,1,1
59352,51,49,2,2
59353,80,72,8,8
59354,99,104,-5,5
59355,49,45,4,4
59356,153,146,7,7
59357,174,158,16,16
59358,100,95,5,5
59359,147,136,11,11
59360,75,107,-32,32
59361,138,131,7,7
59362,78,73,5,5
59363,77,77,0,0
59364,93,75,18,18
59365,148,136,12,12
59366,176,161,15,15
59367,74,69,5,5
59368,178,190,-12,12
59369,107,107,0,0
59370,103,92,11,11
59371,125,124,1,1
59372,119,111,8,8
59373,98,99,-1,1
59374,69,62,7,7
59375,72,70,2,2
59376,81,90,-9,9
59377,54,57,-3,3
59378,110,111,-1,1
59379,84,80,4,4
59380,148,142,6,6
59381,61,60,1,1
59382,94,105,-11,11
59383,79,90,-11,11
59384,77,75,2,2
59385,83,88,-5,5
59386,102,87,15,15
59387,99,94,5,5
59388,104,101,3,3
59389,128,137,-9,9
59390,73,75,-2,2
59391,85,81,4,4
59392,123,127,-4,4
59393,87,93,-6,6
59394,135,125,10,10
59395,71,66,5,5
59396,81,96,-15,15
59397,64,57,7,7
59398,71,71,0,0
59399,105,99,6,6
59400,59,54,5,5
59401,140,118,22,22
59402,161,143,18,18
59403,100,87,13,13
59404,89,85,4,4
59405,64,60,4,4
59406,154,153,1,1
59407,167,135,32,32
59408,178,165,13,13
59409,88,78,10,10
59410,79,99,-20,20
59411,72,76,-4,4
59412,85,79,6,6
59413,92,90,2,2
59414,71,79,-8,8
59415,60,57,3,3
59416,66,55,11,11
59417,95,79,16,16
59418,82,77,5,5
59419,82,86,-4,4
59420,91,81,10,10
59421,121,116,5,5
59422,78,82,-4,4
59423,148,153,-5,5
59424,95,95,0,0
59425,138,137,1,1
59426,61,72,-11,11
59427,66,68,-2,2
59428,83,84,-1,1
59429,61,66,-5,5
59430,60,51,9,9
59431,56,50,6,6
59432,127,122,5,5
59433,62,58,4,4
59434,133,127,6,6
59435,79,74,5,5
59436,123,99,24,24
59437,53,53,0,0
59438,79,89,-10,10
59439,126,106,20,20
59440,117,133,-16,16
59441,136,128,8,8
59442,81,109,-28,28
59443,105,120,-15,15
59444,118,123,-5,5
59445,66,68,-2,2
59446,59,65,-6,6
59447,129,126,3,3
59448,93,99,-6,6
59449,87,84,3,3
59450,45,51,-6,6
59451,64,62,2,2
59452,121,113,8,8
59453,168,135,33,33
59454,81,69,12,12
59455,99,98,1,1
59456,117,99,18,18
59457,95,91,4,4
59458,66,78,-12,12
59459,122,119,3,3
59460,112,119,-7,7
59461,71,75,-4,4
59462,172,188,-16,16
59463,108,103,5,5
59464,85,83,2,2
59465,130,123,7,7
59466,64,60,4,4
59467,74,82,-8,8
59468,63,61,2,2
59469,145,145,0,0
59470,95,92,3,3
59471,138,127,11,11
59472,105,95,10,10
59473,51,57,-6,6
59474,109,109,0,0
59475,91,100,-9,9
59476,70,64,6,6
59477,129,126,3,3
59478,106,90,16,16
59479,82,68,14,14
59480,54,59,-5,5
59481,151,159,-8,8
59482,120,112,8,8
59483,151,146,5,5
59484,96,111,-15,15
59485,62,65,-3,3
59486,165,162,3,3
59487,138,124,14,14
59488,128,128,0,0
59489,80,74,6,6
59490,94,90,4,4
59491,86,85,1,1
59492,130,125,5,5
59493,154,134,20,20
59494,81,68,13,13
59495,152,128,24,24
59496,52,67,-15,15
59497,65,64,1,1
59498,109,84,25,25
59499,72,65,7,7
59500,103,94,9,9
59501,112,94,18,18
59502,65,73,-8,8
59503,77,74,3,3
59504,189,221,-32,32
59505,178,185,-7,7
59506,48,44,4,4
59507,145,138,7,7
59508,47,65,-18,18
59509,146,132,14,14
59510,118,114,4,4
59511,78,87,-9,9
59512,93,95,-2,2
59513,72,70,2,2
59514,86,89,-3,3
59515,118,105,13,13
59516,87,84,3,3
59517,42,40,2,2
59518,87,93,-6,6
59519,87,85,2,2
59520,159,150,9,9
59521,96,95,1,1
59522,50,53,-3,3
59523,76,90,-14,14
59524,111,119,-8,8
59525,140,130,10,10
59526,133,113,20,20
59527,89,97,-8,8
59528,94,84,10,10
59529,60,52,8,8
59530,67,69,-2,2
59531,166,146,20,20
59532,74,73,1,1
59533,88,87,1,1
59534,113,104,9,9
59535,114,108,6,6
59536,98,93,5,5
59537,52,66,-14,14
59538,109,107,2,2
59539,51,50,1,1
59540,92,92,0,0
59541,79,85,-6,6
59542,65,68,-3,3
59543,80,80,0,0
59544,130,118,12,12
59545,90,112,-22,22
59546,108,86,22,22
59547,84,88,-4,4
59548,160,156,4,4
59549,53,62,-9,9
59550,62,64,-2,2
59551,65,76,-11,11
59552,65,64,1,1
59553,61,60,1,1
59554,35,38,-3,3
59555,113,106,7,7
59556,69,71,-2,2
59557,56,58,-2,2
59558,103,116,-13,13
59559,76,72,4,4
59560,106,111,-5,5
59561,157,154,3,3
59562,150,126,24,24
59563,79,77,2,2
59564,94,95,-1,1
59565,59,71,-12,12
59566,135,156,-21,21
59567,91,86,5,5
59568,129,119,10,10
59569,80,77,3,3
59570,58,48,10,10
59571,96,77,19,19
59572,160,163,-3,3
59573,80,69,11,11
59574,55,61,-6,6
59575,101,91,10,10
59576,85,76,9,9
59577,68,74,-6,6
59578,95,111,-16,16
59579,110,100,10,10
59580,75,72,3,3
59581,73,72,1,1
59582,90,86,4,4
59583,78,88,-10,10
59584,148,122,26,26
59585,94,89,5,5
59586,64,61,3,3
59587,186,166,20,20
59588,40,44,-4,4
59589,74,73,1,1
59590,140,131,9,9
59591,103,98,5,5
59592,179,139,40,40
59593,209,166,43,43
59594,114,107,7,7
59595,44,52,-8,8
59596,84,83,1,1
59597,55,55,0,0
59598,150,133,17,17
59599,64,59,5,5
59600,61,64,-3,3
59601,89,87,2,2
59602,129,113,16,16
59603,61,54,7,7
59604,125,106,19,19
59605,129,124,5,5
59606,94,96,-2,2
59607,86,75,11,11
59608,124,131,-7,7
59609,45,47,-2,2
59610,131,113,18,18
59611,89,83,6,6
59612,140,141,-1,1
59613,85,87,-2,2
59614,178,168,10,10
59615,120,109,11,11
59616,135,121,14,14
59617,72,61,11,11
59618,45,47,-2,2
59619,63,62,1,1
59620,62,68,-6,6
59621,87,82,5,5
59622,165,176,-11,11
59623,107,124,-17,17
59624,69,80,-11,11
59625,94,100,-6,6
59626,58,53,5,5
59627,105,92,13,13
59628,115,113,2,2
59629,92,85,7,7
59630,80,78,2,2
59631,154,152,2,2
59632,61,53,8,8
59633,115,106,9,9
59634,52,50,2,2
59635,69,69,0,0
59636,58,62,-4,4
59637,92,95,-3,3
59638,56,55,1,1
59639,94,107,-13,13
59640,70,79,-9,9
59641,126,102,24,24
59642,77,80,-3,3
59643,77,72,5,5
59644,160,153,7,7
59645,69,62,7,7
59646,73,71,2,2
59647,72,65,7,7
59648,72,67,5,5
59649,124,117,7,7
59650,78,71,7,7
59651,81,76,5,5
59652,156,156,0,0
59653,67,62,5,5
59654,118,118,0,0
59655,79,65,14,14
59656,81,72,9,9
59657,87,87,0,0
59658,57,75,-18,18
59659,70,216,-146,146
59660,147,97,50,50
59661,141,127,14,14
59662,42,57,-15,15
59663,89,91,-2,2
59664,94,94,0,0
59665,103,104,-1,1
59666,100,101,-1,1
59667,56,54,2,2
59668,85,112,-27,27
59669,77,76,1,1
59670,89,88,1,1
59671,125,126,-1,1
59672,41,49,-8,8
59673,135,115,20,20
59674,70,78,-8,8
59675,51,47,4,4
59676,86,90,-4,4
59677,100,103,-3,3
59678,103,123,-20,20
59679,62,65,-3,3
59680,153,120,33,33
59681,173,167,6,6
59682,137,152,-15,15
59683,107,91,16,16
59684,161,150,11,11
59685,139,127,12,12
59686,62,62,0,0
59687,71,62,9,9
59688,104,119,-15,15
59689,115,107,8,8
59690,144,128,16,16
59691,76,84,-8,8
59692,168,158,10,10
59693,76,74,2,2
59694,78,72,6,6
59695,94,111,-17,17
59696,92,78,14,14
59697,96,91,5,5
59698,131,122,9,9
59699,93,94,-1,1
59700,93,81,12,12
59701,60,67,-7,7
59702,78,69,9,9
59703,72,79,-7,7
59704,141,110,31,31
59705,116,107,9,9
59706,83,91,-8,8
59707,78,81,-3,3
59708,79,73,6,6
59709,113,110,3,3
59710,46,47,-1,1
59711,93,96,-3,3
59712,99,87,12,12
59713,103,103,0,0
59714,98,85,13,13
59715,113,104,9,9
59716,121,130,-9,9
59717,58,68,-10,10
59718,92,88,4,4
59719,89,92,-3,3
59720,99,99,0,0
59721,89,85,4,4
59722,79,83,-4,4
59723,138,126,12,12
59724,79,72,7,7
59725,73,76,-3,3
59726,88,83,5,5
59727,73,82,-9,9
59728,95,99,-4,4
59729,104,106,-2,2
59730,77,65,12,12
59731,54,52,2,2
59732,128,123,5,5
59733,88,91,-3,3
59734,89,83,6,6
59735,100,101,-1,1
59736,132,136,-4,4
59737,73,78,-5,5
59738,69,71,-2,2
59739,88,76,12,12
59740,127,124,3,3
59741,135,141,-6,6
59742,71,69,2,2
59743,133,129,4,4
59744,98,96,2,2
59745,96,78,18,18
59746,121,114,7,7
59747,110,98,12,12
59748,63,66,-3,3
59749,149,136,13,13
59750,75,83,-8,8
59751,61,73,-12,12
59752,203,182,21,21
59753,106,104,2,2
59754,90,86,4,4
59755,111,90,21,21
59756,98,82,16,16
59757,70,85,-15,15
59758,77,72,5,5
59759,65,61,4,4
59760,110,101,9,9
59761,82,94,-12,12
59762,135,130,5,5
59763,133,132,1,1
59764,93,87,6,6
59765,96,97,-1,1
59766,83,83,0,0
59767,83,83,0,0
59768,114,102,12,12
59769,169,196,-27,27
59770,83,71,12,12
59771,87,85,2,2
59772,80,93,-13,13
59773,64,67,-3,3
59774,185,172,13,13
59775,110,97,13,13
59776,109,100,9,9
59777,52,53,-1,1
59778,103,100,3,3
59779,34,44,-10,10
59780,69,108,-39,39
59781,154,131,23,23
59782,149,137,12,12
59783,81,62,19,19
59784,81,83,-2,2
59785,68,70,-2,2
59786,93,73,20,20
59787,57,47,10,10
59788,129,124,5,5
59789,98,101,-3,3
59790,117,125,-8,8
59791,76,82,-6,6
59792,36,23,13,13
59793,130,129,1,1
59794,81,76,5,5
59795,72,75,-3,3
59796,76,75,1,1
59797,63,70,-7,7
59798,97,98,-1,1
59799,61,61,0,0
59800,85,83,2,2
59801,110,130,-20,20
59802,85,77,8,8
59803,77,93,-16,16
59804,127,117,10,10
59805,49,52,-3,3
59806,85,82,3,3
59807,83,98,-15,15
59808,132,129,3,3
59809,136,128,8,8
59810,73,71,2,2
59811,71,73,-2,2
59812,79,72,7,7
59813,88,90,-2,2
59814,70,128,-58,58
59815,75,71,4,4
59816,46,40,6,6
59817,101,90,11,11
59818,128,140,-12,12
59819,92,88,4,4
59820,149,116,33,33
59821,122,85,37,37
59822,79,98,-19,19
59823,48,68,-20,20
59824,101,111,-10,10
59825,94,87,7,7
59826,125,117,8,8
59827,91,101,-10,10
59828,78,73,5,5
59829,121,115,6,6
59830,166,145,21,21
59831,96,94,2,2
59832,124,137,-13,13
59833,159,149,10,10
59834,66,71,-5,5
59835,82,79,3,3
59836,75,71,4,4
59837,59,59,0,0
59838,85,82,3,3
59839,99,94,5,5
59840,148,133,15,15
59841,109,96,13,13
59842,81,74,7,7
59843,99,89,10,10
59844,47,47,0,0
59845,78,75,3,3
59846,85,80,5,5
59847,76,82,-6,6
59848,54,51,3,3
59849,106,97,9,9
59850,83,81,2,2
59851,66,67,-1,1
59852,47,56,-9,9
59853,60,64,-4,4
59854,109,106,3,3
59855,122,118,4,4
59856,92,89,3,3
59857,102,86,16,16
59858,130,119,11,11
59859,104,96,8,8
59860,106,89,17,17
59861,74,74,0,0
59862,149,149,0,0
59863,46,65,-19,19
59864,55,55,0,0
59865,81,74,7,7
59866,86,87,-1,1
59867,159,150,9,9
59868,49,54,-5,5
59869,76,79,-3,3
59870,109,106,3,3
59871,88,74,14,14
59872,66,75,-9,9
59873,95,94,1,1
59874,123,118,5,5
59875,49,50,-1,1
59876,60,58,2,2
59877,140,137,3,3
59878,72,67,5,5
59879,103,107,-4,4
59880,88,86,2,2
59881,94,94,0,0
59882,97,97,0,0
59883,112,107,5,5
59884,37,50,-13,13
59885,70,70,0,0
59886,217,227,-10,10
59887,159,131,28,28
59888,86,82,4,4
59889,116,107,9,9
59890,76,62,14,14
59891,159,144,15,15
59892,102,94,8,8
59893,72,73,-1,1
59894,102,103,-1,1
59895,94,73,21,21
59896,56,59,-3,3
59897,136,146,-10,10
59898,78,74,4,4
59899,75,81,-6,6
59900,138,139,-1,1
59901,79,75,4,4
59902,89,94,-5,5
59903,63,65,-2,2
59904,59,54,5,5
59905,127,115,12,12
59906,100,92,8,8
59907,60,62,-2,2
59908,100,96,4,4
59909,108,90,18,18
59910,152,137,15,15
59911,118,116,2,2
59912,81,84,-3,3
59913,49,49,0,0
59914,90,82,8,8
59915,97,88,9,9
59916,90,82,8,8
59917,138,139,-1,1
59918,116,133,-17,17
59919,86,82,4,4
59920,106,97,9,9
59921,155,140,15,15
59922,100,91,9,9
59923,66,67,-1,1
59924,84,73,11,11
59925,103,99,4,4
59926,56,54,2,2
59927,100,94,6,6
59928,93,89,4,4
59929,135,137,-2,2
59930,32,32,0,0
59931,93,107,-14,14
59932,107,110,-3,3
59933,62,74,-12,12
59934,59,57,2,2
59935,91,96,-5,5
59936,75,75,0,0
59937,73,72,1,1
59938,96,92,4,4
59939,115,115,0,0
59940,63,72,-9,9
59941,85,82,3,3
59942,72,79,-7,7
59943,158,148,10,10
59944,91,89,2,2
59945,69,85,-16,16
59946,89,108,-19,19
59947,74,69,5,5
59948,104,338,-234,234
59949,49,56,-7,7
59950,99,86,13,13
59951,127,118,9,9
59952,73,77,-4,4
59953,49,57,-8,8
59954,87,96,-9,9
59955,157,135,22,22
59956,80,85,-5,5
59957,144,114,30,30
59958,83,91,-8,8
59959,131,138,-7,7
59960,95,103,-8,8
59961,141,123,18,18
59962,89,100,-11,11
59963,59,53,6,6
59964,86,84,2,2
59965,118,112,6,6
59966,78,80,-2,2
59967,148,133,15,15
59968,59,49,10,10
59969,104,104,0,0
59970,85,85,0,0
59971,103,105,-2,2
59972,236,203,33,33
59973,66,76,-10,10
59974,50,69,-19,19
59975,77,69,8,8
59976,114,95,19,19
59977,85,83,2,2
59978,88,88,0,0
59979,74,74,0,0
59980,71,69,2,2
59981,155,132,23,23
59982,62,68,-6,6
59983,100,96,4,4
59984,82,87,-5,5
59985,113,105,8,8
59986,104,128,-24,24
59987,104,88,16,16
59988,105,113,-8,8
59989,153,133,20,20
59990,76,68,8,8
59991,85,81,4,4
59992,119,125,-6,6
59993,106,94,12,12
59994,73,76,-3,3
59995,137,110,27,27
59996,79,78,1,1
59997,186,189,-3,3
59998,63,63,0,0
59999,93,81,12,12
60000,126,146,-20,20
60001,70,66,4,4
60002,128,116,12,12
60003,61,69,-8,8
60004,83,65,18,18
60005,108,95,13,13
60006,87,94,-7,7
60007,97,95,2,2
60008,62,74,-12,12
60009,129,125,4,4
60010,124,106,18,18
60011,63,62,1,1
60012,138,129,9,9
60013,53,51,2,2
60014,76,65,11,11
60015,138,142,-4,4
60016,123,120,3,3
60017,57,55,2,2
60018,83,72,11,11
60019,96,101,-5,5
60020,119,125,-6,6
60021,72,74,-2,2
60022,78,87,-9,9
60023,106,88,18,18
60024,83,86,-3,3
60025,71,73,-2,2
60026,205,171,34,34
60027,59,67,-8,8
60028,57,53,4,4
60029,90,83,7,7
60030,34,64,-30,30
60031,215,172,43,43
60032,85,84,1,1
60033,158,138,20,20
60034,136,124,12,12
60035,55,54,1,1
60036,119,111,8,8
60037,109,146,-37,37
60038,57,55,2,2
60039,92,85,7,7
60040,99,78,21,21
60041,95,88,7,7
60042,74,65,9,9
60043,84,76,8,8
60044,107,94,13,13
60045,78,67,11,11
60046,64,68,-4,4
60047,66,76,-10,10
60048,88,84,4,4
60049,135,110,25,25
60050,139,128,11,11
60051,126,142,-16,16
60052,82,80,2,2
60053,70,66,4,4
60054,81,85,-4,4
60055,60,62,-2,2
60056,56,58,-2,2
60057,131,119,12,12
60058,59,61,-2,2
60059,83,81,2,2
60060,145,137,8,8
60061,86,85,1,1
60062,102,99,3,3
60063,77,74,3,3
60064,136,129,7,7
60065,68,64,4,4
60066,81,75,6,6
60067,82,78,4,4
60068,85,77,8,8
60069,121,120,1,1
60070,69,68,1,1
60071,56,59,-3,3
60072,170,165,5,5
60073,123,121,2,2
60074,71,52,19,19
60075,77,75,2,2
60076,140,128,12,12
60077,141,138,3,3
60078,98,90,8,8
60079,93,93,0,0
60080,69,91,-22,22
60081,104,101,3,3
60082,53,63,-10,10
60083,75,78,-3,3
60084,120,114,6,6
60085,86,99,-13,13
60086,98,91,7,7
60087,84,89,-5,5
60088,88,87,1,1
60089,113,114,-1,1
60090,74,71,3,3
60091,91,75,16,16
60092,149,143,6,6
60093,82,80,2,2
60094,84,69,15,15
60095,195,211,-16,16
60096,117,123,-6,6
60097,120,120,0,0
60098,180,178,2,2
60099,80,89,-9,9
60100,122,114,8,8
60101,135,127,8,8
60102,159,159,0,0
60103,107,100,7,7
60104,76,78,-2,2
60105,85,86,-1,1
60106,87,78,9,9
60107,88,87,1,1
60108,41,45,-4,4
60109,78,76,2,2
60110,61,58,3,3
60111,87,79,8,8
60112,129,104,25,25
60113,84,82,2,2
60114,142,120,22,22
60115,126,124,2,2
60116,89,85,4,4
60117,74,73,1,1
60118,51,39,12,12
60119,141,126,15,15
60120,83,80,3,3
60121,120,155,-35,35
60122,144,137,7,7
60123,67,72,-5,5
60124,82,79,3,3
60125,67,74,-7,7
60126,85,80,5,5
60127,62,50,12,12
60128,106,105,1,1
60129,59,58,1,1
60130,73,64,9,9
60131,145,124,21,21
60132,65,62,3,3
60133,72,68,4,4
60134,118,108,10,10
60135,105,116,-11,11
60136,71,67,4,4
60137,96,95,1,1
60138,111,102,9,9
60139,73,99,-26,26
60140,88,79,9,9
60141,210,218,-8,8
60142,104,94,10,10
60143,76,69,7,7
60144,43,43,0,0
60145,110,90,20,20
60146,93,83,10,10
60147,114,104,10,10
60148,190,185,5,5
60149,87,80,7,7
60150,85,80,5,5
60151,95,93,2,2
60152,97,114,-17,17
60153,58,49,9,9
60154,126,134,-8,8
60155,145,128,17,17
60156,61,69,-8,8
60157,113,95,18,18
60158,42,46,-4,4
60159,108,96,12,12
60160,93,81,12,12
60161,157,174,-17,17
60162,75,78,-3,3
60163,59,57,2,2
60164,101,84,17,17
60165,83,77,6,6
60166,95,89,6,6
60167,100,101,-1,1
60168,69,73,-4,4
60169,108,114,-6,6
60170,79,65,14,14
60171,105,98,7,7
60172,98,111,-13,13
60173,123,134,-11,11
60174,103,101,2,2
60175,158,149,9,9
60176,98,92,6,6
60177,128,126,2,2
60178,54,51,3,3
60179,54,71,-17,17
60180,86,81,5,5
60181,119,113,6,6
60182,67,68,-1,1
60183,114,114,0,0
60184,104,104,0,0
60185,81,80,1,1
60186,84,76,8,8
60187,86,79,7,7
60188,93,87,6,6
60189,75,67,8,8
60190,69,74,-5,5
60191,96,85,11,11
60192,117,114,3,3
60193,164,136,28,28
60194,121,114,7,7
60195,93,84,9,9
60196,91,90,1,1
60197,144,145,-1,1
60198,101,99,2,2
60199,135,108,27,27
60200,102,98,4,4
60201,83,86,-3,3
60202,88,79,9,9
60203,101,106,-5,5
60204,102,101,1,1
60205,102,108,-6,6
60206,105,95,10,10
60207,99,102,-3,3
60208,151,135,16,16
60209,67,77,-10,10
60210,164,133,31,31
60211,85,84,1,1
60212,89,88,1,1
60213,59,56,3,3
60214,94,88,6,6
60215,123,113,10,10
60216,79,103,-24,24
60217,74,71,3,3
60218,176,172,4,4
60219,59,69,-10,10
60220,100,91,9,9
60221,123,120,3,3
60222,104,101,3,3
60223,145,148,-3,3
60224,97,99,-2,2
60225,175,170,5,5
60226,63,62,1,1
60227,124,150,-26,26
60228,68,61,7,7
60229,139,129,10,10
60230,78,64,14,14
60231,79,65,14,14
60232,48,56,-8,8
60233,141,137,4,4
60234,136,118,18,18
60235,123,128,-5,5
60236,85,85,0,0
60237,128,108,20,20
60238,97,83,14,14
60239,63,68,-5,5
60240,141,155,-14,14
60241,87,82,5,5
60242,93,101,-8,8
60243,54,54,0,0
60244,133,112,21,21
60245,50,57,-7,7
60246,71,67,4,4
60247,75,78,-3,3
60248,165,159,6,6
60249,64,63,1,1
60250,95,83,12,12
60251,65,48,17,17
60252,106,96,10,10
60253,91,74,17,17
60254,70,76,-6,6
60255,124,120,4,4
60256,48,51,-3,3
60257,74,75,-1,1
60258,64,58,6,6
60259,104,98,6,6
60260,82,81,1,1
60261,82,85,-3,3
60262,147,146,1,1
60263,123,106,17,17
60264,81,80,1,1
60265,146,137,9,9
60266,88,89,-1,1
60267,78,74,4,4
60268,118,119,-1,1
60269,160,152,8,8
60270,176,170,6,6
60271,133,107,26,26
60272,122,116,6,6
60273,74,76,-2,2
60274,75,77,-2,2
60275,116,110,6,6
60276,116,109,7,7
60277,126,115,11,11
60278,53,59,-6,6
60279,58,79,-21,21
60280,169,164,5,5
60281,100,110,-10,10
60282,56,58,-2,2
60283,63,66,-3,3
60284,58,55,3,3
60285,56,69,-13,13
60286,131,129,2,2
60287,74,66,8,8
60288,143,130,13,13
60289,127,127,0,0
60290,98,94,4,4
60291,60,57,3,3
60292,65,83,-18,18
60293,76,77,-1,1
60294,72,77,-5,5
60295,83,78,5,5
60296,41,48,-7,7
60297,91,79,12,12
60298,125,124,1,1
60299,119,125,-6,6
60300,92,94,-2,2
60301,100,107,-7,7
60302,125,124,1,1
60303,95,95,0,0
60304,108,98,10,10
60305,118,112,6,6
60306,124,132,-8,8
60307,31,35,-4,4
60308,175,170,5,5
60309,122,118,4,4
60310,117,117,0,0
60311,30,50,-20,20
60312,184,164,20,20
60313,93,87,6,6
60314,98,93,5,5
60315,82,79,3,3
60316,91,87,4,4
60317,67,76,-9,9
60318,103,72,31,31
60319,127,128,-1,1
60320,64,68,-4,4
60321,70,83,-13,13
60322,68,78,-10,10
60323,87,91,-4,4
60324,103,96,7,7
60325,91,87,4,4
60326,77,73,4,4
60327,70,61,9,9
60328,90,91,-1,1
60329,64,70,-6,6
60330,53,58,-5,5
60331,87,76,11,11
60332,112,101,11,11
60333,91,84,7,7
60334,132,134,-2,2
60335,116,114,2,2
60336,99,103,-4,4
60337,80,73,7,7
60338,125,123,2,2
60339,83,80,3,3
60340,123,133,-10,10
60341,126,117,9,9
60342,114,114,0,0
60343,139,128,11,11
60344,135,137,-2,2
60345,61,58,3,3
60346,70,72,-2,2
60347,112,103,9,9
60348,79,77,2,2
60349,58,74,-16,16
60350,131,145,-14,14
60351,154,143,11,11
60352,85,80,5,5
60353,116,101,15,15
60354,71,75,-4,4
60355,62,63,-1,1
60356,72,76,-4,4
60357,137,130,7,7
60358,152,151,1,1
60359,85,87,-2,2
60360,63,59,4,4
60361,67,55,12,12
60362,108,113,-5,5
60363,120,125,-5,5
60364,103,99,4,4
60365,96,100,-4,4
60366,108,109,-1,1
60367,49,100,-51,51
60368,83,90,-7,7
60369,91,83,8,8
60370,112,103,9,9
60371,148,135,13,13
60372,110,116,-6,6
60373,90,92,-2,2
60374,71,52,19,19
60375,95,114,-19,19
60376,78,61,17,17
60377,102,104,-2,2
60378,99,91,8,8
60379,71,66,5,5
60380,103,105,-2,2
60381,75,80,-5,5
60382,128,132,-4,4
60383,37,44,-7,7
60384,82,77,5,5
60385,82,86,-4,4
60386,105,113,-8,8
60387,96,84,12,12
60388,57,54,3,3
60389,135,140,-5,5
60390,87,80,7,7
60391,75,76,-1,1
60392,75,82,-7,7
60393,127,110,17,17
60394,105,104,1,1
60395,61,58,3,3
60396,66,92,-26,26
60397,140,129,11,11
60398,129,131,-2,2
60399,150,139,11,11
60400,109,111,-2,2
60401,115,129,-14,14
60402,118,104,14,14
60403,58,57,1,1
60404,79,67,12,12
60405,28,33,-5,5
60406,173,159,14,14
60407,89,90,-1,1
60408,95,78,17,17
60409,71,74,-3,3
60410,87,86,1,1
60411,77,70,7,7
60412,106,99,7,7
60413,88,79,9,9
60414,74,67,7,7
60415,66,80,-14,14
60416,64,83,-19,19
60417,115,117,-2,2
60418,59,55,4,4
60419,142,129,13,13
60420,73,57,16,16
60421,138,127,11,11
60422,110,108,2,2
60423,81,85,-4,4
60424,143,141,2,2
60425,137,130,7,7
60426,177,163,14,14
60427,100,100,0,0
60428,112,112,0,0
60429,136,124,12,12
60430,48,48,0,0
60431,112,123,-11,11
60432,115,110,5,5
60433,134,117,17,17
60434,97,103,-6,6
60435,86,87,-1,1
60436,115,101,14,14
60437,80,72,8,8
60438,157,149,8,8
60439,59,59,0,0
60440,118,112,6,6
60441,64,79,-15,15
60442,123,113,10,10
60443,70,70,0,0
60444,60,63,-3,3
60445,76,70,6,6
60446,161,151,10,10
60447,129,130,-1,1
60448,66,69,-3,3
60449,104,94,10,10
60450,86,87,-1,1
60451,53,54,-1,1
60452,76,68,8,8
60453,202,187,15,15
60454,81,82,-1,1
60455,136,131,5,5
60456,80,71,9,9
60457,54,57,-3,3
60458,71,71,0,0
60459,37,47,-10,10
60460,92,87,5,5
60461,81,69,12,12
60462,94,114,-20,20
60463,116,107,9,9
60464,89,89,0,0
60465,123,118,5,5
60466,95,92,3,3
60467,114,105,9,9
60468,134,136,-2,2
60469,153,170,-17,17
60470,82,85,-3,3
60471,104,92,12,12
60472,101,99,2,2
60473,73,64,9,9
60474,121,121,0,0
60475,147,132,15,15
60476,70,76,-6,6
60477,126,118,8,8
60478,284,270,14,14
60479,124,157,-33,33
60480,107,106,1,1
60481,78,70,8,8
60482,116,112,4,4
60483,139,143,-4,4
60484,127,106,21,21
60485,61,72,-11,11
60486,56,59,-3,3
60487,105,95,10,10
60488,68,72,-4,4
60489,101,93,8,8
60490,64,61,3,3
60491,70,75,-5,5
60492,129,130,-1,1
60493,86,88,-2,2
60494,71,69,2,2
60495,57,150,-93,93
60496,63,79,-16,16
60497,100,92,8,8
60498,138,144,-6,6
60499,143,131,12,12
60500,123,112,11,11
60501,114,116,-2,2
60502,69,67,2,2
60503,71,76,-5,5
60504,65,61,4,4
60505,94,105,-11,11
60506,73,79,-6,6
60507,77,81,-4,4
60508,68,75,-7,7
60509,126,136,-10,10
60510,133,130,3,3
60511,111,127,-16,16
60512,80,79,1,1
60513,74,73,1,1
60514,91,87,4,4
60515,111,111,0,0
60516,100,96,4,4
60517,191,167,24,24
60518,124,107,17,17
60519,55,56,-1,1
60520,113,100,13,13
60521,34,34,0,0
60522,108,92,16,16
60523,74,60,14,14
60524,163,126,37,37
60525,135,112,23,23
60526,86,91,-5,5
60527,122,122,0,0
60528,135,125,10,10
60529,68,92,-24,24
60530,75,72,3,3
60531,127,135,-8,8
60532,65,58,7,7
60533,83,89,-6,6
60534,103,97,6,6
60535,79,76,3,3
60536,77,75,2,2
60537,116,114,2,2
60538,123,112,11,11
60539,70,67,3,3
60540,66,78,-12,12
60541,102,106,-4,4
60542,108,134,-26,26
60543,64,51,13,13
60544,116,125,-9,9
60545,154,151,3,3
60546,78,77,1,1
60547,97,97,0,0
60548,64,65,-1,1
60549,109,103,6,6
60550,109,99,10,10
60551,110,109,1,1
60552,124,109,15,15
60553,50,52,-2,2
60554,75,71,4,4
60555,112,112,0,0
60556,72,77,-5,5
60557,113,116,-3,3
60558,70,82,-12,12
60559,112,84,28,28
60560,71,74,-3,3
60561,117,112,5,5
60562,88,71,17,17
60563,88,78,10,10
60564,96,75,21,21
60565,114,113,1,1
60566,46,59,-13,13
60567,82,83,-1,1
60568,77,75,2,2
60569,68,83,-15,15
60570,79,84,-5,5
60571,78,78,0,0
60572,48,50,-2,2
60573,55,57,-2,2
60574,110,118,-8,8
60575,106,102,4,4
60576,88,80,8,8
60577,90,93,-3,3
60578,84,93,-9,9
60579,78,89,-11,11
60580,108,121,-13,13
60581,52,58,-6,6
60582,162,136,26,26
60583,46,47,-1,1
60584,100,99,1,1
60585,95,89,6,6
60586,138,134,4,4
60587,53,59,-6,6
60588,100,86,14,14
60589,93,88,5,5
60590,90,103,-13,13
60591,103,105,-2,2
60592,92,80,12,12
60593,52,52,0,0
60594,104,95,9,9
60595,49,52,-3,3
60596,82,80,2,2
60597,104,95,9,9
60598,167,169,-2,2
60599,58,64,-6,6
60600,79,79,0,0
60601,75,71,4,4
60602,70,79,-9,9
60603,78,77,1,1
60604,70,72,-2,2
60605,130,128,2,2
60606,90,92,-2,2
60607,68,66,2,2
60608,97,106,-9,9
60609,83,82,1,1
60610,51,56,-5,5
60611,70,75,-5,5
60612,35,69,-34,34
60613,24,44,-20,20
60614,113,86,27,27
60615,133,131,2,2
60616,90,98,-8,8
60617,84,81,3,3
60618,86,89,-3,3
60619,63,64,-1,1
60620,51,53,-2,2
60621,153,139,14,14
60622,113,113,0,0
60623,47,49,-2,2
60624,111,102,9,9
60625,67,57,10,10
60626,51,50,1,1
60627,57,69,-12,12
60628,67,53,14,14
60629,149,140,9,9
60630,71,69,2,2
60631,100,106,-6,6
60632,94,100,-6,6
60633,61,58,3,3
60634,100,92,8,8
60635,147,134,13,13
60636,92,91,1,1
60637,79,78,1,1
60638,95,93,2,2
60639,155,143,12,12
60640,88,79,9,9
60641,149,152,-3,3
60642,128,124,4,4
60643,73,58,15,15
60644,124,124,0,0
60645,78,76,2,2
60646,73,65,8,8
60647,104,99,5,5
60648,124,112,12,12
60649,65,61,4,4
60650,98,93,5,5
60651,100,92,8,8
60652,79,70,9,9
60653,216,168,48,48
60654,77,71,6,6
60655,64,78,-14,14
60656,43,39,4,4
60657,124,104,20,20
60658,87,82,5,5
60659,98,94,4,4
60660,91,84,7,7
60661,81,73,8,8
60662,109,113,-4,4
60663,61,71,-10,10
60664,86,86,0,0
60665,126,118,8,8
60666,85,79,6,6
60667,94,110,-16,16
60668,68,71,-3,3
60669,77,77,0,0
60670,72,70,2,2
60671,107,109,-2,2
60672,83,82,1,1
60673,116,114,2,2
60674,59,56,3,3
60675,53,50,3,3
60676,137,134,3,3
60677,128,120,8,8
60678,97,92,5,5
60679,97,89,8,8
60680,75,75,0,0
60681,107,93,14,14
60682,96,85,11,11
60683,139,127,12,12
60684,62,56,6,6
60685,90,91,-1,1
60686,104,104,0,0
60687,124,114,10,10
60688,107,121,-14,14
60689,124,128,-4,4
60690,105,105,0,0
60691,134,133,1,1
60692,122,121,1,1
60693,70,75,-5,5
60694,152,153,-1,1
60695,95,97,-2,2
60696,67,90,-23,23
60697,109,97,12,12
60698,170,227,-57,57
60699,80,77,3,3
60700,88,84,4,4
60701,131,99,32,32
60702,84,80,4,4
60703,97,101,-4,4
60704,149,125,24,24
60705,79,84,-5,5
60706,93,106,-13,13
60707,81,86,-5,5
60708,125,128,-3,3
60709,82,80,2,2
60710,79,79,0,0
60711,65,47,18,18
60712,95,94,1,1
60713,111,116,-5,5
60714,113,107,6,6
60715,119,118,1,1
60716,68,69,-1,1
60717,135,120,15,15
60718,102,89,13,13
60719,96,111,-15,15
60720,107,123,-16,16
60721,86,79,7,7
60722,158,134,24,24
60723,141,130,11,11
60724,129,130,-1,1
60725,49,51,-2,2
60726,149,142,7,7
60727,114,105,9,9
60728,40,36,4,4
60729,55,61,-6,6
60730,85,87,-2,2
60731,65,58,7,7
60732,97,100,-3,3
60733,148,139,9,9
60734,141,129,12,12
60735,69,62,7,7
60736,80,85,-5,5
60737,158,138,20,20
60738,75,74,1,1
60739,88,86,2,2
60740,110,97,13,13
60741,82,90,-8,8
60742,58,71,-13,13
60743,76,79,-3,3
60744,48,48,0,0
60745,106,90,16,16
60746,108,102,6,6
60747,191,176,15,15
60748,100,98,2,2
60749,58,58,0,0
60750,117,113,4,4
60751,233,203,30,30
60752,78,85,-7,7
60753,83,76,7,7
60754,66,61,5,5
60755,55,50,5,5
60756,77,77,0,0
60757,102,95,7,7
60758,62,55,7,7
60759,71,65,6,6
60760,139,146,-7,7
60761,132,142,-10,10
60762,94,98,-4,4
60763,107,111,-4,4
60764,60,68,-8,8
60765,94,120,-26,26
60766,72,55,17,17
60767,86,80,6,6
60768,75,86,-11,11
60769,87,94,-7,7
60770,148,131,17,17
60771,120,101,19,19
60772,68,68,0,0
60773,81,73,8,8
60774,222,219,3,3
60775,68,64,4,4
60776,103,110,-7,7
60777,133,103,30,30
60778,135,105,30,30
60779,97,90,7,7
60780,56,55,1,1
60781,73,69,4,4
60782,110,128,-18,18
60783,116,114,2,2
60784,46,37,9,9
60785,119,113,6,6
60786,42,49,-7,7
60787,71,84,-13,13
60788,80,64,16,16
60789,87,87,0,0
60790,73,73,0,0
60791,99,92,7,7
60792,36,45,-9,9
60793,70,66,4,4
60794,55,52,3,3
60795,104,97,7,7
60796,135,132,3,3
60797,103,97,6,6
60798,83,79,4,4
60799,87,77,10,10
60800,78,73,5,5
60801,68,73,-5,5
60802,70,76,-6,6
60803,112,102,10,10
60804,99,99,0,0
60805,103,103,0,0
60806,87,74,13,13
60807,105,99,6,6
60808,94,92,2,2
60809,185,170,15,15
60810,167,157,10,10
60811,67,74,-7,7
60812,98,84,14,14
60813,109,112,-3,3
60814,139,138,1,1
60815,88,85,3,3
60816,117,105,12,12
60817,101,108,-7,7
60818,124,126,-2,2
60819,182,155,27,27
60820,198,164,34,34
60821,115,111,4,4
60822,92,97,-5,5
60823,77,71,6,6
60824,104,102,2,2
60825,75,69,6,6
60826,93,87,6,6
60827,173,174,-1,1
60828,121,120,1,1
60829,141,102,39,39
60830,66,86,-20,20
60831,72,63,9,9
60832,104,105,-1,1
60833,103,96,7,7
60834,81,78,3,3
60835,122,99,23,23
60836,131,118,13,13
60837,58,66,-8,8
60838,106,102,4,4
60839,119,109,10,10
60840,57,55,2,2
60841,77,73,4,4
60842,67,58,9,9
60843,85,85,0,0
60844,62,56,6,6
60845,140,132,8,8
60846,72,77,-5,5
60847,125,117,8,8
60848,166,156,10,10
60849,133,124,9,9
60850,101,79,22,22
60851,156,153,3,3
60852,68,67,1,1
60853,70,77,-7,7
60854,127,129,-2,2
60855,89,82,7,7
60856,111,94,17,17
60857,154,139,15,15
60858,91,87,4,4
60859,59,64,-5,5
60860,105,94,11,11
60861,108,118,-10,10
60862,87,93,-6,6
60863,143,141,2,2
60864,88,82,6,6
60865,83,82,1,1
60866,105,97,8,8
60867,96,102,-6,6
60868,95,90,5,5
60869,104,110,-6,6
60870,97,109,-12,12
60871,111,108,3,3
60872,93,85,8,8
60873,54,49,5,5
60874,90,94,-4,4
60875,52,48,4,4
60876,85,86,-1,1
60877,114,108,6,6
60878,152,169,-17,17
60879,79,80,-1,1
60880,118,120,-2,2
60881,85,77,8,8
60882,94,90,4,4
60883,49,57,-8,8
60884,56,63,-7,7
60885,156,142,14,14
60886,55,48,7,7
60887,116,121,-5,5
60888,84,83,1,1
60889,105,98,7,7
60890,122,111,11,11
60891,80,86,-6,6
60892,89,79,10,10
60893,117,106,11,11
60894,50,49,1,1
60895,65,76,-11,11
60896,115,117,-2,2
60897,78,74,4,4
60898,112,110,2,2
60899,84,80,4,4
60900,144,142,2,2
60901,95,93,2,2
60902,125,123,2,2
60903,115,128,-13,13
60904,76,70,6,6
60905,119,113,6,6
60906,133,151,-18,18
60907,90,78,12,12
60908,112,102,10,10
60909,76,72,4,4
60910,147,127,20,20
60911,55,56,-1,1
60912,131,117,14,14
60913,116,95,21,21
60914,84,83,1,1
60915,72,76,-4,4
60916,73,73,0,0
60917,43,48,-5,5
60918,73,71,2,2
60919,82,90,-8,8
60920,56,67,-11,11
60921,99,88,11,11
60922,105,98,7,7
60923,79,86,-7,7
60924,138,119,19,19
60925,111,106,5,5
60926,36,32,4,4
60927,138,130,8,8
60928,89,90,-1,1
60929,93,80,13,13
60930,132,132,0,0
60931,108,99,9,9
60932,66,63,3,3
60933,71,67,4,4
60934,65,61,4,4
60935,200,194,6,6
60936,72,100,-28,28
60937,232,252,-20,20
60938,75,74,1,1
60939,186,174,12,12
60940,125,115,10,10
60941,95,103,-8,8
60942,203,138,65,65
60943,176,158,18,18
60944,129,123,6,6
60945,76,76,0,0
60946,143,136,7,7
60947,49,48,1,1
60948,92,86,6,6
60949,92,90,2,2
60950,75,83,-8,8
60951,105,92,13,13
60952,155,131,24,24
60953,95,97,-2,2
60954,86,90,-4,4
60955,132,120,12,12
60956,46,50,-4,4
60957,69,76,-7,7
60958,58,68,-10,10
60959,140,127,13,13
60960,70,66,4,4
60961,89,96,-7,7
60962,84,76,8,8
60963,124,117,7,7
60964,71,73,-2,2
60965,127,124,3,3
60966,69,66,3,3
60967,111,96,15,15
60968,125,122,3,3
60969,85,86,-1,1
60970,76,75,1,1
60971,85,85,0,0
60972,55,56,-1,1
60973,92,91,1,1
60974,182,161,21,21
60975,89,84,5,5
60976,102,92,10,10
60977,113,113,0,0
60978,131,134,-3,3
60979,133,134,-1,1
60980,98,90,8,8
60981,154,127,27,27
60982,99,93,6,6
60983,114,107,7,7
60984,110,100,10,10
60985,125,101,24,24
60986,52,63,-11,11
60987,42,46,-4,4
60988,80,78,2,2
60989,83,80,3,3
60990,143,134,9,9
60991,56,64,-8,8
60992,131,126,5,5
60993,112,135,-23,23
60994,110,106,4,4
60995,104,96,8,8
60996,71,74,-3,3
60997,36,32,4,4
60998,57,55,2,2
60999,72,75,-3,3
61000,119,101,18,18
61001,194,180,14,14
61002,107,95,12,12
61003,123,121,2,2
61004,87,81,6,6
61005,157,156,1,1
61006,75,72,3,3
61007,94,89,5,5
61008,85,83,2,2
61009,85,98,-13,13
61010,44,44,0,0
61011,78,78,0,0
61012,97,88,9,9
61013,34,61,-27,27
61014,38,35,3,3
61015,93,85,8,8
61016,113,105,8,8
61017,130,127,3,3
61018,46,46,0,0
61019,94,100,-6,6
61020,144,124,20,20
61021,60,66,-6,6
61022,110,107,3,3
61023,78,76,2,2
61024,172,161,11,11
61025,117,144,-27,27
61026,60,80,-20,20
61027,114,97,17,17
61028,136,140,-4,4
61029,130,131,-1,1
61030,140,129,11,11
61031,58,61,-3,3
61032,87,85,2,2
61033,154,142,12,12
61034,84,81,3,3
61035,78,77,1,1
61036,224,284,-60,60
61037,77,67,10,10
61038,114,102,12,12
61039,64,58,6,6
61040,145,137,8,8
61041,62,56,6,6
61042,123,114,9,9
61043,126,123,3,3
61044,59,66,-7,7
61045,59,67,-8,8
61046,65,80,-15,15
61047,81,78,3,3
61048,104,85,19,19
61049,94,104,-10,10
61050,131,126,5,5
61051,60,56,4,4
61052,111,98,13,13
61053,159,138,21,21
61054,145,142,3,3
61055,67,60,7,7
61056,114,108,6,6
61057,82,82,0,0
61058,93,91,2,2
61059,53,60,-7,7
61060,83,88,-5,5
61061,101,103,-2,2
61062,112,128,-16,16
61063,71,59,12,12
61064,86,82,4,4
61065,49,104,-55,55
61066,59,51,8,8
61067,125,119,6,6
61068,157,153,4,4
61069,90,96,-6,6
61070,160,161,-1,1
61071,128,109,19,19
61072,78,85,-7,7
61073,153,145,8,8
61074,87,115,-28,28
61075,133,114,19,19
61076,96,98,-2,2
61077,88,91,-3,3
61078,69,77,-8,8
61079,150,165,-15,15
61080,134,111,23,23
61081,122,118,4,4
61082,91,82,9,9
61083,156,142,14,14
61084,76,76,0,0
61085,44,44,0,0
61086,117,120,-3,3
61087,110,105,5,5
61088,101,83,18,18
61089,81,76,5,5
61090,52,48,4,4
61091,164,161,3,3
61092,40,49,-9,9
61093,80,84,-4,4
61094,129,121,8,8
61095,131,104,27,27
61096,87,87,0,0
61097,79,74,5,5
61098,110,100,10,10
61099,120,114,6,6
61100,100,115,-15,15
61101,113,114,-1,1
61102,97,114,-17,17
61103,75,69,6,6
61104,85,92,-7,7
61105,49,45,4,4
61106,103,121,-18,18
61107,177,164,13,13
61108,94,94,0,0
61109,130,122,8,8
61110,72,73,-1,1
61111,158,150,8,8
61112,47,46,1,1
61113,74,76,-2,2
61114,101,102,-1,1
61115,51,53,-2,2
61116,83,81,2,2
61117,142,137,5,5
61118,58,56,2,2
61119,83,81,2,2
61120,45,46,-1,1
61121,138,138,0,0
61122,152,138,14,14
61123,101,108,-7,7
61124,77,73,4,4
61125,52,75,-23,23
61126,89,72,17,17
61127,149,136,13,13
61128,78,67,11,11
61129,146,139,7,7
61130,122,121,1,1
61131,88,77,11,11
61132,131,134,-3,3
61133,67,69,-2,2
61134,107,100,7,7
61135,139,139,0,0
61136,164,135,29,29
61137,134,125,9,9
61138,71,73,-2,2
61139,87,78,9,9
61140,68,70,-2,2
61141,56,101,-45,45
61142,118,120,-2,2
61143,101,114,-13,13
61144,75,78,-3,3
61145,127,138,-11,11
61146,85,84,1,1
61147,57,86,-29,29
61148,37,47,-10,10
61149,116,126,-10,10
61150,108,96,12,12
61151,137,129,8,8
61152,58,61,-3,3
61153,67,76,-9,9
61154,106,102,4,4
61155,132,120,12,12
61156,102,89,13,13
61157,115,125,-10,10
61158,85,81,4,4
61159,107,104,3,3
61160,49,46,3,3
61161,139,151,-12,12
61162,126,127,-1,1
61163,135,138,-3,3
61164,69,65,4,4
61165,88,82,6,6
61166,117,108,9,9
61167,77,65,12,12
61168,51,57,-6,6
61169,92,103,-11,11
61170,80,95,-15,15
61171,82,85,-3,3
61172,157,148,9,9
61173,83,73,10,10
61174,136,126,10,10
61175,147,135,12,12
61176,49,52,-3,3
61177,86,80,6,6
61178,125,111,14,14
61179,73,73,0,0
61180,99,110,-11,11
61181,102,102,0,0
61182,101,98,3,3
61183,109,96,13,13
61184,126,118,8,8
61185,142,117,25,25
61186,62,63,-1,1
61187,113,108,5,5
61188,149,113,36,36
61189,61,62,-1,1
61190,66,85,-19,19
61191,122,112,10,10
61192,89,88,1,1
61193,76,83,-7,7
61194,74,82,-8,8
61195,61,65,-4,4
61196,44,46,-2,2
61197,107,122,-15,15
61198,104,90,14,14
61199,109,109,0,0
61200,140,126,14,14
61201,43,45,-2,2
61202,40,44,-4,4
61203,223,192,31,31
61204,95,87,8,8
61205,47,57,-10,10
61206,71,63,8,8
61207,121,102,19,19
61208,119,116,3,3
61209,135,131,4,4
61210,78,70,8,8
61211,96,83,13,13
61212,71,69,2,2
61213,71,84,-13,13
61214,108,134,-26,26
61215,64,59,5,5
61216,169,183,-14,14
61217,80,79,1,1
61218,78,76,2,2
61219,100,90,10,10
61220,90,84,6,6
61221,108,96,12,12
61222,84,84,0,0
61223,150,140,10,10
61224,91,86,5,5
61225,55,44,11,11
61226,83,86,-3,3
61227,119,142,-23,23
61228,86,85,1,1
61229,101,103,-2,2
61230,89,95,-6,6
61231,80,90,-10,10
61232,116,104,12,12
61233,146,149,-3,3
61234,64,73,-9,9
61235,175,164,11,11
61236,139,138,1,1
61237,79,79,0,0
61238,120,115,5,5
61239,84,94,-10,10
61240,132,137,-5,5
61241,71,66,5,5
61242,104,89,15,15
61243,60,61,-1,1
61244,171,149,22,22
61245,93,91,2,2
61246,132,124,8,8
61247,55,57,-2,2
61248,74,57,17,17
61249,126,120,6,6
61250,75,77,-2,2
61251,45,56,-11,11
61252,95,83,12,12
61253,154,138,16,16
61254,143,122,21,21
61255,111,104,7,7
61256,97,106,-9,9
61257,203,235,-32,32
61258,42,39,3,3
61259,49,51,-2,2
61260,111,105,6,6
61261,76,64,12,12
61262,79,74,5,5
61263,70,78,-8,8
61264,57,62,-5,5
61265,60,62,-2,2
61266,119,119,0,0
61267,76,79,-3,3
61268,72,69,3,3
61269,124,104,20,20
61270,138,118,20,20
61271,118,115,3,3
61272,119,108,11,11
61273,94,83,11,11
61274,113,132,-19,19
61275,69,86,-17,17
61276,106,104,2,2
61277,41,48,-7,7
61278,88,82,6,6
61279,124,136,-12,12
61280,51,53,-2,2
61281,70,75,-5,5
61282,112,106,6,6
61283,100,101,-1,1
61284,143,134,9,9
61285,87,93,-6,6
61286,61,59,2,2
61287,64,65,-1,1
61288,130,150,-20,20
61289,81,77,4,4
61290,73,68,5,5
61291,47,50,-3,3
61292,99,111,-12,12
61293,95,90,5,5
61294,105,102,3,3
61295,126,125,1,1
61296,108,100,8,8
61297,67,72,-5,5
61298,72,72,0,0
61299,65,60,5,5
61300,109,104,5,5
61301,52,48,4,4
61302,122,102,20,20
61303,59,62,-3,3
61304,117,126,-9,9
61305,79,73,6,6
61306,46,52,-6,6
61307,64,78,-14,14
61308,71,85,-14,14
61309,60,49,11,11
61310,70,69,1,1
61311,114,109,5,5
61312,101,100,1,1
61313,138,136,2,2
61314,98,87,11,11
61315,92,94,-2,2
61316,196,175,21,21
61317,109,117,-8,8
61318,55,54,1,1
61319,166,167,-1,1
61320,68,69,-1,1
61321,61,62,-1,1
61322,79,74,5,5
61323,86,82,4,4
61324,90,78,12,12
61325,128,122,6,6
61326,102,101,1,1
61327,118,106,12,12
61328,86,85,1,1
61329,105,100,5,5
61330,78,81,-3,3
61331,96,95,1,1
61332,38,44,-6,6
61333,96,97,-1,1
61334,123,121,2,2
61335,85,80,5,5
61336,117,116,1,1
61337,78,91,-13,13
61338,131,130,1,1
61339,82,83,-1,1
61340,87,88,-1,1
61341,81,88,-7,7
61342,59,61,-2,2
61343,84,82,2,2
61344,89,99,-10,10
61345,65,61,4,4
61346,131,140,-9,9
61347,55,58,-3,3
61348,66,56,10,10
61349,74,69,5,5
61350,84,67,17,17
61351,110,101,9,9
61352,63,77,-14,14
61353,97,89,8,8
61354,55,62,-7,7
61355,94,92,2,2
61356,148,142,6,6
61357,110,98,12,12
61358,161,157,4,4
61359,139,128,11,11
61360,63,69,-6,6
61361,120,114,6,6
61362,79,80,-1,1
61363,131,141,-10,10
61364,150,132,18,18
61365,80,71,9,9
61366,37,37,0,0
61367,116,111,5,5
61368,82,82,0,0
61369,130,124,6,6
61370,68,76,-8,8
61371,86,87,-1,1
61372,90,68,22,22
61373,57,50,7,7
61374,149,131,18,18
61375,79,96,-17,17
61376,126,120,6,6
61377,120,132,-12,12
61378,197,173,24,24
61379,62,56,6,6
61380,88,90,-2,2
61381,144,134,10,10
61382,99,74,25,25
61383,101,126,-25,25
61384,111,99,12,12
61385,61,61,0,0
61386,85,88,-3,3
61387,96,92,4,4
61388,125,120,5,5
61389,107,96,11,11
61390,136,118,18,18
61391,148,139,9,9
61392,98,95,3,3
61393,66,56,10,10
61394,95,75,20,20
61395,107,93,14,14
61396,47,48,-1,1
61397,78,74,4,4
61398,81,77,4,4
61399,72,79,-7,7
61400,84,88,-4,4
61401,145,153,-8,8
61402,77,68,9,9
61403,90,79,11,11
61404,131,121,10,10
61405,91,83,8,8
61406,38,62,-24,24
61407,94,88,6,6
61408,111,105,6,6
61409,145,140,5,5
61410,84,80,4,4
61411,87,72,15,15
61412,115,104,11,11
61413,95,83,12,12
61414,144,135,9,9
61415,90,80,10,10
61416,101,91,10,10
61417,91,90,1,1
61418,190,185,5,5
61419,80,81,-1,1
61420,167,157,10,10
61421,83,71,12,12
61422,66,72,-6,6
61423,50,56,-6,6
61424,111,109,2,2
61425,83,87,-4,4
61426,72,65,7,7
61427,73,73,0,0
61428,79,78,1,1
61429,66,67,-1,1
61430,83,88,-5,5
61431,262,278,-16,16
61432,108,118,-10,10
61433,117,115,2,2
61434,98,81,17,17
61435,85,85,0,0
61436,63,69,-6,6
61437,190,186,4,4
61438,85,76,9,9
61439,123,108,15,15
61440,144,143,1,1
61441,75,72,3,3
61442,97,84,13,13
61443,85,75,10,10
61444,69,67,2,2
61445,77,83,-6,6
61446,61,62,-1,1
61447,75,72,3,3
61448,97,116,-19,19
61449,70,64,6,6
61450,85,85,0,0
61451,61,60,1,1
61452,77,71,6,6
61453,58,66,-8,8
61454,83,75,8,8
61455,91,88,3,3
61456,53,62,-9,9
61457,55,49,6,6
61458,87,88,-1,1
61459,80,83,-3,3
61460,53,68,-15,15
61461,133,122,11,11
61462,90,94,-4,4
61463,60,61,-1,1
61464,68,65,3,3
61465,66,52,14,14
61466,112,112,0,0
61467,139,142,-3,3
61468,50,40,10,10
61469,120,122,-2,2
61470,77,84,-7,7
61471,81,73,8,8
61472,87,83,4,4
61473,43,54,-11,11
61474,68,61,7,7
61475,58,53,5,5
61476,120,125,-5,5
61477,114,102,12,12
61478,173,154,19,19
61479,62,68,-6,6
61480,115,103,12,12
61481,213,202,11,11
61482,108,105,3,3
61483,53,69,-16,16
61484,85,84,1,1
61485,119,117,2,2
61486,74,77,-3,3
61487,93,85,8,8
61488,72,75,-3,3
61489,104,88,16,16
61490,88,89,-1,1
61491,56,64,-8,8
61492,139,119,20,20
61493,110,107,3,3
61494,93,69,24,24
61495,54,45,9,9
61496,83,86,-3,3
61497,73,61,12,12
61498,202,183,19,19
61499,95,92,3,3
61500,51,56,-5,5
61501,141,122,19,19
61502,130,121,9,9
61503,89,90,-1,1
61504,67,74,-7,7
61505,92,106,-14,14
61506,138,150,-12,12
61507,50,46,4,4
61508,85,76,9,9
61509,118,100,18,18
61510,84,78,6,6
61511,95,88,7,7
61512,92,96,-4,4
61513,141,149,-8,8
61514,94,94,0,0
61515,117,115,2,2
61516,82,69,13,13
61517,73,84,-11,11
61518,108,104,4,4
61519,93,104,-11,11
61520,156,156,0,0
61521,84,81,3,3
61522,106,89,17,17
61523,91,94,-3,3
61524,88,96,-8,8
61525,78,70,8,8
61526,136,128,8,8
61527,59,69,-10,10
61528,94,97,-3,3
61529,100,92,8,8
61530,144,123,21,21
61531,89,107,-18,18
61532,67,69,-2,2
61533,28,33,-5,5
61534,114,108,6,6
61535,123,144,-21,21
61536,85,75,10,10
61537,77,77,0,0
61538,89,104,-15,15
61539,90,89,1,1
61540,80,82,-2,2
61541,114,135,-21,21
61542,46,49,-3,3
61543,123,106,17,17
61544,132,131,1,1
61545,106,120,-14,14
61546,93,96,-3,3
61547,100,118,-18,18
61548,82,77,5,5
61549,170,173,-3,3
61550,103,114,-11,11
61551,60,57,3,3
61552,101,113,-12,12
61553,101,93,8,8
61554,106,100,6,6
61555,53,61,-8,8
61556,45,39,6,6
61557,102,113,-11,11
61558,74,70,4,4
61559,107,116,-9,9
61560,95,94,1,1
61561,96,90,6,6
61562,100,98,2,2
61563,40,53,-13,13
61564,85,77,8,8
61565,59,65,-6,6
61566,107,109,-2,2
61567,157,146,11,11
61568,72,65,7,7
61569,104,92,12,12
61570,53,61,-8,8
61571,131,124,7,7
61572,147,132,15,15
61573,80,75,5,5
61574,135,124,11,11
61575,119,111,8,8
61576,128,119,9,9
61577,126,116,10,10
61578,91,81,10,10
61579,102,88,14,14
61580,55,62,-7,7
61581,69,69,0,0
61582,57,62,-5,5
61583,53,56,-3,3
61584,109,91,18,18
61585,106,91,15,15
61586,106,103,3,3
61587,128,108,20,20
61588,84,76,8,8
61589,73,71,2,2
61590,137,105,32,32
61591,96,97,-1,1
61592,106,103,3,3
61593,119,116,3,3
61594,113,112,1,1
61595,138,131,7,7
61596,52,52,0,0
61597,115,113,2,2
61598,66,66,0,0
61599,114,112,2,2
61600,46,51,-5,5
61601,108,109,-1,1
61602,85,79,6,6
61603,67,54,13,13
61604,66,59,7,7
61605,76,77,-1,1
61606,93,84,9,9
61607,145,153,-8,8
61608,122,113,9,9
61609,88,81,7,7
61610,59,64,-5,5
61611,77,83,-6,6
61612,84,93,-9,9
61613,71,71,0,0
61614,93,83,10,10
61615,71,73,-2,2
61616,40,58,-18,18
61617,165,161,4,4
61618,104,106,-2,2
61619,54,58,-4,4
61620,46,36,10,10
61621,70,66,4,4
61622,51,51,0,0
61623,86,83,3,3
61624,86,80,6,6
61625,90,85,5,5
61626,160,161,-1,1
61627,119,110,9,9
61628,78,81,-3,3
61629,112,123,-11,11
61630,89,105,-16,16
61631,96,99,-3,3
61632,96,92,4,4
61633,96,93,3,3
61634,33,34,-1,1
61635,78,72,6,6
61636,65,62,3,3
61637,69,72,-3,3
61638,85,86,-1,1
61639,71,69,2,2
61640,119,104,15,15
61641,100,89,11,11
61642,102,99,3,3
61643,96,85,11,11
61644,77,74,3,3
61645,91,99,-8,8
61646,175,161,14,14
61647,96,97,-1,1
61648,133,125,8,8
61649,107,124,-17,17
61650,98,87,11,11
61651,94,97,-3,3
61652,67,78,-11,11
61653,116,119,-3,3
61654,73,84,-11,11
61655,83,65,18,18
61656,75,75,0,0
61657,109,124,-15,15
61658,143,146,-3,3
61659,84,93,-9,9
61660,79,83,-4,4
61661,104,101,3,3
61662,44,42,2,2
61663,53,47,6,6
61664,108,104,4,4
61665,86,94,-8,8
61666,119,114,5,5
61667,56,57,-1,1
61668,88,88,0,0
61669,118,113,5,5
61670,102,99,3,3
61671,49,49,0,0
61672,99,92,7,7
61673,105,197,-92,92
61674,131,108,23,23
61675,78,74,4,4
61676,99,100,-1,1
61677,23,29,-6,6
61678,126,118,8,8
61679,92,85,7,7
61680,85,87,-2,2
61681,61,66,-5,5
61682,137,128,9,9
61683,74,80,-6,6
61684,129,120,9,9
61685,156,155,1,1
61686,72,56,16,16
61687,151,131,20,20
61688,72,70,2,2
61689,81,88,-7,7
61690,128,115,13,13
61691,136,124,12,12
61692,111,111,0,0
61693,150,155,-5,5
61694,79,77,2,2
61695,124,118,6,6
61696,133,126,7,7
61697,106,111,-5,5
61698,71,75,-4,4
61699,69,61,8,8
61700,105,111,-6,6
61701,60,56,4,4
61702,97,92,5,5
61703,129,133,-4,4
61704,70,76,-6,6
61705,137,139,-2,2
61706,110,95,15,15
61707,97,99,-2,2
61708,149,164,-15,15
61709,63,62,1,1
61710,71,76,-5,5
61711,108,94,14,14
61712,127,127,0,0
61713,92,98,-6,6
61714,41,43,-2,2
61715,87,82,5,5
61716,95,83,12,12
61717,58,64,-6,6
61718,103,109,-6,6
61719,106,102,4,4
61720,100,102,-2,2
61721,49,58,-9,9
61722,103,141,-38,38
61723,147,155,-8,8
61724,110,104,6,6
61725,121,127,-6,6
61726,66,59,7,7
61727,66,63,3,3
61728,75,65,10,10
61729,127,136,-9,9
61730,96,97,-1,1
61731,179,160,19,19
61732,153,147,6,6
61733,89,77,12,12
61734,111,106,5,5
61735,124,101,23,23
61736,86,75,11,11
61737,98,102,-4,4
61738,82,77,5,5
61739,138,119,19,19
61740,98,83,15,15
61741,187,180,7,7
61742,141,137,4,4
61743,72,82,-10,10
61744,110,102,8,8
61745,87,90,-3,3
61746,60,58,2,2
61747,71,80,-9,9
61748,123,125,-2,2
61749,57,63,-6,6
61750,113,115,-2,2
61751,148,141,7,7
61752,73,70,3,3
61753,62,72,-10,10
61754,108,118,-10,10
61755,105,99,6,6
61756,152,112,40,40
61757,51,56,-5,5
61758,127,122,5,5
61759,31,29,2,2
61760,68,72,-4,4
61761,163,134,29,29
61762,160,140,20,20
61763,73,81,-8,8
61764,43,44,-1,1
61765,102,94,8,8
61766,91,105,-14,14
61767,136,117,19,19
61768,92,85,7,7
61769,60,63,-3,3
61770,45,49,-4,4
61771,111,109,2,2
61772,95,104,-9,9
61773,100,87,13,13
61774,139,141,-2,2
61775,99,85,14,14
61776,68,70,-2,2
61777,55,52,3,3
61778,110,100,10,10
61779,67,69,-2,2
61780,103,97,6,6
61781,115,109,6,6
61782,131,151,-20,20
61783,106,115,-9,9
61784,154,139,15,15
61785,104,109,-5,5
61786,91,82,9,9
61787,139,143,-4,4
61788,56,56,0,0
61789,139,128,11,11
61790,72,66,6,6
61791,144,146,-2,2
61792,112,112,0,0
61793,68,68,0,0
61794,88,82,6,6
61795,79,91,-12,12
61796,104,97,7,7
61797,54,45,9,9
61798,111,92,19,19
61799,87,85,2,2
61800,185,189,-4,4
61801,92,83,9,9
61802,68,72,-4,4
61803,91,84,7,7
61804,84,73,11,11
61805,82,84,-2,2
61806,126,120,6,6
61807,71,72,-1,1
61808,72,65,7,7
61809,137,145,-8,8
61810,61,71,-10,10
61811,106,103,3,3
61812,59,49,10,10
61813,77,58,19,19
61814,149,121,28,28
61815,63,64,-1,1
61816,66,74,-8,8
61817,105,98,7,7
61818,85,76,9,9
61819,109,98,11,11
61820,81,88,-7,7
61821,60,66,-6,6
61822,40,43,-3,3
61823,95,88,7,7
61824,110,94,16,16
61825,68,72,-4,4
61826,67,68,-1,1
61827,76,76,0,0
61828,188,191,-3,3
61829,59,63,-4,4
61830,131,115,16,16
61831,108,105,3,3
61832,114,115,-1,1
61833,108,98,10,10
61834,104,94,10,10
61835,94,92,2,2
61836,47,43,4,4
61837,77,73,4,4
61838,80,80,0,0
61839,96,102,-6,6
61840,103,100,3,3
61841,109,108,1,1
61842,66,73,-7,7
61843,98,89,9,9
61844,126,107,19,19
61845,97,111,-14,14
61846,99,92,7,7
61847,107,101,6,6
61848,129,139,-10,10
61849,87,87,0,0
61850,69,65,4,4
61851,115,101,14,14
61852,99,99,0,0
61853,99,92,7,7
61854,155,155,0,0
61855,121,111,10,10
61856,123,124,-1,1
61857,91,88,3,3
61858,68,77,-9,9
61859,118,103,15,15
61860,98,97,1,1
61861,108,103,5,5
61862,112,108,4,4
61863,80,73,7,7
61864,92,113,-21,21
61865,116,107,9,9
61866,56,59,-3,3
61867,127,128,-1,1
61868,50,51,-1,1
61869,121,103,18,18
61870,157,155,2,2
61871,78,70,8,8
61872,85,78,7,7
61873,142,136,6,6
61874,42,51,-9,9
61875,62,63,-1,1
61876,61,62,-1,1
61877,75,74,1,1
61878,82,84,-2,2
61879,107,100,7,7
61880,130,129,1,1
61881,64,66,-2,2
61882,75,71,4,4
61883,109,101,8,8
61884,65,71,-6,6
61885,112,112,0,0
61886,88,91,-3,3
61887,140,127,13,13
61888,132,124,8,8
61889,108,105,3,3
61890,92,87,5,5
61891,63,58,5,5
61892,48,49,-1,1
61893,144,117,27,27
61894,104,103,1,1
61895,107,102,5,5
61896,52,73,-21,21
61897,73,73,0,0
61898,44,47,-3,3
61899,120,107,13,13
61900,87,80,7,7
61901,110,120,-10,10
61902,73,67,6,6
61903,79,92,-13,13
61904,57,62,-5,5
61905,68,80,-12,12
61906,81,100,-19,19
61907,63,66,-3,3
61908,41,40,1,1
61909,71,60,11,11
61910,106,109,-3,3
61911,105,88,17,17
61912,183,149,34,34
61913,111,122,-11,11
61914,137,133,4,4
61915,51,51,0,0
61916,40,40,0,0
61917,70,74,-4,4
61918,120,109,11,11
61919,57,58,-1,1
61920,66,54,12,12
61921,140,113,27,27
61922,71,77,-6,6
61923,96,88,8,8
61924,108,106,2,2
61925,134,141,-7,7
61926,97,94,3,3
61927,44,43,1,1
61928,49,45,4,4
61929,63,62,1,1
61930,97,97,0,0
61931,38,38,0,0
61932,68,69,-1,1
61933,114,107,7,7
61934,105,106,-1,1
61935,36,38,-2,2
61936,69,69,0,0
61937,101,99,2,2
61938,155,150,5,5
61939,53,66,-13,13
61940,151,145,6,6
61941,65,62,3,3
61942,64,60,4,4
61943,181,163,18,18
61944,110,104,6,6
61945,93,93,0,0
61946,183,172,11,11
61947,94,89,5,5
61948,91,89,2,2
61949,105,108,-3,3
61950,51,54,-3,3
61951,76,70,6,6
61952,60,72,-12,12
61953,72,66,6,6
61954,108,105,3,3
61955,119,112,7,7
61956,98,107,-9,9
61957,119,114,5,5
61958,122,112,10,10
61959,90,86,4,4
61960,55,53,2,2
61961,62,57,5,5
61962,41,49,-8,8
61963,86,78,8,8
61964,58,60,-2,2
61965,159,156,3,3
61966,84,79,5,5
61967,101,98,3,3
61968,107,98,9,9
61969,150,141,9,9
61970,105,104,1,1
61971,83,86,-3,3
61972,78,87,-9,9
61973,51,59,-8,8
61974,83,92,-9,9
61975,111,108,3,3
61976,116,134,-18,18
61977,124,95,29,29
61978,116,114,2,2
61979,133,133,0,0
61980,143,133,10,10
61981,102,103,-1,1
61982,94,90,4,4
61983,66,64,2,2
61984,76,85,-9,9
61985,108,96,12,12
61986,69,62,7,7
61987,90,78,12,12
61988,65,64,1,1
61989,157,155,2,2
61990,81,64,17,17
61991,116,121,-5,5
61992,94,90,4,4
61993,98,108,-10,10
61994,149,142,7,7
61995,87,81,6,6
61996,124,121,3,3
61997,121,118,3,3
61998,157,139,18,18
61999,100,89,11,11
62000,129,127,2,2
62001,97,94,3,3
62002,57,53,4,4
62003,108,98,10,10
62004,64,58,6,6
62005,195,176,19,19
62006,81,79,2,2
62007,92,85,7,7
62008,139,141,-2,2
62009,67,71,-4,4
62010,78,93,-15,15
62011,56,62,-6,6
62012,90,90,0,0
62013,69,77,-8,8
62014,109,96,13,13
62015,67,69,-2,2
62016,65,68,-3,3
62017,67,73,-6,6
62018,128,118,10,10
62019,101,97,4,4
62020,103,99,4,4
62021,66,61,5,5
62022,78,77,1,1
62023,121,114,7,7
62024,99,102,-3,3
62025,69,68,1,1
62026,64,64,0,0
62027,66,66,0,0
62028,76,75,1,1
62029,91,87,4,4
62030,49,49,0,0
62031,222,192,30,30
62032,71,67,4,4
62033,155,163,-8,8
62034,80,78,2,2
62035,94,84,10,10
62036,70,62,8,8
62037,106,103,3,3
62038,81,79,2,2
62039,90,80,10,10
62040,73,72,1,1
62041,65,60,5,5
62042,71,77,-6,6
62043,140,110,30,30
62044,109,115,-6,6
62045,72,73,-1,1
62046,95,102,-7,7
62047,92,85,7,7
62048,104,101,3,3
62049,74,71,3,3
62050,102,100,2,2
62051,75,80,-5,5
62052,100,95,5,5
62053,111,114,-3,3
62054,52,52,0,0
62055,79,55,24,24
62056,99,94,5,5
62057,140,142,-2,2
62058,181,185,-4,4
62059,106,109,-3,3
62060,59,53,6,6
62061,129,115,14,14
62062,95,123,-28,28
62063,50,61,-11,11
62064,71,66,5,5
62065,46,54,-8,8
62066,103,104,-1,1
62067,82,86,-4,4
62068,114,107,7,7
62069,114,102,12,12
62070,92,93,-1,1
62071,74,79,-5,5
62072,102,103,-1,1
62073,104,96,8,8
62074,86,90,-4,4
62075,51,64,-13,13
62076,86,80,6,6
62077,78,80,-2,2
62078,99,102,-3,3
62079,95,84,11,11
62080,82,81,1,1
62081,111,115,-4,4
62082,129,108,21,21
62083,90,109,-19,19
62084,139,141,-2,2
62085,72,77,-5,5
62086,55,61,-6,6
62087,165,142,23,23
62088,115,112,3,3
62089,61,73,-12,12
62090,84,83,1,1
62091,136,135,1,1
62092,83,75,8,8
62093,27,40,-13,13
62094,108,107,1,1
62095,147,128,19,19
62096,120,118,2,2
62097,73,85,-12,12
62098,60,68,-8,8
62099,123,122,1,1
62100,89,85,4,4
62101,73,67,6,6
62102,64,67,-3,3
62103,62,67,-5,5
62104,100,104,-4,4
62105,100,88,12,12
62106,48,65,-17,17
62107,119,116,3,3
62108,53,54,-1,1
62109,142,135,7,7
62110,58,63,-5,5
62111,100,109,-9,9
62112,77,78,-1,1
62113,71,84,-13,13
62114,126,129,-3,3
62115,50,59,-9,9
62116,205,171,34,34
62117,60,55,5,5
62118,91,91,0,0
62119,70,73,-3,3
62120,90,94,-4,4
62121,159,157,2,2
62122,75,68,7,7
62123,116,96,20,20
62124,109,111,-2,2
62125,143,133,10,10
62126,112,100,12,12
62127,84,83,1,1
62128,170,175,-5,5
62129,150,147,3,3
62130,109,99,10,10
62131,161,157,4,4
62132,99,100,-1,1
62133,127,112,15,15
62134,62,33,29,29
62135,133,123,10,10
62136,101,108,-7,7
62137,127,119,8,8
62138,89,89,0,0
62139,95,88,7,7
62140,150,134,16,16
62141,49,40,9,9
62142,92,100,-8,8
62143,92,92,0,0
62144,38,46,-8,8
62145,145,152,-7,7
62146,156,163,-7,7
62147,125,118,7,7
62148,51,49,2,2
62149,134,113,21,21
62150,92,113,-21,21
62151,85,93,-8,8
62152,60,59,1,1
62153,67,71,-4,4
62154,99,103,-4,4
62155,159,169,-10,10
62156,86,88,-2,2
62157,75,60,15,15
62158,42,39,3,3
62159,71,76,-5,5
62160,136,146,-10,10
62161,67,72,-5,5
62162,112,104,8,8
62163,71,69,2,2
62164,48,52,-4,4
62165,139,139,0,0
62166,114,133,-19,19
62167,48,43,5,5
62168,86,91,-5,5
62169,119,111,8,8
62170,94,91,3,3
62171,105,108,-3,3
62172,104,92,12,12
62173,85,81,4,4
62174,66,58,8,8
62175,93,87,6,6
62176,88,92,-4,4
62177,67,62,5,5
62178,91,96,-5,5
62179,110,99,11,11
62180,80,71,9,9
62181,98,97,1,1
62182,126,123,3,3
62183,52,55,-3,3
62184,63,72,-9,9
62185,91,97,-6,6
62186,103,99,4,4
62187,68,67,1,1
62188,73,75,-2,2
62189,95,97,-2,2
62190,100,95,5,5
62191,111,104,7,7
62192,100,95,5,5
62193,75,76,-1,1
62194,84,91,-7,7
62195,75,87,-12,12
62196,139,120,19,19
62197,105,105,0,0
62198,84,89,-5,5
62199,137,123,14,14
62200,65,92,-27,27
62201,97,89,8,8
62202,78,80,-2,2
62203,122,122,0,0
62204,72,77,-5,5
62205,80,87,-7,7
62206,132,115,17,17
62207,113,112,1,1
62208,121,115,6,6
62209,72,67,5,5
62210,95,98,-3,3
62211,124,119,5,5
62212,122,117,5,5
62213,152,146,6,6
62214,105,97,8,8
62215,103,106,-3,3
62216,111,101,10,10
62217,60,53,7,7
62218,75,90,-15,15
62219,69,69,0,0
62220,85,81,4,4
62221,91,110,-19,19
62222,106,98,8,8
62223,76,83,-7,7
62224,43,46,-3,3
62225,65,66,-1,1
62226,180,192,-12,12
62227,38,59,-21,21
62228,86,88,-2,2
62229,77,80,-3,3
62230,110,107,3,3
62231,111,109,2,2
62232,134,121,13,13
62233,123,149,-26,26
62234,67,65,2,2
62235,77,83,-6,6
62236,95,96,-1,1
62237,94,84,10,10
62238,131,121,10,10
62239,88,98,-10,10
62240,130,120,10,10
62241,78,86,-8,8
62242,98,91,7,7
62243,66,66,0,0
62244,63,68,-5,5
62245,85,77,8,8
62246,82,80,2,2
62247,82,91,-9,9
62248,104,96,8,8
62249,120,116,4,4
62250,68,66,2,2
62251,108,109,-1,1
62252,101,94,7,7
62253,102,99,3,3
62254,161,163,-2,2
62255,48,60,-12,12
62256,82,85,-3,3
62257,134,127,7,7
62258,102,92,10,10
62259,47,49,-2,2
62260,101,78,23,23
62261,103,92,11,11
62262,158,147,11,11
62263,79,80,-1,1
62264,126,120,6,6
62265,72,79,-7,7
62266,103,96,7,7
62267,86,94,-8,8
62268,73,93,-20,20
62269,150,139,11,11
62270,69,71,-2,2
62271,89,73,16,16
62272,102,94,8,8
62273,89,87,2,2
62274,92,95,-3,3
62275,91,83,8,8
62276,69,70,-1,1
62277,31,36,-5,5
62278,62,56,6,6
62279,74,76,-2,2
62280,73,70,3,3
62281,92,86,6,6
62282,68,71,-3,3
62283,121,113,8,8
62284,160,157,3,3
62285,124,119,5,5
62286,71,67,4,4
62287,98,87,11,11
62288,85,74,11,11
62289,93,89,4,4
62290,87,90,-3,3
62291,210,182,28,28
62292,74,72,2,2
62293,84,88,-4,4
62294,141,138,3,3
62295,68,70,-2,2
62296,118,115,3,3
62297,75,82,-7,7
62298,150,145,5,5
62299,162,160,2,2
62300,59,57,2,2
62301,82,81,1,1
62302,118,115,3,3
62303,94,99,-5,5
62304,75,93,-18,18
62305,71,74,-3,3
62306,131,114,17,17
62307,120,108,12,12
62308,91,90,1,1
62309,112,104,8,8
62310,145,152,-7,7
62311,93,86,7,7
62312,93,80,13,13
62313,89,75,14,14
62314,110,101,9,9
62315,78,81,-3,3
62316,80,67,13,13
62317,133,133,0,0
62318,50,49,1,1
62319,82,82,0,0
62320,145,134,11,11
62321,126,103,23,23
62322,105,100,5,5
62323,159,154,5,5
62324,118,117,1,1
62325,142,135,7,7
62326,108,111,-3,3
62327,110,109,1,1
62328,106,92,14,14
62329,119,113,6,6
62330,90,92,-2,2
62331,68,68,0,0
62332,119,107,12,12
62333,162,154,8,8
62334,76,77,-1,1
62335,89,71,18,18
62336,57,55,2,2
62337,79,84,-5,5
62338,72,69,3,3
62339,110,100,10,10
62340,82,76,6,6
62341,76,67,9,9
62342,68,73,-5,5
62343,79,98,-19,19
62344,64,66,-2,2
62345,151,131,20,20
62346,64,70,-6,6
62347,110,104,6,6
62348,78,72,6,6
62349,123,112,11,11
62350,118,112,6,6
62351,58,66,-8,8
62352,140,133,7,7
62353,128,114,14,14
62354,57,57,0,0
62355,101,103,-2,2
62356,106,94,12,12
62357,71,74,-3,3
62358,61,60,1,1
62359,187,145,42,42
62360,123,108,15,15
62361,64,66,-2,2
62362,59,65,-6,6
62363,83,80,3,3
62364,68,70,-2,2
62365,83,76,7,7
62366,111,96,15,15
62367,86,103,-17,17
62368,87,75,12,12
62369,97,86,11,11
62370,76,75,1,1
62371,91,94,-3,3
62372,169,153,16,16
62373,51,46,5,5
62374,57,70,-13,13
62375,168,161,7,7
62376,93,67,26,26
62377,93,88,5,5
62378,98,80,18,18
62379,76,91,-15,15
62380,142,140,2,2
62381,60,68,-8,8
62382,118,109,9,9
62383,40,61,-21,21
62384,68,66,2,2
62385,75,72,3,3
62386,97,95,2,2
62387,124,122,2,2
62388,68,62,6,6
62389,89,86,3,3
62390,109,105,4,4
62391,53,56,-3,3
62392,112,104,8,8
62393,140,152,-12,12
62394,113,102,11,11
62395,105,112,-7,7
62396,69,68,1,1
62397,98,117,-19,19
62398,150,141,9,9
62399,93,94,-1,1
62400,117,115,2,2
62401,44,36,8,8
62402,65,57,8,8
62403,78,68,10,10
62404,149,145,4,4
62405,75,73,2,2
62406,82,79,3,3
62407,93,83,10,10
62408,129,121,8,8
62409,46,51,-5,5
62410,56,51,5,5
62411,99,91,8,8
62412,31,40,-9,9
62413,113,99,14,14
62414,167,183,-16,16
62415,113,111,2,2
62416,171,176,-5,5
62417,71,64,7,7
62418,103,100,3,3
62419,76,78,-2,2
62420,64,57,7,7
62421,105,93,12,12
62422,176,175,1,1
62423,127,116,11,11
62424,118,96,22,22
62425,88,96,-8,8
62426,133,119,14,14
62427,84,90,-6,6
62428,108,104,4,4
62429,72,69,3,3
62430,128,122,6,6
62431,36,38,-2,2
62432,116,105,11,11
62433,105,103,2,2
62434,85,85,0,0
62435,48,51,-3,3
62436,142,124,18,18
62437,78,71,7,7
62438,72,81,-9,9
62439,255,252,3,3
62440,113,113,0,0
62441,98,89,9,9
62442,143,143,0,0
62443,85,104,-19,19
62444,111,107,4,4
62445,106,96,10,10
62446,111,109,2,2
62447,84,76,8,8
62448,74,78,-4,4
62449,87,92,-5,5
62450,133,132,1,1
62451,111,111,0,0
62452,78,78,0,0
62453,83,87,-4,4
62454,117,107,10,10
62455,97,93,4,4
62456,127,123,4,4
62457,66,60,6,6
62458,124,113,11,11
62459,72,67,5,5
62460,108,100,8,8
62461,124,126,-2,2
62462,137,113,24,24
62463,84,91,-7,7
62464,175,177,-2,2
62465,32,23,9,9
62466,127,109,18,18
62467,139,142,-3,3
62468,84,109,-25,25
62469,138,142,-4,4
62470,147,140,7,7
62471,49,45,4,4
62472,87,85,2,2
62473,71,72,-1,1
62474,89,76,13,13
62475,122,108,14,14
62476,110,114,-4,4
62477,112,110,2,2
62478,161,160,1,1
62479,78,77,1,1
62480,84,89,-5,5
62481,96,85,11,11
62482,83,82,1,1
62483,166,131,35,35
62484,69,70,-1,1
62485,48,47,1,1
62486,84,65,19,19
62487,113,93,20,20
62488,89,95,-6,6
62489,51,56,-5,5
62490,101,99,2,2
62491,70,66,4,4
62492,107,99,8,8
62493,99,93,6,6
62494,142,119,23,23
62495,123,107,16,16
62496,81,77,4,4
62497,60,51,9,9
62498,139,132,7,7
62499,93,89,4,4
62500,123,129,-6,6
62501,101,76,25,25
62502,128,119,9,9
62503,72,71,1,1
62504,134,122,12,12
62505,89,86,3,3
62506,162,152,10,10
62507,129,107,22,22
62508,97,89,8,8
62509,63,72,-9,9
62510,88,93,-5,5
62511,47,48,-1,1
62512,163,154,9,9
62513,169,180,-11,11
62514,88,78,10,10
62515,116,115,1,1
62516,68,76,-8,8
62517,66,72,-6,6
62518,75,71,4,4
62519,79,86,-7,7
62520,132,129,3,3
62521,64,76,-12,12
62522,154,149,5,5
62523,159,132,27,27
62524,97,97,0,0
62525,151,145,6,6
62526,64,53,11,11
62527,86,83,3,3
62528,86,104,-18,18
62529,105,98,7,7
62530,135,130,5,5
62531,78,83,-5,5
62532,180,159,21,21
62533,126,107,19,19
62534,115,126,-11,11
62535,95,106,-11,11
62536,123,102,21,21
62537,49,49,0,0
62538,94,97,-3,3
62539,170,176,-6,6
62540,92,83,9,9
62541,101,107,-6,6
62542,93,90,3,3
62543,123,144,-21,21
62544,83,75,8,8
62545,122,109,13,13
62546,109,113,-4,4
62547,67,57,10,10
62548,59,66,-7,7
62549,79,62,17,17
62550,82,84,-2,2
62551,69,67,2,2
62552,83,94,-11,11
62553,116,106,10,10
62554,202,177,25,25
62555,92,103,-11,11
62556,95,101,-6,6
62557,104,94,10,10
62558,124,114,10,10
62559,203,201,2,2
62560,95,90,5,5
62561,131,127,4,4
62562,42,38,4,4
62563,106,89,17,17
62564,40,50,-10,10
62565,81,80,1,1
62566,125,105,20,20
62567,82,74,8,8
62568,121,110,11,11
62569,85,94,-9,9
62570,104,86,18,18
62571,82,80,2,2
62572,76,77,-1,1
62573,60,69,-9,9
62574,91,71,20,20
62575,96,94,2,2
62576,118,106,12,12
62577,101,88,13,13
62578,140,139,1,1
62579,153,160,-7,7
62580,115,125,-10,10
62581,38,55,-17,17
62582,74,77,-3,3
62583,28,56,-28,28
62584,65,68,-3,3
62585,113,116,-3,3
62586,109,106,3,3
62587,93,90,3,3
62588,87,83,4,4
62589,54,60,-6,6
62590,125,115,10,10
62591,141,138,3,3
62592,114,118,-4,4
62593,122,110,12,12
62594,138,135,3,3
62595,98,93,5,5
62596,84,88,-4,4
62597,118,112,6,6
62598,114,124,-10,10
62599,69,77,-8,8
62600,47,56,-9,9
62601,72,56,16,16
62602,72,70,2,2
62603,85,82,3,3
62604,48,46,2,2
62605,96,90,6,6
62606,90,87,3,3
62607,99,89,10,10
62608,122,124,-2,2
62609,60,65,-5,5
62610,80,84,-4,4
62611,79,78,1,1
62612,54,59,-5,5
62613,90,91,-1,1
62614,84,88,-4,4
62615,98,96,2,2
62616,106,107,-1,1
62617,70,71,-1,1
62618,93,80,13,13
62619,81,76,5,5
62620,108,106,2,2
62621,66,70,-4,4
62622,92,85,7,7
62623,58,56,2,2
62624,80,79,1,1
62625,72,68,4,4
62626,92,81,11,11
62627,114,119,-5,5
62628,149,134,15,15
62629,85,82,3,3
62630,61,54,7,7
62631,104,91,13,13
62632,100,91,9,9
62633,132,127,5,5
62634,132,123,9,9
62635,114,98,16,16
62636,89,89,0,0
62637,52,51,1,1
62638,51,47,4,4
62639,109,123,-14,14
62640,112,122,-10,10
62641,80,67,13,13
62642,158,185,-27,27
62643,103,95,8,8
62644,59,58,1,1
62645,118,114,4,4
62646,114,107,7,7
62647,101,107,-6,6
62648,64,64,0,0
62649,75,73,2,2
62650,110,94,16,16
62651,168,181,-13,13
62652,109,98,11,11
62653,106,104,2,2
62654,32,83,-51,51
62655,86,94,-8,8
62656,185,152,33,33
62657,125,128,-3,3
62658,48,49,-1,1
62659,128,128,0,0
62660,138,143,-5,5
62661,75,68,7,7
62662,84,95,-11,11
62663,115,95,20,20
62664,58,63,-5,5
62665,97,88,9,9
62666,152,135,17,17
62667,94,94,0,0
62668,114,114,0,0
62669,130,135,-5,5
62670,61,57,4,4
62671,185,170,15,15
62672,110,107,3,3
62673,58,56,2,2
62674,79,85,-6,6
62675,79,75,4,4
62676,93,90,3,3
62677,129,122,7,7
62678,134,137,-3,3
62679,98,98,0,0
62680,162,163,-1,1
62681,83,80,3,3
62682,107,91,16,16
62683,98,106,-8,8
62684,131,114,17,17
62685,57,50,7,7
62686,153,135,18,18
62687,126,120,6,6
62688,89,91,-2,2
62689,68,69,-1,1
62690,131,122,9,9
62691,68,73,-5,5
62692,94,83,11,11
62693,135,123,12,12
62694,96,95,1,1
62695,95,106,-11,11
62696,90,80,10,10
62697,55,59,-4,4
62698,108,111,-3,3
62699,36,39,-3,3
62700,73,68,5,5
62701,73,80,-7,7
62702,102,98,4,4
62703,52,52,0,0
62704,22,40,-18,18
62705,102,87,15,15
62706,136,123,13,13
62707,83,78,5,5
62708,76,78,-2,2
62709,135,129,6,6
62710,116,119,-3,3
62711,69,77,-8,8
62712,42,46,-4,4
62713,86,79,7,7
62714,131,137,-6,6
62715,119,101,18,18
62716,65,58,7,7
62717,100,104,-4,4
62718,65,64,1,1
62719,73,72,1,1
62720,63,64,-1,1
62721,115,152,-37,37
62722,164,135,29,29
62723,146,148,-2,2
62724,64,71,-7,7
62725,101,99,2,2
62726,124,108,16,16
62727,74,66,8,8
62728,92,85,7,7
62729,90,87,3,3
62730,93,99,-6,6
62731,76,76,0,0
62732,133,132,1,1
62733,54,58,-4,4
62734,147,120,27,27
62735,107,109,-2,2
62736,132,104,28,28
62737,129,114,15,15
62738,95,88,7,7
62739,78,88,-10,10
62740,93,81,12,12
62741,85,92,-7,7
62742,138,150,-12,12
62743,106,97,9,9
62744,45,49,-4,4
62745,50,51,-1,1
62746,55,50,5,5
62747,44,43,1,1
62748,70,72,-2,2
62749,125,121,4,4
62750,82,82,0,0
62751,80,77,3,3
62752,120,116,4,4
62753,100,99,1,1
62754,70,68,2,2
62755,65,60,5,5
62756,96,103,-7,7
62757,93,80,13,13
62758,106,95,11,11
62759,168,155,13,13
62760,169,165,4,4
62761,95,100,-5,5
62762,95,100,-5,5
62763,81,81,0,0
62764,65,60,5,5
62765,64,75,-11,11
62766,62,72,-10,10
62767,119,109,10,10
62768,93,83,10,10
62769,77,66,11,11
62770,141,142,-1,1
62771,66,62,4,4
62772,76,83,-7,7
62773,148,140,8,8
62774,57,59,-2,2
62775,78,63,15,15
62776,134,106,28,28
62777,133,122,11,11
62778,66,69,-3,3
62779,75,71,4,4
62780,97,90,7,7
62781,131,109,22,22
62782,171,166,5,5
62783,222,225,-3,3
62784,102,99,3,3
62785,60,62,-2,2
62786,144,147,-3,3
62787,43,38,5,5
62788,82,71,11,11
62789,84,83,1,1
62790,92,93,-1,1
62791,94,70,24,24
62792,179,186,-7,7
62793,119,118,1,1
62794,61,72,-11,11
62795,93,98,-5,5
62796,53,52,1,1
62797,142,126,16,16
62798,69,61,8,8
62799,90,90,0,0
62800,139,133,6,6
62801,90,107,-17,17
62802,56,52,4,4
62803,113,114,-1,1
62804,91,87,4,4
62805,86,89,-3,3
62806,111,100,11,11
62807,74,63,11,11
62808,139,119,20,20
62809,96,85,11,11
62810,105,94,11,11
62811,139,137,2,2
62812,61,57,4,4
62813,70,76,-6,6
62814,70,76,-6,6
62815,61,61,0,0
62816,127,133,-6,6
62817,92,97,-5,5
62818,120,111,9,9
62819,52,40,12,12
62820,86,83,3,3
62821,62,58,4,4
62822,101,123,-22,22
62823,85,95,-10,10
62824,96,98,-2,2
62825,105,103,2,2
62826,122,116,6,6
62827,116,114,2,2
62828,98,81,17,17
62829,154,154,0,0
62830,100,93,7,7
62831,164,153,11,11
62832,162,156,6,6
62833,136,159,-23,23
62834,62,66,-4,4
62835,178,168,10,10
62836,109,89,20,20
62837,121,107,14,14
62838,108,118,-10,10
62839,84,78,6,6
62840,131,119,12,12
62841,122,114,8,8
62842,64,75,-11,11
62843,84,88,-4,4
62844,72,70,2,2
62845,185,164,21,21
62846,77,73,4,4
62847,137,167,-30,30
62848,93,94,-1,1
62849,86,94,-8,8
62850,144,125,19,19
62851,78,88,-10,10
62852,61,58,3,3
62853,129,115,14,14
62854,52,68,-16,16
62855,195,187,8,8
62856,87,85,2,2
62857,101,101,0,0
62858,103,102,1,1
62859,169,154,15,15
62860,104,106,-2,2
62861,80,76,4,4
62862,40,59,-19,19
62863,90,93,-3,3
62864,89,87,2,2
62865,105,102,3,3
62866,86,99,-13,13
62867,133,124,9,9
62868,89,84,5,5
62869,64,63,1,1
62870,94,93,1,1
62871,86,91,-5,5
62872,128,124,4,4
62873,53,60,-7,7
62874,91,86,5,5
62875,74,70,4,4
62876,64,62,2,2
62877,81,70,11,11
62878,66,66,0,0
62879,76,68,8,8
62880,91,82,9,9
62881,76,67,9,9
62882,109,99,10,10
62883,77,73,4,4
62884,76,72,4,4
62885,110,100,10,10
62886,88,81,7,7
62887,120,111,9,9
62888,127,125,2,2
62889,106,98,8,8
62890,201,189,12,12
62891,111,107,4,4
62892,231,227,4,4
62893,59,65,-6,6
62894,150,131,19,19
62895,141,134,7,7
62896,62,54,8,8
62897,191,198,-7,7
62898,119,119,0,0
62899,72,74,-2,2
62900,103,101,2,2
62901,79,82,-3,3
62902,106,105,1,1
62903,104,114,-10,10
62904,88,91,-3,3
62905,78,81,-3,3
62906,81,88,-7,7
62907,98,97,1,1
62908,123,116,7,7
62909,142,113,29,29
62910,74,72,2,2
62911,163,148,15,15
62912,102,91,11,11
62913,60,60,0,0
62914,133,110,23,23
62915,59,60,-1,1
62916,47,53,-6,6
62917,86,89,-3,3
62918,124,113,11,11
62919,28,32,-4,4
62920,59,60,-1,1
62921,124,123,1,1
62922,105,98,7,7
62923,103,94,9,9
62924,80,79,1,1
62925,82,78,4,4
62926,84,78,6,6
62927,128,122,6,6
62928,101,110,-9,9
62929,72,72,0,0
62930,89,78,11,11
62931,119,111,8,8
62932,181,181,0,0
62933,146,141,5,5
62934,58,57,1,1
62935,80,74,6,6
62936,37,37,0,0
62937,45,55,-10,10
62938,95,106,-11,11
62939,108,101,7,7
62940,79,72,7,7
62941,85,76,9,9
62942,53,61,-8,8
62943,211,199,12,12
62944,103,92,11,11
62945,77,80,-3,3
62946,75,74,1,1
62947,95,98,-3,3
62948,102,90,12,12
62949,77,75,2,2
62950,54,62,-8,8
62951,110,105,5,5
62952,121,102,19,19
62953,89,73,16,16
62954,93,93,0,0
62955,44,49,-5,5
62956,84,90,-6,6
62957,135,122,13,13
62958,66,50,16,16
62959,104,110,-6,6
62960,141,125,16,16
62961,98,101,-3,3
62962,90,90,0,0
62963,115,111,4,4
62964,109,107,2,2
62965,69,74,-5,5
62966,64,56,8,8
62967,185,161,24,24
62968,114,109,5,5
62969,191,187,4,4
62970,49,43,6,6
62971,83,101,-18,18
62972,100,104,-4,4
62973,98,88,10,10
62974,69,77,-8,8
62975,103,95,8,8
62976,148,146,2,2
62977,81,72,9,9
62978,151,151,0,0
62979,70,67,3,3
62980,88,81,7,7
62981,93,96,-3,3
62982,60,73,-13,13
62983,88,79,9,9
62984,63,67,-4,4
62985,92,92,0,0
62986,108,111,-3,3
62987,78,90,-12,12
62988,156,135,21,21
62989,63,60,3,3
62990,58,59,-1,1
62991,38,31,7,7
62992,107,104,3,3
62993,101,96,5,5
62994,65,86,-21,21
62995,120,111,9,9
62996,101,93,8,8
62997,106,94,12,12
62998,72,74,-2,2
62999,127,114,13,13
63000,65,60,5,5
63001,126,110,16,16
63002,113,111,2,2
63003,104,111,-7,7
63004,152,139,13,13
63005,57,59,-2,2
63006,83,77,6,6
63007,101,102,-1,1
63008,81,89,-8,8
63009,54,65,-11,11
63010,80,78,2,2
63011,83,89,-6,6
63012,31,18,13,13
63013,64,70,-6,6
63014,159,161,-2,2
63015,133,126,7,7
63016,116,120,-4,4
63017,57,54,3,3
63018,99,78,21,21
63019,62,58,4,4
63020,90,84,6,6
63021,117,113,4,4
63022,142,129,13,13
63023,177,161,16,16
63024,59,51,8,8
63025,89,97,-8,8
63026,69,67,2,2
63027,63,67,-4,4
63028,46,71,-25,25
63029,136,146,-10,10
63030,105,117,-12,12
63031,127,130,-3,3
63032,66,74,-8,8
63033,138,132,6,6
63034,71,73,-2,2
63035,97,95,2,2
63036,112,109,3,3
63037,77,79,-2,2
63038,57,58,-1,1
63039,84,96,-12,12
63040,85,89,-4,4
63041,111,96,15,15
63042,123,109,14,14
63043,110,113,-3,3
63044,114,123,-9,9
63045,111,116,-5,5
63046,71,78,-7,7
63047,93,80,13,13
63048,343,419,-76,76
63049,72,60,12,12
63050,186,167,19,19
63051,62,61,1,1
63052,79,79,0,0
63053,129,132,-3,3
63054,121,124,-3,3
63055,105,103,2,2
63056,157,146,11,11
63057,115,104,11,11
63058,78,81,-3,3
63059,179,189,-10,10
63060,80,82,-2,2
63061,113,121,-8,8
63062,87,87,0,0
63063,95,87,8,8
63064,95,110,-15,15
63065,104,106,-2,2
63066,88,84,4,4
63067,61,70,-9,9
63068,63,54,9,9
63069,87,101,-14,14
63070,157,167,-10,10
63071,92,121,-29,29
63072,53,52,1,1
63073,128,118,10,10
63074,114,110,4,4
63075,95,75,20,20
63076,102,98,4,4
63077,120,121,-1,1
63078,110,112,-2,2
63079,207,210,-3,3
63080,103,96,7,7
63081,55,57,-2,2
63082,98,91,7,7
63083,99,102,-3,3
63084,94,83,11,11
63085,82,89,-7,7
63086,60,79,-19,19
63087,95,98,-3,3
63088,113,99,14,14
63089,113,111,2,2
63090,105,93,12,12
63091,80,66,14,14
63092,104,111,-7,7
63093,97,94,3,3
63094,62,62,0,0
63095,62,68,-6,6
63096,85,90,-5,5
63097,114,116,-2,2
63098,72,64,8,8
63099,82,75,7,7
63100,94,82,12,12
63101,90,96,-6,6
63102,110,96,14,14
63103,90,80,10,10
63104,80,81,-1,1
63105,109,103,6,6
63106,61,64,-3,3
63107,185,183,2,2
63108,117,117,0,0
63109,139,126,13,13
63110,56,59,-3,3
63111,74,64,10,10
63112,107,121,-14,14
63113,78,87,-9,9
63114,51,54,-3,3
63115,87,86,1,1
63116,114,107,7,7
63117,83,92,-9,9
63118,137,123,14,14
63119,117,98,19,19
63120,87,90,-3,3
63121,69,69,0,0
63122,86,89,-3,3
63123,150,155,-5,5
63124,162,164,-2,2
63125,87,90,-3,3
63126,68,76,-8,8
63127,68,74,-6,6
63128,126,100,26,26
63129,109,105,4,4
63130,106,111,-5,5
63131,114,107,7,7
63132,136,138,-2,2
63133,128,107,21,21
63134,109,112,-3,3
63135,114,113,1,1
63136,102,100,2,2
63137,144,140,4,4
63138,52,53,-1,1
63139,73,77,-4,4
63140,116,107,9,9
63141,111,95,16,16
63142,106,108,-2,2
63143,125,113,12,12
63144,119,109,10,10
63145,77,79,-2,2
63146,78,80,-2,2
63147,62,61,1,1
63148,80,89,-9,9
63149,101,108,-7,7
63150,130,123,7,7
63151,165,140,25,25
63152,88,74,14,14
63153,97,93,4,4
63154,125,109,16,16
63155,55,62,-7,7
63156,76,78,-2,2
63157,124,128,-4,4
63158,82,84,-2,2
63159,60,63,-3,3
63160,107,104,3,3
63161,109,107,2,2
63162,162,136,26,26
63163,95,94,1,1
63164,54,51,3,3
63165,125,122,3,3
63166,107,102,5,5
63167,74,62,12,12
63168,155,143,12,12
63169,77,88,-11,11
63170,80,74,6,6
63171,122,120,2,2
63172,71,77,-6,6
63173,112,103,9,9
63174,61,65,-4,4
63175,88,91,-3,3
63176,171,160,11,11
63177,98,92,6,6
63178,59,57,2,2
63179,150,150,0,0
63180,94,92,2,2
63181,112,110,2,2
63182,113,79,34,34
63183,92,92,0,0
63184,121,118,3,3
63185,101,97,4,4
63186,82,87,-5,5
63187,125,107,18,18
63188,74,72,2,2
63189,68,74,-6,6
63190,104,107,-3,3
63191,80,73,7,7
63192,101,91,10,10
63193,96,101,-5,5
63194,96,92,4,4
63195,79,90,-11,11
63196,75,72,3,3
63197,121,117,4,4
63198,173,164,9,9
63199,123,115,8,8
63200,124,113,11,11
63201,123,112,11,11
63202,129,128,1,1
63203,119,99,20,20
63204,107,114,-7,7
63205,117,113,4,4
63206,74,79,-5,5
63207,72,66,6,6
63208,92,96,-4,4
63209,102,91,11,11
63210,123,129,-6,6
63211,119,122,-3,3
63212,71,67,4,4
63213,64,66,-2,2
63214,108,98,10,10
63215,140,117,23,23
63216,90,90,0,0
63217,128,119,9,9
63218,99,90,9,9
63219,82,95,-13,13
63220,156,151,5,5
63221,137,130,7,7
63222,78,62,16,16
63223,95,94,1,1
63224,82,95,-13,13
63225,90,95,-5,5
63226,64,62,2,2
63227,73,73,0,0
63228,53,61,-8,8
63229,123,119,4,4
63230,62,70,-8,8
63231,92,101,-9,9
63232,123,113,10,10
63233,125,115,10,10
63234,41,46,-5,5
63235,187,183,4,4
63236,91,85,6,6
63237,76,69,7,7
63238,176,161,15,15
63239,93,97,-4,4
63240,87,83,4,4
63241,89,90,-1,1
63242,88,72,16,16
63243,99,101,-2,2
63244,134,124,10,10
63245,95,92,3,3
63246,105,103,2,2
63247,42,51,-9,9
63248,96,89,7,7
63249,50,60,-10,10
63250,63,56,7,7
63251,95,101,-6,6
63252,99,93,6,6
63253,109,122,-13,13
63254,133,116,17,17
63255,90,81,9,9
63256,71,70,1,1
63257,58,70,-12,12
63258,173,160,13,13
63259,77,68,9,9
63260,88,64,24,24
63261,72,65,7,7
63262,116,107,9,9
63263,61,63,-2,2
63264,94,86,8,8
63265,117,121,-4,4
63266,114,113,1,1
63267,147,137,10,10
63268,125,115,10,10
63269,100,113,-13,13
63270,101,89,12,12
63271,112,114,-2,2
63272,94,91,3,3
63273,119,104,15,15
63274,154,148,6,6
63275,82,87,-5,5
63276,58,59,-1,1
63277,131,126,5,5
63278,82,71,11,11
63279,96,99,-3,3
63280,80,71,9,9
63281,118,115,3,3
63282,51,58,-7,7
63283,164,148,16,16
63284,77,101,-24,24
63285,144,142,2,2
63286,132,130,2,2
63287,89,86,3,3
63288,78,69,9,9
63289,51,57,-6,6
63290,100,97,3,3
63291,108,100,8,8
63292,143,128,15,15
63293,88,84,4,4
63294,67,68,-1,1
63295,121,126,-5,5
63296,90,83,7,7
63297,65,65,0,0
63298,79,76,3,3
63299,144,142,2,2
63300,55,68,-13,13
63301,78,82,-4,4
63302,82,98,-16,16
63303,78,75,3,3
63304,160,160,0,0
63305,89,79,10,10
63306,101,108,-7,7
63307,114,110,4,4
63308,86,74,12,12
63309,155,159,-4,4
63310,105,101,4,4
63311,76,76,0,0
63312,149,148,1,1
63313,99,107,-8,8
63314,120,104,16,16
63315,69,69,0,0
63316,102,98,4,4
63317,59,62,-3,3
63318,54,58,-4,4
63319,107,98,9,9
63320,60,66,-6,6
63321,70,59,11,11
63322,219,231,-12,12
63323,83,84,-1,1
63324,68,66,2,2
63325,89,81,8,8
63326,68,71,-3,3
63327,108,112,-4,4
63328,94,95,-1,1
63329,90,91,-1,1
63330,171,138,33,33
63331,35,41,-6,6
63332,39,46,-7,7
63333,80,105,-25,25
63334,69,66,3,3
63335,109,106,3,3
63336,112,114,-2,2
63337,127,125,2,2
63338,87,91,-4,4
63339,60,126,-66,66
63340,67,77,-10,10
63341,151,143,8,8
63342,115,112,3,3
63343,86,91,-5,5
63344,97,84,13,13
63345,128,120,8,8
63346,137,120,17,17
63347,102,104,-2,2
63348,76,75,1,1
63349,33,30,3,3
63350,89,86,3,3
63351,68,61,7,7
63352,55,57,-2,2
63353,104,104,0,0
63354,98,99,-1,1
63355,67,59,8,8
63356,103,90,13,13
63357,87,87,0,0
63358,92,90,2,2
63359,97,87,10,10
63360,144,126,18,18
63361,94,106,-12,12
63362,95,91,4,4
63363,131,105,26,26
63364,102,93,9,9
63365,132,127,5,5
63366,83,81,2,2
63367,127,132,-5,5
63368,71,66,5,5
63369,86,83,3,3
63370,202,185,17,17
63371,181,158,23,23
63372,129,130,-1,1
63373,112,107,5,5
63374,118,116,2,2
63375,46,42,4,4
63376,120,95,25,25
63377,55,66,-11,11
63378,141,116,25,25
63379,92,90,2,2
63380,137,134,3,3
63381,59,57,2,2
63382,192,191,1,1
63383,144,153,-9,9
63384,91,90,1,1
63385,111,118,-7,7
63386,52,47,5,5
63387,135,128,7,7
63388,43,55,-12,12
63389,138,110,28,28
63390,159,147,12,12
63391,88,92,-4,4
63392,63,61,2,2
63393,90,93,-3,3
63394,101,93,8,8
63395,72,79,-7,7
63396,64,63,1,1
63397,81,76,5,5
63398,94,87,7,7
63399,125,115,10,10
63400,64,57,7,7
63401,68,67,1,1
63402,77,88,-11,11
63403,125,122,3,3
63404,68,68,0,0
63405,131,138,-7,7
63406,72,69,3,3
63407,113,104,9,9
63408,136,148,-12,12
63409,136,124,12,12
63410,129,112,17,17
63411,118,114,4,4
63412,79,72,7,7
63413,98,101,-3,3
63414,117,112,5,5
63415,98,109,-11,11
63416,30,43,-13,13
63417,76,66,10,10
63418,87,77,10,10
63419,110,97,13,13
63420,80,80,0,0
63421,48,66,-18,18
63422,120,107,13,13
63423,98,100,-2,2
63424,43,51,-8,8
63425,84,80,4,4
63426,62,68,-6,6
63427,165,168,-3,3
63428,56,57,-1,1
63429,85,76,9,9
63430,109,103,6,6
63431,149,132,17,17
63432,55,53,2,2
63433,89,93,-4,4
63434,68,73,-5,5
63435,68,69,-1,1
63436,146,142,4,4
63437,112,105,7,7
63438,104,96,8,8
63439,49,40,9,9
63440,67,67,0,0
63441,70,65,5,5
63442,109,105,4,4
63443,56,57,-1,1
63444,148,144,4,4
63445,97,100,-3,3
63446,79,73,6,6
63447,116,104,12,12
63448,97,97,0,0
63449,79,75,4,4
63450,74,65,9,9
63451,67,58,9,9
63452,118,107,11,11
63453,72,81,-9,9
63454,128,103,25,25
63455,113,112,1,1
63456,103,108,-5,5
63457,86,89,-3,3
63458,59,60,-1,1
63459,114,119,-5,5
63460,125,136,-11,11
63461,105,98,7,7
63462,70,72,-2,2
63463,147,137,10,10
63464,90,81,9,9
63465,81,81,0,0
63466,65,66,-1,1
63467,63,58,5,5
63468,110,104,6,6
63469,108,97,11,11
63470,62,74,-12,12
63471,107,105,2,2
63472,47,48,-1,1
63473,76,78,-2,2
63474,92,95,-3,3
63475,129,117,12,12
63476,87,88,-1,1
63477,90,80,10,10
63478,75,76,-1,1
63479,69,66,3,3
63480,61,58,3,3
63481,76,74,2,2
63482,49,47,2,2
63483,133,113,20,20
63484,147,149,-2,2
63485,115,104,11,11
63486,88,91,-3,3
63487,70,67,3,3
63488,77,81,-4,4
63489,64,70,-6,6
63490,182,175,7,7
63491,103,94,9,9
63492,91,84,7,7
63493,104,92,12,12
63494,67,65,2,2
63495,90,91,-1,1
63496,81,80,1,1
63497,140,134,6,6
63498,64,66,-2,2
63499,132,132,0,0
63500,64,56,8,8
63501,117,110,7,7
63502,86,93,-7,7
63503,216,192,24,24
63504,129,120,9,9
63505,107,111,-4,4
63506,114,115,-1,1
63507,99,85,14,14
63508,232,211,21,21
63509,81,83,-2,2
63510,117,114,3,3
63511,142,138,4,4
63512,33,37,-4,4
63513,80,80,0,0
63514,95,98,-3,3
63515,84,77,7,7
63516,111,117,-6,6
63517,53,57,-4,4
63518,47,51,-4,4
63519,80,79,1,1
63520,81,77,4,4
63521,74,69,5,5
63522,49,47,2,2
63523,124,113,11,11
63524,98,102,-4,4
63525,155,157,-2,2
63526,58,59,-1,1
63527,111,107,4,4
63528,99,105,-6,6
63529,124,117,7,7
63530,62,70,-8,8
63531,55,56,-1,1
63532,72,77,-5,5
63533,62,66,-4,4
63534,74,71,3,3
63535,76,57,19,19
63536,102,89,13,13
63537,87,84,3,3
63538,136,126,10,10
63539,89,79,10,10
63540,68,65,3,3
63541,67,69,-2,2
63542,97,98,-1,1
63543,123,113,10,10
63544,170,165,5,5
63545,120,116,4,4
63546,110,111,-1,1
63547,100,86,14,14
63548,37,43,-6,6
63549,84,79,5,5
63550,62,62,0,0
63551,145,125,20,20
63552,106,103,3,3
63553,115,103,12,12
63554,126,133,-7,7
63555,141,151,-10,10
63556,92,86,6,6
63557,110,113,-3,3
63558,59,76,-17,17
63559,90,77,13,13
63560,77,81,-4,4
63561,70,68,2,2
63562,77,60,17,17
63563,79,63,16,16
63564,154,146,8,8
63565,137,138,-1,1
63566,106,112,-6,6
63567,116,95,21,21
63568,119,109,10,10
63569,65,55,10,10
63570,139,129,10,10
63571,145,122,23,23
63572,141,136,5,5
63573,119,108,11,11
63574,70,74,-4,4
63575,78,74,4,4
63576,75,63,12,12
63577,100,91,9,9
63578,163,148,15,15
63579,162,158,4,4
63580,153,142,11,11
63581,94,96,-2,2
63582,74,68,6,6
63583,88,86,2,2
63584,67,65,2,2
63585,100,108,-8,8
63586,117,117,0,0
63587,80,71,9,9
63588,95,83,12,12
63589,77,86,-9,9
63590,121,117,4,4
63591,141,138,3,3
63592,83,74,9,9
63593,55,56,-1,1
63594,87,77,10,10
63595,76,80,-4,4
63596,116,100,16,16
63597,162,182,-20,20
63598,114,112,2,2
63599,79,74,5,5
63600,117,120,-3,3
63601,54,51,3,3
63602,87,88,-1,1
63603,124,129,-5,5
63604,101,92,9,9
63605,53,55,-2,2
63606,133,130,3,3
63607,75,89,-14,14
63608,78,85,-7,7
63609,69,77,-8,8
63610,40,40,0,0
63611,84,81,3,3
63612,94,91,3,3
63613,75,71,4,4
63614,95,96,-1,1
63615,82,91,-9,9
63616,75,70,5,5
63617,141,103,38,38
63618,98,107,-9,9
63619,101,109,-8,8
63620,49,42,7,7
63621,45,37,8,8
63622,94,93,1,1
63623,132,105,27,27
63624,122,98,24,24
63625,96,89,7,7
63626,89,85,4,4
63627,114,114,0,0
63628,112,108,4,4
63629,55,62,-7,7
63630,63,60,3,3
63631,133,108,25,25
63632,71,81,-10,10
63633,81,66,15,15
63634,104,106,-2,2
63635,97,93,4,4
63636,103,110,-7,7
63637,110,101,9,9
63638,91,89,2,2
63639,60,65,-5,5
63640,58,63,-5,5
63641,91,90,1,1
63642,69,74,-5,5
63643,75,85,-10,10
63644,175,178,-3,3
63645,62,66,-4,4
63646,121,122,-1,1
63647,64,63,1,1
63648,103,95,8,8
63649,109,74,35,35
63650,111,99,12,12
63651,87,79,8,8
63652,146,131,15,15
63653,68,69,-1,1
63654,69,72,-3,3
63655,79,81,-2,2
63656,111,138,-27,27
63657,72,65,7,7
63658,110,101,9,9
63659,106,108,-2,2
63660,112,98,14,14
63661,85,71,14,14
63662,153,151,2,2
63663,102,82,20,20
63664,75,77,-2,2
63665,123,104,19,19
63666,80,92,-12,12
63667,81,82,-1,1
63668,76,72,4,4
63669,107,135,-28,28
63670,163,168,-5,5
63671,75,73,2,2
63672,83,79,4,4
63673,72,67,5,5
63674,73,78,-5,5
63675,47,50,-3,3
63676,127,122,5,5
63677,31,28,3,3
63678,88,87,1,1
63679,131,119,12,12
63680,140,148,-8,8
63681,172,164,8,8
63682,86,84,2,2
63683,137,128,9,9
63684,108,103,5,5
63685,67,68,-1,1
63686,157,187,-30,30
63687,42,54,-12,12
63688,81,86,-5,5
63689,96,88,8,8
63690,189,164,25,25
63691,97,104,-7,7
63692,82,83,-1,1
63693,105,92,13,13
63694,107,92,15,15
63695,81,88,-7,7
63696,44,38,6,6
63697,93,94,-1,1
63698,63,67,-4,4
63699,46,94,-48,48
63700,128,124,4,4
63701,133,139,-6,6
63702,40,44,-4,4
63703,119,107,12,12
63704,100,87,13,13
63705,96,92,4,4
63706,84,79,5,5
63707,188,192,-4,4
63708,66,78,-12,12
63709,145,139,6,6
63710,50,60,-10,10
63711,74,73,1,1
63712,82,81,1,1
63713,92,92,0,0
63714,131,123,8,8
63715,69,62,7,7
63716,97,95,2,2
63717,137,134,3,3
63718,98,96,2,2
63719,67,68,-1,1
63720,107,104,3,3
63721,49,51,-2,2
63722,76,76,0,0
63723,66,68,-2,2
63724,170,158,12,12
63725,101,102,-1,1
63726,95,78,17,17
63727,76,77,-1,1
63728,82,85,-3,3
63729,84,82,2,2
63730,106,117,-11,11
63731,64,75,-11,11
63732,91,88,3,3
63733,86,81,5,5
63734,54,51,3,3
63735,82,97,-15,15
63736,89,84,5,5
63737,97,93,4,4
63738,161,150,11,11
63739,48,41,7,7
63740,109,102,7,7
63741,159,152,7,7
63742,106,113,-7,7
63743,181,161,20,20
63744,129,127,2,2
63745,101,104,-3,3
63746,114,106,8,8
63747,126,120,6,6
63748,168,149,19,19
63749,95,101,-6,6
63750,80,76,4,4
63751,96,89,7,7
63752,35,55,-20,20
63753,73,78,-5,5
63754,89,90,-1,1
63755,107,96,11,11
63756,88,86,2,2
63757,92,96,-4,4
63758,91,73,18,18
63759,91,78,13,13
63760,120,135,-15,15
63761,82,77,5,5
63762,80,80,0,0
63763,55,62,-7,7
63764,76,60,16,16
63765,72,75,-3,3
63766,105,94,11,11
63767,113,119,-6,6
63768,67,63,4,4
63769,101,106,-5,5
63770,80,69,11,11
63771,80,81,-1,1
63772,96,87,9,9
63773,71,49,22,22
63774,148,146,2,2
63775,72,66,6,6
63776,127,130,-3,3
63777,75,76,-1,1
63778,83,78,5,5
63779,90,95,-5,5
63780,86,89,-3,3
63781,75,86,-11,11
63782,72,72,0,0
63783,70,60,10,10
63784,105,91,14,14
63785,41,50,-9,9
63786,68,74,-6,6
63787,86,84,2,2
63788,64,62,2,2
63789,86,88,-2,2
63790,51,61,-10,10
63791,124,106,18,18
63792,88,102,-14,14
63793,93,89,4,4
63794,54,64,-10,10
63795,71,69,2,2
63796,132,133,-1,1
63797,101,97,4,4
63798,172,162,10,10
63799,176,176,0,0
63800,173,166,7,7
63801,130,127,3,3
63802,79,81,-2,2
63803,102,101,1,1
63804,133,123,10,10
63805,90,71,19,19
63806,102,97,5,5
63807,65,66,-1,1
63808,128,113,15,15
63809,159,120,39,39
63810,57,56,1,1
63811,171,158,13,13
63812,66,80,-14,14
63813,165,141,24,24
63814,51,51,0,0
63815,111,111,0,0
63816,211,179,32,32
63817,89,81,8,8
63818,74,79,-5,5
63819,86,95,-9,9
63820,129,98,31,31
63821,67,61,6,6
63822,112,108,4,4
63823,102,88,14,14
63824,76,71,5,5
63825,67,76,-9,9
63826,96,83,13,13
63827,115,115,0,0
63828,95,96,-1,1
63829,129,125,4,4
63830,78,75,3,3
63831,58,65,-7,7
63832,93,88,5,5
63833,53,45,8,8
63834,62,63,-1,1
63835,89,78,11,11
63836,110,102,8,8
63837,109,114,-5,5
63838,34,67,-33,33
63839,94,85,9,9
63840,54,50,4,4
63841,111,109,2,2
63842,128,125,3,3
63843,141,126,15,15
63844,92,75,17,17
63845,102,87,15,15
63846,94,100,-6,6
63847,130,120,10,10
63848,93,94,-1,1
63849,86,72,14,14
63850,102,96,6,6
63851,137,118,19,19
63852,55,45,10,10
63853,118,112,6,6
63854,121,118,3,3
63855,155,145,10,10
63856,71,84,-13,13
63857,140,135,5,5
63858,64,72,-8,8
63859,110,115,-5,5
63860,119,121,-2,2
63861,55,57,-2,2
63862,80,95,-15,15
63863,142,132,10,10
63864,44,53,-9,9
63865,111,112,-1,1
63866,113,108,5,5
63867,146,128,18,18
63868,169,165,4,4
63869,129,129,0,0
63870,76,81,-5,5
63871,67,62,5,5
63872,75,70,5,5
63873,68,66,2,2
63874,74,79,-5,5
63875,80,83,-3,3
63876,33,34,-1,1
63877,91,81,10,10
63878,75,69,6,6
63879,94,88,6,6
63880,142,119,23,23
63881,50,104,-54,54
63882,193,204,-11,11
63883,81,90,-9,9
63884,111,100,11,11
63885,130,133,-3,3
63886,51,49,2,2
63887,73,76,-3,3
63888,136,138,-2,2
63889,94,92,2,2
63890,111,95,16,16
63891,119,113,6,6
63892,101,98,3,3
63893,79,80,-1,1
63894,92,87,5,5
63895,84,87,-3,3
63896,48,51,-3,3
63897,105,100,5,5
63898,87,85,2,2
63899,91,87,4,4
63900,78,74,4,4
63901,136,129,7,7
63902,123,120,3,3
63903,130,121,9,9
63904,126,120,6,6
63905,84,90,-6,6
63906,122,125,-3,3
63907,124,112,12,12
63908,117,107,10,10
63909,49,45,4,4
63910,63,56,7,7
63911,64,57,7,7
63912,57,57,0,0
63913,37,47,-10,10
63914,38,46,-8,8
63915,56,59,-3,3
63916,137,129,8,8
63917,109,106,3,3
63918,158,148,10,10
63919,112,121,-9,9
63920,96,97,-1,1
63921,99,95,4,4
63922,68,77,-9,9
63923,94,95,-1,1
63924,118,111,7,7
63925,80,83,-3,3
63926,78,87,-9,9
63927,94,86,8,8
63928,172,169,3,3
63929,39,46,-7,7
63930,62,63,-1,1
63931,152,119,33,33
63932,120,109,11,11
63933,90,82,8,8
63934,105,98,7,7
63935,80,78,2,2
63936,58,60,-2,2
63937,51,50,1,1
63938,90,89,1,1
63939,107,100,7,7
63940,71,74,-3,3
63941,61,59,2,2
63942,111,128,-17,17
63943,88,88,0,0
63944,56,62,-6,6
63945,93,89,4,4
63946,106,99,7,7
63947,96,89,7,7
63948,81,84,-3,3
63949,63,56,7,7
63950,112,115,-3,3
63951,120,109,11,11
63952,59,55,4,4
63953,103,93,10,10
63954,50,57,-7,7
63955,115,94,21,21
63956,54,53,1,1
63957,71,69,2,2
63958,59,57,2,2
63959,115,106,9,9
63960,47,60,-13,13
63961,100,92,8,8
63962,77,67,10,10
63963,195,171,24,24
63964,118,110,8,8
63965,90,86,4,4
63966,101,103,-2,2
63967,141,124,17,17
63968,153,134,19,19
63969,72,74,-2,2
63970,76,77,-1,1
63971,141,114,27,27
63972,168,152,16,16
63973,189,157,32,32
63974,52,55,-3,3
63975,90,92,-2,2
63976,81,84,-3,3
63977,54,60,-6,6
63978,128,114,14,14
63979,86,94,-8,8
63980,65,78,-13,13
63981,53,49,4,4
63982,57,57,0,0
63983,90,67,23,23
63984,73,68,5,5
63985,75,81,-6,6
63986,85,84,1,1
63987,143,140,3,3
63988,44,57,-13,13
63989,81,77,4,4
63990,76,75,1,1
63991,126,119,7,7
63992,46,54,-8,8
63993,139,124,15,15
63994,154,128,26,26
63995,161,140,21,21
63996,59,55,4,4
63997,78,80,-2,2
63998,85,85,0,0
63999,48,56,-8,8
64000,71,61,10,10
64001,79,77,2,2
64002,65,60,5,5
64003,78,73,5,5
64004,117,116,1,1
64005,51,55,-4,4
64006,153,92,61,61
64007,118,126,-8,8
64008,66,60,6,6
64009,75,78,-3,3
64010,102,106,-4,4
64011,85,85,0,0
64012,64,60,4,4
64013,95,92,3,3
64014,160,144,16,16
64015,94,85,9,9
64016,68,79,-11,11
64017,180,177,3,3
64018,52,72,-20,20
64019,106,112,-6,6
64020,85,84,1,1
64021,115,125,-10,10
64022,57,50,7,7
64023,104,100,4,4
64024,53,60,-7,7
64025,79,69,10,10
64026,68,75,-7,7
64027,86,84,2,2
64028,121,109,12,12
64029,54,52,2,2
64030,74,59,15,15
64031,122,128,-6,6
64032,67,70,-3,3
64033,128,126,2,2
64034,56,55,1,1
64035,146,140,6,6
64036,111,112,-1,1
64037,86,89,-3,3
64038,96,86,10,10
64039,144,157,-13,13
64040,73,76,-3,3
64041,50,60,-10,10
64042,179,179,0,0
64043,83,79,4,4
64044,62,63,-1,1
64045,103,96,7,7
64046,101,98,3,3
64047,59,76,-17,17
64048,74,62,12,12
64049,72,69,3,3
64050,75,80,-5,5
64051,109,109,0,0
64052,102,83,19,19
64053,143,134,9,9
64054,83,96,-13,13
64055,156,155,1,1
64056,124,114,10,10
64057,80,78,2,2
64058,161,144,17,17
64059,54,60,-6,6
64060,75,87,-12,12
64061,155,131,24,24
64062,117,104,13,13
64063,130,126,4,4
64064,225,202,23,23
64065,94,91,3,3
64066,63,65,-2,2
64067,72,65,7,7
64068,179,180,-1,1
64069,141,131,10,10
64070,82,73,9,9
64071,62,55,7,7
64072,122,124,-2,2
64073,79,72,7,7
64074,93,76,17,17
64075,137,177,-40,40
64076,110,111,-1,1
64077,137,129,8,8
64078,84,76,8,8
64079,64,61,3,3
64080,64,54,10,10
64081,56,66,-10,10
64082,70,74,-4,4
64083,76,77,-1,1
64084,118,109,9,9
64085,88,75,13,13
64086,81,79,2,2
64087,129,126,3,3
64088,64,71,-7,7
64089,97,78,19,19
64090,123,126,-3,3
64091,86,74,12,12
64092,97,92,5,5
64093,115,117,-2,2
64094,96,102,-6,6
64095,77,76,1,1
64096,168,162,6,6
64097,51,59,-8,8
64098,90,97,-7,7
64099,56,63,-7,7
64100,71,76,-5,5
64101,107,107,0,0
64102,94,85,9,9
64103,46,49,-3,3
64104,118,105,13,13
64105,129,120,9,9
64106,106,110,-4,4
64107,81,85,-4,4
64108,82,73,9,9
64109,56,56,0,0
64110,79,71,8,8
64111,71,75,-4,4
64112,148,145,3,3
64113,205,184,21,21
64114,142,121,21,21
64115,85,88,-3,3
64116,47,48,-1,1
64117,91,84,7,7
64118,108,97,11,11
64119,73,65,8,8
64120,102,102,0,0
64121,129,138,-9,9
64122,130,158,-28,28
64123,103,89,14,14
64124,70,88,-18,18
64125,90,86,4,4
64126,118,134,-16,16
64127,85,73,12,12
64128,63,68,-5,5
64129,62,59,3,3
64130,93,87,6,6
64131,66,90,-24,24
64132,57,59,-2,2
64133,43,50,-7,7
64134,104,95,9,9
64135,131,115,16,16
64136,88,79,9,9
64137,79,78,1,1
64138,83,75,8,8
64139,77,71,6,6
64140,82,83,-1,1
64141,109,101,8,8
64142,118,109,9,9
64143,134,129,5,5
64144,124,112,12,12
64145,105,108,-3,3
64146,102,95,7,7
64147,109,102,7,7
64148,100,95,5,5
64149,84,83,1,1
64150,88,84,4,4
64151,86,80,6,6
64152,92,92,0,0
64153,125,118,7,7
64154,70,70,0,0
64155,167,134,33,33
64156,151,154,-3,3
64157,80,60,20,20
64158,125,108,17,17
64159,140,146,-6,6
64160,101,99,2,2
64161,68,64,4,4
64162,48,82,-34,34
64163,105,98,7,7
64164,72,66,6,6
64165,73,71,2,2
64166,139,122,17,17
64167,88,89,-1,1
64168,65,103,-38,38
64169,100,94,6,6
64170,150,155,-5,5
64171,116,111,5,5
64172,64,54,10,10
64173,115,113,2,2
64174,58,67,-9,9
64175,132,136,-4,4
64176,91,76,15,15
64177,75,65,10,10
64178,98,106,-8,8
64179,109,101,8,8
64180,115,103,12,12
64181,86,95,-9,9
64182,100,88,12,12
64183,77,71,6,6
64184,156,159,-3,3
64185,63,58,5,5
64186,81,85,-4,4
64187,95,87,8,8
64188,70,70,0,0
64189,100,97,3,3
64190,92,86,6,6
64191,150,134,16,16
64192,99,103,-4,4
64193,133,128,5,5
64194,46,57,-11,11
64195,99,89,10,10
64196,128,117,11,11
64197,77,85,-8,8
64198,77,74,3,3
64199,62,74,-12,12
64200,175,194,-19,19
64201,183,168,15,15
64202,80,70,10,10
64203,124,114,10,10
64204,116,109,7,7
64205,140,160,-20,20
64206,74,70,4,4
64207,104,118,-14,14
64208,43,50,-7,7
64209,191,186,5,5
64210,245,299,-54,54
64211,94,91,3,3
64212,110,83,27,27
64213,86,90,-4,4
64214,49,62,-13,13
64215,116,118,-2,2
64216,58,61,-3,3
64217,51,40,11,11
64218,96,93,3,3
64219,73,76,-3,3
64220,100,106,-6,6
64221,83,135,-52,52
64222,130,121,9,9
64223,64,68,-4,4
64224,77,78,-1,1
64225,126,127,-1,1
64226,52,58,-6,6
64227,84,80,4,4
64228,69,74,-5,5
64229,107,120,-13,13
64230,104,89,15,15
64231,55,52,3,3
64232,87,94,-7,7
64233,88,89,-1,1
64234,147,134,13,13
64235,122,117,5,5
64236,120,117,3,3
64237,166,159,7,7
64238,80,85,-5,5
64239,122,125,-3,3
64240,43,44,-1,1
64241,121,118,3,3
64242,70,71,-1,1
64243,101,99,2,2
64244,57,63,-6,6
64245,100,93,7,7
64246,52,60,-8,8
64247,69,56,13,13
64248,52,50,2,2
64249,60,67,-7,7
64250,74,67,7,7
64251,92,92,0,0
64252,47,52,-5,5
64253,91,85,6,6
64254,72,72,0,0
64255,45,44,1,1
64256,70,76,-6,6
64257,119,116,3,3
64258,113,109,4,4
64259,51,54,-3,3
64260,56,55,1,1
64261,95,94,1,1
64262,82,93,-11,11
64263,79,77,2,2
64264,70,73,-3,3
64265,78,87,-9,9
64266,94,91,3,3
64267,68,65,3,3
64268,87,105,-18,18
64269,164,171,-7,7
64270,101,86,15,15
64271,145,138,7,7
64272,50,42,8,8
64273,65,72,-7,7
64274,108,95,13,13
64275,77,71,6,6
64276,153,143,10,10
64277,113,102,11,11
64278,181,156,25,25
64279,52,48,4,4
64280,96,104,-8,8
64281,139,129,10,10
64282,91,89,2,2
64283,73,75,-2,2
64284,77,75,2,2
64285,71,67,4,4
64286,51,50,1,1
64287,90,85,5,5
64288,68,64,4,4
64289,73,77,-4,4
64290,94,100,-6,6
64291,69,65,4,4
64292,90,97,-7,7
64293,154,160,-6,6
64294,163,136,27,27
64295,74,74,0,0
64296,55,54,1,1
64297,73,78,-5,5
64298,33,24,9,9
64299,154,140,14,14
64300,70,56,14,14
64301,72,76,-4,4
64302,96,96,0,0
64303,117,120,-3,3
64304,127,122,5,5
64305,84,85,-1,1
64306,99,101,-2,2
64307,72,72,0,0
64308,144,132,12,12
64309,74,73,1,1
64310,75,72,3,3
64311,89,73,16,16
64312,122,113,9,9
64313,165,155,10,10
64314,45,45,0,0
64315,82,88,-6,6
64316,84,80,4,4
64317,166,164,2,2
64318,140,123,17,17
64319,96,99,-3,3
64320,73,73,0,0
64321,200,195,5,5
64322,113,100,13,13
64323,137,130,7,7
64324,87,88,-1,1
64325,127,121,6,6
64326,74,63,11,11
64327,89,77,12,12
64328,128,134,-6,6
64329,73,72,1,1
64330,53,54,-1,1
64331,26,46,-20,20
64332,104,102,2,2
64333,91,74,17,17
64334,157,153,4,4
64335,93,86,7,7
64336,125,131,-6,6
64337,66,58,8,8
64338,125,112,13,13
64339,144,110,34,34
64340,106,96,10,10
64341,129,116,13,13
64342,86,90,-4,4
64343,188,185,3,3
64344,142,127,15,15
64345,54,47,7,7
64346,185,152,33,33
64347,152,147,5,5
64348,55,48,7,7
64349,74,78,-4,4
64350,132,143,-11,11
64351,80,73,7,7
64352,77,72,5,5
64353,67,79,-12,12
64354,71,67,4,4
64355,129,104,25,25
64356,116,102,14,14
64357,97,95,2,2
64358,39,41,-2,2
64359,44,56,-12,12
64360,73,81,-8,8
64361,78,74,4,4
64362,68,62,6,6
64363,57,57,0,0
64364,97,73,24,24
64365,77,75,2,2
64366,159,148,11,11
64367,144,117,27,27
64368,58,62,-4,4
64369,74,80,-6,6
64370,47,48,-1,1
64371,86,74,12,12
64372,95,81,14,14
64373,74,69,5,5
64374,84,97,-13,13
64375,175,184,-9,9
64376,47,47,0,0
64377,110,99,11,11
64378,181,158,23,23
64379,117,112,5,5
64380,77,66,11,11
64381,88,77,11,11
64382,84,93,-9,9
64383,56,56,0,0
64384,49,42,7,7
64385,75,86,-11,11
64386,58,60,-2,2
64387,110,112,-2,2
64388,80,83,-3,3
64389,120,129,-9,9
64390,79,91,-12,12
64391,107,104,3,3
64392,79,79,0,0
64393,69,66,3,3
64394,36,43,-7,7
64395,106,103,3,3
64396,64,67,-3,3
64397,91,98,-7,7
64398,70,67,3,3
64399,69,69,0,0
64400,75,78,-3,3
64401,54,54,0,0
64402,69,72,-3,3
64403,105,114,-9,9
64404,67,70,-3,3
64405,28,39,-11,11
64406,57,57,0,0
64407,46,37,9,9
64408,52,57,-5,5
64409,122,119,3,3
64410,101,103,-2,2
64411,129,119,10,10
64412,143,151,-8,8
64413,193,181,12,12
64414,55,51,4,4
64415,92,90,2,2
64416,107,87,20,20
64417,137,119,18,18
64418,100,98,2,2
64419,61,59,2,2
64420,113,99,14,14
64421,112,98,14,14
64422,78,74,4,4
64423,82,83,-1,1
64424,58,73,-15,15
64425,65,57,8,8
64426,52,60,-8,8
64427,106,97,9,9
64428,47,51,-4,4
64429,72,73,-1,1
64430,75,74,1,1
64431,135,132,3,3
64432,87,87,0,0
64433,175,160,15,15
64434,99,113,-14,14
64435,50,48,2,2
64436,90,86,4,4
64437,83,94,-11,11
64438,68,69,-1,1
64439,85,82,3,3
64440,73,75,-2,2
64441,58,64,-6,6
64442,78,85,-7,7
64443,89,94,-5,5
64444,49,53,-4,4
64445,73,66,7,7
64446,108,79,29,29
64447,60,63,-3,3
64448,142,136,6,6
64449,217,195,22,22
64450,57,56,1,1
64451,61,58,3,3
64452,82,71,11,11
64453,73,81,-8,8
64454,108,104,4,4
64455,139,141,-2,2
64456,80,72,8,8
64457,218,223,-5,5
64458,119,115,4,4
64459,105,98,7,7
64460,57,66,-9,9
64461,106,115,-9,9
64462,74,77,-3,3
64463,77,78,-1,1
64464,143,133,10,10
64465,103,100,3,3
64466,120,118,2,2
64467,124,105,19,19
64468,112,108,4,4
64469,105,95,10,10
64470,144,150,-6,6
64471,97,88,9,9
64472,65,57,8,8
64473,74,72,2,2
64474,55,55,0,0
64475,80,80,0,0
64476,115,111,4,4
64477,145,147,-2,2
64478,103,108,-5,5
64479,132,114,18,18
64480,46,40,6,6
64481,59,52,7,7
64482,83,76,7,7
64483,150,156,-6,6
64484,182,170,12,12
64485,44,46,-2,2
64486,64,75,-11,11
64487,53,54,-1,1
64488,78,91,-13,13
64489,112,117,-5,5
64490,109,96,13,13
64491,95,98,-3,3
64492,62,92,-30,30
64493,57,62,-5,5
64494,130,131,-1,1
64495,101,94,7,7
64496,135,137,-2,2
64497,100,117,-17,17
64498,107,112,-5,5
64499,97,99,-2,2
64500,79,75,4,4
64501,80,89,-9,9
64502,94,76,18,18
64503,122,111,11,11
64504,57,48,9,9
64505,58,63,-5,5
64506,76,85,-9,9
64507,144,122,22,22
64508,51,47,4,4
64509,54,60,-6,6
64510,85,83,2,2
64511,61,59,2,2
64512,148,119,29,29
64513,33,37,-4,4
64514,99,85,14,14
64515,117,107,10,10
64516,82,84,-2,2
64517,54,74,-20,20
64518,144,138,6,6
64519,141,133,8,8
64520,80,87,-7,7
64521,203,189,14,14
64522,93,89,4,4
64523,65,55,10,10
64524,61,52,9,9
64525,139,138,1,1
64526,84,84,0,0
64527,72,86,-14,14
64528,68,72,-4,4
64529,56,71,-15,15
64530,101,101,0,0
64531,63,67,-4,4
64532,94,93,1,1
64533,120,127,-7,7
64534,113,121,-8,8
64535,32,34,-2,2
64536,94,103,-9,9
64537,116,112,4,4
64538,101,89,12,12
64539,57,59,-2,2
64540,144,139,5,5
64541,76,80,-4,4
64542,94,89,5,5
64543,80,80,0,0
64544,100,103,-3,3
64545,150,144,6,6
64546,85,86,-1,1
64547,77,71,6,6
64548,75,66,9,9
64549,170,157,13,13
64550,138,151,-13,13
64551,74,69,5,5
64552,83,80,3,3
64553,193,192,1,1
64554,95,84,11,11
64555,132,124,8,8
64556,69,63,6,6
64557,120,131,-11,11
64558,102,91,11,11
64559,87,77,10,10
64560,133,111,22,22
64561,106,102,4,4
64562,90,93,-3,3
64563,61,58,3,3
64564,87,81,6,6
64565,130,121,9,9
64566,77,85,-8,8
64567,80,86,-6,6
64568,95,80,15,15
64569,64,59,5,5
64570,57,63,-6,6
64571,70,71,-1,1
64572,111,106,5,5
64573,54,51,3,3
64574,142,164,-22,22
64575,52,63,-11,11
64576,47,50,-3,3
64577,133,132,1,1
64578,140,146,-6,6
64579,60,64,-4,4
64580,186,161,25,25
64581,77,87,-10,10
64582,101,90,11,11
64583,59,59,0,0
64584,121,125,-4,4
64585,104,112,-8,8
64586,155,128,27,27
64587,83,80,3,3
64588,77,74,3,3
64589,123,109,14,14
64590,59,61,-2,2
64591,105,91,14,14
64592,75,79,-4,4
64593,116,106,10,10
64594,72,70,2,2
64595,149,163,-14,14
64596,119,108,11,11
64597,63,67,-4,4
64598,87,80,7,7
64599,137,120,17,17
64600,82,73,9,9
64601,125,123,2,2
64602,36,45,-9,9
64603,67,68,-1,1
64604,116,113,3,3
64605,155,142,13,13
64606,103,95,8,8
64607,104,94,10,10
64608,143,126,17,17
64609,123,117,6,6
64610,121,115,6,6
64611,87,76,11,11
64612,72,72,0,0
64613,49,84,-35,35
64614,69,74,-5,5
64615,72,92,-20,20
64616,116,95,21,21
64617,138,145,-7,7
64618,97,107,-10,10
64619,63,68,-5,5
64620,109,95,14,14
64621,80,76,4,4
64622,96,88,8,8
64623,98,84,14,14
64624,101,108,-7,7
64625,143,158,-15,15
64626,90,86,4,4
64627,85,80,5,5
64628,120,117,3,3
64629,65,63,2,2
64630,161,144,17,17
64631,124,105,19,19
64632,103,100,3,3
64633,99,104,-5,5
64634,121,127,-6,6
64635,122,120,2,2
64636,104,104,0,0
64637,160,172,-12,12
64638,109,85,24,24
64639,63,67,-4,4
64640,112,114,-2,2
64641,88,81,7,7
64642,88,76,12,12
64643,101,102,-1,1
64644,50,53,-3,3
64645,170,188,-18,18
64646,64,69,-5,5
64647,102,114,-12,12
64648,93,87,6,6
64649,132,125,7,7
64650,75,83,-8,8
64651,84,75,9,9
64652,60,59,1,1
64653,103,109,-6,6
64654,58,61,-3,3
64655,153,139,14,14
64656,135,123,12,12
64657,62,89,-27,27
64658,162,141,21,21
64659,74,77,-3,3
64660,90,79,11,11
64661,127,122,5,5
64662,97,100,-3,3
64663,102,96,6,6
64664,117,106,11,11
64665,38,45,-7,7
64666,114,106,8,8
64667,45,39,6,6
64668,100,96,4,4
64669,61,58,3,3
64670,101,97,4,4
64671,120,133,-13,13
64672,152,135,17,17
64673,84,86,-2,2
64674,100,88,12,12
64675,108,108,0,0
64676,124,135,-11,11
64677,148,161,-13,13
64678,46,45,1,1
64679,119,119,0,0
64680,118,100,18,18
64681,52,58,-6,6
64682,104,108,-4,4
64683,82,98,-16,16
64684,100,80,20,20
64685,118,109,9,9
64686,70,71,-1,1
64687,104,83,21,21
64688,141,130,11,11
64689,97,95,2,2
64690,24,37,-13,13
64691,192,169,23,23
64692,71,67,4,4
64693,78,77,1,1
64694,46,49,-3,3
64695,79,80,-1,1
64696,153,147,6,6
64697,88,96,-8,8
64698,64,71,-7,7
64699,81,68,13,13
64700,81,85,-4,4
64701,105,96,9,9
64702,88,78,10,10
64703,120,122,-2,2
64704,68,66,2,2
64705,84,89,-5,5
64706,121,109,12,12
64707,80,77,3,3
64708,138,143,-5,5
64709,90,81,9,9
64710,87,88,-1,1
64711,92,87,5,5
64712,111,117,-6,6
64713,77,68,9,9
64714,74,71,3,3
64715,170,136,34,34
64716,77,84,-7,7
64717,117,121,-4,4
64718,151,123,28,28
64719,84,88,-4,4
64720,108,118,-10,10
64721,69,79,-10,10
64722,121,123,-2,2
64723,94,99,-5,5
64724,41,39,2,2
64725,140,129,11,11
64726,76,74,2,2
64727,85,77,8,8
64728,104,108,-4,4
64729,48,56,-8,8
64730,128,130,-2,2
64731,68,66,2,2
64732,70,72,-2,2
64733,93,80,13,13
64734,69,72,-3,3
64735,56,57,-1,1
64736,96,96,0,0
64737,50,49,1,1
64738,64,72,-8,8
64739,69,74,-5,5
64740,89,83,6,6
64741,75,78,-3,3
64742,77,81,-4,4
64743,68,64,4,4
64744,59,80,-21,21
64745,140,116,24,24
64746,79,69,10,10
64747,46,42,4,4
64748,54,48,6,6
64749,89,91,-2,2
64750,99,100,-1,1
64751,68,68,0,0
64752,86,95,-9,9
64753,106,94,12,12
64754,82,78,4,4
64755,97,118,-21,21
64756,29,46,-17,17
64757,99,105,-6,6
64758,119,113,6,6
64759,102,102,0,0
64760,104,103,1,1
64761,148,118,30,30
64762,146,137,9,9
64763,107,86,21,21
64764,49,61,-12,12
64765,45,46,-1,1
64766,133,128,5,5
64767,102,100,2,2
64768,110,112,-2,2
64769,100,97,3,3
64770,112,104,8,8
64771,59,63,-4,4
64772,73,58,15,15
64773,115,127,-12,12
64774,88,88,0,0
64775,77,84,-7,7
64776,133,127,6,6
64777,86,86,0,0
64778,74,68,6,6
64779,125,120,5,5
64780,97,97,0,0
64781,71,70,1,1
64782,42,43,-1,1
64783,140,142,-2,2
64784,70,70,0,0
64785,76,84,-8,8
64786,59,63,-4,4
64787,87,89,-2,2
64788,134,107,27,27
64789,173,161,12,12
64790,47,48,-1,1
64791,112,99,13,13
64792,94,100,-6,6
64793,81,79,2,2
64794,152,155,-3,3
64795,56,60,-4,4
64796,72,77,-5,5
64797,82,77,5,5
64798,68,79,-11,11
64799,87,85,2,2
64800,116,118,-2,2
64801,49,46,3,3
64802,124,117,7,7
64803,146,138,8,8
64804,151,142,9,9
64805,67,92,-25,25
64806,57,97,-40,40
64807,147,145,2,2
64808,104,101,3,3
64809,124,125,-1,1
64810,46,45,1,1
64811,118,112,6,6
64812,110,106,4,4
64813,82,77,5,5
64814,97,91,6,6
64815,104,94,10,10
64816,46,43,3,3
64817,76,81,-5,5
64818,66,66,0,0
64819,51,46,5,5
64820,63,51,12,12
64821,81,78,3,3
64822,110,103,7,7
64823,160,152,8,8
64824,65,64,1,1
64825,43,44,-1,1
64826,67,117,-50,50
64827,104,93,11,11
64828,83,85,-2,2
64829,57,75,-18,18
64830,139,129,10,10
64831,78,75,3,3
64832,68,63,5,5
64833,91,82,9,9
64834,117,117,0,0
64835,117,116,1,1
64836,110,120,-10,10
64837,67,62,5,5
64838,89,91,-2,2
64839,96,106,-10,10
64840,92,99,-7,7
64841,87,80,7,7
64842,92,83,9,9
64843,59,65,-6,6
64844,66,64,2,2
64845,160,150,10,10
64846,188,171,17,17
64847,96,96,0,0
64848,75,77,-2,2
64849,140,132,8,8
64850,95,88,7,7
64851,83,81,2,2
64852,103,101,2,2
64853,81,77,4,4
64854,87,84,3,3
64855,90,83,7,7
64856,66,66,0,0
64857,100,93,7,7
64858,75,77,-2,2
64859,50,48,2,2
64860,68,67,1,1
64861,82,78,4,4
64862,72,66,6,6
64863,56,60,-4,4
64864,113,109,4,4
64865,41,42,-1,1
64866,56,55,1,1
64867,92,83,9,9
64868,68,68,0,0
64869,63,57,6,6
64870,111,119,-8,8
64871,74,71,3,3
64872,91,90,1,1
64873,84,131,-47,47
64874,107,111,-4,4
64875,95,90,5,5
64876,80,77,3,3
64877,125,126,-1,1
64878,57,58,-1,1
64879,115,119,-4,4
64880,117,113,4,4
64881,71,73,-2,2
64882,72,80,-8,8
64883,199,175,24,24
64884,100,103,-3,3
64885,75,70,5,5
64886,78,74,4,4
64887,82,74,8,8
64888,85,81,4,4
64889,53,54,-1,1
64890,89,89,0,0
64891,111,101,10,10
64892,58,62,-4,4
64893,74,70,4,4
64894,106,115,-9,9
64895,139,129,10,10
64896,94,91,3,3
64897,66,64,2,2
64898,140,121,19,19
64899,100,98,2,2
64900,60,52,8,8
64901,118,107,11,11
64902,108,99,9,9
64903,131,115,16,16
64904,141,162,-21,21
64905,107,109,-2,2
64906,65,90,-25,25
64907,104,110,-6,6
64908,121,122,-1,1
64909,93,102,-9,9
64910,85,81,4,4
64911,77,77,0,0
64912,113,96,17,17
64913,44,47,-3,3
64914,110,122,-12,12
64915,75,68,7,7
64916,65,78,-13,13
64917,59,61,-2,2
64918,102,93,9,9
64919,93,107,-14,14
64920,85,86,-1,1
64921,57,58,-1,1
64922,129,121,8,8
64923,45,56,-11,11
64924,60,77,-17,17
64925,89,94,-5,5
64926,93,91,2,2
64927,104,99,5,5
64928,55,55,0,0
64929,83,86,-3,3
64930,137,134,3,3
64931,109,96,13,13
64932,69,71,-2,2
64933,110,116,-6,6
64934,119,95,24,24
64935,97,86,11,11
64936,81,81,0,0
64937,104,99,5,5
64938,71,84,-13,13
64939,50,59,-9,9
64940,136,123,13,13
64941,70,60,10,10
64942,63,76,-13,13
64943,90,92,-2,2
64944,102,99,3,3
64945,50,53,-3,3
64946,138,115,23,23
64947,103,116,-13,13
64948,127,122,5,5
64949,129,131,-2,2
64950,144,125,19,19
64951,52,56,-4,4
64952,72,80,-8,8
64953,94,96,-2,2
64954,77,67,10,10
64955,62,72,-10,10
64956,91,102,-11,11
64957,58,55,3,3
64958,78,70,8,8
64959,63,60,3,3
64960,111,97,14,14
64961,87,84,3,3
64962,85,78,7,7
64963,224,191,33,33
64964,99,99,0,0
64965,84,77,7,7
64966,101,97,4,4
64967,156,127,29,29
64968,50,48,2,2
64969,82,78,4,4
64970,190,193,-3,3
64971,127,126,1,1
64972,61,68,-7,7
64973,100,99,1,1
64974,81,82,-1,1
64975,141,121,20,20
64976,80,82,-2,2
64977,67,67,0,0
64978,90,93,-3,3
64979,81,81,0,0
64980,55,51,4,4
64981,85,85,0,0
64982,36,43,-7,7
64983,87,76,11,11
64984,73,83,-10,10
64985,90,91,-1,1
64986,69,53,16,16
64987,88,82,6,6
64988,64,73,-9,9
64989,56,52,4,4
64990,130,123,7,7
64991,59,58,1,1
64992,140,145,-5,5
64993,129,117,12,12
64994,122,116,6,6
64995,69,70,-1,1
64996,65,73,-8,8
64997,103,99,4,4
64998,36,34,2,2
64999,193,215,-22,22
65000,123,114,9,9
65001,77,73,4,4
65002,75,78,-3,3
65003,85,92,-7,7
65004,124,126,-2,2
65005,148,153,-5,5
65006,92,91,1,1
65007,70,55,15,15
65008,129,118,11,11
65009,51,53,-2,2
65010,98,86,12,12
65011,130,117,13,13
65012,134,126,8,8
65013,89,81,8,8
65014,83,91,-8,8
65015,89,95,-6,6
65016,101,98,3,3
65017,110,94,16,16
65018,68,70,-2,2
65019,68,63,5,5
65020,72,72,0,0
65021,77,76,1,1
65022,147,125,22,22
65023,117,111,6,6
65024,79,92,-13,13
65025,103,104,-1,1
65026,65,68,-3,3
65027,102,105,-3,3
65028,66,64,2,2
65029,101,101,0,0
65030,77,85,-8,8
65031,58,63,-5,5
65032,75,74,1,1
65033,50,63,-13,13
65034,116,108,8,8
65035,78,75,3,3
65036,111,96,15,15
65037,35,39,-4,4
65038,94,89,5,5
65039,136,131,5,5
65040,71,74,-3,3
65041,94,96,-2,2
65042,81,83,-2,2
65043,54,49,5,5
65044,94,83,11,11
65045,94,92,2,2
65046,143,129,14,14
65047,82,81,1,1
65048,156,140,16,16
65049,81,87,-6,6
65050,169,156,13,13
65051,104,102,2,2
65052,107,106,1,1
65053,69,71,-2,2
65054,123,101,22,22
65055,51,52,-1,1
65056,88,91,-3,3
65057,41,48,-7,7
65058,56,61,-5,5
65059,138,134,4,4
65060,102,103,-1,1
65061,97,87,10,10
65062,124,130,-6,6
65063,124,118,6,6
65064,119,119,0,0
65065,55,51,4,4
65066,116,114,2,2
65067,60,55,5,5
65068,134,123,11,11
65069,63,87,-24,24
65070,73,65,8,8
65071,145,118,27,27
65072,111,101,10,10
65073,110,116,-6,6
65074,194,178,16,16
65075,92,92,0,0
65076,97,83,14,14
65077,116,114,2,2
65078,61,56,5,5
65079,150,146,4,4
65080,45,49,-4,4
65081,99,81,18,18
65082,79,73,6,6
65083,118,117,1,1
65084,74,61,13,13
65085,108,102,6,6
65086,85,73,12,12
65087,89,83,6,6
65088,107,106,1,1
65089,165,161,4,4
65090,84,81,3,3
65091,132,124,8,8
65092,90,93,-3,3
65093,144,121,23,23
65094,87,91,-4,4
65095,103,94,9,9
65096,98,101,-3,3
65097,88,84,4,4
65098,125,119,6,6
65099,112,95,17,17
65100,51,63,-12,12
65101,105,97,8,8
65102,149,131,18,18
65103,109,103,6,6
65104,74,68,6,6
65105,83,83,0,0
65106,85,88,-3,3
65107,75,74,1,1
65108,78,82,-4,4
65109,67,67,0,0
65110,48,45,3,3
65111,109,78,31,31
65112,92,85,7,7
65113,90,90,0,0
65114,90,84,6,6
65115,98,97,1,1
65116,76,74,2,2
65117,83,83,0,0
65118,148,151,-3,3
65119,99,89,10,10
65120,68,66,2,2
65121,79,78,1,1
65122,98,99,-1,1
65123,194,201,-7,7
65124,90,82,8,8
65125,70,63,7,7
65126,88,84,4,4
65127,66,64,2,2
65128,81,67,14,14
65129,122,118,4,4
65130,96,100,-4,4
65131,69,74,-5,5
65132,113,95,18,18
65133,61,65,-4,4
65134,101,82,19,19
65135,178,150,28,28
65136,111,107,4,4
65137,81,76,5,5
65138,147,152,-5,5
65139,121,119,2,2
65140,78,70,8,8
65141,86,87,-1,1
65142,54,55,-1,1
65143,46,43,3,3
65144,62,68,-6,6
65145,94,104,-10,10
65146,101,97,4,4
65147,60,64,-4,4
65148,72,65,7,7
65149,75,83,-8,8
65150,148,141,7,7
65151,123,110,13,13
65152,81,90,-9,9
65153,126,131,-5,5
65154,163,149,14,14
65155,105,98,7,7
65156,85,82,3,3
65157,102,106,-4,4
65158,89,84,5,5
65159,123,124,-1,1
65160,62,63,-1,1
65161,78,81,-3,3
65162,98,88,10,10
65163,68,66,2,2
65164,99,100,-1,1
65165,112,98,14,14
65166,89,83,6,6
65167,89,88,1,1
65168,83,74,9,9
65169,119,111,8,8
65170,92,101,-9,9
65171,77,81,-4,4
65172,74,66,8,8
65173,115,150,-35,35
65174,107,99,8,8
65175,98,88,10,10
65176,136,125,11,11
65177,42,54,-12,12
65178,119,118,1,1
65179,119,118,1,1
65180,109,95,14,14
65181,113,101,12,12
65182,164,160,4,4
65183,86,80,6,6
65184,97,91,6,6
65185,112,107,5,5
65186,124,119,5,5
65187,84,100,-16,16
65188,77,71,6,6
65189,87,96,-9,9
65190,52,54,-2,2
65191,112,105,7,7
65192,78,68,10,10
65193,93,91,2,2
65194,115,124,-9,9
65195,76,72,4,4
65196,209,187,22,22
65197,41,56,-15,15
65198,115,116,-1,1
65199,155,149,6,6
65200,53,55,-2,2
65201,72,74,-2,2
65202,110,89,21,21
65203,91,90,1,1
65204,99,93,6,6
65205,88,94,-6,6
65206,100,91,9,9
65207,73,79,-6,6
65208,70,66,4,4
65209,126,123,3,3
65210,102,96,6,6
65211,97,90,7,7
65212,60,69,-9,9
65213,44,57,-13,13
65214,62,74,-12,12
65215,52,55,-3,3
65216,128,116,12,12
65217,168,168,0,0
65218,101,96,5,5
65219,106,105,1,1
65220,191,170,21,21
65221,51,69,-18,18
65222,196,161,35,35
65223,92,94,-2,2
65224,47,52,-5,5
65225,115,98,17,17
65226,70,65,5,5
65227,84,89,-5,5
65228,145,140,5,5
65229,102,108,-6,6
65230,31,28,3,3
65231,65,65,0,0
65232,92,93,-1,1
65233,77,83,-6,6
65234,90,94,-4,4
65235,30,44,-14,14
65236,72,77,-5,5
65237,109,108,1,1
65238,148,163,-15,15
65239,81,89,-8,8
65240,75,72,3,3
65241,60,57,3,3
65242,147,131,16,16
65243,95,67,28,28
65244,71,77,-6,6
65245,145,148,-3,3
65246,91,89,2,2
65247,48,70,-22,22
65248,94,90,4,4
65249,86,110,-24,24
65250,70,69,1,1
65251,120,119,1,1
65252,117,118,-1,1
65253,118,92,26,26
65254,66,64,2,2
65255,70,74,-4,4
65256,51,50,1,1
65257,80,82,-2,2
65258,78,84,-6,6
65259,136,113,23,23
65260,105,102,3,3
65261,94,81,13,13
65262,119,110,9,9
65263,119,120,-1,1
65264,66,84,-18,18
65265,133,125,8,8
65266,106,97,9,9
65267,110,107,3,3
65268,109,107,2,2
65269,97,124,-27,27
65270,54,57,-3,3
65271,143,130,13,13
65272,103,103,0,0
65273,55,52,3,3
65274,72,69,3,3
65275,300,239,61,61
65276,110,116,-6,6
65277,120,115,5,5
65278,114,120,-6,6
65279,65,69,-4,4
65280,51,57,-6,6
65281,107,95,12,12
65282,86,91,-5,5
65283,91,96,-5,5
65284,102,91,11,11
65285,72,58,14,14
65286,82,79,3,3
65287,134,116,18,18
65288,133,121,12,12
65289,79,85,-6,6
65290,146,145,1,1
65291,176,177,-1,1
65292,117,116,1,1
65293,82,84,-2,2
65294,105,96,9,9
65295,89,92,-3,3
65296,72,72,0,0
65297,71,65,6,6
65298,117,109,8,8
65299,140,121,19,19
65300,80,75,5,5
65301,53,52,1,1
65302,185,180,5,5
65303,111,101,10,10
65304,92,93,-1,1
65305,91,90,1,1
65306,112,97,15,15
65307,59,63,-4,4
65308,106,99,7,7
65309,53,64,-11,11
65310,132,130,2,2
65311,80,84,-4,4
65312,163,158,5,5
65313,58,66,-8,8
65314,138,125,13,13
65315,173,171,2,2
65316,64,74,-10,10
65317,78,68,10,10
65318,101,104,-3,3
65319,103,99,4,4
65320,87,85,2,2
65321,105,102,3,3
65322,94,86,8,8
65323,89,111,-22,22
65324,63,72,-9,9
65325,92,84,8,8
65326,139,151,-12,12
65327,78,79,-1,1
65328,58,78,-20,20
65329,77,80,-3,3
65330,71,107,-36,36
65331,154,152,2,2
65332,93,87,6,6
65333,61,64,-3,3
65334,168,151,17,17
65335,139,125,14,14
65336,78,84,-6,6
65337,132,122,10,10
65338,56,50,6,6
65339,78,82,-4,4
65340,86,91,-5,5
65341,68,67,1,1
65342,31,52,-21,21
65343,60,58,2,2
65344,150,145,5,5
65345,117,111,6,6
65346,104,97,7,7
65347,102,100,2,2
65348,77,84,-7,7
65349,64,60,4,4
65350,103,102,1,1
65351,113,117,-4,4
65352,96,95,1,1
65353,114,91,23,23
65354,126,110,16,16
65355,106,106,0,0
65356,59,63,-4,4
65357,81,78,3,3
65358,109,97,12,12
65359,121,124,-3,3
65360,70,70,0,0
65361,148,144,4,4
65362,94,85,9,9
65363,127,118,9,9
65364,117,117,0,0
65365,104,98,6,6
65366,46,49,-3,3
65367,106,108,-2,2
65368,94,81,13,13
65369,124,103,21,21
65370,62,69,-7,7
65371,62,82,-20,20
65372,74,83,-9,9
65373,53,58,-5,5
65374,40,39,1,1
65375,70,66,4,4
65376,60,69,-9,9
65377,45,43,2,2
65378,111,101,10,10
65379,37,53,-16,16
65380,88,97,-9,9
65381,51,101,-50,50
65382,66,74,-8,8
65383,76,62,14,14
65384,91,78,13,13
65385,121,120,1,1
65386,135,116,19,19
65387,87,91,-4,4
65388,99,104,-5,5
65389,106,103,3,3
65390,83,84,-1,1
65391,94,84,10,10
65392,76,70,6,6
65393,69,65,4,4
65394,100,109,-9,9
65395,118,113,5,5
65396,66,84,-18,18
65397,89,87,2,2
65398,104,115,-11,11
65399,110,94,16,16
65400,106,97,9,9
65401,118,113,5,5
65402,83,87,-4,4
65403,85,76,9,9
65404,73,81,-8,8
65405,72,66,6,6
65406,61,59,2,2
65407,59,59,0,0
65408,114,114,0,0
65409,68,77,-9,9
65410,179,173,6,6
65411,70,73,-3,3
65412,91,90,1,1
65413,114,100,14,14
65414,108,98,10,10
65415,79,75,4,4
65416,79,74,5,5
65417,125,120,5,5
65418,117,102,15,15
65419,68,74,-6,6
65420,79,73,6,6
65421,103,112,-9,9
65422,207,193,14,14
65423,63,68,-5,5
65424,117,114,3,3
65425,63,64,-1,1
65426,71,73,-2,2
65427,74,72,2,2
65428,55,50,5,5
65429,170,160,10,10
65430,69,66,3,3
65431,51,56,-5,5
65432,55,60,-5,5
65433,73,64,9,9
65434,89,103,-14,14
65435,173,153,20,20
65436,119,112,7,7
65437,85,106,-21,21
65438,94,93,1,1
65439,104,100,4,4
65440,96,92,4,4
65441,61,69,-8,8
65442,86,91,-5,5
65443,95,89,6,6
65444,161,150,11,11
65445,80,77,3,3
65446,112,105,7,7
65447,75,87,-12,12
65448,141,126,15,15
65449,161,158,3,3
65450,99,96,3,3
65451,94,83,11,11
65452,146,127,19,19
65453,72,63,9,9
65454,105,89,16,16
65455,69,62,7,7
65456,113,102,11,11
65457,132,118,14,14
65458,121,113,8,8
65459,91,97,-6,6
65460,70,60,10,10
65461,96,88,8,8
65462,155,144,11,11
65463,130,133,-3,3
65464,186,164,22,22
65465,96,95,1,1
65466,146,154,-8,8
65467,113,101,12,12
65468,86,89,-3,3
65469,104,104,0,0
65470,66,64,2,2
65471,96,86,10,10
65472,88,74,14,14
65473,111,106,5,5
65474,146,128,18,18
65475,86,83,3,3
65476,46,45,1,1
65477,72,69,3,3
65478,170,159,11,11
65479,35,36,-1,1
65480,90,88,2,2
65481,143,138,5,5
65482,157,144,13,13
65483,62,66,-4,4
65484,65,70,-5,5
65485,75,69,6,6
65486,89,83,6,6
65487,82,76,6,6
65488,80,81,-1,1
65489,56,56,0,0
65490,76,71,5,5
65491,113,107,6,6
65492,104,109,-5,5
65493,99,92,7,7
65494,62,58,4,4
65495,140,145,-5,5
65496,76,86,-10,10
65497,114,108,6,6
65498,108,112,-4,4
65499,81,74,7,7
65500,63,66,-3,3
65501,125,118,7,7
65502,70,60,10,10
65503,90,89,1,1
65504,37,41,-4,4
65505,92,119,-27,27
65506,96,101,-5,5
65507,85,86,-1,1
65508,106,105,1,1
65509,86,92,-6,6
65510,101,87,14,14
65511,101,98,3,3
65512,100,96,4,4
65513,105,95,10,10
65514,71,79,-8,8
65515,58,58,0,0
65516,179,158,21,21
65517,106,102,4,4
65518,89,77,12,12
65519,84,70,14,14
65520,113,116,-3,3
65521,129,115,14,14
65522,87,94,-7,7
65523,122,125,-3,3
65524,109,112,-3,3
65525,78,83,-5,5
65526,96,97,-1,1
65527,176,139,37,37
65528,114,108,6,6
65529,89,78,11,11
65530,115,102,13,13
65531,73,61,12,12
65532,68,68,0,0
65533,148,148,0,0
65534,70,71,-1,1
65535,108,95,13,13
65536,60,58,2,2
65537,98,85,13,13
65538,47,44,3,3
65539,84,89,-5,5
65540,60,52,8,8
65541,119,126,-7,7
65542,66,73,-7,7
65543,115,105,10,10
65544,172,146,26,26
65545,105,96,9,9
65546,83,73,10,10
65547,75,77,-2,2
65548,48,49,-1,1
65549,100,99,1,1
65550,59,64,-5,5
65551,67,67,0,0
65552,103,107,-4,4
65553,48,46,2,2
65554,108,120,-12,12
65555,77,75,2,2
65556,126,122,4,4
65557,82,110,-28,28
65558,38,47,-9,9
65559,99,90,9,9
65560,56,56,0,0
65561,131,102,29,29
65562,96,83,13,13
65563,83,92,-9,9
65564,120,113,7,7
65565,102,99,3,3
65566,93,96,-3,3
65567,127,120,7,7
65568,67,62,5,5
65569,98,91,7,7
65570,77,72,5,5
65571,84,73,11,11
65572,96,93,3,3
65573,118,108,10,10
65574,84,78,6,6
65575,70,75,-5,5
65576,100,102,-2,2
65577,118,109,9,9
65578,54,48,6,6
65579,170,165,5,5
65580,91,104,-13,13
65581,86,78,8,8
65582,82,86,-4,4
65583,123,115,8,8
65584,94,91,3,3
65585,86,68,18,18
65586,142,133,9,9
65587,132,121,11,11
65588,140,121,19,19
65589,177,150,27,27
65590,54,60,-6,6
65591,51,50,1,1
65592,130,115,15,15
65593,71,71,0,0
65594,61,65,-4,4
65595,93,95,-2,2
65596,93,96,-3,3
65597,83,62,21,21
65598,104,96,8,8
65599,93,95,-2,2
65600,88,84,4,4
65601,89,94,-5,5
65602,154,157,-3,3
65603,53,56,-3,3
65604,85,77,8,8
65605,89,92,-3,3
65606,107,107,0,0
65607,102,99,3,3
65608,88,94,-6,6
65609,35,37,-2,2
65610,118,107,11,11
65611,63,70,-7,7
65612,56,60,-4,4
65613,41,51,-10,10
65614,108,124,-16,16
65615,137,134,3,3
65616,70,56,14,14
65617,131,134,-3,3
65618,83,82,1,1
65619,87,81,6,6
65620,87,91,-4,4
65621,134,134,0,0
65622,108,95,13,13
65623,73,69,4,4
65624,110,103,7,7
65625,100,90,10,10
65626,57,65,-8,8
65627,101,99,2,2
65628,124,116,8,8
65629,100,98,2,2
65630,116,110,6,6
65631,124,105,19,19
65632,119,120,-1,1
65633,95,99,-4,4
65634,131,127,4,4
65635,46,56,-10,10
65636,119,106,13,13
65637,86,81,5,5
65638,148,140,8,8
65639,63,61,2,2
65640,84,78,6,6
65641,88,78,10,10
65642,125,112,13,13
65643,180,156,24,24
65644,92,93,-1,1
65645,73,72,1,1
65646,54,51,3,3
65647,125,125,0,0
65648,158,151,7,7
65649,115,110,5,5
65650,176,171,5,5
65651,71,83,-12,12
65652,109,109,0,0
65653,115,98,17,17
65654,135,127,8,8
65655,75,77,-2,2
65656,71,78,-7,7
65657,74,88,-14,14
65658,123,125,-2,2
65659,85,84,1,1
65660,124,126,-2,2
65661,51,49,2,2
65662,53,58,-5,5
65663,97,97,0,0
65664,92,90,2,2
65665,122,124,-2,2
65666,183,161,22,22
65667,94,104,-10,10
65668,151,139,12,12
65669,65,69,-4,4
65670,146,138,8,8
65671,68,78,-10,10
65672,186,187,-1,1
65673,121,111,10,10
65674,77,69,8,8
65675,99,114,-15,15
65676,102,104,-2,2
65677,80,87,-7,7
65678,123,121,2,2
65679,90,94,-4,4
65680,96,98,-2,2
65681,119,95,24,24
65682,136,133,3,3
65683,84,89,-5,5
65684,135,128,7,7
65685,84,96,-12,12
65686,56,50,6,6
65687,81,80,1,1
65688,69,65,4,4
65689,89,72,17,17
65690,105,100,5,5
65691,113,113,0,0
65692,79,73,6,6
65693,167,139,28,28
65694,85,73,12,12
65695,80,79,1,1
65696,72,72,0,0
65697,129,121,8,8
65698,155,128,27,27
65699,53,60,-7,7
65700,48,45,3,3
65701,45,42,3,3
65702,55,58,-3,3
65703,99,96,3,3
65704,91,89,2,2
65705,75,61,14,14
65706,84,87,-3,3
65707,38,43,-5,5
65708,41,61,-20,20
65709,86,87,-1,1
65710,76,58,18,18
65711,53,59,-6,6
65712,63,64,-1,1
65713,79,83,-4,4
65714,145,133,12,12
65715,97,94,3,3
65716,120,118,2,2
65717,74,71,3,3
65718,96,104,-8,8
65719,101,85,16,16
65720,94,100,-6,6
65721,92,81,11,11
65722,83,70,13,13
65723,122,106,16,16
65724,57,54,3,3
65725,56,71,-15,15
65726,123,121,2,2
65727,104,101,3,3
65728,147,115,32,32
65729,190,205,-15,15
65730,120,111,9,9
65731,173,161,12,12
65732,52,53,-1,1
65733,134,121,13,13
65734,110,110,0,0
65735,84,79,5,5
65736,92,92,0,0
65737,112,99,13,13
65738,60,59,1,1
65739,76,81,-5,5
65740,159,148,11,11
65741,61,70,-9,9
65742,141,133,8,8
65743,107,100,7,7
65744,103,91,12,12
65745,129,129,0,0
65746,61,52,9,9
65747,77,69,8,8
65748,84,87,-3,3
65749,78,78,0,0
65750,47,46,1,1
65751,140,128,12,12
65752,56,54,2,2
65753,154,145,9,9
65754,77,83,-6,6
65755,85,72,13,13
65756,104,109,-5,5
65757,70,96,-26,26
65758,71,71,0,0
65759,63,63,0,0
65760,84,78,6,6
65761,110,90,20,20
65762,88,86,2,2
65763,74,75,-1,1
65764,72,86,-14,14
65765,46,50,-4,4
65766,94,95,-1,1
65767,93,91,2,2
65768,63,59,4,4
65769,100,97,3,3
65770,71,70,1,1
65771,113,111,2,2
65772,88,81,7,7
65773,83,67,16,16
65774,76,79,-3,3
65775,83,77,6,6
65776,153,134,19,19
65777,134,135,-1,1
65778,91,89,2,2
65779,56,60,-4,4
65780,89,96,-7,7
65781,51,51,0,0
65782,121,135,-14,14
65783,107,108,-1,1
65784,97,141,-44,44
65785,79,79,0,0
65786,115,111,4,4
65787,60,62,-2,2
65788,105,95,10,10
65789,65,62,3,3
65790,57,58,-1,1
65791,169,143,26,26
65792,92,88,4,4
65793,104,115,-11,11
65794,68,63,5,5
65795,72,67,5,5
65796,92,89,3,3
65797,124,121,3,3
65798,85,89,-4,4
65799,123,118,5,5
65800,112,106,6,6
65801,138,142,-4,4
65802,205,180,25,25
65803,88,86,2,2
65804,82,80,2,2
65805,77,79,-2,2
65806,68,70,-2,2
65807,125,120,5,5
65808,87,96,-9,9
65809,112,113,-1,1
65810,66,74,-8,8
65811,132,119,13,13
65812,136,119,17,17
65813,232,202,30,30
65814,63,62,1,1
65815,77,81,-4,4
65816,121,113,8,8
65817,161,146,15,15
65818,200,156,44,44
65819,65,72,-7,7
65820,104,97,7,7
65821,129,115,14,14
65822,129,128,1,1
65823,123,111,12,12
65824,72,77,-5,5
65825,59,58,1,1
65826,94,104,-10,10
65827,102,114,-12,12
65828,74,80,-6,6
65829,64,64,0,0
65830,48,48,0,0
65831,80,81,-1,1
65832,112,97,15,15
65833,67,113,-46,46
65834,79,87,-8,8
65835,79,77,2,2
65836,51,50,1,1
65837,213,206,7,7
65838,116,105,11,11
65839,82,81,1,1
65840,88,84,4,4
65841,154,157,-3,3
65842,93,88,5,5
65843,115,104,11,11
65844,58,60,-2,2
65845,89,91,-2,2
65846,69,68,1,1
65847,124,112,12,12
65848,87,97,-10,10
65849,114,121,-7,7
65850,75,74,1,1
65851,46,58,-12,12
65852,54,57,-3,3
65853,63,61,2,2
65854,54,57,-3,3
65855,70,74,-4,4
65856,98,90,8,8
65857,74,73,1,1
65858,76,73,3,3
65859,80,74,6,6
65860,73,142,-69,69
65861,108,100,8,8
65862,100,96,4,4
65863,64,59,5,5
65864,101,103,-2,2
65865,75,75,0,0
65866,66,72,-6,6
65867,142,132,10,10
65868,47,50,-3,3
65869,71,53,18,18
65870,26,25,1,1
65871,53,55,-2,2
65872,133,130,3,3
65873,96,93,3,3
65874,91,103,-12,12
65875,83,75,8,8
65876,103,100,3,3
65877,89,86,3,3
65878,90,91,-1,1
65879,95,101,-6,6
65880,32,37,-5,5
65881,72,84,-12,12
65882,99,82,17,17
65883,115,119,-4,4
65884,86,96,-10,10
65885,93,111,-18,18
65886,129,119,10,10
65887,92,89,3,3
65888,114,111,3,3
65889,84,83,1,1
65890,93,88,5,5
65891,89,96,-7,7
65892,59,57,2,2
65893,63,65,-2,2
65894,59,67,-8,8
65895,115,111,4,4
65896,144,113,31,31
65897,76,81,-5,5
65898,112,114,-2,2
65899,118,129,-11,11
65900,80,80,0,0
65901,106,101,5,5
65902,92,89,3,3
65903,65,70,-5,5
65904,130,131,-1,1
65905,108,97,11,11
65906,44,51,-7,7
65907,101,89,12,12
65908,72,82,-10,10
65909,67,72,-5,5
65910,73,88,-15,15
65911,184,181,3,3
65912,83,81,2,2
65913,77,82,-5,5
65914,113,106,7,7
65915,46,44,2,2
65916,101,108,-7,7
65917,92,87,5,5
65918,122,105,17,17
65919,67,62,5,5
65920,134,118,16,16
65921,82,84,-2,2
65922,142,144,-2,2
65923,101,92,9,9
65924,119,119,0,0
65925,44,35,9,9
65926,105,102,3,3
65927,99,101,-2,2
65928,127,118,9,9
65929,76,73,3,3
65930,107,94,13,13
65931,104,117,-13,13
65932,104,96,8,8
65933,100,92,8,8
65934,106,97,9,9
65935,66,66,0,0
65936,154,129,25,25
65937,124,118,6,6
65938,118,116,2,2
65939,79,69,10,10
65940,76,75,1,1
65941,89,74,15,15
65942,67,73,-6,6
65943,104,108,-4,4
65944,108,93,15,15
65945,76,79,-3,3
65946,47,52,-5,5
65947,98,102,-4,4
65948,137,139,-2,2
65949,111,104,7,7
65950,62,53,9,9
65951,37,36,1,1
65952,69,60,9,9
65953,115,120,-5,5
65954,98,99,-1,1
65955,62,50,12,12
65956,94,86,8,8
65957,46,58,-12,12
65958,97,75,22,22
65959,108,87,21,21
65960,124,109,15,15
65961,74,85,-11,11
65962,113,109,4,4
65963,96,93,3,3
65964,135,124,11,11
65965,81,80,1,1
65966,101,96,5,5
65967,109,114,-5,5
65968,121,115,6,6
65969,62,57,5,5
65970,105,115,-10,10
65971,105,89,16,16
65972,96,72,24,24
65973,90,72,18,18
65974,81,82,-1,1
65975,137,126,11,11
65976,86,89,-3,3
65977,86,86,0,0
65978,105,105,0,0
65979,120,110,10,10
65980,70,64,6,6
65981,90,84,6,6
65982,90,85,5,5
65983,79,78,1,1
65984,62,62,0,0
65985,56,57,-1,1
65986,62,66,-4,4
65987,123,111,12,12
65988,108,101,7,7
65989,73,88,-15,15
65990,92,82,10,10
65991,97,98,-1,1
65992,94,83,11,11
65993,119,124,-5,5
65994,125,113,12,12
65995,252,235,17,17
65996,124,121,3,3
65997,76,86,-10,10
65998,120,117,3,3
65999,83,85,-2,2
66000,82,79,3,3
66001,93,96,-3,3
66002,56,59,-3,3
66003,78,89,-11,11
66004,121,147,-26,26
66005,100,84,16,16
66006,91,80,11,11
66007,66,56,10,10
66008,62,70,-8,8
66009,72,72,0,0
66010,77,77,0,0
66011,93,77,16,16
66012,176,155,21,21
66013,55,57,-2,2
66014,75,79,-4,4
66015,60,66,-6,6
66016,143,131,12,12
66017,117,120,-3,3
66018,36,59,-23,23
66019,45,41,4,4
66020,96,92,4,4
66021,81,88,-7,7
66022,106,97,9,9
66023,83,100,-17,17
66024,105,92,13,13
66025,80,87,-7,7
66026,43,43,0,0
66027,103,101,2,2
66028,134,114,20,20
66029,53,55,-2,2
66030,115,107,8,8
66031,157,134,23,23
66032,67,56,11,11
66033,104,126,-22,22
66034,148,131,17,17
66035,116,108,8,8
66036,100,99,1,1
66037,63,65,-2,2
66038,71,76,-5,5
66039,71,63,8,8
66040,67,73,-6,6
66041,105,112,-7,7
66042,102,96,6,6
66043,53,58,-5,5
66044,71,71,0,0
66045,115,103,12,12
66046,105,94,11,11
66047,62,83,-21,21
66048,119,116,3,3
66049,151,137,14,14
66050,55,70,-15,15
66051,76,78,-2,2
66052,37,34,3,3
66053,126,99,27,27
66054,116,104,12,12
66055,119,118,1,1
66056,86,78,8,8
66057,64,69,-5,5
66058,53,54,-1,1
66059,108,97,11,11
66060,118,110,8,8
66061,126,123,3,3
66062,71,76,-5,5
66063,99,103,-4,4
66064,49,48,1,1
66065,87,84,3,3
66066,75,71,4,4
66067,89,89,0,0
66068,94,87,7,7
66069,100,87,13,13
66070,80,64,16,16
66071,78,78,0,0
66072,65,68,-3,3
66073,104,95,9,9
66074,111,119,-8,8
66075,182,138,44,44
66076,69,69,0,0
66077,67,66,1,1
66078,99,106,-7,7
66079,82,80,2,2
66080,99,82,17,17
66081,66,60,6,6
66082,162,153,9,9
66083,142,124,18,18
66084,84,91,-7,7
66085,70,91,-21,21
66086,106,101,5,5
66087,57,55,2,2
66088,89,78,11,11
66089,119,111,8,8
66090,90,76,14,14
66091,59,67,-8,8
66092,80,75,5,5
66093,113,109,4,4
66094,47,50,-3,3
66095,72,76,-4,4
66096,178,195,-17,17
66097,76,84,-8,8
66098,96,98,-2,2
66099,83,83,0,0
66100,63,62,1,1
66101,144,140,4,4
66102,42,54,-12,12
66103,52,48,4,4
66104,125,109,16,16
66105,63,61,2,2
66106,69,58,11,11
66107,78,72,6,6
66108,63,85,-22,22
66109,80,85,-5,5
66110,101,96,5,5
66111,187,134,53,53
66112,163,149,14,14
66113,109,107,2,2
66114,101,114,-13,13
66115,86,80,6,6
66116,72,84,-12,12
66117,142,143,-1,1
66118,99,92,7,7
66119,64,63,1,1
66120,79,74,5,5
66121,85,74,11,11
66122,107,81,26,26
66123,97,94,3,3
66124,116,111,5,5
66125,67,66,1,1
66126,89,100,-11,11
66127,122,112,10,10
66128,140,150,-10,10
66129,62,59,3,3
66130,119,130,-11,11
66131,117,108,9,9
66132,104,111,-7,7
66133,47,48,-1,1
66134,73,73,0,0
66135,159,124,35,35
66136,101,102,-1,1
66137,77,63,14,14
66138,58,54,4,4
66139,78,79,-1,1
66140,97,89,8,8
66141,76,71,5,5
66142,88,86,2,2
66143,64,64,0,0
66144,81,85,-4,4
66145,69,64,5,5
66146,115,128,-13,13
66147,65,85,-20,20
66148,76,75,1,1
66149,58,62,-4,4
66150,33,41,-8,8
66151,133,120,13,13
66152,45,60,-15,15
66153,123,131,-8,8
66154,100,97,3,3
66155,82,81,1,1
66156,83,75,8,8
66157,117,109,8,8
66158,74,69,5,5
66159,103,93,10,10
66160,72,71,1,1
66161,142,124,18,18
66162,121,106,15,15
66163,82,80,2,2
66164,80,76,4,4
66165,100,98,2,2
66166,164,161,3,3
66167,95,90,5,5
66168,57,59,-2,2
66169,81,82,-1,1
66170,39,38,1,1
66171,123,117,6,6
66172,127,120,7,7
66173,82,79,3,3
66174,105,98,7,7
66175,72,69,3,3
66176,37,44,-7,7
66177,85,85,0,0
66178,152,127,25,25
66179,80,78,2,2
66180,55,58,-3,3
66181,76,85,-9,9
66182,21,37,-16,16
66183,220,199,21,21
66184,159,124,35,35
66185,90,92,-2,2
66186,148,148,0,0
66187,102,97,5,5
66188,83,71,12,12
66189,80,92,-12,12
66190,100,87,13,13
66191,111,100,11,11
66192,79,77,2,2
66193,82,77,5,5
66194,82,77,5,5
66195,197,188,9,9
66196,188,175,13,13
66197,177,181,-4,4
66198,76,75,1,1
66199,157,176,-19,19
66200,49,53,-4,4
66201,44,59,-15,15
66202,66,68,-2,2
66203,156,129,27,27
66204,111,115,-4,4
66205,69,85,-16,16
66206,188,186,2,2
66207,126,104,22,22
66208,73,76,-3,3
66209,111,102,9,9
66210,94,87,7,7
66211,57,69,-12,12
66212,132,127,5,5
66213,164,157,7,7
66214,55,59,-4,4
66215,139,128,11,11
66216,77,78,-1,1
66217,43,45,-2,2
66218,96,88,8,8
66219,88,79,9,9
66220,74,69,5,5
66221,81,79,2,2
66222,84,81,3,3
66223,100,105,-5,5
66224,108,102,6,6
66225,44,60,-16,16
66226,77,77,0,0
66227,79,77,2,2
66228,111,108,3,3
66229,86,81,5,5
66230,61,59,2,2
66231,85,76,9,9
66232,45,59,-14,14
66233,81,70,11,11
66234,159,147,12,12
66235,80,69,11,11
66236,94,84,10,10
66237,89,87,2,2
66238,96,90,6,6
66239,95,81,14,14
66240,127,116,11,11
66241,71,70,1,1
66242,68,64,4,4
66243,80,91,-11,11
66244,122,112,10,10
66245,136,124,12,12
66246,95,98,-3,3
66247,89,87,2,2
66248,88,88,0,0
66249,44,41,3,3
66250,121,108,13,13
66251,47,53,-6,6
66252,72,71,1,1
66253,72,68,4,4
66254,145,145,0,0
66255,77,76,1,1
66256,129,144,-15,15
66257,65,76,-11,11
66258,121,116,5,5
66259,92,88,4,4
66260,100,101,-1,1
66261,36,36,0,0
66262,122,112,10,10
66263,112,99,13,13
66264,76,64,12,12
66265,112,116,-4,4
66266,75,79,-4,4
66267,81,77,4,4
66268,102,86,16,16
66269,43,50,-7,7
66270,92,94,-2,2
66271,118,101,17,17
66272,73,63,10,10
66273,179,187,-8,8
66274,63,69,-6,6
66275,128,130,-2,2
66276,161,163,-2,2
66277,178,147,31,31
66278,90,95,-5,5
66279,74,72,2,2
66280,74,83,-9,9
66281,95,89,6,6
66282,98,96,2,2
66283,94,91,3,3
66284,115,117,-2,2
66285,131,137,-6,6
66286,99,80,19,19
66287,87,82,5,5
66288,74,78,-4,4
66289,56,57,-1,1
66290,58,55,3,3
66291,77,86,-9,9
66292,122,106,16,16
66293,70,69,1,1
66294,40,51,-11,11
66295,106,108,-2,2
66296,100,97,3,3
66297,73,80,-7,7
66298,72,65,7,7
66299,99,93,6,6
66300,135,124,11,11
66301,184,164,20,20
66302,50,73,-23,23
66303,77,75,2,2
66304,48,52,-4,4
66305,76,77,-1,1
66306,87,93,-6,6
66307,137,125,12,12
66308,110,118,-8,8
66309,84,85,-1,1
66310,74,81,-7,7
66311,83,68,15,15
66312,76,66,10,10
66313,107,124,-17,17
66314,78,75,3,3
66315,87,80,7,7
66316,64,61,3,3
66317,60,65,-5,5
66318,94,98,-4,4
66319,80,71,9,9
66320,50,51,-1,1
66321,54,54,0,0
66322,65,56,9,9
66323,101,112,-11,11
66324,89,85,4,4
66325,127,123,4,4
66326,59,62,-3,3
66327,90,99,-9,9
66328,77,79,-2,2
66329,100,99,1,1
66330,103,99,4,4
66331,33,57,-24,24
66332,61,51,10,10
66333,63,76,-13,13
66334,47,48,-1,1
66335,51,44,7,7
66336,141,140,1,1
66337,74,71,3,3
66338,74,71,3,3
66339,85,83,2,2
66340,149,131,18,18
66341,90,96,-6,6
66342,79,82,-3,3
66343,93,97,-4,4
66344,79,75,4,4
66345,146,139,7,7
66346,81,72,9,9
66347,83,99,-16,16
66348,196,193,3,3
66349,114,105,9,9
66350,102,96,6,6
66351,140,130,10,10
66352,46,44,2,2
66353,189,170,19,19
66354,102,92,10,10
66355,96,87,9,9
66356,73,91,-18,18
66357,131,134,-3,3
66358,143,130,13,13
66359,94,107,-13,13
66360,95,86,9,9
66361,131,123,8,8
66362,138,129,9,9
66363,55,54,1,1
66364,40,37,3,3
66365,97,97,0,0
66366,70,70,0,0
66367,95,89,6,6
66368,86,77,9,9
66369,107,98,9,9
66370,45,41,4,4
66371,107,106,1,1
66372,77,74,3,3
66373,75,79,-4,4
66374,85,87,-2,2
66375,81,85,-4,4
66376,100,102,-2,2
66377,65,69,-4,4
66378,57,56,1,1
66379,61,56,5,5
66380,79,85,-6,6
66381,104,110,-6,6
66382,106,107,-1,1
66383,55,50,5,5
66384,100,85,15,15
66385,89,88,1,1
66386,73,70,3,3
66387,77,86,-9,9
66388,59,56,3,3
66389,71,71,0,0
66390,52,66,-14,14
66391,58,59,-1,1
66392,72,67,5,5
66393,90,83,7,7
66394,57,57,0,0
66395,82,94,-12,12
66396,92,89,3,3
66397,88,75,13,13
66398,49,56,-7,7
66399,91,80,11,11
66400,171,149,22,22
66401,75,85,-10,10
66402,82,78,4,4
66403,74,63,11,11
66404,116,112,4,4
66405,95,79,16,16
66406,116,112,4,4
66407,74,108,-34,34
66408,100,101,-1,1
66409,81,94,-13,13
66410,141,156,-15,15
66411,113,114,-1,1
66412,100,87,13,13
66413,80,70,10,10
66414,96,86,10,10
66415,83,89,-6,6
66416,68,71,-3,3
66417,66,59,7,7
66418,73,70,3,3
66419,169,170,-1,1
66420,119,102,17,17
66421,82,97,-15,15
66422,85,80,5,5
66423,92,103,-11,11
66424,92,89,3,3
66425,164,167,-3,3
66426,131,128,3,3
66427,106,106,0,0
66428,72,65,7,7
66429,54,58,-4,4
66430,75,79,-4,4
66431,62,64,-2,2
66432,89,87,2,2
66433,63,64,-1,1
66434,87,79,8,8
66435,136,120,16,16
66436,79,75,4,4
66437,86,91,-5,5
66438,71,72,-1,1
66439,68,63,5,5
66440,127,118,9,9
66441,78,80,-2,2
66442,43,51,-8,8
66443,82,75,7,7
66444,61,62,-1,1
66445,91,98,-7,7
66446,78,69,9,9
66447,121,119,2,2
66448,83,83,0,0
66449,169,176,-7,7
66450,56,54,2,2
66451,78,65,13,13
66452,73,72,1,1
66453,66,77,-11,11
66454,67,65,2,2
66455,69,55,14,14
66456,96,89,7,7
66457,118,103,15,15
66458,67,70,-3,3
66459,58,68,-10,10
66460,77,62,15,15
66461,164,150,14,14
66462,57,62,-5,5
66463,98,90,8,8
66464,97,93,4,4
66465,58,59,-1,1
66466,107,108,-1,1
66467,70,76,-6,6
66468,121,114,7,7
66469,144,132,12,12
66470,157,146,11,11
66471,113,108,5,5
66472,66,62,4,4
66473,47,86,-39,39
66474,106,97,9,9
66475,77,81,-4,4
66476,180,194,-14,14
66477,55,49,6,6
66478,57,77,-20,20
66479,104,100,4,4
66480,120,114,6,6
66481,124,118,6,6
66482,157,168,-11,11
66483,185,196,-11,11
66484,63,61,2,2
66485,158,134,24,24
66486,161,168,-7,7
66487,61,61,0,0
66488,104,101,3,3
66489,65,70,-5,5
66490,174,168,6,6
66491,52,56,-4,4
66492,118,109,9,9
66493,89,79,10,10
66494,88,82,6,6
66495,88,90,-2,2
66496,62,68,-6,6
66497,67,61,6,6
66498,118,112,6,6
66499,113,115,-2,2
66500,99,102,-3,3
66501,68,67,1,1
66502,50,43,7,7
66503,123,113,10,10
66504,97,100,-3,3
66505,93,100,-7,7
66506,132,132,0,0
66507,70,71,-1,1
66508,65,66,-1,1
66509,80,95,-15,15
66510,79,68,11,11
66511,96,96,0,0
66512,69,83,-14,14
66513,142,137,5,5
66514,126,121,5,5
66515,88,109,-21,21
66516,57,54,3,3
66517,68,68,0,0
66518,97,107,-10,10
66519,128,130,-2,2
66520,129,126,3,3
66521,92,85,7,7
66522,146,130,16,16
66523,83,84,-1,1
66524,92,83,9,9
66525,207,174,33,33
66526,40,56,-16,16
66527,92,98,-6,6
66528,95,117,-22,22
66529,107,98,9,9
66530,51,56,-5,5
66531,210,195,15,15
66532,73,78,-5,5
66533,103,93,10,10
66534,120,120,0,0
66535,132,109,23,23
66536,112,101,11,11
66537,86,80,6,6
66538,195,196,-1,1
66539,69,76,-7,7
66540,91,87,4,4
66541,57,79,-22,22
66542,112,105,7,7
66543,72,89,-17,17
66544,90,83,7,7
66545,99,92,7,7
66546,46,41,5,5
66547,51,51,0,0
66548,107,102,5,5
66549,156,152,4,4
66550,61,63,-2,2
66551,88,80,8,8
66552,107,102,5,5
66553,121,107,14,14
66554,89,87,2,2
66555,99,103,-4,4
66556,87,90,-3,3
66557,46,48,-2,2
66558,152,156,-4,4
66559,67,74,-7,7
66560,164,161,3,3
66561,68,68,0,0
66562,94,85,9,9
66563,60,70,-10,10
66564,205,177,28,28
66565,92,86,6,6
66566,95,84,11,11
66567,67,62,5,5
66568,55,59,-4,4
66569,151,129,22,22
66570,160,144,16,16
66571,29,31,-2,2
66572,108,101,7,7
66573,112,118,-6,6
66574,109,139,-30,30
66575,86,90,-4,4
66576,75,73,2,2
66577,60,58,2,2
66578,64,69,-5,5
66579,64,85,-21,21
66580,110,109,1,1
66581,81,88,-7,7
66582,79,78,1,1
66583,124,105,19,19
66584,94,90,4,4
66585,73,89,-16,16
66586,111,101,10,10
66587,107,102,5,5
66588,71,67,4,4
66589,125,121,4,4
66590,123,104,19,19
66591,63,58,5,5
66592,98,96,2,2
66593,101,98,3,3
66594,129,125,4,4
66595,96,85,11,11
66596,58,56,2,2
66597,162,162,0,0
66598,48,41,7,7
66599,151,152,-1,1
66600,67,66,1,1
66601,122,112,10,10
66602,100,93,7,7
66603,135,141,-6,6
66604,213,174,39,39
66605,129,137,-8,8
66606,61,72,-11,11
66607,70,69,1,1
66608,88,93,-5,5
66609,75,73,2,2
66610,159,162,-3,3
66611,100,102,-2,2
66612,75,65,10,10
66613,120,144,-24,24
66614,70,75,-5,5
66615,129,120,9,9
66616,124,97,27,27
66617,105,96,9,9
66618,60,59,1,1
66619,76,70,6,6
66620,64,72,-8,8
66621,145,153,-8,8
66622,95,112,-17,17
66623,104,108,-4,4
66624,148,127,21,21
66625,126,122,4,4
66626,142,128,14,14
66627,67,66,1,1
66628,96,98,-2,2
66629,114,108,6,6
66630,47,61,-14,14
66631,125,131,-6,6
66632,66,65,1,1
66633,203,251,-48,48
66634,58,63,-5,5
66635,114,106,8,8
66636,100,115,-15,15
66637,92,100,-8,8
66638,114,115,-1,1
66639,67,71,-4,4
66640,56,51,5,5
66641,78,75,3,3
66642,62,56,6,6
66643,77,86,-9,9
66644,104,104,0,0
66645,37,40,-3,3
66646,94,90,4,4
66647,108,93,15,15
66648,42,44,-2,2
66649,106,96,10,10
66650,74,70,4,4
66651,116,90,26,26
66652,77,60,17,17
66653,123,119,4,4
66654,89,96,-7,7
66655,74,71,3,3
66656,118,113,5,5
66657,73,73,0,0
66658,69,84,-15,15
66659,79,76,3,3
66660,58,73,-15,15
66661,172,134,38,38
66662,118,107,11,11
66663,140,122,18,18
66664,124,126,-2,2
66665,111,104,7,7
66666,88,92,-4,4
66667,90,108,-18,18
66668,59,55,4,4
66669,139,147,-8,8
66670,125,134,-9,9
66671,64,63,1,1
66672,147,130,17,17
66673,50,56,-6,6
66674,81,79,2,2
66675,105,101,4,4
66676,63,74,-11,11
66677,87,85,2,2
66678,90,88,2,2
66679,47,48,-1,1
66680,134,116,18,18
66681,61,56,5,5
66682,73,87,-14,14
66683,73,65,8,8
66684,78,82,-4,4
66685,134,123,11,11
66686,51,44,7,7
66687,108,99,9,9
66688,96,89,7,7
66689,54,43,11,11
66690,122,122,0,0
66691,129,123,6,6
66692,86,73,13,13
66693,114,106,8,8
66694,70,73,-3,3
66695,79,81,-2,2
66696,56,59,-3,3
66697,66,57,9,9
66698,89,83,6,6
66699,106,99,7,7
66700,77,85,-8,8
66701,82,85,-3,3
66702,63,82,-19,19
66703,87,82,5,5
66704,119,123,-4,4
66705,146,143,3,3
66706,71,65,6,6
66707,70,73,-3,3
66708,82,84,-2,2
66709,72,74,-2,2
66710,91,94,-3,3
66711,57,75,-18,18
66712,68,62,6,6
66713,92,80,12,12
66714,71,75,-4,4
66715,100,90,10,10
66716,106,107,-1,1
66717,64,58,6,6
66718,58,62,-4,4
66719,74,75,-1,1
66720,104,113,-9,9
66721,133,113,20,20
66722,59,54,5,5
66723,77,68,9,9
66724,90,85,5,5
66725,116,84,32,32
66726,94,83,11,11
66727,102,100,2,2
66728,130,124,6,6
66729,115,114,1,1
66730,79,71,8,8
66731,151,132,19,19
66732,88,92,-4,4
66733,188,162,26,26
66734,91,87,4,4
66735,81,76,5,5
66736,74,71,3,3
66737,80,77,3,3
66738,125,118,7,7
66739,140,133,7,7
66740,60,67,-7,7
66741,45,52,-7,7
66742,65,68,-3,3
66743,120,117,3,3
66744,105,97,8,8
66745,136,136,0,0
66746,31,57,-26,26
66747,77,89,-12,12
66748,79,84,-5,5
66749,96,96,0,0
66750,40,64,-24,24
66751,54,56,-2,2
66752,94,83,11,11
66753,83,101,-18,18
66754,54,55,-1,1
66755,92,91,1,1
66756,146,127,19,19
66757,172,165,7,7
66758,62,62,0,0
66759,155,151,4,4
66760,111,89,22,22
66761,99,93,6,6
66762,126,106,20,20
66763,55,56,-1,1
66764,202,204,-2,2
66765,60,62,-2,2
66766,97,94,3,3
66767,111,106,5,5
66768,114,105,9,9
66769,81,78,3,3
66770,35,43,-8,8
66771,88,87,1,1
66772,62,61,1,1
66773,84,78,6,6
66774,96,90,6,6
66775,105,102,3,3
66776,67,70,-3,3
66777,68,76,-8,8
66778,75,69,6,6
66779,64,71,-7,7
66780,165,138,27,27
66781,92,121,-29,29
66782,136,113,23,23
66783,93,96,-3,3
66784,58,56,2,2
66785,72,82,-10,10
66786,87,82,5,5
66787,53,62,-9,9
66788,138,146,-8,8
66789,98,100,-2,2
66790,81,80,1,1
66791,82,83,-1,1
66792,140,125,15,15
66793,92,95,-3,3
66794,116,113,3,3
66795,169,157,12,12
66796,76,82,-6,6
66797,70,71,-1,1
66798,206,194,12,12
66799,118,107,11,11
66800,82,83,-1,1
66801,143,140,3,3
66802,113,101,12,12
66803,82,75,7,7
66804,72,72,0,0
66805,53,54,-1,1
66806,38,52,-14,14
66807,102,96,6,6
66808,98,101,-3,3
66809,60,71,-11,11
66810,133,123,10,10
66811,108,105,3,3
66812,103,97,6,6
66813,58,69,-11,11
66814,80,73,7,7
66815,72,81,-9,9
66816,103,92,11,11
66817,115,122,-7,7
66818,66,70,-4,4
66819,134,130,4,4
66820,129,118,11,11
66821,82,80,2,2
66822,92,88,4,4
66823,72,65,7,7
66824,156,151,5,5
66825,97,96,1,1
66826,80,78,2,2
66827,110,84,26,26
66828,112,103,9,9
66829,73,65,8,8
66830,93,94,-1,1
66831,84,96,-12,12
66832,69,64,5,5
66833,63,74,-11,11
66834,97,92,5,5
66835,51,68,-17,17
66836,117,111,6,6
66837,102,112,-10,10
66838,63,57,6,6
66839,90,103,-13,13
66840,75,80,-5,5
66841,31,77,-46,46
66842,118,117,1,1
66843,110,119,-9,9
66844,126,119,7,7
66845,132,133,-1,1
66846,94,85,9,9
66847,55,65,-10,10
66848,119,103,16,16
66849,47,47,0,0
66850,152,144,8,8
66851,38,50,-12,12
66852,96,107,-11,11
66853,79,63,16,16
66854,63,61,2,2
66855,120,112,8,8
66856,97,100,-3,3
66857,65,62,3,3
66858,108,103,5,5
66859,146,141,5,5
66860,99,100,-1,1
66861,50,48,2,2
66862,98,107,-9,9
66863,61,53,8,8
66864,67,67,0,0
66865,102,104,-2,2
66866,98,87,11,11
66867,127,106,21,21
66868,134,122,12,12
66869,107,97,10,10
66870,62,64,-2,2
66871,83,81,2,2
66872,41,38,3,3
66873,65,78,-13,13
66874,73,76,-3,3
66875,81,77,4,4
66876,85,78,7,7
66877,85,73,12,12
66878,117,109,8,8
66879,128,137,-9,9
66880,89,86,3,3
66881,42,38,4,4
66882,125,138,-13,13
66883,68,62,6,6
66884,72,77,-5,5
66885,96,98,-2,2
66886,134,119,15,15
66887,122,118,4,4
66888,87,89,-2,2
66889,54,59,-5,5
66890,79,79,0,0
66891,148,141,7,7
66892,66,67,-1,1
66893,142,136,6,6
66894,106,90,16,16
66895,48,45,3,3
66896,57,77,-20,20
66897,126,121,5,5
66898,51,57,-6,6
66899,109,114,-5,5
66900,106,108,-2,2
66901,102,98,4,4
66902,94,96,-2,2
66903,112,117,-5,5
66904,140,130,10,10
66905,117,118,-1,1
66906,112,105,7,7
66907,49,64,-15,15
66908,156,143,13,13
66909,89,84,5,5
66910,74,72,2,2
66911,67,69,-2,2
66912,70,80,-10,10
66913,93,95,-2,2
66914,93,93,0,0
66915,101,102,-1,1
66916,76,91,-15,15
66917,67,75,-8,8
66918,106,95,11,11
66919,72,75,-3,3
66920,65,58,7,7
66921,87,88,-1,1
66922,89,85,4,4
66923,257,358,-101,101
66924,175,182,-7,7
66925,69,67,2,2
66926,76,66,10,10
66927,65,59,6,6
66928,153,137,16,16
66929,68,65,3,3
66930,116,101,15,15
66931,114,125,-11,11
66932,76,78,-2,2
66933,65,70,-5,5
66934,104,93,11,11
66935,148,141,7,7
66936,43,49,-6,6
66937,90,90,0,0
66938,99,97,2,2
66939,128,129,-1,1
66940,110,105,5,5
66941,42,68,-26,26
66942,120,115,5,5
66943,135,115,20,20
66944,134,130,4,4
66945,116,116,0,0
66946,138,122,16,16
66947,125,100,25,25
66948,43,51,-8,8
66949,89,68,21,21
66950,126,110,16,16
66951,90,84,6,6
66952,77,75,2,2
66953,91,89,2,2
66954,120,101,19,19
66955,63,65,-2,2
66956,88,90,-2,2
66957,50,48,2,2
66958,110,101,9,9
66959,71,64,7,7
66960,81,80,1,1
66961,120,111,9,9
66962,94,89,5,5
66963,51,63,-12,12
66964,84,86,-2,2
66965,96,93,3,3
66966,179,159,20,20
66967,57,59,-2,2
66968,114,119,-5,5
66969,111,120,-9,9
66970,111,100,11,11
66971,101,90,11,11
66972,53,51,2,2
66973,97,95,2,2
66974,98,90,8,8
66975,50,54,-4,4
66976,82,78,4,4
66977,108,94,14,14
66978,59,61,-2,2
66979,69,73,-4,4
66980,68,66,2,2
66981,69,78,-9,9
66982,73,76,-3,3
66983,28,30,-2,2
66984,75,65,10,10
66985,68,65,3,3
66986,110,116,-6,6
66987,99,110,-11,11
66988,72,82,-10,10
66989,74,73,1,1
66990,70,71,-1,1
66991,109,96,13,13
66992,191,186,5,5
66993,54,56,-2,2
66994,119,112,7,7
66995,76,81,-5,5
66996,174,168,6,6
66997,87,81,6,6
66998,88,94,-6,6
66999,53,57,-4,4
67000,75,74,1,1
67001,68,65,3,3
67002,118,119,-1,1
67003,114,103,11,11
67004,101,99,2,2
67005,102,104,-2,2
67006,82,81,1,1
67007,100,99,1,1
67008,134,136,-2,2
67009,140,134,6,6
67010,109,114,-5,5
67011,124,118,6,6
67012,157,123,34,34
67013,67,56,11,11
67014,117,123,-6,6
67015,64,57,7,7
67016,89,100,-11,11
67017,52,47,5,5
67018,126,119,7,7
67019,99,98,1,1
67020,82,66,16,16
67021,96,75,21,21
67022,85,85,0,0
67023,68,76,-8,8
67024,132,123,9,9
67025,148,134,14,14
67026,56,56,0,0
67027,173,158,15,15
67028,115,101,14,14
67029,99,96,3,3
67030,115,125,-10,10
67031,71,72,-1,1
67032,141,138,3,3
67033,111,105,6,6
67034,53,57,-4,4
67035,279,245,34,34
67036,101,81,20,20
67037,93,87,6,6
67038,71,65,6,6
67039,163,161,2,2
67040,52,45,7,7
67041,109,103,6,6
67042,80,88,-8,8
67043,72,104,-32,32
67044,72,68,4,4
67045,87,84,3,3
67046,82,79,3,3
67047,74,73,1,1
67048,156,146,10,10
67049,133,124,9,9
67050,123,104,19,19
67051,63,56,7,7
67052,70,76,-6,6
67053,40,39,1,1
67054,76,95,-19,19
67055,201,209,-8,8
67056,76,79,-3,3
67057,109,105,4,4
67058,116,114,2,2
67059,45,42,3,3
67060,59,58,1,1
67061,104,90,14,14
67062,122,143,-21,21
67063,108,102,6,6
67064,59,69,-10,10
67065,111,125,-14,14
67066,47,47,0,0
67067,123,109,14,14
67068,127,121,6,6
67069,98,89,9,9
67070,90,89,1,1
67071,70,71,-1,1
67072,102,95,7,7
67073,101,97,4,4
67074,72,90,-18,18
67075,86,100,-14,14
67076,77,83,-6,6
67077,175,171,4,4
67078,85,86,-1,1
67079,109,100,9,9
67080,143,130,13,13
67081,79,83,-4,4
67082,81,95,-14,14
67083,110,99,11,11
67084,68,76,-8,8
67085,107,92,15,15
67086,115,110,5,5
67087,120,114,6,6
67088,67,63,4,4
67089,95,76,19,19
67090,116,111,5,5
67091,83,82,1,1
67092,97,83,14,14
67093,85,86,-1,1
67094,91,93,-2,2
67095,147,131,16,16
67096,60,74,-14,14
67097,104,96,8,8
67098,99,90,9,9
67099,142,114,28,28
67100,65,71,-6,6
67101,58,58,0,0
67102,81,84,-3,3
67103,85,87,-2,2
67104,158,149,9,9
67105,57,59,-2,2
67106,32,36,-4,4
67107,161,146,15,15
67108,139,122,17,17
67109,123,115,8,8
67110,141,135,6,6
67111,127,126,1,1
67112,65,72,-7,7
67113,177,168,9,9
67114,131,124,7,7
67115,140,129,11,11
67116,51,51,0,0
67117,85,90,-5,5
67118,75,77,-2,2
67119,103,97,6,6
67120,155,134,21,21
67121,85,82,3,3
67122,72,70,2,2
67123,80,62,18,18
67124,62,64,-2,2
67125,58,66,-8,8
67126,53,50,3,3
67127,76,87,-11,11
67128,117,115,2,2
67129,75,66,9,9
67130,138,126,12,12
67131,82,77,5,5
67132,79,78,1,1
67133,83,88,-5,5
67134,79,74,5,5
67135,141,130,11,11
67136,76,70,6,6
67137,165,148,17,17
67138,150,148,2,2
67139,65,63,2,2
67140,37,43,-6,6
67141,55,55,0,0
67142,227,235,-8,8
67143,82,85,-3,3
67144,70,77,-7,7
67145,57,54,3,3
67146,73,60,13,13
67147,78,72,6,6
67148,58,56,2,2
67149,87,82,5,5
67150,48,55,-7,7
67151,127,123,4,4
67152,65,58,7,7
67153,111,92,19,19
67154,74,71,3,3
67155,103,93,10,10
67156,91,84,7,7
67157,188,214,-26,26
67158,98,105,-7,7
67159,86,84,2,2
67160,68,60,8,8
67161,99,92,7,7
67162,68,71,-3,3
67163,87,81,6,6
67164,110,108,2,2
67165,53,60,-7,7
67166,75,74,1,1
67167,113,113,0,0
67168,103,124,-21,21
67169,48,57,-9,9
67170,180,167,13,13
67171,67,72,-5,5
67172,69,69,0,0
67173,114,122,-8,8
67174,82,74,8,8
67175,152,147,5,5
67176,108,106,2,2
67177,126,121,5,5
67178,126,120,6,6
67179,68,75,-7,7
67180,111,106,5,5
67181,127,111,16,16
67182,106,98,8,8
67183,93,96,-3,3
67184,134,128,6,6
67185,65,80,-15,15
67186,129,118,11,11
67187,84,83,1,1
67188,64,61,3,3
67189,147,123,24,24
67190,123,105,18,18
67191,102,94,8,8
67192,66,63,3,3
67193,56,65,-9,9
67194,99,103,-4,4
67195,92,93,-1,1
67196,96,86,10,10
67197,125,140,-15,15
67198,85,72,13,13
67199,100,94,6,6
67200,77,86,-9,9
67201,69,67,2,2
67202,95,94,1,1
67203,87,83,4,4
67204,112,105,7,7
67205,124,120,4,4
67206,99,86,13,13
67207,65,65,0,0
67208,119,102,17,17
67209,66,72,-6,6
67210,89,78,11,11
67211,139,123,16,16
67212,111,96,15,15
67213,81,92,-11,11
67214,100,93,7,7
67215,82,85,-3,3
67216,145,163,-18,18
67217,91,90,1,1
67218,187,166,21,21
67219,84,83,1,1
67220,45,52,-7,7
67221,116,109,7,7
67222,69,68,1,1
67223,80,83,-3,3
67224,44,40,4,4
67225,93,101,-8,8
67226,58,54,4,4
67227,74,76,-2,2
67228,74,70,4,4
67229,99,108,-9,9
67230,93,94,-1,1
67231,67,66,1,1
67232,108,100,8,8
67233,108,102,6,6
67234,116,101,15,15
67235,127,109,18,18
67236,98,91,7,7
67237,115,117,-2,2
67238,131,131,0,0
67239,185,185,0,0
67240,120,105,15,15
67241,75,84,-9,9
67242,165,122,43,43
67243,44,68,-24,24
67244,82,90,-8,8
67245,66,76,-10,10
67246,72,74,-2,2
67247,137,121,16,16
67248,66,76,-10,10
67249,79,91,-12,12
67250,48,56,-8,8
67251,76,67,9,9
67252,87,81,6,6
67253,90,91,-1,1
67254,67,71,-4,4
67255,139,134,5,5
67256,52,51,1,1
67257,97,87,10,10
67258,135,122,13,13
67259,60,53,7,7
67260,65,67,-2,2
67261,61,55,6,6
67262,175,166,9,9
67263,146,119,27,27
67264,64,69,-5,5
67265,122,119,3,3
67266,66,61,5,5
67267,62,59,3,3
67268,97,104,-7,7
67269,117,121,-4,4
67270,72,73,-1,1
67271,66,84,-18,18
67272,147,135,12,12
67273,139,123,16,16
67274,143,151,-8,8
67275,106,100,6,6
67276,81,87,-6,6
67277,85,69,16,16
67278,112,105,7,7
67279,74,81,-7,7
67280,157,158,-1,1
67281,76,72,4,4
67282,69,58,11,11
67283,133,128,5,5
67284,79,80,-1,1
67285,58,53,5,5
67286,111,109,2,2
67287,195,166,29,29
67288,129,106,23,23
67289,58,64,-6,6
67290,101,109,-8,8
67291,186,186,0,0
67292,76,72,4,4
67293,72,75,-3,3
67294,100,104,-4,4
67295,60,62,-2,2
67296,59,65,-6,6
67297,118,107,11,11
67298,195,184,11,11
67299,92,85,7,7
67300,245,261,-16,16
67301,102,103,-1,1
67302,84,90,-6,6
67303,95,90,5,5
67304,126,118,8,8
67305,101,89,12,12
67306,192,181,11,11
67307,118,111,7,7
67308,72,75,-3,3
67309,66,68,-2,2
67310,72,72,0,0
67311,75,73,2,2
67312,47,54,-7,7
67313,53,55,-2,2
67314,75,76,-1,1
67315,77,89,-12,12
67316,133,132,1,1
67317,66,63,3,3
67318,122,123,-1,1
67319,151,146,5,5
67320,95,109,-14,14
67321,70,77,-7,7
67322,66,71,-5,5
67323,101,98,3,3
67324,92,91,1,1
67325,94,84,10,10
67326,80,66,14,14
67327,86,82,4,4
67328,99,75,24,24
67329,167,145,22,22
67330,104,91,13,13
67331,92,84,8,8
67332,82,84,-2,2
67333,93,88,5,5
67334,57,56,1,1
67335,80,81,-1,1
67336,154,121,33,33
67337,92,84,8,8
67338,121,112,9,9
67339,90,99,-9,9
67340,94,91,3,3
67341,100,105,-5,5
67342,55,61,-6,6
67343,179,184,-5,5
67344,157,134,23,23
67345,58,61,-3,3
67346,94,109,-15,15
67347,85,79,6,6
67348,55,60,-5,5
67349,72,60,12,12
67350,114,118,-4,4
67351,99,94,5,5
67352,75,68,7,7
67353,45,48,-3,3
67354,58,62,-4,4
67355,110,100,10,10
67356,69,69,0,0
67357,68,64,4,4
67358,102,89,13,13
67359,77,86,-9,9
67360,85,79,6,6
67361,112,112,0,0
67362,40,41,-1,1
67363,73,75,-2,2
67364,76,78,-2,2
67365,65,64,1,1
67366,72,87,-15,15
67367,89,107,-18,18
67368,110,110,0,0
67369,91,86,5,5
67370,59,86,-27,27
67371,90,85,5,5
67372,84,82,2,2
67373,130,120,10,10
67374,63,55,8,8
67375,63,68,-5,5
67376,87,84,3,3
67377,106,107,-1,1
67378,145,131,14,14
67379,128,126,2,2
67380,81,81,0,0
67381,111,96,15,15
67382,76,78,-2,2
67383,53,59,-6,6
67384,82,79,3,3
67385,100,95,5,5
67386,74,102,-28,28
67387,105,105,0,0
67388,58,61,-3,3
67389,102,103,-1,1
67390,113,108,5,5
67391,99,101,-2,2
67392,113,107,6,6
67393,55,60,-5,5
67394,98,89,9,9
67395,108,112,-4,4
67396,54,52,2,2
67397,99,98,1,1
67398,78,81,-3,3
67399,68,58,10,10
67400,45,50,-5,5
67401,71,81,-10,10
67402,216,201,15,15
67403,103,97,6,6
67404,77,70,7,7
67405,64,68,-4,4
67406,108,112,-4,4
67407,106,86,20,20
67408,124,105,19,19
67409,71,72,-1,1
67410,91,79,12,12
67411,80,86,-6,6
67412,122,120,2,2
67413,105,102,3,3
67414,80,72,8,8
67415,142,110,32,32
67416,64,85,-21,21
67417,95,79,16,16
67418,112,123,-11,11
67419,83,78,5,5
67420,147,126,21,21
67421,47,54,-7,7
67422,80,82,-2,2
67423,104,110,-6,6
67424,71,77,-6,6
67425,67,65,2,2
67426,69,72,-3,3
67427,82,80,2,2
67428,85,78,7,7
67429,144,146,-2,2
67430,81,79,2,2
67431,141,138,3,3
67432,86,74,12,12
67433,176,168,8,8
67434,74,64,10,10
67435,91,87,4,4
67436,102,86,16,16
67437,74,77,-3,3
67438,97,89,8,8
67439,60,61,-1,1
67440,97,95,2,2
67441,119,104,15,15
67442,97,112,-15,15
67443,70,72,-2,2
67444,102,93,9,9
67445,61,66,-5,5
67446,86,80,6,6
67447,45,50,-5,5
67448,51,53,-2,2
67449,130,132,-2,2
67450,74,78,-4,4
67451,78,79,-1,1
67452,163,161,2,2
67453,52,68,-16,16
67454,99,95,4,4
67455,84,84,0,0
67456,109,103,6,6
67457,84,89,-5,5
67458,88,100,-12,12
67459,117,106,11,11
67460,186,167,19,19
67461,55,48,7,7
67462,65,77,-12,12
67463,119,133,-14,14
67464,71,71,0,0
67465,87,77,10,10
67466,51,60,-9,9
67467,46,48,-2,2
67468,61,71,-10,10
67469,103,88,15,15
67470,84,78,6,6
67471,56,62,-6,6
67472,73,72,1,1
67473,84,83,1,1
67474,127,113,14,14
67475,178,168,10,10
67476,71,78,-7,7
67477,107,103,4,4
67478,111,100,11,11
67479,69,73,-4,4
67480,94,91,3,3
67481,45,42,3,3
67482,94,99,-5,5
67483,120,118,2,2
67484,63,67,-4,4
67485,78,57,21,21
67486,40,48,-8,8
67487,114,99,15,15
67488,112,105,7,7
67489,152,130,22,22
67490,184,159,25,25
67491,84,86,-2,2
67492,122,102,20,20
67493,108,94,14,14
67494,64,70,-6,6
67495,114,109,5,5
67496,143,135,8,8
67497,97,89,8,8
67498,99,103,-4,4
67499,145,149,-4,4
67500,63,67,-4,4
67501,111,105,6,6
67502,68,71,-3,3
67503,108,118,-10,10
67504,94,82,12,12
67505,77,75,2,2
67506,49,58,-9,9
67507,82,75,7,7
67508,66,64,2,2
67509,74,75,-1,1
67510,142,149,-7,7
67511,82,82,0,0
67512,87,74,13,13
67513,78,90,-12,12
67514,58,59,-1,1
67515,108,101,7,7
67516,50,74,-24,24
67517,170,152,18,18
67518,74,74,0,0
67519,102,100,2,2
67520,95,90,5,5
67521,90,75,15,15
67522,118,111,7,7
67523,70,65,5,5
67524,111,105,6,6
67525,96,106,-10,10
67526,81,77,4,4
67527,110,103,7,7
67528,94,87,7,7
67529,99,102,-3,3
67530,107,106,1,1
67531,129,130,-1,1
67532,135,117,18,18
67533,123,119,4,4
67534,67,81,-14,14
67535,79,80,-1,1
67536,91,95,-4,4
67537,72,69,3,3
67538,150,163,-13,13
67539,117,122,-5,5
67540,60,62,-2,2
67541,102,100,2,2
67542,32,40,-8,8
67543,65,71,-6,6
67544,163,143,20,20
67545,99,111,-12,12
67546,76,77,-1,1
67547,146,128,18,18
67548,137,125,12,12
67549,131,126,5,5
67550,152,136,16,16
67551,93,105,-12,12
67552,78,82,-4,4
67553,83,79,4,4
67554,109,102,7,7
67555,134,136,-2,2
67556,56,71,-15,15
67557,82,70,12,12
67558,50,35,15,15
67559,104,98,6,6
67560,78,80,-2,2
67561,60,66,-6,6
67562,137,123,14,14
67563,64,59,5,5
67564,144,143,1,1
67565,49,48,1,1
67566,104,98,6,6
67567,66,64,2,2
67568,71,72,-1,1
67569,128,114,14,14
67570,84,94,-10,10
67571,141,144,-3,3
67572,97,87,10,10
67573,52,44,8,8
67574,74,71,3,3
67575,98,107,-9,9
67576,71,66,5,5
67577,56,64,-8,8
67578,71,76,-5,5
67579,123,114,9,9
67580,146,124,22,22
67581,77,80,-3,3
67582,68,71,-3,3
67583,110,91,19,19
67584,85,80,5,5
67585,162,116,46,46
67586,105,96,9,9
67587,68,68,0,0
67588,100,89,11,11
67589,103,107,-4,4
67590,121,115,6,6
67591,96,85,11,11
67592,199,190,9,9
67593,83,85,-2,2
67594,91,85,6,6
67595,61,63,-2,2
67596,103,111,-8,8
67597,95,92,3,3
67598,68,69,-1,1
67599,94,86,8,8
67600,54,50,4,4
67601,160,117,43,43
67602,123,107,16,16
67603,154,132,22,22
67604,48,58,-10,10
67605,66,73,-7,7
67606,81,78,3,3
67607,56,60,-4,4
67608,160,130,30,30
67609,121,131,-10,10
67610,103,97,6,6
67611,126,118,8,8
67612,82,79,3,3
67613,63,76,-13,13
67614,88,86,2,2
67615,111,112,-1,1
67616,139,129,10,10
67617,103,106,-3,3
67618,74,81,-7,7
67619,133,129,4,4
67620,49,56,-7,7
67621,93,89,4,4
67622,86,83,3,3
67623,77,71,6,6
67624,56,70,-14,14
67625,66,69,-3,3
67626,132,121,11,11
67627,149,128,21,21
67628,39,39,0,0
67629,117,117,0,0
67630,98,93,5,5
67631,59,53,6,6
67632,146,139,7,7
67633,106,94,12,12
67634,63,68,-5,5
67635,90,88,2,2
67636,73,76,-3,3
67637,80,74,6,6
67638,89,79,10,10
67639,88,80,8,8
67640,51,54,-3,3
67641,85,86,-1,1
67642,106,119,-13,13
67643,136,128,8,8
67644,46,46,0,0
67645,107,108,-1,1
67646,154,159,-5,5
67647,109,103,6,6
67648,79,76,3,3
67649,94,79,15,15
67650,64,67,-3,3
67651,63,58,5,5
67652,62,58,4,4
67653,58,63,-5,5
67654,48,48,0,0
67655,67,68,-1,1
67656,74,71,3,3
67657,94,83,11,11
67658,75,71,4,4
67659,158,139,19,19
67660,134,124,10,10
67661,189,175,14,14
67662,62,70,-8,8
67663,73,77,-4,4
67664,89,98,-9,9
67665,42,53,-11,11
67666,129,118,11,11
67667,65,69,-4,4
67668,49,43,6,6
67669,163,147,16,16
67670,93,87,6,6
67671,185,169,16,16
67672,91,86,5,5
67673,43,49,-6,6
67674,163,166,-3,3
67675,65,70,-5,5
67676,49,44,5,5
67677,62,62,0,0
67678,123,127,-4,4
67679,78,83,-5,5
67680,144,133,11,11
67681,75,95,-20,20
67682,83,82,1,1
67683,122,94,28,28
67684,92,87,5,5
67685,101,99,2,2
67686,75,84,-9,9
67687,130,124,6,6
67688,160,172,-12,12
67689,58,60,-2,2
67690,154,143,11,11
67691,101,94,7,7
67692,54,70,-16,16
67693,177,187,-10,10
67694,198,174,24,24
67695,98,111,-13,13
67696,87,97,-10,10
67697,116,118,-2,2
67698,63,61,2,2
67699,95,89,6,6
67700,57,57,0,0
67701,64,56,8,8
67702,69,64,5,5
67703,79,80,-1,1
67704,89,94,-5,5
67705,53,55,-2,2
67706,94,93,1,1
67707,85,91,-6,6
67708,85,90,-5,5
67709,80,89,-9,9
67710,80,97,-17,17
67711,95,89,6,6
67712,95,87,8,8
67713,72,75,-3,3
67714,59,60,-1,1
67715,122,112,10,10
67716,76,74,2,2
67717,103,92,11,11
67718,80,83,-3,3
67719,84,87,-3,3
67720,108,106,2,2
67721,94,91,3,3
67722,128,121,7,7
67723,121,116,5,5
67724,156,121,35,35
67725,120,114,6,6
67726,97,93,4,4
67727,87,90,-3,3
67728,116,108,8,8
67729,48,49,-1,1
67730,139,144,-5,5
67731,93,83,10,10
67732,184,203,-19,19
67733,62,58,4,4
67734,116,123,-7,7
67735,114,103,11,11
67736,104,94,10,10
67737,94,93,1,1
67738,169,160,9,9
67739,89,90,-1,1
67740,91,95,-4,4
67741,97,105,-8,8
67742,111,107,4,4
67743,69,63,6,6
67744,120,115,5,5
67745,105,118,-13,13
67746,99,98,1,1
67747,37,66,-29,29
67748,105,92,13,13
67749,69,70,-1,1
67750,67,64,3,3
67751,31,42,-11,11
67752,60,64,-4,4
67753,90,99,-9,9
67754,74,68,6,6
67755,123,115,8,8
67756,97,95,2,2
67757,55,47,8,8
67758,127,111,16,16
67759,122,114,8,8
67760,103,105,-2,2
67761,141,138,3,3
67762,67,62,5,5
67763,113,116,-3,3
67764,135,130,5,5
67765,203,190,13,13
67766,88,87,1,1
67767,94,95,-1,1
67768,103,101,2,2
67769,86,82,4,4
67770,143,134,9,9
67771,52,45,7,7
67772,75,78,-3,3
67773,114,118,-4,4
67774,92,80,12,12
67775,113,111,2,2
67776,123,121,2,2
67777,68,78,-10,10
67778,86,92,-6,6
67779,27,43,-16,16
67780,126,122,4,4
67781,89,79,10,10
67782,113,110,3,3
67783,106,96,10,10
67784,90,77,13,13
67785,82,65,17,17
67786,88,95,-7,7
67787,97,98,-1,1
67788,141,128,13,13
67789,123,104,19,19
67790,188,208,-20,20
67791,108,108,0,0
67792,73,73,0,0
67793,104,104,0,0
67794,87,86,1,1
67795,78,81,-3,3
67796,75,70,5,5
67797,153,135,18,18
67798,74,65,9,9
67799,129,115,14,14
67800,117,101,16,16
67801,82,91,-9,9
67802,103,96,7,7
67803,93,80,13,13
67804,89,84,5,5
67805,44,55,-11,11
67806,76,79,-3,3
67807,79,88,-9,9
67808,87,82,5,5
67809,38,36,2,2
67810,120,118,2,2
67811,88,90,-2,2
67812,155,133,22,22
67813,120,101,19,19
67814,89,79,10,10
67815,100,92,8,8
67816,66,58,8,8
67817,85,88,-3,3
67818,90,82,8,8
67819,126,127,-1,1
67820,153,130,23,23
67821,83,78,5,5
67822,113,102,11,11
67823,88,86,2,2
67824,152,156,-4,4
67825,104,98,6,6
67826,75,73,2,2
67827,48,41,7,7
67828,127,117,10,10
67829,79,71,8,8
67830,117,123,-6,6
67831,63,66,-3,3
67832,113,119,-6,6
67833,143,155,-12,12
67834,110,105,5,5
67835,75,83,-8,8
67836,48,60,-12,12
67837,64,81,-17,17
67838,99,95,4,4
67839,91,78,13,13
67840,111,102,9,9
67841,89,83,6,6
67842,141,134,7,7
67843,101,89,12,12
67844,74,72,2,2
67845,124,107,17,17
67846,115,120,-5,5
67847,94,98,-4,4
67848,110,112,-2,2
67849,70,71,-1,1
67850,89,91,-2,2
67851,53,59,-6,6
67852,85,94,-9,9
67853,166,150,16,16
67854,77,71,6,6
67855,76,69,7,7
67856,137,139,-2,2
67857,79,93,-14,14
67858,144,114,30,30
67859,57,43,14,14
67860,102,107,-5,5
67861,77,77,0,0
67862,105,106,-1,1
67863,99,94,5,5
67864,40,38,2,2
67865,96,95,1,1
67866,99,96,3,3
67867,69,69,0,0
67868,111,101,10,10
67869,119,126,-7,7
67870,152,149,3,3
67871,138,128,10,10
67872,146,152,-6,6
67873,79,97,-18,18
67874,113,109,4,4
67875,65,76,-11,11
67876,135,119,16,16
67877,58,39,19,19
67878,68,78,-10,10
67879,103,92,11,11
67880,110,118,-8,8
67881,57,59,-2,2
67882,191,160,31,31
67883,87,77,10,10
67884,130,105,25,25
67885,94,90,4,4
67886,101,100,1,1
67887,52,48,4,4
67888,134,135,-1,1
67889,75,69,6,6
67890,91,96,-5,5
67891,109,104,5,5
67892,96,86,10,10
67893,55,57,-2,2
67894,114,105,9,9
67895,159,126,33,33
67896,74,66,8,8
67897,89,103,-14,14
67898,45,56,-11,11
67899,50,65,-15,15
67900,78,78,0,0
67901,136,136,0,0
67902,81,74,7,7
67903,104,91,13,13
67904,42,38,4,4
67905,45,48,-3,3
67906,91,89,2,2
67907,81,78,3,3
67908,73,81,-8,8
67909,163,153,10,10
67910,62,60,2,2
67911,62,82,-20,20
67912,117,102,15,15
67913,91,96,-5,5
67914,81,94,-13,13
67915,183,155,28,28
67916,115,111,4,4
67917,45,42,3,3
67918,67,69,-2,2
67919,73,65,8,8
67920,115,112,3,3
67921,143,130,13,13
67922,122,113,9,9
67923,158,134,24,24
67924,132,125,7,7
67925,56,52,4,4
67926,138,135,3,3
67927,128,116,12,12
67928,170,150,20,20
67929,101,88,13,13
67930,147,150,-3,3
67931,116,115,1,1
67932,97,109,-12,12
67933,116,120,-4,4
67934,73,67,6,6
67935,58,54,4,4
67936,99,85,14,14
67937,148,150,-2,2
67938,56,59,-3,3
67939,144,147,-3,3
67940,73,72,1,1
67941,124,134,-10,10
67942,58,84,-26,26
67943,72,73,-1,1
67944,57,42,15,15
67945,77,62,15,15
67946,93,89,4,4
67947,136,123,13,13
67948,56,56,0,0
67949,106,92,14,14
67950,68,69,-1,1
67951,107,101,6,6
67952,137,131,6,6
67953,51,49,2,2
67954,161,158,3,3
67955,75,77,-2,2
67956,207,199,8,8
67957,134,138,-4,4
67958,139,142,-3,3
67959,85,83,2,2
67960,64,65,-1,1
67961,57,63,-6,6
67962,87,83,4,4
67963,143,133,10,10
67964,89,92,-3,3
67965,78,72,6,6
67966,73,89,-16,16
67967,188,204,-16,16
67968,115,101,14,14
67969,119,98,21,21
67970,74,80,-6,6
67971,96,97,-1,1
67972,64,62,2,2
67973,117,115,2,2
67974,127,131,-4,4
67975,70,79,-9,9
67976,97,103,-6,6
67977,163,156,7,7
67978,143,130,13,13
67979,69,76,-7,7
67980,98,103,-5,5
67981,87,85,2,2
67982,100,97,3,3
67983,111,120,-9,9
67984,129,134,-5,5
67985,94,80,14,14
67986,124,128,-4,4
67987,70,84,-14,14
67988,64,62,2,2
67989,131,120,11,11
67990,81,77,4,4
67991,121,109,12,12
67992,139,133,6,6
67993,49,54,-5,5
67994,54,60,-6,6
67995,109,110,-1,1
67996,71,80,-9,9
67997,124,107,17,17
67998,110,91,19,19
67999,103,110,-7,7
68000,104,108,-4,4
68001,95,102,-7,7
68002,85,71,14,14
68003,83,75,8,8
68004,111,113,-2,2
68005,68,52,16,16
68006,76,74,2,2
68007,47,52,-5,5
68008,143,116,27,27
68009,64,70,-6,6
68010,102,99,3,3
68011,77,79,-2,2
68012,52,62,-10,10
68013,52,54,-2,2
68014,75,79,-4,4
68015,83,79,4,4
68016,70,66,4,4
68017,44,49,-5,5
68018,41,49,-8,8
68019,77,72,5,5
68020,53,57,-4,4
68021,132,135,-3,3
68022,112,104,8,8
68023,81,78,3,3
68024,85,80,5,5
68025,90,75,15,15
68026,51,45,6,6
68027,55,72,-17,17
68028,45,66,-21,21
68029,52,54,-2,2
68030,98,99,-1,1
68031,72,71,1,1
68032,239,228,11,11
68033,123,103,20,20
68034,164,154,10,10
68035,75,72,3,3
68036,145,143,2,2
68037,63,69,-6,6
68038,63,99,-36,36
68039,100,107,-7,7
68040,110,107,3,3
68041,76,87,-11,11
68042,94,100,-6,6
68043,109,94,15,15
68044,59,60,-1,1
68045,140,146,-6,6
68046,83,66,17,17
68047,136,120,16,16
68048,50,52,-2,2
68049,85,81,4,4
68050,113,94,19,19
68051,49,50,-1,1
68052,98,88,10,10
68053,80,64,16,16
68054,95,98,-3,3
68055,129,131,-2,2
68056,89,86,3,3
68057,115,102,13,13
68058,73,84,-11,11
68059,75,77,-2,2
68060,168,146,22,22
68061,52,53,-1,1
68062,76,72,4,4
68063,104,99,5,5
68064,124,106,18,18
68065,113,111,2,2
68066,80,80,0,0
68067,79,96,-17,17
68068,89,90,-1,1
68069,90,87,3,3
68070,46,47,-1,1
68071,80,80,0,0
68072,108,107,1,1
68073,46,48,-2,2
68074,106,99,7,7
68075,139,131,8,8
68076,99,104,-5,5
68077,50,49,1,1
68078,65,62,3,3
68079,69,71,-2,2
68080,125,114,11,11
68081,97,94,3,3
68082,84,85,-1,1
68083,114,112,2,2
68084,39,37,2,2
68085,106,96,10,10
68086,88,84,4,4
68087,80,86,-6,6
68088,178,160,18,18
68089,104,113,-9,9
68090,76,73,3,3
68091,108,93,15,15
68092,82,96,-14,14
68093,44,42,2,2
68094,67,61,6,6
68095,69,80,-11,11
68096,69,55,14,14
68097,112,105,7,7
68098,151,128,23,23
68099,47,51,-4,4
68100,70,68,2,2
68101,86,91,-5,5
68102,95,95,0,0
68103,68,70,-2,2
68104,44,57,-13,13
68105,70,74,-4,4
68106,132,120,12,12
68107,66,74,-8,8
68108,104,97,7,7
68109,155,152,3,3
68110,136,131,5,5
68111,74,66,8,8
68112,109,102,7,7
68113,88,90,-2,2
68114,156,168,-12,12
68115,153,152,1,1
68116,83,66,17,17
68117,88,77,11,11
68118,167,175,-8,8
68119,44,51,-7,7
68120,124,110,14,14
68121,71,66,5,5
68122,131,118,13,13
68123,94,72,22,22
68124,64,71,-7,7
68125,81,82,-1,1
68126,69,66,3,3
68127,52,50,2,2
68128,84,85,-1,1
68129,59,67,-8,8
68130,117,118,-1,1
68131,115,102,13,13
68132,86,79,7,7
68133,111,101,10,10
68134,69,83,-14,14
68135,119,106,13,13
68136,73,77,-4,4
68137,81,77,4,4
68138,79,101,-22,22
68139,89,95,-6,6
68140,51,49,2,2
68141,63,65,-2,2
68142,87,86,1,1
68143,116,112,4,4
68144,115,118,-3,3
68145,111,104,7,7
68146,38,38,0,0
68147,130,126,4,4
68148,100,90,10,10
68149,60,53,7,7
68150,91,79,12,12
68151,67,64,3,3
68152,73,54,19,19
68153,152,147,5,5
68154,199,189,10,10
68155,156,154,2,2
68156,61,65,-4,4
68157,109,85,24,24
68158,69,80,-11,11
68159,87,85,2,2
68160,65,67,-2,2
68161,83,79,4,4
68162,94,90,4,4
68163,104,85,19,19
68164,72,76,-4,4
68165,74,86,-12,12
68166,93,82,11,11
68167,88,85,3,3
68168,88,84,4,4
68169,75,82,-7,7
68170,102,100,2,2
68171,72,77,-5,5
68172,95,82,13,13
68173,98,96,2,2
68174,86,95,-9,9
68175,91,108,-17,17
68176,67,72,-5,5
68177,73,70,3,3
68178,129,128,1,1
68179,64,65,-1,1
68180,94,90,4,4
68181,123,108,15,15
68182,89,91,-2,2
68183,45,55,-10,10
68184,95,102,-7,7
68185,77,78,-1,1
68186,61,65,-4,4
68187,151,159,-8,8
68188,53,50,3,3
68189,109,100,9,9
68190,84,88,-4,4
68191,86,83,3,3
68192,105,98,7,7
68193,107,112,-5,5
68194,97,101,-4,4
68195,41,38,3,3
68196,69,74,-5,5
68197,111,71,40,40
68198,40,41,-1,1
68199,140,133,7,7
68200,65,74,-9,9
68201,149,132,17,17
68202,46,48,-2,2
68203,103,97,6,6
68204,80,79,1,1
68205,41,42,-1,1
68206,97,124,-27,27
68207,65,64,1,1
68208,124,137,-13,13
68209,65,68,-3,3
68210,85,83,2,2
68211,151,143,8,8
68212,75,63,12,12
68213,92,99,-7,7
68214,96,94,2,2
68215,120,109,11,11
68216,71,68,3,3
68217,77,76,1,1
68218,84,92,-8,8
68219,100,105,-5,5
68220,105,114,-9,9
68221,123,110,13,13
68222,53,55,-2,2
68223,178,174,4,4
68224,99,95,4,4
68225,64,64,0,0
68226,78,80,-2,2
68227,108,103,5,5
68228,77,74,3,3
68229,157,144,13,13
68230,72,76,-4,4
68231,68,76,-8,8
68232,87,74,13,13
68233,70,77,-7,7
68234,52,55,-3,3
68235,85,71,14,14
68236,100,103,-3,3
68237,71,77,-6,6
68238,109,116,-7,7
68239,154,180,-26,26
68240,96,82,14,14
68241,78,91,-13,13
68242,82,92,-10,10
68243,114,109,5,5
68244,103,99,4,4
68245,118,121,-3,3
68246,87,87,0,0
68247,121,125,-4,4
68248,94,95,-1,1
68249,62,58,4,4
68250,89,85,4,4
68251,105,93,12,12
68252,85,81,4,4
68253,79,86,-7,7
68254,86,88,-2,2
68255,100,95,5,5
68256,104,101,3,3
68257,83,75,8,8
68258,90,83,7,7
68259,112,129,-17,17
68260,69,76,-7,7
68261,121,102,19,19
68262,84,87,-3,3
68263,87,80,7,7
68264,92,93,-1,1
68265,147,152,-5,5
68266,86,83,3,3
68267,89,77,12,12
68268,52,72,-20,20
68269,110,108,2,2
68270,145,135,10,10
68271,87,84,3,3
68272,107,78,29,29
68273,145,114,31,31
68274,55,55,0,0
68275,51,60,-9,9
68276,95,94,1,1
68277,101,98,3,3
68278,72,69,3,3
68279,90,86,4,4
68280,91,76,15,15
68281,94,96,-2,2
68282,60,69,-9,9
68283,59,61,-2,2
68284,96,89,7,7
68285,55,56,-1,1
68286,101,87,14,14
68287,95,97,-2,2
68288,113,107,6,6
68289,77,69,8,8
68290,114,115,-1,1
68291,101,105,-4,4
68292,100,103,-3,3
68293,64,66,-2,2
68294,100,85,15,15
68295,158,134,24,24
68296,81,82,-1,1
68297,62,69,-7,7
68298,136,128,8,8
68299,156,144,12,12
68300,160,130,30,30
68301,128,125,3,3
68302,49,53,-4,4
68303,135,123,12,12
68304,81,89,-8,8
68305,85,83,2,2
68306,74,68,6,6
68307,141,128,13,13
68308,98,95,3,3
68309,140,129,11,11
68310,102,94,8,8
68311,91,93,-2,2
68312,68,64,4,4
68313,117,104,13,13
68314,57,49,8,8
68315,70,75,-5,5
68316,203,160,43,43
68317,96,113,-17,17
68318,128,111,17,17
68319,81,75,6,6
68320,81,95,-14,14
68321,66,65,1,1
68322,128,120,8,8
68323,150,141,9,9
68324,79,83,-4,4
68325,68,70,-2,2
68326,57,51,6,6
68327,63,77,-14,14
68328,110,107,3,3
68329,84,91,-7,7
68330,84,73,11,11
68331,59,63,-4,4
68332,101,86,15,15
68333,73,80,-7,7
68334,82,82,0,0
68335,163,154,9,9
68336,113,105,8,8
68337,95,72,23,23
68338,73,74,-1,1
68339,83,77,6,6
68340,114,113,1,1
68341,136,122,14,14
68342,86,81,5,5
68343,81,86,-5,5
68344,108,109,-1,1
68345,149,156,-7,7
68346,101,93,8,8
68347,78,75,3,3
68348,126,115,11,11
68349,122,125,-3,3
68350,112,100,12,12
68351,67,59,8,8
68352,62,61,1,1
68353,112,97,15,15
68354,171,159,12,12
68355,65,62,3,3
68356,97,89,8,8
68357,43,44,-1,1
68358,71,60,11,11
68359,71,67,4,4
68360,55,49,6,6
68361,72,87,-15,15
68362,85,79,6,6
68363,190,168,22,22
68364,97,89,8,8
68365,100,95,5,5
68366,75,72,3,3
68367,130,113,17,17
68368,60,59,1,1
68369,105,102,3,3
68370,85,72,13,13
68371,89,94,-5,5
68372,93,91,2,2
68373,39,59,-20,20
68374,74,65,9,9
68375,148,152,-4,4
68376,136,121,15,15
68377,61,70,-9,9
68378,181,165,16,16
68379,99,89,10,10
68380,165,164,1,1
68381,97,88,9,9
68382,116,100,16,16
68383,105,108,-3,3
68384,50,46,4,4
68385,71,86,-15,15
68386,115,107,8,8
68387,61,56,5,5
68388,101,99,2,2
68389,80,77,3,3
68390,100,102,-2,2
68391,79,85,-6,6
68392,121,112,9,9
68393,85,85,0,0
68394,87,88,-1,1
68395,61,71,-10,10
68396,125,127,-2,2
68397,85,89,-4,4
68398,87,89,-2,2
68399,64,72,-8,8
68400,66,73,-7,7
68401,85,82,3,3
68402,159,141,18,18
68403,132,131,1,1
68404,96,86,10,10
68405,100,104,-4,4
68406,76,80,-4,4
68407,117,116,1,1
68408,101,107,-6,6
68409,86,78,8,8
68410,117,108,9,9
68411,96,87,9,9
68412,55,55,0,0
68413,145,127,18,18
68414,68,75,-7,7
68415,71,67,4,4
68416,129,121,8,8
68417,121,124,-3,3
68418,92,79,13,13
68419,57,59,-2,2
68420,50,49,1,1
68421,56,60,-4,4
68422,52,54,-2,2
68423,61,58,3,3
68424,164,139,25,25
68425,119,113,6,6
68426,85,77,8,8
68427,83,80,3,3
68428,149,130,19,19
68429,103,88,15,15
68430,61,48,13,13
68431,142,137,5,5
68432,80,86,-6,6
68433,49,52,-3,3
68434,109,86,23,23
68435,101,101,0,0
68436,77,81,-4,4
68437,160,181,-21,21
68438,108,110,-2,2
68439,137,125,12,12
68440,125,119,6,6
68441,76,85,-9,9
68442,145,130,15,15
68443,86,85,1,1
68444,131,122,9,9
68445,99,100,-1,1
68446,97,93,4,4
68447,67,61,6,6
68448,107,130,-23,23
68449,87,78,9,9
68450,104,94,10,10
68451,77,70,7,7
68452,49,55,-6,6
68453,152,132,20,20
68454,138,129,9,9
68455,183,170,13,13
68456,53,62,-9,9
68457,100,94,6,6
68458,71,70,1,1
68459,73,88,-15,15
68460,108,100,8,8
68461,85,102,-17,17
68462,72,70,2,2
68463,92,88,4,4
68464,127,121,6,6
68465,61,87,-26,26
68466,86,99,-13,13
68467,56,56,0,0
68468,104,95,9,9
68469,86,83,3,3
68470,142,145,-3,3
68471,78,82,-4,4
68472,96,81,15,15
68473,75,74,1,1
68474,88,86,2,2
68475,69,66,3,3
68476,62,63,-1,1
68477,107,102,5,5
68478,65,67,-2,2
68479,129,128,1,1
68480,86,95,-9,9
68481,77,68,9,9
68482,115,99,16,16
68483,87,78,9,9
68484,32,26,6,6
68485,80,84,-4,4
68486,107,103,4,4
68487,112,121,-9,9
68488,83,82,1,1
68489,89,89,0,0
68490,65,61,4,4
68491,63,65,-2,2
68492,56,59,-3,3
68493,99,91,8,8
68494,88,89,-1,1
68495,130,131,-1,1
68496,59,64,-5,5
68497,157,118,39,39
68498,94,102,-8,8
68499,94,94,0,0
68500,61,63,-2,2
68501,98,98,0,0
68502,98,92,6,6
68503,108,98,10,10
68504,122,122,0,0
68505,115,125,-10,10
68506,49,49,0,0
68507,79,77,2,2
68508,96,103,-7,7
68509,81,87,-6,6
68510,54,53,1,1
68511,70,73,-3,3
68512,141,133,8,8
68513,113,245,-132,132
68514,110,111,-1,1
68515,75,77,-2,2
68516,85,95,-10,10
68517,85,78,7,7
68518,105,99,6,6
68519,62,68,-6,6
68520,39,43,-4,4
68521,83,88,-5,5
68522,103,93,10,10
68523,69,65,4,4
68524,103,97,6,6
68525,82,84,-2,2
68526,98,95,3,3
68527,134,119,15,15
68528,51,62,-11,11
68529,98,93,5,5
68530,58,65,-7,7
68531,66,79,-13,13
68532,66,66,0,0
68533,139,118,21,21
68534,182,168,14,14
68535,118,119,-1,1
68536,69,61,8,8
68537,61,71,-10,10
68538,101,84,17,17
68539,126,96,30,30
68540,87,79,8,8
68541,53,58,-5,5
68542,83,74,9,9
68543,113,123,-10,10
68544,109,95,14,14
68545,60,59,1,1
68546,113,107,6,6
68547,84,89,-5,5
68548,60,63,-3,3
68549,56,66,-10,10
68550,52,52,0,0
68551,111,106,5,5
68552,74,83,-9,9
68553,57,59,-2,2
68554,72,72,0,0
68555,77,74,3,3
68556,93,90,3,3
68557,167,162,5,5
68558,64,57,7,7
68559,97,86,11,11
68560,106,107,-1,1
68561,165,138,27,27
68562,86,102,-16,16
68563,146,127,19,19
68564,98,99,-1,1
68565,88,85,3,3
68566,89,84,5,5
68567,99,93,6,6
68568,86,86,0,0
68569,95,108,-13,13
68570,70,61,9,9
68571,91,98,-7,7
68572,98,91,7,7
68573,92,93,-1,1
68574,103,92,11,11
68575,91,76,15,15
68576,58,69,-11,11
68577,61,68,-7,7
68578,53,49,4,4
68579,83,84,-1,1
68580,56,61,-5,5
68581,84,91,-7,7
68582,73,77,-4,4
68583,73,77,-4,4
68584,81,83,-2,2
68585,69,68,1,1
68586,71,70,1,1
68587,107,115,-8,8
68588,111,106,5,5
68589,107,97,10,10
68590,115,93,22,22
68591,75,73,2,2
68592,129,116,13,13
68593,94,87,7,7
68594,52,47,5,5
68595,146,149,-3,3
68596,99,101,-2,2
68597,93,102,-9,9
68598,57,65,-8,8
68599,102,100,2,2
68600,58,60,-2,2
68601,95,118,-23,23
68602,92,88,4,4
68603,99,92,7,7
68604,115,113,2,2
68605,77,78,-1,1
68606,176,176,0,0
68607,97,93,4,4
68608,153,125,28,28
68609,74,68,6,6
68610,182,163,19,19
68611,91,85,6,6
68612,67,86,-19,19
68613,85,91,-6,6
68614,109,98,11,11
68615,113,103,10,10
68616,111,110,1,1
68617,95,100,-5,5
68618,74,78,-4,4
68619,110,105,5,5
68620,58,55,3,3
68621,135,123,12,12
68622,108,106,2,2
68623,112,113,-1,1
68624,49,52,-3,3
68625,114,121,-7,7
68626,57,59,-2,2
68627,74,69,5,5
68628,99,96,3,3
68629,96,92,4,4
68630,88,81,7,7
68631,79,85,-6,6
68632,82,69,13,13
68633,99,95,4,4
68634,116,104,12,12
68635,80,84,-4,4
68636,120,113,7,7
68637,70,63,7,7
68638,74,69,5,5
68639,55,69,-14,14
68640,97,86,11,11
68641,74,75,-1,1
68642,92,99,-7,7
68643,71,78,-7,7
68644,86,90,-4,4
68645,66,60,6,6
68646,74,68,6,6
68647,90,87,3,3
68648,110,103,7,7
68649,94,91,3,3
68650,101,95,6,6
68651,115,110,5,5
68652,91,95,-4,4
68653,102,100,2,2
68654,116,117,-1,1
68655,130,126,4,4
68656,45,54,-9,9
68657,77,74,3,3
68658,117,127,-10,10
68659,109,109,0,0
68660,94,86,8,8
68661,130,111,19,19
68662,37,46,-9,9
68663,73,74,-1,1
68664,79,72,7,7
68665,80,79,1,1
68666,143,121,22,22
68667,69,72,-3,3
68668,143,137,6,6
68669,105,101,4,4
68670,150,128,22,22
68671,94,81,13,13
68672,107,98,9,9
68673,64,63,1,1
68674,154,129,25,25
68675,129,120,9,9
68676,118,105,13,13
68677,86,88,-2,2
68678,98,100,-2,2
68679,134,143,-9,9
68680,96,98,-2,2
68681,90,87,3,3
68682,173,178,-5,5
68683,83,85,-2,2
68684,168,172,-4,4
68685,97,93,4,4
68686,88,87,1,1
68687,54,44,10,10
68688,142,119,23,23
68689,152,147,5,5
68690,75,84,-9,9
68691,73,71,2,2
68692,170,189,-19,19
68693,82,81,1,1
68694,103,107,-4,4
68695,135,121,14,14
68696,98,92,6,6
68697,190,179,11,11
68698,110,96,14,14
68699,56,60,-4,4
68700,160,156,4,4
68701,86,97,-11,11
68702,105,100,5,5
68703,42,45,-3,3
68704,148,166,-18,18
68705,78,69,9,9
68706,108,105,3,3
68707,81,81,0,0
68708,135,129,6,6
68709,84,90,-6,6
68710,115,101,14,14
68711,124,109,15,15
68712,67,74,-7,7
68713,97,88,9,9
68714,90,93,-3,3
68715,158,142,16,16
68716,162,146,16,16
68717,165,166,-1,1
68718,76,75,1,1
68719,174,173,1,1
68720,125,112,13,13
68721,155,151,4,4
68722,80,83,-3,3
68723,150,149,1,1
68724,54,67,-13,13
68725,119,101,18,18
68726,83,77,6,6
68727,56,58,-2,2
68728,69,78,-9,9
68729,94,94,0,0
68730,103,106,-3,3
68731,120,113,7,7
68732,119,121,-2,2
68733,92,88,4,4
68734,102,99,3,3
68735,75,79,-4,4
68736,64,62,2,2
68737,175,157,18,18
68738,66,70,-4,4
68739,69,49,20,20
68740,66,65,1,1
68741,42,42,0,0
68742,222,217,5,5
68743,161,150,11,11
68744,139,117,22,22
68745,88,84,4,4
68746,81,80,1,1
68747,160,154,6,6
68748,100,98,2,2
68749,64,75,-11,11
68750,26,26,0,0
68751,126,116,10,10
68752,49,49,0,0
68753,101,104,-3,3
68754,78,70,8,8
68755,82,79,3,3
68756,68,69,-1,1
68757,90,97,-7,7
68758,78,75,3,3
68759,114,110,4,4
68760,160,149,11,11
68761,108,103,5,5
68762,93,96,-3,3
68763,52,47,5,5
68764,142,135,7,7
68765,151,163,-12,12
68766,118,118,0,0
68767,90,88,2,2
68768,103,91,12,12
68769,126,118,8,8
68770,121,106,15,15
68771,111,110,1,1
68772,87,86,1,1
68773,48,48,0,0
68774,86,76,10,10
68775,60,92,-32,32
68776,162,138,24,24
68777,98,86,12,12
68778,134,130,4,4
68779,147,138,9,9
68780,113,115,-2,2
68781,79,72,7,7
68782,76,75,1,1
68783,72,89,-17,17
68784,59,66,-7,7
68785,151,137,14,14
68786,114,110,4,4
68787,71,70,1,1
68788,146,138,8,8
68789,83,85,-2,2
68790,65,55,10,10
68791,60,59,1,1
68792,113,98,15,15
68793,146,121,25,25
68794,103,98,5,5
68795,123,117,6,6
68796,59,67,-8,8
68797,158,128,30,30
68798,114,97,17,17
68799,133,119,14,14
68800,151,138,13,13
68801,41,43,-2,2
68802,80,75,5,5
68803,71,68,3,3
68804,88,91,-3,3
68805,94,102,-8,8
68806,41,52,-11,11
68807,129,139,-10,10
68808,126,105,21,21
68809,132,116,16,16
68810,38,42,-4,4
68811,81,78,3,3
68812,97,93,4,4
68813,99,97,2,2
68814,159,162,-3,3
68815,113,120,-7,7
68816,42,58,-16,16
68817,176,163,13,13
68818,96,82,14,14
68819,122,116,6,6
68820,134,136,-2,2
68821,63,64,-1,1
68822,81,80,1,1
68823,94,95,-1,1
68824,122,110,12,12
68825,99,84,15,15
68826,103,107,-4,4
68827,77,94,-17,17
68828,90,99,-9,9
68829,139,123,16,16
68830,74,65,9,9
68831,83,81,2,2
68832,84,80,4,4
68833,108,98,10,10
68834,80,82,-2,2
68835,117,114,3,3
68836,81,75,6,6
68837,73,76,-3,3
68838,146,135,11,11
68839,83,82,1,1
68840,71,71,0,0
68841,99,105,-6,6
68842,52,59,-7,7
68843,97,108,-11,11
68844,80,78,2,2
68845,112,109,3,3
68846,57,70,-13,13
68847,105,100,5,5
68848,145,143,2,2
68849,104,92,12,12
68850,94,86,8,8
68851,109,110,-1,1
68852,73,69,4,4
68853,54,53,1,1
68854,99,93,6,6
68855,204,206,-2,2
68856,42,46,-4,4
68857,40,39,1,1
68858,61,60,1,1
68859,98,98,0,0
68860,88,98,-10,10
68861,107,107,0,0
68862,101,99,2,2
68863,156,146,10,10
68864,43,47,-4,4
68865,85,82,3,3
68866,130,115,15,15
68867,49,60,-11,11
68868,82,78,4,4
68869,105,98,7,7
68870,141,147,-6,6
68871,124,130,-6,6
68872,149,149,0,0
68873,61,54,7,7
68874,163,145,18,18
68875,94,97,-3,3
68876,64,64,0,0
68877,129,135,-6,6
68878,71,71,0,0
68879,95,99,-4,4
68880,106,109,-3,3
68881,103,92,11,11
68882,81,76,5,5
68883,89,82,7,7
68884,144,128,16,16
68885,64,78,-14,14
68886,37,128,-91,91
68887,87,82,5,5
68888,34,32,2,2
68889,94,97,-3,3
68890,84,88,-4,4
68891,76,71,5,5
68892,79,73,6,6
68893,96,100,-4,4
68894,99,89,10,10
68895,102,99,3,3
68896,66,65,1,1
68897,96,89,7,7
68898,75,68,7,7
68899,98,88,10,10
68900,75,74,1,1
68901,106,89,17,17
68902,85,87,-2,2
68903,104,113,-9,9
68904,83,90,-7,7
68905,92,89,3,3
68906,110,116,-6,6
68907,89,101,-12,12
68908,148,126,22,22
68909,105,100,5,5
68910,90,76,14,14
68911,42,49,-7,7
68912,102,98,4,4
68913,142,145,-3,3
68914,122,121,1,1
68915,109,96,13,13
68916,101,104,-3,3
68917,89,100,-11,11
68918,118,123,-5,5
68919,146,130,16,16
68920,100,107,-7,7
68921,99,84,15,15
68922,62,53,9,9
68923,84,75,9,9
68924,62,67,-5,5
68925,190,180,10,10
68926,105,116,-11,11
68927,101,89,12,12
68928,69,68,1,1
68929,105,97,8,8
68930,135,130,5,5
68931,162,175,-13,13
68932,96,97,-1,1
68933,80,76,4,4
68934,83,84,-1,1
68935,133,122,11,11
68936,77,93,-16,16
68937,130,124,6,6
68938,143,165,-22,22
68939,83,82,1,1
68940,77,77,0,0
68941,148,125,23,23
68942,88,79,9,9
68943,47,46,1,1
68944,66,56,10,10
68945,54,65,-11,11
68946,97,92,5,5
68947,80,90,-10,10
68948,51,69,-18,18
68949,122,124,-2,2
68950,134,115,19,19
68951,152,144,8,8
68952,96,98,-2,2
68953,75,80,-5,5
68954,143,145,-2,2
68955,164,162,2,2
68956,99,97,2,2
68957,149,158,-9,9
68958,126,114,12,12
68959,90,84,6,6
68960,102,109,-7,7
68961,18,37,-19,19
68962,103,132,-29,29
68963,130,118,12,12
68964,67,73,-6,6
68965,69,65,4,4
68966,84,72,12,12
68967,122,124,-2,2
68968,103,91,12,12
68969,65,64,1,1
68970,111,113,-2,2
68971,177,160,17,17
68972,64,60,4,4
68973,159,152,7,7
68974,123,127,-4,4
68975,67,68,-1,1
68976,138,138,0,0
68977,88,101,-13,13
68978,94,106,-12,12
68979,114,109,5,5
68980,81,64,17,17
68981,68,64,4,4
68982,214,183,31,31
68983,145,129,16,16
68984,54,58,-4,4
68985,100,86,14,14
68986,146,144,2,2
68987,213,206,7,7
68988,106,110,-4,4
68989,57,56,1,1
68990,128,125,3,3
68991,97,89,8,8
68992,90,99,-9,9
68993,102,96,6,6
68994,153,137,16,16
68995,84,75,9,9
68996,27,42,-15,15
68997,51,55,-4,4
68998,73,72,1,1
68999,86,83,3,3
69000,77,71,6,6
69001,154,139,15,15
69002,107,96,11,11
69003,173,170,3,3
69004,80,83,-3,3
69005,92,82,10,10
69006,86,80,6,6
69007,70,73,-3,3
69008,116,117,-1,1
69009,79,84,-5,5
69010,101,108,-7,7
69011,138,138,0,0
69012,125,112,13,13
69013,65,67,-2,2
69014,82,79,3,3
69015,88,89,-1,1
69016,40,52,-12,12
69017,104,106,-2,2
69018,111,107,4,4
69019,81,79,2,2
69020,67,74,-7,7
69021,91,94,-3,3
69022,135,129,6,6
69023,155,172,-17,17
69024,89,84,5,5
69025,58,62,-4,4
69026,137,131,6,6
69027,69,67,2,2
69028,84,83,1,1
69029,110,86,24,24
69030,68,99,-31,31
69031,126,108,18,18
69032,185,131,54,54
69033,64,51,13,13
69034,119,109,10,10
69035,133,124,9,9
69036,96,94,2,2
69037,54,52,2,2
69038,90,87,3,3
69039,75,71,4,4
69040,123,131,-8,8
69041,91,87,4,4
69042,114,110,4,4
69043,49,73,-24,24
69044,119,110,9,9
69045,78,66,12,12
69046,105,94,11,11
69047,113,110,3,3
69048,75,70,5,5
69049,162,164,-2,2
69050,62,55,7,7
69051,93,88,5,5
69052,67,60,7,7
69053,118,110,8,8
69054,76,73,3,3
69055,132,122,10,10
69056,43,46,-3,3
69057,69,76,-7,7
69058,99,97,2,2
69059,81,74,7,7
69060,103,99,4,4
69061,87,87,0,0
69062,88,79,9,9
69063,92,81,11,11
69064,102,104,-2,2
69065,53,57,-4,4
69066,80,75,5,5
69067,86,85,1,1
69068,107,109,-2,2
69069,165,176,-11,11
69070,43,41,2,2
69071,84,76,8,8
69072,129,117,12,12
69073,135,129,6,6
69074,32,57,-25,25
69075,49,56,-7,7
69076,91,84,7,7
69077,72,72,0,0
69078,85,82,3,3
69079,75,79,-4,4
69080,95,115,-20,20
69081,132,127,5,5
69082,98,101,-3,3
69083,34,26,8,8
69084,114,106,8,8
69085,104,95,9,9
69086,111,99,12,12
69087,59,62,-3,3
69088,38,46,-8,8
69089,45,44,1,1
69090,160,173,-13,13
69091,87,79,8,8
69092,78,88,-10,10
69093,180,152,28,28
69094,112,117,-5,5
69095,99,100,-1,1
69096,77,85,-8,8
69097,64,75,-11,11
69098,93,88,5,5
69099,135,130,5,5
69100,80,76,4,4
69101,105,85,20,20
69102,93,92,1,1
69103,97,98,-1,1
69104,93,98,-5,5
69105,126,114,12,12
69106,100,95,5,5
69107,93,91,2,2
69108,116,115,1,1
69109,89,85,4,4
69110,72,92,-20,20
69111,158,144,14,14
69112,107,91,16,16
69113,57,58,-1,1
69114,95,102,-7,7
69115,199,194,5,5
69116,98,97,1,1
69117,50,48,2,2
69118,72,68,4,4
69119,86,83,3,3
69120,36,43,-7,7
69121,77,68,9,9
69122,144,150,-6,6
69123,101,120,-19,19
69124,141,136,5,5
69125,136,129,7,7
69126,81,80,1,1
69127,96,113,-17,17
69128,92,88,4,4
69129,37,43,-6,6
69130,117,113,4,4
69131,96,85,11,11
69132,120,117,3,3
69133,58,62,-4,4
69134,147,128,19,19
69135,60,64,-4,4
69136,85,78,7,7
69137,71,60,11,11
69138,74,81,-7,7
69139,98,89,9,9
69140,59,48,11,11
69141,77,76,1,1
69142,77,76,1,1
69143,76,78,-2,2
69144,52,59,-7,7
69145,116,98,18,18
69146,78,85,-7,7
69147,74,68,6,6
69148,124,118,6,6
69149,58,61,-3,3
69150,86,87,-1,1
69151,132,121,11,11
69152,108,97,11,11
69153,38,41,-3,3
69154,138,138,0,0
69155,74,71,3,3
69156,73,78,-5,5
69157,95,81,14,14
69158,129,117,12,12
69159,102,101,1,1
69160,112,105,7,7
69161,141,135,6,6
69162,76,75,1,1
69163,142,132,10,10
69164,72,71,1,1
69165,163,159,4,4
69166,122,125,-3,3
69167,44,44,0,0
69168,104,104,0,0
69169,72,82,-10,10
69170,60,56,4,4
69171,69,72,-3,3
69172,113,103,10,10
69173,89,86,3,3
69174,42,42,0,0
69175,146,127,19,19
69176,147,117,30,30
69177,132,144,-12,12
69178,107,99,8,8
69179,77,82,-5,5
69180,102,95,7,7
69181,153,143,10,10
69182,56,72,-16,16
69183,105,101,4,4
69184,129,127,2,2
69185,99,90,9,9
69186,55,61,-6,6
69187,102,107,-5,5
69188,102,92,10,10
69189,111,106,5,5
69190,123,122,1,1
69191,62,62,0,0
69192,152,147,5,5
69193,89,81,8,8
69194,94,87,7,7
69195,35,52,-17,17
69196,94,90,4,4
69197,110,111,-1,1
69198,175,187,-12,12
69199,105,91,14,14
69200,42,49,-7,7
69201,152,143,9,9
69202,149,126,23,23
69203,207,194,13,13
69204,152,155,-3,3
69205,88,95,-7,7
69206,94,89,5,5
69207,76,67,9,9
69208,84,83,1,1
69209,87,88,-1,1
69210,59,49,10,10
69211,112,110,2,2
69212,110,96,14,14
69213,136,115,21,21
69214,81,87,-6,6
69215,177,161,16,16
69216,120,124,-4,4
69217,86,89,-3,3
69218,57,66,-9,9
69219,100,80,20,20
69220,134,131,3,3
69221,75,77,-2,2
69222,88,82,6,6
69223,82,85,-3,3
69224,54,65,-11,11
69225,74,69,5,5
69226,50,55,-5,5
69227,125,105,20,20
69228,85,90,-5,5
69229,148,140,8,8
69230,88,85,3,3
69231,58,83,-25,25
69232,124,105,19,19
69233,129,132,-3,3
69234,100,92,8,8
69235,76,75,1,1
69236,86,89,-3,3
69237,57,67,-10,10
69238,84,79,5,5
69239,103,89,14,14
69240,87,91,-4,4
69241,114,115,-1,1
69242,58,62,-4,4
69243,100,93,7,7
69244,92,82,10,10
69245,78,84,-6,6
69246,73,82,-9,9
69247,73,68,5,5
69248,106,106,0,0
69249,135,141,-6,6
69250,95,107,-12,12
69251,75,76,-1,1
69252,116,120,-4,4
69253,58,56,2,2
69254,135,119,16,16
69255,75,82,-7,7
69256,51,62,-11,11
69257,69,68,1,1
69258,97,106,-9,9
69259,73,84,-11,11
69260,91,95,-4,4
69261,156,153,3,3
69262,67,76,-9,9
69263,77,70,7,7
69264,133,141,-8,8
69265,129,133,-4,4
69266,110,101,9,9
69267,121,136,-15,15
69268,150,143,7,7
69269,89,86,3,3
69270,71,91,-20,20
69271,119,102,17,17
69272,70,73,-3,3
69273,121,115,6,6
69274,116,122,-6,6
69275,123,119,4,4
69276,95,93,2,2
69277,70,70,0,0
69278,111,85,26,26
69279,113,106,7,7
69280,92,82,10,10
69281,52,56,-4,4
69282,114,104,10,10
69283,106,103,3,3
69284,102,114,-12,12
69285,72,78,-6,6
69286,134,118,16,16
69287,101,92,9,9
69288,134,122,12,12
69289,111,110,1,1
69290,99,93,6,6
69291,98,91,7,7
69292,94,93,1,1
69293,44,41,3,3
69294,92,94,-2,2
69295,81,77,4,4
69296,74,72,2,2
69297,51,47,4,4
69298,135,130,5,5
69299,34,41,-7,7
69300,151,152,-1,1
69301,64,67,-3,3
69302,105,107,-2,2
69303,117,106,11,11
69304,88,85,3,3
69305,100,94,6,6
69306,88,84,4,4
69307,84,89,-5,5
69308,189,190,-1,1
69309,45,43,2,2
69310,64,67,-3,3
69311,94,92,2,2
69312,199,179,20,20
69313,80,76,4,4
69314,105,96,9,9
69315,112,107,5,5
69316,59,55,4,4
69317,54,61,-7,7
69318,123,113,10,10
69319,59,55,4,4
69320,186,177,9,9
69321,110,107,3,3
69322,117,103,14,14
69323,82,78,4,4
69324,202,166,36,36
69325,129,119,10,10
69326,91,90,1,1
69327,131,100,31,31
69328,117,110,7,7
69329,82,75,7,7
69330,78,89,-11,11
69331,129,129,0,0
69332,46,39,7,7
69333,122,123,-1,1
69334,124,106,18,18
69335,186,195,-9,9
69336,103,99,4,4
69337,112,120,-8,8
69338,135,137,-2,2
69339,68,69,-1,1
69340,110,101,9,9
69341,57,55,2,2
69342,144,140,4,4
69343,115,101,14,14
69344,143,144,-1,1
69345,75,81,-6,6
69346,69,71,-2,2
69347,140,123,17,17
69348,93,97,-4,4
69349,74,71,3,3
69350,165,164,1,1
69351,77,89,-12,12
69352,57,60,-3,3
69353,87,101,-14,14
69354,123,119,4,4
69355,78,80,-2,2
69356,120,124,-4,4
69357,100,97,3,3
69358,112,105,7,7
69359,87,82,5,5
69360,98,80,18,18
69361,106,104,2,2
69362,91,98,-7,7
69363,107,103,4,4
69364,67,60,7,7
69365,125,123,2,2
69366,61,60,1,1
69367,96,90,6,6
69368,73,65,8,8
69369,70,67,3,3
69370,89,83,6,6
69371,114,107,7,7
69372,74,75,-1,1
69373,133,119,14,14
69374,107,118,-11,11
69375,91,88,3,3
69376,83,78,5,5
69377,76,71,5,5
69378,75,78,-3,3
69379,83,74,9,9
69380,62,59,3,3
69381,71,81,-10,10
69382,40,49,-9,9
69383,131,116,15,15
69384,138,140,-2,2
69385,43,47,-4,4
69386,76,83,-7,7
69387,128,149,-21,21
69388,62,65,-3,3
69389,128,121,7,7
69390,79,79,0,0
69391,140,127,13,13
69392,94,101,-7,7
69393,96,94,2,2
69394,43,41,2,2
69395,159,149,10,10
69396,62,57,5,5
69397,131,121,10,10
69398,65,71,-6,6
69399,63,64,-1,1
69400,116,121,-5,5
69401,65,74,-9,9
69402,70,72,-2,2
69403,56,57,-1,1
69404,95,95,0,0
69405,120,110,10,10
69406,93,95,-2,2
69407,92,87,5,5
69408,101,86,15,15
69409,106,105,1,1
69410,151,133,18,18
69411,98,92,6,6
69412,63,60,3,3
69413,120,115,5,5
69414,93,90,3,3
69415,89,85,4,4
69416,47,41,6,6
69417,92,89,3,3
69418,95,82,13,13
69419,90,84,6,6
69420,116,103,13,13
69421,88,83,5,5
69422,107,110,-3,3
69423,168,183,-15,15
69424,49,42,7,7
69425,111,99,12,12
69426,76,80,-4,4
69427,89,86,3,3
69428,72,73,-1,1
69429,131,126,5,5
69430,61,80,-19,19
69431,106,96,10,10
69432,65,64,1,1
69433,76,75,1,1
69434,62,101,-39,39
69435,63,59,4,4
69436,77,74,3,3
69437,120,108,12,12
69438,109,114,-5,5
69439,93,85,8,8
69440,66,63,3,3
69441,72,66,6,6
69442,94,83,11,11
69443,143,126,17,17
69444,75,71,4,4
69445,99,94,5,5
69446,112,105,7,7
69447,66,65,1,1
69448,72,70,2,2
69449,46,56,-10,10
69450,100,104,-4,4
69451,89,81,8,8
69452,101,98,3,3
69453,63,59,4,4
69454,108,105,3,3
69455,89,90,-1,1
69456,101,98,3,3
69457,94,86,8,8
69458,73,70,3,3
69459,148,126,22,22
69460,142,123,19,19
69461,92,85,7,7
69462,151,139,12,12
69463,119,109,10,10
69464,61,63,-2,2
69465,124,119,5,5
69466,46,47,-1,1
69467,67,77,-10,10
69468,46,60,-14,14
69469,81,79,2,2
69470,104,101,3,3
69471,47,50,-3,3
69472,88,84,4,4
69473,115,78,37,37
69474,92,111,-19,19
69475,100,84,16,16
69476,141,132,9,9
69477,107,105,2,2
69478,127,112,15,15
69479,117,121,-4,4
69480,72,69,3,3
69481,81,85,-4,4
69482,100,117,-17,17
69483,84,101,-17,17
69484,70,68,2,2
69485,152,137,15,15
69486,32,36,-4,4
69487,121,121,0,0
69488,69,68,1,1
69489,63,59,4,4
69490,76,73,3,3
69491,81,79,2,2
69492,106,97,9,9
69493,69,73,-4,4
69494,54,63,-9,9
69495,92,84,8,8
69496,61,69,-8,8
69497,141,117,24,24
69498,78,69,9,9
69499,124,132,-8,8
69500,94,91,3,3
69501,66,64,2,2
69502,156,163,-7,7
69503,80,99,-19,19
69504,84,82,2,2
69505,161,158,3,3
69506,106,99,7,7
69507,98,95,3,3
69508,108,95,13,13
69509,109,103,6,6
69510,85,82,3,3
69511,74,79,-5,5
69512,74,66,8,8
69513,88,93,-5,5
69514,128,119,9,9
69515,93,84,9,9
69516,140,132,8,8
69517,109,103,6,6
69518,58,56,2,2
69519,73,65,8,8
69520,86,84,2,2
69521,94,95,-1,1
69522,332,350,-18,18
69523,112,104,8,8
69524,48,44,4,4
69525,73,76,-3,3
69526,116,106,10,10
69527,105,85,20,20
69528,65,65,0,0
69529,108,99,9,9
69530,83,83,0,0
69531,81,96,-15,15
69532,155,169,-14,14
69533,110,107,3,3
69534,120,106,14,14
69535,92,74,18,18
69536,152,142,10,10
69537,131,133,-2,2
69538,48,65,-17,17
69539,68,68,0,0
69540,74,71,3,3
69541,86,92,-6,6
69542,148,158,-10,10
69543,188,176,12,12
69544,79,82,-3,3
69545,125,108,17,17
69546,95,94,1,1
69547,63,58,5,5
69548,78,71,7,7
69549,116,107,9,9
69550,83,84,-1,1
69551,68,76,-8,8
69552,104,94,10,10
69553,107,111,-4,4
69554,93,98,-5,5
69555,115,108,7,7
69556,105,87,18,18
69557,76,90,-14,14
69558,129,107,22,22
69559,53,58,-5,5
69560,78,81,-3,3
69561,108,106,2,2
69562,39,41,-2,2
69563,81,72,9,9
69564,122,125,-3,3
69565,74,75,-1,1
69566,63,69,-6,6
69567,115,112,3,3
69568,119,120,-1,1
69569,130,122,8,8
69570,103,122,-19,19
69571,107,104,3,3
69572,69,77,-8,8
69573,130,121,9,9
69574,98,116,-18,18
69575,126,111,15,15
69576,119,103,16,16
69577,86,90,-4,4
69578,211,205,6,6
69579,82,84,-2,2
69580,64,58,6,6
69581,96,71,25,25
69582,63,63,0,0
69583,102,99,3,3
69584,119,116,3,3
69585,82,98,-16,16
69586,119,108,11,11
69587,64,54,10,10
69588,48,43,5,5
69589,140,132,8,8
69590,112,120,-8,8
69591,93,101,-8,8
69592,88,93,-5,5
69593,93,100,-7,7
69594,60,48,12,12
69595,66,63,3,3
69596,48,47,1,1
69597,101,98,3,3
69598,54,56,-2,2
69599,99,90,9,9
69600,81,85,-4,4
69601,155,146,9,9
69602,80,73,7,7
69603,69,73,-4,4
69604,65,77,-12,12
69605,81,89,-8,8
69606,100,103,-3,3
69607,89,95,-6,6
69608,86,83,3,3
69609,107,109,-2,2
69610,61,62,-1,1
69611,59,51,8,8
69612,51,61,-10,10
69613,147,150,-3,3
69614,127,125,2,2
69615,130,134,-4,4
69616,53,48,5,5
69617,117,96,21,21
69618,132,120,12,12
69619,119,108,11,11
69620,107,91,16,16
69621,79,87,-8,8
69622,157,150,7,7
69623,125,111,14,14
69624,60,63,-3,3
69625,79,64,15,15
69626,80,81,-1,1
69627,151,136,15,15
69628,109,90,19,19
69629,64,67,-3,3
69630,111,97,14,14
69631,44,50,-6,6
69632,95,82,13,13
69633,137,125,12,12
69634,121,95,26,26
69635,51,64,-13,13
69636,53,63,-10,10
69637,93,89,4,4
69638,91,90,1,1
69639,125,103,22,22
69640,59,67,-8,8
69641,63,66,-3,3
69642,111,96,15,15
69643,117,116,1,1
69644,74,64,10,10
69645,117,126,-9,9
69646,65,58,7,7
69647,100,96,4,4
69648,227,227,0,0
69649,145,160,-15,15
69650,82,80,2,2
69651,93,75,18,18
69652,120,125,-5,5
69653,122,117,5,5
69654,121,112,9,9
69655,106,92,14,14
69656,95,100,-5,5
69657,71,67,4,4
69658,64,81,-17,17
69659,103,87,16,16
69660,66,81,-15,15
69661,60,66,-6,6
69662,85,82,3,3
69663,110,99,11,11
69664,109,109,0,0
69665,80,87,-7,7
69666,80,70,10,10
69667,147,149,-2,2
69668,107,111,-4,4
69669,61,57,4,4
69670,163,158,5,5
69671,60,59,1,1
69672,85,82,3,3
69673,152,171,-19,19
69674,90,87,3,3
69675,81,77,4,4
69676,76,73,3,3
69677,95,94,1,1
69678,70,69,1,1
69679,101,95,6,6
69680,65,56,9,9
69681,78,81,-3,3
69682,94,95,-1,1
69683,69,70,-1,1
69684,161,171,-10,10
69685,97,108,-11,11
69686,66,69,-3,3
69687,171,161,10,10
69688,93,88,5,5
69689,98,86,12,12
69690,101,107,-6,6
69691,97,96,1,1
69692,74,73,1,1
69693,88,84,4,4
69694,184,179,5,5
69695,74,81,-7,7
69696,65,69,-4,4
69697,193,178,15,15
69698,103,91,12,12
69699,57,56,1,1
69700,113,127,-14,14
69701,145,144,1,1
69702,60,65,-5,5
69703,128,137,-9,9
69704,89,91,-2,2
69705,80,82,-2,2
69706,79,73,6,6
69707,114,115,-1,1
69708,200,195,5,5
69709,133,128,5,5
69710,114,116,-2,2
69711,125,101,24,24
69712,82,76,6,6
69713,90,80,10,10
69714,95,94,1,1
69715,140,152,-12,12
69716,96,99,-3,3
69717,186,181,5,5
69718,89,102,-13,13
69719,57,54,3,3
69720,76,77,-1,1
69721,64,60,4,4
69722,138,128,10,10
69723,97,102,-5,5
69724,95,97,-2,2
69725,157,162,-5,5
69726,76,71,5,5
69727,77,82,-5,5
69728,110,106,4,4
69729,191,188,3,3
69730,70,78,-8,8
69731,100,110,-10,10
69732,98,102,-4,4
69733,64,73,-9,9
69734,106,109,-3,3
69735,95,96,-1,1
69736,70,76,-6,6
69737,132,116,16,16
69738,43,37,6,6
69739,177,158,19,19
69740,59,59,0,0
69741,42,42,0,0
69742,40,41,-1,1
69743,82,36,46,46
69744,79,90,-11,11
69745,62,69,-7,7
69746,108,99,9,9
69747,103,101,2,2
69748,92,90,2,2
69749,63,64,-1,1
69750,65,80,-15,15
69751,144,157,-13,13
69752,92,84,8,8
69753,129,120,9,9
69754,137,128,9,9
69755,122,127,-5,5
69756,48,59,-11,11
69757,85,74,11,11
69758,90,92,-2,2
69759,82,77,5,5
69760,112,100,12,12
69761,85,92,-7,7
69762,91,88,3,3
69763,78,80,-2,2
69764,69,69,0,0
69765,121,106,15,15
69766,68,67,1,1
69767,131,126,5,5
69768,89,87,2,2
69769,93,84,9,9
69770,54,52,2,2
69771,136,133,3,3
69772,35,67,-32,32
69773,178,150,28,28
69774,105,90,15,15
69775,145,142,3,3
69776,75,78,-3,3
69777,117,103,14,14
69778,63,61,2,2
69779,132,132,0,0
69780,100,95,5,5
69781,67,65,2,2
69782,47,56,-9,9
69783,128,107,21,21
69784,119,120,-1,1
69785,119,120,-1,1
69786,93,86,7,7
69787,121,119,2,2
69788,79,76,3,3
69789,166,154,12,12
69790,87,67,20,20
69791,85,86,-1,1
69792,80,82,-2,2
69793,68,65,3,3
69794,131,130,1,1
69795,124,118,6,6
69796,146,158,-12,12
69797,71,65,6,6
69798,89,101,-12,12
69799,60,58,2,2
69800,64,59,5,5
69801,63,80,-17,17
69802,61,59,2,2
69803,119,99,20,20
69804,83,87,-4,4
69805,96,103,-7,7
69806,116,128,-12,12
69807,122,116,6,6
69808,102,89,13,13
69809,85,85,0,0
69810,129,128,1,1
69811,109,95,14,14
69812,41,42,-1,1
69813,95,97,-2,2
69814,131,99,32,32
69815,98,72,26,26
69816,105,100,5,5
69817,35,43,-8,8
69818,65,70,-5,5
69819,69,67,2,2
69820,72,65,7,7
69821,101,98,3,3
69822,86,89,-3,3
69823,103,106,-3,3
69824,110,104,6,6
69825,77,67,10,10
69826,98,68,30,30
69827,107,108,-1,1
69828,72,76,-4,4
69829,109,106,3,3
69830,68,69,-1,1
69831,64,59,5,5
69832,158,154,4,4
69833,112,119,-7,7
69834,71,88,-17,17
69835,119,103,16,16
69836,63,66,-3,3
69837,66,67,-1,1
69838,90,84,6,6
69839,114,120,-6,6
69840,81,91,-10,10
69841,136,130,6,6
69842,92,91,1,1
69843,46,63,-17,17
69844,48,50,-2,2
69845,99,86,13,13
69846,63,62,1,1
69847,113,106,7,7
69848,77,70,7,7
69849,95,107,-12,12
69850,95,92,3,3
69851,92,92,0,0
69852,77,78,-1,1
69853,108,110,-2,2
69854,80,78,2,2
69855,106,103,3,3
69856,193,195,-2,2
69857,138,128,10,10
69858,146,148,-2,2
69859,146,138,8,8
69860,121,108,13,13
69861,134,121,13,13
69862,92,90,2,2
69863,109,98,11,11
69864,94,98,-4,4
69865,96,98,-2,2
69866,105,116,-11,11
69867,124,122,2,2
69868,101,93,8,8
69869,63,69,-6,6
69870,91,96,-5,5
69871,75,80,-5,5
69872,89,97,-8,8
69873,134,130,4,4
69874,130,119,11,11
69875,71,79,-8,8
69876,152,145,7,7
69877,79,72,7,7
69878,82,82,0,0
69879,80,93,-13,13
69880,51,54,-3,3
69881,134,131,3,3
69882,120,103,17,17
69883,88,82,6,6
69884,66,75,-9,9
69885,40,43,-3,3
69886,81,67,14,14
69887,125,105,20,20
69888,57,52,5,5
69889,127,108,19,19
69890,70,59,11,11
69891,144,99,45,45
69892,100,101,-1,1
69893,190,179,11,11
69894,79,75,4,4
69895,95,74,21,21
69896,86,71,15,15
69897,75,64,11,11
69898,108,101,7,7
69899,74,77,-3,3
69900,110,120,-10,10
69901,121,110,11,11
69902,75,78,-3,3
69903,193,165,28,28
69904,102,95,7,7
69905,83,82,1,1
69906,161,147,14,14
69907,43,55,-12,12
69908,157,179,-22,22
69909,152,161,-9,9
69910,166,160,6,6
69911,61,55,6,6
69912,123,114,9,9
69913,77,68,9,9
69914,76,60,16,16
69915,103,107,-4,4
69916,73,68,5,5
69917,94,104,-10,10
69918,71,75,-4,4
69919,69,81,-12,12
69920,46,40,6,6
69921,59,54,5,5
69922,109,102,7,7
69923,166,168,-2,2
69924,65,72,-7,7
69925,97,88,9,9
69926,170,141,29,29
69927,76,92,-16,16
69928,79,86,-7,7
69929,84,83,1,1
69930,36,35,1,1
69931,149,149,0,0
69932,61,59,2,2
69933,109,104,5,5
69934,160,141,19,19
69935,96,99,-3,3
69936,139,140,-1,1
69937,59,63,-4,4
69938,52,38,14,14
69939,148,130,18,18
69940,90,69,21,21
69941,68,56,12,12
69942,60,65,-5,5
69943,110,106,4,4
69944,80,98,-18,18
69945,37,35,2,2
69946,75,82,-7,7
69947,62,64,-2,2
69948,66,61,5,5
69949,99,108,-9,9
69950,105,103,2,2
69951,165,165,0,0
69952,164,156,8,8
69953,93,89,4,4
69954,58,76,-18,18
69955,93,91,2,2
69956,37,44,-7,7
69957,68,74,-6,6
69958,122,120,2,2
69959,36,39,-3,3
69960,109,106,3,3
69961,111,97,14,14
69962,39,37,2,2
69963,139,135,4,4
69964,109,114,-5,5
69965,169,157,12,12
69966,138,133,5,5
69967,104,118,-14,14
69968,170,180,-10,10
69969,66,61,5,5
69970,154,150,4,4
69971,46,48,-2,2
69972,136,125,11,11
69973,81,73,8,8
69974,390,347,43,43
69975,88,80,8,8
69976,66,73,-7,7
69977,69,70,-1,1
69978,48,64,-16,16
69979,136,120,16,16
69980,85,84,1,1
69981,73,68,5,5
69982,128,137,-9,9
69983,90,91,-1,1
69984,105,104,1,1
69985,127,122,5,5
69986,102,102,0,0
69987,111,107,4,4
69988,110,96,14,14
69989,92,94,-2,2
69990,66,97,-31,31
69991,103,100,3,3
69992,111,104,7,7
69993,120,120,0,0
69994,96,98,-2,2
69995,141,133,8,8
69996,89,91,-2,2
69997,66,67,-1,1
69998,95,85,10,10
69999,83,89,-6,6
70000,62,64,-2,2
70001,136,137,-1,1
70002,99,97,2,2
70003,78,77,1,1
70004,79,95,-16,16
70005,86,81,5,5
70006,70,65,5,5
70007,128,122,6,6
70008,100,91,9,9
70009,116,101,15,15
70010,165,198,-33,33
70011,125,104,21,21
70012,63,77,-14,14
70013,93,100,-7,7
70014,135,125,10,10
70015,61,66,-5,5
70016,55,75,-20,20
70017,95,84,11,11
70018,98,102,-4,4
70019,54,52,2,2
70020,85,89,-4,4
70021,96,81,15,15
70022,132,137,-5,5
70023,81,85,-4,4
70024,57,55,2,2
70025,71,70,1,1
70026,92,85,7,7
70027,99,90,9,9
70028,87,84,3,3
70029,116,99,17,17
70030,46,46,0,0
70031,29,42,-13,13
70032,163,182,-19,19
70033,110,100,10,10
70034,68,70,-2,2
70035,62,59,3,3
70036,60,54,6,6
70037,91,88,3,3
70038,35,39,-4,4
70039,61,65,-4,4
70040,101,104,-3,3
70041,135,126,9,9
70042,169,169,0,0
70043,122,109,13,13
70044,182,177,5,5
70045,86,88,-2,2
70046,121,102,19,19
70047,65,55,10,10
70048,84,73,11,11
70049,98,89,9,9
70050,61,71,-10,10
70051,71,75,-4,4
70052,54,54,0,0
70053,130,115,15,15
70054,47,50,-3,3
70055,78,73,5,5
70056,83,80,3,3
70057,119,105,14,14
70058,86,77,9,9
70059,92,92,0,0
70060,76,78,-2,2
70061,80,93,-13,13
70062,103,93,10,10
70063,113,108,5,5
70064,79,86,-7,7
70065,68,68,0,0
70066,115,109,6,6
70067,62,64,-2,2
70068,107,110,-3,3
70069,115,101,14,14
70070,138,146,-8,8
70071,115,114,1,1
70072,117,104,13,13
70073,92,132,-40,40
70074,122,110,12,12
70075,54,62,-8,8
70076,76,84,-8,8
70077,96,86,10,10
70078,57,59,-2,2
70079,108,103,5,5
70080,104,109,-5,5
70081,107,96,11,11
70082,66,59,7,7
70083,57,63,-6,6
70084,72,73,-1,1
70085,63,85,-22,22
70086,119,123,-4,4
70087,123,109,14,14
70088,86,86,0,0
70089,121,101,20,20
70090,72,66,6,6
70091,70,71,-1,1
70092,84,74,10,10
70093,72,71,1,1
70094,61,59,2,2
70095,128,109,19,19
70096,90,94,-4,4
70097,138,132,6,6
70098,80,79,1,1
70099,134,112,22,22
70100,135,141,-6,6
70101,108,110,-2,2
70102,114,106,8,8
70103,87,98,-11,11
70104,29,45,-16,16
70105,84,78,6,6
70106,139,153,-14,14
70107,126,111,15,15
70108,61,51,10,10
70109,22,25,-3,3
70110,61,71,-10,10
70111,74,82,-8,8
70112,120,106,14,14
70113,69,65,4,4
70114,61,70,-9,9
70115,88,87,1,1
70116,102,96,6,6
70117,107,109,-2,2
70118,103,100,3,3
70119,89,80,9,9
70120,134,129,5,5
70121,52,63,-11,11
70122,63,81,-18,18
70123,116,109,7,7
70124,123,124,-1,1
70125,101,101,0,0
70126,58,59,-1,1
70127,95,93,2,2
70128,66,71,-5,5
70129,69,68,1,1
70130,107,95,12,12
70131,118,125,-7,7
70132,155,130,25,25
70133,75,78,-3,3
70134,103,91,12,12
70135,81,67,14,14
70136,94,91,3,3
70137,64,61,3,3
70138,135,131,4,4
70139,116,136,-20,20
70140,213,193,20,20
70141,87,85,2,2
70142,109,126,-17,17
70143,149,143,6,6
70144,81,94,-13,13
70145,78,75,3,3
70146,62,60,2,2
70147,73,74,-1,1
70148,68,65,3,3
70149,103,68,35,35
70150,121,105,16,16
70151,165,140,25,25
70152,105,104,1,1
70153,71,67,4,4
70154,139,145,-6,6
70155,75,93,-18,18
70156,146,158,-12,12
70157,88,91,-3,3
70158,184,192,-8,8
70159,122,112,10,10
70160,50,63,-13,13
70161,98,95,3,3
70162,28,79,-51,51
70163,68,58,10,10
70164,34,37,-3,3
70165,88,83,5,5
70166,87,102,-15,15
70167,91,84,7,7
70168,97,95,2,2
70169,93,70,23,23
70170,46,46,0,0
70171,63,58,5,5
70172,54,60,-6,6
70173,68,69,-1,1
70174,100,105,-5,5
70175,51,46,5,5
70176,92,89,3,3
70177,111,107,4,4
70178,66,63,3,3
70179,60,71,-11,11
70180,66,65,1,1
70181,130,108,22,22
70182,125,106,19,19
70183,134,137,-3,3
70184,139,141,-2,2
70185,105,116,-11,11
70186,70,69,1,1
70187,106,92,14,14
70188,146,128,18,18
70189,144,124,20,20
70190,108,122,-14,14
70191,77,87,-10,10
70192,99,91,8,8
70193,79,74,5,5
70194,65,72,-7,7
70195,65,75,-10,10
70196,89,93,-4,4
70197,128,113,15,15
70198,95,117,-22,22
70199,131,144,-13,13
70200,48,47,1,1
70201,127,114,13,13
70202,102,104,-2,2
70203,127,121,6,6
70204,53,56,-3,3
70205,148,128,20,20
70206,173,164,9,9
70207,110,103,7,7
70208,61,67,-6,6
70209,65,68,-3,3
70210,83,77,6,6
70211,125,123,2,2
70212,94,89,5,5
70213,82,82,0,0
70214,95,78,17,17
70215,48,57,-9,9
70216,112,110,2,2
70217,74,77,-3,3
70218,114,109,5,5
70219,64,61,3,3
70220,109,99,10,10
70221,163,143,20,20
70222,136,136,0,0
70223,218,198,20,20
70224,114,102,12,12
70225,152,145,7,7
70226,115,116,-1,1
70227,70,71,-1,1
70228,76,72,4,4
70229,101,98,3,3
70230,122,115,7,7
70231,95,86,9,9
70232,112,135,-23,23
70233,114,101,13,13
70234,93,83,10,10
70235,56,79,-23,23
70236,110,118,-8,8
70237,97,93,4,4
70238,86,97,-11,11
70239,87,83,4,4
70240,55,65,-10,10
70241,183,198,-15,15
70242,99,94,5,5
70243,102,97,5,5
70244,113,110,3,3
70245,95,95,0,0
70246,191,177,14,14
70247,82,89,-7,7
70248,55,51,4,4
70249,60,62,-2,2
70250,81,78,3,3
70251,87,85,2,2
70252,142,141,1,1
70253,97,80,17,17
70254,116,93,23,23
70255,73,73,0,0
70256,87,95,-8,8
70257,102,89,13,13
70258,57,61,-4,4
70259,56,56,0,0
70260,193,144,49,49
70261,99,98,1,1
70262,61,69,-8,8
70263,90,84,6,6
70264,129,135,-6,6
70265,86,81,5,5
70266,68,76,-8,8
70267,106,95,11,11
70268,101,101,0,0
70269,139,131,8,8
70270,97,103,-6,6
70271,79,82,-3,3
70272,54,62,-8,8
70273,47,56,-9,9
70274,119,102,17,17
70275,93,80,13,13
70276,70,69,1,1
70277,109,108,1,1
70278,55,69,-14,14
70279,127,126,1,1
70280,76,67,9,9
70281,35,42,-7,7
70282,66,65,1,1
70283,72,70,2,2
70284,91,100,-9,9
70285,128,127,1,1
70286,123,124,-1,1
70287,129,126,3,3
70288,106,94,12,12
70289,84,96,-12,12
70290,99,88,11,11
70291,59,51,8,8
70292,54,63,-9,9
70293,120,104,16,16
70294,188,169,19,19
70295,83,73,10,10
70296,146,132,14,14
70297,69,69,0,0
70298,58,62,-4,4
70299,173,144,29,29
70300,131,125,6,6
70301,150,138,12,12
70302,115,109,6,6
70303,107,86,21,21
70304,131,131,0,0
70305,101,103,-2,2
70306,105,90,15,15
70307,104,104,0,0
70308,138,123,15,15
70309,62,55,7,7
70310,88,95,-7,7
70311,44,45,-1,1
70312,116,115,1,1
70313,84,80,4,4
70314,80,98,-18,18
70315,112,98,14,14
70316,85,77,8,8
70317,82,75,7,7
70318,101,103,-2,2
70319,123,121,2,2
70320,137,139,-2,2
70321,112,84,28,28
70322,72,80,-8,8
70323,100,96,4,4
70324,106,101,5,5
70325,64,58,6,6
70326,115,106,9,9
70327,44,44,0,0
70328,112,103,9,9
70329,113,104,9,9
70330,203,191,12,12
70331,113,93,20,20
70332,154,147,7,7
70333,88,89,-1,1
70334,88,96,-8,8
70335,56,61,-5,5
70336,116,114,2,2
70337,104,92,12,12
70338,96,86,10,10
70339,99,99,0,0
70340,98,105,-7,7
70341,128,132,-4,4
70342,79,66,13,13
70343,97,117,-20,20
70344,68,77,-9,9
70345,93,83,10,10
70346,99,94,5,5
70347,68,67,1,1
70348,83,70,13,13
70349,85,85,0,0
70350,89,93,-4,4
70351,95,88,7,7
70352,133,131,2,2
70353,86,83,3,3
70354,94,89,5,5
70355,63,70,-7,7
70356,134,120,14,14
70357,79,85,-6,6
70358,55,53,2,2
70359,82,82,0,0
70360,60,63,-3,3
70361,63,73,-10,10
70362,179,159,20,20
70363,127,117,10,10
70364,65,56,9,9
70365,101,99,2,2
70366,112,103,9,9
70367,66,65,1,1
70368,104,94,10,10
70369,80,90,-10,10
70370,84,77,7,7
70371,57,64,-7,7
70372,55,55,0,0
70373,134,114,20,20
70374,125,114,11,11
70375,83,80,3,3
70376,66,66,0,0
70377,59,82,-23,23
70378,117,115,2,2
70379,103,130,-27,27
70380,101,82,19,19
70381,128,131,-3,3
70382,92,98,-6,6
70383,167,168,-1,1
70384,79,79,0,0
70385,121,113,8,8
70386,85,74,11,11
70387,80,67,13,13
70388,26,27,-1,1
70389,52,46,6,6
70390,58,69,-11,11
70391,137,131,6,6
70392,48,48,0,0
70393,138,124,14,14
70394,81,65,16,16
70395,132,133,-1,1
70396,111,97,14,14
70397,115,113,2,2
70398,129,120,9,9
70399,125,118,7,7
70400,138,154,-16,16
70401,51,59,-8,8
70402,131,130,1,1
70403,164,165,-1,1
70404,107,90,17,17
70405,102,93,9,9
70406,66,63,3,3
70407,59,55,4,4
70408,60,56,4,4
70409,145,142,3,3
70410,143,140,3,3
70411,121,116,5,5
70412,98,99,-1,1
70413,107,89,18,18
70414,69,70,-1,1
70415,154,145,9,9
70416,93,93,0,0
70417,93,83,10,10
70418,41,40,1,1
70419,103,111,-8,8
70420,81,75,6,6
70421,105,90,15,15
70422,60,61,-1,1
70423,90,86,4,4
70424,76,70,6,6
70425,98,99,-1,1
70426,70,67,3,3
70427,49,61,-12,12
70428,113,105,8,8
70429,45,63,-18,18
70430,109,102,7,7
70431,53,52,1,1
70432,98,75,23,23
70433,70,64,6,6
70434,91,80,11,11
70435,126,115,11,11
70436,68,65,3,3
70437,54,74,-20,20
70438,99,92,7,7
70439,85,86,-1,1
70440,85,76,9,9
70441,93,92,1,1
70442,69,69,0,0
70443,59,56,3,3
70444,47,59,-12,12
70445,83,77,6,6
70446,103,106,-3,3
70447,93,76,17,17
70448,125,124,1,1
70449,97,92,5,5
70450,103,107,-4,4
70451,79,78,1,1
70452,103,109,-6,6
70453,132,123,9,9
70454,165,185,-20,20
70455,132,116,16,16
70456,88,84,4,4
70457,92,78,14,14
70458,75,80,-5,5
70459,108,96,12,12
70460,98,89,9,9
70461,133,145,-12,12
70462,75,71,4,4
70463,187,206,-19,19
70464,123,117,6,6
70465,63,77,-14,14
70466,92,102,-10,10
70467,117,109,8,8
70468,98,86,12,12
70469,247,224,23,23
70470,98,97,1,1
70471,102,80,22,22
70472,66,60,6,6
70473,62,60,2,2
70474,84,82,2,2
70475,52,49,3,3
70476,107,98,9,9
70477,155,132,23,23
70478,118,115,3,3
70479,150,151,-1,1
70480,112,97,15,15
70481,106,107,-1,1
70482,61,59,2,2
70483,101,101,0,0
70484,80,77,3,3
70485,65,83,-18,18
70486,86,77,9,9
70487,74,70,4,4
70488,163,151,12,12
70489,100,96,4,4
70490,44,46,-2,2
70491,86,70,16,16
70492,119,108,11,11
70493,80,74,6,6
70494,57,70,-13,13
70495,136,105,31,31
70496,113,115,-2,2
70497,75,70,5,5
70498,41,58,-17,17
70499,125,137,-12,12
70500,77,74,3,3
70501,97,89,8,8
70502,159,172,-13,13
70503,43,47,-4,4
70504,47,49,-2,2
70505,53,62,-9,9
70506,141,133,8,8
70507,79,72,7,7
70508,74,72,2,2
70509,117,112,5,5
70510,39,46,-7,7
70511,74,77,-3,3
70512,131,132,-1,1
70513,95,93,2,2
70514,152,136,16,16
70515,80,80,0,0
70516,125,105,20,20
70517,114,114,0,0
70518,113,94,19,19
70519,58,67,-9,9
70520,98,92,6,6
70521,135,123,12,12
70522,88,93,-5,5
70523,147,139,8,8
70524,83,77,6,6
70525,145,135,10,10
70526,144,129,15,15
70527,142,145,-3,3
70528,65,68,-3,3
70529,59,64,-5,5
70530,116,111,5,5
70531,51,57,-6,6
70532,48,47,1,1
70533,113,117,-4,4
70534,87,68,19,19
70535,72,78,-6,6
70536,100,96,4,4
70537,66,65,1,1
70538,106,111,-5,5
70539,128,124,4,4
70540,71,70,1,1
70541,69,73,-4,4
70542,117,130,-13,13
70543,125,127,-2,2
70544,105,92,13,13
70545,43,53,-10,10
70546,154,176,-22,22
70547,77,77,0,0
70548,104,102,2,2
70549,112,103,9,9
70550,84,84,0,0
70551,69,71,-2,2
70552,135,119,16,16
70553,130,107,23,23
70554,117,125,-8,8
70555,47,54,-7,7
70556,114,112,2,2
70557,100,98,2,2
70558,129,137,-8,8
70559,59,54,5,5
70560,159,157,2,2
70561,61,40,21,21
70562,51,59,-8,8
70563,92,86,6,6
70564,73,72,1,1
70565,98,81,17,17
70566,117,110,7,7
70567,100,102,-2,2
70568,54,73,-19,19
70569,76,75,1,1
70570,132,131,1,1
70571,178,139,39,39
70572,91,90,1,1
70573,127,105,22,22
70574,75,69,6,6
70575,70,70,0,0
70576,124,116,8,8
70577,125,126,-1,1
70578,80,81,-1,1
70579,59,59,0,0
70580,82,88,-6,6
70581,130,129,1,1
70582,82,88,-6,6
70583,93,86,7,7
70584,82,84,-2,2
70585,160,147,13,13
70586,83,81,2,2
70587,128,122,6,6
70588,123,108,15,15
70589,98,88,10,10
70590,104,90,14,14
70591,109,97,12,12
70592,48,48,0,0
70593,62,52,10,10
70594,63,63,0,0
70595,63,62,1,1
70596,115,104,11,11
70597,94,85,9,9
70598,94,91,3,3
70599,91,88,3,3
70600,141,129,12,12
70601,162,156,6,6
70602,91,96,-5,5
70603,88,92,-4,4
70604,117,115,2,2
70605,52,54,-2,2
70606,57,61,-4,4
70607,106,90,16,16
70608,77,84,-7,7
70609,58,60,-2,2
70610,85,77,8,8
70611,110,101,9,9
70612,74,72,2,2
70613,97,93,4,4
70614,58,71,-13,13
70615,92,95,-3,3
70616,97,93,4,4
70617,73,68,5,5
70618,89,89,0,0
70619,108,103,5,5
70620,129,121,8,8
70621,83,80,3,3
70622,97,89,8,8
70623,88,88,0,0
70624,88,82,6,6
70625,74,77,-3,3
70626,103,103,0,0
70627,93,82,11,11
70628,39,38,1,1
70629,168,167,1,1
70630,102,90,12,12
70631,77,75,2,2
70632,209,227,-18,18
70633,88,82,6,6
70634,88,82,6,6
70635,95,100,-5,5
70636,113,99,14,14
70637,109,111,-2,2
70638,93,92,1,1
70639,167,155,12,12
70640,55,79,-24,24
70641,115,101,14,14
70642,101,100,1,1
70643,52,70,-18,18
70644,155,154,1,1
70645,47,55,-8,8
70646,123,141,-18,18
70647,71,74,-3,3
70648,109,108,1,1
70649,63,63,0,0
70650,132,132,0,0
70651,74,87,-13,13
70652,89,90,-1,1
70653,131,125,6,6
70654,71,75,-4,4
70655,100,96,4,4
70656,76,87,-11,11
70657,67,74,-7,7
70658,121,97,24,24
70659,45,55,-10,10
70660,79,75,4,4
70661,145,149,-4,4
70662,242,206,36,36
70663,64,66,-2,2
70664,146,134,12,12
70665,80,75,5,5
70666,135,129,6,6
70667,94,81,13,13
70668,88,77,11,11
70669,119,120,-1,1
70670,129,118,11,11
70671,86,82,4,4
70672,60,56,4,4
70673,148,149,-1,1
70674,43,54,-11,11
70675,41,49,-8,8
70676,272,269,3,3
70677,116,86,30,30
70678,86,86,0,0
70679,69,75,-6,6
70680,51,51,0,0
70681,80,76,4,4
70682,83,80,3,3
70683,108,100,8,8
70684,66,64,2,2
70685,178,184,-6,6
70686,138,137,1,1
70687,124,104,20,20
70688,58,57,1,1
70689,93,88,5,5
70690,135,121,14,14
70691,98,76,22,22
70692,91,85,6,6
70693,83,74,9,9
70694,192,188,4,4
70695,119,98,21,21
70696,44,46,-2,2
70697,83,85,-2,2
70698,75,76,-1,1
70699,216,216,0,0
70700,178,172,6,6
70701,81,70,11,11
70702,56,65,-9,9
70703,85,87,-2,2
70704,87,82,5,5
70705,77,76,1,1
70706,73,75,-2,2
70707,122,117,5,5
70708,169,148,21,21
70709,155,140,15,15
70710,111,101,10,10
70711,37,37,0,0
70712,116,119,-3,3
70713,107,97,10,10
70714,63,64,-1,1
70715,97,100,-3,3
70716,108,93,15,15
70717,94,92,2,2
70718,56,60,-4,4
70719,49,42,7,7
70720,87,93,-6,6
70721,110,104,6,6
70722,89,93,-4,4
70723,87,79,8,8
70724,127,124,3,3
70725,82,77,5,5
70726,58,51,7,7
70727,69,74,-5,5
70728,66,48,18,18
70729,62,84,-22,22
70730,80,78,2,2
70731,62,62,0,0
70732,46,50,-4,4
70733,48,68,-20,20
70734,77,74,3,3
70735,99,113,-14,14
70736,98,103,-5,5
70737,87,89,-2,2
70738,63,63,0,0
70739,114,110,4,4
70740,121,133,-12,12
70741,70,87,-17,17
70742,118,104,14,14
70743,116,110,6,6
70744,89,95,-6,6
70745,100,102,-2,2
70746,249,317,-68,68
70747,202,184,18,18
70748,152,153,-1,1
70749,140,119,21,21
70750,162,146,16,16
70751,90,85,5,5
70752,132,116,16,16
70753,79,64,15,15
70754,73,70,3,3
70755,115,102,13,13
70756,188,170,18,18
70757,72,72,0,0
70758,112,107,5,5
70759,131,111,20,20
70760,128,129,-1,1
70761,125,120,5,5
70762,133,132,1,1
70763,159,147,12,12
70764,96,88,8,8
70765,85,84,1,1
70766,103,100,3,3
70767,74,77,-3,3
70768,139,134,5,5
70769,114,114,0,0
70770,35,34,1,1
70771,56,51,5,5
70772,85,86,-1,1
70773,111,94,17,17
70774,107,109,-2,2
70775,138,138,0,0
70776,79,78,1,1
70777,89,87,2,2
70778,97,85,12,12
70779,88,75,13,13
70780,77,75,2,2
70781,83,81,2,2
70782,138,133,5,5
70783,109,110,-1,1
70784,58,67,-9,9
70785,65,69,-4,4
70786,97,90,7,7
70787,95,86,9,9
70788,93,84,9,9
70789,80,89,-9,9
70790,88,94,-6,6
70791,104,105,-1,1
70792,72,74,-2,2
70793,75,66,9,9
70794,88,87,1,1
70795,104,109,-5,5
70796,70,70,0,0
70797,83,89,-6,6
70798,108,94,14,14
70799,84,77,7,7
70800,91,100,-9,9
70801,115,110,5,5
70802,80,86,-6,6
70803,122,122,0,0
70804,116,101,15,15
70805,119,105,14,14
70806,105,96,9,9
70807,80,83,-3,3
70808,63,81,-18,18
70809,108,117,-9,9
70810,73,68,5,5
70811,116,113,3,3
70812,101,87,14,14
70813,78,78,0,0
70814,137,139,-2,2
70815,94,95,-1,1
70816,63,50,13,13
70817,122,131,-9,9
70818,145,138,7,7
70819,110,97,13,13
70820,86,78,8,8
70821,160,166,-6,6
70822,149,139,10,10
70823,93,91,2,2
70824,77,72,5,5
70825,43,46,-3,3
70826,85,88,-3,3
70827,85,80,5,5
70828,71,70,1,1
70829,68,70,-2,2
70830,85,84,1,1
70831,74,79,-5,5
70832,152,182,-30,30
70833,161,145,16,16
70834,130,129,1,1
70835,83,75,8,8
70836,102,105,-3,3
70837,96,102,-6,6
70838,111,120,-9,9
70839,41,43,-2,2
70840,54,61,-7,7
70841,119,111,8,8
70842,89,78,11,11
70843,105,96,9,9
70844,163,161,2,2
70845,102,100,2,2
70846,90,81,9,9
70847,52,66,-14,14
70848,61,57,4,4
70849,84,93,-9,9
70850,87,90,-3,3
70851,56,75,-19,19
70852,86,96,-10,10
70853,153,143,10,10
70854,130,124,6,6
70855,171,154,17,17
70856,81,76,5,5
70857,76,80,-4,4
70858,82,80,2,2
70859,114,120,-6,6
70860,103,103,0,0
70861,98,103,-5,5
70862,130,130,0,0
70863,145,135,10,10
70864,66,71,-5,5
70865,136,117,19,19
70866,96,104,-8,8
70867,35,40,-5,5
70868,77,70,7,7
70869,108,103,5,5
70870,91,102,-11,11
70871,68,67,1,1
70872,114,110,4,4
70873,38,41,-3,3
70874,123,95,28,28
70875,81,91,-10,10
70876,96,95,1,1
70877,89,93,-4,4
70878,129,140,-11,11
70879,93,87,6,6
70880,57,58,-1,1
70881,81,68,13,13
70882,137,124,13,13
70883,83,85,-2,2
70884,97,92,5,5
70885,100,91,9,9
70886,83,78,5,5
70887,94,91,3,3
70888,87,95,-8,8
70889,154,143,11,11
70890,126,115,11,11
70891,74,73,1,1
70892,87,83,4,4
70893,62,77,-15,15
70894,61,65,-4,4
70895,94,84,10,10
70896,91,82,9,9
70897,67,62,5,5
70898,87,85,2,2
70899,58,66,-8,8
70900,126,122,4,4
70901,102,96,6,6
70902,97,96,1,1
70903,60,57,3,3
70904,84,83,1,1
70905,168,128,40,40
70906,89,87,2,2
70907,60,58,2,2
70908,99,98,1,1
70909,119,113,6,6
70910,90,88,2,2
70911,150,142,8,8
70912,95,89,6,6
70913,79,71,8,8
70914,45,45,0,0
70915,101,98,3,3
70916,123,113,10,10
70917,145,142,3,3
70918,56,53,3,3
70919,83,80,3,3
70920,48,47,1,1
70921,65,63,2,2
70922,102,106,-4,4
70923,75,81,-6,6
70924,194,221,-27,27
70925,55,57,-2,2
70926,61,66,-5,5
70927,97,93,4,4
70928,123,125,-2,2
70929,47,50,-3,3
70930,99,112,-13,13
70931,88,90,-2,2
70932,65,63,2,2
70933,71,74,-3,3
70934,140,132,8,8
70935,113,102,11,11
70936,70,73,-3,3
70937,123,126,-3,3
70938,113,103,10,10
70939,170,161,9,9
70940,101,101,0,0
70941,113,101,12,12
70942,102,88,14,14
70943,74,78,-4,4
70944,73,83,-10,10
70945,90,93,-3,3
70946,62,51,11,11
70947,104,120,-16,16
70948,119,127,-8,8
70949,71,66,5,5
70950,129,129,0,0
70951,48,48,0,0
70952,149,149,0,0
70953,63,61,2,2
70954,115,113,2,2
70955,110,121,-11,11
70956,93,108,-15,15
70957,100,96,4,4
70958,90,90,0,0
70959,46,54,-8,8
70960,126,108,18,18
70961,99,94,5,5
70962,65,61,4,4
70963,77,77,0,0
70964,70,66,4,4
70965,82,87,-5,5
70966,91,93,-2,2
70967,142,128,14,14
70968,73,78,-5,5
70969,146,135,11,11
70970,106,104,2,2
70971,185,186,-1,1
70972,72,67,5,5
70973,119,99,20,20
70974,56,59,-3,3
70975,110,99,11,11
70976,94,91,3,3
70977,79,93,-14,14
70978,50,50,0,0
70979,86,86,0,0
70980,73,71,2,2
70981,81,78,3,3
70982,68,79,-11,11
70983,69,79,-10,10
70984,135,117,18,18
70985,162,162,0,0
70986,107,102,5,5
70987,74,72,2,2
70988,61,62,-1,1
70989,101,92,9,9
70990,70,64,6,6
70991,101,112,-11,11
70992,61,67,-6,6
70993,103,98,5,5
70994,47,116,-69,69
70995,87,82,5,5
70996,73,73,0,0
70997,100,87,13,13
70998,97,90,7,7
70999,75,75,0,0
71000,77,80,-3,3
71001,59,53,6,6
71002,136,127,9,9
71003,44,41,3,3
71004,149,145,4,4
71005,85,90,-5,5
71006,132,131,1,1
71007,54,56,-2,2
71008,98,88,10,10
71009,102,105,-3,3
71010,122,117,5,5
71011,70,65,5,5
71012,121,127,-6,6
71013,86,85,1,1
71014,99,97,2,2
71015,71,68,3,3
71016,113,115,-2,2
71017,100,96,4,4
71018,61,60,1,1
71019,69,70,-1,1
71020,103,112,-9,9
71021,122,137,-15,15
71022,90,82,8,8
71023,113,99,14,14
71024,99,104,-5,5
71025,100,90,10,10
71026,77,78,-1,1
71027,84,78,6,6
71028,101,89,12,12
71029,86,77,9,9
71030,43,42,1,1
71031,73,71,2,2
71032,128,119,9,9
71033,81,69,12,12
71034,67,55,12,12
71035,137,122,15,15
71036,77,71,6,6
71037,52,56,-4,4
71038,103,105,-2,2
71039,107,99,8,8
71040,101,90,11,11
71041,80,77,3,3
71042,114,110,4,4
71043,112,98,14,14
71044,118,102,16,16
71045,110,106,4,4
71046,88,74,14,14
71047,63,99,-36,36
71048,125,108,17,17
71049,126,114,12,12
71050,68,91,-23,23
71051,59,69,-10,10
71052,69,71,-2,2
71053,90,82,8,8
71054,108,104,4,4
71055,80,84,-4,4
71056,63,58,5,5
71057,52,58,-6,6
71058,72,78,-6,6
71059,76,75,1,1
71060,92,85,7,7
71061,133,155,-22,22
71062,65,70,-5,5
71063,69,60,9,9
71064,121,108,13,13
71065,92,92,0,0
71066,67,66,1,1
71067,134,122,12,12
71068,81,68,13,13
71069,68,81,-13,13
71070,67,67,0,0
71071,52,49,3,3
71072,107,101,6,6
71073,120,112,8,8
71074,133,127,6,6
71075,150,126,24,24
71076,124,134,-10,10
71077,86,86,0,0
71078,29,25,4,4
71079,170,157,13,13
71080,88,93,-5,5
71081,158,155,3,3
71082,58,56,2,2
71083,129,124,5,5
71084,94,95,-1,1
71085,116,113,3,3
71086,159,159,0,0
71087,86,79,7,7
71088,174,167,7,7
71089,104,97,7,7
71090,90,80,10,10
71091,101,95,6,6
71092,107,105,2,2
71093,133,109,24,24
71094,70,66,4,4
71095,100,92,8,8
71096,174,171,3,3
71097,41,50,-9,9
71098,85,82,3,3
71099,76,77,-1,1
71100,73,84,-11,11
71101,131,123,8,8
71102,83,86,-3,3
71103,88,91,-3,3
71104,128,119,9,9
71105,86,81,5,5
71106,163,162,1,1
71107,104,111,-7,7
71108,50,53,-3,3
71109,114,86,28,28
71110,108,107,1,1
71111,72,74,-2,2
71112,63,67,-4,4
71113,51,48,3,3
71114,94,80,14,14
71115,76,70,6,6
71116,39,40,-1,1
71117,100,101,-1,1
71118,64,80,-16,16
71119,87,83,4,4
71120,112,103,9,9
71121,105,103,2,2
71122,84,86,-2,2
71123,135,138,-3,3
71124,66,67,-1,1
71125,164,164,0,0
71126,53,60,-7,7
71127,131,120,11,11
71128,97,92,5,5
71129,44,53,-9,9
71130,85,82,3,3
71131,58,49,9,9
71132,105,106,-1,1
71133,51,51,0,0
71134,67,66,1,1
71135,82,83,-1,1
71136,100,96,4,4
71137,154,149,5,5
71138,89,86,3,3
71139,88,80,8,8
71140,104,81,23,23
71141,82,61,21,21
71142,97,86,11,11
71143,87,92,-5,5
71144,71,61,10,10
71145,87,85,2,2
71146,71,69,2,2
71147,168,156,12,12
71148,124,118,6,6
71149,75,69,6,6
71150,137,110,27,27
71151,131,120,11,11
71152,161,169,-8,8
71153,80,81,-1,1
71154,109,105,4,4
71155,65,65,0,0
71156,152,156,-4,4
71157,120,108,12,12
71158,116,106,10,10
71159,82,93,-11,11
71160,214,184,30,30
71161,75,70,5,5
71162,95,73,22,22
71163,120,115,5,5
71164,126,126,0,0
71165,112,109,3,3
71166,115,121,-6,6
71167,94,89,5,5
71168,84,93,-9,9
71169,99,96,3,3
71170,69,53,16,16
71171,62,65,-3,3
71172,106,105,1,1
71173,110,96,14,14
71174,78,73,5,5
71175,161,187,-26,26
71176,140,95,45,45
71177,83,97,-14,14
71178,110,102,8,8
71179,50,60,-10,10
71180,160,140,20,20
71181,93,82,11,11
71182,161,157,4,4
71183,37,38,-1,1
71184,58,50,8,8
71185,109,108,1,1
71186,99,106,-7,7
71187,124,144,-20,20
71188,65,61,4,4
71189,113,113,0,0
71190,114,113,1,1
71191,127,106,21,21
71192,99,90,9,9
71193,83,75,8,8
71194,74,81,-7,7
71195,112,114,-2,2
71196,76,75,1,1
71197,86,83,3,3
71198,59,68,-9,9
71199,185,167,18,18
71200,113,92,21,21
71201,90,97,-7,7
71202,60,66,-6,6
71203,136,114,22,22
71204,94,95,-1,1
71205,100,92,8,8
71206,93,83,10,10
71207,80,79,1,1
71208,138,107,31,31
71209,123,116,7,7
71210,84,92,-8,8
71211,96,95,1,1
71212,123,126,-3,3
71213,46,78,-32,32
71214,54,59,-5,5
71215,135,131,4,4
71216,135,96,39,39
71217,79,90,-11,11
71218,127,122,5,5
71219,75,76,-1,1
71220,43,74,-31,31
71221,107,88,19,19
71222,86,73,13,13
71223,114,107,7,7
71224,56,43,13,13
71225,80,75,5,5
71226,86,84,2,2
71227,62,54,8,8
71228,78,67,11,11
71229,158,150,8,8
71230,96,102,-6,6
71231,88,84,4,4
71232,62,52,10,10
71233,116,103,13,13
71234,103,103,0,0
71235,108,117,-9,9
71236,96,86,10,10
71237,65,69,-4,4
71238,64,68,-4,4
71239,136,127,9,9
71240,92,94,-2,2
71241,66,65,1,1
71242,106,103,3,3
71243,168,135,33,33
71244,91,83,8,8
71245,90,94,-4,4
71246,83,77,6,6
71247,198,193,5,5
71248,98,96,2,2
71249,116,98,18,18
71250,77,79,-2,2
71251,95,97,-2,2
71252,113,106,7,7
71253,102,101,1,1
71254,54,48,6,6
71255,138,144,-6,6
71256,76,83,-7,7
71257,58,53,5,5
71258,74,73,1,1
71259,93,88,5,5
71260,56,76,-20,20
71261,139,137,2,2
71262,169,168,1,1
71263,131,124,7,7
71264,64,52,12,12
71265,89,90,-1,1
71266,111,107,4,4
71267,149,142,7,7
71268,86,80,6,6
71269,67,85,-18,18
71270,54,53,1,1
71271,47,52,-5,5
71272,43,58,-15,15
71273,90,84,6,6
71274,139,113,26,26
71275,62,62,0,0
71276,67,72,-5,5
71277,75,78,-3,3
71278,87,82,5,5
71279,82,78,4,4
71280,41,41,0,0
71281,86,85,1,1
71282,151,132,19,19
71283,87,84,3,3
71284,107,103,4,4
71285,67,65,2,2
71286,90,99,-9,9
71287,133,120,13,13
71288,42,43,-1,1
71289,124,112,12,12
71290,66,71,-5,5
71291,74,73,1,1
71292,54,47,7,7
71293,123,107,16,16
71294,137,133,4,4
71295,67,65,2,2
71296,113,114,-1,1
71297,103,89,14,14
71298,161,152,9,9
71299,114,101,13,13
71300,112,120,-8,8
71301,103,102,1,1
71302,112,108,4,4
71303,123,120,3,3
71304,65,71,-6,6
71305,97,89,8,8
71306,68,67,1,1
71307,69,74,-5,5
71308,69,61,8,8
71309,143,133,10,10
71310,107,102,5,5
71311,59,61,-2,2
71312,125,118,7,7
71313,57,53,4,4
71314,108,109,-1,1
71315,86,86,0,0
71316,98,96,2,2
71317,82,85,-3,3
71318,87,114,-27,27
71319,65,68,-3,3
71320,96,91,5,5
71321,60,47,13,13
71322,77,76,1,1
71323,81,79,2,2
71324,147,137,10,10
71325,75,64,11,11
71326,75,78,-3,3
71327,85,90,-5,5
71328,94,89,5,5
71329,158,151,7,7
71330,103,77,26,26
71331,125,109,16,16
71332,119,143,-24,24
71333,109,104,5,5
71334,64,62,2,2
71335,74,73,1,1
71336,33,33,0,0
71337,104,93,11,11
71338,73,76,-3,3
71339,148,124,24,24
71340,57,72,-15,15
71341,62,60,2,2
71342,143,130,13,13
71343,96,104,-8,8
71344,61,69,-8,8
71345,126,122,4,4
71346,66,86,-20,20
71347,97,104,-7,7
71348,58,63,-5,5
71349,85,85,0,0
71350,207,194,13,13
71351,114,110,4,4
71352,105,94,11,11
71353,92,89,3,3
71354,80,74,6,6
71355,97,85,12,12
71356,93,86,7,7
71357,55,55,0,0
71358,89,83,6,6
71359,116,117,-1,1
71360,98,92,6,6
71361,79,69,10,10
71362,127,125,2,2
71363,112,107,5,5
71364,131,110,21,21
71365,92,102,-10,10
71366,81,73,8,8
71367,236,227,9,9
71368,110,119,-9,9
71369,66,71,-5,5
71370,100,100,0,0
71371,98,96,2,2
71372,118,117,1,1
71373,91,94,-3,3
71374,162,143,19,19
71375,77,72,5,5
71376,67,76,-9,9
71377,131,134,-3,3
71378,103,101,2,2
71379,57,62,-5,5
71380,93,80,13,13
71381,72,80,-8,8
71382,67,60,7,7
71383,49,61,-12,12
71384,72,69,3,3
71385,56,58,-2,2
71386,154,198,-44,44
71387,72,85,-13,13
71388,44,52,-8,8
71389,97,98,-1,1
71390,173,140,33,33
71391,151,150,1,1
71392,92,93,-1,1
71393,41,61,-20,20
71394,101,102,-1,1
71395,151,124,27,27
71396,112,98,14,14
71397,82,79,3,3
71398,147,133,14,14
71399,104,90,14,14
71400,156,143,13,13
71401,69,72,-3,3
71402,88,94,-6,6
71403,49,53,-4,4
71404,72,77,-5,5
71405,87,85,2,2
71406,83,86,-3,3
71407,78,68,10,10
71408,109,115,-6,6
71409,118,122,-4,4
71410,146,178,-32,32
71411,95,88,7,7
71412,139,129,10,10
71413,112,116,-4,4
71414,74,77,-3,3
71415,101,101,0,0
71416,69,60,9,9
71417,60,54,6,6
71418,52,51,1,1
71419,70,66,4,4
71420,52,49,3,3
71421,93,97,-4,4
71422,75,71,4,4
71423,50,61,-11,11
71424,64,58,6,6
71425,167,131,36,36
71426,59,66,-7,7
71427,117,121,-4,4
71428,97,94,3,3
71429,93,97,-4,4
71430,70,77,-7,7
71431,91,84,7,7
71432,52,58,-6,6
71433,97,93,4,4
71434,66,59,7,7
71435,91,86,5,5
71436,72,100,-28,28
71437,113,104,9,9
71438,91,86,5,5
71439,50,62,-12,12
71440,85,114,-29,29
71441,167,142,25,25
71442,78,73,5,5
71443,149,138,11,11
71444,102,94,8,8
71445,116,109,7,7
71446,69,75,-6,6
71447,63,66,-3,3
71448,108,107,1,1
71449,81,78,3,3
71450,82,80,2,2
71451,113,107,6,6
71452,83,88,-5,5
71453,97,86,11,11
71454,78,93,-15,15
71455,102,100,2,2
71456,109,120,-11,11
71457,64,70,-6,6
71458,98,92,6,6
71459,156,128,28,28
71460,126,121,5,5
71461,90,90,0,0
71462,122,116,6,6
71463,67,70,-3,3
71464,60,58,2,2
71465,60,62,-2,2
71466,73,74,-1,1
71467,135,146,-11,11
71468,116,113,3,3
71469,92,88,4,4
71470,116,111,5,5
71471,76,89,-13,13
71472,137,129,8,8
71473,38,58,-20,20
71474,212,215,-3,3
71475,115,109,6,6
71476,170,154,16,16
71477,140,151,-11,11
71478,194,166,28,28
71479,119,103,16,16
71480,46,47,-1,1
71481,67,64,3,3
71482,114,111,3,3
71483,107,126,-19,19
71484,83,108,-25,25
71485,103,91,12,12
71486,75,76,-1,1
71487,117,170,-53,53
71488,59,50,9,9
71489,68,86,-18,18
71490,117,118,-1,1
71491,142,116,26,26
71492,50,57,-7,7
71493,72,68,4,4
71494,114,123,-9,9
71495,161,166,-5,5
71496,104,95,9,9
71497,241,226,15,15
71498,72,66,6,6
71499,89,86,3,3
71500,76,73,3,3
71501,97,92,5,5
71502,93,86,7,7
71503,73,67,6,6
71504,67,53,14,14
71505,89,81,8,8
71506,91,90,1,1
71507,112,109,3,3
71508,156,156,0,0
71509,59,50,9,9
71510,71,73,-2,2
71511,35,39,-4,4
71512,60,52,8,8
71513,151,155,-4,4
71514,83,81,2,2
71515,114,115,-1,1
71516,66,66,0,0
71517,68,71,-3,3
71518,128,123,5,5
71519,168,144,24,24
71520,84,81,3,3
71521,87,88,-1,1
71522,94,100,-6,6
71523,44,54,-10,10
71524,93,94,-1,1
71525,135,121,14,14
71526,80,83,-3,3
71527,105,102,3,3
71528,86,88,-2,2
71529,115,105,10,10
71530,183,158,25,25
71531,120,118,2,2
71532,25,35,-10,10
71533,53,56,-3,3
71534,131,111,20,20
71535,164,154,10,10
71536,74,77,-3,3
71537,125,127,-2,2
71538,91,93,-2,2
71539,106,91,15,15
71540,95,91,4,4
71541,75,76,-1,1
71542,114,111,3,3
71543,70,69,1,1
71544,89,80,9,9
71545,37,27,10,10
71546,90,82,8,8
71547,60,64,-4,4
71548,106,106,0,0
71549,59,65,-6,6
71550,114,123,-9,9
71551,69,67,2,2
71552,96,97,-1,1
71553,90,106,-16,16
71554,132,137,-5,5
71555,117,113,4,4
71556,78,76,2,2
71557,63,74,-11,11
71558,96,101,-5,5
71559,132,104,28,28
71560,83,81,2,2
71561,114,106,8,8
71562,109,105,4,4
71563,97,83,14,14
71564,81,85,-4,4
71565,95,88,7,7
71566,82,82,0,0
71567,127,130,-3,3
71568,108,104,4,4
71569,91,100,-9,9
71570,87,91,-4,4
71571,92,86,6,6
71572,165,168,-3,3
71573,85,79,6,6
71574,50,63,-13,13
71575,62,54,8,8
71576,97,86,11,11
71577,87,97,-10,10
71578,66,53,13,13
71579,76,75,1,1
71580,75,75,0,0
71581,172,145,27,27
71582,45,44,1,1
71583,86,87,-1,1
71584,73,82,-9,9
71585,189,167,22,22
71586,65,67,-2,2
71587,76,83,-7,7
71588,95,93,2,2
71589,95,81,14,14
71590,87,91,-4,4
71591,108,99,9,9
71592,91,67,24,24
71593,69,81,-12,12
71594,141,153,-12,12
71595,75,64,11,11
71596,82,82,0,0
71597,55,55,0,0
71598,55,66,-11,11
71599,121,122,-1,1
71600,55,51,4,4
71601,131,113,18,18
71602,111,105,6,6
71603,52,60,-8,8
71604,141,134,7,7
71605,82,78,4,4
71606,49,50,-1,1
71607,67,84,-17,17
71608,65,60,5,5
71609,116,118,-2,2
71610,112,114,-2,2
71611,117,107,10,10
71612,137,130,7,7
71613,95,104,-9,9
71614,59,65,-6,6
71615,84,87,-3,3
71616,89,77,12,12
71617,137,133,4,4
71618,194,173,21,21
71619,144,128,16,16
71620,106,96,10,10
71621,122,107,15,15
71622,67,74,-7,7
71623,104,110,-6,6
71624,114,107,7,7
71625,84,88,-4,4
71626,49,71,-22,22
71627,232,229,3,3
71628,79,70,9,9
71629,101,104,-3,3
71630,105,100,5,5
71631,104,100,4,4
71632,221,194,27,27
71633,124,106,18,18
71634,154,148,6,6
71635,110,103,7,7
71636,75,75,0,0
71637,175,164,11,11
71638,162,163,-1,1
71639,169,151,18,18
71640,82,83,-1,1
71641,69,60,9,9
71642,63,72,-9,9
71643,101,103,-2,2
71644,59,56,3,3
71645,123,135,-12,12
71646,105,109,-4,4
71647,99,91,8,8
71648,58,68,-10,10
71649,103,93,10,10
71650,77,88,-11,11
71651,64,62,2,2
71652,49,48,1,1
71653,96,97,-1,1
71654,78,85,-7,7
71655,124,134,-10,10
71656,66,86,-20,20
71657,163,151,12,12
71658,140,159,-19,19
71659,77,77,0,0
71660,55,62,-7,7
71661,64,59,5,5
71662,73,95,-22,22
71663,86,85,1,1
71664,87,83,4,4
71665,80,86,-6,6
71666,74,78,-4,4
71667,69,61,8,8
71668,118,117,1,1
71669,74,80,-6,6
71670,162,155,7,7
71671,63,74,-11,11
71672,88,84,4,4
71673,105,109,-4,4
71674,70,61,9,9
71675,86,92,-6,6
71676,82,84,-2,2
71677,181,170,11,11
71678,60,62,-2,2
71679,139,128,11,11
71680,45,40,5,5
71681,84,83,1,1
71682,87,79,8,8
71683,94,86,8,8
71684,94,99,-5,5
71685,102,117,-15,15
71686,82,79,3,3
71687,102,86,16,16
71688,51,47,4,4
71689,91,86,5,5
71690,92,89,3,3
71691,119,116,3,3
71692,98,97,1,1
71693,92,83,9,9
71694,144,135,9,9
71695,117,116,1,1
71696,61,54,7,7
71697,55,45,10,10
71698,89,85,4,4
71699,83,80,3,3
71700,122,106,16,16
71701,101,99,2,2
71702,71,78,-7,7
71703,183,190,-7,7
71704,79,80,-1,1
71705,68,80,-12,12
71706,124,107,17,17
71707,96,88,8,8
71708,82,76,6,6
71709,99,111,-12,12
71710,145,113,32,32
71711,143,128,15,15
71712,131,131,0,0
71713,83,83,0,0
71714,118,133,-15,15
71715,65,75,-10,10
71716,52,57,-5,5
71717,78,77,1,1
71718,76,79,-3,3
71719,142,128,14,14
71720,90,79,11,11
71721,64,68,-4,4
71722,70,66,4,4
71723,81,86,-5,5
71724,155,152,3,3
71725,94,101,-7,7
71726,64,63,1,1
71727,83,82,1,1
71728,112,108,4,4
71729,112,92,20,20
71730,132,125,7,7
71731,84,75,9,9
71732,63,66,-3,3
71733,78,83,-5,5
71734,143,144,-1,1
71735,71,73,-2,2
71736,94,90,4,4
71737,75,70,5,5
71738,54,61,-7,7
71739,81,72,9,9
71740,72,80,-8,8
71741,95,81,14,14
71742,136,124,12,12
71743,89,84,5,5
71744,66,67,-1,1
71745,95,85,10,10
71746,85,79,6,6
71747,114,110,4,4
71748,70,61,9,9
71749,70,60,10,10
71750,115,117,-2,2
71751,139,137,2,2
71752,104,102,2,2
71753,65,65,0,0
71754,145,138,7,7
71755,108,100,8,8
71756,81,77,4,4
71757,85,68,17,17
71758,59,61,-2,2
71759,146,153,-7,7
71760,89,105,-16,16
71761,94,95,-1,1
71762,82,77,5,5
71763,58,70,-12,12
71764,78,80,-2,2
71765,92,84,8,8
71766,65,67,-2,2
71767,100,90,10,10
71768,126,119,7,7
71769,115,103,12,12
71770,64,56,8,8
71771,67,69,-2,2
71772,114,102,12,12
71773,73,73,0,0
71774,86,82,4,4
71775,92,88,4,4
71776,393,440,-47,47
71777,121,132,-11,11
71778,77,84,-7,7
71779,106,102,4,4
71780,81,80,1,1
71781,99,86,13,13
71782,150,137,13,13
71783,98,95,3,3
71784,107,108,-1,1
71785,59,56,3,3
71786,53,43,10,10
71787,99,91,8,8
71788,138,136,2,2
71789,58,70,-12,12
71790,85,76,9,9
71791,129,118,11,11
71792,60,58,2,2
71793,67,64,3,3
71794,107,104,3,3
71795,42,52,-10,10
71796,73,73,0,0
71797,81,91,-10,10
71798,154,146,8,8
71799,84,81,3,3
71800,67,71,-4,4
71801,62,60,2,2
71802,93,90,3,3
71803,119,109,10,10
71804,112,108,4,4
71805,146,151,-5,5
71806,45,42,3,3
71807,127,118,9,9
71808,87,82,5,5
71809,122,117,5,5
71810,83,72,11,11
71811,116,113,3,3
71812,95,102,-7,7
71813,101,101,0,0
71814,132,135,-3,3
71815,116,101,15,15
71816,79,66,13,13
71817,94,89,5,5
71818,131,116,15,15
71819,61,55,6,6
71820,66,67,-1,1
71821,78,77,1,1
71822,145,140,5,5
71823,166,172,-6,6
71824,88,81,7,7
71825,99,92,7,7
71826,85,91,-6,6
71827,62,58,4,4
71828,85,84,1,1
71829,103,102,1,1
71830,123,143,-20,20
71831,43,49,-6,6
71832,89,89,0,0
71833,61,65,-4,4
71834,65,66,-1,1
71835,81,77,4,4
71836,77,75,2,2
71837,118,109,9,9
71838,53,46,7,7
71839,90,71,19,19
71840,101,112,-11,11
71841,88,83,5,5
71842,136,124,12,12
71843,142,119,23,23
71844,79,71,8,8
71845,124,125,-1,1
71846,69,67,2,2
71847,55,60,-5,5
71848,84,81,3,3
71849,34,33,1,1
71850,86,77,9,9
71851,67,62,5,5
71852,234,223,11,11
71853,175,179,-4,4
71854,50,50,0,0
71855,75,77,-2,2
71856,61,64,-3,3
71857,103,99,4,4
71858,59,53,6,6
71859,83,98,-15,15
71860,50,44,6,6
71861,89,87,2,2
71862,65,74,-9,9
71863,140,127,13,13
71864,158,150,8,8
71865,113,91,22,22
71866,118,129,-11,11
71867,172,162,10,10
71868,119,121,-2,2
71869,106,102,4,4
71870,146,149,-3,3
71871,72,74,-2,2
71872,84,91,-7,7
71873,78,85,-7,7
71874,58,50,8,8
71875,85,74,11,11
71876,137,124,13,13
71877,86,108,-22,22
71878,78,82,-4,4
71879,88,96,-8,8
71880,108,106,2,2
71881,104,97,7,7
71882,77,88,-11,11
71883,101,99,2,2
71884,109,122,-13,13
71885,84,77,7,7
71886,70,62,8,8
71887,134,130,4,4
71888,51,43,8,8
71889,128,122,6,6
71890,103,114,-11,11
71891,76,78,-2,2
71892,101,107,-6,6
71893,92,92,0,0
71894,72,76,-4,4
71895,68,67,1,1
71896,84,81,3,3
71897,88,99,-11,11
71898,119,121,-2,2
71899,56,43,13,13
71900,31,40,-9,9
71901,91,86,5,5
71902,163,151,12,12
71903,124,109,15,15
71904,71,58,13,13
71905,101,97,4,4
71906,112,135,-23,23
71907,103,99,4,4
71908,74,74,0,0
71909,57,59,-2,2
71910,137,131,6,6
71911,124,107,17,17
71912,77,86,-9,9
71913,83,79,4,4
71914,66,73,-7,7
71915,110,98,12,12
71916,65,61,4,4
71917,98,102,-4,4
71918,87,78,9,9
71919,90,76,14,14
71920,140,135,5,5
71921,116,110,6,6
71922,128,119,9,9
71923,73,61,12,12
71924,155,160,-5,5
71925,96,100,-4,4
71926,115,116,-1,1
71927,63,63,0,0
71928,57,48,9,9
71929,113,118,-5,5
71930,104,91,13,13
71931,53,66,-13,13
71932,62,67,-5,5
71933,53,54,-1,1
71934,71,67,4,4
71935,76,76,0,0
71936,117,111,6,6
71937,57,55,2,2
71938,79,69,10,10
71939,69,78,-9,9
71940,78,77,1,1
71941,40,71,-31,31
71942,58,71,-13,13
71943,105,93,12,12
71944,87,100,-13,13
71945,118,103,15,15
71946,101,109,-8,8
71947,32,28,4,4
71948,75,76,-1,1
71949,112,108,4,4
71950,112,104,8,8
71951,124,128,-4,4
71952,68,60,8,8
71953,72,71,1,1
71954,52,55,-3,3
71955,84,81,3,3
71956,78,76,2,2
71957,106,91,15,15
71958,126,122,4,4
71959,103,105,-2,2
71960,110,86,24,24
71961,91,88,3,3
71962,149,133,16,16
71963,55,51,4,4
71964,113,104,9,9
71965,72,67,5,5
71966,79,82,-3,3
71967,125,120,5,5
71968,126,103,23,23
71969,156,165,-9,9
71970,69,60,9,9
71971,59,52,7,7
71972,92,101,-9,9
71973,65,60,5,5
71974,94,89,5,5
71975,76,95,-19,19
71976,145,139,6,6
71977,141,122,19,19
71978,71,72,-1,1
71979,91,85,6,6
71980,56,58,-2,2
71981,107,104,3,3
71982,73,71,2,2
71983,120,132,-12,12
71984,109,74,35,35
71985,125,108,17,17
71986,80,77,3,3
71987,55,54,1,1
71988,92,89,3,3
71989,125,109,16,16
71990,74,72,2,2
71991,65,73,-8,8
71992,85,87,-2,2
71993,41,57,-16,16
71994,73,80,-7,7
71995,133,106,27,27
71996,48,56,-8,8
71997,81,73,8,8
71998,109,117,-8,8
71999,98,98,0,0
72000,123,109,14,14
72001,103,104,-1,1
72002,79,77,2,2
72003,60,60,0,0
72004,93,91,2,2
72005,162,116,46,46
72006,121,111,10,10
72007,113,126,-13,13
72008,64,78,-14,14
72009,61,61,0,0
72010,110,108,2,2
72011,106,100,6,6
72012,111,103,8,8
72013,72,79,-7,7
72014,50,47,3,3
72015,58,53,5,5
72016,112,112,0,0
72017,86,93,-7,7
72018,77,87,-10,10
72019,116,110,6,6
72020,77,75,2,2
72021,156,137,19,19
72022,94,92,2,2
72023,152,142,10,10
72024,153,143,10,10
72025,91,91,0,0
72026,114,108,6,6
72027,54,56,-2,2
72028,68,65,3,3
72029,108,114,-6,6
72030,144,136,8,8
72031,122,114,8,8
72032,94,90,4,4
72033,100,90,10,10
72034,63,68,-5,5
72035,109,107,2,2
72036,92,85,7,7
72037,104,95,9,9
72038,80,64,16,16
72039,83,67,16,16
72040,115,109,6,6
72041,149,158,-9,9
72042,111,108,3,3
72043,64,67,-3,3
72044,117,104,13,13
72045,68,72,-4,4
72046,98,81,17,17
72047,58,59,-1,1
72048,109,99,10,10
72049,84,66,18,18
72050,59,60,-1,1
72051,122,106,16,16
72052,67,64,3,3
72053,74,71,3,3
72054,65,62,3,3
72055,95,87,8,8
72056,90,86,4,4
72057,71,74,-3,3
72058,46,45,1,1
72059,37,59,-22,22
72060,128,119,9,9
72061,110,103,7,7
72062,98,108,-10,10
72063,55,51,4,4
72064,118,107,11,11
72065,28,35,-7,7
72066,164,168,-4,4
72067,97,95,2,2
72068,149,135,14,14
72069,100,90,10,10
72070,102,97,5,5
72071,99,103,-4,4
72072,170,156,14,14
72073,124,118,6,6
72074,109,107,2,2
72075,146,121,25,25
72076,170,171,-1,1
72077,85,74,11,11
72078,106,99,7,7
72079,96,93,3,3
72080,105,110,-5,5
72081,116,103,13,13
72082,61,62,-1,1
72083,114,109,5,5
72084,105,100,5,5
72085,163,179,-16,16
72086,50,48,2,2
72087,141,115,26,26
72088,79,89,-10,10
72089,129,121,8,8
72090,82,80,2,2
72091,61,68,-7,7
72092,69,63,6,6
72093,62,84,-22,22
72094,93,89,4,4
72095,92,86,6,6
72096,91,95,-4,4
72097,45,47,-2,2
72098,167,151,16,16
72099,71,70,1,1
72100,43,68,-25,25
72101,122,120,2,2
72102,73,62,11,11
72103,99,95,4,4
72104,82,77,5,5
72105,119,110,9,9
72106,135,116,19,19
72107,46,45,1,1
72108,102,94,8,8
72109,66,64,2,2
72110,159,153,6,6
72111,93,97,-4,4
72112,93,83,10,10
72113,71,67,4,4
72114,106,90,16,16
72115,99,99,0,0
72116,145,154,-9,9
72117,102,113,-11,11
72118,146,124,22,22
72119,129,122,7,7
72120,105,113,-8,8
72121,119,110,9,9
72122,49,52,-3,3
72123,114,106,8,8
72124,137,131,6,6
72125,84,83,1,1
72126,63,65,-2,2
72127,120,108,12,12
72128,63,57,6,6
72129,153,131,22,22
72130,73,81,-8,8
72131,110,90,20,20
72132,178,158,20,20
72133,73,98,-25,25
72134,80,84,-4,4
72135,98,91,7,7
72136,122,119,3,3
72137,122,119,3,3
72138,95,90,5,5
72139,100,100,0,0
72140,107,107,0,0
72141,86,80,6,6
72142,62,57,5,5
72143,77,72,5,5
72144,49,52,-3,3
72145,68,74,-6,6
72146,25,41,-16,16
72147,83,79,4,4
72148,54,42,12,12
72149,122,119,3,3
72150,115,118,-3,3
72151,92,88,4,4
72152,120,127,-7,7
72153,161,130,31,31
72154,100,85,15,15
72155,127,130,-3,3
72156,56,62,-6,6
72157,120,111,9,9
72158,319,339,-20,20
72159,161,144,17,17
72160,120,105,15,15
72161,119,110,9,9
72162,119,98,21,21
72163,155,125,30,30
72164,90,90,0,0
72165,43,51,-8,8
72166,67,58,9,9
72167,75,76,-1,1
72168,86,82,4,4
72169,107,92,15,15
72170,109,112,-3,3
72171,105,104,1,1
72172,120,122,-2,2
72173,57,55,2,2
72174,81,79,2,2
72175,114,112,2,2
72176,101,94,7,7
72177,104,90,14,14
72178,105,88,17,17
72179,93,93,0,0
72180,117,126,-9,9
72181,93,88,5,5
72182,60,62,-2,2
72183,81,69,12,12
72184,96,87,9,9
72185,99,97,2,2
72186,88,79,9,9
72187,113,118,-5,5
72188,91,94,-3,3
72189,142,130,12,12
72190,95,93,2,2
72191,79,78,1,1
72192,80,83,-3,3
72193,54,39,15,15
72194,124,111,13,13
72195,86,90,-4,4
72196,154,126,28,28
72197,77,84,-7,7
72198,129,114,15,15
72199,196,150,46,46
72200,78,77,1,1
72201,63,69,-6,6
72202,176,157,19,19
72203,102,96,6,6
72204,102,103,-1,1
72205,92,87,5,5
72206,145,132,13,13
72207,64,66,-2,2
72208,100,85,15,15
72209,96,100,-4,4
72210,96,88,8,8
72211,51,47,4,4
72212,61,66,-5,5
72213,129,123,6,6
72214,196,177,19,19
72215,61,63,-2,2
72216,86,77,9,9
72217,69,78,-9,9
72218,121,105,16,16
72219,87,93,-6,6
72220,105,89,16,16
72221,67,85,-18,18
72222,71,83,-12,12
72223,165,146,19,19
72224,132,109,23,23
72225,171,161,10,10
72226,81,74,7,7
72227,142,138,4,4
72228,75,74,1,1
72229,102,88,14,14
72230,86,103,-17,17
72231,136,131,5,5
72232,63,55,8,8
72233,122,124,-2,2
72234,89,89,0,0
72235,97,98,-1,1
72236,67,66,1,1
72237,105,96,9,9
72238,64,63,1,1
72239,85,93,-8,8
72240,99,98,1,1
72241,80,70,10,10
72242,115,98,17,17
72243,65,65,0,0
72244,104,103,1,1
72245,115,105,10,10
72246,147,140,7,7
72247,105,99,6,6
72248,141,120,21,21
72249,163,157,6,6
72250,129,117,12,12
72251,90,82,8,8
72252,73,84,-11,11
72253,101,97,4,4
72254,103,102,1,1
72255,53,61,-8,8
72256,67,63,4,4
72257,78,76,2,2
72258,75,69,6,6
72259,76,71,5,5
72260,105,105,0,0
72261,103,94,9,9
72262,108,113,-5,5
72263,154,132,22,22
72264,84,85,-1,1
72265,125,115,10,10
72266,71,70,1,1
72267,84,85,-1,1
72268,81,81,0,0
72269,95,90,5,5
72270,249,221,28,28
72271,101,100,1,1
72272,69,78,-9,9
72273,109,105,4,4
72274,76,74,2,2
72275,92,83,9,9
72276,56,63,-7,7
72277,85,83,2,2
72278,51,52,-1,1
72279,117,107,10,10
72280,74,79,-5,5
72281,184,171,13,13
72282,82,86,-4,4
72283,93,98,-5,5
72284,87,81,6,6
72285,56,52,4,4
72286,65,58,7,7
72287,95,88,7,7
72288,112,117,-5,5
72289,110,107,3,3
72290,137,134,3,3
72291,73,79,-6,6
72292,128,105,23,23
72293,99,84,15,15
72294,133,127,6,6
72295,109,102,7,7
72296,74,83,-9,9
72297,99,85,14,14
72298,23,32,-9,9
72299,87,91,-4,4
72300,175,168,7,7
72301,71,70,1,1
72302,64,63,1,1
72303,74,83,-9,9
72304,127,120,7,7
72305,136,140,-4,4
72306,114,107,7,7
72307,143,139,4,4
72308,115,115,0,0
72309,83,87,-4,4
72310,118,111,7,7
72311,64,65,-1,1
72312,94,97,-3,3
72313,69,58,11,11
72314,142,141,1,1
72315,75,71,4,4
72316,58,58,0,0
72317,19,31,-12,12
72318,83,88,-5,5
72319,59,60,-1,1
72320,99,97,2,2
72321,69,75,-6,6
72322,95,85,10,10
72323,248,208,40,40
72324,129,113,16,16
72325,45,50,-5,5
72326,129,126,3,3
72327,99,96,3,3
72328,98,94,4,4
72329,115,119,-4,4
72330,136,145,-9,9
72331,111,97,14,14
72332,98,89,9,9
72333,85,86,-1,1
72334,141,135,6,6
72335,94,102,-8,8
72336,94,87,7,7
72337,112,117,-5,5
72338,107,108,-1,1
72339,127,126,1,1
72340,113,100,13,13
72341,131,117,14,14
72342,69,83,-14,14
72343,51,48,3,3
72344,148,134,14,14
72345,79,65,14,14
72346,108,106,2,2
72347,105,108,-3,3
72348,82,94,-12,12
72349,152,161,-9,9
72350,77,81,-4,4
72351,96,102,-6,6
72352,118,117,1,1
72353,176,196,-20,20
72354,161,173,-12,12
72355,74,74,0,0
72356,89,99,-10,10
72357,126,133,-7,7
72358,105,108,-3,3
72359,102,100,2,2
72360,74,87,-13,13
72361,122,114,8,8
72362,80,77,3,3
72363,75,70,5,5
72364,148,139,9,9
72365,129,123,6,6
72366,68,68,0,0
72367,74,90,-16,16
72368,96,79,17,17
72369,88,79,9,9
72370,53,66,-13,13
72371,79,74,5,5
72372,78,71,7,7
72373,69,64,5,5
72374,134,121,13,13
72375,77,69,8,8
72376,144,123,21,21
72377,102,99,3,3
72378,112,135,-23,23
72379,122,105,17,17
72380,87,81,6,6
72381,111,111,0,0
72382,102,88,14,14
72383,73,72,1,1
72384,86,81,5,5
72385,74,73,1,1
72386,132,110,22,22
72387,128,134,-6,6
72388,130,121,9,9
72389,62,66,-4,4
72390,44,49,-5,5
72391,78,78,0,0
72392,95,88,7,7
72393,95,77,18,18
72394,116,112,4,4
72395,80,77,3,3
72396,57,59,-2,2
72397,84,97,-13,13
72398,122,113,9,9
72399,115,116,-1,1
72400,185,165,20,20
72401,144,112,32,32
72402,54,62,-8,8
72403,125,123,2,2
72404,107,124,-17,17
72405,140,161,-21,21
72406,59,58,1,1
72407,64,65,-1,1
72408,83,77,6,6
72409,56,54,2,2
72410,79,67,12,12
72411,58,51,7,7
72412,92,91,1,1
72413,138,138,0,0
72414,110,108,2,2
72415,197,173,24,24
72416,102,94,8,8
72417,75,76,-1,1
72418,127,122,5,5
72419,95,93,2,2
72420,64,68,-4,4
72421,68,77,-9,9
72422,174,172,2,2
72423,61,63,-2,2
72424,74,71,3,3
72425,106,104,2,2
72426,60,66,-6,6
72427,73,78,-5,5
72428,92,87,5,5
72429,189,160,29,29
72430,99,91,8,8
72431,147,137,10,10
72432,120,120,0,0
72433,75,87,-12,12
72434,57,51,6,6
72435,56,54,2,2
72436,73,74,-1,1
72437,67,62,5,5
72438,176,154,22,22
72439,131,116,15,15
72440,101,94,7,7
72441,77,71,6,6
72442,90,109,-19,19
72443,106,106,0,0
72444,120,118,2,2
72445,82,78,4,4
72446,117,111,6,6
72447,57,69,-12,12
72448,57,71,-14,14
72449,104,96,8,8
72450,85,75,10,10
72451,112,112,0,0
72452,89,88,1,1
72453,88,97,-9,9
72454,87,76,11,11
72455,103,115,-12,12
72456,151,134,17,17
72457,92,95,-3,3
72458,98,83,15,15
72459,63,72,-9,9
72460,88,88,0,0
72461,85,83,2,2
72462,29,30,-1,1
72463,88,103,-15,15
72464,105,106,-1,1
72465,108,102,6,6
72466,69,67,2,2
72467,100,96,4,4
72468,67,76,-9,9
72469,78,66,12,12
72470,97,99,-2,2
72471,84,75,9,9
72472,57,65,-8,8
72473,124,110,14,14
72474,117,108,9,9
72475,101,93,8,8
72476,104,108,-4,4
72477,97,104,-7,7
72478,69,71,-2,2
72479,105,102,3,3
72480,78,80,-2,2
72481,75,69,6,6
72482,67,68,-1,1
72483,182,165,17,17
72484,49,54,-5,5
72485,89,87,2,2
72486,72,81,-9,9
72487,97,105,-8,8
72488,72,76,-4,4
72489,66,58,8,8
72490,118,130,-12,12
72491,49,53,-4,4
72492,87,88,-1,1
72493,157,124,33,33
72494,63,53,10,10
72495,69,73,-4,4
72496,163,170,-7,7
72497,221,222,-1,1
72498,60,62,-2,2
72499,97,94,3,3
72500,64,56,8,8
72501,87,96,-9,9
72502,101,98,3,3
72503,96,104,-8,8
72504,111,117,-6,6
72505,67,60,7,7
72506,112,109,3,3
72507,92,69,23,23
72508,90,95,-5,5
72509,127,125,2,2
72510,62,65,-3,3
72511,82,83,-1,1
72512,131,113,18,18
72513,66,61,5,5
72514,122,110,12,12
72515,80,90,-10,10
72516,83,83,0,0
72517,71,81,-10,10
72518,76,72,4,4
72519,130,139,-9,9
72520,72,65,7,7
72521,51,47,4,4
72522,114,117,-3,3
72523,62,66,-4,4
72524,46,44,2,2
72525,58,63,-5,5
72526,84,91,-7,7
72527,69,68,1,1
72528,59,102,-43,43
72529,65,70,-5,5
72530,175,171,4,4
72531,135,126,9,9
72532,106,103,3,3
72533,72,82,-10,10
72534,124,121,3,3
72535,126,114,12,12
72536,120,127,-7,7
72537,92,89,3,3
72538,68,69,-1,1
72539,109,102,7,7
72540,74,83,-9,9
72541,61,66,-5,5
72542,96,95,1,1
72543,115,118,-3,3
72544,88,90,-2,2
72545,112,107,5,5
72546,182,144,38,38
72547,156,131,25,25
72548,156,152,4,4
72549,103,94,9,9
72550,89,87,2,2
72551,114,103,11,11
72552,106,82,24,24
72553,85,77,8,8
72554,107,98,9,9
72555,75,73,2,2
72556,84,83,1,1
72557,120,118,2,2
72558,95,86,9,9
72559,48,58,-10,10
72560,65,61,4,4
72561,59,67,-8,8
72562,85,82,3,3
72563,125,119,6,6
72564,89,84,5,5
72565,92,95,-3,3
72566,131,132,-1,1
72567,83,88,-5,5
72568,81,76,5,5
72569,82,71,11,11
72570,66,60,6,6
72571,126,125,1,1
72572,167,164,3,3
72573,103,109,-6,6
72574,119,111,8,8
72575,133,128,5,5
72576,138,139,-1,1
72577,136,123,13,13
72578,57,59,-2,2
72579,111,107,4,4
72580,75,68,7,7
72581,64,59,5,5
72582,111,109,2,2
72583,126,126,0,0
72584,147,133,14,14
72585,188,167,21,21
72586,123,68,55,55
72587,87,91,-4,4
72588,77,75,2,2
72589,82,72,10,10
72590,83,83,0,0
72591,69,74,-5,5
72592,136,134,2,2
72593,53,60,-7,7
72594,81,76,5,5
72595,124,120,4,4
72596,111,108,3,3
72597,120,113,7,7
72598,66,69,-3,3
72599,68,68,0,0
72600,147,153,-6,6
72601,193,181,12,12
72602,62,61,1,1
72603,113,105,8,8
72604,83,87,-4,4
72605,114,109,5,5
72606,138,135,3,3
72607,63,73,-10,10
72608,153,127,26,26
72609,75,84,-9,9
72610,104,87,17,17
72611,138,137,1,1
72612,86,76,10,10
72613,85,84,1,1
72614,132,134,-2,2
72615,86,81,5,5
72616,60,71,-11,11
72617,119,103,16,16
72618,233,220,13,13
72619,125,133,-8,8
72620,128,119,9,9
72621,135,135,0,0
72622,92,82,10,10
72623,134,119,15,15
72624,108,103,5,5
72625,154,130,24,24
72626,149,154,-5,5
72627,112,101,11,11
72628,117,109,8,8
72629,158,152,6,6
72630,83,78,5,5
72631,92,103,-11,11
72632,80,73,7,7
72633,86,85,1,1
72634,23,31,-8,8
72635,90,90,0,0
72636,129,127,2,2
72637,122,118,4,4
72638,49,52,-3,3
72639,58,64,-6,6
72640,115,101,14,14
72641,92,84,8,8
72642,146,169,-23,23
72643,69,88,-19,19
72644,107,104,3,3
72645,152,140,12,12
72646,106,104,2,2
72647,78,79,-1,1
72648,122,110,12,12
72649,97,103,-6,6
72650,62,62,0,0
72651,125,114,11,11
72652,172,159,13,13
72653,73,73,0,0
72654,88,83,5,5
72655,69,69,0,0
72656,72,62,10,10
72657,87,84,3,3
72658,53,60,-7,7
72659,65,61,4,4
72660,117,103,14,14
72661,105,107,-2,2
72662,168,154,14,14
72663,83,94,-11,11
72664,65,68,-3,3
72665,108,99,9,9
72666,45,50,-5,5
72667,123,111,12,12
72668,62,63,-1,1
72669,69,71,-2,2
72670,65,69,-4,4
72671,88,98,-10,10
72672,70,68,2,2
72673,115,107,8,8
72674,68,68,0,0
72675,109,102,7,7
72676,117,117,0,0
72677,68,68,0,0
72678,93,93,0,0
72679,76,72,4,4
72680,147,130,17,17
72681,124,115,9,9
72682,146,137,9,9
72683,104,111,-7,7
72684,85,87,-2,2
72685,107,97,10,10
72686,131,117,14,14
72687,71,68,3,3
72688,78,73,5,5
72689,69,65,4,4
72690,124,123,1,1
72691,101,97,4,4
72692,64,55,9,9
72693,69,68,1,1
72694,60,77,-17,17
72695,97,96,1,1
72696,78,73,5,5
72697,106,125,-19,19
72698,102,84,18,18
72699,102,97,5,5
72700,135,133,2,2
72701,84,90,-6,6
72702,132,119,13,13
72703,81,67,14,14
72704,55,47,8,8
72705,80,78,2,2
72706,89,87,2,2
72707,218,428,-210,210
72708,68,70,-2,2
72709,136,109,27,27
72710,78,79,-1,1
72711,66,64,2,2
72712,115,112,3,3
72713,102,88,14,14
72714,64,71,-7,7
72715,32,37,-5,5
72716,61,53,8,8
72717,98,94,4,4
72718,87,84,3,3
72719,75,63,12,12
72720,131,119,12,12
72721,82,87,-5,5
72722,102,101,1,1
72723,68,59,9,9
72724,129,124,5,5
72725,147,143,4,4
72726,54,51,3,3
72727,95,89,6,6
72728,181,176,5,5
72729,102,102,0,0
72730,49,59,-10,10
72731,100,88,12,12
72732,72,74,-2,2
72733,137,136,1,1
72734,57,53,4,4
72735,85,81,4,4
72736,69,71,-2,2
72737,44,34,10,10
72738,102,99,3,3
72739,140,125,15,15
72740,59,60,-1,1
72741,59,69,-10,10
72742,67,63,4,4
72743,96,97,-1,1
72744,54,52,2,2
72745,81,79,2,2
72746,154,148,6,6
72747,134,135,-1,1
72748,100,86,14,14
72749,104,92,12,12
72750,92,96,-4,4
72751,63,64,-1,1
72752,115,102,13,13
72753,55,59,-4,4
72754,163,162,1,1
72755,122,127,-5,5
72756,106,93,13,13
72757,90,96,-6,6
72758,97,92,5,5
72759,69,76,-7,7
72760,86,82,4,4
72761,87,86,1,1
72762,134,115,19,19
72763,83,93,-10,10
72764,96,107,-11,11
72765,75,65,10,10
72766,91,81,10,10
72767,74,70,4,4
72768,105,109,-4,4
72769,109,106,3,3
72770,50,69,-19,19
72771,83,73,10,10
72772,101,88,13,13
72773,98,100,-2,2
72774,78,84,-6,6
72775,115,98,17,17
72776,151,146,5,5
72777,50,40,10,10
72778,111,105,6,6
72779,75,82,-7,7
72780,191,164,27,27
72781,82,80,2,2
72782,133,121,12,12
72783,131,130,1,1
72784,69,64,5,5
72785,112,101,11,11
72786,52,58,-6,6
72787,109,112,-3,3
72788,82,85,-3,3
72789,106,103,3,3
72790,36,33,3,3
72791,84,79,5,5
72792,103,98,5,5
72793,56,61,-5,5
72794,78,67,11,11
72795,69,68,1,1
72796,67,60,7,7
72797,83,83,0,0
72798,103,102,1,1
72799,84,84,0,0
72800,68,71,-3,3
72801,78,83,-5,5
72802,118,110,8,8
72803,112,105,7,7
72804,108,104,4,4
72805,113,114,-1,1
72806,116,92,24,24
72807,67,66,1,1
72808,110,119,-9,9
72809,100,90,10,10
72810,111,96,15,15
72811,82,86,-4,4
72812,157,152,5,5
72813,75,80,-5,5
72814,102,96,6,6
72815,90,86,4,4
72816,60,62,-2,2
72817,88,89,-1,1
72818,96,94,2,2
72819,117,133,-16,16
72820,76,83,-7,7
72821,166,131,35,35
72822,187,151,36,36
72823,73,68,5,5
72824,91,103,-12,12
72825,125,124,1,1
72826,60,64,-4,4
72827,91,86,5,5
72828,99,106,-7,7
72829,80,73,7,7
72830,125,129,-4,4
72831,111,105,6,6
72832,54,56,-2,2
72833,192,183,9,9
72834,159,148,11,11
72835,71,67,4,4
72836,80,78,2,2
72837,58,55,3,3
72838,78,75,3,3
72839,146,130,16,16
72840,73,69,4,4
72841,178,158,20,20
72842,94,93,1,1
72843,131,129,2,2
72844,70,58,12,12
72845,126,124,2,2
72846,84,79,5,5
72847,80,86,-6,6
72848,214,190,24,24
72849,111,105,6,6
72850,134,137,-3,3
72851,89,105,-16,16
72852,124,137,-13,13
72853,112,107,5,5
72854,94,101,-7,7
72855,110,110,0,0
72856,143,133,10,10
72857,70,76,-6,6
72858,112,115,-3,3
72859,88,80,8,8
72860,89,76,13,13
72861,78,64,14,14
72862,121,110,11,11
72863,69,74,-5,5
72864,82,79,3,3
72865,137,169,-32,32
72866,116,113,3,3
72867,169,154,15,15
72868,108,94,14,14
72869,62,56,6,6
72870,66,77,-11,11
72871,126,116,10,10
72872,77,68,9,9
72873,170,155,15,15
72874,48,53,-5,5
72875,123,111,12,12
72876,135,124,11,11
72877,128,128,0,0
72878,108,104,4,4
72879,102,92,10,10
72880,89,90,-1,1
72881,68,77,-9,9
72882,83,77,6,6
72883,174,168,6,6
72884,130,114,16,16
72885,176,167,9,9
72886,87,99,-12,12
72887,69,64,5,5
72888,69,73,-4,4
72889,100,92,8,8
72890,164,161,3,3
72891,94,99,-5,5
72892,82,80,2,2
72893,191,207,-16,16
72894,99,100,-1,1
72895,78,84,-6,6
72896,68,70,-2,2
72897,121,103,18,18
72898,128,124,4,4
72899,149,135,14,14
72900,164,147,17,17
72901,74,72,2,2
72902,67,54,13,13
72903,59,61,-2,2
72904,100,113,-13,13
72905,62,78,-16,16
72906,100,100,0,0
72907,79,87,-8,8
72908,137,157,-20,20
72909,74,76,-2,2
72910,94,96,-2,2
72911,119,102,17,17
72912,103,104,-1,1
72913,95,92,3,3
72914,60,62,-2,2
72915,111,104,7,7
72916,34,40,-6,6
72917,78,89,-11,11
72918,97,97,0,0
72919,111,107,4,4
72920,85,98,-13,13
72921,149,140,9,9
72922,90,86,4,4
72923,49,59,-10,10
72924,138,129,9,9
72925,69,61,8,8
72926,79,73,6,6
72927,70,69,1,1
72928,82,77,5,5
72929,79,80,-1,1
72930,85,90,-5,5
72931,89,87,2,2
72932,67,64,3,3
72933,106,115,-9,9
72934,70,78,-8,8
72935,74,82,-8,8
72936,55,67,-12,12
72937,164,156,8,8
72938,77,74,3,3
72939,57,51,6,6
72940,97,110,-13,13
72941,136,152,-16,16
72942,83,84,-1,1
72943,66,66,0,0
72944,92,94,-2,2
72945,92,88,4,4
72946,71,76,-5,5
72947,67,74,-7,7
72948,150,136,14,14
72949,69,68,1,1
72950,132,125,7,7
72951,194,200,-6,6
72952,137,131,6,6
72953,68,67,1,1
72954,90,91,-1,1
72955,113,103,10,10
72956,61,57,4,4
72957,160,146,14,14
72958,149,133,16,16
72959,48,61,-13,13
72960,128,125,3,3
72961,102,102,0,0
72962,95,95,0,0
72963,68,58,10,10
72964,164,152,12,12
72965,92,95,-3,3
72966,100,95,5,5
72967,68,77,-9,9
72968,81,81,0,0
72969,87,83,4,4
72970,121,109,12,12
72971,95,94,1,1
72972,99,90,9,9
72973,59,68,-9,9
72974,140,135,5,5
72975,109,85,24,24
72976,147,137,10,10
72977,84,90,-6,6
72978,111,101,10,10
72979,85,93,-8,8
72980,63,72,-9,9
72981,64,68,-4,4
72982,75,70,5,5
72983,136,106,30,30
72984,140,136,4,4
72985,45,52,-7,7
72986,159,160,-1,1
72987,110,105,5,5
72988,54,65,-11,11
72989,129,123,6,6
72990,170,166,4,4
72991,111,108,3,3
72992,72,62,10,10
72993,129,116,13,13
72994,67,66,1,1
72995,159,171,-12,12
72996,60,64,-4,4
72997,91,90,1,1
72998,126,110,16,16
72999,240,207,33,33
73000,113,107,6,6
73001,85,77,8,8
73002,54,66,-12,12
73003,68,68,0,0
73004,89,82,7,7
73005,142,130,12,12
73006,146,137,9,9
73007,87,83,4,4
73008,122,123,-1,1
73009,81,53,28,28
73010,77,74,3,3
73011,113,95,18,18
73012,182,196,-14,14
73013,111,103,8,8
73014,97,84,13,13
73015,90,89,1,1
73016,149,138,11,11
73017,62,70,-8,8
73018,121,116,5,5
73019,90,85,5,5
73020,64,52,12,12
73021,158,145,13,13
73022,89,85,4,4
73023,93,82,11,11
73024,82,76,6,6
73025,80,95,-15,15
73026,231,260,-29,29
73027,52,56,-4,4
73028,185,163,22,22
73029,125,132,-7,7
73030,116,110,6,6
73031,70,71,-1,1
73032,92,84,8,8
73033,135,138,-3,3
73034,83,86,-3,3
73035,78,76,2,2
73036,89,79,10,10
73037,98,96,2,2
73038,74,90,-16,16
73039,117,110,7,7
73040,65,224,-159,159
73041,80,79,1,1
73042,82,80,2,2
73043,144,145,-1,1
73044,64,67,-3,3
73045,144,129,15,15
73046,46,44,2,2
73047,29,32,-3,3
73048,81,82,-1,1
73049,115,115,0,0
73050,99,97,2,2
73051,80,82,-2,2
73052,111,102,9,9
73053,113,111,2,2
73054,119,106,13,13
73055,49,47,2,2
73056,128,120,8,8
73057,168,146,22,22
73058,52,56,-4,4
73059,115,107,8,8
73060,230,213,17,17
73061,113,124,-11,11
73062,66,67,-1,1
73063,102,98,4,4
73064,52,53,-1,1
73065,94,93,1,1
73066,69,68,1,1
73067,146,159,-13,13
73068,130,124,6,6
73069,82,69,13,13
73070,51,56,-5,5
73071,114,107,7,7
73072,58,65,-7,7
73073,70,80,-10,10
73074,74,78,-4,4
73075,75,76,-1,1
73076,54,49,5,5
73077,134,134,0,0
73078,46,46,0,0
73079,79,64,15,15
73080,66,74,-8,8
73081,114,113,1,1
73082,76,82,-6,6
73083,149,144,5,5
73084,126,116,10,10
73085,91,92,-1,1
73086,56,64,-8,8
73087,131,125,6,6
73088,119,129,-10,10
73089,119,102,17,17
73090,124,119,5,5
73091,142,140,2,2
73092,215,184,31,31
73093,59,59,0,0
73094,60,60,0,0
73095,76,73,3,3
73096,54,52,2,2
73097,78,81,-3,3
73098,133,150,-17,17
73099,56,49,7,7
73100,79,81,-2,2
73101,74,69,5,5
73102,55,62,-7,7
73103,62,52,10,10
73104,47,46,1,1
73105,112,113,-1,1
73106,112,104,8,8
73107,122,114,8,8
73108,104,101,3,3
73109,81,104,-23,23
73110,76,87,-11,11
73111,61,64,-3,3
73112,230,199,31,31
73113,87,84,3,3
73114,94,84,10,10
73115,83,79,4,4
73116,154,130,24,24
73117,140,120,20,20
73118,81,83,-2,2
73119,78,76,2,2
73120,112,102,10,10
73121,133,118,15,15
73122,72,82,-10,10
73123,150,106,44,44
73124,133,126,7,7
73125,74,59,15,15
73126,122,118,4,4
73127,90,86,4,4
73128,69,65,4,4
73129,75,77,-2,2
73130,50,42,8,8
73131,135,130,5,5
73132,126,121,5,5
73133,68,93,-25,25
73134,88,96,-8,8
73135,78,79,-1,1
73136,55,62,-7,7
73137,94,94,0,0
73138,57,54,3,3
73139,70,71,-1,1
73140,150,159,-9,9
73141,67,76,-9,9
73142,78,88,-10,10
73143,82,71,11,11
73144,123,125,-2,2
73145,75,69,6,6
73146,151,159,-8,8
73147,79,74,5,5
73148,116,104,12,12
73149,89,81,8,8
73150,143,147,-4,4
73151,94,92,2,2
73152,94,91,3,3
73153,81,84,-3,3
73154,77,74,3,3
73155,85,75,10,10
73156,104,100,4,4
73157,58,58,0,0
73158,76,79,-3,3
73159,72,73,-1,1
73160,90,78,12,12
73161,126,131,-5,5
73162,81,85,-4,4
73163,113,108,5,5
73164,72,81,-9,9
73165,111,110,1,1
73166,94,88,6,6
73167,77,68,9,9
73168,76,70,6,6
73169,91,80,11,11
73170,84,82,2,2
73171,50,63,-13,13
73172,111,113,-2,2
73173,160,153,7,7
73174,90,87,3,3
73175,165,170,-5,5
73176,153,130,23,23
73177,38,48,-10,10
73178,76,90,-14,14
73179,73,69,4,4
73180,99,99,0,0
73181,64,69,-5,5
73182,148,134,14,14
73183,146,148,-2,2
73184,86,84,2,2
73185,70,73,-3,3
73186,74,64,10,10
73187,102,92,10,10
73188,76,68,8,8
73189,115,108,7,7
73190,111,101,10,10
73191,67,84,-17,17
73192,120,118,2,2
73193,72,79,-7,7
73194,93,86,7,7
73195,256,254,2,2
73196,157,153,4,4
73197,70,71,-1,1
73198,95,100,-5,5
73199,99,97,2,2
73200,94,90,4,4
73201,81,75,6,6
73202,102,96,6,6
73203,107,103,4,4
73204,137,125,12,12
73205,91,94,-3,3
73206,90,94,-4,4
73207,68,68,0,0
73208,59,59,0,0
73209,86,85,1,1
73210,118,125,-7,7
73211,197,190,7,7
73212,55,66,-11,11
73213,82,77,5,5
73214,96,105,-9,9
73215,88,86,2,2
73216,72,92,-20,20
73217,56,72,-16,16
73218,110,99,11,11
73219,75,60,15,15
73220,107,113,-6,6
73221,100,103,-3,3
73222,137,131,6,6
73223,76,75,1,1
73224,174,168,6,6
73225,101,112,-11,11
73226,85,84,1,1
73227,53,58,-5,5
73228,108,99,9,9
73229,82,79,3,3
73230,84,86,-2,2
73231,92,93,-1,1
73232,125,136,-11,11
73233,93,100,-7,7
73234,54,62,-8,8
73235,113,105,8,8
73236,196,182,14,14
73237,71,62,9,9
73238,75,71,4,4
73239,46,47,-1,1
73240,107,108,-1,1
73241,82,88,-6,6
73242,88,101,-13,13
73243,57,49,8,8
73244,153,147,6,6
73245,131,131,0,0
73246,111,115,-4,4
73247,136,132,4,4
73248,58,59,-1,1
73249,85,90,-5,5
73250,98,88,10,10
73251,80,79,1,1
73252,82,87,-5,5
73253,74,65,9,9
73254,135,111,24,24
73255,88,84,4,4
73256,27,35,-8,8
73257,60,61,-1,1
73258,82,75,7,7
73259,176,170,6,6
73260,163,127,36,36
73261,130,130,0,0
73262,120,114,6,6
73263,143,122,21,21
73264,138,132,6,6
73265,88,78,10,10
73266,125,118,7,7
73267,81,79,2,2
73268,56,56,0,0
73269,70,74,-4,4
73270,59,62,-3,3
73271,117,126,-9,9
73272,35,45,-10,10
73273,115,97,18,18
73274,59,61,-2,2
73275,88,81,7,7
73276,124,124,0,0
73277,110,95,15,15
73278,118,107,11,11
73279,103,90,13,13
73280,121,116,5,5
73281,78,78,0,0
73282,69,67,2,2
73283,129,129,0,0
73284,75,71,4,4
73285,54,51,3,3
73286,185,175,10,10
73287,105,97,8,8
73288,65,58,7,7
73289,145,129,16,16
73290,134,128,6,6
73291,102,90,12,12
73292,75,71,4,4
73293,106,111,-5,5
73294,122,117,5,5
73295,42,43,-1,1
73296,144,142,2,2
73297,104,97,7,7
73298,117,110,7,7
73299,69,69,0,0
73300,63,78,-15,15
73301,184,147,37,37
73302,96,92,4,4
73303,86,77,9,9
73304,98,98,0,0
73305,78,78,0,0
73306,91,81,10,10
73307,53,47,6,6
73308,79,76,3,3
73309,141,129,12,12
73310,82,76,6,6
73311,49,49,0,0
73312,109,98,11,11
73313,61,65,-4,4
73314,90,92,-2,2
73315,61,54,7,7
73316,94,100,-6,6
73317,134,129,5,5
73318,65,72,-7,7
73319,136,116,20,20
73320,164,154,10,10
73321,98,102,-4,4
73322,83,80,3,3
73323,40,40,0,0
73324,67,85,-18,18
73325,90,89,1,1
73326,62,61,1,1
73327,60,59,1,1
73328,115,99,16,16
73329,135,133,2,2
73330,75,71,4,4
73331,35,65,-30,30
73332,94,102,-8,8
73333,113,103,10,10
73334,133,123,10,10
73335,103,84,19,19
73336,108,102,6,6
73337,65,73,-8,8
73338,67,60,7,7
73339,121,113,8,8
73340,89,103,-14,14
73341,69,72,-3,3
73342,128,125,3,3
73343,99,92,7,7
73344,100,97,3,3
73345,88,74,14,14
73346,160,146,14,14
73347,94,78,16,16
73348,111,111,0,0
73349,83,75,8,8
73350,51,65,-14,14
73351,126,119,7,7
73352,150,134,16,16
73353,57,54,3,3
73354,63,67,-4,4
73355,112,110,2,2
73356,196,187,9,9
73357,71,76,-5,5
73358,152,142,10,10
73359,87,86,1,1
73360,59,63,-4,4
73361,144,141,3,3
73362,122,114,8,8
73363,61,70,-9,9
73364,99,104,-5,5
73365,74,62,12,12
73366,68,69,-1,1
73367,92,97,-5,5
73368,147,144,3,3
73369,114,105,9,9
73370,64,62,2,2
73371,92,74,18,18
73372,85,72,13,13
73373,100,91,9,9
73374,142,120,22,22
73375,34,46,-12,12
73376,107,93,14,14
73377,110,98,12,12
73378,154,130,24,24
73379,69,68,1,1
73380,91,99,-8,8
73381,124,109,15,15
73382,71,62,9,9
73383,61,54,7,7
73384,110,102,8,8
73385,86,95,-9,9
73386,143,150,-7,7
73387,65,63,2,2
73388,82,80,2,2
73389,90,94,-4,4
73390,156,172,-16,16
73391,177,173,4,4
73392,108,110,-2,2
73393,100,113,-13,13
73394,60,67,-7,7
73395,81,85,-4,4
73396,99,96,3,3
73397,63,85,-22,22
73398,87,89,-2,2
73399,53,46,7,7
73400,47,50,-3,3
73401,65,76,-11,11
73402,79,69,10,10
73403,65,66,-1,1
73404,99,99,0,0
73405,61,61,0,0
73406,101,104,-3,3
73407,75,65,10,10
73408,99,109,-10,10
73409,84,80,4,4
73410,130,119,11,11
73411,147,130,17,17
73412,103,97,6,6
73413,48,54,-6,6
73414,88,79,9,9
73415,115,114,1,1
73416,81,73,8,8
73417,69,77,-8,8
73418,144,135,9,9
73419,103,94,9,9
73420,84,78,6,6
73421,175,155,20,20
73422,133,116,17,17
73423,88,86,2,2
73424,112,113,-1,1
73425,98,96,2,2
73426,79,76,3,3
73427,65,64,1,1
73428,75,79,-4,4
73429,101,100,1,1
73430,44,49,-5,5
73431,89,80,9,9
73432,107,105,2,2
73433,85,83,2,2
73434,42,44,-2,2
73435,86,86,0,0
73436,92,84,8,8
73437,70,80,-10,10
73438,79,72,7,7
73439,39,55,-16,16
73440,90,85,5,5
73441,126,105,21,21
73442,116,112,4,4
73443,69,73,-4,4
73444,51,53,-2,2
73445,107,96,11,11
73446,88,79,9,9
73447,104,88,16,16
73448,81,73,8,8
73449,78,76,2,2
73450,87,84,3,3
73451,63,72,-9,9
73452,92,90,2,2
73453,125,124,1,1
73454,113,105,8,8
73455,50,47,3,3
73456,71,72,-1,1
73457,78,75,3,3
73458,65,58,7,7
73459,145,135,10,10
73460,64,61,3,3
73461,83,80,3,3
73462,162,142,20,20
73463,84,82,2,2
73464,149,146,3,3
73465,68,69,-1,1
73466,84,93,-9,9
73467,74,65,9,9
73468,106,103,3,3
73469,87,89,-2,2
73470,102,124,-22,22
73471,142,115,27,27
73472,159,149,10,10
73473,49,51,-2,2
73474,133,127,6,6
73475,89,89,0,0
73476,47,46,1,1
73477,111,112,-1,1
73478,79,70,9,9
73479,108,109,-1,1
73480,58,58,0,0
73481,111,112,-1,1
73482,46,49,-3,3
73483,69,66,3,3
73484,144,146,-2,2
73485,122,119,3,3
73486,114,109,5,5
73487,60,54,6,6
73488,75,73,2,2
73489,79,75,4,4
73490,97,107,-10,10
73491,177,181,-4,4
73492,111,100,11,11
73493,35,54,-19,19
73494,133,114,19,19
73495,58,54,4,4
73496,114,97,17,17
73497,80,79,1,1
73498,133,107,26,26
73499,116,119,-3,3
73500,88,64,24,24
73501,126,114,12,12
73502,135,117,18,18
73503,85,91,-6,6
73504,154,157,-3,3
73505,118,108,10,10
73506,92,88,4,4
73507,146,152,-6,6
73508,63,67,-4,4
73509,77,69,8,8
73510,113,108,5,5
73511,110,176,-66,66
73512,63,65,-2,2
73513,78,67,11,11
73514,130,109,21,21
73515,64,59,5,5
73516,81,88,-7,7
73517,75,72,3,3
73518,41,43,-2,2
73519,139,132,7,7
73520,60,63,-3,3
73521,81,79,2,2
73522,108,105,3,3
73523,102,95,7,7
73524,63,55,8,8
73525,111,105,6,6
73526,42,53,-11,11
73527,93,91,2,2
73528,106,104,2,2
73529,92,83,9,9
73530,87,83,4,4
73531,100,98,2,2
73532,73,69,4,4
73533,65,60,5,5
73534,84,81,3,3
73535,158,154,4,4
73536,73,73,0,0
73537,116,125,-9,9
73538,79,86,-7,7
73539,114,107,7,7
73540,108,106,2,2
73541,89,83,6,6
73542,65,62,3,3
73543,123,120,3,3
73544,70,77,-7,7
73545,58,62,-4,4
73546,61,70,-9,9
73547,118,112,6,6
73548,91,94,-3,3
73549,82,93,-11,11
73550,42,55,-13,13
73551,43,46,-3,3
73552,144,129,15,15
73553,60,71,-11,11
73554,29,41,-12,12
73555,111,93,18,18
73556,69,61,8,8
73557,192,169,23,23
73558,88,104,-16,16
73559,64,67,-3,3
73560,131,125,6,6
73561,107,117,-10,10
73562,95,101,-6,6
73563,70,77,-7,7
73564,51,52,-1,1
73565,195,186,9,9
73566,77,77,0,0
73567,117,119,-2,2
73568,87,80,7,7
73569,46,41,5,5
73570,71,70,1,1
73571,65,69,-4,4
73572,171,186,-15,15
73573,106,101,5,5
73574,82,80,2,2
73575,130,114,16,16
73576,58,63,-5,5
73577,105,108,-3,3
73578,121,116,5,5
73579,148,149,-1,1
73580,87,77,10,10
73581,98,98,0,0
73582,74,90,-16,16
73583,138,136,2,2
73584,95,96,-1,1
73585,104,104,0,0
73586,64,58,6,6
73587,74,77,-3,3
73588,126,102,24,24
73589,93,94,-1,1
73590,80,76,4,4
73591,62,62,0,0
73592,56,63,-7,7
73593,91,93,-2,2
73594,202,188,14,14
73595,97,103,-6,6
73596,109,121,-12,12
73597,62,49,13,13
73598,156,149,7,7
73599,62,61,1,1
73600,156,158,-2,2
73601,60,69,-9,9
73602,67,62,5,5
73603,109,108,1,1
73604,129,116,13,13
73605,126,115,11,11
73606,141,132,9,9
73607,117,100,17,17
73608,167,165,2,2
73609,123,128,-5,5
73610,127,108,19,19
73611,70,73,-3,3
73612,67,66,1,1
73613,93,92,1,1
73614,79,77,2,2
73615,80,73,7,7
73616,81,80,1,1
73617,77,69,8,8
73618,57,69,-12,12
73619,125,128,-3,3
73620,137,132,5,5
73621,98,100,-2,2
73622,76,70,6,6
73623,99,101,-2,2
73624,88,89,-1,1
73625,71,66,5,5
73626,85,81,4,4
73627,93,104,-11,11
73628,112,104,8,8
73629,63,65,-2,2
73630,79,91,-12,12
73631,90,89,1,1
73632,71,70,1,1
73633,67,75,-8,8
73634,147,125,22,22
73635,57,76,-19,19
73636,61,59,2,2
73637,100,97,3,3
73638,79,68,11,11
73639,136,114,22,22
73640,88,87,1,1
73641,67,69,-2,2
73642,173,164,9,9
73643,111,101,10,10
73644,96,91,5,5
73645,91,82,9,9
73646,90,79,11,11
73647,93,85,8,8
73648,99,99,0,0
73649,57,51,6,6
73650,71,65,6,6
73651,165,146,19,19
73652,91,101,-10,10
73653,59,56,3,3
73654,103,98,5,5
73655,72,72,0,0
73656,95,90,5,5
73657,86,70,16,16
73658,142,112,30,30
73659,92,88,4,4
73660,86,89,-3,3
73661,143,137,6,6
73662,37,44,-7,7
73663,66,66,0,0
73664,121,114,7,7
73665,89,60,29,29
73666,54,61,-7,7
73667,64,66,-2,2
73668,48,51,-3,3
73669,33,35,-2,2
73670,154,153,1,1
73671,55,64,-9,9
73672,85,71,14,14
73673,68,67,1,1
73674,88,87,1,1
73675,61,52,9,9
73676,123,113,10,10
73677,98,101,-3,3
73678,161,151,10,10
73679,53,59,-6,6
73680,68,70,-2,2
73681,131,122,9,9
73682,100,91,9,9
73683,64,65,-1,1
73684,109,117,-8,8
73685,87,82,5,5
73686,78,73,5,5
73687,56,61,-5,5
73688,96,87,9,9
73689,104,92,12,12
73690,94,96,-2,2
73691,66,55,11,11
73692,106,96,10,10
73693,132,149,-17,17
73694,142,114,28,28
73695,112,114,-2,2
73696,104,84,20,20
73697,129,137,-8,8
73698,107,101,6,6
73699,137,140,-3,3
73700,81,81,0,0
73701,57,51,6,6
73702,126,119,7,7
73703,57,73,-16,16
73704,141,119,22,22
73705,94,79,15,15
73706,56,70,-14,14
73707,100,90,10,10
73708,65,64,1,1
73709,153,145,8,8
73710,106,91,15,15
73711,65,63,2,2
73712,89,87,2,2
73713,69,59,10,10
73714,172,156,16,16
73715,74,75,-1,1
73716,55,61,-6,6
73717,95,90,5,5
73718,80,86,-6,6
73719,72,75,-3,3
73720,69,72,-3,3
73721,77,83,-6,6
73722,136,124,12,12
73723,60,60,0,0
73724,106,98,8,8
73725,98,91,7,7
73726,113,112,1,1
73727,66,65,1,1
73728,117,103,14,14
73729,75,75,0,0
73730,123,118,5,5
73731,54,58,-4,4
73732,157,169,-12,12
73733,100,85,15,15
73734,74,80,-6,6
73735,61,64,-3,3
73736,72,71,1,1
73737,81,67,14,14
73738,138,144,-6,6
73739,137,139,-2,2
73740,163,159,4,4
73741,65,72,-7,7
73742,130,122,8,8
73743,68,65,3,3
73744,97,88,9,9
73745,167,157,10,10
73746,93,74,19,19
73747,63,77,-14,14
73748,91,83,8,8
73749,174,163,11,11
73750,138,120,18,18
73751,75,71,4,4
73752,129,133,-4,4
73753,116,102,14,14
73754,47,42,5,5
73755,116,99,17,17
73756,103,93,10,10
73757,112,102,10,10
73758,133,129,4,4
73759,55,67,-12,12
73760,75,77,-2,2
73761,53,53,0,0
73762,88,95,-7,7
73763,132,131,1,1
73764,35,31,4,4
73765,45,47,-2,2
73766,67,69,-2,2
73767,124,110,14,14
73768,148,140,8,8
73769,138,120,18,18
73770,98,92,6,6
73771,81,79,2,2
73772,54,55,-1,1
73773,35,47,-12,12
73774,69,62,7,7
73775,66,63,3,3
73776,116,107,9,9
73777,86,78,8,8
73778,95,92,3,3
73779,95,98,-3,3
73780,61,63,-2,2
73781,79,78,1,1
73782,74,91,-17,17
73783,117,115,2,2
73784,63,64,-1,1
73785,138,117,21,21
73786,125,120,5,5
73787,95,88,7,7
73788,66,73,-7,7
73789,53,50,3,3
73790,83,86,-3,3
73791,60,74,-14,14
73792,52,60,-8,8
73793,55,48,7,7
73794,100,105,-5,5
73795,91,95,-4,4
73796,87,86,1,1
73797,63,63,0,0
73798,122,95,27,27
73799,75,72,3,3
73800,57,61,-4,4
73801,55,60,-5,5
73802,110,100,10,10
73803,88,86,2,2
73804,155,166,-11,11
73805,96,98,-2,2
73806,81,62,19,19
73807,102,93,9,9
73808,141,124,17,17
73809,105,100,5,5
73810,68,67,1,1
73811,80,77,3,3
73812,94,100,-6,6
73813,60,69,-9,9
73814,107,92,15,15
73815,112,105,7,7
73816,92,91,1,1
73817,86,71,15,15
73818,131,102,29,29
73819,62,50,12,12
73820,146,133,13,13
73821,67,76,-9,9
73822,77,85,-8,8
73823,101,101,0,0
73824,80,83,-3,3
73825,97,80,17,17
73826,140,131,9,9
73827,128,128,0,0
73828,108,100,8,8
73829,91,81,10,10
73830,91,90,1,1
73831,87,81,6,6
73832,151,123,28,28
73833,91,91,0,0
73834,161,142,19,19
73835,60,69,-9,9
73836,135,125,10,10
73837,73,92,-19,19
73838,88,93,-5,5
73839,71,76,-5,5
73840,80,80,0,0
73841,50,47,3,3
73842,106,102,4,4
73843,66,57,9,9
73844,90,93,-3,3
73845,122,103,19,19
73846,99,94,5,5
73847,73,72,1,1
73848,60,51,9,9
73849,63,78,-15,15
73850,105,106,-1,1
73851,34,35,-1,1
73852,74,78,-4,4
73853,122,123,-1,1
73854,123,107,16,16
73855,66,66,0,0
73856,122,119,3,3
73857,114,101,13,13
73858,165,163,2,2
73859,139,158,-19,19
73860,58,48,10,10
73861,70,69,1,1
73862,71,69,2,2
73863,158,185,-27,27
73864,66,72,-6,6
73865,166,114,52,52
73866,129,125,4,4
73867,91,85,6,6
73868,109,126,-17,17
73869,118,132,-14,14
73870,90,100,-10,10
73871,125,105,20,20
73872,94,86,8,8
73873,107,99,8,8
73874,144,110,34,34
73875,83,84,-1,1
73876,71,84,-13,13
73877,93,91,2,2
73878,103,97,6,6
73879,78,76,2,2
73880,33,74,-41,41
73881,44,71,-27,27
73882,129,117,12,12
73883,210,198,12,12
73884,98,99,-1,1
73885,60,73,-13,13
73886,110,107,3,3
73887,56,56,0,0
73888,149,149,0,0
73889,86,77,9,9
73890,101,98,3,3
73891,80,71,9,9
73892,96,93,3,3
73893,66,66,0,0
73894,73,84,-11,11
73895,87,72,15,15
73896,73,75,-2,2
73897,96,81,15,15
73898,36,44,-8,8
73899,171,218,-47,47
73900,125,120,5,5
73901,82,77,5,5
73902,79,74,5,5
73903,148,129,19,19
73904,137,131,6,6
73905,82,92,-10,10
73906,72,92,-20,20
73907,57,54,3,3
73908,162,158,4,4
73909,148,129,19,19
73910,82,78,4,4
73911,76,74,2,2
73912,72,65,7,7
73913,42,42,0,0
73914,102,102,0,0
73915,61,66,-5,5
73916,107,107,0,0
73917,72,65,7,7
73918,117,113,4,4
73919,70,69,1,1
73920,60,59,1,1
73921,110,85,25,25
73922,94,89,5,5
73923,121,119,2,2
73924,102,99,3,3
73925,61,63,-2,2
73926,69,67,2,2
73927,51,64,-13,13
73928,113,108,5,5
73929,148,145,3,3
73930,129,125,4,4
73931,60,58,2,2
73932,82,100,-18,18
73933,149,143,6,6
73934,64,67,-3,3
73935,95,101,-6,6
73936,105,102,3,3
73937,129,126,3,3
73938,140,132,8,8
73939,143,147,-4,4
73940,67,58,9,9
73941,81,78,3,3
73942,131,117,14,14
73943,61,62,-1,1
73944,95,90,5,5
73945,121,116,5,5
73946,96,80,16,16
73947,159,128,31,31
73948,51,56,-5,5
73949,72,70,2,2
73950,83,91,-8,8
73951,114,103,11,11
73952,90,90,0,0
73953,72,69,3,3
73954,88,80,8,8
73955,149,139,10,10
73956,69,61,8,8
73957,67,66,1,1
73958,65,70,-5,5
73959,119,125,-6,6
73960,146,119,27,27
73961,75,89,-14,14
73962,175,158,17,17
73963,109,111,-2,2
73964,80,81,-1,1
73965,99,96,3,3
73966,137,145,-8,8
73967,77,94,-17,17
73968,44,73,-29,29
73969,96,78,18,18
73970,55,61,-6,6
73971,113,104,9,9
73972,108,102,6,6
73973,55,49,6,6
73974,138,115,23,23
73975,74,72,2,2
73976,69,72,-3,3
73977,131,124,7,7
73978,129,142,-13,13
73979,103,102,1,1
73980,50,46,4,4
73981,90,91,-1,1
73982,42,41,1,1
73983,140,154,-14,14
73984,76,94,-18,18
73985,113,105,8,8
73986,43,50,-7,7
73987,73,82,-9,9
73988,116,114,2,2
73989,112,118,-6,6
73990,126,126,0,0
73991,98,100,-2,2
73992,83,100,-17,17
73993,51,52,-1,1
73994,73,89,-16,16
73995,220,187,33,33
73996,72,79,-7,7
73997,63,59,4,4
73998,107,100,7,7
73999,90,82,8,8
74000,50,59,-9,9
74001,100,94,6,6
74002,126,115,11,11
74003,73,78,-5,5
74004,88,91,-3,3
74005,65,72,-7,7
74006,73,61,12,12
74007,83,86,-3,3
74008,118,124,-6,6
74009,77,70,7,7
74010,175,174,1,1
74011,101,90,11,11
74012,72,72,0,0
74013,84,84,0,0
74014,320,476,-156,156
74015,86,96,-10,10
74016,48,44,4,4
74017,82,75,7,7
74018,111,103,8,8
74019,83,74,9,9
74020,105,116,-11,11
74021,87,88,-1,1
74022,92,90,2,2
74023,106,98,8,8
74024,179,176,3,3
74025,123,111,12,12
74026,68,75,-7,7
74027,52,39,13,13
74028,155,123,32,32
74029,97,106,-9,9
74030,78,79,-1,1
74031,52,47,5,5
74032,62,62,0,0
74033,92,86,6,6
74034,113,103,10,10
74035,141,136,5,5
74036,66,75,-9,9
74037,97,92,5,5
74038,80,98,-18,18
74039,71,83,-12,12
74040,117,109,8,8
74041,202,187,15,15
74042,89,85,4,4
74043,65,71,-6,6
74044,83,92,-9,9
74045,151,135,16,16
74046,68,59,9,9
74047,84,89,-5,5
74048,114,107,7,7
74049,67,65,2,2
74050,48,45,3,3
74051,108,107,1,1
74052,159,131,28,28
74053,84,80,4,4
74054,153,140,13,13
74055,52,71,-19,19
74056,159,151,8,8
74057,118,118,0,0
74058,83,87,-4,4
74059,50,48,2,2
74060,125,122,3,3
74061,41,80,-39,39
74062,62,73,-11,11
74063,85,75,10,10
74064,133,131,2,2
74065,129,107,22,22
74066,97,107,-10,10
74067,102,102,0,0
74068,23,31,-8,8
74069,74,76,-2,2
74070,41,57,-16,16
74071,108,111,-3,3
74072,104,103,1,1
74073,108,87,21,21
74074,97,91,6,6
74075,74,76,-2,2
74076,94,88,6,6
74077,78,78,0,0
74078,117,114,3,3
74079,119,118,1,1
74080,60,51,9,9
74081,86,77,9,9
74082,84,80,4,4
74083,72,72,0,0
74084,93,94,-1,1
74085,72,68,4,4
74086,156,139,17,17
74087,73,71,2,2
74088,108,108,0,0
74089,126,132,-6,6
74090,93,89,4,4
74091,79,73,6,6
74092,181,166,15,15
74093,83,74,9,9
74094,119,119,0,0
74095,71,64,7,7
74096,77,73,4,4
74097,104,107,-3,3
74098,72,77,-5,5
74099,68,74,-6,6
74100,98,94,4,4
74101,57,76,-19,19
74102,80,102,-22,22
74103,73,70,3,3
74104,191,160,31,31
74105,100,91,9,9
74106,132,113,19,19
74107,40,41,-1,1
74108,54,54,0,0
74109,154,159,-5,5
74110,139,134,5,5
74111,107,98,9,9
74112,128,114,14,14
74113,133,135,-2,2
74114,83,76,7,7
74115,63,85,-22,22
74116,81,74,7,7
74117,163,154,9,9
74118,109,105,4,4
74119,63,59,4,4
74120,90,87,3,3
74121,81,94,-13,13
74122,66,63,3,3
74123,120,115,5,5
74124,89,80,9,9
74125,67,71,-4,4
74126,85,83,2,2
74127,78,78,0,0
74128,75,76,-1,1
74129,198,195,3,3
74130,92,88,4,4
74131,118,104,14,14
74132,57,58,-1,1
74133,155,143,12,12
74134,86,78,8,8
74135,67,56,11,11
74136,178,138,40,40
74137,68,70,-2,2
74138,85,83,2,2
74139,79,82,-3,3
74140,93,83,10,10
74141,50,49,1,1
74142,58,57,1,1
74143,104,102,2,2
74144,100,93,7,7
74145,201,204,-3,3
74146,105,108,-3,3
74147,105,108,-3,3
74148,90,95,-5,5
74149,68,68,0,0
74150,74,80,-6,6
74151,60,65,-5,5
74152,59,69,-10,10
74153,97,100,-3,3
74154,87,81,6,6
74155,55,68,-13,13
74156,111,97,14,14
74157,119,101,18,18
74158,115,113,2,2
74159,59,61,-2,2
74160,61,68,-7,7
74161,30,56,-26,26
74162,96,91,5,5
74163,131,114,17,17
74164,183,148,35,35
74165,161,168,-7,7
74166,146,142,4,4
74167,200,194,6,6
74168,100,98,2,2
74169,114,107,7,7
74170,108,99,9,9
74171,73,74,-1,1
74172,75,65,10,10
74173,72,69,3,3
74174,143,150,-7,7
74175,101,92,9,9
74176,66,67,-1,1
74177,164,142,22,22
74178,85,78,7,7
74179,88,81,7,7
74180,98,99,-1,1
74181,54,89,-35,35
74182,95,97,-2,2
74183,64,71,-7,7
74184,144,131,13,13
74185,105,102,3,3
74186,102,107,-5,5
74187,114,94,20,20
74188,54,49,5,5
74189,112,101,11,11
74190,181,170,11,11
74191,110,101,9,9
74192,75,70,5,5
74193,51,67,-16,16
74194,98,101,-3,3
74195,85,83,2,2
74196,54,67,-13,13
74197,57,64,-7,7
74198,77,83,-6,6
74199,66,79,-13,13
74200,84,70,14,14
74201,102,105,-3,3
74202,124,125,-1,1
74203,129,119,10,10
74204,195,170,25,25
74205,111,105,6,6
74206,109,119,-10,10
74207,68,71,-3,3
74208,57,49,8,8
74209,76,81,-5,5
74210,99,92,7,7
74211,78,80,-2,2
74212,124,130,-6,6
74213,83,70,13,13
74214,82,75,7,7
74215,73,68,5,5
74216,66,67,-1,1
74217,102,100,2,2
74218,107,115,-8,8
74219,101,96,5,5
74220,119,127,-8,8
74221,120,115,5,5
74222,69,72,-3,3
74223,80,97,-17,17
74224,113,109,4,4
74225,63,68,-5,5
74226,94,86,8,8
74227,146,132,14,14
74228,109,103,6,6
74229,117,103,14,14
74230,66,69,-3,3
74231,151,128,23,23
74232,60,56,4,4
74233,146,166,-20,20
74234,135,129,6,6
74235,90,83,7,7
74236,48,57,-9,9
74237,71,68,3,3
74238,155,160,-5,5
74239,86,74,12,12
74240,111,126,-15,15
74241,96,98,-2,2
74242,137,145,-8,8
74243,81,85,-4,4
74244,60,58,2,2
74245,83,85,-2,2
74246,106,101,5,5
74247,67,77,-10,10
74248,52,52,0,0
74249,104,98,6,6
74250,73,89,-16,16
74251,87,89,-2,2
74252,148,147,1,1
74253,77,71,6,6
74254,92,85,7,7
74255,201,200,1,1
74256,50,50,0,0
74257,149,141,8,8
74258,150,123,27,27
74259,89,90,-1,1
74260,131,121,10,10
74261,73,71,2,2
74262,83,93,-10,10
74263,155,161,-6,6
74264,80,60,20,20
74265,128,131,-3,3
74266,59,50,9,9
74267,85,93,-8,8
74268,87,96,-9,9
74269,85,88,-3,3
74270,72,70,2,2
74271,72,86,-14,14
74272,56,57,-1,1
74273,127,123,4,4
74274,73,70,3,3
74275,94,83,11,11
74276,72,66,6,6
74277,48,51,-3,3
74278,130,112,18,18
74279,103,95,8,8
74280,96,78,18,18
74281,140,127,13,13
74282,63,63,0,0
74283,61,61,0,0
74284,78,63,15,15
74285,75,70,5,5
74286,81,81,0,0
74287,79,82,-3,3
74288,94,83,11,11
74289,117,110,7,7
74290,59,58,1,1
74291,84,88,-4,4
74292,149,134,15,15
74293,109,104,5,5
74294,46,51,-5,5
74295,131,132,-1,1
74296,118,108,10,10
74297,83,98,-15,15
74298,68,84,-16,16
74299,70,79,-9,9
74300,49,51,-2,2
74301,73,74,-1,1
74302,132,124,8,8
74303,93,82,11,11
74304,159,171,-12,12
74305,107,107,0,0
74306,185,163,22,22
74307,143,132,11,11
74308,60,68,-8,8
74309,78,72,6,6
74310,106,105,1,1
74311,98,90,8,8
74312,101,83,18,18
74313,39,51,-12,12
74314,104,103,1,1
74315,51,60,-9,9
74316,88,80,8,8
74317,83,78,5,5
74318,116,125,-9,9
74319,59,50,9,9
74320,88,82,6,6
74321,206,180,26,26
74322,147,121,26,26
74323,40,52,-12,12
74324,45,50,-5,5
74325,89,86,3,3
74326,146,133,13,13
74327,76,81,-5,5
74328,92,87,5,5
74329,35,42,-7,7
74330,77,85,-8,8
74331,104,112,-8,8
74332,97,85,12,12
74333,135,131,4,4
74334,63,62,1,1
74335,54,59,-5,5
74336,117,119,-2,2
74337,79,80,-1,1
74338,64,67,-3,3
74339,63,61,2,2
74340,63,63,0,0
74341,80,88,-8,8
74342,136,126,10,10
74343,106,102,4,4
74344,76,70,6,6
74345,80,81,-1,1
74346,126,120,6,6
74347,96,86,10,10
74348,56,43,13,13
74349,124,121,3,3
74350,137,132,5,5
74351,63,72,-9,9
74352,59,61,-2,2
74353,102,96,6,6
74354,41,33,8,8
74355,84,85,-1,1
74356,99,100,-1,1
74357,108,119,-11,11
74358,125,123,2,2
74359,115,106,9,9
74360,84,81,3,3
74361,100,101,-1,1
74362,128,125,3,3
74363,60,55,5,5
74364,77,78,-1,1
74365,63,59,4,4
74366,90,91,-1,1
74367,64,74,-10,10
74368,61,50,11,11
74369,99,106,-7,7
74370,97,101,-4,4
74371,65,52,13,13
74372,99,95,4,4
74373,181,162,19,19
74374,83,83,0,0
74375,102,95,7,7
74376,136,149,-13,13
74377,56,53,3,3
74378,132,122,10,10
74379,76,77,-1,1
74380,101,92,9,9
74381,110,92,18,18
74382,51,41,10,10
74383,60,60,0,0
74384,127,125,2,2
74385,81,120,-39,39
74386,59,61,-2,2
74387,82,83,-1,1
74388,103,94,9,9
74389,99,94,5,5
74390,50,41,9,9
74391,85,90,-5,5
74392,67,61,6,6
74393,125,116,9,9
74394,93,86,7,7
74395,116,107,9,9
74396,68,76,-8,8
74397,77,75,2,2
74398,95,94,1,1
74399,59,66,-7,7
74400,111,95,16,16
74401,79,90,-11,11
74402,84,89,-5,5
74403,89,94,-5,5
74404,164,163,1,1
74405,72,75,-3,3
74406,78,80,-2,2
74407,149,153,-4,4
74408,95,77,18,18
74409,85,75,10,10
74410,96,89,7,7
74411,72,59,13,13
74412,112,97,15,15
74413,77,66,11,11
74414,40,40,0,0
74415,110,106,4,4
74416,59,73,-14,14
74417,107,100,7,7
74418,66,70,-4,4
74419,87,81,6,6
74420,72,70,2,2
74421,85,84,1,1
74422,49,51,-2,2
74423,72,75,-3,3
74424,156,192,-36,36
74425,75,53,22,22
74426,83,63,20,20
74427,107,93,14,14
74428,97,87,10,10
74429,108,109,-1,1
74430,89,78,11,11
74431,103,113,-10,10
74432,133,130,3,3
74433,56,46,10,10
74434,77,74,3,3
74435,88,81,7,7
74436,106,125,-19,19
74437,134,134,0,0
74438,81,92,-11,11
74439,126,119,7,7
74440,69,71,-2,2
74441,120,162,-42,42
74442,121,101,20,20
74443,62,52,10,10
74444,85,81,4,4
74445,93,92,1,1
74446,111,105,6,6
74447,99,115,-16,16
74448,50,50,0,0
74449,98,119,-21,21
74450,83,70,13,13
74451,94,101,-7,7
74452,144,136,8,8
74453,49,49,0,0
74454,46,42,4,4
74455,87,91,-4,4
74456,80,81,-1,1
74457,150,125,25,25
74458,67,72,-5,5
74459,39,39,0,0
74460,82,73,9,9
74461,76,76,0,0
74462,56,65,-9,9
74463,33,47,-14,14
74464,95,89,6,6
74465,67,64,3,3
74466,87,86,1,1
74467,101,88,13,13
74468,62,58,4,4
74469,62,78,-16,16
74470,93,82,11,11
74471,71,63,8,8
74472,79,77,2,2
74473,86,83,3,3
74474,70,66,4,4
74475,117,112,5,5
74476,51,62,-11,11
74477,168,149,19,19
74478,120,106,14,14
74479,99,90,9,9
74480,73,84,-11,11
74481,120,116,4,4
74482,136,119,17,17
74483,57,73,-16,16
74484,89,82,7,7
74485,89,92,-3,3
74486,81,90,-9,9
74487,72,68,4,4
74488,104,96,8,8
74489,141,131,10,10
74490,79,76,3,3
74491,167,160,7,7
74492,86,92,-6,6
74493,138,121,17,17
74494,66,69,-3,3
74495,59,60,-1,1
74496,110,118,-8,8
74497,82,71,11,11
74498,92,92,0,0
74499,62,63,-1,1
74500,82,77,5,5
74501,62,67,-5,5
74502,94,86,8,8
74503,135,154,-19,19
74504,227,240,-13,13
74505,85,83,2,2
74506,74,83,-9,9
74507,106,134,-28,28
74508,52,51,1,1
74509,96,96,0,0
74510,97,92,5,5
74511,143,149,-6,6
74512,84,69,15,15
74513,77,66,11,11
74514,49,47,2,2
74515,116,119,-3,3
74516,67,89,-22,22
74517,74,82,-8,8
74518,83,83,0,0
74519,77,80,-3,3
74520,113,98,15,15
74521,125,117,8,8
74522,59,70,-11,11
74523,62,63,-1,1
74524,148,142,6,6
74525,56,62,-6,6
74526,85,91,-6,6
74527,158,137,21,21
74528,79,78,1,1
74529,87,80,7,7
74530,115,124,-9,9
74531,62,59,3,3
74532,78,78,0,0
74533,107,91,16,16
74534,129,127,2,2
74535,109,100,9,9
74536,46,51,-5,5
74537,73,64,9,9
74538,47,43,4,4
74539,57,58,-1,1
74540,136,134,2,2
74541,74,69,5,5
74542,73,67,6,6
74543,117,111,6,6
74544,64,50,14,14
74545,65,69,-4,4
74546,61,54,7,7
74547,40,55,-15,15
74548,84,80,4,4
74549,96,85,11,11
74550,108,94,14,14
74551,148,142,6,6
74552,111,107,4,4
74553,131,120,11,11
74554,55,63,-8,8
74555,132,112,20,20
74556,156,138,18,18
74557,68,70,-2,2
74558,109,91,18,18
74559,65,54,11,11
74560,78,66,12,12
74561,136,120,16,16
74562,190,198,-8,8
74563,157,156,1,1
74564,110,110,0,0
74565,50,60,-10,10
74566,123,131,-8,8
74567,127,127,0,0
74568,88,86,2,2
74569,116,114,2,2
74570,85,88,-3,3
74571,116,107,9,9
74572,181,178,3,3
74573,87,96,-9,9
74574,135,124,11,11
74575,64,73,-9,9
74576,92,89,3,3
74577,59,63,-4,4
74578,81,65,16,16
74579,71,70,1,1
74580,130,133,-3,3
74581,96,82,14,14
74582,86,78,8,8
74583,107,122,-15,15
74584,118,98,20,20
74585,93,93,0,0
74586,88,91,-3,3
74587,54,64,-10,10
74588,101,102,-1,1
74589,58,60,-2,2
74590,109,98,11,11
74591,106,110,-4,4
74592,139,132,7,7
74593,50,52,-2,2
74594,168,167,1,1
74595,115,109,6,6
74596,70,73,-3,3
74597,92,87,5,5
74598,133,116,17,17
74599,74,81,-7,7
74600,159,165,-6,6
74601,120,115,5,5
74602,84,97,-13,13
74603,103,110,-7,7
74604,183,149,34,34
74605,139,138,1,1
74606,86,77,9,9
74607,82,85,-3,3
74608,61,68,-7,7
74609,123,100,23,23
74610,87,88,-1,1
74611,135,122,13,13
74612,99,93,6,6
74613,74,74,0,0
74614,74,82,-8,8
74615,139,152,-13,13
74616,85,79,6,6
74617,70,74,-4,4
74618,106,100,6,6
74619,123,128,-5,5
74620,100,100,0,0
74621,61,70,-9,9
74622,92,94,-2,2
74623,132,132,0,0
74624,59,61,-2,2
74625,226,208,18,18
74626,84,77,7,7
74627,165,148,17,17
74628,83,87,-4,4
74629,115,114,1,1
74630,159,154,5,5
74631,93,87,6,6
74632,126,130,-4,4
74633,51,53,-2,2
74634,118,112,6,6
74635,80,69,11,11
74636,161,150,11,11
74637,91,88,3,3
74638,83,79,4,4
74639,91,83,8,8
74640,234,233,1,1
74641,78,73,5,5
74642,101,94,7,7
74643,72,77,-5,5
74644,92,84,8,8
74645,44,51,-7,7
74646,76,88,-12,12
74647,106,100,6,6
74648,119,113,6,6
74649,111,92,19,19
74650,111,114,-3,3
74651,105,92,13,13
74652,62,62,0,0
74653,113,112,1,1
74654,94,92,2,2
74655,155,141,14,14
74656,59,61,-2,2
74657,86,99,-13,13
74658,61,53,8,8
74659,198,184,14,14
74660,83,79,4,4
74661,50,66,-16,16
74662,126,119,7,7
74663,95,90,5,5
74664,95,88,7,7
74665,24,20,4,4
74666,90,91,-1,1
74667,47,43,4,4
74668,64,72,-8,8
74669,107,108,-1,1
74670,94,84,10,10
74671,77,81,-4,4
74672,111,122,-11,11
74673,107,106,1,1
74674,33,40,-7,7
74675,73,62,11,11
74676,63,65,-2,2
74677,90,100,-10,10
74678,89,173,-84,84
74679,79,71,8,8
74680,128,134,-6,6
74681,91,85,6,6
74682,114,106,8,8
74683,103,93,10,10
74684,61,49,12,12
74685,122,121,1,1
74686,114,108,6,6
74687,143,135,8,8
74688,75,73,2,2
74689,66,61,5,5
74690,90,88,2,2
74691,108,96,12,12
74692,74,75,-1,1
74693,137,143,-6,6
74694,121,106,15,15
74695,85,98,-13,13
74696,47,49,-2,2
74697,51,70,-19,19
74698,79,66,13,13
74699,80,73,7,7
74700,111,105,6,6
74701,126,121,5,5
74702,37,41,-4,4
74703,87,80,7,7
74704,102,100,2,2
74705,73,73,0,0
74706,81,83,-2,2
74707,85,70,15,15
74708,127,115,12,12
74709,127,107,20,20
74710,93,104,-11,11
74711,122,120,2,2
74712,175,153,22,22
74713,96,100,-4,4
74714,88,80,8,8
74715,162,132,30,30
74716,124,130,-6,6
74717,42,36,6,6
74718,90,83,7,7
74719,91,91,0,0
74720,129,125,4,4
74721,53,54,-1,1
74722,75,79,-4,4
74723,88,78,10,10
74724,70,63,7,7
74725,185,181,4,4
74726,105,99,6,6
74727,128,115,13,13
74728,103,103,0,0
74729,100,103,-3,3
74730,71,63,8,8
74731,157,134,23,23
74732,103,107,-4,4
74733,118,109,9,9
74734,140,174,-34,34
74735,102,107,-5,5
74736,71,73,-2,2
74737,143,151,-8,8
74738,58,63,-5,5
74739,96,100,-4,4
74740,112,106,6,6
74741,85,84,1,1
74742,92,96,-4,4
74743,81,83,-2,2
74744,102,97,5,5
74745,43,57,-14,14
74746,87,79,8,8
74747,118,106,12,12
74748,85,68,17,17
74749,100,100,0,0
74750,83,83,0,0
74751,83,66,17,17
74752,89,82,7,7
74753,50,57,-7,7
74754,134,127,7,7
74755,65,58,7,7
74756,72,73,-1,1
74757,75,76,-1,1
74758,78,77,1,1
74759,81,92,-11,11
74760,105,107,-2,2
74761,67,58,9,9
74762,136,70,66,66
74763,86,103,-17,17
74764,139,127,12,12
74765,78,74,4,4
74766,38,45,-7,7
74767,78,75,3,3
74768,59,51,8,8
74769,91,84,7,7
74770,152,142,10,10
74771,148,154,-6,6
74772,108,105,3,3
74773,77,74,3,3
74774,83,76,7,7
74775,89,81,8,8
74776,104,93,11,11
74777,117,116,1,1
74778,151,144,7,7
74779,45,54,-9,9
74780,60,60,0,0
74781,125,123,2,2
74782,41,49,-8,8
74783,49,50,-1,1
74784,140,133,7,7
74785,90,90,0,0
74786,93,92,1,1
74787,100,85,15,15
74788,125,104,21,21
74789,114,117,-3,3
74790,128,127,1,1
74791,60,59,1,1
74792,191,185,6,6
74793,140,124,16,16
74794,82,111,-29,29
74795,76,69,7,7
74796,117,115,2,2
74797,83,86,-3,3
74798,82,85,-3,3
74799,122,134,-12,12
74800,60,63,-3,3
74801,117,114,3,3
74802,96,82,14,14
74803,115,110,5,5
74804,134,130,4,4
74805,109,107,2,2
74806,91,85,6,6
74807,72,71,1,1
74808,96,91,5,5
74809,80,78,2,2
74810,71,72,-1,1
74811,95,75,20,20
74812,101,99,2,2
74813,67,65,2,2
74814,87,93,-6,6
74815,89,90,-1,1
74816,62,59,3,3
74817,126,147,-21,21
74818,78,86,-8,8
74819,100,101,-1,1
74820,96,89,7,7
74821,100,97,3,3
74822,59,67,-8,8
74823,93,85,8,8
74824,120,116,4,4
74825,70,63,7,7
74826,46,46,0,0
74827,153,148,5,5
74828,91,94,-3,3
74829,94,101,-7,7
74830,74,93,-19,19
74831,87,69,18,18
74832,76,75,1,1
74833,56,62,-6,6
74834,104,119,-15,15
74835,126,119,7,7
74836,115,113,2,2
74837,107,115,-8,8
74838,41,52,-11,11
74839,75,71,4,4
74840,76,93,-17,17
74841,75,80,-5,5
74842,50,54,-4,4
74843,118,114,4,4
74844,131,125,6,6
74845,92,124,-32,32
74846,113,99,14,14
74847,126,110,16,16
74848,65,70,-5,5
74849,128,124,4,4
74850,89,80,9,9
74851,100,91,9,9
74852,85,86,-1,1
74853,166,152,14,14
74854,100,109,-9,9
74855,119,118,1,1
74856,72,68,4,4
74857,78,78,0,0
74858,70,66,4,4
74859,84,81,3,3
74860,56,59,-3,3
74861,18,39,-21,21
74862,75,81,-6,6
74863,107,108,-1,1
74864,86,89,-3,3
74865,128,126,2,2
74866,99,95,4,4
74867,69,77,-8,8
74868,130,119,11,11
74869,127,122,5,5
74870,188,177,11,11
74871,99,107,-8,8
74872,83,80,3,3
74873,105,99,6,6
74874,56,61,-5,5
74875,84,85,-1,1
74876,43,49,-6,6
74877,104,114,-10,10
74878,93,93,0,0
74879,111,115,-4,4
74880,106,103,3,3
74881,77,73,4,4
74882,74,68,6,6
74883,138,132,6,6
74884,47,47,0,0
74885,158,156,2,2
74886,111,110,1,1
74887,84,84,0,0
74888,129,121,8,8
74889,76,80,-4,4
74890,84,71,13,13
74891,67,69,-2,2
74892,61,61,0,0
74893,107,96,11,11
74894,79,68,11,11
74895,112,112,0,0
74896,53,51,2,2
74897,84,77,7,7
74898,46,41,5,5
74899,115,99,16,16
74900,48,40,8,8
74901,51,49,2,2
74902,73,79,-6,6
74903,81,95,-14,14
74904,53,53,0,0
74905,144,136,8,8
74906,93,85,8,8
74907,63,69,-6,6
74908,47,40,7,7
74909,117,101,16,16
74910,172,116,56,56
74911,57,73,-16,16
74912,143,135,8,8
74913,108,111,-3,3
74914,140,126,14,14
74915,70,73,-3,3
74916,96,93,3,3
74917,107,112,-5,5
74918,116,109,7,7
74919,120,119,1,1
74920,60,50,10,10
74921,77,83,-6,6
74922,112,119,-7,7
74923,97,109,-12,12
74924,183,203,-20,20
74925,95,105,-10,10
74926,92,85,7,7
74927,76,90,-14,14
74928,99,98,1,1
74929,85,71,14,14
74930,76,81,-5,5
74931,93,90,3,3
74932,50,56,-6,6
74933,55,58,-3,3
74934,88,83,5,5
74935,97,109,-12,12
74936,83,78,5,5
74937,54,51,3,3
74938,86,80,6,6
74939,77,87,-10,10
74940,282,414,-132,132
74941,136,128,8,8
74942,91,82,9,9
74943,150,144,6,6
74944,66,72,-6,6
74945,71,80,-9,9
74946,87,82,5,5
74947,87,83,4,4
74948,119,119,0,0
74949,148,136,12,12
74950,117,106,11,11
74951,85,83,2,2
74952,97,92,5,5
74953,49,51,-2,2
74954,103,98,5,5
74955,38,41,-3,3
74956,86,98,-12,12
74957,49,50,-1,1
74958,103,92,11,11
74959,103,121,-18,18
74960,45,48,-3,3
74961,103,96,7,7
74962,83,77,6,6
74963,95,100,-5,5
74964,60,64,-4,4
74965,102,122,-20,20
74966,138,142,-4,4
74967,83,72,11,11
74968,95,98,-3,3
74969,96,93,3,3
74970,150,152,-2,2
74971,53,54,-1,1
74972,133,122,11,11
74973,45,47,-2,2
74974,50,46,4,4
74975,35,81,-46,46
74976,103,89,14,14
74977,58,51,7,7
74978,72,80,-8,8
74979,100,102,-2,2
74980,95,85,10,10
74981,109,97,12,12
74982,57,68,-11,11
74983,68,77,-9,9
74984,89,86,3,3
74985,129,120,9,9
74986,118,110,8,8
74987,114,107,7,7
74988,112,108,4,4
74989,103,95,8,8
74990,95,90,5,5
74991,130,138,-8,8
74992,95,94,1,1
74993,129,119,10,10
74994,84,81,3,3
74995,103,104,-1,1
74996,146,130,16,16
74997,84,94,-10,10
74998,143,125,18,18
74999,84,82,2,2
75000,69,80,-11,11
75001,94,101,-7,7
75002,56,73,-17,17
75003,133,133,0,0
75004,49,55,-6,6
75005,58,49,9,9
75006,122,108,14,14
75007,117,119,-2,2
75008,87,84,3,3
75009,113,104,9,9
75010,60,63,-3,3
75011,65,64,1,1
75012,103,94,9,9
75013,152,143,9,9
75014,121,113,8,8
75015,119,111,8,8
75016,47,51,-4,4
75017,113,103,10,10
75018,101,98,3,3
75019,73,71,2,2
75020,88,91,-3,3
75021,156,145,11,11
75022,99,93,6,6
75023,86,84,2,2
75024,101,111,-10,10
75025,91,88,3,3
75026,59,54,5,5
75027,72,68,4,4
75028,111,94,17,17
75029,108,106,2,2
75030,78,77,1,1
75031,63,85,-22,22
75032,97,96,1,1
75033,76,72,4,4
75034,94,102,-8,8
75035,83,86,-3,3
75036,72,71,1,1
75037,113,97,16,16
75038,126,118,8,8
75039,86,99,-13,13
75040,67,62,5,5
75041,149,143,6,6
75042,89,87,2,2
75043,115,110,5,5
75044,111,96,15,15
75045,135,137,-2,2
75046,54,59,-5,5
75047,123,125,-2,2
75048,82,88,-6,6
75049,26,33,-7,7
75050,66,61,5,5
75051,117,108,9,9
75052,135,143,-8,8
75053,70,62,8,8
75054,59,57,2,2
75055,141,155,-14,14
75056,64,67,-3,3
75057,126,123,3,3
75058,97,87,10,10
75059,54,53,1,1
75060,99,96,3,3
75061,138,125,13,13
75062,130,131,-1,1
75063,111,95,16,16
75064,81,78,3,3
75065,97,79,18,18
75066,146,140,6,6
75067,92,81,11,11
75068,68,53,15,15
75069,70,77,-7,7
75070,79,70,9,9
75071,57,59,-2,2
75072,70,55,15,15
75073,52,60,-8,8
75074,82,87,-5,5
75075,72,77,-5,5
75076,86,74,12,12
75077,124,102,22,22
75078,71,69,2,2
75079,75,59,16,16
75080,111,111,0,0
75081,85,63,22,22
75082,77,75,2,2
75083,116,110,6,6
75084,121,128,-7,7
75085,63,62,1,1
75086,65,55,10,10
75087,92,98,-6,6
75088,115,108,7,7
75089,62,60,2,2
75090,90,87,3,3
75091,50,51,-1,1
75092,81,83,-2,2
75093,33,46,-13,13
75094,141,130,11,11
75095,51,47,4,4
75096,32,44,-12,12
75097,89,103,-14,14
75098,117,108,9,9
75099,97,101,-4,4
75100,92,80,12,12
75101,71,78,-7,7
75102,76,74,2,2
75103,42,52,-10,10
75104,84,93,-9,9
75105,87,92,-5,5
75106,153,134,19,19
75107,91,90,1,1
75108,59,76,-17,17
75109,69,69,0,0
75110,109,97,12,12
75111,115,102,13,13
75112,169,173,-4,4
75113,67,72,-5,5
75114,96,93,3,3
75115,94,101,-7,7
75116,173,127,46,46
75117,96,97,-1,1
75118,127,100,27,27
75119,58,56,2,2
75120,69,63,6,6
75121,68,63,5,5
75122,141,136,5,5
75123,110,117,-7,7
75124,46,93,-47,47
75125,56,114,-58,58
75126,99,114,-15,15
75127,117,122,-5,5
75128,53,50,3,3
75129,92,91,1,1
75130,100,112,-12,12
75131,100,87,13,13
75132,92,99,-7,7
75133,67,61,6,6
75134,148,132,16,16
75135,122,114,8,8
75136,162,148,14,14
75137,86,84,2,2
75138,165,138,27,27
75139,106,92,14,14
75140,84,97,-13,13
75141,97,94,3,3
75142,61,58,3,3
75143,187,184,3,3
75144,153,163,-10,10
75145,57,62,-5,5
75146,101,97,4,4
75147,154,122,32,32
75148,108,104,4,4
75149,55,59,-4,4
75150,113,102,11,11
75151,55,55,0,0
75152,101,80,21,21
75153,91,93,-2,2
75154,89,79,10,10
75155,96,89,7,7
75156,52,58,-6,6
75157,54,59,-5,5
75158,69,74,-5,5
75159,95,103,-8,8
75160,88,78,10,10
75161,126,123,3,3
75162,82,99,-17,17
75163,76,81,-5,5
75164,112,100,12,12
75165,117,111,6,6
75166,113,108,5,5
75167,97,92,5,5
75168,98,92,6,6
75169,83,84,-1,1
75170,76,69,7,7
75171,80,78,2,2
75172,111,100,11,11
75173,135,115,20,20
75174,62,73,-11,11
75175,140,137,3,3
75176,68,72,-4,4
75177,141,152,-11,11
75178,53,62,-9,9
75179,140,138,2,2
75180,74,69,5,5
75181,70,68,2,2
75182,78,84,-6,6
75183,103,94,9,9
75184,97,93,4,4
75185,75,73,2,2
75186,143,140,3,3
75187,163,150,13,13
75188,71,70,1,1
75189,58,53,5,5
75190,69,64,5,5
75191,72,70,2,2
75192,158,156,2,2
75193,93,91,2,2
75194,80,76,4,4
75195,142,116,26,26
75196,46,59,-13,13
75197,76,69,7,7
75198,129,168,-39,39
75199,82,79,3,3
75200,146,132,14,14
75201,93,85,8,8
75202,113,108,5,5
75203,142,148,-6,6
75204,72,68,4,4
75205,74,71,3,3
75206,88,104,-16,16
75207,105,110,-5,5
75208,110,114,-4,4
75209,83,76,7,7
75210,27,65,-38,38
75211,136,135,1,1
75212,81,81,0,0
75213,98,88,10,10
75214,120,120,0,0
75215,92,82,10,10
75216,145,152,-7,7
75217,137,129,8,8
75218,103,110,-7,7
75219,121,135,-14,14
75220,54,63,-9,9
75221,112,104,8,8
75222,76,74,2,2
75223,89,91,-2,2
75224,160,129,31,31
75225,28,47,-19,19
75226,76,73,3,3
75227,165,159,6,6
75228,100,87,13,13
75229,152,133,19,19
75230,82,93,-11,11
75231,94,85,9,9
75232,60,57,3,3
75233,125,119,6,6
75234,69,73,-4,4
75235,120,101,19,19
75236,91,92,-1,1
75237,96,88,8,8
75238,45,51,-6,6
75239,56,62,-6,6
75240,76,75,1,1
75241,75,70,5,5
75242,79,76,3,3
75243,124,109,15,15
75244,106,98,8,8
75245,122,115,7,7
75246,51,50,1,1
75247,69,68,1,1
75248,85,83,2,2
75249,115,153,-38,38
75250,115,112,3,3
75251,115,108,7,7
75252,60,70,-10,10
75253,76,73,3,3
75254,32,40,-8,8
75255,79,75,4,4
75256,44,48,-4,4
75257,58,68,-10,10
75258,130,127,3,3
75259,132,122,10,10
75260,79,81,-2,2
75261,92,102,-10,10
75262,144,163,-19,19
75263,54,57,-3,3
75264,133,120,13,13
75265,64,76,-12,12
75266,92,85,7,7
75267,156,152,4,4
75268,58,59,-1,1
75269,82,70,12,12
75270,86,83,3,3
75271,173,162,11,11
75272,94,86,8,8
75273,60,64,-4,4
75274,108,104,4,4
75275,126,124,2,2
75276,56,52,4,4
75277,98,99,-1,1
75278,92,80,12,12
75279,117,104,13,13
75280,52,48,4,4
75281,94,87,7,7
75282,78,69,9,9
75283,76,99,-23,23
75284,67,66,1,1
75285,124,122,2,2
75286,128,126,2,2
75287,73,62,11,11
75288,62,58,4,4
75289,100,107,-7,7
75290,130,123,7,7
75291,61,68,-7,7
75292,262,231,31,31
75293,60,55,5,5
75294,102,106,-4,4
75295,57,57,0,0
75296,97,100,-3,3
75297,84,87,-3,3
75298,61,86,-25,25
75299,135,122,13,13
75300,104,83,21,21
75301,79,81,-2,2
75302,187,157,30,30
75303,62,58,4,4
75304,94,86,8,8
75305,94,102,-8,8
75306,94,79,15,15
75307,126,114,12,12
75308,126,104,22,22
75309,108,96,12,12
75310,60,52,8,8
75311,93,107,-14,14
75312,53,54,-1,1
75313,61,59,2,2
75314,79,73,6,6
75315,74,71,3,3
75316,50,49,1,1
75317,75,60,15,15
75318,40,46,-6,6
75319,47,48,-1,1
75320,78,88,-10,10
75321,51,54,-3,3
75322,97,94,3,3
75323,54,52,2,2
75324,100,99,1,1
75325,91,92,-1,1
75326,48,51,-3,3
75327,46,52,-6,6
75328,153,138,15,15
75329,123,124,-1,1
75330,52,59,-7,7
75331,92,80,12,12
75332,71,77,-6,6
75333,141,136,5,5
75334,46,40,6,6
75335,72,77,-5,5
75336,84,74,10,10
75337,82,99,-17,17
75338,78,75,3,3
75339,77,67,10,10
75340,93,76,17,17
75341,47,48,-1,1
75342,67,62,5,5
75343,67,70,-3,3
75344,113,101,12,12
75345,179,149,30,30
75346,95,90,5,5
75347,164,160,4,4
75348,45,53,-8,8
75349,127,116,11,11
75350,118,119,-1,1
75351,96,86,10,10
75352,57,54,3,3
75353,151,144,7,7
75354,69,71,-2,2
75355,79,71,8,8
75356,86,82,4,4
75357,186,183,3,3
75358,147,136,11,11
75359,109,105,4,4
75360,97,82,15,15
75361,110,102,8,8
75362,69,69,0,0
75363,65,68,-3,3
75364,119,110,9,9
75365,58,69,-11,11
75366,77,70,7,7
75367,97,98,-1,1
75368,95,93,2,2
75369,123,130,-7,7
75370,107,131,-24,24
75371,117,109,8,8
75372,72,91,-19,19
75373,119,109,10,10
75374,103,97,6,6
75375,129,113,16,16
75376,83,75,8,8
75377,248,251,-3,3
75378,93,75,18,18
75379,129,129,0,0
75380,68,76,-8,8
75381,117,118,-1,1
75382,87,84,3,3
75383,118,108,10,10
75384,98,91,7,7
75385,103,105,-2,2
75386,69,73,-4,4
75387,110,112,-2,2
75388,125,117,8,8
75389,113,117,-4,4
75390,112,105,7,7
75391,81,71,10,10
75392,86,87,-1,1
75393,148,140,8,8
75394,102,91,11,11
75395,31,35,-4,4
75396,64,65,-1,1
75397,114,102,12,12
75398,87,86,1,1
75399,127,131,-4,4
75400,91,91,0,0
75401,74,65,9,9
75402,175,160,15,15
75403,223,193,30,30
75404,87,71,16,16
75405,67,66,1,1
75406,59,54,5,5
75407,104,92,12,12
75408,64,81,-17,17
75409,149,168,-19,19
75410,125,119,6,6
75411,45,45,0,0
75412,93,94,-1,1
75413,86,86,0,0
75414,80,74,6,6
75415,73,64,9,9
75416,92,83,9,9
75417,120,132,-12,12
75418,126,114,12,12
75419,73,78,-5,5
75420,54,67,-13,13
75421,65,70,-5,5
75422,100,94,6,6
75423,105,96,9,9
75424,85,79,6,6
75425,100,87,13,13
75426,81,83,-2,2
75427,67,65,2,2
75428,174,169,5,5
75429,132,125,7,7
75430,127,106,21,21
75431,96,99,-3,3
75432,73,66,7,7
75433,86,88,-2,2
75434,73,78,-5,5
75435,124,120,4,4
75436,75,72,3,3
75437,49,67,-18,18
75438,99,121,-22,22
75439,55,54,1,1
75440,141,112,29,29
75441,62,76,-14,14
75442,75,83,-8,8
75443,99,94,5,5
75444,97,92,5,5
75445,104,99,5,5
75446,96,88,8,8
75447,122,114,8,8
75448,101,78,23,23
75449,109,110,-1,1
75450,111,109,2,2
75451,99,89,10,10
75452,77,86,-9,9
75453,118,115,3,3
75454,89,84,5,5
75455,75,79,-4,4
75456,59,61,-2,2
75457,57,60,-3,3
75458,99,88,11,11
75459,88,65,23,23
75460,106,95,11,11
75461,101,99,2,2
75462,131,123,8,8
75463,127,122,5,5
75464,65,60,5,5
75465,101,87,14,14
75466,140,135,5,5
75467,122,116,6,6
75468,80,76,4,4
75469,128,129,-1,1
75470,85,84,1,1
75471,111,109,2,2
75472,78,89,-11,11
75473,93,95,-2,2
75474,42,45,-3,3
75475,66,57,9,9
75476,95,99,-4,4
75477,90,74,16,16
75478,100,101,-1,1
75479,82,80,2,2
75480,67,72,-5,5
75481,105,94,11,11
75482,110,101,9,9
75483,56,56,0,0
75484,37,46,-9,9
75485,65,64,1,1
75486,72,67,5,5
75487,106,101,5,5
75488,99,90,9,9
75489,104,99,5,5
75490,87,95,-8,8
75491,76,80,-4,4
75492,53,46,7,7
75493,57,54,3,3
75494,69,64,5,5
75495,83,69,14,14
75496,56,63,-7,7
75497,78,80,-2,2
75498,95,97,-2,2
75499,78,71,7,7
75500,74,76,-2,2
75501,82,85,-3,3
75502,95,90,5,5
75503,85,87,-2,2
75504,63,72,-9,9
75505,124,118,6,6
75506,67,62,5,5
75507,112,112,0,0
75508,94,85,9,9
75509,69,61,8,8
75510,121,134,-13,13
75511,82,84,-2,2
75512,111,103,8,8
75513,126,121,5,5
75514,74,58,16,16
75515,81,79,2,2
75516,100,97,3,3
75517,148,131,17,17
75518,88,84,4,4
75519,70,61,9,9
75520,150,138,12,12
75521,88,86,2,2
75522,28,33,-5,5
75523,93,83,10,10
75524,96,102,-6,6
75525,90,86,4,4
75526,150,160,-10,10
75527,75,78,-3,3
75528,93,103,-10,10
75529,150,142,8,8
75530,123,100,23,23
75531,133,133,0,0
75532,69,90,-21,21
75533,167,137,30,30
75534,46,52,-6,6
75535,92,92,0,0
75536,54,51,3,3
75537,154,138,16,16
75538,45,39,6,6
75539,137,141,-4,4
75540,115,107,8,8
75541,99,86,13,13
75542,93,86,7,7
75543,83,69,14,14
75544,115,102,13,13
75545,23,62,-39,39
75546,92,91,1,1
75547,85,89,-4,4
75548,80,74,6,6
75549,190,194,-4,4
75550,95,87,8,8
75551,153,114,39,39
75552,83,88,-5,5
75553,51,51,0,0
75554,85,75,10,10
75555,85,87,-2,2
75556,59,74,-15,15
75557,172,168,4,4
75558,53,56,-3,3
75559,128,110,18,18
75560,72,72,0,0
75561,130,119,11,11
75562,54,57,-3,3
75563,145,113,32,32
75564,94,96,-2,2
75565,111,104,7,7
75566,35,53,-18,18
75567,74,78,-4,4
75568,85,84,1,1
75569,129,118,11,11
75570,49,58,-9,9
75571,56,66,-10,10
75572,99,92,7,7
75573,79,90,-11,11
75574,129,119,10,10
75575,74,80,-6,6
75576,78,84,-6,6
75577,70,74,-4,4
75578,157,163,-6,6
75579,98,101,-3,3
75580,66,70,-4,4
75581,75,73,2,2
75582,76,73,3,3
75583,94,103,-9,9
75584,100,87,13,13
75585,50,54,-4,4
75586,98,96,2,2
75587,96,95,1,1
75588,134,131,3,3
75589,108,98,10,10
75590,212,209,3,3
75591,138,130,8,8
75592,88,81,7,7
75593,12,13,-1,1
75594,66,69,-3,3
75595,98,84,14,14
75596,110,109,1,1
75597,75,67,8,8
75598,146,137,9,9
75599,176,190,-14,14
75600,91,83,8,8
75601,88,72,16,16
75602,51,52,-1,1
75603,190,175,15,15
75604,128,105,23,23
75605,74,75,-1,1
75606,83,84,-1,1
75607,64,52,12,12
75608,127,125,2,2
75609,130,118,12,12
75610,95,80,15,15
75611,66,158,-92,92
75612,46,40,6,6
75613,79,77,2,2
75614,110,108,2,2
75615,116,112,4,4
75616,68,72,-4,4
75617,70,82,-12,12
75618,59,73,-14,14
75619,107,85,22,22
75620,77,81,-4,4
75621,97,116,-19,19
75622,160,152,8,8
75623,130,144,-14,14
75624,60,65,-5,5
75625,104,95,9,9
75626,91,89,2,2
75627,89,98,-9,9
75628,49,48,1,1
75629,155,136,19,19
75630,94,89,5,5
75631,146,145,1,1
75632,87,92,-5,5
75633,127,121,6,6
75634,79,87,-8,8
75635,93,87,6,6
75636,121,130,-9,9
75637,74,76,-2,2
75638,113,112,1,1
75639,163,137,26,26
75640,122,107,15,15
75641,118,117,1,1
75642,56,59,-3,3
75643,129,108,21,21
75644,128,118,10,10
75645,159,144,15,15
75646,62,76,-14,14
75647,108,109,-1,1
75648,72,73,-1,1
75649,79,80,-1,1
75650,166,149,17,17
75651,62,75,-13,13
75652,144,144,0,0
75653,129,119,10,10
75654,72,74,-2,2
75655,93,91,2,2
75656,86,90,-4,4
75657,126,116,10,10
75658,86,89,-3,3
75659,87,83,4,4
75660,183,168,15,15
75661,68,65,3,3
75662,80,79,1,1
75663,63,73,-10,10
75664,61,61,0,0
75665,103,104,-1,1
75666,46,51,-5,5
75667,107,95,12,12
75668,127,129,-2,2
75669,89,86,3,3
75670,104,107,-3,3
75671,82,81,1,1
75672,114,113,1,1
75673,82,77,5,5
75674,109,110,-1,1
75675,105,99,6,6
75676,67,68,-1,1
75677,64,60,4,4
75678,109,100,9,9
75679,50,53,-3,3
75680,49,54,-5,5
75681,89,89,0,0
75682,163,156,7,7
75683,64,69,-5,5
75684,180,164,16,16
75685,73,118,-45,45
75686,155,138,17,17
75687,106,93,13,13
75688,102,94,8,8
75689,142,138,4,4
75690,62,61,1,1
75691,93,99,-6,6
75692,125,106,19,19
75693,71,73,-2,2
75694,62,68,-6,6
75695,129,122,7,7
75696,109,115,-6,6
75697,174,158,16,16
75698,103,101,2,2
75699,124,111,13,13
75700,74,80,-6,6
75701,96,89,7,7
75702,112,103,9,9
75703,78,80,-2,2
75704,59,61,-2,2
75705,54,58,-4,4
75706,86,80,6,6
75707,99,102,-3,3
75708,120,133,-13,13
75709,134,118,16,16
75710,141,127,14,14
75711,99,99,0,0
75712,92,82,10,10
75713,121,123,-2,2
75714,74,73,1,1
75715,101,89,12,12
75716,14,78,-64,64
75717,80,75,5,5
75718,88,79,9,9
75719,60,61,-1,1
75720,112,110,2,2
75721,153,132,21,21
75722,108,105,3,3
75723,98,95,3,3
75724,78,105,-27,27
75725,115,144,-29,29
75726,71,62,9,9
75727,129,123,6,6
75728,56,63,-7,7
75729,68,64,4,4
75730,80,75,5,5
75731,110,120,-10,10
75732,86,88,-2,2
75733,139,137,2,2
75734,125,116,9,9
75735,73,77,-4,4
75736,122,114,8,8
75737,99,94,5,5
75738,78,66,12,12
75739,150,120,30,30
75740,112,89,23,23
75741,95,96,-1,1
75742,85,83,2,2
75743,67,63,4,4
75744,91,81,10,10
75745,110,97,13,13
75746,88,75,13,13
75747,115,125,-10,10
75748,78,79,-1,1
75749,89,97,-8,8
75750,71,69,2,2
75751,65,66,-1,1
75752,67,76,-9,9
75753,144,137,7,7
75754,98,93,5,5
75755,78,71,7,7
75756,130,130,0,0
75757,75,73,2,2
75758,83,75,8,8
75759,72,66,6,6
75760,106,97,9,9
75761,44,47,-3,3
75762,108,104,4,4
75763,80,74,6,6
75764,98,104,-6,6
75765,97,91,6,6
75766,124,132,-8,8
75767,96,91,5,5
75768,71,71,0,0
75769,118,115,3,3
75770,115,116,-1,1
75771,88,79,9,9
75772,104,102,2,2
75773,75,68,7,7
75774,115,118,-3,3
75775,94,80,14,14
75776,97,92,5,5
75777,71,69,2,2
75778,73,86,-13,13
75779,64,65,-1,1
75780,61,61,0,0
75781,46,44,2,2
75782,81,74,7,7
75783,56,65,-9,9
75784,99,91,8,8
75785,131,150,-19,19
75786,75,81,-6,6
75787,74,65,9,9
75788,111,104,7,7
75789,136,130,6,6
75790,81,78,3,3
75791,50,54,-4,4
75792,95,90,5,5
75793,108,131,-23,23
75794,62,104,-42,42
75795,78,75,3,3
75796,92,74,18,18
75797,42,47,-5,5
75798,102,103,-1,1
75799,104,100,4,4
75800,55,67,-12,12
75801,69,80,-11,11
75802,90,90,0,0
75803,63,47,16,16
75804,101,107,-6,6
75805,43,44,-1,1
75806,69,72,-3,3
75807,109,104,5,5
75808,142,142,0,0
75809,140,121,19,19
75810,67,68,-1,1
75811,62,65,-3,3
75812,114,102,12,12
75813,107,104,3,3
75814,85,98,-13,13
75815,167,167,0,0
75816,163,161,2,2
75817,85,86,-1,1
75818,73,79,-6,6
75819,109,101,8,8
75820,61,65,-4,4
75821,77,77,0,0
75822,207,170,37,37
75823,99,98,1,1
75824,182,158,24,24
75825,99,96,3,3
75826,83,81,2,2
75827,75,78,-3,3
75828,139,134,5,5
75829,47,45,2,2
75830,65,76,-11,11
75831,143,120,23,23
75832,73,77,-4,4
75833,79,79,0,0
75834,85,73,12,12
75835,88,83,5,5
75836,141,127,14,14
75837,71,96,-25,25
75838,96,89,7,7
75839,153,149,4,4
75840,133,118,15,15
75841,80,82,-2,2
75842,171,182,-11,11
75843,125,129,-4,4
75844,91,86,5,5
75845,61,69,-8,8
75846,131,116,15,15
75847,136,116,20,20
75848,58,51,7,7
75849,93,88,5,5
75850,88,86,2,2
75851,68,66,2,2
75852,129,126,3,3
75853,127,111,16,16
75854,98,129,-31,31
75855,87,85,2,2
75856,84,92,-8,8
75857,51,84,-33,33
75858,72,79,-7,7
75859,144,137,7,7
75860,96,93,3,3
75861,61,52,9,9
75862,86,77,9,9
75863,78,72,6,6
75864,51,60,-9,9
75865,151,140,11,11
75866,109,96,13,13
75867,108,122,-14,14
75868,80,74,6,6
75869,67,59,8,8
75870,125,134,-9,9
75871,75,67,8,8
75872,176,160,16,16
75873,105,102,3,3
75874,82,85,-3,3
75875,146,135,11,11
75876,49,79,-30,30
75877,68,83,-15,15
75878,119,118,1,1
75879,40,37,3,3
75880,118,113,5,5
75881,65,58,7,7
75882,92,94,-2,2
75883,69,63,6,6
75884,110,104,6,6
75885,94,90,4,4
75886,152,184,-32,32
75887,118,114,4,4
75888,72,71,1,1
75889,141,127,14,14
75890,43,48,-5,5
75891,122,106,16,16
75892,73,67,6,6
75893,92,92,0,0
75894,101,107,-6,6
75895,66,56,10,10
75896,70,67,3,3
75897,43,43,0,0
75898,84,71,13,13
75899,83,95,-12,12
75900,71,71,0,0
75901,97,82,15,15
75902,116,106,10,10
75903,107,116,-9,9
75904,152,144,8,8
75905,130,143,-13,13
75906,49,49,0,0
75907,111,102,9,9
75908,124,107,17,17
75909,75,71,4,4
75910,112,126,-14,14
75911,111,119,-8,8
75912,97,92,5,5
75913,47,43,4,4
75914,114,94,20,20
75915,107,125,-18,18
75916,93,92,1,1
75917,107,102,5,5
75918,114,109,5,5
75919,124,127,-3,3
75920,133,115,18,18
75921,64,59,5,5
75922,80,83,-3,3
75923,155,137,18,18
75924,98,98,0,0
75925,82,65,17,17
75926,50,49,1,1
75927,64,68,-4,4
75928,97,103,-6,6
75929,123,109,14,14
75930,46,53,-7,7
75931,78,74,4,4
75932,122,107,15,15
75933,181,167,14,14
75934,64,69,-5,5
75935,56,60,-4,4
75936,72,73,-1,1
75937,141,123,18,18
75938,126,130,-4,4
75939,71,65,6,6
75940,81,72,9,9
75941,137,132,5,5
75942,91,88,3,3
75943,117,110,7,7
75944,160,161,-1,1
75945,101,88,13,13
75946,55,66,-11,11
75947,104,104,0,0
75948,72,75,-3,3
75949,165,158,7,7
75950,74,62,12,12
75951,72,84,-12,12
75952,138,114,24,24
75953,87,95,-8,8
75954,66,62,4,4
75955,78,74,4,4
75956,80,74,6,6
75957,111,99,12,12
75958,132,118,14,14
75959,70,70,0,0
75960,96,95,1,1
75961,127,130,-3,3
75962,121,120,1,1
75963,57,47,10,10
75964,203,201,2,2
75965,94,85,9,9
75966,81,92,-11,11
75967,52,52,0,0
75968,150,124,26,26
75969,83,108,-25,25
75970,99,80,19,19
75971,64,66,-2,2
75972,79,80,-1,1
75973,81,84,-3,3
75974,47,51,-4,4
75975,54,59,-5,5
75976,152,137,15,15
75977,44,56,-12,12
75978,87,79,8,8
75979,161,170,-9,9
75980,83,90,-7,7
75981,75,75,0,0
75982,111,117,-6,6
75983,60,53,7,7
75984,98,92,6,6
75985,74,79,-5,5
75986,81,75,6,6
75987,113,111,2,2
75988,110,100,10,10
75989,84,81,3,3
75990,57,59,-2,2
75991,70,66,4,4
75992,175,149,26,26
75993,95,91,4,4
75994,94,89,5,5
75995,107,101,6,6
75996,75,74,1,1
75997,85,87,-2,2
75998,162,141,21,21
75999,93,88,5,5
76000,73,73,0,0
76001,86,90,-4,4
76002,179,170,9,9
76003,202,199,3,3
76004,98,104,-6,6
76005,85,84,1,1
76006,37,41,-4,4
76007,121,113,8,8
76008,128,109,19,19
76009,87,99,-12,12
76010,141,139,2,2
76011,70,61,9,9
76012,151,171,-20,20
76013,116,108,8,8
76014,81,76,5,5
76015,81,70,11,11
76016,89,90,-1,1
76017,124,94,30,30
76018,94,91,3,3
76019,56,65,-9,9
76020,151,150,1,1
76021,157,156,1,1
76022,70,72,-2,2
76023,154,144,10,10
76024,130,125,5,5
76025,121,112,9,9
76026,119,121,-2,2
76027,94,96,-2,2
76028,62,76,-14,14
76029,99,95,4,4
76030,82,78,4,4
76031,145,147,-2,2
76032,107,119,-12,12
76033,107,110,-3,3
76034,128,117,11,11
76035,52,51,1,1
76036,103,100,3,3
76037,70,68,2,2
76038,161,169,-8,8
76039,74,77,-3,3
76040,70,69,1,1
76041,114,103,11,11
76042,150,152,-2,2
76043,105,126,-21,21
76044,119,121,-2,2
76045,71,74,-3,3
76046,102,91,11,11
76047,43,53,-10,10
76048,84,91,-7,7
76049,70,81,-11,11
76050,82,79,3,3
76051,74,65,9,9
76052,98,104,-6,6
76053,55,48,7,7
76054,110,108,2,2
76055,145,159,-14,14
76056,80,81,-1,1
76057,137,109,28,28
76058,77,96,-19,19
76059,80,68,12,12
76060,73,67,6,6
76061,83,85,-2,2
76062,100,90,10,10
76063,85,76,9,9
76064,101,100,1,1
76065,79,87,-8,8
76066,89,92,-3,3
76067,60,61,-1,1
76068,112,88,24,24
76069,173,164,9,9
76070,60,56,4,4
76071,41,36,5,5
76072,57,62,-5,5
76073,88,90,-2,2
76074,101,91,10,10
76075,82,71,11,11
76076,100,95,5,5
76077,85,84,1,1
76078,117,104,13,13
76079,83,86,-3,3
76080,162,147,15,15
76081,59,57,2,2
76082,127,116,11,11
76083,170,156,14,14
76084,114,108,6,6
76085,111,105,6,6
76086,44,43,1,1
76087,91,95,-4,4
76088,76,75,1,1
76089,64,63,1,1
76090,67,60,7,7
76091,135,122,13,13
76092,75,74,1,1
76093,110,103,7,7
76094,84,82,2,2
76095,77,73,4,4
76096,97,97,0,0
76097,85,89,-4,4
76098,61,60,1,1
76099,86,83,3,3
76100,75,70,5,5
76101,83,105,-22,22
76102,168,161,7,7
76103,97,95,2,2
76104,64,72,-8,8
76105,126,109,17,17
76106,85,85,0,0
76107,111,113,-2,2
76108,87,86,1,1
76109,101,106,-5,5
76110,162,103,59,59
76111,143,143,0,0
76112,123,110,13,13
76113,82,75,7,7
76114,101,98,3,3
76115,92,100,-8,8
76116,87,97,-10,10
76117,93,81,12,12
76118,100,106,-6,6
76119,92,83,9,9
76120,85,78,7,7
76121,49,49,0,0
76122,79,85,-6,6
76123,58,52,6,6
76124,85,85,0,0
76125,61,59,2,2
76126,140,132,8,8
76127,127,129,-2,2
76128,152,143,9,9
76129,67,66,1,1
76130,64,67,-3,3
76131,136,132,4,4
76132,74,69,5,5
76133,100,89,11,11
76134,158,126,32,32
76135,80,82,-2,2
76136,88,83,5,5
76137,110,115,-5,5
76138,74,72,2,2
76139,116,125,-9,9
76140,82,81,1,1
76141,117,108,9,9
76142,81,79,2,2
76143,74,70,4,4
76144,104,99,5,5
76145,147,129,18,18
76146,82,83,-1,1
76147,50,45,5,5
76148,180,145,35,35
76149,182,187,-5,5
76150,63,75,-12,12
76151,190,162,28,28
76152,122,141,-19,19
76153,99,86,13,13
76154,66,68,-2,2
76155,53,72,-19,19
76156,63,63,0,0
76157,125,131,-6,6
76158,112,99,13,13
76159,85,85,0,0
76160,56,64,-8,8
76161,85,83,2,2
76162,70,78,-8,8
76163,83,85,-2,2
76164,135,128,7,7
76165,57,53,4,4
76166,84,79,5,5
76167,90,102,-12,12
76168,59,53,6,6
76169,77,71,6,6
76170,64,56,8,8
76171,99,96,3,3
76172,109,95,14,14
76173,97,95,2,2
76174,92,89,3,3
76175,87,90,-3,3
76176,42,37,5,5
76177,74,77,-3,3
76178,162,177,-15,15
76179,125,117,8,8
76180,178,182,-4,4
76181,98,114,-16,16
76182,89,94,-5,5
76183,72,66,6,6
76184,78,80,-2,2
76185,53,60,-7,7
76186,85,77,8,8
76187,122,115,7,7
76188,101,106,-5,5
76189,81,76,5,5
76190,128,98,30,30
76191,98,95,3,3
76192,154,180,-26,26
76193,122,123,-1,1
76194,63,55,8,8
76195,83,80,3,3
76196,98,92,6,6
76197,70,63,7,7
76198,89,99,-10,10
76199,111,118,-7,7
76200,44,53,-9,9
76201,48,57,-9,9
76202,104,98,6,6
76203,106,102,4,4
76204,148,127,21,21
76205,128,126,2,2
76206,118,112,6,6
76207,105,92,13,13
76208,141,145,-4,4
76209,115,102,13,13
76210,161,137,24,24
76211,71,89,-18,18
76212,149,144,5,5
76213,77,80,-3,3
76214,117,101,16,16
76215,119,116,3,3
76216,116,103,13,13
76217,88,84,4,4
76218,107,123,-16,16
76219,72,80,-8,8
76220,137,137,0,0
76221,122,121,1,1
76222,126,114,12,12
76223,50,58,-8,8
76224,119,99,20,20
76225,79,67,12,12
76226,124,120,4,4
76227,128,131,-3,3
76228,132,113,19,19
76229,90,87,3,3
76230,95,95,0,0
76231,97,86,11,11
76232,63,70,-7,7
76233,109,100,9,9
76234,133,130,3,3
76235,104,102,2,2
76236,35,72,-37,37
76237,72,83,-11,11
76238,65,75,-10,10
76239,120,104,16,16
76240,135,143,-8,8
76241,130,116,14,14
76242,137,131,6,6
76243,81,77,4,4
76244,83,84,-1,1
76245,51,58,-7,7
76246,77,78,-1,1
76247,116,104,12,12
76248,72,73,-1,1
76249,97,105,-8,8
76250,78,71,7,7
76251,63,60,3,3
76252,130,128,2,2
76253,158,160,-2,2
76254,75,83,-8,8
76255,76,70,6,6
76256,101,99,2,2
76257,44,57,-13,13
76258,74,75,-1,1
76259,98,85,13,13
76260,134,137,-3,3
76261,104,97,7,7
76262,88,88,0,0
76263,179,166,13,13
76264,46,52,-6,6
76265,141,132,9,9
76266,91,79,12,12
76267,72,70,2,2
76268,82,85,-3,3
76269,73,74,-1,1
76270,139,129,10,10
76271,124,115,9,9
76272,100,84,16,16
76273,98,92,6,6
76274,80,76,4,4
76275,97,116,-19,19
76276,62,64,-2,2
76277,136,131,5,5
76278,93,85,8,8
76279,104,99,5,5
76280,158,142,16,16
76281,105,98,7,7
76282,82,67,15,15
76283,150,157,-7,7
76284,161,149,12,12
76285,68,69,-1,1
76286,97,102,-5,5
76287,106,99,7,7
76288,75,73,2,2
76289,95,90,5,5
76290,84,82,2,2
76291,144,131,13,13
76292,115,116,-1,1
76293,45,47,-2,2
76294,99,93,6,6
76295,91,91,0,0
76296,75,55,20,20
76297,134,103,31,31
76298,69,72,-3,3
76299,74,74,0,0
76300,53,53,0,0
76301,74,74,0,0
76302,95,94,1,1
76303,54,60,-6,6
76304,96,90,6,6
76305,93,88,5,5
76306,108,104,4,4
76307,104,116,-12,12
76308,80,77,3,3
76309,87,81,6,6
76310,98,102,-4,4
76311,60,59,1,1
76312,65,68,-3,3
76313,75,78,-3,3
76314,80,84,-4,4
76315,81,89,-8,8
76316,123,110,13,13
76317,89,94,-5,5
76318,142,129,13,13
76319,64,68,-4,4
76320,100,113,-13,13
76321,45,74,-29,29
76322,118,106,12,12
76323,73,70,3,3
76324,74,74,0,0
76325,102,103,-1,1
76326,66,78,-12,12
76327,120,119,1,1
76328,57,52,5,5
76329,149,131,18,18
76330,131,129,2,2
76331,81,81,0,0
76332,61,56,5,5
76333,89,83,6,6
76334,66,66,0,0
76335,64,65,-1,1
76336,76,81,-5,5
76337,124,114,10,10
76338,48,51,-3,3
76339,68,62,6,6
76340,100,100,0,0
76341,96,93,3,3
76342,50,43,7,7
76343,85,90,-5,5
76344,85,82,3,3
76345,61,67,-6,6
76346,91,82,9,9
76347,72,68,4,4
76348,129,111,18,18
76349,104,90,14,14
76350,54,62,-8,8
76351,53,52,1,1
76352,105,109,-4,4
76353,91,98,-7,7
76354,66,65,1,1
76355,59,56,3,3
76356,118,112,6,6
76357,109,110,-1,1
76358,63,67,-4,4
76359,63,58,5,5
76360,68,66,2,2
76361,166,192,-26,26
76362,84,81,3,3
76363,66,61,5,5
76364,100,106,-6,6
76365,104,95,9,9
76366,65,57,8,8
76367,57,56,1,1
76368,99,98,1,1
76369,96,109,-13,13
76370,71,70,1,1
76371,57,59,-2,2
76372,105,111,-6,6
76373,88,88,0,0
76374,54,56,-2,2
76375,181,165,16,16
76376,100,94,6,6
76377,103,93,10,10
76378,138,128,10,10
76379,65,73,-8,8
76380,71,69,2,2
76381,70,68,2,2
76382,72,71,1,1
76383,66,65,1,1
76384,79,86,-7,7
76385,169,164,5,5
76386,129,112,17,17
76387,129,105,24,24
76388,63,60,3,3
76389,92,88,4,4
76390,109,116,-7,7
76391,58,59,-1,1
76392,108,94,14,14
76393,107,96,11,11
76394,162,139,23,23
76395,57,59,-2,2
76396,109,117,-8,8
76397,86,81,5,5
76398,91,86,5,5
76399,89,77,12,12
76400,93,94,-1,1
76401,70,66,4,4
76402,73,65,8,8
76403,71,70,1,1
76404,59,52,7,7
76405,166,163,3,3
76406,71,67,4,4
76407,71,59,12,12
76408,132,113,19,19
76409,103,110,-7,7
76410,114,103,11,11
76411,103,111,-8,8
76412,98,106,-8,8
76413,92,79,13,13
76414,102,102,0,0
76415,113,115,-2,2
76416,130,151,-21,21
76417,56,65,-9,9
76418,127,118,9,9
76419,53,62,-9,9
76420,129,121,8,8
76421,93,90,3,3
76422,133,119,14,14
76423,93,87,6,6
76424,92,87,5,5
76425,45,55,-10,10
76426,96,88,8,8
76427,104,120,-16,16
76428,65,63,2,2
76429,114,104,10,10
76430,52,48,4,4
76431,80,79,1,1
76432,135,147,-12,12
76433,78,105,-27,27
76434,69,66,3,3
76435,61,53,8,8
76436,75,62,13,13
76437,131,125,6,6
76438,108,118,-10,10
76439,96,99,-3,3
76440,178,165,13,13
76441,171,154,17,17
76442,81,73,8,8
76443,91,86,5,5
76444,69,76,-7,7
76445,146,135,11,11
76446,111,101,10,10
76447,65,63,2,2
76448,86,79,7,7
76449,79,95,-16,16
76450,108,104,4,4
76451,94,94,0,0
76452,107,102,5,5
76453,100,91,9,9
76454,121,101,20,20
76455,144,147,-3,3
76456,66,58,8,8
76457,40,38,2,2
76458,99,96,3,3
76459,32,43,-11,11
76460,69,67,2,2
76461,145,132,13,13
76462,76,83,-7,7
76463,85,80,5,5
76464,53,57,-4,4
76465,27,32,-5,5
76466,55,61,-6,6
76467,41,41,0,0
76468,57,59,-2,2
76469,83,81,2,2
76470,77,68,9,9
76471,85,105,-20,20
76472,118,111,7,7
76473,55,54,1,1
76474,62,57,5,5
76475,111,105,6,6
76476,108,101,7,7
76477,89,87,2,2
76478,97,85,12,12
76479,94,96,-2,2
76480,61,53,8,8
76481,82,83,-1,1
76482,83,90,-7,7
76483,140,118,22,22
76484,152,129,23,23
76485,86,72,14,14
76486,33,37,-4,4
76487,88,85,3,3
76488,71,74,-3,3
76489,97,112,-15,15
76490,81,93,-12,12
76491,129,120,9,9
76492,55,53,2,2
76493,122,124,-2,2
76494,103,108,-5,5
76495,98,96,2,2
76496,89,84,5,5
76497,87,82,5,5
76498,79,83,-4,4
76499,98,106,-8,8
76500,49,55,-6,6
76501,82,81,1,1
76502,120,116,4,4
76503,108,102,6,6
76504,169,161,8,8
76505,161,150,11,11
76506,134,139,-5,5
76507,96,97,-1,1
76508,56,56,0,0
76509,101,103,-2,2
76510,86,93,-7,7
76511,82,86,-4,4
76512,85,99,-14,14
76513,79,81,-2,2
76514,78,76,2,2
76515,105,84,21,21
76516,142,130,12,12
76517,65,66,-1,1
76518,57,62,-5,5
76519,81,79,2,2
76520,139,103,36,36
76521,84,77,7,7
76522,81,79,2,2
76523,154,146,8,8
76524,147,127,20,20
76525,153,141,12,12
76526,73,75,-2,2
76527,141,136,5,5
76528,43,52,-9,9
76529,101,97,4,4
76530,42,50,-8,8
76531,78,77,1,1
76532,97,97,0,0
76533,65,69,-4,4
76534,58,64,-6,6
76535,79,87,-8,8
76536,95,96,-1,1
76537,105,115,-10,10
76538,37,42,-5,5
76539,82,66,16,16
76540,130,120,10,10
76541,99,113,-14,14
76542,125,96,29,29
76543,51,52,-1,1
76544,87,88,-1,1
76545,147,157,-10,10
76546,61,57,4,4
76547,122,123,-1,1
76548,70,73,-3,3
76549,81,77,4,4
76550,93,90,3,3
76551,136,132,4,4
76552,61,55,6,6
76553,75,83,-8,8
76554,118,101,17,17
76555,110,111,-1,1
76556,153,162,-9,9
76557,57,59,-2,2
76558,128,113,15,15
76559,118,103,15,15
76560,81,92,-11,11
76561,82,73,9,9
76562,126,119,7,7
76563,110,99,11,11
76564,91,90,1,1
76565,106,91,15,15
76566,92,84,8,8
76567,74,88,-14,14
76568,119,110,9,9
76569,47,46,1,1
76570,81,90,-9,9
76571,101,96,5,5
76572,91,85,6,6
76573,68,75,-7,7
76574,119,113,6,6
76575,90,95,-5,5
76576,104,106,-2,2
76577,80,79,1,1
76578,84,88,-4,4
76579,132,115,17,17
76580,32,66,-34,34
76581,139,133,6,6
76582,85,76,9,9
76583,83,80,3,3
76584,55,56,-1,1
76585,98,103,-5,5
76586,177,184,-7,7
76587,81,81,0,0
76588,90,96,-6,6
76589,133,116,17,17
76590,85,59,26,26
76591,58,51,7,7
76592,133,131,2,2
76593,81,76,5,5
76594,149,132,17,17
76595,107,104,3,3
76596,113,93,20,20
76597,108,93,15,15
76598,93,93,0,0
76599,100,87,13,13
76600,66,69,-3,3
76601,109,99,10,10
76602,77,94,-17,17
76603,208,196,12,12
76604,79,84,-5,5
76605,74,72,2,2
76606,74,68,6,6
76607,131,119,12,12
76608,127,111,16,16
76609,77,68,9,9
76610,100,83,17,17
76611,82,116,-34,34
76612,100,112,-12,12
76613,65,65,0,0
76614,97,96,1,1
76615,146,119,27,27
76616,99,86,13,13
76617,117,105,12,12
76618,71,73,-2,2
76619,60,50,10,10
76620,75,68,7,7
76621,46,46,0,0
76622,121,103,18,18
76623,55,57,-2,2
76624,119,110,9,9
76625,178,171,7,7
76626,131,127,4,4
76627,123,115,8,8
76628,99,100,-1,1
76629,164,201,-37,37
76630,69,75,-6,6
76631,55,57,-2,2
76632,148,136,12,12
76633,67,70,-3,3
76634,138,142,-4,4
76635,115,105,10,10
76636,134,124,10,10
76637,91,97,-6,6
76638,94,89,5,5
76639,114,99,15,15
76640,92,89,3,3
76641,98,97,1,1
76642,41,37,4,4
76643,49,57,-8,8
76644,59,65,-6,6
76645,90,84,6,6
76646,165,165,0,0
76647,53,57,-4,4
76648,67,71,-4,4
76649,77,63,14,14
76650,87,84,3,3
76651,65,61,4,4
76652,133,125,8,8
76653,98,96,2,2
76654,103,99,4,4
76655,85,66,19,19
76656,153,142,11,11
76657,85,78,7,7
76658,126,127,-1,1
76659,102,119,-17,17
76660,115,108,7,7
76661,78,69,9,9
76662,152,145,7,7
76663,72,72,0,0
76664,65,63,2,2
76665,71,62,9,9
76666,134,133,1,1
76667,104,99,5,5
76668,54,64,-10,10
76669,133,121,12,12
76670,99,85,14,14
76671,69,67,2,2
76672,169,166,3,3
76673,94,96,-2,2
76674,106,108,-2,2
76675,86,86,0,0
76676,107,99,8,8
76677,52,62,-10,10
76678,71,73,-2,2
76679,87,87,0,0
76680,155,157,-2,2
76681,58,63,-5,5
76682,144,124,20,20
76683,111,103,8,8
76684,90,86,4,4
76685,74,60,14,14
76686,100,93,7,7
76687,112,105,7,7
76688,117,120,-3,3
76689,48,89,-41,41
76690,107,94,13,13
76691,144,136,8,8
76692,86,78,8,8
76693,101,89,12,12
76694,94,85,9,9
76695,129,114,15,15
76696,132,130,2,2
76697,61,58,3,3
76698,103,105,-2,2
76699,104,99,5,5
76700,135,126,9,9
76701,76,73,3,3
76702,112,112,0,0
76703,114,101,13,13
76704,69,61,8,8
76705,92,82,10,10
76706,80,74,6,6
76707,139,123,16,16
76708,76,72,4,4
76709,71,70,1,1
76710,100,97,3,3
76711,106,94,12,12
76712,145,135,10,10
76713,76,83,-7,7
76714,92,101,-9,9
76715,49,52,-3,3
76716,110,102,8,8
76717,92,90,2,2
76718,173,133,40,40
76719,98,89,9,9
76720,175,158,17,17
76721,75,82,-7,7
76722,103,100,3,3
76723,111,122,-11,11
76724,215,235,-20,20
76725,131,124,7,7
76726,67,73,-6,6
76727,127,129,-2,2
76728,72,72,0,0
76729,43,68,-25,25
76730,65,66,-1,1
76731,69,71,-2,2
76732,149,152,-3,3
76733,75,62,13,13
76734,81,79,2,2
76735,76,66,10,10
76736,53,58,-5,5
76737,79,85,-6,6
76738,152,138,14,14
76739,97,97,0,0
76740,48,53,-5,5
76741,107,105,2,2
76742,118,113,5,5
76743,78,66,12,12
76744,98,93,5,5
76745,121,111,10,10
76746,108,95,13,13
76747,59,63,-4,4
76748,95,106,-11,11
76749,98,96,2,2
76750,71,69,2,2
76751,76,67,9,9
76752,100,108,-8,8
76753,70,60,10,10
76754,71,58,13,13
76755,94,75,19,19
76756,86,88,-2,2
76757,102,105,-3,3
76758,106,101,5,5
76759,74,78,-4,4
76760,49,53,-4,4
76761,103,97,6,6
76762,70,79,-9,9
76763,168,163,5,5
76764,66,76,-10,10
76765,128,133,-5,5
76766,110,103,7,7
76767,82,72,10,10
76768,92,80,12,12
76769,187,183,4,4
76770,101,117,-16,16
76771,47,47,0,0
76772,72,84,-12,12
76773,77,73,4,4
76774,30,33,-3,3
76775,124,122,2,2
76776,218,203,15,15
76777,110,110,0,0
76778,106,101,5,5
76779,133,120,13,13
76780,88,75,13,13
76781,58,57,1,1
76782,184,158,26,26
76783,152,122,30,30
76784,87,89,-2,2
76785,167,148,19,19
76786,93,94,-1,1
76787,130,107,23,23
76788,96,91,5,5
76789,119,127,-8,8
76790,81,76,5,5
76791,52,49,3,3
76792,66,55,11,11
76793,102,105,-3,3
76794,76,72,4,4
76795,117,100,17,17
76796,98,93,5,5
76797,81,72,9,9
76798,99,102,-3,3
76799,81,72,9,9
76800,64,70,-6,6
76801,139,132,7,7
76802,84,91,-7,7
76803,68,70,-2,2
76804,42,41,1,1
76805,73,62,11,11
76806,158,117,41,41
76807,101,99,2,2
76808,122,112,10,10
76809,76,90,-14,14
76810,129,143,-14,14
76811,99,86,13,13
76812,71,62,9,9
76813,80,79,1,1
76814,141,135,6,6
76815,48,49,-1,1
76816,146,135,11,11
76817,83,83,0,0
76818,102,102,0,0
76819,87,86,1,1
76820,83,78,5,5
76821,63,68,-5,5
76822,89,91,-2,2
76823,142,134,8,8
76824,90,89,1,1
76825,97,87,10,10
76826,130,110,20,20
76827,88,86,2,2
76828,146,155,-9,9
76829,118,111,7,7
76830,124,115,9,9
76831,108,117,-9,9
76832,53,65,-12,12
76833,78,78,0,0
76834,54,56,-2,2
76835,121,110,11,11
76836,105,107,-2,2
76837,47,57,-10,10
76838,58,54,4,4
76839,126,108,18,18
76840,165,147,18,18
76841,118,114,4,4
76842,54,61,-7,7
76843,98,91,7,7
76844,39,36,3,3
76845,88,91,-3,3
76846,85,105,-20,20
76847,92,98,-6,6
76848,101,99,2,2
76849,69,78,-9,9
76850,70,59,11,11
76851,57,86,-29,29
76852,89,90,-1,1
76853,165,156,9,9
76854,88,86,2,2
76855,142,135,7,7
76856,109,112,-3,3
76857,105,101,4,4
76858,94,100,-6,6
76859,124,118,6,6
76860,119,111,8,8
76861,41,50,-9,9
76862,102,100,2,2
76863,90,79,11,11
76864,126,124,2,2
76865,59,71,-12,12
76866,74,78,-4,4
76867,104,106,-2,2
76868,101,91,10,10
76869,102,96,6,6
76870,123,120,3,3
76871,90,81,9,9
76872,85,79,6,6
76873,85,92,-7,7
76874,57,56,1,1
76875,73,74,-1,1
76876,73,81,-8,8
76877,106,98,8,8
76878,47,42,5,5
76879,91,103,-12,12
76880,93,72,21,21
76881,63,67,-4,4
76882,80,81,-1,1
76883,71,69,2,2
76884,92,93,-1,1
76885,125,112,13,13
76886,82,91,-9,9
76887,97,95,2,2
76888,59,50,9,9
76889,125,138,-13,13
76890,115,102,13,13
76891,103,101,2,2
76892,97,88,9,9
76893,89,83,6,6
76894,78,75,3,3
76895,159,146,13,13
76896,117,121,-4,4
76897,100,88,12,12
76898,104,100,4,4
76899,97,103,-6,6
76900,114,103,11,11
76901,118,121,-3,3
76902,99,80,19,19
76903,98,89,9,9
76904,114,132,-18,18
76905,99,91,8,8
76906,95,90,5,5
76907,68,73,-5,5
76908,119,109,10,10
76909,125,113,12,12
76910,74,80,-6,6
76911,97,93,4,4
76912,101,94,7,7
76913,157,139,18,18
76914,141,132,9,9
76915,132,128,4,4
76916,104,109,-5,5
76917,85,85,0,0
76918,110,105,5,5
76919,91,79,12,12
76920,53,55,-2,2
76921,81,80,1,1
76922,78,78,0,0
76923,79,90,-11,11
76924,73,66,7,7
76925,81,83,-2,2
76926,89,83,6,6
76927,78,80,-2,2
76928,122,106,16,16
76929,64,70,-6,6
76930,52,52,0,0
76931,87,86,1,1
76932,134,129,5,5
76933,104,99,5,5
76934,116,119,-3,3
76935,102,97,5,5
76936,160,154,6,6
76937,83,74,9,9
76938,159,159,0,0
76939,130,136,-6,6
76940,92,87,5,5
76941,95,87,8,8
76942,179,199,-20,20
76943,132,102,30,30
76944,53,58,-5,5
76945,100,104,-4,4
76946,105,88,17,17
76947,77,74,3,3
76948,115,109,6,6
76949,126,123,3,3
76950,91,82,9,9
76951,79,79,0,0
76952,40,45,-5,5
76953,128,121,7,7
76954,145,149,-4,4
76955,153,125,28,28
76956,81,69,12,12
76957,113,120,-7,7
76958,138,122,16,16
76959,100,107,-7,7
76960,77,65,12,12
76961,71,72,-1,1
76962,110,110,0,0
76963,118,106,12,12
76964,137,136,1,1
76965,94,94,0,0
76966,65,59,6,6
76967,52,68,-16,16
76968,74,79,-5,5
76969,68,62,6,6
76970,101,103,-2,2
76971,104,100,4,4
76972,138,129,9,9
76973,71,71,0,0
76974,140,122,18,18
76975,83,75,8,8
76976,91,86,5,5
76977,125,112,13,13
76978,77,84,-7,7
76979,63,59,4,4
76980,116,109,7,7
76981,102,97,5,5
76982,121,125,-4,4
76983,116,120,-4,4
76984,181,175,6,6
76985,112,116,-4,4
76986,151,154,-3,3
76987,127,117,10,10
76988,87,93,-6,6
76989,123,110,13,13
76990,74,81,-7,7
76991,161,153,8,8
76992,48,48,0,0
76993,207,211,-4,4
76994,124,132,-8,8
76995,91,96,-5,5
76996,104,101,3,3
76997,118,128,-10,10
76998,112,110,2,2
76999,70,76,-6,6
77000,76,69,7,7
77001,133,126,7,7
77002,79,69,10,10
77003,56,65,-9,9
77004,111,126,-15,15
77005,48,55,-7,7
77006,80,68,12,12
77007,144,159,-15,15
77008,39,32,7,7
77009,91,87,4,4
77010,97,96,1,1
77011,93,78,15,15
77012,142,117,25,25
77013,116,109,7,7
77014,86,86,0,0
77015,128,133,-5,5
77016,101,103,-2,2
77017,53,63,-10,10
77018,153,143,10,10
77019,69,77,-8,8
77020,101,95,6,6
77021,146,144,2,2
77022,107,102,5,5
77023,86,85,1,1
77024,44,47,-3,3
77025,64,70,-6,6
77026,90,75,15,15
77027,69,75,-6,6
77028,78,81,-3,3
77029,141,129,12,12
77030,54,40,14,14
77031,61,56,5,5
77032,140,122,18,18
77033,158,144,14,14
77034,96,104,-8,8
77035,159,149,10,10
77036,155,127,28,28
77037,152,134,18,18
77038,62,57,5,5
77039,84,73,11,11
77040,197,184,13,13
77041,123,117,6,6
77042,80,82,-2,2
77043,25,30,-5,5
77044,140,138,2,2
77045,65,69,-4,4
77046,67,85,-18,18
77047,62,66,-4,4
77048,71,64,7,7
77049,138,136,2,2
77050,73,65,8,8
77051,84,81,3,3
77052,227,182,45,45
77053,97,88,9,9
77054,47,45,2,2
77055,74,79,-5,5
77056,75,71,4,4
77057,64,61,3,3
77058,107,104,3,3
77059,60,56,4,4
77060,70,74,-4,4
77061,117,101,16,16
77062,110,109,1,1
77063,118,113,5,5
77064,86,82,4,4
77065,61,68,-7,7
77066,72,70,2,2
77067,153,144,9,9
77068,92,102,-10,10
77069,117,115,2,2
77070,79,76,3,3
77071,111,98,13,13
77072,48,47,1,1
77073,71,67,4,4
77074,100,97,3,3
77075,90,86,4,4
77076,67,71,-4,4
77077,111,105,6,6
77078,68,64,4,4
77079,113,104,9,9
77080,78,94,-16,16
77081,94,88,6,6
77082,86,82,4,4
77083,131,131,0,0
77084,142,124,18,18
77085,83,87,-4,4
77086,62,73,-11,11
77087,74,64,10,10
77088,143,139,4,4
77089,163,166,-3,3
77090,78,70,8,8
77091,42,37,5,5
77092,69,68,1,1
77093,68,67,1,1
77094,132,127,5,5
77095,59,56,3,3
77096,107,102,5,5
77097,107,106,1,1
77098,49,50,-1,1
77099,114,113,1,1
77100,87,81,6,6
77101,103,80,23,23
77102,122,111,11,11
77103,114,108,6,6
77104,172,160,12,12
77105,69,74,-5,5
77106,57,67,-10,10
77107,108,115,-7,7
77108,80,91,-11,11
77109,70,64,6,6
77110,126,125,1,1
77111,102,91,11,11
77112,45,47,-2,2
77113,72,67,5,5
77114,174,150,24,24
77115,101,105,-4,4
77116,53,59,-6,6
77117,71,74,-3,3
77118,157,163,-6,6
77119,139,137,2,2
77120,116,102,14,14
77121,86,74,12,12
77122,96,87,9,9
77123,107,108,-1,1
77124,98,103,-5,5
77125,89,88,1,1
77126,117,121,-4,4
77127,108,102,6,6
77128,54,55,-1,1
77129,116,118,-2,2
77130,111,105,6,6
77131,139,137,2,2
77132,74,73,1,1
77133,117,122,-5,5
77134,106,113,-7,7
77135,158,140,18,18
77136,97,94,3,3
77137,70,62,8,8
77138,106,111,-5,5
77139,82,74,8,8
77140,141,125,16,16
77141,132,123,9,9
77142,114,101,13,13
77143,145,126,19,19
77144,56,62,-6,6
77145,109,94,15,15
77146,131,111,20,20
77147,154,124,30,30
77148,73,64,9,9
77149,63,67,-4,4
77150,134,139,-5,5
77151,91,78,13,13
77152,127,117,10,10
77153,42,41,1,1
77154,101,103,-2,2
77155,52,44,8,8
77156,143,134,9,9
77157,92,83,9,9
77158,84,83,1,1
77159,101,111,-10,10
77160,117,110,7,7
77161,85,75,10,10
77162,52,55,-3,3
77163,74,70,4,4
77164,78,67,11,11
77165,64,60,4,4
77166,90,97,-7,7
77167,59,72,-13,13
77168,53,67,-14,14
77169,94,99,-5,5
77170,77,72,5,5
77171,108,109,-1,1
77172,138,129,9,9
77173,83,84,-1,1
77174,150,124,26,26
77175,108,103,5,5
77176,64,53,11,11
77177,101,109,-8,8
77178,92,84,8,8
77179,150,126,24,24
77180,133,130,3,3
77181,42,53,-11,11
77182,43,51,-8,8
77183,63,66,-3,3
77184,82,90,-8,8
77185,56,51,5,5
77186,101,108,-7,7
77187,65,81,-16,16
77188,112,107,5,5
77189,50,56,-6,6
77190,130,117,13,13
77191,88,94,-6,6
77192,74,64,10,10
77193,129,139,-10,10
77194,57,73,-16,16
77195,110,109,1,1
77196,99,100,-1,1
77197,77,75,2,2
77198,117,113,4,4
77199,107,96,11,11
77200,62,59,3,3
77201,75,75,0,0
77202,97,99,-2,2
77203,54,53,1,1
77204,80,74,6,6
77205,84,88,-4,4
77206,52,54,-2,2
77207,106,95,11,11
77208,99,112,-13,13
77209,92,85,7,7
77210,53,55,-2,2
77211,135,131,4,4
77212,116,98,18,18
77213,96,102,-6,6
77214,116,105,11,11
77215,90,85,5,5
77216,187,146,41,41
77217,55,96,-41,41
77218,48,58,-10,10
77219,77,82,-5,5
77220,74,81,-7,7
77221,97,96,1,1
77222,159,152,7,7
77223,127,121,6,6
77224,83,81,2,2
77225,67,68,-1,1
77226,103,86,17,17
77227,68,55,13,13
77228,75,65,10,10
77229,88,86,2,2
77230,82,118,-36,36
77231,128,114,14,14
77232,177,160,17,17
77233,140,132,8,8
77234,108,89,19,19
77235,59,55,4,4
77236,97,95,2,2
77237,105,99,6,6
77238,59,60,-1,1
77239,74,71,3,3
77240,63,66,-3,3
77241,53,52,1,1
77242,67,69,-2,2
77243,88,81,7,7
77244,116,111,5,5
77245,141,140,1,1
77246,123,122,1,1
77247,111,105,6,6
77248,89,91,-2,2
77249,112,124,-12,12
77250,118,114,4,4
77251,51,56,-5,5
77252,165,162,3,3
77253,70,67,3,3
77254,92,87,5,5
77255,156,129,27,27
77256,160,150,10,10
77257,64,65,-1,1
77258,137,134,3,3
77259,93,87,6,6
77260,124,121,3,3
77261,77,80,-3,3
77262,128,129,-1,1
77263,79,64,15,15
77264,61,70,-9,9
77265,112,105,7,7
77266,45,43,2,2
77267,67,64,3,3
77268,126,119,7,7
77269,92,93,-1,1
77270,74,77,-3,3
77271,67,71,-4,4
77272,105,107,-2,2
77273,167,171,-4,4
77274,131,120,11,11
77275,84,113,-29,29
77276,110,116,-6,6
77277,72,75,-3,3
77278,71,108,-37,37
77279,115,122,-7,7
77280,159,160,-1,1
77281,82,87,-5,5
77282,100,105,-5,5
77283,70,55,15,15
77284,104,105,-1,1
77285,49,54,-5,5
77286,104,103,1,1
77287,101,108,-7,7
77288,66,78,-12,12
77289,87,85,2,2
77290,85,92,-7,7
77291,124,131,-7,7
77292,121,111,10,10
77293,97,94,3,3
77294,63,58,5,5
77295,93,95,-2,2
77296,79,66,13,13
77297,49,49,0,0
77298,95,90,5,5
77299,76,78,-2,2
77300,133,127,6,6
77301,66,67,-1,1
77302,85,91,-6,6
77303,228,284,-56,56
77304,124,131,-7,7
77305,90,77,13,13
77306,95,81,14,14
77307,54,64,-10,10
77308,82,84,-2,2
77309,155,139,16,16
77310,173,153,20,20
77311,171,159,12,12
77312,42,54,-12,12
77313,141,146,-5,5
77314,92,80,12,12
77315,94,89,5,5
77316,82,88,-6,6
77317,132,127,5,5
77318,124,118,6,6
77319,94,91,3,3
77320,60,59,1,1
77321,58,65,-7,7
77322,102,104,-2,2
77323,112,108,4,4
77324,121,113,8,8
77325,133,138,-5,5
77326,54,67,-13,13
77327,105,109,-4,4
77328,82,82,0,0
77329,104,94,10,10
77330,91,88,3,3
77331,103,108,-5,5
77332,96,99,-3,3
77333,147,173,-26,26
77334,95,94,1,1
77335,111,113,-2,2
77336,106,107,-1,1
77337,59,54,5,5
77338,77,66,11,11
77339,97,87,10,10
77340,73,64,9,9
77341,105,96,9,9
77342,122,114,8,8
77343,55,63,-8,8
77344,108,112,-4,4
77345,59,51,8,8
77346,124,128,-4,4
77347,116,119,-3,3
77348,100,96,4,4
77349,76,81,-5,5
77350,102,94,8,8
77351,95,110,-15,15
77352,138,114,24,24
77353,119,120,-1,1
77354,78,75,3,3
77355,108,108,0,0
77356,34,37,-3,3
77357,105,104,1,1
77358,120,111,9,9
77359,91,87,4,4
77360,103,108,-5,5
77361,75,74,1,1
77362,176,154,22,22
77363,85,77,8,8
77364,75,67,8,8
77365,103,106,-3,3
77366,81,81,0,0
77367,105,111,-6,6
77368,50,55,-5,5
77369,118,110,8,8
77370,163,156,7,7
77371,137,122,15,15
77372,167,166,1,1
77373,116,109,7,7
77374,52,55,-3,3
77375,115,106,9,9
77376,188,194,-6,6
77377,187,174,13,13
77378,84,81,3,3
77379,124,117,7,7
77380,95,89,6,6
77381,79,85,-6,6
77382,72,65,7,7
77383,68,63,5,5
77384,116,112,4,4
77385,83,74,9,9
77386,94,89,5,5
77387,63,62,1,1
77388,200,207,-7,7
77389,61,66,-5,5
77390,148,144,4,4
77391,56,64,-8,8
77392,110,106,4,4
77393,94,93,1,1
77394,59,72,-13,13
77395,76,75,1,1
77396,67,72,-5,5
77397,102,104,-2,2
77398,165,141,24,24
77399,79,81,-2,2
77400,74,75,-1,1
77401,136,113,23,23
77402,116,102,14,14
77403,95,96,-1,1
77404,112,119,-7,7
77405,65,75,-10,10
77406,43,47,-4,4
77407,92,85,7,7
77408,48,51,-3,3
77409,75,80,-5,5
77410,118,119,-1,1
77411,99,92,7,7
77412,101,92,9,9
77413,41,59,-18,18
77414,78,81,-3,3
77415,129,115,14,14
77416,109,114,-5,5
77417,81,82,-1,1
77418,167,147,20,20
77419,55,68,-13,13
77420,202,176,26,26
77421,118,110,8,8
77422,122,122,0,0
77423,67,71,-4,4
77424,67,62,5,5
77425,54,62,-8,8
77426,54,63,-9,9
77427,89,91,-2,2
77428,107,101,6,6
77429,94,93,1,1
77430,72,63,9,9
77431,127,132,-5,5
77432,84,91,-7,7
77433,64,66,-2,2
77434,96,95,1,1
77435,116,106,10,10
77436,127,117,10,10
77437,128,119,9,9
77438,118,126,-8,8
77439,62,70,-8,8
77440,73,65,8,8
77441,36,44,-8,8
77442,165,140,25,25
77443,100,96,4,4
77444,65,66,-1,1
77445,75,80,-5,5
77446,75,97,-22,22
77447,97,99,-2,2
77448,93,109,-16,16
77449,57,49,8,8
77450,59,67,-8,8
77451,85,80,5,5
77452,99,112,-13,13
77453,87,86,1,1
77454,102,108,-6,6
77455,75,74,1,1
77456,92,89,3,3
77457,79,87,-8,8
77458,50,52,-2,2
77459,48,50,-2,2
77460,217,185,32,32
77461,132,113,19,19
77462,101,104,-3,3
77463,82,77,5,5
77464,116,119,-3,3
77465,112,100,12,12
77466,66,80,-14,14
77467,81,86,-5,5
77468,56,54,2,2
77469,97,90,7,7
77470,84,76,8,8
77471,37,42,-5,5
77472,74,68,6,6
77473,127,110,17,17
77474,54,52,2,2
77475,80,75,5,5
77476,57,60,-3,3
77477,106,74,32,32
77478,91,87,4,4
77479,103,100,3,3
77480,114,97,17,17
77481,131,128,3,3
77482,85,78,7,7
77483,85,81,4,4
77484,93,90,3,3
77485,74,72,2,2
77486,88,84,4,4
77487,52,50,2,2
77488,41,33,8,8
77489,82,80,2,2
77490,112,105,7,7
77491,67,60,7,7
77492,69,81,-12,12
77493,150,133,17,17
77494,93,97,-4,4
77495,63,58,5,5
77496,95,87,8,8
77497,46,43,3,3
77498,72,70,2,2
77499,77,83,-6,6
77500,87,89,-2,2
77501,121,132,-11,11
77502,149,133,16,16
77503,82,77,5,5
77504,57,57,0,0
77505,127,107,20,20
77506,103,102,1,1
77507,96,97,-1,1
77508,82,71,11,11
77509,161,148,13,13
77510,133,124,9,9
77511,73,69,4,4
77512,71,55,16,16
77513,168,177,-9,9
77514,137,143,-6,6
77515,72,71,1,1
77516,77,70,7,7
77517,114,109,5,5
77518,115,108,7,7
77519,70,62,8,8
77520,78,78,0,0
77521,118,112,6,6
77522,88,80,8,8
77523,81,75,6,6
77524,118,119,-1,1
77525,60,62,-2,2
77526,98,102,-4,4
77527,99,84,15,15
77528,55,53,2,2
77529,100,94,6,6
77530,75,83,-8,8
77531,77,64,13,13
77532,139,138,1,1
77533,99,89,10,10
77534,106,104,2,2
77535,92,97,-5,5
77536,87,86,1,1
77537,55,57,-2,2
77538,89,100,-11,11
77539,106,113,-7,7
77540,161,180,-19,19
77541,72,74,-2,2
77542,119,103,16,16
77543,90,79,11,11
77544,110,106,4,4
77545,51,54,-3,3
77546,63,74,-11,11
77547,42,47,-5,5
77548,85,83,2,2
77549,144,129,15,15
77550,69,81,-12,12
77551,43,45,-2,2
77552,94,101,-7,7
77553,178,188,-10,10
77554,80,77,3,3
77555,65,61,4,4
77556,62,55,7,7
77557,62,55,7,7
77558,144,150,-6,6
77559,102,99,3,3
77560,104,97,7,7
77561,45,47,-2,2
77562,57,54,3,3
77563,132,113,19,19
77564,105,98,7,7
77565,99,95,4,4
77566,60,66,-6,6
77567,72,78,-6,6
77568,122,122,0,0
77569,141,136,5,5
77570,94,78,16,16
77571,89,94,-5,5
77572,43,53,-10,10
77573,160,148,12,12
77574,84,79,5,5
77575,84,80,4,4
77576,90,88,2,2
77577,68,68,0,0
77578,189,183,6,6
77579,77,84,-7,7
77580,59,67,-8,8
77581,139,134,5,5
77582,98,95,3,3
77583,147,131,16,16
77584,158,121,37,37
77585,97,85,12,12
77586,109,109,0,0
77587,112,103,9,9
77588,74,69,5,5
77589,155,141,14,14
77590,75,68,7,7
77591,129,118,11,11
77592,189,178,11,11
77593,98,100,-2,2
77594,68,69,-1,1
77595,100,97,3,3
77596,136,115,21,21
77597,144,136,8,8
77598,123,118,5,5
77599,60,62,-2,2
77600,131,118,13,13
77601,74,77,-3,3
77602,148,113,35,35
77603,112,101,11,11
77604,60,54,6,6
77605,89,80,9,9
77606,83,86,-3,3
77607,100,87,13,13
77608,70,72,-2,2
77609,119,123,-4,4
77610,52,60,-8,8
77611,72,67,5,5
77612,127,120,7,7
77613,82,83,-1,1
77614,65,61,4,4
77615,75,69,6,6
77616,65,64,1,1
77617,80,99,-19,19
77618,95,114,-19,19
77619,74,79,-5,5
77620,107,100,7,7
77621,63,59,4,4
77622,117,112,5,5
77623,83,68,15,15
77624,74,73,1,1
77625,56,48,8,8
77626,143,137,6,6
77627,61,70,-9,9
77628,92,88,4,4
77629,147,159,-12,12
77630,68,76,-8,8
77631,95,91,4,4
77632,80,84,-4,4
77633,129,111,18,18
77634,133,141,-8,8
77635,47,47,0,0
77636,65,53,12,12
77637,85,80,5,5
77638,100,97,3,3
77639,113,118,-5,5
77640,104,90,14,14
77641,70,63,7,7
77642,16,24,-8,8
77643,102,96,6,6
77644,125,131,-6,6
77645,83,83,0,0
77646,114,99,15,15
77647,150,154,-4,4
77648,164,151,13,13
77649,97,105,-8,8
77650,71,71,0,0
77651,78,75,3,3
77652,128,120,8,8
77653,111,101,10,10
77654,78,70,8,8
77655,83,80,3,3
77656,84,77,7,7
77657,81,80,1,1
77658,103,119,-16,16
77659,91,100,-9,9
77660,79,73,6,6
77661,84,85,-1,1
77662,143,115,28,28
77663,97,87,10,10
77664,85,77,8,8
77665,120,107,13,13
77666,88,100,-12,12
77667,114,107,7,7
77668,116,102,14,14
77669,72,84,-12,12
77670,101,103,-2,2
77671,129,126,3,3
77672,119,93,26,26
77673,86,84,2,2
77674,75,82,-7,7
77675,76,69,7,7
77676,84,75,9,9
77677,75,76,-1,1
77678,124,117,7,7
77679,177,187,-10,10
77680,75,78,-3,3
77681,117,113,4,4
77682,99,133,-34,34
77683,50,50,0,0
77684,70,76,-6,6
77685,115,104,11,11
77686,60,63,-3,3
77687,96,88,8,8
77688,142,140,2,2
77689,87,80,7,7
77690,112,112,0,0
77691,116,91,25,25
77692,56,54,2,2
77693,158,159,-1,1
77694,188,190,-2,2
77695,181,171,10,10
77696,104,88,16,16
77697,159,160,-1,1
77698,122,125,-3,3
77699,69,73,-4,4
77700,105,94,11,11
77701,84,91,-7,7
77702,80,76,4,4
77703,62,64,-2,2
77704,75,70,5,5
77705,72,78,-6,6
77706,86,79,7,7
77707,99,97,2,2
77708,59,59,0,0
77709,104,92,12,12
77710,78,77,1,1
77711,97,99,-2,2
77712,129,115,14,14
77713,64,68,-4,4
77714,105,104,1,1
77715,93,89,4,4
77716,92,90,2,2
77717,40,36,4,4
77718,98,101,-3,3
77719,132,129,3,3
77720,67,75,-8,8
77721,51,81,-30,30
77722,81,89,-8,8
77723,142,137,5,5
77724,145,138,7,7
77725,72,66,6,6
77726,102,99,3,3
77727,87,82,5,5
77728,111,108,3,3
77729,80,80,0,0
77730,85,93,-8,8
77731,144,125,19,19
77732,66,78,-12,12
77733,98,89,9,9
77734,91,90,1,1
77735,61,65,-4,4
77736,46,55,-9,9
77737,89,92,-3,3
77738,105,94,11,11
77739,102,88,14,14
77740,100,105,-5,5
77741,58,68,-10,10
77742,116,114,2,2
77743,73,68,5,5
77744,96,91,5,5
77745,89,83,6,6
77746,79,80,-1,1
77747,74,76,-2,2
77748,100,85,15,15
77749,35,40,-5,5
77750,49,48,1,1
77751,79,77,2,2
77752,102,89,13,13
77753,104,83,21,21
77754,198,176,22,22
77755,136,126,10,10
77756,62,73,-11,11
77757,100,105,-5,5
77758,89,90,-1,1
77759,131,122,9,9
77760,82,78,4,4
77761,157,153,4,4
77762,71,63,8,8
77763,54,52,2,2
77764,115,124,-9,9
77765,80,69,11,11
77766,69,74,-5,5
77767,80,73,7,7
77768,89,87,2,2
77769,91,88,3,3
77770,171,144,27,27
77771,86,79,7,7
77772,120,115,5,5
77773,72,72,0,0
77774,67,61,6,6
77775,122,146,-24,24
77776,71,64,7,7
77777,119,118,1,1
77778,80,77,3,3
77779,110,90,20,20
77780,47,48,-1,1
77781,193,175,18,18
77782,80,74,6,6
77783,52,54,-2,2
77784,61,63,-2,2
77785,90,100,-10,10
77786,85,83,2,2
77787,74,70,4,4
77788,85,87,-2,2
77789,125,150,-25,25
77790,150,140,10,10
77791,89,93,-4,4
77792,93,99,-6,6
77793,131,133,-2,2
77794,66,69,-3,3
77795,78,76,2,2
77796,151,144,7,7
77797,91,86,5,5
77798,75,75,0,0
77799,39,45,-6,6
77800,54,50,4,4
77801,106,95,11,11
77802,128,129,-1,1
77803,49,60,-11,11
77804,124,119,5,5
77805,76,77,-1,1
77806,89,82,7,7
77807,48,52,-4,4
77808,135,146,-11,11
77809,108,101,7,7
77810,113,113,0,0
77811,97,94,3,3
77812,155,157,-2,2
77813,154,138,16,16
77814,118,103,15,15
77815,87,76,11,11
77816,56,57,-1,1
77817,56,74,-18,18
77818,70,79,-9,9
77819,45,57,-12,12
77820,49,63,-14,14
77821,91,72,19,19
77822,76,73,3,3
77823,81,90,-9,9
77824,121,110,11,11
77825,109,103,6,6
77826,72,69,3,3
77827,75,76,-1,1
77828,35,53,-18,18
77829,90,92,-2,2
77830,132,125,7,7
77831,140,150,-10,10
77832,75,80,-5,5
77833,76,76,0,0
77834,111,120,-9,9
77835,92,96,-4,4
77836,120,133,-13,13
77837,119,110,9,9
77838,78,80,-2,2
77839,86,87,-1,1
77840,60,69,-9,9
77841,158,148,10,10
77842,94,80,14,14
77843,126,111,15,15
77844,112,99,13,13
77845,112,100,12,12
77846,73,73,0,0
77847,94,100,-6,6
77848,133,113,20,20
77849,70,56,14,14
77850,83,74,9,9
77851,117,115,2,2
77852,104,99,5,5
77853,109,102,7,7
77854,173,145,28,28
77855,55,75,-20,20
77856,46,51,-5,5
77857,36,39,-3,3
77858,76,76,0,0
77859,136,122,14,14
77860,102,97,5,5
77861,110,105,5,5
77862,94,89,5,5
77863,80,77,3,3
77864,149,142,7,7
77865,249,243,6,6
77866,150,151,-1,1
77867,49,52,-3,3
77868,58,54,4,4
77869,54,50,4,4
77870,83,74,9,9
77871,119,105,14,14
77872,58,62,-4,4
77873,123,107,16,16
77874,125,105,20,20
77875,115,112,3,3
77876,74,80,-6,6
77877,71,70,1,1
77878,162,150,12,12
77879,96,97,-1,1
77880,63,65,-2,2
77881,87,89,-2,2
77882,74,62,12,12
77883,70,85,-15,15
77884,114,117,-3,3
77885,72,67,5,5
77886,58,68,-10,10
77887,117,109,8,8
77888,77,94,-17,17
77889,57,65,-8,8
77890,142,132,10,10
77891,57,63,-6,6
77892,77,84,-7,7
77893,100,111,-11,11
77894,92,96,-4,4
77895,53,54,-1,1
77896,98,88,10,10
77897,96,91,5,5
77898,67,65,2,2
77899,69,65,4,4
77900,108,107,1,1
77901,97,87,10,10
77902,75,71,4,4
77903,97,99,-2,2
77904,127,113,14,14
77905,87,72,15,15
77906,86,81,5,5
77907,84,72,12,12
77908,86,83,3,3
77909,88,83,5,5
77910,97,97,0,0
77911,86,90,-4,4
77912,79,80,-1,1
77913,183,175,8,8
77914,97,96,1,1
77915,136,135,1,1
77916,78,78,0,0
77917,128,124,4,4
77918,116,107,9,9
77919,167,169,-2,2
77920,143,141,2,2
77921,72,68,4,4
77922,101,94,7,7
77923,89,96,-7,7
77924,63,62,1,1
77925,136,126,10,10
77926,129,122,7,7
77927,77,77,0,0
77928,70,80,-10,10
77929,114,108,6,6
77930,100,110,-10,10
77931,133,122,11,11
77932,130,115,15,15
77933,64,60,4,4
77934,105,98,7,7
77935,171,155,16,16
77936,120,109,11,11
77937,95,96,-1,1
77938,72,75,-3,3
77939,75,70,5,5
77940,110,101,9,9
77941,119,99,20,20
77942,184,162,22,22
77943,132,134,-2,2
77944,128,134,-6,6
77945,78,90,-12,12
77946,124,129,-5,5
77947,123,121,2,2
77948,105,94,11,11
77949,51,59,-8,8
77950,89,92,-3,3
77951,58,68,-10,10
77952,112,103,9,9
77953,97,90,7,7
77954,95,95,0,0
77955,79,83,-4,4
77956,85,83,2,2
77957,135,116,19,19
77958,127,113,14,14
77959,95,82,13,13
77960,141,143,-2,2
77961,76,84,-8,8
77962,63,55,8,8
77963,106,97,9,9
77964,95,84,11,11
77965,91,83,8,8
77966,147,141,6,6
77967,124,112,12,12
77968,88,82,6,6
77969,70,77,-7,7
77970,80,92,-12,12
77971,41,41,0,0
77972,59,62,-3,3
77973,97,98,-1,1
77974,61,62,-1,1
77975,148,135,13,13
77976,106,100,6,6
77977,102,111,-9,9
77978,66,67,-1,1
77979,75,75,0,0
77980,98,93,5,5
77981,58,50,8,8
77982,59,62,-3,3
77983,53,50,3,3
77984,53,76,-23,23
77985,121,104,17,17
77986,101,86,15,15
77987,145,136,9,9
77988,57,62,-5,5
77989,74,73,1,1
77990,65,65,0,0
77991,79,79,0,0
77992,117,122,-5,5
77993,65,68,-3,3
77994,64,65,-1,1
77995,81,68,13,13
77996,125,101,24,24
77997,67,65,2,2
77998,69,70,-1,1
77999,59,56,3,3
78000,126,113,13,13
78001,106,106,0,0
78002,63,67,-4,4
78003,89,92,-3,3
78004,120,98,22,22
78005,97,97,0,0
78006,70,72,-2,2
78007,116,118,-2,2
78008,77,65,12,12
78009,49,49,0,0
78010,71,70,1,1
78011,64,73,-9,9
78012,72,50,22,22
78013,128,104,24,24
78014,98,91,7,7
78015,66,68,-2,2
78016,112,111,1,1
78017,51,50,1,1
78018,85,80,5,5
78019,100,89,11,11
78020,92,84,8,8
78021,111,109,2,2
78022,100,122,-22,22
78023,96,93,3,3
78024,166,153,13,13
78025,137,151,-14,14
78026,72,75,-3,3
78027,115,116,-1,1
78028,88,78,10,10
78029,91,96,-5,5
78030,103,106,-3,3
78031,47,55,-8,8
78032,86,85,1,1
78033,136,126,10,10
78034,157,158,-1,1
78035,124,139,-15,15
78036,137,134,3,3
78037,101,100,1,1
78038,74,77,-3,3
78039,85,82,3,3
78040,45,45,0,0
78041,168,156,12,12
78042,115,97,18,18
78043,116,133,-17,17
78044,84,86,-2,2
78045,102,97,5,5
78046,59,69,-10,10
78047,106,108,-2,2
78048,60,59,1,1
78049,123,117,6,6
78050,85,74,11,11
78051,60,62,-2,2
78052,82,69,13,13
78053,160,146,14,14
78054,82,80,2,2
78055,83,87,-4,4
78056,73,73,0,0
78057,113,111,2,2
78058,95,89,6,6
78059,100,91,9,9
78060,40,44,-4,4
78061,80,76,4,4
78062,110,104,6,6
78063,144,142,2,2
78064,115,106,9,9
78065,64,74,-10,10
78066,119,106,13,13
78067,102,104,-2,2
78068,159,137,22,22
78069,104,96,8,8
78070,91,89,2,2
78071,133,125,8,8
78072,98,92,6,6
78073,96,99,-3,3
78074,134,128,6,6
78075,160,147,13,13
78076,59,75,-16,16
78077,74,83,-9,9
78078,106,106,0,0
78079,64,53,11,11
78080,90,94,-4,4
78081,67,66,1,1
78082,100,97,3,3
78083,68,63,5,5
78084,159,152,7,7
78085,87,84,3,3
78086,123,117,6,6
78087,78,75,3,3
78088,95,99,-4,4
78089,56,69,-13,13
78090,102,99,3,3
78091,108,90,18,18
78092,73,67,6,6
78093,111,109,2,2
78094,137,119,18,18
78095,84,97,-13,13
78096,89,78,11,11
78097,70,93,-23,23
78098,78,77,1,1
78099,152,146,6,6
78100,81,79,2,2
78101,49,56,-7,7
78102,69,69,0,0
78103,102,89,13,13
78104,62,65,-3,3
78105,91,84,7,7
78106,72,52,20,20
78107,47,45,2,2
78108,184,156,28,28
78109,103,91,12,12
78110,69,79,-10,10
78111,51,63,-12,12
78112,120,130,-10,10
78113,105,84,21,21
78114,46,58,-12,12
78115,75,73,2,2
78116,71,74,-3,3
78117,45,46,-1,1
78118,80,84,-4,4
78119,79,83,-4,4
78120,78,72,6,6
78121,62,64,-2,2
78122,86,83,3,3
78123,122,122,0,0
78124,101,93,8,8
78125,72,76,-4,4
78126,141,132,9,9
78127,69,63,6,6
78128,93,96,-3,3
78129,55,57,-2,2
78130,121,112,9,9
78131,105,106,-1,1
78132,99,85,14,14
78133,195,179,16,16
78134,76,77,-1,1
78135,124,113,11,11
78136,100,79,21,21
78137,152,152,0,0
78138,108,103,5,5
78139,49,51,-2,2
78140,176,162,14,14
78141,104,203,-99,99
78142,81,70,11,11
78143,97,83,14,14
78144,58,52,6,6
78145,110,102,8,8
78146,55,61,-6,6
78147,69,72,-3,3
78148,107,130,-23,23
78149,71,68,3,3
78150,88,89,-1,1
78151,43,52,-9,9
78152,117,119,-2,2
78153,81,70,11,11
78154,75,77,-2,2
78155,108,109,-1,1
78156,63,67,-4,4
78157,74,71,3,3
78158,68,71,-3,3
78159,62,63,-1,1
78160,52,50,2,2
78161,78,79,-1,1
78162,108,112,-4,4
78163,188,175,13,13
78164,61,64,-3,3
78165,77,74,3,3
78166,97,83,14,14
78167,67,60,7,7
78168,77,104,-27,27
78169,91,88,3,3
78170,69,67,2,2
78171,131,134,-3,3
78172,56,57,-1,1
78173,49,59,-10,10
78174,126,126,0,0
78175,114,107,7,7
78176,90,87,3,3
78177,75,84,-9,9
78178,83,72,11,11
78179,92,112,-20,20
78180,83,88,-5,5
78181,89,76,13,13
78182,85,75,10,10
78183,70,60,10,10
78184,108,103,5,5
78185,71,71,0,0
78186,68,62,6,6
78187,70,67,3,3
78188,107,106,1,1
78189,58,59,-1,1
78190,51,51,0,0
78191,55,58,-3,3
78192,161,165,-4,4
78193,46,49,-3,3
78194,92,102,-10,10
78195,154,132,22,22
78196,83,82,1,1
78197,128,121,7,7
78198,73,74,-1,1
78199,87,90,-3,3
78200,122,101,21,21
78201,108,82,26,26
78202,76,93,-17,17
78203,59,71,-12,12
78204,83,85,-2,2
78205,92,92,0,0
78206,96,101,-5,5
78207,105,83,22,22
78208,58,58,0,0
78209,81,83,-2,2
78210,110,96,14,14
78211,44,48,-4,4
78212,81,71,10,10
78213,63,69,-6,6
78214,78,74,4,4
78215,68,78,-10,10
78216,120,117,3,3
78217,181,166,15,15
78218,141,144,-3,3
78219,178,156,22,22
78220,64,62,2,2
78221,72,80,-8,8
78222,45,42,3,3
78223,143,113,30,30
78224,145,121,24,24
78225,111,99,12,12
78226,86,87,-1,1
78227,125,128,-3,3
78228,79,72,7,7
78229,67,74,-7,7
78230,173,150,23,23
78231,81,87,-6,6
78232,88,90,-2,2
78233,63,56,7,7
78234,66,84,-18,18
78235,96,95,1,1
78236,100,69,31,31
78237,57,55,2,2
78238,125,107,18,18
78239,156,148,8,8
78240,125,127,-2,2
78241,133,128,5,5
78242,66,62,4,4
78243,159,167,-8,8
78244,44,58,-14,14
78245,67,62,5,5
78246,105,101,4,4
78247,77,79,-2,2
78248,64,65,-1,1
78249,62,81,-19,19
78250,69,64,5,5
78251,163,139,24,24
78252,62,68,-6,6
78253,50,46,4,4
78254,100,100,0,0
78255,108,99,9,9
78256,70,68,2,2
78257,97,93,4,4
78258,83,81,2,2
78259,137,128,9,9
78260,70,62,8,8
78261,122,98,24,24
78262,79,81,-2,2
78263,52,79,-27,27
78264,86,92,-6,6
78265,93,93,0,0
78266,93,109,-16,16
78267,62,63,-1,1
78268,109,97,12,12
78269,107,103,4,4
78270,83,77,6,6
78271,57,60,-3,3
78272,61,67,-6,6
78273,43,50,-7,7
78274,156,135,21,21
78275,102,93,9,9
78276,56,68,-12,12
78277,199,181,18,18
78278,103,105,-2,2
78279,77,70,7,7
78280,147,160,-13,13
78281,99,110,-11,11
78282,74,98,-24,24
78283,71,63,8,8
78284,142,137,5,5
78285,72,66,6,6
78286,28,30,-2,2
78287,99,113,-14,14
78288,145,146,-1,1
78289,51,44,7,7
78290,132,134,-2,2
78291,102,98,4,4
78292,69,65,4,4
78293,142,136,6,6
78294,52,53,-1,1
78295,87,91,-4,4
78296,122,122,0,0
78297,93,100,-7,7
78298,85,90,-5,5
78299,101,97,4,4
78300,88,88,0,0
78301,64,57,7,7
78302,131,121,10,10
78303,91,89,2,2
78304,174,168,6,6
78305,50,45,5,5
78306,78,79,-1,1
78307,76,80,-4,4
78308,118,116,2,2
78309,56,59,-3,3
78310,53,52,1,1
78311,98,101,-3,3
78312,119,121,-2,2
78313,133,126,7,7
78314,66,61,5,5
78315,117,113,4,4
78316,94,88,6,6
78317,79,81,-2,2
78318,114,113,1,1
78319,96,81,15,15
78320,81,85,-4,4
78321,83,87,-4,4
78322,74,73,1,1
78323,89,79,10,10
78324,73,94,-21,21
78325,160,159,1,1
78326,120,115,5,5
78327,52,46,6,6
78328,127,120,7,7
78329,93,77,16,16
78330,108,115,-7,7
78331,95,92,3,3
78332,75,72,3,3
78333,124,105,19,19
78334,90,89,1,1
78335,101,102,-1,1
78336,44,53,-9,9
78337,113,99,14,14
78338,64,74,-10,10
78339,135,119,16,16
78340,147,139,8,8
78341,112,112,0,0
78342,63,65,-2,2
78343,91,99,-8,8
78344,93,73,20,20
78345,116,109,7,7
78346,124,119,5,5
78347,127,120,7,7
78348,114,112,2,2
78349,137,110,27,27
78350,56,65,-9,9
78351,54,59,-5,5
78352,78,73,5,5
78353,71,63,8,8
78354,72,70,2,2
78355,67,74,-7,7
78356,48,44,4,4
78357,115,137,-22,22
78358,53,52,1,1
78359,95,95,0,0
78360,56,59,-3,3
78361,45,38,7,7
78362,209,196,13,13
78363,85,93,-8,8
78364,80,76,4,4
78365,139,133,6,6
78366,64,60,4,4
78367,83,84,-1,1
78368,121,112,9,9
78369,102,113,-11,11
78370,94,90,4,4
78371,119,105,14,14
78372,59,60,-1,1
78373,61,81,-20,20
78374,74,61,13,13
78375,76,78,-2,2
78376,91,101,-10,10
78377,132,122,10,10
78378,54,61,-7,7
78379,74,76,-2,2
78380,96,84,12,12
78381,60,66,-6,6
78382,91,93,-2,2
78383,102,99,3,3
78384,131,127,4,4
78385,95,86,9,9
78386,35,32,3,3
78387,70,76,-6,6
78388,115,104,11,11
78389,63,59,4,4
78390,70,75,-5,5
78391,73,73,0,0
78392,79,77,2,2
78393,114,114,0,0
78394,75,78,-3,3
78395,103,102,1,1
78396,111,105,6,6
78397,110,113,-3,3
78398,55,54,1,1
78399,89,94,-5,5
78400,53,60,-7,7
78401,114,101,13,13
78402,104,106,-2,2
78403,45,45,0,0
78404,122,107,15,15
78405,72,75,-3,3
78406,140,135,5,5
78407,132,123,9,9
78408,127,136,-9,9
78409,133,125,8,8
78410,66,59,7,7
78411,99,93,6,6
78412,112,110,2,2
78413,104,80,24,24
78414,143,136,7,7
78415,107,97,10,10
78416,122,121,1,1
78417,166,164,2,2
78418,169,165,4,4
78419,165,181,-16,16
78420,147,124,23,23
78421,63,66,-3,3
78422,71,75,-4,4
78423,59,56,3,3
78424,127,118,9,9
78425,168,153,15,15
78426,43,45,-2,2
78427,103,90,13,13
78428,109,100,9,9
78429,99,102,-3,3
78430,71,77,-6,6
78431,94,102,-8,8
78432,104,99,5,5
78433,96,94,2,2
78434,85,81,4,4
78435,122,112,10,10
78436,85,83,2,2
78437,49,56,-7,7
78438,44,52,-8,8
78439,65,56,9,9
78440,78,79,-1,1
78441,117,112,5,5
78442,103,94,9,9
78443,106,92,14,14
78444,97,100,-3,3
78445,167,185,-18,18
78446,50,56,-6,6
78447,134,123,11,11
78448,100,101,-1,1
78449,81,78,3,3
78450,108,124,-16,16
78451,55,53,2,2
78452,82,82,0,0
78453,94,105,-11,11
78454,94,86,8,8
78455,61,57,4,4
78456,141,145,-4,4
78457,79,79,0,0
78458,71,75,-4,4
78459,48,53,-5,5
78460,140,136,4,4
78461,70,82,-12,12
78462,63,59,4,4
78463,137,125,12,12
78464,40,42,-2,2
78465,103,95,8,8
78466,67,61,6,6
78467,82,84,-2,2
78468,119,119,0,0
78469,131,128,3,3
78470,77,91,-14,14
78471,98,94,4,4
78472,148,156,-8,8
78473,91,81,10,10
78474,95,97,-2,2
78475,60,51,9,9
78476,72,70,2,2
78477,123,118,5,5
78478,68,73,-5,5
78479,124,138,-14,14
78480,128,125,3,3
78481,114,112,2,2
78482,90,85,5,5
78483,108,109,-1,1
78484,114,105,9,9
78485,33,58,-25,25
78486,95,93,2,2
78487,113,105,8,8
78488,57,62,-5,5
78489,71,68,3,3
78490,110,88,22,22
78491,67,68,-1,1
78492,59,57,2,2
78493,105,107,-2,2
78494,132,114,18,18
78495,93,100,-7,7
78496,90,95,-5,5
78497,134,126,8,8
78498,32,33,-1,1
78499,108,129,-21,21
78500,81,80,1,1
78501,94,92,2,2
78502,116,126,-10,10
78503,131,116,15,15
78504,63,68,-5,5
78505,96,92,4,4
78506,71,64,7,7
78507,71,65,6,6
78508,79,74,5,5
78509,115,108,7,7
78510,48,70,-22,22
78511,85,87,-2,2
78512,113,102,11,11
78513,89,86,3,3
78514,131,119,12,12
78515,91,89,2,2
78516,72,70,2,2
78517,169,155,14,14
78518,133,136,-3,3
78519,176,186,-10,10
78520,118,126,-8,8
78521,71,83,-12,12
78522,65,66,-1,1
78523,144,120,24,24
78524,72,95,-23,23
78525,70,73,-3,3
78526,70,67,3,3
78527,117,103,14,14
78528,97,93,4,4
78529,57,57,0,0
78530,61,90,-29,29
78531,80,87,-7,7
78532,92,73,19,19
78533,85,86,-1,1
78534,125,111,14,14
78535,90,94,-4,4
78536,80,70,10,10
78537,71,80,-9,9
78538,149,130,19,19
78539,69,58,11,11
78540,104,101,3,3
78541,95,93,2,2
78542,129,113,16,16
78543,144,121,23,23
78544,61,62,-1,1
78545,130,122,8,8
78546,144,126,18,18
78547,39,39,0,0
78548,114,125,-11,11
78549,48,48,0,0
78550,94,94,0,0
78551,92,83,9,9
78552,101,88,13,13
78553,79,86,-7,7
78554,113,100,13,13
78555,69,79,-10,10
78556,41,49,-8,8
78557,69,75,-6,6
78558,108,98,10,10
78559,66,76,-10,10
78560,93,81,12,12
78561,86,74,12,12
78562,79,74,5,5
78563,80,88,-8,8
78564,87,94,-7,7
78565,179,163,16,16
78566,67,62,5,5
78567,71,77,-6,6
78568,86,75,11,11
78569,92,95,-3,3
78570,109,108,1,1
78571,45,55,-10,10
78572,84,89,-5,5
78573,158,150,8,8
78574,92,87,5,5
78575,75,70,5,5
78576,84,81,3,3
78577,65,75,-10,10
78578,104,90,14,14
78579,44,48,-4,4
78580,198,149,49,49
78581,124,114,10,10
78582,134,117,17,17
78583,122,110,12,12
78584,77,75,2,2
78585,103,96,7,7
78586,98,93,5,5
78587,59,55,4,4
78588,87,69,18,18
78589,74,55,19,19
78590,67,68,-1,1
78591,85,79,6,6
78592,79,78,1,1
78593,96,96,0,0
78594,121,121,0,0
78595,98,108,-10,10
78596,145,126,19,19
78597,110,99,11,11
78598,144,141,3,3
78599,85,84,1,1
78600,114,122,-8,8
78601,95,89,6,6
78602,51,56,-5,5
78603,97,93,4,4
78604,81,71,10,10
78605,81,77,4,4
78606,85,77,8,8
78607,154,148,6,6
78608,125,116,9,9
78609,97,95,2,2
78610,161,129,32,32
78611,144,122,22,22
78612,127,121,6,6
78613,88,96,-8,8
78614,180,168,12,12
78615,90,96,-6,6
78616,66,77,-11,11
78617,95,89,6,6
78618,94,98,-4,4
78619,75,79,-4,4
78620,65,69,-4,4
78621,111,112,-1,1
78622,67,64,3,3
78623,86,85,1,1
78624,141,129,12,12
78625,102,93,9,9
78626,142,134,8,8
78627,188,179,9,9
78628,62,51,11,11
78629,104,117,-13,13
78630,63,60,3,3
78631,100,93,7,7
78632,148,138,10,10
78633,103,105,-2,2
78634,122,129,-7,7
78635,69,69,0,0
78636,89,80,9,9
78637,113,93,20,20
78638,135,133,2,2
78639,158,140,18,18
78640,74,63,11,11
78641,54,54,0,0
78642,106,104,2,2
78643,56,75,-19,19
78644,113,105,8,8
78645,95,80,15,15
78646,134,127,7,7
78647,73,75,-2,2
78648,51,47,4,4
78649,50,44,6,6
78650,33,40,-7,7
78651,130,115,15,15
78652,111,123,-12,12
78653,58,51,7,7
78654,103,105,-2,2
78655,136,137,-1,1
78656,99,93,6,6
78657,99,89,10,10
78658,116,107,9,9
78659,149,131,18,18
78660,69,75,-6,6
78661,81,84,-3,3
78662,57,53,4,4
78663,85,79,6,6
78664,78,85,-7,7
78665,94,91,3,3
78666,112,101,11,11
78667,141,114,27,27
78668,133,120,13,13
78669,85,81,4,4
78670,100,103,-3,3
78671,62,61,1,1
78672,121,113,8,8
78673,54,57,-3,3
78674,154,149,5,5
78675,142,125,17,17
78676,104,100,4,4
78677,103,96,7,7
78678,70,67,3,3
78679,118,107,11,11
78680,115,108,7,7
78681,145,124,21,21
78682,106,108,-2,2
78683,114,113,1,1
78684,87,83,4,4
78685,155,140,15,15
78686,142,135,7,7
78687,132,123,9,9
78688,94,96,-2,2
78689,142,138,4,4
78690,150,128,22,22
78691,53,53,0,0
78692,94,91,3,3
78693,85,96,-11,11
78694,62,66,-4,4
78695,53,47,6,6
78696,81,86,-5,5
78697,175,176,-1,1
78698,55,49,6,6
78699,72,81,-9,9
78700,93,87,6,6
78701,73,83,-10,10
78702,47,49,-2,2
78703,67,68,-1,1
78704,117,107,10,10
78705,104,109,-5,5
78706,76,73,3,3
78707,99,86,13,13
78708,131,121,10,10
78709,84,95,-11,11
78710,105,112,-7,7
78711,157,132,25,25
78712,111,113,-2,2
78713,91,92,-1,1
78714,74,75,-1,1
78715,79,82,-3,3
78716,103,91,12,12
78717,119,110,9,9
78718,163,163,0,0
78719,69,68,1,1
78720,112,104,8,8
78721,55,58,-3,3
78722,97,94,3,3
78723,99,88,11,11
78724,58,74,-16,16
78725,125,102,23,23
78726,88,82,6,6
78727,81,78,3,3
78728,158,165,-7,7
78729,55,63,-8,8
78730,114,120,-6,6
78731,95,89,6,6
78732,87,104,-17,17
78733,139,119,20,20
78734,79,80,-1,1
78735,75,57,18,18
78736,56,64,-8,8
78737,113,126,-13,13
78738,148,143,5,5
78739,160,137,23,23
78740,97,98,-1,1
78741,88,86,2,2
78742,89,88,1,1
78743,101,89,12,12
78744,53,55,-2,2
78745,97,108,-11,11
78746,67,68,-1,1
78747,117,105,12,12
78748,72,65,7,7
78749,40,35,5,5
78750,48,53,-5,5
78751,88,80,8,8
78752,95,89,6,6
78753,132,129,3,3
78754,63,54,9,9
78755,95,90,5,5
78756,84,83,1,1
78757,33,37,-4,4
78758,70,65,5,5
78759,154,149,5,5
78760,163,155,8,8
78761,175,159,16,16
78762,92,81,11,11
78763,150,147,3,3
78764,67,72,-5,5
78765,127,130,-3,3
78766,131,114,17,17
78767,194,193,1,1
78768,113,106,7,7
78769,106,112,-6,6
78770,88,81,7,7
78771,75,70,5,5
78772,56,76,-20,20
78773,86,107,-21,21
78774,66,61,5,5
78775,171,166,5,5
78776,127,117,10,10
78777,110,100,10,10
78778,93,93,0,0
78779,89,91,-2,2
78780,72,75,-3,3
78781,98,88,10,10
78782,77,72,5,5
78783,93,100,-7,7
78784,112,102,10,10
78785,68,74,-6,6
78786,104,108,-4,4
78787,78,73,5,5
78788,69,76,-7,7
78789,48,42,6,6
78790,65,73,-8,8
78791,109,110,-1,1
78792,90,109,-19,19
78793,141,119,22,22
78794,100,99,1,1
78795,133,126,7,7
78796,110,99,11,11
78797,54,54,0,0
78798,71,67,4,4
78799,144,137,7,7
78800,57,67,-10,10
78801,88,80,8,8
78802,107,99,8,8
78803,128,119,9,9
78804,93,95,-2,2
78805,136,135,1,1
78806,107,100,7,7
78807,151,146,5,5
78808,114,105,9,9
78809,67,66,1,1
78810,94,92,2,2
78811,90,82,8,8
78812,105,95,10,10
78813,132,117,15,15
78814,90,89,1,1
78815,120,128,-8,8
78816,91,96,-5,5
78817,155,141,14,14
78818,62,62,0,0
78819,109,97,12,12
78820,100,104,-4,4
78821,160,124,36,36
78822,96,90,6,6
78823,104,119,-15,15
78824,93,94,-1,1
78825,72,77,-5,5
78826,59,70,-11,11
78827,74,70,4,4
78828,83,67,16,16
78829,92,76,16,16
78830,100,101,-1,1
78831,87,81,6,6
78832,122,117,5,5
78833,78,70,8,8
78834,79,73,6,6
78835,138,117,21,21
78836,158,148,10,10
78837,75,70,5,5
78838,100,83,17,17
78839,134,120,14,14
78840,138,151,-13,13
78841,82,85,-3,3
78842,52,46,6,6
78843,74,76,-2,2
78844,60,51,9,9
78845,49,64,-15,15
78846,45,43,2,2
78847,83,79,4,4
78848,55,61,-6,6
78849,74,76,-2,2
78850,96,86,10,10
78851,71,86,-15,15
78852,73,74,-1,1
78853,104,118,-14,14
78854,57,59,-2,2
78855,79,88,-9,9
78856,109,116,-7,7
78857,65,61,4,4
78858,129,146,-17,17
78859,75,82,-7,7
78860,209,183,26,26
78861,102,101,1,1
78862,102,97,5,5
78863,142,118,24,24
78864,140,109,31,31
78865,44,48,-4,4
78866,102,103,-1,1
78867,89,86,3,3
78868,86,77,9,9
78869,85,78,7,7
78870,88,85,3,3
78871,77,77,0,0
78872,123,131,-8,8
78873,62,74,-12,12
78874,163,152,11,11
78875,114,111,3,3
78876,55,61,-6,6
78877,112,111,1,1
78878,125,121,4,4
78879,123,126,-3,3
78880,96,93,3,3
78881,111,100,11,11
78882,136,131,5,5
78883,75,70,5,5
78884,134,143,-9,9
78885,77,82,-5,5
78886,98,97,1,1
78887,94,85,9,9
78888,77,88,-11,11
78889,83,73,10,10
78890,97,91,6,6
78891,82,80,2,2
78892,126,122,4,4
78893,159,164,-5,5
78894,100,96,4,4
78895,100,115,-15,15
78896,121,113,8,8
78897,117,111,6,6
78898,81,91,-10,10
78899,90,88,2,2
78900,68,66,2,2
78901,110,110,0,0
78902,118,113,5,5
78903,97,98,-1,1
78904,81,88,-7,7
78905,105,104,1,1
78906,95,87,8,8
78907,66,80,-14,14
78908,109,108,1,1
78909,141,137,4,4
78910,52,53,-1,1
78911,80,79,1,1
78912,93,86,7,7
78913,76,73,3,3
78914,111,107,4,4
78915,107,95,12,12
78916,132,112,20,20
78917,100,112,-12,12
78918,138,127,11,11
78919,122,123,-1,1
78920,105,103,2,2
78921,85,81,4,4
78922,96,97,-1,1
78923,60,52,8,8
78924,106,100,6,6
78925,47,59,-12,12
78926,97,92,5,5
78927,36,38,-2,2
78928,111,95,16,16
78929,121,126,-5,5
78930,85,68,17,17
78931,95,103,-8,8
78932,78,80,-2,2
78933,113,113,0,0
78934,72,76,-4,4
78935,110,114,-4,4
78936,38,39,-1,1
78937,133,135,-2,2
78938,52,71,-19,19
78939,49,51,-2,2
78940,57,49,8,8
78941,209,155,54,54
78942,93,99,-6,6
78943,62,59,3,3
78944,51,52,-1,1
78945,82,104,-22,22
78946,77,75,2,2
78947,165,145,20,20
78948,58,59,-1,1
78949,108,98,10,10
78950,43,49,-6,6
78951,83,80,3,3
78952,92,83,9,9
78953,127,111,16,16
78954,47,52,-5,5
78955,78,75,3,3
78956,62,69,-7,7
78957,136,118,18,18
78958,121,124,-3,3
78959,79,81,-2,2
78960,83,91,-8,8
78961,100,101,-1,1
78962,86,107,-21,21
78963,89,90,-1,1
78964,74,80,-6,6
78965,133,131,2,2
78966,107,101,6,6
78967,89,82,7,7
78968,72,61,11,11
78969,78,72,6,6
78970,52,51,1,1
78971,94,75,19,19
78972,107,104,3,3
78973,61,55,6,6
78974,224,209,15,15
78975,75,70,5,5
78976,53,53,0,0
78977,95,93,2,2
78978,63,65,-2,2
78979,133,117,16,16
78980,45,42,3,3
78981,65,69,-4,4
78982,93,84,9,9
78983,68,78,-10,10
78984,86,83,3,3
78985,116,108,8,8
78986,112,114,-2,2
78987,79,67,12,12
78988,83,87,-4,4
78989,136,139,-3,3
78990,58,55,3,3
78991,98,92,6,6
78992,216,242,-26,26
78993,135,129,6,6
78994,87,76,11,11
78995,99,92,7,7
78996,85,77,8,8
78997,57,57,0,0
78998,69,53,16,16
78999,72,73,-1,1
79000,42,38,4,4
79001,50,48,2,2
79002,120,107,13,13
79003,43,37,6,6
79004,58,61,-3,3
79005,64,75,-11,11
79006,47,45,2,2
79007,118,105,13,13
79008,91,112,-21,21
79009,115,109,6,6
79010,132,119,13,13
79011,124,119,5,5
79012,127,139,-12,12
79013,90,78,12,12
79014,142,140,2,2
79015,72,71,1,1
79016,91,93,-2,2
79017,93,94,-1,1
79018,159,142,17,17
79019,76,72,4,4
79020,89,91,-2,2
79021,127,103,24,24
79022,76,73,3,3
79023,101,88,13,13
79024,95,95,0,0
79025,82,80,2,2
79026,109,104,5,5
79027,108,96,12,12
79028,84,86,-2,2
79029,184,185,-1,1
79030,77,74,3,3
79031,92,87,5,5
79032,57,61,-4,4
79033,104,83,21,21
79034,118,122,-4,4
79035,111,114,-3,3
79036,78,64,14,14
79037,122,125,-3,3
79038,72,68,4,4
79039,106,90,16,16
79040,61,62,-1,1
79041,106,104,2,2
79042,122,117,5,5
79043,119,113,6,6
79044,141,126,15,15
79045,114,107,7,7
79046,124,112,12,12
79047,86,75,11,11
79048,43,59,-16,16
79049,177,175,2,2
79050,169,194,-25,25
79051,100,101,-1,1
79052,70,82,-12,12
79053,80,78,2,2
79054,82,80,2,2
79055,97,87,10,10
79056,112,102,10,10
79057,122,127,-5,5
79058,62,60,2,2
79059,146,130,16,16
79060,77,84,-7,7
79061,95,90,5,5
79062,167,144,23,23
79063,62,88,-26,26
79064,112,125,-13,13
79065,56,60,-4,4
79066,126,108,18,18
79067,127,108,19,19
79068,221,210,11,11
79069,180,175,5,5
79070,73,70,3,3
79071,53,49,4,4
79072,82,84,-2,2
79073,58,54,4,4
79074,78,72,6,6
79075,130,124,6,6
79076,39,39,0,0
79077,93,93,0,0
79078,87,81,6,6
79079,82,72,10,10
79080,130,131,-1,1
79081,74,76,-2,2
79082,93,77,16,16
79083,69,80,-11,11
79084,57,59,-2,2
79085,79,73,6,6
79086,120,108,12,12
79087,91,80,11,11
79088,99,109,-10,10
79089,100,91,9,9
79090,93,89,4,4
79091,78,83,-5,5
79092,82,82,0,0
79093,242,273,-31,31
79094,154,154,0,0
79095,63,67,-4,4
79096,52,51,1,1
79097,106,100,6,6
79098,87,100,-13,13
79099,106,111,-5,5
79100,36,35,1,1
79101,108,133,-25,25
79102,153,183,-30,30
79103,44,52,-8,8
79104,119,113,6,6
79105,51,58,-7,7
79106,156,140,16,16
79107,114,131,-17,17
79108,123,119,4,4
79109,149,121,28,28
79110,90,80,10,10
79111,67,66,1,1
79112,179,187,-8,8
79113,123,116,7,7
79114,88,84,4,4
79115,211,203,8,8
79116,149,134,15,15
79117,58,54,4,4
79118,85,80,5,5
79119,94,88,6,6
79120,125,130,-5,5
79121,50,58,-8,8
79122,78,75,3,3
79123,91,89,2,2
79124,166,151,15,15
79125,89,79,10,10
79126,55,61,-6,6
79127,140,137,3,3
79128,122,118,4,4
79129,92,78,14,14
79130,59,59,0,0
79131,112,117,-5,5
79132,97,99,-2,2
79133,109,114,-5,5
79134,121,140,-19,19
79135,75,76,-1,1
79136,80,73,7,7
79137,104,97,7,7
79138,130,133,-3,3
79139,148,151,-3,3
79140,54,46,8,8
79141,121,110,11,11
79142,65,80,-15,15
79143,51,54,-3,3
79144,142,112,30,30
79145,40,39,1,1
79146,58,60,-2,2
79147,92,86,6,6
79148,71,69,2,2
79149,96,91,5,5
79150,118,105,13,13
79151,54,57,-3,3
79152,91,96,-5,5
79153,70,64,6,6
79154,85,90,-5,5
79155,47,56,-9,9
79156,137,128,9,9
79157,88,102,-14,14
79158,73,83,-10,10
79159,99,95,4,4
79160,68,69,-1,1
79161,174,175,-1,1
79162,119,124,-5,5
79163,84,76,8,8
79164,103,117,-14,14
79165,174,167,7,7
79166,98,92,6,6
79167,86,81,5,5
79168,101,109,-8,8
79169,88,76,12,12
79170,78,62,16,16
79171,94,85,9,9
79172,131,129,2,2
79173,104,94,10,10
79174,89,96,-7,7
79175,104,117,-13,13
79176,43,56,-13,13
79177,85,79,6,6
79178,66,67,-1,1
79179,108,122,-14,14
79180,89,99,-10,10
79181,54,62,-8,8
79182,75,79,-4,4
79183,85,97,-12,12
79184,94,93,1,1
79185,58,61,-3,3
79186,191,180,11,11
79187,63,56,7,7
79188,73,69,4,4
79189,92,94,-2,2
79190,125,108,17,17
79191,90,98,-8,8
79192,128,122,6,6
79193,38,43,-5,5
79194,84,87,-3,3
79195,85,77,8,8
79196,147,138,9,9
79197,54,49,5,5
79198,78,72,6,6
79199,117,110,7,7
79200,78,84,-6,6
79201,83,71,12,12
79202,125,152,-27,27
79203,108,111,-3,3
79204,94,94,0,0
79205,45,44,1,1
79206,120,116,4,4
79207,86,85,1,1
79208,85,80,5,5
79209,50,50,0,0
79210,89,85,4,4
79211,90,81,9,9
79212,75,74,1,1
79213,110,121,-11,11
79214,82,77,5,5
79215,140,136,4,4
79216,102,101,1,1
79217,78,79,-1,1
79218,90,90,0,0
79219,49,45,4,4
79220,60,62,-2,2
79221,128,140,-12,12
79222,91,84,7,7
79223,94,91,3,3
79224,101,92,9,9
79225,90,82,8,8
79226,115,106,9,9
79227,111,94,17,17
79228,110,117,-7,7
79229,64,66,-2,2
79230,112,93,19,19
79231,88,87,1,1
79232,108,88,20,20
79233,100,96,4,4
79234,66,61,5,5
79235,142,121,21,21
79236,64,66,-2,2
79237,140,130,10,10
79238,124,104,20,20
79239,66,67,-1,1
79240,99,95,4,4
79241,78,77,1,1
79242,103,111,-8,8
79243,121,112,9,9
79244,96,83,13,13
79245,30,37,-7,7
79246,69,57,12,12
79247,97,87,10,10
79248,81,77,4,4
79249,72,67,5,5
79250,93,79,14,14
79251,84,101,-17,17
79252,84,100,-16,16
79253,98,96,2,2
79254,57,69,-12,12
79255,81,86,-5,5
79256,88,90,-2,2
79257,98,100,-2,2
79258,171,161,10,10
79259,76,75,1,1
79260,126,131,-5,5
79261,90,94,-4,4
79262,91,80,11,11
79263,94,83,11,11
79264,91,84,7,7
79265,122,122,0,0
79266,81,87,-6,6
79267,86,98,-12,12
79268,79,92,-13,13
79269,76,76,0,0
79270,97,102,-5,5
79271,125,141,-16,16
79272,125,127,-2,2
79273,62,57,5,5
79274,63,62,1,1
79275,81,79,2,2
79276,115,88,27,27
79277,162,160,2,2
79278,103,96,7,7
79279,64,62,2,2
79280,153,140,13,13
79281,69,77,-8,8
79282,132,117,15,15
79283,76,67,9,9
79284,63,79,-16,16
79285,65,65,0,0
79286,89,76,13,13
79287,165,128,37,37
79288,84,83,1,1
79289,89,80,9,9
79290,130,121,9,9
79291,73,68,5,5
79292,110,121,-11,11
79293,157,132,25,25
79294,82,86,-4,4
79295,100,96,4,4
79296,128,117,11,11
79297,122,110,12,12
79298,102,98,4,4
79299,102,92,10,10
79300,86,70,16,16
79301,124,120,4,4
79302,157,141,16,16
79303,104,94,10,10
79304,94,92,2,2
79305,59,61,-2,2
79306,103,93,10,10
79307,78,66,12,12
79308,73,71,2,2
79309,76,78,-2,2
79310,112,132,-20,20
79311,103,121,-18,18
79312,159,123,36,36
79313,42,43,-1,1
79314,83,85,-2,2
79315,108,101,7,7
79316,129,119,10,10
79317,129,123,6,6
79318,145,127,18,18
79319,70,73,-3,3
79320,71,74,-3,3
79321,60,65,-5,5
79322,100,91,9,9
79323,173,163,10,10
79324,156,139,17,17
79325,101,98,3,3
79326,99,104,-5,5
79327,130,123,7,7
79328,68,129,-61,61
79329,138,129,9,9
79330,138,135,3,3
79331,126,125,1,1
79332,74,67,7,7
79333,75,67,8,8
79334,79,78,1,1
79335,67,68,-1,1
79336,80,116,-36,36
79337,86,78,8,8
79338,57,57,0,0
79339,111,113,-2,2
79340,95,89,6,6
79341,85,76,9,9
79342,88,80,8,8
79343,72,59,13,13
79344,22,36,-14,14
79345,97,78,19,19
79346,130,116,14,14
79347,55,54,1,1
79348,95,87,8,8
79349,86,86,0,0
79350,53,56,-3,3
79351,66,66,0,0
79352,122,130,-8,8
79353,130,130,0,0
79354,135,141,-6,6
79355,47,47,0,0
79356,65,98,-33,33
79357,46,42,4,4
79358,155,121,34,34
79359,60,69,-9,9
79360,75,82,-7,7
79361,97,89,8,8
79362,142,108,34,34
79363,57,62,-5,5
79364,80,81,-1,1
79365,44,40,4,4
79366,107,110,-3,3
79367,39,53,-14,14
79368,163,168,-5,5
79369,152,166,-14,14
79370,119,114,5,5
79371,98,89,9,9
79372,67,79,-12,12
79373,61,55,6,6
79374,99,98,1,1
79375,62,62,0,0
79376,68,76,-8,8
79377,72,70,2,2
79378,83,93,-10,10
79379,103,90,13,13
79380,116,124,-8,8
79381,122,127,-5,5
79382,88,86,2,2
79383,129,115,14,14
79384,86,80,6,6
79385,82,79,3,3
79386,83,85,-2,2
79387,71,79,-8,8
79388,77,78,-1,1
79389,100,101,-1,1
79390,206,201,5,5
79391,152,171,-19,19
79392,58,52,6,6
79393,141,139,2,2
79394,96,86,10,10
79395,149,127,22,22
79396,80,82,-2,2
79397,48,44,4,4
79398,75,79,-4,4
79399,95,89,6,6
79400,126,127,-1,1
79401,74,77,-3,3
79402,95,82,13,13
79403,59,63,-4,4
79404,164,161,3,3
79405,95,87,8,8
79406,46,56,-10,10
79407,88,86,2,2
79408,135,149,-14,14
79409,140,123,17,17
79410,103,97,6,6
79411,69,66,3,3
79412,144,124,20,20
79413,147,132,15,15
79414,105,121,-16,16
79415,154,122,32,32
79416,77,70,7,7
79417,74,76,-2,2
79418,132,122,10,10
79419,56,64,-8,8
79420,48,51,-3,3
79421,77,82,-5,5
79422,20,37,-17,17
79423,94,95,-1,1
79424,66,70,-4,4
79425,72,69,3,3
79426,130,114,16,16
79427,282,262,20,20
79428,139,128,11,11
79429,99,107,-8,8
79430,67,69,-2,2
79431,72,69,3,3
79432,96,115,-19,19
79433,76,74,2,2
79434,119,104,15,15
79435,93,77,16,16
79436,61,60,1,1
79437,79,68,11,11
79438,107,92,15,15
79439,152,153,-1,1
79440,85,87,-2,2
79441,62,61,1,1
79442,103,81,22,22
79443,59,51,8,8
79444,109,115,-6,6
79445,84,89,-5,5
79446,85,66,19,19
79447,77,91,-14,14
79448,182,176,6,6
79449,105,109,-4,4
79450,165,162,3,3
79451,101,94,7,7
79452,91,85,6,6
79453,93,89,4,4
79454,105,108,-3,3
79455,98,94,4,4
79456,140,134,6,6
79457,150,144,6,6
79458,168,150,18,18
79459,155,142,13,13
79460,75,61,14,14
79461,56,56,0,0
79462,41,52,-11,11
79463,84,79,5,5
79464,46,53,-7,7
79465,168,160,8,8
79466,148,135,13,13
79467,92,88,4,4
79468,93,88,5,5
79469,108,100,8,8
79470,52,52,0,0
79471,100,94,6,6
79472,77,83,-6,6
79473,95,87,8,8
79474,67,73,-6,6
79475,84,76,8,8
79476,107,102,5,5
79477,80,69,11,11
79478,104,97,7,7
79479,86,84,2,2
79480,90,79,11,11
79481,70,75,-5,5
79482,125,138,-13,13
79483,68,72,-4,4
79484,125,120,5,5
79485,133,131,2,2
79486,77,66,11,11
79487,70,71,-1,1
79488,182,164,18,18
79489,114,98,16,16
79490,114,111,3,3
79491,183,178,5,5
79492,57,66,-9,9
79493,111,109,2,2
79494,49,55,-6,6
79495,58,60,-2,2
79496,97,107,-10,10
79497,141,144,-3,3
79498,133,126,7,7
79499,115,104,11,11
79500,142,127,15,15
79501,53,56,-3,3
79502,69,63,6,6
79503,152,117,35,35
79504,52,50,2,2
79505,145,143,2,2
79506,90,82,8,8
79507,125,110,15,15
79508,73,64,9,9
79509,72,69,3,3
79510,69,71,-2,2
79511,146,120,26,26
79512,149,143,6,6
79513,79,73,6,6
79514,105,111,-6,6
79515,65,58,7,7
79516,139,124,15,15
79517,123,113,10,10
79518,105,86,19,19
79519,40,50,-10,10
79520,65,67,-2,2
79521,134,128,6,6
79522,123,117,6,6
79523,127,113,14,14
79524,39,64,-25,25
79525,104,108,-4,4
79526,48,54,-6,6
79527,78,82,-4,4
79528,102,95,7,7
79529,72,62,10,10
79530,130,127,3,3
79531,107,106,1,1
79532,90,84,6,6
79533,85,78,7,7
79534,103,108,-5,5
79535,118,105,13,13
79536,67,83,-16,16
79537,101,92,9,9
79538,108,85,23,23
79539,134,147,-13,13
79540,83,75,8,8
79541,103,75,28,28
79542,43,56,-13,13
79543,154,137,17,17
79544,137,131,6,6
79545,133,121,12,12
79546,165,150,15,15
79547,68,72,-4,4
79548,144,142,2,2
79549,112,114,-2,2
79550,96,86,10,10
79551,84,75,9,9
79552,131,111,20,20
79553,95,93,2,2
79554,166,160,6,6
79555,56,61,-5,5
79556,112,107,5,5
79557,55,51,4,4
79558,88,84,4,4
79559,81,73,8,8
79560,79,78,1,1
79561,105,104,1,1
79562,52,43,9,9
79563,131,121,10,10
79564,101,102,-1,1
79565,98,77,21,21
79566,60,58,2,2
79567,66,64,2,2
79568,85,76,9,9
79569,81,75,6,6
79570,117,125,-8,8
79571,61,59,2,2
79572,74,75,-1,1
79573,64,66,-2,2
79574,61,60,1,1
79575,106,101,5,5
79576,82,77,5,5
79577,68,80,-12,12
79578,100,96,4,4
79579,111,91,20,20
79580,73,79,-6,6
79581,110,102,8,8
79582,110,112,-2,2
79583,150,151,-1,1
79584,119,130,-11,11
79585,140,146,-6,6
79586,107,96,11,11
79587,31,42,-11,11
79588,111,110,1,1
79589,93,97,-4,4
79590,73,72,1,1
79591,75,84,-9,9
79592,106,109,-3,3
79593,46,44,2,2
79594,169,159,10,10
79595,128,123,5,5
79596,189,160,29,29
79597,119,115,4,4
79598,61,53,8,8
79599,109,109,0,0
79600,129,111,18,18
79601,118,118,0,0
79602,91,86,5,5
79603,95,93,2,2
79604,106,91,15,15
79605,188,172,16,16
79606,78,74,4,4
79607,59,68,-9,9
79608,66,63,3,3
79609,62,65,-3,3
79610,137,128,9,9
79611,82,87,-5,5
79612,115,110,5,5
79613,102,120,-18,18
79614,50,51,-1,1
79615,119,125,-6,6
79616,159,163,-4,4
79617,146,143,3,3
79618,62,58,4,4
79619,72,65,7,7
79620,82,84,-2,2
79621,64,60,4,4
79622,74,79,-5,5
79623,104,94,10,10
79624,169,134,35,35
79625,86,93,-7,7
79626,178,190,-12,12
79627,83,74,9,9
79628,115,101,14,14
79629,124,117,7,7
79630,123,155,-32,32
79631,90,87,3,3
79632,51,49,2,2
79633,99,95,4,4
79634,99,116,-17,17
79635,108,91,17,17
79636,124,108,16,16
79637,144,136,8,8
79638,128,140,-12,12
79639,70,68,2,2
79640,74,82,-8,8
79641,134,134,0,0
79642,119,120,-1,1
79643,41,44,-3,3
79644,101,106,-5,5
79645,149,140,9,9
79646,121,111,10,10
79647,56,56,0,0
79648,108,97,11,11
79649,72,71,1,1
79650,98,91,7,7
79651,67,71,-4,4
79652,69,68,1,1
79653,89,84,5,5
79654,122,137,-15,15
79655,75,74,1,1
79656,80,81,-1,1
79657,184,191,-7,7
79658,80,74,6,6
79659,136,131,5,5
79660,85,81,4,4
79661,86,78,8,8
79662,99,100,-1,1
79663,161,161,0,0
79664,106,111,-5,5
79665,86,86,0,0
79666,160,150,10,10
79667,140,154,-14,14
79668,157,157,0,0
79669,121,117,4,4
79670,61,67,-6,6
79671,108,104,4,4
79672,110,106,4,4
79673,101,86,15,15
79674,85,83,2,2
79675,125,121,4,4
79676,67,71,-4,4
79677,64,60,4,4
79678,47,62,-15,15
79679,111,115,-4,4
79680,45,50,-5,5
79681,79,57,22,22
79682,102,96,6,6
79683,99,81,18,18
79684,121,116,5,5
79685,75,83,-8,8
79686,172,163,9,9
79687,67,79,-12,12
79688,111,110,1,1
79689,119,120,-1,1
79690,134,122,12,12
79691,139,134,5,5
79692,67,69,-2,2
79693,100,125,-25,25
79694,64,62,2,2
79695,105,101,4,4
79696,106,89,17,17
79697,41,43,-2,2
79698,122,118,4,4
79699,96,96,0,0
79700,74,77,-3,3
79701,97,93,4,4
79702,106,99,7,7
79703,58,57,1,1
79704,61,66,-5,5
79705,72,64,8,8
79706,97,89,8,8
79707,104,103,1,1
79708,90,91,-1,1
79709,190,192,-2,2
79710,113,114,-1,1
79711,72,85,-13,13
79712,102,94,8,8
79713,143,119,24,24
79714,71,68,3,3
79715,80,86,-6,6
79716,45,47,-2,2
79717,57,70,-13,13
79718,109,103,6,6
79719,80,75,5,5
79720,54,52,2,2
79721,75,79,-4,4
79722,80,81,-1,1
79723,73,70,3,3
79724,216,198,18,18
79725,73,81,-8,8
79726,124,119,5,5
79727,160,118,42,42
79728,140,128,12,12
79729,136,124,12,12
79730,68,68,0,0
79731,91,84,7,7
79732,69,56,13,13
79733,93,102,-9,9
79734,103,99,4,4
79735,93,88,5,5
79736,53,53,0,0
79737,116,111,5,5
79738,57,59,-2,2
79739,89,82,7,7
79740,58,54,4,4
79741,136,129,7,7
79742,95,104,-9,9
79743,59,63,-4,4
79744,169,132,37,37
79745,105,103,2,2
79746,119,95,24,24
79747,89,85,4,4
79748,132,123,9,9
79749,81,76,5,5
79750,52,42,10,10
79751,139,108,31,31
79752,60,65,-5,5
79753,128,128,0,0
79754,54,50,4,4
79755,123,125,-2,2
79756,99,98,1,1
79757,36,53,-17,17
79758,40,43,-3,3
79759,114,105,9,9
79760,89,87,2,2
79761,68,66,2,2
79762,96,90,6,6
79763,120,115,5,5
79764,85,83,2,2
79765,67,62,5,5
79766,90,96,-6,6
79767,59,56,3,3
79768,86,75,11,11
79769,187,157,30,30
79770,117,109,8,8
79771,50,60,-10,10
79772,90,83,7,7
79773,92,74,18,18
79774,57,59,-2,2
79775,55,58,-3,3
79776,51,58,-7,7
79777,84,81,3,3
79778,110,108,2,2
79779,52,61,-9,9
79780,56,65,-9,9
79781,82,79,3,3
79782,141,131,10,10
79783,104,103,1,1
79784,113,115,-2,2
79785,119,106,13,13
79786,124,113,11,11
79787,79,73,6,6
79788,99,91,8,8
79789,133,115,18,18
79790,53,54,-1,1
79791,88,88,0,0
79792,58,51,7,7
79793,90,91,-1,1
79794,89,92,-3,3
79795,91,99,-8,8
79796,110,103,7,7
79797,77,75,2,2
79798,71,69,2,2
79799,77,76,1,1
79800,115,114,1,1
79801,62,67,-5,5
79802,167,165,2,2
79803,105,112,-7,7
79804,100,95,5,5
79805,100,103,-3,3
79806,111,115,-4,4
79807,92,83,9,9
79808,162,165,-3,3
79809,109,109,0,0
79810,164,153,11,11
79811,63,59,4,4
79812,67,71,-4,4
79813,158,162,-4,4
79814,82,79,3,3
79815,65,61,4,4
79816,118,110,8,8
79817,87,94,-7,7
79818,159,156,3,3
79819,122,109,13,13
79820,102,103,-1,1
79821,63,52,11,11
79822,94,94,0,0
79823,100,99,1,1
79824,87,77,10,10
79825,98,90,8,8
79826,79,67,12,12
79827,104,94,10,10
79828,115,104,11,11
79829,118,118,0,0
79830,82,71,11,11
79831,130,125,5,5
79832,98,100,-2,2
79833,141,130,11,11
79834,197,178,19,19
79835,141,140,1,1
79836,91,87,4,4
79837,80,74,6,6
79838,104,90,14,14
79839,171,165,6,6
79840,292,281,11,11
79841,113,112,1,1
79842,111,98,13,13
79843,116,113,3,3
79844,66,61,5,5
79845,146,148,-2,2
79846,62,66,-4,4
79847,105,91,14,14
79848,66,66,0,0
79849,59,60,-1,1
79850,74,80,-6,6
79851,91,79,12,12
79852,117,115,2,2
79853,101,119,-18,18
79854,167,175,-8,8
79855,69,69,0,0
79856,120,118,2,2
79857,119,111,8,8
79858,130,108,22,22
79859,69,67,2,2
79860,97,111,-14,14
79861,76,75,1,1
79862,183,175,8,8
79863,65,71,-6,6
79864,155,144,11,11
79865,80,67,13,13
79866,107,107,0,0
79867,46,64,-18,18
79868,95,85,10,10
79869,72,64,8,8
79870,74,78,-4,4
79871,73,69,4,4
79872,66,65,1,1
79873,76,76,0,0
79874,75,79,-4,4
79875,36,53,-17,17
79876,82,82,0,0
79877,150,137,13,13
79878,88,91,-3,3
79879,40,42,-2,2
79880,82,88,-6,6
79881,166,160,6,6
79882,113,108,5,5
79883,120,116,4,4
79884,136,134,2,2
79885,53,66,-13,13
79886,233,299,-66,66
79887,78,74,4,4
79888,112,104,8,8
79889,103,121,-18,18
79890,100,99,1,1
79891,86,91,-5,5
79892,69,67,2,2
79893,109,107,2,2
79894,105,98,7,7
79895,51,84,-33,33
79896,99,107,-8,8
79897,138,146,-8,8
79898,42,85,-43,43
79899,87,81,6,6
79900,141,132,9,9
79901,75,79,-4,4
79902,96,94,2,2
79903,56,60,-4,4
79904,122,116,6,6
79905,65,69,-4,4
79906,113,96,17,17
79907,67,59,8,8
79908,83,80,3,3
79909,91,80,11,11
79910,136,136,0,0
79911,85,75,10,10
79912,66,70,-4,4
79913,79,59,20,20
79914,73,61,12,12
79915,106,103,3,3
79916,76,71,5,5
79917,149,138,11,11
79918,38,48,-10,10
79919,108,99,9,9
79920,91,98,-7,7
79921,105,98,7,7
79922,85,87,-2,2
79923,62,66,-4,4
79924,117,114,3,3
79925,62,74,-12,12
79926,115,89,26,26
79927,85,70,15,15
79928,150,153,-3,3
79929,132,140,-8,8
79930,74,85,-11,11
79931,44,58,-14,14
79932,152,169,-17,17
79933,142,142,0,0
79934,106,104,2,2
79935,97,103,-6,6
79936,97,85,12,12
79937,53,60,-7,7
79938,116,114,2,2
79939,141,136,5,5
79940,109,109,0,0
79941,90,80,10,10
79942,111,112,-1,1
79943,186,195,-9,9
79944,133,124,9,9
79945,83,76,7,7
79946,69,84,-15,15
79947,73,70,3,3
79948,154,139,15,15
79949,93,105,-12,12
79950,87,85,2,2
79951,126,137,-11,11
79952,91,90,1,1
79953,79,68,11,11
79954,82,81,1,1
79955,112,88,24,24
79956,72,69,3,3
79957,179,174,5,5
79958,67,71,-4,4
79959,61,76,-15,15
79960,134,107,27,27
79961,129,130,-1,1
79962,79,74,5,5
79963,95,87,8,8
79964,147,136,11,11
79965,86,93,-7,7
79966,64,65,-1,1
79967,73,78,-5,5
79968,60,59,1,1
79969,122,112,10,10
79970,91,91,0,0
79971,78,112,-34,34
79972,69,78,-9,9
79973,64,73,-9,9
79974,120,113,7,7
79975,101,99,2,2
79976,51,48,3,3
79977,80,80,0,0
79978,100,124,-24,24
79979,104,103,1,1
79980,69,80,-11,11
79981,94,92,2,2
79982,110,119,-9,9
79983,157,155,2,2
79984,56,63,-7,7
79985,118,119,-1,1
79986,29,29,0,0
79987,110,135,-25,25
79988,102,107,-5,5
79989,78,76,2,2
79990,116,128,-12,12
79991,129,125,4,4
79992,124,131,-7,7
79993,69,90,-21,21
79994,94,97,-3,3
79995,105,94,11,11
79996,127,136,-9,9
79997,99,92,7,7
79998,106,83,23,23
79999,45,48,-3,3
80000,73,67,6,6
80001,57,50,7,7
80002,71,68,3,3
80003,84,80,4,4
80004,91,88,3,3
80005,93,97,-4,4
80006,75,79,-4,4
80007,98,97,1,1
80008,76,78,-2,2
80009,87,81,6,6
80010,100,101,-1,1
80011,101,111,-10,10
80012,63,77,-14,14
80013,94,83,11,11
80014,58,56,2,2
80015,77,61,16,16
80016,136,119,17,17
80017,86,87,-1,1
80018,109,93,16,16
80019,77,80,-3,3
80020,146,131,15,15
80021,128,126,2,2
80022,164,158,6,6
80023,71,68,3,3
80024,147,159,-12,12
80025,96,91,5,5
80026,65,63,2,2
80027,95,90,5,5
80028,84,81,3,3
80029,104,97,7,7
80030,75,70,5,5
80031,168,168,0,0
80032,200,180,20,20
80033,153,161,-8,8
80034,171,175,-4,4
80035,111,120,-9,9
80036,65,70,-5,5
80037,85,90,-5,5
80038,98,83,15,15
80039,111,101,10,10
80040,112,107,5,5
80041,113,103,10,10
80042,148,128,20,20
80043,115,107,8,8
80044,63,80,-17,17
80045,95,83,12,12
80046,98,97,1,1
80047,117,121,-4,4
80048,144,131,13,13
80049,115,120,-5,5
80050,124,114,10,10
80051,115,119,-4,4
80052,93,102,-9,9
80053,83,85,-2,2
80054,83,82,1,1
80055,106,101,5,5
80056,104,100,4,4
80057,149,175,-26,26
80058,94,96,-2,2
80059,61,58,3,3
80060,63,72,-9,9
80061,98,97,1,1
80062,70,74,-4,4
80063,96,97,-1,1
80064,89,97,-8,8
80065,120,133,-13,13
80066,85,72,13,13
80067,159,129,30,30
80068,144,134,10,10
80069,63,63,0,0
80070,102,93,9,9
80071,119,103,16,16
80072,106,104,2,2
80073,88,80,8,8
80074,54,61,-7,7
80075,58,62,-4,4
80076,130,119,11,11
80077,168,149,19,19
80078,73,66,7,7
80079,133,142,-9,9
80080,98,97,1,1
80081,86,76,10,10
80082,81,87,-6,6
80083,83,82,1,1
80084,59,58,1,1
80085,43,43,0,0
80086,80,87,-7,7
80087,73,77,-4,4
80088,86,87,-1,1
80089,89,109,-20,20
80090,77,77,0,0
80091,59,50,9,9
80092,64,90,-26,26
80093,82,79,3,3
80094,47,45,2,2
80095,99,87,12,12
80096,104,102,2,2
80097,62,73,-11,11
80098,70,82,-12,12
80099,65,62,3,3
80100,79,71,8,8
80101,86,89,-3,3
80102,105,93,12,12
80103,91,89,2,2
80104,117,106,11,11
80105,43,45,-2,2
80106,171,157,14,14
80107,115,110,5,5
80108,111,114,-3,3
80109,73,68,5,5
80110,118,109,9,9
80111,84,69,15,15
80112,96,92,4,4
80113,115,112,3,3
80114,172,196,-24,24
80115,138,132,6,6
80116,130,121,9,9
80117,142,133,9,9
80118,92,92,0,0
80119,71,62,9,9
80120,42,38,4,4
80121,93,85,8,8
80122,116,102,14,14
80123,90,74,16,16
80124,74,75,-1,1
80125,56,59,-3,3
80126,139,125,14,14
80127,76,95,-19,19
80128,97,101,-4,4
80129,88,88,0,0
80130,70,69,1,1
80131,148,135,13,13
80132,70,72,-2,2
80133,112,103,9,9
80134,81,73,8,8
80135,52,59,-7,7
80136,95,102,-7,7
80137,80,82,-2,2
80138,46,54,-8,8
80139,50,51,-1,1
80140,129,130,-1,1
80141,90,88,2,2
80142,132,111,21,21
80143,143,125,18,18
80144,130,150,-20,20
80145,147,145,2,2
80146,103,98,5,5
80147,61,55,6,6
80148,88,90,-2,2
80149,158,147,11,11
80150,50,57,-7,7
80151,115,110,5,5
80152,86,102,-16,16
80153,95,89,6,6
80154,135,134,1,1
80155,84,79,5,5
80156,116,121,-5,5
80157,31,38,-7,7
80158,86,86,0,0
80159,87,84,3,3
80160,99,84,15,15
80161,61,63,-2,2
80162,66,58,8,8
80163,99,99,0,0
80164,83,71,12,12
80165,63,60,3,3
80166,85,80,5,5
80167,90,85,5,5
80168,114,101,13,13
80169,77,81,-4,4
80170,74,71,3,3
80171,85,78,7,7
80172,49,78,-29,29
80173,29,38,-9,9
80174,77,66,11,11
80175,70,57,13,13
80176,72,81,-9,9
80177,67,78,-11,11
80178,73,73,0,0
80179,112,96,16,16
80180,153,153,0,0
80181,120,116,4,4
80182,96,93,3,3
80183,104,103,1,1
80184,74,74,0,0
80185,50,49,1,1
80186,74,69,5,5
80187,91,88,3,3
80188,100,106,-6,6
80189,45,64,-19,19
80190,96,103,-7,7
80191,57,52,5,5
80192,117,109,8,8
80193,116,121,-5,5
80194,117,115,2,2
80195,85,84,1,1
80196,90,91,-1,1
80197,120,105,15,15
80198,63,76,-13,13
80199,131,144,-13,13
80200,55,58,-3,3
80201,159,157,2,2
80202,95,85,10,10
80203,91,104,-13,13
80204,52,51,1,1
80205,73,73,0,0
80206,107,97,10,10
80207,73,84,-11,11
80208,144,122,22,22
80209,101,104,-3,3
80210,84,81,3,3
80211,72,76,-4,4
80212,100,108,-8,8
80213,57,61,-4,4
80214,89,79,10,10
80215,85,75,10,10
80216,136,135,1,1
80217,104,99,5,5
80218,180,171,9,9
80219,88,83,5,5
80220,81,90,-9,9
80221,98,93,5,5
80222,63,57,6,6
80223,81,89,-8,8
80224,132,144,-12,12
80225,139,135,4,4
80226,156,143,13,13
80227,94,90,4,4
80228,113,113,0,0
80229,155,174,-19,19
80230,106,96,10,10
80231,71,65,6,6
80232,98,108,-10,10
80233,48,158,-110,110
80234,54,55,-1,1
80235,86,79,7,7
80236,103,100,3,3
80237,148,138,10,10
80238,73,65,8,8
80239,135,139,-4,4
80240,93,90,3,3
80241,137,131,6,6
80242,82,80,2,2
80243,78,70,8,8
80244,95,95,0,0
80245,74,67,7,7
80246,95,90,5,5
80247,64,68,-4,4
80248,100,110,-10,10
80249,95,97,-2,2
80250,28,45,-17,17
80251,38,42,-4,4
80252,92,88,4,4
80253,134,132,2,2
80254,68,74,-6,6
80255,117,110,7,7
80256,118,107,11,11
80257,79,67,12,12
80258,61,68,-7,7
80259,132,119,13,13
80260,98,104,-6,6
80261,70,72,-2,2
80262,117,106,11,11
80263,61,53,8,8
80264,69,71,-2,2
80265,76,61,15,15
80266,56,70,-14,14
80267,108,102,6,6
80268,70,77,-7,7
80269,53,55,-2,2
80270,94,102,-8,8
80271,158,155,3,3
80272,146,141,5,5
80273,94,95,-1,1
80274,48,46,2,2
80275,85,100,-15,15
80276,117,99,18,18
80277,119,99,20,20
80278,72,73,-1,1
80279,103,97,6,6
80280,85,81,4,4
80281,121,108,13,13
80282,66,63,3,3
80283,177,187,-10,10
80284,85,80,5,5
80285,151,154,-3,3
80286,57,56,1,1
80287,83,72,11,11
80288,68,66,2,2
80289,118,118,0,0
80290,70,66,4,4
80291,30,46,-16,16
80292,94,93,1,1
80293,68,70,-2,2
80294,153,157,-4,4
80295,81,74,7,7
80296,106,101,5,5
80297,93,88,5,5
80298,152,150,2,2
80299,117,114,3,3
80300,121,105,16,16
80301,104,104,0,0
80302,130,115,15,15
80303,113,104,9,9
80304,108,98,10,10
80305,110,101,9,9
80306,76,82,-6,6
80307,119,117,2,2
80308,79,70,9,9
80309,96,95,1,1
80310,74,87,-13,13
80311,71,69,2,2
80312,79,73,6,6
80313,62,60,2,2
80314,67,71,-4,4
80315,149,137,12,12
80316,70,74,-4,4
80317,87,86,1,1
80318,302,319,-17,17
80319,51,55,-4,4
80320,73,69,4,4
80321,47,48,-1,1
80322,138,115,23,23
80323,155,143,12,12
80324,67,63,4,4
80325,118,124,-6,6
80326,73,77,-4,4
80327,67,69,-2,2
80328,43,54,-11,11
80329,101,113,-12,12
80330,89,69,20,20
80331,67,66,1,1
80332,148,156,-8,8
80333,131,116,15,15
80334,73,73,0,0
80335,135,142,-7,7
80336,71,72,-1,1
80337,71,69,2,2
80338,108,94,14,14
80339,131,114,17,17
80340,115,137,-22,22
80341,56,52,4,4
80342,84,82,2,2
80343,92,91,1,1
80344,38,38,0,0
80345,134,125,9,9
80346,75,72,3,3
80347,124,108,16,16
80348,126,121,5,5
80349,103,120,-17,17
80350,57,51,6,6
80351,82,88,-6,6
80352,113,109,4,4
80353,103,107,-4,4
80354,119,107,12,12
80355,259,329,-70,70
80356,87,80,7,7
80357,180,159,21,21
80358,84,100,-16,16
80359,110,113,-3,3
80360,116,103,13,13
80361,114,111,3,3
80362,124,145,-21,21
80363,92,80,12,12
80364,86,84,2,2
80365,85,84,1,1
80366,65,65,0,0
80367,73,67,6,6
80368,72,73,-1,1
80369,108,106,2,2
80370,47,51,-4,4
80371,96,97,-1,1
80372,66,69,-3,3
80373,70,83,-13,13
80374,134,127,7,7
80375,47,48,-1,1
80376,50,50,0,0
80377,69,73,-4,4
80378,82,85,-3,3
80379,103,91,12,12
80380,79,83,-4,4
80381,82,89,-7,7
80382,77,89,-12,12
80383,77,88,-11,11
80384,99,100,-1,1
80385,99,99,0,0
80386,156,168,-12,12
80387,82,69,13,13
80388,123,116,7,7
80389,75,71,4,4
80390,47,52,-5,5
80391,32,39,-7,7
80392,72,85,-13,13
80393,92,93,-1,1
80394,128,102,26,26
80395,100,100,0,0
80396,78,91,-13,13
80397,141,128,13,13
80398,361,323,38,38
80399,142,129,13,13
80400,28,58,-30,30
80401,53,54,-1,1
80402,80,82,-2,2
80403,81,86,-5,5
80404,181,157,24,24
80405,55,52,3,3
80406,81,77,4,4
80407,58,70,-12,12
80408,28,29,-1,1
80409,76,83,-7,7
80410,77,76,1,1
80411,125,117,8,8
80412,89,96,-7,7
80413,91,94,-3,3
80414,103,103,0,0
80415,97,97,0,0
80416,90,86,4,4
80417,69,63,6,6
80418,140,136,4,4
80419,59,58,1,1
80420,140,121,19,19
80421,119,121,-2,2
80422,86,90,-4,4
80423,71,77,-6,6
80424,179,170,9,9
80425,119,99,20,20
80426,115,102,13,13
80427,61,54,7,7
80428,160,165,-5,5
80429,127,130,-3,3
80430,186,192,-6,6
80431,95,103,-8,8
80432,73,71,2,2
80433,86,77,9,9
80434,64,64,0,0
80435,164,157,7,7
80436,80,79,1,1
80437,107,120,-13,13
80438,138,123,15,15
80439,95,100,-5,5
80440,161,152,9,9
80441,81,74,7,7
80442,118,113,5,5
80443,102,98,4,4
80444,79,76,3,3
80445,83,80,3,3
80446,96,85,11,11
80447,99,112,-13,13
80448,101,91,10,10
80449,73,72,1,1
80450,151,140,11,11
80451,86,90,-4,4
80452,107,96,11,11
80453,102,93,9,9
80454,87,84,3,3
80455,110,100,10,10
80456,75,73,2,2
80457,68,83,-15,15
80458,88,90,-2,2
80459,84,70,14,14
80460,81,78,3,3
80461,78,76,2,2
80462,73,79,-6,6
80463,103,90,13,13
80464,175,158,17,17
80465,122,114,8,8
80466,106,100,6,6
80467,53,49,4,4
80468,120,111,9,9
80469,135,136,-1,1
80470,96,95,1,1
80471,69,66,3,3
80472,86,89,-3,3
80473,94,100,-6,6
80474,46,53,-7,7
80475,93,86,7,7
80476,111,115,-4,4
80477,54,60,-6,6
80478,63,57,6,6
80479,59,57,2,2
80480,61,50,11,11
80481,68,74,-6,6
80482,140,121,19,19
80483,79,75,4,4
80484,148,163,-15,15
80485,114,109,5,5
80486,77,80,-3,3
80487,95,74,21,21
80488,53,50,3,3
80489,102,100,2,2
80490,150,148,2,2
80491,142,116,26,26
80492,123,137,-14,14
80493,85,72,13,13
80494,86,77,9,9
80495,106,99,7,7
80496,123,115,8,8
80497,99,95,4,4
80498,78,77,1,1
80499,74,72,2,2
80500,83,72,11,11
80501,68,87,-19,19
80502,100,106,-6,6
80503,71,63,8,8
80504,85,74,11,11
80505,105,101,4,4
80506,132,126,6,6
80507,109,96,13,13
80508,95,91,4,4
80509,101,92,9,9
80510,49,53,-4,4
80511,37,41,-4,4
80512,80,86,-6,6
80513,66,48,18,18
80514,70,68,2,2
80515,93,81,12,12
80516,54,66,-12,12
80517,99,96,3,3
80518,100,99,1,1
80519,143,137,6,6
80520,67,61,6,6
80521,69,70,-1,1
80522,72,90,-18,18
80523,88,90,-2,2
80524,116,84,32,32
80525,103,102,1,1
80526,129,122,7,7
80527,112,108,4,4
80528,47,47,0,0
80529,80,80,0,0
80530,87,81,6,6
80531,102,116,-14,14
80532,111,105,6,6
80533,113,110,3,3
80534,85,72,13,13
80535,57,65,-8,8
80536,110,98,12,12
80537,91,96,-5,5
80538,127,123,4,4
80539,71,66,5,5
80540,110,100,10,10
80541,143,135,8,8
80542,90,94,-4,4
80543,122,101,21,21
80544,124,109,15,15
80545,53,48,5,5
80546,77,80,-3,3
80547,35,38,-3,3
80548,63,77,-14,14
80549,115,104,11,11
80550,128,121,7,7
80551,99,91,8,8
80552,90,94,-4,4
80553,80,73,7,7
80554,98,89,9,9
80555,95,88,7,7
80556,138,139,-1,1
80557,84,78,6,6
80558,129,128,1,1
80559,101,88,13,13
80560,109,94,15,15
80561,142,140,2,2
80562,72,61,11,11
80563,110,106,4,4
80564,52,48,4,4
80565,66,85,-19,19
80566,69,69,0,0
80567,79,76,3,3
80568,69,71,-2,2
80569,97,90,7,7
80570,96,93,3,3
80571,105,96,9,9
80572,144,145,-1,1
80573,129,116,13,13
80574,75,82,-7,7
80575,111,103,8,8
80576,149,122,27,27
80577,110,94,16,16
80578,73,72,1,1
80579,58,60,-2,2
80580,47,42,5,5
80581,82,93,-11,11
80582,70,58,12,12
80583,124,101,23,23
80584,78,82,-4,4
80585,136,125,11,11
80586,147,144,3,3
80587,84,95,-11,11
80588,121,109,12,12
80589,63,71,-8,8
80590,94,87,7,7
80591,125,121,4,4
80592,82,89,-7,7
80593,158,142,16,16
80594,67,62,5,5
80595,61,64,-3,3
80596,119,120,-1,1
80597,65,74,-9,9
80598,86,88,-2,2
80599,98,82,16,16
80600,143,142,1,1
80601,105,100,5,5
80602,113,125,-12,12
80603,77,69,8,8
80604,107,110,-3,3
80605,58,60,-2,2
80606,145,128,17,17
80607,52,66,-14,14
80608,109,101,8,8
80609,71,72,-1,1
80610,64,72,-8,8
80611,129,113,16,16
80612,83,85,-2,2
80613,40,58,-18,18
80614,102,102,0,0
80615,65,61,4,4
80616,100,83,17,17
80617,131,125,6,6
80618,90,87,3,3
80619,92,98,-6,6
80620,67,76,-9,9
80621,121,116,5,5
80622,126,111,15,15
80623,93,90,3,3
80624,157,147,10,10
80625,89,89,0,0
80626,53,65,-12,12
80627,96,88,8,8
80628,111,100,11,11
80629,121,118,3,3
80630,67,77,-10,10
80631,59,56,3,3
80632,88,88,0,0
80633,71,80,-9,9
80634,57,57,0,0
80635,118,103,15,15
80636,78,80,-2,2
80637,118,107,11,11
80638,85,89,-4,4
80639,102,101,1,1
80640,69,67,2,2
80641,179,199,-20,20
80642,94,105,-11,11
80643,100,97,3,3
80644,91,78,13,13
80645,139,150,-11,11
80646,77,79,-2,2
80647,64,63,1,1
80648,64,61,3,3
80649,137,132,5,5
80650,113,109,4,4
80651,93,76,17,17
80652,100,106,-6,6
80653,88,91,-3,3
80654,87,81,6,6
80655,144,131,13,13
80656,41,50,-9,9
80657,51,57,-6,6
80658,78,59,19,19
80659,72,68,4,4
80660,66,59,7,7
80661,58,65,-7,7
80662,123,121,2,2
80663,90,90,0,0
80664,56,54,2,2
80665,98,87,11,11
80666,91,89,2,2
80667,126,118,8,8
80668,68,58,10,10
80669,117,102,15,15
80670,46,44,2,2
80671,71,72,-1,1
80672,111,105,6,6
80673,89,84,5,5
80674,58,66,-8,8
80675,104,98,6,6
80676,110,98,12,12
80677,101,91,10,10
80678,203,228,-25,25
80679,90,89,1,1
80680,82,76,6,6
80681,133,127,6,6
80682,67,65,2,2
80683,75,75,0,0
80684,90,75,15,15
80685,91,80,11,11
80686,91,91,0,0
80687,67,88,-21,21
80688,122,106,16,16
80689,59,61,-2,2
80690,40,33,7,7
80691,104,92,12,12
80692,118,117,1,1
80693,92,83,9,9
80694,157,180,-23,23
80695,65,73,-8,8
80696,60,63,-3,3
80697,100,101,-1,1
80698,31,32,-1,1
80699,94,85,9,9
80700,45,44,1,1
80701,109,99,10,10
80702,85,81,4,4
80703,86,91,-5,5
80704,185,162,23,23
80705,97,95,2,2
80706,69,68,1,1
80707,194,191,3,3
80708,63,76,-13,13
80709,141,137,4,4
80710,87,63,24,24
80711,131,129,2,2
80712,152,135,17,17
80713,96,89,7,7
80714,111,105,6,6
80715,92,80,12,12
80716,108,98,10,10
80717,83,78,5,5
80718,52,58,-6,6
80719,103,107,-4,4
80720,189,180,9,9
80721,80,77,3,3
80722,149,135,14,14
80723,146,140,6,6
80724,66,61,5,5
80725,38,43,-5,5
80726,124,129,-5,5
80727,55,52,3,3
80728,141,115,26,26
80729,83,105,-22,22
80730,144,148,-4,4
80731,127,115,12,12
80732,80,72,8,8
80733,125,119,6,6
80734,115,108,7,7
80735,79,77,2,2
80736,73,71,2,2
80737,92,82,10,10
80738,84,89,-5,5
80739,103,91,12,12
80740,104,109,-5,5
80741,101,101,0,0
80742,92,100,-8,8
80743,169,151,18,18
80744,53,55,-2,2
80745,114,99,15,15
80746,138,137,1,1
80747,86,80,6,6
80748,85,84,1,1
80749,147,149,-2,2
80750,58,65,-7,7
80751,128,124,4,4
80752,65,69,-4,4
80753,89,83,6,6
80754,95,92,3,3
80755,84,84,0,0
80756,115,103,12,12
80757,142,133,9,9
80758,120,112,8,8
80759,102,97,5,5
80760,121,136,-15,15
80761,48,59,-11,11
80762,127,104,23,23
80763,76,80,-4,4
80764,133,123,10,10
80765,108,99,9,9
80766,67,72,-5,5
80767,33,32,1,1
80768,148,135,13,13
80769,115,104,11,11
80770,68,103,-35,35
80771,132,148,-16,16
80772,167,155,12,12
80773,145,150,-5,5
80774,126,120,6,6
80775,72,64,8,8
80776,108,111,-3,3
80777,75,69,6,6
80778,66,74,-8,8
80779,72,69,3,3
80780,99,91,8,8
80781,67,67,0,0
80782,113,110,3,3
80783,108,89,19,19
80784,94,82,12,12
80785,57,66,-9,9
80786,97,83,14,14
80787,64,65,-1,1
80788,127,120,7,7
80789,90,82,8,8
80790,185,189,-4,4
80791,110,98,12,12
80792,59,65,-6,6
80793,119,108,11,11
80794,88,101,-13,13
80795,196,192,4,4
80796,95,95,0,0
80797,69,81,-12,12
80798,159,179,-20,20
80799,66,84,-18,18
80800,100,89,11,11
80801,90,92,-2,2
80802,71,70,1,1
80803,63,62,1,1
80804,104,91,13,13
80805,64,77,-13,13
80806,67,68,-1,1
80807,71,72,-1,1
80808,155,139,16,16
80809,89,78,11,11
80810,128,122,6,6
80811,95,106,-11,11
80812,51,50,1,1
80813,118,109,9,9
80814,102,98,4,4
80815,124,116,8,8
80816,68,72,-4,4
80817,50,50,0,0
80818,86,86,0,0
80819,89,100,-11,11
80820,113,99,14,14
80821,126,120,6,6
80822,64,85,-21,21
80823,120,127,-7,7
80824,62,73,-11,11
80825,73,86,-13,13
80826,145,139,6,6
80827,63,65,-2,2
80828,80,88,-8,8
80829,82,83,-1,1
80830,41,39,2,2
80831,93,91,2,2
80832,107,98,9,9
80833,60,60,0,0
80834,93,85,8,8
80835,97,94,3,3
80836,90,87,3,3
80837,111,114,-3,3
80838,57,55,2,2
80839,75,61,14,14
80840,54,64,-10,10
80841,55,76,-21,21
80842,84,79,5,5
80843,95,90,5,5
80844,101,80,21,21
80845,91,87,4,4
80846,65,60,5,5
80847,59,63,-4,4
80848,112,110,2,2
80849,164,170,-6,6
80850,61,62,-1,1
80851,75,75,0,0
80852,149,136,13,13
80853,152,142,10,10
80854,65,64,1,1
80855,90,83,7,7
80856,96,99,-3,3
80857,105,96,9,9
80858,75,71,4,4
80859,61,66,-5,5
80860,102,86,16,16
80861,96,88,8,8
80862,96,82,14,14
80863,89,81,8,8
80864,100,103,-3,3
80865,96,84,12,12
80866,57,54,3,3
80867,67,72,-5,5
80868,148,147,1,1
80869,108,103,5,5
80870,50,47,3,3
80871,151,139,12,12
80872,72,79,-7,7
80873,55,59,-4,4
80874,166,138,28,28
80875,75,80,-5,5
80876,154,132,22,22
80877,71,86,-15,15
80878,77,76,1,1
80879,72,70,2,2
80880,79,80,-1,1
80881,166,154,12,12
80882,72,83,-11,11
80883,91,90,1,1
80884,80,85,-5,5
80885,111,81,30,30
80886,81,90,-9,9
80887,74,89,-15,15
80888,129,127,2,2
80889,120,122,-2,2
80890,79,75,4,4
80891,95,77,18,18
80892,82,84,-2,2
80893,124,111,13,13
80894,73,72,1,1
80895,328,636,-308,308
80896,95,87,8,8
80897,90,89,1,1
80898,105,101,4,4
80899,131,124,7,7
80900,96,85,11,11
80901,64,50,14,14
80902,129,102,27,27
80903,84,78,6,6
80904,126,111,15,15
80905,132,113,19,19
80906,108,100,8,8
80907,74,72,2,2
80908,122,117,5,5
80909,96,108,-12,12
80910,172,181,-9,9
80911,150,137,13,13
80912,82,79,3,3
80913,119,118,1,1
80914,42,42,0,0
80915,125,104,21,21
80916,47,43,4,4
80917,78,72,6,6
80918,51,62,-11,11
80919,56,61,-5,5
80920,100,105,-5,5
80921,105,103,2,2
80922,241,181,60,60
80923,148,136,12,12
80924,49,51,-2,2
80925,116,111,5,5
80926,45,47,-2,2
80927,89,84,5,5
80928,83,82,1,1
80929,106,110,-4,4
80930,84,100,-16,16
80931,82,78,4,4
80932,69,69,0,0
80933,87,86,1,1
80934,85,101,-16,16
80935,75,75,0,0
80936,142,136,6,6
80937,84,80,4,4
80938,112,102,10,10
80939,74,74,0,0
80940,82,89,-7,7
80941,96,102,-6,6
80942,106,102,4,4
80943,41,56,-15,15
80944,70,66,4,4
80945,62,59,3,3
80946,108,106,2,2
80947,115,101,14,14
80948,79,72,7,7
80949,101,99,2,2
80950,73,73,0,0
80951,69,67,2,2
80952,42,44,-2,2
80953,130,123,7,7
80954,74,73,1,1
80955,69,67,2,2
80956,112,105,7,7
80957,95,96,-1,1
80958,56,68,-12,12
80959,98,109,-11,11
80960,93,94,-1,1
80961,93,82,11,11
80962,99,94,5,5
80963,137,122,15,15
80964,127,126,1,1
80965,82,75,7,7
80966,58,66,-8,8
80967,83,73,10,10
80968,130,118,12,12
80969,99,79,20,20
80970,134,132,2,2
80971,134,121,13,13
80972,73,69,4,4
80973,98,101,-3,3
80974,56,55,1,1
80975,106,107,-1,1
80976,157,140,17,17
80977,70,50,20,20
80978,105,99,6,6
80979,108,112,-4,4
80980,65,62,3,3
80981,82,79,3,3
80982,75,80,-5,5
80983,88,86,2,2
80984,79,82,-3,3
80985,85,88,-3,3
80986,98,102,-4,4
80987,70,67,3,3
80988,132,131,1,1
80989,121,103,18,18
80990,120,132,-12,12
80991,131,118,13,13
80992,100,94,6,6
80993,103,100,3,3
80994,89,73,16,16
80995,87,84,3,3
80996,63,60,3,3
80997,101,106,-5,5
80998,80,78,2,2
80999,60,57,3,3
81000,53,59,-6,6
81001,147,132,15,15
81002,83,88,-5,5
81003,91,87,4,4
81004,120,104,16,16
81005,79,74,5,5
81006,66,56,10,10
81007,126,116,10,10
81008,155,133,22,22
81009,73,72,1,1
81010,75,69,6,6
81011,110,107,3,3
81012,87,84,3,3
81013,92,84,8,8
81014,133,136,-3,3
81015,100,90,10,10
81016,89,86,3,3
81017,73,62,11,11
81018,56,46,10,10
81019,117,104,13,13
81020,77,54,23,23
81021,58,59,-1,1
81022,132,134,-2,2
81023,149,124,25,25
81024,60,63,-3,3
81025,88,78,10,10
81026,118,116,2,2
81027,71,74,-3,3
81028,158,157,1,1
81029,143,127,16,16
81030,63,66,-3,3
81031,49,61,-12,12
81032,111,107,4,4
81033,121,118,3,3
81034,97,84,13,13
81035,116,113,3,3
81036,58,58,0,0
81037,66,54,12,12
81038,63,54,9,9
81039,54,47,7,7
81040,83,86,-3,3
81041,66,63,3,3
81042,48,49,-1,1
81043,69,72,-3,3
81044,39,75,-36,36
81045,158,110,48,48
81046,48,48,0,0
81047,63,58,5,5
81048,93,97,-4,4
81049,87,88,-1,1
81050,64,55,9,9
81051,148,114,34,34
81052,58,62,-4,4
81053,51,55,-4,4
81054,53,56,-3,3
81055,138,131,7,7
81056,75,71,4,4
81057,94,92,2,2
81058,49,59,-10,10
81059,132,143,-11,11
81060,98,82,16,16
81061,97,96,1,1
81062,100,85,15,15
81063,107,105,2,2
81064,65,57,8,8
81065,67,73,-6,6
81066,54,51,3,3
81067,123,116,7,7
81068,133,119,14,14
81069,105,123,-18,18
81070,91,95,-4,4
81071,121,118,3,3
81072,81,88,-7,7
81073,59,59,0,0
81074,154,128,26,26
81075,85,84,1,1
81076,80,92,-12,12
81077,181,190,-9,9
81078,112,108,4,4
81079,80,79,1,1
81080,140,131,9,9
81081,92,76,16,16
81082,87,72,15,15
81083,62,76,-14,14
81084,136,114,22,22
81085,74,71,3,3
81086,74,66,8,8
81087,45,51,-6,6
81088,87,85,2,2
81089,81,80,1,1
81090,37,33,4,4
81091,73,78,-5,5
81092,81,77,4,4
81093,119,127,-8,8
81094,139,136,3,3
81095,106,107,-1,1
81096,105,107,-2,2
81097,129,125,4,4
81098,97,97,0,0
81099,94,108,-14,14
81100,89,108,-19,19
81101,84,74,10,10
81102,182,169,13,13
81103,44,55,-11,11
81104,98,93,5,5
81105,83,77,6,6
81106,159,160,-1,1
81107,61,63,-2,2
81108,145,119,26,26
81109,113,129,-16,16
81110,74,74,0,0
81111,44,47,-3,3
81112,70,77,-7,7
81113,87,105,-18,18
81114,156,154,2,2
81115,78,75,3,3
81116,99,100,-1,1
81117,120,110,10,10
81118,100,103,-3,3
81119,90,81,9,9
81120,90,91,-1,1
81121,126,124,2,2
81122,59,50,9,9
81123,82,80,2,2
81124,71,65,6,6
81125,87,78,9,9
81126,72,75,-3,3
81127,112,98,14,14
81128,65,60,5,5
81129,68,76,-8,8
81130,62,60,2,2
81131,130,128,2,2
81132,60,51,9,9
81133,100,104,-4,4
81134,48,48,0,0
81135,97,93,4,4
81136,85,83,2,2
81137,143,125,18,18
81138,112,108,4,4
81139,70,77,-7,7
81140,107,117,-10,10
81141,103,97,6,6
81142,79,73,6,6
81143,65,60,5,5
81144,74,70,4,4
81145,62,71,-9,9
81146,146,128,18,18
81147,138,132,6,6
81148,109,100,9,9
81149,57,50,7,7
81150,81,84,-3,3
81151,100,96,4,4
81152,55,59,-4,4
81153,71,73,-2,2
81154,137,125,12,12
81155,173,175,-2,2
81156,53,62,-9,9
81157,69,70,-1,1
81158,115,97,18,18
81159,71,74,-3,3
81160,129,122,7,7
81161,142,124,18,18
81162,48,45,3,3
81163,77,74,3,3
81164,81,90,-9,9
81165,103,102,1,1
81166,75,68,7,7
81167,86,79,7,7
81168,105,105,0,0
81169,61,53,8,8
81170,109,97,12,12
81171,98,90,8,8
81172,153,152,1,1
81173,50,58,-8,8
81174,178,165,13,13
81175,85,80,5,5
81176,118,110,8,8
81177,94,88,6,6
81178,116,86,30,30
81179,92,78,14,14
81180,96,99,-3,3
81181,44,44,0,0
81182,96,87,9,9
81183,146,127,19,19
81184,90,82,8,8
81185,86,87,-1,1
81186,112,110,2,2
81187,102,109,-7,7
81188,47,50,-3,3
81189,107,91,16,16
81190,52,83,-31,31
81191,122,120,2,2
81192,84,78,6,6
81193,76,76,0,0
81194,72,71,1,1
81195,181,204,-23,23
81196,71,74,-3,3
81197,92,94,-2,2
81198,152,146,6,6
81199,133,139,-6,6
81200,97,91,6,6
81201,135,131,4,4
81202,75,79,-4,4
81203,99,99,0,0
81204,92,110,-18,18
81205,113,116,-3,3
81206,65,66,-1,1
81207,100,97,3,3
81208,124,121,3,3
81209,82,89,-7,7
81210,111,111,0,0
81211,101,92,9,9
81212,60,60,0,0
81213,141,130,11,11
81214,69,68,1,1
81215,141,126,15,15
81216,111,93,18,18
81217,169,168,1,1
81218,126,117,9,9
81219,75,81,-6,6
81220,120,110,10,10
81221,141,151,-10,10
81222,104,113,-9,9
81223,48,53,-5,5
81224,93,89,4,4
81225,140,121,19,19
81226,97,80,17,17
81227,110,109,1,1
81228,45,43,2,2
81229,92,89,3,3
81230,87,82,5,5
81231,90,87,3,3
81232,68,74,-6,6
81233,64,66,-2,2
81234,59,59,0,0
81235,135,126,9,9
81236,52,50,2,2
81237,121,128,-7,7
81238,78,84,-6,6
81239,97,72,25,25
81240,64,98,-34,34
81241,113,111,2,2
81242,83,77,6,6
81243,79,73,6,6
81244,77,82,-5,5
81245,56,64,-8,8
81246,156,158,-2,2
81247,134,125,9,9
81248,66,63,3,3
81249,113,107,6,6
81250,89,84,5,5
81251,95,97,-2,2
81252,98,99,-1,1
81253,137,139,-2,2
81254,113,102,11,11
81255,173,162,11,11
81256,122,115,7,7
81257,92,92,0,0
81258,142,133,9,9
81259,82,90,-8,8
81260,42,43,-1,1
81261,116,128,-12,12
81262,89,94,-5,5
81263,140,133,7,7
81264,130,101,29,29
81265,80,76,4,4
81266,113,107,6,6
81267,60,56,4,4
81268,143,188,-45,45
81269,86,75,11,11
81270,126,112,14,14
81271,75,81,-6,6
81272,120,110,10,10
81273,125,112,13,13
81274,195,188,7,7
81275,71,73,-2,2
81276,131,118,13,13
81277,111,110,1,1
81278,89,93,-4,4
81279,93,90,3,3
81280,80,80,0,0
81281,80,75,5,5
81282,46,45,1,1
81283,134,122,12,12
81284,83,78,5,5
81285,145,140,5,5
81286,80,76,4,4
81287,82,72,10,10
81288,86,85,1,1
81289,62,71,-9,9
81290,46,54,-8,8
81291,112,105,7,7
81292,99,103,-4,4
81293,145,134,11,11
81294,166,166,0,0
81295,45,54,-9,9
81296,126,103,23,23
81297,89,83,6,6
81298,99,99,0,0
81299,77,74,3,3
81300,119,115,4,4
81301,93,107,-14,14
81302,102,106,-4,4
81303,62,57,5,5
81304,57,59,-2,2
81305,63,65,-2,2
81306,56,57,-1,1
81307,137,132,5,5
81308,101,93,8,8
81309,90,72,18,18
81310,136,128,8,8
81311,70,68,2,2
81312,81,82,-1,1
81313,66,56,10,10
81314,93,95,-2,2
81315,73,62,11,11
81316,90,86,4,4
81317,83,79,4,4
81318,89,86,3,3
81319,103,107,-4,4
81320,105,97,8,8
81321,83,101,-18,18
81322,115,113,2,2
81323,99,93,6,6
81324,85,91,-6,6
81325,73,73,0,0
81326,80,82,-2,2
81327,49,56,-7,7
81328,80,89,-9,9
81329,63,69,-6,6
81330,33,38,-5,5
81331,178,186,-8,8
81332,105,116,-11,11
81333,41,55,-14,14
81334,92,93,-1,1
81335,98,87,11,11
81336,71,76,-5,5
81337,30,41,-11,11
81338,62,65,-3,3
81339,126,134,-8,8
81340,102,98,4,4
81341,122,120,2,2
81342,79,79,0,0
81343,152,148,4,4
81344,159,150,9,9
81345,161,164,-3,3
81346,71,64,7,7
81347,84,85,-1,1
81348,118,100,18,18
81349,73,77,-4,4
81350,118,103,15,15
81351,102,81,21,21
81352,69,73,-4,4
81353,101,96,5,5
81354,127,113,14,14
81355,84,82,2,2
81356,40,39,1,1
81357,70,65,5,5
81358,135,119,16,16
81359,77,78,-1,1
81360,78,85,-7,7
81361,70,72,-2,2
81362,73,69,4,4
81363,85,82,3,3
81364,106,97,9,9
81365,151,145,6,6
81366,153,142,11,11
81367,133,117,16,16
81368,121,101,20,20
81369,110,105,5,5
81370,71,87,-16,16
81371,98,86,12,12
81372,126,127,-1,1
81373,86,87,-1,1
81374,77,77,0,0
81375,198,197,1,1
81376,133,122,11,11
81377,124,113,11,11
81378,90,81,9,9
81379,60,61,-1,1
81380,80,84,-4,4
81381,47,52,-5,5
81382,82,75,7,7
81383,119,94,25,25
81384,66,65,1,1
81385,136,122,14,14
81386,141,131,10,10
81387,50,58,-8,8
81388,71,83,-12,12
81389,98,108,-10,10
81390,121,106,15,15
81391,81,86,-5,5
81392,117,112,5,5
81393,112,112,0,0
81394,94,94,0,0
81395,55,64,-9,9
81396,97,107,-10,10
81397,92,94,-2,2
81398,137,144,-7,7
81399,54,59,-5,5
81400,140,138,2,2
81401,138,125,13,13
81402,85,81,4,4
81403,84,88,-4,4
81404,104,99,5,5
81405,113,107,6,6
81406,109,115,-6,6
81407,76,94,-18,18
81408,79,85,-6,6
81409,65,56,9,9
81410,81,80,1,1
81411,131,103,28,28
81412,204,188,16,16
81413,77,69,8,8
81414,161,140,21,21
81415,97,84,13,13
81416,110,100,10,10
81417,76,70,6,6
81418,70,63,7,7
81419,122,121,1,1
81420,52,58,-6,6
81421,121,115,6,6
81422,89,90,-1,1
81423,99,87,12,12
81424,62,65,-3,3
81425,117,109,8,8
81426,92,98,-6,6
81427,169,174,-5,5
81428,122,110,12,12
81429,88,83,5,5
81430,94,84,10,10
81431,163,124,39,39
81432,72,71,1,1
81433,87,92,-5,5
81434,104,111,-7,7
81435,51,52,-1,1
81436,57,51,6,6
81437,149,143,6,6
81438,87,91,-4,4
81439,109,110,-1,1
81440,120,108,12,12
81441,79,72,7,7
81442,129,126,3,3
81443,162,156,6,6
81444,133,132,1,1
81445,82,83,-1,1
81446,110,107,3,3
81447,180,163,17,17
81448,104,99,5,5
81449,134,141,-7,7
81450,114,104,10,10
81451,130,169,-39,39
81452,94,97,-3,3
81453,182,165,17,17
81454,93,95,-2,2
81455,74,72,2,2
81456,66,62,4,4
81457,164,330,-166,166
81458,125,163,-38,38
81459,74,81,-7,7
81460,148,144,4,4
81461,69,74,-5,5
81462,98,91,7,7
81463,71,79,-8,8
81464,107,101,6,6
81465,133,112,21,21
81466,72,63,9,9
81467,68,67,1,1
81468,97,89,8,8
81469,185,153,32,32
81470,184,182,2,2
81471,106,109,-3,3
81472,143,143,0,0
81473,82,89,-7,7
81474,47,53,-6,6
81475,82,71,11,11
81476,97,94,3,3
81477,58,64,-6,6
81478,115,104,11,11
81479,137,118,19,19
81480,112,109,3,3
81481,101,97,4,4
81482,56,51,5,5
81483,80,72,8,8
81484,79,79,0,0
81485,186,167,19,19
81486,79,68,11,11
81487,80,74,6,6
81488,85,68,17,17
81489,123,106,17,17
81490,94,90,4,4
81491,71,83,-12,12
81492,83,81,2,2
81493,45,46,-1,1
81494,120,146,-26,26
81495,165,158,7,7
81496,73,72,1,1
81497,87,80,7,7
81498,80,81,-1,1
81499,132,134,-2,2
81500,82,72,10,10
81501,77,71,6,6
81502,62,65,-3,3
81503,74,69,5,5
81504,87,95,-8,8
81505,142,138,4,4
81506,119,103,16,16
81507,62,79,-17,17
