,original,predict,differ,abs
0,67,74,-7,7
1,58,67,-9,9
2,88,84,4,4
3,183,166,17,17
4,81,80,1,1
5,88,89,-1,1
6,83,88,-5,5
7,183,179,4,4
8,81,79,2,2
9,117,114,3,3
10,64,61,3,3
11,59,70,-11,11
12,74,73,1,1
13,100,107,-7,7
14,103,100,3,3
15,66,69,-3,3
16,97,93,4,4
17,120,105,15,15
18,79,80,-1,1
19,110,112,-2,2
20,217,187,30,30
21,156,146,10,10
22,97,88,9,9
23,101,120,-19,19
24,82,78,4,4
25,127,114,13,13
26,112,108,4,4
27,191,163,28,28
28,48,51,-3,3
29,106,112,-6,6
30,133,128,5,5
31,57,65,-8,8
32,108,101,7,7
33,89,80,9,9
34,50,69,-19,19
35,62,52,10,10
36,102,97,5,5
37,55,57,-2,2
38,89,100,-11,11
39,96,101,-5,5
40,70,72,-2,2
41,115,116,-1,1
42,82,84,-2,2
43,102,98,4,4
44,167,141,26,26
45,82,89,-7,7
46,118,122,-4,4
47,85,81,4,4
48,93,93,0,0
49,111,96,15,15
50,77,71,6,6
51,136,126,10,10
52,109,97,12,12
53,85,91,-6,6
54,133,118,15,15
55,138,122,16,16
56,100,117,-17,17
57,130,122,8,8
58,96,100,-4,4
59,58,62,-4,4
60,115,111,4,4
61,73,77,-4,4
62,135,119,16,16
63,177,165,12,12
64,96,100,-4,4
65,77,81,-4,4
66,84,85,-1,1
67,105,93,12,12
68,193,176,17,17
69,143,143,0,0
70,111,102,9,9
71,104,90,14,14
72,265,236,29,29
73,88,90,-2,2
74,78,80,-2,2
75,58,63,-5,5
76,86,83,3,3
77,59,67,-8,8
78,139,136,3,3
79,96,92,4,4
80,90,87,3,3
81,83,82,1,1
82,133,126,7,7
83,141,136,5,5
84,72,70,2,2
85,75,75,0,0
86,43,48,-5,5
87,68,72,-4,4
88,170,135,35,35
89,92,96,-4,4
90,64,87,-23,23
91,101,106,-5,5
92,82,77,5,5
93,81,76,5,5
94,75,76,-1,1
95,99,96,3,3
96,45,60,-15,15
97,186,173,13,13
98,127,143,-16,16
99,100,102,-2,2
100,66,68,-2,2
101,129,105,24,24
102,107,108,-1,1
103,128,119,9,9
104,90,83,7,7
105,68,73,-5,5
106,107,106,1,1
107,90,85,5,5
108,89,91,-2,2
109,70,74,-4,4
110,174,145,29,29
111,90,81,9,9
112,76,78,-2,2
113,67,68,-1,1
114,76,86,-10,10
115,168,153,15,15
116,91,87,4,4
117,103,103,0,0
118,91,88,3,3
119,67,75,-8,8
120,118,121,-3,3
121,51,56,-5,5
122,76,80,-4,4
123,110,114,-4,4
124,99,92,7,7
125,96,96,0,0
126,169,153,16,16
127,89,94,-5,5
128,94,97,-3,3
129,123,127,-4,4
130,186,168,18,18
131,132,129,3,3
132,102,89,13,13
133,78,82,-4,4
134,129,113,16,16
135,116,99,17,17
136,136,124,12,12
137,131,130,1,1
138,105,104,1,1
139,69,70,-1,1
140,66,64,2,2
141,127,114,13,13
142,127,120,7,7
143,66,80,-14,14
144,112,114,-2,2
145,115,104,11,11
146,98,89,9,9
147,69,66,3,3
148,93,82,11,11
149,121,124,-3,3
150,92,94,-2,2
151,73,74,-1,1
152,139,133,6,6
153,80,85,-5,5
154,89,93,-4,4
155,67,68,-1,1
156,66,66,0,0
157,81,85,-4,4
158,59,66,-7,7
159,128,127,1,1
160,109,109,0,0
161,50,54,-4,4
162,74,69,5,5
163,80,83,-3,3
164,132,127,5,5
165,51,57,-6,6
166,115,108,7,7
167,70,89,-19,19
168,159,142,17,17
169,151,148,3,3
170,94,93,1,1
171,81,93,-12,12
172,77,84,-7,7
173,42,47,-5,5
174,135,132,3,3
175,106,100,6,6
176,50,57,-7,7
177,162,142,20,20
178,130,109,21,21
179,120,103,17,17
180,84,89,-5,5
181,76,79,-3,3
182,67,70,-3,3
183,75,72,3,3
184,39,45,-6,6
185,119,102,17,17
186,55,64,-9,9
187,90,86,4,4
188,124,122,2,2
189,171,161,10,10
190,70,72,-2,2
191,137,132,5,5
192,127,129,-2,2
193,143,146,-3,3
194,195,158,37,37
195,112,104,8,8
196,43,50,-7,7
197,114,110,4,4
198,111,102,9,9
199,80,83,-3,3
200,128,106,22,22
201,176,168,8,8
202,64,63,1,1
203,142,131,11,11
204,100,91,9,9
205,63,61,2,2
206,145,130,15,15
207,101,96,5,5
208,78,76,2,2
209,98,94,4,4
210,147,145,2,2
211,50,57,-7,7
212,70,71,-1,1
213,175,163,12,12
214,87,98,-11,11
215,87,81,6,6
216,108,119,-11,11
217,67,69,-2,2
218,95,97,-2,2
219,89,96,-7,7
220,135,135,0,0
221,79,89,-10,10
222,43,55,-12,12
223,195,154,41,41
224,83,87,-4,4
225,81,89,-8,8
226,63,72,-9,9
227,119,113,6,6
228,98,96,2,2
229,44,53,-9,9
230,47,57,-10,10
231,87,71,16,16
232,90,82,8,8
233,62,63,-1,1
234,103,98,5,5
235,140,138,2,2
236,114,111,3,3
237,57,72,-15,15
238,81,79,2,2
239,74,96,-22,22
240,61,73,-12,12
241,43,47,-4,4
242,55,63,-8,8
243,100,91,9,9
244,124,104,20,20
245,107,102,5,5
246,121,120,1,1
247,86,93,-7,7
248,146,133,13,13
249,147,146,1,1
250,47,46,1,1
251,124,111,13,13
252,89,92,-3,3
253,50,62,-12,12
254,110,110,0,0
255,158,148,10,10
256,86,83,3,3
257,102,102,0,0
258,107,109,-2,2
259,64,68,-4,4
260,136,126,10,10
261,125,106,19,19
262,115,102,13,13
263,71,71,0,0
264,80,80,0,0
265,82,88,-6,6
266,79,83,-4,4
267,102,95,7,7
268,49,59,-10,10
269,109,106,3,3
270,52,59,-7,7
271,72,70,2,2
272,68,75,-7,7
273,151,152,-1,1
274,112,108,4,4
275,97,106,-9,9
276,82,91,-9,9
277,72,79,-7,7
278,125,129,-4,4
279,128,126,2,2
280,94,94,0,0
281,76,72,4,4
282,71,76,-5,5
283,112,109,3,3
284,75,74,1,1
285,77,76,1,1
286,78,73,5,5
287,89,84,5,5
288,88,82,6,6
289,97,97,0,0
290,80,77,3,3
291,67,75,-8,8
292,83,86,-3,3
293,85,86,-1,1
294,76,73,3,3
295,64,67,-3,3
296,107,108,-1,1
297,141,145,-4,4
298,130,120,10,10
299,51,64,-13,13
300,66,64,2,2
301,75,76,-1,1
302,186,155,31,31
303,86,79,7,7
304,141,137,4,4
305,83,79,4,4
306,85,82,3,3
307,148,128,20,20
308,87,85,2,2
309,77,72,5,5
310,27,35,-8,8
311,88,89,-1,1
312,92,85,7,7
313,86,88,-2,2
314,135,129,6,6
315,77,72,5,5
316,73,74,-1,1
317,133,130,3,3
318,51,58,-7,7
319,125,114,11,11
320,98,106,-8,8
321,143,130,13,13
322,140,129,11,11
323,87,94,-7,7
324,89,76,13,13
325,69,75,-6,6
326,96,81,15,15
327,127,117,10,10
328,79,76,3,3
329,137,120,17,17
330,85,86,-1,1
331,84,88,-4,4
332,52,65,-13,13
333,77,74,3,3
334,78,84,-6,6
335,104,95,9,9
336,89,92,-3,3
337,89,62,27,27
338,56,56,0,0
339,106,88,18,18
340,71,70,1,1
341,132,116,16,16
342,82,77,5,5
343,100,95,5,5
344,51,62,-11,11
345,66,68,-2,2
346,85,77,8,8
347,112,108,4,4
348,34,59,-25,25
349,134,115,19,19
350,93,97,-4,4
351,114,128,-14,14
352,137,123,14,14
353,88,90,-2,2
354,108,111,-3,3
355,106,98,8,8
356,146,164,-18,18
357,54,67,-13,13
358,170,134,36,36
359,86,77,9,9
360,110,94,16,16
361,82,80,2,2
362,101,95,6,6
363,64,71,-7,7
364,44,55,-11,11
365,84,83,1,1
366,60,61,-1,1
367,101,102,-1,1
368,120,106,14,14
369,60,63,-3,3
370,130,120,10,10
371,41,50,-9,9
372,116,105,11,11
373,58,62,-4,4
374,77,75,2,2
375,96,100,-4,4
376,88,94,-6,6
377,103,98,5,5
378,35,55,-20,20
379,64,66,-2,2
380,86,78,8,8
381,89,91,-2,2
382,108,102,6,6
383,116,105,11,11
384,82,84,-2,2
385,65,70,-5,5
386,64,72,-8,8
387,134,125,9,9
388,65,70,-5,5
389,77,77,0,0
390,120,115,5,5
391,54,61,-7,7
392,90,90,0,0
393,87,90,-3,3
394,97,90,7,7
395,17,30,-13,13
396,69,89,-20,20
397,31,44,-13,13
398,90,90,0,0
399,104,103,1,1
400,97,93,4,4
401,52,61,-9,9
402,81,82,-1,1
403,88,86,2,2
404,150,147,3,3
405,103,111,-8,8
406,47,50,-3,3
407,119,113,6,6
408,107,111,-4,4
409,88,70,18,18
410,85,85,0,0
411,95,96,-1,1
412,89,83,6,6
413,87,91,-4,4
414,148,129,19,19
415,98,95,3,3
416,148,146,2,2
417,77,83,-6,6
418,70,74,-4,4
419,64,67,-3,3
420,110,125,-15,15
421,143,142,1,1
422,122,161,-39,39
423,82,83,-1,1
424,112,108,4,4
425,128,128,0,0
426,148,144,4,4
427,80,78,2,2
428,56,67,-11,11
429,90,89,1,1
430,110,105,5,5
431,88,97,-9,9
432,91,92,-1,1
433,99,97,2,2
434,122,112,10,10
435,66,68,-2,2
436,106,98,8,8
437,65,65,0,0
438,164,147,17,17
439,68,69,-1,1
440,48,70,-22,22
441,88,80,8,8
442,107,110,-3,3
443,58,67,-9,9
444,91,88,3,3
445,113,103,10,10
446,107,98,9,9
447,101,95,6,6
448,72,86,-14,14
449,134,125,9,9
450,87,87,0,0
451,64,68,-4,4
452,72,69,3,3
453,146,146,0,0
454,110,105,5,5
455,104,100,4,4
456,129,132,-3,3
457,134,139,-5,5
458,123,119,4,4
459,62,64,-2,2
460,71,73,-2,2
461,58,66,-8,8
462,88,84,4,4
463,134,129,5,5
464,81,83,-2,2
465,77,92,-15,15
466,118,111,7,7
467,131,123,8,8
468,66,68,-2,2
469,61,65,-4,4
470,43,44,-1,1
471,121,115,6,6
472,101,107,-6,6
473,112,99,13,13
474,67,67,0,0
475,88,83,5,5
476,57,56,1,1
477,93,85,8,8
478,77,66,11,11
479,57,63,-6,6
480,55,70,-15,15
481,68,71,-3,3
482,118,110,8,8
483,63,68,-5,5
484,110,113,-3,3
485,58,61,-3,3
486,119,104,15,15
487,110,137,-27,27
488,146,138,8,8
489,50,50,0,0
490,104,99,5,5
491,136,126,10,10
492,145,144,1,1
493,110,98,12,12
494,124,127,-3,3
495,117,109,8,8
496,134,124,10,10
497,98,88,10,10
498,104,117,-13,13
499,78,77,1,1
500,100,93,7,7
501,45,58,-13,13
502,108,111,-3,3
503,50,59,-9,9
504,69,76,-7,7
505,106,101,5,5
506,66,64,2,2
507,61,67,-6,6
508,96,92,4,4
509,96,100,-4,4
510,53,60,-7,7
511,93,96,-3,3
512,80,75,5,5
513,73,76,-3,3
514,70,80,-10,10
515,100,90,10,10
516,137,131,6,6
517,114,111,3,3
518,70,72,-2,2
519,55,70,-15,15
520,108,90,18,18
521,138,132,6,6
522,95,95,0,0
523,142,134,8,8
524,83,81,2,2
525,122,110,12,12
526,97,98,-1,1
527,56,58,-2,2
528,122,112,10,10
529,73,76,-3,3
530,69,66,3,3
531,95,99,-4,4
532,68,75,-7,7
533,95,89,6,6
534,78,89,-11,11
535,90,88,2,2
536,106,103,3,3
537,42,52,-10,10
538,76,81,-5,5
539,157,158,-1,1
540,119,111,8,8
541,99,99,0,0
542,61,71,-10,10
543,102,96,6,6
544,92,94,-2,2
545,124,108,16,16
546,82,87,-5,5
547,76,80,-4,4
548,67,72,-5,5
549,148,136,12,12
550,74,79,-5,5
551,66,73,-7,7
552,108,105,3,3
553,64,67,-3,3
554,102,101,1,1
555,63,67,-4,4
556,66,63,3,3
557,74,73,1,1
558,74,77,-3,3
559,67,71,-4,4
560,86,94,-8,8
561,81,93,-12,12
562,90,93,-3,3
563,47,57,-10,10
564,68,77,-9,9
565,88,77,11,11
566,83,79,4,4
567,76,76,0,0
568,55,60,-5,5
569,100,106,-6,6
570,108,117,-9,9
571,178,159,19,19
572,80,80,0,0
573,82,86,-4,4
574,149,133,16,16
575,69,73,-4,4
576,70,77,-7,7
577,90,101,-11,11
578,91,90,1,1
579,75,71,4,4
580,88,86,2,2
581,134,119,15,15
582,49,61,-12,12
583,51,55,-4,4
584,113,104,9,9
585,88,86,2,2
586,53,55,-2,2
587,84,76,8,8
588,105,99,6,6
589,85,82,3,3
590,105,99,6,6
591,75,75,0,0
592,139,132,7,7
593,103,95,8,8
594,87,92,-5,5
595,65,79,-14,14
596,74,73,1,1
597,98,105,-7,7
598,110,102,8,8
599,112,105,7,7
600,88,83,5,5
601,85,84,1,1
602,55,61,-6,6
603,86,83,3,3
604,124,120,4,4
605,114,110,4,4
606,57,62,-5,5
607,56,63,-7,7
608,78,75,3,3
609,122,130,-8,8
610,79,72,7,7
611,81,76,5,5
612,117,109,8,8
613,112,121,-9,9
614,95,99,-4,4
615,195,168,27,27
616,76,86,-10,10
617,104,95,9,9
618,112,103,9,9
619,103,103,0,0
620,91,95,-4,4
621,105,96,9,9
622,127,105,22,22
623,60,67,-7,7
624,111,106,5,5
625,106,103,3,3
626,109,105,4,4
627,85,86,-1,1
628,67,75,-8,8
629,81,84,-3,3
630,83,85,-2,2
631,56,65,-9,9
632,92,89,3,3
633,71,80,-9,9
634,95,90,5,5
635,93,96,-3,3
636,144,143,1,1
637,53,59,-6,6
638,77,87,-10,10
639,71,71,0,0
640,95,98,-3,3
641,95,98,-3,3
642,61,61,0,0
643,141,122,19,19
644,133,122,11,11
645,94,87,7,7
646,112,111,1,1
647,84,84,0,0
648,92,90,2,2
649,84,84,0,0
650,94,96,-2,2
651,72,75,-3,3
652,102,114,-12,12
653,61,68,-7,7
654,108,110,-2,2
655,105,104,1,1
656,85,87,-2,2
657,74,79,-5,5
658,50,56,-6,6
659,101,95,6,6
660,82,77,5,5
661,108,92,16,16
662,148,139,9,9
663,126,116,10,10
664,136,145,-9,9
665,75,78,-3,3
666,36,42,-6,6
667,42,61,-19,19
668,69,68,1,1
669,126,118,8,8
670,109,97,12,12
671,90,86,4,4
672,116,104,12,12
673,151,175,-24,24
674,147,139,8,8
675,52,91,-39,39
676,107,107,0,0
677,90,90,0,0
678,162,144,18,18
679,103,101,2,2
680,150,130,20,20
681,62,79,-17,17
682,111,107,4,4
683,77,84,-7,7
684,166,161,5,5
685,151,152,-1,1
686,116,114,2,2
687,79,79,0,0
688,94,113,-19,19
689,110,109,1,1
690,152,133,19,19
691,176,154,22,22
692,92,94,-2,2
693,156,146,10,10
694,92,94,-2,2
695,77,76,1,1
696,32,55,-23,23
697,87,88,-1,1
698,108,106,2,2
699,104,92,12,12
700,70,71,-1,1
701,66,55,11,11
702,118,109,9,9
703,65,68,-3,3
704,111,98,13,13
705,74,71,3,3
706,81,87,-6,6
707,88,80,8,8
708,87,83,4,4
709,116,118,-2,2
710,47,50,-3,3
711,95,97,-2,2
712,44,51,-7,7
713,91,99,-8,8
714,83,86,-3,3
715,137,124,13,13
716,80,80,0,0
717,147,132,15,15
718,119,126,-7,7
719,137,108,29,29
720,133,139,-6,6
721,89,93,-4,4
722,150,138,12,12
723,108,99,9,9
724,96,81,15,15
725,88,84,4,4
726,140,128,12,12
727,128,129,-1,1
728,53,57,-4,4
729,100,110,-10,10
730,58,71,-13,13
731,110,103,7,7
732,125,116,9,9
733,124,109,15,15
734,109,116,-7,7
735,122,121,1,1
736,95,94,1,1
737,93,94,-1,1
738,85,77,8,8
739,98,83,15,15
740,68,77,-9,9
741,48,50,-2,2
742,97,99,-2,2
743,81,83,-2,2
744,88,84,4,4
745,91,108,-17,17
746,64,67,-3,3
747,204,175,29,29
748,114,110,4,4
749,185,152,33,33
750,75,76,-1,1
751,70,67,3,3
752,145,143,2,2
753,87,83,4,4
754,45,58,-13,13
755,73,73,0,0
756,125,125,0,0
757,60,67,-7,7
758,95,95,0,0
759,119,97,22,22
760,76,74,2,2
761,56,64,-8,8
762,44,63,-19,19
763,98,98,0,0
764,86,79,7,7
765,161,142,19,19
766,102,114,-12,12
767,103,99,4,4
768,69,74,-5,5
769,151,151,0,0
770,92,74,18,18
771,80,88,-8,8
772,87,89,-2,2
773,108,99,9,9
774,51,57,-6,6
775,110,105,5,5
776,64,64,0,0
777,73,72,1,1
778,92,87,5,5
779,93,90,3,3
780,103,99,4,4
781,49,51,-2,2
782,71,77,-6,6
783,70,70,0,0
784,67,67,0,0
785,100,95,5,5
786,93,99,-6,6
787,75,77,-2,2
788,97,96,1,1
789,84,86,-2,2
790,140,122,18,18
791,151,137,14,14
792,78,82,-4,4
793,79,77,2,2
794,108,115,-7,7
795,95,91,4,4
796,98,91,7,7
797,119,119,0,0
798,83,93,-10,10
799,67,72,-5,5
800,64,68,-4,4
801,102,96,6,6
802,75,76,-1,1
803,68,82,-14,14
804,78,77,1,1
805,53,59,-6,6
806,126,122,4,4
807,89,92,-3,3
808,85,96,-11,11
809,64,70,-6,6
810,85,82,3,3
811,74,74,0,0
812,66,67,-1,1
813,79,74,5,5
814,125,105,20,20
815,119,112,7,7
816,26,50,-24,24
817,66,70,-4,4
818,88,83,5,5
819,111,96,15,15
820,86,82,4,4
821,76,86,-10,10
822,86,82,4,4
823,145,128,17,17
824,46,53,-7,7
825,107,98,9,9
826,99,89,10,10
827,63,68,-5,5
828,68,71,-3,3
829,100,91,9,9
830,110,113,-3,3
831,77,79,-2,2
832,66,73,-7,7
833,64,66,-2,2
834,77,85,-8,8
835,144,141,3,3
836,106,101,5,5
837,93,96,-3,3
838,73,81,-8,8
839,103,104,-1,1
840,105,105,0,0
841,75,77,-2,2
842,83,79,4,4
843,112,106,6,6
844,156,144,12,12
845,156,141,15,15
846,77,82,-5,5
847,76,76,0,0
848,95,93,2,2
849,41,57,-16,16
850,106,112,-6,6
851,135,126,9,9
852,92,98,-6,6
853,91,96,-5,5
854,112,106,6,6
855,84,88,-4,4
856,77,74,3,3
857,29,61,-32,32
858,64,70,-6,6
859,143,126,17,17
860,59,60,-1,1
861,155,147,8,8
862,207,162,45,45
863,129,113,16,16
864,115,105,10,10
865,108,98,10,10
866,162,145,17,17
867,69,77,-8,8
868,62,76,-14,14
869,79,93,-14,14
870,57,62,-5,5
871,90,88,2,2
872,98,93,5,5
873,108,103,5,5
874,80,98,-18,18
875,114,103,11,11
876,57,60,-3,3
877,41,106,-65,65
878,90,87,3,3
879,84,74,10,10
880,87,88,-1,1
881,70,80,-10,10
882,109,105,4,4
883,76,76,0,0
884,62,61,1,1
885,83,81,2,2
886,124,129,-5,5
887,122,122,0,0
888,55,58,-3,3
889,108,115,-7,7
890,109,110,-1,1
891,52,63,-11,11
892,134,113,21,21
893,60,58,2,2
894,71,73,-2,2
895,123,116,7,7
896,60,67,-7,7
897,140,130,10,10
898,109,94,15,15
899,150,156,-6,6
900,74,78,-4,4
901,94,85,9,9
902,71,76,-5,5
903,139,126,13,13
904,87,98,-11,11
905,72,75,-3,3
906,53,56,-3,3
907,163,143,20,20
908,111,93,18,18
909,70,67,3,3
910,46,53,-7,7
911,138,135,3,3
912,127,117,10,10
913,70,81,-11,11
914,107,114,-7,7
915,64,65,-1,1
916,69,80,-11,11
917,196,173,23,23
918,136,139,-3,3
919,52,58,-6,6
920,79,84,-5,5
921,109,114,-5,5
922,78,80,-2,2
923,115,109,6,6
924,77,83,-6,6
925,110,104,6,6
926,74,71,3,3
927,49,53,-4,4
928,55,61,-6,6
929,145,129,16,16
930,119,112,7,7
931,96,94,2,2
932,196,176,20,20
933,72,78,-6,6
934,90,99,-9,9
935,62,101,-39,39
936,118,103,15,15
937,137,137,0,0
938,79,80,-1,1
939,152,137,15,15
940,87,96,-9,9
941,112,110,2,2
942,62,67,-5,5
943,72,78,-6,6
944,109,105,4,4
945,83,82,1,1
946,68,68,0,0
947,97,96,1,1
948,59,64,-5,5
949,173,146,27,27
950,73,72,1,1
951,85,90,-5,5
952,62,66,-4,4
953,75,74,1,1
954,90,90,0,0
955,93,94,-1,1
956,98,97,1,1
957,116,108,8,8
958,50,51,-1,1
959,106,104,2,2
960,114,101,13,13
961,98,92,6,6
962,184,171,13,13
963,69,75,-6,6
964,147,138,9,9
965,29,62,-33,33
966,108,114,-6,6
967,65,73,-8,8
968,96,92,4,4
969,84,88,-4,4
970,70,70,0,0
971,162,148,14,14
972,112,113,-1,1
973,71,71,0,0
974,139,121,18,18
975,72,80,-8,8
976,68,73,-5,5
977,76,80,-4,4
978,87,89,-2,2
979,52,55,-3,3
980,115,108,7,7
981,161,145,16,16
982,88,79,9,9
983,107,103,4,4
984,84,78,6,6
985,90,86,4,4
986,55,62,-7,7
987,138,126,12,12
988,90,85,5,5
989,114,103,11,11
990,111,121,-10,10
991,44,49,-5,5
992,111,115,-4,4
993,128,107,21,21
994,98,93,5,5
995,93,84,9,9
996,74,74,0,0
997,130,126,4,4
998,82,91,-9,9
999,178,152,26,26
1000,42,51,-9,9
1001,96,90,6,6
1002,39,54,-15,15
1003,75,79,-4,4
1004,147,140,7,7
1005,102,102,0,0
1006,212,179,33,33
1007,64,67,-3,3
1008,91,89,2,2
1009,39,45,-6,6
1010,92,101,-9,9
1011,159,145,14,14
1012,119,107,12,12
1013,128,122,6,6
1014,125,119,6,6
1015,63,69,-6,6
1016,117,107,10,10
1017,117,118,-1,1
1018,35,46,-11,11
1019,108,106,2,2
1020,108,101,7,7
1021,77,77,0,0
1022,88,88,0,0
1023,45,56,-11,11
1024,88,96,-8,8
1025,110,99,11,11
1026,93,88,5,5
1027,77,82,-5,5
1028,144,135,9,9
1029,63,71,-8,8
1030,56,55,1,1
1031,143,130,13,13
1032,119,127,-8,8
1033,85,82,3,3
1034,94,90,4,4
1035,115,116,-1,1
1036,117,115,2,2
1037,71,70,1,1
1038,79,82,-3,3
1039,119,89,30,30
1040,78,79,-1,1
1041,101,109,-8,8
1042,89,95,-6,6
1043,91,96,-5,5
1044,112,107,5,5
1045,131,128,3,3
1046,43,52,-9,9
1047,162,151,11,11
1048,55,62,-7,7
1049,116,113,3,3
1050,49,55,-6,6
1051,88,80,8,8
1052,108,103,5,5
1053,72,69,3,3
1054,115,107,8,8
1055,55,60,-5,5
1056,146,129,17,17
1057,97,80,17,17
1058,81,81,0,0
1059,146,132,14,14
1060,133,122,11,11
1061,62,69,-7,7
1062,148,139,9,9
1063,98,89,9,9
1064,81,73,8,8
1065,73,77,-4,4
1066,81,76,5,5
1067,148,140,8,8
1068,141,123,18,18
1069,56,54,2,2
1070,123,117,6,6
1071,83,80,3,3
1072,117,116,1,1
1073,99,99,0,0
1074,99,105,-6,6
1075,64,67,-3,3
1076,92,88,4,4
1077,40,46,-6,6
1078,183,154,29,29
1079,44,62,-18,18
1080,115,110,5,5
1081,49,55,-6,6
1082,127,118,9,9
1083,155,135,20,20
1084,81,89,-8,8
1085,92,87,5,5
1086,74,67,7,7
1087,108,107,1,1
1088,57,63,-6,6
1089,61,68,-7,7
1090,125,124,1,1
1091,97,89,8,8
1092,60,93,-33,33
1093,78,78,0,0
1094,71,81,-10,10
1095,84,86,-2,2
1096,177,157,20,20
1097,80,77,3,3
1098,130,131,-1,1
1099,81,85,-4,4
1100,88,90,-2,2
1101,56,60,-4,4
1102,149,139,10,10
1103,92,83,9,9
1104,90,90,0,0
1105,45,55,-10,10
1106,63,73,-10,10
1107,92,92,0,0
1108,124,121,3,3
1109,140,135,5,5
1110,122,130,-8,8
1111,47,53,-6,6
1112,67,74,-7,7
1113,199,172,27,27
1114,110,128,-18,18
1115,78,85,-7,7
1116,42,48,-6,6
1117,51,58,-7,7
1118,183,149,34,34
1119,160,154,6,6
1120,117,112,5,5
1121,70,74,-4,4
1122,90,84,6,6
1123,101,105,-4,4
1124,73,76,-3,3
1125,64,68,-4,4
1126,69,71,-2,2
1127,98,97,1,1
1128,121,117,4,4
1129,83,83,0,0
1130,170,161,9,9
1131,80,80,0,0
1132,68,72,-4,4
1133,130,136,-6,6
1134,66,74,-8,8
1135,65,85,-20,20
1136,95,93,2,2
1137,99,97,2,2
1138,95,113,-18,18
1139,174,159,15,15
1140,154,131,23,23
1141,121,106,15,15
1142,109,96,13,13
1143,87,101,-14,14
1144,61,56,5,5
1145,96,97,-1,1
1146,96,93,3,3
1147,118,113,5,5
1148,97,91,6,6
1149,105,98,7,7
1150,87,86,1,1
1151,104,94,10,10
1152,80,88,-8,8
1153,54,63,-9,9
1154,92,89,3,3
1155,48,56,-8,8
1156,78,84,-6,6
1157,136,118,18,18
1158,139,123,16,16
1159,61,103,-42,42
1160,83,84,-1,1
1161,103,107,-4,4
1162,128,122,6,6
1163,131,124,7,7
1164,76,74,2,2
1165,74,68,6,6
1166,135,131,4,4
1167,73,77,-4,4
1168,115,118,-3,3
1169,81,87,-6,6
1170,140,130,10,10
1171,69,75,-6,6
1172,46,57,-11,11
1173,109,103,6,6
1174,197,166,31,31
1175,111,117,-6,6
1176,100,98,2,2
1177,77,75,2,2
1178,66,71,-5,5
1179,67,71,-4,4
1180,120,133,-13,13
1181,349,328,21,21
1182,78,76,2,2
1183,118,119,-1,1
1184,51,66,-15,15
1185,82,86,-4,4
1186,49,51,-2,2
1187,72,75,-3,3
1188,112,259,-147,147
1189,140,116,24,24
1190,69,64,5,5
1191,94,95,-1,1
1192,69,72,-3,3
1193,96,99,-3,3
1194,77,110,-33,33
1195,92,100,-8,8
1196,141,142,-1,1
1197,94,89,5,5
1198,92,82,10,10
1199,96,110,-14,14
1200,69,66,3,3
1201,35,52,-17,17
1202,78,78,0,0
1203,113,109,4,4
1204,99,89,10,10
1205,108,105,3,3
1206,118,106,12,12
1207,95,91,4,4
1208,106,108,-2,2
1209,101,82,19,19
1210,77,89,-12,12
1211,97,91,6,6
1212,86,83,3,3
1213,60,65,-5,5
1214,101,106,-5,5
1215,105,95,10,10
1216,73,77,-4,4
1217,90,87,3,3
1218,121,109,12,12
1219,80,86,-6,6
1220,85,91,-6,6
1221,158,153,5,5
1222,75,79,-4,4
1223,70,77,-7,7
1224,66,72,-6,6
1225,107,104,3,3
1226,182,167,15,15
1227,134,126,8,8
1228,103,98,5,5
1229,69,75,-6,6
1230,95,88,7,7
1231,33,43,-10,10
1232,58,61,-3,3
1233,63,72,-9,9
1234,115,98,17,17
1235,111,99,12,12
1236,128,114,14,14
1237,141,125,16,16
1238,50,58,-8,8
1239,129,107,22,22
1240,49,63,-14,14
1241,91,88,3,3
1242,131,116,15,15
1243,120,104,16,16
1244,91,88,3,3
1245,108,108,0,0
1246,70,76,-6,6
1247,51,54,-3,3
1248,92,98,-6,6
1249,77,76,1,1
1250,149,132,17,17
1251,117,103,14,14
1252,144,134,10,10
1253,82,74,8,8
1254,107,107,0,0
1255,51,55,-4,4
1256,55,63,-8,8
1257,101,100,1,1
1258,99,92,7,7
1259,114,103,11,11
1260,55,68,-13,13
1261,83,82,1,1
1262,174,161,13,13
1263,136,125,11,11
1264,89,94,-5,5
1265,67,77,-10,10
1266,81,83,-2,2
1267,122,120,2,2
1268,74,84,-10,10
1269,149,159,-10,10
1270,62,69,-7,7
1271,64,73,-9,9
1272,85,90,-5,5
1273,163,139,24,24
1274,72,81,-9,9
1275,62,62,0,0
1276,50,59,-9,9
1277,57,67,-10,10
1278,82,91,-9,9
1279,58,63,-5,5
1280,51,55,-4,4
1281,63,72,-9,9
1282,125,117,8,8
1283,78,86,-8,8
1284,57,59,-2,2
1285,65,68,-3,3
1286,111,114,-3,3
1287,90,83,7,7
1288,107,104,3,3
1289,81,78,3,3
1290,133,108,25,25
1291,111,114,-3,3
1292,64,75,-11,11
1293,56,76,-20,20
1294,51,62,-11,11
1295,64,69,-5,5
1296,156,146,10,10
1297,96,103,-7,7
1298,94,88,6,6
1299,65,93,-28,28
1300,167,150,17,17
1301,44,52,-8,8
1302,255,206,49,49
1303,80,76,4,4
1304,142,129,13,13
1305,73,65,8,8
1306,114,103,11,11
1307,81,75,6,6
1308,66,70,-4,4
1309,91,89,2,2
1310,106,95,11,11
1311,84,89,-5,5
1312,120,120,0,0
1313,115,108,7,7
1314,130,121,9,9
1315,192,181,11,11
1316,150,134,16,16
1317,87,88,-1,1
1318,69,74,-5,5
1319,170,168,2,2
1320,99,94,5,5
1321,72,79,-7,7
1322,106,99,7,7
1323,142,117,25,25
1324,44,54,-10,10
1325,87,93,-6,6
1326,72,79,-7,7
1327,116,104,12,12
1328,66,70,-4,4
1329,43,47,-4,4
1330,145,136,9,9
1331,92,88,4,4
1332,86,91,-5,5
1333,87,95,-8,8
1334,71,72,-1,1
1335,136,122,14,14
1336,73,80,-7,7
1337,81,86,-5,5
1338,65,65,0,0
1339,97,88,9,9
1340,61,65,-4,4
1341,76,69,7,7
1342,55,58,-3,3
1343,100,95,5,5
1344,120,117,3,3
1345,110,118,-8,8
1346,103,100,3,3
1347,57,63,-6,6
1348,95,84,11,11
1349,82,87,-5,5
1350,105,112,-7,7
1351,68,74,-6,6
1352,177,159,18,18
1353,97,94,3,3
1354,150,128,22,22
1355,38,49,-11,11
1356,85,83,2,2
1357,79,81,-2,2
1358,78,82,-4,4
1359,98,98,0,0
1360,138,129,9,9
1361,92,83,9,9
1362,110,103,7,7
1363,135,140,-5,5
1364,96,97,-1,1
1365,107,97,10,10
1366,84,89,-5,5
1367,82,78,4,4
1368,87,103,-16,16
1369,58,64,-6,6
1370,55,57,-2,2
1371,69,77,-8,8
1372,193,171,22,22
1373,102,106,-4,4
1374,105,97,8,8
1375,74,89,-15,15
1376,122,135,-13,13
1377,85,83,2,2
1378,103,97,6,6
1379,139,123,16,16
1380,91,86,5,5
1381,84,94,-10,10
1382,155,137,18,18
1383,73,72,1,1
1384,141,119,22,22
1385,70,70,0,0
1386,93,84,9,9
1387,100,90,10,10
1388,96,93,3,3
1389,56,64,-8,8
1390,93,112,-19,19
1391,97,111,-14,14
1392,43,49,-6,6
1393,58,60,-2,2
1394,107,100,7,7
1395,118,111,7,7
1396,64,59,5,5
1397,114,99,15,15
1398,84,79,5,5
1399,68,74,-6,6
1400,170,147,23,23
1401,121,116,5,5
1402,180,166,14,14
1403,81,82,-1,1
1404,131,119,12,12
1405,166,155,11,11
1406,83,84,-1,1
1407,107,96,11,11
1408,95,96,-1,1
1409,88,77,11,11
1410,149,135,14,14
1411,160,153,7,7
1412,112,109,3,3
1413,145,143,2,2
1414,38,43,-5,5
1415,104,96,8,8
1416,125,125,0,0
1417,86,85,1,1
1418,105,99,6,6
1419,44,54,-10,10
1420,116,101,15,15
1421,136,122,14,14
1422,149,134,15,15
1423,135,105,30,30
1424,51,55,-4,4
1425,94,100,-6,6
1426,88,97,-9,9
1427,128,126,2,2
1428,148,138,10,10
1429,103,107,-4,4
1430,59,64,-5,5
1431,75,76,-1,1
1432,83,82,1,1
1433,73,74,-1,1
1434,75,95,-20,20
1435,74,82,-8,8
1436,85,85,0,0
1437,74,72,2,2
1438,99,96,3,3
1439,122,117,5,5
1440,130,126,4,4
1441,61,68,-7,7
1442,48,52,-4,4
1443,111,116,-5,5
1444,58,58,0,0
1445,61,76,-15,15
1446,129,126,3,3
1447,55,59,-4,4
1448,159,145,14,14
1449,81,80,1,1
1450,44,55,-11,11
1451,64,64,0,0
1452,105,96,9,9
1453,131,125,6,6
1454,188,168,20,20
1455,107,100,7,7
1456,74,78,-4,4
1457,155,159,-4,4
1458,93,89,4,4
1459,125,118,7,7
1460,113,115,-2,2
1461,81,80,1,1
1462,73,72,1,1
1463,78,76,2,2
1464,124,107,17,17
1465,68,75,-7,7
1466,90,92,-2,2
1467,108,95,13,13
1468,73,73,0,0
1469,92,89,3,3
1470,118,114,4,4
1471,70,66,4,4
1472,98,101,-3,3
1473,70,68,2,2
1474,72,75,-3,3
1475,107,94,13,13
1476,112,106,6,6
1477,118,112,6,6
1478,86,83,3,3
1479,114,96,18,18
1480,121,108,13,13
1481,120,104,16,16
1482,275,197,78,78
1483,98,90,8,8
1484,95,105,-10,10
1485,80,75,5,5
1486,126,125,1,1
1487,98,98,0,0
1488,133,144,-11,11
1489,61,66,-5,5
1490,129,116,13,13
1491,117,110,7,7
1492,54,77,-23,23
1493,54,62,-8,8
1494,48,57,-9,9
1495,85,81,4,4
1496,56,78,-22,22
1497,77,87,-10,10
1498,140,122,18,18
1499,69,72,-3,3
1500,88,87,1,1
1501,107,106,1,1
1502,81,81,0,0
1503,134,116,18,18
1504,80,80,0,0
1505,121,114,7,7
1506,111,103,8,8
1507,72,77,-5,5
1508,155,152,3,3
1509,61,67,-6,6
1510,70,76,-6,6
1511,55,60,-5,5
1512,74,76,-2,2
1513,151,143,8,8
1514,38,47,-9,9
1515,164,173,-9,9
1516,66,78,-12,12
1517,58,59,-1,1
1518,66,70,-4,4
1519,116,100,16,16
1520,71,88,-17,17
1521,99,99,0,0
1522,108,112,-4,4
1523,77,81,-4,4
1524,56,64,-8,8
1525,126,108,18,18
1526,117,109,8,8
1527,71,68,3,3
1528,80,76,4,4
1529,69,72,-3,3
1530,76,76,0,0
1531,137,131,6,6
1532,184,163,21,21
1533,131,114,17,17
1534,149,136,13,13
1535,95,93,2,2
1536,122,116,6,6
1537,54,56,-2,2
1538,88,92,-4,4
1539,83,85,-2,2
1540,69,76,-7,7
1541,87,98,-11,11
1542,156,148,8,8
1543,118,117,1,1
1544,55,63,-8,8
1545,83,83,0,0
1546,81,95,-14,14
1547,101,109,-8,8
1548,73,75,-2,2
1549,105,103,2,2
1550,82,88,-6,6
1551,65,70,-5,5
1552,78,79,-1,1
1553,115,107,8,8
1554,133,117,16,16
1555,58,71,-13,13
1556,108,108,0,0
1557,128,122,6,6
1558,136,116,20,20
1559,37,48,-11,11
1560,95,99,-4,4
1561,121,114,7,7
1562,87,82,5,5
1563,100,112,-12,12
1564,89,83,6,6
1565,126,125,1,1
1566,109,120,-11,11
1567,103,96,7,7
1568,150,134,16,16
1569,94,120,-26,26
1570,148,152,-4,4
1571,60,65,-5,5
1572,70,72,-2,2
1573,131,130,1,1
1574,70,68,2,2
1575,95,97,-2,2
1576,66,79,-13,13
1577,86,77,9,9
1578,91,86,5,5
1579,75,83,-8,8
1580,46,55,-9,9
1581,100,101,-1,1
1582,98,92,6,6
1583,92,84,8,8
1584,112,100,12,12
1585,167,151,16,16
1586,90,95,-5,5
1587,109,100,9,9
1588,93,106,-13,13
1589,61,67,-6,6
1590,123,114,9,9
1591,93,94,-1,1
1592,74,69,5,5
1593,36,45,-9,9
1594,89,83,6,6
1595,144,148,-4,4
1596,80,81,-1,1
1597,114,108,6,6
1598,106,104,2,2
1599,57,64,-7,7
1600,70,81,-11,11
1601,112,110,2,2
1602,92,87,5,5
1603,106,96,10,10
1604,122,122,0,0
1605,128,113,15,15
1606,109,105,4,4
1607,75,75,0,0
1608,120,109,11,11
1609,60,60,0,0
1610,137,120,17,17
1611,78,81,-3,3
1612,93,95,-2,2
1613,91,89,2,2
1614,84,82,2,2
1615,137,127,10,10
1616,43,55,-12,12
1617,74,69,5,5
1618,77,78,-1,1
1619,114,108,6,6
1620,104,89,15,15
1621,101,107,-6,6
1622,43,48,-5,5
1623,106,102,4,4
1624,90,87,3,3
1625,114,115,-1,1
1626,82,74,8,8
1627,62,73,-11,11
1628,112,105,7,7
1629,46,58,-12,12
1630,104,93,11,11
1631,106,102,4,4
1632,62,63,-1,1
1633,123,118,5,5
1634,95,95,0,0
1635,64,72,-8,8
1636,76,85,-9,9
1637,104,100,4,4
1638,126,120,6,6
1639,144,131,13,13
1640,119,116,3,3
1641,74,71,3,3
1642,51,61,-10,10
1643,91,94,-3,3
1644,86,95,-9,9
1645,95,88,7,7
1646,72,75,-3,3
1647,162,150,12,12
1648,87,82,5,5
1649,91,92,-1,1
1650,122,129,-7,7
1651,70,74,-4,4
1652,106,110,-4,4
1653,89,97,-8,8
1654,59,58,1,1
1655,44,51,-7,7
1656,74,68,6,6
1657,77,79,-2,2
1658,135,124,11,11
1659,107,102,5,5
1660,64,66,-2,2
1661,52,71,-19,19
1662,61,66,-5,5
1663,74,75,-1,1
1664,87,99,-12,12
1665,106,98,8,8
1666,64,66,-2,2
1667,70,76,-6,6
1668,77,81,-4,4
1669,62,64,-2,2
1670,67,68,-1,1
1671,109,104,5,5
1672,118,114,4,4
1673,74,83,-9,9
1674,100,97,3,3
1675,83,97,-14,14
1676,83,76,7,7
1677,121,110,11,11
1678,79,85,-6,6
1679,46,53,-7,7
1680,92,83,9,9
1681,102,97,5,5
1682,103,93,10,10
1683,64,62,2,2
1684,101,95,6,6
1685,105,99,6,6
1686,55,62,-7,7
1687,66,67,-1,1
1688,60,65,-5,5
1689,62,69,-7,7
1690,150,147,3,3
1691,84,88,-4,4
1692,98,105,-7,7
1693,59,67,-8,8
1694,57,65,-8,8
1695,88,118,-30,30
1696,146,143,3,3
1697,58,64,-6,6
1698,73,71,2,2
1699,192,170,22,22
1700,58,58,0,0
1701,97,87,10,10
1702,84,82,2,2
1703,149,135,14,14
1704,162,139,23,23
1705,53,69,-16,16
1706,48,61,-13,13
1707,103,109,-6,6
1708,64,67,-3,3
1709,85,82,3,3
1710,64,70,-6,6
1711,73,74,-1,1
1712,72,70,2,2
1713,136,117,19,19
1714,103,97,6,6
1715,161,148,13,13
1716,89,86,3,3
1717,102,93,9,9
1718,66,107,-41,41
1719,87,83,4,4
1720,101,98,3,3
1721,90,95,-5,5
1722,108,110,-2,2
1723,59,67,-8,8
1724,118,110,8,8
1725,56,60,-4,4
1726,195,173,22,22
1727,70,69,1,1
1728,90,90,0,0
1729,108,110,-2,2
1730,118,127,-9,9
1731,74,77,-3,3
1732,115,107,8,8
1733,31,40,-9,9
1734,121,123,-2,2
1735,43,49,-6,6
1736,78,75,3,3
1737,63,69,-6,6
1738,57,58,-1,1
1739,53,62,-9,9
1740,63,69,-6,6
1741,88,86,2,2
1742,80,87,-7,7
1743,133,132,1,1
1744,90,83,7,7
1745,130,128,2,2
1746,70,72,-2,2
1747,169,144,25,25
1748,45,55,-10,10
1749,171,157,14,14
1750,84,83,1,1
1751,95,98,-3,3
1752,73,80,-7,7
1753,59,64,-5,5
1754,82,90,-8,8
1755,101,94,7,7
1756,77,88,-11,11
1757,57,67,-10,10
1758,97,91,6,6
1759,69,73,-4,4
1760,82,74,8,8
1761,60,80,-20,20
1762,70,73,-3,3
1763,79,83,-4,4
1764,127,119,8,8
1765,92,102,-10,10
1766,119,117,2,2
1767,59,63,-4,4
1768,66,74,-8,8
1769,44,56,-12,12
1770,46,49,-3,3
1771,129,111,18,18
1772,93,84,9,9
1773,98,120,-22,22
1774,89,86,3,3
1775,74,74,0,0
1776,96,97,-1,1
1777,103,92,11,11
1778,84,89,-5,5
1779,75,75,0,0
1780,167,145,22,22
1781,85,85,0,0
1782,108,111,-3,3
1783,59,64,-5,5
1784,101,100,1,1
1785,76,77,-1,1
1786,118,111,7,7
1787,67,70,-3,3
1788,53,68,-15,15
1789,108,106,2,2
1790,103,102,1,1
1791,130,138,-8,8
1792,83,85,-2,2
1793,52,67,-15,15
1794,79,84,-5,5
1795,80,87,-7,7
1796,88,70,18,18
1797,55,63,-8,8
1798,53,60,-7,7
1799,116,105,11,11
1800,103,98,5,5
1801,73,79,-6,6
1802,72,75,-3,3
1803,155,139,16,16
1804,205,189,16,16
1805,55,60,-5,5
1806,119,112,7,7
1807,93,87,6,6
1808,81,83,-2,2
1809,93,91,2,2
1810,121,120,1,1
1811,62,64,-2,2
1812,61,68,-7,7
1813,113,109,4,4
1814,79,76,3,3
1815,130,131,-1,1
1816,68,78,-10,10
1817,81,80,1,1
1818,114,102,12,12
1819,101,88,13,13
1820,63,60,3,3
1821,87,99,-12,12
1822,117,113,4,4
1823,114,112,2,2
1824,109,103,6,6
1825,96,92,4,4
1826,54,63,-9,9
1827,132,122,10,10
1828,85,97,-12,12
1829,70,69,1,1
1830,60,57,3,3
1831,68,71,-3,3
1832,48,51,-3,3
1833,75,80,-5,5
1834,126,116,10,10
1835,106,99,7,7
1836,60,63,-3,3
1837,70,66,4,4
1838,52,55,-3,3
1839,86,80,6,6
1840,74,72,2,2
1841,118,108,10,10
1842,43,54,-11,11
1843,207,181,26,26
1844,97,89,8,8
1845,78,78,0,0
1846,100,101,-1,1
1847,108,95,13,13
1848,73,74,-1,1
1849,151,139,12,12
1850,45,54,-9,9
1851,81,77,4,4
1852,68,72,-4,4
1853,140,144,-4,4
1854,121,109,12,12
1855,88,101,-13,13
1856,42,52,-10,10
1857,76,81,-5,5
1858,89,85,4,4
1859,61,66,-5,5
1860,98,92,6,6
1861,78,82,-4,4
1862,54,63,-9,9
1863,128,143,-15,15
1864,160,148,12,12
1865,65,71,-6,6
1866,109,103,6,6
1867,149,151,-2,2
1868,112,104,8,8
1869,78,76,2,2
1870,61,61,0,0
1871,82,78,4,4
1872,54,56,-2,2
1873,45,58,-13,13
1874,102,97,5,5
1875,92,90,2,2
1876,121,117,4,4
1877,119,113,6,6
1878,84,80,4,4
1879,99,100,-1,1
1880,116,116,0,0
1881,119,109,10,10
1882,157,148,9,9
1883,119,105,14,14
1884,92,87,5,5
1885,60,71,-11,11
1886,101,100,1,1
1887,90,92,-2,2
1888,132,132,0,0
1889,156,143,13,13
1890,101,98,3,3
1891,88,85,3,3
1892,141,112,29,29
1893,56,64,-8,8
1894,85,77,8,8
1895,182,156,26,26
1896,127,110,17,17
1897,76,75,1,1
1898,83,78,5,5
1899,59,64,-5,5
1900,33,45,-12,12
1901,38,45,-7,7
1902,90,81,9,9
1903,87,100,-13,13
1904,81,90,-9,9
1905,123,121,2,2
1906,111,106,5,5
1907,207,202,5,5
1908,140,136,4,4
1909,90,85,5,5
1910,67,74,-7,7
1911,102,130,-28,28
1912,65,68,-3,3
1913,81,84,-3,3
1914,75,76,-1,1
1915,93,96,-3,3
1916,87,100,-13,13
1917,183,157,26,26
1918,95,95,0,0
1919,200,185,15,15
1920,95,93,2,2
1921,199,176,23,23
1922,87,42,45,45
1923,56,60,-4,4
1924,55,67,-12,12
1925,90,96,-6,6
1926,64,72,-8,8
1927,57,62,-5,5
1928,179,177,2,2
1929,78,77,1,1
1930,54,61,-7,7
1931,112,104,8,8
1932,69,85,-16,16
1933,73,80,-7,7
1934,64,71,-7,7
1935,65,73,-8,8
1936,63,66,-3,3
1937,159,147,12,12
1938,71,78,-7,7
1939,90,85,5,5
1940,116,110,6,6
1941,110,105,5,5
1942,80,84,-4,4
1943,116,116,0,0
1944,101,105,-4,4
1945,145,135,10,10
1946,144,140,4,4
1947,163,141,22,22
1948,115,121,-6,6
1949,115,119,-4,4
1950,102,107,-5,5
1951,105,89,16,16
1952,61,63,-2,2
1953,74,76,-2,2
1954,88,86,2,2
1955,86,78,8,8
1956,98,98,0,0
1957,113,108,5,5
1958,82,75,7,7
1959,124,105,19,19
1960,76,74,2,2
1961,137,135,2,2
1962,88,98,-10,10
1963,130,118,12,12
1964,75,71,4,4
1965,97,84,13,13
1966,114,118,-4,4
1967,92,89,3,3
1968,106,102,4,4
1969,89,92,-3,3
1970,72,92,-20,20
1971,92,91,1,1
1972,66,68,-2,2
1973,26,35,-9,9
1974,106,98,8,8
1975,82,85,-3,3
1976,112,108,4,4
1977,94,88,6,6
1978,106,101,5,5
1979,114,106,8,8
1980,85,100,-15,15
1981,144,145,-1,1
1982,137,123,14,14
1983,56,66,-10,10
1984,62,57,5,5
1985,65,73,-8,8
1986,71,78,-7,7
1987,78,88,-10,10
1988,66,63,3,3
1989,106,104,2,2
1990,74,96,-22,22
1991,46,115,-69,69
1992,140,126,14,14
1993,129,118,11,11
1994,83,84,-1,1
1995,81,84,-3,3
1996,49,55,-6,6
1997,124,116,8,8
1998,42,47,-5,5
1999,89,86,3,3
2000,101,93,8,8
2001,184,185,-1,1
2002,113,105,8,8
2003,212,187,25,25
2004,120,108,12,12
2005,95,93,2,2
2006,120,117,3,3
2007,97,95,2,2
2008,72,74,-2,2
2009,80,71,9,9
2010,87,96,-9,9
2011,100,96,4,4
2012,185,170,15,15
2013,90,91,-1,1
2014,77,81,-4,4
2015,67,73,-6,6
2016,63,70,-7,7
2017,74,76,-2,2
2018,104,95,9,9
2019,129,125,4,4
2020,73,74,-1,1
2021,128,120,8,8
2022,64,69,-5,5
2023,88,80,8,8
2024,47,60,-13,13
2025,68,68,0,0
2026,75,73,2,2
2027,75,77,-2,2
2028,80,84,-4,4
2029,61,68,-7,7
2030,74,76,-2,2
2031,79,84,-5,5
2032,62,72,-10,10
2033,121,122,-1,1
2034,77,79,-2,2
2035,104,98,6,6
2036,116,111,5,5
2037,61,78,-17,17
2038,86,83,3,3
2039,83,90,-7,7
2040,119,113,6,6
2041,109,113,-4,4
2042,83,96,-13,13
2043,66,72,-6,6
2044,112,109,3,3
2045,110,107,3,3
2046,115,125,-10,10
2047,97,97,0,0
2048,115,110,5,5
2049,78,84,-6,6
2050,58,63,-5,5
2051,98,101,-3,3
2052,104,99,5,5
2053,109,99,10,10
2054,143,130,13,13
2055,98,96,2,2
2056,56,67,-11,11
2057,61,66,-5,5
2058,86,82,4,4
2059,73,76,-3,3
2060,101,97,4,4
2061,165,148,17,17
2062,64,70,-6,6
2063,62,62,0,0
2064,68,68,0,0
2065,101,101,0,0
2066,72,82,-10,10
2067,56,60,-4,4
2068,109,96,13,13
2069,63,63,0,0
2070,48,57,-9,9
2071,134,133,1,1
2072,91,98,-7,7
2073,80,84,-4,4
2074,112,105,7,7
2075,49,57,-8,8
2076,91,87,4,4
2077,75,81,-6,6
2078,86,77,9,9
2079,142,128,14,14
2080,79,75,4,4
2081,122,125,-3,3
2082,139,134,5,5
2083,79,74,5,5
2084,184,158,26,26
2085,134,157,-23,23
2086,99,93,6,6
2087,59,70,-11,11
2088,77,81,-4,4
2089,84,83,1,1
2090,116,116,0,0
2091,41,48,-7,7
2092,70,71,-1,1
2093,39,46,-7,7
2094,82,83,-1,1
2095,58,65,-7,7
2096,166,145,21,21
2097,71,76,-5,5
2098,119,110,9,9
2099,92,97,-5,5
2100,116,115,1,1
2101,121,109,12,12
2102,106,100,6,6
2103,82,80,2,2
2104,137,129,8,8
2105,113,114,-1,1
2106,84,88,-4,4
2107,136,121,15,15
2108,57,62,-5,5
2109,142,128,14,14
2110,55,58,-3,3
2111,82,81,1,1
2112,208,184,24,24
2113,101,88,13,13
2114,156,156,0,0
2115,175,154,21,21
2116,137,115,22,22
2117,105,120,-15,15
2118,84,88,-4,4
2119,78,80,-2,2
2120,115,103,12,12
2121,74,75,-1,1
2122,67,70,-3,3
2123,46,53,-7,7
2124,123,115,8,8
2125,68,69,-1,1
2126,110,111,-1,1
2127,95,93,2,2
2128,77,85,-8,8
2129,86,93,-7,7
2130,62,63,-1,1
2131,91,85,6,6
2132,76,80,-4,4
2133,92,81,11,11
2134,98,91,7,7
2135,108,104,4,4
2136,142,137,5,5
2137,111,86,25,25
2138,96,97,-1,1
2139,86,85,1,1
2140,138,127,11,11
2141,89,92,-3,3
2142,149,123,26,26
2143,82,85,-3,3
2144,135,128,7,7
2145,94,91,3,3
2146,79,83,-4,4
2147,84,85,-1,1
2148,44,84,-40,40
2149,46,64,-18,18
2150,96,94,2,2
2151,114,104,10,10
2152,57,63,-6,6
2153,79,77,2,2
2154,78,89,-11,11
2155,117,130,-13,13
2156,98,88,10,10
2157,57,59,-2,2
2158,99,88,11,11
2159,97,92,5,5
2160,98,88,10,10
2161,70,69,1,1
2162,102,105,-3,3
2163,82,85,-3,3
2164,81,81,0,0
2165,69,74,-5,5
2166,66,65,1,1
2167,97,84,13,13
2168,86,89,-3,3
2169,58,62,-4,4
2170,83,92,-9,9
2171,78,82,-4,4
2172,64,64,0,0
2173,127,99,28,28
2174,73,66,7,7
2175,70,81,-11,11
2176,93,100,-7,7
2177,116,112,4,4
2178,103,89,14,14
2179,44,51,-7,7
2180,84,93,-9,9
2181,116,98,18,18
2182,102,101,1,1
2183,56,57,-1,1
2184,117,114,3,3
2185,111,108,3,3
2186,82,89,-7,7
2187,115,105,10,10
2188,96,104,-8,8
2189,137,106,31,31
2190,111,108,3,3
2191,63,71,-8,8
2192,65,66,-1,1
2193,57,60,-3,3
2194,82,74,8,8
2195,64,85,-21,21
2196,100,99,1,1
2197,68,67,1,1
2198,57,67,-10,10
2199,76,73,3,3
2200,138,130,8,8
2201,61,72,-11,11
2202,80,86,-6,6
2203,98,100,-2,2
2204,137,131,6,6
2205,101,95,6,6
2206,122,122,0,0
2207,75,85,-10,10
2208,118,110,8,8
2209,87,90,-3,3
2210,116,104,12,12
2211,97,96,1,1
2212,147,156,-9,9
2213,74,72,2,2
2214,55,64,-9,9
2215,110,96,14,14
2216,93,93,0,0
2217,64,73,-9,9
2218,105,111,-6,6
2219,70,97,-27,27
2220,92,83,9,9
2221,63,66,-3,3
2222,93,93,0,0
2223,60,69,-9,9
2224,82,84,-2,2
2225,108,103,5,5
2226,118,115,3,3
2227,167,157,10,10
2228,112,106,6,6
2229,85,87,-2,2
2230,77,94,-17,17
2231,105,106,-1,1
2232,144,138,6,6
2233,159,151,8,8
2234,68,70,-2,2
2235,42,47,-5,5
2236,111,125,-14,14
2237,67,79,-12,12
2238,135,122,13,13
2239,45,61,-16,16
2240,79,77,2,2
2241,117,115,2,2
2242,94,90,4,4
2243,44,81,-37,37
2244,94,101,-7,7
2245,140,123,17,17
2246,98,93,5,5
2247,66,74,-8,8
2248,63,71,-8,8
2249,65,77,-12,12
2250,104,104,0,0
2251,92,96,-4,4
2252,86,92,-6,6
2253,81,84,-3,3
2254,77,86,-9,9
2255,78,79,-1,1
2256,48,60,-12,12
2257,39,45,-6,6
2258,47,48,-1,1
2259,94,101,-7,7
2260,161,149,12,12
2261,72,67,5,5
2262,35,47,-12,12
2263,89,99,-10,10
2264,69,92,-23,23
2265,102,105,-3,3
2266,79,96,-17,17
2267,107,96,11,11
2268,111,121,-10,10
2269,95,96,-1,1
2270,102,101,1,1
2271,89,96,-7,7
2272,65,66,-1,1
2273,108,105,3,3
2274,57,73,-16,16
2275,103,99,4,4
2276,151,120,31,31
2277,184,162,22,22
2278,78,78,0,0
2279,185,152,33,33
2280,63,72,-9,9
2281,131,124,7,7
2282,155,135,20,20
2283,87,81,6,6
2284,136,126,10,10
2285,104,104,0,0
2286,54,58,-4,4
2287,107,104,3,3
2288,64,65,-1,1
2289,68,72,-4,4
2290,90,93,-3,3
2291,65,75,-10,10
2292,86,94,-8,8
2293,78,79,-1,1
2294,72,68,4,4
2295,50,64,-14,14
2296,107,104,3,3
2297,101,200,-99,99
2298,104,98,6,6
2299,47,52,-5,5
2300,87,83,4,4
2301,102,104,-2,2
2302,103,95,8,8
2303,62,57,5,5
2304,57,64,-7,7
2305,68,75,-7,7
2306,109,107,2,2
2307,80,87,-7,7
2308,76,85,-9,9
2309,97,98,-1,1
2310,83,79,4,4
2311,116,110,6,6
2312,72,70,2,2
2313,49,61,-12,12
2314,108,107,1,1
2315,106,91,15,15
2316,135,119,16,16
2317,115,115,0,0
2318,111,102,9,9
2319,95,85,10,10
2320,56,69,-13,13
2321,154,131,23,23
2322,106,105,1,1
2323,71,76,-5,5
2324,92,86,6,6
2325,96,85,11,11
2326,75,80,-5,5
2327,127,109,18,18
2328,66,72,-6,6
2329,78,78,0,0
2330,148,144,4,4
2331,95,90,5,5
2332,145,122,23,23
2333,80,87,-7,7
2334,48,54,-6,6
2335,73,84,-11,11
2336,128,131,-3,3
2337,38,52,-14,14
2338,180,164,16,16
2339,63,67,-4,4
2340,60,63,-3,3
2341,149,145,4,4
2342,97,100,-3,3
2343,57,65,-8,8
2344,158,137,21,21
2345,85,90,-5,5
2346,83,77,6,6
2347,145,135,10,10
2348,76,76,0,0
2349,107,99,8,8
2350,177,160,17,17
2351,106,94,12,12
2352,73,76,-3,3
2353,43,51,-8,8
2354,141,117,24,24
2355,100,104,-4,4
2356,81,98,-17,17
2357,267,192,75,75
2358,69,71,-2,2
2359,114,113,1,1
2360,110,108,2,2
2361,107,108,-1,1
2362,95,85,10,10
2363,92,86,6,6
2364,166,143,23,23
2365,83,87,-4,4
2366,140,121,19,19
2367,102,95,7,7
2368,82,88,-6,6
2369,88,94,-6,6
2370,129,111,18,18
2371,171,162,9,9
2372,53,58,-5,5
2373,139,118,21,21
2374,131,114,17,17
2375,137,120,17,17
2376,65,70,-5,5
2377,83,87,-4,4
2378,191,175,16,16
2379,65,62,3,3
2380,197,178,19,19
2381,101,98,3,3
2382,147,138,9,9
2383,159,153,6,6
2384,46,53,-7,7
2385,151,141,10,10
2386,104,97,7,7
2387,132,131,1,1
2388,67,69,-2,2
2389,80,81,-1,1
2390,198,177,21,21
2391,116,127,-11,11
2392,72,104,-32,32
2393,152,140,12,12
2394,63,75,-12,12
2395,61,67,-6,6
2396,112,108,4,4
2397,96,88,8,8
2398,90,88,2,2
2399,118,116,2,2
2400,102,105,-3,3
2401,65,68,-3,3
2402,93,96,-3,3
2403,64,66,-2,2
2404,88,110,-22,22
2405,116,108,8,8
2406,94,101,-7,7
2407,96,104,-8,8
2408,83,97,-14,14
2409,125,122,3,3
2410,71,69,2,2
2411,147,148,-1,1
2412,117,116,1,1
2413,125,114,11,11
2414,65,64,1,1
2415,69,78,-9,9
2416,72,72,0,0
2417,80,83,-3,3
2418,73,72,1,1
2419,62,69,-7,7
2420,126,119,7,7
2421,56,62,-6,6
2422,90,97,-7,7
2423,95,100,-5,5
2424,67,74,-7,7
2425,37,50,-13,13
2426,128,117,11,11
2427,63,64,-1,1
2428,32,38,-6,6
2429,63,65,-2,2
2430,42,57,-15,15
2431,90,92,-2,2
2432,58,64,-6,6
2433,159,137,22,22
2434,114,119,-5,5
2435,76,82,-6,6
2436,71,72,-1,1
2437,91,89,2,2
2438,144,129,15,15
2439,71,72,-1,1
2440,70,77,-7,7
2441,109,108,1,1
2442,86,84,2,2
2443,114,112,2,2
2444,66,59,7,7
2445,92,84,8,8
2446,71,73,-2,2
2447,92,87,5,5
2448,137,145,-8,8
2449,73,85,-12,12
2450,73,76,-3,3
2451,101,93,8,8
2452,119,109,10,10
2453,97,96,1,1
2454,110,102,8,8
2455,69,70,-1,1
2456,81,78,3,3
2457,67,72,-5,5
2458,139,127,12,12
2459,88,86,2,2
2460,114,108,6,6
2461,64,65,-1,1
2462,86,85,1,1
2463,122,115,7,7
2464,122,111,11,11
2465,94,89,5,5
2466,128,127,1,1
2467,83,79,4,4
2468,92,89,3,3
2469,175,163,12,12
2470,141,135,6,6
2471,72,80,-8,8
2472,135,139,-4,4
2473,84,80,4,4
2474,123,112,11,11
2475,113,113,0,0
2476,135,127,8,8
2477,83,83,0,0
2478,58,67,-9,9
2479,146,143,3,3
2480,123,121,2,2
2481,50,56,-6,6
2482,67,79,-12,12
2483,80,85,-5,5
2484,136,127,9,9
2485,165,155,10,10
2486,84,79,5,5
2487,107,100,7,7
2488,151,145,6,6
2489,111,108,3,3
2490,51,63,-12,12
2491,78,81,-3,3
2492,145,120,25,25
2493,54,63,-9,9
2494,86,82,4,4
2495,93,92,1,1
2496,117,104,13,13
2497,52,58,-6,6
2498,84,91,-7,7
2499,196,186,10,10
2500,70,64,6,6
2501,166,159,7,7
2502,103,90,13,13
2503,67,81,-14,14
2504,54,58,-4,4
2505,91,92,-1,1
2506,124,119,5,5
2507,80,80,0,0
2508,111,108,3,3
2509,108,96,12,12
2510,134,132,2,2
2511,98,96,2,2
2512,64,88,-24,24
2513,73,76,-3,3
2514,94,96,-2,2
2515,61,75,-14,14
2516,90,94,-4,4
2517,102,98,4,4
2518,150,139,11,11
2519,97,100,-3,3
2520,76,76,0,0
2521,58,65,-7,7
2522,90,78,12,12
2523,70,72,-2,2
2524,65,70,-5,5
2525,78,80,-2,2
2526,53,63,-10,10
2527,83,76,7,7
2528,103,79,24,24
2529,74,74,0,0
2530,173,160,13,13
2531,63,70,-7,7
2532,104,101,3,3
2533,96,97,-1,1
2534,110,117,-7,7
2535,83,81,2,2
2536,89,90,-1,1
2537,95,103,-8,8
2538,74,83,-9,9
2539,55,56,-1,1
2540,117,113,4,4
2541,32,39,-7,7
2542,64,75,-11,11
2543,103,89,14,14
2544,121,120,1,1
2545,129,114,15,15
2546,90,97,-7,7
2547,119,143,-24,24
2548,105,93,12,12
2549,78,75,3,3
2550,159,140,19,19
2551,73,77,-4,4
2552,128,122,6,6
2553,149,146,3,3
2554,129,109,20,20
2555,87,93,-6,6
2556,69,76,-7,7
2557,120,111,9,9
2558,57,61,-4,4
2559,107,111,-4,4
2560,56,62,-6,6
2561,128,86,42,42
2562,153,133,20,20
2563,114,121,-7,7
2564,96,97,-1,1
2565,111,105,6,6
2566,130,127,3,3
2567,88,89,-1,1
2568,75,77,-2,2
2569,85,90,-5,5
2570,105,99,6,6
2571,48,54,-6,6
2572,98,97,1,1
2573,62,72,-10,10
2574,142,132,10,10
2575,91,79,12,12
2576,85,86,-1,1
2577,67,66,1,1
2578,116,108,8,8
2579,82,90,-8,8
2580,136,132,4,4
2581,145,127,18,18
2582,76,82,-6,6
2583,46,55,-9,9
2584,112,124,-12,12
2585,119,122,-3,3
2586,75,91,-16,16
2587,58,71,-13,13
2588,90,98,-8,8
2589,106,110,-4,4
2590,117,110,7,7
2591,97,94,3,3
2592,142,142,0,0
2593,156,144,12,12
2594,136,94,42,42
2595,73,81,-8,8
2596,98,86,12,12
2597,79,84,-5,5
2598,130,130,0,0
2599,114,112,2,2
2600,122,116,6,6
2601,87,81,6,6
2602,136,123,13,13
2603,157,142,15,15
2604,53,59,-6,6
2605,106,101,5,5
2606,62,69,-7,7
2607,87,91,-4,4
2608,75,74,1,1
2609,71,74,-3,3
2610,87,86,1,1
2611,81,81,0,0
2612,110,103,7,7
2613,119,115,4,4
2614,103,96,7,7
2615,65,64,1,1
2616,137,117,20,20
2617,66,77,-11,11
2618,78,75,3,3
2619,93,97,-4,4
2620,117,108,9,9
2621,95,92,3,3
2622,88,83,5,5
2623,102,91,11,11
2624,49,57,-8,8
2625,82,78,4,4
2626,70,75,-5,5
2627,78,86,-8,8
2628,75,74,1,1
2629,80,89,-9,9
2630,133,120,13,13
2631,82,84,-2,2
2632,147,105,42,42
2633,174,157,17,17
2634,65,70,-5,5
2635,95,93,2,2
2636,105,94,11,11
2637,72,71,1,1
2638,78,80,-2,2
2639,137,129,8,8
2640,153,142,11,11
2641,131,144,-13,13
2642,53,62,-9,9
2643,88,82,6,6
2644,74,78,-4,4
2645,62,67,-5,5
2646,97,104,-7,7
2647,121,115,6,6
2648,106,105,1,1
2649,76,103,-27,27
2650,103,102,1,1
2651,87,82,5,5
2652,67,66,1,1
2653,68,92,-24,24
2654,123,108,15,15
2655,68,68,0,0
2656,115,111,4,4
2657,116,103,13,13
2658,95,89,6,6
2659,57,67,-10,10
2660,106,100,6,6
2661,85,85,0,0
2662,106,93,13,13
2663,87,84,3,3
2664,86,87,-1,1
2665,84,86,-2,2
2666,60,64,-4,4
2667,99,102,-3,3
2668,84,103,-19,19
2669,60,64,-4,4
2670,134,116,18,18
2671,130,129,1,1
2672,78,76,2,2
2673,62,67,-5,5
2674,90,81,9,9
2675,105,107,-2,2
2676,104,103,1,1
2677,102,98,4,4
2678,125,121,4,4
2679,74,69,5,5
2680,100,98,2,2
2681,103,105,-2,2
2682,77,69,8,8
2683,86,85,1,1
2684,97,102,-5,5
2685,81,88,-7,7
2686,88,95,-7,7
2687,52,61,-9,9
2688,59,71,-12,12
2689,89,84,5,5
2690,51,68,-17,17
2691,45,59,-14,14
2692,103,110,-7,7
2693,70,79,-9,9
2694,148,141,7,7
2695,91,96,-5,5
2696,45,50,-5,5
2697,146,145,1,1
2698,119,116,3,3
2699,107,110,-3,3
2700,170,151,19,19
2701,62,65,-3,3
2702,130,107,23,23
2703,40,62,-22,22
2704,91,87,4,4
2705,61,66,-5,5
2706,72,68,4,4
2707,113,111,2,2
2708,120,97,23,23
2709,52,58,-6,6
2710,43,55,-12,12
2711,63,64,-1,1
2712,106,106,0,0
2713,109,106,3,3
2714,136,129,7,7
2715,100,99,1,1
2716,58,65,-7,7
2717,64,66,-2,2
2718,135,134,1,1
2719,125,120,5,5
2720,91,104,-13,13
2721,81,85,-4,4
2722,53,58,-5,5
2723,120,114,6,6
2724,96,96,0,0
2725,42,44,-2,2
2726,122,120,2,2
2727,67,66,1,1
2728,97,89,8,8
2729,65,69,-4,4
2730,86,92,-6,6
2731,72,71,1,1
2732,62,65,-3,3
2733,72,70,2,2
2734,83,74,9,9
2735,129,125,4,4
2736,109,104,5,5
2737,72,85,-13,13
2738,78,84,-6,6
2739,175,169,6,6
2740,125,117,8,8
2741,65,63,2,2
2742,122,114,8,8
2743,79,83,-4,4
2744,35,50,-15,15
2745,86,92,-6,6
2746,120,108,12,12
2747,96,95,1,1
2748,152,147,5,5
2749,114,116,-2,2
2750,94,98,-4,4
2751,67,70,-3,3
2752,94,96,-2,2
2753,145,121,24,24
2754,52,59,-7,7
2755,108,106,2,2
2756,86,95,-9,9
2757,91,92,-1,1
2758,132,127,5,5
2759,160,152,8,8
2760,94,86,8,8
2761,136,119,17,17
2762,46,50,-4,4
2763,76,71,5,5
2764,66,75,-9,9
2765,72,74,-2,2
2766,102,101,1,1
2767,77,80,-3,3
2768,56,63,-7,7
2769,139,138,1,1
2770,217,186,31,31
2771,105,106,-1,1
2772,86,80,6,6
2773,172,153,19,19
2774,131,126,5,5
2775,141,131,10,10
2776,85,90,-5,5
2777,68,66,2,2
2778,90,93,-3,3
2779,75,77,-2,2
2780,82,84,-2,2
2781,76,76,0,0
2782,92,91,1,1
2783,76,79,-3,3
2784,108,102,6,6
2785,99,95,4,4
2786,65,72,-7,7
2787,101,107,-6,6
2788,196,174,22,22
2789,80,85,-5,5
2790,130,126,4,4
2791,57,79,-22,22
2792,105,95,10,10
2793,83,86,-3,3
2794,75,90,-15,15
2795,37,46,-9,9
2796,92,100,-8,8
2797,70,71,-1,1
2798,35,34,1,1
2799,120,107,13,13
2800,87,77,10,10
2801,56,55,1,1
2802,84,83,1,1
2803,185,167,18,18
2804,95,87,8,8
2805,76,77,-1,1
2806,60,63,-3,3
2807,84,87,-3,3
2808,67,69,-2,2
2809,79,80,-1,1
2810,106,100,6,6
2811,121,114,7,7
2812,81,91,-10,10
2813,93,90,3,3
2814,150,140,10,10
2815,104,108,-4,4
2816,95,93,2,2
2817,120,107,13,13
2818,140,144,-4,4
2819,106,115,-9,9
2820,92,82,10,10
2821,75,77,-2,2
2822,69,83,-14,14
2823,78,76,2,2
2824,57,65,-8,8
2825,71,69,2,2
2826,110,102,8,8
2827,90,89,1,1
2828,58,61,-3,3
2829,52,59,-7,7
2830,108,107,1,1
2831,53,64,-11,11
2832,102,99,3,3
2833,89,94,-5,5
2834,158,142,16,16
2835,81,75,6,6
2836,93,101,-8,8
2837,127,116,11,11
2838,117,112,5,5
2839,105,97,8,8
2840,133,123,10,10
2841,106,97,9,9
2842,149,138,11,11
2843,117,111,6,6
2844,92,91,1,1
2845,74,76,-2,2
2846,156,143,13,13
2847,90,87,3,3
2848,116,114,2,2
2849,118,111,7,7
2850,109,108,1,1
2851,110,106,4,4
2852,84,92,-8,8
2853,120,106,14,14
2854,145,143,2,2
2855,64,68,-4,4
2856,95,108,-13,13
2857,54,62,-8,8
2858,109,101,8,8
2859,81,80,1,1
2860,74,78,-4,4
2861,123,123,0,0
2862,88,90,-2,2
2863,153,152,1,1
2864,119,123,-4,4
2865,100,95,5,5
2866,91,87,4,4
2867,85,74,11,11
2868,72,71,1,1
2869,137,122,15,15
2870,120,141,-21,21
2871,58,63,-5,5
2872,106,104,2,2
2873,100,92,8,8
2874,75,78,-3,3
2875,71,71,0,0
2876,90,85,5,5
2877,56,61,-5,5
2878,109,105,4,4
2879,97,101,-4,4
2880,95,90,5,5
2881,84,79,5,5
2882,64,67,-3,3
2883,79,78,1,1
2884,66,70,-4,4
2885,65,72,-7,7
2886,117,114,3,3
2887,143,136,7,7
2888,65,66,-1,1
2889,80,79,1,1
2890,111,114,-3,3
2891,116,111,5,5
2892,80,128,-48,48
2893,89,91,-2,2
2894,181,157,24,24
2895,95,88,7,7
2896,81,81,0,0
2897,172,148,24,24
2898,137,116,21,21
2899,83,85,-2,2
2900,98,98,0,0
2901,131,119,12,12
2902,75,77,-2,2
2903,160,149,11,11
2904,115,102,13,13
2905,124,128,-4,4
2906,121,108,13,13
2907,113,106,7,7
2908,116,107,9,9
2909,62,71,-9,9
2910,94,87,7,7
2911,92,91,1,1
2912,144,134,10,10
2913,37,93,-56,56
2914,65,73,-8,8
2915,159,165,-6,6
2916,76,73,3,3
2917,116,113,3,3
2918,79,77,2,2
2919,89,96,-7,7
2920,79,79,0,0
2921,100,106,-6,6
2922,92,87,5,5
2923,90,88,2,2
2924,53,60,-7,7
2925,97,103,-6,6
2926,148,137,11,11
2927,104,107,-3,3
2928,57,58,-1,1
2929,71,73,-2,2
2930,116,127,-11,11
2931,191,176,15,15
2932,122,113,9,9
2933,60,64,-4,4
2934,125,148,-23,23
2935,69,79,-10,10
2936,98,98,0,0
2937,131,114,17,17
2938,105,106,-1,1
2939,103,97,6,6
2940,60,68,-8,8
2941,67,70,-3,3
2942,118,111,7,7
2943,58,82,-24,24
2944,76,76,0,0
2945,109,97,12,12
2946,72,73,-1,1
2947,87,84,3,3
2948,57,66,-9,9
2949,85,87,-2,2
2950,78,84,-6,6
2951,88,81,7,7
2952,75,72,3,3
2953,124,112,12,12
2954,84,90,-6,6
2955,112,105,7,7
2956,98,90,8,8
2957,152,141,11,11
2958,54,60,-6,6
2959,121,121,0,0
2960,164,144,20,20
2961,58,63,-5,5
2962,164,152,12,12
2963,47,60,-13,13
2964,163,160,3,3
2965,104,97,7,7
2966,66,73,-7,7
2967,111,107,4,4
2968,60,70,-10,10
2969,45,50,-5,5
2970,98,91,7,7
2971,129,114,15,15
2972,94,93,1,1
2973,100,99,1,1
2974,88,93,-5,5
2975,79,82,-3,3
2976,73,78,-5,5
2977,125,116,9,9
2978,91,94,-3,3
2979,102,103,-1,1
2980,137,127,10,10
2981,186,172,14,14
2982,67,73,-6,6
2983,59,66,-7,7
2984,36,48,-12,12
2985,128,117,11,11
2986,80,77,3,3
2987,102,116,-14,14
2988,137,112,25,25
2989,58,55,3,3
2990,94,95,-1,1
2991,90,86,4,4
2992,110,100,10,10
2993,101,107,-6,6
2994,78,81,-3,3
2995,121,103,18,18
2996,87,83,4,4
2997,81,84,-3,3
2998,70,76,-6,6
2999,142,129,13,13
3000,93,94,-1,1
3001,98,87,11,11
3002,125,123,2,2
3003,65,66,-1,1
3004,126,126,0,0
3005,77,76,1,1
3006,79,85,-6,6
3007,85,88,-3,3
3008,65,66,-1,1
3009,74,80,-6,6
3010,124,125,-1,1
3011,112,100,12,12
3012,99,101,-2,2
3013,73,71,2,2
3014,97,96,1,1
3015,73,76,-3,3
3016,58,73,-15,15
3017,172,159,13,13
3018,91,91,0,0
3019,67,73,-6,6
3020,100,100,0,0
3021,110,108,2,2
3022,58,68,-10,10
3023,96,98,-2,2
3024,69,82,-13,13
3025,91,90,1,1
3026,64,69,-5,5
3027,71,77,-6,6
3028,49,69,-20,20
3029,88,95,-7,7
3030,147,121,26,26
3031,71,71,0,0
3032,117,108,9,9
3033,89,95,-6,6
3034,95,90,5,5
3035,78,83,-5,5
3036,82,94,-12,12
3037,72,78,-6,6
3038,137,111,26,26
3039,122,120,2,2
3040,115,105,10,10
3041,120,110,10,10
3042,119,119,0,0
3043,84,84,0,0
3044,88,83,5,5
3045,60,65,-5,5
3046,115,110,5,5
3047,81,78,3,3
3048,136,142,-6,6
3049,85,94,-9,9
3050,100,106,-6,6
3051,118,120,-2,2
3052,109,102,7,7
3053,61,78,-17,17
3054,105,101,4,4
3055,206,177,29,29
3056,112,108,4,4
3057,83,84,-1,1
3058,181,173,8,8
3059,151,139,12,12
3060,104,102,2,2
3061,83,98,-15,15
3062,109,100,9,9
3063,62,67,-5,5
3064,76,78,-2,2
3065,86,93,-7,7
3066,127,111,16,16
3067,83,82,1,1
3068,122,105,17,17
3069,103,103,0,0
3070,107,104,3,3
3071,94,91,3,3
3072,103,89,14,14
3073,72,71,1,1
3074,66,72,-6,6
3075,70,84,-14,14
3076,54,56,-2,2
3077,57,70,-13,13
3078,165,157,8,8
3079,125,118,7,7
3080,125,128,-3,3
3081,92,88,4,4
3082,53,50,3,3
3083,106,120,-14,14
3084,95,89,6,6
3085,94,89,5,5
3086,72,77,-5,5
3087,78,78,0,0
3088,113,108,5,5
3089,106,94,12,12
3090,101,96,5,5
3091,102,110,-8,8
3092,95,89,6,6
3093,69,74,-5,5
3094,74,70,4,4
3095,104,94,10,10
3096,78,83,-5,5
3097,86,88,-2,2
3098,41,51,-10,10
3099,86,86,0,0
3100,80,77,3,3
3101,182,159,23,23
3102,83,85,-2,2
3103,65,66,-1,1
3104,81,75,6,6
3105,159,146,13,13
3106,103,99,4,4
3107,102,95,7,7
3108,60,58,2,2
3109,142,122,20,20
3110,62,67,-5,5
3111,129,118,11,11
3112,79,86,-7,7
3113,87,87,0,0
3114,127,111,16,16
3115,56,65,-9,9
3116,94,104,-10,10
3117,90,88,2,2
3118,62,72,-10,10
3119,60,70,-10,10
3120,110,125,-15,15
3121,98,100,-2,2
3122,58,66,-8,8
3123,88,87,1,1
3124,35,40,-5,5
3125,138,130,8,8
3126,73,77,-4,4
3127,99,84,15,15
3128,87,81,6,6
3129,69,74,-5,5
3130,102,92,10,10
3131,89,92,-3,3
3132,106,97,9,9
3133,116,108,8,8
3134,69,73,-4,4
3135,75,74,1,1
3136,91,85,6,6
3137,67,72,-5,5
3138,133,138,-5,5
3139,76,82,-6,6
3140,103,93,10,10
3141,71,67,4,4
3142,135,125,10,10
3143,99,101,-2,2
3144,104,99,5,5
3145,146,124,22,22
3146,57,50,7,7
3147,108,116,-8,8
3148,82,78,4,4
3149,106,96,10,10
3150,110,107,3,3
3151,98,97,1,1
3152,62,62,0,0
3153,102,100,2,2
3154,130,126,4,4
3155,108,99,9,9
3156,61,67,-6,6
3157,73,86,-13,13
3158,54,60,-6,6
3159,63,62,1,1
3160,140,119,21,21
3161,47,117,-70,70
3162,68,78,-10,10
3163,134,121,13,13
3164,106,101,5,5
3165,72,75,-3,3
3166,107,106,1,1
3167,107,102,5,5
3168,53,58,-5,5
3169,112,103,9,9
3170,124,117,7,7
3171,103,98,5,5
3172,76,81,-5,5
3173,103,102,1,1
3174,92,101,-9,9
3175,40,47,-7,7
3176,79,79,0,0
3177,83,90,-7,7
3178,77,77,0,0
3179,75,75,0,0
3180,63,60,3,3
3181,134,128,6,6
3182,66,72,-6,6
3183,173,164,9,9
3184,100,93,7,7
3185,119,102,17,17
3186,143,139,4,4
3187,61,73,-12,12
3188,59,68,-9,9
3189,91,97,-6,6
3190,61,63,-2,2
3191,127,120,7,7
3192,164,155,9,9
3193,81,79,2,2
3194,136,125,11,11
3195,73,82,-9,9
3196,72,77,-5,5
3197,82,80,2,2
3198,79,81,-2,2
3199,70,76,-6,6
3200,95,92,3,3
3201,63,66,-3,3
3202,67,73,-6,6
3203,127,124,3,3
3204,107,101,6,6
3205,58,64,-6,6
3206,91,93,-2,2
3207,60,59,1,1
3208,94,103,-9,9
3209,90,79,11,11
3210,49,56,-7,7
3211,94,112,-18,18
3212,68,65,3,3
3213,86,77,9,9
3214,107,94,13,13
3215,54,59,-5,5
3216,88,83,5,5
3217,69,77,-8,8
3218,85,82,3,3
3219,99,93,6,6
3220,116,120,-4,4
3221,113,106,7,7
3222,42,61,-19,19
3223,36,43,-7,7
3224,52,62,-10,10
3225,88,82,6,6
3226,62,69,-7,7
3227,87,79,8,8
3228,97,109,-12,12
3229,94,98,-4,4
3230,113,106,7,7
3231,168,152,16,16
3232,107,99,8,8
3233,130,123,7,7
3234,169,151,18,18
3235,84,89,-5,5
3236,151,120,31,31
3237,75,70,5,5
3238,73,73,0,0
3239,64,74,-10,10
3240,144,146,-2,2
3241,86,88,-2,2
3242,91,87,4,4
3243,76,73,3,3
3244,112,112,0,0
3245,46,69,-23,23
3246,51,55,-4,4
3247,116,103,13,13
3248,106,117,-11,11
3249,63,73,-10,10
3250,115,103,12,12
3251,151,154,-3,3
3252,70,69,1,1
3253,153,146,7,7
3254,66,68,-2,2
3255,95,100,-5,5
3256,71,73,-2,2
3257,75,80,-5,5
3258,83,80,3,3
3259,75,70,5,5
3260,111,98,13,13
3261,95,95,0,0
3262,133,114,19,19
3263,56,55,1,1
3264,42,54,-12,12
3265,61,70,-9,9
3266,72,76,-4,4
3267,60,65,-5,5
3268,95,87,8,8
3269,115,123,-8,8
3270,101,106,-5,5
3271,65,70,-5,5
3272,100,105,-5,5
3273,69,75,-6,6
3274,81,80,1,1
3275,82,84,-2,2
3276,107,101,6,6
3277,112,114,-2,2
3278,99,97,2,2
3279,75,76,-1,1
3280,161,148,13,13
3281,76,75,1,1
3282,142,139,3,3
3283,111,100,11,11
3284,78,81,-3,3
3285,137,131,6,6
3286,40,47,-7,7
3287,65,71,-6,6
3288,88,93,-5,5
3289,103,88,15,15
3290,143,156,-13,13
3291,37,38,-1,1
3292,65,65,0,0
3293,90,82,8,8
3294,97,86,11,11
3295,107,102,5,5
3296,104,105,-1,1
3297,151,137,14,14
3298,98,97,1,1
3299,91,97,-6,6
3300,90,84,6,6
3301,79,86,-7,7
3302,62,61,1,1
3303,83,80,3,3
3304,102,106,-4,4
3305,92,97,-5,5
3306,48,56,-8,8
3307,103,101,2,2
3308,65,63,2,2
3309,84,85,-1,1
3310,57,62,-5,5
3311,108,109,-1,1
3312,80,81,-1,1
3313,66,83,-17,17
3314,106,111,-5,5
3315,52,59,-7,7
3316,107,115,-8,8
3317,107,96,11,11
3318,57,64,-7,7
3319,137,131,6,6
3320,69,71,-2,2
3321,90,83,7,7
3322,65,71,-6,6
3323,49,56,-7,7
3324,153,144,9,9
3325,119,113,6,6
3326,75,79,-4,4
3327,160,149,11,11
3328,140,136,4,4
3329,146,149,-3,3
3330,104,89,15,15
3331,94,95,-1,1
3332,60,58,2,2
3333,118,102,16,16
3334,71,74,-3,3
3335,66,72,-6,6
3336,183,158,25,25
3337,103,94,9,9
3338,119,108,11,11
3339,107,115,-8,8
3340,92,85,7,7
3341,89,95,-6,6
3342,116,103,13,13
3343,84,80,4,4
3344,118,119,-1,1
3345,52,60,-8,8
3346,75,84,-9,9
3347,163,149,14,14
3348,96,96,0,0
3349,104,108,-4,4
3350,135,140,-5,5
3351,78,79,-1,1
3352,127,115,12,12
3353,96,93,3,3
3354,123,106,17,17
3355,119,106,13,13
3356,83,86,-3,3
3357,107,105,2,2
3358,96,85,11,11
3359,105,99,6,6
3360,142,116,26,26
3361,67,76,-9,9
3362,67,77,-10,10
3363,126,117,9,9
3364,59,67,-8,8
3365,59,64,-5,5
3366,74,77,-3,3
3367,87,86,1,1
3368,69,73,-4,4
3369,66,70,-4,4
3370,117,103,14,14
3371,186,171,15,15
3372,63,69,-6,6
3373,125,121,4,4
3374,87,81,6,6
3375,97,99,-2,2
3376,96,91,5,5
3377,49,53,-4,4
3378,105,107,-2,2
3379,48,52,-4,4
3380,111,105,6,6
3381,98,100,-2,2
3382,123,108,15,15
3383,74,69,5,5
3384,55,61,-6,6
3385,124,119,5,5
3386,151,143,8,8
3387,54,57,-3,3
3388,44,52,-8,8
3389,78,84,-6,6
3390,141,142,-1,1
3391,85,88,-3,3
3392,40,65,-25,25
3393,77,77,0,0
3394,104,98,6,6
3395,71,69,2,2
3396,94,100,-6,6
3397,98,104,-6,6
3398,56,64,-8,8
3399,64,73,-9,9
3400,107,104,3,3
3401,58,65,-7,7
3402,40,52,-12,12
3403,107,93,14,14
3404,110,103,7,7
3405,124,110,14,14
3406,100,90,10,10
3407,88,94,-6,6
3408,131,106,25,25
3409,93,86,7,7
3410,134,127,7,7
3411,81,90,-9,9
3412,81,85,-4,4
3413,84,88,-4,4
3414,86,88,-2,2
3415,152,151,1,1
3416,64,69,-5,5
3417,73,80,-7,7
3418,118,111,7,7
3419,73,71,2,2
3420,88,79,9,9
3421,112,118,-6,6
3422,141,136,5,5
3423,150,150,0,0
3424,105,101,4,4
3425,163,151,12,12
3426,29,42,-13,13
3427,94,95,-1,1
3428,67,74,-7,7
3429,98,109,-11,11
3430,89,90,-1,1
3431,106,100,6,6
3432,100,99,1,1
3433,107,96,11,11
3434,64,71,-7,7
3435,45,57,-12,12
3436,77,82,-5,5
3437,144,126,18,18
3438,103,102,1,1
3439,67,103,-36,36
3440,38,43,-5,5
3441,116,108,8,8
3442,102,99,3,3
3443,119,108,11,11
3444,88,90,-2,2
3445,111,103,8,8
3446,48,54,-6,6
3447,131,111,20,20
3448,86,86,0,0
3449,76,77,-1,1
3450,80,84,-4,4
3451,99,94,5,5
3452,132,125,7,7
3453,91,103,-12,12
3454,105,102,3,3
3455,159,156,3,3
3456,117,109,8,8
3457,142,143,-1,1
3458,69,66,3,3
3459,79,86,-7,7
3460,134,138,-4,4
3461,101,92,9,9
3462,94,91,3,3
3463,97,115,-18,18
3464,112,95,17,17
3465,70,70,0,0
3466,139,126,13,13
3467,120,109,11,11
3468,93,94,-1,1
3469,70,74,-4,4
3470,77,75,2,2
3471,91,90,1,1
3472,57,58,-1,1
3473,75,84,-9,9
3474,64,66,-2,2
3475,88,89,-1,1
3476,90,94,-4,4
3477,82,86,-4,4
3478,54,62,-8,8
3479,101,96,5,5
3480,102,106,-4,4
3481,92,93,-1,1
3482,77,76,1,1
3483,76,80,-4,4
3484,109,119,-10,10
3485,48,58,-10,10
3486,86,83,3,3
3487,91,89,2,2
3488,60,60,0,0
3489,117,114,3,3
3490,121,122,-1,1
3491,129,131,-2,2
3492,90,97,-7,7
3493,106,85,21,21
3494,80,75,5,5
3495,129,106,23,23
3496,65,69,-4,4
3497,48,54,-6,6
3498,104,99,5,5
3499,72,71,1,1
3500,69,72,-3,3
3501,115,108,7,7
3502,147,157,-10,10
3503,83,86,-3,3
3504,96,95,1,1
3505,83,81,2,2
3506,106,101,5,5
3507,83,85,-2,2
3508,94,83,11,11
3509,101,84,17,17
3510,112,110,2,2
3511,56,67,-11,11
3512,106,105,1,1
3513,93,87,6,6
3514,83,90,-7,7
3515,60,65,-5,5
3516,116,116,0,0
3517,127,108,19,19
3518,65,72,-7,7
3519,134,133,1,1
3520,45,59,-14,14
3521,74,81,-7,7
3522,107,105,2,2
3523,97,96,1,1
3524,145,138,7,7
3525,101,100,1,1
3526,104,92,12,12
3527,90,93,-3,3
3528,98,93,5,5
3529,107,107,0,0
3530,66,71,-5,5
3531,76,85,-9,9
3532,39,45,-6,6
3533,89,87,2,2
3534,47,56,-9,9
3535,68,80,-12,12
3536,47,54,-7,7
3537,194,162,32,32
3538,107,113,-6,6
3539,155,146,9,9
3540,163,151,12,12
3541,93,90,3,3
3542,124,123,1,1
3543,28,30,-2,2
3544,101,104,-3,3
3545,70,73,-3,3
3546,61,69,-8,8
3547,92,85,7,7
3548,78,84,-6,6
3549,51,58,-7,7
3550,99,97,2,2
3551,95,94,1,1
3552,137,119,18,18
3553,90,85,5,5
3554,84,90,-6,6
3555,72,79,-7,7
3556,83,89,-6,6
3557,94,95,-1,1
3558,86,82,4,4
3559,86,78,8,8
3560,87,90,-3,3
3561,104,109,-5,5
3562,58,65,-7,7
3563,50,68,-18,18
3564,44,50,-6,6
3565,83,82,1,1
3566,97,93,4,4
3567,146,127,19,19
3568,147,127,20,20
3569,107,102,5,5
3570,117,102,15,15
3571,152,151,1,1
3572,130,107,23,23
3573,157,134,23,23
3574,268,230,38,38
3575,90,85,5,5
3576,101,102,-1,1
3577,73,75,-2,2
3578,120,119,1,1
3579,86,85,1,1
3580,144,123,21,21
3581,97,93,4,4
3582,93,91,2,2
3583,49,55,-6,6
3584,97,99,-2,2
3585,99,87,12,12
3586,63,65,-2,2
3587,135,123,12,12
3588,66,70,-4,4
3589,71,72,-1,1
3590,74,74,0,0
3591,160,141,19,19
3592,52,63,-11,11
3593,84,78,6,6
3594,127,127,0,0
3595,82,82,0,0
3596,80,84,-4,4
3597,108,106,2,2
3598,104,109,-5,5
3599,106,98,8,8
3600,154,143,11,11
3601,54,63,-9,9
3602,91,99,-8,8
3603,115,128,-13,13
3604,98,102,-4,4
3605,117,114,3,3
3606,46,54,-8,8
3607,93,96,-3,3
3608,50,56,-6,6
3609,110,142,-32,32
3610,101,98,3,3
3611,121,110,11,11
3612,129,135,-6,6
3613,123,108,15,15
3614,55,77,-22,22
3615,97,85,12,12
3616,102,101,1,1
3617,127,131,-4,4
3618,66,78,-12,12
3619,75,77,-2,2
3620,125,127,-2,2
3621,75,71,4,4
3622,137,142,-5,5
3623,76,75,1,1
3624,80,71,9,9
3625,93,93,0,0
3626,213,194,19,19
3627,73,72,1,1
3628,99,95,4,4
3629,152,145,7,7
3630,110,108,2,2
3631,53,64,-11,11
3632,83,83,0,0
3633,94,97,-3,3
3634,60,66,-6,6
3635,150,141,9,9
3636,146,127,19,19
3637,156,159,-3,3
3638,99,97,2,2
3639,66,68,-2,2
3640,85,77,8,8
3641,68,85,-17,17
3642,174,159,15,15
3643,112,99,13,13
3644,102,103,-1,1
3645,96,96,0,0
3646,123,112,11,11
3647,62,70,-8,8
3648,42,51,-9,9
3649,84,77,7,7
3650,99,111,-12,12
3651,96,100,-4,4
3652,94,86,8,8
3653,88,83,5,5
3654,113,104,9,9
3655,136,137,-1,1
3656,51,61,-10,10
3657,82,91,-9,9
3658,103,91,12,12
3659,109,102,7,7
3660,39,52,-13,13
3661,66,63,3,3
3662,68,66,2,2
3663,97,90,7,7
3664,85,82,3,3
3665,123,113,10,10
3666,134,132,2,2
3667,171,156,15,15
3668,88,89,-1,1
3669,83,76,7,7
3670,52,59,-7,7
3671,90,92,-2,2
3672,75,76,-1,1
3673,80,79,1,1
3674,85,79,6,6
3675,113,120,-7,7
3676,85,74,11,11
3677,124,114,10,10
3678,126,114,12,12
3679,136,117,19,19
3680,111,110,1,1
3681,122,108,14,14
3682,84,85,-1,1
3683,53,57,-4,4
3684,83,85,-2,2
3685,132,126,6,6
3686,133,130,3,3
3687,96,90,6,6
3688,53,60,-7,7
3689,87,97,-10,10
3690,63,65,-2,2
3691,92,81,11,11
3692,73,81,-8,8
3693,142,128,14,14
3694,93,80,13,13
3695,69,69,0,0
3696,59,63,-4,4
3697,120,122,-2,2
3698,52,58,-6,6
3699,50,55,-5,5
3700,80,88,-8,8
3701,68,72,-4,4
3702,73,73,0,0
3703,245,196,49,49
3704,147,147,0,0
3705,75,76,-1,1
3706,59,68,-9,9
3707,84,81,3,3
3708,92,89,3,3
3709,146,132,14,14
3710,183,176,7,7
3711,64,70,-6,6
3712,101,89,12,12
3713,102,101,1,1
3714,117,109,8,8
3715,178,166,12,12
3716,143,119,24,24
3717,68,77,-9,9
3718,90,84,6,6
3719,48,51,-3,3
3720,74,76,-2,2
3721,63,62,1,1
3722,74,75,-1,1
3723,83,86,-3,3
3724,89,93,-4,4
3725,112,103,9,9
3726,89,96,-7,7
3727,71,70,1,1
3728,72,76,-4,4
3729,66,68,-2,2
3730,173,162,11,11
3731,139,137,2,2
3732,94,98,-4,4
3733,48,57,-9,9
3734,102,101,1,1
3735,69,72,-3,3
3736,67,65,2,2
3737,91,90,1,1
3738,109,109,0,0
3739,39,50,-11,11
3740,146,132,14,14
3741,103,103,0,0
3742,149,146,3,3
3743,78,73,5,5
3744,78,81,-3,3
3745,76,69,7,7
3746,81,87,-6,6
3747,155,147,8,8
3748,76,83,-7,7
3749,113,105,8,8
3750,87,86,1,1
3751,81,73,8,8
3752,82,87,-5,5
3753,107,109,-2,2
3754,148,143,5,5
3755,57,69,-12,12
3756,73,73,0,0
3757,112,103,9,9
3758,48,52,-4,4
3759,77,85,-8,8
3760,142,126,16,16
3761,142,123,19,19
3762,122,120,2,2
3763,67,69,-2,2
3764,132,110,22,22
3765,134,147,-13,13
3766,96,87,9,9
3767,70,71,-1,1
3768,84,84,0,0
3769,108,96,12,12
3770,159,150,9,9
3771,114,123,-9,9
3772,71,74,-3,3
3773,88,95,-7,7
3774,95,92,3,3
3775,36,42,-6,6
3776,99,100,-1,1
3777,54,60,-6,6
3778,148,131,17,17
3779,75,70,5,5
3780,64,77,-13,13
3781,170,160,10,10
3782,176,155,21,21
3783,143,123,20,20
3784,108,95,13,13
3785,94,164,-70,70
3786,102,113,-11,11
3787,92,98,-6,6
3788,132,129,3,3
3789,84,85,-1,1
3790,152,145,7,7
3791,94,83,11,11
3792,103,104,-1,1
3793,122,115,7,7
3794,79,84,-5,5
3795,81,72,9,9
3796,81,84,-3,3
3797,65,64,1,1
3798,90,78,12,12
3799,85,89,-4,4
3800,74,77,-3,3
3801,110,102,8,8
3802,62,75,-13,13
3803,132,129,3,3
3804,94,92,2,2
3805,77,74,3,3
3806,69,81,-12,12
3807,90,87,3,3
3808,58,64,-6,6
3809,101,104,-3,3
3810,72,79,-7,7
3811,49,68,-19,19
3812,120,118,2,2
3813,60,73,-13,13
3814,140,149,-9,9
3815,53,58,-5,5
3816,66,70,-4,4
3817,60,63,-3,3
3818,103,104,-1,1
3819,92,95,-3,3
3820,158,132,26,26
3821,71,93,-22,22
3822,73,79,-6,6
3823,66,73,-7,7
3824,149,141,8,8
3825,146,138,8,8
3826,68,66,2,2
3827,108,105,3,3
3828,54,63,-9,9
3829,70,71,-1,1
3830,98,97,1,1
3831,112,107,5,5
3832,64,68,-4,4
3833,96,98,-2,2
3834,124,131,-7,7
3835,73,76,-3,3
3836,75,77,-2,2
3837,97,94,3,3
3838,100,100,0,0
3839,153,164,-11,11
3840,145,142,3,3
3841,98,90,8,8
3842,114,99,15,15
3843,111,96,15,15
3844,68,78,-10,10
3845,60,67,-7,7
3846,87,98,-11,11
3847,74,65,9,9
3848,54,65,-11,11
3849,77,76,1,1
3850,63,64,-1,1
3851,120,110,10,10
3852,107,95,12,12
3853,75,79,-4,4
3854,96,98,-2,2
3855,50,47,3,3
3856,152,126,26,26
3857,133,124,9,9
3858,140,139,1,1
3859,63,68,-5,5
3860,82,90,-8,8
3861,101,109,-8,8
3862,78,76,2,2
3863,101,93,8,8
3864,74,74,0,0
3865,104,99,5,5
3866,97,97,0,0
3867,55,71,-16,16
3868,166,152,14,14
3869,110,96,14,14
3870,76,96,-20,20
3871,81,85,-4,4
3872,128,119,9,9
3873,108,105,3,3
3874,68,69,-1,1
3875,86,86,0,0
3876,79,79,0,0
3877,65,68,-3,3
3878,148,140,8,8
3879,165,146,19,19
3880,96,98,-2,2
3881,61,65,-4,4
3882,86,79,7,7
3883,65,68,-3,3
3884,124,132,-8,8
3885,94,89,5,5
3886,55,60,-5,5
3887,71,72,-1,1
3888,132,114,18,18
3889,55,61,-6,6
3890,97,105,-8,8
3891,96,99,-3,3
3892,101,95,6,6
3893,100,86,14,14
3894,78,75,3,3
3895,132,132,0,0
3896,73,78,-5,5
3897,93,81,12,12
3898,51,53,-2,2
3899,136,130,6,6
3900,80,72,8,8
3901,159,161,-2,2
3902,151,138,13,13
3903,64,66,-2,2
3904,75,78,-3,3
3905,151,126,25,25
3906,72,80,-8,8
3907,113,96,17,17
3908,88,91,-3,3
3909,93,91,2,2
3910,62,74,-12,12
3911,59,71,-12,12
3912,104,100,4,4
3913,133,121,12,12
3914,66,78,-12,12
3915,90,96,-6,6
3916,98,95,3,3
3917,181,139,42,42
3918,68,66,2,2
3919,81,79,2,2
3920,148,138,10,10
3921,92,83,9,9
3922,109,101,8,8
3923,176,163,13,13
3924,236,197,39,39
3925,112,103,9,9
3926,74,78,-4,4
3927,82,74,8,8
3928,78,78,0,0
3929,83,85,-2,2
3930,89,90,-1,1
3931,95,94,1,1
3932,177,157,20,20
3933,53,67,-14,14
3934,94,101,-7,7
3935,104,99,5,5
3936,63,66,-3,3
3937,94,92,2,2
3938,95,91,4,4
3939,122,109,13,13
3940,135,121,14,14
3941,170,148,22,22
3942,104,114,-10,10
3943,153,135,18,18
3944,70,95,-25,25
3945,124,111,13,13
3946,81,78,3,3
3947,143,133,10,10
3948,86,96,-10,10
3949,87,83,4,4
3950,92,95,-3,3
3951,111,105,6,6
3952,73,77,-4,4
3953,83,74,9,9
3954,117,109,8,8
3955,92,90,2,2
3956,70,79,-9,9
3957,107,101,6,6
3958,62,71,-9,9
3959,96,93,3,3
3960,93,90,3,3
3961,50,59,-9,9
3962,61,61,0,0
3963,118,118,0,0
3964,117,111,6,6
3965,116,106,10,10
3966,183,162,21,21
3967,56,67,-11,11
3968,67,68,-1,1
3969,81,76,5,5
3970,117,106,11,11
3971,98,92,6,6
3972,63,63,0,0
3973,62,66,-4,4
3974,84,92,-8,8
3975,156,149,7,7
3976,105,95,10,10
3977,89,83,6,6
3978,132,134,-2,2
3979,106,105,1,1
3980,111,109,2,2
3981,150,154,-4,4
3982,95,100,-5,5
3983,20,40,-20,20
3984,99,97,2,2
3985,103,102,1,1
3986,73,87,-14,14
3987,83,83,0,0
3988,69,68,1,1
3989,130,123,7,7
3990,106,102,4,4
3991,104,91,13,13
3992,125,129,-4,4
3993,121,100,21,21
3994,190,175,15,15
3995,116,113,3,3
3996,87,103,-16,16
3997,71,75,-4,4
3998,71,80,-9,9
3999,146,148,-2,2
4000,97,97,0,0
4001,98,93,5,5
4002,127,123,4,4
4003,74,76,-2,2
4004,47,54,-7,7
4005,92,89,3,3
4006,82,76,6,6
4007,118,111,7,7
4008,137,113,24,24
4009,101,95,6,6
4010,51,60,-9,9
4011,88,94,-6,6
4012,177,153,24,24
4013,82,79,3,3
4014,90,95,-5,5
4015,99,92,7,7
4016,83,86,-3,3
4017,104,99,5,5
4018,83,77,6,6
4019,57,71,-14,14
4020,155,150,5,5
4021,107,99,8,8
4022,72,78,-6,6
4023,72,72,0,0
4024,102,100,2,2
4025,90,87,3,3
4026,111,101,10,10
4027,123,108,15,15
4028,46,53,-7,7
4029,81,81,0,0
4030,95,81,14,14
4031,125,113,12,12
4032,105,98,7,7
4033,74,75,-1,1
4034,166,148,18,18
4035,96,98,-2,2
4036,70,73,-3,3
4037,56,54,2,2
4038,66,66,0,0
4039,85,85,0,0
4040,46,54,-8,8
4041,47,72,-25,25
4042,68,76,-8,8
4043,130,118,12,12
4044,141,135,6,6
4045,95,92,3,3
4046,111,99,12,12
4047,50,58,-8,8
4048,111,112,-1,1
4049,100,103,-3,3
4050,72,71,1,1
4051,80,84,-4,4
4052,120,104,16,16
4053,180,162,18,18
4054,39,49,-10,10
4055,103,110,-7,7
4056,95,94,1,1
4057,146,150,-4,4
4058,110,106,4,4
4059,48,44,4,4
4060,83,97,-14,14
4061,66,83,-17,17
4062,86,89,-3,3
4063,79,77,2,2
4064,113,114,-1,1
4065,114,106,8,8
4066,86,77,9,9
4067,165,154,11,11
4068,69,81,-12,12
4069,124,122,2,2
4070,103,106,-3,3
4071,76,65,11,11
4072,118,116,2,2
4073,157,147,10,10
4074,107,101,6,6
4075,170,141,29,29
4076,58,63,-5,5
4077,59,66,-7,7
4078,124,108,16,16
4079,142,120,22,22
4080,105,115,-10,10
4081,116,110,6,6
4082,140,136,4,4
4083,92,87,5,5
4084,130,129,1,1
4085,113,108,5,5
4086,129,137,-8,8
4087,73,83,-10,10
4088,100,98,2,2
4089,87,98,-11,11
4090,75,73,2,2
4091,87,91,-4,4
4092,113,97,16,16
4093,64,69,-5,5
4094,83,79,4,4
4095,75,78,-3,3
4096,124,124,0,0
4097,87,86,1,1
4098,63,70,-7,7
4099,78,76,2,2
4100,86,88,-2,2
4101,104,109,-5,5
4102,95,95,0,0
4103,119,121,-2,2
4104,99,102,-3,3
4105,54,64,-10,10
4106,73,74,-1,1
4107,71,73,-2,2
4108,83,82,1,1
4109,182,148,34,34
4110,74,84,-10,10
4111,133,125,8,8
4112,80,76,4,4
4113,98,103,-5,5
4114,98,99,-1,1
4115,96,91,5,5
4116,84,75,9,9
4117,199,186,13,13
4118,153,136,17,17
4119,121,128,-7,7
4120,104,111,-7,7
4121,79,84,-5,5
4122,109,95,14,14
4123,74,81,-7,7
4124,48,60,-12,12
4125,127,122,5,5
4126,77,82,-5,5
4127,57,67,-10,10
4128,88,84,4,4
4129,76,70,6,6
4130,120,116,4,4
4131,86,93,-7,7
4132,62,72,-10,10
4133,60,63,-3,3
4134,83,79,4,4
4135,90,91,-1,1
4136,69,72,-3,3
4137,65,69,-4,4
4138,97,97,0,0
4139,107,100,7,7
4140,131,131,0,0
4141,118,107,11,11
4142,107,122,-15,15
4143,72,79,-7,7
4144,153,144,9,9
4145,83,82,1,1
4146,55,62,-7,7
4147,106,103,3,3
4148,97,102,-5,5
4149,176,161,15,15
4150,139,125,14,14
4151,84,95,-11,11
4152,112,101,11,11
4153,58,70,-12,12
4154,119,112,7,7
4155,75,77,-2,2
4156,155,148,7,7
4157,71,66,5,5
4158,150,135,15,15
4159,94,93,1,1
4160,54,66,-12,12
4161,70,75,-5,5
4162,125,114,11,11
4163,36,36,0,0
4164,78,81,-3,3
4165,96,92,4,4
4166,100,94,6,6
4167,106,101,5,5
4168,129,114,15,15
4169,39,47,-8,8
4170,44,53,-9,9
4171,97,92,5,5
4172,80,87,-7,7
4173,52,55,-3,3
4174,102,96,6,6
4175,101,94,7,7
4176,90,90,0,0
4177,151,140,11,11
4178,82,79,3,3
4179,117,108,9,9
4180,63,79,-16,16
4181,135,129,6,6
4182,71,69,2,2
4183,96,104,-8,8
4184,123,116,7,7
4185,75,74,1,1
4186,60,68,-8,8
4187,103,103,0,0
4188,59,65,-6,6
4189,116,119,-3,3
4190,92,89,3,3
4191,76,71,5,5
4192,53,54,-1,1
4193,107,110,-3,3
4194,70,73,-3,3
4195,101,97,4,4
4196,88,83,5,5
4197,84,85,-1,1
4198,26,56,-30,30
4199,107,109,-2,2
4200,121,119,2,2
4201,66,71,-5,5
4202,75,83,-8,8
4203,140,145,-5,5
4204,87,82,5,5
4205,57,55,2,2
4206,100,97,3,3
4207,183,156,27,27
4208,131,123,8,8
4209,98,120,-22,22
4210,70,76,-6,6
4211,80,79,1,1
4212,112,111,1,1
4213,164,163,1,1
4214,112,98,14,14
4215,49,55,-6,6
4216,69,76,-7,7
4217,64,76,-12,12
4218,78,84,-6,6
4219,116,122,-6,6
4220,113,101,12,12
4221,123,123,0,0
4222,101,104,-3,3
4223,100,105,-5,5
4224,84,83,1,1
4225,114,109,5,5
4226,109,101,8,8
4227,52,56,-4,4
4228,115,103,12,12
4229,106,104,2,2
4230,93,90,3,3
4231,69,78,-9,9
4232,149,143,6,6
4233,87,85,2,2
4234,103,97,6,6
4235,106,107,-1,1
4236,76,92,-16,16
4237,124,128,-4,4
4238,115,117,-2,2
4239,82,80,2,2
4240,152,151,1,1
4241,138,134,4,4
4242,196,172,24,24
4243,133,110,23,23
4244,146,141,5,5
4245,105,107,-2,2
4246,92,99,-7,7
4247,71,70,1,1
4248,97,99,-2,2
4249,70,75,-5,5
4250,107,113,-6,6
4251,80,84,-4,4
4252,63,83,-20,20
4253,75,75,0,0
4254,75,78,-3,3
4255,75,78,-3,3
4256,104,92,12,12
4257,152,138,14,14
4258,71,70,1,1
4259,107,99,8,8
4260,161,146,15,15
4261,71,78,-7,7
4262,91,86,5,5
4263,98,89,9,9
4264,108,106,2,2
4265,78,76,2,2
4266,116,115,1,1
4267,108,95,13,13
4268,81,83,-2,2
4269,65,75,-10,10
4270,111,112,-1,1
4271,70,70,0,0
4272,55,63,-8,8
4273,102,96,6,6
4274,102,100,2,2
4275,56,61,-5,5
4276,100,88,12,12
4277,47,51,-4,4
4278,145,133,12,12
4279,108,100,8,8
4280,143,134,9,9
4281,123,120,3,3
4282,172,155,17,17
4283,60,69,-9,9
4284,105,97,8,8
4285,46,50,-4,4
4286,80,70,10,10
4287,114,114,0,0
4288,189,176,13,13
4289,82,76,6,6
4290,126,121,5,5
4291,157,142,15,15
4292,147,164,-17,17
4293,27,65,-38,38
4294,79,77,2,2
4295,75,76,-1,1
4296,65,65,0,0
4297,68,68,0,0
4298,126,121,5,5
4299,133,122,11,11
4300,101,90,11,11
4301,80,80,0,0
4302,103,95,8,8
4303,95,92,3,3
4304,103,102,1,1
4305,113,108,5,5
4306,42,45,-3,3
4307,85,87,-2,2
4308,82,83,-1,1
4309,104,103,1,1
4310,85,77,8,8
4311,107,89,18,18
4312,78,75,3,3
4313,66,68,-2,2
4314,108,104,4,4
4315,90,96,-6,6
4316,88,91,-3,3
4317,59,64,-5,5
4318,79,75,4,4
4319,69,75,-6,6
4320,135,129,6,6
4321,96,109,-13,13
4322,148,142,6,6
4323,31,42,-11,11
4324,65,83,-18,18
4325,86,85,1,1
4326,47,49,-2,2
4327,83,81,2,2
4328,170,171,-1,1
4329,63,69,-6,6
4330,110,103,7,7
4331,182,162,20,20
4332,141,142,-1,1
4333,94,96,-2,2
4334,81,82,-1,1
4335,87,89,-2,2
4336,131,125,6,6
4337,117,97,20,20
4338,64,64,0,0
4339,150,162,-12,12
4340,93,98,-5,5
4341,88,86,2,2
4342,90,93,-3,3
4343,86,88,-2,2
4344,96,107,-11,11
4345,173,156,17,17
4346,104,97,7,7
4347,44,56,-12,12
4348,81,76,5,5
4349,71,68,3,3
4350,77,67,10,10
4351,82,75,7,7
4352,196,171,25,25
4353,126,119,7,7
4354,100,99,1,1
4355,159,144,15,15
4356,61,73,-12,12
4357,54,61,-7,7
4358,73,72,1,1
4359,73,80,-7,7
4360,88,83,5,5
4361,136,129,7,7
4362,94,92,2,2
4363,164,170,-6,6
4364,100,102,-2,2
4365,126,116,10,10
4366,50,58,-8,8
4367,79,84,-5,5
4368,94,112,-18,18
4369,110,118,-8,8
4370,144,135,9,9
4371,62,62,0,0
4372,92,95,-3,3
4373,59,64,-5,5
4374,279,219,60,60
4375,149,136,13,13
4376,61,77,-16,16
4377,72,89,-17,17
4378,64,70,-6,6
4379,142,134,8,8
4380,56,61,-5,5
4381,140,144,-4,4
4382,221,188,33,33
4383,111,97,14,14
4384,93,89,4,4
4385,110,108,2,2
4386,83,76,7,7
4387,65,75,-10,10
4388,154,148,6,6
4389,92,89,3,3
4390,144,129,15,15
4391,102,102,0,0
4392,131,119,12,12
4393,98,92,6,6
4394,104,99,5,5
4395,95,96,-1,1
4396,108,111,-3,3
4397,89,87,2,2
4398,139,144,-5,5
4399,116,104,12,12
4400,58,65,-7,7
4401,140,136,4,4
4402,89,89,0,0
4403,103,101,2,2
4404,67,87,-20,20
4405,62,65,-3,3
4406,162,155,7,7
4407,77,75,2,2
4408,99,103,-4,4
4409,92,79,13,13
4410,105,101,4,4
4411,99,94,5,5
4412,82,95,-13,13
4413,139,123,16,16
4414,99,97,2,2
4415,82,86,-4,4
4416,95,96,-1,1
4417,101,96,5,5
4418,85,91,-6,6
4419,102,97,5,5
4420,133,131,2,2
4421,76,76,0,0
4422,126,123,3,3
4423,101,98,3,3
4424,119,103,16,16
4425,152,150,2,2
4426,136,115,21,21
4427,87,88,-1,1
4428,116,98,18,18
4429,60,68,-8,8
4430,96,93,3,3
4431,76,80,-4,4
4432,128,118,10,10
4433,85,89,-4,4
4434,84,89,-5,5
4435,153,136,17,17
4436,72,68,4,4
4437,73,70,3,3
4438,108,96,12,12
4439,73,75,-2,2
4440,94,91,3,3
4441,86,82,4,4
4442,89,84,5,5
4443,56,62,-6,6
4444,195,170,25,25
4445,70,73,-3,3
4446,64,68,-4,4
4447,96,87,9,9
4448,103,107,-4,4
4449,131,120,11,11
4450,93,90,3,3
4451,122,123,-1,1
4452,54,61,-7,7
4453,67,79,-12,12
4454,66,66,0,0
4455,110,110,0,0
4456,108,104,4,4
4457,119,119,0,0
4458,80,71,9,9
4459,60,69,-9,9
4460,88,86,2,2
4461,123,106,17,17
4462,59,63,-4,4
4463,103,92,11,11
4464,93,92,1,1
4465,90,86,4,4
4466,157,149,8,8
4467,94,92,2,2
4468,79,72,7,7
4469,131,127,4,4
4470,50,58,-8,8
4471,111,103,8,8
4472,106,105,1,1
4473,104,101,3,3
4474,94,99,-5,5
4475,71,68,3,3
4476,168,145,23,23
4477,102,112,-10,10
4478,58,66,-8,8
4479,49,55,-6,6
4480,96,89,7,7
4481,74,79,-5,5
4482,135,130,5,5
4483,171,152,19,19
4484,70,74,-4,4
4485,118,121,-3,3
4486,90,80,10,10
4487,101,116,-15,15
4488,97,94,3,3
4489,107,100,7,7
4490,87,83,4,4
4491,43,53,-10,10
4492,79,76,3,3
4493,106,98,8,8
4494,39,42,-3,3
4495,178,155,23,23
4496,74,81,-7,7
4497,36,46,-10,10
4498,68,72,-4,4
4499,114,108,6,6
4500,80,82,-2,2
4501,109,117,-8,8
4502,128,116,12,12
4503,87,95,-8,8
4504,110,102,8,8
4505,100,93,7,7
4506,128,126,2,2
4507,136,128,8,8
4508,129,123,6,6
4509,122,122,0,0
4510,102,96,6,6
4511,109,106,3,3
4512,58,67,-9,9
4513,122,114,8,8
4514,90,88,2,2
4515,57,57,0,0
4516,107,102,5,5
4517,168,154,14,14
4518,98,98,0,0
4519,120,107,13,13
4520,74,75,-1,1
4521,88,85,3,3
4522,96,86,10,10
4523,64,73,-9,9
4524,55,62,-7,7
4525,94,92,2,2
4526,148,132,16,16
4527,92,101,-9,9
4528,95,103,-8,8
4529,110,103,7,7
4530,83,78,5,5
4531,139,128,11,11
4532,108,96,12,12
4533,78,79,-1,1
4534,78,79,-1,1
4535,98,96,2,2
4536,104,98,6,6
4537,68,67,1,1
4538,103,102,1,1
4539,66,58,8,8
4540,100,98,2,2
4541,123,116,7,7
4542,74,85,-11,11
4543,136,122,14,14
4544,47,52,-5,5
4545,92,93,-1,1
4546,122,110,12,12
4547,125,127,-2,2
4548,122,105,17,17
4549,61,65,-4,4
4550,82,98,-16,16
4551,112,104,8,8
4552,48,50,-2,2
4553,146,148,-2,2
4554,67,63,4,4
4555,115,108,7,7
4556,165,159,6,6
4557,87,96,-9,9
4558,40,48,-8,8
4559,55,56,-1,1
4560,127,115,12,12
4561,70,75,-5,5
4562,99,103,-4,4
4563,45,56,-11,11
4564,95,91,4,4
4565,80,83,-3,3
4566,47,58,-11,11
4567,99,114,-15,15
4568,118,116,2,2
4569,104,105,-1,1
4570,75,79,-4,4
4571,90,89,1,1
4572,82,82,0,0
4573,163,146,17,17
4574,93,89,4,4
4575,166,169,-3,3
4576,69,75,-6,6
4577,122,135,-13,13
4578,148,146,2,2
4579,56,61,-5,5
4580,66,66,0,0
4581,83,91,-8,8
4582,63,65,-2,2
4583,108,100,8,8
4584,123,101,22,22
4585,161,160,1,1
4586,83,102,-19,19
4587,49,52,-3,3
4588,78,78,0,0
4589,101,101,0,0
4590,38,48,-10,10
4591,98,93,5,5
4592,174,148,26,26
4593,75,92,-17,17
4594,56,62,-6,6
4595,138,126,12,12
4596,38,42,-4,4
4597,51,58,-7,7
4598,69,67,2,2
4599,98,99,-1,1
4600,87,88,-1,1
4601,88,85,3,3
4602,156,153,3,3
4603,140,130,10,10
4604,92,94,-2,2
4605,49,58,-9,9
4606,82,87,-5,5
4607,217,222,-5,5
4608,99,100,-1,1
4609,110,100,10,10
4610,79,82,-3,3
4611,69,66,3,3
4612,87,77,10,10
4613,84,80,4,4
4614,77,75,2,2
4615,78,75,3,3
4616,100,103,-3,3
4617,112,105,7,7
4618,130,118,12,12
4619,137,122,15,15
4620,125,112,13,13
4621,86,90,-4,4
4622,152,138,14,14
4623,96,99,-3,3
4624,111,107,4,4
4625,99,104,-5,5
4626,56,59,-3,3
4627,211,196,15,15
4628,109,112,-3,3
4629,137,132,5,5
4630,74,78,-4,4
4631,120,119,1,1
4632,81,85,-4,4
4633,71,75,-4,4
4634,88,85,3,3
4635,111,103,8,8
4636,197,179,18,18
4637,85,83,2,2
4638,112,109,3,3
4639,44,69,-25,25
4640,86,89,-3,3
4641,72,84,-12,12
4642,59,64,-5,5
4643,82,93,-11,11
4644,69,68,1,1
4645,91,87,4,4
4646,142,138,4,4
4647,84,71,13,13
4648,81,83,-2,2
4649,101,98,3,3
4650,190,163,27,27
4651,107,98,9,9
4652,119,120,-1,1
4653,77,77,0,0
4654,152,145,7,7
4655,64,57,7,7
4656,77,80,-3,3
4657,51,52,-1,1
4658,77,79,-2,2
4659,84,97,-13,13
4660,60,64,-4,4
4661,107,103,4,4
4662,87,99,-12,12
4663,116,124,-8,8
4664,160,139,21,21
4665,116,113,3,3
4666,84,80,4,4
4667,113,115,-2,2
4668,105,103,2,2
4669,55,54,1,1
4670,91,94,-3,3
4671,113,100,13,13
4672,62,61,1,1
4673,75,75,0,0
4674,45,51,-6,6
4675,177,155,22,22
4676,131,135,-4,4
4677,112,107,5,5
4678,127,125,2,2
4679,146,121,25,25
4680,138,131,7,7
4681,93,95,-2,2
4682,65,72,-7,7
4683,168,164,4,4
4684,112,120,-8,8
4685,149,133,16,16
4686,140,143,-3,3
4687,94,94,0,0
4688,141,134,7,7
4689,75,82,-7,7
4690,134,121,13,13
4691,95,89,6,6
4692,119,100,19,19
4693,95,101,-6,6
4694,65,69,-4,4
4695,95,99,-4,4
4696,97,100,-3,3
4697,132,127,5,5
4698,87,85,2,2
4699,124,105,19,19
4700,115,113,2,2
4701,45,52,-7,7
4702,110,102,8,8
4703,57,64,-7,7
4704,126,102,24,24
4705,50,54,-4,4
4706,132,129,3,3
4707,71,71,0,0
4708,88,82,6,6
4709,91,101,-10,10
4710,79,80,-1,1
4711,47,50,-3,3
4712,103,110,-7,7
4713,38,46,-8,8
4714,68,65,3,3
4715,130,119,11,11
4716,157,152,5,5
4717,99,96,3,3
4718,62,60,2,2
4719,79,80,-1,1
4720,74,77,-3,3
4721,154,134,20,20
4722,36,61,-25,25
4723,81,84,-3,3
4724,69,69,0,0
4725,39,46,-7,7
4726,106,103,3,3
4727,141,123,18,18
4728,71,72,-1,1
4729,108,102,6,6
4730,142,130,12,12
4731,43,51,-8,8
4732,109,113,-4,4
4733,72,75,-3,3
4734,110,102,8,8
4735,84,95,-11,11
4736,88,82,6,6
4737,156,144,12,12
4738,106,112,-6,6
4739,160,152,8,8
4740,105,101,4,4
4741,231,196,35,35
4742,111,101,10,10
4743,53,60,-7,7
4744,124,126,-2,2
4745,105,104,1,1
4746,144,144,0,0
4747,83,90,-7,7
4748,81,81,0,0
4749,96,96,0,0
4750,143,131,12,12
4751,118,107,11,11
4752,77,79,-2,2
4753,116,111,5,5
4754,116,83,33,33
4755,76,78,-2,2
4756,73,76,-3,3
4757,92,84,8,8
4758,89,83,6,6
4759,58,60,-2,2
4760,70,73,-3,3
4761,134,125,9,9
4762,73,83,-10,10
4763,139,126,13,13
4764,59,68,-9,9
4765,59,66,-7,7
4766,72,75,-3,3
4767,81,81,0,0
4768,96,92,4,4
4769,190,165,25,25
4770,131,114,17,17
4771,188,178,10,10
4772,141,148,-7,7
4773,103,100,3,3
4774,65,80,-15,15
4775,86,87,-1,1
4776,64,68,-4,4
4777,115,115,0,0
4778,58,70,-12,12
4779,150,139,11,11
4780,70,75,-5,5
4781,91,89,2,2
4782,104,99,5,5
4783,78,82,-4,4
4784,57,60,-3,3
4785,117,107,10,10
4786,82,82,0,0
4787,50,59,-9,9
4788,76,80,-4,4
4789,64,67,-3,3
4790,140,136,4,4
4791,88,93,-5,5
4792,41,46,-5,5
4793,56,74,-18,18
4794,161,160,1,1
4795,107,84,23,23
4796,94,93,1,1
4797,71,66,5,5
4798,163,143,20,20
4799,99,92,7,7
4800,30,39,-9,9
4801,99,88,11,11
4802,161,137,24,24
4803,82,83,-1,1
4804,92,88,4,4
4805,152,132,20,20
4806,131,106,25,25
4807,99,94,5,5
4808,50,53,-3,3
4809,80,86,-6,6
4810,99,97,2,2
4811,69,70,-1,1
4812,67,77,-10,10
4813,143,121,22,22
4814,68,72,-4,4
4815,65,73,-8,8
4816,94,94,0,0
4817,55,60,-5,5
4818,94,93,1,1
4819,45,56,-11,11
4820,140,133,7,7
4821,65,66,-1,1
4822,62,67,-5,5
4823,94,98,-4,4
4824,129,122,7,7
4825,123,119,4,4
4826,80,78,2,2
4827,86,82,4,4
4828,112,112,0,0
4829,89,86,3,3
4830,72,73,-1,1
4831,65,72,-7,7
4832,90,92,-2,2
4833,71,82,-11,11
4834,107,108,-1,1
4835,140,132,8,8
4836,57,66,-9,9
4837,104,103,1,1
4838,56,67,-11,11
4839,103,97,6,6
4840,104,102,2,2
4841,78,79,-1,1
4842,126,116,10,10
4843,101,92,9,9
4844,85,92,-7,7
4845,72,68,4,4
4846,57,64,-7,7
4847,51,64,-13,13
4848,102,105,-3,3
4849,85,89,-4,4
4850,71,71,0,0
4851,87,82,5,5
4852,74,77,-3,3
4853,104,98,6,6
4854,102,102,0,0
4855,181,158,23,23
4856,130,124,6,6
4857,75,88,-13,13
4858,102,98,4,4
4859,56,68,-12,12
4860,72,76,-4,4
4861,90,95,-5,5
4862,66,74,-8,8
4863,82,80,2,2
4864,139,147,-8,8
4865,97,86,11,11
4866,83,84,-1,1
4867,71,82,-11,11
4868,81,75,6,6
4869,80,75,5,5
4870,152,148,4,4
4871,54,59,-5,5
4872,51,58,-7,7
4873,142,120,22,22
4874,134,137,-3,3
4875,253,245,8,8
4876,85,100,-15,15
4877,274,219,55,55
4878,180,155,25,25
4879,85,90,-5,5
4880,68,77,-9,9
4881,126,119,7,7
4882,147,133,14,14
4883,67,71,-4,4
4884,58,68,-10,10
4885,146,141,5,5
4886,170,170,0,0
4887,80,87,-7,7
4888,117,114,3,3
4889,72,76,-4,4
4890,52,62,-10,10
4891,92,93,-1,1
4892,88,85,3,3
4893,106,105,1,1
4894,93,90,3,3
4895,151,145,6,6
4896,90,86,4,4
4897,71,73,-2,2
4898,63,69,-6,6
4899,171,148,23,23
4900,83,73,10,10
4901,125,113,12,12
4902,123,109,14,14
4903,119,109,10,10
4904,100,96,4,4
4905,97,107,-10,10
4906,82,77,5,5
4907,104,105,-1,1
4908,84,82,2,2
4909,133,131,2,2
4910,66,72,-6,6
4911,328,250,78,78
4912,66,70,-4,4
4913,129,117,12,12
4914,60,63,-3,3
4915,107,117,-10,10
4916,88,80,8,8
4917,92,105,-13,13
4918,97,82,15,15
4919,95,96,-1,1
4920,176,152,24,24
4921,93,90,3,3
4922,124,124,0,0
4923,80,77,3,3
4924,117,111,6,6
4925,92,87,5,5
4926,137,115,22,22
4927,160,149,11,11
4928,114,110,4,4
4929,78,73,5,5
4930,73,76,-3,3
4931,62,64,-2,2
4932,85,88,-3,3
4933,52,61,-9,9
4934,53,56,-3,3
4935,98,80,18,18
4936,92,91,1,1
4937,100,99,1,1
4938,114,106,8,8
4939,139,136,3,3
4940,76,79,-3,3
4941,119,109,10,10
4942,41,52,-11,11
4943,53,53,0,0
4944,268,245,23,23
4945,66,68,-2,2
4946,130,117,13,13
4947,115,109,6,6
4948,157,156,1,1
4949,50,63,-13,13
4950,75,75,0,0
4951,79,75,4,4
4952,85,83,2,2
4953,42,69,-27,27
4954,85,79,6,6
4955,95,95,0,0
4956,72,81,-9,9
4957,90,98,-8,8
4958,81,77,4,4
4959,109,107,2,2
4960,146,148,-2,2
4961,131,116,15,15
4962,138,125,13,13
4963,32,48,-16,16
4964,86,86,0,0
4965,76,82,-6,6
4966,73,85,-12,12
4967,132,123,9,9
4968,136,131,5,5
4969,36,45,-9,9
4970,40,53,-13,13
4971,62,64,-2,2
4972,99,104,-5,5
4973,63,78,-15,15
4974,90,82,8,8
4975,63,76,-13,13
4976,63,69,-6,6
4977,73,85,-12,12
4978,73,77,-4,4
4979,120,121,-1,1
4980,161,146,15,15
4981,74,75,-1,1
4982,74,70,4,4
4983,49,57,-8,8
4984,157,139,18,18
4985,123,115,8,8
4986,91,84,7,7
4987,115,101,14,14
4988,85,87,-2,2
4989,66,70,-4,4
4990,102,95,7,7
4991,98,94,4,4
4992,100,95,5,5
4993,105,117,-12,12
4994,84,96,-12,12
4995,95,89,6,6
4996,108,98,10,10
4997,62,64,-2,2
4998,116,113,3,3
4999,79,76,3,3
5000,73,68,5,5
5001,50,64,-14,14
5002,97,93,4,4
5003,145,128,17,17
5004,152,135,17,17
5005,134,120,14,14
5006,110,101,9,9
5007,114,108,6,6
5008,72,68,4,4
5009,113,105,8,8
5010,58,70,-12,12
5011,50,53,-3,3
5012,29,27,2,2
5013,71,72,-1,1
5014,90,93,-3,3
5015,140,127,13,13
5016,123,114,9,9
5017,131,122,9,9
5018,50,55,-5,5
5019,82,81,1,1
5020,77,83,-6,6
5021,98,91,7,7
5022,83,76,7,7
5023,88,78,10,10
5024,122,107,15,15
5025,87,85,2,2
5026,107,104,3,3
5027,75,81,-6,6
5028,89,93,-4,4
5029,124,120,4,4
5030,105,102,3,3
5031,62,63,-1,1
5032,125,109,16,16
5033,94,93,1,1
5034,91,94,-3,3
5035,74,86,-12,12
5036,82,92,-10,10
5037,60,63,-3,3
5038,69,72,-3,3
5039,132,120,12,12
5040,76,78,-2,2
5041,169,162,7,7
5042,101,99,2,2
5043,167,157,10,10
5044,79,82,-3,3
5045,78,88,-10,10
5046,61,64,-3,3
5047,137,115,22,22
5048,116,101,15,15
5049,77,84,-7,7
5050,76,77,-1,1
5051,157,160,-3,3
5052,90,97,-7,7
5053,79,76,3,3
5054,131,114,17,17
5055,118,111,7,7
5056,110,96,14,14
5057,151,130,21,21
5058,159,155,4,4
5059,95,97,-2,2
5060,78,78,0,0
5061,107,110,-3,3
5062,131,125,6,6
5063,87,92,-5,5
5064,42,50,-8,8
5065,66,71,-5,5
5066,101,101,0,0
5067,140,130,10,10
5068,66,66,0,0
5069,43,50,-7,7
5070,100,97,3,3
5071,120,104,16,16
5072,76,67,9,9
5073,121,130,-9,9
5074,78,79,-1,1
5075,121,115,6,6
5076,51,60,-9,9
5077,101,102,-1,1
5078,136,132,4,4
5079,107,115,-8,8
5080,106,106,0,0
5081,116,110,6,6
5082,89,89,0,0
5083,65,70,-5,5
5084,154,142,12,12
5085,130,119,11,11
5086,98,87,11,11
5087,75,89,-14,14
5088,81,83,-2,2
5089,82,87,-5,5
5090,86,90,-4,4
5091,93,95,-2,2
5092,73,79,-6,6
5093,76,81,-5,5
5094,166,159,7,7
5095,98,94,4,4
5096,120,101,19,19
5097,67,72,-5,5
5098,81,81,0,0
5099,170,160,10,10
5100,40,56,-16,16
5101,101,98,3,3
5102,80,79,1,1
5103,121,102,19,19
5104,58,59,-1,1
5105,115,106,9,9
5106,63,65,-2,2
5107,87,90,-3,3
5108,148,150,-2,2
5109,102,99,3,3
5110,79,77,2,2
5111,118,104,14,14
5112,92,92,0,0
5113,110,108,2,2
5114,131,126,5,5
5115,139,147,-8,8
5116,68,76,-8,8
5117,122,122,0,0
5118,140,126,14,14
5119,124,114,10,10
5120,103,93,10,10
5121,59,76,-17,17
5122,80,84,-4,4
5123,131,120,11,11
5124,104,98,6,6
5125,155,138,17,17
5126,89,91,-2,2
5127,68,85,-17,17
5128,79,80,-1,1
5129,110,105,5,5
5130,54,60,-6,6
5131,121,131,-10,10
5132,101,101,0,0
5133,109,112,-3,3
5134,100,96,4,4
5135,132,127,5,5
5136,71,76,-5,5
5137,89,89,0,0
5138,92,91,1,1
5139,91,92,-1,1
5140,117,103,14,14
5141,100,95,5,5
5142,118,106,12,12
5143,160,132,28,28
5144,121,107,14,14
5145,88,95,-7,7
5146,152,146,6,6
5147,56,61,-5,5
5148,51,74,-23,23
5149,110,93,17,17
5150,79,84,-5,5
5151,68,83,-15,15
5152,52,59,-7,7
5153,129,126,3,3
5154,81,75,6,6
5155,39,46,-7,7
5156,55,109,-54,54
5157,53,62,-9,9
5158,92,93,-1,1
5159,72,75,-3,3
5160,103,102,1,1
5161,141,124,17,17
5162,82,86,-4,4
5163,69,75,-6,6
5164,168,156,12,12
5165,65,71,-6,6
5166,76,81,-5,5
5167,104,99,5,5
5168,89,91,-2,2
5169,101,102,-1,1
5170,53,62,-9,9
5171,105,100,5,5
5172,90,83,7,7
5173,116,105,11,11
5174,137,126,11,11
5175,126,110,16,16
5176,43,46,-3,3
5177,65,73,-8,8
5178,76,83,-7,7
5179,104,99,5,5
5180,88,82,6,6
5181,75,73,2,2
5182,82,81,1,1
5183,40,58,-18,18
5184,77,77,0,0
5185,66,70,-4,4
5186,154,138,16,16
5187,86,85,1,1
5188,112,116,-4,4
5189,93,95,-2,2
5190,130,144,-14,14
5191,177,161,16,16
5192,148,135,13,13
5193,80,85,-5,5
5194,58,59,-1,1
5195,115,104,11,11
5196,118,108,10,10
5197,66,67,-1,1
5198,161,152,9,9
5199,80,84,-4,4
5200,105,97,8,8
5201,56,60,-4,4
5202,66,72,-6,6
5203,93,92,1,1
5204,105,98,7,7
5205,96,95,1,1
5206,62,65,-3,3
5207,68,78,-10,10
5208,83,80,3,3
5209,110,103,7,7
5210,109,107,2,2
5211,147,130,17,17
5212,68,66,2,2
5213,121,107,14,14
5214,128,129,-1,1
5215,136,133,3,3
5216,110,100,10,10
5217,84,76,8,8
5218,93,92,1,1
5219,68,74,-6,6
5220,88,90,-2,2
5221,89,93,-4,4
5222,134,133,1,1
5223,128,123,5,5
5224,79,78,1,1
5225,66,68,-2,2
5226,58,56,2,2
5227,58,78,-20,20
5228,69,71,-2,2
5229,56,60,-4,4
5230,85,88,-3,3
5231,73,76,-3,3
5232,97,92,5,5
5233,100,85,15,15
5234,82,73,9,9
5235,65,69,-4,4
5236,90,97,-7,7
5237,66,83,-17,17
5238,58,61,-3,3
5239,62,98,-36,36
5240,50,57,-7,7
5241,84,80,4,4
5242,82,83,-1,1
5243,147,149,-2,2
5244,91,84,7,7
5245,95,91,4,4
5246,121,113,8,8
5247,56,64,-8,8
5248,54,52,2,2
5249,103,101,2,2
5250,86,78,8,8
5251,85,81,4,4
5252,97,83,14,14
5253,92,80,12,12
5254,59,64,-5,5
5255,115,110,5,5
5256,116,108,8,8
5257,101,97,4,4
5258,120,97,23,23
5259,164,143,21,21
5260,55,55,0,0
5261,91,93,-2,2
5262,75,81,-6,6
5263,121,117,4,4
5264,57,63,-6,6
5265,38,58,-20,20
5266,92,86,6,6
5267,67,69,-2,2
5268,120,113,7,7
5269,83,82,1,1
5270,138,134,4,4
5271,169,152,17,17
5272,59,70,-11,11
5273,47,57,-10,10
5274,46,50,-4,4
5275,123,125,-2,2
5276,142,133,9,9
5277,80,87,-7,7
5278,31,43,-12,12
5279,128,126,2,2
5280,112,98,14,14
5281,98,103,-5,5
5282,55,65,-10,10
5283,110,97,13,13
5284,91,95,-4,4
5285,112,94,18,18
5286,115,108,7,7
5287,73,70,3,3
5288,106,103,3,3
5289,93,89,4,4
5290,166,155,11,11
5291,128,134,-6,6
5292,112,106,6,6
5293,89,82,7,7
5294,74,76,-2,2
5295,106,117,-11,11
5296,72,75,-3,3
5297,78,78,0,0
5298,92,91,1,1
5299,140,125,15,15
5300,103,98,5,5
5301,102,109,-7,7
5302,63,79,-16,16
5303,169,153,16,16
5304,78,80,-2,2
5305,132,121,11,11
5306,50,52,-2,2
5307,127,110,17,17
5308,138,109,29,29
5309,61,59,2,2
5310,87,89,-2,2
5311,109,109,0,0
5312,77,79,-2,2
5313,92,104,-12,12
5314,84,80,4,4
5315,140,125,15,15
5316,79,84,-5,5
5317,87,82,5,5
5318,76,79,-3,3
5319,54,55,-1,1
5320,77,87,-10,10
5321,28,62,-34,34
5322,85,72,13,13
5323,41,46,-5,5
5324,78,83,-5,5
5325,117,105,12,12
5326,99,98,1,1
5327,130,125,5,5
5328,58,65,-7,7
5329,76,74,2,2
5330,72,78,-6,6
5331,72,71,1,1
5332,130,113,17,17
5333,85,90,-5,5
5334,74,78,-4,4
5335,117,109,8,8
5336,105,107,-2,2
5337,114,109,5,5
5338,94,95,-1,1
5339,127,119,8,8
5340,100,91,9,9
5341,100,101,-1,1
5342,114,106,8,8
5343,137,142,-5,5
5344,141,129,12,12
5345,186,166,20,20
5346,49,57,-8,8
5347,71,74,-3,3
5348,144,137,7,7
5349,108,88,20,20
5350,102,89,13,13
5351,129,120,9,9
5352,123,114,9,9
5353,48,56,-8,8
5354,70,69,1,1
5355,81,82,-1,1
5356,72,78,-6,6
5357,76,79,-3,3
5358,114,120,-6,6
5359,130,122,8,8
5360,113,118,-5,5
5361,57,62,-5,5
5362,77,79,-2,2
5363,117,111,6,6
5364,79,75,4,4
5365,87,94,-7,7
5366,99,95,4,4
5367,211,185,26,26
5368,92,84,8,8
5369,119,109,10,10
5370,54,63,-9,9
5371,111,102,9,9
5372,67,70,-3,3
5373,185,179,6,6
5374,68,79,-11,11
5375,190,161,29,29
5376,124,119,5,5
5377,80,90,-10,10
5378,78,76,2,2
5379,92,101,-9,9
5380,70,72,-2,2
5381,51,69,-18,18
5382,89,91,-2,2
5383,82,88,-6,6
5384,83,81,2,2
5385,204,178,26,26
5386,114,107,7,7
5387,62,66,-4,4
5388,100,88,12,12
5389,143,154,-11,11
5390,89,87,2,2
5391,123,126,-3,3
5392,150,141,9,9
5393,135,105,30,30
5394,114,114,0,0
5395,94,99,-5,5
5396,158,146,12,12
5397,58,69,-11,11
5398,94,97,-3,3
5399,59,63,-4,4
5400,81,97,-16,16
5401,70,72,-2,2
5402,79,80,-1,1
5403,49,61,-12,12
5404,85,80,5,5
5405,85,82,3,3
5406,55,57,-2,2
5407,97,98,-1,1
5408,95,94,1,1
5409,129,117,12,12
5410,53,63,-10,10
5411,109,109,0,0
5412,92,97,-5,5
5413,122,97,25,25
5414,102,101,1,1
5415,98,109,-11,11
5416,68,78,-10,10
5417,108,102,6,6
5418,92,86,6,6
5419,95,90,5,5
5420,65,67,-2,2
5421,27,33,-6,6
5422,62,67,-5,5
5423,109,104,5,5
5424,72,76,-4,4
5425,58,60,-2,2
5426,121,104,17,17
5427,101,94,7,7
5428,63,71,-8,8
5429,38,37,1,1
5430,145,136,9,9
5431,103,102,1,1
5432,215,207,8,8
5433,122,110,12,12
5434,90,93,-3,3
5435,67,70,-3,3
5436,98,102,-4,4
5437,106,111,-5,5
5438,119,117,2,2
5439,93,93,0,0
5440,48,64,-16,16
5441,87,85,2,2
5442,108,112,-4,4
5443,72,69,3,3
5444,124,116,8,8
5445,114,107,7,7
5446,43,48,-5,5
5447,109,105,4,4
5448,99,101,-2,2
5449,116,107,9,9
5450,72,90,-18,18
5451,122,128,-6,6
5452,98,98,0,0
5453,144,144,0,0
5454,78,73,5,5
5455,70,69,1,1
5456,114,101,13,13
5457,137,129,8,8
5458,113,102,11,11
5459,115,101,14,14
5460,85,86,-1,1
5461,63,64,-1,1
5462,114,114,0,0
5463,88,89,-1,1
5464,125,110,15,15
5465,116,111,5,5
5466,150,116,34,34
5467,78,80,-2,2
5468,75,75,0,0
5469,81,86,-5,5
5470,116,121,-5,5
5471,64,66,-2,2
5472,93,94,-1,1
5473,96,89,7,7
5474,147,145,2,2
5475,77,75,2,2
5476,139,135,4,4
5477,64,65,-1,1
5478,82,79,3,3
5479,70,71,-1,1
5480,142,135,7,7
5481,99,93,6,6
5482,64,68,-4,4
5483,80,88,-8,8
5484,69,65,4,4
5485,64,68,-4,4
5486,99,98,1,1
5487,120,103,17,17
5488,80,79,1,1
5489,145,143,2,2
5490,161,149,12,12
5491,86,90,-4,4
5492,123,117,6,6
5493,91,88,3,3
5494,147,135,12,12
5495,92,88,4,4
5496,79,82,-3,3
5497,144,128,16,16
5498,72,72,0,0
5499,91,99,-8,8
5500,162,150,12,12
5501,76,86,-10,10
5502,82,85,-3,3
5503,63,74,-11,11
5504,71,74,-3,3
5505,74,75,-1,1
5506,152,136,16,16
5507,102,103,-1,1
5508,70,70,0,0
5509,46,54,-8,8
5510,85,96,-11,11
5511,81,83,-2,2
5512,85,86,-1,1
5513,108,98,10,10
5514,124,114,10,10
5515,81,85,-4,4
5516,97,122,-25,25
5517,137,137,0,0
5518,125,114,11,11
5519,90,97,-7,7
5520,83,81,2,2
5521,89,91,-2,2
5522,124,109,15,15
5523,101,90,11,11
5524,103,101,2,2
5525,61,65,-4,4
5526,85,78,7,7
5527,102,103,-1,1
5528,83,96,-13,13
5529,91,94,-3,3
5530,131,102,29,29
5531,150,137,13,13
5532,107,104,3,3
5533,115,111,4,4
5534,126,118,8,8
5535,129,125,4,4
5536,95,90,5,5
5537,143,129,14,14
5538,115,113,2,2
5539,85,83,2,2
5540,164,152,12,12
5541,95,93,2,2
5542,137,138,-1,1
5543,121,113,8,8
5544,83,83,0,0
5545,115,122,-7,7
5546,154,151,3,3
5547,115,113,2,2
5548,88,82,6,6
5549,116,115,1,1
5550,119,98,21,21
5551,30,44,-14,14
5552,100,93,7,7
5553,132,134,-2,2
5554,186,164,22,22
5555,82,86,-4,4
5556,176,137,39,39
5557,107,100,7,7
5558,89,81,8,8
5559,94,95,-1,1
5560,51,50,1,1
5561,138,137,1,1
5562,78,79,-1,1
5563,59,65,-6,6
5564,58,62,-4,4
5565,67,70,-3,3
5566,79,75,4,4
5567,54,60,-6,6
5568,62,65,-3,3
5569,83,83,0,0
5570,75,80,-5,5
5571,115,108,7,7
5572,114,112,2,2
5573,126,107,19,19
5574,88,98,-10,10
5575,69,67,2,2
5576,38,57,-19,19
5577,71,71,0,0
5578,66,68,-2,2
5579,62,65,-3,3
5580,75,71,4,4
5581,59,59,0,0
5582,97,102,-5,5
5583,81,91,-10,10
5584,69,82,-13,13
5585,81,78,3,3
5586,101,101,0,0
5587,97,91,6,6
5588,60,74,-14,14
5589,119,113,6,6
5590,113,132,-19,19
5591,130,110,20,20
5592,61,72,-11,11
5593,166,153,13,13
5594,51,57,-6,6
5595,140,131,9,9
5596,109,111,-2,2
5597,115,116,-1,1
5598,112,102,10,10
5599,89,88,1,1
5600,65,70,-5,5
5601,97,99,-2,2
5602,81,87,-6,6
5603,59,63,-4,4
5604,52,57,-5,5
5605,74,86,-12,12
5606,76,82,-6,6
5607,111,83,28,28
5608,112,108,4,4
5609,66,69,-3,3
5610,96,90,6,6
5611,61,67,-6,6
5612,162,150,12,12
5613,120,109,11,11
5614,68,83,-15,15
5615,61,75,-14,14
5616,110,104,6,6
5617,114,115,-1,1
5618,41,46,-5,5
5619,63,58,5,5
5620,77,76,1,1
5621,92,85,7,7
5622,80,78,2,2
5623,40,51,-11,11
5624,56,65,-9,9
5625,72,74,-2,2
5626,123,108,15,15
5627,77,78,-1,1
5628,107,105,2,2
5629,112,108,4,4
5630,72,78,-6,6
5631,99,103,-4,4
5632,118,110,8,8
5633,77,76,1,1
5634,139,129,10,10
5635,84,84,0,0
5636,62,69,-7,7
5637,100,98,2,2
5638,80,79,1,1
5639,91,96,-5,5
5640,113,103,10,10
5641,45,46,-1,1
5642,71,65,6,6
5643,122,103,19,19
5644,53,58,-5,5
5645,78,92,-14,14
5646,65,66,-1,1
5647,40,54,-14,14
5648,136,123,13,13
5649,120,109,11,11
5650,104,108,-4,4
5651,85,83,2,2
5652,89,86,3,3
5653,84,90,-6,6
5654,80,89,-9,9
5655,119,121,-2,2
5656,105,99,6,6
5657,61,73,-12,12
5658,53,67,-14,14
5659,69,76,-7,7
5660,83,80,3,3
5661,122,102,20,20
5662,88,86,2,2
5663,88,83,5,5
5664,104,105,-1,1
5665,94,91,3,3
5666,133,124,9,9
5667,53,57,-4,4
5668,73,78,-5,5
5669,92,93,-1,1
5670,92,88,4,4
5671,91,89,2,2
5672,82,83,-1,1
5673,87,92,-5,5
5674,135,123,12,12
5675,126,120,6,6
5676,94,90,4,4
5677,55,59,-4,4
5678,104,94,10,10
5679,127,123,4,4
5680,135,127,8,8
5681,145,127,18,18
5682,99,99,0,0
5683,96,100,-4,4
5684,103,88,15,15
5685,32,41,-9,9
5686,74,79,-5,5
5687,109,95,14,14
5688,59,66,-7,7
5689,101,96,5,5
5690,69,69,0,0
5691,71,85,-14,14
5692,101,93,8,8
5693,129,125,4,4
5694,114,112,2,2
5695,73,77,-4,4
5696,179,151,28,28
5697,81,82,-1,1
5698,127,114,13,13
5699,129,126,3,3
5700,57,56,1,1
5701,50,62,-12,12
5702,80,70,10,10
5703,116,111,5,5
5704,93,84,9,9
5705,164,133,31,31
5706,43,52,-9,9
5707,96,103,-7,7
5708,88,78,10,10
5709,66,64,2,2
5710,97,97,0,0
5711,86,88,-2,2
5712,83,91,-8,8
5713,87,86,1,1
5714,61,68,-7,7
5715,81,85,-4,4
5716,164,151,13,13
5717,138,127,11,11
5718,115,114,1,1
5719,86,89,-3,3
5720,118,138,-20,20
5721,67,69,-2,2
5722,87,93,-6,6
5723,74,71,3,3
5724,51,53,-2,2
5725,67,67,0,0
5726,84,81,3,3
5727,94,91,3,3
5728,69,72,-3,3
5729,115,117,-2,2
5730,48,54,-6,6
5731,77,75,2,2
5732,81,81,0,0
5733,110,114,-4,4
5734,74,92,-18,18
5735,54,66,-12,12
5736,84,85,-1,1
5737,70,76,-6,6
5738,64,70,-6,6
5739,80,86,-6,6
5740,78,75,3,3
5741,83,93,-10,10
5742,81,79,2,2
5743,34,43,-9,9
5744,149,156,-7,7
5745,50,57,-7,7
5746,57,61,-4,4
5747,75,76,-1,1
5748,139,125,14,14
5749,48,52,-4,4
5750,61,68,-7,7
5751,96,89,7,7
5752,64,62,2,2
5753,90,89,1,1
5754,81,81,0,0
5755,119,122,-3,3
5756,129,123,6,6
5757,111,110,1,1
5758,79,84,-5,5
5759,107,99,8,8
5760,77,83,-6,6
5761,67,69,-2,2
5762,103,93,10,10
5763,60,66,-6,6
5764,115,114,1,1
5765,62,61,1,1
5766,71,77,-6,6
5767,67,78,-11,11
5768,46,53,-7,7
5769,52,56,-4,4
5770,55,60,-5,5
5771,95,89,6,6
5772,119,102,17,17
5773,156,156,0,0
5774,89,81,8,8
5775,130,107,23,23
5776,149,140,9,9
5777,53,68,-15,15
5778,103,99,4,4
5779,181,156,25,25
5780,88,88,0,0
5781,91,88,3,3
5782,79,73,6,6
5783,64,79,-15,15
5784,85,91,-6,6
5785,45,52,-7,7
5786,72,73,-1,1
5787,118,109,9,9
5788,54,56,-2,2
5789,98,99,-1,1
5790,79,84,-5,5
5791,63,66,-3,3
5792,27,41,-14,14
5793,142,133,9,9
5794,67,69,-2,2
5795,146,136,10,10
5796,80,86,-6,6
5797,68,82,-14,14
5798,92,95,-3,3
5799,48,56,-8,8
5800,117,98,19,19
5801,98,97,1,1
5802,73,77,-4,4
5803,84,86,-2,2
5804,95,91,4,4
5805,120,116,4,4
5806,151,155,-4,4
5807,50,54,-4,4
5808,93,92,1,1
5809,150,144,6,6
5810,65,80,-15,15
5811,76,81,-5,5
5812,69,73,-4,4
5813,91,89,2,2
5814,81,85,-4,4
5815,92,88,4,4
5816,127,138,-11,11
5817,100,96,4,4
5818,98,97,1,1
5819,109,102,7,7
5820,69,75,-6,6
5821,94,97,-3,3
5822,156,138,18,18
5823,82,93,-11,11
5824,62,78,-16,16
5825,56,61,-5,5
5826,44,54,-10,10
5827,134,101,33,33
5828,75,77,-2,2
5829,88,90,-2,2
5830,63,71,-8,8
5831,106,105,1,1
5832,121,104,17,17
5833,94,98,-4,4
5834,89,95,-6,6
5835,45,57,-12,12
5836,76,81,-5,5
5837,85,87,-2,2
5838,129,134,-5,5
5839,113,106,7,7
5840,127,116,11,11
5841,129,145,-16,16
5842,92,90,2,2
5843,60,61,-1,1
5844,91,78,13,13
5845,90,84,6,6
5846,143,136,7,7
5847,79,78,1,1
5848,118,157,-39,39
5849,65,69,-4,4
5850,88,81,7,7
5851,102,104,-2,2
5852,67,71,-4,4
5853,104,98,6,6
5854,164,155,9,9
5855,145,135,10,10
5856,51,54,-3,3
5857,35,43,-8,8
5858,125,118,7,7
5859,78,81,-3,3
5860,110,104,6,6
5861,133,128,5,5
5862,92,93,-1,1
5863,89,96,-7,7
5864,66,71,-5,5
5865,96,97,-1,1
5866,74,74,0,0
5867,21,29,-8,8
5868,52,58,-6,6
5869,49,55,-6,6
5870,133,139,-6,6
5871,56,63,-7,7
5872,48,55,-7,7
5873,53,50,3,3
5874,86,91,-5,5
5875,81,94,-13,13
5876,139,135,4,4
5877,111,117,-6,6
5878,118,119,-1,1
5879,61,65,-4,4
5880,88,96,-8,8
5881,58,63,-5,5
5882,91,88,3,3
5883,110,105,5,5
5884,118,94,24,24
5885,109,100,9,9
5886,52,59,-7,7
5887,69,74,-5,5
5888,144,124,20,20
5889,87,85,2,2
5890,153,126,27,27
5891,49,59,-10,10
5892,106,109,-3,3
5893,85,86,-1,1
5894,95,93,2,2
5895,99,97,2,2
5896,154,149,5,5
5897,64,80,-16,16
5898,74,73,1,1
5899,94,86,8,8
5900,83,70,13,13
5901,66,72,-6,6
5902,48,59,-11,11
5903,87,98,-11,11
5904,28,54,-26,26
5905,63,62,1,1
5906,117,112,5,5
5907,169,160,9,9
5908,54,57,-3,3
5909,118,113,5,5
5910,77,74,3,3
5911,87,91,-4,4
5912,259,218,41,41
5913,116,120,-4,4
5914,141,130,11,11
5915,63,72,-9,9
5916,194,166,28,28
5917,58,74,-16,16
5918,117,112,5,5
5919,101,98,3,3
5920,128,122,6,6
5921,99,87,12,12
5922,122,104,18,18
5923,146,134,12,12
5924,117,102,15,15
5925,85,90,-5,5
5926,156,148,8,8
5927,85,83,2,2
5928,149,152,-3,3
5929,62,70,-8,8
5930,133,129,4,4
5931,76,79,-3,3
5932,67,70,-3,3
5933,125,142,-17,17
5934,73,72,1,1
5935,106,94,12,12
5936,98,96,2,2
5937,113,109,4,4
5938,151,148,3,3
5939,91,89,2,2
5940,115,119,-4,4
5941,99,102,-3,3
5942,51,58,-7,7
5943,102,106,-4,4
5944,123,109,14,14
5945,71,69,2,2
5946,116,113,3,3
5947,118,113,5,5
5948,151,155,-4,4
5949,93,83,10,10
5950,77,81,-4,4
5951,52,54,-2,2
5952,88,85,3,3
5953,56,57,-1,1
5954,152,156,-4,4
5955,129,127,2,2
5956,75,82,-7,7
5957,98,94,4,4
5958,149,146,3,3
5959,73,73,0,0
5960,96,107,-11,11
5961,145,142,3,3
5962,88,83,5,5
5963,159,142,17,17
5964,178,156,22,22
5965,81,87,-6,6
5966,142,126,16,16
5967,97,92,5,5
5968,145,138,7,7
5969,91,89,2,2
5970,85,72,13,13
5971,87,77,10,10
5972,90,79,11,11
5973,68,71,-3,3
5974,94,90,4,4
5975,101,95,6,6
5976,92,82,10,10
5977,71,78,-7,7
5978,113,109,4,4
5979,102,98,4,4
5980,114,113,1,1
5981,97,94,3,3
5982,47,60,-13,13
5983,60,66,-6,6
5984,135,128,7,7
5985,58,59,-1,1
5986,206,173,33,33
5987,68,74,-6,6
5988,42,53,-11,11
5989,73,68,5,5
5990,83,77,6,6
5991,72,70,2,2
5992,111,83,28,28
5993,58,55,3,3
5994,130,139,-9,9
5995,111,107,4,4
5996,140,145,-5,5
5997,95,96,-1,1
5998,96,93,3,3
5999,91,89,2,2
6000,79,80,-1,1
6001,74,76,-2,2
6002,169,148,21,21
6003,117,116,1,1
6004,78,65,13,13
6005,115,114,1,1
6006,44,50,-6,6
6007,103,111,-8,8
6008,78,95,-17,17
6009,49,58,-9,9
6010,126,125,1,1
6011,93,85,8,8
6012,140,137,3,3
6013,85,91,-6,6
6014,116,122,-6,6
6015,83,78,5,5
6016,96,102,-6,6
6017,143,125,18,18
6018,74,79,-5,5
6019,92,93,-1,1
6020,63,61,2,2
6021,49,62,-13,13
6022,144,141,3,3
6023,54,57,-3,3
6024,116,155,-39,39
6025,66,77,-11,11
6026,56,65,-9,9
6027,56,90,-34,34
6028,107,108,-1,1
6029,140,130,10,10
6030,92,98,-6,6
6031,76,84,-8,8
6032,90,95,-5,5
6033,138,139,-1,1
6034,71,67,4,4
6035,89,99,-10,10
6036,66,63,3,3
6037,60,64,-4,4
6038,116,121,-5,5
6039,179,167,12,12
6040,90,79,11,11
6041,116,118,-2,2
6042,89,89,0,0
6043,95,90,5,5
6044,85,81,4,4
6045,53,60,-7,7
6046,166,156,10,10
6047,43,52,-9,9
6048,119,120,-1,1
6049,105,114,-9,9
6050,121,109,12,12
6051,73,74,-1,1
6052,67,69,-2,2
6053,119,117,2,2
6054,106,105,1,1
6055,72,69,3,3
6056,75,73,2,2
6057,70,77,-7,7
6058,143,130,13,13
6059,83,81,2,2
6060,83,78,5,5
6061,46,63,-17,17
6062,47,50,-3,3
6063,119,113,6,6
6064,108,98,10,10
6065,43,60,-17,17
6066,64,63,1,1
6067,83,87,-4,4
6068,141,129,12,12
6069,107,103,4,4
6070,35,57,-22,22
6071,119,115,4,4
6072,88,82,6,6
6073,77,82,-5,5
6074,75,76,-1,1
6075,140,131,9,9
6076,66,69,-3,3
6077,121,127,-6,6
6078,47,62,-15,15
6079,68,74,-6,6
6080,112,102,10,10
6081,178,158,20,20
6082,87,94,-7,7
6083,164,143,21,21
6084,79,83,-4,4
6085,71,73,-2,2
6086,111,125,-14,14
6087,78,84,-6,6
6088,160,162,-2,2
6089,98,96,2,2
6090,115,153,-38,38
6091,95,104,-9,9
6092,65,69,-4,4
6093,159,155,4,4
6094,85,86,-1,1
6095,69,68,1,1
6096,116,110,6,6
6097,55,61,-6,6
6098,96,97,-1,1
6099,94,87,7,7
6100,72,71,1,1
6101,94,85,9,9
6102,124,129,-5,5
6103,62,66,-4,4
6104,79,73,6,6
6105,146,129,17,17
6106,42,53,-11,11
6107,85,83,2,2
6108,100,87,13,13
6109,131,110,21,21
6110,72,79,-7,7
6111,49,52,-3,3
6112,116,105,11,11
6113,102,99,3,3
6114,135,129,6,6
6115,138,127,11,11
6116,40,62,-22,22
6117,104,98,6,6
6118,99,96,3,3
6119,50,52,-2,2
6120,108,102,6,6
6121,106,102,4,4
6122,93,88,5,5
6123,155,153,2,2
6124,127,116,11,11
6125,78,80,-2,2
6126,87,88,-1,1
6127,73,77,-4,4
6128,92,94,-2,2
6129,86,84,2,2
6130,117,111,6,6
6131,65,64,1,1
6132,44,47,-3,3
6133,142,133,9,9
6134,83,90,-7,7
6135,104,98,6,6
6136,119,100,19,19
6137,112,106,6,6
6138,96,84,12,12
6139,58,68,-10,10
6140,44,49,-5,5
6141,107,107,0,0
6142,115,111,4,4
6143,87,91,-4,4
6144,102,98,4,4
6145,89,85,4,4
6146,119,111,8,8
6147,101,99,2,2
6148,55,62,-7,7
6149,92,85,7,7
6150,108,97,11,11
6151,57,62,-5,5
6152,119,110,9,9
6153,133,126,7,7
6154,80,84,-4,4
6155,66,71,-5,5
6156,114,105,9,9
6157,111,111,0,0
6158,140,126,14,14
6159,108,87,21,21
6160,89,98,-9,9
6161,88,81,7,7
6162,76,83,-7,7
6163,80,83,-3,3
6164,98,88,10,10
6165,73,76,-3,3
6166,136,126,10,10
6167,50,55,-5,5
6168,88,99,-11,11
6169,69,72,-3,3
6170,151,142,9,9
6171,66,64,2,2
6172,73,72,1,1
6173,65,64,1,1
6174,72,76,-4,4
6175,52,58,-6,6
6176,108,90,18,18
6177,86,83,3,3
6178,34,52,-18,18
6179,183,174,9,9
6180,54,54,0,0
6181,122,122,0,0
6182,64,68,-4,4
6183,75,79,-4,4
6184,105,93,12,12
6185,65,71,-6,6
6186,84,92,-8,8
6187,101,98,3,3
6188,117,107,10,10
6189,148,144,4,4
6190,66,68,-2,2
6191,106,109,-3,3
6192,147,125,22,22
6193,108,108,0,0
6194,133,103,30,30
6195,42,50,-8,8
6196,67,65,2,2
6197,117,107,10,10
6198,127,131,-4,4
6199,84,84,0,0
6200,72,70,2,2
6201,77,76,1,1
6202,83,79,4,4
6203,77,91,-14,14
6204,133,126,7,7
6205,61,71,-10,10
6206,75,82,-7,7
6207,81,80,1,1
6208,95,93,2,2
6209,115,106,9,9
6210,106,95,11,11
6211,85,77,8,8
6212,89,88,1,1
6213,103,98,5,5
6214,78,76,2,2
6215,83,81,2,2
6216,128,110,18,18
6217,64,71,-7,7
6218,87,84,3,3
6219,108,96,12,12
6220,108,104,4,4
6221,77,76,1,1
6222,65,75,-10,10
6223,56,61,-5,5
6224,69,65,4,4
6225,83,84,-1,1
6226,93,96,-3,3
6227,85,86,-1,1
6228,177,168,9,9
6229,52,58,-6,6
6230,35,45,-10,10
6231,128,117,11,11
6232,98,93,5,5
6233,83,81,2,2
6234,67,67,0,0
6235,102,100,2,2
6236,115,112,3,3
6237,103,97,6,6
6238,99,98,1,1
6239,100,97,3,3
6240,148,126,22,22
6241,67,69,-2,2
6242,131,124,7,7
6243,76,77,-1,1
6244,91,93,-2,2
6245,110,92,18,18
6246,133,130,3,3
6247,77,93,-16,16
6248,151,147,4,4
6249,130,131,-1,1
6250,80,85,-5,5
6251,86,89,-3,3
6252,117,120,-3,3
6253,72,72,0,0
6254,104,104,0,0
6255,108,99,9,9
6256,103,103,0,0
6257,57,66,-9,9
6258,30,43,-13,13
6259,70,74,-4,4
6260,93,102,-9,9
6261,75,73,2,2
6262,46,55,-9,9
6263,169,129,40,40
6264,88,85,3,3
6265,71,78,-7,7
6266,97,98,-1,1
6267,133,122,11,11
6268,77,81,-4,4
6269,93,97,-4,4
6270,52,69,-17,17
6271,124,136,-12,12
6272,60,90,-30,30
6273,53,64,-11,11
6274,98,97,1,1
6275,105,92,13,13
6276,92,87,5,5
6277,106,100,6,6
6278,55,59,-4,4
6279,94,97,-3,3
6280,94,84,10,10
6281,67,72,-5,5
6282,109,99,10,10
6283,61,69,-8,8
6284,49,59,-10,10
6285,99,93,6,6
6286,109,98,11,11
6287,73,71,2,2
6288,107,102,5,5
6289,82,80,2,2
6290,122,118,4,4
6291,50,55,-5,5
6292,102,95,7,7
6293,99,96,3,3
6294,40,45,-5,5
6295,61,61,0,0
6296,94,96,-2,2
6297,55,62,-7,7
6298,66,67,-1,1
6299,58,68,-10,10
6300,139,147,-8,8
6301,104,89,15,15
6302,74,73,1,1
6303,77,72,5,5
6304,77,73,4,4
6305,91,90,1,1
6306,74,72,2,2
6307,63,66,-3,3
6308,56,60,-4,4
6309,103,110,-7,7
6310,83,85,-2,2
6311,69,79,-10,10
6312,165,146,19,19
6313,109,106,3,3
6314,93,81,12,12
6315,123,120,3,3
6316,142,136,6,6
6317,71,67,4,4
6318,102,99,3,3
6319,81,82,-1,1
6320,178,151,27,27
6321,75,71,4,4
6322,68,74,-6,6
6323,135,122,13,13
6324,103,101,2,2
6325,108,105,3,3
6326,62,82,-20,20
6327,95,98,-3,3
6328,114,106,8,8
6329,120,114,6,6
6330,124,124,0,0
6331,90,93,-3,3
6332,29,33,-4,4
6333,69,76,-7,7
6334,61,74,-13,13
6335,85,82,3,3
6336,83,93,-10,10
6337,122,109,13,13
6338,148,140,8,8
6339,108,97,11,11
6340,96,100,-4,4
6341,75,79,-4,4
6342,101,109,-8,8
6343,81,78,3,3
6344,98,101,-3,3
6345,95,91,4,4
6346,100,95,5,5
6347,96,99,-3,3
6348,161,165,-4,4
6349,84,86,-2,2
6350,55,59,-4,4
6351,59,68,-9,9
6352,124,119,5,5
6353,137,135,2,2
6354,118,111,7,7
6355,144,120,24,24
6356,182,165,17,17
6357,126,115,11,11
6358,127,109,18,18
6359,111,105,6,6
6360,92,91,1,1
6361,106,102,4,4
6362,74,79,-5,5
6363,68,83,-15,15
6364,108,115,-7,7
6365,95,90,5,5
6366,103,102,1,1
6367,81,84,-3,3
6368,86,89,-3,3
6369,170,147,23,23
6370,50,56,-6,6
6371,51,58,-7,7
6372,94,86,8,8
6373,146,150,-4,4
6374,74,77,-3,3
6375,100,90,10,10
6376,128,107,21,21
6377,74,70,4,4
6378,108,103,5,5
6379,77,83,-6,6
6380,63,68,-5,5
6381,50,50,0,0
6382,109,99,10,10
6383,52,61,-9,9
6384,68,83,-15,15
6385,90,96,-6,6
6386,80,87,-7,7
6387,55,68,-13,13
6388,103,93,10,10
6389,84,89,-5,5
6390,90,80,10,10
6391,66,76,-10,10
6392,167,156,11,11
6393,82,84,-2,2
6394,73,73,0,0
6395,86,92,-6,6
6396,71,77,-6,6
6397,80,86,-6,6
6398,92,94,-2,2
6399,117,102,15,15
6400,51,60,-9,9
6401,94,95,-1,1
6402,84,83,1,1
6403,135,136,-1,1
6404,66,76,-10,10
6405,151,143,8,8
6406,92,93,-1,1
6407,102,101,1,1
6408,116,102,14,14
6409,50,62,-12,12
6410,88,93,-5,5
6411,119,111,8,8
6412,107,108,-1,1
6413,93,99,-6,6
6414,142,132,10,10
6415,52,57,-5,5
6416,115,112,3,3
6417,52,59,-7,7
6418,56,60,-4,4
6419,152,129,23,23
6420,83,76,7,7
6421,62,67,-5,5
6422,64,77,-13,13
6423,119,107,12,12
6424,157,134,23,23
6425,51,63,-12,12
6426,118,115,3,3
6427,58,70,-12,12
6428,94,90,4,4
6429,45,53,-8,8
6430,120,107,13,13
6431,88,89,-1,1
6432,84,91,-7,7
6433,131,127,4,4
6434,98,92,6,6
6435,50,54,-4,4
6436,88,77,11,11
6437,101,112,-11,11
6438,78,74,4,4
6439,40,65,-25,25
6440,103,108,-5,5
6441,96,90,6,6
6442,83,83,0,0
6443,93,92,1,1
6444,82,77,5,5
6445,103,99,4,4
6446,41,65,-24,24
6447,39,54,-15,15
6448,60,60,0,0
6449,137,121,16,16
6450,46,48,-2,2
6451,51,58,-7,7
6452,82,86,-4,4
6453,131,116,15,15
6454,66,76,-10,10
6455,76,73,3,3
6456,204,177,27,27
6457,106,104,2,2
6458,72,74,-2,2
6459,145,140,5,5
6460,80,78,2,2
6461,89,94,-5,5
6462,148,144,4,4
6463,141,122,19,19
6464,59,68,-9,9
6465,51,54,-3,3
6466,88,84,4,4
6467,77,79,-2,2
6468,103,101,2,2
6469,94,85,9,9
6470,92,84,8,8
6471,82,78,4,4
6472,89,95,-6,6
6473,72,77,-5,5
6474,135,124,11,11
6475,135,122,13,13
6476,85,82,3,3
6477,63,68,-5,5
6478,173,159,14,14
6479,108,105,3,3
6480,141,113,28,28
6481,85,90,-5,5
6482,144,139,5,5
6483,66,68,-2,2
6484,86,89,-3,3
6485,84,77,7,7
6486,107,99,8,8
6487,60,65,-5,5
6488,62,72,-10,10
6489,174,165,9,9
6490,68,66,2,2
6491,74,81,-7,7
6492,67,69,-2,2
6493,72,68,4,4
6494,117,103,14,14
6495,93,114,-21,21
6496,69,78,-9,9
6497,75,79,-4,4
6498,84,83,1,1
6499,101,103,-2,2
6500,78,78,0,0
6501,202,181,21,21
6502,97,105,-8,8
6503,79,80,-1,1
6504,97,101,-4,4
6505,60,71,-11,11
6506,58,59,-1,1
6507,113,118,-5,5
6508,63,68,-5,5
6509,79,81,-2,2
6510,94,92,2,2
6511,129,123,6,6
6512,142,134,8,8
6513,96,95,1,1
6514,83,78,5,5
6515,137,127,10,10
6516,99,92,7,7
6517,92,95,-3,3
6518,92,99,-7,7
6519,69,69,0,0
6520,126,138,-12,12
6521,148,150,-2,2
6522,90,90,0,0
6523,94,89,5,5
6524,111,108,3,3
6525,86,93,-7,7
6526,49,59,-10,10
6527,124,113,11,11
6528,107,108,-1,1
6529,129,120,9,9
6530,58,57,1,1
6531,70,72,-2,2
6532,70,78,-8,8
6533,91,84,7,7
6534,86,78,8,8
6535,102,103,-1,1
6536,83,86,-3,3
6537,119,116,3,3
6538,76,78,-2,2
6539,49,51,-2,2
6540,94,82,12,12
6541,124,99,25,25
6542,65,66,-1,1
6543,96,106,-10,10
6544,170,162,8,8
6545,68,78,-10,10
6546,28,30,-2,2
6547,135,132,3,3
6548,151,124,27,27
6549,80,86,-6,6
6550,79,94,-15,15
6551,68,83,-15,15
6552,118,103,15,15
6553,73,76,-3,3
6554,104,111,-7,7
6555,147,131,16,16
6556,91,96,-5,5
6557,147,126,21,21
6558,55,67,-12,12
6559,66,72,-6,6
6560,121,108,13,13
6561,70,74,-4,4
6562,107,101,6,6
6563,153,147,6,6
6564,124,120,4,4
6565,59,71,-12,12
6566,90,88,2,2
6567,57,68,-11,11
6568,129,113,16,16
6569,98,101,-3,3
6570,152,138,14,14
6571,55,65,-10,10
6572,93,74,19,19
6573,61,62,-1,1
6574,135,126,9,9
6575,72,70,2,2
6576,105,108,-3,3
6577,65,94,-29,29
6578,91,88,3,3
6579,117,108,9,9
6580,85,91,-6,6
6581,125,116,9,9
6582,57,66,-9,9
6583,151,134,17,17
6584,68,74,-6,6
6585,104,112,-8,8
6586,53,62,-9,9
6587,88,89,-1,1
6588,91,86,5,5
6589,184,148,36,36
6590,99,96,3,3
6591,189,161,28,28
6592,186,164,22,22
6593,125,112,13,13
6594,62,75,-13,13
6595,103,102,1,1
6596,183,170,13,13
6597,62,60,2,2
6598,66,70,-4,4
6599,73,73,0,0
6600,114,108,6,6
6601,123,121,2,2
6602,108,93,15,15
6603,115,107,8,8
6604,124,113,11,11
6605,66,79,-13,13
6606,104,87,17,17
6607,75,78,-3,3
6608,108,108,0,0
6609,81,84,-3,3
6610,82,72,10,10
6611,80,75,5,5
6612,30,44,-14,14
6613,90,87,3,3
6614,62,66,-4,4
6615,86,82,4,4
6616,56,61,-5,5
6617,95,97,-2,2
6618,100,100,0,0
6619,102,98,4,4
6620,102,103,-1,1
6621,59,60,-1,1
6622,152,131,21,21
6623,163,158,5,5
6624,143,132,11,11
6625,162,152,10,10
6626,84,88,-4,4
6627,78,82,-4,4
6628,92,97,-5,5
6629,79,83,-4,4
6630,78,76,2,2
6631,120,106,14,14
6632,99,93,6,6
6633,103,89,14,14
6634,76,83,-7,7
6635,80,79,1,1
6636,66,68,-2,2
6637,128,122,6,6
6638,85,76,9,9
6639,100,101,-1,1
6640,46,59,-13,13
6641,125,118,7,7
6642,111,112,-1,1
6643,119,112,7,7
6644,59,67,-8,8
6645,55,58,-3,3
6646,158,146,12,12
6647,106,109,-3,3
6648,136,133,3,3
6649,108,99,9,9
6650,124,116,8,8
6651,106,102,4,4
6652,92,82,10,10
6653,118,120,-2,2
6654,108,100,8,8
6655,114,103,11,11
6656,51,60,-9,9
6657,85,82,3,3
6658,61,88,-27,27
6659,74,75,-1,1
6660,67,69,-2,2
6661,108,103,5,5
6662,132,125,7,7
6663,78,73,5,5
6664,102,106,-4,4
6665,175,144,31,31
6666,140,133,7,7
6667,93,88,5,5
6668,75,84,-9,9
6669,98,95,3,3
6670,98,89,9,9
6671,119,107,12,12
6672,121,143,-22,22
6673,94,95,-1,1
6674,117,97,20,20
6675,108,109,-1,1
6676,87,105,-18,18
6677,100,94,6,6
6678,88,84,4,4
6679,86,70,16,16
6680,65,70,-5,5
6681,81,78,3,3
6682,89,87,2,2
6683,114,105,9,9
6684,108,105,3,3
6685,95,86,9,9
6686,100,98,2,2
6687,98,96,2,2
6688,88,86,2,2
6689,95,99,-4,4
6690,92,93,-1,1
6691,161,150,11,11
6692,57,58,-1,1
6693,89,90,-1,1
6694,67,58,9,9
6695,101,102,-1,1
6696,102,105,-3,3
6697,84,85,-1,1
6698,64,65,-1,1
6699,127,122,5,5
6700,97,98,-1,1
6701,101,100,1,1
6702,65,72,-7,7
6703,89,83,6,6
6704,70,73,-3,3
6705,67,73,-6,6
6706,169,157,12,12
6707,59,71,-12,12
6708,163,143,20,20
6709,38,47,-9,9
6710,117,108,9,9
6711,53,58,-5,5
6712,52,58,-6,6
6713,120,116,4,4
6714,80,71,9,9
6715,52,62,-10,10
6716,127,139,-12,12
6717,87,94,-7,7
6718,54,84,-30,30
6719,66,64,2,2
6720,98,92,6,6
6721,112,112,0,0
6722,56,62,-6,6
6723,114,109,5,5
6724,90,86,4,4
6725,87,87,0,0
6726,58,65,-7,7
6727,118,110,8,8
6728,96,98,-2,2
6729,102,108,-6,6
6730,84,90,-6,6
6731,111,104,7,7
6732,62,69,-7,7
6733,73,71,2,2
6734,69,73,-4,4
6735,133,121,12,12
6736,87,83,4,4
6737,64,67,-3,3
6738,85,89,-4,4
6739,103,96,7,7
6740,86,83,3,3
6741,68,71,-3,3
6742,145,144,1,1
6743,74,69,5,5
6744,91,97,-6,6
6745,102,93,9,9
6746,128,125,3,3
6747,104,103,1,1
6748,110,115,-5,5
6749,56,58,-2,2
6750,83,83,0,0
6751,109,110,-1,1
6752,77,75,2,2
6753,164,143,21,21
6754,137,129,8,8
6755,134,118,16,16
6756,172,160,12,12
6757,116,110,6,6
6758,80,78,2,2
6759,50,58,-8,8
6760,168,147,21,21
6761,68,75,-7,7
6762,88,92,-4,4
6763,48,51,-3,3
6764,60,62,-2,2
6765,135,137,-2,2
6766,75,70,5,5
6767,187,168,19,19
6768,78,75,3,3
6769,117,98,19,19
6770,109,113,-4,4
6771,79,74,5,5
6772,80,82,-2,2
6773,72,74,-2,2
6774,105,104,1,1
6775,130,134,-4,4
6776,108,110,-2,2
6777,39,51,-12,12
6778,94,99,-5,5
6779,76,85,-9,9
6780,84,88,-4,4
6781,110,118,-8,8
6782,79,79,0,0
6783,129,105,24,24
6784,66,69,-3,3
6785,73,78,-5,5
6786,90,83,7,7
6787,69,73,-4,4
6788,76,69,7,7
6789,96,107,-11,11
6790,113,107,6,6
6791,118,114,4,4
6792,78,76,2,2
6793,92,87,5,5
6794,96,90,6,6
6795,111,115,-4,4
6796,143,150,-7,7
6797,101,97,4,4
6798,99,101,-2,2
6799,110,117,-7,7
6800,105,105,0,0
6801,79,80,-1,1
6802,80,90,-10,10
6803,54,57,-3,3
6804,86,83,3,3
6805,66,78,-12,12
6806,96,92,4,4
6807,151,144,7,7
6808,78,99,-21,21
6809,82,90,-8,8
6810,93,89,4,4
6811,57,70,-13,13
6812,129,117,12,12
6813,89,88,1,1
6814,83,82,1,1
6815,72,82,-10,10
6816,85,85,0,0
6817,58,64,-6,6
6818,69,74,-5,5
6819,69,82,-13,13
6820,55,58,-3,3
6821,114,99,15,15
6822,145,126,19,19
6823,81,89,-8,8
6824,41,55,-14,14
6825,88,102,-14,14
6826,108,110,-2,2
6827,104,100,4,4
6828,74,69,5,5
6829,111,107,4,4
6830,74,76,-2,2
6831,82,80,2,2
6832,129,120,9,9
6833,75,80,-5,5
6834,137,122,15,15
6835,135,128,7,7
6836,93,84,9,9
6837,73,85,-12,12
6838,125,123,2,2
6839,110,116,-6,6
6840,147,153,-6,6
6841,86,93,-7,7
6842,96,92,4,4
6843,104,99,5,5
6844,110,111,-1,1
6845,80,79,1,1
6846,66,74,-8,8
6847,168,158,10,10
6848,123,130,-7,7
6849,138,137,1,1
6850,66,69,-3,3
6851,66,66,0,0
6852,143,125,18,18
6853,88,78,10,10
6854,76,84,-8,8
6855,143,146,-3,3
6856,108,98,10,10
6857,74,75,-1,1
6858,76,75,1,1
6859,59,66,-7,7
6860,87,84,3,3
6861,113,105,8,8
6862,57,62,-5,5
6863,56,71,-15,15
6864,102,94,8,8
6865,74,77,-3,3
6866,89,90,-1,1
6867,75,81,-6,6
6868,128,125,3,3
6869,106,108,-2,2
6870,92,85,7,7
6871,138,138,0,0
6872,75,73,2,2
6873,103,100,3,3
6874,120,105,15,15
6875,136,121,15,15
6876,72,77,-5,5
6877,128,127,1,1
6878,128,121,7,7
6879,150,139,11,11
6880,86,82,4,4
6881,85,84,1,1
6882,62,63,-1,1
6883,76,79,-3,3
6884,123,122,1,1
6885,64,70,-6,6
6886,116,113,3,3
6887,62,68,-6,6
6888,81,80,1,1
6889,118,108,10,10
6890,117,113,4,4
6891,123,107,16,16
6892,144,127,17,17
6893,109,105,4,4
6894,79,78,1,1
6895,97,102,-5,5
6896,87,84,3,3
6897,55,58,-3,3
6898,65,69,-4,4
6899,103,101,2,2
6900,90,79,11,11
6901,87,82,5,5
6902,43,50,-7,7
6903,92,91,1,1
6904,147,141,6,6
6905,106,99,7,7
6906,68,77,-9,9
6907,71,69,2,2
6908,97,95,2,2
6909,93,95,-2,2
6910,69,85,-16,16
6911,92,96,-4,4
6912,77,83,-6,6
6913,132,124,8,8
6914,87,91,-4,4
6915,118,108,10,10
6916,58,63,-5,5
6917,43,46,-3,3
6918,80,88,-8,8
6919,118,105,13,13
6920,107,116,-9,9
6921,132,127,5,5
6922,86,90,-4,4
6923,114,105,9,9
6924,85,82,3,3
6925,66,74,-8,8
6926,65,68,-3,3
6927,84,88,-4,4
6928,122,114,8,8
6929,74,80,-6,6
6930,154,157,-3,3
6931,93,91,2,2
6932,40,68,-28,28
6933,88,82,6,6
6934,84,89,-5,5
6935,67,71,-4,4
6936,113,116,-3,3
6937,110,107,3,3
6938,217,182,35,35
6939,99,102,-3,3
6940,107,106,1,1
6941,120,115,5,5
6942,116,106,10,10
6943,70,81,-11,11
6944,86,83,3,3
6945,89,94,-5,5
6946,75,74,1,1
6947,72,73,-1,1
6948,75,77,-2,2
6949,55,67,-12,12
6950,196,184,12,12
6951,114,106,8,8
6952,142,92,50,50
6953,76,80,-4,4
6954,71,68,3,3
6955,80,87,-7,7
6956,81,80,1,1
6957,106,95,11,11
6958,126,118,8,8
6959,114,113,1,1
6960,90,91,-1,1
6961,134,127,7,7
6962,112,107,5,5
6963,86,86,0,0
6964,109,111,-2,2
6965,98,107,-9,9
6966,123,119,4,4
6967,48,50,-2,2
6968,89,87,2,2
6969,141,137,4,4
6970,122,116,6,6
6971,65,73,-8,8
6972,163,148,15,15
6973,106,100,6,6
6974,145,140,5,5
6975,65,66,-1,1
6976,111,93,18,18
6977,110,109,1,1
6978,40,46,-6,6
6979,77,79,-2,2
6980,81,79,2,2
6981,136,125,11,11
6982,124,125,-1,1
6983,107,107,0,0
6984,83,81,2,2
6985,137,127,10,10
6986,93,95,-2,2
6987,95,95,0,0
6988,82,93,-11,11
6989,91,91,0,0
6990,139,119,20,20
6991,49,54,-5,5
6992,36,42,-6,6
6993,76,70,6,6
6994,57,65,-8,8
6995,128,127,1,1
6996,77,91,-14,14
6997,86,89,-3,3
6998,144,139,5,5
6999,72,76,-4,4
7000,48,56,-8,8
7001,86,81,5,5
7002,96,90,6,6
7003,67,67,0,0
7004,65,67,-2,2
7005,132,116,16,16
7006,128,117,11,11
7007,115,108,7,7
7008,109,106,3,3
7009,63,67,-4,4
7010,55,66,-11,11
7011,119,99,20,20
7012,70,66,4,4
7013,125,116,9,9
7014,146,130,16,16
7015,84,84,0,0
7016,120,121,-1,1
7017,83,89,-6,6
7018,68,68,0,0
7019,106,98,8,8
7020,147,124,23,23
7021,81,80,1,1
7022,87,94,-7,7
7023,86,83,3,3
7024,67,75,-8,8
7025,100,94,6,6
7026,81,84,-3,3
7027,70,78,-8,8
7028,94,88,6,6
7029,123,109,14,14
7030,121,111,10,10
7031,71,75,-4,4
7032,73,71,2,2
7033,79,79,0,0
7034,98,100,-2,2
7035,147,115,32,32
7036,86,82,4,4
7037,83,77,6,6
7038,117,107,10,10
7039,93,96,-3,3
7040,44,54,-10,10
7041,68,75,-7,7
7042,74,79,-5,5
7043,76,94,-18,18
7044,96,91,5,5
7045,80,71,9,9
7046,73,83,-10,10
7047,93,86,7,7
7048,48,58,-10,10
7049,85,83,2,2
7050,140,133,7,7
7051,81,84,-3,3
7052,57,60,-3,3
7053,93,89,4,4
7054,119,115,4,4
7055,129,136,-7,7
7056,88,84,4,4
7057,101,98,3,3
7058,91,90,1,1
7059,59,62,-3,3
7060,109,115,-6,6
7061,89,82,7,7
7062,101,90,11,11
7063,116,105,11,11
7064,86,88,-2,2
7065,113,107,6,6
7066,101,92,9,9
7067,110,111,-1,1
7068,115,138,-23,23
7069,137,141,-4,4
7070,64,77,-13,13
7071,133,117,16,16
7072,80,87,-7,7
7073,61,61,0,0
7074,116,116,0,0
7075,154,143,11,11
7076,69,71,-2,2
7077,123,120,3,3
7078,63,69,-6,6
7079,99,115,-16,16
7080,52,54,-2,2
7081,86,83,3,3
7082,79,77,2,2
7083,97,104,-7,7
7084,68,73,-5,5
7085,79,87,-8,8
7086,82,75,7,7
7087,66,66,0,0
7088,28,29,-1,1
7089,54,69,-15,15
7090,76,75,1,1
7091,74,84,-10,10
7092,97,99,-2,2
7093,82,80,2,2
7094,103,102,1,1
7095,61,60,1,1
7096,69,64,5,5
7097,60,68,-8,8
7098,61,87,-26,26
7099,100,103,-3,3
7100,100,101,-1,1
7101,129,117,12,12
7102,184,159,25,25
7103,119,118,1,1
7104,91,83,8,8
7105,99,105,-6,6
7106,100,98,2,2
7107,58,68,-10,10
7108,70,73,-3,3
7109,76,85,-9,9
7110,77,80,-3,3
7111,70,68,2,2
7112,116,110,6,6
7113,149,140,9,9
7114,124,125,-1,1
7115,139,110,29,29
7116,142,148,-6,6
7117,77,83,-6,6
7118,96,88,8,8
7119,215,175,40,40
7120,70,75,-5,5
7121,118,116,2,2
7122,89,91,-2,2
7123,106,97,9,9
7124,117,111,6,6
7125,60,66,-6,6
7126,67,72,-5,5
7127,149,148,1,1
7128,364,397,-33,33
7129,110,104,6,6
7130,106,95,11,11
7131,161,156,5,5
7132,119,131,-12,12
7133,113,141,-28,28
7134,100,101,-1,1
7135,51,61,-10,10
7136,121,115,6,6
7137,108,106,2,2
7138,107,104,3,3
7139,62,65,-3,3
7140,84,86,-2,2
7141,93,81,12,12
7142,143,137,6,6
7143,136,124,12,12
7144,53,66,-13,13
7145,97,101,-4,4
7146,139,143,-4,4
7147,126,129,-3,3
7148,46,59,-13,13
7149,172,165,7,7
7150,101,99,2,2
7151,89,90,-1,1
7152,118,108,10,10
7153,71,75,-4,4
7154,120,118,2,2
7155,77,79,-2,2
7156,145,127,18,18
7157,45,47,-2,2
7158,80,79,1,1
7159,58,67,-9,9
7160,117,108,9,9
7161,91,90,1,1
7162,192,171,21,21
7163,68,68,0,0
7164,71,66,5,5
7165,82,81,1,1
7166,84,84,0,0
7167,70,80,-10,10
7168,47,59,-12,12
7169,95,88,7,7
7170,59,67,-8,8
7171,154,140,14,14
7172,131,121,10,10
7173,98,101,-3,3
7174,38,49,-11,11
7175,86,93,-7,7
7176,55,61,-6,6
7177,40,48,-8,8
7178,119,113,6,6
7179,247,205,42,42
7180,96,98,-2,2
7181,69,75,-6,6
7182,87,94,-7,7
7183,93,97,-4,4
7184,84,82,2,2
7185,127,131,-4,4
7186,106,100,6,6
7187,62,65,-3,3
7188,84,87,-3,3
7189,48,58,-10,10
7190,116,123,-7,7
7191,83,79,4,4
7192,123,121,2,2
7193,97,88,9,9
7194,119,104,15,15
7195,113,113,0,0
7196,70,77,-7,7
7197,123,126,-3,3
7198,86,82,4,4
7199,49,58,-9,9
7200,113,107,6,6
7201,100,97,3,3
7202,131,125,6,6
7203,93,93,0,0
7204,92,85,7,7
7205,73,74,-1,1
7206,61,65,-4,4
7207,72,69,3,3
7208,91,88,3,3
7209,86,86,0,0
7210,82,79,3,3
7211,179,166,13,13
7212,121,105,16,16
7213,58,62,-4,4
7214,83,75,8,8
7215,100,82,18,18
7216,84,80,4,4
7217,76,74,2,2
7218,83,74,9,9
7219,81,81,0,0
7220,119,117,2,2
7221,160,145,15,15
7222,97,100,-3,3
7223,143,152,-9,9
7224,49,53,-4,4
7225,188,164,24,24
7226,79,81,-2,2
7227,62,66,-4,4
7228,71,69,2,2
7229,114,123,-9,9
7230,167,163,4,4
7231,100,90,10,10
7232,90,81,9,9
7233,106,108,-2,2
7234,129,128,1,1
7235,81,78,3,3
7236,52,58,-6,6
7237,86,82,4,4
7238,92,104,-12,12
7239,59,67,-8,8
7240,98,103,-5,5
7241,94,91,3,3
7242,173,160,13,13
7243,82,92,-10,10
7244,121,112,9,9
7245,84,78,6,6
7246,44,49,-5,5
7247,88,94,-6,6
7248,91,85,6,6
7249,97,91,6,6
7250,46,50,-4,4
7251,114,105,9,9
7252,108,100,8,8
7253,66,67,-1,1
7254,71,73,-2,2
7255,76,79,-3,3
7256,159,152,7,7
7257,39,56,-17,17
7258,47,57,-10,10
7259,142,120,22,22
7260,124,129,-5,5
7261,109,106,3,3
7262,110,110,0,0
7263,59,60,-1,1
7264,107,96,11,11
7265,59,61,-2,2
7266,93,95,-2,2
7267,96,100,-4,4
7268,40,57,-17,17
7269,124,119,5,5
7270,90,77,13,13
7271,52,58,-6,6
7272,95,90,5,5
7273,81,84,-3,3
7274,171,149,22,22
7275,78,69,9,9
7276,97,84,13,13
7277,82,90,-8,8
7278,93,89,4,4
7279,106,106,0,0
7280,129,115,14,14
7281,110,116,-6,6
7282,28,58,-30,30
7283,152,149,3,3
7284,113,100,13,13
7285,62,63,-1,1
7286,51,57,-6,6
7287,167,164,3,3
7288,60,58,2,2
7289,176,160,16,16
7290,139,135,4,4
7291,193,176,17,17
7292,78,82,-4,4
7293,76,74,2,2
7294,80,77,3,3
7295,86,101,-15,15
7296,102,93,9,9
7297,51,53,-2,2
7298,32,41,-9,9
7299,133,112,21,21
7300,160,144,16,16
7301,75,76,-1,1
7302,84,78,6,6
7303,85,86,-1,1
7304,89,91,-2,2
7305,69,68,1,1
7306,113,111,2,2
7307,69,69,0,0
7308,76,82,-6,6
7309,56,79,-23,23
7310,86,78,8,8
7311,92,98,-6,6
7312,54,60,-6,6
7313,100,91,9,9
7314,37,53,-16,16
7315,140,131,9,9
7316,57,74,-17,17
7317,83,88,-5,5
7318,75,69,6,6
7319,59,64,-5,5
7320,99,115,-16,16
7321,108,101,7,7
7322,93,96,-3,3
7323,78,84,-6,6
7324,166,160,6,6
7325,81,81,0,0
7326,80,80,0,0
7327,166,142,24,24
7328,56,59,-3,3
7329,108,106,2,2
7330,88,88,0,0
7331,124,128,-4,4
7332,71,75,-4,4
7333,111,100,11,11
7334,77,89,-12,12
7335,84,80,4,4
7336,85,85,0,0
7337,103,92,11,11
7338,67,78,-11,11
7339,128,116,12,12
7340,54,56,-2,2
7341,98,94,4,4
7342,115,127,-12,12
7343,80,79,1,1
7344,66,66,0,0
7345,84,81,3,3
7346,179,166,13,13
7347,70,76,-6,6
7348,93,96,-3,3
7349,139,151,-12,12
7350,136,121,15,15
7351,173,161,12,12
7352,112,100,12,12
7353,76,83,-7,7
7354,112,113,-1,1
7355,118,126,-8,8
7356,109,98,11,11
7357,101,105,-4,4
7358,105,95,10,10
7359,67,73,-6,6
7360,131,120,11,11
7361,41,58,-17,17
7362,49,52,-3,3
7363,113,111,2,2
7364,137,135,2,2
7365,96,101,-5,5
7366,68,71,-3,3
7367,110,112,-2,2
7368,70,74,-4,4
7369,155,156,-1,1
7370,58,59,-1,1
7371,140,147,-7,7
7372,119,122,-3,3
7373,67,71,-4,4
7374,79,81,-2,2
7375,68,71,-3,3
7376,62,65,-3,3
7377,48,58,-10,10
7378,104,105,-1,1
7379,67,78,-11,11
7380,63,70,-7,7
7381,70,70,0,0
7382,83,88,-5,5
7383,66,70,-4,4
7384,67,79,-12,12
7385,54,60,-6,6
7386,144,146,-2,2
7387,68,73,-5,5
7388,76,80,-4,4
7389,62,62,0,0
7390,147,129,18,18
7391,80,97,-17,17
7392,53,62,-9,9
7393,73,75,-2,2
7394,74,74,0,0
7395,63,72,-9,9
7396,111,111,0,0
7397,199,170,29,29
7398,90,87,3,3
7399,65,70,-5,5
7400,68,67,1,1
7401,81,82,-1,1
7402,95,93,2,2
7403,83,85,-2,2
7404,99,87,12,12
7405,64,72,-8,8
7406,70,76,-6,6
7407,62,61,1,1
7408,60,68,-8,8
7409,84,87,-3,3
7410,63,66,-3,3
7411,91,94,-3,3
7412,53,72,-19,19
7413,114,105,9,9
7414,102,98,4,4
7415,80,69,11,11
7416,85,93,-8,8
7417,112,114,-2,2
7418,86,86,0,0
7419,61,69,-8,8
7420,118,108,10,10
7421,108,91,17,17
7422,179,156,23,23
7423,87,91,-4,4
7424,185,163,22,22
7425,91,87,4,4
7426,73,80,-7,7
7427,63,57,6,6
7428,159,141,18,18
7429,146,142,4,4
7430,75,84,-9,9
7431,73,76,-3,3
7432,107,97,10,10
7433,93,90,3,3
7434,89,98,-9,9
7435,82,95,-13,13
7436,79,76,3,3
7437,50,59,-9,9
7438,69,74,-5,5
7439,89,93,-4,4
7440,145,147,-2,2
7441,84,89,-5,5
7442,115,120,-5,5
7443,103,114,-11,11
7444,90,96,-6,6
7445,57,58,-1,1
7446,118,101,17,17
7447,99,101,-2,2
7448,124,113,11,11
7449,102,110,-8,8
7450,97,94,3,3
7451,64,65,-1,1
7452,78,73,5,5
7453,121,121,0,0
7454,163,146,17,17
7455,63,63,0,0
7456,53,63,-10,10
7457,71,72,-1,1
7458,79,82,-3,3
7459,102,103,-1,1
7460,130,119,11,11
7461,114,108,6,6
7462,118,122,-4,4
7463,93,94,-1,1
7464,78,77,1,1
7465,87,87,0,0
7466,107,96,11,11
7467,105,99,6,6
7468,135,138,-3,3
7469,64,65,-1,1
7470,80,77,3,3
7471,79,89,-10,10
7472,156,151,5,5
7473,123,124,-1,1
7474,81,89,-8,8
7475,91,92,-1,1
7476,184,159,25,25
7477,62,72,-10,10
7478,76,83,-7,7
7479,112,106,6,6
7480,60,69,-9,9
7481,103,97,6,6
7482,83,86,-3,3
7483,69,72,-3,3
7484,206,180,26,26
7485,78,83,-5,5
7486,82,74,8,8
7487,81,85,-4,4
7488,39,42,-3,3
7489,109,106,3,3
7490,32,60,-28,28
7491,65,74,-9,9
7492,88,85,3,3
7493,94,97,-3,3
7494,87,92,-5,5
7495,74,71,3,3
7496,88,85,3,3
7497,103,108,-5,5
7498,72,66,6,6
7499,83,84,-1,1
7500,197,189,8,8
7501,41,50,-9,9
7502,76,77,-1,1
7503,129,106,23,23
7504,40,65,-25,25
7505,136,135,1,1
7506,62,64,-2,2
7507,66,70,-4,4
7508,106,115,-9,9
7509,62,65,-3,3
7510,109,100,9,9
7511,136,122,14,14
7512,100,95,5,5
7513,160,150,10,10
7514,105,100,5,5
7515,122,111,11,11
7516,98,96,2,2
7517,78,77,1,1
7518,75,80,-5,5
7519,67,72,-5,5
7520,56,64,-8,8
7521,60,62,-2,2
7522,38,43,-5,5
7523,53,62,-9,9
7524,57,73,-16,16
7525,113,106,7,7
7526,83,78,5,5
7527,81,74,7,7
7528,136,138,-2,2
7529,78,74,4,4
7530,89,85,4,4
7531,86,87,-1,1
7532,68,75,-7,7
7533,156,150,6,6
7534,85,82,3,3
7535,126,120,6,6
7536,57,70,-13,13
7537,114,113,1,1
7538,113,102,11,11
7539,75,83,-8,8
7540,130,118,12,12
7541,79,69,10,10
7542,112,105,7,7
7543,120,119,1,1
7544,76,80,-4,4
7545,86,80,6,6
7546,60,63,-3,3
7547,52,61,-9,9
7548,80,74,6,6
7549,136,121,15,15
7550,71,76,-5,5
7551,152,151,1,1
7552,59,70,-11,11
7553,88,81,7,7
7554,71,69,2,2
7555,71,69,2,2
7556,88,93,-5,5
7557,44,54,-10,10
7558,95,99,-4,4
7559,99,96,3,3
7560,74,84,-10,10
7561,148,133,15,15
7562,74,73,1,1
7563,103,90,13,13
7564,70,68,2,2
7565,128,113,15,15
7566,70,73,-3,3
7567,69,75,-6,6
7568,95,80,15,15
7569,125,120,5,5
7570,87,92,-5,5
7571,130,125,5,5
7572,105,118,-13,13
7573,96,89,7,7
7574,90,90,0,0
7575,52,56,-4,4
7576,77,91,-14,14
7577,143,135,8,8
7578,97,107,-10,10
7579,81,82,-1,1
7580,55,56,-1,1
7581,122,129,-7,7
7582,59,66,-7,7
7583,106,103,3,3
7584,146,123,23,23
7585,62,65,-3,3
7586,122,115,7,7
7587,166,152,14,14
7588,76,73,3,3
7589,82,88,-6,6
7590,114,108,6,6
7591,113,120,-7,7
7592,94,93,1,1
7593,113,112,1,1
7594,79,82,-3,3
7595,106,102,4,4
7596,123,119,4,4
7597,118,109,9,9
7598,80,76,4,4
7599,94,92,2,2
7600,89,84,5,5
7601,64,62,2,2
7602,113,111,2,2
7603,137,126,11,11
7604,53,103,-50,50
7605,133,127,6,6
7606,65,83,-18,18
7607,78,86,-8,8
7608,40,43,-3,3
7609,60,67,-7,7
7610,52,59,-7,7
7611,136,126,10,10
7612,155,150,5,5
7613,94,98,-4,4
7614,75,79,-4,4
7615,36,49,-13,13
7616,132,119,13,13
7617,117,111,6,6
7618,136,145,-9,9
7619,141,122,19,19
7620,65,70,-5,5
7621,96,83,13,13
7622,68,76,-8,8
7623,144,124,20,20
7624,148,144,4,4
7625,117,117,0,0
7626,60,73,-13,13
7627,98,96,2,2
7628,114,108,6,6
7629,139,119,20,20
7630,109,99,10,10
7631,69,79,-10,10
7632,105,99,6,6
7633,116,102,14,14
7634,72,71,1,1
7635,74,84,-10,10
7636,102,103,-1,1
7637,62,57,5,5
7638,36,41,-5,5
7639,94,89,5,5
7640,78,79,-1,1
7641,150,133,17,17
7642,81,81,0,0
7643,154,148,6,6
7644,115,117,-2,2
7645,44,59,-15,15
7646,88,92,-4,4
7647,80,78,2,2
7648,75,73,2,2
7649,58,57,1,1
7650,124,118,6,6
7651,90,87,3,3
7652,117,104,13,13
7653,93,88,5,5
7654,133,127,6,6
7655,71,67,4,4
7656,82,85,-3,3
7657,66,71,-5,5
7658,69,72,-3,3
7659,112,103,9,9
7660,114,103,11,11
7661,81,70,11,11
7662,110,111,-1,1
7663,76,74,2,2
7664,97,99,-2,2
7665,83,84,-1,1
7666,73,76,-3,3
7667,109,105,4,4
7668,67,69,-2,2
7669,101,105,-4,4
7670,74,73,1,1
7671,122,114,8,8
7672,51,62,-11,11
7673,80,91,-11,11
7674,118,114,4,4
7675,87,82,5,5
7676,84,80,4,4
7677,135,120,15,15
7678,51,98,-47,47
7679,121,102,19,19
7680,60,63,-3,3
7681,150,146,4,4
7682,41,51,-10,10
7683,55,59,-4,4
7684,149,128,21,21
7685,136,129,7,7
7686,121,101,20,20
7687,121,114,7,7
7688,50,66,-16,16
7689,61,61,0,0
7690,129,118,11,11
7691,83,95,-12,12
7692,83,94,-11,11
7693,77,74,3,3
7694,110,99,11,11
7695,110,95,15,15
7696,108,114,-6,6
7697,95,100,-5,5
7698,91,85,6,6
7699,99,93,6,6
7700,105,105,0,0
7701,104,127,-23,23
7702,82,84,-2,2
7703,68,70,-2,2
7704,77,77,0,0
7705,103,97,6,6
7706,87,86,1,1
7707,55,58,-3,3
7708,94,92,2,2
7709,67,68,-1,1
7710,75,91,-16,16
7711,137,136,1,1
7712,69,74,-5,5
7713,67,69,-2,2
7714,77,89,-12,12
7715,68,72,-4,4
7716,117,109,8,8
7717,109,109,0,0
7718,164,146,18,18
7719,102,114,-12,12
7720,77,86,-9,9
7721,71,86,-15,15
7722,71,76,-5,5
7723,146,124,22,22
7724,40,45,-5,5
7725,121,110,11,11
7726,86,80,6,6
7727,99,95,4,4
7728,68,77,-9,9
7729,89,77,12,12
7730,71,77,-6,6
7731,72,74,-2,2
7732,49,53,-4,4
7733,155,117,38,38
7734,145,143,2,2
7735,102,105,-3,3
7736,131,127,4,4
7737,101,87,14,14
7738,61,68,-7,7
7739,108,109,-1,1
7740,62,70,-8,8
7741,93,87,6,6
7742,84,83,1,1
7743,56,93,-37,37
7744,143,135,8,8
7745,145,136,9,9
7746,103,95,8,8
7747,88,88,0,0
7748,96,94,2,2
7749,63,67,-4,4
7750,88,90,-2,2
7751,50,66,-16,16
7752,106,105,1,1
7753,89,76,13,13
7754,101,106,-5,5
7755,134,121,13,13
7756,91,87,4,4
7757,134,142,-8,8
7758,79,84,-5,5
7759,161,148,13,13
7760,127,125,2,2
7761,88,91,-3,3
7762,61,70,-9,9
7763,60,75,-15,15
7764,102,92,10,10
7765,140,139,1,1
7766,69,74,-5,5
7767,101,107,-6,6
7768,175,163,12,12
7769,129,141,-12,12
7770,115,111,4,4
7771,88,100,-12,12
7772,79,80,-1,1
7773,102,103,-1,1
7774,43,50,-7,7
7775,97,97,0,0
7776,132,138,-6,6
7777,58,62,-4,4
7778,89,93,-4,4
7779,90,94,-4,4
7780,98,103,-5,5
7781,102,101,1,1
7782,88,89,-1,1
7783,106,101,5,5
7784,99,93,6,6
7785,151,143,8,8
7786,111,97,14,14
7787,65,69,-4,4
7788,71,75,-4,4
7789,79,95,-16,16
7790,65,68,-3,3
7791,136,124,12,12
7792,151,152,-1,1
7793,108,106,2,2
7794,121,108,13,13
7795,54,66,-12,12
7796,96,103,-7,7
7797,98,90,8,8
7798,62,70,-8,8
7799,78,83,-5,5
7800,97,96,1,1
7801,80,79,1,1
7802,65,71,-6,6
7803,74,78,-4,4
7804,118,115,3,3
7805,109,99,10,10
7806,99,97,2,2
7807,78,87,-9,9
7808,59,74,-15,15
7809,84,92,-8,8
7810,108,109,-1,1
7811,89,92,-3,3
7812,119,104,15,15
7813,182,159,23,23
7814,133,110,23,23
7815,90,96,-6,6
7816,144,151,-7,7
7817,109,102,7,7
7818,154,137,17,17
7819,54,55,-1,1
7820,59,65,-6,6
7821,120,115,5,5
7822,113,119,-6,6
7823,90,87,3,3
7824,119,104,15,15
7825,72,75,-3,3
7826,173,159,14,14
7827,252,228,24,24
7828,123,132,-9,9
7829,178,164,14,14
7830,207,178,29,29
7831,86,90,-4,4
7832,61,60,1,1
7833,82,88,-6,6
7834,77,78,-1,1
7835,90,87,3,3
7836,85,103,-18,18
7837,133,141,-8,8
7838,67,71,-4,4
7839,71,80,-9,9
7840,118,124,-6,6
7841,168,161,7,7
7842,101,101,0,0
7843,126,113,13,13
7844,127,120,7,7
7845,197,178,19,19
7846,67,69,-2,2
7847,59,60,-1,1
7848,139,130,9,9
7849,84,87,-3,3
7850,75,78,-3,3
7851,124,119,5,5
7852,61,67,-6,6
7853,78,77,1,1
7854,102,89,13,13
7855,50,52,-2,2
7856,72,83,-11,11
7857,98,105,-7,7
7858,109,103,6,6
7859,97,90,7,7
7860,79,76,3,3
7861,73,75,-2,2
7862,114,106,8,8
7863,118,111,7,7
7864,101,101,0,0
7865,103,102,1,1
7866,49,58,-9,9
7867,49,59,-10,10
7868,37,50,-13,13
7869,121,116,5,5
7870,69,73,-4,4
7871,126,126,0,0
7872,91,90,1,1
7873,119,112,7,7
7874,105,101,4,4
7875,129,122,7,7
7876,83,81,2,2
7877,99,96,3,3
7878,106,109,-3,3
7879,67,66,1,1
7880,132,127,5,5
7881,110,97,13,13
7882,72,71,1,1
7883,126,122,4,4
7884,129,141,-12,12
7885,74,75,-1,1
7886,131,124,7,7
7887,97,96,1,1
7888,118,120,-2,2
7889,124,117,7,7
7890,66,72,-6,6
7891,99,100,-1,1
7892,93,92,1,1
7893,169,160,9,9
7894,109,116,-7,7
7895,194,172,22,22
7896,131,118,13,13
7897,67,70,-3,3
7898,102,101,1,1
7899,126,118,8,8
7900,166,163,3,3
7901,52,64,-12,12
7902,129,138,-9,9
7903,175,160,15,15
7904,77,71,6,6
7905,52,54,-2,2
7906,73,69,4,4
7907,97,99,-2,2
7908,49,56,-7,7
7909,112,107,5,5
7910,108,111,-3,3
7911,91,83,8,8
7912,84,107,-23,23
7913,35,52,-17,17
7914,182,174,8,8
7915,61,67,-6,6
7916,61,58,3,3
7917,79,79,0,0
7918,55,62,-7,7
7919,64,69,-5,5
7920,142,129,13,13
7921,66,69,-3,3
7922,74,82,-8,8
7923,150,139,11,11
7924,99,97,2,2
7925,106,111,-5,5
7926,72,82,-10,10
7927,121,112,9,9
7928,114,111,3,3
7929,75,74,1,1
7930,65,74,-9,9
7931,116,114,2,2
7932,99,94,5,5
7933,199,180,19,19
7934,60,62,-2,2
7935,67,66,1,1
7936,81,81,0,0
7937,178,129,49,49
7938,70,80,-10,10
7939,131,116,15,15
7940,149,134,15,15
7941,70,73,-3,3
7942,97,103,-6,6
7943,104,90,14,14
7944,73,74,-1,1
7945,74,81,-7,7
7946,87,95,-8,8
7947,112,107,5,5
7948,126,114,12,12
7949,86,101,-15,15
7950,134,126,8,8
7951,117,97,20,20
7952,61,66,-5,5
7953,71,81,-10,10
7954,80,91,-11,11
7955,63,66,-3,3
7956,70,68,2,2
7957,63,75,-12,12
7958,46,56,-10,10
7959,59,66,-7,7
7960,89,89,0,0
7961,134,129,5,5
7962,113,111,2,2
7963,73,88,-15,15
7964,122,111,11,11
7965,59,65,-6,6
7966,142,143,-1,1
7967,175,164,11,11
7968,61,60,1,1
7969,142,151,-9,9
7970,68,62,6,6
7971,51,60,-9,9
7972,94,99,-5,5
7973,104,96,8,8
7974,85,88,-3,3
7975,155,152,3,3
7976,157,160,-3,3
7977,115,109,6,6
7978,94,97,-3,3
7979,86,93,-7,7
7980,115,118,-3,3
7981,85,84,1,1
7982,106,99,7,7
7983,64,67,-3,3
7984,38,79,-41,41
7985,51,59,-8,8
7986,106,105,1,1
7987,101,106,-5,5
7988,46,59,-13,13
7989,85,80,5,5
7990,104,102,2,2
7991,95,99,-4,4
7992,130,119,11,11
7993,151,140,11,11
7994,57,63,-6,6
7995,93,96,-3,3
7996,69,69,0,0
7997,39,35,4,4
7998,76,82,-6,6
7999,84,78,6,6
8000,41,49,-8,8
8001,45,57,-12,12
8002,68,72,-4,4
8003,82,82,0,0
8004,68,73,-5,5
8005,73,71,2,2
8006,49,74,-25,25
8007,93,90,3,3
8008,75,74,1,1
8009,85,79,6,6
8010,103,100,3,3
8011,129,121,8,8
8012,116,114,2,2
8013,77,78,-1,1
8014,83,84,-1,1
8015,104,94,10,10
8016,124,108,16,16
8017,89,90,-1,1
8018,88,99,-11,11
8019,49,66,-17,17
8020,104,104,0,0
8021,107,101,6,6
8022,125,121,4,4
8023,57,65,-8,8
8024,104,98,6,6
8025,51,72,-21,21
8026,86,81,5,5
8027,96,98,-2,2
8028,190,177,13,13
8029,84,87,-3,3
8030,105,105,0,0
8031,94,91,3,3
8032,74,73,1,1
8033,100,93,7,7
8034,126,115,11,11
8035,73,74,-1,1
8036,83,87,-4,4
8037,141,128,13,13
8038,124,123,1,1
8039,79,83,-4,4
8040,135,127,8,8
8041,81,74,7,7
8042,137,136,1,1
8043,75,79,-4,4
8044,54,69,-15,15
8045,102,101,1,1
8046,157,135,22,22
8047,93,92,1,1
8048,155,136,19,19
8049,71,71,0,0
8050,109,100,9,9
8051,60,69,-9,9
8052,57,73,-16,16
8053,113,109,4,4
8054,130,127,3,3
8055,71,83,-12,12
8056,92,89,3,3
8057,148,122,26,26
8058,117,103,14,14
8059,68,72,-4,4
8060,161,147,14,14
8061,85,84,1,1
8062,65,64,1,1
8063,43,50,-7,7
8064,102,99,3,3
8065,69,66,3,3
8066,185,176,9,9
8067,133,125,8,8
8068,104,101,3,3
8069,105,105,0,0
8070,120,108,12,12
8071,85,82,3,3
8072,73,65,8,8
8073,158,160,-2,2
8074,76,76,0,0
8075,87,70,17,17
8076,148,125,23,23
8077,85,86,-1,1
8078,98,86,12,12
8079,66,75,-9,9
8080,100,100,0,0
8081,110,109,1,1
8082,86,89,-3,3
8083,119,121,-2,2
8084,75,73,2,2
8085,110,120,-10,10
8086,69,77,-8,8
8087,127,109,18,18
8088,98,93,5,5
8089,116,120,-4,4
8090,65,73,-8,8
8091,94,95,-1,1
8092,58,61,-3,3
8093,68,87,-19,19
8094,118,110,8,8
8095,27,27,0,0
8096,74,71,3,3
8097,81,85,-4,4
8098,98,90,8,8
8099,56,61,-5,5
8100,101,98,3,3
8101,128,116,12,12
8102,104,105,-1,1
8103,69,73,-4,4
8104,130,110,20,20
8105,121,118,3,3
8106,42,85,-43,43
8107,89,96,-7,7
8108,71,67,4,4
8109,129,115,14,14
8110,59,71,-12,12
8111,101,101,0,0
8112,102,102,0,0
8113,109,113,-4,4
8114,94,87,7,7
8115,108,111,-3,3
8116,102,96,6,6
8117,89,93,-4,4
8118,121,121,0,0
8119,122,130,-8,8
8120,67,76,-9,9
8121,51,66,-15,15
8122,89,88,1,1
8123,88,95,-7,7
8124,131,109,22,22
8125,103,100,3,3
8126,151,166,-15,15
8127,134,141,-7,7
8128,108,105,3,3
8129,92,90,2,2
8130,65,63,2,2
8131,81,82,-1,1
8132,68,80,-12,12
8133,91,91,0,0
8134,114,106,8,8
8135,48,65,-17,17
8136,102,105,-3,3
8137,149,147,2,2
8138,108,105,3,3
8139,60,65,-5,5
8140,103,105,-2,2
8141,65,73,-8,8
8142,119,117,2,2
8143,104,108,-4,4
8144,64,63,1,1
8145,48,57,-9,9
8146,55,57,-2,2
8147,75,80,-5,5
8148,44,61,-17,17
8149,73,84,-11,11
8150,54,59,-5,5
8151,54,63,-9,9
8152,52,61,-9,9
8153,95,87,8,8
8154,66,74,-8,8
8155,85,98,-13,13
8156,75,69,6,6
8157,95,100,-5,5
8158,95,89,6,6
8159,36,43,-7,7
8160,79,84,-5,5
8161,123,117,6,6
8162,81,74,7,7
8163,176,153,23,23
8164,60,56,4,4
8165,61,76,-15,15
8166,140,121,19,19
8167,127,118,9,9
8168,96,95,1,1
8169,99,91,8,8
8170,108,97,11,11
8171,58,65,-7,7
8172,51,67,-16,16
8173,95,89,6,6
8174,58,72,-14,14
8175,76,72,4,4
8176,116,107,9,9
8177,108,97,11,11
8178,168,151,17,17
8179,27,35,-8,8
8180,145,126,19,19
8181,53,62,-9,9
8182,67,70,-3,3
8183,92,89,3,3
8184,78,74,4,4
8185,113,112,1,1
8186,141,143,-2,2
8187,136,124,12,12
8188,103,106,-3,3
8189,86,87,-1,1
8190,195,185,10,10
8191,75,74,1,1
8192,63,70,-7,7
8193,66,71,-5,5
8194,127,126,1,1
8195,122,110,12,12
8196,54,100,-46,46
8197,101,101,0,0
8198,93,78,15,15
8199,64,70,-6,6
8200,108,107,1,1
8201,111,104,7,7
8202,77,69,8,8
8203,154,145,9,9
8204,94,85,9,9
8205,84,85,-1,1
8206,76,89,-13,13
8207,87,81,6,6
8208,126,112,14,14
8209,82,81,1,1
8210,82,85,-3,3
8211,80,80,0,0
8212,126,120,6,6
8213,64,69,-5,5
8214,142,119,23,23
8215,143,136,7,7
8216,127,134,-7,7
8217,76,81,-5,5
8218,57,74,-17,17
8219,109,96,13,13
8220,141,133,8,8
8221,129,118,11,11
8222,114,104,10,10
8223,83,82,1,1
8224,149,142,7,7
8225,47,59,-12,12
8226,88,88,0,0
8227,88,87,1,1
8228,105,104,1,1
8229,93,102,-9,9
8230,109,96,13,13
8231,87,84,3,3
8232,43,46,-3,3
8233,81,78,3,3
8234,101,81,20,20
8235,80,70,10,10
8236,112,110,2,2
8237,92,97,-5,5
8238,102,99,3,3
8239,71,70,1,1
8240,166,154,12,12
8241,98,92,6,6
8242,129,115,14,14
8243,79,86,-7,7
8244,109,99,10,10
8245,145,135,10,10
8246,166,148,18,18
8247,76,81,-5,5
8248,46,54,-8,8
8249,113,106,7,7
8250,75,85,-10,10
8251,86,78,8,8
8252,76,79,-3,3
8253,88,93,-5,5
8254,67,77,-10,10
8255,100,95,5,5
8256,71,80,-9,9
8257,59,66,-7,7
8258,181,165,16,16
8259,56,62,-6,6
8260,114,96,18,18
8261,92,96,-4,4
8262,100,99,1,1
8263,75,92,-17,17
8264,188,167,21,21
8265,51,56,-5,5
8266,84,93,-9,9
8267,171,174,-3,3
8268,66,65,1,1
8269,92,88,4,4
8270,122,121,1,1
8271,40,58,-18,18
8272,87,89,-2,2
8273,122,115,7,7
8274,98,91,7,7
8275,96,95,1,1
8276,120,110,10,10
8277,82,84,-2,2
8278,88,83,5,5
8279,60,68,-8,8
8280,83,81,2,2
8281,81,71,10,10
8282,151,148,3,3
8283,187,171,16,16
8284,98,106,-8,8
8285,95,87,8,8
8286,77,77,0,0
8287,144,138,6,6
8288,81,84,-3,3
8289,91,92,-1,1
8290,149,144,5,5
8291,99,112,-13,13
8292,96,87,9,9
8293,129,127,2,2
8294,63,65,-2,2
8295,86,83,3,3
8296,64,73,-9,9
8297,74,68,6,6
8298,93,92,1,1
8299,85,80,5,5
8300,248,210,38,38
8301,91,91,0,0
8302,58,63,-5,5
8303,93,87,6,6
8304,93,96,-3,3
8305,55,62,-7,7
8306,102,104,-2,2
8307,107,98,9,9
8308,79,81,-2,2
8309,84,80,4,4
8310,95,94,1,1
8311,110,105,5,5
8312,80,79,1,1
8313,44,40,4,4
8314,96,94,2,2
8315,59,70,-11,11
8316,109,106,3,3
8317,198,180,18,18
8318,81,91,-10,10
8319,119,112,7,7
8320,106,104,2,2
8321,114,100,14,14
8322,51,61,-10,10
8323,110,106,4,4
8324,112,112,0,0
8325,99,100,-1,1
8326,80,76,4,4
8327,59,70,-11,11
8328,110,113,-3,3
8329,125,109,16,16
8330,137,123,14,14
8331,73,76,-3,3
8332,190,172,18,18
8333,137,139,-2,2
8334,46,54,-8,8
8335,124,122,2,2
8336,87,84,3,3
8337,114,102,12,12
8338,83,83,0,0
8339,85,84,1,1
8340,142,151,-9,9
8341,108,98,10,10
8342,129,128,1,1
8343,107,97,10,10
8344,109,109,0,0
8345,144,142,2,2
8346,76,77,-1,1
8347,38,61,-23,23
8348,157,150,7,7
8349,55,61,-6,6
8350,99,103,-4,4
8351,153,142,11,11
8352,74,72,2,2
8353,74,77,-3,3
8354,78,78,0,0
8355,74,83,-9,9
8356,94,92,2,2
8357,112,101,11,11
8358,141,143,-2,2
8359,82,76,6,6
8360,160,157,3,3
8361,103,100,3,3
8362,110,105,5,5
8363,42,52,-10,10
8364,69,73,-4,4
8365,59,57,2,2
8366,98,94,4,4
8367,75,73,2,2
8368,58,62,-4,4
8369,74,70,4,4
8370,108,108,0,0
8371,66,78,-12,12
8372,105,100,5,5
8373,46,65,-19,19
8374,55,59,-4,4
8375,71,69,2,2
8376,115,109,6,6
8377,88,80,8,8
8378,47,51,-4,4
8379,174,154,20,20
8380,94,88,6,6
8381,74,77,-3,3
8382,84,83,1,1
8383,85,78,7,7
8384,65,61,4,4
8385,39,40,-1,1
8386,118,107,11,11
8387,101,96,5,5
8388,78,84,-6,6
8389,97,109,-12,12
8390,104,99,5,5
8391,98,92,6,6
8392,81,94,-13,13
8393,112,108,4,4
8394,98,96,2,2
8395,96,101,-5,5
8396,53,54,-1,1
8397,67,83,-16,16
8398,70,75,-5,5
8399,114,102,12,12
8400,104,106,-2,2
8401,65,72,-7,7
8402,80,79,1,1
8403,96,82,14,14
8404,70,70,0,0
8405,105,104,1,1
8406,100,87,13,13
8407,160,144,16,16
8408,91,100,-9,9
8409,100,100,0,0
8410,119,99,20,20
8411,65,69,-4,4
8412,99,102,-3,3
8413,172,139,33,33
8414,83,79,4,4
8415,85,78,7,7
8416,69,68,1,1
8417,59,67,-8,8
8418,93,96,-3,3
8419,81,82,-1,1
8420,75,77,-2,2
8421,62,65,-3,3
8422,115,104,11,11
8423,107,132,-25,25
8424,105,103,2,2
8425,51,60,-9,9
8426,76,84,-8,8
8427,88,91,-3,3
8428,145,141,4,4
8429,114,114,0,0
8430,38,46,-8,8
8431,133,126,7,7
8432,74,74,0,0
8433,119,111,8,8
8434,96,92,4,4
8435,143,126,17,17
8436,60,64,-4,4
8437,130,114,16,16
8438,120,104,16,16
8439,122,137,-15,15
8440,113,106,7,7
8441,68,76,-8,8
8442,98,92,6,6
8443,143,119,24,24
8444,77,74,3,3
8445,92,96,-4,4
8446,61,64,-3,3
8447,74,80,-6,6
8448,94,83,11,11
8449,102,98,4,4
8450,118,111,7,7
8451,119,113,6,6
8452,193,171,22,22
8453,95,98,-3,3
8454,89,92,-3,3
8455,129,120,9,9
8456,124,110,14,14
8457,84,80,4,4
8458,76,79,-3,3
8459,55,59,-4,4
8460,143,132,11,11
8461,134,114,20,20
8462,88,91,-3,3
8463,132,128,4,4
8464,114,99,15,15
8465,71,72,-1,1
8466,79,74,5,5
8467,101,98,3,3
8468,134,133,1,1
8469,61,49,12,12
8470,81,77,4,4
8471,107,108,-1,1
8472,86,81,5,5
8473,83,84,-1,1
8474,94,95,-1,1
8475,102,103,-1,1
8476,110,121,-11,11
8477,137,136,1,1
8478,56,69,-13,13
8479,134,122,12,12
8480,80,87,-7,7
8481,46,53,-7,7
8482,111,109,2,2
8483,112,104,8,8
8484,121,116,5,5
8485,113,107,6,6
8486,91,97,-6,6
8487,47,58,-11,11
8488,65,67,-2,2
8489,56,72,-16,16
8490,83,88,-5,5
8491,85,93,-8,8
8492,102,95,7,7
8493,80,83,-3,3
8494,110,102,8,8
8495,141,143,-2,2
8496,90,90,0,0
8497,73,73,0,0
8498,60,63,-3,3
8499,178,142,36,36
8500,124,132,-8,8
8501,108,99,9,9
8502,100,101,-1,1
8503,78,81,-3,3
8504,115,116,-1,1
8505,127,128,-1,1
8506,47,50,-3,3
8507,58,64,-6,6
8508,151,132,19,19
8509,104,94,10,10
8510,56,67,-11,11
8511,79,86,-7,7
8512,67,72,-5,5
8513,109,106,3,3
8514,83,78,5,5
8515,101,81,20,20
8516,78,84,-6,6
8517,101,128,-27,27
8518,64,74,-10,10
8519,69,71,-2,2
8520,81,80,1,1
8521,185,168,17,17
8522,89,82,7,7
8523,137,118,19,19
8524,98,92,6,6
8525,185,165,20,20
8526,62,64,-2,2
8527,135,125,10,10
8528,140,129,11,11
8529,166,165,1,1
8530,68,74,-6,6
8531,100,105,-5,5
8532,122,133,-11,11
8533,105,102,3,3
8534,129,123,6,6
8535,117,110,7,7
8536,74,78,-4,4
8537,91,88,3,3
8538,96,96,0,0
8539,96,96,0,0
8540,76,86,-10,10
8541,106,96,10,10
8542,71,69,2,2
8543,43,52,-9,9
8544,88,84,4,4
8545,79,90,-11,11
8546,104,96,8,8
8547,82,83,-1,1
8548,112,114,-2,2
8549,104,107,-3,3
8550,55,61,-6,6
8551,90,88,2,2
8552,47,63,-16,16
8553,111,97,14,14
8554,127,120,7,7
8555,67,75,-8,8
8556,163,147,16,16
8557,154,151,3,3
8558,63,69,-6,6
8559,50,58,-8,8
8560,56,69,-13,13
8561,104,108,-4,4
8562,80,86,-6,6
8563,83,78,5,5
8564,64,68,-4,4
8565,55,58,-3,3
8566,84,74,10,10
8567,130,121,9,9
8568,85,86,-1,1
8569,109,105,4,4
8570,153,130,23,23
8571,104,103,1,1
8572,129,120,9,9
8573,106,99,7,7
8574,173,162,11,11
8575,93,93,0,0
8576,93,89,4,4
8577,99,96,3,3
8578,66,70,-4,4
8579,98,94,4,4
8580,110,136,-26,26
8581,50,66,-16,16
8582,104,101,3,3
8583,110,104,6,6
8584,60,75,-15,15
8585,102,98,4,4
8586,87,82,5,5
8587,133,128,5,5
8588,133,128,5,5
8589,122,103,19,19
8590,92,87,5,5
8591,139,130,9,9
8592,52,56,-4,4
8593,83,97,-14,14
8594,91,87,4,4
8595,65,68,-3,3
8596,113,112,1,1
8597,77,81,-4,4
8598,161,141,20,20
8599,92,92,0,0
8600,180,149,31,31
8601,77,75,2,2
8602,109,102,7,7
8603,81,86,-5,5
8604,98,102,-4,4
8605,54,58,-4,4
8606,126,115,11,11
8607,91,94,-3,3
8608,77,82,-5,5
8609,124,116,8,8
8610,78,81,-3,3
8611,189,156,33,33
8612,80,79,1,1
8613,159,138,21,21
8614,73,79,-6,6
8615,90,97,-7,7
8616,62,64,-2,2
8617,90,89,1,1
8618,134,136,-2,2
8619,121,100,21,21
8620,87,83,4,4
8621,59,64,-5,5
8622,89,98,-9,9
8623,105,105,0,0
8624,97,92,5,5
8625,110,101,9,9
8626,141,120,21,21
8627,85,87,-2,2
8628,132,126,6,6
8629,89,86,3,3
8630,75,83,-8,8
8631,81,77,4,4
8632,77,70,7,7
8633,104,98,6,6
8634,132,145,-13,13
8635,136,122,14,14
8636,82,83,-1,1
8637,85,90,-5,5
8638,76,78,-2,2
8639,109,123,-14,14
8640,51,62,-11,11
8641,85,92,-7,7
8642,58,64,-6,6
8643,161,156,5,5
8644,85,89,-4,4
8645,61,60,1,1
8646,82,83,-1,1
8647,114,114,0,0
8648,113,105,8,8
8649,82,81,1,1
8650,128,119,9,9
8651,113,112,1,1
8652,61,73,-12,12
8653,85,79,6,6
8654,112,104,8,8
8655,76,77,-1,1
8656,89,87,2,2
8657,142,127,15,15
8658,81,80,1,1
8659,143,136,7,7
8660,94,87,7,7
8661,134,106,28,28
8662,59,60,-1,1
8663,55,64,-9,9
8664,75,82,-7,7
8665,87,92,-5,5
8666,69,61,8,8
8667,104,99,5,5
8668,57,53,4,4
8669,68,68,0,0
8670,169,155,14,14
8671,114,113,1,1
8672,92,87,5,5
8673,97,86,11,11
8674,121,114,7,7
8675,89,78,11,11
8676,116,114,2,2
8677,93,99,-6,6
8678,116,104,12,12
8679,125,126,-1,1
8680,82,106,-24,24
8681,50,53,-3,3
8682,46,59,-13,13
8683,45,54,-9,9
8684,120,116,4,4
8685,93,90,3,3
8686,102,101,1,1
8687,126,118,8,8
8688,108,124,-16,16
8689,110,106,4,4
8690,101,98,3,3
8691,73,76,-3,3
8692,58,60,-2,2
8693,113,104,9,9
8694,136,138,-2,2
8695,64,68,-4,4
8696,125,153,-28,28
8697,88,80,8,8
8698,92,89,3,3
8699,106,100,6,6
8700,90,102,-12,12
8701,85,84,1,1
8702,80,78,2,2
8703,110,101,9,9
8704,80,79,1,1
8705,117,108,9,9
8706,47,65,-18,18
8707,112,105,7,7
8708,84,86,-2,2
8709,116,110,6,6
8710,61,69,-8,8
8711,82,79,3,3
8712,164,139,25,25
8713,125,118,7,7
8714,80,83,-3,3
8715,66,70,-4,4
8716,61,69,-8,8
8717,82,102,-20,20
8718,81,86,-5,5
8719,143,124,19,19
8720,145,123,22,22
8721,75,72,3,3
8722,60,82,-22,22
8723,86,91,-5,5
8724,99,103,-4,4
8725,112,108,4,4
8726,98,95,3,3
8727,96,88,8,8
8728,64,72,-8,8
8729,62,66,-4,4
8730,123,128,-5,5
8731,83,88,-5,5
8732,101,98,3,3
8733,27,29,-2,2
8734,167,156,11,11
8735,149,147,2,2
8736,94,91,3,3
8737,155,144,11,11
8738,39,47,-8,8
8739,62,66,-4,4
8740,81,75,6,6
8741,58,61,-3,3
8742,74,82,-8,8
8743,139,136,3,3
8744,74,77,-3,3
8745,84,89,-5,5
8746,155,116,39,39
8747,114,111,3,3
8748,152,201,-49,49
8749,104,93,11,11
8750,92,100,-8,8
8751,55,66,-11,11
8752,91,89,2,2
8753,90,83,7,7
8754,86,84,2,2
8755,76,101,-25,25
8756,86,92,-6,6
8757,49,51,-2,2
8758,105,105,0,0
8759,67,71,-4,4
8760,96,120,-24,24
8761,105,104,1,1
8762,98,88,10,10
8763,114,111,3,3
8764,114,114,0,0
8765,103,112,-9,9
8766,128,119,9,9
8767,110,98,12,12
8768,89,81,8,8
8769,67,66,1,1
8770,136,112,24,24
8771,154,145,9,9
8772,62,77,-15,15
8773,109,105,4,4
8774,91,91,0,0
8775,63,66,-3,3
8776,172,159,13,13
8777,93,85,8,8
8778,81,79,2,2
8779,87,93,-6,6
8780,49,66,-17,17
8781,157,158,-1,1
8782,87,85,2,2
8783,61,85,-24,24
8784,60,61,-1,1
8785,129,121,8,8
8786,75,79,-4,4
8787,86,95,-9,9
8788,37,40,-3,3
8789,110,107,3,3
8790,124,115,9,9
8791,65,72,-7,7
8792,148,149,-1,1
8793,73,84,-11,11
8794,105,109,-4,4
8795,70,79,-9,9
8796,63,73,-10,10
8797,71,72,-1,1
8798,71,75,-4,4
8799,68,73,-5,5
8800,96,87,9,9
8801,87,84,3,3
8802,88,91,-3,3
8803,69,69,0,0
8804,83,85,-2,2
8805,72,82,-10,10
8806,98,101,-3,3
8807,126,117,9,9
8808,45,58,-13,13
8809,52,56,-4,4
8810,103,104,-1,1
8811,77,74,3,3
8812,83,78,5,5
8813,73,66,7,7
8814,108,104,4,4
8815,73,79,-6,6
8816,80,81,-1,1
8817,57,63,-6,6
8818,63,67,-4,4
8819,24,31,-7,7
8820,89,76,13,13
8821,61,69,-8,8
8822,97,98,-1,1
8823,85,85,0,0
8824,143,143,0,0
8825,129,119,10,10
8826,75,84,-9,9
8827,71,77,-6,6
8828,92,90,2,2
8829,72,70,2,2
8830,91,82,9,9
8831,83,77,6,6
8832,75,83,-8,8
8833,66,69,-3,3
8834,43,55,-12,12
8835,127,119,8,8
8836,125,127,-2,2
8837,44,52,-8,8
8838,51,63,-12,12
8839,54,61,-7,7
8840,203,199,4,4
8841,127,116,11,11
8842,102,97,5,5
8843,81,78,3,3
8844,69,69,0,0
8845,121,117,4,4
8846,85,78,7,7
8847,125,111,14,14
8848,138,121,17,17
8849,191,155,36,36
8850,92,98,-6,6
8851,94,90,4,4
8852,128,123,5,5
8853,35,52,-17,17
8854,104,101,3,3
8855,86,80,6,6
8856,132,115,17,17
8857,89,89,0,0
8858,48,54,-6,6
8859,75,67,8,8
8860,80,70,10,10
8861,100,94,6,6
8862,115,110,5,5
8863,135,126,9,9
8864,88,93,-5,5
8865,108,100,8,8
8866,141,144,-3,3
8867,81,81,0,0
8868,147,143,4,4
8869,94,87,7,7
8870,86,86,0,0
8871,125,118,7,7
8872,62,67,-5,5
8873,82,84,-2,2
8874,123,112,11,11
8875,80,77,3,3
8876,108,100,8,8
8877,91,83,8,8
8878,124,117,7,7
8879,93,98,-5,5
8880,141,153,-12,12
8881,97,73,24,24
8882,177,161,16,16
8883,80,83,-3,3
8884,133,147,-14,14
8885,98,104,-6,6
8886,104,92,12,12
8887,64,68,-4,4
8888,170,155,15,15
8889,91,94,-3,3
8890,98,95,3,3
8891,125,112,13,13
8892,65,71,-6,6
8893,86,88,-2,2
8894,75,69,6,6
8895,72,75,-3,3
8896,53,72,-19,19
8897,93,84,9,9
8898,69,70,-1,1
8899,95,85,10,10
8900,76,79,-3,3
8901,73,74,-1,1
8902,56,59,-3,3
8903,92,92,0,0
8904,43,56,-13,13
8905,60,62,-2,2
8906,74,82,-8,8
8907,85,90,-5,5
8908,91,92,-1,1
8909,92,88,4,4
8910,91,87,4,4
8911,60,70,-10,10
8912,142,147,-5,5
8913,127,132,-5,5
8914,87,88,-1,1
8915,130,138,-8,8
8916,104,98,6,6
8917,62,65,-3,3
8918,125,126,-1,1
8919,96,172,-76,76
8920,170,144,26,26
8921,103,118,-15,15
8922,185,166,19,19
8923,80,79,1,1
8924,56,67,-11,11
8925,105,115,-10,10
8926,63,69,-6,6
8927,88,92,-4,4
8928,79,85,-6,6
8929,60,75,-15,15
8930,84,86,-2,2
8931,123,128,-5,5
8932,107,103,4,4
8933,94,97,-3,3
8934,70,77,-7,7
8935,141,119,22,22
8936,56,52,4,4
8937,166,155,11,11
8938,120,103,17,17
8939,137,119,18,18
8940,88,91,-3,3
8941,127,100,27,27
8942,157,148,9,9
8943,130,133,-3,3
8944,106,107,-1,1
8945,131,127,4,4
8946,54,61,-7,7
8947,132,122,10,10
8948,80,79,1,1
8949,81,87,-6,6
8950,128,110,18,18
8951,36,37,-1,1
8952,106,109,-3,3
8953,85,87,-2,2
8954,64,70,-6,6
8955,81,83,-2,2
8956,120,111,9,9
8957,130,116,14,14
8958,99,89,10,10
8959,70,69,1,1
8960,78,73,5,5
8961,112,112,0,0
8962,82,80,2,2
8963,184,156,28,28
8964,129,134,-5,5
8965,111,103,8,8
8966,99,104,-5,5
8967,51,65,-14,14
8968,102,96,6,6
8969,66,72,-6,6
8970,74,77,-3,3
8971,129,127,2,2
8972,54,62,-8,8
8973,117,132,-15,15
8974,120,113,7,7
8975,73,80,-7,7
8976,177,164,13,13
8977,157,149,8,8
8978,77,79,-2,2
8979,55,63,-8,8
8980,132,121,11,11
8981,180,156,24,24
8982,72,71,1,1
8983,88,95,-7,7
8984,71,77,-6,6
8985,85,82,3,3
8986,51,53,-2,2
8987,61,68,-7,7
8988,76,71,5,5
8989,90,91,-1,1
8990,64,74,-10,10
8991,67,87,-20,20
8992,95,94,1,1
8993,46,52,-6,6
8994,92,85,7,7
8995,121,135,-14,14
8996,93,94,-1,1
8997,92,94,-2,2
8998,52,58,-6,6
8999,112,116,-4,4
9000,66,103,-37,37
9001,76,74,2,2
9002,157,149,8,8
9003,75,74,1,1
9004,68,72,-4,4
9005,64,70,-6,6
9006,135,119,16,16
9007,107,102,5,5
9008,79,87,-8,8
9009,82,82,0,0
9010,101,91,10,10
9011,142,157,-15,15
9012,108,105,3,3
9013,93,98,-5,5
9014,111,114,-3,3
9015,111,106,5,5
9016,101,89,12,12
9017,67,68,-1,1
9018,58,61,-3,3
9019,117,107,10,10
9020,100,95,5,5
9021,96,91,5,5
9022,106,104,2,2
9023,82,83,-1,1
9024,57,66,-9,9
9025,95,87,8,8
9026,92,88,4,4
9027,78,79,-1,1
9028,85,80,5,5
9029,46,50,-4,4
9030,60,69,-9,9
9031,68,76,-8,8
9032,90,87,3,3
9033,106,105,1,1
9034,72,73,-1,1
9035,91,88,3,3
9036,142,134,8,8
9037,63,60,3,3
9038,55,60,-5,5
9039,112,106,6,6
9040,165,155,10,10
9041,80,79,1,1
9042,58,60,-2,2
9043,96,101,-5,5
9044,69,71,-2,2
9045,85,97,-12,12
9046,74,78,-4,4
9047,148,134,14,14
9048,61,62,-1,1
9049,114,113,1,1
9050,117,110,7,7
9051,87,89,-2,2
9052,148,143,5,5
9053,129,118,11,11
9054,100,92,8,8
9055,79,79,0,0
9056,84,83,1,1
9057,75,75,0,0
9058,101,99,2,2
9059,74,78,-4,4
9060,98,85,13,13
9061,97,97,0,0
9062,58,60,-2,2
9063,104,98,6,6
9064,122,114,8,8
9065,33,46,-13,13
9066,62,60,2,2
9067,59,68,-9,9
9068,66,75,-9,9
9069,112,105,7,7
9070,109,99,10,10
9071,67,72,-5,5
9072,157,167,-10,10
9073,147,147,0,0
9074,114,109,5,5
9075,45,44,1,1
9076,71,79,-8,8
9077,135,124,11,11
9078,64,58,6,6
9079,101,105,-4,4
9080,93,96,-3,3
9081,92,86,6,6
9082,128,122,6,6
9083,90,82,8,8
9084,113,99,14,14
9085,62,64,-2,2
9086,66,65,1,1
9087,69,73,-4,4
9088,90,87,3,3
9089,69,66,3,3
9090,87,88,-1,1
9091,70,82,-12,12
9092,88,89,-1,1
9093,60,70,-10,10
9094,172,149,23,23
9095,94,93,1,1
9096,53,64,-11,11
9097,81,77,4,4
9098,103,96,7,7
9099,146,134,12,12
9100,93,93,0,0
9101,106,108,-2,2
9102,115,103,12,12
9103,171,154,17,17
9104,80,81,-1,1
9105,89,81,8,8
9106,75,83,-8,8
9107,197,175,22,22
9108,52,64,-12,12
9109,56,63,-7,7
9110,76,76,0,0
9111,136,134,2,2
9112,127,124,3,3
9113,102,100,2,2
9114,100,99,1,1
9115,154,141,13,13
9116,127,133,-6,6
9117,115,106,9,9
9118,69,75,-6,6
9119,113,100,13,13
9120,116,115,1,1
9121,92,94,-2,2
9122,95,99,-4,4
9123,81,74,7,7
9124,81,84,-3,3
9125,148,144,4,4
9126,94,90,4,4
9127,117,114,3,3
9128,47,56,-9,9
9129,100,92,8,8
9130,133,124,9,9
9131,79,97,-18,18
9132,147,138,9,9
9133,62,69,-7,7
9134,77,83,-6,6
9135,154,139,15,15
9136,112,112,0,0
9137,65,66,-1,1
9138,42,50,-8,8
9139,114,115,-1,1
9140,114,108,6,6
9141,77,71,6,6
9142,68,75,-7,7
9143,84,87,-3,3
9144,120,121,-1,1
9145,132,127,5,5
9146,113,119,-6,6
9147,86,83,3,3
9148,78,81,-3,3
9149,73,92,-19,19
9150,68,65,3,3
9151,93,97,-4,4
9152,113,120,-7,7
9153,58,64,-6,6
9154,63,65,-2,2
9155,54,53,1,1
9156,123,104,19,19
9157,43,48,-5,5
9158,82,81,1,1
9159,144,137,7,7
9160,73,99,-26,26
9161,49,56,-7,7
9162,103,97,6,6
9163,179,174,5,5
9164,106,100,6,6
9165,93,99,-6,6
9166,135,140,-5,5
9167,120,116,4,4
9168,130,121,9,9
9169,79,90,-11,11
9170,82,80,2,2
9171,55,62,-7,7
9172,74,71,3,3
9173,153,145,8,8
9174,93,92,1,1
9175,107,102,5,5
9176,136,144,-8,8
9177,88,92,-4,4
9178,56,69,-13,13
9179,171,150,21,21
9180,115,109,6,6
9181,53,65,-12,12
9182,124,126,-2,2
9183,117,105,12,12
9184,76,79,-3,3
9185,168,150,18,18
9186,78,76,2,2
9187,42,47,-5,5
9188,74,77,-3,3
9189,156,128,28,28
9190,81,81,0,0
9191,88,79,9,9
9192,169,151,18,18
9193,74,74,0,0
9194,108,105,3,3
9195,98,92,6,6
9196,175,175,0,0
9197,39,49,-10,10
9198,47,58,-11,11
9199,100,88,12,12
9200,105,93,12,12
9201,103,101,2,2
9202,114,109,5,5
9203,65,72,-7,7
9204,70,72,-2,2
9205,79,77,2,2
9206,96,98,-2,2
9207,123,124,-1,1
9208,94,92,2,2
9209,124,126,-2,2
9210,102,96,6,6
9211,108,99,9,9
9212,78,85,-7,7
9213,111,108,3,3
9214,84,92,-8,8
9215,58,56,2,2
9216,124,118,6,6
9217,92,89,3,3
9218,75,80,-5,5
9219,64,56,8,8
9220,89,84,5,5
9221,88,95,-7,7
9222,58,69,-11,11
9223,116,110,6,6
9224,57,65,-8,8
9225,98,95,3,3
9226,138,141,-3,3
9227,87,93,-6,6
9228,58,59,-1,1
9229,141,126,15,15
9230,72,73,-1,1
9231,63,73,-10,10
9232,173,154,19,19
9233,113,106,7,7
9234,114,102,12,12
9235,95,88,7,7
9236,80,84,-4,4
9237,75,76,-1,1
9238,113,110,3,3
9239,86,94,-8,8
9240,54,62,-8,8
9241,99,94,5,5
9242,149,140,9,9
9243,73,65,8,8
9244,86,79,7,7
9245,108,103,5,5
9246,74,74,0,0
9247,59,66,-7,7
9248,106,108,-2,2
9249,158,134,24,24
9250,45,68,-23,23
9251,77,77,0,0
9252,116,124,-8,8
9253,52,57,-5,5
9254,93,100,-7,7
9255,129,118,11,11
9256,63,68,-5,5
9257,41,48,-7,7
9258,62,63,-1,1
9259,168,158,10,10
9260,117,113,4,4
9261,142,130,12,12
9262,112,102,10,10
9263,101,98,3,3
9264,86,84,2,2
9265,77,82,-5,5
9266,141,128,13,13
9267,80,90,-10,10
9268,107,117,-10,10
9269,90,89,1,1
9270,65,72,-7,7
9271,57,58,-1,1
9272,89,84,5,5
9273,63,65,-2,2
9274,121,109,12,12
9275,108,103,5,5
9276,83,86,-3,3
9277,116,113,3,3
9278,66,73,-7,7
9279,128,127,1,1
9280,98,97,1,1
9281,76,80,-4,4
9282,130,118,12,12
9283,55,61,-6,6
9284,64,70,-6,6
9285,107,115,-8,8
9286,117,104,13,13
9287,124,115,9,9
9288,88,85,3,3
9289,44,47,-3,3
9290,89,87,2,2
9291,82,85,-3,3
9292,78,77,1,1
9293,63,68,-5,5
9294,60,59,1,1
9295,55,62,-7,7
9296,80,84,-4,4
9297,56,63,-7,7
9298,68,74,-6,6
9299,177,169,8,8
9300,69,71,-2,2
9301,63,70,-7,7
9302,116,109,7,7
9303,96,99,-3,3
9304,142,115,27,27
9305,85,83,2,2
9306,56,67,-11,11
9307,91,89,2,2
9308,72,77,-5,5
9309,69,80,-11,11
9310,114,102,12,12
9311,131,128,3,3
9312,70,76,-6,6
9313,138,130,8,8
9314,103,99,4,4
9315,69,75,-6,6
9316,97,97,0,0
9317,98,111,-13,13
9318,117,105,12,12
9319,95,102,-7,7
9320,130,118,12,12
9321,174,151,23,23
9322,114,117,-3,3
9323,87,95,-8,8
9324,92,93,-1,1
9325,57,65,-8,8
9326,93,87,6,6
9327,90,88,2,2
9328,87,92,-5,5
9329,87,91,-4,4
9330,115,111,4,4
9331,103,104,-1,1
9332,66,70,-4,4
9333,95,91,4,4
9334,98,94,4,4
9335,82,81,1,1
9336,63,63,0,0
9337,39,48,-9,9
9338,60,68,-8,8
9339,112,105,7,7
9340,159,146,13,13
9341,41,51,-10,10
9342,96,96,0,0
9343,117,107,10,10
9344,69,73,-4,4
9345,82,83,-1,1
9346,125,113,12,12
9347,82,79,3,3
9348,65,74,-9,9
9349,92,84,8,8
9350,91,92,-1,1
9351,91,87,4,4
9352,95,87,8,8
9353,28,42,-14,14
9354,64,65,-1,1
9355,73,74,-1,1
9356,122,107,15,15
9357,76,82,-6,6
9358,82,78,4,4
9359,134,123,11,11
9360,118,106,12,12
9361,72,77,-5,5
9362,96,118,-22,22
9363,176,156,20,20
9364,156,145,11,11
9365,64,84,-20,20
9366,99,106,-7,7
9367,94,90,4,4
9368,84,76,8,8
9369,88,89,-1,1
9370,144,142,2,2
9371,123,110,13,13
9372,99,103,-4,4
9373,63,86,-23,23
9374,64,69,-5,5
9375,141,124,17,17
9376,71,85,-14,14
9377,166,149,17,17
9378,118,109,9,9
9379,120,104,16,16
9380,145,133,12,12
9381,87,87,0,0
9382,90,91,-1,1
9383,80,86,-6,6
9384,125,120,5,5
9385,59,55,4,4
9386,171,152,19,19
9387,72,71,1,1
9388,121,103,18,18
9389,47,51,-4,4
9390,73,84,-11,11
9391,124,102,22,22
9392,87,92,-5,5
9393,95,95,0,0
9394,77,77,0,0
9395,167,155,12,12
9396,53,60,-7,7
9397,89,84,5,5
9398,83,80,3,3
9399,77,86,-9,9
9400,127,124,3,3
9401,94,95,-1,1
9402,95,85,10,10
9403,93,95,-2,2
9404,74,77,-3,3
9405,112,113,-1,1
9406,117,105,12,12
9407,69,71,-2,2
9408,88,90,-2,2
9409,71,77,-6,6
9410,57,56,1,1
9411,89,84,5,5
9412,98,108,-10,10
9413,123,119,4,4
9414,88,88,0,0
9415,136,118,18,18
9416,85,78,7,7
9417,93,92,1,1
9418,150,152,-2,2
9419,50,58,-8,8
9420,77,81,-4,4
9421,87,92,-5,5
9422,123,115,8,8
9423,71,76,-5,5
9424,142,137,5,5
9425,78,81,-3,3
9426,111,103,8,8
9427,54,73,-19,19
9428,66,72,-6,6
9429,110,101,9,9
9430,96,91,5,5
9431,56,61,-5,5
9432,17,29,-12,12
9433,84,80,4,4
9434,108,103,5,5
9435,103,88,15,15
9436,102,99,3,3
9437,81,87,-6,6
9438,125,125,0,0
9439,120,127,-7,7
9440,89,85,4,4
9441,73,70,3,3
9442,110,103,7,7
9443,86,86,0,0
9444,94,95,-1,1
9445,76,73,3,3
9446,72,71,1,1
9447,41,52,-11,11
9448,129,122,7,7
9449,80,81,-1,1
9450,92,85,7,7
9451,208,174,34,34
9452,170,161,9,9
9453,88,89,-1,1
9454,43,54,-11,11
9455,65,66,-1,1
9456,52,60,-8,8
9457,44,50,-6,6
9458,96,100,-4,4
9459,165,151,14,14
9460,92,84,8,8
9461,104,90,14,14
9462,131,124,7,7
9463,73,78,-5,5
9464,131,118,13,13
9465,51,73,-22,22
9466,63,71,-8,8
9467,107,108,-1,1
9468,109,121,-12,12
9469,131,112,19,19
9470,96,92,4,4
9471,90,77,13,13
9472,60,70,-10,10
9473,106,106,0,0
9474,101,87,14,14
9475,67,70,-3,3
9476,117,112,5,5
9477,76,83,-7,7
9478,78,75,3,3
9479,94,89,5,5
9480,95,94,1,1
9481,78,70,8,8
9482,133,126,7,7
9483,41,61,-20,20
9484,105,95,10,10
9485,102,93,9,9
9486,88,94,-6,6
9487,106,106,0,0
9488,89,87,2,2
9489,98,111,-13,13
9490,128,115,13,13
9491,102,102,0,0
9492,132,132,0,0
9493,101,96,5,5
9494,144,138,6,6
9495,61,68,-7,7
9496,61,67,-6,6
9497,114,116,-2,2
9498,125,120,5,5
9499,70,71,-1,1
9500,83,88,-5,5
9501,147,141,6,6
9502,97,97,0,0
9503,82,85,-3,3
9504,87,81,6,6
9505,94,89,5,5
9506,54,67,-13,13
9507,71,79,-8,8
9508,105,95,10,10
9509,87,91,-4,4
9510,95,103,-8,8
9511,71,76,-5,5
9512,76,82,-6,6
9513,123,116,7,7
9514,127,124,3,3
9515,84,94,-10,10
9516,48,57,-9,9
9517,108,93,15,15
9518,157,128,29,29
9519,54,61,-7,7
9520,100,91,9,9
9521,118,107,11,11
9522,57,63,-6,6
9523,137,129,8,8
9524,80,86,-6,6
9525,48,57,-9,9
9526,49,49,0,0
9527,94,95,-1,1
9528,101,94,7,7
9529,64,70,-6,6
9530,114,120,-6,6
9531,82,79,3,3
9532,62,69,-7,7
9533,57,69,-12,12
9534,88,93,-5,5
9535,92,96,-4,4
9536,66,82,-16,16
9537,76,81,-5,5
9538,59,63,-4,4
9539,89,87,2,2
9540,63,67,-4,4
9541,51,54,-3,3
9542,123,117,6,6
9543,88,92,-4,4
9544,59,67,-8,8
9545,66,69,-3,3
9546,135,116,19,19
9547,54,64,-10,10
9548,24,30,-6,6
9549,91,81,10,10
9550,166,151,15,15
9551,45,50,-5,5
9552,95,90,5,5
9553,99,100,-1,1
9554,70,79,-9,9
9555,81,75,6,6
9556,97,89,8,8
9557,75,87,-12,12
9558,55,67,-12,12
9559,86,92,-6,6
9560,172,155,17,17
9561,65,80,-15,15
9562,174,151,23,23
9563,78,80,-2,2
9564,81,87,-6,6
9565,68,67,1,1
9566,74,70,4,4
9567,46,54,-8,8
9568,119,123,-4,4
9569,48,58,-10,10
9570,112,111,1,1
9571,135,146,-11,11
9572,91,81,10,10
9573,103,95,8,8
9574,95,112,-17,17
9575,91,76,15,15
9576,201,167,34,34
9577,89,88,1,1
9578,71,69,2,2
9579,198,174,24,24
9580,93,84,9,9
9581,82,81,1,1
9582,132,120,12,12
9583,79,91,-12,12
9584,60,66,-6,6
9585,72,83,-11,11
9586,107,107,0,0
9587,112,108,4,4
9588,99,104,-5,5
9589,104,110,-6,6
9590,68,72,-4,4
9591,57,63,-6,6
9592,47,56,-9,9
9593,96,91,5,5
9594,95,102,-7,7
9595,43,52,-9,9
9596,116,105,11,11
9597,65,73,-8,8
9598,106,93,13,13
9599,117,127,-10,10
9600,96,93,3,3
9601,67,70,-3,3
9602,100,90,10,10
9603,108,104,4,4
9604,103,99,4,4
9605,58,65,-7,7
9606,88,85,3,3
9607,133,120,13,13
9608,161,153,8,8
9609,95,90,5,5
9610,99,87,12,12
9611,69,68,1,1
9612,112,103,9,9
9613,127,115,12,12
9614,66,70,-4,4
9615,116,118,-2,2
9616,105,111,-6,6
9617,100,94,6,6
9618,93,93,0,0
9619,79,86,-7,7
9620,121,110,11,11
9621,86,92,-6,6
9622,88,80,8,8
9623,177,151,26,26
9624,67,65,2,2
9625,73,75,-2,2
9626,105,97,8,8
9627,115,109,6,6
9628,141,133,8,8
9629,75,76,-1,1
9630,58,65,-7,7
9631,86,87,-1,1
9632,137,127,10,10
9633,113,113,0,0
9634,92,89,3,3
9635,83,89,-6,6
9636,103,108,-5,5
9637,145,127,18,18
9638,84,81,3,3
9639,123,127,-4,4
9640,104,100,4,4
9641,61,65,-4,4
9642,79,94,-15,15
9643,90,109,-19,19
9644,115,114,1,1
9645,138,141,-3,3
9646,80,80,0,0
9647,92,97,-5,5
9648,126,119,7,7
9649,62,55,7,7
9650,81,84,-3,3
9651,88,86,2,2
9652,90,94,-4,4
9653,70,73,-3,3
9654,113,107,6,6
9655,81,85,-4,4
9656,70,82,-12,12
9657,87,84,3,3
9658,62,72,-10,10
9659,54,61,-7,7
9660,85,87,-2,2
9661,76,75,1,1
9662,44,52,-8,8
9663,106,98,8,8
9664,116,107,9,9
9665,114,130,-16,16
9666,156,147,9,9
9667,127,112,15,15
9668,61,65,-4,4
9669,57,59,-2,2
9670,128,122,6,6
9671,90,83,7,7
9672,113,106,7,7
9673,81,76,5,5
9674,48,62,-14,14
9675,47,56,-9,9
9676,139,124,15,15
9677,154,144,10,10
9678,104,110,-6,6
9679,97,94,3,3
9680,123,120,3,3
9681,68,62,6,6
9682,94,96,-2,2
9683,77,88,-11,11
9684,45,48,-3,3
9685,78,78,0,0
9686,75,81,-6,6
9687,79,77,2,2
9688,175,162,13,13
9689,117,111,6,6
9690,108,101,7,7
9691,106,107,-1,1
9692,82,74,8,8
9693,112,100,12,12
9694,74,76,-2,2
9695,117,117,0,0
9696,94,98,-4,4
9697,226,195,31,31
9698,120,108,12,12
9699,40,48,-8,8
9700,40,101,-61,61
9701,119,117,2,2
9702,51,60,-9,9
9703,61,64,-3,3
9704,119,112,7,7
9705,97,86,11,11
9706,70,78,-8,8
9707,101,92,9,9
9708,160,148,12,12
9709,88,85,3,3
9710,41,58,-17,17
9711,86,82,4,4
9712,76,79,-3,3
9713,66,76,-10,10
9714,110,108,2,2
9715,120,114,6,6
9716,97,98,-1,1
9717,89,96,-7,7
9718,117,110,7,7
9719,59,70,-11,11
9720,145,138,7,7
9721,84,77,7,7
9722,78,85,-7,7
9723,65,67,-2,2
9724,62,67,-5,5
9725,114,111,3,3
9726,76,80,-4,4
9727,51,61,-10,10
9728,131,140,-9,9
9729,162,163,-1,1
9730,90,97,-7,7
9731,95,102,-7,7
9732,49,65,-16,16
9733,81,84,-3,3
9734,103,101,2,2
9735,136,135,1,1
9736,116,108,8,8
9737,74,74,0,0
9738,54,67,-13,13
9739,110,109,1,1
9740,113,100,13,13
9741,142,112,30,30
9742,130,104,26,26
9743,156,145,11,11
9744,186,178,8,8
9745,70,72,-2,2
9746,115,103,12,12
9747,149,127,22,22
9748,135,118,17,17
9749,72,71,1,1
9750,143,141,2,2
9751,190,167,23,23
9752,117,123,-6,6
9753,124,113,11,11
9754,78,86,-8,8
9755,90,94,-4,4
9756,49,52,-3,3
9757,52,62,-10,10
9758,48,60,-12,12
9759,69,72,-3,3
9760,69,76,-7,7
9761,40,57,-17,17
9762,89,94,-5,5
9763,85,86,-1,1
9764,104,107,-3,3
9765,130,117,13,13
9766,110,91,19,19
9767,136,124,12,12
9768,91,82,9,9
9769,83,89,-6,6
9770,50,56,-6,6
9771,104,101,3,3
9772,83,79,4,4
9773,114,111,3,3
9774,119,127,-8,8
9775,88,86,2,2
9776,68,90,-22,22
9777,84,100,-16,16
9778,93,78,15,15
9779,56,61,-5,5
9780,66,71,-5,5
9781,60,64,-4,4
9782,58,65,-7,7
9783,142,137,5,5
9784,197,169,28,28
9785,53,60,-7,7
9786,86,102,-16,16
9787,85,85,0,0
9788,153,131,22,22
9789,58,64,-6,6
9790,78,76,2,2
9791,159,144,15,15
9792,129,124,5,5
9793,115,112,3,3
9794,64,65,-1,1
9795,142,139,3,3
9796,83,82,1,1
9797,171,168,3,3
9798,137,145,-8,8
9799,107,107,0,0
9800,101,90,11,11
9801,75,70,5,5
9802,103,96,7,7
9803,80,81,-1,1
9804,51,61,-10,10
9805,92,86,6,6
9806,88,86,2,2
9807,96,99,-3,3
9808,140,124,16,16
9809,107,105,2,2
9810,59,66,-7,7
9811,128,110,18,18
9812,80,79,1,1
9813,40,47,-7,7
9814,139,131,8,8
9815,79,75,4,4
9816,89,88,1,1
9817,127,120,7,7
9818,132,118,14,14
9819,104,106,-2,2
9820,100,92,8,8
9821,76,78,-2,2
9822,182,148,34,34
9823,43,46,-3,3
9824,56,60,-4,4
9825,140,133,7,7
9826,98,100,-2,2
9827,66,77,-11,11
9828,52,52,0,0
9829,100,97,3,3
9830,131,114,17,17
9831,47,53,-6,6
9832,57,61,-4,4
9833,58,66,-8,8
9834,100,96,4,4
9835,143,146,-3,3
9836,81,76,5,5
9837,130,106,24,24
9838,63,74,-11,11
9839,84,99,-15,15
9840,86,85,1,1
9841,118,111,7,7
9842,109,99,10,10
9843,176,170,6,6
9844,68,73,-5,5
9845,102,102,0,0
9846,65,64,1,1
9847,88,89,-1,1
9848,127,113,14,14
9849,56,60,-4,4
9850,104,102,2,2
9851,105,91,14,14
9852,84,83,1,1
9853,27,69,-42,42
9854,95,96,-1,1
9855,77,78,-1,1
9856,192,183,9,9
9857,78,73,5,5
9858,122,119,3,3
9859,80,84,-4,4
9860,94,83,11,11
9861,126,116,10,10
9862,44,54,-10,10
9863,73,79,-6,6
9864,104,85,19,19
9865,71,70,1,1
9866,65,77,-12,12
9867,96,83,13,13
9868,116,97,19,19
9869,103,103,0,0
9870,129,123,6,6
9871,143,135,8,8
9872,100,114,-14,14
9873,133,118,15,15
9874,64,68,-4,4
9875,121,112,9,9
9876,61,68,-7,7
9877,55,65,-10,10
9878,49,53,-4,4
9879,86,83,3,3
9880,85,81,4,4
9881,61,62,-1,1
9882,128,131,-3,3
9883,91,79,12,12
9884,99,83,16,16
9885,92,91,1,1
9886,179,162,17,17
9887,114,100,14,14
9888,66,65,1,1
9889,78,86,-8,8
9890,69,72,-3,3
9891,121,111,10,10
9892,85,75,10,10
9893,110,123,-13,13
9894,92,95,-3,3
9895,117,107,10,10
9896,174,157,17,17
9897,135,130,5,5
9898,64,64,0,0
9899,75,76,-1,1
9900,97,104,-7,7
9901,120,121,-1,1
9902,102,98,4,4
9903,91,89,2,2
9904,70,76,-6,6
9905,64,75,-11,11
9906,49,54,-5,5
9907,94,99,-5,5
9908,71,80,-9,9
9909,136,157,-21,21
9910,68,72,-4,4
9911,122,118,4,4
9912,73,74,-1,1
9913,114,110,4,4
9914,98,96,2,2
9915,104,100,4,4
9916,103,95,8,8
9917,108,98,10,10
9918,127,119,8,8
9919,130,128,2,2
9920,95,96,-1,1
9921,89,81,8,8
9922,73,75,-2,2
9923,157,135,22,22
9924,103,96,7,7
9925,105,100,5,5
9926,112,100,12,12
9927,109,100,9,9
9928,79,79,0,0
9929,92,109,-17,17
9930,72,69,3,3
9931,48,59,-11,11
9932,98,89,9,9
9933,111,109,2,2
9934,119,109,10,10
9935,139,118,21,21
9936,55,71,-16,16
9937,107,109,-2,2
9938,135,140,-5,5
9939,102,98,4,4
9940,88,90,-2,2
9941,105,108,-3,3
9942,136,118,18,18
9943,82,85,-3,3
9944,67,71,-4,4
9945,123,117,6,6
9946,120,114,6,6
9947,94,98,-4,4
9948,51,56,-5,5
9949,95,86,9,9
9950,92,90,2,2
9951,154,134,20,20
9952,76,80,-4,4
9953,59,61,-2,2
9954,153,137,16,16
9955,66,76,-10,10
9956,96,101,-5,5
9957,131,123,8,8
9958,81,79,2,2
9959,80,84,-4,4
9960,59,66,-7,7
9961,72,78,-6,6
9962,148,141,7,7
9963,123,129,-6,6
9964,72,76,-4,4
9965,59,66,-7,7
9966,145,141,4,4
9967,95,96,-1,1
9968,125,122,3,3
9969,79,79,0,0
9970,79,81,-2,2
9971,68,74,-6,6
9972,135,133,2,2
9973,96,95,1,1
9974,64,67,-3,3
9975,62,61,1,1
9976,102,98,4,4
9977,141,128,13,13
9978,82,77,5,5
9979,84,77,7,7
9980,85,87,-2,2
9981,77,81,-4,4
9982,107,98,9,9
9983,94,93,1,1
9984,84,75,9,9
9985,90,86,4,4
9986,127,122,5,5
9987,94,93,1,1
9988,142,157,-15,15
9989,88,92,-4,4
9990,104,96,8,8
9991,66,71,-5,5
9992,48,54,-6,6
9993,76,75,1,1
9994,105,102,3,3
9995,62,61,1,1
9996,82,84,-2,2
9997,123,120,3,3
9998,88,93,-5,5
9999,68,69,-1,1
10000,171,147,24,24
10001,134,122,12,12
10002,81,79,2,2
10003,66,73,-7,7
10004,49,57,-8,8
10005,92,93,-1,1
10006,121,113,8,8
10007,133,121,12,12
10008,147,132,15,15
10009,81,81,0,0
10010,69,75,-6,6
10011,83,85,-2,2
10012,88,88,0,0
10013,59,56,3,3
10014,91,96,-5,5
10015,153,149,4,4
10016,114,109,5,5
10017,77,86,-9,9
10018,85,74,11,11
10019,80,77,3,3
10020,74,74,0,0
10021,169,154,15,15
10022,108,104,4,4
10023,121,120,1,1
10024,83,91,-8,8
10025,56,59,-3,3
10026,74,76,-2,2
10027,53,65,-12,12
10028,80,86,-6,6
10029,79,82,-3,3
10030,117,112,5,5
10031,174,158,16,16
10032,77,75,2,2
10033,114,97,17,17
10034,79,81,-2,2
10035,158,146,12,12
10036,80,79,1,1
10037,90,112,-22,22
10038,111,105,6,6
10039,155,137,18,18
10040,55,62,-7,7
10041,74,76,-2,2
10042,62,70,-8,8
10043,138,133,5,5
10044,143,149,-6,6
10045,113,115,-2,2
10046,100,102,-2,2
10047,115,95,20,20
10048,49,55,-6,6
10049,139,144,-5,5
10050,114,115,-1,1
10051,125,127,-2,2
10052,61,67,-6,6
10053,136,125,11,11
10054,77,75,2,2
10055,211,175,36,36
10056,66,64,2,2
10057,111,101,10,10
10058,122,125,-3,3
10059,139,129,10,10
10060,121,107,14,14
10061,108,113,-5,5
10062,85,92,-7,7
10063,110,106,4,4
10064,62,74,-12,12
10065,107,99,8,8
10066,49,53,-4,4
10067,82,85,-3,3
10068,92,92,0,0
10069,59,64,-5,5
10070,56,60,-4,4
10071,105,96,9,9
10072,61,69,-8,8
10073,95,102,-7,7
10074,56,64,-8,8
10075,148,144,4,4
10076,123,123,0,0
10077,111,114,-3,3
10078,75,73,2,2
10079,139,147,-8,8
10080,68,75,-7,7
10081,90,85,5,5
10082,150,151,-1,1
10083,133,114,19,19
10084,49,59,-10,10
10085,62,68,-6,6
10086,111,99,12,12
10087,117,111,6,6
10088,151,145,6,6
10089,100,97,3,3
10090,42,56,-14,14
10091,78,77,1,1
10092,48,57,-9,9
10093,118,105,13,13
10094,70,69,1,1
10095,117,127,-10,10
10096,61,85,-24,24
10097,94,100,-6,6
10098,78,80,-2,2
10099,170,152,18,18
10100,68,70,-2,2
10101,78,73,5,5
10102,47,55,-8,8
10103,130,106,24,24
10104,80,78,2,2
10105,70,77,-7,7
10106,49,55,-6,6
10107,117,108,9,9
10108,86,89,-3,3
10109,82,77,5,5
10110,54,59,-5,5
10111,160,149,11,11
10112,78,91,-13,13
10113,82,82,0,0
10114,59,60,-1,1
10115,115,110,5,5
10116,86,88,-2,2
10117,119,105,14,14
10118,116,115,1,1
10119,90,95,-5,5
10120,75,79,-4,4
10121,81,82,-1,1
10122,87,91,-4,4
10123,108,103,5,5
10124,50,58,-8,8
10125,53,62,-9,9
10126,130,134,-4,4
10127,125,110,15,15
10128,118,110,8,8
10129,112,108,4,4
10130,62,73,-11,11
10131,105,102,3,3
10132,90,96,-6,6
10133,143,143,0,0
10134,58,61,-3,3
10135,64,72,-8,8
10136,108,100,8,8
10137,98,84,14,14
10138,136,126,10,10
10139,101,112,-11,11
10140,85,90,-5,5
10141,92,96,-4,4
10142,144,129,15,15
10143,80,83,-3,3
10144,110,95,15,15
10145,66,66,0,0
10146,73,73,0,0
10147,59,63,-4,4
10148,88,91,-3,3
10149,74,84,-10,10
10150,61,68,-7,7
10151,125,115,10,10
10152,55,58,-3,3
10153,115,108,7,7
10154,58,69,-11,11
10155,76,81,-5,5
10156,137,140,-3,3
10157,81,79,2,2
10158,116,114,2,2
10159,81,80,1,1
10160,94,89,5,5
10161,78,92,-14,14
10162,80,77,3,3
10163,99,95,4,4
10164,118,110,8,8
10165,137,125,12,12
10166,98,102,-4,4
10167,71,70,1,1
10168,83,86,-3,3
10169,132,138,-6,6
10170,69,72,-3,3
10171,119,113,6,6
10172,101,106,-5,5
10173,92,94,-2,2
10174,74,71,3,3
10175,95,95,0,0
10176,67,73,-6,6
10177,50,60,-10,10
10178,106,100,6,6
10179,102,94,8,8
10180,359,253,106,106
10181,58,64,-6,6
10182,94,92,2,2
10183,90,79,11,11
10184,88,82,6,6
10185,105,93,12,12
10186,75,77,-2,2
10187,89,88,1,1
10188,86,83,3,3
10189,133,126,7,7
10190,35,44,-9,9
10191,88,82,6,6
10192,177,157,20,20
10193,100,95,5,5
10194,65,65,0,0
10195,104,100,4,4
10196,67,65,2,2
10197,86,86,0,0
10198,123,111,12,12
10199,108,98,10,10
10200,84,82,2,2
10201,54,65,-11,11
10202,95,94,1,1
10203,86,82,4,4
10204,70,84,-14,14
10205,84,79,5,5
10206,107,103,4,4
10207,45,55,-10,10
10208,85,89,-4,4
10209,79,83,-4,4
10210,125,121,4,4
10211,92,88,4,4
10212,74,77,-3,3
10213,139,141,-2,2
10214,84,82,2,2
10215,103,113,-10,10
10216,60,75,-15,15
10217,78,84,-6,6
10218,69,58,11,11
10219,131,126,5,5
10220,102,97,5,5
10221,69,74,-5,5
10222,58,67,-9,9
10223,43,50,-7,7
10224,29,39,-10,10
10225,86,89,-3,3
10226,114,110,4,4
10227,38,53,-15,15
10228,113,120,-7,7
10229,74,85,-11,11
10230,67,70,-3,3
10231,221,201,20,20
10232,103,96,7,7
10233,224,197,27,27
10234,82,97,-15,15
10235,104,98,6,6
10236,115,108,7,7
10237,70,87,-17,17
10238,92,89,3,3
10239,118,111,7,7
10240,159,139,20,20
10241,124,110,14,14
10242,165,130,35,35
10243,118,120,-2,2
10244,79,75,4,4
10245,113,105,8,8
10246,61,67,-6,6
10247,112,109,3,3
10248,68,71,-3,3
10249,71,78,-7,7
10250,127,116,11,11
10251,82,81,1,1
10252,63,66,-3,3
10253,189,185,4,4
10254,73,79,-6,6
10255,76,72,4,4
10256,99,104,-5,5
10257,131,128,3,3
10258,88,89,-1,1
10259,61,69,-8,8
10260,135,131,4,4
10261,52,59,-7,7
10262,114,109,5,5
10263,82,83,-1,1
10264,106,99,7,7
10265,102,112,-10,10
10266,105,114,-9,9
10267,77,83,-6,6
10268,66,65,1,1
10269,129,114,15,15
10270,73,76,-3,3
10271,77,77,0,0
10272,70,71,-1,1
10273,40,45,-5,5
10274,55,69,-14,14
10275,130,131,-1,1
10276,168,152,16,16
10277,76,69,7,7
10278,136,127,9,9
10279,104,107,-3,3
10280,52,62,-10,10
10281,151,141,10,10
10282,74,78,-4,4
10283,60,71,-11,11
10284,90,85,5,5
10285,81,77,4,4
10286,118,117,1,1
10287,96,95,1,1
10288,96,90,6,6
10289,151,146,5,5
10290,125,114,11,11
10291,73,72,1,1
10292,107,99,8,8
10293,113,112,1,1
10294,118,122,-4,4
10295,71,81,-10,10
10296,68,72,-4,4
10297,65,71,-6,6
10298,48,59,-11,11
10299,73,78,-5,5
10300,86,103,-17,17
10301,45,52,-7,7
10302,87,84,3,3
10303,113,108,5,5
10304,137,131,6,6
10305,114,115,-1,1
10306,61,66,-5,5
10307,106,94,12,12
10308,128,120,8,8
10309,111,112,-1,1
10310,100,97,3,3
10311,100,93,7,7
10312,133,140,-7,7
10313,96,95,1,1
10314,133,130,3,3
10315,130,124,6,6
10316,78,85,-7,7
10317,130,109,21,21
10318,110,113,-3,3
10319,75,83,-8,8
10320,144,141,3,3
10321,81,87,-6,6
10322,63,72,-9,9
10323,122,118,4,4
10324,119,120,-1,1
10325,99,95,4,4
10326,111,106,5,5
10327,143,120,23,23
10328,104,114,-10,10
10329,93,86,7,7
10330,72,80,-8,8
10331,79,85,-6,6
10332,128,125,3,3
10333,99,93,6,6
10334,76,85,-9,9
10335,100,99,1,1
10336,70,71,-1,1
10337,148,146,2,2
10338,68,69,-1,1
10339,100,108,-8,8
10340,74,88,-14,14
10341,86,79,7,7
10342,93,87,6,6
10343,138,116,22,22
10344,149,156,-7,7
10345,65,64,1,1
10346,89,94,-5,5
10347,117,86,31,31
10348,98,87,11,11
10349,127,121,6,6
10350,106,95,11,11
10351,68,66,2,2
10352,160,138,22,22
10353,83,91,-8,8
10354,129,115,14,14
10355,117,102,15,15
10356,74,85,-11,11
10357,101,97,4,4
10358,113,110,3,3
10359,121,108,13,13
10360,122,124,-2,2
10361,117,111,6,6
10362,131,130,1,1
10363,68,64,4,4
10364,86,92,-6,6
10365,97,89,8,8
10366,125,116,9,9
10367,65,72,-7,7
10368,49,50,-1,1
10369,81,81,0,0
10370,103,102,1,1
10371,110,101,9,9
10372,86,93,-7,7
10373,103,99,4,4
10374,103,104,-1,1
10375,59,64,-5,5
10376,119,106,13,13
10377,40,42,-2,2
10378,102,102,0,0
10379,120,109,11,11
10380,103,104,-1,1
10381,101,97,4,4
10382,106,102,4,4
10383,110,108,2,2
10384,82,79,3,3
10385,88,82,6,6
10386,174,165,9,9
10387,99,90,9,9
10388,66,69,-3,3
10389,105,105,0,0
10390,59,64,-5,5
10391,128,109,19,19
10392,53,67,-14,14
10393,123,123,0,0
10394,88,89,-1,1
10395,80,79,1,1
10396,72,85,-13,13
10397,73,78,-5,5
10398,60,65,-5,5
10399,88,87,1,1
10400,82,82,0,0
10401,156,140,16,16
10402,163,138,25,25
10403,73,73,0,0
10404,105,93,12,12
10405,137,119,18,18
10406,74,79,-5,5
10407,85,80,5,5
10408,71,77,-6,6
10409,56,67,-11,11
10410,95,88,7,7
10411,48,50,-2,2
10412,113,112,1,1
10413,96,94,2,2
10414,111,109,2,2
10415,80,108,-28,28
10416,44,52,-8,8
10417,73,72,1,1
10418,132,106,26,26
10419,100,89,11,11
10420,126,116,10,10
10421,77,84,-7,7
10422,81,91,-10,10
10423,68,67,1,1
10424,73,92,-19,19
10425,100,97,3,3
10426,98,89,9,9
10427,60,64,-4,4
10428,110,107,3,3
10429,102,99,3,3
10430,75,74,1,1
10431,138,139,-1,1
10432,81,78,3,3
10433,108,111,-3,3
10434,148,131,17,17
10435,59,60,-1,1
10436,88,91,-3,3
10437,104,87,17,17
10438,72,69,3,3
10439,82,84,-2,2
10440,93,90,3,3
10441,93,87,6,6
10442,160,151,9,9
10443,129,127,2,2
10444,113,113,0,0
10445,116,99,17,17
10446,119,115,4,4
10447,86,84,2,2
10448,44,49,-5,5
10449,76,72,4,4
10450,61,68,-7,7
10451,80,91,-11,11
10452,99,88,11,11
10453,87,100,-13,13
10454,117,111,6,6
10455,50,72,-22,22
10456,150,133,17,17
10457,123,108,15,15
10458,100,82,18,18
10459,147,139,8,8
10460,185,176,9,9
10461,59,63,-4,4
10462,81,76,5,5
10463,61,77,-16,16
10464,126,118,8,8
10465,82,85,-3,3
10466,100,97,3,3
10467,81,77,4,4
10468,39,46,-7,7
10469,77,73,4,4
10470,51,54,-3,3
10471,98,104,-6,6
10472,133,143,-10,10
10473,80,80,0,0
10474,151,132,19,19
10475,88,81,7,7
10476,55,58,-3,3
10477,72,80,-8,8
10478,75,84,-9,9
10479,77,73,4,4
10480,81,73,8,8
10481,144,140,4,4
10482,121,101,20,20
10483,57,60,-3,3
10484,69,80,-11,11
10485,99,98,1,1
10486,64,73,-9,9
10487,130,107,23,23
10488,106,104,2,2
10489,72,74,-2,2
10490,67,74,-7,7
10491,68,70,-2,2
10492,79,87,-8,8
10493,81,83,-2,2
10494,69,73,-4,4
10495,67,69,-2,2
10496,73,75,-2,2
10497,39,50,-11,11
10498,112,119,-7,7
10499,71,76,-5,5
10500,132,117,15,15
10501,133,135,-2,2
10502,95,92,3,3
10503,112,101,11,11
10504,112,98,14,14
10505,99,110,-11,11
10506,71,80,-9,9
10507,127,139,-12,12
10508,89,96,-7,7
10509,87,84,3,3
10510,124,112,12,12
10511,66,71,-5,5
10512,92,96,-4,4
10513,80,78,2,2
10514,94,95,-1,1
10515,146,146,0,0
10516,139,136,3,3
10517,136,126,10,10
10518,63,65,-2,2
10519,54,61,-7,7
10520,171,155,16,16
10521,91,85,6,6
10522,170,150,20,20
10523,147,146,1,1
10524,70,72,-2,2
10525,140,142,-2,2
10526,117,116,1,1
10527,72,74,-2,2
10528,132,124,8,8
10529,63,69,-6,6
10530,102,103,-1,1
10531,81,84,-3,3
10532,90,88,2,2
10533,87,90,-3,3
10534,127,117,10,10
10535,56,61,-5,5
10536,44,50,-6,6
10537,122,114,8,8
10538,111,105,6,6
10539,66,72,-6,6
10540,110,113,-3,3
10541,101,101,0,0
10542,119,118,1,1
10543,75,83,-8,8
10544,65,66,-1,1
10545,55,62,-7,7
10546,76,86,-10,10
10547,70,74,-4,4
10548,157,168,-11,11
10549,27,35,-8,8
10550,83,79,4,4
10551,125,118,7,7
10552,95,101,-6,6
10553,86,79,7,7
10554,116,113,3,3
10555,66,68,-2,2
10556,144,158,-14,14
10557,96,100,-4,4
10558,94,93,1,1
10559,37,47,-10,10
10560,195,172,23,23
10561,108,104,4,4
10562,130,128,2,2
10563,78,82,-4,4
10564,57,65,-8,8
10565,72,69,3,3
10566,57,72,-15,15
10567,90,100,-10,10
10568,67,62,5,5
10569,157,150,7,7
10570,57,67,-10,10
10571,94,94,0,0
10572,69,77,-8,8
10573,86,85,1,1
10574,58,63,-5,5
10575,105,102,3,3
10576,74,75,-1,1
10577,116,106,10,10
10578,78,75,3,3
10579,115,106,9,9
10580,64,68,-4,4
10581,127,113,14,14
10582,77,78,-1,1
10583,99,90,9,9
10584,68,74,-6,6
10585,101,108,-7,7
10586,88,84,4,4
10587,121,114,7,7
10588,100,100,0,0
10589,87,73,14,14
10590,80,74,6,6
10591,43,52,-9,9
10592,103,107,-4,4
10593,149,133,16,16
10594,67,75,-8,8
10595,110,110,0,0
10596,127,109,18,18
10597,55,62,-7,7
10598,133,122,11,11
10599,82,84,-2,2
10600,45,47,-2,2
10601,59,64,-5,5
10602,120,112,8,8
10603,103,107,-4,4
10604,145,139,6,6
10605,119,120,-1,1
10606,75,82,-7,7
10607,74,73,1,1
10608,109,109,0,0
10609,148,138,10,10
10610,80,82,-2,2
10611,68,70,-2,2
10612,116,115,1,1
10613,114,104,10,10
10614,100,100,0,0
10615,72,76,-4,4
10616,119,128,-9,9
10617,96,89,7,7
10618,58,66,-8,8
10619,132,139,-7,7
10620,169,162,7,7
10621,70,72,-2,2
10622,90,85,5,5
10623,93,90,3,3
10624,107,120,-13,13
10625,124,111,13,13
10626,43,51,-8,8
10627,102,95,7,7
10628,107,104,3,3
10629,61,69,-8,8
10630,62,69,-7,7
10631,72,70,2,2
10632,129,116,13,13
10633,74,76,-2,2
10634,81,79,2,2
10635,107,97,10,10
10636,79,76,3,3
10637,43,45,-2,2
10638,72,76,-4,4
10639,102,87,15,15
10640,93,87,6,6
10641,90,89,1,1
10642,66,62,4,4
10643,125,115,10,10
10644,73,73,0,0
10645,78,73,5,5
10646,49,57,-8,8
10647,81,75,6,6
10648,74,80,-6,6
10649,78,76,2,2
10650,82,81,1,1
10651,92,110,-18,18
10652,110,87,23,23
10653,96,92,4,4
10654,83,88,-5,5
10655,143,138,5,5
10656,88,79,9,9
10657,111,107,4,4
10658,54,58,-4,4
10659,66,72,-6,6
10660,68,82,-14,14
10661,57,67,-10,10
10662,169,144,25,25
10663,63,76,-13,13
10664,131,137,-6,6
10665,102,100,2,2
10666,47,55,-8,8
10667,58,66,-8,8
10668,127,117,10,10
10669,100,92,8,8
10670,109,110,-1,1
10671,109,101,8,8
10672,92,89,3,3
10673,93,86,7,7
10674,64,67,-3,3
10675,95,97,-2,2
10676,97,91,6,6
10677,87,91,-4,4
10678,65,76,-11,11
10679,84,84,0,0
10680,140,119,21,21
10681,88,84,4,4
10682,56,58,-2,2
10683,131,123,8,8
10684,107,101,6,6
10685,93,85,8,8
10686,125,117,8,8
10687,204,180,24,24
10688,128,114,14,14
10689,80,77,3,3
10690,161,172,-11,11
10691,114,106,8,8
10692,96,80,16,16
10693,79,83,-4,4
10694,60,64,-4,4
10695,176,159,17,17
10696,41,47,-6,6
10697,50,59,-9,9
10698,45,50,-5,5
10699,168,132,36,36
10700,65,67,-2,2
10701,57,53,4,4
10702,98,95,3,3
10703,77,78,-1,1
10704,84,80,4,4
10705,76,80,-4,4
10706,75,87,-12,12
10707,93,91,2,2
10708,71,101,-30,30
10709,87,82,5,5
10710,65,70,-5,5
10711,130,117,13,13
10712,74,67,7,7
10713,34,46,-12,12
10714,129,107,22,22
10715,114,116,-2,2
10716,70,70,0,0
10717,50,64,-14,14
10718,93,87,6,6
10719,55,58,-3,3
10720,94,83,11,11
10721,46,45,1,1
10722,50,53,-3,3
10723,104,94,10,10
10724,118,110,8,8
10725,102,99,3,3
10726,84,85,-1,1
10727,165,167,-2,2
10728,97,98,-1,1
10729,92,92,0,0
10730,89,78,11,11
10731,76,78,-2,2
10732,75,92,-17,17
10733,142,139,3,3
10734,96,98,-2,2
10735,145,142,3,3
10736,87,90,-3,3
10737,64,67,-3,3
10738,48,64,-16,16
10739,94,92,2,2
10740,69,68,1,1
10741,66,63,3,3
10742,131,116,15,15
10743,98,92,6,6
10744,94,97,-3,3
10745,65,70,-5,5
10746,89,91,-2,2
10747,128,118,10,10
10748,144,127,17,17
10749,53,68,-15,15
10750,108,111,-3,3
10751,29,44,-15,15
10752,58,62,-4,4
10753,94,102,-8,8
10754,74,73,1,1
10755,133,125,8,8
10756,75,75,0,0
10757,87,81,6,6
10758,133,127,6,6
10759,74,72,2,2
10760,80,81,-1,1
10761,52,57,-5,5
10762,116,112,4,4
10763,158,150,8,8
10764,224,193,31,31
10765,97,98,-1,1
10766,128,117,11,11
10767,102,99,3,3
10768,114,104,10,10
10769,41,48,-7,7
10770,86,86,0,0
10771,42,52,-10,10
10772,111,103,8,8
10773,142,140,2,2
10774,68,76,-8,8
10775,65,70,-5,5
10776,116,115,1,1
10777,91,84,7,7
10778,157,149,8,8
10779,140,132,8,8
10780,126,112,14,14
10781,77,75,2,2
10782,86,88,-2,2
10783,102,101,1,1
10784,95,91,4,4
10785,64,67,-3,3
10786,103,112,-9,9
10787,55,68,-13,13
10788,77,82,-5,5
10789,160,148,12,12
10790,58,65,-7,7
10791,191,181,10,10
10792,121,122,-1,1
10793,77,71,6,6
10794,161,150,11,11
10795,65,68,-3,3
10796,80,93,-13,13
10797,77,83,-6,6
10798,67,78,-11,11
10799,51,57,-6,6
10800,76,77,-1,1
10801,155,137,18,18
10802,96,87,9,9
10803,65,70,-5,5
10804,98,97,1,1
10805,101,97,4,4
10806,49,49,0,0
10807,112,100,12,12
10808,81,70,11,11
10809,49,56,-7,7
10810,65,66,-1,1
10811,90,86,4,4
10812,126,112,14,14
10813,48,55,-7,7
10814,120,115,5,5
10815,55,62,-7,7
10816,75,87,-12,12
10817,83,99,-16,16
10818,135,122,13,13
10819,131,126,5,5
10820,117,122,-5,5
10821,88,81,7,7
10822,92,93,-1,1
10823,90,98,-8,8
10824,98,102,-4,4
10825,101,94,7,7
10826,138,135,3,3
10827,84,88,-4,4
10828,104,104,0,0
10829,98,110,-12,12
10830,87,89,-2,2
10831,102,103,-1,1
10832,81,84,-3,3
10833,75,79,-4,4
10834,145,131,14,14
10835,114,109,5,5
10836,63,68,-5,5
10837,51,59,-8,8
10838,109,106,3,3
10839,69,70,-1,1
10840,87,95,-8,8
10841,72,70,2,2
10842,114,111,3,3
10843,96,84,12,12
10844,140,145,-5,5
10845,171,158,13,13
10846,97,95,2,2
10847,77,80,-3,3
10848,125,103,22,22
10849,75,77,-2,2
10850,98,103,-5,5
10851,118,113,5,5
10852,120,110,10,10
10853,69,71,-2,2
10854,57,60,-3,3
10855,129,114,15,15
10856,127,118,9,9
10857,81,83,-2,2
10858,102,101,1,1
10859,154,139,15,15
10860,116,107,9,9
10861,47,52,-5,5
10862,124,115,9,9
10863,124,113,11,11
10864,138,125,13,13
10865,82,85,-3,3
10866,120,110,10,10
10867,114,101,13,13
10868,90,90,0,0
10869,88,83,5,5
10870,53,59,-6,6
10871,84,79,5,5
10872,80,82,-2,2
10873,147,137,10,10
10874,79,88,-9,9
10875,115,104,11,11
10876,80,80,0,0
10877,117,110,7,7
10878,123,113,10,10
10879,54,66,-12,12
10880,93,90,3,3
10881,145,138,7,7
10882,128,128,0,0
10883,73,76,-3,3
10884,51,53,-2,2
10885,65,68,-3,3
10886,102,110,-8,8
10887,95,99,-4,4
10888,58,61,-3,3
10889,49,63,-14,14
10890,113,111,2,2
10891,121,122,-1,1
10892,148,143,5,5
10893,139,137,2,2
10894,96,109,-13,13
10895,143,132,11,11
10896,92,94,-2,2
10897,78,77,1,1
10898,11,28,-17,17
10899,66,73,-7,7
10900,79,78,1,1
10901,70,72,-2,2
10902,67,74,-7,7
10903,77,78,-1,1
10904,144,141,3,3
10905,84,86,-2,2
10906,50,53,-3,3
10907,79,75,4,4
10908,90,98,-8,8
10909,62,62,0,0
10910,134,143,-9,9
10911,110,107,3,3
10912,78,101,-23,23
10913,142,121,21,21
10914,79,84,-5,5
10915,143,133,10,10
10916,80,87,-7,7
10917,37,41,-4,4
10918,70,69,1,1
10919,96,100,-4,4
10920,135,137,-2,2
10921,76,75,1,1
10922,181,162,19,19
10923,105,107,-2,2
10924,49,55,-6,6
10925,65,74,-9,9
10926,139,123,16,16
10927,38,46,-8,8
10928,83,83,0,0
10929,56,64,-8,8
10930,120,102,18,18
10931,109,109,0,0
10932,160,150,10,10
10933,117,123,-6,6
10934,92,97,-5,5
10935,99,97,2,2
10936,114,109,5,5
10937,70,66,4,4
10938,93,97,-4,4
10939,112,102,10,10
10940,118,105,13,13
10941,72,69,3,3
10942,51,62,-11,11
10943,119,102,17,17
10944,85,83,2,2
10945,101,108,-7,7
10946,78,84,-6,6
10947,75,77,-2,2
10948,69,80,-11,11
10949,120,110,10,10
10950,72,73,-1,1
10951,64,79,-15,15
10952,80,79,1,1
10953,80,87,-7,7
10954,75,75,0,0
10955,76,75,1,1
10956,157,143,14,14
10957,80,97,-17,17
10958,117,112,5,5
10959,103,92,11,11
10960,129,108,21,21
10961,139,132,7,7
10962,98,93,5,5
10963,87,82,5,5
10964,165,144,21,21
10965,73,78,-5,5
10966,137,129,8,8
10967,150,147,3,3
10968,74,83,-9,9
10969,157,142,15,15
10970,82,97,-15,15
10971,74,72,2,2
10972,37,55,-18,18
10973,95,93,2,2
10974,104,95,9,9
10975,124,123,1,1
10976,37,49,-12,12
10977,80,100,-20,20
10978,80,91,-11,11
10979,88,82,6,6
10980,147,119,28,28
10981,65,73,-8,8
10982,101,99,2,2
10983,93,91,2,2
10984,71,75,-4,4
10985,64,61,3,3
10986,71,77,-6,6
10987,60,73,-13,13
10988,64,80,-16,16
10989,55,61,-6,6
10990,48,74,-26,26
10991,141,124,17,17
10992,95,92,3,3
10993,58,65,-7,7
10994,95,92,3,3
10995,71,78,-7,7
10996,89,86,3,3
10997,125,117,8,8
10998,170,168,2,2
10999,153,149,4,4
11000,84,83,1,1
11001,137,132,5,5
11002,81,76,5,5
11003,77,90,-13,13
11004,75,82,-7,7
11005,110,106,4,4
11006,53,58,-5,5
11007,92,86,6,6
11008,105,114,-9,9
11009,55,63,-8,8
11010,85,97,-12,12
11011,141,119,22,22
11012,126,126,0,0
11013,82,80,2,2
11014,124,114,10,10
11015,76,92,-16,16
11016,126,107,19,19
11017,56,64,-8,8
11018,65,68,-3,3
11019,91,96,-5,5
11020,65,72,-7,7
11021,84,87,-3,3
11022,95,94,1,1
11023,109,97,12,12
11024,74,69,5,5
11025,60,60,0,0
11026,65,63,2,2
11027,77,78,-1,1
11028,79,80,-1,1
11029,65,66,-1,1
11030,110,106,4,4
11031,116,121,-5,5
11032,67,71,-4,4
11033,83,84,-1,1
11034,120,109,11,11
11035,157,127,30,30
11036,123,119,4,4
11037,80,79,1,1
11038,99,107,-8,8
11039,88,81,7,7
11040,67,84,-17,17
11041,134,127,7,7
11042,76,74,2,2
11043,96,101,-5,5
11044,83,88,-5,5
11045,57,65,-8,8
11046,93,91,2,2
11047,60,65,-5,5
11048,85,83,2,2
11049,62,73,-11,11
11050,110,111,-1,1
11051,108,107,1,1
11052,66,68,-2,2
11053,67,81,-14,14
11054,71,68,3,3
11055,79,79,0,0
11056,145,147,-2,2
11057,62,75,-13,13
11058,60,73,-13,13
11059,126,123,3,3
11060,120,118,2,2
11061,67,72,-5,5
11062,96,95,1,1
11063,54,57,-3,3
11064,66,65,1,1
11065,101,98,3,3
11066,83,76,7,7
11067,120,107,13,13
11068,186,173,13,13
11069,72,74,-2,2
11070,91,90,1,1
11071,158,142,16,16
11072,67,73,-6,6
11073,118,100,18,18
11074,63,62,1,1
11075,105,98,7,7
11076,124,106,18,18
11077,108,88,20,20
11078,121,111,10,10
11079,39,43,-4,4
11080,90,91,-1,1
11081,218,214,4,4
11082,71,81,-10,10
11083,81,87,-6,6
11084,61,62,-1,1
11085,86,81,5,5
11086,59,62,-3,3
11087,168,165,3,3
11088,86,97,-11,11
11089,104,106,-2,2
11090,89,92,-3,3
11091,80,79,1,1
11092,81,79,2,2
11093,87,80,7,7
11094,119,107,12,12
11095,136,127,9,9
11096,113,103,10,10
11097,68,80,-12,12
11098,86,77,9,9
11099,103,99,4,4
11100,72,82,-10,10
11101,142,143,-1,1
11102,172,177,-5,5
11103,166,156,10,10
11104,96,106,-10,10
11105,106,114,-8,8
11106,125,114,11,11
11107,125,115,10,10
11108,75,100,-25,25
11109,94,87,7,7
11110,103,103,0,0
11111,58,60,-2,2
11112,81,77,4,4
11113,133,116,17,17
11114,122,118,4,4
11115,99,102,-3,3
11116,67,70,-3,3
11117,126,116,10,10
11118,91,85,6,6
11119,73,77,-4,4
11120,89,93,-4,4
11121,124,138,-14,14
11122,68,63,5,5
11123,126,118,8,8
11124,76,82,-6,6
11125,167,143,24,24
11126,36,41,-5,5
11127,137,130,7,7
11128,93,91,2,2
11129,115,110,5,5
11130,125,113,12,12
11131,79,78,1,1
11132,59,65,-6,6
11133,90,90,0,0
11134,73,76,-3,3
11135,74,73,1,1
11136,111,102,9,9
11137,129,120,9,9
11138,80,82,-2,2
11139,97,94,3,3
11140,83,80,3,3
11141,129,121,8,8
11142,120,114,6,6
11143,93,85,8,8
11144,95,103,-8,8
11145,101,98,3,3
11146,93,92,1,1
11147,112,123,-11,11
11148,103,102,1,1
11149,60,68,-8,8
11150,95,104,-9,9
11151,62,61,1,1
11152,69,73,-4,4
11153,83,97,-14,14
11154,53,53,0,0
11155,98,89,9,9
11156,101,106,-5,5
11157,73,86,-13,13
11158,94,102,-8,8
11159,55,59,-4,4
11160,93,103,-10,10
11161,70,75,-5,5
11162,102,106,-4,4
11163,75,72,3,3
11164,77,69,8,8
11165,96,93,3,3
11166,93,102,-9,9
11167,78,86,-8,8
11168,155,141,14,14
11169,94,95,-1,1
11170,66,70,-4,4
11171,71,84,-13,13
11172,96,92,4,4
11173,143,140,3,3
11174,60,64,-4,4
11175,79,84,-5,5
11176,93,95,-2,2
11177,126,118,8,8
11178,128,115,13,13
11179,103,94,9,9
11180,95,91,4,4
11181,86,98,-12,12
11182,95,90,5,5
11183,68,70,-2,2
11184,102,104,-2,2
11185,74,76,-2,2
11186,94,117,-23,23
11187,83,67,16,16
11188,107,104,3,3
11189,65,64,1,1
11190,66,71,-5,5
11191,113,109,4,4
11192,164,145,19,19
11193,60,68,-8,8
11194,139,149,-10,10
11195,96,102,-6,6
11196,87,77,10,10
11197,113,106,7,7
11198,180,167,13,13
11199,106,99,7,7
11200,73,76,-3,3
11201,121,120,1,1
11202,125,116,9,9
11203,62,68,-6,6
11204,56,57,-1,1
11205,81,84,-3,3
11206,103,96,7,7
11207,107,101,6,6
11208,70,68,2,2
11209,107,98,9,9
11210,167,188,-21,21
11211,72,61,11,11
11212,123,111,12,12
11213,178,176,2,2
11214,142,148,-6,6
11215,138,120,18,18
11216,148,139,9,9
11217,141,133,8,8
11218,119,123,-4,4
11219,67,71,-4,4
11220,126,139,-13,13
11221,35,72,-37,37
11222,86,89,-3,3
11223,82,94,-12,12
11224,135,158,-23,23
11225,111,100,11,11
11226,145,142,3,3
11227,99,86,13,13
11228,69,76,-7,7
11229,81,93,-12,12
11230,58,61,-3,3
11231,58,70,-12,12
11232,141,113,28,28
11233,75,72,3,3
11234,108,112,-4,4
11235,128,135,-7,7
11236,87,99,-12,12
11237,90,99,-9,9
11238,133,129,4,4
11239,73,72,1,1
11240,63,64,-1,1
11241,73,78,-5,5
11242,136,140,-4,4
11243,105,98,7,7
11244,60,66,-6,6
11245,102,96,6,6
11246,100,96,4,4
11247,57,64,-7,7
11248,71,78,-7,7
11249,76,75,1,1
11250,58,66,-8,8
11251,204,181,23,23
11252,96,95,1,1
11253,113,103,10,10
11254,114,95,19,19
11255,138,126,12,12
11256,79,87,-8,8
11257,142,126,16,16
11258,109,102,7,7
11259,141,135,6,6
11260,73,70,3,3
11261,89,85,4,4
11262,85,90,-5,5
11263,159,141,18,18
11264,107,103,4,4
11265,68,77,-9,9
11266,79,84,-5,5
11267,109,108,1,1
11268,78,73,5,5
11269,61,67,-6,6
11270,102,102,0,0
11271,140,139,1,1
11272,156,147,9,9
11273,155,144,11,11
11274,118,105,13,13
11275,85,81,4,4
11276,162,148,14,14
11277,105,107,-2,2
11278,100,98,2,2
11279,102,93,9,9
11280,130,117,13,13
11281,55,63,-8,8
11282,69,78,-9,9
11283,89,83,6,6
11284,39,55,-16,16
11285,139,126,13,13
11286,94,91,3,3
11287,79,74,5,5
11288,171,158,13,13
11289,139,128,11,11
11290,85,90,-5,5
11291,86,85,1,1
11292,114,103,11,11
11293,134,120,14,14
11294,51,56,-5,5
11295,47,59,-12,12
11296,56,67,-11,11
11297,72,74,-2,2
11298,96,102,-6,6
11299,143,136,7,7
11300,115,98,17,17
11301,99,107,-8,8
11302,91,98,-7,7
11303,85,89,-4,4
11304,151,128,23,23
11305,42,61,-19,19
11306,125,114,11,11
11307,41,73,-32,32
11308,137,112,25,25
11309,100,95,5,5
11310,143,119,24,24
11311,174,163,11,11
11312,81,79,2,2
11313,106,101,5,5
11314,150,133,17,17
11315,66,72,-6,6
11316,119,112,7,7
11317,133,112,21,21
11318,58,66,-8,8
11319,90,93,-3,3
11320,111,108,3,3
11321,157,139,18,18
11322,106,102,4,4
11323,121,114,7,7
11324,61,68,-7,7
11325,111,108,3,3
11326,88,89,-1,1
11327,81,85,-4,4
11328,93,91,2,2
11329,77,78,-1,1
11330,163,140,23,23
11331,104,100,4,4
11332,76,72,4,4
11333,52,57,-5,5
11334,87,94,-7,7
11335,104,99,5,5
11336,62,64,-2,2
11337,112,112,0,0
11338,76,83,-7,7
11339,129,125,4,4
11340,106,111,-5,5
11341,63,68,-5,5
11342,87,90,-3,3
11343,106,105,1,1
11344,86,76,10,10
11345,88,83,5,5
11346,89,90,-1,1
11347,71,74,-3,3
11348,116,100,16,16
11349,55,63,-8,8
11350,83,93,-10,10
11351,64,69,-5,5
11352,71,72,-1,1
11353,128,113,15,15
11354,57,63,-6,6
11355,127,124,3,3
11356,47,50,-3,3
11357,94,88,6,6
11358,60,61,-1,1
11359,60,70,-10,10
11360,55,68,-13,13
11361,97,99,-2,2
11362,82,84,-2,2
11363,109,103,6,6
11364,111,102,9,9
11365,61,65,-4,4
11366,70,77,-7,7
11367,79,77,2,2
11368,107,103,4,4
11369,89,87,2,2
11370,60,61,-1,1
11371,147,141,6,6
11372,83,84,-1,1
11373,104,99,5,5
11374,134,138,-4,4
11375,88,87,1,1
11376,35,45,-10,10
11377,117,125,-8,8
11378,78,78,0,0
11379,149,135,14,14
11380,85,86,-1,1
11381,97,96,1,1
11382,115,117,-2,2
11383,109,92,17,17
11384,81,80,1,1
11385,81,90,-9,9
11386,93,96,-3,3
11387,123,123,0,0
11388,95,94,1,1
11389,102,95,7,7
11390,57,59,-2,2
11391,179,169,10,10
11392,126,125,1,1
11393,62,65,-3,3
11394,65,77,-12,12
11395,109,101,8,8
11396,74,76,-2,2
11397,113,108,5,5
11398,121,111,10,10
11399,114,115,-1,1
11400,63,67,-4,4
11401,103,100,3,3
11402,80,76,4,4
11403,45,78,-33,33
11404,93,93,0,0
11405,121,108,13,13
11406,166,161,5,5
11407,63,76,-13,13
11408,66,63,3,3
11409,55,78,-23,23
11410,116,113,3,3
11411,96,94,2,2
11412,76,75,1,1
11413,54,66,-12,12
11414,108,105,3,3
11415,51,56,-5,5
11416,109,104,5,5
11417,75,76,-1,1
11418,86,92,-6,6
11419,82,93,-11,11
11420,36,48,-12,12
11421,64,73,-9,9
11422,119,103,16,16
11423,53,64,-11,11
11424,73,76,-3,3
11425,58,58,0,0
11426,41,49,-8,8
11427,58,67,-9,9
11428,118,113,5,5
11429,134,120,14,14
11430,75,79,-4,4
11431,50,59,-9,9
11432,98,97,1,1
11433,33,38,-5,5
11434,109,99,10,10
11435,79,84,-5,5
11436,60,63,-3,3
11437,100,103,-3,3
11438,85,78,7,7
11439,75,80,-5,5
11440,82,77,5,5
11441,57,63,-6,6
11442,164,157,7,7
11443,157,146,11,11
11444,76,74,2,2
11445,72,78,-6,6
11446,57,84,-27,27
11447,96,108,-12,12
11448,90,87,3,3
11449,100,96,4,4
11450,129,119,10,10
11451,91,86,5,5
11452,98,94,4,4
11453,102,98,4,4
11454,198,190,8,8
11455,78,75,3,3
11456,60,65,-5,5
11457,173,162,11,11
11458,98,97,1,1
11459,72,74,-2,2
11460,90,115,-25,25
11461,170,155,15,15
11462,163,146,17,17
11463,77,79,-2,2
11464,66,74,-8,8
11465,67,65,2,2
11466,66,76,-10,10
11467,99,89,10,10
11468,86,86,0,0
11469,85,87,-2,2
11470,71,73,-2,2
11471,136,123,13,13
11472,86,81,5,5
11473,60,67,-7,7
11474,119,116,3,3
11475,132,129,3,3
11476,114,112,2,2
11477,66,69,-3,3
11478,147,133,14,14
11479,90,91,-1,1
11480,112,105,7,7
11481,68,65,3,3
11482,119,108,11,11
11483,121,112,9,9
11484,70,96,-26,26
11485,124,112,12,12
11486,47,55,-8,8
11487,70,80,-10,10
11488,80,76,4,4
11489,44,51,-7,7
11490,75,81,-6,6
11491,65,71,-6,6
11492,80,74,6,6
11493,95,94,1,1
11494,124,115,9,9
11495,50,62,-12,12
11496,133,118,15,15
11497,77,78,-1,1
11498,105,105,0,0
11499,70,71,-1,1
11500,86,88,-2,2
11501,97,87,10,10
11502,80,79,1,1
11503,98,104,-6,6
11504,106,107,-1,1
11505,74,74,0,0
11506,66,71,-5,5
11507,118,116,2,2
11508,110,98,12,12
11509,156,144,12,12
11510,67,67,0,0
11511,170,140,30,30
11512,117,103,14,14
11513,101,99,2,2
11514,130,119,11,11
11515,93,100,-7,7
11516,105,100,5,5
11517,41,66,-25,25
11518,84,72,12,12
11519,59,64,-5,5
11520,141,131,10,10
11521,47,68,-21,21
11522,114,94,20,20
11523,137,128,9,9
11524,126,132,-6,6
11525,62,67,-5,5
11526,111,109,2,2
11527,74,77,-3,3
11528,81,79,2,2
11529,160,150,10,10
11530,102,99,3,3
11531,91,84,7,7
11532,83,86,-3,3
11533,72,66,6,6
11534,68,75,-7,7
11535,126,112,14,14
11536,77,82,-5,5
11537,160,136,24,24
11538,106,104,2,2
11539,81,83,-2,2
11540,170,135,35,35
11541,131,121,10,10
11542,50,68,-18,18
11543,115,105,10,10
11544,70,77,-7,7
11545,109,113,-4,4
11546,72,69,3,3
11547,74,80,-6,6
11548,67,71,-4,4
11549,81,77,4,4
11550,83,84,-1,1
11551,105,100,5,5
11552,95,100,-5,5
11553,133,118,15,15
11554,115,122,-7,7
11555,98,92,6,6
11556,55,45,10,10
11557,109,106,3,3
11558,50,63,-13,13
11559,145,130,15,15
11560,89,79,10,10
11561,85,85,0,0
11562,85,85,0,0
11563,65,85,-20,20
11564,86,89,-3,3
11565,105,94,11,11
11566,53,59,-6,6
11567,60,66,-6,6
11568,121,109,12,12
11569,52,67,-15,15
11570,53,61,-8,8
11571,164,155,9,9
11572,92,97,-5,5
11573,100,100,0,0
11574,111,105,6,6
11575,67,68,-1,1
11576,169,154,15,15
11577,86,82,4,4
11578,51,52,-1,1
11579,96,93,3,3
11580,97,83,14,14
11581,82,73,9,9
11582,75,78,-3,3
11583,103,97,6,6
11584,91,84,7,7
11585,108,104,4,4
11586,85,88,-3,3
11587,137,129,8,8
11588,88,91,-3,3
11589,167,148,19,19
11590,65,71,-6,6
11591,92,85,7,7
11592,98,92,6,6
11593,68,72,-4,4
11594,65,66,-1,1
11595,60,62,-2,2
11596,71,69,2,2
11597,50,55,-5,5
11598,79,84,-5,5
11599,102,97,5,5
11600,85,80,5,5
11601,69,70,-1,1
11602,105,105,0,0
11603,114,106,8,8
11604,77,79,-2,2
11605,70,65,5,5
11606,80,81,-1,1
11607,137,139,-2,2
11608,105,100,5,5
11609,83,90,-7,7
11610,95,94,1,1
11611,70,80,-10,10
11612,183,166,17,17
11613,50,60,-10,10
11614,164,154,10,10
11615,125,112,13,13
11616,90,89,1,1
11617,108,103,5,5
11618,150,140,10,10
11619,90,86,4,4
11620,73,74,-1,1
11621,86,94,-8,8
11622,91,98,-7,7
11623,108,105,3,3
11624,120,107,13,13
11625,127,105,22,22
11626,65,65,0,0
11627,121,93,28,28
11628,80,76,4,4
11629,89,75,14,14
11630,81,77,4,4
11631,96,81,15,15
11632,119,111,8,8
11633,118,115,3,3
11634,128,126,2,2
11635,56,73,-17,17
11636,56,64,-8,8
11637,86,83,3,3
11638,79,78,1,1
11639,116,102,14,14
11640,69,75,-6,6
11641,111,92,19,19
11642,81,95,-14,14
11643,56,63,-7,7
11644,119,118,1,1
11645,82,76,6,6
11646,81,77,4,4
11647,136,116,20,20
11648,127,125,2,2
11649,108,112,-4,4
11650,129,124,5,5
11651,74,96,-22,22
11652,63,82,-19,19
11653,168,152,16,16
11654,100,101,-1,1
11655,66,73,-7,7
11656,70,81,-11,11
11657,101,96,5,5
11658,112,100,12,12
11659,102,89,13,13
11660,124,117,7,7
11661,82,82,0,0
11662,94,95,-1,1
11663,70,81,-11,11
11664,72,78,-6,6
11665,67,68,-1,1
11666,117,124,-7,7
11667,47,50,-3,3
11668,110,96,14,14
11669,93,90,3,3
11670,64,66,-2,2
11671,134,130,4,4
11672,66,65,1,1
11673,69,66,3,3
11674,99,102,-3,3
11675,137,126,11,11
11676,58,66,-8,8
11677,85,79,6,6
11678,94,90,4,4
11679,104,100,4,4
11680,108,105,3,3
11681,89,86,3,3
11682,176,159,17,17
11683,88,90,-2,2
11684,46,56,-10,10
11685,94,95,-1,1
11686,162,151,11,11
11687,92,90,2,2
11688,96,92,4,4
11689,124,123,1,1
11690,74,82,-8,8
11691,68,76,-8,8
11692,67,77,-10,10
11693,90,96,-6,6
11694,87,78,9,9
11695,86,81,5,5
11696,68,74,-6,6
11697,90,87,3,3
11698,77,83,-6,6
11699,126,105,21,21
11700,126,114,12,12
11701,94,97,-3,3
11702,172,162,10,10
11703,63,89,-26,26
11704,101,95,6,6
11705,148,144,4,4
11706,87,94,-7,7
11707,127,111,16,16
11708,121,100,21,21
11709,142,141,1,1
11710,73,75,-2,2
11711,71,73,-2,2
11712,103,126,-23,23
11713,39,47,-8,8
11714,99,99,0,0
11715,69,70,-1,1
11716,182,164,18,18
11717,138,157,-19,19
11718,142,131,11,11
11719,114,117,-3,3
11720,54,57,-3,3
11721,93,88,5,5
11722,110,101,9,9
11723,38,49,-11,11
11724,133,131,2,2
11725,143,135,8,8
11726,125,122,3,3
11727,69,70,-1,1
11728,120,118,2,2
11729,121,125,-4,4
11730,71,69,2,2
11731,97,94,3,3
11732,104,97,7,7
11733,97,95,2,2
11734,47,55,-8,8
11735,184,162,22,22
11736,110,119,-9,9
11737,67,70,-3,3
11738,106,103,3,3
11739,66,80,-14,14
11740,118,106,12,12
11741,81,82,-1,1
11742,83,85,-2,2
11743,64,76,-12,12
11744,70,64,6,6
11745,50,57,-7,7
11746,93,84,9,9
11747,157,135,22,22
11748,51,57,-6,6
11749,77,77,0,0
11750,87,86,1,1
11751,119,106,13,13
11752,115,105,10,10
11753,85,75,10,10
11754,63,81,-18,18
11755,91,95,-4,4
11756,67,69,-2,2
11757,64,74,-10,10
11758,127,131,-4,4
11759,67,71,-4,4
11760,71,74,-3,3
11761,96,85,11,11
11762,111,108,3,3
11763,62,65,-3,3
11764,77,73,4,4
11765,174,169,5,5
11766,138,121,17,17
11767,65,69,-4,4
11768,116,105,11,11
11769,47,56,-9,9
11770,119,113,6,6
11771,94,85,9,9
11772,122,117,5,5
11773,92,99,-7,7
11774,148,119,29,29
11775,67,74,-7,7
11776,101,101,0,0
11777,86,87,-1,1
11778,53,53,0,0
11779,77,82,-5,5
11780,126,111,15,15
11781,74,71,3,3
11782,91,93,-2,2
11783,81,85,-4,4
11784,43,52,-9,9
11785,114,106,8,8
11786,79,83,-4,4
11787,96,93,3,3
11788,106,94,12,12
11789,79,87,-8,8
11790,120,128,-8,8
11791,107,103,4,4
11792,98,96,2,2
11793,47,52,-5,5
11794,76,80,-4,4
11795,85,83,2,2
11796,67,80,-13,13
11797,79,78,1,1
11798,90,102,-12,12
11799,84,79,5,5
11800,152,134,18,18
11801,152,136,16,16
11802,87,86,1,1
11803,65,68,-3,3
11804,83,82,1,1
11805,205,178,27,27
11806,151,148,3,3
11807,114,97,17,17
11808,83,89,-6,6
11809,66,77,-11,11
11810,66,73,-7,7
11811,105,100,5,5
11812,176,157,19,19
11813,166,154,12,12
11814,185,162,23,23
11815,108,105,3,3
11816,95,94,1,1
11817,67,82,-15,15
11818,87,90,-3,3
11819,82,86,-4,4
11820,121,113,8,8
11821,71,79,-8,8
11822,62,70,-8,8
11823,113,88,25,25
11824,104,99,5,5
11825,68,72,-4,4
11826,93,96,-3,3
11827,74,73,1,1
11828,60,66,-6,6
11829,80,88,-8,8
11830,70,75,-5,5
11831,75,80,-5,5
11832,76,71,5,5
11833,75,74,1,1
11834,80,72,8,8
11835,45,58,-13,13
11836,93,102,-9,9
11837,99,106,-7,7
11838,77,74,3,3
11839,89,84,5,5
11840,143,149,-6,6
11841,83,91,-8,8
11842,102,100,2,2
11843,122,120,2,2
11844,118,106,12,12
11845,132,107,25,25
11846,102,105,-3,3
11847,75,73,2,2
11848,105,106,-1,1
11849,124,110,14,14
11850,75,76,-1,1
11851,47,56,-9,9
11852,130,129,1,1
11853,147,136,11,11
11854,134,121,13,13
11855,71,74,-3,3
11856,72,72,0,0
11857,42,52,-10,10
11858,97,92,5,5
11859,99,105,-6,6
11860,147,143,4,4
11861,127,121,6,6
11862,65,67,-2,2
11863,73,90,-17,17
11864,54,65,-11,11
11865,87,89,-2,2
11866,125,127,-2,2
11867,120,122,-2,2
11868,75,75,0,0
11869,101,104,-3,3
11870,139,132,7,7
11871,93,87,6,6
11872,85,89,-4,4
11873,162,144,18,18
11874,158,147,11,11
11875,234,186,48,48
11876,76,78,-2,2
11877,68,67,1,1
11878,60,62,-2,2
11879,115,106,9,9
11880,92,90,2,2
11881,99,85,14,14
11882,95,92,3,3
11883,69,83,-14,14
11884,53,63,-10,10
11885,100,96,4,4
11886,157,149,8,8
11887,103,97,6,6
11888,117,115,2,2
11889,100,95,5,5
11890,95,88,7,7
11891,146,127,19,19
11892,97,92,5,5
11893,49,55,-6,6
11894,83,86,-3,3
11895,89,81,8,8
11896,97,101,-4,4
11897,98,100,-2,2
11898,99,97,2,2
11899,52,64,-12,12
11900,92,93,-1,1
11901,128,129,-1,1
11902,60,61,-1,1
11903,47,53,-6,6
11904,106,98,8,8
11905,78,72,6,6
11906,143,143,0,0
11907,90,86,4,4
11908,125,117,8,8
11909,80,89,-9,9
11910,114,106,8,8
11911,161,142,19,19
11912,120,113,7,7
11913,41,73,-32,32
11914,38,48,-10,10
11915,105,110,-5,5
11916,48,51,-3,3
11917,58,64,-6,6
11918,112,105,7,7
11919,59,65,-6,6
11920,76,79,-3,3
11921,118,113,5,5
11922,77,74,3,3
11923,51,60,-9,9
11924,76,71,5,5
11925,56,62,-6,6
11926,40,52,-12,12
11927,69,71,-2,2
11928,77,78,-1,1
11929,91,91,0,0
11930,149,143,6,6
11931,110,104,6,6
11932,115,119,-4,4
11933,117,110,7,7
11934,93,90,3,3
11935,31,38,-7,7
11936,111,116,-5,5
11937,79,86,-7,7
11938,72,75,-3,3
11939,44,49,-5,5
11940,89,90,-1,1
11941,51,59,-8,8
11942,186,175,11,11
11943,144,127,17,17
11944,98,90,8,8
11945,68,71,-3,3
11946,82,83,-1,1
11947,110,102,8,8
11948,101,80,21,21
11949,73,76,-3,3
11950,106,105,1,1
11951,50,56,-6,6
11952,128,120,8,8
11953,82,86,-4,4
11954,39,63,-24,24
11955,57,62,-5,5
11956,100,98,2,2
11957,132,124,8,8
11958,58,64,-6,6
11959,65,66,-1,1
11960,46,55,-9,9
11961,90,87,3,3
11962,132,122,10,10
11963,84,88,-4,4
11964,95,92,3,3
11965,152,148,4,4
11966,67,70,-3,3
11967,96,103,-7,7
11968,78,81,-3,3
11969,99,88,11,11
11970,71,79,-8,8
11971,116,104,12,12
11972,122,124,-2,2
11973,81,80,1,1
11974,42,54,-12,12
11975,121,117,4,4
11976,144,138,6,6
11977,190,178,12,12
11978,132,122,10,10
11979,112,97,15,15
11980,106,91,15,15
11981,104,93,11,11
11982,79,77,2,2
11983,81,83,-2,2
11984,92,106,-14,14
11985,55,63,-8,8
11986,85,78,7,7
11987,72,73,-1,1
11988,48,54,-6,6
11989,92,102,-10,10
11990,44,53,-9,9
11991,112,105,7,7
11992,118,109,9,9
11993,74,81,-7,7
11994,102,92,10,10
11995,93,101,-8,8
11996,113,102,11,11
11997,89,92,-3,3
11998,133,128,5,5
11999,45,52,-7,7
12000,53,58,-5,5
12001,139,132,7,7
12002,61,64,-3,3
12003,85,99,-14,14
12004,67,69,-2,2
12005,81,76,5,5
12006,33,41,-8,8
12007,74,78,-4,4
12008,81,79,2,2
12009,81,84,-3,3
12010,114,106,8,8
12011,158,156,2,2
12012,59,70,-11,11
12013,60,68,-8,8
12014,111,104,7,7
12015,102,98,4,4
12016,89,82,7,7
12017,80,77,3,3
12018,73,78,-5,5
12019,53,57,-4,4
12020,124,116,8,8
12021,108,103,5,5
12022,101,88,13,13
12023,93,96,-3,3
12024,69,75,-6,6
12025,111,111,0,0
12026,74,79,-5,5
12027,80,79,1,1
12028,101,92,9,9
12029,127,141,-14,14
12030,78,76,2,2
12031,143,146,-3,3
12032,114,122,-8,8
12033,49,78,-29,29
12034,115,116,-1,1
12035,103,92,11,11
12036,84,90,-6,6
12037,88,88,0,0
12038,92,89,3,3
12039,108,109,-1,1
12040,90,87,3,3
12041,65,71,-6,6
12042,60,63,-3,3
12043,72,73,-1,1
12044,129,135,-6,6
12045,76,78,-2,2
12046,109,112,-3,3
12047,88,96,-8,8
12048,60,64,-4,4
12049,47,44,3,3
12050,100,93,7,7
12051,117,120,-3,3
12052,125,110,15,15
12053,113,102,11,11
12054,54,59,-5,5
12055,111,106,5,5
12056,156,140,16,16
12057,110,103,7,7
12058,82,96,-14,14
12059,114,103,11,11
12060,68,75,-7,7
12061,66,79,-13,13
12062,90,92,-2,2
12063,63,67,-4,4
12064,100,98,2,2
12065,66,72,-6,6
12066,141,130,11,11
12067,79,77,2,2
12068,104,92,12,12
12069,140,127,13,13
12070,72,75,-3,3
12071,39,47,-8,8
12072,118,109,9,9
12073,97,85,12,12
12074,95,104,-9,9
12075,86,88,-2,2
12076,90,88,2,2
12077,86,98,-12,12
12078,95,94,1,1
12079,118,106,12,12
12080,94,89,5,5
12081,130,129,1,1
12082,58,61,-3,3
12083,121,121,0,0
12084,125,124,1,1
12085,150,146,4,4
12086,102,99,3,3
12087,122,107,15,15
12088,109,104,5,5
12089,74,79,-5,5
12090,93,84,9,9
12091,53,60,-7,7
12092,117,116,1,1
12093,93,92,1,1
12094,191,187,4,4
12095,142,116,26,26
12096,123,105,18,18
12097,83,87,-4,4
12098,127,120,7,7
12099,83,86,-3,3
12100,85,82,3,3
12101,83,86,-3,3
12102,94,87,7,7
12103,164,150,14,14
12104,72,68,4,4
12105,76,68,8,8
12106,122,105,17,17
12107,59,45,14,14
12108,87,86,1,1
12109,88,71,17,17
12110,61,63,-2,2
12111,154,139,15,15
12112,159,142,17,17
12113,163,146,17,17
12114,104,98,6,6
12115,121,121,0,0
12116,116,104,12,12
12117,98,100,-2,2
12118,84,87,-3,3
12119,42,53,-11,11
12120,78,77,1,1
12121,99,111,-12,12
12122,77,92,-15,15
12123,189,165,24,24
12124,66,82,-16,16
12125,144,143,1,1
12126,196,175,21,21
12127,107,102,5,5
12128,68,75,-7,7
12129,88,84,4,4
12130,36,48,-12,12
12131,107,106,1,1
12132,123,102,21,21
12133,62,62,0,0
12134,207,184,23,23
12135,89,87,2,2
12136,74,78,-4,4
12137,87,87,0,0
12138,135,127,8,8
12139,72,70,2,2
12140,183,137,46,46
12141,118,122,-4,4
12142,110,89,21,21
12143,111,107,4,4
12144,122,106,16,16
12145,90,94,-4,4
12146,121,117,4,4
12147,58,65,-7,7
12148,126,116,10,10
12149,105,97,8,8
12150,109,105,4,4
12151,71,75,-4,4
12152,148,141,7,7
12153,95,96,-1,1
12154,103,97,6,6
12155,90,90,0,0
12156,77,80,-3,3
12157,126,115,11,11
12158,141,131,10,10
12159,134,118,16,16
12160,49,53,-4,4
12161,99,99,0,0
12162,130,117,13,13
12163,74,72,2,2
12164,64,67,-3,3
12165,196,167,29,29
12166,106,109,-3,3
12167,100,100,0,0
12168,88,86,2,2
12169,116,109,7,7
12170,107,106,1,1
12171,128,122,6,6
12172,93,85,8,8
12173,150,130,20,20
12174,92,82,10,10
12175,96,89,7,7
12176,115,108,7,7
12177,111,100,11,11
12178,87,92,-5,5
12179,69,74,-5,5
12180,139,146,-7,7
12181,104,102,2,2
12182,115,113,2,2
12183,114,104,10,10
12184,58,61,-3,3
12185,77,77,0,0
12186,79,85,-6,6
12187,114,111,3,3
12188,111,113,-2,2
12189,102,97,5,5
12190,161,154,7,7
12191,197,175,22,22
12192,72,67,5,5
12193,142,137,5,5
12194,49,63,-14,14
12195,63,68,-5,5
12196,135,134,1,1
12197,192,167,25,25
12198,47,54,-7,7
12199,110,107,3,3
12200,71,74,-3,3
12201,108,110,-2,2
12202,137,138,-1,1
12203,128,115,13,13
12204,137,132,5,5
12205,148,143,5,5
12206,82,85,-3,3
12207,70,81,-11,11
12208,60,59,1,1
12209,115,107,8,8
12210,76,76,0,0
12211,86,81,5,5
12212,97,97,0,0
12213,122,115,7,7
12214,104,96,8,8
12215,149,150,-1,1
12216,73,74,-1,1
12217,88,86,2,2
12218,93,86,7,7
12219,94,91,3,3
12220,110,101,9,9
12221,56,64,-8,8
12222,66,72,-6,6
12223,73,78,-5,5
12224,96,98,-2,2
12225,121,110,11,11
12226,122,122,0,0
12227,94,92,2,2
12228,88,100,-12,12
12229,130,131,-1,1
12230,63,63,0,0
12231,141,125,16,16
12232,54,65,-11,11
12233,73,76,-3,3
12234,71,74,-3,3
12235,95,87,8,8
12236,121,106,15,15
12237,73,74,-1,1
12238,125,123,2,2
12239,67,77,-10,10
12240,121,111,10,10
12241,109,107,2,2
12242,64,70,-6,6
12243,96,90,6,6
12244,119,124,-5,5
12245,93,96,-3,3
12246,75,77,-2,2
12247,95,94,1,1
12248,66,72,-6,6
12249,99,97,2,2
12250,47,54,-7,7
12251,84,98,-14,14
12252,165,181,-16,16
12253,97,92,5,5
12254,73,78,-5,5
12255,37,49,-12,12
12256,104,95,9,9
12257,71,74,-3,3
12258,65,70,-5,5
12259,66,62,4,4
12260,63,64,-1,1
12261,96,96,0,0
12262,130,119,11,11
12263,141,136,5,5
12264,86,98,-12,12
12265,108,108,0,0
12266,128,114,14,14
12267,118,109,9,9
12268,83,81,2,2
12269,68,71,-3,3
12270,84,85,-1,1
12271,105,97,8,8
12272,61,77,-16,16
12273,73,78,-5,5
12274,65,70,-5,5
12275,131,108,23,23
12276,118,108,10,10
12277,93,94,-1,1
12278,76,74,2,2
12279,75,75,0,0
12280,65,73,-8,8
12281,70,68,2,2
12282,140,140,0,0
12283,95,89,6,6
12284,145,122,23,23
12285,82,74,8,8
12286,185,161,24,24
12287,71,72,-1,1
12288,100,104,-4,4
12289,99,91,8,8
12290,64,69,-5,5
12291,65,67,-2,2
12292,51,56,-5,5
12293,79,88,-9,9
12294,50,61,-11,11
12295,128,135,-7,7
12296,109,100,9,9
12297,106,91,15,15
12298,50,57,-7,7
12299,126,116,10,10
12300,105,101,4,4
12301,39,53,-14,14
12302,70,72,-2,2
12303,134,102,32,32
12304,46,56,-10,10
12305,81,84,-3,3
12306,115,110,5,5
12307,56,66,-10,10
12308,90,86,4,4
12309,107,101,6,6
12310,38,47,-9,9
12311,112,100,12,12
12312,86,89,-3,3
12313,102,99,3,3
12314,81,87,-6,6
12315,133,123,10,10
12316,65,67,-2,2
12317,67,80,-13,13
12318,63,70,-7,7
12319,105,96,9,9
12320,81,83,-2,2
12321,97,101,-4,4
12322,96,101,-5,5
12323,113,122,-9,9
12324,91,92,-1,1
12325,67,81,-14,14
12326,85,85,0,0
12327,102,101,1,1
12328,76,78,-2,2
12329,190,181,9,9
12330,63,70,-7,7
12331,87,74,13,13
12332,140,129,11,11
12333,113,100,13,13
12334,102,98,4,4
12335,62,60,2,2
12336,57,59,-2,2
12337,48,60,-12,12
12338,62,62,0,0
12339,94,107,-13,13
12340,95,102,-7,7
12341,183,167,16,16
12342,80,82,-2,2
12343,164,156,8,8
12344,66,67,-1,1
12345,67,81,-14,14
12346,103,108,-5,5
12347,69,81,-12,12
12348,118,112,6,6
12349,78,75,3,3
12350,66,68,-2,2
12351,94,92,2,2
12352,92,92,0,0
12353,142,127,15,15
12354,55,69,-14,14
12355,101,102,-1,1
12356,79,74,5,5
12357,122,122,0,0
12358,123,106,17,17
12359,38,42,-4,4
12360,65,78,-13,13
12361,138,122,16,16
12362,76,76,0,0
12363,114,113,1,1
12364,79,86,-7,7
12365,114,103,11,11
12366,68,72,-4,4
12367,78,78,0,0
12368,93,99,-6,6
12369,103,103,0,0
12370,163,133,30,30
12371,101,105,-4,4
12372,126,118,8,8
12373,67,67,0,0
12374,78,78,0,0
12375,116,109,7,7
12376,128,127,1,1
12377,91,85,6,6
12378,142,126,16,16
12379,65,68,-3,3
12380,145,154,-9,9
12381,61,62,-1,1
12382,136,118,18,18
12383,84,80,4,4
12384,98,90,8,8
12385,87,88,-1,1
12386,107,106,1,1
12387,115,123,-8,8
12388,106,96,10,10
12389,93,95,-2,2
12390,80,74,6,6
12391,130,113,17,17
12392,115,104,11,11
12393,97,106,-9,9
12394,92,91,1,1
12395,88,85,3,3
12396,66,68,-2,2
12397,66,67,-1,1
12398,87,89,-2,2
12399,106,101,5,5
12400,70,80,-10,10
12401,180,158,22,22
12402,87,97,-10,10
12403,89,83,6,6
12404,92,97,-5,5
12405,125,109,16,16
12406,88,99,-11,11
12407,109,102,7,7
12408,35,48,-13,13
12409,67,76,-9,9
12410,117,110,7,7
12411,190,168,22,22
12412,114,108,6,6
12413,137,128,9,9
12414,138,147,-9,9
12415,129,132,-3,3
12416,106,89,17,17
12417,63,70,-7,7
12418,58,66,-8,8
12419,57,66,-9,9
12420,86,92,-6,6
12421,104,98,6,6
12422,97,94,3,3
12423,101,99,2,2
12424,137,122,15,15
12425,64,58,6,6
12426,176,185,-9,9
12427,93,88,5,5
12428,120,111,9,9
12429,108,104,4,4
12430,70,74,-4,4
12431,97,91,6,6
12432,83,88,-5,5
12433,83,78,5,5
12434,150,152,-2,2
12435,64,71,-7,7
12436,89,82,7,7
12437,96,93,3,3
12438,114,108,6,6
12439,119,116,3,3
12440,61,60,1,1
12441,96,95,1,1
12442,105,103,2,2
12443,61,63,-2,2
12444,141,132,9,9
12445,86,83,3,3
12446,87,85,2,2
12447,90,81,9,9
12448,105,107,-2,2
12449,91,84,7,7
12450,111,112,-1,1
12451,76,79,-3,3
12452,87,88,-1,1
12453,91,92,-1,1
12454,107,110,-3,3
12455,110,106,4,4
12456,124,125,-1,1
12457,128,116,12,12
12458,109,105,4,4
12459,71,71,0,0
12460,87,79,8,8
12461,148,139,9,9
12462,107,99,8,8
12463,134,130,4,4
12464,23,29,-6,6
12465,119,131,-12,12
12466,91,85,6,6
12467,25,38,-13,13
12468,61,77,-16,16
12469,101,96,5,5
12470,72,72,0,0
12471,95,97,-2,2
12472,47,50,-3,3
12473,97,94,3,3
12474,81,83,-2,2
12475,59,61,-2,2
12476,77,73,4,4
12477,138,119,19,19
12478,120,122,-2,2
12479,136,136,0,0
12480,79,83,-4,4
12481,63,67,-4,4
12482,102,98,4,4
12483,158,144,14,14
12484,73,77,-4,4
12485,53,54,-1,1
12486,83,87,-4,4
12487,155,126,29,29
12488,139,121,18,18
12489,93,85,8,8
12490,128,127,1,1
12491,98,105,-7,7
12492,96,89,7,7
12493,153,142,11,11
12494,104,102,2,2
12495,115,100,15,15
12496,72,75,-3,3
12497,90,87,3,3
12498,127,132,-5,5
12499,112,123,-11,11
12500,64,73,-9,9
12501,73,71,2,2
12502,72,79,-7,7
12503,73,88,-15,15
12504,56,62,-6,6
12505,106,99,7,7
12506,144,128,16,16
12507,47,76,-29,29
12508,147,140,7,7
12509,95,94,1,1
12510,76,83,-7,7
12511,128,128,0,0
12512,81,74,7,7
12513,79,84,-5,5
12514,86,82,4,4
12515,44,56,-12,12
12516,87,90,-3,3
12517,102,102,0,0
12518,116,113,3,3
12519,105,102,3,3
12520,113,120,-7,7
12521,152,138,14,14
12522,175,155,20,20
12523,70,72,-2,2
12524,173,155,18,18
12525,87,82,5,5
12526,102,95,7,7
12527,88,90,-2,2
12528,76,75,1,1
12529,110,100,10,10
12530,99,100,-1,1
12531,71,73,-2,2
12532,75,76,-1,1
12533,105,102,3,3
12534,153,152,1,1
12535,100,110,-10,10
12536,90,88,2,2
12537,83,98,-15,15
12538,82,87,-5,5
12539,49,58,-9,9
12540,69,72,-3,3
12541,113,109,4,4
12542,63,67,-4,4
12543,58,65,-7,7
12544,65,67,-2,2
12545,145,141,4,4
12546,50,56,-6,6
12547,83,88,-5,5
12548,100,96,4,4
12549,76,76,0,0
12550,72,75,-3,3
12551,71,88,-17,17
12552,106,100,6,6
12553,127,132,-5,5
12554,96,91,5,5
12555,67,70,-3,3
12556,140,130,10,10
12557,56,61,-5,5
12558,108,104,4,4
12559,94,88,6,6
12560,59,62,-3,3
12561,84,87,-3,3
12562,96,96,0,0
12563,92,98,-6,6
12564,186,173,13,13
12565,62,66,-4,4
12566,164,146,18,18
12567,49,56,-7,7
12568,62,64,-2,2
12569,50,64,-14,14
12570,128,121,7,7
12571,57,68,-11,11
12572,69,72,-3,3
12573,48,60,-12,12
12574,132,120,12,12
12575,140,139,1,1
12576,107,101,6,6
12577,80,82,-2,2
12578,78,79,-1,1
12579,140,111,29,29
12580,78,80,-2,2
12581,123,111,12,12
12582,87,92,-5,5
12583,91,104,-13,13
12584,119,123,-4,4
12585,107,103,4,4
12586,52,58,-6,6
12587,61,73,-12,12
12588,102,93,9,9
12589,79,76,3,3
12590,81,80,1,1
12591,72,71,1,1
12592,74,84,-10,10
12593,73,68,5,5
12594,114,88,26,26
12595,127,120,7,7
12596,92,82,10,10
12597,118,120,-2,2
12598,115,172,-57,57
12599,73,73,0,0
12600,93,94,-1,1
12601,70,72,-2,2
12602,73,73,0,0
12603,107,115,-8,8
12604,96,99,-3,3
12605,101,85,16,16
12606,76,89,-13,13
12607,85,77,8,8
12608,111,104,7,7
12609,42,54,-12,12
12610,69,72,-3,3
12611,97,88,9,9
12612,90,88,2,2
12613,96,92,4,4
12614,114,130,-16,16
12615,121,112,9,9
12616,68,73,-5,5
12617,45,51,-6,6
12618,73,76,-3,3
12619,109,103,6,6
12620,175,162,13,13
12621,90,82,8,8
12622,70,73,-3,3
12623,85,87,-2,2
12624,62,69,-7,7
12625,89,96,-7,7
12626,132,123,9,9
12627,155,137,18,18
12628,99,100,-1,1
12629,60,62,-2,2
12630,110,101,9,9
12631,87,86,1,1
12632,98,104,-6,6
12633,80,91,-11,11
12634,127,123,4,4
12635,172,155,17,17
12636,181,164,17,17
12637,130,118,12,12
12638,76,75,1,1
12639,86,84,2,2
12640,105,100,5,5
12641,105,111,-6,6
12642,56,69,-13,13
12643,65,72,-7,7
12644,42,50,-8,8
12645,120,109,11,11
12646,65,67,-2,2
12647,76,83,-7,7
12648,134,120,14,14
12649,28,70,-42,42
12650,96,92,4,4
12651,92,92,0,0
12652,53,55,-2,2
12653,66,66,0,0
12654,79,77,2,2
12655,101,110,-9,9
12656,78,96,-18,18
12657,88,93,-5,5
12658,136,124,12,12
12659,142,135,7,7
12660,73,70,3,3
12661,97,89,8,8
12662,80,77,3,3
12663,51,60,-9,9
12664,69,81,-12,12
12665,52,57,-5,5
12666,57,61,-4,4
12667,100,117,-17,17
12668,147,143,4,4
12669,129,124,5,5
12670,92,100,-8,8
12671,107,93,14,14
12672,99,104,-5,5
12673,89,93,-4,4
12674,58,62,-4,4
12675,103,90,13,13
12676,33,41,-8,8
12677,103,93,10,10
12678,88,88,0,0
12679,81,84,-3,3
12680,53,60,-7,7
12681,70,81,-11,11
12682,32,46,-14,14
12683,88,86,2,2
12684,99,111,-12,12
12685,110,104,6,6
12686,78,79,-1,1
12687,99,98,1,1
12688,46,54,-8,8
12689,136,116,20,20
12690,75,72,3,3
12691,117,100,17,17
12692,93,84,9,9
12693,132,127,5,5
12694,70,73,-3,3
12695,69,76,-7,7
12696,49,41,8,8
12697,71,71,0,0
12698,118,111,7,7
12699,97,96,1,1
12700,76,87,-11,11
12701,195,150,45,45
12702,128,119,9,9
12703,66,62,4,4
12704,120,116,4,4
12705,73,78,-5,5
12706,62,71,-9,9
12707,104,90,14,14
12708,94,97,-3,3
12709,94,86,8,8
12710,110,97,13,13
12711,96,91,5,5
12712,107,100,7,7
12713,77,87,-10,10
12714,91,99,-8,8
12715,63,63,0,0
12716,128,106,22,22
12717,77,76,1,1
12718,67,76,-9,9
12719,124,112,12,12
12720,94,92,2,2
12721,64,68,-4,4
12722,74,77,-3,3
12723,88,90,-2,2
12724,70,75,-5,5
12725,78,78,0,0
12726,66,77,-11,11
12727,104,104,0,0
12728,134,140,-6,6
12729,92,88,4,4
12730,74,72,2,2
12731,93,88,5,5
12732,98,94,4,4
12733,100,90,10,10
12734,87,91,-4,4
12735,101,96,5,5
12736,49,56,-7,7
12737,121,111,10,10
12738,84,95,-11,11
12739,158,150,8,8
12740,115,104,11,11
12741,125,111,14,14
12742,53,53,0,0
12743,80,87,-7,7
12744,68,68,0,0
12745,103,97,6,6
12746,107,105,2,2
12747,77,90,-13,13
12748,100,104,-4,4
12749,120,120,0,0
12750,91,89,2,2
12751,77,66,11,11
12752,132,120,12,12
12753,131,120,11,11
12754,43,65,-22,22
12755,45,51,-6,6
12756,124,111,13,13
12757,86,81,5,5
12758,107,99,8,8
12759,82,89,-7,7
12760,204,178,26,26
12761,107,100,7,7
12762,120,120,0,0
12763,140,132,8,8
12764,153,137,16,16
12765,83,84,-1,1
12766,47,51,-4,4
12767,91,84,7,7
12768,68,59,9,9
12769,56,60,-4,4
12770,77,84,-7,7
12771,37,50,-13,13
12772,117,107,10,10
12773,85,85,0,0
12774,101,95,6,6
12775,67,77,-10,10
12776,118,126,-8,8
12777,56,67,-11,11
12778,68,69,-1,1
12779,65,76,-11,11
12780,105,98,7,7
12781,102,106,-4,4
12782,116,105,11,11
12783,69,71,-2,2
12784,79,78,1,1
12785,105,100,5,5
12786,101,81,20,20
12787,106,92,14,14
12788,89,84,5,5
12789,77,81,-4,4
12790,116,114,2,2
12791,111,103,8,8
12792,91,80,11,11
12793,74,73,1,1
12794,96,97,-1,1
12795,119,122,-3,3
12796,124,114,10,10
12797,83,80,3,3
12798,59,68,-9,9
12799,87,84,3,3
12800,55,62,-7,7
12801,121,119,2,2
12802,94,90,4,4
12803,90,87,3,3
12804,181,161,20,20
12805,93,83,10,10
12806,72,75,-3,3
12807,92,94,-2,2
12808,153,142,11,11
12809,55,61,-6,6
12810,61,68,-7,7
12811,99,94,5,5
12812,82,85,-3,3
12813,102,91,11,11
12814,148,140,8,8
12815,112,107,5,5
12816,172,164,8,8
12817,133,128,5,5
12818,97,98,-1,1
12819,70,78,-8,8
12820,70,79,-9,9
12821,98,86,12,12
12822,96,105,-9,9
12823,69,71,-2,2
12824,90,84,6,6
12825,138,125,13,13
12826,132,124,8,8
12827,153,150,3,3
12828,86,79,7,7
12829,108,99,9,9
12830,80,89,-9,9
12831,154,133,21,21
12832,116,119,-3,3
12833,103,97,6,6
12834,104,108,-4,4
12835,116,108,8,8
12836,107,93,14,14
12837,96,88,8,8
12838,90,93,-3,3
12839,50,61,-11,11
12840,104,100,4,4
12841,72,69,3,3
12842,106,96,10,10
12843,87,87,0,0
12844,124,119,5,5
12845,27,36,-9,9
12846,133,126,7,7
12847,122,108,14,14
12848,124,136,-12,12
12849,89,94,-5,5
12850,97,117,-20,20
12851,84,90,-6,6
12852,140,142,-2,2
12853,136,126,10,10
12854,20,28,-8,8
12855,93,95,-2,2
12856,85,86,-1,1
12857,74,78,-4,4
12858,103,92,11,11
12859,75,77,-2,2
12860,46,52,-6,6
12861,84,101,-17,17
12862,75,76,-1,1
12863,53,57,-4,4
12864,52,80,-28,28
12865,87,88,-1,1
12866,109,96,13,13
12867,105,94,11,11
12868,67,70,-3,3
12869,154,132,22,22
12870,84,86,-2,2
12871,128,118,10,10
12872,113,115,-2,2
12873,87,79,8,8
12874,101,105,-4,4
12875,96,98,-2,2
12876,39,49,-10,10
12877,133,128,5,5
12878,191,180,11,11
12879,60,66,-6,6
12880,125,115,10,10
12881,75,81,-6,6
12882,40,53,-13,13
12883,103,94,9,9
12884,79,78,1,1
12885,185,170,15,15
12886,124,114,10,10
12887,109,111,-2,2
12888,89,97,-8,8
12889,67,70,-3,3
12890,47,50,-3,3
12891,76,72,4,4
12892,122,120,2,2
12893,106,97,9,9
12894,142,122,20,20
12895,96,83,13,13
12896,52,56,-4,4
12897,96,96,0,0
12898,117,120,-3,3
12899,69,76,-7,7
12900,89,83,6,6
12901,72,74,-2,2
12902,180,165,15,15
12903,94,89,5,5
12904,53,63,-10,10
12905,93,99,-6,6
12906,161,141,20,20
12907,137,130,7,7
12908,129,126,3,3
12909,89,85,4,4
12910,102,97,5,5
12911,159,154,5,5
12912,67,72,-5,5
12913,67,80,-13,13
12914,97,97,0,0
12915,71,70,1,1
12916,153,148,5,5
12917,100,97,3,3
12918,92,98,-6,6
12919,79,85,-6,6
12920,79,82,-3,3
12921,73,72,1,1
12922,133,129,4,4
12923,51,58,-7,7
12924,139,126,13,13
12925,115,117,-2,2
12926,89,88,1,1
12927,124,121,3,3
12928,90,89,1,1
12929,128,123,5,5
12930,131,116,15,15
12931,71,71,0,0
12932,113,105,8,8
12933,127,129,-2,2
12934,61,70,-9,9
12935,113,109,4,4
12936,112,90,22,22
12937,75,75,0,0
12938,125,106,19,19
12939,73,76,-3,3
12940,100,109,-9,9
12941,187,168,19,19
12942,101,95,6,6
12943,103,93,10,10
12944,99,104,-5,5
12945,65,68,-3,3
12946,116,109,7,7
12947,97,107,-10,10
12948,83,88,-5,5
12949,90,100,-10,10
12950,101,101,0,0
12951,97,101,-4,4
12952,107,104,3,3
12953,119,125,-6,6
12954,78,73,5,5
12955,79,81,-2,2
12956,74,80,-6,6
12957,150,141,9,9
12958,83,93,-10,10
12959,131,143,-12,12
12960,68,76,-8,8
12961,222,180,42,42
12962,88,85,3,3
12963,109,99,10,10
12964,149,145,4,4
12965,82,90,-8,8
12966,33,40,-7,7
12967,97,104,-7,7
12968,88,91,-3,3
12969,127,125,2,2
12970,70,74,-4,4
12971,86,83,3,3
12972,63,66,-3,3
12973,101,96,5,5
12974,85,86,-1,1
12975,97,88,9,9
12976,68,71,-3,3
12977,79,93,-14,14
12978,182,163,19,19
12979,68,73,-5,5
12980,68,72,-4,4
12981,81,78,3,3
12982,118,108,10,10
12983,93,91,2,2
12984,117,96,21,21
12985,144,138,6,6
12986,134,117,17,17
12987,69,71,-2,2
12988,133,125,8,8
12989,88,90,-2,2
12990,63,61,2,2
12991,116,117,-1,1
12992,113,118,-5,5
12993,103,94,9,9
12994,127,122,5,5
12995,116,114,2,2
12996,114,105,9,9
12997,123,111,12,12
12998,72,67,5,5
12999,107,98,9,9
13000,121,105,16,16
13001,100,90,10,10
13002,87,87,0,0
13003,102,91,11,11
13004,155,157,-2,2
13005,72,81,-9,9
13006,84,84,0,0
13007,86,93,-7,7
13008,115,115,0,0
13009,100,96,4,4
13010,81,74,7,7
13011,51,59,-8,8
13012,54,59,-5,5
13013,86,84,2,2
13014,92,92,0,0
13015,60,68,-8,8
13016,112,109,3,3
13017,92,88,4,4
13018,87,86,1,1
13019,95,96,-1,1
13020,80,78,2,2
13021,139,133,6,6
13022,103,94,9,9
13023,120,126,-6,6
13024,75,84,-9,9
13025,51,51,0,0
13026,76,75,1,1
13027,67,75,-8,8
13028,165,150,15,15
13029,84,88,-4,4
13030,83,89,-6,6
13031,61,63,-2,2
13032,159,146,13,13
13033,64,80,-16,16
13034,140,136,4,4
13035,65,78,-13,13
13036,68,74,-6,6
13037,67,64,3,3
13038,87,90,-3,3
13039,109,106,3,3
13040,116,113,3,3
13041,94,107,-13,13
13042,135,120,15,15
13043,77,75,2,2
13044,55,58,-3,3
13045,61,64,-3,3
13046,73,77,-4,4
13047,139,116,23,23
13048,106,110,-4,4
13049,78,84,-6,6
13050,74,67,7,7
13051,99,94,5,5
13052,88,92,-4,4
13053,93,86,7,7
13054,69,68,1,1
13055,235,195,40,40
13056,83,88,-5,5
13057,101,88,13,13
13058,66,76,-10,10
13059,58,61,-3,3
13060,119,120,-1,1
13061,129,123,6,6
13062,82,82,0,0
13063,168,153,15,15
13064,72,76,-4,4
13065,125,110,15,15
13066,82,77,5,5
13067,97,91,6,6
13068,56,68,-12,12
13069,123,133,-10,10
13070,79,74,5,5
13071,84,81,3,3
13072,112,107,5,5
13073,80,87,-7,7
13074,106,105,1,1
13075,60,69,-9,9
13076,72,76,-4,4
13077,96,102,-6,6
13078,60,52,8,8
13079,117,95,22,22
13080,66,76,-10,10
13081,78,81,-3,3
13082,55,61,-6,6
13083,164,142,22,22
13084,184,166,18,18
13085,78,83,-5,5
13086,61,69,-8,8
13087,109,121,-12,12
13088,101,101,0,0
13089,79,79,0,0
13090,51,59,-8,8
13091,64,65,-1,1
13092,62,67,-5,5
13093,144,134,10,10
13094,57,63,-6,6
13095,50,55,-5,5
13096,81,79,2,2
13097,99,98,1,1
13098,97,98,-1,1
13099,129,111,18,18
13100,104,97,7,7
13101,93,99,-6,6
13102,84,80,4,4
13103,90,90,0,0
13104,112,112,0,0
13105,69,72,-3,3
13106,69,75,-6,6
13107,107,90,17,17
13108,145,126,19,19
13109,84,76,8,8
13110,51,58,-7,7
13111,100,94,6,6
13112,82,89,-7,7
13113,71,85,-14,14
13114,104,96,8,8
13115,67,78,-11,11
13116,89,92,-3,3
13117,61,75,-14,14
13118,74,80,-6,6
13119,101,104,-3,3
13120,67,76,-9,9
13121,72,79,-7,7
13122,70,71,-1,1
13123,158,155,3,3
13124,94,92,2,2
13125,84,80,4,4
13126,120,117,3,3
13127,152,148,4,4
13128,137,125,12,12
13129,82,89,-7,7
13130,116,107,9,9
13131,112,104,8,8
13132,99,91,8,8
13133,150,149,1,1
13134,66,64,2,2
13135,81,74,7,7
13136,50,57,-7,7
13137,133,128,5,5
13138,65,70,-5,5
13139,65,67,-2,2
13140,80,80,0,0
13141,53,51,2,2
13142,108,98,10,10
13143,80,66,14,14
13144,126,127,-1,1
13145,73,79,-6,6
13146,58,60,-2,2
13147,80,79,1,1
13148,62,66,-4,4
13149,64,69,-5,5
13150,55,59,-4,4
13151,81,82,-1,1
13152,97,99,-2,2
13153,78,73,5,5
13154,101,94,7,7
13155,72,82,-10,10
13156,112,107,5,5
13157,84,86,-2,2
13158,68,75,-7,7
13159,102,105,-3,3
13160,117,125,-8,8
13161,88,84,4,4
13162,127,111,16,16
13163,64,62,2,2
13164,87,89,-2,2
13165,80,81,-1,1
13166,101,89,12,12
13167,122,112,10,10
13168,67,65,2,2
13169,131,126,5,5
13170,97,90,7,7
13171,135,114,21,21
13172,88,88,0,0
13173,115,124,-9,9
13174,134,119,15,15
13175,116,113,3,3
13176,79,82,-3,3
13177,45,51,-6,6
13178,100,100,0,0
13179,85,102,-17,17
13180,63,70,-7,7
13181,89,88,1,1
13182,76,80,-4,4
13183,138,125,13,13
13184,123,116,7,7
13185,74,82,-8,8
13186,43,55,-12,12
13187,66,75,-9,9
13188,86,105,-19,19
13189,115,127,-12,12
13190,30,56,-26,26
13191,66,72,-6,6
13192,208,169,39,39
13193,90,86,4,4
13194,71,69,2,2
13195,94,85,9,9
13196,171,160,11,11
13197,55,58,-3,3
13198,43,44,-1,1
13199,67,73,-6,6
13200,143,119,24,24
13201,98,96,2,2
13202,100,95,5,5
13203,108,101,7,7
13204,91,80,11,11
13205,131,126,5,5
13206,79,70,9,9
13207,153,149,4,4
13208,37,47,-10,10
13209,46,46,0,0
13210,241,203,38,38
13211,89,86,3,3
13212,72,71,1,1
13213,100,94,6,6
13214,83,83,0,0
13215,98,100,-2,2
13216,128,117,11,11
13217,162,114,48,48
13218,81,80,1,1
13219,98,94,4,4
13220,70,79,-9,9
13221,182,160,22,22
13222,71,73,-2,2
13223,173,165,8,8
13224,54,62,-8,8
13225,66,71,-5,5
13226,85,79,6,6
13227,93,92,1,1
13228,71,108,-37,37
13229,163,155,8,8
13230,86,82,4,4
13231,74,74,0,0
13232,148,143,5,5
13233,112,106,6,6
13234,90,81,9,9
13235,64,63,1,1
13236,78,94,-16,16
13237,115,117,-2,2
13238,105,96,9,9
13239,90,90,0,0
13240,117,108,9,9
13241,103,91,12,12
13242,139,153,-14,14
13243,107,111,-4,4
13244,118,128,-10,10
13245,94,85,9,9
13246,56,59,-3,3
13247,97,93,4,4
13248,77,72,5,5
13249,117,93,24,24
13250,125,123,2,2
13251,67,74,-7,7
13252,73,73,0,0
13253,152,137,15,15
13254,73,72,1,1
13255,121,112,9,9
13256,166,158,8,8
13257,90,88,2,2
13258,96,100,-4,4
13259,149,151,-2,2
13260,61,69,-8,8
13261,144,131,13,13
13262,121,117,4,4
13263,131,118,13,13
13264,58,57,1,1
13265,51,60,-9,9
13266,54,70,-16,16
13267,72,75,-3,3
13268,99,101,-2,2
13269,124,106,18,18
13270,105,102,3,3
13271,100,96,4,4
13272,153,148,5,5
13273,76,82,-6,6
13274,120,108,12,12
13275,94,91,3,3
13276,85,81,4,4
13277,84,89,-5,5
13278,53,70,-17,17
13279,106,106,0,0
13280,108,111,-3,3
13281,140,127,13,13
13282,113,106,7,7
13283,57,72,-15,15
13284,108,104,4,4
13285,123,109,14,14
13286,108,99,9,9
13287,83,82,1,1
13288,99,84,15,15
13289,78,81,-3,3
13290,96,99,-3,3
13291,58,61,-3,3
13292,82,80,2,2
13293,148,145,3,3
13294,86,93,-7,7
13295,81,74,7,7
13296,119,114,5,5
13297,97,103,-6,6
13298,118,114,4,4
13299,92,88,4,4
13300,102,108,-6,6
13301,72,76,-4,4
13302,64,65,-1,1
13303,86,87,-1,1
13304,57,68,-11,11
13305,102,98,4,4
13306,67,65,2,2
13307,88,90,-2,2
13308,139,120,19,19
13309,61,68,-7,7
13310,77,76,1,1
13311,158,154,4,4
13312,130,114,16,16
13313,132,131,1,1
13314,187,165,22,22
13315,79,76,3,3
13316,96,102,-6,6
13317,76,78,-2,2
13318,71,73,-2,2
13319,78,81,-3,3
13320,209,186,23,23
13321,75,75,0,0
13322,146,129,17,17
13323,100,96,4,4
13324,80,86,-6,6
13325,70,73,-3,3
13326,65,71,-6,6
13327,95,100,-5,5
13328,80,81,-1,1
13329,69,71,-2,2
13330,132,135,-3,3
13331,77,72,5,5
13332,98,93,5,5
13333,94,95,-1,1
13334,86,86,0,0
13335,90,81,9,9
13336,75,73,2,2
13337,130,103,27,27
13338,87,94,-7,7
13339,141,123,18,18
13340,161,145,16,16
13341,68,78,-10,10
13342,97,92,5,5
13343,125,113,12,12
13344,36,49,-13,13
13345,115,108,7,7
13346,68,62,6,6
13347,106,99,7,7
13348,96,107,-11,11
13349,82,82,0,0
13350,73,68,5,5
13351,89,78,11,11
13352,75,73,2,2
13353,85,94,-9,9
13354,134,140,-6,6
13355,90,82,8,8
13356,83,87,-4,4
13357,129,101,28,28
13358,140,135,5,5
13359,60,58,2,2
13360,82,77,5,5
13361,153,143,10,10
13362,80,90,-10,10
13363,119,115,4,4
13364,108,98,10,10
13365,54,62,-8,8
13366,99,102,-3,3
13367,130,157,-27,27
13368,100,97,3,3
13369,59,59,0,0
13370,84,91,-7,7
13371,117,114,3,3
13372,60,66,-6,6
13373,55,60,-5,5
13374,96,96,0,0
13375,73,81,-8,8
13376,64,76,-12,12
13377,75,77,-2,2
13378,55,58,-3,3
13379,90,86,4,4
13380,142,142,0,0
13381,139,133,6,6
13382,118,107,11,11
13383,120,108,12,12
13384,112,110,2,2
13385,43,53,-10,10
13386,106,104,2,2
13387,187,168,19,19
13388,117,116,1,1
13389,111,108,3,3
13390,188,176,12,12
13391,156,133,23,23
13392,136,135,1,1
13393,88,90,-2,2
13394,29,41,-12,12
13395,107,93,14,14
13396,113,94,19,19
13397,93,88,5,5
13398,81,84,-3,3
13399,22,32,-10,10
13400,69,72,-3,3
13401,168,152,16,16
13402,147,131,16,16
13403,105,110,-5,5
13404,145,130,15,15
13405,58,68,-10,10
13406,60,69,-9,9
13407,150,148,2,2
13408,70,71,-1,1
13409,69,74,-5,5
13410,140,138,2,2
13411,88,81,7,7
13412,120,115,5,5
13413,63,67,-4,4
13414,81,87,-6,6
13415,66,65,1,1
13416,91,84,7,7
13417,131,132,-1,1
13418,126,103,23,23
13419,138,138,0,0
13420,103,105,-2,2
13421,103,99,4,4
13422,50,69,-19,19
13423,64,73,-9,9
13424,75,81,-6,6
13425,67,68,-1,1
13426,97,90,7,7
13427,109,109,0,0
13428,137,127,10,10
13429,71,71,0,0
13430,98,89,9,9
13431,82,96,-14,14
13432,65,71,-6,6
13433,117,100,17,17
13434,148,152,-4,4
13435,190,167,23,23
13436,84,79,5,5
13437,110,98,12,12
13438,138,128,10,10
13439,74,75,-1,1
13440,130,111,19,19
13441,79,79,0,0
13442,92,104,-12,12
13443,137,139,-2,2
13444,104,92,12,12
13445,160,130,30,30
13446,90,88,2,2
13447,101,98,3,3
13448,123,123,0,0
13449,73,75,-2,2
13450,66,70,-4,4
13451,124,122,2,2
13452,173,160,13,13
13453,142,125,17,17
13454,32,44,-12,12
13455,104,99,5,5
13456,65,85,-20,20
13457,60,65,-5,5
13458,71,77,-6,6
13459,56,60,-4,4
13460,122,118,4,4
13461,135,147,-12,12
13462,162,157,5,5
13463,96,106,-10,10
13464,126,130,-4,4
13465,74,78,-4,4
13466,102,103,-1,1
13467,80,79,1,1
13468,88,82,6,6
13469,92,81,11,11
13470,107,107,0,0
13471,87,86,1,1
13472,58,63,-5,5
13473,80,74,6,6
13474,79,72,7,7
13475,114,118,-4,4
13476,78,87,-9,9
13477,75,82,-7,7
13478,168,165,3,3
13479,114,108,6,6
13480,59,71,-12,12
13481,152,153,-1,1
13482,66,68,-2,2
13483,98,91,7,7
13484,70,75,-5,5
13485,101,90,11,11
13486,130,125,5,5
13487,114,104,10,10
13488,63,69,-6,6
13489,181,163,18,18
13490,86,85,1,1
13491,107,116,-9,9
13492,59,65,-6,6
13493,74,75,-1,1
13494,134,131,3,3
13495,199,162,37,37
13496,58,66,-8,8
13497,99,99,0,0
13498,103,105,-2,2
13499,183,155,28,28
13500,96,96,0,0
13501,99,100,-1,1
13502,113,103,10,10
13503,88,79,9,9
13504,88,91,-3,3
13505,128,119,9,9
13506,82,92,-10,10
13507,80,79,1,1
13508,53,62,-9,9
13509,47,55,-8,8
13510,102,91,11,11
13511,97,95,2,2
13512,68,71,-3,3
13513,125,110,15,15
13514,110,113,-3,3
13515,77,74,3,3
13516,127,115,12,12
13517,87,88,-1,1
13518,107,92,15,15
13519,105,108,-3,3
13520,153,123,30,30
13521,61,70,-9,9
13522,33,78,-45,45
13523,146,133,13,13
13524,100,105,-5,5
13525,170,152,18,18
13526,134,121,13,13
13527,78,97,-19,19
13528,73,69,4,4
13529,60,64,-4,4
13530,64,66,-2,2
13531,99,94,5,5
13532,80,89,-9,9
13533,65,68,-3,3
13534,67,64,3,3
13535,141,121,20,20
13536,60,70,-10,10
13537,138,143,-5,5
13538,154,151,3,3
13539,58,63,-5,5
13540,114,119,-5,5
13541,132,120,12,12
13542,98,98,0,0
13543,80,86,-6,6
13544,105,105,0,0
13545,84,91,-7,7
13546,78,80,-2,2
13547,154,144,10,10
13548,67,73,-6,6
13549,95,103,-8,8
13550,125,114,11,11
13551,128,115,13,13
13552,42,49,-7,7
13553,204,182,22,22
13554,98,96,2,2
13555,112,107,5,5
13556,132,120,12,12
13557,139,124,15,15
13558,93,88,5,5
13559,146,134,12,12
13560,56,62,-6,6
13561,65,65,0,0
13562,124,111,13,13
13563,103,102,1,1
13564,86,80,6,6
13565,60,71,-11,11
13566,98,99,-1,1
13567,80,113,-33,33
13568,89,100,-11,11
13569,148,127,21,21
13570,40,49,-9,9
13571,80,87,-7,7
13572,70,81,-11,11
13573,82,75,7,7
13574,133,143,-10,10
13575,75,81,-6,6
13576,75,72,3,3
13577,120,100,20,20
13578,50,60,-10,10
13579,111,119,-8,8
13580,86,88,-2,2
13581,115,115,0,0
13582,63,62,1,1
13583,93,94,-1,1
13584,104,95,9,9
13585,153,147,6,6
13586,51,57,-6,6
13587,128,114,14,14
13588,92,87,5,5
13589,51,62,-11,11
13590,84,84,0,0
13591,104,99,5,5
13592,101,92,9,9
13593,83,89,-6,6
13594,69,78,-9,9
13595,96,92,4,4
13596,83,85,-2,2
13597,54,74,-20,20
13598,83,72,11,11
13599,54,55,-1,1
13600,61,64,-3,3
13601,116,105,11,11
13602,113,100,13,13
13603,76,72,4,4
13604,87,83,4,4
13605,59,61,-2,2
13606,141,133,8,8
13607,97,98,-1,1
13608,89,82,7,7
13609,131,127,4,4
13610,71,70,1,1
13611,60,60,0,0
13612,39,52,-13,13
13613,68,79,-11,11
13614,61,65,-4,4
13615,107,102,5,5
13616,95,93,2,2
13617,94,108,-14,14
13618,82,86,-4,4
13619,110,109,1,1
13620,113,112,1,1
13621,107,100,7,7
13622,161,138,23,23
13623,180,152,28,28
13624,101,100,1,1
13625,88,86,2,2
13626,87,86,1,1
13627,115,113,2,2
13628,121,112,9,9
13629,139,134,5,5
13630,123,115,8,8
13631,63,64,-1,1
13632,122,113,9,9
13633,68,73,-5,5
13634,110,99,11,11
13635,57,82,-25,25
13636,82,77,5,5
13637,95,95,0,0
13638,134,128,6,6
13639,98,87,11,11
13640,128,117,11,11
13641,95,96,-1,1
13642,104,120,-16,16
13643,175,157,18,18
13644,109,96,13,13
13645,164,146,18,18
13646,118,105,13,13
13647,70,74,-4,4
13648,54,68,-14,14
13649,145,141,4,4
13650,68,70,-2,2
13651,82,80,2,2
13652,61,65,-4,4
13653,92,93,-1,1
13654,89,85,4,4
13655,96,92,4,4
13656,122,110,12,12
13657,79,80,-1,1
13658,75,77,-2,2
13659,108,102,6,6
13660,43,52,-9,9
13661,67,71,-4,4
13662,75,82,-7,7
13663,67,70,-3,3
13664,88,92,-4,4
13665,55,60,-5,5
13666,96,105,-9,9
13667,60,64,-4,4
13668,125,114,11,11
13669,56,68,-12,12
13670,111,105,6,6
13671,105,115,-10,10
13672,77,97,-20,20
13673,89,91,-2,2
13674,79,82,-3,3
13675,107,109,-2,2
13676,124,113,11,11
13677,119,113,6,6
13678,57,82,-25,25
13679,127,120,7,7
13680,64,74,-10,10
13681,96,99,-3,3
13682,89,81,8,8
13683,71,76,-5,5
13684,76,77,-1,1
13685,110,108,2,2
13686,120,126,-6,6
13687,98,89,9,9
13688,84,91,-7,7
13689,233,205,28,28
13690,75,70,5,5
13691,107,89,18,18
13692,76,79,-3,3
13693,84,86,-2,2
13694,86,85,1,1
13695,103,94,9,9
13696,106,95,11,11
13697,150,125,25,25
13698,73,75,-2,2
13699,130,138,-8,8
13700,132,115,17,17
13701,139,128,11,11
13702,115,110,5,5
13703,155,145,10,10
13704,75,83,-8,8
13705,70,76,-6,6
13706,127,115,12,12
13707,65,66,-1,1
13708,100,106,-6,6
13709,170,155,15,15
13710,135,126,9,9
13711,75,77,-2,2
13712,164,166,-2,2
13713,125,107,18,18
13714,104,108,-4,4
13715,53,59,-6,6
13716,146,143,3,3
13717,102,86,16,16
13718,70,77,-7,7
13719,54,62,-8,8
13720,108,106,2,2
13721,97,96,1,1
13722,104,99,5,5
13723,140,138,2,2
13724,94,99,-5,5
13725,62,77,-15,15
13726,105,94,11,11
13727,48,52,-4,4
13728,63,70,-7,7
13729,64,59,5,5
13730,51,56,-5,5
13731,63,64,-1,1
13732,121,114,7,7
13733,120,113,7,7
13734,86,89,-3,3
13735,91,90,1,1
13736,55,66,-11,11
13737,98,98,0,0
13738,69,64,5,5
13739,45,45,0,0
13740,126,136,-10,10
13741,169,157,12,12
13742,95,88,7,7
13743,106,108,-2,2
13744,91,86,5,5
13745,126,114,12,12
13746,67,72,-5,5
13747,55,63,-8,8
13748,74,80,-6,6
13749,87,76,11,11
13750,87,87,0,0
13751,83,74,9,9
13752,114,122,-8,8
13753,125,123,2,2
13754,120,113,7,7
13755,86,80,6,6
13756,66,73,-7,7
13757,106,101,5,5
13758,62,61,1,1
13759,87,105,-18,18
13760,68,66,2,2
13761,77,78,-1,1
13762,106,100,6,6
13763,101,97,4,4
13764,93,87,6,6
13765,63,85,-22,22
13766,53,64,-11,11
13767,116,114,2,2
13768,116,112,4,4
13769,92,113,-21,21
13770,80,84,-4,4
13771,93,92,1,1
13772,129,119,10,10
13773,97,96,1,1
13774,51,62,-11,11
13775,98,91,7,7
13776,80,103,-23,23
13777,74,76,-2,2
13778,157,143,14,14
13779,163,161,2,2
13780,62,68,-6,6
13781,107,105,2,2
13782,107,92,15,15
13783,107,103,4,4
13784,83,82,1,1
13785,117,100,17,17
13786,94,99,-5,5
13787,65,70,-5,5
13788,61,70,-9,9
13789,79,85,-6,6
13790,137,136,1,1
13791,141,127,14,14
13792,95,96,-1,1
13793,101,99,2,2
13794,95,96,-1,1
13795,142,125,17,17
13796,107,93,14,14
13797,80,78,2,2
13798,91,94,-3,3
13799,71,73,-2,2
13800,81,81,0,0
13801,96,93,3,3
13802,151,139,12,12
13803,75,84,-9,9
13804,69,73,-4,4
13805,70,73,-3,3
13806,66,72,-6,6
13807,100,100,0,0
13808,107,99,8,8
13809,116,110,6,6
13810,59,67,-8,8
13811,90,93,-3,3
13812,60,60,0,0
13813,55,61,-6,6
13814,66,73,-7,7
13815,90,93,-3,3
13816,80,88,-8,8
13817,151,84,67,67
13818,91,89,2,2
13819,59,62,-3,3
13820,73,74,-1,1
13821,51,62,-11,11
13822,95,97,-2,2
13823,92,90,2,2
13824,61,66,-5,5
13825,80,80,0,0
13826,107,120,-13,13
13827,79,80,-1,1
13828,167,150,17,17
13829,58,64,-6,6
13830,104,101,3,3
13831,106,114,-8,8
13832,61,61,0,0
13833,111,115,-4,4
13834,97,109,-12,12
13835,101,97,4,4
13836,67,75,-8,8
13837,56,66,-10,10
13838,57,60,-3,3
13839,82,69,13,13
13840,95,95,0,0
13841,69,77,-8,8
13842,58,64,-6,6
13843,105,100,5,5
13844,163,143,20,20
13845,61,69,-8,8
13846,90,77,13,13
13847,220,190,30,30
13848,96,84,12,12
13849,44,54,-10,10
13850,59,64,-5,5
13851,60,66,-6,6
13852,64,69,-5,5
13853,94,94,0,0
13854,151,133,18,18
13855,75,76,-1,1
13856,75,77,-2,2
13857,79,74,5,5
13858,70,80,-10,10
13859,107,108,-1,1
13860,145,138,7,7
13861,70,71,-1,1
13862,75,72,3,3
13863,141,131,10,10
13864,66,73,-7,7
13865,79,73,6,6
13866,111,100,11,11
13867,112,101,11,11
13868,125,131,-6,6
13869,121,123,-2,2
13870,108,101,7,7
13871,74,83,-9,9
13872,106,108,-2,2
13873,118,116,2,2
13874,162,143,19,19
13875,142,106,36,36
13876,65,70,-5,5
13877,59,61,-2,2
13878,91,83,8,8
13879,75,72,3,3
13880,125,114,11,11
13881,146,136,10,10
13882,84,82,2,2
13883,95,95,0,0
13884,88,82,6,6
13885,95,90,5,5
13886,54,65,-11,11
13887,68,63,5,5
13888,250,229,21,21
13889,64,69,-5,5
13890,89,85,4,4
13891,63,68,-5,5
13892,47,67,-20,20
13893,113,111,2,2
13894,118,107,11,11
13895,77,77,0,0
13896,175,155,20,20
13897,87,85,2,2
13898,85,85,0,0
13899,107,95,12,12
13900,77,68,9,9
13901,112,116,-4,4
13902,67,72,-5,5
13903,124,132,-8,8
13904,69,71,-2,2
13905,170,158,12,12
13906,91,80,11,11
13907,69,73,-4,4
13908,69,65,4,4
13909,102,101,1,1
13910,87,98,-11,11
13911,61,67,-6,6
13912,140,114,26,26
13913,56,65,-9,9
13914,50,55,-5,5
13915,71,69,2,2
13916,46,59,-13,13
13917,102,102,0,0
13918,72,70,2,2
13919,102,102,0,0
13920,98,96,2,2
13921,114,113,1,1
13922,83,88,-5,5
13923,75,78,-3,3
13924,92,85,7,7
13925,107,106,1,1
13926,166,150,16,16
13927,72,77,-5,5
13928,43,60,-17,17
13929,98,86,12,12
13930,141,132,9,9
13931,112,96,16,16
13932,149,135,14,14
13933,17,40,-23,23
13934,63,74,-11,11
13935,127,118,9,9
13936,128,127,1,1
13937,64,72,-8,8
13938,59,66,-7,7
13939,45,61,-16,16
13940,104,100,4,4
13941,82,80,2,2
13942,52,52,0,0
13943,96,87,9,9
13944,108,103,5,5
13945,122,119,3,3
13946,105,102,3,3
13947,72,78,-6,6
13948,75,74,1,1
13949,111,105,6,6
13950,86,82,4,4
13951,121,116,5,5
13952,86,83,3,3
13953,66,67,-1,1
13954,93,93,0,0
13955,128,132,-4,4
13956,142,128,14,14
13957,87,75,12,12
13958,84,84,0,0
13959,103,102,1,1
13960,113,101,12,12
13961,136,134,2,2
13962,74,72,2,2
13963,108,118,-10,10
13964,89,96,-7,7
13965,84,84,0,0
13966,98,93,5,5
13967,51,63,-12,12
13968,53,53,0,0
13969,88,92,-4,4
13970,96,88,8,8
13971,105,110,-5,5
13972,95,89,6,6
13973,119,100,19,19
13974,79,74,5,5
13975,110,92,18,18
13976,68,68,0,0
13977,98,99,-1,1
13978,162,157,5,5
13979,124,121,3,3
13980,54,56,-2,2
13981,89,96,-7,7
13982,55,59,-4,4
13983,147,122,25,25
13984,118,105,13,13
13985,28,34,-6,6
13986,115,107,8,8
13987,87,89,-2,2
13988,129,118,11,11
13989,100,94,6,6
13990,119,115,4,4
13991,95,96,-1,1
13992,130,124,6,6
13993,57,55,2,2
13994,103,91,12,12
13995,100,95,5,5
13996,95,93,2,2
13997,61,64,-3,3
13998,59,67,-8,8
13999,126,113,13,13
14000,162,164,-2,2
14001,98,101,-3,3
14002,134,106,28,28
14003,118,113,5,5
14004,57,64,-7,7
14005,84,90,-6,6
14006,84,79,5,5
14007,120,126,-6,6
14008,163,156,7,7
14009,64,69,-5,5
14010,83,78,5,5
14011,69,83,-14,14
14012,135,98,37,37
14013,86,81,5,5
14014,60,56,4,4
14015,77,82,-5,5
14016,92,91,1,1
14017,85,80,5,5
14018,161,148,13,13
14019,126,109,17,17
14020,63,67,-4,4
14021,93,101,-8,8
14022,73,74,-1,1
14023,107,104,3,3
14024,74,79,-5,5
14025,73,68,5,5
14026,108,93,15,15
14027,182,164,18,18
14028,134,119,15,15
14029,67,71,-4,4
14030,91,88,3,3
14031,131,150,-19,19
14032,146,135,11,11
14033,80,79,1,1
14034,139,127,12,12
14035,188,175,13,13
14036,150,135,15,15
14037,74,76,-2,2
14038,115,114,1,1
14039,87,81,6,6
14040,83,71,12,12
14041,71,71,0,0
14042,95,94,1,1
14043,110,101,9,9
14044,91,90,1,1
14045,108,104,4,4
14046,51,55,-4,4
14047,71,76,-5,5
14048,50,60,-10,10
14049,66,72,-6,6
14050,56,70,-14,14
14051,108,107,1,1
14052,114,105,9,9
14053,86,76,10,10
14054,88,88,0,0
14055,66,63,3,3
14056,111,109,2,2
14057,53,63,-10,10
14058,94,90,4,4
14059,74,75,-1,1
14060,129,128,1,1
14061,75,80,-5,5
14062,198,172,26,26
14063,76,75,1,1
14064,94,93,1,1
14065,70,70,0,0
14066,172,149,23,23
14067,61,65,-4,4
14068,80,79,1,1
14069,102,95,7,7
14070,114,112,2,2
14071,70,74,-4,4
14072,75,84,-9,9
14073,112,103,9,9
14074,44,54,-10,10
14075,145,161,-16,16
14076,68,92,-24,24
14077,148,138,10,10
14078,56,62,-6,6
14079,81,82,-1,1
14080,73,75,-2,2
14081,122,121,1,1
14082,75,83,-8,8
14083,121,123,-2,2
14084,139,136,3,3
14085,63,65,-2,2
14086,125,120,5,5
14087,85,84,1,1
14088,112,115,-3,3
14089,114,106,8,8
14090,134,123,11,11
14091,98,105,-7,7
14092,75,84,-9,9
14093,135,114,21,21
14094,96,98,-2,2
14095,102,98,4,4
14096,150,147,3,3
14097,186,162,24,24
14098,63,63,0,0
14099,116,104,12,12
14100,83,73,10,10
14101,110,94,16,16
14102,104,98,6,6
14103,71,72,-1,1
14104,111,119,-8,8
14105,106,111,-5,5
14106,147,147,0,0
14107,67,71,-4,4
14108,212,189,23,23
14109,83,86,-3,3
14110,174,148,26,26
14111,113,122,-9,9
14112,68,80,-12,12
14113,159,160,-1,1
14114,52,64,-12,12
14115,123,122,1,1
14116,112,110,2,2
14117,69,78,-9,9
14118,61,66,-5,5
14119,63,66,-3,3
14120,70,73,-3,3
14121,65,74,-9,9
14122,145,146,-1,1
14123,121,120,1,1
14124,60,60,0,0
14125,187,161,26,26
14126,24,31,-7,7
14127,136,132,4,4
14128,65,77,-12,12
14129,67,69,-2,2
14130,189,172,17,17
14131,83,99,-16,16
14132,76,78,-2,2
14133,91,90,1,1
14134,74,87,-13,13
14135,55,67,-12,12
14136,107,98,9,9
14137,160,143,17,17
14138,149,132,17,17
14139,96,89,7,7
14140,88,86,2,2
14141,118,107,11,11
14142,91,89,2,2
14143,92,95,-3,3
14144,74,75,-1,1
14145,118,118,0,0
14146,81,97,-16,16
14147,95,92,3,3
14148,68,73,-5,5
14149,132,115,17,17
14150,49,51,-2,2
14151,115,115,0,0
14152,148,143,5,5
14153,109,120,-11,11
14154,104,95,9,9
14155,159,155,4,4
14156,83,75,8,8
14157,47,50,-3,3
14158,92,88,4,4
14159,101,104,-3,3
14160,57,61,-4,4
14161,40,52,-12,12
14162,153,143,10,10
14163,163,134,29,29
14164,66,70,-4,4
14165,90,86,4,4
14166,55,56,-1,1
14167,52,65,-13,13
14168,96,95,1,1
14169,115,111,4,4
14170,47,54,-7,7
14171,77,90,-13,13
14172,76,81,-5,5
14173,115,114,1,1
14174,93,96,-3,3
14175,120,93,27,27
14176,83,88,-5,5
14177,119,111,8,8
14178,40,55,-15,15
14179,47,57,-10,10
14180,55,59,-4,4
14181,96,94,2,2
14182,88,92,-4,4
14183,74,87,-13,13
14184,80,87,-7,7
14185,68,68,0,0
14186,144,137,7,7
14187,101,97,4,4
14188,116,111,5,5
14189,63,65,-2,2
14190,51,56,-5,5
14191,123,120,3,3
14192,145,136,9,9
14193,107,96,11,11
14194,109,108,1,1
14195,115,114,1,1
14196,59,62,-3,3
14197,63,73,-10,10
14198,190,173,17,17
14199,69,69,0,0
14200,77,78,-1,1
14201,78,87,-9,9
14202,85,93,-8,8
14203,112,92,20,20
14204,82,83,-1,1
14205,150,144,6,6
14206,72,77,-5,5
14207,105,106,-1,1
14208,80,79,1,1
14209,39,47,-8,8
14210,102,107,-5,5
14211,68,77,-9,9
14212,95,90,5,5
14213,24,33,-9,9
14214,50,57,-7,7
14215,66,62,4,4
14216,69,77,-8,8
14217,120,112,8,8
14218,140,118,22,22
14219,69,75,-6,6
14220,187,146,41,41
14221,107,102,5,5
14222,67,69,-2,2
14223,126,126,0,0
14224,112,118,-6,6
14225,93,103,-10,10
14226,89,94,-5,5
14227,93,99,-6,6
14228,48,49,-1,1
14229,153,146,7,7
14230,67,68,-1,1
14231,48,55,-7,7
14232,58,70,-12,12
14233,179,157,22,22
14234,91,91,0,0
14235,123,121,2,2
14236,70,76,-6,6
14237,32,43,-11,11
14238,96,83,13,13
14239,53,59,-6,6
14240,99,102,-3,3
14241,133,115,18,18
14242,77,86,-9,9
14243,47,68,-21,21
14244,55,60,-5,5
14245,85,79,6,6
14246,135,126,9,9
14247,103,94,9,9
14248,62,75,-13,13
14249,73,74,-1,1
14250,117,125,-8,8
14251,112,106,6,6
14252,34,40,-6,6
14253,46,54,-8,8
14254,68,69,-1,1
14255,42,45,-3,3
14256,88,99,-11,11
14257,88,87,1,1
14258,78,81,-3,3
14259,74,81,-7,7
14260,145,132,13,13
14261,144,136,8,8
14262,146,146,0,0
14263,50,58,-8,8
14264,134,115,19,19
14265,81,77,4,4
14266,81,76,5,5
14267,64,68,-4,4
14268,134,126,8,8
14269,177,166,11,11
14270,115,105,10,10
14271,105,103,2,2
14272,142,133,9,9
14273,104,100,4,4
14274,74,83,-9,9
14275,177,155,22,22
14276,47,54,-7,7
14277,127,129,-2,2
14278,186,162,24,24
14279,81,94,-13,13
14280,78,78,0,0
14281,155,136,19,19
14282,170,128,42,42
14283,97,93,4,4
14284,94,90,4,4
14285,77,81,-4,4
14286,83,82,1,1
14287,109,108,1,1
14288,92,94,-2,2
14289,93,93,0,0
14290,63,87,-24,24
14291,85,87,-2,2
14292,92,97,-5,5
14293,68,60,8,8
14294,111,114,-3,3
14295,181,162,19,19
14296,57,60,-3,3
14297,93,98,-5,5
14298,68,79,-11,11
14299,95,99,-4,4
14300,123,106,17,17
14301,58,65,-7,7
14302,159,140,19,19
14303,97,85,12,12
14304,82,83,-1,1
14305,70,69,1,1
14306,87,76,11,11
14307,63,69,-6,6
14308,138,128,10,10
14309,124,120,4,4
14310,90,88,2,2
14311,72,70,2,2
14312,82,89,-7,7
14313,102,112,-10,10
14314,149,125,24,24
14315,127,113,14,14
14316,127,102,25,25
14317,80,79,1,1
14318,79,70,9,9
14319,126,125,1,1
14320,160,149,11,11
14321,88,89,-1,1
14322,57,51,6,6
14323,117,113,4,4
14324,88,83,5,5
14325,117,114,3,3
14326,108,104,4,4
14327,122,128,-6,6
14328,126,111,15,15
14329,137,132,5,5
14330,119,101,18,18
14331,94,93,1,1
14332,89,73,16,16
14333,65,65,0,0
14334,80,78,2,2
14335,73,79,-6,6
14336,137,117,20,20
14337,112,107,5,5
14338,93,92,1,1
14339,121,100,21,21
14340,94,95,-1,1
14341,74,78,-4,4
14342,126,120,6,6
14343,102,93,9,9
14344,61,62,-1,1
14345,107,108,-1,1
14346,187,164,23,23
14347,129,119,10,10
14348,96,98,-2,2
14349,85,78,7,7
14350,89,90,-1,1
14351,65,61,4,4
14352,67,76,-9,9
14353,95,89,6,6
14354,90,84,6,6
14355,70,85,-15,15
14356,51,63,-12,12
14357,67,76,-9,9
14358,105,92,13,13
14359,72,89,-17,17
14360,73,69,4,4
14361,90,91,-1,1
14362,60,59,1,1
14363,125,117,8,8
14364,128,119,9,9
14365,114,108,6,6
14366,80,71,9,9
14367,130,112,18,18
14368,170,175,-5,5
14369,163,162,1,1
14370,121,105,16,16
14371,65,71,-6,6
14372,110,107,3,3
14373,86,86,0,0
14374,136,130,6,6
14375,95,94,1,1
14376,82,80,2,2
14377,117,108,9,9
14378,122,118,4,4
14379,61,63,-2,2
14380,49,55,-6,6
14381,188,162,26,26
14382,61,68,-7,7
14383,164,155,9,9
14384,64,71,-7,7
14385,100,93,7,7
14386,75,75,0,0
14387,90,86,4,4
14388,83,78,5,5
14389,74,83,-9,9
14390,88,87,1,1
14391,110,97,13,13
14392,104,99,5,5
14393,61,71,-10,10
14394,80,86,-6,6
14395,121,108,13,13
14396,72,74,-2,2
14397,80,80,0,0
14398,38,43,-5,5
14399,136,114,22,22
14400,85,90,-5,5
14401,86,86,0,0
14402,129,121,8,8
14403,58,64,-6,6
14404,73,80,-7,7
14405,135,132,3,3
14406,106,113,-7,7
14407,53,60,-7,7
14408,54,65,-11,11
14409,62,77,-15,15
14410,91,95,-4,4
14411,61,64,-3,3
14412,56,68,-12,12
14413,53,60,-7,7
14414,67,68,-1,1
14415,81,87,-6,6
14416,77,84,-7,7
14417,92,93,-1,1
14418,181,162,19,19
14419,68,74,-6,6
14420,73,77,-4,4
14421,102,95,7,7
14422,85,85,0,0
14423,78,80,-2,2
14424,85,79,6,6
14425,86,93,-7,7
14426,61,66,-5,5
14427,60,65,-5,5
14428,70,82,-12,12
14429,63,70,-7,7
14430,141,146,-5,5
14431,82,78,4,4
14432,125,111,14,14
14433,25,28,-3,3
14434,124,111,13,13
14435,42,49,-7,7
14436,123,125,-2,2
14437,50,62,-12,12
14438,94,99,-5,5
14439,175,159,16,16
14440,119,117,2,2
14441,97,98,-1,1
14442,112,106,6,6
14443,105,102,3,3
14444,85,83,2,2
14445,117,118,-1,1
14446,140,130,10,10
14447,117,103,14,14
14448,45,50,-5,5
14449,73,78,-5,5
14450,71,83,-12,12
14451,41,48,-7,7
14452,134,120,14,14
14453,102,101,1,1
14454,69,74,-5,5
14455,98,100,-2,2
14456,113,103,10,10
14457,90,93,-3,3
14458,67,71,-4,4
14459,83,88,-5,5
14460,64,69,-5,5
14461,192,159,33,33
14462,93,81,12,12
14463,111,109,2,2
14464,122,124,-2,2
14465,89,99,-10,10
14466,77,96,-19,19
14467,66,70,-4,4
14468,57,64,-7,7
14469,84,88,-4,4
14470,90,95,-5,5
14471,103,101,2,2
14472,144,140,4,4
14473,120,104,16,16
14474,105,98,7,7
14475,121,116,5,5
14476,51,97,-46,46
14477,91,84,7,7
14478,73,82,-9,9
14479,60,65,-5,5
14480,50,54,-4,4
14481,94,101,-7,7
14482,107,96,11,11
14483,62,61,1,1
14484,77,78,-1,1
14485,109,101,8,8
14486,113,105,8,8
14487,95,97,-2,2
14488,153,154,-1,1
14489,146,125,21,21
14490,75,78,-3,3
14491,97,99,-2,2
14492,96,97,-1,1
14493,112,127,-15,15
14494,93,101,-8,8
14495,88,90,-2,2
14496,143,123,20,20
14497,131,127,4,4
14498,92,93,-1,1
14499,77,75,2,2
14500,94,90,4,4
14501,60,73,-13,13
14502,70,73,-3,3
14503,73,74,-1,1
14504,115,106,9,9
14505,111,109,2,2
14506,41,46,-5,5
14507,49,55,-6,6
14508,141,133,8,8
14509,85,79,6,6
14510,89,88,1,1
14511,84,76,8,8
14512,102,99,3,3
14513,100,102,-2,2
14514,72,74,-2,2
14515,99,94,5,5
14516,68,68,0,0
14517,63,63,0,0
14518,156,155,1,1
14519,113,105,8,8
14520,109,99,10,10
14521,141,130,11,11
14522,173,160,13,13
14523,95,102,-7,7
14524,89,95,-6,6
14525,103,98,5,5
14526,71,74,-3,3
14527,81,81,0,0
14528,93,94,-1,1
14529,138,145,-7,7
14530,94,82,12,12
14531,168,147,21,21
14532,56,64,-8,8
14533,70,67,3,3
14534,143,116,27,27
14535,115,111,4,4
14536,78,74,4,4
14537,71,71,0,0
14538,61,64,-3,3
14539,174,160,14,14
14540,136,133,3,3
14541,137,139,-2,2
14542,64,62,2,2
14543,98,94,4,4
14544,61,68,-7,7
14545,79,78,1,1
14546,58,62,-4,4
14547,88,88,0,0
14548,83,83,0,0
14549,58,67,-9,9
14550,113,100,13,13
14551,65,64,1,1
14552,98,98,0,0
14553,98,91,7,7
14554,119,104,15,15
14555,81,85,-4,4
14556,107,107,0,0
14557,69,68,1,1
14558,102,102,0,0
14559,64,70,-6,6
14560,92,98,-6,6
14561,91,80,11,11
14562,76,70,6,6
14563,120,113,7,7
14564,131,122,9,9
14565,73,68,5,5
14566,113,90,23,23
14567,46,59,-13,13
14568,31,29,2,2
14569,86,99,-13,13
14570,124,127,-3,3
14571,69,69,0,0
14572,103,97,6,6
14573,78,86,-8,8
14574,85,80,5,5
14575,43,45,-2,2
14576,102,101,1,1
14577,64,73,-9,9
14578,112,116,-4,4
14579,104,100,4,4
14580,116,113,3,3
14581,72,74,-2,2
14582,86,94,-8,8
14583,45,52,-7,7
14584,90,96,-6,6
14585,204,176,28,28
14586,38,50,-12,12
14587,95,79,16,16
14588,102,106,-4,4
14589,193,178,15,15
14590,130,116,14,14
14591,47,54,-7,7
14592,132,130,2,2
14593,176,143,33,33
14594,67,73,-6,6
14595,100,104,-4,4
14596,73,68,5,5
14597,44,54,-10,10
14598,65,73,-8,8
14599,34,46,-12,12
14600,56,68,-12,12
14601,87,87,0,0
14602,87,103,-16,16
14603,44,58,-14,14
14604,115,104,11,11
14605,82,80,2,2
14606,134,138,-4,4
14607,161,147,14,14
14608,61,61,0,0
14609,150,140,10,10
14610,106,100,6,6
14611,68,69,-1,1
14612,106,96,10,10
14613,96,93,3,3
14614,142,143,-1,1
14615,74,69,5,5
14616,47,55,-8,8
14617,130,128,2,2
14618,121,119,2,2
14619,104,101,3,3
14620,79,79,0,0
14621,85,79,6,6
14622,92,90,2,2
14623,52,94,-42,42
14624,144,153,-9,9
14625,92,84,8,8
14626,58,57,1,1
14627,116,120,-4,4
14628,71,80,-9,9
14629,65,64,1,1
14630,86,77,9,9
14631,51,62,-11,11
14632,51,60,-9,9
14633,169,157,12,12
14634,117,123,-6,6
14635,94,94,0,0
14636,77,76,1,1
14637,61,66,-5,5
14638,64,66,-2,2
14639,38,52,-14,14
14640,54,57,-3,3
14641,70,73,-3,3
14642,77,82,-5,5
14643,127,113,14,14
14644,58,64,-6,6
14645,84,85,-1,1
14646,89,93,-4,4
14647,52,55,-3,3
14648,73,75,-2,2
14649,64,74,-10,10
14650,53,65,-12,12
14651,112,103,9,9
14652,92,94,-2,2
14653,90,84,6,6
14654,72,74,-2,2
14655,99,101,-2,2
14656,84,78,6,6
14657,90,93,-3,3
14658,135,133,2,2
14659,91,86,5,5
14660,81,89,-8,8
14661,119,107,12,12
14662,70,74,-4,4
14663,62,66,-4,4
14664,80,83,-3,3
14665,69,69,0,0
14666,107,113,-6,6
14667,145,130,15,15
14668,137,124,13,13
14669,94,95,-1,1
14670,158,137,21,21
14671,174,173,1,1
14672,100,102,-2,2
14673,141,124,17,17
14674,131,123,8,8
14675,168,154,14,14
14676,98,94,4,4
14677,116,119,-3,3
14678,101,96,5,5
14679,89,102,-13,13
14680,119,112,7,7
14681,139,133,6,6
14682,25,29,-4,4
14683,106,104,2,2
14684,161,153,8,8
14685,123,115,8,8
14686,87,85,2,2
14687,58,65,-7,7
14688,62,69,-7,7
14689,89,85,4,4
14690,81,80,1,1
14691,70,66,4,4
14692,78,77,1,1
14693,163,153,10,10
14694,46,71,-25,25
14695,57,61,-4,4
14696,108,103,5,5
14697,148,107,41,41
14698,74,77,-3,3
14699,54,63,-9,9
14700,64,76,-12,12
14701,162,141,21,21
14702,124,110,14,14
14703,75,79,-4,4
14704,76,76,0,0
14705,81,90,-9,9
14706,56,66,-10,10
14707,90,86,4,4
14708,70,77,-7,7
14709,66,82,-16,16
14710,75,77,-2,2
14711,95,109,-14,14
14712,123,122,1,1
14713,125,113,12,12
14714,44,51,-7,7
14715,141,135,6,6
14716,53,61,-8,8
14717,97,96,1,1
14718,100,101,-1,1
14719,78,96,-18,18
14720,199,176,23,23
14721,124,112,12,12
14722,56,72,-16,16
14723,62,61,1,1
14724,109,102,7,7
14725,149,129,20,20
14726,101,102,-1,1
14727,129,115,14,14
14728,138,114,24,24
14729,118,116,2,2
14730,151,145,6,6
14731,58,58,0,0
14732,148,143,5,5
14733,89,92,-3,3
14734,93,95,-2,2
14735,111,99,12,12
14736,131,124,7,7
14737,106,106,0,0
14738,123,115,8,8
14739,119,137,-18,18
14740,106,105,1,1
14741,121,112,9,9
14742,74,68,6,6
14743,94,96,-2,2
14744,83,77,6,6
14745,159,147,12,12
14746,126,113,13,13
14747,71,73,-2,2
14748,52,54,-2,2
14749,139,136,3,3
14750,98,92,6,6
14751,94,91,3,3
14752,58,59,-1,1
14753,126,124,2,2
14754,65,68,-3,3
14755,98,87,11,11
14756,170,156,14,14
14757,71,80,-9,9
14758,63,75,-12,12
14759,74,79,-5,5
14760,119,108,11,11
14761,73,86,-13,13
14762,88,87,1,1
14763,96,98,-2,2
14764,125,123,2,2
14765,119,114,5,5
14766,88,87,1,1
14767,98,92,6,6
14768,103,114,-11,11
14769,95,90,5,5
14770,80,83,-3,3
14771,88,87,1,1
14772,50,58,-8,8
14773,81,78,3,3
14774,72,68,4,4
14775,56,52,4,4
14776,54,60,-6,6
14777,70,78,-8,8
14778,92,87,5,5
14779,79,80,-1,1
14780,64,69,-5,5
14781,121,111,10,10
14782,55,59,-4,4
14783,110,104,6,6
14784,142,133,9,9
14785,160,151,9,9
14786,61,64,-3,3
14787,59,63,-4,4
14788,102,102,0,0
14789,95,91,4,4
14790,62,69,-7,7
14791,142,134,8,8
14792,91,81,10,10
14793,114,106,8,8
14794,54,56,-2,2
14795,93,98,-5,5
14796,96,92,4,4
14797,75,74,1,1
14798,95,92,3,3
14799,59,65,-6,6
14800,87,76,11,11
14801,121,104,17,17
14802,85,90,-5,5
14803,74,77,-3,3
14804,94,94,0,0
14805,117,119,-2,2
14806,136,130,6,6
14807,51,56,-5,5
14808,143,131,12,12
14809,110,107,3,3
14810,112,104,8,8
14811,59,60,-1,1
14812,69,67,2,2
14813,92,90,2,2
14814,92,96,-4,4
14815,125,113,12,12
14816,93,86,7,7
14817,94,87,7,7
14818,183,159,24,24
14819,158,156,2,2
14820,126,119,7,7
14821,201,170,31,31
14822,96,86,10,10
14823,69,86,-17,17
14824,112,118,-6,6
14825,60,69,-9,9
14826,81,77,4,4
14827,229,202,27,27
14828,81,77,4,4
14829,49,60,-11,11
14830,98,90,8,8
14831,104,96,8,8
14832,117,107,10,10
14833,91,93,-2,2
14834,96,87,9,9
14835,82,80,2,2
14836,193,160,33,33
14837,75,80,-5,5
14838,101,100,1,1
14839,128,110,18,18
14840,103,100,3,3
14841,84,80,4,4
14842,162,144,18,18
14843,117,111,6,6
14844,104,120,-16,16
14845,85,85,0,0
14846,90,89,1,1
14847,67,71,-4,4
14848,91,80,11,11
14849,152,145,7,7
14850,60,61,-1,1
14851,107,102,5,5
14852,114,127,-13,13
14853,95,95,0,0
14854,85,89,-4,4
14855,72,101,-29,29
14856,66,85,-19,19
14857,81,86,-5,5
14858,112,104,8,8
14859,39,47,-8,8
14860,125,133,-8,8
14861,67,69,-2,2
14862,103,95,8,8
14863,44,62,-18,18
14864,52,56,-4,4
14865,58,63,-5,5
14866,105,105,0,0
14867,55,69,-14,14
14868,107,125,-18,18
14869,102,110,-8,8
14870,61,79,-18,18
14871,129,125,4,4
14872,72,72,0,0
14873,144,138,6,6
14874,67,73,-6,6
14875,131,116,15,15
14876,59,65,-6,6
14877,142,131,11,11
14878,80,83,-3,3
14879,95,89,6,6
14880,62,70,-8,8
14881,99,100,-1,1
14882,69,79,-10,10
14883,36,46,-10,10
14884,53,61,-8,8
14885,174,150,24,24
14886,120,113,7,7
14887,60,71,-11,11
14888,44,47,-3,3
14889,104,106,-2,2
14890,70,68,2,2
14891,80,79,1,1
14892,72,70,2,2
14893,114,123,-9,9
14894,110,106,4,4
14895,69,65,4,4
14896,108,101,7,7
14897,136,128,8,8
14898,62,68,-6,6
14899,170,163,7,7
14900,109,100,9,9
14901,85,86,-1,1
14902,93,83,10,10
14903,117,110,7,7
14904,102,84,18,18
14905,123,114,9,9
14906,91,102,-11,11
14907,65,69,-4,4
14908,52,57,-5,5
14909,139,120,19,19
14910,88,90,-2,2
14911,67,82,-15,15
14912,143,136,7,7
14913,153,152,1,1
14914,65,69,-4,4
14915,84,87,-3,3
14916,101,108,-7,7
14917,90,111,-21,21
14918,75,76,-1,1
14919,95,93,2,2
14920,197,165,32,32
14921,60,63,-3,3
14922,152,144,8,8
14923,69,68,1,1
14924,79,82,-3,3
14925,63,74,-11,11
14926,114,107,7,7
14927,94,88,6,6
14928,107,100,7,7
14929,94,94,0,0
14930,68,70,-2,2
14931,95,92,3,3
14932,123,110,13,13
14933,81,80,1,1
14934,141,121,20,20
14935,78,81,-3,3
14936,100,105,-5,5
14937,120,113,7,7
14938,36,45,-9,9
14939,81,86,-5,5
14940,118,97,21,21
14941,122,120,2,2
14942,80,75,5,5
14943,130,115,15,15
14944,44,49,-5,5
14945,170,162,8,8
14946,74,92,-18,18
14947,66,73,-7,7
14948,192,174,18,18
14949,84,87,-3,3
14950,116,134,-18,18
14951,81,80,1,1
14952,43,48,-5,5
14953,69,73,-4,4
14954,63,64,-1,1
14955,94,90,4,4
14956,84,82,2,2
14957,56,58,-2,2
14958,106,110,-4,4
14959,152,123,29,29
14960,92,90,2,2
14961,68,70,-2,2
14962,87,90,-3,3
14963,88,98,-10,10
14964,78,80,-2,2
14965,64,75,-11,11
14966,147,138,9,9
14967,57,60,-3,3
14968,81,91,-10,10
14969,59,66,-7,7
14970,70,71,-1,1
14971,87,94,-7,7
14972,90,81,9,9
14973,87,76,11,11
14974,49,53,-4,4
14975,160,134,26,26
14976,131,113,18,18
14977,83,85,-2,2
14978,44,53,-9,9
14979,44,57,-13,13
14980,52,64,-12,12
14981,102,106,-4,4
14982,69,74,-5,5
14983,99,92,7,7
14984,81,89,-8,8
14985,91,98,-7,7
14986,87,86,1,1
14987,57,59,-2,2
14988,82,89,-7,7
14989,56,61,-5,5
14990,76,76,0,0
14991,79,82,-3,3
14992,78,74,4,4
14993,121,106,15,15
14994,119,99,20,20
14995,68,76,-8,8
14996,146,135,11,11
14997,106,90,16,16
14998,132,115,17,17
14999,47,56,-9,9
15000,70,70,0,0
15001,114,97,17,17
15002,71,70,1,1
15003,85,97,-12,12
15004,132,122,10,10
15005,33,35,-2,2
15006,16,27,-11,11
15007,68,72,-4,4
15008,62,67,-5,5
15009,84,90,-6,6
15010,50,58,-8,8
15011,91,93,-2,2
15012,116,110,6,6
15013,97,92,5,5
15014,126,125,1,1
15015,102,104,-2,2
15016,111,96,15,15
15017,113,105,8,8
15018,149,134,15,15
15019,87,82,5,5
15020,120,105,15,15
15021,124,120,4,4
15022,145,125,20,20
15023,78,78,0,0
15024,158,151,7,7
15025,47,59,-12,12
15026,228,183,45,45
15027,86,93,-7,7
15028,97,94,3,3
15029,105,99,6,6
15030,59,68,-9,9
15031,134,107,27,27
15032,122,123,-1,1
15033,116,126,-10,10
15034,72,81,-9,9
15035,95,103,-8,8
15036,48,53,-5,5
15037,71,70,1,1
15038,164,157,7,7
15039,80,80,0,0
15040,96,87,9,9
15041,133,117,16,16
15042,121,120,1,1
15043,122,120,2,2
15044,99,91,8,8
15045,96,88,8,8
15046,41,53,-12,12
15047,157,128,29,29
15048,104,85,19,19
15049,65,75,-10,10
15050,103,107,-4,4
15051,118,110,8,8
15052,99,95,4,4
15053,126,110,16,16
15054,106,101,5,5
15055,55,52,3,3
15056,75,75,0,0
15057,69,76,-7,7
15058,107,104,3,3
15059,122,113,9,9
15060,63,70,-7,7
15061,107,101,6,6
15062,96,109,-13,13
15063,62,75,-13,13
15064,72,74,-2,2
15065,152,137,15,15
15066,65,70,-5,5
15067,78,76,2,2
15068,115,112,3,3
15069,113,101,12,12
15070,113,96,17,17
15071,105,99,6,6
15072,116,113,3,3
15073,158,149,9,9
15074,57,65,-8,8
15075,141,139,2,2
15076,82,80,2,2
15077,106,104,2,2
15078,96,89,7,7
15079,104,99,5,5
15080,98,90,8,8
15081,83,95,-12,12
15082,138,128,10,10
15083,148,140,8,8
15084,71,72,-1,1
15085,90,96,-6,6
15086,134,118,16,16
15087,129,131,-2,2
15088,127,123,4,4
15089,77,78,-1,1
15090,69,78,-9,9
15091,102,100,2,2
15092,69,74,-5,5
15093,65,68,-3,3
15094,102,109,-7,7
15095,56,73,-17,17
15096,123,111,12,12
15097,73,70,3,3
15098,61,73,-12,12
15099,102,113,-11,11
15100,98,96,2,2
15101,80,77,3,3
15102,85,89,-4,4
15103,61,65,-4,4
15104,127,123,4,4
15105,68,69,-1,1
15106,127,130,-3,3
15107,71,74,-3,3
15108,71,60,11,11
15109,149,136,13,13
15110,91,85,6,6
15111,98,102,-4,4
15112,51,59,-8,8
15113,90,85,5,5
15114,105,113,-8,8
15115,84,85,-1,1
15116,98,92,6,6
15117,188,187,1,1
15118,57,59,-2,2
15119,135,108,27,27
15120,107,100,7,7
15121,166,152,14,14
15122,102,95,7,7
15123,162,150,12,12
15124,74,71,3,3
15125,81,82,-1,1
15126,58,62,-4,4
15127,93,80,13,13
15128,67,65,2,2
15129,136,142,-6,6
15130,122,119,3,3
15131,114,115,-1,1
15132,66,66,0,0
15133,121,108,13,13
15134,82,87,-5,5
15135,110,100,10,10
15136,63,70,-7,7
15137,108,102,6,6
15138,77,75,2,2
15139,86,82,4,4
15140,74,72,2,2
15141,101,101,0,0
15142,114,117,-3,3
15143,105,98,7,7
15144,106,103,3,3
15145,83,80,3,3
15146,169,160,9,9
15147,71,73,-2,2
15148,87,93,-6,6
15149,67,72,-5,5
15150,86,106,-20,20
15151,244,212,32,32
15152,96,81,15,15
15153,136,131,5,5
15154,64,68,-4,4
15155,131,139,-8,8
15156,142,144,-2,2
15157,63,76,-13,13
15158,56,64,-8,8
15159,65,66,-1,1
15160,116,105,11,11
15161,57,58,-1,1
15162,109,113,-4,4
15163,114,120,-6,6
15164,68,65,3,3
15165,114,109,5,5
15166,64,84,-20,20
15167,112,113,-1,1
15168,47,60,-13,13
15169,66,66,0,0
15170,81,87,-6,6
15171,127,126,1,1
15172,109,106,3,3
15173,72,70,2,2
15174,94,96,-2,2
15175,46,58,-12,12
15176,113,88,25,25
15177,70,74,-4,4
15178,80,86,-6,6
15179,64,70,-6,6
15180,113,102,11,11
15181,56,66,-10,10
15182,112,102,10,10
15183,50,63,-13,13
15184,101,96,5,5
15185,173,161,12,12
15186,57,57,0,0
15187,104,97,7,7
15188,90,85,5,5
15189,76,76,0,0
15190,94,92,2,2
15191,105,116,-11,11
15192,121,118,3,3
15193,126,133,-7,7
15194,127,108,19,19
15195,116,111,5,5
15196,88,85,3,3
15197,62,74,-12,12
15198,190,177,13,13
15199,91,109,-18,18
15200,68,75,-7,7
15201,102,96,6,6
15202,150,116,34,34
15203,85,88,-3,3
15204,45,53,-8,8
15205,106,107,-1,1
15206,64,63,1,1
15207,152,146,6,6
15208,124,123,1,1
15209,77,82,-5,5
15210,80,87,-7,7
15211,68,63,5,5
15212,131,128,3,3
15213,141,127,14,14
15214,138,118,20,20
15215,139,146,-7,7
15216,54,65,-11,11
15217,81,83,-2,2
15218,131,123,8,8
15219,105,102,3,3
15220,88,78,10,10
15221,97,97,0,0
15222,132,121,11,11
15223,80,85,-5,5
15224,83,84,-1,1
15225,56,65,-9,9
15226,68,79,-11,11
15227,88,85,3,3
15228,101,101,0,0
15229,123,113,10,10
15230,123,127,-4,4
15231,56,76,-20,20
15232,139,138,1,1
15233,102,105,-3,3
15234,53,56,-3,3
15235,145,137,8,8
15236,94,97,-3,3
15237,126,118,8,8
15238,92,83,9,9
15239,82,82,0,0
15240,74,83,-9,9
15241,165,132,33,33
15242,99,102,-3,3
15243,139,145,-6,6
15244,84,75,9,9
15245,85,84,1,1
15246,63,71,-8,8
15247,174,146,28,28
15248,127,107,20,20
15249,93,100,-7,7
15250,106,102,4,4
15251,108,130,-22,22
15252,93,91,2,2
15253,98,82,16,16
15254,91,89,2,2
15255,68,69,-1,1
15256,98,94,4,4
15257,264,244,20,20
15258,105,92,13,13
15259,71,79,-8,8
15260,57,58,-1,1
15261,99,96,3,3
15262,87,81,6,6
15263,109,105,4,4
15264,132,127,5,5
15265,66,76,-10,10
15266,99,100,-1,1
15267,70,65,5,5
15268,111,105,6,6
15269,124,115,9,9
15270,53,65,-12,12
15271,113,101,12,12
15272,69,63,6,6
15273,69,78,-9,9
15274,80,78,2,2
15275,87,87,0,0
15276,117,106,11,11
15277,105,94,11,11
15278,64,60,4,4
15279,41,52,-11,11
15280,60,63,-3,3
15281,93,94,-1,1
15282,74,70,4,4
15283,100,91,9,9
15284,75,73,2,2
15285,117,103,14,14
15286,129,127,2,2
15287,145,137,8,8
15288,102,103,-1,1
15289,147,144,3,3
15290,55,63,-8,8
15291,91,83,8,8
15292,46,61,-15,15
15293,211,168,43,43
15294,125,127,-2,2
15295,76,76,0,0
15296,84,83,1,1
15297,104,102,2,2
15298,62,70,-8,8
15299,77,81,-4,4
15300,100,93,7,7
15301,83,89,-6,6
15302,90,90,0,0
15303,181,160,21,21
15304,132,144,-12,12
15305,88,84,4,4
15306,85,87,-2,2
15307,69,75,-6,6
15308,59,62,-3,3
15309,42,42,0,0
15310,138,126,12,12
15311,75,72,3,3
15312,116,115,1,1
15313,76,89,-13,13
15314,85,85,0,0
15315,60,67,-7,7
15316,101,99,2,2
15317,117,121,-4,4
15318,73,82,-9,9
15319,65,78,-13,13
15320,136,135,1,1
15321,40,51,-11,11
15322,61,64,-3,3
15323,138,133,5,5
15324,55,64,-9,9
15325,87,81,6,6
15326,60,61,-1,1
15327,42,43,-1,1
15328,184,179,5,5
15329,136,136,0,0
15330,46,60,-14,14
15331,157,114,43,43
15332,99,99,0,0
15333,64,63,1,1
15334,95,93,2,2
15335,138,132,6,6
15336,63,70,-7,7
15337,72,70,2,2
15338,52,63,-11,11
15339,90,82,8,8
15340,78,86,-8,8
15341,97,99,-2,2
15342,118,110,8,8
15343,89,91,-2,2
15344,55,64,-9,9
15345,109,102,7,7
15346,64,75,-11,11
15347,103,94,9,9
15348,96,95,1,1
15349,101,97,4,4
15350,130,123,7,7
15351,67,81,-14,14
15352,65,71,-6,6
15353,80,81,-1,1
15354,90,87,3,3
15355,86,82,4,4
15356,62,64,-2,2
15357,162,148,14,14
15358,107,110,-3,3
15359,42,47,-5,5
15360,104,103,1,1
15361,125,119,6,6
15362,93,95,-2,2
15363,163,171,-8,8
15364,42,59,-17,17
15365,127,118,9,9
15366,94,100,-6,6
15367,88,88,0,0
15368,147,141,6,6
15369,155,143,12,12
15370,107,96,11,11
15371,65,68,-3,3
15372,94,106,-12,12
15373,77,82,-5,5
15374,128,127,1,1
15375,70,76,-6,6
15376,51,62,-11,11
15377,101,105,-4,4
15378,108,94,14,14
15379,169,153,16,16
15380,56,63,-7,7
15381,114,101,13,13
15382,129,138,-9,9
15383,98,95,3,3
15384,62,71,-9,9
15385,52,58,-6,6
15386,125,111,14,14
15387,123,110,13,13
15388,107,103,4,4
15389,100,100,0,0
15390,153,162,-9,9
15391,81,87,-6,6
15392,82,88,-6,6
15393,97,97,0,0
15394,28,34,-6,6
15395,123,124,-1,1
15396,66,77,-11,11
15397,91,90,1,1
15398,95,92,3,3
15399,66,74,-8,8
15400,105,106,-1,1
15401,64,66,-2,2
15402,106,99,7,7
15403,136,118,18,18
15404,87,88,-1,1
15405,71,70,1,1
15406,116,115,1,1
15407,88,94,-6,6
15408,53,61,-8,8
15409,126,111,15,15
15410,144,128,16,16
15411,74,79,-5,5
15412,63,68,-5,5
15413,72,74,-2,2
15414,73,69,4,4
15415,76,82,-6,6
15416,88,85,3,3
15417,78,80,-2,2
15418,103,99,4,4
15419,76,70,6,6
15420,41,82,-41,41
15421,231,190,41,41
15422,134,128,6,6
15423,126,103,23,23
15424,138,126,12,12
15425,103,108,-5,5
15426,90,93,-3,3
15427,73,73,0,0
15428,63,76,-13,13
15429,81,87,-6,6
15430,120,100,20,20
15431,92,96,-4,4
15432,100,101,-1,1
15433,51,62,-11,11
15434,116,115,1,1
15435,97,96,1,1
15436,87,75,12,12
15437,138,121,17,17
15438,52,64,-12,12
15439,36,48,-12,12
15440,167,161,6,6
15441,80,91,-11,11
15442,117,112,5,5
15443,91,82,9,9
15444,163,151,12,12
15445,112,121,-9,9
15446,75,82,-7,7
15447,119,111,8,8
15448,61,69,-8,8
15449,71,69,2,2
15450,117,114,3,3
15451,115,126,-11,11
15452,99,103,-4,4
15453,125,120,5,5
15454,100,99,1,1
15455,153,133,20,20
15456,146,146,0,0
15457,157,141,16,16
15458,104,104,0,0
15459,130,117,13,13
15460,137,140,-3,3
15461,105,110,-5,5
15462,101,90,11,11
15463,110,112,-2,2
15464,97,90,7,7
15465,87,84,3,3
15466,107,104,3,3
15467,87,87,0,0
15468,90,81,9,9
15469,90,87,3,3
15470,118,115,3,3
15471,57,68,-11,11
15472,108,111,-3,3
15473,51,59,-8,8
15474,56,82,-26,26
15475,53,70,-17,17
15476,55,64,-9,9
15477,68,78,-10,10
15478,61,69,-8,8
15479,142,136,6,6
15480,83,84,-1,1
15481,56,66,-10,10
15482,60,72,-12,12
15483,59,68,-9,9
15484,119,113,6,6
15485,60,71,-11,11
15486,60,67,-7,7
15487,106,99,7,7
15488,78,81,-3,3
15489,83,80,3,3
15490,63,69,-6,6
15491,147,151,-4,4
15492,182,162,20,20
15493,129,122,7,7
15494,97,100,-3,3
15495,115,109,6,6
15496,105,108,-3,3
15497,102,108,-6,6
15498,127,128,-1,1
15499,157,144,13,13
15500,84,81,3,3
15501,152,135,17,17
15502,74,79,-5,5
15503,79,78,1,1
15504,123,124,-1,1
15505,135,132,3,3
15506,82,85,-3,3
15507,111,110,1,1
15508,62,86,-24,24
15509,59,68,-9,9
15510,77,90,-13,13
15511,63,71,-8,8
15512,81,84,-3,3
15513,56,58,-2,2
15514,69,76,-7,7
15515,65,72,-7,7
15516,82,81,1,1
15517,91,88,3,3
15518,190,155,35,35
15519,185,165,20,20
15520,131,118,13,13
15521,65,67,-2,2
15522,158,142,16,16
15523,144,149,-5,5
15524,73,83,-10,10
15525,80,89,-9,9
15526,152,140,12,12
15527,62,69,-7,7
15528,64,71,-7,7
15529,65,72,-7,7
15530,146,133,13,13
15531,124,116,8,8
15532,108,100,8,8
15533,131,120,11,11
15534,107,108,-1,1
15535,104,102,2,2
15536,78,75,3,3
15537,115,116,-1,1
15538,159,149,10,10
15539,103,104,-1,1
15540,101,103,-2,2
15541,63,64,-1,1
15542,160,153,7,7
15543,61,69,-8,8
15544,60,63,-3,3
15545,130,132,-2,2
15546,96,94,2,2
15547,84,84,0,0
15548,93,89,4,4
15549,110,107,3,3
15550,66,67,-1,1
15551,77,73,4,4
15552,103,102,1,1
15553,78,81,-3,3
15554,147,140,7,7
15555,87,90,-3,3
15556,84,80,4,4
15557,83,78,5,5
15558,69,69,0,0
15559,180,170,10,10
15560,140,133,7,7
15561,57,65,-8,8
15562,120,113,7,7
15563,62,67,-5,5
15564,79,78,1,1
15565,127,124,3,3
15566,64,73,-9,9
15567,81,74,7,7
15568,100,97,3,3
15569,118,116,2,2
15570,85,76,9,9
15571,77,85,-8,8
15572,104,97,7,7
15573,72,72,0,0
15574,101,95,6,6
15575,95,97,-2,2
15576,98,94,4,4
15577,62,64,-2,2
15578,98,91,7,7
15579,113,121,-8,8
15580,62,66,-4,4
15581,52,64,-12,12
15582,112,98,14,14
15583,80,83,-3,3
15584,106,112,-6,6
15585,63,68,-5,5
15586,49,65,-16,16
15587,72,77,-5,5
15588,117,102,15,15
15589,116,107,9,9
15590,94,90,4,4
15591,95,95,0,0
15592,83,92,-9,9
15593,119,115,4,4
15594,106,106,0,0
15595,92,83,9,9
15596,70,78,-8,8
15597,133,125,8,8
15598,64,65,-1,1
15599,169,154,15,15
15600,93,88,5,5
15601,102,103,-1,1
15602,87,82,5,5
15603,71,74,-3,3
15604,62,69,-7,7
15605,59,58,1,1
15606,85,84,1,1
15607,72,75,-3,3
15608,50,57,-7,7
15609,92,90,2,2
15610,127,118,9,9
15611,57,59,-2,2
15612,107,100,7,7
15613,65,64,1,1
15614,82,85,-3,3
15615,81,87,-6,6
15616,98,96,2,2
15617,82,79,3,3
15618,110,127,-17,17
15619,166,155,11,11
15620,107,101,6,6
15621,50,60,-10,10
15622,148,133,15,15
15623,70,73,-3,3
15624,100,92,8,8
15625,108,100,8,8
15626,113,110,3,3
15627,53,66,-13,13
15628,126,121,5,5
15629,72,74,-2,2
15630,197,171,26,26
15631,47,51,-4,4
15632,89,86,3,3
15633,143,125,18,18
15634,119,115,4,4
15635,76,81,-5,5
15636,73,82,-9,9
15637,68,76,-8,8
15638,111,104,7,7
15639,121,105,16,16
15640,92,98,-6,6
15641,113,106,7,7
15642,98,96,2,2
15643,152,153,-1,1
15644,80,82,-2,2
15645,82,81,1,1
15646,128,116,12,12
15647,49,61,-12,12
15648,128,126,2,2
15649,63,66,-3,3
15650,52,59,-7,7
15651,89,87,2,2
15652,68,64,4,4
15653,109,104,5,5
15654,83,83,0,0
15655,97,97,0,0
15656,73,78,-5,5
15657,75,72,3,3
15658,127,118,9,9
15659,52,80,-28,28
15660,69,60,9,9
15661,152,142,10,10
15662,87,87,0,0
15663,130,110,20,20
15664,72,83,-11,11
15665,114,114,0,0
15666,75,81,-6,6
15667,136,120,16,16
15668,77,76,1,1
15669,88,85,3,3
15670,64,74,-10,10
15671,90,81,9,9
15672,174,164,10,10
15673,57,68,-11,11
15674,56,67,-11,11
15675,78,77,1,1
15676,81,79,2,2
15677,67,64,3,3
15678,123,108,15,15
15679,146,139,7,7
15680,123,123,0,0
15681,98,101,-3,3
15682,61,68,-7,7
15683,109,107,2,2
15684,76,82,-6,6
15685,121,118,3,3
15686,81,83,-2,2
15687,38,57,-19,19
15688,70,77,-7,7
15689,83,79,4,4
15690,100,97,3,3
15691,79,88,-9,9
15692,98,105,-7,7
15693,79,75,4,4
15694,196,169,27,27
15695,137,134,3,3
15696,67,72,-5,5
15697,87,89,-2,2
15698,79,80,-1,1
15699,84,88,-4,4
15700,104,113,-9,9
15701,105,110,-5,5
15702,113,102,11,11
15703,54,55,-1,1
15704,77,76,1,1
15705,124,119,5,5
15706,103,98,5,5
15707,175,152,23,23
15708,67,64,3,3
15709,86,86,0,0
15710,65,71,-6,6
15711,74,74,0,0
15712,85,65,20,20
15713,77,78,-1,1
15714,94,93,1,1
15715,163,141,22,22
15716,107,101,6,6
15717,126,121,5,5
15718,97,91,6,6
15719,80,79,1,1
15720,150,151,-1,1
15721,67,75,-8,8
15722,120,101,19,19
15723,86,96,-10,10
15724,80,80,0,0
15725,79,78,1,1
15726,98,94,4,4
15727,100,101,-1,1
15728,105,105,0,0
15729,140,153,-13,13
15730,110,99,11,11
15731,101,92,9,9
15732,50,56,-6,6
15733,132,122,10,10
15734,160,155,5,5
15735,119,101,18,18
15736,94,90,4,4
15737,83,82,1,1
15738,92,90,2,2
15739,76,68,8,8
15740,103,100,3,3
15741,93,96,-3,3
15742,67,73,-6,6
15743,104,113,-9,9
15744,123,118,5,5
15745,90,80,10,10
15746,75,80,-5,5
15747,120,111,9,9
15748,66,64,2,2
15749,106,106,0,0
15750,120,110,10,10
15751,98,85,13,13
15752,105,105,0,0
15753,97,97,0,0
15754,101,93,8,8
15755,80,82,-2,2
15756,87,84,3,3
15757,68,67,1,1
15758,160,145,15,15
15759,77,81,-4,4
15760,65,71,-6,6
15761,90,93,-3,3
15762,34,35,-1,1
15763,90,97,-7,7
15764,83,76,7,7
15765,47,52,-5,5
15766,47,70,-23,23
15767,106,111,-5,5
15768,63,69,-6,6
15769,96,97,-1,1
15770,108,114,-6,6
15771,85,84,1,1
15772,157,141,16,16
15773,90,78,12,12
15774,116,116,0,0
15775,132,125,7,7
15776,123,118,5,5
15777,118,113,5,5
15778,45,60,-15,15
15779,60,64,-4,4
15780,179,155,24,24
15781,111,107,4,4
15782,118,119,-1,1
15783,87,94,-7,7
15784,51,62,-11,11
15785,37,49,-12,12
15786,91,89,2,2
15787,69,74,-5,5
15788,130,112,18,18
15789,102,106,-4,4
15790,93,100,-7,7
15791,129,123,6,6
15792,54,57,-3,3
15793,70,72,-2,2
15794,125,109,16,16
15795,59,66,-7,7
15796,46,45,1,1
15797,64,71,-7,7
15798,113,98,15,15
15799,110,94,16,16
15800,46,56,-10,10
15801,134,137,-3,3
15802,71,84,-13,13
15803,143,142,1,1
15804,63,68,-5,5
15805,120,119,1,1
15806,86,78,8,8
15807,74,81,-7,7
15808,118,119,-1,1
15809,61,68,-7,7
15810,65,67,-2,2
15811,136,119,17,17
15812,85,90,-5,5
15813,105,90,15,15
15814,146,137,9,9
15815,98,103,-5,5
15816,30,48,-18,18
15817,76,78,-2,2
15818,148,135,13,13
15819,126,113,13,13
15820,121,112,9,9
15821,173,121,52,52
15822,68,83,-15,15
15823,100,101,-1,1
15824,109,109,0,0
15825,73,81,-8,8
15826,97,96,1,1
15827,92,86,6,6
15828,97,91,6,6
15829,88,98,-10,10
15830,159,143,16,16
15831,104,99,5,5
15832,65,69,-4,4
15833,84,80,4,4
15834,82,83,-1,1
15835,100,107,-7,7
15836,105,102,3,3
15837,70,80,-10,10
15838,77,73,4,4
15839,111,108,3,3
15840,96,87,9,9
15841,98,104,-6,6
15842,89,89,0,0
15843,62,70,-8,8
15844,144,125,19,19
15845,134,124,10,10
15846,96,95,1,1
15847,64,76,-12,12
15848,74,75,-1,1
15849,113,103,10,10
15850,125,125,0,0
15851,122,112,10,10
15852,66,77,-11,11
15853,46,55,-9,9
15854,115,113,2,2
15855,59,62,-3,3
15856,76,75,1,1
15857,97,95,2,2
15858,125,121,4,4
15859,138,104,34,34
15860,24,30,-6,6
15861,34,42,-8,8
15862,77,78,-1,1
15863,112,119,-7,7
15864,123,117,6,6
15865,88,87,1,1
15866,130,119,11,11
15867,108,103,5,5
15868,52,56,-4,4
15869,112,114,-2,2
15870,41,45,-4,4
15871,68,78,-10,10
15872,111,107,4,4
15873,97,102,-5,5
15874,73,77,-4,4
15875,75,74,1,1
15876,79,93,-14,14
15877,62,73,-11,11
15878,75,92,-17,17
15879,128,119,9,9
15880,113,113,0,0
15881,49,53,-4,4
15882,65,64,1,1
15883,64,68,-4,4
15884,97,102,-5,5
15885,117,102,15,15
15886,62,65,-3,3
15887,75,93,-18,18
15888,80,85,-5,5
15889,63,71,-8,8
15890,50,63,-13,13
15891,112,108,4,4
15892,129,124,5,5
15893,78,77,1,1
15894,102,99,3,3
15895,101,91,10,10
15896,67,72,-5,5
15897,49,57,-8,8
15898,184,161,23,23
15899,81,80,1,1
15900,70,71,-1,1
15901,95,87,8,8
15902,111,102,9,9
15903,141,129,12,12
15904,105,104,1,1
15905,54,54,0,0
15906,78,78,0,0
15907,155,138,17,17
15908,134,125,9,9
15909,88,80,8,8
15910,66,77,-11,11
15911,64,72,-8,8
15912,60,74,-14,14
15913,94,90,4,4
15914,103,93,10,10
15915,146,137,9,9
15916,74,84,-10,10
15917,73,71,2,2
15918,62,69,-7,7
15919,103,101,2,2
15920,126,116,10,10
15921,96,88,8,8
15922,160,145,15,15
15923,118,111,7,7
15924,128,113,15,15
15925,191,174,17,17
15926,123,112,11,11
15927,107,101,6,6
15928,55,58,-3,3
15929,47,45,2,2
15930,55,57,-2,2
15931,58,64,-6,6
15932,107,104,3,3
15933,76,76,0,0
15934,96,84,12,12
15935,57,61,-4,4
15936,110,113,-3,3
15937,79,76,3,3
15938,65,72,-7,7
15939,123,110,13,13
15940,61,56,5,5
15941,65,75,-10,10
15942,113,104,9,9
15943,49,51,-2,2
15944,82,92,-10,10
15945,98,98,0,0
15946,75,79,-4,4
15947,112,117,-5,5
15948,113,101,12,12
15949,94,93,1,1
15950,58,54,4,4
15951,64,67,-3,3
15952,105,109,-4,4
15953,101,99,2,2
15954,68,74,-6,6
15955,101,93,8,8
15956,52,56,-4,4
15957,70,72,-2,2
15958,97,128,-31,31
15959,117,105,12,12
15960,68,72,-4,4
15961,127,107,20,20
15962,69,78,-9,9
15963,90,97,-7,7
15964,40,50,-10,10
15965,114,104,10,10
15966,98,96,2,2
15967,66,71,-5,5
15968,67,81,-14,14
15969,190,177,13,13
15970,104,99,5,5
15971,74,85,-11,11
15972,69,61,8,8
15973,86,93,-7,7
15974,102,93,9,9
15975,122,112,10,10
15976,142,126,16,16
15977,103,90,13,13
15978,164,148,16,16
15979,110,121,-11,11
15980,64,68,-4,4
15981,74,73,1,1
15982,61,63,-2,2
15983,63,71,-8,8
15984,100,87,13,13
15985,107,105,2,2
15986,102,98,4,4
15987,31,47,-16,16
15988,147,133,14,14
15989,60,66,-6,6
15990,86,83,3,3
15991,114,121,-7,7
15992,103,113,-10,10
15993,75,78,-3,3
15994,95,102,-7,7
15995,87,79,8,8
15996,99,86,13,13
15997,114,111,3,3
15998,76,84,-8,8
15999,120,120,0,0
16000,90,82,8,8
16001,64,64,0,0
16002,113,109,4,4
16003,66,67,-1,1
16004,123,106,17,17
16005,132,116,16,16
16006,124,107,17,17
16007,56,62,-6,6
16008,125,133,-8,8
16009,101,101,0,0
16010,89,85,4,4
16011,57,70,-13,13
16012,98,89,9,9
16013,101,99,2,2
16014,82,87,-5,5
16015,128,133,-5,5
16016,56,63,-7,7
16017,162,154,8,8
16018,84,91,-7,7
16019,79,76,3,3
16020,53,61,-8,8
16021,55,64,-9,9
16022,62,63,-1,1
16023,73,78,-5,5
16024,42,50,-8,8
16025,127,138,-11,11
16026,52,62,-10,10
16027,121,123,-2,2
16028,75,84,-9,9
16029,89,86,3,3
16030,64,67,-3,3
16031,36,39,-3,3
16032,89,82,7,7
16033,72,69,3,3
16034,148,143,5,5
16035,106,100,6,6
16036,158,156,2,2
16037,131,121,10,10
16038,130,126,4,4
16039,77,73,4,4
16040,136,125,11,11
16041,102,101,1,1
16042,86,86,0,0
16043,89,85,4,4
16044,101,92,9,9
16045,99,98,1,1
16046,100,93,7,7
16047,69,75,-6,6
16048,92,83,9,9
16049,69,75,-6,6
16050,128,119,9,9
16051,151,142,9,9
16052,39,39,0,0
16053,44,55,-11,11
16054,74,88,-14,14
16055,82,77,5,5
16056,140,127,13,13
16057,120,105,15,15
16058,79,68,11,11
16059,89,91,-2,2
16060,158,175,-17,17
16061,105,122,-17,17
16062,113,110,3,3
16063,58,61,-3,3
16064,95,93,2,2
16065,82,87,-5,5
16066,140,127,13,13
16067,66,75,-9,9
16068,94,93,1,1
16069,116,113,3,3
16070,70,80,-10,10
16071,90,89,1,1
16072,73,84,-11,11
16073,62,100,-38,38
16074,55,61,-6,6
16075,87,89,-2,2
16076,97,97,0,0
16077,75,76,-1,1
16078,113,107,6,6
16079,148,125,23,23
16080,144,161,-17,17
16081,64,63,1,1
16082,117,102,15,15
16083,89,86,3,3
16084,106,101,5,5
16085,130,106,24,24
16086,91,99,-8,8
16087,52,57,-5,5
16088,54,66,-12,12
16089,117,101,16,16
16090,127,131,-4,4
16091,104,89,15,15
16092,122,112,10,10
16093,67,68,-1,1
16094,73,79,-6,6
16095,84,84,0,0
16096,63,64,-1,1
16097,199,181,18,18
16098,138,150,-12,12
16099,85,83,2,2
16100,112,112,0,0
16101,100,101,-1,1
16102,184,180,4,4
16103,90,89,1,1
16104,55,60,-5,5
16105,142,129,13,13
16106,124,119,5,5
16107,83,95,-12,12
16108,79,88,-9,9
16109,52,78,-26,26
16110,92,94,-2,2
16111,71,74,-3,3
16112,47,50,-3,3
16113,83,87,-4,4
16114,68,71,-3,3
16115,65,73,-8,8
16116,99,94,5,5
16117,114,114,0,0
16118,98,100,-2,2
16119,84,101,-17,17
16120,181,155,26,26
16121,51,56,-5,5
16122,95,83,12,12
16123,77,79,-2,2
16124,70,77,-7,7
16125,103,98,5,5
16126,106,98,8,8
16127,70,78,-8,8
16128,92,92,0,0
16129,104,110,-6,6
16130,49,62,-13,13
16131,62,74,-12,12
16132,52,59,-7,7
16133,88,86,2,2
16134,84,79,5,5
16135,80,84,-4,4
16136,55,63,-8,8
16137,84,79,5,5
16138,158,132,26,26
16139,76,73,3,3
16140,58,68,-10,10
16141,94,87,7,7
16142,44,49,-5,5
16143,96,92,4,4
16144,134,124,10,10
16145,124,117,7,7
16146,137,134,3,3
16147,139,127,12,12
16148,40,45,-5,5
16149,64,69,-5,5
16150,100,99,1,1
16151,90,92,-2,2
16152,88,89,-1,1
16153,80,81,-1,1
16154,67,68,-1,1
16155,96,94,2,2
16156,74,68,6,6
16157,80,71,9,9
16158,54,66,-12,12
16159,133,126,7,7
16160,71,71,0,0
16161,151,137,14,14
16162,150,144,6,6
16163,107,106,1,1
16164,104,104,0,0
16165,96,93,3,3
16166,164,152,12,12
16167,61,75,-14,14
16168,95,94,1,1
16169,120,112,8,8
16170,107,107,0,0
16171,116,103,13,13
16172,89,87,2,2
16173,42,48,-6,6
16174,74,76,-2,2
16175,100,103,-3,3
16176,66,64,2,2
16177,105,106,-1,1
16178,108,95,13,13
16179,144,141,3,3
16180,118,122,-4,4
16181,82,80,2,2
16182,164,140,24,24
16183,125,124,1,1
16184,68,75,-7,7
16185,102,100,2,2
16186,109,114,-5,5
16187,111,97,14,14
16188,115,102,13,13
16189,58,59,-1,1
16190,109,99,10,10
16191,90,91,-1,1
16192,99,95,4,4
16193,124,134,-10,10
16194,147,112,35,35
16195,67,69,-2,2
16196,89,92,-3,3
16197,77,71,6,6
16198,106,121,-15,15
16199,78,81,-3,3
16200,58,73,-15,15
16201,119,107,12,12
16202,74,80,-6,6
16203,80,82,-2,2
16204,143,131,12,12
16205,160,139,21,21
16206,117,108,9,9
16207,79,74,5,5
16208,103,104,-1,1
16209,88,77,11,11
16210,74,80,-6,6
16211,96,98,-2,2
16212,94,110,-16,16
16213,66,66,0,0
16214,43,56,-13,13
16215,137,125,12,12
16216,89,86,3,3
16217,95,99,-4,4
16218,172,167,5,5
16219,37,48,-11,11
16220,75,78,-3,3
16221,112,108,4,4
16222,98,100,-2,2
16223,137,128,9,9
16224,122,110,12,12
16225,55,57,-2,2
16226,65,66,-1,1
16227,105,103,2,2
16228,67,73,-6,6
16229,115,107,8,8
16230,35,52,-17,17
16231,95,89,6,6
16232,62,62,0,0
16233,60,62,-2,2
16234,142,123,19,19
16235,74,87,-13,13
16236,100,95,5,5
16237,179,102,77,77
16238,173,150,23,23
16239,161,153,8,8
16240,76,78,-2,2
16241,79,90,-11,11
16242,116,101,15,15
16243,58,65,-7,7
16244,83,85,-2,2
16245,48,59,-11,11
16246,74,75,-1,1
16247,57,67,-10,10
16248,84,81,3,3
16249,114,102,12,12
16250,72,66,6,6
16251,96,100,-4,4
16252,113,134,-21,21
16253,105,96,9,9
16254,149,131,18,18
16255,62,67,-5,5
16256,72,66,6,6
16257,77,77,0,0
16258,152,144,8,8
16259,94,87,7,7
16260,115,108,7,7
16261,56,57,-1,1
16262,65,70,-5,5
16263,111,102,9,9
16264,73,79,-6,6
16265,75,74,1,1
16266,90,90,0,0
16267,121,123,-2,2
16268,111,101,10,10
16269,179,158,21,21
16270,136,133,3,3
16271,111,117,-6,6
16272,35,70,-35,35
16273,90,90,0,0
16274,58,61,-3,3
16275,172,154,18,18
16276,77,77,0,0
16277,81,76,5,5
16278,31,43,-12,12
16279,87,91,-4,4
16280,63,80,-17,17
16281,114,102,12,12
16282,96,96,0,0
16283,83,81,2,2
16284,117,121,-4,4
16285,121,101,20,20
16286,89,91,-2,2
16287,106,105,1,1
16288,108,99,9,9
16289,121,115,6,6
16290,160,143,17,17
16291,110,105,5,5
16292,87,77,10,10
16293,107,103,4,4
16294,117,121,-4,4
16295,74,78,-4,4
16296,96,95,1,1
16297,133,124,9,9
16298,81,92,-11,11
16299,81,82,-1,1
16300,76,78,-2,2
16301,57,67,-10,10
16302,131,132,-1,1
16303,91,82,9,9
16304,39,51,-12,12
16305,119,106,13,13
16306,138,125,13,13
16307,105,107,-2,2
16308,77,79,-2,2
16309,132,128,4,4
16310,58,66,-8,8
16311,42,49,-7,7
16312,67,70,-3,3
16313,54,56,-2,2
16314,74,74,0,0
16315,95,95,0,0
16316,73,69,4,4
16317,75,91,-16,16
16318,58,65,-7,7
16319,112,102,10,10
16320,114,102,12,12
16321,118,118,0,0
16322,63,66,-3,3
16323,59,72,-13,13
16324,56,56,0,0
16325,66,68,-2,2
16326,64,70,-6,6
16327,100,91,9,9
16328,97,96,1,1
16329,155,141,14,14
16330,93,82,11,11
16331,123,119,4,4
16332,89,83,6,6
16333,76,82,-6,6
16334,178,167,11,11
16335,67,64,3,3
16336,112,102,10,10
16337,105,102,3,3
16338,95,89,6,6
16339,81,84,-3,3
16340,67,79,-12,12
16341,79,82,-3,3
16342,117,116,1,1
16343,72,79,-7,7
16344,103,103,0,0
16345,109,102,7,7
16346,59,66,-7,7
16347,101,97,4,4
16348,112,108,4,4
16349,158,142,16,16
16350,119,116,3,3
16351,92,87,5,5
16352,38,48,-10,10
16353,66,74,-8,8
16354,69,87,-18,18
16355,51,63,-12,12
16356,200,158,42,42
16357,93,88,5,5
16358,97,96,1,1
16359,171,136,35,35
16360,65,76,-11,11
16361,102,95,7,7
16362,72,73,-1,1
16363,55,63,-8,8
16364,118,98,20,20
16365,86,81,5,5
16366,135,121,14,14
16367,78,77,1,1
16368,115,114,1,1
16369,140,142,-2,2
16370,61,68,-7,7
16371,48,60,-12,12
16372,78,77,1,1
16373,195,182,13,13
16374,48,61,-13,13
16375,71,71,0,0
16376,126,119,7,7
16377,207,179,28,28
16378,111,98,13,13
16379,75,86,-11,11
16380,106,101,5,5
16381,84,81,3,3
16382,140,133,7,7
16383,77,95,-18,18
16384,88,86,2,2
16385,63,64,-1,1
16386,146,133,13,13
16387,43,52,-9,9
16388,87,86,1,1
16389,63,63,0,0
16390,92,101,-9,9
16391,64,72,-8,8
16392,107,96,11,11
16393,114,104,10,10
16394,76,71,5,5
16395,108,114,-6,6
16396,61,63,-2,2
16397,157,149,8,8
16398,161,144,17,17
16399,81,80,1,1
16400,42,51,-9,9
16401,120,93,27,27
16402,118,99,19,19
16403,99,95,4,4
16404,78,79,-1,1
16405,39,45,-6,6
16406,62,67,-5,5
16407,93,86,7,7
16408,51,61,-10,10
16409,63,84,-21,21
16410,131,140,-9,9
16411,117,97,20,20
16412,96,87,9,9
16413,158,151,7,7
16414,88,89,-1,1
16415,77,85,-8,8
16416,84,84,0,0
16417,123,116,7,7
16418,84,81,3,3
16419,122,118,4,4
16420,88,90,-2,2
16421,73,68,5,5
16422,198,181,17,17
16423,87,78,9,9
16424,76,84,-8,8
16425,85,88,-3,3
16426,86,92,-6,6
16427,161,162,-1,1
16428,132,106,26,26
16429,65,60,5,5
16430,65,63,2,2
16431,155,145,10,10
16432,94,99,-5,5
16433,91,86,5,5
16434,94,102,-8,8
16435,132,122,10,10
16436,74,77,-3,3
16437,134,128,6,6
16438,186,170,16,16
16439,117,109,8,8
16440,128,122,6,6
16441,49,55,-6,6
16442,52,60,-8,8
16443,54,55,-1,1
16444,49,62,-13,13
16445,61,69,-8,8
16446,87,86,1,1
16447,121,125,-4,4
16448,110,106,4,4
16449,29,30,-1,1
16450,75,74,1,1
16451,119,124,-5,5
16452,100,93,7,7
16453,73,92,-19,19
16454,71,77,-6,6
16455,61,82,-21,21
16456,91,107,-16,16
16457,68,82,-14,14
16458,79,80,-1,1
16459,141,145,-4,4
16460,89,91,-2,2
16461,132,125,7,7
16462,110,105,5,5
16463,70,75,-5,5
16464,49,56,-7,7
16465,99,101,-2,2
16466,60,60,0,0
16467,94,94,0,0
16468,89,87,2,2
16469,149,140,9,9
16470,78,74,4,4
16471,133,139,-6,6
16472,134,142,-8,8
16473,65,73,-8,8
16474,117,103,14,14
16475,96,92,4,4
16476,130,111,19,19
16477,138,132,6,6
16478,85,91,-6,6
16479,128,123,5,5
16480,84,82,2,2
16481,127,111,16,16
16482,67,72,-5,5
16483,149,152,-3,3
16484,77,76,1,1
16485,91,93,-2,2
16486,137,123,14,14
16487,142,131,11,11
16488,68,75,-7,7
16489,129,123,6,6
16490,120,105,15,15
16491,38,47,-9,9
16492,109,105,4,4
16493,101,94,7,7
16494,66,97,-31,31
16495,61,71,-10,10
16496,107,104,3,3
16497,112,97,15,15
16498,114,122,-8,8
16499,96,97,-1,1
16500,136,129,7,7
16501,60,67,-7,7
16502,108,98,10,10
16503,109,109,0,0
16504,98,95,3,3
16505,53,71,-18,18
16506,68,64,4,4
16507,114,107,7,7
16508,181,173,8,8
16509,121,109,12,12
16510,67,71,-4,4
16511,78,73,5,5
16512,74,75,-1,1
16513,47,50,-3,3
16514,113,119,-6,6
16515,41,48,-7,7
16516,57,63,-6,6
16517,68,65,3,3
16518,88,94,-6,6
16519,76,92,-16,16
16520,96,96,0,0
16521,45,56,-11,11
16522,119,111,8,8
16523,104,111,-7,7
16524,111,104,7,7
16525,62,60,2,2
16526,94,95,-1,1
16527,86,82,4,4
16528,78,87,-9,9
16529,132,128,4,4
16530,105,104,1,1
16531,141,121,20,20
16532,59,65,-6,6
16533,205,163,42,42
16534,91,90,1,1
16535,87,103,-16,16
16536,87,85,2,2
16537,102,87,15,15
16538,94,87,7,7
16539,77,78,-1,1
16540,61,66,-5,5
16541,152,132,20,20
16542,85,86,-1,1
16543,120,112,8,8
16544,83,90,-7,7
16545,135,128,7,7
16546,52,58,-6,6
16547,79,77,2,2
16548,50,61,-11,11
16549,152,138,14,14
16550,80,74,6,6
16551,83,89,-6,6
16552,163,155,8,8
16553,75,85,-10,10
16554,72,75,-3,3
16555,93,90,3,3
16556,118,107,11,11
16557,84,87,-3,3
16558,72,71,1,1
16559,75,78,-3,3
16560,79,82,-3,3
16561,84,89,-5,5
16562,88,91,-3,3
16563,99,96,3,3
16564,59,65,-6,6
16565,112,107,5,5
16566,128,110,18,18
16567,115,110,5,5
16568,101,112,-11,11
16569,60,63,-3,3
16570,80,87,-7,7
16571,134,135,-1,1
16572,72,73,-1,1
16573,160,141,19,19
16574,123,117,6,6
16575,111,104,7,7
16576,61,70,-9,9
16577,68,73,-5,5
16578,131,136,-5,5
16579,135,117,18,18
16580,217,205,12,12
16581,56,53,3,3
16582,86,91,-5,5
16583,104,99,5,5
16584,87,95,-8,8
16585,76,77,-1,1
16586,137,124,13,13
16587,86,88,-2,2
16588,53,59,-6,6
16589,82,85,-3,3
16590,52,53,-1,1
16591,85,84,1,1
16592,110,102,8,8
16593,58,61,-3,3
16594,103,103,0,0
16595,40,46,-6,6
16596,70,72,-2,2
16597,50,53,-3,3
16598,69,74,-5,5
16599,108,109,-1,1
16600,82,76,6,6
16601,138,125,13,13
16602,103,103,0,0
16603,119,107,12,12
16604,111,99,12,12
16605,154,140,14,14
16606,131,120,11,11
16607,67,71,-4,4
16608,76,74,2,2
16609,104,104,0,0
16610,134,116,18,18
16611,41,57,-16,16
16612,54,57,-3,3
16613,116,108,8,8
16614,58,61,-3,3
16615,74,83,-9,9
16616,101,101,0,0
16617,62,64,-2,2
16618,141,137,4,4
16619,93,86,7,7
16620,98,96,2,2
16621,88,100,-12,12
16622,33,40,-7,7
16623,115,118,-3,3
16624,86,83,3,3
16625,156,143,13,13
16626,66,68,-2,2
16627,93,87,6,6
16628,61,64,-3,3
16629,128,119,9,9
16630,161,134,27,27
16631,51,58,-7,7
16632,59,66,-7,7
16633,97,95,2,2
16634,157,142,15,15
16635,91,100,-9,9
16636,67,60,7,7
16637,90,95,-5,5
16638,82,81,1,1
16639,104,97,7,7
16640,96,96,0,0
16641,122,123,-1,1
16642,86,83,3,3
16643,126,119,7,7
16644,87,86,1,1
16645,77,84,-7,7
16646,117,106,11,11
16647,144,127,17,17
16648,86,77,9,9
16649,61,59,2,2
16650,79,97,-18,18
16651,96,89,7,7
16652,89,95,-6,6
16653,89,97,-8,8
16654,110,103,7,7
16655,87,79,8,8
16656,39,52,-13,13
16657,98,93,5,5
16658,151,140,11,11
16659,89,88,1,1
16660,67,70,-3,3
16661,71,71,0,0
16662,119,106,13,13
16663,86,85,1,1
16664,147,136,11,11
16665,51,53,-2,2
16666,83,95,-12,12
16667,83,83,0,0
16668,54,60,-6,6
16669,138,118,20,20
16670,64,68,-4,4
16671,80,81,-1,1
16672,58,68,-10,10
16673,92,90,2,2
16674,56,73,-17,17
16675,114,120,-6,6
16676,58,64,-6,6
16677,51,60,-9,9
16678,111,105,6,6
16679,66,77,-11,11
16680,64,68,-4,4
16681,99,104,-5,5
16682,73,70,3,3
16683,110,96,14,14
16684,99,108,-9,9
16685,92,85,7,7
16686,57,59,-2,2
16687,138,129,9,9
16688,156,152,4,4
16689,113,105,8,8
16690,37,48,-11,11
16691,119,110,9,9
16692,109,108,1,1
16693,137,127,10,10
16694,187,147,40,40
16695,77,85,-8,8
16696,78,73,5,5
16697,89,94,-5,5
16698,144,144,0,0
16699,111,106,5,5
16700,46,59,-13,13
16701,119,112,7,7
16702,89,78,11,11
16703,85,72,13,13
16704,155,132,23,23
16705,164,162,2,2
16706,176,159,17,17
16707,61,68,-7,7
16708,143,145,-2,2
16709,66,59,7,7
16710,138,122,16,16
16711,107,103,4,4
16712,80,77,3,3
16713,95,89,6,6
16714,94,105,-11,11
16715,90,87,3,3
16716,65,71,-6,6
16717,75,79,-4,4
16718,54,61,-7,7
16719,84,83,1,1
16720,129,113,16,16
16721,142,122,20,20
16722,96,101,-5,5
16723,112,110,2,2
16724,93,82,11,11
16725,57,62,-5,5
16726,36,56,-20,20
16727,46,57,-11,11
16728,94,97,-3,3
16729,57,66,-9,9
16730,106,108,-2,2
16731,130,126,4,4
16732,62,65,-3,3
16733,89,92,-3,3
16734,137,126,11,11
16735,107,109,-2,2
16736,58,60,-2,2
16737,73,72,1,1
16738,86,86,0,0
16739,103,96,7,7
16740,121,117,4,4
16741,66,64,2,2
16742,87,92,-5,5
16743,59,59,0,0
16744,109,106,3,3
16745,79,88,-9,9
16746,68,71,-3,3
16747,66,73,-7,7
16748,72,76,-4,4
16749,100,98,2,2
16750,102,99,3,3
16751,55,63,-8,8
16752,98,91,7,7
16753,107,103,4,4
16754,77,69,8,8
16755,76,83,-7,7
16756,65,69,-4,4
16757,134,114,20,20
16758,39,54,-15,15
16759,123,126,-3,3
16760,64,66,-2,2
16761,105,99,6,6
16762,66,70,-4,4
16763,203,182,21,21
16764,144,115,29,29
16765,75,81,-6,6
16766,106,101,5,5
16767,104,100,4,4
16768,73,81,-8,8
16769,83,75,8,8
16770,81,96,-15,15
16771,83,84,-1,1
16772,100,104,-4,4
16773,103,97,6,6
16774,76,76,0,0
16775,66,72,-6,6
16776,72,75,-3,3
16777,87,97,-10,10
16778,81,97,-16,16
16779,109,101,8,8
16780,103,93,10,10
16781,112,117,-5,5
16782,170,154,16,16
16783,89,88,1,1
16784,73,80,-7,7
16785,59,60,-1,1
16786,135,126,9,9
16787,61,68,-7,7
16788,78,82,-4,4
16789,125,110,15,15
16790,64,73,-9,9
16791,54,62,-8,8
16792,119,110,9,9
16793,92,95,-3,3
16794,117,114,3,3
16795,88,80,8,8
16796,99,95,4,4
16797,48,57,-9,9
16798,123,118,5,5
16799,113,112,1,1
16800,98,97,1,1
16801,66,67,-1,1
16802,82,79,3,3
16803,38,52,-14,14
16804,86,89,-3,3
16805,135,140,-5,5
16806,140,130,10,10
16807,73,72,1,1
16808,95,96,-1,1
16809,40,50,-10,10
16810,67,87,-20,20
16811,160,148,12,12
16812,121,108,13,13
16813,104,86,18,18
16814,98,95,3,3
16815,125,112,13,13
16816,119,103,16,16
16817,109,110,-1,1
16818,73,76,-3,3
16819,212,182,30,30
16820,81,78,3,3
16821,104,101,3,3
16822,44,51,-7,7
16823,82,69,13,13
16824,181,150,31,31
16825,50,54,-4,4
16826,90,100,-10,10
16827,87,85,2,2
16828,76,88,-12,12
16829,211,193,18,18
16830,104,98,6,6
16831,114,107,7,7
16832,143,144,-1,1
16833,142,133,9,9
16834,153,161,-8,8
16835,60,61,-1,1
16836,60,65,-5,5
16837,111,93,18,18
16838,143,148,-5,5
16839,76,80,-4,4
16840,73,74,-1,1
16841,76,71,5,5
16842,75,76,-1,1
16843,58,66,-8,8
16844,57,58,-1,1
16845,112,107,5,5
16846,151,137,14,14
16847,51,52,-1,1
16848,64,70,-6,6
16849,80,81,-1,1
16850,89,84,5,5
16851,155,144,11,11
16852,97,93,4,4
16853,82,87,-5,5
16854,122,112,10,10
16855,110,111,-1,1
16856,91,85,6,6
16857,27,63,-36,36
16858,55,60,-5,5
16859,107,100,7,7
16860,61,69,-8,8
16861,67,76,-9,9
16862,111,115,-4,4
16863,95,91,4,4
16864,129,124,5,5
16865,165,169,-4,4
16866,139,131,8,8
16867,97,127,-30,30
16868,88,88,0,0
16869,64,76,-12,12
16870,83,79,4,4
16871,118,111,7,7
16872,81,79,2,2
16873,78,77,1,1
16874,164,157,7,7
16875,60,83,-23,23
16876,23,28,-5,5
16877,60,64,-4,4
16878,58,67,-9,9
16879,102,103,-1,1
16880,100,98,2,2
16881,103,103,0,0
16882,98,88,10,10
16883,136,134,2,2
16884,110,108,2,2
16885,95,95,0,0
16886,113,110,3,3
16887,143,151,-8,8
16888,141,135,6,6
16889,117,108,9,9
16890,63,73,-10,10
16891,83,75,8,8
16892,52,61,-9,9
16893,95,101,-6,6
16894,85,89,-4,4
16895,75,83,-8,8
16896,137,128,9,9
16897,81,83,-2,2
16898,55,67,-12,12
16899,128,105,23,23
16900,135,118,17,17
16901,107,101,6,6
16902,68,74,-6,6
16903,95,94,1,1
16904,131,118,13,13
16905,106,99,7,7
16906,84,98,-14,14
16907,120,117,3,3
16908,69,72,-3,3
16909,93,98,-5,5
16910,100,98,2,2
16911,152,143,9,9
16912,139,145,-6,6
16913,109,104,5,5
16914,122,115,7,7
16915,70,73,-3,3
16916,89,83,6,6
16917,81,72,9,9
16918,59,64,-5,5
16919,74,77,-3,3
16920,121,103,18,18
16921,88,82,6,6
16922,72,92,-20,20
16923,107,104,3,3
16924,47,60,-13,13
16925,105,97,8,8
16926,61,73,-12,12
16927,116,110,6,6
16928,110,101,9,9
16929,63,64,-1,1
16930,121,110,11,11
16931,52,57,-5,5
16932,92,87,5,5
16933,102,113,-11,11
16934,86,85,1,1
16935,171,180,-9,9
16936,97,104,-7,7
16937,105,93,12,12
16938,127,125,2,2
16939,84,92,-8,8
16940,99,89,10,10
16941,65,65,0,0
16942,86,75,11,11
16943,107,96,11,11
16944,84,84,0,0
16945,136,121,15,15
16946,82,76,6,6
16947,52,60,-8,8
16948,103,112,-9,9
16949,102,100,2,2
16950,126,117,9,9
16951,185,163,22,22
16952,143,135,8,8
16953,48,66,-18,18
16954,142,115,27,27
16955,58,66,-8,8
16956,164,155,9,9
16957,95,94,1,1
16958,191,179,12,12
16959,115,114,1,1
16960,58,63,-5,5
16961,121,111,10,10
16962,101,95,6,6
16963,79,84,-5,5
16964,84,87,-3,3
16965,69,70,-1,1
16966,153,150,3,3
16967,67,76,-9,9
16968,69,83,-14,14
16969,71,77,-6,6
16970,94,97,-3,3
16971,110,107,3,3
16972,105,102,3,3
16973,88,93,-5,5
16974,93,96,-3,3
16975,70,68,2,2
16976,65,73,-8,8
16977,62,70,-8,8
16978,120,113,7,7
16979,55,57,-2,2
16980,73,79,-6,6
16981,102,96,6,6
16982,71,74,-3,3
16983,111,127,-16,16
16984,156,150,6,6
16985,89,94,-5,5
16986,67,68,-1,1
16987,71,76,-5,5
16988,71,77,-6,6
16989,108,98,10,10
16990,72,73,-1,1
16991,80,76,4,4
16992,104,91,13,13
16993,111,110,1,1
16994,58,60,-2,2
16995,68,67,1,1
16996,92,89,3,3
16997,161,149,12,12
16998,107,96,11,11
16999,66,78,-12,12
17000,76,81,-5,5
17001,105,100,5,5
17002,140,129,11,11
17003,77,75,2,2
17004,70,77,-7,7
17005,133,121,12,12
17006,50,61,-11,11
17007,66,70,-4,4
17008,60,74,-14,14
17009,72,79,-7,7
17010,123,107,16,16
17011,88,87,1,1
17012,110,103,7,7
17013,94,90,4,4
17014,88,84,4,4
17015,82,77,5,5
17016,107,119,-12,12
17017,69,68,1,1
17018,85,89,-4,4
17019,81,84,-3,3
17020,57,63,-6,6
17021,124,109,15,15
17022,126,123,3,3
17023,59,56,3,3
17024,78,81,-3,3
17025,112,114,-2,2
17026,87,97,-10,10
17027,101,93,8,8
17028,101,96,5,5
17029,150,142,8,8
17030,135,121,14,14
17031,146,140,6,6
17032,61,66,-5,5
17033,103,99,4,4
17034,134,124,10,10
17035,68,71,-3,3
17036,84,78,6,6
17037,59,66,-7,7
17038,115,109,6,6
17039,98,83,15,15
17040,118,124,-6,6
17041,97,98,-1,1
17042,94,102,-8,8
17043,143,128,15,15
17044,119,113,6,6
17045,82,89,-7,7
17046,86,93,-7,7
17047,79,83,-4,4
17048,178,175,3,3
17049,151,134,17,17
17050,133,125,8,8
17051,71,80,-9,9
17052,56,55,1,1
17053,61,63,-2,2
17054,69,77,-8,8
17055,95,94,1,1
17056,98,93,5,5
17057,88,91,-3,3
17058,86,89,-3,3
17059,79,86,-7,7
17060,77,74,3,3
17061,88,100,-12,12
17062,110,101,9,9
17063,138,140,-2,2
17064,98,103,-5,5
17065,99,93,6,6
17066,73,74,-1,1
17067,143,132,11,11
17068,44,49,-5,5
17069,136,121,15,15
17070,150,137,13,13
17071,125,120,5,5
17072,134,123,11,11
17073,93,100,-7,7
17074,107,101,6,6
17075,38,50,-12,12
17076,133,140,-7,7
17077,151,146,5,5
17078,104,106,-2,2
17079,83,80,3,3
17080,124,102,22,22
17081,161,155,6,6
17082,72,73,-1,1
17083,77,83,-6,6
17084,111,106,5,5
17085,107,103,4,4
17086,107,108,-1,1
17087,98,102,-4,4
17088,168,156,12,12
17089,100,91,9,9
17090,70,74,-4,4
17091,68,69,-1,1
17092,74,69,5,5
17093,129,125,4,4
17094,121,110,11,11
17095,69,69,0,0
17096,121,119,2,2
17097,103,103,0,0
17098,187,177,10,10
17099,61,64,-3,3
17100,81,77,4,4
17101,117,122,-5,5
17102,46,60,-14,14
17103,77,78,-1,1
17104,85,89,-4,4
17105,47,58,-11,11
17106,81,80,1,1
17107,99,88,11,11
17108,152,154,-2,2
17109,58,71,-13,13
17110,45,58,-13,13
17111,87,85,2,2
17112,100,84,16,16
17113,41,44,-3,3
17114,184,154,30,30
17115,72,75,-3,3
17116,38,47,-9,9
17117,79,96,-17,17
17118,98,88,10,10
17119,71,74,-3,3
17120,62,67,-5,5
17121,90,81,9,9
17122,97,84,13,13
17123,52,56,-4,4
17124,74,70,4,4
17125,154,145,9,9
17126,99,94,5,5
17127,44,44,0,0
17128,85,82,3,3
17129,128,120,8,8
17130,128,107,21,21
17131,78,91,-13,13
17132,62,68,-6,6
17133,112,124,-12,12
17134,63,72,-9,9
17135,88,88,0,0
17136,51,56,-5,5
17137,129,123,6,6
17138,65,68,-3,3
17139,56,58,-2,2
17140,102,95,7,7
17141,87,82,5,5
17142,129,120,9,9
17143,61,69,-8,8
17144,79,79,0,0
17145,57,70,-13,13
17146,171,150,21,21
17147,90,93,-3,3
17148,96,92,4,4
17149,91,88,3,3
17150,47,56,-9,9
17151,87,98,-11,11
17152,86,98,-12,12
17153,133,130,3,3
17154,133,125,8,8
17155,89,94,-5,5
17156,64,60,4,4
17157,54,60,-6,6
17158,99,108,-9,9
17159,91,90,1,1
17160,76,81,-5,5
17161,75,76,-1,1
17162,72,71,1,1
17163,107,109,-2,2
17164,39,44,-5,5
17165,99,94,5,5
17166,121,112,9,9
17167,89,85,4,4
17168,132,131,1,1
17169,108,111,-3,3
17170,84,76,8,8
17171,104,101,3,3
17172,68,71,-3,3
17173,55,61,-6,6
17174,74,72,2,2
17175,85,90,-5,5
17176,63,64,-1,1
17177,77,78,-1,1
17178,103,102,1,1
17179,66,70,-4,4
17180,77,72,5,5
17181,112,103,9,9
17182,127,138,-11,11
17183,100,101,-1,1
17184,59,68,-9,9
17185,111,101,10,10
17186,29,35,-6,6
17187,77,78,-1,1
17188,98,98,0,0
17189,108,104,4,4
17190,196,183,13,13
17191,79,79,0,0
17192,150,148,2,2
17193,99,92,7,7
17194,73,73,0,0
17195,75,76,-1,1
17196,62,66,-4,4
17197,77,81,-4,4
17198,100,89,11,11
17199,139,135,4,4
17200,80,78,2,2
17201,151,119,32,32
17202,125,121,4,4
17203,70,80,-10,10
17204,141,131,10,10
17205,76,84,-8,8
17206,74,84,-10,10
17207,108,98,10,10
17208,146,122,24,24
17209,65,66,-1,1
17210,92,103,-11,11
17211,98,95,3,3
17212,112,116,-4,4
17213,155,136,19,19
17214,109,105,4,4
17215,127,121,6,6
17216,40,56,-16,16
17217,106,115,-9,9
17218,106,115,-9,9
17219,68,69,-1,1
17220,73,76,-3,3
17221,69,73,-4,4
17222,93,94,-1,1
17223,95,95,0,0
17224,99,94,5,5
17225,108,101,7,7
17226,77,77,0,0
17227,76,77,-1,1
17228,102,104,-2,2
17229,117,107,10,10
17230,88,86,2,2
17231,82,82,0,0
17232,99,95,4,4
17233,147,130,17,17
17234,66,69,-3,3
17235,79,73,6,6
17236,62,71,-9,9
17237,175,161,14,14
17238,101,98,3,3
17239,64,71,-7,7
17240,74,76,-2,2
17241,72,88,-16,16
17242,64,71,-7,7
17243,73,73,0,0
17244,48,61,-13,13
17245,186,166,20,20
17246,100,118,-18,18
17247,120,111,9,9
17248,53,68,-15,15
17249,120,104,16,16
17250,98,102,-4,4
17251,34,43,-9,9
17252,97,94,3,3
17253,118,108,10,10
17254,128,108,20,20
17255,90,86,4,4
17256,63,68,-5,5
17257,160,141,19,19
17258,177,147,30,30
17259,185,169,16,16
17260,104,101,3,3
17261,68,70,-2,2
17262,119,118,1,1
17263,110,99,11,11
17264,67,63,4,4
17265,56,64,-8,8
17266,160,146,14,14
17267,103,114,-11,11
17268,68,69,-1,1
17269,112,113,-1,1
17270,75,74,1,1
17271,101,103,-2,2
17272,89,106,-17,17
17273,57,73,-16,16
17274,65,69,-4,4
17275,95,101,-6,6
17276,93,95,-2,2
17277,100,93,7,7
17278,127,127,0,0
17279,105,95,10,10
17280,58,56,2,2
17281,70,75,-5,5
17282,146,139,7,7
17283,90,86,4,4
17284,75,75,0,0
17285,92,94,-2,2
17286,122,115,7,7
17287,77,80,-3,3
17288,50,58,-8,8
17289,69,75,-6,6
17290,36,45,-9,9
17291,97,89,8,8
17292,81,86,-5,5
17293,127,131,-4,4
17294,142,138,4,4
17295,98,101,-3,3
17296,91,81,10,10
17297,84,87,-3,3
17298,94,101,-7,7
17299,71,84,-13,13
17300,87,80,7,7
17301,109,104,5,5
17302,58,58,0,0
17303,63,70,-7,7
17304,65,68,-3,3
17305,45,50,-5,5
17306,87,76,11,11
17307,64,68,-4,4
17308,82,85,-3,3
17309,156,154,2,2
17310,138,109,29,29
17311,76,81,-5,5
17312,134,122,12,12
17313,115,107,8,8
17314,92,94,-2,2
17315,126,123,3,3
17316,103,104,-1,1
17317,56,64,-8,8
17318,125,133,-8,8
17319,108,94,14,14
17320,69,72,-3,3
17321,151,142,9,9
17322,88,94,-6,6
17323,101,99,2,2
17324,165,160,5,5
17325,151,129,22,22
17326,82,80,2,2
17327,65,67,-2,2
17328,93,94,-1,1
17329,102,98,4,4
17330,71,77,-6,6
17331,66,72,-6,6
17332,101,100,1,1
17333,109,99,10,10
17334,67,63,4,4
17335,150,144,6,6
17336,71,60,11,11
17337,93,97,-4,4
17338,106,107,-1,1
17339,127,117,10,10
17340,167,159,8,8
17341,67,72,-5,5
17342,137,132,5,5
17343,90,88,2,2
17344,48,58,-10,10
17345,79,75,4,4
17346,72,78,-6,6
17347,139,131,8,8
17348,81,87,-6,6
17349,124,120,4,4
17350,114,103,11,11
17351,75,78,-3,3
17352,73,75,-2,2
17353,90,83,7,7
17354,156,153,3,3
17355,107,104,3,3
17356,88,87,1,1
17357,135,144,-9,9
17358,120,105,15,15
17359,55,71,-16,16
17360,58,67,-9,9
17361,104,108,-4,4
17362,53,53,0,0
17363,65,64,1,1
17364,71,73,-2,2
17365,36,48,-12,12
17366,135,120,15,15
17367,159,154,5,5
17368,118,102,16,16
17369,93,93,0,0
17370,91,91,0,0
17371,66,74,-8,8
17372,68,66,2,2
17373,81,79,2,2
17374,138,142,-4,4
17375,68,72,-4,4
17376,128,124,4,4
17377,97,106,-9,9
17378,83,88,-5,5
17379,194,173,21,21
17380,63,64,-1,1
17381,68,67,1,1
17382,68,71,-3,3
17383,89,94,-5,5
17384,103,93,10,10
17385,113,121,-8,8
17386,95,94,1,1
17387,93,84,9,9
17388,68,70,-2,2
17389,57,57,0,0
17390,58,67,-9,9
17391,174,154,20,20
17392,71,73,-2,2
17393,106,98,8,8
17394,63,66,-3,3
17395,63,60,3,3
17396,126,113,13,13
17397,104,98,6,6
17398,83,84,-1,1
17399,80,83,-3,3
17400,175,161,14,14
17401,77,94,-17,17
17402,146,134,12,12
17403,78,77,1,1
17404,114,100,14,14
17405,86,98,-12,12
17406,149,143,6,6
17407,170,160,10,10
17408,121,113,8,8
17409,61,64,-3,3
17410,64,61,3,3
17411,67,66,1,1
17412,99,104,-5,5
17413,185,163,22,22
17414,56,70,-14,14
17415,99,95,4,4
17416,75,86,-11,11
17417,85,78,7,7
17418,92,85,7,7
17419,91,85,6,6
17420,80,74,6,6
17421,56,71,-15,15
17422,80,77,3,3
17423,135,123,12,12
17424,98,117,-19,19
17425,150,150,0,0
17426,53,65,-12,12
17427,106,102,4,4
17428,74,77,-3,3
17429,196,191,5,5
17430,88,84,4,4
17431,47,50,-3,3
17432,101,103,-2,2
17433,110,101,9,9
17434,116,115,1,1
17435,96,100,-4,4
17436,65,64,1,1
17437,55,55,0,0
17438,140,137,3,3
17439,94,85,9,9
17440,89,82,7,7
17441,101,92,9,9
17442,80,74,6,6
17443,112,103,9,9
17444,106,110,-4,4
17445,103,107,-4,4
17446,60,66,-6,6
17447,95,97,-2,2
17448,87,90,-3,3
17449,45,51,-6,6
17450,92,93,-1,1
17451,108,100,8,8
17452,98,95,3,3
17453,62,68,-6,6
17454,107,103,4,4
17455,74,70,4,4
17456,137,117,20,20
17457,75,75,0,0
17458,66,70,-4,4
17459,100,94,6,6
17460,129,137,-8,8
17461,79,79,0,0
17462,111,100,11,11
17463,88,94,-6,6
17464,63,68,-5,5
17465,95,99,-4,4
17466,74,76,-2,2
17467,108,104,4,4
17468,115,104,11,11
17469,96,96,0,0
17470,146,129,17,17
17471,178,160,18,18
17472,171,156,15,15
17473,171,145,26,26
17474,151,147,4,4
17475,90,92,-2,2
17476,94,86,8,8
17477,89,79,10,10
17478,71,73,-2,2
17479,223,196,27,27
17480,66,71,-5,5
17481,116,110,6,6
17482,69,70,-1,1
17483,153,138,15,15
17484,48,58,-10,10
17485,83,87,-4,4
17486,177,157,20,20
17487,70,80,-10,10
17488,80,84,-4,4
17489,77,81,-4,4
17490,69,69,0,0
17491,81,76,5,5
17492,115,113,2,2
17493,96,102,-6,6
17494,94,86,8,8
17495,46,56,-10,10
17496,88,102,-14,14
17497,90,80,10,10
17498,89,93,-4,4
17499,65,65,0,0
17500,78,77,1,1
17501,76,77,-1,1
17502,116,103,13,13
17503,127,116,11,11
17504,146,142,4,4
17505,89,93,-4,4
17506,42,65,-23,23
17507,73,67,6,6
17508,61,64,-3,3
17509,79,75,4,4
17510,105,99,6,6
17511,64,67,-3,3
17512,115,118,-3,3
17513,66,75,-9,9
17514,75,75,0,0
17515,82,83,-1,1
17516,46,61,-15,15
17517,106,105,1,1
17518,74,82,-8,8
17519,58,76,-18,18
17520,89,91,-2,2
17521,76,74,2,2
17522,90,81,9,9
17523,108,104,4,4
17524,89,99,-10,10
17525,75,74,1,1
17526,98,93,5,5
17527,87,83,4,4
17528,65,70,-5,5
17529,121,105,16,16
17530,63,70,-7,7
17531,139,142,-3,3
17532,80,82,-2,2
17533,75,80,-5,5
17534,64,71,-7,7
17535,48,52,-4,4
17536,115,109,6,6
17537,82,83,-1,1
17538,120,117,3,3
17539,141,139,2,2
17540,67,72,-5,5
17541,48,65,-17,17
17542,117,107,10,10
17543,173,157,16,16
17544,74,82,-8,8
17545,53,60,-7,7
17546,33,39,-6,6
17547,79,85,-6,6
17548,76,74,2,2
17549,119,105,14,14
17550,139,130,9,9
17551,77,76,1,1
17552,115,104,11,11
17553,67,76,-9,9
17554,105,95,10,10
17555,127,125,2,2
17556,84,83,1,1
17557,106,107,-1,1
17558,79,89,-10,10
17559,96,101,-5,5
17560,82,78,4,4
17561,146,135,11,11
17562,98,98,0,0
17563,116,119,-3,3
17564,42,50,-8,8
17565,82,84,-2,2
17566,71,74,-3,3
17567,103,94,9,9
17568,60,68,-8,8
17569,86,85,1,1
17570,137,123,14,14
17571,105,97,8,8
17572,68,76,-8,8
17573,94,98,-4,4
17574,190,168,22,22
17575,61,65,-4,4
17576,112,105,7,7
17577,72,67,5,5
17578,137,122,15,15
17579,85,86,-1,1
17580,190,175,15,15
17581,145,147,-2,2
17582,100,102,-2,2
17583,143,130,13,13
17584,81,92,-11,11
17585,58,67,-9,9
17586,79,91,-12,12
17587,119,115,4,4
17588,63,70,-7,7
17589,106,99,7,7
17590,111,102,9,9
17591,90,92,-2,2
17592,134,133,1,1
17593,129,108,21,21
17594,67,70,-3,3
17595,128,128,0,0
17596,43,51,-8,8
17597,58,62,-4,4
17598,123,124,-1,1
17599,63,66,-3,3
17600,61,69,-8,8
17601,74,66,8,8
17602,117,101,16,16
17603,132,105,27,27
17604,73,64,9,9
17605,127,125,2,2
17606,170,160,10,10
17607,101,100,1,1
17608,118,103,15,15
17609,73,74,-1,1
17610,82,83,-1,1
17611,100,98,2,2
17612,62,67,-5,5
17613,80,75,5,5
17614,50,58,-8,8
17615,68,71,-3,3
17616,163,151,12,12
17617,49,55,-6,6
17618,75,78,-3,3
17619,133,121,12,12
17620,115,113,2,2
17621,102,105,-3,3
17622,74,77,-3,3
17623,161,145,16,16
17624,130,130,0,0
17625,122,112,10,10
17626,109,100,9,9
17627,120,125,-5,5
17628,72,57,15,15
17629,90,95,-5,5
17630,80,92,-12,12
17631,103,109,-6,6
17632,134,122,12,12
17633,93,94,-1,1
17634,82,83,-1,1
17635,184,161,23,23
17636,84,83,1,1
17637,62,65,-3,3
17638,65,68,-3,3
17639,68,75,-7,7
17640,118,112,6,6
17641,81,82,-1,1
17642,116,113,3,3
17643,116,110,6,6
17644,85,79,6,6
17645,55,63,-8,8
17646,91,91,0,0
17647,79,81,-2,2
17648,24,48,-24,24
17649,155,142,13,13
17650,97,85,12,12
17651,69,79,-10,10
17652,105,102,3,3
17653,158,154,4,4
17654,129,124,5,5
17655,115,106,9,9
17656,92,98,-6,6
17657,82,86,-4,4
17658,100,101,-1,1
17659,66,61,5,5
17660,46,55,-9,9
17661,141,138,3,3
17662,128,119,9,9
17663,101,82,19,19
17664,103,95,8,8
17665,75,75,0,0
17666,125,117,8,8
17667,50,52,-2,2
17668,67,68,-1,1
17669,91,94,-3,3
17670,95,93,2,2
17671,133,119,14,14
17672,124,117,7,7
17673,59,59,0,0
17674,138,125,13,13
17675,132,127,5,5
17676,109,103,6,6
17677,72,78,-6,6
17678,84,87,-3,3
17679,107,107,0,0
17680,73,82,-9,9
17681,76,79,-3,3
17682,122,103,19,19
17683,107,108,-1,1
17684,38,45,-7,7
17685,127,114,13,13
17686,82,77,5,5
17687,189,164,25,25
17688,115,108,7,7
17689,100,96,4,4
17690,70,68,2,2
17691,81,68,13,13
17692,150,157,-7,7
17693,94,88,6,6
17694,88,85,3,3
17695,81,85,-4,4
17696,148,143,5,5
17697,75,85,-10,10
17698,90,86,4,4
17699,124,117,7,7
17700,46,52,-6,6
17701,103,108,-5,5
17702,101,94,7,7
17703,93,93,0,0
17704,105,104,1,1
17705,91,94,-3,3
17706,138,133,5,5
17707,85,86,-1,1
17708,102,95,7,7
17709,72,86,-14,14
17710,81,82,-1,1
17711,118,112,6,6
17712,114,118,-4,4
17713,118,110,8,8
17714,79,82,-3,3
17715,149,135,14,14
17716,74,80,-6,6
17717,46,55,-9,9
17718,76,71,5,5
17719,80,80,0,0
17720,124,134,-10,10
17721,126,129,-3,3
17722,57,58,-1,1
17723,91,101,-10,10
17724,206,170,36,36
17725,122,106,16,16
17726,89,93,-4,4
17727,108,105,3,3
17728,170,155,15,15
17729,89,88,1,1
17730,90,86,4,4
17731,85,89,-4,4
17732,80,72,8,8
17733,105,91,14,14
17734,84,74,10,10
17735,97,95,2,2
17736,60,65,-5,5
17737,39,50,-11,11
17738,103,96,7,7
17739,122,121,1,1
17740,105,105,0,0
17741,72,79,-7,7
17742,72,80,-8,8
17743,126,115,11,11
17744,113,104,9,9
17745,88,84,4,4
17746,121,118,3,3
17747,88,91,-3,3
17748,72,71,1,1
17749,65,76,-11,11
17750,74,80,-6,6
17751,112,116,-4,4
17752,53,59,-6,6
17753,138,127,11,11
17754,108,108,0,0
17755,65,69,-4,4
17756,72,77,-5,5
17757,122,110,12,12
17758,48,61,-13,13
17759,93,88,5,5
17760,124,116,8,8
17761,92,93,-1,1
17762,66,72,-6,6
17763,69,69,0,0
17764,144,151,-7,7
17765,103,106,-3,3
17766,96,93,3,3
17767,107,103,4,4
17768,129,122,7,7
17769,60,64,-4,4
17770,72,73,-1,1
17771,53,57,-4,4
17772,117,100,17,17
17773,109,107,2,2
17774,73,75,-2,2
17775,121,111,10,10
17776,193,178,15,15
17777,69,78,-9,9
17778,80,70,10,10
17779,135,115,20,20
17780,47,52,-5,5
17781,75,73,2,2
17782,135,141,-6,6
17783,97,94,3,3
17784,76,80,-4,4
17785,108,104,4,4
17786,110,109,1,1
17787,87,92,-5,5
17788,59,64,-5,5
17789,163,152,11,11
17790,80,84,-4,4
17791,169,152,17,17
17792,91,91,0,0
17793,122,114,8,8
17794,97,95,2,2
17795,63,72,-9,9
17796,139,141,-2,2
17797,76,76,0,0
17798,80,79,1,1
17799,79,76,3,3
17800,112,112,0,0
17801,94,93,1,1
17802,103,104,-1,1
17803,53,62,-9,9
17804,70,75,-5,5
17805,156,152,4,4
17806,29,58,-29,29
17807,128,131,-3,3
17808,125,123,2,2
17809,126,101,25,25
17810,50,79,-29,29
17811,152,146,6,6
17812,195,157,38,38
17813,76,82,-6,6
17814,87,84,3,3
17815,80,75,5,5
17816,66,67,-1,1
17817,72,74,-2,2
17818,104,109,-5,5
17819,67,68,-1,1
17820,109,106,3,3
17821,146,140,6,6
17822,59,75,-16,16
17823,78,75,3,3
17824,73,73,0,0
17825,139,130,9,9
17826,103,95,8,8
17827,112,114,-2,2
17828,99,89,10,10
17829,68,77,-9,9
17830,53,59,-6,6
17831,152,124,28,28
17832,55,60,-5,5
17833,96,99,-3,3
17834,78,80,-2,2
17835,69,91,-22,22
17836,54,57,-3,3
17837,118,107,11,11
17838,120,104,16,16
17839,45,62,-17,17
17840,94,89,5,5
17841,141,137,4,4
17842,81,86,-5,5
17843,85,92,-7,7
17844,100,99,1,1
17845,104,102,2,2
17846,189,159,30,30
17847,79,73,6,6
17848,98,97,1,1
17849,53,58,-5,5
17850,139,126,13,13
17851,96,108,-12,12
17852,75,76,-1,1
17853,74,79,-5,5
17854,142,138,4,4
17855,135,147,-12,12
17856,40,43,-3,3
17857,176,153,23,23
17858,55,63,-8,8
17859,70,80,-10,10
17860,71,75,-4,4
17861,55,67,-12,12
17862,168,160,8,8
17863,146,128,18,18
17864,111,110,1,1
17865,117,95,22,22
17866,64,68,-4,4
17867,106,97,9,9
17868,110,98,12,12
17869,79,80,-1,1
17870,95,88,7,7
17871,121,113,8,8
17872,129,125,4,4
17873,98,87,11,11
17874,60,63,-3,3
17875,53,61,-8,8
17876,121,108,13,13
17877,112,128,-16,16
17878,54,63,-9,9
17879,76,78,-2,2
17880,126,135,-9,9
17881,131,117,14,14
17882,45,55,-10,10
17883,135,129,6,6
17884,95,86,9,9
17885,80,74,6,6
17886,96,95,1,1
17887,143,128,15,15
17888,59,66,-7,7
17889,140,133,7,7
17890,73,76,-3,3
17891,109,109,0,0
17892,116,124,-8,8
17893,42,52,-10,10
17894,44,47,-3,3
17895,151,143,8,8
17896,109,110,-1,1
17897,106,91,15,15
17898,131,104,27,27
17899,139,127,12,12
17900,77,74,3,3
17901,127,115,12,12
17902,79,92,-13,13
17903,140,136,4,4
17904,63,64,-1,1
17905,121,119,2,2
17906,65,65,0,0
17907,146,129,17,17
17908,110,101,9,9
17909,101,102,-1,1
17910,35,46,-11,11
17911,105,102,3,3
17912,154,151,3,3
17913,72,72,0,0
17914,98,101,-3,3
17915,126,133,-7,7
17916,142,131,11,11
17917,98,112,-14,14
17918,82,87,-5,5
17919,86,93,-7,7
17920,79,76,3,3
17921,111,97,14,14
17922,74,73,1,1
17923,58,61,-3,3
17924,48,55,-7,7
17925,74,74,0,0
17926,123,114,9,9
17927,40,47,-7,7
17928,80,68,12,12
17929,63,59,4,4
17930,115,97,18,18
17931,107,106,1,1
17932,80,74,6,6
17933,85,84,1,1
17934,166,155,11,11
17935,71,80,-9,9
17936,56,66,-10,10
17937,48,60,-12,12
17938,96,91,5,5
17939,54,60,-6,6
17940,124,121,3,3
17941,92,93,-1,1
17942,51,62,-11,11
17943,62,70,-8,8
17944,89,86,3,3
17945,141,129,12,12
17946,87,73,14,14
17947,75,85,-10,10
17948,81,79,2,2
17949,65,82,-17,17
17950,90,82,8,8
17951,85,83,2,2
17952,71,77,-6,6
17953,61,70,-9,9
17954,104,100,4,4
17955,98,103,-5,5
17956,68,71,-3,3
17957,77,74,3,3
17958,90,87,3,3
17959,71,86,-15,15
17960,59,74,-15,15
17961,109,96,13,13
17962,105,105,0,0
17963,175,157,18,18
17964,83,91,-8,8
17965,139,122,17,17
17966,68,72,-4,4
17967,88,93,-5,5
17968,75,73,2,2
17969,104,107,-3,3
17970,126,108,18,18
17971,91,95,-4,4
17972,94,98,-4,4
17973,89,87,2,2
17974,41,52,-11,11
17975,91,110,-19,19
17976,81,85,-4,4
17977,72,72,0,0
17978,146,125,21,21
17979,80,81,-1,1
17980,141,111,30,30
17981,104,95,9,9
17982,111,99,12,12
17983,115,112,3,3
17984,67,69,-2,2
17985,132,122,10,10
17986,118,113,5,5
17987,79,75,4,4
17988,67,79,-12,12
17989,158,130,28,28
17990,90,83,7,7
17991,78,81,-3,3
17992,52,58,-6,6
17993,67,70,-3,3
17994,57,76,-19,19
17995,93,95,-2,2
17996,73,73,0,0
17997,100,105,-5,5
17998,150,131,19,19
17999,68,70,-2,2
18000,74,76,-2,2
18001,100,98,2,2
18002,92,97,-5,5
18003,101,105,-4,4
18004,96,88,8,8
18005,161,145,16,16
18006,71,78,-7,7
18007,97,95,2,2
18008,62,66,-4,4
18009,70,74,-4,4
18010,106,99,7,7
18011,67,76,-9,9
18012,56,69,-13,13
18013,75,72,3,3
18014,47,50,-3,3
18015,78,77,1,1
18016,62,62,0,0
18017,68,71,-3,3
18018,106,97,9,9
18019,125,109,16,16
18020,84,94,-10,10
18021,107,103,4,4
18022,63,65,-2,2
18023,76,88,-12,12
18024,98,88,10,10
18025,139,109,30,30
18026,94,94,0,0
18027,142,138,4,4
18028,121,114,7,7
18029,79,80,-1,1
18030,123,119,4,4
18031,82,83,-1,1
18032,174,163,11,11
18033,116,118,-2,2
18034,51,59,-8,8
18035,157,142,15,15
18036,57,64,-7,7
18037,71,69,2,2
18038,30,40,-10,10
18039,102,99,3,3
18040,140,122,18,18
18041,156,154,2,2
18042,44,48,-4,4
18043,157,146,11,11
18044,91,93,-2,2
18045,111,118,-7,7
18046,107,107,0,0
18047,83,88,-5,5
18048,83,81,2,2
18049,103,97,6,6
18050,84,77,7,7
18051,79,79,0,0
18052,119,102,17,17
18053,66,73,-7,7
18054,34,52,-18,18
18055,134,122,12,12
18056,108,102,6,6
18057,60,70,-10,10
18058,33,40,-7,7
18059,105,108,-3,3
18060,71,77,-6,6
18061,92,95,-3,3
18062,62,68,-6,6
18063,54,61,-7,7
18064,85,90,-5,5
18065,154,132,22,22
18066,109,101,8,8
18067,120,130,-10,10
18068,55,58,-3,3
18069,102,108,-6,6
18070,58,59,-1,1
18071,34,45,-11,11
18072,91,89,2,2
18073,110,101,9,9
18074,117,104,13,13
18075,102,122,-20,20
18076,95,89,6,6
18077,38,50,-12,12
18078,88,86,2,2
18079,107,97,10,10
18080,113,109,4,4
18081,58,63,-5,5
18082,56,67,-11,11
18083,68,72,-4,4
18084,59,62,-3,3
18085,169,165,4,4
18086,70,67,3,3
18087,117,107,10,10
18088,84,82,2,2
18089,150,153,-3,3
18090,123,128,-5,5
18091,72,75,-3,3
18092,108,108,0,0
18093,87,87,0,0
18094,123,144,-21,21
18095,79,80,-1,1
18096,112,121,-9,9
18097,77,77,0,0
18098,123,111,12,12
18099,109,117,-8,8
18100,82,77,5,5
18101,57,64,-7,7
18102,120,108,12,12
18103,117,120,-3,3
18104,53,56,-3,3
18105,72,79,-7,7
18106,90,83,7,7
18107,92,104,-12,12
18108,88,83,5,5
18109,55,72,-17,17
18110,62,59,3,3
18111,108,110,-2,2
18112,85,76,9,9
18113,66,84,-18,18
18114,165,162,3,3
18115,124,129,-5,5
18116,75,83,-8,8
18117,54,58,-4,4
18118,141,132,9,9
18119,67,71,-4,4
18120,94,96,-2,2
18121,102,108,-6,6
18122,119,118,1,1
18123,53,63,-10,10
18124,122,132,-10,10
18125,60,65,-5,5
18126,88,91,-3,3
18127,101,102,-1,1
18128,64,69,-5,5
18129,48,70,-22,22
18130,75,73,2,2
18131,53,72,-19,19
18132,123,105,18,18
18133,90,87,3,3
18134,137,140,-3,3
18135,95,98,-3,3
18136,88,104,-16,16
18137,106,113,-7,7
18138,155,144,11,11
18139,75,70,5,5
18140,62,67,-5,5
18141,91,86,5,5
18142,58,58,0,0
18143,51,64,-13,13
18144,120,116,4,4
18145,94,98,-4,4
18146,112,103,9,9
18147,84,100,-16,16
18148,67,74,-7,7
18149,83,83,0,0
18150,162,146,16,16
18151,122,118,4,4
18152,36,48,-12,12
18153,127,118,9,9
18154,75,92,-17,17
18155,119,103,16,16
18156,147,141,6,6
18157,105,102,3,3
18158,55,59,-4,4
18159,90,86,4,4
18160,57,63,-6,6
18161,100,99,1,1
18162,63,64,-1,1
18163,58,67,-9,9
18164,140,146,-6,6
18165,107,102,5,5
18166,71,81,-10,10
18167,145,146,-1,1
18168,64,73,-9,9
18169,94,85,9,9
18170,71,70,1,1
18171,68,75,-7,7
18172,109,98,11,11
18173,67,71,-4,4
18174,81,83,-2,2
18175,101,92,9,9
18176,135,122,13,13
18177,60,59,1,1
18178,154,141,13,13
18179,131,116,15,15
18180,97,88,9,9
18181,65,69,-4,4
18182,132,122,10,10
18183,95,97,-2,2
18184,97,90,7,7
18185,122,109,13,13
18186,80,88,-8,8
18187,89,84,5,5
18188,97,85,12,12
18189,106,102,4,4
18190,101,102,-1,1
18191,116,124,-8,8
18192,70,87,-17,17
18193,44,52,-8,8
18194,149,140,9,9
18195,95,95,0,0
18196,79,78,1,1
18197,114,110,4,4
18198,77,71,6,6
18199,121,110,11,11
18200,80,81,-1,1
18201,117,104,13,13
18202,150,134,16,16
18203,85,79,6,6
18204,72,83,-11,11
18205,112,104,8,8
18206,91,86,5,5
18207,61,61,0,0
18208,126,114,12,12
18209,78,77,1,1
18210,129,122,7,7
18211,71,74,-3,3
18212,72,78,-6,6
18213,166,157,9,9
18214,134,123,11,11
18215,36,40,-4,4
18216,63,72,-9,9
18217,73,73,0,0
18218,88,90,-2,2
18219,88,94,-6,6
18220,113,116,-3,3
18221,138,127,11,11
18222,88,73,15,15
18223,127,121,6,6
18224,216,196,20,20
18225,108,104,4,4
18226,137,130,7,7
18227,66,81,-15,15
18228,68,76,-8,8
18229,100,93,7,7
18230,50,58,-8,8
18231,130,129,1,1
18232,100,103,-3,3
18233,201,160,41,41
18234,53,59,-6,6
18235,65,69,-4,4
18236,60,63,-3,3
18237,177,163,14,14
18238,88,83,5,5
18239,64,70,-6,6
18240,141,140,1,1
18241,87,91,-4,4
18242,144,135,9,9
18243,118,105,13,13
18244,84,88,-4,4
18245,80,86,-6,6
18246,131,130,1,1
18247,61,67,-6,6
18248,93,88,5,5
18249,78,90,-12,12
18250,58,60,-2,2
18251,99,89,10,10
18252,107,98,9,9
18253,119,115,4,4
18254,104,110,-6,6
18255,87,92,-5,5
18256,88,83,5,5
18257,131,125,6,6
18258,126,119,7,7
18259,125,111,14,14
18260,99,106,-7,7
18261,127,121,6,6
18262,34,57,-23,23
18263,77,73,4,4
18264,88,88,0,0
18265,106,116,-10,10
18266,104,97,7,7
18267,78,87,-9,9
18268,78,77,1,1
18269,211,180,31,31
18270,68,57,11,11
18271,110,106,4,4
18272,86,88,-2,2
18273,102,100,2,2
18274,82,77,5,5
18275,57,61,-4,4
18276,106,105,1,1
18277,52,62,-10,10
18278,60,61,-1,1
18279,78,81,-3,3
18280,66,64,2,2
18281,134,125,9,9
18282,61,67,-6,6
18283,88,85,3,3
18284,95,97,-2,2
18285,79,81,-2,2
18286,109,107,2,2
18287,74,79,-5,5
18288,82,77,5,5
18289,77,79,-2,2
18290,89,86,3,3
18291,115,103,12,12
18292,64,69,-5,5
18293,143,130,13,13
18294,189,171,18,18
18295,27,31,-4,4
18296,82,90,-8,8
18297,127,133,-6,6
18298,121,105,16,16
18299,103,101,2,2
18300,55,58,-3,3
18301,163,155,8,8
18302,93,95,-2,2
18303,95,94,1,1
18304,123,120,3,3
18305,59,65,-6,6
18306,112,103,9,9
18307,76,78,-2,2
18308,77,89,-12,12
18309,62,67,-5,5
18310,71,74,-3,3
18311,60,64,-4,4
18312,141,140,1,1
18313,91,94,-3,3
18314,96,91,5,5
18315,58,63,-5,5
18316,93,92,1,1
18317,165,158,7,7
18318,199,181,18,18
18319,98,96,2,2
18320,152,145,7,7
18321,81,75,6,6
18322,93,86,7,7
18323,122,111,11,11
18324,83,84,-1,1
18325,82,87,-5,5
18326,61,67,-6,6
18327,87,92,-5,5
18328,44,57,-13,13
18329,90,99,-9,9
18330,50,58,-8,8
18331,122,115,7,7
18332,82,82,0,0
18333,101,104,-3,3
18334,93,95,-2,2
18335,132,119,13,13
18336,111,113,-2,2
18337,96,84,12,12
18338,47,52,-5,5
18339,113,111,2,2
18340,182,168,14,14
18341,107,123,-16,16
18342,99,106,-7,7
18343,72,77,-5,5
18344,84,90,-6,6
18345,55,60,-5,5
18346,154,153,1,1
18347,39,49,-10,10
18348,107,101,6,6
18349,89,94,-5,5
18350,114,111,3,3
18351,99,99,0,0
18352,76,81,-5,5
18353,61,68,-7,7
18354,112,98,14,14
18355,79,80,-1,1
18356,81,81,0,0
18357,80,85,-5,5
18358,49,66,-17,17
18359,48,34,14,14
18360,113,106,7,7
18361,91,93,-2,2
18362,76,77,-1,1
18363,144,145,-1,1
18364,67,70,-3,3
18365,81,73,8,8
18366,111,104,7,7
18367,78,81,-3,3
18368,53,62,-9,9
18369,77,81,-4,4
18370,71,89,-18,18
18371,76,75,1,1
18372,65,68,-3,3
18373,90,91,-1,1
18374,165,153,12,12
18375,188,173,15,15
18376,58,156,-98,98
18377,81,81,0,0
18378,65,70,-5,5
18379,91,93,-2,2
18380,116,113,3,3
18381,145,129,16,16
18382,111,110,1,1
18383,146,136,10,10
18384,119,103,16,16
18385,91,93,-2,2
18386,116,115,1,1
18387,48,52,-4,4
18388,107,113,-6,6
18389,63,67,-4,4
18390,120,107,13,13
18391,86,83,3,3
18392,93,94,-1,1
18393,89,93,-4,4
18394,95,98,-3,3
18395,90,83,7,7
18396,104,99,5,5
18397,144,140,4,4
18398,119,107,12,12
18399,82,84,-2,2
18400,61,78,-17,17
18401,93,99,-6,6
18402,142,127,15,15
18403,73,72,1,1
18404,133,118,15,15
18405,128,135,-7,7
18406,104,99,5,5
18407,90,88,2,2
18408,88,95,-7,7
18409,65,79,-14,14
18410,102,97,5,5
18411,176,153,23,23
18412,90,94,-4,4
18413,241,206,35,35
18414,115,100,15,15
18415,69,71,-2,2
18416,94,84,10,10
18417,123,113,10,10
18418,96,105,-9,9
18419,90,95,-5,5
18420,59,66,-7,7
18421,76,76,0,0
18422,72,73,-1,1
18423,70,75,-5,5
18424,67,69,-2,2
18425,83,85,-2,2
18426,205,173,32,32
18427,62,70,-8,8
18428,214,198,16,16
18429,79,73,6,6
18430,142,129,13,13
18431,88,84,4,4
18432,107,109,-2,2
18433,120,108,12,12
18434,108,104,4,4
18435,102,94,8,8
18436,64,71,-7,7
18437,86,93,-7,7
18438,70,74,-4,4
18439,130,102,28,28
18440,97,88,9,9
18441,85,88,-3,3
18442,67,67,0,0
18443,142,109,33,33
18444,48,59,-11,11
18445,88,82,6,6
18446,123,125,-2,2
18447,69,78,-9,9
18448,92,89,3,3
18449,69,75,-6,6
18450,45,52,-7,7
18451,64,67,-3,3
18452,84,78,6,6
18453,131,122,9,9
18454,78,81,-3,3
18455,32,43,-11,11
18456,85,80,5,5
18457,100,93,7,7
18458,99,83,16,16
18459,125,116,9,9
18460,91,82,9,9
18461,196,177,19,19
18462,94,115,-21,21
18463,54,57,-3,3
18464,134,123,11,11
18465,168,146,22,22
18466,64,65,-1,1
18467,73,77,-4,4
18468,96,89,7,7
18469,82,76,6,6
18470,48,57,-9,9
18471,65,73,-8,8
18472,121,118,3,3
18473,102,103,-1,1
18474,69,69,0,0
18475,92,90,2,2
18476,79,80,-1,1
18477,107,108,-1,1
18478,76,91,-15,15
18479,73,79,-6,6
18480,75,73,2,2
18481,150,150,0,0
18482,149,141,8,8
18483,144,132,12,12
18484,113,108,5,5
18485,62,73,-11,11
18486,108,107,1,1
18487,103,104,-1,1
18488,58,92,-34,34
18489,42,60,-18,18
18490,115,99,16,16
18491,58,89,-31,31
18492,115,101,14,14
18493,109,100,9,9
18494,51,47,4,4
18495,70,71,-1,1
18496,68,86,-18,18
18497,143,133,10,10
18498,83,74,9,9
18499,116,107,9,9
18500,45,54,-9,9
18501,90,87,3,3
18502,67,69,-2,2
18503,100,101,-1,1
18504,113,113,0,0
18505,30,49,-19,19
18506,98,98,0,0
18507,67,73,-6,6
18508,53,63,-10,10
18509,105,102,3,3
18510,123,124,-1,1
18511,57,62,-5,5
18512,125,110,15,15
18513,98,94,4,4
18514,111,110,1,1
18515,122,113,9,9
18516,117,116,1,1
18517,74,77,-3,3
18518,84,82,2,2
18519,143,141,2,2
18520,121,110,11,11
18521,121,115,6,6
18522,99,95,4,4
18523,103,94,9,9
18524,104,88,16,16
18525,63,63,0,0
18526,222,183,39,39
18527,113,102,11,11
18528,88,90,-2,2
18529,122,101,21,21
18530,109,115,-6,6
18531,72,70,2,2
18532,64,65,-1,1
18533,144,132,12,12
18534,82,83,-1,1
18535,82,87,-5,5
18536,162,152,10,10
18537,112,117,-5,5
18538,62,66,-4,4
18539,78,95,-17,17
18540,48,51,-3,3
18541,90,89,1,1
18542,130,113,17,17
18543,70,75,-5,5
18544,141,150,-9,9
18545,138,130,8,8
18546,126,93,33,33
18547,71,73,-2,2
18548,89,95,-6,6
18549,138,135,3,3
18550,70,67,3,3
18551,123,111,12,12
18552,72,76,-4,4
18553,107,106,1,1
18554,58,59,-1,1
18555,90,85,5,5
18556,136,137,-1,1
18557,163,153,10,10
18558,108,99,9,9
18559,83,76,7,7
18560,117,112,5,5
18561,142,136,6,6
18562,69,71,-2,2
18563,100,90,10,10
18564,211,178,33,33
18565,148,145,3,3
18566,82,80,2,2
18567,86,89,-3,3
18568,201,184,17,17
18569,113,120,-7,7
18570,126,121,5,5
18571,64,64,0,0
18572,98,96,2,2
18573,51,57,-6,6
18574,93,103,-10,10
18575,60,65,-5,5
18576,82,80,2,2
18577,95,106,-11,11
18578,94,85,9,9
18579,81,80,1,1
18580,111,108,3,3
18581,63,72,-9,9
18582,55,62,-7,7
18583,142,136,6,6
18584,139,125,14,14
18585,118,109,9,9
18586,209,163,46,46
18587,73,73,0,0
18588,103,104,-1,1
18589,118,122,-4,4
18590,124,115,9,9
18591,79,92,-13,13
18592,124,117,7,7
18593,129,124,5,5
18594,91,86,5,5
18595,83,91,-8,8
18596,120,104,16,16
18597,91,84,7,7
18598,101,97,4,4
18599,117,110,7,7
18600,154,141,13,13
18601,83,84,-1,1
18602,113,109,4,4
18603,83,86,-3,3
18604,106,110,-4,4
18605,47,56,-9,9
18606,63,66,-3,3
18607,99,94,5,5
18608,47,69,-22,22
18609,111,102,9,9
18610,111,104,7,7
18611,152,139,13,13
18612,91,100,-9,9
18613,111,108,3,3
18614,103,117,-14,14
18615,80,85,-5,5
18616,133,124,9,9
18617,83,80,3,3
18618,67,66,1,1
18619,124,129,-5,5
18620,93,100,-7,7
18621,80,83,-3,3
18622,64,73,-9,9
18623,74,87,-13,13
18624,92,93,-1,1
18625,122,110,12,12
18626,92,102,-10,10
18627,111,110,1,1
18628,148,125,23,23
18629,102,96,6,6
18630,101,96,5,5
18631,89,87,2,2
18632,94,102,-8,8
18633,78,79,-1,1
18634,88,79,9,9
18635,87,96,-9,9
18636,59,57,2,2
18637,75,85,-10,10
18638,101,103,-2,2
18639,96,100,-4,4
18640,64,68,-4,4
18641,106,99,7,7
18642,90,91,-1,1
18643,95,99,-4,4
18644,107,106,1,1
18645,95,97,-2,2
18646,78,85,-7,7
18647,124,153,-29,29
18648,142,141,1,1
18649,73,73,0,0
18650,111,108,3,3
18651,92,78,14,14
18652,205,171,34,34
18653,93,90,3,3
18654,87,98,-11,11
18655,43,47,-4,4
18656,51,59,-8,8
18657,102,102,0,0
18658,85,96,-11,11
18659,152,145,7,7
18660,69,72,-3,3
18661,47,56,-9,9
18662,52,63,-11,11
18663,94,99,-5,5
18664,149,140,9,9
18665,81,71,10,10
18666,96,86,10,10
18667,88,86,2,2
18668,81,78,3,3
18669,129,121,8,8
18670,107,127,-20,20
18671,93,84,9,9
18672,90,91,-1,1
18673,72,78,-6,6
18674,82,82,0,0
18675,73,76,-3,3
18676,102,101,1,1
18677,52,61,-9,9
18678,79,87,-8,8
18679,131,118,13,13
18680,56,58,-2,2
18681,58,58,0,0
18682,66,66,0,0
18683,58,66,-8,8
18684,76,81,-5,5
18685,83,80,3,3
18686,84,82,2,2
18687,100,107,-7,7
18688,114,102,12,12
18689,112,110,2,2
18690,104,96,8,8
18691,110,110,0,0
18692,160,156,4,4
18693,98,95,3,3
18694,122,116,6,6
18695,39,48,-9,9
18696,120,118,2,2
18697,84,84,0,0
18698,64,86,-22,22
18699,87,96,-9,9
18700,102,99,3,3
18701,87,88,-1,1
18702,76,73,3,3
18703,132,125,7,7
18704,65,65,0,0
18705,136,120,16,16
18706,87,77,10,10
18707,93,88,5,5
18708,130,120,10,10
18709,96,95,1,1
18710,93,90,3,3
18711,67,76,-9,9
18712,116,113,3,3
18713,81,90,-9,9
18714,107,108,-1,1
18715,70,69,1,1
18716,113,107,6,6
18717,78,84,-6,6
18718,93,87,6,6
18719,62,73,-11,11
18720,43,51,-8,8
18721,81,78,3,3
18722,85,87,-2,2
18723,128,118,10,10
18724,110,112,-2,2
18725,37,41,-4,4
18726,66,76,-10,10
18727,56,59,-3,3
18728,95,95,0,0
18729,95,97,-2,2
18730,92,91,1,1
18731,99,102,-3,3
18732,75,82,-7,7
18733,186,154,32,32
18734,30,38,-8,8
18735,63,67,-4,4
18736,60,55,5,5
18737,38,48,-10,10
18738,70,78,-8,8
18739,85,84,1,1
18740,71,64,7,7
18741,122,123,-1,1
18742,45,42,3,3
18743,94,89,5,5
18744,133,124,9,9
18745,89,82,7,7
18746,85,78,7,7
18747,80,82,-2,2
18748,141,125,16,16
18749,108,104,4,4
18750,39,57,-18,18
18751,85,99,-14,14
18752,99,98,1,1
18753,81,77,4,4
18754,123,119,4,4
18755,98,95,3,3
18756,81,85,-4,4
18757,110,112,-2,2
18758,64,74,-10,10
18759,75,84,-9,9
18760,59,60,-1,1
18761,66,75,-9,9
18762,81,74,7,7
18763,92,91,1,1
18764,115,109,6,6
18765,129,129,0,0
18766,99,95,4,4
18767,72,78,-6,6
18768,91,91,0,0
18769,69,74,-5,5
18770,80,76,4,4
18771,89,94,-5,5
18772,92,101,-9,9
18773,95,93,2,2
18774,166,147,19,19
18775,61,62,-1,1
18776,59,55,4,4
18777,42,60,-18,18
18778,53,62,-9,9
18779,101,98,3,3
18780,90,84,6,6
18781,116,106,10,10
18782,83,78,5,5
18783,89,88,1,1
18784,121,116,5,5
18785,74,63,11,11
18786,113,100,13,13
18787,85,87,-2,2
18788,137,131,6,6
18789,72,84,-12,12
18790,78,70,8,8
18791,113,118,-5,5
18792,144,114,30,30
18793,54,59,-5,5
18794,74,73,1,1
18795,72,73,-1,1
18796,73,75,-2,2
18797,163,142,21,21
18798,96,97,-1,1
18799,90,88,2,2
18800,64,67,-3,3
18801,61,67,-6,6
18802,79,80,-1,1
18803,118,120,-2,2
18804,70,72,-2,2
18805,108,104,4,4
18806,83,104,-21,21
18807,55,59,-4,4
18808,139,136,3,3
18809,49,55,-6,6
18810,159,143,16,16
18811,30,36,-6,6
18812,111,112,-1,1
18813,112,108,4,4
18814,149,147,2,2
18815,104,98,6,6
18816,166,136,30,30
18817,76,75,1,1
18818,128,131,-3,3
18819,54,66,-12,12
18820,99,99,0,0
18821,53,58,-5,5
18822,98,94,4,4
18823,94,97,-3,3
18824,144,152,-8,8
18825,47,49,-2,2
18826,124,127,-3,3
18827,137,147,-10,10
18828,55,56,-1,1
18829,79,73,6,6
18830,103,102,1,1
18831,67,74,-7,7
18832,45,50,-5,5
18833,129,113,16,16
18834,33,58,-25,25
18835,108,105,3,3
18836,68,69,-1,1
18837,165,150,15,15
18838,108,96,12,12
18839,142,117,25,25
18840,108,108,0,0
18841,56,66,-10,10
18842,73,78,-5,5
18843,121,113,8,8
18844,139,142,-3,3
18845,124,116,8,8
18846,59,63,-4,4
18847,98,112,-14,14
18848,42,48,-6,6
18849,94,99,-5,5
18850,120,107,13,13
18851,64,70,-6,6
18852,52,64,-12,12
18853,193,171,22,22
18854,99,94,5,5
18855,73,81,-8,8
18856,166,132,34,34
18857,116,111,5,5
18858,69,87,-18,18
18859,67,69,-2,2
18860,81,77,4,4
18861,112,101,11,11
18862,120,104,16,16
18863,67,62,5,5
18864,105,90,15,15
18865,146,129,17,17
18866,110,98,12,12
18867,90,88,2,2
18868,94,84,10,10
18869,106,119,-13,13
18870,95,94,1,1
18871,112,109,3,3
18872,104,94,10,10
18873,60,70,-10,10
18874,93,78,15,15
18875,171,162,9,9
18876,57,58,-1,1
18877,106,97,9,9
18878,83,88,-5,5
18879,65,62,3,3
18880,111,109,2,2
18881,117,115,2,2
18882,71,77,-6,6
18883,46,61,-15,15
18884,87,102,-15,15
18885,80,79,1,1
18886,58,64,-6,6
18887,47,49,-2,2
18888,196,169,27,27
18889,100,102,-2,2
18890,122,126,-4,4
18891,126,125,1,1
18892,61,67,-6,6
18893,68,77,-9,9
18894,90,98,-8,8
18895,96,98,-2,2
18896,154,156,-2,2
18897,153,149,4,4
18898,83,81,2,2
18899,130,123,7,7
18900,110,102,8,8
18901,122,118,4,4
18902,85,80,5,5
18903,55,60,-5,5
18904,85,81,4,4
18905,122,116,6,6
18906,71,72,-1,1
18907,149,137,12,12
18908,101,99,2,2
18909,81,91,-10,10
18910,95,94,1,1
18911,120,112,8,8
18912,137,140,-3,3
18913,132,141,-9,9
18914,83,78,5,5
18915,121,111,10,10
18916,121,113,8,8
18917,125,138,-13,13
18918,81,84,-3,3
18919,137,137,0,0
18920,89,89,0,0
18921,113,106,7,7
18922,23,39,-16,16
18923,123,101,22,22
18924,172,162,10,10
18925,64,66,-2,2
18926,122,127,-5,5
18927,67,70,-3,3
18928,86,85,1,1
18929,42,57,-15,15
18930,126,117,9,9
18931,148,128,20,20
18932,81,77,4,4
18933,78,80,-2,2
18934,74,73,1,1
18935,52,61,-9,9
18936,67,71,-4,4
18937,69,71,-2,2
18938,76,85,-9,9
18939,56,63,-7,7
18940,103,111,-8,8
18941,86,95,-9,9
18942,67,74,-7,7
18943,74,81,-7,7
18944,61,62,-1,1
18945,42,60,-18,18
18946,106,101,5,5
18947,59,64,-5,5
18948,65,65,0,0
18949,148,147,1,1
18950,161,151,10,10
18951,140,129,11,11
18952,140,132,8,8
18953,70,79,-9,9
18954,157,145,12,12
18955,70,80,-10,10
18956,110,114,-4,4
18957,132,153,-21,21
18958,40,63,-23,23
18959,115,105,10,10
18960,165,156,9,9
18961,46,64,-18,18
18962,108,115,-7,7
18963,145,138,7,7
18964,153,135,18,18
18965,64,67,-3,3
18966,104,103,1,1
18967,104,89,15,15
18968,103,92,11,11
18969,99,106,-7,7
18970,58,64,-6,6
18971,78,76,2,2
18972,116,115,1,1
18973,95,108,-13,13
18974,77,74,3,3
18975,100,96,4,4
18976,147,139,8,8
18977,73,75,-2,2
18978,90,93,-3,3
18979,91,91,0,0
18980,136,128,8,8
18981,156,140,16,16
18982,71,72,-1,1
18983,65,68,-3,3
18984,82,81,1,1
18985,116,111,5,5
18986,134,123,11,11
18987,70,75,-5,5
18988,98,96,2,2
18989,194,171,23,23
18990,58,67,-9,9
18991,111,146,-35,35
18992,55,59,-4,4
18993,105,103,2,2
18994,85,86,-1,1
18995,105,96,9,9
18996,83,90,-7,7
18997,96,88,8,8
18998,83,79,4,4
18999,153,145,8,8
19000,81,82,-1,1
19001,60,65,-5,5
19002,137,134,3,3
19003,140,129,11,11
19004,88,93,-5,5
19005,124,120,4,4
19006,101,93,8,8
19007,84,79,5,5
19008,99,95,4,4
19009,59,57,2,2
19010,83,93,-10,10
19011,113,117,-4,4
19012,83,86,-3,3
19013,65,70,-5,5
19014,52,62,-10,10
19015,120,123,-3,3
19016,102,91,11,11
19017,50,81,-31,31
19018,134,130,4,4
19019,90,89,1,1
19020,79,75,4,4
19021,78,85,-7,7
19022,122,109,13,13
19023,69,74,-5,5
19024,72,72,0,0
19025,71,75,-4,4
19026,112,95,17,17
19027,111,97,14,14
19028,96,99,-3,3
19029,96,93,3,3
19030,67,71,-4,4
19031,102,103,-1,1
19032,71,78,-7,7
19033,147,141,6,6
19034,123,124,-1,1
19035,89,77,12,12
19036,72,81,-9,9
19037,81,86,-5,5
19038,61,65,-4,4
19039,79,80,-1,1
19040,112,102,10,10
19041,167,164,3,3
19042,74,79,-5,5
19043,122,109,13,13
19044,78,86,-8,8
19045,64,74,-10,10
19046,72,77,-5,5
19047,90,83,7,7
19048,86,79,7,7
19049,122,112,10,10
19050,70,65,5,5
19051,80,80,0,0
19052,55,60,-5,5
19053,86,80,6,6
19054,117,111,6,6
19055,95,94,1,1
19056,88,88,0,0
19057,123,108,15,15
19058,102,95,7,7
19059,73,70,3,3
19060,33,42,-9,9
19061,133,116,17,17
19062,65,74,-9,9
19063,75,65,10,10
19064,39,43,-4,4
19065,119,106,13,13
19066,88,91,-3,3
19067,110,96,14,14
19068,59,65,-6,6
19069,94,101,-7,7
19070,90,86,4,4
19071,64,67,-3,3
19072,111,108,3,3
19073,95,95,0,0
19074,77,78,-1,1
19075,60,64,-4,4
19076,151,144,7,7
19077,90,84,6,6
19078,65,72,-7,7
19079,100,108,-8,8
19080,59,66,-7,7
19081,89,88,1,1
19082,91,99,-8,8
19083,152,141,11,11
19084,58,62,-4,4
19085,98,107,-9,9
19086,111,104,7,7
19087,94,87,7,7
19088,98,101,-3,3
19089,99,91,8,8
19090,132,124,8,8
19091,99,114,-15,15
19092,163,165,-2,2
19093,105,97,8,8
19094,109,110,-1,1
19095,49,55,-6,6
19096,97,109,-12,12
19097,153,135,18,18
19098,73,98,-25,25
19099,71,75,-4,4
19100,89,84,5,5
19101,110,96,14,14
19102,73,76,-3,3
19103,151,127,24,24
19104,146,135,11,11
19105,74,76,-2,2
19106,76,71,5,5
19107,57,120,-63,63
19108,96,86,10,10
19109,143,122,21,21
19110,98,85,13,13
19111,74,77,-3,3
19112,78,77,1,1
19113,139,149,-10,10
19114,81,85,-4,4
19115,74,82,-8,8
19116,81,82,-1,1
19117,149,156,-7,7
19118,59,69,-10,10
19119,92,95,-3,3
19120,88,86,2,2
19121,94,93,1,1
19122,106,103,3,3
19123,143,118,25,25
19124,61,69,-8,8
19125,84,80,4,4
19126,107,108,-1,1
19127,129,130,-1,1
19128,80,80,0,0
19129,89,92,-3,3
19130,159,148,11,11
19131,44,54,-10,10
19132,116,116,0,0
19133,79,81,-2,2
19134,82,76,6,6
19135,77,78,-1,1
19136,124,109,15,15
19137,97,99,-2,2
19138,62,71,-9,9
19139,65,70,-5,5
19140,78,76,2,2
19141,105,103,2,2
19142,107,110,-3,3
19143,60,67,-7,7
19144,63,65,-2,2
19145,71,72,-1,1
19146,122,122,0,0
19147,76,78,-2,2
19148,137,137,0,0
19149,89,90,-1,1
19150,87,93,-6,6
19151,147,142,5,5
19152,121,133,-12,12
19153,91,83,8,8
19154,62,65,-3,3
19155,77,86,-9,9
19156,95,93,2,2
19157,71,74,-3,3
19158,129,136,-7,7
19159,114,111,3,3
19160,196,175,21,21
19161,113,110,3,3
19162,122,109,13,13
19163,120,107,13,13
19164,104,114,-10,10
19165,99,96,3,3
19166,80,81,-1,1
19167,69,78,-9,9
19168,100,105,-5,5
19169,63,67,-4,4
19170,145,129,16,16
19171,55,55,0,0
19172,91,86,5,5
19173,148,137,11,11
19174,75,71,4,4
19175,106,102,4,4
19176,179,158,21,21
19177,86,96,-10,10
19178,72,74,-2,2
19179,127,130,-3,3
19180,68,66,2,2
19181,69,87,-18,18
19182,136,135,1,1
19183,91,91,0,0
19184,102,104,-2,2
19185,128,115,13,13
19186,94,92,2,2
19187,105,101,4,4
19188,146,132,14,14
19189,72,69,3,3
19190,105,101,4,4
19191,137,126,11,11
19192,169,156,13,13
19193,130,151,-21,21
19194,126,121,5,5
19195,125,113,12,12
19196,102,101,1,1
19197,74,73,1,1
19198,74,89,-15,15
19199,97,97,0,0
19200,113,108,5,5
19201,54,59,-5,5
19202,127,109,18,18
19203,73,81,-8,8
19204,145,148,-3,3
19205,117,110,7,7
19206,123,114,9,9
19207,188,158,30,30
19208,75,83,-8,8
19209,76,85,-9,9
19210,45,55,-10,10
19211,86,85,1,1
19212,74,78,-4,4
19213,103,111,-8,8
19214,140,121,19,19
19215,95,96,-1,1
19216,102,103,-1,1
19217,34,46,-12,12
19218,101,95,6,6
19219,62,74,-12,12
19220,81,89,-8,8
19221,84,86,-2,2
19222,114,122,-8,8
19223,90,84,6,6
19224,66,94,-28,28
19225,98,96,2,2
19226,68,77,-9,9
19227,115,106,9,9
19228,101,80,21,21
19229,137,121,16,16
19230,125,125,0,0
19231,84,87,-3,3
19232,43,60,-17,17
19233,99,91,8,8
19234,126,125,1,1
19235,97,96,1,1
19236,105,98,7,7
19237,74,79,-5,5
19238,108,104,4,4
19239,70,68,2,2
19240,49,58,-9,9
19241,133,125,8,8
19242,105,98,7,7
19243,147,146,1,1
19244,98,95,3,3
19245,124,110,14,14
19246,73,75,-2,2
19247,78,74,4,4
19248,106,107,-1,1
19249,63,64,-1,1
19250,87,89,-2,2
19251,80,76,4,4
19252,101,96,5,5
19253,80,80,0,0
19254,107,95,12,12
19255,65,74,-9,9
19256,62,61,1,1
19257,124,123,1,1
19258,37,47,-10,10
19259,109,104,5,5
19260,48,60,-12,12
19261,152,133,19,19
19262,163,152,11,11
19263,126,119,7,7
19264,62,89,-27,27
19265,128,133,-5,5
19266,104,101,3,3
19267,110,121,-11,11
19268,79,83,-4,4
19269,79,81,-2,2
19270,145,139,6,6
19271,74,82,-8,8
19272,59,66,-7,7
19273,107,106,1,1
19274,88,94,-6,6
19275,47,68,-21,21
19276,111,111,0,0
19277,108,101,7,7
19278,133,113,20,20
19279,155,154,1,1
19280,85,86,-1,1
19281,135,117,18,18
19282,104,98,6,6
19283,149,150,-1,1
19284,78,80,-2,2
19285,76,78,-2,2
19286,96,98,-2,2
19287,130,114,16,16
19288,90,86,4,4
19289,55,83,-28,28
19290,123,127,-4,4
19291,65,67,-2,2
19292,69,63,6,6
19293,50,60,-10,10
19294,51,64,-13,13
19295,81,73,8,8
19296,108,108,0,0
19297,81,81,0,0
19298,42,49,-7,7
19299,141,115,26,26
19300,66,75,-9,9
19301,103,98,5,5
19302,147,136,11,11
19303,105,91,14,14
19304,136,111,25,25
19305,58,66,-8,8
19306,108,93,15,15
19307,63,65,-2,2
19308,116,116,0,0
19309,147,139,8,8
19310,73,72,1,1
19311,92,91,1,1
19312,63,67,-4,4
19313,98,98,0,0
19314,153,147,6,6
19315,98,95,3,3
19316,68,77,-9,9
19317,70,63,7,7
19318,69,128,-59,59
19319,68,69,-1,1
19320,66,68,-2,2
19321,83,84,-1,1
19322,113,103,10,10
19323,123,109,14,14
19324,39,46,-7,7
19325,127,111,16,16
19326,119,118,1,1
19327,80,80,0,0
19328,202,206,-4,4
19329,71,80,-9,9
19330,49,57,-8,8
19331,73,83,-10,10
19332,90,98,-8,8
19333,86,85,1,1
19334,71,84,-13,13
19335,62,71,-9,9
19336,89,84,5,5
19337,205,174,31,31
19338,157,124,33,33
19339,95,104,-9,9
19340,54,66,-12,12
19341,86,88,-2,2
19342,105,105,0,0
19343,51,65,-14,14
19344,56,69,-13,13
19345,142,148,-6,6
19346,151,135,16,16
19347,72,75,-3,3
19348,71,84,-13,13
19349,73,73,0,0
19350,58,62,-4,4
19351,175,182,-7,7
19352,132,123,9,9
19353,102,102,0,0
19354,115,110,5,5
19355,92,101,-9,9
19356,77,77,0,0
19357,113,109,4,4
19358,103,103,0,0
19359,147,155,-8,8
19360,93,104,-11,11
19361,105,107,-2,2
19362,95,89,6,6
19363,158,146,12,12
19364,117,114,3,3
19365,113,112,1,1
19366,84,76,8,8
19367,64,72,-8,8
19368,98,95,3,3
19369,91,98,-7,7
19370,106,95,11,11
19371,57,68,-11,11
19372,130,123,7,7
19373,67,77,-10,10
19374,60,66,-6,6
19375,80,76,4,4
19376,109,107,2,2
19377,56,83,-27,27
19378,61,73,-12,12
19379,162,149,13,13
19380,105,101,4,4
19381,118,109,9,9
19382,88,86,2,2
19383,61,57,4,4
19384,101,96,5,5
19385,130,129,1,1
19386,116,104,12,12
19387,66,73,-7,7
19388,67,70,-3,3
19389,68,77,-9,9
19390,54,58,-4,4
19391,76,78,-2,2
19392,91,93,-2,2
19393,48,53,-5,5
19394,108,105,3,3
19395,50,59,-9,9
19396,121,125,-4,4
19397,55,56,-1,1
19398,99,92,7,7
19399,109,106,3,3
19400,129,117,12,12
19401,59,60,-1,1
19402,193,177,16,16
19403,115,109,6,6
19404,168,160,8,8
19405,109,106,3,3
19406,79,88,-9,9
19407,69,70,-1,1
19408,124,120,4,4
19409,86,97,-11,11
19410,108,102,6,6
19411,57,63,-6,6
19412,69,62,7,7
19413,73,79,-6,6
19414,93,100,-7,7
19415,108,102,6,6
19416,47,52,-5,5
19417,96,92,4,4
19418,136,139,-3,3
19419,62,54,8,8
19420,35,51,-16,16
19421,168,167,1,1
19422,72,67,5,5
19423,53,58,-5,5
19424,181,164,17,17
19425,106,99,7,7
19426,110,114,-4,4
19427,71,75,-4,4
19428,81,90,-9,9
19429,66,69,-3,3
19430,96,101,-5,5
19431,94,89,5,5
19432,101,91,10,10
19433,56,59,-3,3
19434,161,145,16,16
19435,120,109,11,11
19436,90,92,-2,2
19437,74,79,-5,5
19438,119,110,9,9
19439,120,114,6,6
19440,116,136,-20,20
19441,72,75,-3,3
19442,100,91,9,9
19443,72,74,-2,2
19444,152,148,4,4
19445,65,76,-11,11
19446,84,82,2,2
19447,100,98,2,2
19448,116,102,14,14
19449,88,89,-1,1
19450,94,101,-7,7
19451,76,76,0,0
19452,70,78,-8,8
19453,72,88,-16,16
19454,114,110,4,4
19455,95,96,-1,1
19456,88,83,5,5
19457,103,112,-9,9
19458,82,83,-1,1
19459,66,77,-11,11
19460,126,111,15,15
19461,215,204,11,11
19462,127,121,6,6
19463,71,73,-2,2
19464,106,92,14,14
19465,125,121,4,4
19466,98,92,6,6
19467,80,94,-14,14
19468,76,80,-4,4
19469,126,120,6,6
19470,45,53,-8,8
19471,98,97,1,1
19472,75,76,-1,1
19473,76,71,5,5
19474,103,104,-1,1
19475,149,139,10,10
19476,110,111,-1,1
19477,71,73,-2,2
19478,121,129,-8,8
19479,86,87,-1,1
19480,44,45,-1,1
19481,126,121,5,5
19482,145,125,20,20
19483,94,102,-8,8
19484,49,61,-12,12
19485,99,96,3,3
19486,75,86,-11,11
19487,77,93,-16,16
19488,65,74,-9,9
19489,117,109,8,8
19490,87,84,3,3
19491,87,98,-11,11
19492,138,136,2,2
19493,66,69,-3,3
19494,100,89,11,11
19495,107,96,11,11
19496,82,104,-22,22
19497,76,85,-9,9
19498,67,75,-8,8
19499,40,52,-12,12
19500,88,94,-6,6
19501,184,162,22,22
19502,92,83,9,9
19503,134,133,1,1
19504,105,102,3,3
19505,112,109,3,3
19506,70,73,-3,3
19507,70,78,-8,8
19508,57,65,-8,8
19509,120,114,6,6
19510,98,103,-5,5
19511,115,106,9,9
19512,84,97,-13,13
19513,97,94,3,3
19514,85,86,-1,1
19515,67,72,-5,5
19516,93,83,10,10
19517,123,116,7,7
19518,52,100,-48,48
19519,113,105,8,8
19520,63,68,-5,5
19521,97,92,5,5
19522,103,97,6,6
19523,91,97,-6,6
19524,74,78,-4,4
19525,110,114,-4,4
19526,162,150,12,12
19527,98,96,2,2
19528,103,98,5,5
19529,96,104,-8,8
19530,35,41,-6,6
19531,85,92,-7,7
19532,69,73,-4,4
19533,80,74,6,6
19534,60,66,-6,6
19535,87,99,-12,12
19536,77,77,0,0
19537,139,130,9,9
19538,51,59,-8,8
19539,122,108,14,14
19540,125,114,11,11
19541,63,60,3,3
19542,125,112,13,13
19543,85,96,-11,11
19544,112,108,4,4
19545,58,68,-10,10
19546,104,102,2,2
19547,120,110,10,10
19548,43,53,-10,10
19549,90,100,-10,10
19550,29,31,-2,2
19551,92,85,7,7
19552,99,84,15,15
19553,55,63,-8,8
19554,66,65,1,1
19555,78,77,1,1
19556,67,65,2,2
19557,91,83,8,8
19558,143,125,18,18
19559,86,95,-9,9
19560,57,73,-16,16
19561,96,87,9,9
19562,101,109,-8,8
19563,58,58,0,0
19564,113,102,11,11
19565,44,45,-1,1
19566,140,117,23,23
19567,150,146,4,4
19568,117,119,-2,2
19569,86,90,-4,4
19570,99,93,6,6
19571,114,102,12,12
19572,81,79,2,2
19573,64,63,1,1
19574,132,134,-2,2
19575,82,83,-1,1
19576,141,135,6,6
19577,68,84,-16,16
19578,137,123,14,14
19579,75,74,1,1
19580,71,72,-1,1
19581,59,54,5,5
19582,45,44,1,1
19583,70,69,1,1
19584,107,104,3,3
19585,59,63,-4,4
19586,41,51,-10,10
19587,65,73,-8,8
19588,50,56,-6,6
19589,88,91,-3,3
19590,114,111,3,3
19591,64,61,3,3
19592,154,151,3,3
19593,64,74,-10,10
19594,46,69,-23,23
19595,120,115,5,5
19596,80,81,-1,1
19597,52,55,-3,3
19598,88,106,-18,18
19599,65,90,-25,25
19600,49,59,-10,10
19601,82,94,-12,12
19602,108,111,-3,3
19603,59,69,-10,10
19604,68,71,-3,3
19605,99,90,9,9
19606,100,97,3,3
19607,100,92,8,8
19608,156,142,14,14
19609,91,98,-7,7
19610,152,145,7,7
19611,125,111,14,14
19612,60,65,-5,5
19613,43,56,-13,13
19614,48,52,-4,4
19615,94,98,-4,4
19616,70,69,1,1
19617,52,56,-4,4
19618,70,72,-2,2
19619,154,141,13,13
19620,133,132,1,1
19621,72,73,-1,1
19622,79,88,-9,9
19623,111,113,-2,2
19624,72,73,-1,1
19625,147,152,-5,5
19626,94,90,4,4
19627,41,49,-8,8
19628,79,88,-9,9
19629,61,63,-2,2
19630,68,75,-7,7
19631,70,70,0,0
19632,80,87,-7,7
19633,58,69,-11,11
19634,45,53,-8,8
19635,187,161,26,26
19636,84,82,2,2
19637,76,76,0,0
19638,154,143,11,11
19639,139,129,10,10
19640,173,157,16,16
19641,75,71,4,4
19642,148,140,8,8
19643,174,162,12,12
19644,100,107,-7,7
19645,29,37,-8,8
19646,102,93,9,9
19647,67,73,-6,6
19648,51,56,-5,5
19649,133,109,24,24
19650,36,42,-6,6
19651,66,66,0,0
19652,65,63,2,2
19653,73,77,-4,4
19654,151,131,20,20
19655,87,82,5,5
19656,138,143,-5,5
19657,65,67,-2,2
19658,97,93,4,4
19659,84,88,-4,4
19660,171,155,16,16
19661,110,105,5,5
19662,120,110,10,10
19663,99,93,6,6
19664,135,149,-14,14
19665,90,89,1,1
19666,70,71,-1,1
19667,99,102,-3,3
19668,58,64,-6,6
19669,109,131,-22,22
19670,77,79,-2,2
19671,74,76,-2,2
19672,134,130,4,4
19673,130,113,17,17
19674,65,69,-4,4
19675,109,103,6,6
19676,75,82,-7,7
19677,125,122,3,3
19678,99,95,4,4
19679,147,144,3,3
19680,160,145,15,15
19681,49,53,-4,4
19682,62,71,-9,9
19683,332,284,48,48
19684,127,121,6,6
19685,34,41,-7,7
19686,145,137,8,8
19687,108,102,6,6
19688,66,73,-7,7
19689,65,71,-6,6
19690,157,142,15,15
19691,89,84,5,5
19692,97,103,-6,6
19693,116,109,7,7
19694,102,100,2,2
19695,118,121,-3,3
19696,161,151,10,10
19697,97,100,-3,3
19698,40,46,-6,6
19699,63,66,-3,3
19700,70,81,-11,11
19701,83,80,3,3
19702,100,101,-1,1
19703,76,76,0,0
19704,105,101,4,4
19705,72,86,-14,14
19706,69,84,-15,15
19707,136,136,0,0
19708,126,106,20,20
19709,130,133,-3,3
19710,116,112,4,4
19711,87,85,2,2
19712,100,101,-1,1
19713,100,94,6,6
19714,55,62,-7,7
19715,92,94,-2,2
19716,101,95,6,6
19717,149,149,0,0
19718,98,89,9,9
19719,89,91,-2,2
19720,40,60,-20,20
19721,91,87,4,4
19722,103,103,0,0
19723,88,82,6,6
19724,76,89,-13,13
19725,43,58,-15,15
19726,60,64,-4,4
19727,165,149,16,16
19728,148,152,-4,4
19729,114,107,7,7
19730,97,86,11,11
19731,141,141,0,0
19732,82,92,-10,10
19733,89,88,1,1
19734,141,139,2,2
19735,31,48,-17,17
19736,87,99,-12,12
19737,83,89,-6,6
19738,64,69,-5,5
19739,68,76,-8,8
19740,75,72,3,3
19741,102,101,1,1
19742,54,61,-7,7
19743,108,110,-2,2
19744,104,93,11,11
19745,132,128,4,4
19746,77,77,0,0
19747,130,124,6,6
19748,46,49,-3,3
19749,83,49,34,34
19750,79,87,-8,8
19751,180,157,23,23
19752,118,123,-5,5
19753,105,112,-7,7
19754,93,96,-3,3
19755,81,77,4,4
19756,61,67,-6,6
19757,142,141,1,1
19758,93,95,-2,2
19759,100,99,1,1
19760,146,129,17,17
19761,64,71,-7,7
19762,116,109,7,7
19763,55,63,-8,8
19764,55,66,-11,11
19765,86,96,-10,10
19766,90,89,1,1
19767,146,141,5,5
19768,55,58,-3,3
19769,76,81,-5,5
19770,48,61,-13,13
19771,84,72,12,12
19772,62,64,-2,2
19773,93,88,5,5
19774,104,100,4,4
19775,108,100,8,8
19776,83,90,-7,7
19777,57,58,-1,1
19778,76,76,0,0
19779,100,124,-24,24
19780,96,96,0,0
19781,124,95,29,29
19782,55,72,-17,17
19783,61,68,-7,7
19784,104,99,5,5
19785,70,77,-7,7
19786,94,86,8,8
19787,64,71,-7,7
19788,113,113,0,0
19789,92,95,-3,3
19790,136,139,-3,3
19791,115,100,15,15
19792,103,111,-8,8
19793,84,87,-3,3
19794,60,67,-7,7
19795,83,108,-25,25
19796,127,122,5,5
19797,137,126,11,11
19798,64,60,4,4
19799,180,165,15,15
19800,144,127,17,17
19801,82,78,4,4
19802,89,82,7,7
19803,122,130,-8,8
19804,85,86,-1,1
19805,127,115,12,12
19806,86,81,5,5
19807,81,89,-8,8
19808,102,93,9,9
19809,104,84,20,20
19810,47,53,-6,6
19811,163,145,18,18
19812,102,98,4,4
19813,152,129,23,23
19814,139,127,12,12
19815,88,79,9,9
19816,57,57,0,0
19817,79,75,4,4
19818,60,54,6,6
19819,104,95,9,9
19820,92,88,4,4
19821,74,74,0,0
19822,94,89,5,5
19823,102,107,-5,5
19824,109,101,8,8
19825,86,84,2,2
19826,85,78,7,7
19827,86,81,5,5
19828,158,137,21,21
19829,78,79,-1,1
19830,72,73,-1,1
19831,127,120,7,7
19832,81,83,-2,2
19833,99,99,0,0
19834,64,71,-7,7
19835,137,140,-3,3
19836,99,102,-3,3
19837,74,80,-6,6
19838,80,89,-9,9
19839,99,113,-14,14
19840,95,98,-3,3
19841,48,55,-7,7
19842,77,78,-1,1
19843,88,96,-8,8
19844,99,96,3,3
19845,87,83,4,4
19846,75,81,-6,6
19847,103,105,-2,2
19848,190,171,19,19
19849,88,69,19,19
19850,85,87,-2,2
19851,59,57,2,2
19852,63,80,-17,17
19853,85,86,-1,1
19854,67,87,-20,20
19855,76,83,-7,7
19856,115,109,6,6
19857,62,66,-4,4
19858,61,68,-7,7
19859,147,143,4,4
19860,153,144,9,9
19861,68,65,3,3
19862,106,111,-5,5
19863,79,80,-1,1
19864,165,148,17,17
19865,63,66,-3,3
19866,106,105,1,1
19867,74,79,-5,5
19868,135,128,7,7
19869,76,83,-7,7
19870,113,120,-7,7
19871,77,80,-3,3
19872,67,73,-6,6
19873,93,110,-17,17
19874,170,161,9,9
19875,77,84,-7,7
19876,88,84,4,4
19877,103,97,6,6
19878,85,86,-1,1
19879,82,75,7,7
19880,70,79,-9,9
19881,94,103,-9,9
19882,44,58,-14,14
19883,103,95,8,8
19884,99,99,0,0
19885,67,68,-1,1
19886,56,65,-9,9
19887,94,95,-1,1
19888,77,79,-2,2
19889,68,71,-3,3
19890,125,112,13,13
19891,110,106,4,4
19892,102,89,13,13
19893,57,56,1,1
19894,68,88,-20,20
19895,75,78,-3,3
19896,101,95,6,6
19897,57,59,-2,2
19898,93,106,-13,13
19899,52,47,5,5
19900,57,66,-9,9
19901,123,109,14,14
19902,111,116,-5,5
19903,62,70,-8,8
19904,89,99,-10,10
19905,114,103,11,11
19906,45,59,-14,14
19907,79,76,3,3
19908,134,120,14,14
19909,101,95,6,6
19910,92,88,4,4
19911,74,73,1,1
19912,95,93,2,2
19913,49,60,-11,11
19914,86,81,5,5
19915,50,71,-21,21
19916,55,58,-3,3
19917,49,49,0,0
19918,87,91,-4,4
19919,59,70,-11,11
19920,108,108,0,0
19921,88,92,-4,4
19922,118,125,-7,7
19923,108,101,7,7
19924,38,75,-37,37
19925,94,88,6,6
19926,35,37,-2,2
19927,114,113,1,1
19928,124,110,14,14
19929,108,111,-3,3
19930,129,137,-8,8
19931,69,75,-6,6
19932,108,114,-6,6
19933,66,74,-8,8
19934,62,63,-1,1
19935,107,107,0,0
19936,65,68,-3,3
19937,169,144,25,25
19938,115,107,8,8
19939,116,113,3,3
19940,87,89,-2,2
19941,62,71,-9,9
19942,128,117,11,11
19943,126,129,-3,3
19944,139,138,1,1
19945,217,183,34,34
19946,147,147,0,0
19947,117,106,11,11
19948,181,171,10,10
19949,101,120,-19,19
19950,66,73,-7,7
19951,77,75,2,2
19952,110,107,3,3
19953,186,173,13,13
19954,60,65,-5,5
19955,68,73,-5,5
19956,125,124,1,1
19957,52,58,-6,6
19958,75,75,0,0
19959,109,111,-2,2
19960,44,60,-16,16
19961,123,126,-3,3
19962,123,113,10,10
19963,69,70,-1,1
19964,51,58,-7,7
19965,148,129,19,19
19966,104,92,12,12
19967,64,66,-2,2
19968,82,91,-9,9
19969,82,79,3,3
19970,135,135,0,0
19971,54,63,-9,9
19972,88,81,7,7
19973,88,81,7,7
19974,102,100,2,2
19975,45,56,-11,11
19976,85,84,1,1
19977,117,104,13,13
19978,124,113,11,11
19979,60,67,-7,7
19980,40,63,-23,23
19981,133,127,6,6
19982,101,98,3,3
19983,80,81,-1,1
19984,90,107,-17,17
19985,85,89,-4,4
19986,68,74,-6,6
19987,150,143,7,7
19988,86,81,5,5
19989,105,104,1,1
19990,45,56,-11,11
19991,149,157,-8,8
19992,74,79,-5,5
19993,40,49,-9,9
19994,75,82,-7,7
19995,47,57,-10,10
19996,70,77,-7,7
19997,56,61,-5,5
19998,46,54,-8,8
19999,98,103,-5,5
20000,107,100,7,7
20001,121,107,14,14
20002,192,177,15,15
20003,50,58,-8,8
20004,62,79,-17,17
20005,93,92,1,1
20006,96,87,9,9
20007,72,73,-1,1
20008,134,133,1,1
20009,98,98,0,0
20010,159,139,20,20
20011,115,108,7,7
20012,54,61,-7,7
20013,60,65,-5,5
20014,80,81,-1,1
20015,103,102,1,1
20016,89,83,6,6
20017,118,117,1,1
20018,109,103,6,6
20019,65,75,-10,10
20020,62,72,-10,10
20021,100,96,4,4
20022,127,129,-2,2
20023,54,62,-8,8
20024,113,103,10,10
20025,122,115,7,7
20026,140,118,22,22
20027,71,70,1,1
20028,86,93,-7,7
20029,94,98,-4,4
20030,124,114,10,10
20031,59,65,-6,6
20032,115,106,9,9
20033,61,64,-3,3
20034,65,61,4,4
20035,79,85,-6,6
20036,122,108,14,14
20037,97,102,-5,5
20038,64,71,-7,7
20039,107,99,8,8
20040,109,106,3,3
20041,70,72,-2,2
20042,63,65,-2,2
20043,104,102,2,2
20044,88,78,10,10
20045,91,92,-1,1
20046,136,137,-1,1
20047,67,70,-3,3
20048,65,66,-1,1
20049,97,98,-1,1
20050,114,116,-2,2
20051,122,128,-6,6
20052,76,74,2,2
20053,96,99,-3,3
20054,90,83,7,7
20055,68,68,0,0
20056,78,81,-3,3
20057,158,142,16,16
20058,77,82,-5,5
20059,65,67,-2,2
20060,126,114,12,12
20061,102,94,8,8
20062,96,89,7,7
20063,120,123,-3,3
20064,44,54,-10,10
20065,68,75,-7,7
20066,170,162,8,8
20067,40,47,-7,7
20068,43,57,-14,14
20069,95,87,8,8
20070,114,103,11,11
20071,60,67,-7,7
20072,35,48,-13,13
20073,70,71,-1,1
20074,126,117,9,9
20075,68,72,-4,4
20076,137,138,-1,1
20077,154,124,30,30
20078,139,135,4,4
20079,103,98,5,5
20080,82,75,7,7
20081,94,103,-9,9
20082,136,125,11,11
20083,81,75,6,6
20084,51,49,2,2
20085,126,121,5,5
20086,89,119,-30,30
20087,88,93,-5,5
20088,77,69,8,8
20089,83,87,-4,4
20090,77,71,6,6
20091,84,84,0,0
20092,82,79,3,3
20093,65,70,-5,5
20094,113,99,14,14
20095,78,86,-8,8
20096,54,59,-5,5
20097,94,101,-7,7
20098,59,69,-10,10
20099,117,120,-3,3
20100,78,69,9,9
20101,48,47,1,1
20102,54,69,-15,15
20103,99,103,-4,4
20104,71,73,-2,2
20105,136,127,9,9
20106,45,55,-10,10
20107,84,89,-5,5
20108,82,86,-4,4
20109,45,57,-12,12
20110,125,103,22,22
20111,50,59,-9,9
20112,71,76,-5,5
20113,89,83,6,6
20114,61,72,-11,11
20115,105,96,9,9
20116,143,138,5,5
20117,185,161,24,24
20118,48,52,-4,4
20119,98,99,-1,1
20120,38,50,-12,12
20121,92,88,4,4
20122,139,133,6,6
20123,99,92,7,7
20124,106,103,3,3
20125,60,78,-18,18
20126,96,82,14,14
20127,138,142,-4,4
20128,83,84,-1,1
20129,152,120,32,32
20130,115,114,1,1
20131,84,91,-7,7
20132,133,124,9,9
20133,128,122,6,6
20134,78,80,-2,2
20135,93,93,0,0
20136,105,101,4,4
20137,90,93,-3,3
20138,205,171,34,34
20139,80,81,-1,1
20140,80,80,0,0
20141,118,99,19,19
20142,60,73,-13,13
20143,101,99,2,2
20144,95,92,3,3
20145,130,143,-13,13
20146,113,108,5,5
20147,79,88,-9,9
20148,88,86,2,2
20149,109,104,5,5
20150,98,100,-2,2
20151,70,71,-1,1
20152,92,88,4,4
20153,157,158,-1,1
20154,44,56,-12,12
20155,95,88,7,7
20156,87,82,5,5
20157,109,94,15,15
20158,111,109,2,2
20159,86,81,5,5
20160,149,148,1,1
20161,111,104,7,7
20162,45,52,-7,7
20163,150,145,5,5
20164,89,82,7,7
20165,67,78,-11,11
20166,87,89,-2,2
20167,150,134,16,16
20168,124,104,20,20
20169,96,92,4,4
20170,125,123,2,2
20171,116,126,-10,10
20172,80,80,0,0
20173,156,129,27,27
20174,159,155,4,4
20175,108,104,4,4
20176,90,89,1,1
20177,117,105,12,12
20178,139,123,16,16
20179,87,87,0,0
20180,79,73,6,6
20181,103,101,2,2
20182,157,139,18,18
20183,159,163,-4,4
20184,46,81,-35,35
20185,84,85,-1,1
20186,62,72,-10,10
20187,99,101,-2,2
20188,62,67,-5,5
20189,87,101,-14,14
20190,186,175,11,11
20191,104,96,8,8
20192,83,84,-1,1
20193,82,81,1,1
20194,82,84,-2,2
20195,116,113,3,3
20196,48,52,-4,4
20197,72,81,-9,9
20198,81,84,-3,3
20199,89,96,-7,7
20200,66,71,-5,5
20201,99,99,0,0
20202,97,93,4,4
20203,83,83,0,0
20204,57,59,-2,2
20205,95,95,0,0
20206,81,83,-2,2
20207,77,86,-9,9
20208,65,69,-4,4
20209,109,104,5,5
20210,58,61,-3,3
20211,38,48,-10,10
20212,109,106,3,3
20213,128,119,9,9
20214,68,66,2,2
20215,134,131,3,3
20216,80,85,-5,5
20217,197,176,21,21
20218,105,104,1,1
20219,78,81,-3,3
20220,99,113,-14,14
20221,88,85,3,3
20222,105,102,3,3
20223,63,77,-14,14
20224,76,103,-27,27
20225,80,83,-3,3
20226,68,75,-7,7
20227,97,95,2,2
20228,107,99,8,8
20229,96,79,17,17
20230,120,124,-4,4
20231,110,101,9,9
20232,67,72,-5,5
20233,154,136,18,18
20234,133,114,19,19
20235,98,90,8,8
20236,93,91,2,2
20237,93,93,0,0
20238,95,97,-2,2
20239,96,90,6,6
20240,66,71,-5,5
20241,54,61,-7,7
20242,89,86,3,3
20243,165,149,16,16
20244,189,169,20,20
20245,62,72,-10,10
20246,49,58,-9,9
20247,59,63,-4,4
20248,82,81,1,1
20249,75,79,-4,4
20250,121,111,10,10
20251,116,101,15,15
20252,185,176,9,9
20253,139,133,6,6
20254,73,79,-6,6
20255,147,147,0,0
20256,109,115,-6,6
20257,119,112,7,7
20258,83,79,4,4
20259,122,121,1,1
20260,84,94,-10,10
20261,130,120,10,10
20262,137,141,-4,4
20263,96,99,-3,3
20264,81,82,-1,1
20265,123,113,10,10
20266,83,73,10,10
20267,104,98,6,6
20268,121,105,16,16
20269,130,116,14,14
20270,104,97,7,7
20271,107,97,10,10
20272,121,106,15,15
20273,76,80,-4,4
20274,59,68,-9,9
20275,127,125,2,2
20276,179,174,5,5
20277,70,76,-6,6
20278,83,85,-2,2
20279,83,87,-4,4
20280,52,70,-18,18
20281,58,69,-11,11
20282,116,119,-3,3
20283,57,68,-11,11
20284,107,103,4,4
20285,164,154,10,10
20286,110,102,8,8
20287,101,99,2,2
20288,159,148,11,11
20289,103,110,-7,7
20290,133,135,-2,2
20291,59,78,-19,19
20292,93,101,-8,8
20293,129,116,13,13
20294,49,68,-19,19
20295,98,95,3,3
20296,100,96,4,4
20297,131,128,3,3
20298,140,139,1,1
20299,87,89,-2,2
20300,138,126,12,12
20301,145,141,4,4
20302,124,112,12,12
20303,111,108,3,3
20304,128,116,12,12
20305,83,76,7,7
20306,90,99,-9,9
20307,96,92,4,4
20308,160,149,11,11
20309,75,78,-3,3
20310,83,91,-8,8
20311,115,107,8,8
20312,78,87,-9,9
20313,91,93,-2,2
20314,60,63,-3,3
20315,92,90,2,2
20316,107,94,13,13
20317,94,101,-7,7
20318,75,104,-29,29
20319,60,64,-4,4
20320,58,70,-12,12
20321,103,102,1,1
20322,68,70,-2,2
20323,141,127,14,14
20324,89,97,-8,8
20325,172,151,21,21
20326,147,145,2,2
20327,94,87,7,7
20328,128,123,5,5
20329,76,78,-2,2
20330,97,91,6,6
20331,110,107,3,3
20332,89,89,0,0
20333,72,69,3,3
20334,104,108,-4,4
20335,82,99,-17,17
20336,87,85,2,2
20337,96,97,-1,1
20338,94,105,-11,11
20339,158,148,10,10
20340,102,99,3,3
20341,62,70,-8,8
20342,53,65,-12,12
20343,98,95,3,3
20344,96,92,4,4
20345,79,85,-6,6
20346,131,115,16,16
20347,44,55,-11,11
20348,102,91,11,11
20349,69,75,-6,6
20350,106,108,-2,2
20351,128,129,-1,1
20352,49,63,-14,14
20353,123,111,12,12
20354,191,159,32,32
20355,116,102,14,14
20356,127,118,9,9
20357,42,52,-10,10
20358,124,99,25,25
20359,92,98,-6,6
20360,143,123,20,20
20361,68,71,-3,3
20362,111,104,7,7
20363,120,129,-9,9
20364,93,89,4,4
20365,46,59,-13,13
20366,116,114,2,2
20367,84,84,0,0
20368,39,51,-12,12
20369,70,66,4,4
20370,59,77,-18,18
20371,107,123,-16,16
20372,59,62,-3,3
20373,115,107,8,8
20374,92,98,-6,6
20375,105,111,-6,6
20376,110,99,11,11
20377,60,62,-2,2
20378,119,104,15,15
20379,106,109,-3,3
20380,90,92,-2,2
20381,63,70,-7,7
20382,103,97,6,6
20383,105,108,-3,3
20384,98,99,-1,1
20385,48,55,-7,7
20386,110,132,-22,22
20387,119,104,15,15
20388,86,92,-6,6
20389,82,98,-16,16
20390,65,68,-3,3
20391,89,88,1,1
20392,118,119,-1,1
20393,146,132,14,14
20394,65,75,-10,10
20395,125,123,2,2
20396,87,88,-1,1
20397,89,96,-7,7
20398,75,76,-1,1
20399,87,84,3,3
20400,130,128,2,2
20401,51,57,-6,6
20402,129,129,0,0
20403,81,80,1,1
20404,80,77,3,3
20405,66,73,-7,7
20406,47,57,-10,10
20407,103,105,-2,2
20408,77,89,-12,12
20409,60,77,-17,17
20410,133,127,6,6
20411,66,70,-4,4
20412,161,149,12,12
20413,101,105,-4,4
20414,80,87,-7,7
20415,124,124,0,0
20416,140,133,7,7
20417,120,109,11,11
20418,141,129,12,12
20419,90,92,-2,2
20420,54,65,-11,11
20421,63,64,-1,1
20422,115,113,2,2
20423,59,71,-12,12
20424,68,74,-6,6
20425,51,59,-8,8
20426,56,65,-9,9
20427,69,83,-14,14
20428,71,75,-4,4
20429,103,105,-2,2
20430,94,98,-4,4
20431,157,161,-4,4
20432,122,112,10,10
20433,111,111,0,0
20434,120,125,-5,5
20435,103,94,9,9
20436,62,72,-10,10
20437,130,127,3,3
20438,81,80,1,1
20439,166,139,27,27
20440,79,85,-6,6
20441,90,94,-4,4
20442,91,95,-4,4
20443,44,51,-7,7
20444,87,93,-6,6
20445,117,113,4,4
20446,101,107,-6,6
20447,106,113,-7,7
20448,102,93,9,9
20449,74,72,2,2
20450,175,156,19,19
20451,71,83,-12,12
20452,122,114,8,8
20453,165,150,15,15
20454,134,127,7,7
20455,192,162,30,30
20456,80,72,8,8
20457,65,66,-1,1
20458,105,107,-2,2
20459,121,111,10,10
20460,84,87,-3,3
20461,106,104,2,2
20462,91,87,4,4
20463,174,167,7,7
20464,64,65,-1,1
20465,58,67,-9,9
20466,76,70,6,6
20467,70,77,-7,7
20468,143,136,7,7
20469,92,88,4,4
20470,94,95,-1,1
20471,95,90,5,5
20472,119,109,10,10
20473,101,92,9,9
20474,110,105,5,5
20475,144,150,-6,6
20476,129,141,-12,12
20477,79,79,0,0
20478,99,103,-4,4
20479,85,84,1,1
20480,142,127,15,15
20481,77,87,-10,10
20482,62,67,-5,5
20483,122,121,1,1
20484,106,108,-2,2
20485,52,55,-3,3
20486,79,83,-4,4
20487,95,85,10,10
20488,77,83,-6,6
20489,89,89,0,0
20490,70,78,-8,8
20491,97,94,3,3
20492,100,109,-9,9
20493,79,75,4,4
20494,138,132,6,6
20495,123,109,14,14
20496,152,126,26,26
20497,135,130,5,5
20498,83,84,-1,1
20499,118,103,15,15
20500,91,87,4,4
20501,83,84,-1,1
20502,77,80,-3,3
20503,69,72,-3,3
20504,68,72,-4,4
20505,139,131,8,8
20506,171,160,11,11
20507,80,81,-1,1
20508,83,80,3,3
20509,108,104,4,4
20510,92,93,-1,1
20511,59,65,-6,6
20512,74,73,1,1
20513,62,66,-4,4
20514,138,128,10,10
20515,55,58,-3,3
20516,85,81,4,4
20517,77,78,-1,1
20518,39,44,-5,5
20519,65,73,-8,8
20520,109,112,-3,3
20521,91,93,-2,2
20522,74,73,1,1
20523,74,81,-7,7
20524,154,144,10,10
20525,153,143,10,10
20526,40,41,-1,1
20527,110,107,3,3
20528,63,66,-3,3
20529,114,108,6,6
20530,114,123,-9,9
20531,62,75,-13,13
20532,81,73,8,8
20533,49,59,-10,10
20534,63,65,-2,2
20535,93,90,3,3
20536,76,73,3,3
20537,146,140,6,6
20538,87,81,6,6
20539,162,147,15,15
20540,91,98,-7,7
20541,107,122,-15,15
20542,82,88,-6,6
20543,97,92,5,5
20544,42,48,-6,6
20545,81,80,1,1
20546,115,109,6,6
20547,120,112,8,8
20548,62,69,-7,7
20549,131,136,-5,5
20550,82,85,-3,3
20551,59,68,-9,9
20552,127,128,-1,1
20553,100,89,11,11
20554,92,87,5,5
20555,55,66,-11,11
20556,111,105,6,6
20557,92,91,1,1
20558,111,111,0,0
20559,189,155,34,34
20560,93,84,9,9
20561,61,64,-3,3
20562,50,52,-2,2
20563,62,68,-6,6
20564,46,56,-10,10
20565,145,141,4,4
20566,82,86,-4,4
20567,83,83,0,0
20568,78,78,0,0
20569,69,68,1,1
20570,117,104,13,13
20571,142,133,9,9
20572,111,109,2,2
20573,72,72,0,0
20574,95,91,4,4
20575,141,122,19,19
20576,179,160,19,19
20577,85,90,-5,5
20578,286,224,62,62
20579,87,81,6,6
20580,93,91,2,2
20581,87,85,2,2
20582,49,59,-10,10
20583,87,89,-2,2
20584,143,112,31,31
20585,98,104,-6,6
20586,70,73,-3,3
20587,112,109,3,3
20588,53,60,-7,7
20589,55,63,-8,8
20590,88,84,4,4
20591,113,111,2,2
20592,86,88,-2,2
20593,59,59,0,0
20594,62,65,-3,3
20595,71,79,-8,8
20596,102,118,-16,16
20597,69,75,-6,6
20598,117,113,4,4
20599,79,82,-3,3
20600,131,130,1,1
20601,45,52,-7,7
20602,81,83,-2,2
20603,62,75,-13,13
20604,82,87,-5,5
20605,86,88,-2,2
20606,52,55,-3,3
20607,79,83,-4,4
20608,108,98,10,10
20609,62,69,-7,7
20610,94,94,0,0
20611,74,86,-12,12
20612,136,123,13,13
20613,151,134,17,17
20614,145,146,-1,1
20615,99,95,4,4
20616,169,170,-1,1
20617,69,74,-5,5
20618,54,58,-4,4
20619,93,84,9,9
20620,106,104,2,2
20621,77,78,-1,1
20622,100,107,-7,7
20623,96,104,-8,8
20624,56,61,-5,5
20625,99,93,6,6
20626,115,113,2,2
20627,90,87,3,3
20628,56,70,-14,14
20629,83,77,6,6
20630,117,108,9,9
20631,75,79,-4,4
20632,88,87,1,1
20633,80,80,0,0
20634,150,126,24,24
20635,126,110,16,16
20636,92,88,4,4
20637,117,110,7,7
20638,75,79,-4,4
20639,92,84,8,8
20640,72,77,-5,5
20641,45,57,-12,12
20642,55,73,-18,18
20643,123,128,-5,5
20644,127,115,12,12
20645,128,128,0,0
20646,161,152,9,9
20647,130,121,9,9
20648,87,81,6,6
20649,223,171,52,52
20650,79,82,-3,3
20651,155,139,16,16
20652,77,81,-4,4
20653,82,75,7,7
20654,101,105,-4,4
20655,89,94,-5,5
20656,106,105,1,1
20657,68,62,6,6
20658,98,97,1,1
20659,102,105,-3,3
20660,88,80,8,8
20661,102,97,5,5
20662,173,150,23,23
20663,52,68,-16,16
20664,114,109,5,5
20665,85,76,9,9
20666,86,84,2,2
20667,77,76,1,1
20668,81,81,0,0
20669,89,86,3,3
20670,149,138,11,11
20671,68,79,-11,11
20672,77,76,1,1
20673,83,83,0,0
20674,71,74,-3,3
20675,71,76,-5,5
20676,91,96,-5,5
20677,56,75,-19,19
20678,80,84,-4,4
20679,129,118,11,11
20680,95,94,1,1
20681,114,101,13,13
20682,149,132,17,17
20683,74,74,0,0
20684,84,79,5,5
20685,72,70,2,2
20686,119,112,7,7
20687,82,78,4,4
20688,94,113,-19,19
20689,89,98,-9,9
20690,45,54,-9,9
20691,77,68,9,9
20692,169,161,8,8
20693,100,89,11,11
20694,114,105,9,9
20695,95,93,2,2
20696,97,110,-13,13
20697,224,195,29,29
20698,96,97,-1,1
20699,66,74,-8,8
20700,97,95,2,2
20701,113,108,5,5
20702,107,108,-1,1
20703,59,75,-16,16
20704,148,150,-2,2
20705,66,60,6,6
20706,151,153,-2,2
20707,87,82,5,5
20708,119,107,12,12
20709,63,62,1,1
20710,122,109,13,13
20711,75,74,1,1
20712,142,133,9,9
20713,33,42,-9,9
20714,86,87,-1,1
20715,33,44,-11,11
20716,144,118,26,26
20717,124,117,7,7
20718,77,79,-2,2
20719,144,140,4,4
20720,88,95,-7,7
20721,87,92,-5,5
20722,45,51,-6,6
20723,104,91,13,13
20724,70,76,-6,6
20725,87,87,0,0
20726,139,132,7,7
20727,136,133,3,3
20728,85,79,6,6
20729,106,108,-2,2
20730,134,124,10,10
20731,98,95,3,3
20732,77,81,-4,4
20733,131,127,4,4
20734,125,140,-15,15
20735,76,77,-1,1
20736,110,97,13,13
20737,123,110,13,13
20738,56,56,0,0
20739,62,68,-6,6
20740,59,63,-4,4
20741,96,100,-4,4
20742,107,96,11,11
20743,126,130,-4,4
20744,114,113,1,1
20745,85,91,-6,6
20746,63,63,0,0
20747,59,77,-18,18
20748,80,75,5,5
20749,93,89,4,4
20750,82,89,-7,7
20751,73,70,3,3
20752,133,120,13,13
20753,145,127,18,18
20754,78,80,-2,2
20755,89,89,0,0
20756,81,84,-3,3
20757,100,99,1,1
20758,129,136,-7,7
20759,80,85,-5,5
20760,122,113,9,9
20761,26,47,-21,21
20762,151,140,11,11
20763,118,126,-8,8
20764,146,131,15,15
20765,75,76,-1,1
20766,80,98,-18,18
20767,52,67,-15,15
20768,128,111,17,17
20769,76,92,-16,16
20770,73,77,-4,4
20771,55,63,-8,8
20772,94,94,0,0
20773,115,106,9,9
20774,70,74,-4,4
20775,125,109,16,16
20776,50,54,-4,4
20777,90,92,-2,2
20778,110,104,6,6
20779,120,119,1,1
20780,62,68,-6,6
20781,78,91,-13,13
20782,132,127,5,5
20783,46,54,-8,8
20784,140,147,-7,7
20785,97,94,3,3
20786,53,59,-6,6
20787,93,95,-2,2
20788,145,132,13,13
20789,84,88,-4,4
20790,121,123,-2,2
20791,124,121,3,3
20792,65,66,-1,1
20793,129,134,-5,5
20794,111,106,5,5
20795,81,72,9,9
20796,87,75,12,12
20797,64,72,-8,8
20798,92,87,5,5
20799,74,75,-1,1
20800,78,79,-1,1
20801,72,80,-8,8
20802,101,99,2,2
20803,35,50,-15,15
20804,171,154,17,17
20805,54,54,0,0
20806,155,158,-3,3
20807,151,147,4,4
20808,45,52,-7,7
20809,87,87,0,0
20810,115,106,9,9
20811,75,71,4,4
20812,89,92,-3,3
20813,134,121,13,13
20814,65,70,-5,5
20815,51,58,-7,7
20816,33,45,-12,12
20817,85,96,-11,11
20818,114,106,8,8
20819,120,114,6,6
20820,83,86,-3,3
20821,106,108,-2,2
20822,41,54,-13,13
20823,101,114,-13,13
20824,134,121,13,13
20825,132,131,1,1
20826,53,52,1,1
20827,89,86,3,3
20828,120,123,-3,3
20829,106,111,-5,5
20830,165,147,18,18
20831,59,73,-14,14
20832,77,81,-4,4
20833,105,100,5,5
20834,113,110,3,3
20835,85,88,-3,3
20836,57,61,-4,4
20837,101,111,-10,10
20838,109,103,6,6
20839,129,132,-3,3
20840,75,90,-15,15
20841,143,134,9,9
20842,48,56,-8,8
20843,115,121,-6,6
20844,57,106,-49,49
20845,76,77,-1,1
20846,79,78,1,1
20847,107,102,5,5
20848,61,71,-10,10
20849,134,131,3,3
20850,93,92,1,1
20851,141,137,4,4
20852,81,76,5,5
20853,65,75,-10,10
20854,148,136,12,12
20855,70,82,-12,12
20856,78,89,-11,11
20857,46,52,-6,6
20858,108,109,-1,1
20859,94,96,-2,2
20860,165,159,6,6
20861,83,94,-11,11
20862,131,128,3,3
20863,91,83,8,8
20864,86,115,-29,29
20865,99,99,0,0
20866,111,96,15,15
20867,93,90,3,3
20868,82,79,3,3
20869,60,74,-14,14
20870,89,88,1,1
20871,153,144,9,9
20872,102,101,1,1
20873,92,99,-7,7
20874,102,99,3,3
20875,118,123,-5,5
20876,75,72,3,3
20877,176,162,14,14
20878,129,118,11,11
20879,69,83,-14,14
20880,83,81,2,2
20881,124,117,7,7
20882,68,67,1,1
20883,102,98,4,4
20884,63,66,-3,3
20885,96,107,-11,11
20886,120,126,-6,6
20887,75,84,-9,9
20888,111,111,0,0
20889,181,156,25,25
20890,82,84,-2,2
20891,132,123,9,9
20892,48,74,-26,26
20893,75,80,-5,5
20894,64,67,-3,3
20895,41,50,-9,9
20896,64,79,-15,15
20897,97,98,-1,1
20898,77,85,-8,8
20899,91,85,6,6
20900,51,56,-5,5
20901,68,73,-5,5
20902,121,125,-4,4
20903,86,84,2,2
20904,59,68,-9,9
20905,107,104,3,3
20906,84,91,-7,7
20907,55,60,-5,5
20908,76,91,-15,15
20909,93,85,8,8
20910,40,48,-8,8
20911,118,102,16,16
20912,156,151,5,5
20913,126,118,8,8
20914,74,74,0,0
20915,96,98,-2,2
20916,121,115,6,6
20917,76,71,5,5
20918,122,130,-8,8
20919,89,83,6,6
20920,59,62,-3,3
20921,84,76,8,8
20922,83,80,3,3
20923,73,73,0,0
20924,63,63,0,0
20925,64,73,-9,9
20926,125,110,15,15
20927,101,90,11,11
20928,122,129,-7,7
20929,63,67,-4,4
20930,107,108,-1,1
20931,68,73,-5,5
20932,74,77,-3,3
20933,102,102,0,0
20934,119,120,-1,1
20935,106,96,10,10
20936,66,68,-2,2
20937,87,89,-2,2
20938,85,85,0,0
20939,66,63,3,3
20940,145,138,7,7
20941,180,154,26,26
20942,75,79,-4,4
20943,63,76,-13,13
20944,144,140,4,4
20945,66,71,-5,5
20946,49,50,-1,1
20947,98,97,1,1
20948,77,72,5,5
20949,105,102,3,3
20950,81,97,-16,16
20951,92,83,9,9
20952,104,107,-3,3
20953,151,146,5,5
20954,51,59,-8,8
20955,124,126,-2,2
20956,84,84,0,0
20957,58,65,-7,7
20958,108,100,8,8
20959,41,50,-9,9
20960,151,140,11,11
20961,113,100,13,13
20962,138,127,11,11
20963,70,80,-10,10
20964,106,107,-1,1
20965,95,101,-6,6
20966,121,119,2,2
20967,66,68,-2,2
20968,98,93,5,5
20969,70,76,-6,6
20970,142,134,8,8
20971,139,139,0,0
20972,62,67,-5,5
20973,138,145,-7,7
20974,70,74,-4,4
20975,138,110,28,28
20976,105,98,7,7
20977,61,65,-4,4
20978,113,119,-6,6
20979,173,149,24,24
20980,94,92,2,2
20981,90,84,6,6
20982,112,108,4,4
20983,43,50,-7,7
20984,140,142,-2,2
20985,197,187,10,10
20986,116,103,13,13
20987,229,196,33,33
20988,119,112,7,7
20989,80,70,10,10
20990,115,115,0,0
20991,61,71,-10,10
20992,41,54,-13,13
20993,101,93,8,8
20994,185,176,9,9
20995,46,53,-7,7
20996,221,189,32,32
20997,113,105,8,8
20998,60,65,-5,5
20999,116,97,19,19
21000,125,118,7,7
21001,99,98,1,1
21002,97,111,-14,14
21003,171,150,21,21
21004,79,83,-4,4
21005,73,76,-3,3
21006,80,88,-8,8
21007,148,132,16,16
21008,111,123,-12,12
21009,110,110,0,0
21010,84,92,-8,8
21011,60,71,-11,11
21012,94,89,5,5
21013,57,63,-6,6
21014,118,114,4,4
21015,115,111,4,4
21016,118,124,-6,6
21017,133,120,13,13
21018,67,74,-7,7
21019,148,142,6,6
21020,34,87,-53,53
21021,59,62,-3,3
21022,71,72,-1,1
21023,59,62,-3,3
21024,58,72,-14,14
21025,61,61,0,0
21026,105,97,8,8
21027,144,136,8,8
21028,135,126,9,9
21029,120,114,6,6
21030,180,168,12,12
21031,177,148,29,29
21032,115,127,-12,12
21033,138,126,12,12
21034,113,95,18,18
21035,97,95,2,2
21036,88,82,6,6
21037,108,115,-7,7
21038,106,101,5,5
21039,81,80,1,1
21040,105,101,4,4
21041,30,42,-12,12
21042,97,97,0,0
21043,39,33,6,6
21044,57,62,-5,5
21045,92,109,-17,17
21046,85,82,3,3
21047,94,86,8,8
21048,165,145,20,20
21049,119,121,-2,2
21050,120,114,6,6
21051,139,124,15,15
21052,42,48,-6,6
21053,78,80,-2,2
21054,78,84,-6,6
21055,73,71,2,2
21056,84,86,-2,2
21057,159,146,13,13
21058,84,87,-3,3
21059,133,125,8,8
21060,87,93,-6,6
21061,147,129,18,18
21062,83,83,0,0
21063,51,69,-18,18
21064,107,105,2,2
21065,62,65,-3,3
21066,94,90,4,4
21067,62,67,-5,5
21068,79,80,-1,1
21069,177,150,27,27
21070,104,87,17,17
21071,85,93,-8,8
21072,100,95,5,5
21073,69,73,-4,4
21074,119,120,-1,1
21075,90,80,10,10
21076,82,79,3,3
21077,54,55,-1,1
21078,115,101,14,14
21079,74,72,2,2
21080,113,107,6,6
21081,56,62,-6,6
21082,68,77,-9,9
21083,195,172,23,23
21084,150,128,22,22
21085,62,73,-11,11
21086,71,74,-3,3
21087,81,80,1,1
21088,131,127,4,4
21089,90,86,4,4
21090,86,95,-9,9
21091,168,168,0,0
21092,101,95,6,6
21093,109,104,5,5
21094,71,107,-36,36
21095,67,70,-3,3
21096,115,107,8,8
21097,95,104,-9,9
21098,84,85,-1,1
21099,74,84,-10,10
21100,69,71,-2,2
21101,63,74,-11,11
21102,127,118,9,9
21103,82,88,-6,6
21104,78,78,0,0
21105,78,82,-4,4
21106,147,136,11,11
21107,96,92,4,4
21108,72,83,-11,11
21109,65,66,-1,1
21110,107,106,1,1
21111,119,108,11,11
21112,101,96,5,5
21113,162,143,19,19
21114,119,113,6,6
21115,93,97,-4,4
21116,102,101,1,1
21117,145,138,7,7
21118,94,92,2,2
21119,83,84,-1,1
21120,166,150,16,16
21121,63,71,-8,8
21122,90,88,2,2
21123,53,59,-6,6
21124,103,103,0,0
21125,117,107,10,10
21126,99,98,1,1
21127,44,29,15,15
21128,149,138,11,11
21129,104,98,6,6
21130,225,204,21,21
21131,101,98,3,3
21132,101,97,4,4
21133,76,72,4,4
21134,80,77,3,3
21135,70,69,1,1
21136,130,102,28,28
21137,148,131,17,17
21138,70,83,-13,13
21139,137,141,-4,4
21140,59,62,-3,3
21141,71,77,-6,6
21142,134,125,9,9
21143,116,102,14,14
21144,104,100,4,4
21145,63,72,-9,9
21146,61,65,-4,4
21147,89,109,-20,20
21148,61,62,-1,1
21149,97,96,1,1
21150,102,97,5,5
21151,63,67,-4,4
21152,165,155,10,10
21153,88,97,-9,9
21154,112,99,13,13
21155,90,88,2,2
21156,179,165,14,14
21157,89,94,-5,5
21158,19,28,-9,9
21159,123,113,10,10
21160,111,131,-20,20
21161,89,87,2,2
21162,86,96,-10,10
21163,92,97,-5,5
21164,93,89,4,4
21165,91,90,1,1
21166,70,72,-2,2
21167,105,104,1,1
21168,85,82,3,3
21169,78,74,4,4
21170,112,110,2,2
21171,96,95,1,1
21172,54,63,-9,9
21173,121,106,15,15
21174,131,123,8,8
21175,66,72,-6,6
21176,61,70,-9,9
21177,80,81,-1,1
21178,89,86,3,3
21179,74,69,5,5
21180,65,78,-13,13
21181,101,104,-3,3
21182,97,90,7,7
21183,108,107,1,1
21184,96,100,-4,4
21185,132,126,6,6
21186,62,62,0,0
21187,82,77,5,5
21188,154,136,18,18
21189,82,86,-4,4
21190,50,57,-7,7
21191,68,68,0,0
21192,124,125,-1,1
21193,74,74,0,0
21194,149,147,2,2
21195,59,64,-5,5
21196,56,63,-7,7
21197,58,63,-5,5
21198,151,153,-2,2
21199,113,106,7,7
21200,74,100,-26,26
21201,71,71,0,0
21202,86,84,2,2
21203,65,67,-2,2
21204,69,76,-7,7
21205,161,151,10,10
21206,89,90,-1,1
21207,36,46,-10,10
21208,55,58,-3,3
21209,97,94,3,3
21210,89,81,8,8
21211,64,66,-2,2
21212,98,98,0,0
21213,89,84,5,5
21214,44,47,-3,3
21215,162,150,12,12
21216,126,130,-4,4
21217,82,82,0,0
21218,77,87,-10,10
21219,81,84,-3,3
21220,137,130,7,7
21221,69,71,-2,2
21222,86,87,-1,1
21223,67,74,-7,7
21224,101,96,5,5
21225,74,79,-5,5
21226,71,73,-2,2
21227,66,69,-3,3
21228,104,106,-2,2
21229,111,123,-12,12
21230,86,91,-5,5
21231,96,97,-1,1
21232,79,80,-1,1
21233,183,178,5,5
21234,89,86,3,3
21235,133,119,14,14
21236,80,80,0,0
21237,72,73,-1,1
21238,109,96,13,13
21239,107,102,5,5
21240,84,81,3,3
21241,67,65,2,2
21242,102,96,6,6
21243,66,168,-102,102
21244,132,134,-2,2
21245,103,103,0,0
21246,91,91,0,0
21247,111,110,1,1
21248,110,103,7,7
21249,156,153,3,3
21250,44,48,-4,4
21251,48,53,-5,5
21252,79,89,-10,10
21253,58,58,0,0
21254,134,119,15,15
21255,105,104,1,1
21256,79,76,3,3
21257,124,157,-33,33
21258,109,95,14,14
21259,79,77,2,2
21260,66,74,-8,8
21261,93,89,4,4
21262,93,94,-1,1
21263,85,96,-11,11
21264,92,90,2,2
21265,103,104,-1,1
21266,104,99,5,5
21267,108,107,1,1
21268,82,79,3,3
21269,92,96,-4,4
21270,41,45,-4,4
21271,47,57,-10,10
21272,79,81,-2,2
21273,101,106,-5,5
21274,66,74,-8,8
21275,83,81,2,2
21276,89,78,11,11
21277,55,62,-7,7
21278,137,131,6,6
21279,92,85,7,7
21280,131,126,5,5
21281,99,94,5,5
21282,100,104,-4,4
21283,82,78,4,4
21284,57,66,-9,9
21285,74,80,-6,6
21286,79,81,-2,2
21287,83,81,2,2
21288,118,110,8,8
21289,133,154,-21,21
21290,129,126,3,3
21291,70,87,-17,17
21292,145,135,10,10
21293,149,110,39,39
21294,113,118,-5,5
21295,56,67,-11,11
21296,44,48,-4,4
21297,89,99,-10,10
21298,90,93,-3,3
21299,74,71,3,3
21300,117,105,12,12
21301,65,62,3,3
21302,48,58,-10,10
21303,92,89,3,3
21304,72,74,-2,2
21305,83,80,3,3
21306,63,69,-6,6
21307,135,119,16,16
21308,147,146,1,1
21309,142,146,-4,4
21310,122,108,14,14
21311,77,77,0,0
21312,106,102,4,4
21313,65,73,-8,8
21314,70,70,0,0
21315,124,111,13,13
21316,100,97,3,3
21317,56,61,-5,5
21318,72,74,-2,2
21319,83,81,2,2
21320,66,68,-2,2
21321,45,54,-9,9
21322,162,157,5,5
21323,85,89,-4,4
21324,115,112,3,3
21325,122,117,5,5
21326,72,72,0,0
21327,68,73,-5,5
21328,65,69,-4,4
21329,84,82,2,2
21330,161,141,20,20
21331,149,139,10,10
21332,109,104,5,5
21333,57,68,-11,11
21334,85,82,3,3
21335,100,95,5,5
21336,171,136,35,35
21337,73,78,-5,5
21338,78,81,-3,3
21339,67,81,-14,14
21340,122,127,-5,5
21341,84,77,7,7
21342,171,151,20,20
21343,87,88,-1,1
21344,140,121,19,19
21345,86,96,-10,10
21346,85,92,-7,7
21347,50,53,-3,3
21348,78,81,-3,3
21349,67,63,4,4
21350,81,78,3,3
21351,75,78,-3,3
21352,91,92,-1,1
21353,119,116,3,3
21354,138,134,4,4
21355,58,61,-3,3
21356,137,125,12,12
21357,88,97,-9,9
21358,122,114,8,8
21359,106,98,8,8
21360,101,103,-2,2
21361,88,88,0,0
21362,83,76,7,7
21363,80,79,1,1
21364,111,109,2,2
21365,183,167,16,16
21366,73,73,0,0
21367,97,91,6,6
21368,55,66,-11,11
21369,116,121,-5,5
21370,78,79,-1,1
21371,99,98,1,1
21372,141,127,14,14
21373,56,62,-6,6
21374,65,68,-3,3
21375,72,76,-4,4
21376,99,75,24,24
21377,96,89,7,7
21378,69,77,-8,8
21379,94,102,-8,8
21380,98,91,7,7
21381,55,65,-10,10
21382,107,104,3,3
21383,68,68,0,0
21384,84,87,-3,3
21385,65,68,-3,3
21386,177,150,27,27
21387,62,64,-2,2
21388,182,157,25,25
21389,72,56,16,16
21390,151,144,7,7
21391,80,76,4,4
21392,122,120,2,2
21393,136,120,16,16
21394,141,134,7,7
21395,88,83,5,5
21396,88,80,8,8
21397,127,122,5,5
21398,92,96,-4,4
21399,74,71,3,3
21400,111,105,6,6
21401,204,191,13,13
21402,111,100,11,11
21403,59,61,-2,2
21404,129,111,18,18
21405,107,101,6,6
21406,104,96,8,8
21407,76,80,-4,4
21408,113,114,-1,1
21409,110,107,3,3
21410,69,68,1,1
21411,67,72,-5,5
21412,85,83,2,2
21413,94,92,2,2
21414,93,87,6,6
21415,90,89,1,1
21416,61,56,5,5
21417,56,57,-1,1
21418,114,103,11,11
21419,71,69,2,2
21420,86,92,-6,6
21421,114,116,-2,2
21422,50,56,-6,6
21423,155,148,7,7
21424,108,115,-7,7
21425,104,87,17,17
21426,89,84,5,5
21427,75,74,1,1
21428,149,145,4,4
21429,94,87,7,7
21430,63,77,-14,14
21431,127,135,-8,8
21432,103,102,1,1
21433,90,82,8,8
21434,64,73,-9,9
21435,144,128,16,16
21436,119,108,11,11
21437,45,58,-13,13
21438,78,79,-1,1
21439,45,60,-15,15
21440,113,111,2,2
21441,89,93,-4,4
21442,122,121,1,1
21443,93,93,0,0
21444,54,60,-6,6
21445,89,80,9,9
21446,85,82,3,3
21447,101,97,4,4
21448,132,144,-12,12
21449,47,50,-3,3
21450,83,81,2,2
21451,89,81,8,8
21452,77,74,3,3
21453,150,136,14,14
21454,130,110,20,20
21455,85,85,0,0
21456,114,108,6,6
21457,155,146,9,9
21458,63,65,-2,2
21459,94,95,-1,1
21460,42,46,-4,4
21461,138,135,3,3
21462,78,86,-8,8
21463,79,79,0,0
21464,95,93,2,2
21465,80,72,8,8
21466,80,92,-12,12
21467,39,50,-11,11
21468,143,128,15,15
21469,88,84,4,4
21470,47,56,-9,9
21471,70,72,-2,2
21472,174,157,17,17
21473,148,143,5,5
21474,185,157,28,28
21475,122,128,-6,6
21476,138,135,3,3
21477,99,95,4,4
21478,50,58,-8,8
21479,104,92,12,12
21480,69,73,-4,4
21481,127,117,10,10
21482,59,69,-10,10
21483,89,90,-1,1
21484,81,84,-3,3
21485,64,74,-10,10
21486,124,122,2,2
21487,75,85,-10,10
21488,102,96,6,6
21489,156,143,13,13
21490,81,82,-1,1
21491,90,85,5,5
21492,58,79,-21,21
21493,153,133,20,20
21494,100,96,4,4
21495,133,118,15,15
21496,133,123,10,10
21497,68,75,-7,7
21498,104,101,3,3
21499,74,74,0,0
21500,138,124,14,14
21501,83,86,-3,3
21502,125,135,-10,10
21503,98,95,3,3
21504,92,87,5,5
21505,39,47,-8,8
21506,93,93,0,0
21507,47,62,-15,15
21508,72,73,-1,1
21509,138,128,10,10
21510,81,83,-2,2
21511,102,100,2,2
21512,146,136,10,10
21513,80,77,3,3
21514,76,74,2,2
21515,130,140,-10,10
21516,138,123,15,15
21517,69,79,-10,10
21518,134,118,16,16
21519,73,77,-4,4
21520,55,64,-9,9
21521,68,74,-6,6
21522,78,92,-14,14
21523,85,83,2,2
21524,118,113,5,5
21525,80,82,-2,2
21526,153,152,1,1
21527,81,73,8,8
21528,85,84,1,1
21529,117,115,2,2
21530,126,124,2,2
21531,34,41,-7,7
21532,72,69,3,3
21533,138,127,11,11
21534,82,85,-3,3
21535,113,112,1,1
21536,63,72,-9,9
21537,80,72,8,8
21538,67,69,-2,2
21539,117,130,-13,13
21540,120,108,12,12
21541,75,74,1,1
21542,117,107,10,10
21543,103,106,-3,3
21544,149,154,-5,5
21545,169,161,8,8
21546,85,96,-11,11
21547,91,86,5,5
21548,121,120,1,1
21549,95,109,-14,14
21550,123,124,-1,1
21551,36,52,-16,16
21552,71,76,-5,5
21553,106,100,6,6
21554,101,91,10,10
21555,60,79,-19,19
21556,68,69,-1,1
21557,76,74,2,2
21558,91,85,6,6
21559,84,84,0,0
21560,97,100,-3,3
21561,75,82,-7,7
21562,44,51,-7,7
21563,78,67,11,11
21564,55,61,-6,6
21565,106,111,-5,5
21566,125,117,8,8
21567,185,161,24,24
21568,148,161,-13,13
21569,156,141,15,15
21570,128,120,8,8
21571,96,91,5,5
21572,99,92,7,7
21573,63,73,-10,10
21574,78,85,-7,7
21575,162,128,34,34
21576,75,76,-1,1
21577,103,100,3,3
21578,110,99,11,11
21579,116,109,7,7
21580,51,57,-6,6
21581,126,120,6,6
21582,37,52,-15,15
21583,109,102,7,7
21584,115,117,-2,2
21585,70,70,0,0
21586,94,106,-12,12
21587,113,108,5,5
21588,91,90,1,1
21589,71,75,-4,4
21590,55,62,-7,7
21591,63,73,-10,10
21592,59,64,-5,5
21593,81,80,1,1
21594,135,135,0,0
21595,95,89,6,6
21596,67,79,-12,12
21597,80,80,0,0
21598,73,86,-13,13
21599,98,91,7,7
21600,104,94,10,10
21601,63,62,1,1
21602,60,62,-2,2
21603,117,109,8,8
21604,60,64,-4,4
21605,127,122,5,5
21606,121,100,21,21
21607,118,113,5,5
21608,80,79,1,1
21609,77,79,-2,2
21610,104,95,9,9
21611,182,189,-7,7
21612,90,93,-3,3
21613,49,52,-3,3
21614,86,85,1,1
21615,88,86,2,2
21616,114,102,12,12
21617,56,59,-3,3
21618,66,63,3,3
21619,68,82,-14,14
21620,88,88,0,0
21621,45,72,-27,27
21622,231,207,24,24
21623,136,122,14,14
21624,69,70,-1,1
21625,123,126,-3,3
21626,60,61,-1,1
21627,72,75,-3,3
21628,84,87,-3,3
21629,123,119,4,4
21630,58,70,-12,12
21631,58,63,-5,5
21632,71,71,0,0
21633,97,90,7,7
21634,61,66,-5,5
21635,57,66,-9,9
21636,172,160,12,12
21637,62,70,-8,8
21638,112,105,7,7
21639,126,119,7,7
21640,85,83,2,2
21641,105,111,-6,6
21642,100,98,2,2
21643,117,129,-12,12
21644,76,87,-11,11
21645,85,84,1,1
21646,187,156,31,31
21647,145,136,9,9
21648,64,75,-11,11
21649,107,101,6,6
21650,140,135,5,5
21651,46,57,-11,11
21652,63,63,0,0
21653,93,91,2,2
21654,111,108,3,3
21655,60,64,-4,4
21656,120,112,8,8
21657,67,73,-6,6
21658,157,145,12,12
21659,133,130,3,3
21660,112,115,-3,3
21661,119,129,-10,10
21662,86,85,1,1
21663,128,125,3,3
21664,109,103,6,6
21665,133,124,9,9
21666,62,63,-1,1
21667,167,150,17,17
21668,122,110,12,12
21669,42,47,-5,5
21670,66,67,-1,1
21671,110,107,3,3
21672,84,97,-13,13
21673,115,112,3,3
21674,174,158,16,16
21675,85,86,-1,1
21676,100,96,4,4
21677,56,64,-8,8
21678,72,71,1,1
21679,87,90,-3,3
21680,70,89,-19,19
21681,76,75,1,1
21682,89,87,2,2
21683,69,70,-1,1
21684,175,155,20,20
21685,191,166,25,25
21686,66,68,-2,2
21687,145,141,4,4
21688,127,112,15,15
21689,54,54,0,0
21690,70,68,2,2
21691,67,67,0,0
21692,77,76,1,1
21693,119,123,-4,4
21694,38,52,-14,14
21695,77,79,-2,2
21696,49,53,-4,4
21697,63,83,-20,20
21698,40,44,-4,4
21699,69,78,-9,9
21700,35,49,-14,14
21701,93,88,5,5
21702,61,77,-16,16
21703,50,54,-4,4
21704,113,112,1,1
21705,123,108,15,15
21706,75,78,-3,3
21707,94,90,4,4
21708,71,78,-7,7
21709,114,113,1,1
21710,68,68,0,0
21711,129,132,-3,3
21712,61,57,4,4
21713,92,86,6,6
21714,76,71,5,5
21715,106,95,11,11
21716,123,113,10,10
21717,89,91,-2,2
21718,88,93,-5,5
21719,48,59,-11,11
21720,87,91,-4,4
21721,53,65,-12,12
21722,120,107,13,13
21723,105,108,-3,3
21724,117,108,9,9
21725,128,117,11,11
21726,173,153,20,20
21727,85,86,-1,1
21728,97,88,9,9
21729,101,94,7,7
21730,67,72,-5,5
21731,71,75,-4,4
21732,89,81,8,8
21733,85,94,-9,9
21734,83,82,1,1
21735,78,74,4,4
21736,76,76,0,0
21737,115,111,4,4
21738,68,67,1,1
21739,75,73,2,2
21740,106,92,14,14
21741,76,75,1,1
21742,123,113,10,10
21743,82,85,-3,3
21744,82,87,-5,5
21745,162,154,8,8
21746,64,73,-9,9
21747,66,60,6,6
21748,48,50,-2,2
21749,86,90,-4,4
21750,59,68,-9,9
21751,118,108,10,10
21752,75,76,-1,1
21753,138,121,17,17
21754,50,56,-6,6
21755,96,84,12,12
21756,68,72,-4,4
21757,83,85,-2,2
21758,93,107,-14,14
21759,78,85,-7,7
21760,45,50,-5,5
21761,85,85,0,0
21762,123,110,13,13
21763,42,53,-11,11
21764,84,81,3,3
21765,123,115,8,8
21766,45,58,-13,13
21767,88,89,-1,1
21768,85,83,2,2
21769,79,71,8,8
21770,75,75,0,0
21771,125,122,3,3
21772,33,48,-15,15
21773,84,86,-2,2
21774,117,119,-2,2
21775,79,81,-2,2
21776,190,177,13,13
21777,112,109,3,3
21778,86,90,-4,4
21779,115,106,9,9
21780,74,72,2,2
21781,85,87,-2,2
21782,28,37,-9,9
21783,45,53,-8,8
21784,115,110,5,5
21785,92,88,4,4
21786,78,75,3,3
21787,129,126,3,3
21788,119,103,16,16
21789,78,79,-1,1
21790,78,68,10,10
21791,211,179,32,32
21792,95,102,-7,7
21793,101,98,3,3
21794,163,148,15,15
21795,168,153,15,15
21796,109,104,5,5
21797,98,102,-4,4
21798,61,65,-4,4
21799,131,129,2,2
21800,74,75,-1,1
21801,66,76,-10,10
21802,130,121,9,9
21803,71,71,0,0
21804,135,135,0,0
21805,88,81,7,7
21806,150,161,-11,11
21807,152,132,20,20
21808,117,98,19,19
21809,133,128,5,5
21810,77,78,-1,1
21811,75,72,3,3
21812,63,66,-3,3
21813,73,71,2,2
21814,72,74,-2,2
21815,62,79,-17,17
21816,98,102,-4,4
21817,103,96,7,7
21818,167,173,-6,6
21819,73,79,-6,6
21820,68,66,2,2
21821,104,100,4,4
21822,96,95,1,1
21823,165,158,7,7
21824,128,123,5,5
21825,147,139,8,8
21826,139,133,6,6
21827,156,140,16,16
21828,86,89,-3,3
21829,78,78,0,0
21830,78,75,3,3
21831,89,84,5,5
21832,115,103,12,12
21833,122,115,7,7
21834,47,62,-15,15
21835,60,74,-14,14
21836,87,99,-12,12
21837,77,79,-2,2
21838,115,102,13,13
21839,105,91,14,14
21840,120,114,6,6
21841,95,95,0,0
21842,103,95,8,8
21843,57,60,-3,3
21844,132,119,13,13
21845,118,107,11,11
21846,134,114,20,20
21847,85,95,-10,10
21848,130,134,-4,4
21849,107,111,-4,4
21850,112,102,10,10
21851,63,67,-4,4
21852,176,160,16,16
21853,83,81,2,2
21854,88,97,-9,9
21855,141,120,21,21
21856,121,111,10,10
21857,119,106,13,13
21858,51,64,-13,13
21859,60,67,-7,7
21860,103,86,17,17
21861,122,113,9,9
21862,79,80,-1,1
21863,103,94,9,9
21864,86,82,4,4
21865,58,68,-10,10
21866,103,102,1,1
21867,89,84,5,5
21868,94,87,7,7
21869,115,114,1,1
21870,151,156,-5,5
21871,97,95,2,2
21872,88,84,4,4
21873,78,79,-1,1
21874,79,81,-2,2
21875,51,54,-3,3
21876,77,89,-12,12
21877,98,88,10,10
21878,160,135,25,25
21879,114,112,2,2
21880,95,99,-4,4
21881,77,82,-5,5
21882,75,78,-3,3
21883,142,130,12,12
21884,72,75,-3,3
21885,150,133,17,17
21886,67,74,-7,7
21887,104,102,2,2
21888,95,98,-3,3
21889,116,105,11,11
21890,43,76,-33,33
21891,98,96,2,2
21892,85,79,6,6
21893,93,89,4,4
21894,106,101,5,5
21895,99,98,1,1
21896,179,161,18,18
21897,61,79,-18,18
21898,77,79,-2,2
21899,64,66,-2,2
21900,90,92,-2,2
21901,106,113,-7,7
21902,67,68,-1,1
21903,102,100,2,2
21904,94,60,34,34
21905,92,88,4,4
21906,81,81,0,0
21907,84,79,5,5
21908,131,134,-3,3
21909,96,97,-1,1
21910,89,85,4,4
21911,107,98,9,9
21912,73,81,-8,8
21913,81,77,4,4
21914,69,77,-8,8
21915,73,76,-3,3
21916,150,146,4,4
21917,115,99,16,16
21918,90,86,4,4
21919,63,78,-15,15
21920,138,123,15,15
21921,125,123,2,2
21922,111,105,6,6
21923,124,107,17,17
21924,37,49,-12,12
21925,114,110,4,4
21926,67,70,-3,3
21927,116,111,5,5
21928,134,141,-7,7
21929,58,66,-8,8
21930,75,73,2,2
21931,119,113,6,6
21932,94,87,7,7
21933,72,71,1,1
21934,144,143,1,1
21935,86,84,2,2
21936,112,108,4,4
21937,57,61,-4,4
21938,121,127,-6,6
21939,118,110,8,8
21940,79,78,1,1
21941,53,57,-4,4
21942,61,59,2,2
21943,90,95,-5,5
21944,114,113,1,1
21945,101,104,-3,3
21946,180,168,12,12
21947,136,147,-11,11
21948,100,100,0,0
21949,107,106,1,1
21950,95,98,-3,3
21951,75,77,-2,2
21952,86,90,-4,4
21953,71,80,-9,9
21954,126,128,-2,2
21955,125,119,6,6
21956,162,151,11,11
21957,71,76,-5,5
21958,60,60,0,0
21959,118,120,-2,2
21960,104,84,20,20
21961,117,111,6,6
21962,144,133,11,11
21963,78,84,-6,6
21964,95,93,2,2
21965,157,144,13,13
21966,70,73,-3,3
21967,68,73,-5,5
21968,125,115,10,10
21969,111,94,17,17
21970,112,104,8,8
21971,118,104,14,14
21972,71,66,5,5
21973,126,108,18,18
21974,96,91,5,5
21975,59,67,-8,8
21976,82,93,-11,11
21977,101,105,-4,4
21978,80,85,-5,5
21979,61,64,-3,3
21980,89,94,-5,5
21981,107,91,16,16
21982,55,64,-9,9
21983,99,95,4,4
21984,131,134,-3,3
21985,80,76,4,4
21986,110,93,17,17
21987,94,93,1,1
21988,32,37,-5,5
21989,105,102,3,3
21990,103,105,-2,2
21991,152,152,0,0
21992,136,118,18,18
21993,78,76,2,2
21994,68,68,0,0
21995,68,80,-12,12
21996,36,43,-7,7
21997,111,112,-1,1
21998,64,62,2,2
21999,70,74,-4,4
22000,89,88,1,1
22001,103,98,5,5
22002,79,78,1,1
22003,175,165,10,10
22004,103,102,1,1
22005,84,82,2,2
22006,79,76,3,3
22007,93,98,-5,5
22008,124,116,8,8
22009,106,103,3,3
22010,144,128,16,16
22011,100,96,4,4
22012,70,73,-3,3
22013,122,120,2,2
22014,101,99,2,2
22015,125,118,7,7
22016,94,90,4,4
22017,134,143,-9,9
22018,69,74,-5,5
22019,119,107,12,12
22020,106,98,8,8
22021,122,120,2,2
22022,54,59,-5,5
22023,89,88,1,1
22024,76,89,-13,13
22025,86,86,0,0
22026,144,126,18,18
22027,93,83,10,10
22028,105,107,-2,2
22029,101,102,-1,1
22030,81,92,-11,11
22031,85,85,0,0
22032,157,135,22,22
22033,112,115,-3,3
22034,76,81,-5,5
22035,85,93,-8,8
22036,141,117,24,24
22037,87,93,-6,6
22038,71,80,-9,9
22039,104,107,-3,3
22040,73,78,-5,5
22041,143,130,13,13
22042,92,97,-5,5
22043,80,83,-3,3
22044,98,98,0,0
22045,80,76,4,4
22046,54,63,-9,9
22047,134,145,-11,11
22048,70,70,0,0
22049,114,110,4,4
22050,80,72,8,8
22051,90,86,4,4
22052,82,91,-9,9
22053,103,98,5,5
22054,82,80,2,2
22055,92,86,6,6
22056,82,80,2,2
22057,66,70,-4,4
22058,124,153,-29,29
22059,61,70,-9,9
22060,63,73,-10,10
22061,91,94,-3,3
22062,72,72,0,0
22063,54,69,-15,15
22064,87,84,3,3
22065,104,110,-6,6
22066,61,67,-6,6
22067,125,107,18,18
22068,129,128,1,1
22069,33,49,-16,16
22070,97,100,-3,3
22071,73,89,-16,16
22072,154,142,12,12
22073,74,74,0,0
22074,125,125,0,0
22075,54,62,-8,8
22076,68,76,-8,8
22077,91,87,4,4
22078,68,70,-2,2
22079,92,104,-12,12
22080,117,101,16,16
22081,98,107,-9,9
22082,124,111,13,13
22083,71,78,-7,7
22084,66,69,-3,3
22085,37,46,-9,9
22086,108,101,7,7
22087,59,61,-2,2
22088,84,85,-1,1
22089,162,144,18,18
22090,108,109,-1,1
22091,120,108,12,12
22092,102,108,-6,6
22093,68,85,-17,17
22094,146,122,24,24
22095,116,115,1,1
22096,66,71,-5,5
22097,67,72,-5,5
22098,46,59,-13,13
22099,92,86,6,6
22100,150,134,16,16
22101,58,56,2,2
22102,103,107,-4,4
22103,112,99,13,13
22104,90,99,-9,9
22105,98,97,1,1
22106,54,64,-10,10
22107,76,80,-4,4
22108,77,83,-6,6
22109,111,102,9,9
22110,118,121,-3,3
22111,125,119,6,6
22112,94,98,-4,4
22113,73,79,-6,6
22114,173,163,10,10
22115,155,149,6,6
22116,120,125,-5,5
22117,86,79,7,7
22118,115,107,8,8
22119,149,134,15,15
22120,68,86,-18,18
22121,130,110,20,20
22122,65,72,-7,7
22123,63,57,6,6
22124,39,48,-9,9
22125,82,80,2,2
22126,74,68,6,6
22127,57,72,-15,15
22128,105,108,-3,3
22129,106,104,2,2
22130,126,142,-16,16
22131,113,106,7,7
22132,109,107,2,2
22133,95,98,-3,3
22134,86,77,9,9
22135,99,96,3,3
22136,65,78,-13,13
22137,70,73,-3,3
22138,66,66,0,0
22139,45,53,-8,8
22140,77,78,-1,1
22141,50,62,-12,12
22142,105,101,4,4
22143,101,109,-8,8
22144,62,70,-8,8
22145,82,91,-9,9
22146,69,65,4,4
22147,122,136,-14,14
22148,147,141,6,6
22149,220,209,11,11
22150,69,71,-2,2
22151,93,91,2,2
22152,111,107,4,4
22153,152,151,1,1
22154,124,123,1,1
22155,43,47,-4,4
22156,112,97,15,15
22157,83,81,2,2
22158,140,133,7,7
22159,110,106,4,4
22160,71,81,-10,10
22161,96,106,-10,10
22162,148,144,4,4
22163,53,50,3,3
22164,120,108,12,12
22165,188,172,16,16
22166,29,42,-13,13
22167,117,112,5,5
22168,104,102,2,2
22169,81,81,0,0
22170,124,124,0,0
22171,103,111,-8,8
22172,139,132,7,7
22173,79,71,8,8
22174,133,122,11,11
22175,112,113,-1,1
22176,99,103,-4,4
22177,101,93,8,8
22178,75,72,3,3
22179,110,105,5,5
22180,121,116,5,5
22181,110,108,2,2
22182,68,86,-18,18
22183,99,96,3,3
22184,67,76,-9,9
22185,72,79,-7,7
22186,151,128,23,23
22187,87,95,-8,8
22188,83,87,-4,4
22189,58,72,-14,14
22190,56,61,-5,5
22191,72,72,0,0
22192,91,87,4,4
22193,61,62,-1,1
22194,95,82,13,13
22195,101,96,5,5
22196,98,92,6,6
22197,128,130,-2,2
22198,183,167,16,16
22199,68,71,-3,3
22200,97,94,3,3
22201,74,77,-3,3
22202,127,122,5,5
22203,91,89,2,2
22204,95,93,2,2
22205,83,81,2,2
22206,130,127,3,3
22207,143,86,57,57
22208,68,77,-9,9
22209,72,71,1,1
22210,81,81,0,0
22211,63,70,-7,7
22212,92,86,6,6
22213,70,83,-13,13
22214,114,116,-2,2
22215,119,103,16,16
22216,130,127,3,3
22217,94,94,0,0
22218,104,105,-1,1
22219,99,104,-5,5
22220,55,70,-15,15
22221,111,112,-1,1
22222,101,92,9,9
22223,86,87,-1,1
22224,89,91,-2,2
22225,91,103,-12,12
22226,140,139,1,1
22227,74,77,-3,3
22228,82,83,-1,1
22229,103,87,16,16
22230,104,93,11,11
22231,75,84,-9,9
22232,92,100,-8,8
22233,53,61,-8,8
22234,74,84,-10,10
22235,38,43,-5,5
22236,141,126,15,15
22237,91,91,0,0
22238,97,92,5,5
22239,115,108,7,7
22240,141,133,8,8
22241,72,82,-10,10
22242,87,90,-3,3
22243,114,111,3,3
22244,96,88,8,8
22245,68,80,-12,12
22246,123,125,-2,2
22247,91,88,3,3
22248,91,86,5,5
22249,116,121,-5,5
22250,49,73,-24,24
22251,57,62,-5,5
22252,124,120,4,4
22253,88,98,-10,10
22254,129,122,7,7
22255,55,59,-4,4
22256,188,163,25,25
22257,64,71,-7,7
22258,71,74,-3,3
22259,45,55,-10,10
22260,93,103,-10,10
22261,68,69,-1,1
22262,161,164,-3,3
22263,69,79,-10,10
22264,113,115,-2,2
22265,74,88,-14,14
22266,58,66,-8,8
22267,149,149,0,0
22268,49,57,-8,8
22269,96,94,2,2
22270,122,115,7,7
22271,92,82,10,10
22272,124,124,0,0
22273,93,93,0,0
22274,149,149,0,0
22275,179,163,16,16
22276,147,146,1,1
22277,121,117,4,4
22278,62,66,-4,4
22279,50,55,-5,5
22280,54,57,-3,3
22281,104,95,9,9
22282,73,73,0,0
22283,101,99,2,2
22284,71,78,-7,7
22285,90,87,3,3
22286,71,71,0,0
22287,72,76,-4,4
22288,61,87,-26,26
22289,65,65,0,0
22290,81,81,0,0
22291,37,55,-18,18
22292,65,72,-7,7
22293,128,120,8,8
22294,55,83,-28,28
22295,55,69,-14,14
22296,131,110,21,21
22297,67,66,1,1
22298,138,132,6,6
22299,66,68,-2,2
22300,62,66,-4,4
22301,187,172,15,15
22302,127,115,12,12
22303,105,108,-3,3
22304,78,79,-1,1
22305,94,91,3,3
22306,94,92,2,2
22307,108,104,4,4
22308,135,126,9,9
22309,78,76,2,2
22310,87,92,-5,5
22311,59,63,-4,4
22312,134,145,-11,11
22313,89,83,6,6
22314,79,81,-2,2
22315,27,46,-19,19
22316,74,72,2,2
22317,56,66,-10,10
22318,121,123,-2,2
22319,88,92,-4,4
22320,145,145,0,0
22321,99,99,0,0
22322,127,113,14,14
22323,85,85,0,0
22324,91,77,14,14
22325,184,178,6,6
22326,76,77,-1,1
22327,86,87,-1,1
22328,88,81,7,7
22329,156,148,8,8
22330,106,106,0,0
22331,102,90,12,12
22332,106,99,7,7
22333,87,87,0,0
22334,60,70,-10,10
22335,82,82,0,0
22336,112,104,8,8
22337,118,119,-1,1
22338,75,69,6,6
22339,94,95,-1,1
22340,57,68,-11,11
22341,96,93,3,3
22342,67,69,-2,2
22343,78,90,-12,12
22344,114,100,14,14
22345,70,71,-1,1
22346,60,67,-7,7
22347,91,89,2,2
22348,86,80,6,6
22349,84,85,-1,1
22350,75,75,0,0
22351,133,136,-3,3
22352,193,167,26,26
22353,68,72,-4,4
22354,139,133,6,6
22355,57,74,-17,17
22356,110,110,0,0
22357,83,93,-10,10
22358,159,129,30,30
22359,110,105,5,5
22360,150,129,21,21
22361,95,101,-6,6
22362,139,124,15,15
22363,72,69,3,3
22364,147,130,17,17
22365,89,83,6,6
22366,136,127,9,9
22367,47,49,-2,2
22368,158,154,4,4
22369,111,112,-1,1
22370,99,89,10,10
22371,112,107,5,5
22372,82,90,-8,8
22373,38,43,-5,5
22374,82,81,1,1
22375,80,81,-1,1
22376,119,105,14,14
22377,68,73,-5,5
22378,117,113,4,4
22379,76,76,0,0
22380,94,95,-1,1
22381,68,74,-6,6
22382,49,50,-1,1
22383,59,64,-5,5
22384,135,139,-4,4
22385,111,109,2,2
22386,102,93,9,9
22387,118,116,2,2
22388,90,87,3,3
22389,62,70,-8,8
22390,104,100,4,4
22391,120,110,10,10
22392,105,105,0,0
22393,131,124,7,7
22394,103,108,-5,5
22395,117,111,6,6
22396,92,90,2,2
22397,70,74,-4,4
22398,108,108,0,0
22399,71,72,-1,1
22400,58,68,-10,10
22401,91,78,13,13
22402,98,90,8,8
22403,40,53,-13,13
22404,92,81,11,11
22405,100,102,-2,2
22406,138,140,-2,2
22407,132,117,15,15
22408,101,102,-1,1
22409,71,80,-9,9
22410,86,84,2,2
22411,107,103,4,4
22412,85,84,1,1
22413,68,74,-6,6
22414,80,79,1,1
22415,125,116,9,9
22416,99,91,8,8
22417,122,114,8,8
22418,190,164,26,26
22419,109,91,18,18
22420,83,78,5,5
22421,121,136,-15,15
22422,79,90,-11,11
22423,142,150,-8,8
22424,63,67,-4,4
22425,66,68,-2,2
22426,114,98,16,16
22427,80,79,1,1
22428,72,72,0,0
22429,190,175,15,15
22430,91,89,2,2
22431,152,137,15,15
22432,74,64,10,10
22433,88,92,-4,4
22434,181,173,8,8
22435,118,115,3,3
22436,131,122,9,9
22437,64,106,-42,42
22438,86,87,-1,1
22439,74,85,-11,11
22440,79,80,-1,1
22441,99,99,0,0
22442,169,160,9,9
22443,68,64,4,4
22444,79,76,3,3
22445,181,158,23,23
22446,119,107,12,12
22447,120,108,12,12
22448,67,75,-8,8
22449,67,78,-11,11
22450,76,74,2,2
22451,87,84,3,3
22452,91,94,-3,3
22453,161,146,15,15
22454,58,61,-3,3
22455,57,64,-7,7
22456,95,88,7,7
22457,63,71,-8,8
22458,64,67,-3,3
22459,55,61,-6,6
22460,136,140,-4,4
22461,107,103,4,4
22462,83,90,-7,7
22463,52,67,-15,15
22464,127,136,-9,9
22465,90,93,-3,3
22466,141,129,12,12
22467,87,93,-6,6
22468,99,96,3,3
22469,67,70,-3,3
22470,79,81,-2,2
22471,102,102,0,0
22472,168,163,5,5
22473,154,150,4,4
22474,118,113,5,5
22475,68,80,-12,12
22476,109,103,6,6
22477,41,49,-8,8
22478,65,74,-9,9
22479,108,99,9,9
22480,26,43,-17,17
22481,99,107,-8,8
22482,137,133,4,4
22483,180,169,11,11
22484,223,166,57,57
22485,103,100,3,3
22486,91,92,-1,1
22487,120,111,9,9
22488,73,74,-1,1
22489,69,78,-9,9
22490,76,89,-13,13
22491,73,64,9,9
22492,41,45,-4,4
22493,143,140,3,3
22494,121,133,-12,12
22495,97,104,-7,7
22496,86,94,-8,8
22497,80,86,-6,6
22498,105,110,-5,5
22499,111,96,15,15
22500,133,140,-7,7
22501,120,117,3,3
22502,156,159,-3,3
22503,100,102,-2,2
22504,41,49,-8,8
22505,94,101,-7,7
22506,59,61,-2,2
22507,71,72,-1,1
22508,68,71,-3,3
22509,102,94,8,8
22510,134,126,8,8
22511,60,58,2,2
22512,169,140,29,29
22513,80,84,-4,4
22514,126,142,-16,16
22515,146,129,17,17
22516,128,132,-4,4
22517,67,69,-2,2
22518,92,98,-6,6
22519,72,76,-4,4
22520,79,81,-2,2
22521,102,95,7,7
22522,62,68,-6,6
22523,59,65,-6,6
22524,116,103,13,13
22525,96,92,4,4
22526,86,86,0,0
22527,68,80,-12,12
22528,90,94,-4,4
22529,90,81,9,9
22530,141,127,14,14
22531,109,107,2,2
22532,51,70,-19,19
22533,107,100,7,7
22534,130,122,8,8
22535,103,102,1,1
22536,49,62,-13,13
22537,106,97,9,9
22538,87,87,0,0
22539,68,71,-3,3
22540,88,89,-1,1
22541,79,85,-6,6
22542,104,94,10,10
22543,94,94,0,0
22544,123,109,14,14
22545,98,89,9,9
22546,123,114,9,9
22547,104,103,1,1
22548,60,70,-10,10
22549,70,79,-9,9
22550,89,86,3,3
22551,122,113,9,9
22552,55,59,-4,4
22553,141,132,9,9
22554,80,82,-2,2
22555,97,99,-2,2
22556,126,111,15,15
22557,73,78,-5,5
22558,63,77,-14,14
22559,151,134,17,17
22560,109,103,6,6
22561,161,155,6,6
22562,80,80,0,0
22563,126,108,18,18
22564,89,86,3,3
22565,95,90,5,5
22566,163,145,18,18
22567,121,108,13,13
22568,80,84,-4,4
22569,79,71,8,8
22570,94,89,5,5
22571,143,130,13,13
22572,95,91,4,4
22573,108,105,3,3
22574,94,97,-3,3
22575,102,95,7,7
22576,84,90,-6,6
22577,80,81,-1,1
22578,135,124,11,11
22579,98,85,13,13
22580,113,113,0,0
22581,85,105,-20,20
22582,97,92,5,5
22583,67,71,-4,4
22584,135,128,7,7
22585,31,35,-4,4
22586,154,145,9,9
22587,136,134,2,2
22588,35,31,4,4
22589,145,132,13,13
22590,76,73,3,3
22591,89,96,-7,7
22592,84,94,-10,10
22593,82,97,-15,15
22594,76,75,1,1
22595,88,91,-3,3
22596,85,78,7,7
22597,109,118,-9,9
22598,165,151,14,14
22599,88,96,-8,8
22600,54,61,-7,7
22601,93,83,10,10
22602,66,71,-5,5
22603,75,79,-4,4
22604,55,61,-6,6
22605,72,76,-4,4
22606,113,107,6,6
22607,127,123,4,4
22608,53,55,-2,2
22609,94,97,-3,3
22610,90,91,-1,1
22611,65,79,-14,14
22612,60,69,-9,9
22613,59,52,7,7
22614,107,102,5,5
22615,93,104,-11,11
22616,128,116,12,12
22617,55,63,-8,8
22618,93,93,0,0
22619,79,77,2,2
22620,148,132,16,16
22621,129,125,4,4
22622,51,65,-14,14
22623,92,96,-4,4
22624,93,107,-14,14
22625,114,114,0,0
22626,72,78,-6,6
22627,92,98,-6,6
22628,81,79,2,2
22629,69,80,-11,11
22630,93,89,4,4
22631,189,176,13,13
22632,71,75,-4,4
22633,87,84,3,3
22634,48,85,-37,37
22635,94,91,3,3
22636,116,127,-11,11
22637,62,74,-12,12
22638,240,202,38,38
22639,104,99,5,5
22640,80,91,-11,11
22641,66,62,4,4
22642,100,95,5,5
22643,133,127,6,6
22644,103,97,6,6
22645,137,142,-5,5
22646,165,151,14,14
22647,125,117,8,8
22648,86,82,4,4
22649,95,89,6,6
22650,103,113,-10,10
22651,140,119,21,21
22652,95,97,-2,2
22653,68,74,-6,6
22654,52,57,-5,5
22655,77,75,2,2
22656,121,111,10,10
22657,107,108,-1,1
22658,98,95,3,3
22659,100,95,5,5
22660,81,82,-1,1
22661,46,50,-4,4
22662,162,154,8,8
22663,136,127,9,9
22664,85,90,-5,5
22665,83,76,7,7
22666,135,123,12,12
22667,39,44,-5,5
22668,61,67,-6,6
22669,73,64,9,9
22670,87,77,10,10
22671,76,79,-3,3
22672,84,101,-17,17
22673,94,83,11,11
22674,163,162,1,1
22675,80,86,-6,6
22676,86,102,-16,16
22677,152,135,17,17
22678,100,108,-8,8
22679,75,73,2,2
22680,92,88,4,4
22681,84,82,2,2
22682,144,136,8,8
22683,69,71,-2,2
22684,109,110,-1,1
22685,109,96,13,13
22686,88,75,13,13
22687,67,71,-4,4
22688,115,107,8,8
22689,125,129,-4,4
22690,95,100,-5,5
22691,87,83,4,4
22692,98,95,3,3
22693,83,96,-13,13
22694,101,98,3,3
22695,51,52,-1,1
22696,108,102,6,6
22697,136,136,0,0
22698,208,199,9,9
22699,121,115,6,6
22700,84,79,5,5
22701,86,80,6,6
22702,148,150,-2,2
22703,110,115,-5,5
22704,117,111,6,6
22705,96,97,-1,1
22706,69,71,-2,2
22707,137,127,10,10
22708,66,65,1,1
22709,89,76,13,13
22710,44,55,-11,11
22711,136,125,11,11
22712,128,113,15,15
22713,73,77,-4,4
22714,155,153,2,2
22715,89,76,13,13
22716,87,75,12,12
22717,147,133,14,14
22718,64,67,-3,3
22719,37,43,-6,6
22720,122,114,8,8
22721,44,49,-5,5
22722,126,124,2,2
22723,60,71,-11,11
22724,148,143,5,5
22725,134,125,9,9
22726,87,79,8,8
22727,135,137,-2,2
22728,90,86,4,4
22729,60,61,-1,1
22730,86,77,9,9
22731,150,146,4,4
22732,59,76,-17,17
22733,111,99,12,12
22734,54,58,-4,4
22735,158,144,14,14
22736,135,119,16,16
22737,32,34,-2,2
22738,63,68,-5,5
22739,117,99,18,18
22740,83,86,-3,3
22741,54,63,-9,9
22742,151,142,9,9
22743,64,70,-6,6
22744,44,52,-8,8
22745,138,131,7,7
22746,48,64,-16,16
22747,123,110,13,13
22748,97,97,0,0
22749,59,65,-6,6
22750,96,97,-1,1
22751,19,27,-8,8
22752,112,109,3,3
22753,131,144,-13,13
22754,153,146,7,7
22755,100,99,1,1
22756,183,171,12,12
22757,121,111,10,10
22758,129,122,7,7
22759,93,101,-8,8
22760,89,93,-4,4
22761,92,90,2,2
22762,81,99,-18,18
22763,133,122,11,11
22764,77,83,-6,6
22765,63,69,-6,6
22766,66,64,2,2
22767,74,85,-11,11
22768,150,152,-2,2
22769,76,85,-9,9
22770,68,65,3,3
22771,73,73,0,0
22772,93,91,2,2
22773,90,80,10,10
22774,81,95,-14,14
22775,59,58,1,1
22776,160,141,19,19
22777,47,51,-4,4
22778,109,127,-18,18
22779,133,123,10,10
22780,114,117,-3,3
22781,89,80,9,9
22782,86,80,6,6
22783,95,87,8,8
22784,149,152,-3,3
22785,86,82,4,4
22786,112,110,2,2
22787,61,103,-42,42
22788,32,45,-13,13
22789,141,135,6,6
22790,106,98,8,8
22791,62,70,-8,8
22792,98,97,1,1
22793,169,134,35,35
22794,75,90,-15,15
22795,113,105,8,8
22796,69,73,-4,4
22797,54,64,-10,10
22798,72,80,-8,8
22799,140,144,-4,4
22800,86,91,-5,5
22801,106,101,5,5
22802,81,80,1,1
22803,109,98,11,11
22804,120,105,15,15
22805,103,95,8,8
22806,201,170,31,31
22807,115,128,-13,13
22808,94,84,10,10
22809,110,118,-8,8
22810,90,89,1,1
22811,117,107,10,10
22812,80,78,2,2
22813,136,125,11,11
22814,95,98,-3,3
22815,121,104,17,17
22816,38,47,-9,9
22817,100,90,10,10
22818,83,88,-5,5
22819,102,100,2,2
22820,100,97,3,3
22821,67,72,-5,5
22822,88,113,-25,25
22823,68,67,1,1
22824,145,139,6,6
22825,86,86,0,0
22826,107,98,9,9
22827,85,97,-12,12
22828,102,105,-3,3
22829,132,129,3,3
22830,61,67,-6,6
22831,70,67,3,3
22832,91,91,0,0
22833,139,137,2,2
22834,51,56,-5,5
22835,39,47,-8,8
22836,100,88,12,12
22837,93,93,0,0
22838,89,95,-6,6
22839,92,99,-7,7
22840,35,43,-8,8
22841,93,86,7,7
22842,64,70,-6,6
22843,62,60,2,2
22844,102,85,17,17
22845,101,97,4,4
22846,93,92,1,1
22847,63,68,-5,5
22848,88,89,-1,1
22849,80,85,-5,5
22850,134,95,39,39
22851,77,77,0,0
22852,73,75,-2,2
22853,57,64,-7,7
22854,118,90,28,28
22855,134,128,6,6
22856,127,122,5,5
22857,88,87,1,1
22858,91,88,3,3
22859,110,107,3,3
22860,46,51,-5,5
22861,105,101,4,4
22862,103,105,-2,2
22863,108,99,9,9
22864,93,99,-6,6
22865,75,81,-6,6
22866,131,127,4,4
22867,130,127,3,3
22868,89,86,3,3
22869,49,101,-52,52
22870,120,120,0,0
22871,151,156,-5,5
22872,92,91,1,1
22873,77,82,-5,5
22874,126,130,-4,4
22875,100,100,0,0
22876,54,59,-5,5
22877,110,101,9,9
22878,133,128,5,5
22879,119,119,0,0
22880,126,116,10,10
22881,42,48,-6,6
22882,63,69,-6,6
22883,170,160,10,10
22884,68,80,-12,12
22885,114,109,5,5
22886,115,103,12,12
22887,64,73,-9,9
22888,90,91,-1,1
22889,126,110,16,16
22890,72,85,-13,13
22891,116,133,-17,17
22892,151,153,-2,2
22893,98,82,16,16
22894,135,124,11,11
22895,132,116,16,16
22896,166,146,20,20
22897,109,103,6,6
22898,73,73,0,0
22899,43,50,-7,7
22900,60,63,-3,3
22901,95,99,-4,4
22902,185,165,20,20
22903,116,111,5,5
22904,120,114,6,6
22905,117,108,9,9
22906,80,88,-8,8
22907,54,60,-6,6
22908,94,95,-1,1
22909,104,106,-2,2
22910,167,165,2,2
22911,183,172,11,11
22912,125,128,-3,3
22913,67,69,-2,2
22914,127,112,15,15
22915,108,105,3,3
22916,110,103,7,7
22917,72,73,-1,1
22918,76,79,-3,3
22919,60,62,-2,2
22920,127,109,18,18
22921,60,61,-1,1
22922,117,108,9,9
22923,62,66,-4,4
22924,98,89,9,9
22925,64,68,-4,4
22926,90,86,4,4
22927,155,151,4,4
22928,69,71,-2,2
22929,91,84,7,7
22930,91,84,7,7
22931,97,88,9,9
22932,116,105,11,11
22933,100,97,3,3
22934,81,85,-4,4
22935,77,75,2,2
22936,46,48,-2,2
22937,86,97,-11,11
22938,98,89,9,9
22939,128,99,29,29
22940,53,59,-6,6
22941,86,86,0,0
22942,106,104,2,2
22943,118,112,6,6
22944,132,132,0,0
22945,179,172,7,7
22946,72,69,3,3
22947,57,60,-3,3
22948,159,151,8,8
22949,56,66,-10,10
22950,90,97,-7,7
22951,84,87,-3,3
22952,120,120,0,0
22953,99,87,12,12
22954,121,108,13,13
22955,96,97,-1,1
22956,46,61,-15,15
22957,84,90,-6,6
22958,79,79,0,0
22959,165,152,13,13
22960,72,77,-5,5
22961,75,79,-4,4
22962,116,113,3,3
22963,117,119,-2,2
22964,95,88,7,7
22965,138,133,5,5
22966,64,70,-6,6
22967,70,75,-5,5
22968,51,55,-4,4
22969,74,85,-11,11
22970,105,101,4,4
22971,137,131,6,6
22972,93,92,1,1
22973,72,79,-7,7
22974,83,81,2,2
22975,113,104,9,9
22976,97,94,3,3
22977,76,78,-2,2
22978,65,67,-2,2
22979,159,149,10,10
22980,72,73,-1,1
22981,127,118,9,9
22982,94,91,3,3
22983,83,83,0,0
22984,84,86,-2,2
22985,60,68,-8,8
22986,100,103,-3,3
22987,108,107,1,1
22988,118,110,8,8
22989,76,78,-2,2
22990,87,81,6,6
22991,50,58,-8,8
22992,38,45,-7,7
22993,146,125,21,21
22994,114,110,4,4
22995,52,60,-8,8
22996,84,89,-5,5
22997,122,122,0,0
22998,102,95,7,7
22999,181,164,17,17
23000,98,91,7,7
23001,39,50,-11,11
23002,84,72,12,12
23003,145,110,35,35
23004,124,124,0,0
23005,110,115,-5,5
23006,57,64,-7,7
23007,88,83,5,5
23008,64,70,-6,6
23009,195,176,19,19
23010,131,135,-4,4
23011,124,118,6,6
23012,79,97,-18,18
23013,66,68,-2,2
23014,100,106,-6,6
23015,82,78,4,4
23016,81,87,-6,6
23017,85,81,4,4
23018,192,178,14,14
23019,112,108,4,4
23020,166,152,14,14
23021,101,98,3,3
23022,82,75,7,7
23023,89,80,9,9
23024,94,86,8,8
23025,79,89,-10,10
23026,108,112,-4,4
23027,117,109,8,8
23028,123,115,8,8
23029,81,80,1,1
23030,87,80,7,7
23031,66,70,-4,4
23032,35,45,-10,10
23033,102,95,7,7
23034,145,130,15,15
23035,62,64,-2,2
23036,121,112,9,9
23037,69,72,-3,3
23038,142,130,12,12
23039,74,71,3,3
23040,92,86,6,6
23041,63,62,1,1
23042,71,76,-5,5
23043,148,128,20,20
23044,72,83,-11,11
23045,75,75,0,0
23046,118,116,2,2
23047,103,103,0,0
23048,136,116,20,20
23049,126,130,-4,4
23050,93,97,-4,4
23051,101,101,0,0
23052,133,121,12,12
23053,83,88,-5,5
23054,91,94,-3,3
23055,52,54,-2,2
23056,100,99,1,1
23057,88,85,3,3
23058,80,88,-8,8
23059,83,93,-10,10
23060,90,86,4,4
23061,69,95,-26,26
23062,85,79,6,6
23063,107,97,10,10
23064,103,95,8,8
23065,60,63,-3,3
23066,152,150,2,2
23067,40,46,-6,6
23068,87,83,4,4
23069,78,75,3,3
23070,145,144,1,1
23071,47,56,-9,9
23072,139,121,18,18
23073,94,89,5,5
23074,138,147,-9,9
23075,115,98,17,17
23076,94,95,-1,1
23077,106,103,3,3
23078,85,81,4,4
23079,82,80,2,2
23080,61,64,-3,3
23081,160,146,14,14
23082,157,156,1,1
23083,87,90,-3,3
23084,135,122,13,13
23085,120,108,12,12
23086,104,99,5,5
23087,165,142,23,23
23088,88,86,2,2
23089,67,75,-8,8
23090,87,82,5,5
23091,66,72,-6,6
23092,74,73,1,1
23093,76,78,-2,2
23094,62,67,-5,5
23095,79,82,-3,3
23096,91,92,-1,1
23097,70,67,3,3
23098,148,133,15,15
23099,135,120,15,15
23100,74,81,-7,7
23101,78,77,1,1
23102,93,93,0,0
23103,124,111,13,13
23104,129,128,1,1
23105,98,90,8,8
23106,72,71,1,1
23107,53,64,-11,11
23108,138,132,6,6
23109,184,153,31,31
23110,85,86,-1,1
23111,82,78,4,4
23112,105,110,-5,5
23113,99,97,2,2
23114,65,71,-6,6
23115,73,70,3,3
23116,66,65,1,1
23117,102,102,0,0
23118,85,79,6,6
23119,188,183,5,5
23120,81,196,-115,115
23121,124,117,7,7
23122,59,65,-6,6
23123,108,102,6,6
23124,92,95,-3,3
23125,100,96,4,4
23126,105,103,2,2
23127,93,96,-3,3
23128,155,147,8,8
23129,71,70,1,1
23130,65,61,4,4
23131,94,90,4,4
23132,122,125,-3,3
23133,70,73,-3,3
23134,65,69,-4,4
23135,160,151,9,9
23136,115,112,3,3
23137,134,130,4,4
23138,101,104,-3,3
23139,105,101,4,4
23140,93,93,0,0
23141,94,85,9,9
23142,82,77,5,5
23143,90,89,1,1
23144,78,71,7,7
23145,145,138,7,7
23146,120,115,5,5
23147,94,93,1,1
23148,95,85,10,10
23149,115,126,-11,11
23150,49,53,-4,4
23151,134,129,5,5
23152,88,86,2,2
23153,82,87,-5,5
23154,67,64,3,3
23155,71,67,4,4
23156,56,70,-14,14
23157,88,84,4,4
23158,34,44,-10,10
23159,62,78,-16,16
23160,82,86,-4,4
23161,111,115,-4,4
23162,48,54,-6,6
23163,102,104,-2,2
23164,143,131,12,12
23165,47,54,-7,7
23166,76,76,0,0
23167,119,114,5,5
23168,64,66,-2,2
23169,72,69,3,3
23170,141,129,12,12
23171,64,62,2,2
23172,127,110,17,17
23173,72,76,-4,4
23174,111,106,5,5
23175,104,87,17,17
23176,77,85,-8,8
23177,133,132,1,1
23178,113,107,6,6
23179,110,106,4,4
23180,89,87,2,2
23181,125,121,4,4
23182,127,108,19,19
23183,68,66,2,2
23184,99,103,-4,4
23185,86,91,-5,5
23186,111,108,3,3
23187,118,104,14,14
23188,74,78,-4,4
23189,132,114,18,18
23190,99,94,5,5
23191,139,138,1,1
23192,107,105,2,2
23193,70,78,-8,8
23194,77,72,5,5
23195,101,104,-3,3
23196,103,101,2,2
23197,86,88,-2,2
23198,104,93,11,11
23199,100,102,-2,2
23200,150,135,15,15
23201,69,70,-1,1
23202,129,123,6,6
23203,162,160,2,2
23204,111,117,-6,6
23205,133,125,8,8
23206,87,85,2,2
23207,74,83,-9,9
23208,95,101,-6,6
23209,110,116,-6,6
23210,124,123,1,1
23211,155,145,10,10
23212,74,66,8,8
23213,80,77,3,3
23214,90,84,6,6
23215,100,97,3,3
23216,112,96,16,16
23217,81,70,11,11
23218,73,81,-8,8
23219,122,114,8,8
23220,130,124,6,6
23221,129,119,10,10
23222,123,113,10,10
23223,84,87,-3,3
23224,63,69,-6,6
23225,144,129,15,15
23226,91,155,-64,64
23227,66,75,-9,9
23228,95,94,1,1
23229,129,120,9,9
23230,75,77,-2,2
23231,152,174,-22,22
23232,119,106,13,13
23233,107,106,1,1
23234,184,163,21,21
23235,84,88,-4,4
23236,123,114,9,9
23237,167,143,24,24
23238,59,57,2,2
23239,68,77,-9,9
23240,119,101,18,18
23241,77,75,2,2
23242,70,79,-9,9
23243,79,74,5,5
23244,114,112,2,2
23245,75,76,-1,1
23246,64,60,4,4
23247,127,113,14,14
23248,52,62,-10,10
23249,67,65,2,2
23250,73,80,-7,7
23251,85,79,6,6
23252,63,69,-6,6
23253,88,80,8,8
23254,89,102,-13,13
23255,133,111,22,22
23256,82,83,-1,1
23257,115,102,13,13
23258,97,97,0,0
23259,81,91,-10,10
23260,102,95,7,7
23261,68,64,4,4
23262,64,66,-2,2
23263,70,72,-2,2
23264,73,79,-6,6
23265,59,69,-10,10
23266,136,135,1,1
23267,103,107,-4,4
23268,137,116,21,21
23269,73,76,-3,3
23270,83,83,0,0
23271,95,87,8,8
23272,138,121,17,17
23273,86,79,7,7
23274,66,86,-20,20
23275,134,153,-19,19
23276,116,109,7,7
23277,70,74,-4,4
23278,118,109,9,9
23279,131,122,9,9
23280,40,65,-25,25
23281,82,83,-1,1
23282,78,76,2,2
23283,97,88,9,9
23284,89,93,-4,4
23285,133,122,11,11
23286,76,73,3,3
23287,152,130,22,22
23288,92,89,3,3
23289,62,66,-4,4
23290,179,151,28,28
23291,127,110,17,17
23292,115,109,6,6
23293,54,69,-15,15
23294,136,116,20,20
23295,76,83,-7,7
23296,62,71,-9,9
23297,78,81,-3,3
23298,182,154,28,28
23299,67,68,-1,1
23300,110,98,12,12
23301,92,85,7,7
23302,150,134,16,16
23303,122,123,-1,1
23304,62,72,-10,10
23305,109,100,9,9
23306,123,114,9,9
23307,107,107,0,0
23308,50,63,-13,13
23309,62,68,-6,6
23310,115,110,5,5
23311,41,52,-11,11
23312,106,100,6,6
23313,58,62,-4,4
23314,67,68,-1,1
23315,64,63,1,1
23316,71,90,-19,19
23317,83,91,-8,8
23318,157,168,-11,11
23319,90,91,-1,1
23320,100,107,-7,7
23321,92,94,-2,2
23322,87,101,-14,14
23323,76,89,-13,13
23324,101,102,-1,1
23325,56,55,1,1
23326,65,71,-6,6
23327,70,75,-5,5
23328,57,64,-7,7
23329,112,139,-27,27
23330,50,72,-22,22
23331,47,60,-13,13
23332,140,150,-10,10
23333,51,57,-6,6
23334,61,75,-14,14
23335,78,80,-2,2
23336,70,68,2,2
23337,98,90,8,8
23338,152,139,13,13
23339,99,101,-2,2
23340,93,96,-3,3
23341,90,87,3,3
23342,51,58,-7,7
23343,94,89,5,5
23344,82,86,-4,4
23345,137,131,6,6
23346,85,89,-4,4
23347,131,133,-2,2
23348,110,98,12,12
23349,70,69,1,1
23350,99,103,-4,4
23351,146,132,14,14
23352,37,47,-10,10
23353,94,89,5,5
23354,124,116,8,8
23355,91,108,-17,17
23356,85,87,-2,2
23357,58,67,-9,9
23358,78,86,-8,8
23359,62,69,-7,7
23360,51,59,-8,8
23361,85,92,-7,7
23362,64,70,-6,6
23363,108,114,-6,6
23364,89,92,-3,3
23365,120,114,6,6
23366,131,117,14,14
23367,50,58,-8,8
23368,109,103,6,6
23369,82,79,3,3
23370,115,109,6,6
23371,121,120,1,1
23372,193,175,18,18
23373,66,69,-3,3
23374,125,114,11,11
23375,64,70,-6,6
23376,105,96,9,9
23377,47,57,-10,10
23378,57,72,-15,15
23379,105,96,9,9
23380,124,119,5,5
23381,90,96,-6,6
23382,126,112,14,14
23383,89,95,-6,6
23384,122,112,10,10
23385,116,108,8,8
23386,80,74,6,6
23387,92,88,4,4
23388,62,85,-23,23
23389,144,143,1,1
23390,45,58,-13,13
23391,139,137,2,2
23392,117,104,13,13
23393,99,101,-2,2
23394,98,96,2,2
23395,87,90,-3,3
23396,171,143,28,28
23397,127,105,22,22
23398,114,106,8,8
23399,100,103,-3,3
23400,71,82,-11,11
23401,143,124,19,19
23402,84,83,1,1
23403,89,84,5,5
23404,85,90,-5,5
23405,69,71,-2,2
23406,145,150,-5,5
23407,115,113,2,2
23408,116,115,1,1
23409,114,112,2,2
23410,58,58,0,0
23411,79,76,3,3
23412,73,78,-5,5
23413,114,115,-1,1
23414,140,143,-3,3
23415,92,97,-5,5
23416,111,108,3,3
23417,131,130,1,1
23418,76,79,-3,3
23419,94,95,-1,1
23420,91,97,-6,6
23421,76,75,1,1
23422,115,106,9,9
23423,65,66,-1,1
23424,113,113,0,0
23425,85,90,-5,5
23426,214,210,4,4
23427,211,186,25,25
23428,41,51,-10,10
23429,78,77,1,1
23430,161,149,12,12
23431,79,76,3,3
23432,51,61,-10,10
23433,103,104,-1,1
23434,73,77,-4,4
23435,55,65,-10,10
23436,136,113,23,23
23437,131,131,0,0
23438,77,80,-3,3
23439,80,77,3,3
23440,110,107,3,3
23441,54,62,-8,8
23442,111,112,-1,1
23443,84,88,-4,4
23444,70,68,2,2
23445,70,69,1,1
23446,106,99,7,7
23447,97,96,1,1
23448,100,94,6,6
23449,135,134,1,1
23450,86,87,-1,1
23451,42,43,-1,1
23452,132,133,-1,1
23453,73,76,-3,3
23454,125,119,6,6
23455,83,86,-3,3
23456,125,122,3,3
23457,120,113,7,7
23458,110,103,7,7
23459,197,175,22,22
23460,111,105,6,6
23461,86,92,-6,6
23462,76,73,3,3
23463,150,136,14,14
23464,115,111,4,4
23465,89,96,-7,7
23466,176,166,10,10
23467,64,72,-8,8
23468,120,111,9,9
23469,121,113,8,8
23470,64,77,-13,13
23471,49,68,-19,19
23472,70,69,1,1
23473,112,106,6,6
23474,89,94,-5,5
23475,107,103,4,4
23476,155,151,4,4
23477,73,79,-6,6
23478,129,130,-1,1
23479,161,148,13,13
23480,89,87,2,2
23481,113,109,4,4
23482,99,90,9,9
23483,127,125,2,2
23484,115,114,1,1
23485,78,77,1,1
23486,155,161,-6,6
23487,54,55,-1,1
23488,89,88,1,1
23489,115,108,7,7
23490,82,82,0,0
23491,165,155,10,10
23492,90,86,4,4
23493,87,87,0,0
23494,115,106,9,9
23495,70,71,-1,1
23496,85,78,7,7
23497,101,98,3,3
23498,118,132,-14,14
23499,135,113,22,22
23500,74,76,-2,2
23501,108,112,-4,4
23502,134,125,9,9
23503,109,104,5,5
23504,77,77,0,0
23505,71,68,3,3
23506,78,73,5,5
23507,125,107,18,18
23508,90,89,1,1
23509,47,46,1,1
23510,89,88,1,1
23511,102,96,6,6
23512,94,94,0,0
23513,137,136,1,1
23514,110,98,12,12
23515,100,98,2,2
23516,125,110,15,15
23517,57,91,-34,34
23518,120,114,6,6
23519,149,135,14,14
23520,69,76,-7,7
23521,91,96,-5,5
23522,69,71,-2,2
23523,143,131,12,12
23524,112,103,9,9
23525,108,98,10,10
23526,83,91,-8,8
23527,102,104,-2,2
23528,55,59,-4,4
23529,101,95,6,6
23530,39,48,-9,9
23531,173,168,5,5
23532,98,94,4,4
23533,136,128,8,8
23534,62,66,-4,4
23535,188,151,37,37
23536,98,96,2,2
23537,132,119,13,13
23538,89,97,-8,8
23539,106,107,-1,1
23540,101,106,-5,5
23541,150,135,15,15
23542,194,169,25,25
23543,108,110,-2,2
23544,78,89,-11,11
23545,70,73,-3,3
23546,93,98,-5,5
23547,65,76,-11,11
23548,113,100,13,13
23549,129,121,8,8
23550,94,97,-3,3
23551,108,102,6,6
23552,90,93,-3,3
23553,68,73,-5,5
23554,98,98,0,0
23555,96,104,-8,8
23556,85,96,-11,11
23557,137,138,-1,1
23558,112,110,2,2
23559,168,150,18,18
23560,87,95,-8,8
23561,134,118,16,16
23562,75,83,-8,8
23563,135,123,12,12
23564,81,79,2,2
23565,96,104,-8,8
23566,91,95,-4,4
23567,104,92,12,12
23568,105,97,8,8
23569,56,60,-4,4
23570,111,104,7,7
23571,56,69,-13,13
23572,62,65,-3,3
23573,103,99,4,4
23574,144,147,-3,3
23575,101,97,4,4
23576,79,77,2,2
23577,102,94,8,8
23578,121,117,4,4
23579,140,134,6,6
23580,135,128,7,7
23581,80,77,3,3
23582,51,64,-13,13
23583,152,134,18,18
23584,94,96,-2,2
23585,52,49,3,3
23586,78,81,-3,3
23587,82,85,-3,3
23588,75,74,1,1
23589,117,111,6,6
23590,136,129,7,7
23591,92,92,0,0
23592,55,55,0,0
23593,126,111,15,15
23594,55,62,-7,7
23595,43,49,-6,6
23596,83,89,-6,6
23597,116,121,-5,5
23598,113,109,4,4
23599,60,65,-5,5
23600,100,102,-2,2
23601,100,106,-6,6
23602,113,109,4,4
23603,123,137,-14,14
23604,69,73,-4,4
23605,113,128,-15,15
23606,71,78,-7,7
23607,132,118,14,14
23608,151,143,8,8
23609,57,62,-5,5
23610,105,103,2,2
23611,188,178,10,10
23612,79,76,3,3
23613,151,146,5,5
23614,137,136,1,1
23615,42,52,-10,10
23616,144,138,6,6
23617,41,52,-11,11
23618,82,82,0,0
23619,91,86,5,5
23620,65,72,-7,7
23621,65,68,-3,3
23622,103,104,-1,1
23623,116,110,6,6
23624,149,143,6,6
23625,202,175,27,27
23626,61,65,-4,4
23627,78,80,-2,2
23628,154,135,19,19
23629,87,92,-5,5
23630,93,86,7,7
23631,134,134,0,0
23632,116,115,1,1
23633,124,125,-1,1
23634,148,142,6,6
23635,140,139,1,1
23636,69,69,0,0
23637,107,104,3,3
23638,99,96,3,3
23639,137,124,13,13
23640,165,138,27,27
23641,102,94,8,8
23642,116,106,10,10
23643,95,81,14,14
23644,86,104,-18,18
23645,88,97,-9,9
23646,108,104,4,4
23647,153,148,5,5
23648,69,69,0,0
23649,76,75,1,1
23650,103,101,2,2
23651,79,91,-12,12
23652,129,112,17,17
23653,87,89,-2,2
23654,67,72,-5,5
23655,81,81,0,0
23656,118,111,7,7
23657,69,70,-1,1
23658,63,72,-9,9
23659,77,77,0,0
23660,113,107,6,6
23661,143,136,7,7
23662,57,63,-6,6
23663,86,88,-2,2
23664,36,64,-28,28
23665,128,106,22,22
23666,111,106,5,5
23667,68,75,-7,7
23668,60,71,-11,11
23669,90,90,0,0
23670,99,94,5,5
23671,80,77,3,3
23672,79,88,-9,9
23673,84,89,-5,5
23674,77,71,6,6
23675,132,124,8,8
23676,94,72,22,22
23677,95,96,-1,1
23678,67,70,-3,3
23679,134,120,14,14
23680,148,144,4,4
23681,92,89,3,3
23682,85,76,9,9
23683,69,80,-11,11
23684,107,113,-6,6
23685,113,126,-13,13
23686,49,54,-5,5
23687,31,43,-12,12
23688,72,80,-8,8
23689,135,134,1,1
23690,126,116,10,10
23691,67,71,-4,4
23692,70,78,-8,8
23693,64,70,-6,6
23694,70,91,-21,21
23695,88,81,7,7
23696,66,75,-9,9
23697,80,89,-9,9
23698,82,95,-13,13
23699,85,88,-3,3
23700,128,127,1,1
23701,116,111,5,5
23702,74,68,6,6
23703,107,103,4,4
23704,74,75,-1,1
23705,133,112,21,21
23706,91,85,6,6
23707,100,100,0,0
23708,90,81,9,9
23709,41,50,-9,9
23710,117,109,8,8
23711,91,95,-4,4
23712,108,119,-11,11
23713,61,66,-5,5
23714,201,178,23,23
23715,112,107,5,5
23716,62,64,-2,2
23717,70,71,-1,1
23718,79,78,1,1
23719,85,78,7,7
23720,138,126,12,12
23721,132,125,7,7
23722,46,59,-13,13
23723,172,162,10,10
23724,120,107,13,13
23725,120,111,9,9
23726,96,99,-3,3
23727,108,102,6,6
23728,125,129,-4,4
23729,72,80,-8,8
23730,110,97,13,13
23731,51,66,-15,15
23732,127,123,4,4
23733,109,106,3,3
23734,70,71,-1,1
23735,91,89,2,2
23736,53,67,-14,14
23737,195,177,18,18
23738,63,71,-8,8
23739,97,100,-3,3
23740,109,102,7,7
23741,116,112,4,4
23742,52,66,-14,14
23743,66,78,-12,12
23744,70,70,0,0
23745,143,140,3,3
23746,61,102,-41,41
23747,105,94,11,11
23748,58,60,-2,2
23749,141,139,2,2
23750,64,63,1,1
23751,126,119,7,7
23752,154,147,7,7
23753,103,94,9,9
23754,54,61,-7,7
23755,100,100,0,0
23756,99,101,-2,2
23757,84,90,-6,6
23758,67,73,-6,6
23759,51,66,-15,15
23760,118,118,0,0
23761,139,123,16,16
23762,83,83,0,0
23763,127,123,4,4
23764,98,93,5,5
23765,86,83,3,3
23766,53,60,-7,7
23767,111,113,-2,2
23768,82,84,-2,2
23769,101,90,11,11
23770,79,81,-2,2
23771,82,91,-9,9
23772,101,92,9,9
23773,172,155,17,17
23774,49,64,-15,15
23775,144,132,12,12
23776,79,79,0,0
23777,71,77,-6,6
23778,109,106,3,3
23779,97,94,3,3
23780,134,126,8,8
23781,139,154,-15,15
23782,103,98,5,5
23783,104,98,6,6
23784,45,59,-14,14
23785,124,130,-6,6
23786,77,83,-6,6
23787,92,94,-2,2
23788,54,60,-6,6
23789,96,97,-1,1
23790,77,75,2,2
23791,99,92,7,7
23792,46,51,-5,5
23793,128,123,5,5
23794,114,118,-4,4
23795,183,162,21,21
23796,74,77,-3,3
23797,152,136,16,16
23798,95,87,8,8
23799,84,73,11,11
23800,103,98,5,5
23801,118,110,8,8
23802,82,98,-16,16
23803,161,163,-2,2
23804,93,84,9,9
23805,91,83,8,8
23806,106,99,7,7
23807,91,84,7,7
23808,52,60,-8,8
23809,89,88,1,1
23810,80,85,-5,5
23811,112,119,-7,7
23812,69,67,2,2
23813,68,70,-2,2
23814,219,200,19,19
23815,89,93,-4,4
23816,127,118,9,9
23817,84,95,-11,11
23818,85,82,3,3
23819,28,55,-27,27
23820,141,127,14,14
23821,92,96,-4,4
23822,130,115,15,15
23823,59,66,-7,7
23824,143,126,17,17
23825,145,130,15,15
23826,73,75,-2,2
23827,177,165,12,12
23828,169,150,19,19
23829,54,56,-2,2
23830,128,113,15,15
23831,52,61,-9,9
23832,129,127,2,2
23833,99,100,-1,1
23834,119,101,18,18
23835,75,81,-6,6
23836,119,106,13,13
23837,103,97,6,6
23838,130,125,5,5
23839,119,110,9,9
23840,100,95,5,5
23841,159,158,1,1
23842,75,72,3,3
23843,86,88,-2,2
23844,123,118,5,5
23845,74,82,-8,8
23846,50,66,-16,16
23847,57,55,2,2
23848,50,58,-8,8
23849,71,76,-5,5
23850,96,93,3,3
23851,76,76,0,0
23852,130,121,9,9
23853,62,75,-13,13
23854,92,89,3,3
23855,98,103,-5,5
23856,67,63,4,4
23857,231,204,27,27
23858,68,63,5,5
23859,59,61,-2,2
23860,82,74,8,8
23861,67,74,-7,7
23862,88,83,5,5
23863,138,112,26,26
23864,81,72,9,9
23865,117,112,5,5
23866,67,74,-7,7
23867,57,67,-10,10
23868,53,59,-6,6
23869,87,87,0,0
23870,123,124,-1,1
23871,128,121,7,7
23872,80,82,-2,2
23873,95,93,2,2
23874,105,104,1,1
23875,92,93,-1,1
23876,97,91,6,6
23877,96,101,-5,5
23878,114,102,12,12
23879,57,65,-8,8
23880,174,154,20,20
23881,98,95,3,3
23882,96,88,8,8
23883,34,57,-23,23
23884,53,58,-5,5
23885,70,72,-2,2
23886,100,103,-3,3
23887,112,112,0,0
23888,86,92,-6,6
23889,106,99,7,7
23890,75,77,-2,2
23891,97,108,-11,11
23892,93,96,-3,3
23893,105,87,18,18
23894,108,104,4,4
23895,137,134,3,3
23896,99,101,-2,2
23897,71,73,-2,2
23898,157,156,1,1
23899,111,107,4,4
23900,102,91,11,11
23901,144,135,9,9
23902,86,82,4,4
23903,63,76,-13,13
23904,97,87,10,10
23905,30,43,-13,13
23906,77,82,-5,5
23907,111,101,10,10
23908,77,73,4,4
23909,41,46,-5,5
23910,82,87,-5,5
23911,144,132,12,12
23912,117,114,3,3
23913,94,88,6,6
23914,58,61,-3,3
23915,101,96,5,5
23916,105,95,10,10
23917,99,106,-7,7
23918,88,83,5,5
23919,69,78,-9,9
23920,67,64,3,3
23921,51,65,-14,14
23922,120,113,7,7
23923,60,65,-5,5
23924,90,88,2,2
23925,81,80,1,1
23926,163,163,0,0
23927,142,127,15,15
23928,65,70,-5,5
23929,156,151,5,5
23930,52,55,-3,3
23931,74,70,4,4
23932,115,109,6,6
23933,126,131,-5,5
23934,48,51,-3,3
23935,129,127,2,2
23936,160,148,12,12
23937,110,113,-3,3
23938,121,124,-3,3
23939,97,91,6,6
23940,110,130,-20,20
23941,135,127,8,8
23942,153,150,3,3
23943,103,121,-18,18
23944,103,97,6,6
23945,119,108,11,11
23946,76,86,-10,10
23947,195,190,5,5
23948,57,63,-6,6
23949,59,72,-13,13
23950,146,142,4,4
23951,91,81,10,10
23952,101,96,5,5
23953,240,185,55,55
23954,88,92,-4,4
23955,83,74,9,9
23956,77,80,-3,3
23957,82,89,-7,7
23958,82,95,-13,13
23959,119,105,14,14
23960,106,98,8,8
23961,101,107,-6,6
23962,78,84,-6,6
23963,82,81,1,1
23964,82,84,-2,2
23965,126,109,17,17
23966,87,96,-9,9
23967,96,96,0,0
23968,68,71,-3,3
23969,100,94,6,6
23970,71,79,-8,8
23971,91,100,-9,9
23972,118,111,7,7
23973,93,95,-2,2
23974,87,88,-1,1
23975,75,81,-6,6
23976,64,64,0,0
23977,94,90,4,4
23978,45,56,-11,11
23979,97,86,11,11
23980,115,107,8,8
23981,84,83,1,1
23982,139,125,14,14
23983,155,158,-3,3
23984,65,71,-6,6
23985,72,78,-6,6
23986,65,72,-7,7
23987,45,52,-7,7
23988,92,96,-4,4
23989,148,138,10,10
23990,163,140,23,23
23991,80,75,5,5
23992,131,116,15,15
23993,74,84,-10,10
23994,62,68,-6,6
23995,65,65,0,0
23996,110,97,13,13
23997,119,91,28,28
23998,110,101,9,9
23999,89,94,-5,5
24000,104,109,-5,5
24001,110,114,-4,4
24002,83,79,4,4
24003,134,128,6,6
24004,110,111,-1,1
24005,74,82,-8,8
24006,152,143,9,9
24007,103,100,3,3
24008,47,55,-8,8
24009,104,96,8,8
24010,59,67,-8,8
24011,76,69,7,7
24012,82,88,-6,6
24013,100,102,-2,2
24014,127,123,4,4
24015,70,70,0,0
24016,71,78,-7,7
24017,83,93,-10,10
24018,80,83,-3,3
24019,102,101,1,1
24020,70,81,-11,11
24021,89,87,2,2
24022,75,76,-1,1
24023,104,98,6,6
24024,84,73,11,11
24025,56,62,-6,6
24026,55,66,-11,11
24027,141,147,-6,6
24028,82,84,-2,2
24029,182,162,20,20
24030,154,152,2,2
24031,86,86,0,0
24032,78,78,0,0
24033,91,91,0,0
24034,115,114,1,1
24035,112,114,-2,2
24036,98,114,-16,16
24037,83,78,5,5
24038,58,64,-6,6
24039,72,73,-1,1
24040,46,64,-18,18
24041,54,60,-6,6
24042,99,98,1,1
24043,100,123,-23,23
24044,114,113,1,1
24045,56,56,0,0
24046,49,61,-12,12
24047,63,62,1,1
24048,63,67,-4,4
24049,72,75,-3,3
24050,97,93,4,4
24051,59,65,-6,6
24052,123,123,0,0
24053,109,110,-1,1
24054,108,103,5,5
24055,95,100,-5,5
24056,94,89,5,5
24057,59,67,-8,8
24058,80,84,-4,4
24059,140,133,7,7
24060,102,101,1,1
24061,65,72,-7,7
24062,117,110,7,7
24063,63,59,4,4
24064,77,84,-7,7
24065,137,98,39,39
24066,114,112,2,2
24067,78,72,6,6
24068,45,53,-8,8
24069,84,90,-6,6
24070,96,105,-9,9
24071,62,70,-8,8
24072,67,77,-10,10
24073,178,151,27,27
24074,78,86,-8,8
24075,112,107,5,5
24076,99,85,14,14
24077,94,96,-2,2
24078,86,76,10,10
24079,116,107,9,9
24080,64,65,-1,1
24081,51,53,-2,2
24082,176,144,32,32
24083,120,105,15,15
24084,121,103,18,18
24085,84,85,-1,1
24086,108,104,4,4
24087,97,95,2,2
24088,91,91,0,0
24089,117,116,1,1
24090,102,90,12,12
24091,53,55,-2,2
24092,82,81,1,1
24093,63,68,-5,5
24094,50,89,-39,39
24095,121,108,13,13
24096,33,50,-17,17
24097,75,75,0,0
24098,98,99,-1,1
24099,95,90,5,5
24100,94,90,4,4
24101,43,52,-9,9
24102,88,98,-10,10
24103,72,75,-3,3
24104,118,105,13,13
24105,76,81,-5,5
24106,58,61,-3,3
24107,104,88,16,16
24108,115,108,7,7
24109,63,62,1,1
24110,105,107,-2,2
24111,59,60,-1,1
24112,58,59,-1,1
24113,146,135,11,11
24114,82,86,-4,4
24115,114,117,-3,3
24116,95,89,6,6
24117,46,57,-11,11
24118,122,108,14,14
24119,78,80,-2,2
24120,97,93,4,4
24121,111,109,2,2
24122,161,145,16,16
24123,157,152,5,5
24124,90,98,-8,8
24125,69,71,-2,2
24126,78,77,1,1
24127,111,104,7,7
24128,56,56,0,0
24129,83,72,11,11
24130,186,167,19,19
24131,76,84,-8,8
24132,76,83,-7,7
24133,136,130,6,6
24134,87,85,2,2
24135,87,81,6,6
24136,72,63,9,9
24137,64,75,-11,11
24138,162,155,7,7
24139,59,66,-7,7
24140,77,74,3,3
24141,58,63,-5,5
24142,65,64,1,1
24143,103,92,11,11
24144,74,79,-5,5
24145,83,73,10,10
24146,62,65,-3,3
24147,115,104,11,11
24148,88,94,-6,6
24149,79,85,-6,6
24150,102,99,3,3
24151,76,74,2,2
24152,72,76,-4,4
24153,127,127,0,0
24154,57,64,-7,7
24155,123,120,3,3
24156,108,104,4,4
24157,179,155,24,24
24158,56,81,-25,25
24159,129,131,-2,2
24160,76,83,-7,7
24161,160,137,23,23
24162,108,96,12,12
24163,65,70,-5,5
24164,80,77,3,3
24165,68,82,-14,14
24166,125,149,-24,24
24167,55,62,-7,7
24168,101,105,-4,4
24169,102,96,6,6
24170,151,148,3,3
24171,98,120,-22,22
24172,72,82,-10,10
24173,124,116,8,8
24174,113,102,11,11
24175,84,75,9,9
24176,51,63,-12,12
24177,73,74,-1,1
24178,58,55,3,3
24179,103,98,5,5
24180,89,76,13,13
24181,103,104,-1,1
24182,122,116,6,6
24183,62,68,-6,6
24184,152,135,17,17
24185,49,57,-8,8
24186,76,80,-4,4
24187,107,101,6,6
24188,63,82,-19,19
24189,132,126,6,6
24190,167,102,65,65
24191,105,96,9,9
24192,160,153,7,7
24193,86,84,2,2
24194,105,96,9,9
24195,88,89,-1,1
24196,102,96,6,6
24197,102,112,-10,10
24198,101,110,-9,9
24199,48,61,-13,13
24200,131,128,3,3
24201,45,47,-2,2
24202,100,99,1,1
24203,77,76,1,1
24204,131,134,-3,3
24205,106,104,2,2
24206,115,109,6,6
24207,140,126,14,14
24208,111,113,-2,2
24209,100,100,0,0
24210,55,63,-8,8
24211,80,77,3,3
24212,98,101,-3,3
24213,61,58,3,3
24214,106,98,8,8
24215,91,93,-2,2
24216,96,91,5,5
24217,88,84,4,4
24218,79,83,-4,4
24219,108,114,-6,6
24220,108,109,-1,1
24221,137,117,20,20
24222,110,103,7,7
24223,67,70,-3,3
24224,81,79,2,2
24225,74,76,-2,2
24226,95,102,-7,7
24227,36,40,-4,4
24228,96,94,2,2
24229,80,86,-6,6
24230,86,79,7,7
24231,145,152,-7,7
24232,163,158,5,5
24233,57,58,-1,1
24234,91,99,-8,8
24235,100,103,-3,3
24236,55,57,-2,2
24237,118,109,9,9
24238,183,171,12,12
24239,79,84,-5,5
24240,82,71,11,11
24241,107,103,4,4
24242,47,54,-7,7
24243,103,106,-3,3
24244,78,78,0,0
24245,114,111,3,3
24246,127,115,12,12
24247,65,74,-9,9
24248,149,155,-6,6
24249,72,71,1,1
24250,75,79,-4,4
24251,99,98,1,1
24252,91,91,0,0
24253,50,65,-15,15
24254,116,110,6,6
24255,150,132,18,18
24256,136,140,-4,4
24257,145,103,42,42
24258,64,73,-9,9
24259,81,80,1,1
24260,76,71,5,5
24261,91,81,10,10
24262,64,63,1,1
24263,52,60,-8,8
24264,85,90,-5,5
24265,93,95,-2,2
24266,80,88,-8,8
24267,84,91,-7,7
24268,71,72,-1,1
24269,73,72,1,1
24270,54,64,-10,10
24271,87,80,7,7
24272,88,95,-7,7
24273,50,60,-10,10
24274,122,114,8,8
24275,98,96,2,2
24276,82,76,6,6
24277,173,156,17,17
24278,78,78,0,0
24279,106,96,10,10
24280,103,109,-6,6
24281,78,77,1,1
24282,57,62,-5,5
24283,125,130,-5,5
24284,103,103,0,0
24285,100,96,4,4
24286,78,84,-6,6
24287,122,108,14,14
24288,122,128,-6,6
24289,135,120,15,15
24290,110,94,16,16
24291,174,155,19,19
24292,54,60,-6,6
24293,43,50,-7,7
24294,82,78,4,4
24295,91,83,8,8
24296,104,95,9,9
24297,148,136,12,12
24298,30,38,-8,8
24299,115,104,11,11
24300,122,111,11,11
24301,126,113,13,13
24302,68,78,-10,10
24303,119,99,20,20
24304,124,132,-8,8
24305,81,73,8,8
24306,74,72,2,2
24307,75,77,-2,2
24308,57,67,-10,10
24309,92,79,13,13
24310,79,75,4,4
24311,118,119,-1,1
24312,62,70,-8,8
24313,86,80,6,6
24314,57,53,4,4
24315,93,105,-12,12
24316,111,99,12,12
24317,77,77,0,0
24318,66,75,-9,9
24319,142,106,36,36
24320,117,101,16,16
24321,48,57,-9,9
24322,195,168,27,27
24323,100,99,1,1
24324,103,86,17,17
24325,59,73,-14,14
24326,76,75,1,1
24327,108,106,2,2
24328,127,123,4,4
24329,91,84,7,7
24330,67,73,-6,6
24331,157,144,13,13
24332,120,126,-6,6
24333,79,80,-1,1
24334,95,96,-1,1
24335,103,102,1,1
24336,126,117,9,9
24337,73,96,-23,23
24338,53,66,-13,13
24339,126,121,5,5
24340,78,75,3,3
24341,128,124,4,4
24342,51,61,-10,10
24343,76,77,-1,1
24344,130,128,2,2
24345,87,91,-4,4
24346,76,83,-7,7
24347,71,70,1,1
24348,115,110,5,5
24349,119,116,3,3
24350,75,74,1,1
24351,75,88,-13,13
24352,93,87,6,6
24353,128,130,-2,2
24354,127,147,-20,20
24355,94,96,-2,2
24356,133,117,16,16
24357,53,50,3,3
24358,146,129,17,17
24359,117,126,-9,9
24360,74,75,-1,1
24361,126,121,5,5
24362,41,52,-11,11
24363,143,138,5,5
24364,90,89,1,1
24365,73,81,-8,8
24366,156,148,8,8
24367,72,72,0,0
24368,59,60,-1,1
24369,27,28,-1,1
24370,93,95,-2,2
24371,87,91,-4,4
24372,44,56,-12,12
24373,182,168,14,14
24374,90,91,-1,1
24375,170,147,23,23
24376,128,123,5,5
24377,102,98,4,4
24378,99,95,4,4
24379,106,101,5,5
24380,86,83,3,3
24381,127,111,16,16
24382,99,88,11,11
24383,101,103,-2,2
24384,155,141,14,14
24385,184,155,29,29
24386,98,95,3,3
24387,95,94,1,1
24388,108,129,-21,21
24389,103,106,-3,3
24390,147,141,6,6
24391,100,95,5,5
24392,76,97,-21,21
24393,308,236,72,72
24394,71,65,6,6
24395,80,86,-6,6
24396,88,81,7,7
24397,92,101,-9,9
24398,105,107,-2,2
24399,63,74,-11,11
24400,89,86,3,3
24401,77,88,-11,11
24402,94,96,-2,2
24403,72,84,-12,12
24404,65,67,-2,2
24405,132,121,11,11
24406,90,88,2,2
24407,83,86,-3,3
24408,35,73,-38,38
24409,163,153,10,10
24410,73,74,-1,1
24411,117,113,4,4
24412,87,83,4,4
24413,70,77,-7,7
24414,189,169,20,20
24415,81,78,3,3
24416,59,66,-7,7
24417,110,115,-5,5
24418,103,107,-4,4
24419,89,93,-4,4
24420,90,79,11,11
24421,475,422,53,53
24422,66,64,2,2
24423,97,99,-2,2
24424,89,82,7,7
24425,106,102,4,4
24426,81,79,2,2
24427,143,141,2,2
24428,113,107,6,6
24429,83,88,-5,5
24430,276,253,23,23
24431,88,85,3,3
24432,91,94,-3,3
24433,179,152,27,27
24434,175,125,50,50
24435,86,86,0,0
24436,60,65,-5,5
24437,86,88,-2,2
24438,104,97,7,7
24439,144,135,9,9
24440,93,91,2,2
24441,98,98,0,0
24442,59,69,-10,10
24443,112,146,-34,34
24444,98,107,-9,9
24445,60,65,-5,5
24446,72,69,3,3
24447,42,54,-12,12
24448,57,60,-3,3
24449,138,126,12,12
24450,99,94,5,5
24451,134,130,4,4
24452,96,84,12,12
24453,101,99,2,2
24454,88,101,-13,13
24455,79,86,-7,7
24456,61,59,2,2
24457,77,68,9,9
24458,119,114,5,5
24459,124,112,12,12
24460,77,81,-4,4
24461,81,83,-2,2
24462,70,73,-3,3
24463,120,130,-10,10
24464,90,97,-7,7
24465,88,93,-5,5
24466,49,53,-4,4
24467,70,71,-1,1
24468,90,87,3,3
24469,70,68,2,2
24470,119,104,15,15
24471,99,99,0,0
24472,79,86,-7,7
24473,112,104,8,8
24474,63,70,-7,7
24475,40,54,-14,14
24476,145,133,12,12
24477,82,79,3,3
24478,87,86,1,1
24479,75,72,3,3
24480,71,71,0,0
24481,84,82,2,2
24482,85,80,5,5
24483,101,91,10,10
24484,111,97,14,14
24485,90,91,-1,1
24486,63,67,-4,4
24487,174,167,7,7
24488,106,100,6,6
24489,64,73,-9,9
24490,33,43,-10,10
24491,100,109,-9,9
24492,185,156,29,29
24493,68,70,-2,2
24494,29,37,-8,8
24495,45,54,-9,9
24496,58,65,-7,7
24497,120,109,11,11
24498,124,109,15,15
24499,70,70,0,0
24500,104,106,-2,2
24501,101,95,6,6
24502,92,93,-1,1
24503,81,78,3,3
24504,59,62,-3,3
24505,84,85,-1,1
24506,67,76,-9,9
24507,105,97,8,8
24508,81,82,-1,1
24509,56,63,-7,7
24510,115,113,2,2
24511,117,110,7,7
24512,95,89,6,6
24513,134,121,13,13
24514,89,91,-2,2
24515,136,130,6,6
24516,100,99,1,1
24517,95,105,-10,10
24518,73,78,-5,5
24519,58,70,-12,12
24520,157,142,15,15
24521,77,79,-2,2
24522,54,49,5,5
24523,90,100,-10,10
24524,85,93,-8,8
24525,71,72,-1,1
24526,73,73,0,0
24527,87,85,2,2
24528,57,64,-7,7
24529,64,68,-4,4
24530,72,73,-1,1
24531,184,152,32,32
24532,152,116,36,36
24533,88,90,-2,2
24534,90,86,4,4
24535,96,100,-4,4
24536,117,103,14,14
24537,65,66,-1,1
24538,101,90,11,11
24539,130,130,0,0
24540,189,162,27,27
24541,80,84,-4,4
24542,72,77,-5,5
24543,99,99,0,0
24544,131,120,11,11
24545,120,124,-4,4
24546,64,69,-5,5
24547,59,55,4,4
24548,69,72,-3,3
24549,44,58,-14,14
24550,85,94,-9,9
24551,51,69,-18,18
24552,70,77,-7,7
24553,61,71,-10,10
24554,110,122,-12,12
24555,69,76,-7,7
24556,56,61,-5,5
24557,125,140,-15,15
24558,91,85,6,6
24559,53,67,-14,14
24560,91,92,-1,1
24561,42,49,-7,7
24562,85,87,-2,2
24563,33,42,-9,9
24564,94,85,9,9
24565,143,136,7,7
24566,72,66,6,6
24567,85,85,0,0
24568,132,131,1,1
24569,103,96,7,7
24570,131,107,24,24
24571,72,75,-3,3
24572,109,107,2,2
24573,104,102,2,2
24574,128,123,5,5
24575,147,142,5,5
24576,90,89,1,1
24577,44,56,-12,12
24578,84,85,-1,1
24579,129,129,0,0
24580,76,91,-15,15
24581,82,92,-10,10
24582,155,126,29,29
24583,141,124,17,17
24584,110,117,-7,7
24585,117,118,-1,1
24586,112,109,3,3
24587,109,111,-2,2
24588,63,59,4,4
24589,68,71,-3,3
24590,140,128,12,12
24591,42,55,-13,13
24592,97,106,-9,9
24593,73,71,2,2
24594,49,49,0,0
24595,163,133,30,30
24596,116,113,3,3
24597,98,109,-11,11
24598,97,95,2,2
24599,76,79,-3,3
24600,84,83,1,1
24601,52,52,0,0
24602,134,124,10,10
24603,62,60,2,2
24604,123,119,4,4
24605,55,59,-4,4
24606,80,84,-4,4
24607,77,78,-1,1
24608,121,128,-7,7
24609,45,57,-12,12
24610,66,70,-4,4
24611,59,57,2,2
24612,45,57,-12,12
24613,63,65,-2,2
24614,65,78,-13,13
24615,95,91,4,4
24616,84,80,4,4
24617,110,122,-12,12
24618,83,86,-3,3
24619,133,114,19,19
24620,111,104,7,7
24621,69,73,-4,4
24622,43,48,-5,5
24623,97,100,-3,3
24624,78,92,-14,14
24625,75,76,-1,1
24626,130,117,13,13
24627,73,76,-3,3
24628,156,146,10,10
24629,110,95,15,15
24630,132,129,3,3
24631,108,108,0,0
24632,97,99,-2,2
24633,139,127,12,12
24634,88,84,4,4
24635,136,121,15,15
24636,115,105,10,10
24637,141,131,10,10
24638,125,116,9,9
24639,114,106,8,8
24640,127,118,9,9
24641,87,89,-2,2
24642,126,122,4,4
24643,83,92,-9,9
24644,68,67,1,1
24645,100,97,3,3
24646,67,74,-7,7
24647,79,74,5,5
24648,123,112,11,11
24649,49,53,-4,4
24650,73,89,-16,16
24651,105,97,8,8
24652,86,85,1,1
24653,78,88,-10,10
24654,97,89,8,8
24655,95,103,-8,8
24656,46,55,-9,9
24657,105,106,-1,1
24658,157,143,14,14
24659,97,108,-11,11
24660,130,120,10,10
24661,114,122,-8,8
24662,56,65,-9,9
24663,37,46,-9,9
24664,133,127,6,6
24665,80,96,-16,16
24666,56,59,-3,3
24667,64,67,-3,3
24668,78,81,-3,3
24669,96,89,7,7
24670,90,85,5,5
24671,126,112,14,14
24672,85,87,-2,2
24673,60,60,0,0
24674,92,88,4,4
24675,105,103,2,2
24676,92,94,-2,2
24677,85,83,2,2
24678,187,160,27,27
24679,108,114,-6,6
24680,64,62,2,2
24681,99,93,6,6
24682,92,93,-1,1
24683,111,108,3,3
24684,83,79,4,4
24685,92,85,7,7
24686,68,64,4,4
24687,158,135,23,23
24688,54,59,-5,5
24689,86,78,8,8
24690,94,93,1,1
24691,102,97,5,5
24692,55,59,-4,4
24693,52,65,-13,13
24694,69,79,-10,10
24695,97,93,4,4
24696,59,68,-9,9
24697,86,85,1,1
24698,104,104,0,0
24699,119,124,-5,5
24700,124,105,19,19
24701,99,99,0,0
24702,94,90,4,4
24703,129,130,-1,1
24704,134,114,20,20
24705,58,72,-14,14
24706,131,117,14,14
24707,100,92,8,8
24708,97,90,7,7
24709,75,73,2,2
24710,133,125,8,8
24711,87,83,4,4
24712,76,77,-1,1
24713,55,60,-5,5
24714,167,160,7,7
24715,108,110,-2,2
24716,64,68,-4,4
24717,56,69,-13,13
24718,49,75,-26,26
24719,55,57,-2,2
24720,80,95,-15,15
24721,55,61,-6,6
24722,169,154,15,15
24723,156,146,10,10
24724,102,93,9,9
24725,94,90,4,4
24726,92,90,2,2
24727,116,124,-8,8
24728,120,119,1,1
24729,107,103,4,4
24730,113,106,7,7
24731,75,78,-3,3
24732,67,67,0,0
24733,98,88,10,10
24734,193,167,26,26
24735,165,155,10,10
24736,92,82,10,10
24737,53,56,-3,3
24738,82,92,-10,10
24739,113,116,-3,3
24740,89,97,-8,8
24741,93,86,7,7
24742,94,92,2,2
24743,87,83,4,4
24744,145,124,21,21
24745,142,127,15,15
24746,115,107,8,8
24747,82,87,-5,5
24748,87,92,-5,5
24749,74,72,2,2
24750,61,72,-11,11
24751,125,111,14,14
24752,74,76,-2,2
24753,129,120,9,9
24754,88,84,4,4
24755,93,95,-2,2
24756,83,84,-1,1
24757,123,110,13,13
24758,103,97,6,6
24759,136,137,-1,1
24760,88,86,2,2
24761,94,90,4,4
24762,71,77,-6,6
24763,80,86,-6,6
24764,73,76,-3,3
24765,90,83,7,7
24766,81,80,1,1
24767,85,91,-6,6
24768,48,61,-13,13
24769,122,128,-6,6
24770,120,109,11,11
24771,100,102,-2,2
24772,123,111,12,12
24773,154,134,20,20
24774,49,61,-12,12
24775,110,95,15,15
24776,90,93,-3,3
24777,103,98,5,5
24778,69,77,-8,8
24779,113,104,9,9
24780,102,100,2,2
24781,80,104,-24,24
24782,45,54,-9,9
24783,154,143,11,11
24784,116,104,12,12
24785,125,115,10,10
24786,182,157,25,25
24787,68,66,2,2
24788,82,73,9,9
24789,78,79,-1,1
24790,60,75,-15,15
24791,119,107,12,12
24792,76,77,-1,1
24793,102,100,2,2
24794,94,105,-11,11
24795,76,82,-6,6
24796,52,55,-3,3
24797,82,72,10,10
24798,117,116,1,1
24799,110,102,8,8
24800,165,148,17,17
24801,79,73,6,6
24802,132,120,12,12
24803,118,106,12,12
24804,95,88,7,7
24805,74,78,-4,4
24806,52,75,-23,23
24807,104,105,-1,1
24808,103,124,-21,21
24809,119,111,8,8
24810,99,101,-2,2
24811,141,127,14,14
24812,62,62,0,0
24813,95,96,-1,1
24814,115,108,7,7
24815,97,106,-9,9
24816,46,62,-16,16
24817,122,124,-2,2
24818,121,118,3,3
24819,102,104,-2,2
24820,148,136,12,12
24821,71,68,3,3
24822,114,97,17,17
24823,126,116,10,10
24824,84,81,3,3
24825,83,84,-1,1
24826,101,86,15,15
24827,98,96,2,2
24828,121,110,11,11
24829,84,93,-9,9
24830,56,69,-13,13
24831,90,78,12,12
24832,85,79,6,6
24833,87,82,5,5
24834,113,114,-1,1
24835,140,137,3,3
24836,116,113,3,3
24837,120,126,-6,6
24838,82,80,2,2
24839,150,133,17,17
24840,89,85,4,4
24841,72,72,0,0
24842,106,105,1,1
24843,66,74,-8,8
24844,67,72,-5,5
24845,78,76,2,2
24846,118,109,9,9
24847,83,96,-13,13
24848,133,131,2,2
24849,127,122,5,5
24850,178,160,18,18
24851,70,73,-3,3
24852,50,57,-7,7
24853,121,109,12,12
24854,127,118,9,9
24855,62,60,2,2
24856,74,75,-1,1
24857,79,80,-1,1
24858,95,90,5,5
24859,103,103,0,0
24860,113,101,12,12
24861,58,77,-19,19
24862,162,119,43,43
24863,43,51,-8,8
24864,73,70,3,3
24865,60,65,-5,5
24866,134,122,12,12
24867,66,71,-5,5
24868,42,62,-20,20
24869,89,85,4,4
24870,82,73,9,9
24871,133,126,7,7
24872,28,34,-6,6
24873,120,104,16,16
24874,60,60,0,0
24875,59,69,-10,10
24876,54,60,-6,6
24877,81,86,-5,5
24878,102,98,4,4
24879,47,55,-8,8
24880,90,78,12,12
24881,123,109,14,14
24882,83,82,1,1
24883,92,104,-12,12
24884,105,101,4,4
24885,108,92,16,16
24886,114,119,-5,5
24887,57,64,-7,7
24888,67,69,-2,2
24889,85,91,-6,6
24890,68,73,-5,5
24891,55,56,-1,1
24892,93,89,4,4
24893,61,68,-7,7
24894,61,64,-3,3
24895,87,87,0,0
24896,85,83,2,2
24897,88,90,-2,2
24898,57,61,-4,4
24899,65,69,-4,4
24900,58,66,-8,8
24901,118,112,6,6
24902,94,95,-1,1
24903,164,155,9,9
24904,74,78,-4,4
24905,106,146,-40,40
24906,97,111,-14,14
24907,117,110,7,7
24908,123,118,5,5
24909,72,82,-10,10
24910,73,72,1,1
24911,105,142,-37,37
24912,53,62,-9,9
24913,63,70,-7,7
24914,85,82,3,3
24915,136,144,-8,8
24916,113,101,12,12
24917,92,101,-9,9
24918,97,99,-2,2
24919,95,104,-9,9
24920,106,100,6,6
24921,167,152,15,15
24922,121,126,-5,5
24923,42,49,-7,7
24924,80,88,-8,8
24925,48,63,-15,15
24926,116,110,6,6
24927,117,111,6,6
24928,67,69,-2,2
24929,69,71,-2,2
24930,114,102,12,12
24931,134,121,13,13
24932,91,85,6,6
24933,88,83,5,5
24934,130,124,6,6
24935,187,170,17,17
24936,99,101,-2,2
24937,95,102,-7,7
24938,151,144,7,7
24939,97,96,1,1
24940,66,69,-3,3
24941,39,45,-6,6
24942,114,111,3,3
24943,124,114,10,10
24944,109,106,3,3
24945,92,106,-14,14
24946,50,58,-8,8
24947,139,126,13,13
24948,116,114,2,2
24949,79,79,0,0
24950,69,85,-16,16
24951,95,98,-3,3
24952,112,112,0,0
24953,57,70,-13,13
24954,57,64,-7,7
24955,112,119,-7,7
24956,77,80,-3,3
24957,79,85,-6,6
24958,115,109,6,6
24959,52,64,-12,12
24960,121,103,18,18
24961,93,95,-2,2
24962,51,51,0,0
24963,71,76,-5,5
24964,126,125,1,1
24965,149,134,15,15
24966,91,106,-15,15
24967,142,138,4,4
24968,55,67,-12,12
24969,110,109,1,1
24970,197,189,8,8
24971,85,82,3,3
24972,115,108,7,7
24973,111,102,9,9
24974,136,120,16,16
24975,57,64,-7,7
24976,100,88,12,12
24977,121,107,14,14
24978,105,97,8,8
24979,145,147,-2,2
24980,93,90,3,3
24981,104,103,1,1
24982,104,94,10,10
24983,89,83,6,6
24984,82,81,1,1
24985,137,118,19,19
24986,112,99,13,13
24987,99,91,8,8
24988,94,94,0,0
24989,140,125,15,15
24990,75,83,-8,8
24991,114,113,1,1
24992,71,72,-1,1
24993,155,129,26,26
24994,71,74,-3,3
24995,61,63,-2,2
24996,84,94,-10,10
24997,75,75,0,0
24998,128,132,-4,4
24999,247,229,18,18
25000,101,103,-2,2
25001,113,100,13,13
25002,116,109,7,7
25003,112,106,6,6
25004,83,87,-4,4
25005,52,60,-8,8
25006,73,62,11,11
25007,43,57,-14,14
25008,96,94,2,2
25009,49,64,-15,15
25010,57,68,-11,11
25011,104,119,-15,15
25012,86,88,-2,2
25013,66,70,-4,4
25014,69,82,-13,13
25015,92,97,-5,5
25016,120,117,3,3
25017,124,122,2,2
25018,109,101,8,8
25019,90,100,-10,10
25020,88,87,1,1
25021,60,64,-4,4
25022,100,103,-3,3
25023,171,187,-16,16
25024,55,62,-7,7
25025,143,135,8,8
25026,104,100,4,4
25027,120,117,3,3
25028,132,125,7,7
25029,142,143,-1,1
25030,68,71,-3,3
25031,74,73,1,1
25032,107,98,9,9
25033,82,78,4,4
25034,48,55,-7,7
25035,83,78,5,5
25036,66,71,-5,5
25037,90,90,0,0
25038,114,114,0,0
25039,123,103,20,20
25040,140,125,15,15
25041,71,70,1,1
25042,112,105,7,7
25043,175,170,5,5
25044,148,128,20,20
25045,87,85,2,2
25046,156,152,4,4
25047,44,49,-5,5
25048,105,102,3,3
25049,120,121,-1,1
25050,65,67,-2,2
25051,120,116,4,4
25052,69,70,-1,1
25053,91,100,-9,9
25054,135,113,22,22
25055,133,131,2,2
25056,81,85,-4,4
25057,74,68,6,6
25058,144,141,3,3
25059,146,139,7,7
25060,95,85,10,10
25061,223,180,43,43
25062,126,105,21,21
25063,49,56,-7,7
25064,102,101,1,1
25065,116,107,9,9
25066,60,65,-5,5
25067,154,139,15,15
25068,134,111,23,23
25069,100,99,1,1
25070,76,71,5,5
25071,74,73,1,1
25072,77,71,6,6
25073,88,91,-3,3
25074,76,86,-10,10
25075,81,80,1,1
25076,165,152,13,13
25077,108,98,10,10
25078,53,31,22,22
25079,59,66,-7,7
25080,85,100,-15,15
25081,98,94,4,4
25082,58,63,-5,5
25083,105,103,2,2
25084,148,136,12,12
25085,159,138,21,21
25086,163,159,4,4
25087,102,97,5,5
25088,71,85,-14,14
25089,156,145,11,11
25090,97,92,5,5
25091,97,92,5,5
25092,72,72,0,0
25093,83,106,-23,23
25094,81,72,9,9
25095,103,96,7,7
25096,95,95,0,0
25097,82,95,-13,13
25098,121,116,5,5
25099,78,84,-6,6
25100,98,92,6,6
25101,145,143,2,2
25102,122,115,7,7
25103,123,108,15,15
25104,76,76,0,0
25105,195,168,27,27
25106,48,48,0,0
25107,59,73,-14,14
25108,73,75,-2,2
25109,73,76,-3,3
25110,63,62,1,1
25111,178,150,28,28
25112,69,71,-2,2
25113,96,95,1,1
25114,67,70,-3,3
25115,46,52,-6,6
25116,88,88,0,0
25117,47,56,-9,9
25118,45,51,-6,6
25119,47,48,-1,1
25120,123,116,7,7
25121,124,117,7,7
25122,167,152,15,15
25123,136,120,16,16
25124,72,77,-5,5
25125,109,104,5,5
25126,74,76,-2,2
25127,80,76,4,4
25128,126,120,6,6
25129,119,107,12,12
25130,60,66,-6,6
25131,98,98,0,0
25132,128,111,17,17
25133,96,92,4,4
25134,109,104,5,5
25135,135,124,11,11
25136,86,78,8,8
25137,125,120,5,5
25138,71,79,-8,8
25139,137,130,7,7
25140,86,91,-5,5
25141,150,150,0,0
25142,83,91,-8,8
25143,57,61,-4,4
25144,87,89,-2,2
25145,58,72,-14,14
25146,74,83,-9,9
25147,168,143,25,25
25148,145,129,16,16
25149,65,69,-4,4
25150,76,79,-3,3
25151,114,109,5,5
25152,151,150,1,1
25153,146,155,-9,9
25154,65,70,-5,5
25155,77,91,-14,14
25156,165,146,19,19
25157,89,107,-18,18
25158,107,97,10,10
25159,96,110,-14,14
25160,115,112,3,3
25161,74,71,3,3
25162,160,150,10,10
25163,82,85,-3,3
25164,80,77,3,3
25165,94,99,-5,5
25166,97,96,1,1
25167,48,70,-22,22
25168,79,72,7,7
25169,16,28,-12,12
25170,100,99,1,1
25171,51,68,-17,17
25172,86,84,2,2
25173,108,109,-1,1
25174,46,49,-3,3
25175,55,57,-2,2
25176,112,121,-9,9
25177,84,83,1,1
25178,100,98,2,2
25179,150,134,16,16
25180,138,129,9,9
25181,92,87,5,5
25182,66,70,-4,4
25183,103,99,4,4
25184,96,93,3,3
25185,148,144,4,4
25186,81,83,-2,2
25187,45,68,-23,23
25188,126,119,7,7
25189,168,155,13,13
25190,76,80,-4,4
25191,134,141,-7,7
25192,83,86,-3,3
25193,118,109,9,9
25194,117,104,13,13
25195,100,104,-4,4
25196,96,98,-2,2
25197,122,114,8,8
25198,76,84,-8,8
25199,96,106,-10,10
25200,103,96,7,7
25201,70,74,-4,4
25202,209,175,34,34
25203,75,77,-2,2
25204,54,72,-18,18
25205,111,105,6,6
25206,70,69,1,1
25207,100,103,-3,3
25208,108,97,11,11
25209,56,67,-11,11
25210,172,170,2,2
25211,67,72,-5,5
25212,118,100,18,18
25213,47,56,-9,9
25214,69,71,-2,2
25215,85,91,-6,6
25216,63,63,0,0
25217,267,205,62,62
25218,101,98,3,3
25219,126,112,14,14
25220,99,102,-3,3
25221,124,125,-1,1
25222,145,127,18,18
25223,83,79,4,4
25224,96,88,8,8
25225,149,162,-13,13
25226,65,69,-4,4
25227,83,78,5,5
25228,51,56,-5,5
25229,73,87,-14,14
25230,164,145,19,19
25231,76,83,-7,7
25232,86,85,1,1
25233,128,113,15,15
25234,126,107,19,19
25235,75,74,1,1
25236,85,85,0,0
25237,59,59,0,0
25238,80,75,5,5
25239,115,105,10,10
25240,96,92,4,4
25241,57,65,-8,8
25242,78,74,4,4
25243,92,84,8,8
25244,114,107,7,7
25245,97,88,9,9
25246,67,74,-7,7
25247,68,90,-22,22
25248,88,87,1,1
25249,58,64,-6,6
25250,86,95,-9,9
25251,81,80,1,1
25252,80,81,-1,1
25253,107,109,-2,2
25254,65,68,-3,3
25255,77,75,2,2
25256,30,29,1,1
25257,81,83,-2,2
25258,91,102,-11,11
25259,62,73,-11,11
25260,78,89,-11,11
25261,103,100,3,3
25262,113,106,7,7
25263,121,112,9,9
25264,75,75,0,0
25265,113,109,4,4
25266,52,63,-11,11
25267,93,98,-5,5
25268,51,66,-15,15
25269,128,111,17,17
25270,86,78,8,8
25271,107,104,3,3
25272,105,105,0,0
25273,195,172,23,23
25274,64,64,0,0
25275,56,72,-16,16
25276,38,77,-39,39
25277,111,130,-19,19
25278,72,75,-3,3
25279,103,100,3,3
25280,93,91,2,2
25281,90,96,-6,6
25282,64,75,-11,11
25283,142,128,14,14
25284,96,98,-2,2
25285,85,85,0,0
25286,99,98,1,1
25287,52,59,-7,7
25288,117,131,-14,14
25289,76,77,-1,1
25290,80,77,3,3
25291,99,90,9,9
25292,103,95,8,8
25293,60,69,-9,9
25294,96,97,-1,1
25295,112,107,5,5
25296,77,73,4,4
25297,126,110,16,16
25298,125,120,5,5
25299,132,133,-1,1
25300,79,85,-6,6
25301,106,106,0,0
25302,35,49,-14,14
25303,85,79,6,6
25304,63,63,0,0
25305,65,76,-11,11
25306,23,59,-36,36
25307,73,78,-5,5
25308,103,104,-1,1
25309,79,78,1,1
25310,81,85,-4,4
25311,54,54,0,0
25312,77,80,-3,3
25313,90,87,3,3
25314,92,92,0,0
25315,54,62,-8,8
25316,101,102,-1,1
25317,102,92,10,10
25318,77,84,-7,7
25319,113,121,-8,8
25320,166,150,16,16
25321,74,80,-6,6
25322,116,113,3,3
25323,127,131,-4,4
25324,89,88,1,1
25325,101,100,1,1
25326,103,103,0,0
25327,127,121,6,6
25328,83,78,5,5
25329,123,122,1,1
25330,118,117,1,1
25331,160,148,12,12
25332,79,81,-2,2
25333,76,73,3,3
25334,51,54,-3,3
25335,110,111,-1,1
25336,112,126,-14,14
25337,73,72,1,1
25338,90,84,6,6
25339,87,90,-3,3
25340,97,95,2,2
25341,51,58,-7,7
25342,175,164,11,11
25343,51,60,-9,9
25344,96,94,2,2
25345,96,82,14,14
25346,87,92,-5,5
25347,98,93,5,5
25348,195,169,26,26
25349,74,73,1,1
25350,111,101,10,10
25351,62,64,-2,2
25352,62,69,-7,7
25353,50,59,-9,9
25354,77,77,0,0
25355,68,61,7,7
25356,72,78,-6,6
25357,82,77,5,5
25358,69,73,-4,4
25359,133,130,3,3
25360,57,64,-7,7
25361,87,100,-13,13
25362,86,81,5,5
25363,53,83,-30,30
25364,111,127,-16,16
25365,85,95,-10,10
25366,68,72,-4,4
25367,82,88,-6,6
25368,125,113,12,12
25369,127,114,13,13
25370,46,85,-39,39
25371,125,126,-1,1
25372,133,120,13,13
25373,84,89,-5,5
25374,70,69,1,1
25375,130,112,18,18
25376,86,88,-2,2
25377,161,152,9,9
25378,100,119,-19,19
25379,107,105,2,2
25380,89,94,-5,5
25381,62,56,6,6
25382,75,78,-3,3
25383,82,84,-2,2
25384,104,106,-2,2
25385,83,96,-13,13
25386,109,101,8,8
25387,57,54,3,3
25388,125,118,7,7
25389,87,77,10,10
25390,201,162,39,39
25391,75,79,-4,4
25392,80,81,-1,1
25393,143,151,-8,8
25394,120,114,6,6
25395,146,141,5,5
25396,70,68,2,2
25397,93,94,-1,1
25398,110,108,2,2
25399,43,53,-10,10
25400,97,91,6,6
25401,70,67,3,3
25402,85,84,1,1
25403,91,100,-9,9
25404,85,89,-4,4
25405,120,112,8,8
25406,70,75,-5,5
25407,61,72,-11,11
25408,67,71,-4,4
25409,156,145,11,11
25410,45,45,0,0
25411,121,124,-3,3
25412,93,102,-9,9
25413,111,119,-8,8
25414,72,79,-7,7
25415,44,51,-7,7
25416,140,143,-3,3
25417,52,62,-10,10
25418,70,73,-3,3
25419,117,116,1,1
25420,60,65,-5,5
25421,73,87,-14,14
25422,107,100,7,7
25423,90,91,-1,1
25424,59,71,-12,12
25425,102,104,-2,2
25426,73,76,-3,3
25427,86,91,-5,5
25428,58,64,-6,6
25429,66,69,-3,3
25430,62,97,-35,35
25431,130,120,10,10
25432,121,104,17,17
25433,114,104,10,10
25434,128,126,2,2
25435,106,106,0,0
25436,94,87,7,7
25437,139,133,6,6
25438,57,59,-2,2
25439,62,77,-15,15
25440,59,66,-7,7
25441,134,116,18,18
25442,88,87,1,1
25443,67,74,-7,7
25444,91,91,0,0
25445,79,74,5,5
25446,99,100,-1,1
25447,135,142,-7,7
25448,118,116,2,2
25449,97,94,3,3
25450,96,86,10,10
25451,81,83,-2,2
25452,93,96,-3,3
25453,108,108,0,0
25454,69,69,0,0
25455,106,107,-1,1
25456,80,86,-6,6
25457,108,105,3,3
25458,95,89,6,6
25459,41,47,-6,6
25460,97,94,3,3
25461,161,130,31,31
25462,96,93,3,3
25463,86,94,-8,8
25464,123,106,17,17
25465,84,78,6,6
25466,81,86,-5,5
25467,99,98,1,1
25468,108,98,10,10
25469,57,68,-11,11
25470,82,86,-4,4
25471,117,138,-21,21
25472,78,87,-9,9
25473,206,182,24,24
25474,70,72,-2,2
25475,66,73,-7,7
25476,132,121,11,11
25477,73,71,2,2
25478,53,63,-10,10
25479,47,59,-12,12
25480,73,82,-9,9
25481,72,76,-4,4
25482,96,90,6,6
25483,182,168,14,14
25484,80,76,4,4
25485,98,93,5,5
25486,103,104,-1,1
25487,182,173,9,9
25488,136,144,-8,8
25489,101,90,11,11
25490,81,77,4,4
25491,161,145,16,16
25492,83,91,-8,8
25493,57,71,-14,14
25494,119,105,14,14
25495,103,96,7,7
25496,143,126,17,17
25497,61,98,-37,37
25498,117,104,13,13
25499,113,108,5,5
25500,94,95,-1,1
25501,70,77,-7,7
25502,116,116,0,0
25503,102,90,12,12
25504,154,145,9,9
25505,91,85,6,6
25506,105,107,-2,2
25507,114,119,-5,5
25508,160,159,1,1
25509,94,93,1,1
25510,151,130,21,21
25511,170,156,14,14
25512,76,73,3,3
25513,74,73,1,1
25514,101,99,2,2
25515,62,63,-1,1
25516,84,85,-1,1
25517,109,108,1,1
25518,106,100,6,6
25519,119,106,13,13
25520,89,94,-5,5
25521,53,58,-5,5
25522,37,38,-1,1
25523,97,94,3,3
25524,91,89,2,2
25525,94,88,6,6
25526,111,95,16,16
25527,203,188,15,15
25528,71,71,0,0
25529,63,69,-6,6
25530,55,64,-9,9
25531,87,81,6,6
25532,125,134,-9,9
25533,101,101,0,0
25534,98,86,12,12
25535,116,118,-2,2
25536,79,84,-5,5
25537,206,182,24,24
25538,102,107,-5,5
25539,153,144,9,9
25540,86,91,-5,5
25541,60,64,-4,4
25542,95,104,-9,9
25543,156,139,17,17
25544,90,84,6,6
25545,131,119,12,12
25546,107,99,8,8
25547,56,64,-8,8
25548,96,96,0,0
25549,67,79,-12,12
25550,66,69,-3,3
25551,116,114,2,2
25552,97,100,-3,3
25553,132,123,9,9
25554,87,93,-6,6
25555,94,95,-1,1
25556,50,56,-6,6
25557,104,94,10,10
25558,179,175,4,4
25559,121,103,18,18
25560,54,64,-10,10
25561,86,78,8,8
25562,29,29,0,0
25563,109,103,6,6
25564,81,88,-7,7
25565,75,84,-9,9
25566,179,157,22,22
25567,59,57,2,2
25568,122,110,12,12
25569,209,178,31,31
25570,53,60,-7,7
25571,79,73,6,6
25572,97,94,3,3
25573,99,102,-3,3
25574,50,52,-2,2
25575,81,85,-4,4
25576,77,76,1,1
25577,179,158,21,21
25578,100,102,-2,2
25579,57,68,-11,11
25580,88,90,-2,2
25581,47,56,-9,9
25582,92,94,-2,2
25583,94,85,9,9
25584,49,77,-28,28
25585,155,129,26,26
25586,93,96,-3,3
25587,160,141,19,19
25588,34,44,-10,10
25589,109,104,5,5
25590,112,104,8,8
25591,65,65,0,0
25592,76,72,4,4
25593,82,91,-9,9
25594,97,82,15,15
25595,72,76,-4,4
25596,95,100,-5,5
25597,59,67,-8,8
25598,52,58,-6,6
25599,81,76,5,5
25600,87,85,2,2
25601,129,118,11,11
25602,57,84,-27,27
25603,54,63,-9,9
25604,122,103,19,19
25605,90,91,-1,1
25606,136,123,13,13
25607,55,60,-5,5
25608,69,78,-9,9
25609,118,107,11,11
25610,103,103,0,0
25611,70,72,-2,2
25612,43,54,-11,11
25613,66,74,-8,8
25614,140,139,1,1
25615,89,94,-5,5
25616,147,113,34,34
25617,112,108,4,4
25618,78,71,7,7
25619,40,50,-10,10
25620,55,63,-8,8
25621,77,78,-1,1
25622,80,95,-15,15
25623,71,75,-4,4
25624,82,83,-1,1
25625,82,88,-6,6
25626,93,101,-8,8
25627,68,70,-2,2
25628,96,85,11,11
25629,116,109,7,7
25630,53,64,-11,11
25631,87,81,6,6
25632,116,112,4,4
25633,102,95,7,7
25634,89,83,6,6
25635,121,112,9,9
25636,92,89,3,3
25637,29,57,-28,28
25638,98,89,9,9
25639,70,67,3,3
25640,127,113,14,14
25641,208,183,25,25
25642,85,80,5,5
25643,84,92,-8,8
25644,92,94,-2,2
25645,118,130,-12,12
25646,66,73,-7,7
25647,79,81,-2,2
25648,167,146,21,21
25649,174,163,11,11
25650,92,88,4,4
25651,90,97,-7,7
25652,103,98,5,5
25653,85,85,0,0
25654,43,50,-7,7
25655,144,139,5,5
25656,66,67,-1,1
25657,33,56,-23,23
25658,50,62,-12,12
25659,68,69,-1,1
25660,152,157,-5,5
25661,102,95,7,7
25662,45,50,-5,5
25663,67,69,-2,2
25664,59,67,-8,8
25665,92,99,-7,7
25666,138,136,2,2
25667,152,141,11,11
25668,79,77,2,2
25669,122,119,3,3
25670,122,112,10,10
25671,59,69,-10,10
25672,164,142,22,22
25673,93,141,-48,48
25674,86,93,-7,7
25675,133,120,13,13
25676,95,105,-10,10
25677,86,93,-7,7
25678,76,74,2,2
25679,152,142,10,10
25680,99,91,8,8
25681,62,64,-2,2
25682,92,96,-4,4
25683,105,97,8,8
25684,95,90,5,5
25685,103,83,20,20
25686,64,71,-7,7
25687,113,122,-9,9
25688,139,138,1,1
25689,116,106,10,10
25690,109,111,-2,2
25691,110,108,2,2
25692,102,100,2,2
25693,108,111,-3,3
25694,83,76,7,7
25695,151,142,9,9
25696,84,92,-8,8
25697,109,100,9,9
25698,136,124,12,12
25699,109,103,6,6
25700,136,114,22,22
25701,109,103,6,6
25702,68,74,-6,6
25703,76,74,2,2
25704,81,82,-1,1
25705,102,98,4,4
25706,139,127,12,12
25707,86,88,-2,2
25708,105,96,9,9
25709,58,68,-10,10
25710,35,51,-16,16
25711,49,61,-12,12
25712,82,80,2,2
25713,70,77,-7,7
25714,79,80,-1,1
25715,66,66,0,0
25716,122,116,6,6
25717,77,74,3,3
25718,120,112,8,8
25719,155,134,21,21
25720,123,120,3,3
25721,74,82,-8,8
25722,88,86,2,2
25723,143,136,7,7
25724,88,77,11,11
25725,57,65,-8,8
25726,130,121,9,9
25727,81,89,-8,8
25728,83,89,-6,6
25729,173,144,29,29
25730,66,71,-5,5
25731,91,92,-1,1
25732,70,71,-1,1
25733,73,65,8,8
25734,72,80,-8,8
25735,73,75,-2,2
25736,109,115,-6,6
25737,106,66,40,40
25738,72,71,1,1
25739,80,85,-5,5
25740,188,167,21,21
25741,112,110,2,2
25742,116,109,7,7
25743,115,102,13,13
25744,97,97,0,0
25745,171,161,10,10
25746,96,99,-3,3
25747,97,92,5,5
25748,60,65,-5,5
25749,119,102,17,17
25750,144,136,8,8
25751,64,67,-3,3
25752,55,64,-9,9
25753,92,90,2,2
25754,92,88,4,4
25755,133,133,0,0
25756,62,68,-6,6
25757,143,141,2,2
25758,92,96,-4,4
25759,95,113,-18,18
25760,43,48,-5,5
25761,110,106,4,4
25762,94,84,10,10
25763,68,71,-3,3
25764,81,82,-1,1
25765,150,133,17,17
25766,129,121,8,8
25767,133,117,16,16
25768,105,101,4,4
25769,66,84,-18,18
25770,91,94,-3,3
25771,90,78,12,12
25772,117,98,19,19
25773,140,129,11,11
25774,165,151,14,14
25775,95,95,0,0
25776,85,80,5,5
25777,158,140,18,18
25778,138,139,-1,1
25779,96,96,0,0
25780,122,117,5,5
25781,65,65,0,0
25782,63,67,-4,4
25783,111,106,5,5
25784,80,96,-16,16
25785,79,81,-2,2
25786,100,90,10,10
25787,81,86,-5,5
25788,92,89,3,3
25789,75,90,-15,15
25790,82,84,-2,2
25791,79,88,-9,9
25792,57,70,-13,13
25793,148,116,32,32
25794,79,79,0,0
25795,122,113,9,9
25796,82,85,-3,3
25797,61,66,-5,5
25798,38,50,-12,12
25799,94,100,-6,6
25800,101,86,15,15
25801,89,85,4,4
25802,68,67,1,1
25803,47,59,-12,12
25804,90,85,5,5
25805,60,67,-7,7
25806,114,105,9,9
25807,80,88,-8,8
25808,127,109,18,18
25809,102,107,-5,5
25810,69,68,1,1
25811,53,69,-16,16
25812,59,70,-11,11
25813,95,97,-2,2
25814,64,67,-3,3
25815,144,146,-2,2
25816,71,68,3,3
25817,100,103,-3,3
25818,116,115,1,1
25819,104,98,6,6
25820,177,176,1,1
25821,108,103,5,5
25822,132,119,13,13
25823,118,104,14,14
25824,135,146,-11,11
25825,115,109,6,6
25826,73,75,-2,2
25827,133,118,15,15
25828,95,92,3,3
25829,80,80,0,0
25830,48,74,-26,26
25831,158,149,9,9
25832,73,78,-5,5
25833,94,91,3,3
25834,74,96,-22,22
25835,154,154,0,0
25836,127,125,2,2
25837,73,73,0,0
25838,89,86,3,3
25839,61,69,-8,8
25840,87,83,4,4
25841,65,82,-17,17
25842,81,89,-8,8
25843,99,97,2,2
25844,83,90,-7,7
25845,90,95,-5,5
25846,82,83,-1,1
25847,115,102,13,13
25848,137,136,1,1
25849,78,78,0,0
25850,94,84,10,10
25851,101,99,2,2
25852,96,94,2,2
25853,77,75,2,2
25854,112,102,10,10
25855,138,134,4,4
25856,98,95,3,3
25857,91,95,-4,4
25858,143,134,9,9
25859,153,147,6,6
25860,40,53,-13,13
25861,69,68,1,1
25862,67,71,-4,4
25863,43,56,-13,13
25864,104,107,-3,3
25865,117,107,10,10
25866,84,78,6,6
25867,84,90,-6,6
25868,74,71,3,3
25869,75,74,1,1
25870,147,148,-1,1
25871,94,97,-3,3
25872,92,88,4,4
25873,71,76,-5,5
25874,84,82,2,2
25875,78,99,-21,21
25876,83,83,0,0
25877,84,93,-9,9
25878,42,56,-14,14
25879,149,146,3,3
25880,95,99,-4,4
25881,132,115,17,17
25882,83,87,-4,4
25883,131,128,3,3
25884,62,67,-5,5
25885,87,89,-2,2
25886,91,84,7,7
25887,155,165,-10,10
25888,73,81,-8,8
25889,98,101,-3,3
25890,72,72,0,0
25891,75,82,-7,7
25892,147,138,9,9
25893,54,66,-12,12
25894,128,119,9,9
25895,98,95,3,3
25896,111,109,2,2
25897,81,85,-4,4
25898,87,81,6,6
25899,28,67,-39,39
25900,123,117,6,6
25901,82,77,5,5
25902,82,77,5,5
25903,113,105,8,8
25904,121,130,-9,9
25905,124,120,4,4
25906,85,81,4,4
25907,82,84,-2,2
25908,107,107,0,0
25909,113,110,3,3
25910,74,83,-9,9
25911,97,91,6,6
25912,56,66,-10,10
25913,89,87,2,2
25914,132,120,12,12
25915,134,124,10,10
25916,93,96,-3,3
25917,128,134,-6,6
25918,121,122,-1,1
25919,132,139,-7,7
25920,114,111,3,3
25921,93,90,3,3
25922,132,125,7,7
25923,139,115,24,24
25924,59,64,-5,5
25925,185,159,26,26
25926,47,59,-12,12
25927,68,71,-3,3
25928,122,125,-3,3
25929,130,136,-6,6
25930,98,99,-1,1
25931,42,48,-6,6
25932,125,120,5,5
25933,56,65,-9,9
25934,129,122,7,7
25935,60,84,-24,24
25936,51,59,-8,8
25937,78,80,-2,2
25938,62,73,-11,11
25939,80,94,-14,14
25940,39,54,-15,15
25941,120,114,6,6
25942,100,93,7,7
25943,112,117,-5,5
25944,85,84,1,1
25945,118,109,9,9
25946,124,127,-3,3
25947,56,62,-6,6
25948,97,98,-1,1
25949,83,90,-7,7
25950,91,94,-3,3
25951,68,71,-3,3
25952,108,111,-3,3
25953,87,91,-4,4
25954,57,65,-8,8
25955,70,68,2,2
25956,87,88,-1,1
25957,111,103,8,8
25958,79,84,-5,5
25959,117,104,13,13
25960,95,97,-2,2
25961,139,126,13,13
25962,52,53,-1,1
25963,47,98,-51,51
25964,104,103,1,1
25965,89,82,7,7
25966,86,93,-7,7
25967,90,84,6,6
25968,113,105,8,8
25969,89,91,-2,2
25970,94,97,-3,3
25971,134,130,4,4
25972,63,64,-1,1
25973,102,97,5,5
25974,146,129,17,17
25975,140,136,4,4
25976,73,76,-3,3
25977,127,120,7,7
25978,47,60,-13,13
25979,90,104,-14,14
25980,77,78,-1,1
25981,136,122,14,14
25982,121,118,3,3
25983,82,76,6,6
25984,114,122,-8,8
25985,114,104,10,10
25986,80,81,-1,1
25987,82,78,4,4
25988,79,80,-1,1
25989,107,109,-2,2
25990,113,97,16,16
25991,114,106,8,8
25992,52,64,-12,12
25993,67,71,-4,4
25994,74,79,-5,5
25995,113,110,3,3
25996,77,76,1,1
25997,125,126,-1,1
25998,60,61,-1,1
25999,78,78,0,0
26000,94,95,-1,1
26001,102,96,6,6
26002,115,106,9,9
26003,114,106,8,8
26004,115,117,-2,2
26005,109,103,6,6
26006,107,111,-4,4
26007,80,78,2,2
26008,111,102,9,9
26009,36,59,-23,23
26010,78,79,-1,1
26011,87,86,1,1
26012,74,76,-2,2
26013,70,80,-10,10
26014,64,69,-5,5
26015,51,57,-6,6
26016,97,98,-1,1
26017,106,102,4,4
26018,150,145,5,5
26019,105,97,8,8
26020,80,85,-5,5
26021,81,83,-2,2
26022,78,82,-4,4
26023,103,105,-2,2
26024,68,72,-4,4
26025,69,73,-4,4
26026,100,114,-14,14
26027,100,85,15,15
26028,171,158,13,13
26029,102,95,7,7
26030,98,88,10,10
26031,81,86,-5,5
26032,86,80,6,6
26033,47,60,-13,13
26034,83,88,-5,5
26035,139,133,6,6
26036,71,77,-6,6
26037,142,134,8,8
26038,65,65,0,0
26039,68,70,-2,2
26040,63,67,-4,4
26041,105,94,11,11
26042,53,66,-13,13
26043,126,116,10,10
26044,137,136,1,1
26045,64,65,-1,1
26046,126,129,-3,3
26047,117,107,10,10
26048,65,90,-25,25
26049,133,134,-1,1
26050,64,63,1,1
26051,96,89,7,7
26052,92,92,0,0
26053,99,102,-3,3
26054,148,144,4,4
26055,54,59,-5,5
26056,99,82,17,17
26057,89,95,-6,6
26058,63,64,-1,1
26059,90,89,1,1
26060,71,82,-11,11
26061,82,74,8,8
26062,89,85,4,4
26063,58,63,-5,5
26064,88,93,-5,5
26065,91,92,-1,1
26066,29,33,-4,4
26067,63,66,-3,3
26068,73,76,-3,3
26069,68,65,3,3
26070,76,85,-9,9
26071,73,69,4,4
26072,152,137,15,15
26073,113,98,15,15
26074,57,54,3,3
26075,81,79,2,2
26076,102,107,-5,5
26077,87,109,-22,22
26078,106,105,1,1
26079,83,89,-6,6
26080,164,148,16,16
26081,122,101,21,21
26082,68,76,-8,8
26083,79,75,4,4
26084,57,62,-5,5
26085,116,116,0,0
26086,57,64,-7,7
26087,105,91,14,14
26088,95,88,7,7
26089,164,155,9,9
26090,159,159,0,0
26091,92,83,9,9
26092,100,108,-8,8
26093,64,63,1,1
26094,121,155,-34,34
26095,157,144,13,13
26096,116,112,4,4
26097,46,56,-10,10
26098,106,98,8,8
26099,67,75,-8,8
26100,83,87,-4,4
26101,66,65,1,1
26102,105,103,2,2
26103,166,162,4,4
26104,109,90,19,19
26105,75,76,-1,1
26106,86,84,2,2
26107,91,86,5,5
26108,76,75,1,1
26109,149,152,-3,3
26110,102,92,10,10
26111,76,80,-4,4
26112,64,64,0,0
26113,108,101,7,7
26114,99,96,3,3
26115,104,103,1,1
26116,136,139,-3,3
26117,72,88,-16,16
26118,92,82,10,10
26119,70,72,-2,2
26120,69,72,-3,3
26121,154,140,14,14
26122,129,119,10,10
26123,102,98,4,4
26124,107,102,5,5
26125,107,108,-1,1
26126,75,70,5,5
26127,108,102,6,6
26128,96,89,7,7
26129,80,84,-4,4
26130,73,76,-3,3
26131,129,123,6,6
26132,57,62,-5,5
26133,92,89,3,3
26134,70,81,-11,11
26135,61,70,-9,9
26136,52,72,-20,20
26137,145,132,13,13
26138,74,80,-6,6
26139,75,77,-2,2
26140,134,130,4,4
26141,105,107,-2,2
26142,108,96,12,12
26143,98,98,0,0
26144,96,88,8,8
26145,135,128,7,7
26146,103,102,1,1
26147,84,83,1,1
26148,132,119,13,13
26149,114,98,16,16
26150,87,81,6,6
26151,55,64,-9,9
26152,65,61,4,4
26153,48,59,-11,11
26154,64,67,-3,3
26155,113,98,15,15
26156,137,123,14,14
26157,124,121,3,3
26158,47,57,-10,10
26159,103,96,7,7
26160,136,132,4,4
26161,80,79,1,1
26162,65,90,-25,25
26163,117,104,13,13
26164,113,114,-1,1
26165,71,70,1,1
26166,132,139,-7,7
26167,102,87,15,15
26168,191,170,21,21
26169,127,113,14,14
26170,102,102,0,0
26171,104,94,10,10
26172,113,108,5,5
26173,74,90,-16,16
26174,143,137,6,6
26175,73,70,3,3
26176,143,140,3,3
26177,120,108,12,12
26178,95,94,1,1
26179,84,88,-4,4
26180,146,138,8,8
26181,70,70,0,0
26182,125,105,20,20
26183,79,80,-1,1
26184,77,84,-7,7
26185,69,68,1,1
26186,100,97,3,3
26187,190,161,29,29
26188,90,93,-3,3
26189,67,83,-16,16
26190,179,166,13,13
26191,68,80,-12,12
26192,79,94,-15,15
26193,149,133,16,16
26194,87,73,14,14
26195,58,84,-26,26
26196,176,173,3,3
26197,67,69,-2,2
26198,76,78,-2,2
26199,127,120,7,7
26200,73,70,3,3
26201,68,71,-3,3
26202,70,71,-1,1
26203,101,93,8,8
26204,122,126,-4,4
26205,95,89,6,6
26206,90,89,1,1
26207,85,91,-6,6
26208,138,129,9,9
26209,115,113,2,2
26210,122,111,11,11
26211,59,62,-3,3
26212,51,57,-6,6
26213,106,99,7,7
26214,110,108,2,2
26215,111,110,1,1
26216,62,83,-21,21
26217,93,84,9,9
26218,46,53,-7,7
26219,107,110,-3,3
26220,144,126,18,18
26221,92,82,10,10
26222,92,92,0,0
26223,95,104,-9,9
26224,154,146,8,8
26225,54,58,-4,4
26226,102,99,3,3
26227,61,69,-8,8
26228,109,113,-4,4
26229,155,126,29,29
26230,83,75,8,8
26231,79,81,-2,2
26232,102,99,3,3
26233,133,118,15,15
26234,134,138,-4,4
26235,81,80,1,1
26236,151,142,9,9
26237,46,55,-9,9
26238,97,93,4,4
26239,62,63,-1,1
26240,114,112,2,2
26241,83,89,-6,6
26242,114,106,8,8
26243,87,97,-10,10
26244,110,96,14,14
26245,232,216,16,16
26246,35,46,-11,11
26247,96,92,4,4
26248,87,92,-5,5
26249,52,60,-8,8
26250,89,84,5,5
26251,84,77,7,7
26252,84,85,-1,1
26253,151,146,5,5
26254,51,59,-8,8
26255,112,99,13,13
26256,189,171,18,18
26257,68,68,0,0
26258,77,74,3,3
26259,62,68,-6,6
26260,112,110,2,2
26261,95,93,2,2
26262,81,85,-4,4
26263,108,96,12,12
26264,96,94,2,2
26265,58,61,-3,3
26266,84,83,1,1
26267,116,103,13,13
26268,97,100,-3,3
26269,92,91,1,1
26270,101,106,-5,5
26271,56,57,-1,1
26272,74,79,-5,5
26273,115,105,10,10
26274,74,81,-7,7
26275,58,60,-2,2
26276,129,127,2,2
26277,91,92,-1,1
26278,59,58,1,1
26279,52,57,-5,5
26280,73,77,-4,4
26281,69,65,4,4
26282,119,96,23,23
26283,126,113,13,13
26284,114,96,18,18
26285,100,106,-6,6
26286,86,85,1,1
26287,116,126,-10,10
26288,72,72,0,0
26289,61,70,-9,9
26290,83,76,7,7
26291,94,95,-1,1
26292,90,94,-4,4
26293,93,97,-4,4
26294,31,31,0,0
26295,163,150,13,13
26296,99,95,4,4
26297,46,58,-12,12
26298,55,59,-4,4
26299,75,81,-6,6
26300,72,76,-4,4
26301,107,94,13,13
26302,89,96,-7,7
26303,66,59,7,7
26304,67,75,-8,8
26305,145,143,2,2
26306,151,140,11,11
26307,153,130,23,23
26308,56,56,0,0
26309,97,99,-2,2
26310,162,153,9,9
26311,90,89,1,1
26312,106,96,10,10
26313,27,38,-11,11
26314,93,85,8,8
26315,105,102,3,3
26316,123,131,-8,8
26317,61,71,-10,10
26318,64,63,1,1
26319,109,108,1,1
26320,153,145,8,8
26321,81,78,3,3
26322,167,144,23,23
26323,100,94,6,6
26324,40,59,-19,19
26325,84,93,-9,9
26326,126,120,6,6
26327,69,73,-4,4
26328,54,51,3,3
26329,41,50,-9,9
26330,86,92,-6,6
26331,71,67,4,4
26332,97,95,2,2
26333,131,128,3,3
26334,42,48,-6,6
26335,102,99,3,3
26336,83,87,-4,4
26337,187,164,23,23
26338,180,166,14,14
26339,73,77,-4,4
26340,108,128,-20,20
26341,57,65,-8,8
26342,121,117,4,4
26343,88,92,-4,4
26344,105,99,6,6
26345,80,89,-9,9
26346,86,95,-9,9
26347,124,116,8,8
26348,117,112,5,5
26349,112,106,6,6
26350,66,65,1,1
26351,94,99,-5,5
26352,107,106,1,1
26353,45,54,-9,9
26354,121,113,8,8
26355,82,81,1,1
26356,69,74,-5,5
26357,160,144,16,16
26358,119,106,13,13
26359,58,63,-5,5
26360,100,98,2,2
26361,72,73,-1,1
26362,67,70,-3,3
26363,66,70,-4,4
26364,119,110,9,9
26365,138,143,-5,5
26366,65,66,-1,1
26367,105,108,-3,3
26368,36,52,-16,16
26369,69,74,-5,5
26370,78,75,3,3
26371,131,114,17,17
26372,109,113,-4,4
26373,75,73,2,2
26374,63,62,1,1
26375,53,65,-12,12
26376,105,106,-1,1
26377,64,72,-8,8
26378,70,76,-6,6
26379,26,43,-17,17
26380,181,161,20,20
26381,66,70,-4,4
26382,130,137,-7,7
26383,122,117,5,5
26384,94,88,6,6
26385,124,120,4,4
26386,70,75,-5,5
26387,114,117,-3,3
26388,93,85,8,8
26389,106,109,-3,3
26390,96,94,2,2
26391,90,93,-3,3
26392,118,115,3,3
26393,63,88,-25,25
26394,79,85,-6,6
26395,43,56,-13,13
26396,112,111,1,1
26397,45,50,-5,5
26398,114,117,-3,3
26399,107,98,9,9
26400,83,80,3,3
26401,40,51,-11,11
26402,98,98,0,0
26403,115,112,3,3
26404,92,97,-5,5
26405,131,136,-5,5
26406,106,91,15,15
26407,99,93,6,6
26408,67,69,-2,2
26409,171,156,15,15
26410,128,111,17,17
26411,88,85,3,3
26412,56,64,-8,8
26413,113,105,8,8
26414,62,55,7,7
26415,81,74,7,7
26416,83,87,-4,4
26417,113,100,13,13
26418,100,102,-2,2
26419,91,87,4,4
26420,79,88,-9,9
26421,156,145,11,11
26422,113,115,-2,2
26423,67,81,-14,14
26424,129,119,10,10
26425,89,91,-2,2
26426,66,69,-3,3
26427,102,104,-2,2
26428,131,125,6,6
26429,111,105,6,6
26430,47,51,-4,4
26431,37,53,-16,16
26432,92,94,-2,2
26433,91,91,0,0
26434,101,95,6,6
26435,43,59,-16,16
26436,78,73,5,5
26437,102,103,-1,1
26438,92,92,0,0
26439,96,102,-6,6
26440,109,106,3,3
26441,98,99,-1,1
26442,131,116,15,15
26443,104,107,-3,3
26444,96,119,-23,23
26445,98,96,2,2
26446,66,70,-4,4
26447,75,77,-2,2
26448,70,73,-3,3
26449,49,56,-7,7
26450,110,98,12,12
26451,128,111,17,17
26452,50,54,-4,4
26453,85,88,-3,3
26454,59,60,-1,1
26455,41,53,-12,12
26456,71,73,-2,2
26457,117,107,10,10
26458,91,91,0,0
26459,64,68,-4,4
26460,118,117,1,1
26461,43,54,-11,11
26462,134,131,3,3
26463,101,93,8,8
26464,109,93,16,16
26465,114,116,-2,2
26466,118,122,-4,4
26467,70,80,-10,10
26468,102,97,5,5
26469,157,154,3,3
26470,308,250,58,58
26471,104,114,-10,10
26472,106,93,13,13
26473,74,73,1,1
26474,148,140,8,8
26475,106,102,4,4
26476,74,76,-2,2
26477,118,111,7,7
26478,114,115,-1,1
26479,60,63,-3,3
26480,135,117,18,18
26481,60,61,-1,1
26482,62,69,-7,7
26483,120,121,-1,1
26484,150,157,-7,7
26485,112,101,11,11
26486,87,87,0,0
26487,100,99,1,1
26488,52,65,-13,13
26489,82,83,-1,1
26490,136,141,-5,5
26491,65,70,-5,5
26492,104,94,10,10
26493,134,123,11,11
26494,104,91,13,13
26495,119,115,4,4
26496,119,108,11,11
26497,60,73,-13,13
26498,155,150,5,5
26499,129,126,3,3
26500,46,58,-12,12
26501,58,64,-6,6
26502,73,67,6,6
26503,114,99,15,15
26504,85,93,-8,8
26505,77,75,2,2
26506,89,84,5,5
26507,186,162,24,24
26508,74,75,-1,1
26509,80,72,8,8
26510,108,106,2,2
26511,112,87,25,25
26512,38,46,-8,8
26513,61,60,1,1
26514,109,99,10,10
26515,46,45,1,1
26516,139,121,18,18
26517,85,87,-2,2
26518,97,89,8,8
26519,60,74,-14,14
26520,36,46,-10,10
26521,89,98,-9,9
26522,147,138,9,9
26523,94,85,9,9
26524,88,82,6,6
26525,120,108,12,12
26526,75,85,-10,10
26527,95,94,1,1
26528,90,85,5,5
26529,46,59,-13,13
26530,49,57,-8,8
26531,145,137,8,8
26532,93,83,10,10
26533,48,50,-2,2
26534,93,93,0,0
26535,76,71,5,5
26536,51,56,-5,5
26537,102,95,7,7
26538,86,86,0,0
26539,88,84,4,4
26540,97,100,-3,3
26541,139,125,14,14
26542,163,151,12,12
26543,91,101,-10,10
26544,139,125,14,14
26545,56,69,-13,13
26546,56,72,-16,16
26547,84,83,1,1
26548,85,88,-3,3
26549,55,63,-8,8
26550,82,81,1,1
26551,90,86,4,4
26552,102,91,11,11
26553,46,56,-10,10
26554,151,143,8,8
26555,90,84,6,6
26556,78,106,-28,28
26557,70,66,4,4
26558,126,112,14,14
26559,114,111,3,3
26560,135,114,21,21
26561,209,176,33,33
26562,163,150,13,13
26563,62,65,-3,3
26564,79,92,-13,13
26565,90,86,4,4
26566,126,116,10,10
26567,161,145,16,16
26568,119,108,11,11
26569,65,79,-14,14
26570,75,99,-24,24
26571,94,86,8,8
26572,57,60,-3,3
26573,60,64,-4,4
26574,62,65,-3,3
26575,61,67,-6,6
26576,174,160,14,14
26577,65,72,-7,7
26578,122,116,6,6
26579,103,116,-13,13
26580,66,70,-4,4
26581,110,99,11,11
26582,59,67,-8,8
26583,120,107,13,13
26584,101,99,2,2
26585,94,92,2,2
26586,125,118,7,7
26587,76,75,1,1
26588,66,75,-9,9
26589,85,91,-6,6
26590,101,101,0,0
26591,79,79,0,0
26592,179,163,16,16
26593,73,81,-8,8
26594,97,101,-4,4
26595,40,62,-22,22
26596,75,75,0,0
26597,157,151,6,6
26598,77,80,-3,3
26599,108,111,-3,3
26600,129,118,11,11
26601,100,96,4,4
26602,76,92,-16,16
26603,40,49,-9,9
26604,72,77,-5,5
26605,81,78,3,3
26606,122,109,13,13
26607,77,72,5,5
26608,162,150,12,12
26609,52,58,-6,6
26610,86,80,6,6
26611,61,59,2,2
26612,139,128,11,11
26613,122,112,10,10
26614,129,126,3,3
26615,64,67,-3,3
26616,53,60,-7,7
26617,163,148,15,15
26618,76,89,-13,13
26619,47,55,-8,8
26620,57,64,-7,7
26621,142,131,11,11
26622,89,79,10,10
26623,100,102,-2,2
26624,126,130,-4,4
26625,149,136,13,13
26626,102,95,7,7
26627,51,62,-11,11
26628,131,108,23,23
26629,113,108,5,5
26630,128,117,11,11
26631,84,76,8,8
26632,88,85,3,3
26633,96,91,5,5
26634,131,110,21,21
26635,142,129,13,13
26636,139,129,10,10
26637,62,69,-7,7
26638,162,164,-2,2
26639,100,99,1,1
26640,94,90,4,4
26641,118,108,10,10
26642,140,120,20,20
26643,105,101,4,4
26644,54,64,-10,10
26645,80,81,-1,1
26646,54,59,-5,5
26647,82,86,-4,4
26648,78,82,-4,4
26649,81,80,1,1
26650,55,59,-4,4
26651,142,146,-4,4
26652,152,136,16,16
26653,121,112,9,9
26654,109,103,6,6
26655,80,89,-9,9
26656,73,76,-3,3
26657,154,114,40,40
26658,122,120,2,2
26659,85,85,0,0
26660,65,71,-6,6
26661,127,113,14,14
26662,44,48,-4,4
26663,90,95,-5,5
26664,115,109,6,6
26665,124,119,5,5
26666,148,147,1,1
26667,49,53,-4,4
26668,77,80,-3,3
26669,173,159,14,14
26670,68,75,-7,7
26671,149,148,1,1
26672,73,75,-2,2
26673,54,59,-5,5
26674,90,82,8,8
26675,73,75,-2,2
26676,74,79,-5,5
26677,49,53,-4,4
26678,79,76,3,3
26679,117,115,2,2
26680,57,69,-12,12
26681,123,108,15,15
26682,94,93,1,1
26683,124,101,23,23
26684,74,77,-3,3
26685,63,67,-4,4
26686,116,104,12,12
26687,93,87,6,6
26688,115,116,-1,1
26689,64,69,-5,5
26690,117,118,-1,1
26691,74,78,-4,4
26692,49,52,-3,3
26693,72,69,3,3
26694,86,90,-4,4
26695,52,59,-7,7
26696,87,85,2,2
26697,152,145,7,7
26698,61,72,-11,11
26699,67,73,-6,6
26700,64,75,-11,11
26701,100,98,2,2
26702,135,114,21,21
26703,120,117,3,3
26704,124,109,15,15
26705,105,108,-3,3
26706,144,141,3,3
26707,100,99,1,1
26708,80,84,-4,4
26709,73,87,-14,14
26710,82,84,-2,2
26711,76,72,4,4
26712,115,109,6,6
26713,106,104,2,2
26714,125,122,3,3
26715,86,81,5,5
26716,94,91,3,3
26717,80,84,-4,4
26718,145,128,17,17
26719,122,111,11,11
26720,122,116,6,6
26721,115,109,6,6
26722,66,69,-3,3
26723,85,80,5,5
26724,95,101,-6,6
26725,110,98,12,12
26726,49,65,-16,16
26727,80,94,-14,14
26728,101,96,5,5
26729,77,77,0,0
26730,89,99,-10,10
26731,130,114,16,16
26732,106,116,-10,10
26733,56,57,-1,1
26734,68,67,1,1
26735,152,141,11,11
26736,113,114,-1,1
26737,98,96,2,2
26738,125,114,11,11
26739,71,72,-1,1
26740,123,109,14,14
26741,97,84,13,13
26742,77,79,-2,2
26743,56,64,-8,8
26744,127,117,10,10
26745,49,63,-14,14
26746,115,108,7,7
26747,61,66,-5,5
26748,97,93,4,4
26749,101,99,2,2
26750,77,81,-4,4
26751,117,126,-9,9
26752,90,97,-7,7
26753,120,111,9,9
26754,80,82,-2,2
26755,71,71,0,0
26756,54,61,-7,7
26757,80,85,-5,5
26758,110,106,4,4
26759,71,89,-18,18
26760,82,87,-5,5
26761,68,79,-11,11
26762,78,88,-10,10
26763,69,69,0,0
26764,87,88,-1,1
26765,94,89,5,5
26766,137,127,10,10
26767,57,64,-7,7
26768,56,58,-2,2
26769,57,69,-12,12
26770,62,62,0,0
26771,63,75,-12,12
26772,165,150,15,15
26773,115,106,9,9
26774,133,125,8,8
26775,94,84,10,10
26776,107,107,0,0
26777,106,100,6,6
26778,112,113,-1,1
26779,93,93,0,0
26780,55,66,-11,11
26781,85,86,-1,1
26782,41,45,-4,4
26783,120,108,12,12
26784,99,96,3,3
26785,83,74,9,9
26786,84,86,-2,2
26787,110,103,7,7
26788,124,136,-12,12
26789,122,111,11,11
26790,38,50,-12,12
26791,120,113,7,7
26792,97,95,2,2
26793,61,68,-7,7
26794,113,114,-1,1
26795,74,70,4,4
26796,79,77,2,2
26797,125,105,20,20
26798,81,80,1,1
26799,125,113,12,12
26800,123,119,4,4
26801,90,96,-6,6
26802,48,61,-13,13
26803,55,62,-7,7
26804,62,77,-15,15
26805,64,76,-12,12
26806,91,94,-3,3
26807,145,143,2,2
26808,86,82,4,4
26809,66,74,-8,8
26810,116,121,-5,5
26811,76,77,-1,1
26812,88,96,-8,8
26813,103,105,-2,2
26814,97,102,-5,5
26815,138,124,14,14
26816,75,79,-4,4
26817,92,85,7,7
26818,149,143,6,6
26819,60,65,-5,5
26820,108,105,3,3
26821,30,45,-15,15
26822,89,83,6,6
26823,49,62,-13,13
26824,97,92,5,5
26825,128,111,17,17
26826,96,94,2,2
26827,96,92,4,4
26828,63,61,2,2
26829,76,77,-1,1
26830,106,103,3,3
26831,79,87,-8,8
26832,127,114,13,13
26833,45,55,-10,10
26834,105,112,-7,7
26835,90,86,4,4
26836,43,53,-10,10
26837,235,154,81,81
26838,50,62,-12,12
26839,111,100,11,11
26840,69,69,0,0
26841,52,131,-79,79
26842,105,102,3,3
26843,49,54,-5,5
26844,66,72,-6,6
26845,64,68,-4,4
26846,75,71,4,4
26847,70,74,-4,4
26848,96,90,6,6
26849,86,91,-5,5
26850,109,105,4,4
26851,357,242,115,115
26852,74,74,0,0
26853,96,100,-4,4
26854,101,102,-1,1
26855,86,89,-3,3
26856,97,87,10,10
26857,47,51,-4,4
26858,76,88,-12,12
26859,139,125,14,14
26860,127,120,7,7
26861,119,107,12,12
26862,133,123,10,10
26863,190,180,10,10
26864,119,107,12,12
26865,96,94,2,2
26866,31,36,-5,5
26867,94,106,-12,12
26868,112,125,-13,13
26869,104,99,5,5
26870,162,143,19,19
26871,128,117,11,11
26872,142,141,1,1
26873,107,80,27,27
26874,120,105,15,15
26875,57,66,-9,9
26876,157,145,12,12
26877,94,93,1,1
26878,109,113,-4,4
26879,58,69,-11,11
26880,108,94,14,14
26881,88,83,5,5
26882,123,121,2,2
26883,85,87,-2,2
26884,136,138,-2,2
26885,72,79,-7,7
26886,77,76,1,1
26887,59,60,-1,1
26888,154,140,14,14
26889,63,79,-16,16
26890,40,46,-6,6
26891,142,146,-4,4
26892,160,147,13,13
26893,68,66,2,2
26894,91,83,8,8
26895,77,84,-7,7
26896,135,130,5,5
26897,134,185,-51,51
26898,172,166,6,6
26899,131,153,-22,22
26900,86,89,-3,3
26901,67,72,-5,5
26902,55,60,-5,5
26903,148,141,7,7
26904,66,73,-7,7
26905,120,103,17,17
26906,83,83,0,0
26907,101,92,9,9
26908,83,78,5,5
26909,106,121,-15,15
26910,99,97,2,2
26911,67,71,-4,4
26912,130,125,5,5
26913,79,81,-2,2
26914,43,55,-12,12
26915,146,130,16,16
26916,57,64,-7,7
26917,100,108,-8,8
26918,139,119,20,20
26919,114,98,16,16
26920,61,66,-5,5
26921,77,92,-15,15
26922,102,103,-1,1
26923,104,98,6,6
26924,145,141,4,4
26925,81,89,-8,8
26926,87,91,-4,4
26927,135,138,-3,3
26928,117,112,5,5
26929,82,76,6,6
26930,118,115,3,3
26931,106,110,-4,4
26932,123,118,5,5
26933,109,105,4,4
26934,66,69,-3,3
26935,86,87,-1,1
26936,104,105,-1,1
26937,61,76,-15,15
26938,59,84,-25,25
26939,68,72,-4,4
26940,68,73,-5,5
26941,63,70,-7,7
26942,85,80,5,5
26943,135,133,2,2
26944,117,122,-5,5
26945,134,119,15,15
26946,104,102,2,2
26947,73,76,-3,3
26948,79,81,-2,2
26949,137,130,7,7
26950,106,94,12,12
26951,80,72,8,8
26952,175,153,22,22
26953,96,100,-4,4
26954,137,121,16,16
26955,119,110,9,9
26956,118,111,7,7
26957,135,130,5,5
26958,127,102,25,25
26959,103,102,1,1
26960,87,89,-2,2
26961,90,73,17,17
26962,50,59,-9,9
26963,68,72,-4,4
26964,75,77,-2,2
26965,150,151,-1,1
26966,107,96,11,11
26967,122,114,8,8
26968,48,51,-3,3
26969,141,142,-1,1
26970,96,93,3,3
26971,93,94,-1,1
26972,85,82,3,3
26973,55,61,-6,6
26974,51,59,-8,8
26975,99,96,3,3
26976,52,64,-12,12
26977,79,71,8,8
26978,110,105,5,5
26979,121,111,10,10
26980,37,43,-6,6
26981,92,94,-2,2
26982,66,60,6,6
26983,148,120,28,28
26984,83,80,3,3
26985,175,159,16,16
26986,88,83,5,5
26987,110,102,8,8
26988,79,84,-5,5
26989,64,61,3,3
26990,124,110,14,14
26991,129,117,12,12
26992,91,88,3,3
26993,59,60,-1,1
26994,49,68,-19,19
26995,132,126,6,6
26996,76,107,-31,31
26997,110,100,10,10
26998,61,63,-2,2
26999,90,91,-1,1
27000,126,121,5,5
27001,98,96,2,2
27002,59,59,0,0
27003,93,96,-3,3
27004,76,72,4,4
27005,75,71,4,4
27006,85,90,-5,5
27007,149,133,16,16
27008,89,86,3,3
27009,112,107,5,5
27010,88,84,4,4
27011,65,66,-1,1
27012,86,85,1,1
27013,64,61,3,3
27014,81,92,-11,11
27015,86,88,-2,2
27016,70,70,0,0
27017,150,127,23,23
27018,102,93,9,9
27019,92,83,9,9
27020,47,61,-14,14
27021,92,96,-4,4
27022,108,103,5,5
27023,85,88,-3,3
27024,127,119,8,8
27025,114,107,7,7
27026,89,81,8,8
27027,98,100,-2,2
27028,47,50,-3,3
27029,95,103,-8,8
27030,174,167,7,7
27031,74,74,0,0
27032,214,192,22,22
27033,35,46,-11,11
27034,202,193,9,9
27035,83,79,4,4
27036,125,112,13,13
27037,109,95,14,14
27038,54,65,-11,11
27039,56,62,-6,6
27040,71,76,-5,5
27041,81,80,1,1
27042,78,80,-2,2
27043,61,62,-1,1
27044,77,76,1,1
27045,114,106,8,8
27046,59,63,-4,4
27047,116,119,-3,3
27048,49,63,-14,14
27049,66,82,-16,16
27050,91,80,11,11
27051,98,98,0,0
27052,73,76,-3,3
27053,78,80,-2,2
27054,105,107,-2,2
27055,112,103,9,9
27056,84,87,-3,3
27057,78,71,7,7
27058,112,117,-5,5
27059,178,148,30,30
27060,134,131,3,3
27061,93,89,4,4
27062,99,96,3,3
27063,67,72,-5,5
27064,76,82,-6,6
27065,80,77,3,3
27066,74,73,1,1
27067,83,86,-3,3
27068,99,107,-8,8
27069,70,64,6,6
27070,64,72,-8,8
27071,128,115,13,13
27072,93,85,8,8
27073,65,67,-2,2
27074,40,51,-11,11
27075,133,122,11,11
27076,97,98,-1,1
27077,89,94,-5,5
27078,73,76,-3,3
27079,102,92,10,10
27080,62,65,-3,3
27081,91,92,-1,1
27082,147,134,13,13
27083,70,69,1,1
27084,71,73,-2,2
27085,86,86,0,0
27086,62,65,-3,3
27087,104,91,13,13
27088,72,71,1,1
27089,52,57,-5,5
27090,38,50,-12,12
27091,67,73,-6,6
27092,196,176,20,20
27093,47,49,-2,2
27094,51,60,-9,9
27095,88,87,1,1
27096,96,95,1,1
27097,42,52,-10,10
27098,101,102,-1,1
27099,105,98,7,7
27100,70,70,0,0
27101,87,100,-13,13
27102,120,118,2,2
27103,71,70,1,1
27104,118,108,10,10
27105,71,84,-13,13
27106,101,106,-5,5
27107,80,77,3,3
27108,107,96,11,11
27109,87,80,7,7
27110,60,69,-9,9
27111,56,57,-1,1
27112,79,81,-2,2
27113,148,140,8,8
27114,75,75,0,0
27115,53,59,-6,6
27116,88,88,0,0
27117,104,122,-18,18
27118,77,72,5,5
27119,53,58,-5,5
27120,114,110,4,4
27121,74,72,2,2
27122,73,86,-13,13
27123,127,114,13,13
27124,81,77,4,4
27125,127,125,2,2
27126,139,123,16,16
27127,78,78,0,0
27128,79,76,3,3
27129,115,104,11,11
27130,125,107,18,18
27131,141,138,3,3
27132,127,107,20,20
27133,105,104,1,1
27134,57,65,-8,8
27135,99,100,-1,1
27136,91,87,4,4
27137,98,88,10,10
27138,114,126,-12,12
27139,74,75,-1,1
27140,143,123,20,20
27141,68,75,-7,7
27142,159,146,13,13
27143,69,69,0,0
27144,72,69,3,3
27145,48,56,-8,8
27146,110,107,3,3
27147,86,84,2,2
27148,72,76,-4,4
27149,80,76,4,4
27150,70,76,-6,6
27151,37,48,-11,11
27152,79,78,1,1
27153,53,53,0,0
27154,82,82,0,0
27155,55,65,-10,10
27156,72,82,-10,10
27157,104,101,3,3
27158,81,83,-2,2
27159,131,133,-2,2
27160,110,112,-2,2
27161,70,76,-6,6
27162,96,100,-4,4
27163,56,69,-13,13
27164,76,78,-2,2
27165,87,90,-3,3
27166,100,93,7,7
27167,51,57,-6,6
27168,67,70,-3,3
27169,50,59,-9,9
27170,72,89,-17,17
27171,69,73,-4,4
27172,96,99,-3,3
27173,90,83,7,7
27174,84,87,-3,3
27175,136,140,-4,4
27176,83,81,2,2
27177,93,95,-2,2
27178,130,144,-14,14
27179,111,109,2,2
27180,107,115,-8,8
27181,112,116,-4,4
27182,27,36,-9,9
27183,156,138,18,18
27184,102,92,10,10
27185,122,120,2,2
27186,114,103,11,11
27187,39,48,-9,9
27188,137,126,11,11
27189,86,84,2,2
27190,83,78,5,5
27191,148,138,10,10
27192,108,106,2,2
27193,102,95,7,7
27194,95,93,2,2
27195,52,64,-12,12
27196,78,83,-5,5
27197,99,97,2,2
27198,124,124,0,0
27199,94,99,-5,5
27200,120,119,1,1
27201,102,104,-2,2
27202,128,124,4,4
27203,64,63,1,1
27204,78,78,0,0
27205,65,76,-11,11
27206,128,128,0,0
27207,88,82,6,6
27208,63,77,-14,14
27209,86,92,-6,6
27210,102,101,1,1
27211,120,96,24,24
27212,95,101,-6,6
27213,83,82,1,1
27214,96,104,-8,8
27215,75,79,-4,4
27216,50,57,-7,7
27217,69,71,-2,2
27218,118,104,14,14
27219,103,106,-3,3
27220,88,94,-6,6
27221,83,84,-1,1
27222,113,102,11,11
27223,89,82,7,7
27224,92,90,2,2
27225,96,97,-1,1
27226,97,116,-19,19
27227,57,59,-2,2
27228,70,74,-4,4
27229,79,88,-9,9
27230,81,82,-1,1
27231,106,101,5,5
27232,178,160,18,18
27233,141,139,2,2
27234,97,95,2,2
27235,152,148,4,4
27236,82,81,1,1
27237,62,62,0,0
27238,69,76,-7,7
27239,145,137,8,8
27240,80,79,1,1
27241,124,116,8,8
27242,128,121,7,7
27243,147,130,17,17
27244,181,174,7,7
27245,92,93,-1,1
27246,48,54,-6,6
27247,144,141,3,3
27248,54,66,-12,12
27249,116,107,9,9
27250,106,96,10,10
27251,72,72,0,0
27252,139,125,14,14
27253,153,148,5,5
27254,105,95,10,10
27255,152,142,10,10
27256,137,112,25,25
27257,123,122,1,1
27258,49,61,-12,12
27259,80,77,3,3
27260,63,57,6,6
27261,35,67,-32,32
27262,53,60,-7,7
27263,80,85,-5,5
27264,56,56,0,0
27265,143,143,0,0
27266,160,145,15,15
27267,98,96,2,2
27268,98,89,9,9
27269,83,87,-4,4
27270,117,124,-7,7
27271,143,140,3,3
27272,91,94,-3,3
27273,60,69,-9,9
27274,106,98,8,8
27275,33,46,-13,13
27276,65,66,-1,1
27277,79,75,4,4
27278,47,52,-5,5
27279,78,77,1,1
27280,108,107,1,1
27281,59,68,-9,9
27282,75,81,-6,6
27283,130,126,4,4
27284,75,84,-9,9
27285,89,88,1,1
27286,85,79,6,6
27287,127,117,10,10
27288,71,81,-10,10
27289,103,101,2,2
27290,40,45,-5,5
27291,57,73,-16,16
27292,142,134,8,8
27293,61,74,-13,13
27294,77,74,3,3
27295,95,98,-3,3
27296,90,78,12,12
27297,101,103,-2,2
27298,64,63,1,1
27299,154,126,28,28
27300,90,88,2,2
27301,103,100,3,3
27302,134,128,6,6
27303,96,82,14,14
27304,48,53,-5,5
27305,88,83,5,5
27306,126,117,9,9
27307,80,75,5,5
27308,66,68,-2,2
27309,43,49,-6,6
27310,71,69,2,2
27311,102,98,4,4
27312,78,76,2,2
27313,99,98,1,1
27314,110,104,6,6
27315,105,103,2,2
27316,103,110,-7,7
27317,103,100,3,3
27318,62,86,-24,24
27319,92,95,-3,3
27320,68,77,-9,9
27321,94,95,-1,1
27322,97,97,0,0
27323,50,66,-16,16
27324,46,68,-22,22
27325,76,71,5,5
27326,127,104,23,23
27327,55,62,-7,7
27328,62,64,-2,2
27329,114,114,0,0
27330,70,69,1,1
27331,110,107,3,3
27332,115,111,4,4
27333,102,91,11,11
27334,105,109,-4,4
27335,99,92,7,7
27336,122,118,4,4
27337,69,75,-6,6
27338,69,64,5,5
27339,79,79,0,0
27340,67,75,-8,8
27341,76,73,3,3
27342,54,58,-4,4
27343,96,93,3,3
27344,90,92,-2,2
27345,73,72,1,1
27346,76,80,-4,4
27347,48,57,-9,9
27348,104,106,-2,2
27349,64,70,-6,6
27350,76,78,-2,2
27351,106,103,3,3
27352,58,62,-4,4
27353,118,119,-1,1
27354,78,82,-4,4
27355,119,115,4,4
27356,64,70,-6,6
27357,144,111,33,33
27358,112,96,16,16
27359,60,63,-3,3
27360,58,86,-28,28
27361,148,159,-11,11
27362,70,68,2,2
27363,193,166,27,27
27364,90,92,-2,2
27365,50,59,-9,9
27366,94,88,6,6
27367,114,102,12,12
27368,57,64,-7,7
27369,72,86,-14,14
27370,97,83,14,14
27371,121,112,9,9
27372,96,92,4,4
27373,78,83,-5,5
27374,124,127,-3,3
27375,156,147,9,9
27376,103,94,9,9
27377,117,110,7,7
27378,75,67,8,8
27379,101,103,-2,2
27380,45,48,-3,3
27381,60,63,-3,3
27382,124,122,2,2
27383,129,121,8,8
27384,90,92,-2,2
27385,79,86,-7,7
27386,64,69,-5,5
27387,87,94,-7,7
27388,138,132,6,6
27389,106,106,0,0
27390,96,97,-1,1
27391,124,118,6,6
27392,78,77,1,1
27393,99,95,4,4
27394,208,166,42,42
27395,111,105,6,6
27396,107,96,11,11
27397,92,85,7,7
27398,87,82,5,5
27399,108,115,-7,7
27400,70,66,4,4
27401,115,111,4,4
27402,86,91,-5,5
27403,86,81,5,5
27404,165,160,5,5
27405,59,99,-40,40
27406,111,115,-4,4
27407,196,167,29,29
27408,99,98,1,1
27409,121,97,24,24
27410,57,59,-2,2
27411,78,78,0,0
27412,98,99,-1,1
27413,90,82,8,8
27414,89,92,-3,3
27415,97,92,5,5
27416,77,77,0,0
27417,78,77,1,1
27418,95,106,-11,11
27419,98,95,3,3
27420,126,114,12,12
27421,107,107,0,0
27422,83,82,1,1
27423,129,130,-1,1
27424,93,96,-3,3
27425,210,171,39,39
27426,112,109,3,3
27427,51,58,-7,7
27428,93,82,11,11
27429,61,73,-12,12
27430,76,84,-8,8
27431,107,103,4,4
27432,115,96,19,19
27433,106,105,1,1
27434,77,79,-2,2
27435,102,103,-1,1
27436,54,64,-10,10
27437,81,74,7,7
27438,64,77,-13,13
27439,134,128,6,6
27440,124,110,14,14
27441,49,59,-10,10
27442,90,99,-9,9
27443,72,68,4,4
27444,76,79,-3,3
27445,114,102,12,12
27446,59,72,-13,13
27447,97,108,-11,11
27448,96,91,5,5
27449,177,143,34,34
27450,111,105,6,6
27451,105,108,-3,3
27452,78,88,-10,10
27453,85,94,-9,9
27454,71,72,-1,1
27455,114,110,4,4
27456,78,83,-5,5
27457,164,152,12,12
27458,75,79,-4,4
27459,128,120,8,8
27460,105,114,-9,9
27461,75,74,1,1
27462,87,90,-3,3
27463,104,98,6,6
27464,130,122,8,8
27465,101,102,-1,1
27466,81,81,0,0
27467,75,74,1,1
27468,115,110,5,5
27469,80,75,5,5
27470,54,68,-14,14
27471,93,96,-3,3
27472,142,119,23,23
27473,41,52,-11,11
27474,78,81,-3,3
27475,62,66,-4,4
27476,68,78,-10,10
27477,45,59,-14,14
27478,99,96,3,3
27479,92,87,5,5
27480,88,79,9,9
27481,134,134,0,0
27482,112,104,8,8
27483,97,101,-4,4
27484,131,133,-2,2
27485,71,71,0,0
27486,39,49,-10,10
27487,68,74,-6,6
27488,47,53,-6,6
27489,60,62,-2,2
27490,151,130,21,21
27491,81,74,7,7
27492,104,96,8,8
27493,99,105,-6,6
27494,103,97,6,6
27495,84,84,0,0
27496,92,91,1,1
27497,108,106,2,2
27498,124,115,9,9
27499,68,76,-8,8
27500,107,100,7,7
27501,97,84,13,13
27502,108,101,7,7
27503,54,64,-10,10
27504,75,77,-2,2
27505,43,54,-11,11
27506,105,105,0,0
27507,103,109,-6,6
27508,85,91,-6,6
27509,121,115,6,6
27510,85,86,-1,1
27511,102,95,7,7
27512,113,119,-6,6
27513,70,76,-6,6
27514,120,109,11,11
27515,106,96,10,10
27516,72,77,-5,5
27517,89,90,-1,1
27518,90,86,4,4
27519,52,56,-4,4
27520,78,80,-2,2
27521,88,93,-5,5
27522,290,224,66,66
27523,98,94,4,4
27524,94,96,-2,2
27525,130,112,18,18
27526,50,69,-19,19
27527,102,97,5,5
27528,72,74,-2,2
27529,79,77,2,2
27530,101,101,0,0
27531,88,81,7,7
27532,75,79,-4,4
27533,109,119,-10,10
27534,68,69,-1,1
27535,117,111,6,6
27536,112,109,3,3
27537,149,136,13,13
27538,94,99,-5,5
27539,73,74,-1,1
27540,86,82,4,4
27541,68,76,-8,8
27542,94,92,2,2
27543,96,97,-1,1
27544,86,107,-21,21
27545,84,86,-2,2
27546,98,90,8,8
27547,149,131,18,18
27548,92,92,0,0
27549,72,69,3,3
27550,108,106,2,2
27551,85,96,-11,11
27552,92,93,-1,1
27553,72,78,-6,6
27554,73,78,-5,5
27555,91,93,-2,2
27556,167,166,1,1
27557,78,87,-9,9
27558,50,66,-16,16
27559,96,80,16,16
27560,105,104,1,1
27561,102,101,1,1
27562,106,97,9,9
27563,138,124,14,14
27564,123,122,1,1
27565,76,74,2,2
27566,95,92,3,3
27567,87,86,1,1
27568,154,150,4,4
27569,75,76,-1,1
27570,137,123,14,14
27571,98,85,13,13
27572,96,97,-1,1
27573,68,73,-5,5
27574,66,76,-10,10
27575,96,98,-2,2
27576,99,98,1,1
27577,53,67,-14,14
27578,36,65,-29,29
27579,79,88,-9,9
27580,108,105,3,3
27581,20,33,-13,13
27582,95,95,0,0
27583,78,81,-3,3
27584,114,109,5,5
27585,89,98,-9,9
27586,118,133,-15,15
27587,163,146,17,17
27588,64,66,-2,2
27589,50,52,-2,2
27590,65,69,-4,4
27591,91,87,4,4
27592,126,123,3,3
27593,96,94,2,2
27594,115,107,8,8
27595,114,110,4,4
27596,139,115,24,24
27597,45,63,-18,18
27598,155,148,7,7
27599,77,74,3,3
27600,105,89,16,16
27601,156,126,30,30
27602,90,90,0,0
27603,105,95,10,10
27604,36,48,-12,12
27605,134,143,-9,9
27606,111,118,-7,7
27607,61,60,1,1
27608,97,95,2,2
27609,76,77,-1,1
27610,81,86,-5,5
27611,71,71,0,0
27612,99,92,7,7
27613,98,98,0,0
27614,89,85,4,4
27615,153,143,10,10
27616,110,110,0,0
27617,61,64,-3,3
27618,72,79,-7,7
27619,107,104,3,3
27620,107,103,4,4
27621,116,109,7,7
27622,116,107,9,9
27623,71,73,-2,2
27624,95,93,2,2
27625,99,99,0,0
27626,59,60,-1,1
27627,107,122,-15,15
27628,130,121,9,9
27629,95,80,15,15
27630,165,146,19,19
27631,171,146,25,25
27632,93,102,-9,9
27633,79,86,-7,7
27634,175,157,18,18
27635,121,116,5,5
27636,155,149,6,6
27637,174,164,10,10
27638,81,73,8,8
27639,57,59,-2,2
27640,180,151,29,29
27641,116,108,8,8
27642,162,151,11,11
27643,77,87,-10,10
27644,78,77,1,1
27645,111,104,7,7
27646,87,84,3,3
27647,37,49,-12,12
27648,176,165,11,11
27649,69,78,-9,9
27650,72,77,-5,5
27651,91,91,0,0
27652,102,101,1,1
27653,81,83,-2,2
27654,142,135,7,7
27655,189,164,25,25
27656,200,173,27,27
27657,61,68,-7,7
27658,89,89,0,0
27659,94,97,-3,3
27660,88,88,0,0
27661,85,80,5,5
27662,88,85,3,3
27663,52,59,-7,7
27664,61,84,-23,23
27665,79,78,1,1
27666,141,128,13,13
27667,83,81,2,2
27668,112,142,-30,30
27669,123,116,7,7
27670,54,56,-2,2
27671,66,66,0,0
27672,117,111,6,6
27673,73,75,-2,2
27674,70,84,-14,14
27675,66,66,0,0
27676,105,115,-10,10
27677,77,79,-2,2
27678,100,96,4,4
27679,167,142,25,25
27680,73,73,0,0
27681,130,121,9,9
27682,87,73,14,14
27683,85,79,6,6
27684,69,77,-8,8
27685,73,77,-4,4
27686,77,81,-4,4
27687,138,136,2,2
27688,80,87,-7,7
27689,55,59,-4,4
27690,117,102,15,15
27691,110,105,5,5
27692,60,62,-2,2
27693,96,87,9,9
27694,85,79,6,6
27695,106,111,-5,5
27696,94,93,1,1
27697,69,79,-10,10
27698,125,126,-1,1
27699,179,156,23,23
27700,86,86,0,0
27701,129,124,5,5
27702,82,85,-3,3
27703,91,80,11,11
27704,150,145,5,5
27705,57,66,-9,9
27706,70,69,1,1
27707,134,124,10,10
27708,71,76,-5,5
27709,74,82,-8,8
27710,83,83,0,0
27711,82,97,-15,15
27712,70,73,-3,3
27713,82,89,-7,7
27714,52,62,-10,10
27715,93,85,8,8
27716,54,64,-10,10
27717,136,131,5,5
27718,72,73,-1,1
27719,86,108,-22,22
27720,108,111,-3,3
27721,93,88,5,5
27722,57,76,-19,19
27723,78,80,-2,2
27724,130,116,14,14
27725,83,86,-3,3
27726,116,99,17,17
27727,103,91,12,12
27728,79,81,-2,2
27729,43,53,-10,10
27730,100,101,-1,1
27731,77,77,0,0
27732,127,119,8,8
27733,83,80,3,3
27734,134,144,-10,10
27735,108,94,14,14
27736,122,110,12,12
27737,86,88,-2,2
27738,71,73,-2,2
27739,111,105,6,6
27740,132,116,16,16
27741,200,179,21,21
27742,77,77,0,0
27743,131,111,20,20
27744,75,80,-5,5
27745,66,67,-1,1
27746,83,82,1,1
27747,155,140,15,15
27748,104,89,15,15
27749,85,80,5,5
27750,149,128,21,21
27751,198,226,-28,28
27752,68,81,-13,13
27753,143,106,37,37
27754,118,106,12,12
27755,75,76,-1,1
27756,150,166,-16,16
27757,52,59,-7,7
27758,153,148,5,5
27759,88,96,-8,8
27760,101,110,-9,9
27761,74,71,3,3
27762,102,96,6,6
27763,140,132,8,8
27764,71,68,3,3
27765,110,91,19,19
27766,110,110,0,0
27767,63,68,-5,5
27768,66,71,-5,5
27769,49,57,-8,8
27770,54,57,-3,3
27771,86,86,0,0
27772,58,62,-4,4
27773,54,62,-8,8
27774,60,69,-9,9
27775,77,78,-1,1
27776,70,78,-8,8
27777,91,89,2,2
27778,112,110,2,2
27779,89,87,2,2
27780,80,78,2,2
27781,95,94,1,1
27782,98,90,8,8
27783,91,92,-1,1
27784,117,116,1,1
27785,76,81,-5,5
27786,126,148,-22,22
27787,131,116,15,15
27788,65,73,-8,8
27789,90,84,6,6
27790,77,77,0,0
27791,114,112,2,2
27792,88,84,4,4
27793,90,88,2,2
27794,84,91,-7,7
27795,135,116,19,19
27796,95,90,5,5
27797,94,102,-8,8
27798,106,100,6,6
27799,75,72,3,3
27800,115,108,7,7
27801,143,139,4,4
27802,60,63,-3,3
27803,68,68,0,0
27804,73,71,2,2
27805,168,142,26,26
27806,99,101,-2,2
27807,108,103,5,5
27808,77,87,-10,10
27809,60,60,0,0
27810,79,75,4,4
27811,103,115,-12,12
27812,120,120,0,0
27813,137,145,-8,8
27814,80,90,-10,10
27815,78,80,-2,2
27816,49,60,-11,11
27817,97,103,-6,6
27818,104,104,0,0
27819,172,157,15,15
27820,154,146,8,8
27821,93,96,-3,3
27822,103,92,11,11
27823,51,58,-7,7
27824,72,73,-1,1
27825,81,85,-4,4
27826,69,65,4,4
27827,111,101,10,10
27828,106,103,3,3
27829,143,125,18,18
27830,46,49,-3,3
27831,118,119,-1,1
27832,136,118,18,18
27833,103,94,9,9
27834,115,116,-1,1
27835,100,95,5,5
27836,130,118,12,12
27837,146,130,16,16
27838,106,101,5,5
27839,160,153,7,7
27840,151,113,38,38
27841,111,105,6,6
27842,132,114,18,18
27843,70,65,5,5
27844,95,94,1,1
27845,113,106,7,7
27846,100,128,-28,28
27847,84,79,5,5
27848,144,122,22,22
27849,75,79,-4,4
27850,127,122,5,5
27851,35,47,-12,12
27852,48,64,-16,16
27853,52,58,-6,6
27854,110,108,2,2
27855,109,104,5,5
27856,72,76,-4,4
27857,99,96,3,3
27858,58,57,1,1
27859,81,74,7,7
27860,96,84,12,12
27861,71,72,-1,1
27862,122,100,22,22
27863,151,139,12,12
27864,92,90,2,2
27865,69,74,-5,5
27866,111,103,8,8
27867,106,99,7,7
27868,122,116,6,6
27869,100,85,15,15
27870,62,67,-5,5
27871,77,77,0,0
27872,111,106,5,5
27873,68,77,-9,9
27874,97,91,6,6
27875,118,90,28,28
27876,118,115,3,3
27877,97,101,-4,4
27878,78,84,-6,6
27879,146,140,6,6
27880,99,99,0,0
27881,76,75,1,1
27882,64,62,2,2
27883,48,55,-7,7
27884,89,88,1,1
27885,59,64,-5,5
27886,74,78,-4,4
27887,72,76,-4,4
27888,83,80,3,3
27889,83,75,8,8
27890,97,99,-2,2
27891,100,93,7,7
27892,181,174,7,7
27893,37,44,-7,7
27894,64,68,-4,4
27895,84,75,9,9
27896,68,69,-1,1
27897,54,57,-3,3
27898,85,84,1,1
27899,75,79,-4,4
27900,98,93,5,5
27901,147,134,13,13
27902,138,130,8,8
27903,61,63,-2,2
27904,83,90,-7,7
27905,158,138,20,20
27906,119,106,13,13
27907,88,83,5,5
27908,119,112,7,7
27909,118,103,15,15
27910,68,69,-1,1
27911,49,59,-10,10
27912,112,99,13,13
27913,113,102,11,11
27914,83,88,-5,5
27915,81,87,-6,6
27916,31,42,-11,11
27917,87,80,7,7
27918,144,136,8,8
27919,133,137,-4,4
27920,137,131,6,6
27921,95,96,-1,1
27922,80,81,-1,1
27923,109,103,6,6
27924,90,94,-4,4
27925,70,71,-1,1
27926,66,73,-7,7
27927,81,73,8,8
27928,156,148,8,8
27929,70,78,-8,8
27930,95,102,-7,7
27931,109,99,10,10
27932,61,105,-44,44
27933,40,42,-2,2
27934,138,143,-5,5
27935,96,90,6,6
27936,53,68,-15,15
27937,85,92,-7,7
27938,137,122,15,15
27939,113,107,6,6
27940,127,120,7,7
27941,77,74,3,3
27942,66,73,-7,7
27943,36,45,-9,9
27944,83,88,-5,5
27945,120,104,16,16
27946,55,66,-11,11
27947,61,69,-8,8
27948,68,68,0,0
27949,93,97,-4,4
27950,173,163,10,10
27951,58,67,-9,9
27952,75,79,-4,4
27953,83,74,9,9
27954,141,148,-7,7
27955,67,69,-2,2
27956,35,49,-14,14
27957,63,71,-8,8
27958,52,60,-8,8
27959,183,164,19,19
27960,52,56,-4,4
27961,72,72,0,0
27962,77,81,-4,4
27963,61,62,-1,1
27964,124,110,14,14
27965,78,82,-4,4
27966,123,119,4,4
27967,122,117,5,5
27968,88,90,-2,2
27969,74,80,-6,6
27970,66,72,-6,6
27971,69,80,-11,11
27972,92,92,0,0
27973,79,76,3,3
27974,45,70,-25,25
27975,115,109,6,6
27976,143,135,8,8
27977,99,101,-2,2
27978,129,131,-2,2
27979,103,102,1,1
27980,90,100,-10,10
27981,88,88,0,0
27982,123,123,0,0
27983,175,149,26,26
27984,95,91,4,4
27985,105,104,1,1
27986,65,71,-6,6
27987,66,64,2,2
27988,137,121,16,16
27989,84,89,-5,5
27990,110,102,8,8
27991,118,105,13,13
27992,114,110,4,4
27993,97,107,-10,10
27994,90,85,5,5
27995,124,124,0,0
27996,158,153,5,5
27997,67,89,-22,22
27998,96,93,3,3
27999,97,95,2,2
28000,108,103,5,5
28001,106,102,4,4
28002,56,59,-3,3
28003,69,73,-4,4
28004,41,53,-12,12
28005,67,68,-1,1
28006,172,162,10,10
28007,53,58,-5,5
28008,94,86,8,8
28009,121,113,8,8
28010,97,85,12,12
28011,91,96,-5,5
28012,117,95,22,22
28013,125,144,-19,19
28014,59,63,-4,4
28015,114,101,13,13
28016,87,82,5,5
28017,106,106,0,0
28018,77,80,-3,3
28019,135,115,20,20
28020,145,122,23,23
28021,72,73,-1,1
28022,53,65,-12,12
28023,149,134,15,15
28024,101,101,0,0
28025,76,64,12,12
28026,87,94,-7,7
28027,73,69,4,4
28028,107,103,4,4
28029,67,66,1,1
28030,67,75,-8,8
28031,80,82,-2,2
28032,91,91,0,0
28033,91,85,6,6
28034,104,114,-10,10
28035,66,62,4,4
28036,90,90,0,0
28037,71,81,-10,10
28038,118,101,17,17
28039,87,92,-5,5
28040,68,70,-2,2
28041,114,116,-2,2
28042,117,116,1,1
28043,130,116,14,14
28044,134,140,-6,6
28045,125,120,5,5
28046,74,72,2,2
28047,88,84,4,4
28048,56,75,-19,19
28049,116,109,7,7
28050,145,136,9,9
28051,75,70,5,5
28052,71,85,-14,14
28053,50,58,-8,8
28054,97,95,2,2
28055,55,54,1,1
28056,52,55,-3,3
28057,154,119,35,35
28058,132,120,12,12
28059,180,156,24,24
28060,68,72,-4,4
28061,86,87,-1,1
28062,147,146,1,1
28063,68,85,-17,17
28064,80,79,1,1
28065,98,89,9,9
28066,109,113,-4,4
28067,88,93,-5,5
28068,78,86,-8,8
28069,86,76,10,10
28070,42,51,-9,9
28071,74,87,-13,13
28072,137,131,6,6
28073,110,104,6,6
28074,76,87,-11,11
28075,64,69,-5,5
28076,150,135,15,15
28077,116,102,14,14
28078,74,77,-3,3
28079,69,68,1,1
28080,55,55,0,0
28081,114,119,-5,5
28082,178,174,4,4
28083,78,76,2,2
28084,71,71,0,0
28085,80,86,-6,6
28086,119,126,-7,7
28087,59,66,-7,7
28088,75,68,7,7
28089,77,89,-12,12
28090,64,75,-11,11
28091,118,108,10,10
28092,141,133,8,8
28093,144,145,-1,1
28094,118,113,5,5
28095,90,77,13,13
28096,96,95,1,1
28097,107,103,4,4
28098,141,146,-5,5
28099,71,63,8,8
28100,94,86,8,8
28101,196,167,29,29
28102,93,101,-8,8
28103,122,102,20,20
28104,78,83,-5,5
28105,83,97,-14,14
28106,84,79,5,5
28107,65,63,2,2
28108,165,157,8,8
28109,116,126,-10,10
28110,91,80,11,11
28111,69,67,2,2
28112,87,79,8,8
28113,94,99,-5,5
28114,113,107,6,6
28115,169,162,7,7
28116,112,99,13,13
28117,85,88,-3,3
28118,113,102,11,11
28119,145,128,17,17
28120,53,61,-8,8
28121,97,95,2,2
28122,102,106,-4,4
28123,107,114,-7,7
28124,88,84,4,4
28125,76,76,0,0
28126,46,54,-8,8
28127,83,85,-2,2
28128,99,94,5,5
28129,118,113,5,5
28130,85,78,7,7
28131,112,113,-1,1
28132,120,108,12,12
28133,246,202,44,44
28134,124,110,14,14
28135,64,72,-8,8
28136,118,104,14,14
28137,118,109,9,9
28138,78,81,-3,3
28139,74,81,-7,7
28140,86,83,3,3
28141,90,81,9,9
28142,132,138,-6,6
28143,125,116,9,9
28144,70,71,-1,1
28145,69,69,0,0
28146,119,111,8,8
28147,144,131,13,13
28148,172,153,19,19
28149,83,82,1,1
28150,99,91,8,8
28151,104,101,3,3
28152,127,122,5,5
28153,78,75,3,3
28154,110,98,12,12
28155,53,59,-6,6
28156,79,87,-8,8
28157,47,47,0,0
28158,123,125,-2,2
28159,132,126,6,6
28160,104,105,-1,1
28161,127,121,6,6
28162,105,91,14,14
28163,65,75,-10,10
28164,100,100,0,0
28165,192,162,30,30
28166,61,89,-28,28
28167,106,110,-4,4
28168,38,73,-35,35
28169,186,158,28,28
28170,166,149,17,17
28171,122,110,12,12
28172,141,136,5,5
28173,122,127,-5,5
28174,39,64,-25,25
28175,117,117,0,0
28176,128,120,8,8
28177,148,139,9,9
28178,118,112,6,6
28179,96,95,1,1
28180,72,79,-7,7
28181,76,72,4,4
28182,63,64,-1,1
28183,84,91,-7,7
28184,102,98,4,4
28185,75,76,-1,1
28186,92,92,0,0
28187,69,71,-2,2
28188,94,85,9,9
28189,70,69,1,1
28190,112,99,13,13
28191,87,80,7,7
28192,68,71,-3,3
28193,123,136,-13,13
28194,81,71,10,10
28195,116,124,-8,8
28196,82,86,-4,4
28197,149,126,23,23
28198,60,76,-16,16
28199,59,69,-10,10
28200,110,96,14,14
28201,89,121,-32,32
28202,114,108,6,6
28203,128,117,11,11
28204,57,67,-10,10
28205,77,84,-7,7
28206,85,86,-1,1
28207,194,185,9,9
28208,72,88,-16,16
28209,75,81,-6,6
28210,57,84,-27,27
28211,165,147,18,18
28212,99,97,2,2
28213,84,84,0,0
28214,89,93,-4,4
28215,64,70,-6,6
28216,115,119,-4,4
28217,81,87,-6,6
28218,96,102,-6,6
28219,134,130,4,4
28220,74,73,1,1
28221,121,137,-16,16
28222,81,93,-12,12
28223,58,61,-3,3
28224,77,72,5,5
28225,97,94,3,3
28226,66,67,-1,1
28227,104,101,3,3
28228,112,111,1,1
28229,59,63,-4,4
28230,151,134,17,17
28231,111,99,12,12
28232,133,126,7,7
28233,76,80,-4,4
28234,93,96,-3,3
28235,76,75,1,1
28236,85,80,5,5
28237,151,149,2,2
28238,76,79,-3,3
28239,79,77,2,2
28240,172,177,-5,5
28241,148,132,16,16
28242,89,90,-1,1
28243,87,79,8,8
28244,128,122,6,6
28245,71,66,5,5
28246,72,70,2,2
28247,77,81,-4,4
28248,100,96,4,4
28249,107,107,0,0
28250,86,85,1,1
28251,81,74,7,7
28252,93,92,1,1
28253,56,58,-2,2
28254,138,122,16,16
28255,77,82,-5,5
28256,175,163,12,12
28257,72,74,-2,2
28258,93,93,0,0
28259,92,86,6,6
28260,104,114,-10,10
28261,132,111,21,21
28262,81,85,-4,4
28263,71,76,-5,5
28264,140,143,-3,3
28265,102,95,7,7
28266,53,60,-7,7
28267,87,92,-5,5
28268,147,139,8,8
28269,93,101,-8,8
28270,65,70,-5,5
28271,154,142,12,12
28272,222,190,32,32
28273,107,96,11,11
28274,81,76,5,5
28275,59,66,-7,7
28276,63,66,-3,3
28277,100,99,1,1
28278,89,81,8,8
28279,70,69,1,1
28280,90,91,-1,1
28281,135,134,1,1
28282,112,104,8,8
28283,102,99,3,3
28284,126,130,-4,4
28285,87,91,-4,4
28286,98,97,1,1
28287,128,109,19,19
28288,54,61,-7,7
28289,88,88,0,0
28290,79,76,3,3
28291,177,156,21,21
28292,110,104,6,6
28293,68,76,-8,8
28294,126,123,3,3
28295,115,109,6,6
28296,105,108,-3,3
28297,86,84,2,2
28298,66,98,-32,32
28299,65,63,2,2
28300,78,86,-8,8
28301,87,86,1,1
28302,108,107,1,1
28303,46,61,-15,15
28304,106,103,3,3
28305,127,114,13,13
28306,137,135,2,2
28307,84,77,7,7
28308,73,82,-9,9
28309,70,70,0,0
28310,76,74,2,2
28311,84,83,1,1
28312,125,94,31,31
28313,73,79,-6,6
28314,176,163,13,13
28315,97,90,7,7
28316,128,121,7,7
28317,74,78,-4,4
28318,145,138,7,7
28319,93,95,-2,2
28320,70,74,-4,4
28321,67,80,-13,13
28322,84,85,-1,1
28323,59,64,-5,5
28324,92,90,2,2
28325,112,103,9,9
28326,51,57,-6,6
28327,56,61,-5,5
28328,92,91,1,1
28329,49,60,-11,11
28330,98,98,0,0
28331,71,78,-7,7
28332,72,77,-5,5
28333,68,78,-10,10
28334,87,92,-5,5
28335,121,112,9,9
28336,94,94,0,0
28337,76,85,-9,9
28338,112,103,9,9
28339,69,64,5,5
28340,113,111,2,2
28341,129,130,-1,1
28342,105,108,-3,3
28343,99,104,-5,5
28344,58,66,-8,8
28345,130,115,15,15
28346,85,83,2,2
28347,73,68,5,5
28348,56,56,0,0
28349,97,103,-6,6
28350,104,102,2,2
28351,73,77,-4,4
28352,111,101,10,10
28353,73,69,4,4
28354,98,90,8,8
28355,102,104,-2,2
28356,80,77,3,3
28357,47,54,-7,7
28358,102,108,-6,6
28359,76,77,-1,1
28360,69,80,-11,11
28361,85,88,-3,3
28362,111,117,-6,6
28363,34,43,-9,9
28364,137,134,3,3
28365,79,79,0,0
28366,72,80,-8,8
28367,62,72,-10,10
28368,91,90,1,1
28369,82,84,-2,2
28370,120,134,-14,14
28371,92,97,-5,5
28372,110,110,0,0
28373,122,114,8,8
28374,119,112,7,7
28375,183,169,14,14
28376,61,69,-8,8
28377,97,88,9,9
28378,117,114,3,3
28379,71,76,-5,5
28380,100,90,10,10
28381,119,108,11,11
28382,94,83,11,11
28383,94,97,-3,3
28384,97,84,13,13
28385,62,59,3,3
28386,74,76,-2,2
28387,104,105,-1,1
28388,143,139,4,4
28389,74,77,-3,3
28390,126,117,9,9
28391,64,79,-15,15
28392,97,89,8,8
28393,82,83,-1,1
28394,56,68,-12,12
28395,98,99,-1,1
28396,139,130,9,9
28397,102,103,-1,1
28398,100,101,-1,1
28399,115,99,16,16
28400,138,116,22,22
28401,39,49,-10,10
28402,132,129,3,3
28403,127,129,-2,2
28404,98,89,9,9
28405,83,75,8,8
28406,106,108,-2,2
28407,161,148,13,13
28408,77,69,8,8
28409,76,87,-11,11
28410,96,90,6,6
28411,107,106,1,1
28412,85,241,-156,156
28413,79,81,-2,2
28414,102,97,5,5
28415,57,59,-2,2
28416,79,82,-3,3
28417,76,89,-13,13
28418,82,86,-4,4
28419,56,60,-4,4
28420,84,81,3,3
28421,110,99,11,11
28422,183,160,23,23
28423,118,120,-2,2
28424,100,94,6,6
28425,109,97,12,12
28426,101,96,5,5
28427,57,68,-11,11
28428,89,105,-16,16
28429,148,132,16,16
28430,202,188,14,14
28431,137,142,-5,5
28432,91,88,3,3
28433,112,105,7,7
28434,68,72,-4,4
28435,83,81,2,2
28436,72,73,-1,1
28437,79,78,1,1
28438,116,110,6,6
28439,54,60,-6,6
28440,87,90,-3,3
28441,82,84,-2,2
28442,104,97,7,7
28443,126,119,7,7
28444,106,111,-5,5
28445,116,106,10,10
28446,91,96,-5,5
28447,77,76,1,1
28448,123,141,-18,18
28449,145,137,8,8
28450,88,84,4,4
28451,95,107,-12,12
28452,79,87,-8,8
28453,91,97,-6,6
28454,133,122,11,11
28455,165,169,-4,4
28456,61,63,-2,2
28457,63,70,-7,7
28458,120,114,6,6
28459,54,55,-1,1
28460,145,139,6,6
28461,130,127,3,3
28462,68,68,0,0
28463,55,61,-6,6
28464,90,87,3,3
28465,102,93,9,9
28466,52,57,-5,5
28467,102,100,2,2
28468,162,156,6,6
28469,85,93,-8,8
28470,81,83,-2,2
28471,57,56,1,1
28472,82,79,3,3
28473,135,93,42,42
28474,43,53,-10,10
28475,82,77,5,5
28476,66,72,-6,6
28477,102,101,1,1
28478,70,72,-2,2
28479,151,140,11,11
28480,127,123,4,4
28481,77,67,10,10
28482,137,122,15,15
28483,83,77,6,6
28484,183,163,20,20
28485,43,45,-2,2
28486,129,127,2,2
28487,58,61,-3,3
28488,73,77,-4,4
28489,67,64,3,3
28490,57,65,-8,8
28491,133,140,-7,7
28492,76,80,-4,4
28493,87,87,0,0
28494,76,79,-3,3
28495,99,88,11,11
28496,95,95,0,0
28497,56,63,-7,7
28498,146,136,10,10
28499,123,108,15,15
28500,93,115,-22,22
28501,71,74,-3,3
28502,97,92,5,5
28503,122,108,14,14
28504,97,97,0,0
28505,86,83,3,3
28506,87,89,-2,2
28507,134,121,13,13
28508,99,102,-3,3
28509,135,126,9,9
28510,85,82,3,3
28511,132,130,2,2
28512,54,61,-7,7
28513,77,85,-8,8
28514,63,71,-8,8
28515,138,135,3,3
28516,58,64,-6,6
28517,141,127,14,14
28518,161,154,7,7
28519,105,112,-7,7
28520,107,110,-3,3
28521,153,154,-1,1
28522,90,90,0,0
28523,147,144,3,3
28524,92,95,-3,3
28525,34,29,5,5
28526,90,95,-5,5
28527,50,60,-10,10
28528,83,79,4,4
28529,127,134,-7,7
28530,59,59,0,0
28531,57,66,-9,9
28532,115,115,0,0
28533,91,95,-4,4
28534,143,128,15,15
28535,119,109,10,10
28536,97,97,0,0
28537,155,145,10,10
28538,128,117,11,11
28539,67,70,-3,3
28540,60,66,-6,6
28541,103,96,7,7
28542,128,116,12,12
28543,100,95,5,5
28544,71,73,-2,2
28545,85,86,-1,1
28546,74,74,0,0
28547,172,138,34,34
28548,73,74,-1,1
28549,51,56,-5,5
28550,76,79,-3,3
28551,110,106,4,4
28552,125,106,19,19
28553,49,62,-13,13
28554,145,132,13,13
28555,81,79,2,2
28556,79,96,-17,17
28557,108,104,4,4
28558,95,91,4,4
28559,66,62,4,4
28560,78,77,1,1
28561,41,51,-10,10
28562,89,81,8,8
28563,60,66,-6,6
28564,88,82,6,6
28565,54,66,-12,12
28566,112,102,10,10
28567,135,117,18,18
28568,123,116,7,7
28569,76,93,-17,17
28570,82,80,2,2
28571,38,49,-11,11
28572,51,57,-6,6
28573,33,51,-18,18
28574,100,95,5,5
28575,64,74,-10,10
28576,98,100,-2,2
28577,104,98,6,6
28578,108,108,0,0
28579,112,107,5,5
28580,54,62,-8,8
28581,75,78,-3,3
28582,89,96,-7,7
28583,137,123,14,14
28584,66,63,3,3
28585,81,83,-2,2
28586,91,95,-4,4
28587,84,85,-1,1
28588,52,56,-4,4
28589,64,73,-9,9
28590,176,166,10,10
28591,59,67,-8,8
28592,70,70,0,0
28593,69,68,1,1
28594,83,103,-20,20
28595,71,77,-6,6
28596,61,66,-5,5
28597,65,66,-1,1
28598,94,108,-14,14
28599,53,58,-5,5
28600,66,63,3,3
28601,93,92,1,1
28602,66,67,-1,1
28603,75,73,2,2
28604,96,101,-5,5
28605,66,64,2,2
28606,158,117,41,41
28607,80,73,7,7
28608,67,66,1,1
28609,67,71,-4,4
28610,79,79,0,0
28611,57,64,-7,7
28612,66,73,-7,7
28613,44,51,-7,7
28614,59,62,-3,3
28615,150,135,15,15
28616,128,121,7,7
28617,74,76,-2,2
28618,38,57,-19,19
28619,51,57,-6,6
28620,123,119,4,4
28621,61,61,0,0
28622,77,69,8,8
28623,61,67,-6,6
28624,94,91,3,3
28625,104,107,-3,3
28626,62,74,-12,12
28627,115,105,10,10
28628,122,104,18,18
28629,96,97,-1,1
28630,84,84,0,0
28631,119,108,11,11
28632,99,94,5,5
28633,85,85,0,0
28634,118,107,11,11
28635,144,124,20,20
28636,54,59,-5,5
28637,152,134,18,18
28638,47,56,-9,9
28639,67,67,0,0
28640,81,81,0,0
28641,125,120,5,5
28642,104,95,9,9
28643,63,74,-11,11
28644,71,66,5,5
28645,56,66,-10,10
28646,144,139,5,5
28647,125,132,-7,7
28648,64,62,2,2
28649,108,96,12,12
28650,87,81,6,6
28651,66,75,-9,9
28652,83,87,-4,4
28653,102,97,5,5
28654,120,116,4,4
28655,114,110,4,4
28656,114,108,6,6
28657,148,142,6,6
28658,100,97,3,3
28659,76,75,1,1
28660,53,64,-11,11
28661,104,105,-1,1
28662,101,105,-4,4
28663,93,93,0,0
28664,50,55,-5,5
28665,47,56,-9,9
28666,137,124,13,13
28667,109,102,7,7
28668,83,95,-12,12
28669,32,39,-7,7
28670,69,67,2,2
28671,92,88,4,4
28672,78,84,-6,6
28673,96,109,-13,13
28674,92,88,4,4
28675,53,55,-2,2
28676,144,139,5,5
28677,107,97,10,10
28678,112,108,4,4
28679,72,67,5,5
28680,108,99,9,9
28681,84,79,5,5
28682,54,61,-7,7
28683,82,108,-26,26
28684,98,89,9,9
28685,73,78,-5,5
28686,50,61,-11,11
28687,89,89,0,0
28688,66,67,-1,1
28689,140,142,-2,2
28690,97,95,2,2
28691,77,84,-7,7
28692,106,84,22,22
28693,73,76,-3,3
28694,122,113,9,9
28695,80,78,2,2
28696,60,65,-5,5
28697,90,83,7,7
28698,83,85,-2,2
28699,86,88,-2,2
28700,33,33,0,0
28701,134,125,9,9
28702,117,115,2,2
28703,60,63,-3,3
28704,116,108,8,8
28705,110,114,-4,4
28706,129,126,3,3
28707,88,87,1,1
28708,76,75,1,1
28709,171,157,14,14
28710,98,86,12,12
28711,100,95,5,5
28712,66,63,3,3
28713,140,125,15,15
28714,101,86,15,15
28715,61,62,-1,1
28716,89,86,3,3
28717,93,94,-1,1
28718,101,93,8,8
28719,63,74,-11,11
28720,85,88,-3,3
28721,94,97,-3,3
28722,114,130,-16,16
28723,104,107,-3,3
28724,78,78,0,0
28725,108,122,-14,14
28726,57,60,-3,3
28727,38,53,-15,15
28728,69,77,-8,8
28729,106,103,3,3
28730,77,78,-1,1
28731,235,220,15,15
28732,98,100,-2,2
28733,111,105,6,6
28734,70,88,-18,18
28735,102,97,5,5
28736,92,95,-3,3
28737,67,75,-8,8
28738,83,90,-7,7
28739,71,73,-2,2
28740,92,76,16,16
28741,59,66,-7,7
28742,90,88,2,2
28743,71,71,0,0
28744,52,62,-10,10
28745,109,94,15,15
28746,105,112,-7,7
28747,79,77,2,2
28748,81,75,6,6
28749,84,87,-3,3
28750,80,75,5,5
28751,56,68,-12,12
28752,84,81,3,3
28753,44,54,-10,10
28754,85,85,0,0
28755,62,70,-8,8
28756,83,79,4,4
28757,59,77,-18,18
28758,92,86,6,6
28759,99,103,-4,4
28760,131,145,-14,14
28761,58,63,-5,5
28762,164,147,17,17
28763,132,117,15,15
28764,73,72,1,1
28765,82,84,-2,2
28766,57,65,-8,8
28767,97,104,-7,7
28768,26,39,-13,13
28769,107,97,10,10
28770,88,82,6,6
28771,84,85,-1,1
28772,82,86,-4,4
28773,141,147,-6,6
28774,78,75,3,3
28775,146,139,7,7
28776,84,80,4,4
28777,93,86,7,7
28778,74,76,-2,2
28779,139,126,13,13
28780,125,123,2,2
28781,65,71,-6,6
28782,101,104,-3,3
28783,114,118,-4,4
28784,54,63,-9,9
28785,99,93,6,6
28786,83,86,-3,3
28787,128,120,8,8
28788,90,94,-4,4
28789,77,78,-1,1
28790,68,62,6,6
28791,78,92,-14,14
28792,76,77,-1,1
28793,85,83,2,2
28794,106,107,-1,1
28795,207,170,37,37
28796,105,103,2,2
28797,110,111,-1,1
28798,86,81,5,5
28799,166,129,37,37
28800,118,113,5,5
28801,99,95,4,4
28802,80,88,-8,8
28803,27,48,-21,21
28804,125,107,18,18
28805,92,92,0,0
28806,85,80,5,5
28807,91,93,-2,2
28808,61,62,-1,1
28809,86,80,6,6
28810,50,56,-6,6
28811,101,102,-1,1
28812,79,69,10,10
28813,82,97,-15,15
28814,63,60,3,3
28815,100,95,5,5
28816,103,86,17,17
28817,150,138,12,12
28818,86,77,9,9
28819,72,81,-9,9
28820,54,61,-7,7
28821,136,132,4,4
28822,60,62,-2,2
28823,118,108,10,10
28824,64,61,3,3
28825,78,75,3,3
28826,76,71,5,5
28827,145,139,6,6
28828,62,74,-12,12
28829,98,99,-1,1
28830,100,100,0,0
28831,142,132,10,10
28832,77,88,-11,11
28833,81,92,-11,11
28834,79,81,-2,2
28835,78,78,0,0
28836,84,90,-6,6
28837,63,62,1,1
28838,94,91,3,3
28839,89,87,2,2
28840,78,79,-1,1
28841,132,137,-5,5
28842,151,135,16,16
28843,156,142,14,14
28844,41,61,-20,20
28845,106,104,2,2
28846,99,98,1,1
28847,42,53,-11,11
28848,79,74,5,5
28849,60,77,-17,17
28850,136,139,-3,3
28851,130,125,5,5
28852,136,138,-2,2
28853,81,75,6,6
28854,112,106,6,6
28855,60,67,-7,7
28856,93,79,14,14
28857,103,105,-2,2
28858,180,160,20,20
28859,93,88,5,5
28860,172,156,16,16
28861,95,105,-10,10
28862,79,88,-9,9
28863,55,63,-8,8
28864,105,105,0,0
28865,118,110,8,8
28866,111,107,4,4
28867,66,73,-7,7
28868,146,126,20,20
28869,81,109,-28,28
28870,75,73,2,2
28871,79,84,-5,5
28872,64,66,-2,2
28873,97,98,-1,1
28874,103,100,3,3
28875,68,72,-4,4
28876,74,81,-7,7
28877,80,74,6,6
28878,90,75,15,15
28879,59,60,-1,1
28880,109,108,1,1
28881,90,87,3,3
28882,71,78,-7,7
28883,108,104,4,4
28884,83,77,6,6
28885,130,120,10,10
28886,85,90,-5,5
28887,49,62,-13,13
28888,73,73,0,0
28889,104,103,1,1
28890,131,125,6,6
28891,69,72,-3,3
28892,102,98,4,4
28893,74,75,-1,1
28894,58,62,-4,4
28895,167,149,18,18
28896,144,134,10,10
28897,108,107,1,1
28898,70,73,-3,3
28899,84,85,-1,1
28900,50,56,-6,6
28901,68,74,-6,6
28902,128,129,-1,1
28903,106,104,2,2
28904,63,68,-5,5
28905,61,92,-31,31
28906,82,79,3,3
28907,100,103,-3,3
28908,92,93,-1,1
28909,75,81,-6,6
28910,132,126,6,6
28911,85,92,-7,7
28912,183,163,20,20
28913,115,105,10,10
28914,125,122,3,3
28915,99,97,2,2
28916,102,100,2,2
28917,125,125,0,0
28918,75,76,-1,1
28919,173,161,12,12
28920,66,73,-7,7
28921,90,81,9,9
28922,88,87,1,1
28923,124,119,5,5
28924,70,69,1,1
28925,93,88,5,5
28926,64,62,2,2
28927,60,58,2,2
28928,134,132,2,2
28929,104,96,8,8
28930,44,53,-9,9
28931,109,94,15,15
28932,68,67,1,1
28933,81,82,-1,1
28934,103,105,-2,2
28935,99,100,-1,1
28936,80,79,1,1
28937,104,104,0,0
28938,67,74,-7,7
28939,126,117,9,9
28940,53,59,-6,6
28941,135,125,10,10
28942,95,86,9,9
28943,95,98,-3,3
28944,63,70,-7,7
28945,140,121,19,19
28946,71,82,-11,11
28947,79,79,0,0
28948,47,80,-33,33
28949,87,98,-11,11
28950,57,64,-7,7
28951,81,80,1,1
28952,53,57,-4,4
28953,88,95,-7,7
28954,109,108,1,1
28955,85,88,-3,3
28956,114,107,7,7
28957,81,84,-3,3
28958,85,94,-9,9
28959,95,95,0,0
28960,61,73,-12,12
28961,65,67,-2,2
28962,47,64,-17,17
28963,57,60,-3,3
28964,66,77,-11,11
28965,86,91,-5,5
28966,76,76,0,0
28967,143,126,17,17
28968,79,96,-17,17
28969,87,78,9,9
28970,99,95,4,4
28971,103,111,-8,8
28972,83,77,6,6
28973,116,110,6,6
28974,128,126,2,2
28975,159,151,8,8
28976,113,101,12,12
28977,124,114,10,10
28978,81,87,-6,6
28979,66,60,6,6
28980,82,68,14,14
28981,58,68,-10,10
28982,101,106,-5,5
28983,67,78,-11,11
28984,97,85,12,12
28985,78,82,-4,4
28986,104,104,0,0
28987,117,113,4,4
28988,82,92,-10,10
28989,125,124,1,1
28990,152,146,6,6
28991,92,96,-4,4
28992,128,115,13,13
28993,68,73,-5,5
28994,101,95,6,6
28995,96,98,-2,2
28996,98,97,1,1
28997,134,118,16,16
28998,106,108,-2,2
28999,54,58,-4,4
29000,88,96,-8,8
29001,66,65,1,1
29002,99,96,3,3
29003,82,87,-5,5
29004,118,119,-1,1
29005,66,66,0,0
29006,96,91,5,5
29007,139,131,8,8
29008,25,29,-4,4
29009,123,110,13,13
29010,130,119,11,11
29011,92,87,5,5
29012,80,79,1,1
29013,67,63,4,4
29014,71,71,0,0
29015,92,94,-2,2
29016,113,98,15,15
29017,67,81,-14,14
29018,58,65,-7,7
29019,39,89,-50,50
29020,78,84,-6,6
29021,113,97,16,16
29022,50,56,-6,6
29023,66,65,1,1
29024,88,88,0,0
29025,88,98,-10,10
29026,131,119,12,12
29027,64,80,-16,16
29028,91,89,2,2
29029,101,90,11,11
29030,110,104,6,6
29031,56,67,-11,11
29032,77,79,-2,2
29033,129,122,7,7
29034,91,103,-12,12
29035,97,100,-3,3
29036,98,98,0,0
29037,75,77,-2,2
29038,109,91,18,18
29039,64,74,-10,10
29040,71,75,-4,4
29041,54,60,-6,6
29042,59,66,-7,7
29043,145,137,8,8
29044,86,79,7,7
29045,56,58,-2,2
29046,79,86,-7,7
29047,114,113,1,1
29048,65,75,-10,10
29049,104,94,10,10
29050,61,71,-10,10
29051,155,151,4,4
29052,106,100,6,6
29053,48,65,-17,17
29054,173,139,34,34
29055,31,50,-19,19
29056,87,91,-4,4
29057,147,143,4,4
29058,79,81,-2,2
29059,92,102,-10,10
29060,100,88,12,12
29061,118,128,-10,10
29062,83,81,2,2
29063,72,75,-3,3
29064,101,93,8,8
29065,83,85,-2,2
29066,94,93,1,1
29067,103,107,-4,4
29068,73,75,-2,2
29069,179,163,16,16
29070,115,102,13,13
29071,85,81,4,4
29072,101,98,3,3
29073,130,126,4,4
29074,155,156,-1,1
29075,65,66,-1,1
29076,116,118,-2,2
29077,71,78,-7,7
29078,78,85,-7,7
29079,129,129,0,0
29080,78,74,4,4
29081,141,124,17,17
29082,139,122,17,17
29083,90,86,4,4
29084,174,158,16,16
29085,92,90,2,2
29086,76,77,-1,1
29087,40,52,-12,12
29088,36,40,-4,4
29089,78,76,2,2
29090,89,91,-2,2
29091,63,70,-7,7
29092,79,76,3,3
29093,127,112,15,15
29094,61,69,-8,8
29095,118,78,40,40
29096,112,101,11,11
29097,131,122,9,9
29098,78,79,-1,1
29099,95,93,2,2
29100,75,77,-2,2
29101,170,154,16,16
29102,97,99,-2,2
29103,62,66,-4,4
29104,130,119,11,11
29105,116,127,-11,11
29106,72,79,-7,7
29107,89,85,4,4
29108,95,98,-3,3
29109,82,82,0,0
29110,54,64,-10,10
29111,102,98,4,4
29112,106,100,6,6
29113,138,129,9,9
29114,90,94,-4,4
29115,53,68,-15,15
29116,111,96,15,15
29117,91,89,2,2
29118,84,89,-5,5
29119,116,102,14,14
29120,119,111,8,8
29121,82,84,-2,2
29122,102,95,7,7
29123,64,68,-4,4
29124,40,57,-17,17
29125,104,105,-1,1
29126,73,76,-3,3
29127,92,89,3,3
29128,127,108,19,19
29129,155,145,10,10
29130,82,82,0,0
29131,86,86,0,0
29132,61,59,2,2
29133,136,121,15,15
29134,123,127,-4,4
29135,40,57,-17,17
29136,103,94,9,9
29137,145,143,2,2
29138,92,96,-4,4
29139,60,81,-21,21
29140,71,72,-1,1
29141,63,67,-4,4
29142,51,58,-7,7
29143,92,91,1,1
29144,48,58,-10,10
29145,66,58,8,8
29146,165,147,18,18
29147,114,106,8,8
29148,48,55,-7,7
29149,121,107,14,14
29150,134,128,6,6
29151,68,69,-1,1
29152,34,53,-19,19
29153,68,68,0,0
29154,72,77,-5,5
29155,63,67,-4,4
29156,59,70,-11,11
29157,94,96,-2,2
29158,59,62,-3,3
29159,77,86,-9,9
29160,119,106,13,13
29161,134,129,5,5
29162,120,116,4,4
29163,90,85,5,5
29164,79,79,0,0
29165,70,72,-2,2
29166,103,98,5,5
29167,111,95,16,16
29168,62,66,-4,4
29169,139,120,19,19
29170,138,136,2,2
29171,213,198,15,15
29172,73,75,-2,2
29173,116,112,4,4
29174,135,135,0,0
29175,77,73,4,4
29176,89,81,8,8
29177,40,45,-5,5
29178,82,77,5,5
29179,101,106,-5,5
29180,81,95,-14,14
29181,159,150,9,9
29182,89,93,-4,4
29183,74,82,-8,8
29184,106,101,5,5
29185,53,66,-13,13
29186,98,116,-18,18
29187,96,92,4,4
29188,116,118,-2,2
29189,68,72,-4,4
29190,74,76,-2,2
29191,167,160,7,7
29192,90,98,-8,8
29193,106,99,7,7
29194,62,59,3,3
29195,46,56,-10,10
29196,68,79,-11,11
29197,73,74,-1,1
29198,78,78,0,0
29199,58,62,-4,4
29200,129,119,10,10
29201,79,90,-11,11
29202,92,88,4,4
29203,34,54,-20,20
29204,81,59,22,22
29205,73,69,4,4
29206,171,162,9,9
29207,90,98,-8,8
29208,70,82,-12,12
29209,199,187,12,12
29210,68,68,0,0
29211,161,149,12,12
29212,46,49,-3,3
29213,61,67,-6,6
29214,112,105,7,7
29215,133,117,16,16
29216,91,82,9,9
29217,80,90,-10,10
29218,160,128,32,32
29219,90,88,2,2
29220,103,93,10,10
29221,87,77,10,10
29222,148,132,16,16
29223,183,123,60,60
29224,87,83,4,4
29225,161,145,16,16
29226,80,78,2,2
29227,128,126,2,2
29228,123,118,5,5
29229,159,143,16,16
29230,48,52,-4,4
29231,77,83,-6,6
29232,87,86,1,1
29233,53,57,-4,4
29234,118,110,8,8
29235,89,75,14,14
29236,76,77,-1,1
29237,145,130,15,15
29238,125,107,18,18
29239,97,104,-7,7
29240,49,57,-8,8
29241,62,78,-16,16
29242,81,85,-4,4
29243,136,133,3,3
29244,100,100,0,0
29245,187,187,0,0
29246,105,106,-1,1
29247,176,153,23,23
29248,113,109,4,4
29249,115,114,1,1
29250,86,89,-3,3
29251,120,106,14,14
29252,74,82,-8,8
29253,86,95,-9,9
29254,99,109,-10,10
29255,70,69,1,1
29256,109,109,0,0
29257,110,102,8,8
29258,102,102,0,0
29259,156,141,15,15
29260,107,106,1,1
29261,53,61,-8,8
29262,121,112,9,9
29263,97,94,3,3
29264,103,110,-7,7
29265,66,66,0,0
29266,108,121,-13,13
29267,59,67,-8,8
29268,64,72,-8,8
29269,70,73,-3,3
29270,86,82,4,4
29271,118,107,11,11
29272,61,69,-8,8
29273,120,107,13,13
29274,112,102,10,10
29275,176,146,30,30
29276,61,66,-5,5
29277,89,99,-10,10
29278,115,101,14,14
29279,112,101,11,11
29280,110,105,5,5
29281,92,91,1,1
29282,124,111,13,13
29283,60,62,-2,2
29284,70,69,1,1
29285,98,89,9,9
29286,77,79,-2,2
29287,60,60,0,0
29288,149,144,5,5
29289,135,126,9,9
29290,71,72,-1,1
29291,47,59,-12,12
29292,141,125,16,16
29293,76,85,-9,9
29294,85,79,6,6
29295,66,70,-4,4
29296,86,87,-1,1
29297,144,134,10,10
29298,74,81,-7,7
29299,181,163,18,18
29300,79,82,-3,3
29301,106,97,9,9
29302,138,125,13,13
29303,91,76,15,15
29304,76,76,0,0
29305,140,124,16,16
29306,77,79,-2,2
29307,54,67,-13,13
29308,71,76,-5,5
29309,110,96,14,14
29310,90,86,4,4
29311,116,118,-2,2
29312,83,83,0,0
29313,59,70,-11,11
29314,92,90,2,2
29315,144,131,13,13
29316,67,62,5,5
29317,105,99,6,6
29318,62,65,-3,3
29319,136,124,12,12
29320,111,109,2,2
29321,64,73,-9,9
29322,73,64,9,9
29323,86,93,-7,7
29324,84,84,0,0
29325,74,78,-4,4
29326,135,127,8,8
29327,119,110,9,9
29328,83,89,-6,6
29329,102,99,3,3
29330,84,91,-7,7
29331,66,114,-48,48
29332,47,50,-3,3
29333,97,90,7,7
29334,106,104,2,2
29335,75,77,-2,2
29336,108,116,-8,8
29337,154,143,11,11
29338,91,86,5,5
29339,75,82,-7,7
29340,155,136,19,19
29341,75,87,-12,12
29342,211,178,33,33
29343,69,68,1,1
29344,52,59,-7,7
29345,84,73,11,11
29346,89,89,0,0
29347,79,77,2,2
29348,78,81,-3,3
29349,90,87,3,3
29350,305,252,53,53
29351,83,88,-5,5
29352,193,179,14,14
29353,124,125,-1,1
29354,46,50,-4,4
29355,85,79,6,6
29356,84,89,-5,5
29357,98,96,2,2
29358,72,77,-5,5
29359,60,67,-7,7
29360,102,97,5,5
29361,92,89,3,3
29362,102,101,1,1
29363,74,86,-12,12
29364,114,104,10,10
29365,86,95,-9,9
29366,114,111,3,3
29367,151,155,-4,4
29368,91,90,1,1
29369,78,72,6,6
29370,153,143,10,10
29371,80,93,-13,13
29372,108,107,1,1
29373,88,78,10,10
29374,153,135,18,18
29375,71,81,-10,10
29376,95,97,-2,2
29377,127,114,13,13
29378,139,143,-4,4
29379,46,54,-8,8
29380,124,117,7,7
29381,93,94,-1,1
29382,114,103,11,11
29383,93,88,5,5
29384,67,67,0,0
29385,110,106,4,4
29386,63,68,-5,5
29387,70,68,2,2
29388,87,85,2,2
29389,122,115,7,7
29390,107,108,-1,1
29391,153,140,13,13
29392,94,95,-1,1
29393,101,99,2,2
29394,78,82,-4,4
29395,82,94,-12,12
29396,88,86,2,2
29397,94,88,6,6
29398,37,55,-18,18
29399,67,69,-2,2
29400,85,84,1,1
29401,105,91,14,14
29402,40,62,-22,22
29403,194,165,29,29
29404,123,120,3,3
29405,87,81,6,6
29406,102,97,5,5
29407,145,131,14,14
29408,68,69,-1,1
29409,159,134,25,25
29410,82,83,-1,1
29411,83,75,8,8
29412,82,82,0,0
29413,69,66,3,3
29414,103,100,3,3
29415,105,102,3,3
29416,100,108,-8,8
29417,55,57,-2,2
29418,80,83,-3,3
29419,73,80,-7,7
29420,51,39,12,12
29421,124,119,5,5
29422,52,58,-6,6
29423,115,129,-14,14
29424,116,107,9,9
29425,101,103,-2,2
29426,63,58,5,5
29427,52,61,-9,9
29428,84,78,6,6
29429,142,140,2,2
29430,71,76,-5,5
29431,82,94,-12,12
29432,85,93,-8,8
29433,74,74,0,0
29434,61,55,6,6
29435,107,107,0,0
29436,98,96,2,2
29437,80,83,-3,3
29438,69,79,-10,10
29439,64,69,-5,5
29440,137,126,11,11
29441,77,76,1,1
29442,94,105,-11,11
29443,86,85,1,1
29444,60,68,-8,8
29445,54,69,-15,15
29446,62,67,-5,5
29447,86,95,-9,9
29448,60,62,-2,2
29449,64,67,-3,3
29450,91,94,-3,3
29451,71,69,2,2
29452,78,89,-11,11
29453,104,99,5,5
29454,103,103,0,0
29455,167,167,0,0
29456,129,109,20,20
29457,125,154,-29,29
29458,108,111,-3,3
29459,77,80,-3,3
29460,121,122,-1,1
29461,77,76,1,1
29462,61,72,-11,11
29463,67,70,-3,3
29464,96,91,5,5
29465,113,119,-6,6
29466,70,72,-2,2
29467,79,74,5,5
29468,91,94,-3,3
29469,86,93,-7,7
29470,74,75,-1,1
29471,78,84,-6,6
29472,117,97,20,20
29473,82,73,9,9
29474,79,82,-3,3
29475,138,146,-8,8
29476,92,85,7,7
29477,69,69,0,0
29478,81,91,-10,10
29479,73,77,-4,4
29480,100,102,-2,2
29481,51,53,-2,2
29482,60,66,-6,6
29483,109,101,8,8
29484,131,127,4,4
29485,71,76,-5,5
29486,77,85,-8,8
29487,97,106,-9,9
29488,69,70,-1,1
29489,124,114,10,10
29490,69,70,-1,1
29491,131,121,10,10
29492,87,90,-3,3
29493,178,166,12,12
29494,111,108,3,3
29495,122,105,17,17
29496,155,141,14,14
29497,136,110,26,26
29498,113,120,-7,7
29499,64,72,-8,8
29500,111,107,4,4
29501,94,95,-1,1
29502,58,66,-8,8
29503,89,82,7,7
29504,82,80,2,2
29505,87,95,-8,8
29506,50,63,-13,13
29507,79,77,2,2
29508,140,121,19,19
29509,134,185,-51,51
29510,119,107,12,12
29511,140,140,0,0
29512,119,114,5,5
29513,52,58,-6,6
29514,124,130,-6,6
29515,131,101,30,30
29516,45,55,-10,10
29517,70,70,0,0
29518,99,98,1,1
29519,82,79,3,3
29520,73,71,2,2
29521,120,126,-6,6
29522,107,111,-4,4
29523,88,89,-1,1
29524,82,81,1,1
29525,59,61,-2,2
29526,90,96,-6,6
29527,56,67,-11,11
29528,113,109,4,4
29529,78,72,6,6
29530,61,71,-10,10
29531,89,89,0,0
29532,44,56,-12,12
29533,62,63,-1,1
29534,111,109,2,2
29535,75,77,-2,2
29536,74,75,-1,1
29537,79,73,6,6
29538,89,91,-2,2
29539,94,94,0,0
29540,116,107,9,9
29541,120,111,9,9
29542,180,160,20,20
29543,48,51,-3,3
29544,85,84,1,1
29545,112,103,9,9
29546,114,99,15,15
29547,78,79,-1,1
29548,111,121,-10,10
29549,71,75,-4,4
29550,64,71,-7,7
29551,47,52,-5,5
29552,85,90,-5,5
29553,90,97,-7,7
29554,137,119,18,18
29555,138,139,-1,1
29556,64,61,3,3
29557,78,77,1,1
29558,42,46,-4,4
29559,98,96,2,2
29560,59,55,4,4
29561,76,86,-10,10
29562,106,100,6,6
29563,33,40,-7,7
29564,121,123,-2,2
29565,108,97,11,11
29566,76,81,-5,5
29567,64,64,0,0
29568,73,66,7,7
29569,112,104,8,8
29570,105,98,7,7
29571,59,72,-13,13
29572,205,170,35,35
29573,78,86,-8,8
29574,79,87,-8,8
29575,123,121,2,2
29576,83,86,-3,3
29577,115,115,0,0
29578,75,77,-2,2
29579,86,89,-3,3
29580,111,126,-15,15
29581,82,106,-24,24
29582,157,150,7,7
29583,58,63,-5,5
29584,101,97,4,4
29585,99,96,3,3
29586,96,95,1,1
29587,133,142,-9,9
29588,93,93,0,0
29589,79,76,3,3
29590,87,73,14,14
29591,101,106,-5,5
29592,73,74,-1,1
29593,76,77,-1,1
29594,110,96,14,14
29595,100,98,2,2
29596,87,88,-1,1
29597,126,129,-3,3
29598,81,75,6,6
29599,70,81,-11,11
29600,139,138,1,1
29601,74,75,-1,1
29602,147,118,29,29
29603,92,87,5,5
29604,133,110,23,23
29605,87,86,1,1
29606,96,98,-2,2
29607,70,97,-27,27
29608,75,83,-8,8
29609,121,111,10,10
29610,88,86,2,2
29611,96,97,-1,1
29612,196,135,61,61
29613,90,93,-3,3
29614,110,105,5,5
29615,59,61,-2,2
29616,131,121,10,10
29617,56,60,-4,4
29618,98,102,-4,4
29619,94,89,5,5
29620,73,80,-7,7
29621,52,53,-1,1
29622,97,89,8,8
29623,119,110,9,9
29624,94,84,10,10
29625,144,139,5,5
29626,128,118,10,10
29627,81,77,4,4
29628,101,92,9,9
29629,138,126,12,12
29630,68,68,0,0
29631,124,100,24,24
29632,61,78,-17,17
29633,118,103,15,15
29634,69,74,-5,5
29635,84,86,-2,2
29636,175,153,22,22
29637,54,59,-5,5
29638,72,82,-10,10
29639,82,75,7,7
29640,102,94,8,8
29641,107,101,6,6
29642,110,105,5,5
29643,128,120,8,8
29644,132,132,0,0
29645,80,78,2,2
29646,60,68,-8,8
29647,54,62,-8,8
29648,89,93,-4,4
29649,90,96,-6,6
29650,62,80,-18,18
29651,64,82,-18,18
29652,74,72,2,2
29653,123,194,-71,71
29654,77,77,0,0
29655,79,76,3,3
29656,88,89,-1,1
29657,77,86,-9,9
29658,96,100,-4,4
29659,80,81,-1,1
29660,104,102,2,2
29661,46,55,-9,9
29662,70,79,-9,9
29663,93,98,-5,5
29664,103,97,6,6
29665,117,103,14,14
29666,80,83,-3,3
29667,93,92,1,1
29668,88,93,-5,5
29669,101,95,6,6
29670,69,73,-4,4
29671,97,93,4,4
29672,56,61,-5,5
29673,101,96,5,5
29674,122,114,8,8
29675,95,98,-3,3
29676,113,108,5,5
29677,150,130,20,20
29678,164,160,4,4
29679,87,88,-1,1
29680,128,119,9,9
29681,66,71,-5,5
29682,68,64,4,4
29683,120,111,9,9
29684,151,149,2,2
29685,72,69,3,3
29686,89,95,-6,6
29687,231,204,27,27
29688,49,68,-19,19
29689,68,67,1,1
29690,81,79,2,2
29691,96,98,-2,2
29692,123,110,13,13
29693,88,86,2,2
29694,188,170,18,18
29695,78,72,6,6
29696,78,79,-1,1
29697,105,106,-1,1
29698,102,98,4,4
29699,74,84,-10,10
29700,74,80,-6,6
29701,63,73,-10,10
29702,106,102,4,4
29703,90,85,5,5
29704,100,97,3,3
29705,106,100,6,6
29706,74,78,-4,4
29707,75,80,-5,5
29708,119,126,-7,7
29709,115,110,5,5
29710,125,108,17,17
29711,106,103,3,3
29712,113,111,2,2
29713,81,80,1,1
29714,84,79,5,5
29715,79,89,-10,10
29716,129,119,10,10
29717,55,59,-4,4
29718,99,100,-1,1
29719,88,95,-7,7
29720,129,109,20,20
29721,92,92,0,0
29722,113,112,1,1
29723,67,69,-2,2
29724,96,105,-9,9
29725,64,74,-10,10
29726,132,142,-10,10
29727,172,152,20,20
29728,104,104,0,0
29729,83,77,6,6
29730,70,84,-14,14
29731,104,99,5,5
29732,78,72,6,6
29733,66,83,-17,17
29734,81,82,-1,1
29735,63,70,-7,7
29736,74,81,-7,7
29737,109,94,15,15
29738,70,71,-1,1
29739,91,83,8,8
29740,95,94,1,1
29741,76,80,-4,4
29742,68,69,-1,1
29743,92,90,2,2
29744,65,69,-4,4
29745,36,48,-12,12
29746,105,104,1,1
29747,110,105,5,5
29748,121,111,10,10
29749,49,52,-3,3
29750,98,85,13,13
29751,117,108,9,9
29752,52,100,-48,48
29753,84,87,-3,3
29754,148,139,9,9
29755,63,66,-3,3
29756,63,74,-11,11
29757,92,95,-3,3
29758,85,81,4,4
29759,93,89,4,4
29760,88,76,12,12
29761,80,82,-2,2
29762,83,84,-1,1
29763,61,70,-9,9
29764,76,78,-2,2
29765,81,87,-6,6
29766,75,70,5,5
29767,61,60,1,1
29768,110,104,6,6
29769,91,86,5,5
29770,63,60,3,3
29771,126,122,4,4
29772,102,92,10,10
29773,102,99,3,3
29774,107,102,5,5
29775,49,55,-6,6
29776,71,78,-7,7
29777,70,86,-16,16
29778,94,96,-2,2
29779,201,179,22,22
29780,80,85,-5,5
29781,62,62,0,0
29782,97,96,1,1
29783,77,79,-2,2
29784,74,92,-18,18
29785,55,65,-10,10
29786,88,85,3,3
29787,27,47,-20,20
29788,64,66,-2,2
29789,95,106,-11,11
29790,74,77,-3,3
29791,99,103,-4,4
29792,68,71,-3,3
29793,65,70,-5,5
29794,97,102,-5,5
29795,73,77,-4,4
29796,88,95,-7,7
29797,121,123,-2,2
29798,102,94,8,8
29799,101,104,-3,3
29800,78,85,-7,7
29801,156,142,14,14
29802,76,84,-8,8
29803,66,66,0,0
29804,91,101,-10,10
29805,82,77,5,5
29806,150,144,6,6
29807,46,53,-7,7
29808,164,159,5,5
29809,134,126,8,8
29810,124,119,5,5
29811,75,78,-3,3
29812,64,73,-9,9
29813,207,186,21,21
29814,125,127,-2,2
29815,143,121,22,22
29816,79,75,4,4
29817,62,66,-4,4
29818,149,146,3,3
29819,136,127,9,9
29820,48,55,-7,7
29821,117,104,13,13
29822,50,58,-8,8
29823,88,84,4,4
29824,62,68,-6,6
29825,37,46,-9,9
29826,142,123,19,19
29827,59,64,-5,5
29828,123,118,5,5
29829,78,77,1,1
29830,117,108,9,9
29831,84,91,-7,7
29832,191,168,23,23
29833,176,153,23,23
29834,68,61,7,7
29835,58,60,-2,2
29836,74,75,-1,1
29837,166,157,9,9
29838,178,162,16,16
29839,102,102,0,0
29840,106,100,6,6
29841,121,121,0,0
29842,157,151,6,6
29843,60,62,-2,2
29844,116,111,5,5
29845,133,128,5,5
29846,50,57,-7,7
29847,90,91,-1,1
29848,138,121,17,17
29849,216,198,18,18
29850,114,110,4,4
29851,107,108,-1,1
29852,68,65,3,3
29853,52,64,-12,12
29854,139,126,13,13
29855,98,90,8,8
29856,143,133,10,10
29857,97,88,9,9
29858,80,84,-4,4
29859,60,59,1,1
29860,104,101,3,3
29861,102,102,0,0
29862,155,148,7,7
29863,157,140,17,17
29864,122,101,21,21
29865,89,88,1,1
29866,68,70,-2,2
29867,68,71,-3,3
29868,102,104,-2,2
29869,107,109,-2,2
29870,62,64,-2,2
29871,145,147,-2,2
29872,92,91,1,1
29873,113,103,10,10
29874,72,69,3,3
29875,67,70,-3,3
29876,86,86,0,0
29877,78,82,-4,4
29878,94,94,0,0
29879,103,90,13,13
29880,145,146,-1,1
29881,74,83,-9,9
29882,128,133,-5,5
29883,146,116,30,30
29884,54,59,-5,5
29885,162,145,17,17
29886,150,149,1,1
29887,57,67,-10,10
29888,118,118,0,0
29889,37,46,-9,9
29890,121,110,11,11
29891,130,112,18,18
29892,62,68,-6,6
29893,66,71,-5,5
29894,119,97,22,22
29895,120,111,9,9
29896,100,103,-3,3
29897,121,124,-3,3
29898,85,91,-6,6
29899,99,94,5,5
29900,63,70,-7,7
29901,98,88,10,10
29902,62,64,-2,2
29903,78,78,0,0
29904,61,65,-4,4
29905,110,100,10,10
29906,90,90,0,0
29907,125,98,27,27
29908,59,58,1,1
29909,83,77,6,6
29910,103,111,-8,8
29911,66,69,-3,3
29912,131,128,3,3
29913,72,79,-7,7
29914,56,63,-7,7
29915,110,107,3,3
29916,72,78,-6,6
29917,120,120,0,0
29918,82,85,-3,3
29919,79,83,-4,4
29920,169,158,11,11
29921,140,147,-7,7
29922,139,134,5,5
29923,53,63,-10,10
29924,93,102,-9,9
29925,95,87,8,8
29926,91,87,4,4
29927,96,90,6,6
29928,115,110,5,5
29929,80,74,6,6
29930,61,67,-6,6
29931,125,129,-4,4
29932,79,75,4,4
29933,113,104,9,9
29934,113,110,3,3
29935,79,81,-2,2
29936,143,124,19,19
29937,69,84,-15,15
29938,71,96,-25,25
29939,67,71,-4,4
29940,53,57,-4,4
29941,132,138,-6,6
29942,129,120,9,9
29943,85,85,0,0
29944,107,104,3,3
29945,143,137,6,6
29946,57,55,2,2
29947,99,97,2,2
29948,54,65,-11,11
29949,102,107,-5,5
29950,64,68,-4,4
29951,86,100,-14,14
29952,88,85,3,3
29953,170,149,21,21
29954,71,76,-5,5
29955,127,122,5,5
29956,61,66,-5,5
29957,63,71,-8,8
29958,46,54,-8,8
29959,78,76,2,2
29960,85,92,-7,7
29961,86,76,10,10
29962,91,86,5,5
29963,75,72,3,3
29964,75,76,-1,1
29965,73,97,-24,24
29966,74,76,-2,2
29967,69,77,-8,8
29968,77,73,4,4
29969,119,115,4,4
29970,77,89,-12,12
29971,143,137,6,6
29972,132,130,2,2
29973,89,93,-4,4
29974,60,61,-1,1
29975,131,135,-4,4
29976,83,78,5,5
29977,80,79,1,1
29978,92,86,6,6
29979,187,176,11,11
29980,128,123,5,5
29981,151,138,13,13
29982,44,47,-3,3
29983,83,89,-6,6
29984,78,74,4,4
29985,81,82,-1,1
29986,73,76,-3,3
29987,138,135,3,3
29988,45,51,-6,6
29989,58,65,-7,7
29990,105,104,1,1
29991,103,101,2,2
29992,91,90,1,1
29993,48,55,-7,7
29994,74,81,-7,7
29995,104,92,12,12
29996,69,73,-4,4
29997,62,68,-6,6
29998,140,149,-9,9
29999,129,148,-19,19
30000,98,93,5,5
30001,99,96,3,3
30002,71,69,2,2
30003,149,156,-7,7
30004,101,104,-3,3
30005,114,121,-7,7
30006,181,163,18,18
30007,112,116,-4,4
30008,112,108,4,4
30009,95,95,0,0
30010,133,126,7,7
30011,168,151,17,17
30012,24,46,-22,22
30013,119,108,11,11
30014,102,99,3,3
30015,84,81,3,3
30016,134,125,9,9
30017,69,68,1,1
30018,66,64,2,2
30019,74,70,4,4
30020,113,107,6,6
30021,64,72,-8,8
30022,79,79,0,0
30023,103,89,14,14
30024,107,103,4,4
30025,66,76,-10,10
30026,88,88,0,0
30027,158,156,2,2
30028,123,108,15,15
30029,73,82,-9,9
30030,105,101,4,4
30031,65,70,-5,5
30032,119,117,2,2
30033,68,69,-1,1
30034,64,67,-3,3
30035,74,76,-2,2
30036,23,30,-7,7
30037,97,95,2,2
30038,124,114,10,10
30039,72,76,-4,4
30040,132,124,8,8
30041,42,59,-17,17
30042,121,111,10,10
30043,89,85,4,4
30044,113,101,12,12
30045,114,106,8,8
30046,57,59,-2,2
30047,63,68,-5,5
30048,121,116,5,5
30049,144,130,14,14
30050,118,115,3,3
30051,64,65,-1,1
30052,121,112,9,9
30053,135,124,11,11
30054,80,88,-8,8
30055,110,103,7,7
30056,100,98,2,2
30057,94,99,-5,5
30058,83,82,1,1
30059,87,93,-6,6
30060,67,70,-3,3
30061,95,101,-6,6
30062,88,82,6,6
30063,93,96,-3,3
30064,91,78,13,13
30065,133,122,11,11
30066,77,96,-19,19
30067,106,108,-2,2
30068,53,64,-11,11
30069,89,90,-1,1
30070,154,125,29,29
30071,98,102,-4,4
30072,54,61,-7,7
30073,79,81,-2,2
30074,115,110,5,5
30075,135,132,3,3
30076,81,81,0,0
30077,56,71,-15,15
30078,54,67,-13,13
30079,73,68,5,5
30080,80,85,-5,5
30081,114,104,10,10
30082,170,165,5,5
30083,124,118,6,6
30084,63,65,-2,2
30085,93,106,-13,13
30086,77,75,2,2
30087,178,164,14,14
30088,67,69,-2,2
30089,72,65,7,7
30090,60,64,-4,4
30091,64,68,-4,4
30092,85,83,2,2
30093,158,147,11,11
30094,124,112,12,12
30095,70,111,-41,41
30096,61,71,-10,10
30097,110,120,-10,10
30098,94,101,-7,7
30099,161,147,14,14
30100,98,101,-3,3
30101,165,150,15,15
30102,82,86,-4,4
30103,102,106,-4,4
30104,105,101,4,4
30105,85,91,-6,6
30106,106,107,-1,1
30107,91,86,5,5
30108,86,90,-4,4
30109,44,50,-6,6
30110,96,101,-5,5
30111,114,103,11,11
30112,83,86,-3,3
30113,24,30,-6,6
30114,75,82,-7,7
30115,140,144,-4,4
30116,46,53,-7,7
30117,80,78,2,2
30118,82,98,-16,16
30119,125,116,9,9
30120,56,63,-7,7
30121,76,77,-1,1
30122,44,50,-6,6
30123,102,92,10,10
30124,146,139,7,7
30125,46,53,-7,7
30126,80,84,-4,4
30127,117,120,-3,3
30128,85,81,4,4
30129,60,61,-1,1
30130,81,90,-9,9
30131,42,42,0,0
30132,79,88,-9,9
30133,98,91,7,7
30134,110,102,8,8
30135,74,73,1,1
30136,54,59,-5,5
30137,113,117,-4,4
30138,78,90,-12,12
30139,52,54,-2,2
30140,449,430,19,19
30141,121,118,3,3
30142,68,68,0,0
30143,35,43,-8,8
30144,36,46,-10,10
30145,81,88,-7,7
30146,155,145,10,10
30147,207,173,34,34
30148,105,107,-2,2
30149,66,74,-8,8
30150,105,91,14,14
30151,63,61,2,2
30152,97,94,3,3
30153,114,102,12,12
30154,69,71,-2,2
30155,181,169,12,12
30156,58,67,-9,9
30157,56,63,-7,7
30158,41,49,-8,8
30159,61,68,-7,7
30160,108,114,-6,6
30161,113,101,12,12
30162,46,45,1,1
30163,85,83,2,2
30164,109,108,1,1
30165,144,143,1,1
30166,45,78,-33,33
30167,56,57,-1,1
30168,71,70,1,1
30169,83,77,6,6
30170,72,77,-5,5
30171,92,84,8,8
30172,97,107,-10,10
30173,52,61,-9,9
30174,135,133,2,2
30175,69,74,-5,5
30176,88,91,-3,3
30177,79,76,3,3
30178,74,75,-1,1
30179,74,78,-4,4
30180,102,107,-5,5
30181,154,134,20,20
30182,225,201,24,24
30183,98,104,-6,6
30184,77,79,-2,2
30185,164,141,23,23
30186,144,110,34,34
30187,75,72,3,3
30188,142,144,-2,2
30189,115,115,0,0
30190,81,81,0,0
30191,103,105,-2,2
30192,94,100,-6,6
30193,76,90,-14,14
30194,50,59,-9,9
30195,108,116,-8,8
30196,146,135,11,11
30197,90,90,0,0
30198,129,121,8,8
30199,74,87,-13,13
30200,105,97,8,8
30201,91,89,2,2
30202,121,124,-3,3
30203,109,94,15,15
30204,85,100,-15,15
30205,111,115,-4,4
30206,136,128,8,8
30207,74,74,0,0
30208,89,96,-7,7
30209,102,98,4,4
30210,63,59,4,4
30211,113,113,0,0
30212,92,81,11,11
30213,87,92,-5,5
30214,98,95,3,3
30215,111,108,3,3
30216,116,102,14,14
30217,133,134,-1,1
30218,160,148,12,12
30219,86,86,0,0
30220,132,130,2,2
30221,110,106,4,4
30222,53,59,-6,6
30223,95,93,2,2
30224,88,88,0,0
30225,56,61,-5,5
30226,75,79,-4,4
30227,76,77,-1,1
30228,47,54,-7,7
30229,96,89,7,7
30230,39,63,-24,24
30231,159,142,17,17
30232,61,67,-6,6
30233,53,54,-1,1
30234,84,86,-2,2
30235,85,82,3,3
30236,82,88,-6,6
30237,88,93,-5,5
30238,87,76,11,11
30239,111,107,4,4
30240,161,148,13,13
30241,131,130,1,1
30242,89,81,8,8
30243,156,147,9,9
30244,61,66,-5,5
30245,94,100,-6,6
30246,102,86,16,16
30247,167,165,2,2
30248,182,161,21,21
30249,59,57,2,2
30250,162,141,21,21
30251,132,124,8,8
30252,66,66,0,0
30253,88,87,1,1
30254,106,91,15,15
30255,59,64,-5,5
30256,86,90,-4,4
30257,45,54,-9,9
30258,42,56,-14,14
30259,54,56,-2,2
30260,79,83,-4,4
30261,139,141,-2,2
30262,98,100,-2,2
30263,113,111,2,2
30264,87,87,0,0
30265,55,64,-9,9
30266,47,55,-8,8
30267,93,99,-6,6
30268,55,62,-7,7
30269,113,137,-24,24
30270,87,79,8,8
30271,138,137,1,1
30272,106,95,11,11
30273,76,81,-5,5
30274,89,88,1,1
30275,90,84,6,6
30276,119,112,7,7
30277,106,103,3,3
30278,89,87,2,2
30279,80,83,-3,3
30280,77,79,-2,2
30281,138,121,17,17
30282,99,94,5,5
30283,70,79,-9,9
30284,107,104,3,3
30285,64,70,-6,6
30286,123,117,6,6
30287,75,82,-7,7
30288,46,58,-12,12
30289,94,94,0,0
30290,68,68,0,0
30291,116,120,-4,4
30292,68,78,-10,10
30293,42,42,0,0
30294,74,67,7,7
30295,102,103,-1,1
30296,111,102,9,9
30297,102,109,-7,7
30298,155,165,-10,10
30299,97,100,-3,3
30300,75,75,0,0
30301,158,162,-4,4
30302,66,59,7,7
30303,72,71,1,1
30304,197,157,40,40
30305,133,115,18,18
30306,103,105,-2,2
30307,119,114,5,5
30308,88,92,-4,4
30309,56,66,-10,10
30310,59,69,-10,10
30311,73,86,-13,13
30312,100,95,5,5
30313,83,77,6,6
30314,104,102,2,2
30315,91,95,-4,4
30316,86,88,-2,2
30317,62,63,-1,1
30318,90,99,-9,9
30319,79,82,-3,3
30320,127,121,6,6
30321,108,117,-9,9
30322,38,71,-33,33
30323,63,77,-14,14
30324,55,61,-6,6
30325,111,92,19,19
30326,53,62,-9,9
30327,77,76,1,1
30328,143,141,2,2
30329,136,126,10,10
30330,47,59,-12,12
30331,85,81,4,4
30332,96,92,4,4
30333,87,83,4,4
30334,87,84,3,3
30335,144,128,16,16
30336,105,96,9,9
30337,96,101,-5,5
30338,78,82,-4,4
30339,140,151,-11,11
30340,69,69,0,0
30341,41,55,-14,14
30342,73,81,-8,8
30343,75,76,-1,1
30344,54,65,-11,11
30345,71,76,-5,5
30346,92,96,-4,4
30347,78,81,-3,3
30348,106,102,4,4
30349,77,85,-8,8
30350,74,76,-2,2
30351,59,61,-2,2
30352,94,103,-9,9
30353,86,82,4,4
30354,102,109,-7,7
30355,87,93,-6,6
30356,121,117,4,4
30357,75,71,4,4
30358,108,103,5,5
30359,174,154,20,20
30360,119,111,8,8
30361,84,86,-2,2
30362,98,96,2,2
30363,84,91,-7,7
30364,89,83,6,6
30365,87,80,7,7
30366,43,54,-11,11
30367,95,100,-5,5
30368,62,68,-6,6
30369,97,103,-6,6
30370,110,104,6,6
30371,102,106,-4,4
30372,95,99,-4,4
30373,84,89,-5,5
30374,88,90,-2,2
30375,101,98,3,3
30376,154,149,5,5
30377,159,147,12,12
30378,103,95,8,8
30379,75,78,-3,3
30380,119,107,12,12
30381,27,28,-1,1
30382,77,82,-5,5
30383,169,145,24,24
30384,151,150,1,1
30385,72,66,6,6
30386,145,122,23,23
30387,62,70,-8,8
30388,52,70,-18,18
30389,69,79,-10,10
30390,74,77,-3,3
30391,102,85,17,17
30392,91,96,-5,5
30393,93,89,4,4
30394,81,81,0,0
30395,137,128,9,9
30396,157,152,5,5
30397,48,53,-5,5
30398,122,120,2,2
30399,64,69,-5,5
30400,175,157,18,18
30401,74,65,9,9
30402,47,56,-9,9
30403,103,98,5,5
30404,88,93,-5,5
30405,64,80,-16,16
30406,94,94,0,0
30407,111,105,6,6
30408,209,173,36,36
30409,80,79,1,1
30410,108,108,0,0
30411,103,100,3,3
30412,93,114,-21,21
30413,86,90,-4,4
30414,105,102,3,3
30415,110,104,6,6
30416,82,86,-4,4
30417,69,67,2,2
30418,43,50,-7,7
30419,74,80,-6,6
30420,131,112,19,19
30421,137,138,-1,1
30422,110,115,-5,5
30423,61,67,-6,6
30424,90,91,-1,1
30425,78,76,2,2
30426,82,87,-5,5
30427,82,86,-4,4
30428,66,68,-2,2
30429,136,136,0,0
30430,112,100,12,12
30431,71,75,-4,4
30432,114,114,0,0
30433,105,148,-43,43
30434,93,82,11,11
30435,122,120,2,2
30436,167,162,5,5
30437,67,66,1,1
30438,62,82,-20,20
30439,116,109,7,7
30440,120,106,14,14
30441,126,121,5,5
30442,110,104,6,6
30443,85,87,-2,2
30444,124,117,7,7
30445,129,129,0,0
30446,99,112,-13,13
30447,172,157,15,15
30448,76,81,-5,5
30449,64,68,-4,4
30450,138,123,15,15
30451,59,63,-4,4
30452,123,109,14,14
30453,140,103,37,37
30454,67,71,-4,4
30455,211,181,30,30
30456,155,141,14,14
30457,84,96,-12,12
30458,125,122,3,3
30459,72,74,-2,2
30460,121,125,-4,4
30461,121,120,1,1
30462,141,138,3,3
30463,67,70,-3,3
30464,73,97,-24,24
30465,107,107,0,0
30466,72,70,2,2
30467,65,71,-6,6
30468,82,80,2,2
30469,87,80,7,7
30470,87,82,5,5
30471,52,61,-9,9
30472,84,81,3,3
30473,81,78,3,3
30474,75,81,-6,6
30475,126,128,-2,2
30476,45,52,-7,7
30477,48,59,-11,11
30478,77,80,-3,3
30479,150,128,22,22
30480,100,97,3,3
30481,128,131,-3,3
30482,86,86,0,0
30483,72,66,6,6
30484,108,102,6,6
30485,61,41,20,20
30486,121,119,2,2
30487,132,128,4,4
30488,112,113,-1,1
30489,148,142,6,6
30490,89,100,-11,11
30491,47,60,-13,13
30492,75,78,-3,3
30493,113,122,-9,9
30494,82,89,-7,7
30495,82,83,-1,1
30496,155,139,16,16
30497,114,106,8,8
30498,85,93,-8,8
30499,97,98,-1,1
30500,117,103,14,14
30501,57,61,-4,4
30502,121,116,5,5
30503,50,55,-5,5
30504,32,36,-4,4
30505,126,118,8,8
30506,85,87,-2,2
30507,45,59,-14,14
30508,105,98,7,7
30509,84,89,-5,5
30510,99,92,7,7
30511,129,96,33,33
30512,115,108,7,7
30513,127,125,2,2
30514,42,68,-26,26
30515,86,96,-10,10
30516,106,103,3,3
30517,108,101,7,7
30518,143,137,6,6
30519,98,103,-5,5
30520,131,105,26,26
30521,117,112,5,5
30522,82,79,3,3
30523,79,81,-2,2
30524,58,60,-2,2
30525,96,92,4,4
30526,105,94,11,11
30527,103,99,4,4
30528,72,87,-15,15
30529,108,113,-5,5
30530,155,148,7,7
30531,164,145,19,19
30532,60,62,-2,2
30533,130,119,11,11
30534,123,115,8,8
30535,104,105,-1,1
30536,79,76,3,3
30537,136,128,8,8
30538,130,124,6,6
30539,135,119,16,16
30540,77,77,0,0
30541,136,125,11,11
30542,107,88,19,19
30543,127,112,15,15
30544,116,115,1,1
30545,132,125,7,7
30546,88,83,5,5
30547,74,71,3,3
30548,71,82,-11,11
30549,53,58,-5,5
30550,57,59,-2,2
30551,189,169,20,20
30552,49,51,-2,2
30553,124,128,-4,4
30554,127,117,10,10
30555,45,67,-22,22
30556,110,112,-2,2
30557,104,104,0,0
30558,82,83,-1,1
30559,133,124,9,9
30560,229,199,30,30
30561,64,71,-7,7
30562,107,96,11,11
30563,109,105,4,4
30564,174,156,18,18
30565,176,163,13,13
30566,101,91,10,10
30567,113,105,8,8
30568,139,124,15,15
30569,56,60,-4,4
30570,75,76,-1,1
30571,89,89,0,0
30572,34,48,-14,14
30573,130,126,4,4
30574,81,76,5,5
30575,103,114,-11,11
30576,99,99,0,0
30577,136,137,-1,1
30578,37,46,-9,9
30579,82,75,7,7
30580,125,120,5,5
30581,121,116,5,5
30582,94,91,3,3
30583,67,68,-1,1
30584,110,118,-8,8
30585,82,82,0,0
30586,106,112,-6,6
30587,154,142,12,12
30588,97,95,2,2
30589,65,70,-5,5
30590,81,87,-6,6
30591,53,60,-7,7
30592,123,109,14,14
30593,123,111,12,12
30594,60,55,5,5
30595,59,67,-8,8
30596,71,98,-27,27
30597,154,144,10,10
30598,89,87,2,2
30599,89,84,5,5
30600,95,88,7,7
30601,78,81,-3,3
30602,79,83,-4,4
30603,132,130,2,2
30604,124,121,3,3
30605,125,117,8,8
30606,73,74,-1,1
30607,109,110,-1,1
30608,84,83,1,1
30609,114,114,0,0
30610,98,99,-1,1
30611,229,202,27,27
30612,118,116,2,2
30613,105,104,1,1
30614,56,65,-9,9
30615,86,84,2,2
30616,72,77,-5,5
30617,144,160,-16,16
30618,151,141,10,10
30619,91,90,1,1
30620,134,133,1,1
30621,142,132,10,10
30622,119,118,1,1
30623,115,108,7,7
30624,122,123,-1,1
30625,121,109,12,12
30626,145,154,-9,9
30627,151,145,6,6
30628,99,85,14,14
30629,90,90,0,0
30630,115,139,-24,24
30631,65,83,-18,18
30632,90,88,2,2
30633,78,81,-3,3
30634,65,74,-9,9
30635,77,78,-1,1
30636,64,68,-4,4
30637,204,175,29,29
30638,134,140,-6,6
30639,144,129,15,15
30640,127,127,0,0
30641,88,80,8,8
30642,61,67,-6,6
30643,118,118,0,0
30644,91,90,1,1
30645,143,119,24,24
30646,166,147,19,19
30647,77,75,2,2
30648,97,90,7,7
30649,97,101,-4,4
30650,98,87,11,11
30651,71,72,-1,1
30652,77,74,3,3
30653,145,135,10,10
30654,127,119,8,8
30655,144,136,8,8
30656,128,118,10,10
30657,148,141,7,7
30658,67,67,0,0
30659,147,146,1,1
30660,85,94,-9,9
30661,98,98,0,0
30662,72,73,-1,1
30663,74,79,-5,5
30664,111,111,0,0
30665,80,78,2,2
30666,73,73,0,0
30667,79,82,-3,3
30668,90,80,10,10
30669,104,97,7,7
30670,70,73,-3,3
30671,99,99,0,0
30672,64,69,-5,5
30673,68,72,-4,4
30674,96,94,2,2
30675,44,54,-10,10
30676,84,85,-1,1
30677,81,77,4,4
30678,152,142,10,10
30679,69,74,-5,5
30680,86,98,-12,12
30681,89,95,-6,6
30682,151,143,8,8
30683,80,88,-8,8
30684,97,99,-2,2
30685,55,59,-4,4
30686,126,113,13,13
30687,110,115,-5,5
30688,112,118,-6,6
30689,156,136,20,20
30690,52,63,-11,11
30691,88,90,-2,2
30692,98,103,-5,5
30693,131,121,10,10
30694,114,106,8,8
30695,154,153,1,1
30696,52,60,-8,8
30697,134,130,4,4
30698,60,62,-2,2
30699,68,71,-3,3
30700,119,115,4,4
30701,61,67,-6,6
30702,94,102,-8,8
30703,98,102,-4,4
30704,103,110,-7,7
30705,120,120,0,0
30706,97,95,2,2
30707,126,113,13,13
30708,103,99,4,4
30709,97,99,-2,2
30710,89,85,4,4
30711,69,70,-1,1
30712,58,64,-6,6
30713,109,100,9,9
30714,91,81,10,10
30715,76,75,1,1
30716,206,184,22,22
30717,109,96,13,13
30718,167,154,13,13
30719,124,115,9,9
30720,68,69,-1,1
30721,162,135,27,27
30722,92,90,2,2
30723,160,155,5,5
30724,107,103,4,4
30725,104,92,12,12
30726,72,68,4,4
30727,59,66,-7,7
30728,102,93,9,9
30729,110,115,-5,5
30730,71,73,-2,2
30731,96,90,6,6
30732,117,111,6,6
30733,67,72,-5,5
30734,64,72,-8,8
30735,111,103,8,8
30736,54,52,2,2
30737,70,74,-4,4
30738,89,85,4,4
30739,125,129,-4,4
30740,81,91,-10,10
30741,132,119,13,13
30742,122,120,2,2
30743,83,87,-4,4
30744,49,64,-15,15
30745,134,113,21,21
30746,86,86,0,0
30747,87,83,4,4
30748,113,109,4,4
30749,147,145,2,2
30750,57,69,-12,12
30751,81,79,2,2
30752,84,93,-9,9
30753,130,123,7,7
30754,103,97,6,6
30755,57,63,-6,6
30756,58,64,-6,6
30757,147,123,24,24
30758,136,133,3,3
30759,78,82,-4,4
30760,92,92,0,0
30761,69,76,-7,7
30762,151,135,16,16
30763,155,153,2,2
30764,80,89,-9,9
30765,71,68,3,3
30766,113,166,-53,53
30767,129,115,14,14
30768,113,110,3,3
30769,82,88,-6,6
30770,69,62,7,7
30771,95,90,5,5
30772,86,87,-1,1
30773,86,79,7,7
30774,73,71,2,2
30775,84,87,-3,3
30776,99,96,3,3
30777,159,141,18,18
30778,94,97,-3,3
30779,93,95,-2,2
30780,52,59,-7,7
30781,92,94,-2,2
30782,77,86,-9,9
30783,83,86,-3,3
30784,145,141,4,4
30785,89,85,4,4
30786,98,93,5,5
30787,128,130,-2,2
30788,70,83,-13,13
30789,85,86,-1,1
30790,94,94,0,0
30791,63,74,-11,11
30792,120,103,17,17
30793,93,101,-8,8
30794,113,107,6,6
30795,164,161,3,3
30796,121,115,6,6
30797,61,59,2,2
30798,100,101,-1,1
30799,67,64,3,3
30800,107,105,2,2
30801,56,57,-1,1
30802,79,81,-2,2
30803,116,143,-27,27
30804,139,132,7,7
30805,112,119,-7,7
30806,92,92,0,0
30807,108,101,7,7
30808,124,122,2,2
30809,158,156,2,2
30810,106,94,12,12
30811,132,122,10,10
30812,100,92,8,8
30813,64,97,-33,33
30814,128,120,8,8
30815,53,54,-1,1
30816,54,58,-4,4
30817,81,82,-1,1
30818,67,70,-3,3
30819,97,108,-11,11
30820,129,113,16,16
30821,122,103,19,19
30822,139,133,6,6
30823,44,52,-8,8
30824,131,125,6,6
30825,67,74,-7,7
30826,115,110,5,5
30827,53,56,-3,3
30828,84,82,2,2
30829,124,119,5,5
30830,74,69,5,5
30831,104,110,-6,6
30832,70,77,-7,7
30833,112,106,6,6
30834,90,78,12,12
30835,83,100,-17,17
30836,71,74,-3,3
30837,81,78,3,3
30838,124,138,-14,14
30839,161,157,4,4
30840,52,59,-7,7
30841,78,85,-7,7
30842,57,55,2,2
30843,113,108,5,5
30844,105,97,8,8
30845,119,106,13,13
30846,48,56,-8,8
30847,123,121,2,2
30848,96,91,5,5
30849,124,110,14,14
30850,129,126,3,3
30851,125,121,4,4
30852,104,103,1,1
30853,117,112,5,5
30854,151,146,5,5
30855,125,117,8,8
30856,87,96,-9,9
30857,71,73,-2,2
30858,58,61,-3,3
30859,127,121,6,6
30860,143,126,17,17
30861,78,77,1,1
30862,114,119,-5,5
30863,49,54,-5,5
30864,86,89,-3,3
30865,81,90,-9,9
30866,85,86,-1,1
30867,158,134,24,24
30868,57,57,0,0
30869,109,107,2,2
30870,95,92,3,3
30871,45,50,-5,5
30872,76,87,-11,11
30873,83,82,1,1
30874,100,112,-12,12
30875,65,82,-17,17
30876,76,80,-4,4
30877,47,60,-13,13
30878,70,73,-3,3
30879,157,153,4,4
30880,204,169,35,35
30881,88,84,4,4
30882,93,87,6,6
30883,53,63,-10,10
30884,97,97,0,0
30885,84,83,1,1
30886,66,76,-10,10
30887,73,77,-4,4
30888,64,70,-6,6
30889,102,93,9,9
30890,56,61,-5,5
30891,73,77,-4,4
30892,78,85,-7,7
30893,64,75,-11,11
30894,89,92,-3,3
30895,108,107,1,1
30896,79,74,5,5
30897,99,100,-1,1
30898,104,102,2,2
30899,174,154,20,20
30900,76,80,-4,4
30901,67,76,-9,9
30902,103,98,5,5
30903,72,72,0,0
30904,65,80,-15,15
30905,79,82,-3,3
30906,39,71,-32,32
30907,42,49,-7,7
30908,43,54,-11,11
30909,130,126,4,4
30910,56,60,-4,4
30911,67,73,-6,6
30912,61,65,-4,4
30913,79,73,6,6
30914,122,101,21,21
30915,121,113,8,8
30916,87,79,8,8
30917,95,100,-5,5
30918,76,76,0,0
30919,98,89,9,9
30920,149,147,2,2
30921,37,48,-11,11
30922,91,80,11,11
30923,99,97,2,2
30924,64,72,-8,8
30925,113,108,5,5
30926,82,84,-2,2
30927,71,75,-4,4
30928,103,107,-4,4
30929,58,66,-8,8
30930,112,106,6,6
30931,61,66,-5,5
30932,60,71,-11,11
30933,118,120,-2,2
30934,48,57,-9,9
30935,86,77,9,9
30936,61,72,-11,11
30937,123,109,14,14
30938,151,143,8,8
30939,50,57,-7,7
30940,123,130,-7,7
30941,186,171,15,15
30942,59,68,-9,9
30943,141,137,4,4
30944,130,146,-16,16
30945,83,77,6,6
30946,63,68,-5,5
30947,168,147,21,21
30948,88,89,-1,1
30949,49,60,-11,11
30950,47,58,-11,11
30951,81,85,-4,4
30952,176,149,27,27
30953,58,64,-6,6
30954,48,47,1,1
30955,117,114,3,3
30956,115,101,14,14
30957,120,111,9,9
30958,90,91,-1,1
30959,46,59,-13,13
30960,113,122,-9,9
30961,64,71,-7,7
30962,126,113,13,13
30963,153,140,13,13
30964,114,105,9,9
30965,182,172,10,10
30966,114,113,1,1
30967,91,93,-2,2
30968,116,103,13,13
30969,135,122,13,13
30970,70,72,-2,2
30971,80,75,5,5
30972,50,67,-17,17
30973,90,92,-2,2
30974,50,61,-11,11
30975,144,121,23,23
30976,77,82,-5,5
30977,81,82,-1,1
30978,41,45,-4,4
30979,80,85,-5,5
30980,97,93,4,4
30981,65,70,-5,5
30982,70,73,-3,3
30983,176,172,4,4
30984,143,135,8,8
30985,79,79,0,0
30986,122,113,9,9
30987,135,127,8,8
30988,85,93,-8,8
30989,50,63,-13,13
30990,88,86,2,2
30991,120,107,13,13
30992,134,130,4,4
30993,74,75,-1,1
30994,86,91,-5,5
30995,95,92,3,3
30996,56,65,-9,9
30997,92,90,2,2
30998,86,88,-2,2
30999,70,89,-19,19
31000,81,79,2,2
31001,113,113,0,0
31002,99,95,4,4
31003,77,81,-4,4
31004,31,29,2,2
31005,99,93,6,6
31006,85,83,2,2
31007,80,87,-7,7
31008,92,92,0,0
31009,56,64,-8,8
31010,139,145,-6,6
31011,51,53,-2,2
31012,36,47,-11,11
31013,126,113,13,13
31014,76,78,-2,2
31015,96,109,-13,13
31016,87,92,-5,5
31017,117,109,8,8
31018,102,104,-2,2
31019,89,93,-4,4
31020,107,89,18,18
31021,79,81,-2,2
31022,89,90,-1,1
31023,67,65,2,2
31024,114,107,7,7
31025,69,72,-3,3
31026,115,98,17,17
31027,168,164,4,4
31028,84,92,-8,8
31029,79,64,15,15
31030,133,136,-3,3
31031,123,107,16,16
31032,102,110,-8,8
31033,123,110,13,13
31034,97,87,10,10
31035,89,91,-2,2
31036,92,97,-5,5
31037,171,148,23,23
31038,72,71,1,1
31039,92,99,-7,7
31040,54,65,-11,11
31041,113,115,-2,2
31042,110,97,13,13
31043,64,67,-3,3
31044,64,68,-4,4
31045,69,67,2,2
31046,81,81,0,0
31047,101,100,1,1
31048,92,93,-1,1
31049,85,93,-8,8
31050,58,61,-3,3
31051,124,114,10,10
31052,81,77,4,4
31053,108,97,11,11
31054,93,89,4,4
31055,70,66,4,4
31056,119,95,24,24
31057,65,69,-4,4
31058,90,82,8,8
31059,53,58,-5,5
31060,73,79,-6,6
31061,52,57,-5,5
31062,97,98,-1,1
31063,118,98,20,20
31064,95,93,2,2
31065,89,86,3,3
31066,66,67,-1,1
31067,75,81,-6,6
31068,107,100,7,7
31069,63,64,-1,1
31070,148,130,18,18
31071,110,106,4,4
31072,96,103,-7,7
31073,123,119,4,4
31074,123,107,16,16
31075,106,90,16,16
31076,101,96,5,5
31077,105,103,2,2
31078,94,101,-7,7
31079,53,70,-17,17
31080,53,69,-16,16
31081,116,113,3,3
31082,122,123,-1,1
31083,96,97,-1,1
31084,117,108,9,9
31085,105,100,5,5
31086,74,76,-2,2
31087,43,58,-15,15
31088,110,109,1,1
31089,71,74,-3,3
31090,72,70,2,2
31091,109,103,6,6
31092,142,139,3,3
31093,69,66,3,3
31094,127,131,-4,4
31095,113,117,-4,4
31096,61,66,-5,5
31097,108,101,7,7
31098,83,80,3,3
31099,58,66,-8,8
31100,107,103,4,4
31101,108,123,-15,15
31102,97,91,6,6
31103,101,91,10,10
31104,101,103,-2,2
31105,123,110,13,13
31106,68,72,-4,4
31107,89,84,5,5
31108,47,54,-7,7
31109,128,112,16,16
31110,117,113,4,4
31111,94,88,6,6
31112,111,102,9,9
31113,51,57,-6,6
31114,65,74,-9,9
31115,79,96,-17,17
31116,140,138,2,2
31117,152,128,24,24
31118,108,106,2,2
31119,115,104,11,11
31120,78,88,-10,10
31121,100,99,1,1
31122,69,79,-10,10
31123,127,120,7,7
31124,64,63,1,1
31125,148,144,4,4
31126,105,97,8,8
31127,123,114,9,9
31128,56,61,-5,5
31129,60,71,-11,11
31130,100,92,8,8
31131,77,96,-19,19
31132,89,107,-18,18
31133,63,72,-9,9
31134,70,72,-2,2
31135,74,72,2,2
31136,74,86,-12,12
31137,149,124,25,25
31138,60,67,-7,7
31139,115,153,-38,38
31140,65,72,-7,7
31141,95,90,5,5
31142,126,140,-14,14
31143,84,92,-8,8
31144,114,101,13,13
31145,130,122,8,8
31146,117,105,12,12
31147,135,132,3,3
31148,110,110,0,0
31149,74,72,2,2
31150,91,92,-1,1
31151,102,97,5,5
31152,76,84,-8,8
31153,81,92,-11,11
31154,117,109,8,8
31155,58,64,-6,6
31156,52,72,-20,20
31157,44,65,-21,21
31158,126,125,1,1
31159,102,100,2,2
31160,68,65,3,3
31161,96,110,-14,14
31162,116,102,14,14
31163,96,91,5,5
31164,44,56,-12,12
31165,49,52,-3,3
31166,109,109,0,0
31167,40,56,-16,16
31168,84,110,-26,26
31169,57,62,-5,5
31170,85,93,-8,8
31171,44,53,-9,9
31172,77,76,1,1
31173,70,81,-11,11
31174,63,71,-8,8
31175,75,75,0,0
31176,88,89,-1,1
31177,98,92,6,6
31178,66,83,-17,17
31179,78,74,4,4
31180,95,100,-5,5
31181,99,122,-23,23
31182,20,91,-71,71
31183,88,93,-5,5
31184,165,151,14,14
31185,127,119,8,8
31186,55,62,-7,7
31187,145,137,8,8
31188,72,75,-3,3
31189,84,78,6,6
31190,62,68,-6,6
31191,107,98,9,9
31192,113,94,19,19
31193,64,68,-4,4
31194,132,110,22,22
31195,80,78,2,2
31196,64,71,-7,7
31197,58,70,-12,12
31198,53,69,-16,16
31199,101,97,4,4
31200,97,91,6,6
31201,93,94,-1,1
31202,87,78,9,9
31203,78,78,0,0
31204,70,65,5,5
31205,119,84,35,35
31206,66,71,-5,5
31207,82,90,-8,8
31208,117,101,16,16
31209,106,101,5,5
31210,79,79,0,0
31211,129,154,-25,25
31212,95,84,11,11
31213,66,73,-7,7
31214,63,65,-2,2
31215,128,126,2,2
31216,86,79,7,7
31217,87,95,-8,8
31218,115,112,3,3
31219,126,121,5,5
31220,66,102,-36,36
31221,138,133,5,5
31222,118,103,15,15
31223,105,103,2,2
31224,59,70,-11,11
31225,51,62,-11,11
31226,45,65,-20,20
31227,79,80,-1,1
31228,103,92,11,11
31229,86,105,-19,19
31230,63,65,-2,2
31231,104,101,3,3
31232,144,136,8,8
31233,160,145,15,15
31234,55,62,-7,7
31235,83,83,0,0
31236,104,100,4,4
31237,61,67,-6,6
31238,92,97,-5,5
31239,72,77,-5,5
31240,103,96,7,7
31241,192,162,30,30
31242,89,84,5,5
31243,76,74,2,2
31244,70,79,-9,9
31245,81,76,5,5
31246,96,94,2,2
31247,120,110,10,10
31248,88,91,-3,3
31249,81,75,6,6
31250,91,89,2,2
31251,104,93,11,11
31252,71,72,-1,1
31253,51,54,-3,3
31254,138,125,13,13
31255,88,78,10,10
31256,64,76,-12,12
31257,108,109,-1,1
31258,120,113,7,7
31259,78,99,-21,21
31260,158,139,19,19
31261,185,158,27,27
31262,168,166,2,2
31263,96,101,-5,5
31264,100,82,18,18
31265,48,102,-54,54
31266,80,81,-1,1
31267,49,59,-10,10
31268,108,105,3,3
31269,71,76,-5,5
31270,111,107,4,4
31271,75,73,2,2
31272,117,113,4,4
31273,156,138,18,18
31274,111,100,11,11
31275,108,109,-1,1
31276,54,63,-9,9
31277,83,90,-7,7
31278,91,82,9,9
31279,53,63,-10,10
31280,46,53,-7,7
31281,39,52,-13,13
31282,97,104,-7,7
31283,97,106,-9,9
31284,93,87,6,6
31285,173,154,19,19
31286,76,75,1,1
31287,146,136,10,10
31288,128,130,-2,2
31289,81,76,5,5
31290,90,90,0,0
31291,109,109,0,0
31292,123,108,15,15
31293,100,98,2,2
31294,77,83,-6,6
31295,77,78,-1,1
31296,109,108,1,1
31297,85,82,3,3
31298,94,92,2,2
31299,57,59,-2,2
31300,51,59,-8,8
31301,50,62,-12,12
31302,80,77,3,3
31303,73,71,2,2
31304,68,76,-8,8
31305,153,136,17,17
31306,120,123,-3,3
31307,99,99,0,0
31308,97,94,3,3
31309,82,79,3,3
31310,85,94,-9,9
31311,84,76,8,8
31312,93,102,-9,9
31313,55,63,-8,8
31314,53,59,-6,6
31315,148,137,11,11
31316,115,114,1,1
31317,116,112,4,4
31318,109,96,13,13
31319,72,78,-6,6
31320,85,86,-1,1
31321,78,71,7,7
31322,133,120,13,13
31323,89,89,0,0
31324,53,67,-14,14
31325,145,153,-8,8
31326,75,72,3,3
31327,60,67,-7,7
31328,71,72,-1,1
31329,62,69,-7,7
31330,165,148,17,17
31331,51,65,-14,14
31332,146,147,-1,1
31333,64,66,-2,2
31334,75,83,-8,8
31335,79,76,3,3
31336,85,87,-2,2
31337,100,98,2,2
31338,119,108,11,11
31339,106,113,-7,7
31340,79,79,0,0
31341,163,150,13,13
31342,121,121,0,0
31343,66,73,-7,7
31344,114,111,3,3
31345,77,80,-3,3
31346,57,62,-5,5
31347,87,91,-4,4
31348,86,83,3,3
31349,71,78,-7,7
31350,124,115,9,9
31351,65,65,0,0
31352,111,104,7,7
31353,62,71,-9,9
31354,94,84,10,10
31355,76,79,-3,3
31356,122,129,-7,7
31357,136,147,-11,11
31358,76,75,1,1
31359,82,95,-13,13
31360,62,65,-3,3
31361,65,65,0,0
31362,63,73,-10,10
31363,50,55,-5,5
31364,56,74,-18,18
31365,80,87,-7,7
31366,95,86,9,9
31367,94,95,-1,1
31368,90,79,11,11
31369,116,96,20,20
31370,113,103,10,10
31371,70,69,1,1
31372,31,41,-10,10
31373,70,77,-7,7
31374,72,70,2,2
31375,92,86,6,6
31376,82,80,2,2
31377,58,69,-11,11
31378,104,111,-7,7
31379,75,76,-1,1
31380,90,93,-3,3
31381,130,117,13,13
31382,126,121,5,5
31383,89,86,3,3
31384,108,105,3,3
31385,51,61,-10,10
31386,132,129,3,3
31387,91,93,-2,2
31388,109,112,-3,3
31389,103,116,-13,13
31390,87,82,5,5
31391,123,120,3,3
31392,109,98,11,11
31393,77,91,-14,14
31394,96,98,-2,2
31395,82,84,-2,2
31396,111,110,1,1
31397,72,71,1,1
31398,117,106,11,11
31399,117,113,4,4
31400,137,130,7,7
31401,107,97,10,10
31402,91,92,-1,1
31403,110,105,5,5
31404,76,84,-8,8
31405,83,77,6,6
31406,142,142,0,0
31407,97,94,3,3
31408,54,57,-3,3
31409,71,76,-5,5
31410,91,98,-7,7
31411,100,102,-2,2
31412,47,54,-7,7
31413,114,102,12,12
31414,65,59,6,6
31415,33,37,-4,4
31416,88,84,4,4
31417,102,103,-1,1
31418,72,89,-17,17
31419,95,95,0,0
31420,100,98,2,2
31421,200,183,17,17
31422,147,131,16,16
31423,98,103,-5,5
31424,111,106,5,5
31425,105,105,0,0
31426,89,90,-1,1
31427,108,105,3,3
31428,35,67,-32,32
31429,54,65,-11,11
31430,124,116,8,8
31431,90,80,10,10
31432,130,123,7,7
31433,138,125,13,13
31434,143,126,17,17
31435,74,76,-2,2
31436,47,59,-12,12
31437,64,68,-4,4
31438,174,169,5,5
31439,96,93,3,3
31440,132,130,2,2
31441,66,76,-10,10
31442,105,102,3,3
31443,128,124,4,4
31444,99,98,1,1
31445,70,73,-3,3
31446,62,61,1,1
31447,78,78,0,0
31448,93,98,-5,5
31449,89,77,12,12
31450,104,107,-3,3
31451,74,74,0,0
31452,102,86,16,16
31453,58,62,-4,4
31454,89,88,1,1
31455,84,79,5,5
31456,128,112,16,16
31457,91,93,-2,2
31458,80,73,7,7
31459,84,93,-9,9
31460,100,101,-1,1
31461,115,109,6,6
31462,92,94,-2,2
31463,155,153,2,2
31464,175,147,28,28
31465,79,77,2,2
31466,70,67,3,3
31467,64,75,-11,11
31468,111,110,1,1
31469,83,82,1,1
31470,92,94,-2,2
31471,153,144,9,9
31472,138,132,6,6
31473,90,106,-16,16
31474,104,108,-4,4
31475,52,55,-3,3
31476,72,79,-7,7
31477,76,80,-4,4
31478,69,71,-2,2
31479,145,132,13,13
31480,67,69,-2,2
31481,79,78,1,1
31482,103,95,8,8
31483,145,148,-3,3
31484,86,89,-3,3
31485,112,104,8,8
31486,130,121,9,9
31487,173,150,23,23
31488,75,77,-2,2
31489,195,160,35,35
31490,93,93,0,0
31491,102,94,8,8
31492,64,64,0,0
31493,68,70,-2,2
31494,58,70,-12,12
31495,93,81,12,12
31496,119,98,21,21
31497,54,56,-2,2
31498,72,90,-18,18
31499,82,86,-4,4
31500,130,122,8,8
31501,75,80,-5,5
31502,73,79,-6,6
31503,72,78,-6,6
31504,243,237,6,6
31505,62,83,-21,21
31506,79,71,8,8
31507,129,131,-2,2
31508,119,109,10,10
31509,121,118,3,3
31510,135,128,7,7
31511,64,60,4,4
31512,84,85,-1,1
31513,68,75,-7,7
31514,89,84,5,5
31515,59,58,1,1
31516,67,76,-9,9
31517,108,110,-2,2
31518,55,62,-7,7
31519,161,137,24,24
31520,75,78,-3,3
31521,113,103,10,10
31522,102,98,4,4
31523,116,106,10,10
31524,134,128,6,6
31525,161,133,28,28
31526,122,102,20,20
31527,103,99,4,4
31528,75,77,-2,2
31529,162,140,22,22
31530,76,84,-8,8
31531,57,65,-8,8
31532,74,80,-6,6
31533,78,74,4,4
31534,68,69,-1,1
31535,101,93,8,8
31536,66,71,-5,5
31537,61,71,-10,10
31538,120,108,12,12
31539,62,65,-3,3
31540,149,127,22,22
31541,85,92,-7,7
31542,126,112,14,14
31543,192,176,16,16
31544,94,91,3,3
31545,69,73,-4,4
31546,99,87,12,12
31547,114,105,9,9
31548,75,79,-4,4
31549,113,119,-6,6
31550,165,148,17,17
31551,133,121,12,12
31552,86,95,-9,9
31553,72,69,3,3
31554,97,94,3,3
31555,113,152,-39,39
31556,110,110,0,0
31557,119,121,-2,2
31558,60,66,-6,6
31559,72,86,-14,14
31560,110,105,5,5
31561,151,136,15,15
31562,70,76,-6,6
31563,89,91,-2,2
31564,112,104,8,8
31565,70,74,-4,4
31566,64,68,-4,4
31567,155,154,1,1
31568,103,98,5,5
31569,115,109,6,6
31570,57,58,-1,1
31571,92,98,-6,6
31572,96,90,6,6
31573,61,66,-5,5
31574,144,129,15,15
31575,75,78,-3,3
31576,138,126,12,12
31577,103,107,-4,4
31578,118,103,15,15
31579,80,87,-7,7
31580,107,100,7,7
31581,84,82,2,2
31582,87,83,4,4
31583,56,57,-1,1
31584,129,127,2,2
31585,94,91,3,3
31586,72,83,-11,11
31587,193,157,36,36
31588,141,117,24,24
31589,98,98,0,0
31590,116,120,-4,4
31591,154,142,12,12
31592,116,121,-5,5
31593,75,83,-8,8
31594,107,98,9,9
31595,83,78,5,5
31596,103,108,-5,5
31597,99,96,3,3
31598,109,110,-1,1
31599,95,91,4,4
31600,85,78,7,7
31601,81,79,2,2
31602,112,96,16,16
31603,82,79,3,3
31604,56,61,-5,5
31605,64,69,-5,5
31606,105,117,-12,12
31607,118,115,3,3
31608,82,85,-3,3
31609,96,96,0,0
31610,69,68,1,1
31611,128,124,4,4
31612,88,94,-6,6
31613,90,86,4,4
31614,141,129,12,12
31615,75,84,-9,9
31616,108,103,5,5
31617,153,141,12,12
31618,101,97,4,4
31619,76,80,-4,4
31620,86,94,-8,8
31621,49,52,-3,3
31622,130,128,2,2
31623,95,94,1,1
31624,33,49,-16,16
31625,156,152,4,4
31626,49,50,-1,1
31627,89,83,6,6
31628,86,77,9,9
31629,80,79,1,1
31630,97,94,3,3
31631,59,69,-10,10
31632,153,143,10,10
31633,51,58,-7,7
31634,88,77,11,11
31635,145,150,-5,5
31636,165,169,-4,4
31637,74,81,-7,7
31638,80,89,-9,9
31639,101,96,5,5
31640,46,53,-7,7
31641,62,65,-3,3
31642,107,95,12,12
31643,66,70,-4,4
31644,153,146,7,7
31645,75,74,1,1
31646,49,56,-7,7
31647,120,121,-1,1
31648,131,121,10,10
31649,106,105,1,1
31650,147,137,10,10
31651,81,85,-4,4
31652,94,96,-2,2
31653,57,65,-8,8
31654,61,73,-12,12
31655,47,52,-5,5
31656,53,57,-4,4
31657,117,108,9,9
31658,98,82,16,16
31659,48,53,-5,5
31660,190,178,12,12
31661,68,74,-6,6
31662,106,99,7,7
31663,57,65,-8,8
31664,131,134,-3,3
31665,132,121,11,11
31666,74,77,-3,3
31667,125,123,2,2
31668,86,89,-3,3
31669,49,55,-6,6
31670,95,83,12,12
31671,67,66,1,1
31672,82,89,-7,7
31673,93,102,-9,9
31674,52,63,-11,11
31675,55,61,-6,6
31676,111,106,5,5
31677,73,71,2,2
31678,72,81,-9,9
31679,160,151,9,9
31680,97,100,-3,3
31681,95,89,6,6
31682,117,94,23,23
31683,67,63,4,4
31684,55,62,-7,7
31685,103,96,7,7
31686,108,108,0,0
31687,82,78,4,4
31688,155,141,14,14
31689,87,87,0,0
31690,88,85,3,3
31691,84,97,-13,13
31692,66,80,-14,14
31693,59,63,-4,4
31694,80,78,2,2
31695,120,121,-1,1
31696,92,94,-2,2
31697,36,40,-4,4
31698,89,81,8,8
31699,113,100,13,13
31700,86,88,-2,2
31701,117,133,-16,16
31702,78,75,3,3
31703,72,79,-7,7
31704,76,70,6,6
31705,76,78,-2,2
31706,87,88,-1,1
31707,76,95,-19,19
31708,79,64,15,15
31709,51,50,1,1
31710,121,123,-2,2
31711,100,91,9,9
31712,83,83,0,0
31713,84,76,8,8
31714,100,104,-4,4
31715,125,113,12,12
31716,73,70,3,3
31717,59,65,-6,6
31718,79,81,-2,2
31719,76,82,-6,6
31720,108,109,-1,1
31721,64,77,-13,13
31722,101,95,6,6
31723,140,119,21,21
31724,89,89,0,0
31725,72,71,1,1
31726,82,88,-6,6
31727,68,71,-3,3
31728,41,55,-14,14
31729,77,81,-4,4
31730,150,138,12,12
31731,121,112,9,9
31732,96,110,-14,14
31733,50,57,-7,7
31734,45,56,-11,11
31735,118,123,-5,5
31736,108,104,4,4
31737,74,72,2,2
31738,148,132,16,16
31739,109,104,5,5
31740,53,58,-5,5
31741,69,69,0,0
31742,75,79,-4,4
31743,75,87,-12,12
31744,93,91,2,2
31745,36,43,-7,7
31746,62,72,-10,10
31747,139,134,5,5
31748,67,71,-4,4
31749,199,184,15,15
31750,61,63,-2,2
31751,66,70,-4,4
31752,58,62,-4,4
31753,58,65,-7,7
31754,98,103,-5,5
31755,65,65,0,0
31756,96,94,2,2
31757,105,105,0,0
31758,44,54,-10,10
31759,116,111,5,5
31760,87,82,5,5
31761,94,93,1,1
31762,130,133,-3,3
31763,103,100,3,3
31764,85,83,2,2
31765,94,100,-6,6
31766,78,78,0,0
31767,120,113,7,7
31768,48,56,-8,8
31769,107,96,11,11
31770,87,90,-3,3
31771,115,114,1,1
31772,122,118,4,4
31773,137,119,18,18
31774,19,30,-11,11
31775,90,93,-3,3
31776,45,48,-3,3
31777,53,65,-12,12
31778,132,115,17,17
31779,54,55,-1,1
31780,123,127,-4,4
31781,88,101,-13,13
31782,90,85,5,5
31783,112,107,5,5
31784,67,67,0,0
31785,50,64,-14,14
31786,65,68,-3,3
31787,44,53,-9,9
31788,86,96,-10,10
31789,65,69,-4,4
31790,80,97,-17,17
31791,128,115,13,13
31792,166,133,33,33
31793,105,97,8,8
31794,77,78,-1,1
31795,113,113,0,0
31796,82,82,0,0
31797,94,97,-3,3
31798,123,114,9,9
31799,118,115,3,3
31800,159,145,14,14
31801,100,85,15,15
31802,95,91,4,4
31803,128,126,2,2
31804,67,81,-14,14
31805,131,115,16,16
31806,78,78,0,0
31807,58,66,-8,8
31808,126,114,12,12
31809,136,137,-1,1
31810,75,74,1,1
31811,100,97,3,3
31812,52,58,-6,6
31813,94,94,0,0
31814,64,74,-10,10
31815,65,71,-6,6
31816,85,86,-1,1
31817,100,98,2,2
31818,134,128,6,6
31819,88,90,-2,2
31820,87,89,-2,2
31821,112,106,6,6
31822,222,192,30,30
31823,103,96,7,7
31824,131,148,-17,17
31825,143,142,1,1
31826,89,93,-4,4
31827,144,124,20,20
31828,90,87,3,3
31829,117,108,9,9
31830,41,48,-7,7
31831,161,153,8,8
31832,87,93,-6,6
31833,67,71,-4,4
31834,89,104,-15,15
31835,58,57,1,1
31836,54,59,-5,5
31837,66,63,3,3
31838,62,70,-8,8
31839,46,53,-7,7
31840,116,111,5,5
31841,146,143,3,3
31842,153,154,-1,1
31843,110,95,15,15
31844,83,75,8,8
31845,138,124,14,14
31846,117,109,8,8
31847,86,81,5,5
31848,170,156,14,14
31849,96,101,-5,5
31850,57,59,-2,2
31851,102,92,10,10
31852,96,96,0,0
31853,88,84,4,4
31854,117,117,0,0
31855,83,96,-13,13
31856,94,103,-9,9
31857,68,79,-11,11
31858,81,77,4,4
31859,165,155,10,10
31860,93,84,9,9
31861,169,158,11,11
31862,79,84,-5,5
31863,91,88,3,3
31864,96,94,2,2
31865,107,90,17,17
31866,98,94,4,4
31867,81,78,3,3
31868,125,125,0,0
31869,111,104,7,7
31870,50,61,-11,11
31871,102,101,1,1
31872,94,86,8,8
31873,57,60,-3,3
31874,110,103,7,7
31875,89,86,3,3
31876,69,69,0,0
31877,116,116,0,0
31878,135,116,19,19
31879,76,73,3,3
31880,98,88,10,10
31881,72,73,-1,1
31882,68,76,-8,8
31883,77,76,1,1
31884,125,139,-14,14
31885,115,103,12,12
31886,136,121,15,15
31887,80,78,2,2
31888,82,84,-2,2
31889,76,80,-4,4
31890,82,79,3,3
31891,138,125,13,13
31892,108,100,8,8
31893,153,143,10,10
31894,76,76,0,0
31895,100,91,9,9
31896,97,99,-2,2
31897,119,112,7,7
31898,35,49,-14,14
31899,39,47,-8,8
31900,102,95,7,7
31901,93,106,-13,13
31902,122,114,8,8
31903,88,83,5,5
31904,84,84,0,0
31905,207,178,29,29
31906,67,72,-5,5
31907,111,110,1,1
31908,75,76,-1,1
31909,112,97,15,15
31910,59,64,-5,5
31911,66,68,-2,2
31912,161,155,6,6
31913,80,88,-8,8
31914,64,73,-9,9
31915,123,86,37,37
31916,123,112,11,11
31917,144,141,3,3
31918,61,65,-4,4
31919,85,77,8,8
31920,100,94,6,6
31921,100,95,5,5
31922,65,63,2,2
31923,75,74,1,1
31924,104,92,12,12
31925,112,114,-2,2
31926,93,87,6,6
31927,69,67,2,2
31928,58,64,-6,6
31929,120,99,21,21
31930,131,115,16,16
31931,101,91,10,10
31932,156,151,5,5
31933,83,80,3,3
31934,62,69,-7,7
31935,94,95,-1,1
31936,87,92,-5,5
31937,182,161,21,21
31938,132,124,8,8
31939,100,103,-3,3
31940,74,76,-2,2
31941,57,67,-10,10
31942,95,94,1,1
31943,64,60,4,4
31944,99,95,4,4
31945,102,109,-7,7
31946,144,127,17,17
31947,152,137,15,15
31948,66,66,0,0
31949,57,64,-7,7
31950,73,81,-8,8
31951,85,84,1,1
31952,111,102,9,9
31953,78,80,-2,2
31954,87,83,4,4
31955,58,67,-9,9
31956,125,117,8,8
31957,98,94,4,4
31958,127,121,6,6
31959,125,115,10,10
31960,107,106,1,1
31961,57,69,-12,12
31962,161,145,16,16
31963,109,102,7,7
31964,110,98,12,12
31965,64,67,-3,3
31966,304,276,28,28
31967,75,76,-1,1
31968,161,153,8,8
31969,85,95,-10,10
31970,124,105,19,19
31971,53,58,-5,5
31972,98,102,-4,4
31973,124,118,6,6
31974,67,66,1,1
31975,59,70,-11,11
31976,115,104,11,11
31977,91,86,5,5
31978,108,105,3,3
31979,82,85,-3,3
31980,104,94,10,10
31981,65,78,-13,13
31982,107,102,5,5
31983,140,142,-2,2
31984,83,83,0,0
31985,128,133,-5,5
31986,65,63,2,2
31987,70,75,-5,5
31988,160,155,5,5
31989,94,95,-1,1
31990,74,72,2,2
31991,99,100,-1,1
31992,105,98,7,7
31993,65,73,-8,8
31994,46,55,-9,9
31995,72,73,-1,1
31996,53,57,-4,4
31997,110,105,5,5
31998,100,91,9,9
31999,65,73,-8,8
32000,102,96,6,6
32001,128,119,9,9
32002,90,84,6,6
32003,139,146,-7,7
32004,145,123,22,22
32005,89,84,5,5
32006,68,79,-11,11
32007,64,69,-5,5
32008,79,85,-6,6
32009,86,77,9,9
32010,60,71,-11,11
32011,101,92,9,9
32012,36,52,-16,16
32013,103,100,3,3
32014,52,56,-4,4
32015,152,144,8,8
32016,80,90,-10,10
32017,142,124,18,18
32018,129,113,16,16
32019,140,110,30,30
32020,49,57,-8,8
32021,147,146,1,1
32022,100,89,11,11
32023,59,70,-11,11
32024,106,106,0,0
32025,88,89,-1,1
32026,86,87,-1,1
32027,106,94,12,12
32028,110,107,3,3
32029,43,46,-3,3
32030,114,117,-3,3
32031,77,75,2,2
32032,103,100,3,3
32033,125,120,5,5
32034,65,69,-4,4
32035,105,100,5,5
32036,98,111,-13,13
32037,132,144,-12,12
32038,119,111,8,8
32039,80,83,-3,3
32040,107,105,2,2
32041,94,86,8,8
32042,59,72,-13,13
32043,109,112,-3,3
32044,144,143,1,1
32045,45,54,-9,9
32046,66,52,14,14
32047,122,122,0,0
32048,88,90,-2,2
32049,53,55,-2,2
32050,58,68,-10,10
32051,68,72,-4,4
32052,104,98,6,6
32053,129,128,1,1
32054,55,59,-4,4
32055,80,74,6,6
32056,100,103,-3,3
32057,64,78,-14,14
32058,150,145,5,5
32059,80,78,2,2
32060,96,88,8,8
32061,83,84,-1,1
32062,39,47,-8,8
32063,112,97,15,15
32064,146,137,9,9
32065,91,97,-6,6
32066,77,85,-8,8
32067,121,118,3,3
32068,113,109,4,4
32069,132,133,-1,1
32070,102,101,1,1
32071,71,70,1,1
32072,81,79,2,2
32073,60,75,-15,15
32074,112,98,14,14
32075,95,90,5,5
32076,116,107,9,9
32077,85,88,-3,3
32078,116,123,-7,7
32079,107,106,1,1
32080,156,137,19,19
32081,84,87,-3,3
32082,77,77,0,0
32083,111,103,8,8
32084,61,85,-24,24
32085,124,125,-1,1
32086,106,96,10,10
32087,116,111,5,5
32088,64,78,-14,14
32089,108,103,5,5
32090,76,75,1,1
32091,72,76,-4,4
32092,75,76,-1,1
32093,66,69,-3,3
32094,128,135,-7,7
32095,189,157,32,32
32096,120,118,2,2
32097,64,67,-3,3
32098,141,140,1,1
32099,96,93,3,3
32100,170,160,10,10
32101,83,82,1,1
32102,101,101,0,0
32103,81,91,-10,10
32104,43,51,-8,8
32105,150,140,10,10
32106,70,68,2,2
32107,89,80,9,9
32108,115,102,13,13
32109,103,100,3,3
32110,54,59,-5,5
32111,63,66,-3,3
32112,127,133,-6,6
32113,96,83,13,13
32114,79,92,-13,13
32115,83,85,-2,2
32116,108,97,11,11
32117,116,105,11,11
32118,121,113,8,8
32119,127,111,16,16
32120,109,110,-1,1
32121,96,96,0,0
32122,82,84,-2,2
32123,103,126,-23,23
32124,142,144,-2,2
32125,161,145,16,16
32126,126,122,4,4
32127,78,74,4,4
32128,157,149,8,8
32129,63,70,-7,7
32130,64,66,-2,2
32131,90,86,4,4
32132,95,100,-5,5
32133,146,141,5,5
32134,56,60,-4,4
32135,48,49,-1,1
32136,68,72,-4,4
32137,94,97,-3,3
32138,87,86,1,1
32139,122,111,11,11
32140,126,108,18,18
32141,55,75,-20,20
32142,61,66,-5,5
32143,89,99,-10,10
32144,62,72,-10,10
32145,71,72,-1,1
32146,87,90,-3,3
32147,39,46,-7,7
32148,123,110,13,13
32149,79,86,-7,7
32150,109,103,6,6
32151,101,104,-3,3
32152,107,102,5,5
32153,114,108,6,6
32154,81,90,-9,9
32155,167,155,12,12
32156,71,75,-4,4
32157,65,72,-7,7
32158,76,74,2,2
32159,94,93,1,1
32160,162,147,15,15
32161,86,99,-13,13
32162,162,155,7,7
32163,50,53,-3,3
32164,109,101,8,8
32165,70,69,1,1
32166,69,70,-1,1
32167,36,28,8,8
32168,117,105,12,12
32169,104,92,12,12
32170,107,108,-1,1
32171,66,71,-5,5
32172,98,98,0,0
32173,113,115,-2,2
32174,57,64,-7,7
32175,117,110,7,7
32176,79,91,-12,12
32177,88,89,-1,1
32178,101,98,3,3
32179,98,96,2,2
32180,164,166,-2,2
32181,108,103,5,5
32182,79,77,2,2
32183,77,87,-10,10
32184,81,81,0,0
32185,111,105,6,6
32186,108,104,4,4
32187,104,99,5,5
32188,51,49,2,2
32189,79,83,-4,4
32190,141,132,9,9
32191,105,98,7,7
32192,79,84,-5,5
32193,121,108,13,13
32194,85,92,-7,7
32195,60,64,-4,4
32196,76,74,2,2
32197,66,67,-1,1
32198,140,124,16,16
32199,115,97,18,18
32200,135,118,17,17
32201,137,144,-7,7
32202,108,110,-2,2
32203,56,66,-10,10
32204,145,137,8,8
32205,107,97,10,10
32206,75,77,-2,2
32207,73,73,0,0
32208,58,64,-6,6
32209,73,71,2,2
32210,100,93,7,7
32211,154,138,16,16
32212,89,85,4,4
32213,86,79,7,7
32214,218,179,39,39
32215,96,94,2,2
32216,72,76,-4,4
32217,136,146,-10,10
32218,197,176,21,21
32219,75,82,-7,7
32220,138,128,10,10
32221,112,115,-3,3
32222,97,102,-5,5
32223,50,61,-11,11
32224,144,131,13,13
32225,62,66,-4,4
32226,91,98,-7,7
32227,108,107,1,1
32228,111,108,3,3
32229,154,145,9,9
32230,84,87,-3,3
32231,181,169,12,12
32232,80,81,-1,1
32233,134,125,9,9
32234,78,88,-10,10
32235,243,208,35,35
32236,59,58,1,1
32237,83,74,9,9
32238,76,68,8,8
32239,88,85,3,3
32240,62,67,-5,5
32241,81,81,0,0
32242,127,124,3,3
32243,119,112,7,7
32244,70,77,-7,7
32245,114,101,13,13
32246,91,90,1,1
32247,120,105,15,15
32248,61,62,-1,1
32249,73,75,-2,2
32250,77,85,-8,8
32251,175,167,8,8
32252,86,83,3,3
32253,125,115,10,10
32254,109,98,11,11
32255,90,97,-7,7
32256,71,76,-5,5
32257,64,67,-3,3
32258,91,84,7,7
32259,116,111,5,5
32260,63,63,0,0
32261,79,80,-1,1
32262,56,57,-1,1
32263,144,135,9,9
32264,130,111,19,19
32265,73,75,-2,2
32266,64,61,3,3
32267,146,125,21,21
32268,30,53,-23,23
32269,107,103,4,4
32270,80,89,-9,9
32271,94,110,-16,16
32272,57,62,-5,5
32273,85,87,-2,2
32274,157,145,12,12
32275,131,130,1,1
32276,170,143,27,27
32277,115,120,-5,5
32278,124,106,18,18
32279,83,83,0,0
32280,139,129,10,10
32281,104,105,-1,1
32282,54,59,-5,5
32283,117,109,8,8
32284,84,94,-10,10
32285,97,88,9,9
32286,50,49,1,1
32287,57,71,-14,14
32288,84,84,0,0
32289,70,75,-5,5
32290,75,81,-6,6
32291,33,60,-27,27
32292,110,124,-14,14
32293,60,65,-5,5
32294,66,71,-5,5
32295,121,110,11,11
32296,97,95,2,2
32297,128,116,12,12
32298,82,79,3,3
32299,110,104,6,6
32300,135,132,3,3
32301,96,96,0,0
32302,79,73,6,6
32303,82,76,6,6
32304,112,101,11,11
32305,119,117,2,2
32306,113,89,24,24
32307,129,123,6,6
32308,30,41,-11,11
32309,143,140,3,3
32310,48,56,-8,8
32311,70,75,-5,5
32312,66,97,-31,31
32313,117,122,-5,5
32314,49,54,-5,5
32315,73,76,-3,3
32316,104,110,-6,6
32317,78,91,-13,13
32318,94,97,-3,3
32319,39,46,-7,7
32320,163,150,13,13
32321,131,127,4,4
32322,78,85,-7,7
32323,107,110,-3,3
32324,40,51,-11,11
32325,83,84,-1,1
32326,88,100,-12,12
32327,104,99,5,5
32328,116,104,12,12
32329,144,126,18,18
32330,93,96,-3,3
32331,89,89,0,0
32332,110,103,7,7
32333,62,88,-26,26
32334,100,98,2,2
32335,79,82,-3,3
32336,80,80,0,0
32337,120,118,2,2
32338,84,97,-13,13
32339,88,93,-5,5
32340,132,135,-3,3
32341,93,88,5,5
32342,79,86,-7,7
32343,27,34,-7,7
32344,97,97,0,0
32345,167,148,19,19
32346,146,149,-3,3
32347,45,47,-2,2
32348,53,54,-1,1
32349,57,62,-5,5
32350,40,51,-11,11
32351,77,82,-5,5
32352,120,112,8,8
32353,87,98,-11,11
32354,189,164,25,25
32355,84,90,-6,6
32356,68,71,-3,3
32357,85,90,-5,5
32358,75,82,-7,7
32359,58,63,-5,5
32360,67,70,-3,3
32361,58,62,-4,4
32362,38,47,-9,9
32363,63,70,-7,7
32364,82,92,-10,10
32365,111,122,-11,11
32366,168,151,17,17
32367,67,69,-2,2
32368,92,93,-1,1
32369,43,44,-1,1
32370,126,112,14,14
32371,94,94,0,0
32372,108,116,-8,8
32373,80,88,-8,8
32374,159,145,14,14
32375,101,86,15,15
32376,71,68,3,3
32377,77,85,-8,8
32378,53,61,-8,8
32379,96,100,-4,4
32380,144,123,21,21
32381,96,99,-3,3
32382,120,118,2,2
32383,91,88,3,3
32384,57,70,-13,13
32385,95,97,-2,2
32386,114,113,1,1
32387,115,119,-4,4
32388,63,59,4,4
32389,103,93,10,10
32390,213,189,24,24
32391,82,92,-10,10
32392,113,102,11,11
32393,75,79,-4,4
32394,122,123,-1,1
32395,82,72,10,10
32396,112,101,11,11
32397,114,109,5,5
32398,62,58,4,4
32399,145,129,16,16
32400,153,150,3,3
32401,102,77,25,25
32402,65,71,-6,6
32403,79,70,9,9
32404,85,87,-2,2
32405,69,67,2,2
32406,69,76,-7,7
32407,106,106,0,0
32408,73,72,1,1
32409,95,87,8,8
32410,68,77,-9,9
32411,72,77,-5,5
32412,71,78,-7,7
32413,135,126,9,9
32414,115,108,7,7
32415,75,79,-4,4
32416,57,63,-6,6
32417,33,36,-3,3
32418,73,75,-2,2
32419,147,144,3,3
32420,100,100,0,0
32421,81,82,-1,1
32422,130,127,3,3
32423,63,66,-3,3
32424,75,80,-5,5
32425,97,103,-6,6
32426,80,85,-5,5
32427,67,70,-3,3
32428,135,133,2,2
32429,48,53,-5,5
32430,113,115,-2,2
32431,62,65,-3,3
32432,66,66,0,0
32433,62,57,5,5
32434,140,147,-7,7
32435,82,86,-4,4
32436,86,88,-2,2
32437,123,123,0,0
32438,134,125,9,9
32439,63,69,-6,6
32440,142,130,12,12
32441,63,68,-5,5
32442,94,88,6,6
32443,72,77,-5,5
32444,146,132,14,14
32445,90,76,14,14
32446,57,63,-6,6
32447,51,64,-13,13
32448,64,71,-7,7
32449,80,87,-7,7
32450,105,105,0,0
32451,109,105,4,4
32452,99,106,-7,7
32453,209,178,31,31
32454,82,76,6,6
32455,49,60,-11,11
32456,72,70,2,2
32457,62,67,-5,5
32458,50,58,-8,8
32459,153,147,6,6
32460,140,120,20,20
32461,95,88,7,7
32462,81,77,4,4
32463,114,101,13,13
32464,130,125,5,5
32465,31,43,-12,12
32466,86,93,-7,7
32467,100,104,-4,4
32468,58,62,-4,4
32469,58,62,-4,4
32470,95,84,11,11
32471,121,123,-2,2
32472,83,85,-2,2
32473,152,140,12,12
32474,138,139,-1,1
32475,128,127,1,1
32476,92,101,-9,9
32477,64,75,-11,11
32478,72,80,-8,8
32479,110,109,1,1
32480,57,60,-3,3
32481,99,92,7,7
32482,98,93,5,5
32483,73,86,-13,13
32484,53,59,-6,6
32485,55,66,-11,11
32486,61,64,-3,3
32487,239,202,37,37
32488,86,87,-1,1
32489,133,115,18,18
32490,80,84,-4,4
32491,76,72,4,4
32492,79,73,6,6
32493,140,117,23,23
32494,97,99,-2,2
32495,74,65,9,9
32496,142,130,12,12
32497,82,82,0,0
32498,62,65,-3,3
32499,101,106,-5,5
32500,69,86,-17,17
32501,171,159,12,12
32502,69,79,-10,10
32503,72,73,-1,1
32504,93,93,0,0
32505,78,86,-8,8
32506,68,73,-5,5
32507,54,60,-6,6
32508,110,108,2,2
32509,69,81,-12,12
32510,92,88,4,4
32511,65,67,-2,2
32512,28,28,0,0
32513,65,71,-6,6
32514,69,66,3,3
32515,119,103,16,16
32516,78,75,3,3
32517,75,74,1,1
32518,70,71,-1,1
32519,57,70,-13,13
32520,88,91,-3,3
32521,80,74,6,6
32522,113,111,2,2
32523,63,69,-6,6
32524,91,90,1,1
32525,141,123,18,18
32526,88,90,-2,2
32527,46,58,-12,12
32528,109,103,6,6
32529,98,99,-1,1
32530,177,161,16,16
32531,142,136,6,6
32532,56,64,-8,8
32533,166,143,23,23
32534,70,70,0,0
32535,64,69,-5,5
32536,70,74,-4,4
32537,66,78,-12,12
32538,104,95,9,9
32539,131,118,13,13
32540,82,86,-4,4
32541,65,67,-2,2
32542,95,93,2,2
32543,79,74,5,5
32544,86,84,2,2
32545,84,83,1,1
32546,103,90,13,13
32547,77,77,0,0
32548,125,121,4,4
32549,122,118,4,4
32550,64,63,1,1
32551,95,104,-9,9
32552,79,83,-4,4
32553,67,67,0,0
32554,160,148,12,12
32555,103,100,3,3
32556,114,107,7,7
32557,74,79,-5,5
32558,123,117,6,6
32559,50,62,-12,12
32560,53,60,-7,7
32561,195,185,10,10
32562,71,74,-3,3
32563,171,143,28,28
32564,90,96,-6,6
32565,75,77,-2,2
32566,84,89,-5,5
32567,86,104,-18,18
32568,101,102,-1,1
32569,131,112,19,19
32570,159,141,18,18
32571,52,64,-12,12
32572,119,110,9,9
32573,85,82,3,3
32574,97,95,2,2
32575,73,77,-4,4
32576,54,64,-10,10
32577,73,71,2,2
32578,127,117,10,10
32579,164,156,8,8
32580,104,91,13,13
32581,57,60,-3,3
32582,40,55,-15,15
32583,103,103,0,0
32584,149,130,19,19
32585,105,96,9,9
32586,184,158,26,26
32587,74,74,0,0
32588,145,127,18,18
32589,74,82,-8,8
32590,83,95,-12,12
32591,82,77,5,5
32592,85,96,-11,11
32593,133,134,-1,1
32594,68,69,-1,1
32595,56,73,-17,17
32596,183,165,18,18
32597,66,68,-2,2
32598,115,123,-8,8
32599,86,85,1,1
32600,64,70,-6,6
32601,41,48,-7,7
32602,97,113,-16,16
32603,76,77,-1,1
32604,64,69,-5,5
32605,67,69,-2,2
32606,92,86,6,6
32607,86,87,-1,1
32608,86,87,-1,1
32609,114,109,5,5
32610,134,115,19,19
32611,80,74,6,6
32612,151,160,-9,9
32613,99,96,3,3
32614,144,140,4,4
32615,118,104,14,14
32616,74,76,-2,2
32617,85,78,7,7
32618,51,63,-12,12
32619,57,64,-7,7
32620,152,143,9,9
32621,80,82,-2,2
32622,83,76,7,7
32623,69,67,2,2
32624,126,136,-10,10
32625,178,160,18,18
32626,101,106,-5,5
32627,110,108,2,2
32628,53,62,-9,9
32629,89,96,-7,7
32630,97,98,-1,1
32631,81,78,3,3
32632,87,85,2,2
32633,52,57,-5,5
32634,98,94,4,4
32635,109,103,6,6
32636,103,98,5,5
32637,90,76,14,14
32638,73,73,0,0
32639,157,147,10,10
32640,106,97,9,9
32641,144,134,10,10
32642,105,105,0,0
32643,191,168,23,23
32644,79,76,3,3
32645,113,102,11,11
32646,66,67,-1,1
32647,62,82,-20,20
32648,71,79,-8,8
32649,93,93,0,0
32650,90,80,10,10
32651,81,79,2,2
32652,97,103,-6,6
32653,43,63,-20,20
32654,150,134,16,16
32655,78,76,2,2
32656,122,105,17,17
32657,76,77,-1,1
32658,50,64,-14,14
32659,78,90,-12,12
32660,68,81,-13,13
32661,92,84,8,8
32662,65,74,-9,9
32663,112,102,10,10
32664,69,74,-5,5
32665,86,85,1,1
32666,73,72,1,1
32667,99,96,3,3
32668,99,93,6,6
32669,70,78,-8,8
32670,88,87,1,1
32671,66,68,-2,2
32672,123,109,14,14
32673,72,64,8,8
32674,120,128,-8,8
32675,51,63,-12,12
32676,68,66,2,2
32677,103,106,-3,3
32678,76,75,1,1
32679,77,88,-11,11
32680,143,150,-7,7
32681,128,125,3,3
32682,87,82,5,5
32683,47,53,-6,6
32684,119,112,7,7
32685,119,112,7,7
32686,52,61,-9,9
32687,123,101,22,22
32688,78,80,-2,2
32689,135,135,0,0
32690,65,68,-3,3
32691,50,58,-8,8
32692,59,81,-22,22
32693,95,85,10,10
32694,74,87,-13,13
32695,127,109,18,18
32696,135,107,28,28
32697,80,80,0,0
32698,81,87,-6,6
32699,102,99,3,3
32700,131,123,8,8
32701,96,90,6,6
32702,100,101,-1,1
32703,104,100,4,4
32704,112,110,2,2
32705,103,91,12,12
32706,96,96,0,0
32707,86,82,4,4
32708,130,129,1,1
32709,47,56,-9,9
32710,118,111,7,7
32711,81,80,1,1
32712,117,95,22,22
32713,77,80,-3,3
32714,129,120,9,9
32715,111,89,22,22
32716,131,120,11,11
32717,67,73,-6,6
32718,66,66,0,0
32719,111,115,-4,4
32720,71,85,-14,14
32721,58,61,-3,3
32722,61,78,-17,17
32723,65,67,-2,2
32724,91,96,-5,5
32725,126,120,6,6
32726,79,68,11,11
32727,98,91,7,7
32728,83,103,-20,20
32729,46,52,-6,6
32730,71,74,-3,3
32731,56,69,-13,13
32732,74,71,3,3
32733,86,82,4,4
32734,125,116,9,9
32735,71,68,3,3
32736,62,67,-5,5
32737,96,67,29,29
32738,145,127,18,18
32739,73,73,0,0
32740,67,72,-5,5
32741,87,88,-1,1
32742,79,72,7,7
32743,93,94,-1,1
32744,72,74,-2,2
32745,68,68,0,0
32746,72,73,-1,1
32747,132,119,13,13
32748,75,74,1,1
32749,86,89,-3,3
32750,101,94,7,7
32751,193,183,10,10
32752,124,114,10,10
32753,96,87,9,9
32754,102,103,-1,1
32755,48,52,-4,4
32756,95,86,9,9
32757,172,163,9,9
32758,174,161,13,13
32759,171,147,24,24
32760,64,64,0,0
32761,90,93,-3,3
32762,77,80,-3,3
32763,79,79,0,0
32764,82,83,-1,1
32765,128,118,10,10
32766,96,95,1,1
32767,88,87,1,1
32768,78,79,-1,1
32769,115,116,-1,1
32770,75,83,-8,8
32771,132,122,10,10
32772,161,145,16,16
32773,117,107,10,10
32774,61,60,1,1
32775,84,76,8,8
32776,102,104,-2,2
32777,108,105,3,3
32778,108,117,-9,9
32779,156,144,12,12
32780,107,102,5,5
32781,74,71,3,3
32782,185,182,3,3
32783,61,77,-16,16
32784,106,101,5,5
32785,73,79,-6,6
32786,83,77,6,6
32787,53,59,-6,6
32788,216,187,29,29
32789,90,88,2,2
32790,94,105,-11,11
32791,113,115,-2,2
32792,48,54,-6,6
32793,125,142,-17,17
32794,58,62,-4,4
32795,112,107,5,5
32796,91,84,7,7
32797,90,99,-9,9
32798,104,97,7,7
32799,59,66,-7,7
32800,74,83,-9,9
32801,99,106,-7,7
32802,76,83,-7,7
32803,101,99,2,2
32804,143,135,8,8
32805,66,70,-4,4
32806,108,99,9,9
32807,126,116,10,10
32808,102,94,8,8
32809,106,108,-2,2
32810,84,82,2,2
32811,133,126,7,7
32812,68,71,-3,3
32813,133,126,7,7
32814,91,91,0,0
32815,148,142,6,6
32816,131,121,10,10
32817,105,97,8,8
32818,111,117,-6,6
32819,50,56,-6,6
32820,118,103,15,15
32821,56,67,-11,11
32822,76,80,-4,4
32823,141,128,13,13
32824,162,148,14,14
32825,144,142,2,2
32826,131,141,-10,10
32827,57,57,0,0
32828,105,109,-4,4
32829,74,73,1,1
32830,118,143,-25,25
32831,157,147,10,10
32832,105,101,4,4
32833,90,89,1,1
32834,96,102,-6,6
32835,161,151,10,10
32836,83,80,3,3
32837,145,132,13,13
32838,55,59,-4,4
32839,113,120,-7,7
32840,72,77,-5,5
32841,199,179,20,20
32842,57,71,-14,14
32843,86,89,-3,3
32844,124,116,8,8
32845,59,73,-14,14
32846,65,59,6,6
32847,82,80,2,2
32848,127,121,6,6
32849,82,88,-6,6
32850,101,93,8,8
32851,105,100,5,5
32852,94,95,-1,1
32853,125,113,12,12
32854,96,84,12,12
32855,48,56,-8,8
32856,68,74,-6,6
32857,98,99,-1,1
32858,152,140,12,12
32859,139,113,26,26
32860,80,87,-7,7
32861,113,107,6,6
32862,102,113,-11,11
32863,94,91,3,3
32864,56,64,-8,8
32865,112,108,4,4
32866,71,72,-1,1
32867,163,153,10,10
32868,95,99,-4,4
32869,165,154,11,11
32870,100,101,-1,1
32871,104,97,7,7
32872,68,80,-12,12
32873,152,143,9,9
32874,62,73,-11,11
32875,56,62,-6,6
32876,87,90,-3,3
32877,48,55,-7,7
32878,85,84,1,1
32879,82,97,-15,15
32880,70,89,-19,19
32881,80,80,0,0
32882,100,105,-5,5
32883,158,146,12,12
32884,143,130,13,13
32885,76,75,1,1
32886,64,69,-5,5
32887,121,113,8,8
32888,72,78,-6,6
32889,53,59,-6,6
32890,202,178,24,24
32891,54,60,-6,6
32892,58,60,-2,2
32893,125,115,10,10
32894,74,69,5,5
32895,58,98,-40,40
32896,144,143,1,1
32897,124,121,3,3
32898,84,85,-1,1
32899,27,66,-39,39
32900,84,78,6,6
32901,176,152,24,24
32902,44,55,-11,11
32903,66,72,-6,6
32904,73,84,-11,11
32905,71,87,-16,16
32906,42,74,-32,32
32907,61,84,-23,23
32908,71,69,2,2
32909,90,98,-8,8
32910,74,71,3,3
32911,109,95,14,14
32912,124,114,10,10
32913,94,93,1,1
32914,158,162,-4,4
32915,97,86,11,11
32916,73,69,4,4
32917,90,98,-8,8
32918,64,65,-1,1
32919,144,145,-1,1
32920,104,108,-4,4
32921,186,160,26,26
32922,102,96,6,6
32923,85,84,1,1
32924,96,101,-5,5
32925,122,115,7,7
32926,97,91,6,6
32927,96,94,2,2
32928,50,50,0,0
32929,110,124,-14,14
32930,89,87,2,2
32931,98,95,3,3
32932,123,128,-5,5
32933,53,60,-7,7
32934,114,108,6,6
32935,152,150,2,2
32936,146,149,-3,3
32937,134,122,12,12
32938,105,110,-5,5
32939,38,72,-34,34
32940,99,95,4,4
32941,107,101,6,6
32942,92,83,9,9
32943,120,118,2,2
32944,129,127,2,2
32945,95,89,6,6
32946,90,89,1,1
32947,103,102,1,1
32948,114,105,9,9
32949,59,66,-7,7
32950,36,41,-5,5
32951,99,98,1,1
32952,76,77,-1,1
32953,149,117,32,32
32954,106,89,17,17
32955,61,72,-11,11
32956,47,70,-23,23
32957,158,162,-4,4
32958,54,58,-4,4
32959,50,59,-9,9
32960,98,92,6,6
32961,94,88,6,6
32962,67,70,-3,3
32963,49,55,-6,6
32964,146,140,6,6
32965,135,118,17,17
32966,87,79,8,8
32967,98,100,-2,2
32968,59,62,-3,3
32969,86,83,3,3
32970,62,68,-6,6
32971,113,104,9,9
32972,93,94,-1,1
32973,75,82,-7,7
32974,83,81,2,2
32975,138,128,10,10
32976,67,72,-5,5
32977,84,77,7,7
32978,117,114,3,3
32979,64,69,-5,5
32980,80,77,3,3
32981,85,89,-4,4
32982,67,72,-5,5
32983,96,97,-1,1
32984,72,75,-3,3
32985,63,79,-16,16
32986,151,127,24,24
32987,49,57,-8,8
32988,103,83,20,20
32989,32,42,-10,10
32990,70,69,1,1
32991,135,133,2,2
32992,55,62,-7,7
32993,99,98,1,1
32994,114,113,1,1
32995,82,79,3,3
32996,119,119,0,0
32997,104,104,0,0
32998,123,114,9,9
32999,113,114,-1,1
33000,153,148,5,5
33001,89,91,-2,2
33002,48,76,-28,28
33003,113,103,10,10
33004,83,86,-3,3
33005,129,115,14,14
33006,67,76,-9,9
33007,96,93,3,3
33008,92,92,0,0
33009,103,94,9,9
33010,121,107,14,14
33011,48,59,-11,11
33012,98,90,8,8
33013,112,106,6,6
33014,107,107,0,0
33015,92,81,11,11
33016,72,78,-6,6
33017,86,86,0,0
33018,86,87,-1,1
33019,120,108,12,12
33020,65,72,-7,7
33021,86,82,4,4
33022,138,128,10,10
33023,74,82,-8,8
33024,60,64,-4,4
33025,125,111,14,14
33026,61,69,-8,8
33027,99,96,3,3
33028,150,138,12,12
33029,69,69,0,0
33030,41,40,1,1
33031,108,99,9,9
33032,163,160,3,3
33033,121,110,11,11
33034,72,75,-3,3
33035,109,101,8,8
33036,133,136,-3,3
33037,74,77,-3,3
33038,119,118,1,1
33039,77,77,0,0
33040,97,107,-10,10
33041,76,79,-3,3
33042,102,97,5,5
33043,88,83,5,5
33044,139,132,7,7
33045,93,89,4,4
33046,171,155,16,16
33047,115,129,-14,14
33048,73,74,-1,1
33049,102,96,6,6
33050,97,99,-2,2
33051,107,109,-2,2
33052,180,169,11,11
33053,78,80,-2,2
33054,279,241,38,38
33055,86,93,-7,7
33056,80,82,-2,2
33057,131,140,-9,9
33058,49,59,-10,10
33059,100,95,5,5
33060,53,65,-12,12
33061,116,106,10,10
33062,61,63,-2,2
33063,73,69,4,4
33064,70,67,3,3
33065,56,61,-5,5
33066,69,70,-1,1
33067,76,74,2,2
33068,57,65,-8,8
33069,36,41,-5,5
33070,75,85,-10,10
33071,62,63,-1,1
33072,78,77,1,1
33073,112,107,5,5
33074,85,82,3,3
33075,164,143,21,21
33076,52,66,-14,14
33077,102,101,1,1
33078,34,46,-12,12
33079,52,59,-7,7
33080,63,78,-15,15
33081,60,63,-3,3
33082,145,137,8,8
33083,74,79,-5,5
33084,106,110,-4,4
33085,53,59,-6,6
33086,114,115,-1,1
33087,135,136,-1,1
33088,119,112,7,7
33089,84,98,-14,14
33090,62,66,-4,4
33091,150,147,3,3
33092,178,186,-8,8
33093,125,122,3,3
33094,125,120,5,5
33095,56,63,-7,7
33096,83,86,-3,3
33097,79,93,-14,14
33098,66,70,-4,4
33099,62,67,-5,5
33100,77,84,-7,7
33101,113,110,3,3
33102,119,121,-2,2
33103,100,89,11,11
33104,121,119,2,2
33105,102,95,7,7
33106,106,114,-8,8
33107,67,68,-1,1
33108,104,95,9,9
33109,133,133,0,0
33110,138,125,13,13
33111,62,73,-11,11
33112,110,112,-2,2
33113,140,129,11,11
33114,80,77,3,3
33115,103,103,0,0
33116,114,107,7,7
33117,55,57,-2,2
33118,91,89,2,2
33119,38,50,-12,12
33120,89,78,11,11
33121,129,119,10,10
33122,30,69,-39,39
33123,103,97,6,6
33124,100,104,-4,4
33125,87,93,-6,6
33126,99,95,4,4
33127,87,87,0,0
33128,91,95,-4,4
33129,105,98,7,7
33130,104,99,5,5
33131,46,54,-8,8
33132,86,80,6,6
33133,59,77,-18,18
33134,135,138,-3,3
33135,47,55,-8,8
33136,108,92,16,16
33137,108,97,11,11
33138,120,119,1,1
33139,50,75,-25,25
33140,102,116,-14,14
33141,129,137,-8,8
33142,82,114,-32,32
33143,141,125,16,16
33144,87,83,4,4
33145,108,102,6,6
33146,113,121,-8,8
33147,166,152,14,14
33148,82,80,2,2
33149,34,64,-30,30
33150,57,62,-5,5
33151,128,134,-6,6
33152,86,92,-6,6
33153,70,70,0,0
33154,106,103,3,3
33155,111,108,3,3
33156,89,99,-10,10
33157,28,32,-4,4
33158,102,101,1,1
33159,159,138,21,21
33160,170,151,19,19
33161,98,100,-2,2
33162,77,81,-4,4
33163,118,120,-2,2
33164,96,93,3,3
33165,51,64,-13,13
33166,63,62,1,1
33167,70,72,-2,2
33168,99,109,-10,10
33169,58,61,-3,3
33170,60,64,-4,4
33171,78,82,-4,4
33172,45,63,-18,18
33173,89,100,-11,11
33174,69,73,-4,4
33175,84,90,-6,6
33176,73,72,1,1
33177,178,156,22,22
33178,63,72,-9,9
33179,108,102,6,6
33180,105,107,-2,2
33181,43,50,-7,7
33182,82,81,1,1
33183,76,83,-7,7
33184,143,124,19,19
33185,91,86,5,5
33186,63,68,-5,5
33187,136,126,10,10
33188,83,77,6,6
33189,128,117,11,11
33190,63,70,-7,7
33191,72,80,-8,8
33192,96,98,-2,2
33193,66,67,-1,1
33194,89,102,-13,13
33195,74,71,3,3
33196,69,73,-4,4
33197,86,86,0,0
33198,105,98,7,7
33199,92,95,-3,3
33200,49,62,-13,13
33201,151,132,19,19
33202,87,95,-8,8
33203,86,85,1,1
33204,55,58,-3,3
33205,113,121,-8,8
33206,96,96,0,0
33207,84,81,3,3
33208,102,98,4,4
33209,85,90,-5,5
33210,141,135,6,6
33211,90,78,12,12
33212,57,64,-7,7
33213,80,87,-7,7
33214,111,104,7,7
33215,82,119,-37,37
33216,85,87,-2,2
33217,85,80,5,5
33218,67,70,-3,3
33219,86,83,3,3
33220,102,93,9,9
33221,71,74,-3,3
33222,130,150,-20,20
33223,76,81,-5,5
33224,70,75,-5,5
33225,86,93,-7,7
33226,55,54,1,1
33227,97,98,-1,1
33228,98,112,-14,14
33229,70,65,5,5
33230,102,96,6,6
33231,79,74,5,5
33232,104,99,5,5
33233,70,65,5,5
33234,94,90,4,4
33235,103,104,-1,1
33236,102,104,-2,2
33237,102,97,5,5
33238,67,68,-1,1
33239,165,156,9,9
33240,73,92,-19,19
33241,149,130,19,19
33242,92,88,4,4
33243,57,70,-13,13
33244,76,67,9,9
33245,129,120,9,9
33246,66,73,-7,7
33247,132,122,10,10
33248,108,101,7,7
33249,162,163,-1,1
33250,104,99,5,5
33251,98,104,-6,6
33252,81,79,2,2
33253,106,109,-3,3
33254,134,139,-5,5
33255,118,117,1,1
33256,156,137,19,19
33257,73,76,-3,3
33258,106,103,3,3
33259,64,64,0,0
33260,66,67,-1,1
33261,126,107,19,19
33262,103,103,0,0
33263,57,62,-5,5
33264,158,160,-2,2
33265,103,101,2,2
33266,103,101,2,2
33267,172,154,18,18
33268,137,136,1,1
33269,95,90,5,5
33270,127,118,9,9
33271,87,85,2,2
33272,136,114,22,22
33273,51,58,-7,7
33274,95,91,4,4
33275,100,99,1,1
33276,140,129,11,11
33277,102,103,-1,1
33278,69,71,-2,2
33279,148,139,9,9
33280,121,136,-15,15
33281,133,135,-2,2
33282,106,108,-2,2
33283,95,90,5,5
33284,71,85,-14,14
33285,148,146,2,2
33286,188,169,19,19
33287,111,107,4,4
33288,88,89,-1,1
33289,71,87,-16,16
33290,83,89,-6,6
33291,44,52,-8,8
33292,69,70,-1,1
33293,44,50,-6,6
33294,111,105,6,6
33295,105,109,-4,4
33296,76,79,-3,3
33297,95,95,0,0
33298,181,165,16,16
33299,128,116,12,12
33300,81,81,0,0
33301,175,151,24,24
33302,57,61,-4,4
33303,70,69,1,1
33304,77,74,3,3
33305,61,67,-6,6
33306,108,107,1,1
33307,69,76,-7,7
33308,61,64,-3,3
33309,116,109,7,7
33310,50,58,-8,8
33311,95,87,8,8
33312,62,72,-10,10
33313,161,147,14,14
33314,101,100,1,1
33315,84,82,2,2
33316,87,93,-6,6
33317,71,74,-3,3
33318,56,64,-8,8
33319,77,78,-1,1
33320,100,116,-16,16
33321,74,82,-8,8
33322,59,69,-10,10
33323,117,114,3,3
33324,102,99,3,3
33325,97,95,2,2
33326,77,78,-1,1
33327,128,132,-4,4
33328,89,89,0,0
33329,67,71,-4,4
33330,69,76,-7,7
33331,104,105,-1,1
33332,55,63,-8,8
33333,62,67,-5,5
33334,101,96,5,5
33335,78,85,-7,7
33336,86,76,10,10
33337,81,81,0,0
33338,104,94,10,10
33339,57,59,-2,2
33340,101,91,10,10
33341,84,80,4,4
33342,73,82,-9,9
33343,106,106,0,0
33344,102,103,-1,1
33345,71,80,-9,9
33346,144,140,4,4
33347,131,114,17,17
33348,82,74,8,8
33349,83,76,7,7
33350,169,156,13,13
33351,70,70,0,0
33352,158,146,12,12
33353,162,129,33,33
33354,104,95,9,9
33355,52,46,6,6
33356,59,62,-3,3
33357,70,74,-4,4
33358,112,116,-4,4
33359,106,97,9,9
33360,130,119,11,11
33361,111,100,11,11
33362,117,105,12,12
33363,118,123,-5,5
33364,74,81,-7,7
33365,52,59,-7,7
33366,97,107,-10,10
33367,72,75,-3,3
33368,84,80,4,4
33369,50,59,-9,9
33370,101,100,1,1
33371,52,58,-6,6
33372,85,90,-5,5
33373,90,90,0,0
33374,66,75,-9,9
33375,132,115,17,17
33376,91,94,-3,3
33377,46,55,-9,9
33378,36,46,-10,10
33379,94,96,-2,2
33380,65,70,-5,5
33381,85,86,-1,1
33382,78,79,-1,1
33383,140,143,-3,3
33384,79,82,-3,3
33385,108,105,3,3
33386,84,83,1,1
33387,89,89,0,0
33388,119,107,12,12
33389,52,55,-3,3
33390,130,113,17,17
33391,57,55,2,2
33392,128,118,10,10
33393,106,95,11,11
33394,65,63,2,2
33395,75,83,-8,8
33396,153,152,1,1
33397,42,51,-9,9
33398,70,70,0,0
33399,157,148,9,9
33400,153,144,9,9
33401,93,88,5,5
33402,85,82,3,3
33403,70,81,-11,11
33404,84,88,-4,4
33405,61,64,-3,3
33406,80,81,-1,1
33407,60,61,-1,1
33408,60,65,-5,5
33409,122,116,6,6
33410,87,88,-1,1
33411,207,157,50,50
33412,102,105,-3,3
33413,52,63,-11,11
33414,75,81,-6,6
33415,62,66,-4,4
33416,82,90,-8,8
33417,144,120,24,24
33418,130,130,0,0
33419,90,79,11,11
33420,71,77,-6,6
33421,77,74,3,3
33422,72,73,-1,1
33423,46,53,-7,7
33424,55,68,-13,13
33425,64,99,-35,35
33426,73,72,1,1
33427,76,84,-8,8
33428,100,99,1,1
33429,108,96,12,12
33430,130,120,10,10
33431,136,126,10,10
33432,89,88,1,1
33433,79,87,-8,8
33434,110,100,10,10
33435,125,127,-2,2
33436,79,88,-9,9
33437,32,31,1,1
33438,97,123,-26,26
33439,135,126,9,9
33440,93,93,0,0
33441,111,108,3,3
33442,87,97,-10,10
33443,131,114,17,17
33444,72,70,2,2
33445,72,82,-10,10
33446,192,158,34,34
33447,129,113,16,16
33448,102,98,4,4
33449,86,77,9,9
33450,134,120,14,14
33451,157,149,8,8
33452,75,78,-3,3
33453,93,93,0,0
33454,96,93,3,3
33455,105,102,3,3
33456,110,105,5,5
33457,137,125,12,12
33458,194,182,12,12
33459,82,82,0,0
33460,102,110,-8,8
33461,92,95,-3,3
33462,119,97,22,22
33463,113,106,7,7
33464,85,87,-2,2
33465,66,72,-6,6
33466,145,140,5,5
33467,112,109,3,3
33468,133,129,4,4
33469,113,101,12,12
33470,175,145,30,30
33471,113,119,-6,6
33472,59,64,-5,5
33473,97,99,-2,2
33474,74,76,-2,2
33475,53,57,-4,4
33476,108,106,2,2
33477,133,117,16,16
33478,46,52,-6,6
33479,135,116,19,19
33480,111,103,8,8
33481,117,105,12,12
33482,69,72,-3,3
33483,175,154,21,21
33484,83,80,3,3
33485,80,84,-4,4
33486,95,102,-7,7
33487,80,81,-1,1
33488,71,74,-3,3
33489,61,63,-2,2
33490,83,83,0,0
33491,168,152,16,16
33492,78,76,2,2
33493,79,88,-9,9
33494,112,115,-3,3
33495,73,76,-3,3
33496,71,89,-18,18
33497,86,88,-2,2
33498,105,109,-4,4
33499,103,96,7,7
33500,81,81,0,0
33501,70,74,-4,4
33502,107,97,10,10
33503,150,148,2,2
33504,70,66,4,4
33505,80,87,-7,7
33506,48,63,-15,15
33507,100,106,-6,6
33508,52,65,-13,13
33509,97,96,1,1
33510,172,157,15,15
33511,28,41,-13,13
33512,42,79,-37,37
33513,120,113,7,7
33514,60,68,-8,8
33515,118,104,14,14
33516,175,154,21,21
33517,69,72,-3,3
33518,50,58,-8,8
33519,90,91,-1,1
33520,109,106,3,3
33521,63,74,-11,11
33522,63,67,-4,4
33523,54,62,-8,8
33524,115,113,2,2
33525,61,65,-4,4
33526,91,94,-3,3
33527,76,92,-16,16
33528,72,80,-8,8
33529,64,69,-5,5
33530,47,52,-5,5
33531,67,66,1,1
33532,111,105,6,6
33533,102,128,-26,26
33534,68,67,1,1
33535,101,88,13,13
33536,154,132,22,22
33537,71,76,-5,5
33538,77,75,2,2
33539,74,74,0,0
33540,95,97,-2,2
33541,98,98,0,0
33542,87,82,5,5
33543,134,132,2,2
33544,118,114,4,4
33545,146,139,7,7
33546,82,93,-11,11
33547,85,73,12,12
33548,68,92,-24,24
33549,62,65,-3,3
33550,79,70,9,9
33551,33,41,-8,8
33552,130,116,14,14
33553,88,81,7,7
33554,132,129,3,3
33555,69,78,-9,9
33556,98,88,10,10
33557,113,98,15,15
33558,84,86,-2,2
33559,78,76,2,2
33560,121,112,9,9
33561,69,72,-3,3
33562,70,87,-17,17
33563,89,93,-4,4
33564,97,96,1,1
33565,89,87,2,2
33566,128,120,8,8
33567,149,140,9,9
33568,115,107,8,8
33569,68,76,-8,8
33570,44,48,-4,4
33571,36,47,-11,11
33572,64,82,-18,18
33573,75,69,6,6
33574,85,85,0,0
33575,90,91,-1,1
33576,98,112,-14,14
33577,110,99,11,11
33578,91,95,-4,4
33579,179,156,23,23
33580,97,83,14,14
33581,65,72,-7,7
33582,111,114,-3,3
33583,191,158,33,33
33584,181,154,27,27
33585,58,68,-10,10
33586,90,77,13,13
33587,101,93,8,8
33588,164,142,22,22
33589,117,102,15,15
33590,84,90,-6,6
33591,112,104,8,8
33592,117,103,14,14
33593,80,83,-3,3
33594,150,140,10,10
33595,94,95,-1,1
33596,115,114,1,1
33597,157,139,18,18
33598,69,74,-5,5
33599,61,65,-4,4
33600,97,97,0,0
33601,74,79,-5,5
33602,90,92,-2,2
33603,59,63,-4,4
33604,121,105,16,16
33605,102,92,10,10
33606,107,110,-3,3
33607,102,107,-5,5
33608,256,236,20,20
33609,75,79,-4,4
33610,80,81,-1,1
33611,67,72,-5,5
33612,122,114,8,8
33613,65,64,1,1
33614,74,82,-8,8
33615,86,87,-1,1
33616,206,187,19,19
33617,139,138,1,1
33618,76,77,-1,1
33619,186,168,18,18
33620,111,109,2,2
33621,80,74,6,6
33622,148,144,4,4
33623,76,84,-8,8
33624,123,142,-19,19
33625,79,95,-16,16
33626,118,109,9,9
33627,51,59,-8,8
33628,88,102,-14,14
33629,157,147,10,10
33630,84,89,-5,5
33631,129,116,13,13
33632,131,115,16,16
33633,74,92,-18,18
33634,93,94,-1,1
33635,88,91,-3,3
33636,74,84,-10,10
33637,102,99,3,3
33638,143,135,8,8
33639,67,68,-1,1
33640,197,170,27,27
33641,98,89,9,9
33642,117,105,12,12
33643,120,120,0,0
33644,118,122,-4,4
33645,63,58,5,5
33646,139,139,0,0
33647,144,146,-2,2
33648,96,89,7,7
33649,110,90,20,20
33650,121,117,4,4
33651,68,81,-13,13
33652,84,102,-18,18
33653,118,112,6,6
33654,96,97,-1,1
33655,78,83,-5,5
33656,27,32,-5,5
33657,157,144,13,13
33658,137,127,10,10
33659,107,105,2,2
33660,95,95,0,0
33661,45,60,-15,15
33662,69,98,-29,29
33663,196,168,28,28
33664,108,94,14,14
33665,88,82,6,6
33666,199,171,28,28
33667,111,112,-1,1
33668,179,155,24,24
33669,157,152,5,5
33670,82,74,8,8
33671,77,74,3,3
33672,56,57,-1,1
33673,63,70,-7,7
33674,196,171,25,25
33675,89,94,-5,5
33676,126,120,6,6
33677,39,41,-2,2
33678,80,89,-9,9
33679,97,94,3,3
33680,85,82,3,3
33681,58,61,-3,3
33682,132,121,11,11
33683,54,70,-16,16
33684,99,96,3,3
33685,91,94,-3,3
33686,75,71,4,4
33687,57,71,-14,14
33688,66,74,-8,8
33689,105,111,-6,6
33690,51,56,-5,5
33691,134,116,18,18
33692,27,28,-1,1
33693,71,69,2,2
33694,65,66,-1,1
33695,112,90,22,22
33696,100,102,-2,2
33697,56,60,-4,4
33698,74,77,-3,3
33699,137,126,11,11
33700,96,100,-4,4
33701,113,121,-8,8
33702,56,61,-5,5
33703,91,96,-5,5
33704,179,168,11,11
33705,54,56,-2,2
33706,90,92,-2,2
33707,92,90,2,2
33708,87,85,2,2
33709,122,108,14,14
33710,150,131,19,19
33711,90,87,3,3
33712,98,94,4,4
33713,59,65,-6,6
33714,122,117,5,5
33715,150,149,1,1
33716,74,74,0,0
33717,65,71,-6,6
33718,53,64,-11,11
33719,93,94,-1,1
33720,108,99,9,9
33721,70,80,-10,10
33722,135,125,10,10
33723,87,94,-7,7
33724,65,77,-12,12
33725,55,54,1,1
33726,40,48,-8,8
33727,88,85,3,3
33728,168,147,21,21
33729,37,45,-8,8
33730,80,72,8,8
33731,92,82,10,10
33732,157,140,17,17
33733,121,120,1,1
33734,119,121,-2,2
33735,131,106,25,25
33736,112,100,12,12
33737,71,84,-13,13
33738,73,77,-4,4
33739,99,95,4,4
33740,81,75,6,6
33741,70,73,-3,3
33742,91,87,4,4
33743,63,66,-3,3
33744,65,67,-2,2
33745,92,98,-6,6
33746,83,79,4,4
33747,62,71,-9,9
33748,137,128,9,9
33749,194,168,26,26
33750,104,97,7,7
33751,136,132,4,4
33752,149,141,8,8
33753,109,107,2,2
33754,70,70,0,0
33755,121,114,7,7
33756,73,76,-3,3
33757,97,89,8,8
33758,105,98,7,7
33759,131,122,9,9
33760,118,108,10,10
33761,97,93,4,4
33762,49,55,-6,6
33763,110,106,4,4
33764,87,93,-6,6
33765,107,103,4,4
33766,72,71,1,1
33767,173,159,14,14
33768,117,115,2,2
33769,91,95,-4,4
33770,93,79,14,14
33771,34,29,5,5
33772,75,72,3,3
33773,110,114,-4,4
33774,76,87,-11,11
33775,122,152,-30,30
33776,94,98,-4,4
33777,60,66,-6,6
33778,96,100,-4,4
33779,92,95,-3,3
33780,155,139,16,16
33781,116,104,12,12
33782,113,108,5,5
33783,70,67,3,3
33784,127,129,-2,2
33785,104,107,-3,3
33786,103,105,-2,2
33787,66,64,2,2
33788,58,65,-7,7
33789,47,63,-16,16
33790,124,122,2,2
33791,47,46,1,1
33792,134,118,16,16
33793,126,112,14,14
33794,133,133,0,0
33795,101,100,1,1
33796,48,52,-4,4
33797,69,77,-8,8
33798,62,64,-2,2
33799,112,98,14,14
33800,124,126,-2,2
33801,68,69,-1,1
33802,70,69,1,1
33803,98,98,0,0
33804,61,77,-16,16
33805,98,103,-5,5
33806,128,111,17,17
33807,112,103,9,9
33808,62,68,-6,6
33809,106,97,9,9
33810,90,83,7,7
33811,57,62,-5,5
33812,127,122,5,5
33813,83,80,3,3
33814,123,117,6,6
33815,99,93,6,6
33816,114,114,0,0
33817,124,125,-1,1
33818,63,68,-5,5
33819,169,155,14,14
33820,86,86,0,0
33821,97,97,0,0
33822,95,89,6,6
33823,97,94,3,3
33824,120,106,14,14
33825,100,95,5,5
33826,127,132,-5,5
33827,65,72,-7,7
33828,74,77,-3,3
33829,146,140,6,6
33830,93,94,-1,1
33831,76,77,-1,1
33832,127,117,10,10
33833,61,65,-4,4
33834,81,86,-5,5
33835,132,102,30,30
33836,69,65,4,4
33837,56,72,-16,16
33838,103,98,5,5
33839,110,113,-3,3
33840,102,98,4,4
33841,74,71,3,3
33842,111,110,1,1
33843,74,75,-1,1
33844,58,64,-6,6
33845,96,102,-6,6
33846,67,71,-4,4
33847,57,64,-7,7
33848,104,99,5,5
33849,60,71,-11,11
33850,50,63,-13,13
33851,120,114,6,6
33852,73,76,-3,3
33853,45,51,-6,6
33854,95,96,-1,1
33855,125,127,-2,2
33856,106,104,2,2
33857,80,75,5,5
33858,138,129,9,9
33859,105,105,0,0
33860,100,97,3,3
33861,89,89,0,0
33862,161,135,26,26
33863,115,118,-3,3
33864,109,98,11,11
33865,120,110,10,10
33866,64,65,-1,1
33867,85,86,-1,1
33868,139,132,7,7
33869,56,65,-9,9
33870,100,100,0,0
33871,61,65,-4,4
33872,87,91,-4,4
33873,78,73,5,5
33874,135,121,14,14
33875,149,147,2,2
33876,123,114,9,9
33877,114,98,16,16
33878,106,108,-2,2
33879,121,102,19,19
33880,103,113,-10,10
33881,133,131,2,2
33882,83,81,2,2
33883,90,84,6,6
33884,43,47,-4,4
33885,195,170,25,25
33886,82,77,5,5
33887,121,114,7,7
33888,77,78,-1,1
33889,80,86,-6,6
33890,56,63,-7,7
33891,70,67,3,3
33892,57,61,-4,4
33893,98,100,-2,2
33894,85,88,-3,3
33895,102,98,4,4
33896,114,98,16,16
33897,153,142,11,11
33898,61,64,-3,3
33899,99,96,3,3
33900,77,75,2,2
33901,89,77,12,12
33902,79,76,3,3
33903,108,112,-4,4
33904,102,85,17,17
33905,54,64,-10,10
33906,101,95,6,6
33907,131,119,12,12
33908,56,66,-10,10
33909,110,102,8,8
33910,78,74,4,4
33911,153,139,14,14
33912,73,79,-6,6
33913,105,97,8,8
33914,57,78,-21,21
33915,95,105,-10,10
33916,56,67,-11,11
33917,107,100,7,7
33918,62,81,-19,19
33919,157,149,8,8
33920,94,90,4,4
33921,84,74,10,10
33922,131,121,10,10
33923,75,75,0,0
33924,122,115,7,7
33925,114,119,-5,5
33926,61,62,-1,1
33927,137,137,0,0
33928,72,72,0,0
33929,115,99,16,16
33930,49,86,-37,37
33931,98,93,5,5
33932,114,113,1,1
33933,79,79,0,0
33934,75,72,3,3
33935,111,94,17,17
33936,84,85,-1,1
33937,61,66,-5,5
33938,70,78,-8,8
33939,103,106,-3,3
33940,119,104,15,15
33941,62,68,-6,6
33942,94,84,10,10
33943,161,145,16,16
33944,253,210,43,43
33945,112,112,0,0
33946,63,75,-12,12
33947,90,86,4,4
33948,124,119,5,5
33949,85,74,11,11
33950,167,157,10,10
33951,115,95,20,20
33952,113,99,14,14
33953,95,96,-1,1
33954,93,92,1,1
33955,138,120,18,18
33956,74,77,-3,3
33957,52,61,-9,9
33958,104,100,4,4
33959,143,132,11,11
33960,74,83,-9,9
33961,69,71,-2,2
33962,133,132,1,1
33963,82,81,1,1
33964,98,92,6,6
33965,77,77,0,0
33966,142,138,4,4
33967,84,88,-4,4
33968,95,99,-4,4
33969,83,80,3,3
33970,114,101,13,13
33971,53,77,-24,24
33972,91,86,5,5
33973,122,123,-1,1
33974,89,110,-21,21
33975,81,87,-6,6
33976,110,109,1,1
33977,96,91,5,5
33978,119,110,9,9
33979,80,84,-4,4
33980,108,99,9,9
33981,71,70,1,1
33982,80,77,3,3
33983,157,156,1,1
33984,85,73,12,12
33985,47,58,-11,11
33986,68,64,4,4
33987,86,74,12,12
33988,71,73,-2,2
33989,64,65,-1,1
33990,65,69,-4,4
33991,155,156,-1,1
33992,108,113,-5,5
33993,188,164,24,24
33994,109,107,2,2
33995,64,69,-5,5
33996,120,134,-14,14
33997,72,74,-2,2
33998,55,63,-8,8
33999,69,70,-1,1
34000,186,161,25,25
34001,96,110,-14,14
34002,77,81,-4,4
34003,83,84,-1,1
34004,79,75,4,4
34005,55,70,-15,15
34006,155,143,12,12
34007,91,91,0,0
34008,48,61,-13,13
34009,122,115,7,7
34010,75,88,-13,13
34011,109,111,-2,2
34012,110,105,5,5
34013,79,77,2,2
34014,69,70,-1,1
34015,78,83,-5,5
34016,129,126,3,3
34017,131,123,8,8
34018,45,53,-8,8
34019,96,90,6,6
34020,105,119,-14,14
34021,128,125,3,3
34022,139,133,6,6
34023,116,104,12,12
34024,81,80,1,1
34025,77,81,-4,4
34026,100,97,3,3
34027,68,69,-1,1
34028,70,77,-7,7
34029,222,217,5,5
34030,22,32,-10,10
34031,121,114,7,7
34032,67,72,-5,5
34033,87,82,5,5
34034,58,61,-3,3
34035,69,82,-13,13
34036,71,82,-11,11
34037,54,69,-15,15
34038,60,59,1,1
34039,87,87,0,0
34040,101,96,5,5
34041,61,64,-3,3
34042,141,123,18,18
34043,121,125,-4,4
34044,102,93,9,9
34045,78,81,-3,3
34046,96,107,-11,11
34047,56,57,-1,1
34048,101,90,11,11
34049,64,69,-5,5
34050,55,67,-12,12
34051,89,81,8,8
34052,84,77,7,7
34053,90,88,2,2
34054,166,149,17,17
34055,85,106,-21,21
34056,94,94,0,0
34057,130,136,-6,6
34058,146,147,-1,1
34059,77,94,-17,17
34060,97,91,6,6
34061,102,97,5,5
34062,150,146,4,4
34063,104,100,4,4
34064,90,90,0,0
34065,70,72,-2,2
34066,45,51,-6,6
34067,76,71,5,5
34068,90,104,-14,14
34069,63,61,2,2
34070,123,116,7,7
34071,91,78,13,13
34072,102,90,12,12
34073,120,110,10,10
34074,48,72,-24,24
34075,42,53,-11,11
34076,85,86,-1,1
34077,67,67,0,0
34078,73,65,8,8
34079,67,70,-3,3
34080,87,88,-1,1
34081,172,144,28,28
34082,128,135,-7,7
34083,116,114,2,2
34084,102,95,7,7
34085,134,131,3,3
34086,94,103,-9,9
34087,55,60,-5,5
34088,175,169,6,6
34089,71,74,-3,3
34090,53,64,-11,11
34091,92,99,-7,7
34092,111,102,9,9
34093,120,119,1,1
34094,107,112,-5,5
34095,48,50,-2,2
34096,85,79,6,6
34097,122,139,-17,17
34098,90,94,-4,4
34099,70,69,1,1
34100,63,68,-5,5
34101,110,102,8,8
34102,56,65,-9,9
34103,96,100,-4,4
34104,79,82,-3,3
34105,56,60,-4,4
34106,115,101,14,14
34107,60,70,-10,10
34108,59,63,-4,4
34109,74,74,0,0
34110,110,112,-2,2
34111,99,107,-8,8
34112,106,104,2,2
34113,62,59,3,3
34114,93,94,-1,1
34115,59,62,-3,3
34116,88,82,6,6
34117,75,90,-15,15
34118,78,72,6,6
34119,67,73,-6,6
34120,118,108,10,10
34121,66,65,1,1
34122,69,71,-2,2
34123,110,98,12,12
34124,102,100,2,2
34125,127,124,3,3
34126,99,97,2,2
34127,127,127,0,0
34128,97,84,13,13
34129,52,53,-1,1
34130,56,64,-8,8
34131,64,66,-2,2
34132,111,102,9,9
34133,114,109,5,5
34134,162,142,20,20
34135,56,73,-17,17
34136,35,39,-4,4
34137,83,85,-2,2
34138,151,150,1,1
34139,77,79,-2,2
34140,65,73,-8,8
34141,67,71,-4,4
34142,81,80,1,1
34143,56,60,-4,4
34144,67,70,-3,3
34145,59,59,0,0
34146,142,121,21,21
34147,79,81,-2,2
34148,104,101,3,3
34149,68,72,-4,4
34150,67,77,-10,10
34151,56,62,-6,6
34152,66,68,-2,2
34153,31,29,2,2
34154,121,108,13,13
34155,115,106,9,9
34156,68,68,0,0
34157,103,103,0,0
34158,71,78,-7,7
34159,115,118,-3,3
34160,122,107,15,15
34161,99,93,6,6
34162,112,107,5,5
34163,215,207,8,8
34164,68,75,-7,7
34165,84,83,1,1
34166,82,82,0,0
34167,82,82,0,0
34168,95,89,6,6
34169,80,82,-2,2
34170,121,108,13,13
34171,103,95,8,8
34172,74,79,-5,5
34173,59,63,-4,4
34174,106,97,9,9
34175,62,60,2,2
34176,49,54,-5,5
34177,62,67,-5,5
34178,151,145,6,6
34179,178,148,30,30
34180,96,95,1,1
34181,91,93,-2,2
34182,74,76,-2,2
34183,78,86,-8,8
34184,95,114,-19,19
34185,109,105,4,4
34186,59,66,-7,7
34187,64,60,4,4
34188,122,107,15,15
34189,106,106,0,0
34190,137,131,6,6
34191,79,77,2,2
34192,45,57,-12,12
34193,96,89,7,7
34194,53,58,-5,5
34195,121,109,12,12
34196,138,137,1,1
34197,107,98,9,9
34198,90,88,2,2
34199,83,86,-3,3
34200,65,67,-2,2
34201,68,79,-11,11
34202,50,55,-5,5
34203,44,73,-29,29
34204,78,83,-5,5
34205,74,77,-3,3
34206,67,69,-2,2
34207,116,102,14,14
34208,50,52,-2,2
34209,100,93,7,7
34210,52,59,-7,7
34211,70,70,0,0
34212,92,93,-1,1
34213,130,117,13,13
34214,139,143,-4,4
34215,96,88,8,8
34216,98,92,6,6
34217,49,52,-3,3
34218,90,84,6,6
34219,103,111,-8,8
34220,39,52,-13,13
34221,172,144,28,28
34222,104,97,7,7
34223,63,68,-5,5
34224,78,75,3,3
34225,65,72,-7,7
34226,58,62,-4,4
34227,140,141,-1,1
34228,95,102,-7,7
34229,77,73,4,4
34230,122,109,13,13
34231,63,56,7,7
34232,26,28,-2,2
34233,78,79,-1,1
34234,60,69,-9,9
34235,80,79,1,1
34236,96,96,0,0
34237,62,67,-5,5
34238,77,82,-5,5
34239,101,95,6,6
34240,103,102,1,1
34241,87,93,-6,6
34242,132,126,6,6
34243,223,181,42,42
34244,117,107,10,10
34245,151,140,11,11
34246,87,96,-9,9
34247,103,98,5,5
34248,59,69,-10,10
34249,150,124,26,26
34250,100,92,8,8
34251,92,82,10,10
34252,65,79,-14,14
34253,72,72,0,0
34254,48,53,-5,5
34255,114,105,9,9
34256,63,60,3,3
34257,139,130,9,9
34258,86,86,0,0
34259,96,85,11,11
34260,80,79,1,1
34261,126,112,14,14
34262,112,106,6,6
34263,99,108,-9,9
34264,83,77,6,6
34265,62,63,-1,1
34266,53,70,-17,17
34267,40,49,-9,9
34268,103,98,5,5
34269,87,91,-4,4
34270,66,70,-4,4
34271,116,104,12,12
34272,107,95,12,12
34273,121,118,3,3
34274,114,98,16,16
34275,111,107,4,4
34276,105,102,3,3
34277,103,103,0,0
34278,106,93,13,13
34279,126,117,9,9
34280,104,100,4,4
34281,77,76,1,1
34282,114,113,1,1
34283,77,77,0,0
34284,83,86,-3,3
34285,78,87,-9,9
34286,81,87,-6,6
34287,64,68,-4,4
34288,134,127,7,7
34289,78,80,-2,2
34290,137,128,9,9
34291,80,78,2,2
34292,145,128,17,17
34293,103,107,-4,4
34294,101,95,6,6
34295,87,83,4,4
34296,83,84,-1,1
34297,98,88,10,10
34298,133,132,1,1
34299,114,113,1,1
34300,119,104,15,15
34301,94,91,3,3
34302,85,90,-5,5
34303,162,153,9,9
34304,85,73,12,12
34305,62,64,-2,2
34306,83,79,4,4
34307,99,95,4,4
34308,79,83,-4,4
34309,95,96,-1,1
34310,140,136,4,4
34311,165,152,13,13
34312,104,98,6,6
34313,110,121,-11,11
34314,138,170,-32,32
34315,117,127,-10,10
34316,120,109,11,11
34317,67,78,-11,11
34318,82,81,1,1
34319,110,99,11,11
34320,110,99,11,11
34321,63,73,-10,10
34322,54,59,-5,5
34323,128,127,1,1
34324,90,82,8,8
34325,99,100,-1,1
34326,121,141,-20,20
34327,47,61,-14,14
34328,88,81,7,7
34329,96,88,8,8
34330,83,102,-19,19
34331,91,79,12,12
34332,100,102,-2,2
34333,68,75,-7,7
34334,44,51,-7,7
34335,94,91,3,3
34336,48,58,-10,10
34337,63,65,-2,2
34338,114,108,6,6
34339,88,81,7,7
34340,105,98,7,7
34341,67,71,-4,4
34342,61,56,5,5
34343,120,115,5,5
34344,111,100,11,11
34345,102,93,9,9
34346,111,102,9,9
34347,48,52,-4,4
34348,102,104,-2,2
34349,101,99,2,2
34350,88,94,-6,6
34351,58,69,-11,11
34352,64,70,-6,6
34353,65,70,-5,5
34354,156,145,11,11
34355,84,83,1,1
34356,169,147,22,22
34357,130,111,19,19
34358,51,63,-12,12
34359,60,62,-2,2
34360,109,95,14,14
34361,107,106,1,1
34362,133,144,-11,11
34363,73,75,-2,2
34364,117,113,4,4
34365,105,100,5,5
34366,118,135,-17,17
34367,107,103,4,4
34368,89,84,5,5
34369,130,119,11,11
34370,107,111,-4,4
34371,86,87,-1,1
34372,87,93,-6,6
34373,166,150,16,16
34374,91,91,0,0
34375,83,77,6,6
34376,90,96,-6,6
34377,60,71,-11,11
34378,73,77,-4,4
34379,133,120,13,13
34380,131,124,7,7
34381,128,147,-19,19
34382,93,88,5,5
34383,48,57,-9,9
34384,126,103,23,23
34385,62,74,-12,12
34386,50,65,-15,15
34387,70,72,-2,2
34388,111,107,4,4
34389,89,82,7,7
34390,94,97,-3,3
34391,38,47,-9,9
34392,76,87,-11,11
34393,92,92,0,0
34394,66,68,-2,2
34395,84,82,2,2
34396,72,73,-1,1
34397,79,78,1,1
34398,78,80,-2,2
34399,61,64,-3,3
34400,68,70,-2,2
34401,114,101,13,13
34402,84,85,-1,1
34403,51,65,-14,14
34404,96,88,8,8
34405,74,71,3,3
34406,64,75,-11,11
34407,79,87,-8,8
34408,89,82,7,7
34409,150,149,1,1
34410,137,117,20,20
34411,62,67,-5,5
34412,120,109,11,11
34413,75,64,11,11
34414,63,70,-7,7
34415,144,143,1,1
34416,83,78,5,5
34417,71,99,-28,28
34418,125,122,3,3
34419,71,74,-3,3
34420,90,93,-3,3
34421,57,57,0,0
34422,68,76,-8,8
34423,117,105,12,12
34424,142,135,7,7
34425,95,89,6,6
34426,91,96,-5,5
34427,86,92,-6,6
34428,119,120,-1,1
34429,71,80,-9,9
34430,97,90,7,7
34431,92,95,-3,3
34432,86,90,-4,4
34433,48,57,-9,9
34434,50,48,2,2
34435,105,141,-36,36
34436,105,108,-3,3
34437,127,109,18,18
34438,108,105,3,3
34439,71,72,-1,1
34440,73,77,-4,4
34441,68,78,-10,10
34442,147,130,17,17
34443,142,142,0,0
34444,39,48,-9,9
34445,91,80,11,11
34446,79,83,-4,4
34447,84,79,5,5
34448,123,126,-3,3
34449,63,67,-4,4
34450,196,173,23,23
34451,161,157,4,4
34452,152,122,30,30
34453,144,130,14,14
34454,96,98,-2,2
34455,125,123,2,2
34456,82,80,2,2
34457,128,114,14,14
34458,160,157,3,3
34459,43,51,-8,8
34460,68,72,-4,4
34461,108,87,21,21
34462,74,74,0,0
34463,52,61,-9,9
34464,107,112,-5,5
34465,64,73,-9,9
34466,89,85,4,4
34467,85,75,10,10
34468,73,79,-6,6
34469,177,173,4,4
34470,111,105,6,6
34471,67,77,-10,10
34472,76,72,4,4
34473,152,134,18,18
34474,90,93,-3,3
34475,79,79,0,0
34476,99,101,-2,2
34477,78,76,2,2
34478,131,122,9,9
34479,100,94,6,6
34480,74,81,-7,7
34481,99,98,1,1
34482,135,130,5,5
34483,104,104,0,0
34484,67,68,-1,1
34485,102,89,13,13
34486,48,56,-8,8
34487,243,217,26,26
34488,97,94,3,3
34489,112,106,6,6
34490,118,118,0,0
34491,77,83,-6,6
34492,73,66,7,7
34493,99,101,-2,2
34494,60,82,-22,22
34495,155,149,6,6
34496,125,118,7,7
34497,202,162,40,40
34498,82,90,-8,8
34499,100,92,8,8
34500,78,76,2,2
34501,59,70,-11,11
34502,48,61,-13,13
34503,121,120,1,1
34504,128,118,10,10
34505,96,102,-6,6
34506,133,117,16,16
34507,107,103,4,4
34508,106,99,7,7
34509,111,122,-11,11
34510,48,74,-26,26
34511,79,87,-8,8
34512,121,106,15,15
34513,147,137,10,10
34514,113,107,6,6
34515,58,63,-5,5
34516,93,84,9,9
34517,109,107,2,2
34518,85,90,-5,5
34519,69,78,-9,9
34520,70,74,-4,4
34521,81,92,-11,11
34522,47,52,-5,5
34523,121,109,12,12
34524,151,129,22,22
34525,80,83,-3,3
34526,60,62,-2,2
34527,133,125,8,8
34528,65,71,-6,6
34529,162,155,7,7
34530,73,72,1,1
34531,108,100,8,8
34532,87,85,2,2
34533,101,104,-3,3
34534,90,91,-1,1
34535,130,142,-12,12
34536,133,120,13,13
34537,139,128,11,11
34538,95,99,-4,4
34539,96,93,3,3
34540,66,70,-4,4
34541,69,76,-7,7
34542,69,71,-2,2
34543,86,83,3,3
34544,95,93,2,2
34545,91,86,5,5
34546,189,157,32,32
34547,109,106,3,3
34548,63,67,-4,4
34549,156,150,6,6
34550,64,67,-3,3
34551,117,109,8,8
34552,55,57,-2,2
34553,115,116,-1,1
34554,103,96,7,7
34555,155,142,13,13
34556,78,81,-3,3
34557,159,159,0,0
34558,73,70,3,3
34559,188,169,19,19
34560,150,147,3,3
34561,103,93,10,10
34562,80,82,-2,2
34563,92,96,-4,4
34564,121,122,-1,1
34565,113,113,0,0
34566,106,100,6,6
34567,72,69,3,3
34568,120,118,2,2
34569,49,59,-10,10
34570,124,127,-3,3
34571,82,83,-1,1
34572,145,151,-6,6
34573,61,62,-1,1
34574,108,102,6,6
34575,53,61,-8,8
34576,117,107,10,10
34577,88,89,-1,1
34578,122,95,27,27
34579,56,58,-2,2
34580,161,143,18,18
34581,115,107,8,8
34582,100,100,0,0
34583,149,146,3,3
34584,126,115,11,11
34585,74,81,-7,7
34586,124,113,11,11
34587,101,98,3,3
34588,83,95,-12,12
34589,105,98,7,7
34590,143,135,8,8
34591,153,145,8,8
34592,54,61,-7,7
34593,52,63,-11,11
34594,87,85,2,2
34595,63,66,-3,3
34596,84,91,-7,7
34597,96,95,1,1
34598,59,70,-11,11
34599,141,129,12,12
34600,121,107,14,14
34601,21,28,-7,7
34602,93,87,6,6
34603,126,126,0,0
34604,91,90,1,1
34605,126,119,7,7
34606,79,77,2,2
34607,133,135,-2,2
34608,72,78,-6,6
34609,117,98,19,19
34610,51,65,-14,14
34611,92,90,2,2
34612,78,84,-6,6
34613,70,75,-5,5
34614,77,78,-1,1
34615,94,86,8,8
34616,75,77,-2,2
34617,93,95,-2,2
34618,75,68,7,7
34619,149,143,6,6
34620,99,98,1,1
34621,94,105,-11,11
34622,98,91,7,7
34623,68,72,-4,4
34624,101,142,-41,41
34625,115,104,11,11
34626,87,84,3,3
34627,100,109,-9,9
34628,80,89,-9,9
34629,133,120,13,13
34630,54,60,-6,6
34631,164,152,12,12
34632,98,95,3,3
34633,75,79,-4,4
34634,77,72,5,5
34635,126,117,9,9
34636,124,114,10,10
34637,89,89,0,0
34638,77,80,-3,3
34639,162,146,16,16
34640,129,110,19,19
34641,126,122,4,4
34642,90,83,7,7
34643,145,136,9,9
34644,59,71,-12,12
34645,79,77,2,2
34646,100,88,12,12
34647,136,121,15,15
34648,53,66,-13,13
34649,109,101,8,8
34650,79,79,0,0
34651,111,105,6,6
34652,172,135,37,37
34653,142,137,5,5
34654,81,79,2,2
34655,100,98,2,2
34656,71,74,-3,3
34657,37,50,-13,13
34658,91,90,1,1
34659,85,85,0,0
34660,96,96,0,0
34661,96,94,2,2
34662,72,69,3,3
34663,58,63,-5,5
34664,128,133,-5,5
34665,90,81,9,9
34666,79,79,0,0
34667,57,56,1,1
34668,164,141,23,23
34669,147,112,35,35
34670,42,55,-13,13
34671,92,100,-8,8
34672,73,77,-4,4
34673,80,82,-2,2
34674,82,81,1,1
34675,82,84,-2,2
34676,124,115,9,9
34677,87,93,-6,6
34678,93,93,0,0
34679,151,129,22,22
34680,88,85,3,3
34681,99,93,6,6
34682,104,101,3,3
34683,80,81,-1,1
34684,91,82,9,9
34685,116,130,-14,14
34686,136,121,15,15
34687,76,107,-31,31
34688,125,127,-2,2
34689,99,91,8,8
34690,112,121,-9,9
34691,103,112,-9,9
34692,152,143,9,9
34693,122,112,10,10
34694,74,76,-2,2
34695,106,104,2,2
34696,76,75,1,1
34697,59,67,-8,8
34698,100,117,-17,17
34699,58,64,-6,6
34700,69,74,-5,5
34701,120,123,-3,3
34702,74,75,-1,1
34703,55,60,-5,5
34704,89,87,2,2
34705,79,77,2,2
34706,137,137,0,0
34707,81,82,-1,1
34708,64,80,-16,16
34709,170,159,11,11
34710,69,71,-2,2
34711,72,71,1,1
34712,73,70,3,3
34713,66,75,-9,9
34714,114,108,6,6
34715,96,102,-6,6
34716,67,71,-4,4
34717,83,82,1,1
34718,72,71,1,1
34719,150,143,7,7
34720,56,57,-1,1
34721,66,72,-6,6
34722,53,66,-13,13
34723,169,148,21,21
34724,66,71,-5,5
34725,105,108,-3,3
34726,101,99,2,2
34727,78,82,-4,4
34728,130,123,7,7
34729,140,128,12,12
34730,91,105,-14,14
34731,89,80,9,9
34732,73,75,-2,2
34733,111,108,3,3
34734,111,110,1,1
34735,154,138,16,16
34736,56,61,-5,5
34737,136,124,12,12
34738,101,91,10,10
34739,120,119,1,1
34740,62,59,3,3
34741,105,103,2,2
34742,76,79,-3,3
34743,161,155,6,6
34744,88,93,-5,5
34745,51,59,-8,8
34746,108,107,1,1
34747,101,97,4,4
34748,74,76,-2,2
34749,189,161,28,28
34750,46,52,-6,6
34751,58,65,-7,7
34752,100,88,12,12
34753,171,139,32,32
34754,45,52,-7,7
34755,87,75,12,12
34756,57,61,-4,4
34757,137,117,20,20
34758,72,74,-2,2
34759,115,107,8,8
34760,98,95,3,3
34761,58,66,-8,8
34762,87,102,-15,15
34763,79,79,0,0
34764,79,76,3,3
34765,67,69,-2,2
34766,32,42,-10,10
34767,76,78,-2,2
34768,80,73,7,7
34769,106,93,13,13
34770,54,66,-12,12
34771,75,80,-5,5
34772,149,139,10,10
34773,110,98,12,12
34774,106,107,-1,1
34775,130,127,3,3
34776,49,57,-8,8
34777,119,122,-3,3
34778,75,79,-4,4
34779,89,89,0,0
34780,63,63,0,0
34781,64,59,5,5
34782,116,110,6,6
34783,79,73,6,6
34784,92,96,-4,4
34785,70,77,-7,7
34786,120,113,7,7
34787,165,153,12,12
34788,187,182,5,5
34789,82,79,3,3
34790,53,69,-16,16
34791,88,87,1,1
34792,75,73,2,2
34793,66,64,2,2
34794,80,80,0,0
34795,113,102,11,11
34796,48,48,0,0
34797,52,56,-4,4
34798,169,155,14,14
34799,100,106,-6,6
34800,71,82,-11,11
34801,103,110,-7,7
34802,127,121,6,6
34803,132,126,6,6
34804,136,130,6,6
34805,67,63,4,4
34806,127,127,0,0
34807,142,141,1,1
34808,114,115,-1,1
34809,71,78,-7,7
34810,77,78,-1,1
34811,86,96,-10,10
34812,166,144,22,22
34813,116,108,8,8
34814,42,48,-6,6
34815,91,84,7,7
34816,81,78,3,3
34817,109,102,7,7
34818,164,159,5,5
34819,119,118,1,1
34820,79,74,5,5
34821,122,114,8,8
34822,67,71,-4,4
34823,96,91,5,5
34824,81,80,1,1
34825,110,86,24,24
34826,142,137,5,5
34827,30,40,-10,10
34828,102,98,4,4
34829,128,113,15,15
34830,127,130,-3,3
34831,55,89,-34,34
34832,125,153,-28,28
34833,85,88,-3,3
34834,82,85,-3,3
34835,99,104,-5,5
34836,142,143,-1,1
34837,99,105,-6,6
34838,96,102,-6,6
34839,87,100,-13,13
34840,76,75,1,1
34841,95,100,-5,5
34842,61,67,-6,6
34843,58,68,-10,10
34844,88,90,-2,2
34845,87,95,-8,8
34846,89,88,1,1
34847,100,93,7,7
34848,87,91,-4,4
34849,86,84,2,2
34850,43,58,-15,15
34851,33,44,-11,11
34852,97,94,3,3
34853,130,117,13,13
34854,149,133,16,16
34855,139,119,20,20
34856,71,76,-5,5
34857,53,68,-15,15
34858,69,66,3,3
34859,114,101,13,13
34860,60,72,-12,12
34861,53,60,-7,7
34862,80,77,3,3
34863,75,67,8,8
34864,101,119,-18,18
34865,147,140,7,7
34866,100,90,10,10
34867,112,116,-4,4
34868,61,65,-4,4
34869,68,71,-3,3
34870,41,63,-22,22
34871,72,76,-4,4
34872,69,80,-11,11
34873,135,121,14,14
34874,112,108,4,4
34875,63,62,1,1
34876,83,80,3,3
34877,74,79,-5,5
34878,85,92,-7,7
34879,91,83,8,8
34880,150,148,2,2
34881,96,93,3,3
34882,61,83,-22,22
34883,51,73,-22,22
34884,61,66,-5,5
34885,143,155,-12,12
34886,64,70,-6,6
34887,59,63,-4,4
34888,67,81,-14,14
34889,65,84,-19,19
34890,142,130,12,12
34891,66,69,-3,3
34892,73,80,-7,7
34893,107,107,0,0
34894,112,97,15,15
34895,104,103,1,1
34896,46,53,-7,7
34897,83,79,4,4
34898,89,86,3,3
34899,73,67,6,6
34900,59,65,-6,6
34901,59,61,-2,2
34902,112,106,6,6
34903,75,81,-6,6
34904,68,74,-6,6
34905,80,89,-9,9
34906,70,80,-10,10
34907,77,80,-3,3
34908,49,54,-5,5
34909,91,87,4,4
34910,65,65,0,0
34911,77,76,1,1
34912,130,115,15,15
34913,77,77,0,0
34914,175,167,8,8
34915,103,108,-5,5
34916,79,78,1,1
34917,74,72,2,2
34918,98,102,-4,4
34919,111,108,3,3
34920,105,115,-10,10
34921,106,106,0,0
34922,43,50,-7,7
34923,91,97,-6,6
34924,88,88,0,0
34925,121,110,11,11
34926,111,103,8,8
34927,65,71,-6,6
34928,63,62,1,1
34929,91,97,-6,6
34930,70,75,-5,5
34931,117,106,11,11
34932,56,66,-10,10
34933,153,148,5,5
34934,135,131,4,4
34935,66,70,-4,4
34936,97,100,-3,3
34937,94,100,-6,6
34938,79,80,-1,1
34939,89,82,7,7
34940,117,107,10,10
34941,50,55,-5,5
34942,172,167,5,5
34943,71,80,-9,9
34944,94,92,2,2
34945,146,146,0,0
34946,57,62,-5,5
34947,91,94,-3,3
34948,44,51,-7,7
34949,124,119,5,5
34950,117,99,18,18
34951,93,87,6,6
34952,100,103,-3,3
34953,167,152,15,15
34954,97,94,3,3
34955,117,108,9,9
34956,142,132,10,10
34957,62,66,-4,4
34958,99,102,-3,3
34959,83,83,0,0
34960,61,71,-10,10
34961,80,85,-5,5
34962,85,81,4,4
34963,102,102,0,0
34964,127,128,-1,1
34965,123,124,-1,1
34966,117,112,5,5
34967,102,112,-10,10
34968,100,95,5,5
34969,105,97,8,8
34970,116,99,17,17
34971,104,107,-3,3
34972,70,71,-1,1
34973,71,77,-6,6
34974,59,73,-14,14
34975,86,83,3,3
34976,121,99,22,22
34977,104,95,9,9
34978,93,87,6,6
34979,78,81,-3,3
34980,124,114,10,10
34981,83,86,-3,3
34982,126,119,7,7
34983,91,91,0,0
34984,89,100,-11,11
34985,79,75,4,4
34986,110,107,3,3
34987,80,80,0,0
34988,116,111,5,5
34989,133,114,19,19
34990,91,98,-7,7
34991,94,85,9,9
34992,160,145,15,15
34993,107,111,-4,4
34994,61,71,-10,10
34995,74,67,7,7
34996,80,82,-2,2
34997,50,61,-11,11
34998,98,97,1,1
34999,47,55,-8,8
35000,63,84,-21,21
35001,92,97,-5,5
35002,97,93,4,4
35003,101,105,-4,4
35004,48,61,-13,13
35005,114,111,3,3
35006,106,101,5,5
35007,98,93,5,5
35008,133,126,7,7
35009,98,85,13,13
35010,41,49,-8,8
35011,85,86,-1,1
35012,102,103,-1,1
35013,97,89,8,8
35014,49,55,-6,6
35015,50,62,-12,12
35016,86,90,-4,4
35017,96,103,-7,7
35018,110,100,10,10
35019,95,96,-1,1
35020,89,81,8,8
35021,92,90,2,2
35022,109,103,6,6
35023,75,78,-3,3
35024,61,58,3,3
35025,82,93,-11,11
35026,88,92,-4,4
35027,139,132,7,7
35028,67,81,-14,14
35029,106,105,1,1
35030,108,106,2,2
35031,80,86,-6,6
35032,78,86,-8,8
35033,87,88,-1,1
35034,57,63,-6,6
35035,63,66,-3,3
35036,105,93,12,12
35037,129,108,21,21
35038,65,66,-1,1
35039,93,92,1,1
35040,50,54,-4,4
35041,30,45,-15,15
35042,81,79,2,2
35043,55,70,-15,15
35044,76,75,1,1
35045,135,121,14,14
35046,55,63,-8,8
35047,140,139,1,1
35048,92,85,7,7
35049,124,122,2,2
35050,100,97,3,3
35051,40,45,-5,5
35052,50,51,-1,1
35053,85,88,-3,3
35054,87,97,-10,10
35055,136,122,14,14
35056,65,72,-7,7
35057,97,80,17,17
35058,80,78,2,2
35059,99,98,1,1
35060,69,74,-5,5
35061,97,100,-3,3
35062,65,66,-1,1
35063,67,72,-5,5
35064,108,106,2,2
35065,105,107,-2,2
35066,98,90,8,8
35067,73,74,-1,1
35068,87,86,1,1
35069,80,72,8,8
35070,115,115,0,0
35071,129,114,15,15
35072,62,67,-5,5
35073,141,126,15,15
35074,165,152,13,13
35075,167,157,10,10
35076,128,110,18,18
35077,163,144,19,19
35078,49,67,-18,18
35079,73,84,-11,11
35080,117,156,-39,39
35081,182,157,25,25
35082,91,83,8,8
35083,73,78,-5,5
35084,130,128,2,2
35085,92,92,0,0
35086,164,139,25,25
35087,100,112,-12,12
35088,106,108,-2,2
35089,155,155,0,0
35090,84,86,-2,2
35091,115,116,-1,1
35092,74,77,-3,3
35093,62,62,0,0
35094,76,79,-3,3
35095,82,91,-9,9
35096,116,105,11,11
35097,84,84,0,0
35098,61,70,-9,9
35099,155,137,18,18
35100,87,143,-56,56
35101,118,116,2,2
35102,126,128,-2,2
35103,123,120,3,3
35104,72,79,-7,7
35105,106,102,4,4
35106,119,107,12,12
35107,79,80,-1,1
35108,70,84,-14,14
35109,129,111,18,18
35110,93,83,10,10
35111,98,87,11,11
35112,164,161,3,3
35113,110,111,-1,1
35114,108,103,5,5
35115,79,78,1,1
35116,140,139,1,1
35117,81,88,-7,7
35118,84,87,-3,3
35119,64,64,0,0
35120,101,99,2,2
35121,65,71,-6,6
35122,71,81,-10,10
35123,66,77,-11,11
35124,81,82,-1,1
35125,82,95,-13,13
35126,101,105,-4,4
35127,95,96,-1,1
35128,95,97,-2,2
35129,177,167,10,10
35130,148,153,-5,5
35131,83,89,-6,6
35132,79,77,2,2
35133,87,82,5,5
35134,120,114,6,6
35135,140,154,-14,14
35136,117,110,7,7
35137,88,87,1,1
35138,79,72,7,7
35139,89,92,-3,3
35140,83,79,4,4
35141,79,94,-15,15
35142,118,112,6,6
35143,79,84,-5,5
35144,95,90,5,5
35145,62,66,-4,4
35146,67,74,-7,7
35147,63,69,-6,6
35148,99,86,13,13
35149,164,156,8,8
35150,71,65,6,6
35151,49,53,-4,4
35152,88,90,-2,2
35153,93,88,5,5
35154,90,87,3,3
35155,96,82,14,14
35156,91,90,1,1
35157,41,47,-6,6
35158,94,95,-1,1
35159,58,60,-2,2
35160,87,89,-2,2
35161,100,94,6,6
35162,117,113,4,4
35163,106,100,6,6
35164,65,76,-11,11
35165,126,124,2,2
35166,92,93,-1,1
35167,78,87,-9,9
35168,98,94,4,4
35169,102,117,-15,15
35170,115,101,14,14
35171,93,88,5,5
35172,48,63,-15,15
35173,64,70,-6,6
35174,168,166,2,2
35175,95,84,11,11
35176,125,118,7,7
35177,128,133,-5,5
35178,137,111,26,26
35179,62,59,3,3
35180,76,76,0,0
35181,66,68,-2,2
35182,50,60,-10,10
35183,98,92,6,6
35184,101,103,-2,2
35185,77,79,-2,2
35186,97,99,-2,2
35187,116,107,9,9
35188,118,107,11,11
35189,157,153,4,4
35190,48,58,-10,10
35191,86,89,-3,3
35192,79,95,-16,16
35193,93,86,7,7
35194,58,62,-4,4
35195,65,69,-4,4
35196,203,173,30,30
35197,59,63,-4,4
35198,103,97,6,6
35199,35,34,1,1
35200,95,100,-5,5
35201,89,92,-3,3
35202,122,110,12,12
35203,97,94,3,3
35204,84,82,2,2
35205,146,121,25,25
35206,129,114,15,15
35207,76,83,-7,7
35208,79,80,-1,1
35209,92,92,0,0
35210,82,74,8,8
35211,111,102,9,9
35212,88,82,6,6
35213,155,144,11,11
35214,75,71,4,4
35215,109,103,6,6
35216,64,64,0,0
35217,76,74,2,2
35218,114,113,1,1
35219,84,80,4,4
35220,90,86,4,4
35221,49,57,-8,8
35222,103,103,0,0
35223,140,132,8,8
35224,64,70,-6,6
35225,171,164,7,7
35226,89,87,2,2
35227,57,66,-9,9
35228,99,80,19,19
35229,62,66,-4,4
35230,191,172,19,19
35231,108,100,8,8
35232,116,112,4,4
35233,157,142,15,15
35234,98,109,-11,11
35235,167,164,3,3
35236,89,82,7,7
35237,65,73,-8,8
35238,103,101,2,2
35239,107,102,5,5
35240,66,65,1,1
35241,137,127,10,10
35242,68,67,1,1
35243,64,63,1,1
35244,137,124,13,13
35245,101,97,4,4
35246,120,111,9,9
35247,99,98,1,1
35248,58,67,-9,9
35249,93,96,-3,3
35250,48,70,-22,22
35251,96,111,-15,15
35252,68,72,-4,4
35253,95,97,-2,2
35254,117,104,13,13
35255,61,71,-10,10
35256,122,120,2,2
35257,77,90,-13,13
35258,69,78,-9,9
35259,105,96,9,9
35260,126,119,7,7
35261,67,63,4,4
35262,122,117,5,5
35263,96,89,7,7
35264,188,160,28,28
35265,72,66,6,6
35266,122,110,12,12
35267,53,62,-9,9
35268,49,64,-15,15
35269,131,115,16,16
35270,118,101,17,17
35271,68,66,2,2
35272,84,89,-5,5
35273,80,86,-6,6
35274,95,104,-9,9
35275,54,59,-5,5
35276,80,84,-4,4
35277,55,62,-7,7
35278,50,52,-2,2
35279,141,134,7,7
35280,118,110,8,8
35281,64,72,-8,8
35282,132,115,17,17
35283,81,79,2,2
35284,49,52,-3,3
35285,86,84,2,2
35286,107,104,3,3
35287,123,118,5,5
35288,109,100,9,9
35289,121,115,6,6
35290,89,94,-5,5
35291,57,67,-10,10
35292,123,113,10,10
35293,102,105,-3,3
35294,143,129,14,14
35295,57,62,-5,5
35296,84,81,3,3
35297,73,70,3,3
35298,124,121,3,3
35299,86,80,6,6
35300,128,120,8,8
35301,146,128,18,18
35302,92,88,4,4
35303,68,79,-11,11
35304,88,91,-3,3
35305,147,145,2,2
35306,134,131,3,3
35307,91,91,0,0
35308,137,126,11,11
35309,130,129,1,1
35310,103,98,5,5
35311,78,89,-11,11
35312,85,81,4,4
35313,57,62,-5,5
35314,159,142,17,17
35315,80,87,-7,7
35316,113,123,-10,10
35317,152,136,16,16
35318,163,145,18,18
35319,137,110,27,27
35320,116,114,2,2
35321,144,133,11,11
35322,61,71,-10,10
35323,158,143,15,15
35324,120,144,-24,24
35325,64,70,-6,6
35326,106,100,6,6
35327,60,69,-9,9
35328,87,93,-6,6
35329,72,68,4,4
35330,92,90,2,2
35331,164,147,17,17
35332,121,123,-2,2
35333,63,69,-6,6
35334,108,105,3,3
35335,70,70,0,0
35336,66,75,-9,9
35337,81,124,-43,43
35338,84,83,1,1
35339,69,73,-4,4
35340,161,155,6,6
35341,73,73,0,0
35342,62,63,-1,1
35343,66,70,-4,4
35344,80,85,-5,5
35345,110,124,-14,14
35346,145,127,18,18
35347,32,62,-30,30
35348,62,71,-9,9
35349,191,174,17,17
35350,84,85,-1,1
35351,96,90,6,6
35352,87,78,9,9
35353,54,62,-8,8
35354,85,85,0,0
35355,118,107,11,11
35356,52,57,-5,5
35357,102,86,16,16
35358,66,71,-5,5
35359,151,150,1,1
35360,129,135,-6,6
35361,61,60,1,1
35362,102,105,-3,3
35363,88,91,-3,3
35364,61,72,-11,11
35365,77,86,-9,9
35366,79,81,-2,2
35367,110,103,7,7
35368,96,91,5,5
35369,74,73,1,1
35370,120,118,2,2
35371,134,124,10,10
35372,66,67,-1,1
35373,61,62,-1,1
35374,130,118,12,12
35375,60,68,-8,8
35376,66,70,-4,4
35377,115,108,7,7
35378,99,93,6,6
35379,55,58,-3,3
35380,104,94,10,10
35381,104,101,3,3
35382,97,102,-5,5
35383,48,55,-7,7
35384,51,60,-9,9
35385,51,50,1,1
35386,80,80,0,0
35387,57,60,-3,3
35388,77,64,13,13
35389,128,118,10,10
35390,141,139,2,2
35391,77,77,0,0
35392,132,124,8,8
35393,110,105,5,5
35394,43,42,1,1
35395,110,112,-2,2
35396,85,77,8,8
35397,92,97,-5,5
35398,49,54,-5,5
35399,69,71,-2,2
35400,64,68,-4,4
35401,82,78,4,4
35402,59,70,-11,11
35403,69,70,-1,1
35404,66,70,-4,4
35405,92,89,3,3
35406,101,87,14,14
35407,62,73,-11,11
35408,126,110,16,16
35409,119,115,4,4
35410,117,99,18,18
35411,162,150,12,12
35412,100,98,2,2
35413,107,113,-6,6
35414,49,61,-12,12
35415,75,78,-3,3
35416,85,81,4,4
35417,87,76,11,11
35418,58,59,-1,1
35419,86,104,-18,18
35420,54,59,-5,5
35421,149,146,3,3
35422,99,92,7,7
35423,118,113,5,5
35424,88,91,-3,3
35425,128,141,-13,13
35426,121,117,4,4
35427,62,67,-5,5
35428,32,41,-9,9
35429,152,136,16,16
35430,58,59,-1,1
35431,77,85,-8,8
35432,127,107,20,20
35433,109,103,6,6
35434,116,111,5,5
35435,83,86,-3,3
35436,70,81,-11,11
35437,101,92,9,9
35438,70,70,0,0
35439,117,105,12,12
35440,93,97,-4,4
35441,72,78,-6,6
35442,131,131,0,0
35443,64,70,-6,6
35444,160,150,10,10
35445,86,78,8,8
35446,84,90,-6,6
35447,56,61,-5,5
35448,94,87,7,7
35449,149,132,17,17
35450,128,116,12,12
35451,97,103,-6,6
35452,178,162,16,16
35453,102,97,5,5
35454,53,58,-5,5
35455,124,112,12,12
35456,79,86,-7,7
35457,136,143,-7,7
35458,71,80,-9,9
35459,54,56,-2,2
35460,97,91,6,6
35461,72,78,-6,6
35462,169,147,22,22
35463,80,79,1,1
35464,53,64,-11,11
35465,64,63,1,1
35466,52,58,-6,6
35467,38,55,-17,17
35468,78,78,0,0
35469,160,81,79,79
35470,113,102,11,11
35471,90,95,-5,5
35472,63,64,-1,1
35473,79,85,-6,6
35474,56,64,-8,8
35475,241,222,19,19
35476,68,73,-5,5
35477,145,144,1,1
35478,69,69,0,0
35479,107,100,7,7
35480,79,83,-4,4
35481,123,122,1,1
35482,97,88,9,9
35483,77,76,1,1
35484,66,134,-68,68
35485,83,82,1,1
35486,82,85,-3,3
35487,78,81,-3,3
35488,89,86,3,3
35489,76,69,7,7
35490,61,67,-6,6
35491,116,110,6,6
35492,128,127,1,1
35493,130,128,2,2
35494,46,53,-7,7
35495,105,101,4,4
35496,150,123,27,27
35497,156,154,2,2
35498,69,71,-2,2
35499,89,86,3,3
35500,77,74,3,3
35501,123,122,1,1
35502,97,91,6,6
35503,87,81,6,6
35504,80,79,1,1
35505,79,81,-2,2
35506,58,67,-9,9
35507,53,58,-5,5
35508,105,108,-3,3
35509,74,81,-7,7
35510,101,102,-1,1
35511,56,63,-7,7
35512,115,106,9,9
35513,141,147,-6,6
35514,116,107,9,9
35515,47,51,-4,4
35516,43,49,-6,6
35517,80,86,-6,6
35518,91,94,-3,3
35519,75,87,-12,12
35520,114,104,10,10
35521,79,83,-4,4
35522,106,97,9,9
35523,69,63,6,6
35524,87,77,10,10
35525,118,121,-3,3
35526,84,86,-2,2
35527,90,96,-6,6
35528,97,89,8,8
35529,57,62,-5,5
35530,132,128,4,4
35531,90,106,-16,16
35532,108,108,0,0
35533,132,115,17,17
35534,76,84,-8,8
35535,38,42,-4,4
35536,52,57,-5,5
35537,68,65,3,3
35538,141,140,1,1
35539,90,92,-2,2
35540,72,69,3,3
35541,74,71,3,3
35542,89,85,4,4
35543,72,72,0,0
35544,78,65,13,13
35545,67,69,-2,2
35546,94,90,4,4
35547,65,68,-3,3
35548,75,74,1,1
35549,76,84,-8,8
35550,78,73,5,5
35551,70,79,-9,9
35552,124,108,16,16
35553,123,113,10,10
35554,185,163,22,22
35555,126,107,19,19
35556,104,103,1,1
35557,79,80,-1,1
35558,74,63,11,11
35559,82,82,0,0
35560,47,57,-10,10
35561,40,47,-7,7
35562,102,100,2,2
35563,68,76,-8,8
35564,95,97,-2,2
35565,111,102,9,9
35566,74,77,-3,3
35567,63,72,-9,9
35568,118,113,5,5
35569,181,158,23,23
35570,63,71,-8,8
35571,73,74,-1,1
35572,76,80,-4,4
35573,80,79,1,1
35574,99,99,0,0
35575,83,91,-8,8
35576,48,53,-5,5
35577,140,121,19,19
35578,101,105,-4,4
35579,76,91,-15,15
35580,84,95,-11,11
35581,95,86,9,9
35582,60,65,-5,5
35583,78,78,0,0
35584,125,122,3,3
35585,90,92,-2,2
35586,99,96,3,3
35587,58,60,-2,2
35588,128,126,2,2
35589,67,70,-3,3
35590,96,108,-12,12
35591,96,89,7,7
35592,141,131,10,10
35593,77,83,-6,6
35594,114,98,16,16
35595,86,84,2,2
35596,175,159,16,16
35597,129,125,4,4
35598,50,60,-10,10
35599,70,67,3,3
35600,224,189,35,35
35601,146,138,8,8
35602,81,78,3,3
35603,97,90,7,7
35604,118,123,-5,5
35605,77,69,8,8
35606,73,74,-1,1
35607,85,86,-1,1
35608,102,96,6,6
35609,130,121,9,9
35610,133,131,2,2
35611,129,120,9,9
35612,80,79,1,1
35613,93,96,-3,3
35614,91,85,6,6
35615,41,94,-53,53
35616,82,87,-5,5
35617,67,68,-1,1
35618,85,83,2,2
35619,75,80,-5,5
35620,118,119,-1,1
35621,118,98,20,20
35622,79,78,1,1
35623,63,64,-1,1
35624,170,161,9,9
35625,73,77,-4,4
35626,114,90,24,24
35627,154,156,-2,2
35628,54,72,-18,18
35629,115,107,8,8
35630,49,117,-68,68
35631,99,101,-2,2
35632,80,78,2,2
35633,152,145,7,7
35634,71,72,-1,1
35635,118,142,-24,24
35636,106,98,8,8
35637,106,108,-2,2
35638,173,150,23,23
35639,89,94,-5,5
35640,65,68,-3,3
35641,93,88,5,5
35642,109,106,3,3
35643,126,125,1,1
35644,143,154,-11,11
35645,127,125,2,2
35646,114,101,13,13
35647,84,91,-7,7
35648,68,78,-10,10
35649,60,69,-9,9
35650,111,107,4,4
35651,127,133,-6,6
35652,83,78,5,5
35653,98,95,3,3
35654,83,74,9,9
35655,77,80,-3,3
35656,51,59,-8,8
35657,88,91,-3,3
35658,48,64,-16,16
35659,147,143,4,4
35660,66,81,-15,15
35661,100,94,6,6
35662,76,82,-6,6
35663,59,63,-4,4
35664,116,107,9,9
35665,61,68,-7,7
35666,155,140,15,15
35667,99,103,-4,4
35668,112,105,7,7
35669,70,62,8,8
35670,79,86,-7,7
35671,96,96,0,0
35672,90,96,-6,6
35673,104,98,6,6
35674,99,96,3,3
35675,81,86,-5,5
35676,134,143,-9,9
35677,126,122,4,4
35678,160,113,47,47
35679,75,75,0,0
35680,104,107,-3,3
35681,150,132,18,18
35682,120,119,1,1
35683,90,92,-2,2
35684,120,107,13,13
35685,142,132,10,10
35686,75,72,3,3
35687,102,87,15,15
35688,162,148,14,14
35689,74,75,-1,1
35690,75,74,1,1
35691,99,97,2,2
35692,130,124,6,6
35693,53,54,-1,1
35694,127,123,4,4
35695,103,93,10,10
35696,94,89,5,5
35697,76,87,-11,11
35698,83,87,-4,4
35699,195,170,25,25
35700,58,72,-14,14
35701,51,68,-17,17
35702,153,144,9,9
35703,190,169,21,21
35704,87,87,0,0
35705,96,94,2,2
35706,100,91,9,9
35707,74,75,-1,1
35708,67,69,-2,2
35709,124,120,4,4
35710,74,72,2,2
35711,111,97,14,14
35712,93,111,-18,18
35713,107,98,9,9
35714,70,65,5,5
35715,154,142,12,12
35716,125,112,13,13
35717,107,94,13,13
35718,69,86,-17,17
35719,101,103,-2,2
35720,95,85,10,10
35721,96,87,9,9
35722,85,82,3,3
35723,70,94,-24,24
35724,68,67,1,1
35725,61,65,-4,4
35726,155,148,7,7
35727,58,68,-10,10
35728,72,75,-3,3
35729,47,55,-8,8
35730,98,100,-2,2
35731,145,130,15,15
35732,52,62,-10,10
35733,120,102,18,18
35734,78,76,2,2
35735,56,61,-5,5
35736,89,94,-5,5
35737,82,84,-2,2
35738,104,104,0,0
35739,128,138,-10,10
35740,159,137,22,22
35741,79,85,-6,6
35742,109,104,5,5
35743,120,115,5,5
35744,79,96,-17,17
35745,73,66,7,7
35746,64,61,3,3
35747,97,91,6,6
35748,135,110,25,25
35749,81,88,-7,7
35750,91,88,3,3
35751,58,57,1,1
35752,78,71,7,7
35753,77,75,2,2
35754,47,47,0,0
35755,167,152,15,15
35756,65,85,-20,20
35757,152,144,8,8
35758,159,152,7,7
35759,89,104,-15,15
35760,205,184,21,21
35761,108,100,8,8
35762,101,95,6,6
35763,129,125,4,4
35764,123,116,7,7
35765,90,88,2,2
35766,138,128,10,10
35767,105,93,12,12
35768,93,88,5,5
35769,129,115,14,14
35770,110,96,14,14
35771,86,99,-13,13
35772,72,81,-9,9
35773,122,113,9,9
35774,37,46,-9,9
35775,173,163,10,10
35776,97,88,9,9
35777,45,50,-5,5
35778,97,84,13,13
35779,85,93,-8,8
35780,83,87,-4,4
35781,105,97,8,8
35782,138,128,10,10
35783,98,89,9,9
35784,128,115,13,13
35785,94,84,10,10
35786,131,111,20,20
35787,67,74,-7,7
35788,176,166,10,10
35789,116,110,6,6
35790,116,117,-1,1
35791,80,60,20,20
35792,84,82,2,2
35793,69,76,-7,7
35794,165,158,7,7
35795,55,70,-15,15
35796,123,120,3,3
35797,117,120,-3,3
35798,81,74,7,7
35799,86,84,2,2
35800,185,170,15,15
35801,104,100,4,4
35802,89,91,-2,2
35803,85,82,3,3
35804,156,140,16,16
35805,72,71,1,1
35806,95,81,14,14
35807,86,79,7,7
35808,72,70,2,2
35809,168,144,24,24
35810,42,50,-8,8
35811,93,92,1,1
35812,103,90,13,13
35813,83,83,0,0
35814,137,127,10,10
35815,117,122,-5,5
35816,77,84,-7,7
35817,79,90,-11,11
35818,121,112,9,9
35819,110,118,-8,8
35820,101,93,8,8
35821,88,99,-11,11
35822,91,87,4,4
35823,166,145,21,21
35824,63,64,-1,1
35825,92,92,0,0
35826,138,120,18,18
35827,110,108,2,2
35828,151,146,5,5
35829,121,125,-4,4
35830,73,73,0,0
35831,77,74,3,3
35832,197,182,15,15
35833,94,80,14,14
35834,67,73,-6,6
35835,147,124,23,23
35836,92,109,-17,17
35837,138,136,2,2
35838,71,83,-12,12
35839,93,89,4,4
35840,115,106,9,9
35841,90,85,5,5
35842,137,124,13,13
35843,136,136,0,0
35844,63,66,-3,3
35845,68,71,-3,3
35846,105,104,1,1
35847,61,63,-2,2
35848,75,78,-3,3
35849,120,117,3,3
35850,145,142,3,3
35851,106,99,7,7
35852,171,153,18,18
35853,87,91,-4,4
35854,112,98,14,14
35855,75,79,-4,4
35856,84,87,-3,3
35857,55,59,-4,4
35858,57,64,-7,7
35859,71,70,1,1
35860,150,137,13,13
35861,42,50,-8,8
35862,95,94,1,1
35863,100,102,-2,2
35864,77,72,5,5
35865,134,141,-7,7
35866,100,84,16,16
35867,117,119,-2,2
35868,74,103,-29,29
35869,106,99,7,7
35870,121,111,10,10
35871,115,104,11,11
35872,137,126,11,11
35873,80,82,-2,2
35874,81,88,-7,7
35875,50,62,-12,12
35876,60,70,-10,10
35877,143,124,19,19
35878,80,94,-14,14
35879,72,73,-1,1
35880,74,73,1,1
35881,125,123,2,2
35882,111,99,12,12
35883,99,96,3,3
35884,72,74,-2,2
35885,84,78,6,6
35886,52,55,-3,3
35887,54,58,-4,4
35888,63,66,-3,3
35889,101,97,4,4
35890,65,60,5,5
35891,74,84,-10,10
35892,141,136,5,5
35893,84,84,0,0
35894,156,133,23,23
35895,105,96,9,9
35896,130,117,13,13
35897,74,76,-2,2
35898,97,103,-6,6
35899,111,110,1,1
35900,65,70,-5,5
35901,124,116,8,8
35902,80,81,-1,1
35903,93,89,4,4
35904,122,116,6,6
35905,84,94,-10,10
35906,92,95,-3,3
35907,52,76,-24,24
35908,86,92,-6,6
35909,69,78,-9,9
35910,114,105,9,9
35911,68,68,0,0
35912,123,123,0,0
35913,104,117,-13,13
35914,119,104,15,15
35915,123,100,23,23
35916,99,92,7,7
35917,117,127,-10,10
35918,94,101,-7,7
35919,126,120,6,6
35920,148,130,18,18
35921,112,100,12,12
35922,168,166,2,2
35923,81,78,3,3
35924,100,94,6,6
35925,78,80,-2,2
35926,109,107,2,2
35927,120,109,11,11
35928,119,120,-1,1
35929,83,102,-19,19
35930,138,130,8,8
35931,63,70,-7,7
35932,63,61,2,2
35933,88,82,6,6
35934,50,57,-7,7
35935,171,157,14,14
35936,111,95,16,16
35937,154,151,3,3
35938,131,113,18,18
35939,110,102,8,8
35940,74,79,-5,5
35941,116,117,-1,1
35942,112,109,3,3
35943,89,89,0,0
35944,109,111,-2,2
35945,68,71,-3,3
35946,77,79,-2,2
35947,69,70,-1,1
35948,54,68,-14,14
35949,74,74,0,0
35950,140,135,5,5
35951,92,83,9,9
35952,47,57,-10,10
35953,49,62,-13,13
35954,72,74,-2,2
35955,79,85,-6,6
35956,45,59,-14,14
35957,53,62,-9,9
35958,114,114,0,0
35959,64,72,-8,8
35960,63,62,1,1
35961,113,102,11,11
35962,103,95,8,8
35963,109,104,5,5
35964,94,91,3,3
35965,65,66,-1,1
35966,94,88,6,6
35967,142,139,3,3
35968,38,48,-10,10
35969,91,100,-9,9
35970,86,83,3,3
35971,150,142,8,8
35972,66,70,-4,4
35973,68,68,0,0
35974,62,62,0,0
35975,53,55,-2,2
35976,53,59,-6,6
35977,117,109,8,8
35978,89,92,-3,3
35979,96,84,12,12
35980,109,106,3,3
35981,100,96,4,4
35982,132,118,14,14
35983,125,123,2,2
35984,47,52,-5,5
35985,76,91,-15,15
35986,80,81,-1,1
35987,108,124,-16,16
35988,72,75,-3,3
35989,79,78,1,1
35990,103,99,4,4
35991,93,92,1,1
35992,90,83,7,7
35993,76,77,-1,1
35994,88,84,4,4
35995,70,75,-5,5
35996,162,133,29,29
35997,86,80,6,6
35998,62,65,-3,3
35999,78,79,-1,1
36000,51,54,-3,3
36001,131,106,25,25
36002,81,80,1,1
36003,100,101,-1,1
36004,107,102,5,5
36005,71,75,-4,4
36006,99,96,3,3
36007,128,114,14,14
36008,102,102,0,0
36009,111,117,-6,6
36010,114,113,1,1
36011,145,136,9,9
36012,123,107,16,16
36013,64,69,-5,5
36014,138,131,7,7
36015,120,122,-2,2
36016,96,94,2,2
36017,143,138,5,5
36018,79,81,-2,2
36019,139,141,-2,2
36020,124,112,12,12
36021,76,83,-7,7
36022,67,71,-4,4
36023,65,76,-11,11
36024,62,67,-5,5
36025,184,170,14,14
36026,102,100,2,2
36027,60,66,-6,6
36028,79,88,-9,9
36029,63,66,-3,3
36030,70,63,7,7
36031,91,98,-7,7
36032,68,75,-7,7
36033,86,91,-5,5
36034,97,106,-9,9
36035,78,87,-9,9
36036,110,96,14,14
36037,94,85,9,9
36038,68,82,-14,14
36039,150,140,10,10
36040,81,78,3,3
36041,58,65,-7,7
36042,48,55,-7,7
36043,76,75,1,1
36044,102,96,6,6
36045,74,77,-3,3
36046,60,66,-6,6
36047,75,83,-8,8
36048,92,87,5,5
36049,62,67,-5,5
36050,91,94,-3,3
36051,93,90,3,3
36052,146,142,4,4
36053,94,90,4,4
36054,88,88,0,0
36055,124,118,6,6
36056,92,94,-2,2
36057,87,108,-21,21
36058,113,120,-7,7
36059,99,92,7,7
36060,90,87,3,3
36061,95,86,9,9
36062,61,65,-4,4
36063,139,125,14,14
36064,106,114,-8,8
36065,42,51,-9,9
36066,95,93,2,2
36067,121,124,-3,3
36068,130,140,-10,10
36069,121,123,-2,2
36070,74,74,0,0
36071,84,84,0,0
36072,70,72,-2,2
36073,73,77,-4,4
36074,116,105,11,11
36075,120,112,8,8
36076,151,140,11,11
36077,80,83,-3,3
36078,90,92,-2,2
36079,68,73,-5,5
36080,102,98,4,4
36081,180,166,14,14
36082,44,81,-37,37
36083,170,156,14,14
36084,99,87,12,12
36085,130,117,13,13
36086,78,103,-25,25
36087,107,102,5,5
36088,93,99,-6,6
36089,146,141,5,5
36090,97,90,7,7
36091,107,99,8,8
36092,116,108,8,8
36093,81,93,-12,12
36094,84,81,3,3
36095,88,98,-10,10
36096,77,69,8,8
36097,65,68,-3,3
36098,158,143,15,15
36099,76,83,-7,7
36100,56,58,-2,2
36101,119,117,2,2
36102,82,80,2,2
36103,52,64,-12,12
36104,44,54,-10,10
36105,122,107,15,15
36106,92,95,-3,3
36107,87,85,2,2
36108,152,150,2,2
36109,97,95,2,2
36110,127,113,14,14
36111,61,67,-6,6
36112,58,69,-11,11
36113,94,95,-1,1
36114,123,115,8,8
36115,141,119,22,22
36116,61,70,-9,9
36117,151,165,-14,14
36118,117,110,7,7
36119,88,91,-3,3
36120,71,69,2,2
36121,131,130,1,1
36122,98,92,6,6
36123,54,63,-9,9
36124,133,119,14,14
36125,68,66,2,2
36126,49,61,-12,12
36127,106,99,7,7
36128,144,132,12,12
36129,105,103,2,2
36130,59,56,3,3
36131,65,69,-4,4
36132,136,123,13,13
36133,58,60,-2,2
36134,49,55,-6,6
36135,47,55,-8,8
36136,87,86,1,1
36137,81,89,-8,8
36138,110,97,13,13
36139,119,113,6,6
36140,114,107,7,7
36141,77,71,6,6
36142,114,109,5,5
36143,112,106,6,6
36144,86,108,-22,22
36145,91,91,0,0
36146,136,121,15,15
36147,52,53,-1,1
36148,85,88,-3,3
36149,97,91,6,6
36150,151,139,12,12
36151,118,105,13,13
36152,156,135,21,21
36153,61,57,4,4
36154,107,102,5,5
36155,173,164,9,9
36156,86,91,-5,5
36157,74,82,-8,8
36158,90,84,6,6
36159,61,67,-6,6
36160,112,113,-1,1
36161,114,99,15,15
36162,86,90,-4,4
36163,115,112,3,3
36164,128,127,1,1
36165,62,69,-7,7
36166,81,86,-5,5
36167,102,101,1,1
36168,104,103,1,1
36169,70,80,-10,10
36170,85,82,3,3
36171,59,66,-7,7
36172,112,102,10,10
36173,141,146,-5,5
36174,103,113,-10,10
36175,89,89,0,0
36176,83,80,3,3
36177,54,56,-2,2
36178,70,77,-7,7
36179,75,79,-4,4
36180,124,117,7,7
36181,64,66,-2,2
36182,137,122,15,15
36183,112,119,-7,7
36184,60,72,-12,12
36185,103,103,0,0
36186,76,74,2,2
36187,100,88,12,12
36188,68,74,-6,6
36189,72,81,-9,9
36190,52,60,-8,8
36191,91,90,1,1
36192,57,60,-3,3
36193,71,63,8,8
36194,99,101,-2,2
36195,117,127,-10,10
36196,179,160,19,19
36197,109,104,5,5
36198,33,52,-19,19
36199,101,99,2,2
36200,105,96,9,9
36201,88,87,1,1
36202,152,154,-2,2
36203,88,80,8,8
36204,140,127,13,13
36205,123,104,19,19
36206,129,120,9,9
36207,57,63,-6,6
36208,53,57,-4,4
36209,65,71,-6,6
36210,72,72,0,0
36211,127,141,-14,14
36212,62,72,-10,10
36213,47,57,-10,10
36214,101,112,-11,11
36215,58,53,5,5
36216,90,93,-3,3
36217,71,73,-2,2
36218,148,131,17,17
36219,131,120,11,11
36220,173,167,6,6
36221,140,124,16,16
36222,88,89,-1,1
36223,105,110,-5,5
36224,129,115,14,14
36225,105,97,8,8
36226,113,121,-8,8
36227,83,91,-8,8
36228,58,63,-5,5
36229,59,65,-6,6
36230,110,90,20,20
36231,106,106,0,0
36232,95,95,0,0
36233,101,88,13,13
36234,56,65,-9,9
36235,134,135,-1,1
36236,118,110,8,8
36237,114,102,12,12
36238,70,74,-4,4
36239,68,76,-8,8
36240,66,76,-10,10
36241,92,87,5,5
36242,113,111,2,2
36243,108,102,6,6
36244,91,96,-5,5
36245,146,142,4,4
36246,114,108,6,6
36247,103,103,0,0
36248,108,131,-23,23
36249,60,64,-4,4
36250,62,67,-5,5
36251,102,99,3,3
36252,110,110,0,0
36253,194,162,32,32
36254,53,62,-9,9
36255,102,99,3,3
36256,175,152,23,23
36257,66,65,1,1
36258,108,102,6,6
36259,112,104,8,8
36260,154,139,15,15
36261,121,121,0,0
36262,66,66,0,0
36263,84,81,3,3
36264,72,72,0,0
36265,97,89,8,8
36266,125,116,9,9
36267,53,57,-4,4
36268,56,63,-7,7
36269,139,139,0,0
36270,76,83,-7,7
36271,98,92,6,6
36272,64,68,-4,4
36273,102,97,5,5
36274,63,73,-10,10
36275,125,119,6,6
36276,133,110,23,23
36277,61,64,-3,3
36278,57,62,-5,5
36279,87,82,5,5
36280,65,71,-6,6
36281,45,54,-9,9
36282,105,107,-2,2
36283,123,108,15,15
36284,96,88,8,8
36285,146,146,0,0
36286,65,72,-7,7
36287,93,89,4,4
36288,67,71,-4,4
36289,112,89,23,23
36290,128,115,13,13
36291,78,79,-1,1
36292,73,74,-1,1
36293,89,86,3,3
36294,62,63,-1,1
36295,127,127,0,0
36296,126,112,14,14
36297,80,79,1,1
36298,84,91,-7,7
36299,85,101,-16,16
36300,65,70,-5,5
36301,63,70,-7,7
36302,42,54,-12,12
36303,84,82,2,2
36304,73,74,-1,1
36305,50,52,-2,2
36306,107,122,-15,15
36307,108,100,8,8
36308,65,71,-6,6
36309,150,121,29,29
36310,101,97,4,4
36311,51,51,0,0
36312,74,73,1,1
36313,79,79,0,0
36314,117,103,14,14
36315,71,82,-11,11
36316,70,77,-7,7
36317,75,75,0,0
36318,38,52,-14,14
36319,104,105,-1,1
36320,97,92,5,5
36321,117,109,8,8
36322,78,75,3,3
36323,58,73,-15,15
36324,133,127,6,6
36325,51,57,-6,6
36326,117,117,0,0
36327,82,76,6,6
36328,155,142,13,13
36329,102,105,-3,3
36330,137,129,8,8
36331,85,81,4,4
36332,132,130,2,2
36333,35,42,-7,7
36334,72,75,-3,3
36335,119,120,-1,1
36336,90,85,5,5
36337,69,72,-3,3
36338,76,82,-6,6
36339,85,87,-2,2
36340,114,102,12,12
36341,84,105,-21,21
36342,78,81,-3,3
36343,55,65,-10,10
36344,102,103,-1,1
36345,163,143,20,20
36346,69,72,-3,3
36347,126,120,6,6
36348,43,44,-1,1
36349,61,58,3,3
36350,54,61,-7,7
36351,109,102,7,7
36352,102,111,-9,9
36353,80,83,-3,3
36354,206,173,33,33
36355,51,57,-6,6
36356,89,77,12,12
36357,72,81,-9,9
36358,127,121,6,6
36359,76,82,-6,6
36360,107,103,4,4
36361,71,70,1,1
36362,66,66,0,0
36363,76,74,2,2
36364,184,164,20,20
36365,129,125,4,4
36366,55,62,-7,7
36367,110,107,3,3
36368,75,80,-5,5
36369,61,70,-9,9
36370,136,123,13,13
36371,103,92,11,11
36372,115,118,-3,3
36373,55,62,-7,7
36374,113,103,10,10
36375,89,81,8,8
36376,121,105,16,16
36377,80,94,-14,14
36378,141,130,11,11
36379,150,160,-10,10
36380,90,85,5,5
36381,73,78,-5,5
36382,137,151,-14,14
36383,107,96,11,11
36384,86,85,1,1
36385,112,111,1,1
36386,46,61,-15,15
36387,72,76,-4,4
36388,99,100,-1,1
36389,63,68,-5,5
36390,126,102,24,24
36391,64,66,-2,2
36392,90,99,-9,9
36393,59,66,-7,7
36394,66,62,4,4
36395,114,96,18,18
36396,102,95,7,7
36397,77,78,-1,1
36398,90,79,11,11
36399,68,70,-2,2
36400,78,73,5,5
36401,71,74,-3,3
36402,49,57,-8,8
36403,83,82,1,1
36404,112,119,-7,7
36405,102,106,-4,4
36406,134,109,25,25
36407,57,63,-6,6
36408,71,75,-4,4
36409,163,157,6,6
36410,130,114,16,16
36411,123,131,-8,8
36412,117,116,1,1
36413,78,78,0,0
36414,39,50,-11,11
36415,49,57,-8,8
36416,57,63,-6,6
36417,51,63,-12,12
36418,123,104,19,19
36419,92,95,-3,3
36420,93,96,-3,3
36421,77,77,0,0
36422,197,152,45,45
36423,112,112,0,0
36424,63,74,-11,11
36425,83,88,-5,5
36426,68,86,-18,18
36427,105,98,7,7
36428,62,73,-11,11
36429,71,69,2,2
36430,91,88,3,3
36431,85,81,4,4
36432,197,183,14,14
36433,124,111,13,13
36434,119,115,4,4
36435,130,133,-3,3
36436,81,77,4,4
36437,92,92,0,0
36438,71,72,-1,1
36439,67,67,0,0
36440,99,90,9,9
36441,94,96,-2,2
36442,114,116,-2,2
36443,167,150,17,17
36444,120,108,12,12
36445,125,101,24,24
36446,70,67,3,3
36447,114,103,11,11
36448,95,93,2,2
36449,46,58,-12,12
36450,101,103,-2,2
36451,61,63,-2,2
36452,90,97,-7,7
36453,67,132,-65,65
36454,157,143,14,14
36455,79,78,1,1
36456,105,102,3,3
36457,112,98,14,14
36458,89,92,-3,3
36459,105,103,2,2
36460,124,110,14,14
36461,65,66,-1,1
36462,73,73,0,0
36463,66,71,-5,5
36464,61,69,-8,8
36465,125,136,-11,11
36466,122,123,-1,1
36467,76,74,2,2
36468,90,94,-4,4
36469,176,151,25,25
36470,62,70,-8,8
36471,139,131,8,8
36472,43,47,-4,4
36473,67,73,-6,6
36474,50,59,-9,9
36475,66,68,-2,2
36476,59,67,-8,8
36477,81,75,6,6
36478,83,78,5,5
36479,92,90,2,2
36480,76,84,-8,8
36481,62,63,-1,1
36482,64,82,-18,18
36483,92,97,-5,5
36484,123,116,7,7
36485,84,76,8,8
36486,88,91,-3,3
36487,58,66,-8,8
36488,87,86,1,1
36489,73,75,-2,2
36490,44,59,-15,15
36491,123,116,7,7
36492,76,73,3,3
36493,82,89,-7,7
36494,84,83,1,1
36495,69,72,-3,3
36496,80,85,-5,5
36497,104,102,2,2
36498,81,81,0,0
36499,79,86,-7,7
36500,90,102,-12,12
36501,105,99,6,6
36502,140,131,9,9
36503,85,87,-2,2
36504,96,90,6,6
36505,102,99,3,3
36506,81,78,3,3
36507,117,108,9,9
36508,68,69,-1,1
36509,79,81,-2,2
36510,143,130,13,13
36511,66,62,4,4
36512,52,56,-4,4
36513,109,98,11,11
36514,40,57,-17,17
36515,140,124,16,16
36516,115,108,7,7
36517,74,86,-12,12
36518,61,68,-7,7
36519,66,71,-5,5
36520,92,78,14,14
36521,48,74,-26,26
36522,116,111,5,5
36523,141,132,9,9
36524,113,104,9,9
36525,89,83,6,6
36526,139,123,16,16
36527,134,129,5,5
36528,152,145,7,7
36529,88,87,1,1
36530,93,93,0,0
36531,161,147,14,14
36532,90,93,-3,3
36533,68,69,-1,1
36534,148,131,17,17
36535,82,80,2,2
36536,96,88,8,8
36537,171,163,8,8
36538,96,105,-9,9
36539,66,70,-4,4
36540,113,104,9,9
36541,78,81,-3,3
36542,82,81,1,1
36543,61,65,-4,4
36544,82,79,3,3
36545,99,106,-7,7
36546,225,176,49,49
36547,81,78,3,3
36548,62,63,-1,1
36549,66,71,-5,5
36550,44,68,-24,24
36551,74,87,-13,13
36552,83,80,3,3
36553,109,105,4,4
36554,51,62,-11,11
36555,121,110,11,11
36556,83,74,9,9
36557,81,90,-9,9
36558,53,62,-9,9
36559,73,83,-10,10
36560,109,98,11,11
36561,151,148,3,3
36562,115,107,8,8
36563,122,111,11,11
36564,116,112,4,4
36565,107,99,8,8
36566,109,97,12,12
36567,72,73,-1,1
36568,43,41,2,2
36569,78,76,2,2
36570,127,112,15,15
36571,50,56,-6,6
36572,96,92,4,4
36573,53,61,-8,8
36574,37,49,-12,12
36575,94,85,9,9
36576,56,68,-12,12
36577,27,40,-13,13
36578,38,53,-15,15
36579,109,109,0,0
36580,109,104,5,5
36581,70,78,-8,8
36582,60,67,-7,7
36583,82,92,-10,10
36584,67,70,-3,3
36585,67,71,-4,4
36586,78,75,3,3
36587,62,75,-13,13
36588,49,60,-11,11
36589,109,97,12,12
36590,88,90,-2,2
36591,81,93,-12,12
36592,82,88,-6,6
36593,90,87,3,3
36594,79,81,-2,2
36595,97,90,7,7
36596,75,81,-6,6
36597,104,96,8,8
36598,84,89,-5,5
36599,146,138,8,8
36600,62,64,-2,2
36601,104,108,-4,4
36602,106,100,6,6
36603,92,91,1,1
36604,92,89,3,3
36605,92,94,-2,2
36606,71,73,-2,2
36607,91,93,-2,2
36608,87,83,4,4
36609,79,94,-15,15
36610,86,98,-12,12
36611,128,112,16,16
36612,186,171,15,15
36613,138,126,12,12
36614,89,82,7,7
36615,168,153,15,15
36616,46,53,-7,7
36617,93,90,3,3
36618,72,77,-5,5
36619,110,100,10,10
36620,99,88,11,11
36621,51,54,-3,3
36622,93,97,-4,4
36623,99,97,2,2
36624,126,118,8,8
36625,64,70,-6,6
36626,209,183,26,26
36627,102,100,2,2
36628,98,101,-3,3
36629,79,72,7,7
36630,85,93,-8,8
36631,64,68,-4,4
36632,83,81,2,2
36633,121,100,21,21
36634,111,101,10,10
36635,72,73,-1,1
36636,97,92,5,5
36637,96,88,8,8
36638,64,70,-6,6
36639,128,119,9,9
36640,34,37,-3,3
36641,124,99,25,25
36642,84,79,5,5
36643,132,123,9,9
36644,55,60,-5,5
36645,118,112,6,6
36646,47,53,-6,6
36647,74,73,1,1
36648,75,73,2,2
36649,93,95,-2,2
36650,171,143,28,28
36651,81,84,-3,3
36652,62,68,-6,6
36653,81,78,3,3
36654,83,75,8,8
36655,65,69,-4,4
36656,61,67,-6,6
36657,83,86,-3,3
36658,102,98,4,4
36659,78,76,2,2
36660,85,83,2,2
36661,122,115,7,7
36662,60,63,-3,3
36663,151,152,-1,1
36664,72,77,-5,5
36665,93,94,-1,1
36666,99,94,5,5
36667,95,99,-4,4
36668,105,98,7,7
36669,83,72,11,11
36670,128,131,-3,3
36671,76,102,-26,26
36672,114,102,12,12
36673,125,125,0,0
36674,88,85,3,3
36675,117,120,-3,3
36676,54,57,-3,3
36677,102,100,2,2
36678,60,58,2,2
36679,47,68,-21,21
36680,76,74,2,2
36681,53,60,-7,7
36682,83,87,-4,4
36683,148,147,1,1
36684,101,98,3,3
36685,126,115,11,11
36686,124,177,-53,53
36687,114,109,5,5
36688,74,81,-7,7
36689,83,93,-10,10
36690,109,100,9,9
36691,89,98,-9,9
36692,76,80,-4,4
36693,53,61,-8,8
36694,78,78,0,0
36695,60,65,-5,5
36696,136,124,12,12
36697,42,60,-18,18
36698,126,114,12,12
36699,99,104,-5,5
36700,96,100,-4,4
36701,45,53,-8,8
36702,77,74,3,3
36703,167,146,21,21
36704,102,126,-24,24
36705,92,96,-4,4
36706,61,64,-3,3
36707,138,125,13,13
36708,117,124,-7,7
36709,127,119,8,8
36710,92,78,14,14
36711,83,84,-1,1
36712,69,71,-2,2
36713,189,166,23,23
36714,89,79,10,10
36715,154,144,10,10
36716,78,82,-4,4
36717,92,91,1,1
36718,151,150,1,1
36719,138,140,-2,2
36720,73,73,0,0
36721,152,147,5,5
36722,122,114,8,8
36723,71,67,4,4
36724,118,111,7,7
36725,93,82,11,11
36726,104,99,5,5
36727,85,80,5,5
36728,91,88,3,3
36729,50,55,-5,5
36730,102,89,13,13
36731,120,115,5,5
36732,111,104,7,7
36733,71,78,-7,7
36734,57,56,1,1
36735,161,117,44,44
36736,53,56,-3,3
36737,122,131,-9,9
36738,125,121,4,4
36739,83,80,3,3
36740,74,81,-7,7
36741,78,78,0,0
36742,51,57,-6,6
36743,167,137,30,30
36744,78,80,-2,2
36745,207,180,27,27
36746,120,114,6,6
36747,142,143,-1,1
36748,71,82,-11,11
36749,144,118,26,26
36750,55,55,0,0
36751,75,69,6,6
36752,113,114,-1,1
36753,100,105,-5,5
36754,56,63,-7,7
36755,137,118,19,19
36756,92,91,1,1
36757,142,128,14,14
36758,114,110,4,4
36759,47,56,-9,9
36760,61,61,0,0
36761,130,115,15,15
36762,68,75,-7,7
36763,72,85,-13,13
36764,39,44,-5,5
36765,116,120,-4,4
36766,135,122,13,13
36767,121,109,12,12
36768,126,116,10,10
36769,115,126,-11,11
36770,92,88,4,4
36771,137,120,17,17
36772,67,69,-2,2
36773,58,58,0,0
36774,74,78,-4,4
36775,66,57,9,9
36776,70,67,3,3
36777,89,103,-14,14
36778,85,92,-7,7
36779,77,77,0,0
36780,54,61,-7,7
36781,103,104,-1,1
36782,45,59,-14,14
36783,35,56,-21,21
36784,84,107,-23,23
36785,61,76,-15,15
36786,114,103,11,11
36787,47,56,-9,9
36788,86,85,1,1
36789,92,97,-5,5
36790,61,62,-1,1
36791,96,94,2,2
36792,48,53,-5,5
36793,115,123,-8,8
36794,209,175,34,34
36795,89,88,1,1
36796,63,60,3,3
36797,68,72,-4,4
36798,88,95,-7,7
36799,63,74,-11,11
36800,121,125,-4,4
36801,146,153,-7,7
36802,64,65,-1,1
36803,75,76,-1,1
36804,118,119,-1,1
36805,121,119,2,2
36806,87,83,4,4
36807,80,80,0,0
36808,80,84,-4,4
36809,107,96,11,11
36810,137,125,12,12
36811,96,87,9,9
36812,74,73,1,1
36813,90,84,6,6
36814,70,67,3,3
36815,45,53,-8,8
36816,63,61,2,2
36817,122,113,9,9
36818,80,79,1,1
36819,91,93,-2,2
36820,241,203,38,38
36821,49,55,-6,6
36822,115,120,-5,5
36823,136,98,38,38
36824,87,76,11,11
36825,90,101,-11,11
36826,86,86,0,0
36827,126,117,9,9
36828,63,80,-17,17
36829,68,70,-2,2
36830,83,76,7,7
36831,101,97,4,4
36832,82,107,-25,25
36833,105,110,-5,5
36834,141,140,1,1
36835,67,74,-7,7
36836,29,43,-14,14
36837,96,97,-1,1
36838,69,68,1,1
36839,62,68,-6,6
36840,68,75,-7,7
36841,96,84,12,12
36842,122,124,-2,2
36843,109,112,-3,3
36844,83,79,4,4
36845,127,115,12,12
36846,115,124,-9,9
36847,95,90,5,5
36848,64,65,-1,1
36849,80,83,-3,3
36850,285,260,25,25
36851,88,89,-1,1
36852,154,115,39,39
36853,163,149,14,14
36854,68,109,-41,41
36855,72,80,-8,8
36856,184,170,14,14
36857,87,82,5,5
36858,58,64,-6,6
36859,110,112,-2,2
36860,62,72,-10,10
36861,53,55,-2,2
36862,158,156,2,2
36863,87,103,-16,16
36864,70,79,-9,9
36865,72,75,-3,3
36866,141,118,23,23
36867,94,88,6,6
36868,48,62,-14,14
36869,56,59,-3,3
36870,169,150,19,19
36871,81,101,-20,20
36872,71,71,0,0
36873,97,87,10,10
36874,73,77,-4,4
36875,90,93,-3,3
36876,122,116,6,6
36877,68,63,5,5
36878,128,113,15,15
36879,68,71,-3,3
36880,128,126,2,2
36881,80,81,-1,1
36882,76,71,5,5
36883,131,136,-5,5
36884,96,94,2,2
36885,118,123,-5,5
36886,112,101,11,11
36887,174,159,15,15
36888,44,44,0,0
36889,92,94,-2,2
36890,66,71,-5,5
36891,90,93,-3,3
36892,144,133,11,11
36893,110,101,9,9
36894,164,142,22,22
36895,85,80,5,5
36896,87,99,-12,12
36897,126,142,-16,16
36898,70,72,-2,2
36899,111,104,7,7
36900,56,60,-4,4
36901,50,60,-10,10
36902,93,95,-2,2
36903,66,72,-6,6
36904,77,76,1,1
36905,59,62,-3,3
36906,95,97,-2,2
36907,79,77,2,2
36908,84,84,0,0
36909,81,79,2,2
36910,118,102,16,16
36911,62,65,-3,3
36912,113,109,4,4
36913,89,79,10,10
36914,109,99,10,10
36915,157,143,14,14
36916,144,156,-12,12
36917,113,101,12,12
36918,136,117,19,19
36919,55,54,1,1
36920,100,123,-23,23
36921,127,112,15,15
36922,137,135,2,2
36923,77,75,2,2
36924,75,76,-1,1
36925,96,99,-3,3
36926,183,163,20,20
36927,100,94,6,6
36928,66,65,1,1
36929,87,89,-2,2
36930,76,78,-2,2
36931,79,97,-18,18
36932,84,82,2,2
36933,101,95,6,6
36934,110,111,-1,1
36935,97,94,3,3
36936,55,62,-7,7
36937,94,86,8,8
36938,65,70,-5,5
36939,78,77,1,1
36940,69,70,-1,1
36941,171,159,12,12
36942,78,79,-1,1
36943,58,63,-5,5
36944,79,80,-1,1
36945,90,82,8,8
36946,43,47,-4,4
36947,80,95,-15,15
36948,121,125,-4,4
36949,186,162,24,24
36950,87,88,-1,1
36951,25,29,-4,4
36952,77,84,-7,7
36953,111,111,0,0
36954,60,64,-4,4
36955,70,76,-6,6
36956,145,125,20,20
36957,83,85,-2,2
36958,87,77,10,10
36959,79,76,3,3
36960,110,106,4,4
36961,70,68,2,2
36962,157,147,10,10
36963,95,95,0,0
36964,62,69,-7,7
36965,83,84,-1,1
36966,64,67,-3,3
36967,240,214,26,26
36968,77,80,-3,3
36969,171,152,19,19
36970,111,107,4,4
36971,98,90,8,8
36972,60,64,-4,4
36973,94,93,1,1
36974,117,106,11,11
36975,113,112,1,1
36976,149,156,-7,7
36977,84,84,0,0
36978,50,59,-9,9
36979,109,117,-8,8
36980,77,88,-11,11
36981,125,118,7,7
36982,74,85,-11,11
36983,80,82,-2,2
36984,70,74,-4,4
36985,79,80,-1,1
36986,125,109,16,16
36987,102,88,14,14
36988,72,72,0,0
36989,99,100,-1,1
36990,73,84,-11,11
36991,104,94,10,10
36992,99,94,5,5
36993,97,90,7,7
36994,135,133,2,2
36995,80,85,-5,5
36996,146,141,5,5
36997,59,68,-9,9
36998,95,96,-1,1
36999,159,136,23,23
37000,73,68,5,5
37001,94,93,1,1
37002,159,130,29,29
37003,178,146,32,32
37004,58,60,-2,2
37005,88,84,4,4
37006,88,95,-7,7
37007,81,90,-9,9
37008,79,76,3,3
37009,54,59,-5,5
37010,88,85,3,3
37011,75,71,4,4
37012,101,88,13,13
37013,89,82,7,7
37014,51,62,-11,11
37015,121,114,7,7
37016,110,110,0,0
37017,99,88,11,11
37018,63,70,-7,7
37019,113,111,2,2
37020,137,135,2,2
37021,114,119,-5,5
37022,87,85,2,2
37023,176,146,30,30
37024,136,127,9,9
37025,104,98,6,6
37026,131,80,51,51
37027,100,109,-9,9
37028,110,112,-2,2
37029,54,56,-2,2
37030,99,97,2,2
37031,55,67,-12,12
37032,141,122,19,19
37033,142,136,6,6
37034,125,107,18,18
37035,114,120,-6,6
37036,121,118,3,3
37037,138,124,14,14
37038,66,78,-12,12
37039,108,101,7,7
37040,137,127,10,10
37041,57,62,-5,5
37042,97,97,0,0
37043,114,101,13,13
37044,124,147,-23,23
37045,66,72,-6,6
37046,51,56,-5,5
37047,162,143,19,19
37048,161,152,9,9
37049,116,107,9,9
37050,111,110,1,1
37051,143,141,2,2
37052,41,54,-13,13
37053,97,85,12,12
37054,49,59,-10,10
37055,156,142,14,14
37056,48,54,-6,6
37057,82,80,2,2
37058,58,61,-3,3
37059,81,77,4,4
37060,81,81,0,0
37061,68,70,-2,2
37062,120,118,2,2
37063,28,42,-14,14
37064,84,96,-12,12
37065,96,99,-3,3
37066,79,80,-1,1
37067,446,383,63,63
37068,132,131,1,1
37069,131,122,9,9
37070,60,73,-13,13
37071,78,75,3,3
37072,113,109,4,4
37073,67,68,-1,1
37074,83,81,2,2
37075,77,73,4,4
37076,82,82,0,0
37077,60,65,-5,5
37078,112,106,6,6
37079,124,112,12,12
37080,150,129,21,21
37081,87,85,2,2
37082,129,118,11,11
37083,151,143,8,8
37084,36,47,-11,11
37085,100,102,-2,2
37086,57,101,-44,44
37087,108,114,-6,6
37088,78,85,-7,7
37089,72,69,3,3
37090,69,83,-14,14
37091,108,107,1,1
37092,87,81,6,6
37093,51,67,-16,16
37094,48,55,-7,7
37095,98,109,-11,11
37096,31,53,-22,22
37097,140,115,25,25
37098,74,70,4,4
37099,95,101,-6,6
37100,87,84,3,3
37101,120,118,2,2
37102,83,78,5,5
37103,81,96,-15,15
37104,75,78,-3,3
37105,87,88,-1,1
37106,145,138,7,7
37107,98,92,6,6
37108,52,51,1,1
37109,83,81,2,2
37110,55,74,-19,19
37111,110,113,-3,3
37112,125,131,-6,6
37113,87,79,8,8
37114,101,99,2,2
37115,81,74,7,7
37116,143,133,10,10
37117,218,183,35,35
37118,79,74,5,5
37119,97,88,9,9
37120,58,64,-6,6
37121,116,117,-1,1
37122,76,72,4,4
37123,94,93,1,1
37124,79,91,-12,12
37125,60,63,-3,3
37126,103,108,-5,5
37127,51,54,-3,3
37128,113,104,9,9
37129,83,97,-14,14
37130,121,118,3,3
37131,87,75,12,12
37132,152,146,6,6
37133,97,92,5,5
37134,169,160,9,9
37135,73,87,-14,14
37136,141,144,-3,3
37137,88,78,10,10
37138,75,160,-85,85
37139,78,78,0,0
37140,114,105,9,9
37141,95,82,13,13
37142,100,102,-2,2
37143,94,94,0,0
37144,62,69,-7,7
37145,75,98,-23,23
37146,91,94,-3,3
37147,155,129,26,26
37148,82,77,5,5
37149,120,116,4,4
37150,154,141,13,13
37151,45,52,-7,7
37152,69,73,-4,4
37153,70,76,-6,6
37154,129,128,1,1
37155,83,79,4,4
37156,102,92,10,10
37157,34,44,-10,10
37158,84,79,5,5
37159,93,88,5,5
37160,173,153,20,20
37161,81,85,-4,4
37162,112,120,-8,8
37163,141,130,11,11
37164,117,109,8,8
37165,87,94,-7,7
37166,89,100,-11,11
37167,138,142,-4,4
37168,77,82,-5,5
37169,71,77,-6,6
37170,108,110,-2,2
37171,84,81,3,3
37172,90,99,-9,9
37173,156,142,14,14
37174,90,95,-5,5
37175,91,93,-2,2
37176,64,67,-3,3
37177,66,70,-4,4
37178,59,58,1,1
37179,124,109,15,15
37180,49,52,-3,3
37181,108,108,0,0
37182,83,83,0,0
37183,115,100,15,15
37184,59,67,-8,8
37185,51,68,-17,17
37186,90,85,5,5
37187,77,89,-12,12
37188,59,58,1,1
37189,100,97,3,3
37190,138,126,12,12
37191,237,209,28,28
37192,71,74,-3,3
37193,51,55,-4,4
37194,160,156,4,4
37195,162,129,33,33
37196,121,114,7,7
37197,122,110,12,12
37198,64,64,0,0
37199,78,75,3,3
37200,107,130,-23,23
37201,102,104,-2,2
37202,74,82,-8,8
37203,90,98,-8,8
37204,65,62,3,3
37205,85,90,-5,5
37206,88,89,-1,1
37207,95,98,-3,3
37208,92,92,0,0
37209,148,124,24,24
37210,89,86,3,3
37211,63,67,-4,4
37212,98,87,11,11
37213,74,74,0,0
37214,69,71,-2,2
37215,58,65,-7,7
37216,148,126,22,22
37217,75,79,-4,4
37218,128,122,6,6
37219,63,76,-13,13
37220,113,93,20,20
37221,88,93,-5,5
37222,68,65,3,3
37223,98,95,3,3
37224,79,82,-3,3
37225,69,74,-5,5
37226,284,242,42,42
37227,76,77,-1,1
37228,98,99,-1,1
37229,73,78,-5,5
37230,135,129,6,6
37231,71,70,1,1
37232,85,80,5,5
37233,58,66,-8,8
37234,110,107,3,3
37235,63,67,-4,4
37236,91,92,-1,1
37237,72,80,-8,8
37238,111,133,-22,22
37239,75,71,4,4
37240,127,123,4,4
37241,157,137,20,20
37242,136,131,5,5
37243,66,67,-1,1
37244,53,60,-7,7
37245,76,81,-5,5
37246,76,72,4,4
37247,123,129,-6,6
37248,90,86,4,4
37249,62,68,-6,6
37250,93,110,-17,17
37251,150,136,14,14
37252,114,111,3,3
37253,99,86,13,13
37254,85,81,4,4
37255,68,67,1,1
37256,54,58,-4,4
37257,64,66,-2,2
37258,126,125,1,1
37259,52,60,-8,8
37260,119,111,8,8
37261,112,107,5,5
37262,257,208,49,49
37263,75,79,-4,4
37264,58,60,-2,2
37265,87,86,1,1
37266,50,53,-3,3
37267,79,85,-6,6
37268,142,129,13,13
37269,122,122,0,0
37270,69,76,-7,7
37271,82,80,2,2
37272,83,87,-4,4
37273,87,82,5,5
37274,132,124,8,8
37275,110,118,-8,8
37276,98,86,12,12
37277,93,90,3,3
37278,112,116,-4,4
37279,101,92,9,9
37280,97,99,-2,2
37281,111,114,-3,3
37282,53,60,-7,7
37283,78,89,-11,11
37284,104,98,6,6
37285,86,81,5,5
37286,109,104,5,5
37287,136,124,12,12
37288,113,131,-18,18
37289,53,62,-9,9
37290,85,76,9,9
37291,142,128,14,14
37292,141,134,7,7
37293,87,86,1,1
37294,79,78,1,1
37295,171,150,21,21
37296,104,107,-3,3
37297,91,119,-28,28
37298,70,71,-1,1
37299,93,96,-3,3
37300,115,112,3,3
37301,49,56,-7,7
37302,115,100,15,15
37303,85,80,5,5
37304,96,98,-2,2
37305,112,106,6,6
37306,133,133,0,0
37307,114,109,5,5
37308,78,96,-18,18
37309,158,142,16,16
37310,73,70,3,3
37311,44,54,-10,10
37312,160,156,4,4
37313,114,114,0,0
37314,163,112,51,51
37315,113,103,10,10
37316,92,100,-8,8
37317,35,49,-14,14
37318,135,125,10,10
37319,113,109,4,4
37320,105,96,9,9
37321,79,76,3,3
37322,130,116,14,14
37323,129,125,4,4
37324,81,84,-3,3
37325,71,80,-9,9
37326,233,193,40,40
37327,79,86,-7,7
37328,88,86,2,2
37329,121,120,1,1
37330,132,117,15,15
37331,179,159,20,20
37332,199,175,24,24
37333,133,121,12,12
37334,127,116,11,11
37335,71,79,-8,8
37336,59,66,-7,7
37337,92,93,-1,1
37338,98,95,3,3
37339,93,85,8,8
37340,103,80,23,23
37341,114,121,-7,7
37342,80,83,-3,3
37343,84,83,1,1
37344,95,87,8,8
37345,141,131,10,10
37346,184,164,20,20
37347,138,110,28,28
37348,59,64,-5,5
37349,172,160,12,12
37350,146,133,13,13
37351,72,77,-5,5
37352,139,138,1,1
37353,108,105,3,3
37354,91,98,-7,7
37355,38,42,-4,4
37356,44,57,-13,13
37357,86,84,2,2
37358,68,76,-8,8
37359,68,64,4,4
37360,100,101,-1,1
37361,135,118,17,17
37362,30,50,-20,20
37363,149,139,10,10
37364,93,93,0,0
37365,132,132,0,0
37366,61,65,-4,4
37367,104,106,-2,2
37368,119,111,8,8
37369,61,68,-7,7
37370,79,81,-2,2
37371,48,59,-11,11
37372,80,75,5,5
37373,145,161,-16,16
37374,65,74,-9,9
37375,68,70,-2,2
37376,68,72,-4,4
37377,78,84,-6,6
37378,65,64,1,1
37379,98,93,5,5
37380,102,106,-4,4
37381,115,98,17,17
37382,71,71,0,0
37383,63,70,-7,7
37384,64,78,-14,14
37385,97,94,3,3
37386,102,90,12,12
37387,101,102,-1,1
37388,34,36,-2,2
37389,70,73,-3,3
37390,53,63,-10,10
37391,92,92,0,0
37392,83,85,-2,2
37393,101,104,-3,3
37394,76,75,1,1
37395,76,81,-5,5
37396,111,103,8,8
37397,49,66,-17,17
37398,55,67,-12,12
37399,115,105,10,10
37400,126,123,3,3
37401,121,106,15,15
37402,145,131,14,14
37403,60,78,-18,18
37404,73,66,7,7
37405,63,69,-6,6
37406,71,74,-3,3
37407,81,81,0,0
37408,98,96,2,2
37409,138,137,1,1
37410,69,76,-7,7
37411,172,171,1,1
37412,57,71,-14,14
37413,119,109,10,10
37414,65,71,-6,6
37415,54,60,-6,6
37416,86,92,-6,6
37417,116,113,3,3
37418,145,132,13,13
37419,102,105,-3,3
37420,108,104,4,4
37421,63,67,-4,4
37422,125,115,10,10
37423,90,91,-1,1
37424,139,137,2,2
37425,94,91,3,3
37426,86,87,-1,1
37427,44,53,-9,9
37428,89,94,-5,5
37429,82,80,2,2
37430,114,101,13,13
37431,60,63,-3,3
37432,103,100,3,3
37433,58,60,-2,2
37434,108,112,-4,4
37435,140,144,-4,4
37436,160,151,9,9
37437,54,58,-4,4
37438,106,99,7,7
37439,140,137,3,3
37440,101,99,2,2
37441,120,112,8,8
37442,118,110,8,8
37443,116,109,7,7
37444,108,105,3,3
37445,205,192,13,13
37446,192,171,21,21
37447,97,97,0,0
37448,59,63,-4,4
37449,60,69,-9,9
37450,51,55,-4,4
37451,48,53,-5,5
37452,118,110,8,8
37453,209,182,27,27
37454,64,68,-4,4
37455,76,83,-7,7
37456,130,120,10,10
37457,83,90,-7,7
37458,69,79,-10,10
37459,66,62,4,4
37460,81,90,-9,9
37461,116,130,-14,14
37462,91,94,-3,3
37463,178,168,10,10
37464,148,155,-7,7
37465,160,153,7,7
37466,116,125,-9,9
37467,87,91,-4,4
37468,93,94,-1,1
37469,71,75,-4,4
37470,121,114,7,7
37471,85,75,10,10
37472,75,79,-4,4
37473,101,97,4,4
37474,72,74,-2,2
37475,60,67,-7,7
37476,102,94,8,8
37477,111,102,9,9
37478,81,88,-7,7
37479,75,91,-16,16
37480,107,108,-1,1
37481,75,81,-6,6
37482,67,76,-9,9
37483,126,126,0,0
37484,106,106,0,0
37485,126,124,2,2
37486,104,103,1,1
37487,65,74,-9,9
37488,92,93,-1,1
37489,78,74,4,4
37490,127,117,10,10
37491,88,89,-1,1
37492,35,58,-23,23
37493,87,86,1,1
37494,53,66,-13,13
37495,108,107,1,1
37496,89,92,-3,3
37497,79,78,1,1
37498,79,86,-7,7
37499,138,118,20,20
37500,92,84,8,8
37501,84,83,1,1
37502,65,68,-3,3
37503,74,76,-2,2
37504,147,139,8,8
37505,96,97,-1,1
37506,124,120,4,4
37507,84,89,-5,5
37508,118,114,4,4
37509,80,78,2,2
37510,89,94,-5,5
37511,154,153,1,1
37512,96,103,-7,7
37513,73,82,-9,9
37514,218,182,36,36
37515,108,106,2,2
37516,156,146,10,10
37517,56,66,-10,10
37518,105,97,8,8
37519,103,124,-21,21
37520,98,100,-2,2
37521,161,153,8,8
37522,150,125,25,25
37523,50,57,-7,7
37524,99,96,3,3
37525,62,68,-6,6
37526,102,99,3,3
37527,86,83,3,3
37528,81,80,1,1
37529,51,60,-9,9
37530,100,92,8,8
37531,74,72,2,2
37532,65,61,4,4
37533,95,95,0,0
37534,99,97,2,2
37535,84,90,-6,6
37536,114,97,17,17
37537,99,91,8,8
37538,58,57,1,1
37539,49,51,-2,2
37540,119,106,13,13
37541,83,85,-2,2
37542,96,100,-4,4
37543,70,77,-7,7
37544,108,104,4,4
37545,128,108,20,20
37546,75,74,1,1
37547,72,71,1,1
37548,88,78,10,10
37549,71,72,-1,1
37550,103,95,8,8
37551,109,100,9,9
37552,77,81,-4,4
37553,74,75,-1,1
37554,105,96,9,9
37555,56,55,1,1
37556,95,92,3,3
37557,152,139,13,13
37558,62,65,-3,3
37559,128,119,9,9
37560,108,95,13,13
37561,58,67,-9,9
37562,144,126,18,18
37563,109,99,10,10
37564,66,66,0,0
37565,114,113,1,1
37566,150,131,19,19
37567,98,92,6,6
37568,151,142,9,9
37569,73,73,0,0
37570,84,82,2,2
37571,126,119,7,7
37572,50,60,-10,10
37573,101,113,-12,12
37574,56,64,-8,8
37575,95,95,0,0
37576,65,70,-5,5
37577,141,117,24,24
37578,94,90,4,4
37579,67,73,-6,6
37580,55,64,-9,9
37581,65,67,-2,2
37582,52,70,-18,18
37583,95,89,6,6
37584,158,149,9,9
37585,106,36,70,70
37586,101,97,4,4
37587,96,91,5,5
37588,132,132,0,0
37589,91,87,4,4
37590,80,81,-1,1
37591,209,183,26,26
37592,71,80,-9,9
37593,94,99,-5,5
37594,93,88,5,5
37595,103,102,1,1
37596,69,78,-9,9
37597,190,183,7,7
37598,92,92,0,0
37599,105,95,10,10
37600,69,76,-7,7
37601,54,69,-15,15
37602,59,63,-4,4
37603,82,85,-3,3
37604,84,84,0,0
37605,30,58,-28,28
37606,150,139,11,11
37607,65,65,0,0
37608,88,84,4,4
37609,80,79,1,1
37610,174,159,15,15
37611,134,151,-17,17
37612,82,80,2,2
37613,77,71,6,6
37614,65,72,-7,7
37615,49,57,-8,8
37616,95,98,-3,3
37617,67,70,-3,3
37618,69,68,1,1
37619,125,128,-3,3
37620,124,129,-5,5
37621,81,85,-4,4
37622,93,94,-1,1
37623,148,119,29,29
37624,158,137,21,21
37625,107,104,3,3
37626,138,126,12,12
37627,106,105,1,1
37628,102,105,-3,3
37629,151,147,4,4
37630,103,105,-2,2
37631,77,74,3,3
37632,139,128,11,11
37633,122,119,3,3
37634,86,79,7,7
37635,85,83,2,2
37636,76,71,5,5
37637,115,102,13,13
37638,137,119,18,18
37639,113,134,-21,21
37640,155,134,21,21
37641,66,78,-12,12
37642,75,72,3,3
37643,120,117,3,3
37644,116,100,16,16
37645,152,143,9,9
37646,56,64,-8,8
37647,205,173,32,32
37648,96,95,1,1
37649,101,94,7,7
37650,100,99,1,1
37651,94,88,6,6
37652,130,117,13,13
37653,61,79,-18,18
37654,123,115,8,8
37655,111,116,-5,5
37656,136,139,-3,3
37657,166,146,20,20
37658,85,91,-6,6
37659,99,98,1,1
37660,58,64,-6,6
37661,98,91,7,7
37662,88,78,10,10
37663,164,138,26,26
37664,67,71,-4,4
37665,112,96,16,16
37666,105,100,5,5
37667,151,138,13,13
37668,80,71,9,9
37669,121,127,-6,6
37670,179,143,36,36
37671,151,141,10,10
37672,116,114,2,2
37673,93,89,4,4
37674,96,94,2,2
37675,112,120,-8,8
37676,45,51,-6,6
37677,100,95,5,5
37678,71,82,-11,11
37679,72,69,3,3
37680,124,115,9,9
37681,54,55,-1,1
37682,135,124,11,11
37683,125,114,11,11
37684,125,99,26,26
37685,104,112,-8,8
37686,76,77,-1,1
37687,106,127,-21,21
37688,76,76,0,0
37689,87,88,-1,1
37690,146,139,7,7
37691,91,83,8,8
37692,72,86,-14,14
37693,149,142,7,7
37694,82,80,2,2
37695,157,151,6,6
37696,138,123,15,15
37697,122,118,4,4
37698,105,103,2,2
37699,88,82,6,6
37700,157,162,-5,5
37701,108,95,13,13
37702,94,89,5,5
37703,102,106,-4,4
37704,51,65,-14,14
37705,84,87,-3,3
37706,67,82,-15,15
37707,128,114,14,14
37708,130,126,4,4
37709,165,147,18,18
37710,100,110,-10,10
37711,121,127,-6,6
37712,74,80,-6,6
37713,58,61,-3,3
37714,88,98,-10,10
37715,105,110,-5,5
37716,116,111,5,5
37717,103,95,8,8
37718,101,100,1,1
37719,108,112,-4,4
37720,75,90,-15,15
37721,106,106,0,0
37722,69,75,-6,6
37723,87,89,-2,2
37724,68,78,-10,10
37725,51,57,-6,6
37726,61,68,-7,7
37727,110,106,4,4
37728,104,99,5,5
37729,70,70,0,0
37730,47,58,-11,11
37731,69,86,-17,17
37732,48,62,-14,14
37733,92,88,4,4
37734,116,111,5,5
37735,94,96,-2,2
37736,79,82,-3,3
37737,116,128,-12,12
37738,133,137,-4,4
37739,70,76,-6,6
37740,153,145,8,8
37741,41,86,-45,45
37742,73,76,-3,3
37743,109,108,1,1
37744,145,122,23,23
37745,106,106,0,0
37746,89,82,7,7
37747,69,81,-12,12
37748,73,78,-5,5
37749,61,67,-6,6
37750,127,118,9,9
37751,104,102,2,2
37752,103,101,2,2
37753,107,98,9,9
37754,116,113,3,3
37755,66,77,-11,11
37756,130,122,8,8
37757,102,92,10,10
37758,102,100,2,2
37759,72,80,-8,8
37760,98,90,8,8
37761,55,59,-4,4
37762,90,98,-8,8
37763,116,109,7,7
37764,64,73,-9,9
37765,113,102,11,11
37766,75,81,-6,6
37767,75,92,-17,17
37768,119,114,5,5
37769,81,78,3,3
37770,74,74,0,0
37771,156,146,10,10
37772,93,91,2,2
37773,84,86,-2,2
37774,118,139,-21,21
37775,70,71,-1,1
37776,197,179,18,18
37777,57,62,-5,5
37778,41,61,-20,20
37779,110,114,-4,4
37780,94,90,4,4
37781,121,104,17,17
37782,77,81,-4,4
37783,104,88,16,16
37784,98,93,5,5
37785,101,97,4,4
37786,65,77,-12,12
37787,140,124,16,16
37788,113,104,9,9
37789,103,90,13,13
37790,84,80,4,4
37791,75,74,1,1
37792,136,117,19,19
37793,123,117,6,6
37794,117,119,-2,2
37795,107,98,9,9
37796,64,64,0,0
37797,61,68,-7,7
37798,216,171,45,45
37799,94,97,-3,3
37800,96,94,2,2
37801,83,99,-16,16
37802,42,54,-12,12
37803,93,101,-8,8
37804,61,68,-7,7
37805,101,84,17,17
37806,118,111,7,7
37807,100,99,1,1
37808,107,123,-16,16
37809,98,100,-2,2
37810,64,64,0,0
37811,215,198,17,17
37812,127,118,9,9
37813,91,86,5,5
37814,113,125,-12,12
37815,82,83,-1,1
37816,120,120,0,0
37817,72,73,-1,1
37818,77,92,-15,15
37819,79,87,-8,8
37820,67,75,-8,8
37821,89,91,-2,2
37822,54,62,-8,8
37823,97,101,-4,4
37824,82,82,0,0
37825,91,100,-9,9
37826,83,80,3,3
37827,54,70,-16,16
37828,116,118,-2,2
37829,80,86,-6,6
37830,75,75,0,0
37831,187,176,11,11
37832,78,88,-10,10
37833,95,98,-3,3
37834,87,87,0,0
37835,74,80,-6,6
37836,67,68,-1,1
37837,66,65,1,1
37838,78,75,3,3
37839,107,102,5,5
37840,59,59,0,0
37841,92,96,-4,4
37842,41,58,-17,17
37843,130,118,12,12
37844,100,103,-3,3
37845,88,83,5,5
37846,67,67,0,0
37847,100,94,6,6
37848,99,103,-4,4
37849,69,72,-3,3
37850,115,117,-2,2
37851,116,105,11,11
37852,49,53,-4,4
37853,91,94,-3,3
37854,67,79,-12,12
37855,105,98,7,7
37856,137,131,6,6
37857,72,85,-13,13
37858,61,67,-6,6
37859,86,85,1,1
37860,91,96,-5,5
37861,85,84,1,1
37862,83,81,2,2
37863,68,64,4,4
37864,103,96,7,7
37865,106,97,9,9
37866,139,111,28,28
37867,115,114,1,1
37868,48,57,-9,9
37869,159,155,4,4
37870,61,61,0,0
37871,113,117,-4,4
37872,101,98,3,3
37873,77,77,0,0
37874,134,131,3,3
37875,67,62,5,5
37876,106,101,5,5
37877,57,61,-4,4
37878,95,101,-6,6
37879,93,99,-6,6
37880,95,83,12,12
37881,179,165,14,14
37882,153,163,-10,10
37883,62,70,-8,8
37884,69,70,-1,1
37885,165,160,5,5
37886,180,177,3,3
37887,87,87,0,0
37888,110,107,3,3
37889,116,117,-1,1
37890,159,159,0,0
37891,99,101,-2,2
37892,114,110,4,4
37893,102,93,9,9
37894,154,149,5,5
37895,91,93,-2,2
37896,124,107,17,17
37897,91,91,0,0
37898,41,50,-9,9
37899,45,51,-6,6
37900,71,86,-15,15
37901,76,80,-4,4
37902,99,104,-5,5
37903,111,102,9,9
37904,97,90,7,7
37905,124,109,15,15
37906,96,100,-4,4
37907,79,79,0,0
37908,122,128,-6,6
37909,115,97,18,18
37910,89,85,4,4
37911,73,73,0,0
37912,111,113,-2,2
37913,89,95,-6,6
37914,138,132,6,6
37915,100,107,-7,7
37916,78,84,-6,6
37917,83,88,-5,5
37918,86,91,-5,5
37919,135,136,-1,1
37920,114,110,4,4
37921,56,63,-7,7
37922,149,155,-6,6
37923,81,80,1,1
37924,79,79,0,0
37925,103,103,0,0
37926,56,73,-17,17
37927,150,135,15,15
37928,78,79,-1,1
37929,78,79,-1,1
37930,41,51,-10,10
37931,121,107,14,14
37932,123,114,9,9
37933,76,88,-12,12
37934,103,98,5,5
37935,35,62,-27,27
37936,124,115,9,9
37937,55,65,-10,10
37938,88,87,1,1
37939,90,87,3,3
37940,120,95,25,25
37941,71,73,-2,2
37942,79,84,-5,5
37943,62,70,-8,8
37944,86,85,1,1
37945,64,70,-6,6
37946,131,136,-5,5
37947,146,134,12,12
37948,86,80,6,6
37949,98,95,3,3
37950,183,156,27,27
37951,91,91,0,0
37952,77,77,0,0
37953,142,135,7,7
37954,79,79,0,0
37955,41,46,-5,5
37956,105,105,0,0
37957,197,180,17,17
37958,115,109,6,6
37959,71,75,-4,4
37960,140,141,-1,1
37961,130,121,9,9
37962,83,82,1,1
37963,108,120,-12,12
37964,67,67,0,0
37965,70,83,-13,13
37966,93,95,-2,2
37967,64,73,-9,9
37968,98,113,-15,15
37969,115,111,4,4
37970,62,63,-1,1
37971,88,88,0,0
37972,61,65,-4,4
37973,198,169,29,29
37974,101,106,-5,5
37975,66,66,0,0
37976,31,30,1,1
37977,94,90,4,4
37978,93,101,-8,8
37979,117,153,-36,36
37980,99,100,-1,1
37981,36,44,-8,8
37982,76,78,-2,2
37983,67,75,-8,8
37984,78,86,-8,8
37985,50,59,-9,9
37986,55,53,2,2
37987,92,94,-2,2
37988,94,87,7,7
37989,137,132,5,5
37990,102,99,3,3
37991,113,101,12,12
37992,89,82,7,7
37993,124,127,-3,3
37994,82,82,0,0
37995,60,69,-9,9
37996,125,108,17,17
37997,78,85,-7,7
37998,143,129,14,14
37999,142,141,1,1
38000,106,97,9,9
38001,124,110,14,14
38002,52,61,-9,9
38003,97,112,-15,15
38004,80,79,1,1
38005,107,113,-6,6
38006,141,133,8,8
38007,57,61,-4,4
38008,89,79,10,10
38009,104,107,-3,3
38010,154,144,10,10
38011,76,89,-13,13
38012,95,82,13,13
38013,179,155,24,24
38014,64,77,-13,13
38015,119,105,14,14
38016,108,117,-9,9
38017,114,107,7,7
38018,92,92,0,0
38019,109,104,5,5
38020,139,144,-5,5
38021,130,127,3,3
38022,112,104,8,8
38023,123,112,11,11
38024,125,114,11,11
38025,66,64,2,2
38026,77,88,-11,11
38027,87,86,1,1
38028,97,102,-5,5
38029,56,57,-1,1
38030,146,135,11,11
38031,71,73,-2,2
38032,176,160,16,16
38033,96,88,8,8
38034,105,100,5,5
38035,127,121,6,6
38036,82,85,-3,3
38037,137,146,-9,9
38038,120,113,7,7
38039,82,81,1,1
38040,73,70,3,3
38041,78,73,5,5
38042,83,84,-1,1
38043,83,83,0,0
38044,74,79,-5,5
38045,81,81,0,0
38046,178,155,23,23
38047,96,103,-7,7
38048,48,58,-10,10
38049,74,82,-8,8
38050,143,130,13,13
38051,94,87,7,7
38052,142,140,2,2
38053,144,141,3,3
38054,114,115,-1,1
38055,91,96,-5,5
38056,127,125,2,2
38057,65,78,-13,13
38058,152,140,12,12
38059,106,99,7,7
38060,140,130,10,10
38061,96,101,-5,5
38062,72,100,-28,28
38063,71,57,14,14
38064,116,108,8,8
38065,156,145,11,11
38066,57,59,-2,2
38067,24,34,-10,10
38068,122,113,9,9
38069,118,107,11,11
38070,96,97,-1,1
38071,86,86,0,0
38072,163,151,12,12
38073,60,68,-8,8
38074,80,76,4,4
38075,78,78,0,0
38076,82,79,3,3
38077,113,102,11,11
38078,104,109,-5,5
38079,154,163,-9,9
38080,34,49,-15,15
38081,111,111,0,0
38082,103,98,5,5
38083,88,85,3,3
38084,112,111,1,1
38085,115,104,11,11
38086,60,59,1,1
38087,150,138,12,12
38088,116,111,5,5
38089,80,79,1,1
38090,112,99,13,13
38091,116,111,5,5
38092,83,88,-5,5
38093,161,142,19,19
38094,65,73,-8,8
38095,74,78,-4,4
38096,72,66,6,6
38097,185,157,28,28
38098,89,76,13,13
38099,90,88,2,2
38100,175,155,20,20
38101,96,88,8,8
38102,96,91,5,5
38103,111,109,2,2
38104,46,54,-8,8
38105,105,114,-9,9
38106,69,75,-6,6
38107,117,110,7,7
38108,91,90,1,1
38109,70,77,-7,7
38110,150,130,20,20
38111,122,120,2,2
38112,98,101,-3,3
38113,100,90,10,10
38114,160,136,24,24
38115,139,128,11,11
38116,170,155,15,15
38117,79,85,-6,6
38118,132,122,10,10
38119,121,121,0,0
38120,118,118,0,0
38121,102,92,10,10
38122,98,95,3,3
38123,115,119,-4,4
38124,159,147,12,12
38125,92,93,-1,1
38126,41,67,-26,26
38127,84,85,-1,1
38128,132,137,-5,5
38129,109,94,15,15
38130,78,87,-9,9
38131,114,101,13,13
38132,121,109,12,12
38133,93,87,6,6
38134,115,114,1,1
38135,44,51,-7,7
38136,74,75,-1,1
38137,49,53,-4,4
38138,165,150,15,15
38139,83,83,0,0
38140,158,143,15,15
38141,101,89,12,12
38142,118,111,7,7
38143,94,91,3,3
38144,117,131,-14,14
38145,109,107,2,2
38146,73,90,-17,17
38147,76,80,-4,4
38148,138,132,6,6
38149,113,105,8,8
38150,96,95,1,1
38151,73,79,-6,6
38152,112,103,9,9
38153,63,72,-9,9
38154,104,93,11,11
38155,82,88,-6,6
38156,54,63,-9,9
38157,84,83,1,1
38158,133,135,-2,2
38159,101,100,1,1
38160,108,114,-6,6
38161,83,80,3,3
38162,78,82,-4,4
38163,82,77,5,5
38164,76,78,-2,2
38165,90,85,5,5
38166,105,101,4,4
38167,61,62,-1,1
38168,102,112,-10,10
38169,104,116,-12,12
38170,72,74,-2,2
38171,74,68,6,6
38172,92,95,-3,3
38173,85,83,2,2
38174,99,97,2,2
38175,111,117,-6,6
38176,67,74,-7,7
38177,76,75,1,1
38178,113,97,16,16
38179,107,101,6,6
38180,117,109,8,8
38181,116,116,0,0
38182,97,94,3,3
38183,125,121,4,4
38184,112,115,-3,3
38185,71,84,-13,13
38186,115,111,4,4
38187,59,82,-23,23
38188,97,94,3,3
38189,124,114,10,10
38190,45,53,-8,8
38191,87,88,-1,1
38192,103,116,-13,13
38193,64,67,-3,3
38194,100,93,7,7
38195,97,87,10,10
38196,121,115,6,6
38197,111,115,-4,4
38198,74,73,1,1
38199,118,144,-26,26
38200,91,86,5,5
38201,89,90,-1,1
38202,105,88,17,17
38203,79,82,-3,3
38204,68,72,-4,4
38205,125,126,-1,1
38206,87,84,3,3
38207,123,108,15,15
38208,93,94,-1,1
38209,100,94,6,6
38210,64,64,0,0
38211,108,101,7,7
38212,68,61,7,7
38213,86,89,-3,3
38214,107,93,14,14
38215,73,78,-5,5
38216,128,133,-5,5
38217,119,110,9,9
38218,54,53,1,1
38219,72,73,-1,1
38220,73,80,-7,7
38221,159,148,11,11
38222,83,85,-2,2
38223,97,93,4,4
38224,131,125,6,6
38225,69,74,-5,5
38226,86,77,9,9
38227,119,118,1,1
38228,100,93,7,7
38229,102,106,-4,4
38230,67,66,1,1
38231,53,65,-12,12
38232,85,91,-6,6
38233,168,153,15,15
38234,61,58,3,3
38235,77,77,0,0
38236,85,91,-6,6
38237,69,71,-2,2
38238,124,117,7,7
38239,89,81,8,8
38240,148,143,5,5
38241,143,130,13,13
38242,57,78,-21,21
38243,144,137,7,7
38244,66,71,-5,5
38245,83,97,-14,14
38246,120,116,4,4
38247,131,127,4,4
38248,51,60,-9,9
38249,77,65,12,12
38250,62,68,-6,6
38251,125,128,-3,3
38252,87,86,1,1
38253,89,88,1,1
38254,162,148,14,14
38255,109,110,-1,1
38256,126,127,-1,1
38257,87,91,-4,4
38258,87,101,-14,14
38259,116,110,6,6
38260,51,61,-10,10
38261,65,64,1,1
38262,95,87,8,8
38263,86,79,7,7
38264,98,98,0,0
38265,74,76,-2,2
38266,87,103,-16,16
38267,113,106,7,7
38268,70,88,-18,18
38269,119,105,14,14
38270,180,161,19,19
38271,94,85,9,9
38272,67,76,-9,9
38273,85,87,-2,2
38274,147,147,0,0
38275,79,71,8,8
38276,76,78,-2,2
38277,60,57,3,3
38278,55,62,-7,7
38279,95,98,-3,3
38280,127,111,16,16
38281,100,97,3,3
38282,85,85,0,0
38283,127,119,8,8
38284,101,89,12,12
38285,70,71,-1,1
38286,102,98,4,4
38287,73,75,-2,2
38288,107,106,1,1
38289,129,128,1,1
38290,114,106,8,8
38291,45,59,-14,14
38292,52,57,-5,5
38293,69,73,-4,4
38294,71,75,-4,4
38295,65,70,-5,5
38296,211,170,41,41
38297,113,128,-15,15
38298,97,97,0,0
38299,60,70,-10,10
38300,184,150,34,34
38301,106,101,5,5
38302,121,114,7,7
38303,112,115,-3,3
38304,137,134,3,3
38305,104,102,2,2
38306,124,122,2,2
38307,72,69,3,3
38308,116,105,11,11
38309,76,76,0,0
38310,99,103,-4,4
38311,75,79,-4,4
38312,81,82,-1,1
38313,69,74,-5,5
38314,72,79,-7,7
38315,87,76,11,11
38316,93,88,5,5
38317,136,127,9,9
38318,101,93,8,8
38319,89,86,3,3
38320,112,106,6,6
38321,65,69,-4,4
38322,118,107,11,11
38323,92,85,7,7
38324,80,89,-9,9
38325,98,94,4,4
38326,70,70,0,0
38327,127,116,11,11
38328,149,126,23,23
38329,70,71,-1,1
38330,139,137,2,2
38331,82,82,0,0
38332,91,92,-1,1
38333,39,60,-21,21
38334,82,92,-10,10
38335,105,100,5,5
38336,147,142,5,5
38337,104,105,-1,1
38338,117,96,21,21
38339,91,101,-10,10
38340,90,95,-5,5
38341,104,94,10,10
38342,47,57,-10,10
38343,56,64,-8,8
38344,110,110,0,0
38345,43,60,-17,17
38346,120,110,10,10
38347,70,74,-4,4
38348,75,79,-4,4
38349,77,82,-5,5
38350,72,72,0,0
38351,105,100,5,5
38352,218,182,36,36
38353,56,67,-11,11
38354,100,103,-3,3
38355,123,134,-11,11
38356,130,119,11,11
38357,63,63,0,0
38358,89,90,-1,1
38359,60,70,-10,10
38360,65,79,-14,14
38361,118,113,5,5
38362,86,89,-3,3
38363,166,163,3,3
38364,106,104,2,2
38365,58,67,-9,9
38366,141,122,19,19
38367,96,96,0,0
38368,106,99,7,7
38369,110,113,-3,3
38370,64,67,-3,3
38371,83,81,2,2
38372,92,105,-13,13
38373,70,71,-1,1
38374,122,119,3,3
38375,86,89,-3,3
38376,105,93,12,12
38377,99,103,-4,4
38378,57,57,0,0
38379,79,79,0,0
38380,59,60,-1,1
38381,70,75,-5,5
38382,104,98,6,6
38383,86,88,-2,2
38384,112,118,-6,6
38385,102,101,1,1
38386,63,70,-7,7
38387,118,108,10,10
38388,63,63,0,0
38389,104,119,-15,15
38390,86,90,-4,4
38391,167,150,17,17
38392,164,150,14,14
38393,85,86,-1,1
38394,111,110,1,1
38395,121,109,12,12
38396,94,91,3,3
38397,77,87,-10,10
38398,35,43,-8,8
38399,95,92,3,3
38400,133,134,-1,1
38401,85,88,-3,3
38402,67,64,3,3
38403,114,111,3,3
38404,157,145,12,12
38405,157,145,12,12
38406,94,103,-9,9
38407,54,67,-13,13
38408,64,63,1,1
38409,109,103,6,6
38410,71,74,-3,3
38411,73,78,-5,5
38412,76,83,-7,7
38413,130,112,18,18
38414,79,76,3,3
38415,142,146,-4,4
38416,89,88,1,1
38417,105,107,-2,2
38418,78,89,-11,11
38419,64,66,-2,2
38420,63,72,-9,9
38421,89,91,-2,2
38422,171,162,9,9
38423,111,98,13,13
38424,86,78,8,8
38425,102,99,3,3
38426,61,66,-5,5
38427,85,85,0,0
38428,134,116,18,18
38429,81,81,0,0
38430,142,138,4,4
38431,80,75,5,5
38432,83,83,0,0
38433,121,112,9,9
38434,67,59,8,8
38435,100,112,-12,12
38436,129,126,3,3
38437,102,109,-7,7
38438,126,120,6,6
38439,98,97,1,1
38440,63,62,1,1
38441,72,80,-8,8
38442,88,95,-7,7
38443,64,70,-6,6
38444,107,111,-4,4
38445,89,82,7,7
38446,93,92,1,1
38447,146,134,12,12
38448,101,105,-4,4
38449,87,85,2,2
38450,97,96,1,1
38451,78,67,11,11
38452,130,111,19,19
38453,85,75,10,10
38454,77,75,2,2
38455,44,54,-10,10
38456,96,90,6,6
38457,89,82,7,7
38458,117,112,5,5
38459,41,47,-6,6
38460,113,112,1,1
38461,103,86,17,17
38462,161,145,16,16
38463,196,179,17,17
38464,64,61,3,3
38465,82,78,4,4
38466,66,94,-28,28
38467,80,77,3,3
38468,54,64,-10,10
38469,104,105,-1,1
38470,55,57,-2,2
38471,57,60,-3,3
38472,49,59,-10,10
38473,70,72,-2,2
38474,74,82,-8,8
38475,33,45,-12,12
38476,83,90,-7,7
38477,89,89,0,0
38478,102,94,8,8
38479,156,157,-1,1
38480,36,52,-16,16
38481,62,63,-1,1
38482,102,96,6,6
38483,87,94,-7,7
38484,50,53,-3,3
38485,89,97,-8,8
38486,100,96,4,4
38487,98,87,11,11
38488,56,63,-7,7
38489,75,73,2,2
38490,98,84,14,14
38491,117,106,11,11
38492,235,194,41,41
38493,54,60,-6,6
38494,68,64,4,4
38495,116,119,-3,3
38496,32,40,-8,8
38497,55,56,-1,1
38498,82,82,0,0
38499,119,113,6,6
38500,183,174,9,9
38501,112,85,27,27
38502,57,70,-13,13
38503,120,113,7,7
38504,77,83,-6,6
38505,68,77,-9,9
38506,126,115,11,11
38507,68,66,2,2
38508,103,91,12,12
38509,110,112,-2,2
38510,122,104,18,18
38511,100,113,-13,13
38512,74,75,-1,1
38513,185,155,30,30
38514,118,123,-5,5
38515,41,52,-11,11
38516,91,92,-1,1
38517,83,77,6,6
38518,79,86,-7,7
38519,82,75,7,7
38520,84,89,-5,5
38521,70,65,5,5
38522,97,103,-6,6
38523,99,99,0,0
38524,108,101,7,7
38525,85,82,3,3
38526,132,125,7,7
38527,99,96,3,3
38528,62,60,2,2
38529,80,77,3,3
38530,96,89,7,7
38531,98,87,11,11
38532,109,106,3,3
38533,124,125,-1,1
38534,101,108,-7,7
38535,118,117,1,1
38536,57,61,-4,4
38537,79,82,-3,3
38538,86,88,-2,2
38539,77,76,1,1
38540,132,118,14,14
38541,74,68,6,6
38542,108,102,6,6
38543,137,121,16,16
38544,102,100,2,2
38545,150,139,11,11
38546,51,56,-5,5
38547,77,76,1,1
38548,59,58,1,1
38549,42,44,-2,2
38550,141,139,2,2
38551,132,119,13,13
38552,67,67,0,0
38553,108,102,6,6
38554,144,149,-5,5
38555,69,73,-4,4
38556,85,82,3,3
38557,64,68,-4,4
38558,65,69,-4,4
38559,221,202,19,19
38560,70,72,-2,2
38561,56,57,-1,1
38562,62,68,-6,6
38563,88,102,-14,14
38564,108,110,-2,2
38565,178,155,23,23
38566,74,73,1,1
38567,85,97,-12,12
38568,61,71,-10,10
38569,111,81,30,30
38570,103,109,-6,6
38571,110,105,5,5
38572,74,72,2,2
38573,172,162,10,10
38574,87,98,-11,11
38575,141,143,-2,2
38576,86,79,7,7
38577,89,96,-7,7
38578,106,90,16,16
38579,103,99,4,4
38580,115,97,18,18
38581,61,57,4,4
38582,102,102,0,0
38583,64,68,-4,4
38584,121,110,11,11
38585,61,70,-9,9
38586,75,74,1,1
38587,43,44,-1,1
38588,84,80,4,4
38589,118,110,8,8
38590,50,47,3,3
38591,81,71,10,10
38592,160,148,12,12
38593,121,108,13,13
38594,77,83,-6,6
38595,124,116,8,8
38596,140,123,17,17
38597,56,64,-8,8
38598,92,85,7,7
38599,99,94,5,5
38600,169,156,13,13
38601,102,108,-6,6
38602,149,144,5,5
38603,161,164,-3,3
38604,73,79,-6,6
38605,81,83,-2,2
38606,76,77,-1,1
38607,131,120,11,11
38608,155,155,0,0
38609,87,89,-2,2
38610,62,64,-2,2
38611,87,77,10,10
38612,78,87,-9,9
38613,74,77,-3,3
38614,49,74,-25,25
38615,92,87,5,5
38616,133,126,7,7
38617,149,142,7,7
38618,120,119,1,1
38619,89,82,7,7
38620,102,97,5,5
38621,62,61,1,1
38622,57,52,5,5
38623,43,65,-22,22
38624,72,75,-3,3
38625,58,65,-7,7
38626,66,66,0,0
38627,73,79,-6,6
38628,112,95,17,17
38629,158,140,18,18
38630,70,80,-10,10
38631,136,125,11,11
38632,85,81,4,4
38633,37,50,-13,13
38634,87,92,-5,5
38635,130,132,-2,2
38636,88,89,-1,1
38637,57,64,-7,7
38638,117,111,6,6
38639,105,96,9,9
38640,75,78,-3,3
38641,153,149,4,4
38642,90,100,-10,10
38643,130,116,14,14
38644,86,89,-3,3
38645,124,126,-2,2
38646,83,83,0,0
38647,145,125,20,20
38648,77,82,-5,5
38649,64,68,-4,4
38650,129,127,2,2
38651,109,105,4,4
38652,94,89,5,5
38653,84,80,4,4
38654,64,66,-2,2
38655,90,89,1,1
38656,171,159,12,12
38657,93,96,-3,3
38658,121,122,-1,1
38659,72,80,-8,8
38660,72,84,-12,12
38661,85,84,1,1
38662,86,80,6,6
38663,93,97,-4,4
38664,94,80,14,14
38665,118,116,2,2
38666,72,65,7,7
38667,64,67,-3,3
38668,127,106,21,21
38669,64,66,-2,2
38670,75,76,-1,1
38671,57,65,-8,8
38672,61,66,-5,5
38673,74,86,-12,12
38674,53,68,-15,15
38675,80,83,-3,3
38676,83,82,1,1
38677,124,115,9,9
38678,81,92,-11,11
38679,84,93,-9,9
38680,128,113,15,15
38681,93,91,2,2
38682,79,83,-4,4
38683,81,97,-16,16
38684,81,82,-1,1
38685,104,104,0,0
38686,82,82,0,0
38687,84,73,11,11
38688,71,74,-3,3
38689,62,65,-3,3
38690,66,72,-6,6
38691,63,68,-5,5
38692,77,78,-1,1
38693,56,63,-7,7
38694,155,145,10,10
38695,143,129,14,14
38696,75,75,0,0
38697,92,98,-6,6
38698,108,101,7,7
38699,105,103,2,2
38700,63,63,0,0
38701,117,115,2,2
38702,123,105,18,18
38703,69,76,-7,7
38704,119,125,-6,6
38705,92,101,-9,9
38706,94,87,7,7
38707,80,82,-2,2
38708,101,98,3,3
38709,150,143,7,7
38710,92,87,5,5
38711,97,93,4,4
38712,100,98,2,2
38713,74,87,-13,13
38714,157,148,9,9
38715,65,73,-8,8
38716,97,93,4,4
38717,79,81,-2,2
38718,86,85,1,1
38719,91,86,5,5
38720,51,55,-4,4
38721,110,105,5,5
38722,106,103,3,3
38723,50,58,-8,8
38724,76,74,2,2
38725,126,118,8,8
38726,73,74,-1,1
38727,80,85,-5,5
38728,90,84,6,6
38729,94,79,15,15
38730,99,96,3,3
38731,140,125,15,15
38732,92,89,3,3
38733,96,96,0,0
38734,107,103,4,4
38735,120,106,14,14
38736,141,131,10,10
38737,58,65,-7,7
38738,99,96,3,3
38739,75,75,0,0
38740,118,105,13,13
38741,93,93,0,0
38742,104,90,14,14
38743,81,83,-2,2
38744,107,103,4,4
38745,91,106,-15,15
38746,87,88,-1,1
38747,53,60,-7,7
38748,147,141,6,6
38749,108,98,10,10
38750,76,75,1,1
38751,59,63,-4,4
38752,85,94,-9,9
38753,82,85,-3,3
38754,57,64,-7,7
38755,37,53,-16,16
38756,129,126,3,3
38757,57,56,1,1
38758,67,69,-2,2
38759,76,73,3,3
38760,85,81,4,4
38761,130,117,13,13
38762,106,102,4,4
38763,104,113,-9,9
38764,88,92,-4,4
38765,65,68,-3,3
38766,75,77,-2,2
38767,145,130,15,15
38768,149,140,9,9
38769,44,54,-10,10
38770,69,67,2,2
38771,93,98,-5,5
38772,78,77,1,1
38773,63,70,-7,7
38774,78,83,-5,5
38775,85,82,3,3
38776,55,56,-1,1
38777,73,88,-15,15
38778,107,103,4,4
38779,131,118,13,13
38780,87,87,0,0
38781,40,54,-14,14
38782,139,119,20,20
38783,85,90,-5,5
38784,163,163,0,0
38785,64,74,-10,10
38786,193,173,20,20
38787,86,95,-9,9
38788,98,98,0,0
38789,51,63,-12,12
38790,128,120,8,8
38791,141,121,20,20
38792,84,82,2,2
38793,142,135,7,7
38794,59,63,-4,4
38795,108,98,10,10
38796,39,50,-11,11
38797,156,148,8,8
38798,107,110,-3,3
38799,99,104,-5,5
38800,166,149,17,17
38801,85,84,1,1
38802,84,83,1,1
38803,98,94,4,4
38804,76,72,4,4
38805,138,122,16,16
38806,93,89,4,4
38807,182,152,30,30
38808,149,128,21,21
38809,132,111,21,21
38810,127,114,13,13
38811,70,72,-2,2
38812,57,61,-4,4
38813,176,171,5,5
38814,68,71,-3,3
38815,46,52,-6,6
38816,66,67,-1,1
38817,113,115,-2,2
38818,135,133,2,2
38819,48,55,-7,7
38820,135,125,10,10
38821,70,75,-5,5
38822,91,95,-4,4
38823,125,115,10,10
38824,109,94,15,15
38825,53,61,-8,8
38826,91,88,3,3
38827,70,71,-1,1
38828,65,75,-10,10
38829,125,109,16,16
38830,72,74,-2,2
38831,103,100,3,3
38832,103,85,18,18
38833,101,83,18,18
38834,117,122,-5,5
38835,63,66,-3,3
38836,164,157,7,7
38837,57,69,-12,12
38838,120,119,1,1
38839,133,124,9,9
38840,83,89,-6,6
38841,64,70,-6,6
38842,102,96,6,6
38843,70,71,-1,1
38844,124,125,-1,1
38845,106,94,12,12
38846,156,146,10,10
38847,67,73,-6,6
38848,147,143,4,4
38849,113,115,-2,2
38850,121,119,2,2
38851,97,95,2,2
38852,59,72,-13,13
38853,50,66,-16,16
38854,118,102,16,16
38855,56,61,-5,5
38856,87,79,8,8
38857,89,96,-7,7
38858,65,72,-7,7
38859,62,67,-5,5
38860,138,134,4,4
38861,149,147,2,2
38862,69,68,1,1
38863,76,87,-11,11
38864,65,76,-11,11
38865,70,70,0,0
38866,133,139,-6,6
38867,77,79,-2,2
38868,93,95,-2,2
38869,105,126,-21,21
38870,67,73,-6,6
38871,84,82,2,2
38872,83,91,-8,8
38873,46,49,-3,3
38874,102,97,5,5
38875,80,76,4,4
38876,106,104,2,2
38877,91,94,-3,3
38878,70,65,5,5
38879,213,187,26,26
38880,84,88,-4,4
38881,124,104,20,20
38882,113,104,9,9
38883,89,92,-3,3
38884,112,107,5,5
38885,78,75,3,3
38886,60,61,-1,1
38887,119,104,15,15
38888,58,64,-6,6
38889,109,98,11,11
38890,113,132,-19,19
38891,101,88,13,13
38892,61,60,1,1
38893,76,85,-9,9
38894,84,81,3,3
38895,86,91,-5,5
38896,108,98,10,10
38897,102,91,11,11
38898,151,144,7,7
38899,66,71,-5,5
38900,71,69,2,2
38901,66,73,-7,7
38902,131,127,4,4
38903,49,54,-5,5
38904,99,102,-3,3
38905,69,80,-11,11
38906,72,65,7,7
38907,179,155,24,24
38908,152,139,13,13
38909,70,74,-4,4
38910,63,70,-7,7
38911,104,105,-1,1
38912,22,41,-19,19
38913,105,99,6,6
38914,174,164,10,10
38915,123,119,4,4
38916,34,42,-8,8
38917,76,81,-5,5
38918,114,107,7,7
38919,84,98,-14,14
38920,114,98,16,16
38921,236,192,44,44
38922,86,91,-5,5
38923,91,82,9,9
38924,109,107,2,2
38925,99,89,10,10
38926,79,73,6,6
38927,51,61,-10,10
38928,201,173,28,28
38929,60,63,-3,3
38930,89,92,-3,3
38931,84,84,0,0
38932,40,50,-10,10
38933,68,69,-1,1
38934,58,62,-4,4
38935,73,73,0,0
38936,121,120,1,1
38937,55,55,0,0
38938,91,92,-1,1
38939,57,65,-8,8
38940,68,64,4,4
38941,93,78,15,15
38942,59,67,-8,8
38943,76,73,3,3
38944,99,101,-2,2
38945,85,101,-16,16
38946,113,99,14,14
38947,107,93,14,14
38948,184,165,19,19
38949,80,79,1,1
38950,99,95,4,4
38951,180,160,20,20
38952,94,102,-8,8
38953,37,41,-4,4
38954,59,72,-13,13
38955,65,66,-1,1
38956,93,95,-2,2
38957,88,94,-6,6
38958,92,94,-2,2
38959,128,112,16,16
38960,111,114,-3,3
38961,128,162,-34,34
38962,48,54,-6,6
38963,116,123,-7,7
38964,54,57,-3,3
38965,57,69,-12,12
38966,61,70,-9,9
38967,79,80,-1,1
38968,61,64,-3,3
38969,122,116,6,6
38970,89,88,1,1
38971,121,111,10,10
38972,119,110,9,9
38973,108,114,-6,6
38974,100,101,-1,1
38975,58,62,-4,4
38976,106,94,12,12
38977,88,91,-3,3
38978,103,91,12,12
38979,31,40,-9,9
38980,34,60,-26,26
38981,87,87,0,0
38982,111,108,3,3
38983,101,101,0,0
38984,41,49,-8,8
38985,60,67,-7,7
38986,115,110,5,5
38987,136,132,4,4
38988,74,70,4,4
38989,84,78,6,6
38990,110,105,5,5
38991,73,77,-4,4
38992,126,118,8,8
38993,77,75,2,2
38994,129,120,9,9
38995,123,125,-2,2
38996,99,93,6,6
38997,88,72,16,16
38998,61,72,-11,11
38999,74,77,-3,3
39000,107,99,8,8
39001,122,112,10,10
39002,60,66,-6,6
39003,188,170,18,18
39004,84,78,6,6
39005,146,142,4,4
39006,154,149,5,5
39007,114,114,0,0
39008,117,107,10,10
39009,163,159,4,4
39010,74,76,-2,2
39011,113,103,10,10
39012,68,74,-6,6
39013,137,131,6,6
39014,86,90,-4,4
39015,136,132,4,4
39016,77,76,1,1
39017,156,144,12,12
39018,146,133,13,13
39019,62,63,-1,1
39020,66,76,-10,10
39021,121,117,4,4
39022,161,141,20,20
39023,102,108,-6,6
39024,67,63,4,4
39025,129,127,2,2
39026,120,124,-4,4
39027,174,163,11,11
39028,179,162,17,17
39029,92,86,6,6
39030,112,110,2,2
39031,110,98,12,12
39032,97,96,1,1
39033,68,67,1,1
39034,117,120,-3,3
39035,155,140,15,15
39036,60,65,-5,5
39037,167,142,25,25
39038,115,109,6,6
39039,134,132,2,2
39040,48,58,-10,10
39041,89,83,6,6
39042,42,59,-17,17
39043,31,49,-18,18
39044,105,99,6,6
39045,138,125,13,13
39046,97,87,10,10
39047,83,85,-2,2
39048,54,59,-5,5
39049,65,67,-2,2
39050,94,100,-6,6
39051,86,85,1,1
39052,88,94,-6,6
39053,63,64,-1,1
39054,144,140,4,4
39055,62,66,-4,4
39056,63,78,-15,15
39057,98,95,3,3
39058,60,61,-1,1
39059,49,57,-8,8
39060,96,87,9,9
39061,71,77,-6,6
39062,120,112,8,8
39063,150,132,18,18
39064,80,77,3,3
39065,58,64,-6,6
39066,64,73,-9,9
39067,140,136,4,4
39068,124,121,3,3
39069,97,89,8,8
39070,161,134,27,27
39071,50,65,-15,15
39072,101,106,-5,5
39073,44,58,-14,14
39074,99,100,-1,1
39075,171,147,24,24
39076,43,54,-11,11
39077,93,102,-9,9
39078,139,135,4,4
39079,120,111,9,9
39080,98,104,-6,6
39081,101,102,-1,1
39082,80,76,4,4
39083,63,62,1,1
39084,149,146,3,3
39085,132,117,15,15
39086,71,74,-3,3
39087,92,99,-7,7
39088,61,75,-14,14
39089,110,108,2,2
39090,67,70,-3,3
39091,38,69,-31,31
39092,89,105,-16,16
39093,86,89,-3,3
39094,157,161,-4,4
39095,63,74,-11,11
39096,56,64,-8,8
39097,96,98,-2,2
39098,58,67,-9,9
39099,164,153,11,11
39100,107,103,4,4
39101,131,112,19,19
39102,119,110,9,9
39103,103,102,1,1
39104,58,63,-5,5
39105,158,135,23,23
39106,148,130,18,18
39107,107,108,-1,1
39108,108,95,13,13
39109,85,75,10,10
39110,76,81,-5,5
39111,72,67,5,5
39112,133,129,4,4
39113,71,75,-4,4
39114,90,85,5,5
39115,105,102,3,3
39116,107,107,0,0
39117,84,82,2,2
39118,67,74,-7,7
39119,154,142,12,12
39120,63,78,-15,15
39121,182,160,22,22
39122,130,120,10,10
39123,126,126,0,0
39124,135,125,10,10
39125,86,86,0,0
39126,90,93,-3,3
39127,69,69,0,0
39128,99,101,-2,2
39129,81,90,-9,9
39130,92,90,2,2
39131,83,81,2,2
39132,76,74,2,2
39133,79,73,6,6
39134,59,68,-9,9
39135,100,97,3,3
39136,60,73,-13,13
39137,76,80,-4,4
39138,110,96,14,14
39139,112,106,6,6
39140,93,95,-2,2
39141,101,101,0,0
39142,107,109,-2,2
39143,180,166,14,14
39144,109,105,4,4
39145,85,79,6,6
39146,123,114,9,9
39147,90,92,-2,2
39148,118,116,2,2
39149,108,100,8,8
39150,95,91,4,4
39151,119,108,11,11
39152,115,96,19,19
39153,145,131,14,14
39154,46,62,-16,16
39155,59,67,-8,8
39156,127,129,-2,2
39157,114,110,4,4
39158,101,100,1,1
39159,134,127,7,7
39160,99,98,1,1
39161,143,134,9,9
39162,136,124,12,12
39163,152,146,6,6
39164,103,98,5,5
39165,79,77,2,2
39166,83,81,2,2
39167,125,111,14,14
39168,74,91,-17,17
39169,44,53,-9,9
39170,100,103,-3,3
39171,111,106,5,5
39172,65,65,0,0
39173,102,96,6,6
39174,109,101,8,8
39175,80,75,5,5
39176,117,112,5,5
39177,121,112,9,9
39178,154,141,13,13
39179,55,63,-8,8
39180,90,92,-2,2
39181,137,113,24,24
39182,53,58,-5,5
39183,137,128,9,9
39184,64,67,-3,3
39185,133,117,16,16
39186,38,44,-6,6
39187,105,90,15,15
39188,45,53,-8,8
39189,133,114,19,19
39190,121,117,4,4
39191,138,123,15,15
39192,84,76,8,8
39193,79,80,-1,1
39194,48,56,-8,8
39195,51,66,-15,15
39196,90,91,-1,1
39197,79,76,3,3
39198,73,73,0,0
39199,82,75,7,7
39200,90,94,-4,4
39201,98,77,21,21
39202,56,63,-7,7
39203,100,95,5,5
39204,55,70,-15,15
39205,116,122,-6,6
39206,61,63,-2,2
39207,77,74,3,3
39208,131,124,7,7
39209,115,114,1,1
39210,94,86,8,8
39211,80,79,1,1
39212,57,64,-7,7
39213,112,105,7,7
39214,98,93,5,5
39215,136,132,4,4
39216,125,107,18,18
39217,90,97,-7,7
39218,81,84,-3,3
39219,123,116,7,7
39220,114,116,-2,2
39221,35,63,-28,28
39222,55,58,-3,3
39223,110,104,6,6
39224,52,59,-7,7
39225,191,166,25,25
39226,48,63,-15,15
39227,70,66,4,4
39228,116,111,5,5
39229,114,112,2,2
39230,71,75,-4,4
39231,130,113,17,17
39232,92,90,2,2
39233,111,113,-2,2
39234,150,144,6,6
39235,112,128,-16,16
39236,85,85,0,0
39237,75,76,-1,1
39238,64,68,-4,4
39239,65,69,-4,4
39240,164,152,12,12
39241,63,48,15,15
39242,105,102,3,3
39243,96,95,1,1
39244,102,90,12,12
39245,84,75,9,9
39246,72,81,-9,9
39247,118,118,0,0
39248,110,105,5,5
39249,81,85,-4,4
39250,109,111,-2,2
39251,76,71,5,5
39252,64,65,-1,1
39253,133,114,19,19
39254,143,124,19,19
39255,72,75,-3,3
39256,74,81,-7,7
39257,41,48,-7,7
39258,65,69,-4,4
39259,73,70,3,3
39260,63,72,-9,9
39261,175,153,22,22
39262,85,95,-10,10
39263,82,81,1,1
39264,48,56,-8,8
39265,97,89,8,8
39266,86,91,-5,5
39267,66,70,-4,4
39268,80,77,3,3
39269,84,88,-4,4
39270,90,90,0,0
39271,76,86,-10,10
39272,90,91,-1,1
39273,128,131,-3,3
39274,76,87,-11,11
39275,84,84,0,0
39276,116,113,3,3
39277,72,79,-7,7
39278,88,84,4,4
39279,58,59,-1,1
39280,80,79,1,1
39281,122,110,12,12
39282,84,88,-4,4
39283,62,67,-5,5
39284,78,73,5,5
39285,113,111,2,2
39286,152,142,10,10
39287,68,72,-4,4
39288,72,70,2,2
39289,104,104,0,0
39290,100,97,3,3
39291,92,87,5,5
39292,95,88,7,7
39293,66,65,1,1
39294,78,84,-6,6
39295,117,103,14,14
39296,109,90,19,19
39297,157,140,17,17
39298,100,88,12,12
39299,101,93,8,8
39300,68,64,4,4
39301,137,115,22,22
39302,144,147,-3,3
39303,152,144,8,8
39304,121,107,14,14
39305,83,84,-1,1
39306,86,97,-11,11
39307,72,68,4,4
39308,82,95,-13,13
39309,115,108,7,7
39310,44,51,-7,7
39311,130,133,-3,3
39312,84,85,-1,1
39313,104,98,6,6
39314,70,67,3,3
39315,152,126,26,26
39316,66,71,-5,5
39317,137,111,26,26
39318,86,83,3,3
39319,130,118,12,12
39320,105,97,8,8
39321,79,82,-3,3
39322,79,78,1,1
39323,68,68,0,0
39324,86,82,4,4
39325,90,95,-5,5
39326,174,154,20,20
39327,41,51,-10,10
39328,109,96,13,13
39329,98,91,7,7
39330,79,84,-5,5
39331,107,111,-4,4
39332,138,135,3,3
39333,49,46,3,3
39334,68,78,-10,10
39335,465,359,106,106
39336,102,91,11,11
39337,108,107,1,1
39338,98,99,-1,1
39339,70,65,5,5
39340,90,92,-2,2
39341,103,99,4,4
39342,84,75,9,9
39343,128,134,-6,6
39344,205,174,31,31
39345,149,132,17,17
39346,51,60,-9,9
39347,64,68,-4,4
39348,155,139,16,16
39349,61,69,-8,8
39350,91,88,3,3
39351,69,76,-7,7
39352,51,67,-16,16
39353,59,62,-3,3
39354,110,98,12,12
39355,145,124,21,21
39356,86,97,-11,11
39357,192,170,22,22
39358,80,71,9,9
39359,62,65,-3,3
39360,116,115,1,1
39361,94,103,-9,9
39362,60,64,-4,4
39363,128,142,-14,14
39364,129,122,7,7
39365,111,109,2,2
39366,137,130,7,7
39367,164,146,18,18
39368,119,109,10,10
39369,90,89,1,1
39370,114,117,-3,3
39371,26,29,-3,3
39372,107,107,0,0
39373,68,70,-2,2
39374,118,118,0,0
39375,124,116,8,8
39376,170,156,14,14
39377,61,68,-7,7
39378,136,134,2,2
39379,196,147,49,49
39380,87,82,5,5
39381,95,104,-9,9
39382,108,107,1,1
39383,151,145,6,6
39384,67,73,-6,6
39385,149,143,6,6
39386,113,106,7,7
39387,50,63,-13,13
39388,79,84,-5,5
39389,103,99,4,4
39390,80,77,3,3
39391,172,163,9,9
39392,105,109,-4,4
39393,82,83,-1,1
39394,47,53,-6,6
39395,54,55,-1,1
39396,80,75,5,5
39397,64,64,0,0
39398,150,138,12,12
39399,134,125,9,9
39400,61,73,-12,12
39401,108,102,6,6
39402,116,114,2,2
39403,101,114,-13,13
39404,81,81,0,0
39405,90,94,-4,4
39406,71,76,-5,5
39407,119,112,7,7
39408,133,132,1,1
39409,125,133,-8,8
39410,70,69,1,1
39411,182,164,18,18
39412,114,113,1,1
39413,136,139,-3,3
39414,76,79,-3,3
39415,114,100,14,14
39416,46,55,-9,9
39417,97,109,-12,12
39418,70,78,-8,8
39419,63,60,3,3
39420,100,92,8,8
39421,114,105,9,9
39422,52,56,-4,4
39423,130,128,2,2
39424,108,96,12,12
39425,133,115,18,18
39426,26,40,-14,14
39427,75,78,-3,3
39428,112,117,-5,5
39429,73,68,5,5
39430,44,56,-12,12
39431,75,76,-1,1
39432,93,92,1,1
39433,60,75,-15,15
39434,83,82,1,1
39435,140,126,14,14
39436,100,102,-2,2
39437,107,98,9,9
39438,95,82,13,13
39439,111,97,14,14
39440,112,103,9,9
39441,67,74,-7,7
39442,52,58,-6,6
39443,113,100,13,13
39444,77,77,0,0
39445,135,128,7,7
39446,61,64,-3,3
39447,58,71,-13,13
39448,60,65,-5,5
39449,100,96,4,4
39450,49,60,-11,11
39451,71,71,0,0
39452,104,103,1,1
39453,49,59,-10,10
39454,141,136,5,5
39455,113,110,3,3
39456,74,71,3,3
39457,135,132,3,3
39458,61,69,-8,8
39459,115,108,7,7
39460,89,96,-7,7
39461,76,76,0,0
39462,111,116,-5,5
39463,61,71,-10,10
39464,54,54,0,0
39465,95,102,-7,7
39466,125,121,4,4
39467,168,160,8,8
39468,71,70,1,1
39469,80,80,0,0
39470,224,210,14,14
39471,87,89,-2,2
39472,65,69,-4,4
39473,130,132,-2,2
39474,111,115,-4,4
39475,76,72,4,4
39476,111,107,4,4
39477,88,96,-8,8
39478,97,94,3,3
39479,118,116,2,2
39480,93,82,11,11
39481,131,117,14,14
39482,82,83,-1,1
39483,153,141,12,12
39484,76,80,-4,4
39485,105,110,-5,5
39486,38,45,-7,7
39487,56,70,-14,14
39488,75,75,0,0
39489,40,37,3,3
39490,139,136,3,3
39491,78,91,-13,13
39492,72,75,-3,3
39493,123,127,-4,4
39494,71,70,1,1
39495,144,137,7,7
39496,51,60,-9,9
39497,63,66,-3,3
39498,51,59,-8,8
39499,98,92,6,6
39500,83,82,1,1
39501,75,88,-13,13
39502,108,105,3,3
39503,100,95,5,5
39504,61,60,1,1
39505,76,77,-1,1
39506,156,195,-39,39
39507,69,70,-1,1
39508,219,202,17,17
39509,112,108,4,4
39510,86,89,-3,3
39511,53,59,-6,6
39512,108,103,5,5
39513,82,81,1,1
39514,89,80,9,9
39515,125,114,11,11
39516,96,110,-14,14
39517,113,106,7,7
39518,61,72,-11,11
39519,39,48,-9,9
39520,65,78,-13,13
39521,101,98,3,3
39522,188,162,26,26
39523,73,74,-1,1
39524,51,68,-17,17
39525,126,120,6,6
39526,95,114,-19,19
39527,85,101,-16,16
39528,112,120,-8,8
39529,117,116,1,1
39530,109,94,15,15
39531,47,60,-13,13
39532,63,77,-14,14
39533,92,93,-1,1
39534,78,80,-2,2
39535,100,93,7,7
39536,137,123,14,14
39537,163,149,14,14
39538,74,81,-7,7
39539,64,76,-12,12
39540,87,77,10,10
39541,87,88,-1,1
39542,120,122,-2,2
39543,129,114,15,15
39544,137,130,7,7
39545,65,68,-3,3
39546,67,69,-2,2
39547,83,84,-1,1
39548,91,88,3,3
39549,88,83,5,5
39550,47,52,-5,5
39551,119,115,4,4
39552,76,77,-1,1
39553,96,93,3,3
39554,69,77,-8,8
39555,91,91,0,0
39556,95,94,1,1
39557,89,99,-10,10
39558,89,82,7,7
39559,106,104,2,2
39560,86,73,13,13
39561,119,106,13,13
39562,76,82,-6,6
39563,95,87,8,8
39564,93,89,4,4
39565,93,81,12,12
39566,87,86,1,1
39567,142,141,1,1
39568,81,83,-2,2
39569,54,55,-1,1
39570,131,118,13,13
39571,53,60,-7,7
39572,132,127,5,5
39573,83,84,-1,1
39574,77,70,7,7
39575,86,93,-7,7
39576,135,119,16,16
39577,114,107,7,7
39578,75,85,-10,10
39579,62,75,-13,13
39580,96,91,5,5
39581,88,82,6,6
39582,58,63,-5,5
39583,55,64,-9,9
39584,70,71,-1,1
39585,162,148,14,14
39586,98,87,11,11
39587,73,71,2,2
39588,52,60,-8,8
39589,86,85,1,1
39590,133,117,16,16
39591,102,100,2,2
39592,137,130,7,7
39593,58,60,-2,2
39594,94,80,14,14
39595,158,144,14,14
39596,88,89,-1,1
39597,81,89,-8,8
39598,88,77,11,11
39599,170,170,0,0
39600,132,122,10,10
39601,160,152,8,8
39602,69,72,-3,3
39603,78,79,-1,1
39604,47,69,-22,22
39605,122,117,5,5
39606,46,53,-7,7
39607,81,86,-5,5
39608,173,168,5,5
39609,36,106,-70,70
39610,84,79,5,5
39611,118,101,17,17
39612,113,99,14,14
39613,162,152,10,10
39614,98,101,-3,3
39615,96,92,4,4
39616,71,75,-4,4
39617,68,69,-1,1
39618,85,81,4,4
39619,34,65,-31,31
39620,69,79,-10,10
39621,69,75,-6,6
39622,128,118,10,10
39623,99,102,-3,3
39624,121,118,3,3
39625,179,159,20,20
39626,92,96,-4,4
39627,171,166,5,5
39628,94,95,-1,1
39629,112,112,0,0
39630,79,78,1,1
39631,57,68,-11,11
39632,72,82,-10,10
39633,161,137,24,24
39634,132,124,8,8
39635,126,116,10,10
39636,78,84,-6,6
39637,72,71,1,1
39638,88,93,-5,5
39639,93,92,1,1
39640,56,60,-4,4
39641,179,158,21,21
39642,99,94,5,5
39643,143,123,20,20
39644,25,38,-13,13
39645,85,81,4,4
39646,50,57,-7,7
39647,110,103,7,7
39648,133,121,12,12
39649,103,95,8,8
39650,149,145,4,4
39651,146,145,1,1
39652,65,72,-7,7
39653,117,127,-10,10
39654,53,57,-4,4
39655,155,139,16,16
39656,127,123,4,4
39657,87,89,-2,2
39658,167,147,20,20
39659,74,72,2,2
39660,65,71,-6,6
39661,50,56,-6,6
39662,109,106,3,3
39663,65,69,-4,4
39664,98,93,5,5
39665,128,120,8,8
39666,132,128,4,4
39667,174,167,7,7
39668,81,84,-3,3
39669,69,74,-5,5
39670,77,73,4,4
39671,69,69,0,0
39672,68,74,-6,6
39673,132,129,3,3
39674,152,159,-7,7
39675,87,88,-1,1
39676,30,34,-4,4
39677,98,87,11,11
39678,99,93,6,6
39679,116,112,4,4
39680,100,98,2,2
39681,137,128,9,9
39682,63,68,-5,5
39683,82,89,-7,7
39684,99,110,-11,11
39685,58,65,-7,7
39686,68,71,-3,3
39687,121,112,9,9
39688,91,79,12,12
39689,61,80,-19,19
39690,46,52,-6,6
39691,107,114,-7,7
39692,80,80,0,0
39693,78,82,-4,4
39694,83,77,6,6
39695,139,131,8,8
39696,113,111,2,2
39697,109,111,-2,2
39698,168,155,13,13
39699,148,136,12,12
39700,90,82,8,8
39701,49,59,-10,10
39702,91,98,-7,7
39703,48,56,-8,8
39704,99,102,-3,3
39705,125,124,1,1
39706,77,94,-17,17
39707,89,87,2,2
39708,85,78,7,7
39709,85,82,3,3
39710,60,67,-7,7
39711,100,97,3,3
39712,61,68,-7,7
39713,87,87,0,0
39714,79,82,-3,3
39715,48,51,-3,3
39716,90,98,-8,8
39717,85,82,3,3
39718,77,73,4,4
39719,56,65,-9,9
39720,55,60,-5,5
39721,148,140,8,8
39722,108,100,8,8
39723,69,67,2,2
39724,151,137,14,14
39725,98,85,13,13
39726,87,90,-3,3
39727,76,74,2,2
39728,84,82,2,2
39729,39,49,-10,10
39730,105,101,4,4
39731,68,94,-26,26
39732,58,72,-14,14
39733,81,80,1,1
39734,108,108,0,0
39735,98,100,-2,2
39736,148,123,25,25
39737,71,75,-4,4
39738,108,101,7,7
39739,68,76,-8,8
39740,82,84,-2,2
39741,159,137,22,22
39742,109,96,13,13
39743,113,104,9,9
39744,106,103,3,3
39745,124,109,15,15
39746,74,75,-1,1
39747,23,30,-7,7
39748,94,87,7,7
39749,69,71,-2,2
39750,63,71,-8,8
39751,49,61,-12,12
39752,83,79,4,4
39753,65,66,-1,1
39754,122,92,30,30
39755,110,106,4,4
39756,145,137,8,8
39757,128,106,22,22
39758,61,61,0,0
39759,135,122,13,13
39760,62,58,4,4
39761,143,117,26,26
39762,59,65,-6,6
39763,133,128,5,5
39764,84,92,-8,8
39765,127,118,9,9
39766,75,74,1,1
39767,128,120,8,8
39768,85,90,-5,5
39769,127,110,17,17
39770,66,76,-10,10
39771,45,38,7,7
39772,89,87,2,2
39773,82,78,4,4
39774,98,91,7,7
39775,51,67,-16,16
39776,112,112,0,0
39777,70,74,-4,4
39778,75,61,14,14
39779,97,96,1,1
39780,59,76,-17,17
39781,51,52,-1,1
39782,53,59,-6,6
39783,56,71,-15,15
39784,67,65,2,2
39785,66,73,-7,7
39786,89,87,2,2
39787,94,83,11,11
39788,77,84,-7,7
39789,41,53,-12,12
39790,85,84,1,1
39791,72,72,0,0
39792,108,106,2,2
39793,105,102,3,3
39794,67,72,-5,5
39795,97,93,4,4
39796,76,77,-1,1
39797,133,140,-7,7
39798,93,93,0,0
39799,40,51,-11,11
39800,66,66,0,0
39801,43,50,-7,7
39802,145,134,11,11
39803,135,113,22,22
39804,64,71,-7,7
39805,76,92,-16,16
39806,55,61,-6,6
39807,78,76,2,2
39808,103,98,5,5
39809,141,141,0,0
39810,152,148,4,4
39811,110,112,-2,2
39812,122,111,11,11
39813,78,81,-3,3
39814,82,82,0,0
39815,104,93,11,11
39816,112,104,8,8
39817,69,68,1,1
39818,48,55,-7,7
39819,60,69,-9,9
39820,54,55,-1,1
39821,128,116,12,12
39822,61,62,-1,1
39823,108,116,-8,8
39824,86,86,0,0
39825,74,81,-7,7
39826,168,154,14,14
39827,76,76,0,0
39828,80,82,-2,2
39829,96,90,6,6
39830,74,73,1,1
39831,59,62,-3,3
39832,143,136,7,7
39833,68,64,4,4
39834,76,80,-4,4
39835,97,99,-2,2
39836,66,70,-4,4
39837,94,92,2,2
39838,159,145,14,14
39839,76,70,6,6
39840,121,120,1,1
39841,123,124,-1,1
39842,80,81,-1,1
39843,77,79,-2,2
39844,52,62,-10,10
39845,115,117,-2,2
39846,180,152,28,28
39847,70,72,-2,2
39848,79,87,-8,8
39849,112,98,14,14
39850,89,91,-2,2
39851,83,82,1,1
39852,108,110,-2,2
39853,67,72,-5,5
39854,86,84,2,2
39855,82,88,-6,6
39856,156,145,11,11
39857,141,125,16,16
39858,154,143,11,11
39859,63,67,-4,4
39860,52,58,-6,6
39861,122,109,13,13
39862,69,78,-9,9
39863,93,90,3,3
39864,106,109,-3,3
39865,76,86,-10,10
39866,97,89,8,8
39867,96,92,4,4
39868,116,113,3,3
39869,98,96,2,2
39870,89,85,4,4
39871,137,134,3,3
39872,88,77,11,11
39873,115,111,4,4
39874,135,129,6,6
39875,99,99,0,0
39876,68,76,-8,8
39877,98,97,1,1
39878,119,109,10,10
39879,77,75,2,2
39880,74,82,-8,8
39881,115,109,6,6
39882,67,71,-4,4
39883,79,86,-7,7
39884,107,108,-1,1
39885,83,82,1,1
39886,74,83,-9,9
39887,160,151,9,9
39888,56,67,-11,11
39889,74,75,-1,1
39890,95,96,-1,1
39891,141,145,-4,4
39892,98,97,1,1
39893,84,86,-2,2
39894,118,109,9,9
39895,58,58,0,0
39896,54,65,-11,11
39897,74,77,-3,3
39898,69,74,-5,5
39899,123,108,15,15
39900,59,64,-5,5
39901,50,61,-11,11
39902,56,58,-2,2
39903,55,63,-8,8
39904,145,129,16,16
39905,89,86,3,3
39906,74,69,5,5
39907,67,73,-6,6
39908,100,103,-3,3
39909,99,97,2,2
39910,64,70,-6,6
39911,49,61,-12,12
39912,144,138,6,6
39913,65,68,-3,3
39914,57,62,-5,5
39915,74,77,-3,3
39916,82,86,-4,4
39917,80,76,4,4
39918,167,169,-2,2
39919,55,52,3,3
39920,98,100,-2,2
39921,69,72,-3,3
39922,60,67,-7,7
39923,149,138,11,11
39924,170,157,13,13
39925,56,63,-7,7
39926,120,111,9,9
39927,114,112,2,2
39928,123,118,5,5
39929,67,76,-9,9
39930,145,140,5,5
39931,72,73,-1,1
39932,85,83,2,2
39933,117,117,0,0
39934,87,104,-17,17
39935,66,74,-8,8
39936,116,119,-3,3
39937,53,67,-14,14
39938,109,102,7,7
39939,26,34,-8,8
39940,51,58,-7,7
39941,65,64,1,1
39942,89,81,8,8
39943,110,93,17,17
39944,70,74,-4,4
39945,46,53,-7,7
39946,119,114,5,5
39947,127,116,11,11
39948,95,89,6,6
39949,68,72,-4,4
39950,73,74,-1,1
39951,112,103,9,9
39952,152,153,-1,1
39953,83,83,0,0
39954,115,110,5,5
39955,131,106,25,25
39956,49,51,-2,2
39957,118,98,20,20
39958,94,85,9,9
39959,120,117,3,3
39960,64,81,-17,17
39961,145,134,11,11
39962,63,69,-6,6
39963,62,65,-3,3
39964,55,59,-4,4
39965,113,117,-4,4
39966,62,70,-8,8
39967,80,77,3,3
39968,100,93,7,7
39969,72,80,-8,8
39970,75,74,1,1
39971,104,100,4,4
39972,56,56,0,0
39973,116,124,-8,8
39974,87,91,-4,4
39975,109,102,7,7
39976,107,110,-3,3
39977,63,71,-8,8
39978,127,127,0,0
39979,124,107,17,17
39980,67,69,-2,2
39981,229,177,52,52
39982,144,122,22,22
39983,110,108,2,2
39984,70,68,2,2
39985,102,98,4,4
39986,153,134,19,19
39987,82,82,0,0
39988,50,57,-7,7
39989,54,63,-9,9
39990,97,90,7,7
39991,75,82,-7,7
39992,83,79,4,4
39993,88,84,4,4
39994,129,117,12,12
39995,91,79,12,12
39996,115,100,15,15
39997,96,94,2,2
39998,177,164,13,13
39999,109,107,2,2
40000,91,90,1,1
40001,102,96,6,6
40002,75,70,5,5
40003,67,72,-5,5
40004,85,86,-1,1
40005,133,120,13,13
40006,122,113,9,9
40007,99,96,3,3
40008,72,77,-5,5
40009,80,82,-2,2
40010,61,66,-5,5
40011,118,106,12,12
40012,112,109,3,3
40013,69,78,-9,9
40014,156,147,9,9
40015,140,133,7,7
40016,55,58,-3,3
40017,85,92,-7,7
40018,104,95,9,9
40019,113,103,10,10
40020,61,71,-10,10
40021,110,109,1,1
40022,142,122,20,20
40023,93,89,4,4
40024,49,58,-9,9
40025,139,134,5,5
40026,42,52,-10,10
40027,80,76,4,4
40028,138,128,10,10
40029,148,143,5,5
40030,28,51,-23,23
40031,54,64,-10,10
40032,85,77,8,8
40033,84,83,1,1
40034,161,144,17,17
40035,80,78,2,2
40036,108,119,-11,11
40037,91,92,-1,1
40038,92,85,7,7
40039,92,100,-8,8
40040,91,80,11,11
40041,146,127,19,19
40042,59,71,-12,12
40043,109,99,10,10
40044,67,73,-6,6
40045,89,92,-3,3
40046,156,140,16,16
40047,106,97,9,9
40048,71,76,-5,5
40049,161,150,11,11
40050,97,93,4,4
40051,95,90,5,5
40052,128,126,2,2
40053,79,91,-12,12
40054,127,131,-4,4
40055,88,91,-3,3
40056,63,67,-4,4
40057,47,54,-7,7
40058,67,78,-11,11
40059,44,48,-4,4
40060,70,68,2,2
40061,59,59,0,0
40062,115,110,5,5
40063,123,125,-2,2
40064,49,54,-5,5
40065,81,80,1,1
40066,55,63,-8,8
40067,105,95,10,10
40068,120,117,3,3
40069,95,97,-2,2
40070,73,78,-5,5
40071,76,82,-6,6
40072,95,92,3,3
40073,35,45,-10,10
40074,85,81,4,4
40075,65,79,-14,14
40076,125,124,1,1
40077,62,64,-2,2
40078,95,95,0,0
40079,139,130,9,9
40080,77,83,-6,6
40081,65,68,-3,3
40082,53,60,-7,7
40083,83,75,8,8
40084,62,57,5,5
40085,74,74,0,0
40086,32,43,-11,11
40087,67,69,-2,2
40088,134,118,16,16
40089,78,86,-8,8
40090,88,84,4,4
40091,81,85,-4,4
40092,60,67,-7,7
40093,117,102,15,15
40094,61,69,-8,8
40095,147,139,8,8
40096,217,185,32,32
40097,84,84,0,0
40098,67,72,-5,5
40099,158,164,-6,6
40100,51,63,-12,12
40101,91,92,-1,1
40102,72,71,1,1
40103,121,119,2,2
40104,76,73,3,3
40105,117,107,10,10
40106,63,66,-3,3
40107,82,88,-6,6
40108,87,97,-10,10
40109,77,76,1,1
40110,67,72,-5,5
40111,129,102,27,27
40112,56,62,-6,6
40113,60,70,-10,10
40114,130,113,17,17
40115,106,113,-7,7
40116,73,71,2,2
40117,89,88,1,1
40118,85,95,-10,10
40119,71,70,1,1
40120,206,214,-8,8
40121,142,144,-2,2
40122,106,106,0,0
40123,98,97,1,1
40124,60,74,-14,14
40125,113,111,2,2
40126,57,65,-8,8
40127,73,70,3,3
40128,186,151,35,35
40129,87,93,-6,6
40130,122,111,11,11
40131,80,86,-6,6
40132,130,114,16,16
40133,106,100,6,6
40134,175,181,-6,6
40135,135,121,14,14
40136,115,108,7,7
40137,80,79,1,1
40138,125,107,18,18
40139,85,94,-9,9
40140,85,79,6,6
40141,143,134,9,9
40142,92,89,3,3
40143,74,64,10,10
40144,66,79,-13,13
40145,68,70,-2,2
40146,103,95,8,8
40147,82,83,-1,1
40148,57,61,-4,4
40149,102,108,-6,6
40150,117,113,4,4
40151,79,85,-6,6
40152,179,149,30,30
40153,111,115,-4,4
40154,59,65,-6,6
40155,90,86,4,4
40156,82,103,-21,21
40157,120,111,9,9
40158,89,90,-1,1
40159,76,76,0,0
40160,74,71,3,3
40161,54,59,-5,5
40162,51,57,-6,6
40163,71,76,-5,5
40164,116,98,18,18
40165,84,78,6,6
40166,107,100,7,7
40167,83,81,2,2
40168,170,154,16,16
40169,118,114,4,4
40170,115,107,8,8
40171,78,90,-12,12
40172,155,144,11,11
40173,143,144,-1,1
40174,80,88,-8,8
40175,64,77,-13,13
40176,97,88,9,9
40177,92,90,2,2
40178,63,70,-7,7
40179,196,165,31,31
40180,70,80,-10,10
40181,95,94,1,1
40182,73,76,-3,3
40183,64,75,-11,11
40184,86,98,-12,12
40185,93,96,-3,3
40186,81,78,3,3
40187,132,101,31,31
40188,89,75,14,14
40189,80,74,6,6
40190,61,66,-5,5
40191,148,147,1,1
40192,104,99,5,5
40193,105,104,1,1
40194,94,87,7,7
40195,72,79,-7,7
40196,71,73,-2,2
40197,115,111,4,4
40198,100,94,6,6
40199,64,67,-3,3
40200,88,85,3,3
40201,175,172,3,3
40202,153,153,0,0
40203,58,59,-1,1
40204,143,143,0,0
40205,49,52,-3,3
40206,62,62,0,0
40207,72,74,-2,2
40208,112,110,2,2
40209,90,84,6,6
40210,88,84,4,4
40211,92,87,5,5
40212,25,31,-6,6
40213,97,95,2,2
40214,133,118,15,15
40215,86,87,-1,1
40216,81,81,0,0
40217,164,149,15,15
40218,64,64,0,0
40219,79,78,1,1
40220,108,105,3,3
40221,62,72,-10,10
40222,84,86,-2,2
40223,187,174,13,13
40224,70,80,-10,10
40225,119,107,12,12
40226,86,97,-11,11
40227,118,109,9,9
40228,79,86,-7,7
40229,77,78,-1,1
40230,85,91,-6,6
40231,107,96,11,11
40232,76,79,-3,3
40233,54,53,1,1
40234,66,69,-3,3
40235,64,74,-10,10
40236,56,52,4,4
40237,147,151,-4,4
40238,92,83,9,9
40239,119,109,10,10
40240,61,74,-13,13
40241,112,103,9,9
40242,116,117,-1,1
40243,68,78,-10,10
40244,153,147,6,6
40245,114,120,-6,6
40246,115,108,7,7
40247,91,91,0,0
40248,68,73,-5,5
40249,111,104,7,7
40250,79,71,8,8
40251,57,67,-10,10
40252,114,111,3,3
40253,66,73,-7,7
40254,96,84,12,12
40255,83,95,-12,12
40256,93,83,10,10
40257,83,78,5,5
40258,80,76,4,4
40259,82,82,0,0
40260,114,111,3,3
40261,49,65,-16,16
40262,67,75,-8,8
40263,79,79,0,0
40264,77,78,-1,1
40265,64,70,-6,6
40266,177,159,18,18
40267,71,77,-6,6
40268,99,91,8,8
40269,90,86,4,4
40270,107,102,5,5
40271,103,94,9,9
40272,144,134,10,10
40273,81,78,3,3
40274,69,72,-3,3
40275,63,81,-18,18
40276,105,106,-1,1
40277,100,91,9,9
40278,118,118,0,0
40279,89,80,9,9
40280,90,87,3,3
40281,88,92,-4,4
40282,69,68,1,1
40283,59,58,1,1
40284,84,81,3,3
40285,143,140,3,3
40286,112,119,-7,7
40287,143,148,-5,5
40288,78,84,-6,6
40289,38,48,-10,10
40290,107,95,12,12
40291,57,65,-8,8
40292,62,93,-31,31
40293,79,82,-3,3
40294,72,77,-5,5
40295,85,82,3,3
40296,83,86,-3,3
40297,69,72,-3,3
40298,62,64,-2,2
40299,80,85,-5,5
40300,55,70,-15,15
40301,77,72,5,5
40302,77,90,-13,13
40303,81,90,-9,9
40304,88,84,4,4
40305,75,85,-10,10
40306,103,102,1,1
40307,63,64,-1,1
40308,115,101,14,14
40309,149,146,3,3
40310,48,55,-7,7
40311,67,66,1,1
40312,167,144,23,23
40313,116,113,3,3
40314,40,54,-14,14
40315,93,95,-2,2
40316,98,92,6,6
40317,105,96,9,9
40318,150,136,14,14
40319,174,144,30,30
40320,156,144,12,12
40321,61,96,-35,35
40322,124,125,-1,1
40323,61,65,-4,4
40324,58,63,-5,5
40325,147,145,2,2
40326,80,88,-8,8
40327,115,100,15,15
40328,139,136,3,3
40329,73,75,-2,2
40330,208,186,22,22
40331,92,98,-6,6
40332,63,63,0,0
40333,126,112,14,14
40334,31,40,-9,9
40335,55,73,-18,18
40336,154,144,10,10
40337,110,106,4,4
40338,62,64,-2,2
40339,124,113,11,11
40340,81,77,4,4
40341,78,73,5,5
40342,122,132,-10,10
40343,110,115,-5,5
40344,100,86,14,14
40345,112,108,4,4
40346,58,60,-2,2
40347,92,88,4,4
40348,143,136,7,7
40349,76,76,0,0
40350,62,73,-11,11
40351,72,77,-5,5
40352,96,96,0,0
40353,98,97,1,1
40354,209,173,36,36
40355,81,81,0,0
40356,65,72,-7,7
40357,111,99,12,12
40358,158,145,13,13
40359,106,107,-1,1
40360,124,110,14,14
40361,90,83,7,7
40362,95,93,2,2
40363,86,90,-4,4
40364,89,83,6,6
40365,59,72,-13,13
40366,132,116,16,16
40367,91,79,12,12
40368,90,85,5,5
40369,85,85,0,0
40370,77,89,-12,12
40371,68,65,3,3
40372,77,86,-9,9
40373,125,127,-2,2
40374,53,59,-6,6
40375,100,102,-2,2
40376,128,126,2,2
40377,78,73,5,5
40378,73,89,-16,16
40379,79,79,0,0
40380,89,91,-2,2
40381,101,99,2,2
40382,93,105,-12,12
40383,93,95,-2,2
40384,62,68,-6,6
40385,113,109,4,4
40386,117,111,6,6
40387,133,120,13,13
40388,107,110,-3,3
40389,64,89,-25,25
40390,48,56,-8,8
40391,103,101,2,2
40392,91,96,-5,5
40393,121,123,-2,2
40394,109,107,2,2
40395,92,91,1,1
40396,118,104,14,14
40397,82,85,-3,3
40398,76,70,6,6
40399,98,91,7,7
40400,118,104,14,14
40401,124,125,-1,1
40402,120,98,22,22
40403,85,91,-6,6
40404,112,105,7,7
40405,88,88,0,0
40406,65,63,2,2
40407,48,54,-6,6
40408,66,77,-11,11
40409,106,84,22,22
40410,174,141,33,33
40411,161,145,16,16
40412,42,69,-27,27
40413,65,74,-9,9
40414,47,61,-14,14
40415,100,108,-8,8
40416,91,89,2,2
40417,59,65,-6,6
40418,77,88,-11,11
40419,83,79,4,4
40420,91,86,5,5
40421,91,87,4,4
40422,163,155,8,8
40423,89,84,5,5
40424,144,144,0,0
40425,107,109,-2,2
40426,75,73,2,2
40427,210,199,11,11
40428,168,152,16,16
40429,116,107,9,9
40430,67,79,-12,12
40431,66,72,-6,6
40432,23,34,-11,11
40433,99,95,4,4
40434,66,70,-4,4
40435,56,62,-6,6
40436,92,88,4,4
40437,132,122,10,10
40438,67,75,-8,8
40439,42,40,2,2
40440,123,121,2,2
40441,44,53,-9,9
40442,117,112,5,5
40443,109,105,4,4
40444,106,101,5,5
40445,92,91,1,1
40446,88,80,8,8
40447,74,78,-4,4
40448,114,127,-13,13
40449,146,126,20,20
40450,105,99,6,6
40451,91,95,-4,4
40452,124,116,8,8
40453,178,163,15,15
40454,98,94,4,4
40455,145,147,-2,2
40456,76,77,-1,1
40457,100,101,-1,1
40458,128,105,23,23
40459,152,142,10,10
40460,40,50,-10,10
40461,65,73,-8,8
40462,107,108,-1,1
40463,90,86,4,4
40464,100,105,-5,5
40465,71,84,-13,13
40466,55,64,-9,9
40467,80,88,-8,8
40468,131,117,14,14
40469,28,44,-16,16
40470,93,94,-1,1
40471,149,154,-5,5
40472,88,89,-1,1
40473,50,60,-10,10
40474,82,92,-10,10
40475,125,113,12,12
40476,131,113,18,18
40477,93,98,-5,5
40478,83,81,2,2
40479,149,150,-1,1
40480,74,82,-8,8
40481,124,121,3,3
40482,174,149,25,25
40483,83,108,-25,25
40484,119,116,3,3
40485,85,81,4,4
40486,70,68,2,2
40487,197,178,19,19
40488,131,121,10,10
40489,130,115,15,15
40490,73,81,-8,8
40491,97,93,4,4
40492,85,103,-18,18
40493,198,166,32,32
40494,100,94,6,6
40495,81,89,-8,8
40496,71,76,-5,5
40497,97,96,1,1
40498,77,89,-12,12
40499,88,87,1,1
40500,90,84,6,6
40501,74,78,-4,4
40502,70,75,-5,5
40503,63,62,1,1
40504,149,136,13,13
40505,97,89,8,8
40506,65,74,-9,9
40507,81,80,1,1
40508,100,99,1,1
40509,79,89,-10,10
40510,106,105,1,1
40511,79,85,-6,6
40512,137,132,5,5
40513,82,89,-7,7
40514,68,63,5,5
40515,100,91,9,9
40516,40,51,-11,11
40517,57,60,-3,3
40518,73,80,-7,7
40519,85,88,-3,3
40520,135,123,12,12
40521,126,123,3,3
40522,158,150,8,8
40523,110,104,6,6
40524,125,128,-3,3
40525,115,108,7,7
40526,112,112,0,0
40527,71,80,-9,9
40528,121,131,-10,10
40529,97,103,-6,6
40530,104,100,4,4
40531,97,96,1,1
40532,54,62,-8,8
40533,76,80,-4,4
40534,132,106,26,26
40535,98,102,-4,4
40536,107,102,5,5
40537,119,108,11,11
40538,125,115,10,10
40539,96,97,-1,1
40540,49,58,-9,9
40541,89,79,10,10
40542,101,94,7,7
40543,86,94,-8,8
40544,43,51,-8,8
40545,40,44,-4,4
40546,109,103,6,6
40547,49,60,-11,11
40548,99,99,0,0
40549,120,95,25,25
40550,70,83,-13,13
40551,177,156,21,21
40552,59,72,-13,13
40553,90,91,-1,1
40554,99,97,2,2
40555,99,98,1,1
40556,113,98,15,15
40557,87,88,-1,1
40558,120,112,8,8
40559,122,103,19,19
40560,156,145,11,11
40561,90,84,6,6
40562,109,105,4,4
40563,59,71,-12,12
40564,110,109,1,1
40565,64,68,-4,4
40566,76,79,-3,3
40567,93,88,5,5
40568,81,85,-4,4
40569,155,143,12,12
40570,77,92,-15,15
40571,52,58,-6,6
40572,48,59,-11,11
40573,94,99,-5,5
40574,72,80,-8,8
40575,78,94,-16,16
40576,108,103,5,5
40577,74,85,-11,11
40578,67,69,-2,2
40579,88,84,4,4
40580,127,121,6,6
40581,88,101,-13,13
40582,53,65,-12,12
40583,101,100,1,1
40584,105,99,6,6
40585,120,116,4,4
40586,63,74,-11,11
40587,50,58,-8,8
40588,67,70,-3,3
40589,121,117,4,4
40590,76,78,-2,2
40591,95,79,16,16
40592,97,96,1,1
40593,63,73,-10,10
40594,135,130,5,5
40595,61,65,-4,4
40596,79,80,-1,1
40597,133,120,13,13
40598,97,101,-4,4
40599,78,69,9,9
40600,96,89,7,7
40601,47,52,-5,5
40602,139,119,20,20
40603,99,94,5,5
40604,113,99,14,14
40605,94,91,3,3
40606,100,104,-4,4
40607,71,83,-12,12
40608,102,104,-2,2
40609,113,106,7,7
40610,85,84,1,1
40611,75,68,7,7
40612,62,62,0,0
40613,111,90,21,21
40614,80,79,1,1
40615,117,112,5,5
40616,107,103,4,4
40617,75,77,-2,2
40618,82,86,-4,4
40619,73,76,-3,3
40620,110,105,5,5
40621,115,109,6,6
40622,151,144,7,7
40623,60,71,-11,11
40624,51,60,-9,9
40625,76,72,4,4
40626,115,104,11,11
40627,79,79,0,0
40628,85,88,-3,3
40629,84,86,-2,2
40630,136,118,18,18
40631,76,80,-4,4
40632,30,47,-17,17
40633,141,131,10,10
40634,83,79,4,4
40635,81,88,-7,7
40636,79,87,-8,8
40637,113,107,6,6
40638,88,84,4,4
40639,145,162,-17,17
40640,156,147,9,9
40641,80,91,-11,11
40642,103,97,6,6
40643,116,108,8,8
40644,76,72,4,4
40645,123,117,6,6
40646,93,92,1,1
40647,103,107,-4,4
40648,67,68,-1,1
40649,102,106,-4,4
40650,92,83,9,9
40651,86,85,1,1
40652,56,64,-8,8
40653,80,86,-6,6
40654,137,133,4,4
40655,48,60,-12,12
40656,87,79,8,8
40657,112,115,-3,3
40658,74,72,2,2
40659,87,86,1,1
40660,101,107,-6,6
40661,58,67,-9,9
40662,116,107,9,9
40663,97,90,7,7
40664,65,66,-1,1
40665,98,88,10,10
40666,98,90,8,8
40667,156,145,11,11
40668,88,88,0,0
40669,85,91,-6,6
40670,64,63,1,1
40671,72,76,-4,4
40672,107,111,-4,4
40673,87,100,-13,13
40674,115,104,11,11
40675,102,89,13,13
40676,120,107,13,13
40677,87,93,-6,6
40678,81,83,-2,2
40679,53,61,-8,8
40680,71,82,-11,11
40681,78,78,0,0
40682,104,96,8,8
40683,113,116,-3,3
40684,51,52,-1,1
40685,65,74,-9,9
40686,109,120,-11,11
40687,78,85,-7,7
40688,105,93,12,12
40689,93,97,-4,4
40690,103,98,5,5
40691,113,99,14,14
40692,77,86,-9,9
40693,135,124,11,11
40694,82,73,9,9
40695,84,83,1,1
40696,56,69,-13,13
40697,54,59,-5,5
40698,146,130,16,16
40699,149,138,11,11
40700,91,83,8,8
40701,61,64,-3,3
40702,117,121,-4,4
40703,46,52,-6,6
40704,159,151,8,8
40705,94,86,8,8
40706,153,132,21,21
40707,108,101,7,7
40708,85,80,5,5
40709,69,75,-6,6
40710,295,236,59,59
40711,74,78,-4,4
40712,103,100,3,3
40713,80,77,3,3
40714,68,72,-4,4
40715,120,123,-3,3
40716,86,86,0,0
40717,118,109,9,9
40718,74,78,-4,4
40719,99,86,13,13
40720,76,72,4,4
40721,134,118,16,16
40722,97,106,-9,9
40723,66,74,-8,8
40724,92,100,-8,8
40725,50,55,-5,5
40726,83,89,-6,6
40727,98,99,-1,1
40728,72,73,-1,1
40729,71,74,-3,3
40730,71,79,-8,8
40731,78,84,-6,6
40732,81,84,-3,3
40733,126,122,4,4
40734,71,72,-1,1
40735,70,72,-2,2
40736,141,133,8,8
40737,75,71,4,4
40738,85,80,5,5
40739,89,91,-2,2
40740,82,83,-1,1
40741,174,150,24,24
40742,77,78,-1,1
40743,113,112,1,1
40744,165,156,9,9
40745,55,57,-2,2
40746,94,84,10,10
40747,81,87,-6,6
40748,103,98,5,5
40749,87,82,5,5
40750,68,85,-17,17
40751,205,197,8,8
40752,85,86,-1,1
40753,66,69,-3,3
40754,68,69,-1,1
40755,87,87,0,0
40756,101,91,10,10
40757,115,107,8,8
40758,69,68,1,1
40759,144,132,12,12
40760,97,95,2,2
40761,107,106,1,1
40762,88,99,-11,11
40763,138,132,6,6
40764,90,82,8,8
40765,129,133,-4,4
40766,66,70,-4,4
40767,75,76,-1,1
40768,118,109,9,9
40769,99,95,4,4
40770,77,75,2,2
40771,89,86,3,3
40772,95,96,-1,1
40773,56,60,-4,4
40774,115,109,6,6
40775,59,63,-4,4
40776,117,113,4,4
40777,110,110,0,0
40778,120,100,20,20
40779,98,85,13,13
40780,121,118,3,3
40781,100,84,16,16
40782,85,85,0,0
40783,106,103,3,3
40784,165,145,20,20
40785,65,75,-10,10
40786,58,63,-5,5
40787,165,154,11,11
40788,56,64,-8,8
40789,62,72,-10,10
40790,85,78,7,7
40791,93,96,-3,3
40792,57,67,-10,10
40793,97,96,1,1
40794,96,96,0,0
40795,45,54,-9,9
40796,114,109,5,5
40797,77,75,2,2
40798,77,84,-7,7
40799,89,82,7,7
40800,70,73,-3,3
40801,84,90,-6,6
40802,89,101,-12,12
40803,104,104,0,0
40804,88,88,0,0
40805,68,71,-3,3
40806,67,73,-6,6
40807,51,56,-5,5
40808,144,146,-2,2
40809,135,131,4,4
40810,89,91,-2,2
40811,122,111,11,11
40812,110,101,9,9
40813,81,82,-1,1
40814,147,150,-3,3
40815,60,65,-5,5
40816,137,140,-3,3
40817,110,108,2,2
40818,125,120,5,5
40819,89,92,-3,3
40820,129,136,-7,7
40821,70,65,5,5
40822,149,148,1,1
40823,72,81,-9,9
40824,96,96,0,0
40825,76,81,-5,5
40826,154,146,8,8
40827,220,186,34,34
40828,106,106,0,0
40829,95,100,-5,5
40830,158,155,3,3
40831,140,136,4,4
40832,86,89,-3,3
40833,96,86,10,10
40834,100,94,6,6
40835,70,84,-14,14
40836,64,69,-5,5
40837,147,138,9,9
40838,75,77,-2,2
40839,80,78,2,2
40840,161,142,19,19
40841,83,99,-16,16
40842,89,80,9,9
40843,169,152,17,17
40844,85,85,0,0
40845,151,150,1,1
40846,85,80,5,5
40847,61,71,-10,10
40848,62,66,-4,4
40849,118,108,10,10
40850,97,94,3,3
40851,118,110,8,8
40852,104,91,13,13
40853,44,52,-8,8
40854,101,95,6,6
40855,69,73,-4,4
40856,52,59,-7,7
40857,115,112,3,3
40858,56,61,-5,5
40859,110,115,-5,5
40860,96,116,-20,20
40861,88,85,3,3
40862,94,96,-2,2
40863,60,63,-3,3
40864,108,104,4,4
40865,114,99,15,15
40866,87,87,0,0
40867,102,101,1,1
40868,75,73,2,2
40869,56,57,-1,1
40870,123,122,1,1
40871,29,46,-17,17
40872,70,83,-13,13
40873,87,82,5,5
40874,48,64,-16,16
40875,108,97,11,11
40876,164,158,6,6
40877,125,107,18,18
40878,66,69,-3,3
40879,190,170,20,20
40880,91,88,3,3
40881,116,94,22,22
40882,96,94,2,2
40883,86,83,3,3
40884,157,157,0,0
40885,149,132,17,17
40886,54,59,-5,5
40887,81,82,-1,1
40888,97,102,-5,5
40889,128,117,11,11
40890,96,96,0,0
40891,121,119,2,2
40892,131,122,9,9
40893,133,117,16,16
40894,130,122,8,8
40895,97,88,9,9
40896,68,76,-8,8
40897,118,103,15,15
40898,91,87,4,4
40899,90,100,-10,10
40900,65,68,-3,3
40901,143,125,18,18
40902,80,71,9,9
40903,96,82,14,14
40904,104,96,8,8
40905,112,109,3,3
40906,86,87,-1,1
40907,91,91,0,0
40908,205,167,38,38
40909,73,85,-12,12
40910,101,95,6,6
40911,73,77,-4,4
40912,90,84,6,6
40913,191,183,8,8
40914,90,91,-1,1
40915,149,145,4,4
40916,73,84,-11,11
40917,152,149,3,3
40918,115,106,9,9
40919,88,91,-3,3
40920,86,84,2,2
40921,103,100,3,3
40922,37,43,-6,6
40923,83,77,6,6
40924,76,69,7,7
40925,56,57,-1,1
40926,130,118,12,12
40927,67,67,0,0
40928,78,75,3,3
40929,105,101,4,4
40930,101,95,6,6
40931,88,84,4,4
40932,83,86,-3,3
40933,108,105,3,3
40934,67,66,1,1
40935,107,104,3,3
40936,43,43,0,0
40937,71,80,-9,9
40938,99,88,11,11
40939,120,123,-3,3
40940,132,114,18,18
40941,30,35,-5,5
40942,88,87,1,1
40943,82,95,-13,13
40944,59,68,-9,9
40945,68,72,-4,4
40946,120,104,16,16
40947,60,63,-3,3
40948,103,98,5,5
40949,110,103,7,7
40950,114,107,7,7
40951,90,87,3,3
40952,192,171,21,21
40953,100,100,0,0
40954,119,117,2,2
40955,91,86,5,5
40956,98,96,2,2
40957,51,56,-5,5
40958,94,91,3,3
40959,98,101,-3,3
40960,71,69,2,2
40961,106,118,-12,12
40962,78,83,-5,5
40963,66,74,-8,8
40964,79,84,-5,5
40965,85,86,-1,1
40966,147,144,3,3
40967,68,69,-1,1
40968,66,68,-2,2
40969,81,82,-1,1
40970,133,125,8,8
40971,120,110,10,10
40972,71,78,-7,7
40973,169,160,9,9
40974,159,144,15,15
40975,57,68,-11,11
40976,73,78,-5,5
40977,44,50,-6,6
40978,85,89,-4,4
40979,49,64,-15,15
40980,54,59,-5,5
40981,89,84,5,5
40982,62,72,-10,10
40983,88,85,3,3
40984,93,98,-5,5
40985,66,70,-4,4
40986,69,71,-2,2
40987,138,143,-5,5
40988,88,89,-1,1
40989,102,99,3,3
40990,45,51,-6,6
40991,48,55,-7,7
40992,106,105,1,1
40993,158,130,28,28
40994,125,114,11,11
40995,64,82,-18,18
40996,153,150,3,3
40997,66,69,-3,3
40998,87,89,-2,2
40999,90,87,3,3
41000,105,101,4,4
41001,51,53,-2,2
41002,148,130,18,18
41003,123,127,-4,4
41004,59,61,-2,2
41005,88,77,11,11
41006,91,93,-2,2
41007,77,80,-3,3
41008,98,94,4,4
41009,84,89,-5,5
41010,97,90,7,7
41011,129,114,15,15
41012,158,154,4,4
41013,99,100,-1,1
41014,153,147,6,6
41015,140,118,22,22
41016,97,90,7,7
41017,116,112,4,4
41018,108,98,10,10
41019,117,112,5,5
41020,112,105,7,7
41021,70,75,-5,5
41022,117,122,-5,5
41023,186,171,15,15
41024,88,87,1,1
41025,40,49,-9,9
41026,69,75,-6,6
41027,138,118,20,20
41028,68,72,-4,4
41029,194,163,31,31
41030,141,132,9,9
41031,66,79,-13,13
41032,87,94,-7,7
41033,112,108,4,4
41034,120,103,17,17
41035,117,106,11,11
41036,116,112,4,4
41037,113,118,-5,5
41038,109,116,-7,7
41039,116,109,7,7
41040,107,101,6,6
41041,156,142,14,14
41042,54,59,-5,5
41043,96,92,4,4
41044,116,109,7,7
41045,105,97,8,8
41046,53,55,-2,2
41047,146,134,12,12
41048,111,117,-6,6
41049,55,57,-2,2
41050,130,119,11,11
41051,89,87,2,2
41052,99,108,-9,9
41053,101,90,11,11
41054,107,106,1,1
41055,56,62,-6,6
41056,72,75,-3,3
41057,141,134,7,7
41058,49,58,-9,9
41059,50,50,0,0
41060,106,93,13,13
41061,71,71,0,0
41062,82,96,-14,14
41063,112,101,11,11
41064,114,113,1,1
41065,91,90,1,1
41066,79,80,-1,1
41067,87,89,-2,2
41068,72,73,-1,1
41069,140,136,4,4
41070,79,86,-7,7
41071,103,94,9,9
41072,105,103,2,2
41073,80,82,-2,2
41074,63,68,-5,5
41075,89,86,3,3
41076,58,66,-8,8
41077,71,69,2,2
41078,91,94,-3,3
41079,64,62,2,2
41080,134,124,10,10
41081,144,137,7,7
41082,46,71,-25,25
41083,79,89,-10,10
41084,137,116,21,21
41085,71,72,-1,1
41086,88,84,4,4
41087,99,90,9,9
41088,77,79,-2,2
41089,71,74,-3,3
41090,66,68,-2,2
41091,57,66,-9,9
41092,107,104,3,3
41093,157,149,8,8
41094,59,70,-11,11
41095,107,112,-5,5
41096,150,131,19,19
41097,97,95,2,2
41098,56,61,-5,5
41099,122,116,6,6
41100,118,105,13,13
41101,98,83,15,15
41102,87,93,-6,6
41103,84,75,9,9
41104,67,68,-1,1
41105,97,100,-3,3
41106,110,107,3,3
41107,75,78,-3,3
41108,49,58,-9,9
41109,121,126,-5,5
41110,124,119,5,5
41111,86,84,2,2
41112,91,93,-2,2
41113,74,71,3,3
41114,87,79,8,8
41115,61,68,-7,7
41116,76,84,-8,8
41117,169,160,9,9
41118,79,81,-2,2
41119,85,93,-8,8
41120,129,116,13,13
41121,68,71,-3,3
41122,88,108,-20,20
41123,136,118,18,18
41124,81,83,-2,2
41125,143,149,-6,6
41126,66,67,-1,1
41127,90,94,-4,4
41128,69,71,-2,2
41129,129,130,-1,1
41130,77,86,-9,9
41131,128,126,2,2
41132,110,110,0,0
41133,125,121,4,4
41134,82,82,0,0
41135,147,130,17,17
41136,77,79,-2,2
41137,81,71,10,10
41138,91,88,3,3
41139,106,93,13,13
41140,65,71,-6,6
41141,59,61,-2,2
41142,107,109,-2,2
41143,75,87,-12,12
41144,86,97,-11,11
41145,92,90,2,2
41146,87,88,-1,1
41147,115,125,-10,10
41148,70,74,-4,4
41149,78,72,6,6
41150,77,76,1,1
41151,142,148,-6,6
41152,161,153,8,8
41153,145,131,14,14
41154,102,99,3,3
41155,68,72,-4,4
41156,81,85,-4,4
41157,92,84,8,8
41158,91,93,-2,2
41159,87,86,1,1
41160,168,157,11,11
41161,58,61,-3,3
41162,119,98,21,21
41163,55,54,1,1
41164,69,74,-5,5
41165,69,74,-5,5
41166,99,100,-1,1
41167,72,73,-1,1
41168,82,87,-5,5
41169,134,120,14,14
41170,88,81,7,7
41171,61,70,-9,9
41172,77,79,-2,2
41173,106,100,6,6
41174,89,88,1,1
41175,90,88,2,2
41176,102,107,-5,5
41177,77,77,0,0
41178,63,66,-3,3
41179,76,79,-3,3
41180,67,66,1,1
41181,64,75,-11,11
41182,66,71,-5,5
41183,126,120,6,6
41184,91,98,-7,7
41185,148,126,22,22
41186,111,102,9,9
41187,58,68,-10,10
41188,93,88,5,5
41189,80,76,4,4
41190,173,157,16,16
41191,80,79,1,1
41192,117,107,10,10
41193,69,63,6,6
41194,115,109,6,6
41195,122,107,15,15
41196,76,78,-2,2
41197,89,74,15,15
41198,92,103,-11,11
41199,101,97,4,4
41200,156,145,11,11
41201,88,89,-1,1
41202,61,65,-4,4
41203,80,79,1,1
41204,128,120,8,8
41205,101,93,8,8
41206,114,107,7,7
41207,142,119,23,23
41208,53,56,-3,3
41209,138,127,11,11
41210,49,54,-5,5
41211,146,123,23,23
41212,91,86,5,5
41213,136,143,-7,7
41214,60,71,-11,11
41215,147,134,13,13
41216,86,85,1,1
41217,71,72,-1,1
41218,127,149,-22,22
41219,62,69,-7,7
41220,109,99,10,10
41221,69,73,-4,4
41222,186,174,12,12
41223,44,53,-9,9
41224,39,44,-5,5
41225,89,90,-1,1
41226,113,113,0,0
41227,65,67,-2,2
41228,63,71,-8,8
41229,61,69,-8,8
41230,132,119,13,13
41231,70,76,-6,6
41232,179,163,16,16
41233,103,107,-4,4
41234,118,106,12,12
41235,71,75,-4,4
41236,156,138,18,18
41237,95,91,4,4
41238,108,110,-2,2
41239,92,90,2,2
41240,125,116,9,9
41241,103,91,12,12
41242,87,79,8,8
41243,57,69,-12,12
41244,95,95,0,0
41245,207,196,11,11
41246,72,78,-6,6
41247,158,152,6,6
41248,78,81,-3,3
41249,59,68,-9,9
41250,77,74,3,3
41251,78,76,2,2
41252,120,104,16,16
41253,137,127,10,10
41254,71,69,2,2
41255,117,109,8,8
41256,97,93,4,4
41257,108,105,3,3
41258,64,70,-6,6
41259,125,114,11,11
41260,57,56,1,1
41261,47,53,-6,6
41262,110,95,15,15
41263,173,167,6,6
41264,70,69,1,1
41265,112,106,6,6
41266,69,73,-4,4
41267,95,90,5,5
41268,50,54,-4,4
41269,60,64,-4,4
41270,108,107,1,1
41271,88,88,0,0
41272,141,158,-17,17
41273,65,70,-5,5
41274,111,119,-8,8
41275,110,98,12,12
41276,156,125,31,31
41277,70,89,-19,19
41278,77,88,-11,11
41279,111,102,9,9
41280,77,79,-2,2
41281,132,144,-12,12
41282,94,85,9,9
41283,87,92,-5,5
41284,71,79,-8,8
41285,69,77,-8,8
41286,57,62,-5,5
41287,63,70,-7,7
41288,170,161,9,9
41289,99,94,5,5
41290,91,92,-1,1
41291,75,83,-8,8
41292,155,145,10,10
41293,169,154,15,15
41294,121,107,14,14
41295,56,64,-8,8
41296,73,74,-1,1
41297,142,87,55,55
41298,76,85,-9,9
41299,117,118,-1,1
41300,113,117,-4,4
41301,63,59,4,4
41302,146,128,18,18
41303,71,70,1,1
41304,68,69,-1,1
41305,96,97,-1,1
41306,64,70,-6,6
41307,79,72,7,7
41308,77,78,-1,1
41309,54,62,-8,8
41310,81,83,-2,2
41311,106,106,0,0
41312,130,114,16,16
41313,63,64,-1,1
41314,74,78,-4,4
41315,87,89,-2,2
41316,97,92,5,5
41317,136,141,-5,5
41318,78,76,2,2
41319,114,102,12,12
41320,172,180,-8,8
41321,69,86,-17,17
41322,55,67,-12,12
41323,68,69,-1,1
41324,84,83,1,1
41325,64,66,-2,2
41326,44,55,-11,11
41327,98,94,4,4
41328,118,120,-2,2
41329,115,105,10,10
41330,151,141,10,10
41331,66,72,-6,6
41332,150,130,20,20
41333,94,89,5,5
41334,83,89,-6,6
41335,138,124,14,14
41336,96,97,-1,1
41337,117,112,5,5
41338,32,29,3,3
41339,167,154,13,13
41340,162,134,28,28
41341,120,119,1,1
41342,84,88,-4,4
41343,64,66,-2,2
41344,147,139,8,8
41345,74,79,-5,5
41346,42,59,-17,17
41347,65,79,-14,14
41348,87,84,3,3
41349,101,107,-6,6
41350,64,66,-2,2
41351,54,68,-14,14
41352,99,100,-1,1
41353,60,67,-7,7
41354,62,67,-5,5
41355,134,119,15,15
41356,79,84,-5,5
41357,74,74,0,0
41358,103,111,-8,8
41359,160,158,2,2
41360,103,97,6,6
41361,96,95,1,1
41362,66,65,1,1
41363,72,70,2,2
41364,69,74,-5,5
41365,115,107,8,8
41366,74,71,3,3
41367,47,57,-10,10
41368,116,101,15,15
41369,75,84,-9,9
41370,74,84,-10,10
41371,138,129,9,9
41372,83,85,-2,2
41373,78,82,-4,4
41374,144,132,12,12
41375,94,90,4,4
41376,91,90,1,1
41377,97,100,-3,3
41378,79,80,-1,1
41379,87,89,-2,2
41380,50,60,-10,10
41381,61,64,-3,3
41382,66,78,-12,12
41383,83,81,2,2
41384,69,65,4,4
41385,117,101,16,16
41386,123,110,13,13
41387,152,123,29,29
41388,53,56,-3,3
41389,41,75,-34,34
41390,120,108,12,12
41391,50,61,-11,11
41392,103,102,1,1
41393,59,78,-19,19
41394,146,144,2,2
41395,74,68,6,6
41396,119,106,13,13
41397,100,100,0,0
41398,109,99,10,10
41399,140,126,14,14
41400,104,99,5,5
41401,118,118,0,0
41402,129,113,16,16
41403,62,67,-5,5
41404,80,85,-5,5
41405,67,70,-3,3
41406,45,55,-10,10
41407,111,111,0,0
41408,110,109,1,1
41409,68,72,-4,4
41410,84,97,-13,13
41411,132,114,18,18
41412,67,68,-1,1
41413,66,72,-6,6
41414,53,69,-16,16
41415,88,89,-1,1
41416,115,115,0,0
41417,142,144,-2,2
41418,134,132,2,2
41419,108,106,2,2
41420,63,69,-6,6
41421,68,67,1,1
41422,96,87,9,9
41423,73,79,-6,6
41424,88,91,-3,3
41425,107,96,11,11
41426,114,124,-10,10
41427,132,125,7,7
41428,64,73,-9,9
41429,73,71,2,2
41430,109,98,11,11
41431,65,69,-4,4
41432,138,109,29,29
41433,103,96,7,7
41434,132,120,12,12
41435,67,71,-4,4
41436,70,73,-3,3
41437,114,127,-13,13
41438,54,63,-9,9
41439,87,82,5,5
41440,57,65,-8,8
41441,163,159,4,4
41442,83,87,-4,4
41443,48,58,-10,10
41444,62,73,-11,11
41445,110,97,13,13
41446,64,68,-4,4
41447,154,146,8,8
41448,119,110,9,9
41449,81,87,-6,6
41450,76,76,0,0
41451,125,101,24,24
41452,82,79,3,3
41453,140,131,9,9
41454,58,60,-2,2
41455,90,83,7,7
41456,94,87,7,7
41457,70,75,-5,5
41458,126,118,8,8
41459,42,50,-8,8
41460,96,89,7,7
41461,144,124,20,20
41462,84,80,4,4
41463,91,87,4,4
41464,89,84,5,5
41465,68,74,-6,6
41466,74,76,-2,2
41467,73,74,-1,1
41468,95,88,7,7
41469,141,126,15,15
41470,144,127,17,17
41471,115,115,0,0
41472,126,110,16,16
41473,81,77,4,4
41474,70,69,1,1
41475,101,102,-1,1
41476,36,45,-9,9
41477,103,96,7,7
41478,50,58,-8,8
41479,108,95,13,13
41480,168,167,1,1
41481,89,96,-7,7
41482,128,114,14,14
41483,87,77,10,10
41484,72,64,8,8
41485,166,154,12,12
41486,75,74,1,1
41487,116,113,3,3
41488,66,70,-4,4
41489,89,94,-5,5
41490,72,81,-9,9
41491,103,110,-7,7
41492,82,86,-4,4
41493,108,109,-1,1
41494,115,101,14,14
41495,154,161,-7,7
41496,96,98,-2,2
41497,70,72,-2,2
41498,105,98,7,7
41499,103,105,-2,2
41500,80,84,-4,4
41501,167,131,36,36
41502,131,130,1,1
41503,87,86,1,1
41504,83,84,-1,1
41505,221,185,36,36
41506,67,68,-1,1
41507,114,107,7,7
41508,88,79,9,9
41509,80,77,3,3
41510,183,168,15,15
41511,67,77,-10,10
41512,172,159,13,13
41513,56,56,0,0
41514,60,62,-2,2
41515,60,62,-2,2
41516,77,84,-7,7
41517,85,77,8,8
41518,64,70,-6,6
41519,88,93,-5,5
41520,143,122,21,21
41521,148,144,4,4
41522,73,77,-4,4
41523,97,98,-1,1
41524,85,94,-9,9
41525,62,61,1,1
41526,82,80,2,2
41527,63,64,-1,1
41528,55,58,-3,3
41529,133,121,12,12
41530,96,99,-3,3
41531,98,95,3,3
41532,67,69,-2,2
41533,104,106,-2,2
41534,118,155,-37,37
41535,83,93,-10,10
41536,110,111,-1,1
41537,138,129,9,9
41538,79,77,2,2
41539,75,70,5,5
41540,67,71,-4,4
41541,59,63,-4,4
41542,63,62,1,1
41543,125,113,12,12
41544,156,153,3,3
41545,88,82,6,6
41546,106,100,6,6
41547,88,86,2,2
41548,126,121,5,5
41549,71,79,-8,8
41550,109,104,5,5
41551,61,98,-37,37
41552,100,103,-3,3
41553,157,128,29,29
41554,168,155,13,13
41555,110,105,5,5
41556,92,94,-2,2
41557,118,122,-4,4
41558,159,158,1,1
41559,67,70,-3,3
41560,78,89,-11,11
41561,93,95,-2,2
41562,76,75,1,1
41563,156,143,13,13
41564,63,74,-11,11
41565,87,87,0,0
41566,79,77,2,2
41567,56,63,-7,7
41568,65,67,-2,2
41569,99,98,1,1
41570,90,79,11,11
41571,108,108,0,0
41572,59,61,-2,2
41573,48,74,-26,26
41574,73,71,2,2
41575,111,98,13,13
41576,69,71,-2,2
41577,149,125,24,24
41578,87,78,9,9
41579,87,82,5,5
41580,85,82,3,3
41581,112,99,13,13
41582,78,90,-12,12
41583,74,79,-5,5
41584,85,88,-3,3
41585,77,83,-6,6
41586,113,103,10,10
41587,106,103,3,3
41588,61,72,-11,11
41589,82,90,-8,8
41590,115,112,3,3
41591,51,60,-9,9
41592,109,94,15,15
41593,61,67,-6,6
41594,60,68,-8,8
41595,129,120,9,9
41596,152,123,29,29
41597,90,87,3,3
41598,204,184,20,20
41599,95,87,8,8
41600,81,87,-6,6
41601,75,76,-1,1
41602,95,91,4,4
41603,108,107,1,1
41604,140,125,15,15
41605,47,52,-5,5
41606,92,80,12,12
41607,127,127,0,0
41608,64,75,-11,11
41609,86,76,10,10
41610,83,79,4,4
41611,86,93,-7,7
41612,110,105,5,5
41613,128,131,-3,3
41614,152,145,7,7
41615,106,107,-1,1
41616,71,76,-5,5
41617,70,79,-9,9
41618,71,74,-3,3
41619,80,86,-6,6
41620,10,30,-20,20
41621,95,86,9,9
41622,88,85,3,3
41623,55,49,6,6
41624,96,84,12,12
41625,114,100,14,14
41626,113,105,8,8
41627,115,105,10,10
41628,50,58,-8,8
41629,130,120,10,10
41630,130,119,11,11
41631,85,84,1,1
41632,72,73,-1,1
41633,177,160,17,17
41634,90,98,-8,8
41635,131,136,-5,5
41636,68,75,-7,7
41637,46,57,-11,11
41638,96,99,-3,3
41639,161,147,14,14
41640,60,63,-3,3
41641,73,77,-4,4
41642,50,59,-9,9
41643,60,56,4,4
41644,122,110,12,12
41645,136,124,12,12
41646,90,83,7,7
41647,131,123,8,8
41648,95,89,6,6
41649,66,71,-5,5
41650,105,111,-6,6
41651,82,82,0,0
41652,107,102,5,5
41653,61,64,-3,3
41654,136,118,18,18
41655,128,134,-6,6
41656,66,75,-9,9
41657,125,120,5,5
41658,69,69,0,0
41659,68,80,-12,12
41660,84,86,-2,2
41661,47,60,-13,13
41662,77,79,-2,2
41663,113,101,12,12
41664,155,150,5,5
41665,88,92,-4,4
41666,76,76,0,0
41667,104,142,-38,38
41668,43,51,-8,8
41669,69,76,-7,7
41670,94,100,-6,6
41671,121,113,8,8
41672,178,162,16,16
41673,69,68,1,1
41674,113,116,-3,3
41675,118,111,7,7
41676,86,85,1,1
41677,71,74,-3,3
41678,112,107,5,5
41679,114,104,10,10
41680,68,68,0,0
41681,75,75,0,0
41682,103,96,7,7
41683,71,76,-5,5
41684,57,61,-4,4
41685,88,87,1,1
41686,165,150,15,15
41687,79,82,-3,3
41688,133,128,5,5
41689,125,109,16,16
41690,91,105,-14,14
41691,117,116,1,1
41692,108,102,6,6
41693,101,98,3,3
41694,61,66,-5,5
41695,170,153,17,17
41696,152,142,10,10
41697,86,86,0,0
41698,89,87,2,2
41699,137,125,12,12
41700,107,103,4,4
41701,145,135,10,10
41702,152,155,-3,3
41703,89,80,9,9
41704,81,79,2,2
41705,102,104,-2,2
41706,85,91,-6,6
41707,70,73,-3,3
41708,85,83,2,2
41709,105,101,4,4
41710,79,77,2,2
41711,55,66,-11,11
41712,94,89,5,5
41713,49,59,-10,10
41714,42,50,-8,8
41715,302,290,12,12
41716,116,107,9,9
41717,68,73,-5,5
41718,81,85,-4,4
41719,98,109,-11,11
41720,120,106,14,14
41721,135,133,2,2
41722,85,89,-4,4
41723,76,80,-4,4
41724,125,118,7,7
41725,26,31,-5,5
41726,111,95,16,16
41727,152,131,21,21
41728,85,82,3,3
41729,99,100,-1,1
41730,98,110,-12,12
41731,99,96,3,3
41732,81,78,3,3
41733,98,107,-9,9
41734,101,87,14,14
41735,64,69,-5,5
41736,185,173,12,12
41737,97,94,3,3
41738,93,101,-8,8
41739,65,70,-5,5
41740,89,91,-2,2
41741,53,61,-8,8
41742,96,93,3,3
41743,133,121,12,12
41744,149,125,24,24
41745,155,144,11,11
41746,86,83,3,3
41747,64,65,-1,1
41748,133,120,13,13
41749,119,127,-8,8
41750,70,75,-5,5
41751,57,63,-6,6
41752,56,67,-11,11
41753,55,59,-4,4
41754,57,65,-8,8
41755,106,106,0,0
41756,85,93,-8,8
41757,80,83,-3,3
41758,71,87,-16,16
41759,79,94,-15,15
41760,72,79,-7,7
41761,67,65,2,2
41762,200,179,21,21
41763,55,64,-9,9
41764,103,100,3,3
41765,80,78,2,2
41766,113,110,3,3
41767,34,68,-34,34
41768,77,82,-5,5
41769,145,141,4,4
41770,143,145,-2,2
41771,100,96,4,4
41772,53,54,-1,1
41773,61,89,-28,28
41774,109,112,-3,3
41775,86,78,8,8
41776,72,76,-4,4
41777,86,92,-6,6
41778,115,124,-9,9
41779,74,81,-7,7
41780,85,84,1,1
41781,97,94,3,3
41782,111,106,5,5
41783,63,80,-17,17
41784,104,102,2,2
41785,101,98,3,3
41786,110,102,8,8
41787,72,80,-8,8
41788,128,123,5,5
41789,74,88,-14,14
41790,108,97,11,11
41791,110,105,5,5
41792,68,71,-3,3
41793,41,50,-9,9
41794,153,153,0,0
41795,115,113,2,2
41796,58,68,-10,10
41797,45,69,-24,24
41798,92,88,4,4
41799,57,65,-8,8
41800,125,114,11,11
41801,82,90,-8,8
41802,61,68,-7,7
41803,148,139,9,9
41804,72,72,0,0
41805,108,107,1,1
41806,97,103,-6,6
41807,134,118,16,16
41808,50,53,-3,3
41809,66,68,-2,2
41810,61,61,0,0
41811,91,85,6,6
41812,133,124,9,9
41813,131,109,22,22
41814,67,79,-12,12
41815,112,105,7,7
41816,100,109,-9,9
41817,193,176,17,17
41818,90,84,6,6
41819,77,77,0,0
41820,80,83,-3,3
41821,117,110,7,7
41822,87,90,-3,3
41823,64,71,-7,7
41824,61,64,-3,3
41825,120,119,1,1
41826,119,115,4,4
41827,137,118,19,19
41828,54,58,-4,4
41829,162,145,17,17
41830,152,154,-2,2
41831,69,66,3,3
41832,80,80,0,0
41833,92,92,0,0
41834,96,87,9,9
41835,107,107,0,0
41836,71,76,-5,5
41837,83,89,-6,6
41838,89,93,-4,4
41839,121,112,9,9
41840,81,83,-2,2
41841,112,114,-2,2
41842,147,130,17,17
41843,62,67,-5,5
41844,129,124,5,5
41845,74,84,-10,10
41846,168,146,22,22
41847,47,54,-7,7
41848,128,130,-2,2
41849,49,59,-10,10
41850,56,63,-7,7
41851,89,83,6,6
41852,67,69,-2,2
41853,68,78,-10,10
41854,114,112,2,2
41855,137,146,-9,9
41856,122,114,8,8
41857,74,77,-3,3
41858,67,68,-1,1
41859,129,122,7,7
41860,139,138,1,1
41861,62,68,-6,6
41862,100,98,2,2
41863,88,86,2,2
41864,64,67,-3,3
41865,92,85,7,7
41866,119,133,-14,14
41867,81,82,-1,1
41868,59,61,-2,2
41869,106,100,6,6
41870,94,96,-2,2
41871,112,98,14,14
41872,80,83,-3,3
41873,101,106,-5,5
41874,135,119,16,16
41875,135,124,11,11
41876,104,95,9,9
41877,85,84,1,1
41878,176,162,14,14
41879,79,81,-2,2
41880,69,68,1,1
41881,41,44,-3,3
41882,47,48,-1,1
41883,67,72,-5,5
41884,69,77,-8,8
41885,51,57,-6,6
41886,73,86,-13,13
41887,108,102,6,6
41888,47,46,1,1
41889,120,120,0,0
41890,117,109,8,8
41891,91,100,-9,9
41892,110,111,-1,1
41893,82,82,0,0
41894,97,95,2,2
41895,92,91,1,1
41896,72,72,0,0
41897,74,70,4,4
41898,80,92,-12,12
41899,49,53,-4,4
41900,133,122,11,11
41901,85,86,-1,1
41902,116,108,8,8
41903,72,69,3,3
41904,125,117,8,8
41905,91,91,0,0
41906,103,99,4,4
41907,110,105,5,5
41908,102,104,-2,2
41909,111,99,12,12
41910,50,68,-18,18
41911,50,55,-5,5
41912,106,100,6,6
41913,79,79,0,0
41914,138,119,19,19
41915,110,112,-2,2
41916,59,65,-6,6
41917,72,73,-1,1
41918,190,164,26,26
41919,93,90,3,3
41920,47,49,-2,2
41921,46,59,-13,13
41922,135,123,12,12
41923,56,73,-17,17
41924,67,70,-3,3
41925,101,102,-1,1
41926,78,77,1,1
41927,61,76,-15,15
41928,43,58,-15,15
41929,142,145,-3,3
41930,88,92,-4,4
41931,119,114,5,5
41932,146,126,20,20
41933,93,95,-2,2
41934,109,106,3,3
41935,105,102,3,3
41936,98,99,-1,1
41937,75,74,1,1
41938,78,81,-3,3
41939,101,108,-7,7
41940,88,102,-14,14
41941,133,139,-6,6
41942,66,69,-3,3
41943,101,99,2,2
41944,94,95,-1,1
41945,86,83,3,3
41946,95,89,6,6
41947,96,101,-5,5
41948,83,81,2,2
41949,119,96,23,23
41950,116,111,5,5
41951,92,85,7,7
41952,89,95,-6,6
41953,215,201,14,14
41954,96,95,1,1
41955,138,126,12,12
41956,73,75,-2,2
41957,72,80,-8,8
41958,83,93,-10,10
41959,119,109,10,10
41960,83,82,1,1
41961,140,132,8,8
41962,164,144,20,20
41963,105,97,8,8
41964,109,91,18,18
41965,100,93,7,7
41966,95,98,-3,3
41967,85,80,5,5
41968,83,83,0,0
41969,148,141,7,7
41970,95,97,-2,2
41971,110,121,-11,11
41972,104,112,-8,8
41973,125,140,-15,15
41974,110,117,-7,7
41975,109,103,6,6
41976,87,82,5,5
41977,166,158,8,8
41978,68,84,-16,16
41979,104,93,11,11
41980,127,102,25,25
41981,60,67,-7,7
41982,106,94,12,12
41983,58,66,-8,8
41984,59,61,-2,2
41985,98,98,0,0
41986,150,151,-1,1
41987,107,109,-2,2
41988,75,85,-10,10
41989,95,96,-1,1
41990,82,83,-1,1
41991,101,89,12,12
41992,63,74,-11,11
41993,81,70,11,11
41994,60,66,-6,6
41995,121,111,10,10
41996,110,100,10,10
41997,73,82,-9,9
41998,62,72,-10,10
41999,66,73,-7,7
42000,87,91,-4,4
42001,130,137,-7,7
42002,84,88,-4,4
42003,142,134,8,8
42004,61,67,-6,6
42005,109,101,8,8
42006,147,133,14,14
42007,37,62,-25,25
42008,246,184,62,62
42009,61,73,-12,12
42010,111,105,6,6
42011,92,93,-1,1
42012,133,141,-8,8
42013,161,144,17,17
42014,128,135,-7,7
42015,73,67,6,6
42016,115,110,5,5
42017,159,148,11,11
42018,75,74,1,1
42019,85,96,-11,11
42020,79,84,-5,5
42021,103,97,6,6
42022,109,104,5,5
42023,89,90,-1,1
42024,158,154,4,4
42025,86,89,-3,3
42026,114,100,14,14
42027,145,135,10,10
42028,83,80,3,3
42029,142,140,2,2
42030,48,59,-11,11
42031,69,73,-4,4
42032,90,104,-14,14
42033,152,135,17,17
42034,72,79,-7,7
42035,93,95,-2,2
42036,59,64,-5,5
42037,142,134,8,8
42038,95,85,10,10
42039,152,131,21,21
42040,87,87,0,0
42041,79,70,9,9
42042,80,82,-2,2
42043,89,92,-3,3
42044,74,71,3,3
42045,78,76,2,2
42046,100,99,1,1
42047,92,96,-4,4
42048,135,134,1,1
42049,112,110,2,2
42050,109,107,2,2
42051,86,80,6,6
42052,80,77,3,3
42053,92,104,-12,12
42054,93,94,-1,1
42055,111,111,0,0
42056,64,67,-3,3
42057,96,80,16,16
42058,79,92,-13,13
42059,148,156,-8,8
42060,74,83,-9,9
42061,91,83,8,8
42062,85,85,0,0
42063,104,98,6,6
42064,132,135,-3,3
42065,75,84,-9,9
42066,175,171,4,4
42067,77,73,4,4
42068,92,95,-3,3
42069,150,139,11,11
42070,35,39,-4,4
42071,79,76,3,3
42072,57,67,-10,10
42073,70,62,8,8
42074,117,130,-13,13
42075,84,81,3,3
42076,51,82,-31,31
42077,88,96,-8,8
42078,83,84,-1,1
42079,89,78,11,11
42080,79,79,0,0
42081,76,83,-7,7
42082,50,64,-14,14
42083,102,97,5,5
42084,111,124,-13,13
42085,82,86,-4,4
42086,114,123,-9,9
42087,99,91,8,8
42088,111,105,6,6
42089,99,100,-1,1
42090,68,68,0,0
42091,159,140,19,19
42092,78,81,-3,3
42093,43,57,-14,14
42094,64,68,-4,4
42095,77,82,-5,5
42096,38,45,-7,7
42097,39,46,-7,7
42098,87,96,-9,9
42099,89,83,6,6
42100,101,101,0,0
42101,115,109,6,6
42102,101,95,6,6
42103,52,61,-9,9
42104,68,74,-6,6
42105,57,64,-7,7
42106,97,90,7,7
42107,80,87,-7,7
42108,95,93,2,2
42109,155,142,13,13
42110,74,76,-2,2
42111,104,95,9,9
42112,63,74,-11,11
42113,28,37,-9,9
42114,96,90,6,6
42115,104,104,0,0
42116,118,114,4,4
42117,81,76,5,5
42118,58,67,-9,9
42119,85,95,-10,10
42120,59,69,-10,10
42121,91,100,-9,9
42122,120,112,8,8
42123,58,52,6,6
42124,89,79,10,10
42125,101,102,-1,1
42126,89,89,0,0
42127,68,67,1,1
42128,122,110,12,12
42129,71,79,-8,8
42130,71,73,-2,2
42131,75,95,-20,20
42132,130,128,2,2
42133,103,91,12,12
42134,114,107,7,7
42135,145,135,10,10
42136,108,102,6,6
42137,102,102,0,0
42138,107,102,5,5
42139,97,97,0,0
42140,94,87,7,7
42141,70,75,-5,5
42142,91,94,-3,3
42143,92,97,-5,5
42144,60,70,-10,10
42145,83,84,-1,1
42146,92,87,5,5
42147,106,108,-2,2
42148,47,63,-16,16
42149,72,71,1,1
42150,137,127,10,10
42151,69,76,-7,7
42152,69,64,5,5
42153,123,118,5,5
42154,77,81,-4,4
42155,74,69,5,5
42156,144,145,-1,1
42157,132,124,8,8
42158,109,102,7,7
42159,93,95,-2,2
42160,56,59,-3,3
42161,125,114,11,11
42162,54,67,-13,13
42163,127,116,11,11
42164,96,97,-1,1
42165,106,92,14,14
42166,98,98,0,0
42167,97,95,2,2
42168,65,67,-2,2
42169,91,83,8,8
42170,90,90,0,0
42171,135,120,15,15
42172,109,115,-6,6
42173,101,98,3,3
42174,80,82,-2,2
42175,105,105,0,0
42176,64,68,-4,4
42177,155,150,5,5
42178,119,118,1,1
42179,76,71,5,5
42180,122,112,10,10
42181,59,65,-6,6
42182,63,66,-3,3
42183,92,96,-4,4
42184,101,98,3,3
42185,100,97,3,3
42186,88,95,-7,7
42187,98,93,5,5
42188,153,131,22,22
42189,92,89,3,3
42190,76,71,5,5
42191,110,102,8,8
42192,86,90,-4,4
42193,130,127,3,3
42194,126,126,0,0
42195,78,73,5,5
42196,77,81,-4,4
42197,104,102,2,2
42198,126,134,-8,8
42199,79,78,1,1
42200,117,121,-4,4
42201,45,53,-8,8
42202,100,102,-2,2
42203,83,75,8,8
42204,134,130,4,4
42205,83,81,2,2
42206,90,98,-8,8
42207,86,90,-4,4
42208,89,87,2,2
42209,60,70,-10,10
42210,78,80,-2,2
42211,120,117,3,3
42212,72,76,-4,4
42213,104,103,1,1
42214,188,166,22,22
42215,93,89,4,4
42216,159,141,18,18
42217,80,77,3,3
42218,96,99,-3,3
42219,114,115,-1,1
42220,113,113,0,0
42221,62,74,-12,12
42222,140,133,7,7
42223,157,141,16,16
42224,61,70,-9,9
42225,95,104,-9,9
42226,130,123,7,7
42227,134,141,-7,7
42228,84,89,-5,5
42229,83,82,1,1
42230,96,98,-2,2
42231,85,81,4,4
42232,117,121,-4,4
42233,49,57,-8,8
42234,55,59,-4,4
42235,116,98,18,18
42236,65,69,-4,4
42237,86,86,0,0
42238,58,73,-15,15
42239,55,65,-10,10
42240,109,102,7,7
42241,109,96,13,13
42242,115,108,7,7
42243,131,108,23,23
42244,79,82,-3,3
42245,74,80,-6,6
42246,114,109,5,5
42247,125,112,13,13
42248,90,83,7,7
42249,81,82,-1,1
42250,109,101,8,8
42251,90,84,6,6
42252,58,58,0,0
42253,67,72,-5,5
42254,88,82,6,6
42255,71,87,-16,16
42256,118,126,-8,8
42257,109,107,2,2
42258,75,96,-21,21
42259,38,46,-8,8
42260,173,158,15,15
42261,153,151,2,2
42262,66,65,1,1
42263,58,65,-7,7
42264,44,52,-8,8
42265,86,81,5,5
42266,100,95,5,5
42267,86,88,-2,2
42268,106,103,3,3
42269,80,79,1,1
42270,84,81,3,3
42271,76,76,0,0
42272,96,91,5,5
42273,90,93,-3,3
42274,116,120,-4,4
42275,196,163,33,33
42276,103,99,4,4
42277,95,99,-4,4
42278,68,69,-1,1
42279,96,84,12,12
42280,109,100,9,9
42281,86,88,-2,2
42282,174,164,10,10
42283,78,83,-5,5
42284,47,57,-10,10
42285,96,94,2,2
42286,92,89,3,3
42287,79,72,7,7
42288,85,82,3,3
42289,113,114,-1,1
42290,96,95,1,1
42291,80,79,1,1
42292,43,47,-4,4
42293,93,100,-7,7
42294,63,73,-10,10
42295,96,88,8,8
42296,103,100,3,3
42297,53,66,-13,13
42298,99,95,4,4
42299,79,82,-3,3
42300,70,71,-1,1
42301,106,97,9,9
42302,104,134,-30,30
42303,141,134,7,7
42304,99,87,12,12
42305,96,90,6,6
42306,55,57,-2,2
42307,99,97,2,2
42308,116,118,-2,2
42309,64,92,-28,28
42310,152,132,20,20
42311,63,69,-6,6
42312,78,76,2,2
42313,123,132,-9,9
42314,126,125,1,1
42315,79,76,3,3
42316,92,77,15,15
42317,94,100,-6,6
42318,200,174,26,26
42319,157,151,6,6
42320,80,80,0,0
42321,57,63,-6,6
42322,141,134,7,7
42323,60,68,-8,8
42324,85,80,5,5
42325,54,53,1,1
42326,159,158,1,1
42327,150,131,19,19
42328,87,85,2,2
42329,47,66,-19,19
42330,96,95,1,1
42331,82,82,0,0
42332,74,74,0,0
42333,120,120,0,0
42334,109,91,18,18
42335,86,90,-4,4
42336,129,121,8,8
42337,196,174,22,22
42338,178,156,22,22
42339,105,96,9,9
42340,61,69,-8,8
42341,67,73,-6,6
42342,109,103,6,6
42343,111,123,-12,12
42344,52,68,-16,16
42345,89,82,7,7
42346,71,86,-15,15
42347,111,107,4,4
42348,40,42,-2,2
42349,79,87,-8,8
42350,99,92,7,7
42351,96,96,0,0
42352,63,63,0,0
42353,103,121,-18,18
42354,97,107,-10,10
42355,90,92,-2,2
42356,119,103,16,16
42357,176,154,22,22
42358,97,98,-1,1
42359,131,132,-1,1
42360,86,78,8,8
42361,77,76,1,1
42362,84,83,1,1
42363,70,71,-1,1
42364,109,104,5,5
42365,121,115,6,6
42366,125,134,-9,9
42367,150,122,28,28
42368,103,98,5,5
42369,151,126,25,25
42370,58,63,-5,5
42371,64,67,-3,3
42372,122,118,4,4
42373,104,94,10,10
42374,92,85,7,7
42375,100,98,2,2
42376,142,126,16,16
42377,93,86,7,7
42378,120,114,6,6
42379,75,79,-4,4
42380,106,97,9,9
42381,60,70,-10,10
42382,83,84,-1,1
42383,98,97,1,1
42384,56,53,3,3
42385,37,42,-5,5
42386,97,85,12,12
42387,152,147,5,5
42388,97,90,7,7
42389,76,72,4,4
42390,80,91,-11,11
42391,56,61,-5,5
42392,108,96,12,12
42393,128,101,27,27
42394,117,109,8,8
42395,103,97,6,6
42396,31,39,-8,8
42397,84,80,4,4
42398,92,92,0,0
42399,115,124,-9,9
42400,128,130,-2,2
42401,128,113,15,15
42402,75,83,-8,8
42403,72,83,-11,11
42404,95,93,2,2
42405,56,65,-9,9
42406,83,87,-4,4
42407,97,99,-2,2
42408,109,98,11,11
42409,126,116,10,10
42410,135,136,-1,1
42411,75,79,-4,4
42412,73,72,1,1
42413,89,91,-2,2
42414,94,93,1,1
42415,81,83,-2,2
42416,78,80,-2,2
42417,79,74,5,5
42418,78,83,-5,5
42419,105,108,-3,3
42420,112,107,5,5
42421,75,71,4,4
42422,98,96,2,2
42423,94,91,3,3
42424,56,67,-11,11
42425,92,85,7,7
42426,68,72,-4,4
42427,104,102,2,2
42428,144,116,28,28
42429,50,63,-13,13
42430,51,58,-7,7
42431,61,73,-12,12
42432,83,90,-7,7
42433,28,43,-15,15
42434,99,101,-2,2
42435,83,89,-6,6
42436,162,145,17,17
42437,104,97,7,7
42438,88,93,-5,5
42439,95,90,5,5
42440,116,107,9,9
42441,144,127,17,17
42442,69,59,10,10
42443,102,109,-7,7
42444,116,114,2,2
42445,61,68,-7,7
42446,108,107,1,1
42447,55,59,-4,4
42448,142,132,10,10
42449,156,147,9,9
42450,129,114,15,15
42451,180,164,16,16
42452,111,111,0,0
42453,179,169,10,10
42454,89,92,-3,3
42455,114,106,8,8
42456,96,88,8,8
42457,117,116,1,1
42458,64,69,-5,5
42459,57,61,-4,4
42460,54,64,-10,10
42461,95,87,8,8
42462,89,73,16,16
42463,109,97,12,12
42464,76,80,-4,4
42465,67,69,-2,2
42466,65,69,-4,4
42467,76,86,-10,10
42468,92,91,1,1
42469,92,92,0,0
42470,74,73,1,1
42471,92,84,8,8
42472,80,77,3,3
42473,89,92,-3,3
42474,43,52,-9,9
42475,69,75,-6,6
42476,88,90,-2,2
42477,84,93,-9,9
42478,115,113,2,2
42479,56,57,-1,1
42480,95,100,-5,5
42481,80,93,-13,13
42482,80,80,0,0
42483,98,94,4,4
42484,49,57,-8,8
42485,91,83,8,8
42486,64,72,-8,8
42487,53,65,-12,12
42488,85,78,7,7
42489,98,94,4,4
42490,100,91,9,9
42491,69,75,-6,6
42492,48,56,-8,8
42493,105,94,11,11
42494,163,144,19,19
42495,150,147,3,3
42496,85,87,-2,2
42497,128,124,4,4
42498,99,104,-5,5
42499,103,95,8,8
42500,128,112,16,16
42501,107,106,1,1
42502,55,68,-13,13
42503,84,92,-8,8
42504,90,95,-5,5
42505,90,96,-6,6
42506,72,71,1,1
42507,91,93,-2,2
42508,87,96,-9,9
42509,84,70,14,14
42510,42,51,-9,9
42511,65,71,-6,6
42512,131,127,4,4
42513,48,62,-14,14
42514,109,99,10,10
42515,85,92,-7,7
42516,66,65,1,1
42517,83,89,-6,6
42518,46,49,-3,3
42519,141,132,9,9
42520,59,68,-9,9
42521,87,85,2,2
42522,84,90,-6,6
42523,86,93,-7,7
42524,127,115,12,12
42525,111,113,-2,2
42526,102,104,-2,2
42527,65,72,-7,7
42528,70,72,-2,2
42529,61,70,-9,9
42530,104,101,3,3
42531,111,109,2,2
42532,202,165,37,37
42533,100,89,11,11
42534,136,130,6,6
42535,35,48,-13,13
42536,40,47,-7,7
42537,115,108,7,7
42538,116,108,8,8
42539,72,71,1,1
42540,108,105,3,3
42541,106,117,-11,11
42542,62,68,-6,6
42543,127,116,11,11
42544,94,88,6,6
42545,89,82,7,7
42546,70,73,-3,3
42547,72,80,-8,8
42548,98,86,12,12
42549,96,90,6,6
42550,108,110,-2,2
42551,142,116,26,26
42552,77,79,-2,2
42553,67,70,-3,3
42554,81,85,-4,4
42555,54,59,-5,5
42556,124,118,6,6
42557,110,110,0,0
42558,101,100,1,1
42559,86,90,-4,4
42560,117,111,6,6
42561,111,105,6,6
42562,136,121,15,15
42563,78,75,3,3
42564,62,79,-17,17
42565,231,198,33,33
42566,180,177,3,3
42567,91,88,3,3
42568,134,131,3,3
42569,80,83,-3,3
42570,100,101,-1,1
42571,123,117,6,6
42572,109,105,4,4
42573,70,71,-1,1
42574,57,62,-5,5
42575,148,144,4,4
42576,76,75,1,1
42577,70,74,-4,4
42578,82,85,-3,3
42579,102,106,-4,4
42580,198,179,19,19
42581,56,58,-2,2
42582,94,95,-1,1
42583,97,97,0,0
42584,103,93,10,10
42585,81,80,1,1
42586,102,98,4,4
42587,85,86,-1,1
42588,165,143,22,22
42589,50,61,-11,11
42590,124,120,4,4
42591,101,99,2,2
42592,79,76,3,3
42593,138,141,-3,3
42594,191,142,49,49
42595,162,155,7,7
42596,126,115,11,11
42597,103,103,0,0
42598,49,58,-9,9
42599,113,115,-2,2
42600,100,94,6,6
42601,118,114,4,4
42602,117,122,-5,5
42603,84,85,-1,1
42604,110,100,10,10
42605,128,110,18,18
42606,105,102,3,3
42607,59,59,0,0
42608,91,90,1,1
42609,68,66,2,2
42610,72,82,-10,10
42611,135,128,7,7
42612,79,96,-17,17
42613,107,107,0,0
42614,30,44,-14,14
42615,70,75,-5,5
42616,105,103,2,2
42617,92,91,1,1
42618,177,167,10,10
42619,84,90,-6,6
42620,67,78,-11,11
42621,150,118,32,32
42622,65,88,-23,23
42623,69,73,-4,4
42624,94,91,3,3
42625,87,78,9,9
42626,73,83,-10,10
42627,70,76,-6,6
42628,93,86,7,7
42629,110,104,6,6
42630,87,77,10,10
42631,109,108,1,1
42632,71,77,-6,6
42633,103,103,0,0
42634,152,141,11,11
42635,70,76,-6,6
42636,125,105,20,20
42637,91,94,-3,3
42638,172,161,11,11
42639,60,72,-12,12
42640,99,123,-24,24
42641,61,63,-2,2
42642,91,90,1,1
42643,94,87,7,7
42644,135,121,14,14
42645,43,59,-16,16
42646,83,88,-5,5
42647,93,91,2,2
42648,116,109,7,7
42649,131,105,26,26
42650,140,148,-8,8
42651,101,105,-4,4
42652,160,146,14,14
42653,157,129,28,28
42654,147,167,-20,20
42655,151,147,4,4
42656,162,153,9,9
42657,52,96,-44,44
42658,77,74,3,3
42659,86,84,2,2
42660,86,91,-5,5
42661,91,84,7,7
42662,118,108,10,10
42663,103,95,8,8
42664,103,103,0,0
42665,74,76,-2,2
42666,119,110,9,9
42667,89,86,3,3
42668,107,99,8,8
42669,109,140,-31,31
42670,85,91,-6,6
42671,70,71,-1,1
42672,86,83,3,3
42673,105,103,2,2
42674,98,99,-1,1
42675,75,78,-3,3
42676,50,63,-13,13
42677,67,71,-4,4
42678,76,74,2,2
42679,80,77,3,3
42680,124,123,1,1
42681,60,73,-13,13
42682,73,74,-1,1
42683,52,57,-5,5
42684,102,100,2,2
42685,29,31,-2,2
42686,66,75,-9,9
42687,80,73,7,7
42688,76,77,-1,1
42689,107,103,4,4
42690,68,64,4,4
42691,129,115,14,14
42692,51,52,-1,1
42693,131,131,0,0
42694,73,78,-5,5
42695,157,143,14,14
42696,96,101,-5,5
42697,19,54,-35,35
42698,109,97,12,12
42699,67,70,-3,3
42700,132,126,6,6
42701,156,121,35,35
42702,85,95,-10,10
42703,90,89,1,1
42704,85,81,4,4
42705,44,60,-16,16
42706,150,137,13,13
42707,65,70,-5,5
42708,91,105,-14,14
42709,63,79,-16,16
42710,80,83,-3,3
42711,163,162,1,1
42712,110,100,10,10
42713,100,95,5,5
42714,89,81,8,8
42715,51,57,-6,6
42716,97,102,-5,5
42717,82,85,-3,3
42718,85,85,0,0
42719,73,80,-7,7
42720,80,75,5,5
42721,50,63,-13,13
42722,81,78,3,3
42723,68,71,-3,3
42724,76,79,-3,3
42725,75,74,1,1
42726,82,91,-9,9
42727,78,81,-3,3
42728,53,72,-19,19
42729,55,62,-7,7
42730,41,47,-6,6
42731,95,94,1,1
42732,55,58,-3,3
42733,99,111,-12,12
42734,64,74,-10,10
42735,93,105,-12,12
42736,61,60,1,1
42737,95,92,3,3
42738,116,114,2,2
42739,83,75,8,8
42740,82,76,6,6
42741,137,112,25,25
42742,69,78,-9,9
42743,69,66,3,3
42744,60,59,1,1
42745,81,89,-8,8
42746,128,123,5,5
42747,78,76,2,2
42748,79,85,-6,6
42749,74,82,-8,8
42750,69,74,-5,5
42751,140,132,8,8
42752,108,113,-5,5
42753,61,61,0,0
42754,142,140,2,2
42755,42,45,-3,3
42756,68,66,2,2
42757,74,77,-3,3
42758,94,96,-2,2
42759,164,151,13,13
42760,77,75,2,2
42761,94,87,7,7
42762,192,184,8,8
42763,121,117,4,4
42764,61,64,-3,3
42765,120,120,0,0
42766,103,98,5,5
42767,89,86,3,3
42768,100,92,8,8
42769,97,87,10,10
42770,64,72,-8,8
42771,165,157,8,8
42772,74,75,-1,1
42773,65,70,-5,5
42774,39,55,-16,16
42775,183,162,21,21
42776,82,86,-4,4
42777,111,106,5,5
42778,150,134,16,16
42779,89,80,9,9
42780,116,111,5,5
42781,106,103,3,3
42782,129,129,0,0
42783,59,66,-7,7
42784,161,133,28,28
42785,108,121,-13,13
42786,63,76,-13,13
42787,114,108,6,6
42788,80,89,-9,9
42789,81,86,-5,5
42790,72,73,-1,1
42791,99,93,6,6
42792,98,83,15,15
42793,111,98,13,13
42794,120,113,7,7
42795,119,114,5,5
42796,69,74,-5,5
42797,137,124,13,13
42798,130,126,4,4
42799,106,93,13,13
42800,58,65,-7,7
42801,144,137,7,7
42802,117,116,1,1
42803,146,151,-5,5
42804,137,126,11,11
42805,116,118,-2,2
42806,86,80,6,6
42807,89,86,3,3
42808,107,107,0,0
42809,108,109,-1,1
42810,109,97,12,12
42811,53,63,-10,10
42812,79,73,6,6
42813,59,66,-7,7
42814,84,81,3,3
42815,156,141,15,15
42816,121,116,5,5
42817,66,69,-3,3
42818,74,74,0,0
42819,47,97,-50,50
42820,106,103,3,3
42821,98,91,7,7
42822,68,65,3,3
42823,58,69,-11,11
42824,86,89,-3,3
42825,87,92,-5,5
42826,85,92,-7,7
42827,143,137,6,6
42828,168,144,24,24
42829,63,74,-11,11
42830,72,113,-41,41
42831,170,174,-4,4
42832,139,141,-2,2
42833,104,111,-7,7
42834,66,62,4,4
42835,78,80,-2,2
42836,66,65,1,1
42837,78,76,2,2
42838,178,152,26,26
42839,176,162,14,14
42840,77,73,4,4
42841,51,56,-5,5
42842,112,91,21,21
42843,110,121,-11,11
42844,140,145,-5,5
42845,120,106,14,14
42846,88,86,2,2
42847,85,94,-9,9
42848,166,149,17,17
42849,71,74,-3,3
42850,112,116,-4,4
42851,73,70,3,3
42852,80,81,-1,1
42853,113,125,-12,12
42854,62,68,-6,6
42855,94,73,21,21
42856,145,143,2,2
42857,131,138,-7,7
42858,103,102,1,1
42859,98,104,-6,6
42860,84,80,4,4
42861,133,122,11,11
42862,144,134,10,10
42863,141,124,17,17
42864,119,103,16,16
42865,87,85,2,2
42866,79,85,-6,6
42867,63,73,-10,10
42868,89,95,-6,6
42869,38,48,-10,10
42870,99,101,-2,2
42871,114,103,11,11
42872,129,109,20,20
42873,155,149,6,6
42874,87,75,12,12
42875,70,72,-2,2
42876,112,102,10,10
42877,137,131,6,6
42878,92,86,6,6
42879,145,137,8,8
42880,154,126,28,28
42881,130,121,9,9
42882,45,50,-5,5
42883,63,62,1,1
42884,58,59,-1,1
42885,96,100,-4,4
42886,102,97,5,5
42887,118,122,-4,4
42888,119,111,8,8
42889,75,75,0,0
42890,115,113,2,2
42891,94,94,0,0
42892,108,103,5,5
42893,101,95,6,6
42894,136,129,7,7
42895,110,109,1,1
42896,127,121,6,6
42897,94,83,11,11
42898,124,107,17,17
42899,68,74,-6,6
42900,128,115,13,13
42901,138,130,8,8
42902,83,85,-2,2
42903,125,104,21,21
42904,63,68,-5,5
42905,133,105,28,28
42906,77,75,2,2
42907,94,91,3,3
42908,116,102,14,14
42909,93,93,0,0
42910,84,88,-4,4
42911,125,119,6,6
42912,123,124,-1,1
42913,92,87,5,5
42914,155,142,13,13
42915,86,170,-84,84
42916,75,78,-3,3
42917,74,80,-6,6
42918,78,82,-4,4
42919,96,87,9,9
42920,113,116,-3,3
42921,139,157,-18,18
42922,95,88,7,7
42923,83,83,0,0
42924,128,125,3,3
42925,102,99,3,3
42926,124,135,-11,11
42927,71,75,-4,4
42928,63,69,-6,6
42929,71,73,-2,2
42930,131,130,1,1
42931,115,129,-14,14
42932,91,86,5,5
42933,92,97,-5,5
42934,59,59,0,0
42935,138,134,4,4
42936,71,71,0,0
42937,53,57,-4,4
42938,103,104,-1,1
42939,85,80,5,5
42940,92,92,0,0
42941,109,118,-9,9
42942,74,84,-10,10
42943,100,96,4,4
42944,111,106,5,5
42945,112,107,5,5
42946,112,101,11,11
42947,31,43,-12,12
42948,57,74,-17,17
42949,194,172,22,22
42950,75,73,2,2
42951,119,116,3,3
42952,106,102,4,4
42953,89,78,11,11
42954,75,75,0,0
42955,77,79,-2,2
42956,68,75,-7,7
42957,48,52,-4,4
42958,53,56,-3,3
42959,91,89,2,2
42960,90,103,-13,13
42961,57,69,-12,12
42962,81,83,-2,2
42963,113,108,5,5
42964,89,84,5,5
42965,74,72,2,2
42966,89,85,4,4
42967,73,80,-7,7
42968,54,53,1,1
42969,77,80,-3,3
42970,108,96,12,12
42971,59,70,-11,11
42972,218,193,25,25
42973,118,125,-7,7
42974,86,93,-7,7
42975,153,144,9,9
42976,123,116,7,7
42977,117,116,1,1
42978,51,49,2,2
42979,77,76,1,1
42980,59,62,-3,3
42981,69,76,-7,7
42982,67,74,-7,7
42983,83,79,4,4
42984,137,120,17,17
42985,96,87,9,9
42986,68,71,-3,3
42987,91,97,-6,6
42988,81,87,-6,6
42989,79,72,7,7
42990,50,49,1,1
42991,78,80,-2,2
42992,32,40,-8,8
42993,64,65,-1,1
42994,80,89,-9,9
42995,99,92,7,7
42996,131,134,-3,3
42997,48,53,-5,5
42998,77,73,4,4
42999,128,124,4,4
43000,120,115,5,5
43001,55,60,-5,5
43002,79,72,7,7
43003,85,85,0,0
43004,148,138,10,10
43005,136,131,5,5
43006,111,120,-9,9
43007,105,127,-22,22
43008,93,89,4,4
43009,79,78,1,1
43010,87,85,2,2
43011,69,74,-5,5
43012,109,103,6,6
43013,156,143,13,13
43014,106,105,1,1
43015,105,105,0,0
43016,42,45,-3,3
43017,84,81,3,3
43018,15,28,-13,13
43019,89,96,-7,7
43020,179,166,13,13
43021,65,71,-6,6
43022,108,110,-2,2
43023,40,52,-12,12
43024,89,83,6,6
43025,138,123,15,15
43026,134,136,-2,2
43027,102,95,7,7
43028,103,100,3,3
43029,143,122,21,21
43030,65,72,-7,7
43031,74,73,1,1
43032,116,105,11,11
43033,79,80,-1,1
43034,74,77,-3,3
43035,91,72,19,19
43036,99,95,4,4
43037,64,66,-2,2
43038,120,109,11,11
43039,103,90,13,13
43040,90,86,4,4
43041,51,54,-3,3
43042,96,88,8,8
43043,77,76,1,1
43044,142,142,0,0
43045,77,69,8,8
43046,90,87,3,3
43047,141,130,11,11
43048,85,88,-3,3
43049,98,91,7,7
43050,146,139,7,7
43051,120,110,10,10
43052,107,107,0,0
43053,97,98,-1,1
43054,125,124,1,1
43055,81,85,-4,4
43056,99,102,-3,3
43057,90,93,-3,3
43058,53,56,-3,3
43059,88,79,9,9
43060,70,68,2,2
43061,57,77,-20,20
43062,77,75,2,2
43063,51,67,-16,16
43064,110,112,-2,2
43065,72,75,-3,3
43066,101,100,1,1
43067,177,154,23,23
43068,153,133,20,20
43069,157,150,7,7
43070,67,70,-3,3
43071,63,66,-3,3
43072,208,174,34,34
43073,84,81,3,3
43074,69,73,-4,4
43075,110,95,15,15
43076,85,73,12,12
43077,37,44,-7,7
43078,142,115,27,27
43079,82,90,-8,8
43080,81,88,-7,7
43081,94,94,0,0
43082,143,141,2,2
43083,118,107,11,11
43084,86,95,-9,9
43085,76,84,-8,8
43086,73,68,5,5
43087,131,110,21,21
43088,53,72,-19,19
43089,66,69,-3,3
43090,101,100,1,1
43091,115,114,1,1
43092,136,127,9,9
43093,61,88,-27,27
43094,86,89,-3,3
43095,71,81,-10,10
43096,81,81,0,0
43097,69,80,-11,11
43098,36,49,-13,13
43099,157,148,9,9
43100,57,63,-6,6
43101,73,68,5,5
43102,185,161,24,24
43103,62,60,2,2
43104,123,119,4,4
43105,65,68,-3,3
43106,73,71,2,2
43107,98,96,2,2
43108,101,94,7,7
43109,104,100,4,4
43110,83,87,-4,4
43111,58,66,-8,8
43112,85,86,-1,1
43113,55,62,-7,7
43114,80,73,7,7
43115,66,67,-1,1
43116,83,79,4,4
43117,107,112,-5,5
43118,104,96,8,8
43119,44,53,-9,9
43120,63,72,-9,9
43121,85,80,5,5
43122,133,125,8,8
43123,59,63,-4,4
43124,130,102,28,28
43125,74,75,-1,1
43126,62,64,-2,2
43127,109,98,11,11
43128,71,76,-5,5
43129,55,90,-35,35
43130,142,130,12,12
43131,117,119,-2,2
43132,110,101,9,9
43133,35,52,-17,17
43134,85,89,-4,4
43135,63,63,0,0
43136,79,88,-9,9
43137,101,94,7,7
43138,73,78,-5,5
43139,150,152,-2,2
43140,164,140,24,24
43141,121,112,9,9
43142,56,63,-7,7
43143,82,84,-2,2
43144,115,126,-11,11
43145,103,93,10,10
43146,80,78,2,2
43147,90,96,-6,6
43148,103,98,5,5
43149,122,123,-1,1
43150,113,113,0,0
43151,62,74,-12,12
43152,120,117,3,3
43153,94,96,-2,2
43154,93,90,3,3
43155,52,57,-5,5
43156,89,82,7,7
43157,72,64,8,8
43158,65,62,3,3
43159,92,88,4,4
43160,59,66,-7,7
43161,86,98,-12,12
43162,119,104,15,15
43163,64,70,-6,6
43164,142,110,32,32
43165,80,82,-2,2
43166,68,73,-5,5
43167,85,89,-4,4
43168,69,72,-3,3
43169,157,147,10,10
43170,120,102,18,18
43171,135,125,10,10
43172,72,70,2,2
43173,99,86,13,13
43174,88,94,-6,6
43175,101,97,4,4
43176,72,76,-4,4
43177,166,163,3,3
43178,49,57,-8,8
43179,89,85,4,4
43180,113,103,10,10
43181,113,103,10,10
43182,85,90,-5,5
43183,67,78,-11,11
43184,89,92,-3,3
43185,63,69,-6,6
43186,52,91,-39,39
43187,127,117,10,10
43188,106,102,4,4
43189,120,99,21,21
43190,97,111,-14,14
43191,57,67,-10,10
43192,68,78,-10,10
43193,105,103,2,2
43194,106,110,-4,4
43195,133,125,8,8
43196,63,74,-11,11
43197,58,63,-5,5
43198,106,108,-2,2
43199,103,94,9,9
43200,71,75,-4,4
43201,103,103,0,0
43202,42,45,-3,3
43203,91,85,6,6
43204,103,108,-5,5
43205,90,89,1,1
43206,103,102,1,1
43207,111,102,9,9
43208,132,114,18,18
43209,115,111,4,4
43210,121,122,-1,1
43211,122,107,15,15
43212,132,123,9,9
43213,32,49,-17,17
43214,110,101,9,9
43215,87,89,-2,2
43216,135,125,10,10
43217,102,97,5,5
43218,82,86,-4,4
43219,131,115,16,16
43220,102,103,-1,1
43221,52,57,-5,5
43222,100,105,-5,5
43223,100,93,7,7
43224,90,94,-4,4
43225,85,90,-5,5
43226,61,67,-6,6
43227,154,158,-4,4
43228,137,124,13,13
43229,107,96,11,11
43230,98,96,2,2
43231,92,88,4,4
43232,191,161,30,30
43233,113,117,-4,4
43234,104,106,-2,2
43235,62,62,0,0
43236,80,79,1,1
43237,50,54,-4,4
43238,100,85,15,15
43239,126,123,3,3
43240,113,104,9,9
43241,69,74,-5,5
43242,62,64,-2,2
43243,52,74,-22,22
43244,118,112,6,6
43245,59,67,-8,8
43246,40,50,-10,10
43247,93,93,0,0
43248,105,108,-3,3
43249,127,113,14,14
43250,84,93,-9,9
43251,93,102,-9,9
43252,121,128,-7,7
43253,94,97,-3,3
43254,64,69,-5,5
43255,109,102,7,7
43256,123,130,-7,7
43257,130,119,11,11
43258,138,130,8,8
43259,67,72,-5,5
43260,99,95,4,4
43261,84,81,3,3
43262,112,120,-8,8
43263,103,102,1,1
43264,60,61,-1,1
43265,90,108,-18,18
43266,131,132,-1,1
43267,47,53,-6,6
43268,90,86,4,4
43269,81,82,-1,1
43270,84,81,3,3
43271,81,84,-3,3
43272,105,107,-2,2
43273,67,72,-5,5
43274,86,88,-2,2
43275,140,142,-2,2
43276,78,73,5,5
43277,96,92,4,4
43278,102,101,1,1
43279,43,52,-9,9
43280,71,83,-12,12
43281,91,97,-6,6
43282,84,85,-1,1
43283,125,117,8,8
43284,50,62,-12,12
43285,90,93,-3,3
43286,68,65,3,3
43287,129,121,8,8
43288,133,135,-2,2
43289,72,92,-20,20
43290,150,145,5,5
43291,179,157,22,22
43292,96,93,3,3
43293,72,71,1,1
43294,178,152,26,26
43295,89,88,1,1
43296,129,112,17,17
43297,84,80,4,4
43298,87,82,5,5
43299,82,77,5,5
43300,82,92,-10,10
43301,91,90,1,1
43302,112,113,-1,1
43303,88,93,-5,5
43304,100,106,-6,6
43305,164,151,13,13
43306,89,93,-4,4
43307,72,79,-7,7
43308,111,113,-2,2
43309,123,127,-4,4
43310,163,142,21,21
43311,65,70,-5,5
43312,130,136,-6,6
43313,145,139,6,6
43314,92,91,1,1
43315,50,63,-13,13
43316,73,90,-17,17
43317,57,64,-7,7
43318,89,78,11,11
43319,82,80,2,2
43320,67,67,0,0
43321,91,100,-9,9
43322,112,108,4,4
43323,73,75,-2,2
43324,64,66,-2,2
43325,119,127,-8,8
43326,61,58,3,3
43327,26,37,-11,11
43328,67,71,-4,4
43329,178,155,23,23
43330,97,83,14,14
43331,132,109,23,23
43332,121,122,-1,1
43333,143,116,27,27
43334,92,98,-6,6
43335,78,83,-5,5
43336,99,100,-1,1
43337,68,68,0,0
43338,61,64,-3,3
43339,139,141,-2,2
43340,162,154,8,8
43341,86,83,3,3
43342,106,100,6,6
43343,48,53,-5,5
43344,125,113,12,12
43345,123,117,6,6
43346,117,113,4,4
43347,229,186,43,43
43348,83,87,-4,4
43349,72,107,-35,35
43350,130,126,4,4
43351,49,56,-7,7
43352,124,119,5,5
43353,123,121,2,2
43354,127,130,-3,3
43355,78,79,-1,1
43356,87,106,-19,19
43357,129,113,16,16
43358,97,90,7,7
43359,129,139,-10,10
43360,69,70,-1,1
43361,84,84,0,0
43362,122,107,15,15
43363,158,139,19,19
43364,77,83,-6,6
43365,86,99,-13,13
43366,100,103,-3,3
43367,93,96,-3,3
43368,117,108,9,9
43369,139,128,11,11
43370,100,93,7,7
43371,162,148,14,14
43372,68,73,-5,5
43373,68,71,-3,3
43374,85,77,8,8
43375,105,95,10,10
43376,174,153,21,21
43377,85,86,-1,1
43378,108,100,8,8
43379,67,73,-6,6
43380,115,111,4,4
43381,63,67,-4,4
43382,107,101,6,6
43383,99,100,-1,1
43384,52,59,-7,7
43385,87,83,4,4
43386,125,94,31,31
43387,64,61,3,3
43388,101,102,-1,1
43389,118,114,4,4
43390,129,122,7,7
43391,100,101,-1,1
43392,71,70,1,1
43393,70,87,-17,17
43394,70,79,-9,9
43395,101,85,16,16
43396,71,76,-5,5
43397,70,72,-2,2
43398,115,109,6,6
43399,56,60,-4,4
43400,106,100,6,6
43401,125,122,3,3
43402,104,101,3,3
43403,84,81,3,3
43404,64,69,-5,5
43405,82,85,-3,3
43406,99,103,-4,4
43407,167,156,11,11
43408,107,102,5,5
43409,91,86,5,5
43410,83,87,-4,4
43411,89,80,9,9
43412,92,88,4,4
43413,114,105,9,9
43414,126,103,23,23
43415,133,122,11,11
43416,51,61,-10,10
43417,87,82,5,5
43418,67,69,-2,2
43419,67,68,-1,1
43420,142,130,12,12
43421,139,121,18,18
43422,125,107,18,18
43423,81,77,4,4
43424,210,176,34,34
43425,113,105,8,8
43426,57,73,-16,16
43427,94,93,1,1
43428,121,93,28,28
43429,107,102,5,5
43430,38,51,-13,13
43431,81,85,-4,4
43432,126,110,16,16
43433,248,223,25,25
43434,92,93,-1,1
43435,153,146,7,7
43436,127,125,2,2
43437,45,56,-11,11
43438,81,107,-26,26
43439,164,155,9,9
43440,140,145,-5,5
43441,114,109,5,5
43442,115,113,2,2
43443,87,83,4,4
43444,57,62,-5,5
43445,51,51,0,0
43446,95,104,-9,9
43447,33,33,0,0
43448,128,121,7,7
43449,101,97,4,4
43450,75,78,-3,3
43451,138,127,11,11
43452,136,124,12,12
43453,63,86,-23,23
43454,80,68,12,12
43455,90,102,-12,12
43456,47,52,-5,5
43457,96,95,1,1
43458,62,65,-3,3
43459,98,93,5,5
43460,140,135,5,5
43461,84,77,7,7
43462,143,140,3,3
43463,84,87,-3,3
43464,151,149,2,2
43465,87,78,9,9
43466,107,110,-3,3
43467,118,108,10,10
43468,60,69,-9,9
43469,82,87,-5,5
43470,167,155,12,12
43471,110,99,11,11
43472,98,95,3,3
43473,83,85,-2,2
43474,76,77,-1,1
43475,93,102,-9,9
43476,102,100,2,2
43477,76,68,8,8
43478,76,83,-7,7
43479,115,110,5,5
43480,77,82,-5,5
43481,98,95,3,3
43482,149,137,12,12
43483,78,76,2,2
43484,119,111,8,8
43485,121,111,10,10
43486,46,78,-32,32
43487,67,77,-10,10
43488,129,116,13,13
43489,114,114,0,0
43490,73,76,-3,3
43491,118,113,5,5
43492,90,90,0,0
43493,165,156,9,9
43494,147,142,5,5
43495,52,51,1,1
43496,111,118,-7,7
43497,160,137,23,23
43498,88,94,-6,6
43499,105,100,5,5
43500,105,93,12,12
43501,90,93,-3,3
43502,120,121,-1,1
43503,89,74,15,15
43504,79,81,-2,2
43505,82,90,-8,8
43506,122,121,1,1
43507,96,94,2,2
43508,48,57,-9,9
43509,70,68,2,2
43510,65,77,-12,12
43511,78,81,-3,3
43512,133,123,10,10
43513,48,56,-8,8
43514,90,91,-1,1
43515,54,63,-9,9
43516,104,94,10,10
43517,91,83,8,8
43518,112,108,4,4
43519,63,71,-8,8
43520,113,106,7,7
43521,99,87,12,12
43522,100,97,3,3
43523,69,73,-4,4
43524,122,114,8,8
43525,84,87,-3,3
43526,119,105,14,14
43527,103,94,9,9
43528,91,106,-15,15
43529,55,64,-9,9
43530,64,69,-5,5
43531,87,85,2,2
43532,220,192,28,28
43533,85,84,1,1
43534,63,70,-7,7
43535,64,67,-3,3
43536,109,112,-3,3
43537,80,79,1,1
43538,91,89,2,2
43539,146,143,3,3
43540,125,119,6,6
43541,130,132,-2,2
43542,127,142,-15,15
43543,113,103,10,10
43544,125,120,5,5
43545,84,86,-2,2
43546,111,107,4,4
43547,138,123,15,15
43548,47,54,-7,7
43549,75,84,-9,9
43550,98,105,-7,7
43551,163,151,12,12
43552,140,123,17,17
43553,50,49,1,1
43554,77,77,0,0
43555,64,63,1,1
43556,76,75,1,1
43557,108,105,3,3
43558,53,53,0,0
43559,65,76,-11,11
43560,197,175,22,22
43561,182,165,17,17
43562,71,72,-1,1
43563,134,112,22,22
43564,126,112,14,14
43565,54,63,-9,9
43566,132,132,0,0
43567,86,82,4,4
43568,106,106,0,0
43569,53,61,-8,8
43570,87,89,-2,2
43571,80,83,-3,3
43572,150,149,1,1
43573,49,53,-4,4
43574,137,100,37,37
43575,51,59,-8,8
43576,90,83,7,7
43577,125,121,4,4
43578,110,110,0,0
43579,112,112,0,0
43580,51,59,-8,8
43581,105,93,12,12
43582,110,110,0,0
43583,93,96,-3,3
43584,169,156,13,13
43585,97,82,15,15
43586,97,82,15,15
43587,89,94,-5,5
43588,75,77,-2,2
43589,119,114,5,5
43590,93,97,-4,4
43591,53,56,-3,3
43592,121,102,19,19
43593,61,79,-18,18
43594,98,103,-5,5
43595,92,95,-3,3
43596,63,64,-1,1
43597,101,89,12,12
43598,180,160,20,20
43599,70,72,-2,2
43600,66,69,-3,3
43601,121,179,-58,58
43602,100,98,2,2
43603,151,141,10,10
43604,44,67,-23,23
43605,93,93,0,0
43606,79,76,3,3
43607,133,117,16,16
43608,51,55,-4,4
43609,111,112,-1,1
43610,83,86,-3,3
43611,93,98,-5,5
43612,78,71,7,7
43613,75,76,-1,1
43614,133,132,1,1
43615,128,112,16,16
43616,98,107,-9,9
43617,137,114,23,23
43618,79,84,-5,5
43619,90,86,4,4
43620,62,70,-8,8
43621,170,163,7,7
43622,123,118,5,5
43623,57,67,-10,10
43624,87,97,-10,10
43625,35,53,-18,18
43626,76,86,-10,10
43627,95,85,10,10
43628,63,65,-2,2
43629,74,74,0,0
43630,125,127,-2,2
43631,115,111,4,4
43632,63,67,-4,4
43633,141,134,7,7
43634,78,78,0,0
43635,71,74,-3,3
43636,90,89,1,1
43637,235,207,28,28
43638,118,105,13,13
43639,65,72,-7,7
43640,98,90,8,8
43641,97,104,-7,7
43642,48,62,-14,14
43643,110,109,1,1
43644,96,94,2,2
43645,119,113,6,6
43646,141,131,10,10
43647,80,82,-2,2
43648,88,106,-18,18
43649,93,92,1,1
43650,141,136,5,5
43651,59,80,-21,21
43652,98,96,2,2
43653,66,78,-12,12
43654,91,92,-1,1
43655,90,89,1,1
43656,111,107,4,4
43657,96,94,2,2
43658,103,95,8,8
43659,59,62,-3,3
43660,68,73,-5,5
43661,73,73,0,0
43662,60,67,-7,7
43663,75,90,-15,15
43664,65,71,-6,6
43665,91,93,-2,2
43666,53,66,-13,13
43667,97,98,-1,1
43668,66,65,1,1
43669,94,95,-1,1
43670,97,96,1,1
43671,81,80,1,1
43672,134,125,9,9
43673,96,100,-4,4
43674,115,113,2,2
43675,51,76,-25,25
43676,75,79,-4,4
43677,157,143,14,14
43678,86,88,-2,2
43679,147,148,-1,1
43680,85,84,1,1
43681,88,94,-6,6
43682,46,54,-8,8
43683,119,115,4,4
43684,109,98,11,11
43685,142,142,0,0
43686,95,97,-2,2
43687,93,100,-7,7
43688,79,79,0,0
43689,142,139,3,3
43690,83,86,-3,3
43691,93,90,3,3
43692,149,106,43,43
43693,114,100,14,14
43694,99,89,10,10
43695,125,126,-1,1
43696,116,98,18,18
43697,131,133,-2,2
43698,103,97,6,6
43699,79,75,4,4
43700,171,161,10,10
43701,69,77,-8,8
43702,78,89,-11,11
43703,67,81,-14,14
43704,82,82,0,0
43705,110,113,-3,3
43706,171,154,17,17
43707,46,50,-4,4
43708,60,64,-4,4
43709,179,156,23,23
43710,68,74,-6,6
43711,66,66,0,0
43712,67,69,-2,2
43713,87,102,-15,15
43714,61,66,-5,5
43715,61,68,-7,7
43716,122,123,-1,1
43717,96,96,0,0
43718,106,94,12,12
43719,54,59,-5,5
43720,76,80,-4,4
43721,111,113,-2,2
43722,44,51,-7,7
43723,163,153,10,10
43724,71,65,6,6
43725,74,75,-1,1
43726,97,98,-1,1
43727,134,123,11,11
43728,82,76,6,6
43729,79,97,-18,18
43730,138,119,19,19
43731,82,94,-12,12
43732,152,147,5,5
43733,111,107,4,4
43734,123,111,12,12
43735,77,72,5,5
43736,146,131,15,15
43737,82,81,1,1
43738,69,75,-6,6
43739,91,98,-7,7
43740,166,148,18,18
43741,53,58,-5,5
43742,71,71,0,0
43743,84,81,3,3
43744,68,74,-6,6
43745,94,101,-7,7
43746,101,127,-26,26
43747,106,102,4,4
43748,93,86,7,7
43749,69,73,-4,4
43750,136,121,15,15
43751,90,88,2,2
43752,87,78,9,9
43753,64,64,0,0
43754,62,102,-40,40
43755,77,84,-7,7
43756,47,68,-21,21
43757,122,120,2,2
43758,67,75,-8,8
43759,87,98,-11,11
43760,84,76,8,8
43761,68,73,-5,5
43762,60,68,-8,8
43763,75,77,-2,2
43764,90,85,5,5
43765,69,84,-15,15
43766,77,77,0,0
43767,82,79,3,3
43768,127,123,4,4
43769,58,65,-7,7
43770,151,142,9,9
43771,125,126,-1,1
43772,114,108,6,6
43773,106,110,-4,4
43774,85,89,-4,4
43775,92,91,1,1
43776,70,70,0,0
43777,124,122,2,2
43778,97,101,-4,4
43779,71,78,-7,7
43780,146,145,1,1
43781,93,93,0,0
43782,91,87,4,4
43783,63,66,-3,3
43784,60,64,-4,4
43785,84,98,-14,14
43786,192,181,11,11
43787,93,87,6,6
43788,133,119,14,14
43789,95,94,1,1
43790,65,65,0,0
43791,81,93,-12,12
43792,107,109,-2,2
43793,131,117,14,14
43794,130,129,1,1
43795,68,67,1,1
43796,77,80,-3,3
43797,112,115,-3,3
43798,67,77,-10,10
43799,91,91,0,0
43800,90,86,4,4
43801,125,121,4,4
43802,69,68,1,1
43803,106,103,3,3
43804,110,101,9,9
43805,65,67,-2,2
43806,87,87,0,0
43807,60,58,2,2
43808,91,87,4,4
43809,153,133,20,20
43810,95,92,3,3
43811,150,143,7,7
43812,61,70,-9,9
43813,169,171,-2,2
43814,76,77,-1,1
43815,93,92,1,1
43816,75,73,2,2
43817,76,85,-9,9
43818,85,100,-15,15
43819,63,74,-11,11
43820,86,91,-5,5
43821,111,102,9,9
43822,81,79,2,2
43823,225,162,63,63
43824,49,52,-3,3
43825,90,94,-4,4
43826,67,68,-1,1
43827,109,110,-1,1
43828,103,94,9,9
43829,73,71,2,2
43830,137,137,0,0
43831,93,98,-5,5
43832,68,71,-3,3
43833,82,96,-14,14
43834,66,75,-9,9
43835,110,94,16,16
43836,170,167,3,3
43837,104,100,4,4
43838,73,80,-7,7
43839,137,123,14,14
43840,55,58,-3,3
43841,52,63,-11,11
43842,95,87,8,8
43843,48,54,-6,6
43844,67,78,-11,11
43845,64,68,-4,4
43846,71,74,-3,3
43847,77,78,-1,1
43848,66,65,1,1
43849,78,80,-2,2
43850,71,76,-5,5
43851,117,115,2,2
43852,83,76,7,7
43853,43,52,-9,9
43854,100,91,9,9
43855,50,61,-11,11
43856,140,140,0,0
43857,86,101,-15,15
43858,63,66,-3,3
43859,91,92,-1,1
43860,113,106,7,7
43861,63,67,-4,4
43862,61,61,0,0
43863,78,86,-8,8
43864,34,54,-20,20
43865,90,100,-10,10
43866,47,47,0,0
43867,64,75,-11,11
43868,58,68,-10,10
43869,116,115,1,1
43870,117,111,6,6
43871,84,91,-7,7
43872,105,105,0,0
43873,86,87,-1,1
43874,68,71,-3,3
43875,131,135,-4,4
43876,77,81,-4,4
43877,76,72,4,4
43878,117,104,13,13
43879,97,91,6,6
43880,123,118,5,5
43881,98,100,-2,2
43882,71,73,-2,2
43883,127,117,10,10
43884,56,59,-3,3
43885,122,109,13,13
43886,49,62,-13,13
43887,60,68,-8,8
43888,115,105,10,10
43889,78,84,-6,6
43890,46,55,-9,9
43891,119,113,6,6
43892,129,143,-14,14
43893,66,67,-1,1
43894,142,137,5,5
43895,79,79,0,0
43896,71,80,-9,9
43897,144,136,8,8
43898,106,107,-1,1
43899,77,80,-3,3
43900,74,81,-7,7
43901,69,71,-2,2
43902,88,83,5,5
43903,59,62,-3,3
43904,123,117,6,6
43905,54,61,-7,7
43906,43,55,-12,12
43907,155,129,26,26
43908,68,72,-4,4
43909,131,128,3,3
43910,146,138,8,8
43911,102,86,16,16
43912,80,82,-2,2
43913,57,67,-10,10
43914,81,81,0,0
43915,104,113,-9,9
43916,39,45,-6,6
43917,78,83,-5,5
43918,112,107,5,5
43919,44,84,-40,40
43920,79,78,1,1
43921,132,126,6,6
43922,117,138,-21,21
43923,80,85,-5,5
43924,88,79,9,9
43925,61,65,-4,4
43926,57,52,5,5
43927,123,122,1,1
43928,60,68,-8,8
43929,113,105,8,8
43930,64,71,-7,7
43931,101,93,8,8
43932,143,141,2,2
43933,71,78,-7,7
43934,80,73,7,7
43935,70,68,2,2
43936,45,51,-6,6
43937,44,54,-10,10
43938,92,87,5,5
43939,67,74,-7,7
43940,63,59,4,4
43941,139,129,10,10
43942,127,114,13,13
43943,69,69,0,0
43944,136,126,10,10
43945,109,113,-4,4
43946,120,115,5,5
43947,63,67,-4,4
43948,50,59,-9,9
43949,97,91,6,6
43950,103,93,10,10
43951,89,86,3,3
43952,85,80,5,5
43953,173,159,14,14
43954,128,123,5,5
43955,171,164,7,7
43956,49,51,-2,2
43957,99,85,14,14
43958,129,131,-2,2
43959,85,88,-3,3
43960,102,98,4,4
43961,124,119,5,5
43962,122,106,16,16
43963,137,128,9,9
43964,89,95,-6,6
43965,51,54,-3,3
43966,81,98,-17,17
43967,88,80,8,8
43968,76,83,-7,7
43969,111,113,-2,2
43970,86,87,-1,1
43971,131,122,9,9
43972,23,29,-6,6
43973,109,106,3,3
43974,84,83,1,1
43975,101,101,0,0
43976,139,132,7,7
43977,58,72,-14,14
43978,71,75,-4,4
43979,95,82,13,13
43980,70,70,0,0
43981,65,73,-8,8
43982,95,92,3,3
43983,109,102,7,7
43984,57,63,-6,6
43985,103,101,2,2
43986,184,156,28,28
43987,80,79,1,1
43988,103,103,0,0
43989,94,119,-25,25
43990,62,65,-3,3
43991,110,92,18,18
43992,109,108,1,1
43993,47,56,-9,9
43994,107,109,-2,2
43995,184,157,27,27
43996,122,128,-6,6
43997,155,152,3,3
43998,66,74,-8,8
43999,63,65,-2,2
44000,104,117,-13,13
44001,100,90,10,10
44002,82,97,-15,15
44003,162,156,6,6
44004,122,122,0,0
44005,78,132,-54,54
44006,71,67,4,4
44007,131,112,19,19
44008,113,101,12,12
44009,84,89,-5,5
44010,65,67,-2,2
44011,81,85,-4,4
44012,93,82,11,11
44013,67,70,-3,3
44014,148,128,20,20
44015,72,79,-7,7
44016,106,98,8,8
44017,79,89,-10,10
44018,113,112,1,1
44019,66,66,0,0
44020,68,65,3,3
44021,63,64,-1,1
44022,81,97,-16,16
44023,117,111,6,6
44024,70,105,-35,35
44025,78,77,1,1
44026,165,165,0,0
44027,40,46,-6,6
44028,85,91,-6,6
44029,73,106,-33,33
44030,104,96,8,8
44031,129,114,15,15
44032,116,103,13,13
44033,115,106,9,9
44034,82,80,2,2
44035,84,89,-5,5
44036,82,87,-5,5
44037,29,65,-36,36
44038,64,77,-13,13
44039,66,61,5,5
44040,114,108,6,6
44041,146,131,15,15
44042,65,65,0,0
44043,42,49,-7,7
44044,157,156,1,1
44045,89,86,3,3
44046,116,131,-15,15
44047,54,60,-6,6
44048,77,77,0,0
44049,79,83,-4,4
44050,137,133,4,4
44051,67,68,-1,1
44052,105,113,-8,8
44053,149,113,36,36
44054,57,64,-7,7
44055,104,112,-8,8
44056,89,98,-9,9
44057,82,88,-6,6
44058,106,116,-10,10
44059,191,174,17,17
44060,87,84,3,3
44061,58,62,-4,4
44062,114,111,3,3
44063,114,116,-2,2
44064,118,107,11,11
44065,159,149,10,10
44066,58,60,-2,2
44067,95,94,1,1
44068,74,77,-3,3
44069,135,119,16,16
44070,134,131,3,3
44071,87,84,3,3
44072,130,114,16,16
44073,119,112,7,7
44074,142,135,7,7
44075,152,146,6,6
44076,105,101,4,4
44077,63,67,-4,4
44078,92,93,-1,1
44079,75,72,3,3
44080,96,94,2,2
44081,75,71,4,4
44082,56,58,-2,2
44083,72,71,1,1
44084,89,103,-14,14
44085,58,65,-7,7
44086,76,76,0,0
44087,90,102,-12,12
44088,73,82,-9,9
44089,78,80,-2,2
44090,110,115,-5,5
44091,174,147,27,27
44092,104,90,14,14
44093,94,97,-3,3
44094,165,147,18,18
44095,107,96,11,11
44096,78,78,0,0
44097,90,85,5,5
44098,124,114,10,10
44099,129,115,14,14
44100,66,68,-2,2
44101,73,80,-7,7
44102,139,138,1,1
44103,72,79,-7,7
44104,140,132,8,8
44105,93,99,-6,6
44106,135,123,12,12
44107,56,62,-6,6
44108,76,73,3,3
44109,102,99,3,3
44110,102,102,0,0
44111,130,120,10,10
44112,152,149,3,3
44113,76,76,0,0
44114,178,170,8,8
44115,85,78,7,7
44116,78,74,4,4
44117,97,111,-14,14
44118,113,114,-1,1
44119,81,89,-8,8
44120,65,76,-11,11
44121,42,53,-11,11
44122,72,84,-12,12
44123,115,110,5,5
44124,80,86,-6,6
44125,39,45,-6,6
44126,85,81,4,4
44127,101,95,6,6
44128,158,151,7,7
44129,91,95,-4,4
44130,68,71,-3,3
44131,112,116,-4,4
44132,161,156,5,5
44133,147,150,-3,3
44134,63,70,-7,7
44135,60,77,-17,17
44136,84,85,-1,1
44137,112,109,3,3
44138,129,115,14,14
44139,136,134,2,2
44140,130,121,9,9
44141,74,76,-2,2
44142,111,111,0,0
44143,118,116,2,2
44144,60,62,-2,2
44145,59,72,-13,13
44146,90,92,-2,2
44147,72,79,-7,7
44148,118,116,2,2
44149,63,66,-3,3
44150,91,91,0,0
44151,106,107,-1,1
44152,89,87,2,2
44153,111,109,2,2
44154,131,124,7,7
44155,85,96,-11,11
44156,97,99,-2,2
44157,41,47,-6,6
44158,104,103,1,1
44159,137,138,-1,1
44160,110,101,9,9
44161,50,79,-29,29
44162,143,127,16,16
44163,110,106,4,4
44164,79,83,-4,4
44165,79,81,-2,2
44166,71,79,-8,8
44167,116,115,1,1
44168,89,86,3,3
44169,85,88,-3,3
44170,62,71,-9,9
44171,105,93,12,12
44172,110,112,-2,2
44173,68,78,-10,10
44174,125,125,0,0
44175,120,113,7,7
44176,118,111,7,7
44177,63,64,-1,1
44178,42,52,-10,10
44179,49,57,-8,8
44180,96,93,3,3
44181,107,106,1,1
44182,108,112,-4,4
44183,94,92,2,2
44184,89,88,1,1
44185,117,113,4,4
44186,120,120,0,0
44187,71,74,-3,3
44188,71,76,-5,5
44189,58,65,-7,7
44190,90,99,-9,9
44191,118,105,13,13
44192,43,69,-26,26
44193,78,79,-1,1
44194,159,147,12,12
44195,99,107,-8,8
44196,92,96,-4,4
44197,148,131,17,17
44198,97,87,10,10
44199,84,91,-7,7
44200,45,52,-7,7
44201,63,70,-7,7
44202,117,110,7,7
44203,122,114,8,8
44204,115,104,11,11
44205,110,103,7,7
44206,114,105,9,9
44207,71,73,-2,2
44208,132,137,-5,5
44209,73,74,-1,1
44210,137,129,8,8
44211,79,68,11,11
44212,79,72,7,7
44213,106,102,4,4
44214,99,91,8,8
44215,77,98,-21,21
44216,127,126,1,1
44217,96,89,7,7
44218,66,67,-1,1
44219,63,67,-4,4
44220,95,97,-2,2
44221,97,92,5,5
44222,42,48,-6,6
44223,60,52,8,8
44224,59,68,-9,9
44225,66,68,-2,2
44226,140,99,41,41
44227,64,70,-6,6
44228,72,74,-2,2
44229,85,83,2,2
44230,119,98,21,21
44231,99,93,6,6
44232,133,123,10,10
44233,75,81,-6,6
44234,66,68,-2,2
44235,102,95,7,7
44236,63,72,-9,9
44237,133,121,12,12
44238,144,138,6,6
44239,141,122,19,19
44240,97,101,-4,4
44241,90,95,-5,5
44242,124,124,0,0
44243,123,126,-3,3
44244,191,162,29,29
44245,62,63,-1,1
44246,58,67,-9,9
44247,98,91,7,7
44248,113,110,3,3
44249,107,96,11,11
44250,106,104,2,2
44251,95,92,3,3
44252,144,136,8,8
44253,50,54,-4,4
44254,195,166,29,29
44255,122,98,24,24
44256,97,82,15,15
44257,71,62,9,9
44258,153,137,16,16
44259,67,73,-6,6
44260,51,59,-8,8
44261,65,72,-7,7
44262,78,78,0,0
44263,87,83,4,4
44264,72,79,-7,7
44265,81,82,-1,1
44266,149,140,9,9
44267,119,103,16,16
44268,102,91,11,11
44269,93,90,3,3
44270,116,115,1,1
44271,125,119,6,6
44272,138,130,8,8
44273,75,84,-9,9
44274,100,98,2,2
44275,107,96,11,11
44276,91,112,-21,21
44277,135,127,8,8
44278,47,59,-12,12
44279,95,87,8,8
44280,88,96,-8,8
44281,71,69,2,2
44282,110,121,-11,11
44283,108,106,2,2
44284,49,64,-15,15
44285,48,55,-7,7
44286,93,94,-1,1
44287,94,97,-3,3
44288,140,135,5,5
44289,68,67,1,1
44290,79,87,-8,8
44291,147,141,6,6
44292,107,96,11,11
44293,77,77,0,0
44294,87,88,-1,1
44295,183,170,13,13
44296,123,109,14,14
44297,143,132,11,11
44298,94,92,2,2
44299,96,89,7,7
44300,85,91,-6,6
44301,112,111,1,1
44302,82,84,-2,2
44303,103,100,3,3
44304,98,100,-2,2
44305,104,105,-1,1
44306,81,76,5,5
44307,57,63,-6,6
44308,113,123,-10,10
44309,80,80,0,0
44310,117,110,7,7
44311,68,67,1,1
44312,76,78,-2,2
44313,69,81,-12,12
44314,86,93,-7,7
44315,107,96,11,11
44316,63,61,2,2
44317,127,123,4,4
44318,87,87,0,0
44319,82,82,0,0
44320,92,88,4,4
44321,78,80,-2,2
44322,117,110,7,7
44323,93,100,-7,7
44324,116,113,3,3
44325,51,61,-10,10
44326,80,79,1,1
44327,126,127,-1,1
44328,48,67,-19,19
44329,183,172,11,11
44330,61,66,-5,5
44331,128,127,1,1
44332,95,86,9,9
44333,107,96,11,11
44334,87,93,-6,6
44335,136,132,4,4
44336,49,54,-5,5
44337,77,76,1,1
44338,114,107,7,7
44339,139,124,15,15
44340,90,92,-2,2
44341,164,167,-3,3
44342,124,130,-6,6
44343,115,114,1,1
44344,111,104,7,7
44345,144,139,5,5
44346,72,80,-8,8
44347,121,110,11,11
44348,131,116,15,15
44349,99,107,-8,8
44350,55,65,-10,10
44351,125,112,13,13
44352,43,50,-7,7
44353,75,72,3,3
44354,71,71,0,0
44355,62,67,-5,5
44356,86,85,1,1
44357,78,80,-2,2
44358,101,100,1,1
44359,81,82,-1,1
44360,144,127,17,17
44361,121,110,11,11
44362,84,83,1,1
44363,91,86,5,5
44364,108,121,-13,13
44365,84,85,-1,1
44366,96,88,8,8
44367,130,125,5,5
44368,53,56,-3,3
44369,111,118,-7,7
44370,65,61,4,4
44371,138,123,15,15
44372,39,46,-7,7
44373,54,65,-11,11
44374,48,51,-3,3
44375,62,65,-3,3
44376,110,107,3,3
44377,88,89,-1,1
44378,92,85,7,7
44379,124,117,7,7
44380,86,88,-2,2
44381,89,100,-11,11
44382,96,101,-5,5
44383,50,59,-9,9
44384,92,85,7,7
44385,70,76,-6,6
44386,101,100,1,1
44387,143,132,11,11
44388,128,135,-7,7
44389,83,86,-3,3
44390,59,64,-5,5
44391,131,118,13,13
44392,79,76,3,3
44393,66,66,0,0
44394,110,102,8,8
44395,99,95,4,4
44396,100,102,-2,2
44397,92,92,0,0
44398,115,104,11,11
44399,87,82,5,5
44400,105,96,9,9
44401,77,80,-3,3
44402,93,95,-2,2
44403,124,118,6,6
44404,71,79,-8,8
44405,68,70,-2,2
44406,107,113,-6,6
44407,130,126,4,4
44408,32,43,-11,11
44409,96,107,-11,11
44410,82,78,4,4
44411,73,72,1,1
44412,57,80,-23,23
44413,60,68,-8,8
44414,61,73,-12,12
44415,127,110,17,17
44416,67,66,1,1
44417,148,135,13,13
44418,111,107,4,4
44419,119,106,13,13
44420,86,81,5,5
44421,88,86,2,2
44422,68,69,-1,1
44423,65,72,-7,7
44424,64,73,-9,9
44425,158,127,31,31
44426,144,121,23,23
44427,91,91,0,0
44428,63,67,-4,4
44429,88,93,-5,5
44430,122,106,16,16
44431,51,56,-5,5
44432,124,128,-4,4
44433,118,101,17,17
44434,49,52,-3,3
44435,94,85,9,9
44436,69,68,1,1
44437,168,155,13,13
44438,79,84,-5,5
44439,70,76,-6,6
44440,199,188,11,11
44441,43,56,-13,13
44442,85,90,-5,5
44443,51,57,-6,6
44444,135,125,10,10
44445,57,77,-20,20
44446,191,185,6,6
44447,94,100,-6,6
44448,109,112,-3,3
44449,76,76,0,0
44450,175,166,9,9
44451,126,126,0,0
44452,143,129,14,14
44453,101,99,2,2
44454,50,80,-30,30
44455,84,88,-4,4
44456,94,91,3,3
44457,110,103,7,7
44458,170,141,29,29
44459,149,137,12,12
44460,94,95,-1,1
44461,102,102,0,0
44462,118,125,-7,7
44463,112,112,0,0
44464,108,107,1,1
44465,58,64,-6,6
44466,39,103,-64,64
44467,112,106,6,6
44468,107,117,-10,10
44469,61,65,-4,4
44470,99,96,3,3
44471,62,75,-13,13
44472,119,106,13,13
44473,105,95,10,10
44474,93,85,8,8
44475,109,104,5,5
44476,132,119,13,13
44477,83,104,-21,21
44478,46,53,-7,7
44479,170,153,17,17
44480,217,174,43,43
44481,119,114,5,5
44482,140,147,-7,7
44483,106,101,5,5
44484,100,96,4,4
44485,61,65,-4,4
44486,111,124,-13,13
44487,117,100,17,17
44488,68,79,-11,11
44489,94,93,1,1
44490,74,74,0,0
44491,109,113,-4,4
44492,98,112,-14,14
44493,103,96,7,7
44494,78,90,-12,12
44495,80,82,-2,2
44496,83,84,-1,1
44497,76,83,-7,7
44498,110,105,5,5
44499,152,140,12,12
44500,81,74,7,7
44501,133,129,4,4
44502,66,67,-1,1
44503,102,97,5,5
44504,102,101,1,1
44505,53,58,-5,5
44506,139,134,5,5
44507,133,123,10,10
44508,57,64,-7,7
44509,61,62,-1,1
44510,116,103,13,13
44511,97,94,3,3
44512,187,157,30,30
44513,62,64,-2,2
44514,102,101,1,1
44515,62,73,-11,11
44516,48,48,0,0
44517,108,111,-3,3
44518,68,67,1,1
44519,112,108,4,4
44520,154,142,12,12
44521,76,77,-1,1
44522,110,110,0,0
44523,89,93,-4,4
44524,128,121,7,7
44525,61,72,-11,11
44526,60,71,-11,11
44527,143,141,2,2
44528,107,107,0,0
44529,76,70,6,6
44530,79,81,-2,2
44531,65,66,-1,1
44532,104,104,0,0
44533,145,138,7,7
44534,86,78,8,8
44535,83,82,1,1
44536,88,100,-12,12
44537,178,161,17,17
44538,116,118,-2,2
44539,105,120,-15,15
44540,72,79,-7,7
44541,77,79,-2,2
44542,56,68,-12,12
44543,109,95,14,14
44544,45,52,-7,7
44545,106,99,7,7
44546,42,48,-6,6
44547,118,119,-1,1
44548,102,94,8,8
44549,47,75,-28,28
44550,70,74,-4,4
44551,103,101,2,2
44552,123,127,-4,4
44553,170,158,12,12
44554,124,125,-1,1
44555,98,102,-4,4
44556,57,70,-13,13
44557,122,125,-3,3
44558,59,61,-2,2
44559,107,103,4,4
44560,73,71,2,2
44561,65,68,-3,3
44562,53,54,-1,1
44563,152,140,12,12
44564,81,76,5,5
44565,87,83,4,4
44566,77,75,2,2
44567,129,132,-3,3
44568,165,155,10,10
44569,111,109,2,2
44570,108,112,-4,4
44571,67,74,-7,7
44572,78,77,1,1
44573,105,97,8,8
44574,72,71,1,1
44575,75,84,-9,9
44576,85,80,5,5
44577,57,61,-4,4
44578,115,125,-10,10
44579,74,74,0,0
44580,170,156,14,14
44581,90,95,-5,5
44582,85,88,-3,3
44583,65,73,-8,8
44584,45,51,-6,6
44585,160,137,23,23
44586,160,140,20,20
44587,99,104,-5,5
44588,62,74,-12,12
44589,121,121,0,0
44590,129,118,11,11
44591,98,100,-2,2
44592,104,97,7,7
44593,69,71,-2,2
44594,75,72,3,3
44595,95,90,5,5
44596,118,116,2,2
44597,94,132,-38,38
44598,100,102,-2,2
44599,129,115,14,14
44600,118,111,7,7
44601,57,151,-94,94
44602,68,70,-2,2
44603,123,119,4,4
44604,93,86,7,7
44605,53,66,-13,13
44606,92,89,3,3
44607,78,81,-3,3
44608,175,142,33,33
44609,115,125,-10,10
44610,70,76,-6,6
44611,161,136,25,25
44612,61,67,-6,6
44613,64,65,-1,1
44614,86,88,-2,2
44615,84,83,1,1
44616,152,143,9,9
44617,116,110,6,6
44618,53,62,-9,9
44619,57,64,-7,7
44620,68,77,-9,9
44621,178,163,15,15
44622,93,88,5,5
44623,120,110,10,10
44624,136,136,0,0
44625,39,47,-8,8
44626,102,95,7,7
44627,167,166,1,1
44628,65,67,-2,2
44629,50,65,-15,15
44630,80,79,1,1
44631,126,121,5,5
44632,67,70,-3,3
44633,59,71,-12,12
44634,116,110,6,6
44635,95,96,-1,1
44636,57,62,-5,5
44637,75,84,-9,9
44638,99,99,0,0
44639,94,92,2,2
44640,65,66,-1,1
44641,90,88,2,2
44642,126,116,10,10
44643,86,94,-8,8
44644,103,98,5,5
44645,92,103,-11,11
44646,120,114,6,6
44647,86,83,3,3
44648,19,33,-14,14
44649,138,127,11,11
44650,86,87,-1,1
44651,126,122,4,4
44652,103,97,6,6
44653,89,86,3,3
44654,71,74,-3,3
44655,63,64,-1,1
44656,76,80,-4,4
44657,154,142,12,12
44658,64,69,-5,5
44659,73,74,-1,1
44660,61,66,-5,5
44661,57,69,-12,12
44662,142,144,-2,2
44663,193,175,18,18
44664,58,76,-18,18
44665,89,99,-10,10
44666,88,88,0,0
44667,121,116,5,5
44668,110,105,5,5
44669,116,107,9,9
44670,100,95,5,5
44671,62,64,-2,2
44672,100,103,-3,3
44673,146,123,23,23
44674,33,42,-9,9
44675,105,106,-1,1
44676,93,91,2,2
44677,48,62,-14,14
44678,74,78,-4,4
44679,55,60,-5,5
44680,77,74,3,3
44681,83,81,2,2
44682,162,150,12,12
44683,59,62,-3,3
44684,196,178,18,18
44685,95,89,6,6
44686,64,65,-1,1
44687,107,109,-2,2
44688,163,149,14,14
44689,78,77,1,1
44690,66,79,-13,13
44691,62,76,-14,14
44692,109,98,11,11
44693,77,79,-2,2
44694,125,113,12,12
44695,103,98,5,5
44696,81,80,1,1
44697,50,57,-7,7
44698,116,127,-11,11
44699,70,84,-14,14
44700,68,66,2,2
44701,96,89,7,7
44702,155,132,23,23
44703,128,130,-2,2
44704,75,78,-3,3
44705,116,108,8,8
44706,88,88,0,0
44707,100,91,9,9
44708,73,77,-4,4
44709,140,142,-2,2
44710,106,103,3,3
44711,87,90,-3,3
44712,78,89,-11,11
44713,92,88,4,4
44714,109,100,9,9
44715,69,76,-7,7
44716,174,158,16,16
44717,60,63,-3,3
44718,61,63,-2,2
44719,59,66,-7,7
44720,124,118,6,6
44721,85,85,0,0
44722,136,106,30,30
44723,118,117,1,1
44724,81,84,-3,3
44725,80,81,-1,1
44726,69,68,1,1
44727,60,68,-8,8
44728,63,69,-6,6
44729,46,47,-1,1
44730,61,65,-4,4
44731,65,78,-13,13
44732,104,106,-2,2
44733,144,131,13,13
44734,73,91,-18,18
44735,77,79,-2,2
44736,96,94,2,2
44737,71,83,-12,12
44738,74,79,-5,5
44739,60,66,-6,6
44740,80,83,-3,3
44741,74,81,-7,7
44742,168,147,21,21
44743,145,132,13,13
44744,86,93,-7,7
44745,137,133,4,4
44746,121,112,9,9
44747,91,82,9,9
44748,68,71,-3,3
44749,78,74,4,4
44750,84,89,-5,5
44751,150,137,13,13
44752,103,93,10,10
44753,79,81,-2,2
44754,63,72,-9,9
44755,70,71,-1,1
44756,229,204,25,25
44757,130,138,-8,8
44758,81,87,-6,6
44759,112,102,10,10
44760,134,113,21,21
44761,82,84,-2,2
44762,152,193,-41,41
44763,90,95,-5,5
44764,105,109,-4,4
44765,138,133,5,5
44766,95,95,0,0
44767,86,81,5,5
44768,91,84,7,7
44769,58,77,-19,19
44770,130,115,15,15
44771,154,138,16,16
44772,69,77,-8,8
44773,158,132,26,26
44774,136,130,6,6
44775,56,65,-9,9
44776,86,84,2,2
44777,49,57,-8,8
44778,138,128,10,10
44779,100,97,3,3
44780,146,140,6,6
44781,56,58,-2,2
44782,79,81,-2,2
44783,53,54,-1,1
44784,59,61,-2,2
44785,64,65,-1,1
44786,108,99,9,9
44787,66,69,-3,3
44788,117,112,5,5
44789,60,62,-2,2
44790,51,56,-5,5
44791,104,97,7,7
44792,92,104,-12,12
44793,87,79,8,8
44794,84,100,-16,16
44795,155,145,10,10
44796,100,100,0,0
44797,43,49,-6,6
44798,72,64,8,8
44799,124,131,-7,7
44800,116,133,-17,17
44801,159,140,19,19
44802,91,101,-10,10
44803,71,68,3,3
44804,158,147,11,11
44805,71,74,-3,3
44806,102,94,8,8
44807,117,110,7,7
44808,94,96,-2,2
44809,79,89,-10,10
44810,51,57,-6,6
44811,63,65,-2,2
44812,55,61,-6,6
44813,152,125,27,27
44814,78,66,12,12
44815,54,59,-5,5
44816,80,79,1,1
44817,59,63,-4,4
44818,84,85,-1,1
44819,110,103,7,7
44820,124,110,14,14
44821,92,83,9,9
44822,126,122,4,4
44823,130,116,14,14
44824,89,90,-1,1
44825,109,106,3,3
44826,87,94,-7,7
44827,75,69,6,6
44828,225,201,24,24
44829,182,171,11,11
44830,82,84,-2,2
44831,54,65,-11,11
44832,187,161,26,26
44833,128,130,-2,2
44834,87,78,9,9
44835,92,83,9,9
44836,58,71,-13,13
44837,63,64,-1,1
44838,100,91,9,9
44839,102,109,-7,7
44840,46,57,-11,11
44841,89,97,-8,8
44842,61,61,0,0
44843,134,133,1,1
44844,69,72,-3,3
44845,118,111,7,7
44846,153,144,9,9
44847,115,107,8,8
44848,88,84,4,4
44849,91,91,0,0
44850,51,63,-12,12
44851,68,81,-13,13
44852,155,143,12,12
44853,52,58,-6,6
44854,71,75,-4,4
44855,100,95,5,5
44856,81,78,3,3
44857,168,151,17,17
44858,80,77,3,3
44859,83,80,3,3
44860,90,96,-6,6
44861,99,96,3,3
44862,45,48,-3,3
44863,110,104,6,6
44864,118,100,18,18
44865,98,95,3,3
44866,162,147,15,15
44867,54,57,-3,3
44868,80,84,-4,4
44869,91,83,8,8
44870,81,73,8,8
44871,89,86,3,3
44872,58,61,-3,3
44873,194,189,5,5
44874,78,81,-3,3
44875,63,63,0,0
44876,61,63,-2,2
44877,98,96,2,2
44878,95,94,1,1
44879,97,88,9,9
44880,96,107,-11,11
44881,89,84,5,5
44882,154,142,12,12
44883,51,55,-4,4
44884,117,98,19,19
44885,42,56,-14,14
44886,92,89,3,3
44887,91,93,-2,2
44888,162,160,2,2
44889,75,78,-3,3
44890,104,106,-2,2
44891,117,117,0,0
44892,74,84,-10,10
44893,52,59,-7,7
44894,77,77,0,0
44895,83,78,5,5
44896,71,75,-4,4
44897,57,60,-3,3
44898,62,66,-4,4
44899,114,106,8,8
44900,58,69,-11,11
44901,120,116,4,4
44902,74,76,-2,2
44903,95,84,11,11
44904,63,72,-9,9
44905,84,94,-10,10
44906,57,68,-11,11
44907,70,76,-6,6
44908,71,82,-11,11
44909,71,64,7,7
44910,140,123,17,17
44911,116,118,-2,2
44912,62,70,-8,8
44913,96,105,-9,9
44914,73,76,-3,3
44915,79,78,1,1
44916,97,87,10,10
44917,80,73,7,7
44918,76,78,-2,2
44919,67,69,-2,2
44920,176,163,13,13
44921,71,85,-14,14
44922,89,89,0,0
44923,75,75,0,0
44924,142,130,12,12
44925,96,97,-1,1
44926,70,76,-6,6
44927,134,125,9,9
44928,123,119,4,4
44929,71,82,-11,11
44930,45,59,-14,14
44931,102,99,3,3
44932,130,128,2,2
44933,134,130,4,4
44934,71,80,-9,9
44935,111,120,-9,9
44936,134,116,18,18
44937,131,111,20,20
44938,136,156,-20,20
44939,116,110,6,6
44940,156,145,11,11
44941,139,119,20,20
44942,102,100,2,2
44943,69,77,-8,8
44944,81,78,3,3
44945,109,110,-1,1
44946,94,92,2,2
44947,77,73,4,4
44948,173,168,5,5
44949,70,76,-6,6
44950,77,84,-7,7
44951,95,90,5,5
44952,96,92,4,4
44953,90,91,-1,1
44954,47,67,-20,20
44955,116,121,-5,5
44956,84,75,9,9
44957,62,72,-10,10
44958,128,136,-8,8
44959,83,82,1,1
44960,90,95,-5,5
44961,86,88,-2,2
44962,113,106,7,7
44963,153,131,22,22
44964,90,89,1,1
44965,96,98,-2,2
44966,76,84,-8,8
44967,73,77,-4,4
44968,98,96,2,2
44969,23,47,-24,24
44970,57,64,-7,7
44971,65,85,-20,20
44972,107,106,1,1
44973,140,137,3,3
44974,112,100,12,12
44975,149,154,-5,5
44976,100,82,18,18
44977,100,96,4,4
44978,64,63,1,1
44979,89,84,5,5
44980,154,143,11,11
44981,53,58,-5,5
44982,45,49,-4,4
44983,61,68,-7,7
44984,108,104,4,4
44985,88,78,10,10
44986,109,107,2,2
44987,143,120,23,23
44988,91,102,-11,11
44989,102,101,1,1
44990,61,77,-16,16
44991,85,87,-2,2
44992,121,103,18,18
44993,65,65,0,0
44994,56,59,-3,3
44995,103,98,5,5
44996,111,97,14,14
44997,102,97,5,5
44998,99,88,11,11
44999,97,113,-16,16
45000,79,79,0,0
45001,139,130,9,9
45002,107,92,15,15
45003,166,164,2,2
45004,51,57,-6,6
45005,75,70,5,5
45006,113,106,7,7
45007,69,77,-8,8
45008,129,124,5,5
45009,197,182,15,15
45010,104,103,1,1
45011,99,100,-1,1
45012,86,77,9,9
45013,95,85,10,10
45014,138,124,14,14
45015,78,78,0,0
45016,47,86,-39,39
45017,56,62,-6,6
45018,62,68,-6,6
45019,64,71,-7,7
45020,105,88,17,17
45021,104,96,8,8
45022,140,129,11,11
45023,84,102,-18,18
45024,126,129,-3,3
45025,82,81,1,1
45026,75,77,-2,2
45027,92,96,-4,4
45028,77,79,-2,2
45029,100,97,3,3
45030,140,139,1,1
45031,67,62,5,5
45032,117,120,-3,3
45033,54,63,-9,9
45034,81,82,-1,1
45035,130,127,3,3
45036,100,95,5,5
45037,86,83,3,3
45038,57,67,-10,10
45039,115,106,9,9
45040,147,144,3,3
45041,86,85,1,1
45042,39,50,-11,11
45043,79,79,0,0
45044,89,95,-6,6
45045,70,68,2,2
45046,73,80,-7,7
45047,113,104,9,9
45048,99,101,-2,2
45049,78,78,0,0
45050,132,127,5,5
45051,79,86,-7,7
45052,143,133,10,10
45053,57,64,-7,7
45054,49,54,-5,5
45055,85,88,-3,3
45056,49,81,-32,32
45057,96,88,8,8
45058,87,88,-1,1
45059,151,118,33,33
45060,147,142,5,5
45061,94,96,-2,2
45062,91,89,2,2
45063,56,60,-4,4
45064,123,129,-6,6
45065,188,163,25,25
45066,55,54,1,1
45067,117,105,12,12
45068,106,101,5,5
45069,109,116,-7,7
45070,61,61,0,0
45071,46,59,-13,13
45072,62,64,-2,2
45073,102,97,5,5
45074,62,64,-2,2
45075,85,86,-1,1
45076,89,90,-1,1
45077,96,96,0,0
45078,132,125,7,7
45079,94,93,1,1
45080,118,105,13,13
45081,73,74,-1,1
45082,69,73,-4,4
45083,57,66,-9,9
45084,86,87,-1,1
45085,130,115,15,15
45086,144,133,11,11
45087,67,70,-3,3
45088,64,95,-31,31
45089,85,80,5,5
45090,104,109,-5,5
45091,109,100,9,9
45092,110,106,4,4
45093,129,114,15,15
45094,97,93,4,4
45095,85,83,2,2
45096,104,97,7,7
45097,77,84,-7,7
45098,81,88,-7,7
45099,97,93,4,4
45100,130,140,-10,10
45101,67,70,-3,3
45102,55,62,-7,7
45103,92,85,7,7
45104,83,88,-5,5
45105,135,139,-4,4
45106,69,66,3,3
45107,109,108,1,1
45108,98,89,9,9
45109,95,91,4,4
45110,121,126,-5,5
45111,80,74,6,6
45112,79,81,-2,2
45113,123,123,0,0
45114,117,108,9,9
45115,59,66,-7,7
45116,89,91,-2,2
45117,82,83,-1,1
45118,117,104,13,13
45119,69,75,-6,6
45120,123,105,18,18
45121,57,69,-12,12
45122,87,78,9,9
45123,105,103,2,2
45124,108,105,3,3
45125,76,76,0,0
45126,74,100,-26,26
45127,84,75,9,9
45128,96,97,-1,1
45129,78,79,-1,1
45130,76,85,-9,9
45131,88,94,-6,6
45132,89,91,-2,2
45133,90,95,-5,5
45134,60,64,-4,4
45135,53,62,-9,9
45136,67,71,-4,4
45137,89,91,-2,2
45138,149,121,28,28
45139,95,96,-1,1
45140,109,109,0,0
45141,169,166,3,3
45142,78,75,3,3
45143,122,116,6,6
45144,48,69,-21,21
45145,108,115,-7,7
45146,90,91,-1,1
45147,147,128,19,19
45148,69,72,-3,3
45149,112,100,12,12
45150,158,149,9,9
45151,123,130,-7,7
45152,42,51,-9,9
45153,135,120,15,15
45154,148,135,13,13
45155,109,105,4,4
45156,73,71,2,2
45157,88,87,1,1
45158,90,83,7,7
45159,55,62,-7,7
45160,83,89,-6,6
45161,54,52,2,2
45162,85,89,-4,4
45163,75,74,1,1
45164,121,118,3,3
45165,65,66,-1,1
45166,77,73,4,4
45167,102,96,6,6
45168,104,108,-4,4
45169,67,65,2,2
45170,134,116,18,18
45171,107,98,9,9
45172,87,90,-3,3
45173,168,155,13,13
45174,145,141,4,4
45175,127,125,2,2
45176,168,149,19,19
45177,113,105,8,8
45178,64,75,-11,11
45179,64,70,-6,6
45180,83,88,-5,5
45181,83,85,-2,2
45182,125,117,8,8
45183,61,61,0,0
45184,40,47,-7,7
45185,57,59,-2,2
45186,153,142,11,11
45187,101,104,-3,3
45188,83,84,-1,1
45189,89,97,-8,8
45190,111,107,4,4
45191,77,78,-1,1
45192,127,116,11,11
45193,128,117,11,11
45194,146,129,17,17
45195,49,60,-11,11
45196,49,64,-15,15
45197,57,69,-12,12
45198,89,87,2,2
45199,88,100,-12,12
45200,153,151,2,2
45201,71,76,-5,5
45202,135,136,-1,1
45203,109,97,12,12
45204,73,73,0,0
45205,185,168,17,17
45206,69,71,-2,2
45207,109,109,0,0
45208,74,80,-6,6
45209,181,148,33,33
45210,96,98,-2,2
45211,93,105,-12,12
45212,60,62,-2,2
45213,104,104,0,0
45214,67,59,8,8
45215,89,96,-7,7
45216,128,115,13,13
45217,100,96,4,4
45218,96,95,1,1
45219,90,83,7,7
45220,68,68,0,0
45221,126,113,13,13
45222,54,64,-10,10
45223,106,106,0,0
45224,63,67,-4,4
45225,113,96,17,17
45226,45,58,-13,13
45227,98,91,7,7
45228,156,141,15,15
45229,52,61,-9,9
45230,134,119,15,15
45231,74,78,-4,4
45232,102,100,2,2
45233,100,96,4,4
45234,62,69,-7,7
45235,82,78,4,4
45236,105,92,13,13
45237,69,74,-5,5
45238,124,131,-7,7
45239,118,111,7,7
45240,82,84,-2,2
45241,63,71,-8,8
45242,70,70,0,0
45243,68,71,-3,3
45244,121,108,13,13
45245,73,74,-1,1
45246,51,60,-9,9
45247,81,78,3,3
45248,146,133,13,13
45249,88,88,0,0
45250,101,98,3,3
45251,126,129,-3,3
45252,119,117,2,2
45253,113,116,-3,3
45254,172,147,25,25
45255,81,78,3,3
45256,90,90,0,0
45257,110,102,8,8
45258,134,132,2,2
45259,37,54,-17,17
45260,62,66,-4,4
45261,65,68,-3,3
45262,52,58,-6,6
45263,76,82,-6,6
45264,116,110,6,6
45265,98,118,-20,20
45266,61,65,-4,4
45267,84,86,-2,2
45268,153,140,13,13
45269,72,68,4,4
45270,77,77,0,0
45271,86,89,-3,3
45272,99,103,-4,4
45273,124,114,10,10
45274,66,80,-14,14
45275,76,76,0,0
45276,67,58,9,9
45277,133,116,17,17
45278,91,91,0,0
45279,71,80,-9,9
45280,207,191,16,16
45281,65,70,-5,5
45282,97,98,-1,1
45283,131,130,1,1
45284,120,107,13,13
45285,59,65,-6,6
45286,124,115,9,9
45287,74,75,-1,1
45288,101,98,3,3
45289,85,86,-1,1
45290,85,86,-1,1
45291,137,125,12,12
45292,76,74,2,2
45293,136,134,2,2
45294,139,131,8,8
45295,49,59,-10,10
45296,136,129,7,7
45297,75,70,5,5
45298,109,104,5,5
45299,53,60,-7,7
45300,110,107,3,3
45301,59,67,-8,8
45302,119,113,6,6
45303,86,83,3,3
45304,139,128,11,11
45305,132,122,10,10
45306,191,173,18,18
45307,87,80,7,7
45308,90,88,2,2
45309,122,117,5,5
45310,73,68,5,5
45311,122,107,15,15
45312,93,95,-2,2
45313,46,60,-14,14
45314,84,90,-6,6
45315,103,92,11,11
45316,39,45,-6,6
45317,96,103,-7,7
45318,72,74,-2,2
45319,146,131,15,15
45320,80,93,-13,13
45321,68,74,-6,6
45322,49,57,-8,8
45323,110,102,8,8
45324,117,116,1,1
45325,121,107,14,14
45326,55,69,-14,14
45327,149,153,-4,4
45328,78,77,1,1
45329,60,71,-11,11
45330,161,154,7,7
45331,95,101,-6,6
45332,75,67,8,8
45333,92,95,-3,3
45334,112,122,-10,10
45335,67,74,-7,7
45336,91,89,2,2
45337,109,99,10,10
45338,177,161,16,16
45339,105,109,-4,4
45340,82,79,3,3
45341,89,79,10,10
45342,109,104,5,5
45343,67,77,-10,10
45344,117,113,4,4
45345,96,96,0,0
45346,49,62,-13,13
45347,110,100,10,10
45348,57,58,-1,1
45349,118,94,24,24
45350,120,113,7,7
45351,77,83,-6,6
45352,107,95,12,12
45353,60,73,-13,13
45354,70,65,5,5
45355,115,111,4,4
45356,70,76,-6,6
45357,70,67,3,3
45358,96,107,-11,11
45359,72,81,-9,9
45360,72,71,1,1
45361,67,75,-8,8
45362,170,151,19,19
45363,57,61,-4,4
45364,67,67,0,0
45365,85,88,-3,3
45366,95,105,-10,10
45367,119,136,-17,17
45368,84,79,5,5
45369,65,86,-21,21
45370,225,206,19,19
45371,97,97,0,0
45372,81,82,-1,1
45373,104,102,2,2
45374,23,29,-6,6
45375,75,76,-1,1
45376,115,110,5,5
45377,111,98,13,13
45378,60,60,0,0
45379,72,77,-5,5
45380,100,100,0,0
45381,85,81,4,4
45382,60,65,-5,5
45383,55,69,-14,14
45384,120,121,-1,1
45385,121,123,-2,2
45386,79,77,2,2
45387,89,88,1,1
45388,127,116,11,11
45389,86,84,2,2
45390,58,61,-3,3
45391,99,89,10,10
45392,126,127,-1,1
45393,53,59,-6,6
45394,55,63,-8,8
45395,107,108,-1,1
45396,67,67,0,0
45397,83,92,-9,9
45398,81,86,-5,5
45399,92,89,3,3
45400,109,102,7,7
45401,148,146,2,2
45402,115,117,-2,2
45403,124,112,12,12
45404,103,103,0,0
45405,122,122,0,0
45406,104,102,2,2
45407,58,50,8,8
45408,68,71,-3,3
45409,83,89,-6,6
45410,51,69,-18,18
45411,84,84,0,0
45412,129,134,-5,5
45413,64,71,-7,7
45414,150,140,10,10
45415,48,54,-6,6
45416,67,61,6,6
45417,72,74,-2,2
45418,101,96,5,5
45419,68,67,1,1
45420,135,117,18,18
45421,98,96,2,2
45422,73,75,-2,2
45423,93,99,-6,6
45424,161,154,7,7
45425,58,64,-6,6
45426,125,125,0,0
45427,91,95,-4,4
45428,82,80,2,2
45429,82,87,-5,5
45430,89,104,-15,15
45431,45,47,-2,2
45432,56,89,-33,33
45433,152,167,-15,15
45434,110,101,9,9
45435,81,78,3,3
45436,43,55,-12,12
45437,154,155,-1,1
45438,82,75,7,7
45439,104,110,-6,6
45440,78,86,-8,8
45441,130,117,13,13
45442,66,78,-12,12
45443,86,90,-4,4
45444,98,102,-4,4
45445,106,105,1,1
45446,78,85,-7,7
45447,89,82,7,7
45448,84,87,-3,3
45449,111,100,11,11
45450,73,74,-1,1
45451,115,133,-18,18
45452,174,157,17,17
45453,87,76,11,11
45454,102,100,2,2
45455,77,73,4,4
45456,37,43,-6,6
45457,131,124,7,7
45458,104,100,4,4
45459,109,140,-31,31
45460,89,85,4,4
45461,108,104,4,4
45462,158,144,14,14
45463,69,70,-1,1
45464,89,82,7,7
45465,42,48,-6,6
45466,97,85,12,12
45467,70,78,-8,8
45468,116,110,6,6
45469,138,146,-8,8
45470,110,108,2,2
45471,105,96,9,9
45472,51,63,-12,12
45473,94,98,-4,4
45474,75,75,0,0
45475,129,132,-3,3
45476,88,84,4,4
45477,100,91,9,9
45478,79,80,-1,1
45479,176,162,14,14
45480,86,84,2,2
45481,88,96,-8,8
45482,105,113,-8,8
45483,140,129,11,11
45484,72,71,1,1
45485,111,95,16,16
45486,105,95,10,10
45487,191,171,20,20
45488,120,114,6,6
45489,99,103,-4,4
45490,45,58,-13,13
45491,94,91,3,3
45492,80,88,-8,8
45493,85,85,0,0
45494,74,70,4,4
45495,78,80,-2,2
45496,131,120,11,11
45497,95,93,2,2
45498,59,64,-5,5
45499,72,65,7,7
45500,108,108,0,0
45501,71,77,-6,6
45502,74,73,1,1
45503,134,132,2,2
45504,101,102,-1,1
45505,68,69,-1,1
45506,127,121,6,6
45507,195,160,35,35
45508,73,75,-2,2
45509,77,79,-2,2
45510,79,74,5,5
45511,59,58,1,1
45512,115,100,15,15
45513,79,80,-1,1
45514,91,92,-1,1
45515,82,83,-1,1
45516,72,73,-1,1
45517,63,74,-11,11
45518,89,91,-2,2
45519,69,77,-8,8
45520,62,94,-32,32
45521,45,57,-12,12
45522,87,93,-6,6
45523,75,83,-8,8
45524,105,102,3,3
45525,93,98,-5,5
45526,104,103,1,1
45527,86,90,-4,4
45528,159,153,6,6
45529,93,85,8,8
45530,112,109,3,3
45531,120,110,10,10
45532,62,61,1,1
45533,108,105,3,3
45534,124,123,1,1
45535,167,146,21,21
45536,163,156,7,7
45537,113,107,6,6
45538,98,90,8,8
45539,64,76,-12,12
45540,120,111,9,9
45541,52,56,-4,4
45542,42,50,-8,8
45543,131,140,-9,9
45544,95,84,11,11
45545,85,87,-2,2
45546,71,70,1,1
45547,116,105,11,11
45548,91,80,11,11
45549,94,92,2,2
45550,52,61,-9,9
45551,84,101,-17,17
45552,61,64,-3,3
45553,101,102,-1,1
45554,97,96,1,1
45555,96,101,-5,5
45556,141,145,-4,4
45557,124,112,12,12
45558,72,75,-3,3
45559,79,127,-48,48
45560,155,153,2,2
45561,112,117,-5,5
45562,63,65,-2,2
45563,73,77,-4,4
45564,67,75,-8,8
45565,61,64,-3,3
45566,114,108,6,6
45567,33,37,-4,4
45568,64,69,-5,5
45569,79,77,2,2
45570,149,155,-6,6
45571,97,95,2,2
45572,84,82,2,2
45573,134,136,-2,2
45574,85,94,-9,9
45575,123,108,15,15
45576,97,91,6,6
45577,69,71,-2,2
45578,116,105,11,11
45579,92,84,8,8
45580,125,121,4,4
45581,103,94,9,9
45582,99,89,10,10
45583,154,155,-1,1
45584,102,100,2,2
45585,53,61,-8,8
45586,104,105,-1,1
45587,218,178,40,40
45588,57,61,-4,4
45589,154,156,-2,2
45590,141,142,-1,1
45591,113,117,-4,4
45592,69,74,-5,5
45593,87,99,-12,12
45594,126,120,6,6
45595,99,102,-3,3
45596,85,91,-6,6
45597,78,89,-11,11
45598,85,75,10,10
45599,77,76,1,1
45600,97,93,4,4
45601,67,78,-11,11
45602,114,107,7,7
45603,130,136,-6,6
45604,127,114,13,13
45605,66,67,-1,1
45606,74,79,-5,5
45607,117,114,3,3
45608,57,61,-4,4
45609,169,155,14,14
45610,79,81,-2,2
45611,122,130,-8,8
45612,117,114,3,3
45613,82,84,-2,2
45614,119,112,7,7
45615,105,101,4,4
45616,121,109,12,12
45617,107,106,1,1
45618,63,69,-6,6
45619,76,81,-5,5
45620,141,114,27,27
45621,76,76,0,0
45622,189,149,40,40
45623,78,77,1,1
45624,105,116,-11,11
45625,69,75,-6,6
45626,95,102,-7,7
45627,55,65,-10,10
45628,85,76,9,9
45629,62,70,-8,8
45630,72,74,-2,2
45631,91,90,1,1
45632,78,90,-12,12
45633,69,68,1,1
45634,58,61,-3,3
45635,104,96,8,8
45636,90,92,-2,2
45637,45,61,-16,16
45638,109,96,13,13
45639,174,169,5,5
45640,102,111,-9,9
45641,72,78,-6,6
45642,93,92,1,1
45643,88,113,-25,25
45644,147,131,16,16
45645,116,109,7,7
45646,71,92,-21,21
45647,59,66,-7,7
45648,110,104,6,6
45649,112,106,6,6
45650,67,64,3,3
45651,63,72,-9,9
45652,99,85,14,14
45653,71,72,-1,1
45654,61,70,-9,9
45655,145,172,-27,27
45656,59,66,-7,7
45657,91,96,-5,5
45658,97,98,-1,1
45659,67,71,-4,4
45660,75,72,3,3
45661,107,92,15,15
45662,47,68,-21,21
45663,111,106,5,5
45664,122,109,13,13
45665,145,133,12,12
45666,133,113,20,20
45667,90,86,4,4
45668,153,143,10,10
45669,83,75,8,8
45670,44,60,-16,16
45671,64,69,-5,5
45672,74,79,-5,5
45673,98,99,-1,1
45674,117,77,40,40
45675,83,88,-5,5
45676,52,62,-10,10
45677,74,76,-2,2
45678,128,120,8,8
45679,75,76,-1,1
45680,71,72,-1,1
45681,72,73,-1,1
45682,80,79,1,1
45683,98,95,3,3
45684,138,132,6,6
45685,161,149,12,12
45686,152,148,4,4
45687,117,108,9,9
45688,96,100,-4,4
45689,76,78,-2,2
45690,150,145,5,5
45691,71,79,-8,8
45692,127,128,-1,1
45693,93,96,-3,3
45694,116,113,3,3
45695,128,118,10,10
45696,47,53,-6,6
45697,53,60,-7,7
45698,173,160,13,13
45699,84,99,-15,15
45700,74,73,1,1
45701,40,49,-9,9
45702,125,102,23,23
45703,100,106,-6,6
45704,62,67,-5,5
45705,120,107,13,13
45706,163,134,29,29
45707,111,106,5,5
45708,62,73,-11,11
45709,104,106,-2,2
45710,96,91,5,5
45711,71,69,2,2
45712,94,99,-5,5
45713,109,107,2,2
45714,46,53,-7,7
45715,94,91,3,3
45716,52,56,-4,4
45717,88,83,5,5
45718,68,76,-8,8
45719,193,187,6,6
45720,137,124,13,13
45721,109,106,3,3
45722,97,99,-2,2
45723,114,105,9,9
45724,90,89,1,1
45725,57,64,-7,7
45726,119,108,11,11
45727,157,147,10,10
45728,86,84,2,2
45729,108,107,1,1
45730,82,85,-3,3
45731,111,103,8,8
45732,110,108,2,2
45733,108,95,13,13
45734,92,85,7,7
45735,38,42,-4,4
45736,92,93,-1,1
45737,92,90,2,2
45738,68,66,2,2
45739,74,82,-8,8
45740,83,87,-4,4
45741,106,90,16,16
45742,86,89,-3,3
45743,78,74,4,4
45744,155,155,0,0
45745,116,112,4,4
45746,129,94,35,35
45747,99,96,3,3
45748,114,103,11,11
45749,103,96,7,7
45750,82,74,8,8
45751,50,53,-3,3
45752,86,85,1,1
45753,82,81,1,1
45754,82,92,-10,10
45755,50,62,-12,12
45756,88,76,12,12
45757,86,83,3,3
45758,103,99,4,4
45759,60,60,0,0
45760,68,69,-1,1
45761,86,75,11,11
45762,85,81,4,4
45763,80,76,4,4
45764,58,70,-12,12
45765,63,79,-16,16
45766,117,110,7,7
45767,97,104,-7,7
45768,59,65,-6,6
45769,66,71,-5,5
45770,121,115,6,6
45771,77,73,4,4
45772,47,53,-6,6
45773,61,70,-9,9
45774,128,118,10,10
45775,225,201,24,24
45776,145,129,16,16
45777,125,125,0,0
45778,40,49,-9,9
45779,94,86,8,8
45780,103,98,5,5
45781,137,126,11,11
45782,151,140,11,11
45783,98,99,-1,1
45784,115,108,7,7
45785,77,74,3,3
45786,75,95,-20,20
45787,75,85,-10,10
45788,117,109,8,8
45789,133,130,3,3
45790,89,97,-8,8
45791,92,95,-3,3
45792,66,69,-3,3
45793,26,36,-10,10
45794,135,122,13,13
45795,82,88,-6,6
45796,44,53,-9,9
45797,79,69,10,10
45798,135,140,-5,5
45799,122,128,-6,6
45800,177,165,12,12
45801,93,87,6,6
45802,54,55,-1,1
45803,104,113,-9,9
45804,69,68,1,1
45805,64,70,-6,6
45806,113,117,-4,4
45807,69,69,0,0
45808,127,127,0,0
45809,115,111,4,4
45810,75,76,-1,1
45811,81,78,3,3
45812,35,46,-11,11
45813,120,117,3,3
45814,86,88,-2,2
45815,111,103,8,8
45816,149,131,18,18
45817,86,83,3,3
45818,122,113,9,9
45819,80,86,-6,6
45820,91,85,6,6
45821,106,102,4,4
45822,30,53,-23,23
45823,84,83,1,1
45824,159,124,35,35
45825,76,82,-6,6
45826,73,75,-2,2
45827,78,82,-4,4
45828,271,231,40,40
45829,138,143,-5,5
45830,72,78,-6,6
45831,77,75,2,2
45832,94,93,1,1
45833,101,98,3,3
45834,72,74,-2,2
45835,101,104,-3,3
45836,120,120,0,0
45837,159,153,6,6
45838,78,81,-3,3
45839,78,81,-3,3
45840,106,99,7,7
45841,87,95,-8,8
45842,62,69,-7,7
45843,106,107,-1,1
45844,127,136,-9,9
45845,101,99,2,2
45846,56,60,-4,4
45847,41,57,-16,16
45848,83,84,-1,1
45849,128,125,3,3
45850,86,79,7,7
45851,82,86,-4,4
45852,104,100,4,4
45853,116,130,-14,14
45854,115,116,-1,1
45855,81,75,6,6
45856,82,94,-12,12
45857,88,83,5,5
45858,115,111,4,4
45859,170,161,9,9
45860,110,109,1,1
45861,228,193,35,35
45862,161,141,20,20
45863,72,76,-4,4
45864,171,148,23,23
45865,117,104,13,13
45866,116,112,4,4
45867,60,59,1,1
45868,113,115,-2,2
45869,121,110,11,11
45870,41,59,-18,18
45871,98,92,6,6
45872,83,81,2,2
45873,56,62,-6,6
45874,107,99,8,8
45875,90,83,7,7
45876,91,94,-3,3
45877,68,74,-6,6
45878,131,118,13,13
45879,95,89,6,6
45880,93,88,5,5
45881,99,97,2,2
45882,195,158,37,37
45883,124,111,13,13
45884,124,113,11,11
45885,44,66,-22,22
45886,63,67,-4,4
45887,175,156,19,19
45888,127,110,17,17
45889,113,113,0,0
45890,118,96,22,22
45891,99,107,-8,8
45892,89,86,3,3
45893,64,69,-5,5
45894,73,76,-3,3
45895,104,96,8,8
45896,50,62,-12,12
45897,94,82,12,12
45898,115,114,1,1
45899,91,92,-1,1
45900,80,74,6,6
45901,81,86,-5,5
45902,80,85,-5,5
45903,100,95,5,5
45904,123,120,3,3
45905,89,82,7,7
45906,71,72,-1,1
45907,162,138,24,24
45908,152,130,22,22
45909,69,71,-2,2
45910,81,90,-9,9
45911,71,78,-7,7
45912,90,86,4,4
45913,104,98,6,6
45914,106,98,8,8
45915,66,71,-5,5
45916,66,67,-1,1
45917,79,89,-10,10
45918,45,53,-8,8
45919,89,85,4,4
45920,105,88,17,17
45921,59,61,-2,2
45922,103,95,8,8
45923,116,114,2,2
45924,93,90,3,3
45925,116,126,-10,10
45926,133,121,12,12
45927,86,82,4,4
45928,86,77,9,9
45929,65,65,0,0
45930,139,125,14,14
45931,117,119,-2,2
45932,67,68,-1,1
45933,119,101,18,18
45934,81,100,-19,19
45935,127,116,11,11
45936,142,131,11,11
45937,87,84,3,3
45938,70,70,0,0
45939,79,80,-1,1
45940,119,116,3,3
45941,73,71,2,2
45942,72,66,6,6
45943,87,92,-5,5
45944,108,102,6,6
45945,120,114,6,6
45946,82,80,2,2
45947,97,99,-2,2
45948,73,80,-7,7
45949,69,70,-1,1
45950,96,95,1,1
45951,44,49,-5,5
45952,104,97,7,7
45953,68,75,-7,7
45954,108,87,21,21
45955,81,85,-4,4
45956,124,114,10,10
45957,91,83,8,8
45958,116,129,-13,13
45959,41,45,-4,4
45960,93,93,0,0
45961,100,101,-1,1
45962,70,82,-12,12
45963,82,84,-2,2
45964,124,107,17,17
45965,168,149,19,19
45966,81,80,1,1
45967,124,125,-1,1
45968,74,72,2,2
45969,191,168,23,23
45970,99,105,-6,6
45971,72,75,-3,3
45972,92,99,-7,7
45973,122,118,4,4
45974,104,99,5,5
45975,93,89,4,4
45976,50,59,-9,9
45977,79,87,-8,8
45978,86,87,-1,1
45979,147,154,-7,7
45980,129,138,-9,9
45981,135,143,-8,8
45982,124,106,18,18
45983,91,91,0,0
45984,80,90,-10,10
45985,150,151,-1,1
45986,113,106,7,7
45987,74,70,4,4
45988,165,147,18,18
45989,105,92,13,13
45990,49,58,-9,9
45991,96,100,-4,4
45992,115,106,9,9
45993,132,126,6,6
45994,111,101,10,10
45995,44,49,-5,5
45996,98,90,8,8
45997,52,52,0,0
45998,78,84,-6,6
45999,71,73,-2,2
46000,30,33,-3,3
46001,116,114,2,2
46002,128,145,-17,17
46003,75,84,-9,9
46004,47,57,-10,10
46005,89,92,-3,3
46006,88,79,9,9
46007,102,100,2,2
46008,48,53,-5,5
46009,59,61,-2,2
46010,131,122,9,9
46011,71,73,-2,2
46012,81,86,-5,5
46013,110,104,6,6
46014,154,145,9,9
46015,120,114,6,6
46016,155,138,17,17
46017,109,106,3,3
46018,71,82,-11,11
46019,81,84,-3,3
46020,58,64,-6,6
46021,69,83,-14,14
46022,134,123,11,11
46023,99,95,4,4
46024,71,74,-3,3
46025,99,97,2,2
46026,76,79,-3,3
46027,98,85,13,13
46028,68,71,-3,3
46029,105,93,12,12
46030,109,102,7,7
46031,143,151,-8,8
46032,112,103,9,9
46033,82,100,-18,18
46034,59,62,-3,3
46035,170,154,16,16
46036,84,92,-8,8
46037,84,94,-10,10
46038,97,99,-2,2
46039,241,204,37,37
46040,216,182,34,34
46041,121,118,3,3
46042,72,69,3,3
46043,61,66,-5,5
46044,76,74,2,2
46045,140,139,1,1
46046,101,95,6,6
46047,92,82,10,10
46048,65,65,0,0
46049,62,70,-8,8
46050,62,70,-8,8
46051,172,148,24,24
46052,82,80,2,2
46053,118,114,4,4
46054,99,95,4,4
46055,121,116,5,5
46056,108,104,4,4
46057,96,79,17,17
46058,145,127,18,18
46059,111,130,-19,19
46060,46,53,-7,7
46061,74,68,6,6
46062,96,91,5,5
46063,60,63,-3,3
46064,110,130,-20,20
46065,78,82,-4,4
46066,114,100,14,14
46067,154,161,-7,7
46068,165,148,17,17
46069,42,48,-6,6
46070,91,86,5,5
46071,100,101,-1,1
46072,110,91,19,19
46073,67,75,-8,8
46074,68,75,-7,7
46075,137,112,25,25
46076,87,89,-2,2
46077,93,87,6,6
46078,86,87,-1,1
46079,200,194,6,6
46080,119,110,9,9
46081,176,158,18,18
46082,75,76,-1,1
46083,125,118,7,7
46084,74,82,-8,8
46085,102,94,8,8
46086,53,57,-4,4
46087,107,99,8,8
46088,95,90,5,5
46089,120,120,0,0
46090,88,87,1,1
46091,66,75,-9,9
46092,94,89,5,5
46093,137,135,2,2
46094,67,77,-10,10
46095,83,82,1,1
46096,56,60,-4,4
46097,139,122,17,17
46098,100,92,8,8
46099,78,89,-11,11
46100,103,96,7,7
46101,59,70,-11,11
46102,47,58,-11,11
46103,65,63,2,2
46104,112,100,12,12
46105,132,112,20,20
46106,82,89,-7,7
46107,118,114,4,4
46108,109,98,11,11
46109,91,88,3,3
46110,67,71,-4,4
46111,83,85,-2,2
46112,79,80,-1,1
46113,26,28,-2,2
46114,44,61,-17,17
46115,71,78,-7,7
46116,86,82,4,4
46117,77,76,1,1
46118,53,57,-4,4
46119,98,89,9,9
46120,144,130,14,14
46121,89,84,5,5
46122,67,71,-4,4
46123,147,129,18,18
46124,127,126,1,1
46125,85,84,1,1
46126,66,67,-1,1
46127,89,80,9,9
46128,89,90,-1,1
46129,75,75,0,0
46130,72,70,2,2
46131,101,101,0,0
46132,126,97,29,29
46133,62,62,0,0
46134,83,83,0,0
46135,151,142,9,9
46136,102,102,0,0
46137,215,194,21,21
46138,149,137,12,12
46139,133,125,8,8
46140,90,82,8,8
46141,100,84,16,16
46142,57,58,-1,1
46143,61,63,-2,2
46144,41,43,-2,2
46145,137,122,15,15
46146,164,150,14,14
46147,242,213,29,29
46148,99,98,1,1
46149,51,58,-7,7
46150,68,70,-2,2
46151,78,75,3,3
46152,120,113,7,7
46153,87,85,2,2
46154,105,97,8,8
46155,112,102,10,10
46156,87,90,-3,3
46157,88,89,-1,1
46158,71,71,0,0
46159,125,115,10,10
46160,73,77,-4,4
46161,108,104,4,4
46162,76,78,-2,2
46163,45,47,-2,2
46164,100,97,3,3
46165,76,78,-2,2
46166,158,148,10,10
46167,92,93,-1,1
46168,77,82,-5,5
46169,44,51,-7,7
46170,115,117,-2,2
46171,85,90,-5,5
46172,109,104,5,5
46173,89,90,-1,1
46174,39,51,-12,12
46175,66,70,-4,4
46176,62,72,-10,10
46177,89,93,-4,4
46178,130,121,9,9
46179,92,93,-1,1
46180,138,116,22,22
46181,118,104,14,14
46182,219,225,-6,6
46183,104,103,1,1
46184,94,98,-4,4
46185,100,86,14,14
46186,54,56,-2,2
46187,153,131,22,22
46188,84,84,0,0
46189,91,97,-6,6
46190,46,53,-7,7
46191,53,67,-14,14
46192,77,73,4,4
46193,80,74,6,6
46194,138,124,14,14
46195,80,76,4,4
46196,138,116,22,22
46197,141,128,13,13
46198,91,86,5,5
46199,176,157,19,19
46200,117,117,0,0
46201,69,77,-8,8
46202,108,113,-5,5
46203,101,93,8,8
46204,135,124,11,11
46205,115,112,3,3
46206,102,104,-2,2
46207,56,66,-10,10
46208,96,98,-2,2
46209,69,71,-2,2
46210,106,109,-3,3
46211,151,147,4,4
46212,110,103,7,7
46213,112,111,1,1
46214,134,123,11,11
46215,65,68,-3,3
46216,66,68,-2,2
46217,97,98,-1,1
46218,109,107,2,2
46219,141,129,12,12
46220,78,94,-16,16
46221,94,110,-16,16
46222,64,74,-10,10
46223,47,63,-16,16
46224,79,78,1,1
46225,104,106,-2,2
46226,39,40,-1,1
46227,62,72,-10,10
46228,123,118,5,5
46229,144,124,20,20
46230,108,109,-1,1
46231,183,150,33,33
46232,85,84,1,1
46233,49,60,-11,11
46234,40,50,-10,10
46235,27,49,-22,22
46236,107,104,3,3
46237,135,143,-8,8
46238,129,113,16,16
46239,77,77,0,0
46240,61,72,-11,11
46241,58,73,-15,15
46242,144,134,10,10
46243,53,59,-6,6
46244,95,99,-4,4
46245,82,75,7,7
46246,73,78,-5,5
46247,174,168,6,6
46248,101,95,6,6
46249,100,120,-20,20
46250,81,75,6,6
46251,94,91,3,3
46252,76,79,-3,3
46253,70,74,-4,4
46254,100,102,-2,2
46255,79,70,9,9
46256,83,84,-1,1
46257,90,93,-3,3
46258,136,127,9,9
46259,61,61,0,0
46260,106,107,-1,1
46261,90,91,-1,1
46262,32,43,-11,11
46263,100,104,-4,4
46264,74,70,4,4
46265,62,69,-7,7
46266,101,93,8,8
46267,104,96,8,8
46268,94,82,12,12
46269,95,95,0,0
46270,134,127,7,7
46271,134,130,4,4
46272,77,75,2,2
46273,80,95,-15,15
46274,90,89,1,1
46275,128,115,13,13
46276,108,113,-5,5
46277,64,74,-10,10
46278,44,61,-17,17
46279,115,109,6,6
46280,49,59,-10,10
46281,64,76,-12,12
46282,64,68,-4,4
46283,128,119,9,9
46284,69,73,-4,4
46285,73,72,1,1
46286,38,49,-11,11
46287,71,74,-3,3
46288,94,97,-3,3
46289,89,91,-2,2
46290,63,69,-6,6
46291,116,104,12,12
46292,83,88,-5,5
46293,38,50,-12,12
46294,57,67,-10,10
46295,84,86,-2,2
46296,552,409,143,143
46297,75,74,1,1
46298,70,77,-7,7
46299,90,99,-9,9
46300,181,187,-6,6
46301,109,109,0,0
46302,99,107,-8,8
46303,99,97,2,2
46304,73,74,-1,1
46305,71,76,-5,5
46306,125,124,1,1
46307,142,140,2,2
46308,125,117,8,8
46309,99,95,4,4
46310,127,111,16,16
46311,134,115,19,19
46312,87,82,5,5
46313,99,102,-3,3
46314,116,116,0,0
46315,57,64,-7,7
46316,160,144,16,16
46317,104,97,7,7
46318,106,105,1,1
46319,82,87,-5,5
46320,149,136,13,13
46321,122,122,0,0
46322,46,55,-9,9
46323,44,61,-17,17
46324,47,63,-16,16
46325,46,70,-24,24
46326,103,104,-1,1
46327,118,114,4,4
46328,62,66,-4,4
46329,61,70,-9,9
46330,90,92,-2,2
46331,87,81,6,6
46332,163,137,26,26
46333,108,108,0,0
46334,68,72,-4,4
46335,128,119,9,9
46336,132,150,-18,18
46337,48,59,-11,11
46338,66,67,-1,1
46339,62,71,-9,9
46340,77,86,-9,9
46341,47,65,-18,18
46342,124,115,9,9
46343,95,102,-7,7
46344,65,65,0,0
46345,70,74,-4,4
46346,133,127,6,6
46347,98,99,-1,1
46348,138,141,-3,3
46349,93,95,-2,2
46350,136,124,12,12
46351,119,113,6,6
46352,102,106,-4,4
46353,106,120,-14,14
46354,75,77,-2,2
46355,58,61,-3,3
46356,130,111,19,19
46357,85,89,-4,4
46358,102,108,-6,6
46359,66,69,-3,3
46360,83,97,-14,14
46361,85,89,-4,4
46362,122,114,8,8
46363,107,109,-2,2
46364,68,76,-8,8
46365,58,65,-7,7
46366,87,82,5,5
46367,67,73,-6,6
46368,74,80,-6,6
46369,68,67,1,1
46370,104,95,9,9
46371,158,152,6,6
46372,131,120,11,11
46373,103,99,4,4
46374,109,107,2,2
46375,64,67,-3,3
46376,123,109,14,14
46377,111,100,11,11
46378,38,46,-8,8
46379,59,58,1,1
46380,46,63,-17,17
46381,101,103,-2,2
46382,149,135,14,14
46383,116,108,8,8
46384,62,80,-18,18
46385,78,81,-3,3
46386,92,87,5,5
46387,109,101,8,8
46388,94,97,-3,3
46389,107,107,0,0
46390,75,81,-6,6
46391,64,71,-7,7
46392,30,42,-12,12
46393,127,123,4,4
46394,67,69,-2,2
46395,109,108,1,1
46396,187,164,23,23
46397,90,91,-1,1
46398,123,115,8,8
46399,72,70,2,2
46400,124,120,4,4
46401,110,107,3,3
46402,108,108,0,0
46403,65,72,-7,7
46404,116,117,-1,1
46405,77,91,-14,14
46406,40,50,-10,10
46407,108,105,3,3
46408,159,149,10,10
46409,60,65,-5,5
46410,116,105,11,11
46411,124,137,-13,13
46412,94,98,-4,4
46413,90,81,9,9
46414,30,38,-8,8
46415,89,87,2,2
46416,89,83,6,6
46417,111,117,-6,6
46418,84,86,-2,2
46419,49,60,-11,11
46420,75,66,9,9
46421,136,113,23,23
46422,41,68,-27,27
46423,72,73,-1,1
46424,173,157,16,16
46425,70,76,-6,6
46426,90,92,-2,2
46427,153,150,3,3
46428,138,143,-5,5
46429,147,144,3,3
46430,116,125,-9,9
46431,148,136,12,12
46432,117,111,6,6
46433,103,99,4,4
46434,123,115,8,8
46435,151,129,22,22
46436,126,122,4,4
46437,105,112,-7,7
46438,111,115,-4,4
46439,71,67,4,4
46440,99,106,-7,7
46441,59,71,-12,12
46442,104,95,9,9
46443,60,62,-2,2
46444,88,91,-3,3
46445,63,64,-1,1
46446,186,169,17,17
46447,97,89,8,8
46448,128,115,13,13
46449,162,147,15,15
46450,74,73,1,1
46451,92,85,7,7
46452,153,141,12,12
46453,97,96,1,1
46454,116,110,6,6
46455,161,130,31,31
46456,73,78,-5,5
46457,107,110,-3,3
46458,112,123,-11,11
46459,89,84,5,5
46460,92,87,5,5
46461,83,84,-1,1
46462,108,114,-6,6
46463,108,109,-1,1
46464,49,52,-3,3
46465,64,67,-3,3
46466,109,113,-4,4
46467,52,57,-5,5
46468,139,136,3,3
46469,90,92,-2,2
46470,90,90,0,0
46471,70,75,-5,5
46472,97,100,-3,3
46473,56,64,-8,8
46474,64,77,-13,13
46475,67,67,0,0
46476,48,57,-9,9
46477,69,69,0,0
46478,93,94,-1,1
46479,144,135,9,9
46480,145,150,-5,5
46481,142,139,3,3
46482,150,148,2,2
46483,58,57,1,1
46484,120,105,15,15
46485,102,98,4,4
46486,142,140,2,2
46487,100,102,-2,2
46488,125,121,4,4
46489,84,96,-12,12
46490,123,121,2,2
46491,145,150,-5,5
46492,86,90,-4,4
46493,73,75,-2,2
46494,97,93,4,4
46495,57,62,-5,5
46496,122,117,5,5
46497,71,65,6,6
46498,99,98,1,1
46499,83,75,8,8
46500,165,149,16,16
46501,193,163,30,30
46502,104,96,8,8
46503,110,120,-10,10
46504,65,67,-2,2
46505,72,77,-5,5
46506,76,78,-2,2
46507,173,161,12,12
46508,76,90,-14,14
46509,95,91,4,4
46510,96,93,3,3
46511,82,80,2,2
46512,91,99,-8,8
46513,88,86,2,2
46514,104,104,0,0
46515,114,116,-2,2
46516,109,101,8,8
46517,74,75,-1,1
46518,137,126,11,11
46519,93,93,0,0
46520,88,89,-1,1
46521,55,69,-14,14
46522,72,78,-6,6
46523,71,92,-21,21
46524,110,96,14,14
46525,114,112,2,2
46526,128,129,-1,1
46527,65,71,-6,6
46528,114,113,1,1
46529,97,92,5,5
46530,117,139,-22,22
46531,72,77,-5,5
46532,92,88,4,4
46533,64,65,-1,1
46534,125,127,-2,2
46535,99,97,2,2
46536,56,67,-11,11
46537,54,59,-5,5
46538,122,117,5,5
46539,178,170,8,8
46540,179,161,18,18
46541,80,78,2,2
46542,109,102,7,7
46543,83,85,-2,2
46544,103,96,7,7
46545,61,69,-8,8
46546,125,113,12,12
46547,96,89,7,7
46548,96,110,-14,14
46549,97,93,4,4
46550,108,91,17,17
46551,89,90,-1,1
46552,55,60,-5,5
46553,87,126,-39,39
46554,49,56,-7,7
46555,94,95,-1,1
46556,93,114,-21,21
46557,75,75,0,0
46558,65,71,-6,6
46559,52,56,-4,4
46560,83,82,1,1
46561,123,104,19,19
46562,92,87,5,5
46563,74,80,-6,6
46564,109,98,11,11
46565,52,60,-8,8
46566,76,70,6,6
46567,116,110,6,6
46568,83,77,6,6
46569,82,80,2,2
46570,144,134,10,10
46571,35,46,-11,11
46572,155,146,9,9
46573,136,125,11,11
46574,123,114,9,9
46575,81,79,2,2
46576,66,75,-9,9
46577,131,119,12,12
46578,133,111,22,22
46579,71,73,-2,2
46580,82,84,-2,2
46581,82,83,-1,1
46582,42,48,-6,6
46583,137,145,-8,8
46584,140,158,-18,18
46585,58,68,-10,10
46586,117,102,15,15
46587,69,82,-13,13
46588,85,88,-3,3
46589,52,47,5,5
46590,87,96,-9,9
46591,135,141,-6,6
46592,64,68,-4,4
46593,129,108,21,21
46594,190,173,17,17
46595,68,76,-8,8
46596,82,77,5,5
46597,75,79,-4,4
46598,149,128,21,21
46599,84,84,0,0
46600,54,58,-4,4
46601,98,94,4,4
46602,99,86,13,13
46603,125,120,5,5
46604,86,88,-2,2
46605,95,93,2,2
46606,75,78,-3,3
46607,80,77,3,3
46608,118,117,1,1
46609,91,85,6,6
46610,106,100,6,6
46611,85,92,-7,7
46612,153,142,11,11
46613,103,104,-1,1
46614,159,154,5,5
46615,69,70,-1,1
46616,166,129,37,37
46617,109,104,5,5
46618,133,119,14,14
46619,191,166,25,25
46620,113,93,20,20
46621,124,108,16,16
46622,139,132,7,7
46623,88,92,-4,4
46624,43,66,-23,23
46625,71,76,-5,5
46626,116,110,6,6
46627,115,103,12,12
46628,118,117,1,1
46629,62,64,-2,2
46630,106,104,2,2
46631,116,127,-11,11
46632,137,125,12,12
46633,201,167,34,34
46634,53,61,-8,8
46635,73,77,-4,4
46636,46,58,-12,12
46637,90,88,2,2
46638,126,121,5,5
46639,113,113,0,0
46640,80,75,5,5
46641,102,91,11,11
46642,161,146,15,15
46643,103,105,-2,2
46644,119,127,-8,8
46645,54,66,-12,12
46646,159,144,15,15
46647,87,80,7,7
46648,59,58,1,1
46649,59,68,-9,9
46650,90,86,4,4
46651,59,67,-8,8
46652,104,98,6,6
46653,131,130,1,1
46654,60,64,-4,4
46655,68,68,0,0
46656,86,84,2,2
46657,88,84,4,4
46658,146,140,6,6
46659,62,65,-3,3
46660,152,144,8,8
46661,104,100,4,4
46662,67,68,-1,1
46663,102,102,0,0
46664,96,97,-1,1
46665,99,107,-8,8
46666,99,101,-2,2
46667,76,79,-3,3
46668,97,98,-1,1
46669,83,88,-5,5
46670,112,113,-1,1
46671,63,68,-5,5
46672,136,140,-4,4
46673,74,77,-3,3
46674,172,148,24,24
46675,136,115,21,21
46676,120,122,-2,2
46677,116,115,1,1
46678,126,114,12,12
46679,114,104,10,10
46680,72,76,-4,4
46681,104,100,4,4
46682,147,150,-3,3
46683,103,101,2,2
46684,81,74,7,7
46685,80,84,-4,4
46686,101,98,3,3
46687,125,105,20,20
46688,92,77,15,15
46689,84,82,2,2
46690,80,105,-25,25
46691,150,142,8,8
46692,61,66,-5,5
46693,112,107,5,5
46694,112,102,10,10
46695,67,64,3,3
46696,137,129,8,8
46697,58,66,-8,8
46698,105,100,5,5
46699,88,93,-5,5
46700,76,74,2,2
46701,88,83,5,5
46702,108,110,-2,2
46703,97,92,5,5
46704,141,141,0,0
46705,64,78,-14,14
46706,51,62,-11,11
46707,101,92,9,9
46708,158,150,8,8
46709,97,96,1,1
46710,79,86,-7,7
46711,69,71,-2,2
46712,97,101,-4,4
46713,90,91,-1,1
46714,85,93,-8,8
46715,90,87,3,3
46716,120,111,9,9
46717,61,65,-4,4
46718,145,143,2,2
46719,77,79,-2,2
46720,49,59,-10,10
46721,81,83,-2,2
46722,70,73,-3,3
46723,107,95,12,12
46724,87,85,2,2
46725,66,70,-4,4
46726,108,105,3,3
46727,86,81,5,5
46728,68,72,-4,4
46729,84,75,9,9
46730,72,75,-3,3
46731,67,73,-6,6
46732,73,75,-2,2
46733,81,84,-3,3
46734,65,62,3,3
46735,130,108,22,22
46736,47,49,-2,2
46737,117,116,1,1
46738,141,126,15,15
46739,204,165,39,39
46740,85,84,1,1
46741,116,121,-5,5
46742,118,108,10,10
46743,110,110,0,0
46744,100,96,4,4
46745,93,92,1,1
46746,53,53,0,0
46747,86,78,8,8
46748,70,71,-1,1
46749,80,81,-1,1
46750,146,145,1,1
46751,72,74,-2,2
46752,154,149,5,5
46753,206,191,15,15
46754,72,77,-5,5
46755,141,131,10,10
46756,83,103,-20,20
46757,141,144,-3,3
46758,97,104,-7,7
46759,137,125,12,12
46760,124,120,4,4
46761,84,86,-2,2
46762,102,113,-11,11
46763,22,59,-37,37
46764,97,98,-1,1
46765,59,64,-5,5
46766,124,124,0,0
46767,198,182,16,16
46768,93,84,9,9
46769,96,93,3,3
46770,99,92,7,7
46771,191,152,39,39
46772,88,83,5,5
46773,88,82,6,6
46774,114,111,3,3
46775,85,93,-8,8
46776,85,75,10,10
46777,63,70,-7,7
46778,129,104,25,25
46779,142,144,-2,2
46780,66,77,-11,11
46781,64,64,0,0
46782,72,70,2,2
46783,143,143,0,0
46784,73,70,3,3
46785,92,94,-2,2
46786,80,88,-8,8
46787,123,115,8,8
46788,67,74,-7,7
46789,87,102,-15,15
46790,81,69,12,12
46791,77,99,-22,22
46792,70,69,1,1
46793,120,116,4,4
46794,119,116,3,3
46795,116,114,2,2
46796,193,180,13,13
46797,90,91,-1,1
46798,113,127,-14,14
46799,109,101,8,8
46800,85,90,-5,5
46801,63,68,-5,5
46802,56,61,-5,5
46803,131,133,-2,2
46804,108,105,3,3
46805,58,64,-6,6
46806,57,68,-11,11
46807,98,114,-16,16
46808,86,100,-14,14
46809,60,63,-3,3
46810,54,66,-12,12
46811,160,143,17,17
46812,91,99,-8,8
46813,179,144,35,35
46814,68,85,-17,17
46815,143,138,5,5
46816,86,76,10,10
46817,115,115,0,0
46818,139,118,21,21
46819,95,95,0,0
46820,66,80,-14,14
46821,66,68,-2,2
46822,143,139,4,4
46823,87,83,4,4
46824,85,92,-7,7
46825,77,84,-7,7
46826,77,72,5,5
46827,91,83,8,8
46828,80,81,-1,1
46829,23,28,-5,5
46830,92,91,1,1
46831,109,98,11,11
46832,115,103,12,12
46833,93,94,-1,1
46834,67,74,-7,7
46835,150,147,3,3
46836,78,71,7,7
46837,159,155,4,4
46838,124,106,18,18
46839,93,104,-11,11
46840,133,132,1,1
46841,79,86,-7,7
46842,62,67,-5,5
46843,73,74,-1,1
46844,66,68,-2,2
46845,69,68,1,1
46846,146,156,-10,10
46847,73,69,4,4
46848,91,101,-10,10
46849,67,68,-1,1
46850,80,97,-17,17
46851,96,90,6,6
46852,75,73,2,2
46853,72,82,-10,10
46854,87,83,4,4
46855,93,85,8,8
46856,115,107,8,8
46857,142,134,8,8
46858,168,133,35,35
46859,149,137,12,12
46860,91,91,0,0
46861,69,76,-7,7
46862,112,108,4,4
46863,83,80,3,3
46864,63,61,2,2
46865,84,87,-3,3
46866,113,101,12,12
46867,98,94,4,4
46868,174,162,12,12
46869,103,94,9,9
46870,32,77,-45,45
46871,126,125,1,1
46872,132,127,5,5
46873,49,56,-7,7
46874,107,104,3,3
46875,121,125,-4,4
46876,132,120,12,12
46877,75,76,-1,1
46878,71,76,-5,5
46879,69,79,-10,10
46880,158,144,14,14
46881,73,72,1,1
46882,146,127,19,19
46883,49,61,-12,12
46884,124,118,6,6
46885,71,70,1,1
46886,43,48,-5,5
46887,94,99,-5,5
46888,120,127,-7,7
46889,107,105,2,2
46890,83,77,6,6
46891,111,103,8,8
46892,79,81,-2,2
46893,93,97,-4,4
46894,130,125,5,5
46895,119,108,11,11
46896,80,75,5,5
46897,80,74,6,6
46898,76,77,-1,1
46899,101,101,0,0
46900,131,122,9,9
46901,91,96,-5,5
46902,81,89,-8,8
46903,102,101,1,1
46904,108,91,17,17
46905,79,81,-2,2
46906,121,107,14,14
46907,135,133,2,2
46908,68,83,-15,15
46909,104,109,-5,5
46910,44,49,-5,5
46911,103,108,-5,5
46912,136,140,-4,4
46913,107,90,17,17
46914,78,91,-13,13
46915,75,77,-2,2
46916,37,42,-5,5
46917,24,32,-8,8
46918,166,157,9,9
46919,134,127,7,7
46920,116,109,7,7
46921,85,86,-1,1
46922,130,127,3,3
46923,150,133,17,17
46924,103,95,8,8
46925,92,89,3,3
46926,127,125,2,2
46927,72,77,-5,5
46928,95,98,-3,3
46929,56,61,-5,5
46930,170,149,21,21
46931,106,97,9,9
46932,78,81,-3,3
46933,135,134,1,1
46934,113,104,9,9
46935,191,175,16,16
46936,61,70,-9,9
46937,95,84,11,11
46938,119,114,5,5
46939,114,101,13,13
46940,88,86,2,2
46941,71,70,1,1
46942,76,74,2,2
46943,50,62,-12,12
46944,69,70,-1,1
46945,51,77,-26,26
46946,74,84,-10,10
46947,79,78,1,1
46948,74,82,-8,8
46949,113,116,-3,3
46950,99,105,-6,6
46951,86,87,-1,1
46952,91,88,3,3
46953,83,95,-12,12
46954,106,98,8,8
46955,66,68,-2,2
46956,74,71,3,3
46957,78,76,2,2
46958,101,101,0,0
46959,78,86,-8,8
46960,91,100,-9,9
46961,94,98,-4,4
46962,86,87,-1,1
46963,64,70,-6,6
46964,98,81,17,17
46965,100,107,-7,7
46966,148,130,18,18
46967,96,100,-4,4
46968,135,117,18,18
46969,123,134,-11,11
46970,65,68,-3,3
46971,86,80,6,6
46972,86,85,1,1
46973,93,92,1,1
46974,106,102,4,4
46975,122,113,9,9
46976,75,88,-13,13
46977,86,84,2,2
46978,51,58,-7,7
46979,56,63,-7,7
46980,125,131,-6,6
46981,92,87,5,5
46982,108,114,-6,6
46983,151,140,11,11
46984,83,85,-2,2
46985,66,76,-10,10
46986,138,121,17,17
46987,120,121,-1,1
46988,79,78,1,1
46989,86,92,-6,6
46990,163,156,7,7
46991,112,111,1,1
46992,98,91,7,7
46993,40,71,-31,31
46994,85,89,-4,4
46995,73,79,-6,6
46996,84,94,-10,10
46997,127,126,1,1
46998,113,102,11,11
46999,116,107,9,9
47000,91,94,-3,3
47001,91,76,15,15
47002,50,58,-8,8
47003,78,82,-4,4
47004,90,92,-2,2
47005,125,115,10,10
47006,84,88,-4,4
47007,79,77,2,2
47008,69,70,-1,1
47009,115,100,15,15
47010,227,225,2,2
47011,107,108,-1,1
47012,136,155,-19,19
47013,88,87,1,1
47014,117,114,3,3
47015,81,88,-7,7
47016,150,141,9,9
47017,101,115,-14,14
47018,169,157,12,12
47019,75,81,-6,6
47020,146,145,1,1
47021,96,92,4,4
47022,66,71,-5,5
47023,73,74,-1,1
47024,85,93,-8,8
47025,104,89,15,15
47026,53,60,-7,7
47027,148,148,0,0
47028,119,109,10,10
47029,45,48,-3,3
47030,72,74,-2,2
47031,126,122,4,4
47032,64,65,-1,1
47033,119,117,2,2
47034,89,95,-6,6
47035,139,134,5,5
47036,111,114,-3,3
47037,100,99,1,1
47038,82,85,-3,3
47039,138,134,4,4
47040,47,53,-6,6
47041,167,146,21,21
47042,63,68,-5,5
47043,118,110,8,8
47044,201,193,8,8
47045,82,91,-9,9
47046,91,95,-4,4
47047,81,83,-2,2
47048,91,86,5,5
47049,119,105,14,14
47050,88,82,6,6
47051,76,80,-4,4
47052,86,86,0,0
47053,47,56,-9,9
47054,134,130,4,4
47055,96,98,-2,2
47056,82,81,1,1
47057,82,78,4,4
47058,89,89,0,0
47059,99,102,-3,3
47060,93,96,-3,3
47061,87,90,-3,3
47062,62,70,-8,8
47063,58,60,-2,2
47064,82,85,-3,3
47065,142,143,-1,1
47066,101,96,5,5
47067,127,115,12,12
47068,46,50,-4,4
47069,116,108,8,8
47070,54,64,-10,10
47071,71,73,-2,2
47072,121,136,-15,15
47073,80,82,-2,2
47074,86,86,0,0
47075,119,115,4,4
47076,71,78,-7,7
47077,171,152,19,19
47078,126,110,16,16
47079,57,59,-2,2
47080,99,97,2,2
47081,55,66,-11,11
47082,77,79,-2,2
47083,110,106,4,4
47084,77,101,-24,24
47085,111,107,4,4
47086,164,157,7,7
47087,104,95,9,9
47088,85,86,-1,1
47089,75,77,-2,2
47090,119,108,11,11
47091,82,84,-2,2
47092,122,107,15,15
47093,111,109,2,2
47094,102,94,8,8
47095,54,58,-4,4
47096,96,95,1,1
47097,65,71,-6,6
47098,135,133,2,2
47099,79,76,3,3
47100,92,80,12,12
47101,56,64,-8,8
47102,109,95,14,14
47103,124,119,5,5
47104,65,72,-7,7
47105,84,86,-2,2
47106,107,102,5,5
47107,114,106,8,8
47108,92,83,9,9
47109,129,121,8,8
47110,159,146,13,13
47111,80,85,-5,5
47112,106,103,3,3
47113,76,79,-3,3
47114,81,90,-9,9
47115,115,110,5,5
47116,89,98,-9,9
47117,66,73,-7,7
47118,49,59,-10,10
47119,74,73,1,1
47120,77,73,4,4
47121,98,94,4,4
47122,181,160,21,21
47123,65,67,-2,2
47124,125,117,8,8
47125,120,121,-1,1
47126,92,83,9,9
47127,125,115,10,10
47128,97,95,2,2
47129,113,98,15,15
47130,69,75,-6,6
47131,41,51,-10,10
47132,112,110,2,2
47133,93,84,9,9
47134,77,76,1,1
47135,114,121,-7,7
47136,90,89,1,1
47137,119,120,-1,1
47138,85,95,-10,10
47139,99,105,-6,6
47140,113,92,21,21
47141,112,115,-3,3
47142,43,53,-10,10
47143,73,73,0,0
47144,149,145,4,4
47145,72,78,-6,6
47146,62,70,-8,8
47147,74,77,-3,3
47148,197,174,23,23
47149,93,103,-10,10
47150,103,82,21,21
47151,96,90,6,6
47152,191,156,35,35
47153,116,109,7,7
47154,75,74,1,1
47155,99,105,-6,6
47156,94,84,10,10
47157,124,124,0,0
47158,83,81,2,2
47159,131,121,10,10
47160,108,95,13,13
47161,108,115,-7,7
47162,77,78,-1,1
47163,77,69,8,8
47164,126,117,9,9
47165,59,77,-18,18
47166,101,109,-8,8
47167,121,116,5,5
47168,116,118,-2,2
47169,124,114,10,10
47170,69,66,3,3
47171,160,149,11,11
47172,67,77,-10,10
47173,111,114,-3,3
47174,80,99,-19,19
47175,44,51,-7,7
47176,89,87,2,2
47177,92,89,3,3
47178,105,107,-2,2
47179,113,103,10,10
47180,83,84,-1,1
47181,54,58,-4,4
47182,47,55,-8,8
47183,105,97,8,8
47184,65,65,0,0
47185,118,109,9,9
47186,115,99,16,16
47187,92,96,-4,4
47188,69,63,6,6
47189,42,53,-11,11
47190,64,63,1,1
47191,119,119,0,0
47192,142,125,17,17
47193,117,106,11,11
47194,67,76,-9,9
47195,157,147,10,10
47196,57,66,-9,9
47197,122,107,15,15
47198,84,77,7,7
47199,112,114,-2,2
47200,96,98,-2,2
47201,75,74,1,1
47202,86,86,0,0
47203,168,149,19,19
47204,128,110,18,18
47205,111,117,-6,6
47206,95,97,-2,2
47207,74,85,-11,11
47208,101,88,13,13
47209,69,69,0,0
47210,160,154,6,6
47211,139,125,14,14
47212,24,63,-39,39
47213,89,84,5,5
47214,102,103,-1,1
47215,49,55,-6,6
47216,94,104,-10,10
47217,76,73,3,3
47218,170,148,22,22
47219,158,147,11,11
47220,31,83,-52,52
47221,66,72,-6,6
47222,106,93,13,13
47223,60,71,-11,11
47224,77,82,-5,5
47225,68,70,-2,2
47226,129,125,4,4
47227,60,63,-3,3
47228,106,105,1,1
47229,64,65,-1,1
47230,67,71,-4,4
47231,85,87,-2,2
47232,79,73,6,6
47233,175,159,16,16
47234,20,62,-42,42
47235,169,150,19,19
47236,90,93,-3,3
47237,74,76,-2,2
47238,68,82,-14,14
47239,52,63,-11,11
47240,81,86,-5,5
47241,106,108,-2,2
47242,113,115,-2,2
47243,64,69,-5,5
47244,98,98,0,0
47245,120,118,2,2
47246,85,82,3,3
47247,70,67,3,3
47248,121,108,13,13
47249,132,120,12,12
47250,50,53,-3,3
47251,68,80,-12,12
47252,55,61,-6,6
47253,122,108,14,14
47254,107,97,10,10
47255,69,75,-6,6
47256,115,109,6,6
47257,118,113,5,5
47258,184,195,-11,11
47259,78,90,-12,12
47260,47,57,-10,10
47261,65,68,-3,3
47262,109,95,14,14
47263,89,82,7,7
47264,141,138,3,3
47265,68,90,-22,22
47266,167,145,22,22
47267,68,78,-10,10
47268,86,89,-3,3
47269,93,91,2,2
47270,91,91,0,0
47271,65,74,-9,9
47272,132,130,2,2
47273,91,93,-2,2
47274,71,69,2,2
47275,71,69,2,2
47276,120,112,8,8
47277,118,110,8,8
47278,117,111,6,6
47279,157,150,7,7
47280,73,79,-6,6
47281,108,109,-1,1
47282,82,74,8,8
47283,122,114,8,8
47284,143,143,0,0
47285,172,154,18,18
47286,76,69,7,7
47287,130,136,-6,6
47288,61,63,-2,2
47289,65,73,-8,8
47290,128,116,12,12
47291,98,96,2,2
47292,161,161,0,0
47293,56,60,-4,4
47294,97,133,-36,36
47295,176,178,-2,2
47296,125,119,6,6
47297,115,105,10,10
47298,81,85,-4,4
47299,103,98,5,5
47300,53,60,-7,7
47301,173,161,12,12
47302,132,120,12,12
47303,129,117,12,12
47304,120,116,4,4
47305,123,111,12,12
47306,203,160,43,43
47307,59,54,5,5
47308,67,72,-5,5
47309,132,117,15,15
47310,182,161,21,21
47311,143,142,1,1
47312,97,87,10,10
47313,91,86,5,5
47314,96,103,-7,7
47315,91,90,1,1
47316,87,83,4,4
47317,143,144,-1,1
47318,65,64,1,1
47319,78,70,8,8
47320,78,78,0,0
47321,140,135,5,5
47322,93,96,-3,3
47323,52,59,-7,7
47324,95,101,-6,6
47325,96,86,10,10
47326,72,76,-4,4
47327,113,111,2,2
47328,97,91,6,6
47329,77,78,-1,1
47330,71,76,-5,5
47331,58,60,-2,2
47332,72,75,-3,3
47333,210,173,37,37
47334,97,91,6,6
47335,141,142,-1,1
47336,130,129,1,1
47337,105,106,-1,1
47338,66,76,-10,10
47339,78,90,-12,12
47340,96,98,-2,2
47341,120,115,5,5
47342,57,66,-9,9
47343,162,149,13,13
47344,134,130,4,4
47345,161,148,13,13
47346,171,162,9,9
47347,91,98,-7,7
47348,46,55,-9,9
47349,128,116,12,12
47350,113,99,14,14
47351,96,90,6,6
47352,55,59,-4,4
47353,101,105,-4,4
47354,146,135,11,11
47355,83,120,-37,37
47356,41,51,-10,10
47357,117,112,5,5
47358,118,117,1,1
47359,89,94,-5,5
47360,88,88,0,0
47361,37,37,0,0
47362,68,74,-6,6
47363,53,54,-1,1
47364,106,100,6,6
47365,125,115,10,10
47366,79,81,-2,2
47367,100,97,3,3
47368,99,105,-6,6
47369,99,100,-1,1
47370,130,118,12,12
47371,75,84,-9,9
47372,101,95,6,6
47373,90,90,0,0
47374,154,141,13,13
47375,116,107,9,9
47376,60,72,-12,12
47377,144,141,3,3
47378,75,77,-2,2
47379,110,103,7,7
47380,124,124,0,0
47381,79,89,-10,10
47382,38,45,-7,7
47383,90,88,2,2
47384,84,77,7,7
47385,76,81,-5,5
47386,88,91,-3,3
47387,124,125,-1,1
47388,76,83,-7,7
47389,84,81,3,3
47390,75,78,-3,3
47391,78,78,0,0
47392,48,58,-10,10
47393,70,80,-10,10
47394,125,114,11,11
47395,129,131,-2,2
47396,75,73,2,2
47397,91,100,-9,9
47398,108,103,5,5
47399,100,92,8,8
47400,56,69,-13,13
47401,140,123,17,17
47402,62,64,-2,2
47403,224,173,51,51
47404,109,111,-2,2
47405,159,152,7,7
47406,90,93,-3,3
47407,125,111,14,14
47408,96,98,-2,2
47409,74,89,-15,15
47410,109,112,-3,3
47411,84,85,-1,1
47412,50,56,-6,6
47413,146,136,10,10
47414,116,102,14,14
47415,93,87,6,6
47416,92,85,7,7
47417,72,69,3,3
47418,159,141,18,18
47419,79,77,2,2
47420,117,105,12,12
47421,92,83,9,9
47422,102,99,3,3
47423,61,68,-7,7
47424,55,56,-1,1
47425,91,78,13,13
47426,94,87,7,7
47427,64,70,-6,6
47428,121,113,8,8
47429,50,57,-7,7
47430,91,86,5,5
47431,87,86,1,1
47432,100,94,6,6
47433,60,62,-2,2
47434,139,135,4,4
47435,77,76,1,1
47436,54,64,-10,10
47437,117,96,21,21
47438,105,113,-8,8
47439,105,100,5,5
47440,78,82,-4,4
47441,108,98,10,10
47442,111,118,-7,7
47443,112,113,-1,1
47444,69,70,-1,1
47445,100,105,-5,5
47446,96,93,3,3
47447,31,50,-19,19
47448,75,73,2,2
47449,68,73,-5,5
47450,53,63,-10,10
47451,63,69,-6,6
47452,85,81,4,4
47453,126,123,3,3
47454,107,104,3,3
47455,130,121,9,9
47456,65,68,-3,3
47457,73,74,-1,1
47458,107,107,0,0
47459,121,120,1,1
47460,99,99,0,0
47461,92,94,-2,2
47462,170,162,8,8
47463,85,74,11,11
47464,142,136,6,6
47465,86,86,0,0
47466,63,67,-4,4
47467,121,110,11,11
47468,84,93,-9,9
47469,66,67,-1,1
47470,60,64,-4,4
47471,68,68,0,0
47472,113,123,-10,10
47473,101,98,3,3
47474,48,59,-11,11
47475,154,149,5,5
47476,160,148,12,12
47477,102,92,10,10
47478,94,94,0,0
47479,84,80,4,4
47480,107,110,-3,3
47481,66,72,-6,6
47482,87,92,-5,5
47483,84,75,9,9
47484,86,91,-5,5
47485,101,72,29,29
47486,83,80,3,3
47487,70,66,4,4
47488,104,91,13,13
47489,78,76,2,2
47490,69,71,-2,2
47491,172,154,18,18
47492,66,78,-12,12
47493,96,90,6,6
47494,73,75,-2,2
47495,122,129,-7,7
47496,66,77,-11,11
47497,78,81,-3,3
47498,70,120,-50,50
47499,62,71,-9,9
47500,64,66,-2,2
47501,189,168,21,21
47502,101,100,1,1
47503,83,83,0,0
47504,88,81,7,7
47505,108,102,6,6
47506,109,104,5,5
47507,50,51,-1,1
47508,100,95,5,5
47509,98,93,5,5
47510,74,70,4,4
47511,151,133,18,18
47512,67,73,-6,6
47513,145,128,17,17
47514,99,94,5,5
47515,79,79,0,0
47516,66,74,-8,8
47517,87,82,5,5
47518,104,94,10,10
47519,75,73,2,2
47520,81,74,7,7
47521,79,86,-7,7
47522,82,80,2,2
47523,202,172,30,30
47524,64,64,0,0
47525,142,136,6,6
47526,77,88,-11,11
47527,95,104,-9,9
47528,127,123,4,4
47529,89,95,-6,6
47530,136,139,-3,3
47531,63,72,-9,9
47532,123,116,7,7
47533,113,104,9,9
47534,98,95,3,3
47535,136,116,20,20
47536,124,112,12,12
47537,124,115,9,9
47538,162,145,17,17
47539,81,94,-13,13
47540,93,94,-1,1
47541,83,88,-5,5
47542,127,108,19,19
47543,60,60,0,0
47544,83,85,-2,2
47545,60,64,-4,4
47546,103,109,-6,6
47547,93,81,12,12
47548,78,80,-2,2
47549,97,91,6,6
47550,73,72,1,1
47551,128,117,11,11
47552,92,97,-5,5
47553,37,42,-5,5
47554,154,147,7,7
47555,60,70,-10,10
47556,94,89,5,5
47557,103,97,6,6
47558,72,75,-3,3
47559,65,76,-11,11
47560,85,88,-3,3
47561,111,105,6,6
47562,88,92,-4,4
47563,110,99,11,11
47564,102,96,6,6
47565,59,62,-3,3
47566,89,81,8,8
47567,113,99,14,14
47568,65,74,-9,9
47569,148,144,4,4
47570,83,84,-1,1
47571,81,81,0,0
47572,88,85,3,3
47573,67,74,-7,7
47574,44,55,-11,11
47575,98,100,-2,2
47576,89,87,2,2
47577,85,87,-2,2
47578,165,144,21,21
47579,58,70,-12,12
47580,118,108,10,10
47581,138,114,24,24
47582,85,81,4,4
47583,77,80,-3,3
47584,58,63,-5,5
47585,78,75,3,3
47586,94,104,-10,10
47587,51,62,-11,11
47588,109,113,-4,4
47589,72,81,-9,9
47590,71,72,-1,1
47591,83,92,-9,9
47592,97,94,3,3
47593,81,85,-4,4
47594,192,195,-3,3
47595,152,141,11,11
47596,101,99,2,2
47597,65,63,2,2
47598,77,82,-5,5
47599,130,116,14,14
47600,124,97,27,27
47601,89,93,-4,4
47602,105,110,-5,5
47603,85,83,2,2
47604,147,143,4,4
47605,108,119,-11,11
47606,86,87,-1,1
47607,66,72,-6,6
47608,62,65,-3,3
47609,74,70,4,4
47610,144,118,26,26
47611,77,76,1,1
47612,53,52,1,1
47613,81,76,5,5
47614,121,115,6,6
47615,71,70,1,1
47616,75,69,6,6
47617,105,96,9,9
47618,98,101,-3,3
47619,133,133,0,0
47620,115,115,0,0
47621,56,62,-6,6
47622,139,129,10,10
47623,108,107,1,1
47624,207,171,36,36
47625,43,61,-18,18
47626,135,123,12,12
47627,122,118,4,4
47628,61,70,-9,9
47629,97,89,8,8
47630,77,75,2,2
47631,123,104,19,19
47632,59,68,-9,9
47633,113,114,-1,1
47634,125,116,9,9
47635,88,90,-2,2
47636,72,70,2,2
47637,137,138,-1,1
47638,113,101,12,12
47639,112,103,9,9
47640,60,68,-8,8
47641,106,103,3,3
47642,143,138,5,5
47643,91,91,0,0
47644,95,89,6,6
47645,155,131,24,24
47646,106,107,-1,1
47647,103,114,-11,11
47648,142,125,17,17
47649,76,74,2,2
47650,115,117,-2,2
47651,96,114,-18,18
47652,103,94,9,9
47653,106,108,-2,2
47654,67,68,-1,1
47655,100,96,4,4
47656,103,94,9,9
47657,72,76,-4,4
47658,142,133,9,9
47659,32,57,-25,25
47660,137,133,4,4
47661,57,68,-11,11
47662,69,75,-6,6
47663,47,55,-8,8
47664,82,82,0,0
47665,113,103,10,10
47666,81,86,-5,5
47667,96,95,1,1
47668,67,68,-1,1
47669,138,124,14,14
47670,73,72,1,1
47671,62,80,-18,18
47672,45,58,-13,13
47673,106,101,5,5
47674,65,68,-3,3
47675,79,82,-3,3
47676,109,112,-3,3
47677,147,135,12,12
47678,67,68,-1,1
47679,94,90,4,4
47680,73,75,-2,2
47681,57,68,-11,11
47682,124,109,15,15
47683,68,78,-10,10
47684,89,88,1,1
47685,105,94,11,11
47686,64,77,-13,13
47687,78,85,-7,7
47688,108,99,9,9
47689,171,163,8,8
47690,92,84,8,8
47691,63,68,-5,5
47692,66,73,-7,7
47693,85,90,-5,5
47694,134,127,7,7
47695,73,75,-2,2
47696,85,84,1,1
47697,81,82,-1,1
47698,119,114,5,5
47699,64,64,0,0
47700,73,72,1,1
47701,120,104,16,16
47702,122,113,9,9
47703,97,100,-3,3
47704,69,73,-4,4
47705,88,87,1,1
47706,86,86,0,0
47707,87,87,0,0
47708,152,139,13,13
47709,65,69,-4,4
47710,37,54,-17,17
47711,125,108,17,17
47712,117,121,-4,4
47713,72,74,-2,2
47714,120,128,-8,8
47715,67,69,-2,2
47716,147,142,5,5
47717,142,131,11,11
47718,111,107,4,4
47719,104,102,2,2
47720,90,84,6,6
47721,76,78,-2,2
47722,82,77,5,5
47723,122,95,27,27
47724,176,157,19,19
47725,97,80,17,17
47726,84,84,0,0
47727,94,91,3,3
47728,175,175,0,0
47729,90,93,-3,3
47730,62,67,-5,5
47731,116,103,13,13
47732,137,129,8,8
47733,141,128,13,13
47734,96,110,-14,14
47735,99,96,3,3
47736,66,65,1,1
47737,183,168,15,15
47738,64,66,-2,2
47739,137,141,-4,4
47740,51,58,-7,7
47741,35,34,1,1
47742,137,120,17,17
47743,151,145,6,6
47744,115,109,6,6
47745,94,89,5,5
47746,42,46,-4,4
47747,57,69,-12,12
47748,102,104,-2,2
47749,59,63,-4,4
47750,73,85,-12,12
47751,80,80,0,0
47752,102,105,-3,3
47753,111,106,5,5
47754,150,148,2,2
47755,149,134,15,15
47756,129,115,14,14
47757,35,57,-22,22
47758,50,59,-9,9
47759,85,80,5,5
47760,90,86,4,4
47761,129,114,15,15
47762,111,110,1,1
47763,80,89,-9,9
47764,165,165,0,0
47765,69,72,-3,3
47766,132,113,19,19
47767,145,130,15,15
47768,51,57,-6,6
47769,152,135,17,17
47770,64,66,-2,2
47771,168,152,16,16
47772,100,103,-3,3
47773,72,68,4,4
47774,86,90,-4,4
47775,67,76,-9,9
47776,71,75,-4,4
47777,156,149,7,7
47778,92,87,5,5
47779,93,95,-2,2
47780,95,101,-6,6
47781,113,105,8,8
47782,105,98,7,7
47783,77,85,-8,8
47784,96,102,-6,6
47785,103,102,1,1
47786,76,92,-16,16
47787,77,75,2,2
47788,103,93,10,10
47789,80,80,0,0
47790,72,77,-5,5
47791,98,96,2,2
47792,94,87,7,7
47793,145,150,-5,5
47794,57,58,-1,1
47795,95,89,6,6
47796,97,79,18,18
47797,160,141,19,19
47798,161,152,9,9
47799,71,70,1,1
47800,95,90,5,5
47801,100,98,2,2
47802,57,54,3,3
47803,96,95,1,1
47804,70,72,-2,2
47805,51,82,-31,31
47806,70,72,-2,2
47807,27,40,-13,13
47808,93,87,6,6
47809,110,105,5,5
47810,128,120,8,8
47811,146,146,0,0
47812,81,72,9,9
47813,100,94,6,6
47814,77,72,5,5
47815,57,64,-7,7
47816,110,104,6,6
47817,90,91,-1,1
47818,105,110,-5,5
47819,91,82,9,9
47820,158,151,7,7
47821,79,77,2,2
47822,52,56,-4,4
47823,86,84,2,2
47824,100,99,1,1
47825,65,68,-3,3
47826,116,107,9,9
47827,75,73,2,2
47828,95,90,5,5
47829,71,77,-6,6
47830,87,92,-5,5
47831,79,71,8,8
47832,77,78,-1,1
47833,55,61,-6,6
47834,94,93,1,1
47835,99,96,3,3
47836,98,98,0,0
47837,95,105,-10,10
47838,123,121,2,2
47839,76,89,-13,13
47840,157,156,1,1
47841,75,78,-3,3
47842,114,110,4,4
47843,47,46,1,1
47844,110,107,3,3
47845,122,111,11,11
47846,89,98,-9,9
47847,65,72,-7,7
47848,63,71,-8,8
47849,140,125,15,15
47850,101,102,-1,1
47851,132,124,8,8
47852,175,172,3,3
47853,79,78,1,1
47854,97,93,4,4
47855,108,95,13,13
47856,76,71,5,5
47857,80,76,4,4
47858,114,101,13,13
47859,160,157,3,3
47860,101,93,8,8
47861,143,125,18,18
47862,40,49,-9,9
47863,151,144,7,7
47864,111,120,-9,9
47865,105,117,-12,12
47866,93,88,5,5
47867,121,118,3,3
47868,162,149,13,13
47869,91,101,-10,10
47870,86,87,-1,1
47871,133,133,0,0
47872,69,75,-6,6
47873,110,104,6,6
47874,76,73,3,3
47875,70,77,-7,7
47876,129,107,22,22
47877,105,96,9,9
47878,118,110,8,8
47879,51,61,-10,10
47880,155,143,12,12
47881,80,80,0,0
47882,91,104,-13,13
47883,87,83,4,4
47884,61,75,-14,14
47885,65,68,-3,3
47886,85,88,-3,3
47887,89,87,2,2
47888,62,66,-4,4
47889,85,89,-4,4
47890,65,76,-11,11
47891,127,119,8,8
47892,94,95,-1,1
47893,106,104,2,2
47894,72,73,-1,1
47895,115,111,4,4
47896,100,91,9,9
47897,56,59,-3,3
47898,78,88,-10,10
47899,100,101,-1,1
47900,94,91,3,3
47901,104,97,7,7
47902,76,98,-22,22
47903,100,94,6,6
47904,114,103,11,11
47905,94,84,10,10
47906,92,89,3,3
47907,51,56,-5,5
47908,129,126,3,3
47909,30,34,-4,4
47910,91,101,-10,10
47911,72,76,-4,4
47912,99,98,1,1
47913,59,62,-3,3
47914,103,96,7,7
47915,140,116,24,24
47916,71,75,-4,4
47917,77,79,-2,2
47918,108,108,0,0
47919,87,78,9,9
47920,150,146,4,4
47921,108,112,-4,4
47922,78,76,2,2
47923,143,133,10,10
47924,109,112,-3,3
47925,81,84,-3,3
47926,82,89,-7,7
47927,46,52,-6,6
47928,142,128,14,14
47929,54,60,-6,6
47930,89,95,-6,6
47931,53,58,-5,5
47932,73,72,1,1
47933,74,75,-1,1
47934,43,46,-3,3
47935,89,89,0,0
47936,71,76,-5,5
47937,62,79,-17,17
47938,59,68,-9,9
47939,114,106,8,8
47940,56,60,-4,4
47941,94,96,-2,2
47942,102,107,-5,5
47943,112,103,9,9
47944,75,78,-3,3
47945,77,90,-13,13
47946,124,118,6,6
47947,128,113,15,15
47948,70,78,-8,8
47949,84,125,-41,41
47950,151,137,14,14
47951,113,104,9,9
47952,85,81,4,4
47953,82,103,-21,21
47954,163,158,5,5
47955,124,130,-6,6
47956,80,77,3,3
47957,122,142,-20,20
47958,88,78,10,10
47959,66,66,0,0
47960,83,85,-2,2
47961,118,109,9,9
47962,57,60,-3,3
47963,66,74,-8,8
47964,108,103,5,5
47965,93,98,-5,5
47966,51,56,-5,5
47967,171,154,17,17
47968,114,100,14,14
47969,45,55,-10,10
47970,86,83,3,3
47971,62,73,-11,11
47972,67,71,-4,4
47973,76,80,-4,4
47974,108,111,-3,3
47975,100,116,-16,16
47976,139,134,5,5
47977,115,112,3,3
47978,144,111,33,33
47979,90,81,9,9
47980,91,81,10,10
47981,75,79,-4,4
47982,135,129,6,6
47983,67,77,-10,10
47984,117,100,17,17
47985,127,109,18,18
47986,59,63,-4,4
47987,48,60,-12,12
47988,69,71,-2,2
47989,93,84,9,9
47990,123,123,0,0
47991,131,138,-7,7
47992,105,98,7,7
47993,121,121,0,0
47994,111,111,0,0
47995,43,49,-6,6
47996,131,121,10,10
47997,133,119,14,14
47998,74,76,-2,2
47999,154,132,22,22
48000,36,43,-7,7
48001,83,91,-8,8
48002,114,112,2,2
48003,115,104,11,11
48004,117,111,6,6
48005,129,120,9,9
48006,119,112,7,7
48007,65,69,-4,4
48008,88,91,-3,3
48009,80,73,7,7
48010,43,44,-1,1
48011,68,74,-6,6
48012,157,144,13,13
48013,104,102,2,2
48014,56,57,-1,1
48015,52,61,-9,9
48016,115,106,9,9
48017,64,65,-1,1
48018,139,133,6,6
48019,58,63,-5,5
48020,105,107,-2,2
48021,196,180,16,16
48022,117,104,13,13
48023,108,92,16,16
48024,109,114,-5,5
48025,53,56,-3,3
48026,97,87,10,10
48027,89,92,-3,3
48028,136,123,13,13
48029,156,157,-1,1
48030,107,95,12,12
48031,48,51,-3,3
48032,108,112,-4,4
48033,151,137,14,14
48034,71,86,-15,15
48035,99,91,8,8
48036,119,100,19,19
48037,131,122,9,9
48038,72,76,-4,4
48039,112,105,7,7
48040,142,149,-7,7
48041,130,123,7,7
48042,103,105,-2,2
48043,136,130,6,6
48044,61,64,-3,3
48045,93,88,5,5
48046,124,122,2,2
48047,44,57,-13,13
48048,166,167,-1,1
48049,134,132,2,2
48050,85,82,3,3
48051,56,67,-11,11
48052,58,70,-12,12
48053,95,94,1,1
48054,113,106,7,7
48055,80,88,-8,8
48056,105,97,8,8
48057,56,58,-2,2
48058,79,86,-7,7
48059,77,84,-7,7
48060,90,87,3,3
48061,68,78,-10,10
48062,65,73,-8,8
48063,95,94,1,1
48064,51,62,-11,11
48065,99,90,9,9
48066,81,74,7,7
48067,116,99,17,17
48068,72,74,-2,2
48069,55,66,-11,11
48070,144,136,8,8
48071,74,81,-7,7
48072,135,136,-1,1
48073,60,68,-8,8
48074,76,86,-10,10
48075,144,116,28,28
48076,141,118,23,23
48077,80,68,12,12
48078,74,82,-8,8
48079,83,82,1,1
48080,76,72,4,4
48081,100,96,4,4
48082,97,91,6,6
48083,141,115,26,26
48084,109,105,4,4
48085,87,105,-18,18
48086,104,99,5,5
48087,69,70,-1,1
48088,60,72,-12,12
48089,71,77,-6,6
48090,64,68,-4,4
48091,69,77,-8,8
48092,92,91,1,1
48093,93,89,4,4
48094,88,83,5,5
48095,11,33,-22,22
48096,132,119,13,13
48097,62,74,-12,12
48098,73,89,-16,16
48099,110,99,11,11
48100,84,87,-3,3
48101,63,58,5,5
48102,110,111,-1,1
48103,61,62,-1,1
48104,81,90,-9,9
48105,107,109,-2,2
48106,161,142,19,19
48107,66,65,1,1
48108,59,72,-13,13
48109,115,123,-8,8
48110,113,106,7,7
48111,125,121,4,4
48112,104,104,0,0
48113,90,88,2,2
48114,84,82,2,2
48115,101,98,3,3
48116,151,136,15,15
48117,127,119,8,8
48118,102,96,6,6
48119,85,88,-3,3
48120,64,73,-9,9
48121,114,112,2,2
48122,104,98,6,6
48123,99,101,-2,2
48124,60,65,-5,5
48125,102,106,-4,4
48126,125,118,7,7
48127,109,119,-10,10
48128,106,99,7,7
48129,91,91,0,0
48130,54,72,-18,18
48131,86,99,-13,13
48132,108,113,-5,5
48133,61,68,-7,7
48134,63,81,-18,18
48135,112,106,6,6
48136,35,42,-7,7
48137,86,83,3,3
48138,79,85,-6,6
48139,112,107,5,5
48140,180,168,12,12
48141,94,84,10,10
48142,125,117,8,8
48143,82,79,3,3
48144,94,100,-6,6
48145,83,79,4,4
48146,93,97,-4,4
48147,89,90,-1,1
48148,63,67,-4,4
48149,120,118,2,2
48150,91,79,12,12
48151,102,121,-19,19
48152,70,77,-7,7
48153,66,66,0,0
48154,73,72,1,1
48155,122,105,17,17
48156,50,60,-10,10
48157,65,74,-9,9
48158,146,138,8,8
48159,72,77,-5,5
48160,109,97,12,12
48161,67,73,-6,6
48162,138,126,12,12
48163,78,80,-2,2
48164,143,135,8,8
48165,82,82,0,0
48166,147,152,-5,5
48167,115,109,6,6
48168,107,111,-4,4
48169,60,67,-7,7
48170,95,88,7,7
48171,95,94,1,1
48172,39,52,-13,13
48173,75,87,-12,12
48174,61,66,-5,5
48175,194,191,3,3
48176,67,76,-9,9
48177,104,96,8,8
48178,79,85,-6,6
48179,57,72,-15,15
48180,45,54,-9,9
48181,66,74,-8,8
48182,70,73,-3,3
48183,61,78,-17,17
48184,93,90,3,3
48185,104,100,4,4
48186,122,133,-11,11
48187,64,69,-5,5
48188,68,73,-5,5
48189,132,123,9,9
48190,55,60,-5,5
48191,117,112,5,5
48192,89,83,6,6
48193,83,91,-8,8
48194,94,101,-7,7
48195,59,60,-1,1
48196,149,137,12,12
48197,77,84,-7,7
48198,92,96,-4,4
48199,84,78,6,6
48200,71,73,-2,2
48201,75,73,2,2
48202,123,113,10,10
48203,108,113,-5,5
48204,90,93,-3,3
48205,99,84,15,15
48206,38,49,-11,11
48207,59,69,-10,10
48208,104,101,3,3
48209,114,122,-8,8
48210,83,86,-3,3
48211,182,157,25,25
48212,89,93,-4,4
48213,77,70,7,7
48214,146,130,16,16
48215,74,77,-3,3
48216,73,72,1,1
48217,71,72,-1,1
48218,70,68,2,2
48219,139,142,-3,3
48220,75,63,12,12
48221,110,124,-14,14
48222,106,106,0,0
48223,150,147,3,3
48224,132,124,8,8
48225,108,96,12,12
48226,56,63,-7,7
48227,133,130,3,3
48228,123,107,16,16
48229,58,57,1,1
48230,73,79,-6,6
48231,118,108,10,10
48232,83,82,1,1
48233,66,67,-1,1
48234,83,83,0,0
48235,89,89,0,0
48236,87,94,-7,7
48237,95,91,4,4
48238,57,65,-8,8
48239,124,121,3,3
48240,136,133,3,3
48241,102,100,2,2
48242,123,122,1,1
48243,53,58,-5,5
48244,59,71,-12,12
48245,150,136,14,14
48246,140,124,16,16
48247,88,86,2,2
48248,140,128,12,12
48249,86,88,-2,2
48250,106,99,7,7
48251,127,137,-10,10
48252,88,81,7,7
48253,99,101,-2,2
48254,83,85,-2,2
48255,81,85,-4,4
48256,151,130,21,21
48257,144,146,-2,2
48258,55,60,-5,5
48259,66,66,0,0
48260,103,99,4,4
48261,100,95,5,5
48262,76,75,1,1
48263,115,109,6,6
48264,135,124,11,11
48265,128,111,17,17
48266,163,145,18,18
48267,81,77,4,4
48268,88,86,2,2
48269,86,107,-21,21
48270,147,133,14,14
48271,179,162,17,17
48272,98,93,5,5
48273,91,89,2,2
48274,145,137,8,8
48275,53,60,-7,7
48276,122,122,0,0
48277,79,77,2,2
48278,118,128,-10,10
48279,100,89,11,11
48280,76,72,4,4
48281,148,143,5,5
48282,55,53,2,2
48283,80,81,-1,1
48284,129,135,-6,6
48285,52,65,-13,13
48286,108,106,2,2
48287,71,73,-2,2
48288,49,51,-2,2
48289,111,99,12,12
48290,97,89,8,8
48291,106,96,10,10
48292,31,28,3,3
48293,62,66,-4,4
48294,140,150,-10,10
48295,102,95,7,7
48296,68,64,4,4
48297,66,69,-3,3
48298,98,100,-2,2
48299,29,33,-4,4
48300,162,153,9,9
48301,68,73,-5,5
48302,39,50,-11,11
48303,61,66,-5,5
48304,126,127,-1,1
48305,82,72,10,10
48306,95,87,8,8
48307,86,92,-6,6
48308,91,89,2,2
48309,68,84,-16,16
48310,70,73,-3,3
48311,56,54,2,2
48312,113,110,3,3
48313,83,77,6,6
48314,185,165,20,20
48315,133,130,3,3
48316,98,94,4,4
48317,47,58,-11,11
48318,86,81,5,5
48319,115,103,12,12
48320,121,117,4,4
48321,130,131,-1,1
48322,116,110,6,6
48323,55,56,-1,1
48324,88,86,2,2
48325,158,153,5,5
48326,208,192,16,16
48327,104,97,7,7
48328,109,105,4,4
48329,94,100,-6,6
48330,49,59,-10,10
48331,66,74,-8,8
48332,135,148,-13,13
48333,112,99,13,13
48334,75,73,2,2
48335,99,94,5,5
48336,98,98,0,0
48337,77,85,-8,8
48338,108,96,12,12
48339,81,81,0,0
48340,99,107,-8,8
48341,113,92,21,21
48342,68,76,-8,8
48343,111,110,1,1
48344,57,68,-11,11
48345,141,127,14,14
48346,96,93,3,3
48347,57,69,-12,12
48348,86,85,1,1
48349,64,84,-20,20
48350,58,60,-2,2
48351,68,73,-5,5
48352,79,77,2,2
48353,128,123,5,5
48354,133,126,7,7
48355,129,133,-4,4
48356,98,90,8,8
48357,126,109,17,17
48358,68,73,-5,5
48359,98,92,6,6
48360,76,66,10,10
48361,151,131,20,20
48362,143,142,1,1
48363,81,86,-5,5
48364,154,139,15,15
48365,99,99,0,0
48366,58,65,-7,7
48367,40,49,-9,9
48368,101,106,-5,5
48369,88,84,4,4
48370,102,92,10,10
48371,82,78,4,4
48372,80,78,2,2
48373,77,77,0,0
48374,91,87,4,4
48375,133,127,6,6
48376,160,143,17,17
48377,137,131,6,6
48378,110,100,10,10
48379,78,74,4,4
48380,83,84,-1,1
48381,68,80,-12,12
48382,85,91,-6,6
48383,90,90,0,0
48384,51,58,-7,7
48385,95,91,4,4
48386,133,119,14,14
48387,63,70,-7,7
48388,64,66,-2,2
48389,64,63,1,1
48390,128,128,0,0
48391,94,97,-3,3
48392,87,87,0,0
48393,49,59,-10,10
48394,66,65,1,1
48395,53,60,-7,7
48396,99,101,-2,2
48397,55,65,-10,10
48398,166,155,11,11
48399,179,159,20,20
48400,100,95,5,5
48401,97,94,3,3
48402,139,123,16,16
48403,59,64,-5,5
48404,175,158,17,17
48405,123,125,-2,2
48406,72,76,-4,4
48407,77,86,-9,9
48408,86,79,7,7
48409,52,61,-9,9
48410,122,129,-7,7
48411,83,82,1,1
48412,109,113,-4,4
48413,123,110,13,13
48414,72,76,-4,4
48415,86,86,0,0
48416,97,107,-10,10
48417,98,92,6,6
48418,98,86,12,12
48419,72,71,1,1
48420,160,140,20,20
48421,61,63,-2,2
48422,91,92,-1,1
48423,65,65,0,0
48424,145,132,13,13
48425,60,64,-4,4
48426,125,114,11,11
48427,57,64,-7,7
48428,117,108,9,9
48429,104,100,4,4
48430,141,130,11,11
48431,65,69,-4,4
48432,78,74,4,4
48433,74,76,-2,2
48434,82,84,-2,2
48435,83,87,-4,4
48436,79,83,-4,4
48437,79,82,-3,3
48438,73,75,-2,2
48439,154,130,24,24
48440,89,87,2,2
48441,83,91,-8,8
48442,79,78,1,1
48443,167,149,18,18
48444,103,117,-14,14
48445,89,89,0,0
48446,199,169,30,30
48447,63,75,-12,12
48448,67,66,1,1
48449,152,157,-5,5
48450,98,100,-2,2
48451,78,81,-3,3
48452,78,78,0,0
48453,119,123,-4,4
48454,93,97,-4,4
48455,121,121,0,0
48456,105,91,14,14
48457,184,136,48,48
48458,60,66,-6,6
48459,167,144,23,23
48460,51,62,-11,11
48461,114,114,0,0
48462,59,61,-2,2
48463,98,102,-4,4
48464,62,69,-7,7
48465,74,67,7,7
48466,87,83,4,4
48467,84,79,5,5
48468,63,65,-2,2
48469,103,92,11,11
48470,133,117,16,16
48471,125,107,18,18
48472,137,135,2,2
48473,82,75,7,7
48474,145,136,9,9
48475,111,110,1,1
48476,117,110,7,7
48477,61,64,-3,3
48478,107,110,-3,3
48479,127,120,7,7
48480,50,54,-4,4
48481,75,73,2,2
48482,173,160,13,13
48483,162,144,18,18
48484,72,82,-10,10
48485,104,101,3,3
48486,84,81,3,3
48487,84,79,5,5
48488,99,96,3,3
48489,109,108,1,1
48490,125,122,3,3
48491,100,99,1,1
48492,108,109,-1,1
48493,118,116,2,2
48494,70,78,-8,8
48495,67,61,6,6
48496,39,47,-8,8
48497,87,87,0,0
48498,71,83,-12,12
48499,65,69,-4,4
48500,185,163,22,22
48501,89,85,4,4
48502,94,90,4,4
48503,68,72,-4,4
48504,66,65,1,1
48505,126,117,9,9
48506,99,100,-1,1
48507,100,98,2,2
48508,85,82,3,3
48509,38,50,-12,12
48510,170,156,14,14
48511,109,95,14,14
48512,90,83,7,7
48513,58,62,-4,4
48514,52,59,-7,7
48515,162,168,-6,6
48516,60,66,-6,6
48517,99,95,4,4
48518,80,76,4,4
48519,82,96,-14,14
48520,112,107,5,5
48521,81,75,6,6
48522,112,124,-12,12
48523,160,145,15,15
48524,44,55,-11,11
48525,60,66,-6,6
48526,87,79,8,8
48527,66,64,2,2
48528,54,58,-4,4
48529,158,135,23,23
48530,125,119,6,6
48531,61,67,-6,6
48532,179,157,22,22
48533,174,144,30,30
48534,86,99,-13,13
48535,86,96,-10,10
48536,79,98,-19,19
48537,60,64,-4,4
48538,78,76,2,2
48539,128,124,4,4
48540,111,105,6,6
48541,98,95,3,3
48542,142,114,28,28
48543,65,67,-2,2
48544,142,126,16,16
48545,176,165,11,11
48546,88,82,6,6
48547,165,156,9,9
48548,85,92,-7,7
48549,85,81,4,4
48550,88,89,-1,1
48551,97,104,-7,7
48552,125,117,8,8
48553,99,94,5,5
48554,83,80,3,3
48555,97,91,6,6
48556,96,95,1,1
48557,62,69,-7,7
48558,99,107,-8,8
48559,57,65,-8,8
48560,77,83,-6,6
48561,77,82,-5,5
48562,104,125,-21,21
48563,114,104,10,10
48564,94,89,5,5
48565,67,86,-19,19
48566,112,104,8,8
48567,128,115,13,13
48568,93,93,0,0
48569,115,119,-4,4
48570,63,65,-2,2
48571,67,76,-9,9
48572,136,136,0,0
48573,96,105,-9,9
48574,97,104,-7,7
48575,97,104,-7,7
48576,100,94,6,6
48577,60,65,-5,5
48578,155,165,-10,10
48579,80,90,-10,10
48580,92,104,-12,12
48581,130,122,8,8
48582,139,122,17,17
48583,121,117,4,4
48584,58,67,-9,9
48585,73,78,-5,5
48586,98,95,3,3
48587,95,98,-3,3
48588,126,112,14,14
48589,112,102,10,10
48590,82,87,-5,5
48591,105,97,8,8
48592,68,80,-12,12
48593,67,80,-13,13
48594,121,119,2,2
48595,164,139,25,25
48596,107,108,-1,1
48597,110,105,5,5
48598,125,122,3,3
48599,71,71,0,0
48600,77,82,-5,5
48601,97,96,1,1
48602,114,118,-4,4
48603,140,137,3,3
48604,57,67,-10,10
48605,99,96,3,3
48606,99,93,6,6
48607,52,51,1,1
48608,83,78,5,5
48609,173,215,-42,42
48610,94,100,-6,6
48611,47,59,-12,12
48612,58,66,-8,8
48613,61,72,-11,11
48614,82,97,-15,15
48615,53,69,-16,16
48616,53,61,-8,8
48617,77,79,-2,2
48618,88,95,-7,7
48619,74,77,-3,3
48620,74,71,3,3
48621,150,138,12,12
48622,135,140,-5,5
48623,176,164,12,12
48624,53,64,-11,11
48625,140,131,9,9
48626,106,110,-4,4
48627,189,161,28,28
48628,104,109,-5,5
48629,71,86,-15,15
48630,66,65,1,1
48631,82,89,-7,7
48632,111,119,-8,8
48633,114,109,5,5
48634,140,136,4,4
48635,95,100,-5,5
48636,152,144,8,8
48637,101,106,-5,5
48638,67,65,2,2
48639,47,60,-13,13
48640,73,82,-9,9
48641,84,101,-17,17
48642,92,86,6,6
48643,157,148,9,9
48644,128,129,-1,1
48645,96,108,-12,12
48646,91,90,1,1
48647,92,88,4,4
48648,132,124,8,8
48649,170,157,13,13
48650,103,89,14,14
48651,46,58,-12,12
48652,123,106,17,17
48653,91,79,12,12
48654,111,109,2,2
48655,144,142,2,2
48656,73,78,-5,5
48657,116,106,10,10
48658,137,135,2,2
48659,131,119,12,12
48660,37,45,-8,8
48661,84,87,-3,3
48662,91,87,4,4
48663,175,166,9,9
48664,137,129,8,8
48665,91,86,5,5
48666,41,52,-11,11
48667,88,80,8,8
48668,86,81,5,5
48669,67,71,-4,4
48670,181,156,25,25
48671,108,102,6,6
48672,51,49,2,2
48673,145,133,12,12
48674,87,86,1,1
48675,42,47,-5,5
48676,92,90,2,2
48677,196,169,27,27
48678,43,52,-9,9
48679,108,108,0,0
48680,131,116,15,15
48681,105,105,0,0
48682,77,80,-3,3
48683,80,81,-1,1
48684,144,131,13,13
48685,120,130,-10,10
48686,70,73,-3,3
48687,62,66,-4,4
48688,40,48,-8,8
48689,80,76,4,4
48690,93,86,7,7
48691,41,54,-13,13
48692,90,91,-1,1
48693,82,79,3,3
48694,85,88,-3,3
48695,103,96,7,7
48696,119,110,9,9
48697,65,70,-5,5
48698,85,81,4,4
48699,114,105,9,9
48700,95,89,6,6
48701,39,44,-5,5
48702,89,88,1,1
48703,116,111,5,5
48704,133,136,-3,3
48705,76,78,-2,2
48706,146,125,21,21
48707,55,63,-8,8
48708,170,162,8,8
48709,76,75,1,1
48710,89,89,0,0
48711,76,97,-21,21
48712,107,97,10,10
48713,69,69,0,0
48714,94,102,-8,8
48715,106,103,3,3
48716,91,79,12,12
48717,158,155,3,3
48718,110,107,3,3
48719,69,75,-6,6
48720,90,84,6,6
48721,99,93,6,6
48722,74,73,1,1
48723,94,97,-3,3
48724,70,71,-1,1
48725,81,92,-11,11
48726,136,140,-4,4
48727,89,92,-3,3
48728,113,111,2,2
48729,110,100,10,10
48730,137,134,3,3
48731,100,98,2,2
48732,114,104,10,10
48733,122,104,18,18
48734,27,28,-1,1
48735,105,108,-3,3
48736,65,75,-10,10
48737,120,124,-4,4
48738,68,73,-5,5
48739,158,144,14,14
48740,76,81,-5,5
48741,123,117,6,6
48742,71,69,2,2
48743,86,89,-3,3
48744,68,78,-10,10
48745,118,111,7,7
48746,36,47,-11,11
48747,26,28,-2,2
48748,55,61,-6,6
48749,87,88,-1,1
48750,117,107,10,10
48751,36,47,-11,11
48752,112,98,14,14
48753,73,71,2,2
48754,93,90,3,3
48755,122,109,13,13
48756,117,113,4,4
48757,116,126,-10,10
48758,95,92,3,3
48759,51,54,-3,3
48760,81,80,1,1
48761,88,77,11,11
48762,62,67,-5,5
48763,84,69,15,15
48764,69,75,-6,6
48765,62,69,-7,7
48766,101,104,-3,3
48767,112,110,2,2
48768,182,157,25,25
48769,51,64,-13,13
48770,89,88,1,1
48771,123,121,2,2
48772,91,89,2,2
48773,67,73,-6,6
48774,150,130,20,20
48775,61,70,-9,9
48776,107,101,6,6
48777,53,62,-9,9
48778,79,83,-4,4
48779,143,152,-9,9
48780,115,120,-5,5
48781,66,70,-4,4
48782,104,99,5,5
48783,154,155,-1,1
48784,96,89,7,7
48785,165,160,5,5
48786,124,122,2,2
48787,108,102,6,6
48788,106,109,-3,3
48789,124,126,-2,2
48790,91,100,-9,9
48791,98,113,-15,15
48792,74,81,-7,7
48793,146,147,-1,1
48794,136,134,2,2
48795,96,109,-13,13
48796,117,114,3,3
48797,113,105,8,8
48798,118,107,11,11
48799,151,136,15,15
48800,157,152,5,5
48801,98,87,11,11
48802,136,133,3,3
48803,119,131,-12,12
48804,66,68,-2,2
48805,144,134,10,10
48806,118,117,1,1
48807,186,165,21,21
48808,91,92,-1,1
48809,99,95,4,4
48810,78,83,-5,5
48811,81,87,-6,6
48812,77,82,-5,5
48813,51,57,-6,6
48814,81,86,-5,5
48815,110,109,1,1
48816,83,83,0,0
48817,75,87,-12,12
48818,73,75,-2,2
48819,113,111,2,2
48820,84,78,6,6
48821,94,93,1,1
48822,77,92,-15,15
48823,101,95,6,6
48824,100,91,9,9
48825,68,66,2,2
48826,65,73,-8,8
48827,159,155,4,4
48828,66,77,-11,11
48829,149,122,27,27
48830,81,97,-16,16
48831,56,62,-6,6
48832,149,158,-9,9
48833,56,61,-5,5
48834,110,105,5,5
48835,61,67,-6,6
48836,57,57,0,0
48837,107,106,1,1
48838,58,62,-4,4
48839,106,103,3,3
48840,145,125,20,20
48841,70,76,-6,6
48842,115,117,-2,2
48843,106,87,19,19
48844,144,133,11,11
48845,129,112,17,17
48846,127,122,5,5
48847,223,179,44,44
48848,147,145,2,2
48849,95,90,5,5
48850,34,27,7,7
48851,66,66,0,0
48852,88,90,-2,2
48853,91,85,6,6
48854,90,83,7,7
48855,131,127,4,4
48856,61,70,-9,9
48857,66,66,0,0
48858,125,128,-3,3
48859,69,68,1,1
48860,73,83,-10,10
48861,87,86,1,1
48862,89,87,2,2
48863,69,78,-9,9
48864,114,109,5,5
48865,64,69,-5,5
48866,146,135,11,11
48867,93,96,-3,3
48868,54,63,-9,9
48869,171,170,1,1
48870,63,67,-4,4
48871,70,78,-8,8
48872,61,67,-6,6
48873,75,73,2,2
48874,158,138,20,20
48875,65,79,-14,14
48876,93,93,0,0
48877,97,89,8,8
48878,126,100,26,26
48879,122,115,7,7
48880,128,134,-6,6
48881,109,104,5,5
48882,90,86,4,4
48883,167,158,9,9
48884,79,71,8,8
48885,56,63,-7,7
48886,117,108,9,9
48887,80,78,2,2
48888,48,58,-10,10
48889,72,77,-5,5
48890,69,71,-2,2
48891,105,100,5,5
48892,103,99,4,4
48893,94,95,-1,1
48894,91,84,7,7
48895,117,112,5,5
48896,168,169,-1,1
48897,60,65,-5,5
48898,93,99,-6,6
48899,110,104,6,6
48900,61,63,-2,2
48901,133,126,7,7
48902,124,105,19,19
48903,131,124,7,7
48904,81,84,-3,3
48905,78,75,3,3
48906,117,108,9,9
48907,116,110,6,6
48908,75,80,-5,5
48909,50,60,-10,10
48910,76,72,4,4
48911,120,113,7,7
48912,96,92,4,4
48913,99,118,-19,19
48914,163,152,11,11
48915,136,125,11,11
48916,150,136,14,14
48917,87,97,-10,10
48918,116,111,5,5
48919,127,124,3,3
48920,73,73,0,0
48921,110,109,1,1
48922,65,70,-5,5
48923,74,77,-3,3
48924,98,92,6,6
48925,74,73,1,1
48926,105,103,2,2
48927,92,94,-2,2
48928,80,84,-4,4
48929,111,107,4,4
48930,93,90,3,3
48931,69,71,-2,2
48932,76,81,-5,5
48933,59,63,-4,4
48934,127,121,6,6
48935,45,58,-13,13
48936,100,82,18,18
48937,111,111,0,0
48938,165,186,-21,21
48939,161,166,-5,5
48940,108,109,-1,1
48941,85,77,8,8
48942,131,133,-2,2
48943,28,41,-13,13
48944,92,86,6,6
48945,55,61,-6,6
48946,134,120,14,14
48947,112,102,10,10
48948,123,108,15,15
48949,137,130,7,7
48950,72,83,-11,11
48951,116,105,11,11
48952,136,122,14,14
48953,122,117,5,5
48954,120,115,5,5
48955,85,78,7,7
48956,98,102,-4,4
48957,108,123,-15,15
48958,95,97,-2,2
48959,71,72,-1,1
48960,160,139,21,21
48961,112,113,-1,1
48962,98,100,-2,2
48963,72,71,1,1
48964,102,102,0,0
48965,95,87,8,8
48966,130,118,12,12
48967,96,95,1,1
48968,123,116,7,7
48969,100,104,-4,4
48970,172,159,13,13
48971,55,61,-6,6
48972,60,74,-14,14
48973,101,101,0,0
48974,90,102,-12,12
48975,76,85,-9,9
48976,80,79,1,1
48977,100,106,-6,6
48978,61,68,-7,7
48979,75,76,-1,1
48980,81,100,-19,19
48981,121,115,6,6
48982,81,83,-2,2
48983,139,138,1,1
48984,86,77,9,9
48985,94,91,3,3
48986,121,119,2,2
48987,83,79,4,4
48988,127,120,7,7
48989,49,68,-19,19
48990,83,92,-9,9
48991,76,75,1,1
48992,113,105,8,8
48993,73,72,1,1
48994,85,84,1,1
48995,97,95,2,2
48996,82,78,4,4
48997,103,101,2,2
48998,68,71,-3,3
48999,65,70,-5,5
49000,46,59,-13,13
49001,108,100,8,8
49002,96,103,-7,7
49003,133,126,7,7
49004,97,97,0,0
49005,62,61,1,1
49006,95,95,0,0
49007,132,116,16,16
49008,164,148,16,16
49009,62,63,-1,1
49010,81,84,-3,3
49011,91,93,-2,2
49012,73,75,-2,2
49013,73,76,-3,3
49014,105,109,-4,4
49015,75,78,-3,3
49016,73,67,6,6
49017,94,100,-6,6
49018,112,116,-4,4
49019,107,97,10,10
49020,79,78,1,1
49021,128,128,0,0
49022,100,93,7,7
49023,68,73,-5,5
49024,84,75,9,9
49025,115,130,-15,15
49026,68,72,-4,4
49027,50,56,-6,6
49028,80,86,-6,6
49029,71,75,-4,4
49030,115,111,4,4
49031,103,111,-8,8
49032,112,106,6,6
49033,95,90,5,5
49034,132,129,3,3
49035,108,104,4,4
49036,89,98,-9,9
49037,96,88,8,8
49038,110,104,6,6
49039,103,151,-48,48
49040,113,97,16,16
49041,72,80,-8,8
49042,85,91,-6,6
49043,106,106,0,0
49044,101,99,2,2
49045,117,128,-11,11
49046,67,77,-10,10
49047,82,83,-1,1
49048,61,66,-5,5
49049,64,67,-3,3
49050,86,89,-3,3
49051,89,90,-1,1
49052,49,55,-6,6
49053,136,115,21,21
49054,137,136,1,1
49055,79,72,7,7
49056,127,113,14,14
49057,130,119,11,11
49058,119,126,-7,7
49059,83,77,6,6
49060,98,99,-1,1
49061,124,117,7,7
49062,72,86,-14,14
49063,114,121,-7,7
49064,144,133,11,11
49065,117,104,13,13
49066,68,71,-3,3
49067,41,50,-9,9
49068,88,93,-5,5
49069,156,143,13,13
49070,85,83,2,2
49071,99,98,1,1
49072,71,86,-15,15
49073,152,139,13,13
49074,86,81,5,5
49075,95,88,7,7
49076,100,96,4,4
49077,99,97,2,2
49078,137,110,27,27
49079,78,72,6,6
49080,142,127,15,15
49081,80,89,-9,9
49082,70,71,-1,1
49083,112,104,8,8
49084,116,117,-1,1
49085,76,82,-6,6
49086,128,117,11,11
49087,101,95,6,6
49088,111,106,5,5
49089,71,71,0,0
49090,129,121,8,8
49091,170,156,14,14
49092,136,113,23,23
49093,105,95,10,10
49094,117,109,8,8
49095,102,97,5,5
49096,77,80,-3,3
49097,103,107,-4,4
49098,53,60,-7,7
49099,94,99,-5,5
49100,73,69,4,4
49101,65,68,-3,3
49102,107,121,-14,14
49103,78,88,-10,10
49104,83,81,2,2
49105,117,114,3,3
49106,33,33,0,0
49107,97,97,0,0
49108,119,118,1,1
49109,74,74,0,0
49110,96,93,3,3
49111,113,114,-1,1
49112,68,81,-13,13
49113,78,76,2,2
49114,123,100,23,23
49115,121,125,-4,4
49116,74,75,-1,1
49117,100,93,7,7
49118,71,73,-2,2
49119,46,54,-8,8
49120,90,93,-3,3
49121,63,76,-13,13
49122,94,97,-3,3
49123,83,85,-2,2
49124,86,91,-5,5
49125,116,118,-2,2
49126,107,100,7,7
49127,111,118,-7,7
49128,211,175,36,36
49129,71,69,2,2
49130,57,70,-13,13
49131,135,121,14,14
49132,111,110,1,1
49133,97,92,5,5
49134,139,133,6,6
49135,96,97,-1,1
49136,91,89,2,2
49137,131,130,1,1
49138,134,127,7,7
49139,81,82,-1,1
49140,123,115,8,8
49141,122,124,-2,2
49142,149,142,7,7
49143,122,109,13,13
49144,114,104,10,10
49145,112,101,11,11
49146,110,101,9,9
49147,111,112,-1,1
49148,50,57,-7,7
49149,52,57,-5,5
49150,119,125,-6,6
49151,67,70,-3,3
49152,135,131,4,4
49153,81,74,7,7
49154,122,105,17,17
49155,130,128,2,2
49156,60,67,-7,7
49157,108,115,-7,7
49158,97,97,0,0
49159,50,59,-9,9
49160,77,73,4,4
49161,106,98,8,8
49162,100,104,-4,4
49163,70,77,-7,7
49164,99,100,-1,1
49165,108,109,-1,1
49166,138,125,13,13
49167,132,131,1,1
49168,73,79,-6,6
49169,73,82,-9,9
49170,111,100,11,11
49171,101,100,1,1
49172,123,118,5,5
49173,80,116,-36,36
49174,56,52,4,4
49175,101,94,7,7
49176,119,115,4,4
49177,125,140,-15,15
49178,107,103,4,4
49179,141,139,2,2
49180,110,122,-12,12
49181,91,84,7,7
49182,67,69,-2,2
49183,91,91,0,0
49184,62,67,-5,5
49185,66,67,-1,1
49186,51,73,-22,22
49187,26,29,-3,3
49188,112,111,1,1
49189,85,79,6,6
49190,173,154,19,19
49191,65,64,1,1
49192,71,77,-6,6
49193,48,58,-10,10
49194,113,111,2,2
49195,111,108,3,3
49196,76,82,-6,6
49197,72,74,-2,2
49198,104,97,7,7
49199,113,106,7,7
49200,80,79,1,1
49201,129,132,-3,3
49202,80,78,2,2
49203,99,100,-1,1
49204,98,101,-3,3
49205,186,171,15,15
49206,84,87,-3,3
49207,46,56,-10,10
49208,81,94,-13,13
49209,62,64,-2,2
49210,85,83,2,2
49211,63,64,-1,1
49212,114,118,-4,4
49213,91,87,4,4
49214,100,112,-12,12
49215,53,57,-4,4
49216,127,109,18,18
49217,93,85,8,8
49218,59,66,-7,7
49219,52,54,-2,2
49220,100,97,3,3
49221,73,79,-6,6
49222,110,110,0,0
49223,88,76,12,12
49224,87,86,1,1
49225,53,58,-5,5
49226,96,96,0,0
49227,70,85,-15,15
49228,80,90,-10,10
49229,80,83,-3,3
49230,78,75,3,3
49231,45,47,-2,2
49232,97,93,4,4
49233,172,156,16,16
49234,92,94,-2,2
49235,72,75,-3,3
49236,125,130,-5,5
49237,72,75,-3,3
49238,156,146,10,10
49239,61,66,-5,5
49240,118,119,-1,1
49241,89,110,-21,21
49242,126,107,19,19
49243,121,103,18,18
49244,63,77,-14,14
49245,96,88,8,8
49246,123,111,12,12
49247,80,87,-7,7
49248,120,117,3,3
49249,75,79,-4,4
49250,128,120,8,8
49251,166,156,10,10
49252,129,119,10,10
49253,74,79,-5,5
49254,70,79,-9,9
49255,75,77,-2,2
49256,115,96,19,19
49257,109,105,4,4
49258,86,84,2,2
49259,90,91,-1,1
49260,95,90,5,5
49261,102,111,-9,9
49262,178,160,18,18
49263,140,127,13,13
49264,148,143,5,5
49265,75,79,-4,4
49266,94,85,9,9
49267,83,89,-6,6
49268,184,166,18,18
49269,98,92,6,6
49270,36,39,-3,3
49271,68,71,-3,3
49272,88,87,1,1
49273,71,71,0,0
49274,80,77,3,3
49275,81,82,-1,1
49276,98,105,-7,7
49277,99,89,10,10
49278,41,54,-13,13
49279,51,61,-10,10
49280,161,147,14,14
49281,76,77,-1,1
49282,103,98,5,5
49283,86,81,5,5
49284,111,104,7,7
49285,132,120,12,12
49286,91,85,6,6
49287,114,99,15,15
49288,106,97,9,9
49289,140,137,3,3
49290,54,56,-2,2
49291,231,193,38,38
49292,74,79,-5,5
49293,59,64,-5,5
49294,149,130,19,19
49295,98,91,7,7
49296,96,92,4,4
49297,98,102,-4,4
49298,29,38,-9,9
49299,80,80,0,0
49300,115,106,9,9
49301,75,72,3,3
49302,93,95,-2,2
49303,86,84,2,2
49304,67,65,2,2
49305,56,58,-2,2
49306,120,116,4,4
49307,188,162,26,26
49308,31,44,-13,13
49309,51,63,-12,12
49310,55,61,-6,6
49311,81,84,-3,3
49312,75,80,-5,5
49313,63,70,-7,7
49314,85,84,1,1
49315,32,38,-6,6
49316,83,90,-7,7
49317,86,94,-8,8
49318,122,102,20,20
49319,46,56,-10,10
49320,122,110,12,12
49321,101,100,1,1
49322,55,71,-16,16
49323,80,81,-1,1
49324,106,106,0,0
49325,79,92,-13,13
49326,143,144,-1,1
49327,124,124,0,0
49328,128,127,1,1
49329,88,95,-7,7
49330,98,100,-2,2
49331,207,177,30,30
49332,133,121,12,12
49333,46,52,-6,6
49334,115,121,-6,6
49335,75,65,10,10
49336,93,90,3,3
49337,99,103,-4,4
49338,107,108,-1,1
49339,99,95,4,4
49340,78,77,1,1
49341,104,92,12,12
49342,112,114,-2,2
49343,75,79,-4,4
49344,84,89,-5,5
49345,87,95,-8,8
49346,83,79,4,4
49347,151,137,14,14
49348,23,44,-21,21
49349,168,153,15,15
49350,62,68,-6,6
49351,65,66,-1,1
49352,68,73,-5,5
49353,110,111,-1,1
49354,159,141,18,18
49355,44,57,-13,13
49356,144,136,8,8
49357,71,72,-1,1
49358,71,69,2,2
49359,131,110,21,21
49360,148,97,51,51
49361,116,114,2,2
49362,117,101,16,16
49363,116,132,-16,16
49364,95,91,4,4
49365,59,73,-14,14
49366,41,45,-4,4
49367,80,90,-10,10
49368,66,71,-5,5
49369,98,89,9,9
49370,186,170,16,16
49371,109,102,7,7
49372,97,123,-26,26
49373,74,70,4,4
49374,113,110,3,3
49375,61,60,1,1
49376,108,106,2,2
49377,123,114,9,9
49378,78,81,-3,3
49379,57,66,-9,9
49380,42,42,0,0
49381,118,124,-6,6
49382,59,61,-2,2
49383,96,104,-8,8
49384,69,74,-5,5
49385,94,84,10,10
49386,84,94,-10,10
49387,182,173,9,9
49388,44,52,-8,8
49389,74,85,-11,11
49390,84,74,10,10
49391,173,151,22,22
49392,73,80,-7,7
49393,67,70,-3,3
49394,84,89,-5,5
49395,106,103,3,3
49396,80,85,-5,5
49397,79,90,-11,11
49398,61,61,0,0
49399,73,81,-8,8
49400,50,54,-4,4
49401,94,92,2,2
49402,86,93,-7,7
49403,71,70,1,1
49404,60,73,-13,13
49405,126,120,6,6
49406,60,63,-3,3
49407,65,65,0,0
49408,83,83,0,0
49409,47,51,-4,4
49410,234,185,49,49
49411,101,86,15,15
49412,111,106,5,5
49413,65,63,2,2
49414,50,61,-11,11
49415,63,73,-10,10
49416,121,120,1,1
49417,63,56,7,7
49418,105,98,7,7
49419,51,65,-14,14
49420,85,78,7,7
49421,154,131,23,23
49422,130,117,13,13
49423,95,93,2,2
49424,55,58,-3,3
49425,95,98,-3,3
49426,154,144,10,10
49427,109,103,6,6
49428,57,67,-10,10
49429,109,102,7,7
49430,125,106,19,19
49431,85,80,5,5
49432,76,72,4,4
49433,66,80,-14,14
49434,89,83,6,6
49435,64,66,-2,2
49436,46,61,-15,15
49437,79,81,-2,2
49438,114,112,2,2
49439,73,71,2,2
49440,130,127,3,3
49441,78,73,5,5
49442,62,69,-7,7
49443,49,54,-5,5
49444,65,73,-8,8
49445,66,70,-4,4
49446,72,78,-6,6
49447,81,81,0,0
49448,131,128,3,3
49449,113,112,1,1
49450,103,99,4,4
49451,60,64,-4,4
49452,61,65,-4,4
49453,62,65,-3,3
49454,79,76,3,3
49455,111,124,-13,13
49456,108,102,6,6
49457,124,103,21,21
49458,93,105,-12,12
49459,121,122,-1,1
49460,49,52,-3,3
49461,72,77,-5,5
49462,86,73,13,13
49463,64,68,-4,4
49464,95,84,11,11
49465,108,109,-1,1
49466,148,141,7,7
49467,71,68,3,3
49468,85,99,-14,14
49469,72,79,-7,7
49470,107,104,3,3
49471,121,106,15,15
49472,119,124,-5,5
49473,81,102,-21,21
49474,94,95,-1,1
49475,147,114,33,33
49476,101,102,-1,1
49477,106,109,-3,3
49478,59,66,-7,7
49479,70,72,-2,2
49480,52,56,-4,4
49481,89,81,8,8
49482,128,122,6,6
49483,111,117,-6,6
49484,146,140,6,6
49485,49,52,-3,3
49486,110,104,6,6
49487,119,104,15,15
49488,96,99,-3,3
49489,119,112,7,7
49490,140,132,8,8
49491,124,118,6,6
49492,90,84,6,6
49493,68,74,-6,6
49494,92,99,-7,7
49495,163,148,15,15
49496,77,73,4,4
49497,103,97,6,6
49498,126,106,20,20
49499,70,76,-6,6
49500,127,115,12,12
49501,76,81,-5,5
49502,138,132,6,6
49503,88,94,-6,6
49504,58,81,-23,23
49505,68,69,-1,1
49506,146,144,2,2
49507,139,136,3,3
49508,71,79,-8,8
49509,143,132,11,11
49510,123,106,17,17
49511,55,62,-7,7
49512,93,93,0,0
49513,74,84,-10,10
49514,122,114,8,8
49515,79,83,-4,4
49516,75,76,-1,1
49517,72,85,-13,13
49518,122,118,4,4
49519,82,83,-1,1
49520,66,69,-3,3
49521,67,72,-5,5
49522,62,66,-4,4
49523,108,98,10,10
49524,82,86,-4,4
49525,93,96,-3,3
49526,57,64,-7,7
49527,73,77,-4,4
49528,116,98,18,18
49529,97,88,9,9
49530,107,105,2,2
49531,69,71,-2,2
49532,118,111,7,7
49533,112,109,3,3
49534,75,82,-7,7
49535,128,131,-3,3
49536,96,95,1,1
49537,81,84,-3,3
49538,149,137,12,12
49539,65,72,-7,7
49540,28,37,-9,9
49541,92,92,0,0
49542,82,77,5,5
49543,65,79,-14,14
49544,130,122,8,8
49545,85,84,1,1
49546,105,104,1,1
49547,119,117,2,2
49548,124,109,15,15
49549,89,88,1,1
49550,52,56,-4,4
49551,95,90,5,5
49552,111,121,-10,10
49553,110,94,16,16
49554,104,100,4,4
49555,107,111,-4,4
49556,79,79,0,0
49557,98,89,9,9
49558,113,111,2,2
49559,59,64,-5,5
49560,86,80,6,6
49561,40,49,-9,9
49562,59,60,-1,1
49563,108,105,3,3
49564,49,62,-13,13
49565,86,77,9,9
49566,84,78,6,6
49567,93,92,1,1
49568,74,76,-2,2
49569,73,75,-2,2
49570,89,94,-5,5
49571,83,89,-6,6
49572,94,100,-6,6
49573,103,94,9,9
49574,117,120,-3,3
49575,162,149,13,13
49576,72,85,-13,13
49577,107,108,-1,1
49578,122,112,10,10
49579,108,106,2,2
49580,96,81,15,15
49581,98,95,3,3
49582,111,111,0,0
49583,51,57,-6,6
49584,70,80,-10,10
49585,64,68,-4,4
49586,47,46,1,1
49587,45,53,-8,8
49588,69,91,-22,22
49589,91,91,0,0
49590,77,68,9,9
49591,83,81,2,2
49592,73,71,2,2
49593,70,73,-3,3
49594,228,172,56,56
49595,50,55,-5,5
49596,69,72,-3,3
49597,88,85,3,3
49598,76,79,-3,3
49599,80,75,5,5
49600,73,74,-1,1
49601,86,87,-1,1
49602,103,119,-16,16
49603,135,126,9,9
49604,75,84,-9,9
49605,78,81,-3,3
49606,114,99,15,15
49607,112,114,-2,2
49608,66,72,-6,6
49609,94,87,7,7
49610,86,78,8,8
49611,86,80,6,6
49612,115,119,-4,4
49613,81,76,5,5
49614,96,101,-5,5
49615,100,93,7,7
49616,137,131,6,6
49617,71,71,0,0
49618,77,75,2,2
49619,102,95,7,7
49620,83,86,-3,3
49621,87,88,-1,1
49622,123,101,22,22
49623,65,74,-9,9
49624,59,69,-10,10
49625,98,96,2,2
49626,127,128,-1,1
49627,141,123,18,18
49628,55,61,-6,6
49629,63,70,-7,7
49630,102,96,6,6
49631,63,73,-10,10
49632,108,98,10,10
49633,105,104,1,1
49634,57,53,4,4
49635,64,58,6,6
49636,83,81,2,2
49637,97,95,2,2
49638,97,97,0,0
49639,84,93,-9,9
49640,117,110,7,7
49641,99,93,6,6
49642,106,104,2,2
49643,101,97,4,4
49644,91,85,6,6
49645,131,119,12,12
49646,162,156,6,6
49647,81,80,1,1
49648,56,64,-8,8
49649,120,101,19,19
49650,103,93,10,10
49651,43,48,-5,5
49652,59,65,-6,6
49653,90,87,3,3
49654,116,108,8,8
49655,55,54,1,1
49656,97,91,6,6
49657,99,93,6,6
49658,52,61,-9,9
49659,32,38,-6,6
49660,91,100,-9,9
49661,92,87,5,5
49662,52,60,-8,8
49663,159,144,15,15
49664,144,128,16,16
49665,115,111,4,4
49666,44,54,-10,10
49667,114,115,-1,1
49668,183,164,19,19
49669,94,90,4,4
49670,82,96,-14,14
49671,85,73,12,12
49672,71,68,3,3
49673,151,140,11,11
49674,98,95,3,3
49675,116,112,4,4
49676,108,99,9,9
49677,85,85,0,0
49678,96,102,-6,6
49679,94,100,-6,6
49680,59,67,-8,8
49681,81,82,-1,1
49682,125,121,4,4
49683,64,74,-10,10
49684,106,98,8,8
49685,89,89,0,0
49686,91,83,8,8
49687,72,66,6,6
49688,69,77,-8,8
49689,94,82,12,12
49690,133,121,12,12
49691,115,114,1,1
49692,92,88,4,4
49693,171,150,21,21
49694,108,104,4,4
49695,102,94,8,8
49696,133,139,-6,6
49697,89,80,9,9
49698,93,90,3,3
49699,39,58,-19,19
49700,119,109,10,10
49701,116,113,3,3
49702,71,65,6,6
49703,121,122,-1,1
49704,109,101,8,8
49705,121,106,15,15
49706,87,92,-5,5
49707,73,85,-12,12
49708,103,92,11,11
49709,50,59,-9,9
49710,53,60,-7,7
49711,94,95,-1,1
49712,143,148,-5,5
49713,68,68,0,0
49714,148,131,17,17
49715,54,55,-1,1
49716,121,109,12,12
49717,116,118,-2,2
49718,91,99,-8,8
49719,74,72,2,2
49720,68,70,-2,2
49721,129,125,4,4
49722,69,68,1,1
49723,43,57,-14,14
49724,125,112,13,13
49725,101,106,-5,5
49726,188,159,29,29
49727,135,121,14,14
49728,57,64,-7,7
49729,96,97,-1,1
49730,68,69,-1,1
49731,154,135,19,19
49732,101,102,-1,1
49733,48,59,-11,11
49734,62,75,-13,13
49735,182,163,19,19
49736,83,79,4,4
49737,52,60,-8,8
49738,97,82,15,15
49739,108,100,8,8
49740,90,93,-3,3
49741,88,85,3,3
49742,109,106,3,3
49743,84,97,-13,13
49744,93,101,-8,8
49745,87,85,2,2
49746,75,76,-1,1
49747,77,84,-7,7
49748,159,142,17,17
49749,56,61,-5,5
49750,135,113,22,22
49751,42,52,-10,10
49752,42,45,-3,3
49753,82,95,-13,13
49754,106,109,-3,3
49755,98,105,-7,7
49756,59,67,-8,8
49757,158,135,23,23
49758,109,112,-3,3
49759,93,92,1,1
49760,174,156,18,18
49761,91,90,1,1
49762,138,114,24,24
49763,104,99,5,5
49764,92,95,-3,3
49765,67,75,-8,8
49766,87,92,-5,5
49767,135,123,12,12
49768,102,94,8,8
49769,164,149,15,15
49770,67,74,-7,7
49771,106,88,18,18
49772,88,95,-7,7
49773,109,107,2,2
49774,97,87,10,10
49775,49,58,-9,9
49776,124,119,5,5
49777,64,65,-1,1
49778,160,145,15,15
49779,108,105,3,3
49780,71,72,-1,1
49781,108,100,8,8
49782,87,87,0,0
49783,181,161,20,20
49784,100,94,6,6
49785,52,56,-4,4
49786,128,123,5,5
49787,84,83,1,1
49788,123,110,13,13
49789,131,127,4,4
49790,113,118,-5,5
49791,127,126,1,1
49792,85,90,-5,5
49793,71,75,-4,4
49794,108,107,1,1
49795,74,71,3,3
49796,160,146,14,14
49797,72,80,-8,8
49798,75,76,-1,1
49799,122,122,0,0
49800,85,86,-1,1
49801,74,83,-9,9
49802,44,75,-31,31
49803,110,120,-10,10
49804,64,72,-8,8
49805,40,54,-14,14
49806,124,112,12,12
49807,88,88,0,0
49808,123,118,5,5
49809,122,120,2,2
49810,122,121,1,1
49811,104,94,10,10
49812,100,103,-3,3
49813,83,79,4,4
49814,50,59,-9,9
49815,93,91,2,2
49816,91,86,5,5
49817,78,81,-3,3
49818,121,109,12,12
49819,90,88,2,2
49820,53,61,-8,8
49821,112,100,12,12
49822,82,82,0,0
49823,167,152,15,15
49824,97,92,5,5
49825,63,65,-2,2
49826,112,110,2,2
49827,102,86,16,16
49828,78,80,-2,2
49829,124,119,5,5
49830,60,63,-3,3
49831,59,58,1,1
49832,55,67,-12,12
49833,154,141,13,13
49834,86,85,1,1
49835,102,94,8,8
49836,70,75,-5,5
49837,47,54,-7,7
49838,79,66,13,13
49839,62,64,-2,2
49840,114,126,-12,12
49841,117,104,13,13
49842,60,63,-3,3
49843,86,77,9,9
49844,152,147,5,5
49845,168,161,7,7
49846,124,126,-2,2
49847,60,63,-3,3
49848,125,112,13,13
49849,62,71,-9,9
49850,88,93,-5,5
49851,66,68,-2,2
49852,175,154,21,21
49853,88,87,1,1
49854,45,60,-15,15
49855,74,73,1,1
49856,135,126,9,9
49857,106,101,5,5
49858,130,113,17,17
49859,79,85,-6,6
49860,81,82,-1,1
49861,65,76,-11,11
49862,107,94,13,13
49863,97,91,6,6
49864,76,87,-11,11
49865,116,104,12,12
49866,59,64,-5,5
49867,54,66,-12,12
49868,98,95,3,3
49869,128,142,-14,14
49870,106,104,2,2
49871,78,82,-4,4
49872,131,130,1,1
49873,69,70,-1,1
49874,153,155,-2,2
49875,71,76,-5,5
49876,67,73,-6,6
49877,107,100,7,7
49878,75,97,-22,22
49879,87,89,-2,2
49880,94,84,10,10
49881,90,99,-9,9
49882,74,82,-8,8
49883,135,127,8,8
49884,134,122,12,12
49885,151,138,13,13
49886,92,97,-5,5
49887,92,98,-6,6
49888,80,85,-5,5
49889,91,95,-4,4
49890,89,92,-3,3
49891,86,81,5,5
49892,76,78,-2,2
49893,107,103,4,4
49894,140,107,33,33
49895,85,101,-16,16
49896,85,84,1,1
49897,69,66,3,3
49898,96,93,3,3
49899,62,62,0,0
49900,79,76,3,3
49901,138,114,24,24
49902,115,104,11,11
49903,106,96,10,10
49904,93,89,4,4
49905,122,117,5,5
49906,106,94,12,12
49907,90,88,2,2
49908,88,78,10,10
49909,72,73,-1,1
49910,84,94,-10,10
49911,138,135,3,3
49912,92,96,-4,4
49913,95,94,1,1
49914,86,82,4,4
49915,73,68,5,5
49916,70,80,-10,10
49917,61,68,-7,7
49918,161,145,16,16
49919,89,84,5,5
49920,130,122,8,8
49921,99,73,26,26
49922,79,80,-1,1
49923,47,59,-12,12
49924,75,87,-12,12
49925,69,71,-2,2
49926,78,81,-3,3
49927,45,52,-7,7
49928,67,79,-12,12
49929,99,101,-2,2
49930,92,101,-9,9
49931,116,107,9,9
49932,132,117,15,15
49933,88,93,-5,5
49934,94,97,-3,3
49935,112,117,-5,5
49936,40,58,-18,18
49937,58,63,-5,5
49938,88,78,10,10
49939,85,84,1,1
49940,86,61,25,25
49941,145,140,5,5
49942,105,99,6,6
49943,99,94,5,5
49944,62,68,-6,6
49945,95,95,0,0
49946,90,80,10,10
49947,57,54,3,3
49948,104,96,8,8
49949,70,70,0,0
49950,103,91,12,12
49951,102,92,10,10
49952,56,63,-7,7
49953,67,70,-3,3
49954,65,70,-5,5
49955,65,75,-10,10
49956,100,124,-24,24
49957,77,88,-11,11
49958,140,121,19,19
49959,86,78,8,8
49960,123,117,6,6
49961,33,78,-45,45
49962,102,98,4,4
49963,116,108,8,8
49964,63,70,-7,7
49965,79,84,-5,5
49966,160,145,15,15
49967,60,65,-5,5
49968,65,63,2,2
49969,84,87,-3,3
49970,67,71,-4,4
49971,90,92,-2,2
49972,70,81,-11,11
49973,68,73,-5,5
49974,104,113,-9,9
49975,87,88,-1,1
49976,124,108,16,16
49977,128,122,6,6
49978,166,158,8,8
49979,72,77,-5,5
49980,54,59,-5,5
49981,111,97,14,14
49982,93,87,6,6
49983,107,101,6,6
49984,137,128,9,9
49985,89,83,6,6
49986,68,63,5,5
49987,52,58,-6,6
49988,75,85,-10,10
49989,79,77,2,2
49990,48,59,-11,11
49991,75,74,1,1
49992,85,81,4,4
49993,78,81,-3,3
49994,101,95,6,6
49995,173,149,24,24
49996,90,85,5,5
49997,55,56,-1,1
49998,98,100,-2,2
49999,131,112,19,19
50000,149,134,15,15
50001,90,90,0,0
50002,51,54,-3,3
50003,68,72,-4,4
50004,111,100,11,11
50005,77,83,-6,6
50006,150,136,14,14
50007,123,116,7,7
50008,42,53,-11,11
50009,111,104,7,7
50010,73,77,-4,4
50011,77,80,-3,3
50012,74,89,-15,15
50013,145,125,20,20
50014,77,71,6,6
50015,102,104,-2,2
50016,79,81,-2,2
50017,65,68,-3,3
50018,64,69,-5,5
50019,54,52,2,2
50020,127,114,13,13
50021,126,128,-2,2
50022,83,84,-1,1
50023,108,96,12,12
50024,103,99,4,4
50025,132,130,2,2
50026,141,124,17,17
50027,132,125,7,7
50028,71,75,-4,4
50029,111,105,6,6
50030,133,116,17,17
50031,102,101,1,1
50032,57,62,-5,5
50033,92,103,-11,11
50034,120,106,14,14
50035,85,80,5,5
50036,86,90,-4,4
50037,79,74,5,5
50038,69,79,-10,10
50039,63,57,6,6
50040,118,118,0,0
50041,132,117,15,15
50042,72,76,-4,4
50043,98,108,-10,10
50044,110,103,7,7
50045,105,109,-4,4
50046,67,71,-4,4
50047,92,94,-2,2
50048,118,130,-12,12
50049,134,117,17,17
50050,70,70,0,0
50051,129,116,13,13
50052,67,67,0,0
50053,36,49,-13,13
50054,137,141,-4,4
50055,40,56,-16,16
50056,89,88,1,1
50057,89,87,2,2
50058,83,82,1,1
50059,70,88,-18,18
50060,125,121,4,4
50061,113,107,6,6
50062,64,67,-3,3
50063,101,92,9,9
50064,92,89,3,3
50065,118,110,8,8
50066,70,73,-3,3
50067,87,114,-27,27
50068,112,104,8,8
50069,195,180,15,15
50070,122,118,4,4
50071,59,63,-4,4
50072,155,142,13,13
50073,131,119,12,12
50074,143,118,25,25
50075,117,102,15,15
50076,120,113,7,7
50077,113,104,9,9
50078,102,96,6,6
50079,131,116,15,15
50080,105,96,9,9
50081,87,89,-2,2
50082,66,71,-5,5
50083,122,134,-12,12
50084,116,98,18,18
50085,104,99,5,5
50086,51,58,-7,7
50087,90,92,-2,2
50088,87,87,0,0
50089,93,98,-5,5
50090,61,71,-10,10
50091,106,107,-1,1
50092,47,57,-10,10
50093,80,80,0,0
50094,74,75,-1,1
50095,50,58,-8,8
50096,167,155,12,12
50097,56,59,-3,3
50098,110,120,-10,10
50099,160,128,32,32
50100,105,106,-1,1
50101,63,65,-2,2
50102,97,95,2,2
50103,98,95,3,3
50104,108,105,3,3
50105,105,102,3,3
50106,119,106,13,13
50107,144,126,18,18
50108,65,67,-2,2
50109,112,104,8,8
50110,113,101,12,12
50111,98,104,-6,6
50112,83,78,5,5
50113,170,156,14,14
50114,88,92,-4,4
50115,109,97,12,12
50116,92,89,3,3
50117,121,120,1,1
50118,58,56,2,2
50119,96,122,-26,26
50120,108,99,9,9
50121,150,145,5,5
50122,78,78,0,0
50123,43,49,-6,6
50124,49,60,-11,11
50125,173,148,25,25
50126,100,94,6,6
50127,104,98,6,6
50128,76,89,-13,13
50129,108,103,5,5
50130,148,138,10,10
50131,74,77,-3,3
50132,72,68,4,4
50133,78,71,7,7
50134,108,107,1,1
50135,92,93,-1,1
50136,94,98,-4,4
50137,104,104,0,0
50138,102,106,-4,4
50139,70,71,-1,1
50140,88,83,5,5
50141,104,106,-2,2
50142,115,96,19,19
50143,87,79,8,8
50144,110,106,4,4
50145,70,78,-8,8
50146,78,79,-1,1
50147,80,83,-3,3
50148,56,60,-4,4
50149,125,117,8,8
50150,79,77,2,2
50151,90,82,8,8
50152,134,130,4,4
50153,123,116,7,7
50154,116,98,18,18
50155,79,81,-2,2
50156,100,111,-11,11
50157,55,63,-8,8
50158,86,82,4,4
50159,125,128,-3,3
50160,68,71,-3,3
50161,73,80,-7,7
50162,103,95,8,8
50163,172,167,5,5
50164,18,29,-11,11
50165,80,83,-3,3
50166,64,66,-2,2
50167,90,88,2,2
50168,100,102,-2,2
50169,52,65,-13,13
50170,199,173,26,26
50171,90,94,-4,4
50172,80,96,-16,16
50173,138,142,-4,4
50174,64,72,-8,8
50175,101,96,5,5
50176,116,128,-12,12
50177,134,113,21,21
50178,113,105,8,8
50179,84,82,2,2
50180,55,73,-18,18
50181,194,169,25,25
50182,81,86,-5,5
50183,100,96,4,4
50184,97,98,-1,1
50185,64,66,-2,2
50186,55,62,-7,7
50187,68,76,-8,8
50188,103,101,2,2
50189,102,89,13,13
50190,68,67,1,1
50191,95,91,4,4
50192,74,78,-4,4
50193,77,70,7,7
50194,97,104,-7,7
50195,77,74,3,3
50196,124,116,8,8
50197,62,68,-6,6
50198,78,83,-5,5
50199,149,137,12,12
50200,53,65,-12,12
50201,80,88,-8,8
50202,82,91,-9,9
50203,69,72,-3,3
50204,80,90,-10,10
50205,45,51,-6,6
50206,66,71,-5,5
50207,46,58,-12,12
50208,82,88,-6,6
50209,45,52,-7,7
50210,105,100,5,5
50211,109,97,12,12
50212,89,91,-2,2
50213,69,71,-2,2
50214,132,107,25,25
50215,106,103,3,3
50216,132,125,7,7
50217,141,138,3,3
50218,282,249,33,33
50219,151,159,-8,8
50220,93,89,4,4
50221,129,126,3,3
50222,82,91,-9,9
50223,72,76,-4,4
50224,86,85,1,1
50225,42,43,-1,1
50226,85,79,6,6
50227,105,94,11,11
50228,110,103,7,7
50229,50,57,-7,7
50230,88,98,-10,10
50231,98,87,11,11
50232,85,79,6,6
50233,122,126,-4,4
50234,122,142,-20,20
50235,124,114,10,10
50236,77,79,-2,2
50237,117,114,3,3
50238,98,109,-11,11
50239,90,87,3,3
50240,129,115,14,14
50241,88,97,-9,9
50242,73,77,-4,4
50243,77,81,-4,4
50244,139,144,-5,5
50245,96,90,6,6
50246,102,94,8,8
50247,87,89,-2,2
50248,70,73,-3,3
50249,159,150,9,9
50250,60,65,-5,5
50251,69,68,1,1
50252,113,110,3,3
50253,156,145,11,11
50254,118,103,15,15
50255,53,59,-6,6
50256,104,107,-3,3
50257,83,79,4,4
50258,67,64,3,3
50259,95,105,-10,10
50260,103,99,4,4
50261,132,144,-12,12
50262,115,104,11,11
50263,89,91,-2,2
50264,107,98,9,9
50265,99,102,-3,3
50266,97,97,0,0
50267,54,61,-7,7
50268,101,98,3,3
50269,97,89,8,8
50270,81,85,-4,4
50271,150,152,-2,2
50272,76,100,-24,24
50273,87,93,-6,6
50274,101,114,-13,13
50275,51,58,-7,7
50276,99,96,3,3
50277,76,77,-1,1
50278,170,154,16,16
50279,129,107,22,22
50280,73,80,-7,7
50281,172,170,2,2
50282,142,132,10,10
50283,104,100,4,4
50284,125,118,7,7
50285,51,59,-8,8
50286,127,127,0,0
50287,150,134,16,16
50288,71,79,-8,8
50289,129,132,-3,3
50290,92,99,-7,7
50291,83,80,3,3
50292,82,88,-6,6
50293,143,148,-5,5
50294,105,101,4,4
50295,60,64,-4,4
50296,79,84,-5,5
50297,26,38,-12,12
50298,131,111,20,20
50299,90,84,6,6
50300,72,73,-1,1
50301,62,68,-6,6
50302,76,73,3,3
50303,138,131,7,7
50304,81,83,-2,2
50305,108,99,9,9
50306,88,95,-7,7
50307,115,114,1,1
50308,123,113,10,10
50309,89,94,-5,5
50310,123,118,5,5
50311,104,95,9,9
50312,67,67,0,0
50313,82,90,-8,8
50314,68,67,1,1
50315,72,71,1,1
50316,92,91,1,1
50317,60,65,-5,5
50318,76,91,-15,15
50319,91,93,-2,2
50320,95,87,8,8
50321,101,103,-2,2
50322,96,98,-2,2
50323,122,112,10,10
50324,139,134,5,5
50325,141,112,29,29
50326,89,82,7,7
50327,103,113,-10,10
50328,51,62,-11,11
50329,75,86,-11,11
50330,107,115,-8,8
50331,64,69,-5,5
50332,54,58,-4,4
50333,90,86,4,4
50334,75,82,-7,7
50335,136,126,10,10
50336,99,107,-8,8
50337,128,137,-9,9
50338,125,102,23,23
50339,131,115,16,16
50340,61,55,6,6
50341,60,62,-2,2
50342,70,84,-14,14
50343,136,137,-1,1
50344,91,81,10,10
50345,74,74,0,0
50346,63,72,-9,9
50347,113,101,12,12
50348,78,70,8,8
50349,208,173,35,35
50350,153,141,12,12
50351,154,150,4,4
50352,92,93,-1,1
50353,61,65,-4,4
50354,88,94,-6,6
50355,53,70,-17,17
50356,60,63,-3,3
50357,101,95,6,6
50358,108,105,3,3
50359,70,67,3,3
50360,73,72,1,1
50361,86,90,-4,4
50362,63,65,-2,2
50363,105,105,0,0
50364,72,68,4,4
50365,145,128,17,17
50366,71,73,-2,2
50367,148,134,14,14
50368,68,79,-11,11
50369,158,143,15,15
50370,176,160,16,16
50371,98,83,15,15
50372,151,139,12,12
50373,72,90,-18,18
50374,48,58,-10,10
50375,77,76,1,1
50376,65,68,-3,3
50377,107,106,1,1
50378,93,86,7,7
50379,103,109,-6,6
50380,95,91,4,4
50381,45,56,-11,11
50382,148,142,6,6
50383,130,121,9,9
50384,123,116,7,7
50385,91,94,-3,3
50386,127,148,-21,21
50387,66,78,-12,12
50388,71,72,-1,1
50389,133,123,10,10
50390,111,115,-4,4
50391,92,98,-6,6
50392,72,72,0,0
50393,70,70,0,0
50394,158,149,9,9
50395,56,59,-3,3
50396,63,70,-7,7
50397,73,73,0,0
50398,170,151,19,19
50399,118,118,0,0
50400,83,89,-6,6
50401,59,68,-9,9
50402,95,81,14,14
50403,79,66,13,13
50404,79,76,3,3
50405,103,114,-11,11
50406,127,122,5,5
50407,93,97,-4,4
50408,82,80,2,2
50409,48,55,-7,7
50410,90,93,-3,3
50411,76,70,6,6
50412,91,95,-4,4
50413,43,54,-11,11
50414,66,72,-6,6
50415,55,62,-7,7
50416,93,92,1,1
50417,102,97,5,5
50418,56,62,-6,6
50419,91,90,1,1
50420,126,126,0,0
50421,78,86,-8,8
50422,81,81,0,0
50423,103,99,4,4
50424,114,104,10,10
50425,103,101,2,2
50426,137,135,2,2
50427,111,106,5,5
50428,71,75,-4,4
50429,99,86,13,13
50430,118,112,6,6
50431,145,131,14,14
50432,83,80,3,3
50433,59,58,1,1
50434,79,83,-4,4
50435,60,62,-2,2
50436,59,60,-1,1
50437,109,111,-2,2
50438,74,81,-7,7
50439,125,130,-5,5
50440,112,98,14,14
50441,74,75,-1,1
50442,149,138,11,11
50443,79,87,-8,8
50444,76,78,-2,2
50445,124,113,11,11
50446,62,68,-6,6
50447,59,78,-19,19
50448,190,167,23,23
50449,62,83,-21,21
50450,105,109,-4,4
50451,97,82,15,15
50452,128,120,8,8
50453,113,107,6,6
50454,98,88,10,10
50455,37,49,-12,12
50456,136,130,6,6
50457,79,93,-14,14
50458,47,60,-13,13
50459,98,86,12,12
50460,101,102,-1,1
50461,87,89,-2,2
50462,49,62,-13,13
50463,88,76,12,12
50464,92,90,2,2
50465,128,121,7,7
50466,111,104,7,7
50467,106,99,7,7
50468,57,66,-9,9
50469,95,101,-6,6
50470,60,60,0,0
50471,131,116,15,15
50472,88,82,6,6
50473,83,86,-3,3
50474,109,104,5,5
50475,114,110,4,4
50476,84,88,-4,4
50477,85,86,-1,1
50478,86,87,-1,1
50479,76,78,-2,2
50480,112,99,13,13
50481,106,108,-2,2
50482,56,63,-7,7
50483,120,121,-1,1
50484,53,64,-11,11
50485,32,56,-24,24
50486,184,171,13,13
50487,82,77,5,5
50488,66,67,-1,1
50489,67,78,-11,11
50490,123,124,-1,1
50491,123,115,8,8
50492,146,128,18,18
50493,74,77,-3,3
50494,113,103,10,10
50495,102,105,-3,3
50496,143,127,16,16
50497,88,87,1,1
50498,136,125,11,11
50499,149,149,0,0
50500,165,155,10,10
50501,59,65,-6,6
50502,87,83,4,4
50503,85,80,5,5
50504,54,64,-10,10
50505,48,51,-3,3
50506,73,70,3,3
50507,74,73,1,1
50508,125,129,-4,4
50509,71,68,3,3
50510,36,44,-8,8
50511,127,107,20,20
50512,71,71,0,0
50513,92,90,2,2
50514,55,60,-5,5
50515,62,60,2,2
50516,76,70,6,6
50517,64,66,-2,2
50518,129,123,6,6
50519,147,138,9,9
50520,69,73,-4,4
50521,76,72,4,4
50522,86,87,-1,1
50523,66,60,6,6
50524,76,74,2,2
50525,74,79,-5,5
50526,54,60,-6,6
50527,109,109,0,0
50528,141,133,8,8
50529,55,64,-9,9
50530,121,104,17,17
50531,79,84,-5,5
50532,80,77,3,3
50533,156,151,5,5
50534,44,49,-5,5
50535,114,101,13,13
50536,105,101,4,4
50537,73,76,-3,3
50538,84,84,0,0
50539,176,160,16,16
50540,62,64,-2,2
50541,121,111,10,10
50542,114,115,-1,1
50543,87,91,-4,4
50544,77,86,-9,9
50545,64,66,-2,2
50546,165,149,16,16
50547,139,145,-6,6
50548,121,114,7,7
50549,97,93,4,4
50550,193,162,31,31
50551,125,123,2,2
50552,76,95,-19,19
50553,54,54,0,0
50554,134,138,-4,4
50555,72,75,-3,3
50556,96,93,3,3
50557,37,44,-7,7
50558,125,112,13,13
50559,87,80,7,7
50560,33,41,-8,8
50561,71,74,-3,3
50562,53,59,-6,6
50563,59,64,-5,5
50564,110,100,10,10
50565,82,86,-4,4
50566,110,105,5,5
50567,64,64,0,0
50568,65,69,-4,4
50569,134,120,14,14
50570,58,64,-6,6
50571,90,97,-7,7
50572,79,85,-6,6
50573,66,85,-19,19
50574,88,99,-11,11
50575,89,113,-24,24
50576,124,120,4,4
50577,111,105,6,6
50578,144,126,18,18
50579,131,131,0,0
50580,133,129,4,4
50581,104,102,2,2
50582,63,70,-7,7
50583,72,68,4,4
50584,76,75,1,1
50585,59,60,-1,1
50586,110,101,9,9
50587,69,69,0,0
50588,112,105,7,7
50589,41,59,-18,18
50590,135,124,11,11
50591,101,118,-17,17
50592,86,82,4,4
50593,116,122,-6,6
50594,88,88,0,0
50595,74,87,-13,13
50596,41,55,-14,14
50597,91,99,-8,8
50598,164,150,14,14
50599,58,57,1,1
50600,203,165,38,38
50601,84,90,-6,6
50602,91,77,14,14
50603,98,100,-2,2
50604,123,125,-2,2
50605,63,61,2,2
50606,88,81,7,7
50607,92,99,-7,7
50608,117,111,6,6
50609,72,66,6,6
50610,69,71,-2,2
50611,77,78,-1,1
50612,77,76,1,1
50613,73,71,2,2
50614,94,93,1,1
50615,118,109,9,9
50616,98,95,3,3
50617,82,82,0,0
50618,137,119,18,18
50619,84,93,-9,9
50620,113,107,6,6
50621,145,127,18,18
50622,67,70,-3,3
50623,101,101,0,0
50624,37,68,-31,31
50625,49,61,-12,12
50626,63,71,-8,8
50627,76,77,-1,1
50628,216,174,42,42
50629,138,137,1,1
50630,96,98,-2,2
50631,76,88,-12,12
50632,66,69,-3,3
50633,55,54,1,1
50634,92,90,2,2
50635,83,90,-7,7
50636,107,119,-12,12
50637,124,112,12,12
50638,78,77,1,1
50639,149,145,4,4
50640,154,147,7,7
50641,67,68,-1,1
50642,82,84,-2,2
50643,99,100,-1,1
50644,107,108,-1,1
50645,156,147,9,9
50646,174,181,-7,7
50647,103,99,4,4
50648,116,112,4,4
50649,44,43,1,1
50650,108,105,3,3
50651,94,102,-8,8
50652,63,71,-8,8
50653,95,94,1,1
50654,57,63,-6,6
50655,72,75,-3,3
50656,72,73,-1,1
50657,101,100,1,1
50658,94,115,-21,21
50659,86,75,11,11
50660,157,144,13,13
50661,56,61,-5,5
50662,77,80,-3,3
50663,76,87,-11,11
50664,164,157,7,7
50665,68,79,-11,11
50666,65,75,-10,10
50667,124,121,3,3
50668,62,65,-3,3
50669,138,125,13,13
50670,146,141,5,5
50671,135,150,-15,15
50672,124,111,13,13
50673,105,98,7,7
50674,71,70,1,1
50675,84,83,1,1
50676,84,77,7,7
50677,70,70,0,0
50678,112,104,8,8
50679,127,124,3,3
50680,51,125,-74,74
50681,104,101,3,3
50682,96,103,-7,7
50683,97,85,12,12
50684,72,77,-5,5
50685,117,108,9,9
50686,115,124,-9,9
50687,76,81,-5,5
50688,98,101,-3,3
50689,70,76,-6,6
50690,97,101,-4,4
50691,131,141,-10,10
50692,50,57,-7,7
50693,68,70,-2,2
50694,64,64,0,0
50695,103,104,-1,1
50696,48,53,-5,5
50697,106,101,5,5
50698,80,83,-3,3
50699,131,130,1,1
50700,59,67,-8,8
50701,196,176,20,20
50702,143,148,-5,5
50703,74,71,3,3
50704,69,76,-7,7
50705,70,75,-5,5
50706,114,102,12,12
50707,70,70,0,0
50708,42,54,-12,12
50709,112,124,-12,12
50710,79,71,8,8
50711,159,154,5,5
50712,121,104,17,17
50713,69,75,-6,6
50714,93,83,10,10
50715,90,89,1,1
50716,91,95,-4,4
50717,65,71,-6,6
50718,136,143,-7,7
50719,65,72,-7,7
50720,51,62,-11,11
50721,131,117,14,14
50722,81,84,-3,3
50723,60,116,-56,56
50724,99,94,5,5
50725,37,73,-36,36
50726,131,116,15,15
50727,164,137,27,27
50728,63,69,-6,6
50729,208,177,31,31
50730,40,56,-16,16
50731,94,100,-6,6
50732,114,111,3,3
50733,72,78,-6,6
50734,83,78,5,5
50735,65,72,-7,7
50736,124,124,0,0
50737,45,55,-10,10
50738,78,78,0,0
50739,139,127,12,12
50740,63,69,-6,6
50741,88,94,-6,6
50742,81,84,-3,3
50743,79,69,10,10
50744,106,101,5,5
50745,129,118,11,11
50746,107,110,-3,3
50747,67,76,-9,9
50748,119,116,3,3
50749,96,98,-2,2
50750,96,86,10,10
50751,64,71,-7,7
50752,110,102,8,8
50753,122,122,0,0
50754,159,155,4,4
50755,84,87,-3,3
50756,78,76,2,2
50757,186,175,11,11
50758,77,77,0,0
50759,95,88,7,7
50760,78,78,0,0
50761,84,102,-18,18
50762,115,107,8,8
50763,104,104,0,0
50764,84,78,6,6
50765,94,86,8,8
50766,103,95,8,8
50767,120,115,5,5
50768,80,88,-8,8
50769,63,60,3,3
50770,113,120,-7,7
50771,82,88,-6,6
50772,111,109,2,2
50773,103,103,0,0
50774,122,115,7,7
50775,81,83,-2,2
50776,141,142,-1,1
50777,122,119,3,3
50778,136,128,8,8
50779,67,73,-6,6
50780,91,101,-10,10
50781,86,90,-4,4
50782,97,90,7,7
50783,42,67,-25,25
50784,63,69,-6,6
50785,118,112,6,6
50786,81,92,-11,11
50787,62,61,1,1
50788,55,64,-9,9
50789,89,91,-2,2
50790,71,74,-3,3
50791,57,64,-7,7
50792,83,86,-3,3
50793,153,140,13,13
50794,106,97,9,9
50795,122,107,15,15
50796,76,77,-1,1
50797,90,94,-4,4
50798,70,83,-13,13
50799,33,39,-6,6
50800,83,80,3,3
50801,50,61,-11,11
50802,118,110,8,8
50803,115,107,8,8
50804,45,47,-2,2
50805,58,61,-3,3
50806,38,49,-11,11
50807,97,102,-5,5
50808,39,53,-14,14
50809,28,37,-9,9
50810,117,113,4,4
50811,115,104,11,11
50812,121,113,8,8
50813,105,111,-6,6
50814,88,85,3,3
50815,64,75,-11,11
50816,85,86,-1,1
50817,103,89,14,14
50818,76,77,-1,1
50819,60,68,-8,8
50820,73,77,-4,4
50821,70,67,3,3
50822,54,59,-5,5
50823,83,92,-9,9
50824,77,79,-2,2
50825,58,60,-2,2
50826,105,95,10,10
50827,145,136,9,9
50828,119,98,21,21
50829,100,96,4,4
50830,84,87,-3,3
50831,88,81,7,7
50832,90,84,6,6
50833,65,75,-10,10
50834,131,124,7,7
50835,76,92,-16,16
50836,166,163,3,3
50837,52,55,-3,3
50838,156,151,5,5
50839,139,148,-9,9
50840,80,77,3,3
50841,73,80,-7,7
50842,94,93,1,1
50843,83,83,0,0
50844,108,98,10,10
50845,71,72,-1,1
50846,98,104,-6,6
50847,94,93,1,1
50848,99,95,4,4
50849,29,32,-3,3
50850,85,81,4,4
50851,92,92,0,0
50852,96,97,-1,1
50853,107,100,7,7
50854,31,55,-24,24
50855,80,65,15,15
50856,86,83,3,3
50857,147,134,13,13
50858,113,112,1,1
50859,58,62,-4,4
50860,69,76,-7,7
50861,81,85,-4,4
50862,105,104,1,1
50863,146,125,21,21
50864,126,119,7,7
50865,72,74,-2,2
50866,110,102,8,8
50867,140,137,3,3
50868,93,87,6,6
50869,88,88,0,0
50870,84,97,-13,13
50871,57,62,-5,5
50872,78,76,2,2
50873,76,75,1,1
50874,143,122,21,21
50875,108,138,-30,30
50876,45,63,-18,18
50877,87,92,-5,5
50878,77,82,-5,5
50879,96,113,-17,17
50880,84,82,2,2
50881,60,67,-7,7
50882,74,82,-8,8
50883,83,81,2,2
50884,69,69,0,0
50885,58,55,3,3
50886,73,73,0,0
50887,81,87,-6,6
50888,106,97,9,9
50889,140,145,-5,5
50890,75,79,-4,4
50891,102,103,-1,1
50892,137,115,22,22
50893,63,95,-32,32
50894,80,76,4,4
50895,65,72,-7,7
50896,151,142,9,9
50897,138,134,4,4
50898,104,93,11,11
50899,142,133,9,9
50900,77,86,-9,9
50901,102,104,-2,2
50902,83,86,-3,3
50903,74,83,-9,9
50904,113,107,6,6
50905,115,110,5,5
50906,86,94,-8,8
50907,66,64,2,2
50908,123,113,10,10
50909,173,159,14,14
50910,138,142,-4,4
50911,121,115,6,6
50912,187,175,12,12
50913,103,93,10,10
50914,93,144,-51,51
50915,134,125,9,9
50916,84,80,4,4
50917,140,129,11,11
50918,139,121,18,18
50919,112,117,-5,5
50920,81,81,0,0
50921,48,52,-4,4
50922,111,103,8,8
50923,133,122,11,11
50924,158,147,11,11
50925,47,58,-11,11
50926,115,118,-3,3
50927,59,69,-10,10
50928,136,125,11,11
50929,86,90,-4,4
50930,89,96,-7,7
50931,104,105,-1,1
50932,88,89,-1,1
50933,68,72,-4,4
50934,105,96,9,9
50935,122,112,10,10
50936,93,87,6,6
50937,172,157,15,15
50938,77,84,-7,7
50939,141,132,9,9
50940,106,107,-1,1
50941,102,107,-5,5
50942,136,126,10,10
50943,83,78,5,5
50944,60,66,-6,6
50945,90,101,-11,11
50946,69,74,-5,5
50947,96,94,2,2
50948,101,100,1,1
50949,90,79,11,11
50950,95,98,-3,3
50951,80,91,-11,11
50952,91,94,-3,3
50953,125,115,10,10
50954,85,81,4,4
50955,129,125,4,4
50956,117,118,-1,1
50957,77,78,-1,1
50958,82,86,-4,4
50959,135,124,11,11
50960,120,115,5,5
50961,89,80,9,9
50962,161,154,7,7
50963,70,75,-5,5
50964,60,68,-8,8
50965,172,157,15,15
50966,136,125,11,11
50967,86,81,5,5
50968,106,108,-2,2
50969,107,110,-3,3
50970,98,99,-1,1
50971,120,141,-21,21
50972,158,151,7,7
50973,61,63,-2,2
50974,101,96,5,5
50975,94,94,0,0
50976,60,72,-12,12
50977,68,72,-4,4
50978,99,86,13,13
50979,56,58,-2,2
50980,110,99,11,11
50981,102,99,3,3
50982,83,88,-5,5
50983,92,95,-3,3
50984,77,73,4,4
50985,125,139,-14,14
50986,79,73,6,6
50987,67,67,0,0
50988,113,108,5,5
50989,122,119,3,3
50990,131,123,8,8
50991,104,98,6,6
50992,89,104,-15,15
50993,92,94,-2,2
50994,217,153,64,64
50995,45,34,11,11
50996,69,81,-12,12
50997,112,113,-1,1
50998,146,117,29,29
50999,95,97,-2,2
51000,91,94,-3,3
51001,70,75,-5,5
51002,75,87,-12,12
51003,95,96,-1,1
51004,112,98,14,14
51005,58,64,-6,6
51006,54,59,-5,5
51007,94,96,-2,2
51008,108,97,11,11
51009,89,93,-4,4
51010,90,90,0,0
51011,129,122,7,7
51012,105,96,9,9
51013,94,90,4,4
51014,132,143,-11,11
51015,95,98,-3,3
51016,68,63,5,5
51017,97,89,8,8
51018,128,118,10,10
51019,116,116,0,0
51020,93,93,0,0
51021,89,81,8,8
51022,176,168,8,8
51023,172,166,6,6
51024,54,57,-3,3
51025,60,67,-7,7
51026,39,56,-17,17
51027,96,85,11,11
51028,60,79,-19,19
51029,52,56,-4,4
51030,105,101,4,4
51031,137,134,3,3
51032,151,132,19,19
51033,108,118,-10,10
51034,100,95,5,5
51035,68,73,-5,5
51036,99,100,-1,1
51037,100,99,1,1
51038,112,104,8,8
51039,78,72,6,6
51040,110,107,3,3
51041,70,67,3,3
51042,122,112,10,10
51043,72,82,-10,10
51044,191,167,24,24
51045,106,105,1,1
51046,102,99,3,3
51047,130,113,17,17
51048,83,82,1,1
51049,70,75,-5,5
51050,93,97,-4,4
51051,98,92,6,6
51052,72,73,-1,1
51053,121,108,13,13
51054,157,145,12,12
51055,72,80,-8,8
51056,88,87,1,1
51057,109,108,1,1
51058,129,114,15,15
51059,185,165,20,20
51060,82,91,-9,9
51061,45,47,-2,2
51062,47,54,-7,7
51063,75,83,-8,8
51064,107,94,13,13
51065,73,78,-5,5
51066,90,87,3,3
51067,69,82,-13,13
51068,100,108,-8,8
51069,87,81,6,6
51070,56,59,-3,3
51071,83,78,5,5
51072,140,141,-1,1
51073,64,60,4,4
51074,97,93,4,4
51075,86,85,1,1
51076,129,114,15,15
51077,119,109,10,10
51078,85,85,0,0
51079,109,99,10,10
51080,92,92,0,0
51081,152,130,22,22
51082,74,80,-6,6
51083,147,180,-33,33
51084,117,112,5,5
51085,85,92,-7,7
51086,115,125,-10,10
51087,96,92,4,4
51088,109,107,2,2
51089,70,74,-4,4
51090,107,101,6,6
51091,71,83,-12,12
51092,80,84,-4,4
51093,117,108,9,9
51094,149,147,2,2
51095,74,76,-2,2
51096,100,95,5,5
51097,131,132,-1,1
51098,100,98,2,2
51099,72,70,2,2
51100,92,105,-13,13
51101,68,69,-1,1
51102,71,78,-7,7
51103,60,60,0,0
51104,74,77,-3,3
51105,114,106,8,8
51106,44,49,-5,5
51107,104,110,-6,6
51108,143,138,5,5
51109,159,145,14,14
51110,76,78,-2,2
51111,93,93,0,0
51112,91,91,0,0
51113,91,94,-3,3
51114,188,163,25,25
51115,85,85,0,0
51116,58,56,2,2
51117,115,107,8,8
51118,51,58,-7,7
51119,49,56,-7,7
51120,108,109,-1,1
51121,92,94,-2,2
51122,102,105,-3,3
51123,113,108,5,5
51124,100,97,3,3
51125,80,76,4,4
51126,109,114,-5,5
51127,72,74,-2,2
51128,91,94,-3,3
51129,93,91,2,2
51130,44,52,-8,8
51131,104,107,-3,3
51132,50,65,-15,15
51133,76,81,-5,5
51134,53,55,-2,2
51135,119,110,9,9
51136,105,96,9,9
51137,110,120,-10,10
51138,148,145,3,3
51139,105,95,10,10
51140,139,128,11,11
51141,97,87,10,10
51142,113,99,14,14
51143,85,84,1,1
51144,113,104,9,9
51145,60,64,-4,4
51146,66,63,3,3
51147,115,109,6,6
51148,30,46,-16,16
51149,76,74,2,2
51150,73,79,-6,6
51151,72,81,-9,9
51152,141,133,8,8
51153,58,69,-11,11
51154,101,99,2,2
51155,80,73,7,7
51156,76,76,0,0
51157,118,117,1,1
51158,97,95,2,2
51159,96,107,-11,11
51160,40,47,-7,7
51161,157,146,11,11
51162,125,116,9,9
51163,99,92,7,7
51164,66,69,-3,3
51165,117,109,8,8
51166,94,100,-6,6
51167,54,64,-10,10
51168,62,64,-2,2
51169,74,74,0,0
51170,166,152,14,14
51171,142,142,0,0
51172,81,93,-12,12
51173,110,116,-6,6
51174,114,104,10,10
51175,96,94,2,2
51176,54,60,-6,6
51177,97,97,0,0
51178,86,98,-12,12
51179,67,75,-8,8
51180,65,70,-5,5
51181,89,97,-8,8
51182,86,91,-5,5
51183,71,76,-5,5
51184,146,144,2,2
51185,81,73,8,8
51186,108,103,5,5
51187,116,113,3,3
51188,90,96,-6,6
51189,108,97,11,11
51190,127,117,10,10
51191,60,65,-5,5
51192,66,64,2,2
51193,180,161,19,19
51194,52,57,-5,5
51195,93,93,0,0
51196,127,124,3,3
51197,96,89,7,7
51198,110,91,19,19
51199,102,105,-3,3
51200,110,107,3,3
51201,72,68,4,4
51202,161,146,15,15
51203,89,81,8,8
51204,78,77,1,1
51205,77,86,-9,9
51206,80,79,1,1
51207,78,80,-2,2
51208,135,114,21,21
51209,88,80,8,8
51210,102,87,15,15
51211,73,76,-3,3
51212,101,98,3,3
51213,84,82,2,2
51214,87,84,3,3
51215,79,85,-6,6
51216,84,87,-3,3
51217,140,133,7,7
51218,106,106,0,0
51219,75,70,5,5
51220,94,92,2,2
51221,79,85,-6,6
51222,93,92,1,1
51223,155,145,10,10
51224,97,99,-2,2
51225,109,116,-7,7
51226,115,104,11,11
51227,126,115,11,11
51228,90,93,-3,3
51229,72,76,-4,4
51230,63,64,-1,1
51231,105,102,3,3
51232,68,71,-3,3
51233,143,143,0,0
51234,116,113,3,3
51235,121,122,-1,1
51236,130,106,24,24
51237,75,75,0,0
51238,70,78,-8,8
51239,109,95,14,14
51240,98,95,3,3
51241,106,90,16,16
51242,76,79,-3,3
51243,60,60,0,0
51244,68,75,-7,7
51245,165,145,20,20
51246,90,102,-12,12
51247,178,158,20,20
51248,79,83,-4,4
51249,72,67,5,5
51250,87,86,1,1
51251,82,82,0,0
51252,57,63,-6,6
51253,110,110,0,0
51254,111,108,3,3
51255,70,81,-11,11
51256,112,111,1,1
51257,52,58,-6,6
51258,94,87,7,7
51259,97,97,0,0
51260,66,69,-3,3
51261,67,75,-8,8
51262,66,73,-7,7
51263,107,105,2,2
51264,156,177,-21,21
51265,40,91,-51,51
51266,60,68,-8,8
51267,109,130,-21,21
51268,62,67,-5,5
51269,126,110,16,16
51270,96,97,-1,1
51271,106,96,10,10
51272,109,96,13,13
51273,77,78,-1,1
51274,70,70,0,0
51275,75,97,-22,22
51276,194,175,19,19
51277,24,35,-11,11
51278,94,94,0,0
51279,102,91,11,11
51280,126,117,9,9
51281,150,131,19,19
51282,126,120,6,6
51283,82,90,-8,8
51284,92,102,-10,10
51285,87,85,2,2
51286,122,128,-6,6
51287,129,125,4,4
51288,93,91,2,2
51289,62,72,-10,10
51290,148,145,3,3
51291,73,75,-2,2
51292,114,100,14,14
51293,82,82,0,0
51294,99,101,-2,2
51295,181,157,24,24
51296,158,140,18,18
51297,100,102,-2,2
51298,143,134,9,9
51299,118,115,3,3
51300,85,85,0,0
51301,127,129,-2,2
51302,83,92,-9,9
51303,95,92,3,3
51304,63,63,0,0
51305,76,75,1,1
51306,111,117,-6,6
51307,69,76,-7,7
51308,100,90,10,10
51309,47,55,-8,8
51310,83,91,-8,8
51311,85,87,-2,2
51312,74,76,-2,2
51313,53,73,-20,20
51314,75,80,-5,5
51315,71,86,-15,15
51316,108,102,6,6
51317,71,75,-4,4
51318,121,114,7,7
51319,100,105,-5,5
51320,113,115,-2,2
51321,86,80,6,6
51322,86,77,9,9
51323,115,109,6,6
51324,38,42,-4,4
51325,140,128,12,12
51326,119,121,-2,2
51327,104,103,1,1
51328,135,116,19,19
51329,147,128,19,19
51330,116,107,9,9
51331,137,128,9,9
51332,86,88,-2,2
51333,96,96,0,0
51334,76,75,1,1
51335,64,63,1,1
51336,57,58,-1,1
51337,90,100,-10,10
51338,56,74,-18,18
51339,84,91,-7,7
51340,109,99,10,10
51341,124,118,6,6
51342,138,122,16,16
51343,73,74,-1,1
51344,98,95,3,3
51345,93,82,11,11
51346,51,51,0,0
51347,54,57,-3,3
51348,62,65,-3,3
51349,126,120,6,6
51350,85,83,2,2
51351,86,75,11,11
51352,67,66,1,1
51353,80,85,-5,5
51354,55,62,-7,7
51355,115,107,8,8
51356,71,73,-2,2
51357,86,83,3,3
51358,120,113,7,7
51359,94,90,4,4
51360,71,73,-2,2
51361,106,114,-8,8
51362,101,94,7,7
51363,41,52,-11,11
51364,77,71,6,6
51365,130,114,16,16
51366,154,142,12,12
51367,102,92,10,10
51368,56,61,-5,5
51369,108,101,7,7
51370,74,79,-5,5
51371,33,101,-68,68
51372,109,106,3,3
51373,113,106,7,7
51374,115,109,6,6
51375,73,77,-4,4
51376,60,72,-12,12
51377,115,105,10,10
51378,85,93,-8,8
51379,121,105,16,16
51380,128,121,7,7
51381,76,88,-12,12
51382,158,148,10,10
51383,109,107,2,2
51384,47,56,-9,9
51385,76,72,4,4
51386,75,70,5,5
51387,92,84,8,8
51388,92,94,-2,2
51389,110,96,14,14
51390,101,96,5,5
51391,95,90,5,5
51392,107,103,4,4
51393,96,96,0,0
51394,127,124,3,3
51395,104,103,1,1
51396,84,79,5,5
51397,44,50,-6,6
51398,112,116,-4,4
51399,94,102,-8,8
51400,65,68,-3,3
51401,67,76,-9,9
51402,106,103,3,3
51403,85,80,5,5
51404,75,86,-11,11
51405,72,71,1,1
51406,99,82,17,17
51407,63,68,-5,5
51408,157,149,8,8
51409,70,70,0,0
51410,79,76,3,3
51411,99,92,7,7
51412,100,102,-2,2
51413,152,139,13,13
51414,111,119,-8,8
51415,73,77,-4,4
51416,117,111,6,6
51417,74,76,-2,2
51418,84,91,-7,7
51419,117,111,6,6
51420,70,74,-4,4
51421,72,79,-7,7
51422,62,67,-5,5
51423,90,95,-5,5
51424,123,108,15,15
51425,81,83,-2,2
51426,62,66,-4,4
51427,74,74,0,0
51428,189,164,25,25
51429,97,100,-3,3
51430,131,125,6,6
51431,66,75,-9,9
51432,131,117,14,14
51433,101,90,11,11
51434,205,190,15,15
51435,92,95,-3,3
51436,74,86,-12,12
51437,108,99,9,9
51438,78,75,3,3
51439,69,77,-8,8
51440,92,86,6,6
51441,76,79,-3,3
51442,83,84,-1,1
51443,104,101,3,3
51444,85,80,5,5
51445,74,74,0,0
51446,134,135,-1,1
51447,119,110,9,9
51448,92,89,3,3
51449,88,86,2,2
51450,126,127,-1,1
51451,100,99,1,1
51452,45,60,-15,15
51453,131,115,16,16
51454,55,60,-5,5
51455,180,165,15,15
51456,133,109,24,24
51457,94,72,22,22
51458,62,83,-21,21
51459,119,110,9,9
51460,183,168,15,15
51461,88,82,6,6
51462,115,91,24,24
51463,100,90,10,10
51464,64,75,-11,11
51465,83,102,-19,19
51466,138,135,3,3
51467,62,73,-11,11
51468,193,164,29,29
51469,90,81,9,9
51470,77,86,-9,9
51471,111,104,7,7
51472,99,85,14,14
51473,118,118,0,0
51474,131,119,12,12
51475,71,67,4,4
51476,78,81,-3,3
51477,94,87,7,7
51478,92,94,-2,2
51479,97,97,0,0
51480,89,86,3,3
51481,131,115,16,16
51482,119,98,21,21
51483,59,67,-8,8
51484,80,82,-2,2
51485,116,101,15,15
51486,93,88,5,5
51487,72,80,-8,8
51488,185,156,29,29
51489,85,89,-4,4
51490,108,113,-5,5
51491,84,86,-2,2
51492,100,99,1,1
51493,109,89,20,20
51494,43,49,-6,6
51495,77,78,-1,1
51496,87,81,6,6
51497,121,109,12,12
51498,109,109,0,0
51499,83,90,-7,7
51500,108,95,13,13
51501,166,139,27,27
51502,68,70,-2,2
51503,112,126,-14,14
51504,103,104,-1,1
51505,106,106,0,0
51506,33,44,-11,11
51507,56,55,1,1
51508,72,73,-1,1
51509,136,130,6,6
51510,79,80,-1,1
51511,143,119,24,24
51512,103,97,6,6
51513,75,80,-5,5
51514,73,76,-3,3
51515,68,72,-4,4
51516,68,83,-15,15
51517,102,87,15,15
51518,83,83,0,0
51519,70,83,-13,13
51520,88,86,2,2
51521,124,117,7,7
51522,111,110,1,1
51523,103,107,-4,4
51524,104,108,-4,4
51525,122,113,9,9
51526,119,114,5,5
51527,71,100,-29,29
51528,196,183,13,13
51529,70,71,-1,1
51530,70,87,-17,17
51531,88,86,2,2
51532,122,114,8,8
51533,102,94,8,8
51534,119,109,10,10
51535,138,126,12,12
51536,165,148,17,17
51537,94,100,-6,6
51538,52,59,-7,7
51539,86,83,3,3
51540,63,72,-9,9
51541,92,82,10,10
51542,65,65,0,0
51543,47,50,-3,3
51544,62,63,-1,1
51545,79,90,-11,11
51546,166,134,32,32
51547,96,90,6,6
51548,120,129,-9,9
51549,117,111,6,6
51550,99,93,6,6
51551,124,126,-2,2
51552,138,122,16,16
51553,60,67,-7,7
51554,90,89,1,1
51555,76,81,-5,5
51556,113,127,-14,14
51557,129,125,4,4
51558,80,82,-2,2
51559,99,95,4,4
51560,87,89,-2,2
51561,74,77,-3,3
51562,70,72,-2,2
51563,50,58,-8,8
51564,83,82,1,1
51565,150,139,11,11
51566,104,99,5,5
51567,107,103,4,4
51568,101,92,9,9
51569,153,144,9,9
51570,81,83,-2,2
51571,58,74,-16,16
51572,104,98,6,6
51573,64,66,-2,2
51574,58,60,-2,2
51575,137,134,3,3
51576,132,106,26,26
51577,110,106,4,4
51578,120,118,2,2
51579,92,92,0,0
51580,83,109,-26,26
51581,41,54,-13,13
51582,194,187,7,7
51583,79,73,6,6
51584,65,69,-4,4
51585,126,130,-4,4
51586,125,133,-8,8
51587,148,137,11,11
51588,63,66,-3,3
51589,82,87,-5,5
51590,127,120,7,7
51591,141,126,15,15
51592,98,101,-3,3
51593,140,137,3,3
51594,92,87,5,5
51595,78,86,-8,8
51596,72,75,-3,3
51597,133,114,19,19
51598,82,89,-7,7
51599,53,64,-11,11
51600,68,70,-2,2
51601,135,133,2,2
51602,76,91,-15,15
51603,84,76,8,8
51604,109,104,5,5
51605,115,116,-1,1
51606,32,30,2,2
51607,202,169,33,33
51608,64,66,-2,2
51609,69,69,0,0
51610,61,65,-4,4
51611,81,75,6,6
51612,81,89,-8,8
51613,103,98,5,5
51614,73,72,1,1
51615,103,114,-11,11
51616,153,153,0,0
51617,78,80,-2,2
51618,100,95,5,5
51619,136,140,-4,4
51620,58,63,-5,5
51621,75,85,-10,10
51622,130,112,18,18
51623,127,112,15,15
51624,51,61,-10,10
51625,87,78,9,9
51626,99,99,0,0
51627,121,110,11,11
51628,83,85,-2,2
51629,65,66,-1,1
51630,86,86,0,0
51631,129,123,6,6
51632,77,87,-10,10
51633,63,73,-10,10
51634,70,72,-2,2
51635,75,79,-4,4
51636,75,78,-3,3
51637,132,127,5,5
51638,157,150,7,7
51639,130,131,-1,1
51640,80,84,-4,4
51641,97,100,-3,3
51642,68,69,-1,1
51643,98,99,-1,1
51644,81,86,-5,5
51645,51,56,-5,5
51646,84,83,1,1
51647,79,80,-1,1
51648,151,140,11,11
51649,82,83,-1,1
51650,127,124,3,3
51651,63,73,-10,10
51652,97,95,2,2
51653,121,115,6,6
51654,157,146,11,11
51655,101,94,7,7
51656,160,156,4,4
51657,92,92,0,0
51658,107,113,-6,6
51659,108,93,15,15
51660,119,99,20,20
51661,61,69,-8,8
51662,112,103,9,9
51663,71,70,1,1
51664,99,99,0,0
51665,68,77,-9,9
51666,116,123,-7,7
51667,64,75,-11,11
51668,124,124,0,0
51669,139,128,11,11
51670,80,80,0,0
51671,157,143,14,14
51672,101,96,5,5
51673,114,104,10,10
51674,126,123,3,3
51675,148,150,-2,2
51676,77,82,-5,5
51677,187,169,18,18
51678,139,138,1,1
51679,164,151,13,13
51680,98,100,-2,2
51681,86,91,-5,5
51682,61,65,-4,4
51683,143,144,-1,1
51684,57,59,-2,2
51685,52,53,-1,1
51686,92,102,-10,10
51687,108,101,7,7
51688,156,135,21,21
51689,159,140,19,19
51690,157,144,13,13
51691,102,95,7,7
51692,138,126,12,12
51693,78,82,-4,4
51694,83,74,9,9
51695,108,93,15,15
51696,60,62,-2,2
51697,142,117,25,25
51698,55,62,-7,7
51699,65,62,3,3
51700,125,119,6,6
51701,90,92,-2,2
51702,74,76,-2,2
51703,156,145,11,11
51704,76,77,-1,1
51705,94,97,-3,3
51706,84,84,0,0
51707,84,80,4,4
51708,68,79,-11,11
51709,144,137,7,7
51710,74,72,2,2
51711,104,104,0,0
51712,98,79,19,19
51713,92,91,1,1
51714,106,102,4,4
51715,94,93,1,1
51716,91,95,-4,4
51717,61,42,19,19
51718,77,77,0,0
51719,71,76,-5,5
51720,98,95,3,3
51721,73,82,-9,9
51722,103,106,-3,3
51723,124,112,12,12
51724,135,122,13,13
51725,118,124,-6,6
51726,96,99,-3,3
51727,54,62,-8,8
51728,112,99,13,13
51729,72,78,-6,6
51730,70,78,-8,8
51731,85,80,5,5
51732,51,52,-1,1
51733,106,114,-8,8
51734,113,104,9,9
51735,76,72,4,4
51736,63,75,-12,12
51737,140,123,17,17
51738,103,95,8,8
51739,163,156,7,7
51740,126,120,6,6
51741,92,102,-10,10
51742,40,47,-7,7
51743,33,34,-1,1
51744,99,97,2,2
51745,113,99,14,14
51746,59,62,-3,3
51747,88,104,-16,16
51748,58,64,-6,6
51749,98,96,2,2
51750,135,116,19,19
51751,92,92,0,0
51752,101,98,3,3
51753,116,108,8,8
51754,171,163,8,8
51755,98,87,11,11
51756,99,94,5,5
51757,77,73,4,4
51758,99,95,4,4
51759,61,63,-2,2
51760,124,99,25,25
51761,36,45,-9,9
51762,124,108,16,16
51763,89,87,2,2
51764,144,144,0,0
51765,113,106,7,7
51766,157,144,13,13
51767,95,94,1,1
51768,101,106,-5,5
51769,76,81,-5,5
51770,65,76,-11,11
51771,222,172,50,50
51772,123,114,9,9
51773,71,91,-20,20
51774,102,93,9,9
51775,96,96,0,0
51776,105,100,5,5
51777,81,87,-6,6
51778,122,132,-10,10
51779,64,70,-6,6
51780,43,60,-17,17
51781,114,102,12,12
51782,62,68,-6,6
51783,104,113,-9,9
51784,175,173,2,2
51785,98,104,-6,6
51786,87,83,4,4
51787,144,137,7,7
51788,76,89,-13,13
51789,125,119,6,6
51790,70,74,-4,4
51791,86,96,-10,10
51792,140,113,27,27
51793,44,57,-13,13
51794,101,97,4,4
51795,68,72,-4,4
51796,155,150,5,5
51797,125,120,5,5
51798,49,56,-7,7
51799,140,142,-2,2
51800,105,96,9,9
51801,192,185,7,7
51802,89,80,9,9
51803,140,127,13,13
51804,140,131,9,9
51805,112,112,0,0
51806,136,116,20,20
51807,76,85,-9,9
51808,64,73,-9,9
51809,64,78,-14,14
51810,83,85,-2,2
51811,72,70,2,2
51812,145,141,4,4
51813,113,100,13,13
51814,114,101,13,13
51815,154,139,15,15
51816,67,69,-2,2
51817,197,166,31,31
51818,61,66,-5,5
51819,99,95,4,4
51820,91,92,-1,1
51821,181,150,31,31
51822,45,51,-6,6
51823,55,64,-9,9
51824,183,184,-1,1
51825,106,107,-1,1
51826,57,63,-6,6
51827,133,120,13,13
51828,36,46,-10,10
51829,98,102,-4,4
51830,54,55,-1,1
51831,140,138,2,2
51832,114,109,5,5
51833,99,93,6,6
51834,69,72,-3,3
51835,144,134,10,10
51836,112,117,-5,5
51837,101,95,6,6
51838,88,82,6,6
51839,88,88,0,0
51840,94,89,5,5
51841,67,67,0,0
51842,46,57,-11,11
51843,72,70,2,2
51844,80,75,5,5
51845,75,76,-1,1
51846,94,88,6,6
51847,117,115,2,2
51848,67,72,-5,5
51849,71,76,-5,5
51850,67,83,-16,16
51851,68,66,2,2
51852,91,90,1,1
51853,71,76,-5,5
51854,114,110,4,4
51855,93,100,-7,7
51856,73,82,-9,9
51857,164,145,19,19
51858,132,112,20,20
51859,66,62,4,4
51860,153,123,30,30
51861,108,113,-5,5
51862,110,103,7,7
51863,156,132,24,24
51864,162,150,12,12
51865,150,143,7,7
51866,125,116,9,9
51867,61,65,-4,4
51868,95,92,3,3
51869,152,129,23,23
51870,125,124,1,1
51871,119,102,17,17
51872,166,173,-7,7
51873,120,101,19,19
51874,58,62,-4,4
51875,45,50,-5,5
51876,117,121,-4,4
51877,65,65,0,0
51878,105,107,-2,2
51879,70,74,-4,4
51880,78,75,3,3
51881,91,85,6,6
51882,78,73,5,5
51883,116,126,-10,10
51884,132,112,20,20
51885,143,132,11,11
51886,117,119,-2,2
51887,147,150,-3,3
51888,63,71,-8,8
51889,80,90,-10,10
51890,98,96,2,2
51891,51,61,-10,10
51892,51,55,-4,4
51893,73,72,1,1
51894,95,89,6,6
51895,100,96,4,4
51896,74,85,-11,11
51897,110,98,12,12
51898,78,80,-2,2
51899,54,63,-9,9
51900,115,111,4,4
51901,139,130,9,9
51902,73,79,-6,6
51903,67,70,-3,3
51904,76,79,-3,3
51905,108,101,7,7
51906,104,100,4,4
51907,130,124,6,6
51908,116,112,4,4
51909,57,63,-6,6
51910,102,104,-2,2
51911,108,99,9,9
51912,95,88,7,7
51913,40,48,-8,8
51914,76,85,-9,9
51915,71,69,2,2
51916,137,132,5,5
51917,118,107,11,11
51918,129,119,10,10
51919,67,77,-10,10
51920,72,75,-3,3
51921,111,115,-4,4
51922,95,94,1,1
51923,130,140,-10,10
51924,116,116,0,0
51925,68,71,-3,3
51926,103,100,3,3
51927,95,96,-1,1
51928,117,112,5,5
51929,62,57,5,5
51930,75,82,-7,7
51931,56,68,-12,12
51932,120,102,18,18
51933,113,108,5,5
51934,85,81,4,4
51935,71,91,-20,20
51936,130,128,2,2
51937,87,94,-7,7
51938,156,145,11,11
51939,89,89,0,0
51940,61,63,-2,2
51941,115,108,7,7
51942,144,130,14,14
51943,73,82,-9,9
51944,94,95,-1,1
51945,102,99,3,3
51946,125,122,3,3
51947,71,67,4,4
51948,140,130,10,10
51949,143,135,8,8
51950,77,83,-6,6
51951,86,78,8,8
51952,70,70,0,0
51953,101,90,11,11
51954,82,80,2,2
51955,93,87,6,6
51956,55,64,-9,9
51957,138,143,-5,5
51958,88,86,2,2
51959,81,85,-4,4
51960,176,151,25,25
51961,90,94,-4,4
51962,52,62,-10,10
51963,97,93,4,4
51964,45,57,-12,12
51965,114,116,-2,2
51966,155,145,10,10
51967,151,165,-14,14
51968,60,67,-7,7
51969,82,77,5,5
51970,96,95,1,1
51971,126,110,16,16
51972,90,89,1,1
51973,83,73,10,10
51974,72,79,-7,7
51975,139,128,11,11
51976,137,127,10,10
51977,119,113,6,6
51978,115,97,18,18
51979,76,74,2,2
51980,80,96,-16,16
51981,101,94,7,7
51982,92,90,2,2
51983,65,70,-5,5
51984,89,92,-3,3
51985,72,72,0,0
51986,45,50,-5,5
51987,69,71,-2,2
51988,81,81,0,0
51989,95,92,3,3
51990,76,79,-3,3
51991,49,49,0,0
51992,97,97,0,0
51993,90,85,5,5
51994,130,122,8,8
51995,74,82,-8,8
51996,46,60,-14,14
51997,74,81,-7,7
51998,108,100,8,8
51999,115,119,-4,4
52000,37,51,-14,14
52001,79,77,2,2
52002,75,80,-5,5
52003,174,148,26,26
52004,107,103,4,4
52005,53,56,-3,3
52006,83,85,-2,2
52007,60,62,-2,2
52008,98,103,-5,5
52009,57,63,-6,6
52010,54,61,-7,7
52011,83,80,3,3
52012,182,195,-13,13
52013,107,112,-5,5
52014,89,98,-9,9
52015,105,101,4,4
52016,109,108,1,1
52017,141,124,17,17
52018,121,120,1,1
52019,91,105,-14,14
52020,117,108,9,9
52021,58,59,-1,1
52022,80,73,7,7
52023,88,85,3,3
52024,80,82,-2,2
52025,146,143,3,3
52026,105,102,3,3
52027,128,137,-9,9
52028,79,79,0,0
52029,123,123,0,0
52030,85,83,2,2
52031,77,76,1,1
52032,70,69,1,1
52033,100,101,-1,1
52034,71,71,0,0
52035,123,112,11,11
52036,85,89,-4,4
52037,113,108,5,5
52038,98,93,5,5
52039,67,77,-10,10
52040,130,124,6,6
52041,176,151,25,25
52042,117,110,7,7
52043,130,119,11,11
52044,114,106,8,8
52045,108,108,0,0
52046,111,113,-2,2
52047,91,87,4,4
52048,153,136,17,17
52049,83,96,-13,13
52050,91,94,-3,3
52051,103,102,1,1
52052,123,119,4,4
52053,57,66,-9,9
52054,115,107,8,8
52055,86,91,-5,5
52056,147,136,11,11
52057,116,127,-11,11
52058,87,89,-2,2
52059,81,84,-3,3
52060,58,59,-1,1
52061,97,85,12,12
52062,138,142,-4,4
52063,74,73,1,1
52064,60,72,-12,12
52065,94,94,0,0
52066,150,147,3,3
52067,143,136,7,7
52068,72,75,-3,3
52069,80,86,-6,6
52070,94,96,-2,2
52071,85,84,1,1
52072,108,101,7,7
52073,106,94,12,12
52074,86,87,-1,1
52075,160,146,14,14
52076,84,82,2,2
52077,78,73,5,5
52078,89,94,-5,5
52079,76,85,-9,9
52080,57,56,1,1
52081,93,93,0,0
52082,92,96,-4,4
52083,79,96,-17,17
52084,105,103,2,2
52085,146,140,6,6
52086,79,85,-6,6
52087,96,98,-2,2
52088,97,95,2,2
52089,74,75,-1,1
52090,79,85,-6,6
52091,90,87,3,3
52092,133,128,5,5
52093,81,86,-5,5
52094,140,129,11,11
52095,20,29,-9,9
52096,42,93,-51,51
52097,178,152,26,26
52098,57,70,-13,13
52099,91,97,-6,6
52100,125,134,-9,9
52101,77,76,1,1
52102,73,77,-4,4
52103,96,99,-3,3
52104,63,65,-2,2
52105,75,77,-2,2
52106,117,109,8,8
52107,135,130,5,5
52108,105,108,-3,3
52109,141,135,6,6
52110,123,106,17,17
52111,71,85,-14,14
52112,108,94,14,14
52113,104,105,-1,1
52114,108,111,-3,3
52115,93,93,0,0
52116,102,95,7,7
52117,99,87,12,12
52118,95,98,-3,3
52119,53,59,-6,6
52120,117,101,16,16
52121,79,89,-10,10
52122,55,69,-14,14
52123,163,153,10,10
52124,53,57,-4,4
52125,80,80,0,0
52126,124,113,11,11
52127,75,72,3,3
52128,133,129,4,4
52129,83,83,0,0
52130,54,66,-12,12
52131,52,59,-7,7
52132,67,72,-5,5
52133,75,73,2,2
52134,106,98,8,8
52135,140,131,9,9
52136,124,124,0,0
52137,65,73,-8,8
52138,94,98,-4,4
52139,108,109,-1,1
52140,132,111,21,21
52141,123,116,7,7
52142,73,83,-10,10
52143,246,220,26,26
52144,91,82,9,9
52145,48,60,-12,12
52146,109,96,13,13
52147,120,106,14,14
52148,71,67,4,4
52149,44,47,-3,3
52150,83,80,3,3
52151,77,73,4,4
52152,108,99,9,9
52153,76,75,1,1
52154,116,100,16,16
52155,98,108,-10,10
52156,114,102,12,12
52157,142,126,16,16
52158,92,104,-12,12
52159,82,78,4,4
52160,86,85,1,1
52161,65,70,-5,5
52162,91,89,2,2
52163,158,155,3,3
52164,79,78,1,1
52165,89,83,6,6
52166,54,55,-1,1
52167,144,121,23,23
52168,167,164,3,3
52169,94,100,-6,6
52170,75,76,-1,1
52171,110,116,-6,6
52172,113,106,7,7
52173,63,68,-5,5
52174,138,128,10,10
52175,101,90,11,11
52176,99,108,-9,9
52177,98,100,-2,2
52178,138,149,-11,11
52179,116,113,3,3
52180,53,69,-16,16
52181,97,95,2,2
52182,79,69,10,10
52183,94,105,-11,11
52184,72,81,-9,9
52185,104,106,-2,2
52186,113,101,12,12
52187,105,107,-2,2
52188,84,83,1,1
52189,66,72,-6,6
52190,75,79,-4,4
52191,106,102,4,4
52192,100,95,5,5
52193,75,86,-11,11
52194,45,49,-4,4
52195,126,128,-2,2
52196,102,97,5,5
52197,108,105,3,3
52198,99,92,7,7
52199,146,136,10,10
52200,107,106,1,1
52201,105,110,-5,5
52202,58,57,1,1
52203,114,116,-2,2
52204,151,128,23,23
52205,72,76,-4,4
52206,79,74,5,5
52207,131,115,16,16
52208,91,90,1,1
52209,52,59,-7,7
52210,81,73,8,8
52211,85,74,11,11
52212,96,90,6,6
52213,42,55,-13,13
52214,73,68,5,5
52215,100,95,5,5
52216,104,98,6,6
52217,85,92,-7,7
52218,67,76,-9,9
52219,71,79,-8,8
52220,100,93,7,7
52221,134,108,26,26
52222,104,107,-3,3
52223,90,84,6,6
52224,96,120,-24,24
52225,61,88,-27,27
52226,65,73,-8,8
52227,139,132,7,7
52228,46,48,-2,2
52229,70,73,-3,3
52230,142,129,13,13
52231,90,88,2,2
52232,112,101,11,11
52233,113,102,11,11
52234,59,69,-10,10
52235,111,104,7,7
52236,84,81,3,3
52237,74,73,1,1
52238,78,72,6,6
52239,145,144,1,1
52240,100,116,-16,16
52241,103,97,6,6
52242,55,60,-5,5
52243,93,93,0,0
52244,78,77,1,1
52245,80,79,1,1
52246,104,94,10,10
52247,66,73,-7,7
52248,68,65,3,3
52249,60,61,-1,1
52250,103,117,-14,14
52251,69,71,-2,2
52252,92,92,0,0
52253,48,61,-13,13
52254,54,65,-11,11
52255,54,60,-6,6
52256,58,66,-8,8
52257,160,140,20,20
52258,83,79,4,4
52259,90,85,5,5
52260,71,116,-45,45
52261,168,167,1,1
52262,137,135,2,2
52263,139,133,6,6
52264,74,72,2,2
52265,75,80,-5,5
52266,65,64,1,1
52267,93,81,12,12
52268,94,93,1,1
52269,65,78,-13,13
52270,110,108,2,2
52271,29,43,-14,14
52272,91,87,4,4
52273,78,77,1,1
52274,77,77,0,0
52275,93,94,-1,1
52276,158,144,14,14
52277,206,182,24,24
52278,98,98,0,0
52279,131,124,7,7
52280,115,106,9,9
52281,129,105,24,24
52282,97,90,7,7
52283,97,91,6,6
52284,78,92,-14,14
52285,81,83,-2,2
52286,107,100,7,7
52287,80,82,-2,2
52288,67,73,-6,6
52289,66,76,-10,10
52290,56,61,-5,5
52291,72,73,-1,1
52292,50,61,-11,11
52293,70,98,-28,28
52294,128,116,12,12
52295,138,139,-1,1
52296,38,48,-10,10
52297,113,107,6,6
52298,168,156,12,12
52299,115,103,12,12
52300,88,87,1,1
52301,80,80,0,0
52302,124,127,-3,3
52303,190,174,16,16
52304,92,94,-2,2
52305,83,83,0,0
52306,78,82,-4,4
52307,64,62,2,2
52308,121,115,6,6
52309,74,78,-4,4
52310,59,64,-5,5
52311,200,150,50,50
52312,157,145,12,12
52313,86,86,0,0
52314,126,117,9,9
52315,75,77,-2,2
52316,95,105,-10,10
52317,118,101,17,17
52318,174,156,18,18
52319,148,135,13,13
52320,70,78,-8,8
52321,99,97,2,2
52322,73,76,-3,3
52323,178,150,28,28
52324,127,123,4,4
52325,137,135,2,2
52326,35,47,-12,12
52327,58,63,-5,5
52328,104,105,-1,1
52329,85,84,1,1
52330,91,89,2,2
52331,40,47,-7,7
52332,83,83,0,0
52333,100,102,-2,2
52334,73,79,-6,6
52335,51,62,-11,11
52336,263,182,81,81
52337,87,90,-3,3
52338,85,83,2,2
52339,85,85,0,0
52340,89,84,5,5
52341,176,165,11,11
52342,103,100,3,3
52343,128,132,-4,4
52344,166,159,7,7
52345,92,104,-12,12
52346,100,98,2,2
52347,98,88,10,10
52348,57,63,-6,6
52349,127,113,14,14
52350,86,88,-2,2
52351,144,141,3,3
52352,60,67,-7,7
52353,113,107,6,6
52354,113,107,6,6
52355,103,100,3,3
52356,90,87,3,3
52357,56,55,1,1
52358,47,57,-10,10
52359,105,105,0,0
52360,61,66,-5,5
52361,128,137,-9,9
52362,55,79,-24,24
52363,67,67,0,0
52364,65,69,-4,4
52365,116,106,10,10
52366,76,79,-3,3
52367,41,47,-6,6
52368,83,77,6,6
52369,82,88,-6,6
52370,50,61,-11,11
52371,81,91,-10,10
52372,57,56,1,1
52373,83,81,2,2
52374,87,95,-8,8
52375,56,55,1,1
52376,68,69,-1,1
52377,71,69,2,2
52378,77,80,-3,3
52379,67,67,0,0
52380,120,105,15,15
52381,74,78,-4,4
52382,121,117,4,4
52383,73,77,-4,4
52384,53,58,-5,5
52385,68,73,-5,5
52386,95,92,3,3
52387,103,103,0,0
52388,46,56,-10,10
52389,73,68,5,5
52390,148,139,9,9
52391,145,127,18,18
52392,105,95,10,10
52393,71,76,-5,5
52394,43,54,-11,11
52395,106,105,1,1
52396,114,110,4,4
52397,80,79,1,1
52398,64,82,-18,18
52399,125,111,14,14
52400,84,92,-8,8
52401,86,89,-3,3
52402,101,96,5,5
52403,95,91,4,4
52404,90,94,-4,4
52405,93,89,4,4
52406,62,67,-5,5
52407,146,134,12,12
52408,87,86,1,1
52409,85,79,6,6
52410,134,118,16,16
52411,82,78,4,4
52412,46,53,-7,7
52413,73,69,4,4
52414,23,27,-4,4
52415,167,147,20,20
52416,116,96,20,20
52417,112,112,0,0
52418,227,201,26,26
52419,108,109,-1,1
52420,93,93,0,0
52421,76,78,-2,2
52422,75,77,-2,2
52423,74,81,-7,7
52424,85,79,6,6
52425,68,73,-5,5
52426,93,85,8,8
52427,143,131,12,12
52428,132,120,12,12
52429,68,72,-4,4
52430,49,63,-14,14
52431,116,105,11,11
52432,87,82,5,5
52433,114,100,14,14
52434,133,124,9,9
52435,81,79,2,2
52436,105,96,9,9
52437,88,89,-1,1
52438,158,141,17,17
52439,82,75,7,7
52440,91,92,-1,1
52441,158,148,10,10
52442,77,82,-5,5
52443,61,85,-24,24
52444,57,64,-7,7
52445,76,81,-5,5
52446,80,82,-2,2
52447,90,97,-7,7
52448,75,68,7,7
52449,105,98,7,7
52450,99,96,3,3
52451,134,131,3,3
52452,70,75,-5,5
52453,139,143,-4,4
52454,67,70,-3,3
52455,186,158,28,28
52456,101,97,4,4
52457,142,134,8,8
52458,66,66,0,0
52459,88,84,4,4
52460,79,86,-7,7
52461,80,83,-3,3
52462,103,108,-5,5
52463,133,139,-6,6
52464,21,66,-45,45
52465,98,86,12,12
52466,67,68,-1,1
52467,117,136,-19,19
52468,71,73,-2,2
52469,45,54,-9,9
52470,90,83,7,7
52471,122,103,19,19
52472,133,123,10,10
52473,70,72,-2,2
52474,99,101,-2,2
52475,161,146,15,15
52476,123,112,11,11
52477,116,105,11,11
52478,148,125,23,23
52479,55,53,2,2
52480,107,106,1,1
52481,69,68,1,1
52482,103,114,-11,11
52483,50,55,-5,5
52484,76,79,-3,3
52485,98,99,-1,1
52486,63,69,-6,6
52487,69,71,-2,2
52488,115,110,5,5
52489,64,65,-1,1
52490,80,81,-1,1
52491,93,86,7,7
52492,93,92,1,1
52493,107,99,8,8
52494,91,90,1,1
52495,73,87,-14,14
52496,163,143,20,20
52497,82,79,3,3
52498,133,128,5,5
52499,70,79,-9,9
52500,74,78,-4,4
52501,72,75,-3,3
52502,51,49,2,2
52503,192,161,31,31
52504,59,75,-16,16
52505,69,69,0,0
52506,47,54,-7,7
52507,146,153,-7,7
52508,149,131,18,18
52509,96,108,-12,12
52510,73,68,5,5
52511,143,128,15,15
52512,101,104,-3,3
52513,96,97,-1,1
52514,108,112,-4,4
52515,77,78,-1,1
52516,45,56,-11,11
52517,89,96,-7,7
52518,160,144,16,16
52519,97,101,-4,4
52520,82,82,0,0
52521,80,77,3,3
52522,70,72,-2,2
52523,123,110,13,13
52524,109,100,9,9
52525,162,154,8,8
52526,129,125,4,4
52527,80,78,2,2
52528,49,59,-10,10
52529,129,110,19,19
52530,79,74,5,5
52531,89,96,-7,7
52532,92,94,-2,2
52533,87,81,6,6
52534,104,92,12,12
52535,106,92,14,14
52536,169,161,8,8
52537,96,105,-9,9
52538,66,70,-4,4
52539,140,131,9,9
52540,128,116,12,12
52541,82,79,3,3
52542,128,114,14,14
52543,109,110,-1,1
52544,59,67,-8,8
52545,61,68,-7,7
52546,109,90,19,19
52547,72,79,-7,7
52548,57,69,-12,12
52549,94,98,-4,4
52550,86,88,-2,2
52551,57,64,-7,7
52552,142,136,6,6
52553,79,88,-9,9
52554,150,143,7,7
52555,122,128,-6,6
52556,106,109,-3,3
52557,41,52,-11,11
52558,218,185,33,33
52559,106,97,9,9
52560,80,77,3,3
52561,87,87,0,0
52562,121,125,-4,4
52563,68,70,-2,2
52564,79,83,-4,4
52565,63,65,-2,2
52566,57,71,-14,14
52567,132,133,-1,1
52568,86,87,-1,1
52569,92,90,2,2
52570,187,165,22,22
52571,97,94,3,3
52572,135,125,10,10
52573,126,109,17,17
52574,79,81,-2,2
52575,69,80,-11,11
52576,142,137,5,5
52577,97,90,7,7
52578,104,110,-6,6
52579,112,111,1,1
52580,168,163,5,5
52581,145,125,20,20
52582,137,124,13,13
52583,142,126,16,16
52584,81,78,3,3
52585,97,93,4,4
52586,90,79,11,11
52587,121,137,-16,16
52588,71,78,-7,7
52589,61,64,-3,3
52590,95,108,-13,13
52591,95,112,-17,17
52592,53,66,-13,13
52593,126,124,2,2
52594,72,81,-9,9
52595,86,79,7,7
52596,141,143,-2,2
52597,96,99,-3,3
52598,98,103,-5,5
52599,123,121,2,2
52600,46,49,-3,3
52601,95,84,11,11
52602,127,114,13,13
52603,153,122,31,31
52604,115,105,10,10
52605,104,96,8,8
52606,53,60,-7,7
52607,95,89,6,6
52608,88,88,0,0
52609,133,112,21,21
52610,88,88,0,0
52611,25,48,-23,23
52612,142,116,26,26
52613,98,103,-5,5
52614,93,89,4,4
52615,99,92,7,7
52616,152,143,9,9
52617,124,119,5,5
52618,112,112,0,0
52619,134,115,19,19
52620,104,111,-7,7
52621,86,82,4,4
52622,117,114,3,3
52623,77,80,-3,3
52624,88,92,-4,4
52625,72,72,0,0
52626,87,102,-15,15
52627,80,80,0,0
52628,103,99,4,4
52629,136,132,4,4
52630,105,110,-5,5
52631,96,92,4,4
52632,90,82,8,8
52633,53,55,-2,2
52634,77,77,0,0
52635,60,62,-2,2
52636,115,116,-1,1
52637,93,91,2,2
52638,91,81,10,10
52639,162,154,8,8
52640,115,98,17,17
52641,148,152,-4,4
52642,68,72,-4,4
52643,79,85,-6,6
52644,53,59,-6,6
52645,60,64,-4,4
52646,63,75,-12,12
52647,102,100,2,2
52648,111,105,6,6
52649,116,111,5,5
52650,50,55,-5,5
52651,113,104,9,9
52652,46,60,-14,14
52653,62,65,-3,3
52654,112,108,4,4
52655,58,64,-6,6
52656,85,91,-6,6
52657,111,100,11,11
52658,105,104,1,1
52659,113,116,-3,3
52660,174,155,19,19
52661,125,113,12,12
52662,109,104,5,5
52663,67,69,-2,2
52664,76,71,5,5
52665,193,219,-26,26
52666,128,119,9,9
52667,88,83,5,5
52668,70,78,-8,8
52669,63,67,-4,4
52670,148,136,12,12
52671,89,95,-6,6
52672,152,145,7,7
52673,62,68,-6,6
52674,141,116,25,25
52675,48,56,-8,8
52676,185,166,19,19
52677,89,85,4,4
52678,87,84,3,3
52679,50,62,-12,12
52680,79,73,6,6
52681,124,131,-7,7
52682,109,103,6,6
52683,54,61,-7,7
52684,90,89,1,1
52685,85,88,-3,3
52686,35,96,-61,61
52687,86,87,-1,1
52688,47,58,-11,11
52689,103,96,7,7
52690,105,107,-2,2
52691,47,62,-15,15
52692,44,54,-10,10
52693,137,126,11,11
52694,69,77,-8,8
52695,47,52,-5,5
52696,63,66,-3,3
52697,118,117,1,1
52698,83,88,-5,5
52699,80,93,-13,13
52700,119,98,21,21
52701,107,112,-5,5
52702,100,109,-9,9
52703,96,98,-2,2
52704,90,98,-8,8
52705,136,127,9,9
52706,142,145,-3,3
52707,82,84,-2,2
52708,64,57,7,7
52709,89,89,0,0
52710,49,59,-10,10
52711,138,123,15,15
52712,74,68,6,6
52713,55,73,-18,18
52714,147,125,22,22
52715,87,91,-4,4
52716,67,80,-13,13
52717,90,82,8,8
52718,72,90,-18,18
52719,110,104,6,6
52720,166,160,6,6
52721,128,104,24,24
52722,70,78,-8,8
52723,95,97,-2,2
52724,58,59,-1,1
52725,95,94,1,1
52726,78,83,-5,5
52727,99,101,-2,2
52728,79,75,4,4
52729,96,86,10,10
52730,87,83,4,4
52731,57,66,-9,9
52732,67,69,-2,2
52733,84,89,-5,5
52734,73,78,-5,5
52735,77,81,-4,4
52736,65,68,-3,3
52737,34,50,-16,16
52738,103,100,3,3
52739,117,119,-2,2
52740,73,69,4,4
52741,121,110,11,11
52742,67,73,-6,6
52743,118,99,19,19
52744,145,140,5,5
52745,83,84,-1,1
52746,105,99,6,6
52747,81,72,9,9
52748,92,93,-1,1
52749,44,49,-5,5
52750,104,101,3,3
52751,45,50,-5,5
52752,96,90,6,6
52753,115,114,1,1
52754,91,96,-5,5
52755,64,78,-14,14
52756,63,64,-1,1
52757,83,87,-4,4
52758,126,122,4,4
52759,57,66,-9,9
52760,209,179,30,30
52761,153,133,20,20
52762,57,65,-8,8
52763,70,70,0,0
52764,118,122,-4,4
52765,110,107,3,3
52766,63,60,3,3
52767,117,107,10,10
52768,151,125,26,26
52769,135,145,-10,10
52770,75,74,1,1
52771,121,111,10,10
52772,142,144,-2,2
52773,107,100,7,7
52774,87,87,0,0
52775,83,87,-4,4
52776,54,53,1,1
52777,120,114,6,6
52778,75,79,-4,4
52779,116,112,4,4
52780,80,83,-3,3
52781,132,135,-3,3
52782,61,69,-8,8
52783,70,79,-9,9
52784,57,54,3,3
52785,137,129,8,8
52786,112,96,16,16
52787,77,78,-1,1
52788,78,80,-2,2
52789,94,98,-4,4
52790,85,89,-4,4
52791,61,63,-2,2
52792,80,80,0,0
52793,116,104,12,12
52794,64,83,-19,19
52795,69,75,-6,6
52796,124,106,18,18
52797,78,69,9,9
52798,109,112,-3,3
52799,90,84,6,6
52800,148,143,5,5
52801,64,71,-7,7
52802,59,58,1,1
52803,42,44,-2,2
52804,132,123,9,9
52805,132,126,6,6
52806,68,64,4,4
52807,173,169,4,4
52808,73,72,1,1
52809,88,86,2,2
52810,95,90,5,5
52811,56,58,-2,2
52812,83,76,7,7
52813,131,133,-2,2
52814,65,75,-10,10
52815,77,80,-3,3
52816,110,113,-3,3
52817,80,104,-24,24
52818,76,72,4,4
52819,73,76,-3,3
52820,66,71,-5,5
52821,149,128,21,21
52822,55,63,-8,8
52823,60,59,1,1
52824,151,146,5,5
52825,112,119,-7,7
52826,67,67,0,0
52827,67,86,-19,19
52828,77,86,-9,9
52829,114,117,-3,3
52830,123,130,-7,7
52831,83,83,0,0
52832,42,60,-18,18
52833,104,108,-4,4
52834,90,90,0,0
52835,107,112,-5,5
52836,153,140,13,13
52837,68,70,-2,2
52838,41,52,-11,11
52839,82,82,0,0
52840,55,62,-7,7
52841,114,100,14,14
52842,92,88,4,4
52843,90,94,-4,4
52844,70,72,-2,2
52845,75,80,-5,5
52846,112,93,19,19
52847,76,82,-6,6
52848,107,82,25,25
52849,96,96,0,0
52850,107,103,4,4
52851,46,53,-7,7
52852,103,109,-6,6
52853,122,113,9,9
52854,117,113,4,4
52855,69,83,-14,14
52856,100,101,-1,1
52857,70,65,5,5
52858,96,100,-4,4
52859,89,85,4,4
52860,112,114,-2,2
52861,93,107,-14,14
52862,104,99,5,5
52863,79,79,0,0
52864,150,140,10,10
52865,145,136,9,9
52866,135,133,2,2
52867,61,67,-6,6
52868,75,79,-4,4
52869,63,62,1,1
52870,77,82,-5,5
52871,115,118,-3,3
52872,94,89,5,5
52873,60,63,-3,3
52874,99,98,1,1
52875,162,159,3,3
52876,89,93,-4,4
52877,84,85,-1,1
52878,90,97,-7,7
52879,132,122,10,10
52880,106,96,10,10
52881,50,51,-1,1
52882,66,64,2,2
52883,153,140,13,13
52884,55,59,-4,4
52885,92,87,5,5
52886,113,109,4,4
52887,54,61,-7,7
52888,132,123,9,9
52889,116,100,16,16
52890,88,195,-107,107
52891,127,120,7,7
52892,80,85,-5,5
52893,125,109,16,16
52894,108,95,13,13
52895,104,102,2,2
52896,62,72,-10,10
52897,76,81,-5,5
52898,77,83,-6,6
52899,120,114,6,6
52900,71,76,-5,5
52901,54,69,-15,15
52902,115,117,-2,2
52903,138,138,0,0
52904,95,88,7,7
52905,31,43,-12,12
52906,46,45,1,1
52907,147,126,21,21
52908,129,133,-4,4
52909,82,73,9,9
52910,81,85,-4,4
52911,62,65,-3,3
52912,140,130,10,10
52913,101,98,3,3
52914,120,101,19,19
52915,48,53,-5,5
52916,132,123,9,9
52917,164,142,22,22
52918,48,64,-16,16
52919,81,92,-11,11
52920,74,78,-4,4
52921,79,92,-13,13
52922,97,97,0,0
52923,81,91,-10,10
52924,47,54,-7,7
52925,97,102,-5,5
52926,59,71,-12,12
52927,68,67,1,1
52928,67,69,-2,2
52929,66,70,-4,4
52930,143,125,18,18
52931,88,84,4,4
52932,96,96,0,0
52933,169,138,31,31
52934,106,95,11,11
52935,106,102,4,4
52936,78,79,-1,1
52937,107,110,-3,3
52938,132,137,-5,5
52939,88,78,10,10
52940,68,80,-12,12
52941,104,96,8,8
52942,79,76,3,3
52943,96,90,6,6
52944,159,148,11,11
52945,133,132,1,1
52946,81,85,-4,4
52947,67,75,-8,8
52948,86,89,-3,3
52949,75,76,-1,1
52950,106,106,0,0
52951,55,66,-11,11
52952,167,143,24,24
52953,33,40,-7,7
52954,114,120,-6,6
52955,153,129,24,24
52956,76,78,-2,2
52957,74,81,-7,7
52958,152,150,2,2
52959,176,131,45,45
52960,86,81,5,5
52961,191,157,34,34
52962,116,112,4,4
52963,87,86,1,1
52964,133,126,7,7
52965,131,132,-1,1
52966,96,95,1,1
52967,113,116,-3,3
52968,52,60,-8,8
52969,68,78,-10,10
52970,110,105,5,5
52971,58,62,-4,4
52972,104,117,-13,13
52973,93,91,2,2
52974,118,118,0,0
52975,92,94,-2,2
52976,77,81,-4,4
52977,43,47,-4,4
52978,19,35,-16,16
52979,156,133,23,23
52980,145,142,3,3
52981,85,89,-4,4
52982,85,75,10,10
52983,121,110,11,11
52984,76,76,0,0
52985,137,142,-5,5
52986,76,77,-1,1
52987,91,86,5,5
52988,93,87,6,6
52989,133,136,-3,3
52990,128,116,12,12
52991,106,105,1,1
52992,77,80,-3,3
52993,104,97,7,7
52994,82,81,1,1
52995,77,79,-2,2
52996,91,101,-10,10
52997,73,97,-24,24
52998,144,133,11,11
52999,103,97,6,6
53000,97,110,-13,13
53001,238,203,35,35
53002,87,83,4,4
53003,135,123,12,12
53004,63,68,-5,5
53005,95,91,4,4
53006,42,49,-7,7
53007,69,76,-7,7
53008,98,91,7,7
53009,147,140,7,7
53010,108,109,-1,1
53011,52,58,-6,6
53012,69,69,0,0
53013,92,77,15,15
53014,129,127,2,2
53015,83,87,-4,4
53016,108,111,-3,3
53017,126,127,-1,1
53018,84,82,2,2
53019,86,75,11,11
53020,82,100,-18,18
53021,88,90,-2,2
53022,101,87,14,14
53023,130,118,12,12
53024,83,86,-3,3
53025,118,122,-4,4
53026,106,101,5,5
53027,108,109,-1,1
53028,85,71,14,14
53029,133,120,13,13
53030,77,75,2,2
53031,110,99,11,11
53032,71,83,-12,12
53033,72,80,-8,8
53034,44,49,-5,5
53035,69,67,2,2
53036,106,100,6,6
53037,103,98,5,5
53038,82,78,4,4
53039,119,126,-7,7
53040,94,97,-3,3
53041,67,70,-3,3
53042,81,79,2,2
53043,102,101,1,1
53044,68,68,0,0
53045,154,131,23,23
53046,80,77,3,3
53047,120,111,9,9
53048,59,64,-5,5
53049,149,144,5,5
53050,66,73,-7,7
53051,80,70,10,10
53052,61,66,-5,5
53053,40,53,-13,13
53054,80,87,-7,7
53055,54,58,-4,4
53056,90,107,-17,17
53057,107,99,8,8
53058,62,67,-5,5
53059,157,158,-1,1
53060,113,107,6,6
53061,107,114,-7,7
53062,87,76,11,11
53063,90,93,-3,3
53064,155,144,11,11
53065,37,54,-17,17
53066,66,73,-7,7
53067,92,96,-4,4
53068,74,75,-1,1
53069,38,43,-5,5
53070,83,77,6,6
53071,90,97,-7,7
53072,262,306,-44,44
53073,83,86,-3,3
53074,65,65,0,0
53075,84,77,7,7
53076,50,57,-7,7
53077,95,101,-6,6
53078,80,86,-6,6
53079,135,122,13,13
53080,75,75,0,0
53081,79,84,-5,5
53082,179,164,15,15
53083,119,115,4,4
53084,89,78,11,11
53085,58,70,-12,12
53086,98,105,-7,7
53087,58,63,-5,5
53088,62,65,-3,3
53089,65,69,-4,4
53090,90,88,2,2
53091,134,120,14,14
53092,61,67,-6,6
53093,142,137,5,5
53094,71,76,-5,5
53095,147,118,29,29
53096,122,118,4,4
53097,151,138,13,13
53098,105,102,3,3
53099,56,62,-6,6
53100,124,123,1,1
53101,140,142,-2,2
53102,107,102,5,5
53103,103,105,-2,2
53104,98,89,9,9
53105,63,60,3,3
53106,51,61,-10,10
53107,81,80,1,1
53108,65,74,-9,9
53109,150,140,10,10
53110,134,128,6,6
53111,46,50,-4,4
53112,120,107,13,13
53113,80,84,-4,4
53114,93,92,1,1
53115,176,151,25,25
53116,115,120,-5,5
53117,128,123,5,5
53118,143,130,13,13
53119,55,59,-4,4
53120,85,77,8,8
53121,102,93,9,9
53122,54,60,-6,6
53123,151,119,32,32
53124,83,78,5,5
53125,47,52,-5,5
53126,80,81,-1,1
53127,126,116,10,10
53128,105,107,-2,2
53129,103,107,-4,4
53130,70,79,-9,9
53131,64,67,-3,3
53132,116,114,2,2
53133,124,130,-6,6
53134,89,87,2,2
53135,73,79,-6,6
53136,131,131,0,0
53137,120,107,13,13
53138,102,95,7,7
53139,88,82,6,6
53140,82,83,-1,1
53141,88,88,0,0
53142,135,110,25,25
53143,119,111,8,8
53144,67,74,-7,7
53145,55,58,-3,3
53146,170,159,11,11
53147,125,129,-4,4
53148,132,111,21,21
53149,146,142,4,4
53150,83,80,3,3
53151,85,82,3,3
53152,101,98,3,3
53153,84,86,-2,2
53154,135,128,7,7
53155,54,59,-5,5
53156,74,66,8,8
53157,72,77,-5,5
53158,112,93,19,19
53159,137,134,3,3
53160,82,75,7,7
53161,121,106,15,15
53162,83,85,-2,2
53163,112,117,-5,5
53164,66,63,3,3
53165,90,86,4,4
53166,111,114,-3,3
53167,70,77,-7,7
53168,98,101,-3,3
53169,101,97,4,4
53170,108,99,9,9
53171,77,78,-1,1
53172,94,98,-4,4
53173,77,81,-4,4
53174,52,67,-15,15
53175,114,111,3,3
53176,79,80,-1,1
53177,43,58,-15,15
53178,110,98,12,12
53179,51,52,-1,1
53180,81,82,-1,1
53181,122,112,10,10
53182,128,123,5,5
53183,92,105,-13,13
53184,111,105,6,6
53185,106,97,9,9
53186,56,66,-10,10
53187,137,119,18,18
53188,75,71,4,4
53189,71,73,-2,2
53190,67,70,-3,3
53191,89,87,2,2
53192,96,96,0,0
53193,106,105,1,1
53194,71,71,0,0
53195,128,116,12,12
53196,63,71,-8,8
53197,82,77,5,5
53198,67,70,-3,3
53199,80,80,0,0
53200,124,114,10,10
53201,117,109,8,8
53202,115,122,-7,7
53203,107,106,1,1
53204,65,69,-4,4
53205,119,115,4,4
53206,88,96,-8,8
53207,53,63,-10,10
53208,156,142,14,14
53209,71,72,-1,1
53210,89,89,0,0
53211,88,80,8,8
53212,113,106,7,7
53213,43,53,-10,10
53214,106,106,0,0
53215,85,86,-1,1
53216,108,124,-16,16
53217,70,65,5,5
53218,163,153,10,10
53219,102,101,1,1
53220,74,75,-1,1
53221,60,65,-5,5
53222,107,101,6,6
53223,59,79,-20,20
53224,90,78,12,12
53225,134,122,12,12
53226,159,146,13,13
53227,99,90,9,9
53228,75,79,-4,4
53229,62,61,1,1
53230,93,92,1,1
53231,101,98,3,3
53232,61,69,-8,8
53233,88,76,12,12
53234,99,100,-1,1
53235,45,54,-9,9
53236,65,71,-6,6
53237,120,106,14,14
53238,85,85,0,0
53239,76,81,-5,5
53240,111,100,11,11
53241,75,79,-4,4
53242,96,96,0,0
53243,134,114,20,20
53244,62,57,5,5
53245,69,68,1,1
53246,95,95,0,0
53247,93,87,6,6
53248,73,81,-8,8
53249,89,78,11,11
53250,59,58,1,1
53251,73,70,3,3
53252,115,114,1,1
53253,86,85,1,1
53254,141,153,-12,12
53255,109,129,-20,20
53256,112,97,15,15
53257,74,79,-5,5
53258,57,62,-5,5
53259,61,67,-6,6
53260,104,102,2,2
53261,111,96,15,15
53262,80,82,-2,2
53263,107,100,7,7
53264,43,50,-7,7
53265,71,80,-9,9
53266,54,59,-5,5
53267,74,83,-9,9
53268,77,75,2,2
53269,86,95,-9,9
53270,65,72,-7,7
53271,103,92,11,11
53272,67,75,-8,8
53273,77,70,7,7
53274,53,66,-13,13
53275,128,112,16,16
53276,75,79,-4,4
53277,111,130,-19,19
53278,94,93,1,1
53279,93,92,1,1
53280,131,115,16,16
53281,61,92,-31,31
53282,69,69,0,0
53283,70,62,8,8
53284,50,58,-8,8
53285,69,69,0,0
53286,101,92,9,9
53287,86,80,6,6
53288,98,94,4,4
53289,140,100,40,40
53290,88,89,-1,1
53291,51,57,-6,6
53292,72,81,-9,9
53293,109,111,-2,2
53294,67,78,-11,11
53295,114,107,7,7
53296,98,91,7,7
53297,98,106,-8,8
53298,107,111,-4,4
53299,133,141,-8,8
53300,161,154,7,7
53301,161,137,24,24
53302,125,117,8,8
53303,90,90,0,0
53304,112,111,1,1
53305,61,67,-6,6
53306,186,172,14,14
53307,102,108,-6,6
53308,273,245,28,28
53309,125,125,0,0
53310,124,127,-3,3
53311,115,106,9,9
53312,86,84,2,2
53313,67,71,-4,4
53314,90,93,-3,3
53315,146,137,9,9
53316,64,68,-4,4
53317,78,77,1,1
53318,73,72,1,1
53319,132,120,12,12
53320,78,80,-2,2
53321,108,111,-3,3
53322,72,71,1,1
53323,112,119,-7,7
53324,110,105,5,5
53325,157,143,14,14
53326,87,83,4,4
53327,63,64,-1,1
53328,47,53,-6,6
53329,55,65,-10,10
53330,57,61,-4,4
53331,77,81,-4,4
53332,73,73,0,0
53333,52,57,-5,5
53334,60,78,-18,18
53335,171,173,-2,2
53336,153,140,13,13
53337,128,124,4,4
53338,101,98,3,3
53339,58,63,-5,5
53340,67,68,-1,1
53341,58,66,-8,8
53342,69,70,-1,1
53343,198,163,35,35
53344,85,80,5,5
53345,96,84,12,12
53346,68,93,-25,25
53347,80,78,2,2
53348,56,67,-11,11
53349,67,70,-3,3
53350,57,61,-4,4
53351,39,38,1,1
53352,81,89,-8,8
53353,117,110,7,7
53354,104,105,-1,1
53355,105,107,-2,2
53356,83,81,2,2
53357,135,129,6,6
53358,76,70,6,6
53359,122,110,12,12
53360,78,79,-1,1
53361,37,44,-7,7
53362,134,118,16,16
53363,71,70,1,1
53364,119,108,11,11
53365,23,29,-6,6
53366,145,138,7,7
53367,99,98,1,1
53368,70,80,-10,10
53369,41,63,-22,22
53370,82,92,-10,10
53371,102,94,8,8
53372,64,66,-2,2
53373,60,64,-4,4
53374,157,144,13,13
53375,144,125,19,19
53376,107,106,1,1
53377,108,113,-5,5
53378,79,82,-3,3
53379,77,87,-10,10
53380,102,97,5,5
53381,62,67,-5,5
53382,87,92,-5,5
53383,156,142,14,14
53384,59,63,-4,4
53385,54,62,-8,8
53386,114,112,2,2
53387,87,99,-12,12
53388,132,126,6,6
53389,135,130,5,5
53390,126,106,20,20
53391,105,106,-1,1
53392,95,100,-5,5
53393,101,97,4,4
53394,51,63,-12,12
53395,63,74,-11,11
53396,149,144,5,5
53397,72,67,5,5
53398,147,137,10,10
53399,67,68,-1,1
53400,106,109,-3,3
53401,98,103,-5,5
53402,100,91,9,9
53403,93,106,-13,13
53404,69,76,-7,7
53405,116,132,-16,16
53406,88,86,2,2
53407,114,133,-19,19
53408,53,60,-7,7
53409,55,59,-4,4
53410,86,93,-7,7
53411,110,100,10,10
53412,82,80,2,2
53413,87,81,6,6
53414,60,62,-2,2
53415,59,62,-3,3
53416,72,67,5,5
53417,99,88,11,11
53418,111,95,16,16
53419,105,104,1,1
53420,110,102,8,8
53421,56,60,-4,4
53422,126,130,-4,4
53423,75,82,-7,7
53424,56,59,-3,3
53425,119,132,-13,13
53426,98,99,-1,1
53427,171,164,7,7
53428,169,142,27,27
53429,126,125,1,1
53430,194,160,34,34
53431,112,104,8,8
53432,73,75,-2,2
53433,106,104,2,2
53434,101,87,14,14
53435,119,106,13,13
53436,96,84,12,12
53437,58,60,-2,2
53438,89,92,-3,3
53439,78,81,-3,3
53440,85,89,-4,4
53441,87,88,-1,1
53442,70,76,-6,6
53443,50,59,-9,9
53444,51,58,-7,7
53445,91,84,7,7
53446,79,81,-2,2
53447,98,96,2,2
53448,117,121,-4,4
53449,94,100,-6,6
53450,141,131,10,10
53451,133,132,1,1
53452,48,55,-7,7
53453,121,117,4,4
53454,90,92,-2,2
53455,50,66,-16,16
53456,69,79,-10,10
53457,90,102,-12,12
53458,83,85,-2,2
53459,89,99,-10,10
53460,84,83,1,1
53461,72,74,-2,2
53462,65,69,-4,4
53463,93,90,3,3
53464,70,71,-1,1
53465,68,72,-4,4
53466,128,137,-9,9
53467,102,87,15,15
53468,111,112,-1,1
53469,54,58,-4,4
53470,94,102,-8,8
53471,102,95,7,7
53472,104,97,7,7
53473,90,93,-3,3
53474,96,100,-4,4
53475,119,126,-7,7
53476,80,85,-5,5
53477,77,77,0,0
53478,228,249,-21,21
53479,134,108,26,26
53480,140,149,-9,9
53481,47,53,-6,6
53482,113,108,5,5
53483,58,62,-4,4
53484,34,43,-9,9
53485,46,49,-3,3
53486,68,66,2,2
53487,68,74,-6,6
53488,43,53,-10,10
53489,74,83,-9,9
53490,88,92,-4,4
53491,130,138,-8,8
53492,112,95,17,17
53493,91,87,4,4
53494,70,74,-4,4
53495,137,124,13,13
53496,67,65,2,2
53497,90,81,9,9
53498,137,123,14,14
53499,83,89,-6,6
53500,105,111,-6,6
53501,78,82,-4,4
53502,93,79,14,14
53503,88,80,8,8
53504,65,66,-1,1
53505,105,96,9,9
53506,131,133,-2,2
53507,52,55,-3,3
53508,48,56,-8,8
53509,127,131,-4,4
53510,70,85,-15,15
53511,62,62,0,0
53512,119,118,1,1
53513,75,78,-3,3
53514,90,82,8,8
53515,60,72,-12,12
53516,133,122,11,11
53517,86,82,4,4
53518,77,83,-6,6
53519,81,83,-2,2
53520,98,99,-1,1
53521,101,100,1,1
53522,70,73,-3,3
53523,86,78,8,8
53524,111,112,-1,1
53525,99,92,7,7
53526,62,66,-4,4
53527,111,111,0,0
53528,57,62,-5,5
53529,93,93,0,0
53530,77,80,-3,3
53531,122,115,7,7
53532,96,99,-3,3
53533,52,59,-7,7
53534,66,64,2,2
53535,102,98,4,4
53536,79,95,-16,16
53537,83,95,-12,12
53538,90,90,0,0
53539,117,103,14,14
53540,87,88,-1,1
53541,127,112,15,15
53542,50,61,-11,11
53543,62,68,-6,6
53544,63,75,-12,12
53545,80,77,3,3
53546,111,128,-17,17
53547,53,44,9,9
53548,105,103,2,2
53549,97,88,9,9
53550,48,52,-4,4
53551,66,72,-6,6
53552,113,112,1,1
53553,142,131,11,11
53554,42,46,-4,4
53555,55,58,-3,3
53556,111,98,13,13
53557,89,85,4,4
53558,76,89,-13,13
53559,126,113,13,13
53560,103,102,1,1
53561,53,61,-8,8
53562,90,90,0,0
53563,66,61,5,5
53564,60,71,-11,11
53565,49,61,-12,12
53566,230,195,35,35
53567,64,61,3,3
53568,104,102,2,2
53569,82,83,-1,1
53570,157,150,7,7
53571,53,59,-6,6
53572,93,95,-2,2
53573,76,74,2,2
53574,61,70,-9,9
53575,100,91,9,9
53576,52,62,-10,10
53577,69,71,-2,2
53578,117,112,5,5
53579,124,115,9,9
53580,100,102,-2,2
53581,149,119,30,30
53582,99,98,1,1
53583,120,103,17,17
53584,79,85,-6,6
53585,177,164,13,13
53586,62,67,-5,5
53587,99,93,6,6
53588,157,143,14,14
53589,117,116,1,1
53590,98,93,5,5
53591,68,67,1,1
53592,85,81,4,4
53593,91,100,-9,9
53594,106,96,10,10
53595,129,123,6,6
53596,134,117,17,17
53597,85,85,0,0
53598,122,124,-2,2
53599,89,88,1,1
53600,46,58,-12,12
53601,91,94,-3,3
53602,136,131,5,5
53603,52,54,-2,2
53604,98,101,-3,3
53605,98,90,8,8
53606,129,123,6,6
53607,49,54,-5,5
53608,75,73,2,2
53609,70,76,-6,6
53610,102,94,8,8
53611,114,110,4,4
53612,31,44,-13,13
53613,120,113,7,7
53614,108,106,2,2
53615,84,89,-5,5
53616,61,67,-6,6
53617,150,147,3,3
53618,52,85,-33,33
53619,44,52,-8,8
53620,71,78,-7,7
53621,62,69,-7,7
53622,74,78,-4,4
53623,100,98,2,2
53624,83,89,-6,6
53625,82,85,-3,3
53626,149,128,21,21
53627,113,116,-3,3
53628,99,90,9,9
53629,94,94,0,0
53630,77,82,-5,5
53631,116,124,-8,8
53632,154,153,1,1
53633,84,86,-2,2
53634,116,99,17,17
53635,169,156,13,13
53636,126,118,8,8
53637,31,38,-7,7
53638,84,83,1,1
53639,81,77,4,4
53640,109,103,6,6
53641,96,96,0,0
53642,78,77,1,1
53643,100,98,2,2
53644,101,96,5,5
53645,63,73,-10,10
53646,118,115,3,3
53647,119,107,12,12
53648,70,68,2,2
53649,82,77,5,5
53650,57,59,-2,2
53651,89,92,-3,3
53652,124,113,11,11
53653,67,73,-6,6
53654,87,80,7,7
53655,115,106,9,9
53656,76,73,3,3
53657,63,68,-5,5
53658,105,98,7,7
53659,77,76,1,1
53660,124,124,0,0
53661,84,81,3,3
53662,52,52,0,0
53663,55,59,-4,4
53664,120,112,8,8
53665,206,170,36,36
53666,67,74,-7,7
53667,93,94,-1,1
53668,67,72,-5,5
53669,71,68,3,3
53670,87,78,9,9
53671,72,70,2,2
53672,108,103,5,5
53673,116,106,10,10
53674,62,61,1,1
53675,61,71,-10,10
53676,57,63,-6,6
53677,100,95,5,5
53678,78,71,7,7
53679,93,95,-2,2
53680,102,102,0,0
53681,187,174,13,13
53682,88,80,8,8
53683,100,99,1,1
53684,169,156,13,13
53685,160,160,0,0
53686,142,137,5,5
53687,146,142,4,4
53688,81,85,-4,4
53689,41,48,-7,7
53690,111,93,18,18
53691,124,113,11,11
53692,114,113,1,1
53693,133,138,-5,5
53694,88,78,10,10
53695,90,84,6,6
53696,76,77,-1,1
53697,83,89,-6,6
53698,130,122,8,8
53699,48,65,-17,17
53700,85,98,-13,13
53701,77,77,0,0
53702,130,126,4,4
53703,118,99,19,19
53704,106,101,5,5
53705,67,74,-7,7
53706,111,108,3,3
53707,94,87,7,7
53708,69,71,-2,2
53709,76,89,-13,13
53710,96,89,7,7
53711,84,79,5,5
53712,144,111,33,33
53713,66,79,-13,13
53714,86,85,1,1
53715,56,65,-9,9
53716,103,108,-5,5
53717,154,143,11,11
53718,80,76,4,4
53719,89,87,2,2
53720,63,72,-9,9
53721,90,87,3,3
53722,102,94,8,8
53723,132,127,5,5
53724,103,102,1,1
53725,138,126,12,12
53726,107,101,6,6
53727,84,88,-4,4
53728,158,139,19,19
53729,143,139,4,4
53730,83,86,-3,3
53731,101,94,7,7
53732,42,56,-14,14
53733,156,141,15,15
53734,96,98,-2,2
53735,124,126,-2,2
53736,91,91,0,0
53737,139,129,10,10
53738,80,77,3,3
53739,95,90,5,5
53740,95,89,6,6
53741,83,87,-4,4
53742,88,90,-2,2
53743,120,118,2,2
53744,79,81,-2,2
53745,114,104,10,10
53746,54,62,-8,8
53747,72,82,-10,10
53748,122,107,15,15
53749,125,124,1,1
53750,100,97,3,3
53751,90,97,-7,7
53752,92,90,2,2
53753,85,82,3,3
53754,115,109,6,6
53755,76,71,5,5
53756,94,102,-8,8
53757,128,110,18,18
53758,49,87,-38,38
53759,134,118,16,16
53760,114,111,3,3
53761,75,76,-1,1
53762,71,71,0,0
53763,131,124,7,7
53764,110,104,6,6
53765,113,102,11,11
53766,79,89,-10,10
53767,90,83,7,7
53768,112,97,15,15
53769,92,92,0,0
53770,141,127,14,14
53771,46,55,-9,9
53772,103,99,4,4
53773,124,122,2,2
53774,98,93,5,5
53775,106,91,15,15
53776,95,85,10,10
53777,50,58,-8,8
53778,98,92,6,6
53779,127,121,6,6
53780,147,142,5,5
53781,136,124,12,12
53782,68,69,-1,1
53783,133,121,12,12
53784,112,109,3,3
53785,73,72,1,1
53786,104,102,2,2
53787,118,110,8,8
53788,84,93,-9,9
53789,66,70,-4,4
53790,74,73,1,1
53791,71,65,6,6
53792,122,113,9,9
53793,88,88,0,0
53794,90,96,-6,6
53795,44,55,-11,11
53796,68,82,-14,14
53797,72,80,-8,8
53798,141,130,11,11
53799,84,105,-21,21
53800,120,113,7,7
53801,46,47,-1,1
53802,59,62,-3,3
53803,136,129,7,7
53804,47,53,-6,6
53805,57,65,-8,8
53806,64,80,-16,16
53807,114,98,16,16
53808,75,70,5,5
53809,72,78,-6,6
53810,58,59,-1,1
53811,70,73,-3,3
53812,146,138,8,8
53813,83,97,-14,14
53814,116,128,-12,12
53815,143,140,3,3
53816,118,98,20,20
53817,200,167,33,33
53818,116,103,13,13
53819,124,111,13,13
53820,142,143,-1,1
53821,184,155,29,29
53822,137,128,9,9
53823,76,81,-5,5
53824,96,93,3,3
53825,52,56,-4,4
53826,91,81,10,10
53827,55,60,-5,5
53828,95,85,10,10
53829,59,65,-6,6
53830,145,143,2,2
53831,84,77,7,7
53832,112,111,1,1
53833,63,76,-13,13
53834,60,68,-8,8
53835,134,128,6,6
53836,88,84,4,4
53837,72,75,-3,3
53838,107,112,-5,5
53839,74,73,1,1
53840,94,82,12,12
53841,84,80,4,4
53842,55,73,-18,18
53843,30,29,1,1
53844,31,48,-17,17
53845,77,83,-6,6
53846,74,74,0,0
53847,99,86,13,13
53848,148,142,6,6
53849,70,78,-8,8
53850,86,79,7,7
53851,124,137,-13,13
53852,144,138,6,6
53853,77,73,4,4
53854,117,106,11,11
53855,78,73,5,5
53856,53,68,-15,15
53857,105,99,6,6
53858,79,70,9,9
53859,127,115,12,12
53860,94,85,9,9
53861,159,152,7,7
53862,90,88,2,2
53863,71,76,-5,5
53864,156,143,13,13
53865,140,136,4,4
53866,57,52,5,5
53867,91,90,1,1
53868,61,65,-4,4
53869,91,95,-4,4
53870,54,62,-8,8
53871,78,76,2,2
53872,133,114,19,19
53873,121,108,13,13
53874,151,143,8,8
53875,119,112,7,7
53876,76,105,-29,29
53877,98,92,6,6
53878,97,95,2,2
53879,41,48,-7,7
53880,149,153,-4,4
53881,119,112,7,7
53882,80,81,-1,1
53883,67,66,1,1
53884,70,76,-6,6
53885,120,107,13,13
53886,125,120,5,5
53887,76,78,-2,2
53888,77,83,-6,6
53889,89,91,-2,2
53890,63,62,1,1
53891,163,150,13,13
53892,51,52,-1,1
53893,68,68,0,0
53894,131,130,1,1
53895,109,108,1,1
53896,61,60,1,1
53897,118,129,-11,11
53898,103,98,5,5
53899,137,111,26,26
53900,93,89,4,4
53901,116,96,20,20
53902,61,68,-7,7
53903,80,83,-3,3
53904,88,87,1,1
53905,121,124,-3,3
53906,63,67,-4,4
53907,150,142,8,8
53908,130,120,10,10
53909,112,106,6,6
53910,48,58,-10,10
53911,159,154,5,5
53912,75,72,3,3
53913,66,74,-8,8
53914,75,77,-2,2
53915,70,71,-1,1
53916,80,76,4,4
53917,95,94,1,1
53918,57,55,2,2
53919,79,75,4,4
53920,69,68,1,1
53921,60,71,-11,11
53922,115,104,11,11
53923,121,97,24,24
53924,71,65,6,6
53925,88,84,4,4
53926,97,95,2,2
53927,56,66,-10,10
53928,107,95,12,12
53929,35,38,-3,3
53930,112,109,3,3
53931,74,79,-5,5
53932,80,81,-1,1
53933,89,98,-9,9
53934,81,87,-6,6
53935,142,140,2,2
53936,109,112,-3,3
53937,118,101,17,17
53938,93,90,3,3
53939,127,124,3,3
53940,84,88,-4,4
53941,135,129,6,6
53942,128,122,6,6
53943,88,83,5,5
53944,77,83,-6,6
53945,73,80,-7,7
53946,92,83,9,9
53947,163,156,7,7
53948,117,108,9,9
53949,186,171,15,15
53950,118,123,-5,5
53951,79,69,10,10
53952,81,82,-1,1
53953,114,124,-10,10
53954,83,82,1,1
53955,89,79,10,10
53956,139,140,-1,1
53957,85,87,-2,2
53958,52,60,-8,8
53959,112,101,11,11
53960,79,81,-2,2
53961,90,84,6,6
53962,102,98,4,4
53963,86,86,0,0
53964,83,81,2,2
53965,149,132,17,17
53966,50,59,-9,9
53967,73,73,0,0
53968,66,66,0,0
53969,106,106,0,0
53970,78,74,4,4
53971,85,85,0,0
53972,97,107,-10,10
53973,50,52,-2,2
53974,126,132,-6,6
53975,83,89,-6,6
53976,98,89,9,9
53977,75,75,0,0
53978,93,91,2,2
53979,143,126,17,17
53980,142,122,20,20
53981,55,66,-11,11
53982,68,68,0,0
53983,61,63,-2,2
53984,68,69,-1,1
53985,119,99,20,20
53986,85,81,4,4
53987,56,56,0,0
53988,105,111,-6,6
53989,74,75,-1,1
53990,61,64,-3,3
53991,125,126,-1,1
53992,49,54,-5,5
53993,117,121,-4,4
53994,109,110,-1,1
53995,108,120,-12,12
53996,153,154,-1,1
53997,59,59,0,0
53998,173,156,17,17
53999,90,89,1,1
54000,102,97,5,5
54001,53,61,-8,8
54002,91,97,-6,6
54003,162,122,40,40
54004,129,123,6,6
54005,110,107,3,3
54006,80,74,6,6
54007,94,86,8,8
54008,107,102,5,5
54009,57,65,-8,8
54010,109,108,1,1
54011,73,75,-2,2
54012,229,194,35,35
54013,170,159,11,11
54014,70,67,3,3
54015,104,106,-2,2
54016,83,80,3,3
54017,101,94,7,7
54018,86,92,-6,6
54019,108,106,2,2
54020,96,95,1,1
54021,80,85,-5,5
54022,68,71,-3,3
54023,91,86,5,5
54024,112,112,0,0
54025,122,109,13,13
54026,132,118,14,14
54027,96,96,0,0
54028,81,88,-7,7
54029,80,93,-13,13
54030,101,94,7,7
54031,117,110,7,7
54032,100,95,5,5
54033,83,96,-13,13
54034,93,92,1,1
54035,103,102,1,1
54036,48,60,-12,12
54037,110,102,8,8
54038,128,115,13,13
54039,37,42,-5,5
54040,110,113,-3,3
54041,94,93,1,1
54042,127,130,-3,3
54043,70,69,1,1
54044,112,104,8,8
54045,189,181,8,8
54046,95,100,-5,5
54047,123,123,0,0
54048,152,145,7,7
54049,85,84,1,1
54050,60,68,-8,8
54051,74,70,4,4
54052,89,91,-2,2
54053,97,95,2,2
54054,159,140,19,19
54055,90,91,-1,1
54056,76,77,-1,1
54057,83,94,-11,11
54058,71,80,-9,9
54059,105,93,12,12
54060,102,101,1,1
54061,161,144,17,17
54062,123,108,15,15
54063,85,84,1,1
54064,41,49,-8,8
54065,165,151,14,14
54066,60,92,-32,32
54067,123,123,0,0
54068,59,59,0,0
54069,51,53,-2,2
54070,160,153,7,7
54071,134,144,-10,10
54072,87,93,-6,6
54073,91,89,2,2
54074,52,60,-8,8
54075,111,103,8,8
54076,139,141,-2,2
54077,65,73,-8,8
54078,96,92,4,4
54079,92,86,6,6
54080,77,85,-8,8
54081,106,112,-6,6
54082,194,176,18,18
54083,127,117,10,10
54084,121,100,21,21
54085,140,144,-4,4
54086,129,123,6,6
54087,59,67,-8,8
54088,82,88,-6,6
54089,59,66,-7,7
54090,98,94,4,4
54091,214,175,39,39
54092,107,104,3,3
54093,122,122,0,0
54094,75,72,3,3
54095,52,55,-3,3
54096,129,117,12,12
54097,59,62,-3,3
54098,64,63,1,1
54099,144,127,17,17
54100,99,95,4,4
54101,156,140,16,16
54102,173,161,12,12
54103,82,81,1,1
54104,145,125,20,20
54105,105,96,9,9
54106,102,108,-6,6
54107,69,69,0,0
54108,51,58,-7,7
54109,44,52,-8,8
54110,30,39,-9,9
54111,118,104,14,14
54112,85,80,5,5
54113,70,72,-2,2
54114,61,79,-18,18
54115,69,68,1,1
54116,81,81,0,0
54117,68,65,3,3
54118,149,141,8,8
54119,47,65,-18,18
54120,53,64,-11,11
54121,143,141,2,2
54122,91,99,-8,8
54123,93,94,-1,1
54124,45,53,-8,8
54125,122,115,7,7
54126,112,103,9,9
54127,165,144,21,21
54128,57,65,-8,8
54129,101,100,1,1
54130,54,60,-6,6
54131,55,59,-4,4
54132,74,72,2,2
54133,95,94,1,1
54134,58,89,-31,31
54135,114,120,-6,6
54136,73,91,-18,18
54137,81,77,4,4
54138,63,64,-1,1
54139,139,145,-6,6
54140,96,93,3,3
54141,111,105,6,6
54142,157,142,15,15
54143,167,159,8,8
54144,166,138,28,28
54145,115,115,0,0
54146,80,77,3,3
54147,166,137,29,29
54148,89,87,2,2
54149,69,68,1,1
54150,34,47,-13,13
54151,92,91,1,1
54152,81,88,-7,7
54153,131,131,0,0
54154,65,71,-6,6
54155,107,104,3,3
54156,61,68,-7,7
54157,77,83,-6,6
54158,92,96,-4,4
54159,175,169,6,6
54160,154,152,2,2
54161,101,102,-1,1
54162,96,90,6,6
54163,82,80,2,2
54164,72,72,0,0
54165,60,65,-5,5
54166,137,120,17,17
54167,44,54,-10,10
54168,77,72,5,5
54169,111,107,4,4
54170,41,56,-15,15
54171,119,105,14,14
54172,83,87,-4,4
54173,108,100,8,8
54174,128,109,19,19
54175,76,90,-14,14
54176,41,55,-14,14
54177,79,80,-1,1
54178,175,162,13,13
54179,115,103,12,12
54180,87,93,-6,6
54181,136,119,17,17
54182,76,77,-1,1
54183,107,112,-5,5
54184,86,92,-6,6
54185,118,104,14,14
54186,98,93,5,5
54187,73,73,0,0
54188,176,158,18,18
54189,110,98,12,12
54190,73,72,1,1
54191,73,77,-4,4
54192,109,113,-4,4
54193,96,100,-4,4
54194,128,114,14,14
54195,65,66,-1,1
54196,81,86,-5,5
54197,76,77,-1,1
54198,81,89,-8,8
54199,55,54,1,1
54200,93,93,0,0
54201,138,140,-2,2
54202,127,115,12,12
54203,110,92,18,18
54204,97,90,7,7
54205,106,109,-3,3
54206,70,75,-5,5
54207,84,98,-14,14
54208,103,98,5,5
54209,109,96,13,13
54210,82,79,3,3
54211,82,83,-1,1
54212,75,74,1,1
54213,96,93,3,3
54214,74,76,-2,2
54215,50,58,-8,8
54216,80,75,5,5
54217,129,133,-4,4
54218,127,126,1,1
54219,101,112,-11,11
54220,94,90,4,4
54221,80,82,-2,2
54222,51,55,-4,4
54223,98,96,2,2
54224,93,95,-2,2
54225,138,137,1,1
54226,127,113,14,14
54227,115,108,7,7
54228,57,64,-7,7
54229,62,67,-5,5
54230,125,127,-2,2
54231,74,83,-9,9
54232,104,94,10,10
54233,112,113,-1,1
54234,101,94,7,7
54235,81,73,8,8
54236,58,66,-8,8
54237,98,86,12,12
54238,60,62,-2,2
54239,60,66,-6,6
54240,119,106,13,13
54241,92,90,2,2
54242,79,86,-7,7
54243,72,74,-2,2
54244,59,68,-9,9
54245,53,60,-7,7
54246,133,122,11,11
54247,81,91,-10,10
54248,167,150,17,17
54249,110,101,9,9
54250,62,66,-4,4
54251,77,76,1,1
54252,81,91,-10,10
54253,108,90,18,18
54254,107,98,9,9
54255,56,59,-3,3
54256,74,74,0,0
54257,55,72,-17,17
54258,41,47,-6,6
54259,95,88,7,7
54260,80,85,-5,5
54261,107,103,4,4
54262,89,89,0,0
54263,69,68,1,1
54264,89,84,5,5
54265,125,111,14,14
54266,139,136,3,3
54267,63,68,-5,5
54268,79,86,-7,7
54269,111,114,-3,3
54270,80,84,-4,4
54271,89,98,-9,9
54272,65,63,2,2
54273,139,127,12,12
54274,105,100,5,5
54275,59,62,-3,3
54276,108,95,13,13
54277,71,75,-4,4
54278,57,69,-12,12
54279,65,68,-3,3
54280,66,65,1,1
54281,171,160,11,11
54282,69,89,-20,20
54283,137,121,16,16
54284,62,68,-6,6
54285,92,90,2,2
54286,87,80,7,7
54287,131,124,7,7
54288,160,160,0,0
54289,78,84,-6,6
54290,82,92,-10,10
54291,152,161,-9,9
54292,34,38,-4,4
54293,80,90,-10,10
54294,201,184,17,17
54295,89,88,1,1
54296,88,93,-5,5
54297,137,127,10,10
54298,58,63,-5,5
54299,87,98,-11,11
54300,106,105,1,1
54301,67,70,-3,3
54302,57,57,0,0
54303,83,78,5,5
54304,105,93,12,12
54305,187,154,33,33
54306,92,90,2,2
54307,43,47,-4,4
54308,130,129,1,1
54309,103,95,8,8
54310,79,82,-3,3
54311,176,159,17,17
54312,120,107,13,13
54313,75,75,0,0
54314,75,71,4,4
54315,77,71,6,6
54316,87,84,3,3
54317,49,65,-16,16
54318,164,137,27,27
54319,142,126,16,16
54320,136,127,9,9
54321,51,60,-9,9
54322,79,81,-2,2
54323,173,159,14,14
54324,118,117,1,1
54325,75,76,-1,1
54326,87,92,-5,5
54327,66,68,-2,2
54328,67,71,-4,4
54329,124,116,8,8
54330,62,67,-5,5
54331,88,92,-4,4
54332,87,85,2,2
54333,125,124,1,1
54334,107,85,22,22
54335,65,64,1,1
54336,50,60,-10,10
54337,80,75,5,5
54338,166,156,10,10
54339,142,133,9,9
54340,171,157,14,14
54341,57,60,-3,3
54342,87,87,0,0
54343,106,94,12,12
54344,95,100,-5,5
54345,108,96,12,12
54346,105,95,10,10
54347,112,107,5,5
54348,101,90,11,11
54349,89,86,3,3
54350,49,58,-9,9
54351,84,82,2,2
54352,101,100,1,1
54353,66,67,-1,1
54354,83,79,4,4
54355,58,63,-5,5
54356,85,90,-5,5
54357,91,107,-16,16
54358,53,69,-16,16
54359,94,95,-1,1
54360,97,84,13,13
54361,76,74,2,2
54362,45,62,-17,17
54363,49,54,-5,5
54364,150,147,3,3
54365,104,97,7,7
54366,111,113,-2,2
54367,68,64,4,4
54368,93,100,-7,7
54369,100,100,0,0
54370,107,104,3,3
54371,121,119,2,2
54372,60,70,-10,10
54373,134,133,1,1
54374,127,119,8,8
54375,76,78,-2,2
54376,122,106,16,16
54377,71,70,1,1
54378,73,83,-10,10
54379,74,72,2,2
54380,133,127,6,6
54381,78,72,6,6
54382,60,76,-16,16
54383,112,123,-11,11
54384,87,92,-5,5
54385,105,95,10,10
54386,62,69,-7,7
54387,76,75,1,1
54388,124,112,12,12
54389,108,111,-3,3
54390,63,65,-2,2
54391,192,170,22,22
54392,63,78,-15,15
54393,94,95,-1,1
54394,76,95,-19,19
54395,153,144,9,9
54396,145,133,12,12
54397,118,120,-2,2
54398,144,146,-2,2
54399,80,89,-9,9
54400,81,79,2,2
54401,167,141,26,26
54402,112,88,24,24
54403,87,93,-6,6
54404,114,88,26,26
54405,96,99,-3,3
54406,72,74,-2,2
54407,148,147,1,1
54408,105,104,1,1
54409,138,142,-4,4
54410,80,83,-3,3
54411,79,86,-7,7
54412,92,86,6,6
54413,104,102,2,2
54414,60,74,-14,14
54415,179,156,23,23
54416,86,83,3,3
54417,32,53,-21,21
54418,134,106,28,28
54419,71,72,-1,1
54420,93,92,1,1
54421,112,106,6,6
54422,117,113,4,4
54423,112,106,6,6
54424,83,87,-4,4
54425,111,110,1,1
54426,143,137,6,6
54427,84,88,-4,4
54428,58,66,-8,8
54429,78,82,-4,4
54430,116,105,11,11
54431,120,106,14,14
54432,102,92,10,10
54433,155,91,64,64
54434,106,103,3,3
54435,79,72,7,7
54436,111,113,-2,2
54437,72,73,-1,1
54438,59,62,-3,3
54439,139,143,-4,4
54440,119,108,11,11
54441,100,94,6,6
54442,59,75,-16,16
54443,67,77,-10,10
54444,149,153,-4,4
54445,74,74,0,0
54446,96,96,0,0
54447,196,183,13,13
54448,144,140,4,4
54449,101,96,5,5
54450,80,92,-12,12
54451,76,86,-10,10
54452,96,97,-1,1
54453,112,102,10,10
54454,73,92,-19,19
54455,126,121,5,5
54456,92,88,4,4
54457,125,126,-1,1
54458,64,71,-7,7
54459,146,140,6,6
54460,77,95,-18,18
54461,148,143,5,5
54462,126,122,4,4
54463,95,98,-3,3
54464,58,58,0,0
54465,146,129,17,17
54466,148,126,22,22
54467,104,102,2,2
54468,129,116,13,13
54469,60,56,4,4
54470,83,82,1,1
54471,67,61,6,6
54472,132,117,15,15
54473,82,91,-9,9
54474,34,56,-22,22
54475,76,83,-7,7
54476,116,120,-4,4
54477,119,120,-1,1
54478,96,99,-3,3
54479,138,124,14,14
54480,80,80,0,0
54481,109,109,0,0
54482,103,96,7,7
54483,57,65,-8,8
54484,41,45,-4,4
54485,121,116,5,5
54486,87,82,5,5
54487,125,116,9,9
54488,82,91,-9,9
54489,36,45,-9,9
54490,63,65,-2,2
54491,112,108,4,4
54492,90,84,6,6
54493,110,115,-5,5
54494,184,161,23,23
54495,97,97,0,0
54496,64,72,-8,8
54497,115,103,12,12
54498,85,82,3,3
54499,60,66,-6,6
54500,68,77,-9,9
54501,118,110,8,8
54502,56,72,-16,16
54503,49,67,-18,18
54504,92,94,-2,2
54505,62,66,-4,4
54506,131,118,13,13
54507,125,120,5,5
54508,146,144,2,2
54509,78,81,-3,3
54510,69,70,-1,1
54511,76,73,3,3
54512,66,70,-4,4
54513,71,75,-4,4
54514,97,101,-4,4
54515,264,233,31,31
54516,38,50,-12,12
54517,134,136,-2,2
54518,70,69,1,1
54519,67,70,-3,3
54520,128,120,8,8
54521,138,102,36,36
54522,101,111,-10,10
54523,76,76,0,0
54524,42,54,-12,12
54525,138,122,16,16
54526,126,117,9,9
54527,80,78,2,2
54528,61,65,-4,4
54529,105,93,12,12
54530,113,107,6,6
54531,96,97,-1,1
54532,97,96,1,1
54533,74,86,-12,12
54534,129,131,-2,2
54535,83,78,5,5
54536,87,84,3,3
54537,72,71,1,1
54538,120,109,11,11
54539,95,112,-17,17
54540,62,69,-7,7
54541,54,62,-8,8
54542,80,86,-6,6
54543,109,98,11,11
54544,90,84,6,6
54545,30,27,3,3
54546,103,98,5,5
54547,91,101,-10,10
54548,92,84,8,8
54549,79,88,-9,9
54550,120,115,5,5
54551,131,125,6,6
54552,91,91,0,0
54553,64,67,-3,3
54554,106,105,1,1
54555,81,82,-1,1
54556,86,81,5,5
54557,190,180,10,10
54558,80,77,3,3
54559,108,111,-3,3
54560,136,137,-1,1
54561,84,85,-1,1
54562,122,118,4,4
54563,80,75,5,5
54564,80,75,5,5
54565,143,133,10,10
54566,31,36,-5,5
54567,96,92,4,4
54568,74,69,5,5
54569,130,121,9,9
54570,99,95,4,4
54571,90,94,-4,4
54572,89,81,8,8
54573,122,102,20,20
54574,116,117,-1,1
54575,111,113,-2,2
54576,129,115,14,14
54577,97,97,0,0
54578,122,102,20,20
54579,94,116,-22,22
54580,78,82,-4,4
54581,101,95,6,6
54582,77,83,-6,6
54583,99,104,-5,5
54584,91,108,-17,17
54585,74,75,-1,1
54586,120,114,6,6
54587,109,95,14,14
54588,54,62,-8,8
54589,105,97,8,8
54590,140,141,-1,1
54591,175,157,18,18
54592,103,91,12,12
54593,80,83,-3,3
54594,71,78,-7,7
54595,101,95,6,6
54596,91,93,-2,2
54597,75,84,-9,9
54598,51,59,-8,8
54599,59,63,-4,4
54600,108,102,6,6
54601,198,169,29,29
54602,48,52,-4,4
54603,117,112,5,5
54604,44,50,-6,6
54605,105,104,1,1
54606,78,82,-4,4
54607,92,100,-8,8
54608,89,89,0,0
54609,68,68,0,0
54610,50,62,-12,12
54611,83,77,6,6
54612,71,72,-1,1
54613,96,113,-17,17
54614,146,131,15,15
54615,134,105,29,29
54616,73,98,-25,25
54617,84,103,-19,19
54618,86,92,-6,6
54619,152,138,14,14
54620,59,63,-4,4
54621,183,163,20,20
54622,50,60,-10,10
54623,83,82,1,1
54624,103,94,9,9
54625,63,64,-1,1
54626,58,64,-6,6
54627,79,75,4,4
54628,65,88,-23,23
54629,50,62,-12,12
54630,89,83,6,6
54631,132,116,16,16
54632,91,97,-6,6
54633,79,82,-3,3
54634,89,80,9,9
54635,117,120,-3,3
54636,89,82,7,7
54637,109,109,0,0
54638,124,117,7,7
54639,97,92,5,5
54640,131,127,4,4
54641,86,86,0,0
54642,77,78,-1,1
54643,96,97,-1,1
54644,94,91,3,3
54645,74,74,0,0
54646,129,122,7,7
54647,104,99,5,5
54648,113,116,-3,3
54649,99,95,4,4
54650,63,54,9,9
54651,95,93,2,2
54652,68,79,-11,11
54653,194,150,44,44
54654,99,107,-8,8
54655,123,133,-10,10
54656,119,111,8,8
54657,108,96,12,12
54658,66,83,-17,17
54659,60,67,-7,7
54660,58,67,-9,9
54661,183,166,17,17
54662,190,169,21,21
54663,165,143,22,22
54664,80,90,-10,10
54665,166,153,13,13
54666,123,122,1,1
54667,131,127,4,4
54668,62,72,-10,10
54669,83,73,10,10
54670,125,108,17,17
54671,103,106,-3,3
54672,101,104,-3,3
54673,95,90,5,5
54674,59,67,-8,8
54675,107,99,8,8
54676,79,70,9,9
54677,87,79,8,8
54678,84,86,-2,2
54679,67,71,-4,4
54680,75,75,0,0
54681,85,81,4,4
54682,89,81,8,8
54683,105,113,-8,8
54684,71,73,-2,2
54685,150,133,17,17
54686,59,65,-6,6
54687,86,83,3,3
54688,85,85,0,0
54689,110,112,-2,2
54690,76,72,4,4
54691,100,99,1,1
54692,109,97,12,12
54693,110,106,4,4
54694,97,107,-10,10
54695,109,108,1,1
54696,188,167,21,21
54697,52,60,-8,8
54698,56,64,-8,8
54699,87,86,1,1
54700,72,72,0,0
54701,171,159,12,12
54702,109,102,7,7
54703,86,88,-2,2
54704,140,135,5,5
54705,113,108,5,5
54706,89,89,0,0
54707,102,97,5,5
54708,82,80,2,2
54709,87,83,4,4
54710,85,87,-2,2
54711,150,140,10,10
54712,151,127,24,24
54713,65,77,-12,12
54714,150,140,10,10
54715,102,99,3,3
54716,88,85,3,3
54717,108,105,3,3
54718,38,54,-16,16
54719,123,118,5,5
54720,92,81,11,11
54721,120,111,9,9
54722,108,99,9,9
54723,72,69,3,3
54724,62,63,-1,1
54725,105,104,1,1
54726,71,83,-12,12
54727,99,90,9,9
54728,88,87,1,1
54729,79,88,-9,9
54730,86,86,0,0
54731,116,101,15,15
54732,74,81,-7,7
54733,93,96,-3,3
54734,198,175,23,23
54735,96,93,3,3
54736,78,76,2,2
54737,57,59,-2,2
54738,45,55,-10,10
54739,140,132,8,8
54740,76,75,1,1
54741,88,90,-2,2
54742,127,124,3,3
54743,50,62,-12,12
54744,101,107,-6,6
54745,71,79,-8,8
54746,141,128,13,13
54747,110,114,-4,4
54748,144,127,17,17
54749,114,121,-7,7
54750,66,65,1,1
54751,90,95,-5,5
54752,83,79,4,4
54753,143,125,18,18
54754,81,78,3,3
54755,41,40,1,1
54756,165,158,7,7
54757,92,98,-6,6
54758,43,69,-26,26
54759,84,76,8,8
54760,58,74,-16,16
54761,74,70,4,4
54762,102,84,18,18
54763,62,75,-13,13
54764,115,103,12,12
54765,93,98,-5,5
54766,155,136,19,19
54767,173,165,8,8
54768,145,136,9,9
54769,75,79,-4,4
54770,116,103,13,13
54771,114,119,-5,5
54772,115,117,-2,2
54773,123,114,9,9
54774,86,98,-12,12
54775,95,91,4,4
54776,59,64,-5,5
54777,123,117,6,6
54778,111,114,-3,3
54779,109,121,-12,12
54780,92,88,4,4
54781,118,127,-9,9
54782,42,50,-8,8
54783,65,69,-4,4
54784,74,76,-2,2
54785,144,144,0,0
54786,139,128,11,11
54787,71,76,-5,5
54788,66,67,-1,1
54789,81,84,-3,3
54790,103,107,-4,4
54791,65,66,-1,1
54792,137,144,-7,7
54793,86,91,-5,5
54794,64,55,9,9
54795,96,97,-1,1
54796,76,86,-10,10
54797,56,60,-4,4
54798,59,66,-7,7
54799,70,73,-3,3
54800,79,75,4,4
54801,92,88,4,4
54802,64,75,-11,11
54803,141,142,-1,1
54804,111,108,3,3
54805,123,104,19,19
54806,55,64,-9,9
54807,58,62,-4,4
54808,105,89,16,16
54809,124,109,15,15
54810,76,75,1,1
54811,72,89,-17,17
54812,68,77,-9,9
54813,39,50,-11,11
54814,83,77,6,6
54815,90,85,5,5
54816,84,79,5,5
54817,131,112,19,19
54818,100,92,8,8
54819,68,72,-4,4
54820,199,168,31,31
54821,111,105,6,6
54822,63,64,-1,1
54823,112,108,4,4
54824,58,64,-6,6
54825,167,158,9,9
54826,167,153,14,14
54827,204,174,30,30
54828,88,88,0,0
54829,112,116,-4,4
54830,109,107,2,2
54831,74,66,8,8
54832,118,115,3,3
54833,114,110,4,4
54834,52,58,-6,6
54835,79,81,-2,2
54836,63,65,-2,2
54837,34,45,-11,11
54838,75,77,-2,2
54839,66,68,-2,2
54840,165,164,1,1
54841,140,104,36,36
54842,68,73,-5,5
54843,119,110,9,9
54844,109,104,5,5
54845,79,78,1,1
54846,96,84,12,12
54847,96,93,3,3
54848,58,60,-2,2
54849,99,98,1,1
54850,68,76,-8,8
54851,61,64,-3,3
54852,89,93,-4,4
54853,135,119,16,16
54854,60,67,-7,7
54855,92,92,0,0
54856,84,80,4,4
54857,84,87,-3,3
54858,94,90,4,4
54859,101,111,-10,10
54860,119,111,8,8
54861,139,145,-6,6
54862,84,84,0,0
54863,204,155,49,49
54864,97,94,3,3
54865,79,86,-7,7
54866,101,101,0,0
54867,86,83,3,3
54868,84,79,5,5
54869,67,71,-4,4
54870,98,99,-1,1
54871,79,79,0,0
54872,90,80,10,10
54873,62,67,-5,5
54874,65,69,-4,4
54875,62,71,-9,9
54876,41,47,-6,6
54877,140,121,19,19
54878,167,150,17,17
54879,129,125,4,4
54880,170,177,-7,7
54881,76,78,-2,2
54882,88,86,2,2
54883,57,59,-2,2
54884,55,61,-6,6
54885,81,79,2,2
54886,142,128,14,14
54887,118,106,12,12
54888,66,66,0,0
54889,61,72,-11,11
54890,97,98,-1,1
54891,88,85,3,3
54892,101,101,0,0
54893,64,70,-6,6
54894,116,111,5,5
54895,90,83,7,7
54896,87,93,-6,6
54897,98,89,9,9
54898,111,107,4,4
54899,67,66,1,1
54900,51,61,-10,10
54901,123,122,1,1
54902,59,66,-7,7
54903,67,68,-1,1
54904,48,55,-7,7
54905,52,67,-15,15
54906,180,176,4,4
54907,61,68,-7,7
54908,162,147,15,15
54909,76,81,-5,5
54910,57,61,-4,4
54911,90,87,3,3
54912,55,68,-13,13
54913,103,110,-7,7
54914,72,80,-8,8
54915,70,65,5,5
54916,154,136,18,18
54917,113,111,2,2
54918,108,103,5,5
54919,50,68,-18,18
54920,45,65,-20,20
54921,71,66,5,5
54922,132,123,9,9
54923,164,149,15,15
54924,100,101,-1,1
54925,46,48,-2,2
54926,85,80,5,5
54927,88,84,4,4
54928,107,111,-4,4
54929,84,81,3,3
54930,48,54,-6,6
54931,98,97,1,1
54932,154,142,12,12
54933,115,112,3,3
54934,69,73,-4,4
54935,47,57,-10,10
54936,79,73,6,6
54937,74,71,3,3
54938,77,84,-7,7
54939,52,61,-9,9
54940,146,136,10,10
54941,74,81,-7,7
54942,122,114,8,8
54943,83,104,-21,21
54944,134,102,32,32
54945,113,117,-4,4
54946,113,104,9,9
54947,100,111,-11,11
54948,77,76,1,1
54949,91,86,5,5
54950,112,141,-29,29
54951,109,99,10,10
54952,97,90,7,7
54953,156,147,9,9
54954,128,118,10,10
54955,88,92,-4,4
54956,68,71,-3,3
54957,69,71,-2,2
54958,137,133,4,4
54959,68,80,-12,12
54960,65,68,-3,3
54961,93,89,4,4
54962,58,61,-3,3
54963,55,66,-11,11
54964,121,117,4,4
54965,133,131,2,2
54966,50,57,-7,7
54967,228,196,32,32
54968,101,92,9,9
54969,51,58,-7,7
54970,89,86,3,3
54971,63,76,-13,13
54972,70,81,-11,11
54973,41,45,-4,4
54974,114,106,8,8
54975,65,70,-5,5
54976,83,85,-2,2
54977,61,63,-2,2
54978,68,70,-2,2
54979,107,105,2,2
54980,70,138,-68,68
54981,122,105,17,17
54982,44,52,-8,8
54983,138,139,-1,1
54984,178,167,11,11
54985,94,87,7,7
54986,107,93,14,14
54987,63,67,-4,4
54988,84,93,-9,9
54989,124,111,13,13
54990,68,83,-15,15
54991,78,84,-6,6
54992,177,161,16,16
54993,49,63,-14,14
54994,60,59,1,1
54995,63,76,-13,13
54996,39,67,-28,28
54997,88,90,-2,2
54998,150,143,7,7
54999,105,101,4,4
55000,88,83,5,5
55001,58,54,4,4
55002,47,54,-7,7
55003,135,119,16,16
55004,101,94,7,7
55005,61,65,-4,4
55006,114,98,16,16
55007,75,74,1,1
55008,88,80,8,8
55009,69,69,0,0
55010,95,88,7,7
55011,120,132,-12,12
55012,148,156,-8,8
55013,80,81,-1,1
55014,54,60,-6,6
55015,85,83,2,2
55016,123,95,28,28
55017,101,102,-1,1
55018,108,109,-1,1
55019,62,69,-7,7
55020,68,84,-16,16
55021,55,62,-7,7
55022,103,104,-1,1
55023,115,105,10,10
55024,94,90,4,4
55025,77,77,0,0
55026,146,126,20,20
55027,62,69,-7,7
55028,57,63,-6,6
55029,204,179,25,25
55030,52,67,-15,15
55031,111,124,-13,13
55032,67,68,-1,1
55033,116,107,9,9
55034,168,162,6,6
55035,47,54,-7,7
55036,75,73,2,2
55037,92,95,-3,3
55038,139,141,-2,2
55039,130,138,-8,8
55040,118,106,12,12
55041,72,78,-6,6
55042,90,95,-5,5
55043,104,81,23,23
55044,99,103,-4,4
55045,98,97,1,1
55046,84,88,-4,4
55047,106,91,15,15
55048,69,69,0,0
55049,72,78,-6,6
55050,86,86,0,0
55051,122,108,14,14
55052,103,88,15,15
55053,113,112,1,1
55054,70,65,5,5
55055,73,91,-18,18
55056,79,78,1,1
55057,102,92,10,10
55058,79,79,0,0
55059,67,69,-2,2
55060,61,64,-3,3
55061,78,85,-7,7
55062,83,81,2,2
55063,91,85,6,6
55064,49,60,-11,11
55065,64,67,-3,3
55066,76,79,-3,3
55067,155,148,7,7
55068,90,92,-2,2
55069,78,111,-33,33
55070,67,75,-8,8
55071,112,106,6,6
55072,90,88,2,2
55073,98,97,1,1
55074,93,91,2,2
55075,103,105,-2,2
55076,64,70,-6,6
55077,94,98,-4,4
55078,58,65,-7,7
55079,76,83,-7,7
55080,153,142,11,11
55081,96,85,11,11
55082,151,147,4,4
55083,60,71,-11,11
55084,87,80,7,7
55085,30,48,-18,18
55086,83,78,5,5
55087,107,111,-4,4
55088,114,104,10,10
55089,74,75,-1,1
55090,99,108,-9,9
55091,120,114,6,6
55092,89,86,3,3
55093,215,187,28,28
55094,53,55,-2,2
55095,74,77,-3,3
55096,112,103,9,9
55097,76,80,-4,4
55098,69,70,-1,1
55099,146,134,12,12
55100,92,88,4,4
55101,72,74,-2,2
55102,184,175,9,9
55103,50,53,-3,3
55104,82,79,3,3
55105,90,85,5,5
55106,152,135,17,17
55107,41,54,-13,13
55108,149,139,10,10
55109,83,81,2,2
55110,45,63,-18,18
55111,225,192,33,33
55112,169,153,16,16
55113,44,56,-12,12
55114,118,120,-2,2
55115,108,102,6,6
55116,125,116,9,9
55117,124,122,2,2
55118,65,83,-18,18
55119,164,145,19,19
55120,138,133,5,5
55121,87,85,2,2
55122,51,61,-10,10
55123,98,102,-4,4
55124,64,68,-4,4
55125,63,71,-8,8
55126,101,99,2,2
55127,90,83,7,7
55128,104,95,9,9
55129,140,129,11,11
55130,121,109,12,12
55131,107,104,3,3
55132,85,87,-2,2
55133,116,112,4,4
55134,55,67,-12,12
55135,74,83,-9,9
55136,178,135,43,43
55137,134,117,17,17
55138,62,66,-4,4
55139,113,109,4,4
55140,75,71,4,4
55141,84,81,3,3
55142,88,79,9,9
55143,68,82,-14,14
55144,46,54,-8,8
55145,150,159,-9,9
55146,99,87,12,12
55147,108,98,10,10
55148,118,86,32,32
55149,48,62,-14,14
55150,104,91,13,13
55151,73,67,6,6
55152,109,102,7,7
55153,62,66,-4,4
55154,91,85,6,6
55155,119,116,3,3
55156,157,147,10,10
55157,117,108,9,9
55158,60,67,-7,7
55159,90,88,2,2
55160,102,98,4,4
55161,100,94,6,6
55162,99,96,3,3
55163,108,95,13,13
55164,90,85,5,5
55165,120,113,7,7
55166,97,95,2,2
55167,78,80,-2,2
55168,105,100,5,5
55169,160,146,14,14
55170,143,133,10,10
55171,112,112,0,0
55172,152,152,0,0
55173,153,141,12,12
55174,65,65,0,0
55175,66,73,-7,7
55176,63,69,-6,6
55177,55,81,-26,26
55178,75,76,-1,1
55179,91,84,7,7
55180,81,79,2,2
55181,138,123,15,15
55182,120,108,12,12
55183,86,83,3,3
55184,75,75,0,0
55185,15,29,-14,14
55186,71,73,-2,2
55187,158,144,14,14
55188,102,90,12,12
55189,58,63,-5,5
55190,54,51,3,3
55191,77,83,-6,6
55192,82,78,4,4
55193,69,71,-2,2
55194,92,98,-6,6
55195,132,132,0,0
55196,109,106,3,3
55197,192,168,24,24
55198,62,64,-2,2
55199,41,51,-10,10
55200,120,115,5,5
55201,82,83,-1,1
55202,116,108,8,8
55203,44,60,-16,16
55204,87,84,3,3
55205,63,74,-11,11
55206,75,80,-5,5
55207,106,95,11,11
55208,198,178,20,20
55209,87,79,8,8
55210,45,49,-4,4
55211,95,93,2,2
55212,128,119,9,9
55213,72,73,-1,1
55214,80,86,-6,6
55215,144,145,-1,1
55216,83,80,3,3
55217,138,134,4,4
55218,107,95,12,12
55219,42,53,-11,11
55220,105,104,1,1
55221,129,116,13,13
55222,78,79,-1,1
55223,157,137,20,20
55224,135,126,9,9
55225,38,41,-3,3
55226,174,159,15,15
55227,83,83,0,0
55228,79,75,4,4
55229,172,174,-2,2
55230,76,66,10,10
55231,106,90,16,16
55232,102,102,0,0
55233,60,70,-10,10
55234,160,143,17,17
55235,58,63,-5,5
55236,66,71,-5,5
55237,93,90,3,3
55238,97,89,8,8
55239,99,103,-4,4
55240,232,212,20,20
55241,111,102,9,9
55242,57,67,-10,10
55243,92,101,-9,9
55244,70,67,3,3
55245,58,74,-16,16
55246,58,59,-1,1
55247,80,84,-4,4
55248,119,105,14,14
55249,111,102,9,9
55250,73,76,-3,3
55251,72,70,2,2
55252,98,93,5,5
55253,114,114,0,0
55254,115,105,10,10
55255,180,54,126,126
55256,137,144,-7,7
55257,106,90,16,16
55258,116,111,5,5
55259,161,147,14,14
55260,53,60,-7,7
55261,160,144,16,16
55262,105,108,-3,3
55263,85,86,-1,1
55264,137,133,4,4
55265,78,81,-3,3
55266,152,151,1,1
55267,107,98,9,9
55268,61,66,-5,5
55269,113,101,12,12
55270,145,144,1,1
55271,125,113,12,12
55272,63,67,-4,4
55273,83,88,-5,5
55274,139,118,21,21
55275,79,75,4,4
55276,136,131,5,5
55277,77,79,-2,2
55278,101,93,8,8
55279,54,62,-8,8
55280,103,101,2,2
55281,84,83,1,1
55282,62,68,-6,6
55283,149,150,-1,1
55284,52,58,-6,6
55285,143,139,4,4
55286,185,166,19,19
55287,121,108,13,13
55288,93,103,-10,10
55289,89,86,3,3
55290,71,71,0,0
55291,96,90,6,6
55292,92,82,10,10
55293,132,122,10,10
55294,110,112,-2,2
55295,81,82,-1,1
55296,138,126,12,12
55297,121,123,-2,2
55298,136,121,15,15
55299,108,113,-5,5
55300,102,99,3,3
55301,107,112,-5,5
55302,123,114,9,9
55303,78,77,1,1
55304,123,126,-3,3
55305,191,162,29,29
55306,83,77,6,6
55307,66,70,-4,4
55308,147,130,17,17
55309,75,72,3,3
55310,142,144,-2,2
55311,54,62,-8,8
55312,79,86,-7,7
55313,65,58,7,7
55314,69,74,-5,5
55315,92,89,3,3
55316,116,96,20,20
55317,138,107,31,31
55318,60,66,-6,6
55319,113,107,6,6
55320,107,104,3,3
55321,71,81,-10,10
55322,87,81,6,6
55323,66,73,-7,7
55324,115,113,2,2
55325,88,91,-3,3
55326,59,70,-11,11
55327,109,101,8,8
55328,101,100,1,1
55329,99,89,10,10
55330,84,83,1,1
55331,79,74,5,5
55332,144,121,23,23
55333,74,81,-7,7
55334,67,73,-6,6
55335,79,82,-3,3
55336,69,73,-4,4
55337,64,72,-8,8
55338,74,67,7,7
55339,122,143,-21,21
55340,88,93,-5,5
55341,85,98,-13,13
55342,135,143,-8,8
55343,150,131,19,19
55344,120,116,4,4
55345,85,83,2,2
55346,87,92,-5,5
55347,69,76,-7,7
55348,136,120,16,16
55349,139,113,26,26
55350,81,84,-3,3
55351,88,89,-1,1
55352,117,111,6,6
55353,127,139,-12,12
55354,83,84,-1,1
55355,53,60,-7,7
55356,41,42,-1,1
55357,97,96,1,1
55358,169,156,13,13
55359,112,101,11,11
55360,38,49,-11,11
55361,84,84,0,0
55362,67,70,-3,3
55363,92,87,5,5
55364,110,103,7,7
55365,88,97,-9,9
55366,78,76,2,2
55367,84,90,-6,6
55368,69,73,-4,4
55369,99,95,4,4
55370,101,107,-6,6
55371,86,86,0,0
55372,102,103,-1,1
55373,60,66,-6,6
55374,54,61,-7,7
55375,111,113,-2,2
55376,138,125,13,13
55377,82,77,5,5
55378,96,107,-11,11
55379,62,69,-7,7
55380,161,153,8,8
55381,73,78,-5,5
55382,92,90,2,2
55383,115,113,2,2
55384,150,140,10,10
55385,78,80,-2,2
55386,93,91,2,2
55387,80,78,2,2
55388,88,89,-1,1
55389,89,90,-1,1
55390,107,103,4,4
55391,76,71,5,5
55392,115,117,-2,2
55393,96,96,0,0
55394,119,113,6,6
55395,56,64,-8,8
55396,100,111,-11,11
55397,101,93,8,8
55398,89,83,6,6
55399,75,82,-7,7
55400,106,100,6,6
55401,68,72,-4,4
55402,69,66,3,3
55403,83,79,4,4
55404,85,91,-6,6
55405,130,124,6,6
55406,64,66,-2,2
55407,44,58,-14,14
55408,83,78,5,5
55409,54,92,-38,38
55410,130,110,20,20
55411,91,93,-2,2
55412,59,80,-21,21
55413,109,95,14,14
55414,145,146,-1,1
55415,65,63,2,2
55416,50,54,-4,4
55417,147,132,15,15
55418,90,94,-4,4
55419,143,143,0,0
55420,97,95,2,2
55421,111,105,6,6
55422,63,65,-2,2
55423,70,84,-14,14
55424,109,93,16,16
55425,108,114,-6,6
55426,149,138,11,11
55427,98,93,5,5
55428,137,129,8,8
55429,45,54,-9,9
55430,95,92,3,3
55431,59,74,-15,15
55432,71,71,0,0
55433,117,115,2,2
55434,73,77,-4,4
55435,80,80,0,0
55436,168,136,32,32
55437,149,148,1,1
55438,53,58,-5,5
55439,65,75,-10,10
55440,160,141,19,19
55441,83,82,1,1
55442,88,89,-1,1
55443,98,84,14,14
55444,51,60,-9,9
55445,54,65,-11,11
55446,70,76,-6,6
55447,80,83,-3,3
55448,169,141,28,28
55449,109,105,4,4
55450,57,64,-7,7
55451,119,117,2,2
55452,238,205,33,33
55453,132,128,4,4
55454,78,85,-7,7
55455,88,83,5,5
55456,85,89,-4,4
55457,27,53,-26,26
55458,62,71,-9,9
55459,131,122,9,9
55460,138,123,15,15
55461,43,93,-50,50
55462,58,72,-14,14
55463,76,81,-5,5
55464,72,84,-12,12
55465,121,95,26,26
55466,107,101,6,6
55467,81,87,-6,6
55468,49,71,-22,22
55469,113,101,12,12
55470,71,69,2,2
55471,44,52,-8,8
55472,81,79,2,2
55473,73,69,4,4
55474,85,90,-5,5
55475,100,95,5,5
55476,126,111,15,15
55477,96,93,3,3
55478,67,72,-5,5
55479,114,120,-6,6
55480,97,80,17,17
55481,185,157,28,28
55482,55,62,-7,7
55483,177,172,5,5
55484,85,85,0,0
55485,117,112,5,5
55486,157,143,14,14
55487,129,119,10,10
55488,94,101,-7,7
55489,87,93,-6,6
55490,139,119,20,20
55491,121,117,4,4
55492,65,62,3,3
55493,58,68,-10,10
55494,98,95,3,3
55495,37,43,-6,6
55496,63,70,-7,7
55497,193,178,15,15
55498,101,106,-5,5
55499,69,84,-15,15
55500,133,124,9,9
55501,121,103,18,18
55502,91,93,-2,2
55503,85,86,-1,1
55504,67,77,-10,10
55505,117,112,5,5
55506,61,61,0,0
55507,61,66,-5,5
55508,97,104,-7,7
55509,81,83,-2,2
55510,89,93,-4,4
55511,58,67,-9,9
55512,80,74,6,6
55513,96,85,11,11
55514,87,89,-2,2
55515,69,75,-6,6
55516,116,125,-9,9
55517,138,144,-6,6
55518,65,72,-7,7
55519,90,86,4,4
55520,87,86,1,1
55521,102,96,6,6
55522,79,90,-11,11
55523,146,146,0,0
55524,130,114,16,16
55525,127,107,20,20
55526,96,90,6,6
55527,80,77,3,3
55528,132,141,-9,9
55529,115,100,15,15
55530,81,91,-10,10
55531,86,87,-1,1
55532,105,97,8,8
55533,130,122,8,8
55534,84,83,1,1
55535,52,95,-43,43
55536,72,71,1,1
55537,82,82,0,0
55538,115,110,5,5
55539,100,97,3,3
55540,102,98,4,4
55541,107,106,1,1
55542,116,111,5,5
55543,61,60,1,1
55544,95,96,-1,1
55545,78,74,4,4
55546,78,86,-8,8
55547,79,72,7,7
55548,82,85,-3,3
55549,71,77,-6,6
55550,128,117,11,11
55551,89,93,-4,4
55552,115,132,-17,17
55553,83,75,8,8
55554,80,75,5,5
55555,79,96,-17,17
55556,69,84,-15,15
55557,123,113,10,10
55558,67,73,-6,6
55559,135,125,10,10
55560,134,150,-16,16
55561,133,123,10,10
55562,52,61,-9,9
55563,175,158,17,17
55564,95,84,11,11
55565,122,117,5,5
55566,74,74,0,0
55567,73,79,-6,6
55568,53,59,-6,6
55569,69,74,-5,5
55570,103,109,-6,6
55571,45,53,-8,8
55572,107,100,7,7
55573,49,62,-13,13
55574,132,116,16,16
55575,89,88,1,1
55576,62,66,-4,4
55577,109,105,4,4
55578,81,82,-1,1
55579,72,79,-7,7
55580,52,55,-3,3
55581,74,80,-6,6
55582,36,48,-12,12
55583,68,73,-5,5
55584,73,78,-5,5
55585,89,88,1,1
55586,63,65,-2,2
55587,69,76,-7,7
55588,103,108,-5,5
55589,53,62,-9,9
55590,103,104,-1,1
55591,108,97,11,11
55592,109,155,-46,46
55593,187,181,6,6
55594,69,71,-2,2
55595,124,110,14,14
55596,117,114,3,3
55597,94,92,2,2
55598,44,47,-3,3
55599,120,110,10,10
55600,140,136,4,4
55601,131,119,12,12
55602,100,105,-5,5
55603,147,142,5,5
55604,55,55,0,0
55605,126,127,-1,1
55606,84,91,-7,7
55607,81,85,-4,4
55608,110,90,20,20
55609,68,74,-6,6
55610,90,92,-2,2
55611,79,81,-2,2
55612,108,108,0,0
55613,69,74,-5,5
55614,67,64,3,3
55615,151,152,-1,1
55616,121,110,11,11
55617,67,76,-9,9
55618,100,93,7,7
55619,105,105,0,0
55620,105,112,-7,7
55621,92,98,-6,6
55622,107,109,-2,2
55623,163,153,10,10
55624,110,105,5,5
55625,115,104,11,11
55626,93,84,9,9
55627,143,130,13,13
55628,105,84,21,21
55629,102,94,8,8
55630,54,58,-4,4
55631,117,115,2,2
55632,94,88,6,6
55633,121,103,18,18
55634,51,55,-4,4
55635,93,97,-4,4
55636,136,135,1,1
55637,75,70,5,5
55638,83,75,8,8
55639,90,85,5,5
55640,110,109,1,1
55641,69,69,0,0
55642,110,106,4,4
55643,78,83,-5,5
55644,85,80,5,5
55645,89,89,0,0
55646,86,98,-12,12
55647,106,108,-2,2
55648,102,99,3,3
55649,52,60,-8,8
55650,207,197,10,10
55651,93,87,6,6
55652,113,113,0,0
55653,97,97,0,0
55654,80,90,-10,10
55655,118,127,-9,9
55656,90,94,-4,4
55657,88,99,-11,11
55658,96,97,-1,1
55659,103,105,-2,2
55660,65,70,-5,5
55661,48,55,-7,7
55662,85,76,9,9
55663,104,99,5,5
55664,54,59,-5,5
55665,89,78,11,11
55666,132,131,1,1
55667,83,86,-3,3
55668,80,81,-1,1
55669,76,79,-3,3
55670,67,65,2,2
55671,89,87,2,2
55672,149,143,6,6
55673,106,112,-6,6
55674,149,144,5,5
55675,52,61,-9,9
55676,58,68,-10,10
55677,70,77,-7,7
55678,78,76,2,2
55679,212,179,33,33
55680,105,103,2,2
55681,101,91,10,10
55682,107,97,10,10
55683,145,140,5,5
55684,77,79,-2,2
55685,108,93,15,15
55686,97,95,2,2
55687,90,82,8,8
55688,104,101,3,3
55689,99,95,4,4
55690,94,88,6,6
55691,105,110,-5,5
55692,69,75,-6,6
55693,81,91,-10,10
55694,88,88,0,0
55695,112,113,-1,1
55696,93,94,-1,1
55697,130,124,6,6
55698,145,123,22,22
55699,130,121,9,9
55700,62,77,-15,15
55701,99,98,1,1
55702,67,69,-2,2
55703,129,115,14,14
55704,72,76,-4,4
55705,96,91,5,5
55706,76,81,-5,5
55707,102,98,4,4
55708,81,81,0,0
55709,157,148,9,9
55710,100,101,-1,1
55711,122,112,10,10
55712,65,69,-4,4
55713,82,77,5,5
55714,95,90,5,5
55715,133,134,-1,1
55716,108,104,4,4
55717,81,81,0,0
55718,91,91,0,0
55719,134,124,10,10
55720,146,137,9,9
55721,93,95,-2,2
55722,53,59,-6,6
55723,108,98,10,10
55724,93,87,6,6
55725,99,90,9,9
55726,158,145,13,13
55727,66,76,-10,10
55728,66,68,-2,2
55729,83,89,-6,6
55730,103,96,7,7
55731,54,62,-8,8
55732,144,133,11,11
55733,88,97,-9,9
55734,105,93,12,12
55735,115,107,8,8
55736,125,115,10,10
55737,67,76,-9,9
55738,193,165,28,28
55739,127,102,25,25
55740,29,45,-16,16
55741,86,86,0,0
55742,121,119,2,2
55743,94,87,7,7
55744,125,110,15,15
55745,174,166,8,8
55746,163,154,9,9
55747,128,110,18,18
55748,155,143,12,12
55749,123,126,-3,3
55750,100,96,4,4
55751,80,86,-6,6
55752,121,113,8,8
55753,31,38,-7,7
55754,96,88,8,8
55755,80,77,3,3
55756,83,81,2,2
55757,82,81,1,1
55758,97,98,-1,1
55759,72,76,-4,4
55760,69,74,-5,5
55761,86,87,-1,1
55762,73,87,-14,14
55763,100,102,-2,2
55764,66,72,-6,6
55765,83,73,10,10
55766,92,98,-6,6
55767,68,69,-1,1
55768,118,118,0,0
55769,97,110,-13,13
55770,62,67,-5,5
55771,78,74,4,4
55772,48,57,-9,9
55773,98,93,5,5
55774,71,75,-4,4
55775,62,70,-8,8
55776,45,64,-19,19
55777,122,117,5,5
55778,91,86,5,5
55779,71,136,-65,65
55780,68,66,2,2
55781,118,117,1,1
55782,79,83,-4,4
55783,120,119,1,1
55784,134,141,-7,7
55785,72,77,-5,5
55786,92,89,3,3
55787,49,75,-26,26
55788,100,100,0,0
55789,90,96,-6,6
55790,71,74,-3,3
55791,83,84,-1,1
55792,71,75,-4,4
55793,90,96,-6,6
55794,168,164,4,4
55795,68,83,-15,15
55796,50,60,-10,10
55797,59,60,-1,1
55798,52,63,-11,11
55799,104,102,2,2
55800,95,98,-3,3
55801,57,68,-11,11
55802,211,193,18,18
55803,58,63,-5,5
55804,125,119,6,6
55805,99,96,3,3
55806,88,97,-9,9
55807,182,153,29,29
55808,99,99,0,0
55809,66,63,3,3
55810,169,155,14,14
55811,105,98,7,7
55812,92,94,-2,2
55813,110,107,3,3
55814,111,103,8,8
55815,95,90,5,5
55816,74,74,0,0
55817,135,116,19,19
55818,51,93,-42,42
55819,78,77,1,1
55820,118,108,10,10
55821,118,115,3,3
55822,104,104,0,0
55823,37,52,-15,15
55824,96,93,3,3
55825,93,88,5,5
55826,60,88,-28,28
55827,102,97,5,5
55828,112,113,-1,1
55829,73,82,-9,9
55830,142,128,14,14
55831,67,70,-3,3
55832,69,68,1,1
55833,103,167,-64,64
55834,42,70,-28,28
55835,99,84,15,15
55836,181,158,23,23
55837,94,89,5,5
55838,83,85,-2,2
55839,98,85,13,13
55840,151,131,20,20
55841,149,128,21,21
55842,92,96,-4,4
55843,129,131,-2,2
55844,79,77,2,2
55845,119,121,-2,2
55846,159,149,10,10
55847,63,73,-10,10
55848,74,76,-2,2
55849,141,141,0,0
55850,133,124,9,9
55851,106,100,6,6
55852,180,164,16,16
55853,152,127,25,25
55854,85,80,5,5
55855,118,105,13,13
55856,127,120,7,7
55857,143,146,-3,3
55858,80,89,-9,9
55859,123,118,5,5
55860,131,120,11,11
55861,53,50,3,3
55862,83,77,6,6
55863,97,90,7,7
55864,120,118,2,2
55865,71,71,0,0
55866,127,109,18,18
55867,68,73,-5,5
55868,79,80,-1,1
55869,104,111,-7,7
55870,139,143,-4,4
55871,143,148,-5,5
55872,102,109,-7,7
55873,75,72,3,3
55874,105,105,0,0
55875,71,65,6,6
55876,52,56,-4,4
55877,73,73,0,0
55878,95,86,9,9
55879,84,80,4,4
55880,77,79,-2,2
55881,63,73,-10,10
55882,80,90,-10,10
55883,111,102,9,9
55884,146,126,20,20
55885,136,144,-8,8
55886,58,59,-1,1
55887,77,74,3,3
55888,74,97,-23,23
55889,157,150,7,7
55890,113,112,1,1
55891,88,84,4,4
55892,98,98,0,0
55893,70,75,-5,5
55894,70,82,-12,12
55895,95,93,2,2
55896,113,96,17,17
55897,65,69,-4,4
55898,82,75,7,7
55899,89,93,-4,4
55900,90,84,6,6
55901,75,92,-17,17
55902,73,68,5,5
55903,45,57,-12,12
55904,75,87,-12,12
55905,89,85,4,4
55906,127,111,16,16
55907,189,177,12,12
55908,132,123,9,9
55909,95,92,3,3
55910,113,103,10,10
55911,81,84,-3,3
55912,121,121,0,0
55913,73,78,-5,5
55914,107,102,5,5
55915,72,74,-2,2
55916,110,112,-2,2
55917,69,73,-4,4
55918,149,134,15,15
55919,63,69,-6,6
55920,115,107,8,8
55921,105,99,6,6
55922,88,91,-3,3
55923,65,72,-7,7
55924,87,89,-2,2
55925,94,98,-4,4
55926,125,120,5,5
55927,93,85,8,8
55928,112,105,7,7
55929,103,90,13,13
55930,117,111,6,6
55931,95,94,1,1
55932,76,76,0,0
55933,94,102,-8,8
55934,50,54,-4,4
55935,115,118,-3,3
55936,105,95,10,10
55937,108,99,9,9
55938,141,137,4,4
55939,102,97,5,5
55940,58,71,-13,13
55941,108,104,4,4
55942,89,82,7,7
55943,71,77,-6,6
55944,59,63,-4,4
55945,89,84,5,5
55946,57,63,-6,6
55947,106,97,9,9
55948,161,140,21,21
55949,92,88,4,4
55950,66,70,-4,4
55951,82,82,0,0
55952,84,76,8,8
55953,115,101,14,14
55954,110,103,7,7
55955,135,128,7,7
55956,93,92,1,1
55957,134,145,-11,11
55958,105,96,9,9
55959,79,77,2,2
55960,25,35,-10,10
55961,124,126,-2,2
55962,29,44,-15,15
55963,96,87,9,9
55964,125,119,6,6
55965,52,60,-8,8
55966,101,100,1,1
55967,70,70,0,0
55968,98,92,6,6
55969,77,73,4,4
55970,167,146,21,21
55971,82,81,1,1
55972,91,87,4,4
55973,70,72,-2,2
55974,74,78,-4,4
55975,121,116,5,5
55976,46,71,-25,25
55977,76,80,-4,4
55978,111,113,-2,2
55979,58,60,-2,2
55980,65,67,-2,2
55981,53,57,-4,4
55982,109,114,-5,5
55983,80,84,-4,4
55984,88,90,-2,2
55985,110,104,6,6
55986,98,90,8,8
55987,97,103,-6,6
55988,128,113,15,15
55989,144,132,12,12
55990,82,86,-4,4
55991,131,122,9,9
55992,100,95,5,5
55993,95,95,0,0
55994,108,102,6,6
55995,82,85,-3,3
55996,73,68,5,5
55997,94,97,-3,3
55998,99,103,-4,4
55999,88,83,5,5
56000,157,151,6,6
56001,75,77,-2,2
56002,95,96,-1,1
56003,82,79,3,3
56004,160,162,-2,2
56005,146,135,11,11
56006,166,165,1,1
56007,76,76,0,0
56008,139,132,7,7
56009,110,107,3,3
56010,118,121,-3,3
56011,122,112,10,10
56012,50,63,-13,13
56013,59,66,-7,7
56014,112,108,4,4
56015,108,118,-10,10
56016,42,51,-9,9
56017,112,113,-1,1
56018,126,111,15,15
56019,88,93,-5,5
56020,121,102,19,19
56021,83,79,4,4
56022,95,100,-5,5
56023,98,91,7,7
56024,104,103,1,1
56025,66,72,-6,6
56026,129,126,3,3
56027,85,77,8,8
56028,101,99,2,2
56029,68,79,-11,11
56030,86,87,-1,1
56031,79,79,0,0
56032,91,93,-2,2
56033,113,117,-4,4
56034,149,140,9,9
56035,76,79,-3,3
56036,107,104,3,3
56037,110,106,4,4
56038,75,80,-5,5
56039,100,103,-3,3
56040,110,113,-3,3
56041,115,110,5,5
56042,128,123,5,5
56043,177,157,20,20
56044,105,99,6,6
56045,79,140,-61,61
56046,126,120,6,6
56047,135,145,-10,10
56048,66,67,-1,1
56049,148,138,10,10
56050,128,116,12,12
56051,106,94,12,12
56052,99,84,15,15
56053,73,67,6,6
56054,64,69,-5,5
56055,98,118,-20,20
56056,111,105,6,6
56057,124,122,2,2
56058,117,108,9,9
56059,94,92,2,2
56060,86,81,5,5
56061,80,76,4,4
56062,105,107,-2,2
56063,77,82,-5,5
56064,101,98,3,3
56065,118,109,9,9
56066,130,107,23,23
56067,97,96,1,1
56068,77,79,-2,2
56069,76,80,-4,4
56070,122,124,-2,2
56071,116,134,-18,18
56072,67,79,-12,12
56073,109,99,10,10
56074,62,68,-6,6
56075,95,83,12,12
56076,130,120,10,10
56077,49,64,-15,15
56078,64,65,-1,1
56079,84,84,0,0
56080,147,122,25,25
56081,121,107,14,14
56082,158,152,6,6
56083,105,95,10,10
56084,99,101,-2,2
56085,108,109,-1,1
56086,159,153,6,6
56087,87,85,2,2
56088,128,138,-10,10
56089,58,72,-14,14
56090,110,107,3,3
56091,187,174,13,13
56092,87,89,-2,2
56093,143,142,1,1
56094,84,78,6,6
56095,132,134,-2,2
56096,74,74,0,0
56097,109,106,3,3
56098,86,104,-18,18
56099,111,105,6,6
56100,49,52,-3,3
56101,73,74,-1,1
56102,125,133,-8,8
56103,75,74,1,1
56104,78,78,0,0
56105,99,94,5,5
56106,103,110,-7,7
56107,106,98,8,8
56108,57,62,-5,5
56109,139,128,11,11
56110,90,82,8,8
56111,67,67,0,0
56112,60,67,-7,7
56113,46,48,-2,2
56114,56,67,-11,11
56115,135,122,13,13
56116,52,52,0,0
56117,102,95,7,7
56118,79,80,-1,1
56119,75,80,-5,5
56120,118,116,2,2
56121,107,110,-3,3
56122,24,28,-4,4
56123,102,96,6,6
56124,78,84,-6,6
56125,94,84,10,10
56126,109,91,18,18
56127,139,133,6,6
56128,105,106,-1,1
56129,155,146,9,9
56130,53,55,-2,2
56131,82,90,-8,8
56132,159,159,0,0
56133,105,97,8,8
56134,102,100,2,2
56135,78,78,0,0
56136,67,69,-2,2
56137,149,145,4,4
56138,84,89,-5,5
56139,87,92,-5,5
56140,132,138,-6,6
56141,83,80,3,3
56142,75,74,1,1
56143,99,96,3,3
56144,77,86,-9,9
56145,97,90,7,7
56146,132,108,24,24
56147,105,108,-3,3
56148,105,88,17,17
56149,59,58,1,1
56150,69,68,1,1
56151,120,111,9,9
56152,59,66,-7,7
56153,105,92,13,13
56154,81,80,1,1
56155,156,152,4,4
56156,62,70,-8,8
56157,63,69,-6,6
56158,156,135,21,21
56159,48,133,-85,85
56160,81,82,-1,1
56161,78,82,-4,4
56162,72,69,3,3
56163,110,106,4,4
56164,76,82,-6,6
56165,82,81,1,1
56166,76,77,-1,1
56167,106,101,5,5
56168,109,113,-4,4
56169,96,92,4,4
56170,129,128,1,1
56171,71,71,0,0
56172,124,134,-10,10
56173,107,103,4,4
56174,97,94,3,3
56175,113,101,12,12
56176,152,141,11,11
56177,91,104,-13,13
56178,78,78,0,0
56179,158,145,13,13
56180,117,110,7,7
56181,97,97,0,0
56182,83,80,3,3
56183,132,118,14,14
56184,79,80,-1,1
56185,101,102,-1,1
56186,135,126,9,9
56187,96,77,19,19
56188,82,76,6,6
56189,70,80,-10,10
56190,110,102,8,8
56191,141,125,16,16
56192,61,64,-3,3
56193,97,90,7,7
56194,119,95,24,24
56195,67,72,-5,5
56196,92,103,-11,11
56197,84,73,11,11
56198,65,71,-6,6
56199,84,89,-5,5
56200,124,110,14,14
56201,135,130,5,5
56202,146,134,12,12
56203,109,114,-5,5
56204,145,143,2,2
56205,89,82,7,7
56206,136,129,7,7
56207,85,83,2,2
56208,55,64,-9,9
56209,92,100,-8,8
56210,61,66,-5,5
56211,132,118,14,14
56212,65,72,-7,7
56213,112,113,-1,1
56214,107,98,9,9
56215,48,52,-4,4
56216,55,62,-7,7
56217,109,105,4,4
56218,136,125,11,11
56219,94,96,-2,2
56220,45,52,-7,7
56221,139,124,15,15
56222,72,80,-8,8
56223,156,131,25,25
56224,58,66,-8,8
56225,96,85,11,11
56226,83,81,2,2
56227,94,90,4,4
56228,29,40,-11,11
56229,124,120,4,4
56230,71,78,-7,7
56231,146,132,14,14
56232,97,87,10,10
56233,104,104,0,0
56234,32,46,-14,14
56235,140,131,9,9
56236,57,59,-2,2
56237,112,108,4,4
56238,70,77,-7,7
56239,92,85,7,7
56240,57,67,-10,10
56241,107,111,-4,4
56242,76,79,-3,3
56243,81,80,1,1
56244,115,121,-6,6
56245,22,70,-48,48
56246,96,99,-3,3
56247,84,94,-10,10
56248,103,98,5,5
56249,126,108,18,18
56250,76,75,1,1
56251,159,142,17,17
56252,74,67,7,7
56253,87,82,5,5
56254,46,60,-14,14
56255,33,46,-13,13
56256,76,68,8,8
56257,98,97,1,1
56258,73,71,2,2
56259,105,96,9,9
56260,51,64,-13,13
56261,94,84,10,10
56262,54,64,-10,10
56263,86,92,-6,6
56264,60,67,-7,7
56265,144,135,9,9
56266,74,65,9,9
56267,90,86,4,4
56268,100,102,-2,2
56269,107,114,-7,7
56270,129,105,24,24
56271,133,120,13,13
56272,70,75,-5,5
56273,101,92,9,9
56274,60,70,-10,10
56275,200,171,29,29
56276,64,66,-2,2
56277,143,136,7,7
56278,90,87,3,3
56279,72,69,3,3
56280,85,91,-6,6
56281,136,134,2,2
56282,94,100,-6,6
56283,135,115,20,20
56284,102,95,7,7
56285,71,82,-11,11
56286,74,77,-3,3
56287,122,125,-3,3
56288,86,85,1,1
56289,40,48,-8,8
56290,109,113,-4,4
56291,113,112,1,1
56292,110,103,7,7
56293,68,65,3,3
56294,130,131,-1,1
56295,89,91,-2,2
56296,106,104,2,2
56297,98,95,3,3
56298,71,62,9,9
56299,128,125,3,3
56300,158,136,22,22
56301,82,80,2,2
56302,42,49,-7,7
56303,67,69,-2,2
56304,107,110,-3,3
56305,77,77,0,0
56306,113,115,-2,2
56307,73,73,0,0
56308,189,173,16,16
56309,101,101,0,0
56310,117,124,-7,7
56311,113,114,-1,1
56312,81,77,4,4
56313,113,104,9,9
56314,108,100,8,8
56315,133,142,-9,9
56316,117,114,3,3
56317,119,113,6,6
56318,72,70,2,2
56319,72,84,-12,12
56320,105,106,-1,1
56321,70,70,0,0
56322,66,66,0,0
56323,152,136,16,16
56324,89,86,3,3
56325,20,34,-14,14
56326,72,76,-4,4
56327,89,84,5,5
56328,83,89,-6,6
56329,121,131,-10,10
56330,119,108,11,11
56331,101,99,2,2
56332,84,85,-1,1
56333,78,84,-6,6
56334,166,151,15,15
56335,117,113,4,4
56336,141,141,0,0
56337,123,118,5,5
56338,162,152,10,10
56339,50,58,-8,8
56340,60,59,1,1
56341,86,91,-5,5
56342,70,75,-5,5
56343,129,126,3,3
56344,65,70,-5,5
56345,75,83,-8,8
56346,91,75,16,16
56347,55,64,-9,9
56348,82,86,-4,4
56349,102,104,-2,2
56350,74,73,1,1
56351,84,83,1,1
56352,128,117,11,11
56353,91,90,1,1
56354,120,116,4,4
56355,85,88,-3,3
56356,108,114,-6,6
56357,72,74,-2,2
56358,90,83,7,7
56359,85,88,-3,3
56360,112,107,5,5
56361,148,144,4,4
56362,105,105,0,0
56363,44,54,-10,10
56364,42,58,-16,16
56365,103,92,11,11
56366,93,82,11,11
56367,63,66,-3,3
56368,169,172,-3,3
56369,65,67,-2,2
56370,74,76,-2,2
56371,99,99,0,0
56372,129,128,1,1
56373,93,89,4,4
56374,139,131,8,8
56375,64,108,-44,44
56376,93,92,1,1
56377,53,71,-18,18
56378,110,103,7,7
56379,97,94,3,3
56380,170,156,14,14
56381,56,69,-13,13
56382,172,167,5,5
56383,71,71,0,0
56384,161,145,16,16
56385,130,134,-4,4
56386,101,97,4,4
56387,107,104,3,3
56388,101,99,2,2
56389,64,73,-9,9
56390,75,74,1,1
56391,128,126,2,2
56392,80,80,0,0
56393,129,126,3,3
56394,54,63,-9,9
56395,71,79,-8,8
56396,55,54,1,1
56397,91,95,-4,4
56398,119,106,13,13
56399,94,92,2,2
56400,158,145,13,13
56401,60,69,-9,9
56402,158,152,6,6
56403,56,58,-2,2
56404,121,118,3,3
56405,79,73,6,6
56406,120,110,10,10
56407,64,71,-7,7
56408,62,81,-19,19
56409,80,79,1,1
56410,135,126,9,9
56411,102,117,-15,15
56412,115,104,11,11
56413,142,142,0,0
56414,115,126,-11,11
56415,119,121,-2,2
56416,138,132,6,6
56417,97,88,9,9
56418,80,76,4,4
56419,97,98,-1,1
56420,111,109,2,2
56421,91,93,-2,2
56422,95,99,-4,4
56423,91,93,-2,2
56424,101,89,12,12
56425,130,125,5,5
56426,89,90,-1,1
56427,86,94,-8,8
56428,178,159,19,19
56429,168,157,11,11
56430,63,63,0,0
56431,69,67,2,2
56432,186,163,23,23
56433,143,134,9,9
56434,76,68,8,8
56435,87,93,-6,6
56436,46,57,-11,11
56437,81,83,-2,2
56438,43,51,-8,8
56439,125,115,10,10
56440,190,173,17,17
56441,112,97,15,15
56442,161,153,8,8
56443,119,106,13,13
56444,98,97,1,1
56445,122,113,9,9
56446,94,92,2,2
56447,68,77,-9,9
56448,103,89,14,14
56449,126,101,25,25
56450,75,75,0,0
56451,123,108,15,15
56452,81,80,1,1
56453,144,147,-3,3
56454,53,53,0,0
56455,164,147,17,17
56456,60,68,-8,8
56457,117,110,7,7
56458,121,119,2,2
56459,90,93,-3,3
56460,86,84,2,2
56461,63,70,-7,7
56462,147,134,13,13
56463,103,98,5,5
56464,68,71,-3,3
56465,91,86,5,5
56466,81,72,9,9
56467,71,73,-2,2
56468,63,68,-5,5
56469,123,124,-1,1
56470,105,103,2,2
56471,81,86,-5,5
56472,112,114,-2,2
56473,78,79,-1,1
56474,85,83,2,2
56475,118,116,2,2
56476,65,64,1,1
56477,127,131,-4,4
56478,83,83,0,0
56479,91,87,4,4
56480,62,68,-6,6
56481,75,80,-5,5
56482,88,94,-6,6
56483,163,153,10,10
56484,48,66,-18,18
56485,93,103,-10,10
56486,85,88,-3,3
56487,142,141,1,1
56488,93,100,-7,7
56489,73,73,0,0
56490,65,70,-5,5
56491,83,82,1,1
56492,77,77,0,0
56493,113,108,5,5
56494,121,112,9,9
56495,71,75,-4,4
56496,64,66,-2,2
56497,70,80,-10,10
56498,155,152,3,3
56499,59,62,-3,3
56500,80,77,3,3
56501,80,83,-3,3
56502,59,65,-6,6
56503,83,77,6,6
56504,68,66,2,2
56505,77,85,-8,8
56506,121,106,15,15
56507,63,75,-12,12
56508,82,82,0,0
56509,145,141,4,4
56510,63,72,-9,9
56511,124,124,0,0
56512,83,94,-11,11
56513,175,164,11,11
56514,185,174,11,11
56515,65,67,-2,2
56516,61,64,-3,3
56517,76,75,1,1
56518,75,82,-7,7
56519,74,93,-19,19
56520,136,118,18,18
56521,47,55,-8,8
56522,66,59,7,7
56523,131,119,12,12
56524,123,107,16,16
56525,118,112,6,6
56526,58,61,-3,3
56527,89,86,3,3
56528,156,143,13,13
56529,55,65,-10,10
56530,115,103,12,12
56531,111,109,2,2
56532,116,126,-10,10
56533,62,73,-11,11
56534,108,96,12,12
56535,120,126,-6,6
56536,112,112,0,0
56537,56,68,-12,12
56538,142,141,1,1
56539,91,82,9,9
56540,86,85,1,1
56541,121,117,4,4
56542,80,76,4,4
56543,103,102,1,1
56544,76,82,-6,6
56545,100,121,-21,21
56546,94,90,4,4
56547,117,124,-7,7
56548,84,80,4,4
56549,87,91,-4,4
56550,127,110,17,17
56551,90,101,-11,11
56552,96,92,4,4
56553,56,61,-5,5
56554,74,75,-1,1
56555,98,95,3,3
56556,107,110,-3,3
56557,125,104,21,21
56558,66,64,2,2
56559,91,97,-6,6
56560,154,154,0,0
56561,151,131,20,20
56562,77,79,-2,2
56563,60,65,-5,5
56564,72,79,-7,7
56565,132,111,21,21
56566,74,76,-2,2
56567,63,69,-6,6
56568,129,128,1,1
56569,169,159,10,10
56570,88,97,-9,9
56571,129,122,7,7
56572,140,128,12,12
56573,80,89,-9,9
56574,94,97,-3,3
56575,49,60,-11,11
56576,145,141,4,4
56577,97,99,-2,2
56578,94,95,-1,1
56579,83,82,1,1
56580,135,130,5,5
56581,103,99,4,4
56582,40,50,-10,10
56583,119,133,-14,14
56584,60,68,-8,8
56585,44,50,-6,6
56586,104,104,0,0
56587,49,52,-3,3
56588,70,85,-15,15
56589,59,65,-6,6
56590,114,120,-6,6
56591,65,64,1,1
56592,60,66,-6,6
56593,121,128,-7,7
56594,115,107,8,8
56595,75,74,1,1
56596,74,73,1,1
56597,103,99,4,4
56598,59,64,-5,5
56599,125,126,-1,1
56600,94,92,2,2
56601,73,72,1,1
56602,54,58,-4,4
56603,58,59,-1,1
56604,174,162,12,12
56605,46,52,-6,6
56606,79,81,-2,2
56607,108,96,12,12
56608,50,65,-15,15
56609,120,107,13,13
56610,159,144,15,15
56611,171,166,5,5
56612,81,87,-6,6
56613,85,87,-2,2
56614,118,132,-14,14
56615,73,78,-5,5
56616,114,107,7,7
56617,77,73,4,4
56618,150,130,20,20
56619,72,79,-7,7
56620,64,86,-22,22
56621,85,97,-12,12
56622,112,115,-3,3
56623,57,62,-5,5
56624,101,96,5,5
56625,83,85,-2,2
56626,74,73,1,1
56627,142,128,14,14
56628,111,97,14,14
56629,135,118,17,17
56630,64,68,-4,4
56631,75,70,5,5
56632,188,177,11,11
56633,63,84,-21,21
56634,124,112,12,12
56635,42,56,-14,14
56636,136,117,19,19
56637,50,57,-7,7
56638,87,89,-2,2
56639,140,129,11,11
56640,94,95,-1,1
56641,94,92,2,2
56642,61,76,-15,15
56643,86,88,-2,2
56644,126,109,17,17
56645,63,66,-3,3
56646,82,79,3,3
56647,140,145,-5,5
56648,134,116,18,18
56649,79,79,0,0
56650,126,132,-6,6
56651,101,106,-5,5
56652,103,100,3,3
56653,70,68,2,2
56654,85,76,9,9
56655,84,87,-3,3
56656,58,67,-9,9
56657,139,125,14,14
56658,67,79,-12,12
56659,101,103,-2,2
56660,83,86,-3,3
56661,66,66,0,0
56662,59,63,-4,4
56663,77,81,-4,4
56664,53,66,-13,13
56665,130,121,9,9
56666,59,68,-9,9
56667,94,83,11,11
56668,120,111,9,9
56669,108,100,8,8
56670,95,88,7,7
56671,67,69,-2,2
56672,103,101,2,2
56673,68,68,0,0
56674,82,80,2,2
56675,111,112,-1,1
56676,78,77,1,1
56677,59,68,-9,9
56678,72,79,-7,7
56679,101,97,4,4
56680,77,84,-7,7
56681,65,67,-2,2
56682,64,74,-10,10
56683,57,68,-11,11
56684,95,98,-3,3
56685,68,72,-4,4
56686,137,120,17,17
56687,65,70,-5,5
56688,82,80,2,2
56689,73,79,-6,6
56690,96,104,-8,8
56691,110,103,7,7
56692,139,132,7,7
56693,87,76,11,11
56694,113,101,12,12
56695,40,43,-3,3
56696,81,84,-3,3
56697,51,62,-11,11
56698,173,153,20,20
56699,72,85,-13,13
56700,107,103,4,4
56701,112,112,0,0
56702,125,110,15,15
56703,56,61,-5,5
56704,141,125,16,16
56705,150,135,15,15
56706,136,133,3,3
56707,127,116,11,11
56708,132,137,-5,5
56709,96,90,6,6
56710,35,54,-19,19
56711,86,85,1,1
56712,108,100,8,8
56713,149,139,10,10
56714,103,102,1,1
56715,144,153,-9,9
56716,135,120,15,15
56717,112,104,8,8
56718,86,98,-12,12
56719,54,56,-2,2
56720,78,76,2,2
56721,72,74,-2,2
56722,87,91,-4,4
56723,79,94,-15,15
56724,109,119,-10,10
56725,120,105,15,15
56726,173,157,16,16
56727,57,67,-10,10
56728,40,45,-5,5
56729,82,87,-5,5
56730,70,77,-7,7
56731,86,89,-3,3
56732,98,98,0,0
56733,134,141,-7,7
56734,45,48,-3,3
56735,129,115,14,14
56736,68,75,-7,7
56737,91,84,7,7
56738,113,105,8,8
56739,52,64,-12,12
56740,94,89,5,5
56741,94,100,-6,6
56742,113,108,5,5
56743,128,113,15,15
56744,99,103,-4,4
56745,105,97,8,8
56746,86,103,-17,17
56747,148,140,8,8
56748,138,119,19,19
56749,99,86,13,13
56750,94,94,0,0
56751,73,79,-6,6
56752,153,136,17,17
56753,95,98,-3,3
56754,118,124,-6,6
56755,129,120,9,9
56756,50,69,-19,19
56757,123,112,11,11
56758,142,133,9,9
56759,123,120,3,3
56760,148,143,5,5
56761,107,104,3,3
56762,98,102,-4,4
56763,112,110,2,2
56764,137,125,12,12
56765,106,103,3,3
56766,97,89,8,8
56767,96,99,-3,3
56768,245,180,65,65
56769,115,105,10,10
56770,81,77,4,4
56771,130,106,24,24
56772,86,79,7,7
56773,128,120,8,8
56774,73,73,0,0
56775,110,101,9,9
56776,130,120,10,10
56777,97,97,0,0
56778,80,83,-3,3
56779,91,89,2,2
56780,88,82,6,6
56781,105,101,4,4
56782,75,67,8,8
56783,93,100,-7,7
56784,115,107,8,8
56785,133,121,12,12
56786,142,120,22,22
56787,62,75,-13,13
56788,78,79,-1,1
56789,91,85,6,6
56790,102,95,7,7
56791,109,106,3,3
56792,102,96,6,6
56793,90,84,6,6
56794,135,115,20,20
56795,31,56,-25,25
56796,143,135,8,8
56797,123,114,9,9
56798,102,98,4,4
56799,59,61,-2,2
56800,83,88,-5,5
56801,99,95,4,4
56802,50,70,-20,20
56803,168,148,20,20
56804,80,83,-3,3
56805,104,114,-10,10
56806,117,107,10,10
56807,113,116,-3,3
56808,73,92,-19,19
56809,72,78,-6,6
56810,144,122,22,22
56811,131,129,2,2
56812,107,118,-11,11
56813,85,88,-3,3
56814,58,68,-10,10
56815,67,66,1,1
56816,62,65,-3,3
56817,63,60,3,3
56818,148,149,-1,1
56819,139,124,15,15
56820,82,86,-4,4
56821,133,125,8,8
56822,70,76,-6,6
56823,99,100,-1,1
56824,115,110,5,5
56825,121,116,5,5
56826,107,109,-2,2
56827,113,100,13,13
56828,61,69,-8,8
56829,80,79,1,1
56830,78,78,0,0
56831,68,67,1,1
56832,122,126,-4,4
56833,109,98,11,11
56834,71,70,1,1
56835,60,69,-9,9
56836,125,116,9,9
56837,68,68,0,0
56838,114,109,5,5
56839,93,81,12,12
56840,75,79,-4,4
56841,99,99,0,0
56842,133,129,4,4
56843,78,85,-7,7
56844,45,45,0,0
56845,87,79,8,8
56846,72,84,-12,12
56847,129,119,10,10
56848,93,88,5,5
56849,95,98,-3,3
56850,119,119,0,0
56851,96,85,11,11
56852,45,51,-6,6
56853,151,140,11,11
56854,75,75,0,0
56855,84,86,-2,2
56856,75,74,1,1
56857,97,133,-36,36
56858,79,82,-3,3
56859,132,123,9,9
56860,108,99,9,9
56861,115,105,10,10
56862,89,97,-8,8
56863,84,87,-3,3
56864,132,124,8,8
56865,94,89,5,5
56866,182,172,10,10
56867,170,152,18,18
56868,93,93,0,0
56869,70,78,-8,8
56870,38,47,-9,9
56871,102,106,-4,4
56872,139,126,13,13
56873,97,102,-5,5
56874,87,85,2,2
56875,86,79,7,7
56876,76,87,-11,11
56877,91,97,-6,6
56878,81,79,2,2
56879,86,80,6,6
56880,90,87,3,3
56881,73,78,-5,5
56882,122,117,5,5
56883,81,79,2,2
56884,182,164,18,18
56885,73,77,-4,4
56886,108,103,5,5
56887,70,70,0,0
56888,170,154,16,16
56889,98,93,5,5
56890,83,89,-6,6
56891,89,94,-5,5
56892,79,82,-3,3
56893,77,82,-5,5
56894,82,89,-7,7
56895,79,82,-3,3
56896,165,148,17,17
56897,57,68,-11,11
56898,94,100,-6,6
56899,101,89,12,12
56900,170,171,-1,1
56901,68,76,-8,8
56902,121,112,9,9
56903,137,126,11,11
56904,72,71,1,1
56905,109,105,4,4
56906,81,78,3,3
56907,71,76,-5,5
56908,135,131,4,4
56909,105,102,3,3
56910,101,94,7,7
56911,71,80,-9,9
56912,93,94,-1,1
56913,75,75,0,0
56914,68,134,-66,66
56915,107,100,7,7
56916,76,75,1,1
56917,127,116,11,11
56918,117,121,-4,4
56919,123,106,17,17
56920,158,157,1,1
56921,96,93,3,3
56922,44,48,-4,4
56923,100,98,2,2
56924,69,73,-4,4
56925,77,85,-8,8
56926,66,74,-8,8
56927,71,67,4,4
56928,117,109,8,8
56929,103,105,-2,2
56930,99,98,1,1
56931,131,126,5,5
56932,50,51,-1,1
56933,39,42,-3,3
56934,74,73,1,1
56935,51,57,-6,6
56936,91,95,-4,4
56937,104,110,-6,6
56938,76,78,-2,2
56939,126,127,-1,1
56940,79,83,-4,4
56941,88,95,-7,7
56942,103,100,3,3
56943,156,141,15,15
56944,153,146,7,7
56945,82,81,1,1
56946,69,77,-8,8
56947,85,89,-4,4
56948,90,101,-11,11
56949,118,107,11,11
56950,113,111,2,2
56951,63,74,-11,11
56952,39,50,-11,11
56953,125,116,9,9
56954,111,124,-13,13
56955,85,82,3,3
56956,69,76,-7,7
56957,164,152,12,12
56958,115,112,3,3
56959,100,113,-13,13
56960,97,96,1,1
56961,76,88,-12,12
56962,109,120,-11,11
56963,122,112,10,10
56964,75,80,-5,5
56965,94,94,0,0
56966,73,71,2,2
56967,138,124,14,14
56968,109,91,18,18
56969,84,93,-9,9
56970,65,66,-1,1
56971,97,95,2,2
56972,150,140,10,10
56973,158,152,6,6
56974,74,77,-3,3
56975,64,71,-7,7
56976,102,100,2,2
56977,83,94,-11,11
56978,181,154,27,27
56979,149,130,19,19
56980,67,66,1,1
56981,108,110,-2,2
56982,126,123,3,3
56983,129,120,9,9
56984,123,114,9,9
56985,88,84,4,4
56986,79,89,-10,10
56987,122,103,19,19
56988,88,80,8,8
56989,129,134,-5,5
56990,82,80,2,2
56991,72,76,-4,4
56992,116,106,10,10
56993,93,99,-6,6
56994,82,80,2,2
56995,153,149,4,4
56996,169,151,18,18
56997,79,93,-14,14
56998,92,91,1,1
56999,123,115,8,8
57000,75,94,-19,19
57001,162,161,1,1
57002,79,80,-1,1
57003,90,87,3,3
57004,74,85,-11,11
57005,130,122,8,8
57006,128,115,13,13
57007,75,87,-12,12
57008,86,87,-1,1
57009,111,108,3,3
57010,100,95,5,5
57011,57,67,-10,10
57012,126,120,6,6
57013,61,68,-7,7
57014,79,81,-2,2
57015,80,71,9,9
57016,49,61,-12,12
57017,83,86,-3,3
57018,65,71,-6,6
57019,76,79,-3,3
57020,99,98,1,1
57021,152,136,16,16
57022,74,78,-4,4
57023,90,95,-5,5
57024,116,120,-4,4
57025,150,143,7,7
57026,98,104,-6,6
57027,136,124,12,12
57028,109,106,3,3
57029,131,144,-13,13
57030,44,56,-12,12
57031,52,57,-5,5
57032,73,74,-1,1
57033,160,120,40,40
57034,104,101,3,3
57035,71,69,2,2
57036,52,61,-9,9
57037,69,67,2,2
57038,120,104,16,16
57039,51,49,2,2
57040,65,74,-9,9
57041,93,88,5,5
57042,62,80,-18,18
57043,108,104,4,4
57044,86,92,-6,6
57045,65,72,-7,7
57046,151,146,5,5
57047,82,88,-6,6
57048,54,58,-4,4
57049,57,63,-6,6
57050,87,86,1,1
57051,75,81,-6,6
57052,76,79,-3,3
57053,144,142,2,2
57054,82,86,-4,4
57055,70,70,0,0
57056,65,71,-6,6
57057,130,128,2,2
57058,179,176,3,3
57059,143,144,-1,1
57060,128,120,8,8
57061,59,62,-3,3
57062,141,129,12,12
57063,91,89,2,2
57064,117,107,10,10
57065,103,97,6,6
57066,102,105,-3,3
57067,150,117,33,33
57068,91,84,7,7
57069,82,86,-4,4
57070,72,68,4,4
57071,146,132,14,14
57072,51,58,-7,7
57073,119,121,-2,2
57074,94,95,-1,1
57075,113,101,12,12
57076,115,108,7,7
57077,50,58,-8,8
57078,72,88,-16,16
57079,127,117,10,10
57080,67,87,-20,20
57081,76,78,-2,2
57082,96,104,-8,8
57083,137,144,-7,7
57084,189,174,15,15
57085,83,85,-2,2
57086,90,93,-3,3
57087,85,83,2,2
57088,99,96,3,3
57089,88,89,-1,1
57090,163,162,1,1
57091,78,82,-4,4
57092,63,64,-1,1
57093,87,91,-4,4
57094,81,87,-6,6
57095,117,125,-8,8
57096,86,78,8,8
57097,97,95,2,2
57098,120,114,6,6
57099,61,60,1,1
57100,109,110,-1,1
57101,82,83,-1,1
57102,98,89,9,9
57103,100,92,8,8
57104,114,104,10,10
57105,61,68,-7,7
57106,88,92,-4,4
57107,75,79,-4,4
57108,96,98,-2,2
57109,125,126,-1,1
57110,216,190,26,26
57111,91,90,1,1
57112,149,164,-15,15
57113,104,95,9,9
57114,69,73,-4,4
57115,65,69,-4,4
57116,116,101,15,15
57117,66,70,-4,4
57118,53,60,-7,7
57119,61,72,-11,11
57120,106,107,-1,1
57121,118,106,12,12
57122,145,136,9,9
57123,90,87,3,3
57124,76,75,1,1
57125,48,54,-6,6
57126,38,44,-6,6
57127,65,70,-5,5
57128,98,89,9,9
57129,48,63,-15,15
57130,93,96,-3,3
57131,117,121,-4,4
57132,66,71,-5,5
57133,110,96,14,14
57134,121,114,7,7
57135,95,91,4,4
57136,81,81,0,0
57137,48,63,-15,15
57138,80,84,-4,4
57139,136,146,-10,10
57140,55,57,-2,2
57141,110,101,9,9
57142,104,114,-10,10
57143,89,83,6,6
57144,90,100,-10,10
57145,111,109,2,2
57146,85,94,-9,9
57147,113,110,3,3
57148,100,99,1,1
57149,147,130,17,17
57150,86,94,-8,8
57151,76,82,-6,6
57152,164,142,22,22
57153,130,115,15,15
57154,99,92,7,7
57155,40,49,-9,9
57156,175,171,4,4
57157,148,142,6,6
57158,106,106,0,0
57159,152,150,2,2
57160,91,97,-6,6
57161,98,91,7,7
57162,51,65,-14,14
57163,88,89,-1,1
57164,89,88,1,1
57165,63,63,0,0
57166,84,86,-2,2
57167,75,73,2,2
57168,117,106,11,11
57169,111,113,-2,2
57170,134,147,-13,13
57171,81,88,-7,7
57172,101,106,-5,5
57173,61,64,-3,3
57174,116,112,4,4
57175,77,84,-7,7
57176,121,112,9,9
57177,101,97,4,4
57178,22,29,-7,7
57179,89,89,0,0
57180,134,129,5,5
57181,132,133,-1,1
57182,48,55,-7,7
57183,102,98,4,4
57184,90,84,6,6
57185,89,90,-1,1
57186,109,110,-1,1
57187,164,145,19,19
57188,93,96,-3,3
57189,93,97,-4,4
57190,63,76,-13,13
57191,99,99,0,0
57192,72,71,1,1
57193,85,86,-1,1
57194,76,81,-5,5
57195,85,82,3,3
57196,125,91,34,34
57197,63,66,-3,3
57198,47,60,-13,13
57199,123,119,4,4
57200,88,96,-8,8
57201,75,73,2,2
57202,78,79,-1,1
57203,73,66,7,7
57204,113,123,-10,10
57205,88,84,4,4
57206,91,81,10,10
57207,99,98,1,1
57208,92,98,-6,6
57209,102,104,-2,2
57210,84,88,-4,4
57211,153,146,7,7
57212,117,120,-3,3
57213,61,63,-2,2
57214,81,79,2,2
57215,148,144,4,4
57216,88,75,13,13
57217,109,105,4,4
57218,124,115,9,9
57219,44,59,-15,15
57220,75,77,-2,2
57221,107,108,-1,1
57222,74,80,-6,6
57223,75,71,4,4
57224,97,88,9,9
57225,95,86,9,9
57226,72,70,2,2
57227,71,71,0,0
57228,100,97,3,3
57229,110,96,14,14
57230,67,65,2,2
57231,59,62,-3,3
57232,162,148,14,14
57233,97,98,-1,1
57234,66,73,-7,7
57235,87,84,3,3
57236,142,130,12,12
57237,77,81,-4,4
57238,61,60,1,1
57239,61,113,-52,52
57240,131,121,10,10
57241,84,87,-3,3
57242,77,82,-5,5
57243,60,65,-5,5
57244,77,82,-5,5
57245,47,56,-9,9
57246,71,78,-7,7
57247,118,120,-2,2
57248,105,112,-7,7
57249,137,127,10,10
57250,48,68,-20,20
57251,81,84,-3,3
57252,105,91,14,14
57253,107,102,5,5
57254,149,142,7,7
57255,88,83,5,5
57256,104,96,8,8
57257,130,110,20,20
57258,118,117,1,1
57259,50,71,-21,21
57260,113,102,11,11
57261,48,56,-8,8
57262,105,106,-1,1
57263,63,73,-10,10
57264,63,69,-6,6
57265,65,74,-9,9
57266,105,106,-1,1
57267,38,48,-10,10
57268,57,59,-2,2
57269,94,90,4,4
57270,87,80,7,7
57271,68,72,-4,4
57272,66,75,-9,9
57273,87,91,-4,4
57274,121,110,11,11
57275,104,97,7,7
57276,124,125,-1,1
57277,158,144,14,14
57278,30,36,-6,6
57279,101,114,-13,13
57280,86,77,9,9
57281,93,90,3,3
57282,123,134,-11,11
57283,102,90,12,12
57284,142,150,-8,8
57285,61,77,-16,16
57286,75,83,-8,8
57287,125,126,-1,1
57288,95,91,4,4
57289,171,156,15,15
57290,96,126,-30,30
57291,123,119,4,4
57292,106,112,-6,6
57293,62,68,-6,6
57294,87,86,1,1
57295,57,63,-6,6
57296,56,56,0,0
57297,124,115,9,9
57298,81,81,0,0
57299,109,96,13,13
57300,165,166,-1,1
57301,171,170,1,1
57302,104,101,3,3
57303,59,69,-10,10
57304,40,51,-11,11
57305,74,91,-17,17
57306,127,119,8,8
57307,73,85,-12,12
57308,130,116,14,14
57309,47,65,-18,18
57310,59,64,-5,5
57311,156,137,19,19
57312,101,92,9,9
57313,89,81,8,8
57314,95,93,2,2
57315,60,72,-12,12
57316,91,92,-1,1
57317,74,77,-3,3
57318,160,148,12,12
57319,114,107,7,7
57320,148,139,9,9
57321,80,75,5,5
57322,24,32,-8,8
57323,52,59,-7,7
57324,259,214,45,45
57325,44,52,-8,8
57326,149,139,10,10
57327,57,65,-8,8
57328,126,126,0,0
57329,142,126,16,16
57330,111,111,0,0
57331,167,154,13,13
57332,76,78,-2,2
57333,69,68,1,1
57334,110,113,-3,3
57335,92,98,-6,6
57336,99,87,12,12
57337,95,97,-2,2
57338,114,104,10,10
57339,91,96,-5,5
57340,104,101,3,3
57341,84,85,-1,1
57342,164,145,19,19
57343,44,58,-14,14
57344,75,72,3,3
57345,95,95,0,0
57346,27,42,-15,15
57347,81,83,-2,2
57348,72,76,-4,4
57349,100,92,8,8
57350,131,113,18,18
57351,61,72,-11,11
57352,89,87,2,2
57353,65,73,-8,8
57354,53,68,-15,15
57355,103,109,-6,6
57356,129,123,6,6
57357,114,101,13,13
57358,102,101,1,1
57359,87,96,-9,9
57360,77,72,5,5
57361,72,76,-4,4
57362,71,78,-7,7
57363,67,64,3,3
57364,116,113,3,3
57365,102,96,6,6
57366,83,80,3,3
57367,55,57,-2,2
57368,71,84,-13,13
57369,84,78,6,6
57370,98,96,2,2
57371,101,90,11,11
57372,82,76,6,6
57373,117,115,2,2
57374,126,123,3,3
57375,66,76,-10,10
57376,81,88,-7,7
57377,189,179,10,10
57378,90,83,7,7
57379,86,84,2,2
57380,107,98,9,9
57381,117,129,-12,12
57382,54,61,-7,7
57383,81,87,-6,6
57384,85,81,4,4
57385,88,93,-5,5
57386,57,66,-9,9
57387,103,100,3,3
57388,103,96,7,7
57389,95,88,7,7
57390,107,103,4,4
57391,91,91,0,0
57392,111,123,-12,12
57393,200,175,25,25
57394,83,87,-4,4
57395,86,83,3,3
57396,80,86,-6,6
57397,109,112,-3,3
57398,69,71,-2,2
57399,78,76,2,2
57400,70,81,-11,11
57401,77,80,-3,3
57402,69,66,3,3
57403,96,85,11,11
57404,121,138,-17,17
57405,90,96,-6,6
57406,152,140,12,12
57407,91,85,6,6
57408,89,87,2,2
57409,104,96,8,8
57410,88,76,12,12
57411,113,109,4,4
57412,81,91,-10,10
57413,92,85,7,7
57414,112,98,14,14
57415,113,116,-3,3
57416,119,105,14,14
57417,68,72,-4,4
57418,183,154,29,29
57419,154,140,14,14
57420,115,115,0,0
57421,173,184,-11,11
57422,108,102,6,6
57423,124,129,-5,5
57424,71,68,3,3
57425,84,79,5,5
57426,80,83,-3,3
57427,90,98,-8,8
57428,74,71,3,3
57429,89,79,10,10
57430,81,91,-10,10
57431,100,88,12,12
57432,136,131,5,5
57433,55,61,-6,6
57434,105,104,1,1
57435,77,76,1,1
57436,192,175,17,17
57437,99,91,8,8
57438,90,87,3,3
57439,134,121,13,13
57440,113,109,4,4
57441,90,84,6,6
57442,150,132,18,18
57443,52,60,-8,8
57444,102,95,7,7
57445,55,56,-1,1
57446,110,108,2,2
57447,57,63,-6,6
57448,57,64,-7,7
57449,97,94,3,3
57450,117,120,-3,3
57451,83,87,-4,4
57452,121,110,11,11
57453,58,65,-7,7
57454,101,99,2,2
57455,63,68,-5,5
57456,105,104,1,1
57457,94,87,7,7
57458,138,130,8,8
57459,62,66,-4,4
57460,113,112,1,1
57461,50,60,-10,10
57462,90,93,-3,3
57463,135,133,2,2
57464,68,64,4,4
57465,94,90,4,4
57466,63,66,-3,3
57467,179,157,22,22
57468,78,76,2,2
57469,197,168,29,29
57470,124,119,5,5
57471,115,121,-6,6
57472,105,102,3,3
57473,135,132,3,3
57474,59,65,-6,6
57475,75,87,-12,12
57476,131,125,6,6
57477,125,127,-2,2
57478,82,91,-9,9
57479,193,173,20,20
57480,23,34,-11,11
57481,67,69,-2,2
57482,204,181,23,23
57483,78,83,-5,5
57484,95,97,-2,2
57485,143,144,-1,1
57486,69,71,-2,2
57487,78,74,4,4
57488,185,171,14,14
57489,60,67,-7,7
57490,93,84,9,9
57491,49,54,-5,5
57492,151,133,18,18
57493,93,89,4,4
57494,109,98,11,11
57495,58,60,-2,2
57496,132,112,20,20
57497,85,78,7,7
57498,118,96,22,22
57499,69,75,-6,6
57500,76,80,-4,4
57501,68,77,-9,9
57502,68,72,-4,4
57503,103,111,-8,8
57504,116,111,5,5
57505,189,161,28,28
57506,64,72,-8,8
57507,54,56,-2,2
57508,99,100,-1,1
57509,140,124,16,16
57510,52,56,-4,4
57511,144,139,5,5
57512,96,94,2,2
57513,60,84,-24,24
57514,131,129,2,2
57515,101,106,-5,5
57516,21,47,-26,26
57517,77,78,-1,1
57518,94,94,0,0
57519,64,66,-2,2
57520,77,72,5,5
57521,89,90,-1,1
57522,68,72,-4,4
57523,100,77,23,23
57524,94,92,2,2
57525,99,95,4,4
57526,104,105,-1,1
57527,76,77,-1,1
57528,41,52,-11,11
57529,89,82,7,7
57530,159,132,27,27
57531,145,126,19,19
57532,89,82,7,7
57533,117,118,-1,1
57534,56,69,-13,13
57535,112,106,6,6
57536,59,62,-3,3
57537,54,60,-6,6
57538,83,79,4,4
57539,70,76,-6,6
57540,64,69,-5,5
57541,134,126,8,8
57542,107,113,-6,6
57543,81,82,-1,1
57544,117,118,-1,1
57545,123,125,-2,2
57546,114,100,14,14
57547,173,154,19,19
57548,79,74,5,5
57549,117,104,13,13
57550,32,43,-11,11
57551,87,84,3,3
57552,189,175,14,14
57553,70,80,-10,10
57554,155,131,24,24
57555,81,85,-4,4
57556,168,155,13,13
57557,114,109,5,5
57558,153,152,1,1
57559,124,110,14,14
57560,51,51,0,0
57561,105,107,-2,2
57562,101,113,-12,12
57563,86,88,-2,2
57564,129,120,9,9
57565,122,110,12,12
57566,149,133,16,16
57567,85,84,1,1
57568,73,73,0,0
57569,66,73,-7,7
57570,180,154,26,26
57571,33,37,-4,4
57572,70,76,-6,6
57573,101,110,-9,9
57574,89,94,-5,5
57575,120,117,3,3
57576,121,111,10,10
57577,91,91,0,0
57578,90,88,2,2
57579,121,117,4,4
57580,154,152,2,2
57581,110,103,7,7
57582,65,62,3,3
57583,107,120,-13,13
57584,141,130,11,11
57585,61,69,-8,8
57586,119,117,2,2
57587,135,133,2,2
57588,185,159,26,26
57589,46,56,-10,10
57590,89,88,1,1
57591,134,126,8,8
57592,102,96,6,6
57593,138,137,1,1
57594,104,99,5,5
57595,176,157,19,19
57596,112,105,7,7
57597,135,128,7,7
57598,119,113,6,6
57599,82,77,5,5
57600,99,102,-3,3
57601,119,107,12,12
57602,98,106,-8,8
57603,96,99,-3,3
57604,90,97,-7,7
57605,81,74,7,7
57606,65,69,-4,4
57607,120,111,9,9
57608,90,86,4,4
57609,80,84,-4,4
57610,81,89,-8,8
57611,78,96,-18,18
57612,82,77,5,5
57613,155,133,22,22
57614,77,73,4,4
57615,116,115,1,1
57616,78,80,-2,2
57617,69,69,0,0
57618,64,69,-5,5
57619,88,89,-1,1
57620,56,63,-7,7
57621,62,71,-9,9
57622,49,61,-12,12
57623,120,104,16,16
57624,154,146,8,8
57625,86,87,-1,1
57626,61,70,-9,9
57627,66,68,-2,2
57628,145,121,24,24
57629,83,88,-5,5
57630,136,126,10,10
57631,88,96,-8,8
57632,71,84,-13,13
57633,93,87,6,6
57634,97,92,5,5
57635,94,86,8,8
57636,97,100,-3,3
57637,57,71,-14,14
57638,142,136,6,6
57639,119,112,7,7
57640,87,93,-6,6
57641,131,133,-2,2
57642,119,122,-3,3
57643,76,74,2,2
57644,55,57,-2,2
57645,106,99,7,7
57646,70,78,-8,8
57647,103,100,3,3
57648,96,85,11,11
57649,150,145,5,5
57650,128,126,2,2
57651,38,46,-8,8
57652,65,79,-14,14
57653,79,78,1,1
57654,96,88,8,8
57655,88,86,2,2
57656,185,184,1,1
57657,81,76,5,5
57658,151,135,16,16
57659,94,93,1,1
57660,72,76,-4,4
57661,110,103,7,7
57662,109,102,7,7
57663,80,76,4,4
57664,68,74,-6,6
57665,111,98,13,13
57666,67,74,-7,7
57667,95,90,5,5
57668,114,115,-1,1
57669,51,58,-7,7
57670,111,106,5,5
57671,118,103,15,15
57672,157,136,21,21
57673,82,85,-3,3
57674,119,95,24,24
57675,73,75,-2,2
57676,88,82,6,6
57677,46,52,-6,6
57678,61,63,-2,2
57679,81,84,-3,3
57680,117,109,8,8
57681,87,87,0,0
57682,71,67,4,4
57683,70,69,1,1
57684,98,103,-5,5
57685,89,91,-2,2
57686,100,93,7,7
57687,124,111,13,13
57688,166,150,16,16
57689,90,86,4,4
57690,43,49,-6,6
57691,175,152,23,23
57692,104,106,-2,2
57693,180,166,14,14
57694,57,59,-2,2
57695,36,50,-14,14
57696,144,146,-2,2
57697,136,126,10,10
57698,56,61,-5,5
57699,93,96,-3,3
57700,91,91,0,0
57701,98,95,3,3
57702,82,69,13,13
57703,101,110,-9,9
57704,113,111,2,2
57705,53,65,-12,12
57706,55,63,-8,8
57707,120,106,14,14
57708,105,98,7,7
57709,71,77,-6,6
57710,78,77,1,1
57711,165,156,9,9
57712,82,84,-2,2
57713,126,115,11,11
57714,114,106,8,8
57715,143,127,16,16
57716,118,115,3,3
57717,94,97,-3,3
57718,41,48,-7,7
57719,67,69,-2,2
57720,83,82,1,1
57721,119,104,15,15
57722,62,69,-7,7
57723,55,57,-2,2
57724,95,95,0,0
57725,91,95,-4,4
57726,68,72,-4,4
57727,144,146,-2,2
57728,64,68,-4,4
57729,43,64,-21,21
57730,81,86,-5,5
57731,94,82,12,12
57732,77,78,-1,1
57733,167,164,3,3
57734,51,63,-12,12
57735,117,104,13,13
57736,93,92,1,1
57737,71,75,-4,4
57738,64,71,-7,7
57739,168,154,14,14
57740,98,96,2,2
57741,38,45,-7,7
57742,124,111,13,13
57743,104,110,-6,6
57744,45,50,-5,5
57745,36,49,-13,13
57746,82,83,-1,1
57747,120,107,13,13
57748,108,115,-7,7
57749,43,52,-9,9
57750,85,82,3,3
57751,146,133,13,13
57752,82,97,-15,15
57753,115,105,10,10
57754,98,89,9,9
57755,87,82,5,5
57756,124,123,1,1
57757,86,84,2,2
57758,92,106,-14,14
57759,109,92,17,17
57760,125,117,8,8
57761,140,144,-4,4
57762,84,103,-19,19
57763,66,73,-7,7
57764,131,115,16,16
57765,81,75,6,6
57766,88,86,2,2
57767,143,149,-6,6
57768,74,79,-5,5
57769,118,123,-5,5
57770,56,65,-9,9
57771,61,66,-5,5
57772,112,116,-4,4
57773,119,109,10,10
57774,102,95,7,7
57775,101,119,-18,18
57776,71,71,0,0
57777,118,115,3,3
57778,119,129,-10,10
57779,83,89,-6,6
57780,133,119,14,14
57781,57,62,-5,5
57782,87,85,2,2
57783,6,31,-25,25
57784,76,83,-7,7
57785,124,115,9,9
57786,28,27,1,1
57787,65,65,0,0
57788,86,78,8,8
57789,111,112,-1,1
57790,59,69,-10,10
57791,94,94,0,0
57792,97,110,-13,13
57793,115,113,2,2
57794,75,79,-4,4
57795,144,133,11,11
57796,86,96,-10,10
57797,74,75,-1,1
57798,102,103,-1,1
57799,79,77,2,2
57800,99,97,2,2
57801,140,148,-8,8
57802,101,99,2,2
57803,156,140,16,16
57804,92,89,3,3
57805,70,75,-5,5
57806,59,73,-14,14
57807,116,107,9,9
57808,138,130,8,8
57809,136,135,1,1
57810,61,65,-4,4
57811,53,60,-7,7
57812,79,75,4,4
57813,90,85,5,5
57814,127,116,11,11
57815,177,147,30,30
57816,110,113,-3,3
57817,129,117,12,12
57818,106,122,-16,16
57819,74,78,-4,4
57820,154,152,2,2
57821,129,125,4,4
57822,73,73,0,0
57823,77,86,-9,9
57824,84,89,-5,5
57825,103,97,6,6
57826,90,113,-23,23
57827,109,106,3,3
57828,68,67,1,1
57829,72,69,3,3
57830,105,114,-9,9
57831,65,69,-4,4
57832,95,89,6,6
57833,133,128,5,5
57834,103,94,9,9
57835,107,108,-1,1
57836,79,77,2,2
57837,116,106,10,10
57838,91,84,7,7
57839,72,83,-11,11
57840,66,85,-19,19
57841,147,132,15,15
57842,90,100,-10,10
57843,192,191,1,1
57844,98,112,-14,14
57845,105,97,8,8
57846,44,55,-11,11
57847,102,90,12,12
57848,82,89,-7,7
57849,107,103,4,4
57850,102,100,2,2
57851,135,119,16,16
57852,157,142,15,15
57853,61,61,0,0
57854,155,144,11,11
57855,121,124,-3,3
57856,77,76,1,1
57857,142,138,4,4
57858,95,88,7,7
57859,104,96,8,8
57860,77,79,-2,2
57861,135,126,9,9
57862,101,100,1,1
57863,65,66,-1,1
57864,108,102,6,6
57865,46,55,-9,9
57866,196,179,17,17
57867,83,83,0,0
57868,92,84,8,8
57869,66,63,3,3
57870,87,83,4,4
57871,76,77,-1,1
57872,24,40,-16,16
57873,94,101,-7,7
57874,85,75,10,10
57875,147,183,-36,36
57876,104,113,-9,9
57877,97,93,4,4
57878,159,141,18,18
57879,103,98,5,5
57880,114,113,1,1
57881,133,135,-2,2
57882,66,69,-3,3
57883,101,102,-1,1
57884,71,70,1,1
57885,85,84,1,1
57886,87,76,11,11
57887,116,92,24,24
57888,88,79,9,9
57889,64,66,-2,2
57890,48,54,-6,6
57891,55,63,-8,8
57892,61,89,-28,28
57893,86,95,-9,9
57894,56,57,-1,1
57895,58,57,1,1
57896,77,79,-2,2
57897,70,77,-7,7
57898,78,85,-7,7
57899,136,124,12,12
57900,69,72,-3,3
57901,68,67,1,1
57902,102,96,6,6
57903,67,70,-3,3
57904,82,78,4,4
57905,54,56,-2,2
57906,70,77,-7,7
57907,83,81,2,2
57908,129,115,14,14
57909,43,50,-7,7
57910,46,62,-16,16
57911,119,121,-2,2
57912,50,55,-5,5
57913,76,79,-3,3
57914,168,153,15,15
57915,83,82,1,1
57916,116,103,13,13
57917,121,130,-9,9
57918,96,103,-7,7
57919,126,127,-1,1
57920,86,86,0,0
57921,85,78,7,7
57922,93,80,13,13
57923,52,61,-9,9
57924,129,120,9,9
57925,87,84,3,3
57926,38,50,-12,12
57927,61,76,-15,15
57928,77,78,-1,1
57929,73,72,1,1
57930,143,147,-4,4
57931,59,66,-7,7
57932,57,65,-8,8
57933,64,70,-6,6
57934,140,131,9,9
57935,109,112,-3,3
57936,91,89,2,2
57937,64,70,-6,6
57938,105,90,15,15
57939,121,106,15,15
57940,65,63,2,2
57941,80,82,-2,2
57942,75,77,-2,2
57943,90,82,8,8
57944,93,95,-2,2
57945,60,67,-7,7
57946,75,77,-2,2
57947,97,99,-2,2
57948,130,118,12,12
57949,111,100,11,11
57950,82,76,6,6
57951,102,97,5,5
57952,72,73,-1,1
57953,180,175,5,5
57954,71,83,-12,12
57955,92,90,2,2
57956,109,104,5,5
57957,113,106,7,7
57958,117,105,12,12
57959,105,105,0,0
57960,85,83,2,2
57961,75,70,5,5
57962,77,77,0,0
57963,79,79,0,0
57964,106,100,6,6
57965,52,67,-15,15
57966,107,84,23,23
57967,89,92,-3,3
57968,150,142,8,8
57969,84,86,-2,2
57970,78,82,-4,4
57971,124,111,13,13
57972,58,64,-6,6
57973,110,107,3,3
57974,108,107,1,1
57975,95,106,-11,11
57976,139,123,16,16
57977,92,92,0,0
57978,63,73,-10,10
57979,81,85,-4,4
57980,103,92,11,11
57981,75,76,-1,1
57982,75,87,-12,12
57983,125,118,7,7
57984,98,103,-5,5
57985,101,98,3,3
57986,73,83,-10,10
57987,95,91,4,4
57988,120,113,7,7
57989,90,102,-12,12
57990,178,155,23,23
57991,111,111,0,0
57992,90,91,-1,1
57993,91,78,13,13
57994,92,80,12,12
57995,77,79,-2,2
57996,87,82,5,5
57997,121,115,6,6
57998,99,88,11,11
57999,119,121,-2,2
58000,85,95,-10,10
58001,102,100,2,2
58002,102,96,6,6
58003,68,67,1,1
58004,159,135,24,24
58005,91,77,14,14
58006,85,92,-7,7
58007,77,85,-8,8
58008,136,131,5,5
58009,182,157,25,25
58010,101,98,3,3
58011,63,62,1,1
58012,89,100,-11,11
58013,78,79,-1,1
58014,104,97,7,7
58015,113,106,7,7
58016,88,91,-3,3
58017,87,85,2,2
58018,182,159,23,23
58019,97,93,4,4
58020,123,117,6,6
58021,93,119,-26,26
58022,77,68,9,9
58023,87,85,2,2
58024,71,74,-3,3
58025,60,62,-2,2
58026,95,101,-6,6
58027,92,84,8,8
58028,78,76,2,2
58029,84,90,-6,6
58030,153,140,13,13
58031,140,143,-3,3
58032,99,86,13,13
58033,57,63,-6,6
58034,83,88,-5,5
58035,79,76,3,3
58036,87,89,-2,2
58037,85,105,-20,20
58038,80,82,-2,2
58039,69,75,-6,6
58040,68,73,-5,5
58041,94,98,-4,4
58042,79,86,-7,7
58043,115,109,6,6
58044,59,65,-6,6
58045,183,177,6,6
58046,64,68,-4,4
58047,109,98,11,11
58048,54,56,-2,2
58049,62,65,-3,3
58050,69,82,-13,13
58051,62,61,1,1
58052,71,72,-1,1
58053,140,130,10,10
58054,73,74,-1,1
58055,124,120,4,4
58056,86,91,-5,5
58057,142,148,-6,6
58058,170,162,8,8
58059,69,70,-1,1
58060,124,121,3,3
58061,123,123,0,0
58062,104,87,17,17
58063,65,75,-10,10
58064,110,106,4,4
58065,80,79,1,1
58066,66,70,-4,4
58067,96,91,5,5
58068,116,117,-1,1
58069,74,73,1,1
58070,59,63,-4,4
58071,64,61,3,3
58072,115,114,1,1
58073,89,84,5,5
58074,136,118,18,18
58075,51,56,-5,5
58076,73,73,0,0
58077,68,77,-9,9
58078,116,110,6,6
58079,135,138,-3,3
58080,29,35,-6,6
58081,96,86,10,10
58082,38,64,-26,26
58083,170,159,11,11
58084,125,118,7,7
58085,160,143,17,17
58086,108,113,-5,5
58087,144,138,6,6
58088,70,68,2,2
58089,100,97,3,3
58090,62,66,-4,4
58091,129,125,4,4
58092,99,91,8,8
58093,93,100,-7,7
58094,108,94,14,14
58095,59,61,-2,2
58096,43,55,-12,12
58097,119,103,16,16
58098,71,67,4,4
58099,147,155,-8,8
58100,60,64,-4,4
58101,79,89,-10,10
58102,64,71,-7,7
58103,73,75,-2,2
58104,105,105,0,0
58105,80,78,2,2
58106,79,83,-4,4
58107,90,87,3,3
58108,89,79,10,10
58109,73,71,2,2
58110,113,114,-1,1
58111,78,86,-8,8
58112,63,82,-19,19
58113,142,130,12,12
58114,145,153,-8,8
58115,95,95,0,0
58116,101,98,3,3
58117,126,110,16,16
58118,154,137,17,17
58119,184,152,32,32
58120,116,117,-1,1
58121,84,87,-3,3
58122,129,123,6,6
58123,74,78,-4,4
58124,97,92,5,5
58125,88,105,-17,17
58126,102,103,-1,1
58127,69,73,-4,4
58128,73,80,-7,7
58129,77,71,6,6
58130,98,98,0,0
58131,78,82,-4,4
58132,108,92,16,16
58133,78,79,-1,1
58134,86,93,-7,7
58135,70,68,2,2
58136,70,76,-6,6
58137,78,77,1,1
58138,81,77,4,4
58139,55,66,-11,11
58140,37,47,-10,10
58141,80,80,0,0
58142,68,70,-2,2
58143,130,130,0,0
58144,100,96,4,4
58145,71,78,-7,7
58146,97,93,4,4
58147,147,140,7,7
58148,93,94,-1,1
58149,165,157,8,8
58150,70,76,-6,6
58151,59,71,-12,12
58152,46,55,-9,9
58153,132,112,20,20
58154,90,78,12,12
58155,208,180,28,28
58156,124,123,1,1
58157,92,99,-7,7
58158,75,75,0,0
58159,103,100,3,3
58160,47,56,-9,9
58161,72,65,7,7
58162,65,69,-4,4
58163,107,109,-2,2
58164,131,126,5,5
58165,67,77,-10,10
58166,119,111,8,8
58167,63,68,-5,5
58168,153,135,18,18
58169,72,77,-5,5
58170,131,141,-10,10
58171,92,87,5,5
58172,70,71,-1,1
58173,93,98,-5,5
58174,48,66,-18,18
58175,75,73,2,2
58176,185,171,14,14
58177,90,80,10,10
58178,53,58,-5,5
58179,130,127,3,3
58180,139,135,4,4
58181,92,96,-4,4
58182,77,102,-25,25
58183,130,114,16,16
58184,88,80,8,8
58185,68,77,-9,9
58186,144,122,22,22
58187,73,77,-4,4
58188,136,133,3,3
58189,115,108,7,7
58190,79,85,-6,6
58191,97,93,4,4
58192,70,70,0,0
58193,76,83,-7,7
58194,110,104,6,6
58195,103,110,-7,7
58196,106,102,4,4
58197,82,83,-1,1
58198,82,87,-5,5
58199,64,68,-4,4
58200,108,107,1,1
58201,162,150,12,12
58202,64,71,-7,7
58203,42,53,-11,11
58204,128,125,3,3
58205,93,86,7,7
58206,83,80,3,3
58207,75,69,6,6
58208,113,105,8,8
58209,131,119,12,12
58210,70,66,4,4
58211,82,84,-2,2
58212,53,60,-7,7
58213,92,94,-2,2
58214,123,111,12,12
58215,132,120,12,12
58216,71,73,-2,2
58217,83,86,-3,3
58218,52,57,-5,5
58219,102,98,4,4
58220,51,61,-10,10
58221,90,83,7,7
58222,121,127,-6,6
58223,125,120,5,5
58224,66,69,-3,3
58225,99,104,-5,5
58226,71,83,-12,12
58227,103,99,4,4
58228,87,91,-4,4
58229,130,127,3,3
58230,74,75,-1,1
58231,171,154,17,17
58232,146,121,25,25
58233,81,79,2,2
58234,72,69,3,3
58235,81,96,-15,15
58236,58,57,1,1
58237,111,103,8,8
58238,148,142,6,6
58239,76,77,-1,1
58240,78,74,4,4
58241,91,93,-2,2
58242,91,93,-2,2
58243,70,74,-4,4
58244,155,132,23,23
58245,89,93,-4,4
58246,55,54,1,1
58247,97,86,11,11
58248,71,72,-1,1
58249,134,135,-1,1
58250,85,78,7,7
58251,76,75,1,1
58252,98,104,-6,6
58253,51,60,-9,9
58254,111,102,9,9
58255,59,66,-7,7
58256,112,104,8,8
58257,43,49,-6,6
58258,122,108,14,14
58259,62,78,-16,16
58260,57,61,-4,4
58261,94,98,-4,4
58262,92,88,4,4
58263,113,117,-4,4
58264,125,111,14,14
58265,98,100,-2,2
58266,58,61,-3,3
58267,110,101,9,9
58268,69,74,-5,5
58269,57,70,-13,13
58270,54,56,-2,2
58271,69,70,-1,1
58272,84,93,-9,9
58273,81,92,-11,11
58274,72,78,-6,6
58275,120,105,15,15
58276,59,67,-8,8
58277,121,108,13,13
58278,54,66,-12,12
58279,62,67,-5,5
58280,83,78,5,5
58281,85,79,6,6
58282,102,104,-2,2
58283,109,94,15,15
58284,128,135,-7,7
58285,128,111,17,17
58286,155,116,39,39
58287,75,79,-4,4
58288,44,44,0,0
58289,106,104,2,2
58290,122,107,15,15
58291,99,94,5,5
58292,76,77,-1,1
58293,93,89,4,4
58294,59,65,-6,6
58295,115,104,11,11
58296,147,137,10,10
58297,104,105,-1,1
58298,56,64,-8,8
58299,119,111,8,8
58300,92,91,1,1
58301,55,63,-8,8
58302,70,67,3,3
58303,79,83,-4,4
58304,106,101,5,5
58305,141,118,23,23
58306,142,141,1,1
58307,100,100,0,0
58308,71,71,0,0
58309,37,43,-6,6
58310,58,63,-5,5
58311,107,109,-2,2
58312,104,100,4,4
58313,125,118,7,7
58314,95,121,-26,26
58315,164,152,12,12
58316,45,60,-15,15
58317,86,81,5,5
58318,101,98,3,3
58319,117,105,12,12
58320,85,100,-15,15
58321,60,65,-5,5
58322,141,146,-5,5
58323,101,102,-1,1
58324,113,100,13,13
58325,108,107,1,1
58326,86,83,3,3
58327,121,111,10,10
58328,165,171,-6,6
58329,58,61,-3,3
58330,165,157,8,8
58331,99,99,0,0
58332,77,83,-6,6
58333,120,112,8,8
58334,132,118,14,14
58335,138,119,19,19
58336,104,122,-18,18
58337,59,62,-3,3
58338,68,68,0,0
58339,76,78,-2,2
58340,81,89,-8,8
58341,126,119,7,7
58342,125,95,30,30
58343,39,43,-4,4
58344,103,82,21,21
58345,64,73,-9,9
58346,120,109,11,11
58347,53,60,-7,7
58348,81,76,5,5
58349,128,118,10,10
58350,75,76,-1,1
58351,67,63,4,4
58352,158,137,21,21
58353,77,90,-13,13
58354,140,137,3,3
58355,75,83,-8,8
58356,114,112,2,2
58357,82,81,1,1
58358,96,98,-2,2
58359,142,124,18,18
58360,84,95,-11,11
58361,84,70,14,14
58362,69,70,-1,1
58363,63,67,-4,4
58364,83,89,-6,6
58365,136,132,4,4
58366,107,100,7,7
58367,95,97,-2,2
58368,157,140,17,17
58369,89,89,0,0
58370,85,83,2,2
58371,102,101,1,1
58372,103,105,-2,2
58373,88,85,3,3
58374,100,94,6,6
58375,69,68,1,1
58376,84,76,8,8
58377,32,42,-10,10
58378,52,59,-7,7
58379,156,144,12,12
58380,71,66,5,5
58381,114,106,8,8
58382,83,83,0,0
58383,81,81,0,0
58384,164,134,30,30
58385,109,102,7,7
58386,89,96,-7,7
58387,125,102,23,23
58388,82,76,6,6
58389,73,75,-2,2
58390,117,136,-19,19
58391,69,73,-4,4
58392,98,93,5,5
58393,114,100,14,14
58394,86,86,0,0
58395,112,99,13,13
58396,96,100,-4,4
58397,113,105,8,8
58398,86,95,-9,9
58399,130,120,10,10
58400,80,78,2,2
58401,134,129,5,5
58402,158,153,5,5
58403,59,61,-2,2
58404,55,62,-7,7
58405,87,89,-2,2
58406,42,52,-10,10
58407,76,77,-1,1
58408,62,63,-1,1
58409,119,114,5,5
58410,103,101,2,2
58411,172,165,7,7
58412,134,131,3,3
58413,68,69,-1,1
58414,62,62,0,0
58415,57,67,-10,10
58416,147,134,13,13
58417,93,91,2,2
58418,116,109,7,7
58419,161,155,6,6
58420,79,93,-14,14
58421,148,145,3,3
58422,118,112,6,6
58423,46,61,-15,15
58424,130,127,3,3
58425,163,148,15,15
58426,56,63,-7,7
58427,74,73,1,1
58428,66,76,-10,10
58429,84,75,9,9
58430,76,83,-7,7
58431,88,83,5,5
58432,69,72,-3,3
58433,60,67,-7,7
58434,75,76,-1,1
58435,164,149,15,15
58436,71,82,-11,11
58437,125,102,23,23
58438,86,90,-4,4
58439,62,62,0,0
58440,82,81,1,1
58441,55,61,-6,6
58442,58,76,-18,18
58443,52,65,-13,13
58444,107,100,7,7
58445,82,91,-9,9
58446,118,116,2,2
58447,104,98,6,6
58448,65,68,-3,3
58449,148,154,-6,6
58450,104,105,-1,1
58451,189,168,21,21
58452,126,126,0,0
58453,92,84,8,8
58454,122,115,7,7
58455,75,77,-2,2
58456,99,96,3,3
58457,99,97,2,2
58458,154,148,6,6
58459,89,96,-7,7
58460,145,142,3,3
58461,81,73,8,8
58462,146,151,-5,5
58463,171,165,6,6
58464,52,58,-6,6
58465,81,76,5,5
58466,102,97,5,5
58467,137,147,-10,10
58468,43,49,-6,6
58469,93,96,-3,3
58470,62,66,-4,4
58471,110,100,10,10
58472,78,75,3,3
58473,112,117,-5,5
58474,64,73,-9,9
58475,52,58,-6,6
58476,51,71,-20,20
58477,71,79,-8,8
58478,62,68,-6,6
58479,54,53,1,1
58480,81,70,11,11
58481,156,131,25,25
58482,76,79,-3,3
58483,74,70,4,4
58484,63,72,-9,9
58485,59,57,2,2
58486,45,49,-4,4
58487,127,106,21,21
58488,110,100,10,10
58489,68,71,-3,3
58490,89,88,1,1
58491,64,66,-2,2
58492,116,118,-2,2
58493,68,74,-6,6
58494,211,201,10,10
58495,93,89,4,4
58496,79,81,-2,2
58497,84,84,0,0
58498,73,72,1,1
58499,82,77,5,5
58500,80,93,-13,13
58501,75,78,-3,3
58502,83,85,-2,2
58503,123,119,4,4
58504,52,57,-5,5
58505,133,119,14,14
58506,90,87,3,3
58507,70,71,-1,1
58508,74,82,-8,8
58509,84,86,-2,2
58510,90,93,-3,3
58511,92,93,-1,1
58512,55,68,-13,13
58513,62,67,-5,5
58514,120,116,4,4
58515,84,84,0,0
58516,83,77,6,6
58517,95,109,-14,14
58518,79,75,4,4
58519,89,93,-4,4
58520,149,141,8,8
58521,81,109,-28,28
58522,91,96,-5,5
58523,87,77,10,10
58524,76,78,-2,2
58525,45,54,-9,9
58526,226,212,14,14
58527,125,116,9,9
58528,148,156,-8,8
58529,60,65,-5,5
58530,134,127,7,7
58531,165,154,11,11
58532,129,116,13,13
58533,65,66,-1,1
58534,89,86,3,3
58535,95,97,-2,2
58536,83,83,0,0
58537,79,76,3,3
58538,111,104,7,7
58539,83,80,3,3
58540,121,115,6,6
58541,97,96,1,1
58542,114,111,3,3
58543,55,57,-2,2
58544,118,109,9,9
58545,95,99,-4,4
58546,80,79,1,1
58547,112,110,2,2
58548,127,118,9,9
58549,140,128,12,12
58550,100,157,-57,57
58551,50,58,-8,8
58552,130,123,7,7
58553,77,80,-3,3
58554,86,95,-9,9
58555,117,99,18,18
58556,163,151,12,12
58557,78,80,-2,2
58558,118,112,6,6
58559,110,112,-2,2
58560,93,85,8,8
58561,76,90,-14,14
58562,71,67,4,4
58563,85,87,-2,2
58564,39,48,-9,9
58565,77,82,-5,5
58566,57,60,-3,3
58567,68,71,-3,3
58568,74,73,1,1
58569,80,77,3,3
58570,86,88,-2,2
58571,55,60,-5,5
58572,129,109,20,20
58573,181,176,5,5
58574,71,73,-2,2
58575,106,123,-17,17
58576,43,50,-7,7
58577,157,151,6,6
58578,68,72,-4,4
58579,134,120,14,14
58580,137,141,-4,4
58581,71,74,-3,3
58582,48,53,-5,5
58583,45,56,-11,11
58584,75,77,-2,2
58585,67,81,-14,14
58586,108,97,11,11
58587,81,80,1,1
58588,94,95,-1,1
58589,229,202,27,27
58590,58,64,-6,6
58591,75,80,-5,5
58592,97,111,-14,14
58593,142,139,3,3
58594,196,158,38,38
58595,78,80,-2,2
58596,101,109,-8,8
58597,100,94,6,6
58598,82,75,7,7
58599,100,98,2,2
58600,81,85,-4,4
58601,81,89,-8,8
58602,106,133,-27,27
58603,74,69,5,5
58604,77,88,-11,11
58605,124,114,10,10
58606,35,43,-8,8
58607,76,80,-4,4
58608,106,103,3,3
58609,83,88,-5,5
58610,82,84,-2,2
58611,77,79,-2,2
58612,113,109,4,4
58613,86,82,4,4
58614,115,106,9,9
58615,98,95,3,3
58616,69,80,-11,11
58617,90,96,-6,6
58618,99,92,7,7
58619,59,70,-11,11
58620,109,99,10,10
58621,72,77,-5,5
58622,130,119,11,11
58623,118,115,3,3
58624,113,107,6,6
58625,98,94,4,4
58626,102,94,8,8
58627,142,122,20,20
58628,95,104,-9,9
58629,89,91,-2,2
58630,45,63,-18,18
58631,35,42,-7,7
58632,54,61,-7,7
58633,102,87,15,15
58634,27,28,-1,1
58635,66,68,-2,2
58636,35,51,-16,16
58637,115,104,11,11
58638,148,141,7,7
58639,98,91,7,7
58640,115,110,5,5
58641,79,88,-9,9
58642,84,85,-1,1
58643,147,143,4,4
58644,79,75,4,4
58645,62,65,-3,3
58646,95,85,10,10
58647,71,74,-3,3
58648,66,71,-5,5
58649,84,84,0,0
58650,142,127,15,15
58651,142,121,21,21
58652,91,87,4,4
58653,102,98,4,4
58654,105,132,-27,27
58655,66,66,0,0
58656,83,88,-5,5
58657,63,67,-4,4
58658,66,72,-6,6
58659,109,120,-11,11
58660,71,71,0,0
58661,92,92,0,0
58662,139,145,-6,6
58663,117,116,1,1
58664,120,115,5,5
58665,94,108,-14,14
58666,99,97,2,2
58667,58,60,-2,2
58668,129,118,11,11
58669,66,77,-11,11
58670,126,106,20,20
58671,111,113,-2,2
58672,54,58,-4,4
58673,153,126,27,27
58674,82,82,0,0
58675,56,64,-8,8
58676,59,66,-7,7
58677,146,126,20,20
58678,64,69,-5,5
58679,56,61,-5,5
58680,60,63,-3,3
58681,21,54,-33,33
58682,132,131,1,1
58683,85,86,-1,1
58684,113,105,8,8
58685,81,80,1,1
58686,110,108,2,2
58687,98,94,4,4
58688,86,90,-4,4
58689,102,97,5,5
58690,129,141,-12,12
58691,89,85,4,4
58692,121,119,2,2
58693,104,98,6,6
58694,63,73,-10,10
58695,138,133,5,5
58696,119,131,-12,12
58697,92,89,3,3
58698,113,104,9,9
58699,97,97,0,0
58700,162,147,15,15
58701,41,52,-11,11
58702,112,111,1,1
58703,124,114,10,10
58704,76,75,1,1
58705,116,115,1,1
58706,86,83,3,3
58707,69,68,1,1
58708,99,105,-6,6
58709,65,70,-5,5
58710,70,81,-11,11
58711,111,97,14,14
58712,79,76,3,3
58713,92,95,-3,3
58714,92,83,9,9
58715,126,121,5,5
58716,109,101,8,8
58717,65,76,-11,11
58718,79,77,2,2
58719,160,152,8,8
58720,75,80,-5,5
58721,95,90,5,5
58722,97,93,4,4
58723,102,108,-6,6
58724,75,74,1,1
58725,119,121,-2,2
58726,31,37,-6,6
58727,137,122,15,15
58728,99,106,-7,7
58729,135,126,9,9
58730,143,142,1,1
58731,128,122,6,6
58732,135,134,1,1
58733,56,55,1,1
58734,79,75,4,4
58735,157,136,21,21
58736,103,112,-9,9
58737,147,140,7,7
58738,78,78,0,0
58739,124,120,4,4
58740,57,68,-11,11
58741,63,80,-17,17
58742,79,75,4,4
58743,87,92,-5,5
58744,105,95,10,10
58745,119,110,9,9
58746,41,49,-8,8
58747,62,70,-8,8
58748,148,149,-1,1
58749,113,106,7,7
58750,236,204,32,32
58751,49,57,-8,8
58752,78,83,-5,5
58753,105,104,1,1
58754,136,126,10,10
58755,93,94,-1,1
58756,55,63,-8,8
58757,87,91,-4,4
58758,67,76,-9,9
58759,113,102,11,11
58760,52,59,-7,7
58761,102,119,-17,17
58762,149,123,26,26
58763,65,76,-11,11
58764,106,95,11,11
58765,88,85,3,3
58766,175,154,21,21
58767,116,117,-1,1
58768,128,126,2,2
58769,86,88,-2,2
58770,154,132,22,22
58771,93,91,2,2
58772,65,93,-28,28
58773,119,116,3,3
58774,81,79,2,2
58775,93,117,-24,24
58776,77,84,-7,7
58777,144,117,27,27
58778,105,104,1,1
58779,111,91,20,20
58780,143,128,15,15
58781,96,91,5,5
58782,86,96,-10,10
58783,78,78,0,0
58784,136,127,9,9
58785,82,80,2,2
58786,91,89,2,2
58787,83,88,-5,5
58788,106,106,0,0
58789,94,97,-3,3
58790,99,102,-3,3
58791,78,73,5,5
58792,154,140,14,14
58793,77,68,9,9
58794,184,166,18,18
58795,192,172,20,20
58796,77,77,0,0
58797,105,106,-1,1
58798,62,71,-9,9
58799,103,98,5,5
58800,59,65,-6,6
58801,77,72,5,5
58802,155,150,5,5
58803,90,85,5,5
58804,98,116,-18,18
58805,93,93,0,0
58806,132,128,4,4
58807,115,110,5,5
58808,67,68,-1,1
58809,198,182,16,16
58810,90,87,3,3
58811,114,109,5,5
58812,108,106,2,2
58813,77,83,-6,6
58814,114,118,-4,4
58815,126,135,-9,9
58816,86,84,2,2
58817,67,71,-4,4
58818,108,103,5,5
58819,92,92,0,0
58820,123,119,4,4
58821,96,100,-4,4
58822,64,67,-3,3
58823,166,155,11,11
58824,218,207,11,11
58825,89,92,-3,3
58826,76,82,-6,6
58827,69,71,-2,2
58828,122,119,3,3
58829,115,111,4,4
58830,87,103,-16,16
58831,119,112,7,7
58832,95,90,5,5
58833,82,81,1,1
58834,57,65,-8,8
58835,100,104,-4,4
58836,86,83,3,3
58837,101,91,10,10
58838,65,61,4,4
58839,106,102,4,4
58840,75,74,1,1
58841,142,128,14,14
58842,81,77,4,4
58843,77,82,-5,5
58844,59,61,-2,2
58845,130,114,16,16
58846,100,92,8,8
58847,92,95,-3,3
58848,55,63,-8,8
58849,101,123,-22,22
58850,66,67,-1,1
58851,108,95,13,13
58852,83,84,-1,1
58853,69,70,-1,1
58854,140,125,15,15
58855,87,84,3,3
58856,96,97,-1,1
58857,167,142,25,25
58858,72,72,0,0
58859,88,91,-3,3
58860,124,115,9,9
58861,91,95,-4,4
58862,51,55,-4,4
58863,87,73,14,14
58864,92,95,-3,3
58865,58,63,-5,5
58866,45,52,-7,7
58867,95,87,8,8
58868,134,118,16,16
58869,91,91,0,0
58870,121,113,8,8
58871,51,53,-2,2
58872,58,59,-1,1
58873,48,57,-9,9
58874,75,79,-4,4
58875,46,59,-13,13
58876,56,64,-8,8
58877,87,83,4,4
58878,47,67,-20,20
58879,88,93,-5,5
58880,112,103,9,9
58881,56,65,-9,9
58882,104,101,3,3
58883,61,62,-1,1
58884,96,95,1,1
58885,113,102,11,11
58886,66,65,1,1
58887,153,152,1,1
58888,115,120,-5,5
58889,100,98,2,2
58890,73,71,2,2
58891,89,75,14,14
58892,101,107,-6,6
58893,82,91,-9,9
58894,89,97,-8,8
58895,94,99,-5,5
58896,93,87,6,6
58897,113,110,3,3
58898,129,120,9,9
58899,68,66,2,2
58900,68,64,4,4
58901,94,90,4,4
58902,157,145,12,12
58903,99,96,3,3
58904,54,65,-11,11
58905,123,111,12,12
58906,94,83,11,11
58907,183,171,12,12
58908,74,71,3,3
58909,59,63,-4,4
58910,173,154,19,19
58911,122,111,11,11
58912,75,74,1,1
58913,77,81,-4,4
58914,63,67,-4,4
58915,90,96,-6,6
58916,56,67,-11,11
58917,82,82,0,0
58918,86,102,-16,16
58919,149,143,6,6
58920,108,98,10,10
58921,73,73,0,0
58922,67,72,-5,5
58923,93,93,0,0
58924,55,59,-4,4
58925,108,112,-4,4
58926,118,110,8,8
58927,30,43,-13,13
58928,70,61,9,9
58929,94,94,0,0
58930,84,80,4,4
58931,77,73,4,4
58932,64,63,1,1
58933,103,101,2,2
58934,93,112,-19,19
58935,91,84,7,7
58936,65,70,-5,5
58937,108,101,7,7
58938,117,102,15,15
58939,45,51,-6,6
58940,113,115,-2,2
58941,70,68,2,2
58942,75,93,-18,18
58943,79,78,1,1
58944,59,61,-2,2
58945,59,62,-3,3
58946,42,55,-13,13
58947,96,84,12,12
58948,109,102,7,7
58949,95,103,-8,8
58950,126,118,8,8
58951,89,92,-3,3
58952,99,98,1,1
58953,145,143,2,2
58954,108,98,10,10
58955,84,83,1,1
58956,82,89,-7,7
58957,171,154,17,17
58958,103,91,12,12
58959,118,106,12,12
58960,180,154,26,26
58961,61,67,-6,6
58962,163,145,18,18
58963,135,147,-12,12
58964,152,135,17,17
58965,109,95,14,14
58966,61,69,-8,8
58967,108,106,2,2
58968,181,176,5,5
58969,104,109,-5,5
58970,105,99,6,6
58971,68,75,-7,7
58972,116,142,-26,26
58973,144,130,14,14
58974,85,79,6,6
58975,141,144,-3,3
58976,152,150,2,2
58977,114,115,-1,1
58978,143,134,9,9
58979,155,145,10,10
58980,191,168,23,23
58981,102,94,8,8
58982,77,75,2,2
58983,97,100,-3,3
58984,85,92,-7,7
58985,82,77,5,5
58986,83,79,4,4
58987,64,67,-3,3
58988,135,128,7,7
58989,86,80,6,6
58990,59,60,-1,1
58991,71,65,6,6
58992,65,59,6,6
58993,134,124,10,10
58994,85,88,-3,3
58995,159,148,11,11
58996,145,145,0,0
58997,66,70,-4,4
58998,71,76,-5,5
58999,154,130,24,24
59000,159,158,1,1
59001,50,58,-8,8
59002,95,102,-7,7
59003,81,77,4,4
59004,128,111,17,17
59005,79,79,0,0
59006,93,99,-6,6
59007,156,152,4,4
59008,107,109,-2,2
59009,48,55,-7,7
59010,49,57,-8,8
59011,52,107,-55,55
59012,43,54,-11,11
59013,166,151,15,15
59014,59,63,-4,4
59015,97,91,6,6
59016,143,149,-6,6
59017,107,113,-6,6
59018,122,115,7,7
59019,77,73,4,4
59020,77,79,-2,2
59021,52,57,-5,5
59022,70,71,-1,1
59023,93,92,1,1
59024,93,105,-12,12
59025,110,112,-2,2
59026,53,62,-9,9
59027,67,67,0,0
59028,185,171,14,14
59029,90,78,12,12
59030,107,102,5,5
59031,148,151,-3,3
59032,119,117,2,2
59033,95,104,-9,9
59034,112,96,16,16
59035,171,172,-1,1
59036,110,90,20,20
59037,76,83,-7,7
59038,99,93,6,6
59039,94,99,-5,5
59040,107,110,-3,3
59041,73,74,-1,1
59042,133,112,21,21
59043,70,79,-9,9
59044,80,70,10,10
59045,149,132,17,17
59046,78,61,17,17
59047,95,92,3,3
59048,79,85,-6,6
59049,42,58,-16,16
59050,73,71,2,2
59051,346,254,92,92
59052,70,63,7,7
59053,75,78,-3,3
59054,144,141,3,3
59055,63,66,-3,3
59056,80,81,-1,1
59057,124,107,17,17
59058,69,70,-1,1
59059,99,95,4,4
59060,140,112,28,28
59061,117,110,7,7
59062,58,65,-7,7
59063,84,84,0,0
59064,47,53,-6,6
59065,86,81,5,5
59066,52,60,-8,8
59067,77,82,-5,5
59068,69,71,-2,2
59069,107,99,8,8
59070,118,105,13,13
59071,81,93,-12,12
59072,109,100,9,9
59073,97,102,-5,5
59074,85,85,0,0
59075,81,74,7,7
59076,65,60,5,5
59077,101,111,-10,10
59078,90,97,-7,7
59079,68,77,-9,9
59080,59,58,1,1
59081,97,96,1,1
59082,104,100,4,4
59083,52,55,-3,3
59084,58,64,-6,6
59085,64,72,-8,8
59086,92,91,1,1
59087,179,158,21,21
59088,112,101,11,11
59089,100,108,-8,8
59090,60,62,-2,2
59091,102,100,2,2
59092,111,103,8,8
59093,100,91,9,9
59094,80,79,1,1
59095,89,85,4,4
59096,124,128,-4,4
59097,70,73,-3,3
59098,85,93,-8,8
59099,79,85,-6,6
59100,74,78,-4,4
59101,66,68,-2,2
59102,75,80,-5,5
59103,83,85,-2,2
59104,65,73,-8,8
59105,119,116,3,3
59106,102,98,4,4
59107,81,83,-2,2
59108,77,79,-2,2
59109,81,81,0,0
59110,94,95,-1,1
59111,103,103,0,0
59112,104,100,4,4
59113,118,100,18,18
59114,90,82,8,8
59115,71,75,-4,4
59116,114,103,11,11
59117,120,97,23,23
59118,85,80,5,5
59119,79,83,-4,4
59120,49,53,-4,4
59121,74,72,2,2
59122,99,98,1,1
59123,106,109,-3,3
59124,89,92,-3,3
59125,21,39,-18,18
59126,114,112,2,2
59127,90,96,-6,6
59128,129,124,5,5
59129,64,64,0,0
59130,44,52,-8,8
59131,150,132,18,18
59132,136,126,10,10
59133,119,120,-1,1
59134,68,77,-9,9
59135,87,94,-7,7
59136,66,74,-8,8
59137,103,100,3,3
59138,117,114,3,3
59139,111,94,17,17
59140,112,89,23,23
59141,101,94,7,7
59142,143,143,0,0
59143,81,82,-1,1
59144,180,154,26,26
59145,61,66,-5,5
59146,131,123,8,8
59147,70,73,-3,3
59148,107,104,3,3
59149,135,115,20,20
59150,92,85,7,7
59151,81,80,1,1
59152,108,103,5,5
59153,90,85,5,5
59154,86,78,8,8
59155,127,113,14,14
59156,47,57,-10,10
59157,130,125,5,5
59158,84,92,-8,8
59159,79,80,-1,1
59160,91,91,0,0
59161,120,104,16,16
59162,80,81,-1,1
59163,59,66,-7,7
59164,81,93,-12,12
59165,143,144,-1,1
59166,117,100,17,17
59167,143,135,8,8
59168,154,123,31,31
59169,57,65,-8,8
59170,69,71,-2,2
59171,44,53,-9,9
59172,84,91,-7,7
59173,96,92,4,4
59174,80,79,1,1
59175,61,79,-18,18
59176,64,76,-12,12
59177,67,72,-5,5
59178,108,101,7,7
59179,87,89,-2,2
59180,87,85,2,2
59181,112,96,16,16
59182,147,139,8,8
59183,143,135,8,8
59184,124,121,3,3
59185,160,142,18,18
59186,109,107,2,2
59187,71,69,2,2
59188,138,130,8,8
59189,76,76,0,0
59190,96,89,7,7
59191,94,89,5,5
59192,44,49,-5,5
59193,83,88,-5,5
59194,49,57,-8,8
59195,75,85,-10,10
59196,104,107,-3,3
59197,75,76,-1,1
59198,93,91,2,2
59199,96,99,-3,3
59200,81,89,-8,8
59201,80,78,2,2
59202,97,83,14,14
59203,65,72,-7,7
59204,46,56,-10,10
59205,79,82,-3,3
59206,88,87,1,1
59207,62,75,-13,13
59208,84,77,7,7
59209,70,73,-3,3
59210,129,130,-1,1
59211,104,80,24,24
59212,116,117,-1,1
59213,126,117,9,9
59214,95,98,-3,3
59215,66,68,-2,2
59216,81,79,2,2
59217,133,110,23,23
59218,95,98,-3,3
59219,151,132,19,19
59220,88,90,-2,2
59221,110,107,3,3
59222,69,65,4,4
59223,106,95,11,11
59224,64,72,-8,8
59225,126,109,17,17
59226,41,54,-13,13
59227,97,95,2,2
59228,46,79,-33,33
59229,52,69,-17,17
59230,66,61,5,5
59231,81,78,3,3
59232,81,83,-2,2
59233,85,82,3,3
59234,35,42,-7,7
59235,118,108,10,10
59236,94,92,2,2
59237,92,84,8,8
59238,55,62,-7,7
59239,99,93,6,6
59240,68,71,-3,3
59241,56,61,-5,5
59242,97,101,-4,4
59243,110,111,-1,1
59244,152,141,11,11
59245,40,53,-13,13
59246,52,65,-13,13
59247,169,165,4,4
59248,160,143,17,17
59249,78,75,3,3
59250,77,89,-12,12
59251,40,51,-11,11
59252,93,111,-18,18
59253,115,104,11,11
59254,108,108,0,0
59255,69,74,-5,5
59256,126,147,-21,21
59257,133,143,-10,10
59258,116,111,5,5
59259,76,88,-12,12
59260,42,52,-10,10
59261,74,81,-7,7
59262,145,135,10,10
59263,72,69,3,3
59264,103,108,-5,5
59265,67,71,-4,4
59266,139,116,23,23
59267,93,88,5,5
59268,112,105,7,7
59269,176,159,17,17
59270,70,71,-1,1
59271,158,124,34,34
59272,71,72,-1,1
59273,47,50,-3,3
59274,93,85,8,8
59275,57,68,-11,11
59276,75,71,4,4
59277,62,75,-13,13
59278,104,117,-13,13
59279,143,138,5,5
59280,83,81,2,2
59281,75,72,3,3
59282,92,91,1,1
59283,60,80,-20,20
59284,117,110,7,7
59285,64,70,-6,6
59286,61,65,-4,4
59287,87,78,9,9
59288,175,172,3,3
59289,58,61,-3,3
59290,77,69,8,8
59291,96,79,17,17
59292,120,117,3,3
59293,176,159,17,17
59294,132,125,7,7
59295,67,72,-5,5
59296,73,76,-3,3
59297,120,141,-21,21
59298,71,76,-5,5
59299,63,64,-1,1
59300,74,69,5,5
59301,35,57,-22,22
59302,129,113,16,16
59303,132,132,0,0
59304,75,81,-6,6
59305,122,112,10,10
59306,89,87,2,2
59307,90,82,8,8
59308,71,75,-4,4
59309,92,84,8,8
59310,184,158,26,26
59311,59,89,-30,30
59312,90,93,-3,3
59313,100,103,-3,3
59314,83,81,2,2
59315,83,86,-3,3
59316,78,80,-2,2
59317,106,101,5,5
59318,107,106,1,1
59319,45,55,-10,10
59320,82,86,-4,4
59321,85,94,-9,9
59322,109,88,21,21
59323,70,76,-6,6
59324,70,76,-6,6
59325,109,108,1,1
59326,62,64,-2,2
59327,63,74,-11,11
59328,67,74,-7,7
59329,38,45,-7,7
59330,45,49,-4,4
59331,111,99,12,12
59332,99,107,-8,8
59333,52,62,-10,10
59334,93,93,0,0
59335,103,113,-10,10
59336,86,84,2,2
59337,69,69,0,0
59338,52,79,-27,27
59339,215,167,48,48
59340,90,86,4,4
59341,54,60,-6,6
59342,110,104,6,6
59343,97,89,8,8
59344,150,109,41,41
59345,142,126,16,16
59346,57,74,-17,17
59347,116,107,9,9
59348,177,157,20,20
59349,109,106,3,3
59350,78,79,-1,1
59351,79,81,-2,2
59352,51,58,-7,7
59353,80,83,-3,3
59354,99,105,-6,6
59355,49,54,-5,5
59356,153,150,3,3
59357,174,162,12,12
59358,100,99,1,1
59359,147,128,19,19
59360,75,91,-16,16
59361,138,121,17,17
59362,78,76,2,2
59363,77,82,-5,5
59364,93,84,9,9
59365,148,134,14,14
59366,176,155,21,21
59367,74,75,-1,1
59368,178,177,1,1
59369,107,111,-4,4
59370,103,96,7,7
59371,125,115,10,10
59372,119,108,11,11
59373,98,98,0,0
59374,69,67,2,2
59375,72,71,1,1
59376,81,93,-12,12
59377,54,63,-9,9
59378,110,109,1,1
59379,84,85,-1,1
59380,148,141,7,7
59381,61,60,1,1
59382,94,100,-6,6
59383,79,93,-14,14
59384,77,76,1,1
59385,83,82,1,1
59386,102,91,11,11
59387,99,96,3,3
59388,104,97,7,7
59389,128,136,-8,8
59390,73,79,-6,6
59391,85,84,1,1
59392,123,132,-9,9
59393,87,92,-5,5
59394,135,117,18,18
59395,71,70,1,1
59396,81,94,-13,13
59397,64,63,1,1
59398,71,70,1,1
59399,105,102,3,3
59400,59,59,0,0
59401,140,126,14,14
59402,161,148,13,13
59403,100,89,11,11
59404,89,88,1,1
59405,64,70,-6,6
59406,154,148,6,6
59407,167,128,39,39
59408,178,159,19,19
59409,88,79,9,9
59410,79,98,-19,19
59411,72,80,-8,8
59412,85,82,3,3
59413,92,91,1,1
59414,71,83,-12,12
59415,60,68,-8,8
59416,66,64,2,2
59417,95,86,9,9
59418,82,80,2,2
59419,82,87,-5,5
59420,91,81,10,10
59421,121,110,11,11
59422,78,78,0,0
59423,148,140,8,8
59424,95,94,1,1
59425,138,140,-2,2
59426,61,69,-8,8
59427,66,70,-4,4
59428,83,81,2,2
59429,61,70,-9,9
59430,60,62,-2,2
59431,56,60,-4,4
59432,127,122,5,5
59433,62,63,-1,1
59434,133,130,3,3
59435,79,74,5,5
59436,123,102,21,21
59437,53,59,-6,6
59438,79,77,2,2
59439,126,107,19,19
59440,117,127,-10,10
59441,136,127,9,9
59442,81,103,-22,22
59443,105,122,-17,17
59444,118,120,-2,2
59445,66,69,-3,3
59446,59,61,-2,2
59447,129,127,2,2
59448,93,100,-7,7
59449,87,90,-3,3
59450,45,53,-8,8
59451,64,64,0,0
59452,121,120,1,1
59453,168,145,23,23
59454,81,75,6,6
59455,99,92,7,7
59456,117,102,15,15
59457,95,85,10,10
59458,66,72,-6,6
59459,122,110,12,12
59460,112,117,-5,5
59461,71,81,-10,10
59462,172,167,5,5
59463,108,99,9,9
59464,85,82,3,3
59465,130,117,13,13
59466,64,66,-2,2
59467,74,83,-9,9
59468,63,67,-4,4
59469,145,139,6,6
59470,95,97,-2,2
59471,138,141,-3,3
59472,105,100,5,5
59473,51,59,-8,8
59474,109,112,-3,3
59475,91,104,-13,13
59476,70,68,2,2
59477,129,120,9,9
59478,106,90,16,16
59479,82,77,5,5
59480,54,58,-4,4
59481,151,156,-5,5
59482,120,110,10,10
59483,151,146,5,5
59484,96,101,-5,5
59485,62,69,-7,7
59486,165,151,14,14
59487,138,123,15,15
59488,128,124,4,4
59489,80,71,9,9
59490,94,96,-2,2
59491,86,91,-5,5
59492,130,123,7,7
59493,154,138,16,16
59494,81,81,0,0
59495,152,135,17,17
59496,52,70,-18,18
59497,65,68,-3,3
59498,109,91,18,18
59499,72,72,0,0
59500,103,97,6,6
59501,112,96,16,16
59502,65,75,-10,10
59503,77,85,-8,8
59504,189,180,9,9
59505,178,164,14,14
59506,48,51,-3,3
59507,145,136,9,9
59508,47,65,-18,18
59509,146,136,10,10
59510,118,114,4,4
59511,78,81,-3,3
59512,93,96,-3,3
59513,72,72,0,0
59514,86,89,-3,3
59515,118,107,11,11
59516,87,89,-2,2
59517,42,53,-11,11
59518,87,95,-8,8
59519,87,92,-5,5
59520,159,149,10,10
59521,96,96,0,0
59522,50,59,-9,9
59523,76,92,-16,16
59524,111,113,-2,2
59525,140,128,12,12
59526,133,118,15,15
59527,89,99,-10,10
59528,94,101,-7,7
59529,60,60,0,0
59530,67,73,-6,6
59531,166,144,22,22
59532,74,80,-6,6
59533,88,90,-2,2
59534,113,108,5,5
59535,114,108,6,6
59536,98,90,8,8
59537,52,64,-12,12
59538,109,103,6,6
59539,51,58,-7,7
59540,92,89,3,3
59541,79,82,-3,3
59542,65,71,-6,6
59543,80,83,-3,3
59544,130,117,13,13
59545,90,93,-3,3
59546,108,95,13,13
59547,84,90,-6,6
59548,160,150,10,10
59549,53,59,-6,6
59550,62,72,-10,10
59551,65,77,-12,12
59552,65,70,-5,5
59553,61,63,-2,2
59554,35,45,-10,10
59555,113,106,7,7
59556,69,75,-6,6
59557,56,61,-5,5
59558,103,113,-10,10
59559,76,74,2,2
59560,106,110,-4,4
59561,157,150,7,7
59562,150,141,9,9
59563,79,79,0,0
59564,94,94,0,0
59565,59,66,-7,7
59566,135,153,-18,18
59567,91,93,-2,2
59568,129,119,10,10
59569,80,83,-3,3
59570,58,59,-1,1
59571,96,84,12,12
59572,160,156,4,4
59573,80,76,4,4
59574,55,63,-8,8
59575,101,96,5,5
59576,85,80,5,5
59577,68,72,-4,4
59578,95,108,-13,13
59579,110,103,7,7
59580,75,78,-3,3
59581,73,80,-7,7
59582,90,91,-1,1
59583,78,82,-4,4
59584,148,136,12,12
59585,94,94,0,0
59586,64,68,-4,4
59587,186,164,22,22
59588,40,51,-11,11
59589,74,77,-3,3
59590,140,126,14,14
59591,103,96,7,7
59592,179,146,33,33
59593,209,165,44,44
59594,114,111,3,3
59595,44,60,-16,16
59596,84,79,5,5
59597,55,61,-6,6
59598,150,139,11,11
59599,64,63,1,1
59600,61,70,-9,9
59601,89,91,-2,2
59602,129,113,16,16
59603,61,65,-4,4
59604,125,105,20,20
59605,129,121,8,8
59606,94,94,0,0
59607,86,80,6,6
59608,124,121,3,3
59609,45,57,-12,12
59610,131,116,15,15
59611,89,85,4,4
59612,140,141,-1,1
59613,85,92,-7,7
59614,178,157,21,21
59615,120,109,11,11
59616,135,120,15,15
59617,72,70,2,2
59618,45,51,-6,6
59619,63,65,-2,2
59620,62,74,-12,12
59621,87,88,-1,1
59622,165,164,1,1
59623,107,125,-18,18
59624,69,81,-12,12
59625,94,91,3,3
59626,58,65,-7,7
59627,105,99,6,6
59628,115,112,3,3
59629,92,86,6,6
59630,80,78,2,2
59631,154,149,5,5
59632,61,57,4,4
59633,115,109,6,6
59634,52,54,-2,2
59635,69,72,-3,3
59636,58,67,-9,9
59637,92,97,-5,5
59638,56,64,-8,8
59639,94,103,-9,9
59640,70,75,-5,5
59641,126,99,27,27
59642,77,80,-3,3
59643,77,74,3,3
59644,160,154,6,6
59645,69,74,-5,5
59646,73,76,-3,3
59647,72,77,-5,5
59648,72,71,1,1
59649,124,120,4,4
59650,78,76,2,2
59651,81,80,1,1
59652,156,144,12,12
59653,67,65,2,2
59654,118,112,6,6
59655,79,73,6,6
59656,81,78,3,3
59657,87,80,7,7
59658,57,73,-16,16
59659,70,168,-98,98
59660,147,103,44,44
59661,141,126,15,15
59662,42,62,-20,20
59663,89,94,-5,5
59664,94,93,1,1
59665,103,101,2,2
59666,100,101,-1,1
59667,56,61,-5,5
59668,85,81,4,4
59669,77,75,2,2
59670,89,90,-1,1
59671,125,134,-9,9
59672,41,48,-7,7
59673,135,118,17,17
59674,70,82,-12,12
59675,51,54,-3,3
59676,86,93,-7,7
59677,100,97,3,3
59678,103,107,-4,4
59679,62,66,-4,4
59680,153,131,22,22
59681,173,159,14,14
59682,137,144,-7,7
59683,107,92,15,15
59684,161,141,20,20
59685,139,138,1,1
59686,62,59,3,3
59687,71,66,5,5
59688,104,121,-17,17
59689,115,109,6,6
59690,144,137,7,7
59691,76,78,-2,2
59692,168,155,13,13
59693,76,74,2,2
59694,78,84,-6,6
59695,94,115,-21,21
59696,92,84,8,8
59697,96,88,8,8
59698,131,116,15,15
59699,93,96,-3,3
59700,93,85,8,8
59701,60,70,-10,10
59702,78,69,9,9
59703,72,81,-9,9
59704,141,103,38,38
59705,116,106,10,10
59706,83,89,-6,6
59707,78,85,-7,7
59708,79,79,0,0
59709,113,111,2,2
59710,46,58,-12,12
59711,93,97,-4,4
59712,99,91,8,8
59713,103,109,-6,6
59714,98,90,8,8
59715,113,104,9,9
59716,121,133,-12,12
59717,58,64,-6,6
59718,92,92,0,0
59719,89,95,-6,6
59720,99,99,0,0
59721,89,91,-2,2
59722,79,83,-4,4
59723,138,126,12,12
59724,79,80,-1,1
59725,73,80,-7,7
59726,88,84,4,4
59727,73,85,-12,12
59728,95,99,-4,4
59729,104,104,0,0
59730,77,73,4,4
59731,54,63,-9,9
59732,128,123,5,5
59733,88,93,-5,5
59734,89,85,4,4
59735,100,103,-3,3
59736,132,127,5,5
59737,73,80,-7,7
59738,69,74,-5,5
59739,88,79,9,9
59740,127,121,6,6
59741,135,130,5,5
59742,71,73,-2,2
59743,133,125,8,8
59744,98,98,0,0
59745,96,83,13,13
59746,121,112,9,9
59747,110,99,11,11
59748,63,70,-7,7
59749,149,141,8,8
59750,75,89,-14,14
59751,61,73,-12,12
59752,203,172,31,31
59753,106,105,1,1
59754,90,87,3,3
59755,111,95,16,16
59756,98,91,7,7
59757,70,86,-16,16
59758,77,75,2,2
59759,65,72,-7,7
59760,110,103,7,7
59761,82,92,-10,10
59762,135,127,8,8
59763,133,127,6,6
59764,93,90,3,3
59765,96,101,-5,5
59766,83,83,0,0
59767,83,84,-1,1
59768,114,104,10,10
59769,169,169,0,0
59770,83,78,5,5
59771,87,86,1,1
59772,80,92,-12,12
59773,64,72,-8,8
59774,185,164,21,21
59775,110,99,11,11
59776,109,98,11,11
59777,52,57,-5,5
59778,103,100,3,3
59779,34,48,-14,14
59780,69,112,-43,43
59781,154,138,16,16
59782,149,142,7,7
59783,81,78,3,3
59784,81,83,-2,2
59785,68,72,-4,4
59786,93,83,10,10
59787,57,61,-4,4
59788,129,123,6,6
59789,98,96,2,2
59790,117,124,-7,7
59791,76,83,-7,7
59792,36,36,0,0
59793,130,124,6,6
59794,81,81,0,0
59795,72,82,-10,10
59796,76,82,-6,6
59797,63,69,-6,6
59798,97,95,2,2
59799,61,67,-6,6
59800,85,87,-2,2
59801,110,131,-21,21
59802,85,81,4,4
59803,77,89,-12,12
59804,127,116,11,11
59805,49,56,-7,7
59806,85,83,2,2
59807,83,92,-9,9
59808,132,137,-5,5
59809,136,132,4,4
59810,73,72,1,1
59811,71,76,-5,5
59812,79,77,2,2
59813,88,95,-7,7
59814,70,124,-54,54
59815,75,71,4,4
59816,46,45,1,1
59817,101,95,6,6
59818,128,139,-11,11
59819,92,86,6,6
59820,149,118,31,31
59821,122,91,31,31
59822,79,97,-18,18
59823,48,75,-27,27
59824,101,99,2,2
59825,94,92,2,2
59826,125,118,7,7
59827,91,99,-8,8
59828,78,82,-4,4
59829,121,113,8,8
59830,166,142,24,24
59831,96,94,2,2
59832,124,136,-12,12
59833,159,144,15,15
59834,66,71,-5,5
59835,82,80,2,2
59836,75,79,-4,4
59837,59,57,2,2
59838,85,87,-2,2
59839,99,88,11,11
59840,148,135,13,13
59841,109,99,10,10
59842,81,81,0,0
59843,99,92,7,7
59844,47,44,3,3
59845,78,79,-1,1
59846,85,86,-1,1
59847,76,85,-9,9
59848,54,52,2,2
59849,106,105,1,1
59850,83,79,4,4
59851,66,69,-3,3
59852,47,63,-16,16
59853,60,70,-10,10
59854,109,110,-1,1
59855,122,118,4,4
59856,92,88,4,4
59857,102,91,11,11
59858,130,136,-6,6
59859,104,98,6,6
59860,106,91,15,15
59861,74,77,-3,3
59862,149,146,3,3
59863,46,63,-17,17
59864,55,57,-2,2
59865,81,82,-1,1
59866,86,88,-2,2
59867,159,144,15,15
59868,49,58,-9,9
59869,76,82,-6,6
59870,109,106,3,3
59871,88,77,11,11
59872,66,75,-9,9
59873,95,96,-1,1
59874,123,112,11,11
59875,49,60,-11,11
59876,60,60,0,0
59877,140,133,7,7
59878,72,70,2,2
59879,103,105,-2,2
59880,88,95,-7,7
59881,94,91,3,3
59882,97,91,6,6
59883,112,105,7,7
59884,37,55,-18,18
59885,70,76,-6,6
59886,217,193,24,24
59887,159,133,26,26
59888,86,85,1,1
59889,116,111,5,5
59890,76,73,3,3
59891,159,142,17,17
59892,102,96,6,6
59893,72,75,-3,3
59894,102,103,-1,1
59895,94,85,9,9
59896,56,56,0,0
59897,136,141,-5,5
59898,78,79,-1,1
59899,75,81,-6,6
59900,138,133,5,5
59901,79,76,3,3
59902,89,92,-3,3
59903,63,73,-10,10
59904,59,60,-1,1
59905,127,119,8,8
59906,100,89,11,11
59907,60,67,-7,7
59908,100,97,3,3
59909,108,97,11,11
59910,152,142,10,10
59911,118,114,4,4
59912,81,85,-4,4
59913,49,55,-6,6
59914,90,87,3,3
59915,97,94,3,3
59916,90,87,3,3
59917,138,131,7,7
59918,116,125,-9,9
59919,86,88,-2,2
59920,106,94,12,12
59921,155,139,16,16
59922,100,95,5,5
59923,66,71,-5,5
59924,84,83,1,1
59925,103,102,1,1
59926,56,66,-10,10
59927,100,94,6,6
59928,93,89,4,4
59929,135,136,-1,1
59930,32,43,-11,11
59931,93,102,-9,9
59932,107,122,-15,15
59933,62,69,-7,7
59934,59,65,-6,6
59935,91,91,0,0
59936,75,81,-6,6
59937,73,76,-3,3
59938,96,98,-2,2
59939,115,112,3,3
59940,63,71,-8,8
59941,85,92,-7,7
59942,72,83,-11,11
59943,158,159,-1,1
59944,91,86,5,5
59945,69,78,-9,9
59946,89,110,-21,21
59947,74,77,-3,3
59948,104,241,-137,137
59949,49,61,-12,12
59950,99,94,5,5
59951,127,118,9,9
59952,73,79,-6,6
59953,49,59,-10,10
59954,87,86,1,1
59955,157,143,14,14
59956,80,88,-8,8
59957,144,117,27,27
59958,83,92,-9,9
59959,131,133,-2,2
59960,95,99,-4,4
59961,141,135,6,6
59962,89,99,-10,10
59963,59,58,1,1
59964,86,83,3,3
59965,118,116,2,2
59966,78,85,-7,7
59967,148,137,11,11
59968,59,59,0,0
59969,104,106,-2,2
59970,85,82,3,3
59971,103,105,-2,2
59972,236,190,46,46
59973,66,80,-14,14
59974,50,70,-20,20
59975,77,73,4,4
59976,114,97,17,17
59977,85,83,2,2
59978,88,87,1,1
59979,74,72,2,2
59980,71,76,-5,5
59981,155,143,12,12
59982,62,72,-10,10
59983,100,91,9,9
59984,82,90,-8,8
59985,113,107,6,6
59986,104,107,-3,3
59987,104,97,7,7
59988,105,123,-18,18
59989,153,142,11,11
59990,76,74,2,2
59991,85,75,10,10
59992,119,125,-6,6
59993,106,94,12,12
59994,73,81,-8,8
59995,137,115,22,22
59996,79,75,4,4
59997,186,170,16,16
59998,63,69,-6,6
59999,93,90,3,3
60000,126,138,-12,12
60001,70,69,1,1
60002,128,113,15,15
60003,61,66,-5,5
60004,83,76,7,7
60005,108,98,10,10
60006,87,96,-9,9
60007,97,98,-1,1
60008,62,68,-6,6
60009,129,124,5,5
60010,124,113,11,11
60011,63,69,-6,6
60012,138,128,10,10
60013,53,57,-4,4
60014,76,73,3,3
60015,138,143,-5,5
60016,123,124,-1,1
60017,57,58,-1,1
60018,83,80,3,3
60019,96,101,-5,5
60020,119,123,-4,4
60021,72,72,0,0
60022,78,73,5,5
60023,106,93,13,13
60024,83,76,7,7
60025,71,68,3,3
60026,205,170,35,35
60027,59,68,-9,9
60028,57,59,-2,2
60029,90,87,3,3
60030,34,68,-34,34
60031,215,171,44,44
60032,85,88,-3,3
60033,158,146,12,12
60034,136,125,11,11
60035,55,53,2,2
60036,119,111,8,8
60037,109,142,-33,33
60038,57,63,-6,6
60039,92,87,5,5
60040,99,91,8,8
60041,95,92,3,3
60042,74,70,4,4
60043,84,83,1,1
60044,107,99,8,8
60045,78,76,2,2
60046,64,71,-7,7
60047,66,76,-10,10
60048,88,84,4,4
60049,135,113,22,22
60050,139,126,13,13
60051,126,143,-17,17
60052,82,81,1,1
60053,70,67,3,3
60054,81,88,-7,7
60055,60,64,-4,4
60056,56,59,-3,3
60057,131,121,10,10
60058,59,66,-7,7
60059,83,76,7,7
60060,145,140,5,5
60061,86,85,1,1
60062,102,101,1,1
60063,77,79,-2,2
60064,136,118,18,18
60065,68,71,-3,3
60066,81,77,4,4
60067,82,77,5,5
60068,85,84,1,1
60069,121,116,5,5
60070,69,72,-3,3
60071,56,64,-8,8
60072,170,152,18,18
60073,123,122,1,1
60074,71,71,0,0
60075,77,81,-4,4
60076,140,128,12,12
60077,141,132,9,9
60078,98,95,3,3
60079,93,83,10,10
60080,69,82,-13,13
60081,104,103,1,1
60082,53,66,-13,13
60083,75,80,-5,5
60084,120,114,6,6
60085,86,96,-10,10
60086,98,93,5,5
60087,84,84,0,0
60088,88,82,6,6
60089,113,109,4,4
60090,74,76,-2,2
60091,91,86,5,5
60092,149,134,15,15
60093,82,82,0,0
60094,84,78,6,6
60095,195,181,14,14
60096,117,121,-4,4
60097,120,122,-2,2
60098,180,162,18,18
60099,80,89,-9,9
60100,122,117,5,5
60101,135,125,10,10
60102,159,155,4,4
60103,107,105,2,2
60104,76,82,-6,6
60105,85,87,-2,2
60106,87,82,5,5
60107,88,82,6,6
60108,41,51,-10,10
60109,78,76,2,2
60110,61,65,-4,4
60111,87,85,2,2
60112,129,115,14,14
60113,84,83,1,1
60114,142,121,21,21
60115,126,126,0,0
60116,89,88,1,1
60117,74,69,5,5
60118,51,59,-8,8
60119,141,124,17,17
60120,83,78,5,5
60121,120,150,-30,30
60122,144,135,9,9
60123,67,76,-9,9
60124,82,85,-3,3
60125,67,75,-8,8
60126,85,84,1,1
60127,62,56,6,6
60128,106,102,4,4
60129,59,63,-4,4
60130,73,71,2,2
60131,145,136,9,9
60132,65,66,-1,1
60133,72,73,-1,1
60134,118,106,12,12
60135,105,113,-8,8
60136,71,72,-1,1
60137,96,96,0,0
60138,111,103,8,8
60139,73,90,-17,17
60140,88,82,6,6
60141,210,189,21,21
60142,104,97,7,7
60143,76,74,2,2
60144,43,55,-12,12
60145,110,98,12,12
60146,93,86,7,7
60147,114,107,7,7
60148,190,178,12,12
60149,87,86,1,1
60150,85,74,11,11
60151,95,96,-1,1
60152,97,112,-15,15
60153,58,61,-3,3
60154,126,129,-3,3
60155,145,125,20,20
60156,61,69,-8,8
60157,113,97,16,16
60158,42,49,-7,7
60159,108,98,10,10
60160,93,85,8,8
60161,157,150,7,7
60162,75,77,-2,2
60163,59,67,-8,8
60164,101,91,10,10
60165,83,79,4,4
60166,95,90,5,5
60167,100,95,5,5
60168,69,71,-2,2
60169,108,110,-2,2
60170,79,75,4,4
60171,105,99,6,6
60172,98,109,-11,11
60173,123,128,-5,5
60174,103,101,2,2
60175,158,147,11,11
60176,98,95,3,3
60177,128,123,5,5
60178,54,54,0,0
60179,54,69,-15,15
60180,86,87,-1,1
60181,119,118,1,1
60182,67,69,-2,2
60183,114,110,4,4
60184,104,98,6,6
60185,81,85,-4,4
60186,84,80,4,4
60187,86,84,2,2
60188,93,93,0,0
60189,75,72,3,3
60190,69,74,-5,5
60191,96,87,9,9
60192,117,117,0,0
60193,164,147,17,17
60194,121,116,5,5
60195,93,88,5,5
60196,91,87,4,4
60197,144,140,4,4
60198,101,100,1,1
60199,135,111,24,24
60200,102,99,3,3
60201,83,84,-1,1
60202,88,81,7,7
60203,101,105,-4,4
60204,102,102,0,0
60205,102,107,-5,5
60206,105,98,7,7
60207,99,104,-5,5
60208,151,140,11,11
60209,67,75,-8,8
60210,164,137,27,27
60211,85,88,-3,3
60212,89,94,-5,5
60213,59,63,-4,4
60214,94,84,10,10
60215,123,114,9,9
60216,79,97,-18,18
60217,74,75,-1,1
60218,176,160,16,16
60219,59,71,-12,12
60220,100,100,0,0
60221,123,121,2,2
60222,104,103,1,1
60223,145,147,-2,2
60224,97,97,0,0
60225,175,160,15,15
60226,63,65,-2,2
60227,124,127,-3,3
60228,68,67,1,1
60229,139,126,13,13
60230,78,74,4,4
60231,79,75,4,4
60232,48,59,-11,11
60233,141,138,3,3
60234,136,119,17,17
60235,123,129,-6,6
60236,85,86,-1,1
60237,128,115,13,13
60238,97,88,9,9
60239,63,67,-4,4
60240,141,144,-3,3
60241,87,85,2,2
60242,93,101,-8,8
60243,54,57,-3,3
60244,133,114,19,19
60245,50,60,-10,10
60246,71,72,-1,1
60247,75,75,0,0
60248,165,155,10,10
60249,64,67,-3,3
60250,95,85,10,10
60251,65,63,2,2
60252,106,100,6,6
60253,91,80,11,11
60254,70,79,-9,9
60255,124,117,7,7
60256,48,58,-10,10
60257,74,73,1,1
60258,64,63,1,1
60259,104,101,3,3
60260,82,83,-1,1
60261,82,85,-3,3
60262,147,147,0,0
60263,123,101,22,22
60264,81,88,-7,7
60265,146,146,0,0
60266,88,87,1,1
60267,78,79,-1,1
60268,118,119,-1,1
60269,160,152,8,8
60270,176,157,19,19
60271,133,120,13,13
60272,122,115,7,7
60273,74,79,-5,5
60274,75,79,-4,4
60275,116,114,2,2
60276,116,110,6,6
60277,126,122,4,4
60278,53,58,-5,5
60279,58,82,-24,24
60280,169,160,9,9
60281,100,108,-8,8
60282,56,64,-8,8
60283,63,73,-10,10
60284,58,63,-5,5
60285,56,70,-14,14
60286,131,130,1,1
60287,74,70,4,4
60288,143,128,15,15
60289,127,127,0,0
60290,98,96,2,2
60291,60,60,0,0
60292,65,85,-20,20
60293,76,70,6,6
60294,72,75,-3,3
60295,83,83,0,0
60296,41,52,-11,11
60297,91,87,4,4
60298,125,124,1,1
60299,119,122,-3,3
60300,92,84,8,8
60301,100,110,-10,10
60302,125,115,10,10
60303,95,95,0,0
60304,108,100,8,8
60305,118,113,5,5
60306,124,130,-6,6
60307,31,41,-10,10
60308,175,166,9,9
60309,122,118,4,4
60310,117,121,-4,4
60311,30,53,-23,23
60312,184,162,22,22
60313,93,88,5,5
60314,98,94,4,4
60315,82,81,1,1
60316,91,87,4,4
60317,67,79,-12,12
60318,103,79,24,24
60319,127,128,-1,1
60320,64,67,-3,3
60321,70,81,-11,11
60322,68,73,-5,5
60323,87,98,-11,11
60324,103,102,1,1
60325,91,91,0,0
60326,77,74,3,3
60327,70,66,4,4
60328,90,92,-2,2
60329,64,68,-4,4
60330,53,60,-7,7
60331,87,79,8,8
60332,112,101,11,11
60333,91,87,4,4
60334,132,129,3,3
60335,116,115,1,1
60336,99,101,-2,2
60337,80,76,4,4
60338,125,122,3,3
60339,83,78,5,5
60340,123,126,-3,3
60341,126,117,9,9
60342,114,113,1,1
60343,139,127,12,12
60344,135,137,-2,2
60345,61,61,0,0
60346,70,77,-7,7
60347,112,104,8,8
60348,79,79,0,0
60349,58,68,-10,10
60350,131,140,-9,9
60351,154,143,11,11
60352,85,88,-3,3
60353,116,102,14,14
60354,71,78,-7,7
60355,62,74,-12,12
60356,72,78,-6,6
60357,137,136,1,1
60358,152,150,2,2
60359,85,82,3,3
60360,63,68,-5,5
60361,67,62,5,5
60362,108,110,-2,2
60363,120,124,-4,4
60364,103,100,3,3
60365,96,100,-4,4
60366,108,110,-2,2
60367,49,102,-53,53
60368,83,90,-7,7
60369,91,84,7,7
60370,112,104,8,8
60371,148,135,13,13
60372,110,114,-4,4
60373,90,89,1,1
60374,71,63,8,8
60375,95,102,-7,7
60376,78,74,4,4
60377,102,108,-6,6
60378,99,94,5,5
60379,71,73,-2,2
60380,103,101,2,2
60381,75,81,-6,6
60382,128,126,2,2
60383,37,48,-11,11
60384,82,78,4,4
60385,82,90,-8,8
60386,105,108,-3,3
60387,96,92,4,4
60388,57,55,2,2
60389,135,138,-3,3
60390,87,87,0,0
60391,75,83,-8,8
60392,75,86,-11,11
60393,127,113,14,14
60394,105,106,-1,1
60395,61,64,-3,3
60396,66,93,-27,27
60397,140,129,11,11
60398,129,128,1,1
60399,150,131,19,19
60400,109,106,3,3
60401,115,121,-6,6
60402,118,108,10,10
60403,58,60,-2,2
60404,79,71,8,8
60405,28,30,-2,2
60406,173,148,25,25
60407,89,94,-5,5
60408,95,86,9,9
60409,71,79,-8,8
60410,87,91,-4,4
60411,77,73,4,4
60412,106,102,4,4
60413,88,89,-1,1
60414,74,79,-5,5
60415,66,86,-20,20
60416,64,81,-17,17
60417,115,118,-3,3
60418,59,62,-3,3
60419,142,126,16,16
60420,73,68,5,5
60421,138,126,12,12
60422,110,104,6,6
60423,81,89,-8,8
60424,143,153,-10,10
60425,137,120,17,17
60426,177,160,17,17
60427,100,100,0,0
60428,112,113,-1,1
60429,136,139,-3,3
60430,48,53,-5,5
60431,112,123,-11,11
60432,115,111,4,4
60433,134,127,7,7
60434,97,104,-7,7
60435,86,82,4,4
60436,115,105,10,10
60437,80,77,3,3
60438,157,141,16,16
60439,59,60,-1,1
60440,118,115,3,3
60441,64,75,-11,11
60442,123,112,11,11
60443,70,77,-7,7
60444,60,69,-9,9
60445,76,82,-6,6
60446,161,150,11,11
60447,129,135,-6,6
60448,66,68,-2,2
60449,104,96,8,8
60450,86,80,6,6
60451,53,57,-4,4
60452,76,75,1,1
60453,202,171,31,31
60454,81,78,3,3
60455,136,130,6,6
60456,80,73,7,7
60457,54,62,-8,8
60458,71,68,3,3
60459,37,47,-10,10
60460,92,89,3,3
60461,81,85,-4,4
60462,94,114,-20,20
60463,116,110,6,6
60464,89,93,-4,4
60465,123,109,14,14
60466,95,90,5,5
60467,114,108,6,6
60468,134,135,-1,1
60469,153,145,8,8
60470,82,81,1,1
60471,104,98,6,6
60472,101,102,-1,1
60473,73,68,5,5
60474,121,121,0,0
60475,147,130,17,17
60476,70,78,-8,8
60477,126,117,9,9
60478,284,230,54,54
60479,124,124,0,0
60480,107,104,3,3
60481,78,79,-1,1
60482,116,114,2,2
60483,139,124,15,15
60484,127,121,6,6
60485,61,69,-8,8
60486,56,64,-8,8
60487,105,98,7,7
60488,68,73,-5,5
60489,101,94,7,7
60490,64,66,-2,2
60491,70,73,-3,3
60492,129,123,6,6
60493,86,82,4,4
60494,71,70,1,1
60495,57,133,-76,76
60496,63,82,-19,19
60497,100,91,9,9
60498,138,142,-4,4
60499,143,131,12,12
60500,123,114,9,9
60501,114,113,1,1
60502,69,70,-1,1
60503,71,74,-3,3
60504,65,59,6,6
60505,94,103,-9,9
60506,73,79,-6,6
60507,77,81,-4,4
60508,68,75,-7,7
60509,126,136,-10,10
60510,133,124,9,9
60511,111,119,-8,8
60512,80,82,-2,2
60513,74,82,-8,8
60514,91,88,3,3
60515,111,115,-4,4
60516,100,99,1,1
60517,191,159,32,32
60518,124,107,17,17
60519,55,62,-7,7
60520,113,102,11,11
60521,34,44,-10,10
60522,108,97,11,11
60523,74,72,2,2
60524,163,141,22,22
60525,135,114,21,21
60526,86,97,-11,11
60527,122,113,9,9
60528,135,128,7,7
60529,68,83,-15,15
60530,75,76,-1,1
60531,127,134,-7,7
60532,65,69,-4,4
60533,83,88,-5,5
60534,103,93,10,10
60535,79,78,1,1
60536,77,77,0,0
60537,116,118,-2,2
60538,123,113,10,10
60539,70,68,2,2
60540,66,73,-7,7
60541,102,107,-5,5
60542,108,125,-17,17
60543,64,60,4,4
60544,116,124,-8,8
60545,154,154,0,0
60546,78,80,-2,2
60547,97,99,-2,2
60548,64,70,-6,6
60549,109,103,6,6
60550,109,97,12,12
60551,110,114,-4,4
60552,124,118,6,6
60553,50,56,-6,6
60554,75,73,2,2
60555,112,115,-3,3
60556,72,80,-8,8
60557,113,105,8,8
60558,70,81,-11,11
60559,112,86,26,26
60560,71,72,-1,1
60561,117,114,3,3
60562,88,85,3,3
60563,88,81,7,7
60564,96,87,9,9
60565,114,115,-1,1
60566,46,61,-15,15
60567,82,86,-4,4
60568,77,78,-1,1
60569,68,82,-14,14
60570,79,89,-10,10
60571,78,79,-1,1
60572,48,56,-8,8
60573,55,63,-8,8
60574,110,110,0,0
60575,106,100,6,6
60576,88,79,9,9
60577,90,96,-6,6
60578,84,90,-6,6
60579,78,85,-7,7
60580,108,112,-4,4
60581,52,65,-13,13
60582,162,140,22,22
60583,46,53,-7,7
60584,100,105,-5,5
60585,95,92,3,3
60586,138,134,4,4
60587,53,61,-8,8
60588,100,92,8,8
60589,93,90,3,3
60590,90,108,-18,18
60591,103,104,-1,1
60592,92,83,9,9
60593,52,52,0,0
60594,104,102,2,2
60595,49,57,-8,8
60596,82,78,4,4
60597,104,97,7,7
60598,167,160,7,7
60599,58,69,-11,11
60600,79,79,0,0
60601,75,69,6,6
60602,70,76,-6,6
60603,78,82,-4,4
60604,70,72,-2,2
60605,130,129,1,1
60606,90,93,-3,3
60607,68,72,-4,4
60608,97,102,-5,5
60609,83,84,-1,1
60610,51,62,-11,11
60611,70,76,-6,6
60612,35,67,-32,32
60613,24,57,-33,33
60614,113,94,19,19
60615,133,124,9,9
60616,90,93,-3,3
60617,84,81,3,3
60618,86,84,2,2
60619,63,65,-2,2
60620,51,56,-5,5
60621,153,139,14,14
60622,113,107,6,6
60623,47,53,-6,6
60624,111,102,9,9
60625,67,65,2,2
60626,51,63,-12,12
60627,57,69,-12,12
60628,67,62,5,5
60629,149,137,12,12
60630,71,72,-1,1
60631,100,106,-6,6
60632,94,95,-1,1
60633,61,64,-3,3
60634,100,90,10,10
60635,147,140,7,7
60636,92,93,-1,1
60637,79,83,-4,4
60638,95,97,-2,2
60639,155,154,1,1
60640,88,81,7,7
60641,149,157,-8,8
60642,128,123,5,5
60643,73,62,11,11
60644,124,114,10,10
60645,78,82,-4,4
60646,73,75,-2,2
60647,104,97,7,7
60648,124,103,21,21
60649,65,73,-8,8
60650,98,97,1,1
60651,100,97,3,3
60652,79,75,4,4
60653,216,174,42,42
60654,77,81,-4,4
60655,64,76,-12,12
60656,43,49,-6,6
60657,124,111,13,13
60658,87,87,0,0
60659,98,93,5,5
60660,91,87,4,4
60661,81,79,2,2
60662,109,115,-6,6
60663,61,78,-17,17
60664,86,90,-4,4
60665,126,117,9,9
60666,85,81,4,4
60667,94,110,-16,16
60668,68,71,-3,3
60669,77,76,1,1
60670,72,73,-1,1
60671,107,106,1,1
60672,83,83,0,0
60673,116,113,3,3
60674,59,63,-4,4
60675,53,57,-4,4
60676,137,136,1,1
60677,128,112,16,16
60678,97,96,1,1
60679,97,97,0,0
60680,75,75,0,0
60681,107,95,12,12
60682,96,92,4,4
60683,139,127,12,12
60684,62,64,-2,2
60685,90,85,5,5
60686,104,104,0,0
60687,124,113,11,11
60688,107,111,-4,4
60689,124,128,-4,4
60690,105,98,7,7
60691,134,133,1,1
60692,122,111,11,11
60693,70,80,-10,10
60694,152,149,3,3
60695,95,91,4,4
60696,67,87,-20,20
60697,109,101,8,8
60698,170,190,-20,20
60699,80,82,-2,2
60700,88,83,5,5
60701,131,100,31,31
60702,84,80,4,4
60703,97,100,-3,3
60704,149,125,24,24
60705,79,85,-6,6
60706,93,102,-9,9
60707,81,84,-3,3
60708,125,123,2,2
60709,82,83,-1,1
60710,79,81,-2,2
60711,65,60,5,5
60712,95,96,-1,1
60713,111,116,-5,5
60714,113,105,8,8
60715,119,118,1,1
60716,68,74,-6,6
60717,135,112,23,23
60718,102,90,12,12
60719,96,107,-11,11
60720,107,105,2,2
60721,86,81,5,5
60722,158,131,27,27
60723,141,127,14,14
60724,129,129,0,0
60725,49,52,-3,3
60726,149,141,8,8
60727,114,109,5,5
60728,40,47,-7,7
60729,55,62,-7,7
60730,85,79,6,6
60731,65,65,0,0
60732,97,102,-5,5
60733,148,139,9,9
60734,141,127,14,14
60735,69,67,2,2
60736,80,81,-1,1
60737,158,140,18,18
60738,75,81,-6,6
60739,88,88,0,0
60740,110,103,7,7
60741,82,86,-4,4
60742,58,70,-12,12
60743,76,74,2,2
60744,48,58,-10,10
60745,106,90,16,16
60746,108,103,5,5
60747,191,163,28,28
60748,100,94,6,6
60749,58,63,-5,5
60750,117,115,2,2
60751,233,181,52,52
60752,78,83,-5,5
60753,83,78,5,5
60754,66,70,-4,4
60755,55,60,-5,5
60756,77,83,-6,6
60757,102,95,7,7
60758,62,64,-2,2
60759,71,73,-2,2
60760,139,134,5,5
60761,132,134,-2,2
60762,94,97,-3,3
60763,107,110,-3,3
60764,60,73,-13,13
60765,94,107,-13,13
60766,72,65,7,7
60767,86,84,2,2
60768,75,81,-6,6
60769,87,88,-1,1
60770,148,130,18,18
60771,120,107,13,13
60772,68,73,-5,5
60773,81,76,5,5
60774,222,199,23,23
60775,68,69,-1,1
60776,103,108,-5,5
60777,133,107,26,26
60778,135,112,23,23
60779,97,93,4,4
60780,56,61,-5,5
60781,73,72,1,1
60782,110,114,-4,4
60783,116,111,5,5
60784,46,47,-1,1
60785,119,109,10,10
60786,42,49,-7,7
60787,71,83,-12,12
60788,80,68,12,12
60789,87,90,-3,3
60790,73,76,-3,3
60791,99,93,6,6
60792,36,48,-12,12
60793,70,70,0,0
60794,55,59,-4,4
60795,104,101,3,3
60796,135,131,4,4
60797,103,96,7,7
60798,83,87,-4,4
60799,87,81,6,6
60800,78,74,4,4
60801,68,77,-9,9
60802,70,78,-8,8
60803,112,100,12,12
60804,99,99,0,0
60805,103,103,0,0
60806,87,86,1,1
60807,105,102,3,3
60808,94,96,-2,2
60809,185,164,21,21
60810,167,155,12,12
60811,67,75,-8,8
60812,98,81,17,17
60813,109,108,1,1
60814,139,131,8,8
60815,88,84,4,4
60816,117,108,9,9
60817,101,111,-10,10
60818,124,130,-6,6
60819,182,151,31,31
60820,198,164,34,34
60821,115,111,4,4
60822,92,94,-2,2
60823,77,74,3,3
60824,104,102,2,2
60825,75,72,3,3
60826,93,82,11,11
60827,173,165,8,8
60828,121,121,0,0
60829,141,109,32,32
60830,66,82,-16,16
60831,72,68,4,4
60832,104,109,-5,5
60833,103,97,6,6
60834,81,81,0,0
60835,122,98,24,24
60836,131,116,15,15
60837,58,63,-5,5
60838,106,107,-1,1
60839,119,104,15,15
60840,57,59,-2,2
60841,77,77,0,0
60842,67,64,3,3
60843,85,83,2,2
60844,62,69,-7,7
60845,140,130,10,10
60846,72,79,-7,7
60847,125,121,4,4
60848,166,154,12,12
60849,133,119,14,14
60850,101,85,16,16
60851,156,146,10,10
60852,68,72,-4,4
60853,70,72,-2,2
60854,127,120,7,7
60855,89,84,5,5
60856,111,98,13,13
60857,154,131,23,23
60858,91,86,5,5
60859,59,65,-6,6
60860,105,101,4,4
60861,108,120,-12,12
60862,87,95,-8,8
60863,143,135,8,8
60864,88,87,1,1
60865,83,87,-4,4
60866,105,97,8,8
60867,96,98,-2,2
60868,95,89,6,6
60869,104,108,-4,4
60870,97,112,-15,15
60871,111,111,0,0
60872,93,89,4,4
60873,54,57,-3,3
60874,90,94,-4,4
60875,52,58,-6,6
60876,85,87,-2,2
60877,114,109,5,5
60878,152,154,-2,2
60879,79,77,2,2
60880,118,120,-2,2
60881,85,81,4,4
60882,94,86,8,8
60883,49,57,-8,8
60884,56,62,-6,6
60885,156,143,13,13
60886,55,56,-1,1
60887,116,109,7,7
60888,84,85,-1,1
60889,105,100,5,5
60890,122,111,11,11
60891,80,87,-7,7
60892,89,80,9,9
60893,117,106,11,11
60894,50,54,-4,4
60895,65,73,-8,8
60896,115,114,1,1
60897,78,79,-1,1
60898,112,113,-1,1
60899,84,80,4,4
60900,144,141,3,3
60901,95,89,6,6
60902,125,121,4,4
60903,115,127,-12,12
60904,76,76,0,0
60905,119,112,7,7
60906,133,146,-13,13
60907,90,82,8,8
60908,112,105,7,7
60909,76,73,3,3
60910,147,133,14,14
60911,55,62,-7,7
60912,131,114,17,17
60913,116,102,14,14
60914,84,83,1,1
60915,72,75,-3,3
60916,73,77,-4,4
60917,43,55,-12,12
60918,73,75,-2,2
60919,82,91,-9,9
60920,56,65,-9,9
60921,99,92,7,7
60922,105,106,-1,1
60923,79,90,-11,11
60924,138,120,18,18
60925,111,114,-3,3
60926,36,48,-12,12
60927,138,127,11,11
60928,89,93,-4,4
60929,93,83,10,10
60930,132,130,2,2
60931,108,101,7,7
60932,66,69,-3,3
60933,71,73,-2,2
60934,65,64,1,1
60935,200,175,25,25
60936,72,103,-31,31
60937,232,211,21,21
60938,75,76,-1,1
60939,186,161,25,25
60940,125,113,12,12
60941,95,103,-8,8
60942,203,148,55,55
60943,176,153,23,23
60944,129,124,5,5
60945,76,78,-2,2
60946,143,137,6,6
60947,49,57,-8,8
60948,92,91,1,1
60949,92,89,3,3
60950,75,85,-10,10
60951,105,95,10,10
60952,155,131,24,24
60953,95,100,-5,5
60954,86,95,-9,9
60955,132,117,15,15
60956,46,57,-11,11
60957,69,76,-7,7
60958,58,72,-14,14
60959,140,128,12,12
60960,70,65,5,5
60961,89,89,0,0
60962,84,71,13,13
60963,124,115,9,9
60964,71,74,-3,3
60965,127,120,7,7
60966,69,72,-3,3
60967,111,100,11,11
60968,125,123,2,2
60969,85,89,-4,4
60970,76,77,-1,1
60971,85,88,-3,3
60972,55,60,-5,5
60973,92,92,0,0
60974,182,160,22,22
60975,89,87,2,2
60976,102,96,6,6
60977,113,112,1,1
60978,131,134,-3,3
60979,133,136,-3,3
60980,98,95,3,3
60981,154,134,20,20
60982,99,96,3,3
60983,114,110,4,4
60984,110,103,7,7
60985,125,96,29,29
60986,52,68,-16,16
60987,42,48,-6,6
60988,80,77,3,3
60989,83,82,1,1
60990,143,133,10,10
60991,56,65,-9,9
60992,131,122,9,9
60993,112,125,-13,13
60994,110,107,3,3
60995,104,97,7,7
60996,71,73,-2,2
60997,36,40,-4,4
60998,57,65,-8,8
60999,72,83,-11,11
61000,119,101,18,18
61001,194,169,25,25
61002,107,96,11,11
61003,123,116,7,7
61004,87,82,5,5
61005,157,148,9,9
61006,75,77,-2,2
61007,94,95,-1,1
61008,85,85,0,0
61009,85,92,-7,7
61010,44,53,-9,9
61011,78,81,-3,3
61012,97,80,17,17
61013,34,59,-25,25
61014,38,41,-3,3
61015,93,90,3,3
61016,113,105,8,8
61017,130,119,11,11
61018,46,50,-4,4
61019,94,98,-4,4
61020,144,127,17,17
61021,60,64,-4,4
61022,110,109,1,1
61023,78,82,-4,4
61024,172,162,10,10
61025,117,130,-13,13
61026,60,75,-15,15
61027,114,99,15,15
61028,136,141,-5,5
61029,130,134,-4,4
61030,140,127,13,13
61031,58,67,-9,9
61032,87,83,4,4
61033,154,140,14,14
61034,84,84,0,0
61035,78,73,5,5
61036,224,246,-22,22
61037,77,75,2,2
61038,114,107,7,7
61039,64,66,-2,2
61040,145,137,8,8
61041,62,65,-3,3
61042,123,118,5,5
61043,126,122,4,4
61044,59,74,-15,15
61045,59,71,-12,12
61046,65,80,-15,15
61047,81,88,-7,7
61048,104,93,11,11
61049,94,95,-1,1
61050,131,126,5,5
61051,60,62,-2,2
61052,111,99,12,12
61053,159,141,18,18
61054,145,140,5,5
61055,67,66,1,1
61056,114,105,9,9
61057,82,80,2,2
61058,93,94,-1,1
61059,53,65,-12,12
61060,83,91,-8,8
61061,101,102,-1,1
61062,112,122,-10,10
61063,71,65,6,6
61064,86,80,6,6
61065,49,99,-50,50
61066,59,62,-3,3
61067,125,112,13,13
61068,157,149,8,8
61069,90,93,-3,3
61070,160,158,2,2
61071,128,107,21,21
61072,78,82,-4,4
61073,153,145,8,8
61074,87,101,-14,14
61075,133,121,12,12
61076,96,99,-3,3
61077,88,97,-9,9
61078,69,79,-10,10
61079,150,155,-5,5
61080,134,117,17,17
61081,122,117,5,5
61082,91,90,1,1
61083,156,141,15,15
61084,76,78,-2,2
61085,44,52,-8,8
61086,117,118,-1,1
61087,110,105,5,5
61088,101,84,17,17
61089,81,77,4,4
61090,52,57,-5,5
61091,164,156,8,8
61092,40,49,-9,9
61093,80,85,-5,5
61094,129,116,13,13
61095,131,118,13,13
61096,87,89,-2,2
61097,79,77,2,2
61098,110,103,7,7
61099,120,111,9,9
61100,100,112,-12,12
61101,113,111,2,2
61102,97,113,-16,16
61103,75,72,3,3
61104,85,93,-8,8
61105,49,53,-4,4
61106,103,114,-11,11
61107,177,161,16,16
61108,94,96,-2,2
61109,130,121,9,9
61110,72,77,-5,5
61111,158,151,7,7
61112,47,57,-10,10
61113,74,87,-13,13
61114,101,103,-2,2
61115,51,64,-13,13
61116,83,82,1,1
61117,142,138,4,4
61118,58,67,-9,9
61119,83,86,-3,3
61120,45,49,-4,4
61121,138,132,6,6
61122,152,139,13,13
61123,101,101,0,0
61124,77,72,5,5
61125,52,79,-27,27
61126,89,81,8,8
61127,149,132,17,17
61128,78,72,6,6
61129,146,141,5,5
61130,122,121,1,1
61131,88,82,6,6
61132,131,127,4,4
61133,67,69,-2,2
61134,107,92,15,15
61135,139,141,-2,2
61136,164,146,18,18
61137,134,124,10,10
61138,71,73,-2,2
61139,87,79,8,8
61140,68,72,-4,4
61141,56,104,-48,48
61142,118,118,0,0
61143,101,103,-2,2
61144,75,80,-5,5
61145,127,139,-12,12
61146,85,88,-3,3
61147,57,78,-21,21
61148,37,52,-15,15
61149,116,110,6,6
61150,108,100,8,8
61151,137,130,7,7
61152,58,64,-6,6
61153,67,87,-20,20
61154,106,104,2,2
61155,132,114,18,18
61156,102,93,9,9
61157,115,119,-4,4
61158,85,85,0,0
61159,107,107,0,0
61160,49,58,-9,9
61161,139,152,-13,13
61162,126,126,0,0
61163,135,138,-3,3
61164,69,67,2,2
61165,88,80,8,8
61166,117,111,6,6
61167,77,75,2,2
61168,51,62,-11,11
61169,92,103,-11,11
61170,80,87,-7,7
61171,82,84,-2,2
61172,157,148,9,9
61173,83,83,0,0
61174,136,123,13,13
61175,147,131,16,16
61176,49,57,-8,8
61177,86,85,1,1
61178,125,113,12,12
61179,73,71,2,2
61180,99,108,-9,9
61181,102,103,-1,1
61182,101,100,1,1
61183,109,99,10,10
61184,126,119,7,7
61185,142,120,22,22
61186,62,68,-6,6
61187,113,108,5,5
61188,149,124,25,25
61189,61,61,0,0
61190,66,75,-9,9
61191,122,113,9,9
61192,89,89,0,0
61193,76,78,-2,2
61194,74,85,-11,11
61195,61,69,-8,8
61196,44,56,-12,12
61197,107,118,-11,11
61198,104,95,9,9
61199,109,105,4,4
61200,140,124,16,16
61201,43,55,-12,12
61202,40,50,-10,10
61203,223,180,43,43
61204,95,92,3,3
61205,47,58,-11,11
61206,71,69,2,2
61207,121,103,18,18
61208,119,119,0,0
61209,135,131,4,4
61210,78,74,4,4
61211,96,88,8,8
61212,71,72,-1,1
61213,71,81,-10,10
61214,108,125,-17,17
61215,64,67,-3,3
61216,169,172,-3,3
61217,80,80,0,0
61218,78,80,-2,2
61219,100,94,6,6
61220,90,88,2,2
61221,108,101,7,7
61222,84,88,-4,4
61223,150,140,10,10
61224,91,101,-10,10
61225,55,69,-14,14
61226,83,84,-1,1
61227,119,150,-31,31
61228,86,87,-1,1
61229,101,103,-2,2
61230,89,83,6,6
61231,80,87,-7,7
61232,116,106,10,10
61233,146,146,0,0
61234,64,75,-11,11
61235,175,161,14,14
61236,139,135,4,4
61237,79,76,3,3
61238,120,112,8,8
61239,84,90,-6,6
61240,132,129,3,3
61241,71,73,-2,2
61242,104,93,11,11
61243,60,65,-5,5
61244,171,145,26,26
61245,93,92,1,1
61246,132,125,7,7
61247,55,61,-6,6
61248,74,62,12,12
61249,126,107,19,19
61250,75,79,-4,4
61251,45,62,-17,17
61252,95,91,4,4
61253,154,134,20,20
61254,143,126,17,17
61255,111,107,4,4
61256,97,100,-3,3
61257,203,202,1,1
61258,42,45,-3,3
61259,49,53,-4,4
61260,111,109,2,2
61261,76,67,9,9
61262,79,77,2,2
61263,70,81,-11,11
61264,57,60,-3,3
61265,60,56,4,4
61266,119,119,0,0
61267,76,80,-4,4
61268,72,70,2,2
61269,124,103,21,21
61270,138,111,27,27
61271,118,113,5,5
61272,119,109,10,10
61273,94,83,11,11
61274,113,128,-15,15
61275,69,85,-16,16
61276,106,99,7,7
61277,41,54,-13,13
61278,88,82,6,6
61279,124,134,-10,10
61280,51,60,-9,9
61281,70,80,-10,10
61282,112,108,4,4
61283,100,97,3,3
61284,143,130,13,13
61285,87,92,-5,5
61286,61,67,-6,6
61287,64,71,-7,7
61288,130,137,-7,7
61289,81,79,2,2
61290,73,70,3,3
61291,47,53,-6,6
61292,99,111,-12,12
61293,95,92,3,3
61294,105,104,1,1
61295,126,123,3,3
61296,108,99,9,9
61297,67,72,-5,5
61298,72,82,-10,10
61299,65,65,0,0
61300,109,104,5,5
61301,52,60,-8,8
61302,122,109,13,13
61303,59,65,-6,6
61304,117,123,-6,6
61305,79,74,5,5
61306,46,53,-7,7
61307,64,75,-11,11
61308,71,84,-13,13
61309,60,65,-5,5
61310,70,71,-1,1
61311,114,109,5,5
61312,101,100,1,1
61313,138,138,0,0
61314,98,90,8,8
61315,92,97,-5,5
61316,196,174,22,22
61317,109,110,-1,1
61318,55,56,-1,1
61319,166,159,7,7
61320,68,72,-4,4
61321,61,67,-6,6
61322,79,80,-1,1
61323,86,80,6,6
61324,90,86,4,4
61325,128,121,7,7
61326,102,102,0,0
61327,118,105,13,13
61328,86,84,2,2
61329,105,102,3,3
61330,78,79,-1,1
61331,96,95,1,1
61332,38,50,-12,12
61333,96,98,-2,2
61334,123,117,6,6
61335,85,82,3,3
61336,117,104,13,13
61337,78,99,-21,21
61338,131,130,1,1
61339,82,82,0,0
61340,87,89,-2,2
61341,81,81,0,0
61342,59,60,-1,1
61343,84,85,-1,1
61344,89,92,-3,3
61345,65,67,-2,2
61346,131,134,-3,3
61347,55,61,-6,6
61348,66,60,6,6
61349,74,74,0,0
61350,84,71,13,13
61351,110,103,7,7
61352,63,79,-16,16
61353,97,85,12,12
61354,55,69,-14,14
61355,94,95,-1,1
61356,148,144,4,4
61357,110,98,12,12
61358,161,149,12,12
61359,139,126,13,13
61360,63,75,-12,12
61361,120,116,4,4
61362,79,85,-6,6
61363,131,130,1,1
61364,150,125,25,25
61365,80,82,-2,2
61366,37,45,-8,8
61367,116,115,1,1
61368,82,81,1,1
61369,130,124,6,6
61370,68,75,-7,7
61371,86,83,3,3
61372,90,81,9,9
61373,57,61,-4,4
61374,149,137,12,12
61375,79,82,-3,3
61376,126,121,5,5
61377,120,129,-9,9
61378,197,172,25,25
61379,62,63,-1,1
61380,88,87,1,1
61381,144,131,13,13
61382,99,90,9,9
61383,101,115,-14,14
61384,111,100,11,11
61385,61,66,-5,5
61386,85,81,4,4
61387,96,95,1,1
61388,125,121,4,4
61389,107,97,10,10
61390,136,118,18,18
61391,148,138,10,10
61392,98,102,-4,4
61393,66,65,1,1
61394,95,80,15,15
61395,107,93,14,14
61396,47,59,-12,12
61397,78,79,-1,1
61398,81,77,4,4
61399,72,75,-3,3
61400,84,94,-10,10
61401,145,149,-4,4
61402,77,77,0,0
61403,90,86,4,4
61404,131,117,14,14
61405,91,83,8,8
61406,38,70,-32,32
61407,94,92,2,2
61408,111,110,1,1
61409,145,140,5,5
61410,84,86,-2,2
61411,87,79,8,8
61412,115,105,10,10
61413,95,88,7,7
61414,144,130,14,14
61415,90,85,5,5
61416,101,95,6,6
61417,91,91,0,0
61418,190,176,14,14
61419,80,82,-2,2
61420,167,147,20,20
61421,83,75,8,8
61422,66,69,-3,3
61423,50,57,-7,7
61424,111,107,4,4
61425,83,92,-9,9
61426,72,70,2,2
61427,73,72,1,1
61428,79,85,-6,6
61429,66,73,-7,7
61430,83,81,2,2
61431,262,225,37,37
61432,108,111,-3,3
61433,117,110,7,7
61434,98,87,11,11
61435,85,87,-2,2
61436,63,66,-3,3
61437,190,173,17,17
61438,85,85,0,0
61439,123,112,11,11
61440,144,137,7,7
61441,75,80,-5,5
61442,97,92,5,5
61443,85,76,9,9
61444,69,68,1,1
61445,77,80,-3,3
61446,61,68,-7,7
61447,75,74,1,1
61448,97,116,-19,19
61449,70,72,-2,2
61450,85,83,2,2
61451,61,69,-8,8
61452,77,73,4,4
61453,58,67,-9,9
61454,83,79,4,4
61455,91,96,-5,5
61456,53,62,-9,9
61457,55,57,-2,2
61458,87,89,-2,2
61459,80,84,-4,4
61460,53,65,-12,12
61461,133,122,11,11
61462,90,95,-5,5
61463,60,69,-9,9
61464,68,72,-4,4
61465,66,60,6,6
61466,112,112,0,0
61467,139,130,9,9
61468,50,58,-8,8
61469,120,117,3,3
61470,77,78,-1,1
61471,81,72,9,9
61472,87,82,5,5
61473,43,54,-11,11
61474,68,66,2,2
61475,58,60,-2,2
61476,120,119,1,1
61477,114,102,12,12
61478,173,154,19,19
61479,62,68,-6,6
61480,115,103,12,12
61481,213,184,29,29
61482,108,105,3,3
61483,53,68,-15,15
61484,85,78,7,7
61485,119,118,1,1
61486,74,81,-7,7
61487,93,86,7,7
61488,72,73,-1,1
61489,104,89,15,15
61490,88,89,-1,1
61491,56,67,-11,11
61492,139,128,11,11
61493,110,107,3,3
61494,93,87,6,6
61495,54,54,0,0
61496,83,89,-6,6
61497,73,71,2,2
61498,202,172,30,30
61499,95,94,1,1
61500,51,61,-10,10
61501,141,121,20,20
61502,130,125,5,5
61503,89,96,-7,7
61504,67,69,-2,2
61505,92,97,-5,5
61506,138,144,-6,6
61507,50,57,-7,7
61508,85,78,7,7
61509,118,101,17,17
61510,84,84,0,0
61511,95,91,4,4
61512,92,97,-5,5
61513,141,149,-8,8
61514,94,98,-4,4
61515,117,118,-1,1
61516,82,71,11,11
61517,73,80,-7,7
61518,108,98,10,10
61519,93,104,-11,11
61520,156,152,4,4
61521,84,86,-2,2
61522,106,94,12,12
61523,91,96,-5,5
61524,88,89,-1,1
61525,78,73,5,5
61526,136,127,9,9
61527,59,70,-11,11
61528,94,99,-5,5
61529,100,97,3,3
61530,144,135,9,9
61531,89,108,-19,19
61532,67,74,-7,7
61533,28,32,-4,4
61534,114,108,6,6
61535,123,129,-6,6
61536,85,77,8,8
61537,77,81,-4,4
61538,89,103,-14,14
61539,90,86,4,4
61540,80,83,-3,3
61541,114,115,-1,1
61542,46,52,-6,6
61543,123,112,11,11
61544,132,126,6,6
61545,106,115,-9,9
61546,93,94,-1,1
61547,100,119,-19,19
61548,82,79,3,3
61549,170,168,2,2
61550,103,115,-12,12
61551,60,66,-6,6
61552,101,112,-11,11
61553,101,97,4,4
61554,106,99,7,7
61555,53,68,-15,15
61556,45,48,-3,3
61557,102,117,-15,15
61558,74,72,2,2
61559,107,112,-5,5
61560,95,96,-1,1
61561,96,91,5,5
61562,100,97,3,3
61563,40,57,-17,17
61564,85,80,5,5
61565,59,65,-6,6
61566,107,95,12,12
61567,157,145,12,12
61568,72,77,-5,5
61569,104,94,10,10
61570,53,64,-11,11
61571,131,124,7,7
61572,147,136,11,11
61573,80,79,1,1
61574,135,128,7,7
61575,119,108,11,11
61576,128,122,6,6
61577,126,119,7,7
61578,91,82,9,9
61579,102,90,12,12
61580,55,66,-11,11
61581,69,72,-3,3
61582,57,72,-15,15
61583,53,61,-8,8
61584,109,95,14,14
61585,106,90,16,16
61586,106,105,1,1
61587,128,113,15,15
61588,84,81,3,3
61589,73,77,-4,4
61590,137,106,31,31
61591,96,97,-1,1
61592,106,102,4,4
61593,119,115,4,4
61594,113,110,3,3
61595,138,126,12,12
61596,52,59,-7,7
61597,115,106,9,9
61598,66,69,-3,3
61599,114,113,1,1
61600,46,58,-12,12
61601,108,102,6,6
61602,85,80,5,5
61603,67,66,1,1
61604,66,65,1,1
61605,76,81,-5,5
61606,93,88,5,5
61607,145,147,-2,2
61608,122,111,11,11
61609,88,82,6,6
61610,59,64,-5,5
61611,77,78,-1,1
61612,84,86,-2,2
61613,71,77,-6,6
61614,93,86,7,7
61615,71,71,0,0
61616,40,54,-14,14
61617,165,148,17,17
61618,104,103,1,1
61619,54,57,-3,3
61620,46,44,2,2
61621,70,70,0,0
61622,51,59,-8,8
61623,86,82,4,4
61624,86,83,3,3
61625,90,87,3,3
61626,160,152,8,8
61627,119,113,6,6
61628,78,85,-7,7
61629,112,121,-9,9
61630,89,84,5,5
61631,96,100,-4,4
61632,96,93,3,3
61633,96,94,2,2
61634,33,42,-9,9
61635,78,76,2,2
61636,65,63,2,2
61637,69,74,-5,5
61638,85,88,-3,3
61639,71,66,5,5
61640,119,104,15,15
61641,100,97,3,3
61642,102,101,1,1
61643,96,87,9,9
61644,77,75,2,2
61645,91,97,-6,6
61646,175,158,17,17
61647,96,98,-2,2
61648,133,122,11,11
61649,107,121,-14,14
61650,98,91,7,7
61651,94,98,-4,4
61652,67,70,-3,3
61653,116,118,-2,2
61654,73,81,-8,8
61655,83,74,9,9
61656,75,79,-4,4
61657,109,118,-9,9
61658,143,145,-2,2
61659,84,86,-2,2
61660,79,84,-5,5
61661,104,101,3,3
61662,44,49,-5,5
61663,53,52,1,1
61664,108,101,7,7
61665,86,92,-6,6
61666,119,117,2,2
61667,56,40,16,16
61668,88,92,-4,4
61669,118,118,0,0
61670,102,102,0,0
61671,49,54,-5,5
61672,99,96,3,3
61673,105,165,-60,60
61674,131,112,19,19
61675,78,74,4,4
61676,99,91,8,8
61677,23,28,-5,5
61678,126,123,3,3
61679,92,91,1,1
61680,85,93,-8,8
61681,61,69,-8,8
61682,137,136,1,1
61683,74,78,-4,4
61684,129,119,10,10
61685,156,153,3,3
61686,72,70,2,2
61687,151,134,17,17
61688,72,68,4,4
61689,81,89,-8,8
61690,128,115,13,13
61691,136,121,15,15
61692,111,110,1,1
61693,150,150,0,0
61694,79,81,-2,2
61695,124,117,7,7
61696,133,119,14,14
61697,106,112,-6,6
61698,71,76,-5,5
61699,69,68,1,1
61700,105,111,-6,6
61701,60,61,-1,1
61702,97,94,3,3
61703,129,129,0,0
61704,70,71,-1,1
61705,137,140,-3,3
61706,110,97,13,13
61707,97,94,3,3
61708,149,159,-10,10
61709,63,69,-6,6
61710,71,75,-4,4
61711,108,99,9,9
61712,127,119,8,8
61713,92,95,-3,3
61714,41,49,-8,8
61715,87,83,4,4
61716,95,93,2,2
61717,58,66,-8,8
61718,103,110,-7,7
61719,106,103,3,3
61720,100,104,-4,4
61721,49,59,-10,10
61722,103,128,-25,25
61723,147,152,-5,5
61724,110,102,8,8
61725,121,137,-16,16
61726,66,69,-3,3
61727,66,70,-4,4
61728,75,75,0,0
61729,127,132,-5,5
61730,96,92,4,4
61731,179,157,22,22
61732,153,145,8,8
61733,89,83,6,6
61734,111,105,6,6
61735,124,106,18,18
61736,86,75,11,11
61737,98,103,-5,5
61738,82,84,-2,2
61739,138,116,22,22
61740,98,88,10,10
61741,187,169,18,18
61742,141,128,13,13
61743,72,79,-7,7
61744,110,103,7,7
61745,87,91,-4,4
61746,60,63,-3,3
61747,71,74,-3,3
61748,123,124,-1,1
61749,57,65,-8,8
61750,113,115,-2,2
61751,148,142,6,6
61752,73,77,-4,4
61753,62,72,-10,10
61754,108,123,-15,15
61755,105,101,4,4
61756,152,117,35,35
61757,51,58,-7,7
61758,127,121,6,6
61759,31,46,-15,15
61760,68,70,-2,2
61761,163,144,19,19
61762,160,147,13,13
61763,73,82,-9,9
61764,43,50,-7,7
61765,102,99,3,3
61766,91,104,-13,13
61767,136,113,23,23
61768,92,86,6,6
61769,60,66,-6,6
61770,45,57,-12,12
61771,111,103,8,8
61772,95,100,-5,5
61773,100,95,5,5
61774,139,140,-1,1
61775,99,93,6,6
61776,68,74,-6,6
61777,55,60,-5,5
61778,110,97,13,13
61779,67,75,-8,8
61780,103,98,5,5
61781,115,109,6,6
61782,131,141,-10,10
61783,106,110,-4,4
61784,154,145,9,9
61785,104,112,-8,8
61786,91,88,3,3
61787,139,140,-1,1
61788,56,64,-8,8
61789,139,129,10,10
61790,72,67,5,5
61791,144,140,4,4
61792,112,109,3,3
61793,68,68,0,0
61794,88,87,1,1
61795,79,91,-12,12
61796,104,104,0,0
61797,54,56,-2,2
61798,111,98,13,13
61799,87,89,-2,2
61800,185,167,18,18
61801,92,89,3,3
61802,68,76,-8,8
61803,91,87,4,4
61804,84,80,4,4
61805,82,84,-2,2
61806,126,118,8,8
61807,71,76,-5,5
61808,72,71,1,1
61809,137,135,2,2
61810,61,70,-9,9
61811,106,104,2,2
61812,59,59,0,0
61813,77,75,2,2
61814,149,125,24,24
61815,63,68,-5,5
61816,66,73,-7,7
61817,105,100,5,5
61818,85,85,0,0
61819,109,94,15,15
61820,81,87,-6,6
61821,60,67,-7,7
61822,40,50,-10,10
61823,95,90,5,5
61824,110,97,13,13
61825,68,67,1,1
61826,67,71,-4,4
61827,76,77,-1,1
61828,188,172,16,16
61829,59,62,-3,3
61830,131,115,16,16
61831,108,103,5,5
61832,114,114,0,0
61833,108,102,6,6
61834,104,97,7,7
61835,94,94,0,0
61836,47,53,-6,6
61837,77,70,7,7
61838,80,86,-6,6
61839,96,94,2,2
61840,103,100,3,3
61841,109,105,4,4
61842,66,79,-13,13
61843,98,90,8,8
61844,126,107,19,19
61845,97,110,-13,13
61846,99,95,4,4
61847,107,104,3,3
61848,129,129,0,0
61849,87,90,-3,3
61850,69,71,-2,2
61851,115,104,11,11
61852,99,100,-1,1
61853,99,95,4,4
61854,155,159,-4,4
61855,121,112,9,9
61856,123,124,-1,1
61857,91,88,3,3
61858,68,78,-10,10
61859,118,104,14,14
61860,98,101,-3,3
61861,108,103,5,5
61862,112,107,5,5
61863,80,74,6,6
61864,92,128,-36,36
61865,116,107,9,9
61866,56,65,-9,9
61867,127,121,6,6
61868,50,60,-10,10
61869,121,104,17,17
61870,157,148,9,9
61871,78,76,2,2
61872,85,82,3,3
61873,142,137,5,5
61874,42,52,-10,10
61875,62,69,-7,7
61876,61,68,-7,7
61877,75,78,-3,3
61878,82,85,-3,3
61879,107,102,5,5
61880,130,127,3,3
61881,64,73,-9,9
61882,75,75,0,0
61883,109,102,7,7
61884,65,76,-11,11
61885,112,111,1,1
61886,88,93,-5,5
61887,140,130,10,10
61888,132,122,10,10
61889,108,109,-1,1
61890,92,79,13,13
61891,63,65,-2,2
61892,48,57,-9,9
61893,144,120,24,24
61894,104,101,3,3
61895,107,99,8,8
61896,52,72,-20,20
61897,73,74,-1,1
61898,44,52,-8,8
61899,120,111,9,9
61900,87,83,4,4
61901,110,113,-3,3
61902,73,74,-1,1
61903,79,88,-9,9
61904,57,65,-8,8
61905,68,72,-4,4
61906,81,96,-15,15
61907,63,63,0,0
61908,41,46,-5,5
61909,71,68,3,3
61910,106,106,0,0
61911,105,94,11,11
61912,183,149,34,34
61913,111,113,-2,2
61914,137,129,8,8
61915,51,62,-11,11
61916,40,46,-6,6
61917,70,80,-10,10
61918,120,113,7,7
61919,57,67,-10,10
61920,66,66,0,0
61921,140,116,24,24
61922,71,79,-8,8
61923,96,92,4,4
61924,108,106,2,2
61925,134,143,-9,9
61926,97,96,1,1
61927,44,49,-5,5
61928,49,54,-5,5
61929,63,63,0,0
61930,97,99,-2,2
61931,38,43,-5,5
61932,68,68,0,0
61933,114,105,9,9
61934,105,106,-1,1
61935,36,43,-7,7
61936,69,65,4,4
61937,101,97,4,4
61938,155,142,13,13
61939,53,72,-19,19
61940,151,138,13,13
61941,65,67,-2,2
61942,64,69,-5,5
61943,181,161,20,20
61944,110,105,5,5
61945,93,96,-3,3
61946,183,161,22,22
61947,94,90,4,4
61948,91,91,0,0
61949,105,111,-6,6
61950,51,58,-7,7
61951,76,77,-1,1
61952,60,73,-13,13
61953,72,72,0,0
61954,108,103,5,5
61955,119,112,7,7
61956,98,108,-10,10
61957,119,106,13,13
61958,122,113,9,9
61959,90,89,1,1
61960,55,62,-7,7
61961,62,62,0,0
61962,41,53,-12,12
61963,86,83,3,3
61964,58,62,-4,4
61965,159,153,6,6
61966,84,85,-1,1
61967,101,99,2,2
61968,107,97,10,10
61969,150,141,9,9
61970,105,107,-2,2
61971,83,84,-1,1
61972,78,87,-9,9
61973,51,58,-7,7
61974,83,92,-9,9
61975,111,111,0,0
61976,116,124,-8,8
61977,124,98,26,26
61978,116,107,9,9
61979,133,124,9,9
61980,143,134,9,9
61981,102,102,0,0
61982,94,94,0,0
61983,66,67,-1,1
61984,76,83,-7,7
61985,108,100,8,8
61986,69,65,4,4
61987,90,80,10,10
61988,65,76,-11,11
61989,157,153,4,4
61990,81,76,5,5
61991,116,118,-2,2
61992,94,94,0,0
61993,98,111,-13,13
61994,149,141,8,8
61995,87,89,-2,2
61996,124,121,3,3
61997,121,118,3,3
61998,157,142,15,15
61999,100,93,7,7
62000,129,125,4,4
62001,97,96,1,1
62002,57,61,-4,4
62003,108,102,6,6
62004,64,62,2,2
62005,195,169,26,26
62006,81,80,1,1
62007,92,90,2,2
62008,139,141,-2,2
62009,67,68,-1,1
62010,78,87,-9,9
62011,56,66,-10,10
62012,90,87,3,3
62013,69,74,-5,5
62014,109,98,11,11
62015,67,69,-2,2
62016,65,74,-9,9
62017,67,78,-11,11
62018,128,112,16,16
62019,101,95,6,6
62020,103,100,3,3
62021,66,66,0,0
62022,78,81,-3,3
62023,121,112,9,9
62024,99,102,-3,3
62025,69,64,5,5
62026,64,70,-6,6
62027,66,68,-2,2
62028,76,78,-2,2
62029,91,92,-1,1
62030,49,61,-12,12
62031,222,180,42,42
62032,71,68,3,3
62033,155,149,6,6
62034,80,82,-2,2
62035,94,78,16,16
62036,70,69,1,1
62037,106,104,2,2
62038,81,86,-5,5
62039,90,80,10,10
62040,73,76,-3,3
62041,65,64,1,1
62042,71,77,-6,6
62043,140,117,23,23
62044,109,112,-3,3
62045,72,72,0,0
62046,95,102,-7,7
62047,92,84,8,8
62048,104,110,-6,6
62049,74,76,-2,2
62050,102,100,2,2
62051,75,80,-5,5
62052,100,94,6,6
62053,111,114,-3,3
62054,52,57,-5,5
62055,79,73,6,6
62056,99,95,4,4
62057,140,144,-4,4
62058,181,173,8,8
62059,106,95,11,11
62060,59,57,2,2
62061,129,119,10,10
62062,95,112,-17,17
62063,50,61,-11,11
62064,71,70,1,1
62065,46,63,-17,17
62066,103,104,-1,1
62067,82,84,-2,2
62068,114,104,10,10
62069,114,108,6,6
62070,92,92,0,0
62071,74,79,-5,5
62072,102,102,0,0
62073,104,100,4,4
62074,86,81,5,5
62075,51,76,-25,25
62076,86,83,3,3
62077,78,83,-5,5
62078,99,101,-2,2
62079,95,88,7,7
62080,82,85,-3,3
62081,111,108,3,3
62082,129,111,18,18
62083,90,109,-19,19
62084,139,139,0,0
62085,72,81,-9,9
62086,55,63,-8,8
62087,165,151,14,14
62088,115,115,0,0
62089,61,74,-13,13
62090,84,81,3,3
62091,136,133,3,3
62092,83,80,3,3
62093,27,50,-23,23
62094,108,104,4,4
62095,147,129,18,18
62096,120,121,-1,1
62097,73,91,-18,18
62098,60,71,-11,11
62099,123,123,0,0
62100,89,91,-2,2
62101,73,68,5,5
62102,64,69,-5,5
62103,62,69,-7,7
62104,100,95,5,5
62105,100,91,9,9
62106,48,66,-18,18
62107,119,108,11,11
62108,53,59,-6,6
62109,142,142,0,0
62110,58,63,-5,5
62111,100,105,-5,5
62112,77,77,0,0
62113,71,85,-14,14
62114,126,125,1,1
62115,50,58,-8,8
62116,205,165,40,40
62117,60,67,-7,7
62118,91,89,2,2
62119,70,78,-8,8
62120,90,95,-5,5
62121,159,151,8,8
62122,75,78,-3,3
62123,116,95,21,21
62124,109,112,-3,3
62125,143,132,11,11
62126,112,102,10,10
62127,84,85,-1,1
62128,170,168,2,2
62129,150,144,6,6
62130,109,102,7,7
62131,161,150,11,11
62132,99,103,-4,4
62133,127,109,18,18
62134,62,43,19,19
62135,133,127,6,6
62136,101,107,-6,6
62137,127,115,12,12
62138,89,87,2,2
62139,95,89,6,6
62140,150,136,14,14
62141,49,52,-3,3
62142,92,92,0,0
62143,92,90,2,2
62144,38,52,-14,14
62145,145,145,0,0
62146,156,155,1,1
62147,125,121,4,4
62148,51,53,-2,2
62149,134,108,26,26
62150,92,101,-9,9
62151,85,93,-8,8
62152,60,65,-5,5
62153,67,73,-6,6
62154,99,105,-6,6
62155,159,157,2,2
62156,86,92,-6,6
62157,75,62,13,13
62158,42,48,-6,6
62159,71,77,-6,6
62160,136,136,0,0
62161,67,79,-12,12
62162,112,108,4,4
62163,71,76,-5,5
62164,48,63,-15,15
62165,139,137,2,2
62166,114,144,-30,30
62167,48,51,-3,3
62168,86,87,-1,1
62169,119,109,10,10
62170,94,92,2,2
62171,105,105,0,0
62172,104,95,9,9
62173,85,89,-4,4
62174,66,66,0,0
62175,93,88,5,5
62176,88,95,-7,7
62177,67,70,-3,3
62178,91,96,-5,5
62179,110,105,5,5
62180,80,75,5,5
62181,98,102,-4,4
62182,126,124,2,2
62183,52,64,-12,12
62184,63,72,-9,9
62185,91,96,-5,5
62186,103,102,1,1
62187,68,70,-2,2
62188,73,82,-9,9
62189,95,97,-2,2
62190,100,96,4,4
62191,111,97,14,14
62192,100,102,-2,2
62193,75,78,-3,3
62194,84,90,-6,6
62195,75,82,-7,7
62196,139,123,16,16
62197,105,106,-1,1
62198,84,93,-9,9
62199,137,121,16,16
62200,65,95,-30,30
62201,97,92,5,5
62202,78,81,-3,3
62203,122,124,-2,2
62204,72,78,-6,6
62205,80,94,-14,14
62206,132,118,14,14
62207,113,106,7,7
62208,121,115,6,6
62209,72,74,-2,2
62210,95,100,-5,5
62211,124,118,6,6
62212,122,117,5,5
62213,152,148,4,4
62214,105,98,7,7
62215,103,109,-6,6
62216,111,102,9,9
62217,60,56,4,4
62218,75,93,-18,18
62219,69,74,-5,5
62220,85,78,7,7
62221,91,97,-6,6
62222,106,95,11,11
62223,76,85,-9,9
62224,43,52,-9,9
62225,65,66,-1,1
62226,180,171,9,9
62227,38,62,-24,24
62228,86,85,1,1
62229,77,78,-1,1
62230,110,109,1,1
62231,111,109,2,2
62232,134,124,10,10
62233,123,126,-3,3
62234,67,71,-4,4
62235,77,82,-5,5
62236,95,101,-6,6
62237,94,91,3,3
62238,131,126,5,5
62239,88,100,-12,12
62240,130,122,8,8
62241,78,79,-1,1
62242,98,96,2,2
62243,66,68,-2,2
62244,63,70,-7,7
62245,85,82,3,3
62246,82,84,-2,2
62247,82,89,-7,7
62248,104,99,5,5
62249,120,115,5,5
62250,68,73,-5,5
62251,108,107,1,1
62252,101,94,7,7
62253,102,96,6,6
62254,161,156,5,5
62255,48,60,-12,12
62256,82,90,-8,8
62257,134,128,6,6
62258,102,94,8,8
62259,47,56,-9,9
62260,101,79,22,22
62261,103,96,7,7
62262,158,139,19,19
62263,79,84,-5,5
62264,126,119,7,7
62265,72,80,-8,8
62266,103,99,4,4
62267,86,96,-10,10
62268,73,84,-11,11
62269,150,144,6,6
62270,69,69,0,0
62271,89,85,4,4
62272,102,95,7,7
62273,89,89,0,0
62274,92,95,-3,3
62275,91,86,5,5
62276,69,72,-3,3
62277,31,47,-16,16
62278,62,61,1,1
62279,74,80,-6,6
62280,73,70,3,3
62281,92,81,11,11
62282,68,72,-4,4
62283,121,111,10,10
62284,160,154,6,6
62285,124,118,6,6
62286,71,71,0,0
62287,98,87,11,11
62288,85,85,0,0
62289,93,88,5,5
62290,87,80,7,7
62291,210,171,39,39
62292,74,77,-3,3
62293,84,90,-6,6
62294,141,138,3,3
62295,68,72,-4,4
62296,118,112,6,6
62297,75,79,-4,4
62298,150,145,5,5
62299,162,152,10,10
62300,59,61,-2,2
62301,82,82,0,0
62302,118,108,10,10
62303,94,100,-6,6
62304,75,93,-18,18
62305,71,74,-3,3
62306,131,118,13,13
62307,120,109,11,11
62308,91,92,-1,1
62309,112,103,9,9
62310,145,140,5,5
62311,93,85,8,8
62312,93,87,6,6
62313,89,77,12,12
62314,110,102,8,8
62315,78,81,-3,3
62316,80,78,2,2
62317,133,130,3,3
62318,50,51,-1,1
62319,82,83,-1,1
62320,145,129,16,16
62321,126,106,20,20
62322,105,101,4,4
62323,159,152,7,7
62324,118,120,-2,2
62325,142,133,9,9
62326,108,100,8,8
62327,110,109,1,1
62328,106,97,9,9
62329,119,115,4,4
62330,90,92,-2,2
62331,68,74,-6,6
62332,119,111,8,8
62333,162,151,11,11
62334,76,81,-5,5
62335,89,83,6,6
62336,57,64,-7,7
62337,79,80,-1,1
62338,72,81,-9,9
62339,110,96,14,14
62340,82,79,3,3
62341,76,74,2,2
62342,68,76,-8,8
62343,79,101,-22,22
62344,64,70,-6,6
62345,151,132,19,19
62346,64,68,-4,4
62347,110,101,9,9
62348,78,73,5,5
62349,123,118,5,5
62350,118,114,4,4
62351,58,67,-9,9
62352,140,131,9,9
62353,128,113,15,15
62354,57,57,0,0
62355,101,102,-1,1
62356,106,98,8,8
62357,71,79,-8,8
62358,61,62,-1,1
62359,187,156,31,31
62360,123,108,15,15
62361,64,66,-2,2
62362,59,68,-9,9
62363,83,84,-1,1
62364,68,74,-6,6
62365,83,78,5,5
62366,111,101,10,10
62367,86,93,-7,7
62368,87,91,-4,4
62369,97,95,2,2
62370,76,80,-4,4
62371,91,94,-3,3
62372,169,147,22,22
62373,51,52,-1,1
62374,57,74,-17,17
62375,168,165,3,3
62376,93,74,19,19
62377,93,88,5,5
62378,98,87,11,11
62379,76,86,-10,10
62380,142,133,9,9
62381,60,66,-6,6
62382,118,111,7,7
62383,40,64,-24,24
62384,68,65,3,3
62385,75,73,2,2
62386,97,96,1,1
62387,124,118,6,6
62388,68,65,3,3
62389,89,84,5,5
62390,109,108,1,1
62391,53,58,-5,5
62392,112,107,5,5
62393,140,144,-4,4
62394,113,101,12,12
62395,105,112,-7,7
62396,69,68,1,1
62397,98,116,-18,18
62398,150,144,6,6
62399,93,92,1,1
62400,117,121,-4,4
62401,44,50,-6,6
62402,65,63,2,2
62403,78,73,5,5
62404,149,144,5,5
62405,75,74,1,1
62406,82,83,-1,1
62407,93,88,5,5
62408,129,123,6,6
62409,46,57,-11,11
62410,56,54,2,2
62411,99,85,14,14
62412,31,51,-20,20
62413,113,109,4,4
62414,167,162,5,5
62415,113,114,-1,1
62416,171,167,4,4
62417,71,75,-4,4
62418,103,102,1,1
62419,76,80,-4,4
62420,64,61,3,3
62421,105,104,1,1
62422,176,162,14,14
62423,127,114,13,13
62424,118,102,16,16
62425,88,98,-10,10
62426,133,126,7,7
62427,84,95,-11,11
62428,108,106,2,2
62429,72,71,1,1
62430,128,121,7,7
62431,36,48,-12,12
62432,116,105,11,11
62433,105,105,0,0
62434,85,89,-4,4
62435,48,56,-8,8
62436,142,123,19,19
62437,78,68,10,10
62438,72,78,-6,6
62439,255,221,34,34
62440,113,117,-4,4
62441,98,90,8,8
62442,143,131,12,12
62443,85,105,-20,20
62444,111,112,-1,1
62445,106,100,6,6
62446,111,109,2,2
62447,84,79,5,5
62448,74,78,-4,4
62449,87,90,-3,3
62450,133,130,3,3
62451,111,113,-2,2
62452,78,79,-1,1
62453,83,89,-6,6
62454,117,104,13,13
62455,97,93,4,4
62456,127,125,2,2
62457,66,70,-4,4
62458,124,114,10,10
62459,72,75,-3,3
62460,108,94,14,14
62461,124,121,3,3
62462,137,114,23,23
62463,84,85,-1,1
62464,175,169,6,6
62465,32,36,-4,4
62466,127,109,18,18
62467,139,138,1,1
62468,84,105,-21,21
62469,138,141,-3,3
62470,147,146,1,1
62471,49,57,-8,8
62472,87,85,2,2
62473,71,75,-4,4
62474,89,78,11,11
62475,122,117,5,5
62476,110,113,-3,3
62477,112,108,4,4
62478,161,145,16,16
62479,78,87,-9,9
62480,84,87,-3,3
62481,96,87,9,9
62482,83,84,-1,1
62483,166,145,21,21
62484,69,67,2,2
62485,48,50,-2,2
62486,84,76,8,8
62487,113,96,17,17
62488,89,92,-3,3
62489,51,59,-8,8
62490,101,101,0,0
62491,70,71,-1,1
62492,107,98,9,9
62493,99,94,5,5
62494,142,129,13,13
62495,123,109,14,14
62496,81,78,3,3
62497,60,63,-3,3
62498,139,125,14,14
62499,93,89,4,4
62500,123,132,-9,9
62501,101,81,20,20
62502,128,123,5,5
62503,72,74,-2,2
62504,134,116,18,18
62505,89,90,-1,1
62506,162,150,12,12
62507,129,109,20,20
62508,97,94,3,3
62509,63,76,-13,13
62510,88,90,-2,2
62511,47,54,-7,7
62512,163,147,16,16
62513,169,167,2,2
62514,88,83,5,5
62515,116,111,5,5
62516,68,73,-5,5
62517,66,71,-5,5
62518,75,78,-3,3
62519,79,85,-6,6
62520,132,130,2,2
62521,64,71,-7,7
62522,154,145,9,9
62523,159,130,29,29
62524,97,98,-1,1
62525,151,143,8,8
62526,64,69,-5,5
62527,86,77,9,9
62528,86,101,-15,15
62529,105,101,4,4
62530,135,132,3,3
62531,78,86,-8,8
62532,180,156,24,24
62533,126,114,12,12
62534,115,112,3,3
62535,95,104,-9,9
62536,123,105,18,18
62537,49,55,-6,6
62538,94,99,-5,5
62539,170,160,10,10
62540,92,89,3,3
62541,101,102,-1,1
62542,93,93,0,0
62543,123,134,-11,11
62544,83,77,6,6
62545,122,103,19,19
62546,109,118,-9,9
62547,67,62,5,5
62548,59,66,-7,7
62549,79,74,5,5
62550,82,86,-4,4
62551,69,72,-3,3
62552,83,90,-7,7
62553,116,105,11,11
62554,202,168,34,34
62555,92,101,-9,9
62556,95,91,4,4
62557,104,104,0,0
62558,124,113,11,11
62559,203,180,23,23
62560,95,93,2,2
62561,131,125,6,6
62562,42,47,-5,5
62563,106,88,18,18
62564,40,48,-8,8
62565,81,82,-1,1
62566,125,108,17,17
62567,82,84,-2,2
62568,121,112,9,9
62569,85,95,-10,10
62570,104,94,10,10
62571,82,79,3,3
62572,76,74,2,2
62573,60,65,-5,5
62574,91,77,14,14
62575,96,97,-1,1
62576,118,111,7,7
62577,101,94,7,7
62578,140,140,0,0
62579,153,147,6,6
62580,115,121,-6,6
62581,38,60,-22,22
62582,74,79,-5,5
62583,28,62,-34,34
62584,65,71,-6,6
62585,113,117,-4,4
62586,109,108,1,1
62587,93,93,0,0
62588,87,84,3,3
62589,54,61,-7,7
62590,125,118,7,7
62591,141,133,8,8
62592,114,117,-3,3
62593,122,114,8,8
62594,138,135,3,3
62595,98,93,5,5
62596,84,82,2,2
62597,118,113,5,5
62598,114,111,3,3
62599,69,75,-6,6
62600,47,62,-15,15
62601,72,65,7,7
62602,72,66,6,6
62603,85,85,0,0
62604,48,55,-7,7
62605,96,92,4,4
62606,90,89,1,1
62607,99,91,8,8
62608,122,126,-4,4
62609,60,66,-6,6
62610,80,88,-8,8
62611,79,86,-7,7
62612,54,58,-4,4
62613,90,92,-2,2
62614,84,89,-5,5
62615,98,98,0,0
62616,106,100,6,6
62617,70,79,-9,9
62618,93,85,8,8
62619,81,79,2,2
62620,108,102,6,6
62621,66,70,-4,4
62622,92,88,4,4
62623,58,58,0,0
62624,80,79,1,1
62625,72,77,-5,5
62626,92,87,5,5
62627,114,117,-3,3
62628,149,131,18,18
62629,85,82,3,3
62630,61,60,1,1
62631,104,94,10,10
62632,100,91,9,9
62633,132,127,5,5
62634,132,122,10,10
62635,114,100,14,14
62636,89,91,-2,2
62637,52,55,-3,3
62638,51,54,-3,3
62639,109,115,-6,6
62640,112,117,-5,5
62641,80,76,4,4
62642,158,169,-11,11
62643,103,93,10,10
62644,59,65,-6,6
62645,118,107,11,11
62646,114,108,6,6
62647,101,95,6,6
62648,64,68,-4,4
62649,75,75,0,0
62650,110,96,14,14
62651,168,170,-2,2
62652,109,97,12,12
62653,106,103,3,3
62654,32,79,-47,47
62655,86,90,-4,4
62656,185,147,38,38
62657,125,130,-5,5
62658,48,56,-8,8
62659,128,126,2,2
62660,138,138,0,0
62661,75,72,3,3
62662,84,100,-16,16
62663,115,99,16,16
62664,58,71,-13,13
62665,97,95,2,2
62666,152,133,19,19
62667,94,97,-3,3
62668,114,106,8,8
62669,130,137,-7,7
62670,61,65,-4,4
62671,185,161,24,24
62672,110,108,2,2
62673,58,62,-4,4
62674,79,83,-4,4
62675,79,78,1,1
62676,93,88,5,5
62677,129,123,6,6
62678,134,129,5,5
62679,98,101,-3,3
62680,162,151,11,11
62681,83,83,0,0
62682,107,94,13,13
62683,98,103,-5,5
62684,131,115,16,16
62685,57,57,0,0
62686,153,138,15,15
62687,126,122,4,4
62688,89,88,1,1
62689,68,69,-1,1
62690,131,117,14,14
62691,68,79,-11,11
62692,94,86,8,8
62693,135,121,14,14
62694,96,96,0,0
62695,95,101,-6,6
62696,90,87,3,3
62697,55,62,-7,7
62698,108,110,-2,2
62699,36,43,-7,7
62700,73,72,1,1
62701,73,83,-10,10
62702,102,99,3,3
62703,52,57,-5,5
62704,22,54,-32,32
62705,102,92,10,10
62706,136,119,17,17
62707,83,85,-2,2
62708,76,78,-2,2
62709,135,131,4,4
62710,116,117,-1,1
62711,69,73,-4,4
62712,42,51,-9,9
62713,86,77,9,9
62714,131,121,10,10
62715,119,111,8,8
62716,65,68,-3,3
62717,100,105,-5,5
62718,65,71,-6,6
62719,73,75,-2,2
62720,63,68,-5,5
62721,115,148,-33,33
62722,164,146,18,18
62723,146,146,0,0
62724,64,70,-6,6
62725,101,95,6,6
62726,124,113,11,11
62727,74,86,-12,12
62728,92,81,11,11
62729,90,89,1,1
62730,93,92,1,1
62731,76,82,-6,6
62732,133,132,1,1
62733,54,62,-8,8
62734,147,115,32,32
62735,107,108,-1,1
62736,132,112,20,20
62737,129,114,15,15
62738,95,91,4,4
62739,78,90,-12,12
62740,93,88,5,5
62741,85,94,-9,9
62742,138,149,-11,11
62743,106,103,3,3
62744,45,53,-8,8
62745,50,61,-11,11
62746,55,50,5,5
62747,44,58,-14,14
62748,70,75,-5,5
62749,125,118,7,7
62750,82,83,-1,1
62751,80,81,-1,1
62752,120,115,5,5
62753,100,96,4,4
62754,70,69,1,1
62755,65,68,-3,3
62756,96,100,-4,4
62757,93,91,2,2
62758,106,97,9,9
62759,168,149,19,19
62760,169,155,14,14
62761,95,85,10,10
62762,95,96,-1,1
62763,81,79,2,2
62764,65,68,-3,3
62765,64,80,-16,16
62766,62,78,-16,16
62767,119,112,7,7
62768,93,87,6,6
62769,77,76,1,1
62770,141,137,4,4
62771,66,69,-3,3
62772,76,90,-14,14
62773,148,137,11,11
62774,57,71,-14,14
62775,78,71,7,7
62776,134,108,26,26
62777,133,125,8,8
62778,66,69,-3,3
62779,75,73,2,2
62780,97,93,4,4
62781,131,115,16,16
62782,171,158,13,13
62783,222,201,21,21
62784,102,102,0,0
62785,60,65,-5,5
62786,144,142,2,2
62787,43,49,-6,6
62788,82,79,3,3
62789,84,85,-1,1
62790,92,97,-5,5
62791,94,77,17,17
62792,179,171,8,8
62793,119,118,1,1
62794,61,70,-9,9
62795,93,98,-5,5
62796,53,57,-4,4
62797,142,140,2,2
62798,69,72,-3,3
62799,90,93,-3,3
62800,139,136,3,3
62801,90,107,-17,17
62802,56,60,-4,4
62803,113,115,-2,2
62804,91,91,0,0
62805,86,87,-1,1
62806,111,105,6,6
62807,74,71,3,3
62808,139,124,15,15
62809,96,87,9,9
62810,105,97,8,8
62811,139,136,3,3
62812,61,68,-7,7
62813,70,75,-5,5
62814,70,77,-7,7
62815,61,63,-2,2
62816,127,133,-6,6
62817,92,98,-6,6
62818,120,108,12,12
62819,52,55,-3,3
62820,86,87,-1,1
62821,62,63,-1,1
62822,101,121,-20,20
62823,85,98,-13,13
62824,96,99,-3,3
62825,105,103,2,2
62826,122,117,5,5
62827,116,110,6,6
62828,98,83,15,15
62829,154,149,5,5
62830,100,93,7,7
62831,164,151,13,13
62832,162,150,12,12
62833,136,138,-2,2
62834,62,72,-10,10
62835,178,164,14,14
62836,109,94,15,15
62837,121,105,16,16
62838,108,121,-13,13
62839,84,88,-4,4
62840,131,114,17,17
62841,122,106,16,16
62842,64,75,-11,11
62843,84,86,-2,2
62844,72,75,-3,3
62845,185,161,24,24
62846,77,76,1,1
62847,137,151,-14,14
62848,93,100,-7,7
62849,86,95,-9,9
62850,144,124,20,20
62851,78,88,-10,10
62852,61,68,-7,7
62853,129,114,15,15
62854,52,68,-16,16
62855,195,174,21,21
62856,87,92,-5,5
62857,101,102,-1,1
62858,103,103,0,0
62859,169,155,14,14
62860,104,100,4,4
62861,80,79,1,1
62862,40,61,-21,21
62863,90,95,-5,5
62864,89,93,-4,4
62865,105,101,4,4
62866,86,92,-6,6
62867,133,123,10,10
62868,89,87,2,2
62869,64,66,-2,2
62870,94,100,-6,6
62871,86,94,-8,8
62872,128,120,8,8
62873,53,60,-7,7
62874,91,81,10,10
62875,74,73,1,1
62876,64,68,-4,4
62877,81,73,8,8
62878,66,73,-7,7
62879,76,71,5,5
62880,91,88,3,3
62881,76,76,0,0
62882,109,99,10,10
62883,77,75,2,2
62884,76,76,0,0
62885,110,98,12,12
62886,88,85,3,3
62887,120,110,10,10
62888,127,123,4,4
62889,106,105,1,1
62890,201,180,21,21
62891,111,108,3,3
62892,231,195,36,36
62893,59,68,-9,9
62894,150,139,11,11
62895,141,130,11,11
62896,62,62,0,0
62897,191,179,12,12
62898,119,118,1,1
62899,72,82,-10,10
62900,103,100,3,3
62901,79,86,-7,7
62902,106,105,1,1
62903,104,115,-11,11
62904,88,94,-6,6
62905,78,87,-9,9
62906,81,91,-10,10
62907,98,99,-1,1
62908,123,118,5,5
62909,142,137,5,5
62910,74,74,0,0
62911,163,148,15,15
62912,102,90,12,12
62913,60,64,-4,4
62914,133,115,18,18
62915,59,65,-6,6
62916,47,58,-11,11
62917,86,91,-5,5
62918,124,112,12,12
62919,28,34,-6,6
62920,59,65,-6,6
62921,124,133,-9,9
62922,105,100,5,5
62923,103,98,5,5
62924,80,82,-2,2
62925,82,79,3,3
62926,84,80,4,4
62927,128,123,5,5
62928,101,103,-2,2
62929,72,74,-2,2
62930,89,80,9,9
62931,119,116,3,3
62932,181,166,15,15
62933,146,143,3,3
62934,58,64,-6,6
62935,80,75,5,5
62936,37,48,-11,11
62937,45,59,-14,14
62938,95,104,-9,9
62939,108,102,6,6
62940,79,75,4,4
62941,85,77,8,8
62942,53,65,-12,12
62943,211,181,30,30
62944,103,100,3,3
62945,77,76,1,1
62946,75,73,2,2
62947,95,94,1,1
62948,102,92,10,10
62949,77,78,-1,1
62950,54,60,-6,6
62951,110,102,8,8
62952,121,109,12,12
62953,89,76,13,13
62954,93,97,-4,4
62955,44,52,-8,8
62956,84,96,-12,12
62957,135,122,13,13
62958,66,65,1,1
62959,104,110,-6,6
62960,141,128,13,13
62961,98,93,5,5
62962,90,95,-5,5
62963,115,108,7,7
62964,109,108,1,1
62965,69,77,-8,8
62966,64,64,0,0
62967,185,163,22,22
62968,114,106,8,8
62969,191,169,22,22
62970,49,54,-5,5
62971,83,89,-6,6
62972,100,100,0,0
62973,98,90,8,8
62974,69,82,-13,13
62975,103,90,13,13
62976,148,151,-3,3
62977,81,76,5,5
62978,151,147,4,4
62979,70,65,5,5
62980,88,83,5,5
62981,93,97,-4,4
62982,60,81,-21,21
62983,88,81,7,7
62984,63,70,-7,7
62985,92,87,5,5
62986,108,109,-1,1
62987,78,91,-13,13
62988,156,143,13,13
62989,63,66,-3,3
62990,58,64,-6,6
62991,38,42,-4,4
62992,107,99,8,8
62993,101,95,6,6
62994,65,79,-14,14
62995,120,118,2,2
62996,101,92,9,9
62997,106,96,10,10
62998,72,72,0,0
62999,127,116,11,11
63000,65,71,-6,6
63001,126,109,17,17
63002,113,109,4,4
63003,104,109,-5,5
63004,152,142,10,10
63005,57,63,-6,6
63006,83,78,5,5
63007,101,102,-1,1
63008,81,81,0,0
63009,54,68,-14,14
63010,80,82,-2,2
63011,83,89,-6,6
63012,31,27,4,4
63013,64,69,-5,5
63014,159,157,2,2
63015,133,124,9,9
63016,116,120,-4,4
63017,57,57,0,0
63018,99,90,9,9
63019,62,60,2,2
63020,90,87,3,3
63021,117,113,4,4
63022,142,125,17,17
63023,177,158,19,19
63024,59,62,-3,3
63025,89,100,-11,11
63026,69,69,0,0
63027,63,73,-10,10
63028,46,76,-30,30
63029,136,140,-4,4
63030,105,116,-11,11
63031,127,130,-3,3
63032,66,75,-9,9
63033,138,135,3,3
63034,71,73,-2,2
63035,97,97,0,0
63036,112,113,-1,1
63037,77,81,-4,4
63038,57,64,-7,7
63039,84,88,-4,4
63040,85,81,4,4
63041,111,100,11,11
63042,123,114,9,9
63043,110,112,-2,2
63044,114,115,-1,1
63045,111,134,-23,23
63046,71,82,-11,11
63047,93,87,6,6
63048,343,283,60,60
63049,72,75,-3,3
63050,186,157,29,29
63051,62,66,-4,4
63052,79,80,-1,1
63053,129,129,0,0
63054,121,134,-13,13
63055,105,100,5,5
63056,157,146,11,11
63057,115,105,10,10
63058,78,77,1,1
63059,179,176,3,3
63060,80,82,-2,2
63061,113,116,-3,3
63062,87,92,-5,5
63063,95,94,1,1
63064,95,99,-4,4
63065,104,101,3,3
63066,88,89,-1,1
63067,61,70,-9,9
63068,63,61,2,2
63069,87,103,-16,16
63070,157,160,-3,3
63071,92,113,-21,21
63072,53,60,-7,7
63073,128,113,15,15
63074,114,108,6,6
63075,95,98,-3,3
63076,102,101,1,1
63077,120,118,2,2
63078,110,115,-5,5
63079,207,184,23,23
63080,103,100,3,3
63081,55,60,-5,5
63082,98,95,3,3
63083,99,98,1,1
63084,94,98,-4,4
63085,82,89,-7,7
63086,60,85,-25,25
63087,95,101,-6,6
63088,113,103,10,10
63089,113,110,3,3
63090,105,98,7,7
63091,80,70,10,10
63092,104,106,-2,2
63093,97,95,2,2
63094,62,70,-8,8
63095,62,75,-13,13
63096,85,91,-6,6
63097,114,108,6,6
63098,72,67,5,5
63099,82,78,4,4
63100,94,85,9,9
63101,90,94,-4,4
63102,110,97,13,13
63103,90,84,6,6
63104,80,82,-2,2
63105,109,96,13,13
63106,61,70,-9,9
63107,185,170,15,15
63108,117,117,0,0
63109,139,134,5,5
63110,56,64,-8,8
63111,74,73,1,1
63112,107,110,-3,3
63113,78,88,-10,10
63114,51,57,-6,6
63115,87,87,0,0
63116,114,109,5,5
63117,83,83,0,0
63118,137,126,11,11
63119,117,109,8,8
63120,87,96,-9,9
63121,69,75,-6,6
63122,86,89,-3,3
63123,150,148,2,2
63124,162,150,12,12
63125,87,86,1,1
63126,68,68,0,0
63127,68,70,-2,2
63128,126,103,23,23
63129,109,99,10,10
63130,106,111,-5,5
63131,114,107,7,7
63132,136,141,-5,5
63133,128,108,20,20
63134,109,111,-2,2
63135,114,115,-1,1
63136,102,103,-1,1
63137,144,130,14,14
63138,52,57,-5,5
63139,73,84,-11,11
63140,116,109,7,7
63141,111,96,15,15
63142,106,106,0,0
63143,125,120,5,5
63144,119,102,17,17
63145,77,81,-4,4
63146,78,77,1,1
63147,62,64,-2,2
63148,80,88,-8,8
63149,101,102,-1,1
63150,130,127,3,3
63151,165,147,18,18
63152,88,78,10,10
63153,97,100,-3,3
63154,125,114,11,11
63155,55,64,-9,9
63156,76,83,-7,7
63157,124,125,-1,1
63158,82,85,-3,3
63159,60,68,-8,8
63160,107,103,4,4
63161,109,108,1,1
63162,162,148,14,14
63163,95,104,-9,9
63164,54,58,-4,4
63165,125,119,6,6
63166,107,97,10,10
63167,74,69,5,5
63168,155,147,8,8
63169,77,83,-6,6
63170,80,76,4,4
63171,122,122,0,0
63172,71,78,-7,7
63173,112,102,10,10
63174,61,69,-8,8
63175,88,92,-4,4
63176,171,151,20,20
63177,98,90,8,8
63178,59,66,-7,7
63179,150,149,1,1
63180,94,94,0,0
63181,112,109,3,3
63182,113,91,22,22
63183,92,92,0,0
63184,121,120,1,1
63185,101,96,5,5
63186,82,80,2,2
63187,125,108,17,17
63188,74,76,-2,2
63189,68,71,-3,3
63190,104,107,-3,3
63191,80,81,-1,1
63192,101,90,11,11
63193,96,102,-6,6
63194,96,94,2,2
63195,79,86,-7,7
63196,75,76,-1,1
63197,121,116,5,5
63198,173,153,20,20
63199,123,112,11,11
63200,124,116,8,8
63201,123,114,9,9
63202,129,127,2,2
63203,119,102,17,17
63204,107,108,-1,1
63205,117,107,10,10
63206,74,78,-4,4
63207,72,79,-7,7
63208,92,100,-8,8
63209,102,96,6,6
63210,123,130,-7,7
63211,119,124,-5,5
63212,71,73,-2,2
63213,64,73,-9,9
63214,108,104,4,4
63215,140,124,16,16
63216,90,93,-3,3
63217,128,111,17,17
63218,99,96,3,3
63219,82,95,-13,13
63220,156,148,8,8
63221,137,128,9,9
63222,78,71,7,7
63223,95,97,-2,2
63224,82,95,-13,13
63225,90,93,-3,3
63226,64,69,-5,5
63227,73,79,-6,6
63228,53,67,-14,14
63229,123,120,3,3
63230,62,70,-8,8
63231,92,99,-7,7
63232,123,114,9,9
63233,125,112,13,13
63234,41,49,-8,8
63235,187,168,19,19
63236,91,88,3,3
63237,76,78,-2,2
63238,176,159,17,17
63239,93,98,-5,5
63240,87,89,-2,2
63241,89,94,-5,5
63242,88,84,4,4
63243,99,93,6,6
63244,134,116,18,18
63245,95,96,-1,1
63246,105,103,2,2
63247,42,58,-16,16
63248,96,90,6,6
63249,50,66,-16,16
63250,63,67,-4,4
63251,95,103,-8,8
63252,99,94,5,5
63253,109,116,-7,7
63254,133,115,18,18
63255,90,81,9,9
63256,71,74,-3,3
63257,58,76,-18,18
63258,173,162,11,11
63259,77,74,3,3
63260,88,71,17,17
63261,72,73,-1,1
63262,116,108,8,8
63263,61,67,-6,6
63264,94,84,10,10
63265,117,119,-2,2
63266,114,110,4,4
63267,147,138,9,9
63268,125,114,11,11
63269,100,102,-2,2
63270,101,90,11,11
63271,112,108,4,4
63272,94,84,10,10
63273,119,107,12,12
63274,154,147,7,7
63275,82,83,-1,1
63276,58,68,-10,10
63277,131,113,18,18
63278,82,87,-5,5
63279,96,95,1,1
63280,80,75,5,5
63281,118,117,1,1
63282,51,67,-16,16
63283,164,156,8,8
63284,77,101,-24,24
63285,144,145,-1,1
63286,132,131,1,1
63287,89,86,3,3
63288,78,71,7,7
63289,51,61,-10,10
63290,100,101,-1,1
63291,108,105,3,3
63292,143,125,18,18
63293,88,87,1,1
63294,67,68,-1,1
63295,121,123,-2,2
63296,90,83,7,7
63297,65,70,-5,5
63298,79,80,-1,1
63299,144,132,12,12
63300,55,58,-3,3
63301,78,83,-5,5
63302,82,92,-10,10
63303,78,78,0,0
63304,160,155,5,5
63305,89,82,7,7
63306,101,105,-4,4
63307,114,99,15,15
63308,86,81,5,5
63309,155,150,5,5
63310,105,107,-2,2
63311,76,75,1,1
63312,149,140,9,9
63313,99,106,-7,7
63314,120,106,14,14
63315,69,72,-3,3
63316,102,99,3,3
63317,59,63,-4,4
63318,54,64,-10,10
63319,107,97,10,10
63320,60,64,-4,4
63321,70,67,3,3
63322,219,199,20,20
63323,83,82,1,1
63324,68,70,-2,2
63325,89,92,-3,3
63326,68,76,-8,8
63327,108,111,-3,3
63328,94,98,-4,4
63329,90,89,1,1
63330,171,153,18,18
63331,35,44,-9,9
63332,39,45,-6,6
63333,80,109,-29,29
63334,69,70,-1,1
63335,109,107,2,2
63336,112,112,0,0
63337,127,126,1,1
63338,87,88,-1,1
63339,60,117,-57,57
63340,67,76,-9,9
63341,151,140,11,11
63342,115,108,7,7
63343,86,91,-5,5
63344,97,85,12,12
63345,128,119,9,9
63346,137,119,18,18
63347,102,99,3,3
63348,76,81,-5,5
63349,33,37,-4,4
63350,89,89,0,0
63351,68,67,1,1
63352,55,60,-5,5
63353,104,105,-1,1
63354,98,100,-2,2
63355,67,67,0,0
63356,103,94,9,9
63357,87,88,-1,1
63358,92,91,1,1
63359,97,86,11,11
63360,144,135,9,9
63361,94,103,-9,9
63362,95,86,9,9
63363,131,112,19,19
63364,102,92,10,10
63365,132,128,4,4
63366,83,86,-3,3
63367,127,126,1,1
63368,71,71,0,0
63369,86,86,0,0
63370,202,172,30,30
63371,181,162,19,19
63372,129,129,0,0
63373,112,106,6,6
63374,118,114,4,4
63375,46,48,-2,2
63376,120,100,20,20
63377,55,69,-14,14
63378,141,130,11,11
63379,92,87,5,5
63380,137,136,1,1
63381,59,64,-5,5
63382,192,184,8,8
63383,144,144,0,0
63384,91,94,-3,3
63385,111,106,5,5
63386,52,55,-3,3
63387,135,123,12,12
63388,43,57,-14,14
63389,138,117,21,21
63390,159,140,19,19
63391,88,94,-6,6
63392,63,68,-5,5
63393,90,92,-2,2
63394,101,95,6,6
63395,72,74,-2,2
63396,64,64,0,0
63397,81,77,4,4
63398,94,92,2,2
63399,125,125,0,0
63400,64,67,-3,3
63401,68,74,-6,6
63402,77,84,-7,7
63403,125,123,2,2
63404,68,71,-3,3
63405,131,126,5,5
63406,72,72,0,0
63407,113,104,9,9
63408,136,137,-1,1
63409,136,123,13,13
63410,129,113,16,16
63411,118,110,8,8
63412,79,77,2,2
63413,98,93,5,5
63414,117,114,3,3
63415,98,103,-5,5
63416,30,40,-10,10
63417,76,72,4,4
63418,87,83,4,4
63419,110,100,10,10
63420,80,83,-3,3
63421,48,65,-17,17
63422,120,110,10,10
63423,98,102,-4,4
63424,43,53,-10,10
63425,84,83,1,1
63426,62,66,-4,4
63427,165,159,6,6
63428,56,63,-7,7
63429,85,85,0,0
63430,109,99,10,10
63431,149,134,15,15
63432,55,58,-3,3
63433,89,95,-6,6
63434,68,77,-9,9
63435,68,71,-3,3
63436,146,141,5,5
63437,112,108,4,4
63438,104,97,7,7
63439,49,57,-8,8
63440,67,66,1,1
63441,70,68,2,2
63442,109,100,9,9
63443,56,61,-5,5
63444,148,143,5,5
63445,97,99,-2,2
63446,79,80,-1,1
63447,116,105,11,11
63448,97,95,2,2
63449,79,79,0,0
63450,74,70,4,4
63451,67,63,4,4
63452,118,109,9,9
63453,72,78,-6,6
63454,128,105,23,23
63455,113,112,1,1
63456,103,108,-5,5
63457,86,91,-5,5
63458,59,67,-8,8
63459,114,117,-3,3
63460,125,129,-4,4
63461,105,100,5,5
63462,70,70,0,0
63463,147,133,14,14
63464,90,81,9,9
63465,81,90,-9,9
63466,65,76,-11,11
63467,63,66,-3,3
63468,110,105,5,5
63469,108,96,12,12
63470,62,80,-18,18
63471,107,103,4,4
63472,47,55,-8,8
63473,76,78,-2,2
63474,92,92,0,0
63475,129,124,5,5
63476,87,89,-2,2
63477,90,81,9,9
63478,75,80,-5,5
63479,69,75,-6,6
63480,61,68,-7,7
63481,76,75,1,1
63482,49,57,-8,8
63483,133,121,12,12
63484,147,146,1,1
63485,115,103,12,12
63486,88,95,-7,7
63487,70,71,-1,1
63488,77,78,-1,1
63489,64,66,-2,2
63490,182,158,24,24
63491,103,97,6,6
63492,91,93,-2,2
63493,104,98,6,6
63494,67,64,3,3
63495,90,93,-3,3
63496,81,85,-4,4
63497,140,134,6,6
63498,64,71,-7,7
63499,132,127,5,5
63500,64,65,-1,1
63501,117,115,2,2
63502,86,95,-9,9
63503,216,182,34,34
63504,129,118,11,11
63505,107,106,1,1
63506,114,107,7,7
63507,99,91,8,8
63508,232,192,40,40
63509,81,84,-3,3
63510,117,114,3,3
63511,142,138,4,4
63512,33,39,-6,6
63513,80,83,-3,3
63514,95,90,5,5
63515,84,81,3,3
63516,111,116,-5,5
63517,53,63,-10,10
63518,47,63,-16,16
63519,80,81,-1,1
63520,81,82,-1,1
63521,74,74,0,0
63522,49,58,-9,9
63523,124,109,15,15
63524,98,93,5,5
63525,155,152,3,3
63526,58,64,-6,6
63527,111,103,8,8
63528,99,109,-10,10
63529,124,113,11,11
63530,62,66,-4,4
63531,55,62,-7,7
63532,72,73,-1,1
63533,62,74,-12,12
63534,74,72,2,2
63535,76,67,9,9
63536,102,96,6,6
63537,87,90,-3,3
63538,136,128,8,8
63539,89,84,5,5
63540,68,71,-3,3
63541,67,71,-4,4
63542,97,101,-4,4
63543,123,112,11,11
63544,170,147,23,23
63545,120,116,4,4
63546,110,113,-3,3
63547,100,96,4,4
63548,37,49,-12,12
63549,84,72,12,12
63550,62,67,-5,5
63551,145,131,14,14
63552,106,104,2,2
63553,115,104,11,11
63554,126,125,1,1
63555,141,148,-7,7
63556,92,89,3,3
63557,110,106,4,4
63558,59,71,-12,12
63559,90,84,6,6
63560,77,77,0,0
63561,70,73,-3,3
63562,77,74,3,3
63563,79,75,4,4
63564,154,141,13,13
63565,137,137,0,0
63566,106,102,4,4
63567,116,107,9,9
63568,119,106,13,13
63569,65,63,2,2
63570,139,130,9,9
63571,145,127,18,18
63572,141,136,5,5
63573,119,108,11,11
63574,70,75,-5,5
63575,78,80,-2,2
63576,75,64,11,11
63577,100,94,6,6
63578,163,148,15,15
63579,162,154,8,8
63580,153,144,9,9
63581,94,96,-2,2
63582,74,74,0,0
63583,88,89,-1,1
63584,67,73,-6,6
63585,100,107,-7,7
63586,117,119,-2,2
63587,80,77,3,3
63588,95,84,11,11
63589,77,79,-2,2
63590,121,111,10,10
63591,141,133,8,8
63592,83,77,6,6
63593,55,63,-8,8
63594,87,79,8,8
63595,76,80,-4,4
63596,116,105,11,11
63597,162,174,-12,12
63598,114,109,5,5
63599,79,80,-1,1
63600,117,119,-2,2
63601,54,61,-7,7
63602,87,91,-4,4
63603,124,121,3,3
63604,101,97,4,4
63605,53,59,-6,6
63606,133,127,6,6
63607,75,90,-15,15
63608,78,89,-11,11
63609,69,82,-13,13
63610,40,47,-7,7
63611,84,82,2,2
63612,94,94,0,0
63613,75,72,3,3
63614,95,95,0,0
63615,82,96,-14,14
63616,75,74,1,1
63617,141,114,27,27
63618,98,100,-2,2
63619,101,111,-10,10
63620,49,53,-4,4
63621,45,48,-3,3
63622,94,95,-1,1
63623,132,108,24,24
63624,122,103,19,19
63625,96,96,0,0
63626,89,85,4,4
63627,114,112,2,2
63628,112,103,9,9
63629,55,68,-13,13
63630,63,66,-3,3
63631,133,111,22,22
63632,71,81,-10,10
63633,81,74,7,7
63634,104,106,-2,2
63635,97,85,12,12
63636,103,107,-4,4
63637,110,98,12,12
63638,91,91,0,0
63639,60,65,-5,5
63640,58,67,-9,9
63641,91,90,1,1
63642,69,75,-6,6
63643,75,88,-13,13
63644,175,170,5,5
63645,62,67,-5,5
63646,121,118,3,3
63647,64,68,-4,4
63648,103,97,6,6
63649,109,80,29,29
63650,111,100,11,11
63651,87,80,7,7
63652,146,132,14,14
63653,68,72,-4,4
63654,69,73,-4,4
63655,79,84,-5,5
63656,111,112,-1,1
63657,72,71,1,1
63658,110,102,8,8
63659,106,104,2,2
63660,112,100,12,12
63661,85,76,9,9
63662,153,151,2,2
63663,102,86,16,16
63664,75,79,-4,4
63665,123,109,14,14
63666,80,93,-13,13
63667,81,85,-4,4
63668,76,77,-1,1
63669,107,120,-13,13
63670,163,153,10,10
63671,75,85,-10,10
63672,83,82,1,1
63673,72,70,2,2
63674,73,76,-3,3
63675,47,57,-10,10
63676,127,120,7,7
63677,31,33,-2,2
63678,88,83,5,5
63679,131,126,5,5
63680,140,148,-8,8
63681,172,161,11,11
63682,86,81,5,5
63683,137,128,9,9
63684,108,102,6,6
63685,67,72,-5,5
63686,157,166,-9,9
63687,42,58,-16,16
63688,81,82,-1,1
63689,96,88,8,8
63690,189,168,21,21
63691,97,106,-9,9
63692,82,88,-6,6
63693,105,93,12,12
63694,107,96,11,11
63695,81,84,-3,3
63696,44,48,-4,4
63697,93,92,1,1
63698,63,66,-3,3
63699,46,92,-46,46
63700,128,129,-1,1
63701,133,137,-4,4
63702,40,50,-10,10
63703,119,109,10,10
63704,100,91,9,9
63705,96,93,3,3
63706,84,88,-4,4
63707,188,174,14,14
63708,66,71,-5,5
63709,145,142,3,3
63710,50,63,-13,13
63711,74,74,0,0
63712,82,83,-1,1
63713,92,89,3,3
63714,131,125,6,6
63715,69,71,-2,2
63716,97,91,6,6
63717,137,131,6,6
63718,98,98,0,0
63719,67,73,-6,6
63720,107,109,-2,2
63721,49,53,-4,4
63722,76,78,-2,2
63723,66,69,-3,3
63724,170,154,16,16
63725,101,104,-3,3
63726,95,83,12,12
63727,76,79,-3,3
63728,82,81,1,1
63729,84,82,2,2
63730,106,107,-1,1
63731,64,79,-15,15
63732,91,91,0,0
63733,86,84,2,2
63734,54,58,-4,4
63735,82,97,-15,15
63736,89,92,-3,3
63737,97,96,1,1
63738,161,150,11,11
63739,48,49,-1,1
63740,109,105,4,4
63741,159,146,13,13
63742,106,106,0,0
63743,181,152,29,29
63744,129,130,-1,1
63745,101,105,-4,4
63746,114,105,9,9
63747,126,112,14,14
63748,168,147,21,21
63749,95,98,-3,3
63750,80,85,-5,5
63751,96,93,3,3
63752,35,55,-20,20
63753,73,77,-4,4
63754,89,86,3,3
63755,107,96,11,11
63756,88,91,-3,3
63757,92,96,-4,4
63758,91,82,9,9
63759,91,83,8,8
63760,120,131,-11,11
63761,82,81,1,1
63762,80,84,-4,4
63763,55,59,-4,4
63764,76,71,5,5
63765,72,73,-1,1
63766,105,98,7,7
63767,113,107,6,6
63768,67,68,-1,1
63769,101,103,-2,2
63770,80,81,-1,1
63771,80,87,-7,7
63772,96,89,7,7
63773,71,80,-9,9
63774,148,147,1,1
63775,72,71,1,1
63776,127,129,-2,2
63777,75,77,-2,2
63778,83,88,-5,5
63779,90,94,-4,4
63780,86,90,-4,4
63781,75,83,-8,8
63782,72,77,-5,5
63783,70,64,6,6
63784,105,101,4,4
63785,41,47,-6,6
63786,68,72,-4,4
63787,86,81,5,5
63788,64,62,2,2
63789,86,90,-4,4
63790,51,61,-10,10
63791,124,110,14,14
63792,88,93,-5,5
63793,93,95,-2,2
63794,54,71,-17,17
63795,71,68,3,3
63796,132,129,3,3
63797,101,96,5,5
63798,172,151,21,21
63799,176,164,12,12
63800,173,168,5,5
63801,130,121,9,9
63802,79,77,2,2
63803,102,103,-1,1
63804,133,125,8,8
63805,90,74,16,16
63806,102,96,6,6
63807,65,68,-3,3
63808,128,118,10,10
63809,159,121,38,38
63810,57,61,-4,4
63811,171,155,16,16
63812,66,74,-8,8
63813,165,150,15,15
63814,51,52,-1,1
63815,111,108,3,3
63816,211,173,38,38
63817,89,83,6,6
63818,74,78,-4,4
63819,86,96,-10,10
63820,129,104,25,25
63821,67,65,2,2
63822,112,109,3,3
63823,102,87,15,15
63824,76,76,0,0
63825,67,80,-13,13
63826,96,94,2,2
63827,115,113,2,2
63828,95,99,-4,4
63829,129,121,8,8
63830,78,75,3,3
63831,58,67,-9,9
63832,93,93,0,0
63833,53,55,-2,2
63834,62,67,-5,5
63835,89,90,-1,1
63836,110,107,3,3
63837,109,116,-7,7
63838,34,66,-32,32
63839,94,84,10,10
63840,54,61,-7,7
63841,111,110,1,1
63842,128,126,2,2
63843,141,134,7,7
63844,92,86,6,6
63845,102,86,16,16
63846,94,98,-4,4
63847,130,118,12,12
63848,93,98,-5,5
63849,86,77,9,9
63850,102,98,4,4
63851,137,116,21,21
63852,55,52,3,3
63853,118,110,8,8
63854,121,111,10,10
63855,155,142,13,13
63856,71,79,-8,8
63857,140,135,5,5
63858,64,75,-11,11
63859,110,116,-6,6
63860,119,118,1,1
63861,55,64,-9,9
63862,80,86,-6,6
63863,142,128,14,14
63864,44,59,-15,15
63865,111,110,1,1
63866,113,106,7,7
63867,146,126,20,20
63868,169,165,4,4
63869,129,119,10,10
63870,76,84,-8,8
63871,67,67,0,0
63872,75,75,0,0
63873,68,71,-3,3
63874,74,80,-6,6
63875,80,78,2,2
63876,33,41,-8,8
63877,91,89,2,2
63878,75,73,2,2
63879,94,89,5,5
63880,142,126,16,16
63881,50,105,-55,55
63882,193,185,8,8
63883,81,85,-4,4
63884,111,102,9,9
63885,130,124,6,6
63886,51,58,-7,7
63887,73,73,0,0
63888,136,140,-4,4
63889,94,92,2,2
63890,111,97,14,14
63891,119,114,5,5
63892,101,100,1,1
63893,79,75,4,4
63894,92,91,1,1
63895,84,82,2,2
63896,48,61,-13,13
63897,105,105,0,0
63898,87,78,9,9
63899,91,94,-3,3
63900,78,83,-5,5
63901,136,146,-10,10
63902,123,119,4,4
63903,130,123,7,7
63904,126,114,12,12
63905,84,91,-7,7
63906,122,121,1,1
63907,124,116,8,8
63908,117,110,7,7
63909,49,53,-4,4
63910,63,65,-2,2
63911,64,67,-3,3
63912,57,65,-8,8
63913,37,51,-14,14
63914,38,52,-14,14
63915,56,60,-4,4
63916,137,126,11,11
63917,109,109,0,0
63918,158,147,11,11
63919,112,116,-4,4
63920,96,102,-6,6
63921,99,100,-1,1
63922,68,73,-5,5
63923,94,96,-2,2
63924,118,115,3,3
63925,80,83,-3,3
63926,78,84,-6,6
63927,94,90,4,4
63928,172,163,9,9
63929,39,48,-9,9
63930,62,76,-14,14
63931,152,132,20,20
63932,120,111,9,9
63933,90,85,5,5
63934,105,96,9,9
63935,80,79,1,1
63936,58,66,-8,8
63937,51,62,-11,11
63938,90,88,2,2
63939,107,99,8,8
63940,71,77,-6,6
63941,61,71,-10,10
63942,111,126,-15,15
63943,88,93,-5,5
63944,56,65,-9,9
63945,93,91,2,2
63946,106,100,6,6
63947,96,93,3,3
63948,81,90,-9,9
63949,63,63,0,0
63950,112,113,-1,1
63951,120,106,14,14
63952,59,59,0,0
63953,103,90,13,13
63954,50,61,-11,11
63955,115,94,21,21
63956,54,68,-14,14
63957,71,72,-1,1
63958,59,61,-2,2
63959,115,105,10,10
63960,47,60,-13,13
63961,100,96,4,4
63962,77,79,-2,2
63963,195,168,27,27
63964,118,111,7,7
63965,90,92,-2,2
63966,101,99,2,2
63967,141,128,13,13
63968,153,144,9,9
63969,72,80,-8,8
63970,76,83,-7,7
63971,141,117,24,24
63972,168,146,22,22
63973,189,161,28,28
63974,52,60,-8,8
63975,90,89,1,1
63976,81,85,-4,4
63977,54,61,-7,7
63978,128,115,13,13
63979,86,90,-4,4
63980,65,73,-8,8
63981,53,57,-4,4
63982,57,63,-6,6
63983,90,71,19,19
63984,73,80,-7,7
63985,75,84,-9,9
63986,85,82,3,3
63987,143,136,7,7
63988,44,61,-17,17
63989,81,75,6,6
63990,76,83,-7,7
63991,126,118,8,8
63992,46,57,-11,11
63993,139,124,15,15
63994,154,145,9,9
63995,161,154,7,7
63996,59,58,1,1
63997,78,83,-5,5
63998,85,85,0,0
63999,48,61,-13,13
64000,71,71,0,0
64001,79,82,-3,3
64002,65,67,-2,2
64003,78,78,0,0
64004,117,114,3,3
64005,51,56,-5,5
64006,153,91,62,62
64007,118,116,2,2
64008,66,67,-1,1
64009,75,80,-5,5
64010,102,106,-4,4
64011,85,84,1,1
64012,64,68,-4,4
64013,95,97,-2,2
64014,160,145,15,15
64015,94,90,4,4
64016,68,80,-12,12
64017,180,168,12,12
64018,52,79,-27,27
64019,106,106,0,0
64020,85,84,1,1
64021,115,125,-10,10
64022,57,55,2,2
64023,104,102,2,2
64024,53,61,-8,8
64025,79,75,4,4
64026,68,83,-15,15
64027,86,78,8,8
64028,121,110,11,11
64029,54,57,-3,3
64030,74,74,0,0
64031,122,138,-16,16
64032,67,70,-3,3
64033,128,127,1,1
64034,56,62,-6,6
64035,146,139,7,7
64036,111,114,-3,3
64037,86,89,-3,3
64038,96,87,9,9
64039,144,148,-4,4
64040,73,76,-3,3
64041,50,57,-7,7
64042,179,167,12,12
64043,83,88,-5,5
64044,62,66,-4,4
64045,103,100,3,3
64046,101,100,1,1
64047,59,66,-7,7
64048,74,70,4,4
64049,72,68,4,4
64050,75,86,-11,11
64051,109,109,0,0
64052,102,88,14,14
64053,143,131,12,12
64054,83,96,-13,13
64055,156,156,0,0
64056,124,110,14,14
64057,80,79,1,1
64058,161,144,17,17
64059,54,65,-11,11
64060,75,91,-16,16
64061,155,128,27,27
64062,117,104,13,13
64063,130,126,4,4
64064,225,185,40,40
64065,94,92,2,2
64066,63,64,-1,1
64067,72,71,1,1
64068,179,163,16,16
64069,141,136,5,5
64070,82,75,7,7
64071,62,57,5,5
64072,122,119,3,3
64073,79,75,4,4
64074,93,81,12,12
64075,137,155,-18,18
64076,110,112,-2,2
64077,137,130,7,7
64078,84,74,10,10
64079,64,68,-4,4
64080,64,62,2,2
64081,56,66,-10,10
64082,70,75,-5,5
64083,76,78,-2,2
64084,118,108,10,10
64085,88,81,7,7
64086,81,77,4,4
64087,129,118,11,11
64088,64,73,-9,9
64089,97,91,6,6
64090,123,123,0,0
64091,86,76,10,10
64092,97,94,3,3
64093,115,116,-1,1
64094,96,102,-6,6
64095,77,80,-3,3
64096,168,173,-5,5
64097,51,60,-9,9
64098,90,84,6,6
64099,56,67,-11,11
64100,71,81,-10,10
64101,107,107,0,0
64102,94,84,10,10
64103,46,61,-15,15
64104,118,107,11,11
64105,129,115,14,14
64106,106,108,-2,2
64107,81,84,-3,3
64108,82,78,4,4
64109,56,59,-3,3
64110,79,74,5,5
64111,71,74,-3,3
64112,148,150,-2,2
64113,205,176,29,29
64114,142,122,20,20
64115,85,79,6,6
64116,47,58,-11,11
64117,91,88,3,3
64118,108,100,8,8
64119,73,71,2,2
64120,102,103,-1,1
64121,129,134,-5,5
64122,130,157,-27,27
64123,103,93,10,10
64124,70,92,-22,22
64125,90,85,5,5
64126,118,132,-14,14
64127,85,76,9,9
64128,63,71,-8,8
64129,62,64,-2,2
64130,93,92,1,1
64131,66,84,-18,18
64132,57,61,-4,4
64133,43,54,-11,11
64134,104,98,6,6
64135,131,118,13,13
64136,88,84,4,4
64137,79,81,-2,2
64138,83,73,10,10
64139,77,74,3,3
64140,82,85,-3,3
64141,109,102,7,7
64142,118,110,8,8
64143,134,131,3,3
64144,124,124,0,0
64145,105,107,-2,2
64146,102,96,6,6
64147,109,105,4,4
64148,100,97,3,3
64149,84,86,-2,2
64150,88,83,5,5
64151,86,85,1,1
64152,92,83,9,9
64153,125,113,12,12
64154,70,68,2,2
64155,167,136,31,31
64156,151,155,-4,4
64157,80,74,6,6
64158,125,101,24,24
64159,140,147,-7,7
64160,101,100,1,1
64161,68,67,1,1
64162,48,61,-13,13
64163,105,101,4,4
64164,72,71,1,1
64165,73,76,-3,3
64166,139,134,5,5
64167,88,90,-2,2
64168,65,97,-32,32
64169,100,97,3,3
64170,150,148,2,2
64171,116,112,4,4
64172,64,68,-4,4
64173,115,102,13,13
64174,58,66,-8,8
64175,132,139,-7,7
64176,91,84,7,7
64177,75,68,7,7
64178,98,100,-2,2
64179,109,106,3,3
64180,115,102,13,13
64181,86,94,-8,8
64182,100,88,12,12
64183,77,77,0,0
64184,156,155,1,1
64185,63,64,-1,1
64186,81,83,-2,2
64187,95,90,5,5
64188,70,72,-2,2
64189,100,99,1,1
64190,92,91,1,1
64191,150,150,0,0
64192,99,105,-6,6
64193,133,120,13,13
64194,46,56,-10,10
64195,99,91,8,8
64196,128,116,12,12
64197,77,80,-3,3
64198,77,79,-2,2
64199,62,70,-8,8
64200,175,146,29,29
64201,183,168,15,15
64202,80,84,-4,4
64203,124,116,8,8
64204,116,109,7,7
64205,140,148,-8,8
64206,74,71,3,3
64207,104,116,-12,12
64208,43,58,-15,15
64209,191,171,20,20
64210,245,224,21,21
64211,94,88,6,6
64212,110,97,13,13
64213,86,88,-2,2
64214,49,64,-15,15
64215,116,113,3,3
64216,58,63,-5,5
64217,51,56,-5,5
64218,96,95,1,1
64219,73,79,-6,6
64220,100,101,-1,1
64221,83,131,-48,48
64222,130,122,8,8
64223,64,72,-8,8
64224,77,79,-2,2
64225,126,127,-1,1
64226,52,56,-4,4
64227,84,81,3,3
64228,69,84,-15,15
64229,107,124,-17,17
64230,104,92,12,12
64231,55,61,-6,6
64232,87,95,-8,8
64233,88,95,-7,7
64234,147,149,-2,2
64235,122,110,12,12
64236,120,109,11,11
64237,166,155,11,11
64238,80,90,-10,10
64239,122,117,5,5
64240,43,47,-4,4
64241,121,107,14,14
64242,70,76,-6,6
64243,101,98,3,3
64244,57,65,-8,8
64245,100,92,8,8
64246,52,61,-9,9
64247,69,73,-4,4
64248,52,53,-1,1
64249,60,65,-5,5
64250,74,72,2,2
64251,92,94,-2,2
64252,47,58,-11,11
64253,91,94,-3,3
64254,72,78,-6,6
64255,45,50,-5,5
64256,70,79,-9,9
64257,119,117,2,2
64258,113,113,0,0
64259,51,60,-9,9
64260,56,65,-9,9
64261,95,91,4,4
64262,82,92,-10,10
64263,79,80,-1,1
64264,70,75,-5,5
64265,78,80,-2,2
64266,94,94,0,0
64267,68,69,-1,1
64268,87,95,-8,8
64269,164,169,-5,5
64270,101,92,9,9
64271,145,142,3,3
64272,50,55,-5,5
64273,65,81,-16,16
64274,108,98,10,10
64275,77,77,0,0
64276,153,134,19,19
64277,113,103,10,10
64278,181,151,30,30
64279,52,57,-5,5
64280,96,98,-2,2
64281,139,127,12,12
64282,91,93,-2,2
64283,73,76,-3,3
64284,77,80,-3,3
64285,71,74,-3,3
64286,51,55,-4,4
64287,90,91,-1,1
64288,68,68,0,0
64289,73,75,-2,2
64290,94,101,-7,7
64291,69,70,-1,1
64292,90,91,-1,1
64293,154,153,1,1
64294,163,139,24,24
64295,74,78,-4,4
64296,55,65,-10,10
64297,73,79,-6,6
64298,33,29,4,4
64299,154,140,14,14
64300,70,55,15,15
64301,72,77,-5,5
64302,96,102,-6,6
64303,117,110,7,7
64304,127,117,10,10
64305,84,90,-6,6
64306,99,102,-3,3
64307,72,72,0,0
64308,144,128,16,16
64309,74,78,-4,4
64310,75,79,-4,4
64311,89,85,4,4
64312,122,114,8,8
64313,165,153,12,12
64314,45,52,-7,7
64315,82,89,-7,7
64316,84,81,3,3
64317,166,157,9,9
64318,140,125,15,15
64319,96,103,-7,7
64320,73,72,1,1
64321,200,177,23,23
64322,113,110,3,3
64323,137,126,11,11
64324,87,89,-2,2
64325,127,120,7,7
64326,74,66,8,8
64327,89,85,4,4
64328,128,132,-4,4
64329,73,79,-6,6
64330,53,56,-3,3
64331,26,50,-24,24
64332,104,102,2,2
64333,91,85,6,6
64334,157,148,9,9
64335,93,87,6,6
64336,125,128,-3,3
64337,66,65,1,1
64338,125,113,12,12
64339,144,116,28,28
64340,106,99,7,7
64341,129,116,13,13
64342,86,95,-9,9
64343,188,170,18,18
64344,142,127,15,15
64345,54,60,-6,6
64346,185,151,34,34
64347,152,143,9,9
64348,55,57,-2,2
64349,74,80,-6,6
64350,132,136,-4,4
64351,80,76,4,4
64352,77,77,0,0
64353,67,73,-6,6
64354,71,71,0,0
64355,129,115,14,14
64356,116,104,12,12
64357,97,93,4,4
64358,39,49,-10,10
64359,44,56,-12,12
64360,73,77,-4,4
64361,78,76,2,2
64362,68,67,1,1
64363,57,59,-2,2
64364,97,82,15,15
64365,77,77,0,0
64366,159,149,10,10
64367,144,126,18,18
64368,58,66,-8,8
64369,74,83,-9,9
64370,47,56,-9,9
64371,86,84,2,2
64372,95,83,12,12
64373,74,74,0,0
64374,84,96,-12,12
64375,175,162,13,13
64376,47,51,-4,4
64377,110,100,10,10
64378,181,164,17,17
64379,117,113,4,4
64380,77,71,6,6
64381,88,79,9,9
64382,84,90,-6,6
64383,56,56,0,0
64384,49,52,-3,3
64385,75,83,-8,8
64386,58,59,-1,1
64387,110,109,1,1
64388,80,83,-3,3
64389,120,123,-3,3
64390,79,95,-16,16
64391,107,109,-2,2
64392,79,80,-1,1
64393,69,72,-3,3
64394,36,49,-13,13
64395,106,104,2,2
64396,64,66,-2,2
64397,91,96,-5,5
64398,70,75,-5,5
64399,69,71,-2,2
64400,75,82,-7,7
64401,54,59,-5,5
64402,69,78,-9,9
64403,105,109,-4,4
64404,67,73,-6,6
64405,28,43,-15,15
64406,57,63,-6,6
64407,46,45,1,1
64408,52,60,-8,8
64409,122,117,5,5
64410,101,95,6,6
64411,129,115,14,14
64412,143,148,-5,5
64413,193,170,23,23
64414,55,62,-7,7
64415,92,91,1,1
64416,107,88,19,19
64417,137,117,20,20
64418,100,100,0,0
64419,61,71,-10,10
64420,113,99,14,14
64421,112,105,7,7
64422,78,73,5,5
64423,82,89,-7,7
64424,58,70,-12,12
64425,65,55,10,10
64426,52,64,-12,12
64427,106,103,3,3
64428,47,58,-11,11
64429,72,82,-10,10
64430,75,82,-7,7
64431,135,137,-2,2
64432,87,89,-2,2
64433,175,163,12,12
64434,99,103,-4,4
64435,50,56,-6,6
64436,90,86,4,4
64437,83,90,-7,7
64438,68,72,-4,4
64439,85,86,-1,1
64440,73,78,-5,5
64441,58,71,-13,13
64442,78,77,1,1
64443,89,95,-6,6
64444,49,56,-7,7
64445,73,68,5,5
64446,108,86,22,22
64447,60,70,-10,10
64448,142,131,11,11
64449,217,183,34,34
64450,57,57,0,0
64451,61,62,-1,1
64452,82,78,4,4
64453,73,76,-3,3
64454,108,104,4,4
64455,139,143,-4,4
64456,80,80,0,0
64457,218,195,23,23
64458,119,118,1,1
64459,105,101,4,4
64460,57,65,-8,8
64461,106,109,-3,3
64462,74,82,-8,8
64463,77,82,-5,5
64464,143,135,8,8
64465,103,102,1,1
64466,120,113,7,7
64467,124,108,16,16
64468,112,103,9,9
64469,105,95,10,10
64470,144,141,3,3
64471,97,89,8,8
64472,65,67,-2,2
64473,74,74,0,0
64474,55,62,-7,7
64475,80,82,-2,2
64476,115,110,5,5
64477,145,145,0,0
64478,103,108,-5,5
64479,132,117,15,15
64480,46,53,-7,7
64481,59,62,-3,3
64482,83,79,4,4
64483,150,139,11,11
64484,182,164,18,18
64485,44,55,-11,11
64486,64,77,-13,13
64487,53,59,-6,6
64488,78,86,-8,8
64489,112,116,-4,4
64490,109,101,8,8
64491,95,101,-6,6
64492,62,86,-24,24
64493,57,66,-9,9
64494,130,125,5,5
64495,101,95,6,6
64496,135,135,0,0
64497,100,113,-13,13
64498,107,112,-5,5
64499,97,104,-7,7
64500,79,77,2,2
64501,80,85,-5,5
64502,94,76,18,18
64503,122,115,7,7
64504,57,65,-8,8
64505,58,66,-8,8
64506,76,76,0,0
64507,144,125,19,19
64508,51,53,-2,2
64509,54,63,-9,9
64510,85,86,-1,1
64511,61,67,-6,6
64512,148,121,27,27
64513,33,45,-12,12
64514,99,94,5,5
64515,117,108,9,9
64516,82,80,2,2
64517,54,79,-25,25
64518,144,131,13,13
64519,141,135,6,6
64520,80,88,-8,8
64521,203,175,28,28
64522,93,92,1,1
64523,65,69,-4,4
64524,61,59,2,2
64525,139,132,7,7
64526,84,85,-1,1
64527,72,81,-9,9
64528,68,77,-9,9
64529,56,72,-16,16
64530,101,99,2,2
64531,63,75,-12,12
64532,94,96,-2,2
64533,120,114,6,6
64534,113,112,1,1
64535,32,44,-12,12
64536,94,103,-9,9
64537,116,114,2,2
64538,101,94,7,7
64539,57,66,-9,9
64540,144,137,7,7
64541,76,78,-2,2
64542,94,91,3,3
64543,80,82,-2,2
64544,100,97,3,3
64545,150,135,15,15
64546,85,88,-3,3
64547,77,77,0,0
64548,75,76,-1,1
64549,170,151,19,19
64550,138,140,-2,2
64551,74,74,0,0
64552,83,83,0,0
64553,193,176,17,17
64554,95,86,9,9
64555,132,124,8,8
64556,69,71,-2,2
64557,120,126,-6,6
64558,102,95,7,7
64559,87,82,5,5
64560,133,111,22,22
64561,106,102,4,4
64562,90,95,-5,5
64563,61,65,-4,4
64564,87,89,-2,2
64565,130,123,7,7
64566,77,81,-4,4
64567,80,95,-15,15
64568,95,81,14,14
64569,64,67,-3,3
64570,57,70,-13,13
64571,70,72,-2,2
64572,111,106,5,5
64573,54,62,-8,8
64574,142,158,-16,16
64575,52,61,-9,9
64576,47,58,-11,11
64577,133,132,1,1
64578,140,144,-4,4
64579,60,67,-7,7
64580,186,156,30,30
64581,77,77,0,0
64582,101,94,7,7
64583,59,63,-4,4
64584,121,124,-3,3
64585,104,110,-6,6
64586,155,128,27,27
64587,83,82,1,1
64588,77,75,2,2
64589,123,106,17,17
64590,59,63,-4,4
64591,105,91,14,14
64592,75,84,-9,9
64593,116,103,13,13
64594,72,75,-3,3
64595,149,151,-2,2
64596,119,107,12,12
64597,63,74,-11,11
64598,87,83,4,4
64599,137,124,13,13
64600,82,76,6,6
64601,125,116,9,9
64602,36,51,-15,15
64603,67,71,-4,4
64604,116,113,3,3
64605,155,140,15,15
64606,103,91,12,12
64607,104,97,7,7
64608,143,136,7,7
64609,123,116,7,7
64610,121,110,11,11
64611,87,80,7,7
64612,72,77,-5,5
64613,49,70,-21,21
64614,69,83,-14,14
64615,72,90,-18,18
64616,116,93,23,23
64617,138,144,-6,6
64618,97,98,-1,1
64619,63,66,-3,3
64620,109,101,8,8
64621,80,84,-4,4
64622,96,91,5,5
64623,98,85,13,13
64624,101,104,-3,3
64625,143,137,6,6
64626,90,91,-1,1
64627,85,82,3,3
64628,120,121,-1,1
64629,65,66,-1,1
64630,161,144,17,17
64631,124,105,19,19
64632,103,101,2,2
64633,99,95,4,4
64634,121,123,-2,2
64635,122,116,6,6
64636,104,108,-4,4
64637,160,157,3,3
64638,109,88,21,21
64639,63,67,-4,4
64640,112,109,3,3
64641,88,85,3,3
64642,88,86,2,2
64643,101,110,-9,9
64644,50,55,-5,5
64645,170,168,2,2
64646,64,74,-10,10
64647,102,110,-8,8
64648,93,90,3,3
64649,132,124,8,8
64650,75,84,-9,9
64651,84,76,8,8
64652,60,65,-5,5
64653,103,111,-8,8
64654,58,65,-7,7
64655,153,138,15,15
64656,135,122,13,13
64657,62,80,-18,18
64658,162,145,17,17
64659,74,78,-4,4
64660,90,82,8,8
64661,127,122,5,5
64662,97,100,-3,3
64663,102,98,4,4
64664,117,108,9,9
64665,38,51,-13,13
64666,114,106,8,8
64667,45,43,2,2
64668,100,98,2,2
64669,61,62,-1,1
64670,101,90,11,11
64671,120,118,2,2
64672,152,141,11,11
64673,84,88,-4,4
64674,100,91,9,9
64675,108,100,8,8
64676,124,130,-6,6
64677,148,148,0,0
64678,46,56,-10,10
64679,119,114,5,5
64680,118,104,14,14
64681,52,61,-9,9
64682,104,108,-4,4
64683,82,98,-16,16
64684,100,88,12,12
64685,118,107,11,11
64686,70,76,-6,6
64687,104,88,16,16
64688,141,130,11,11
64689,97,95,2,2
64690,24,28,-4,4
64691,192,162,30,30
64692,71,67,4,4
64693,78,87,-9,9
64694,46,58,-12,12
64695,79,81,-2,2
64696,153,143,10,10
64697,88,100,-12,12
64698,64,73,-9,9
64699,81,76,5,5
64700,81,81,0,0
64701,105,96,9,9
64702,88,93,-5,5
64703,120,121,-1,1
64704,68,70,-2,2
64705,84,84,0,0
64706,121,114,7,7
64707,80,75,5,5
64708,138,140,-2,2
64709,90,84,6,6
64710,87,93,-6,6
64711,92,91,1,1
64712,111,115,-4,4
64713,77,75,2,2
64714,74,76,-2,2
64715,170,140,30,30
64716,77,80,-3,3
64717,117,120,-3,3
64718,151,132,19,19
64719,84,89,-5,5
64720,108,112,-4,4
64721,69,77,-8,8
64722,121,122,-1,1
64723,94,100,-6,6
64724,41,49,-8,8
64725,140,129,11,11
64726,76,70,6,6
64727,85,81,4,4
64728,104,109,-5,5
64729,48,59,-11,11
64730,128,129,-1,1
64731,68,70,-2,2
64732,70,71,-1,1
64733,93,84,9,9
64734,69,81,-12,12
64735,56,57,-1,1
64736,96,96,0,0
64737,50,56,-6,6
64738,64,71,-7,7
64739,69,79,-10,10
64740,89,84,5,5
64741,75,81,-6,6
64742,77,81,-4,4
64743,68,67,1,1
64744,59,89,-30,30
64745,140,115,25,25
64746,79,74,5,5
64747,46,50,-4,4
64748,54,55,-1,1
64749,89,94,-5,5
64750,99,100,-1,1
64751,68,71,-3,3
64752,86,94,-8,8
64753,106,95,11,11
64754,82,78,4,4
64755,97,122,-25,25
64756,29,48,-19,19
64757,99,95,4,4
64758,119,118,1,1
64759,102,100,2,2
64760,104,103,1,1
64761,148,120,28,28
64762,146,138,8,8
64763,107,97,10,10
64764,49,54,-5,5
64765,45,52,-7,7
64766,133,127,6,6
64767,102,101,1,1
64768,110,111,-1,1
64769,100,98,2,2
64770,112,103,9,9
64771,59,71,-12,12
64772,73,68,5,5
64773,115,125,-10,10
64774,88,86,2,2
64775,77,88,-11,11
64776,133,128,5,5
64777,86,87,-1,1
64778,74,67,7,7
64779,125,117,8,8
64780,97,99,-2,2
64781,71,67,4,4
64782,42,51,-9,9
64783,140,134,6,6
64784,70,71,-1,1
64785,76,82,-6,6
64786,59,62,-3,3
64787,87,95,-8,8
64788,134,117,17,17
64789,173,158,15,15
64790,47,55,-8,8
64791,112,99,13,13
64792,94,100,-6,6
64793,81,78,3,3
64794,152,146,6,6
64795,56,64,-8,8
64796,72,75,-3,3
64797,82,83,-1,1
64798,68,71,-3,3
64799,87,89,-2,2
64800,116,128,-12,12
64801,49,50,-1,1
64802,124,117,7,7
64803,146,147,-1,1
64804,151,138,13,13
64805,67,89,-22,22
64806,57,93,-36,36
64807,147,143,4,4
64808,104,104,0,0
64809,124,123,1,1
64810,46,58,-12,12
64811,118,118,0,0
64812,110,108,2,2
64813,82,81,1,1
64814,97,90,7,7
64815,104,95,9,9
64816,46,52,-6,6
64817,76,82,-6,6
64818,66,69,-3,3
64819,51,56,-5,5
64820,63,61,2,2
64821,81,79,2,2
64822,110,105,5,5
64823,160,150,10,10
64824,65,68,-3,3
64825,43,53,-10,10
64826,67,110,-43,43
64827,104,97,7,7
64828,83,89,-6,6
64829,57,73,-16,16
64830,139,130,9,9
64831,78,79,-1,1
64832,68,65,3,3
64833,91,86,5,5
64834,117,115,2,2
64835,117,108,9,9
64836,110,113,-3,3
64837,67,71,-4,4
64838,89,90,-1,1
64839,96,103,-7,7
64840,92,99,-7,7
64841,87,86,1,1
64842,92,84,8,8
64843,59,70,-11,11
64844,66,68,-2,2
64845,160,156,4,4
64846,188,158,30,30
64847,96,96,0,0
64848,75,82,-7,7
64849,140,129,11,11
64850,95,92,3,3
64851,83,84,-1,1
64852,103,102,1,1
64853,81,86,-5,5
64854,87,86,1,1
64855,90,91,-1,1
64856,66,69,-3,3
64857,100,93,7,7
64858,75,78,-3,3
64859,50,55,-5,5
64860,68,72,-4,4
64861,82,80,2,2
64862,72,70,2,2
64863,56,62,-6,6
64864,113,107,6,6
64865,41,54,-13,13
64866,56,65,-9,9
64867,92,86,6,6
64868,68,71,-3,3
64869,63,66,-3,3
64870,111,113,-2,2
64871,74,78,-4,4
64872,91,91,0,0
64873,84,131,-47,47
64874,107,114,-7,7
64875,95,93,2,2
64876,80,77,3,3
64877,125,123,2,2
64878,57,59,-2,2
64879,115,119,-4,4
64880,117,109,8,8
64881,71,78,-7,7
64882,72,73,-1,1
64883,199,171,28,28
64884,100,102,-2,2
64885,75,70,5,5
64886,78,76,2,2
64887,82,79,3,3
64888,85,87,-2,2
64889,53,63,-10,10
64890,89,88,1,1
64891,111,100,11,11
64892,58,63,-5,5
64893,74,71,3,3
64894,106,116,-10,10
64895,139,130,9,9
64896,94,91,3,3
64897,66,69,-3,3
64898,140,118,22,22
64899,100,98,2,2
64900,60,65,-5,5
64901,118,103,15,15
64902,108,94,14,14
64903,131,116,15,15
64904,141,149,-8,8
64905,107,104,3,3
64906,65,77,-12,12
64907,104,104,0,0
64908,121,119,2,2
64909,93,99,-6,6
64910,85,90,-5,5
64911,77,78,-1,1
64912,113,101,12,12
64913,44,51,-7,7
64914,110,120,-10,10
64915,75,71,4,4
64916,65,74,-9,9
64917,59,62,-3,3
64918,102,91,11,11
64919,93,107,-14,14
64920,85,86,-1,1
64921,57,62,-5,5
64922,129,120,9,9
64923,45,62,-17,17
64924,60,80,-20,20
64925,89,96,-7,7
64926,93,93,0,0
64927,104,99,5,5
64928,55,59,-4,4
64929,83,88,-5,5
64930,137,125,12,12
64931,109,97,12,12
64932,69,71,-2,2
64933,110,121,-11,11
64934,119,98,21,21
64935,97,90,7,7
64936,81,83,-2,2
64937,104,100,4,4
64938,71,80,-9,9
64939,50,62,-12,12
64940,136,123,13,13
64941,70,68,2,2
64942,63,73,-10,10
64943,90,94,-4,4
64944,102,97,5,5
64945,50,57,-7,7
64946,138,121,17,17
64947,103,122,-19,19
64948,127,122,5,5
64949,129,128,1,1
64950,144,135,9,9
64951,52,61,-9,9
64952,72,77,-5,5
64953,94,97,-3,3
64954,77,72,5,5
64955,62,71,-9,9
64956,91,93,-2,2
64957,58,62,-4,4
64958,78,79,-1,1
64959,63,67,-4,4
64960,111,99,12,12
64961,87,87,0,0
64962,85,82,3,3
64963,224,183,41,41
64964,99,96,3,3
64965,84,80,4,4
64966,101,98,3,3
64967,156,131,25,25
64968,50,57,-7,7
64969,82,81,1,1
64970,190,181,9,9
64971,127,128,-1,1
64972,61,65,-4,4
64973,100,102,-2,2
64974,81,85,-4,4
64975,141,122,19,19
64976,80,77,3,3
64977,67,70,-3,3
64978,90,92,-2,2
64979,81,78,3,3
64980,55,56,-1,1
64981,85,88,-3,3
64982,36,47,-11,11
64983,87,77,10,10
64984,73,84,-11,11
64985,90,89,1,1
64986,69,65,4,4
64987,88,85,3,3
64988,64,71,-7,7
64989,56,61,-5,5
64990,130,115,15,15
64991,59,61,-2,2
64992,140,144,-4,4
64993,129,113,16,16
64994,122,116,6,6
64995,69,69,0,0
64996,65,76,-11,11
64997,103,100,3,3
64998,36,41,-5,5
64999,193,183,10,10
65000,123,115,8,8
65001,77,80,-3,3
65002,75,73,2,2
65003,85,94,-9,9
65004,124,121,3,3
65005,148,147,1,1
65006,92,96,-4,4
65007,70,65,5,5
65008,129,120,9,9
65009,51,56,-5,5
65010,98,87,11,11
65011,130,116,14,14
65012,134,125,9,9
65013,89,84,5,5
65014,83,90,-7,7
65015,89,89,0,0
65016,101,96,5,5
65017,110,96,14,14
65018,68,71,-3,3
65019,68,67,1,1
65020,72,75,-3,3
65021,77,81,-4,4
65022,147,129,18,18
65023,117,110,7,7
65024,79,95,-16,16
65025,103,104,-1,1
65026,65,73,-8,8
65027,102,98,4,4
65028,66,71,-5,5
65029,101,93,8,8
65030,77,79,-2,2
65031,58,67,-9,9
65032,75,79,-4,4
65033,50,68,-18,18
65034,116,110,6,6
65035,78,78,0,0
65036,111,101,10,10
65037,35,47,-12,12
65038,94,89,5,5
65039,136,121,15,15
65040,71,70,1,1
65041,94,102,-8,8
65042,81,77,4,4
65043,54,55,-1,1
65044,94,86,8,8
65045,94,94,0,0
65046,143,132,11,11
65047,82,82,0,0
65048,156,142,14,14
65049,81,86,-5,5
65050,169,157,12,12
65051,104,99,5,5
65052,107,105,2,2
65053,69,83,-14,14
65054,123,102,21,21
65055,51,59,-8,8
65056,88,95,-7,7
65057,41,49,-8,8
65058,56,68,-12,12
65059,138,134,4,4
65060,102,97,5,5
65061,97,92,5,5
65062,124,124,0,0
65063,124,113,11,11
65064,119,128,-9,9
65065,55,58,-3,3
65066,116,112,4,4
65067,60,61,-1,1
65068,134,119,15,15
65069,63,90,-27,27
65070,73,76,-3,3
65071,145,141,4,4
65072,111,106,5,5
65073,110,115,-5,5
65074,194,172,22,22
65075,92,96,-4,4
65076,97,89,8,8
65077,116,112,4,4
65078,61,61,0,0
65079,150,141,9,9
65080,45,50,-5,5
65081,99,91,8,8
65082,79,77,2,2
65083,118,118,0,0
65084,74,72,2,2
65085,108,103,5,5
65086,85,84,1,1
65087,89,80,9,9
65088,107,106,1,1
65089,165,163,2,2
65090,84,82,2,2
65091,132,119,13,13
65092,90,86,4,4
65093,144,116,28,28
65094,87,92,-5,5
65095,103,88,15,15
65096,98,102,-4,4
65097,88,85,3,3
65098,125,118,7,7
65099,112,99,13,13
65100,51,64,-13,13
65101,105,104,1,1
65102,149,123,26,26
65103,109,104,5,5
65104,74,77,-3,3
65105,83,83,0,0
65106,85,88,-3,3
65107,75,72,3,3
65108,78,84,-6,6
65109,67,70,-3,3
65110,48,54,-6,6
65111,109,88,21,21
65112,92,88,4,4
65113,90,94,-4,4
65114,90,87,3,3
65115,98,95,3,3
65116,76,76,0,0
65117,83,89,-6,6
65118,148,148,0,0
65119,99,94,5,5
65120,68,71,-3,3
65121,79,73,6,6
65122,98,99,-1,1
65123,194,175,19,19
65124,90,84,6,6
65125,70,70,0,0
65126,88,91,-3,3
65127,66,70,-4,4
65128,81,71,10,10
65129,122,120,2,2
65130,96,96,0,0
65131,69,74,-5,5
65132,113,96,17,17
65133,61,72,-11,11
65134,101,85,16,16
65135,178,158,20,20
65136,111,104,7,7
65137,81,77,4,4
65138,147,158,-11,11
65139,121,112,9,9
65140,78,74,4,4
65141,86,83,3,3
65142,54,59,-5,5
65143,46,54,-8,8
65144,62,71,-9,9
65145,94,96,-2,2
65146,101,97,4,4
65147,60,70,-10,10
65148,72,69,3,3
65149,75,83,-8,8
65150,148,139,9,9
65151,123,112,11,11
65152,81,92,-11,11
65153,126,122,4,4
65154,163,147,16,16
65155,105,102,3,3
65156,85,83,2,2
65157,102,96,6,6
65158,89,86,3,3
65159,123,124,-1,1
65160,62,61,1,1
65161,78,87,-9,9
65162,98,92,6,6
65163,68,69,-1,1
65164,99,101,-2,2
65165,112,102,10,10
65166,89,85,4,4
65167,89,92,-3,3
65168,83,80,3,3
65169,119,116,3,3
65170,92,100,-8,8
65171,77,81,-4,4
65172,74,75,-1,1
65173,115,131,-16,16
65174,107,100,7,7
65175,98,89,9,9
65176,136,121,15,15
65177,42,54,-12,12
65178,119,118,1,1
65179,119,114,5,5
65180,109,100,9,9
65181,113,107,6,6
65182,164,154,10,10
65183,86,84,2,2
65184,97,96,1,1
65185,112,112,0,0
65186,124,118,6,6
65187,84,96,-12,12
65188,77,80,-3,3
65189,87,89,-2,2
65190,52,58,-6,6
65191,112,106,6,6
65192,78,78,0,0
65193,93,92,1,1
65194,115,123,-8,8
65195,76,73,3,3
65196,209,180,29,29
65197,41,57,-16,16
65198,115,107,8,8
65199,155,136,19,19
65200,53,57,-4,4
65201,72,75,-3,3
65202,110,87,23,23
65203,91,94,-3,3
65204,99,95,4,4
65205,88,94,-6,6
65206,100,96,4,4
65207,73,85,-12,12
65208,70,70,0,0
65209,126,117,9,9
65210,102,100,2,2
65211,97,90,7,7
65212,60,68,-8,8
65213,44,54,-10,10
65214,62,72,-10,10
65215,52,61,-9,9
65216,128,120,8,8
65217,168,159,9,9
65218,101,96,5,5
65219,106,105,1,1
65220,191,167,24,24
65221,51,67,-16,16
65222,196,160,36,36
65223,92,97,-5,5
65224,47,51,-4,4
65225,115,103,12,12
65226,70,68,2,2
65227,84,94,-10,10
65228,145,141,4,4
65229,102,104,-2,2
65230,31,32,-1,1
65231,65,67,-2,2
65232,92,89,3,3
65233,77,83,-6,6
65234,90,91,-1,1
65235,30,27,3,3
65236,72,81,-9,9
65237,109,109,0,0
65238,148,144,4,4
65239,81,76,5,5
65240,75,74,1,1
65241,60,64,-4,4
65242,147,137,10,10
65243,95,80,15,15
65244,71,77,-6,6
65245,145,147,-2,2
65246,91,94,-3,3
65247,48,73,-25,25
65248,94,93,1,1
65249,86,93,-7,7
65250,70,73,-3,3
65251,120,117,3,3
65252,117,115,2,2
65253,118,94,24,24
65254,66,69,-3,3
65255,70,70,0,0
65256,51,55,-4,4
65257,80,86,-6,6
65258,78,83,-5,5
65259,136,116,20,20
65260,105,103,2,2
65261,94,86,8,8
65262,119,109,10,10
65263,119,119,0,0
65264,66,68,-2,2
65265,133,120,13,13
65266,106,102,4,4
65267,110,97,13,13
65268,109,102,7,7
65269,97,109,-12,12
65270,54,63,-9,9
65271,143,122,21,21
65272,103,105,-2,2
65273,55,58,-3,3
65274,72,74,-2,2
65275,300,219,81,81
65276,110,105,5,5
65277,120,116,4,4
65278,114,118,-4,4
65279,65,68,-3,3
65280,51,59,-8,8
65281,107,97,10,10
65282,86,90,-4,4
65283,91,91,0,0
65284,102,94,8,8
65285,72,69,3,3
65286,82,81,1,1
65287,134,123,11,11
65288,133,118,15,15
65289,79,87,-8,8
65290,146,142,4,4
65291,176,154,22,22
65292,117,111,6,6
65293,82,88,-6,6
65294,105,100,5,5
65295,89,91,-2,2
65296,72,78,-6,6
65297,71,66,5,5
65298,117,115,2,2
65299,140,129,11,11
65300,80,85,-5,5
65301,53,60,-7,7
65302,185,172,13,13
65303,111,100,11,11
65304,92,97,-5,5
65305,91,87,4,4
65306,112,98,14,14
65307,59,64,-5,5
65308,106,97,9,9
65309,53,65,-12,12
65310,132,125,7,7
65311,80,87,-7,7
65312,163,157,6,6
65313,58,69,-11,11
65314,138,121,17,17
65315,173,161,12,12
65316,64,74,-10,10
65317,78,79,-1,1
65318,101,103,-2,2
65319,103,98,5,5
65320,87,81,6,6
65321,105,100,5,5
65322,94,90,4,4
65323,89,92,-3,3
65324,63,74,-11,11
65325,92,85,7,7
65326,139,138,1,1
65327,78,82,-4,4
65328,58,81,-23,23
65329,77,82,-5,5
65330,71,102,-31,31
65331,154,149,5,5
65332,93,91,2,2
65333,61,65,-4,4
65334,168,153,15,15
65335,139,124,15,15
65336,78,79,-1,1
65337,132,121,11,11
65338,56,59,-3,3
65339,78,85,-7,7
65340,86,87,-1,1
65341,68,71,-3,3
65342,31,61,-30,30
65343,60,64,-4,4
65344,150,140,10,10
65345,117,110,7,7
65346,104,99,5,5
65347,102,100,2,2
65348,77,88,-11,11
65349,64,70,-6,6
65350,103,103,0,0
65351,113,109,4,4
65352,96,97,-1,1
65353,114,94,20,20
65354,126,115,11,11
65355,106,106,0,0
65356,59,65,-6,6
65357,81,85,-4,4
65358,109,100,9,9
65359,121,126,-5,5
65360,70,70,0,0
65361,148,144,4,4
65362,94,92,2,2
65363,127,115,12,12
65364,117,118,-1,1
65365,104,98,6,6
65366,46,59,-13,13
65367,106,114,-8,8
65368,94,88,6,6
65369,124,109,15,15
65370,62,69,-7,7
65371,62,78,-16,16
65372,74,84,-10,10
65373,53,61,-8,8
65374,40,48,-8,8
65375,70,72,-2,2
65376,60,65,-5,5
65377,45,47,-2,2
65378,111,108,3,3
65379,37,56,-19,19
65380,88,98,-10,10
65381,51,103,-52,52
65382,66,70,-4,4
65383,76,75,1,1
65384,91,87,4,4
65385,121,121,0,0
65386,135,124,11,11
65387,87,94,-7,7
65388,99,96,3,3
65389,106,104,2,2
65390,83,87,-4,4
65391,94,85,9,9
65392,76,77,-1,1
65393,69,69,0,0
65394,100,109,-9,9
65395,118,115,3,3
65396,66,83,-17,17
65397,89,92,-3,3
65398,104,116,-12,12
65399,110,95,15,15
65400,106,99,7,7
65401,118,115,3,3
65402,83,91,-8,8
65403,85,83,2,2
65404,73,87,-14,14
65405,72,69,3,3
65406,61,65,-4,4
65407,59,65,-6,6
65408,114,115,-1,1
65409,68,76,-8,8
65410,179,167,12,12
65411,70,73,-3,3
65412,91,87,4,4
65413,114,106,8,8
65414,108,102,6,6
65415,79,82,-3,3
65416,79,77,2,2
65417,125,122,3,3
65418,117,94,23,23
65419,68,79,-11,11
65420,79,78,1,1
65421,103,109,-6,6
65422,207,175,32,32
65423,63,71,-8,8
65424,117,111,6,6
65425,63,66,-3,3
65426,71,72,-1,1
65427,74,84,-10,10
65428,55,57,-2,2
65429,170,153,17,17
65430,69,71,-2,2
65431,51,64,-13,13
65432,55,61,-6,6
65433,73,75,-2,2
65434,89,103,-14,14
65435,173,154,19,19
65436,119,112,7,7
65437,85,89,-4,4
65438,94,96,-2,2
65439,104,94,10,10
65440,96,95,1,1
65441,61,69,-8,8
65442,86,89,-3,3
65443,95,94,1,1
65444,161,147,14,14
65445,80,80,0,0
65446,112,104,8,8
65447,75,83,-8,8
65448,141,126,15,15
65449,161,155,6,6
65450,99,99,0,0
65451,94,92,2,2
65452,146,127,19,19
65453,72,73,-1,1
65454,105,93,12,12
65455,69,73,-4,4
65456,113,105,8,8
65457,132,110,22,22
65458,121,118,3,3
65459,91,94,-3,3
65460,70,68,2,2
65461,96,93,3,3
65462,155,143,12,12
65463,130,134,-4,4
65464,186,158,28,28
65465,96,97,-1,1
65466,146,151,-5,5
65467,113,105,8,8
65468,86,90,-4,4
65469,104,100,4,4
65470,66,67,-1,1
65471,96,90,6,6
65472,88,79,9,9
65473,111,102,9,9
65474,146,129,17,17
65475,86,79,7,7
65476,46,53,-7,7
65477,72,73,-1,1
65478,170,150,20,20
65479,35,41,-6,6
65480,90,91,-1,1
65481,143,140,3,3
65482,157,145,12,12
65483,62,72,-10,10
65484,65,65,0,0
65485,75,74,1,1
65486,89,90,-1,1
65487,82,76,6,6
65488,80,85,-5,5
65489,56,58,-2,2
65490,76,74,2,2
65491,113,108,5,5
65492,104,111,-7,7
65493,99,95,4,4
65494,62,64,-2,2
65495,140,143,-3,3
65496,76,81,-5,5
65497,114,108,6,6
65498,108,110,-2,2
65499,81,74,7,7
65500,63,65,-2,2
65501,125,117,8,8
65502,70,63,7,7
65503,90,90,0,0
65504,37,49,-12,12
65505,92,101,-9,9
65506,96,101,-5,5
65507,85,85,0,0
65508,106,107,-1,1
65509,86,81,5,5
65510,101,90,11,11
65511,101,99,2,2
65512,100,100,0,0
65513,105,98,7,7
65514,71,77,-6,6
65515,58,60,-2,2
65516,179,161,18,18
65517,106,103,3,3
65518,89,85,4,4
65519,84,79,5,5
65520,113,103,10,10
65521,129,118,11,11
65522,87,95,-8,8
65523,122,120,2,2
65524,109,107,2,2
65525,78,87,-9,9
65526,96,95,1,1
65527,176,147,29,29
65528,114,108,6,6
65529,89,78,11,11
65530,115,102,13,13
65531,73,69,4,4
65532,68,73,-5,5
65533,148,142,6,6
65534,70,72,-2,2
65535,108,100,8,8
65536,60,61,-1,1
65537,98,87,11,11
65538,47,55,-8,8
65539,84,89,-5,5
65540,60,59,1,1
65541,119,121,-2,2
65542,66,72,-6,6
65543,115,111,4,4
65544,172,148,24,24
65545,105,98,7,7
65546,83,79,4,4
65547,75,71,4,4
65548,48,52,-4,4
65549,100,99,1,1
65550,59,67,-8,8
65551,67,66,1,1
65552,103,106,-3,3
65553,48,54,-6,6
65554,108,115,-7,7
65555,77,66,11,11
65556,126,117,9,9
65557,82,100,-18,18
65558,38,54,-16,16
65559,99,94,5,5
65560,56,65,-9,9
65561,131,107,24,24
65562,96,85,11,11
65563,83,86,-3,3
65564,120,108,12,12
65565,102,92,10,10
65566,93,96,-3,3
65567,127,119,8,8
65568,67,61,6,6
65569,98,94,4,4
65570,77,72,5,5
65571,84,77,7,7
65572,96,91,5,5
65573,118,110,8,8
65574,84,85,-1,1
65575,70,86,-16,16
65576,100,100,0,0
65577,118,108,10,10
65578,54,62,-8,8
65579,170,154,16,16
65580,91,97,-6,6
65581,86,82,4,4
65582,82,86,-4,4
65583,123,119,4,4
65584,94,93,1,1
65585,86,78,8,8
65586,142,145,-3,3
65587,132,111,21,21
65588,140,127,13,13
65589,177,150,27,27
65590,54,66,-12,12
65591,51,61,-10,10
65592,130,117,13,13
65593,71,74,-3,3
65594,61,64,-3,3
65595,93,89,4,4
65596,93,97,-4,4
65597,83,78,5,5
65598,104,94,10,10
65599,93,95,-2,2
65600,88,84,4,4
65601,89,91,-2,2
65602,154,146,8,8
65603,53,58,-5,5
65604,85,83,2,2
65605,89,95,-6,6
65606,107,106,1,1
65607,102,100,2,2
65608,88,95,-7,7
65609,35,42,-7,7
65610,118,108,10,10
65611,63,64,-1,1
65612,56,67,-11,11
65613,41,44,-3,3
65614,108,105,3,3
65615,137,132,5,5
65616,70,68,2,2
65617,131,137,-6,6
65618,83,77,6,6
65619,87,84,3,3
65620,87,93,-6,6
65621,134,126,8,8
65622,108,90,18,18
65623,73,85,-12,12
65624,110,102,8,8
65625,100,81,19,19
65626,57,75,-18,18
65627,101,97,4,4
65628,124,114,10,10
65629,100,99,1,1
65630,116,116,0,0
65631,124,104,20,20
65632,119,121,-2,2
65633,95,104,-9,9
65634,131,117,14,14
65635,46,55,-9,9
65636,119,107,12,12
65637,86,80,6,6
65638,148,143,5,5
65639,63,65,-2,2
65640,84,82,2,2
65641,88,85,3,3
65642,125,111,14,14
65643,180,154,26,26
65644,92,96,-4,4
65645,73,78,-5,5
65646,54,63,-9,9
65647,125,125,0,0
65648,158,147,11,11
65649,115,108,7,7
65650,176,167,9,9
65651,71,89,-18,18
65652,109,115,-6,6
65653,115,105,10,10
65654,135,124,11,11
65655,75,75,0,0
65656,71,77,-6,6
65657,74,85,-11,11
65658,123,129,-6,6
65659,85,87,-2,2
65660,124,113,11,11
65661,51,57,-6,6
65662,53,62,-9,9
65663,97,101,-4,4
65664,92,92,0,0
65665,122,121,1,1
65666,183,160,23,23
65667,94,101,-7,7
65668,151,136,15,15
65669,65,69,-4,4
65670,146,140,6,6
65671,68,78,-10,10
65672,186,158,28,28
65673,121,106,15,15
65674,77,78,-1,1
65675,99,107,-8,8
65676,102,103,-1,1
65677,80,79,1,1
65678,123,117,6,6
65679,90,95,-5,5
65680,96,98,-2,2
65681,119,97,22,22
65682,136,128,8,8
65683,84,78,6,6
65684,135,130,5,5
65685,84,102,-18,18
65686,56,61,-5,5
65687,81,84,-3,3
65688,69,64,5,5
65689,89,80,9,9
65690,105,99,6,6
65691,113,109,4,4
65692,79,77,2,2
65693,167,146,21,21
65694,85,80,5,5
65695,80,82,-2,2
65696,72,76,-4,4
65697,129,125,4,4
65698,155,135,20,20
65699,53,62,-9,9
65700,48,54,-6,6
65701,45,45,0,0
65702,55,61,-6,6
65703,99,100,-1,1
65704,91,91,0,0
65705,75,73,2,2
65706,84,82,2,2
65707,38,50,-12,12
65708,41,52,-11,11
65709,86,87,-1,1
65710,76,75,1,1
65711,53,62,-9,9
65712,63,69,-6,6
65713,79,77,2,2
65714,145,132,13,13
65715,97,98,-1,1
65716,120,114,6,6
65717,74,77,-3,3
65718,96,96,0,0
65719,101,91,10,10
65720,94,103,-9,9
65721,92,84,8,8
65722,83,74,9,9
65723,122,103,19,19
65724,57,63,-6,6
65725,56,66,-10,10
65726,123,122,1,1
65727,104,102,2,2
65728,147,133,14,14
65729,190,184,6,6
65730,120,110,10,10
65731,173,157,16,16
65732,52,55,-3,3
65733,134,121,13,13
65734,110,105,5,5
65735,84,80,4,4
65736,92,94,-2,2
65737,112,101,11,11
65738,60,63,-3,3
65739,76,78,-2,2
65740,159,142,17,17
65741,61,71,-10,10
65742,141,121,20,20
65743,107,104,3,3
65744,103,92,11,11
65745,129,133,-4,4
65746,61,66,-5,5
65747,77,73,4,4
65748,84,87,-3,3
65749,78,79,-1,1
65750,47,52,-5,5
65751,140,126,14,14
65752,56,57,-1,1
65753,154,139,15,15
65754,77,86,-9,9
65755,85,74,11,11
65756,104,111,-7,7
65757,70,87,-17,17
65758,71,76,-5,5
65759,63,64,-1,1
65760,84,81,3,3
65761,110,97,13,13
65762,88,92,-4,4
65763,74,80,-6,6
65764,72,87,-15,15
65765,46,54,-8,8
65766,94,93,1,1
65767,93,99,-6,6
65768,63,67,-4,4
65769,100,98,2,2
65770,71,72,-1,1
65771,113,111,2,2
65772,88,82,6,6
65773,83,71,12,12
65774,76,85,-9,9
65775,83,75,8,8
65776,153,127,26,26
65777,134,137,-3,3
65778,91,90,1,1
65779,56,61,-5,5
65780,89,91,-2,2
65781,51,60,-9,9
65782,121,109,12,12
65783,107,105,2,2
65784,97,143,-46,46
65785,79,78,1,1
65786,115,106,9,9
65787,60,67,-7,7
65788,105,98,7,7
65789,65,71,-6,6
65790,57,63,-6,6
65791,169,149,20,20
65792,92,91,1,1
65793,104,116,-12,12
65794,68,70,-2,2
65795,72,71,1,1
65796,92,93,-1,1
65797,124,116,8,8
65798,85,89,-4,4
65799,123,116,7,7
65800,112,103,9,9
65801,138,145,-7,7
65802,205,177,28,28
65803,88,88,0,0
65804,82,83,-1,1
65805,77,81,-4,4
65806,68,69,-1,1
65807,125,116,9,9
65808,87,85,2,2
65809,112,112,0,0
65810,66,77,-11,11
65811,132,118,14,14
65812,136,116,20,20
65813,232,198,34,34
65814,63,70,-7,7
65815,77,84,-7,7
65816,121,115,6,6
65817,161,146,15,15
65818,200,154,46,46
65819,65,66,-1,1
65820,104,93,11,11
65821,129,108,21,21
65822,129,134,-5,5
65823,123,113,10,10
65824,72,79,-7,7
65825,59,63,-4,4
65826,94,103,-9,9
65827,102,111,-9,9
65828,74,76,-2,2
65829,64,67,-3,3
65830,48,58,-10,10
65831,80,82,-2,2
65832,112,100,12,12
65833,67,119,-52,52
65834,79,86,-7,7
65835,79,82,-3,3
65836,51,59,-8,8
65837,213,188,25,25
65838,116,116,0,0
65839,82,86,-4,4
65840,88,92,-4,4
65841,154,157,-3,3
65842,93,90,3,3
65843,115,111,4,4
65844,58,58,0,0
65845,89,96,-7,7
65846,69,70,-1,1
65847,124,111,13,13
65848,87,85,2,2
65849,114,111,3,3
65850,75,80,-5,5
65851,46,69,-23,23
65852,54,61,-7,7
65853,63,62,1,1
65854,54,58,-4,4
65855,70,70,0,0
65856,98,91,7,7
65857,74,76,-2,2
65858,76,75,1,1
65859,80,77,3,3
65860,73,129,-56,56
65861,108,104,4,4
65862,100,96,4,4
65863,64,61,3,3
65864,101,101,0,0
65865,75,76,-1,1
65866,66,75,-9,9
65867,142,131,11,11
65868,47,51,-4,4
65869,71,67,4,4
65870,26,28,-2,2
65871,53,62,-9,9
65872,133,128,5,5
65873,96,96,0,0
65874,91,96,-5,5
65875,83,77,6,6
65876,103,102,1,1
65877,89,81,8,8
65878,90,94,-4,4
65879,95,103,-8,8
65880,32,40,-8,8
65881,72,78,-6,6
65882,99,83,16,16
65883,115,113,2,2
65884,86,94,-8,8
65885,93,103,-10,10
65886,129,115,14,14
65887,92,92,0,0
65888,114,113,1,1
65889,84,85,-1,1
65890,93,91,2,2
65891,89,101,-12,12
65892,59,64,-5,5
65893,63,68,-5,5
65894,59,65,-6,6
65895,115,110,5,5
65896,144,119,25,25
65897,76,81,-5,5
65898,112,105,7,7
65899,118,127,-9,9
65900,80,85,-5,5
65901,106,100,6,6
65902,92,95,-3,3
65903,65,70,-5,5
65904,130,136,-6,6
65905,108,100,8,8
65906,44,60,-16,16
65907,101,100,1,1
65908,72,79,-7,7
65909,67,70,-3,3
65910,73,76,-3,3
65911,184,165,19,19
65912,83,80,3,3
65913,77,79,-2,2
65914,113,105,8,8
65915,46,49,-3,3
65916,101,106,-5,5
65917,92,93,-1,1
65918,122,110,12,12
65919,67,66,1,1
65920,134,121,13,13
65921,82,84,-2,2
65922,142,144,-2,2
65923,101,92,9,9
65924,119,120,-1,1
65925,44,50,-6,6
65926,105,104,1,1
65927,99,101,-2,2
65928,127,118,9,9
65929,76,76,0,0
65930,107,95,12,12
65931,104,108,-4,4
65932,104,96,8,8
65933,100,96,4,4
65934,106,98,8,8
65935,66,65,1,1
65936,154,134,20,20
65937,124,123,1,1
65938,118,113,5,5
65939,79,79,0,0
65940,76,78,-2,2
65941,89,84,5,5
65942,67,75,-8,8
65943,104,102,2,2
65944,108,94,14,14
65945,76,77,-1,1
65946,47,57,-10,10
65947,98,102,-4,4
65948,137,140,-3,3
65949,111,104,7,7
65950,62,63,-1,1
65951,37,44,-7,7
65952,69,69,0,0
65953,115,119,-4,4
65954,98,96,2,2
65955,62,70,-8,8
65956,94,92,2,2
65957,46,66,-20,20
65958,97,89,8,8
65959,108,96,12,12
65960,124,120,4,4
65961,74,89,-15,15
65962,113,109,4,4
65963,96,99,-3,3
65964,135,126,9,9
65965,81,86,-5,5
65966,101,99,2,2
65967,109,112,-3,3
65968,121,115,6,6
65969,62,59,3,3
65970,105,110,-5,5
65971,105,93,12,12
65972,96,82,14,14
65973,90,73,17,17
65974,81,75,6,6
65975,137,125,12,12
65976,86,80,6,6
65977,86,90,-4,4
65978,105,107,-2,2
65979,120,111,9,9
65980,70,69,1,1
65981,90,87,3,3
65982,90,87,3,3
65983,79,81,-2,2
65984,62,67,-5,5
65985,56,66,-10,10
65986,62,65,-3,3
65987,123,109,14,14
65988,108,107,1,1
65989,73,77,-4,4
65990,92,86,6,6
65991,97,91,6,6
65992,94,87,7,7
65993,119,116,3,3
65994,125,119,6,6
65995,252,203,49,49
65996,124,122,2,2
65997,76,85,-9,9
65998,120,115,5,5
65999,83,83,0,0
66000,82,84,-2,2
66001,93,97,-4,4
66002,56,64,-8,8
66003,78,91,-13,13
66004,121,147,-26,26
66005,100,90,10,10
66006,91,84,7,7
66007,66,67,-1,1
66008,62,65,-3,3
66009,72,74,-2,2
66010,77,83,-6,6
66011,93,91,2,2
66012,176,152,24,24
66013,55,61,-6,6
66014,75,80,-5,5
66015,60,64,-4,4
66016,143,133,10,10
66017,117,118,-1,1
66018,36,54,-18,18
66019,45,51,-6,6
66020,96,96,0,0
66021,81,88,-7,7
66022,106,98,8,8
66023,83,89,-6,6
66024,105,98,7,7
66025,80,86,-6,6
66026,43,45,-2,2
66027,103,104,-1,1
66028,134,117,17,17
66029,53,59,-6,6
66030,115,104,11,11
66031,157,134,23,23
66032,67,72,-5,5
66033,104,112,-8,8
66034,148,147,1,1
66035,116,106,10,10
66036,100,93,7,7
66037,63,70,-7,7
66038,71,79,-8,8
66039,71,69,2,2
66040,67,77,-10,10
66041,105,110,-5,5
66042,102,99,3,3
66043,53,60,-7,7
66044,71,74,-3,3
66045,115,111,4,4
66046,105,100,5,5
66047,62,81,-19,19
66048,119,114,5,5
66049,151,136,15,15
66050,55,66,-11,11
66051,76,80,-4,4
66052,37,45,-8,8
66053,126,98,28,28
66054,116,92,24,24
66055,119,113,6,6
66056,86,83,3,3
66057,64,73,-9,9
66058,53,63,-10,10
66059,108,98,10,10
66060,118,108,10,10
66061,126,125,1,1
66062,71,70,1,1
66063,99,99,0,0
66064,49,59,-10,10
66065,87,86,1,1
66066,75,72,3,3
66067,89,91,-2,2
66068,94,88,6,6
66069,100,92,8,8
66070,80,74,6,6
66071,78,78,0,0
66072,65,72,-7,7
66073,104,97,7,7
66074,111,114,-3,3
66075,182,149,33,33
66076,69,72,-3,3
66077,67,69,-2,2
66078,99,112,-13,13
66079,82,78,4,4
66080,99,87,12,12
66081,66,69,-3,3
66082,162,150,12,12
66083,142,125,17,17
66084,84,85,-1,1
66085,70,86,-16,16
66086,106,101,5,5
66087,57,63,-6,6
66088,89,82,7,7
66089,119,109,10,10
66090,90,86,4,4
66091,59,70,-11,11
66092,80,79,1,1
66093,113,107,6,6
66094,47,54,-7,7
66095,72,74,-2,2
66096,178,175,3,3
66097,76,87,-11,11
66098,96,99,-3,3
66099,83,83,0,0
66100,63,68,-5,5
66101,144,137,7,7
66102,42,59,-17,17
66103,52,52,0,0
66104,125,113,12,12
66105,63,69,-6,6
66106,69,62,7,7
66107,78,75,3,3
66108,63,82,-19,19
66109,80,88,-8,8
66110,101,98,3,3
66111,187,148,39,39
66112,163,145,18,18
66113,109,111,-2,2
66114,101,106,-5,5
66115,86,89,-3,3
66116,72,85,-13,13
66117,142,158,-16,16
66118,99,86,13,13
66119,64,69,-5,5
66120,79,81,-2,2
66121,85,74,11,11
66122,107,87,20,20
66123,97,91,6,6
66124,116,109,7,7
66125,67,71,-4,4
66126,89,100,-11,11
66127,122,108,14,14
66128,140,138,2,2
66129,62,63,-1,1
66130,119,128,-9,9
66131,117,107,10,10
66132,104,112,-8,8
66133,47,57,-10,10
66134,73,77,-4,4
66135,159,128,31,31
66136,101,101,0,0
66137,77,69,8,8
66138,58,59,-1,1
66139,78,80,-2,2
66140,97,90,7,7
66141,76,77,-1,1
66142,88,88,0,0
66143,64,70,-6,6
66144,81,92,-11,11
66145,69,69,0,0
66146,115,127,-12,12
66147,65,88,-23,23
66148,76,71,5,5
66149,58,66,-8,8
66150,33,42,-9,9
66151,133,122,11,11
66152,45,71,-26,26
66153,123,118,5,5
66154,100,96,4,4
66155,82,84,-2,2
66156,83,85,-2,2
66157,117,104,13,13
66158,74,72,2,2
66159,103,99,4,4
66160,72,75,-3,3
66161,142,124,18,18
66162,121,107,14,14
66163,82,81,1,1
66164,80,78,2,2
66165,100,102,-2,2
66166,164,157,7,7
66167,95,89,6,6
66168,57,63,-6,6
66169,81,76,5,5
66170,39,45,-6,6
66171,123,115,8,8
66172,127,118,9,9
66173,82,82,0,0
66174,105,100,5,5
66175,72,72,0,0
66176,37,48,-11,11
66177,85,88,-3,3
66178,152,141,11,11
66179,80,76,4,4
66180,55,62,-7,7
66181,76,90,-14,14
66182,21,47,-26,26
66183,220,186,34,34
66184,159,136,23,23
66185,90,94,-4,4
66186,148,142,6,6
66187,102,98,4,4
66188,83,81,2,2
66189,80,95,-15,15
66190,100,89,11,11
66191,111,98,13,13
66192,79,83,-4,4
66193,82,80,2,2
66194,82,81,1,1
66195,197,176,21,21
66196,188,164,24,24
66197,177,171,6,6
66198,76,77,-1,1
66199,157,164,-7,7
66200,49,60,-11,11
66201,44,50,-6,6
66202,66,72,-6,6
66203,156,139,17,17
66204,111,117,-6,6
66205,69,79,-10,10
66206,188,168,20,20
66207,126,107,19,19
66208,73,72,1,1
66209,111,100,11,11
66210,94,85,9,9
66211,57,64,-7,7
66212,132,121,11,11
66213,164,156,8,8
66214,55,62,-7,7
66215,139,125,14,14
66216,77,75,2,2
66217,43,54,-11,11
66218,96,89,7,7
66219,88,85,3,3
66220,74,74,0,0
66221,81,82,-1,1
66222,84,86,-2,2
66223,100,97,3,3
66224,108,94,14,14
66225,44,63,-19,19
66226,77,85,-8,8
66227,79,84,-5,5
66228,111,110,1,1
66229,86,85,1,1
66230,61,61,0,0
66231,85,82,3,3
66232,45,59,-14,14
66233,81,74,7,7
66234,159,143,16,16
66235,80,76,4,4
66236,94,86,8,8
66237,89,89,0,0
66238,96,94,2,2
66239,95,84,11,11
66240,127,104,23,23
66241,71,67,4,4
66242,68,70,-2,2
66243,80,87,-7,7
66244,122,116,6,6
66245,136,128,8,8
66246,95,94,1,1
66247,89,86,3,3
66248,88,90,-2,2
66249,44,49,-5,5
66250,121,109,12,12
66251,47,51,-4,4
66252,72,73,-1,1
66253,72,74,-2,2
66254,145,153,-8,8
66255,77,80,-3,3
66256,129,139,-10,10
66257,65,73,-8,8
66258,121,110,11,11
66259,92,88,4,4
66260,100,104,-4,4
66261,36,48,-12,12
66262,122,115,7,7
66263,112,97,15,15
66264,76,73,3,3
66265,112,119,-7,7
66266,75,81,-6,6
66267,81,81,0,0
66268,102,89,13,13
66269,43,61,-18,18
66270,92,92,0,0
66271,118,101,17,17
66272,73,73,0,0
66273,179,178,1,1
66274,63,72,-9,9
66275,128,130,-2,2
66276,161,155,6,6
66277,178,149,29,29
66278,90,85,5,5
66279,74,78,-4,4
66280,74,78,-4,4
66281,95,96,-1,1
66282,98,99,-1,1
66283,94,89,5,5
66284,115,118,-3,3
66285,131,131,0,0
66286,99,83,16,16
66287,87,86,1,1
66288,74,79,-5,5
66289,56,64,-8,8
66290,58,64,-6,6
66291,77,84,-7,7
66292,122,106,16,16
66293,70,76,-6,6
66294,40,56,-16,16
66295,106,105,1,1
66296,100,101,-1,1
66297,73,77,-4,4
66298,72,68,4,4
66299,99,98,1,1
66300,135,129,6,6
66301,184,160,24,24
66302,50,71,-21,21
66303,77,77,0,0
66304,48,56,-8,8
66305,76,72,4,4
66306,87,93,-6,6
66307,137,122,15,15
66308,110,112,-2,2
66309,84,87,-3,3
66310,74,81,-7,7
66311,83,76,7,7
66312,76,77,-1,1
66313,107,131,-24,24
66314,78,73,5,5
66315,87,83,4,4
66316,64,70,-6,6
66317,60,66,-6,6
66318,94,98,-4,4
66319,80,76,4,4
66320,50,52,-2,2
66321,54,59,-5,5
66322,65,65,0,0
66323,101,109,-8,8
66324,89,85,4,4
66325,127,120,7,7
66326,59,70,-11,11
66327,90,98,-8,8
66328,77,81,-4,4
66329,100,104,-4,4
66330,103,100,3,3
66331,33,59,-26,26
66332,61,63,-2,2
66333,63,79,-16,16
66334,47,57,-10,10
66335,51,55,-4,4
66336,141,135,6,6
66337,74,73,1,1
66338,74,76,-2,2
66339,85,83,2,2
66340,149,130,19,19
66341,90,93,-3,3
66342,79,86,-7,7
66343,93,102,-9,9
66344,79,78,1,1
66345,146,144,2,2
66346,81,81,0,0
66347,83,103,-20,20
66348,196,178,18,18
66349,114,101,13,13
66350,102,97,5,5
66351,140,129,11,11
66352,46,49,-3,3
66353,189,166,23,23
66354,102,100,2,2
66355,96,89,7,7
66356,73,86,-13,13
66357,131,136,-5,5
66358,143,127,16,16
66359,94,109,-15,15
66360,95,94,1,1
66361,131,122,9,9
66362,138,125,13,13
66363,55,66,-11,11
66364,40,44,-4,4
66365,97,90,7,7
66366,70,79,-9,9
66367,95,92,3,3
66368,86,79,7,7
66369,107,101,6,6
66370,45,59,-14,14
66371,107,104,3,3
66372,77,72,5,5
66373,75,74,1,1
66374,85,86,-1,1
66375,81,86,-5,5
66376,100,94,6,6
66377,65,75,-10,10
66378,57,65,-8,8
66379,61,59,2,2
66380,79,83,-4,4
66381,104,102,2,2
66382,106,104,2,2
66383,55,59,-4,4
66384,100,92,8,8
66385,89,91,-2,2
66386,73,74,-1,1
66387,77,83,-6,6
66388,59,64,-5,5
66389,71,76,-5,5
66390,52,68,-16,16
66391,58,60,-2,2
66392,72,69,3,3
66393,90,84,6,6
66394,57,64,-7,7
66395,82,95,-13,13
66396,92,89,3,3
66397,88,78,10,10
66398,49,61,-12,12
66399,91,84,7,7
66400,171,154,17,17
66401,75,89,-14,14
66402,82,81,1,1
66403,74,72,2,2
66404,116,112,4,4
66405,95,83,12,12
66406,116,102,14,14
66407,74,100,-26,26
66408,100,97,3,3
66409,81,88,-7,7
66410,141,150,-9,9
66411,113,105,8,8
66412,100,91,9,9
66413,80,74,6,6
66414,96,88,8,8
66415,83,85,-2,2
66416,68,78,-10,10
66417,66,67,-1,1
66418,73,76,-3,3
66419,169,161,8,8
66420,119,102,17,17
66421,82,92,-10,10
66422,85,85,0,0
66423,92,103,-11,11
66424,92,91,1,1
66425,164,151,13,13
66426,131,127,4,4
66427,106,121,-15,15
66428,72,72,0,0
66429,54,61,-7,7
66430,75,78,-3,3
66431,62,64,-2,2
66432,89,84,5,5
66433,63,62,1,1
66434,87,82,5,5
66435,136,120,16,16
66436,79,80,-1,1
66437,86,88,-2,2
66438,71,76,-5,5
66439,68,67,1,1
66440,127,119,8,8
66441,78,84,-6,6
66442,43,51,-8,8
66443,82,79,3,3
66444,61,68,-7,7
66445,91,99,-8,8
66446,78,80,-2,2
66447,121,117,4,4
66448,83,84,-1,1
66449,169,164,5,5
66450,56,64,-8,8
66451,78,66,12,12
66452,73,78,-5,5
66453,66,72,-6,6
66454,67,66,1,1
66455,69,60,9,9
66456,96,93,3,3
66457,118,105,13,13
66458,67,72,-5,5
66459,58,62,-4,4
66460,77,67,10,10
66461,164,145,19,19
66462,57,66,-9,9
66463,98,96,2,2
66464,97,92,5,5
66465,58,66,-8,8
66466,107,106,1,1
66467,70,76,-6,6
66468,121,108,13,13
66469,144,126,18,18
66470,157,149,8,8
66471,113,110,3,3
66472,66,67,-1,1
66473,47,81,-34,34
66474,106,96,10,10
66475,77,80,-3,3
66476,180,169,11,11
66477,55,60,-5,5
66478,57,72,-15,15
66479,104,101,3,3
66480,120,114,6,6
66481,124,110,14,14
66482,157,157,0,0
66483,185,176,9,9
66484,63,68,-5,5
66485,158,135,23,23
66486,161,159,2,2
66487,61,68,-7,7
66488,104,103,1,1
66489,65,68,-3,3
66490,174,161,13,13
66491,52,60,-8,8
66492,118,104,14,14
66493,89,88,1,1
66494,88,85,3,3
66495,88,89,-1,1
66496,62,72,-10,10
66497,67,70,-3,3
66498,118,107,11,11
66499,113,116,-3,3
66500,99,103,-4,4
66501,68,71,-3,3
66502,50,52,-2,2
66503,123,119,4,4
66504,97,92,5,5
66505,93,105,-12,12
66506,132,113,19,19
66507,70,76,-6,6
66508,65,65,0,0
66509,80,95,-15,15
66510,79,77,2,2
66511,96,96,0,0
66512,69,79,-10,10
66513,142,137,5,5
66514,126,120,6,6
66515,88,105,-17,17
66516,57,59,-2,2
66517,68,66,2,2
66518,97,104,-7,7
66519,128,125,3,3
66520,129,133,-4,4
66521,92,88,4,4
66522,146,121,25,25
66523,83,84,-1,1
66524,92,86,6,6
66525,207,171,36,36
66526,40,55,-15,15
66527,92,94,-2,2
66528,95,103,-8,8
66529,107,99,8,8
66530,51,59,-8,8
66531,210,175,35,35
66532,73,74,-1,1
66533,103,94,9,9
66534,120,115,5,5
66535,132,109,23,23
66536,112,103,9,9
66537,86,86,0,0
66538,195,179,16,16
66539,69,72,-3,3
66540,91,88,3,3
66541,57,78,-21,21
66542,112,104,8,8
66543,72,83,-11,11
66544,90,85,5,5
66545,99,96,3,3
66546,46,50,-4,4
66547,51,60,-9,9
66548,107,103,4,4
66549,156,149,7,7
66550,61,66,-5,5
66551,88,83,5,5
66552,107,99,8,8
66553,121,108,13,13
66554,89,82,7,7
66555,99,101,-2,2
66556,87,90,-3,3
66557,46,58,-12,12
66558,152,152,0,0
66559,67,70,-3,3
66560,164,157,7,7
66561,68,73,-5,5
66562,94,91,3,3
66563,60,69,-9,9
66564,205,171,34,34
66565,92,88,4,4
66566,95,90,5,5
66567,67,63,4,4
66568,55,63,-8,8
66569,151,134,17,17
66570,160,146,14,14
66571,29,41,-12,12
66572,108,103,5,5
66573,112,114,-2,2
66574,109,151,-42,42
66575,86,80,6,6
66576,75,79,-4,4
66577,60,69,-9,9
66578,64,73,-9,9
66579,64,86,-22,22
66580,110,112,-2,2
66581,81,89,-8,8
66582,79,79,0,0
66583,124,110,14,14
66584,94,95,-1,1
66585,73,92,-19,19
66586,111,104,7,7
66587,107,102,5,5
66588,71,70,1,1
66589,125,121,4,4
66590,123,107,16,16
66591,63,63,0,0
66592,98,99,-1,1
66593,101,91,10,10
66594,129,124,5,5
66595,96,96,0,0
66596,58,62,-4,4
66597,162,157,5,5
66598,48,53,-5,5
66599,151,142,9,9
66600,67,69,-2,2
66601,122,112,10,10
66602,100,99,1,1
66603,135,143,-8,8
66604,213,169,44,44
66605,129,138,-9,9
66606,61,70,-9,9
66607,70,76,-6,6
66608,88,92,-4,4
66609,75,77,-2,2
66610,159,154,5,5
66611,100,102,-2,2
66612,75,73,2,2
66613,120,136,-16,16
66614,70,76,-6,6
66615,129,114,15,15
66616,124,99,25,25
66617,105,98,7,7
66618,60,61,-1,1
66619,76,70,6,6
66620,64,76,-12,12
66621,145,140,5,5
66622,95,106,-11,11
66623,104,109,-5,5
66624,148,137,11,11
66625,126,124,2,2
66626,142,129,13,13
66627,67,71,-4,4
66628,96,101,-5,5
66629,114,107,7,7
66630,47,60,-13,13
66631,125,127,-2,2
66632,66,71,-5,5
66633,203,212,-9,9
66634,58,68,-10,10
66635,114,105,9,9
66636,100,116,-16,16
66637,92,99,-7,7
66638,114,119,-5,5
66639,67,74,-7,7
66640,56,57,-1,1
66641,78,77,1,1
66642,62,65,-3,3
66643,77,88,-11,11
66644,104,96,8,8
66645,37,46,-9,9
66646,94,92,2,2
66647,108,96,12,12
66648,42,47,-5,5
66649,106,101,5,5
66650,74,74,0,0
66651,116,99,17,17
66652,77,66,11,11
66653,123,125,-2,2
66654,89,96,-7,7
66655,74,73,1,1
66656,118,111,7,7
66657,73,77,-4,4
66658,69,87,-18,18
66659,79,78,1,1
66660,58,67,-9,9
66661,172,144,28,28
66662,118,105,13,13
66663,140,124,16,16
66664,124,120,4,4
66665,111,100,11,11
66666,88,97,-9,9
66667,90,113,-23,23
66668,59,58,1,1
66669,139,138,1,1
66670,125,122,3,3
66671,64,68,-4,4
66672,147,130,17,17
66673,50,60,-10,10
66674,81,83,-2,2
66675,105,100,5,5
66676,63,71,-8,8
66677,87,92,-5,5
66678,90,86,4,4
66679,47,52,-5,5
66680,134,120,14,14
66681,61,65,-4,4
66682,73,92,-19,19
66683,73,70,3,3
66684,78,83,-5,5
66685,134,119,15,15
66686,51,53,-2,2
66687,108,98,10,10
66688,96,93,3,3
66689,54,73,-19,19
66690,122,118,4,4
66691,129,122,7,7
66692,86,77,9,9
66693,114,111,3,3
66694,70,74,-4,4
66695,79,82,-3,3
66696,56,61,-5,5
66697,66,69,-3,3
66698,89,85,4,4
66699,106,101,5,5
66700,77,81,-4,4
66701,82,82,0,0
66702,63,82,-19,19
66703,87,87,0,0
66704,119,123,-4,4
66705,146,135,11,11
66706,71,67,4,4
66707,70,80,-10,10
66708,82,85,-3,3
66709,72,76,-4,4
66710,91,94,-3,3
66711,57,74,-17,17
66712,68,70,-2,2
66713,92,88,4,4
66714,71,75,-4,4
66715,100,95,5,5
66716,106,95,11,11
66717,64,61,3,3
66718,58,68,-10,10
66719,74,73,1,1
66720,104,111,-7,7
66721,133,119,14,14
66722,59,62,-3,3
66723,77,77,0,0
66724,90,88,2,2
66725,116,92,24,24
66726,94,90,4,4
66727,102,103,-1,1
66728,130,125,5,5
66729,115,113,2,2
66730,79,76,3,3
66731,151,138,13,13
66732,88,96,-8,8
66733,188,163,25,25
66734,91,92,-1,1
66735,81,76,5,5
66736,74,78,-4,4
66737,80,81,-1,1
66738,125,114,11,11
66739,140,132,8,8
66740,60,67,-7,7
66741,45,57,-12,12
66742,65,73,-8,8
66743,120,116,4,4
66744,105,103,2,2
66745,136,137,-1,1
66746,31,63,-32,32
66747,77,81,-4,4
66748,79,89,-10,10
66749,96,96,0,0
66750,40,63,-23,23
66751,54,62,-8,8
66752,94,84,10,10
66753,83,102,-19,19
66754,54,62,-8,8
66755,92,92,0,0
66756,146,126,20,20
66757,172,156,16,16
66758,62,65,-3,3
66759,155,150,5,5
66760,111,100,11,11
66761,99,95,4,4
66762,126,109,17,17
66763,55,60,-5,5
66764,202,186,16,16
66765,60,65,-5,5
66766,97,91,6,6
66767,111,101,10,10
66768,114,112,2,2
66769,81,76,5,5
66770,35,55,-20,20
66771,88,87,1,1
66772,62,66,-4,4
66773,84,88,-4,4
66774,96,88,8,8
66775,105,102,3,3
66776,67,73,-6,6
66777,68,76,-8,8
66778,75,76,-1,1
66779,64,71,-7,7
66780,165,144,21,21
66781,92,117,-25,25
66782,136,116,20,20
66783,93,93,0,0
66784,58,56,2,2
66785,72,76,-4,4
66786,87,87,0,0
66787,53,63,-10,10
66788,138,132,6,6
66789,98,102,-4,4
66790,81,82,-1,1
66791,82,86,-4,4
66792,140,137,3,3
66793,92,89,3,3
66794,116,112,4,4
66795,169,155,14,14
66796,76,82,-6,6
66797,70,72,-2,2
66798,206,176,30,30
66799,118,109,9,9
66800,82,86,-4,4
66801,143,138,5,5
66802,113,104,9,9
66803,82,81,1,1
66804,72,75,-3,3
66805,53,57,-4,4
66806,38,57,-19,19
66807,102,97,5,5
66808,98,102,-4,4
66809,60,70,-10,10
66810,133,123,10,10
66811,108,99,9,9
66812,103,96,7,7
66813,58,65,-7,7
66814,80,80,0,0
66815,72,74,-2,2
66816,103,95,8,8
66817,115,120,-5,5
66818,66,76,-10,10
66819,134,124,10,10
66820,129,117,12,12
66821,82,84,-2,2
66822,92,90,2,2
66823,72,70,2,2
66824,156,149,7,7
66825,97,97,0,0
66826,80,83,-3,3
66827,110,93,17,17
66828,112,100,12,12
66829,73,73,0,0
66830,93,98,-5,5
66831,84,95,-11,11
66832,69,67,2,2
66833,63,78,-15,15
66834,97,97,0,0
66835,51,67,-16,16
66836,117,113,4,4
66837,102,111,-9,9
66838,63,68,-5,5
66839,90,109,-19,19
66840,75,76,-1,1
66841,31,81,-50,50
66842,118,117,1,1
66843,110,120,-10,10
66844,126,118,8,8
66845,132,135,-3,3
66846,94,89,5,5
66847,55,72,-17,17
66848,119,108,11,11
66849,47,56,-9,9
66850,152,136,16,16
66851,38,60,-22,22
66852,96,108,-12,12
66853,79,71,8,8
66854,63,62,1,1
66855,120,115,5,5
66856,97,86,11,11
66857,65,65,0,0
66858,108,104,4,4
66859,146,140,6,6
66860,99,102,-3,3
66861,50,56,-6,6
66862,98,96,2,2
66863,61,62,-1,1
66864,67,74,-7,7
66865,102,95,7,7
66866,98,91,7,7
66867,127,117,10,10
66868,134,124,10,10
66869,107,101,6,6
66870,62,69,-7,7
66871,83,82,1,1
66872,41,44,-3,3
66873,65,75,-10,10
66874,73,78,-5,5
66875,81,79,2,2
66876,85,83,2,2
66877,85,76,9,9
66878,117,109,8,8
66879,128,132,-4,4
66880,89,89,0,0
66881,42,44,-2,2
66882,125,141,-16,16
66883,68,71,-3,3
66884,72,81,-9,9
66885,96,96,0,0
66886,134,128,6,6
66887,122,121,1,1
66888,87,90,-3,3
66889,54,63,-9,9
66890,79,79,0,0
66891,148,131,17,17
66892,66,74,-8,8
66893,142,130,12,12
66894,106,95,11,11
66895,48,55,-7,7
66896,57,73,-16,16
66897,126,116,10,10
66898,51,63,-12,12
66899,109,116,-7,7
66900,106,106,0,0
66901,102,100,2,2
66902,94,92,2,2
66903,112,106,6,6
66904,140,125,15,15
66905,117,114,3,3
66906,112,94,18,18
66907,49,68,-19,19
66908,156,144,12,12
66909,89,85,4,4
66910,74,79,-5,5
66911,67,76,-9,9
66912,70,82,-12,12
66913,93,99,-6,6
66914,93,95,-2,2
66915,101,101,0,0
66916,76,88,-12,12
66917,67,70,-3,3
66918,106,99,7,7
66919,72,80,-8,8
66920,65,67,-2,2
66921,87,87,0,0
66922,89,84,5,5
66923,257,264,-7,7
66924,175,166,9,9
66925,69,68,1,1
66926,76,71,5,5
66927,65,67,-2,2
66928,153,142,11,11
66929,68,73,-5,5
66930,116,103,13,13
66931,114,119,-5,5
66932,76,79,-3,3
66933,65,64,1,1
66934,104,96,8,8
66935,148,132,16,16
66936,43,49,-6,6
66937,90,88,2,2
66938,99,95,4,4
66939,128,127,1,1
66940,110,109,1,1
66941,42,56,-14,14
66942,120,118,2,2
66943,135,108,27,27
66944,134,133,1,1
66945,116,118,-2,2
66946,138,122,16,16
66947,125,110,15,15
66948,43,50,-7,7
66949,89,81,8,8
66950,126,107,19,19
66951,90,83,7,7
66952,77,79,-2,2
66953,91,92,-1,1
66954,120,105,15,15
66955,63,65,-2,2
66956,88,86,2,2
66957,50,59,-9,9
66958,110,105,5,5
66959,71,72,-1,1
66960,81,80,1,1
66961,120,112,8,8
66962,94,92,2,2
66963,51,62,-11,11
66964,84,89,-5,5
66965,96,94,2,2
66966,179,157,22,22
66967,57,62,-5,5
66968,114,112,2,2
66969,111,114,-3,3
66970,111,100,11,11
66971,101,94,7,7
66972,53,53,0,0
66973,97,98,-1,1
66974,98,93,5,5
66975,50,58,-8,8
66976,82,83,-1,1
66977,108,98,10,10
66978,59,66,-7,7
66979,69,74,-5,5
66980,68,72,-4,4
66981,69,78,-9,9
66982,73,78,-5,5
66983,28,33,-5,5
66984,75,76,-1,1
66985,68,68,0,0
66986,110,107,3,3
66987,99,102,-3,3
66988,72,74,-2,2
66989,74,76,-2,2
66990,70,79,-9,9
66991,109,99,10,10
66992,191,175,16,16
66993,54,59,-5,5
66994,119,120,-1,1
66995,76,78,-2,2
66996,174,162,12,12
66997,87,85,2,2
66998,88,86,2,2
66999,53,61,-8,8
67000,75,77,-2,2
67001,68,66,2,2
67002,118,118,0,0
67003,114,103,11,11
67004,101,100,1,1
67005,102,99,3,3
67006,82,88,-6,6
67007,100,101,-1,1
67008,134,126,8,8
67009,140,138,2,2
67010,109,112,-3,3
67011,124,118,6,6
67012,157,128,29,29
67013,67,68,-1,1
67014,117,113,4,4
67015,64,66,-2,2
67016,89,95,-6,6
67017,52,50,2,2
67018,126,120,6,6
67019,99,98,1,1
67020,82,82,0,0
67021,96,83,13,13
67022,85,81,4,4
67023,68,84,-16,16
67024,132,120,12,12
67025,148,136,12,12
67026,56,60,-4,4
67027,173,164,9,9
67028,115,114,1,1
67029,99,98,1,1
67030,115,123,-8,8
67031,71,76,-5,5
67032,141,135,6,6
67033,111,105,6,6
67034,53,61,-8,8
67035,279,203,76,76
67036,101,88,13,13
67037,93,91,2,2
67038,71,69,2,2
67039,163,152,11,11
67040,52,55,-3,3
67041,109,105,4,4
67042,80,90,-10,10
67043,72,106,-34,34
67044,72,71,1,1
67045,87,84,3,3
67046,82,85,-3,3
67047,74,78,-4,4
67048,156,144,12,12
67049,133,119,14,14
67050,123,110,13,13
67051,63,66,-3,3
67052,70,75,-5,5
67053,40,46,-6,6
67054,76,85,-9,9
67055,201,188,13,13
67056,76,85,-9,9
67057,109,110,-1,1
67058,116,114,2,2
67059,45,50,-5,5
67060,59,64,-5,5
67061,104,92,12,12
67062,122,143,-21,21
67063,108,96,12,12
67064,59,69,-10,10
67065,111,118,-7,7
67066,47,50,-3,3
67067,123,114,9,9
67068,127,117,10,10
67069,98,96,2,2
67070,90,89,1,1
67071,70,77,-7,7
67072,102,97,5,5
67073,101,99,2,2
67074,72,89,-17,17
67075,86,101,-15,15
67076,77,80,-3,3
67077,175,148,27,27
67078,85,85,0,0
67079,109,103,6,6
67080,143,128,15,15
67081,79,86,-7,7
67082,81,81,0,0
67083,110,98,12,12
67084,68,79,-11,11
67085,107,100,7,7
67086,115,109,6,6
67087,120,118,2,2
67088,67,72,-5,5
67089,95,89,6,6
67090,116,111,5,5
67091,83,85,-2,2
67092,97,91,6,6
67093,85,91,-6,6
67094,91,99,-8,8
67095,147,133,14,14
67096,60,70,-10,10
67097,104,98,6,6
67098,99,95,4,4
67099,142,126,16,16
67100,65,70,-5,5
67101,58,63,-5,5
67102,81,87,-6,6
67103,85,83,2,2
67104,158,147,11,11
67105,57,61,-4,4
67106,32,43,-11,11
67107,161,145,16,16
67108,139,128,11,11
67109,123,114,9,9
67110,141,141,0,0
67111,127,120,7,7
67112,65,68,-3,3
67113,177,154,23,23
67114,131,125,6,6
67115,140,131,9,9
67116,51,60,-9,9
67117,85,87,-2,2
67118,75,77,-2,2
67119,103,99,4,4
67120,155,132,23,23
67121,85,81,4,4
67122,72,74,-2,2
67123,80,71,9,9
67124,62,67,-5,5
67125,58,63,-5,5
67126,53,61,-8,8
67127,76,89,-13,13
67128,117,117,0,0
67129,75,72,3,3
67130,138,125,13,13
67131,82,79,3,3
67132,79,81,-2,2
67133,83,92,-9,9
67134,79,76,3,3
67135,141,126,15,15
67136,76,72,4,4
67137,165,149,16,16
67138,150,148,2,2
67139,65,66,-1,1
67140,37,44,-7,7
67141,55,60,-5,5
67142,227,199,28,28
67143,82,86,-4,4
67144,70,72,-2,2
67145,57,63,-6,6
67146,73,69,4,4
67147,78,77,1,1
67148,58,63,-5,5
67149,87,86,1,1
67150,48,61,-13,13
67151,127,126,1,1
67152,65,62,3,3
67153,111,93,18,18
67154,74,77,-3,3
67155,103,96,7,7
67156,91,83,8,8
67157,188,190,-2,2
67158,98,108,-10,10
67159,86,84,2,2
67160,68,65,3,3
67161,99,97,2,2
67162,68,71,-3,3
67163,87,82,5,5
67164,110,109,1,1
67165,53,64,-11,11
67166,75,75,0,0
67167,113,109,4,4
67168,103,114,-11,11
67169,48,63,-15,15
67170,180,161,19,19
67171,67,78,-11,11
67172,69,75,-6,6
67173,114,119,-5,5
67174,82,76,6,6
67175,152,144,8,8
67176,108,107,1,1
67177,126,117,9,9
67178,126,130,-4,4
67179,68,74,-6,6
67180,111,102,9,9
67181,127,110,17,17
67182,106,99,7,7
67183,93,101,-8,8
67184,134,134,0,0
67185,65,74,-9,9
67186,129,112,17,17
67187,84,89,-5,5
67188,64,69,-5,5
67189,147,133,14,14
67190,123,108,15,15
67191,102,99,3,3
67192,66,63,3,3
67193,56,64,-8,8
67194,99,105,-6,6
67195,92,87,5,5
67196,96,93,3,3
67197,125,131,-6,6
67198,85,82,3,3
67199,100,95,5,5
67200,77,81,-4,4
67201,69,71,-2,2
67202,95,96,-1,1
67203,87,82,5,5
67204,112,107,5,5
67205,124,120,4,4
67206,99,92,7,7
67207,65,65,0,0
67208,119,98,21,21
67209,66,72,-6,6
67210,89,85,4,4
67211,139,121,18,18
67212,111,98,13,13
67213,81,92,-11,11
67214,100,97,3,3
67215,82,78,4,4
67216,145,152,-7,7
67217,91,95,-4,4
67218,187,176,11,11
67219,84,85,-1,1
67220,45,53,-8,8
67221,116,114,2,2
67222,69,71,-2,2
67223,80,84,-4,4
67224,44,45,-1,1
67225,93,99,-6,6
67226,58,60,-2,2
67227,74,80,-6,6
67228,74,75,-1,1
67229,99,108,-9,9
67230,93,97,-4,4
67231,67,69,-2,2
67232,108,105,3,3
67233,108,108,0,0
67234,116,100,16,16
67235,127,109,18,18
67236,98,93,5,5
67237,115,120,-5,5
67238,131,130,1,1
67239,185,158,27,27
67240,120,104,16,16
67241,75,80,-5,5
67242,165,131,34,34
67243,44,74,-30,30
67244,82,84,-2,2
67245,66,80,-14,14
67246,72,77,-5,5
67247,137,124,13,13
67248,66,74,-8,8
67249,79,92,-13,13
67250,48,59,-11,11
67251,76,78,-2,2
67252,87,82,5,5
67253,90,83,7,7
67254,67,74,-7,7
67255,139,133,6,6
67256,52,60,-8,8
67257,97,89,8,8
67258,135,122,13,13
67259,60,55,5,5
67260,65,70,-5,5
67261,61,60,1,1
67262,175,159,16,16
67263,146,128,18,18
67264,64,77,-13,13
67265,122,118,4,4
67266,66,70,-4,4
67267,62,66,-4,4
67268,97,100,-3,3
67269,117,119,-2,2
67270,72,77,-5,5
67271,66,85,-19,19
67272,147,125,22,22
67273,139,121,18,18
67274,143,147,-4,4
67275,106,105,1,1
67276,81,94,-13,13
67277,85,76,9,9
67278,112,103,9,9
67279,74,86,-12,12
67280,157,147,10,10
67281,76,75,1,1
67282,69,69,0,0
67283,133,121,12,12
67284,79,88,-9,9
67285,58,66,-8,8
67286,111,109,2,2
67287,195,169,26,26
67288,129,110,19,19
67289,58,80,-22,22
67290,101,107,-6,6
67291,186,170,16,16
67292,76,70,6,6
67293,72,74,-2,2
67294,100,104,-4,4
67295,60,65,-5,5
67296,59,68,-9,9
67297,118,108,10,10
67298,195,166,29,29
67299,92,86,6,6
67300,245,230,15,15
67301,102,107,-5,5
67302,84,88,-4,4
67303,95,94,1,1
67304,126,118,8,8
67305,101,92,9,9
67306,192,166,26,26
67307,118,114,4,4
67308,72,80,-8,8
67309,66,72,-6,6
67310,72,77,-5,5
67311,75,78,-3,3
67312,47,54,-7,7
67313,53,61,-8,8
67314,75,84,-9,9
67315,77,91,-14,14
67316,133,136,-3,3
67317,66,70,-4,4
67318,122,122,0,0
67319,151,144,7,7
67320,95,108,-13,13
67321,70,80,-10,10
67322,66,69,-3,3
67323,101,98,3,3
67324,92,87,5,5
67325,94,87,7,7
67326,80,75,5,5
67327,86,91,-5,5
67328,99,89,10,10
67329,167,146,21,21
67330,104,96,8,8
67331,92,85,7,7
67332,82,91,-9,9
67333,93,89,4,4
67334,57,60,-3,3
67335,80,81,-1,1
67336,154,129,25,25
67337,92,87,5,5
67338,121,108,13,13
67339,90,98,-8,8
67340,94,93,1,1
67341,100,100,0,0
67342,55,65,-10,10
67343,179,168,11,11
67344,157,140,17,17
67345,58,72,-14,14
67346,94,105,-11,11
67347,85,82,3,3
67348,55,66,-11,11
67349,72,65,7,7
67350,114,108,6,6
67351,99,99,0,0
67352,75,72,3,3
67353,45,50,-5,5
67354,58,59,-1,1
67355,110,103,7,7
67356,69,78,-9,9
67357,68,68,0,0
67358,102,95,7,7
67359,77,84,-7,7
67360,85,83,2,2
67361,112,108,4,4
67362,40,46,-6,6
67363,73,78,-5,5
67364,76,81,-5,5
67365,65,69,-4,4
67366,72,87,-15,15
67367,89,108,-19,19
67368,110,113,-3,3
67369,91,90,1,1
67370,59,86,-27,27
67371,90,83,7,7
67372,84,84,0,0
67373,130,119,11,11
67374,63,64,-1,1
67375,63,69,-6,6
67376,87,83,4,4
67377,106,109,-3,3
67378,145,129,16,16
67379,128,127,1,1
67380,81,83,-2,2
67381,111,97,14,14
67382,76,83,-7,7
67383,53,68,-15,15
67384,82,79,3,3
67385,100,98,2,2
67386,74,87,-13,13
67387,105,105,0,0
67388,58,63,-5,5
67389,102,103,-1,1
67390,113,104,9,9
67391,99,102,-3,3
67392,113,108,5,5
67393,55,61,-6,6
67394,98,88,10,10
67395,108,110,-2,2
67396,54,58,-4,4
67397,99,95,4,4
67398,78,80,-2,2
67399,68,63,5,5
67400,45,51,-6,6
67401,71,78,-7,7
67402,216,186,30,30
67403,103,99,4,4
67404,77,79,-2,2
67405,64,71,-7,7
67406,108,108,0,0
67407,106,87,19,19
67408,124,104,20,20
67409,71,74,-3,3
67410,91,81,10,10
67411,80,87,-7,7
67412,122,118,4,4
67413,105,104,1,1
67414,80,83,-3,3
67415,142,116,26,26
67416,64,90,-26,26
67417,95,78,17,17
67418,112,119,-7,7
67419,83,77,6,6
67420,147,142,5,5
67421,47,56,-9,9
67422,80,82,-2,2
67423,104,109,-5,5
67424,71,77,-6,6
67425,67,67,0,0
67426,69,76,-7,7
67427,82,83,-1,1
67428,85,81,4,4
67429,144,139,5,5
67430,81,87,-6,6
67431,141,139,2,2
67432,86,81,5,5
67433,176,165,11,11
67434,74,72,2,2
67435,91,89,2,2
67436,102,84,18,18
67437,74,71,3,3
67438,97,93,4,4
67439,60,67,-7,7
67440,97,97,0,0
67441,119,112,7,7
67442,97,100,-3,3
67443,70,75,-5,5
67444,102,94,8,8
67445,61,71,-10,10
67446,86,79,7,7
67447,45,53,-8,8
67448,51,59,-8,8
67449,130,131,-1,1
67450,74,80,-6,6
67451,78,82,-4,4
67452,163,156,7,7
67453,52,65,-13,13
67454,99,101,-2,2
67455,84,89,-5,5
67456,109,101,8,8
67457,84,85,-1,1
67458,88,97,-9,9
67459,117,107,10,10
67460,186,164,22,22
67461,55,58,-3,3
67462,65,81,-16,16
67463,119,133,-14,14
67464,71,75,-4,4
67465,87,82,5,5
67466,51,60,-9,9
67467,46,52,-6,6
67468,61,66,-5,5
67469,103,92,11,11
67470,84,83,1,1
67471,56,64,-8,8
67472,73,77,-4,4
67473,84,82,2,2
67474,127,107,20,20
67475,178,170,8,8
67476,71,75,-4,4
67477,107,101,6,6
67478,111,100,11,11
67479,69,74,-5,5
67480,94,96,-2,2
67481,45,54,-9,9
67482,94,96,-2,2
67483,120,124,-4,4
67484,63,69,-6,6
67485,78,74,4,4
67486,40,49,-9,9
67487,114,109,5,5
67488,112,102,10,10
67489,152,141,11,11
67490,184,153,31,31
67491,84,82,2,2
67492,122,107,15,15
67493,108,97,11,11
67494,64,67,-3,3
67495,114,108,6,6
67496,143,142,1,1
67497,97,86,11,11
67498,99,94,5,5
67499,145,145,0,0
67500,63,68,-5,5
67501,111,108,3,3
67502,68,74,-6,6
67503,108,114,-6,6
67504,94,85,9,9
67505,77,79,-2,2
67506,49,63,-14,14
67507,82,81,1,1
67508,66,69,-3,3
67509,74,72,2,2
67510,142,145,-3,3
67511,82,88,-6,6
67512,87,84,3,3
67513,78,80,-2,2
67514,58,68,-10,10
67515,108,102,6,6
67516,50,82,-32,32
67517,170,156,14,14
67518,74,77,-3,3
67519,102,100,2,2
67520,95,93,2,2
67521,90,84,6,6
67522,118,112,6,6
67523,70,70,0,0
67524,111,107,4,4
67525,96,103,-7,7
67526,81,81,0,0
67527,110,103,7,7
67528,94,88,6,6
67529,99,102,-3,3
67530,107,106,1,1
67531,129,129,0,0
67532,135,119,16,16
67533,123,112,11,11
67534,67,73,-6,6
67535,79,81,-2,2
67536,91,95,-4,4
67537,72,72,0,0
67538,150,152,-2,2
67539,117,122,-5,5
67540,60,68,-8,8
67541,102,102,0,0
67542,32,51,-19,19
67543,65,69,-4,4
67544,163,147,16,16
67545,99,97,2,2
67546,76,75,1,1
67547,146,130,16,16
67548,137,125,12,12
67549,131,127,4,4
67550,152,136,16,16
67551,93,105,-12,12
67552,78,77,1,1
67553,83,81,2,2
67554,109,96,13,13
67555,134,137,-3,3
67556,56,74,-18,18
67557,82,80,2,2
67558,50,45,5,5
67559,104,101,3,3
67560,78,83,-5,5
67561,60,64,-4,4
67562,137,122,15,15
67563,64,65,-1,1
67564,144,142,2,2
67565,49,55,-6,6
67566,104,98,6,6
67567,66,68,-2,2
67568,71,71,0,0
67569,128,116,12,12
67570,84,102,-18,18
67571,141,143,-2,2
67572,97,90,7,7
67573,52,54,-2,2
67574,74,76,-2,2
67575,98,106,-8,8
67576,71,72,-1,1
67577,56,63,-7,7
67578,71,78,-7,7
67579,123,112,11,11
67580,146,121,25,25
67581,77,79,-2,2
67582,68,76,-8,8
67583,110,92,18,18
67584,85,83,2,2
67585,162,129,33,33
67586,105,93,12,12
67587,68,70,-2,2
67588,100,89,11,11
67589,103,98,5,5
67590,121,110,11,11
67591,96,85,11,11
67592,199,166,33,33
67593,83,84,-1,1
67594,91,87,4,4
67595,61,68,-7,7
67596,103,107,-4,4
67597,95,95,0,0
67598,68,73,-5,5
67599,94,91,3,3
67600,54,60,-6,6
67601,160,130,30,30
67602,123,107,16,16
67603,154,133,21,21
67604,48,60,-12,12
67605,66,73,-7,7
67606,81,80,1,1
67607,56,65,-9,9
67608,160,137,23,23
67609,121,144,-23,23
67610,103,88,15,15
67611,126,115,11,11
67612,82,79,3,3
67613,63,77,-14,14
67614,88,90,-2,2
67615,111,115,-4,4
67616,139,132,7,7
67617,103,100,3,3
67618,74,78,-4,4
67619,133,121,12,12
67620,49,60,-11,11
67621,93,89,4,4
67622,86,85,1,1
67623,77,71,6,6
67624,56,74,-18,18
67625,66,65,1,1
67626,132,122,10,10
67627,149,127,22,22
67628,39,46,-7,7
67629,117,111,6,6
67630,98,96,2,2
67631,59,64,-5,5
67632,146,139,7,7
67633,106,94,12,12
67634,63,70,-7,7
67635,90,91,-1,1
67636,73,79,-6,6
67637,80,77,3,3
67638,89,85,4,4
67639,88,86,2,2
67640,51,56,-5,5
67641,85,85,0,0
67642,106,121,-15,15
67643,136,124,12,12
67644,46,53,-7,7
67645,107,109,-2,2
67646,154,153,1,1
67647,109,104,5,5
67648,79,77,2,2
67649,94,85,9,9
67650,64,68,-4,4
67651,63,62,1,1
67652,62,64,-2,2
67653,58,66,-8,8
67654,48,56,-8,8
67655,67,73,-6,6
67656,74,75,-1,1
67657,94,89,5,5
67658,75,73,2,2
67659,158,140,18,18
67660,134,119,15,15
67661,189,164,25,25
67662,62,72,-10,10
67663,73,74,-1,1
67664,89,93,-4,4
67665,42,52,-10,10
67666,129,114,15,15
67667,65,79,-14,14
67668,49,57,-8,8
67669,163,146,17,17
67670,93,88,5,5
67671,185,164,21,21
67672,91,90,1,1
67673,43,50,-7,7
67674,163,157,6,6
67675,65,70,-5,5
67676,49,42,7,7
67677,62,66,-4,4
67678,123,126,-3,3
67679,78,80,-2,2
67680,144,130,14,14
67681,75,98,-23,23
67682,83,81,2,2
67683,122,101,21,21
67684,92,92,0,0
67685,101,98,3,3
67686,75,87,-12,12
67687,130,113,17,17
67688,160,149,11,11
67689,58,66,-8,8
67690,154,143,11,11
67691,101,94,7,7
67692,54,67,-13,13
67693,177,164,13,13
67694,198,170,28,28
67695,98,104,-6,6
67696,87,99,-12,12
67697,116,107,9,9
67698,63,64,-1,1
67699,95,90,5,5
67700,57,61,-4,4
67701,64,64,0,0
67702,69,63,6,6
67703,79,79,0,0
67704,89,98,-9,9
67705,53,61,-8,8
67706,94,96,-2,2
67707,85,92,-7,7
67708,85,85,0,0
67709,80,91,-11,11
67710,80,88,-8,8
67711,95,88,7,7
67712,95,89,6,6
67713,72,79,-7,7
67714,59,66,-7,7
67715,122,103,19,19
67716,76,75,1,1
67717,103,90,13,13
67718,80,84,-4,4
67719,84,85,-1,1
67720,108,104,4,4
67721,94,93,1,1
67722,128,120,8,8
67723,121,118,3,3
67724,156,134,22,22
67725,120,111,9,9
67726,97,98,-1,1
67727,87,98,-11,11
67728,116,108,8,8
67729,48,51,-3,3
67730,139,127,12,12
67731,93,85,8,8
67732,184,179,5,5
67733,62,64,-2,2
67734,116,120,-4,4
67735,114,104,10,10
67736,104,98,6,6
67737,94,99,-5,5
67738,169,159,10,10
67739,89,94,-5,5
67740,91,98,-7,7
67741,97,98,-1,1
67742,111,108,3,3
67743,69,72,-3,3
67744,120,111,9,9
67745,105,120,-15,15
67746,99,99,0,0
67747,37,69,-32,32
67748,105,92,13,13
67749,69,73,-4,4
67750,67,70,-3,3
67751,31,31,0,0
67752,60,67,-7,7
67753,90,96,-6,6
67754,74,74,0,0
67755,123,110,13,13
67756,97,98,-1,1
67757,55,56,-1,1
67758,127,116,11,11
67759,122,117,5,5
67760,103,101,2,2
67761,141,132,9,9
67762,67,69,-2,2
67763,113,115,-2,2
67764,135,132,3,3
67765,203,176,27,27
67766,88,89,-1,1
67767,94,98,-4,4
67768,103,100,3,3
67769,86,84,2,2
67770,143,144,-1,1
67771,52,55,-3,3
67772,75,85,-10,10
67773,114,116,-2,2
67774,92,84,8,8
67775,113,106,7,7
67776,123,118,5,5
67777,68,76,-8,8
67778,86,96,-10,10
67779,27,44,-17,17
67780,126,124,2,2
67781,89,85,4,4
67782,113,103,10,10
67783,106,99,7,7
67784,90,86,4,4
67785,82,75,7,7
67786,88,91,-3,3
67787,97,93,4,4
67788,141,125,16,16
67789,123,107,16,16
67790,188,187,1,1
67791,108,103,5,5
67792,73,75,-2,2
67793,104,103,1,1
67794,87,91,-4,4
67795,78,83,-5,5
67796,75,75,0,0
67797,153,137,16,16
67798,74,71,3,3
67799,129,111,18,18
67800,117,105,12,12
67801,82,86,-4,4
67802,103,99,4,4
67803,93,81,12,12
67804,89,89,0,0
67805,44,56,-12,12
67806,76,77,-1,1
67807,79,94,-15,15
67808,87,88,-1,1
67809,38,45,-7,7
67810,120,116,4,4
67811,88,90,-2,2
67812,155,135,20,20
67813,120,104,16,16
67814,89,83,6,6
67815,100,94,6,6
67816,66,66,0,0
67817,85,93,-8,8
67818,90,78,12,12
67819,126,120,6,6
67820,153,126,27,27
67821,83,82,1,1
67822,113,103,10,10
67823,88,90,-2,2
67824,152,152,0,0
67825,104,95,9,9
67826,75,75,0,0
67827,48,52,-4,4
67828,127,110,17,17
67829,79,76,3,3
67830,117,110,7,7
67831,63,72,-9,9
67832,113,115,-2,2
67833,143,151,-8,8
67834,110,105,5,5
67835,75,84,-9,9
67836,48,56,-8,8
67837,64,91,-27,27
67838,99,97,2,2
67839,91,87,4,4
67840,111,101,10,10
67841,89,88,1,1
67842,141,132,9,9
67843,101,93,8,8
67844,74,73,1,1
67845,124,107,17,17
67846,115,116,-1,1
67847,94,101,-7,7
67848,110,112,-2,2
67849,70,74,-4,4
67850,89,95,-6,6
67851,53,59,-6,6
67852,85,94,-9,9
67853,166,146,20,20
67854,77,76,1,1
67855,76,74,2,2
67856,137,141,-4,4
67857,79,87,-8,8
67858,144,116,28,28
67859,57,54,3,3
67860,102,102,0,0
67861,77,79,-2,2
67862,105,105,0,0
67863,99,95,4,4
67864,40,49,-9,9
67865,96,91,5,5
67866,99,102,-3,3
67867,69,69,0,0
67868,111,102,9,9
67869,119,125,-6,6
67870,152,143,9,9
67871,138,128,10,10
67872,146,154,-8,8
67873,79,98,-19,19
67874,113,105,8,8
67875,65,74,-9,9
67876,135,115,20,20
67877,58,48,10,10
67878,68,79,-11,11
67879,103,94,9,9
67880,110,112,-2,2
67881,57,62,-5,5
67882,191,167,24,24
67883,87,83,4,4
67884,130,116,14,14
67885,94,93,1,1
67886,101,104,-3,3
67887,52,52,0,0
67888,134,130,4,4
67889,75,76,-1,1
67890,91,96,-5,5
67891,109,105,4,4
67892,96,92,4,4
67893,55,60,-5,5
67894,114,105,9,9
67895,159,140,19,19
67896,74,74,0,0
67897,89,93,-4,4
67898,45,59,-14,14
67899,50,72,-22,22
67900,78,76,2,2
67901,136,137,-1,1
67902,81,81,0,0
67903,104,93,11,11
67904,42,49,-7,7
67905,45,49,-4,4
67906,91,82,9,9
67907,81,83,-2,2
67908,73,78,-5,5
67909,163,148,15,15
67910,62,63,-1,1
67911,62,83,-21,21
67912,117,100,17,17
67913,91,94,-3,3
67914,81,93,-12,12
67915,183,151,32,32
67916,115,111,4,4
67917,45,45,0,0
67918,67,72,-5,5
67919,73,72,1,1
67920,115,112,3,3
67921,143,128,15,15
67922,122,110,12,12
67923,158,137,21,21
67924,132,123,9,9
67925,56,64,-8,8
67926,138,131,7,7
67927,128,113,15,15
67928,170,153,17,17
67929,101,96,5,5
67930,147,141,6,6
67931,116,113,3,3
67932,97,110,-13,13
67933,116,118,-2,2
67934,73,74,-1,1
67935,58,59,-1,1
67936,99,91,8,8
67937,148,147,1,1
67938,56,61,-5,5
67939,144,145,-1,1
67940,73,73,0,0
67941,124,132,-8,8
67942,58,86,-28,28
67943,72,76,-4,4
67944,57,60,-3,3
67945,77,69,8,8
67946,93,88,5,5
67947,136,123,13,13
67948,56,62,-6,6
67949,106,97,9,9
67950,68,66,2,2
67951,107,101,6,6
67952,137,127,10,10
67953,51,59,-8,8
67954,161,153,8,8
67955,75,75,0,0
67956,207,175,32,32
67957,134,137,-3,3
67958,139,135,4,4
67959,85,84,1,1
67960,64,69,-5,5
67961,57,62,-5,5
67962,87,87,0,0
67963,143,132,11,11
67964,89,90,-1,1
67965,78,73,5,5
67966,73,90,-17,17
67967,188,185,3,3
67968,115,99,16,16
67969,119,93,26,26
67970,74,82,-8,8
67971,96,99,-3,3
67972,64,69,-5,5
67973,117,108,9,9
67974,127,126,1,1
67975,70,77,-7,7
67976,97,103,-6,6
67977,163,158,5,5
67978,143,131,12,12
67979,69,78,-9,9
67980,98,103,-5,5
67981,87,85,2,2
67982,100,100,0,0
67983,111,118,-7,7
67984,129,131,-2,2
67985,94,83,11,11
67986,124,118,6,6
67987,70,77,-7,7
67988,64,67,-3,3
67989,131,118,13,13
67990,81,89,-8,8
67991,121,109,12,12
67992,139,126,13,13
67993,49,58,-9,9
67994,54,64,-10,10
67995,109,109,0,0
67996,71,80,-9,9
67997,124,107,17,17
67998,110,96,14,14
67999,103,103,0,0
68000,104,109,-5,5
68001,95,110,-15,15
68002,85,75,10,10
68003,83,78,5,5
68004,111,114,-3,3
68005,68,61,7,7
68006,76,74,2,2
68007,47,51,-4,4
68008,143,120,23,23
68009,64,67,-3,3
68010,102,101,1,1
68011,77,81,-4,4
68012,52,63,-11,11
68013,52,60,-8,8
68014,75,81,-6,6
68015,83,85,-2,2
68016,70,69,1,1
68017,44,53,-9,9
68018,41,51,-10,10
68019,77,74,3,3
68020,53,56,-3,3
68021,132,133,-1,1
68022,112,101,11,11
68023,81,76,5,5
68024,85,87,-2,2
68025,90,87,3,3
68026,51,59,-8,8
68027,55,68,-13,13
68028,45,72,-27,27
68029,52,58,-6,6
68030,98,95,3,3
68031,72,74,-2,2
68032,239,209,30,30
68033,123,107,16,16
68034,164,148,16,16
68035,75,74,1,1
68036,145,141,4,4
68037,63,70,-7,7
68038,63,96,-33,33
68039,100,105,-5,5
68040,110,113,-3,3
68041,76,89,-13,13
68042,94,98,-4,4
68043,109,94,15,15
68044,59,73,-14,14
68045,140,149,-9,9
68046,83,77,6,6
68047,136,123,13,13
68048,50,54,-4,4
68049,85,81,4,4
68050,113,100,13,13
68051,49,62,-13,13
68052,98,84,14,14
68053,80,70,10,10
68054,95,96,-1,1
68055,129,127,2,2
68056,89,83,6,6
68057,115,103,12,12
68058,73,79,-6,6
68059,75,82,-7,7
68060,168,149,19,19
68061,52,63,-11,11
68062,76,74,2,2
68063,104,100,4,4
68064,124,106,18,18
68065,113,113,0,0
68066,80,77,3,3
68067,79,99,-20,20
68068,89,89,0,0
68069,90,83,7,7
68070,46,57,-11,11
68071,80,75,5,5
68072,108,116,-8,8
68073,46,51,-5,5
68074,106,98,8,8
68075,139,128,11,11
68076,99,101,-2,2
68077,50,55,-5,5
68078,65,67,-2,2
68079,69,72,-3,3
68080,125,117,8,8
68081,97,95,2,2
68082,84,86,-2,2
68083,114,117,-3,3
68084,39,40,-1,1
68085,106,98,8,8
68086,88,92,-4,4
68087,80,83,-3,3
68088,178,160,18,18
68089,104,110,-6,6
68090,76,73,3,3
68091,108,95,13,13
68092,82,92,-10,10
68093,44,56,-12,12
68094,67,67,0,0
68095,69,77,-8,8
68096,69,67,2,2
68097,112,104,8,8
68098,151,130,21,21
68099,47,56,-9,9
68100,70,71,-1,1
68101,86,83,3,3
68102,95,95,0,0
68103,68,74,-6,6
68104,44,51,-7,7
68105,70,78,-8,8
68106,132,122,10,10
68107,66,72,-6,6
68108,104,98,6,6
68109,155,147,8,8
68110,136,129,7,7
68111,74,76,-2,2
68112,109,106,3,3
68113,88,93,-5,5
68114,156,158,-2,2
68115,153,149,4,4
68116,83,75,8,8
68117,88,83,5,5
68118,167,166,1,1
68119,44,49,-5,5
68120,124,107,17,17
68121,71,70,1,1
68122,131,109,22,22
68123,94,92,2,2
68124,64,68,-4,4
68125,81,81,0,0
68126,69,71,-2,2
68127,52,56,-4,4
68128,84,83,1,1
68129,59,64,-5,5
68130,117,114,3,3
68131,115,104,11,11
68132,86,89,-3,3
68133,111,103,8,8
68134,69,77,-8,8
68135,119,107,12,12
68136,73,74,-1,1
68137,81,80,1,1
68138,79,93,-14,14
68139,89,98,-9,9
68140,51,57,-6,6
68141,63,68,-5,5
68142,87,91,-4,4
68143,116,110,6,6
68144,115,104,11,11
68145,111,110,1,1
68146,38,42,-4,4
68147,130,132,-2,2
68148,100,93,7,7
68149,60,59,1,1
68150,91,82,9,9
68151,67,69,-2,2
68152,73,67,6,6
68153,152,143,9,9
68154,199,177,22,22
68155,156,143,13,13
68156,61,68,-7,7
68157,109,95,14,14
68158,69,74,-5,5
68159,87,88,-1,1
68160,65,70,-5,5
68161,83,85,-2,2
68162,94,92,2,2
68163,104,87,17,17
68164,72,78,-6,6
68165,74,88,-14,14
68166,93,84,9,9
68167,88,83,5,5
68168,88,80,8,8
68169,75,85,-10,10
68170,102,102,0,0
68171,72,76,-4,4
68172,95,83,12,12
68173,98,94,4,4
68174,86,86,0,0
68175,91,104,-13,13
68176,67,69,-2,2
68177,73,77,-4,4
68178,129,127,2,2
68179,64,66,-2,2
68180,94,94,0,0
68181,123,112,11,11
68182,89,87,2,2
68183,45,55,-10,10
68184,95,94,1,1
68185,77,78,-1,1
68186,61,70,-9,9
68187,151,151,0,0
68188,53,60,-7,7
68189,109,101,8,8
68190,84,88,-4,4
68191,86,92,-6,6
68192,105,101,4,4
68193,107,112,-5,5
68194,97,103,-6,6
68195,41,49,-8,8
68196,69,73,-4,4
68197,111,84,27,27
68198,40,50,-10,10
68199,140,132,8,8
68200,65,72,-7,7
68201,149,125,24,24
68202,46,47,-1,1
68203,103,100,3,3
68204,80,80,0,0
68205,41,43,-2,2
68206,97,127,-30,30
68207,65,67,-2,2
68208,124,142,-18,18
68209,65,69,-4,4
68210,85,84,1,1
68211,151,145,6,6
68212,75,74,1,1
68213,92,93,-1,1
68214,96,90,6,6
68215,120,123,-3,3
68216,71,71,0,0
68217,77,81,-4,4
68218,84,94,-10,10
68219,100,104,-4,4
68220,105,112,-7,7
68221,123,115,8,8
68222,53,61,-8,8
68223,178,168,10,10
68224,99,95,4,4
68225,64,69,-5,5
68226,78,83,-5,5
68227,108,102,6,6
68228,77,79,-2,2
68229,157,135,22,22
68230,72,81,-9,9
68231,68,72,-4,4
68232,87,80,7,7
68233,70,79,-9,9
68234,52,57,-5,5
68235,85,78,7,7
68236,100,104,-4,4
68237,71,70,1,1
68238,109,110,-1,1
68239,154,158,-4,4
68240,96,78,18,18
68241,78,86,-8,8
68242,82,93,-11,11
68243,114,108,6,6
68244,103,104,-1,1
68245,118,119,-1,1
68246,87,92,-5,5
68247,121,125,-4,4
68248,94,95,-1,1
68249,62,63,-1,1
68250,89,86,3,3
68251,105,99,6,6
68252,85,78,7,7
68253,79,88,-9,9
68254,86,84,2,2
68255,100,98,2,2
68256,104,98,6,6
68257,83,81,2,2
68258,90,84,6,6
68259,112,125,-13,13
68260,69,75,-6,6
68261,121,102,19,19
68262,84,90,-6,6
68263,87,84,3,3
68264,92,94,-2,2
68265,147,144,3,3
68266,86,89,-3,3
68267,89,84,5,5
68268,52,69,-17,17
68269,110,105,5,5
68270,145,136,9,9
68271,87,88,-1,1
68272,107,88,19,19
68273,145,115,30,30
68274,55,62,-7,7
68275,51,64,-13,13
68276,95,94,1,1
68277,101,97,4,4
68278,72,69,3,3
68279,90,85,5,5
68280,91,81,10,10
68281,94,98,-4,4
68282,60,69,-9,9
68283,59,61,-2,2
68284,96,89,7,7
68285,55,60,-5,5
68286,101,87,14,14
68287,95,99,-4,4
68288,113,103,10,10
68289,77,73,4,4
68290,114,121,-7,7
68291,101,107,-6,6
68292,100,105,-5,5
68293,64,71,-7,7
68294,100,92,8,8
68295,158,135,23,23
68296,81,83,-2,2
68297,62,68,-6,6
68298,136,128,8,8
68299,156,143,13,13
68300,160,143,17,17
68301,128,124,4,4
68302,49,51,-2,2
68303,135,119,16,16
68304,81,85,-4,4
68305,85,85,0,0
68306,74,72,2,2
68307,141,127,14,14
68308,98,95,3,3
68309,140,133,7,7
68310,102,93,9,9
68311,91,97,-6,6
68312,68,70,-2,2
68313,117,106,11,11
68314,57,58,-1,1
68315,70,76,-6,6
68316,203,162,41,41
68317,96,110,-14,14
68318,128,124,4,4
68319,81,77,4,4
68320,81,93,-12,12
68321,66,64,2,2
68322,128,120,8,8
68323,150,141,9,9
68324,79,87,-8,8
68325,68,74,-6,6
68326,57,65,-8,8
68327,63,74,-11,11
68328,110,111,-1,1
68329,84,82,2,2
68330,84,75,9,9
68331,59,66,-7,7
68332,101,90,11,11
68333,73,78,-5,5
68334,82,85,-3,3
68335,163,150,13,13
68336,113,107,6,6
68337,95,78,17,17
68338,73,77,-4,4
68339,83,82,1,1
68340,114,110,4,4
68341,136,110,26,26
68342,86,87,-1,1
68343,81,79,2,2
68344,108,110,-2,2
68345,149,149,0,0
68346,101,97,4,4
68347,78,82,-4,4
68348,126,112,14,14
68349,122,128,-6,6
68350,112,101,11,11
68351,67,66,1,1
68352,62,64,-2,2
68353,112,104,8,8
68354,171,151,20,20
68355,65,65,0,0
68356,97,87,10,10
68357,43,51,-8,8
68358,71,64,7,7
68359,71,72,-1,1
68360,55,53,2,2
68361,72,84,-12,12
68362,85,83,2,2
68363,190,164,26,26
68364,97,95,2,2
68365,100,99,1,1
68366,75,79,-4,4
68367,130,115,15,15
68368,60,64,-4,4
68369,105,101,4,4
68370,85,84,1,1
68371,89,93,-4,4
68372,93,92,1,1
68373,39,65,-26,26
68374,74,68,6,6
68375,148,145,3,3
68376,136,122,14,14
68377,61,74,-13,13
68378,181,161,20,20
68379,99,92,7,7
68380,165,152,13,13
68381,97,93,4,4
68382,116,104,12,12
68383,105,108,-3,3
68384,50,52,-2,2
68385,71,83,-12,12
68386,115,106,9,9
68387,61,60,1,1
68388,101,103,-2,2
68389,80,80,0,0
68390,100,103,-3,3
68391,79,91,-12,12
68392,121,114,7,7
68393,85,94,-9,9
68394,87,91,-4,4
68395,61,67,-6,6
68396,125,126,-1,1
68397,85,91,-6,6
68398,87,88,-1,1
68399,64,73,-9,9
68400,66,70,-4,4
68401,85,89,-4,4
68402,159,140,19,19
68403,132,133,-1,1
68404,96,96,0,0
68405,100,106,-6,6
68406,76,74,2,2
68407,117,117,0,0
68408,101,110,-9,9
68409,86,87,-1,1
68410,117,108,9,9
68411,96,91,5,5
68412,55,64,-9,9
68413,145,128,17,17
68414,68,76,-8,8
68415,71,70,1,1
68416,129,120,9,9
68417,121,118,3,3
68418,92,80,12,12
68419,57,61,-4,4
68420,50,53,-3,3
68421,56,64,-8,8
68422,52,59,-7,7
68423,61,64,-3,3
68424,164,145,19,19
68425,119,111,8,8
68426,85,79,6,6
68427,83,79,4,4
68428,149,137,12,12
68429,103,92,11,11
68430,61,50,11,11
68431,142,140,2,2
68432,80,84,-4,4
68433,49,58,-9,9
68434,109,93,16,16
68435,101,98,3,3
68436,77,82,-5,5
68437,160,161,-1,1
68438,108,111,-3,3
68439,137,129,8,8
68440,125,120,5,5
68441,76,79,-3,3
68442,145,131,14,14
68443,86,91,-5,5
68444,131,122,9,9
68445,99,106,-7,7
68446,97,97,0,0
68447,67,65,2,2
68448,107,122,-15,15
68449,87,86,1,1
68450,104,100,4,4
68451,77,77,0,0
68452,49,59,-10,10
68453,152,137,15,15
68454,138,128,10,10
68455,183,166,17,17
68456,53,62,-9,9
68457,100,90,10,10
68458,71,74,-3,3
68459,73,87,-14,14
68460,108,101,7,7
68461,85,90,-5,5
68462,72,75,-3,3
68463,92,90,2,2
68464,127,118,9,9
68465,61,85,-24,24
68466,86,96,-10,10
68467,56,58,-2,2
68468,104,95,9,9
68469,86,89,-3,3
68470,142,142,0,0
68471,78,90,-12,12
68472,96,84,12,12
68473,75,81,-6,6
68474,88,87,1,1
68475,69,70,-1,1
68476,62,67,-5,5
68477,107,105,2,2
68478,65,69,-4,4
68479,129,134,-5,5
68480,86,91,-5,5
68481,77,72,5,5
68482,115,97,18,18
68483,87,85,2,2
68484,32,29,3,3
68485,80,89,-9,9
68486,107,101,6,6
68487,112,121,-9,9
68488,83,84,-1,1
68489,89,93,-4,4
68490,65,68,-3,3
68491,63,70,-7,7
68492,56,64,-8,8
68493,99,86,13,13
68494,88,89,-1,1
68495,130,126,4,4
68496,59,64,-5,5
68497,157,124,33,33
68498,94,104,-10,10
68499,94,93,1,1
68500,61,68,-7,7
68501,98,99,-1,1
68502,98,95,3,3
68503,108,98,10,10
68504,122,114,8,8
68505,115,110,5,5
68506,49,58,-9,9
68507,79,80,-1,1
68508,96,100,-4,4
68509,81,91,-10,10
68510,54,59,-5,5
68511,70,77,-7,7
68512,141,129,12,12
68513,113,183,-70,70
68514,110,115,-5,5
68515,75,81,-6,6
68516,85,95,-10,10
68517,85,80,5,5
68518,105,101,4,4
68519,62,71,-9,9
68520,39,49,-10,10
68521,83,84,-1,1
68522,103,97,6,6
68523,69,75,-6,6
68524,103,99,4,4
68525,82,77,5,5
68526,98,95,3,3
68527,134,120,14,14
68528,51,64,-13,13
68529,98,96,2,2
68530,58,66,-8,8
68531,66,77,-11,11
68532,66,69,-3,3
68533,139,119,20,20
68534,182,161,21,21
68535,118,127,-9,9
68536,69,67,2,2
68537,61,71,-10,10
68538,101,93,8,8
68539,126,95,31,31
68540,87,86,1,1
68541,53,59,-6,6
68542,83,82,1,1
68543,113,116,-3,3
68544,109,100,9,9
68545,60,64,-4,4
68546,113,109,4,4
68547,84,93,-9,9
68548,60,61,-1,1
68549,56,58,-2,2
68550,52,56,-4,4
68551,111,102,9,9
68552,74,80,-6,6
68553,57,61,-4,4
68554,72,75,-3,3
68555,77,81,-4,4
68556,93,91,2,2
68557,167,144,23,23
68558,64,67,-3,3
68559,97,90,7,7
68560,106,104,2,2
68561,165,146,19,19
68562,86,103,-17,17
68563,146,128,18,18
68564,98,93,5,5
68565,88,88,0,0
68566,89,89,0,0
68567,99,97,2,2
68568,86,86,0,0
68569,95,107,-12,12
68570,70,68,2,2
68571,91,98,-7,7
68572,98,96,2,2
68573,92,88,4,4
68574,103,96,7,7
68575,91,83,8,8
68576,58,74,-16,16
68577,61,67,-6,6
68578,53,60,-7,7
68579,83,81,2,2
68580,56,61,-5,5
68581,84,85,-1,1
68582,73,82,-9,9
68583,73,73,0,0
68584,81,82,-1,1
68585,69,73,-4,4
68586,71,79,-8,8
68587,107,111,-4,4
68588,111,108,3,3
68589,107,99,8,8
68590,115,97,18,18
68591,75,78,-3,3
68592,129,113,16,16
68593,94,90,4,4
68594,52,58,-6,6
68595,146,141,5,5
68596,99,102,-3,3
68597,93,108,-15,15
68598,57,64,-7,7
68599,102,107,-5,5
68600,58,68,-10,10
68601,95,129,-34,34
68602,92,90,2,2
68603,99,93,6,6
68604,115,114,1,1
68605,77,77,0,0
68606,176,169,7,7
68607,97,101,-4,4
68608,153,133,20,20
68609,74,73,1,1
68610,182,159,23,23
68611,91,95,-4,4
68612,67,78,-11,11
68613,85,96,-11,11
68614,109,102,7,7
68615,113,103,10,10
68616,111,110,1,1
68617,95,104,-9,9
68618,74,73,1,1
68619,110,105,5,5
68620,58,59,-1,1
68621,135,125,10,10
68622,108,108,0,0
68623,112,113,-1,1
68624,49,58,-9,9
68625,114,113,1,1
68626,57,63,-6,6
68627,74,72,2,2
68628,99,99,0,0
68629,96,91,5,5
68630,88,83,5,5
68631,79,87,-8,8
68632,82,73,9,9
68633,99,96,3,3
68634,116,106,10,10
68635,80,81,-1,1
68636,120,114,6,6
68637,70,69,1,1
68638,74,76,-2,2
68639,55,71,-16,16
68640,97,91,6,6
68641,74,78,-4,4
68642,92,97,-5,5
68643,71,75,-4,4
68644,86,85,1,1
68645,66,65,1,1
68646,74,71,3,3
68647,90,90,0,0
68648,110,103,7,7
68649,94,91,3,3
68650,101,97,4,4
68651,115,110,5,5
68652,91,93,-2,2
68653,102,102,0,0
68654,116,119,-3,3
68655,130,124,6,6
68656,45,56,-11,11
68657,77,77,0,0
68658,117,124,-7,7
68659,109,107,2,2
68660,94,91,3,3
68661,130,116,14,14
68662,37,48,-11,11
68663,73,80,-7,7
68664,79,73,6,6
68665,80,89,-9,9
68666,143,120,23,23
68667,69,72,-3,3
68668,143,135,8,8
68669,105,104,1,1
68670,150,136,14,14
68671,94,88,6,6
68672,107,99,8,8
68673,64,65,-1,1
68674,154,128,26,26
68675,129,125,4,4
68676,118,108,10,10
68677,86,85,1,1
68678,98,97,1,1
68679,134,139,-5,5
68680,96,97,-1,1
68681,90,88,2,2
68682,173,166,7,7
68683,83,86,-3,3
68684,168,157,11,11
68685,97,97,0,0
68686,88,88,0,0
68687,54,59,-5,5
68688,142,116,26,26
68689,152,141,11,11
68690,75,85,-10,10
68691,73,74,-1,1
68692,170,171,-1,1
68693,82,83,-1,1
68694,103,108,-5,5
68695,135,121,14,14
68696,98,97,1,1
68697,190,168,22,22
68698,110,97,13,13
68699,56,67,-11,11
68700,160,142,18,18
68701,86,98,-12,12
68702,105,101,4,4
68703,42,49,-7,7
68704,148,150,-2,2
68705,78,73,5,5
68706,108,106,2,2
68707,81,81,0,0
68708,135,125,10,10
68709,84,92,-8,8
68710,115,110,5,5
68711,124,112,12,12
68712,67,77,-10,10
68713,97,94,3,3
68714,90,88,2,2
68715,158,144,14,14
68716,162,146,16,16
68717,165,157,8,8
68718,76,79,-3,3
68719,174,164,10,10
68720,125,113,12,12
68721,155,148,7,7
68722,80,88,-8,8
68723,150,151,-1,1
68724,54,57,-3,3
68725,119,102,17,17
68726,83,76,7,7
68727,56,66,-10,10
68728,69,80,-11,11
68729,94,95,-1,1
68730,103,109,-6,6
68731,120,108,12,12
68732,119,122,-3,3
68733,92,92,0,0
68734,102,101,1,1
68735,75,76,-1,1
68736,64,66,-2,2
68737,175,156,19,19
68738,66,68,-2,2
68739,69,68,1,1
68740,66,68,-2,2
68741,42,51,-9,9
68742,222,195,27,27
68743,161,151,10,10
68744,139,116,23,23
68745,88,88,0,0
68746,81,76,5,5
68747,160,155,5,5
68748,100,101,-1,1
68749,64,73,-9,9
68750,26,32,-6,6
68751,126,117,9,9
68752,49,55,-6,6
68753,101,99,2,2
68754,78,75,3,3
68755,82,82,0,0
68756,68,71,-3,3
68757,90,89,1,1
68758,78,78,0,0
68759,114,112,2,2
68760,160,150,10,10
68761,108,106,2,2
68762,93,93,0,0
68763,52,57,-5,5
68764,142,132,10,10
68765,151,153,-2,2
68766,118,118,0,0
68767,90,89,1,1
68768,103,93,10,10
68769,126,116,10,10
68770,121,113,8,8
68771,111,110,1,1
68772,87,84,3,3
68773,48,55,-7,7
68774,86,76,10,10
68775,60,100,-40,40
68776,162,140,22,22
68777,98,91,7,7
68778,134,125,9,9
68779,147,140,7,7
68780,113,112,1,1
68781,79,78,1,1
68782,76,72,4,4
68783,72,83,-11,11
68784,59,69,-10,10
68785,151,140,11,11
68786,114,106,8,8
68787,71,77,-6,6
68788,146,137,9,9
68789,83,81,2,2
68790,65,67,-2,2
68791,60,61,-1,1
68792,113,98,15,15
68793,146,124,22,22
68794,103,103,0,0
68795,123,111,12,12
68796,59,69,-10,10
68797,158,137,21,21
68798,114,99,15,15
68799,133,116,17,17
68800,151,142,9,9
68801,41,47,-6,6
68802,80,79,1,1
68803,71,69,2,2
68804,88,91,-3,3
68805,94,102,-8,8
68806,41,57,-16,16
68807,129,141,-12,12
68808,126,115,11,11
68809,132,111,21,21
68810,38,54,-16,16
68811,81,85,-4,4
68812,97,98,-1,1
68813,99,97,2,2
68814,159,151,8,8
68815,113,115,-2,2
68816,42,58,-16,16
68817,176,156,20,20
68818,96,84,12,12
68819,122,119,3,3
68820,134,136,-2,2
68821,63,67,-4,4
68822,81,80,1,1
68823,94,98,-4,4
68824,122,110,12,12
68825,99,87,12,12
68826,103,107,-4,4
68827,77,98,-21,21
68828,90,98,-8,8
68829,139,119,20,20
68830,74,78,-4,4
68831,83,85,-2,2
68832,84,83,1,1
68833,108,100,8,8
68834,80,86,-6,6
68835,117,113,4,4
68836,81,78,3,3
68837,73,77,-4,4
68838,146,135,11,11
68839,83,84,-1,1
68840,71,70,1,1
68841,99,105,-6,6
68842,52,58,-6,6
68843,97,104,-7,7
68844,80,77,3,3
68845,112,107,5,5
68846,57,73,-16,16
68847,105,100,5,5
68848,145,144,1,1
68849,104,92,12,12
68850,94,87,7,7
68851,109,108,1,1
68852,73,75,-2,2
68853,54,61,-7,7
68854,99,92,7,7
68855,204,181,23,23
68856,42,51,-9,9
68857,40,43,-3,3
68858,61,59,2,2
68859,98,99,-1,1
68860,88,92,-4,4
68861,107,112,-5,5
68862,101,101,0,0
68863,156,146,10,10
68864,43,53,-10,10
68865,85,81,4,4
68866,130,115,15,15
68867,49,62,-13,13
68868,82,79,3,3
68869,105,104,1,1
68870,141,148,-7,7
68871,124,126,-2,2
68872,149,157,-8,8
68873,61,59,2,2
68874,163,154,9,9
68875,94,99,-5,5
68876,64,72,-8,8
68877,129,141,-12,12
68878,71,77,-6,6
68879,95,101,-6,6
68880,106,110,-4,4
68881,103,85,18,18
68882,81,77,4,4
68883,89,83,6,6
68884,144,129,15,15
68885,64,71,-7,7
68886,37,120,-83,83
68887,87,78,9,9
68888,34,40,-6,6
68889,94,96,-2,2
68890,84,88,-4,4
68891,76,74,2,2
68892,79,77,2,2
68893,96,102,-6,6
68894,99,95,4,4
68895,102,100,2,2
68896,66,68,-2,2
68897,96,85,11,11
68898,75,78,-3,3
68899,98,88,10,10
68900,75,74,1,1
68901,106,96,10,10
68902,85,85,0,0
68903,104,115,-11,11
68904,83,90,-7,7
68905,92,92,0,0
68906,110,119,-9,9
68907,89,104,-15,15
68908,148,133,15,15
68909,105,102,3,3
68910,90,84,6,6
68911,42,60,-18,18
68912,102,102,0,0
68913,142,135,7,7
68914,122,113,9,9
68915,109,99,10,10
68916,101,104,-3,3
68917,89,95,-6,6
68918,118,109,9,9
68919,146,131,15,15
68920,100,102,-2,2
68921,99,92,7,7
68922,62,63,-1,1
68923,84,77,7,7
68924,62,72,-10,10
68925,190,165,25,25
68926,105,105,0,0
68927,101,93,8,8
68928,69,78,-9,9
68929,105,100,5,5
68930,135,131,4,4
68931,162,161,1,1
68932,96,94,2,2
68933,80,77,3,3
68934,83,86,-3,3
68935,133,125,8,8
68936,77,78,-1,1
68937,130,121,9,9
68938,143,154,-11,11
68939,83,88,-5,5
68940,77,80,-3,3
68941,148,138,10,10
68942,88,83,5,5
68943,47,51,-4,4
68944,66,62,4,4
68945,54,69,-15,15
68946,97,93,4,4
68947,80,87,-7,7
68948,51,70,-19,19
68949,122,124,-2,2
68950,134,116,18,18
68951,152,147,5,5
68952,96,100,-4,4
68953,75,81,-6,6
68954,143,142,1,1
68955,164,155,9,9
68956,99,99,0,0
68957,149,147,2,2
68958,126,114,12,12
68959,90,83,7,7
68960,102,102,0,0
68961,18,28,-10,10
68962,103,127,-24,24
68963,130,121,9,9
68964,67,73,-6,6
68965,69,67,2,2
68966,84,83,1,1
68967,122,122,0,0
68968,103,95,8,8
68969,65,63,2,2
68970,111,113,-2,2
68971,177,164,13,13
68972,64,64,0,0
68973,159,153,6,6
68974,123,118,5,5
68975,67,72,-5,5
68976,138,137,1,1
68977,88,89,-1,1
68978,94,105,-11,11
68979,114,102,12,12
68980,81,78,3,3
68981,68,68,0,0
68982,214,183,31,31
68983,145,124,21,21
68984,54,61,-7,7
68985,100,90,10,10
68986,146,142,4,4
68987,213,182,31,31
68988,106,111,-5,5
68989,57,56,1,1
68990,128,123,5,5
68991,97,96,1,1
68992,90,95,-5,5
68993,102,97,5,5
68994,153,133,20,20
68995,84,82,2,2
68996,27,29,-2,2
68997,51,52,-1,1
68998,73,79,-6,6
68999,86,84,2,2
69000,77,75,2,2
69001,154,138,16,16
69002,107,100,7,7
69003,173,161,12,12
69004,80,83,-3,3
69005,92,91,1,1
69006,86,83,3,3
69007,70,74,-4,4
69008,116,116,0,0
69009,79,81,-2,2
69010,101,97,4,4
69011,138,132,6,6
69012,125,107,18,18
69013,65,69,-4,4
69014,82,83,-1,1
69015,88,90,-2,2
69016,40,54,-14,14
69017,104,104,0,0
69018,111,107,4,4
69019,81,80,1,1
69020,67,79,-12,12
69021,91,97,-6,6
69022,135,128,7,7
69023,155,160,-5,5
69024,89,86,3,3
69025,58,73,-15,15
69026,137,124,13,13
69027,69,70,-1,1
69028,84,83,1,1
69029,110,94,16,16
69030,68,96,-28,28
69031,126,109,17,17
69032,185,145,40,40
69033,64,61,3,3
69034,119,110,9,9
69035,133,124,9,9
69036,96,91,5,5
69037,54,59,-5,5
69038,90,90,0,0
69039,75,73,2,2
69040,123,127,-4,4
69041,91,90,1,1
69042,114,110,4,4
69043,49,84,-35,35
69044,119,107,12,12
69045,78,74,4,4
69046,105,97,8,8
69047,113,110,3,3
69048,75,73,2,2
69049,162,155,7,7
69050,62,64,-2,2
69051,93,83,10,10
69052,67,66,1,1
69053,118,113,5,5
69054,76,77,-1,1
69055,132,121,11,11
69056,43,50,-7,7
69057,69,78,-9,9
69058,99,100,-1,1
69059,81,78,3,3
69060,103,100,3,3
69061,87,81,6,6
69062,88,85,3,3
69063,92,88,4,4
69064,102,93,9,9
69065,53,58,-5,5
69066,80,80,0,0
69067,86,82,4,4
69068,107,107,0,0
69069,165,162,3,3
69070,43,52,-9,9
69071,84,79,5,5
69072,129,122,7,7
69073,135,129,6,6
69074,32,66,-34,34
69075,49,63,-14,14
69076,91,92,-1,1
69077,72,75,-3,3
69078,85,82,3,3
69079,75,82,-7,7
69080,95,113,-18,18
69081,132,121,11,11
69082,98,102,-4,4
69083,34,39,-5,5
69084,114,108,6,6
69085,104,98,6,6
69086,111,99,12,12
69087,59,59,0,0
69088,38,50,-12,12
69089,45,49,-4,4
69090,160,162,-2,2
69091,87,85,2,2
69092,78,85,-7,7
69093,180,144,36,36
69094,112,114,-2,2
69095,99,101,-2,2
69096,77,81,-4,4
69097,64,84,-20,20
69098,93,80,13,13
69099,135,147,-12,12
69100,80,82,-2,2
69101,105,91,14,14
69102,93,95,-2,2
69103,97,99,-2,2
69104,93,100,-7,7
69105,126,108,18,18
69106,100,96,4,4
69107,93,93,0,0
69108,116,115,1,1
69109,89,87,2,2
69110,72,87,-15,15
69111,158,139,19,19
69112,107,93,14,14
69113,57,65,-8,8
69114,95,99,-4,4
69115,199,178,21,21
69116,98,97,1,1
69117,50,56,-6,6
69118,72,71,1,1
69119,86,81,5,5
69120,36,47,-11,11
69121,77,67,10,10
69122,144,144,0,0
69123,101,114,-13,13
69124,141,135,6,6
69125,136,122,14,14
69126,81,78,3,3
69127,96,113,-17,17
69128,92,90,2,2
69129,37,52,-15,15
69130,117,116,1,1
69131,96,90,6,6
69132,120,134,-14,14
69133,58,65,-7,7
69134,147,123,24,24
69135,60,66,-6,6
69136,85,82,3,3
69137,71,67,4,4
69138,74,72,2,2
69139,98,97,1,1
69140,59,62,-3,3
69141,77,80,-3,3
69142,77,82,-5,5
69143,76,80,-4,4
69144,52,61,-9,9
69145,116,111,5,5
69146,78,86,-8,8
69147,74,77,-3,3
69148,124,116,8,8
69149,58,60,-2,2
69150,86,83,3,3
69151,132,117,15,15
69152,108,96,12,12
69153,38,46,-8,8
69154,138,136,2,2
69155,74,74,0,0
69156,73,77,-4,4
69157,95,82,13,13
69158,129,128,1,1
69159,102,95,7,7
69160,112,103,9,9
69161,141,136,5,5
69162,76,76,0,0
69163,142,134,8,8
69164,72,73,-1,1
69165,163,153,10,10
69166,122,116,6,6
69167,44,43,1,1
69168,104,99,5,5
69169,72,84,-12,12
69170,60,62,-2,2
69171,69,69,0,0
69172,113,103,10,10
69173,89,89,0,0
69174,42,47,-5,5
69175,146,137,9,9
69176,147,126,21,21
69177,132,147,-15,15
69178,107,99,8,8
69179,77,82,-5,5
69180,102,98,4,4
69181,153,136,17,17
69182,56,81,-25,25
69183,105,106,-1,1
69184,129,127,2,2
69185,99,92,7,7
69186,55,60,-5,5
69187,102,110,-8,8
69188,102,95,7,7
69189,111,109,2,2
69190,123,123,0,0
69191,62,69,-7,7
69192,152,160,-8,8
69193,89,84,5,5
69194,94,87,7,7
69195,35,57,-22,22
69196,94,92,2,2
69197,110,114,-4,4
69198,175,166,9,9
69199,105,95,10,10
69200,42,54,-12,12
69201,152,141,11,11
69202,149,132,17,17
69203,207,175,32,32
69204,152,150,2,2
69205,88,98,-10,10
69206,94,92,2,2
69207,76,72,4,4
69208,84,83,1,1
69209,87,86,1,1
69210,59,57,2,2
69211,112,106,6,6
69212,110,101,9,9
69213,136,113,23,23
69214,81,91,-10,10
69215,177,156,21,21
69216,120,117,3,3
69217,86,87,-1,1
69218,57,64,-7,7
69219,100,84,16,16
69220,134,126,8,8
69221,75,72,3,3
69222,88,85,3,3
69223,82,88,-6,6
69224,54,65,-11,11
69225,74,71,3,3
69226,50,57,-7,7
69227,125,110,15,15
69228,85,87,-2,2
69229,148,136,12,12
69230,88,92,-4,4
69231,58,77,-19,19
69232,124,103,21,21
69233,129,128,1,1
69234,100,97,3,3
69235,76,79,-3,3
69236,86,79,7,7
69237,57,70,-13,13
69238,84,85,-1,1
69239,103,94,9,9
69240,87,87,0,0
69241,114,115,-1,1
69242,58,65,-7,7
69243,100,95,5,5
69244,92,93,-1,1
69245,78,82,-4,4
69246,73,87,-14,14
69247,73,71,2,2
69248,106,104,2,2
69249,135,135,0,0
69250,95,109,-14,14
69251,75,79,-4,4
69252,116,119,-3,3
69253,58,59,-1,1
69254,135,122,13,13
69255,75,78,-3,3
69256,51,61,-10,10
69257,69,71,-2,2
69258,97,107,-10,10
69259,73,78,-5,5
69260,91,96,-5,5
69261,156,145,11,11
69262,67,74,-7,7
69263,77,76,1,1
69264,133,136,-3,3
69265,129,141,-12,12
69266,110,103,7,7
69267,121,132,-11,11
69268,150,142,8,8
69269,89,87,2,2
69270,71,78,-7,7
69271,119,103,16,16
69272,70,81,-11,11
69273,121,122,-1,1
69274,116,116,0,0
69275,123,124,-1,1
69276,95,89,6,6
69277,70,68,2,2
69278,111,92,19,19
69279,113,105,8,8
69280,92,80,12,12
69281,52,61,-9,9
69282,114,107,7,7
69283,106,102,4,4
69284,102,112,-10,10
69285,72,85,-13,13
69286,134,112,22,22
69287,101,97,4,4
69288,134,120,14,14
69289,111,111,0,0
69290,99,97,2,2
69291,98,92,6,6
69292,94,95,-1,1
69293,44,51,-7,7
69294,92,94,-2,2
69295,81,81,0,0
69296,74,76,-2,2
69297,51,55,-4,4
69298,135,128,7,7
69299,34,45,-11,11
69300,151,145,6,6
69301,64,68,-4,4
69302,105,107,-2,2
69303,117,100,17,17
69304,88,88,0,0
69305,100,99,1,1
69306,88,84,4,4
69307,84,86,-2,2
69308,189,172,17,17
69309,45,54,-9,9
69310,64,69,-5,5
69311,94,94,0,0
69312,199,173,26,26
69313,80,77,3,3
69314,105,103,2,2
69315,112,105,7,7
69316,59,46,13,13
69317,54,64,-10,10
69318,123,112,11,11
69319,59,66,-7,7
69320,186,167,19,19
69321,110,107,3,3
69322,117,107,10,10
69323,82,83,-1,1
69324,202,167,35,35
69325,129,107,22,22
69326,91,93,-2,2
69327,131,106,25,25
69328,117,106,11,11
69329,82,76,6,6
69330,78,87,-9,9
69331,129,120,9,9
69332,46,44,2,2
69333,122,123,-1,1
69334,124,111,13,13
69335,186,180,6,6
69336,103,100,3,3
69337,112,114,-2,2
69338,135,137,-2,2
69339,68,74,-6,6
69340,110,107,3,3
69341,57,59,-2,2
69342,144,138,6,6
69343,115,101,14,14
69344,143,139,4,4
69345,75,84,-9,9
69346,69,66,3,3
69347,140,123,17,17
69348,93,99,-6,6
69349,74,74,0,0
69350,165,157,8,8
69351,77,82,-5,5
69352,57,63,-6,6
69353,87,102,-15,15
69354,123,120,3,3
69355,78,84,-6,6
69356,120,118,2,2
69357,100,98,2,2
69358,112,108,4,4
69359,87,92,-5,5
69360,98,85,13,13
69361,106,99,7,7
69362,91,97,-6,6
69363,107,103,4,4
69364,67,68,-1,1
69365,125,121,4,4
69366,61,59,2,2
69367,96,95,1,1
69368,73,74,-1,1
69369,70,71,-1,1
69370,89,84,5,5
69371,114,107,7,7
69372,74,80,-6,6
69373,133,112,21,21
69374,107,114,-7,7
69375,91,90,1,1
69376,83,77,6,6
69377,76,74,2,2
69378,75,81,-6,6
69379,83,80,3,3
69380,62,64,-2,2
69381,71,81,-10,10
69382,40,46,-6,6
69383,131,118,13,13
69384,138,136,2,2
69385,43,55,-12,12
69386,76,83,-7,7
69387,128,150,-22,22
69388,62,66,-4,4
69389,128,118,10,10
69390,79,83,-4,4
69391,140,126,14,14
69392,94,101,-7,7
69393,96,97,-1,1
69394,43,46,-3,3
69395,159,147,12,12
69396,62,60,2,2
69397,131,118,13,13
69398,65,71,-6,6
69399,63,71,-8,8
69400,116,121,-5,5
69401,65,83,-18,18
69402,70,76,-6,6
69403,56,64,-8,8
69404,95,95,0,0
69405,120,111,9,9
69406,93,97,-4,4
69407,92,91,1,1
69408,101,92,9,9
69409,106,106,0,0
69410,151,140,11,11
69411,98,93,5,5
69412,63,65,-2,2
69413,120,117,3,3
69414,93,92,1,1
69415,89,89,0,0
69416,47,55,-8,8
69417,92,95,-3,3
69418,95,87,8,8
69419,90,84,6,6
69420,116,103,13,13
69421,88,84,4,4
69422,107,110,-3,3
69423,168,171,-3,3
69424,49,52,-3,3
69425,111,101,10,10
69426,76,82,-6,6
69427,89,88,1,1
69428,72,76,-4,4
69429,131,128,3,3
69430,61,76,-15,15
69431,106,97,9,9
69432,65,72,-7,7
69433,76,79,-3,3
69434,62,95,-33,33
69435,63,65,-2,2
69436,77,78,-1,1
69437,120,107,13,13
69438,109,106,3,3
69439,93,91,2,2
69440,66,69,-3,3
69441,72,70,2,2
69442,94,87,7,7
69443,143,123,20,20
69444,75,79,-4,4
69445,99,97,2,2
69446,112,110,2,2
69447,66,70,-4,4
69448,72,70,2,2
69449,46,60,-14,14
69450,100,98,2,2
69451,89,83,6,6
69452,101,99,2,2
69453,63,66,-3,3
69454,108,104,4,4
69455,89,93,-4,4
69456,101,96,5,5
69457,94,90,4,4
69458,73,77,-4,4
69459,148,117,31,31
69460,142,128,14,14
69461,92,92,0,0
69462,151,135,16,16
69463,119,111,8,8
69464,61,69,-8,8
69465,124,122,2,2
69466,46,58,-12,12
69467,67,79,-12,12
69468,46,66,-20,20
69469,81,79,2,2
69470,104,104,0,0
69471,47,55,-8,8
69472,88,86,2,2
69473,115,86,29,29
69474,92,103,-11,11
69475,100,86,14,14
69476,141,131,10,10
69477,107,106,1,1
69478,127,108,19,19
69479,117,119,-2,2
69480,72,74,-2,2
69481,81,84,-3,3
69482,100,123,-23,23
69483,84,101,-17,17
69484,70,69,1,1
69485,152,139,13,13
69486,32,45,-13,13
69487,121,119,2,2
69488,69,72,-3,3
69489,63,70,-7,7
69490,76,77,-1,1
69491,81,86,-5,5
69492,106,99,7,7
69493,69,78,-9,9
69494,54,63,-9,9
69495,92,89,3,3
69496,61,68,-7,7
69497,141,122,19,19
69498,78,78,0,0
69499,124,140,-16,16
69500,94,92,2,2
69501,66,72,-6,6
69502,156,154,2,2
69503,80,100,-20,20
69504,84,90,-6,6
69505,161,155,6,6
69506,106,96,10,10
69507,98,95,3,3
69508,108,101,7,7
69509,109,101,8,8
69510,85,83,2,2
69511,74,84,-10,10
69512,74,75,-1,1
69513,88,96,-8,8
69514,128,117,11,11
69515,93,91,2,2
69516,140,133,7,7
69517,109,103,6,6
69518,58,60,-2,2
69519,73,66,7,7
69520,86,85,1,1
69521,94,90,4,4
69522,332,284,48,48
69523,112,101,11,11
69524,48,53,-5,5
69525,73,78,-5,5
69526,116,108,8,8
69527,105,90,15,15
69528,65,68,-3,3
69529,108,101,7,7
69530,83,91,-8,8
69531,81,87,-6,6
69532,155,154,1,1
69533,110,96,14,14
69534,120,105,15,15
69535,92,85,7,7
69536,152,135,17,17
69537,131,133,-2,2
69538,48,67,-19,19
69539,68,71,-3,3
69540,74,74,0,0
69541,86,96,-10,10
69542,148,154,-6,6
69543,188,170,18,18
69544,79,89,-10,10
69545,125,112,13,13
69546,95,83,12,12
69547,63,64,-1,1
69548,78,74,4,4
69549,116,110,6,6
69550,83,84,-1,1
69551,68,71,-3,3
69552,104,102,2,2
69553,107,102,5,5
69554,93,85,8,8
69555,115,110,5,5
69556,105,90,15,15
69557,76,93,-17,17
69558,129,112,17,17
69559,53,54,-1,1
69560,78,87,-9,9
69561,108,98,10,10
69562,39,49,-10,10
69563,81,77,4,4
69564,122,124,-2,2
69565,74,72,2,2
69566,63,70,-7,7
69567,115,108,7,7
69568,119,119,0,0
69569,130,124,6,6
69570,103,123,-20,20
69571,107,109,-2,2
69572,69,80,-11,11
69573,130,117,13,13
69574,98,113,-15,15
69575,126,111,15,15
69576,119,103,16,16
69577,86,91,-5,5
69578,211,189,22,22
69579,82,83,-1,1
69580,64,66,-2,2
69581,96,78,18,18
69582,63,68,-5,5
69583,102,100,2,2
69584,119,120,-1,1
69585,82,88,-6,6
69586,119,108,11,11
69587,64,66,-2,2
69588,48,51,-3,3
69589,140,128,12,12
69590,112,103,9,9
69591,93,102,-9,9
69592,88,90,-2,2
69593,93,92,1,1
69594,60,61,-1,1
69595,66,71,-5,5
69596,48,53,-5,5
69597,101,93,8,8
69598,54,61,-7,7
69599,99,91,8,8
69600,81,79,2,2
69601,155,143,12,12
69602,80,75,5,5
69603,69,71,-2,2
69604,65,77,-12,12
69605,81,90,-9,9
69606,100,103,-3,3
69607,89,97,-8,8
69608,86,87,-1,1
69609,107,107,0,0
69610,61,69,-8,8
69611,59,58,1,1
69612,51,61,-10,10
69613,147,145,2,2
69614,127,111,16,16
69615,130,132,-2,2
69616,53,55,-2,2
69617,117,94,23,23
69618,132,124,8,8
69619,119,110,9,9
69620,107,93,14,14
69621,79,93,-14,14
69622,157,148,9,9
69623,125,105,20,20
69624,60,67,-7,7
69625,79,71,8,8
69626,80,87,-7,7
69627,151,131,20,20
69628,109,97,12,12
69629,64,68,-4,4
69630,111,97,14,14
69631,44,58,-14,14
69632,95,84,11,11
69633,137,125,12,12
69634,121,100,21,21
69635,51,63,-12,12
69636,53,67,-14,14
69637,93,92,1,1
69638,91,94,-3,3
69639,125,110,15,15
69640,59,66,-7,7
69641,63,66,-3,3
69642,111,96,15,15
69643,117,116,1,1
69644,74,74,0,0
69645,117,116,1,1
69646,65,65,0,0
69647,100,90,10,10
69648,227,205,22,22
69649,145,158,-13,13
69650,82,84,-2,2
69651,93,80,13,13
69652,120,130,-10,10
69653,122,109,13,13
69654,121,112,9,9
69655,106,91,15,15
69656,95,101,-6,6
69657,71,73,-2,2
69658,64,75,-11,11
69659,103,102,1,1
69660,66,81,-15,15
69661,60,70,-10,10
69662,85,84,1,1
69663,110,107,3,3
69664,109,108,1,1
69665,80,91,-11,11
69666,80,73,7,7
69667,147,147,0,0
69668,107,110,-3,3
69669,61,65,-4,4
69670,163,156,7,7
69671,60,62,-2,2
69672,85,83,2,2
69673,152,151,1,1
69674,90,90,0,0
69675,81,81,0,0
69676,76,73,3,3
69677,95,91,4,4
69678,70,74,-4,4
69679,101,94,7,7
69680,65,64,1,1
69681,78,88,-10,10
69682,94,96,-2,2
69683,69,71,-2,2
69684,161,158,3,3
69685,97,100,-3,3
69686,66,74,-8,8
69687,171,151,20,20
69688,93,81,12,12
69689,98,91,7,7
69690,101,104,-3,3
69691,97,95,2,2
69692,74,81,-7,7
69693,88,78,10,10
69694,184,174,10,10
69695,74,81,-7,7
69696,65,77,-12,12
69697,193,169,24,24
69698,103,94,9,9
69699,57,65,-8,8
69700,113,127,-14,14
69701,145,156,-11,11
69702,60,65,-5,5
69703,128,133,-5,5
69704,89,90,-1,1
69705,80,80,0,0
69706,79,74,5,5
69707,114,107,7,7
69708,200,178,22,22
69709,133,126,7,7
69710,114,106,8,8
69711,125,117,8,8
69712,82,81,1,1
69713,90,83,7,7
69714,95,91,4,4
69715,140,145,-5,5
69716,96,100,-4,4
69717,186,169,17,17
69718,89,99,-10,10
69719,57,61,-4,4
69720,76,79,-3,3
69721,64,65,-1,1
69722,138,129,9,9
69723,97,91,6,6
69724,95,103,-8,8
69725,157,151,6,6
69726,76,72,4,4
69727,77,82,-5,5
69728,110,105,5,5
69729,191,165,26,26
69730,70,68,2,2
69731,100,109,-9,9
69732,98,101,-3,3
69733,64,71,-7,7
69734,106,100,6,6
69735,95,96,-1,1
69736,70,83,-13,13
69737,132,114,18,18
69738,43,43,0,0
69739,177,150,27,27
69740,59,62,-3,3
69741,42,53,-11,11
69742,40,43,-3,3
69743,82,52,30,30
69744,79,84,-5,5
69745,62,76,-14,14
69746,108,99,9,9
69747,103,109,-6,6
69748,92,91,1,1
69749,63,70,-7,7
69750,65,70,-5,5
69751,144,147,-3,3
69752,92,90,2,2
69753,129,123,6,6
69754,137,134,3,3
69755,122,125,-3,3
69756,48,68,-20,20
69757,85,70,15,15
69758,90,96,-6,6
69759,82,74,8,8
69760,112,102,10,10
69761,85,88,-3,3
69762,91,85,6,6
69763,78,80,-2,2
69764,69,74,-5,5
69765,121,108,13,13
69766,68,74,-6,6
69767,131,127,4,4
69768,89,86,3,3
69769,93,92,1,1
69770,54,54,0,0
69771,136,134,2,2
69772,35,77,-42,42
69773,178,153,25,25
69774,105,97,8,8
69775,145,144,1,1
69776,75,83,-8,8
69777,117,104,13,13
69778,63,66,-3,3
69779,132,126,6,6
69780,100,100,0,0
69781,67,71,-4,4
69782,47,59,-12,12
69783,128,111,17,17
69784,119,123,-4,4
69785,119,117,2,2
69786,93,79,14,14
69787,121,117,4,4
69788,79,75,4,4
69789,166,150,16,16
69790,87,81,6,6
69791,85,87,-2,2
69792,80,81,-1,1
69793,68,71,-3,3
69794,131,129,2,2
69795,124,116,8,8
69796,146,147,-1,1
69797,71,69,2,2
69798,89,95,-6,6
69799,60,69,-9,9
69800,64,66,-2,2
69801,63,72,-9,9
69802,61,66,-5,5
69803,119,109,10,10
69804,83,86,-3,3
69805,96,97,-1,1
69806,116,129,-13,13
69807,122,115,7,7
69808,102,93,9,9
69809,85,88,-3,3
69810,129,129,0,0
69811,109,99,10,10
69812,41,46,-5,5
69813,95,98,-3,3
69814,131,105,26,26
69815,98,78,20,20
69816,105,97,8,8
69817,35,50,-15,15
69818,65,67,-2,2
69819,69,68,1,1
69820,72,71,1,1
69821,101,101,0,0
69822,86,84,2,2
69823,103,103,0,0
69824,110,96,14,14
69825,77,73,4,4
69826,98,78,20,20
69827,107,101,6,6
69828,72,80,-8,8
69829,109,108,1,1
69830,68,66,2,2
69831,64,65,-1,1
69832,158,151,7,7
69833,112,116,-4,4
69834,71,84,-13,13
69835,119,109,10,10
69836,63,67,-4,4
69837,66,70,-4,4
69838,90,87,3,3
69839,114,116,-2,2
69840,81,86,-5,5
69841,136,124,12,12
69842,92,90,2,2
69843,46,66,-20,20
69844,48,56,-8,8
69845,99,87,12,12
69846,63,70,-7,7
69847,113,108,5,5
69848,77,82,-5,5
69849,95,103,-8,8
69850,95,95,0,0
69851,92,94,-2,2
69852,77,76,1,1
69853,108,102,6,6
69854,80,80,0,0
69855,106,101,5,5
69856,193,177,16,16
69857,138,122,16,16
69858,146,142,4,4
69859,146,146,0,0
69860,121,108,13,13
69861,134,117,17,17
69862,92,92,0,0
69863,109,101,8,8
69864,94,99,-5,5
69865,96,100,-4,4
69866,105,117,-12,12
69867,124,123,1,1
69868,101,95,6,6
69869,63,74,-11,11
69870,91,93,-2,2
69871,75,84,-9,9
69872,89,98,-9,9
69873,134,132,2,2
69874,130,119,11,11
69875,71,83,-12,12
69876,152,145,7,7
69877,79,67,12,12
69878,82,72,10,10
69879,80,85,-5,5
69880,51,60,-9,9
69881,134,128,6,6
69882,120,104,16,16
69883,88,86,2,2
69884,66,74,-8,8
69885,40,53,-13,13
69886,81,74,7,7
69887,125,109,16,16
69888,57,59,-2,2
69889,127,114,13,13
69890,70,66,4,4
69891,144,98,46,46
69892,100,105,-5,5
69893,190,165,25,25
69894,79,79,0,0
69895,95,77,18,18
69896,86,76,10,10
69897,75,65,10,10
69898,108,101,7,7
69899,74,75,-1,1
69900,110,118,-8,8
69901,121,109,12,12
69902,75,79,-4,4
69903,193,162,31,31
69904,102,96,6,6
69905,83,88,-5,5
69906,161,152,9,9
69907,43,62,-19,19
69908,157,169,-12,12
69909,152,152,0,0
69910,166,151,15,15
69911,61,62,-1,1
69912,123,115,8,8
69913,77,69,8,8
69914,76,71,5,5
69915,103,107,-4,4
69916,73,72,1,1
69917,94,94,0,0
69918,71,78,-7,7
69919,69,84,-15,15
69920,46,51,-5,5
69921,59,62,-3,3
69922,109,100,9,9
69923,166,163,3,3
69924,65,69,-4,4
69925,97,91,6,6
69926,170,153,17,17
69927,76,82,-6,6
69928,79,81,-2,2
69929,84,91,-7,7
69930,36,29,7,7
69931,149,145,4,4
69932,61,62,-1,1
69933,109,106,3,3
69934,160,140,20,20
69935,96,89,7,7
69936,139,138,1,1
69937,59,65,-6,6
69938,52,50,2,2
69939,148,133,15,15
69940,90,75,15,15
69941,68,64,4,4
69942,60,68,-8,8
69943,110,107,3,3
69944,80,97,-17,17
69945,37,44,-7,7
69946,75,86,-11,11
69947,62,73,-11,11
69948,66,69,-3,3
69949,99,106,-7,7
69950,105,99,6,6
69951,165,149,16,16
69952,164,153,11,11
69953,93,91,2,2
69954,58,77,-19,19
69955,93,89,4,4
69956,37,46,-9,9
69957,68,74,-6,6
69958,122,120,2,2
69959,36,44,-8,8
69960,109,105,4,4
69961,111,103,8,8
69962,39,46,-7,7
69963,139,130,9,9
69964,109,109,0,0
69965,169,159,10,10
69966,138,133,5,5
69967,104,116,-12,12
69968,170,169,1,1
69969,66,69,-3,3
69970,154,147,7,7
69971,46,55,-9,9
69972,136,120,16,16
69973,81,81,0,0
69974,390,304,86,86
69975,88,84,4,4
69976,66,80,-14,14
69977,69,72,-3,3
69978,48,61,-13,13
69979,136,121,15,15
69980,85,84,1,1
69981,73,73,0,0
69982,128,137,-9,9
69983,90,95,-5,5
69984,105,104,1,1
69985,127,117,10,10
69986,102,103,-1,1
69987,111,105,6,6
69988,110,96,14,14
69989,92,88,4,4
69990,66,100,-34,34
69991,103,99,4,4
69992,111,102,9,9
69993,120,116,4,4
69994,96,98,-2,2
69995,141,134,7,7
69996,89,100,-11,11
69997,66,70,-4,4
69998,95,86,9,9
69999,83,91,-8,8
70000,62,63,-1,1
70001,136,135,1,1
70002,99,94,5,5
70003,78,74,4,4
70004,79,86,-7,7
70005,86,83,3,3
70006,70,72,-2,2
70007,128,123,5,5
70008,100,86,14,14
70009,116,102,14,14
70010,165,171,-6,6
70011,125,117,8,8
70012,63,75,-12,12
70013,93,98,-5,5
70014,135,117,18,18
70015,61,66,-5,5
70016,55,72,-17,17
70017,95,87,8,8
70018,98,97,1,1
70019,54,60,-6,6
70020,85,90,-5,5
70021,96,87,9,9
70022,132,127,5,5
70023,81,86,-5,5
70024,57,66,-9,9
70025,71,68,3,3
70026,92,91,1,1
70027,99,87,12,12
70028,87,84,3,3
70029,116,97,19,19
70030,46,57,-11,11
70031,29,34,-5,5
70032,163,165,-2,2
70033,110,101,9,9
70034,68,70,-2,2
70035,62,64,-2,2
70036,60,58,2,2
70037,91,94,-3,3
70038,35,44,-9,9
70039,61,71,-10,10
70040,101,89,12,12
70041,135,126,9,9
70042,169,164,5,5
70043,122,109,13,13
70044,182,165,17,17
70045,86,91,-5,5
70046,121,110,11,11
70047,65,65,0,0
70048,84,91,-7,7
70049,98,91,7,7
70050,61,69,-8,8
70051,71,77,-6,6
70052,54,61,-7,7
70053,130,114,16,16
70054,47,56,-9,9
70055,78,77,1,1
70056,83,75,8,8
70057,119,104,15,15
70058,86,79,7,7
70059,92,95,-3,3
70060,76,77,-1,1
70061,80,87,-7,7
70062,103,96,7,7
70063,113,106,7,7
70064,79,84,-5,5
70065,68,71,-3,3
70066,115,108,7,7
70067,62,72,-10,10
70068,107,113,-6,6
70069,115,103,12,12
70070,138,138,0,0
70071,115,117,-2,2
70072,117,103,14,14
70073,92,135,-43,43
70074,122,110,12,12
70075,54,61,-7,7
70076,76,79,-3,3
70077,96,92,4,4
70078,57,62,-5,5
70079,108,107,1,1
70080,104,106,-2,2
70081,107,102,5,5
70082,66,66,0,0
70083,57,68,-11,11
70084,72,72,0,0
70085,63,93,-30,30
70086,119,119,0,0
70087,123,114,9,9
70088,86,86,0,0
70089,121,102,19,19
70090,72,67,5,5
70091,70,73,-3,3
70092,84,76,8,8
70093,72,79,-7,7
70094,61,63,-2,2
70095,128,111,17,17
70096,90,91,-1,1
70097,138,147,-9,9
70098,80,83,-3,3
70099,134,104,30,30
70100,135,130,5,5
70101,108,104,4,4
70102,114,105,9,9
70103,87,84,3,3
70104,29,52,-23,23
70105,84,85,-1,1
70106,139,139,0,0
70107,126,113,13,13
70108,61,59,2,2
70109,22,30,-8,8
70110,61,75,-14,14
70111,74,84,-10,10
70112,120,109,11,11
70113,69,70,-1,1
70114,61,71,-10,10
70115,88,95,-7,7
70116,102,101,1,1
70117,107,106,1,1
70118,103,99,4,4
70119,89,91,-2,2
70120,134,130,4,4
70121,52,66,-14,14
70122,63,90,-27,27
70123,116,104,12,12
70124,123,130,-7,7
70125,101,94,7,7
70126,58,65,-7,7
70127,95,97,-2,2
70128,66,67,-1,1
70129,69,69,0,0
70130,107,98,9,9
70131,118,125,-7,7
70132,155,134,21,21
70133,75,76,-1,1
70134,103,95,8,8
70135,81,76,5,5
70136,94,93,1,1
70137,64,68,-4,4
70138,135,124,11,11
70139,116,134,-18,18
70140,213,177,36,36
70141,87,89,-2,2
70142,109,122,-13,13
70143,149,143,6,6
70144,81,93,-12,12
70145,78,77,1,1
70146,62,63,-1,1
70147,73,78,-5,5
70148,68,62,6,6
70149,103,87,16,16
70150,121,105,16,16
70151,165,147,18,18
70152,105,97,8,8
70153,71,68,3,3
70154,139,143,-4,4
70155,75,97,-22,22
70156,146,152,-6,6
70157,88,93,-5,5
70158,184,176,8,8
70159,122,108,14,14
70160,50,77,-27,27
70161,98,99,-1,1
70162,28,71,-43,43
70163,68,63,5,5
70164,34,40,-6,6
70165,88,81,7,7
70166,87,89,-2,2
70167,91,89,2,2
70168,97,94,3,3
70169,93,78,15,15
70170,46,50,-4,4
70171,63,65,-2,2
70172,54,65,-11,11
70173,68,73,-5,5
70174,100,111,-11,11
70175,51,55,-4,4
70176,92,94,-2,2
70177,111,109,2,2
70178,66,67,-1,1
70179,60,74,-14,14
70180,66,68,-2,2
70181,130,110,20,20
70182,125,106,19,19
70183,134,136,-2,2
70184,139,135,4,4
70185,105,104,1,1
70186,70,73,-3,3
70187,106,97,9,9
70188,146,126,20,20
70189,144,145,-1,1
70190,108,121,-13,13
70191,77,81,-4,4
70192,99,92,7,7
70193,79,80,-1,1
70194,65,70,-5,5
70195,65,80,-15,15
70196,89,96,-7,7
70197,128,115,13,13
70198,95,115,-20,20
70199,131,140,-9,9
70200,48,53,-5,5
70201,127,113,14,14
70202,102,104,-2,2
70203,127,119,8,8
70204,53,62,-9,9
70205,148,128,20,20
70206,173,155,18,18
70207,110,101,9,9
70208,61,67,-6,6
70209,65,70,-5,5
70210,83,81,2,2
70211,125,122,3,3
70212,94,90,4,4
70213,82,79,3,3
70214,95,87,8,8
70215,48,59,-11,11
70216,112,108,4,4
70217,74,76,-2,2
70218,114,105,9,9
70219,64,70,-6,6
70220,109,100,9,9
70221,163,147,16,16
70222,136,129,7,7
70223,218,184,34,34
70224,114,103,11,11
70225,152,145,7,7
70226,115,114,1,1
70227,70,76,-6,6
70228,76,76,0,0
70229,101,99,2,2
70230,122,108,14,14
70231,95,89,6,6
70232,112,141,-29,29
70233,114,109,5,5
70234,93,90,3,3
70235,56,73,-17,17
70236,110,116,-6,6
70237,97,95,2,2
70238,86,97,-11,11
70239,87,83,4,4
70240,55,74,-19,19
70241,183,184,-1,1
70242,99,97,2,2
70243,102,99,3,3
70244,113,104,9,9
70245,95,93,2,2
70246,191,166,25,25
70247,82,84,-2,2
70248,55,57,-2,2
70249,60,66,-6,6
70250,81,77,4,4
70251,87,88,-1,1
70252,142,142,0,0
70253,97,84,13,13
70254,116,97,19,19
70255,73,75,-2,2
70256,87,92,-5,5
70257,102,93,9,9
70258,57,65,-8,8
70259,56,67,-11,11
70260,193,154,39,39
70261,99,98,1,1
70262,61,70,-9,9
70263,90,89,1,1
70264,129,134,-5,5
70265,86,87,-1,1
70266,68,78,-10,10
70267,106,94,12,12
70268,101,105,-4,4
70269,139,128,11,11
70270,97,103,-6,6
70271,79,88,-9,9
70272,54,65,-11,11
70273,47,58,-11,11
70274,119,107,12,12
70275,93,87,6,6
70276,70,73,-3,3
70277,109,106,3,3
70278,55,71,-16,16
70279,127,131,-4,4
70280,76,78,-2,2
70281,35,46,-11,11
70282,66,67,-1,1
70283,72,74,-2,2
70284,91,101,-10,10
70285,128,132,-4,4
70286,123,119,4,4
70287,129,122,7,7
70288,106,97,9,9
70289,84,89,-5,5
70290,99,87,12,12
70291,59,60,-1,1
70292,54,63,-9,9
70293,120,111,9,9
70294,188,164,24,24
70295,83,82,1,1
70296,146,132,14,14
70297,69,72,-3,3
70298,58,64,-6,6
70299,173,145,28,28
70300,131,119,12,12
70301,150,140,10,10
70302,115,107,8,8
70303,107,96,11,11
70304,131,133,-2,2
70305,101,98,3,3
70306,105,92,13,13
70307,104,101,3,3
70308,138,122,16,16
70309,62,64,-2,2
70310,88,93,-5,5
70311,44,50,-6,6
70312,116,114,2,2
70313,84,83,1,1
70314,80,100,-20,20
70315,112,106,6,6
70316,85,83,2,2
70317,82,76,6,6
70318,101,102,-1,1
70319,123,120,3,3
70320,137,129,8,8
70321,112,93,19,19
70322,72,77,-5,5
70323,100,94,6,6
70324,106,98,8,8
70325,64,58,6,6
70326,115,104,11,11
70327,44,52,-8,8
70328,112,106,6,6
70329,113,104,9,9
70330,203,173,30,30
70331,113,99,14,14
70332,154,148,6,6
70333,88,93,-5,5
70334,88,98,-10,10
70335,56,62,-6,6
70336,116,112,4,4
70337,104,99,5,5
70338,96,91,5,5
70339,99,97,2,2
70340,98,104,-6,6
70341,128,133,-5,5
70342,79,78,1,1
70343,97,102,-5,5
70344,68,77,-9,9
70345,93,82,11,11
70346,99,97,2,2
70347,68,72,-4,4
70348,83,79,4,4
70349,85,88,-3,3
70350,89,96,-7,7
70351,95,91,4,4
70352,133,122,11,11
70353,86,85,1,1
70354,94,93,1,1
70355,63,75,-12,12
70356,134,124,10,10
70357,79,85,-6,6
70358,55,58,-3,3
70359,82,86,-4,4
70360,60,68,-8,8
70361,63,76,-13,13
70362,179,159,20,20
70363,127,119,8,8
70364,65,64,1,1
70365,101,101,0,0
70366,112,105,7,7
70367,66,71,-5,5
70368,104,100,4,4
70369,80,97,-17,17
70370,84,77,7,7
70371,57,64,-7,7
70372,55,59,-4,4
70373,134,125,9,9
70374,125,114,11,11
70375,83,83,0,0
70376,66,68,-2,2
70377,59,82,-23,23
70378,117,110,7,7
70379,103,123,-20,20
70380,101,90,11,11
70381,128,123,5,5
70382,92,96,-4,4
70383,167,152,15,15
70384,79,78,1,1
70385,121,111,10,10
70386,85,78,7,7
70387,80,66,14,14
70388,26,32,-6,6
70389,52,61,-9,9
70390,58,71,-13,13
70391,137,128,9,9
70392,48,54,-6,6
70393,138,125,13,13
70394,81,69,12,12
70395,132,123,9,9
70396,111,104,7,7
70397,115,112,3,3
70398,129,123,6,6
70399,125,119,6,6
70400,138,159,-21,21
70401,51,61,-10,10
70402,131,140,-9,9
70403,164,163,1,1
70404,107,93,14,14
70405,102,100,2,2
70406,66,70,-4,4
70407,59,65,-6,6
70408,60,62,-2,2
70409,145,135,10,10
70410,143,131,12,12
70411,121,116,5,5
70412,98,103,-5,5
70413,107,92,15,15
70414,69,69,0,0
70415,154,150,4,4
70416,93,96,-3,3
70417,93,94,-1,1
70418,41,45,-4,4
70419,103,104,-1,1
70420,81,83,-2,2
70421,105,97,8,8
70422,60,61,-1,1
70423,90,93,-3,3
70424,76,78,-2,2
70425,98,96,2,2
70426,70,71,-1,1
70427,49,63,-14,14
70428,113,104,9,9
70429,45,63,-18,18
70430,109,103,6,6
70431,53,61,-8,8
70432,98,84,14,14
70433,70,70,0,0
70434,91,89,2,2
70435,126,114,12,12
70436,68,61,7,7
70437,54,76,-22,22
70438,99,91,8,8
70439,85,88,-3,3
70440,85,79,6,6
70441,93,96,-3,3
70442,69,71,-2,2
70443,59,62,-3,3
70444,47,62,-15,15
70445,83,82,1,1
70446,103,108,-5,5
70447,93,85,8,8
70448,125,126,-1,1
70449,97,94,3,3
70450,103,107,-4,4
70451,79,79,0,0
70452,103,110,-7,7
70453,132,119,13,13
70454,165,161,4,4
70455,132,125,7,7
70456,88,87,1,1
70457,92,86,6,6
70458,75,75,0,0
70459,108,100,8,8
70460,98,93,5,5
70461,133,143,-10,10
70462,75,72,3,3
70463,187,175,12,12
70464,123,118,5,5
70465,63,84,-21,21
70466,92,103,-11,11
70467,117,112,5,5
70468,98,87,11,11
70469,247,203,44,44
70470,98,99,-1,1
70471,102,89,13,13
70472,66,76,-10,10
70473,62,62,0,0
70474,84,85,-1,1
70475,52,57,-5,5
70476,107,100,7,7
70477,155,139,16,16
70478,118,114,4,4
70479,150,149,1,1
70480,112,102,10,10
70481,106,104,2,2
70482,61,65,-4,4
70483,101,100,1,1
70484,80,72,8,8
70485,65,82,-17,17
70486,86,83,3,3
70487,74,72,2,2
70488,163,144,19,19
70489,100,102,-2,2
70490,44,55,-11,11
70491,86,76,10,10
70492,119,110,9,9
70493,80,76,4,4
70494,57,68,-11,11
70495,136,123,13,13
70496,113,113,0,0
70497,75,75,0,0
70498,41,57,-16,16
70499,125,136,-11,11
70500,77,74,3,3
70501,97,90,7,7
70502,159,155,4,4
70503,43,53,-10,10
70504,47,53,-6,6
70505,53,58,-5,5
70506,141,126,15,15
70507,79,84,-5,5
70508,74,74,0,0
70509,117,112,5,5
70510,39,52,-13,13
70511,74,81,-7,7
70512,131,130,1,1
70513,95,94,1,1
70514,152,134,18,18
70515,80,84,-4,4
70516,125,105,20,20
70517,114,116,-2,2
70518,113,106,7,7
70519,58,71,-13,13
70520,98,90,8,8
70521,135,123,12,12
70522,88,96,-8,8
70523,147,142,5,5
70524,83,82,1,1
70525,145,138,7,7
70526,144,139,5,5
70527,142,130,12,12
70528,65,70,-5,5
70529,59,68,-9,9
70530,116,111,5,5
70531,51,60,-9,9
70532,48,55,-7,7
70533,113,115,-2,2
70534,87,68,19,19
70535,72,80,-8,8
70536,100,97,3,3
70537,66,71,-5,5
70538,106,110,-4,4
70539,128,114,14,14
70540,71,70,1,1
70541,69,77,-8,8
70542,117,128,-11,11
70543,125,122,3,3
70544,105,97,8,8
70545,43,50,-7,7
70546,154,153,1,1
70547,77,79,-2,2
70548,104,103,1,1
70549,112,106,6,6
70550,84,81,3,3
70551,69,70,-1,1
70552,135,121,14,14
70553,130,111,19,19
70554,117,122,-5,5
70555,47,62,-15,15
70556,114,114,0,0
70557,100,99,1,1
70558,129,132,-3,3
70559,59,64,-5,5
70560,159,149,10,10
70561,61,61,0,0
70562,51,61,-10,10
70563,92,89,3,3
70564,73,77,-4,4
70565,98,83,15,15
70566,117,108,9,9
70567,100,105,-5,5
70568,54,72,-18,18
70569,76,72,4,4
70570,132,126,6,6
70571,178,128,50,50
70572,91,94,-3,3
70573,127,112,15,15
70574,75,73,2,2
70575,70,72,-2,2
70576,124,118,6,6
70577,125,123,2,2
70578,80,82,-2,2
70579,59,65,-6,6
70580,82,89,-7,7
70581,130,130,0,0
70582,82,89,-7,7
70583,93,84,9,9
70584,82,89,-7,7
70585,160,145,15,15
70586,83,81,2,2
70587,128,109,19,19
70588,123,108,15,15
70589,98,91,7,7
70590,104,91,13,13
70591,109,100,9,9
70592,48,51,-3,3
70593,62,65,-3,3
70594,63,65,-2,2
70595,63,69,-6,6
70596,115,104,11,11
70597,94,88,6,6
70598,94,97,-3,3
70599,91,91,0,0
70600,141,142,-1,1
70601,162,153,9,9
70602,91,93,-2,2
70603,88,91,-3,3
70604,117,121,-4,4
70605,52,59,-7,7
70606,57,64,-7,7
70607,106,90,16,16
70608,77,83,-6,6
70609,58,65,-7,7
70610,85,79,6,6
70611,110,102,8,8
70612,74,81,-7,7
70613,97,87,10,10
70614,58,65,-7,7
70615,92,96,-4,4
70616,97,95,2,2
70617,73,76,-3,3
70618,89,92,-3,3
70619,108,101,7,7
70620,129,119,10,10
70621,83,80,3,3
70622,97,93,4,4
70623,88,87,1,1
70624,88,83,5,5
70625,74,79,-5,5
70626,103,104,-1,1
70627,93,85,8,8
70628,39,49,-10,10
70629,168,153,15,15
70630,102,91,11,11
70631,77,83,-6,6
70632,209,201,8,8
70633,88,84,4,4
70634,88,93,-5,5
70635,95,99,-4,4
70636,113,102,11,11
70637,109,108,1,1
70638,93,96,-3,3
70639,167,148,19,19
70640,55,76,-21,21
70641,115,109,6,6
70642,101,102,-1,1
70643,52,65,-13,13
70644,155,151,4,4
70645,47,58,-11,11
70646,123,125,-2,2
70647,71,70,1,1
70648,109,108,1,1
70649,63,72,-9,9
70650,132,143,-11,11
70651,74,80,-6,6
70652,89,97,-8,8
70653,131,123,8,8
70654,71,76,-5,5
70655,100,89,11,11
70656,76,89,-13,13
70657,67,70,-3,3
70658,121,107,14,14
70659,45,63,-18,18
70660,79,69,10,10
70661,145,142,3,3
70662,242,199,43,43
70663,64,75,-11,11
70664,146,134,12,12
70665,80,80,0,0
70666,135,133,2,2
70667,94,89,5,5
70668,88,82,6,6
70669,119,116,3,3
70670,129,118,11,11
70671,86,84,2,2
70672,60,60,0,0
70673,148,149,-1,1
70674,43,61,-18,18
70675,41,51,-10,10
70676,272,231,41,41
70677,116,96,20,20
70678,86,83,3,3
70679,69,75,-6,6
70680,51,56,-5,5
70681,80,81,-1,1
70682,83,80,3,3
70683,108,101,7,7
70684,66,66,0,0
70685,178,176,2,2
70686,138,136,2,2
70687,124,107,17,17
70688,58,63,-5,5
70689,93,92,1,1
70690,135,123,12,12
70691,98,82,16,16
70692,91,83,8,8
70693,83,78,5,5
70694,192,174,18,18
70695,119,102,17,17
70696,44,57,-13,13
70697,83,87,-4,4
70698,75,79,-4,4
70699,216,196,20,20
70700,178,165,13,13
70701,81,82,-1,1
70702,56,69,-13,13
70703,85,84,1,1
70704,87,84,3,3
70705,77,77,0,0
70706,73,78,-5,5
70707,122,118,4,4
70708,169,147,22,22
70709,155,137,18,18
70710,111,106,5,5
70711,37,48,-11,11
70712,116,115,1,1
70713,107,102,5,5
70714,63,71,-8,8
70715,97,90,7,7
70716,108,91,17,17
70717,94,94,0,0
70718,56,64,-8,8
70719,49,51,-2,2
70720,87,93,-6,6
70721,110,109,1,1
70722,89,93,-4,4
70723,87,81,6,6
70724,127,123,4,4
70725,82,84,-2,2
70726,58,62,-4,4
70727,69,74,-5,5
70728,66,64,2,2
70729,62,81,-19,19
70730,80,84,-4,4
70731,62,68,-6,6
70732,46,53,-7,7
70733,48,70,-22,22
70734,77,75,2,2
70735,99,111,-12,12
70736,98,98,0,0
70737,87,87,0,0
70738,63,71,-8,8
70739,114,114,0,0
70740,121,124,-3,3
70741,70,73,-3,3
70742,118,104,14,14
70743,116,111,5,5
70744,89,93,-4,4
70745,100,97,3,3
70746,249,236,13,13
70747,202,174,28,28
70748,152,144,8,8
70749,140,130,10,10
70750,162,149,13,13
70751,90,86,4,4
70752,132,120,12,12
70753,79,71,8,8
70754,73,72,1,1
70755,115,102,13,13
70756,188,168,20,20
70757,72,75,-3,3
70758,112,113,-1,1
70759,131,115,16,16
70760,128,130,-2,2
70761,125,121,4,4
70762,133,123,10,10
70763,159,144,15,15
70764,96,93,3,3
70765,85,88,-3,3
70766,103,100,3,3
70767,74,72,2,2
70768,139,136,3,3
70769,114,108,6,6
70770,35,44,-9,9
70771,56,63,-7,7
70772,85,91,-6,6
70773,111,97,14,14
70774,107,106,1,1
70775,138,137,1,1
70776,79,76,3,3
70777,89,89,0,0
70778,97,90,7,7
70779,88,83,5,5
70780,77,82,-5,5
70781,83,78,5,5
70782,138,135,3,3
70783,109,106,3,3
70784,58,71,-13,13
70785,65,72,-7,7
70786,97,100,-3,3
70787,95,94,1,1
70788,93,91,2,2
70789,80,85,-5,5
70790,88,79,9,9
70791,104,106,-2,2
70792,72,77,-5,5
70793,75,72,3,3
70794,88,89,-1,1
70795,104,109,-5,5
70796,70,72,-2,2
70797,83,89,-6,6
70798,108,96,12,12
70799,84,83,1,1
70800,91,95,-4,4
70801,115,113,2,2
70802,80,85,-5,5
70803,122,122,0,0
70804,116,110,6,6
70805,119,110,9,9
70806,105,98,7,7
70807,80,84,-4,4
70808,63,81,-18,18
70809,108,112,-4,4
70810,73,73,0,0
70811,116,113,3,3
70812,101,90,11,11
70813,78,82,-4,4
70814,137,141,-4,4
70815,94,96,-2,2
70816,63,62,1,1
70817,122,132,-10,10
70818,145,135,10,10
70819,110,99,11,11
70820,86,82,4,4
70821,160,150,10,10
70822,149,135,14,14
70823,93,88,5,5
70824,77,71,6,6
70825,43,56,-13,13
70826,85,90,-5,5
70827,85,78,7,7
70828,71,72,-1,1
70829,68,76,-8,8
70830,85,88,-3,3
70831,74,83,-9,9
70832,152,159,-7,7
70833,161,144,17,17
70834,130,130,0,0
70835,83,79,4,4
70836,102,100,2,2
70837,96,103,-7,7
70838,111,110,1,1
70839,41,49,-8,8
70840,54,63,-9,9
70841,119,113,6,6
70842,89,79,10,10
70843,105,94,11,11
70844,163,150,13,13
70845,102,98,4,4
70846,90,89,1,1
70847,52,69,-17,17
70848,61,65,-4,4
70849,84,95,-11,11
70850,87,92,-5,5
70851,56,74,-18,18
70852,86,97,-11,11
70853,153,143,10,10
70854,130,113,17,17
70855,171,151,20,20
70856,81,83,-2,2
70857,76,75,1,1
70858,82,90,-8,8
70859,114,117,-3,3
70860,103,104,-1,1
70861,98,97,1,1
70862,130,125,5,5
70863,145,126,19,19
70864,66,82,-16,16
70865,136,111,25,25
70866,96,103,-7,7
70867,35,48,-13,13
70868,77,76,1,1
70869,108,100,8,8
70870,91,102,-11,11
70871,68,75,-7,7
70872,114,111,3,3
70873,38,47,-9,9
70874,123,99,24,24
70875,81,80,1,1
70876,96,89,7,7
70877,89,89,0,0
70878,129,140,-11,11
70879,93,91,2,2
70880,57,62,-5,5
70881,81,77,4,4
70882,137,122,15,15
70883,83,75,8,8
70884,97,95,2,2
70885,100,100,0,0
70886,83,88,-5,5
70887,94,86,8,8
70888,87,100,-13,13
70889,154,147,7,7
70890,126,109,17,17
70891,74,75,-1,1
70892,87,91,-4,4
70893,62,73,-11,11
70894,61,65,-4,4
70895,94,85,9,9
70896,91,83,8,8
70897,67,70,-3,3
70898,87,82,5,5
70899,58,69,-11,11
70900,126,117,9,9
70901,102,95,7,7
70902,97,100,-3,3
70903,60,67,-7,7
70904,84,86,-2,2
70905,168,127,41,41
70906,89,89,0,0
70907,60,63,-3,3
70908,99,98,1,1
70909,119,109,10,10
70910,90,89,1,1
70911,150,146,4,4
70912,95,94,1,1
70913,79,80,-1,1
70914,45,51,-6,6
70915,101,94,7,7
70916,123,111,12,12
70917,145,138,7,7
70918,56,64,-8,8
70919,83,84,-1,1
70920,48,57,-9,9
70921,65,67,-2,2
70922,102,105,-3,3
70923,75,75,0,0
70924,194,196,-2,2
70925,55,65,-10,10
70926,61,65,-4,4
70927,97,92,5,5
70928,123,123,0,0
70929,47,57,-10,10
70930,99,112,-13,13
70931,88,87,1,1
70932,65,68,-3,3
70933,71,74,-3,3
70934,140,131,9,9
70935,113,109,4,4
70936,70,74,-4,4
70937,123,118,5,5
70938,113,99,14,14
70939,170,150,20,20
70940,101,105,-4,4
70941,113,101,12,12
70942,102,96,6,6
70943,74,78,-4,4
70944,73,84,-11,11
70945,90,97,-7,7
70946,62,65,-3,3
70947,104,121,-17,17
70948,119,114,5,5
70949,71,68,3,3
70950,129,132,-3,3
70951,48,57,-9,9
70952,149,150,-1,1
70953,63,66,-3,3
70954,115,111,4,4
70955,110,112,-2,2
70956,93,114,-21,21
70957,100,100,0,0
70958,90,92,-2,2
70959,46,58,-12,12
70960,126,114,12,12
70961,99,97,2,2
70962,65,66,-1,1
70963,77,78,-1,1
70964,70,69,1,1
70965,82,91,-9,9
70966,91,92,-1,1
70967,142,129,13,13
70968,73,72,1,1
70969,146,132,14,14
70970,106,101,5,5
70971,185,171,14,14
70972,72,75,-3,3
70973,119,103,16,16
70974,56,64,-8,8
70975,110,101,9,9
70976,94,91,3,3
70977,79,87,-8,8
70978,50,54,-4,4
70979,86,83,3,3
70980,73,74,-1,1
70981,81,81,0,0
70982,68,75,-7,7
70983,69,76,-7,7
70984,135,119,16,16
70985,162,149,13,13
70986,107,100,7,7
70987,74,78,-4,4
70988,61,69,-8,8
70989,101,91,10,10
70990,70,68,2,2
70991,101,117,-16,16
70992,61,66,-5,5
70993,103,100,3,3
70994,47,105,-58,58
70995,87,87,0,0
70996,73,76,-3,3
70997,100,87,13,13
70998,97,87,10,10
70999,75,79,-4,4
71000,77,75,2,2
71001,59,62,-3,3
71002,136,137,-1,1
71003,44,51,-7,7
71004,149,136,13,13
71005,85,90,-5,5
71006,132,129,3,3
71007,54,62,-8,8
71008,98,91,7,7
71009,102,108,-6,6
71010,122,116,6,6
71011,70,70,0,0
71012,121,125,-4,4
71013,86,86,0,0
71014,99,97,2,2
71015,71,70,1,1
71016,113,105,8,8
71017,100,98,2,2
71018,61,64,-3,3
71019,69,76,-7,7
71020,103,110,-7,7
71021,122,138,-16,16
71022,90,82,8,8
71023,113,100,13,13
71024,99,106,-7,7
71025,100,87,13,13
71026,77,81,-4,4
71027,84,81,3,3
71028,101,95,6,6
71029,86,86,0,0
71030,43,51,-8,8
71031,73,79,-6,6
71032,128,119,9,9
71033,81,73,8,8
71034,67,62,5,5
71035,137,127,10,10
71036,77,76,1,1
71037,52,62,-10,10
71038,103,108,-5,5
71039,107,100,7,7
71040,101,94,7,7
71041,80,81,-1,1
71042,114,110,4,4
71043,112,111,1,1
71044,118,102,16,16
71045,110,106,4,4
71046,88,84,4,4
71047,63,91,-28,28
71048,125,108,17,17
71049,126,110,16,16
71050,68,82,-14,14
71051,59,67,-8,8
71052,69,75,-6,6
71053,90,85,5,5
71054,108,108,0,0
71055,80,83,-3,3
71056,63,67,-4,4
71057,52,58,-6,6
71058,72,80,-8,8
71059,76,81,-5,5
71060,92,90,2,2
71061,133,152,-19,19
71062,65,74,-9,9
71063,69,70,-1,1
71064,121,107,14,14
71065,92,87,5,5
71066,67,70,-3,3
71067,134,123,11,11
71068,81,78,3,3
71069,68,79,-11,11
71070,67,71,-4,4
71071,52,58,-6,6
71072,107,103,4,4
71073,120,110,10,10
71074,133,130,3,3
71075,150,130,20,20
71076,124,133,-9,9
71077,86,87,-1,1
71078,29,29,0,0
71079,170,150,20,20
71080,88,89,-1,1
71081,158,146,12,12
71082,58,63,-5,5
71083,129,118,11,11
71084,94,94,0,0
71085,116,114,2,2
71086,159,150,9,9
71087,86,83,3,3
71088,174,168,6,6
71089,104,95,9,9
71090,90,84,6,6
71091,101,96,5,5
71092,107,106,1,1
71093,133,114,19,19
71094,70,67,3,3
71095,100,98,2,2
71096,174,165,9,9
71097,41,48,-7,7
71098,85,85,0,0
71099,76,75,1,1
71100,73,78,-5,5
71101,131,126,5,5
71102,83,82,1,1
71103,88,94,-6,6
71104,128,123,5,5
71105,86,89,-3,3
71106,163,154,9,9
71107,104,102,2,2
71108,50,56,-6,6
71109,114,95,19,19
71110,108,107,1,1
71111,72,78,-6,6
71112,63,67,-4,4
71113,51,58,-7,7
71114,94,92,2,2
71115,76,72,4,4
71116,39,44,-5,5
71117,100,98,2,2
71118,64,70,-6,6
71119,87,86,1,1
71120,112,104,8,8
71121,105,103,2,2
71122,84,88,-4,4
71123,135,126,9,9
71124,66,66,0,0
71125,164,155,9,9
71126,53,62,-9,9
71127,131,114,17,17
71128,97,94,3,3
71129,44,58,-14,14
71130,85,89,-4,4
71131,58,59,-1,1
71132,105,108,-3,3
71133,51,58,-7,7
71134,67,70,-3,3
71135,82,89,-7,7
71136,100,92,8,8
71137,154,135,19,19
71138,89,93,-4,4
71139,88,82,6,6
71140,104,89,15,15
71141,82,74,8,8
71142,97,92,5,5
71143,87,100,-13,13
71144,71,65,6,6
71145,87,92,-5,5
71146,71,75,-4,4
71147,168,154,14,14
71148,124,110,14,14
71149,75,69,6,6
71150,137,106,31,31
71151,131,122,9,9
71152,161,158,3,3
71153,80,79,1,1
71154,109,105,4,4
71155,65,70,-5,5
71156,152,149,3,3
71157,120,110,10,10
71158,116,111,5,5
71159,82,98,-16,16
71160,214,182,32,32
71161,75,75,0,0
71162,95,89,6,6
71163,120,109,11,11
71164,126,121,5,5
71165,112,105,7,7
71166,115,121,-6,6
71167,94,90,4,4
71168,84,87,-3,3
71169,99,99,0,0
71170,69,68,1,1
71171,62,64,-2,2
71172,106,105,1,1
71173,110,100,10,10
71174,78,81,-3,3
71175,161,176,-15,15
71176,140,100,40,40
71177,83,96,-13,13
71178,110,99,11,11
71179,50,58,-8,8
71180,160,143,17,17
71181,93,86,7,7
71182,161,155,6,6
71183,37,49,-12,12
71184,58,55,3,3
71185,109,118,-9,9
71186,99,102,-3,3
71187,124,142,-18,18
71188,65,68,-3,3
71189,113,106,7,7
71190,114,121,-7,7
71191,127,113,14,14
71192,99,88,11,11
71193,83,79,4,4
71194,74,80,-6,6
71195,112,115,-3,3
71196,76,77,-1,1
71197,86,83,3,3
71198,59,70,-11,11
71199,185,156,29,29
71200,113,92,21,21
71201,90,92,-2,2
71202,60,69,-9,9
71203,136,115,21,21
71204,94,93,1,1
71205,100,93,7,7
71206,93,90,3,3
71207,80,81,-1,1
71208,138,118,20,20
71209,123,116,7,7
71210,84,86,-2,2
71211,96,100,-4,4
71212,123,118,5,5
71213,46,86,-40,40
71214,54,59,-5,5
71215,135,128,7,7
71216,135,108,27,27
71217,79,83,-4,4
71218,127,114,13,13
71219,75,80,-5,5
71220,43,69,-26,26
71221,107,91,16,16
71222,86,79,7,7
71223,114,114,0,0
71224,56,58,-2,2
71225,80,79,1,1
71226,86,85,1,1
71227,62,62,0,0
71228,78,71,7,7
71229,158,154,4,4
71230,96,111,-15,15
71231,88,87,1,1
71232,62,63,-1,1
71233,116,104,12,12
71234,103,102,1,1
71235,108,116,-8,8
71236,96,96,0,0
71237,65,69,-4,4
71238,64,73,-9,9
71239,136,122,14,14
71240,92,96,-4,4
71241,66,66,0,0
71242,106,104,2,2
71243,168,148,20,20
71244,91,90,1,1
71245,90,96,-6,6
71246,83,83,0,0
71247,198,181,17,17
71248,98,98,0,0
71249,116,97,19,19
71250,77,83,-6,6
71251,95,88,7,7
71252,113,109,4,4
71253,102,97,5,5
71254,54,59,-5,5
71255,138,139,-1,1
71256,76,76,0,0
71257,58,61,-3,3
71258,74,75,-1,1
71259,93,97,-4,4
71260,56,79,-23,23
71261,139,142,-3,3
71262,169,162,7,7
71263,131,126,5,5
71264,64,56,8,8
71265,89,95,-6,6
71266,111,102,9,9
71267,149,139,10,10
71268,86,82,4,4
71269,67,91,-24,24
71270,54,60,-6,6
71271,47,59,-12,12
71272,43,54,-11,11
71273,90,92,-2,2
71274,139,122,17,17
71275,62,67,-5,5
71276,67,75,-8,8
71277,75,80,-5,5
71278,87,84,3,3
71279,82,81,1,1
71280,41,55,-14,14
71281,86,87,-1,1
71282,151,135,16,16
71283,87,83,4,4
71284,107,103,4,4
71285,67,68,-1,1
71286,90,98,-8,8
71287,133,125,8,8
71288,42,49,-7,7
71289,124,111,13,13
71290,66,68,-2,2
71291,74,77,-3,3
71292,54,59,-5,5
71293,123,114,9,9
71294,137,133,4,4
71295,67,67,0,0
71296,113,114,-1,1
71297,103,93,10,10
71298,161,144,17,17
71299,114,104,10,10
71300,112,115,-3,3
71301,103,101,2,2
71302,112,111,1,1
71303,123,124,-1,1
71304,65,70,-5,5
71305,97,90,7,7
71306,68,65,3,3
71307,69,74,-5,5
71308,69,66,3,3
71309,143,130,13,13
71310,107,102,5,5
71311,59,79,-20,20
71312,125,115,10,10
71313,57,67,-10,10
71314,108,110,-2,2
71315,86,88,-2,2
71316,98,94,4,4
71317,82,82,0,0
71318,87,116,-29,29
71319,65,70,-5,5
71320,96,90,6,6
71321,60,60,0,0
71322,77,79,-2,2
71323,81,79,2,2
71324,147,141,6,6
71325,75,70,5,5
71326,75,72,3,3
71327,85,93,-8,8
71328,94,93,1,1
71329,158,152,6,6
71330,103,85,18,18
71331,125,111,14,14
71332,119,142,-23,23
71333,109,104,5,5
71334,64,64,0,0
71335,74,78,-4,4
71336,33,41,-8,8
71337,104,97,7,7
71338,73,83,-10,10
71339,148,121,27,27
71340,57,67,-10,10
71341,62,62,0,0
71342,143,135,8,8
71343,96,107,-11,11
71344,61,67,-6,6
71345,126,121,5,5
71346,66,83,-17,17
71347,97,100,-3,3
71348,58,65,-7,7
71349,85,86,-1,1
71350,207,176,31,31
71351,114,105,9,9
71352,105,99,6,6
71353,92,93,-1,1
71354,80,79,1,1
71355,97,94,3,3
71356,93,93,0,0
71357,55,60,-5,5
71358,89,82,7,7
71359,116,109,7,7
71360,98,95,3,3
71361,79,75,4,4
71362,127,123,4,4
71363,112,100,12,12
71364,131,111,20,20
71365,92,94,-2,2
71366,81,80,1,1
71367,236,202,34,34
71368,110,118,-8,8
71369,66,74,-8,8
71370,100,104,-4,4
71371,98,99,-1,1
71372,118,104,14,14
71373,91,96,-5,5
71374,162,143,19,19
71375,77,75,2,2
71376,67,71,-4,4
71377,131,125,6,6
71378,103,102,1,1
71379,57,64,-7,7
71380,93,83,10,10
71381,72,81,-9,9
71382,67,58,9,9
71383,49,65,-16,16
71384,72,74,-2,2
71385,56,57,-1,1
71386,154,165,-11,11
71387,72,80,-8,8
71388,44,56,-12,12
71389,97,97,0,0
71390,173,141,32,32
71391,151,142,9,9
71392,92,85,7,7
71393,41,63,-22,22
71394,101,104,-3,3
71395,151,126,25,25
71396,112,99,13,13
71397,82,83,-1,1
71398,147,133,14,14
71399,104,89,15,15
71400,156,140,16,16
71401,69,69,0,0
71402,88,91,-3,3
71403,49,61,-12,12
71404,72,76,-4,4
71405,87,85,2,2
71406,83,80,3,3
71407,78,70,8,8
71408,109,108,1,1
71409,118,123,-5,5
71410,146,173,-27,27
71411,95,90,5,5
71412,139,127,12,12
71413,112,115,-3,3
71414,74,81,-7,7
71415,101,104,-3,3
71416,69,70,-1,1
71417,60,62,-2,2
71418,52,59,-7,7
71419,70,73,-3,3
71420,52,57,-5,5
71421,93,96,-3,3
71422,75,78,-3,3
71423,50,65,-15,15
71424,64,71,-7,7
71425,167,144,23,23
71426,59,65,-6,6
71427,117,115,2,2
71428,97,96,1,1
71429,93,95,-2,2
71430,70,77,-7,7
71431,91,82,9,9
71432,52,58,-6,6
71433,97,97,0,0
71434,66,60,6,6
71435,91,90,1,1
71436,72,103,-31,31
71437,113,103,10,10
71438,91,87,4,4
71439,50,67,-17,17
71440,85,102,-17,17
71441,167,152,15,15
71442,78,82,-4,4
71443,149,137,12,12
71444,102,96,6,6
71445,116,110,6,6
71446,69,78,-9,9
71447,63,69,-6,6
71448,108,110,-2,2
71449,81,79,2,2
71450,82,81,1,1
71451,113,110,3,3
71452,83,86,-3,3
71453,97,89,8,8
71454,78,93,-15,15
71455,102,101,1,1
71456,109,107,2,2
71457,64,80,-16,16
71458,98,97,1,1
71459,156,135,21,21
71460,126,120,6,6
71461,90,90,0,0
71462,122,118,4,4
71463,67,74,-7,7
71464,60,63,-3,3
71465,60,68,-8,8
71466,73,74,-1,1
71467,135,137,-2,2
71468,116,108,8,8
71469,92,88,4,4
71470,116,112,4,4
71471,76,79,-3,3
71472,137,130,7,7
71473,38,55,-17,17
71474,212,188,24,24
71475,115,108,7,7
71476,170,155,15,15
71477,140,150,-10,10
71478,194,159,35,35
71479,119,109,10,10
71480,46,56,-10,10
71481,67,69,-2,2
71482,114,107,7,7
71483,107,122,-15,15
71484,83,97,-14,14
71485,103,95,8,8
71486,75,83,-8,8
71487,117,140,-23,23
71488,59,62,-3,3
71489,68,92,-24,24
71490,117,118,-1,1
71491,142,121,21,21
71492,50,54,-4,4
71493,72,75,-3,3
71494,114,123,-9,9
71495,161,155,6,6
71496,104,100,4,4
71497,241,207,34,34
71498,72,74,-2,2
71499,89,93,-4,4
71500,76,78,-2,2
71501,97,97,0,0
71502,93,86,7,7
71503,73,68,5,5
71504,67,60,7,7
71505,89,89,0,0
71506,91,92,-1,1
71507,112,109,3,3
71508,156,151,5,5
71509,59,66,-7,7
71510,71,78,-7,7
71511,35,43,-8,8
71512,60,64,-4,4
71513,151,149,2,2
71514,83,85,-2,2
71515,114,115,-1,1
71516,66,64,2,2
71517,68,75,-7,7
71518,128,119,9,9
71519,168,142,26,26
71520,84,84,0,0
71521,87,85,2,2
71522,94,91,3,3
71523,44,59,-15,15
71524,93,97,-4,4
71525,135,121,14,14
71526,80,79,1,1
71527,105,95,10,10
71528,86,89,-3,3
71529,115,111,4,4
71530,183,161,22,22
71531,120,111,9,9
71532,25,30,-5,5
71533,53,59,-6,6
71534,131,111,20,20
71535,164,151,13,13
71536,74,76,-2,2
71537,125,116,9,9
71538,91,96,-5,5
71539,106,94,12,12
71540,95,91,4,4
71541,75,73,2,2
71542,114,104,10,10
71543,70,68,2,2
71544,89,82,7,7
71545,37,36,1,1
71546,90,86,4,4
71547,60,66,-6,6
71548,106,106,0,0
71549,59,67,-8,8
71550,114,120,-6,6
71551,69,69,0,0
71552,96,98,-2,2
71553,90,90,0,0
71554,132,138,-6,6
71555,117,116,1,1
71556,78,81,-3,3
71557,63,72,-9,9
71558,96,103,-7,7
71559,132,103,29,29
71560,83,80,3,3
71561,114,106,8,8
71562,109,101,8,8
71563,97,88,9,9
71564,81,82,-1,1
71565,95,93,2,2
71566,82,85,-3,3
71567,127,127,0,0
71568,108,107,1,1
71569,91,102,-11,11
71570,87,84,3,3
71571,92,88,4,4
71572,165,155,10,10
71573,85,85,0,0
71574,50,63,-13,13
71575,62,63,-1,1
71576,97,98,-1,1
71577,87,90,-3,3
71578,66,64,2,2
71579,76,76,0,0
71580,75,79,-4,4
71581,172,156,16,16
71582,45,55,-10,10
71583,86,91,-5,5
71584,73,83,-10,10
71585,189,158,31,31
71586,65,70,-5,5
71587,76,78,-2,2
71588,95,95,0,0
71589,95,88,7,7
71590,87,88,-1,1
71591,108,102,6,6
71592,91,82,9,9
71593,69,80,-11,11
71594,141,147,-6,6
71595,75,77,-2,2
71596,82,86,-4,4
71597,55,59,-4,4
71598,55,69,-14,14
71599,121,115,6,6
71600,55,57,-2,2
71601,131,115,16,16
71602,111,102,9,9
71603,52,66,-14,14
71604,141,126,15,15
71605,82,83,-1,1
71606,49,57,-8,8
71607,67,80,-13,13
71608,65,68,-3,3
71609,116,114,2,2
71610,112,112,0,0
71611,117,109,8,8
71612,137,129,8,8
71613,95,100,-5,5
71614,59,67,-8,8
71615,84,93,-9,9
71616,89,79,10,10
71617,137,133,4,4
71618,194,155,39,39
71619,144,122,22,22
71620,106,95,11,11
71621,122,107,15,15
71622,67,76,-9,9
71623,104,106,-2,2
71624,114,107,7,7
71625,84,93,-9,9
71626,49,68,-19,19
71627,232,181,51,51
71628,79,76,3,3
71629,101,103,-2,2
71630,105,101,4,4
71631,104,103,1,1
71632,221,177,44,44
71633,124,102,22,22
71634,154,142,12,12
71635,110,103,7,7
71636,75,78,-3,3
71637,175,161,14,14
71638,162,159,3,3
71639,169,145,24,24
71640,82,90,-8,8
71641,69,71,-2,2
71642,63,70,-7,7
71643,101,104,-3,3
71644,59,63,-4,4
71645,123,119,4,4
71646,105,106,-1,1
71647,99,88,11,11
71648,58,69,-11,11
71649,103,98,5,5
71650,77,86,-9,9
71651,64,64,0,0
71652,49,52,-3,3
71653,96,93,3,3
71654,78,84,-6,6
71655,124,127,-3,3
71656,66,89,-23,23
71657,163,145,18,18
71658,140,149,-9,9
71659,77,80,-3,3
71660,55,66,-11,11
71661,64,64,0,0
71662,73,86,-13,13
71663,86,87,-1,1
71664,87,87,0,0
71665,80,85,-5,5
71666,74,80,-6,6
71667,69,66,3,3
71668,118,114,4,4
71669,74,81,-7,7
71670,162,150,12,12
71671,63,71,-8,8
71672,88,86,2,2
71673,105,104,1,1
71674,70,65,5,5
71675,86,90,-4,4
71676,82,81,1,1
71677,181,171,10,10
71678,60,64,-4,4
71679,139,136,3,3
71680,45,44,1,1
71681,84,84,0,0
71682,87,81,6,6
71683,94,85,9,9
71684,94,91,3,3
71685,102,119,-17,17
71686,82,83,-1,1
71687,102,89,13,13
71688,51,55,-4,4
71689,91,86,5,5
71690,92,91,1,1
71691,119,115,4,4
71692,98,100,-2,2
71693,92,87,5,5
71694,144,133,11,11
71695,117,117,0,0
71696,61,61,0,0
71697,55,55,0,0
71698,89,84,5,5
71699,83,85,-2,2
71700,122,107,15,15
71701,101,102,-1,1
71702,71,76,-5,5
71703,183,173,10,10
71704,79,83,-4,4
71705,68,80,-12,12
71706,124,117,7,7
71707,96,91,5,5
71708,82,82,0,0
71709,99,105,-6,6
71710,145,117,28,28
71711,143,137,6,6
71712,131,131,0,0
71713,83,81,2,2
71714,118,133,-15,15
71715,65,71,-6,6
71716,52,63,-11,11
71717,78,78,0,0
71718,76,77,-1,1
71719,142,130,12,12
71720,90,85,5,5
71721,64,71,-7,7
71722,70,71,-1,1
71723,81,90,-9,9
71724,155,144,11,11
71725,94,108,-14,14
71726,64,67,-3,3
71727,83,82,1,1
71728,112,105,7,7
71729,112,95,17,17
71730,132,128,4,4
71731,84,79,5,5
71732,63,70,-7,7
71733,78,83,-5,5
71734,143,132,11,11
71735,71,77,-6,6
71736,94,92,2,2
71737,75,77,-2,2
71738,54,67,-13,13
71739,81,74,7,7
71740,72,79,-7,7
71741,95,91,4,4
71742,136,125,11,11
71743,89,86,3,3
71744,66,73,-7,7
71745,95,91,4,4
71746,85,84,1,1
71747,114,109,5,5
71748,70,68,2,2
71749,70,80,-10,10
71750,115,113,2,2
71751,139,136,3,3
71752,104,98,6,6
71753,65,67,-2,2
71754,145,134,11,11
71755,108,101,7,7
71756,81,84,-3,3
71757,85,74,11,11
71758,59,69,-10,10
71759,146,148,-2,2
71760,89,101,-12,12
71761,94,93,1,1
71762,82,82,0,0
71763,58,67,-9,9
71764,78,79,-1,1
71765,92,84,8,8
71766,65,68,-3,3
71767,100,94,6,6
71768,126,116,10,10
71769,115,105,10,10
71770,64,64,0,0
71771,67,75,-8,8
71772,114,101,13,13
71773,73,74,-1,1
71774,86,84,2,2
71775,92,84,8,8
71776,393,349,44,44
71777,121,132,-11,11
71778,77,86,-9,9
71779,106,90,16,16
71780,81,82,-1,1
71781,99,87,12,12
71782,150,149,1,1
71783,98,97,1,1
71784,107,106,1,1
71785,59,60,-1,1
71786,53,50,3,3
71787,99,93,6,6
71788,138,131,7,7
71789,58,66,-8,8
71790,85,83,2,2
71791,129,119,10,10
71792,60,63,-3,3
71793,67,68,-1,1
71794,107,99,8,8
71795,42,53,-11,11
71796,73,75,-2,2
71797,81,89,-8,8
71798,154,127,27,27
71799,84,82,2,2
71800,67,72,-5,5
71801,62,62,0,0
71802,93,88,5,5
71803,119,111,8,8
71804,112,105,7,7
71805,146,139,7,7
71806,45,48,-3,3
71807,127,116,11,11
71808,87,86,1,1
71809,122,116,6,6
71810,83,78,5,5
71811,116,109,7,7
71812,95,99,-4,4
71813,101,102,-1,1
71814,132,127,5,5
71815,116,109,7,7
71816,79,73,6,6
71817,94,90,4,4
71818,131,117,14,14
71819,61,63,-2,2
71820,66,70,-4,4
71821,78,83,-5,5
71822,145,144,1,1
71823,166,158,8,8
71824,88,81,7,7
71825,99,92,7,7
71826,85,89,-4,4
71827,62,67,-5,5
71828,85,86,-1,1
71829,103,100,3,3
71830,123,146,-23,23
71831,43,56,-13,13
71832,89,95,-6,6
71833,61,68,-7,7
71834,65,70,-5,5
71835,81,81,0,0
71836,77,74,3,3
71837,118,115,3,3
71838,53,57,-4,4
71839,90,83,7,7
71840,101,113,-12,12
71841,88,89,-1,1
71842,136,130,6,6
71843,142,127,15,15
71844,79,73,6,6
71845,124,119,5,5
71846,69,71,-2,2
71847,55,63,-8,8
71848,84,87,-3,3
71849,34,43,-9,9
71850,86,79,7,7
71851,67,66,1,1
71852,234,200,34,34
71853,175,162,13,13
71854,50,53,-3,3
71855,75,71,4,4
71856,61,66,-5,5
71857,103,97,6,6
71858,59,62,-3,3
71859,83,93,-10,10
71860,50,53,-3,3
71861,89,89,0,0
71862,65,75,-10,10
71863,140,119,21,21
71864,158,148,10,10
71865,113,110,3,3
71866,118,119,-1,1
71867,172,150,22,22
71868,119,119,0,0
71869,106,103,3,3
71870,146,141,5,5
71871,72,75,-3,3
71872,84,83,1,1
71873,78,82,-4,4
71874,58,60,-2,2
71875,85,78,7,7
71876,137,123,14,14
71877,86,111,-25,25
71878,78,77,1,1
71879,88,91,-3,3
71880,108,99,9,9
71881,104,94,10,10
71882,77,89,-12,12
71883,101,98,3,3
71884,109,105,4,4
71885,84,79,5,5
71886,70,69,1,1
71887,134,135,-1,1
71888,51,51,0,0
71889,128,124,4,4
71890,103,110,-7,7
71891,76,80,-4,4
71892,101,108,-7,7
71893,92,93,-1,1
71894,72,79,-7,7
71895,68,74,-6,6
71896,84,88,-4,4
71897,88,88,0,0
71898,119,122,-3,3
71899,56,54,2,2
71900,31,43,-12,12
71901,91,91,0,0
71902,163,151,12,12
71903,124,110,14,14
71904,71,68,3,3
71905,101,96,5,5
71906,112,142,-30,30
71907,103,101,2,2
71908,74,74,0,0
71909,57,64,-7,7
71910,137,131,6,6
71911,124,110,14,14
71912,77,91,-14,14
71913,83,81,2,2
71914,66,80,-14,14
71915,110,99,11,11
71916,65,71,-6,6
71917,98,99,-1,1
71918,87,85,2,2
71919,90,84,6,6
71920,140,135,5,5
71921,116,110,6,6
71922,128,115,13,13
71923,73,71,2,2
71924,155,167,-12,12
71925,96,102,-6,6
71926,115,114,1,1
71927,63,68,-5,5
71928,57,58,-1,1
71929,113,115,-2,2
71930,104,94,10,10
71931,53,63,-10,10
71932,62,70,-8,8
71933,53,62,-9,9
71934,71,71,0,0
71935,76,78,-2,2
71936,117,109,8,8
71937,57,65,-8,8
71938,79,73,6,6
71939,69,83,-14,14
71940,78,76,2,2
71941,40,64,-24,24
71942,58,75,-17,17
71943,105,98,7,7
71944,87,99,-12,12
71945,118,102,16,16
71946,101,110,-9,9
71947,32,40,-8,8
71948,75,78,-3,3
71949,112,108,4,4
71950,112,100,12,12
71951,124,127,-3,3
71952,68,70,-2,2
71953,72,70,2,2
71954,52,56,-4,4
71955,84,82,2,2
71956,78,77,1,1
71957,106,91,15,15
71958,126,122,4,4
71959,103,103,0,0
71960,110,93,17,17
71961,91,82,9,9
71962,149,132,17,17
71963,55,60,-5,5
71964,113,105,8,8
71965,72,73,-1,1
71966,79,82,-3,3
71967,125,117,8,8
71968,126,113,13,13
71969,156,155,1,1
71970,69,71,-2,2
71971,59,55,4,4
71972,92,105,-13,13
71973,65,70,-5,5
71974,94,95,-1,1
71975,76,87,-11,11
71976,145,137,8,8
71977,141,135,6,6
71978,71,76,-5,5
71979,91,90,1,1
71980,56,66,-10,10
71981,107,109,-2,2
71982,73,70,3,3
71983,120,130,-10,10
71984,109,81,28,28
71985,125,114,11,11
71986,80,80,0,0
71987,55,61,-6,6
71988,92,94,-2,2
71989,125,115,10,10
71990,74,76,-2,2
71991,65,76,-11,11
71992,85,86,-1,1
71993,41,50,-9,9
71994,73,83,-10,10
71995,133,101,32,32
71996,48,53,-5,5
71997,81,79,2,2
71998,109,118,-9,9
71999,98,95,3,3
72000,123,115,8,8
72001,103,104,-1,1
72002,79,81,-2,2
72003,60,69,-9,9
72004,93,94,-1,1
72005,162,126,36,36
72006,121,109,12,12
72007,113,118,-5,5
72008,64,72,-8,8
72009,61,70,-9,9
72010,110,103,7,7
72011,106,100,6,6
72012,111,103,8,8
72013,72,82,-10,10
72014,50,51,-1,1
72015,58,56,2,2
72016,112,113,-1,1
72017,86,97,-11,11
72018,77,76,1,1
72019,116,112,4,4
72020,77,80,-3,3
72021,156,136,20,20
72022,94,97,-3,3
72023,152,141,11,11
72024,153,144,9,9
72025,91,91,0,0
72026,114,105,9,9
72027,54,62,-8,8
72028,68,67,1,1
72029,108,119,-11,11
72030,144,133,11,11
72031,122,112,10,10
72032,94,96,-2,2
72033,100,92,8,8
72034,63,70,-7,7
72035,109,102,7,7
72036,92,82,10,10
72037,104,97,7,7
72038,80,71,9,9
72039,83,81,2,2
72040,115,113,2,2
72041,149,145,4,4
72042,111,110,1,1
72043,64,75,-11,11
72044,117,103,14,14
72045,68,71,-3,3
72046,98,89,9,9
72047,58,64,-6,6
72048,109,97,12,12
72049,84,79,5,5
72050,59,68,-9,9
72051,122,103,19,19
72052,67,75,-8,8
72053,74,70,4,4
72054,65,70,-5,5
72055,95,90,5,5
72056,90,91,-1,1
72057,71,72,-1,1
72058,46,48,-2,2
72059,37,66,-29,29
72060,128,116,12,12
72061,110,106,4,4
72062,98,103,-5,5
72063,55,58,-3,3
72064,118,106,12,12
72065,28,35,-7,7
72066,164,154,10,10
72067,97,98,-1,1
72068,149,132,17,17
72069,100,93,7,7
72070,102,106,-4,4
72071,99,95,4,4
72072,170,144,26,26
72073,124,123,1,1
72074,109,117,-8,8
72075,146,132,14,14
72076,170,162,8,8
72077,85,68,17,17
72078,106,98,8,8
72079,96,96,0,0
72080,105,98,7,7
72081,116,104,12,12
72082,61,68,-7,7
72083,114,110,4,4
72084,105,102,3,3
72085,163,164,-1,1
72086,50,58,-8,8
72087,141,118,23,23
72088,79,86,-7,7
72089,129,120,9,9
72090,82,79,3,3
72091,61,64,-3,3
72092,69,74,-5,5
72093,62,76,-14,14
72094,93,90,3,3
72095,92,95,-3,3
72096,91,101,-10,10
72097,45,53,-8,8
72098,167,150,17,17
72099,71,72,-1,1
72100,43,55,-12,12
72101,122,114,8,8
72102,73,67,6,6
72103,99,94,5,5
72104,82,80,2,2
72105,119,105,14,14
72106,135,117,18,18
72107,46,51,-5,5
72108,102,94,8,8
72109,66,68,-2,2
72110,159,153,6,6
72111,93,90,3,3
72112,93,84,9,9
72113,71,73,-2,2
72114,106,86,20,20
72115,99,91,8,8
72116,145,151,-6,6
72117,102,110,-8,8
72118,146,134,12,12
72119,129,121,8,8
72120,105,112,-7,7
72121,119,108,11,11
72122,49,57,-8,8
72123,114,105,9,9
72124,137,132,5,5
72125,84,83,1,1
72126,63,66,-3,3
72127,120,108,12,12
72128,63,65,-2,2
72129,153,134,19,19
72130,73,82,-9,9
72131,110,97,13,13
72132,178,162,16,16
72133,73,96,-23,23
72134,80,72,8,8
72135,98,95,3,3
72136,122,118,4,4
72137,122,117,5,5
72138,95,95,0,0
72139,100,103,-3,3
72140,107,107,0,0
72141,86,81,5,5
72142,62,63,-1,1
72143,77,79,-2,2
72144,49,58,-9,9
72145,68,74,-6,6
72146,25,28,-3,3
72147,83,79,4,4
72148,54,52,2,2
72149,122,118,4,4
72150,115,112,3,3
72151,92,84,8,8
72152,120,130,-10,10
72153,161,147,14,14
72154,100,93,7,7
72155,127,123,4,4
72156,56,62,-6,6
72157,120,113,7,7
72158,319,265,54,54
72159,161,144,17,17
72160,120,107,13,13
72161,119,104,15,15
72162,119,102,17,17
72163,155,132,23,23
72164,90,95,-5,5
72165,43,55,-12,12
72166,67,63,4,4
72167,75,69,6,6
72168,86,83,3,3
72169,107,98,9,9
72170,109,104,5,5
72171,105,108,-3,3
72172,120,121,-1,1
72173,57,61,-4,4
72174,81,84,-3,3
72175,114,107,7,7
72176,101,96,5,5
72177,104,93,11,11
72178,105,93,12,12
72179,93,95,-2,2
72180,117,116,1,1
72181,93,87,6,6
72182,60,65,-5,5
72183,81,68,13,13
72184,96,92,4,4
72185,99,101,-2,2
72186,88,82,6,6
72187,113,113,0,0
72188,91,97,-6,6
72189,142,129,13,13
72190,95,96,-1,1
72191,79,83,-4,4
72192,80,91,-11,11
72193,54,60,-6,6
72194,124,114,10,10
72195,86,93,-7,7
72196,154,130,24,24
72197,77,82,-5,5
72198,129,108,21,21
72199,196,160,36,36
72200,78,79,-1,1
72201,63,72,-9,9
72202,176,157,19,19
72203,102,99,3,3
72204,102,105,-3,3
72205,92,88,4,4
72206,145,129,16,16
72207,64,68,-4,4
72208,100,92,8,8
72209,96,107,-11,11
72210,96,85,11,11
72211,51,58,-7,7
72212,61,76,-15,15
72213,129,124,5,5
72214,196,170,26,26
72215,61,66,-5,5
72216,86,84,2,2
72217,69,79,-10,10
72218,121,107,14,14
72219,87,95,-8,8
72220,105,95,10,10
72221,67,81,-14,14
72222,71,87,-16,16
72223,165,148,17,17
72224,132,118,14,14
72225,171,159,12,12
72226,81,77,4,4
72227,142,133,9,9
72228,75,77,-2,2
72229,102,94,8,8
72230,86,91,-5,5
72231,136,124,12,12
72232,63,65,-2,2
72233,122,122,0,0
72234,89,91,-2,2
72235,97,101,-4,4
72236,67,70,-3,3
72237,105,100,5,5
72238,64,64,0,0
72239,85,95,-10,10
72240,99,103,-4,4
72241,80,71,9,9
72242,115,104,11,11
72243,65,68,-3,3
72244,104,91,13,13
72245,115,105,10,10
72246,147,140,7,7
72247,105,100,5,5
72248,141,130,11,11
72249,163,150,13,13
72250,129,116,13,13
72251,90,90,0,0
72252,73,78,-5,5
72253,101,97,4,4
72254,103,102,1,1
72255,53,63,-10,10
72256,67,73,-6,6
72257,78,81,-3,3
72258,75,73,2,2
72259,76,77,-1,1
72260,105,100,5,5
72261,103,95,8,8
72262,108,109,-1,1
72263,154,132,22,22
72264,84,87,-3,3
72265,125,116,9,9
72266,71,72,-1,1
72267,84,91,-7,7
72268,81,81,0,0
72269,95,95,0,0
72270,249,202,47,47
72271,101,100,1,1
72272,69,74,-5,5
72273,109,111,-2,2
72274,76,77,-1,1
72275,92,92,0,0
72276,56,67,-11,11
72277,85,92,-7,7
72278,51,59,-8,8
72279,117,101,16,16
72280,74,78,-4,4
72281,184,161,23,23
72282,82,85,-3,3
72283,93,99,-6,6
72284,87,81,6,6
72285,56,59,-3,3
72286,65,66,-1,1
72287,95,88,7,7
72288,112,115,-3,3
72289,110,109,1,1
72290,137,130,7,7
72291,73,76,-3,3
72292,128,111,17,17
72293,99,86,13,13
72294,133,125,8,8
72295,109,104,5,5
72296,74,87,-13,13
72297,99,89,10,10
72298,23,33,-10,10
72299,87,93,-6,6
72300,175,158,17,17
72301,71,78,-7,7
72302,64,72,-8,8
72303,74,85,-11,11
72304,127,122,5,5
72305,136,141,-5,5
72306,114,109,5,5
72307,143,135,8,8
72308,115,110,5,5
72309,83,91,-8,8
72310,118,113,5,5
72311,64,68,-4,4
72312,94,95,-1,1
72313,69,65,4,4
72314,142,130,12,12
72315,75,74,1,1
72316,58,64,-6,6
72317,19,28,-9,9
72318,83,87,-4,4
72319,59,65,-6,6
72320,99,98,1,1
72321,69,76,-7,7
72322,95,88,7,7
72323,248,185,63,63
72324,129,119,10,10
72325,45,57,-12,12
72326,129,126,3,3
72327,99,92,7,7
72328,98,97,1,1
72329,115,115,0,0
72330,136,136,0,0
72331,111,101,10,10
72332,98,98,0,0
72333,85,91,-6,6
72334,141,132,9,9
72335,94,101,-7,7
72336,94,96,-2,2
72337,112,119,-7,7
72338,107,103,4,4
72339,127,124,3,3
72340,113,100,13,13
72341,131,108,23,23
72342,69,76,-7,7
72343,51,59,-8,8
72344,148,135,13,13
72345,79,71,8,8
72346,108,103,5,5
72347,105,109,-4,4
72348,82,97,-15,15
72349,152,155,-3,3
72350,77,83,-6,6
72351,96,103,-7,7
72352,118,125,-7,7
72353,176,167,9,9
72354,161,158,3,3
72355,74,72,2,2
72356,89,100,-11,11
72357,126,131,-5,5
72358,105,102,3,3
72359,102,101,1,1
72360,74,82,-8,8
72361,122,112,10,10
72362,80,82,-2,2
72363,75,76,-1,1
72364,148,141,7,7
72365,129,124,5,5
72366,68,70,-2,2
72367,74,88,-14,14
72368,96,86,10,10
72369,88,85,3,3
72370,53,70,-17,17
72371,79,80,-1,1
72372,78,77,1,1
72373,69,74,-5,5
72374,134,119,15,15
72375,77,75,2,2
72376,144,128,16,16
72377,102,102,0,0
72378,112,121,-9,9
72379,122,112,10,10
72380,87,87,0,0
72381,111,112,-1,1
72382,102,95,7,7
72383,73,77,-4,4
72384,86,86,0,0
72385,74,74,0,0
72386,132,116,16,16
72387,128,124,4,4
72388,130,121,9,9
72389,62,66,-4,4
72390,44,55,-11,11
72391,78,83,-5,5
72392,95,93,2,2
72393,95,84,11,11
72394,116,113,3,3
72395,80,79,1,1
72396,57,64,-7,7
72397,84,97,-13,13
72398,122,111,11,11
72399,115,113,2,2
72400,185,152,33,33
72401,144,116,28,28
72402,54,62,-8,8
72403,125,119,6,6
72404,107,110,-3,3
72405,140,144,-4,4
72406,59,64,-5,5
72407,64,68,-4,4
72408,83,86,-3,3
72409,56,60,-4,4
72410,79,74,5,5
72411,58,62,-4,4
72412,92,95,-3,3
72413,138,131,7,7
72414,110,102,8,8
72415,197,169,28,28
72416,102,98,4,4
72417,75,74,1,1
72418,127,115,12,12
72419,95,98,-3,3
72420,64,62,2,2
72421,68,76,-8,8
72422,174,162,12,12
72423,61,66,-5,5
72424,74,72,2,2
72425,106,105,1,1
72426,60,67,-7,7
72427,73,85,-12,12
72428,92,88,4,4
72429,189,157,32,32
72430,99,91,8,8
72431,147,135,12,12
72432,120,112,8,8
72433,75,79,-4,4
72434,57,62,-5,5
72435,56,60,-4,4
72436,73,75,-2,2
72437,67,68,-1,1
72438,176,155,21,21
72439,131,124,7,7
72440,101,99,2,2
72441,77,75,2,2
72442,90,110,-20,20
72443,106,107,-1,1
72444,120,115,5,5
72445,82,80,2,2
72446,117,113,4,4
72447,57,81,-24,24
72448,57,72,-15,15
72449,104,100,4,4
72450,85,82,3,3
72451,112,113,-1,1
72452,89,92,-3,3
72453,88,102,-14,14
72454,87,78,9,9
72455,103,119,-16,16
72456,151,135,16,16
72457,92,95,-3,3
72458,98,89,9,9
72459,63,76,-13,13
72460,88,88,0,0
72461,85,82,3,3
72462,29,34,-5,5
72463,88,97,-9,9
72464,105,110,-5,5
72465,108,101,7,7
72466,69,67,2,2
72467,100,97,3,3
72468,67,74,-7,7
72469,78,71,7,7
72470,97,99,-2,2
72471,84,78,6,6
72472,57,69,-12,12
72473,124,111,13,13
72474,117,109,8,8
72475,101,92,9,9
72476,104,106,-2,2
72477,97,105,-8,8
72478,69,69,0,0
72479,105,102,3,3
72480,78,85,-7,7
72481,75,72,3,3
72482,67,63,4,4
72483,182,158,24,24
72484,49,59,-10,10
72485,89,91,-2,2
72486,72,73,-1,1
72487,97,98,-1,1
72488,72,73,-1,1
72489,66,67,-1,1
72490,118,121,-3,3
72491,49,61,-12,12
72492,87,82,5,5
72493,157,133,24,24
72494,63,67,-4,4
72495,69,78,-9,9
72496,163,159,4,4
72497,221,199,22,22
72498,60,69,-9,9
72499,97,99,-2,2
72500,64,58,6,6
72501,87,98,-11,11
72502,101,100,1,1
72503,96,96,0,0
72504,111,112,-1,1
72505,67,71,-4,4
72506,112,110,2,2
72507,92,84,8,8
72508,90,97,-7,7
72509,127,129,-2,2
72510,62,70,-8,8
72511,82,88,-6,6
72512,131,111,20,20
72513,66,66,0,0
72514,122,122,0,0
72515,80,92,-12,12
72516,83,88,-5,5
72517,71,80,-9,9
72518,76,72,4,4
72519,130,137,-7,7
72520,72,65,7,7
72521,51,56,-5,5
72522,114,119,-5,5
72523,62,72,-10,10
72524,46,48,-2,2
72525,58,68,-10,10
72526,84,93,-9,9
72527,69,71,-2,2
72528,59,109,-50,50
72529,65,70,-5,5
72530,175,158,17,17
72531,135,130,5,5
72532,106,103,3,3
72533,72,81,-9,9
72534,124,118,6,6
72535,126,115,11,11
72536,120,117,3,3
72537,92,92,0,0
72538,68,68,0,0
72539,109,102,7,7
72540,74,86,-12,12
72541,61,69,-8,8
72542,96,93,3,3
72543,115,122,-7,7
72544,88,94,-6,6
72545,112,106,6,6
72546,182,157,25,25
72547,156,144,12,12
72548,156,144,12,12
72549,103,88,15,15
72550,89,87,2,2
72551,114,102,12,12
72552,106,91,15,15
72553,85,77,8,8
72554,107,96,11,11
72555,75,76,-1,1
72556,84,86,-2,2
72557,120,114,6,6
72558,95,87,8,8
72559,48,54,-6,6
72560,65,64,1,1
72561,59,71,-12,12
72562,85,84,1,1
72563,125,117,8,8
72564,89,87,2,2
72565,92,86,6,6
72566,131,135,-4,4
72567,83,84,-1,1
72568,81,76,5,5
72569,82,77,5,5
72570,66,70,-4,4
72571,126,123,3,3
72572,167,149,18,18
72573,103,104,-1,1
72574,119,108,11,11
72575,133,125,8,8
72576,138,137,1,1
72577,136,125,11,11
72578,57,62,-5,5
72579,111,104,7,7
72580,75,80,-5,5
72581,64,67,-3,3
72582,111,110,1,1
72583,126,123,3,3
72584,147,132,15,15
72585,188,157,31,31
72586,123,74,49,49
72587,87,95,-8,8
72588,77,79,-2,2
72589,82,79,3,3
72590,83,84,-1,1
72591,69,80,-11,11
72592,136,137,-1,1
72593,53,64,-11,11
72594,81,82,-1,1
72595,124,123,1,1
72596,111,100,11,11
72597,120,114,6,6
72598,66,76,-10,10
72599,68,69,-1,1
72600,147,149,-2,2
72601,193,163,30,30
72602,62,65,-3,3
72603,113,111,2,2
72604,83,83,0,0
72605,114,114,0,0
72606,138,132,6,6
72607,63,75,-12,12
72608,153,133,20,20
72609,75,80,-5,5
72610,104,96,8,8
72611,138,135,3,3
72612,86,76,10,10
72613,85,86,-1,1
72614,132,128,4,4
72615,86,87,-1,1
72616,60,70,-10,10
72617,119,110,9,9
72618,233,192,41,41
72619,125,130,-5,5
72620,128,118,10,10
72621,135,131,4,4
72622,92,85,7,7
72623,134,123,11,11
72624,108,104,4,4
72625,154,139,15,15
72626,149,145,4,4
72627,112,102,10,10
72628,117,111,6,6
72629,158,150,8,8
72630,83,80,3,3
72631,92,90,2,2
72632,80,77,3,3
72633,86,88,-2,2
72634,23,29,-6,6
72635,90,89,1,1
72636,129,127,2,2
72637,122,114,8,8
72638,49,62,-13,13
72639,58,67,-9,9
72640,115,103,12,12
72641,92,90,2,2
72642,146,157,-11,11
72643,69,87,-18,18
72644,107,111,-4,4
72645,152,141,11,11
72646,106,94,12,12
72647,78,80,-2,2
72648,122,107,15,15
72649,97,103,-6,6
72650,62,69,-7,7
72651,125,119,6,6
72652,172,152,20,20
72653,73,77,-4,4
72654,88,88,0,0
72655,69,75,-6,6
72656,72,68,4,4
72657,87,88,-1,1
72658,53,60,-7,7
72659,65,70,-5,5
72660,117,110,7,7
72661,105,106,-1,1
72662,168,152,16,16
72663,83,92,-9,9
72664,65,71,-6,6
72665,108,102,6,6
72666,45,57,-12,12
72667,123,109,14,14
72668,62,70,-8,8
72669,69,74,-5,5
72670,65,71,-6,6
72671,88,99,-11,11
72672,70,75,-5,5
72673,115,107,8,8
72674,68,66,2,2
72675,109,105,4,4
72676,117,114,3,3
72677,68,72,-4,4
72678,93,89,4,4
72679,76,75,1,1
72680,147,131,16,16
72681,124,116,8,8
72682,146,136,10,10
72683,104,113,-9,9
72684,85,87,-2,2
72685,107,93,14,14
72686,131,115,16,16
72687,71,71,0,0
72688,78,73,5,5
72689,69,77,-8,8
72690,124,126,-2,2
72691,101,93,8,8
72692,64,63,1,1
72693,69,71,-2,2
72694,60,69,-9,9
72695,97,92,5,5
72696,78,78,0,0
72697,106,123,-17,17
72698,102,94,8,8
72699,102,97,5,5
72700,135,131,4,4
72701,84,94,-10,10
72702,132,119,13,13
72703,81,79,2,2
72704,55,56,-1,1
72705,80,76,4,4
72706,89,99,-10,10
72707,218,348,-130,130
72708,68,68,0,0
72709,136,112,24,24
72710,78,75,3,3
72711,66,73,-7,7
72712,115,114,1,1
72713,102,93,9,9
72714,64,71,-7,7
72715,32,37,-5,5
72716,61,61,0,0
72717,98,97,1,1
72718,87,76,11,11
72719,75,65,10,10
72720,131,118,13,13
72721,82,90,-8,8
72722,102,94,8,8
72723,68,66,2,2
72724,129,123,6,6
72725,147,137,10,10
72726,54,60,-6,6
72727,95,95,0,0
72728,181,165,16,16
72729,102,105,-3,3
72730,49,60,-11,11
72731,100,93,7,7
72732,72,77,-5,5
72733,137,141,-4,4
72734,57,60,-3,3
72735,85,80,5,5
72736,69,72,-3,3
72737,44,38,6,6
72738,102,100,2,2
72739,140,132,8,8
72740,59,65,-6,6
72741,59,71,-12,12
72742,67,67,0,0
72743,96,97,-1,1
72744,54,52,2,2
72745,81,78,3,3
72746,154,146,8,8
72747,134,140,-6,6
72748,100,85,15,15
72749,104,97,7,7
72750,92,99,-7,7
72751,63,68,-5,5
72752,115,96,19,19
72753,55,63,-8,8
72754,163,148,15,15
72755,122,122,0,0
72756,106,100,6,6
72757,90,96,-6,6
72758,97,93,4,4
72759,69,74,-5,5
72760,86,84,2,2
72761,87,87,0,0
72762,134,116,18,18
72763,83,88,-5,5
72764,96,97,-1,1
72765,75,72,3,3
72766,91,82,9,9
72767,74,72,2,2
72768,105,105,0,0
72769,109,103,6,6
72770,50,70,-20,20
72771,83,73,10,10
72772,101,95,6,6
72773,98,102,-4,4
72774,78,80,-2,2
72775,115,102,13,13
72776,151,137,14,14
72777,50,51,-1,1
72778,111,107,4,4
72779,75,85,-10,10
72780,191,170,21,21
72781,82,80,2,2
72782,133,120,13,13
72783,131,128,3,3
72784,69,70,-1,1
72785,112,103,9,9
72786,52,61,-9,9
72787,109,116,-7,7
72788,82,86,-4,4
72789,106,108,-2,2
72790,36,43,-7,7
72791,84,87,-3,3
72792,103,98,5,5
72793,56,62,-6,6
72794,78,79,-1,1
72795,69,72,-3,3
72796,67,72,-5,5
72797,83,90,-7,7
72798,103,103,0,0
72799,84,84,0,0
72800,68,75,-7,7
72801,78,79,-1,1
72802,118,106,12,12
72803,112,106,6,6
72804,108,106,2,2
72805,113,109,4,4
72806,116,98,18,18
72807,67,69,-2,2
72808,110,109,1,1
72809,100,93,7,7
72810,111,98,13,13
72811,82,88,-6,6
72812,157,149,8,8
72813,75,78,-3,3
72814,102,97,5,5
72815,90,92,-2,2
72816,60,67,-7,7
72817,88,91,-3,3
72818,96,95,1,1
72819,117,133,-16,16
72820,76,84,-8,8
72821,166,142,24,24
72822,187,147,40,40
72823,73,69,4,4
72824,91,97,-6,6
72825,125,120,5,5
72826,60,68,-8,8
72827,91,87,4,4
72828,99,112,-13,13
72829,80,73,7,7
72830,125,122,3,3
72831,111,111,0,0
72832,54,61,-7,7
72833,192,169,23,23
72834,159,144,15,15
72835,71,70,1,1
72836,80,84,-4,4
72837,58,65,-7,7
72838,78,74,4,4
72839,146,129,17,17
72840,73,72,1,1
72841,178,149,29,29
72842,94,95,-1,1
72843,131,118,13,13
72844,70,64,6,6
72845,126,126,0,0
72846,84,82,2,2
72847,80,84,-4,4
72848,214,178,36,36
72849,111,105,6,6
72850,134,138,-4,4
72851,89,95,-6,6
72852,124,137,-13,13
72853,112,102,10,10
72854,94,100,-6,6
72855,110,103,7,7
72856,143,141,2,2
72857,70,74,-4,4
72858,112,111,1,1
72859,88,86,2,2
72860,89,83,6,6
72861,78,75,3,3
72862,121,111,10,10
72863,69,72,-3,3
72864,82,81,1,1
72865,137,161,-24,24
72866,116,112,4,4
72867,169,150,19,19
72868,108,98,10,10
72869,62,63,-1,1
72870,66,86,-20,20
72871,126,116,10,10
72872,77,72,5,5
72873,170,155,15,15
72874,48,57,-9,9
72875,123,110,13,13
72876,135,125,10,10
72877,128,125,3,3
72878,108,106,2,2
72879,102,94,8,8
72880,89,89,0,0
72881,68,73,-5,5
72882,83,77,6,6
72883,174,164,10,10
72884,130,111,19,19
72885,176,157,19,19
72886,87,94,-7,7
72887,69,66,3,3
72888,69,75,-6,6
72889,100,89,11,11
72890,164,151,13,13
72891,94,100,-6,6
72892,82,79,3,3
72893,191,177,14,14
72894,99,100,-1,1
72895,78,82,-4,4
72896,68,72,-4,4
72897,121,103,18,18
72898,128,118,10,10
72899,149,140,9,9
72900,164,146,18,18
72901,74,77,-3,3
72902,67,65,2,2
72903,59,68,-9,9
72904,100,112,-12,12
72905,62,76,-14,14
72906,100,101,-1,1
72907,79,82,-3,3
72908,137,151,-14,14
72909,74,76,-2,2
72910,94,93,1,1
72911,119,97,22,22
72912,103,95,8,8
72913,95,94,1,1
72914,60,61,-1,1
72915,111,103,8,8
72916,34,43,-9,9
72917,78,86,-8,8
72918,97,95,2,2
72919,111,109,2,2
72920,85,90,-5,5
72921,149,136,13,13
72922,90,83,7,7
72923,49,58,-9,9
72924,138,128,10,10
72925,69,70,-1,1
72926,79,74,5,5
72927,70,69,1,1
72928,82,85,-3,3
72929,79,82,-3,3
72930,85,95,-10,10
72931,89,85,4,4
72932,67,72,-5,5
72933,106,111,-5,5
72934,70,80,-10,10
72935,74,83,-9,9
72936,55,67,-12,12
72937,164,154,10,10
72938,77,75,2,2
72939,57,61,-4,4
72940,97,107,-10,10
72941,136,141,-5,5
72942,83,82,1,1
72943,66,70,-4,4
72944,92,96,-4,4
72945,92,93,-1,1
72946,71,67,4,4
72947,67,76,-9,9
72948,150,136,14,14
72949,69,76,-7,7
72950,132,120,12,12
72951,194,173,21,21
72952,137,132,5,5
72953,68,73,-5,5
72954,90,97,-7,7
72955,113,106,7,7
72956,61,59,2,2
72957,160,145,15,15
72958,149,144,5,5
72959,48,59,-11,11
72960,128,123,5,5
72961,102,98,4,4
72962,95,96,-1,1
72963,68,65,3,3
72964,164,148,16,16
72965,92,100,-8,8
72966,100,90,10,10
72967,68,79,-11,11
72968,81,83,-2,2
72969,87,82,5,5
72970,121,99,22,22
72971,95,97,-2,2
72972,99,79,20,20
72973,59,69,-10,10
72974,140,125,15,15
72975,109,88,21,21
72976,147,132,15,15
72977,84,86,-2,2
72978,111,104,7,7
72979,85,88,-3,3
72980,63,73,-10,10
72981,64,66,-2,2
72982,75,73,2,2
72983,136,113,23,23
72984,140,139,1,1
72985,45,53,-8,8
72986,159,153,6,6
72987,110,99,11,11
72988,54,68,-14,14
72989,129,125,4,4
72990,170,170,0,0
72991,111,107,4,4
72992,72,71,1,1
72993,129,123,6,6
72994,67,72,-5,5
72995,159,164,-5,5
72996,60,70,-10,10
72997,91,91,0,0
72998,126,109,17,17
72999,240,193,47,47
73000,113,106,7,7
73001,85,79,6,6
73002,54,66,-12,12
73003,68,70,-2,2
73004,89,85,4,4
73005,142,128,14,14
73006,146,131,15,15
73007,87,86,1,1
73008,122,119,3,3
73009,81,63,18,18
73010,77,79,-2,2
73011,113,99,14,14
73012,182,176,6,6
73013,111,102,9,9
73014,97,88,9,9
73015,90,85,5,5
73016,149,139,10,10
73017,62,77,-15,15
73018,121,114,7,7
73019,90,88,2,2
73020,64,61,3,3
73021,158,147,11,11
73022,89,88,1,1
73023,93,88,5,5
73024,82,77,5,5
73025,80,86,-6,6
73026,231,212,19,19
73027,52,61,-9,9
73028,185,162,23,23
73029,125,126,-1,1
73030,116,106,10,10
73031,70,73,-3,3
73032,92,87,5,5
73033,135,135,0,0
73034,83,91,-8,8
73035,78,81,-3,3
73036,89,86,3,3
73037,98,93,5,5
73038,74,80,-6,6
73039,117,113,4,4
73040,65,193,-128,128
73041,80,82,-2,2
73042,82,80,2,2
73043,144,146,-2,2
73044,64,65,-1,1
73045,144,135,9,9
73046,46,51,-5,5
73047,29,34,-5,5
73048,81,81,0,0
73049,115,110,5,5
73050,99,93,6,6
73051,80,80,0,0
73052,111,104,7,7
73053,113,109,4,4
73054,119,99,20,20
73055,49,37,12,12
73056,128,120,8,8
73057,168,151,17,17
73058,52,58,-6,6
73059,115,113,2,2
73060,230,189,41,41
73061,113,125,-12,12
73062,66,65,1,1
73063,102,99,3,3
73064,52,56,-4,4
73065,94,92,2,2
73066,69,72,-3,3
73067,146,152,-6,6
73068,130,123,7,7
73069,82,75,7,7
73070,51,56,-5,5
73071,114,104,10,10
73072,58,71,-13,13
73073,70,78,-8,8
73074,74,73,1,1
73075,75,70,5,5
73076,54,56,-2,2
73077,134,133,1,1
73078,46,51,-5,5
73079,79,76,3,3
73080,66,76,-10,10
73081,114,113,1,1
73082,76,86,-10,10
73083,149,138,11,11
73084,126,114,12,12
73085,91,97,-6,6
73086,56,53,3,3
73087,131,123,8,8
73088,119,128,-9,9
73089,119,112,7,7
73090,124,120,4,4
73091,142,136,6,6
73092,215,177,38,38
73093,59,62,-3,3
73094,60,62,-2,2
73095,76,83,-7,7
73096,54,55,-1,1
73097,78,88,-10,10
73098,133,143,-10,10
73099,56,59,-3,3
73100,79,81,-2,2
73101,74,70,4,4
73102,55,69,-14,14
73103,62,58,4,4
73104,47,51,-4,4
73105,112,113,-1,1
73106,112,102,10,10
73107,122,112,10,10
73108,104,102,2,2
73109,81,97,-16,16
73110,76,84,-8,8
73111,61,62,-1,1
73112,230,172,58,58
73113,87,84,3,3
73114,94,90,4,4
73115,83,80,3,3
73116,154,130,24,24
73117,140,125,15,15
73118,81,84,-3,3
73119,78,76,2,2
73120,112,105,7,7
73121,133,117,16,16
73122,72,77,-5,5
73123,150,115,35,35
73124,133,122,11,11
73125,74,69,5,5
73126,122,118,4,4
73127,90,91,-1,1
73128,69,68,1,1
73129,75,81,-6,6
73130,50,51,-1,1
73131,135,125,10,10
73132,126,116,10,10
73133,68,89,-21,21
73134,88,88,0,0
73135,78,86,-8,8
73136,55,63,-8,8
73137,94,101,-7,7
73138,57,68,-11,11
73139,70,74,-4,4
73140,150,141,9,9
73141,67,74,-7,7
73142,78,83,-5,5
73143,82,85,-3,3
73144,123,122,1,1
73145,75,71,4,4
73146,151,150,1,1
73147,79,78,1,1
73148,116,106,10,10
73149,89,84,5,5
73150,143,138,5,5
73151,94,95,-1,1
73152,94,98,-4,4
73153,81,86,-5,5
73154,77,83,-6,6
73155,85,86,-1,1
73156,104,108,-4,4
73157,58,64,-6,6
73158,76,83,-7,7
73159,72,75,-3,3
73160,90,87,3,3
73161,126,132,-6,6
73162,81,81,0,0
73163,113,109,4,4
73164,72,80,-8,8
73165,111,114,-3,3
73166,94,89,5,5
73167,77,75,2,2
73168,76,72,4,4
73169,91,85,6,6
73170,84,87,-3,3
73171,50,65,-15,15
73172,111,114,-3,3
73173,160,149,11,11
73174,90,83,7,7
73175,165,164,1,1
73176,153,130,23,23
73177,38,46,-8,8
73178,76,91,-15,15
73179,73,75,-2,2
73180,99,101,-2,2
73181,64,70,-6,6
73182,148,136,12,12
73183,146,142,4,4
73184,86,87,-1,1
73185,70,75,-5,5
73186,74,72,2,2
73187,102,95,7,7
73188,76,71,5,5
73189,115,103,12,12
73190,111,103,8,8
73191,67,73,-6,6
73192,120,121,-1,1
73193,72,75,-3,3
73194,93,91,2,2
73195,256,225,31,31
73196,157,146,11,11
73197,70,72,-2,2
73198,95,104,-9,9
73199,99,99,0,0
73200,94,92,2,2
73201,81,78,3,3
73202,102,95,7,7
73203,107,106,1,1
73204,137,124,13,13
73205,91,92,-1,1
73206,90,96,-6,6
73207,68,71,-3,3
73208,59,65,-6,6
73209,86,88,-2,2
73210,118,123,-5,5
73211,197,178,19,19
73212,55,66,-11,11
73213,82,78,4,4
73214,96,98,-2,2
73215,88,95,-7,7
73216,72,87,-15,15
73217,56,62,-6,6
73218,110,102,8,8
73219,75,73,2,2
73220,107,115,-8,8
73221,100,104,-4,4
73222,137,121,16,16
73223,76,80,-4,4
73224,174,161,13,13
73225,101,102,-1,1
73226,85,88,-3,3
73227,53,63,-10,10
73228,108,96,12,12
73229,82,80,2,2
73230,84,92,-8,8
73231,92,94,-2,2
73232,125,134,-9,9
73233,93,101,-8,8
73234,54,63,-9,9
73235,113,103,10,10
73236,196,175,21,21
73237,71,69,2,2
73238,75,73,2,2
73239,46,54,-8,8
73240,107,108,-1,1
73241,82,88,-6,6
73242,88,100,-12,12
73243,57,59,-2,2
73244,153,139,14,14
73245,131,130,1,1
73246,111,121,-10,10
73247,136,133,3,3
73248,58,66,-8,8
73249,85,86,-1,1
73250,98,91,7,7
73251,80,81,-1,1
73252,82,90,-8,8
73253,74,72,2,2
73254,135,118,17,17
73255,88,89,-1,1
73256,27,45,-18,18
73257,60,68,-8,8
73258,82,80,2,2
73259,176,164,12,12
73260,163,136,27,27
73261,130,128,2,2
73262,120,109,11,11
73263,143,115,28,28
73264,138,140,-2,2
73265,88,83,5,5
73266,125,120,5,5
73267,81,81,0,0
73268,56,60,-4,4
73269,70,74,-4,4
73270,59,66,-7,7
73271,117,124,-7,7
73272,35,46,-11,11
73273,115,101,14,14
73274,59,66,-7,7
73275,88,82,6,6
73276,124,124,0,0
73277,110,98,12,12
73278,118,109,9,9
73279,103,93,10,10
73280,121,116,5,5
73281,78,78,0,0
73282,69,74,-5,5
73283,129,123,6,6
73284,75,73,2,2
73285,54,57,-3,3
73286,185,161,24,24
73287,105,99,6,6
73288,65,65,0,0
73289,145,126,19,19
73290,134,120,14,14
73291,102,96,6,6
73292,75,76,-1,1
73293,106,97,9,9
73294,122,118,4,4
73295,42,53,-11,11
73296,144,145,-1,1
73297,104,96,8,8
73298,117,107,10,10
73299,69,73,-4,4
73300,63,77,-14,14
73301,184,149,35,35
73302,96,94,2,2
73303,86,78,8,8
73304,98,98,0,0
73305,78,79,-1,1
73306,91,88,3,3
73307,53,57,-4,4
73308,79,79,0,0
73309,141,130,11,11
73310,82,79,3,3
73311,49,55,-6,6
73312,109,98,11,11
73313,61,66,-5,5
73314,90,93,-3,3
73315,61,60,1,1
73316,94,101,-7,7
73317,134,130,4,4
73318,65,73,-8,8
73319,136,127,9,9
73320,164,152,12,12
73321,98,102,-4,4
73322,83,83,0,0
73323,40,50,-10,10
73324,67,81,-14,14
73325,90,88,2,2
73326,62,62,0,0
73327,60,62,-2,2
73328,115,101,14,14
73329,135,130,5,5
73330,75,76,-1,1
73331,35,64,-29,29
73332,94,103,-9,9
73333,113,104,9,9
73334,133,124,9,9
73335,103,76,27,27
73336,108,97,11,11
73337,65,71,-6,6
73338,67,61,6,6
73339,121,113,8,8
73340,89,101,-12,12
73341,69,72,-3,3
73342,128,126,2,2
73343,99,90,9,9
73344,100,98,2,2
73345,88,78,10,10
73346,160,145,15,15
73347,94,89,5,5
73348,111,109,2,2
73349,83,79,4,4
73350,51,66,-15,15
73351,126,116,10,10
73352,150,129,21,21
73353,57,60,-3,3
73354,63,71,-8,8
73355,112,111,1,1
73356,196,173,23,23
73357,71,76,-5,5
73358,152,144,8,8
73359,87,88,-1,1
73360,59,64,-5,5
73361,144,137,7,7
73362,122,108,14,14
73363,61,71,-10,10
73364,99,107,-8,8
73365,74,70,4,4
73366,68,72,-4,4
73367,92,97,-5,5
73368,147,143,4,4
73369,114,108,6,6
73370,64,68,-4,4
73371,92,81,11,11
73372,85,80,5,5
73373,100,92,8,8
73374,142,126,16,16
73375,34,29,5,5
73376,107,95,12,12
73377,110,102,8,8
73378,154,145,9,9
73379,69,72,-3,3
73380,91,101,-10,10
73381,124,111,13,13
73382,71,67,4,4
73383,61,60,1,1
73384,110,105,5,5
73385,86,92,-6,6
73386,143,128,15,15
73387,65,69,-4,4
73388,82,79,3,3
73389,90,97,-7,7
73390,156,150,6,6
73391,177,163,14,14
73392,108,102,6,6
73393,100,106,-6,6
73394,60,71,-11,11
73395,81,93,-12,12
73396,99,100,-1,1
73397,63,88,-25,25
73398,87,96,-9,9
73399,53,56,-3,3
73400,47,54,-7,7
73401,65,76,-11,11
73402,79,75,4,4
73403,65,70,-5,5
73404,99,101,-2,2
73405,61,65,-4,4
73406,101,106,-5,5
73407,75,70,5,5
73408,99,104,-5,5
73409,84,85,-1,1
73410,130,119,11,11
73411,147,130,17,17
73412,103,100,3,3
73413,48,52,-4,4
73414,88,87,1,1
73415,115,107,8,8
73416,81,83,-2,2
73417,69,79,-10,10
73418,144,143,1,1
73419,103,95,8,8
73420,84,81,3,3
73421,175,163,12,12
73422,133,112,21,21
73423,88,91,-3,3
73424,112,107,5,5
73425,98,99,-1,1
73426,79,77,2,2
73427,65,67,-2,2
73428,75,87,-12,12
73429,101,102,-1,1
73430,44,54,-10,10
73431,89,87,2,2
73432,107,105,2,2
73433,85,85,0,0
73434,42,54,-12,12
73435,86,91,-5,5
73436,92,86,6,6
73437,70,75,-5,5
73438,79,80,-1,1
73439,39,59,-20,20
73440,90,87,3,3
73441,126,111,15,15
73442,116,111,5,5
73443,69,74,-5,5
73444,51,62,-11,11
73445,107,98,9,9
73446,88,87,1,1
73447,104,94,10,10
73448,81,73,8,8
73449,78,78,0,0
73450,87,89,-2,2
73451,63,77,-14,14
73452,92,92,0,0
73453,125,126,-1,1
73454,113,105,8,8
73455,50,55,-5,5
73456,71,70,1,1
73457,78,81,-3,3
73458,65,68,-3,3
73459,145,133,12,12
73460,64,63,1,1
73461,83,84,-1,1
73462,162,141,21,21
73463,84,84,0,0
73464,149,144,5,5
73465,68,72,-4,4
73466,84,88,-4,4
73467,74,69,5,5
73468,106,102,4,4
73469,87,91,-4,4
73470,102,116,-14,14
73471,142,121,21,21
73472,159,149,10,10
73473,49,54,-5,5
73474,133,134,-1,1
73475,89,86,3,3
73476,47,57,-10,10
73477,111,109,2,2
73478,79,77,2,2
73479,108,115,-7,7
73480,58,64,-6,6
73481,111,114,-3,3
73482,46,54,-8,8
73483,69,71,-2,2
73484,144,140,4,4
73485,122,115,7,7
73486,114,107,7,7
73487,60,63,-3,3
73488,75,82,-7,7
73489,79,81,-2,2
73490,97,99,-2,2
73491,177,167,10,10
73492,111,102,9,9
73493,35,45,-10,10
73494,133,114,19,19
73495,58,58,0,0
73496,114,99,15,15
73497,80,82,-2,2
73498,133,110,23,23
73499,116,115,1,1
73500,88,75,13,13
73501,126,117,9,9
73502,135,120,15,15
73503,85,89,-4,4
73504,154,149,5,5
73505,118,109,9,9
73506,92,90,2,2
73507,146,147,-1,1
73508,63,68,-5,5
73509,77,80,-3,3
73510,113,107,6,6
73511,110,113,-3,3
73512,63,70,-7,7
73513,78,74,4,4
73514,130,119,11,11
73515,64,64,0,0
73516,81,84,-3,3
73517,75,69,6,6
73518,41,52,-11,11
73519,139,131,8,8
73520,60,64,-4,4
73521,81,85,-4,4
73522,108,101,7,7
73523,102,99,3,3
73524,63,68,-5,5
73525,111,101,10,10
73526,42,49,-7,7
73527,93,94,-1,1
73528,106,110,-4,4
73529,92,88,4,4
73530,87,86,1,1
73531,100,101,-1,1
73532,73,76,-3,3
73533,65,65,0,0
73534,84,92,-8,8
73535,158,150,8,8
73536,73,74,-1,1
73537,116,121,-5,5
73538,79,89,-10,10
73539,114,104,10,10
73540,108,106,2,2
73541,89,84,5,5
73542,65,78,-13,13
73543,123,116,7,7
73544,70,77,-7,7
73545,58,63,-5,5
73546,61,70,-9,9
73547,118,124,-6,6
73548,91,98,-7,7
73549,82,88,-6,6
73550,42,58,-16,16
73551,43,51,-8,8
73552,144,125,19,19
73553,60,73,-13,13
73554,29,56,-27,27
73555,111,96,15,15
73556,69,71,-2,2
73557,192,162,30,30
73558,88,101,-13,13
73559,64,67,-3,3
73560,131,129,2,2
73561,107,110,-3,3
73562,95,102,-7,7
73563,70,75,-5,5
73564,51,53,-2,2
73565,195,171,24,24
73566,77,79,-2,2
73567,117,117,0,0
73568,87,80,7,7
73569,46,50,-4,4
73570,71,72,-1,1
73571,65,66,-1,1
73572,171,173,-2,2
73573,106,104,2,2
73574,82,83,-1,1
73575,130,115,15,15
73576,58,68,-10,10
73577,105,106,-1,1
73578,121,115,6,6
73579,148,152,-4,4
73580,87,87,0,0
73581,98,102,-4,4
73582,74,85,-11,11
73583,138,133,5,5
73584,95,99,-4,4
73585,104,102,2,2
73586,64,64,0,0
73587,74,77,-3,3
73588,126,104,22,22
73589,93,98,-5,5
73590,80,80,0,0
73591,62,69,-7,7
73592,56,65,-9,9
73593,91,94,-3,3
73594,202,173,29,29
73595,97,100,-3,3
73596,109,116,-7,7
73597,62,52,10,10
73598,156,151,5,5
73599,62,63,-1,1
73600,156,151,5,5
73601,60,67,-7,7
73602,67,67,0,0
73603,109,110,-1,1
73604,129,117,12,12
73605,126,114,12,12
73606,141,131,10,10
73607,117,102,15,15
73608,167,155,12,12
73609,123,125,-2,2
73610,127,111,16,16
73611,70,69,1,1
73612,67,71,-4,4
73613,93,90,3,3
73614,79,77,2,2
73615,80,81,-1,1
73616,81,88,-7,7
73617,77,76,1,1
73618,57,68,-11,11
73619,125,132,-7,7
73620,137,120,17,17
73621,98,100,-2,2
73622,76,74,2,2
73623,99,90,9,9
73624,88,91,-3,3
73625,71,72,-1,1
73626,85,82,3,3
73627,93,93,0,0
73628,112,99,13,13
73629,63,70,-7,7
73630,79,93,-14,14
73631,90,91,-1,1
73632,71,72,-1,1
73633,67,84,-17,17
73634,147,125,22,22
73635,57,77,-20,20
73636,61,66,-5,5
73637,100,93,7,7
73638,79,77,2,2
73639,136,111,25,25
73640,88,91,-3,3
73641,67,70,-3,3
73642,173,163,10,10
73643,111,99,12,12
73644,96,81,15,15
73645,91,84,7,7
73646,90,83,7,7
73647,93,89,4,4
73648,99,98,1,1
73649,57,60,-3,3
73650,71,71,0,0
73651,165,149,16,16
73652,91,100,-9,9
73653,59,63,-4,4
73654,103,101,2,2
73655,72,75,-3,3
73656,95,91,4,4
73657,86,78,8,8
73658,142,110,32,32
73659,92,91,1,1
73660,86,90,-4,4
73661,143,130,13,13
73662,37,48,-11,11
73663,66,70,-4,4
73664,121,113,8,8
73665,89,94,-5,5
73666,54,73,-19,19
73667,64,67,-3,3
73668,48,50,-2,2
73669,33,42,-9,9
73670,154,146,8,8
73671,55,62,-7,7
73672,85,79,6,6
73673,68,71,-3,3
73674,88,89,-1,1
73675,61,67,-6,6
73676,123,111,12,12
73677,98,99,-1,1
73678,161,151,10,10
73679,53,61,-8,8
73680,68,76,-8,8
73681,131,118,13,13
73682,100,96,4,4
73683,64,67,-3,3
73684,109,118,-9,9
73685,87,86,1,1
73686,78,80,-2,2
73687,56,63,-7,7
73688,96,89,7,7
73689,104,98,6,6
73690,94,93,1,1
73691,66,69,-3,3
73692,106,98,8,8
73693,132,139,-7,7
73694,142,115,27,27
73695,112,113,-1,1
73696,104,81,23,23
73697,129,135,-6,6
73698,107,100,7,7
73699,137,140,-3,3
73700,81,86,-5,5
73701,57,60,-3,3
73702,126,118,8,8
73703,57,73,-16,16
73704,141,124,17,17
73705,94,91,3,3
73706,56,69,-13,13
73707,100,91,9,9
73708,65,74,-9,9
73709,153,144,9,9
73710,106,107,-1,1
73711,65,68,-3,3
73712,89,91,-2,2
73713,69,64,5,5
73714,172,157,15,15
73715,74,77,-3,3
73716,55,66,-11,11
73717,95,92,3,3
73718,80,83,-3,3
73719,72,77,-5,5
73720,69,72,-3,3
73721,77,85,-8,8
73722,136,124,12,12
73723,60,62,-2,2
73724,106,98,8,8
73725,98,91,7,7
73726,113,109,4,4
73727,66,69,-3,3
73728,117,105,12,12
73729,75,77,-2,2
73730,123,118,5,5
73731,54,56,-2,2
73732,157,157,0,0
73733,100,94,6,6
73734,74,79,-5,5
73735,61,67,-6,6
73736,72,77,-5,5
73737,81,77,4,4
73738,138,145,-7,7
73739,137,137,0,0
73740,163,143,20,20
73741,65,82,-17,17
73742,130,125,5,5
73743,68,77,-9,9
73744,97,92,5,5
73745,167,154,13,13
73746,93,79,14,14
73747,63,71,-8,8
73748,91,87,4,4
73749,174,154,20,20
73750,138,116,22,22
73751,75,77,-2,2
73752,129,131,-2,2
73753,116,103,13,13
73754,47,49,-2,2
73755,116,103,13,13
73756,103,98,5,5
73757,112,102,10,10
73758,133,123,10,10
73759,55,65,-10,10
73760,75,82,-7,7
73761,53,59,-6,6
73762,88,98,-10,10
73763,132,124,8,8
73764,35,40,-5,5
73765,45,57,-12,12
73766,67,71,-4,4
73767,124,107,17,17
73768,148,134,14,14
73769,138,121,17,17
73770,98,92,6,6
73771,81,82,-1,1
73772,54,61,-7,7
73773,35,38,-3,3
73774,69,68,1,1
73775,66,69,-3,3
73776,116,106,10,10
73777,86,83,3,3
73778,95,95,0,0
73779,95,99,-4,4
73780,61,64,-3,3
73781,79,79,0,0
73782,74,95,-21,21
73783,117,108,9,9
73784,63,67,-4,4
73785,138,117,21,21
73786,125,119,6,6
73787,95,94,1,1
73788,66,70,-4,4
73789,53,59,-6,6
73790,83,82,1,1
73791,60,69,-9,9
73792,52,60,-8,8
73793,55,57,-2,2
73794,100,103,-3,3
73795,91,103,-12,12
73796,87,86,1,1
73797,63,59,4,4
73798,122,98,24,24
73799,75,74,1,1
73800,57,70,-13,13
73801,55,62,-7,7
73802,110,99,11,11
73803,88,90,-2,2
73804,155,159,-4,4
73805,96,97,-1,1
73806,81,76,5,5
73807,102,97,5,5
73808,141,121,20,20
73809,105,101,4,4
73810,68,67,1,1
73811,80,76,4,4
73812,94,100,-6,6
73813,60,65,-5,5
73814,107,94,13,13
73815,112,107,5,5
73816,92,94,-2,2
73817,86,77,9,9
73818,131,111,20,20
73819,62,62,0,0
73820,146,144,2,2
73821,67,80,-13,13
73822,77,82,-5,5
73823,101,102,-1,1
73824,80,75,5,5
73825,97,83,14,14
73826,140,124,16,16
73827,128,133,-5,5
73828,108,105,3,3
73829,91,88,3,3
73830,91,94,-3,3
73831,87,82,5,5
73832,151,127,24,24
73833,91,94,-3,3
73834,161,144,17,17
73835,60,67,-7,7
73836,135,119,16,16
73837,73,88,-15,15
73838,88,97,-9,9
73839,71,71,0,0
73840,80,83,-3,3
73841,50,56,-6,6
73842,106,102,4,4
73843,66,69,-3,3
73844,90,96,-6,6
73845,122,123,-1,1
73846,99,93,6,6
73847,73,73,0,0
73848,60,65,-5,5
73849,63,72,-9,9
73850,105,115,-10,10
73851,34,43,-9,9
73852,74,83,-9,9
73853,122,113,9,9
73854,123,108,15,15
73855,66,65,1,1
73856,122,111,11,11
73857,114,104,10,10
73858,165,157,8,8
73859,139,147,-8,8
73860,58,54,4,4
73861,70,75,-5,5
73862,71,68,3,3
73863,158,172,-14,14
73864,66,66,0,0
73865,166,125,41,41
73866,129,125,4,4
73867,91,89,2,2
73868,109,125,-16,16
73869,118,129,-11,11
73870,90,92,-2,2
73871,125,113,12,12
73872,94,88,6,6
73873,107,96,11,11
73874,144,117,27,27
73875,83,79,4,4
73876,71,77,-6,6
73877,93,92,1,1
73878,103,99,4,4
73879,78,80,-2,2
73880,33,78,-45,45
73881,44,81,-37,37
73882,129,118,11,11
73883,210,182,28,28
73884,98,91,7,7
73885,60,78,-18,18
73886,110,99,11,11
73887,56,64,-8,8
73888,149,133,16,16
73889,86,85,1,1
73890,101,98,3,3
73891,80,78,2,2
73892,96,96,0,0
73893,66,69,-3,3
73894,73,74,-1,1
73895,87,76,11,11
73896,73,71,2,2
73897,96,90,6,6
73898,36,50,-14,14
73899,171,188,-17,17
73900,125,118,7,7
73901,82,85,-3,3
73902,79,75,4,4
73903,148,133,15,15
73904,137,127,10,10
73905,82,85,-3,3
73906,72,94,-22,22
73907,57,62,-5,5
73908,162,157,5,5
73909,148,130,18,18
73910,82,78,4,4
73911,76,80,-4,4
73912,72,70,2,2
73913,42,45,-3,3
73914,102,105,-3,3
73915,61,70,-9,9
73916,107,105,2,2
73917,72,68,4,4
73918,117,120,-3,3
73919,70,70,0,0
73920,60,63,-3,3
73921,110,93,17,17
73922,94,91,3,3
73923,121,125,-4,4
73924,102,100,2,2
73925,61,67,-6,6
73926,69,72,-3,3
73927,51,67,-16,16
73928,113,117,-4,4
73929,148,158,-10,10
73930,129,112,17,17
73931,60,62,-2,2
73932,82,99,-17,17
73933,149,135,14,14
73934,64,65,-1,1
73935,95,96,-1,1
73936,105,98,7,7
73937,129,126,3,3
73938,140,133,7,7
73939,143,146,-3,3
73940,67,67,0,0
73941,81,81,0,0
73942,131,114,17,17
73943,61,61,0,0
73944,95,92,3,3
73945,121,115,6,6
73946,96,85,11,11
73947,159,129,30,30
73948,51,58,-7,7
73949,72,76,-4,4
73950,83,84,-1,1
73951,114,105,9,9
73952,90,93,-3,3
73953,72,72,0,0
73954,88,81,7,7
73955,149,135,14,14
73956,69,69,0,0
73957,67,74,-7,7
73958,65,76,-11,11
73959,119,121,-2,2
73960,146,126,20,20
73961,75,86,-11,11
73962,175,154,21,21
73963,109,113,-4,4
73964,80,79,1,1
73965,99,91,8,8
73966,137,138,-1,1
73967,77,94,-17,17
73968,44,73,-29,29
73969,96,96,0,0
73970,55,58,-3,3
73971,113,102,11,11
73972,108,105,3,3
73973,55,58,-3,3
73974,138,114,24,24
73975,74,73,1,1
73976,69,74,-5,5
73977,131,121,10,10
73978,129,151,-22,22
73979,103,102,1,1
73980,50,57,-7,7
73981,90,93,-3,3
73982,42,47,-5,5
73983,140,149,-9,9
73984,76,91,-15,15
73985,113,106,7,7
73986,43,56,-13,13
73987,73,87,-14,14
73988,116,115,1,1
73989,112,116,-4,4
73990,126,126,0,0
73991,98,99,-1,1
73992,83,90,-7,7
73993,51,62,-11,11
73994,73,93,-20,20
73995,220,182,38,38
73996,72,81,-9,9
73997,63,66,-3,3
73998,107,104,3,3
73999,90,84,6,6
74000,50,62,-12,12
74001,100,97,3,3
74002,126,113,13,13
74003,73,74,-1,1
74004,88,93,-5,5
74005,65,80,-15,15
74006,73,70,3,3
74007,83,83,0,0
74008,118,119,-1,1
74009,77,74,3,3
74010,175,162,13,13
74011,101,96,5,5
74012,72,73,-1,1
74013,84,86,-2,2
74014,320,335,-15,15
74015,86,99,-13,13
74016,48,57,-9,9
74017,82,75,7,7
74018,111,100,11,11
74019,83,84,-1,1
74020,105,111,-6,6
74021,87,93,-6,6
74022,92,92,0,0
74023,106,101,5,5
74024,179,167,12,12
74025,123,112,11,11
74026,68,77,-9,9
74027,52,54,-2,2
74028,155,128,27,27
74029,97,108,-11,11
74030,78,82,-4,4
74031,52,56,-4,4
74032,62,67,-5,5
74033,92,92,0,0
74034,113,105,8,8
74035,141,134,7,7
74036,66,73,-7,7
74037,97,86,11,11
74038,80,99,-19,19
74039,71,92,-21,21
74040,117,110,7,7
74041,202,177,25,25
74042,89,84,5,5
74043,65,74,-9,9
74044,83,89,-6,6
74045,151,137,14,14
74046,68,67,1,1
74047,84,90,-6,6
74048,114,106,8,8
74049,67,70,-3,3
74050,48,51,-3,3
74051,108,107,1,1
74052,159,138,21,21
74053,84,81,3,3
74054,153,138,15,15
74055,52,72,-20,20
74056,159,148,11,11
74057,118,116,2,2
74058,83,88,-5,5
74059,50,57,-7,7
74060,125,113,12,12
74061,41,91,-50,50
74062,62,75,-13,13
74063,85,77,8,8
74064,133,127,6,6
74065,129,116,13,13
74066,97,95,2,2
74067,102,102,0,0
74068,23,34,-11,11
74069,74,79,-5,5
74070,41,55,-14,14
74071,108,111,-3,3
74072,104,101,3,3
74073,108,92,16,16
74074,97,94,3,3
74075,74,78,-4,4
74076,94,93,1,1
74077,78,76,2,2
74078,117,115,2,2
74079,119,117,2,2
74080,60,57,3,3
74081,86,83,3,3
74082,84,86,-2,2
74083,72,74,-2,2
74084,93,98,-5,5
74085,72,74,-2,2
74086,156,129,27,27
74087,73,79,-6,6
74088,108,100,8,8
74089,126,133,-7,7
74090,93,93,0,0
74091,79,71,8,8
74092,181,150,31,31
74093,83,77,6,6
74094,119,114,5,5
74095,71,72,-1,1
74096,77,77,0,0
74097,104,116,-12,12
74098,72,79,-7,7
74099,68,72,-4,4
74100,98,97,1,1
74101,57,78,-21,21
74102,80,103,-23,23
74103,73,77,-4,4
74104,191,161,30,30
74105,100,93,7,7
74106,132,112,20,20
74107,40,43,-3,3
74108,54,59,-5,5
74109,154,145,9,9
74110,139,130,9,9
74111,107,102,5,5
74112,128,114,14,14
74113,133,120,13,13
74114,83,75,8,8
74115,63,87,-24,24
74116,81,81,0,0
74117,163,151,12,12
74118,109,106,3,3
74119,63,65,-2,2
74120,90,89,1,1
74121,81,94,-13,13
74122,66,68,-2,2
74123,120,121,-1,1
74124,89,85,4,4
74125,67,73,-6,6
74126,85,87,-2,2
74127,78,80,-2,2
74128,75,81,-6,6
74129,198,178,20,20
74130,92,91,1,1
74131,118,103,15,15
74132,57,65,-8,8
74133,155,144,11,11
74134,86,85,1,1
74135,67,67,0,0
74136,178,145,33,33
74137,68,72,-4,4
74138,85,85,0,0
74139,79,84,-5,5
74140,93,85,8,8
74141,50,61,-11,11
74142,58,62,-4,4
74143,104,102,2,2
74144,100,95,5,5
74145,201,177,24,24
74146,105,104,1,1
74147,105,106,-1,1
74148,90,92,-2,2
74149,68,76,-8,8
74150,74,79,-5,5
74151,60,63,-3,3
74152,59,73,-14,14
74153,97,102,-5,5
74154,87,83,4,4
74155,55,67,-12,12
74156,111,100,11,11
74157,119,104,15,15
74158,115,115,0,0
74159,59,57,2,2
74160,61,64,-3,3
74161,30,56,-26,26
74162,96,92,4,4
74163,131,107,24,24
74164,183,166,17,17
74165,161,161,0,0
74166,146,141,5,5
74167,200,175,25,25
74168,100,101,-1,1
74169,114,108,6,6
74170,108,103,5,5
74171,73,73,0,0
74172,75,72,3,3
74173,72,74,-2,2
74174,143,145,-2,2
74175,101,91,10,10
74176,66,72,-6,6
74177,164,145,19,19
74178,85,84,1,1
74179,88,87,1,1
74180,98,100,-2,2
74181,54,95,-41,41
74182,95,96,-1,1
74183,64,71,-7,7
74184,144,135,9,9
74185,105,102,3,3
74186,102,107,-5,5
74187,114,96,18,18
74188,54,62,-8,8
74189,112,100,12,12
74190,181,157,24,24
74191,110,101,9,9
74192,75,70,5,5
74193,51,65,-14,14
74194,98,94,4,4
74195,85,87,-2,2
74196,54,67,-13,13
74197,57,65,-8,8
74198,77,88,-11,11
74199,66,81,-15,15
74200,84,78,6,6
74201,102,103,-1,1
74202,124,123,1,1
74203,129,121,8,8
74204,195,178,17,17
74205,111,110,1,1
74206,109,114,-5,5
74207,68,69,-1,1
74208,57,60,-3,3
74209,76,87,-11,11
74210,99,95,4,4
74211,78,86,-8,8
74212,124,123,1,1
74213,83,78,5,5
74214,82,77,5,5
74215,73,71,2,2
74216,66,72,-6,6
74217,102,102,0,0
74218,107,111,-4,4
74219,101,97,4,4
74220,119,119,0,0
74221,120,126,-6,6
74222,69,74,-5,5
74223,80,97,-17,17
74224,113,108,5,5
74225,63,71,-8,8
74226,94,85,9,9
74227,146,142,4,4
74228,109,104,5,5
74229,117,104,13,13
74230,66,72,-6,6
74231,151,125,26,26
74232,60,61,-1,1
74233,146,154,-8,8
74234,135,127,8,8
74235,90,82,8,8
74236,48,59,-11,11
74237,71,71,0,0
74238,155,148,7,7
74239,86,76,10,10
74240,111,119,-8,8
74241,96,92,4,4
74242,137,147,-10,10
74243,81,86,-5,5
74244,60,67,-7,7
74245,83,93,-10,10
74246,106,102,4,4
74247,67,73,-6,6
74248,52,57,-5,5
74249,104,99,5,5
74250,73,82,-9,9
74251,87,95,-8,8
74252,148,146,2,2
74253,77,73,4,4
74254,92,90,2,2
74255,201,177,24,24
74256,50,58,-8,8
74257,149,142,7,7
74258,150,130,20,20
74259,89,96,-7,7
74260,131,119,12,12
74261,73,71,2,2
74262,83,88,-5,5
74263,155,147,8,8
74264,80,62,18,18
74265,128,123,5,5
74266,59,64,-5,5
74267,85,93,-8,8
74268,87,101,-14,14
74269,85,82,3,3
74270,72,72,0,0
74271,72,82,-10,10
74272,56,61,-5,5
74273,127,121,6,6
74274,73,71,2,2
74275,94,82,12,12
74276,72,71,1,1
74277,48,50,-2,2
74278,130,112,18,18
74279,103,92,11,11
74280,96,83,13,13
74281,140,138,2,2
74282,63,70,-7,7
74283,61,60,1,1
74284,78,76,2,2
74285,75,72,3,3
74286,81,87,-6,6
74287,79,84,-5,5
74288,94,96,-2,2
74289,117,114,3,3
74290,59,60,-1,1
74291,84,82,2,2
74292,149,139,10,10
74293,109,107,2,2
74294,46,60,-14,14
74295,131,114,17,17
74296,118,107,11,11
74297,83,92,-9,9
74298,68,86,-18,18
74299,70,86,-16,16
74300,49,57,-8,8
74301,73,73,0,0
74302,132,129,3,3
74303,93,85,8,8
74304,159,153,6,6
74305,107,108,-1,1
74306,185,161,24,24
74307,143,136,7,7
74308,60,70,-10,10
74309,78,73,5,5
74310,106,107,-1,1
74311,98,87,11,11
74312,101,87,14,14
74313,39,61,-22,22
74314,104,104,0,0
74315,51,66,-15,15
74316,88,82,6,6
74317,83,84,-1,1
74318,116,127,-11,11
74319,59,62,-3,3
74320,88,86,2,2
74321,206,166,40,40
74322,147,123,24,24
74323,40,55,-15,15
74324,45,53,-8,8
74325,89,90,-1,1
74326,146,134,12,12
74327,76,82,-6,6
74328,92,75,17,17
74329,35,50,-15,15
74330,77,93,-16,16
74331,104,108,-4,4
74332,97,89,8,8
74333,135,125,10,10
74334,63,65,-2,2
74335,54,60,-6,6
74336,117,117,0,0
74337,79,77,2,2
74338,64,71,-7,7
74339,63,67,-4,4
74340,63,67,-4,4
74341,80,81,-1,1
74342,136,128,8,8
74343,106,92,14,14
74344,76,76,0,0
74345,80,80,0,0
74346,126,118,8,8
74347,96,92,4,4
74348,56,58,-2,2
74349,124,122,2,2
74350,137,131,6,6
74351,63,70,-7,7
74352,59,68,-9,9
74353,102,97,5,5
74354,41,46,-5,5
74355,84,87,-3,3
74356,99,100,-1,1
74357,108,111,-3,3
74358,125,121,4,4
74359,115,109,6,6
74360,84,83,1,1
74361,100,103,-3,3
74362,128,126,2,2
74363,60,66,-6,6
74364,77,82,-5,5
74365,63,63,0,0
74366,90,99,-9,9
74367,64,76,-12,12
74368,61,58,3,3
74369,99,102,-3,3
74370,97,101,-4,4
74371,65,61,4,4
74372,99,100,-1,1
74373,181,161,20,20
74374,83,89,-6,6
74375,102,98,4,4
74376,136,140,-4,4
74377,56,58,-2,2
74378,132,123,9,9
74379,76,78,-2,2
74380,101,95,6,6
74381,110,93,17,17
74382,51,54,-3,3
74383,60,69,-9,9
74384,127,123,4,4
74385,81,105,-24,24
74386,59,64,-5,5
74387,82,81,1,1
74388,103,96,7,7
74389,99,95,4,4
74390,50,50,0,0
74391,85,96,-11,11
74392,67,64,3,3
74393,125,116,9,9
74394,93,89,4,4
74395,116,109,7,7
74396,68,77,-9,9
74397,77,78,-1,1
74398,95,95,0,0
74399,59,69,-10,10
74400,111,100,11,11
74401,79,83,-4,4
74402,84,88,-4,4
74403,89,97,-8,8
74404,164,150,14,14
74405,72,73,-1,1
74406,78,82,-4,4
74407,149,151,-2,2
74408,95,80,15,15
74409,85,72,13,13
74410,96,95,1,1
74411,72,68,4,4
74412,112,100,12,12
74413,77,75,2,2
74414,40,47,-7,7
74415,110,106,4,4
74416,59,73,-14,14
74417,107,103,4,4
74418,66,77,-11,11
74419,87,83,4,4
74420,72,74,-2,2
74421,85,93,-8,8
74422,49,55,-6,6
74423,72,78,-6,6
74424,156,157,-1,1
74425,75,61,14,14
74426,83,78,5,5
74427,107,102,5,5
74428,97,89,8,8
74429,108,100,8,8
74430,89,80,9,9
74431,103,112,-9,9
74432,133,122,11,11
74433,56,58,-2,2
74434,77,78,-1,1
74435,88,89,-1,1
74436,106,113,-7,7
74437,134,134,0,0
74438,81,87,-6,6
74439,126,119,7,7
74440,69,73,-4,4
74441,120,155,-35,35
74442,121,108,13,13
74443,62,65,-3,3
74444,85,82,3,3
74445,93,90,3,3
74446,111,105,6,6
74447,99,113,-14,14
74448,50,58,-8,8
74449,98,102,-4,4
74450,83,78,5,5
74451,94,99,-5,5
74452,144,139,5,5
74453,49,54,-5,5
74454,46,49,-3,3
74455,87,93,-6,6
74456,80,87,-7,7
74457,150,125,25,25
74458,67,75,-8,8
74459,39,43,-4,4
74460,82,77,5,5
74461,76,78,-2,2
74462,56,61,-5,5
74463,33,48,-15,15
74464,95,92,3,3
74465,67,61,6,6
74466,87,91,-4,4
74467,101,94,7,7
74468,62,66,-4,4
74469,62,74,-12,12
74470,93,85,8,8
74471,71,64,7,7
74472,79,81,-2,2
74473,86,81,5,5
74474,70,74,-4,4
74475,117,109,8,8
74476,51,65,-14,14
74477,168,154,14,14
74478,120,106,14,14
74479,99,93,6,6
74480,73,80,-7,7
74481,120,116,4,4
74482,136,123,13,13
74483,57,67,-10,10
74484,89,84,5,5
74485,89,95,-6,6
74486,81,87,-6,6
74487,72,65,7,7
74488,104,100,4,4
74489,141,127,14,14
74490,79,80,-1,1
74491,167,153,14,14
74492,86,84,2,2
74493,138,118,20,20
74494,66,70,-4,4
74495,59,62,-3,3
74496,110,119,-9,9
74497,82,77,5,5
74498,92,92,0,0
74499,62,64,-2,2
74500,82,73,9,9
74501,62,72,-10,10
74502,94,89,5,5
74503,135,151,-16,16
74504,227,219,8,8
74505,85,83,2,2
74506,74,86,-12,12
74507,106,137,-31,31
74508,52,58,-6,6
74509,96,104,-8,8
74510,97,97,0,0
74511,143,144,-1,1
74512,84,72,12,12
74513,77,71,6,6
74514,49,55,-6,6
74515,116,107,9,9
74516,67,92,-25,25
74517,74,83,-9,9
74518,83,83,0,0
74519,77,75,2,2
74520,113,106,7,7
74521,125,113,12,12
74522,59,64,-5,5
74523,62,69,-7,7
74524,148,144,4,4
74525,56,69,-13,13
74526,85,98,-13,13
74527,158,136,22,22
74528,79,86,-7,7
74529,87,81,6,6
74530,115,139,-24,24
74531,62,65,-3,3
74532,78,78,0,0
74533,107,97,10,10
74534,129,125,4,4
74535,109,101,8,8
74536,46,56,-10,10
74537,73,72,1,1
74538,47,51,-4,4
74539,57,63,-6,6
74540,136,135,1,1
74541,74,73,1,1
74542,73,73,0,0
74543,117,112,5,5
74544,64,65,-1,1
74545,65,75,-10,10
74546,61,66,-5,5
74547,40,55,-15,15
74548,84,81,3,3
74549,96,98,-2,2
74550,108,97,11,11
74551,148,143,5,5
74552,111,105,6,6
74553,131,130,1,1
74554,55,65,-10,10
74555,132,118,14,14
74556,156,122,34,34
74557,68,71,-3,3
74558,109,101,8,8
74559,65,66,-1,1
74560,78,72,6,6
74561,136,124,12,12
74562,190,180,10,10
74563,157,151,6,6
74564,110,107,3,3
74565,50,62,-12,12
74566,123,131,-8,8
74567,127,121,6,6
74568,88,90,-2,2
74569,116,111,5,5
74570,85,91,-6,6
74571,116,106,10,10
74572,181,164,17,17
74573,87,92,-5,5
74574,135,132,3,3
74575,64,78,-14,14
74576,92,92,0,0
74577,59,65,-6,6
74578,81,74,7,7
74579,71,71,0,0
74580,130,132,-2,2
74581,96,87,9,9
74582,86,80,6,6
74583,107,120,-13,13
74584,118,107,11,11
74585,93,93,0,0
74586,88,95,-7,7
74587,54,65,-11,11
74588,101,101,0,0
74589,58,65,-7,7
74590,109,99,10,10
74591,106,108,-2,2
74592,139,131,8,8
74593,50,58,-8,8
74594,168,159,9,9
74595,115,118,-3,3
74596,70,75,-5,5
74597,92,88,4,4
74598,133,122,11,11
74599,74,76,-2,2
74600,159,159,0,0
74601,120,119,1,1
74602,84,100,-16,16
74603,103,106,-3,3
74604,183,148,35,35
74605,139,128,11,11
74606,86,85,1,1
74607,82,85,-3,3
74608,61,74,-13,13
74609,123,98,25,25
74610,87,90,-3,3
74611,135,128,7,7
74612,99,92,7,7
74613,74,73,1,1
74614,74,80,-6,6
74615,139,140,-1,1
74616,85,83,2,2
74617,70,77,-7,7
74618,106,102,4,4
74619,123,118,5,5
74620,100,99,1,1
74621,61,65,-4,4
74622,92,90,2,2
74623,132,131,1,1
74624,59,67,-8,8
74625,226,195,31,31
74626,84,78,6,6
74627,165,160,5,5
74628,83,90,-7,7
74629,115,109,6,6
74630,159,145,14,14
74631,93,85,8,8
74632,126,128,-2,2
74633,51,56,-5,5
74634,118,111,7,7
74635,80,72,8,8
74636,161,140,21,21
74637,91,90,1,1
74638,83,83,0,0
74639,91,88,3,3
74640,234,204,30,30
74641,78,75,3,3
74642,101,95,6,6
74643,72,73,-1,1
74644,92,75,17,17
74645,44,63,-19,19
74646,76,79,-3,3
74647,106,102,4,4
74648,119,103,16,16
74649,111,94,17,17
74650,111,113,-2,2
74651,105,95,10,10
74652,62,69,-7,7
74653,113,114,-1,1
74654,94,97,-3,3
74655,155,139,16,16
74656,59,62,-3,3
74657,86,96,-10,10
74658,61,58,3,3
74659,198,168,30,30
74660,83,82,1,1
74661,50,64,-14,14
74662,126,117,9,9
74663,95,87,8,8
74664,95,87,8,8
74665,24,37,-13,13
74666,90,95,-5,5
74667,47,53,-6,6
74668,64,76,-12,12
74669,107,109,-2,2
74670,94,84,10,10
74671,77,78,-1,1
74672,111,120,-9,9
74673,107,105,2,2
74674,33,43,-10,10
74675,73,72,1,1
74676,63,69,-6,6
74677,90,94,-4,4
74678,89,164,-75,75
74679,79,76,3,3
74680,128,123,5,5
74681,91,90,1,1
74682,114,106,8,8
74683,103,96,7,7
74684,61,52,9,9
74685,122,126,-4,4
74686,114,108,6,6
74687,143,133,10,10
74688,75,77,-2,2
74689,66,66,0,0
74690,90,92,-2,2
74691,108,93,15,15
74692,74,78,-4,4
74693,137,134,3,3
74694,121,105,16,16
74695,85,101,-16,16
74696,47,57,-10,10
74697,51,65,-14,14
74698,79,75,4,4
74699,80,77,3,3
74700,111,106,5,5
74701,126,129,-3,3
74702,37,45,-8,8
74703,87,85,2,2
74704,102,99,3,3
74705,73,76,-3,3
74706,81,91,-10,10
74707,85,76,9,9
74708,127,118,9,9
74709,127,108,19,19
74710,93,103,-10,10
74711,122,119,3,3
74712,175,150,25,25
74713,96,95,1,1
74714,88,82,6,6
74715,162,139,23,23
74716,124,130,-6,6
74717,42,46,-4,4
74718,90,90,0,0
74719,91,91,0,0
74720,129,121,8,8
74721,53,61,-8,8
74722,75,77,-2,2
74723,88,86,2,2
74724,70,68,2,2
74725,185,169,16,16
74726,105,101,4,4
74727,128,116,12,12
74728,103,99,4,4
74729,100,103,-3,3
74730,71,74,-3,3
74731,157,135,22,22
74732,103,106,-3,3
74733,118,113,5,5
74734,140,159,-19,19
74735,102,103,-1,1
74736,71,70,1,1
74737,143,144,-1,1
74738,58,67,-9,9
74739,96,99,-3,3
74740,112,107,5,5
74741,85,85,0,0
74742,92,100,-8,8
74743,81,86,-5,5
74744,102,100,2,2
74745,43,65,-22,22
74746,87,84,3,3
74747,118,109,9,9
74748,85,78,7,7
74749,100,102,-2,2
74750,83,91,-8,8
74751,83,70,13,13
74752,89,86,3,3
74753,50,58,-8,8
74754,134,126,8,8
74755,65,61,4,4
74756,72,81,-9,9
74757,75,71,4,4
74758,78,80,-2,2
74759,81,87,-6,6
74760,105,111,-6,6
74761,67,67,0,0
74762,136,72,64,64
74763,86,99,-13,13
74764,139,128,11,11
74765,78,75,3,3
74766,38,31,7,7
74767,78,76,2,2
74768,59,60,-1,1
74769,91,86,5,5
74770,152,138,14,14
74771,148,151,-3,3
74772,108,104,4,4
74773,77,74,3,3
74774,83,77,6,6
74775,89,84,5,5
74776,104,93,11,11
74777,117,117,0,0
74778,151,143,8,8
74779,45,57,-12,12
74780,60,58,2,2
74781,125,122,3,3
74782,41,47,-6,6
74783,49,56,-7,7
74784,140,133,7,7
74785,90,94,-4,4
74786,93,94,-1,1
74787,100,87,13,13
74788,125,114,11,11
74789,114,113,1,1
74790,128,123,5,5
74791,60,66,-6,6
74792,191,168,23,23
74793,140,136,4,4
74794,82,99,-17,17
74795,76,73,3,3
74796,117,114,3,3
74797,83,88,-5,5
74798,82,80,2,2
74799,122,127,-5,5
74800,60,67,-7,7
74801,117,113,4,4
74802,96,85,11,11
74803,115,111,4,4
74804,134,126,8,8
74805,109,107,2,2
74806,91,81,10,10
74807,72,75,-3,3
74808,96,88,8,8
74809,80,84,-4,4
74810,71,75,-4,4
74811,95,85,10,10
74812,101,101,0,0
74813,67,69,-2,2
74814,87,94,-7,7
74815,89,90,-1,1
74816,62,68,-6,6
74817,126,147,-21,21
74818,78,87,-9,9
74819,100,104,-4,4
74820,96,93,3,3
74821,100,97,3,3
74822,59,65,-6,6
74823,93,90,3,3
74824,120,116,4,4
74825,70,76,-6,6
74826,46,52,-6,6
74827,153,144,9,9
74828,91,89,2,2
74829,94,95,-1,1
74830,74,89,-15,15
74831,87,77,10,10
74832,76,78,-2,2
74833,56,64,-8,8
74834,104,120,-16,16
74835,126,119,7,7
74836,115,110,5,5
74837,107,115,-8,8
74838,41,55,-14,14
74839,75,71,4,4
74840,76,83,-7,7
74841,75,79,-4,4
74842,50,58,-8,8
74843,118,115,3,3
74844,131,125,6,6
74845,92,132,-40,40
74846,113,104,9,9
74847,126,111,15,15
74848,65,75,-10,10
74849,128,119,9,9
74850,89,91,-2,2
74851,100,88,12,12
74852,85,82,3,3
74853,166,148,18,18
74854,100,109,-9,9
74855,119,116,3,3
74856,72,71,1,1
74857,78,81,-3,3
74858,70,67,3,3
74859,84,83,1,1
74860,56,56,0,0
74861,18,36,-18,18
74862,75,79,-4,4
74863,107,111,-4,4
74864,86,81,5,5
74865,128,125,3,3
74866,99,100,-1,1
74867,69,77,-8,8
74868,130,118,12,12
74869,127,123,4,4
74870,188,169,19,19
74871,99,100,-1,1
74872,83,81,2,2
74873,105,107,-2,2
74874,56,65,-9,9
74875,84,83,1,1
74876,43,57,-14,14
74877,104,112,-8,8
74878,93,94,-1,1
74879,111,117,-6,6
74880,106,116,-10,10
74881,77,75,2,2
74882,74,71,3,3
74883,138,134,4,4
74884,47,52,-5,5
74885,158,149,9,9
74886,111,108,3,3
74887,84,89,-5,5
74888,129,126,3,3
74889,76,81,-5,5
74890,84,84,0,0
74891,67,71,-4,4
74892,61,59,2,2
74893,107,97,10,10
74894,79,72,7,7
74895,112,115,-3,3
74896,53,60,-7,7
74897,84,83,1,1
74898,46,53,-7,7
74899,115,105,10,10
74900,48,49,-1,1
74901,51,57,-6,6
74902,73,86,-13,13
74903,81,98,-17,17
74904,53,59,-6,6
74905,144,133,11,11
74906,93,87,6,6
74907,63,77,-14,14
74908,47,50,-3,3
74909,117,101,16,16
74910,172,123,49,49
74911,57,66,-9,9
74912,143,138,5,5
74913,108,113,-5,5
74914,140,125,15,15
74915,70,74,-4,4
74916,96,96,0,0
74917,107,106,1,1
74918,116,107,9,9
74919,120,115,5,5
74920,60,57,3,3
74921,77,85,-8,8
74922,112,110,2,2
74923,97,105,-8,8
74924,183,178,5,5
74925,95,92,3,3
74926,92,90,2,2
74927,76,90,-14,14
74928,99,99,0,0
74929,85,80,5,5
74930,76,81,-5,5
74931,93,91,2,2
74932,50,60,-10,10
74933,55,62,-7,7
74934,88,88,0,0
74935,97,105,-8,8
74936,83,83,0,0
74937,54,55,-1,1
74938,86,80,6,6
74939,77,85,-8,8
74940,282,309,-27,27
74941,136,125,11,11
74942,91,84,7,7
74943,150,155,-5,5
74944,66,72,-6,6
74945,71,80,-9,9
74946,87,84,3,3
74947,87,91,-4,4
74948,119,118,1,1
74949,148,136,12,12
74950,117,109,8,8
74951,85,86,-1,1
74952,97,94,3,3
74953,49,59,-10,10
74954,103,107,-4,4
74955,38,44,-6,6
74956,86,96,-10,10
74957,49,52,-3,3
74958,103,97,6,6
74959,103,116,-13,13
74960,45,49,-4,4
74961,103,98,5,5
74962,83,79,4,4
74963,95,89,6,6
74964,60,73,-13,13
74965,102,104,-2,2
74966,138,145,-7,7
74967,83,81,2,2
74968,95,96,-1,1
74969,96,92,4,4
74970,150,148,2,2
74971,53,55,-2,2
74972,133,111,22,22
74973,45,54,-9,9
74974,50,54,-4,4
74975,35,87,-52,52
74976,103,91,12,12
74977,58,61,-3,3
74978,72,77,-5,5
74979,100,103,-3,3
74980,95,89,6,6
74981,109,100,9,9
74982,57,69,-12,12
74983,68,86,-18,18
74984,89,88,1,1
74985,129,119,10,10
74986,118,112,6,6
74987,114,109,5,5
74988,112,107,5,5
74989,103,97,6,6
74990,95,94,1,1
74991,130,138,-8,8
74992,95,84,11,11
74993,129,126,3,3
74994,84,82,2,2
74995,103,105,-2,2
74996,146,139,7,7
74997,84,93,-9,9
74998,143,132,11,11
74999,84,88,-4,4
75000,69,79,-10,10
75001,94,100,-6,6
75002,56,75,-19,19
75003,133,130,3,3
75004,49,65,-16,16
75005,58,57,1,1
75006,122,107,15,15
75007,117,112,5,5
75008,87,83,4,4
75009,113,109,4,4
75010,60,66,-6,6
75011,65,69,-4,4
75012,103,98,5,5
75013,152,137,15,15
75014,121,116,5,5
75015,119,111,8,8
75016,47,57,-10,10
75017,113,102,11,11
75018,101,100,1,1
75019,73,83,-10,10
75020,88,96,-8,8
75021,156,142,14,14
75022,99,93,6,6
75023,86,88,-2,2
75024,101,104,-3,3
75025,91,88,3,3
75026,59,64,-5,5
75027,72,76,-4,4
75028,111,97,14,14
75029,108,103,5,5
75030,78,80,-2,2
75031,63,73,-10,10
75032,97,99,-2,2
75033,76,78,-2,2
75034,94,105,-11,11
75035,83,83,0,0
75036,72,72,0,0
75037,113,99,14,14
75038,126,117,9,9
75039,86,97,-11,11
75040,67,64,3,3
75041,149,136,13,13
75042,89,83,6,6
75043,115,100,15,15
75044,111,98,13,13
75045,135,137,-2,2
75046,54,62,-8,8
75047,123,125,-2,2
75048,82,87,-5,5
75049,26,41,-15,15
75050,66,69,-3,3
75051,117,105,12,12
75052,135,144,-9,9
75053,70,69,1,1
75054,59,63,-4,4
75055,141,137,4,4
75056,64,63,1,1
75057,126,123,3,3
75058,97,94,3,3
75059,54,60,-6,6
75060,99,96,3,3
75061,138,121,17,17
75062,130,131,-1,1
75063,111,93,18,18
75064,81,82,-1,1
75065,97,91,6,6
75066,146,141,5,5
75067,92,86,6,6
75068,68,61,7,7
75069,70,76,-6,6
75070,79,73,6,6
75071,57,67,-10,10
75072,70,69,1,1
75073,52,62,-10,10
75074,82,92,-10,10
75075,72,76,-4,4
75076,86,82,4,4
75077,124,107,17,17
75078,71,72,-1,1
75079,75,64,11,11
75080,111,100,11,11
75081,85,77,8,8
75082,77,77,0,0
75083,116,113,3,3
75084,121,127,-6,6
75085,63,63,0,0
75086,65,65,0,0
75087,92,94,-2,2
75088,115,108,7,7
75089,62,63,-1,1
75090,90,86,4,4
75091,50,58,-8,8
75092,81,88,-7,7
75093,33,46,-13,13
75094,141,130,11,11
75095,51,58,-7,7
75096,32,47,-15,15
75097,89,102,-13,13
75098,117,114,3,3
75099,97,104,-7,7
75100,92,84,8,8
75101,71,72,-1,1
75102,76,79,-3,3
75103,42,53,-11,11
75104,84,93,-9,9
75105,87,95,-8,8
75106,153,141,12,12
75107,91,90,1,1
75108,59,86,-27,27
75109,69,71,-2,2
75110,109,99,10,10
75111,115,104,11,11
75112,169,162,7,7
75113,67,71,-4,4
75114,96,96,0,0
75115,94,92,2,2
75116,173,137,36,36
75117,96,91,5,5
75118,127,101,26,26
75119,58,62,-4,4
75120,69,68,1,1
75121,68,71,-3,3
75122,141,136,5,5
75123,110,126,-16,16
75124,46,91,-45,45
75125,56,114,-58,58
75126,99,108,-9,9
75127,117,114,3,3
75128,53,60,-7,7
75129,92,90,2,2
75130,100,107,-7,7
75131,100,91,9,9
75132,92,100,-8,8
75133,67,66,1,1
75134,148,131,17,17
75135,122,116,6,6
75136,162,152,10,10
75137,86,89,-3,3
75138,165,141,24,24
75139,106,95,11,11
75140,84,98,-14,14
75141,97,95,2,2
75142,61,64,-3,3
75143,187,174,13,13
75144,153,158,-5,5
75145,57,67,-10,10
75146,101,99,2,2
75147,154,123,31,31
75148,108,103,5,5
75149,55,56,-1,1
75150,113,99,14,14
75151,55,60,-5,5
75152,101,90,11,11
75153,91,96,-5,5
75154,89,90,-1,1
75155,96,88,8,8
75156,52,68,-16,16
75157,54,60,-6,6
75158,69,73,-4,4
75159,95,106,-11,11
75160,88,82,6,6
75161,126,121,5,5
75162,82,91,-9,9
75163,76,81,-5,5
75164,112,102,10,10
75165,117,108,9,9
75166,113,108,5,5
75167,97,91,6,6
75168,98,96,2,2
75169,83,81,2,2
75170,76,72,4,4
75171,80,77,3,3
75172,111,104,7,7
75173,135,121,14,14
75174,62,69,-7,7
75175,140,138,2,2
75176,68,72,-4,4
75177,141,143,-2,2
75178,53,65,-12,12
75179,140,137,3,3
75180,74,74,0,0
75181,70,73,-3,3
75182,78,88,-10,10
75183,103,96,7,7
75184,97,94,3,3
75185,75,77,-2,2
75186,143,140,3,3
75187,163,150,13,13
75188,71,72,-1,1
75189,58,61,-3,3
75190,69,73,-4,4
75191,72,74,-2,2
75192,158,154,4,4
75193,93,102,-9,9
75194,80,81,-1,1
75195,142,126,16,16
75196,46,67,-21,21
75197,76,72,4,4
75198,129,159,-30,30
75199,82,81,1,1
75200,146,131,15,15
75201,93,90,3,3
75202,113,104,9,9
75203,142,147,-5,5
75204,72,72,0,0
75205,74,75,-1,1
75206,88,102,-14,14
75207,105,112,-7,7
75208,110,116,-6,6
75209,83,82,1,1
75210,27,53,-26,26
75211,136,129,7,7
75212,81,81,0,0
75213,98,91,7,7
75214,120,117,3,3
75215,92,77,15,15
75216,145,145,0,0
75217,137,131,6,6
75218,103,106,-3,3
75219,121,132,-11,11
75220,54,71,-17,17
75221,112,106,6,6
75222,76,80,-4,4
75223,89,87,2,2
75224,160,124,36,36
75225,28,48,-20,20
75226,76,72,4,4
75227,165,155,10,10
75228,100,92,8,8
75229,152,134,18,18
75230,82,87,-5,5
75231,94,85,9,9
75232,60,66,-6,6
75233,125,119,6,6
75234,69,74,-5,5
75235,120,94,26,26
75236,91,88,3,3
75237,96,92,4,4
75238,45,52,-7,7
75239,56,65,-9,9
75240,76,75,1,1
75241,75,80,-5,5
75242,79,82,-3,3
75243,124,112,12,12
75244,106,97,9,9
75245,122,116,6,6
75246,51,63,-12,12
75247,69,71,-2,2
75248,85,90,-5,5
75249,115,144,-29,29
75250,115,105,10,10
75251,115,107,8,8
75252,60,72,-12,12
75253,76,77,-1,1
75254,32,44,-12,12
75255,79,81,-2,2
75256,44,50,-6,6
75257,58,65,-7,7
75258,130,128,2,2
75259,132,122,10,10
75260,79,80,-1,1
75261,92,93,-1,1
75262,144,144,0,0
75263,54,64,-10,10
75264,133,117,16,16
75265,64,76,-12,12
75266,92,91,1,1
75267,156,148,8,8
75268,58,59,-1,1
75269,82,74,8,8
75270,86,86,0,0
75271,173,160,13,13
75272,94,90,4,4
75273,60,68,-8,8
75274,108,102,6,6
75275,126,118,8,8
75276,56,61,-5,5
75277,98,100,-2,2
75278,92,81,11,11
75279,117,104,13,13
75280,52,54,-2,2
75281,94,90,4,4
75282,78,76,2,2
75283,76,100,-24,24
75284,67,68,-1,1
75285,124,124,0,0
75286,128,122,6,6
75287,73,69,4,4
75288,62,63,-1,1
75289,100,103,-3,3
75290,130,125,5,5
75291,61,66,-5,5
75292,262,212,50,50
75293,60,62,-2,2
75294,102,108,-6,6
75295,57,61,-4,4
75296,97,104,-7,7
75297,84,88,-4,4
75298,61,86,-25,25
75299,135,122,13,13
75300,104,87,17,17
75301,79,80,-1,1
75302,187,155,32,32
75303,62,63,-1,1
75304,94,91,3,3
75305,94,103,-9,9
75306,94,88,6,6
75307,126,113,13,13
75308,126,109,17,17
75309,108,100,8,8
75310,60,55,5,5
75311,93,103,-10,10
75312,53,57,-4,4
75313,61,66,-5,5
75314,79,80,-1,1
75315,74,73,1,1
75316,50,52,-2,2
75317,75,66,9,9
75318,40,54,-14,14
75319,47,53,-6,6
75320,78,82,-4,4
75321,51,60,-9,9
75322,97,97,0,0
75323,54,57,-3,3
75324,100,102,-2,2
75325,91,87,4,4
75326,48,58,-10,10
75327,46,52,-6,6
75328,153,144,9,9
75329,123,119,4,4
75330,52,63,-11,11
75331,92,84,8,8
75332,71,81,-10,10
75333,141,128,13,13
75334,46,47,-1,1
75335,72,77,-5,5
75336,84,82,2,2
75337,82,90,-8,8
75338,78,77,1,1
75339,77,72,5,5
75340,93,83,10,10
75341,47,56,-9,9
75342,67,70,-3,3
75343,67,69,-2,2
75344,113,102,11,11
75345,179,160,19,19
75346,95,96,-1,1
75347,164,156,8,8
75348,45,52,-7,7
75349,127,113,14,14
75350,118,119,-1,1
75351,96,91,5,5
75352,57,60,-3,3
75353,151,143,8,8
75354,69,85,-16,16
75355,79,82,-3,3
75356,86,85,1,1
75357,186,169,17,17
75358,147,131,16,16
75359,109,109,0,0
75360,97,89,8,8
75361,110,103,7,7
75362,69,68,1,1
75363,65,71,-6,6
75364,119,109,10,10
75365,58,69,-11,11
75366,77,76,1,1
75367,97,99,-2,2
75368,95,94,1,1
75369,123,122,1,1
75370,107,124,-17,17
75371,117,108,9,9
75372,72,84,-12,12
75373,119,107,12,12
75374,103,99,4,4
75375,129,126,3,3
75376,83,77,6,6
75377,248,224,24,24
75378,93,84,9,9
75379,129,128,1,1
75380,68,78,-10,10
75381,117,112,5,5
75382,87,89,-2,2
75383,118,112,6,6
75384,98,93,5,5
75385,103,106,-3,3
75386,69,73,-4,4
75387,110,101,9,9
75388,125,117,8,8
75389,113,110,3,3
75390,112,104,8,8
75391,81,76,5,5
75392,86,90,-4,4
75393,148,136,12,12
75394,102,96,6,6
75395,31,35,-4,4
75396,64,70,-6,6
75397,114,110,4,4
75398,87,90,-3,3
75399,127,121,6,6
75400,91,97,-6,6
75401,74,72,2,2
75402,175,155,20,20
75403,223,165,58,58
75404,87,79,8,8
75405,67,67,0,0
75406,59,60,-1,1
75407,104,90,14,14
75408,64,88,-24,24
75409,149,153,-4,4
75410,125,115,10,10
75411,45,51,-6,6
75412,93,96,-3,3
75413,86,88,-2,2
75414,80,76,4,4
75415,73,64,9,9
75416,92,85,7,7
75417,120,133,-13,13
75418,126,114,12,12
75419,73,75,-2,2
75420,54,62,-8,8
75421,65,70,-5,5
75422,100,98,2,2
75423,105,98,7,7
75424,85,81,4,4
75425,100,93,7,7
75426,81,87,-6,6
75427,67,71,-4,4
75428,174,161,13,13
75429,132,121,11,11
75430,127,100,27,27
75431,96,102,-6,6
75432,73,72,1,1
75433,86,83,3,3
75434,73,73,0,0
75435,124,120,4,4
75436,75,73,2,2
75437,49,64,-15,15
75438,99,125,-26,26
75439,55,60,-5,5
75440,141,105,36,36
75441,62,71,-9,9
75442,75,78,-3,3
75443,99,96,3,3
75444,97,92,5,5
75445,104,101,3,3
75446,96,88,8,8
75447,122,117,5,5
75448,101,93,8,8
75449,109,109,0,0
75450,111,107,4,4
75451,99,92,7,7
75452,77,86,-9,9
75453,118,119,-1,1
75454,89,77,12,12
75455,75,82,-7,7
75456,59,64,-5,5
75457,57,66,-9,9
75458,99,93,6,6
75459,88,78,10,10
75460,106,98,8,8
75461,101,104,-3,3
75462,131,121,10,10
75463,127,122,5,5
75464,65,64,1,1
75465,101,89,12,12
75466,140,128,12,12
75467,122,114,8,8
75468,80,82,-2,2
75469,128,129,-1,1
75470,85,86,-1,1
75471,111,112,-1,1
75472,78,90,-12,12
75473,93,91,2,2
75474,42,46,-4,4
75475,66,57,9,9
75476,95,99,-4,4
75477,90,75,15,15
75478,100,103,-3,3
75479,82,81,1,1
75480,67,78,-11,11
75481,105,98,7,7
75482,110,99,11,11
75483,56,63,-7,7
75484,37,45,-8,8
75485,65,72,-7,7
75486,72,74,-2,2
75487,106,106,0,0
75488,99,91,8,8
75489,104,100,4,4
75490,87,89,-2,2
75491,76,83,-7,7
75492,53,52,1,1
75493,57,66,-9,9
75494,69,66,3,3
75495,83,79,4,4
75496,56,64,-8,8
75497,78,79,-1,1
75498,95,102,-7,7
75499,78,79,-1,1
75500,74,75,-1,1
75501,82,102,-20,20
75502,95,91,4,4
75503,85,82,3,3
75504,63,72,-9,9
75505,124,119,5,5
75506,67,65,2,2
75507,112,109,3,3
75508,94,93,1,1
75509,69,70,-1,1
75510,121,126,-5,5
75511,82,87,-5,5
75512,111,106,5,5
75513,126,122,4,4
75514,74,70,4,4
75515,81,78,3,3
75516,100,101,-1,1
75517,148,133,15,15
75518,88,88,0,0
75519,70,71,-1,1
75520,150,130,20,20
75521,88,85,3,3
75522,28,35,-7,7
75523,93,91,2,2
75524,96,103,-7,7
75525,90,88,2,2
75526,150,156,-6,6
75527,75,80,-5,5
75528,93,101,-8,8
75529,150,141,9,9
75530,123,97,26,26
75531,133,131,2,2
75532,69,87,-18,18
75533,167,136,31,31
75534,46,45,1,1
75535,92,94,-2,2
75536,54,60,-6,6
75537,154,135,19,19
75538,45,53,-8,8
75539,137,133,4,4
75540,115,106,9,9
75541,99,90,9,9
75542,93,87,6,6
75543,83,79,4,4
75544,115,101,14,14
75545,23,59,-36,36
75546,92,95,-3,3
75547,85,90,-5,5
75548,80,76,4,4
75549,190,177,13,13
75550,95,90,5,5
75551,153,125,28,28
75552,83,88,-5,5
75553,51,59,-8,8
75554,85,85,0,0
75555,85,91,-6,6
75556,59,69,-10,10
75557,172,156,16,16
75558,53,60,-7,7
75559,128,111,17,17
75560,72,75,-3,3
75561,130,117,13,13
75562,54,64,-10,10
75563,145,115,30,30
75564,94,100,-6,6
75565,111,106,5,5
75566,35,56,-21,21
75567,74,79,-5,5
75568,85,90,-5,5
75569,129,120,9,9
75570,49,62,-13,13
75571,56,67,-11,11
75572,99,94,5,5
75573,79,96,-17,17
75574,129,119,10,10
75575,74,76,-2,2
75576,78,88,-10,10
75577,70,76,-6,6
75578,157,165,-8,8
75579,98,98,0,0
75580,66,73,-7,7
75581,75,79,-4,4
75582,76,74,2,2
75583,94,100,-6,6
75584,100,92,8,8
75585,50,55,-5,5
75586,98,99,-1,1
75587,96,98,-2,2
75588,134,130,4,4
75589,108,96,12,12
75590,212,191,21,21
75591,138,133,5,5
75592,88,83,5,5
75593,12,32,-20,20
75594,66,68,-2,2
75595,98,90,8,8
75596,110,102,8,8
75597,75,75,0,0
75598,146,145,1,1
75599,176,175,1,1
75600,91,84,7,7
75601,88,85,3,3
75602,51,57,-6,6
75603,190,166,24,24
75604,128,121,7,7
75605,74,75,-1,1
75606,83,88,-5,5
75607,64,66,-2,2
75608,127,125,2,2
75609,130,117,13,13
75610,95,87,8,8
75611,66,133,-67,67
75612,46,28,18,18
75613,79,81,-2,2
75614,110,101,9,9
75615,116,111,5,5
75616,68,74,-6,6
75617,70,86,-16,16
75618,59,75,-16,16
75619,107,93,14,14
75620,77,88,-11,11
75621,97,114,-17,17
75622,160,149,11,11
75623,130,141,-11,11
75624,60,64,-4,4
75625,104,99,5,5
75626,91,91,0,0
75627,89,97,-8,8
75628,49,59,-10,10
75629,155,148,7,7
75630,94,90,4,4
75631,146,141,5,5
75632,87,92,-5,5
75633,127,120,7,7
75634,79,86,-7,7
75635,93,94,-1,1
75636,121,124,-3,3
75637,74,71,3,3
75638,113,111,2,2
75639,163,144,19,19
75640,122,104,18,18
75641,118,120,-2,2
75642,56,62,-6,6
75643,129,112,17,17
75644,128,120,8,8
75645,159,142,17,17
75646,62,69,-7,7
75647,108,106,2,2
75648,72,71,1,1
75649,79,82,-3,3
75650,166,152,14,14
75651,62,73,-11,11
75652,144,146,-2,2
75653,129,118,11,11
75654,72,76,-4,4
75655,93,84,9,9
75656,86,95,-9,9
75657,126,117,9,9
75658,86,85,1,1
75659,87,88,-1,1
75660,183,169,14,14
75661,68,69,-1,1
75662,80,78,2,2
75663,63,73,-10,10
75664,61,69,-8,8
75665,103,101,2,2
75666,46,54,-8,8
75667,107,97,10,10
75668,127,122,5,5
75669,89,86,3,3
75670,104,102,2,2
75671,82,89,-7,7
75672,114,114,0,0
75673,82,80,2,2
75674,109,109,0,0
75675,105,101,4,4
75676,67,73,-6,6
75677,64,66,-2,2
75678,109,103,6,6
75679,50,56,-6,6
75680,49,56,-7,7
75681,89,92,-3,3
75682,163,153,10,10
75683,64,74,-10,10
75684,180,161,19,19
75685,73,117,-44,44
75686,155,142,13,13
75687,106,102,4,4
75688,102,95,7,7
75689,142,134,8,8
75690,62,66,-4,4
75691,93,94,-1,1
75692,125,103,22,22
75693,71,73,-2,2
75694,62,73,-11,11
75695,129,118,11,11
75696,109,117,-8,8
75697,174,159,15,15
75698,103,105,-2,2
75699,124,110,14,14
75700,74,81,-7,7
75701,96,92,4,4
75702,112,106,6,6
75703,78,81,-3,3
75704,59,64,-5,5
75705,54,62,-8,8
75706,86,81,5,5
75707,99,108,-9,9
75708,120,135,-15,15
75709,134,121,13,13
75710,141,126,15,15
75711,99,101,-2,2
75712,92,91,1,1
75713,121,119,2,2
75714,74,75,-1,1
75715,101,89,12,12
75716,14,92,-78,78
75717,80,79,1,1
75718,88,83,5,5
75719,60,69,-9,9
75720,112,109,3,3
75721,153,128,25,25
75722,108,103,5,5
75723,98,99,-1,1
75724,78,98,-20,20
75725,115,139,-24,24
75726,71,72,-1,1
75727,129,124,5,5
75728,56,63,-7,7
75729,68,69,-1,1
75730,80,80,0,0
75731,110,119,-9,9
75732,86,94,-8,8
75733,139,131,8,8
75734,125,116,9,9
75735,73,76,-3,3
75736,122,113,9,9
75737,99,100,-1,1
75738,78,76,2,2
75739,150,131,19,19
75740,112,93,19,19
75741,95,96,-1,1
75742,85,82,3,3
75743,67,72,-5,5
75744,91,85,6,6
75745,110,100,10,10
75746,88,75,13,13
75747,115,124,-9,9
75748,78,79,-1,1
75749,89,98,-9,9
75750,71,72,-1,1
75751,65,65,0,0
75752,67,81,-14,14
75753,144,129,15,15
75754,98,98,0,0
75755,78,76,2,2
75756,130,131,-1,1
75757,75,79,-4,4
75758,83,80,3,3
75759,72,71,1,1
75760,106,100,6,6
75761,44,49,-5,5
75762,108,104,4,4
75763,80,72,8,8
75764,98,102,-4,4
75765,97,95,2,2
75766,124,131,-7,7
75767,96,87,9,9
75768,71,74,-3,3
75769,118,118,0,0
75770,115,107,8,8
75771,88,89,-1,1
75772,104,100,4,4
75773,75,71,4,4
75774,115,106,9,9
75775,94,84,10,10
75776,97,99,-2,2
75777,71,74,-3,3
75778,73,85,-12,12
75779,64,71,-7,7
75780,61,68,-7,7
75781,46,50,-4,4
75782,81,81,0,0
75783,56,64,-8,8
75784,99,98,1,1
75785,131,141,-10,10
75786,75,88,-13,13
75787,74,71,3,3
75788,111,106,5,5
75789,136,127,9,9
75790,81,78,3,3
75791,50,58,-8,8
75792,95,91,4,4
75793,108,119,-11,11
75794,62,103,-41,41
75795,78,80,-2,2
75796,92,86,6,6
75797,42,51,-9,9
75798,102,108,-6,6
75799,104,105,-1,1
75800,55,71,-16,16
75801,69,76,-7,7
75802,90,92,-2,2
75803,63,66,-3,3
75804,101,102,-1,1
75805,43,49,-6,6
75806,69,77,-8,8
75807,109,104,5,5
75808,142,143,-1,1
75809,140,128,12,12
75810,67,72,-5,5
75811,62,67,-5,5
75812,114,102,12,12
75813,107,100,7,7
75814,85,97,-12,12
75815,167,158,9,9
75816,163,158,5,5
75817,85,86,-1,1
75818,73,81,-8,8
75819,109,103,6,6
75820,61,68,-7,7
75821,77,82,-5,5
75822,207,169,38,38
75823,99,97,2,2
75824,182,160,22,22
75825,99,97,2,2
75826,83,85,-2,2
75827,75,79,-4,4
75828,139,134,5,5
75829,47,49,-2,2
75830,65,82,-17,17
75831,143,115,28,28
75832,73,78,-5,5
75833,79,82,-3,3
75834,85,79,6,6
75835,88,91,-3,3
75836,141,129,12,12
75837,71,94,-23,23
75838,96,90,6,6
75839,153,141,12,12
75840,133,117,16,16
75841,80,86,-6,6
75842,171,166,5,5
75843,125,128,-3,3
75844,91,87,4,4
75845,61,68,-7,7
75846,131,116,15,15
75847,136,112,24,24
75848,58,61,-3,3
75849,93,89,4,4
75850,88,87,1,1
75851,68,72,-4,4
75852,129,124,5,5
75853,127,110,17,17
75854,98,138,-40,40
75855,87,87,0,0
75856,84,84,0,0
75857,51,85,-34,34
75858,72,73,-1,1
75859,144,139,5,5
75860,96,96,0,0
75861,61,61,0,0
75862,86,84,2,2
75863,78,75,3,3
75864,51,64,-13,13
75865,151,142,9,9
75866,109,101,8,8
75867,108,113,-5,5
75868,80,76,4,4
75869,67,63,4,4
75870,125,135,-10,10
75871,75,73,2,2
75872,176,165,11,11
75873,105,106,-1,1
75874,82,89,-7,7
75875,146,141,5,5
75876,49,89,-40,40
75877,68,84,-16,16
75878,119,118,1,1
75879,40,45,-5,5
75880,118,114,4,4
75881,65,67,-2,2
75882,92,99,-7,7
75883,69,68,1,1
75884,110,104,6,6
75885,94,92,2,2
75886,152,168,-16,16
75887,118,116,2,2
75888,72,74,-2,2
75889,141,128,13,13
75890,43,52,-9,9
75891,122,111,11,11
75892,73,74,-1,1
75893,92,87,5,5
75894,101,108,-7,7
75895,66,69,-3,3
75896,70,68,2,2
75897,43,52,-9,9
75898,84,78,6,6
75899,83,97,-14,14
75900,71,70,1,1
75901,97,88,9,9
75902,116,109,7,7
75903,107,111,-4,4
75904,152,141,11,11
75905,130,143,-13,13
75906,49,54,-5,5
75907,111,104,7,7
75908,124,104,20,20
75909,75,74,1,1
75910,112,126,-14,14
75911,111,111,0,0
75912,97,95,2,2
75913,47,47,0,0
75914,114,98,16,16
75915,107,112,-5,5
75916,93,93,0,0
75917,107,103,4,4
75918,114,110,4,4
75919,124,127,-3,3
75920,133,116,17,17
75921,64,65,-1,1
75922,80,82,-2,2
75923,155,137,18,18
75924,98,106,-8,8
75925,82,71,11,11
75926,50,59,-9,9
75927,64,64,0,0
75928,97,101,-4,4
75929,123,108,15,15
75930,46,59,-13,13
75931,78,73,5,5
75932,122,116,6,6
75933,181,155,26,26
75934,64,72,-8,8
75935,56,63,-7,7
75936,72,83,-11,11
75937,141,129,12,12
75938,126,117,9,9
75939,71,65,6,6
75940,81,72,9,9
75941,137,122,15,15
75942,91,92,-1,1
75943,117,107,10,10
75944,160,151,9,9
75945,101,89,12,12
75946,55,68,-13,13
75947,104,104,0,0
75948,72,74,-2,2
75949,165,155,10,10
75950,74,71,3,3
75951,72,75,-3,3
75952,138,112,26,26
75953,87,92,-5,5
75954,66,67,-1,1
75955,78,82,-4,4
75956,80,76,4,4
75957,111,110,1,1
75958,132,125,7,7
75959,70,72,-2,2
75960,96,93,3,3
75961,127,125,2,2
75962,121,117,4,4
75963,57,59,-2,2
75964,203,181,22,22
75965,94,91,3,3
75966,81,93,-12,12
75967,52,57,-5,5
75968,150,134,16,16
75969,83,107,-24,24
75970,99,86,13,13
75971,64,67,-3,3
75972,79,80,-1,1
75973,81,86,-5,5
75974,47,56,-9,9
75975,54,62,-8,8
75976,152,138,14,14
75977,44,55,-11,11
75978,87,88,-1,1
75979,161,152,9,9
75980,83,83,0,0
75981,75,78,-3,3
75982,111,115,-4,4
75983,60,61,-1,1
75984,98,90,8,8
75985,74,81,-7,7
75986,81,77,4,4
75987,113,111,2,2
75988,110,100,10,10
75989,84,85,-1,1
75990,57,60,-3,3
75991,70,73,-3,3
75992,175,154,21,21
75993,95,96,-1,1
75994,94,92,2,2
75995,107,102,5,5
75996,75,79,-4,4
75997,85,91,-6,6
75998,162,138,24,24
75999,93,92,1,1
76000,73,78,-5,5
76001,86,87,-1,1
76002,179,163,16,16
76003,202,182,20,20
76004,98,100,-2,2
76005,85,90,-5,5
76006,37,52,-15,15
76007,121,110,11,11
76008,128,115,13,13
76009,87,94,-7,7
76010,141,141,0,0
76011,70,65,5,5
76012,151,154,-3,3
76013,116,114,2,2
76014,81,77,4,4
76015,81,75,6,6
76016,89,90,-1,1
76017,124,101,23,23
76018,94,95,-1,1
76019,56,68,-12,12
76020,151,147,4,4
76021,157,147,10,10
76022,70,76,-6,6
76023,154,145,9,9
76024,130,122,8,8
76025,121,111,10,10
76026,119,121,-2,2
76027,94,96,-2,2
76028,62,73,-11,11
76029,99,90,9,9
76030,82,77,5,5
76031,145,143,2,2
76032,107,116,-9,9
76033,107,107,0,0
76034,128,114,14,14
76035,52,58,-6,6
76036,103,100,3,3
76037,70,73,-3,3
76038,161,156,5,5
76039,74,77,-3,3
76040,70,68,2,2
76041,114,101,13,13
76042,150,145,5,5
76043,105,113,-8,8
76044,119,124,-5,5
76045,71,78,-7,7
76046,102,92,10,10
76047,43,58,-15,15
76048,84,85,-1,1
76049,70,77,-7,7
76050,82,82,0,0
76051,74,69,5,5
76052,98,95,3,3
76053,55,62,-7,7
76054,110,109,1,1
76055,145,149,-4,4
76056,80,79,1,1
76057,137,127,10,10
76058,77,90,-13,13
76059,80,75,5,5
76060,73,69,4,4
76061,83,78,5,5
76062,100,89,11,11
76063,85,83,2,2
76064,101,101,0,0
76065,79,81,-2,2
76066,89,96,-7,7
76067,60,68,-8,8
76068,112,94,18,18
76069,173,159,14,14
76070,60,63,-3,3
76071,41,45,-4,4
76072,57,68,-11,11
76073,88,92,-4,4
76074,101,93,8,8
76075,82,73,9,9
76076,100,97,3,3
76077,85,87,-2,2
76078,117,101,16,16
76079,83,86,-3,3
76080,162,142,20,20
76081,59,63,-4,4
76082,127,116,11,11
76083,170,149,21,21
76084,114,107,7,7
76085,111,107,4,4
76086,44,51,-7,7
76087,91,95,-4,4
76088,76,84,-8,8
76089,64,73,-9,9
76090,67,67,0,0
76091,135,124,11,11
76092,75,77,-2,2
76093,110,103,7,7
76094,84,79,5,5
76095,77,75,2,2
76096,97,97,0,0
76097,85,92,-7,7
76098,61,62,-1,1
76099,86,87,-1,1
76100,75,75,0,0
76101,83,105,-22,22
76102,168,157,11,11
76103,97,98,-1,1
76104,64,70,-6,6
76105,126,110,16,16
76106,85,89,-4,4
76107,111,110,1,1
76108,87,83,4,4
76109,101,111,-10,10
76110,162,110,52,52
76111,143,141,2,2
76112,123,112,11,11
76113,82,78,4,4
76114,101,97,4,4
76115,92,101,-9,9
76116,87,98,-11,11
76117,93,85,8,8
76118,100,106,-6,6
76119,92,85,7,7
76120,85,78,7,7
76121,49,52,-3,3
76122,79,90,-11,11
76123,58,60,-2,2
76124,85,91,-6,6
76125,61,64,-3,3
76126,140,133,7,7
76127,127,128,-1,1
76128,152,143,9,9
76129,67,66,1,1
76130,64,66,-2,2
76131,136,129,7,7
76132,74,74,0,0
76133,100,91,9,9
76134,158,136,22,22
76135,80,85,-5,5
76136,88,86,2,2
76137,110,114,-4,4
76138,74,68,6,6
76139,116,116,0,0
76140,82,79,3,3
76141,117,108,9,9
76142,81,80,1,1
76143,74,76,-2,2
76144,104,100,4,4
76145,147,128,19,19
76146,82,79,3,3
76147,50,54,-4,4
76148,180,162,18,18
76149,182,174,8,8
76150,63,76,-13,13
76151,190,160,30,30
76152,122,136,-14,14
76153,99,93,6,6
76154,66,72,-6,6
76155,53,72,-19,19
76156,63,68,-5,5
76157,125,129,-4,4
76158,112,101,11,11
76159,85,87,-2,2
76160,56,64,-8,8
76161,85,82,3,3
76162,70,79,-9,9
76163,83,88,-5,5
76164,135,129,6,6
76165,57,60,-3,3
76166,84,83,1,1
76167,90,101,-11,11
76168,59,72,-13,13
76169,77,75,2,2
76170,64,64,0,0
76171,99,100,-1,1
76172,109,101,8,8
76173,97,99,-2,2
76174,92,88,4,4
76175,87,92,-5,5
76176,42,48,-6,6
76177,74,84,-10,10
76178,162,171,-9,9
76179,125,111,14,14
76180,178,169,9,9
76181,98,106,-8,8
76182,89,95,-6,6
76183,72,68,4,4
76184,78,78,0,0
76185,53,63,-10,10
76186,85,79,6,6
76187,122,114,8,8
76188,101,104,-3,3
76189,81,80,1,1
76190,128,92,36,36
76191,98,98,0,0
76192,154,156,-2,2
76193,122,122,0,0
76194,63,64,-1,1
76195,83,88,-5,5
76196,98,96,2,2
76197,70,74,-4,4
76198,89,103,-14,14
76199,111,118,-7,7
76200,44,60,-16,16
76201,48,60,-12,12
76202,104,100,4,4
76203,106,103,3,3
76204,148,126,22,22
76205,128,127,1,1
76206,118,111,7,7
76207,105,92,13,13
76208,141,143,-2,2
76209,115,102,13,13
76210,161,152,9,9
76211,71,92,-21,21
76212,149,135,14,14
76213,77,79,-2,2
76214,117,106,11,11
76215,119,114,5,5
76216,116,102,14,14
76217,88,85,3,3
76218,107,108,-1,1
76219,72,82,-10,10
76220,137,148,-11,11
76221,122,121,1,1
76222,126,120,6,6
76223,50,62,-12,12
76224,119,103,16,16
76225,79,75,4,4
76226,124,123,1,1
76227,128,125,3,3
76228,132,113,19,19
76229,90,86,4,4
76230,95,96,-1,1
76231,97,90,7,7
76232,63,69,-6,6
76233,109,100,9,9
76234,133,140,-7,7
76235,104,101,3,3
76236,35,79,-44,44
76237,72,75,-3,3
76238,65,73,-8,8
76239,120,105,15,15
76240,135,153,-18,18
76241,130,115,15,15
76242,137,135,2,2
76243,81,79,2,2
76244,83,86,-3,3
76245,51,60,-9,9
76246,77,82,-5,5
76247,116,105,11,11
76248,72,80,-8,8
76249,97,101,-4,4
76250,78,74,4,4
76251,63,66,-3,3
76252,130,130,0,0
76253,158,149,9,9
76254,75,84,-9,9
76255,76,76,0,0
76256,101,99,2,2
76257,44,57,-13,13
76258,74,74,0,0
76259,98,90,8,8
76260,134,141,-7,7
76261,104,99,5,5
76262,88,88,0,0
76263,179,154,25,25
76264,46,57,-11,11
76265,141,138,3,3
76266,91,83,8,8
76267,72,76,-4,4
76268,82,80,2,2
76269,73,73,0,0
76270,139,127,12,12
76271,124,117,7,7
76272,100,94,6,6
76273,98,93,5,5
76274,80,83,-3,3
76275,97,111,-14,14
76276,62,70,-8,8
76277,136,130,6,6
76278,93,88,5,5
76279,104,102,2,2
76280,158,148,10,10
76281,105,99,6,6
76282,82,70,12,12
76283,150,145,5,5
76284,161,145,16,16
76285,68,68,0,0
76286,97,100,-3,3
76287,106,100,6,6
76288,75,74,1,1
76289,95,95,0,0
76290,84,83,1,1
76291,144,127,17,17
76292,115,112,3,3
76293,45,58,-13,13
76294,99,95,4,4
76295,91,88,3,3
76296,75,71,4,4
76297,134,115,19,19
76298,69,69,0,0
76299,74,73,1,1
76300,53,60,-7,7
76301,74,81,-7,7
76302,95,94,1,1
76303,54,64,-10,10
76304,96,92,4,4
76305,93,90,3,3
76306,108,105,3,3
76307,104,117,-13,13
76308,80,79,1,1
76309,87,80,7,7
76310,98,102,-4,4
76311,60,66,-6,6
76312,65,70,-5,5
76313,75,84,-9,9
76314,80,89,-9,9
76315,81,90,-9,9
76316,123,112,11,11
76317,89,96,-7,7
76318,142,134,8,8
76319,64,63,1,1
76320,100,101,-1,1
76321,45,59,-14,14
76322,118,107,11,11
76323,73,78,-5,5
76324,74,77,-3,3
76325,102,104,-2,2
76326,66,78,-12,12
76327,120,122,-2,2
76328,57,61,-4,4
76329,149,133,16,16
76330,131,129,2,2
76331,81,77,4,4
76332,61,65,-4,4
76333,89,91,-2,2
76334,66,66,0,0
76335,64,68,-4,4
76336,76,82,-6,6
76337,124,113,11,11
76338,48,62,-14,14
76339,68,70,-2,2
76340,100,101,-1,1
76341,96,95,1,1
76342,50,53,-3,3
76343,85,89,-4,4
76344,85,86,-1,1
76345,61,68,-7,7
76346,91,80,11,11
76347,72,72,0,0
76348,129,112,17,17
76349,104,95,9,9
76350,54,67,-13,13
76351,53,59,-6,6
76352,105,110,-5,5
76353,91,103,-12,12
76354,66,78,-12,12
76355,59,63,-4,4
76356,118,112,6,6
76357,109,113,-4,4
76358,63,68,-5,5
76359,63,61,2,2
76360,68,68,0,0
76361,166,170,-4,4
76362,84,79,5,5
76363,66,65,1,1
76364,100,107,-7,7
76365,104,98,6,6
76366,65,67,-2,2
76367,57,63,-6,6
76368,99,95,4,4
76369,96,111,-15,15
76370,71,71,0,0
76371,57,66,-9,9
76372,105,108,-3,3
76373,88,82,6,6
76374,54,61,-7,7
76375,181,157,24,24
76376,100,97,3,3
76377,103,99,4,4
76378,138,122,16,16
76379,65,72,-7,7
76380,71,76,-5,5
76381,70,71,-1,1
76382,72,72,0,0
76383,66,65,1,1
76384,79,79,0,0
76385,169,158,11,11
76386,129,119,10,10
76387,129,104,25,25
76388,63,65,-2,2
76389,92,88,4,4
76390,109,107,2,2
76391,58,65,-7,7
76392,108,97,11,11
76393,107,97,10,10
76394,162,147,15,15
76395,57,62,-5,5
76396,109,114,-5,5
76397,86,86,0,0
76398,91,86,5,5
76399,89,82,7,7
76400,93,95,-2,2
76401,70,70,0,0
76402,73,76,-3,3
76403,71,72,-1,1
76404,59,57,2,2
76405,166,160,6,6
76406,71,67,4,4
76407,71,65,6,6
76408,132,113,19,19
76409,103,108,-5,5
76410,114,102,12,12
76411,103,108,-5,5
76412,98,94,4,4
76413,92,84,8,8
76414,102,107,-5,5
76415,113,113,0,0
76416,130,149,-19,19
76417,56,67,-11,11
76418,127,116,11,11
76419,53,69,-16,16
76420,129,121,8,8
76421,93,91,2,2
76422,133,119,14,14
76423,93,89,4,4
76424,92,92,0,0
76425,45,58,-13,13
76426,96,85,11,11
76427,104,120,-16,16
76428,65,66,-1,1
76429,114,105,9,9
76430,52,57,-5,5
76431,80,84,-4,4
76432,135,129,6,6
76433,78,97,-19,19
76434,69,70,-1,1
76435,61,60,1,1
76436,75,72,3,3
76437,131,128,3,3
76438,108,113,-5,5
76439,96,95,1,1
76440,178,156,22,22
76441,171,166,5,5
76442,81,77,4,4
76443,91,84,7,7
76444,69,76,-7,7
76445,146,133,13,13
76446,111,97,14,14
76447,65,68,-3,3
76448,86,84,2,2
76449,79,94,-15,15
76450,108,96,12,12
76451,94,91,3,3
76452,107,105,2,2
76453,100,94,6,6
76454,121,106,15,15
76455,144,150,-6,6
76456,66,70,-4,4
76457,40,48,-8,8
76458,99,100,-1,1
76459,32,48,-16,16
76460,69,69,0,0
76461,145,139,6,6
76462,76,81,-5,5
76463,85,83,2,2
76464,53,59,-6,6
76465,27,34,-7,7
76466,55,71,-16,16
76467,41,44,-3,3
76468,57,66,-9,9
76469,83,74,9,9
76470,77,75,2,2
76471,85,94,-9,9
76472,118,104,14,14
76473,55,62,-7,7
76474,62,64,-2,2
76475,111,105,6,6
76476,108,103,5,5
76477,89,93,-4,4
76478,97,88,9,9
76479,94,98,-4,4
76480,61,66,-5,5
76481,82,91,-9,9
76482,83,87,-4,4
76483,140,121,19,19
76484,152,127,25,25
76485,86,82,4,4
76486,33,46,-13,13
76487,88,85,3,3
76488,71,70,1,1
76489,97,110,-13,13
76490,81,85,-4,4
76491,129,121,8,8
76492,55,63,-8,8
76493,122,123,-1,1
76494,103,111,-8,8
76495,98,93,5,5
76496,89,84,5,5
76497,87,83,4,4
76498,79,84,-5,5
76499,98,105,-7,7
76500,49,60,-11,11
76501,82,83,-1,1
76502,120,116,4,4
76503,108,105,3,3
76504,169,152,17,17
76505,161,150,11,11
76506,134,133,1,1
76507,96,99,-3,3
76508,56,61,-5,5
76509,101,103,-2,2
76510,86,93,-7,7
76511,82,90,-8,8
76512,85,90,-5,5
76513,79,76,3,3
76514,78,83,-5,5
76515,105,93,12,12
76516,142,132,10,10
76517,65,78,-13,13
76518,57,66,-9,9
76519,81,81,0,0
76520,139,108,31,31
76521,84,80,4,4
76522,81,80,1,1
76523,154,132,22,22
76524,147,134,13,13
76525,153,141,12,12
76526,73,78,-5,5
76527,141,125,16,16
76528,43,54,-11,11
76529,101,97,4,4
76530,42,55,-13,13
76531,78,79,-1,1
76532,97,105,-8,8
76533,65,72,-7,7
76534,58,64,-6,6
76535,79,89,-10,10
76536,95,93,2,2
76537,105,116,-11,11
76538,37,50,-13,13
76539,82,87,-5,5
76540,130,122,8,8
76541,99,104,-5,5
76542,125,101,24,24
76543,51,66,-15,15
76544,87,86,1,1
76545,147,146,1,1
76546,61,61,0,0
76547,122,119,3,3
76548,70,78,-8,8
76549,81,75,6,6
76550,93,90,3,3
76551,136,133,3,3
76552,61,68,-7,7
76553,75,84,-9,9
76554,118,102,16,16
76555,110,110,0,0
76556,153,156,-3,3
76557,57,61,-4,4
76558,128,113,15,15
76559,118,106,12,12
76560,81,89,-8,8
76561,82,80,2,2
76562,126,121,5,5
76563,110,101,9,9
76564,91,94,-3,3
76565,106,86,20,20
76566,92,86,6,6
76567,74,80,-6,6
76568,119,112,7,7
76569,47,55,-8,8
76570,81,90,-9,9
76571,101,95,6,6
76572,91,90,1,1
76573,68,72,-4,4
76574,119,112,7,7
76575,90,86,4,4
76576,104,105,-1,1
76577,80,87,-7,7
76578,84,90,-6,6
76579,132,116,16,16
76580,32,72,-40,40
76581,139,127,12,12
76582,85,80,5,5
76583,83,84,-1,1
76584,55,61,-6,6
76585,98,105,-7,7
76586,177,165,12,12
76587,81,84,-3,3
76588,90,97,-7,7
76589,133,117,16,16
76590,85,72,13,13
76591,58,59,-1,1
76592,133,124,9,9
76593,81,79,2,2
76594,149,133,16,16
76595,107,104,3,3
76596,113,94,19,19
76597,108,96,12,12
76598,93,90,3,3
76599,100,89,11,11
76600,66,72,-6,6
76601,109,100,9,9
76602,77,87,-10,10
76603,208,169,39,39
76604,79,88,-9,9
76605,74,69,5,5
76606,74,75,-1,1
76607,131,120,11,11
76608,127,111,16,16
76609,77,76,1,1
76610,100,81,19,19
76611,82,108,-26,26
76612,100,102,-2,2
76613,65,73,-8,8
76614,97,99,-2,2
76615,146,127,19,19
76616,99,85,14,14
76617,117,105,12,12
76618,71,75,-4,4
76619,60,61,-1,1
76620,75,77,-2,2
76621,46,52,-6,6
76622,121,104,17,17
76623,55,60,-5,5
76624,119,118,1,1
76625,178,164,14,14
76626,131,123,8,8
76627,123,117,6,6
76628,99,99,0,0
76629,164,157,7,7
76630,69,73,-4,4
76631,55,61,-6,6
76632,148,147,1,1
76633,67,68,-1,1
76634,138,132,6,6
76635,115,106,9,9
76636,134,123,11,11
76637,91,97,-6,6
76638,94,92,2,2
76639,114,108,6,6
76640,92,91,1,1
76641,98,98,0,0
76642,41,44,-3,3
76643,49,59,-10,10
76644,59,72,-13,13
76645,90,88,2,2
76646,165,149,16,16
76647,53,61,-8,8
76648,67,70,-3,3
76649,77,75,2,2
76650,87,82,5,5
76651,65,66,-1,1
76652,133,125,8,8
76653,98,94,4,4
76654,103,101,2,2
76655,85,82,3,3
76656,153,141,12,12
76657,85,76,9,9
76658,126,129,-3,3
76659,102,111,-9,9
76660,115,108,7,7
76661,78,83,-5,5
76662,152,152,0,0
76663,72,75,-3,3
76664,65,67,-2,2
76665,71,72,-1,1
76666,134,135,-1,1
76667,104,103,1,1
76668,54,66,-12,12
76669,133,119,14,14
76670,99,87,12,12
76671,69,73,-4,4
76672,169,159,10,10
76673,94,97,-3,3
76674,106,109,-3,3
76675,86,89,-3,3
76676,107,101,6,6
76677,52,61,-9,9
76678,71,77,-6,6
76679,87,81,6,6
76680,155,156,-1,1
76681,58,66,-8,8
76682,144,129,15,15
76683,111,102,9,9
76684,90,89,1,1
76685,74,66,8,8
76686,100,92,8,8
76687,112,107,5,5
76688,117,114,3,3
76689,48,90,-42,42
76690,107,93,14,14
76691,144,135,9,9
76692,86,78,8,8
76693,101,94,7,7
76694,94,93,1,1
76695,129,112,17,17
76696,132,129,3,3
76697,61,67,-6,6
76698,103,106,-3,3
76699,104,97,7,7
76700,135,112,23,23
76701,76,80,-4,4
76702,112,116,-4,4
76703,114,96,18,18
76704,69,65,4,4
76705,92,83,9,9
76706,80,83,-3,3
76707,139,123,16,16
76708,76,74,2,2
76709,71,70,1,1
76710,100,100,0,0
76711,106,98,8,8
76712,145,139,6,6
76713,76,85,-9,9
76714,92,101,-9,9
76715,49,51,-2,2
76716,110,102,8,8
76717,92,94,-2,2
76718,173,142,31,31
76719,98,97,1,1
76720,175,147,28,28
76721,75,85,-10,10
76722,103,89,14,14
76723,111,120,-9,9
76724,215,196,19,19
76725,131,120,11,11
76726,67,75,-8,8
76727,127,133,-6,6
76728,72,76,-4,4
76729,43,71,-28,28
76730,65,68,-3,3
76731,69,70,-1,1
76732,149,149,0,0
76733,75,71,4,4
76734,81,83,-2,2
76735,76,68,8,8
76736,53,67,-14,14
76737,79,89,-10,10
76738,152,136,16,16
76739,97,98,-1,1
76740,48,57,-9,9
76741,107,105,2,2
76742,118,115,3,3
76743,78,77,1,1
76744,98,94,4,4
76745,121,110,11,11
76746,108,99,9,9
76747,59,61,-2,2
76748,95,99,-4,4
76749,98,97,1,1
76750,71,71,0,0
76751,76,76,0,0
76752,100,106,-6,6
76753,70,71,-1,1
76754,71,67,4,4
76755,94,78,16,16
76756,86,88,-2,2
76757,102,106,-4,4
76758,106,102,4,4
76759,74,82,-8,8
76760,49,60,-11,11
76761,103,97,6,6
76762,70,76,-6,6
76763,168,160,8,8
76764,66,74,-8,8
76765,128,131,-3,3
76766,110,106,4,4
76767,82,76,6,6
76768,92,85,7,7
76769,187,172,15,15
76770,101,115,-14,14
76771,47,53,-6,6
76772,72,74,-2,2
76773,77,78,-1,1
76774,30,41,-11,11
76775,124,119,5,5
76776,218,180,38,38
76777,110,109,1,1
76778,106,107,-1,1
76779,133,120,13,13
76780,88,78,10,10
76781,58,62,-4,4
76782,184,157,27,27
76783,152,131,21,21
76784,87,91,-4,4
76785,167,147,20,20
76786,93,96,-3,3
76787,130,107,23,23
76788,96,85,11,11
76789,119,120,-1,1
76790,81,83,-2,2
76791,52,56,-4,4
76792,66,66,0,0
76793,102,106,-4,4
76794,76,74,2,2
76795,117,101,16,16
76796,98,93,5,5
76797,81,81,0,0
76798,99,102,-3,3
76799,81,76,5,5
76800,64,72,-8,8
76801,139,137,2,2
76802,84,85,-1,1
76803,68,69,-1,1
76804,42,47,-5,5
76805,73,68,5,5
76806,158,113,45,45
76807,101,102,-1,1
76808,122,110,12,12
76809,76,86,-10,10
76810,129,150,-21,21
76811,99,89,10,10
76812,71,68,3,3
76813,80,81,-1,1
76814,141,125,16,16
76815,48,53,-5,5
76816,146,134,12,12
76817,83,87,-4,4
76818,102,99,3,3
76819,87,87,0,0
76820,83,78,5,5
76821,63,77,-14,14
76822,89,88,1,1
76823,142,129,13,13
76824,90,96,-6,6
76825,97,92,5,5
76826,130,120,10,10
76827,88,85,3,3
76828,146,147,-1,1
76829,118,105,13,13
76830,124,116,8,8
76831,108,114,-6,6
76832,53,62,-9,9
76833,78,81,-3,3
76834,54,60,-6,6
76835,121,108,13,13
76836,105,112,-7,7
76837,47,64,-17,17
76838,58,62,-4,4
76839,126,111,15,15
76840,165,142,23,23
76841,118,108,10,10
76842,54,61,-7,7
76843,98,94,4,4
76844,39,43,-4,4
76845,88,94,-6,6
76846,85,87,-2,2
76847,92,99,-7,7
76848,101,99,2,2
76849,69,79,-10,10
76850,70,68,2,2
76851,57,92,-35,35
76852,89,90,-1,1
76853,165,154,11,11
76854,88,90,-2,2
76855,142,131,11,11
76856,109,110,-1,1
76857,105,102,3,3
76858,94,96,-2,2
76859,124,116,8,8
76860,119,110,9,9
76861,41,49,-8,8
76862,102,99,3,3
76863,90,74,16,16
76864,126,125,1,1
76865,59,74,-15,15
76866,74,75,-1,1
76867,104,107,-3,3
76868,101,98,3,3
76869,102,98,4,4
76870,123,122,1,1
76871,90,89,1,1
76872,85,80,5,5
76873,85,93,-8,8
76874,57,61,-4,4
76875,73,76,-3,3
76876,73,78,-5,5
76877,106,110,-4,4
76878,47,51,-4,4
76879,91,95,-4,4
76880,93,82,11,11
76881,63,72,-9,9
76882,80,79,1,1
76883,71,71,0,0
76884,92,87,5,5
76885,125,114,11,11
76886,82,92,-10,10
76887,97,99,-2,2
76888,59,57,2,2
76889,125,134,-9,9
76890,115,103,12,12
76891,103,99,4,4
76892,97,96,1,1
76893,89,88,1,1
76894,78,80,-2,2
76895,159,141,18,18
76896,117,119,-2,2
76897,100,92,8,8
76898,104,102,2,2
76899,97,105,-8,8
76900,114,103,11,11
76901,118,121,-3,3
76902,99,84,15,15
76903,98,93,5,5
76904,114,115,-1,1
76905,99,96,3,3
76906,95,94,1,1
76907,68,75,-7,7
76908,119,111,8,8
76909,125,115,10,10
76910,74,77,-3,3
76911,97,90,7,7
76912,101,97,4,4
76913,157,149,8,8
76914,141,129,12,12
76915,132,130,2,2
76916,104,103,1,1
76917,85,87,-2,2
76918,110,107,3,3
76919,91,104,-13,13
76920,53,56,-3,3
76921,81,81,0,0
76922,78,81,-3,3
76923,79,91,-12,12
76924,73,74,-1,1
76925,81,84,-3,3
76926,89,85,4,4
76927,78,78,0,0
76928,122,106,16,16
76929,64,71,-7,7
76930,52,57,-5,5
76931,87,93,-6,6
76932,134,128,6,6
76933,104,96,8,8
76934,116,117,-1,1
76935,102,104,-2,2
76936,160,150,10,10
76937,83,79,4,4
76938,159,159,0,0
76939,130,136,-6,6
76940,92,88,4,4
76941,95,91,4,4
76942,179,174,5,5
76943,132,107,25,25
76944,53,57,-4,4
76945,100,95,5,5
76946,105,94,11,11
76947,77,79,-2,2
76948,115,111,4,4
76949,126,123,3,3
76950,91,91,0,0
76951,79,81,-2,2
76952,40,52,-12,12
76953,128,122,6,6
76954,145,143,2,2
76955,153,138,15,15
76956,81,78,3,3
76957,113,117,-4,4
76958,138,121,17,17
76959,100,104,-4,4
76960,77,71,6,6
76961,71,76,-5,5
76962,110,107,3,3
76963,118,110,8,8
76964,137,135,2,2
76965,94,93,1,1
76966,65,67,-2,2
76967,52,73,-21,21
76968,74,78,-4,4
76969,68,67,1,1
76970,101,102,-1,1
76971,104,99,5,5
76972,138,125,13,13
76973,71,72,-1,1
76974,140,121,19,19
76975,83,86,-3,3
76976,91,91,0,0
76977,125,112,13,13
76978,77,84,-7,7
76979,63,63,0,0
76980,116,108,8,8
76981,102,99,3,3
76982,121,124,-3,3
76983,116,109,7,7
76984,181,166,15,15
76985,112,117,-5,5
76986,151,151,0,0
76987,127,116,11,11
76988,87,87,0,0
76989,123,119,4,4
76990,74,87,-13,13
76991,161,149,12,12
76992,48,55,-7,7
76993,207,186,21,21
76994,124,123,1,1
76995,91,98,-7,7
76996,104,100,4,4
76997,118,119,-1,1
76998,112,108,4,4
76999,70,73,-3,3
77000,76,72,4,4
77001,133,120,13,13
77002,79,74,5,5
77003,56,69,-13,13
77004,111,129,-18,18
77005,48,59,-11,11
77006,80,71,9,9
77007,144,137,7,7
77008,39,39,0,0
77009,91,94,-3,3
77010,97,95,2,2
77011,93,87,6,6
77012,142,127,15,15
77013,116,110,6,6
77014,86,89,-3,3
77015,128,132,-4,4
77016,101,106,-5,5
77017,53,64,-11,11
77018,153,143,10,10
77019,69,80,-11,11
77020,101,92,9,9
77021,146,146,0,0
77022,107,105,2,2
77023,86,87,-1,1
77024,44,55,-11,11
77025,64,72,-8,8
77026,90,75,15,15
77027,69,74,-5,5
77028,78,86,-8,8
77029,141,132,9,9
77030,54,53,1,1
77031,61,59,2,2
77032,140,123,17,17
77033,158,129,29,29
77034,96,91,5,5
77035,159,148,11,11
77036,155,125,30,30
77037,152,137,15,15
77038,62,60,2,2
77039,84,83,1,1
77040,197,175,22,22
77041,123,118,5,5
77042,80,84,-4,4
77043,25,28,-3,3
77044,140,141,-1,1
77045,65,74,-9,9
77046,67,93,-26,26
77047,62,71,-9,9
77048,71,72,-1,1
77049,138,135,3,3
77050,73,74,-1,1
77051,84,88,-4,4
77052,227,184,43,43
77053,97,91,6,6
77054,47,54,-7,7
77055,74,78,-4,4
77056,75,79,-4,4
77057,64,70,-6,6
77058,107,106,1,1
77059,60,60,0,0
77060,70,74,-4,4
77061,117,98,19,19
77062,110,114,-4,4
77063,118,116,2,2
77064,86,85,1,1
77065,61,73,-12,12
77066,72,73,-1,1
77067,153,138,15,15
77068,92,94,-2,2
77069,117,114,3,3
77070,79,79,0,0
77071,111,99,12,12
77072,48,54,-6,6
77073,71,66,5,5
77074,100,100,0,0
77075,90,85,5,5
77076,67,73,-6,6
77077,111,108,3,3
77078,68,69,-1,1
77079,113,103,10,10
77080,78,93,-15,15
77081,94,93,1,1
77082,86,89,-3,3
77083,131,128,3,3
77084,142,122,20,20
77085,83,91,-8,8
77086,62,81,-19,19
77087,74,69,5,5
77088,143,133,10,10
77089,163,156,7,7
77090,78,75,3,3
77091,42,47,-5,5
77092,69,73,-4,4
77093,68,72,-4,4
77094,132,121,11,11
77095,59,59,0,0
77096,107,103,4,4
77097,107,106,1,1
77098,49,54,-5,5
77099,114,110,4,4
77100,87,83,4,4
77101,103,87,16,16
77102,122,108,14,14
77103,114,109,5,5
77104,172,153,19,19
77105,69,74,-5,5
77106,57,68,-11,11
77107,108,105,3,3
77108,80,97,-17,17
77109,70,77,-7,7
77110,126,125,1,1
77111,102,95,7,7
77112,45,55,-10,10
77113,72,72,0,0
77114,174,152,22,22
77115,101,105,-4,4
77116,53,58,-5,5
77117,71,70,1,1
77118,157,159,-2,2
77119,139,128,11,11
77120,116,102,14,14
77121,86,79,7,7
77122,96,89,7,7
77123,107,109,-2,2
77124,98,104,-6,6
77125,89,92,-3,3
77126,117,121,-4,4
77127,108,103,5,5
77128,54,59,-5,5
77129,116,114,2,2
77130,111,108,3,3
77131,139,139,0,0
77132,74,74,0,0
77133,117,118,-1,1
77134,106,110,-4,4
77135,158,137,21,21
77136,97,97,0,0
77137,70,68,2,2
77138,106,107,-1,1
77139,82,77,5,5
77140,141,120,21,21
77141,132,122,10,10
77142,114,102,12,12
77143,145,131,14,14
77144,56,64,-8,8
77145,109,95,14,14
77146,131,113,18,18
77147,154,110,44,44
77148,73,71,2,2
77149,63,71,-8,8
77150,134,146,-12,12
77151,91,82,9,9
77152,127,115,12,12
77153,42,50,-8,8
77154,101,103,-2,2
77155,52,55,-3,3
77156,143,142,1,1
77157,92,86,6,6
77158,84,82,2,2
77159,101,112,-11,11
77160,117,114,3,3
77161,85,84,1,1
77162,52,61,-9,9
77163,74,69,5,5
77164,78,69,9,9
77165,64,68,-4,4
77166,90,92,-2,2
77167,59,69,-10,10
77168,53,66,-13,13
77169,94,97,-3,3
77170,77,77,0,0
77171,108,94,14,14
77172,138,126,12,12
77173,83,85,-2,2
77174,150,131,19,19
77175,108,102,6,6
77176,64,69,-5,5
77177,101,109,-8,8
77178,92,85,7,7
77179,150,137,13,13
77180,133,127,6,6
77181,42,55,-13,13
77182,43,50,-7,7
77183,63,65,-2,2
77184,82,85,-3,3
77185,56,56,0,0
77186,101,109,-8,8
77187,65,79,-14,14
77188,112,107,5,5
77189,50,57,-7,7
77190,130,119,11,11
77191,88,97,-9,9
77192,74,73,1,1
77193,129,129,0,0
77194,57,69,-12,12
77195,110,106,4,4
77196,99,102,-3,3
77197,77,73,4,4
77198,117,109,8,8
77199,107,99,8,8
77200,62,62,0,0
77201,75,82,-7,7
77202,97,102,-5,5
77203,54,64,-10,10
77204,80,77,3,3
77205,84,83,1,1
77206,52,57,-5,5
77207,106,102,4,4
77208,99,111,-12,12
77209,92,89,3,3
77210,53,60,-7,7
77211,135,129,6,6
77212,116,98,18,18
77213,96,101,-5,5
77214,116,111,5,5
77215,90,86,4,4
77216,187,152,35,35
77217,55,92,-37,37
77218,48,48,0,0
77219,77,82,-5,5
77220,74,80,-6,6
77221,97,103,-6,6
77222,159,150,9,9
77223,127,118,9,9
77224,83,83,0,0
77225,67,70,-3,3
77226,103,91,12,12
77227,68,64,4,4
77228,75,73,2,2
77229,88,89,-1,1
77230,82,109,-27,27
77231,128,112,16,16
77232,177,156,21,21
77233,140,131,9,9
77234,108,90,18,18
77235,59,60,-1,1
77236,97,97,0,0
77237,105,102,3,3
77238,59,62,-3,3
77239,74,74,0,0
77240,63,66,-3,3
77241,53,59,-6,6
77242,67,71,-4,4
77243,88,85,3,3
77244,116,112,4,4
77245,141,142,-1,1
77246,123,120,3,3
77247,111,108,3,3
77248,89,89,0,0
77249,112,114,-2,2
77250,118,111,7,7
77251,51,59,-8,8
77252,165,150,15,15
77253,70,76,-6,6
77254,92,82,10,10
77255,156,127,29,29
77256,160,141,19,19
77257,64,68,-4,4
77258,137,136,1,1
77259,93,86,7,7
77260,124,122,2,2
77261,77,79,-2,2
77262,128,123,5,5
77263,79,71,8,8
77264,61,68,-7,7
77265,112,103,9,9
77266,45,51,-6,6
77267,67,68,-1,1
77268,126,120,6,6
77269,92,88,4,4
77270,74,77,-3,3
77271,67,76,-9,9
77272,105,98,7,7
77273,167,162,5,5
77274,131,123,8,8
77275,84,124,-40,40
77276,110,117,-7,7
77277,72,79,-7,7
77278,71,113,-42,42
77279,115,116,-1,1
77280,159,148,11,11
77281,82,93,-11,11
77282,100,109,-9,9
77283,70,67,3,3
77284,104,104,0,0
77285,49,52,-3,3
77286,104,103,1,1
77287,101,104,-3,3
77288,66,73,-7,7
77289,87,89,-2,2
77290,85,93,-8,8
77291,124,129,-5,5
77292,121,109,12,12
77293,97,91,6,6
77294,63,65,-2,2
77295,93,94,-1,1
77296,79,74,5,5
77297,49,52,-3,3
77298,95,93,2,2
77299,76,83,-7,7
77300,133,129,4,4
77301,66,71,-5,5
77302,85,93,-8,8
77303,228,232,-4,4
77304,124,128,-4,4
77305,90,83,7,7
77306,95,91,4,4
77307,54,64,-10,10
77308,82,91,-9,9
77309,155,139,16,16
77310,173,158,15,15
77311,171,151,20,20
77312,42,58,-16,16
77313,141,135,6,6
77314,92,87,5,5
77315,94,90,4,4
77316,82,86,-4,4
77317,132,123,9,9
77318,124,113,11,11
77319,94,90,4,4
77320,60,65,-5,5
77321,58,67,-9,9
77322,102,107,-5,5
77323,112,107,5,5
77324,121,115,6,6
77325,133,138,-5,5
77326,54,70,-16,16
77327,105,107,-2,2
77328,82,85,-3,3
77329,104,96,8,8
77330,91,87,4,4
77331,103,107,-4,4
77332,96,102,-6,6
77333,147,156,-9,9
77334,95,96,-1,1
77335,111,116,-5,5
77336,106,107,-1,1
77337,59,63,-4,4
77338,77,75,2,2
77339,97,85,12,12
77340,73,64,9,9
77341,105,98,7,7
77342,122,112,10,10
77343,55,67,-12,12
77344,108,105,3,3
77345,59,59,0,0
77346,124,122,2,2
77347,116,119,-3,3
77348,100,94,6,6
77349,76,80,-4,4
77350,102,94,8,8
77351,95,101,-6,6
77352,138,123,15,15
77353,119,113,6,6
77354,78,81,-3,3
77355,108,106,2,2
77356,34,42,-8,8
77357,105,104,1,1
77358,120,109,11,11
77359,91,91,0,0
77360,103,110,-7,7
77361,75,76,-1,1
77362,176,155,21,21
77363,85,80,5,5
77364,75,75,0,0
77365,103,104,-1,1
77366,81,85,-4,4
77367,105,110,-5,5
77368,50,63,-13,13
77369,118,112,6,6
77370,163,154,9,9
77371,137,124,13,13
77372,167,161,6,6
77373,116,115,1,1
77374,52,59,-7,7
77375,115,105,10,10
77376,188,175,13,13
77377,187,166,21,21
77378,84,82,2,2
77379,124,115,9,9
77380,95,95,0,0
77381,79,88,-9,9
77382,72,68,4,4
77383,68,70,-2,2
77384,116,111,5,5
77385,83,99,-16,16
77386,94,89,5,5
77387,63,66,-3,3
77388,200,182,18,18
77389,61,67,-6,6
77390,148,137,11,11
77391,56,62,-6,6
77392,110,107,3,3
77393,94,97,-3,3
77394,59,75,-16,16
77395,76,73,3,3
77396,67,76,-9,9
77397,102,104,-2,2
77398,165,144,21,21
77399,79,80,-1,1
77400,74,71,3,3
77401,136,122,14,14
77402,116,107,9,9
77403,95,99,-4,4
77404,112,104,8,8
77405,65,73,-8,8
77406,43,51,-8,8
77407,92,88,4,4
77408,48,57,-9,9
77409,75,78,-3,3
77410,118,118,0,0
77411,99,92,7,7
77412,101,97,4,4
77413,41,66,-25,25
77414,78,86,-8,8
77415,129,116,13,13
77416,109,112,-3,3
77417,81,80,1,1
77418,167,150,17,17
77419,55,80,-25,25
77420,202,170,32,32
77421,118,109,9,9
77422,122,120,2,2
77423,67,69,-2,2
77424,67,69,-2,2
77425,54,58,-4,4
77426,54,64,-10,10
77427,89,94,-5,5
77428,107,102,5,5
77429,94,92,2,2
77430,72,68,4,4
77431,127,129,-2,2
77432,84,94,-10,10
77433,64,68,-4,4
77434,96,97,-1,1
77435,116,108,8,8
77436,127,121,6,6
77437,128,116,12,12
77438,118,126,-8,8
77439,62,67,-5,5
77440,73,70,3,3
77441,36,46,-10,10
77442,165,141,24,24
77443,100,102,-2,2
77444,65,71,-6,6
77445,75,79,-4,4
77446,75,89,-14,14
77447,97,101,-4,4
77448,93,101,-8,8
77449,57,65,-8,8
77450,59,65,-6,6
77451,85,82,3,3
77452,99,108,-9,9
77453,87,90,-3,3
77454,102,108,-6,6
77455,75,82,-7,7
77456,92,91,1,1
77457,79,87,-8,8
77458,50,60,-10,10
77459,48,58,-10,10
77460,217,176,41,41
77461,132,116,16,16
77462,101,99,2,2
77463,82,81,1,1
77464,116,117,-1,1
77465,112,99,13,13
77466,66,79,-13,13
77467,81,89,-8,8
77468,56,62,-6,6
77469,97,88,9,9
77470,84,77,7,7
77471,37,45,-8,8
77472,74,73,1,1
77473,127,115,12,12
77474,54,60,-6,6
77475,80,78,2,2
77476,57,57,0,0
77477,106,83,23,23
77478,91,91,0,0
77479,103,102,1,1
77480,114,99,15,15
77481,131,126,5,5
77482,85,81,4,4
77483,85,87,-2,2
77484,93,94,-1,1
77485,74,70,4,4
77486,88,88,0,0
77487,52,53,-1,1
77488,41,43,-2,2
77489,82,83,-1,1
77490,112,110,2,2
77491,67,66,1,1
77492,69,82,-13,13
77493,150,135,15,15
77494,93,95,-2,2
77495,63,64,-1,1
77496,95,86,9,9
77497,46,54,-8,8
77498,72,72,0,0
77499,77,84,-7,7
77500,87,92,-5,5
77501,121,120,1,1
77502,149,134,15,15
77503,82,73,9,9
77504,57,59,-2,2
77505,127,109,18,18
77506,103,95,8,8
77507,96,96,0,0
77508,82,78,4,4
77509,161,147,14,14
77510,133,124,9,9
77511,73,73,0,0
77512,71,65,6,6
77513,168,167,1,1
77514,137,135,2,2
77515,72,70,2,2
77516,77,83,-6,6
77517,114,113,1,1
77518,115,109,6,6
77519,70,67,3,3
77520,78,84,-6,6
77521,118,118,0,0
77522,88,86,2,2
77523,81,77,4,4
77524,118,116,2,2
77525,60,61,-1,1
77526,98,98,0,0
77527,99,86,13,13
77528,55,59,-4,4
77529,100,97,3,3
77530,75,79,-4,4
77531,77,71,6,6
77532,139,135,4,4
77533,99,90,9,9
77534,106,105,1,1
77535,92,98,-6,6
77536,87,88,-1,1
77537,55,67,-12,12
77538,89,96,-7,7
77539,106,110,-4,4
77540,161,157,4,4
77541,72,76,-4,4
77542,119,105,14,14
77543,90,83,7,7
77544,110,106,4,4
77545,51,59,-8,8
77546,63,70,-7,7
77547,42,51,-9,9
77548,85,78,7,7
77549,144,134,10,10
77550,69,77,-8,8
77551,43,51,-8,8
77552,94,98,-4,4
77553,178,176,2,2
77554,80,80,0,0
77555,65,68,-3,3
77556,62,67,-5,5
77557,62,64,-2,2
77558,144,144,0,0
77559,102,97,5,5
77560,104,100,4,4
77561,45,58,-13,13
77562,57,61,-4,4
77563,132,103,29,29
77564,105,98,7,7
77565,99,97,2,2
77566,60,71,-11,11
77567,72,77,-5,5
77568,122,120,2,2
77569,141,133,8,8
77570,94,90,4,4
77571,89,97,-8,8
77572,43,56,-13,13
77573,160,144,16,16
77574,84,75,9,9
77575,84,79,5,5
77576,90,94,-4,4
77577,68,70,-2,2
77578,189,171,18,18
77579,77,89,-12,12
77580,59,64,-5,5
77581,139,137,2,2
77582,98,97,1,1
77583,147,134,13,13
77584,158,126,32,32
77585,97,91,6,6
77586,109,109,0,0
77587,112,107,5,5
77588,74,74,0,0
77589,155,141,14,14
77590,75,75,0,0
77591,129,116,13,13
77592,189,173,16,16
77593,98,100,-2,2
77594,68,72,-4,4
77595,100,99,1,1
77596,136,117,19,19
77597,144,135,9,9
77598,123,121,2,2
77599,60,63,-3,3
77600,131,120,11,11
77601,74,82,-8,8
77602,148,112,36,36
77603,112,104,8,8
77604,60,68,-8,8
77605,89,85,4,4
77606,83,89,-6,6
77607,100,90,10,10
77608,70,75,-5,5
77609,119,127,-8,8
77610,52,62,-10,10
77611,72,74,-2,2
77612,127,124,3,3
77613,82,85,-3,3
77614,65,64,1,1
77615,75,70,5,5
77616,65,67,-2,2
77617,80,97,-17,17
77618,95,116,-21,21
77619,74,80,-6,6
77620,107,102,5,5
77621,63,68,-5,5
77622,117,111,6,6
77623,83,73,10,10
77624,74,71,3,3
77625,56,55,1,1
77626,143,147,-4,4
77627,61,71,-10,10
77628,92,95,-3,3
77629,147,155,-8,8
77630,68,78,-10,10
77631,95,92,3,3
77632,80,85,-5,5
77633,129,115,14,14
77634,133,146,-13,13
77635,47,51,-4,4
77636,65,61,4,4
77637,85,81,4,4
77638,100,94,6,6
77639,113,105,8,8
77640,104,96,8,8
77641,70,69,1,1
77642,16,31,-15,15
77643,102,95,7,7
77644,125,107,18,18
77645,83,85,-2,2
77646,114,98,16,16
77647,150,144,6,6
77648,164,150,14,14
77649,97,96,1,1
77650,71,71,0,0
77651,78,78,0,0
77652,128,122,6,6
77653,111,102,9,9
77654,78,76,2,2
77655,83,82,1,1
77656,84,80,4,4
77657,81,85,-4,4
77658,103,109,-6,6
77659,91,95,-4,4
77660,79,78,1,1
77661,84,85,-1,1
77662,143,119,24,24
77663,97,92,5,5
77664,85,84,1,1
77665,120,107,13,13
77666,88,100,-12,12
77667,114,99,15,15
77668,116,106,10,10
77669,72,82,-10,10
77670,101,94,7,7
77671,129,122,7,7
77672,119,104,15,15
77673,86,89,-3,3
77674,75,82,-7,7
77675,76,74,2,2
77676,84,78,6,6
77677,75,78,-3,3
77678,124,114,10,10
77679,177,178,-1,1
77680,75,75,0,0
77681,117,117,0,0
77682,99,131,-32,32
77683,50,54,-4,4
77684,70,84,-14,14
77685,115,109,6,6
77686,60,65,-5,5
77687,96,90,6,6
77688,142,139,3,3
77689,87,82,5,5
77690,112,110,2,2
77691,116,99,17,17
77692,56,62,-6,6
77693,158,154,4,4
77694,188,172,16,16
77695,181,161,20,20
77696,104,91,13,13
77697,159,150,9,9
77698,122,124,-2,2
77699,69,75,-6,6
77700,105,95,10,10
77701,84,91,-7,7
77702,80,82,-2,2
77703,62,63,-1,1
77704,75,72,3,3
77705,72,80,-8,8
77706,86,83,3,3
77707,99,106,-7,7
77708,59,64,-5,5
77709,104,96,8,8
77710,78,79,-1,1
77711,97,99,-2,2
77712,129,116,13,13
77713,64,73,-9,9
77714,105,97,8,8
77715,93,85,8,8
77716,92,93,-1,1
77717,40,44,-4,4
77718,98,102,-4,4
77719,132,130,2,2
77720,67,78,-11,11
77721,51,82,-31,31
77722,81,93,-12,12
77723,142,135,7,7
77724,145,135,10,10
77725,72,69,3,3
77726,102,97,5,5
77727,87,82,5,5
77728,111,106,5,5
77729,80,77,3,3
77730,85,84,1,1
77731,144,129,15,15
77732,66,76,-10,10
77733,98,92,6,6
77734,91,93,-2,2
77735,61,69,-8,8
77736,46,59,-13,13
77737,89,96,-7,7
77738,105,97,8,8
77739,102,92,10,10
77740,100,99,1,1
77741,58,67,-9,9
77742,116,113,3,3
77743,73,78,-5,5
77744,96,96,0,0
77745,89,86,3,3
77746,79,84,-5,5
77747,74,76,-2,2
77748,100,88,12,12
77749,35,51,-16,16
77750,49,55,-6,6
77751,79,77,2,2
77752,102,95,7,7
77753,104,85,19,19
77754,198,168,30,30
77755,136,118,18,18
77756,62,73,-11,11
77757,100,98,2,2
77758,89,87,2,2
77759,131,123,8,8
77760,82,83,-1,1
77761,157,146,11,11
77762,71,73,-2,2
77763,54,58,-4,4
77764,115,115,0,0
77765,80,81,-1,1
77766,69,69,0,0
77767,80,74,6,6
77768,89,89,0,0
77769,91,90,1,1
77770,171,140,31,31
77771,86,82,4,4
77772,120,117,3,3
77773,72,75,-3,3
77774,67,67,0,0
77775,122,140,-18,18
77776,71,76,-5,5
77777,119,113,6,6
77778,80,80,0,0
77779,110,101,9,9
77780,47,55,-8,8
77781,193,166,27,27
77782,80,78,2,2
77783,52,59,-7,7
77784,61,65,-4,4
77785,90,93,-3,3
77786,85,83,2,2
77787,74,75,-1,1
77788,85,86,-1,1
77789,125,144,-19,19
77790,150,138,12,12
77791,89,87,2,2
77792,93,89,4,4
77793,131,132,-1,1
77794,66,73,-7,7
77795,78,75,3,3
77796,151,144,7,7
77797,91,93,-2,2
77798,75,84,-9,9
77799,39,45,-6,6
77800,54,56,-2,2
77801,106,99,7,7
77802,128,127,1,1
77803,49,63,-14,14
77804,124,117,7,7
77805,76,76,0,0
77806,89,84,5,5
77807,48,49,-1,1
77808,135,149,-14,14
77809,108,107,1,1
77810,113,101,12,12
77811,97,94,3,3
77812,155,152,3,3
77813,154,137,17,17
77814,118,105,13,13
77815,87,80,7,7
77816,56,65,-9,9
77817,56,78,-22,22
77818,70,80,-10,10
77819,45,55,-10,10
77820,49,75,-26,26
77821,91,81,10,10
77822,76,75,1,1
77823,81,98,-17,17
77824,121,116,5,5
77825,109,105,4,4
77826,72,79,-7,7
77827,75,77,-2,2
77828,35,52,-17,17
77829,90,95,-5,5
77830,132,126,6,6
77831,140,146,-6,6
77832,75,81,-6,6
77833,76,76,0,0
77834,111,129,-18,18
77835,92,97,-5,5
77836,120,131,-11,11
77837,119,112,7,7
77838,78,86,-8,8
77839,86,84,2,2
77840,60,69,-9,9
77841,158,142,16,16
77842,94,88,6,6
77843,126,116,10,10
77844,112,100,12,12
77845,112,102,10,10
77846,73,77,-4,4
77847,94,97,-3,3
77848,133,123,10,10
77849,70,68,2,2
77850,83,77,6,6
77851,117,117,0,0
77852,104,98,6,6
77853,109,103,6,6
77854,173,147,26,26
77855,55,71,-16,16
77856,46,55,-9,9
77857,36,45,-9,9
77858,76,79,-3,3
77859,136,125,11,11
77860,102,100,2,2
77861,110,105,5,5
77862,94,90,4,4
77863,80,82,-2,2
77864,149,139,10,10
77865,249,212,37,37
77866,150,151,-1,1
77867,49,62,-13,13
77868,58,60,-2,2
77869,54,58,-4,4
77870,83,73,10,10
77871,119,106,13,13
77872,58,63,-5,5
77873,123,108,15,15
77874,125,109,16,16
77875,115,116,-1,1
77876,74,86,-12,12
77877,71,68,3,3
77878,162,142,20,20
77879,96,96,0,0
77880,63,69,-6,6
77881,87,92,-5,5
77882,74,67,7,7
77883,70,89,-19,19
77884,114,114,0,0
77885,72,71,1,1
77886,58,69,-11,11
77887,117,106,11,11
77888,77,97,-20,20
77889,57,68,-11,11
77890,142,135,7,7
77891,57,69,-12,12
77892,77,77,0,0
77893,100,115,-15,15
77894,92,105,-13,13
77895,53,63,-10,10
77896,98,89,9,9
77897,96,94,2,2
77898,67,67,0,0
77899,69,72,-3,3
77900,108,107,1,1
77901,97,91,6,6
77902,75,73,2,2
77903,97,99,-2,2
77904,127,114,13,13
77905,87,83,4,4
77906,86,84,2,2
77907,84,76,8,8
77908,86,87,-1,1
77909,88,87,1,1
77910,97,95,2,2
77911,86,82,4,4
77912,79,86,-7,7
77913,183,165,18,18
77914,97,97,0,0
77915,136,128,8,8
77916,78,79,-1,1
77917,128,124,4,4
77918,116,108,8,8
77919,167,155,12,12
77920,143,147,-4,4
77921,72,79,-7,7
77922,101,98,3,3
77923,89,89,0,0
77924,63,63,0,0
77925,136,125,11,11
77926,129,124,5,5
77927,77,81,-4,4
77928,70,80,-10,10
77929,114,106,8,8
77930,100,108,-8,8
77931,133,120,13,13
77932,130,121,9,9
77933,64,65,-1,1
77934,105,99,6,6
77935,171,152,19,19
77936,120,111,9,9
77937,95,94,1,1
77938,72,76,-4,4
77939,75,72,3,3
77940,110,97,13,13
77941,119,105,14,14
77942,184,164,20,20
77943,132,123,9,9
77944,128,133,-5,5
77945,78,93,-15,15
77946,124,118,6,6
77947,123,121,2,2
77948,105,93,12,12
77949,51,66,-15,15
77950,89,99,-10,10
77951,58,65,-7,7
77952,112,102,10,10
77953,97,95,2,2
77954,95,96,-1,1
77955,79,82,-3,3
77956,85,84,1,1
77957,135,118,17,17
77958,127,129,-2,2
77959,95,84,11,11
77960,141,144,-3,3
77961,76,81,-5,5
77962,63,67,-4,4
77963,106,100,6,6
77964,95,89,6,6
77965,91,91,0,0
77966,147,142,5,5
77967,124,112,12,12
77968,88,80,8,8
77969,70,74,-4,4
77970,80,91,-11,11
77971,41,51,-10,10
77972,59,63,-4,4
77973,97,99,-2,2
77974,61,66,-5,5
77975,148,128,20,20
77976,106,97,9,9
77977,102,109,-7,7
77978,66,67,-1,1
77979,75,73,2,2
77980,98,91,7,7
77981,58,58,0,0
77982,59,64,-5,5
77983,53,58,-5,5
77984,53,78,-25,25
77985,121,104,17,17
77986,101,87,14,14
77987,145,130,15,15
77988,57,61,-4,4
77989,74,72,2,2
77990,65,69,-4,4
77991,79,89,-10,10
77992,117,112,5,5
77993,65,68,-3,3
77994,64,72,-8,8
77995,81,75,6,6
77996,125,104,21,21
77997,67,70,-3,3
77998,69,72,-3,3
77999,59,58,1,1
78000,126,115,11,11
78001,106,106,0,0
78002,63,67,-4,4
78003,89,94,-5,5
78004,120,99,21,21
78005,97,97,0,0
78006,70,71,-1,1
78007,116,119,-3,3
78008,77,70,7,7
78009,49,57,-8,8
78010,71,70,1,1
78011,64,75,-11,11
78012,72,65,7,7
78013,128,106,22,22
78014,98,93,5,5
78015,66,70,-4,4
78016,112,111,1,1
78017,51,56,-5,5
78018,85,82,3,3
78019,100,91,9,9
78020,92,88,4,4
78021,111,111,0,0
78022,100,111,-11,11
78023,96,96,0,0
78024,166,148,18,18
78025,137,143,-6,6
78026,72,73,-1,1
78027,115,115,0,0
78028,88,84,4,4
78029,91,92,-1,1
78030,103,101,2,2
78031,47,59,-12,12
78032,86,91,-5,5
78033,136,123,13,13
78034,157,153,4,4
78035,124,119,5,5
78036,137,132,5,5
78037,101,101,0,0
78038,74,73,1,1
78039,85,78,7,7
78040,45,48,-3,3
78041,168,153,15,15
78042,115,102,13,13
78043,116,125,-9,9
78044,84,91,-7,7
78045,102,99,3,3
78046,59,76,-17,17
78047,106,109,-3,3
78048,60,72,-12,12
78049,123,113,10,10
78050,85,76,9,9
78051,60,70,-10,10
78052,82,73,9,9
78053,160,141,19,19
78054,82,83,-1,1
78055,83,85,-2,2
78056,73,79,-6,6
78057,113,112,1,1
78058,95,84,11,11
78059,100,94,6,6
78060,40,48,-8,8
78061,80,82,-2,2
78062,110,104,6,6
78063,144,143,1,1
78064,115,102,13,13
78065,64,77,-13,13
78066,119,106,13,13
78067,102,104,-2,2
78068,159,135,24,24
78069,104,97,7,7
78070,91,90,1,1
78071,133,128,5,5
78072,98,95,3,3
78073,96,100,-4,4
78074,134,124,10,10
78075,160,145,15,15
78076,59,72,-13,13
78077,74,83,-9,9
78078,106,94,12,12
78079,64,64,0,0
78080,90,96,-6,6
78081,67,68,-1,1
78082,100,99,1,1
78083,68,71,-3,3
78084,159,148,11,11
78085,87,87,0,0
78086,123,127,-4,4
78087,78,79,-1,1
78088,95,88,7,7
78089,56,72,-16,16
78090,102,101,1,1
78091,108,93,15,15
78092,73,71,2,2
78093,111,109,2,2
78094,137,127,10,10
78095,84,88,-4,4
78096,89,82,7,7
78097,70,83,-13,13
78098,78,82,-4,4
78099,152,143,9,9
78100,81,85,-4,4
78101,49,57,-8,8
78102,69,73,-4,4
78103,102,90,12,12
78104,62,69,-7,7
78105,91,89,2,2
78106,72,54,18,18
78107,47,51,-4,4
78108,184,153,31,31
78109,103,94,9,9
78110,69,75,-6,6
78111,51,64,-13,13
78112,120,129,-9,9
78113,105,86,19,19
78114,46,61,-15,15
78115,75,76,-1,1
78116,71,71,0,0
78117,45,58,-13,13
78118,80,86,-6,6
78119,79,89,-10,10
78120,78,78,0,0
78121,62,74,-12,12
78122,86,83,3,3
78123,122,121,1,1
78124,101,95,6,6
78125,72,74,-2,2
78126,141,136,5,5
78127,69,75,-6,6
78128,93,87,6,6
78129,55,55,0,0
78130,121,113,8,8
78131,105,105,0,0
78132,99,89,10,10
78133,195,166,29,29
78134,76,77,-1,1
78135,124,113,11,11
78136,100,85,15,15
78137,152,149,3,3
78138,108,103,5,5
78139,49,54,-5,5
78140,176,159,17,17
78141,104,187,-83,83
78142,81,68,13,13
78143,97,91,6,6
78144,58,62,-4,4
78145,110,102,8,8
78146,55,65,-10,10
78147,69,71,-2,2
78148,107,130,-23,23
78149,71,71,0,0
78150,88,89,-1,1
78151,43,57,-14,14
78152,117,115,2,2
78153,81,71,10,10
78154,75,80,-5,5
78155,108,105,3,3
78156,63,67,-4,4
78157,74,80,-6,6
78158,68,71,-3,3
78159,62,67,-5,5
78160,52,56,-4,4
78161,78,86,-8,8
78162,108,112,-4,4
78163,188,159,29,29
78164,61,67,-6,6
78165,77,76,1,1
78166,97,89,8,8
78167,67,63,4,4
78168,77,102,-25,25
78169,91,94,-3,3
78170,69,72,-3,3
78171,131,131,0,0
78172,56,61,-5,5
78173,49,60,-11,11
78174,126,122,4,4
78175,114,109,5,5
78176,90,89,1,1
78177,75,84,-9,9
78178,83,76,7,7
78179,92,98,-6,6
78180,83,85,-2,2
78181,89,78,11,11
78182,85,86,-1,1
78183,70,67,3,3
78184,108,102,6,6
78185,71,75,-4,4
78186,68,67,1,1
78187,70,74,-4,4
78188,107,109,-2,2
78189,58,64,-6,6
78190,51,56,-5,5
78191,55,66,-11,11
78192,161,156,5,5
78193,46,58,-12,12
78194,92,89,3,3
78195,154,143,11,11
78196,83,84,-1,1
78197,128,120,8,8
78198,73,77,-4,4
78199,87,86,1,1
78200,122,108,14,14
78201,108,90,18,18
78202,76,89,-13,13
78203,59,71,-12,12
78204,83,87,-4,4
78205,92,94,-2,2
78206,96,95,1,1
78207,105,94,11,11
78208,58,67,-9,9
78209,81,78,3,3
78210,110,98,12,12
78211,44,57,-13,13
78212,81,80,1,1
78213,63,72,-9,9
78214,78,79,-1,1
78215,68,74,-6,6
78216,120,123,-3,3
78217,181,160,21,21
78218,141,133,8,8
78219,178,158,20,20
78220,64,64,0,0
78221,72,77,-5,5
78222,45,45,0,0
78223,143,120,23,23
78224,145,127,18,18
78225,111,108,3,3
78226,86,88,-2,2
78227,125,129,-4,4
78228,79,82,-3,3
78229,67,74,-7,7
78230,173,154,19,19
78231,81,84,-3,3
78232,88,95,-7,7
78233,63,68,-5,5
78234,66,88,-22,22
78235,96,92,4,4
78236,100,80,20,20
78237,57,59,-2,2
78238,125,110,15,15
78239,156,146,10,10
78240,125,117,8,8
78241,133,127,6,6
78242,66,69,-3,3
78243,159,159,0,0
78244,44,59,-15,15
78245,67,65,2,2
78246,105,102,3,3
78247,77,80,-3,3
78248,64,73,-9,9
78249,62,88,-26,26
78250,69,68,1,1
78251,163,148,15,15
78252,62,69,-7,7
78253,50,55,-5,5
78254,100,99,1,1
78255,108,101,7,7
78256,70,73,-3,3
78257,97,92,5,5
78258,83,78,5,5
78259,137,139,-2,2
78260,70,70,0,0
78261,122,98,24,24
78262,79,86,-7,7
78263,52,75,-23,23
78264,86,93,-7,7
78265,93,86,7,7
78266,93,105,-12,12
78267,62,68,-6,6
78268,109,95,14,14
78269,107,106,1,1
78270,83,85,-2,2
78271,57,64,-7,7
78272,61,69,-8,8
78273,43,53,-10,10
78274,156,134,22,22
78275,102,94,8,8
78276,56,70,-14,14
78277,199,174,25,25
78278,103,104,-1,1
78279,77,79,-2,2
78280,147,150,-3,3
78281,99,107,-8,8
78282,74,103,-29,29
78283,71,69,2,2
78284,142,136,6,6
78285,72,68,4,4
78286,28,44,-16,16
78287,99,109,-10,10
78288,145,147,-2,2
78289,51,54,-3,3
78290,132,134,-2,2
78291,102,99,3,3
78292,69,73,-4,4
78293,142,137,5,5
78294,52,55,-3,3
78295,87,94,-7,7
78296,122,122,0,0
78297,93,102,-9,9
78298,85,89,-4,4
78299,101,96,5,5
78300,88,93,-5,5
78301,64,65,-1,1
78302,131,124,7,7
78303,91,92,-1,1
78304,174,150,24,24
78305,50,57,-7,7
78306,78,84,-6,6
78307,76,82,-6,6
78308,118,112,6,6
78309,56,65,-9,9
78310,53,57,-4,4
78311,98,101,-3,3
78312,119,119,0,0
78313,133,127,6,6
78314,66,68,-2,2
78315,117,118,-1,1
78316,94,92,2,2
78317,79,84,-5,5
78318,114,113,1,1
78319,96,86,10,10
78320,81,84,-3,3
78321,83,85,-2,2
78322,74,78,-4,4
78323,89,87,2,2
78324,73,82,-9,9
78325,160,151,9,9
78326,120,109,11,11
78327,52,54,-2,2
78328,127,125,2,2
78329,93,90,3,3
78330,108,114,-6,6
78331,95,96,-1,1
78332,75,76,-1,1
78333,124,107,17,17
78334,90,92,-2,2
78335,101,104,-3,3
78336,44,53,-9,9
78337,113,103,10,10
78338,64,75,-11,11
78339,135,125,10,10
78340,147,137,10,10
78341,112,113,-1,1
78342,63,69,-6,6
78343,91,102,-11,11
78344,93,76,17,17
78345,116,108,8,8
78346,124,125,-1,1
78347,127,126,1,1
78348,114,114,0,0
78349,137,113,24,24
78350,56,63,-7,7
78351,54,59,-5,5
78352,78,83,-5,5
78353,71,76,-5,5
78354,72,76,-4,4
78355,67,75,-8,8
78356,48,53,-5,5
78357,115,132,-17,17
78358,53,58,-5,5
78359,95,93,2,2
78360,56,71,-15,15
78361,45,43,2,2
78362,209,182,27,27
78363,85,97,-12,12
78364,80,78,2,2
78365,139,145,-6,6
78366,64,68,-4,4
78367,83,87,-4,4
78368,121,112,9,9
78369,102,107,-5,5
78370,94,90,4,4
78371,119,111,8,8
78372,59,68,-9,9
78373,61,88,-27,27
78374,74,71,3,3
78375,76,78,-2,2
78376,91,93,-2,2
78377,132,114,18,18
78378,54,63,-9,9
78379,74,76,-2,2
78380,96,88,8,8
78381,60,70,-10,10
78382,91,96,-5,5
78383,102,102,0,0
78384,131,124,7,7
78385,95,89,6,6
78386,35,41,-6,6
78387,70,79,-9,9
78388,115,103,12,12
78389,63,67,-4,4
78390,70,81,-11,11
78391,73,73,0,0
78392,79,80,-1,1
78393,114,114,0,0
78394,75,86,-11,11
78395,103,102,1,1
78396,111,104,7,7
78397,110,115,-5,5
78398,55,57,-2,2
78399,89,96,-7,7
78400,53,67,-14,14
78401,114,100,14,14
78402,104,103,1,1
78403,45,50,-5,5
78404,122,112,10,10
78405,72,77,-5,5
78406,140,130,10,10
78407,132,115,17,17
78408,127,149,-22,22
78409,133,125,8,8
78410,66,68,-2,2
78411,99,97,2,2
78412,112,109,3,3
78413,104,87,17,17
78414,143,133,10,10
78415,107,99,8,8
78416,122,116,6,6
78417,166,157,9,9
78418,169,159,10,10
78419,165,163,2,2
78420,147,124,23,23
78421,63,64,-1,1
78422,71,78,-7,7
78423,59,61,-2,2
78424,127,123,4,4
78425,168,149,19,19
78426,43,53,-10,10
78427,103,100,3,3
78428,109,100,9,9
78429,99,103,-4,4
78430,71,73,-2,2
78431,94,94,0,0
78432,104,100,4,4
78433,96,97,-1,1
78434,85,79,6,6
78435,122,103,19,19
78436,85,88,-3,3
78437,49,58,-9,9
78438,44,67,-23,23
78439,65,66,-1,1
78440,78,80,-2,2
78441,117,111,6,6
78442,103,96,7,7
78443,106,92,14,14
78444,97,103,-6,6
78445,167,171,-4,4
78446,50,57,-7,7
78447,134,121,13,13
78448,100,105,-5,5
78449,81,82,-1,1
78450,108,112,-4,4
78451,55,62,-7,7
78452,82,86,-4,4
78453,94,109,-15,15
78454,94,90,4,4
78455,61,66,-5,5
78456,141,140,1,1
78457,79,80,-1,1
78458,71,83,-12,12
78459,48,60,-12,12
78460,140,140,0,0
78461,70,75,-5,5
78462,63,65,-2,2
78463,137,123,14,14
78464,40,45,-5,5
78465,103,96,7,7
78466,67,77,-10,10
78467,82,79,3,3
78468,119,118,1,1
78469,131,127,4,4
78470,77,92,-15,15
78471,98,93,5,5
78472,148,152,-4,4
78473,91,89,2,2
78474,95,99,-4,4
78475,60,63,-3,3
78476,72,74,-2,2
78477,123,115,8,8
78478,68,70,-2,2
78479,124,128,-4,4
78480,128,122,6,6
78481,114,114,0,0
78482,90,89,1,1
78483,108,107,1,1
78484,114,105,9,9
78485,33,57,-24,24
78486,95,96,-1,1
78487,113,107,6,6
78488,57,62,-5,5
78489,71,71,0,0
78490,110,100,10,10
78491,67,74,-7,7
78492,59,66,-7,7
78493,105,105,0,0
78494,132,118,14,14
78495,93,99,-6,6
78496,90,96,-6,6
78497,134,121,13,13
78498,32,43,-11,11
78499,108,142,-34,34
78500,81,74,7,7
78501,94,94,0,0
78502,116,121,-5,5
78503,131,122,9,9
78504,63,74,-11,11
78505,96,94,2,2
78506,71,65,6,6
78507,71,68,3,3
78508,79,85,-6,6
78509,115,108,7,7
78510,48,71,-23,23
78511,85,80,5,5
78512,113,103,10,10
78513,89,90,-1,1
78514,131,125,6,6
78515,91,94,-3,3
78516,72,71,1,1
78517,169,149,20,20
78518,133,130,3,3
78519,176,174,2,2
78520,118,119,-1,1
78521,71,80,-9,9
78522,65,73,-8,8
78523,144,121,23,23
78524,72,86,-14,14
78525,70,77,-7,7
78526,70,73,-3,3
78527,117,104,13,13
78528,97,95,2,2
78529,57,63,-6,6
78530,61,82,-21,21
78531,80,79,1,1
78532,92,88,4,4
78533,85,91,-6,6
78534,125,107,18,18
78535,90,100,-10,10
78536,80,77,3,3
78537,71,78,-7,7
78538,149,130,19,19
78539,69,70,-1,1
78540,104,98,6,6
78541,95,92,3,3
78542,129,108,21,21
78543,144,117,27,27
78544,61,67,-6,6
78545,130,112,18,18
78546,144,130,14,14
78547,39,49,-10,10
78548,114,109,5,5
78549,48,53,-5,5
78550,94,86,8,8
78551,92,86,6,6
78552,101,90,11,11
78553,79,86,-7,7
78554,113,101,12,12
78555,69,77,-8,8
78556,41,51,-10,10
78557,69,77,-8,8
78558,108,104,4,4
78559,66,69,-3,3
78560,93,83,10,10
78561,86,81,5,5
78562,79,77,2,2
78563,80,88,-8,8
78564,87,83,4,4
78565,179,158,21,21
78566,67,70,-3,3
78567,71,79,-8,8
78568,86,78,8,8
78569,92,95,-3,3
78570,109,107,2,2
78571,45,59,-14,14
78572,84,84,0,0
78573,158,147,11,11
78574,92,85,7,7
78575,75,74,1,1
78576,84,83,1,1
78577,65,76,-11,11
78578,104,94,10,10
78579,44,48,-4,4
78580,198,156,42,42
78581,124,117,7,7
78582,134,116,18,18
78583,122,109,13,13
78584,77,77,0,0
78585,103,97,6,6
78586,98,90,8,8
78587,59,58,1,1
78588,87,73,14,14
78589,74,70,4,4
78590,67,76,-9,9
78591,85,85,0,0
78592,79,73,6,6
78593,96,99,-3,3
78594,121,120,1,1
78595,98,107,-9,9
78596,145,125,20,20
78597,110,104,6,6
78598,144,143,1,1
78599,85,82,3,3
78600,114,119,-5,5
78601,95,92,3,3
78602,51,62,-11,11
78603,97,91,6,6
78604,81,72,9,9
78605,81,80,1,1
78606,85,85,0,0
78607,154,150,4,4
78608,125,119,6,6
78609,97,99,-2,2
78610,161,146,15,15
78611,144,121,23,23
78612,127,117,10,10
78613,88,85,3,3
78614,180,160,20,20
78615,90,95,-5,5
78616,66,78,-12,12
78617,95,91,4,4
78618,94,101,-7,7
78619,75,79,-4,4
78620,65,74,-9,9
78621,111,118,-7,7
78622,67,65,2,2
78623,86,93,-7,7
78624,141,124,17,17
78625,102,96,6,6
78626,142,141,1,1
78627,188,174,14,14
78628,62,59,3,3
78629,104,109,-5,5
78630,63,66,-3,3
78631,100,93,7,7
78632,148,134,14,14
78633,103,104,-1,1
78634,122,128,-6,6
78635,69,72,-3,3
78636,89,87,2,2
78637,113,94,19,19
78638,135,131,4,4
78639,158,141,17,17
78640,74,69,5,5
78641,54,60,-6,6
78642,106,103,3,3
78643,56,85,-29,29
78644,113,105,8,8
78645,95,87,8,8
78646,134,127,7,7
78647,73,76,-3,3
78648,51,56,-5,5
78649,50,52,-2,2
78650,33,42,-9,9
78651,130,116,14,14
78652,111,119,-8,8
78653,58,62,-4,4
78654,103,100,3,3
78655,136,141,-5,5
78656,99,98,1,1
78657,99,94,5,5
78658,116,107,9,9
78659,149,134,15,15
78660,69,72,-3,3
78661,81,91,-10,10
78662,57,63,-6,6
78663,85,80,5,5
78664,78,94,-16,16
78665,94,90,4,4
78666,112,103,9,9
78667,141,115,26,26
78668,133,118,15,15
78669,85,95,-10,10
78670,100,103,-3,3
78671,62,63,-1,1
78672,121,114,7,7
78673,54,62,-8,8
78674,154,143,11,11
78675,142,123,19,19
78676,104,113,-9,9
78677,103,100,3,3
78678,70,69,1,1
78679,118,111,7,7
78680,115,109,6,6
78681,145,137,8,8
78682,106,108,-2,2
78683,114,114,0,0
78684,87,85,2,2
78685,155,136,19,19
78686,142,128,14,14
78687,132,121,11,11
78688,94,92,2,2
78689,142,139,3,3
78690,150,140,10,10
78691,53,63,-10,10
78692,94,89,5,5
78693,85,97,-12,12
78694,62,71,-9,9
78695,53,56,-3,3
78696,81,88,-7,7
78697,175,164,11,11
78698,55,58,-3,3
78699,72,83,-11,11
78700,93,89,4,4
78701,73,83,-10,10
78702,47,61,-14,14
78703,67,72,-5,5
78704,117,106,11,11
78705,104,103,1,1
78706,76,76,0,0
78707,99,86,13,13
78708,131,118,13,13
78709,84,91,-7,7
78710,105,113,-8,8
78711,157,131,26,26
78712,111,115,-4,4
78713,91,92,-1,1
78714,74,85,-11,11
78715,79,79,0,0
78716,103,93,10,10
78717,119,110,9,9
78718,163,139,24,24
78719,69,73,-4,4
78720,112,105,7,7
78721,55,67,-12,12
78722,97,101,-4,4
78723,99,88,11,11
78724,58,72,-14,14
78725,125,105,20,20
78726,88,81,7,7
78727,81,82,-1,1
78728,158,156,2,2
78729,55,70,-15,15
78730,114,115,-1,1
78731,95,94,1,1
78732,87,103,-16,16
78733,139,120,19,19
78734,79,77,2,2
78735,75,70,5,5
78736,56,64,-8,8
78737,113,123,-10,10
78738,148,137,11,11
78739,160,139,21,21
78740,97,95,2,2
78741,88,89,-1,1
78742,89,89,0,0
78743,101,95,6,6
78744,53,62,-9,9
78745,97,108,-11,11
78746,67,72,-5,5
78747,117,103,14,14
78748,72,68,4,4
78749,40,51,-11,11
78750,48,53,-5,5
78751,88,83,5,5
78752,95,81,14,14
78753,132,124,8,8
78754,63,64,-1,1
78755,95,93,2,2
78756,84,85,-1,1
78757,33,43,-10,10
78758,70,73,-3,3
78759,154,145,9,9
78760,163,148,15,15
78761,175,155,20,20
78762,92,88,4,4
78763,150,146,4,4
78764,67,72,-5,5
78765,127,126,1,1
78766,131,114,17,17
78767,194,166,28,28
78768,113,105,8,8
78769,106,102,4,4
78770,88,82,6,6
78771,75,76,-1,1
78772,56,74,-18,18
78773,86,96,-10,10
78774,66,67,-1,1
78775,171,159,12,12
78776,127,118,9,9
78777,110,107,3,3
78778,93,95,-2,2
78779,89,89,0,0
78780,72,83,-11,11
78781,98,90,8,8
78782,77,80,-3,3
78783,93,91,2,2
78784,112,96,16,16
78785,68,70,-2,2
78786,104,110,-6,6
78787,78,78,0,0
78788,69,78,-9,9
78789,48,52,-4,4
78790,65,74,-9,9
78791,109,109,0,0
78792,90,104,-14,14
78793,141,129,12,12
78794,100,103,-3,3
78795,133,132,1,1
78796,110,100,10,10
78797,54,58,-4,4
78798,71,72,-1,1
78799,144,135,9,9
78800,57,72,-15,15
78801,88,89,-1,1
78802,107,99,8,8
78803,128,120,8,8
78804,93,97,-4,4
78805,136,135,1,1
78806,107,93,14,14
78807,151,137,14,14
78808,114,107,7,7
78809,67,68,-1,1
78810,94,94,0,0
78811,90,83,7,7
78812,105,94,11,11
78813,132,116,16,16
78814,90,86,4,4
78815,120,124,-4,4
78816,91,97,-6,6
78817,155,146,9,9
78818,62,66,-4,4
78819,109,100,9,9
78820,100,106,-6,6
78821,160,138,22,22
78822,96,96,0,0
78823,104,107,-3,3
78824,93,92,1,1
78825,72,75,-3,3
78826,59,75,-16,16
78827,74,73,1,1
78828,83,76,7,7
78829,92,83,9,9
78830,100,104,-4,4
78831,87,83,4,4
78832,122,117,5,5
78833,78,77,1,1
78834,79,73,6,6
78835,138,120,18,18
78836,158,147,11,11
78837,75,77,-2,2
78838,100,94,6,6
78839,134,119,15,15
78840,138,149,-11,11
78841,82,91,-9,9
78842,52,55,-3,3
78843,74,78,-4,4
78844,60,62,-2,2
78845,49,51,-2,2
78846,45,48,-3,3
78847,83,80,3,3
78848,55,63,-8,8
78849,74,72,2,2
78850,96,90,6,6
78851,71,76,-5,5
78852,73,74,-1,1
78853,104,112,-8,8
78854,57,58,-1,1
78855,79,82,-3,3
78856,109,106,3,3
78857,65,65,0,0
78858,129,138,-9,9
78859,75,73,2,2
78860,209,175,34,34
78861,102,94,8,8
78862,102,103,-1,1
78863,142,122,20,20
78864,140,114,26,26
78865,44,52,-8,8
78866,102,104,-2,2
78867,89,80,9,9
78868,86,81,5,5
78869,85,85,0,0
78870,88,83,5,5
78871,77,86,-9,9
78872,123,126,-3,3
78873,62,75,-13,13
78874,163,155,8,8
78875,114,112,2,2
78876,55,63,-8,8
78877,112,111,1,1
78878,125,119,6,6
78879,123,118,5,5
78880,96,94,2,2
78881,111,103,8,8
78882,136,118,18,18
78883,75,77,-2,2
78884,134,133,1,1
78885,77,84,-7,7
78886,98,98,0,0
78887,94,89,5,5
78888,77,81,-4,4
78889,83,79,4,4
78890,97,87,10,10
78891,82,82,0,0
78892,126,118,8,8
78893,159,152,7,7
78894,100,105,-5,5
78895,100,114,-14,14
78896,121,115,6,6
78897,117,98,19,19
78898,81,84,-3,3
78899,90,88,2,2
78900,68,68,0,0
78901,110,108,2,2
78902,118,126,-8,8
78903,97,94,3,3
78904,81,77,4,4
78905,105,101,4,4
78906,95,87,8,8
78907,66,88,-22,22
78908,109,108,1,1
78909,141,139,2,2
78910,52,57,-5,5
78911,80,76,4,4
78912,93,89,4,4
78913,76,76,0,0
78914,111,109,2,2
78915,107,100,7,7
78916,132,122,10,10
78917,100,99,1,1
78918,138,123,15,15
78919,122,110,12,12
78920,105,102,3,3
78921,85,85,0,0
78922,96,89,7,7
78923,60,62,-2,2
78924,106,102,4,4
78925,47,67,-20,20
78926,97,94,3,3
78927,36,44,-8,8
78928,111,97,14,14
78929,121,129,-8,8
78930,85,76,9,9
78931,95,89,6,6
78932,78,80,-2,2
78933,113,116,-3,3
78934,72,72,0,0
78935,110,115,-5,5
78936,38,49,-11,11
78937,133,126,7,7
78938,52,81,-29,29
78939,49,57,-8,8
78940,57,61,-4,4
78941,209,157,52,52
78942,93,100,-7,7
78943,62,67,-5,5
78944,51,60,-9,9
78945,82,103,-21,21
78946,77,76,1,1
78947,165,147,18,18
78948,58,63,-5,5
78949,108,101,7,7
78950,43,55,-12,12
78951,83,85,-2,2
78952,92,90,2,2
78953,127,115,12,12
78954,47,54,-7,7
78955,78,77,1,1
78956,62,65,-3,3
78957,136,121,15,15
78958,121,120,1,1
78959,79,83,-4,4
78960,83,91,-8,8
78961,100,102,-2,2
78962,86,97,-11,11
78963,89,92,-3,3
78964,74,70,4,4
78965,133,128,5,5
78966,107,104,3,3
78967,89,83,6,6
78968,72,73,-1,1
78969,78,84,-6,6
78970,52,58,-6,6
78971,94,90,4,4
78972,107,104,3,3
78973,61,62,-1,1
78974,224,188,36,36
78975,75,70,5,5
78976,53,63,-10,10
78977,95,97,-2,2
78978,63,64,-1,1
78979,133,128,5,5
78980,45,49,-4,4
78981,65,66,-1,1
78982,93,88,5,5
78983,68,77,-9,9
78984,86,87,-1,1
78985,116,109,7,7
78986,112,110,2,2
78987,79,75,4,4
78988,83,79,4,4
78989,136,143,-7,7
78990,58,65,-7,7
78991,98,93,5,5
78992,216,208,8,8
78993,135,125,10,10
78994,87,84,3,3
78995,99,94,5,5
78996,85,83,2,2
78997,57,62,-5,5
78998,69,67,2,2
78999,72,74,-2,2
79000,42,49,-7,7
79001,50,55,-5,5
79002,120,111,9,9
79003,43,49,-6,6
79004,58,60,-2,2
79005,64,76,-12,12
79006,47,57,-10,10
79007,118,107,11,11
79008,91,109,-18,18
79009,115,113,2,2
79010,132,125,7,7
79011,124,119,5,5
79012,127,138,-11,11
79013,90,86,4,4
79014,142,141,1,1
79015,72,75,-3,3
79016,91,95,-4,4
79017,93,96,-3,3
79018,159,154,5,5
79019,76,82,-6,6
79020,89,94,-5,5
79021,127,102,25,25
79022,76,79,-3,3
79023,101,92,9,9
79024,95,93,2,2
79025,82,82,0,0
79026,109,106,3,3
79027,108,100,8,8
79028,84,87,-3,3
79029,184,169,15,15
79030,77,77,0,0
79031,92,80,12,12
79032,57,65,-8,8
79033,104,94,10,10
79034,118,117,1,1
79035,111,103,8,8
79036,78,69,9,9
79037,122,111,11,11
79038,72,72,0,0
79039,106,93,13,13
79040,61,63,-2,2
79041,106,105,1,1
79042,122,118,4,4
79043,119,115,4,4
79044,141,120,21,21
79045,114,110,4,4
79046,124,110,14,14
79047,86,79,7,7
79048,43,61,-18,18
79049,177,168,9,9
79050,169,170,-1,1
79051,100,102,-2,2
79052,70,75,-5,5
79053,80,83,-3,3
79054,82,85,-3,3
79055,97,90,7,7
79056,112,101,11,11
79057,122,110,12,12
79058,62,66,-4,4
79059,146,123,23,23
79060,77,86,-9,9
79061,95,98,-3,3
79062,167,147,20,20
79063,62,91,-29,29
79064,112,128,-16,16
79065,56,64,-8,8
79066,126,103,23,23
79067,127,111,16,16
79068,221,194,27,27
79069,180,164,16,16
79070,73,69,4,4
79071,53,61,-8,8
79072,82,91,-9,9
79073,58,62,-4,4
79074,78,76,2,2
79075,130,123,7,7
79076,39,44,-5,5
79077,93,113,-20,20
79078,87,81,6,6
79079,82,77,5,5
79080,130,123,7,7
79081,74,76,-2,2
79082,93,90,3,3
79083,69,78,-9,9
79084,57,62,-5,5
79085,79,76,3,3
79086,120,112,8,8
79087,91,81,10,10
79088,99,107,-8,8
79089,100,93,7,7
79090,93,92,1,1
79091,78,83,-5,5
79092,82,85,-3,3
79093,242,223,19,19
79094,154,146,8,8
79095,63,66,-3,3
79096,52,59,-7,7
79097,106,101,5,5
79098,87,101,-14,14
79099,106,107,-1,1
79100,36,41,-5,5
79101,108,125,-17,17
79102,153,176,-23,23
79103,44,64,-20,20
79104,119,112,7,7
79105,51,58,-7,7
79106,156,138,18,18
79107,114,125,-11,11
79108,123,117,6,6
79109,149,139,10,10
79110,90,84,6,6
79111,67,72,-5,5
79112,179,165,14,14
79113,123,117,6,6
79114,88,89,-1,1
79115,211,191,20,20
79116,149,134,15,15
79117,58,61,-3,3
79118,85,83,2,2
79119,94,90,4,4
79120,125,129,-4,4
79121,50,61,-11,11
79122,78,73,5,5
79123,91,87,4,4
79124,166,156,10,10
79125,89,84,5,5
79126,55,67,-12,12
79127,140,131,9,9
79128,122,120,2,2
79129,92,79,13,13
79130,59,66,-7,7
79131,112,117,-5,5
79132,97,97,0,0
79133,109,109,0,0
79134,121,141,-20,20
79135,75,78,-3,3
79136,80,77,3,3
79137,104,101,3,3
79138,130,128,2,2
79139,148,146,2,2
79140,54,55,-1,1
79141,121,107,14,14
79142,65,83,-18,18
79143,51,63,-12,12
79144,142,118,24,24
79145,40,44,-4,4
79146,58,67,-9,9
79147,92,89,3,3
79148,71,75,-4,4
79149,96,94,2,2
79150,118,107,11,11
79151,54,64,-10,10
79152,91,96,-5,5
79153,70,70,0,0
79154,85,84,1,1
79155,47,58,-11,11
79156,137,131,6,6
79157,88,96,-8,8
79158,73,77,-4,4
79159,99,95,4,4
79160,68,73,-5,5
79161,174,165,9,9
79162,119,122,-3,3
79163,84,83,1,1
79164,103,117,-14,14
79165,174,163,11,11
79166,98,95,3,3
79167,86,79,7,7
79168,101,103,-2,2
79169,88,78,10,10
79170,78,71,7,7
79171,94,89,5,5
79172,131,124,7,7
79173,104,94,10,10
79174,89,94,-5,5
79175,104,117,-13,13
79176,43,54,-11,11
79177,85,85,0,0
79178,66,74,-8,8
79179,108,116,-8,8
79180,89,101,-12,12
79181,54,62,-8,8
79182,75,76,-1,1
79183,85,93,-8,8
79184,94,93,1,1
79185,58,67,-9,9
79186,191,170,21,21
79187,63,64,-1,1
79188,73,70,3,3
79189,92,92,0,0
79190,125,110,15,15
79191,90,93,-3,3
79192,128,124,4,4
79193,38,52,-14,14
79194,84,78,6,6
79195,85,81,4,4
79196,147,137,10,10
79197,54,58,-4,4
79198,78,79,-1,1
79199,117,104,13,13
79200,78,83,-5,5
79201,83,80,3,3
79202,125,148,-23,23
79203,108,105,3,3
79204,94,95,-1,1
79205,45,52,-7,7
79206,120,115,5,5
79207,86,83,3,3
79208,85,85,0,0
79209,50,55,-5,5
79210,89,85,4,4
79211,90,84,6,6
79212,75,76,-1,1
79213,110,110,0,0
79214,82,80,2,2
79215,140,137,3,3
79216,102,103,-1,1
79217,78,82,-4,4
79218,90,91,-1,1
79219,49,57,-8,8
79220,60,64,-4,4
79221,128,139,-11,11
79222,91,94,-3,3
79223,94,92,2,2
79224,101,94,7,7
79225,90,87,3,3
79226,115,107,8,8
79227,111,95,16,16
79228,110,117,-7,7
79229,64,72,-8,8
79230,112,96,16,16
79231,88,94,-6,6
79232,108,95,13,13
79233,100,99,1,1
79234,66,69,-3,3
79235,142,120,22,22
79236,64,69,-5,5
79237,140,129,11,11
79238,124,114,10,10
79239,66,69,-3,3
79240,99,91,8,8
79241,78,74,4,4
79242,103,108,-5,5
79243,121,116,5,5
79244,96,88,8,8
79245,30,40,-10,10
79246,69,67,2,2
79247,97,89,8,8
79248,81,78,3,3
79249,72,73,-1,1
79250,93,85,8,8
79251,84,92,-8,8
79252,84,92,-8,8
79253,98,98,0,0
79254,57,73,-16,16
79255,81,83,-2,2
79256,88,93,-5,5
79257,98,95,3,3
79258,171,155,16,16
79259,76,77,-1,1
79260,126,130,-4,4
79261,90,91,-1,1
79262,91,82,9,9
79263,94,84,10,10
79264,91,83,8,8
79265,122,118,4,4
79266,81,89,-8,8
79267,86,102,-16,16
79268,79,79,0,0
79269,76,87,-11,11
79270,97,103,-6,6
79271,125,144,-19,19
79272,125,125,0,0
79273,62,68,-6,6
79274,63,72,-9,9
79275,81,83,-2,2
79276,115,98,17,17
79277,162,157,5,5
79278,103,97,6,6
79279,64,69,-5,5
79280,153,135,18,18
79281,69,79,-10,10
79282,132,118,14,14
79283,76,73,3,3
79284,63,78,-15,15
79285,65,69,-4,4
79286,89,92,-3,3
79287,165,135,30,30
79288,84,80,4,4
79289,89,82,7,7
79290,130,122,8,8
79291,73,69,4,4
79292,110,117,-7,7
79293,157,137,20,20
79294,82,87,-5,5
79295,100,98,2,2
79296,128,118,10,10
79297,122,115,7,7
79298,102,101,1,1
79299,102,92,10,10
79300,86,77,9,9
79301,124,122,2,2
79302,157,142,15,15
79303,104,100,4,4
79304,94,95,-1,1
79305,59,64,-5,5
79306,103,96,7,7
79307,78,74,4,4
79308,73,78,-5,5
79309,76,79,-3,3
79310,112,123,-11,11
79311,103,111,-8,8
79312,159,128,31,31
79313,42,54,-12,12
79314,83,79,4,4
79315,108,105,3,3
79316,129,116,13,13
79317,129,125,4,4
79318,145,130,15,15
79319,70,73,-3,3
79320,71,70,1,1
79321,60,68,-8,8
79322,100,94,6,6
79323,173,161,12,12
79324,156,140,16,16
79325,101,97,4,4
79326,99,98,1,1
79327,130,123,7,7
79328,68,121,-53,53
79329,138,126,12,12
79330,138,135,3,3
79331,126,123,3,3
79332,74,73,1,1
79333,75,74,1,1
79334,79,78,1,1
79335,67,72,-5,5
79336,80,115,-35,35
79337,86,79,7,7
79338,57,63,-6,6
79339,111,117,-6,6
79340,95,96,-1,1
79341,85,81,4,4
79342,88,85,3,3
79343,72,72,0,0
79344,22,51,-29,29
79345,97,85,12,12
79346,130,114,16,16
79347,55,61,-6,6
79348,95,88,7,7
79349,86,87,-1,1
79350,53,60,-7,7
79351,66,69,-3,3
79352,122,128,-6,6
79353,130,129,1,1
79354,135,129,6,6
79355,47,55,-8,8
79356,65,100,-35,35
79357,46,46,0,0
79358,155,134,21,21
79359,60,67,-7,7
79360,75,80,-5,5
79361,97,90,7,7
79362,142,114,28,28
79363,57,69,-12,12
79364,80,81,-1,1
79365,44,49,-5,5
79366,107,105,2,2
79367,39,62,-23,23
79368,163,158,5,5
79369,152,160,-8,8
79370,119,112,7,7
79371,98,84,14,14
79372,67,78,-11,11
79373,61,63,-2,2
79374,99,100,-1,1
79375,62,68,-6,6
79376,68,68,0,0
79377,72,78,-6,6
79378,83,88,-5,5
79379,103,95,8,8
79380,116,123,-7,7
79381,122,120,2,2
79382,88,94,-6,6
79383,129,117,12,12
79384,86,83,3,3
79385,82,86,-4,4
79386,83,86,-3,3
79387,71,82,-11,11
79388,77,78,-1,1
79389,100,103,-3,3
79390,206,183,23,23
79391,152,165,-13,13
79392,58,61,-3,3
79393,141,135,6,6
79394,96,86,10,10
79395,149,126,23,23
79396,80,74,6,6
79397,48,53,-5,5
79398,75,79,-4,4
79399,95,90,5,5
79400,126,125,1,1
79401,74,74,0,0
79402,95,92,3,3
79403,59,69,-10,10
79404,164,155,9,9
79405,95,92,3,3
79406,46,59,-13,13
79407,88,84,4,4
79408,135,141,-6,6
79409,140,124,16,16
79410,103,101,2,2
79411,69,70,-1,1
79412,144,122,22,22
79413,147,133,14,14
79414,105,110,-5,5
79415,154,123,31,31
79416,77,77,0,0
79417,74,78,-4,4
79418,132,120,12,12
79419,56,64,-8,8
79420,48,57,-9,9
79421,77,77,0,0
79422,20,31,-11,11
79423,94,98,-4,4
79424,66,74,-8,8
79425,72,72,0,0
79426,130,115,15,15
79427,282,227,55,55
79428,139,117,22,22
79429,99,108,-9,9
79430,67,71,-4,4
79431,72,77,-5,5
79432,96,107,-11,11
79433,76,80,-4,4
79434,119,109,10,10
79435,93,85,8,8
79436,61,69,-8,8
79437,79,74,5,5
79438,107,99,8,8
79439,152,153,-1,1
79440,85,78,7,7
79441,62,61,1,1
79442,103,90,13,13
79443,59,62,-3,3
79444,109,111,-2,2
79445,84,93,-9,9
79446,85,82,3,3
79447,77,90,-13,13
79448,182,168,14,14
79449,105,103,2,2
79450,165,158,7,7
79451,101,98,3,3
79452,91,87,4,4
79453,93,92,1,1
79454,105,105,0,0
79455,98,100,-2,2
79456,140,136,4,4
79457,150,137,13,13
79458,168,151,17,17
79459,155,142,13,13
79460,75,69,6,6
79461,56,57,-1,1
79462,41,57,-16,16
79463,84,82,2,2
79464,46,56,-10,10
79465,168,157,11,11
79466,148,134,14,14
79467,92,95,-3,3
79468,93,88,5,5
79469,108,99,9,9
79470,52,60,-8,8
79471,100,95,5,5
79472,77,84,-7,7
79473,95,88,7,7
79474,67,69,-2,2
79475,84,75,9,9
79476,107,102,5,5
79477,80,77,3,3
79478,104,102,2,2
79479,86,85,1,1
79480,90,80,10,10
79481,70,80,-10,10
79482,125,132,-7,7
79483,68,70,-2,2
79484,125,120,5,5
79485,133,129,4,4
79486,77,74,3,3
79487,70,75,-5,5
79488,182,164,18,18
79489,114,99,15,15
79490,114,108,6,6
79491,183,168,15,15
79492,57,67,-10,10
79493,111,109,2,2
79494,49,58,-9,9
79495,58,63,-5,5
79496,97,105,-8,8
79497,141,145,-4,4
79498,133,129,4,4
79499,115,101,14,14
79500,142,130,12,12
79501,53,59,-6,6
79502,69,68,1,1
79503,152,124,28,28
79504,52,58,-6,6
79505,145,139,6,6
79506,90,89,1,1
79507,125,112,13,13
79508,73,67,6,6
79509,72,74,-2,2
79510,69,82,-13,13
79511,146,129,17,17
79512,149,145,4,4
79513,79,80,-1,1
79514,105,112,-7,7
79515,65,66,-1,1
79516,139,121,18,18
79517,123,114,9,9
79518,105,84,21,21
79519,40,50,-10,10
79520,65,69,-4,4
79521,134,124,10,10
79522,123,119,4,4
79523,127,113,14,14
79524,39,73,-34,34
79525,104,112,-8,8
79526,48,56,-8,8
79527,78,85,-7,7
79528,102,96,6,6
79529,72,64,8,8
79530,130,128,2,2
79531,107,105,2,2
79532,90,90,0,0
79533,85,82,3,3
79534,103,101,2,2
79535,118,108,10,10
79536,67,78,-11,11
79537,101,86,15,15
79538,108,105,3,3
79539,134,146,-12,12
79540,83,77,6,6
79541,103,106,-3,3
79542,43,62,-19,19
79543,154,135,19,19
79544,137,133,4,4
79545,133,122,11,11
79546,165,140,25,25
79547,68,74,-6,6
79548,144,139,5,5
79549,112,111,1,1
79550,96,94,2,2
79551,84,77,7,7
79552,131,111,20,20
79553,95,90,5,5
79554,166,151,15,15
79555,56,65,-9,9
79556,112,107,5,5
79557,55,60,-5,5
79558,88,87,1,1
79559,81,77,4,4
79560,79,78,1,1
79561,105,105,0,0
79562,52,58,-6,6
79563,131,123,8,8
79564,101,102,-1,1
79565,98,76,22,22
79566,60,63,-3,3
79567,66,71,-5,5
79568,85,77,8,8
79569,81,79,2,2
79570,117,119,-2,2
79571,61,63,-2,2
79572,74,77,-3,3
79573,64,71,-7,7
79574,61,64,-3,3
79575,106,102,4,4
79576,82,81,1,1
79577,68,87,-19,19
79578,100,101,-1,1
79579,111,91,20,20
79580,73,81,-8,8
79581,110,104,6,6
79582,110,109,1,1
79583,150,141,9,9
79584,119,118,1,1
79585,140,135,5,5
79586,107,99,8,8
79587,31,47,-16,16
79588,111,103,8,8
79589,93,95,-2,2
79590,73,76,-3,3
79591,75,81,-6,6
79592,106,116,-10,10
79593,46,56,-10,10
79594,169,158,11,11
79595,128,118,10,10
79596,189,174,15,15
79597,119,115,4,4
79598,61,60,1,1
79599,109,107,2,2
79600,129,114,15,15
79601,118,117,1,1
79602,91,92,-1,1
79603,95,95,0,0
79604,106,91,15,15
79605,188,170,18,18
79606,78,80,-2,2
79607,59,74,-15,15
79608,66,65,1,1
79609,62,69,-7,7
79610,137,129,8,8
79611,82,83,-1,1
79612,115,113,2,2
79613,102,104,-2,2
79614,50,76,-26,26
79615,119,115,4,4
79616,159,153,6,6
79617,146,138,8,8
79618,62,62,0,0
79619,72,69,3,3
79620,82,81,1,1
79621,64,68,-4,4
79622,74,77,-3,3
79623,104,95,9,9
79624,169,126,43,43
79625,86,89,-3,3
79626,178,176,2,2
79627,83,82,1,1
79628,115,110,5,5
79629,124,121,3,3
79630,123,148,-25,25
79631,90,92,-2,2
79632,51,57,-6,6
79633,99,94,5,5
79634,99,118,-19,19
79635,108,94,14,14
79636,124,108,16,16
79637,144,143,1,1
79638,128,134,-6,6
79639,70,74,-4,4
79640,74,82,-8,8
79641,134,132,2,2
79642,119,121,-2,2
79643,41,50,-9,9
79644,101,104,-3,3
79645,149,134,15,15
79646,121,109,12,12
79647,56,58,-2,2
79648,108,100,8,8
79649,72,78,-6,6
79650,98,91,7,7
79651,67,66,1,1
79652,69,72,-3,3
79653,89,85,4,4
79654,122,127,-5,5
79655,75,78,-3,3
79656,80,84,-4,4
79657,184,174,10,10
79658,80,79,1,1
79659,136,129,7,7
79660,85,85,0,0
79661,86,83,3,3
79662,99,103,-4,4
79663,161,159,2,2
79664,106,109,-3,3
79665,86,87,-1,1
79666,160,147,13,13
79667,140,144,-4,4
79668,157,151,6,6
79669,121,117,4,4
79670,61,70,-9,9
79671,108,105,3,3
79672,110,105,5,5
79673,101,93,8,8
79674,85,86,-1,1
79675,125,118,7,7
79676,67,71,-4,4
79677,64,67,-3,3
79678,47,67,-20,20
79679,111,115,-4,4
79680,45,56,-11,11
79681,79,68,11,11
79682,102,97,5,5
79683,99,83,16,16
79684,121,114,7,7
79685,75,84,-9,9
79686,172,157,15,15
79687,67,74,-7,7
79688,111,100,11,11
79689,119,124,-5,5
79690,134,121,13,13
79691,139,129,10,10
79692,67,71,-4,4
79693,100,111,-11,11
79694,64,70,-6,6
79695,105,103,2,2
79696,106,104,2,2
79697,41,50,-9,9
79698,122,113,9,9
79699,96,98,-2,2
79700,74,77,-3,3
79701,97,92,5,5
79702,106,100,6,6
79703,58,60,-2,2
79704,61,66,-5,5
79705,72,71,1,1
79706,97,97,0,0
79707,104,103,1,1
79708,90,90,0,0
79709,190,170,20,20
79710,113,119,-6,6
79711,72,92,-20,20
79712,102,95,7,7
79713,143,113,30,30
79714,71,72,-1,1
79715,80,86,-6,6
79716,45,51,-6,6
79717,57,65,-8,8
79718,109,105,4,4
79719,80,80,0,0
79720,54,65,-11,11
79721,75,81,-6,6
79722,80,83,-3,3
79723,73,76,-3,3
79724,216,183,33,33
79725,73,79,-6,6
79726,124,117,7,7
79727,160,124,36,36
79728,140,130,10,10
79729,136,124,12,12
79730,68,66,2,2
79731,91,89,2,2
79732,69,65,4,4
79733,93,101,-8,8
79734,103,98,5,5
79735,93,93,0,0
79736,53,60,-7,7
79737,116,109,7,7
79738,57,73,-16,16
79739,89,86,3,3
79740,58,60,-2,2
79741,136,131,5,5
79742,95,96,-1,1
79743,59,69,-10,10
79744,169,149,20,20
79745,105,105,0,0
79746,119,98,21,21
79747,89,88,1,1
79748,132,118,14,14
79749,81,74,7,7
79750,52,51,1,1
79751,139,113,26,26
79752,60,65,-5,5
79753,128,124,4,4
79754,54,58,-4,4
79755,123,120,3,3
79756,99,96,3,3
79757,36,49,-13,13
79758,40,48,-8,8
79759,114,110,4,4
79760,89,80,9,9
79761,68,73,-5,5
79762,96,85,11,11
79763,120,113,7,7
79764,85,84,1,1
79765,67,66,1,1
79766,90,89,1,1
79767,59,63,-4,4
79768,86,79,7,7
79769,187,166,21,21
79770,117,106,11,11
79771,50,64,-14,14
79772,90,86,4,4
79773,92,85,7,7
79774,57,66,-9,9
79775,55,60,-5,5
79776,51,63,-12,12
79777,84,86,-2,2
79778,110,110,0,0
79779,52,71,-19,19
79780,56,70,-14,14
79781,82,82,0,0
79782,141,138,3,3
79783,104,100,4,4
79784,113,115,-2,2
79785,119,107,12,12
79786,124,116,8,8
79787,79,79,0,0
79788,99,93,6,6
79789,133,116,17,17
79790,53,60,-7,7
79791,88,88,0,0
79792,58,62,-4,4
79793,90,93,-3,3
79794,89,96,-7,7
79795,91,99,-8,8
79796,110,105,5,5
79797,77,78,-1,1
79798,71,75,-4,4
79799,77,81,-4,4
79800,115,115,0,0
79801,62,77,-15,15
79802,167,161,6,6
79803,105,108,-3,3
79804,100,96,4,4
79805,100,104,-4,4
79806,111,114,-3,3
79807,92,89,3,3
79808,162,154,8,8
79809,109,109,0,0
79810,164,151,13,13
79811,63,61,2,2
79812,67,73,-6,6
79813,158,155,3,3
79814,82,82,0,0
79815,65,63,2,2
79816,118,106,12,12
79817,87,93,-6,6
79818,159,152,7,7
79819,122,109,13,13
79820,102,101,1,1
79821,63,69,-6,6
79822,94,93,1,1
79823,100,101,-1,1
79824,87,73,14,14
79825,98,91,7,7
79826,79,76,3,3
79827,104,97,7,7
79828,115,104,11,11
79829,118,133,-15,15
79830,82,83,-1,1
79831,130,121,9,9
79832,98,101,-3,3
79833,141,142,-1,1
79834,197,172,25,25
79835,141,139,2,2
79836,91,91,0,0
79837,80,78,2,2
79838,104,93,11,11
79839,171,159,12,12
79840,292,234,58,58
79841,113,114,-1,1
79842,111,103,8,8
79843,116,113,3,3
79844,66,66,0,0
79845,146,140,6,6
79846,62,66,-4,4
79847,105,98,7,7
79848,66,70,-4,4
79849,59,63,-4,4
79850,74,78,-4,4
79851,91,83,8,8
79852,117,110,7,7
79853,101,104,-3,3
79854,167,165,2,2
79855,69,71,-2,2
79856,120,116,4,4
79857,119,109,10,10
79858,130,118,12,12
79859,69,69,0,0
79860,97,101,-4,4
79861,76,79,-3,3
79862,183,167,16,16
79863,65,75,-10,10
79864,155,139,16,16
79865,80,79,1,1
79866,107,108,-1,1
79867,46,66,-20,20
79868,95,88,7,7
79869,72,74,-2,2
79870,74,81,-7,7
79871,73,75,-2,2
79872,66,67,-1,1
79873,76,79,-3,3
79874,75,79,-4,4
79875,36,63,-27,27
79876,82,83,-1,1
79877,150,136,14,14
79878,88,94,-6,6
79879,40,51,-11,11
79880,82,83,-1,1
79881,166,154,12,12
79882,113,108,5,5
79883,120,119,1,1
79884,136,128,8,8
79885,53,64,-11,11
79886,233,210,23,23
79887,78,76,2,2
79888,112,105,7,7
79889,103,111,-8,8
79890,100,93,7,7
79891,86,91,-5,5
79892,69,74,-5,5
79893,109,106,3,3
79894,105,100,5,5
79895,51,86,-35,35
79896,99,109,-10,10
79897,138,142,-4,4
79898,42,91,-49,49
79899,87,82,5,5
79900,141,133,8,8
79901,75,86,-11,11
79902,96,93,3,3
79903,56,60,-4,4
79904,122,111,11,11
79905,65,70,-5,5
79906,113,98,15,15
79907,67,66,1,1
79908,83,82,1,1
79909,91,79,12,12
79910,136,134,2,2
79911,85,80,5,5
79912,66,72,-6,6
79913,79,67,12,12
79914,73,72,1,1
79915,106,101,5,5
79916,76,76,0,0
79917,149,137,12,12
79918,38,54,-16,16
79919,108,99,9,9
79920,91,94,-3,3
79921,105,100,5,5
79922,85,88,-3,3
79923,62,74,-12,12
79924,117,132,-15,15
79925,62,71,-9,9
79926,115,103,12,12
79927,85,73,12,12
79928,150,148,2,2
79929,132,131,1,1
79930,74,79,-5,5
79931,44,67,-23,23
79932,152,148,4,4
79933,142,144,-2,2
79934,106,108,-2,2
79935,97,100,-3,3
79936,97,88,9,9
79937,53,65,-12,12
79938,116,114,2,2
79939,141,134,7,7
79940,109,105,4,4
79941,90,86,4,4
79942,111,109,2,2
79943,186,177,9,9
79944,133,125,8,8
79945,83,78,5,5
79946,69,81,-12,12
79947,73,78,-5,5
79948,154,137,17,17
79949,93,101,-8,8
79950,87,85,2,2
79951,126,129,-3,3
79952,91,93,-2,2
79953,79,79,0,0
79954,82,86,-4,4
79955,112,90,22,22
79956,72,69,3,3
79957,179,170,9,9
79958,67,75,-8,8
79959,61,79,-18,18
79960,134,121,13,13
79961,129,114,15,15
79962,79,77,2,2
79963,95,97,-2,2
79964,147,136,11,11
79965,86,91,-5,5
79966,64,69,-5,5
79967,73,81,-8,8
79968,60,64,-4,4
79969,122,122,0,0
79970,91,97,-6,6
79971,78,90,-12,12
79972,69,78,-9,9
79973,64,84,-20,20
79974,120,111,9,9
79975,101,100,1,1
79976,51,58,-7,7
79977,80,88,-8,8
79978,100,127,-27,27
79979,104,103,1,1
79980,69,79,-10,10
79981,94,93,1,1
79982,110,119,-9,9
79983,157,152,5,5
79984,56,64,-8,8
79985,118,115,3,3
79986,29,30,-1,1
79987,110,133,-23,23
79988,102,96,6,6
79989,78,79,-1,1
79990,116,127,-11,11
79991,129,123,6,6
79992,124,131,-7,7
79993,69,85,-16,16
79994,94,96,-2,2
79995,105,97,8,8
79996,127,138,-11,11
79997,99,97,2,2
79998,106,97,9,9
79999,45,48,-3,3
80000,73,73,0,0
80001,57,58,-1,1
80002,71,71,0,0
80003,84,86,-2,2
80004,91,93,-2,2
80005,93,92,1,1
80006,75,79,-4,4
80007,98,91,7,7
80008,76,75,1,1
80009,87,86,1,1
80010,100,104,-4,4
80011,101,93,8,8
80012,63,76,-13,13
80013,94,86,8,8
80014,58,67,-9,9
80015,77,70,7,7
80016,136,121,15,15
80017,86,90,-4,4
80018,109,99,10,10
80019,77,76,1,1
80020,146,135,11,11
80021,128,122,6,6
80022,164,153,11,11
80023,71,74,-3,3
80024,147,146,1,1
80025,96,91,5,5
80026,65,67,-2,2
80027,95,93,2,2
80028,84,85,-1,1
80029,104,99,5,5
80030,75,78,-3,3
80031,168,158,10,10
80032,200,169,31,31
80033,153,153,0,0
80034,171,165,6,6
80035,111,117,-6,6
80036,65,76,-11,11
80037,85,96,-11,11
80038,98,85,13,13
80039,111,107,4,4
80040,112,107,5,5
80041,113,105,8,8
80042,148,128,20,20
80043,115,110,5,5
80044,63,73,-10,10
80045,95,88,7,7
80046,98,99,-1,1
80047,117,115,2,2
80048,144,132,12,12
80049,115,120,-5,5
80050,124,114,10,10
80051,115,114,1,1
80052,93,96,-3,3
80053,83,86,-3,3
80054,83,83,0,0
80055,106,104,2,2
80056,104,102,2,2
80057,149,160,-11,11
80058,94,98,-4,4
80059,61,66,-5,5
80060,63,76,-13,13
80061,98,98,0,0
80062,70,77,-7,7
80063,96,100,-4,4
80064,89,85,4,4
80065,120,137,-17,17
80066,85,77,8,8
80067,159,130,29,29
80068,144,141,3,3
80069,63,70,-7,7
80070,102,99,3,3
80071,119,105,14,14
80072,106,107,-1,1
80073,88,77,11,11
80074,54,59,-5,5
80075,58,64,-6,6
80076,130,113,17,17
80077,168,149,19,19
80078,73,73,0,0
80079,133,135,-2,2
80080,98,100,-2,2
80081,86,80,6,6
80082,81,84,-3,3
80083,83,83,0,0
80084,59,66,-7,7
80085,43,53,-10,10
80086,80,82,-2,2
80087,73,79,-6,6
80088,86,86,0,0
80089,89,109,-20,20
80090,77,79,-2,2
80091,59,59,0,0
80092,64,94,-30,30
80093,82,77,5,5
80094,47,55,-8,8
80095,99,82,17,17
80096,104,102,2,2
80097,62,70,-8,8
80098,70,77,-7,7
80099,65,70,-5,5
80100,79,78,1,1
80101,86,86,0,0
80102,105,99,6,6
80103,91,94,-3,3
80104,117,104,13,13
80105,43,53,-10,10
80106,171,156,15,15
80107,115,109,6,6
80108,111,111,0,0
80109,73,75,-2,2
80110,118,112,6,6
80111,84,80,4,4
80112,96,98,-2,2
80113,115,113,2,2
80114,172,162,10,10
80115,138,128,10,10
80116,130,118,12,12
80117,142,130,12,12
80118,92,94,-2,2
80119,71,69,2,2
80120,42,50,-8,8
80121,93,87,6,6
80122,116,103,13,13
80123,90,80,10,10
80124,74,78,-4,4
80125,56,65,-9,9
80126,139,120,19,19
80127,76,84,-8,8
80128,97,100,-3,3
80129,88,90,-2,2
80130,70,72,-2,2
80131,148,137,11,11
80132,70,71,-1,1
80133,112,105,7,7
80134,81,71,10,10
80135,52,59,-7,7
80136,95,98,-3,3
80137,80,83,-3,3
80138,46,56,-10,10
80139,50,55,-5,5
80140,129,126,3,3
80141,90,91,-1,1
80142,132,110,22,22
80143,143,132,11,11
80144,130,145,-15,15
80145,147,136,11,11
80146,103,96,7,7
80147,61,60,1,1
80148,88,94,-6,6
80149,158,146,12,12
80150,50,60,-10,10
80151,115,110,5,5
80152,86,90,-4,4
80153,95,90,5,5
80154,135,139,-4,4
80155,84,88,-4,4
80156,116,127,-11,11
80157,31,44,-13,13
80158,86,88,-2,2
80159,87,80,7,7
80160,99,89,10,10
80161,61,69,-8,8
80162,66,67,-1,1
80163,99,97,2,2
80164,83,75,8,8
80165,63,66,-3,3
80166,85,78,7,7
80167,90,91,-1,1
80168,114,105,9,9
80169,77,78,-1,1
80170,74,81,-7,7
80171,85,85,0,0
80172,49,88,-39,39
80173,29,40,-11,11
80174,77,72,5,5
80175,70,74,-4,4
80176,72,79,-7,7
80177,67,85,-18,18
80178,73,75,-2,2
80179,112,98,14,14
80180,153,151,2,2
80181,120,115,5,5
80182,96,94,2,2
80183,104,99,5,5
80184,74,79,-5,5
80185,50,53,-3,3
80186,74,74,0,0
80187,91,86,5,5
80188,100,99,1,1
80189,45,60,-15,15
80190,96,99,-3,3
80191,57,62,-5,5
80192,117,106,11,11
80193,116,110,6,6
80194,117,116,1,1
80195,85,91,-6,6
80196,90,93,-3,3
80197,120,101,19,19
80198,63,75,-12,12
80199,131,142,-11,11
80200,55,63,-8,8
80201,159,157,2,2
80202,95,86,9,9
80203,91,90,1,1
80204,52,56,-4,4
80205,73,70,3,3
80206,107,101,6,6
80207,73,81,-8,8
80208,144,129,15,15
80209,101,103,-2,2
80210,84,79,5,5
80211,72,80,-8,8
80212,100,109,-9,9
80213,57,62,-5,5
80214,89,83,6,6
80215,85,83,2,2
80216,136,133,3,3
80217,104,104,0,0
80218,180,158,22,22
80219,88,85,3,3
80220,81,89,-8,8
80221,98,95,3,3
80222,63,62,1,1
80223,81,92,-11,11
80224,132,140,-8,8
80225,139,135,4,4
80226,156,138,18,18
80227,94,95,-1,1
80228,113,113,0,0
80229,155,167,-12,12
80230,106,95,11,11
80231,71,73,-2,2
80232,98,102,-4,4
80233,48,132,-84,84
80234,54,59,-5,5
80235,86,82,4,4
80236,103,103,0,0
80237,148,135,13,13
80238,73,71,2,2
80239,135,138,-3,3
80240,93,91,2,2
80241,137,136,1,1
80242,82,80,2,2
80243,78,74,4,4
80244,95,97,-2,2
80245,74,75,-1,1
80246,95,94,1,1
80247,64,69,-5,5
80248,100,102,-2,2
80249,95,99,-4,4
80250,28,45,-17,17
80251,38,48,-10,10
80252,92,88,4,4
80253,134,131,3,3
80254,68,74,-6,6
80255,117,108,9,9
80256,118,107,11,11
80257,79,76,3,3
80258,61,67,-6,6
80259,132,117,15,15
80260,98,105,-7,7
80261,70,76,-6,6
80262,117,107,10,10
80263,61,61,0,0
80264,69,73,-4,4
80265,76,70,6,6
80266,56,64,-8,8
80267,108,102,6,6
80268,70,71,-1,1
80269,53,59,-6,6
80270,94,93,1,1
80271,158,151,7,7
80272,146,139,7,7
80273,94,97,-3,3
80274,48,56,-8,8
80275,85,86,-1,1
80276,117,102,15,15
80277,119,104,15,15
80278,72,79,-7,7
80279,103,101,2,2
80280,85,82,3,3
80281,121,106,15,15
80282,66,78,-12,12
80283,177,175,2,2
80284,85,82,3,3
80285,151,152,-1,1
80286,57,60,-3,3
80287,83,72,11,11
80288,68,68,0,0
80289,118,116,2,2
80290,70,70,0,0
80291,30,50,-20,20
80292,94,103,-9,9
80293,68,73,-5,5
80294,153,152,1,1
80295,81,77,4,4
80296,106,102,4,4
80297,93,85,8,8
80298,152,148,4,4
80299,117,114,3,3
80300,121,112,9,9
80301,104,106,-2,2
80302,130,114,16,16
80303,113,106,7,7
80304,108,99,9,9
80305,110,100,10,10
80306,76,87,-11,11
80307,119,113,6,6
80308,79,72,7,7
80309,96,95,1,1
80310,74,91,-17,17
80311,71,69,2,2
80312,79,73,6,6
80313,62,69,-7,7
80314,67,72,-5,5
80315,149,128,21,21
80316,70,75,-5,5
80317,87,85,2,2
80318,302,253,49,49
80319,51,61,-10,10
80320,73,72,1,1
80321,47,54,-7,7
80322,138,122,16,16
80323,155,143,12,12
80324,67,74,-7,7
80325,118,119,-1,1
80326,73,76,-3,3
80327,67,74,-7,7
80328,43,61,-18,18
80329,101,104,-3,3
80330,89,85,4,4
80331,67,72,-5,5
80332,148,144,4,4
80333,131,122,9,9
80334,73,69,4,4
80335,135,142,-7,7
80336,71,79,-8,8
80337,71,72,-1,1
80338,108,94,14,14
80339,131,117,14,14
80340,115,129,-14,14
80341,56,61,-5,5
80342,84,82,2,2
80343,92,96,-4,4
80344,38,45,-7,7
80345,134,117,17,17
80346,75,79,-4,4
80347,124,106,18,18
80348,126,121,5,5
80349,103,114,-11,11
80350,57,58,-1,1
80351,82,92,-10,10
80352,113,110,3,3
80353,103,110,-7,7
80354,119,102,17,17
80355,259,256,3,3
80356,87,84,3,3
80357,180,148,32,32
80358,84,90,-6,6
80359,110,115,-5,5
80360,116,103,13,13
80361,114,111,3,3
80362,124,131,-7,7
80363,92,84,8,8
80364,86,92,-6,6
80365,85,87,-2,2
80366,65,67,-2,2
80367,73,73,0,0
80368,72,75,-3,3
80369,108,107,1,1
80370,47,51,-4,4
80371,96,97,-1,1
80372,66,72,-6,6
80373,70,78,-8,8
80374,134,124,10,10
80375,47,60,-13,13
80376,50,60,-10,10
80377,69,78,-9,9
80378,82,85,-3,3
80379,103,98,5,5
80380,79,78,1,1
80381,82,83,-1,1
80382,77,86,-9,9
80383,77,82,-5,5
80384,99,96,3,3
80385,99,98,1,1
80386,156,159,-3,3
80387,82,76,6,6
80388,123,114,9,9
80389,75,71,4,4
80390,47,57,-10,10
80391,32,41,-9,9
80392,72,77,-5,5
80393,92,91,1,1
80394,128,103,25,25
80395,100,102,-2,2
80396,78,86,-8,8
80397,141,130,11,11
80398,361,284,77,77
80399,142,126,16,16
80400,28,66,-38,38
80401,53,58,-5,5
80402,80,83,-3,3
80403,81,84,-3,3
80404,181,153,28,28
80405,55,64,-9,9
80406,81,79,2,2
80407,58,65,-7,7
80408,28,28,0,0
80409,76,82,-6,6
80410,77,84,-7,7
80411,125,117,8,8
80412,89,99,-10,10
80413,91,91,0,0
80414,103,104,-1,1
80415,97,98,-1,1
80416,90,80,10,10
80417,69,72,-3,3
80418,140,136,4,4
80419,59,59,0,0
80420,140,130,10,10
80421,119,121,-2,2
80422,86,93,-7,7
80423,71,74,-3,3
80424,179,164,15,15
80425,119,99,20,20
80426,115,103,12,12
80427,61,74,-13,13
80428,160,157,3,3
80429,127,126,1,1
80430,186,178,8,8
80431,95,95,0,0
80432,73,81,-8,8
80433,86,83,3,3
80434,64,71,-7,7
80435,164,151,13,13
80436,80,79,1,1
80437,107,119,-12,12
80438,138,125,13,13
80439,95,93,2,2
80440,161,143,18,18
80441,81,77,4,4
80442,118,112,6,6
80443,102,98,4,4
80444,79,79,0,0
80445,83,82,1,1
80446,96,83,13,13
80447,99,99,0,0
80448,101,97,4,4
80449,73,75,-2,2
80450,151,138,13,13
80451,86,93,-7,7
80452,107,99,8,8
80453,102,94,8,8
80454,87,87,0,0
80455,110,101,9,9
80456,75,85,-10,10
80457,68,89,-21,21
80458,88,93,-5,5
80459,84,82,2,2
80460,81,78,3,3
80461,78,80,-2,2
80462,73,75,-2,2
80463,103,94,9,9
80464,175,156,19,19
80465,122,116,6,6
80466,106,101,5,5
80467,53,55,-2,2
80468,120,115,5,5
80469,135,130,5,5
80470,96,93,3,3
80471,69,72,-3,3
80472,86,88,-2,2
80473,94,97,-3,3
80474,46,55,-9,9
80475,93,93,0,0
80476,111,111,0,0
80477,54,62,-8,8
80478,63,63,0,0
80479,59,69,-10,10
80480,61,68,-7,7
80481,68,81,-13,13
80482,140,119,21,21
80483,79,75,4,4
80484,148,150,-2,2
80485,114,110,4,4
80486,77,83,-6,6
80487,95,84,11,11
80488,53,56,-3,3
80489,102,103,-1,1
80490,150,151,-1,1
80491,142,118,24,24
80492,123,123,0,0
80493,85,79,6,6
80494,86,79,7,7
80495,106,96,10,10
80496,123,113,10,10
80497,99,96,3,3
80498,78,73,5,5
80499,74,73,1,1
80500,83,80,3,3
80501,68,97,-29,29
80502,100,104,-4,4
80503,71,66,5,5
80504,85,72,13,13
80505,105,100,5,5
80506,132,124,8,8
80507,109,97,12,12
80508,95,92,3,3
80509,101,97,4,4
80510,49,61,-12,12
80511,37,45,-8,8
80512,80,87,-7,7
80513,66,61,5,5
80514,70,73,-3,3
80515,93,85,8,8
80516,54,64,-10,10
80517,99,102,-3,3
80518,100,96,4,4
80519,143,138,5,5
80520,67,68,-1,1
80521,69,72,-3,3
80522,72,90,-18,18
80523,88,93,-5,5
80524,116,91,25,25
80525,103,102,1,1
80526,129,125,4,4
80527,112,105,7,7
80528,47,53,-6,6
80529,80,78,2,2
80530,87,83,4,4
80531,102,103,-1,1
80532,111,107,4,4
80533,113,113,0,0
80534,85,80,5,5
80535,57,67,-10,10
80536,110,102,8,8
80537,91,91,0,0
80538,127,119,8,8
80539,71,69,2,2
80540,110,100,10,10
80541,143,138,5,5
80542,90,91,-1,1
80543,122,110,12,12
80544,124,111,13,13
80545,53,59,-6,6
80546,77,82,-5,5
80547,35,42,-7,7
80548,63,77,-14,14
80549,115,107,8,8
80550,128,122,6,6
80551,99,98,1,1
80552,90,98,-8,8
80553,80,79,1,1
80554,98,95,3,3
80555,95,93,2,2
80556,138,137,1,1
80557,84,84,0,0
80558,129,131,-2,2
80559,101,90,11,11
80560,109,95,14,14
80561,142,139,3,3
80562,72,61,11,11
80563,110,106,4,4
80564,52,56,-4,4
80565,66,83,-17,17
80566,69,72,-3,3
80567,79,77,2,2
80568,69,74,-5,5
80569,97,95,2,2
80570,96,91,5,5
80571,105,99,6,6
80572,144,135,9,9
80573,129,117,12,12
80574,75,79,-4,4
80575,111,101,10,10
80576,149,137,12,12
80577,110,100,10,10
80578,73,75,-2,2
80579,58,64,-6,6
80580,47,54,-7,7
80581,82,89,-7,7
80582,70,72,-2,2
80583,124,106,18,18
80584,78,79,-1,1
80585,136,123,13,13
80586,147,150,-3,3
80587,84,98,-14,14
80588,121,112,9,9
80589,63,63,0,0
80590,94,92,2,2
80591,125,125,0,0
80592,82,88,-6,6
80593,158,137,21,21
80594,67,73,-6,6
80595,61,71,-10,10
80596,119,113,6,6
80597,65,72,-7,7
80598,86,88,-2,2
80599,98,85,13,13
80600,143,138,5,5
80601,105,102,3,3
80602,113,122,-9,9
80603,77,74,3,3
80604,107,110,-3,3
80605,58,66,-8,8
80606,145,140,5,5
80607,52,72,-20,20
80608,109,99,10,10
80609,71,74,-3,3
80610,64,71,-7,7
80611,129,114,15,15
80612,83,90,-7,7
80613,40,63,-23,23
80614,102,104,-2,2
80615,65,65,0,0
80616,100,88,12,12
80617,131,122,9,9
80618,90,86,4,4
80619,92,96,-4,4
80620,67,79,-12,12
80621,121,115,6,6
80622,126,111,15,15
80623,93,95,-2,2
80624,157,148,9,9
80625,89,87,2,2
80626,53,63,-10,10
80627,96,90,6,6
80628,111,101,10,10
80629,121,112,9,9
80630,67,80,-13,13
80631,59,63,-4,4
80632,88,89,-1,1
80633,71,83,-12,12
80634,57,62,-5,5
80635,118,108,10,10
80636,78,74,4,4
80637,118,110,8,8
80638,85,85,0,0
80639,102,100,2,2
80640,69,76,-7,7
80641,179,173,6,6
80642,94,106,-12,12
80643,100,99,1,1
80644,91,84,7,7
80645,139,145,-6,6
80646,77,82,-5,5
80647,64,68,-4,4
80648,64,67,-3,3
80649,137,133,4,4
80650,113,108,5,5
80651,93,85,8,8
80652,100,103,-3,3
80653,88,86,2,2
80654,87,85,2,2
80655,144,135,9,9
80656,41,57,-16,16
80657,51,62,-11,11
80658,78,77,1,1
80659,72,71,1,1
80660,66,68,-2,2
80661,58,69,-11,11
80662,123,120,3,3
80663,90,84,6,6
80664,56,58,-2,2
80665,98,85,13,13
80666,91,86,5,5
80667,126,113,13,13
80668,68,59,9,9
80669,117,104,13,13
80670,46,55,-9,9
80671,71,76,-5,5
80672,111,103,8,8
80673,89,85,4,4
80674,58,68,-10,10
80675,104,101,3,3
80676,110,101,9,9
80677,101,97,4,4
80678,203,202,1,1
80679,90,93,-3,3
80680,82,79,3,3
80681,133,119,14,14
80682,67,67,0,0
80683,75,77,-2,2
80684,90,85,5,5
80685,91,83,8,8
80686,91,93,-2,2
80687,67,75,-8,8
80688,122,114,8,8
80689,59,65,-6,6
80690,40,45,-5,5
80691,104,96,8,8
80692,118,116,2,2
80693,92,83,9,9
80694,157,160,-3,3
80695,65,70,-5,5
80696,60,67,-7,7
80697,100,94,6,6
80698,31,34,-3,3
80699,94,89,5,5
80700,45,55,-10,10
80701,109,100,9,9
80702,85,74,11,11
80703,86,94,-8,8
80704,185,163,22,22
80705,97,92,5,5
80706,69,63,6,6
80707,194,175,19,19
80708,63,79,-16,16
80709,141,138,3,3
80710,87,75,12,12
80711,131,121,10,10
80712,152,136,16,16
80713,96,92,4,4
80714,111,107,4,4
80715,92,83,9,9
80716,108,99,9,9
80717,83,80,3,3
80718,52,60,-8,8
80719,103,102,1,1
80720,189,168,21,21
80721,80,72,8,8
80722,149,137,12,12
80723,146,134,12,12
80724,66,66,0,0
80725,38,48,-10,10
80726,124,128,-4,4
80727,55,64,-9,9
80728,141,110,31,31
80729,83,109,-26,26
80730,144,143,1,1
80731,127,125,2,2
80732,80,74,6,6
80733,125,115,10,10
80734,115,109,6,6
80735,79,79,0,0
80736,73,75,-2,2
80737,92,76,16,16
80738,84,86,-2,2
80739,103,99,4,4
80740,104,109,-5,5
80741,101,102,-1,1
80742,92,94,-2,2
80743,169,150,19,19
80744,53,57,-4,4
80745,114,101,13,13
80746,138,136,2,2
80747,86,82,4,4
80748,85,84,1,1
80749,147,141,6,6
80750,58,69,-11,11
80751,128,122,6,6
80752,65,71,-6,6
80753,89,85,4,4
80754,95,97,-2,2
80755,84,83,1,1
80756,115,103,12,12
80757,142,130,12,12
80758,120,111,9,9
80759,102,99,3,3
80760,121,138,-17,17
80761,48,59,-11,11
80762,127,101,26,26
80763,76,71,5,5
80764,133,120,13,13
80765,108,101,7,7
80766,67,68,-1,1
80767,33,40,-7,7
80768,148,130,18,18
80769,115,97,18,18
80770,68,97,-29,29
80771,132,141,-9,9
80772,167,149,18,18
80773,145,148,-3,3
80774,126,120,6,6
80775,72,69,3,3
80776,108,113,-5,5
80777,75,81,-6,6
80778,66,76,-10,10
80779,72,71,1,1
80780,99,93,6,6
80781,67,68,-1,1
80782,113,109,4,4
80783,108,98,10,10
80784,94,90,4,4
80785,57,67,-10,10
80786,97,87,10,10
80787,64,70,-6,6
80788,127,125,2,2
80789,90,82,8,8
80790,185,173,12,12
80791,110,97,13,13
80792,59,67,-8,8
80793,119,106,13,13
80794,88,96,-8,8
80795,196,170,26,26
80796,95,97,-2,2
80797,69,79,-10,10
80798,159,161,-2,2
80799,66,87,-21,21
80800,100,89,11,11
80801,90,95,-5,5
80802,71,70,1,1
80803,63,67,-4,4
80804,104,93,11,11
80805,64,73,-9,9
80806,67,77,-10,10
80807,71,77,-6,6
80808,155,142,13,13
80809,89,81,8,8
80810,128,119,9,9
80811,95,97,-2,2
80812,51,57,-6,6
80813,118,110,8,8
80814,102,98,4,4
80815,124,120,4,4
80816,68,73,-5,5
80817,50,56,-6,6
80818,86,91,-5,5
80819,89,90,-1,1
80820,113,100,13,13
80821,126,112,14,14
80822,64,80,-16,16
80823,120,118,2,2
80824,62,67,-5,5
80825,73,88,-15,15
80826,145,138,7,7
80827,63,66,-3,3
80828,80,88,-8,8
80829,82,83,-1,1
80830,41,46,-5,5
80831,93,95,-2,2
80832,107,103,4,4
80833,60,64,-4,4
80834,93,89,4,4
80835,97,95,2,2
80836,90,91,-1,1
80837,111,114,-3,3
80838,57,62,-5,5
80839,75,73,2,2
80840,54,65,-11,11
80841,55,74,-19,19
80842,84,85,-1,1
80843,95,94,1,1
80844,101,90,11,11
80845,91,88,3,3
80846,65,69,-4,4
80847,59,65,-6,6
80848,112,106,6,6
80849,164,157,7,7
80850,61,69,-8,8
80851,75,78,-3,3
80852,149,137,12,12
80853,152,139,13,13
80854,65,70,-5,5
80855,90,88,2,2
80856,96,98,-2,2
80857,105,102,3,3
80858,75,83,-8,8
80859,61,65,-4,4
80860,102,98,4,4
80861,96,89,7,7
80862,96,85,11,11
80863,89,86,3,3
80864,100,98,2,2
80865,96,87,9,9
80866,57,63,-6,6
80867,67,75,-8,8
80868,148,141,7,7
80869,108,102,6,6
80870,50,56,-6,6
80871,151,137,14,14
80872,72,82,-10,10
80873,55,64,-9,9
80874,166,141,25,25
80875,75,80,-5,5
80876,154,131,23,23
80877,71,77,-6,6
80878,77,80,-3,3
80879,72,67,5,5
80880,79,82,-3,3
80881,166,151,15,15
80882,72,77,-5,5
80883,91,88,3,3
80884,80,84,-4,4
80885,111,89,22,22
80886,81,90,-9,9
80887,74,79,-5,5
80888,129,118,11,11
80889,120,109,11,11
80890,79,77,2,2
80891,95,83,12,12
80892,82,85,-3,3
80893,124,109,15,15
80894,73,73,0,0
80895,328,428,-100,100
80896,95,88,7,7
80897,90,86,4,4
80898,105,102,3,3
80899,131,124,7,7
80900,96,92,4,4
80901,64,57,7,7
80902,129,104,25,25
80903,84,78,6,6
80904,126,116,10,10
80905,132,117,15,15
80906,108,106,2,2
80907,74,74,0,0
80908,122,115,7,7
80909,96,104,-8,8
80910,172,172,0,0
80911,150,134,16,16
80912,82,82,0,0
80913,119,118,1,1
80914,42,51,-9,9
80915,125,108,17,17
80916,47,49,-2,2
80917,78,73,5,5
80918,51,60,-9,9
80919,56,66,-10,10
80920,100,105,-5,5
80921,105,99,6,6
80922,241,181,60,60
80923,148,136,12,12
80924,49,55,-6,6
80925,116,109,7,7
80926,45,45,0,0
80927,89,83,6,6
80928,83,88,-5,5
80929,106,105,1,1
80930,84,96,-12,12
80931,82,78,4,4
80932,69,74,-5,5
80933,87,88,-1,1
80934,85,101,-16,16
80935,75,71,4,4
80936,142,139,3,3
80937,84,85,-1,1
80938,112,96,16,16
80939,74,78,-4,4
80940,82,87,-5,5
80941,96,97,-1,1
80942,106,100,6,6
80943,41,56,-15,15
80944,70,69,1,1
80945,62,66,-4,4
80946,108,108,0,0
80947,115,102,13,13
80948,79,77,2,2
80949,101,99,2,2
80950,73,72,1,1
80951,69,74,-5,5
80952,42,49,-7,7
80953,130,123,7,7
80954,74,69,5,5
80955,69,72,-3,3
80956,112,103,9,9
80957,95,97,-2,2
80958,56,61,-5,5
80959,98,103,-5,5
80960,93,96,-3,3
80961,93,89,4,4
80962,99,98,1,1
80963,137,123,14,14
80964,127,125,2,2
80965,82,80,2,2
80966,58,72,-14,14
80967,83,77,6,6
80968,130,117,13,13
80969,99,85,14,14
80970,134,127,7,7
80971,134,121,13,13
80972,73,73,0,0
80973,98,106,-8,8
80974,56,61,-5,5
80975,106,105,1,1
80976,157,145,12,12
80977,70,74,-4,4
80978,105,101,4,4
80979,108,113,-5,5
80980,65,71,-6,6
80981,82,78,4,4
80982,75,77,-2,2
80983,88,91,-3,3
80984,79,82,-3,3
80985,85,92,-7,7
80986,98,93,5,5
80987,70,73,-3,3
80988,132,134,-2,2
80989,121,103,18,18
80990,120,133,-13,13
80991,131,116,15,15
80992,100,99,1,1
80993,103,101,2,2
80994,89,85,4,4
80995,87,88,-1,1
80996,63,71,-8,8
80997,101,94,7,7
80998,80,76,4,4
80999,60,63,-3,3
81000,53,60,-7,7
81001,147,130,17,17
81002,83,84,-1,1
81003,91,92,-1,1
81004,120,108,12,12
81005,79,79,0,0
81006,66,63,3,3
81007,126,101,25,25
81008,155,137,18,18
81009,73,76,-3,3
81010,75,75,0,0
81011,110,108,2,2
81012,87,86,1,1
81013,92,89,3,3
81014,133,134,-1,1
81015,100,93,7,7
81016,89,87,2,2
81017,73,80,-7,7
81018,56,58,-2,2
81019,117,104,13,13
81020,77,65,12,12
81021,58,59,-1,1
81022,132,131,1,1
81023,149,125,24,24
81024,60,61,-1,1
81025,88,83,5,5
81026,118,105,13,13
81027,71,78,-7,7
81028,158,151,7,7
81029,143,124,19,19
81030,63,75,-12,12
81031,49,63,-14,14
81032,111,106,5,5
81033,121,118,3,3
81034,97,88,9,9
81035,116,110,6,6
81036,58,60,-2,2
81037,66,63,3,3
81038,63,64,-1,1
81039,54,54,0,0
81040,83,85,-2,2
81041,66,71,-5,5
81042,48,57,-9,9
81043,69,77,-8,8
81044,39,73,-34,34
81045,158,119,39,39
81046,48,57,-9,9
81047,63,64,-1,1
81048,93,97,-4,4
81049,87,89,-2,2
81050,64,64,0,0
81051,148,114,34,34
81052,58,65,-7,7
81053,51,60,-9,9
81054,53,63,-10,10
81055,138,132,6,6
81056,75,79,-4,4
81057,94,94,0,0
81058,49,62,-13,13
81059,132,137,-5,5
81060,98,93,5,5
81061,97,101,-4,4
81062,100,91,9,9
81063,107,99,8,8
81064,65,66,-1,1
81065,67,71,-4,4
81066,54,60,-6,6
81067,123,120,3,3
81068,133,118,15,15
81069,105,121,-16,16
81070,91,93,-2,2
81071,121,117,4,4
81072,81,90,-9,9
81073,59,69,-10,10
81074,154,133,21,21
81075,85,85,0,0
81076,80,94,-14,14
81077,181,170,11,11
81078,112,104,8,8
81079,80,79,1,1
81080,140,123,17,17
81081,92,79,13,13
81082,87,79,8,8
81083,62,78,-16,16
81084,136,120,16,16
81085,74,73,1,1
81086,74,72,2,2
81087,45,51,-6,6
81088,87,85,2,2
81089,81,78,3,3
81090,37,44,-7,7
81091,73,73,0,0
81092,81,83,-2,2
81093,119,115,4,4
81094,139,136,3,3
81095,106,106,0,0
81096,105,103,2,2
81097,129,124,5,5
81098,97,100,-3,3
81099,94,114,-20,20
81100,89,108,-19,19
81101,84,84,0,0
81102,182,157,25,25
81103,44,54,-10,10
81104,98,91,7,7
81105,83,81,2,2
81106,159,148,11,11
81107,61,65,-4,4
81108,145,124,21,21
81109,113,130,-17,17
81110,74,77,-3,3
81111,44,47,-3,3
81112,70,79,-9,9
81113,87,103,-16,16
81114,156,141,15,15
81115,78,78,0,0
81116,99,91,8,8
81117,120,108,12,12
81118,100,107,-7,7
81119,90,84,6,6
81120,90,94,-4,4
81121,126,124,2,2
81122,59,54,5,5
81123,82,80,2,2
81124,71,81,-10,10
81125,87,84,3,3
81126,72,80,-8,8
81127,112,102,10,10
81128,65,66,-1,1
81129,68,72,-4,4
81130,62,67,-5,5
81131,130,125,5,5
81132,60,61,-1,1
81133,100,104,-4,4
81134,48,58,-10,10
81135,97,96,1,1
81136,85,79,6,6
81137,143,116,27,27
81138,112,109,3,3
81139,70,75,-5,5
81140,107,115,-8,8
81141,103,99,4,4
81142,79,74,5,5
81143,65,64,1,1
81144,74,71,3,3
81145,62,68,-6,6
81146,146,142,4,4
81147,138,130,8,8
81148,109,105,4,4
81149,57,61,-4,4
81150,81,84,-3,3
81151,100,98,2,2
81152,55,64,-9,9
81153,71,76,-5,5
81154,137,122,15,15
81155,173,158,15,15
81156,53,64,-11,11
81157,69,71,-2,2
81158,115,99,16,16
81159,71,78,-7,7
81160,129,121,8,8
81161,142,125,17,17
81162,48,57,-9,9
81163,77,79,-2,2
81164,81,91,-10,10
81165,103,96,7,7
81166,75,76,-1,1
81167,86,80,6,6
81168,105,105,0,0
81169,61,61,0,0
81170,109,100,9,9
81171,98,94,4,4
81172,153,147,6,6
81173,50,62,-12,12
81174,178,157,21,21
81175,85,81,4,4
81176,118,111,7,7
81177,94,83,11,11
81178,116,95,21,21
81179,92,88,4,4
81180,96,93,3,3
81181,44,51,-7,7
81182,96,92,4,4
81183,146,119,27,27
81184,90,79,11,11
81185,86,85,1,1
81186,112,110,2,2
81187,102,108,-6,6
81188,47,53,-6,6
81189,107,96,11,11
81190,52,69,-17,17
81191,122,119,3,3
81192,84,78,6,6
81193,76,77,-1,1
81194,72,76,-4,4
81195,181,163,18,18
81196,71,76,-5,5
81197,92,96,-4,4
81198,152,144,8,8
81199,133,131,2,2
81200,97,99,-2,2
81201,135,131,4,4
81202,75,79,-4,4
81203,99,93,6,6
81204,92,116,-24,24
81205,113,114,-1,1
81206,65,65,0,0
81207,100,103,-3,3
81208,124,120,4,4
81209,82,84,-2,2
81210,111,113,-2,2
81211,101,95,6,6
81212,60,65,-5,5
81213,141,124,17,17
81214,69,73,-4,4
81215,141,136,5,5
81216,111,98,13,13
81217,169,159,10,10
81218,126,118,8,8
81219,75,83,-8,8
81220,120,108,12,12
81221,141,146,-5,5
81222,104,116,-12,12
81223,48,58,-10,10
81224,93,91,2,2
81225,140,130,10,10
81226,97,85,12,12
81227,110,100,10,10
81228,45,49,-4,4
81229,92,94,-2,2
81230,87,78,9,9
81231,90,82,8,8
81232,68,74,-6,6
81233,64,72,-8,8
81234,59,58,1,1
81235,135,126,9,9
81236,52,62,-10,10
81237,121,129,-8,8
81238,78,83,-5,5
81239,97,94,3,3
81240,64,88,-24,24
81241,113,110,3,3
81242,83,84,-1,1
81243,79,76,3,3
81244,77,83,-6,6
81245,56,64,-8,8
81246,156,145,11,11
81247,134,123,11,11
81248,66,71,-5,5
81249,113,111,2,2
81250,89,84,5,5
81251,95,101,-6,6
81252,98,98,0,0
81253,137,140,-3,3
81254,113,103,10,10
81255,173,156,17,17
81256,122,114,8,8
81257,92,88,4,4
81258,142,130,12,12
81259,82,86,-4,4
81260,42,51,-9,9
81261,116,132,-16,16
81262,89,89,0,0
81263,140,135,5,5
81264,130,102,28,28
81265,80,77,3,3
81266,113,112,1,1
81267,60,65,-5,5
81268,143,162,-19,19
81269,86,81,5,5
81270,126,116,10,10
81271,75,72,3,3
81272,120,110,10,10
81273,125,112,13,13
81274,195,174,21,21
81275,71,74,-3,3
81276,131,124,7,7
81277,111,108,3,3
81278,89,97,-8,8
81279,93,90,3,3
81280,80,82,-2,2
81281,80,76,4,4
81282,46,50,-4,4
81283,134,124,10,10
81284,83,80,3,3
81285,145,138,7,7
81286,80,81,-1,1
81287,82,74,8,8
81288,86,77,9,9
81289,62,72,-10,10
81290,46,55,-9,9
81291,112,105,7,7
81292,99,96,3,3
81293,145,125,20,20
81294,166,158,8,8
81295,45,55,-10,10
81296,126,106,20,20
81297,89,86,3,3
81298,99,102,-3,3
81299,77,77,0,0
81300,119,103,16,16
81301,93,108,-15,15
81302,102,105,-3,3
81303,62,66,-4,4
81304,57,60,-3,3
81305,63,70,-7,7
81306,56,63,-7,7
81307,137,132,5,5
81308,101,97,4,4
81309,90,83,7,7
81310,136,126,10,10
81311,70,70,0,0
81312,81,82,-1,1
81313,66,67,-1,1
81314,93,91,2,2
81315,73,72,1,1
81316,90,86,4,4
81317,83,83,0,0
81318,89,83,6,6
81319,103,104,-1,1
81320,105,97,8,8
81321,83,101,-18,18
81322,115,113,2,2
81323,99,99,0,0
81324,85,88,-3,3
81325,73,81,-8,8
81326,80,85,-5,5
81327,49,62,-13,13
81328,80,79,1,1
81329,63,70,-7,7
81330,33,43,-10,10
81331,178,175,3,3
81332,105,124,-19,19
81333,41,60,-19,19
81334,92,96,-4,4
81335,98,91,7,7
81336,71,75,-4,4
81337,30,37,-7,7
81338,62,67,-5,5
81339,126,140,-14,14
81340,102,99,3,3
81341,122,118,4,4
81342,79,80,-1,1
81343,152,141,11,11
81344,159,142,17,17
81345,161,157,4,4
81346,71,66,5,5
81347,84,87,-3,3
81348,118,103,15,15
81349,73,75,-2,2
81350,118,114,4,4
81351,102,88,14,14
81352,69,80,-11,11
81353,101,93,8,8
81354,127,117,10,10
81355,84,78,6,6
81356,40,45,-5,5
81357,70,71,-1,1
81358,135,123,12,12
81359,77,79,-2,2
81360,78,79,-1,1
81361,70,73,-3,3
81362,73,79,-6,6
81363,85,82,3,3
81364,106,99,7,7
81365,151,143,8,8
81366,153,149,4,4
81367,133,115,18,18
81368,121,113,8,8
81369,110,108,2,2
81370,71,81,-10,10
81371,98,95,3,3
81372,126,126,0,0
81373,86,90,-4,4
81374,77,78,-1,1
81375,198,170,28,28
81376,133,126,7,7
81377,124,125,-1,1
81378,90,84,6,6
81379,60,65,-5,5
81380,80,91,-11,11
81381,47,54,-7,7
81382,82,76,6,6
81383,119,95,24,24
81384,66,69,-3,3
81385,136,117,19,19
81386,141,127,14,14
81387,50,65,-15,15
81388,71,79,-8,8
81389,98,94,4,4
81390,121,104,17,17
81391,81,91,-10,10
81392,117,110,7,7
81393,112,109,3,3
81394,94,94,0,0
81395,55,75,-20,20
81396,97,106,-9,9
81397,92,96,-4,4
81398,137,134,3,3
81399,54,61,-7,7
81400,140,135,5,5
81401,138,121,17,17
81402,85,83,2,2
81403,84,90,-6,6
81404,104,101,3,3
81405,113,108,5,5
81406,109,113,-4,4
81407,76,91,-15,15
81408,79,85,-6,6
81409,65,66,-1,1
81410,81,80,1,1
81411,131,112,19,19
81412,204,174,30,30
81413,77,76,1,1
81414,161,134,27,27
81415,97,96,1,1
81416,110,97,13,13
81417,76,77,-1,1
81418,70,70,0,0
81419,122,119,3,3
81420,52,60,-8,8
81421,121,119,2,2
81422,89,88,1,1
81423,99,88,11,11
81424,62,67,-5,5
81425,117,107,10,10
81426,92,96,-4,4
81427,169,158,11,11
81428,122,111,11,11
81429,88,89,-1,1
81430,94,91,3,3
81431,163,131,32,32
81432,72,72,0,0
81433,87,94,-7,7
81434,104,110,-6,6
81435,51,60,-9,9
81436,57,58,-1,1
81437,149,139,10,10
81438,87,87,0,0
81439,109,109,0,0
81440,120,108,12,12
81441,79,76,3,3
81442,129,122,7,7
81443,162,145,17,17
81444,133,127,6,6
81445,82,81,1,1
81446,110,107,3,3
81447,180,156,24,24
81448,104,101,3,3
81449,134,124,10,10
81450,114,103,11,11
81451,130,140,-10,10
81452,94,98,-4,4
81453,182,159,23,23
81454,93,96,-3,3
81455,74,80,-6,6
81456,66,71,-5,5
81457,164,263,-99,99
81458,125,160,-35,35
81459,74,83,-9,9
81460,148,145,3,3
81461,69,72,-3,3
81462,98,93,5,5
81463,71,75,-4,4
81464,107,102,5,5
81465,133,116,17,17
81466,72,71,1,1
81467,68,71,-3,3
81468,97,90,7,7
81469,185,155,30,30
81470,184,168,16,16
81471,106,110,-4,4
81472,143,140,3,3
81473,82,94,-12,12
81474,47,61,-14,14
81475,82,76,6,6
81476,97,84,13,13
81477,58,64,-6,6
81478,115,104,11,11
81479,137,114,23,23
81480,112,108,4,4
81481,101,97,4,4
81482,56,61,-5,5
81483,80,79,1,1
81484,79,81,-2,2
81485,186,159,27,27
81486,79,73,6,6
81487,80,74,6,6
81488,85,79,6,6
81489,123,108,15,15
81490,94,86,8,8
81491,71,84,-13,13
81492,83,86,-3,3
81493,45,54,-9,9
81494,120,139,-19,19
81495,165,155,10,10
81496,73,76,-3,3
81497,87,84,3,3
81498,80,83,-3,3
81499,132,134,-2,2
81500,82,77,5,5
81501,77,76,1,1
81502,62,70,-8,8
81503,74,76,-2,2
81504,87,92,-5,5
81505,142,132,10,10
81506,119,108,11,11
81507,62,67,-5,5
